frame,MLTx,MLTy,MLTz,MLTR1,MLTR2,MLTR3,MLTR4,MLTR5,MLTR6,MLTR7,MLTR8,MLTR9,MLTTVx,MLTTVy,MLTTVz,MLTRVx,MLTRVy,MLTRVz,MLGA,MRTx,MRTy,MRTz,MRTR1,MRTR2,MRTR3,MRTR4,MRTR5,MRTR6,MRTR7,MRTR8,MRTR9,MRTTVx,MRTTVy,MRTTVz,MRTRVx,MRTRVy,MRTRVz,MRGA,SLTx,SLTy,SLTz,SLTR1,SLTR2,SLTR3,SLTR4,SLTR5,SLTR6,SLTR7,SLTR8,SLTR9,SLTTVx,SLTTVy,SLTTVz,SLTRVx,SLTRVy,SLTRVz,SLGA,SRTx,SRTy,SRTz,SRTR1,SRTR2,SRTR3,SRTR4,SRTR5,SRTR6,SRTR7,SRTR8,SRTR9,SRTTVx,SRTTVy,SRTTVz,SRTRVx,SRTRVy,SRTRVz,SRGA
2007,0.164604,-0.006063,0.265121,0.842281,-0.254348,-0.475305,0.214299,-0.651119,0.728074,-0.495713,-0.714791,-0.493324,-0.000922,0.001855,-0.020665,0.004028,-0.19533,0.094447,-1.918224,-0.174223,-0.011293,0.315753,-0.850427,0.328938,0.410566,-0.204921,-0.925799,0.317548,0.48562,0.185512,0.854179,1.4e-05,0.00076,0.000768,0.0,-0.0,-0.0,0.379676,0.0401,0.04844,0.001048,0.849447,-0.358673,0.387029,0.247342,0.918543,0.308381,-0.466111,-0.166225,0.868969,8e-06,0.000504,0.000508,-0.000259,-4.1e-05,0.000476,0.329233,0.084652,0.047634,-0.072434,-0.821673,0.162385,-0.546335,-0.371724,0.573953,0.729656,0.432056,0.802626,-0.41124,-0.000472,0.000688,-0.010652,0.014135,-0.050405,-0.084769,-0.886687
2008,0.164483,-0.006077,0.26472,0.843794,-0.253673,-0.472977,0.212755,-0.651026,0.72861,-0.493799,-0.715117,-0.494769,-0.016077,0.001677,-0.020765,-0.056714,-0.164123,-0.207078,-1.918507,-0.174234,-0.011294,0.315754,-0.850426,0.328919,0.410583,-0.204902,-0.925806,0.31754,0.48563,0.185509,0.854174,0.0,9e-06,1e-05,0.0,-0.0,-0.0,0.379644,0.040095,0.048442,0.00105,0.849445,-0.358661,0.387045,0.247328,0.918548,0.308377,-0.466123,-0.166223,0.868964,-1e-06,-5e-06,-4e-06,3.6e-05,6.2e-05,0.000238,0.328579,0.084598,0.047632,-0.072628,-0.822504,0.16149,-0.54535,-0.371356,0.573767,0.729989,0.43079,0.802939,-0.411955,-0.000472,0.000691,-0.010668,0.123964,-0.188678,-0.018124,-0.88783
2009,0.164232,-0.006069,0.263949,0.849218,-0.244112,-0.468277,0.212344,-0.654114,0.725959,-0.484579,-0.715638,-0.503063,-0.000932,0.001852,-0.020773,-0.040456,-0.282609,0.033339,-1.91854,-0.174233,-0.011308,0.315754,-0.850423,0.328894,0.41061,-0.204861,-0.925811,0.317552,0.485653,0.185529,0.854156,-2.2e-05,-0.001238,-0.001251,-0.001795,0.015119,-0.024466,0.379288,0.040095,0.048437,0.001053,0.849442,-0.358658,0.387056,0.247311,0.918546,0.308396,-0.466138,-0.166242,0.868952,-3e-06,-5e-06,-8e-06,7.3e-05,4.9e-05,0.00013,0.328416,0.084472,0.047631,-0.073012,-0.82402,0.15395,-0.545241,-0.375007,0.573177,0.728585,0.424685,0.804839,-0.414578,-0.000457,0.000905,-0.010406,0.033474,-0.077596,-0.068309,-0.887014
2010,0.163934,-0.00605,0.263155,0.851985,-0.241139,-0.464778,0.20984,-0.656064,0.724927,-0.480793,-0.714864,-0.507774,-0.016185,0.000916,-0.021967,0.018562,0.005414,-0.079111,-1.918772,-0.174232,-0.01131,0.315766,-0.850424,0.328898,0.410605,-0.204852,-0.925805,0.317576,0.485655,0.185554,0.85415,1e-06,4.1e-05,4.1e-05,0.0,-0.0,-0.0,0.37825,0.040096,0.048433,0.001056,0.84944,-0.358649,0.387067,0.24729,0.918546,0.308415,-0.466152,-0.166262,0.86894,-1e-06,2.2e-05,2.2e-05,6.2e-05,2.5e-05,0.00011,0.3276,0.084317,0.047644,-0.073421,-0.825378,0.151399,-0.543899,-0.374675,0.573767,0.728291,0.422334,0.804903,-0.41685,-0.008084,0.000424,-0.011025,-0.030549,-0.043521,-0.101444,-0.884237
2011,0.16379,-0.006058,0.262743,0.853287,-0.238609,-0.463696,0.209042,-0.658173,0.723244,-0.478827,-0.713777,-0.51115,-0.016156,-0.010807,-0.01474,-0.285744,-0.291094,0.08239,-1.918311,-0.174232,-0.011313,0.315778,-0.850412,0.328799,0.410708,-0.204732,-0.925839,0.317556,0.485727,0.185563,0.854107,1e-06,5.7e-05,5.8e-05,-0.012388,0.104334,-0.168854,0.378148,0.040096,0.048432,0.001063,0.84944,-0.358654,0.387063,0.247283,0.918539,0.308439,-0.466156,-0.166287,0.868934,-1e-06,2.7e-05,2.6e-05,6.1e-05,2.4e-05,9.1e-05,0.327436,0.084251,0.047643,-0.073623,-0.825328,0.149645,-0.544461,-0.375204,0.575234,0.726861,0.421963,0.804183,-0.41861,-0.000491,0.000561,-0.010934,-0.446911,0.032272,0.533897,-0.885544
2012,0.163455,-0.00612,0.261938,0.854486,-0.233956,-0.463858,0.209345,-0.662166,0.719501,-0.476547,-0.711627,-0.516254,-0.016228,-0.011266,-0.015473,-0.065481,-0.09511,0.113886,-1.918835,-0.17422,-0.011314,0.31579,-0.850414,0.328821,0.410688,-0.204742,-0.925825,0.317588,0.485719,0.18559,0.854105,0.0,3e-06,3e-06,0.0,-0.0,-0.0,0.37829,0.040102,0.048431,0.001068,0.849434,-0.358574,0.387149,0.247184,0.918569,0.30843,-0.466219,-0.166294,0.868898,-2e-06,-8e-06,-1e-05,5.2e-05,2.5e-05,8e-05,0.326947,0.084083,0.047613,-0.074024,-0.825067,0.145496,-0.545979,-0.376835,0.578306,0.723572,0.42102,0.80274,-0.422314,-0.000519,0.000332,-0.011291,-0.170729,-0.003522,0.133104,-0.887667
2013,0.163131,-0.006251,0.261193,0.856031,-0.229746,-0.463112,0.209821,-0.66438,0.717319,-0.473549,-0.71094,-0.519946,-0.016172,0.001713,-0.021089,0.036746,-0.087958,0.098111,-1.91867,-0.174219,-0.011325,0.315808,-0.850413,0.328814,0.410695,-0.204709,-0.925818,0.31763,0.485735,0.185638,0.854086,0.0,1.1e-05,1.1e-05,0.0,-0.0,-0.0,0.378001,0.040102,0.048426,0.001078,0.849433,-0.358569,0.387156,0.247153,0.918563,0.308473,-0.466236,-0.166341,0.86888,-1e-06,-3e-06,-4e-06,5.1e-05,3.3e-05,6.1e-05,0.326947,0.083915,0.047541,-0.074405,-0.825376,0.141501,-0.546563,-0.378372,0.579874,0.721512,0.419033,0.802323,-0.425074,-0.008069,0.000908,-0.010466,-0.015195,-0.148173,0.063019,-0.888973
2014,0.162745,-0.006385,0.260566,0.85761,-0.225278,-0.462386,0.210386,-0.666755,0.714946,-0.470427,-0.710151,-0.523842,-0.015958,-0.007794,-0.010793,0.002375,-0.089194,0.105046,-1.918265,-0.174217,-0.01135,0.315827,-0.85041,0.328781,0.410729,-0.204635,-0.925816,0.317683,0.485772,0.185705,0.85405,0.0,0.0,0.0,0.0,-0.0,-0.0,0.377596,0.040103,0.048413,0.001087,0.849432,-0.358536,0.38719,0.247081,0.918564,0.308529,-0.466278,-0.166407,0.868845,-4e-06,-4e-06,-7e-06,3.8e-05,2.8e-05,6.4e-05,0.32662,0.083734,0.047477,-0.074715,-0.82553,0.137411,-0.547372,-0.380195,0.581371,0.719345,0.417072,0.80195,-0.427697,-0.000405,0.001659,-0.009515,0.011839,-0.158328,0.116657,-0.890116
2015,0.162572,-0.006455,0.260345,0.857558,-0.222682,-0.463738,0.211689,-0.668905,0.712548,-0.469936,-0.70895,-0.525905,-0.015842,-0.00647,-0.008961,0.002472,-0.08897,0.105216,-1.919068,-0.174216,-0.011352,0.315839,-0.85041,0.328785,0.410724,-0.204627,-0.92581,0.317708,0.485775,0.185731,0.854043,1e-06,3.5e-05,3.5e-05,0.0,-0.0,-0.0,0.378104,0.040104,0.048412,0.001093,0.849432,-0.358541,0.387186,0.247074,0.918558,0.308553,-0.466282,-0.166432,0.868838,-3e-06,1.2e-05,1.1e-05,3.9e-05,1.5e-05,5.9e-05,0.326457,0.083641,0.047438,-0.074831,-0.824799,0.135178,-0.549028,-0.381675,0.583292,0.717002,0.417167,0.800934,-0.429505,-0.0079,0.00287,-0.007768,-0.045329,-0.060461,-0.044968,-0.890606
2016,0.162203,-0.0066,0.260108,0.857621,-0.219402,-0.465182,0.213367,-0.671243,0.709844,-0.46906,-0.707767,-0.528277,-0.015451,-0.002277,-0.003095,-0.000984,0.014715,-0.029553,-1.918722,-0.174203,-0.011346,0.315888,-0.850416,0.328845,0.410664,-0.204653,-0.925772,0.317801,0.485753,0.185813,0.854038,2e-05,0.001105,0.001116,0.0,-0.0,-0.0,0.377749,0.04011,0.048413,0.001115,0.849433,-0.358603,0.387126,0.247104,0.918518,0.308646,-0.466263,-0.166514,0.868833,1.1e-05,0.000716,0.000723,1.7e-05,1.2e-05,4.6e-05,0.32662,0.083456,0.047361,-0.074956,-0.824113,0.131778,-0.550881,-0.383906,0.585147,0.714295,0.416475,0.800148,-0.431638,-0.000138,-0.001452,-0.002036,0.022217,-0.103403,0.152475,-0.891586
2017,0.161849,-0.006667,0.26016,0.857843,-0.218103,-0.465384,0.214108,-0.67159,0.709293,-0.468314,-0.707841,-0.528839,-0.015037,0.001968,0.002866,-0.000984,0.014715,-0.029553,-1.919191,-0.174189,-0.011342,0.315949,-0.850423,0.328908,0.4106,-0.204671,-0.925727,0.317918,0.485734,0.18592,0.854025,1.1e-05,0.000635,0.000641,0.0,0.0,0.0,0.377908,0.040117,0.048417,0.001148,0.849434,-0.358669,0.387061,0.247126,0.918473,0.308763,-0.466249,-0.166621,0.86882,7e-06,0.000451,0.000454,-2e-06,5e-06,2.4e-05,0.326457,0.08328,0.047325,-0.074933,-0.824139,0.130622,-0.551117,-0.384534,0.585373,0.713772,0.415844,0.800172,-0.432201,0.000106,0.001087,0.001533,0.001706,-0.01142,0.022464,-0.892075
2018,0.161717,-0.006684,0.26028,0.857683,-0.216222,-0.466555,0.214724,-0.673883,0.706928,-0.468325,-0.70624,-0.530966,-0.014926,-0.008762,0.011531,-0.036466,0.02996,-0.046298,-1.91882,-0.174187,-0.01137,0.315979,-0.851605,0.327315,0.40942,-0.204374,-0.926494,0.315871,0.483781,0.184919,0.85535,0.000824,-0.011134,0.008139,-0.008876,-0.017217,-0.037407,0.377974,0.040118,0.048409,0.001161,0.850716,-0.357103,0.385693,0.246943,0.91929,0.306469,-0.464006,-0.165474,0.870239,-2e-06,-0.0,0.0,0.014772,-0.022852,-0.023019,0.326457,0.083214,0.047321,-0.074876,-0.823032,0.129489,-0.553036,-0.385789,0.587169,0.711617,0.416872,0.79904,-0.433304,0.000149,0.001519,0.002142,0.004122,0.003254,-0.007429,-0.892565
2019,0.161608,-0.006634,0.260582,0.858019,-0.216947,-0.465599,0.214623,-0.672162,0.708595,-0.467754,-0.707654,-0.529583,0.000452,0.004549,0.006381,0.201024,0.00536,-0.122819,-1.91917,-0.174173,-0.011397,0.316009,-0.851615,0.327407,0.409326,-0.204423,-0.926439,0.316001,0.483743,0.185031,0.855348,0.0,1e-06,1e-06,7e-06,-7e-06,-5e-06,0.377483,0.040125,0.04839,0.001178,0.850657,-0.357188,0.385743,0.246826,0.919198,0.306841,-0.464174,-0.165805,0.870086,-0.0,-1.8e-05,-1.9e-05,-0.001068,0.000921,0.000478,0.326293,0.083154,0.047345,-0.074717,-0.822795,0.129272,-0.553439,-0.38631,0.587035,0.711444,0.416858,0.799173,-0.433071,0.000216,0.002211,0.003102,0.159814,-0.014832,-0.228439,-0.893055
2020,0.161605,-0.006583,0.260725,0.858033,-0.216826,-0.46563,0.214662,-0.672256,0.708494,-0.467711,-0.707602,-0.529692,5.6e-05,0.000559,0.000783,-0.0,-0.0,-0.0,-1.919668,-0.174174,-0.011415,0.315991,-0.851598,0.327259,0.409479,-0.204262,-0.926496,0.315938,0.483841,0.185007,0.855297,-1.7e-05,-0.000955,-0.000964,0.0,-0.0,-0.0,0.378468,0.040125,0.048382,0.00117,0.850643,-0.357051,0.385902,0.246671,0.919255,0.306792,-0.464284,-0.16578,0.870032,-0.000424,0.004958,-0.004684,0.036501,-0.010908,0.018125,0.325967,0.083153,0.04738,-0.074633,-0.823539,0.130107,-0.552135,-0.385574,0.585531,0.713081,0.416069,0.80014,-0.432043,1.9e-05,0.000212,0.000297,0.007514,-0.000198,-0.011405,-0.893708
2021,0.161645,-0.006613,0.260629,0.858016,-0.216914,-0.465621,0.214645,-0.672188,0.708564,-0.467751,-0.70764,-0.529605,-0.000185,-0.001862,-0.00261,-0.0,-0.0,-0.0,-1.919194,-0.174228,-0.011461,0.31595,-0.851581,0.327064,0.409671,-0.204051,-0.926571,0.315855,0.483961,0.184978,0.855236,-3.6e-05,-0.001982,-0.002002,-0.001795,0.015104,-0.024476,0.378218,0.040098,0.048361,0.001151,0.850637,-0.356875,0.386079,0.246482,0.91933,0.306722,-0.464395,-0.165747,0.869979,-0.007225,-0.000708,-8.6e-05,-0.001999,0.015238,-0.029125,0.32613,0.083173,0.047365,-0.07468,-0.823624,0.130173,-0.551993,-0.385449,0.585476,0.713194,0.416018,0.80017,-0.432038,-0.000124,-0.001253,-0.001756,0.000148,-0.000821,-0.003123,-0.893872
2022,0.161651,-0.006634,0.260529,0.857982,-0.217198,-0.46555,0.21449,-0.672067,0.708726,-0.467883,-0.707667,-0.529452,-0.000282,-0.002835,-0.003978,-0.0,-0.0,-0.0,-1.919798,-0.17424,-0.011486,0.315925,-0.851573,0.326986,0.40975,-0.203966,-0.926601,0.315822,0.48401,0.184966,0.85521,-2.1e-05,-0.001141,-0.001153,0.0,-0.0,-0.0,0.377558,0.040092,0.048346,0.001137,0.850632,-0.356784,0.386173,0.246384,0.919368,0.306685,-0.464455,-0.165729,0.86995,-1.5e-05,-0.000843,-0.00085,2.6e-05,4.2e-05,9.7e-05,0.32613,0.083176,0.047355,-0.07473,-0.82374,0.130189,-0.551816,-0.38528,0.585492,0.713272,0.415945,0.800155,-0.432134,-0.000174,-0.001764,-0.002472,0.002445,-0.000661,-0.009001,-0.894361
2023,0.161628,-0.006652,0.260307,0.859353,-0.217075,-0.463072,0.21248,-0.672128,0.709273,-0.466279,-0.707648,-0.530892,-0.000211,-0.002125,-0.002987,-0.014433,-0.033101,-0.025064,-1.919834,-0.17424,-0.011492,0.315919,-0.851571,0.326971,0.409765,-0.20395,-0.926606,0.315815,0.48402,0.184964,0.855205,3e-06,0.000154,0.000155,0.0,-0.0,-0.0,0.378072,0.040092,0.048341,0.001131,0.85063,-0.356772,0.386188,0.246371,0.919374,0.306679,-0.464466,-0.165725,0.869945,3e-06,0.000136,0.000137,2.4e-05,2.4e-05,6.2e-05,0.325804,0.083164,0.047342,-0.074846,-0.824494,0.130462,-0.550623,-0.384456,0.584843,0.714248,0.415211,0.800585,-0.432043,-0.000142,-0.001459,-0.002049,0.005552,0.009711,-0.032443,-0.894851
2024,0.161599,-0.006624,0.260151,0.860773,-0.2165,-0.460698,0.21079,-0.672263,0.709649,-0.464421,-0.707696,-0.532453,-0.00016,-0.001608,-0.002261,-0.006404,-0.014691,-0.011131,-1.920182,-0.174217,-0.011462,0.315961,-0.851582,0.327086,0.40965,-0.204062,-0.926557,0.315887,0.483953,0.185006,0.855234,3.2e-05,0.001793,0.001811,0.001795,-0.015103,0.024476,0.378347,0.040103,0.048353,0.00115,0.850632,-0.356874,0.386089,0.246469,0.919327,0.306741,-0.46441,-0.165765,0.869968,7e-06,0.000416,0.00042,2.5e-05,1.5e-05,4e-05,0.325967,0.083149,0.047356,-0.074925,-0.825149,0.130348,-0.549669,-0.383966,0.584296,0.714959,0.414363,0.801003,-0.432083,-4.4e-05,-0.00046,-0.000647,-0.000137,-0.002085,0.002469,-0.894688
2025,0.161597,-0.006612,0.260114,0.862176,-0.215928,-0.458337,0.209013,-0.67255,0.709903,-0.462616,-0.707599,-0.534151,-8.3e-05,-0.000837,-0.001178,-0.194335,-0.44596,-0.337954,-1.92029,-0.174173,-0.011444,0.31599,-0.852774,0.325644,0.408318,-0.20396,-0.927276,0.313836,0.48189,0.183948,0.856626,2.7e-05,0.001524,0.001539,0.164749,-0.168533,-0.116271,0.377985,0.040125,0.048364,0.001166,0.851462,-0.356032,0.385036,0.246564,0.919794,0.30526,-0.462836,-0.164981,0.870955,1.7e-05,0.000982,0.000991,0.275072,-0.258978,-0.157292,0.32613,0.083148,0.04736,-0.074946,-0.825177,0.130178,-0.549668,-0.383996,0.584389,0.714867,0.41428,0.800963,-0.432237,-4.5e-05,-0.000466,-0.000653,-1.9e-05,-0.000394,-0.000886,-0.894851
2026,0.161609,-0.006577,0.260093,0.862187,-0.215839,-0.458358,0.209125,-0.67249,0.709927,-0.462544,-0.707683,-0.534101,8.5e-05,0.000858,0.001208,-4.2e-05,-9.5e-05,-7.2e-05,-1.920144,-0.174127,-0.011437,0.316037,-0.852783,0.325759,0.408208,-0.204045,-0.927218,0.313952,0.481838,0.184038,0.856636,4e-06,0.000206,0.000208,4.1e-05,-4.2e-05,-2.9e-05,0.377958,0.040148,0.048371,0.001193,0.851859,-0.355577,0.384578,0.246417,0.91999,0.304787,-0.462184,-0.164869,0.871322,1e-06,8.2e-05,8.2e-05,-0.002596,0.002022,0.000789,0.32613,0.083154,0.047376,-0.074959,-0.825639,0.130226,-0.548962,-0.383708,0.58372,0.715568,0.413626,0.801443,-0.431974,5.6e-05,0.000545,0.000767,0.002566,-0.014944,0.025448,-0.895341
2027,0.161612,-0.006586,0.260169,0.862174,-0.21592,-0.458345,0.20901,-0.672571,0.709884,-0.46262,-0.707582,-0.53417,0.00013,0.001305,0.001835,-0.0,-0.0,-0.0,-1.919553,-0.174102,-0.011487,0.316072,-0.852778,0.325729,0.408242,-0.203936,-0.927201,0.314075,0.481894,0.184178,0.856575,-1e-06,-7.5e-05,-7.5e-05,0.0,-0.0,-0.0,0.378195,0.040161,0.048345,0.00121,0.851842,-0.355564,0.384627,0.246314,0.919968,0.304937,-0.462269,-0.16502,0.871249,-2e-06,-5.9e-05,-6.1e-05,3.8e-05,8.6e-05,0.00021,0.32613,0.083156,0.047376,-0.074923,-0.825547,0.130244,-0.549096,-0.383849,0.583656,0.715545,0.413678,0.801487,-0.431842,9.2e-05,0.000936,0.001315,0.004442,-0.013824,0.021587,-0.895831
2028,0.161607,-0.006573,0.260294,0.86219,-0.215771,-0.458384,0.209047,-0.672707,0.709744,-0.462574,-0.707497,-0.534322,0.000185,0.001856,0.002608,-0.0,-0.0,-0.0,-1.919806,-0.17411,-0.011521,0.316097,-0.852772,0.325667,0.408304,-0.203818,-0.927205,0.314138,0.481954,0.184267,0.856522,-0.0,-0.0,-0.0,0.0,-0.0,-0.0,0.378019,0.040157,0.048328,0.001222,0.851838,-0.355507,0.384689,0.246203,0.919975,0.305005,-0.462336,-0.165103,0.871198,-1e-06,-5e-06,-8e-06,7.8e-05,4.4e-05,0.000131,0.32613,0.083153,0.047382,-0.07486,-0.825392,0.130295,-0.549317,-0.384038,0.583614,0.715478,0.413812,0.801509,-0.431672,6.9e-05,0.000707,0.000992,0.000927,0.001037,-0.00112,-0.895668
2029,0.161611,-0.006545,0.260369,0.86219,-0.21576,-0.458389,0.209032,-0.672747,0.709711,-0.462581,-0.707463,-0.534361,0.000254,0.002548,0.003578,-0.0,-0.0,-0.0,-1.919583,-0.17412,-0.011544,0.316104,-0.852767,0.325611,0.408359,-0.203733,-0.927216,0.31416,0.481999,0.184307,0.856487,-2e-06,-0.000127,-0.000128,0.0,-0.0,-0.0,0.378218,0.040152,0.048316,0.001225,0.851836,-0.355452,0.384744,0.246121,0.919989,0.305029,-0.462384,-0.165142,0.871165,-3e-06,-6.7e-05,-6.9e-05,7.2e-05,4.1e-05,0.000119,0.326293,0.083156,0.047392,-0.07482,-0.825314,0.130265,-0.549442,-0.384187,0.583561,0.71544,0.41383,0.801553,-0.431575,0.000151,0.001539,0.002161,0.005975,-0.013014,0.019635,-0.895994
2030,0.161639,-0.006445,0.260633,0.860866,-0.215628,-0.460933,0.211272,-0.67265,0.709139,-0.464028,-0.707595,-0.532929,0.000487,0.004901,0.006867,0.006002,-0.005071,0.032301,-1.919614,-0.17412,-0.011556,0.316091,-0.852764,0.325582,0.40839,-0.2037,-0.927228,0.314148,0.482019,0.184303,0.856477,-1.6e-05,-0.0009,-0.000908,0.0,-0.0,-0.0,0.378715,0.040152,0.048312,0.001221,0.851834,-0.355424,0.384775,0.24609,0.920002,0.305018,-0.462404,-0.165136,0.871155,-1.1e-05,-0.000614,-0.000621,-0.00173,0.015108,-0.024368,0.32662,0.083169,0.047438,-0.074694,-0.824832,0.129903,-0.55025,-0.384895,0.583876,0.714803,0.414133,0.801382,-0.4316,0.000275,0.002805,0.003931,-0.01595,0.005967,0.024628,-0.895668
2031,0.161689,-0.006316,0.261133,0.86007,-0.217686,-0.461453,0.213005,-0.668705,0.712345,-0.464714,-0.710694,-0.528187,0.000881,-0.002909,0.019574,0.169925,0.029394,-0.132125,-1.919264,-0.17412,-0.011569,0.316079,-0.85276,0.325552,0.408421,-0.203668,-0.927239,0.314135,0.482039,0.184298,0.856467,-1.6e-05,-0.000913,-0.000922,0.0,-0.0,-0.0,0.380389,0.040152,0.048306,0.001215,0.851832,-0.355396,0.384805,0.246059,0.920014,0.305006,-0.462424,-0.165129,0.871146,-1.1e-05,-0.000618,-0.000625,-0.001739,0.015123,-0.024399,0.327436,0.083194,0.047504,-0.07445,-0.824844,0.130639,-0.550058,-0.384938,0.582805,0.715653,0.414069,0.802041,-0.430436,0.00048,0.004897,0.006834,0.151949,-0.01542,-0.20656,-0.896158
2032,0.161771,-0.006139,0.261998,0.855119,-0.220345,-0.469324,0.22083,-0.664265,0.714114,-0.470171,-0.714027,-0.51878,0.001462,0.003034,0.027738,0.120548,0.321378,0.322584,-1.919572,-0.17411,-0.011579,0.316053,-0.852757,0.325536,0.408439,-0.203663,-0.92725,0.314106,0.482046,0.18427,0.856469,-0.000835,0.010566,-0.008715,0.036451,-0.010964,0.017956,0.383515,0.040157,0.048299,0.0012,0.851829,-0.355383,0.384824,0.246057,0.920024,0.304976,-0.462431,-0.165099,0.871148,-0.000419,0.005264,-0.004375,0.036477,-0.010939,0.018012,0.329559,0.083234,0.047587,-0.074026,-0.824888,0.131848,-0.549704,-0.385176,0.580659,0.717268,0.413761,0.803399,-0.428194,0.000695,0.001262,0.013521,0.060575,0.035419,-0.001612,-0.896484
2033,0.161834,-0.006078,0.262576,0.851256,-0.226848,-0.473232,0.220627,-0.663556,0.714835,-0.477235,-0.712641,-0.514216,0.001605,-0.007277,0.036878,-0.22261,0.673965,-0.249057,-1.919045,-0.174111,-0.011583,0.316035,-0.852743,0.325414,0.408565,-0.203543,-0.927302,0.314031,0.482122,0.184226,0.856436,-1e-05,-0.000542,-0.000548,0.0,-0.0,-0.0,0.383755,0.040156,0.048297,0.001191,0.851822,-0.355262,0.38495,0.245938,0.920079,0.304905,-0.462506,-0.165051,0.871117,-5e-06,-0.000277,-0.000279,6e-06,1e-05,5.4e-05,0.331192,0.083267,0.047623,-0.073738,-0.824442,0.132339,-0.550255,-0.385841,0.579856,0.71756,0.41403,0.803898,-0.426996,0.000843,0.002838,0.015656,0.023322,0.07949,-0.018736,-0.896648
2034,0.161944,-0.005982,0.264076,0.845065,-0.233468,-0.481045,0.228704,-0.65544,0.719767,-0.48439,-0.717984,-0.499892,0.002169,-0.001355,0.04475,-0.011788,0.093772,0.157994,-1.919106,-0.174122,-0.011608,0.31601,-0.852735,0.325336,0.408644,-0.203458,-0.927331,0.313998,0.482172,0.184214,0.85641,-2.3e-05,-0.001299,-0.001312,-0.001795,0.015094,-0.024482,0.382286,0.040151,0.048286,0.00118,0.851819,-0.355186,0.385029,0.245856,0.920111,0.304875,-0.462557,-0.165037,0.871093,-1e-05,-0.000621,-0.000627,-0.001793,0.015109,-0.024457,0.331192,0.083321,0.047667,-0.072993,-0.82399,0.135867,-0.550071,-0.385708,0.57665,0.720211,0.415051,0.805614,-0.422749,0.001046,-0.000886,0.022102,0.098599,0.110602,-0.057897,-0.897137
2035,0.162042,-0.006052,0.265929,0.841373,-0.23851,-0.485026,0.232443,-0.65054,0.723008,-0.489021,-0.720771,-0.491299,0.002409,0.001316,0.048012,0.017601,0.164286,0.210107,-1.919063,-0.174134,-0.011625,0.31598,-0.852717,0.325166,0.408818,-0.203285,-0.927401,0.313903,0.482277,0.184163,0.856362,-2.6e-05,-0.001438,-0.001453,-0.001795,0.015095,-0.024481,0.384047,0.040145,0.048278,0.001165,0.851811,-0.355031,0.385187,0.245701,0.92018,0.304791,-0.462652,-0.164983,0.871052,-1e-06,-9.8e-05,-0.0001,-2e-06,1.2e-05,5e-06,0.331192,0.083371,0.047634,-0.072063,-0.82298,0.140808,-0.550341,-0.38557,0.573004,0.723188,0.417178,0.807365,-0.41728,0.001173,-0.005338,0.027474,0.087728,0.145953,0.033806,-0.897791
2036,0.162058,-0.006155,0.267036,0.834535,-0.245757,-0.493154,0.239634,-0.644121,0.726399,-0.497207,-0.724084,-0.478032,0.002624,-0.008182,0.058058,0.707838,0.600004,-0.328929,-1.919717,-0.174145,-0.011637,0.315968,-0.852712,0.325118,0.408866,-0.203233,-0.92742,0.313883,0.482307,0.184156,0.856347,-1.2e-05,-0.000662,-0.000669,0.0,-0.0,-0.0,0.384879,0.040139,0.04827,0.001157,0.851809,-0.354968,0.38525,0.245633,0.920207,0.304766,-0.462692,-0.164973,0.871033,-8e-06,-0.000405,-0.000409,7e-06,7e-06,4e-06,0.331682,0.083378,0.047588,-0.071537,-0.821898,0.142902,-0.551417,-0.386254,0.571679,0.723871,0.418676,0.807936,-0.414666,0.001299,0.001986,0.025693,-0.026925,0.128471,0.116816,-0.897138
2037,0.162113,-0.006429,0.269283,0.819866,-0.262771,-0.508739,0.2484,-0.637359,0.729413,-0.516939,-0.724073,-0.45664,0.002678,-0.019229,0.065777,2.152938,0.926538,-1.55703,-1.919394,-0.17418,-0.011665,0.315914,-0.852688,0.324878,0.409108,-0.202998,-0.927521,0.313736,0.48245,0.18407,0.856285,-2.1e-05,-0.001181,-0.001194,0.0,0.0,0.0,0.386229,0.040122,0.048256,0.001131,0.8518,-0.354726,0.385492,0.245397,0.920316,0.304625,-0.462834,-0.164882,0.870975,-1.3e-05,-0.000737,-0.000746,-5e-06,4e-06,9e-06,0.333642,0.083407,0.047457,-0.070388,-0.818593,0.148761,-0.554774,-0.387225,0.570441,0.724329,0.424218,0.807754,-0.409355,0.001317,-0.003596,0.029463,-0.013686,0.214915,0.067898,-0.896811
2038,0.162231,-0.00681,0.271728,0.808006,-0.276597,-0.520256,0.258066,-0.627698,0.734418,-0.530707,-0.727337,-0.435152,0.002907,-0.004706,0.061652,0.778462,0.6949,-0.023126,-1.919724,-0.174204,-0.011702,0.315834,-0.852672,0.324725,0.409262,-0.20287,-0.927594,0.313603,0.482532,0.183973,0.856259,-3.7e-05,-0.002064,-0.002088,-0.001795,0.015098,-0.024479,0.387919,0.04011,0.048238,0.001092,0.851795,-0.354572,0.385646,0.245267,0.920394,0.304496,-0.462913,-0.164782,0.870952,-1.6e-05,-0.001008,-0.00102,-0.001783,0.015098,-0.024468,0.335601,0.083464,0.047266,-0.069191,-0.816079,0.157201,-0.556149,-0.386362,0.567263,0.72728,0.429812,0.808393,-0.402195,0.001403,-0.002521,0.03062,0.064171,0.209659,-0.063499,-0.896811
2039,0.162295,-0.006933,0.272903,0.803405,-0.282797,-0.524034,0.260916,-0.623929,0.736619,-0.536273,-0.728188,-0.426826,0.002949,-0.004116,0.06215,0.046865,0.429522,0.15563,-1.920043,-0.174217,-0.011702,0.315792,-0.851485,0.326245,0.410523,-0.20308,-0.926857,0.31564,0.484539,0.184991,0.854906,-2.5e-05,-0.001362,-0.001378,-0.164466,0.16875,0.116357,0.388443,0.040103,0.048238,0.00107,0.851085,-0.355367,0.38648,0.245292,0.919974,0.305742,-0.464203,-0.165413,0.870146,-0.000427,0.00469,-0.004958,-0.302885,0.319403,0.181518,0.336254,0.083498,0.047198,-0.068577,-0.815124,0.161886,-0.556205,-0.385397,0.565282,0.729331,0.432481,0.808856,-0.398385,0.00141,-0.002366,0.030685,0.124302,0.208772,-0.170116,-0.896811
2040,0.162494,-0.007083,0.275245,0.792417,-0.299444,-0.531465,0.266803,-0.613406,0.743318,-0.549572,-0.730448,-0.405515,0.002833,0.006849,0.053323,-0.005243,0.232657,0.007447,-1.919588,-0.174252,-0.011709,0.315744,-0.846759,0.330978,0.416467,-0.207612,-0.926302,0.314317,0.490866,0.179278,0.852509,-2.4e-05,-0.001334,-0.00135,0.119121,0.558419,0.414557,0.389003,0.040086,0.048235,0.001046,0.846581,-0.359585,0.392424,0.249364,0.919315,0.304427,-0.470229,-0.159866,0.867943,4e-06,-6e-06,-6e-06,0.761406,1.536056,1.168292,0.337724,0.083598,0.047126,-0.067378,-0.813776,0.172393,-0.55502,-0.382105,0.560866,0.734454,0.437907,0.809758,-0.390548,0.001381,0.00344,0.026682,0.103883,0.186199,-0.242246,-0.896811
2041,0.16279,-0.007144,0.277479,0.784319,-0.317187,-0.533181,0.267604,-0.602446,0.751944,-0.560695,-0.732058,-0.386961,0.017628,0.005165,0.050516,0.105899,0.594607,0.062119,-1.919789,-0.174286,-0.011712,0.315715,-0.830627,0.356279,0.427919,-0.237925,-0.921811,0.305922,0.504494,0.151855,0.849876,-1.1e-05,-0.000581,-0.000589,0.009619,0.017,-0.010945,0.394492,0.040069,0.048232,0.001031,0.829083,-0.385339,0.405134,0.279956,0.913313,0.295773,-0.483988,-0.1318,0.865091,-6e-06,-0.00042,-0.000426,0.125729,0.089129,0.040872,0.343439,0.083739,0.047098,-0.0663,-0.814016,0.185942,-0.550275,-0.37542,0.554469,0.742714,0.443212,0.811166,-0.38154,0.001302,0.002745,0.02555,0.058663,0.297511,-0.369439,-0.897464
2042,0.163123,-0.007069,0.279466,0.77967,-0.336088,-0.528398,0.264018,-0.588764,0.763952,-0.568828,-0.734726,-0.369647,0.017464,0.004105,0.048737,0.041032,0.334337,-0.183886,-1.919577,-0.174242,-0.011746,0.315706,-0.819209,0.365026,0.442316,-0.247945,-0.920807,0.300949,0.518167,0.13642,0.844249,0.000812,-0.011755,0.007512,-0.086213,-0.029226,0.194544,0.396966,0.04009,0.048219,0.001023,0.817751,-0.393461,0.420083,0.289544,0.911996,0.290562,-0.497439,-0.115975,0.85971,0.007219,-8.9e-05,-0.000723,-0.066108,0.042496,0.084083,0.348664,0.083907,0.047134,-0.065282,-0.815376,0.205102,-0.541381,-0.364572,0.544515,0.755373,0.449719,0.813286,-0.369211,0.001228,0.002115,0.024537,0.030979,0.333142,-0.365874,-0.89926
2043,0.163351,-0.00703,0.280446,0.778455,-0.341443,-0.526754,0.266474,-0.580086,0.769717,-0.569346,-0.739139,-0.359925,0.017395,0.003752,0.048083,0.096338,0.239903,-0.074549,-1.919603,-0.174221,-0.011776,0.315673,-0.816418,0.365845,0.446777,-0.248436,-0.920874,0.300339,0.522325,0.133756,0.84211,-2.4e-05,-0.001344,-0.001361,-0.041468,-0.049588,0.206631,0.397723,0.040101,0.048201,0.001011,0.815015,-0.394224,0.424659,0.28999,0.912005,0.290087,-0.501652,-0.113278,0.85762,-1.5e-05,-0.00085,-0.000863,-0.044147,0.03999,0.042835,0.350297,0.08402,0.047153,-0.064792,-0.815053,0.213069,-0.538784,-0.363052,0.536896,0.761534,0.451531,0.816299,-0.360244,0.008647,0.001672,0.023788,0.240671,-0.003666,0.112362,-0.901383
2044,0.163858,-0.007083,0.282445,0.774173,-0.356178,-0.523296,0.268027,-0.564531,0.780666,-0.574437,-0.744191,-0.340924,0.017361,-0.00789,0.055105,-0.004135,0.424751,-0.089665,-1.919433,-0.174105,-0.011852,0.315542,-0.810146,0.368595,0.455842,-0.248668,-0.920155,0.302346,0.531902,0.131136,0.836509,-5.1e-05,-0.002861,-0.002901,-0.076922,0.078356,0.053522,0.39599,0.040159,0.048165,0.000947,0.808907,-0.396822,0.433821,0.290336,0.911235,0.292155,-0.511247,-0.110372,0.852316,0.007198,-0.001453,-0.002107,-0.070466,0.06863,0.065772,0.350134,0.084274,0.04713,-0.063798,-0.812459,0.231697,-0.534999,-0.359644,0.523068,0.772692,0.458872,0.820191,-0.341643,0.008633,-0.004123,0.027334,-0.021312,0.466841,0.079745,-0.902036
2045,0.164374,-0.007324,0.284524,0.770391,-0.367455,-0.521077,0.273996,-0.547201,0.790866,-0.5767,-0.751599,-0.320224,0.01719,-0.009212,0.053126,0.137836,0.715563,0.10932,-1.919439,-0.173784,-0.011948,0.315357,-0.799791,0.3686,0.473771,-0.246389,-0.921204,0.301014,0.548393,0.123562,0.826958,0.014388,-0.003679,-0.005006,-0.132998,0.221301,0.08073,0.395376,0.040309,0.048119,0.000858,0.799383,-0.396173,0.4517,0.288007,0.912468,0.290607,-0.527293,-0.102213,0.843512,0.007197,-0.001814,-0.002484,0.114277,0.939252,-0.286688,0.347685,0.084531,0.047015,-0.062776,-0.810919,0.244972,-0.53141,-0.36032,0.506513,0.783334,0.461062,0.826699,-0.322473,0.008548,-0.00477,0.026365,-0.067602,0.294736,-0.012271,-0.910201
2046,0.164617,-0.007521,0.285554,0.769926,-0.368921,-0.520727,0.280921,-0.536789,0.795558,-0.573977,-0.758352,-0.308998,0.017116,-0.009795,0.05226,0.078532,0.472578,0.149725,-1.919298,-0.173536,-0.012001,0.315281,-0.793225,0.370765,0.48303,-0.245976,-0.920667,0.302987,0.558038,0.121066,0.820853,0.014415,-0.00235,-0.003663,-0.287323,0.209327,0.402295,0.397897,0.040438,0.048088,0.000814,0.793212,-0.397586,0.461236,0.287421,0.912201,0.292024,-0.536845,-0.099068,0.837843,0.007205,-0.001474,-0.002142,-0.422763,0.466316,0.27916,0.348174,0.084653,0.046916,-0.062261,-0.809634,0.247887,-0.532017,-0.365995,0.495392,0.787802,0.458844,0.832549,-0.310361,0.008514,-0.005016,0.025992,0.22129,0.724335,0.336045,-0.913793
2047,0.165017,-0.007979,0.287706,0.764374,-0.380942,-0.520251,0.287357,-0.521094,0.803654,-0.578196,-0.763323,-0.288192,0.002309,-0.008708,0.053455,0.013665,0.472824,-0.140806,-1.919286,-0.17281,-0.012054,0.315162,-0.784125,0.371026,0.497472,-0.237205,-0.919831,0.312374,0.574468,0.12648,0.808611,0.028911,-0.000261,-0.002837,-0.135488,0.297342,0.264113,0.408134,0.04079,0.048059,0.000754,0.784448,-0.398151,0.475516,0.278998,0.911307,0.302784,-0.553895,-0.10485,0.825957,0.014451,-0.000291,-0.00161,0.711189,2.315348,-1.021677,0.357809,0.084859,0.046689,-0.06119,-0.804918,0.262347,-0.532241,-0.36993,0.479459,0.795782,0.463959,0.837432,-0.288875,0.008532,-0.004515,0.026424,0.09808,0.61377,-0.080072,-0.928653
2048,0.165361,-0.008532,0.28991,0.754549,-0.404412,-0.516868,0.286143,-0.506099,0.813608,-0.591559,-0.761308,-0.265509,0.002299,-0.008541,0.053336,0.150544,0.661073,-0.07352,-1.919481,-0.171976,-0.012081,0.315044,-0.775812,0.368978,0.511822,-0.223151,-0.919122,0.32458,0.591158,0.137145,0.794724,0.028901,-0.001835,-0.004466,-0.347136,0.406632,0.247348,0.421856,0.041224,0.04805,0.000698,0.776457,-0.395499,0.490604,0.265321,0.911335,0.314757,-0.571592,-0.114228,0.812548,0.014453,-0.000926,-0.002255,-0.391428,0.431589,0.268549,0.373158,0.085032,0.046402,-0.060044,-0.798563,0.288172,-0.528443,-0.365457,0.465463,0.806092,0.478264,0.83684,-0.266387,0.001113,-0.004266,0.026668,0.179373,0.73263,-0.018566,-0.935674
2049,0.165582,-0.0092,0.292176,0.749822,-0.414619,-0.515658,0.295299,-0.487772,0.821492,-0.593063,-0.767737,-0.242659,0.002332,-0.0203,0.06039,0.110182,0.715863,0.030695,-1.919073,-0.171165,-0.012207,0.314797,-0.761717,0.371137,0.53107,-0.221932,-0.919459,0.32446,0.609666,0.128828,0.782032,0.028893,-0.005132,-0.007861,-0.294025,0.18346,0.406524,0.439494,0.041618,0.047992,0.000581,0.763204,-0.396679,0.510063,0.264281,0.911967,0.313801,-0.589639,-0.104694,0.800852,0.007213,-0.002822,-0.003547,-0.489252,0.443671,0.293347,0.396835,0.085142,0.046076,-0.058935,-0.795447,0.299038,-0.527103,-0.371596,0.446401,0.814027,0.478725,0.843386,-0.243968,0.001089,-0.010618,0.02966,0.231325,0.812776,0.331236,-0.939266
2050,0.165656,-0.009599,0.2933,0.745612,-0.423431,-0.5146,0.298675,-0.478025,0.825989,-0.596669,-0.769045,-0.229308,0.002166,-0.022312,0.057943,0.260513,0.937775,0.076364,-1.919143,-0.170787,-0.012318,0.314634,-0.75526,0.366617,0.543292,-0.218925,-0.922339,0.318272,0.618723,0.120986,0.776148,0.014422,-0.006829,-0.008297,-0.120029,0.139458,0.077679,0.441636,0.041813,0.047936,0.000499,0.756692,-0.392591,0.522771,0.261283,0.914588,0.308639,-0.599289,-0.096954,0.794639,0.007216,-0.003482,-0.004231,-0.150355,0.295905,-0.093622,0.405163,0.08518,0.045871,-0.058346,-0.792802,0.308613,-0.525567,-0.372848,0.436561,0.818778,0.482128,0.845087,-0.231041,0.001036,-0.011272,0.028837,0.206291,0.907551,0.036313,-0.942206
2051,0.165735,-0.010535,0.295528,0.746453,-0.425678,-0.511519,0.311713,-0.455521,0.833851,-0.588889,-0.781354,-0.206694,0.001901,-0.025572,0.054018,0.110231,0.585376,0.118037,-1.919222,-0.170047,-0.012722,0.314225,-0.718362,0.382801,0.58087,-0.254486,-0.921636,0.292845,0.648346,0.062075,0.758721,0.014435,-0.01035,-0.011956,1.062269,2.291981,-1.628321,0.441517,0.042178,0.047741,0.000301,0.721306,-0.409009,0.558953,0.296566,0.91168,0.284408,-0.625912,-0.039379,0.778899,0.007668,-0.010766,-0.001955,1.239638,1.387626,0.43154,0.410062,0.085218,0.045426,-0.05727,-0.793693,0.310788,-0.522933,-0.382989,0.412583,0.826495,0.472618,0.856262,-0.208436,0.000915,-0.01271,0.027105,0.199236,0.693774,0.070151,-0.945961
2052,0.165745,-0.011565,0.297533,0.745317,-0.4323,-0.507607,0.321358,-0.434202,0.841528,-0.585124,-0.789797,-0.184058,0.001655,-0.028638,0.050422,0.052031,0.464088,0.008305,-1.919205,-0.169391,-0.013324,0.313662,-0.658777,0.419965,0.624207,-0.325227,-0.90706,0.267215,0.679232,-0.027488,0.733315,0.02898,-0.015913,-0.019129,0.115677,0.822617,-0.168973,0.441592,0.042506,0.047442,2.1e-05,0.661058,-0.442213,0.606176,0.365526,0.895324,0.254529,-0.65528,0.053315,0.753501,0.007228,-0.008695,-0.009655,0.889281,1.480188,0.523036,0.410878,0.085224,0.044902,-0.056245,-0.792637,0.318657,-0.51979,-0.390183,0.389975,0.834071,0.468489,0.86393,-0.184774,0.000786,-0.014352,0.025182,0.118177,0.649316,-0.146217,-0.943185
2053,0.16572,-0.012103,0.298478,0.743813,-0.435681,-0.506923,0.327048,-0.424253,0.844406,-0.58388,-0.793332,-0.172439,0.001545,-0.030017,0.048828,0.045444,0.395553,0.012058,-1.919065,-0.169095,-0.013727,0.313261,-0.616902,0.440501,0.652213,-0.368586,-0.893831,0.255233,0.696165,-0.083482,0.712916,0.029016,-0.019256,-0.022679,1.329422,2.033143,0.432868,0.441284,0.042653,0.047243,-0.000177,0.620295,-0.46078,0.634755,0.406671,0.88092,0.242068,-0.670709,0.107983,0.733817,0.007398,-0.009844,-0.011265,5.188268,4.949654,2.843033,0.410715,0.085211,0.044634,-0.055773,-0.791391,0.322494,-0.519322,-0.394624,0.379295,0.836903,0.466872,0.867255,-0.172907,-0.006673,-0.015012,0.024549,0.096631,0.473573,-0.138647,-0.949227
2054,0.165665,-0.013144,0.300281,0.741234,-0.448725,-0.499263,0.332086,-0.401303,0.853608,-0.584313,-0.797969,-0.147817,0.001405,-0.019322,0.040149,0.04172,0.364502,-0.035839,-1.919654,-0.168387,-0.014533,0.31234,-0.507524,0.479161,0.716111,-0.465848,-0.85169,0.239881,0.725475,-0.212438,0.654537,0.014546,-0.021068,-0.023415,0.596029,2.85455,0.177326,0.441869,0.043013,0.046834,-0.000645,0.513187,-0.495437,0.700842,0.502877,0.835294,0.222254,-0.695523,0.23838,0.677806,0.014648,-0.010001,-0.012227,4.445451,5.07711,1.533984,0.411205,0.085184,0.044106,-0.054872,-0.790695,0.336078,-0.511715,-0.396363,0.355998,0.846262,0.46658,0.871961,-0.148277,0.000693,-0.015558,0.023773,0.023734,0.522327,-0.249236,-0.950044
2055,0.165624,-0.014127,0.301884,0.739933,-0.46336,-0.487691,0.330963,-0.380474,0.863525,-0.586597,-0.799787,-0.127557,0.001218,-0.021677,0.03747,0.424717,0.526254,-0.924321,-1.919052,-0.167553,-0.015369,0.311396,-0.38317,0.48294,0.787363,-0.541519,-0.807949,0.232182,0.748751,-0.337993,0.570084,0.014631,-0.021781,-0.024395,-1.183454,2.538684,-0.172017,0.459009,0.043429,0.046415,-0.001118,0.390432,-0.495196,0.776107,0.578289,0.787864,0.21178,-0.71634,0.366129,0.593974,0.014618,-0.01126,-0.013233,-0.881901,2.558892,0.017537,0.418553,0.085163,0.043615,-0.054069,-0.791293,0.350535,-0.500978,-0.392793,0.336489,0.855855,0.468581,0.874013,-0.128574,-0.006814,-0.011078,0.018662,1.469044,0.81661,-2.390892,-0.957392
2056,0.165708,-0.014916,0.303161,0.737453,-0.477697,-0.477508,0.328348,-0.364324,0.871451,-0.591175,-0.798855,-0.111221,0.000946,-0.025162,0.033571,0.393949,0.387677,-0.8174,-1.919009,-0.166476,-0.01599,0.310361,-0.284813,0.499292,0.818279,-0.576696,-0.771049,0.269887,0.766032,-0.395637,0.506487,0.043095,-0.005725,-0.030383,2.919335,1.828201,4.731418,0.482476,0.043973,0.046089,-0.001651,0.290731,-0.506482,0.811757,0.610931,0.751207,0.249899,-0.736368,0.423275,0.527825,0.021528,-0.002758,-0.015062,3.001396,1.729772,4.637355,0.449578,0.085205,0.043224,-0.053427,-0.790971,0.365366,-0.490785,-0.387872,0.320936,0.864033,0.473199,0.873788,-0.112136,0.000433,-0.007,0.012786,1.440945,0.731596,-2.39792,-0.956412
2057,0.165822,-0.015193,0.303635,0.735101,-0.486513,-0.472204,0.326742,-0.356109,0.875442,-0.594985,-0.797227,-0.102218,0.000792,-0.014697,0.024677,0.117161,0.269369,0.078144,-1.918982,-0.165768,-0.016061,0.309794,-0.239433,0.51303,0.824296,-0.595416,-0.748116,0.292807,0.767177,-0.421314,0.483525,0.043138,-0.002309,-0.026843,3.395279,1.467507,4.80408,0.488793,0.044301,0.046048,-0.001916,0.248218,-0.517002,0.819204,0.62666,0.730581,0.271195,-0.738704,0.446047,0.505328,0.021582,-0.000858,-0.013105,0.624899,1.336365,1.29112,0.463784,0.085262,0.043086,-0.053196,-0.790911,0.374066,-0.484286,-0.383953,0.312881,0.868726,0.476485,0.873029,-0.103838,0.00777,-0.007659,0.011867,0.697249,0.674811,-0.618433,-0.957718
2058,0.166124,-0.01562,0.304385,0.735703,-0.499401,-0.457587,0.318934,-0.340639,0.884431,-0.598473,-0.796003,-0.090758,0.015389,-0.017742,0.02103,-0.062283,0.124913,-0.191584,-1.918775,-0.164084,-0.015689,0.308767,-0.181564,0.522472,0.833096,-0.612239,-0.722937,0.320093,0.769732,-0.45257,0.450062,0.043116,0.006599,-0.017435,0.05871,0.985862,0.43966,0.499629,0.045137,0.04622,-0.002442,0.187548,-0.526918,0.828964,0.646523,0.701572,0.299671,-0.739481,0.479742,0.472243,0.028941,0.003536,-0.009454,4.17345,2.753225,2.799417,0.481583,0.085408,0.04287,-0.05281,-0.792857,0.387711,-0.470166,-0.374624,0.298431,0.877835,0.480659,0.872134,-0.091367,0.000257,-0.002699,0.007235,-0.018101,0.106503,-0.225324,-0.958045
2059,0.166452,-0.016005,0.304935,0.738861,-0.51269,-0.437355,0.308095,-0.320273,0.895809,-0.600265,-0.795993,-0.07813,0.015161,-0.008242,0.011066,1.422064,0.508438,-2.283202,-1.918883,-0.162429,-0.015271,0.30791,-0.148385,0.523939,0.838726,-0.619747,-0.710097,0.33408,0.770789,-0.470861,0.428996,0.027507,0.014892,-0.027207,-0.191277,0.529324,0.209055,0.506582,0.045987,0.046446,-0.002862,0.153443,-0.52705,0.835866,0.655088,0.687546,0.313271,-0.739806,0.499497,0.450763,0.021603,0.002146,-0.010033,-0.312647,0.567363,0.483132,0.494646,0.085571,0.042672,-0.052533,-0.797614,0.399395,-0.45199,-0.362111,0.282218,0.888385,0.482376,0.872259,-0.080476,0.000228,-0.009428,0.010027,-0.083398,0.112329,-0.166583,-0.956902
2060,0.166602,-0.01621,0.305166,0.740342,-0.519403,-0.426801,0.30241,-0.309768,0.901423,-0.601333,-0.79579,-0.071724,0.015214,-0.02022,0.018289,1.379838,0.607503,-2.447501,-1.919134,-0.161717,-0.015232,0.307499,-0.139842,0.524702,0.839716,-0.622965,-0.705716,0.337362,0.769779,-0.476573,0.424477,0.04322,0.003065,-0.021415,-0.056334,0.21734,0.0154,0.507592,0.046337,0.046472,-0.003067,0.143855,-0.527434,0.837328,0.65794,0.68301,0.317192,-0.739202,0.505282,0.445275,0.014294,0.000714,-0.010846,-0.029117,0.098331,0.135554,0.498238,0.085646,0.042573,-0.052421,-0.800183,0.405799,-0.441626,-0.355194,0.272682,0.894137,0.483263,0.872337,-0.074058,9.8e-05,-0.00488,0.004826,-0.043629,0.008355,-0.004451,-0.956575
2061,0.166841,-0.016731,0.305552,0.737729,-0.537857,-0.408059,0.28702,-0.29728,0.910613,-0.612005,-0.788243,-0.064422,0.000107,-0.011276,0.008004,-0.586605,1.672582,-0.50032,-1.918953,-0.160641,-0.015358,0.306747,-0.137227,0.522838,0.841309,-0.622541,-0.706077,0.337389,0.770589,-0.478085,0.421296,0.013934,-8.5e-05,-0.021853,0.034658,0.005431,-0.000962,0.507677,0.046885,0.046411,-0.003442,0.142075,-0.525422,0.838895,0.657638,0.683517,0.316727,-0.739815,0.506691,0.442648,0.014828,-0.004934,-0.006931,0.003058,-0.025933,0.025735,0.501341,0.085771,0.04231,-0.052224,-0.801808,0.424061,-0.421038,-0.337617,0.259885,0.904695,0.493068,0.867543,-0.065208,0.007692,-0.011459,0.007426,-1.85329,5.204195,-1.114495,-0.957392
2062,0.167054,-0.017271,0.305858,0.73967,-0.549893,-0.38801,0.272023,-0.28313,0.919681,-0.616504,-0.785129,-0.05935,0.014837,-0.012988,0.005832,-0.079426,-0.069859,-0.084839,-1.918191,-0.15993,-0.01557,0.306121,-0.131547,0.516165,0.846321,-0.626499,-0.704834,0.332629,0.768361,-0.487089,0.415005,0.013929,0.001473,-0.020228,-0.172835,0.387371,0.252735,0.506263,0.047241,0.046302,-0.00376,0.139241,-0.518531,0.843645,0.661906,0.682398,0.310178,-0.73654,0.515225,0.438236,0.000126,-0.004834,-0.005288,-0.248862,0.46006,0.278288,0.500851,0.085872,0.042044,-0.052074,-0.804831,0.437544,-0.400999,-0.320357,0.248498,0.914122,0.499616,0.864178,-0.059828,3.3e-05,-0.005792,0.003829,0.012287,0.034707,-0.478635,-0.953309
