frame,MLTx,MLTy,MLTz,MLTR1,MLTR2,MLTR3,MLTR4,MLTR5,MLTR6,MLTR7,MLTR8,MLTR9,MLTTVx,MLTTVy,MLTTVz,MLTRVx,MLTRVy,MLTRVz,MLGA,MRTx,MRTy,MRTz,MRTR1,MRTR2,MRTR3,MRTR4,MRTR5,MRTR6,MRTR7,MRTR8,MRTR9,MRTTVx,MRTTVy,MRTTVz,MRTRVx,MRTRVy,MRTRVz,MRGA,SLTx,SLTy,SLTz,SLTR1,SLTR2,SLTR3,SLTR4,SLTR5,SLTR6,SLTR7,SLTR8,SLTR9,SLTTVx,SLTTVy,SLTTVz,SLTRVx,SLTRVy,SLTRVz,SLGA,SRTx,SRTy,SRTz,SRTR1,SRTR2,SRTR3,SRTR4,SRTR5,SRTR6,SRTR7,SRTR8,SRTR9,SRTTVx,SRTTVy,SRTTVz,SRTRVx,SRTRVy,SRTRVz,SRGA
523,0.068228,-0.004164,0.43511,-0.316871,-0.035954,-0.947811,-0.260842,-0.957439,0.123468,-0.911521,0.286391,0.295188,0.0,0.0,0.0,0.05399,0.21488,0.068867,-1.912231,-0.073493,-0.020274,0.416045,-0.099572,0.092111,0.990754,-0.477703,0.869007,-0.128687,-0.872663,-0.486216,-0.043778,-0.016436,0.011481,-0.007284,0.094033,-0.685616,0.423131,0.318058,0.042963,0.033729,-0.000692,0.069998,-0.089955,0.993482,0.407203,-0.906594,-0.110779,0.91065,0.412304,-0.02683,-0.001048,0.003617,0.002471,0.07658,-1.404478,2.251235,0.245301,0.080126,0.02842,-0.044824,-0.358104,-0.036347,-0.932973,-0.238904,-0.96241,0.129193,-0.902599,0.269156,0.335959,0.006264,-0.001711,-0.001062,0.075913,0.280602,0.124012,-0.804388
524,0.068362,-0.004161,0.435098,-0.32341,-0.030765,-0.945783,-0.25989,-0.958141,0.11998,-0.909487,0.284635,0.303056,0.000597,0.001635,0.000923,0.045713,0.044069,0.252587,-1.912703,-0.07387,-0.019963,0.416161,-0.076671,0.104793,0.99153,-0.48533,0.864752,-0.128807,-0.870792,-0.491228,-0.016695,-0.004113,0.017742,-0.004494,0.081302,-0.460279,-0.309165,0.329524,0.04277,0.033881,-0.000635,0.045913,-0.099664,0.993961,0.415196,-0.903089,-0.109731,0.908572,0.417727,-8.3e-05,-0.007869,0.002889,0.002675,0.016461,-0.514309,-0.6096,0.250527,0.080191,0.028418,-0.044832,-0.365221,-0.03108,-0.930401,-0.237961,-0.963121,0.125582,-0.899993,0.267264,0.344356,0.006308,-0.001585,-0.000993,0.034398,0.11681,0.071652,-0.805532
525,0.068486,-0.004193,0.43509,-0.330065,-0.02358,-0.943688,-0.2647,-0.95726,0.116445,-0.905695,0.288252,0.310893,0.012574,-0.003288,-0.002048,0.007838,0.012671,0.038332,-1.912186,-0.074328,-0.019608,0.416216,-0.056584,0.110262,0.992286,-0.4844,0.866014,-0.123737,-0.872869,-0.487804,0.003154,-0.015505,0.005088,0.004838,0.013486,-0.155051,-0.187455,0.344554,0.042544,0.034067,-0.000608,0.02477,-0.104074,0.99426,0.413823,-0.904285,-0.104966,0.910019,0.414048,0.020669,-0.007727,0.002454,0.002367,0.00943,-0.11449,-0.191354,0.273224,0.08025,0.028407,-0.044833,-0.371945,-0.023807,-0.927949,-0.242967,-0.962322,0.122077,-0.895892,0.270867,0.352147,1.6e-05,3.7e-05,2.1e-05,-0.005896,-0.025383,-0.008046,-0.814349
526,0.068571,-0.004216,0.435075,-0.332254,-0.021907,-0.94296,-0.264393,-0.957478,0.115347,-0.904982,0.287658,0.313509,0.0,1e-06,1e-06,-0.008831,0.085492,-0.180878,-1.912307,-0.074557,-0.019462,0.416285,-0.044697,0.111392,0.992766,-0.484334,0.866722,-0.11894,-0.873609,-0.486288,0.013956,-0.01565,0.005648,0.005204,-0.01943,-0.480183,0.497992,0.351201,0.04243,0.034139,-0.000574,0.013758,-0.104515,0.994428,0.413599,-0.904859,-0.100824,0.910354,0.412682,0.030779,-0.001271,0.004427,0.002987,-0.111873,-1.151971,2.328929,0.280409,0.080297,0.028394,-0.044841,-0.373989,-0.022246,-0.927166,-0.242721,-0.96252,0.121,-0.895108,0.270295,0.354573,-4e-06,-1.5e-05,-1e-05,-0.019058,0.043187,-0.194511,-0.818431
527,0.068756,-0.004236,0.435038,-0.334444,-0.016043,-0.942303,-0.27545,-0.954522,0.113958,-0.900867,0.297685,0.31599,0.012881,-0.00244,-0.00157,0.001191,-0.013887,0.029819,-1.911944,-0.074951,-0.019167,0.416428,-0.027876,0.113655,0.993125,-0.499528,0.858962,-0.112206,-0.865737,-0.499365,0.031573,-0.003869,0.016991,-0.005045,-1.596558,0.050686,-0.253742,0.377655,0.042234,0.034282,-0.000499,-0.004537,-0.104965,0.994465,0.424019,-0.90085,-0.09315,0.905641,0.42125,0.048594,-0.007617,0.002116,0.002126,0.019972,-0.156087,-0.280758,0.308658,0.080384,0.028383,-0.044861,-0.376018,-0.016601,-0.926463,-0.253921,-0.959719,0.120254,-0.891142,0.280466,0.356656,0.000537,0.005075,-0.004931,0.033032,-0.027488,0.012867,-0.816962
528,0.068907,-0.004263,0.434997,-0.336632,-0.014446,-0.941549,-0.275085,-0.954748,0.112943,-0.900161,0.297039,0.318599,0.012543,-0.003367,-0.002094,0.00153,-0.012529,0.030254,-1.912436,-0.075465,-0.018808,0.41638,-0.013426,0.11502,0.993268,-0.509283,0.854048,-0.105667,-0.860399,-0.507418,0.045854,-0.01663,0.012557,-0.006631,0.047799,-0.139015,-0.055594,0.377876,0.041969,0.034472,-0.000523,-0.018381,-0.105235,0.994277,0.439312,-0.894158,-0.086517,0.898146,0.435208,0.062666,-0.008324,0.006307,-0.003285,0.051596,-0.076299,-0.046022,0.324171,0.080461,0.028372,-0.04488,-0.378234,-0.015024,-0.925587,-0.253573,-0.959943,0.119202,-0.890302,0.27979,0.359274,-2e-06,-9e-06,-6e-06,-0.003196,-0.014375,-0.004721,-0.812553
529,0.06901,-0.004298,0.434987,-0.338931,-0.010837,-0.940773,-0.280434,-0.953307,0.111956,-0.897643,0.301778,0.321239,0.012544,-0.003365,-0.002093,0.006303,0.006577,0.036381,-1.912313,-0.075733,-0.018595,0.416323,-0.00594,0.116164,0.993208,-0.508893,0.854621,-0.102883,-0.860723,-0.506194,0.052781,-0.016711,0.012897,-0.006412,0.050267,-0.166141,-0.035925,0.377133,0.041842,0.034573,-0.00055,-0.025745,-0.105606,0.994074,0.438865,-0.894648,-0.083677,0.898183,0.43411,0.06938,-0.000921,0.003297,0.00221,0.022898,-0.180009,-0.039676,0.324987,0.080512,0.028354,-0.044885,-0.3807,-0.011346,-0.924628,-0.258976,-0.9586,0.118392,-0.887692,0.284529,0.362001,-1e-06,-4e-06,-3e-06,-0.001879,-0.009502,-0.003037,-0.814023
530,0.069204,-0.004359,0.435007,-0.345396,-0.00355,-0.938474,-0.285352,-0.952239,0.108566,-0.893613,0.305293,0.329057,0.000393,0.001084,0.000612,0.106389,0.426464,0.1367,-1.912223,-0.076215,-0.018271,0.416259,0.011862,0.123803,0.992232,-0.507645,0.855637,-0.100576,-0.86142,-0.502665,0.071741,-0.01476,0.002761,0.003213,0.057565,-0.622693,-0.191774,0.377033,0.0416,0.034739,-0.000584,-0.042605,-0.110316,0.992982,0.437637,-0.895521,-0.080711,0.898141,0.431128,0.086432,-0.007284,0.001034,0.001385,0.065481,-0.664299,-0.183763,0.32515,0.080613,0.02832,-0.044877,-0.385789,-0.005183,-0.922572,-0.264232,-0.957473,0.115872,-0.883938,0.288475,0.368013,0.000261,0.000711,0.000399,0.173443,0.691284,0.221403,-0.812716
531,0.06937,-0.004395,0.435066,-0.355973,0.005397,-0.934505,-0.284216,-0.953228,0.102702,-0.889805,0.302149,0.342023,0.000554,0.00153,0.000864,0.166781,0.670759,0.214905,-1.911972,-0.076699,-0.01814,0.41633,0.027369,0.136296,0.990286,-0.516654,0.849987,-0.102592,-0.855711,-0.508999,0.092426,-0.014375,0.001434,0.002322,0.031413,-0.329973,-0.115985,0.373151,0.041357,0.034806,-0.000548,-0.060721,-0.123265,0.990513,0.447062,-0.890603,-0.083426,0.892439,0.437755,0.109185,-0.007046,0.0002,0.000828,0.039866,-0.327761,-0.147622,0.323681,0.080696,0.028302,-0.044847,-0.395911,0.00324,-0.918282,-0.263364,-0.958385,0.110165,-0.879711,0.285458,0.380289,0.000353,0.000973,0.000547,0.01629,0.064931,0.020819,-0.805858
532,0.069543,-0.004505,0.435165,-0.366281,0.014713,-0.930412,-0.283453,-0.954109,0.096444,-0.885846,0.29903,0.354803,5.4e-05,0.00015,8.5e-05,0.055863,0.225902,0.072305,-1.912215,-0.07702,-0.018062,0.416326,0.047769,0.153392,0.987006,-0.515325,0.85024,-0.10708,-0.855641,-0.503708,0.11841,-0.013494,-0.001728,0.00022,0.072818,-0.765344,-0.294297,0.370494,0.041191,0.034848,-0.000547,-0.081092,-0.137368,0.987194,0.445873,-0.890824,-0.087332,0.891414,0.433082,0.133487,-0.006714,-0.000991,3.3e-05,0.077474,-0.632316,-0.2496,0.318292,0.080784,0.028251,-0.044796,-0.408137,0.013806,-0.912815,-0.262631,-0.959391,0.102917,-0.874327,0.281738,0.395189,0.006288,-0.001632,-0.00102,0.057403,0.212732,0.102379,-0.812226
533,0.069655,-0.004621,0.435274,-0.370232,0.018757,-0.928774,-0.283497,-0.954372,0.093678,-0.884184,0.297958,0.359815,0.012121,-0.011758,0.008756,-0.005454,0.118123,0.050361,-1.912404,-0.077196,-0.018073,0.416349,0.058805,0.159364,0.985463,-0.515239,0.850346,-0.106651,-0.855018,-0.501678,0.130865,-0.013713,-0.000924,0.000752,-0.080989,-0.833672,0.577121,0.369956,0.041109,0.034839,-0.000538,-0.092371,-0.143485,0.985332,0.44568,-0.890861,-0.087948,0.890413,0.431019,0.146239,-0.000107,0.000356,0.000242,-0.384731,-1.607992,2.11997,0.317802,0.080834,0.028196,-0.044746,-0.412278,0.01791,-0.910881,-0.262744,-0.959663,0.100053,-0.872348,0.280578,0.400354,0.0001,0.000285,0.000158,0.015041,0.060905,0.019524,-0.816635
534,0.069839,-0.004875,0.435548,-0.378824,0.025882,-0.925131,-0.283412,-0.954818,0.089282,-0.880556,0.295977,0.370197,0.012232,-0.01146,0.008927,0.007405,0.170751,0.067009,-1.9121,-0.077662,-0.018187,0.41642,0.076401,0.184458,0.979862,-0.534625,0.837082,-0.115778,-0.841641,-0.515245,0.161326,-0.013392,-0.002079,-1.6e-05,0.080328,-1.053056,-0.392102,0.372169,0.040876,0.034783,-0.000502,-0.111192,-0.165063,0.979994,0.466486,-0.879391,-0.09519,0.877511,0.44657,0.17478,-0.00672,-0.000967,5.1e-05,0.004604,-0.503721,-0.424825,0.317476,0.080927,0.028069,-0.044609,-0.420474,0.024606,-0.90697,-0.262876,-0.960058,0.095824,-0.868387,0.278712,0.410149,-0.000136,-0.003981,0.005544,0.007957,0.191183,0.039281,-0.821044
535,0.069941,-0.005046,0.435753,-0.383021,0.033648,-0.923151,-0.294727,-0.951548,0.087543,-0.875006,0.305561,0.375531,0.012572,-0.00329,-0.002053,0.005207,0.054057,0.056083,-1.912258,-0.07809,-0.018154,0.416288,0.086746,0.208266,0.974213,-0.543492,0.829433,-0.128804,-0.834944,-0.518566,0.183904,-0.013125,-0.003044,-0.000656,0.071035,-0.846973,-0.321866,0.372833,0.040662,0.0348,-0.000568,-0.123758,-0.188506,0.974242,0.476146,-0.872662,-0.108367,0.870613,0.450471,0.197755,-0.007337,0.002894,-0.005572,0.066339,-0.241905,-0.090151,0.319598,0.080978,0.027984,-0.044505,-0.4247,0.032284,-0.904757,-0.274299,-0.956978,0.09461,-0.862779,0.288355,0.415285,-6e-06,-1.2e-05,-7e-06,-0.123741,0.074642,0.076008,-0.819411
536,0.070015,-0.005086,0.435764,-0.382728,0.036033,-0.923183,-0.300474,-0.949758,0.087441,-0.873179,0.310808,0.375477,0.012557,-0.003335,-0.002079,-0.002449,-0.0132,0.031435,-1.911929,-0.078282,-0.018115,0.416197,0.092468,0.218249,0.971498,-0.543023,0.828852,-0.1344,-0.834642,-0.515393,0.193922,-0.013279,-0.002474,-0.00028,0.06205,-0.756076,-0.501181,0.372414,0.040572,0.034815,-0.000611,-0.130076,-0.197625,0.971609,0.475815,-0.872165,-0.113698,0.869873,0.447517,0.20748,-0.000126,0.000467,0.000317,0.033633,-0.326469,-0.109202,0.319762,0.081015,0.027961,-0.044496,-0.424282,0.034558,-0.904869,-0.280164,-0.955251,0.094884,-0.861099,0.293769,0.414977,-8e-06,-2.6e-05,-1.5e-05,-0.015064,-0.012194,0.001006,-0.817778
537,0.070184,-0.004979,0.435671,-0.385855,0.044167,-0.921526,-0.321997,-0.942477,0.089596,-0.864085,0.331239,0.37903,0.001177,0.010508,-0.009663,0.009602,0.054841,0.052785,-1.912095,-0.078776,-0.018174,0.41616,0.110099,0.233042,0.96621,-0.548411,0.824974,-0.136367,-0.828981,-0.51516,0.217404,-0.013535,-0.001518,0.000351,0.070269,-0.898824,-0.307217,0.371971,0.040315,0.034785,-0.000635,-0.149087,-0.211462,0.965948,0.481536,-0.868733,-0.115859,0.863652,0.447866,0.231344,-0.006762,-0.000787,0.000165,0.074455,-0.82085,-0.287787,0.319435,0.081102,0.028007,-0.044541,-0.427583,0.042673,-0.902967,-0.301708,-0.948345,0.09805,-0.852141,0.314357,0.418371,0.00037,0.001023,0.000579,-0.123558,0.070988,0.075224,-0.814186
538,0.070375,-0.004617,0.43537,-0.395472,0.06306,-0.916335,-0.347776,-0.93363,0.085785,-0.849622,0.352522,0.392298,0.001932,0.012619,-0.008473,-0.439216,0.364761,0.105068,-1.91111,-0.079439,-0.018291,0.416029,0.116516,0.257461,0.959234,-0.57732,0.803427,-0.145397,-0.80822,-0.537167,0.24103,-0.014297,0.004428,-0.012067,0.102703,-0.905257,-0.318383,0.366116,0.039987,0.03473,-0.000693,-0.157034,-0.235038,0.959216,0.512399,-0.849701,-0.124318,0.844267,0.47198,0.253865,-0.006301,-0.002499,-0.000963,0.033299,-0.343749,-0.149591,0.317312,0.081196,0.028181,-0.04469,-0.436829,0.061363,-0.897448,-0.326278,-0.940537,0.094505,-0.838285,0.3341,0.430875,0.000794,0.006003,-0.004575,-5.8703,1.796078,-0.110976,-0.809124
539,0.070428,-0.004396,0.435214,-0.402023,0.075551,-0.912532,-0.357695,-0.930347,0.080501,-0.842395,0.358672,0.402183,0.002028,0.012889,-0.008321,0.173835,0.548966,0.229193,-1.911966,-0.079713,-0.018282,0.415854,0.121991,0.267253,0.955869,-0.57696,0.802712,-0.150678,-0.807675,-0.533453,0.250902,-0.014155,0.003898,-0.012418,0.070276,-0.489668,-0.177392,0.35887,0.039851,0.034734,-0.000781,-0.164713,-0.246082,0.95515,0.512186,-0.848919,-0.130388,0.842932,0.467738,0.265867,-0.006216,-0.00281,-0.001171,0.043212,-0.586769,-0.233949,0.311107,0.081223,0.028296,-0.044771,-0.44303,0.073111,-0.89352,-0.338131,-0.936687,0.091011,-0.830295,0.342447,0.439702,0.000861,0.005985,-0.004418,0.227428,0.806031,0.28577,-0.81239
540,0.070606,-0.004051,0.434926,-0.415929,0.106915,-0.903115,-0.388849,-0.918602,0.070277,-0.821579,0.380267,0.424774,0.013883,0.00767,-0.011457,0.199985,0.649499,0.264984,-1.911955,-0.080203,-0.018281,0.415476,0.136081,0.294379,0.945946,-0.581028,0.797077,-0.164345,-0.802508,-0.527627,0.278305,-0.014082,0.003622,-0.012601,-0.057801,-0.674709,-0.290851,0.350774,0.039606,0.034732,-0.000971,-0.180423,-0.271602,0.945346,0.516886,-0.843889,-0.143803,0.836824,0.462691,0.292644,-0.00619,-0.00291,-0.00124,-0.419203,-0.831233,-0.488521,0.296901,0.081315,0.028477,-0.044915,-0.457501,0.104682,-0.883025,-0.369892,-0.925454,0.081931,-0.808623,0.364108,0.462117,0.006946,0.003817,-0.00574,0.221384,0.71993,0.289466,-0.814023
541,0.070787,-0.003725,0.434687,-0.43032,0.142738,-0.891345,-0.426314,-0.902485,0.061233,-0.795156,0.40616,0.45032,0.001062,0.002973,0.001668,-1.315053,0.675789,1.140655,-1.911258,-0.080768,-0.018375,0.415142,0.146399,0.335284,0.930668,-0.604484,0.775033,-0.184002,-0.783141,-0.536057,0.314953,-0.013479,0.001327,-0.014126,-5.046313,-0.043576,-2.355793,0.348868,0.039332,0.034693,-0.001134,-0.194532,-0.308896,0.930988,0.537736,-0.827372,-0.162156,0.820363,0.469082,0.327055,-0.006765,0.000751,-0.006995,0.046279,-0.858295,-0.561007,0.290859,0.081403,0.028633,-0.045034,-0.472624,0.137004,-0.870548,-0.402532,-0.912331,0.074956,-0.783959,0.38585,0.486339,0.00044,0.0012,0.000673,0.262871,0.96448,0.523971,-0.808634
542,0.07097,-0.003476,0.434522,-0.445167,0.177701,-0.877664,-0.454695,-0.889197,0.050533,-0.770889,0.421339,0.477735,0.000937,0.002628,0.001472,0.164674,0.686767,0.431716,-1.911271,-0.081363,-0.018483,0.414656,0.156017,0.382042,0.910875,-0.623789,0.753114,-0.208903,-0.765965,-0.536081,0.354651,-0.01254,-0.002289,-0.016534,0.096233,-1.208943,-0.665397,0.334398,0.039019,0.03464,-0.001381,-0.206745,-0.357897,0.910585,0.564365,-0.803875,-0.187818,0.799216,0.475073,0.368181,-0.006225,-0.001334,-0.008383,0.094132,-1.315381,-0.704749,0.281062,0.081496,0.028764,-0.045118,-0.487049,0.175107,-0.85564,-0.437067,-0.897061,0.065204,-0.756144,0.40573,0.513446,0.000485,0.001331,0.000745,0.180776,0.714765,0.450647,-0.813533
543,0.071035,-0.003366,0.434489,-0.451261,0.193529,-0.87118,-0.466718,-0.88322,0.045491,-0.760085,0.426878,0.489973,0.001151,0.003228,0.001808,0.121344,0.363281,0.541456,-1.911169,-0.0816,-0.018497,0.414255,0.163726,0.405517,0.8993,-0.624775,0.7481,-0.223464,-0.763557,-0.525784,0.374694,-0.013648,0.004924,-0.028118,0.105156,-0.91649,-0.752597,0.322814,0.0389,0.034633,-0.001582,-0.216793,-0.381612,0.898539,0.566096,-0.799013,-0.202761,0.795321,0.464703,0.38925,-0.006767,0.002254,-0.014187,0.108686,-0.885175,-0.738915,0.267999,0.081528,0.028817,-0.045136,-0.493695,0.191064,-0.848385,-0.449271,-0.89133,0.060706,-0.744593,0.411126,0.525885,0.006939,0.000232,2.3e-05,0.09479,0.4343,0.444487,-0.812553
544,0.071173,-0.003247,0.434577,-0.468633,0.221595,-0.855175,-0.484382,-0.873974,0.038911,-0.738202,0.432186,0.517977,0.001348,0.003784,0.002116,0.211821,0.894008,0.500049,-1.911165,-0.082171,-0.018517,0.413259,0.192272,0.449342,0.872419,-0.632971,0.736146,-0.239523,-0.750064,-0.506728,0.424847,-0.024879,-0.00858,-0.0194,0.04229,-1.391732,-1.165958,0.295604,0.038629,0.034622,-0.002064,-0.246483,-0.419262,0.873764,0.575113,-0.788951,-0.21633,0.780057,0.449192,0.435586,-0.01231,-0.004762,-0.010007,-0.065662,-1.191165,-0.907803,0.235177,0.081597,0.028874,-0.045093,-0.50889,0.21662,-0.833129,-0.467374,-0.882278,0.056081,-0.722904,0.417923,0.550226,0.006594,-0.00433,0.005236,0.080253,0.54918,0.196906,-0.818758
545,0.071379,-0.003146,0.434666,-0.477074,0.250713,-0.842371,-0.505128,-0.862531,0.029301,-0.718638,0.439167,0.539184,0.001341,0.003772,0.002105,0.15518,0.749868,0.244706,-1.910737,-0.082995,-0.018606,0.412414,0.219797,0.479869,0.849356,-0.648368,0.722391,-0.240215,-0.729083,-0.498502,0.468825,-0.027296,0.003609,-0.027666,0.00341,-0.780299,-0.885514,0.282436,0.038215,0.034567,-0.002499,-0.277776,-0.450542,0.84844,0.5919,-0.775903,-0.218238,0.756633,0.441571,0.482203,-0.006331,-0.000997,-0.00818,-0.125827,-1.025366,-1.019002,0.21052,0.081701,0.028928,-0.045047,-0.517784,0.246575,-0.819206,-0.488805,-0.87114,0.046744,-0.702118,0.424635,0.571589,0.007036,0.000541,0.000188,0.143109,0.801919,0.120799,-0.814349
546,0.071479,-0.003086,0.434674,-0.483946,0.264393,-0.834229,-0.515078,-0.856694,0.027227,-0.706885,0.442536,0.551818,0.013609,-0.000206,-0.000335,0.18397,0.920396,0.341935,-1.910755,-0.083456,-0.018607,0.41203,0.231002,0.496007,0.837022,-0.65675,0.714227,-0.241852,-0.718042,-0.494471,0.48967,-0.014601,0.00845,-0.025793,-0.013751,-0.908845,-0.897361,0.270401,0.03798,0.034563,-0.002692,-0.289387,-0.4651,0.836622,0.60081,-0.768665,-0.219501,0.745172,0.439131,0.501878,-0.013198,-0.001417,-0.007776,-0.141362,-1.043488,-0.817729,0.198437,0.081751,0.02896,-0.045041,-0.524374,0.259872,-0.810861,-0.498919,-0.865464,0.045273,-0.690007,0.428295,0.583482,0.006805,-0.000112,-0.000176,0.165249,0.836404,0.317667,-0.819084
547,0.071755,-0.002985,0.434691,-0.491177,0.285484,-0.822976,-0.530376,-0.847447,0.022507,-0.690398,0.447182,0.568687,0.001201,0.00339,0.001888,0.070472,0.339223,0.110703,-1.91117,-0.084296,-0.018451,0.411222,0.244409,0.521217,0.817672,-0.66794,0.701788,-0.247554,-0.703138,-0.486309,0.518618,-0.028175,0.006994,-0.025402,-1.542262,-1.075809,1.76351,0.251058,0.037565,0.034644,-0.003095,-0.303282,-0.492473,0.815775,0.612876,-0.756345,-0.228747,0.729659,0.430594,0.53121,-0.006815,0.000899,-0.006906,0.007886,-0.344139,-0.560065,0.171984,0.081889,0.029008,-0.045034,-0.532382,0.282044,-0.798135,-0.514617,-0.856457,0.040613,-0.672114,0.432356,0.601107,0.006987,0.000423,0.00012,0.08245,0.361391,0.154813,-0.820881
548,0.072141,-0.002897,0.434711,-0.491043,0.311627,-0.813518,-0.555273,-0.831486,0.01659,-0.670655,0.459479,0.582348,0.001174,0.003325,0.001848,0.049011,0.251005,0.084237,-1.910709,-0.085114,-0.017997,0.410285,0.240188,0.548115,0.801168,-0.695351,0.673046,-0.251853,-0.677537,-0.497291,0.541763,-0.028866,0.009783,-0.023522,-4.416518,0.790792,-3.044589,0.230498,0.037157,0.034869,-0.003565,-0.305031,-0.515971,0.800455,0.638775,-0.734249,-0.229877,0.706344,0.441192,0.553558,-0.008591,0.010822,-0.016651,-0.047634,-0.674581,-0.329512,0.144551,0.082082,0.029053,-0.045024,-0.532294,0.30829,-0.788428,-0.540036,-0.84088,0.035796,-0.651938,0.444834,0.614083,0.007262,0.004833,-0.005182,0.062444,0.280546,-0.052968,-0.826106
549,0.072562,-0.002694,0.434572,-0.493622,0.337869,-0.80139,-0.579031,-0.815186,0.012907,-0.648314,0.469977,0.599031,0.01393,0.000797,0.000212,0.061652,0.385794,-0.017952,-1.911004,-0.086132,-0.017379,0.409096,0.233559,0.567611,0.789468,-0.71414,0.651165,-0.256755,-0.660072,-0.504537,0.556426,-0.029961,0.017111,-0.034999,-0.311249,-0.286968,-0.45316,0.208362,0.036635,0.035187,-0.004165,-0.296867,-0.537806,0.789071,0.663619,-0.710366,-0.234494,0.686642,0.45403,0.567783,-0.014965,0.00855,-0.017482,-0.315742,-0.30667,-0.462026,0.116792,0.082287,0.029154,-0.045093,-0.534558,0.334304,-0.776201,-0.564237,-0.824941,0.033285,-0.629193,0.455754,0.629606,0.007086,0.00435,-0.005453,0.120812,0.363901,0.174816,-0.823167
550,0.07282,-0.002572,0.43445,-0.491913,0.35924,-0.793104,-0.598021,-0.801424,0.00784,-0.632191,0.477698,0.610053,0.014567,0.009873,-0.010242,-0.204168,0.815912,0.446917,-1.910998,-0.086634,-0.01704,0.408422,0.233659,0.574563,0.784393,-0.717483,0.646353,-0.259575,-0.656399,-0.50286,0.562259,-0.016672,0.019647,-0.034647,0.089338,-0.322794,-0.079355,0.189206,0.03639,0.035349,-0.004489,-0.297415,-0.544976,0.783929,0.667604,-0.705685,-0.237301,0.68253,0.452778,0.57371,-0.01479,0.007872,-0.017936,0.08499,-0.355002,-0.155076,0.100299,0.082416,0.029211,-0.045151,-0.532188,0.353972,-0.769076,-0.583162,-0.811804,0.029901,-0.613755,0.464409,0.638456,0.00712,0.004437,-0.005403,-1.115357,0.849401,1.349236,-0.82382
551,0.073378,-0.00232,0.434138,-0.496552,0.393827,-0.773551,-0.621102,-0.783712,-0.000376,-0.605778,0.479773,0.634726,0.000744,0.002131,0.00118,0.036449,0.843396,0.162743,-1.910928,-0.087579,-0.016272,0.406967,0.241324,0.587055,0.772736,-0.726112,0.63752,-0.257418,-0.644025,-0.499711,0.579125,-0.01808,0.02824,-0.045242,0.11503,-0.436547,-0.123741,0.164638,0.035929,0.035723,-0.005199,-0.305486,-0.556185,0.772874,0.676823,-0.697759,-0.234609,0.669767,0.45143,0.589595,-0.008203,0.00938,-0.017595,0.036552,-0.820616,-0.02141,0.059803,0.082701,0.029344,-0.045309,-0.536905,0.389402,-0.748397,-0.607201,-0.794233,0.022359,-0.585695,0.466432,0.662873,0.006988,0.004084,-0.005603,-0.138096,1.060526,0.511124,-0.829535
552,0.073835,-0.002024,0.433702,-0.499336,0.427977,-0.753355,-0.642453,-0.766247,-0.009543,-0.580726,0.478694,0.658511,0.013294,0.006319,-0.012209,0.14346,0.603958,0.048972,-1.910892,-0.088355,-0.015411,0.40546,0.259616,0.594525,0.761007,-0.731131,0.635839,-0.247164,-0.631119,-0.492976,0.598771,-0.016487,0.018995,-0.03504,0.084548,-0.779448,-0.069179,0.15986,0.035524,0.03617,-0.005983,-0.323829,-0.561764,0.761285,0.681501,-0.696637,-0.224169,0.65627,0.446224,0.608434,-0.008224,0.009505,-0.017499,0.09375,-0.678713,-0.041692,0.041188,0.08293,0.029493,-0.045527,-0.539762,0.424233,-0.727105,-0.62938,-0.776972,0.013888,-0.559049,0.465122,0.686384,0.006621,0.003066,-0.006165,0.136468,0.568632,0.037983,-0.833617
553,0.07404,-0.001883,0.433475,-0.496399,0.447859,-0.743677,-0.659166,-0.751869,-0.012875,-0.564303,0.483254,0.669368,0.013416,0.006682,-0.012006,-3.915593,0.753552,3.821409,-1.911144,-0.088749,-0.014968,0.404685,0.267932,0.595009,0.757738,-0.729584,0.638975,-0.243622,-0.629439,-0.488309,0.604337,-0.01641,0.018703,-0.035225,0.098638,-0.425641,0.059434,0.158937,0.035326,0.036392,-0.00637,-0.332622,-0.562597,0.756866,0.679796,-0.699294,-0.221051,0.653635,0.440989,0.615052,-0.008179,0.00934,-0.017605,0.101982,-0.447521,0.048682,0.036779,0.083026,0.029559,-0.045637,-0.538523,0.439757,-0.718753,-0.641924,-0.766675,0.011882,-0.545825,0.467784,0.695163,0.00674,0.003406,-0.005977,0.197137,0.87943,0.149099,-0.837373
554,0.074442,-0.001544,0.433017,-0.492375,0.477616,-0.727664,-0.682736,-0.730436,-0.017533,-0.53928,0.487572,0.686642,0.013563,0.007139,-0.011749,0.097879,0.505598,0.045672,-1.910872,-0.089569,-0.014214,0.403322,0.283328,0.594136,0.752808,-0.723927,0.647361,-0.238304,-0.629248,-0.478208,0.612558,-0.03005,0.017828,-0.034431,0.111419,-0.456568,0.25391,0.157362,0.034929,0.036759,-0.007041,-0.347051,-0.559914,0.752363,0.673341,-0.707172,-0.215682,0.652814,0.431745,0.622438,-0.008327,0.009971,-0.017168,0.112925,-0.670625,0.180886,0.03286,0.083227,0.029723,-0.045863,-0.531986,0.473247,-0.702158,-0.670598,-0.741776,0.008126,-0.516999,0.475189,0.711973,0.0069,0.003877,-0.005711,-0.171111,0.756265,0.438086,-0.841455
555,0.074702,-0.001076,0.432425,-0.494333,0.505268,-0.707378,-0.697057,-0.716567,-0.024786,-0.5188,0.480198,0.707307,0.000665,0.009174,-0.010378,0.1943,0.78085,0.072553,-1.910811,-0.090587,-0.013541,0.402197,0.299277,0.587896,0.751534,-0.718197,0.657352,-0.228067,-0.628448,-0.472236,0.617988,-0.029466,0.012828,-0.021395,0.073743,-0.045828,0.172113,0.149193,0.03442,0.037092,-0.007612,-0.363075,-0.553201,0.749762,0.666681,-0.716386,-0.205731,0.65093,0.425157,0.628911,-0.014752,0.006581,-0.010568,0.082654,-0.091671,0.365579,0.026982,0.083363,0.029965,-0.046166,-0.533724,0.500824,-0.681405,-0.685385,-0.728178,0.001641,-0.495363,0.467901,0.731903,0.000325,0.004531,-0.005227,0.212826,0.838454,0.086808,-0.836393
556,0.074882,-0.000509,0.431693,-0.497194,0.533015,-0.684645,-0.714338,-0.699306,-0.025749,-0.49189,0.475599,0.729299,0.001228,0.018049,-0.020905,-0.902083,0.827028,1.125631,-1.910618,-0.091754,-0.012956,0.401397,0.314778,0.579356,0.751833,-0.71349,0.666824,-0.21497,-0.62625,-0.469488,0.622298,-0.030106,0.015754,-0.019409,0.081644,-0.113927,0.358793,0.141401,0.033826,0.037391,-0.008019,-0.377852,-0.543169,0.749796,0.660795,-0.725452,-0.192534,0.64852,0.422713,0.633036,-0.015086,0.008069,-0.009556,0.08377,-0.112838,0.357565,0.014572,0.083452,0.030241,-0.046525,-0.536507,0.526891,-0.6592,-0.701805,-0.712366,0.001797,-0.468645,0.463594,0.751965,0.000618,0.009003,-0.010467,-3.533601,0.685199,4.149389,-0.835577
557,0.074979,-0.000223,0.431329,-0.497326,0.547811,-0.672766,-0.724363,-0.688923,-0.025578,-0.476884,0.473922,0.740274,0.000626,0.00906,-0.010429,-0.894488,0.916271,1.152486,-1.910915,-0.092343,-0.012756,0.401133,0.322381,0.575183,0.751815,-0.711362,0.671194,-0.208315,-0.624809,-0.468382,0.624576,-0.028405,0.005952,-0.009659,0.038864,-0.041989,0.150053,0.139915,0.033531,0.037495,-0.008149,-0.38509,-0.538378,0.749569,0.65816,-0.729569,-0.185884,0.646938,0.421755,0.635289,-0.014209,0.003052,-0.004758,0.041414,-0.041057,0.148139,0.011143,0.0835,0.03039,-0.046715,-0.535995,0.542339,-0.646975,-0.712756,-0.701406,0.002525,-0.452423,0.462489,0.762506,0.000334,0.004536,-0.005214,-0.86282,1.057847,1.200565,-0.83574
558,0.075105,0.000374,0.430592,-0.503947,0.570527,-0.648522,-0.734357,-0.67824,-0.026107,-0.454128,0.462377,0.761579,0.001036,0.017488,-0.021191,0.278497,1.121682,-0.195659,-1.910711,-0.093492,-0.012458,0.400695,0.331885,0.572399,0.749802,-0.710112,0.67483,-0.200696,-0.621255,-0.466558,0.629468,-0.028319,0.00573,-0.009817,0.046882,-0.114019,0.335244,0.135196,0.032956,0.037645,-0.008366,-0.394284,-0.534892,0.747281,0.65645,-0.732993,-0.178306,0.643127,0.42025,0.640138,-0.014154,0.002876,-0.004881,0.047057,-0.108867,0.337409,0.005264,0.083563,0.030683,-0.047075,-0.541095,0.564515,-0.623327,-0.723436,-0.690385,0.002752,-0.428783,0.452427,0.781955,0.000492,0.008629,-0.010663,0.128917,0.529495,-0.15967,-0.834597
559,0.075129,0.000839,0.429877,-0.509421,0.588437,-0.627916,-0.742309,-0.669559,-0.025319,-0.434698,0.452474,0.778674,-0.000201,0.006652,-0.011747,0.13126,0.569338,-0.193754,-1.91118,-0.094585,-0.012241,0.400357,0.341834,0.571956,0.745659,-0.709436,0.677427,-0.194236,-0.616624,-0.463322,0.636372,-0.041715,0.004186,-0.009533,0.049225,-0.177752,0.275277,0.131461,0.032425,0.037751,-0.008533,-0.403963,-0.53396,0.742764,0.655546,-0.735291,-0.17206,0.638022,0.417411,0.647066,-0.014322,0.00367,-0.004351,0.051802,-0.196194,0.333856,-0.000777,0.083576,0.030915,-0.047427,-0.546174,0.583471,-0.601044,-0.731667,-0.681654,0.003147,-0.407868,0.441483,0.799209,0.005971,0.001227,-0.007157,0.103669,0.86298,-0.198073,-0.833944
560,0.075199,0.001018,0.429581,-0.511204,0.597726,-0.617607,-0.7466,-0.664764,-0.025477,-0.425162,0.447335,0.786865,0.012616,0.004494,-0.013177,0.125864,0.491703,-0.195621,-1.911191,-0.095133,-0.012101,0.400209,0.347558,0.574052,0.74139,-0.71201,0.676058,-0.189526,-0.610429,-0.46273,0.642745,-0.028737,0.007826,-0.008416,0.060197,-0.332994,0.249825,0.128623,0.032147,0.037819,-0.008608,-0.409596,-0.535372,0.738651,0.658089,-0.734144,-0.167182,0.631782,0.417622,0.653026,-0.014451,0.004286,-0.003938,0.059916,-0.341796,0.063734,-0.003553,0.083605,0.031008,-0.047584,-0.547976,0.59302,-0.589956,-0.735949,-0.67703,0.003034,-0.397619,0.435841,0.807428,0.000365,0.008259,-0.010856,0.158354,0.59579,-0.381354,-0.834597
561,0.07534,0.001305,0.429055,-0.516978,0.621015,-0.589169,-0.755532,-0.654532,-0.027044,-0.401789,0.430379,0.808311,0.01239,0.003843,-0.013533,0.27838,1.011708,-0.034243,-1.911127,-0.096103,-0.011735,0.399956,0.358689,0.576064,0.734495,-0.71644,0.674293,-0.17882,-0.598699,-0.462809,0.653629,-0.016081,0.012959,-0.006295,0.05652,-0.220799,0.359453,0.122405,0.031658,0.037998,-0.008736,-0.420934,-0.537089,0.730991,0.662536,-0.732464,-0.156657,0.619564,0.418366,0.66416,-0.014563,0.0049,-0.003531,0.043245,-0.084199,0.160235,-0.012535,0.083677,0.031153,-0.047847,-0.552665,0.614674,-0.562793,-0.744932,-0.667134,0.002893,-0.37368,0.420841,0.826592,-0.00011,0.003259,-0.005914,0.27067,1.155193,-0.052158,-0.835087
562,0.075395,0.001573,0.428589,-0.518131,0.644796,-0.561982,-0.767448,-0.640503,-0.027417,-0.376992,0.416281,0.827414,0.000247,0.007955,-0.011014,-1.930051,1.735947,-1.57975,-1.910746,-0.096902,-0.011222,0.399622,0.367436,0.582125,0.725336,-0.723246,0.669161,-0.170506,-0.585056,-0.462681,0.665957,-0.015888,0.012234,-0.006792,0.061231,-0.258512,0.313424,0.122071,0.031257,0.038258,-0.0089,-0.429912,-0.542464,0.721739,0.669545,-0.727831,-0.148221,0.605709,0.419515,0.676108,-0.008831,0.011356,-0.008023,0.1027,-0.314472,0.557589,-0.015474,0.083708,0.031283,-0.048082,-0.551634,0.640198,-0.534644,-0.7573,-0.653065,-0.000634,-0.349564,0.404537,0.845076,0.006337,0.002313,-0.006547,0.162768,0.5801,-0.151786,-0.837047
563,0.07567,0.001795,0.428105,-0.518794,0.669395,-0.531797,-0.778687,-0.626705,-0.029312,-0.352262,0.39806,0.847045,0.000171,0.007736,-0.01113,0.353745,1.085399,-0.025025,-1.910744,-0.09763,-0.010518,0.399114,0.375404,0.588452,0.716092,-0.728349,0.665102,-0.164561,-0.573555,-0.46053,0.677355,-0.017449,0.021897,-0.016625,0.151546,-0.741826,0.174784,0.121923,0.030894,0.038607,-0.009151,-0.437209,-0.546298,0.714427,0.674585,-0.724562,-0.141221,0.594796,0.420199,0.68531,-0.008644,0.010605,-0.008529,0.092241,-0.210145,0.56744,-0.016127,0.083846,0.031398,-0.048327,-0.552999,0.66281,-0.50485,-0.768527,-0.639814,0.001821,-0.321803,0.388998,0.863204,9.8e-05,0.003873,-0.005569,0.322038,0.999389,-0.046959,-0.840802
564,0.07582,0.001932,0.427808,-0.5225,0.678258,-0.516725,-0.78152,-0.623232,-0.027909,-0.340326,0.388402,0.856358,0.000575,0.016155,-0.021876,-1.828007,2.162683,-1.502355,-1.910907,-0.097954,-0.010117,0.398796,0.380175,0.588612,0.713439,-0.728543,0.665783,-0.16091,-0.570159,-0.459339,0.68102,-0.017209,0.020868,-0.017311,0.141569,-0.607474,0.196575,0.119027,0.030725,0.038818,-0.009314,-0.442436,-0.546442,0.71109,0.674558,-0.725276,-0.137638,0.590948,0.418776,0.689496,-0.008599,0.010432,-0.008647,0.172126,-0.80319,0.126077,-0.01727,0.083922,0.031468,-0.048475,-0.5558,0.672157,-0.489172,-0.771419,-0.636323,0.002139,-0.309834,0.378546,0.872184,0.000282,0.008032,-0.010965,-1.787217,2.255474,-1.480096,-0.842435
565,0.076004,0.002331,0.42724,-0.524222,0.696561,-0.489938,-0.788981,-0.613733,-0.028483,-0.319886,0.370751,0.871919,0.000874,0.009793,-0.009979,-0.029002,0.71684,0.07546,-1.910592,-0.098464,-0.00922,0.398051,0.387637,0.58766,0.7102,-0.728966,0.666985,-0.15386,-0.564571,-0.458812,0.686014,-0.003827,0.022351,-0.017607,0.088254,-0.153798,0.413334,0.114671,0.030471,0.039258,-0.00968,-0.449973,-0.546279,0.706472,0.675087,-0.725949,-0.131355,0.584619,0.417824,0.695444,-0.008504,0.010086,-0.008873,0.084523,-0.126118,0.420258,-0.023312,0.084011,0.03166,-0.048758,-0.557052,0.690214,-0.461839,-0.778978,-0.627045,0.002461,-0.287896,0.361134,0.886959,0.000518,0.00509,-0.004889,-0.55638,0.904577,0.959413,-0.842598
566,0.076382,0.002802,0.426628,-0.522733,0.716314,-0.462266,-0.800759,-0.598554,-0.022114,-0.291888,0.357709,0.887058,0.001503,0.018886,-0.020332,-0.144852,0.859432,0.014084,-1.91064,-0.098789,-0.008308,0.397226,0.391902,0.586085,0.709161,-0.730091,0.667141,-0.147727,-0.560156,-0.460597,0.688432,-0.016696,0.01871,-0.018728,0.077434,-0.062766,0.200423,0.113726,0.030314,0.039707,-0.010086,-0.453985,-0.544234,0.705482,0.676079,-0.72613,-0.125099,0.580356,0.420169,0.697598,-0.001668,0.010098,-0.009506,0.080346,-0.077726,0.230715,-0.026251,0.084202,0.031902,-0.049066,-0.55474,0.7098,-0.434103,-0.790748,-0.612063,0.009715,-0.258804,0.348656,0.90081,0.00077,0.009457,-0.010164,-0.127394,0.935331,0.025157,-0.844884
567,0.076584,0.003055,0.426279,-0.519528,0.725387,-0.451608,-0.806928,-0.590287,-0.019967,-0.280423,0.353136,0.892572,0.001369,0.018498,-0.02054,-0.560873,0.395976,1.251051,-1.910066,-0.098894,-0.007862,0.39682,0.396786,0.583368,0.708685,-0.727022,0.671043,-0.145167,-0.560715,-0.458366,0.689465,-0.003647,0.021537,-0.018124,0.089512,-0.163363,0.440504,0.114006,0.030262,0.039929,-0.01029,-0.458503,-0.541199,0.704896,0.672697,-0.729678,-0.122667,0.580735,0.417938,0.698622,-0.001682,0.010173,-0.009455,0.080365,-0.078353,0.230283,-0.026904,0.084303,0.032023,-0.049232,-0.552146,0.718491,-0.422969,-0.796182,-0.604942,0.011735,-0.247441,0.34324,0.906067,0.006577,0.003113,-0.006136,-2.330681,0.430294,4.54542,-0.846027
568,0.07687,0.003551,0.425568,-0.515516,0.743662,-0.425741,-0.816394,-0.577135,-0.019689,-0.259718,0.336494,0.905177,7.5e-05,0.007456,-0.011258,0.174435,0.611718,-0.051928,-1.910722,-0.099041,-0.007097,0.396102,0.402626,0.580841,0.707466,-0.726527,0.672916,-0.138839,-0.557188,-0.458826,0.692014,-0.003232,0.019601,-0.019399,-1.85542,-1.027912,1.744381,0.11439,0.030182,0.040321,-0.010653,-0.462635,-0.53882,0.704018,0.671299,-0.731603,-0.118798,0.579073,0.417647,0.700175,-0.001597,0.009767,-0.00972,-0.026569,-0.057796,0.125837,-0.026741,0.084447,0.032277,-0.04959,-0.546148,0.737162,-0.397887,-0.806749,-0.590753,0.012876,-0.225561,0.328027,0.917344,0.00033,0.008159,-0.010872,0.124883,0.82529,0.115474,-0.847334
569,0.077057,0.00407,0.424837,-0.504169,0.767608,-0.395774,-0.832716,-0.553524,-0.012919,-0.228367,0.322096,0.918766,0.00117,0.01792,-0.020828,-1.992457,2.327536,-0.728884,-1.910633,-0.099135,-0.006513,0.39548,0.397821,0.584833,0.706895,-0.734636,0.664592,-0.136238,-0.549946,-0.46585,0.693113,-0.001345,0.008537,-0.010535,-3.871227,0.750804,-3.807927,0.114788,0.030134,0.040617,-0.010967,-0.463287,-0.539669,0.702937,0.676041,-0.728083,-0.113415,0.573003,0.422671,0.70215,-0.001406,0.008866,-0.010314,0.080582,-0.079675,0.229564,-0.026414,0.084539,0.032535,-0.049962,-0.533868,0.760514,-0.369596,-0.822957,-0.567731,0.020518,-0.194227,0.315117,0.928965,0.000607,0.008982,-0.010404,-2.023613,2.251876,-0.737531,-0.839986
570,0.077293,0.004725,0.424008,-0.486592,0.792555,-0.3676,-0.851024,-0.52507,-0.005709,-0.196942,0.309069,0.93044,0.00139,0.018574,-0.020444,0.252427,0.618018,-0.359561,-1.909659,-0.099127,-0.006163,0.395015,0.395033,0.587282,0.706428,-0.739773,0.659279,-0.134242,-0.54504,-0.470307,0.693978,-0.001195,0.007834,-0.011,0.035453,-0.002146,0.022571,0.114848,0.030139,0.040791,-0.011201,-0.457451,-0.544986,0.702658,0.685849,-0.719182,-0.111295,0.565994,0.431005,0.702769,-0.000539,0.003677,-0.005658,0.045102,-0.077862,0.207064,-0.026088,0.084657,0.032856,-0.050368,-0.515223,0.78644,-0.340669,-0.841785,-0.539048,0.028702,-0.161065,0.301558,0.939744,0.000719,0.009312,-0.010209,0.323963,0.744638,-0.291391,-0.839006
571,0.07736,0.005081,0.423548,-0.48151,0.802357,-0.352728,-0.856604,-0.515929,-0.004393,-0.184915,0.299032,0.93617,0.000906,0.017141,-0.021231,0.126602,0.691887,0.120465,-1.910001,-0.099119,-0.006072,0.394854,0.392919,0.588889,0.706269,-0.742797,0.656006,-0.133576,-0.542445,-0.472872,0.694268,0.000412,-0.001921,-0.001283,-0.0,0.0,-0.0,0.115064,0.030142,0.04084,-0.011285,-0.45549,-0.546748,0.702562,0.68909,-0.716186,-0.110595,0.563633,0.433755,0.702974,-0.000527,0.003621,-0.005696,0.036137,-0.002406,0.023245,-0.025924,0.084691,0.033037,-0.050597,-0.510108,0.795784,-0.326369,-0.847133,-0.530502,0.03053,-0.148844,0.292052,0.944748,0.006623,0.006819,-0.011716,-0.174634,0.860963,1.30211,-0.837373
572,0.077537,0.005671,0.422639,-0.468629,0.824199,-0.318007,-0.870209,-0.492624,0.005448,-0.151592,0.278257,0.948483,0.012426,0.011338,-0.024674,0.293908,0.668129,-0.34821,-1.908907,-0.099134,-0.006023,0.394705,0.391319,0.590251,0.706021,-0.745625,0.653009,-0.132499,-0.53971,-0.475322,0.694727,0.000409,-0.001908,-0.001275,-0.001299,0.010952,-0.026623,0.115109,0.030134,0.040865,-0.011359,-0.454034,-0.548219,0.702359,0.692108,-0.713444,-0.109465,0.561105,0.436408,0.703355,6.3e-05,-0.000276,-0.000184,0.009535,-0.075698,0.184263,-0.025761,0.084776,0.033337,-0.051049,-0.495636,0.818075,-0.291713,-0.860962,-0.507016,0.040955,-0.114399,0.271452,0.955628,0.000145,0.007602,-0.011144,0.389644,0.749475,-0.118872,-0.845374
573,0.077771,0.006141,0.421708,-0.469678,0.837851,-0.278303,-0.874396,-0.484934,0.015557,-0.121347,0.249609,0.960728,-9.3e-05,0.014178,-0.022846,-0.201451,1.38382,-0.459091,-1.908738,-0.099114,-0.006079,0.394716,0.386785,0.596007,0.70368,-0.752734,0.64485,-0.132267,-0.533059,-0.479275,0.697142,0.00034,-0.001584,-0.001059,-0.002041,0.010525,-0.027712,0.114647,0.030145,0.040837,-0.011354,-0.449962,-0.554414,0.700113,0.699866,-0.70588,-0.109177,0.554726,0.44086,0.705635,6e-06,-3.2e-05,-2.1e-05,-0.004277,0.008719,0.000995,-0.025924,0.084897,0.033568,-0.051517,-0.495226,0.830888,-0.253725,-0.864688,-0.49967,0.051418,-0.084057,0.244856,0.965908,0.006037,0.005104,-0.012642,-2.042751,1.902323,-1.094573,-0.846354
574,0.077924,0.006276,0.421307,-0.463442,0.846438,-0.262316,-0.879156,-0.476223,0.016363,-0.110501,0.237144,0.965183,0.011923,0.009852,-0.025485,0.362634,0.806019,-0.156342,-1.909611,-0.099071,-0.006093,0.394739,0.388486,0.597521,0.701454,-0.752475,0.645084,-0.132597,-0.532188,-0.477068,0.699318,5e-06,-2.3e-05,-1.5e-05,0.028712,-0.181471,0.139215,0.11448,0.030167,0.040826,-0.011345,-0.45161,-0.555875,0.69789,0.699645,-0.706032,-0.109615,0.553665,0.438772,0.707766,0.006533,0.001304,0.000225,0.025715,-0.14068,-0.023169,-0.026088,0.084969,0.033639,-0.051715,-0.488666,0.839654,-0.237035,-0.869496,-0.491098,0.052909,-0.071982,0.231956,0.970059,-0.000509,0.00205,-0.006549,0.251203,0.842591,0.192426,-0.846681
575,0.078426,0.00634,0.420594,-0.455542,0.859728,-0.231072,-0.885811,-0.463516,0.021523,-0.088042,0.213418,0.973,0.010764,-0.000847,-0.016087,-0.431445,0.955038,-0.376912,-1.909443,-0.098996,-0.006071,0.394819,0.388157,0.600648,0.698961,-0.755419,0.641789,-0.131843,-0.528238,-0.47759,0.701951,0.0128,0.003845,0.001277,0.014282,-0.108452,0.205472,0.114861,0.0302,0.040836,-0.011305,-0.451518,-0.559231,0.695263,0.70287,-0.702926,-0.108936,0.54964,0.439494,0.710451,-0.000181,0.000837,0.000559,-0.003446,0.01222,0.003996,-0.026251,0.085221,0.033675,-0.052075,-0.479125,0.853355,-0.205482,-0.876338,-0.478319,0.056933,-0.049702,0.20735,0.977003,0.011684,-0.001758,-0.008907,-1.937345,2.183722,-0.866262,-0.842108
576,0.079114,0.006216,0.420002,-0.440487,0.875343,-0.199476,-0.89574,-0.44339,0.03204,-0.059858,0.1917,0.97964,0.023664,-0.0026,-0.017299,-2.073302,2.014788,-0.742898,-1.909582,-0.098963,-0.005989,0.394869,0.389507,0.607468,0.692284,-0.758328,0.638092,-0.133085,-0.523049,-0.473907,0.708305,-0.000322,0.001495,0.000999,0.09008,-0.46471,-0.195466,0.114622,0.030221,0.04088,-0.011279,-0.452982,-0.564583,0.689965,0.705867,-0.699866,-0.109263,0.544571,0.43753,0.715548,-0.000169,0.000767,0.000509,0.13584,-0.664349,-0.271063,-0.025924,0.085559,0.03361,-0.052372,-0.462534,0.869083,-0.17537,-0.886305,-0.458352,0.066144,-0.022897,0.186025,0.982277,0.011308,-0.006533,-0.003893,0.060503,0.410356,0.256404,-0.838679
577,0.079489,0.006134,0.41974,-0.430621,0.883934,-0.182405,-0.901231,-0.431972,0.033997,-0.048214,0.177926,0.982876,0.023326,-0.01089,-0.006563,0.117488,0.824205,-0.008919,-1.909336,-0.09894,-0.005954,0.394889,0.387931,0.608857,0.691949,-0.761236,0.634904,-0.131721,-0.519982,-0.476405,0.708887,-0.000182,0.000846,0.000565,0.001333,-0.00679,-0.002857,0.114582,0.030232,0.040898,-0.011268,-0.451948,-0.5674,0.688331,0.709159,-0.696631,-0.108618,0.541143,0.439047,0.717217,-0.000102,0.000473,0.000314,0.004012,-0.053648,0.192283,-0.026414,0.085755,0.033566,-0.052511,-0.453129,0.877345,-0.157917,-0.891409,-0.447506,0.0716,-0.007851,0.173213,0.984852,0.011684,-0.005424,-0.003275,0.192127,0.942108,-0.003775,-0.844558
