frame,MLTx,MLTy,MLTz,MLTR1,MLTR2,MLTR3,MLTR4,MLTR5,MLTR6,MLTR7,MLTR8,MLTR9,MLTTVx,MLTTVy,MLTTVz,MLTRVx,MLTRVy,MLTRVz,MLGA,MRTx,MRTy,MRTz,MRTR1,MRTR2,MRTR3,MRTR4,MRTR5,MRTR6,MRTR7,MRTR8,MRTR9,MRTTVx,MRTTVy,MRTTVz,MRTRVx,MRTRVy,MRTRVz,MRGA,SLTx,SLTy,SLTz,SLTR1,SLTR2,SLTR3,SLTR4,SLTR5,SLTR6,SLTR7,SLTR8,SLTR9,SLTTVx,SLTTVy,SLTTVz,SLTRVx,SLTRVy,SLTRVz,SLGA,SRTx,SRTy,SRTz,SRTR1,SRTR2,SRTR3,SRTR4,SRTR5,SRTR6,SRTR7,SRTR8,SRTR9,SRTTVx,SRTTVy,SRTTVz,SRTRVx,SRTRVy,SRTRVz,SRGA
2215,0.184848,0.073567,0.375562,-0.703874,-0.161418,-0.691773,-0.17294,-0.905614,0.387203,-0.68811,0.392374,0.610389,-0.013549,-0.058014,-0.103627,0.644381,-2.855585,1.586578,0.37251,-0.112369,0.082136,0.324341,0.610553,0.164402,0.774718,-0.463922,0.866987,0.181782,-0.642529,-0.470605,0.604608,-0.092609,-0.011754,-0.042918,0.097813,0.011997,-0.075633,0.105572,0.033828,0.056757,-0.021095,-0.505769,-0.225655,0.832632,0.480797,-0.875111,0.054885,0.716261,0.428086,0.551099,-0.046152,-0.006425,-0.02178,0.085269,-0.018762,-0.049606,-0.033926,0.130472,0.05849,-0.053458,-0.688754,0.01977,-0.724725,-0.37324,-0.86665,0.331073,-0.621538,0.498524,0.604287,-0.006527,-0.035934,-0.048286,0.301426,-2.587094,0.975427,0.363956
2216,0.184192,0.07025,0.371424,-0.643882,-0.15476,-0.749341,-0.190627,-0.916017,0.352912,-0.740228,0.370265,0.561242,-0.013743,-0.094177,-0.110227,0.292339,-0.913778,0.80007,0.290493,-0.116137,0.081092,0.322712,0.616342,0.165431,0.7699,-0.462689,0.867128,0.184231,-0.637876,-0.469984,0.609993,-0.101122,-0.032827,-0.041775,0.063041,0.06817,-0.160655,0.100227,0.031909,0.056229,-0.021927,-0.512036,-0.226421,0.828584,0.47987,-0.875465,0.057311,0.71242,0.426958,0.556922,-0.050445,-0.016822,-0.02111,0.066084,0.074663,-0.165872,-0.036538,0.130144,0.056837,-0.055528,-0.624102,0.016098,-0.781176,-0.391219,-0.871874,0.294588,-0.676345,0.489465,0.550436,-0.012415,-0.048721,-0.055608,0.922998,-2.111011,2.372833,0.256674
2217,0.183771,0.068291,0.369241,-0.610404,-0.118722,-0.783171,-0.222852,-0.923036,0.313549,-0.759365,0.366066,0.537947,-0.02544,-0.098953,-0.114229,0.430883,-1.149455,1.549274,0.268025,-0.118142,0.080368,0.321922,0.617566,0.166386,0.768712,-0.462526,0.867262,0.184015,-0.636811,-0.469402,0.611553,-0.101434,-0.033128,-0.042202,0.063,0.067702,-0.160982,0.085684,0.030946,0.055876,-0.022309,-0.51348,-0.227214,0.827472,0.479653,-0.87559,0.057217,0.711526,0.42628,0.558583,-0.049597,-0.022862,-0.017979,0.047376,-0.044347,-0.029839,-0.044539,0.129938,0.055847,-0.056623,-0.583087,0.046488,-0.811077,-0.421845,-0.870545,0.25337,-0.694302,0.489886,0.527215,-0.012613,-0.051293,-0.057902,1.011545,-2.282605,2.968744,0.208666
2218,0.182705,0.063953,0.36484,-0.561695,-0.023323,-0.827043,-0.295444,-0.928043,0.226761,-0.772126,0.371739,0.515419,-0.037656,-0.115272,-0.113053,0.67699,-0.04641,2.004302,0.204841,-0.122256,0.078855,0.320382,0.615762,0.172148,0.768892,-0.463975,0.867863,0.177414,-0.637502,-0.46621,0.613273,-0.11221,-0.046031,-0.035575,0.026675,0.086383,-0.213199,0.051931,0.028894,0.055117,-0.023086,-0.511719,-0.233146,0.826913,0.480199,-0.875718,0.050255,0.712426,0.4228,0.560078,-0.050187,-0.022098,-0.017668,0.036382,-0.037311,-0.016148,-0.080627,0.129409,0.053667,-0.058832,-0.513321,0.129715,-0.848336,-0.489588,-0.856134,0.165338,-0.704843,0.500207,0.502978,-0.012927,-0.057572,-0.056592,0.411344,-0.463559,2.088065,0.133063
2219,0.181162,0.059151,0.360868,-0.548378,0.069202,-0.83339,-0.378554,-0.909151,0.173535,-0.744991,0.410554,0.525795,-0.050044,-0.126455,-0.095446,0.334946,-0.212977,2.046399,0.132941,-0.126518,0.077021,0.31903,0.623215,0.176312,0.761911,-0.464877,0.866889,0.179798,-0.629552,-0.466472,0.621233,-0.099689,-0.055503,-0.028943,-0.012686,0.078714,-0.195163,0.029973,0.026801,0.054225,-0.023754,-0.520112,-0.236638,0.820661,0.481362,-0.87493,0.052787,0.70553,0.42249,0.568971,-0.056587,-0.022912,-0.017895,-0.001727,0.049294,-0.163408,-0.113285,0.128623,0.051197,-0.060874,-0.481423,0.221436,-0.848054,-0.564715,-0.818332,0.106901,-0.670319,0.530374,0.519012,-0.024901,-0.062948,-0.047536,0.346752,-0.229366,2.065769,0.025454
2220,0.178681,0.054047,0.357702,-0.549474,0.155646,-0.820913,-0.457917,-0.877887,0.139992,-0.698202,0.452634,0.554674,-0.062849,-0.144133,-0.066288,-4.15087,1.406604,4.21025,0.145472,-0.130829,0.074554,0.317882,0.629236,0.178705,0.756385,-0.467194,0.864646,0.184528,-0.621798,-0.469717,0.626575,-0.112341,-0.060419,-0.031848,-0.076254,-0.207153,0.075688,0.021347,0.02465,0.052998,-0.024323,-0.526046,-0.238748,0.816256,0.484335,-0.873037,0.05678,0.699066,0.425211,0.574892,-0.055194,-0.036546,-0.012835,-0.946772,-1.877889,1.401947,-0.136635,0.127406,0.048685,-0.06244,-0.466862,0.300973,-0.831537,-0.629663,-0.773373,0.0736,-0.620937,0.557949,0.55057,-0.037378,-0.065834,-0.036513,0.45141,0.640504,1.39864,-0.006061
2221,0.177213,0.051448,0.356393,-0.544622,0.208262,-0.812441,-0.512698,-0.849268,0.125921,-0.663084,0.484853,0.570319,-0.075851,-0.136491,-0.063218,-4.514822,1.812953,4.158819,0.146861,-0.132966,0.073276,0.317333,0.627032,0.181123,0.757639,-0.469595,0.863821,0.182287,-0.622213,-0.470313,0.625715,-0.112882,-0.061525,-0.03296,-0.015679,0.117452,-0.25024,0.00327,0.02354,0.052337,-0.024609,-0.52438,-0.241106,0.816634,0.486376,-0.872025,0.054853,0.698901,0.425955,0.574542,-0.061524,-0.03757,-0.013134,-0.036381,0.018459,-0.145698,-0.146596,0.126677,0.047381,-0.063097,-0.451654,0.350633,-0.820405,-0.676716,-0.733884,0.058895,-0.581432,0.581782,0.56874,-0.037813,-0.067964,-0.031386,-1.232996,0.776803,1.623671,-0.001652
2222,0.174121,0.046318,0.354142,-0.538855,0.294072,-0.789431,-0.587197,-0.803024,0.10161,-0.603388,0.517935,0.606377,-0.077503,-0.131292,-0.048425,0.231803,1.08786,0.57363,0.120228,-0.137406,0.070749,0.31618,0.627882,0.187177,0.755461,-0.473315,0.862291,0.179889,-0.618523,-0.470758,0.629031,-0.102764,-0.056522,-0.031115,-0.003882,0.070161,-0.210268,-0.026258,0.021317,0.051064,-0.025192,-0.525596,-0.247261,0.814008,0.489775,-0.870303,0.051881,0.695606,0.42595,0.57853,-0.0565,-0.035507,-0.012535,-0.040041,0.013732,-0.112554,-0.183173,0.125161,0.044855,-0.06421,-0.427341,0.435143,-0.792482,-0.743401,-0.667974,0.034097,-0.514522,0.603704,0.608939,-0.044719,-0.064737,-0.023387,-1.063824,1.185609,1.177683,-0.019614
2223,0.171031,0.041501,0.352763,-0.546179,0.35349,-0.759459,-0.616044,-0.783808,0.078147,-0.566973,0.510099,0.646813,-0.090922,-0.120693,-0.028544,0.488891,1.559548,0.55176,0.065884,-0.141636,0.068222,0.315151,0.637337,0.19855,0.744561,-0.47632,0.860969,0.178287,-0.606424,-0.46853,0.642334,-0.102877,-0.065988,-0.023249,0.106197,-0.262989,-0.304793,-0.044258,0.019202,0.049804,-0.02571,-0.53625,-0.257272,0.803894,0.492508,-0.868842,0.050477,0.685471,0.422993,0.592625,-0.051477,-0.032373,-0.011089,0.171522,-0.368363,-0.371413,-0.20832,0.123558,0.042344,-0.064944,-0.424029,0.49394,-0.759092,-0.766703,-0.641913,0.010588,-0.482042,0.586488,0.650896,-0.045354,-0.059305,-0.013601,0.47616,1.528369,0.532115,-0.075786
2224,0.169475,0.039112,0.352479,-0.545044,0.385323,-0.744647,-0.63566,-0.769014,0.067269,-0.546052,0.509524,0.665011,-0.078693,-0.119183,-0.013468,0.170304,1.019387,0.58288,0.044949,-0.143503,0.066961,0.314774,0.642143,0.20646,0.738253,-0.478164,0.860537,0.175411,-0.599864,-0.465907,0.650351,-0.090106,-0.074683,-0.015603,0.198628,-0.509467,-0.466567,-0.057806,0.01823,0.049148,-0.025908,-0.541678,-0.264154,0.798002,0.493955,-0.868166,0.047913,0.680142,0.42013,0.600746,-0.045051,-0.037271,-0.007686,0.282207,-0.626828,-0.572095,-0.218607,0.122809,0.041189,-0.065084,-0.417123,0.525306,-0.741661,-0.782248,-0.622964,-0.001285,-0.462703,0.579628,0.670772,-0.039169,-0.063836,-0.001809,-0.022747,1.383135,0.795243,-0.108444
2225,0.166515,0.034519,0.352918,-0.55937,0.422235,-0.71335,-0.639285,-0.767518,0.04692,-0.527009,0.481751,0.700146,-0.07813,-0.120018,0.031452,0.291636,1.33286,0.493491,-0.023479,-0.147475,0.063839,0.314329,0.649619,0.225018,0.726191,-0.483192,0.859585,0.16605,-0.587654,-0.459045,0.666186,-0.090577,-0.082395,-0.006164,0.180788,-0.630396,-0.332804,-0.136663,0.016279,0.047615,-0.02613,-0.550609,-0.281868,0.785735,0.497707,-0.866515,0.037925,0.670161,0.411948,0.617399,-0.050737,-0.047568,0.000584,0.259168,-0.687461,-0.712508,-0.267431,0.121328,0.038878,-0.064892,-0.425027,0.561109,-0.710286,-0.784405,-0.619914,-0.020338,-0.451728,0.548509,0.703618,-0.032708,-0.053483,0.012142,0.166103,1.06017,0.158016,-0.17425
2226,0.163686,0.030419,0.355193,-0.572628,0.452978,-0.68334,-0.646634,-0.761897,0.036738,-0.503287,0.462341,0.730048,-0.076093,-0.098007,0.07733,0.173048,1.268393,0.287343,-0.120782,-0.151106,0.060389,0.314558,0.659814,0.25163,0.708039,-0.489193,0.85901,0.150752,-0.571087,-0.446156,0.688961,-0.090267,-0.09577,0.015107,0.122613,-1.01272,-0.339817,-0.239975,0.01443,0.04585,-0.026024,-0.563409,-0.30786,0.766675,0.5017,-0.864776,0.021434,0.656404,0.396717,0.641676,-0.045171,-0.047523,0.00788,0.154381,-1.090479,-0.379738,-0.35969,0.119884,0.036767,-0.063754,-0.433382,0.593314,-0.678349,-0.789942,-0.612399,-0.030955,-0.433787,0.522441,0.734086,-0.037931,-0.046882,0.040107,0.12454,1.171792,0.233846,-0.255242
2227,0.161016,0.027104,0.359205,-0.587983,0.479113,-0.651746,-0.650397,-0.759033,0.028703,-0.48022,0.440171,0.758726,-0.060721,-0.080111,0.1205,0.072706,1.104833,0.325535,-0.15335,-0.154514,0.056812,0.315393,0.674741,0.289254,0.679006,-0.495302,0.859462,0.126232,-0.547895,-0.421855,0.722297,-0.092364,-0.085119,0.023374,0.37162,-1.165944,-0.494924,-0.400006,0.012761,0.044091,-0.025617,-0.581834,-0.343045,0.737419,0.50453,-0.863386,-0.003564,0.637901,0.369977,0.675425,-0.039407,-0.047376,0.015441,0.525464,-1.59158,-0.534402,-0.489833,0.118572,0.035137,-0.061794,-0.444495,0.620314,-0.646245,-0.792507,-0.608608,-0.039092,-0.41756,0.494778,0.762127,-0.030327,-0.033474,0.056822,0.157237,1.212794,0.382571,-0.295575
2228,0.159732,0.025884,0.361785,-0.594986,0.49301,-0.634806,-0.652911,-0.757038,0.023933,-0.468039,0.428094,0.773112,-0.071633,-0.057459,0.13569,0.078757,1.090194,0.33556,-0.182258,-0.156094,0.054986,0.316065,0.685153,0.311615,0.658371,-0.497813,0.860095,0.111144,-0.532469,-0.404293,0.743563,-0.079649,-0.089959,0.034626,0.533419,-1.588086,-0.532606,-0.49849,0.011966,0.043178,-0.025287,-0.594608,-0.363055,0.717378,0.505029,-0.862911,-0.018107,0.625608,0.351531,0.696447,-0.039867,-0.044582,0.017665,0.349915,-1.289142,-0.28557,-0.571152,0.117934,0.034517,-0.060511,-0.449377,0.634646,-0.628716,-0.794291,-0.605946,-0.043938,-0.408853,0.479639,0.776392,-0.029419,-0.027756,0.068373,0.11541,1.279758,0.222956,-0.31566
2229,0.15712,0.024241,0.367582,-0.595152,0.534357,-0.600251,-0.67596,-0.736782,0.01423,-0.433916,0.413546,0.800452,-0.056271,-0.041891,0.160387,-3.17074,1.320776,4.899402,-0.191656,-0.158975,0.05165,0.317924,0.71334,0.35282,0.605521,-0.496994,0.863797,0.082368,-0.494865,-0.360147,0.790737,-0.067883,-0.081679,0.056347,0.711095,-2.055066,-0.301679,-0.777327,0.010522,0.041496,-0.024374,-0.629258,-0.4004,0.666117,0.500653,-0.864391,-0.046632,0.594458,0.30415,0.744387,-0.040296,-0.040598,0.02896,0.570889,-1.829194,-0.156161,-0.809229,0.116625,0.033713,-0.057606,-0.446695,0.670135,-0.592775,-0.808675,-0.585869,-0.052938,-0.382764,0.455715,0.803626,-0.034482,-0.019493,0.081362,-0.059959,0.971335,0.035681,-0.340153
2230,0.154967,0.022262,0.374075,-0.579552,0.584762,-0.567642,-0.713272,-0.700839,0.006167,-0.393505,0.407727,0.823978,-0.043496,-0.054427,0.16719,0.073257,1.17084,0.392566,-0.198001,-0.16152,0.049083,0.32039,0.738545,0.380538,0.556536,-0.486805,0.872043,0.049945,-0.46723,-0.3083,0.828559,-0.070252,-0.050902,0.064201,1.037922,-1.116215,-0.256602,-1.005084,0.009224,0.04018,-0.023121,-0.661636,-0.426255,0.616882,0.48641,-0.870103,-0.07953,0.570651,0.247438,0.783027,-0.03522,-0.024529,0.032853,1.096478,-1.085985,-0.302282,-0.913572,0.115547,0.032769,-0.054335,-0.418867,0.717647,-0.556356,-0.840937,-0.537739,-0.060513,-0.342601,0.442514,0.828736,-0.021803,-0.026814,0.083911,-0.153478,0.727295,0.168403,-0.343909
2231,0.154144,0.021241,0.377289,-0.570624,0.606911,-0.553257,-0.728943,-0.684553,0.000789,-0.377551,0.402984,0.833718,-0.043354,-0.054052,0.167268,-0.008086,1.006627,0.297229,-0.214692,-0.162768,0.048181,0.321835,0.75063,0.386395,0.535953,-0.47686,0.878248,0.03491,-0.458138,-0.282275,0.842789,-0.058119,-0.039253,0.072014,0.826917,-0.886239,0.284125,-1.108258,0.008644,0.039755,-0.022455,-0.676326,-0.43131,0.59712,0.475813,-0.874633,-0.092835,0.562302,0.221331,0.79676,-0.029665,-0.012937,0.033122,0.600044,-1.77356,0.4056,-0.884179,0.115136,0.032264,-0.052724,-0.40623,0.737238,-0.539867,-0.852698,-0.518212,-0.066042,-0.328454,0.433516,0.839154,-0.015404,-0.022011,0.078898,0.05027,1.031007,0.378246,-0.351094
2232,0.152941,0.01955,0.383482,-0.557898,0.637766,-0.531083,-0.742936,-0.668947,-0.022975,-0.369231,0.380946,0.847688,-0.017529,-0.032352,0.148582,0.542505,0.265662,0.621493,-0.27161,-0.165047,0.047539,0.324576,0.77207,0.381944,0.507954,-0.454076,0.890686,0.020674,-0.445487,-0.247104,0.860433,-0.060432,-0.001167,0.068363,0.212612,-0.994606,0.592742,-1.331774,0.007483,0.039413,-0.021049,-0.70028,-0.424557,0.573897,0.450688,-0.886389,-0.105795,0.553613,0.184563,0.812064,-0.030314,0.000461,0.035024,0.270988,-1.098907,0.560463,-0.89561,0.114525,0.031414,-0.049618,-0.389024,0.764437,-0.514096,-0.862032,-0.498887,-0.089511,-0.324901,0.408346,0.853048,-0.015197,-0.021004,0.079272,1.925114,-0.672589,1.448672,-0.382119
2233,0.15233,0.018298,0.388987,-0.540237,0.674721,-0.502933,-0.765807,-0.641887,-0.038634,-0.348228,0.363435,0.864106,-0.005578,-0.030411,0.133751,-0.005254,0.73835,0.298235,-0.350664,-0.167368,0.047901,0.32741,0.782843,0.365921,0.50324,-0.437686,0.898666,0.027648,-0.443097,-0.242377,0.863007,-0.048663,0.022368,0.068043,-0.137402,-0.176679,0.341696,-1.400062,0.006318,0.039592,-0.019627,-0.711914,-0.407849,0.571696,0.435058,-0.895177,-0.096856,0.551272,0.179768,0.814727,-0.023945,0.006219,0.038356,-0.184725,-0.174956,0.359904,-0.900345,0.114214,0.030789,-0.046802,-0.365184,0.795585,-0.483409,-0.878107,-0.466816,-0.104925,-0.30914,0.386168,0.869083,-0.002912,-0.01559,0.066674,-0.01116,0.726197,0.290866,-0.430616
2234,0.15221,0.017777,0.391533,-0.53147,0.689675,-0.491867,-0.776889,-0.628241,-0.041561,-0.33702,0.359177,0.870309,-0.005852,-0.023597,0.122332,-0.142893,0.403924,0.131981,-0.389197,-0.168452,0.048303,0.328815,0.783587,0.360625,0.505898,-0.435456,0.899551,0.033467,-0.443982,-0.246985,0.861244,-0.060939,0.024403,0.070022,-0.196662,0.091835,0.043857,-1.400452,0.005803,0.039789,-0.018947,-0.712407,-0.402489,0.574872,0.433406,-0.896626,-0.090665,0.551937,0.184562,0.813204,-0.030091,0.006905,0.039109,-0.245732,0.011735,0.211233,-0.898386,0.114154,0.030548,-0.045619,-0.354043,0.80802,-0.470909,-0.885862,-0.451171,-0.108134,-0.299835,0.378877,0.875528,-0.003014,-0.01188,0.061138,-0.167034,0.37042,0.490112,-0.459029
2235,0.152554,0.01724,0.39577,-0.524895,0.704707,-0.477408,-0.785719,-0.616795,-0.046695,-0.326723,0.349719,0.878052,0.019244,-0.004853,0.101501,-0.027152,0.409466,0.269897,-0.423443,-0.170648,0.049224,0.33155,0.78084,0.351956,0.516146,-0.437167,0.897994,0.049245,-0.447131,-0.264548,0.854372,-0.059444,0.014999,0.077875,-0.477793,0.478168,0.069574,-1.400907,0.004681,0.04027,-0.01755,-0.708726,-0.395157,0.584429,0.437032,-0.896228,-0.075997,0.553813,0.201553,0.807877,-0.024024,0.013705,0.035112,-0.579376,0.517012,0.382522,-0.890874,0.114317,0.030255,-0.043452,-0.345475,0.819744,-0.456798,-0.89196,-0.438115,-0.111632,-0.29164,0.36888,0.882537,0.003248,-0.002586,0.050852,0.059683,0.702811,0.10824,-0.500015
2236,0.153119,0.017136,0.399366,-0.520076,0.710839,-0.473577,-0.789885,-0.611186,-0.050061,-0.324388,0.347148,0.879936,0.018222,0.006006,0.077051,-0.143237,0.030118,0.117349,-0.462339,-0.172524,0.049874,0.33457,0.779488,0.344705,0.523038,-0.439889,0.895621,0.065535,-0.446819,-0.281606,0.849067,-0.045685,0.003998,0.083699,-0.360969,0.223806,0.096437,-1.40087,0.003721,0.040607,-0.016006,-0.706203,-0.387739,0.592397,0.441929,-0.895104,-0.05904,0.553149,0.220104,0.803479,-0.022905,0.002046,0.041923,-0.353458,0.218306,0.091056,-0.891528,0.114601,0.030209,-0.041639,-0.339609,0.825203,-0.451336,-0.894702,-0.431442,-0.11561,-0.290127,0.364549,0.884833,0.002723,-0.002518,0.043196,-0.210142,0.023735,0.019854,-0.529244
2237,0.153386,0.016999,0.402091,-0.516926,0.716576,-0.46835,-0.79332,-0.606515,-0.052481,-0.321031,0.343529,0.882584,0.016281,-0.012084,0.067214,0.03896,0.437586,0.196656,-0.486386,-0.174051,0.050162,0.337751,0.778184,0.340259,0.527868,-0.44273,0.893299,0.077079,-0.44628,-0.294122,0.845097,-0.033009,0.005476,0.082884,-0.206875,0.025144,0.017889,-1.400519,0.002957,0.040751,-0.014415,-0.704245,-0.383458,0.597493,0.446196,-0.893667,-0.04762,0.55222,0.233063,0.800458,-0.016566,0.002697,0.041449,-0.170532,-0.014655,-0.011492,-0.901488,0.114742,0.030154,-0.040242,-0.335797,0.828863,-0.447465,-0.897029,-0.426328,-0.11654,-0.287363,0.362256,0.886674,0.008017,-0.006799,0.033199,0.131261,0.618704,0.266107,-0.552758
2238,0.153545,0.016974,0.403228,-0.516478,0.718389,-0.466061,-0.794607,-0.604878,-0.051911,-0.318567,0.342628,0.883826,0.016128,0.006248,0.047139,-0.059279,0.073939,0.089154,-0.497368,-0.17472,0.050277,0.33944,0.777424,0.339108,0.529726,-0.444686,0.891899,0.08188,-0.445658,-0.299653,0.843481,-0.032859,0.006388,0.083048,-0.194413,0.011718,0.007303,-1.400249,0.002643,0.040803,-0.013633,-0.703365,-0.382402,0.599203,0.448512,-0.892729,-0.043246,0.551464,0.238333,0.799427,-0.016497,0.003615,0.041852,-0.17217,-0.012594,-0.010264,-0.902142,0.114813,0.030132,-0.039718,-0.335033,0.831307,-0.443486,-0.897893,-0.424348,-0.117116,-0.285552,0.358966,0.888595,0.007975,-0.00224,0.028155,-0.096875,0.162306,-0.082155,-0.561249
2239,0.15381,0.017373,0.40512,-0.515289,0.724955,-0.457124,-0.797083,-0.601315,-0.05524,-0.314288,0.334996,0.888272,0.004209,0.021686,0.040509,0.024347,0.162681,0.145216,-0.511642,-0.175665,0.050433,0.342669,0.774989,0.337457,0.534328,-0.449436,0.888643,0.090851,-0.445128,-0.310988,0.839649,-0.019595,-0.005893,0.088386,-0.281408,0.182496,-0.134297,-1.398561,0.002158,0.040893,-0.011986,-0.700396,-0.381197,0.603434,0.454446,-0.890093,-0.034816,0.550384,0.249844,0.796652,-0.010256,0.003197,0.040692,-0.22853,0.039606,0.069105,-0.909,0.114949,0.030307,-0.038757,-0.333008,0.837009,-0.434189,-0.899441,-0.420192,-0.120184,-0.283038,0.350506,0.892768,0.002061,0.005834,0.025036,-0.001329,0.19427,0.134406,-0.574965
2240,0.153953,0.018145,0.406624,-0.514948,0.730058,-0.449321,-0.799392,-0.598181,-0.055895,-0.308948,0.32949,0.892196,0.003785,0.027504,0.028508,-0.028795,0.018616,0.095796,-0.523806,-0.176264,0.050344,0.345877,0.772597,0.339783,0.536314,-0.455449,0.885079,0.095575,-0.443161,-0.318541,0.837856,-0.008085,0.002199,0.077048,-0.185879,0.089268,-0.137532,-1.394318,0.001854,0.040848,-0.010376,-0.697794,-0.383814,0.604788,0.461058,-0.886833,-0.030845,0.548185,0.257319,0.795788,-0.00371,-0.004799,0.042264,-0.208658,-0.011511,0.008348,-0.911776,0.115021,0.030696,-0.037998,-0.332034,0.841692,-0.4258,-0.901031,-0.416577,-0.120848,-0.279096,0.343534,0.89671,0.007958,0.007831,0.018384,-0.13692,0.083311,-0.140297,-0.585579
2241,0.154175,0.019471,0.407646,-0.521152,0.733355,-0.436619,-0.800128,-0.59779,-0.049144,-0.296405,0.322824,0.898864,0.004419,0.043893,0.021785,0.20969,0.463751,0.101599,-0.550436,-0.176408,0.050566,0.348786,0.773619,0.339917,0.534754,-0.458604,0.88266,0.102606,-0.438086,-0.325054,0.838024,0.004084,0.0025,0.075724,-1.609451,-1.989445,1.054135,-1.385944,0.001777,0.040956,-0.008923,-0.697218,-0.38438,0.605093,0.465156,-0.884843,-0.026113,0.54545,0.263256,0.795725,0.001601,0.006874,0.033962,-0.135062,-0.048502,0.073743,-0.910143,0.11513,0.031339,-0.037491,-0.338183,0.84441,-0.415454,-0.902041,-0.41669,-0.112654,-0.268242,0.336659,0.90261,0.002229,0.022294,0.011061,0.239633,0.491258,0.149919,-0.604031
2242,0.1542,0.02037,0.408082,-0.525099,0.733826,-0.431065,-0.799759,-0.598613,-0.044954,-0.290383,0.320226,0.901754,0.004554,0.045276,0.022271,0.128987,0.299091,0.033399,-0.551435,-0.176386,0.050723,0.350141,0.773142,0.338251,0.536497,-0.459825,0.88149,0.107102,-0.437646,-0.329933,0.836345,0.004067,0.000326,0.07409,-0.231552,0.12924,-0.068179,-1.384697,0.001789,0.041037,-0.008243,-0.69827,-0.382196,0.605263,0.466919,-0.884082,-0.01959,0.54259,0.26893,0.795783,0.001594,0.005539,0.032979,-0.182526,0.024002,0.089814,-0.910306,0.115143,0.03179,-0.037273,-0.342114,0.846002,-0.408947,-0.902051,-0.417579,-0.109229,-0.263176,0.331522,0.905997,-0.003788,0.023606,0.011816,0.208282,0.453472,0.060305,-0.60844
2243,0.154319,0.022049,0.408859,-0.529791,0.733051,-0.426618,-0.799589,-0.599379,-0.037067,-0.282226,0.320566,0.90422,0.003912,0.039061,0.018894,-0.001201,-0.042211,0.103423,-0.548409,-0.176262,0.050802,0.35282,0.775494,0.338115,0.533178,-0.462672,0.878895,0.115807,-0.430412,-0.336928,0.83731,0.00324,0.003652,0.060929,-0.136862,-0.0321,0.050209,-1.387628,0.001849,0.041087,-0.00692,-0.700997,-0.382015,0.602217,0.4709,-0.882112,-0.011425,0.535588,0.275575,0.798249,0.001577,0.002168,0.030678,-0.144055,0.08051,-0.119942,-0.918634,0.115204,0.032645,-0.036876,-0.347119,0.846324,-0.404033,-0.902404,-0.418701,-0.101762,-0.255293,0.329278,0.909065,0.001899,0.019081,0.009231,-0.01043,-0.029879,0.071872,-0.610726
2244,0.15446,0.023264,0.409615,-0.530298,0.733851,-0.424608,-0.801048,-0.597685,-0.032667,-0.277102,0.321891,0.905333,0.003175,0.031856,0.015199,0.001423,-0.033269,0.0786,-0.554496,-0.175987,0.050942,0.355,0.776394,0.341431,0.529743,-0.465006,0.877627,0.116081,-0.426244,-0.336896,0.839452,0.014431,0.011561,0.049803,0.054026,-0.239548,-0.031089,-1.38755,0.001989,0.04115,-0.005784,-0.702315,-0.384864,0.598859,0.473319,-0.880822,-0.010985,0.531716,0.275737,0.800778,0.007179,0.00544,0.024691,0.085526,-0.275859,-0.055822,-0.91994,0.115275,0.033259,-0.036495,-0.347542,0.847098,-0.402041,-0.903701,-0.416955,-0.097323,-0.250076,0.329501,0.910433,0.00154,0.010654,0.012273,-0.031494,-0.023369,0.059933,-0.613338
2245,0.154509,0.023687,0.410053,-0.529136,0.735804,-0.422674,-0.802,-0.59632,-0.03421,-0.276569,0.319964,0.906179,0.002891,0.019241,0.023475,-0.028508,-0.014129,0.063843,-0.555351,-0.175855,0.051069,0.356009,0.777206,0.344826,0.526343,-0.466241,0.877249,0.11396,-0.4234,-0.334415,0.84188,0.003187,-0.00223,0.05693,0.001306,-0.182436,-0.091087,-1.388566,0.002054,0.041214,-0.005301,-0.703603,-0.388221,0.595168,0.474236,-0.880292,-0.013566,0.529189,0.272706,0.803485,0.001162,0.004579,0.024536,0.060562,-0.128168,-0.269611,-0.918307,0.115299,0.033475,-0.036279,-0.34605,0.848785,-0.399764,-0.904264,-0.415324,-0.099057,-0.25011,0.327214,0.911249,0.001385,0.009119,0.0115,-0.040858,-0.02711,0.029501,-0.614645
2246,0.154667,0.024042,0.411099,-0.528621,0.737999,-0.419478,-0.803837,-0.593958,-0.032107,-0.272197,0.319298,0.907736,0.002125,0.001805,0.029477,-0.063625,0.012213,0.01974,-0.558869,-0.175774,0.051046,0.358024,0.777891,0.350377,0.521645,-0.4693,0.875904,0.111729,-0.418727,-0.33217,0.8451,-0.008793,-0.008012,0.05419,-0.060676,-0.082961,-0.095311,-1.390003,0.002099,0.041206,-0.004292,-0.705003,-0.393694,0.589893,0.476983,-0.878758,-0.016422,0.524839,0.269792,0.807313,0.001552,-0.003453,0.026985,-0.07024,-0.098893,-0.033024,-0.91896,0.115379,0.033661,-0.035757,-0.345219,0.85069,-0.39642,-0.905683,-0.412718,-0.096957,-0.246091,0.32556,0.912934,0.00704,0.000124,0.014159,-0.075713,-0.028697,0.040699,-0.617911
2247,0.154853,0.023727,0.412289,-0.531943,0.740814,-0.410216,-0.802368,-0.595747,-0.035534,-0.270054,0.309317,0.911823,0.01329,-0.017777,0.034188,0.121054,0.471767,0.187277,-0.554775,-0.175842,0.050964,0.360062,0.782918,0.361947,0.505989,-0.472522,0.874944,0.105492,-0.405499,-0.322147,0.855368,0.002383,0.005381,0.046381,0.217391,-0.750716,-0.227478,-1.387853,0.002064,0.041154,-0.003296,-0.711181,-0.402713,0.576232,0.479272,-0.877398,-0.021677,0.514315,0.260756,0.816998,0.001155,0.002384,0.023018,-1.469052,-2.189548,1.057471,-0.924512,0.115467,0.033516,-0.035173,-0.348641,0.852548,-0.389371,-0.904363,-0.415095,-0.099108,-0.246121,0.31758,0.915732,0.000603,-0.008493,0.017487,-0.103833,0.031455,-0.023986,-0.617584
2248,0.154926,0.023391,0.412914,-0.536346,0.739025,-0.407701,-0.799495,-0.599612,-0.035259,-0.269859,0.306121,0.912958,0.012997,-0.020781,0.032807,0.157424,0.148427,-0.405709,-0.549659,-0.175919,0.051017,0.360988,0.785327,0.364698,0.500248,-0.473173,0.874599,0.10544,-0.400036,-0.319976,0.858749,-0.009538,0.005967,0.047448,0.029286,-0.180196,-0.094689,-1.386545,0.002026,0.041176,-0.002814,-0.715229,-0.406516,0.568499,0.480069,-0.876926,-0.023087,0.507917,0.256407,0.822359,0.001161,0.003093,0.023366,0.019093,-0.193662,-0.058537,-0.924349,0.115505,0.033352,-0.034864,-0.351679,0.85334,-0.384877,-0.90315,-0.417444,-0.100298,-0.246253,0.31233,0.917501,0.000359,-0.010606,0.016523,2.227574,0.389906,-5.035011,-0.616278
2249,0.154965,0.022552,0.414057,-0.533198,0.743201,-0.404223,-0.800375,-0.597884,-0.043647,-0.273461,0.299329,0.914138,0.0002,-0.027615,0.03011,0.631812,-0.22517,0.279424,-0.533659,-0.176212,0.050802,0.362912,0.785824,0.370218,0.49539,-0.476325,0.873143,0.103292,-0.39528,-0.31761,0.861824,-0.008722,-0.013551,0.050654,-0.125616,-0.005529,-0.0409,-1.386746,0.00188,0.041088,-0.001846,-0.716317,-0.411629,0.563427,0.482922,-0.875291,-0.025505,0.503661,0.253822,0.825771,-0.004786,-0.001424,0.021154,-0.124287,0.023873,0.00235,-0.92141,0.115529,0.03293,-0.034277,-0.349769,0.855896,-0.380922,-0.902584,-0.416808,-0.10776,-0.251003,0.306123,0.918305,5e-05,-0.00919,0.010041,2.214724,-1.194909,0.94085,-0.608766
2250,0.154954,0.021575,0.414871,-0.530084,0.744231,-0.406419,-0.799906,-0.597874,-0.051653,-0.280776,0.296787,0.912748,-0.000381,-0.023678,0.017657,-0.004375,0.15893,0.0158,-0.534768,-0.1768,0.050626,0.364668,0.785786,0.380105,0.487905,-0.480995,0.871411,0.096017,-0.389644,-0.310616,0.866925,-0.021329,0.000175,0.044694,0.069906,-0.207715,-0.156572,-1.387645,0.001598,0.04098,-0.00099,-0.717198,-0.420377,0.555795,0.486512,-0.873066,-0.032551,0.49893,0.247056,0.830681,-0.004759,-0.000186,0.021785,0.177474,-0.34819,-0.209707,-0.919614,0.115523,0.032441,-0.033871,-0.345992,0.856209,-0.383658,-0.901653,-0.416504,-0.116378,-0.259439,0.305661,0.916112,-0.000228,-0.012067,0.008721,0.033571,0.258639,0.048347,-0.604194
2251,0.154944,0.020931,0.415367,-0.533906,0.741748,-0.405954,-0.795714,-0.603094,-0.055574,-0.285393,0.292426,0.912724,-4.3e-05,-0.010342,0.009534,0.093176,0.272631,0.083682,-0.534582,-0.177497,0.050772,0.366347,0.787518,0.389127,0.477898,-0.484659,0.869967,0.090531,-0.381505,-0.303411,0.873074,-0.021225,0.001987,0.045501,0.132323,-0.27054,-0.23197,-1.385223,0.001234,0.041054,-0.000118,-0.72022,-0.42866,0.545465,0.489553,-0.871135,-0.038197,0.491548,0.239524,0.837261,-0.010644,0.001108,0.022825,0.172716,-0.314462,-0.260735,-0.91994,0.115516,0.032094,-0.033623,-0.350415,0.854227,-0.384062,-0.89843,-0.422439,-0.119867,-0.264637,0.30305,0.915492,-3.1e-05,-0.005164,0.004768,0.17711,0.443428,0.144816,-0.605337
2252,0.154945,0.020757,0.415565,-0.534104,0.741672,-0.405833,-0.795806,-0.603038,-0.054864,-0.284766,0.292735,0.912821,0.000164,-0.008232,0.01052,-0.033868,0.015029,-0.01767,-0.524578,-0.177938,0.050796,0.367238,0.788704,0.392805,0.472907,-0.486539,0.868984,0.089888,-0.376618,-0.301486,0.875858,-0.021175,0.001431,0.045104,0.210439,-0.365604,-0.294323,-1.385437,0.001014,0.041068,0.000329,-0.721952,-0.431451,0.540957,0.491299,-0.870147,-0.038324,0.487247,0.238104,0.840175,-0.010621,0.000759,0.022588,0.317404,-0.485997,-0.369622,-0.923532,0.115517,0.032004,-0.033526,-0.350526,0.854706,-0.382892,-0.898559,-0.422181,-0.119805,-0.264049,0.302057,0.91599,0.000105,-0.003794,0.005409,-0.043929,-0.004109,-0.024289,-0.602888
2253,0.154966,0.020722,0.415775,-0.53315,0.743487,-0.403762,-0.796651,-0.601787,-0.056319,-0.284194,0.290702,0.913648,0.000322,0.003286,0.001528,0.007885,-0.074243,0.184353,-0.50967,-0.178915,0.050897,0.369158,0.79204,0.395742,0.464814,-0.485486,0.869877,0.086901,-0.370923,-0.294997,0.880486,-0.020988,0.008631,0.048747,2.556235,0.368288,4.777424,-1.387552,0.000533,0.041106,0.001265,-0.724246,-0.439525,0.531304,0.495023,-0.867809,-0.043112,0.480019,0.231784,0.846083,-0.016061,-0.000954,0.029072,-0.071274,-0.059374,-0.123156,-0.92288,0.115527,0.031984,-0.033417,-0.349477,0.856114,-0.3807,-0.899016,-0.420838,-0.121093,-0.263883,0.299936,0.916734,0.00021,-0.002757,0.005892,-0.041937,-0.00095,-0.023268,-0.59309
2254,0.155041,0.020925,0.415867,-0.536443,0.740899,-0.404157,-0.793706,-0.605615,-0.056847,-0.286221,0.289361,0.913441,0.000538,0.005497,0.00255,0.0,0.0,0.0,-0.489169,-0.179936,0.051346,0.371255,0.795116,0.40397,0.452317,-0.488939,0.868192,0.084353,-0.359609,-0.288744,0.887227,-0.020732,0.016013,0.052285,0.059672,-0.209581,-0.11896,-1.383977,2.2e-05,0.041326,0.002312,-0.731161,-0.441735,0.519878,0.492984,-0.868876,-0.044937,0.47156,0.223435,0.853056,-0.015925,0.002535,0.030748,0.072502,-0.221778,-0.2299,-0.916511,0.115564,0.032082,-0.033372,-0.353107,0.854257,-0.38152,-0.896929,-0.425096,-0.121697,-0.266144,0.299225,0.916313,0.000284,0.002924,0.001357,0.000813,-0.011178,0.026675,-0.58215
2255,0.155051,0.021021,0.415923,-0.535591,0.741354,-0.404453,-0.794204,-0.604926,-0.057234,-0.286435,0.289638,0.913286,0.000562,0.005742,0.002661,0.008213,-0.086647,0.21042,-0.47696,-0.180477,0.051613,0.372344,0.796309,0.405606,0.44874,-0.490199,0.867299,0.086203,-0.355216,-0.289136,0.888868,-0.019899,0.006426,0.061132,-0.082472,-0.069379,-0.052482,-1.380783,-0.000256,0.041469,0.002878,-0.732865,-0.443439,0.516013,0.494564,-0.868048,-0.04356,0.467241,0.223278,0.855472,-0.009987,0.003425,0.030697,-0.108121,-0.030562,-0.034648,-0.912919,0.115569,0.032134,-0.033343,-0.352304,0.854499,-0.381723,-0.89721,-0.424415,-0.122004,-0.266262,0.299504,0.916188,0.000244,0.002512,0.001162,-5.5e-05,-4.1e-05,0.000106,-0.573985
2256,0.155117,0.021152,0.4161,-0.533889,0.742265,-0.405032,-0.795267,-0.603476,-0.057794,-0.286668,0.290326,0.912995,0.000609,0.006238,0.002884,0.00104,-0.010958,0.026634,-0.466213,-0.181459,0.052018,0.37471,0.797891,0.403575,0.44776,-0.488456,0.868077,0.088251,-0.354064,-0.289643,0.889162,-0.01968,0.008998,0.062034,-0.119839,-0.023258,-0.022435,-1.370951,-0.00074,0.041671,0.004039,-0.734515,-0.441265,0.515531,0.493031,-0.869027,-0.041379,0.46627,0.223779,0.85587,-0.015725,0.004653,0.031525,-0.139989,0.013154,-0.039975,-0.911939,0.115603,0.032199,-0.033254,-0.350282,0.855108,-0.382219,-0.897973,-0.422632,-0.122579,-0.266356,0.300285,0.915905,0.00027,0.00281,0.0013,-4e-06,0.0,8.3e-05,-0.561902
2257,0.155225,0.021199,0.416452,-0.533984,0.744027,-0.40166,-0.796441,-0.602045,-0.056524,-0.283215,0.288786,0.914559,0.00079,-0.001819,0.013479,0.114842,0.308869,0.128116,-0.463972,-0.182302,0.052231,0.377153,0.801081,0.401195,0.444188,-0.483767,0.870913,0.086103,-0.353299,-0.284373,0.891165,-0.031217,0.005924,0.060918,-0.073867,0.02503,-0.254039,-1.346404,-0.001156,0.041787,0.005265,-0.738278,-0.438569,0.512447,0.487948,-0.871805,-0.043137,0.465673,0.218201,0.857633,-0.009499,-0.002817,0.034137,-0.093904,-0.06276,-0.036551,-0.906877,0.115657,0.032224,-0.033078,-0.350266,0.856257,-0.379652,-0.898887,-0.421224,-0.120709,-0.263277,0.298984,0.917219,0.000396,-0.000849,0.006764,0.18045,0.434084,0.172679,-0.557493
2258,0.155324,0.021124,0.417048,-0.533639,0.745546,-0.399294,-0.797238,-0.600967,-0.056762,-0.281624,0.287111,0.915578,0.001048,-0.009092,0.024441,0.172912,0.514374,0.183981,-0.45035,-0.183041,0.052073,0.379538,0.802496,0.408311,0.435055,-0.485372,0.870752,0.078348,-0.347831,-0.274562,0.896378,-0.019621,-0.001917,0.055994,0.035403,-0.205379,-0.169599,-1.328634,-0.00153,0.041719,0.006464,-0.740809,-0.445041,0.50313,0.488596,-0.871015,-0.051044,0.460951,0.208013,0.862701,-0.009526,-0.006791,0.032074,0.016762,-0.218331,-0.204241,-0.906714,0.115706,0.032188,-0.032789,-0.349831,0.856853,-0.378707,-0.899415,-0.420278,-0.120075,-0.262049,0.298609,0.917693,0.000513,0.00041,0.007341,-0.036317,-0.003101,0.006345,-0.552594
2259,0.15539,0.021052,0.417432,-0.533583,0.745613,-0.399244,-0.797572,-0.600608,-0.055862,-0.280783,0.287688,0.915655,0.001095,0.001356,0.014926,-0.031159,0.007578,0.010304,-0.437514,-0.183298,0.051907,0.380672,0.802638,0.415264,0.428159,-0.48852,0.869475,0.072771,-0.343051,-0.268106,0.900166,-0.00807,-0.00577,0.053235,0.201412,-0.427253,-0.267519,-1.308832,-0.00166,0.041641,0.007013,-0.741631,-0.450395,0.497117,0.490834,-0.869482,-0.055505,0.457234,0.202838,0.865905,-0.009886,-0.003295,0.026833,0.283376,-0.520805,-0.36883,-0.904917,0.115739,0.032149,-0.032593,-0.349547,0.858151,-0.376021,-0.899737,-0.419395,-0.120748,-0.261322,0.296114,0.918709,0.000565,-0.004018,0.01246,-0.078721,-0.004904,-0.016819,-0.545736
2260,0.155609,0.020909,0.418271,-0.533108,0.748473,-0.394499,-0.798772,-0.598904,-0.056996,-0.27827,0.283795,0.917635,0.001215,0.002661,0.015507,-0.023569,0.023316,0.016347,-0.427266,-0.183692,0.05148,0.382613,0.804284,0.415162,0.425157,-0.483013,0.873441,0.061093,-0.346985,-0.255025,0.902456,-0.00827,-0.01586,0.048312,0.21859,-0.426708,-0.331444,-1.255947,-0.001857,0.04144,0.007989,-0.743563,-0.449882,0.494691,0.483821,-0.872645,-0.066376,0.461551,0.189987,0.86653,-0.004507,-0.002682,0.019793,-0.112992,-0.069281,0.146426,-0.888589,0.115849,0.032079,-0.032173,-0.348725,0.860667,-0.371,-0.900505,-0.41741,-0.121892,-0.259768,0.291581,0.920597,0.006657,-0.003655,0.012403,-0.073942,-0.011524,0.016414,-0.532999
2261,0.155792,0.020705,0.41917,-0.532764,0.752484,-0.387267,-0.800085,-0.596922,-0.059316,-0.275147,0.277306,0.920556,0.013308,-0.007527,0.024717,0.181631,0.517504,0.216964,-0.425642,-0.183884,0.050975,0.384138,0.805743,0.40819,0.429129,-0.474985,0.878118,0.056841,-0.354624,-0.250154,0.900848,0.002489,-0.011813,0.03567,0.417025,0.581172,-0.29104,-1.249155,-0.00196,0.041175,0.008773,-0.74516,-0.444338,0.497292,0.475602,-0.876807,-0.070784,0.467482,0.183768,0.86469,-0.004587,-0.006449,0.017978,1.604709,1.974996,-0.968246,-0.887446,0.115936,0.031982,-0.031727,-0.348147,0.863044,-0.365988,-0.901241,-0.415585,-0.122692,-0.257988,0.287128,0.922496,0.000627,0.00171,0.007914,-0.042971,-0.015798,0.003041,-0.529081
2262,0.155882,0.020619,0.419664,-0.53272,0.753784,-0.38479,-0.800623,-0.596174,-0.059594,-0.273667,0.275383,0.921573,0.001471,-0.004615,0.026467,0.08296,0.316742,0.135351,-0.425975,-0.183884,0.050799,0.38478,0.804506,0.40855,0.431102,-0.475802,0.877705,0.056399,-0.356337,-0.251017,0.899931,0.001771,-0.003306,0.025941,-0.06976,0.009354,-0.011604,-1.249616,-0.001961,0.041083,0.009086,-0.743166,-0.444874,0.499791,0.476306,-0.876342,-0.071805,0.469932,0.184691,0.863164,0.001197,-0.006827,0.017399,-0.099918,0.019467,-0.006868,-0.891691,0.11598,0.031937,-0.031491,-0.347901,0.864549,-0.362655,-0.901588,-0.414598,-0.12347,-0.257102,0.284011,0.923707,0.000702,-0.002512,0.013135,0.231946,0.633146,0.216537,-0.528427
2263,0.156037,0.020518,0.420728,-0.532297,0.756547,-0.379922,-0.801913,-0.594376,-0.060198,-0.270704,0.271677,0.923546,0.001817,-0.010988,0.037848,-0.026798,0.187231,0.031231,-0.41936,-0.183804,0.050605,0.385698,0.80761,0.39985,0.433448,-0.467004,0.882419,0.056376,-0.360944,-0.248466,0.898803,0.000964,0.001654,0.014517,-0.04687,0.092005,-0.167157,-1.244431,-0.00192,0.040985,0.00956,-0.746037,-0.436236,0.503115,0.467485,-0.881159,-0.070824,0.474221,0.182362,0.861311,0.000792,-0.00473,0.011515,-0.071284,0.005986,-0.011294,-0.899039,0.116062,0.031886,-0.030954,-0.34701,0.867516,-0.35637,-0.902483,-0.412254,-0.124776,-0.255161,0.27832,0.925975,0.006962,-0.000243,0.013929,0.036155,0.202561,0.12545,-0.526304
2264,0.156107,0.020535,0.421923,-0.531912,0.758073,-0.377412,-0.803094,-0.592884,-0.05916,-0.267954,0.270683,0.924639,0.002201,0.003159,0.029886,-0.065239,0.009218,0.018178,-0.396594,-0.183755,0.050545,0.386173,0.809202,0.395904,0.434101,-0.463185,0.884382,0.057117,-0.362303,-0.247798,0.898441,0.000821,-0.004301,0.011714,-0.036423,0.01083,-0.018093,-1.23316,-0.001896,0.040956,0.009798,-0.747445,-0.432447,0.504296,0.463871,-0.883149,-0.069793,0.47555,0.181762,0.860705,7.2e-05,0.003468,0.001624,0.001879,-0.014303,0.024749,-0.899366,0.116098,0.031889,-0.030344,-0.346421,0.868947,-0.353443,-0.903409,-0.410516,-0.123804,-0.252673,0.276415,0.927226,0.001104,0.001793,0.015038,-0.078675,-0.018062,0.00916,-0.513894
2265,0.156243,0.020602,0.423241,-0.531054,0.76104,-0.372619,-0.804736,-0.590617,-0.059518,-0.264716,0.267303,0.926553,0.002495,0.00635,0.031228,0.107517,0.357739,0.177973,-0.393796,-0.183686,0.0506,0.386442,0.808681,0.398318,0.432862,-0.464709,0.883699,0.055267,-0.36151,-0.246361,0.899155,0.000839,-0.003508,0.012081,-0.032832,-0.005217,0.005795,-1.235812,-0.001861,0.04097,0.009926,-0.747096,-0.4349,0.502701,0.465194,-0.882281,-0.071929,0.474805,0.180115,0.861462,6.3e-05,0.002893,0.001352,-0.022305,0.106871,-0.168054,-0.903285,0.116165,0.03192,-0.029696,-0.345396,0.870668,-0.350195,-0.904494,-0.40833,-0.123108,-0.250181,0.274228,0.928551,0.001187,0.002744,0.01542,0.236743,0.634551,0.2403,-0.507036
2266,0.156319,0.020626,0.423965,-0.53081,0.762418,-0.370142,-0.805494,-0.589591,-0.059447,-0.262902,0.26564,0.927548,0.002557,-0.003034,0.041269,-0.054278,0.105159,0.060839,-0.391575,-0.183688,0.050695,0.386548,0.810135,0.399473,0.429061,-0.464948,0.883557,0.055537,-0.35792,-0.244998,0.900962,0.000198,0.008378,0.003911,0.014214,-0.030523,0.0157,-1.235854,-0.001862,0.041013,0.009982,-0.749094,-0.435844,0.498894,0.465486,-0.882143,-0.071727,0.471359,0.178498,0.863688,8.9e-05,0.003982,0.00186,-0.001989,-0.002161,0.027068,-0.903121,0.116203,0.031935,-0.029349,-0.344865,0.872574,-0.345949,-0.905014,-0.40688,-0.12408,-0.249029,0.270299,0.930011,0.001215,0.003064,0.015544,-0.005877,0.133891,0.064765,-0.505567
2267,0.156401,0.020702,0.425275,-0.539223,0.758876,-0.365227,-0.799953,-0.597064,-0.059683,-0.262692,0.259035,0.929473,0.00237,0.005109,0.030568,0.039059,0.228212,0.097963,-0.375754,-0.183763,0.051044,0.386892,0.812901,0.398275,0.424924,-0.464317,0.883571,0.060375,-0.352414,-0.246891,0.902614,0.000356,0.014948,0.006943,0.003548,-0.027377,0.050592,-1.234979,-0.0019,0.041177,0.01015,-0.752287,-0.434207,0.495507,0.465495,-0.882538,-0.066635,0.466237,0.180528,0.866043,0.000498,0.001793,0.00768,-0.032273,0.00119,0.006011,-0.904264,0.116245,0.031977,-0.028676,-0.354119,0.870318,-0.342264,-0.90112,-0.41544,-0.12406,-0.250163,0.264489,0.931377,0.001222,-0.001905,0.020433,0.058764,0.355367,0.1176,-0.498055
