frame,MLTx,MLTy,MLTz,MLTR1,MLTR2,MLTR3,MLTR4,MLTR5,MLTR6,MLTR7,MLTR8,MLTR9,MLTTVx,MLTTVy,MLTTVz,MLTRVx,MLTRVy,MLTRVz,MLGA,MRTx,MRTy,MRTz,MRTR1,MRTR2,MRTR3,MRTR4,MRTR5,MRTR6,MRTR7,MRTR8,MRTR9,MRTTVx,MRTTVy,MRTTVz,MRTRVx,MRTRVy,MRTRVz,MRGA,SLTx,SLTy,SLTz,SLTR1,SLTR2,SLTR3,SLTR4,SLTR5,SLTR6,SLTR7,SLTR8,SLTR9,SLTTVx,SLTTVy,SLTTVz,SLTRVx,SLTRVy,SLTRVz,SLGA,SRTx,SRTy,SRTz,SRTR1,SRTR2,SRTR3,SRTR4,SRTR5,SRTR6,SRTR7,SRTR8,SRTR9,SRTTVx,SRTTVy,SRTTVz,SRTRVx,SRTRVy,SRTRVz,SRGA
3160,0.164627,0.063215,0.38692,0.199851,0.952025,0.231846,-0.954495,0.135774,0.265476,0.221006,-0.275536,0.935555,-0.033729,0.002065,0.002113,-0.002614,-0.060896,0.080546,-0.175712,-0.107582,0.06828,0.400271,0.5061,-0.064988,0.860018,-0.755049,0.448357,0.478343,-0.417296,-0.891342,0.176741,1e-06,-4e-06,-2e-06,2e-05,-4.6e-05,-2.5e-05,0.515306,0.035836,0.052235,0.015346,-0.366728,-0.076513,0.927176,0.849508,-0.433833,0.300206,0.37927,0.897738,0.224096,-2e-06,8e-06,5e-06,-0.00122,0.002728,0.00145,0.511792,0.119807,0.053677,-0.049582,0.134342,0.953859,0.268522,-0.957528,0.055188,0.283008,0.255131,-0.295137,0.920761,-0.022483,-0.003984,0.005745,-0.037382,0.078534,-0.150376,-0.332315
3161,0.163176,0.063036,0.387226,0.195538,0.953696,0.228636,-0.955781,0.133176,0.262141,0.219304,-0.270971,0.937287,-0.03377,0.001622,0.001931,-0.112183,-0.127253,-0.181084,-0.174882,-0.107581,0.068272,0.400277,0.506087,-0.064982,0.860027,-0.755069,0.448334,0.478333,-0.417277,-0.891354,0.176727,-1.9e-05,8.5e-05,3.4e-05,0.0,-0.0,-0.0,0.515277,0.035837,0.052231,0.01535,-0.366715,-0.076489,0.927183,0.849523,-0.433798,0.300212,0.379248,0.897756,0.224059,-1.3e-05,5.6e-05,2.3e-05,-1.3e-05,5.4e-05,1.4e-05,0.510812,0.119056,0.053588,-0.049424,0.130363,0.955173,0.265796,-0.958712,0.053105,0.279372,0.252734,-0.291242,0.92266,-0.016893,0.000785,0.000979,-0.132633,-0.156869,-0.174067,-0.331662
3162,0.162415,0.062976,0.387338,0.193124,0.954479,0.227415,-0.955797,0.130706,0.263324,0.221366,-0.269405,0.937254,-0.033818,0.001064,0.001696,-0.294656,-0.412636,-0.33481,-0.174423,-0.107571,0.068266,0.400284,0.506095,-0.064977,0.860023,-0.755077,0.448311,0.478342,-0.417253,-0.891366,0.176722,-0.0,1e-06,0.0,0.0,-0.0,-0.0,0.515062,0.035842,0.052228,0.015353,-0.366723,-0.076494,0.927179,0.849531,-0.433776,0.300223,0.379223,0.897767,0.22406,1e-06,0.0,-0.0,4e-06,2e-06,2e-05,0.510812,0.118688,0.053558,-0.049368,0.129087,0.955275,0.266054,-0.95871,0.051665,0.279652,0.253399,-0.291168,0.922501,-0.022552,0.000692,0.001145,0.005284,-0.029017,0.049386,-0.331336
3163,0.160876,0.062982,0.387459,0.18514,0.957179,0.222656,-0.956602,0.123727,0.263771,0.224691,-0.263019,0.938276,-0.033781,0.001629,0.001948,-0.317409,-0.444666,-0.35196,-0.171131,-0.107548,0.068231,0.400329,0.506074,-0.064945,0.860037,-0.75516,0.448175,0.478338,-0.417126,-0.891437,0.176663,-3e-06,1.2e-05,5e-06,0.0,-0.0,-0.0,0.51532,0.035853,0.052211,0.015375,-0.366699,-0.076526,0.927187,0.849604,-0.433633,0.300224,0.379084,0.897833,0.224029,0.0,-1e-06,1e-06,7e-06,0.0,9e-06,0.510812,0.117919,0.053559,-0.049309,0.120871,0.95766,0.261297,-0.958982,0.04466,0.279924,0.256403,-0.284415,0.923777,-0.022522,0.001108,0.00133,-0.014964,0.049303,-0.153722,-0.330519
3164,0.159276,0.063039,0.387515,0.174826,0.960999,0.214385,-0.959335,0.117318,0.256678,0.221292,-0.251737,0.942171,-0.045248,-0.000179,0.001599,0.474186,-0.709229,-0.372848,-0.16651,-0.107524,0.068188,0.40038,0.506041,-0.064907,0.860059,-0.755263,0.448015,0.478325,-0.41698,-0.89152,0.176589,-6e-06,2.8e-05,1.1e-05,0.0,-0.0,-0.0,0.515149,0.035865,0.05219,0.015401,-0.366659,-0.076563,0.927199,0.849692,-0.433465,0.300216,0.378923,0.897911,0.223989,-1e-06,3e-06,1e-06,-1e-06,5e-06,1.4e-05,0.510812,0.117123,0.053592,-0.049279,0.109687,0.961213,0.253056,-0.961099,0.037637,0.273627,0.253489,-0.273226,0.927949,-0.016951,0.000248,0.000733,2.008008,-1.921048,-0.413475,-0.327416
3165,0.15836,0.063044,0.387532,0.167798,0.963575,0.208353,-0.961282,0.113134,0.251215,0.218278,-0.243639,0.944998,-0.056586,-0.0003,0.001974,-0.234191,-0.289074,-0.341531,-0.165958,-0.107527,0.068155,0.400407,0.505965,-0.064886,0.860105,-0.755353,0.447924,0.478269,-0.416909,-0.891567,0.176519,-0.0,0.0,0.0,0.0,-0.0,-0.0,0.515222,0.035864,0.052173,0.015414,-0.366576,-0.076582,0.92723,0.849765,-0.433361,0.300159,0.378839,0.89796,0.223937,-1e-06,-8e-06,-3e-06,-3e-06,6e-06,-7e-06,0.510812,0.116669,0.053595,-0.04927,0.102206,0.963679,0.246729,-0.963031,0.033709,0.26727,0.249246,-0.264924,0.931498,-0.022707,-0.000905,0.000479,-0.338117,-0.461357,-0.33925,-0.3266
3166,0.156405,0.062956,0.38753,0.148791,0.970066,0.192037,-0.965481,0.100591,0.240206,0.213507,-0.222356,0.951315,-0.056905,0.006438,-0.00837,-0.29017,-0.313942,-0.587958,-0.161132,-0.107511,0.06811,0.400447,0.505905,-0.064854,0.860143,-0.755459,0.447787,0.47823,-0.41679,-0.891638,0.17644,-0.0,0.0,0.0,0.0,-0.0,-0.0,0.515008,0.035872,0.052151,0.015435,-0.366509,-0.076612,0.927254,0.849853,-0.433213,0.300122,0.378706,0.898028,0.223886,-3e-06,-3e-06,-4e-06,-6e-06,1.2e-05,-3.3e-05,0.510648,0.115714,0.053553,-0.049267,0.083369,0.969348,0.231112,-0.966523,0.022181,0.255618,0.242657,-0.244686,0.938747,-0.028491,-0.001932,0.000255,-0.00946,-0.037069,-0.247441,-0.324641
3167,0.154085,0.062758,0.387454,0.106343,0.980082,0.167859,-0.973423,0.068243,0.218551,0.202604,-0.187859,0.961087,-0.068846,-0.007711,-0.00077,-0.468936,-1.905328,-5.709855,-0.157445,-0.107496,0.068115,0.400478,0.505963,-0.064838,0.86011,-0.755463,0.447718,0.478288,-0.416712,-0.891674,0.176443,-0.000274,0.00121,0.000481,0.0,-0.0,-0.0,0.515073,0.03588,0.05215,0.015449,-0.36657,-0.07663,0.927228,0.849862,-0.433151,0.300187,0.378627,0.898057,0.223905,-0.000183,0.0008,0.000316,-7e-06,7e-06,-1.3e-05,0.510812,0.114559,0.053463,-0.049306,0.045311,0.97703,0.208224,-0.971764,-0.005207,0.235895,0.231561,-0.213033,0.949207,-0.034475,-0.004424,-0.000597,-0.311276,-0.317092,-0.646207,-0.320885
3168,0.151374,0.062395,0.387311,0.061999,0.988643,0.137063,-0.98058,0.0348,0.192935,0.185891,-0.147594,0.971436,-0.080905,-0.011765,-0.002104,0.279617,-0.714112,-0.871685,-0.157192,-0.107497,0.068115,0.400498,0.505973,-0.064827,0.860105,-0.755481,0.447673,0.478301,-0.416666,-0.891698,0.176431,-0.000163,0.000718,0.000285,0.0,-0.0,-0.0,0.515034,0.035879,0.052152,0.01546,-0.36658,-0.076641,0.927223,0.84988,-0.433106,0.300203,0.378579,0.898078,0.223904,-0.000104,0.00046,0.000182,-1.1e-05,1.3e-05,-1.2e-05,0.510812,0.113186,0.053279,-0.049378,-0.005858,0.984075,0.177655,-0.977408,-0.043171,0.206903,0.211277,-0.172429,0.962096,-0.034916,-0.007282,-0.001865,1.723267,-2.099757,-0.73202,-0.317946
3169,0.149786,0.062093,0.38724,0.042177,0.99162,0.1223,-0.982302,0.01886,0.186277,0.18235,-0.129227,0.974718,-0.081533,-0.015483,-0.003739,-0.369613,-0.389079,-0.738158,-0.155377,-0.107494,0.0681,0.400511,0.505946,-0.064817,0.860122,-0.75552,0.447627,0.478282,-0.416628,-0.891721,0.176402,0.001835,-0.010326,0.009009,-0.035668,0.003233,-0.022099,0.51465,0.035879,0.05215,0.015464,-0.366565,-0.076645,0.927229,0.849896,-0.433081,0.300194,0.378557,0.89809,0.223893,2e-06,-1.5e-05,-7e-06,-2e-06,-1e-05,-1e-05,0.510648,0.112423,0.053139,-0.049411,-0.0255,0.986298,0.162984,-0.978279,-0.05817,0.198959,0.205714,-0.154371,0.966359,-0.040814,-0.008253,-0.002055,0.183555,-1.017203,-0.875211,-0.317293
3170,0.146354,0.061388,0.387072,0.001092,0.996001,0.089579,-0.985305,-0.014168,0.170129,0.17071,-0.089688,0.981245,-0.093891,-0.01883,-0.004829,1.739516,-1.9416,-0.833939,-0.151064,-0.107486,0.068102,0.400521,0.506003,-0.062054,0.860292,-0.755735,0.448634,0.476999,-0.416169,-0.891416,0.17901,-0.0,1e-06,1e-06,0.005947,-0.013656,-0.007293,0.514848,0.035884,0.052147,0.015472,-0.366376,-0.079699,0.927046,0.849994,-0.433979,0.298614,0.37852,0.89739,0.226743,3e-06,-1.2e-05,-6e-06,-0.006064,0.012882,0.006843,0.510648,0.110716,0.052787,-0.049495,-0.067246,0.988945,0.132152,-0.978718,-0.09112,0.183865,0.193874,-0.116975,0.974027,-0.04699,-0.009883,-0.002573,-0.47472,-0.741945,-0.881177,-0.31468
3171,0.142596,0.06056,0.386818,-0.045788,0.997885,0.046622,-0.985535,-0.05269,0.160985,0.163151,-0.039819,0.985811,-0.095021,-0.013894,-0.016154,-0.107794,-1.137444,-1.083834,-0.148035,-0.107486,0.068102,0.400521,0.506132,-0.062053,0.860217,-0.755664,0.448633,0.477112,-0.416142,-0.891416,0.179072,-0.000336,0.001481,0.000589,0.001713,-0.012961,0.02568,0.514753,0.035885,0.052142,0.01547,-0.366513,-0.07942,0.927016,0.849944,-0.433904,0.298866,0.3785,0.897451,0.226534,1.6e-05,-7.3e-05,-3e-05,-0.000331,0.000744,0.000421,0.510485,0.108767,0.052361,-0.049625,-0.115724,0.989311,0.088716,-0.976706,-0.129586,0.17103,0.180698,-0.066857,0.981263,-0.047558,-0.007333,-0.008203,-0.133202,-1.250924,-1.080483,-0.311577
3172,0.140543,0.060118,0.386637,-0.067425,0.997331,0.028815,-0.985611,-0.071008,0.1533,0.155014,-0.019306,0.987737,-0.118801,-0.024342,-0.006583,-0.461636,-0.422038,-1.296426,-0.148189,-0.107488,0.06811,0.400525,0.506021,-0.062054,0.860281,-0.755725,0.448634,0.477015,-0.416166,-0.891416,0.179019,-7.6e-05,0.000333,0.000132,0.0,-0.0,-0.0,0.514984,0.035883,0.05215,0.015473,-0.366415,-0.079412,0.927056,0.849981,-0.433888,0.298784,0.378512,0.897459,0.226482,-5.7e-05,0.00025,0.000101,-4e-05,0.000121,2.9e-05,0.510322,0.10774,0.052139,-0.049716,-0.138208,0.987846,0.071108,-0.975536,-0.148175,0.162394,0.170956,-0.046924,0.98416,-0.059438,-0.012456,-0.003367,-0.534976,-0.482425,-1.291008,-0.310924
3173,0.135989,0.05915,0.386268,-0.113267,0.993515,-0.012009,-0.984187,-0.110478,0.138354,0.136265,0.026253,0.990338,-0.120387,-0.027453,-0.008185,1.325389,-2.325299,-0.846203,-0.141785,-0.107475,0.068163,0.400554,0.506202,-0.062047,0.860175,-0.755637,0.448611,0.477176,-0.416105,-0.891428,0.179099,-0.000217,0.000955,0.000379,0.0,-0.0,-0.0,0.5147,0.03589,0.052177,0.015488,-0.366609,-0.07942,0.926978,0.849918,-0.433891,0.298958,0.378465,0.897457,0.226569,-0.000132,0.000577,0.000229,4e-06,-9e-06,1.2e-05,0.510485,0.105554,0.051671,-0.049891,-0.182428,0.982651,0.033411,-0.971645,-0.185375,0.14677,0.150417,-0.005689,0.988605,-0.060166,-0.013758,-0.004043,0.124521,-0.782788,-0.951488,-0.308638
3174,0.131299,0.058027,0.385853,-0.154012,0.986326,-0.059051,-0.982405,-0.146412,0.115823,0.105779,0.074622,0.991599,-0.122536,-0.032578,-0.010828,0.026842,-0.85346,-0.947085,-0.138809,-0.107417,0.068235,0.400619,0.506544,-0.062023,0.859976,-0.755496,0.448519,0.477485,-0.415945,-0.891476,0.179233,-0.00053,0.002334,0.000926,0.0,-0.0,-0.0,0.514786,0.035919,0.052211,0.01552,-0.366976,-0.079451,0.92683,0.849822,-0.433848,0.299294,0.378324,0.897475,0.226731,-0.000334,0.001466,0.00058,4e-06,-1e-05,1.2e-05,0.510322,0.103165,0.051106,-0.050104,-0.224871,0.974264,-0.015491,-0.967538,-0.22138,0.121898,0.115331,0.0424,0.992421,-0.061389,-0.017133,-0.005758,1.440548,-2.270892,-0.943964,-0.304719
3175,0.126207,0.056703,0.385322,-0.201756,0.9733,-0.109667,-0.97658,-0.191304,0.098311,0.074951,0.125722,0.989244,-0.136152,-0.026597,-0.02171,-0.139765,-0.968345,-1.052179,-0.134897,-0.107362,0.068283,0.400694,0.506691,-0.061988,0.859892,-0.755487,0.448382,0.477627,-0.415782,-0.891547,0.179257,-0.000231,0.001015,0.000402,0.0,-0.0,-0.0,0.514607,0.035946,0.052239,0.015559,-0.367132,-0.079488,0.926765,0.849827,-0.433729,0.299452,0.378163,0.897529,0.226787,-0.000103,0.000452,0.000177,1e-06,1.5e-05,2e-06,0.510322,0.100574,0.050435,-0.050372,-0.272795,0.959798,-0.066089,-0.958716,-0.26547,0.101914,0.080272,0.091163,0.992594,-0.068128,-0.013662,-0.010956,-0.024608,-0.921086,-1.045271,-0.30325
3176,0.123477,0.055949,0.385005,-0.232663,0.962404,-0.140326,-0.971338,-0.222657,0.083062,0.048977,0.154431,0.986803,-0.138255,-0.039984,-0.014608,0.275365,-0.662568,-1.022321,-0.125597,-0.107347,0.068287,0.400724,0.506749,-0.061972,0.859859,-0.755491,0.448313,0.477685,-0.415704,-0.891583,0.17926,-0.000168,0.000741,0.000293,0.0,-0.0,-0.0,0.514698,0.035953,0.05224,0.015574,-0.367193,-0.079506,0.926739,0.849835,-0.433667,0.299517,0.378084,0.897557,0.226807,-0.000109,0.000481,0.00019,8e-06,-1.2e-05,1.6e-05,0.509995,0.099312,0.050089,-0.05052,-0.302842,0.948217,-0.095756,-0.951423,-0.294948,0.088311,0.055495,0.117849,0.991479,-0.068681,-0.014348,-0.011425,1.33865,-2.300289,-0.802742,-0.299984
3177,0.118298,0.054309,0.384308,-0.300083,0.93014,-0.211742,-0.953787,-0.296176,0.050424,-0.015445,0.215929,0.976301,-0.129864,-0.047254,-0.019235,1.389332,-2.166001,-0.80434,-0.122608,-0.107343,0.068264,0.400745,0.506708,-0.061956,0.859884,-0.75555,0.448245,0.477657,-0.415647,-0.891619,0.179215,-0.0,0.0,0.0,0.0,-0.0,-0.0,0.514498,0.035956,0.052229,0.015584,-0.367148,-0.079521,0.926756,0.849884,-0.433592,0.299489,0.378019,0.897593,0.226776,8e-06,-3.8e-05,-1.6e-05,2e-06,1.4e-05,-1.9e-05,0.510159,0.096619,0.049238,-0.05088,-0.370284,0.913344,-0.169383,-0.92879,-0.367052,0.051193,-0.015416,0.176278,0.984219,-0.065001,-0.024108,-0.009772,1.402333,-2.090793,-0.802393,-0.293126
3178,0.112781,0.052265,0.383586,-0.33477,0.901444,-0.27454,-0.939971,-0.339893,0.029965,-0.065893,0.266968,0.961464,-0.134726,-0.065574,-0.015304,0.346912,-0.667649,-0.925057,-0.123668,-0.107351,0.068262,0.400744,0.506687,-0.061956,0.859897,-0.755562,0.448245,0.477638,-0.415651,-0.891618,0.179205,-0.0,0.0,0.0,0.0,-0.0,-0.0,0.514568,0.035952,0.052227,0.015584,-0.367125,-0.07952,0.926765,0.849892,-0.433589,0.299469,0.378022,0.897594,0.226765,-0.0,-1.3e-05,-7e-06,3e-06,2e-06,-2.8e-05,0.510159,0.093912,0.048244,-0.051233,-0.403044,0.88503,-0.232972,-0.912538,-0.40797,0.028877,-0.069489,0.224235,0.972054,-0.072686,-0.026292,-0.011155,1.888489,-2.400111,-1.662141,-0.291983
3179,0.109989,0.051111,0.383131,-0.347982,0.887075,-0.3034,-0.932639,-0.360428,0.015695,-0.095006,0.287319,0.953125,-0.136304,-0.059392,-0.026891,0.197508,-0.339233,-0.43986,-0.126609,-0.107357,0.068252,0.400741,0.506647,-0.061956,0.85992,-0.755584,0.448245,0.477603,-0.41566,-0.891618,0.179185,0.000161,-0.00071,-0.000281,0.0,-0.0,-0.0,0.51423,0.035948,0.052223,0.015582,-0.367082,-0.079519,0.926782,0.849908,-0.433584,0.299431,0.378028,0.897597,0.226744,0.000106,-0.000483,-0.000194,-5e-06,-1e-06,-1.5e-05,0.509995,0.092518,0.047667,-0.051455,-0.415947,0.8707,-0.262427,-0.903798,-0.427752,0.013293,-0.100679,0.242711,0.964859,-0.074055,-0.029158,-0.012892,0.977813,-0.858598,-1.450644,-0.292962
3180,0.104238,0.048619,0.382076,-0.376268,0.850079,-0.368556,-0.912033,-0.409832,-0.014309,-0.16275,0.329692,0.92997,-0.139625,-0.061258,-0.029316,0.424407,-1.085834,-0.622861,-0.131763,-0.107351,0.068262,0.400744,0.506687,-0.061956,0.859897,-0.755562,0.448245,0.477638,-0.415651,-0.891618,0.179205,-0.000309,0.00136,0.000539,0.0,-0.0,-0.0,0.514288,0.035953,0.052222,0.015582,-0.367105,-0.079519,0.926773,0.8499,-0.433587,0.299451,0.378025,0.897595,0.226755,0.005405,0.001148,0.000216,0.002037,-0.015206,0.029243,0.509832,0.089698,0.046434,-0.051976,-0.439498,0.837055,-0.325852,-0.88206,-0.470731,-0.019532,-0.169738,0.278837,0.945218,-0.069973,-0.031652,-0.015089,1.07783,-3.327684,0.877024,-0.296555
3181,0.098832,0.046489,0.380996,-0.3829,0.815704,-0.433659,-0.894242,-0.445012,-0.047608,-0.231348,0.36855,0.900375,-0.139685,-0.051792,-0.025592,2.082204,-1.014095,-3.73048,-0.132978,-0.107355,0.068278,0.400751,0.506724,-0.061956,0.859875,-0.755541,0.448245,0.477671,-0.415644,-0.891618,0.179223,-0.00014,0.000616,0.000244,0.0,-0.0,-0.0,0.514633,0.03595,0.052234,0.015586,-0.367165,-0.079521,0.926749,0.849877,-0.433594,0.299504,0.378017,0.897591,0.226783,-7.7e-05,0.000332,0.000131,-5e-06,-3e-06,2e-06,0.509995,0.086933,0.045325,-0.052537,-0.444319,0.804851,-0.393439,-0.862625,-0.502889,-0.05457,-0.241778,0.315144,0.917729,-0.069638,-0.025382,-0.012405,-0.354206,-1.413714,0.856796,-0.298188
3182,0.093858,0.045205,0.380254,-0.399391,0.780188,-0.481496,-0.871408,-0.486192,-0.065092,-0.284393,0.39261,0.874646,-0.120973,-0.024021,-0.011322,2.436769,-0.738976,-3.805078,-0.137163,-0.107351,0.068262,0.400744,0.506687,-0.061956,0.859897,-0.755562,0.448245,0.477638,-0.415651,-0.891618,0.179205,5.5e-05,-0.000242,-9.6e-05,0.0,0.0,0.0,0.514177,0.035952,0.052227,0.015583,-0.367125,-0.07952,0.926765,0.849892,-0.433589,0.299469,0.378022,0.897594,0.226765,2.9e-05,-0.000128,-5.1e-05,-5e-06,3e-06,-6e-06,0.509995,0.08443,0.044641,-0.052931,-0.459329,0.769756,-0.443273,-0.837401,-0.541699,-0.072942,-0.296268,0.337693,0.893413,-0.060065,-0.010683,-0.004827,-0.115884,-1.238364,0.88678,-0.30129
3183,0.091518,0.044927,0.380185,-0.403284,0.763657,-0.504218,-0.862197,-0.501647,-0.070265,-0.306103,0.405446,0.86136,-0.116693,-0.007845,-0.002428,0.402048,-1.104737,-0.501797,-0.13663,-0.107347,0.068246,0.400738,0.50665,-0.061956,0.859918,-0.755582,0.448245,0.477606,-0.415659,-0.891618,0.179187,0.00015,-0.00066,-0.000262,0.0,0.0,0.0,0.514596,0.035953,0.052219,0.01558,-0.367085,-0.079519,0.926781,0.849907,-0.433584,0.299434,0.378027,0.897597,0.226746,7.9e-05,-0.000353,-0.000141,-8e-06,2e-06,1e-05,0.509832,0.083296,0.044496,-0.052974,-0.463246,0.754479,-0.464934,-0.826755,-0.556859,-0.079899,-0.319185,0.347373,0.881732,-0.058047,-0.002993,-0.000607,-0.050959,-0.840628,1.00977,-0.30178
3184,0.08763,0.045127,0.380458,-0.411451,0.732212,-0.542789,-0.838905,-0.536996,-0.088577,-0.355828,0.41799,0.835882,-0.097075,0.015824,0.010613,0.991401,-1.548544,-0.474079,-0.135907,-0.107342,0.068222,0.400729,0.506594,-0.061956,0.859951,-0.755613,0.448245,0.477557,-0.415671,-0.891618,0.17916,7.7e-05,-0.00034,-0.000135,0.0,0.0,0.0,0.514701,0.035956,0.052206,0.015575,-0.367025,-0.079518,0.926805,0.84993,-0.433575,0.299381,0.378034,0.897601,0.226718,3.6e-05,-0.000158,-6.4e-05,-9e-06,7e-06,9e-06,0.509832,0.081269,0.044587,-0.052836,-0.472049,0.722132,-0.505661,-0.799064,-0.592771,-0.100584,-0.372377,0.356575,0.856847,-0.048092,0.009338,0.006177,0.944675,-1.738594,-0.534978,-0.30178
3185,0.084291,0.046083,0.381084,-0.41759,0.700452,-0.578818,-0.816909,-0.568281,-0.09843,-0.397365,0.430864,0.810237,-0.068394,0.025363,0.015553,-0.523102,-1.250532,0.474277,-0.134323,-0.107361,0.068159,0.400705,0.506507,-0.061958,0.860003,-0.755661,0.448245,0.477481,-0.41569,-0.891618,0.179117,0.000492,-0.002164,-0.000858,0.0,0.0,0.0,0.51645,0.035946,0.052178,0.015565,-0.366931,-0.079515,0.926843,0.849965,-0.433563,0.299299,0.378046,0.897607,0.226673,-0.00512,-0.002421,-0.000723,-0.003752,0.028152,-0.054963,0.510322,0.079604,0.045081,-0.052514,-0.476752,0.69135,-0.542901,-0.774666,-0.622332,-0.112222,-0.41545,0.367065,0.832263,-0.033922,0.013563,0.008338,-0.484583,-1.171989,0.518107,-0.301127
3186,0.082832,0.046693,0.381446,-0.421157,0.686867,-0.592356,-0.807268,-0.581547,-0.100466,-0.412974,0.43502,0.800148,-0.066672,0.030238,0.018271,-0.205934,-0.84502,0.727239,-0.131195,-0.107377,0.068114,0.400688,0.50635,-0.061959,0.860095,-0.755748,0.448245,0.477343,-0.415723,-0.891618,0.17904,0.000492,-0.002165,-0.000859,0.0,0.0,0.0,0.517766,0.035938,0.052155,0.015556,-0.366762,-0.079511,0.92691,0.850029,-0.43354,0.299151,0.378067,0.897619,0.226593,0.000311,-0.001371,-0.000543,-5e-06,1.7e-05,-2.4e-05,0.511465,0.078901,0.04538,-0.052336,-0.480246,0.676675,-0.558098,-0.763891,-0.635369,-0.113031,-0.431084,0.372043,0.82204,-0.033331,0.015192,0.009234,-0.208611,-0.843862,0.672338,-0.299984
3187,0.080439,0.047917,0.382281,-0.428808,0.659802,-0.617115,-0.78496,-0.610203,-0.107061,-0.446679,0.437678,0.780348,-0.051944,0.035147,0.020729,0.192037,-0.592327,0.27431,-0.129344,-0.107422,0.067978,0.400638,0.506007,-0.061962,0.860296,-0.755937,0.448245,0.477043,-0.415796,-0.891618,0.178873,0.00078,-0.003435,-0.001365,0.0,0.0,0.0,0.518271,0.035915,0.052088,0.015531,-0.366393,-0.079502,0.927057,0.850168,-0.43349,0.29883,0.378113,0.897644,0.226418,0.000463,-0.002042,-0.000813,-0.001716,0.012946,-0.025675,0.513261,0.077701,0.045996,-0.051916,-0.485768,0.65039,-0.583969,-0.740087,-0.661513,-0.121121,-0.46508,0.373351,0.802688,-0.032352,0.014247,0.015996,0.904399,-0.433185,-0.641329,-0.298024
3188,0.078408,0.04914,0.383382,-0.43274,0.641295,-0.633658,-0.766238,-0.631916,-0.116334,-0.474492,0.434389,0.76563,-0.050975,0.030214,0.032493,-0.062646,-0.307788,0.385369,-0.126795,-0.107471,0.067859,0.400584,0.505568,-0.06197,0.860553,-0.756167,0.448269,0.476656,-0.415911,-0.891605,0.178667,0.000596,-0.002629,-0.001046,0.0,0.0,0.0,0.517114,0.035891,0.052024,0.015503,-0.36592,-0.079485,0.927245,0.850335,-0.433449,0.298413,0.378195,0.897665,0.226197,0.000303,-0.001334,-0.00053,-1e-06,7e-06,-2.2e-05,0.513261,0.076687,0.046615,-0.051367,-0.488656,0.632345,-0.601127,-0.719798,-0.681551,-0.131822,-0.493057,0.368274,0.788205,-0.018951,0.018991,0.011017,0.010617,-0.382091,0.579429,-0.295901
3189,0.076802,0.050443,0.384699,-0.435201,0.623244,-0.649779,-0.743348,-0.655871,-0.131299,-0.507468,0.425091,0.749534,-0.024389,0.032302,0.032974,-0.028724,-0.549417,0.276434,-0.121986,-0.107497,0.06782,0.400569,0.505409,-0.061972,0.860647,-0.756255,0.448269,0.476517,-0.415945,-0.891605,0.178589,6e-06,-2.7e-05,-1.1e-05,0.0,0.0,0.0,0.515847,0.03588,0.052002,0.015495,-0.365748,-0.079481,0.927313,0.8504,-0.433426,0.298263,0.378216,0.897676,0.226115,-1.8e-05,7.9e-05,3e-05,-6e-06,-2e-06,-1e-06,0.511955,0.075865,0.047276,-0.050696,-0.489756,0.615598,-0.617395,-0.695634,-0.702789,-0.148924,-0.525577,0.356545,0.772427,-0.012044,0.016623,0.016784,-0.06118,-0.595523,0.246445,-0.293942
3190,0.076157,0.051134,0.385433,-0.439527,0.612743,-0.656816,-0.731268,-0.66867,-0.134534,-0.521088,0.420412,0.742797,-0.034544,0.039158,0.036805,0.819529,-0.371155,-1.146471,-0.117255,-0.107492,0.067838,0.400576,0.505468,-0.061972,0.860613,-0.756222,0.448269,0.476568,-0.415933,-0.891605,0.178617,-0.000188,0.000828,0.00033,0.0,0.0,0.0,0.515812,0.035882,0.052011,0.015498,-0.365811,-0.079482,0.927288,0.850376,-0.433435,0.298318,0.378208,0.897672,0.226145,-0.000135,0.000598,0.000237,-2e-06,-1.6e-05,1.3e-05,0.511628,0.075542,0.047622,-0.050329,-0.493286,0.605909,-0.624133,-0.683045,-0.714086,-0.153388,-0.538625,0.350647,0.766112,-0.017147,0.019984,0.018652,0.751609,-0.51235,-1.245771,-0.291493
3191,0.07522,0.05264,0.387028,-0.444865,0.59374,-0.670533,-0.704918,-0.693904,-0.146835,-0.551921,0.406606,0.728067,-0.019507,0.044689,0.039124,0.892239,-0.30971,-1.028919,-0.106333,-0.107482,0.067907,0.400603,0.50568,-0.06197,0.860488,-0.756105,0.448269,0.476754,-0.415888,-0.891605,0.178721,-0.00038,0.001677,0.000667,0.0,0.0,0.0,0.515782,0.035886,0.052047,0.015512,-0.366041,-0.079487,0.927197,0.85029,-0.433465,0.298518,0.37818,0.897657,0.226253,-0.000244,0.001077,0.000427,-4e-06,7e-06,-1e-06,0.511465,0.07508,0.048357,-0.049546,-0.497068,0.587676,-0.638403,-0.655922,-0.736137,-0.166935,-0.568056,0.335765,0.751381,-0.010459,0.017233,0.024031,3.335327,0.077477,-4.018246,-0.285124
3192,0.074767,0.05414,0.388819,-0.454649,0.574347,-0.680783,-0.66857,-0.725034,-0.165264,-0.58795,0.379295,0.714476,-0.006717,0.037622,0.048962,1.06697,0.050185,-0.793994,-0.090061,-0.107458,0.067987,0.400633,0.505826,-0.061969,0.860402,-0.756025,0.448269,0.476882,-0.415857,-0.891605,0.178792,-0.000401,0.001767,0.000702,0.0,0.0,0.0,0.515981,0.035898,0.052088,0.015527,-0.366198,-0.079492,0.927135,0.850231,-0.433487,0.298655,0.37816,0.897647,0.226328,-0.00025,0.001097,0.000436,1e-06,1e-06,-1.4e-05,0.511302,0.07485,0.049111,-0.048653,-0.505315,0.56693,-0.650573,-0.617764,-0.764052,-0.185988,-0.602514,0.307918,0.736317,-0.004251,0.013249,0.028699,3.69154,0.760089,-3.600949,-0.274021
3193,0.074771,0.054806,0.38984,-0.45922,0.564237,-0.686147,-0.645065,-0.742804,-0.17918,-0.610209,0.35962,0.705936,0.004747,0.027557,0.057422,0.174287,-0.316764,0.438546,-0.083709,-0.107462,0.068003,0.400639,0.505863,-0.061969,0.860381,-0.756004,0.448268,0.476915,-0.415849,-0.891605,0.17881,-8.1e-05,0.000356,0.000141,0.0,0.0,0.0,0.516063,0.035896,0.052099,0.015532,-0.366238,-0.079492,0.927119,0.850216,-0.433492,0.29869,0.378156,0.897644,0.226347,-3.4e-05,0.00015,6.2e-05,-0.0,-1e-06,-5e-06,0.511465,0.074848,0.049448,-0.048146,-0.510317,0.556035,-0.656049,-0.591972,-0.780484,-0.201026,-0.623814,0.285776,0.727452,0.003099,0.019192,0.024392,0.883995,-0.636572,0.492632,-0.268632
3194,0.075302,0.056122,0.391999,-0.479267,0.533216,-0.697159,-0.579645,-0.788691,-0.204818,-0.658466,0.305274,0.687938,0.017996,0.029593,0.057411,0.166017,-0.466464,0.655504,-0.063271,-0.107474,0.067984,0.400632,0.505783,-0.061969,0.860427,-0.756048,0.448269,0.476845,-0.415866,-0.891605,0.178771,0.000153,-0.000676,-0.000269,0.0,0.0,0.0,0.517205,0.035889,0.05209,0.015528,-0.366152,-0.07949,0.927154,0.850249,-0.433481,0.298615,0.378166,0.89765,0.226306,-0.005286,-0.001694,-0.000433,-0.002049,0.015219,-0.029262,0.511955,0.075103,0.050098,-0.047085,-0.528952,0.523449,-0.667989,-0.523781,-0.820678,-0.22834,-0.667729,0.229099,0.708272,0.009457,0.019471,0.023987,2.931122,-1.58532,0.808309,-0.256385
3195,0.076288,0.057116,0.394144,-0.499667,0.507567,-0.701965,-0.529083,-0.82042,-0.216686,-0.685274,0.26249,0.679357,0.027588,0.015398,0.063404,2.863833,-1.390423,0.730971,-0.029694,-0.107505,0.067935,0.400605,0.505578,-0.061976,0.860547,-0.756149,0.448292,0.476663,-0.415931,-0.891593,0.178679,-0.010638,-0.003119,-0.000763,-0.002045,0.015205,-0.029245,0.517333,0.035878,0.052064,0.015514,-0.365955,-0.07948,0.927232,0.850312,-0.433478,0.298439,0.378215,0.897652,0.226216,0.000116,-0.00051,-0.000201,-4e-06,-5e-06,-2e-06,0.512281,0.075602,0.050619,-0.045989,-0.547896,0.496953,-0.672938,-0.473009,-0.847522,-0.240764,-0.689979,0.186392,0.699418,0.014389,0.013018,0.027195,3.796158,0.967664,-3.27,-0.235484
3196,0.07765,0.057682,0.396407,-0.512293,0.489914,-0.705398,-0.485017,-0.842824,-0.233192,-0.708139,0.222052,0.670268,0.038333,0.018316,0.049791,0.810384,-0.466167,0.405487,0.001134,-0.107544,0.067884,0.400567,0.505476,-0.061989,0.860607,-0.756181,0.448337,0.476569,-0.415997,-0.891569,0.178645,0.000261,-0.001152,-0.000458,0.0,0.0,0.0,0.518545,0.035855,0.052038,0.015495,-0.365822,-0.079465,0.927286,0.85034,-0.433506,0.298316,0.378278,0.89764,0.226158,0.000159,-0.000702,-0.000279,-6e-06,1.3e-05,-1.8e-05,0.513098,0.076282,0.05091,-0.044848,-0.558472,0.478676,-0.677478,-0.426332,-0.866217,-0.260589,-0.711581,0.143299,0.687834,0.018588,0.004202,0.02948,2.89675,-1.335925,0.784824,-0.210011
3197,0.078478,0.057809,0.397469,-0.519478,0.484794,-0.703678,-0.470241,-0.849728,-0.238342,-0.712842,0.206476,0.670262,0.046929,0.001462,0.05503,0.109523,0.380291,0.557307,0.00643,-0.107556,0.067865,0.40055,0.505391,-0.061995,0.860656,-0.756216,0.44836,0.476492,-0.416037,-0.891558,0.178612,0.000247,-0.00109,-0.000434,0.0,0.0,0.0,0.519207,0.035849,0.052028,0.015486,-0.365731,-0.079457,0.927322,0.850364,-0.433517,0.298233,0.378313,0.897635,0.226118,0.00015,-0.000659,-0.000261,-5e-06,6e-06,-6e-06,0.513751,0.076694,0.050983,-0.044318,-0.56368,0.47159,-0.678135,-0.410593,-0.872351,-0.265358,-0.716713,0.128861,0.685359,0.018423,0.007346,0.023903,0.007667,-0.092938,0.218711,-0.199397
3198,0.080172,0.057876,0.399552,-0.532238,0.479561,-0.697703,-0.449026,-0.858504,-0.247626,-0.717077,0.180888,0.673133,0.044742,-0.003846,0.052177,0.025153,0.374717,0.331029,0.021914,-0.107571,0.067853,0.400546,0.50533,-0.061996,0.860692,-0.75625,0.44836,0.476439,-0.41605,-0.891557,0.178582,0.0,-1e-06,-1e-06,0.0,0.0,0.0,0.518966,0.035842,0.052021,0.015484,-0.365665,-0.079455,0.927348,0.850389,-0.433508,0.298175,0.378321,0.89764,0.226086,-8e-06,3.5e-05,1.3e-05,0.0,-8e-06,-5e-06,0.514404,0.077526,0.051021,-0.043294,-0.576336,0.465687,-0.671543,-0.3889,-0.879026,-0.275804,-0.718743,0.102208,0.687721,0.016701,-0.000535,0.026959,0.068312,0.480623,0.374913,-0.181925
3199,0.0819,0.057489,0.401458,-0.540636,0.473731,-0.695225,-0.424633,-0.867017,-0.260655,-0.725585,0.153701,0.670768,0.052923,-0.01494,0.046395,0.079889,-0.062085,0.336924,0.052447,-0.10757,0.067887,0.40056,0.505297,-0.061995,0.860711,-0.756268,0.44836,0.47641,-0.416057,-0.891557,0.178566,-0.000382,0.001687,0.000671,0.0,0.0,0.0,0.518407,0.035843,0.052035,0.015489,-0.36563,-0.079455,0.927362,0.850402,-0.433503,0.298144,0.378326,0.897642,0.22607,-0.000227,0.001002,0.000399,0.001707,-0.012956,0.025685,0.514404,0.078404,0.050834,-0.042317,-0.585163,0.460323,-0.667596,-0.364441,-0.884723,-0.290597,-0.724407,0.073253,0.685468,0.020618,-0.006636,0.023807,0.541068,-0.468966,0.792968,-0.14992
3200,0.082836,0.057117,0.402421,-0.545499,0.46675,-0.696147,-0.407098,-0.873544,-0.266766,-0.731956,0.137293,0.667397,0.051626,-0.018473,0.044742,0.22182,0.096572,-0.168045,0.059432,-0.107558,0.067907,0.400576,0.505382,-0.061989,0.860662,-0.756233,0.448337,0.476486,-0.416017,-0.891569,0.178599,-0.000416,0.001837,0.000731,0.0,0.0,0.0,0.518114,0.035845,0.052044,0.015498,-0.365678,-0.079462,0.927343,0.850395,-0.433486,0.29819,0.378296,0.897649,0.22609,-7.7e-05,0.000337,0.000134,-6e-06,2e-06,3e-06,0.514241,0.078857,0.050655,-0.041853,-0.588723,0.453879,-0.668878,-0.347841,-0.889194,-0.297221,-0.729665,0.057682,0.681367,0.025424,-0.009991,0.021888,3.761802,1.398955,-3.518523,-0.134407
3201,0.084404,0.056151,0.404338,-0.54858,0.459981,-0.698228,-0.381224,-0.880788,-0.280807,-0.74348,0.111558,0.659408,0.037668,-0.030304,0.05371,-0.147427,0.002272,0.097931,0.067824,-0.107528,0.067963,0.400597,0.5056,-0.061988,0.860534,-0.756113,0.448337,0.476678,-0.415971,-0.891569,0.178706,0.010663,0.003003,0.000717,0.002045,-0.015205,0.029245,0.517968,0.035859,0.052077,0.01551,-0.365933,-0.079468,0.927242,0.850299,-0.433521,0.298413,0.378264,0.897632,0.226211,-9.4e-05,0.000409,0.000163,-0.0,6e-06,-1.1e-05,0.513914,0.079646,0.050176,-0.040903,-0.591961,0.445925,-0.671365,-0.320147,-0.894556,-0.311888,-0.739653,0.03031,0.672304,0.019203,-0.010567,0.021999,0.08161,-0.215537,0.388298,-0.117752
3202,0.08574,0.05483,0.406354,-0.553429,0.452519,-0.699277,-0.356398,-0.887424,-0.292285,-0.752137,0.086892,0.653274,0.023607,-0.042974,0.062485,-0.091713,0.013467,0.098509,0.078979,-0.10752,0.067999,0.40062,0.505722,-0.061982,0.860462,-0.756058,0.448314,0.476787,-0.415923,-0.891582,0.178757,-8.2e-05,0.000361,0.000144,0.0,0.0,0.0,0.518074,0.035867,0.052096,0.015522,-0.366087,-0.079477,0.92718,0.850252,-0.433518,0.298552,0.378222,0.897633,0.226281,-4e-05,0.000176,7.1e-05,-1e-06,2e-06,-4e-06,0.513914,0.080333,0.04951,-0.039878,-0.596139,0.438373,-0.672641,-0.295402,-0.898775,-0.323944,-0.746562,0.005583,0.665291,0.017932,-0.017818,0.025696,0.18345,0.072597,-0.062665,-0.102239
3203,0.086339,0.054062,0.407421,-0.553309,0.452119,-0.699631,-0.349364,-0.888366,-0.297863,-0.755515,0.079046,0.650366,0.024148,-0.034535,0.05252,-0.158863,-0.047617,0.208948,0.081448,-0.10752,0.067999,0.40062,0.505722,-0.061982,0.860462,-0.756058,0.448314,0.476787,-0.415923,-0.891582,0.178757,-1e-06,6e-06,2e-06,0.0,0.0,0.0,0.517824,0.035867,0.052096,0.015522,-0.366087,-0.079477,0.92718,0.850251,-0.433518,0.298552,0.378222,0.897633,0.226281,1e-05,-3.7e-05,-1.4e-05,-7e-06,1.5e-05,-1e-06,0.513914,0.080632,0.049121,-0.039341,-0.59606,0.437912,-0.673011,-0.288304,-0.899014,-0.329627,-0.749394,-0.002445,0.662118,0.017087,-0.023885,0.029942,-0.201383,0.050619,0.036278,-0.09636
3204,0.087336,0.052599,0.409613,-0.559219,0.459406,-0.69012,-0.352816,-0.885122,-0.303399,-0.749534,0.073241,0.657923,0.013768,-0.029127,0.05555,-0.038343,0.332425,0.353978,0.077064,-0.107544,0.067918,0.40059,0.505448,-0.061983,0.860623,-0.756209,0.448314,0.476547,-0.415981,-0.891581,0.178623,0.000682,-0.003012,-0.001198,0.0,0.0,0.0,0.510391,0.035854,0.05206,0.015508,-0.365792,-0.07947,0.927297,0.850362,-0.433479,0.298294,0.378258,0.897652,0.226141,-0.004965,-0.003122,-0.001003,-0.002045,0.015204,-0.029264,0.511302,0.081132,0.048378,-0.038251,-0.601925,0.444376,-0.663487,-0.292425,-0.895809,-0.334683,-0.743083,-0.007434,0.669156,0.012573,-0.01564,0.027014,-0.005154,0.533501,0.312541,-0.093911
3205,0.088132,0.051337,0.411899,-0.575559,0.473274,-0.666925,-0.36234,-0.878649,-0.3109,-0.732423,0.062117,0.678031,0.02555,-0.030209,0.054623,0.174428,0.960378,0.675878,0.075959,-0.107664,0.067666,0.400468,0.502188,-0.062007,0.862528,-0.757968,0.448384,0.473678,-0.416723,-0.891545,0.177068,0.001398,-0.006186,-0.002467,-0.0,0.0,-0.0,0.497487,0.035794,0.051934,0.015447,-0.362278,-0.079385,0.928682,0.851647,-0.43307,0.295206,0.37875,0.897857,0.2245,-0.004561,-0.004927,-0.001721,-0.003784,0.028027,-0.054693,0.498892,0.081535,0.047737,-0.037087,-0.618114,0.455941,-0.640353,-0.302887,-0.889847,-0.341218,-0.725392,-0.016957,0.688126,0.012766,-0.015031,0.027326,0.174089,0.922668,0.654475,-0.098483
3206,0.08897,0.050224,0.414097,-0.597439,0.483683,-0.639659,-0.380444,-0.873071,-0.304928,-0.705218,0.06057,0.706418,0.026201,-0.028087,0.055603,-2.036786,1.696292,-0.647585,0.086849,-0.107877,0.067327,0.400345,0.498383,-0.067924,0.864287,-0.754263,0.457347,0.471015,-0.427876,-0.88654,0.175593,-0.009211,-0.009552,-0.003335,-0.003442,0.028327,-0.054867,0.489513,0.035688,0.051761,0.015384,-0.358622,-0.073369,0.930594,0.848167,-0.441974,0.292011,0.389875,0.894022,0.220731,-0.004599,-0.004794,-0.001675,-0.00291,0.024645,-0.053738,0.486481,0.081943,0.047189,-0.036009,-0.640036,0.465204,-0.611504,-0.320397,-0.884969,-0.337897,-0.698354,-0.020343,0.715462,0.007343,-0.013006,0.028514,0.086103,0.579498,0.724661,-0.091299
3207,0.08937,0.049681,0.415178,-0.604298,0.492842,-0.62608,-0.391573,-0.867974,-0.305392,-0.693185,0.059989,0.718278,0.01437,-0.027225,0.056586,-2.046207,1.686897,-0.468786,0.095256,-0.107977,0.067164,0.400296,0.498115,-0.067921,0.864442,-0.75442,0.457326,0.470784,-0.427911,-0.886551,0.175451,-0.009583,-0.00793,-0.002689,-0.002045,0.015205,-0.029245,0.486484,0.035642,0.051679,0.015359,-0.358375,-0.073391,0.930688,0.848272,-0.441918,0.291791,0.389874,0.894047,0.220628,0.00074,-0.003282,-0.001312,-0.00185,0.01236,-0.025583,0.481583,0.082149,0.046921,-0.035468,-0.647091,0.472897,-0.59803,-0.33169,-0.880887,-0.337667,-0.686479,-0.020141,0.726869,0.012881,-0.01464,0.02755,0.128282,0.644657,1.016018,-0.082971
3208,0.090042,0.048591,0.417285,-0.605923,0.512212,-0.608721,-0.414465,-0.856316,-0.30808,-0.678311,0.064977,0.731914,0.013381,-0.03045,0.055326,-0.128497,-0.132262,0.572985,0.1344,-0.108169,0.066957,0.400213,0.496109,-0.076752,0.864856,-0.746554,0.470688,0.470151,-0.443763,-0.878792,0.175104,-0.01034,-0.004597,-0.001355,-0.002044,0.015205,-0.029245,0.481163,0.035548,0.051571,0.015316,-0.356903,-0.064499,0.931911,0.841303,-0.45577,0.290656,0.405991,0.887757,0.216929,0.000344,-0.001521,-0.00061,0.000141,-0.002987,0.000449,0.471295,0.082482,0.046392,-0.034433,-0.652375,0.490223,-0.578003,-0.355634,-0.871472,-0.337729,-0.669276,-0.014768,0.742866,0.007139,-0.010185,0.02289,-0.097947,-0.238599,0.543514,-0.049496
3209,0.090249,0.047659,0.419145,-0.603382,0.509724,-0.613316,-0.414938,-0.857388,-0.30444,-0.680285,0.070154,0.7296,0.001669,-0.022356,0.045648,-0.217845,-0.500583,0.183187,0.154664,-0.108263,0.066879,0.400197,0.494422,-0.082775,0.865267,-0.738469,0.484889,0.468488,-0.458935,-0.870479,0.177504,2.1e-05,-9.5e-05,-3.8e-05,1.469775,0.694993,0.250699,0.481371,0.035497,0.05153,0.015307,-0.355634,-0.059484,0.93273,0.834785,-0.469009,0.288379,0.420305,0.881187,0.216452,-3.1e-05,-0.000119,8.6e-05,4.815753,2.518651,0.935833,0.468193,0.082595,0.045915,-0.033478,-0.649346,0.488297,-0.583021,-0.356061,-0.872625,-0.334282,-0.671989,-0.009475,0.740499,0.000635,-0.01173,0.02259,-0.256893,-0.673798,0.066087,-0.00802
3210,0.090262,0.047226,0.419975,-0.604537,0.500561,-0.619692,-0.404113,-0.863052,-0.302993,-0.685747,0.066627,0.724803,-0.010456,-0.022537,0.046218,-0.172757,-0.278065,-0.041287,0.162261,-0.108283,0.066891,0.400203,0.494047,-0.085708,0.865196,-0.735518,0.489249,0.468596,-0.464056,-0.867748,0.177563,-0.00033,0.001476,0.000593,1.435063,0.775507,0.293642,0.482116,0.035487,0.051535,0.01531,-0.355397,-0.055876,0.933043,0.831655,-0.474551,0.288359,0.426664,0.878452,0.215123,-0.000209,0.000912,0.000376,1.43643,0.825691,0.298501,0.46852,0.082607,0.045699,-0.033063,-0.64919,0.479058,-0.590809,-0.344783,-0.877695,-0.332827,-0.677994,-0.012367,0.734962,0.000812,-0.007693,0.017416,-0.075324,-0.405582,0.126268,0.004063
3211,0.090174,0.0464,0.42135,-0.606147,0.488223,-0.62791,-0.389996,-0.870425,-0.300392,-0.692458,0.062187,0.718792,-0.000681,-0.023125,0.031709,-0.099899,-0.05519,0.118324,0.194544,-0.108291,0.06689,0.400212,0.492981,-0.091547,0.865205,-0.729694,0.497904,0.468585,-0.474282,-0.862204,0.177546,-1e-06,3e-06,1e-06,9e-06,4e-06,2e-06,0.486049,0.035482,0.05154,0.015317,-0.354709,-0.049623,0.933658,0.826256,-0.483994,0.288181,0.437585,0.873662,0.212678,-2e-06,1.9e-05,3e-06,-2.3e-05,-0.003291,0.000554,0.472112,0.08256,0.045299,-0.03238,-0.649844,0.466857,-0.599788,-0.330137,-0.884173,-0.330524,-0.684624,-0.016777,0.728702,-0.005552,-0.005302,0.011867,-0.042731,0.094049,-0.06959,0.035089
3212,0.089925,0.045791,0.422297,-0.611625,0.482195,-0.627255,-0.382455,-0.874182,-0.299176,-0.69184,0.056307,0.719871,-0.012201,-0.014307,0.022243,-0.070455,0.049679,-0.061773,0.259326,-0.108275,0.066886,0.40024,0.491774,-0.097355,0.865258,-0.723837,0.506448,0.468513,-0.484415,-0.856567,0.177479,-0.00022,0.000983,0.000394,3e-06,1e-06,1e-06,0.489066,0.03549,0.051536,0.01533,-0.353896,-0.043781,0.934259,0.821043,-0.492945,0.287909,0.447934,0.868957,0.210398,-0.000147,0.000665,0.000263,-0.000178,-0.002949,0.000274,0.476684,0.082439,0.04498,-0.031892,-0.655032,0.461003,-0.598671,-0.322768,-0.887102,-0.329953,-0.683192,-0.022898,0.729878,-0.000499,-0.008546,0.010248,-0.070317,0.036686,-0.030369,0.099098
3213,0.089691,0.045182,0.422986,-0.622085,0.469375,-0.626692,-0.367145,-0.881773,-0.296062,-0.690795,0.045321,0.721647,-0.002322,-0.021509,0.018705,-0.077219,0.126477,-0.243901,0.331728,-0.108245,0.066867,0.400241,0.491001,-0.10043,0.865346,-0.717845,0.515985,0.467325,-0.494031,-0.850496,0.180146,0.000231,-0.001034,-0.000415,0.005009,-0.011627,-0.006199,0.495127,0.035504,0.051532,0.015333,-0.353327,-0.040988,0.934601,0.815585,-0.502856,0.286279,0.458236,0.863397,0.211101,0.000183,-0.000813,-0.00033,-0.005099,0.008785,0.00626,0.483216,0.082319,0.044685,-0.031554,-0.664424,0.447594,-0.598497,-0.306972,-0.893594,-0.3275,-0.681401,-0.033877,0.731125,-0.006222,-0.004016,0.00555,-0.009124,0.045869,-0.077711,0.194623
3214,0.089623,0.04486,0.42329,-0.621413,0.467592,-0.628688,-0.367162,-0.882588,-0.293602,-0.69139,0.047794,0.720917,-0.002076,-0.020712,0.019044,-0.110525,-0.136023,-0.103949,0.38191,-0.108237,0.066869,0.400231,0.489793,-0.106244,0.865336,-0.711661,0.52447,0.467337,-0.504086,-0.844572,0.180162,4.1e-05,-0.000182,-7.3e-05,9.5e-05,-0.000195,-0.000105,0.497632,0.035509,0.051529,0.015327,-0.352508,-0.034873,0.935158,0.810057,-0.51172,0.286268,0.468556,0.858444,0.208634,2.2e-05,-9.3e-05,-4.2e-05,-0.002298,0.001295,0.003187,0.485828,0.082282,0.044511,-0.031397,-0.663974,0.445833,-0.600308,-0.306786,-0.894555,-0.32504,-0.681923,-0.031652,0.730737,-0.001131,-0.010626,0.009417,-0.126361,-0.212057,-0.140395,0.249489
3215,0.089569,0.044223,0.423823,-0.627933,0.459415,-0.628239,-0.35749,-0.88722,-0.29157,-0.690561,0.040925,0.722134,-0.001301,-0.011218,0.00918,-0.034773,0.017353,-0.016162,0.469224,-0.108266,0.066887,0.40022,0.490077,-0.103507,0.865507,-0.71175,0.525539,0.465998,-0.503684,-0.844251,0.182773,-0.002024,0.011241,-0.008644,0.035957,-0.00394,0.021721,0.501136,0.035496,0.051533,0.015324,-0.352583,-0.037711,0.935019,0.810035,-0.512584,0.284779,0.468538,0.857808,0.211276,-0.000137,0.000614,0.000247,-0.004354,0.008291,0.004418,0.490564,0.082253,0.044185,-0.031128,-0.669673,0.437131,-0.600378,-0.296833,-0.898585,-0.323161,-0.680755,-0.038201,0.731513,0.004917,-0.007183,0.00364,-0.034083,0.00487,0.015455,0.378489
