frame,MLTx,MLTy,MLTz,MLTR1,MLTR2,MLTR3,MLTR4,MLTR5,MLTR6,MLTR7,MLTR8,MLTR9,MLTTVx,MLTTVy,MLTTVz,MLTRVx,MLTRVy,MLTRVz,MLGA,MRTx,MRTy,MRTz,MRTR1,MRTR2,MRTR3,MRTR4,MRTR5,MRTR6,MRTR7,MRTR8,MRTR9,MRTTVx,MRTTVy,MRTTVz,MRTRVx,MRTRVy,MRTRVz,MRGA,SLTx,SLTy,SLTz,SLTR1,SLTR2,SLTR3,SLTR4,SLTR5,SLTR6,SLTR7,SLTR8,SLTR9,SLTTVx,SLTTVy,SLTTVz,SLTRVx,SLTRVy,SLTRVz,SLGA,SRTx,SRTy,SRTz,SRTR1,SRTR2,SRTR3,SRTR4,SRTR5,SRTR6,SRTR7,SRTR8,SRTR9,SRTTVx,SRTTVy,SRTTVz,SRTRVx,SRTRVy,SRTRVz,SRGA
459,0.133988,-0.01189,0.384998,-0.217729,-0.643962,-0.733452,0.591694,-0.684728,0.425463,-0.775925,-0.340549,0.531031,0.015086,0.025704,-0.015291,-1.144832,0.656221,0.967424,-1.557506,-0.119674,0.025522,0.35665,-0.043529,0.771112,0.635203,-0.996339,0.013165,-0.084077,-0.07312,-0.637493,0.766889,-0.039052,0.002261,-0.042536,0.249998,1.107812,-0.174914,-0.689947,0.059136,0.035467,0.001057,-0.042579,-0.80436,0.592614,0.986429,-0.127985,-0.102841,0.158567,0.580193,0.798894,-0.01954,0.001317,-0.021136,1.406854,1.509562,0.807251,-0.842214,0.081671,0.018575,-0.050463,-0.102382,-0.631704,-0.768419,0.695508,-0.597736,0.398721,-0.711185,-0.49362,0.500553,0.007366,0.007858,-0.003085,-4.033614,2.393749,2.810047,-0.896321
460,0.134505,-0.010895,0.384546,-0.231805,-0.647041,-0.726395,0.576691,-0.692767,0.432982,-0.78309,-0.317739,0.534639,0.015588,0.029091,-0.012935,0.056422,0.034501,-0.08183,-1.604168,-0.121323,0.025273,0.355132,-0.014369,0.703996,0.710053,-0.98614,0.107358,-0.126237,-0.165059,-0.702896,0.691777,-0.049711,-0.014444,-0.03711,3.697063,1.506263,3.514488,-0.727538,0.058315,0.03535,0.000296,-0.058377,-0.739968,0.670103,0.965526,-0.212419,-0.150453,0.253672,0.63822,0.726859,-0.019224,-0.001021,-0.022814,1.172305,2.142431,0.085441,-0.851848,0.081923,0.019058,-0.050687,-0.117046,-0.637186,-0.76177,0.680923,-0.609852,0.40549,-0.72294,-0.471246,0.505256,0.007866,0.014928,-0.006198,-0.039505,0.087959,6.7e-05,-0.897627
461,0.135026,-0.00973,0.384187,-0.242273,-0.651296,-0.71914,0.56584,-0.696959,0.440506,-0.787808,-0.299392,0.538284,0.016154,0.032975,-0.010262,-0.033351,0.001413,0.198444,-1.640227,-0.12279,0.024824,0.353597,0.010728,0.650106,0.759762,-0.972131,0.184695,-0.14416,-0.234032,-0.737845,0.63299,-0.024293,-0.010723,-0.03719,0.812263,1.870544,0.235097,-0.81177,0.057564,0.035114,-0.00049,-0.079926,-0.684788,0.724345,0.940959,-0.291636,-0.171882,0.328948,0.667842,0.667667,-0.012121,-0.005414,-0.01861,0.864011,1.763051,0.174531,-0.871116,0.082195,0.019662,-0.050876,-0.126715,-0.643465,-0.754914,0.670939,-0.616144,0.412561,-0.730604,-0.454223,0.509801,0.008108,0.01662,-0.005038,-0.030611,-0.003764,0.207347,-0.90024
462,0.135308,-0.009172,0.384064,-0.243218,-0.653895,-0.716457,0.561516,-0.697201,0.445626,-0.790604,-0.293111,0.537642,0.01607,0.032655,-0.010502,-0.370168,0.025389,-0.722672,-1.655405,-0.123447,0.024792,0.352819,0.018968,0.625083,0.780322,-0.962534,0.222539,-0.154722,-0.270364,-0.748923,0.60488,-0.039524,0.003303,-0.042128,3.950302,1.299474,2.577356,-0.851258,0.057237,0.035089,-0.000885,-0.084021,-0.660667,0.745961,0.927104,-0.326239,-0.184512,0.365263,0.676081,0.639919,-0.019766,0.001819,-0.020916,3.959493,1.24733,2.545401,-0.873239,0.082337,0.019945,-0.050935,-0.128579,-0.64634,-0.752138,0.667082,-0.61757,0.416661,-0.733803,-0.448164,0.510569,0.008066,0.01646,-0.005159,-0.505564,-0.079365,-0.845555,-0.904159
463,0.135808,-0.008169,0.383948,-0.247897,-0.657018,-0.711983,0.553459,-0.69923,0.452473,-0.794814,-0.281075,0.537861,0.002371,0.023779,-5.1e-05,0.024017,0.053868,-0.136536,-1.674041,-0.124791,0.024977,0.351438,0.022246,0.584994,0.810727,-0.950402,0.263984,-0.164262,-0.310113,-0.767584,0.560811,-0.027773,0.011912,-0.037314,0.73827,0.545094,0.534444,-0.927873,0.056585,0.035174,-0.001551,-0.079863,-0.620753,0.779927,0.911036,-0.362974,-0.195607,0.404517,0.69492,0.594517,-0.013182,0.001129,-0.014023,-0.243237,1.47221,-0.827572,-0.860176,0.082587,0.02044,-0.050991,-0.1312,-0.650243,-0.748311,0.658893,-0.621183,0.424252,-0.740706,-0.437396,0.50994,0.007953,0.011575,-0.000338,0.045321,-0.033243,0.117091,-0.904649
464,0.136215,-0.007403,0.383989,-0.249043,-0.659165,-0.709594,0.549012,-0.699669,0.457187,-0.797532,-0.274903,0.537026,0.015576,0.021422,-0.001903,0.026344,-0.073822,0.090642,-1.675266,-0.125475,0.02533,0.35035,0.022697,0.563331,0.825915,-0.939606,0.294199,-0.174703,-0.3414,-0.772763,0.534926,-0.014359,0.009332,-0.024311,1.259815,0.731503,0.334911,-0.986038,0.056229,0.035349,-0.002112,-0.080622,-0.601699,0.794643,0.895552,-0.39373,-0.207271,0.43759,0.694934,0.570596,-0.000754,0.005713,-0.011979,4.482278,0.035508,2.43821,-0.860666,0.082791,0.020833,-0.05097,-0.131903,-0.652727,-0.746021,0.654563,-0.622533,0.42895,-0.744411,-0.431738,0.509366,0.007773,0.010604,-0.001027,0.048772,-0.049981,0.102059,-0.894851
465,0.136528,-0.00697,0.38417,-0.249042,-0.662128,-0.706831,0.548729,-0.697847,0.460301,-0.797728,-0.272407,0.538007,0.001355,0.008705,0.005936,0.000978,-0.011959,0.026203,-1.674799,-0.125969,0.025783,0.349568,0.018818,0.5392,0.841962,-0.929739,0.319151,-0.18347,-0.367635,-0.780017,0.506242,-0.013702,0.004457,-0.01167,-0.134113,1.077212,0.203333,-1.027127,0.055987,0.035572,-0.0025,-0.074439,-0.580203,0.811062,0.8819,-0.417971,-0.218061,0.465521,0.699044,0.542795,-0.000452,0.003369,-0.005644,0.352634,0.691937,0.222018,-0.864421,0.082942,0.021047,-0.05088,-0.131625,-0.6559,-0.743282,0.654128,-0.620858,0.432031,-0.744842,-0.429336,0.510763,0.000618,0.003987,0.002715,0.002826,-0.013071,0.029264,-0.894362
466,0.136668,-0.00686,0.384256,-0.249173,-0.661516,-0.707358,0.548544,-0.698338,0.459776,-0.797813,-0.272636,0.537764,0.014374,0.005174,0.00332,0.001965,-0.026668,0.055758,-1.674955,-0.126224,0.025996,0.34926,0.0219,0.525232,0.850672,-0.924083,0.335359,-0.183136,-0.381469,-0.782727,0.491612,-0.015285,0.015683,-0.019729,5.981896,1.444835,1.191815,-1.029428,0.055848,0.035691,-0.002663,-0.074989,-0.565476,0.821348,0.875342,-0.431865,-0.21741,0.477652,0.702658,0.52737,-0.007653,0.008019,-0.009686,5.988232,1.386286,1.146447,-0.862625,0.083013,0.021108,-0.050834,-0.131866,-0.655256,-0.743807,0.654038,-0.621364,0.431439,-0.744878,-0.429587,0.5105,0.000433,0.002808,0.001906,0.000382,-0.000252,0.000295,-0.894035
467,0.136949,-0.006771,0.384349,-0.24929,-0.66252,-0.706376,0.548117,-0.697856,0.461016,-0.79807,-0.271432,0.537992,0.013632,0.000441,9.3e-05,0.000984,-0.014715,0.029553,-1.677649,-0.126719,0.02645,0.348721,0.024242,0.491879,0.870321,-0.913729,0.364093,-0.180191,-0.405511,-0.791474,0.457158,-0.001031,0.007446,-0.010775,-0.170407,1.126977,0.451146,-1.054762,0.055606,0.035917,-0.002921,-0.073585,-0.534166,0.84217,0.860566,-0.460769,-0.217062,0.503993,0.708771,0.493591,-0.007749,0.008667,-0.00926,-0.081829,0.864815,0.298494,-0.859196,0.083154,0.021155,-0.050786,-0.131823,-0.656306,-0.742888,0.653531,-0.621031,0.432684,-0.74533,-0.428463,0.510783,0.006838,0.000383,0.000153,0.00145,-0.015436,0.030511,-0.889953
468,0.137154,-0.006769,0.384359,-0.249472,-0.661652,-0.707125,0.547864,-0.698549,0.460267,-0.798187,-0.271768,0.537649,8.6e-05,0.000561,0.000381,-0.0,-0.0,-0.0,-1.680868,-0.127288,0.026807,0.348122,0.030092,0.464352,0.885134,-0.903825,0.390777,-0.174149,-0.426764,-0.795336,0.430321,-0.026362,0.001569,-0.012486,-0.087127,0.762598,-0.080696,-1.071013,0.055325,0.036105,-0.003221,-0.075875,-0.504413,0.860121,0.847746,-0.486764,-0.210677,0.524945,0.713181,0.464548,-0.007566,0.007448,-0.010131,-0.052091,0.731807,0.233082,-0.867851,0.083261,0.021152,-0.050783,-0.132146,-0.655415,-0.743617,0.653404,-0.621731,0.431872,-0.745386,-0.428813,0.51041,0.006717,-0.000417,-0.000393,0.001091,-0.014772,0.029525,-0.889136
469,0.137226,-0.006761,0.384351,-0.249459,-0.663248,-0.705633,0.547679,-0.697567,0.461973,-0.798318,-0.270398,0.538145,3.8e-05,0.00025,0.00017,-0.000575,0.001025,-0.001635,-1.68185,-0.127587,0.02699,0.347772,0.033577,0.450293,0.892245,-0.897297,0.406725,-0.171368,-0.440076,-0.795406,0.416563,-0.014996,0.013878,-0.021003,4.883578,-0.217077,2.497519,-1.084624,0.055171,0.036191,-0.003393,-0.074722,-0.491735,0.867532,0.842405,-0.496674,-0.208967,0.533637,0.7152,0.451353,-0.013931,0.006205,-0.010396,-0.080361,0.94473,0.327947,-0.866708,0.083297,0.021155,-0.050788,-0.131867,-0.657114,-0.742166,0.653043,-0.620855,0.433673,-0.745751,-0.42748,0.510994,0.006692,-0.000575,-0.000499,0.00094,-0.014913,0.029695,-0.889463
470,0.137345,-0.006707,0.384374,-0.249624,-0.662457,-0.706317,0.547489,-0.698185,0.461264,-0.798396,-0.27074,0.537856,0.000259,0.001692,0.00115,-0.0,-0.0,-0.0,-1.684844,-0.128265,0.02743,0.346952,0.036601,0.422385,0.905672,-0.888099,0.429255,-0.164178,-0.458126,-0.798835,0.389675,-0.014818,0.012685,-0.021857,-0.074815,0.952848,0.335712,-1.10618,0.054832,0.036411,-0.003803,-0.07685,-0.46504,0.881947,0.827575,-0.523088,-0.203706,0.556068,0.714223,0.425055,-0.013815,0.005488,-0.010907,-0.002391,0.441843,0.010098,-0.864258,0.083356,0.021179,-0.050779,-0.132164,-0.656278,-0.742853,0.65297,-0.621484,0.432881,-0.745762,-0.42785,0.510668,0.006841,0.000411,0.000172,0.001084,-0.014806,0.029635,-0.890606
471,0.137452,-0.006615,0.384459,-0.249647,-0.663921,-0.704933,0.547206,-0.697328,0.462894,-0.798583,-0.269363,0.53827,0.000561,0.003673,0.002494,-5e-06,8e-06,-1.3e-05,-1.689434,-0.129093,0.027832,0.346035,0.044113,0.397176,0.916677,-0.878292,0.452661,-0.153737,-0.476029,-0.798814,0.367635,-0.027279,0.008296,-0.02378,-0.007744,0.535578,0.272585,-1.126147,0.054428,0.036613,-0.00425,-0.081119,-0.438789,0.89492,0.815213,-0.545802,-0.193719,0.573451,0.713837,0.401982,-0.013583,0.003807,-0.012129,-0.048874,0.848355,0.472314,-0.863605,0.083409,0.02122,-0.05074,-0.131938,-0.657852,-0.741499,0.652536,-0.620737,0.434604,-0.746182,-0.426515,0.511171,0.006951,0.001152,0.000677,0.002561,-0.017787,0.034363,-0.891586
472,0.137613,-0.00638,0.384531,-0.249647,-0.665354,-0.703581,0.547105,-0.696419,0.46438,-0.798652,-0.26818,0.538759,0.000938,0.006159,0.004174,0.000978,-0.011956,0.026204,-1.702325,-0.12979,0.027918,0.345145,0.046277,0.382589,0.922754,-0.869949,0.469423,-0.150878,-0.490914,-0.796234,0.35338,-0.012333,-0.005521,-0.018962,0.010923,0.175342,0.027937,-1.153298,0.054063,0.036664,-0.004711,-0.081082,-0.422997,0.902495,0.804984,-0.561725,-0.190958,0.587729,0.711011,0.386051,-0.006133,-0.002904,-0.009576,0.01522,0.105469,-0.018045,-0.862462,0.083489,0.021337,-0.050704,-0.13171,-0.65932,-0.740235,0.652279,-0.619945,0.436118,-0.746447,-0.425399,0.511714,0.007196,0.007215,-0.003368,0.038599,-0.041719,0.077273,-0.893218
473,0.137722,-0.006243,0.384585,-0.253694,-0.663276,-0.704095,0.542875,-0.70009,0.463823,-0.800256,-0.263747,0.538566,0.001048,0.006896,0.004668,0.000975,-0.011956,0.026205,-1.708039,-0.130117,0.027868,0.344728,0.04745,0.376815,0.925068,-0.867006,0.475412,-0.149058,-0.495984,-0.795427,0.348079,-0.012329,-0.005677,-0.019101,-0.042032,0.556907,0.268231,-1.157866,0.053901,0.036637,-0.004921,-0.081699,-0.419771,0.903945,0.801314,-0.566978,-0.190868,0.592638,0.708751,0.38269,-0.006144,-0.002914,-0.009596,-0.038718,0.503041,0.233042,-0.85691,0.083544,0.021406,-0.050677,-0.136064,-0.657887,-0.740722,0.648713,-0.624257,0.435284,-0.74877,-0.42129,0.511719,0.000495,0.003259,0.002206,0.0011,-0.012428,0.026344,-0.893545
474,0.138058,-0.006033,0.384722,-0.253679,-0.666459,-0.701088,0.542475,-0.698109,0.467264,-0.800532,-0.260965,0.539511,0.014214,0.004548,0.002854,0.000812,-0.014408,0.029062,-1.735301,-0.130856,0.027522,0.343979,0.045067,0.370482,0.927741,-0.860107,0.486728,-0.152464,-0.508067,-0.791539,0.339407,-0.023461,-0.020639,-0.012654,-0.016676,0.122621,-0.068285,-1.171059,0.053531,0.036465,-0.005296,-0.078317,-0.411768,0.907916,0.793106,-0.577524,-0.193512,0.604026,0.70492,0.371806,-0.011704,-0.010425,-0.006395,-0.016362,0.079596,-0.092361,-0.857237,0.083713,0.021517,-0.050604,-0.13553,-0.661207,-0.737858,0.647965,-0.622537,0.438848,-0.749514,-0.41863,0.512811,0.007114,0.002338,0.001467,0.002758,-0.01806,0.034676,-0.892075
475,0.138522,-0.005768,0.384869,-0.253701,-0.669383,-0.698289,0.54205,-0.696293,0.470457,-0.800813,-0.258325,0.540364,0.00145,0.018571,-0.003746,0.036565,-0.024923,0.044555,-1.753211,-0.131718,0.02705,0.343331,0.044983,0.358945,0.932269,-0.853948,0.498071,-0.150441,-0.518362,-0.789781,0.327737,-0.023814,-0.01862,-0.011236,-0.037699,0.27906,0.030634,-1.206507,0.05311,0.03623,-0.005619,-0.076944,-0.400909,0.91288,0.785604,-0.588157,-0.192084,0.613925,0.702383,0.360211,-0.012684,-0.003408,-0.00938,-0.006677,0.302744,0.105539,-0.858053,0.083944,0.021646,-0.050533,-0.135085,-0.664223,-0.735227,0.647228,-0.620996,0.442107,-0.750231,-0.416138,0.513791,0.000737,0.009378,-0.001816,0.037869,-0.027344,0.048296,-0.895504
476,0.138806,-0.005588,0.384912,-0.253734,-0.670656,-0.697054,0.541892,-0.695491,0.471823,-0.800909,-0.257182,0.540766,0.014755,0.01729,-0.004841,0.03755,-0.039624,0.074115,-1.758257,-0.132145,0.026852,0.343033,0.048144,0.352947,0.934399,-0.848053,0.508666,-0.148319,-0.527674,-0.785711,0.322617,-0.025521,-0.006026,-0.018232,0.150159,0.161553,0.311803,-1.219105,0.052897,0.036125,-0.005767,-0.079106,-0.394963,0.915284,0.778616,-0.597826,-0.19068,0.622493,0.697572,0.354816,-0.01197,-0.008903,-0.005319,0.419079,0.315158,0.263318,-0.862788,0.084081,0.021731,-0.050509,-0.134899,-0.66559,-0.734024,0.646919,-0.620281,0.443561,-0.750531,-0.415018,0.514258,0.007278,0.003535,0.002256,0.003089,-0.028715,0.058941,-0.895341
477,0.13942,-0.005021,0.384953,-0.253583,-0.675574,-0.692344,0.541916,-0.692093,0.476766,-0.800941,-0.253458,0.542475,0.01501,0.010396,0.006735,0.001955,-0.026696,0.055746,-1.774076,-0.133186,0.02643,0.342398,0.047106,0.340892,0.938917,-0.835068,0.529206,-0.15012,-0.548082,-0.777404,0.308401,-0.025458,-0.007067,-0.019066,0.024517,0.399375,0.149736,-1.273572,0.052376,0.035917,-0.006082,-0.076812,-0.383982,0.92014,0.763093,-0.616606,-0.193613,0.641707,0.687281,0.340376,-0.019225,-0.004042,-0.009261,0.106522,0.546313,0.292446,-0.863278,0.084387,0.022014,-0.050494,-0.133962,-0.670651,-0.729575,0.646366,-0.617186,0.448655,-0.751175,-0.411471,0.516166,0.014294,0.009985,-0.001659,0.039915,-0.056921,0.107768,-0.896321
478,0.140107,-0.004182,0.384859,-0.254746,-0.681179,-0.686399,0.537598,-0.68978,0.484936,-0.803476,-0.24463,0.54278,0.015197,0.020989,-0.002419,-0.747202,1.360996,-2.173905,-1.781795,-0.134482,0.026136,0.341758,0.045151,0.326288,0.944187,-0.821553,0.549822,-0.150597,-0.568297,-0.769298,0.291686,-0.037473,-0.016129,-0.008254,0.41631,0.346909,0.26204,-1.339839,0.051733,0.035768,-0.006411,-0.072879,-0.369848,0.926228,0.74746,-0.635105,-0.194789,0.660295,0.678124,0.322732,-0.019443,-0.002542,-0.008156,1.552992,0.312566,0.722871,-0.857237,0.084731,0.022434,-0.050535,-0.134495,-0.674575,-0.72585,0.641894,-0.617352,0.454804,-0.754905,-0.404751,0.516037,0.007643,0.010786,-0.001023,0.042701,0.05132,-0.098471,-0.895994
479,0.140505,-0.003717,0.384761,-0.249607,-0.682783,-0.686694,0.536509,-0.687862,0.488852,-0.805819,-0.245553,0.538875,0.028667,0.030395,-0.012578,-0.026736,-0.271394,0.063051,-1.783206,-0.135145,0.026066,0.341476,0.041992,0.320715,0.94624,-0.81784,0.555028,-0.151704,-0.573864,-0.767894,0.284396,-0.039174,-0.003031,-0.014844,-0.005425,0.450225,0.157411,-1.370901,0.051402,0.035728,-0.006549,-0.069273,-0.365346,0.92829,0.742816,-0.64002,-0.19646,0.665901,0.67594,0.315721,-0.013129,-0.000548,-0.007314,0.01448,0.64571,0.329372,-0.854787,0.084936,0.022674,-0.050585,-0.129033,-0.677358,-0.724248,0.640145,-0.614686,0.460841,-0.75734,-0.40416,0.512923,0.014329,0.015147,-0.006334,-0.036167,-0.292327,0.063913,-0.895505
480,0.14136,-0.002789,0.384443,-0.248209,-0.686945,-0.68304,0.532147,-0.68588,0.496347,-0.809137,-0.239431,0.536654,0.028194,0.018763,-0.004185,-0.225239,0.294986,-0.605189,-1.790439,-0.136431,0.025821,0.341015,0.035382,0.317951,0.947442,-0.806342,0.569125,-0.160759,-0.590338,-0.758663,0.275308,-0.026442,0.000141,-0.013768,0.081733,0.028555,-0.043316,-1.400668,0.050769,0.03561,-0.006777,-0.062139,-0.362204,0.930025,0.729772,-0.65216,-0.205229,0.68086,0.665954,0.304851,-0.012431,-0.006173,-0.003353,0.55539,0.090995,-0.163932,-0.864421,0.085347,0.023121,-0.050737,-0.126999,-0.679406,-0.722688,0.635665,-0.615056,0.466513,-0.761445,-0.400142,0.509986,0.014005,0.008679,-0.002569,-0.000906,-0.051473,-0.110507,-0.895831
481,0.142214,-0.002081,0.384133,-0.2455,-0.690034,-0.680903,0.532315,-0.682987,0.500142,-0.809856,-0.238817,0.535842,0.014226,0.015118,-0.006361,0.034268,-0.043841,0.070146,-1.791317,-0.137876,0.0256,0.340807,0.032541,0.312639,0.94931,-0.799297,0.578363,-0.162954,-0.599999,-0.75386,0.267505,-0.038856,-0.005168,-0.000107,-0.009661,0.077372,-0.067487,-1.401299,0.050038,0.035489,-0.006895,-0.058634,-0.357181,0.932192,0.721506,-0.66052,-0.207704,0.68992,0.660405,0.296437,-0.020161,0.003337,-0.003782,0.024677,0.03734,-0.067379,-0.855604,0.085786,0.023493,-0.050892,-0.12342,-0.684164,-0.718809,0.635153,-0.611003,0.472498,-0.762461,-0.398238,0.509959,0.013664,0.006495,-0.004024,0.045123,0.054754,-0.097192,-0.891586
482,0.143275,-0.001733,0.38381,-0.244529,-0.690984,-0.680288,0.52704,-0.683618,0.504844,-0.813592,-0.234236,0.532193,0.026776,0.009345,-0.010436,0.00454,-0.008366,-0.124951,-1.807955,-0.139299,0.025715,0.340882,0.03192,0.310129,0.950154,-0.799244,0.578725,-0.161923,-0.600102,-0.754616,0.265133,-0.026434,0.001747,0.003811,0.009681,-0.074687,0.109781,-1.401219,0.049311,0.035549,-0.006854,-0.057698,-0.355156,0.933024,0.721476,-0.6608,-0.206918,0.69003,0.661216,0.294363,-0.013252,0.001167,0.002151,0.009503,-0.082151,0.104557,-0.853154,0.086312,0.02367,-0.051051,-0.122332,-0.68483,-0.71836,0.62993,-0.612897,0.477017,-0.766956,-0.394163,0.506372,0.013385,0.004612,-0.005272,0.028305,-0.080794,0.064857,-0.896811
483,0.143765,-0.00163,0.383675,-0.24458,-0.692,-0.679237,0.527067,-0.682866,0.505832,-0.813558,-0.233432,0.532597,0.026555,-0.001357,-0.001418,-0.000199,-0.026769,0.053269,-1.827132,-0.140018,0.02572,0.340943,0.033563,0.310089,0.95011,-0.795797,0.583388,-0.162169,-0.604579,-0.751031,0.26514,-0.03918,-0.001705,0.002449,-0.006134,0.04562,-0.087733,-1.40119,0.04898,0.03556,-0.00682,-0.059331,-0.354975,0.932991,0.717481,-0.66499,-0.207382,0.694045,0.6571,0.294142,-0.01966,-0.00022,0.001724,-0.006502,0.044314,-0.088419,-0.855767,0.086557,0.023724,-0.051123,-0.122302,-0.686041,-0.717209,0.630007,-0.612042,0.478012,-0.766898,-0.393385,0.507065,0.006733,0.004899,-0.004955,0.039176,-0.011093,0.038048,-0.89926
484,0.14472,-0.001526,0.383434,-0.244705,-0.694034,-0.677113,0.526952,-0.681405,0.507917,-0.813595,-0.231658,0.533314,0.026357,-0.0028,-0.00238,0.000183,-0.026033,0.053598,-1.853058,-0.141384,0.025702,0.341011,0.034192,0.307449,0.950946,-0.792442,0.588115,-0.161529,-0.608937,-0.748422,0.262534,-0.026212,-3.7e-05,0.002437,0.009501,-0.07384,0.110327,-1.40126,0.048278,0.03555,-0.006785,-0.059507,-0.352244,0.934014,0.713596,-0.669293,-0.206946,0.698025,0.654194,0.291188,-0.019616,-0.000502,0.001496,-0.004588,0.019701,-0.070857,-0.85642,0.087034,0.023775,-0.051244,-0.122197,-0.688196,-0.715158,0.629673,-0.610734,0.480119,-0.767188,-0.391647,0.507969,0.006611,0.004043,-0.005521,0.032246,-0.019636,0.036417,-0.900893
485,0.145525,-0.001399,0.383187,-0.244848,-0.694318,-0.67677,0.526996,-0.681211,0.508133,-0.813524,-0.231381,0.533544,0.026442,-0.002106,-0.00193,0.001969,-0.029429,0.059106,-1.871938,-0.14276,0.025874,0.341072,0.035294,0.299065,0.953575,-0.785616,0.598048,-0.158364,-0.617656,-0.743921,0.254845,-0.039396,0.001266,0.004608,-0.034376,0.304181,0.111125,-1.401254,0.047595,0.035633,-0.006757,-0.0599,-0.344658,0.936815,0.705561,-0.678497,-0.204509,0.706112,0.64873,0.283819,-0.013861,0.006685,-0.00194,-0.004755,0.430474,0.22526,-0.857563,0.087431,0.023832,-0.051366,-0.12231,-0.688497,-0.714849,0.629661,-0.610577,0.480334,-0.76718,-0.391364,0.5082,0.013222,-0.001065,-0.000986,0.002235,-0.030291,0.061036,-0.89877
486,0.145866,-0.00132,0.383099,-0.248997,-0.694081,-0.675497,0.522937,-0.68341,0.509372,-0.814877,-0.225552,0.533974,0.026601,-0.000822,-0.001085,0.001152,-0.028813,0.059752,-1.880506,-0.143486,0.026042,0.341056,0.035116,0.293518,0.955304,-0.782102,0.603137,-0.156445,-0.622109,-0.742011,0.249526,-0.040586,0.011538,-0.004094,-0.018895,0.489546,0.220046,-1.40109,0.047243,0.035711,-0.006758,-0.059399,-0.340755,0.938273,0.701471,-0.682986,-0.203634,0.710217,0.646076,0.279599,-0.019648,0.000214,0.002003,-0.01185,0.033258,-0.09766,-0.859033,0.087606,0.023872,-0.051416,-0.126477,-0.688987,-0.713652,0.626018,-0.613509,0.481359,-0.769482,-0.385879,0.508913,0.006776,0.005396,-0.004624,0.034228,-0.026818,0.052459,-0.899097
487,0.146447,-0.001133,0.38303,-0.249102,-0.69654,-0.672922,0.522757,-0.681619,0.511949,-0.81496,-0.223386,0.534758,0.013654,0.002462,0.001349,0.000984,-0.014715,0.029553,-1.896952,-0.144815,0.026326,0.340874,0.029293,0.277215,0.960357,-0.77056,0.618222,-0.154832,-0.636638,-0.735816,0.2305,-0.040076,0.006501,-0.00788,0.43778,0.60723,0.223536,-1.401283,0.046567,0.035867,-0.006843,-0.051271,-0.324539,0.944481,0.6885,-0.696544,-0.201969,0.72342,0.639921,0.259158,-0.02001,0.002927,-0.004154,1.572169,0.571868,0.831932,-0.857237,0.087901,0.023963,-0.051452,-0.126194,-0.691545,-0.711223,0.62552,-0.611929,0.48401,-0.769933,-0.383806,0.509798,0.006927,0.006694,-0.003768,0.038211,-0.041001,0.076655,-0.89926
488,0.146851,-0.000955,0.38303,-0.249221,-0.697343,-0.672047,0.522581,-0.681081,0.512845,-0.815036,-0.222525,0.535,0.013742,0.003257,0.001868,0.008301,-0.111376,0.2356,-1.913004,-0.146022,0.026544,0.340435,0.021155,0.26122,0.965043,-0.766489,0.623965,-0.151975,-0.641844,-0.736798,0.212196,-0.02678,0.004,-0.010962,0.012225,0.224592,0.090629,-1.40133,0.045958,0.035976,-0.007062,-0.040774,-0.308144,0.950465,0.683568,-0.702404,-0.198398,0.728746,0.641618,0.239277,-0.01397,0.007015,-0.009886,0.02665,0.321889,-0.093135,-0.851195,0.088104,0.024052,-0.051452,-0.126147,-0.692513,-0.71029,0.625266,-0.61138,0.485031,-0.770148,-0.382935,0.510129,0.000212,0.001706,0.001115,0.000324,-0.000711,0.001211,-0.897301
489,0.147097,-0.000841,0.383124,-0.249306,-0.698536,-0.670775,0.522277,-0.680269,0.51423,-0.815205,-0.221266,0.535265,0.013592,0.002121,0.001116,0.000984,-0.014714,0.029553,-1.914264,-0.147055,0.02676,0.339857,0.017306,0.250408,0.967981,-0.762349,0.629692,-0.149148,-0.646866,-0.735663,0.200566,-0.027821,0.012614,-0.02088,0.060445,0.10137,0.036607,-1.401064,0.045447,0.03608,-0.007343,-0.035657,-0.298252,0.95382,0.678903,-0.707614,-0.195886,0.73336,0.640567,0.227716,-0.013207,-0.000152,-0.007079,0.017335,0.120414,-0.011967,-0.853644,0.088227,0.024113,-0.051403,-0.126078,-0.693667,-0.709175,0.624805,-0.610796,0.48636,-0.770533,-0.381777,0.510414,0.000232,0.001886,0.001234,0.001075,-0.002293,0.003729,-0.893545
490,0.147163,-0.000818,0.383174,-0.253508,-0.696658,-0.671153,0.518064,-0.68371,0.513929,-0.816591,-0.216554,0.535081,0.00018,-0.007945,0.010826,-0.035628,0.012542,-0.018568,-1.914453,-0.147484,0.026763,0.339529,0.007296,0.248726,0.968542,-0.760679,0.630063,-0.155955,-0.649007,-0.735914,0.192568,-0.026227,-0.002994,-0.016226,0.723691,1.477835,-2.118189,-1.400896,0.045236,0.036093,-0.007505,-0.028156,-0.297201,0.954399,0.677594,-0.707615,-0.200363,0.734896,0.641054,0.221306,-0.006644,-0.000626,-0.008039,0.023694,0.025957,-0.024812,-0.853154,0.088265,0.02413,-0.051381,-0.13056,-0.692431,-0.709572,0.621232,-0.614911,0.485752,-0.772673,-0.377389,0.510443,0.000162,0.001308,0.000859,0.000159,-0.000443,0.000299,-0.894851
491,0.147185,-0.000739,0.383262,-0.253567,-0.696354,-0.671446,0.517912,-0.683995,0.513703,-0.816668,-0.216631,0.534931,0.000404,0.00327,0.002148,0.000926,-0.012228,0.02608,-1.914233,-0.148254,0.026569,0.338927,-0.007937,0.23395,0.972212,-0.747301,0.64461,-0.1611,-0.664341,-0.728099,0.168481,-0.026185,-0.004095,-0.017095,5.361731,-0.160495,1.228035,-1.401084,0.044842,0.03599,-0.007815,-0.007823,-0.2878,0.957657,0.66608,-0.715802,-0.209676,0.745838,0.636237,0.197298,-0.005944,-0.00751,-0.005044,0.033804,0.31172,-0.209961,-0.853644,0.088276,0.024162,-0.051336,-0.130656,-0.692151,-0.709827,0.621117,-0.61519,0.485544,-0.772749,-0.377447,0.510285,0.000128,0.001045,0.000686,8.9e-05,-6.6e-05,-5.1e-05,-0.894851
492,0.147161,-0.000604,0.383351,-0.257793,-0.694208,-0.672059,0.513669,-0.687601,0.513148,-0.818018,-0.212072,0.534695,0.000514,0.004157,0.002727,0.000926,-0.012228,0.02608,-1.914719,-0.14915,0.026359,0.338384,-0.02133,0.216545,0.976035,-0.73499,0.658388,-0.162016,-0.677631,-0.721095,0.143877,-0.02659,0.000695,-0.013518,1.630718,-0.009148,0.352826,-1.401118,0.044395,0.035871,-0.008097,0.007487,-0.269342,0.963015,0.649322,-0.731082,-0.209522,0.760476,0.626876,0.169416,-0.006077,-0.00548,-0.003531,5.34912,-0.537937,0.710015,-0.85544,0.088264,0.024226,-0.051293,-0.135184,-0.690701,-0.710392,0.617529,-0.619422,0.48474,-0.774843,-0.373158,0.510264,-0.006358,0.002448,0.001746,-0.000816,0.014597,-0.029676,-0.893708
493,0.147144,-0.000418,0.383474,-0.261988,-0.694024,-0.670626,0.50939,-0.689662,0.514645,-0.819354,-0.205922,0.535053,0.000683,0.005529,0.003621,0.000926,-0.012228,0.02608,-1.914532,-0.149899,0.026284,0.33799,-0.040367,0.205418,0.977837,-0.729592,0.662573,-0.169191,-0.682558,-0.720501,0.121887,-0.02543,-0.010152,-0.005317,-0.028018,0.279998,-0.167398,-1.401282,0.04402,0.035843,-0.008293,0.027155,-0.261029,0.964948,0.642119,-0.73526,-0.216966,0.766122,0.625504,0.147646,-0.006834,0.001389,-0.00656,0.017839,0.120289,0.040392,-0.850052,0.088255,0.02432,-0.051231,-0.139367,-0.691293,-0.709006,0.613637,-0.622239,0.486073,-0.77719,-0.36733,0.510923,0.000306,0.002482,0.001627,0.000525,-0.000826,0.000889,-0.890116
494,0.147167,-0.000309,0.383533,-0.26201,-0.695762,-0.668813,0.509329,-0.688343,0.516468,-0.819386,-0.204466,0.535563,0.013879,0.004629,0.002747,0.00191,-0.026943,0.055633,-1.914816,-0.150294,0.026153,0.337841,-0.048347,0.204331,0.977703,-0.724744,0.666377,-0.174988,-0.687178,-0.717293,0.114632,-0.025434,-0.010395,-0.005513,0.153296,0.516462,-0.746962,-1.401108,0.043832,0.035779,-0.008361,0.032339,-0.260108,0.965037,0.637386,-0.738359,-0.22037,0.769864,0.622229,0.141912,-0.006233,-0.004317,-0.002669,-0.012137,0.005713,-0.066621,-0.851358,0.088261,0.024373,-0.051202,-0.139099,-0.693138,-0.707254,0.61335,-0.621018,0.487993,-0.777465,-0.365915,0.51152,0.000358,0.002916,0.001909,0.002014,-0.014256,0.029005,-0.889136
495,0.147299,-0.000127,0.38365,-0.262084,-0.697149,-0.667338,0.509142,-0.68733,0.517999,-0.819478,-0.203149,0.535923,0.013743,0.003605,0.002071,-0.736915,1.378626,-2.238819,-1.91443,-0.151257,0.025896,0.337761,-0.053261,0.206965,0.976893,-0.711792,0.678249,-0.182384,-0.700221,-0.70531,0.109955,-0.025953,-0.003312,-0.000152,0.141714,0.003299,-0.042229,-1.401419,0.043351,0.03564,-0.008415,0.03983,-0.26465,0.963521,0.622839,-0.747453,-0.231049,0.781334,0.609322,0.135063,-0.018887,-0.007835,0.004067,1.595976,-0.247196,0.078891,-0.851848,0.088328,0.02447,-0.05114,-0.139284,-0.692502,-0.707842,0.613271,-0.621554,0.487409,-0.777494,-0.366211,0.511264,0.00033,0.002689,0.001753,0.001069,-0.012351,0.026041,-0.890933
496,0.147508,5.1e-05,0.383725,-0.262167,-0.698404,-0.665992,0.508982,-0.686409,0.519376,-0.819551,-0.201952,0.536264,0.000556,0.013959,-0.006892,0.029651,-0.001241,0.000202,-1.914471,-0.152262,0.025808,0.337799,-0.059015,0.215303,0.974758,-0.701657,0.685604,-0.193798,-0.709913,-0.695646,0.109373,-0.026002,-0.002602,0.000374,0.025868,-0.355758,-0.307053,-1.401895,0.042839,0.035601,-0.008392,0.044965,-0.272081,0.961222,0.611497,-0.753376,-0.241854,0.789967,0.59866,0.132501,-0.012422,-0.006912,0.004174,-0.020599,-0.594203,-0.484608,-0.859033,0.088437,0.024555,-0.051099,-0.13883,-0.695913,-0.704578,0.612652,-0.619334,0.491,-0.778063,-0.363496,0.512335,0.006847,0.001654,0.000933,-0.01798,0.01033,-0.005461,-0.891585
497,0.147684,0.000142,0.383721,-0.262224,-0.697912,-0.666485,0.508944,-0.686813,0.518879,-0.819556,-0.202279,0.536132,0.013599,0.011981,-0.008469,0.036615,-0.027228,0.048136,-1.913891,-0.152836,0.025731,0.337793,-0.062038,0.221931,0.973082,-0.70064,0.684658,-0.200701,-0.710656,-0.694503,0.111787,-0.038986,-0.004262,0.000276,0.030217,-0.507673,-0.445138,-1.401518,0.042542,0.035564,-0.008393,0.047243,-0.278682,0.95922,0.610552,-0.751966,-0.248539,0.790565,0.597395,0.134625,-0.019498,-0.002109,0.000172,0.037367,-0.459386,-0.406777,-0.85936,0.088521,0.024603,-0.0511,-0.138963,-0.695396,-0.705061,0.612692,-0.619718,0.490465,-0.778008,-0.363829,0.512181,0.006782,0.001125,0.000584,0.001335,-0.015348,0.030442,-0.891749
498,0.148144,0.000356,0.383658,-0.262328,-0.700622,-0.663594,0.508902,-0.684723,0.521675,-0.819548,-0.199988,0.537002,0.0136,0.012127,-0.008375,0.036456,-0.026897,0.047653,-1.914396,-0.154159,0.025832,0.337939,-0.062301,0.228185,0.971618,-0.700108,0.683817,-0.205368,-0.711157,-0.693311,0.115922,-0.026504,0.006103,0.006942,0.011533,-0.098171,0.128903,-1.401348,0.041891,0.035601,-0.008331,0.04602,-0.286951,0.956838,0.609825,-0.750586,-0.254427,0.791198,0.595214,0.140448,-0.019775,0.002772,0.003861,0.000943,0.058293,-0.042995,-0.859523,0.088751,0.024708,-0.051132,-0.138625,-0.698282,-0.702271,0.612283,-0.617782,0.493411,-0.778391,-0.36159,0.513186,0.006778,0.001149,0.000594,0.003397,-0.030138,0.060639,-0.891912
499,0.148896,0.000778,0.383412,-0.266582,-0.703268,-0.659085,0.505236,-0.684316,0.525756,-0.820438,-0.191968,0.538569,0.026911,0.012734,-0.008275,-0.190495,0.461031,-0.782378,-1.914567,-0.155327,0.026071,0.338273,-0.056213,0.227279,0.972201,-0.701345,0.684039,-0.200348,-0.710452,-0.693389,0.119718,-0.039424,0.004695,0.006985,-0.010893,0.033535,-0.0695,-1.401083,0.041311,0.035732,-0.008156,0.039968,-0.284903,0.957722,0.61109,-0.75137,-0.24902,0.790551,0.595207,0.144071,-0.013264,0.003654,0.003927,-0.018113,-0.023604,0.025604,-0.860666,0.089121,0.024916,-0.051256,-0.142553,-0.70109,-0.698677,0.608639,-0.618745,0.496701,-0.780536,-0.354436,0.514915,0.006974,0.007238,-0.003422,-0.700053,1.354785,-2.189599,-0.891096
500,0.149326,0.001096,0.38325,-0.26404,-0.704616,-0.658668,0.504914,-0.682836,0.527985,-0.82146,-0.192291,0.536893,0.027122,0.014776,-0.006952,-0.05281,-0.239681,0.019544,-1.914711,-0.155936,0.026137,0.338438,-0.054456,0.227103,0.972342,-0.702011,0.683777,-0.198904,-0.709933,-0.693704,0.120962,-0.026408,0.005863,0.0067,-0.002176,0.014892,-0.034266,-1.401499,0.041002,0.035765,-0.008073,0.038298,-0.284536,0.957899,0.611806,-0.751252,-0.247614,0.790079,0.595532,0.145309,-0.019143,-0.003375,0.007389,-0.039397,0.043941,-0.087794,-0.860503,0.089336,0.025072,-0.05134,-0.140269,-0.702781,-0.697439,0.608033,-0.617074,0.499514,-0.781421,-0.354,0.513871,0.013586,0.012344,-0.008248,-0.085976,-0.245578,-0.196233,-0.887993
501,0.150311,0.001929,0.382823,-0.263013,-0.710246,-0.653008,0.500857,-0.679009,0.536714,-0.82427,-0.185023,0.535139,0.027336,0.02695,-0.015007,0.001538,-0.131007,0.105961,-1.914888,-0.157016,0.02625,0.338692,-0.053625,0.224274,0.973045,-0.702881,0.683666,-0.196194,-0.709137,-0.69473,0.119744,-0.026229,0.003158,0.004636,-0.012359,0.16581,0.028865,-1.401361,0.040462,0.035827,-0.007941,0.037775,-0.281821,0.958723,0.612631,-0.751429,-0.245024,0.789465,0.596599,0.144267,-0.013139,0.001932,0.002601,-0.009566,0.201197,0.08509,-0.860176,0.089828,0.025484,-0.05155,-0.137511,-0.708418,-0.692266,0.603049,-0.61432,0.508864,-0.785762,-0.347496,0.511687,0.013636,0.008298,-0.002904,-0.089553,0.028535,-0.028283,-0.88734
502,0.151343,0.002808,0.382364,-0.259292,-0.715236,-0.649038,0.496557,-0.675129,0.54553,-0.828045,-0.179948,0.531025,0.027189,0.026484,-0.015312,0.045105,-0.025379,-0.07953,-1.914465,-0.157866,0.026412,0.338839,-0.051029,0.223966,0.973256,-0.703363,0.683766,-0.194109,-0.708853,-0.694731,0.121405,-0.026149,0.002095,0.003819,-0.004091,0.030439,-0.058472,-1.401083,0.040037,0.035908,-0.007868,0.035342,-0.28105,0.959041,0.613223,-0.751645,-0.242871,0.789118,0.59669,0.145781,-0.0066,0.001759,0.001898,-0.000451,-0.002177,-0.00688,-0.858543,0.090355,0.025937,-0.051783,-0.13288,-0.712857,-0.688604,0.598145,-0.61166,0.517778,-0.790294,-0.343083,0.507669,0.013602,0.013236,-0.007673,0.08476,0.009228,-0.059999,-0.88881
503,0.152281,0.003675,0.3819,-0.262459,-0.716354,-0.646526,0.488952,-0.676365,0.550843,-0.83156,-0.170661,0.528592,0.013845,0.015961,-0.005904,0.030773,-0.038811,0.042599,-1.914736,-0.158396,0.026476,0.338969,-0.049789,0.223834,0.97335,-0.703406,0.683991,-0.193155,-0.7089,-0.694551,0.122158,-0.013114,0.002076,0.002674,-0.000144,-0.000302,-0.005032,-1.401485,0.039767,0.035939,-0.007803,0.034169,-0.280814,0.959153,0.613254,-0.751905,-0.241985,0.789145,0.596473,0.146518,-4.1e-05,0.000824,0.000627,0.01306,-0.107041,0.167036,-0.855767,0.090819,0.026366,-0.052011,-0.135931,-0.714662,-0.686134,0.590928,-0.614364,0.522838,-0.795189,-0.334386,0.505826,0.013564,0.013267,-0.007652,0.087634,0.028553,-0.048953,-0.888156
504,0.15268,0.004068,0.381703,-0.264108,-0.716646,-0.645532,0.484968,-0.677212,0.553319,-0.833367,-0.16604,0.527218,0.013823,0.025838,-0.015414,0.064151,-0.055585,0.059231,-1.914173,-0.158533,0.0265,0.339011,-0.048702,0.223641,0.97345,-0.703417,0.68423,-0.192269,-0.708965,-0.694378,0.122756,-9.2e-05,0.002037,0.001524,-0.0,0.0,0.0,-1.401259,0.039693,0.03595,-0.007782,0.033257,-0.280548,0.959263,0.613251,-0.752148,-0.241236,0.789186,0.596292,0.147032,-0.006549,0.000849,0.001202,-0.000194,-0.000286,-0.005041,-0.854951,0.091018,0.02656,-0.052106,-0.137517,-0.715283,-0.68517,0.58709,-0.615996,0.525236,-0.797755,-0.330028,0.504646,0.013492,0.007864,-0.003197,0.056186,-0.049727,0.109524,-0.889136
505,0.153429,0.00463,0.381428,-0.253831,-0.720378,-0.6455,0.48292,-0.672619,0.560663,-0.837749,-0.16852,0.519426,0.013575,0.004026,0.002268,-0.176003,-0.148399,-0.266059,-1.914252,-0.158516,0.026551,0.339048,-0.050232,0.220956,0.973985,-0.703042,0.68483,-0.1915,-0.709229,-0.694642,0.119708,-2.6e-05,0.000579,0.000434,0.170777,0.467028,-0.663848,-1.401058,0.039702,0.035977,-0.007762,0.034241,-0.277485,0.960119,0.612958,-0.75295,-0.239471,0.789372,0.596713,0.144305,-1.8e-05,0.000268,0.000203,0.569457,1.486688,-2.259223,-0.856094,0.091393,0.026849,-0.05225,-0.127463,-0.717078,-0.685238,0.584378,-0.61252,0.532279,-0.801408,-0.332592,0.497118,0.006761,0.00664,-0.003824,-0.348641,0.108044,-0.862945,-0.890932
506,0.154017,0.00493,0.381214,-0.25558,-0.719931,-0.645309,0.478643,-0.674165,0.562471,-0.839667,-0.164226,0.517702,0.01309,-0.000532,-0.000661,0.000375,-0.015968,0.028969,-1.91361,-0.15823,0.026542,0.339078,-0.052125,0.221245,0.973819,-0.702576,0.684864,-0.193085,-0.709552,-0.694517,0.11851,0.014051,-0.010359,0.007478,-0.034453,-0.005169,0.010847,-1.401392,0.039839,0.035976,-0.00775,0.036848,-0.27856,0.959711,0.612311,-0.752675,-0.241978,0.789757,0.596558,0.142831,0.006489,0.000423,-0.000245,0.0013,-0.017582,0.030974,-0.85691,0.091688,0.027005,-0.052354,-0.128647,-0.717089,-0.685004,0.580487,-0.614493,0.534257,-0.804041,-0.328906,0.495314,0.006547,0.00471,-0.005062,0.047762,-0.016025,0.054335,-0.892402
507,0.15426,0.004986,0.3811,-0.255607,-0.719322,-0.645977,0.478726,-0.674683,0.561778,-0.839611,-0.164762,0.517622,0.012824,-0.003128,-0.002329,9e-05,-0.002179,0.003618,-1.914176,-0.158011,0.026501,0.33909,-0.05158,0.221089,0.973884,-0.702671,0.684908,-0.192585,-0.709499,-0.694523,0.118791,0.014096,-0.011212,0.006837,-0.034453,-0.005192,0.010834,-1.401283,0.039949,0.035957,-0.007744,0.036304,-0.278344,0.959794,0.612409,-0.752759,-0.241468,0.789706,0.596554,0.143133,0.006516,-0.000118,-0.000654,0.002021,-0.015533,0.029458,-0.856584,0.09181,0.027036,-0.052408,-0.128897,-0.716442,-0.685635,0.580717,-0.614984,0.533443,-0.803836,-0.329401,0.49532,0.006479,0.004067,-0.005476,0.03743,-0.024509,0.049861,-0.894198
508,0.154773,0.004989,0.380923,-0.255764,-0.71983,-0.645349,0.478672,-0.674279,0.56231,-0.839594,-0.164201,0.517828,0.012764,-0.00377,-0.002745,0.000101,-0.002151,0.003631,-1.914285,-0.157661,0.026429,0.339177,-0.053592,0.2214,0.973705,-0.702371,0.684748,-0.194237,-0.709643,-0.694583,0.117575,-9e-05,0.00188,0.001407,0.001905,-0.015491,0.024224,-1.401451,0.04013,0.03591,-0.007702,0.038274,-0.278889,0.959559,0.61213,-0.752457,-0.243113,0.789829,0.596681,0.141917,0.006472,0.000774,1.2e-05,0.001924,-0.015574,0.029779,-0.858543,0.092065,0.027034,-0.052499,-0.129023,-0.717006,-0.68502,0.580573,-0.614643,0.533992,-0.803919,-0.328807,0.495578,0.01297,-0.001756,-0.001459,0.001692,-0.029796,0.061251,-0.894851
509,0.155407,0.004865,0.380766,-0.255947,-0.720219,-0.644841,0.478382,-0.674027,0.562858,-0.839704,-0.163528,0.517864,0.012735,-0.004162,-0.003002,0.000984,-0.014715,0.029553,-1.914566,-0.157585,0.026514,0.339271,-0.052699,0.2212,0.973799,-0.702426,0.684908,-0.193473,-0.709657,-0.694488,0.118049,-0.013151,0.002785,0.003205,-0.002045,0.015205,-0.029245,-1.401103,0.040167,0.035953,-0.007655,0.037387,-0.278581,0.959684,0.612174,-0.752671,-0.242337,0.789838,0.596554,0.1424,-0.006585,0.001547,0.001714,-0.002008,0.015204,-0.029252,-0.859523,0.092382,0.026969,-0.052579,-0.129164,-0.717456,-0.684523,0.580223,-0.61448,0.53456,-0.804149,-0.32813,0.495653,0.012873,-0.002791,-0.002132,0.000974,-0.01732,0.034956,-0.894361
510,0.15615,0.00475,0.38059,-0.258779,-0.722432,-0.641226,0.478971,-0.672455,0.564237,-0.838496,-0.160223,0.520846,0.02584,-0.004736,-0.003706,0.151162,0.198729,0.353628,-1.913832,-0.157703,0.026712,0.339416,-0.051049,0.220878,0.97396,-0.7024,0.685316,-0.192116,-0.709805,-0.694187,0.118927,-0.013216,0.004326,0.004348,-0.00014,-0.000285,-0.005021,-1.401157,0.040114,0.036049,-0.007585,0.035928,-0.278117,0.959875,0.612118,-0.753108,-0.241119,0.789949,0.59622,0.143183,-0.006615,0.002244,0.002234,-0.000109,-0.000285,-0.00504,-0.860013,0.092749,0.026911,-0.052668,-0.130193,-0.720383,-0.681246,0.580203,-0.61252,0.536826,-0.803997,-0.325371,0.497715,0.006443,-0.001387,-0.00107,0.292293,0.466549,0.244091,-0.895178
511,0.156558,0.004761,0.380467,-0.258809,-0.72181,-0.641914,0.479001,-0.673001,0.563559,-0.838469,-0.160731,0.520732,0.025934,0.006538,-0.012302,0.039732,-0.037113,0.079969,-1.914386,-0.157827,0.026835,0.339481,-0.047703,0.220251,0.974272,-0.702895,0.685596,-0.189289,-0.709552,-0.694109,0.120874,-0.000263,0.005506,0.004104,-0.0,-0.0,0.0,-1.401154,0.040046,0.036115,-0.007549,0.032518,-0.277057,0.960302,0.612612,-0.753642,-0.238177,0.789714,0.596038,0.145222,-0.000138,0.002868,0.00214,0.000951,0.001925,-0.00292,-0.860503,0.092962,0.026913,-0.052732,-0.131926,-0.719636,-0.681702,0.580726,-0.613448,0.535198,-0.803337,-0.325276,0.498841,0.01297,0.003269,-0.006165,0.024894,-0.051935,0.075786,-0.894852
512,0.157515,0.004843,0.380209,-0.265934,-0.72196,-0.638826,0.475814,-0.674649,0.564289,-0.838046,-0.153006,0.523732,0.03917,-0.002852,-0.002839,0.003193,-0.04358,0.088866,-1.914191,-0.158231,0.0271,0.339676,-0.044676,0.219752,0.974528,-0.703379,0.68579,-0.186771,-0.709273,-0.694075,0.122696,-0.013279,0.006192,0.005716,-0.000143,-0.000289,-0.005023,-1.401019,0.039844,0.036247,-0.007452,0.029594,-0.276218,0.960638,0.613094,-0.754029,-0.235699,0.789454,0.595937,0.147033,-0.006643,0.003133,0.00289,0.000258,0.000499,-0.006229,-0.861319,0.093426,0.026954,-0.052861,-0.138901,-0.721197,-0.67866,0.577761,-0.615601,0.535935,-0.804299,-0.317662,0.502188,0.01304,0.004069,-0.005654,0.026616,0.035395,-0.097324,-0.894851
513,0.158721,0.004933,0.379829,-0.273096,-0.721507,-0.636312,0.472654,-0.676754,0.564424,-0.837522,-0.145721,0.52664,0.025783,-0.005636,-0.004315,0.039705,0.065737,0.072079,-1.914328,-0.158724,0.027253,0.339857,-0.041806,0.222267,0.974084,-0.703763,0.68547,-0.186498,-0.70907,-0.693593,0.126533,-0.013094,0.002492,0.002956,0.01991,-0.28979,-0.226034,-1.400963,0.039602,0.036328,-0.007359,0.027067,-0.276563,0.960614,0.613658,-0.753986,-0.234365,0.789107,0.595833,0.149307,-0.006577,0.001787,0.001887,0.007756,-0.623823,-0.420332,-0.861972,0.09402,0.027004,-0.05304,-0.145911,-0.722096,-0.676229,0.575085,-0.6181,0.535936,-0.804975,-0.310691,0.505455,0.01291,-0.002668,-0.002076,0.055202,0.098,0.090824,-0.892075
