frame,MLTx,MLTy,MLTz,MLTR1,MLTR2,MLTR3,MLTR4,MLTR5,MLTR6,MLTR7,MLTR8,MLTR9,MLTTVx,MLTTVy,MLTTVz,MLTRVx,MLTRVy,MLTRVz,MLGA,MRTx,MRTy,MRTz,MRTR1,MRTR2,MRTR3,MRTR4,MRTR5,MRTR6,MRTR7,MRTR8,MRTR9,MRTTVx,MRTTVy,MRTTVz,MRTRVx,MRTRVy,MRTRVz,MRGA,SLTx,SLTy,SLTz,SLTR1,SLTR2,SLTR3,SLTR4,SLTR5,SLTR6,SLTR7,SLTR8,SLTR9,SLTTVx,SLTTVy,SLTTVz,SLTRVx,SLTRVy,SLTRVz,SLGA,SRTx,SRTy,SRTz,SRTR1,SRTR2,SRTR3,SRTR4,SRTR5,SRTR6,SRTR7,SRTR8,SRTR9,SRTTVx,SRTTVy,SRTTVz,SRTRVx,SRTRVy,SRTRVz,SRGA
89,0.15105,0.030566,0.364586,-0.166737,-0.190531,-0.967441,-0.378877,-0.893446,0.241202,-0.910112,0.406991,0.077989,-0.024557,0.006567,0.004715,-0.00095,0.032631,-0.057269,0.513819,-0.182846,0.051744,0.327883,0.838052,0.269581,0.474327,-0.545267,0.390255,0.741835,0.013824,-0.880652,0.473418,0.012535,0.005325,0.002916,2.618781,4.057474,2.662355,0.534487,0.027281,0.049454,-0.013576,-0.822168,-0.299429,0.484129,0.567255,-0.359928,0.740724,-0.047543,0.883625,0.465774,-0.006202,6.2e-05,0.000513,-0.002195,0.01527,-0.029617,0.524365,0.089623,0.039945,-0.061252,-0.131441,-0.166648,-0.977216,-0.196257,-0.961883,0.19043,-0.971702,0.216816,0.093724,-0.012237,0.003479,0.002442,-0.005979,0.013751,-0.061413,0.458011
90,0.149968,0.030948,0.36475,-0.169165,-0.194438,-0.966241,-0.372568,-0.894989,0.245272,-0.912262,0.40172,0.080164,-0.036849,0.009265,0.006684,-0.002268,0.029709,-0.063725,0.514647,-0.182635,0.051953,0.327889,0.837408,0.272492,0.473803,-0.546105,0.386015,0.743435,0.018633,-0.881628,0.471433,0.012433,0.001582,0.000222,0.001539,-0.014773,0.029605,0.534618,0.027281,0.049454,-0.013576,-0.822168,-0.299429,0.484129,0.567255,-0.359928,0.740724,-0.047543,0.883625,0.465774,-0.006202,6.2e-05,0.000513,-0.002195,0.01527,-0.029617,0.524365,0.089096,0.040134,-0.061174,-0.132863,-0.171052,-0.976261,-0.189796,-0.962375,0.194449,-0.972791,0.211126,0.095399,-0.018441,0.004477,0.003247,-0.003801,0.043992,-0.088313,0.46389
91,0.148657,0.031287,0.365075,-0.173292,-0.193988,-0.9656,-0.382992,-0.88997,0.247473,-0.907153,0.412939,0.081132,-0.023977,0.010776,0.007293,-5.337705,1.382665,0.414211,0.432714,-0.182612,0.05208,0.327849,0.837489,0.272526,0.47364,-0.545984,0.386322,0.743365,0.018558,-0.881483,0.471707,-3.1e-05,-0.00128,-0.00092,-0.001713,0.017165,-0.023084,0.534198,0.027281,0.049454,-0.013576,-0.822168,-0.299429,0.484129,0.567255,-0.359928,0.740724,-0.047543,0.883625,0.465774,-0.006202,6.2e-05,0.000513,-0.002195,0.01527,-0.029617,0.524365,0.088428,0.040306,-0.06101,-0.136627,-0.171711,-0.975626,-0.199344,-0.95995,0.196868,-0.970357,0.221382,0.096926,-0.012085,0.005468,0.003527,-5.339829,1.368807,0.412523,0.428945
92,0.147562,0.031558,0.365523,-0.182045,-0.185405,-0.965676,-0.43604,-0.865001,0.248221,-0.881113,0.466487,0.077829,-0.024075,0.000511,0.016134,-5.564119,1.115421,0.434143,0.072165,-0.182769,0.05202,0.327864,0.838098,0.270466,0.473742,-0.545063,0.384746,0.744857,0.018136,-0.882803,0.469248,-0.012406,-0.000531,0.000532,-0.003184,0.01618,-0.028435,0.45286,0.027281,0.049454,-0.013576,-0.822168,-0.299429,0.484129,0.567255,-0.359928,0.740724,-0.047543,0.883625,0.465774,-0.006202,6.2e-05,0.000513,-0.002195,0.01527,-0.029617,0.524365,0.087889,0.040443,-0.060791,-0.146604,-0.165085,-0.975322,-0.252301,-0.947124,0.198237,-0.956478,0.275138,0.097201,-0.005662,0.005267,0.003439,-0.576741,-0.226699,-0.170938,0.206217
93,0.147317,0.031661,0.365696,-0.185928,-0.168806,-0.967977,-0.493562,-0.83578,0.240501,-0.84939,0.522679,0.073286,-0.011569,0.008504,0.005552,-7.026069,1.617935,0.741168,-0.391354,-0.182803,0.05195,0.327899,0.840305,0.263388,0.473822,-0.541826,0.386324,0.7464,0.012489,-0.884244,0.466712,-3.5e-05,-0.001385,-0.000995,2.577892,4.159835,2.608249,0.029041,0.027281,0.049454,-0.013576,-0.822168,-0.299429,0.484129,0.567255,-0.359928,0.740724,-0.047543,0.883625,0.465774,-0.006202,6.2e-05,0.000513,-0.002195,0.01527,-0.029617,0.524365,0.087762,0.040497,-0.060703,-0.152473,-0.151585,-0.976613,-0.309144,-0.931264,0.192811,-0.938712,0.331313,0.095131,-0.005705,0.004647,0.003072,-0.782461,-1.163997,2.452513,0.056806
94,0.147089,0.031789,0.365816,-0.153033,-0.134345,-0.97907,-0.561314,-0.803565,0.197945,-0.813156,0.580021,0.048782,-0.012355,0.002116,0.001604,-0.039615,-0.599822,1.058718,-1.805799,-0.182895,0.051947,0.327915,0.847377,0.268892,0.457865,-0.530417,0.393124,0.751029,0.020884,-0.879584,0.475141,-1.2e-05,-0.000472,-0.000339,0.002613,-0.002533,-0.001326,-1.206586,0.027281,0.049454,-0.013576,-0.822168,-0.299429,0.484129,0.567255,-0.359928,0.740724,-0.047543,0.883625,0.465774,-0.006202,6.2e-05,0.000513,-0.002195,0.01527,-0.029617,0.524365,0.087649,0.040565,-0.060629,-0.131253,-0.110024,-0.985224,-0.392944,-0.906643,0.153597,-0.910146,0.407298,0.075766,-0.006167,0.001056,0.000826,-0.007342,-0.209451,0.365574,-0.253283
95,0.14648,0.031704,0.365755,-0.12669,-0.119033,-0.984798,-0.565183,-0.807196,0.17022,-0.815036,0.578301,0.036215,-0.013366,0.003134,-0.012981,0.055894,-0.363385,0.663047,-1.907821,-0.182794,0.051847,0.327847,0.84973,0.240654,0.46908,-0.526914,0.411205,0.743778,-0.014961,-0.87946,0.475594,0.012324,-0.002911,-0.003007,0.243889,-0.098115,-0.300115,-1.406396,0.027281,0.049454,-0.013576,-0.822168,-0.299429,0.484129,0.567255,-0.359928,0.740724,-0.047543,0.883625,0.465774,-0.006202,6.2e-05,0.000513,-0.002195,0.01527,-0.029617,0.524365,0.087347,0.040535,-0.060651,-0.106677,-0.087869,-0.990402,-0.396464,-0.909716,0.123414,-0.91183,0.405824,0.062209,-0.013104,-0.003803,-0.002041,0.013649,-0.262273,0.429561,-0.544103
96,0.146321,0.031491,0.365627,-0.124025,-0.114735,-0.985647,-0.564834,-0.808496,0.165133,-0.815691,0.577346,0.036696,-0.001677,-0.013188,-0.008165,0.031584,-0.236485,0.428483,-1.90618,-0.18265,0.051593,0.327842,0.850289,0.226439,0.475105,-0.525227,0.419874,0.740119,-0.032959,-0.87912,0.475316,0.000482,-0.019162,0.001837,0.112922,-0.046707,-0.112451,-1.40734,0.027281,0.049454,-0.013576,-0.822168,-0.299429,0.484129,0.567255,-0.359928,0.740724,-0.047543,0.883625,0.465774,-0.006202,6.2e-05,0.000513,-0.002195,0.01527,-0.029617,0.524365,0.087262,0.040435,-0.060717,-0.104785,-0.082985,-0.991026,-0.39585,-0.910687,0.118112,-0.912317,0.404674,0.062577,-0.00082,-0.006485,-0.004004,0.060066,0.042041,-0.141014,-0.691065
97,0.146155,0.030935,0.365272,-0.125083,-0.112269,-0.985797,-0.563262,-0.809892,0.163652,-0.816614,0.575868,0.039295,-0.001948,-0.015254,-0.009495,0.145888,1.093445,-1.94135,-1.118144,-0.182629,0.050744,0.327757,0.85234,0.218448,0.475173,-0.521242,0.426501,0.739146,-0.042265,-0.87794,0.476758,0.000302,-0.026352,-0.003375,-0.039589,0.047219,-0.06295,-1.407247,0.027281,0.049454,-0.013576,-0.822168,-0.299429,0.484129,0.567255,-0.359928,0.740724,-0.047543,0.883625,0.465774,-0.006202,6.2e-05,0.000513,-0.002195,0.01527,-0.029617,0.524365,0.087177,0.040142,-0.060903,-0.105242,-0.080371,-0.991193,-0.394102,-0.911745,0.115773,-0.91302,0.402816,0.06428,-0.000979,-0.007807,-0.00485,0.148131,1.07712,-1.926438,-0.867092
98,0.1457,0.030618,0.364878,-0.143694,-0.121287,-0.982185,-0.558914,-0.809073,0.181625,-0.816516,0.575203,0.049693,-0.013709,0.000935,-0.014422,0.04198,-0.04782,0.069855,-0.228197,-0.182775,0.050079,0.327616,0.850267,0.220079,0.478123,-0.52457,0.426505,0.736786,-0.042837,-0.877532,0.477457,-0.012621,-0.00658,-0.003855,0.2028,-0.144984,-0.199015,-1.10694,0.027281,0.049454,-0.013576,-0.822168,-0.299429,0.484129,0.567255,-0.359928,0.740724,-0.047543,0.883625,0.465774,-0.006202,6.2e-05,0.000513,-0.002195,0.01527,-0.029617,0.524365,0.086949,0.039972,-0.061107,-0.122432,-0.093646,-0.988048,-0.389725,-0.911035,0.134639,-0.912756,0.401551,0.075043,-0.006841,0.000551,-0.007152,0.042771,-0.059586,0.089406,-0.678981
99,0.144963,0.030633,0.36456,-0.174647,-0.136099,-0.975203,-0.552185,-0.806461,0.211385,-0.815023,0.575576,0.06691,-0.025477,0.008087,-0.009672,0.16231,1.493124,-2.638767,0.238872,-0.182794,0.050331,0.327683,0.842052,0.255813,0.474869,-0.539264,0.405646,0.737957,-0.004906,-0.87778,0.478895,-0.000401,0.022022,0.000258,0.01671,-0.063625,0.018039,-0.153305,0.027281,0.049454,-0.013576,-0.822168,-0.299429,0.484129,0.567255,-0.359928,0.740724,-0.047543,0.883625,0.465774,-0.006202,6.2e-05,0.000513,-0.002195,0.01527,-0.029617,0.524365,0.086589,0.039971,-0.061266,-0.147343,-0.112658,-0.982648,-0.384009,-0.909042,0.161799,-0.911496,0.401186,0.090679,-0.006503,-0.001242,-0.000629,-0.005199,0.103978,-0.184192,-0.483359
100,0.144472,0.030752,0.364497,-0.19026,-0.143546,-0.971206,-0.548735,-0.804743,0.226386,-0.813838,0.576182,0.075552,-0.025149,0.001698,0.001625,0.123246,1.592611,-2.803096,0.403636,-0.182795,0.050705,0.327789,0.838193,0.26871,0.474572,-0.545138,0.394987,0.739421,0.010188,-0.878804,0.476931,-0.000323,0.02512,0.002482,0.026832,-0.021071,0.047364,0.107155,0.027281,0.049454,-0.013576,-0.822168,-0.299429,0.484129,0.567255,-0.359928,0.740724,-0.047543,0.883625,0.465774,-0.006202,6.2e-05,0.000513,-0.002195,0.01527,-0.029617,0.524365,0.086343,0.04003,-0.061304,-0.161047,-0.123111,-0.979237,-0.380909,-0.907562,0.176744,-0.910478,0.401465,0.099266,-0.01239,0.006655,-0.003187,0.028954,0.105569,-0.198638,-0.337377
101,0.14328,0.031097,0.364592,-0.222342,-0.158796,-0.961974,-0.541361,-0.800466,0.257206,-0.810601,0.578156,0.093211,-0.024487,0.006456,0.004596,0.029418,0.637466,-1.123379,0.520553,-0.182795,0.051635,0.327918,0.835835,0.27754,0.473649,-0.548277,0.382326,0.743743,0.024281,-0.881667,0.471102,-0.000987,0.036927,-0.004688,0.003872,0.001135,0.130612,0.427207,0.027281,0.049454,-0.013576,-0.822168,-0.299429,0.484129,0.567255,-0.359928,0.740724,-0.047543,0.883625,0.465774,-0.006202,6.2e-05,0.000513,-0.002195,0.01527,-0.029617,0.524365,0.085747,0.040204,-0.061255,-0.191067,-0.145989,-0.970659,-0.373997,-0.903457,0.2095,-0.907534,0.403052,0.118022,-0.012134,0.003844,0.002713,0.127256,1.571458,-2.769976,-0.03627
102,0.142791,0.031232,0.364654,-0.230533,-0.162661,-0.959396,-0.539622,-0.799067,0.265088,-0.809462,0.579022,0.097632,-0.024707,0.004775,0.003538,-0.010909,0.228984,-0.403102,0.521988,-0.182803,0.052089,0.327928,0.837057,0.278099,0.471155,-0.546369,0.383817,0.744379,0.025123,-0.880843,0.472597,-0.000389,0.022629,0.000642,0.270626,0.340028,0.274988,0.517561,0.027281,0.049454,-0.013576,-0.822168,-0.299429,0.484129,0.567255,-0.359928,0.740724,-0.047543,0.883625,0.465774,-0.006202,6.2e-05,0.000513,-0.002195,0.01527,-0.029617,0.524365,0.085504,0.04028,-0.06122,-0.19896,-0.151987,-0.968149,-0.372356,-0.902089,0.218137,-0.906512,0.403897,0.122886,-0.012156,0.008196,-0.002225,0.024254,0.21277,-0.383306,0.125225
103,0.14195,0.031591,0.364692,-0.245787,-0.176284,-0.953183,-0.535416,-0.795018,0.285039,-0.807747,0.580625,0.102209,-0.012111,0.004028,0.002789,-0.022991,0.12784,-0.390052,0.522079,-0.182915,0.052354,0.327869,0.838476,0.275813,0.469975,-0.543749,0.369574,0.753449,0.033067,-0.887625,0.459229,-5.5e-05,-0.002162,-0.001551,-0.128534,-0.003171,0.25595,0.534009,0.027721,0.049451,-0.01385,-0.820674,-0.301362,0.485461,0.569062,-0.354375,0.742014,-0.051579,0.88521,0.462321,0.006276,-0.001287,-0.001544,-0.196204,0.124677,0.158911,0.524202,0.085079,0.04046,-0.0612,-0.211102,-0.168852,-0.962768,-0.368993,-0.898321,0.238457,-0.90514,0.405594,0.127332,-0.005986,0.006841,-0.003217,0.015139,0.132249,-0.394775,0.455562
104,0.141667,0.031753,0.364663,-0.250677,-0.178606,-0.951476,-0.534041,-0.794245,0.289735,-0.807149,0.580976,0.104902,-0.012262,0.002921,0.002096,-0.010019,0.213479,-0.374005,0.521874,-0.182739,0.052291,0.327822,0.84248,0.26181,0.470824,-0.537494,0.352415,0.766054,0.033577,-0.898759,0.437,0.000596,-0.014455,0.005223,-1.026773,0.683171,0.570564,0.53405,0.02781,0.049423,-0.013879,-0.824246,-0.289663,0.486531,0.563669,-0.338105,0.753632,-0.053801,0.895421,0.441956,0.006221,-0.001434,-0.001576,-1.357354,0.450719,0.751421,0.524202,0.084933,0.040545,-0.061212,-0.215745,-0.172243,-0.961138,-0.367667,-0.897546,0.243376,-0.904585,0.405886,0.130313,-0.006133,0.001444,0.001048,-0.006686,0.224657,-0.36755,0.485934
105,0.141136,0.03207,0.364679,-0.251379,-0.189108,-0.949259,-0.508503,-0.808674,0.295705,-0.823256,0.557267,0.108305,-0.024283,0.015989,-0.004747,5.275081,-1.51977,-0.812211,0.521553,-0.182089,0.052185,0.327732,0.835503,0.24225,0.493195,-0.548928,0.332195,0.76698,0.020915,-0.911826,0.409877,0.024741,-0.00169,-0.003049,-0.540394,1.510872,-2.032058,0.524004,0.028127,0.049363,-0.013924,-0.819895,-0.267474,0.50619,0.570964,-0.317015,0.757298,-0.042088,0.909922,0.412637,0.012388,-0.001089,-0.00174,-0.122702,0.109959,0.111892,0.524365,0.084676,0.040696,-0.061203,-0.215679,-0.181366,-0.959473,-0.345041,-0.905054,0.24864,-0.913471,0.384684,0.132622,-0.006029,0.002113,0.001467,-0.000865,0.002246,-0.004505,0.503079
106,0.140801,0.032133,0.364703,-0.251788,-0.189381,-0.949096,-0.508356,-0.808603,0.296154,-0.823222,0.557278,0.108508,-6.7e-05,-0.000462,-0.000288,-0.467697,0.047312,0.225846,0.470395,-0.1813,0.051887,0.327704,0.814956,0.237413,0.528653,-0.57899,0.29907,0.75846,0.020942,-0.924472,0.380493,0.012982,-0.017053,0.002428,-3.172595,-3.655801,-2.765735,0.102949,0.028531,0.049219,-0.013935,-0.798041,-0.260146,0.543555,0.601256,-0.283495,0.747075,-0.040253,0.923013,0.382655,0.006329,-0.0086,0.001196,-3.12913,-3.659256,-2.834322,0.350787,0.0845,0.040737,-0.061191,-0.214782,-0.183272,-0.959312,-0.339086,-0.907142,0.249224,-0.915908,0.378818,0.132693,-0.006315,0.000184,0.000248,-1.590869,0.518312,0.147993,0.493282
107,0.141059,0.031909,0.36474,-0.265144,-0.138784,-0.954192,-0.643899,-0.711109,0.282294,-0.717391,0.689422,0.100373,0.012241,-0.003021,-0.002155,-2.126365,0.488764,0.468345,-0.001305,-0.180772,0.051249,0.327687,0.791889,0.225046,0.567677,-0.610523,0.283243,0.739573,0.004655,-0.932501,0.360949,0.012951,-0.020679,-0.000198,-0.096628,0.381887,-0.538613,-0.713236,0.028791,0.048909,-0.013943,-0.774177,-0.249097,0.581893,0.632425,-0.26635,0.727389,-0.026203,0.931132,0.363737,0.006475,-0.010515,-0.000238,-0.189694,0.717504,-1.083272,0.046087,0.084623,0.040623,-0.061173,-0.237431,-0.136295,-0.961795,-0.490006,-0.838106,0.239731,-0.838761,0.528205,0.132207,0.011999,-0.008079,0.002236,-7.138607,1.612767,1.568955,0.24753
108,0.141373,0.031775,0.364774,-0.256764,-0.11078,-0.960128,-0.702347,-0.661031,0.264042,-0.663613,0.742276,0.09312,0.012489,-0.001316,-0.001092,-0.628106,-1.093548,2.359621,-0.342208,-0.180544,0.050656,0.327665,0.784278,0.212598,0.582839,-0.620257,0.279157,0.732998,-0.007851,-0.936629,0.350039,0.013552,-0.039694,0.001711,-0.168627,0.466312,-0.477656,-1.319425,0.028905,0.04864,-0.013946,-0.766899,-0.236744,0.596504,0.641605,-0.261989,0.720904,-0.014392,0.935582,0.352816,0.006427,-0.013816,-0.002632,-0.07758,0.56939,-0.383877,-0.110019,0.08478,0.040551,-0.061159,-0.237309,-0.107121,-0.965509,-0.558154,-0.79843,0.22577,-0.795076,0.592481,0.129685,0.006275,-0.000594,-0.000493,-1.646406,0.463552,0.255889,0.085872
109,0.1418,0.031705,0.364836,-0.206949,-0.078596,-0.975213,-0.750561,-0.626615,0.209722,-0.627317,0.775455,0.071902,0.012635,-0.000275,-0.000444,0.049878,-0.140412,1.230559,-1.064898,-0.179934,0.049734,0.327267,0.788003,0.125563,0.602724,-0.605402,0.33513,0.721879,-0.112332,-0.933869,0.339313,0.024628,-0.018758,-0.015542,0.272367,0.726571,-0.293331,-1.407082,0.029205,0.048153,-0.014145,-0.772563,-0.149932,0.616981,0.628553,-0.318052,0.709762,0.089816,0.936142,0.339956,0.006082,-0.009866,-0.007667,0.997802,1.612149,0.086685,-0.41129,0.084999,0.040518,-0.061126,-0.1919,-0.064989,-0.979259,-0.613511,-0.770863,0.171384,-0.766014,0.633676,0.108057,0.006343,-9e-05,-0.000188,0.084105,-0.039931,1.341878,-0.225523
110,0.142048,0.031562,0.364637,-0.141173,-0.048037,-0.988841,-0.769132,-0.623535,0.140043,-0.623137,0.780378,0.052312,0.011088,-0.011317,-0.007349,0.081054,-0.017207,0.879701,-1.212091,-0.179237,0.048792,0.326488,0.77898,0.091109,0.620388,-0.607601,0.353491,0.711196,-0.155476,-0.931047,0.329911,0.011351,-0.017448,-0.029603,-0.003137,0.377194,-0.502329,-1.407125,0.029554,0.047702,-0.014515,-0.764519,-0.114989,0.634261,0.630697,-0.336704,0.699179,0.133161,0.934563,0.329939,0.012319,-0.01435,-0.011512,-0.039015,0.372262,-0.490964,-0.70358,0.085125,0.040463,-0.061216,-0.133921,-0.020133,-0.990787,-0.632491,-0.767941,0.101096,-0.762902,0.640203,0.090109,0.005499,-0.006015,-0.003901,0.080906,-0.025626,0.845218,-0.51667
111,0.142089,0.031201,0.364478,-0.130275,-0.028374,-0.991095,-0.784847,-0.607835,0.120513,-0.605688,0.793592,0.058151,-0.002663,-0.027633,-0.002027,-1.55034,0.451092,1.29409,-1.082855,-0.178968,0.048197,0.325944,0.773794,0.086128,0.627548,-0.613,0.350785,0.707895,-0.160128,-0.932537,0.323414,0.012005,-0.037901,-0.029,-0.054382,0.328918,-0.387113,-1.398853,0.029693,0.047408,-0.014791,-0.759153,-0.109585,0.64162,0.636167,-0.333527,0.695737,0.137756,0.936349,0.322913,0.005655,-0.012902,-0.017966,0.00333,0.284961,-0.359739,-0.842051,0.085148,0.040303,-0.061288,-0.127624,-0.002473,-0.991819,-0.646519,-0.758138,0.085082,-0.752146,0.652089,0.095158,0.004979,-0.009785,-0.006271,0.078812,-0.245405,1.18997,-0.657264
112,0.142099,0.0304,0.364075,-0.124274,0.002806,-0.992267,-0.789104,-0.606519,0.097061,-0.60141,0.79506,0.078825,-0.00252,-0.017939,-0.011327,0.075813,0.214742,0.918341,-0.528962,-0.178525,0.046885,0.324558,0.763613,0.087995,0.639643,-0.627553,0.333509,0.703479,-0.152376,-0.938683,0.309061,0.011329,-0.02822,-0.038169,-3.709512,-3.536509,-1.756076,-0.686913,0.029914,0.046732,-0.015492,-0.748953,-0.107519,0.653841,0.648722,-0.320034,0.690461,0.135014,0.941285,0.30944,0.005306,-0.008785,-0.023086,-0.267215,0.54475,-0.113614,-0.862952,0.08515,0.039879,-0.061499,-0.127949,0.032467,-0.991248,-0.65549,-0.752819,0.059952,-0.744285,0.657425,0.117604,-0.001409,-0.014425,-0.001433,0.039529,0.795063,0.246051,-0.752299
113,0.141441,0.02971,0.363685,-0.117946,0.026651,-0.992685,-0.786714,-0.612476,0.076977,-0.605806,0.790004,0.094442,-0.027823,-0.016249,-0.009809,0.064848,0.510351,0.611389,-0.016102,-0.177818,0.04599,0.322905,0.746995,0.148886,0.647937,-0.660579,0.274844,0.698592,-0.075003,-0.950021,0.302816,0.010693,-0.015514,-0.04506,-3.569961,-3.624206,-2.0326,-0.010341,0.030258,0.046283,-0.016306,-0.731222,-0.167378,0.661285,0.679739,-0.260029,0.685812,0.057163,0.950983,0.303913,0.011703,-0.008046,-0.023253,-0.252875,-0.216818,-0.347665,-0.651654,0.084836,0.039537,-0.061692,-0.125448,0.055369,-0.990553,-0.652033,-0.75712,0.040255,-0.74774,0.650923,0.131082,-0.01388,-0.007958,-0.00479,0.058894,-0.046592,0.291994,-0.464744
114,0.14052,0.029102,0.363188,-0.118138,0.030701,-0.992545,-0.760802,-0.645117,0.070547,-0.638003,0.763425,0.100806,-0.04053,-0.006321,-0.01874,1.692058,0.113669,-0.188595,0.301817,-0.177125,0.045166,0.321266,0.742024,0.152286,0.65284,-0.667313,0.259084,0.698214,-0.063738,-0.953907,0.29302,0.010781,-0.01618,-0.046002,-0.255755,0.472035,0.078862,0.275043,0.030614,0.045861,-0.01714,-0.724074,-0.176764,0.666686,0.68857,-0.241095,0.683918,0.039843,0.954268,0.296285,0.011768,-0.008188,-0.023583,-0.277936,0.509903,0.111957,-0.46093,0.08436,0.039221,-0.061949,-0.126801,0.061366,-0.990027,-0.6206,-0.783516,0.03092,-0.773806,0.618332,0.137434,-0.020278,-0.003289,-0.009442,1.709666,0.091983,-0.193168,-0.162983
115,0.139754,0.028889,0.36288,-0.130025,0.02774,-0.991145,-0.740314,-0.667655,0.078379,-0.659416,0.743914,0.108583,-0.040649,-0.00658,-0.018963,1.669056,0.122595,-0.509118,0.4392,-0.176797,0.044815,0.320367,0.740899,0.148689,0.654943,-0.668313,0.258233,0.697573,-0.06633,-0.954701,0.289845,0.023544,-0.016449,-0.047435,0.001354,0.206435,-0.134891,0.371706,0.030773,0.045686,-0.017589,-0.723872,-0.17127,0.668337,0.688628,-0.23892,0.684622,0.042424,0.955815,0.29089,0.005443,-0.00802,-0.023065,0.029359,0.189254,-0.156491,-0.315602,0.083992,0.039116,-0.062096,-0.137761,0.05655,-0.988849,-0.597061,-0.801325,0.037353,-0.790277,0.595549,0.144155,-0.026798,-0.007695,-0.004467,5.4368,0.106556,-1.514891,-0.016348
116,0.138041,0.028687,0.362306,-0.14992,0.011983,-0.988648,-0.684311,-0.722962,0.094954,-0.713439,0.690761,0.117818,-0.040376,-0.003791,-0.017263,0.522862,0.01075,-0.179834,0.522049,-0.17615,0.044365,0.318494,0.743081,0.1334,0.655764,-0.665293,0.251551,0.702881,-0.07212,-0.958715,0.274821,0.023692,-0.013629,-0.045651,-0.37559,0.486222,0.391958,0.456469,0.031092,0.045462,-0.018512,-0.725569,-0.158156,0.669728,0.6865,-0.233685,0.688555,0.047606,0.959363,0.278129,0.011481,-0.000248,-0.025841,0.006699,0.120374,0.113047,-0.014984,0.08315,0.039013,-0.062379,-0.154175,0.036533,-0.987367,-0.531184,-0.84568,0.051653,-0.83311,0.532438,0.149789,-0.020227,-0.001812,-0.008617,5.495778,-0.482584,-0.765179,0.29472
117,0.13658,0.028186,0.361704,-0.152005,0.006686,-0.98838,-0.691758,-0.714941,0.101497,-0.705774,0.699138,0.114531,-0.028576,-0.009562,-0.021358,-0.01614,-0.468848,-0.389169,0.522494,-0.175522,0.043341,0.316683,0.743952,0.112336,0.658717,-0.662894,0.247172,0.706691,-0.084357,-0.962519,0.257495,0.011761,-0.037186,-0.047501,-0.139022,0.426294,-0.073276,0.359316,0.031405,0.044989,-0.019405,-0.728079,-0.135247,0.672018,0.682922,-0.227935,0.694019,0.059313,0.964237,0.258318,0.006301,-0.024748,-0.020419,0.078314,0.824789,0.077037,0.268325,0.0824,0.038768,-0.062682,-0.156463,0.033126,-0.987127,-0.538608,-0.840615,0.057162,-0.827901,0.540618,0.149367,-0.020875,-0.010063,-0.006202,-0.000222,-7.8e-05,0.016048,0.481362
118,0.135995,0.027735,0.361407,-0.153168,0.003209,-0.988218,-0.691446,-0.714767,0.104796,-0.705827,0.699344,0.11293,-0.029711,-0.024587,-0.01568,-0.040108,-0.303124,-0.352251,0.521947,-0.175265,0.042298,0.315855,0.74758,0.07706,0.65968,-0.653921,0.258311,0.711054,-0.11654,-0.963019,0.242644,0.012595,-0.055808,-0.046365,0.642237,1.772268,0.707818,0.25178,0.031548,0.044439,-0.019848,-0.732086,-0.100978,0.673685,0.675106,-0.239655,0.697707,0.090999,0.965591,0.243619,0.0063,-0.028527,-0.023699,0.569626,1.848858,0.773717,0.241219,0.082109,0.038553,-0.062829,-0.156378,0.028489,-0.987286,-0.538319,-0.840529,0.061011,-0.828105,0.541016,0.146777,-0.014642,-0.006876,-0.012063,-0.039421,-0.574157,-0.48271,0.500793
119,0.134808,0.026744,0.360537,-0.166672,-0.000778,-0.986035,-0.689463,-0.714781,0.117052,-0.70469,0.699342,0.119826,-0.030694,-0.02938,-0.01908,-0.004757,0.08427,-0.153075,0.520347,-0.174733,0.039811,0.313919,0.74276,-0.113093,0.659931,-0.582291,0.377117,0.720176,-0.331238,-0.919024,0.213398,0.012713,-0.062505,-0.052996,7.223222,9.170254,2.869481,0.136245,0.031806,0.043213,-0.020799,-0.73402,0.079694,0.674435,0.611575,-0.354219,0.707462,0.295279,0.93176,0.211265,0.006417,-0.031664,-0.026879,0.988681,2.485959,0.924718,0.067804,0.081527,0.038064,-0.063254,-0.168031,0.02036,-0.98557,-0.536346,-0.84074,0.074073,-0.827101,0.541054,0.15219,-0.02168,-0.013961,-0.008929,-0.017033,0.224559,-0.386729,0.512387
120,0.133562,0.02595,0.359506,-0.177672,-0.004178,-0.984104,-0.687175,-0.715277,0.127047,-0.704224,0.698828,0.12544,-0.018073,-0.021983,-0.030333,0.03186,0.057415,-0.111974,0.485937,-0.17409,0.037099,0.311685,0.675892,-0.32648,0.660735,-0.47257,0.495791,0.728562,-0.566277,-0.804243,0.179961,0.025939,-0.072009,-0.063551,0.879753,2.618138,0.650917,0.143904,0.032122,0.041863,-0.021905,-0.673562,0.302611,0.674343,0.501881,-0.482526,0.717832,0.542612,0.821945,0.173137,0.006762,-0.043323,-0.028333,4.189644,7.097435,1.102938,0.016205,0.080899,0.03766,-0.063762,-0.178164,0.014832,-0.983888,-0.534023,-0.841284,0.084019,-0.826484,0.540388,0.157806,-0.008905,-0.010324,-0.014691,0.031837,0.042053,-0.085365,0.495894
121,0.132985,0.025478,0.357853,-0.138287,0.00639,-0.990394,-0.70612,-0.701803,0.094013,-0.694297,0.712328,0.102797,-0.018433,-0.006881,-0.052064,-1.492407,-0.490692,1.212983,0.365434,-0.172939,0.03331,0.309127,0.611122,-0.458429,0.645263,-0.404403,0.519791,0.752469,-0.6811,-0.720202,0.131431,0.02809,-0.110022,-0.064099,-0.692467,0.891861,1.360899,0.149938,0.032698,0.039989,-0.023181,-0.611852,0.437921,0.658681,0.434468,-0.509804,0.74252,0.660964,0.740489,0.121662,0.020262,-0.049425,-0.036527,-0.119251,0.307449,3.202442,0.016858,0.0806,0.03742,-0.06459,-0.142218,0.03235,-0.989305,-0.553882,-0.83094,0.052452,-0.820358,0.555419,0.136092,-0.002994,-0.004982,-0.027144,-5.207867,-1.462486,3.924642,0.402329
122,0.132886,0.025351,0.356659,-0.073548,0.019655,-0.997121,-0.712917,-0.700158,0.038731,-0.697297,0.713686,0.066749,-0.006098,-0.002604,-0.065394,0.279625,-2.242928,3.569467,0.276843,-0.172233,0.031264,0.30782,0.598416,-0.49922,0.626633,-0.391379,0.500156,0.772399,-0.69974,-0.706821,0.103107,0.040854,-0.100522,-0.075696,-0.84164,1.298703,1.688042,0.156775,0.033047,0.038958,-0.023835,-0.601186,0.478118,0.640295,0.421271,-0.491253,0.762365,0.679047,0.728061,0.093917,0.014204,-0.057324,-0.034796,0.113221,0.695574,3.170068,0.022083,0.080547,0.037359,-0.065179,-0.08392,0.057392,-0.994817,-0.562563,-0.826753,-0.00024,-0.822483,0.559628,0.101668,0.00336,-0.002349,-0.03347,0.278637,-2.165186,3.458784,0.301579
123,0.132813,0.02544,0.353583,0.006673,0.038181,-0.999272,-0.717065,-0.696277,-0.031446,-0.696986,0.716703,0.023976,0.00533,-0.003929,-0.08297,0.195688,-0.61994,0.988078,0.203815,-0.170442,0.026947,0.304955,0.514585,-0.630077,0.581546,-0.31886,0.488836,0.811974,-0.796508,-0.602453,0.049889,0.056136,-0.112459,-0.07292,0.329991,2.282046,1.935165,0.16353,0.033937,0.03679,-0.025278,-0.522587,0.612135,0.593458,0.35019,-0.480532,0.804024,0.777347,0.627996,0.036756,0.034894,-0.05724,-0.037393,3.439274,5.357515,3.758119,0.03286,0.080506,0.037409,-0.066707,-0.006464,0.092699,-0.995672,-0.56794,-0.819857,-0.072643,-0.823044,0.565013,0.057947,0.002847,0.002938,-0.046039,0.233123,-0.712108,1.136249,0.124735
124,0.132965,0.0258,0.349453,0.023605,0.037868,-0.999027,-0.710525,-0.702309,-0.043462,-0.703308,0.71081,0.011571,-0.008306,0.018086,-0.116304,0.213243,0.638569,-1.300166,0.264134,-0.167912,0.022947,0.301914,0.388226,-0.749897,0.535656,-0.244742,0.476351,0.844468,-0.888882,-0.457986,0.000707,0.070114,-0.094667,-0.078763,2.000997,5.915272,1.211643,0.188899,0.035199,0.03477,-0.026809,-0.404708,0.733839,0.54561,0.276919,-0.470289,0.837939,0.871507,0.490211,-0.012884,0.035022,-0.047324,-0.03947,-0.512053,1.287154,1.172687,0.053271,0.080587,0.037583,-0.068758,0.012365,0.096503,-0.995255,-0.560342,-0.823696,-0.086831,-0.828168,0.558758,0.043889,0.002325,0.00801,-0.058923,0.302808,-0.833399,1.081735,0.116407
125,0.132821,0.02625,0.347118,0.024928,0.037372,-0.999013,-0.706675,-0.706142,-0.044102,-0.707133,0.707028,0.01005,-0.007761,0.029814,-0.124445,0.321202,-0.414651,0.581287,0.344411,-0.166571,0.021194,0.300385,0.326225,-0.788681,0.521105,-0.217021,0.473929,0.853362,-0.920378,-0.390476,-0.017227,0.069793,-0.078448,-0.083086,0.298838,1.997507,0.799098,0.206898,0.03587,0.033884,-0.027577,-0.33956,0.777858,0.528806,0.247981,-0.468283,0.848065,0.907306,0.419103,-0.033884,0.028717,-0.046107,-0.038329,2.186753,5.587063,0.797208,0.070907,0.080513,0.037794,-0.069929,0.011515,0.095298,-0.995381,-0.555943,-0.826801,-0.085589,-0.831139,0.554362,0.04346,-0.010271,0.015539,-0.061677,0.297894,-0.058085,0.029993,0.174212
126,0.132007,0.027935,0.342054,0.017053,0.033635,-0.999312,-0.693432,-0.719597,-0.036107,-0.720346,0.693526,0.012296,-0.03241,0.057088,-0.137397,5.882514,0.501227,-0.650851,0.514733,-0.164109,0.018092,0.29737,0.238366,-0.834872,0.496146,-0.18947,0.460959,0.866921,-0.952739,-0.299591,-0.048949,0.057018,-0.072588,-0.078612,0.436079,1.853602,0.348135,0.23936,0.037105,0.032332,-0.029086,-0.25338,0.826857,0.502101,0.220232,-0.456103,0.862245,0.941963,0.329055,-0.066534,0.028678,-0.036211,-0.039353,2.299302,5.177217,0.36461,0.12169,0.080102,0.038639,-0.072514,0.005299,0.090526,-0.995879,-0.541545,-0.836954,-0.078961,-0.840654,0.539732,0.044589,-0.016222,0.028119,-0.06906,5.882024,0.521381,-0.698811,0.406738
127,0.131428,0.030129,0.336336,0.000415,0.027517,-0.999644,-0.665168,-0.746383,-0.020875,-0.7467,0.664903,0.019238,-0.006961,0.060245,-0.152161,0.41484,0.037154,-0.161877,0.523348,-0.161703,0.015206,0.29447,0.223097,-0.848925,0.479109,-0.197136,0.441929,0.875083,-0.954861,-0.288601,-0.069381,0.058887,-0.078047,-0.067432,-0.288059,0.271678,0.284654,0.264243,0.038285,0.030918,-0.030512,-0.23784,0.841373,0.485307,0.226315,-0.437889,0.870077,0.94457,0.316771,-0.086269,0.02944,-0.038827,-0.033513,-0.431195,0.39787,0.407031,0.153532,0.079818,0.039702,-0.075256,-0.009951,0.081386,-0.996632,-0.507466,-0.859208,-0.065097,-0.861613,0.505109,0.04985,0.003084,0.029171,-0.076778,0.418433,-0.09404,0.044302,0.49916
128,0.131499,0.031964,0.330434,0.004556,0.020414,-0.999804,-0.653416,-0.756755,-0.018481,-0.756997,0.653344,0.011135,0.004778,0.052041,-0.159474,0.418792,-0.087818,-0.001762,0.523443,-0.159615,0.012439,0.291845,0.22057,-0.853515,0.472072,-0.200943,0.433725,0.878316,-0.954651,-0.287508,-0.076452,0.045597,-0.076345,-0.066303,-0.054366,0.023637,0.039762,0.291487,0.039356,0.029515,-0.031848,-0.235324,0.846383,0.477763,0.230262,-0.429022,0.873451,0.944246,0.315555,-0.093931,0.022802,-0.037626,-0.032587,-0.013508,-0.03017,0.029083,0.190109,0.079847,0.040643,-0.078256,-0.004297,0.074858,-0.997184,-0.493661,-0.867369,-0.062986,-0.869643,0.492001,0.040681,0.002088,0.019527,-0.076469,0.381311,-0.019647,-0.026039,0.515816
129,0.131617,0.032826,0.32741,0.011612,0.018216,-0.999789,-0.647374,-0.761852,-0.021453,-0.762104,0.647461,0.00419,0.004746,0.051946,-0.160119,0.435474,-0.405608,-0.259103,0.522889,-0.158721,0.010964,0.290569,0.214783,-0.85637,0.469564,-0.200012,0.431907,0.879424,-0.956157,-0.281718,-0.079126,0.045874,-0.074218,-0.065069,-0.04093,-0.006151,0.052408,0.293524,0.03982,0.028747,-0.032512,-0.229872,0.849283,0.475265,0.229253,-0.427347,0.874538,0.945834,0.309988,-0.096465,0.022959,-0.03698,-0.032429,-0.015341,-0.034368,0.028781,0.204152,0.079907,0.041089,-0.079831,0.002316,0.075681,-0.997128,-0.486554,-0.871058,-0.067242,-0.873647,0.485313,0.034805,0.002446,0.025696,-0.080247,0.441271,-0.554939,-0.372515,0.518918
130,0.131941,0.034724,0.321216,0.02299,0.018391,-0.999589,-0.657494,-0.752882,-0.029027,-0.753143,0.657865,-0.003973,0.005516,0.056435,-0.157598,0.372947,-0.072408,0.009299,0.518294,-0.157175,0.007784,0.288312,0.170969,-0.86749,0.467142,-0.178376,0.438918,0.880606,-0.969137,-0.232785,-0.080303,0.034239,-0.093596,-0.04652,0.14086,0.326269,0.12317,0.278771,0.040581,0.027189,-0.033628,-0.187036,0.861341,0.472343,0.207901,-0.435229,0.875986,0.9601,0.262042,-0.09767,0.016596,-0.04118,-0.027149,0.710578,1.482199,-0.135113,0.205295,0.080063,0.04199,-0.08282,0.013966,0.076795,-0.996948,-0.498685,-0.863659,-0.073513,-0.866669,0.498191,0.026235,0.00263,0.022658,-0.074842,-0.12348,-0.062033,-0.008893,0.515816
131,0.132088,0.036509,0.315611,0.008847,0.015469,-0.999864,-0.699471,-0.714432,-0.017295,-0.714621,0.699507,0.005744,0.005194,0.038202,-0.139766,0.297051,0.070293,0.030023,0.502678,-0.156055,0.004467,0.286633,0.117186,-0.879305,0.461606,-0.14919,0.44383,0.883567,-0.981915,-0.171298,-0.079771,0.019841,-0.084705,-0.036339,0.139698,0.328541,0.117853,0.223057,0.041154,0.025489,-0.034493,-0.133609,0.87481,0.465676,0.178804,-0.440899,0.879565,0.97477,0.200783,-0.097512,0.00991,-0.041943,-0.017711,0.136398,0.326363,0.109996,0.156634,0.080138,0.042903,-0.085689,0.000524,0.071246,-0.997458,-0.547247,-0.834823,-0.059917,-0.83697,0.545887,0.038552,0.003062,0.025174,-0.073275,0.224311,0.092826,0.027362,0.502589
132,0.13205,0.037191,0.312928,-0.009244,0.017988,-0.999818,-0.720239,-0.693681,-0.005874,-0.693657,0.720029,0.020613,-0.008557,0.027864,-0.132087,0.136606,0.537961,0.031142,0.485334,-0.155624,0.002877,0.286046,0.088182,-0.885164,0.456836,-0.131893,0.444092,0.886182,-0.987372,-0.137282,-0.078178,0.019663,-0.077766,-0.028932,0.674345,1.494427,-0.112316,0.188266,0.041363,0.024718,-0.034781,-0.106376,0.881322,0.460385,0.162221,-0.441426,0.882511,0.981003,0.168563,-0.096012,0.009946,-0.03882,-0.014609,2.471985,5.041683,-0.43393,0.119568,0.080125,0.04325,-0.087031,-0.017025,0.06877,-0.997486,-0.571461,-0.819296,-0.046732,-0.820451,0.56923,0.053248,0.002394,0.013241,-0.066564,-0.23783,1.149599,-0.27627,0.490669
133,0.131782,0.03747,0.308058,-0.020686,0.033753,-0.999239,-0.738218,-0.674499,-0.007554,-0.674223,0.737456,0.040114,-0.010745,-0.008517,-0.113413,0.193831,0.326196,0.099305,0.401084,-0.154762,9e-06,0.285426,0.03004,-0.897351,0.440284,-0.088837,0.436226,0.895404,-0.99556,-0.064881,-0.067185,0.019167,-0.061608,-0.010836,0.235732,0.312829,0.002598,0.167315,0.041787,0.023298,-0.035106,-0.048508,0.895223,0.442969,0.119158,-0.435138,0.892443,0.991688,0.096074,-0.085566,0.009662,-0.030168,-0.004924,2.925969,4.597999,0.352467,0.061436,0.079997,0.04341,-0.089428,-0.031536,0.083825,-0.995981,-0.593076,-0.803662,-0.04886,-0.804528,0.589152,0.075059,-0.005366,-0.004771,-0.05711,0.177867,0.451632,0.156556,0.419311
134,0.130804,0.036424,0.304196,-0.012328,0.069312,-0.997541,-0.758663,-0.650473,-0.035875,-0.651354,0.756267,0.061845,-0.025407,-0.038392,-0.089366,0.12046,-0.952357,2.736209,0.29169,-0.153829,-0.002236,0.285618,-0.007604,-0.907874,0.419165,-0.059415,0.418731,0.906128,-0.998125,-0.016872,-0.05767,0.019732,-0.056746,0.015684,1.307505,-0.541628,2.405432,0.168175,0.042249,0.022161,-0.035027,-0.009681,0.905894,0.423391,0.090165,-0.420896,0.902616,0.995879,0.046914,-0.077606,0.009846,-0.028213,0.008034,0.080982,0.282594,0.194249,0.049026,0.079523,0.042902,-0.091384,-0.032649,0.117427,-0.992544,-0.617364,-0.783341,-0.072368,-0.785999,0.610399,0.09807,-0.019193,-0.018195,-0.043777,-1.609651,1.084405,0.681199,0.283453
135,0.128939,0.034598,0.301401,-0.009023,0.118716,-0.99291,-0.765489,-0.639654,-0.069577,-0.643375,0.759285,0.097883,-0.066109,-0.059527,-0.057283,-0.039221,1.385805,0.916423,0.259062,-0.152712,-0.004071,0.286629,-0.018793,-0.916387,0.399841,-0.047118,0.400163,0.915196,-0.998619,-0.000488,-0.051219,0.033844,-0.041204,0.03218,-0.106164,-0.221386,0.335374,0.168755,0.042815,0.021223,-0.034522,8.7e-05,0.915795,0.401644,0.076045,-0.400488,0.91314,0.997103,0.030464,-0.069677,0.017462,-0.026024,0.020247,-0.138131,-0.168726,0.283395,0.045271,0.07859,0.041973,-0.092837,-0.035977,0.165679,-0.985522,-0.626452,-0.772089,-0.106929,-0.778628,0.613536,0.131567,-0.025981,-0.024669,-0.032774,0.002867,1.147995,0.751474,0.181887
136,0.127668,0.033463,0.300372,-0.012057,0.144587,-0.989442,-0.769867,-0.632744,-0.083135,-0.638076,0.760555,0.120173,-0.079632,-0.064353,-0.044624,-0.064922,1.199677,0.699774,0.275315,-0.152075,-0.004944,0.287414,-0.025731,-0.921702,0.387033,-0.042714,0.387705,0.920757,-0.998653,0.00832,-0.04985,0.034856,-0.048467,0.044713,-0.397278,0.341527,0.413128,0.168486,0.043133,0.020794,-0.034128,0.004847,0.920865,0.389849,0.069906,-0.389212,0.918491,0.997541,0.022801,-0.066261,0.01679,-0.017794,0.019385,-0.242178,0.586067,0.657154,0.044617,0.077959,0.041405,-0.093359,-0.044454,0.192081,-0.980371,-0.632211,-0.765247,-0.121265,-0.773519,0.614411,0.155454,-0.032966,-0.032547,-0.022504,-0.06869,1.325993,0.838084,0.173559
137,0.124275,0.030978,0.29886,-0.022071,0.204372,-0.978667,-0.772222,-0.625167,-0.11319,-0.634944,0.752994,0.172836,-0.106448,-0.053865,-0.036504,-0.057824,1.453428,0.811676,0.344309,-0.150729,-0.006587,0.289462,-0.020466,-0.930963,0.364529,-0.038096,0.364949,0.930212,-0.998969,0.006323,-0.043411,0.03443,-0.038623,0.056214,0.258437,-0.256322,0.880456,0.152746,0.043819,0.019959,-0.033082,0.000397,0.930494,0.366304,0.066556,-0.365517,0.928421,0.997782,0.024011,-0.062075,0.017154,-0.01876,0.028746,0.300766,-0.273064,0.944611,0.036289,0.076274,0.040164,-0.094114,-0.065669,0.247359,-0.966695,-0.636067,-0.756824,-0.150449,-0.768833,0.605003,0.207037,-0.046639,-0.032911,-0.014585,-0.087809,1.115377,0.596418,0.222383
138,0.119761,0.028546,0.297863,-0.041817,0.24483,-0.968687,-0.759865,-0.637269,-0.128319,-0.648687,0.730399,0.213892,-0.1355,-0.059333,-0.025451,1.534276,0.938942,-0.188605,0.472219,-0.149358,-0.007735,0.29187,-0.011697,-0.937766,0.347058,-0.03822,0.34713,0.937003,-0.999116,-0.001123,-0.040357,0.032638,-0.016531,0.06075,-0.122309,-0.150379,0.22056,0.134864,0.044492,0.01939,-0.031901,-0.010397,0.935473,0.353244,0.062196,-0.351974,0.93394,0.998009,0.031681,-0.054523,0.024175,-0.012449,0.035047,0.053569,-0.267091,0.010771,0.011306,0.074029,0.038957,-0.094611,-0.093142,0.285845,-0.953738,-0.623131,-0.763843,-0.168077,-0.77655,0.578649,0.249265,-0.067793,-0.029909,-0.012934,5.29296,1.468068,-0.97914,0.353995
139,0.116819,0.027404,0.297282,-0.058769,0.258428,-0.964265,-0.733471,-0.666371,-0.133942,-0.677108,0.699066,0.229912,-0.149839,-0.047358,-0.033797,0.114798,1.062264,0.075143,0.51615,-0.148721,-0.008044,0.293209,-0.008035,-0.940717,0.339086,-0.038018,0.339022,0.939975,-0.999165,-0.004154,-0.038933,0.032225,-0.01029,0.067734,-0.120874,-0.074455,0.123122,0.123369,0.044811,0.019232,-0.031236,-0.015923,0.936689,0.349799,0.057604,-0.348403,0.935573,0.998212,0.035047,-0.048409,0.016067,-0.005051,0.033967,0.094249,-0.255661,0.105273,-0.000941,0.072621,0.038406,-0.09488,-0.111535,0.292983,-0.949589,-0.590409,-0.788162,-0.173829,-0.799359,0.541259,0.260888,-0.082158,-0.028938,-0.012841,1.583352,0.73223,-0.51429,0.435477
140,0.110448,0.025914,0.295785,-0.04626,0.256598,-0.965434,-0.712884,-0.685449,-0.148079,-0.699703,0.681071,0.215835,-0.179322,-0.033926,-0.042695,0.200163,-0.588781,0.321571,0.523229,-0.147738,-0.008158,0.295932,-0.00719,-0.941005,0.338303,-0.037024,0.338213,0.940306,-0.99921,-0.004579,-0.037715,0.0158,0.006674,0.067598,0.27469,-0.434118,-0.184269,0.106247,0.045309,0.019174,-0.029867,-0.018148,0.936464,0.350291,0.056861,-0.348816,0.935464,0.998216,0.036895,-0.046918,0.015761,-0.001277,0.037971,-0.06604,0.013704,-0.111502,-0.02772,0.069391,0.037644,-0.095631,-0.100806,0.295164,-0.950113,-0.566298,-0.802207,-0.189131,-0.818012,0.518982,0.248018,-0.089208,-0.011421,-0.02514,0.73164,-1.823107,1.704785,0.504712
141,0.102804,0.025064,0.293629,0.003221,0.230209,-0.973159,-0.704387,-0.690194,-0.165657,-0.709817,0.685726,0.161143,-0.19691,-0.026609,-0.05855,0.632334,-2.78462,1.517838,0.523477,-0.147014,-0.007898,0.298647,-0.006347,-0.941343,0.337379,-0.041237,0.337227,0.940485,-0.999051,-0.006757,-0.041401,0.014348,0.019639,0.060884,-0.074697,0.034138,-0.053533,0.107322,0.045671,0.019309,-0.028497,-0.019526,0.93613,0.351109,0.058117,-0.34952,0.935124,0.998118,0.038665,-0.04758,0.00772,0.004486,0.034713,-0.023973,-0.091151,0.016258,-0.034252,0.065578,0.037225,-0.096695,-0.049941,0.2805,-0.958553,-0.557414,-0.804197,-0.20629,-0.828731,0.524009,0.196517,-0.104738,-0.00644,-0.032026,0.085931,-0.85369,-0.197251,0.517286
142,0.098753,0.024675,0.292364,0.031512,0.214328,-0.976276,-0.700848,-0.691614,-0.17451,-0.712656,0.689452,0.129632,-0.213321,-0.027121,-0.062043,0.57169,-2.756902,1.660817,0.522903,-0.146705,-0.0077,0.299975,-0.005385,-0.94237,0.334517,-0.041721,0.334325,0.941499,-0.999038,-0.007699,-0.041556,0.015516,0.008248,0.068241,-0.094253,-0.066536,0.099198,0.11505,0.045825,0.019415,-0.027832,-0.020857,0.936655,0.349629,0.05715,-0.348016,0.935744,0.998147,0.039498,-0.046272,0.007696,0.004376,0.0344,-0.076518,0.035197,-0.083522,-0.032619,0.06356,0.037033,-0.097325,-0.018864,0.269528,-0.962807,-0.553705,-0.804638,-0.214402,-0.832499,0.529067,0.164417,-0.105963,-0.007647,-0.034356,0.020958,-1.36223,-0.323715,0.519082
143,0.090517,0.02389,0.289603,0.084343,0.17189,-0.981522,-0.684272,-0.706003,-0.182493,-0.724439,0.686803,0.059294,-0.201301,-0.015158,-0.072499,0.044916,-1.583936,-0.052274,0.519931,-0.14625,-0.007266,0.302517,-0.003751,-0.944254,0.329183,-0.042451,0.328921,0.943367,-0.999017,-0.009245,-0.041751,-0.000185,0.015956,0.057549,0.33261,-0.062778,0.628471,0.143186,0.046052,0.019632,-0.026575,-0.022694,0.93701,0.348562,0.05715,-0.346866,0.936171,0.998106,0.041166,-0.045679,0.007768,0.002619,0.032134,-0.087137,0.036072,-0.109612,-0.012208,0.05951,0.036635,-0.098688,0.042474,0.239525,-0.96996,-0.534195,-0.814966,-0.224643,-0.844293,0.527689,0.093337,-0.100592,-0.007843,-0.036311,0.073183,-1.342294,0.108799,0.518918
