frame,MLTx,MLTy,MLTz,MLTR1,MLTR2,MLTR3,MLTR4,MLTR5,MLTR6,MLTR7,MLTR8,MLTR9,MLTTVx,MLTTVy,MLTTVz,MLTRVx,MLTRVy,MLTRVz,MLGA,MRTx,MRTy,MRTz,MRTR1,MRTR2,MRTR3,MRTR4,MRTR5,MRTR6,MRTR7,MRTR8,MRTR9,MRTTVx,MRTTVy,MRTTVz,MRTRVx,MRTRVy,MRTRVz,MRGA,SLTx,SLTy,SLTz,SLTR1,SLTR2,SLTR3,SLTR4,SLTR5,SLTR6,SLTR7,SLTR8,SLTR9,SLTTVx,SLTTVy,SLTTVz,SLTRVx,SLTRVy,SLTRVz,SLGA,SRTx,SRTy,SRTz,SRTR1,SRTR2,SRTR3,SRTR4,SRTR5,SRTR6,SRTR7,SRTR8,SRTR9,SRTTVx,SRTTVy,SRTTVz,SRTRVx,SRTRVy,SRTRVz,SRGA
189,0.053011,0.043478,0.362955,0.043252,0.106428,-0.993402,-0.338792,-0.933811,-0.114848,-0.939933,0.341386,-0.003097,-0.0,-1e-06,-1e-06,-1e-06,3.2e-05,2.5e-05,0.392119,-0.134654,0.058056,0.323276,0.455765,-0.163734,0.874907,-0.608668,0.659746,0.440673,-0.649915,-0.733152,0.199907,-0.001705,0.012621,-0.006372,0.024872,-0.015239,0.015815,-0.539781,0.0223,0.047121,-0.023147,-0.32123,0.023767,0.946702,0.713534,-0.651203,0.25846,0.622639,0.75853,0.192227,-0.006999,0.005496,-0.003176,-0.003591,-0.014145,-0.021907,-0.69068,0.063973,0.043807,-0.06156,0.019316,0.149179,-0.988621,-0.272208,-0.950667,-0.148771,-0.962044,0.271984,0.022244,6e-06,1.9e-05,1.4e-05,0.000268,0.000282,-0.005555,0.307457
190,0.053174,0.043351,0.362871,0.044543,0.110524,-0.992898,-0.34403,-0.931352,-0.11916,-0.937969,0.346751,-0.002227,0.011072,-0.006314,-0.004077,0.000577,-0.002656,0.036839,0.401925,-0.134922,0.058373,0.32312,0.458523,-0.155603,0.87495,-0.619738,0.649528,0.440423,-0.637384,-0.743974,0.200268,-0.013936,0.010609,-0.006635,0.0346,0.0058,-0.010808,-0.561127,0.022166,0.047284,-0.023228,-0.323414,0.015454,0.946131,0.723713,-0.640122,0.257841,0.609624,0.768117,0.19584,-0.006961,0.00526,-0.003349,0.03507,0.008016,-0.010749,-0.702437,0.064056,0.043747,-0.061599,0.020115,0.15352,-0.987939,-0.2777,-0.9484,-0.15303,-0.960456,0.277429,0.023555,0.005486,-0.003272,-0.00212,0.004406,-0.027831,0.018791,0.337503
191,0.053334,0.043148,0.362734,0.042904,0.113057,-0.992685,-0.344014,-0.931125,-0.120967,-0.938049,0.346542,0.000178,-0.001675,-0.003806,-0.002684,-9.6e-05,0.002796,0.001689,0.410813,-0.135225,0.05868,0.322949,0.460007,-0.152911,0.874645,-0.626606,0.641887,0.441905,-0.629546,-0.751131,0.198336,-0.000136,0.001032,0.000764,-0.019546,0.044863,0.036186,-0.576673,0.022015,0.047434,-0.023315,-0.324751,0.012989,0.945709,0.7302,-0.632063,0.259428,0.601118,0.774807,0.195779,-0.007023,0.005778,-0.002963,0.020826,0.041093,0.015369,-0.704887,0.064136,0.043646,-0.061667,0.01835,0.155831,-0.987612,-0.277701,-0.948119,-0.154759,-0.960491,0.277101,0.025876,0.005092,-0.00418,-0.002764,0.003499,-0.014403,-0.004218,0.351872
192,0.053367,0.043029,0.362665,0.042116,0.119199,-0.992,-0.349286,-0.928431,-0.126443,-0.936134,0.351662,0.003767,-0.001968,-0.004472,-0.003157,-0.008013,0.235072,0.142024,0.417154,-0.135404,0.058826,0.322862,0.461685,-0.147425,0.874703,-0.633921,0.634794,0.441718,-0.62093,-0.758227,0.198497,-0.013906,0.010534,-0.006685,0.03429,0.00638,-0.010323,-0.582127,0.02193,0.047505,-0.023355,-0.326047,0.007222,0.945325,0.736921,-0.624418,0.258938,0.592149,0.781056,0.198267,-2e-05,0.000162,0.000122,0.003779,-0.004938,-0.006482,-0.707499,0.064153,0.043587,-0.061701,0.017605,0.161411,-0.986729,-0.283286,-0.945637,-0.159744,-0.958873,0.282339,0.029077,0.004917,-0.004584,-0.003049,-0.016354,0.341937,0.208398,0.35873
193,0.05341,0.042765,0.362554,0.040071,0.128125,-0.990971,-0.354633,-0.925334,-0.134031,-0.934208,0.356637,0.009591,0.010398,-0.007897,-0.005206,-0.00338,0.110983,0.105472,0.437502,-0.135762,0.059122,0.322676,0.46306,-0.141891,0.874891,-0.640966,0.628021,0.441233,-0.612612,-0.7649,0.198742,-0.0,2e-06,1e-06,-0.0,0.0,0.0,-0.585652,0.021746,0.047657,-0.023451,-0.326988,0.00152,0.945027,0.743315,-0.617107,0.258186,0.583576,0.786877,0.200657,-0.006924,0.005115,-0.00345,0.035398,0.006761,-0.010884,-0.709132,0.064169,0.043454,-0.061758,0.01433,0.17072,-0.985215,-0.288989,-0.942559,-0.167532,-0.957224,0.287117,0.035829,-0.001068,-0.002433,-0.00172,-0.000773,0.138154,0.047923,0.381265
194,0.053529,0.042518,0.362433,0.037005,0.139912,-0.989495,-0.359905,-0.921816,-0.143856,-0.932313,0.361268,0.017474,-0.001305,-0.002971,-0.002104,-0.003407,0.093582,0.056512,0.449389,-0.136201,0.059399,0.322486,0.464803,-0.136328,0.874851,-0.651462,0.616365,0.442297,-0.600083,-0.775327,0.196554,-0.012264,-0.001607,2.2e-05,-0.141229,-0.030915,-0.042466,-0.586218,0.021531,0.047796,-0.023546,-0.328377,-0.003738,0.944538,0.752944,-0.604814,0.259374,0.570301,0.796357,0.201421,-0.006919,0.005137,-0.003431,-0.400973,-0.225371,-0.11167,-0.709785,0.064232,0.043326,-0.061821,0.010296,0.182382,-0.983173,-0.29465,-0.939017,-0.177277,-0.955549,0.291517,0.044071,0.005349,-0.003623,-0.002376,0.004987,0.04518,0.064113,0.405268
195,0.053776,0.042241,0.362379,0.033412,0.152205,-0.987807,-0.359867,-0.920189,-0.154012,-0.932458,0.36043,0.025257,0.009759,-0.016254,0.004936,-0.036964,0.134882,0.09269,0.454802,-0.136661,0.059628,0.322332,0.465711,-0.130695,0.875228,-0.658578,0.609299,0.441547,-0.591543,-0.781859,0.196563,-0.012412,-0.000398,0.000913,-4.839017,-2.42501,-1.11555,-0.586039,0.021301,0.047907,-0.023625,-0.328243,-0.007007,0.944566,0.756142,-0.601271,0.258304,0.566131,0.799013,0.202661,-0.007005,0.005853,-0.0029,0.038061,-0.012071,0.011259,-0.709132,0.064355,0.043186,-0.061849,0.005908,0.194227,-0.980938,-0.294858,-0.937003,-0.187304,-0.955522,0.290344,0.051733,0.004909,-0.00806,0.002512,-0.030486,0.094823,0.067448,0.415229
196,0.054022,0.042066,0.362371,0.033945,0.159277,-0.986673,-0.365167,-0.916962,-0.16064,-0.930377,0.36555,0.028263,0.012072,-0.004126,-0.002545,-0.01231,0.31798,0.230262,0.458639,-0.136927,0.059727,0.322266,0.465848,-0.127854,0.875574,-0.662274,0.605721,0.440942,-0.587289,-0.785106,0.196376,-0.012309,-0.001185,0.000329,-0.132694,-0.05059,-0.058548,-0.587449,0.021168,0.047959,-0.023656,-0.328727,-0.012617,0.94434,0.762668,-0.593296,0.257559,0.557024,0.804885,0.204655,-0.006944,0.005412,-0.003225,-0.402764,-0.222403,-0.109812,-0.709295,0.064472,0.043099,-0.061853,0.006909,0.200193,-0.979732,-0.300437,-0.934074,-0.192982,-0.953776,0.295681,0.053692,0.011318,-0.009282,0.001834,-0.063515,0.497944,0.349983,0.420128
197,0.054864,0.041567,0.362429,0.034464,0.167623,-0.985272,-0.365457,-0.915421,-0.168576,-0.930245,0.36567,0.030935,0.024993,-0.006318,-0.003729,-0.011523,0.284311,0.24808,0.464748,-0.137554,0.060019,0.322187,0.466319,-0.124929,0.875746,-0.669149,0.597567,0.441687,-0.579056,-0.791799,0.193938,-0.014223,0.013668,-0.004363,0.033429,0.005259,-0.010986,-0.589633,0.020856,0.048096,-0.023697,-0.328975,-0.01557,0.944209,0.769119,-0.584568,0.258331,0.547933,0.811194,0.204283,-0.012506,0.000479,0.00156,-0.002454,0.008201,-0.04133,-0.709949,0.064889,0.042852,-0.061822,0.007045,0.208217,-0.978056,-0.300901,-0.932308,-0.200645,-0.953628,0.295712,0.056084,0.01785,-0.010235,0.001335,-0.068592,0.490244,0.38464,0.428782
198,0.056283,0.040895,0.362525,0.032925,0.174672,-0.984099,-0.366373,-0.913937,-0.17453,-0.929938,0.366071,0.035128,0.036788,-0.017972,0.004441,-0.042961,0.237956,0.264763,0.469581,-0.138345,0.060301,0.322187,0.464071,-0.11915,0.877743,-0.677707,0.590183,0.438556,-0.57084,-0.798208,0.192012,-0.025077,0.001753,0.003676,-0.004089,0.030411,-0.058491,-0.592753,0.020464,0.048242,-0.0237,-0.326084,-0.021376,0.945098,0.776535,-0.576213,0.254892,0.53913,0.817019,0.204493,-0.013377,0.007371,-0.001182,0.035554,0.004122,-0.017311,-0.712235,0.065594,0.042519,-0.061778,0.004675,0.21541,-0.976512,-0.30203,-0.930612,-0.206731,-0.953286,0.295903,0.06071,0.024383,-0.011169,0.000832,-0.059581,0.483373,0.186927,0.438743
199,0.057238,0.040525,0.36253,0.032826,0.178731,-0.983373,-0.366753,-0.913067,-0.178249,-0.929792,0.366279,0.036801,0.049263,-0.02117,0.002515,-0.036213,0.090347,0.214374,0.469417,-0.138819,0.060435,0.322237,0.461682,-0.116253,0.87939,-0.682637,0.586358,0.436032,-0.566882,-0.80145,0.190225,-0.02522,0.003106,0.004661,-0.001785,0.012883,-0.035734,-0.594337,0.020237,0.048307,-0.023677,-0.323267,-0.024214,0.945997,0.780736,-0.571721,0.25216,0.534741,0.82009,0.203723,-0.013418,0.007831,-0.000849,0.035544,0.001259,-0.013935,-0.714847,0.066067,0.042336,-0.061774,0.003697,0.220047,-0.975481,-0.302569,-0.929518,-0.210825,-0.953119,0.29593,0.063143,0.025329,-0.005499,-0.003208,-0.00426,0.110854,0.220125,0.440212
200,0.059634,0.039776,0.362389,0.030237,0.192347,-0.980884,-0.367327,-0.91048,-0.189918,-0.929649,0.365803,0.044343,0.075521,-0.017432,-0.010309,-0.009001,0.173743,0.334507,0.467672,-0.139799,0.060608,0.322409,0.456954,-0.105032,0.883263,-0.69653,0.575192,0.428876,-0.553639,-0.811047,0.188546,-0.026747,0.015476,-0.001886,0.034741,-0.03027,-0.042558,-0.611856,0.019738,0.048392,-0.023585,-0.317154,-0.035701,0.947701,0.792584,-0.558728,0.244195,0.52079,0.828581,0.205499,-0.018715,0.000858,0.002406,-0.042834,0.017275,-0.097133,-0.722522,0.067285,0.041956,-0.061841,0.00023,0.233422,-0.972375,-0.303567,-0.926472,-0.222474,-0.952809,0.295232,0.070646,0.037786,-0.008656,-0.005153,-0.009483,0.181514,0.339195,0.441682
201,0.062547,0.039117,0.362007,0.027426,0.209246,-0.977502,-0.367432,-0.907257,-0.204573,-0.929692,0.364511,0.053217,0.075557,-0.017092,-0.010188,-0.004527,0.068478,0.271413,0.46039,-0.140923,0.060751,0.32262,0.451166,-0.096621,0.88719,-0.706997,0.567826,0.421501,-0.545036,-0.817269,0.186736,-0.025207,0.003747,0.005075,-0.0307,0.128045,-0.25811,-0.631555,0.019175,0.048469,-0.023481,-0.310521,-0.044002,0.949547,0.801139,-0.549761,0.236513,0.511617,0.834162,0.205964,-0.018698,0.000933,0.002444,-0.139139,0.572093,-0.827026,-0.732156,0.068742,0.041628,-0.062031,-0.004252,0.250482,-0.968111,-0.30418,-0.922568,-0.237363,-0.952604,0.293471,0.080114,0.037791,-0.008522,-0.005125,0.009049,-0.001872,0.227279,0.435477
202,0.066008,0.038371,0.361511,0.022432,0.23179,-0.97253,-0.367789,-0.902596,-0.223659,-0.929678,0.36241,0.066212,0.088024,-0.019923,-0.012035,-0.036284,0.447959,0.53789,0.456527,-0.142119,0.060813,0.322802,0.445427,-0.07188,0.892423,-0.725281,0.555308,0.406859,-0.525349,-0.828376,0.194072,-0.037087,-0.000366,0.003199,0.125778,-0.267816,-0.34247,-0.664189,0.018581,0.048506,-0.023387,-0.302301,-0.067876,0.950792,0.816057,-0.533906,0.221347,0.492609,0.842814,0.216791,-0.01173,-0.005225,0.005135,0.14267,-0.407218,-0.39912,-0.739667,0.070439,0.041263,-0.062274,-0.009373,0.270583,-0.96265,-0.305015,-0.917587,-0.254946,-0.952301,0.291234,0.091132,0.050312,-0.011368,-0.006925,-0.024901,0.427455,0.594865,0.430252
203,0.067925,0.037943,0.361249,0.02135,0.242314,-0.969986,-0.368012,-0.900134,-0.233018,-0.929614,0.361635,0.071162,0.100641,-0.022473,-0.013646,-0.020543,0.216314,0.437197,0.451681,-0.142663,0.060783,0.322844,0.438428,-0.055477,0.897048,-0.733104,0.555184,0.392764,-0.520341,-0.829741,0.201589,-0.024553,-0.001754,0.001023,0.313961,-0.69934,-0.74703,-0.668746,0.018304,0.048495,-0.023363,-0.293868,-0.08189,0.952331,0.821461,-0.531046,0.20782,0.488714,0.843376,0.223326,-0.01227,-0.000986,0.000449,0.144759,-0.212948,-0.597637,-0.741464,0.071392,0.041049,-0.062405,-0.012292,0.282089,-0.959309,-0.305707,-0.914504,-0.264996,-0.952045,0.290011,0.097478,0.050461,-0.010886,-0.006641,-0.025383,0.266348,0.500817,0.426006
204,0.072058,0.037074,0.36074,0.017934,0.266009,-0.963827,-0.368848,-0.894179,-0.253705,-0.929351,0.35972,0.083278,0.11399,-0.02273,-0.013806,-0.033984,0.285642,0.551102,0.434674,-0.143645,0.060517,0.32285,0.431199,-0.003584,0.902245,-0.759122,0.538883,0.365066,-0.48803,-0.842308,0.228489,-0.024099,-0.006143,-0.002191,-0.084267,-1.029689,-0.921879,-0.693668,0.017804,0.048361,-0.023359,-0.282197,-0.135214,0.949779,0.84164,-0.51005,0.177454,0.460441,0.84945,0.257736,-0.012048,-0.003231,-0.001202,-0.040242,-1.153112,-1.01499,-0.740974,0.073496,0.040603,-0.062666,-0.017073,0.305226,-0.952126,-0.307267,-0.907786,-0.285502,-0.95147,0.287682,0.109285,0.057012,-0.011333,-0.006956,-0.037964,0.308953,0.565667,0.410657
205,0.0764,0.036302,0.360281,0.013354,0.292234,-0.956277,-0.370189,-0.886912,-0.276261,-0.92889,0.357323,0.097526,0.115227,-0.018592,-0.011173,-0.028517,0.180715,0.48817,0.424799,-0.144165,0.060018,0.322866,0.41524,0.06964,0.907038,-0.788262,0.525116,0.320674,-0.454465,-0.84821,0.271781,-0.010135,-0.01988,0.002194,0.433556,-1.147062,-1.033872,-0.712955,0.017544,0.048112,-0.023351,-0.260583,-0.207889,0.942803,0.862531,-0.488858,0.130602,0.433746,0.84723,0.306698,-0.00506,-0.010128,0.00096,0.456539,-1.204133,-1.074993,-0.747016,0.075623,0.040222,-0.062893,-0.024107,0.331132,-0.943276,-0.3096,-0.899635,-0.3079,-0.95056,0.284616,0.124206,0.057662,-0.009187,-0.005588,-0.021558,0.185821,0.489071,0.394165
206,0.078674,0.035996,0.360087,0.007703,0.309865,-0.950773,-0.371506,-0.881811,-0.290455,-0.92842,0.355064,0.109506,0.10355,-0.012851,-0.007495,-0.089857,0.667499,0.743138,0.419145,-0.144212,0.059618,0.322898,0.401853,0.112694,0.908739,-0.801508,0.523064,0.289695,-0.443162,-0.844901,0.299354,0.002277,-0.020215,0.000801,0.535825,-1.378335,-1.179834,-0.741115,0.017523,0.047927,-0.023335,-0.244943,-0.246614,0.937648,0.87044,-0.481874,0.100647,0.427008,0.84082,0.332695,0.001112,-0.010067,0.000423,0.580738,-1.490448,-1.286377,-0.759752,0.07672,0.040072,-0.062989,-0.028877,0.345544,-0.937957,-0.31113,-0.894843,-0.320082,-0.949928,0.282584,0.133349,0.058189,-0.007432,-0.004431,-0.050892,0.34758,0.621902,0.38698
207,0.082929,0.035556,0.359829,-0.002167,0.338622,-0.940944,-0.374873,-0.872551,-0.313202,-0.927083,0.35163,0.13,0.104671,-0.008402,-0.004657,-0.068823,0.414273,0.583374,0.404268,-0.144054,0.058556,0.323088,0.373913,0.197433,0.906202,-0.828963,0.509201,0.231231,-0.416232,-0.8379,0.352899,0.016066,-0.03156,0.006952,0.466683,-1.314361,-1.105127,-0.841527,0.017593,0.047389,-0.023245,-0.211625,-0.330211,0.919877,0.887372,-0.45938,0.039241,0.409616,0.824578,0.390237,0.002598,-0.022498,0.006924,0.482116,-1.422305,-1.25839,-0.814944,0.078891,0.039844,-0.063122,-0.042391,0.375237,-0.925958,-0.315886,-0.884283,-0.343888,-0.947849,0.277919,0.156017,0.052569,-0.003543,-0.001948,-0.085238,0.511079,0.664034,0.367711
208,0.087074,0.035263,0.359804,-0.016074,0.370816,-0.928591,-0.380768,-0.86095,-0.337271,-0.924523,0.34769,0.156188,0.093416,-0.000414,0.000468,-0.392801,1.188056,0.132345,0.395743,-0.143542,0.057045,0.323566,0.345818,0.288841,0.892733,-0.85691,0.484692,0.17525,-0.382491,-0.825945,0.413979,0.01734,-0.041346,0.015457,0.544701,-1.612425,-1.323691,-0.896487,0.017843,0.046648,-0.023018,-0.180819,-0.414029,0.892123,0.904393,-0.426448,-0.014606,0.386491,0.80419,0.451555,0.008705,-0.021208,0.007313,0.519603,-1.529067,-1.295269,-0.814944,0.080928,0.039694,-0.063137,-0.054695,0.405589,-0.912417,-0.321804,-0.872187,-0.368415,-0.945224,0.273469,0.178224,0.0468,2.9e-05,0.00033,-0.081034,0.364562,0.790448,0.352689
209,0.088862,0.035201,0.35988,-0.023347,0.382863,-0.923534,-0.384585,-0.856083,-0.345236,-0.922778,0.346636,0.168378,0.09291,-0.008491,0.010664,-0.15109,0.516089,0.572084,0.395188,-0.143185,0.056237,0.323876,0.333005,0.322245,0.886148,-0.864282,0.47993,0.150392,-0.37722,-0.816353,0.437191,0.017306,-0.040615,0.016027,0.46073,-1.407531,-1.155247,-0.93855,0.018028,0.046227,-0.022858,-0.166377,-0.44719,0.878828,0.907417,-0.418223,-0.041023,0.385892,0.790639,0.47537,0.0087,-0.02085,0.007596,0.34236,-1.177668,-0.754302,-0.80629,0.081861,0.039664,-0.063105,-0.066258,0.416903,-0.906532,-0.327174,-0.867377,-0.374983,-0.942637,0.271749,0.19387,0.046934,0.000838,0.000826,-0.202826,0.642001,0.667182,0.348443
210,0.092255,0.035322,0.360154,-0.042374,0.402884,-0.914295,-0.395449,-0.847092,-0.355001,-0.91747,0.346008,0.196351,0.082372,0.009237,0.006606,-0.367493,0.68772,-0.166985,0.39966,-0.142246,0.05443,0.32474,0.313342,0.381353,0.8697,-0.874494,0.472817,0.107877,-0.370439,-0.794816,0.480526,0.018459,-0.048791,0.025832,0.358,-1.236177,-1.034694,-0.987976,0.018498,0.045323,-0.022432,-0.145788,-0.50185,0.852579,0.91026,-0.405611,-0.083101,0.38752,0.763954,0.515948,0.015408,-0.023732,0.0128,0.235609,-1.005416,-0.59526,-0.816577,0.083562,0.039719,-0.062965,-0.086248,0.435838,-0.895882,-0.338657,-0.858512,-0.385055,-0.936948,0.270186,0.221644,0.041177,0.004557,0.003199,-1.047132,1.518107,-1.584579,0.34779
211,0.09528,0.035701,0.360604,-0.0616,0.415368,-0.90759,-0.407123,-0.840634,-0.357151,-0.91123,0.346979,0.222017,0.070516,0.015565,0.010567,-0.098776,0.29373,0.389413,0.411899,-0.141112,0.052701,0.325801,0.298066,0.434545,0.849893,-0.882981,0.463667,0.072736,-0.36281,-0.772654,0.520805,0.030491,-0.042815,0.02919,0.388335,-1.412468,-0.832338,-1.026615,0.019061,0.044454,-0.021905,-0.130285,-0.55049,0.824612,0.912502,-0.391855,-0.117421,0.387768,0.737162,0.553377,0.015287,-0.021965,0.014159,0.253672,-0.983311,-0.78589,-0.820496,0.08508,0.039907,-0.062741,-0.106625,0.445877,-0.88872,-0.350921,-0.853172,-0.38594,-0.930314,0.27072,0.247437,0.035305,0.007933,0.005336,-0.181429,0.450079,0.291122,0.35824
212,0.097653,0.036164,0.361275,-0.082697,0.416779,-0.905263,-0.416623,-0.839592,-0.348544,-0.905221,0.347806,0.244197,0.056869,0.008018,0.020926,-0.057966,0.141877,0.079024,0.433795,-0.13958,0.051103,0.326936,0.281286,0.490465,0.824811,-0.892947,0.448483,0.037977,-0.351616,-0.747801,0.563049,0.043085,-0.041229,0.029275,0.429747,-1.498581,-0.883418,-1.069623,0.019806,0.043676,-0.021344,-0.114206,-0.600448,0.791466,0.915884,-0.37226,-0.150258,0.384854,0.707731,0.592455,0.021477,-0.020283,0.014849,0.358921,-1.320323,-0.746288,-0.810046,0.086251,0.040143,-0.062415,-0.127947,0.446154,-0.885762,-0.360412,-0.852961,-0.377571,-0.923976,0.27093,0.269934,0.02225,0.00534,0.011316,-0.055468,0.142379,0.034505,0.379305
213,0.098614,0.036405,0.361644,-0.094778,0.421516,-0.901879,-0.420956,-0.83789,-0.34743,-0.902012,0.346194,0.257974,0.056776,0.008255,0.020966,-0.172075,0.702799,0.418721,0.449226,-0.138741,0.050387,0.327451,0.273617,0.516483,0.8114,-0.897268,0.440859,0.022092,-0.346622,-0.734727,0.583004,0.055619,-0.039536,0.029363,0.341227,-1.279304,-0.669672,-1.085168,0.020236,0.043303,-0.021074,-0.106443,-0.626266,0.772308,0.916992,-0.362137,-0.167274,0.384439,0.690395,0.612829,0.020791,-0.014493,0.011219,0.4251,-1.392825,-0.770855,-0.814455,0.086775,0.040271,-0.062214,-0.138788,0.44828,-0.883052,-0.364315,-0.852264,-0.375392,-0.920875,0.26961,0.281599,0.028388,0.004152,0.010461,-0.152805,0.631702,0.385907,0.397267
214,0.100192,0.036983,0.362438,-0.119757,0.429635,-0.895051,-0.416317,-0.840124,-0.347625,-0.901164,0.330455,0.280588,0.032635,0.023688,0.015391,-0.080013,0.530867,0.032584,0.455268,-0.13669,0.048904,0.328495,0.249184,0.57184,0.781599,-0.907815,0.418949,-0.016944,-0.337428,-0.706035,0.622511,0.056028,-0.040662,0.028592,0.273831,-1.330604,-0.819397,-1.114711,0.021282,0.042549,-0.02054,-0.083312,-0.676292,0.731906,0.919675,-0.335004,-0.204863,0.383739,0.656049,0.649879,0.027994,-0.020366,0.014223,0.296912,-1.404163,-0.870127,-0.815598,0.087564,0.040561,-0.061816,-0.165433,0.455773,-0.874586,-0.360006,-0.853518,-0.376697,-0.918165,0.252538,0.305281,0.016302,0.011819,0.007653,-0.075425,0.508078,0.019029,0.420291
215,0.101016,0.03756,0.363355,-0.143711,0.442483,-0.885213,-0.421873,-0.836485,-0.349696,-0.89503,0.322637,0.307984,0.006331,0.015863,0.025707,-0.144968,0.688077,0.221028,0.456116,-0.134257,0.047645,0.329451,0.227315,0.62478,0.746974,-0.918708,0.391918,-0.048076,-0.32305,-0.676099,0.662112,0.068735,-0.038314,0.029129,0.374898,-1.314007,-0.640878,-1.132742,0.022473,0.041932,-0.020073,-0.063856,-0.721957,0.688984,0.923805,-0.303919,-0.232845,0.3775,0.621619,0.686354,0.033565,-0.013343,0.01085,0.480548,-1.483205,-0.745737,-0.81772,0.087975,0.040845,-0.061366,-0.189149,0.465599,-0.864546,-0.365514,-0.850554,-0.378095,-0.911384,0.244488,0.331064,0.009521,0.007432,0.012481,-0.192048,0.99593,0.247239,0.424373
216,0.101266,0.037814,0.363866,-0.154487,0.448025,-0.880598,-0.424471,-0.83489,-0.350363,-0.891989,0.3191,0.320248,0.006213,0.015504,0.025391,-0.123727,0.662769,0.007073,0.461386,-0.132905,0.047104,0.329904,0.219224,0.649742,0.727851,-0.923514,0.378783,-0.059819,-0.314816,-0.659875,0.682143,0.067274,-0.026335,0.022065,-1.054631,-3.211534,0.767081,-1.139684,0.02315,0.041658,-0.019844,-0.055279,-0.742542,0.667513,0.925386,-0.289165,-0.245034,0.37497,0.604163,0.703124,0.039875,-0.012329,0.010978,0.346569,-1.158484,-0.456314,-0.822619,0.0881,0.040973,-0.061111,-0.200523,0.470667,-0.859221,-0.36842,-0.848885,-0.379024,-0.907775,0.240551,0.343624,0.009204,0.00634,0.011741,-0.14718,0.703579,0.268714,0.427312
217,0.101513,0.038134,0.364947,-0.170786,0.456269,-0.873325,-0.428992,-0.832306,-0.351006,-0.886821,0.31413,0.338967,0.005212,0.011901,0.022947,-0.062808,0.249504,-0.042394,0.480284,-0.129973,0.046233,0.3307,0.205554,0.693608,0.690396,-0.933711,0.35026,-0.073726,-0.293189,-0.630341,0.718731,0.078317,-0.012013,0.015411,0.370899,-1.177204,-0.191745,-1.156988,0.024641,0.041211,-0.019439,-0.046551,-0.782964,0.620321,0.93163,-0.258087,-0.255843,0.360413,0.566,0.741447,0.039143,-0.005975,0.007672,0.386021,-1.180416,-0.20385,-0.82066,0.088225,0.041137,-0.060567,-0.218029,0.478054,-0.850839,-0.37338,-0.846345,-0.37985,-0.901693,0.234868,0.363023,0.002154,0.000694,0.0158,-0.087437,0.216023,-0.089778,0.447724
218,0.101504,0.038222,0.36604,-0.181399,0.462241,-0.868028,-0.431737,-0.830438,-0.352061,-0.883362,0.310317,0.351286,-0.009202,-0.000814,0.030226,-0.080819,0.179648,-0.149064,0.493129,-0.126716,0.045841,0.331342,0.191532,0.734049,0.65152,-0.942908,0.321855,-0.085255,-0.272494,-0.598911,0.752939,0.07835,-0.010878,0.016151,0.3571,-1.17404,0.055106,-1.167654,0.02624,0.04102,-0.019123,-0.035777,-0.816837,0.575757,0.937052,-0.227666,-0.264765,0.347351,0.530042,0.773564,0.045411,-0.004406,0.008129,0.463981,-1.400087,-0.081782,-0.816904,0.088226,0.041187,-0.060023,-0.228722,0.482858,-0.8453,-0.376158,-0.844713,-0.380742,-0.897881,0.230882,0.374835,0.001454,-0.001869,0.01414,-0.070219,0.014384,0.017654,0.466012
219,0.101321,0.038189,0.367009,-0.188573,0.460935,-0.867193,-0.433395,-0.831399,-0.347728,-0.881036,0.309687,0.357625,0.002037,-0.007071,0.026143,-0.068261,0.00786,0.018593,0.49906,-0.123479,0.045712,0.331779,0.176474,0.765039,0.619326,-0.951104,0.29454,-0.092641,-0.253488,-0.57365,0.778802,0.089393,0.002188,0.008435,0.381155,-1.11663,0.154577,-1.180413,0.027888,0.040953,-0.018897,-0.024478,-0.842605,0.537975,0.942129,-0.199424,-0.269482,0.334352,0.500246,0.798725,0.044697,0.001049,0.004116,0.423496,-1.181428,0.106484,-0.809066,0.08813,0.041172,-0.059538,-0.235572,0.480485,-0.844772,-0.377501,-0.846219,-0.376039,-0.895543,0.230318,0.380729,-0.005308,-0.00298,0.013474,-0.071191,0.127997,-0.213205,0.480382
220,0.101192,0.038149,0.367421,-0.190824,0.459599,-0.86741,-0.433883,-0.832079,-0.345489,-0.880309,0.30985,0.359271,-0.010913,-0.007172,0.026175,-0.072028,0.122661,-0.182819,0.501435,-0.12189,0.045762,0.331913,0.169703,0.777123,0.60603,-0.955281,0.280786,-0.092366,-0.242134,-0.564225,0.78923,0.076883,0.000472,0.008413,0.222788,-0.906798,0.490588,-1.187638,0.028653,0.040977,-0.018834,-0.018192,-0.852758,0.521988,0.945288,-0.184751,-0.268879,0.325726,0.488538,0.809463,0.037563,0.005975,0.000412,0.211888,-0.841599,0.224984,-0.807433,0.088066,0.04115,-0.059322,-0.237667,0.478953,-0.845054,-0.377934,-0.847026,-0.373779,-0.894806,0.230539,0.382323,-0.005551,-0.003883,0.012904,-0.072121,0.121328,-0.183488,0.484628
221,0.100948,0.03799,0.368103,-0.189659,0.461134,-0.86685,-0.433341,-0.831492,-0.347574,-0.880828,0.309143,0.358606,-0.011468,-0.00195,0.014162,-0.038416,0.133154,-0.217063,0.50239,-0.118789,0.045995,0.33214,0.153087,0.800189,0.579873,-0.963066,0.252301,-0.093712,-0.221459,-0.545111,0.8085,0.075267,0.011406,0.000418,-0.75063,-0.521892,-0.863756,-1.201518,0.030204,0.041091,-0.018715,-0.005807,-0.871186,0.490917,0.950458,-0.157388,-0.268061,0.310796,0.465039,0.828941,0.038602,-0.000229,0.003765,-3.051455,-0.007485,-4.194415,-0.809556,0.087949,0.041074,-0.058984,-0.236421,0.480675,-0.844426,-0.377476,-0.846238,-0.376021,-0.895329,0.229851,0.381512,0.000484,-0.001815,0.006504,-0.036426,0.00519,0.006072,0.489363
222,0.100742,0.037765,0.368572,-0.188704,0.462263,-0.866458,-0.433588,-0.830817,-0.348879,-0.880914,0.309271,0.358287,-0.01268,-0.006379,0.0114,-0.035497,0.032992,-0.045255,0.50139,-0.115903,0.046226,0.332181,0.143544,0.818753,0.555905,-0.966467,0.2368,-0.099002,-0.212853,-0.524077,0.824561,0.06514,-0.004653,0.00572,0.323054,-0.78218,0.082445,-1.220927,0.031627,0.041212,-0.018695,0.001832,-0.884983,0.465618,0.952648,-0.140035,-0.269908,0.304067,0.444065,0.842821,0.031664,0.003285,-0.001016,0.118367,-0.413814,0.379241,-0.815924,0.087847,0.040963,-0.058749,-0.235676,0.481746,-0.844024,-0.377779,-0.845597,-0.377157,-0.895399,0.229967,0.38128,-0.00022,-0.00441,0.004886,-0.035023,0.018473,-0.016199,0.490179
223,0.100664,0.03766,0.368725,-0.189097,0.462098,-0.86646,-0.433967,-0.830806,-0.348435,-0.880642,0.309547,0.358715,-0.000595,-0.009445,0.009378,-0.034514,0.018274,-0.015704,0.50116,-0.114649,0.046298,0.332182,0.13411,0.826329,0.546979,-0.969186,0.224429,-0.10121,-0.206537,-0.517585,0.830248,0.05264,-0.006538,0.005643,-2.693985,-0.11992,-4.717573,-1.229295,0.032259,0.041246,-0.018697,0.005189,-0.890339,0.455266,0.953196,-0.13323,-0.271415,0.302307,0.435367,0.847977,0.031632,0.003562,-0.000832,0.067376,-0.245096,0.262146,-0.814945,0.087802,0.040909,-0.058674,-0.236077,0.481534,-0.844032,-0.378149,-0.845642,-0.376684,-0.895136,0.230244,0.381728,-0.000316,-0.004767,0.004666,-0.034698,0.018269,-0.015758,0.490179
224,0.100436,0.037505,0.368917,-0.190442,0.46129,-0.866596,-0.434312,-0.831198,-0.347065,-0.880181,0.309698,0.359716,-0.012317,0.00224,0.001508,-0.004003,0.114435,-0.201617,0.500663,-0.112425,0.046313,0.33224,0.128114,0.839854,0.527469,-0.971524,0.21314,-0.103185,-0.199224,-0.50028,0.842551,0.052818,-0.006853,0.005339,0.381754,-0.727513,-0.202618,-1.246844,0.033414,0.041253,-0.018667,0.013182,-0.901604,0.432359,0.955348,-0.116292,-0.271632,0.295184,0.416635,0.859813,0.026407,-0.00341,0.002639,0.350993,-0.664935,-0.163846,-0.819353,0.087692,0.040824,-0.058577,-0.237242,0.480739,-0.844159,-0.378502,-0.84604,-0.375436,-0.894679,0.230446,0.382677,-0.00055,-0.005624,0.004133,-0.034606,0.01827,-0.015674,0.489526
225,0.100215,0.037482,0.368973,-0.189486,0.462124,-0.866361,-0.433444,-0.831034,-0.348541,-0.880816,0.308895,0.358852,-0.012317,0.002245,0.00151,-0.000984,0.014715,-0.029553,0.500971,-0.110486,0.046304,0.332333,0.117776,0.857177,0.501366,-0.975739,0.193698,-0.101721,-0.184433,-0.478296,0.858534,0.050539,0.006701,-0.000626,0.161723,-0.77205,0.026226,-1.25209,0.034366,0.041243,-0.018623,0.021002,-0.915222,0.402401,0.958229,-0.096399,-0.269264,0.285228,0.391248,0.874967,0.020021,-0.003686,0.003107,-0.206151,-1.343446,0.021999,-0.820007,0.08758,0.04081,-0.05855,-0.236457,0.481542,-0.843922,-0.377642,-0.845813,-0.37681,-0.89525,0.229601,0.381849,-3.1e-05,-0.000102,-6.1e-05,-0.000451,0.000258,-0.000549,0.489199
226,0.100005,0.03753,0.369006,-0.188131,0.463195,-0.866084,-0.432504,-0.83074,-0.350405,-0.88157,0.308081,0.357698,0.00029,0.001051,0.000655,0.0,0.0,0.0,0.50061,-0.108835,0.04633,0.332518,0.105743,0.874305,0.473709,-0.979027,0.17494,-0.104095,-0.173992,-0.453862,0.873842,0.037485,0.007144,0.00109,-0.344013,-1.344586,-0.210201,-1.262047,0.035197,0.041254,-0.018532,0.029246,-0.927487,0.372708,0.959819,-0.07805,-0.269545,0.279089,0.365615,0.887937,0.019699,-0.001997,0.004291,-2.216456,-2.522364,-0.932054,-0.8187,0.08747,0.040832,-0.058535,-0.235199,0.482679,-0.843624,-0.376753,-0.845387,-0.37865,-0.895956,0.22878,0.380685,0.000164,0.000598,0.000375,-0.000175,6.5e-05,-0.000191,0.489526
227,0.099894,0.037544,0.369027,-0.188623,0.462841,-0.866166,-0.432437,-0.830976,-0.349927,-0.881496,0.307977,0.357968,-0.012274,0.002402,0.001607,-0.000984,0.014715,-0.029553,0.500809,-0.108149,0.046283,0.33266,0.098705,0.879843,0.464892,-0.9801,0.166791,-0.107323,-0.172069,-0.44615,0.878183,0.039435,-0.004068,0.008747,0.195857,-0.545672,0.135629,-1.266986,0.035553,0.041235,-0.01846,0.035545,-0.932275,0.359998,0.959691,-0.068652,-0.272543,0.2788,0.355175,0.892256,0.0197,-0.001972,0.004395,0.186846,-0.524989,0.147538,-0.818863,0.087415,0.040841,-0.058523,-0.235666,0.482292,-0.843715,-0.376664,-0.845637,-0.378182,-0.895871,0.228672,0.38095,-0.006141,0.001191,0.000799,-0.001039,0.014706,-0.02957,0.489689
228,0.099689,0.037568,0.369055,-0.189813,0.461988,-0.866362,-0.432242,-0.831556,-0.348788,-0.881335,0.307694,0.358608,-0.012487,0.001634,0.001127,-0.000984,0.014715,-0.029553,0.501222,-0.106938,0.046006,0.332997,0.087993,0.889749,0.447878,-0.981299,0.154694,-0.114263,-0.171038,-0.430564,0.886128,0.027128,-0.00714,0.007858,0.106736,-0.295643,0.079376,-1.281595,0.036148,0.041101,-0.018293,0.04433,-0.939237,0.340394,0.958912,-0.055568,-0.278206,0.280216,0.338741,0.898182,0.013574,-0.003636,0.003858,0.116387,-0.394206,0.246973,-0.820986,0.087317,0.040854,-0.058509,-0.236776,0.481379,-0.843926,-0.376415,-0.846236,-0.377088,-0.895683,0.228381,0.381567,-0.000142,-0.000513,-0.000316,-2.7e-05,-4e-06,2.1e-05,0.489526
229,0.099567,0.037575,0.369083,-0.18856,0.463017,-0.866087,-0.43133,-0.831283,-0.350565,-0.882053,0.306886,0.357536,-0.0,-0.0,-0.0,0.0,-0.0,0.0,0.500989,-0.105854,0.045637,0.333378,0.085836,0.895557,0.436578,-0.98123,0.151934,-0.118479,-0.172522,-0.419337,0.89121,0.026839,-0.005642,0.00898,0.134828,-0.237951,-0.125011,-1.297998,0.036691,0.040913,-0.018105,0.044526,-0.943187,0.329265,0.958223,-0.052892,-0.281089,0.282535,0.328025,0.901428,0.013374,-0.002641,0.004606,0.236844,-0.456981,-0.030665,-0.832906,0.087252,0.040856,-0.058495,-0.23561,0.482471,-0.843628,-0.375547,-0.845834,-0.378849,-0.896354,0.227561,0.380478,-0.0,4e-06,6e-06,-0.000325,0.000208,-0.000444,0.489689
230,0.099543,0.037586,0.369103,-0.188964,0.462737,-0.866148,-0.43128,-0.831471,-0.350182,-0.88199,0.306799,0.357764,0.000118,0.000426,0.000265,0.0,-0.0,0.0,0.500723,-0.105362,0.045425,0.333638,0.086624,0.896877,0.433705,-0.981088,0.152436,-0.119012,-0.172938,-0.416319,0.892544,0.02645,-0.00382,0.010351,0.198816,-0.331737,-0.160149,-1.30149,0.036931,0.040812,-0.017983,0.04293,-0.943835,0.327613,0.958292,-0.053836,-0.280673,0.282546,0.325999,0.902159,0.01431,-0.007962,0.008664,0.231511,-0.400462,-0.273959,-0.836499,0.087239,0.040861,-0.058486,-0.235998,0.482163,-0.843696,-0.375479,-0.846034,-0.378471,-0.896281,0.227472,0.380704,8.9e-05,0.000323,0.000203,-0.003047,0.099703,-0.172139,0.489526
231,0.099512,0.037581,0.369168,-0.189908,0.462114,-0.866274,-0.431248,-0.831866,-0.349281,-0.881802,0.306667,0.358341,0.000188,0.000679,0.000423,0.0,0.0,0.0,0.50071,-0.104415,0.044815,0.334354,0.085088,0.901003,0.425377,-0.981351,0.149639,-0.120384,-0.172204,-0.408331,0.896368,0.028132,-0.013493,0.019217,0.089662,-0.232764,-0.108869,-1.312854,0.037404,0.040514,-0.017632,0.043754,-0.947288,0.317381,0.957826,-0.050532,-0.28287,0.283997,0.316372,0.905126,0.014074,-0.006832,0.009525,0.197841,-0.36859,-0.202073,-0.83356,0.087224,0.040859,-0.058453,-0.236896,0.481478,-0.843835,-0.375405,-0.846462,-0.377587,-0.896075,0.227332,0.381272,0.000113,0.000413,0.00026,-0.00301,0.099648,-0.1721,0.4892
232,0.099506,0.037537,0.369267,-0.190983,0.461435,-0.866399,-0.431309,-0.832269,-0.348244,-0.881538,0.306598,0.359048,0.000488,0.001758,0.001095,0.000438,-0.014431,0.024943,0.500543,-0.103427,0.044176,0.335237,0.076671,0.909413,0.408756,-0.982295,0.139185,-0.125131,-0.170763,-0.393067,0.903439,0.027444,-0.01031,0.021626,0.080499,-0.220787,-0.098842,-1.323812,0.037905,0.040181,-0.017182,0.050279,-0.953305,0.297791,0.957117,-0.039184,-0.287038,0.285303,0.299453,0.910455,0.014739,-0.010872,0.014576,0.060313,-0.314706,0.043411,-0.826211,0.08722,0.040835,-0.058405,-0.237938,0.480714,-0.843978,-0.375417,-0.846918,-0.37655,-0.895794,0.227248,0.381982,-0.000459,-0.005283,0.004344,-0.034507,0.018342,-0.015657,0.4892
233,0.099499,0.037494,0.369354,-0.192181,0.460665,-0.866545,-0.431323,-0.83274,-0.347097,-0.88127,0.306477,0.359809,0.000445,0.001604,0.000999,0.0,0.0,0.0,0.500605,-0.102423,0.043528,0.336295,0.069318,0.920982,0.383378,-0.984895,0.124314,-0.120259,-0.15848,-0.370408,0.915175,0.016555,-0.022259,0.030292,0.01028,-0.636516,-0.048445,-1.328482,0.038411,0.039864,-0.016655,0.054016,-0.960845,0.271766,0.959722,-0.025191,-0.279816,0.275706,0.275935,0.920785,0.013463,-0.004054,0.011614,-0.27416,-1.276185,0.01587,-0.826375,0.087217,0.040813,-0.058361,-0.239061,0.479878,-0.844136,-0.375383,-0.847426,-0.37544,-0.895509,0.227121,0.382725,-0.000246,-0.004511,0.004826,-0.037101,0.103484,-0.162912,0.489363
234,0.099485,0.037495,0.36939,-0.192582,0.460401,-0.866596,-0.431319,-0.832904,-0.34671,-0.881184,0.306431,0.36006,0.000293,0.001056,0.000657,0.0,0.0,0.0,0.500518,-0.101905,0.043149,0.336855,0.064351,0.923624,0.377848,-0.985406,0.118615,-0.121817,-0.15739,-0.365655,0.917272,0.029311,-0.020623,0.030071,0.039311,-0.206216,-0.111427,-1.331731,0.038676,0.039669,-0.016362,0.058421,-0.962731,0.264073,0.959395,-0.018975,-0.281425,0.275948,0.269791,0.922531,0.014633,-0.010298,0.015031,0.026611,-0.182323,-0.099283,-0.828824,0.08721,0.040816,-0.058342,-0.239444,0.479588,-0.844192,-0.375361,-0.847604,-0.37506,-0.895416,0.227071,0.382972,0.000177,0.000646,0.000401,-1.5e-05,-1.2e-05,6e-06,0.489363
235,0.099496,0.03753,0.369423,-0.190954,0.461703,-0.866264,-0.430455,-0.832454,-0.348857,-0.881962,0.305692,0.358779,0.000379,0.001368,0.000851,0.0,-0.0,0.0,0.500512,-0.10097,0.042279,0.337918,0.063686,0.925682,0.372891,-0.984633,0.119181,-0.127387,-0.162419,-0.360211,0.918548,0.029987,-0.023287,0.02812,0.180188,-0.366826,-0.264783,-1.342297,0.039131,0.039246,-0.015838,0.057804,-0.96365,0.260837,0.958202,-0.019775,-0.285406,0.28019,0.266433,0.922229,0.008611,-0.012534,0.014112,0.214545,-0.50753,-0.129403,-0.828987,0.087216,0.040833,-0.058326,-0.237903,0.480997,-0.843826,-0.374563,-0.847005,-0.377206,-0.896161,0.226328,0.381668,0.000238,0.000859,0.000534,-0.000584,0.000409,-0.000837,0.488873
236,0.099473,0.037588,0.36946,-0.191636,0.461221,-0.86637,-0.430327,-0.832787,-0.348218,-0.881875,0.305512,0.359145,-0.011961,0.003517,0.002299,-0.000984,0.014715,-0.029553,0.500684,-0.10005,0.041498,0.338929,0.06268,0.927214,0.369237,-0.984434,0.118322,-0.129701,-0.164006,-0.356525,0.919704,0.017173,-0.02454,0.028697,0.084933,-0.336719,7e-06,-1.35076,0.039596,0.038853,-0.015335,0.058751,-0.964896,0.255972,0.957362,-0.018193,-0.288315,0.282851,0.261996,0.922687,0.013867,-0.005592,0.010497,0.202898,-0.369247,-0.187962,-0.827191,0.087205,0.040863,-0.058306,-0.238556,0.480465,-0.843945,-0.374404,-0.847356,-0.376574,-0.896053,0.226143,0.38203,-0.00598,0.001762,0.001151,-0.00101,0.014722,-0.029564,0.489689
237,0.099454,0.037623,0.369481,-0.192109,0.460886,-0.866443,-0.430239,-0.833019,-0.347774,-0.881815,0.305388,0.359399,0.000429,0.001547,0.000962,0.0,0.0,0.0,0.500567,-0.09955,0.041179,0.339428,0.061998,0.928228,0.366796,-0.984511,0.117279,-0.130071,-0.163809,-0.354217,0.920631,0.029571,-0.021236,0.029705,-0.053935,-0.089375,-0.023383,-1.353077,0.039836,0.038696,-0.015095,0.059312,-0.965806,0.252387,0.957074,-0.016839,-0.289352,0.283708,0.258715,0.923349,0.013808,-0.005312,0.010711,-0.0226,-0.07636,-0.028553,-0.826865,0.087195,0.040879,-0.058296,-0.239005,0.480099,-0.844026,-0.374292,-0.847597,-0.376141,-0.89598,0.226013,0.382277,0.000267,0.000965,0.0006,-2.2e-05,1.2e-05,7e-06,0.489689
238,0.099409,0.03767,0.369511,-0.192987,0.460263,-0.866579,-0.430073,-0.833447,-0.34695,-0.881703,0.305158,0.359869,0.000149,0.000536,0.000333,0.0,0.0,0.0,0.500712,-0.098562,0.040705,0.340339,0.053008,0.932264,0.357861,-0.984875,0.108029,-0.135222,-0.164767,-0.346452,0.92341,0.02729,-0.009045,0.022636,0.017949,-0.139078,-0.034439,-1.355539,0.040328,0.038449,-0.014634,0.067037,-0.96801,0.241787,0.956015,-0.007036,-0.29323,0.285551,0.25081,0.924961,0.013682,-0.004735,0.011143,0.035581,-0.158908,-0.052677,-0.82066,0.087173,0.040904,-0.05828,-0.239837,0.47942,-0.844176,-0.374084,-0.848046,-0.375338,-0.895845,0.225773,0.382736,-0.006035,0.001557,0.001024,-0.001004,0.014713,-0.029566,0.489526
239,0.099358,0.037695,0.369528,-0.193674,0.459773,-0.866686,-0.429944,-0.833784,-0.346302,-0.881615,0.304979,0.360236,-0.012256,0.00244,0.001628,-0.000984,0.014715,-0.029553,0.500783,-0.097687,0.040463,0.341152,0.047635,0.93665,0.346999,-0.985821,0.100069,-0.134453,-0.160696,-0.336852,0.92767,0.026984,-0.007767,0.023581,0.219993,-0.388026,-0.214013,-1.357601,0.040775,0.038328,-0.014223,0.07024,-0.970256,0.231665,0.957023,3.8e-05,-0.29001,0.281375,0.242079,0.92856,0.006151,0.000432,0.007639,0.281788,-0.404543,-0.24856,-0.821313,0.087152,0.040917,-0.058273,-0.24047,0.478902,-0.84429,-0.373925,-0.848387,-0.374725,-0.895742,0.225591,0.383085,-5e-06,-1.6e-05,-8e-06,-1.3e-05,1e-06,4e-06,0.489526
817,0.079143,0.031918,0.382846,-0.324374,0.403091,-0.855771,-0.594667,-0.790409,-0.146961,-0.735251,0.460723,0.497159,0.002346,0.006857,0.004192,-0.004512,0.092966,-0.175771,0.304364,-0.111697,0.056282,0.351293,0.229805,-0.109771,0.967022,-0.73333,0.633632,0.246315,-0.640032,-0.765598,0.063882,-0.012104,-0.001365,0.000221,-0.483007,-0.107412,-0.061089,-0.671365,0.033779,0.046234,-0.009144,-0.080478,-0.020839,0.996538,0.803764,-0.592625,0.052517,0.589479,0.805208,0.064443,-0.006067,-0.000608,0.000163,-0.48693,-0.11133,-0.059232,-0.721705,0.07704,0.03803,-0.051612,-0.366351,0.412621,-0.833984,-0.538242,-0.825096,-0.171785,-0.759,0.385952,0.524365,0.000759,-0.001295,0.006884,-0.033645,0.005685,0.010221,0.19397
818,0.07919,0.032011,0.383133,-0.324775,0.403012,-0.855656,-0.594953,-0.790286,-0.146463,-0.734842,0.461003,0.497504,0.000808,-0.004688,0.012485,-0.033542,0.005714,0.01016,0.334834,-0.112052,0.056407,0.351223,0.231822,-0.105668,0.966998,-0.744175,0.620839,0.246365,-0.626643,-0.776581,0.064058,-0.012187,-0.000934,0.000491,-0.002045,0.015205,-0.029245,-0.696978,0.033606,0.046299,-0.009178,-0.082231,-0.025046,0.996298,0.813691,-0.57891,0.052606,0.57545,0.815006,0.067983,-0.007092,0.005346,-0.003532,0.035423,0.011004,-0.00892,-0.723502,0.077064,0.038079,-0.051473,-0.366866,0.412419,-0.833857,-0.538464,-0.825078,-0.171174,-0.758594,0.386205,0.524766,0.000803,0.002366,0.001443,0.000587,-0.01349,0.025511,0.229241
819,0.079217,0.032079,0.383325,-0.324742,0.403123,-0.855617,-0.59523,-0.790089,-0.146397,-0.734632,0.461242,0.497592,0.00136,0.003977,0.002421,0.0,0.0,0.0,0.375025,-0.112444,0.056636,0.351108,0.234457,-0.101669,0.966791,-0.761777,0.598519,0.247799,-0.6041,-0.794434,0.061647,-0.002278,0.013032,-0.006674,-0.449262,-0.107365,0.004555,-0.696788,0.033411,0.046408,-0.009233,-0.084422,-0.02842,0.996024,0.828828,-0.556854,0.054361,0.553096,0.830123,0.070566,-0.006925,0.004606,-0.003895,-5.308904,-1.336535,-0.348531,-0.720726,0.077077,0.03811,-0.051373,-0.366838,0.41254,-0.83381,-0.538778,-0.824891,-0.17109,-0.758384,0.386477,0.524869,0.00018,-0.002987,0.005849,-0.033583,0.005703,0.010197,0.28182
820,0.079246,0.032196,0.383453,-0.332218,0.398109,-0.855094,-0.586211,-0.797326,-0.143523,-0.73852,0.453085,0.499328,7.5e-05,-0.006828,0.011176,4.691859,0.799214,-2.749807,0.404445,-0.112845,0.056831,0.350918,0.235559,-0.100404,0.966655,-0.771841,0.584989,0.248966,-0.590745,-0.804608,0.059073,-0.001912,0.011282,-0.007768,0.021727,0.062602,0.066676,-0.69871,0.033205,0.046508,-0.009327,-0.085615,-0.030299,0.995866,0.838974,-0.541316,0.055657,0.537393,0.840272,0.071765,-0.006901,0.004495,-0.004063,0.019705,0.078304,0.034993,-0.720726,0.077092,0.038171,-0.051313,-0.371765,0.409063,-0.83334,-0.534138,-0.828458,-0.16838,-0.759266,0.382522,0.526488,0.000412,0.001209,0.000735,0.002393,-0.00245,0.003283,0.329338
