frame,MLTx,MLTy,MLTz,MLTR1,MLTR2,MLTR3,MLTR4,MLTR5,MLTR6,MLTR7,MLTR8,MLTR9,MLTTVx,MLTTVy,MLTTVz,MLTRVx,MLTRVy,MLTRVz,MLGA,MRTx,MRTy,MRTz,MRTR1,MRTR2,MRTR3,MRTR4,MRTR5,MRTR6,MRTR7,MRTR8,MRTR9,MRTTVx,MRTTVy,MRTTVz,MRTRVx,MRTRVy,MRTRVz,MRGA,SLTx,SLTy,SLTz,SLTR1,SLTR2,SLTR3,SLTR4,SLTR5,SLTR6,SLTR7,SLTR8,SLTR9,SLTTVx,SLTTVy,SLTTVz,SLTRVx,SLTRVy,SLTRVz,SLGA,SRTx,SRTy,SRTz,SRTR1,SRTR2,SRTR3,SRTR4,SRTR5,SRTR6,SRTR7,SRTR8,SRTR9,SRTTVx,SRTTVy,SRTTVz,SRTRVx,SRTRVy,SRTRVz,SRGA
508,0.158048,0.025283,0.164042,0.215002,-0.458705,-0.862212,0.028128,-0.879577,0.474896,-0.97649,-0.125792,-0.175132,0.000578,0.003511,0.00958,-0.04904,-0.22563,-0.208257,-1.915907,-0.205972,-0.048613,0.294525,-0.871072,0.194611,0.450946,0.037757,-0.88876,0.456743,0.490757,0.414639,0.766222,0.015841,-0.000432,-0.001379,0.002045,-0.015205,0.029245,0.052837,0.02422,0.029781,-0.009564,0.876087,-0.225247,0.426303,0.007689,0.890582,0.454756,-0.482091,-0.395128,0.781959,-5e-06,-2.8e-05,-4e-05,-1.2e-05,8e-06,-6e-06,-0.11851,0.081379,0.063308,-0.122996,-0.265682,0.416864,-0.869273,-0.158431,0.87054,0.465895,0.950953,0.2615,-0.165243,0.000198,-0.004808,0.006982,-0.139478,-0.403384,-0.446092,-0.968005
509,0.157588,0.024874,0.164775,0.214051,-0.459961,-0.861779,0.026227,-0.879195,0.47571,-0.97675,-0.123862,-0.175054,-0.015024,-0.019723,0.025909,-0.070912,0.008609,-0.018762,-1.915948,-0.205962,-0.048629,0.294503,-0.871019,0.194505,0.451093,0.037905,-0.888787,0.456678,0.490839,0.41463,0.766174,-0.000124,-0.000908,-0.001229,0.0,0.0,0.0,0.052741,0.024231,0.029775,-0.009573,0.876048,-0.225154,0.426433,0.00756,0.89061,0.454703,-0.482164,-0.395118,0.781919,-8.1e-05,-0.000597,-0.000809,-1.6e-05,-8e-06,1e-05,-0.118674,0.081149,0.063107,-0.122635,-0.265999,0.41889,-0.868201,-0.156057,0.870056,0.467598,0.951257,0.25987,-0.166064,-0.007535,-0.009942,0.012747,-0.070436,0.032717,-0.034995,-0.965393
510,0.15725,0.024481,0.165345,0.209497,-0.461284,-0.862191,0.026419,-0.878758,0.476506,-0.977727,-0.122038,-0.170835,-0.030646,-0.030888,0.034927,0.058271,0.396526,0.002915,-1.915943,-0.205954,-0.048642,0.294467,-0.870965,0.194394,0.451244,0.038045,-0.888826,0.45659,0.490923,0.414599,0.766137,-0.000234,-0.001713,-0.002321,-0.001714,0.014299,-0.02496,0.05248,0.024235,0.02977,-0.009589,0.876007,-0.225053,0.426568,0.007436,0.89065,0.454627,-0.482239,-0.395085,0.78189,-5.7e-05,-0.000419,-0.000568,-4e-06,-5e-06,-1e-06,-0.118837,0.080992,0.062921,-0.122365,-0.2632,0.420825,-0.868119,-0.15555,0.869561,0.468685,0.952118,0.258395,-0.163409,-0.007401,-0.009265,0.014603,1.320617,2.087292,-1.352648,-0.96572
511,0.156405,0.023404,0.166849,0.195903,-0.461443,-0.865296,0.028759,-0.879304,0.475362,-0.980458,-0.117443,-0.157908,-0.030296,-0.040326,0.048834,0.093092,0.532423,0.452706,-1.916305,-0.205931,-0.04872,0.294325,-0.869775,0.196036,0.452828,0.038224,-0.888033,0.458115,0.493018,0.41552,0.76429,0.015355,-0.004032,-0.006264,-0.101788,0.134798,0.08917,0.044384,0.024241,0.029735,-0.009655,0.875036,-0.22607,0.428021,0.00698,0.89004,0.455828,-0.484006,-0.395879,0.780395,-0.000258,-0.001895,-0.002571,-0.197789,0.244859,0.104675,-0.123899,0.080564,0.062378,-0.121612,-0.249942,0.423928,-0.870524,-0.157828,0.869198,0.468598,0.95531,0.254516,-0.150342,-0.007318,-0.020379,0.024174,0.290115,0.678413,-0.557325,-0.965883
512,0.155319,0.021773,0.169122,0.171555,-0.460078,-0.871173,0.028477,-0.88159,0.471126,-0.98499,-0.105067,-0.137053,-0.029784,-0.048519,0.065587,-0.015755,0.457625,0.601114,-1.91632,-0.205873,-0.048815,0.294035,-0.866682,0.201987,0.45613,0.037322,-0.885406,0.463247,0.498511,0.418258,0.759217,-0.001046,0.006569,-0.014388,-0.162771,0.264401,0.156576,0.024629,0.024276,0.02968,-0.009802,0.871869,-0.231746,0.431437,0.007753,0.887375,0.460983,-0.489677,-0.398572,0.775471,-0.000274,-0.002023,-0.002749,-0.293508,0.357869,0.208496,-0.139901,0.080032,0.061583,-0.12051,-0.225571,0.425968,-0.876166,-0.158052,0.871431,0.464357,0.96132,0.243225,-0.129245,-0.014822,-0.017823,0.030338,0.309867,0.679564,-0.271527,-0.968495
513,0.154145,0.019893,0.171982,0.146272,-0.45743,-0.877159,0.033618,-0.883877,0.466479,-0.988868,-0.097159,-0.112814,-0.029234,-0.056298,0.082781,-0.085311,0.403293,0.632538,-1.915979,-0.205758,-0.048659,0.293644,-0.856804,0.220415,0.466151,0.033907,-0.877856,0.477654,0.515563,0.424784,0.744054,-0.000804,0.008348,-0.011976,-0.513549,0.753684,0.439767,0.004755,0.024332,0.029757,-0.010006,0.861995,-0.248858,0.441626,0.010799,0.880018,0.474816,-0.506801,-0.40452,0.761259,-0.00039,0.004261,-0.005868,-0.665252,0.866292,0.48061,-0.167007,0.079434,0.060626,-0.119063,-0.199179,0.426637,-0.882217,-0.163713,0.873117,0.459199,0.966191,0.235894,-0.104061,-0.022479,-0.027733,0.042189,-0.091879,0.584495,0.484262,-0.976333
514,0.153463,0.018791,0.173771,0.132286,-0.45731,-0.879439,0.035068,-0.884514,0.465164,-0.990769,-0.091813,-0.099874,-0.044526,-0.052883,0.089977,-0.06612,0.581233,0.390982,-1.915718,-0.20571,-0.04846,0.29344,-0.848839,0.234943,0.473567,0.031217,-0.871839,0.488728,0.528755,0.429339,0.732085,-0.000606,0.009805,-0.009992,-0.643936,0.802086,0.762665,-0.002635,0.024356,0.029856,-0.01011,0.853818,-0.262881,0.449318,0.01343,0.873962,0.485806,-0.520397,-0.408756,0.749736,-0.000294,0.00497,-0.004903,-0.583269,0.759597,0.763762,-0.179091,0.07911,0.060094,-0.118205,-0.185892,0.428352,-0.884283,-0.165196,0.873535,0.457872,0.968583,0.231195,-0.091621,-0.02239,-0.0328,0.047832,0.142966,0.763118,-0.563758,-0.982375
515,0.152111,0.016562,0.17763,0.104175,-0.456683,-0.883535,0.036172,-0.886033,0.462179,-0.994043,-0.079545,-0.074681,-0.028277,-0.06103,0.105632,-0.116114,0.561052,0.503196,-1.915889,-0.205892,-0.047794,0.293077,-0.805871,0.308701,0.505239,-0.006488,-0.85775,0.513963,0.593031,0.410521,0.692567,-0.015894,0.014248,-0.003151,1.98243,4.071249,4.799979,-0.034684,0.024276,0.03017,-0.010291,0.81248,-0.328452,0.481657,0.045578,0.859445,0.50919,-0.581203,-0.391755,0.713253,-0.000206,0.012572,-0.006239,0.072043,3.166983,-0.364197,-0.20832,0.078417,0.058963,-0.116245,-0.157458,0.431713,-0.888161,-0.16654,0.87489,0.454787,0.97338,0.219524,-0.065861,-0.021983,-0.029863,0.05414,-0.122165,0.726167,0.377941,-1.003929
516,0.150642,0.014183,0.182099,0.06839,-0.45995,-0.885333,0.038253,-0.885541,0.462953,-0.997023,-0.064962,-0.041863,-0.027811,-0.06873,0.120733,-0.146518,0.696429,0.333251,-1.915734,-0.206385,-0.046741,0.29275,-0.746836,0.372771,0.550699,-0.022104,-0.841453,0.539816,0.66554,0.390513,0.63594,-0.015861,0.028403,-0.007262,-0.468315,2.879745,-0.432536,-0.041676,0.024024,0.030701,-0.010457,0.750586,-0.396984,0.528227,0.067441,0.841259,0.536408,-0.657322,-0.366997,0.65821,-3.8e-05,0.014058,-0.004192,-1.26405,1.480077,1.686858,-0.226282,0.077683,0.057778,-0.114014,-0.122091,0.439598,-0.889857,-0.168795,0.874307,0.455076,0.978059,0.205764,-0.032543,-0.021629,-0.027324,0.058999,-0.034062,0.900968,0.486601,-1.020912
517,0.14986,0.012935,0.184593,0.04461,-0.463018,-0.885252,0.034208,-0.884898,0.464497,-0.998487,-0.050434,-0.022531,-0.042841,-0.052427,0.121465,0.820196,2.3132,-1.660229,-1.915806,-0.206753,-0.046116,0.292586,-0.715771,0.396766,0.574665,-0.017228,-0.832579,0.553579,0.69898,0.385836,0.602014,-0.015779,0.028782,-0.006774,-0.490904,2.761248,-0.523314,-0.027647,0.023846,0.031005,-0.010534,0.719796,-0.419425,0.553151,0.062654,0.832834,0.549964,-0.691352,-0.361205,0.625749,-0.007879,0.01437,-0.003415,-0.579451,2.843565,-0.435051,-0.225792,0.077298,0.057147,-0.112768,-0.099883,0.443463,-0.890709,-0.164073,0.87559,0.454335,0.981378,0.191522,-0.014697,-0.021623,-0.032634,0.063435,-0.135369,0.721792,0.402631,-1.026953
518,0.14851,0.010569,0.189512,0.005374,-0.464416,-0.885626,0.03393,-0.885037,0.464253,-0.999429,-0.031973,0.012107,-0.042588,-0.061189,0.132877,0.703948,2.413233,-1.878729,-1.915934,-0.20758,-0.04504,0.292216,-0.657569,0.43989,0.611629,-0.002554,-0.813019,0.582174,0.754168,0.380704,0.534938,-0.032067,0.025188,-0.010922,-1.108372,1.535599,0.910982,-0.009695,0.02344,0.031554,-0.010704,0.661374,-0.460111,0.592353,0.049065,0.814593,0.577953,-0.748449,-0.353179,0.561326,-0.016093,0.012255,-0.005888,-1.093994,1.117304,1.366271,-0.203584,0.076607,0.055946,-0.110259,-0.059426,0.451555,-0.890261,-0.164378,0.875236,0.454907,0.984605,0.173373,0.022213,-0.021296,-0.030526,0.066763,0.686418,2.376735,-1.908323,-1.038057
519,0.147216,0.008064,0.194892,-0.032771,-0.463558,-0.885486,0.030046,-0.88601,0.462661,-0.998983,-0.010873,0.04407,-0.026571,-0.059306,0.134534,-0.164731,0.660614,-0.037219,-1.915692,-0.208443,-0.044559,0.29172,-0.623645,0.466578,0.627186,0.011664,-0.796575,0.604372,0.782352,0.383641,0.490517,-0.016992,0.005822,-0.014646,-0.533991,0.652456,0.231377,-0.011078,0.022991,0.03182,-0.010952,0.623092,-0.488797,0.6106,0.034219,0.796959,0.603062,-0.781399,-0.354869,0.513306,-0.008534,0.002574,-0.007767,-0.417174,0.56622,0.189692,-0.200319,0.075981,0.054746,-0.107665,-0.021963,0.456157,-0.889627,-0.161167,0.876588,0.45345,0.986682,0.153338,0.054265,-0.021138,-0.02892,0.06861,0.109792,1.296784,-0.544344,-1.043609
520,0.146123,0.005626,0.2002,-0.072937,-0.464431,-0.882627,0.027568,-0.885576,0.463645,-0.996877,0.010056,0.078497,-0.026672,-0.069698,0.141759,0.044964,1.414554,-0.639136,-1.915253,-0.208925,-0.044802,0.291325,-0.625233,0.507081,0.593248,-0.005734,-0.762997,0.646326,0.781153,0.400062,0.479181,-0.0008,-0.019266,-0.002857,-0.396786,0.256495,0.413578,0.014624,0.02275,0.031701,-0.011155,0.622953,-0.528885,0.576376,0.052569,0.763447,0.643726,-0.780491,-0.370712,0.503395,-0.000633,-0.004383,-0.005947,-0.472266,0.060197,0.805481,-0.190031,0.075425,0.053505,-0.104957,0.017084,0.462702,-0.886348,-0.15815,0.876569,0.454548,0.987266,0.132411,0.088152,-0.013171,-0.0284,0.068503,0.630626,2.549688,-1.778825,-1.042466
521,0.145627,0.004393,0.202925,-0.094153,-0.461862,-0.881966,0.026377,-0.88674,0.461485,-0.995104,0.020755,0.096773,-0.026582,-0.068684,0.142276,-0.092949,0.971044,0.307327,-1.915621,-0.208928,-0.045035,0.291236,-0.629358,0.526818,0.571281,-0.021538,-0.746556,0.664924,0.77756,0.405505,0.480447,-0.000461,-0.016935,0.000296,-0.145845,-0.182096,0.600383,0.035452,0.022748,0.031577,-0.01121,0.624983,-0.549293,0.554682,0.068023,0.746168,0.662273,-0.777668,-0.376178,0.503707,-0.000409,-0.002828,-0.00385,-0.063882,-0.494703,0.95815,-0.166354,0.075177,0.052889,-0.103593,0.037933,0.46456,-0.884727,-0.157095,0.877128,0.453834,0.986854,0.121772,0.106252,-0.013159,-0.027887,0.068709,-0.057655,0.985398,0.394469,-1.036751
522,0.144743,0.001919,0.208369,-0.135507,-0.459297,-0.877912,0.0238,-0.88733,0.460491,-0.990335,0.042071,0.132267,-0.026143,-0.054681,0.136359,-0.098396,0.908769,0.03649,-1.914582,-0.208672,-0.045569,0.291337,-0.620008,0.555805,0.553771,-0.042892,-0.728641,0.683503,0.784156,0.399321,0.474875,0.000401,-0.024859,0.012846,-0.142145,-0.125497,0.517328,0.101581,0.022875,0.03131,-0.011167,0.614315,-0.577345,0.537856,0.089302,0.728132,0.679593,-0.783991,-0.369453,0.498861,0.007969,-0.006667,0.002227,-0.078146,-0.121399,0.564857,-0.097609,0.074725,0.051626,-0.100817,0.080842,0.467171,-0.880462,-0.154778,0.878522,0.451931,0.984635,0.099742,0.143329,-0.013157,-0.027406,0.068106,-0.103945,0.901083,0.030692,-1.037894
523,0.14396,-0.00057,0.213744,-0.171378,-0.454693,-0.87403,0.019403,-0.888532,0.458373,-0.984814,0.062156,0.162189,-0.010641,-0.055783,0.132216,-0.143894,0.756332,-0.106467,-1.910867,-0.208446,-0.046408,0.291742,-0.610394,0.558634,0.56155,-0.041778,-0.730541,0.681541,0.791716,0.391841,0.468518,0.000354,-0.02523,0.012333,-0.049952,-0.118511,0.221845,0.153239,0.022989,0.030894,-0.01096,0.604997,-0.57969,0.545835,0.08843,0.730205,0.67748,-0.791301,-0.361606,0.493034,0.008337,-0.018011,0.010121,-0.075116,-0.047993,0.106437,-0.014494,0.074334,0.050384,-0.098124,0.117442,0.467394,-0.876213,-0.150633,0.880494,0.449487,0.981588,0.079198,0.173812,-0.005409,-0.027984,0.06597,-0.183732,0.697238,-0.162307,-1.034301
524,0.143594,-0.001865,0.216488,-0.191159,-0.45028,-0.872211,0.017669,-0.890023,0.455542,-0.981175,0.072223,0.179182,-0.01074,-0.055907,0.130659,0.018987,1.007216,0.374232,-1.907109,-0.208305,-0.046963,0.29203,-0.607362,0.556365,0.567063,-0.037697,-0.733066,0.679063,0.794246,0.390356,0.465465,0.016172,-0.025833,0.010768,-0.060455,-0.07156,0.136127,0.166733,0.023054,0.030617,-0.010814,0.602361,-0.577231,0.551331,0.084381,0.732874,0.675111,-0.793751,-0.360139,0.490162,0.000407,-0.017905,0.01063,-0.099927,-0.065395,0.113698,0.008857,0.074155,0.049758,-0.096801,0.134913,0.46725,-0.87377,-0.148605,0.8814,0.448385,0.97965,0.069354,0.188348,-0.005656,-0.034403,0.067979,-0.196653,0.745232,-0.152741,-1.027606
525,0.142971,-0.00434,0.221551,-0.222168,-0.444815,-0.867656,0.013342,-0.89119,0.453403,-0.974654,0.089703,0.205013,-0.01141,-0.069222,0.132823,-0.151634,0.687877,0.016667,-1.895962,-0.207807,-0.048251,0.292669,-0.603821,0.553464,0.573645,-0.031047,-0.735314,0.676966,0.797226,0.390256,0.460428,0.016693,-0.036408,0.01969,-0.108586,0.036902,-0.047185,0.213278,0.023302,0.029975,-0.0105,0.599365,-0.574199,0.557724,0.077806,0.735232,0.673334,-0.796685,-0.360178,0.485348,0.008388,-0.01784,0.010339,-0.109457,0.017923,-0.022069,0.061436,0.073844,0.048527,-0.094268,0.168289,0.464959,-0.869189,-0.144987,0.883851,0.44473,0.975016,0.051178,0.216156,-0.013614,-0.034139,0.066962,-0.125516,0.748884,0.065036,-1.028913
526,0.142373,-0.00692,0.226559,-0.253834,-0.436169,-0.863348,0.009353,-0.893638,0.44866,-0.9669,0.106347,0.231994,-0.011743,-0.070276,0.128949,-0.03477,0.928821,0.209611,-1.880648,-0.20696,-0.049595,0.293602,-0.611846,0.54585,0.572436,-0.032124,-0.740142,0.671633,0.791045,0.391857,0.469637,0.033204,-0.032816,0.023805,0.395657,-0.633671,-0.109479,0.284269,0.023713,0.029311,-0.01005,0.605767,-0.568048,0.557106,0.077909,0.739181,0.668984,-0.791818,-0.361845,0.492027,0.008667,-0.015925,0.012962,-0.00848,-1.686781,2.16274,0.138346,0.073545,0.047238,-0.091762,0.199304,0.461879,-0.864259,-0.140915,0.886295,0.44116,0.969752,0.033863,0.241728,-0.005809,-0.029249,0.060893,0.009955,0.967042,0.269959,-1.026627
527,0.14184,-0.009455,0.23143,-0.28409,-0.426259,-0.85886,0.005539,-0.896473,0.443033,-0.958442,0.121628,0.258113,-0.011746,-0.059316,0.118542,0.016841,0.791546,0.370805,-1.861017,-0.206063,-0.050794,0.29464,-0.635742,0.541293,0.550295,-0.048436,-0.73936,0.671516,0.771135,0.399572,0.495536,0.033975,-0.041833,0.034821,0.438683,-1.153717,0.466073,0.343634,0.024181,0.028688,-0.00951,0.630469,-0.563823,0.53349,0.095151,0.738252,0.667779,-0.770359,-0.370252,0.519094,0.016987,-0.020806,0.017548,0.549585,-1.267874,0.477008,0.233708,0.073278,0.045966,-0.089322,0.230726,0.456469,-0.859302,-0.137503,0.889564,0.435623,0.963253,0.017647,0.268012,-0.006026,-0.03014,0.058464,0.023203,0.98942,0.237274,-1.016829
528,0.141589,-0.010698,0.233728,-0.296706,-0.422787,-0.856307,0.003362,-0.897133,0.441716,-0.954608,0.128701,0.268676,-0.012062,-0.060758,0.115304,-0.081112,0.722037,0.016117,-1.846196,-0.205473,-0.051533,0.295286,-0.646524,0.547602,0.531158,-0.070549,-0.736054,0.673187,0.760395,0.397066,0.513809,0.03405,-0.041577,0.03513,0.587115,-0.798806,0.970096,0.357593,0.02445,0.028351,-0.009212,0.640508,-0.568109,0.516721,0.114513,0.73599,0.667237,-0.759365,-0.368199,0.536464,0.017139,-0.02094,0.017359,3.617398,2.909686,2.612129,0.265059,0.073158,0.045374,-0.088215,0.244112,0.454164,-0.856821,-0.135721,0.890856,0.433537,0.960202,0.010457,0.279108,-0.00612,-0.030515,0.057464,0.059706,0.84329,0.371361,-1.012094
529,0.141177,-0.013013,0.238071,-0.321265,-0.415315,-0.851086,-0.000329,-0.898669,0.438596,-0.946604,0.141696,0.289638,-0.01225,-0.061264,0.113166,-0.087286,0.566191,0.138624,-1.838044,-0.204292,-0.053162,0.296632,-0.644974,0.5849,0.491826,-0.146327,-0.726073,0.671818,0.750844,0.360599,0.553232,0.033883,-0.043494,0.03243,0.610208,-0.782183,0.206822,0.350529,0.025055,0.027526,-0.008518,0.636629,-0.607364,0.475195,0.192463,0.721838,0.66476,-0.746766,-0.331748,0.576439,0.017141,-0.02721,0.020422,0.943268,-0.684217,0.278212,0.290043,0.072947,0.044188,-0.086001,0.269961,0.450269,-0.851104,-0.132137,0.892884,0.43046,0.953761,-0.003745,0.300541,-0.006228,-0.030863,0.056227,-0.023688,0.819501,0.049055,-1.010787
530,0.140872,-0.015038,0.24229,-0.346593,-0.408981,-0.844188,-0.002468,-0.89956,0.436758,-0.937596,0.153964,0.311826,-0.011812,-0.048218,0.10684,0.062104,0.779186,0.29667,-1.830373,-0.203297,-0.055354,0.297847,-0.627585,0.608413,0.48576,-0.211085,-0.733417,0.646125,0.75015,0.302194,0.588063,0.017341,-0.062966,0.029957,0.612083,-0.80627,0.021526,0.281953,0.025566,0.026423,-0.007886,0.618772,-0.629858,0.469466,0.257278,0.727136,0.636459,-0.742245,-0.27304,0.61198,0.008579,-0.03189,0.014405,0.569659,-0.793288,0.025793,0.243668,0.072789,0.043149,-0.083854,0.295065,0.448404,-0.843723,-0.129731,0.893662,0.429576,0.946628,-0.017296,0.32186,-0.00598,-0.024179,0.053327,0.005261,0.700758,0.243324,-1.01438
531,0.140802,-0.015936,0.244285,-0.356068,-0.406494,-0.841442,-0.004071,-0.899763,0.436328,-0.934023,0.159288,0.319773,-0.011971,-0.048909,0.105126,-0.084518,0.595064,-0.070626,-1.821294,-0.202981,-0.056717,0.298334,-0.630084,0.596753,0.496861,-0.220749,-0.750991,0.622267,0.745256,0.281648,0.604261,0.01653,-0.069636,0.02072,1.380689,0.577377,-2.410686,0.21879,0.025718,0.025774,-0.007642,0.62077,-0.620795,0.478808,0.266811,0.741561,0.615547,-0.737194,-0.254362,0.625974,0.000459,-0.040125,0.015216,0.727851,-0.822559,-0.307881,0.190436,0.072759,0.04272,-0.082894,0.305648,0.446322,-0.841056,-0.128534,0.894583,0.428017,0.943428,-0.022719,0.330795,0.001913,-0.019303,0.048093,-0.00137,0.536275,0.169688,-1.016666
532,0.14085,-0.017548,0.248054,-0.375231,-0.401887,-0.835304,-0.006304,-0.900011,0.435788,-0.926458,0.169282,0.336222,0.003811,-0.038988,0.094508,0.043667,0.628132,0.231114,-1.818789,-0.202719,-0.060065,0.298897,-0.647971,0.560146,0.516102,-0.213871,-0.784036,0.582649,0.731812,0.266457,0.627148,-0.001065,-0.096076,0.008093,0.582487,-0.644466,-0.505647,0.159064,0.025857,0.02412,-0.007342,0.641038,-0.582839,0.499367,0.259198,0.776807,0.573921,-0.722416,-0.238471,0.649034,-0.000894,-0.043344,-0.001237,0.666691,-0.704678,-0.564642,0.062743,0.072777,0.04191,-0.081005,0.323932,0.44556,-0.834591,-0.125985,0.894616,0.428706,0.937654,-0.033725,0.345929,0.001855,-0.019466,0.047316,0.05155,0.646741,0.285585,-1.013727
533,0.141057,-0.018935,0.251663,-0.394317,-0.401406,-0.8267,-0.007116,-0.898217,0.439462,-0.918472,0.179664,0.352359,0.003757,-0.038917,0.093656,-0.130311,0.288727,-0.027702,-1.818652,-0.202999,-0.064133,0.298609,-0.661474,0.537203,0.523312,-0.208248,-0.8018,0.560074,0.721284,0.260822,0.641548,-0.003421,-0.098395,-0.020207,0.344969,-0.32077,-0.575861,0.158053,0.025724,0.022125,-0.007476,0.655764,-0.560716,0.505539,0.253706,0.794346,0.551948,-0.711059,-0.23369,0.663161,-0.009886,-0.049453,-0.00999,0.514907,-0.279748,-0.873013,0.032207,0.072879,0.041226,-0.079235,0.344509,0.446597,-0.82575,-0.125561,0.893613,0.430915,0.930347,-0.044772,0.363933,0.009851,-0.013878,0.043053,-0.088563,0.292798,0.029231,-1.021238
534,0.141321,-0.020084,0.254994,-0.413515,-0.397213,-0.819312,-0.007547,-0.898314,0.439258,-0.909967,0.188312,0.369493,0.019531,-0.02889,0.083403,0.031837,0.492839,0.18937,-1.817868,-0.203545,-0.067516,0.297489,-0.66476,0.506383,0.549237,-0.194437,-0.827039,0.527385,0.722121,0.243158,0.647517,-0.021053,-0.077143,-0.038588,0.724618,1.750546,-2.402679,0.159139,0.025448,0.020368,-0.008056,0.663082,-0.529779,0.528825,0.240904,0.819915,0.51933,-0.708722,-0.216962,0.671297,-0.002366,-0.038942,-0.020224,0.08479,-0.043229,-0.401821,0.027308,0.073006,0.040639,-0.07753,0.362804,0.446165,-0.818113,-0.124717,0.89328,0.431851,0.923481,-0.054645,0.37973,0.001861,-0.014063,0.042013,0.156529,0.681243,0.289904,-1.01536
535,0.141439,-0.020664,0.256638,-0.421109,-0.397013,-0.815533,-0.008099,-0.897451,0.441009,-0.906466,0.192806,0.375729,0.003764,-0.0283,0.08333,-0.012879,0.422275,0.096237,-1.816912,-0.203994,-0.068861,0.296524,-0.655724,0.498122,0.567354,-0.201371,-0.83953,0.504551,0.72845,0.215975,0.65006,-0.021978,-0.068166,-0.050692,3.663992,2.55692,2.859087,0.160159,0.025223,0.019691,-0.008535,0.655614,-0.517306,0.550058,0.241054,0.83373,0.496775,-0.715585,-0.193099,0.671304,-0.01103,-0.034497,-0.025915,0.184784,0.713523,-1.12285,0.027961,0.073071,0.040348,-0.076709,0.370581,0.44684,-0.814249,-0.124106,0.892629,0.433369,0.92047,-0.059545,0.386247,0.00962,-0.014907,0.040793,0.078808,0.532727,0.219224,-1.016013
536,0.141654,-0.021792,0.259745,-0.435691,-0.394911,-0.808866,-0.015076,-0.895305,0.445168,-0.899445,0.206636,0.385134,0.003275,-0.030878,0.078691,-0.024043,0.294068,0.210494,-1.810156,-0.205135,-0.07133,0.293953,-0.610726,0.49518,0.617901,-0.236786,-0.858745,0.45434,0.756353,0.130551,0.640898,-0.04023,-0.062685,-0.068525,1.32265,1.014209,-0.1131,0.15859,0.024669,0.018477,-0.009781,0.612439,-0.513969,0.600628,0.276405,0.851059,0.446427,-0.74062,-0.107393,0.663286,-0.020139,-0.031402,-0.034207,0.989245,1.874068,-2.958564,0.027798,0.073179,0.039788,-0.07515,0.385059,0.447112,-0.807352,-0.116872,0.891389,0.43791,0.915461,-0.074264,0.395493,0.001603,-0.01537,0.039457,0.081633,0.55237,0.152677,-1.015197
537,0.141803,-0.022804,0.262642,-0.449192,-0.386464,-0.805554,-0.028735,-0.89491,0.44529,-0.892432,0.223644,0.391888,0.0033,-0.020454,0.068812,-0.068028,0.250968,-0.037551,-1.792636,-0.2062,-0.07341,0.290809,-0.56893,0.490322,0.660222,-0.264332,-0.869158,0.417884,0.779435,0.062622,0.623235,-0.025418,-0.043602,-0.092763,3.704431,2.945694,2.412115,0.155502,0.024121,0.017406,-0.01138,0.572818,-0.506433,0.644518,0.303001,0.861433,0.407581,-0.761622,-0.038181,0.646894,-0.012426,-0.027076,-0.04185,0.225651,0.878857,-0.966801,0.024369,0.073254,0.039269,-0.073674,0.400647,0.439926,-0.803707,-0.103486,0.893302,0.43738,0.910369,-0.092063,0.403425,0.001585,-0.010357,0.034212,-0.086616,0.223571,-0.04874,-1.014053
538,0.14185,-0.023268,0.263994,-0.459244,-0.378639,-0.8036,-0.04046,-0.894773,0.444653,-0.886835,0.237184,0.396605,0.003154,-0.021222,0.067409,-0.085515,0.105385,0.103399,-1.785402,-0.206577,-0.074347,0.289075,-0.547257,0.491869,0.677176,-0.279986,-0.869977,0.405811,0.789405,0.031875,0.612933,-0.008393,-0.040477,-0.089906,0.021181,0.658479,-0.947479,0.153439,0.023934,0.016944,-0.012226,0.548606,-0.511211,0.661584,0.323526,0.859449,0.395825,-0.770948,-0.003113,0.636889,-0.004196,-0.020484,-0.045261,1.062548,1.399297,-0.158051,0.02192,0.073276,0.039045,-0.073023,0.41183,0.4335,-0.801544,-0.091991,0.894883,0.436716,0.906605,-0.106117,0.408418,0.001368,-0.016652,0.037114,-0.151208,0.100424,0.081093,-1.012747
539,0.141917,-0.024021,0.266465,-0.488503,-0.360599,-0.794593,-0.06012,-0.894558,0.442859,-0.8699,0.264552,0.416309,0.002786,-0.023252,0.063967,0.163786,0.626722,0.399863,-1.7735,-0.206898,-0.075593,0.285811,-0.503647,0.513002,0.695097,-0.318618,-0.858095,0.402603,0.803614,-0.019335,0.594722,-0.007284,-0.032292,-0.078765,-0.002836,0.912153,-0.370615,0.15322,0.023762,0.016294,-0.013909,0.505062,-0.529652,0.681454,0.361136,0.846806,0.390512,-0.783895,0.048865,0.618966,-0.003809,-0.010592,-0.043335,0.612238,0.998299,1.081066,0.01947,0.073311,0.038661,-0.071762,0.441685,0.421064,-0.792223,-0.072122,0.896831,0.436453,0.894266,-0.135638,0.426485,0.001342,-0.011718,0.031852,0.109851,0.557132,0.365211,-1.010461
540,0.142043,-0.024549,0.268534,-0.517255,-0.336882,-0.786768,-0.085011,-0.894519,0.438842,-0.850977,0.294291,0.435039,0.002443,-0.01518,0.050969,-1.091373,1.634437,0.821514,-1.763476,-0.206915,-0.07611,0.282638,-0.455043,0.53268,0.713567,-0.346655,-0.844012,0.409156,0.820765,-0.061835,0.567789,0.010563,-0.012046,-0.073876,3.585223,3.021954,3.036455,0.152714,0.023746,0.016022,-0.015506,0.459251,-0.544878,0.701567,0.383985,0.83395,0.396335,-0.801027,0.087374,0.592217,0.005091,-0.000586,-0.041105,-0.462893,1.005377,-0.178656,0.018817,0.073373,0.038405,-0.070744,0.472068,0.402658,-0.78423,-0.048911,0.900184,0.432752,0.880204,-0.165931,0.444643,0.001186,-0.002066,0.021254,-4.431105,3.144239,1.824965,-1.008338
541,0.14214,-0.025049,0.270142,-0.546031,-0.313056,-0.777104,-0.108457,-0.893358,0.436027,-0.830058,0.322752,0.454821,0.001452,-0.021124,0.042211,0.122577,0.55551,0.120552,-1.751913,-0.206463,-0.075882,0.279688,-0.422084,0.538203,0.729503,-0.34041,-0.839822,0.422792,0.840715,-0.070541,0.536737,0.011603,0.008083,-0.067591,-0.410554,0.803204,0.211441,0.152824,0.023972,0.016127,-0.016986,0.423582,-0.55146,0.718658,0.382817,0.827995,0.409723,-0.820992,0.101564,0.561832,0.014101,0.009651,-0.038077,-0.54943,0.985544,0.404514,0.017674,0.073422,0.03816,-0.069932,0.505885,0.381459,-0.773672,-0.024168,0.902822,0.429334,0.862262,-0.198495,0.465943,0.000788,-0.005038,0.016943,0.248535,0.672283,0.227667,-1.008012
542,0.142175,-0.025299,0.270743,-0.558271,-0.299884,-0.773595,-0.118099,-0.894192,0.431792,-0.820539,0.332786,0.464753,0.001142,-0.013007,0.029646,0.242047,0.693799,0.242906,-1.745273,-0.206083,-0.075439,0.278279,-0.406051,0.54236,0.7355,-0.336089,-0.836976,0.431798,0.850278,-0.072531,0.52118,0.011863,0.023469,-0.06861,-0.365608,0.772627,0.253646,0.152779,0.024161,0.016342,-0.01769,0.407378,-0.555062,0.725223,0.378535,0.825304,0.419027,-0.831115,0.10382,0.546321,0.01448,0.011969,-0.03429,-0.520931,0.957117,0.39308,0.018327,0.07344,0.038033,-0.069625,0.518999,0.370883,-0.77012,-0.014477,0.904647,0.425914,0.854651,-0.2099,0.47488,0.000449,-0.007128,0.013925,0.246474,0.764822,0.261896,-1.007359
543,0.142193,-0.025841,0.27156,-0.580664,-0.283618,-0.763174,-0.129971,-0.893067,0.43071,-0.803005,0.349636,0.482665,-5.2e-05,-0.020293,0.019209,-0.001708,0.338438,-0.15574,-1.730561,-0.20511,-0.073848,0.275552,-0.368577,0.563259,0.739514,-0.333436,-0.822605,0.460515,0.868163,-0.077541,0.490044,0.029259,0.054468,-0.070803,-0.569612,0.989079,0.593347,0.153391,0.024641,0.017125,-0.019055,0.370538,-0.574102,0.730142,0.376554,0.811451,0.446937,-0.849062,0.10933,0.516854,0.014958,0.022082,-0.030699,-0.438117,0.152591,1.059923,0.018817,0.073449,0.037767,-0.06921,0.545067,0.356278,-0.758925,-0.002724,0.905962,0.423348,0.838387,-0.228686,0.494781,7.5e-05,-0.004449,0.005687,-0.040861,0.397615,-0.313283,-1.007685
544,0.142187,-0.026469,0.27191,-0.601948,-0.266281,-0.75286,-0.141797,-0.892161,0.428853,-0.785123,0.365226,0.500219,-0.000693,-0.014232,0.003775,0.06822,0.334381,-0.078639,-1.72788,-0.203809,-0.071426,0.273125,-0.333036,0.596433,0.730306,-0.328363,-0.79931,0.503204,0.884268,-0.072959,0.461097,0.030059,0.074827,-0.063261,-0.437057,0.77077,0.766126,0.155847,0.025292,0.01833,-0.020269,0.33245,-0.60631,0.722402,0.371363,0.788245,0.49067,-0.866929,0.10515,0.487213,0.015411,0.032543,-0.026426,-0.763862,0.672369,1.425677,0.02094,0.073446,0.037449,-0.069032,0.568164,0.342515,-0.748246,0.009216,0.906557,0.421981,0.822863,-0.246651,0.511916,-0.000347,-0.007067,0.001956,0.067722,0.206019,0.119776,-1.01291
545,0.142158,-0.026798,0.271983,-0.609961,-0.262749,-0.747634,-0.139751,-0.892997,0.427782,-0.779279,0.365734,0.50891,-0.016482,-0.014291,0.003237,0.26176,0.560553,0.298483,-1.727819,-0.203083,-0.06997,0.272041,-0.314183,0.619046,0.719765,-0.326788,-0.782253,0.530304,0.891697,-0.069366,0.447132,0.030588,0.079209,-0.055891,-0.632289,0.628711,1.401522,0.156111,0.025666,0.019087,-0.020833,0.312599,-0.628258,0.712441,0.370201,0.771302,0.517729,-0.874775,0.101905,0.47369,0.015402,0.040058,-0.027184,-0.748472,0.697033,1.51182,0.022573,0.07343,0.037276,-0.068999,0.575292,0.341673,-0.743167,0.007216,0.90642,0.422314,0.817915,-0.248317,0.518991,-0.008291,-0.007419,0.001228,0.208466,0.493114,0.267635,-1.019115
546,0.142111,-0.027532,0.272018,-0.623892,-0.255846,-0.738476,-0.141495,-0.892323,0.428615,-0.767846,0.372214,0.521437,-0.001209,-0.017372,-0.000739,0.168321,0.386351,0.194339,-1.732552,-0.201351,-0.06679,0.270142,-0.283257,0.659755,0.696047,-0.315021,-0.749412,0.582304,0.906139,-0.055148,0.419207,0.048432,0.07435,-0.038388,-0.654755,1.053046,0.991393,0.155826,0.026497,0.020622,-0.021743,0.281543,-0.666928,0.689884,0.359254,0.739939,0.568705,-0.889758,0.087729,0.447921,0.024064,0.043058,-0.02272,-0.594688,0.854826,1.185448,0.023063,0.073407,0.036912,-0.068986,0.59015,0.336602,-0.733771,0.008979,0.906135,0.422892,0.807243,-0.256158,0.531733,-0.000615,-0.008727,-0.000425,0.308854,0.667638,0.138438,-1.029403
547,0.14204,-0.028345,0.27212,-0.637148,-0.251546,-0.728569,-0.143129,-0.890209,0.43245,-0.756571,0.380122,0.532104,-0.001327,-0.02807,0.008069,-0.029666,0.118328,-0.010628,-1.734646,-0.199193,-0.063611,0.268747,-0.268628,0.689561,0.672559,-0.290237,-0.723618,0.626158,0.918766,-0.027857,0.393645,0.065556,0.081133,-0.028386,-0.662354,0.833387,1.17163,0.159179,0.027588,0.02224,-0.022462,0.264429,-0.696568,0.666985,0.334936,0.714885,0.613805,-0.904375,0.061089,0.422342,0.03285,0.040788,-0.013856,-0.513767,0.500803,0.912974,0.023716,0.073371,0.036505,-0.068944,0.604827,0.333112,-0.723339,0.010684,0.904835,0.425627,0.796284,-0.265159,0.54371,-0.000527,-0.008187,0.000339,-0.023448,0.054327,0.018285,-1.032668
548,0.141974,-0.029236,0.272381,-0.648154,-0.250251,-0.719246,-0.140364,-0.889042,0.435745,-0.747683,0.383693,0.542011,-0.000958,-0.025815,0.011303,-0.046358,0.09375,-0.018642,-1.73619,-0.196535,-0.060311,0.267965,-0.271376,0.724943,0.633091,-0.262255,-0.688479,0.676131,0.926345,0.016548,0.376131,0.065715,0.088352,-0.017071,-1.610483,-0.521593,0.707223,0.167445,0.028942,0.023921,-0.022862,0.263345,-0.732929,0.627266,0.307346,0.680079,0.665605,-0.914432,0.017504,0.404359,0.032926,0.044502,-0.008054,-1.537147,-0.583173,0.646064,0.03384,0.073337,0.036055,-0.06882,0.615766,0.333527,-0.713856,0.00804,0.903284,0.428966,0.787887,-0.269882,0.55353,-0.000519,-0.013122,0.005341,-0.087735,0.094035,-0.073631,-1.033975
549,0.141943,-0.029755,0.272615,-0.653441,-0.247765,-0.715313,-0.139785,-0.889198,0.435614,-0.743176,0.384942,0.5473,-0.000923,-0.0256,0.011612,0.094923,0.331433,0.127695,-1.738904,-0.195046,-0.058625,0.267789,-0.278172,0.742311,0.60958,-0.248284,-0.668523,0.700976,0.928186,0.042714,0.369472,0.066204,0.080229,-0.004427,-0.427233,-0.938507,3.348954,0.181187,0.029631,0.024705,-0.022945,0.268991,-0.747921,0.606841,0.292591,0.663743,0.688356,-0.917623,-0.007606,0.397376,0.033198,0.040552,-0.001529,-1.394444,-0.857244,0.498954,0.042494,0.073322,0.035806,-0.068706,0.620059,0.333161,-0.710302,0.007523,0.90279,0.430012,0.784518,-0.271977,0.557277,-0.000547,-0.018289,0.010022,0.25096,0.566583,0.276928,-1.030709
550,0.141916,-0.030841,0.273305,-0.660749,-0.246718,-0.708933,-0.139303,-0.887751,0.438709,-0.736775,0.388935,0.5531,-0.00046,-0.022786,0.015669,-0.024991,0.108464,0.016565,-1.740411,-0.192346,-0.055607,0.267899,-0.294017,0.76846,0.568344,-0.225566,-0.633509,0.740082,0.929121,0.088433,0.358856,0.066379,0.07269,0.00858,-0.219797,-0.367848,1.892766,0.216235,0.030988,0.026228,-0.022896,0.281656,-0.775107,0.565577,0.26885,0.629581,0.728935,-0.92108,-0.053254,0.385712,0.033237,0.036554,0.004619,-0.449102,0.083562,1.203518,0.077765,0.073308,0.035264,-0.068368,0.62838,0.332076,-0.703464,0.007023,0.901847,0.431997,0.777874,-0.276399,0.564371,-0.000335,-0.016982,0.011907,-0.058396,0.132006,0.013655,-1.034465
551,0.141887,-0.031978,0.274196,-0.669343,-0.243364,-0.701997,-0.139205,-0.887043,0.440169,-0.728993,0.392643,0.560738,-0.000361,-0.032182,0.026384,0.09366,0.386582,0.167674,-1.740079,-0.189797,-0.052978,0.268567,-0.341627,0.777953,0.527325,-0.188578,-0.6063,0.772511,0.921101,0.163489,0.35314,0.066737,0.066665,0.023876,-0.672609,-0.385016,1.283546,0.259118,0.032288,0.027566,-0.022565,0.328605,-0.78799,0.520662,0.233743,0.601978,0.763535,-0.915086,-0.129201,0.382,0.033354,0.033131,0.01158,-0.822705,-1.984296,1.152696,0.132141,0.073294,0.034687,-0.067918,0.636252,0.331219,-0.696761,0.007095,0.900597,0.434595,0.771448,-0.281455,0.570657,-3.1e-05,-0.010109,0.009684,0.29263,0.539006,0.318526,-1.035281
552,0.141839,-0.032495,0.274704,-0.671353,-0.241595,-0.700688,-0.140059,-0.887013,0.439959,-0.726979,0.393801,0.562539,0.000219,-0.018658,0.021613,-0.044323,0.05844,0.018076,-1.739583,-0.188643,-0.051697,0.269084,-0.367901,0.778587,0.508372,-0.171604,-0.594061,0.785861,0.914306,0.200898,0.351495,0.066462,0.067901,0.025209,-3.228869,-4.255727,-0.752077,0.27821,0.032865,0.028209,-0.022303,0.350084,-0.791527,0.500924,0.220011,0.589286,0.77739,-0.910514,-0.161943,0.380444,0.025099,0.034259,0.013752,-0.007836,-0.293085,0.911672,0.160064,0.073269,0.034421,-0.067665,0.639671,0.328399,-0.694962,0.007865,0.901292,0.433138,0.768607,-0.282533,0.573948,-2.8e-05,-0.015076,0.014652,-0.11704,0.053959,-0.039437,-1.034138
553,0.141748,-0.03328,0.275733,-0.677818,-0.233451,-0.697215,-0.141769,-0.888983,0.435411,-0.72062,0.394258,0.570346,0.000602,-0.016315,0.024958,-0.032514,0.078455,0.030611,-1.73763,-0.186549,-0.049405,0.270484,-0.411135,0.783962,0.465148,-0.153796,-0.56249,0.812333,0.898974,0.26145,0.351215,0.051119,0.048543,0.046221,-0.205842,-1.635701,3.113586,0.311938,0.033919,0.029362,-0.02161,0.394822,-0.796064,0.458689,0.196954,0.560979,0.804059,-0.897398,-0.22712,0.378275,0.025212,0.029878,0.019056,-1.314255,-1.210259,0.382508,0.21101,0.073224,0.034029,-0.06715,0.647209,0.321242,-0.69132,0.009295,0.903479,0.428529,0.762255,-0.283774,0.581754,0.000303,-0.00805,0.012633,-0.072724,0.042271,0.013857,-1.033322
554,0.141709,-0.033793,0.276736,-0.687038,-0.22745,-0.690138,-0.141461,-0.889732,0.433979,-0.711895,0.396066,0.579969,0.001087,-0.003369,0.019304,0.209497,0.415173,0.270172,-1.736311,-0.184853,-0.047394,0.272219,-0.459555,0.778816,0.426904,-0.133911,-0.53581,0.833613,0.878526,0.324936,0.34996,0.034325,0.047099,0.044138,-0.277953,-0.198558,0.750968,0.331923,0.034761,0.030361,-0.020751,0.442598,-0.793612,0.417476,0.177467,0.533872,0.826731,-0.878983,-0.291822,0.377131,0.025195,0.023525,0.021354,-0.793318,-2.453848,2.574752,0.24873,0.073204,0.033769,-0.066644,0.655627,0.318374,-0.684682,0.009044,0.903386,0.42873,0.75503,-0.287279,0.589406,0.000453,-0.007133,0.013927,0.181455,0.462222,0.28395,-1.035608
555,0.141706,-0.033953,0.277212,-0.688467,-0.225215,-0.689447,-0.142274,-0.890185,0.432783,-0.710351,0.396322,0.581684,0.000993,-0.013905,0.028336,0.09505,0.295782,0.167499,-1.735779,-0.184219,-0.046647,0.27308,-0.479297,0.774641,0.412549,-0.12661,-0.526047,0.84094,0.869028,0.349845,0.349661,0.034764,0.034675,0.049845,-0.270192,-0.824506,1.063519,0.333485,0.035091,0.030754,-0.020301,0.461644,-0.790731,0.40203,0.169843,0.52362,0.83485,-0.870653,-0.317122,0.376026,0.009245,0.016612,0.024547,-0.523898,-2.596645,2.334817,0.258365,0.073203,0.033688,-0.066399,0.658,0.315577,-0.683699,0.009793,0.904283,0.426818,0.752953,-0.287542,0.591929,0.000499,-0.006846,0.014319,0.164762,0.36519,0.202248,-1.036424
556,0.141751,-0.034121,0.278054,-0.692554,-0.219777,-0.687104,-0.148079,-0.88889,0.433497,-0.705175,0.402235,0.583921,0.001365,0.008323,0.011813,0.001494,-0.014014,0.025224,-1.733053,-0.183097,-0.045313,0.274864,-0.511958,0.764386,0.391924,-0.118595,-0.51465,0.84912,0.851382,0.387263,0.353609,0.034191,0.030813,0.043134,-0.033557,-0.337582,0.29897,0.332836,0.035652,0.031426,-0.019401,0.49427,-0.782066,0.379564,0.162116,0.511894,0.843612,-0.854057,-0.355439,0.379799,0.009009,0.014849,0.021447,-0.17679,-0.508436,-0.059273,0.263916,0.073226,0.033604,-0.065978,0.663369,0.310086,-0.681019,0.015828,0.90408,0.427069,0.748124,-0.294083,0.594831,0.000585,-0.001337,0.010105,-0.045612,-0.013925,0.000713,-1.028423
557,0.141804,-0.034184,0.278738,-0.69635,-0.214094,-0.68506,-0.153801,-0.887811,0.433715,-0.700197,0.407641,0.586157,0.000986,-0.003939,0.018375,-0.033572,0.001481,0.008334,-1.72736,-0.18232,-0.04427,0.276345,-0.53842,0.752459,0.379341,-0.11119,-0.509535,0.853197,0.835941,0.416242,0.357503,0.017673,0.025831,0.036593,-0.61981,-1.490332,-0.465448,0.330405,0.036047,0.031951,-0.018656,0.519766,-0.771908,0.366061,0.155544,0.506832,0.847895,-0.840029,-0.383769,0.383499,0.008989,0.012374,0.017615,-2.116467,-4.675381,-2.006674,0.260977,0.073253,0.033578,-0.065637,0.667871,0.305034,-0.678896,0.021598,0.903829,0.427346,0.743962,-0.300075,0.597054,0.000598,0.00373,0.005272,-0.008806,-0.026919,0.019367,-1.025974
558,0.141832,-0.034168,0.279316,-0.698732,-0.212435,-0.683148,-0.154148,-0.887781,0.433654,-0.697743,0.408573,0.58843,0.000882,-0.004563,0.017458,-0.032452,0.003419,0.009546,-1.718578,-0.181844,-0.04334,0.27765,-0.548973,0.747706,0.373572,-0.109009,-0.507041,0.854962,0.829347,0.427677,0.359359,0.017402,0.023288,0.032425,-0.003077,0.028661,-0.041745,0.329451,0.036284,0.032415,-0.018006,0.531813,-0.766605,0.359848,0.152418,0.504625,0.849777,-0.833032,-0.397075,0.38521,0.008644,0.011153,0.015483,-0.005419,0.044368,-0.070678,0.260324,0.073266,0.033584,-0.065351,0.67046,0.303757,-0.676915,0.021871,0.903863,0.42726,0.741623,-0.301265,0.59936,0.000425,-0.002318,0.008676,-0.047275,-0.012449,0.002056,-1.019442
559,0.141849,-0.034162,0.279558,-0.700143,-0.213403,-0.681399,-0.153616,-0.886948,0.435542,-0.696444,0.409876,0.589063,0.001021,0.006262,0.008805,0.000609,-0.01548,0.024302,-1.713526,-0.181641,-0.042854,0.278246,-0.549832,0.748545,0.370616,-0.111076,-0.50516,0.855809,0.828504,0.428432,0.360402,0.001322,0.021248,0.030731,0.005298,-0.045368,0.073399,0.328843,0.036385,0.032651,-0.017718,0.532557,-0.767453,0.356927,0.154398,0.502715,0.850551,-0.832191,-0.397859,0.386218,0.000646,0.010733,0.01552,0.004636,-0.045272,0.070789,0.259671,0.073274,0.033587,-0.06523,0.671604,0.305047,-0.675199,0.02147,0.902915,0.429282,0.740599,-0.302804,0.599851,0.000477,0.002978,0.004187,0.003472,-0.12751,0.19122,-1.020748
560,0.141877,-0.034171,0.279992,-0.704001,-0.20784,-0.679139,-0.158821,-0.885958,0.43569,-0.69137,0.414842,0.591557,0.000529,-0.006709,0.014409,0.186535,0.397873,0.222092,-1.70508,-0.181434,-0.041953,0.279291,-0.550267,0.749124,0.368795,-0.112675,-0.504125,0.85621,0.827999,0.428637,0.361318,0.001229,0.020208,0.028922,-0.006892,0.059031,-0.09543,0.320616,0.036495,0.033107,-0.017187,0.532968,-0.768047,0.355032,0.155986,0.501586,0.850928,-0.831632,-0.398138,0.387134,0.000591,0.010009,0.014321,0.004959,-0.045904,0.072795,0.255752,0.073289,0.033585,-0.065009,0.674512,0.302089,-0.673628,0.026767,0.901842,0.431234,0.737778,-0.308903,0.600218,0.000405,0.002535,0.003553,0.001674,-0.016724,0.024261,-1.02777
561,0.141896,-0.034169,0.280441,-0.705255,-0.208598,-0.677604,-0.1587,-0.885058,0.43756,-0.690119,0.416382,0.591936,0.000969,0.005957,0.008331,0.000626,-0.015425,0.024336,-1.687913,-0.181283,-0.04093,0.28025,-0.552258,0.748338,0.367411,-0.115615,-0.505074,0.855258,0.826268,0.428894,0.364959,0.001238,0.020789,0.029443,-0.003716,0.042787,-0.071762,0.310493,0.036571,0.033623,-0.016702,0.535005,-0.767252,0.353685,0.158939,0.502566,0.849802,-0.829763,-0.398435,0.390822,0.0006,0.010325,0.014617,-0.017203,0.046617,-0.068243,0.241872,0.073297,0.033582,-0.064791,0.677274,0.301056,-0.671315,0.026708,0.901785,0.431357,0.735246,-0.310077,0.602715,0.000451,0.002813,0.003935,-0.001737,-0.01916,0.022466,-1.031036
562,0.141921,-0.034186,0.280667,-0.705087,-0.208376,-0.677847,-0.159181,-0.884977,0.437548,-0.69018,0.416665,0.591666,0.000729,-0.005467,0.016117,-0.0348,-0.000611,0.007022,-1.683474,-0.181235,-0.040373,0.280693,-0.553708,0.746919,0.368118,-0.116906,-0.50729,0.85377,0.825116,0.428753,0.367717,0.000404,0.030626,0.019291,0.048544,0.032043,-0.088768,0.307984,0.036595,0.033881,-0.016492,0.536562,-0.765839,0.354388,0.160348,0.504838,0.848189,-0.828485,-0.398282,0.393678,0.000546,0.009492,0.013376,-0.014211,0.061147,-0.125953,0.23632,0.073311,0.033575,-0.064675,0.677107,0.300828,-0.671585,0.027202,0.901769,0.431361,0.735381,-0.310346,0.602411,0.000345,-0.002818,0.007939,-0.034579,-0.001456,0.006276,-1.029076
