frame,MLTx,MLTy,MLTz,MLTR1,MLTR2,MLTR3,MLTR4,MLTR5,MLTR6,MLTR7,MLTR8,MLTR9,MLTTVx,MLTTVy,MLTTVz,MLTRVx,MLTRVy,MLTRVz,MLGA,MRTx,MRTy,MRTz,MRTR1,MRTR2,MRTR3,MRTR4,MRTR5,MRTR6,MRTR7,MRTR8,MRTR9,MRTTVx,MRTTVy,MRTTVz,MRTRVx,MRTRVy,MRTRVz,MRGA,SLTx,SLTy,SLTz,SLTR1,SLTR2,SLTR3,SLTR4,SLTR5,SLTR6,SLTR7,SLTR8,SLTR9,SLTTVx,SLTTVy,SLTTVz,SLTRVx,SLTRVy,SLTRVz,SLGA,SRTx,SRTy,SRTz,SRTR1,SRTR2,SRTR3,SRTR4,SRTR5,SRTR6,SRTR7,SRTR8,SRTR9,SRTTVx,SRTTVy,SRTTVz,SRTRVx,SRTRVy,SRTRVz,SRGA
659,0.125659,-0.007268,0.358125,-0.636163,0.056375,-0.769522,-0.183022,-0.979879,0.079449,-0.748772,0.191306,0.634642,3e-06,1.4e-05,1.2e-05,-0.00536,0.092075,-0.176215,-1.033991,-0.155769,0.016402,0.337818,0.347926,0.923656,0.160619,-0.652695,0.115792,0.748677,0.672471,-0.36648,0.642915,-0.012173,-0.012433,0.008266,-0.032555,-0.583944,0.780321,-1.410415,0.041789,0.02927,-0.007846,-0.522027,-0.831768,0.188806,0.652398,-0.246797,0.716566,-0.54942,0.497244,0.671479,1e-05,-0.000158,-0.000101,0.003847,-1.680054,2.183633,-0.862788,0.078325,0.021109,-0.060756,-0.704413,0.0187,-0.709543,-0.063375,-0.997317,0.036632,-0.706954,0.070771,0.703708,-2e-06,6e-06,6e-06,1.6e-05,-1.3e-05,-2.2e-05,-0.867419
660,0.125678,-0.007278,0.358118,-0.636073,0.056514,-0.769586,-0.183119,-0.979871,0.079325,-0.748825,0.191306,0.63458,-2e-06,-1.2e-05,-1e-05,0.0,0.0,0.0,-1.03174,-0.155847,0.016067,0.338057,0.38151,0.912548,0.147302,-0.643502,0.147935,0.750969,0.663011,-0.382437,0.643445,0.00117,-0.012562,0.006969,0.031389,0.236826,0.466088,-1.410233,0.041745,0.029101,-0.00772,-0.553309,-0.814152,0.176082,0.63663,-0.277008,0.7197,-0.537169,0.510316,0.671584,0.000586,-0.006282,0.003499,0.033447,0.232954,0.475555,-0.867361,0.078334,0.021104,-0.06076,-0.704403,0.018724,-0.709552,-0.063391,-0.997316,0.036614,-0.706963,0.07077,0.7037,-1e-06,-0.0,-1e-06,2e-05,2e-06,-1.4e-05,-0.867745
661,0.125688,-0.007278,0.358105,-0.636137,0.056411,-0.769541,-0.183028,-0.979882,0.0794,-0.748793,0.19128,0.634625,-0.0,-2e-06,-1e-06,0.0,0.0,0.0,-1.022365,-0.1558,0.015687,0.338351,0.419834,0.897841,0.132711,-0.631191,0.183905,0.753466,0.651545,-0.401224,0.643717,0.001053,-0.01021,0.008833,-0.035953,0.012232,-0.015612,-1.410376,0.041769,0.028907,-0.007576,-0.588647,-0.791738,0.163233,0.617258,-0.309823,0.723188,-0.522002,0.52646,0.671083,0.000525,-0.005052,0.004477,-0.033703,0.018205,-0.025654,-0.865238,0.078339,0.021104,-0.060766,-0.70445,0.018612,-0.709508,-0.063293,-0.99732,0.03668,-0.706924,0.070746,0.703741,1e-06,8e-06,8e-06,7e-06,-7e-06,-1.8e-05,-0.867745
662,0.12568,-0.007271,0.358123,-0.636138,0.056415,-0.76954,-0.183049,-0.979877,0.079414,-0.748787,0.191306,0.634625,0.000225,0.001171,0.000939,0.0,0.0,0.0,-1.01831,-0.155735,0.015163,0.338824,0.462637,0.878615,0.118295,-0.615378,0.22235,0.756178,0.637491,-0.423735,0.643364,0.002078,-0.019852,0.01813,-0.081318,-0.521929,0.627899,-1.410047,0.041801,0.028652,-0.007348,-0.627159,-0.763986,0.151647,0.594482,-0.343718,0.726945,-0.503252,0.546061,0.669742,0.000522,-0.004954,0.004564,-0.06754,-1.741473,2.106002,-0.862789,0.078334,0.021105,-0.060759,-0.704452,0.018615,-0.709507,-0.063313,-0.997318,0.036696,-0.706921,0.070772,0.703741,0.00013,0.000685,0.000549,0.00079,-0.013346,0.025525,-0.867908
663,0.125669,-0.00727,0.358124,-0.636151,0.056395,-0.769531,-0.183036,-0.979878,0.079432,-0.74878,0.191306,0.634633,3e-06,1.7e-05,1.4e-05,0.0,0.0,0.0,-1.015249,-0.155666,0.014883,0.339081,0.478456,0.87087,0.112499,-0.60853,0.236619,0.757389,0.632353,-0.43193,0.642985,0.002123,-0.020727,0.017449,-0.056168,0.132046,0.05854,-1.410052,0.041835,0.028514,-0.007217,-0.641326,-0.75332,0.145635,0.584515,-0.35673,0.728755,-0.497034,0.552496,0.669107,0.000501,-0.004613,0.004827,0.020323,0.39686,0.293462,-0.863932,0.07833,0.021109,-0.060756,-0.704461,0.018593,-0.709498,-0.063298,-0.997319,0.036712,-0.706913,0.070772,0.703749,-2e-06,1e-06,-0.0,4e-06,-5e-06,-1.3e-05,-0.867745
664,0.125638,-0.007266,0.358127,-0.636188,0.056336,-0.769505,-0.182995,-0.979881,0.079484,-0.748758,0.191306,0.634658,0.0,0.0,0.0,0.0,0.0,0.0,-0.992298,-0.155515,0.014399,0.339539,0.524736,0.845246,0.101004,-0.589272,0.275195,0.759579,0.613562,-0.459158,0.642323,0.00102,-0.009514,0.009402,0.536699,4.316322,3.632059,-1.410151,0.041911,0.028269,-0.006984,-0.677612,-0.722738,0.13598,0.560155,-0.387418,0.732211,-0.476516,0.572325,0.667365,0.001053,-0.01016,0.008906,-0.0219,0.391103,0.292901,-0.869484,0.078314,0.021111,-0.060755,-0.704488,0.018529,-0.709472,-0.063253,-0.99732,0.036761,-0.70689,0.070774,0.703772,-0.0,-3e-06,-3e-06,9e-06,6e-06,-6e-06,-0.866602
665,0.125624,-0.007285,0.358112,-0.636157,0.056382,-0.769526,-0.183027,-0.979879,0.079443,-0.748776,0.191306,0.634637,-4.6e-05,-0.00024,-0.000192,0.0,0.0,0.0,-0.982253,-0.155358,0.014042,0.339855,0.544808,0.833088,0.095597,-0.579531,0.291819,0.760867,0.605274,-0.470974,0.641631,0.001069,-0.010453,0.008667,-0.036474,0.009444,-0.018754,-1.409926,0.04199,0.028091,-0.006825,-0.699344,-0.702539,0.131743,0.544973,-0.404803,0.734259,-0.462516,0.585297,0.665962,-1.8e-05,0.000374,0.000304,0.000564,-0.000679,-0.00347,-0.865075,0.078307,0.021101,-0.060763,-0.704465,0.018579,-0.709494,-0.063288,-0.997319,0.036723,-0.70691,0.070773,0.703753,-2.6e-05,-0.000142,-0.000113,1e-05,1.6e-05,-4e-06,-0.865132
666,0.125626,-0.007278,0.358117,-0.634552,0.058029,-0.770729,-0.183201,-0.980043,0.076975,-0.750095,0.189965,0.633481,0.000188,0.000981,0.000787,0.0,-0.0,0.0,-0.983758,-0.155293,0.013889,0.339958,0.556948,0.824858,0.097002,-0.578727,0.301808,0.757575,0.594902,-0.479103,0.645302,1.9e-05,-0.000376,-0.000297,0.047262,-0.019292,-0.015354,-1.410022,0.042022,0.028016,-0.006773,-0.709388,-0.692025,0.13367,0.542193,-0.414633,0.730824,-0.450325,0.590914,0.669347,2e-05,-0.000326,-0.000249,0.025442,-0.021389,-0.018014,-0.87177,0.078307,0.021102,-0.060762,-0.703161,0.02047,-0.710735,-0.06366,-0.997383,0.034256,-0.708174,0.069333,0.702624,0.000128,0.00067,0.00054,-0.001232,0.001243,-0.001319,-0.865786
667,0.125625,-0.007286,0.358124,-0.634486,0.058134,-0.770775,-0.183294,-0.980032,0.076898,-0.750128,0.18999,0.633435,2e-06,1.2e-05,1e-05,0.0,-0.0,0.0,-0.987301,-0.155231,0.013871,0.339952,0.565399,0.819001,0.097743,-0.577482,0.308606,0.755785,0.5881,-0.484792,0.647285,4.8e-05,-0.000927,-0.000731,0.02915,-0.008895,-0.006899,-1.409964,0.042053,0.028003,-0.006773,-0.716364,-0.684611,0.134641,0.539443,-0.421056,0.729186,-0.442517,0.594994,0.670938,0.006708,-0.000235,-0.000782,0.002012,0.006132,0.047317,-0.873239,0.078308,0.0211,-0.060757,-0.70312,0.020575,-0.710772,-0.06376,-0.997378,0.034201,-0.708206,0.069366,0.702589,-1e-06,4e-06,5e-06,-0.000147,0.000145,-0.000166,-0.866439
668,0.125614,-0.007292,0.358119,-0.634433,0.058214,-0.770812,-0.183349,-0.980027,0.076826,-0.750159,0.18999,0.633398,-1.6e-05,-8.6e-05,-6.9e-05,0.0,0.0,0.0,-0.98894,-0.155118,0.013831,0.33991,0.569002,0.816434,0.098305,-0.57794,0.312142,0.753981,0.584162,-0.486854,0.649301,-0.001025,0.009545,-0.009387,0.036775,-0.009543,0.018669,-1.409356,0.04211,0.027979,-0.00679,-0.719278,-0.681403,0.135376,0.538942,-0.424334,0.727654,-0.438382,0.596346,0.672451,0.006726,-0.000595,-0.00107,-0.008726,0.000275,0.004756,-0.882383,0.078302,0.021098,-0.060759,-0.703081,0.020661,-0.710808,-0.063821,-0.997377,0.034137,-0.708239,0.069366,0.702556,-1.3e-05,-6e-05,-4.7e-05,5e-06,-2e-06,-5e-06,-0.867745
669,0.125601,-0.007296,0.358103,-0.634457,0.058172,-0.770796,-0.183301,-0.980035,0.076847,-0.750151,0.189965,0.633415,-0.00016,-0.000835,-0.00067,0.0,0.0,0.0,-0.990477,-0.154885,0.013774,0.339831,0.573579,0.813049,0.099746,-0.576745,0.314525,0.753905,0.580855,-0.490972,0.649166,0.000167,-0.003194,-0.002522,-0.014891,0.118115,-0.194087,-1.409502,0.042226,0.027957,-0.006831,-0.722995,-0.677137,0.136974,0.53723,-0.426409,0.727707,-0.434351,0.599716,0.67207,0.006729,-0.000611,-0.001087,0.001952,-0.01563,0.028897,-0.889242,0.078296,0.021097,-0.060766,-0.703099,0.020615,-0.710792,-0.06377,-0.997379,0.034153,-0.708226,0.069341,0.702571,-0.000108,-0.000554,-0.000442,-0.0,-1.2e-05,-5e-06,-0.868725
670,0.125589,-0.007302,0.358098,-0.632883,0.059767,-0.771966,-0.183432,-0.980197,0.074426,-0.751448,0.188626,0.632277,-0.000263,-0.00137,-0.001099,-0.000777,0.013342,-0.025534,-0.991474,-0.154732,0.013738,0.339789,0.574605,0.812236,0.100467,-0.575025,0.313466,0.755658,0.581544,-0.492995,0.647013,0.000139,-0.002637,-0.002083,-0.023581,0.107586,-0.166008,-1.409492,0.042303,0.027935,-0.006855,-0.723785,-0.676102,0.137909,0.535823,-0.42477,0.7297,-0.434773,0.602042,0.669714,7.5e-05,-0.001383,-0.001096,0.004115,0.103601,-0.16832,-0.890711,0.07829,0.021095,-0.060767,-0.701812,0.022457,-0.712007,-0.064097,-0.997439,0.031719,-0.709472,0.067898,0.701454,-0.00013,-0.000673,-0.000539,-0.002767,0.015321,-0.027647,-0.868398
671,0.125575,-0.007321,0.358083,-0.631177,0.061565,-0.773221,-0.183696,-0.980342,0.071825,-0.752818,0.187289,0.631043,-0.000178,-0.000925,-0.000742,1e-06,-1e-06,1e-06,-0.991827,-0.15431,0.01372,0.339697,0.576894,0.810574,0.10077,-0.571092,0.312217,0.759149,0.583146,-0.496514,0.642867,0.013391,7.8e-05,-0.001153,-0.031592,-0.001134,0.040438,-1.409832,0.042514,0.027923,-0.006903,-0.725686,-0.67398,0.138308,0.532333,-0.422654,0.733474,-0.435891,0.605898,0.665497,0.006694,0.0001,-0.000536,0.011114,-0.006948,0.037004,-0.891691,0.078283,0.021084,-0.060776,-0.700432,0.024509,-0.713297,-0.064572,-0.997487,0.029135,-0.710791,0.066466,0.700255,-0.000115,-0.000599,-0.00048,-0.002761,0.002753,-0.002932,-0.866765
672,0.125549,-0.007329,0.358038,-0.630695,0.065443,-0.773296,-0.189538,-0.979242,0.071646,-0.751774,0.191668,0.630972,-0.000306,-0.00159,-0.001277,-0.000776,0.013344,-0.025533,-0.989462,-0.153791,0.01377,0.339664,0.578046,0.809462,0.103087,-0.570087,0.310375,0.760659,0.582989,-0.499479,0.64071,0.013261,0.002433,0.000705,0.00336,-0.029917,0.053998,-1.40984,0.042769,0.027945,-0.006922,-0.726453,-0.672651,0.140728,0.531984,-0.420806,0.734789,-0.435038,0.608655,0.663536,0.006667,0.000584,-0.000156,0.012204,-0.019284,0.030153,-0.892018,0.07827,0.021082,-0.060798,-0.700411,0.028422,-0.713172,-0.070524,-0.997072,0.029526,-0.710245,0.070976,0.700365,-2e-05,-0.000113,-9.1e-05,0.000247,-3.1e-05,-1e-05,-0.867255
673,0.125536,-0.007333,0.358021,-0.630719,0.0654,-0.77328,-0.18949,-0.979249,0.071667,-0.751766,0.191643,0.63099,-0.000167,-0.000871,-0.000699,-0.0,0.0,0.0,-0.98942,-0.153512,0.013807,0.339667,0.578163,0.809432,0.102665,-0.569872,0.31071,0.760683,0.583082,-0.499319,0.640749,0.026607,0.00329,0.000159,0.004081,-0.030407,0.058493,-1.410089,0.042903,0.027964,-0.006919,-0.726561,-0.672626,0.140288,0.531748,-0.421137,0.734769,-0.435145,0.608454,0.66365,0.006624,0.001331,0.000435,-0.009606,0.086758,-0.140747,-0.892018,0.078263,0.021077,-0.060808,-0.700437,0.028356,-0.713149,-0.070457,-0.997076,0.029556,-0.710227,0.070949,0.700387,-0.000103,-0.000541,-0.000436,0.000128,4e-06,-8.5e-05,-0.866276
674,0.125504,-0.007384,0.357967,-0.630834,0.06522,-0.773202,-0.189346,-0.979266,0.071812,-0.751706,0.191617,0.631069,-0.000287,-0.001494,-0.0012,0.0,0.0,0.0,-0.988974,-0.152983,0.013865,0.33965,0.57913,0.808062,0.107868,-0.570167,0.307062,0.761942,0.581833,-0.503779,0.638388,0.013335,0.001085,-0.000368,0.001863,-0.015129,0.029305,-1.409709,0.043173,0.027997,-0.006924,-0.726963,-0.671076,0.145534,0.532839,-0.4176,0.735997,-0.433135,0.612589,0.661156,0.006668,0.000536,-0.000198,0.00734,-0.019759,0.0318,-0.891854,0.078247,0.021052,-0.060834,-0.700523,0.028157,-0.713073,-0.070296,-0.997084,0.029687,-0.710158,0.070922,0.70046,-0.000177,-0.000926,-0.000745,7e-05,-0.0,-7.1e-05,-0.867909
675,0.125476,-0.007478,0.357892,-0.630529,0.068816,-0.773139,-0.195046,-0.978138,0.071937,-0.750505,0.196064,0.631132,-0.000548,-0.002848,-0.00229,-0.000776,0.013345,-0.025532,-0.991337,-0.152508,0.013943,0.339566,0.58162,0.806382,0.107036,-0.565782,0.306631,0.765377,0.583621,-0.506729,0.634409,0.013347,0.000879,-0.000534,-0.031381,-0.001333,0.040318,-1.41003,0.04341,0.028036,-0.006967,-0.729116,-0.668901,0.144772,0.52863,-0.416084,0.73988,-0.434669,0.61599,0.656976,9e-06,-0.000118,-0.000101,0.000926,0.010721,0.009538,-0.893161,0.078233,0.021008,-0.06087,-0.700613,0.031787,-0.712831,-0.07608,-0.996639,0.030334,-0.709472,0.075484,0.700678,-0.000168,-0.000883,-0.000709,0.000265,-4.4e-05,-7.5e-05,-0.869051
676,0.125429,-0.007563,0.357836,-0.630713,0.068545,-0.773013,-0.194878,-0.978152,0.072199,-0.750395,0.196088,0.631256,-0.00048,-0.002492,-0.002005,-0.000776,0.013344,-0.025532,-0.994921,-0.152147,0.014153,0.339404,0.588478,0.800708,0.112041,-0.562493,0.306079,0.768018,0.57991,-0.515987,0.630337,0.01218,0.012196,-0.008516,0.019206,1.743542,-2.075738,-1.409833,0.043591,0.028136,-0.007045,-0.734808,-0.662121,0.147144,0.523949,-0.416336,0.743062,-0.430735,0.623104,0.652845,0.00667,0.000549,-0.000187,-0.001414,-0.002471,0.041516,-0.894794,0.07821,0.020964,-0.060899,-0.700754,0.031486,-0.712707,-0.075881,-0.996647,0.030578,-0.709355,0.075509,0.700794,-0.000122,-0.000636,-0.00051,0.000119,2e-06,-0.000116,-0.870521
677,0.125393,-0.007587,0.357817,-0.630796,0.06842,-0.772956,-0.194791,-0.978161,0.072313,-0.750348,0.196088,0.631313,-0.000223,-0.001156,-0.000931,0.0,0.0,0.0,-0.995924,-0.151998,0.014273,0.339332,0.590845,0.79904,0.111485,-0.558319,0.305369,0.771338,0.581529,-0.518986,0.626371,0.012135,0.012854,-0.007994,-0.357567,0.139148,0.179121,-1.410335,0.043666,0.028195,-0.007082,-0.735802,-0.66047,0.149578,0.523051,-0.413985,0.745005,-0.430131,0.626414,0.650071,-2.2e-05,0.000419,0.000327,-0.65617,0.221114,0.175793,-0.895773,0.078191,0.020949,-0.060911,-0.700825,0.031328,-0.712644,-0.075767,-0.996652,0.030697,-0.709297,0.075509,0.700853,-0.000104,-0.000545,-0.000436,9.6e-05,9e-06,-9.5e-05,-0.871174
678,0.125298,-0.007646,0.357782,-0.627453,0.071804,-0.775365,-0.195203,-0.978437,0.067288,-0.753039,0.193479,0.628908,-0.000306,-0.001586,-0.001278,0.409583,-0.459756,0.55452,-0.996345,-0.151785,0.014452,0.339198,0.593067,0.797093,0.113604,-0.555499,0.303105,0.774262,0.581965,-0.523294,0.622368,0.013369,0.000398,-0.00092,-0.198035,0.067184,0.095358,-1.410184,0.043772,0.028292,-0.00715,-0.737835,-0.657685,0.151817,0.520211,-0.410765,0.748766,-0.430091,0.631444,0.645212,3.3e-05,-0.000482,-0.000386,-0.285364,0.102163,0.087002,-0.902958,0.078144,0.02092,-0.060927,-0.698204,0.035061,-0.715039,-0.076556,-0.996728,0.025881,-0.711793,0.07281,0.698604,-0.000152,-0.000807,-0.000651,0.459448,-0.509055,0.608104,-0.870521
679,0.125169,-0.007748,0.357778,-0.6256,0.073791,-0.776676,-0.195709,-0.978517,0.064604,-0.754449,0.19232,0.627572,-0.000821,-0.012665,0.007225,-0.035308,0.014885,-0.017414,-0.999202,-0.15171,0.014632,0.339154,0.59896,0.792718,0.113299,-0.551712,0.306128,0.775779,0.579523,-0.528162,0.620533,-0.000132,0.002116,0.001674,-0.00404,0.001662,0.001335,-1.410136,0.043814,0.028378,-0.007175,-0.743005,-0.651866,0.151701,0.515531,-0.412874,0.750841,-0.426814,0.636085,0.642824,-6.9e-05,0.001161,0.000917,0.019629,-0.002956,-0.001985,-0.906877,0.07808,0.020875,-0.060931,-0.696593,0.037479,-0.716486,-0.077302,-0.996741,0.023017,-0.713289,0.071419,0.69722,-0.000236,-0.001218,-0.00098,-0.003563,0.01616,-0.028585,-0.868398
680,0.125108,-0.007813,0.357765,-0.627076,0.075708,-0.7753,-0.195899,-0.978595,0.062819,-0.753173,0.191173,0.629453,-0.000522,-0.002698,-0.002175,0.02568,0.059552,0.030292,-1.00617,-0.151726,0.014711,0.33918,0.59892,0.792712,0.113547,-0.551876,0.305992,0.775717,0.579409,-0.528249,0.620566,-0.000165,0.002638,0.002086,-5e-05,2.1e-05,1.7e-05,-1.41032,0.043806,0.028418,-0.007163,-0.742913,-0.651914,0.151944,0.515822,-0.41287,0.750643,-0.426622,0.636039,0.642998,-9.7e-05,0.001576,0.001247,0.005239,-0.016736,0.023129,-0.907857,0.078049,0.02084,-0.060934,-0.698327,0.039212,-0.714702,-0.077629,-0.996757,0.021163,-0.711555,0.070261,0.699107,-0.007204,-0.000785,-0.000653,0.019013,0.079781,-0.028365,-0.866765
681,0.12502,-0.007975,0.357713,-0.626564,0.076501,-0.775636,-0.19656,-0.978503,0.062205,-0.753428,0.191332,0.629099,-0.00053,-0.002734,-0.002206,5e-06,1.3e-05,6e-06,-1.028397,-0.151783,0.014816,0.33928,0.612736,0.781944,0.114495,-0.546809,0.315052,0.775678,0.56968,-0.538872,0.620439,-0.000222,0.003563,0.002814,0.005851,0.204277,-0.052178,-1.410731,0.043778,0.028471,-0.007112,-0.754107,-0.63857,0.153461,0.509041,-0.420675,0.750939,-0.414969,0.644406,0.642292,-0.000108,0.001778,0.001409,0.006756,0.204271,-0.052437,-0.906714,0.078005,0.020757,-0.060961,-0.697799,0.039973,-0.715176,-0.07837,-0.996708,0.020757,-0.711993,0.070533,0.698634,-0.000323,-0.001675,-0.00135,-0.00066,-0.001493,-0.000763,-0.869541
682,0.124925,-0.008097,0.35764,-0.624928,0.078145,-0.776791,-0.196741,-0.978618,0.059761,-0.754738,0.190069,0.62791,-0.000489,-0.002516,-0.002033,0.037064,-0.041307,0.049816,-1.043264,-0.152015,0.01485,0.339341,0.621578,0.774637,0.116487,-0.544038,0.320063,0.775574,0.56271,-0.546423,0.620196,-0.013327,-0.000844,0.000564,-0.001575,0.01833,-0.026747,-1.410525,0.043666,0.028494,-0.007077,-0.761187,-0.629577,0.155643,0.505184,-0.425119,0.751041,-0.406672,0.650311,0.641647,-0.006656,-0.000482,0.000243,0.004135,0.048937,-0.002064,-0.904754,0.077958,0.020696,-0.060997,-0.696541,0.041729,-0.716301,-0.078733,-0.996723,0.018496,-0.713183,0.06928,0.697545,-0.000172,-0.000903,-0.000731,0.462048,-0.508266,0.60716,-0.870684
683,0.124808,-0.008168,0.357608,-0.623327,0.079733,-0.777915,-0.196877,-0.978734,0.057369,-0.756026,0.188808,0.62674,-0.000225,-0.001154,-0.000933,0.0,-0.0,0.0,-1.042444,-0.152334,0.014798,0.339317,0.635544,0.764268,0.109405,-0.534788,0.333746,0.776241,0.55593,-0.552799,0.620659,-0.013261,-0.001959,-0.000319,-0.001913,0.015766,-0.028023,-1.410785,0.043507,0.028467,-0.00709,-0.773043,-0.616556,0.149203,0.493392,-0.436563,0.752313,-0.398707,0.655186,0.641687,4e-05,-0.000589,-0.000454,0.002172,0.006984,-0.004472,-0.901978,0.077898,0.020658,-0.061016,-0.695139,0.043679,-0.717546,-0.079082,-0.99674,0.015938,-0.714511,0.067824,0.696327,-0.000125,-0.00064,-0.000516,-0.002245,0.002239,-0.002428,-0.871011
684,0.12474,-0.008204,0.357606,-0.62493,0.081451,-0.776449,-0.196916,-0.97882,0.055741,-0.754691,0.187622,0.628703,-0.014036,0.000421,0.00029,0.129112,0.317366,0.124282,-1.042871,-0.152533,0.014774,0.339317,0.652328,0.749942,0.109757,-0.528923,0.34688,0.774499,0.541922,-0.564218,0.622768,-0.013311,-0.001139,0.000327,0.659688,4.283495,3.40294,-1.410908,0.043412,0.028453,-0.007092,-0.782896,-0.603736,0.150252,0.487727,-0.445636,0.750686,-0.386258,0.660991,0.643345,-0.006647,-0.000576,0.000173,0.069265,0.102477,0.038525,-0.90753,0.07787,0.020641,-0.061016,-0.695702,0.044187,-0.716969,-0.079183,-0.99674,0.015405,-0.713952,0.067489,0.696933,-0.000164,-0.000858,-0.000692,0.283426,0.536542,0.487444,-0.868725
685,0.124667,-0.0083,0.357632,-0.624694,0.081845,-0.776598,-0.197339,-0.978747,0.055522,-0.754776,0.187829,0.628538,-0.000156,-0.0008,-0.000648,2.8e-05,6.5e-05,3.3e-05,-1.043608,-0.15296,0.01472,0.339365,0.691557,0.714225,0.107811,-0.514164,0.382103,0.767832,0.506327,-0.587325,0.631305,-0.01332,-0.000991,0.00044,0.444946,-0.050254,-0.078948,-1.410234,0.043194,0.028426,-0.007068,-0.817908,-0.555465,0.149944,0.461993,-0.478741,0.74657,-0.342909,0.6799,0.648188,-0.006654,-0.000485,0.000243,0.707178,1.067194,0.829974,-0.90949,0.077834,0.020596,-0.061007,-0.696633,0.045581,-0.715978,-0.079708,-0.996718,0.014102,-0.712986,0.066893,0.69798,-0.000109,-0.000551,-0.000444,-0.001592,-0.003455,-0.001666,-0.869541
686,0.124638,-0.008387,0.357654,-0.624618,0.081996,-0.776643,-0.197576,-0.9787,0.055505,-0.754776,0.188007,0.628484,-9.4e-05,-0.000481,-0.00039,0.0,0.0,0.0,-1.043118,-0.153295,0.014643,0.3394,0.706544,0.699896,0.104558,-0.506965,0.397707,0.764689,0.492717,-0.594168,0.635654,-0.013316,-0.001074,0.000372,0.034471,0.120561,0.058614,-1.40984,0.043026,0.028387,-0.007051,-0.82923,-0.539152,0.14728,0.452808,-0.4936,0.742511,-0.327629,0.682403,0.65344,7e-06,-9e-06,7e-06,0.027836,0.38085,0.313434,-0.908837,0.077814,0.020549,-0.060992,-0.696576,0.045689,-0.716026,-0.079943,-0.996698,0.014173,-0.713014,0.067114,0.697929,-5.1e-05,-0.00026,-0.000209,4e-06,-6.8e-05,-7.3e-05,-0.870358
687,0.124627,-0.008402,0.357668,-0.624653,0.081955,-0.776619,-0.197587,-0.978694,0.055576,-0.754745,0.188057,0.628507,-1e-06,-7e-06,-6e-06,0.0,0.0,0.0,-1.045497,-0.153395,0.014642,0.339408,0.721887,0.684008,0.104892,-0.499509,0.410346,0.762916,0.477878,-0.603988,0.637725,-6e-06,0.000102,8.1e-05,0.054758,0.097758,0.082323,-1.409598,0.042971,0.028387,-0.007046,-0.840962,-0.520391,0.148238,0.442792,-0.504397,0.741294,-0.310992,0.68904,0.654604,-0.00665,-0.000485,0.00024,0.057648,0.384886,0.278245,-0.912102,0.077808,0.020541,-0.060985,-0.696604,0.045642,-0.716002,-0.079947,-0.996697,0.014246,-0.712987,0.067165,0.697952,6e-06,3.5e-05,3e-05,3.3e-05,-2e-06,-2.6e-05,-0.870684
688,0.124637,-0.008411,0.357674,-0.624651,0.081963,-0.776619,-0.197612,-0.978688,0.055586,-0.75474,0.188083,0.628506,-0.0,-0.0,-0.0,0.0,0.0,0.0,-1.052348,-0.153605,0.014636,0.339448,0.758364,0.641684,0.114532,-0.483748,0.436498,0.758546,0.435788,-0.631458,0.641258,-8.6e-05,0.001511,0.001192,0.284849,1.217805,1.031387,-1.409764,0.042866,0.028381,-0.007029,-0.866692,-0.472749,0.159222,0.422586,-0.526193,0.737929,-0.265074,0.706843,0.655825,-0.006906,0.000593,0.00097,0.698121,4.153826,3.487998,-0.905734,0.077813,0.020538,-0.060982,-0.696603,0.04565,-0.716002,-0.07997,-0.996695,0.014257,-0.712985,0.06719,0.697951,-0.0,1.3e-05,1.1e-05,1.1e-05,-1.7e-05,-3.4e-05,-0.871338
689,0.124625,-0.008416,0.357669,-0.624754,0.081811,-0.776553,-0.197507,-0.978702,0.055724,-0.754682,0.188081,0.628575,-3.2e-05,-0.000164,-0.000132,0.0,0.0,0.0,-1.050878,-0.153509,0.014636,0.339629,0.78412,0.609031,0.119282,-0.472311,0.461173,0.751116,0.401446,-0.646062,0.649082,-0.000172,0.003021,0.002381,1.00555,4.006417,3.471529,-1.409412,0.042914,0.02838,-0.006938,-0.883401,-0.438654,0.164877,0.407655,-0.545814,0.732054,-0.231126,0.713911,0.660992,0.006561,0.002426,0.001312,0.534989,-0.213679,-0.117666,-0.899039,0.077808,0.020535,-0.060984,-0.696681,0.045483,-0.715937,-0.079853,-0.996702,0.014385,-0.712922,0.067191,0.698016,-1.9e-05,-7.9e-05,-6.4e-05,1.2e-05,-6e-06,-2.6e-05,-0.872317
690,0.124621,-0.008437,0.357653,-0.624788,0.08176,-0.776531,-0.197473,-0.978706,0.055769,-0.754663,0.18808,0.628599,-0.000232,-0.001188,-0.000962,0.0,0.0,0.0,-1.05025,-0.153504,0.014659,0.339863,0.802223,0.581979,0.133155,-0.467491,0.473875,0.746209,0.37016,-0.6616,0.65202,-0.000236,0.004145,0.003262,0.040122,-0.012209,-0.012081,-1.409202,0.042917,0.028392,-0.006821,-0.897024,-0.403899,0.179478,0.397628,-0.560179,0.726698,-0.192974,0.723232,0.663096,0.000437,-0.003105,0.006006,-0.048098,-0.010353,0.008424,-0.890221,0.077806,0.020527,-0.06099,-0.696707,0.045427,-0.715915,-0.079813,-0.996705,0.014427,-0.712901,0.067191,0.698037,-0.000134,-0.000683,-0.000552,-0.000762,0.013318,-0.025557,-0.873134
691,0.124609,-0.00845,0.357655,-0.624823,0.081713,-0.776508,-0.19746,-0.978705,0.055829,-0.754638,0.188105,0.628622,-4.8e-05,-0.000244,-0.000197,0.0,0.0,0.0,-1.050996,-0.153418,0.014635,0.339989,0.805048,0.578297,0.132142,-0.465577,0.478173,0.744662,0.366427,-0.661731,0.653992,-0.000192,0.003351,0.002635,0.027975,-0.123695,0.18966,-1.409438,0.04296,0.028383,-0.006755,-0.899079,-0.399756,0.178469,0.394707,-0.563848,0.725452,-0.189374,0.722682,0.664731,-8.5e-05,0.001583,0.001247,-0.013851,-0.118573,0.19457,-0.885486,0.077799,0.020518,-0.060991,-0.696734,0.045375,-0.715892,-0.079795,-0.996705,0.014486,-0.712877,0.067217,0.698059,-2.7e-05,-0.000137,-0.00011,2.2e-05,8e-06,-3e-06,-0.87346
692,0.124597,-0.008481,0.357683,-0.623173,0.083392,-0.777654,-0.197688,-0.978796,0.053388,-0.755942,0.186892,0.627416,-0.0,-0.0,-0.0,0.0,-0.0,0.0,-1.052537,-0.153407,0.014548,0.340136,0.817677,0.560259,0.132305,-0.455767,0.489894,0.743111,0.350481,-0.668622,0.655721,-9.4e-05,0.001637,0.001287,0.02182,0.095858,0.122348,-1.409217,0.042965,0.02834,-0.006682,-0.907656,-0.37959,0.179083,0.38263,-0.572999,0.724752,-0.172494,0.726348,0.665329,0.000571,-0.005535,0.004092,0.010254,0.487261,0.141085,-0.880097,0.077794,0.020503,-0.060977,-0.695392,0.047291,-0.717072,-0.080226,-0.996703,0.012067,-0.714138,0.065919,0.696894,-0.0,9e-06,1.1e-05,-0.000212,0.00023,-0.00024,-0.873624
693,0.124562,-0.00853,0.357709,-0.623289,0.083246,-0.777577,-0.197684,-0.978784,0.053605,-0.755847,0.187017,0.627493,-0.000193,-0.000987,-0.0008,0.0,0.0,0.0,-1.053347,-0.153498,0.014567,0.340172,0.826398,0.54695,0.133806,-0.449701,0.498348,0.741182,0.337658,-0.673364,0.657594,-2.2e-05,0.000388,0.000305,0.012426,-0.005212,-0.004147,-1.409151,0.04292,0.028351,-0.006663,-0.913413,-0.364651,0.180845,0.37481,-0.580267,0.723054,-0.158724,0.72823,0.666698,-4e-06,0.000171,0.000136,-0.015457,-0.001764,-0.002426,-0.884343,0.077777,0.020481,-0.060963,-0.695485,0.047127,-0.716992,-0.080205,-0.996702,0.012287,-0.714049,0.066051,0.696972,-0.00013,-0.000658,-0.000528,-7e-06,6e-06,-2.3e-05,-0.871501
694,0.124534,-0.008618,0.357742,-0.623448,0.083053,-0.77747,-0.197707,-0.978763,0.053915,-0.75571,0.187215,0.627599,-0.000494,-0.010933,0.008624,-0.035307,0.014897,-0.01741,-1.058557,-0.153517,0.014534,0.340122,0.829494,0.542095,0.134406,-0.447183,0.500726,0.741104,0.333395,-0.675519,0.65756,0.000114,-0.002,-0.001572,0.006019,0.033174,0.029435,-1.409775,0.04291,0.028337,-0.006685,-0.915366,-0.359374,0.181533,0.371871,-0.581818,0.723325,-0.154325,0.729615,0.666217,4e-05,-0.00064,-0.000503,0.052506,0.476376,0.160387,-0.884506,0.077762,0.020438,-0.060951,-0.695602,0.046924,-0.716892,-0.080192,-0.996699,0.012571,-0.713936,0.066233,0.69707,-4.6e-05,-0.000224,-0.00018,-6e-06,-1.1e-05,-1.9e-05,-0.871011
695,0.124508,-0.008667,0.357755,-0.621843,0.084664,-0.778581,-0.197883,-0.978855,0.051537,-0.756986,0.186004,0.626421,-0.000195,-0.000998,-0.000809,0.0,-0.0,0.0,-1.061683,-0.153536,0.014505,0.340101,0.832504,0.537244,0.135264,-0.444818,0.502921,0.74104,0.329036,-0.677755,0.657454,7.2e-05,-0.001271,-0.001,0.747538,4.095376,3.633438,-1.409482,0.042901,0.028319,-0.006699,-0.915205,-0.359341,0.182405,0.37248,-0.581552,0.723225,-0.153807,0.729843,0.666087,4.9e-05,-0.000803,-0.000631,2e-06,-0.000268,-0.000234,-0.88418,0.077749,0.020411,-0.06094,-0.694296,0.048762,-0.718035,-0.080576,-0.996695,0.010226,-0.715164,0.064956,0.695931,-0.007029,0.000194,0.000131,-0.002141,0.015851,-0.030776,-0.871338
696,0.124489,-0.008764,0.357794,-0.621766,0.08483,-0.778624,-0.198169,-0.978797,0.05154,-0.756974,0.186233,0.626366,-0.013909,0.001154,0.00088,-0.000984,0.014715,-0.029553,-1.062478,-0.15361,0.014401,0.340027,0.834941,0.533831,0.133751,-0.442603,0.5072,0.739449,0.325843,-0.677258,0.659553,0.000135,-0.002386,-0.001877,-0.024453,-0.549246,0.620417,-1.409635,0.042869,0.028269,-0.006735,-0.918539,-0.349914,0.18397,0.36796,-0.586592,0.721466,-0.144537,0.730389,0.667562,9.9e-05,-0.001677,-0.001317,-0.00807,0.015709,-0.024131,-0.881077,0.077745,0.020361,-0.060922,-0.694241,0.048949,-0.718075,-0.08088,-0.99667,0.010255,-0.715183,0.065197,0.695888,-6.9e-05,-0.000346,-0.000279,-1.2e-05,2.3e-05,-2.3e-05,-0.871664
697,0.124485,-0.008922,0.357836,-0.623372,0.086607,-0.777143,-0.198459,-0.978816,0.05004,-0.755576,0.185311,0.628325,-0.000446,-0.00228,-0.001849,-0.000175,0.014708,-0.024843,-1.062332,-0.153633,0.014291,0.339981,0.834109,0.535058,0.134035,-0.444423,0.508249,0.737635,0.325496,-0.675502,0.661523,7.2e-05,-0.001278,-0.001007,0.087196,-0.036908,-0.029301,-1.409567,0.042853,0.028209,-0.006761,-0.91852,-0.351334,0.181336,0.367356,-0.588804,0.71997,-0.146179,0.727923,0.669894,4.4e-05,-0.000727,-0.000572,0.094505,-0.043225,-0.034925,-0.882057,0.077738,0.020285,-0.060898,-0.695985,0.050492,-0.716277,-0.081286,-0.996652,0.008727,-0.713439,0.064297,0.69776,-0.000224,-0.001138,-0.000922,-0.005881,0.00244,-0.030621,-0.871174
698,0.124476,-0.009011,0.357856,-0.623349,0.086681,-0.777153,-0.198644,-0.978776,0.050094,-0.755546,0.185488,0.628308,-0.00072,-0.01209,0.007688,-0.0353,0.014901,-0.017408,-1.062982,-0.153628,0.014233,0.339961,0.833294,0.536274,0.134248,-0.446198,0.509346,0.735804,0.325157,-0.673709,0.663515,0.000105,-0.001862,-0.001467,0.143236,-0.06068,-0.048158,-1.409462,0.042855,0.028181,-0.00677,-0.917976,-0.352656,0.181526,0.368744,-0.590216,0.718102,-0.146104,0.726138,0.671845,5.5e-05,-0.000938,-0.000738,0.144479,-0.062426,-0.049645,-0.88271,0.077733,0.020238,-0.06089,-0.695906,0.050516,-0.716353,-0.081469,-0.996636,0.008862,-0.713495,0.064527,0.697681,-0.000365,-0.006068,0.003826,-0.036095,0.013117,-0.018267,-0.871338
699,0.124451,-0.009159,0.357894,-0.623429,0.08663,-0.777095,-0.19884,-0.978723,0.050344,-0.755429,0.185789,0.62836,-0.000156,-0.0008,-0.000649,0.0,0.0,0.0,-1.063742,-0.153647,0.014074,0.33994,0.83797,0.52883,0.134668,-0.443633,0.516732,0.732196,0.316557,-0.67396,0.667408,0.000107,-0.001896,-0.001495,0.056424,-0.023947,-0.018989,-1.409759,0.042846,0.028102,-0.00678,-0.920916,-0.344612,0.182082,0.364708,-0.597133,0.714436,-0.137475,0.724343,0.675593,0.000631,-0.006705,0.003169,-0.017187,-0.01139,-0.036922,-0.8832,0.07772,0.020163,-0.060872,-0.695963,0.050445,-0.716303,-0.081645,-0.996619,0.009141,-0.71342,0.064845,0.697729,-9e-05,-0.000449,-0.000365,-2e-06,-3.8e-05,-5e-05,-0.871991
700,0.124394,-0.009237,0.357948,-0.621829,0.088262,-0.778193,-0.199119,-0.978783,0.048029,-0.756674,0.184703,0.627181,-1e-06,-6e-06,-5e-06,0.0,0.0,0.0,-1.06385,-0.153714,0.013835,0.340102,0.841825,0.522589,0.134992,-0.442378,0.525033,0.727031,0.307995,-0.672401,0.672963,0.001103,-0.010679,0.008492,0.113933,-0.054686,-0.069465,-1.409492,0.042812,0.027988,-0.006708,-0.923467,-0.337481,0.182522,0.361305,-0.604844,0.709662,-0.1291,0.721296,0.680488,-2.1e-05,0.000406,0.000323,0.214539,-0.091492,-0.072283,-0.877321,0.077692,0.020123,-0.060846,-0.694659,0.052307,-0.717434,-0.082119,-0.996598,0.006853,-0.714636,0.063675,0.696591,5e-06,4e-05,3.3e-05,-0.000376,0.000379,-0.000425,-0.872807
701,0.124381,-0.009267,0.357964,-0.620097,0.090055,-0.779368,-0.199387,-0.978851,0.045467,-0.758024,0.183471,0.625912,-7.2e-05,-0.000368,-0.000299,0.415984,-0.45755,0.551567,-1.063063,-0.153756,0.013648,0.340226,0.846428,0.515074,0.135095,-0.439274,0.532293,0.723627,0.299737,-0.672482,0.6766,0.001151,-0.011549,0.00781,0.175364,-0.077804,-0.087233,-1.409492,0.042791,0.027889,-0.006637,-0.926392,-0.329215,0.182793,0.356644,-0.611314,0.706469,-0.120836,0.719661,0.68373,0.000577,-0.005775,0.003906,0.173222,-0.078635,-0.089126,-0.871443,0.077686,0.02011,-0.060837,-0.693655,0.053783,-0.718295,-0.082511,-0.996576,0.005062,-0.715564,0.062778,0.695719,-1.2e-05,-0.000216,-0.000192,1.388749,-1.524351,1.836774,-0.872644
702,0.124381,-0.009371,0.357984,-0.621314,0.092379,-0.778126,-0.199953,-0.97883,0.043382,-0.756877,0.182421,0.627604,-0.000698,-0.011972,0.007786,-0.029807,-0.076513,0.159147,-1.065577,-0.153865,0.013141,0.340615,0.853174,0.50378,0.135246,-0.434229,0.542586,0.719012,0.28776,-0.672796,0.68147,-0.012257,-0.01144,0.009119,0.08904,0.356349,0.270592,-1.409509,0.042741,0.027639,-0.006447,-0.930393,-0.317557,0.183098,0.349891,-0.62043,0.701885,-0.109289,0.717093,0.688354,0.001076,-0.010615,0.008552,0.154891,1.206056,1.086039,-0.876015,0.077686,0.020064,-0.060829,-0.694692,0.056354,-0.717095,-0.083254,-0.996525,0.00234,-0.714472,0.061326,0.69697,-0.000182,-0.000926,-0.000749,-0.002212,-0.004514,-0.002324,-0.870848
703,0.124412,-0.00948,0.358001,-0.622725,0.094408,-0.776753,-0.200326,-0.978833,0.041564,-0.755617,0.181363,0.629426,-0.000112,-0.000571,-0.000463,0.000714,0.001672,0.000844,-1.0775,-0.153945,0.01254,0.341107,0.855327,0.500022,0.135592,-0.435459,0.552376,0.710767,0.279417,-0.667605,0.689995,0.001099,-0.010678,0.008513,0.224044,-0.099467,-0.103436,-1.409218,0.042696,0.02734,-0.0062,-0.931986,-0.312567,0.183583,0.34805,-0.630074,0.694166,-0.101303,0.710849,0.69601,0.001105,-0.010852,0.008378,0.277267,-0.212962,0.034068,-0.879771,0.077701,0.020003,-0.060819,-0.696204,0.058296,-0.715472,-0.083885,-0.996474,0.000434,-0.712925,0.06032,0.69864,-6.4e-05,-0.00032,-0.000257,-0.005616,-0.012169,-0.00572,-0.87395
704,0.124411,-0.009584,0.358008,-0.622634,0.094585,-0.776805,-0.20058,-0.978782,0.041525,-0.755625,0.181542,0.629365,-0.000308,-0.001573,-0.001278,0.0,0.0,0.0,-1.082576,-0.153961,0.011882,0.341561,0.856062,0.498789,0.135493,-0.436372,0.557289,0.706359,0.275731,-0.664433,0.694524,0.001196,-0.012474,0.007107,0.285933,-0.115567,-0.152286,-1.409483,0.042687,0.027022,-0.005976,-0.932605,-0.310731,0.183557,0.347272,-0.634213,0.690779,-0.098232,0.707968,0.699378,-0.006125,-0.006082,0.004284,0.608728,-0.208163,-0.219518,-0.876505,0.077701,0.019953,-0.060813,-0.696051,0.058414,-0.715611,-0.084144,-0.996453,0.000505,-0.713044,0.060565,0.698498,-0.000176,-0.000896,-0.000726,-0.000872,0.013,-0.025745,-0.87444
705,0.124407,-0.009621,0.358017,-0.622768,0.094401,-0.776719,-0.200513,-0.978787,0.041741,-0.755532,0.181614,0.629456,-0.000538,-0.011161,0.008445,-0.04077,0.106298,-0.193972,-1.082737,-0.153996,0.011627,0.341759,0.857823,0.49487,0.13869,-0.436522,0.559459,0.704548,0.269981,-0.665534,0.695728,-0.012295,-0.011286,0.009263,0.286297,-0.11565,-0.157025,-1.409418,0.042676,0.026881,-0.005876,-0.933295,-0.306683,0.186825,0.347042,-0.636543,0.688748,-0.092305,0.707642,0.700515,0.000524,-0.00497,0.004556,0.497683,-0.188563,-0.161492,-0.873239,0.077699,0.019932,-0.06081,-0.696154,0.05821,-0.715527,-0.084057,-0.99646,0.000716,-0.712953,0.060643,0.698583,-0.000266,-0.005563,0.004237,-0.040742,0.106281,-0.194025,-0.87395
706,0.12441,-0.009688,0.358016,-0.622856,0.094293,-0.776662,-0.200516,-0.978779,0.041907,-0.755458,0.181712,0.629516,-8.9e-05,-0.000455,-0.00037,-0.00546,0.091425,-0.17655,-1.086941,-0.153959,0.011266,0.342059,0.86427,0.483453,0.138927,-0.431089,0.569879,0.699524,0.257921,-0.665069,0.70073,-6.2e-05,0.001129,0.00089,0.195626,0.028734,0.045938,-1.409585,0.04269,0.026696,-0.005722,-0.937042,-0.294807,0.187189,0.339819,-0.646264,0.683274,-0.080461,0.703868,0.705758,0.000517,-0.004784,0.004704,0.246106,0.270043,0.262171,-0.868504,0.0777,0.019899,-0.060811,-0.696164,0.058216,-0.715517,-0.084134,-0.996453,0.000784,-0.712935,0.060745,0.698594,-4.8e-05,-0.000248,-0.000202,2.3e-05,-3e-06,-1.9e-05,-0.87395
707,0.124402,-0.009753,0.358015,-0.622879,0.094282,-0.776645,-0.200585,-0.978761,0.041985,-0.755421,0.181812,0.629531,-0.000179,-0.000914,-0.000743,0.0,0.0,0.0,-1.091776,-0.154079,0.011066,0.342257,0.867685,0.47548,0.145025,-0.431194,0.575069,0.695198,0.246055,-0.666338,0.703785,-2e-05,0.000372,0.000293,0.284118,-0.089198,-0.061612,-1.40942,0.04263,0.026599,-0.005621,-0.938542,-0.285836,0.193479,0.338332,-0.650893,0.679608,-0.068322,0.703302,0.707599,-8e-06,0.000195,0.000157,0.457879,-0.063881,-0.012623,-0.868014,0.077696,0.019868,-0.06081,-0.696244,0.058074,-0.715451,-0.084107,-0.996456,0.000966,-0.71286,0.060848,0.698661,-0.000318,-0.005829,0.00402,-0.035309,0.014845,-0.017458,-0.875093
708,0.1244,-0.009775,0.358023,-0.622912,0.094244,-0.776623,-0.200598,-0.978756,0.042054,-0.755391,0.181861,0.629554,-0.000193,-0.000987,-0.000802,0.0,0.0,0.0,-1.093293,-0.154161,0.010995,0.34235,0.869752,0.471659,0.145122,-0.429336,0.578596,0.69342,0.241989,-0.665996,0.705517,0.001048,-0.009812,0.009219,0.093767,-0.013485,-0.028822,-1.409434,0.042588,0.026565,-0.00558,-0.939649,-0.28215,0.193516,0.336009,-0.654463,0.677329,-0.06446,0.701476,0.709771,-0.006737,0.000398,0.000922,0.244669,0.28815,0.266868,-0.868994,0.077696,0.019861,-0.060809,-0.696262,0.058043,-0.715437,-0.084104,-0.996456,0.001008,-0.712843,0.060873,0.698676,-0.000126,-0.000648,-0.000528,-0.000771,0.013257,-0.02559,-0.875583
709,0.124405,-0.009844,0.358046,-0.621293,0.09589,-0.777718,-0.200813,-0.978812,0.03967,-0.756667,0.180697,0.628356,-0.00053,-0.011124,0.008476,-0.035315,0.014844,-0.017437,-1.093227,-0.154374,0.010828,0.342596,0.876094,0.458696,0.148487,-0.424113,0.587095,0.68948,0.227977,-0.667595,0.708666,0.000933,-0.007691,0.01089,1.019738,3.703196,3.843855,-1.40922,0.042482,0.026479,-0.005459,-0.941509,-0.273362,0.197063,0.332591,-0.659636,0.67399,-0.054253,0.700109,0.711971,-0.006755,0.000703,0.001162,0.352458,-0.124082,-0.12938,-0.865728,0.077698,0.019826,-0.060798,-0.694937,0.059926,-0.716568,-0.084521,-0.99642,-0.00136,-0.714085,0.05962,0.697515,-8.8e-05,-0.000442,-0.000359,-0.000788,0.000771,-0.000826,-0.87542
710,0.124394,-0.009956,0.358074,-0.619595,0.09767,-0.77885,-0.201169,-0.978834,0.037218,-0.757964,0.179613,0.627101,-0.000127,-0.000647,-0.000526,0.0,-0.0,0.0,-1.093056,-0.15476,0.010725,0.342907,0.881643,0.446929,0.151501,-0.419944,0.596963,0.683533,0.213934,-0.666809,0.713766,-0.013614,0.003545,0.003992,0.529872,-0.230789,-0.182421,-1.409628,0.042299,0.026426,-0.005305,-0.946122,-0.254235,0.200536,0.321784,-0.6691,0.669894,-0.036132,0.698332,0.71486,-0.006801,0.001708,0.001953,-0.028301,0.002848,-0.004593,-0.864912,0.077692,0.019765,-0.060782,-0.693565,0.061936,-0.717725,-0.085098,-0.996365,-0.003748,-0.715349,0.058478,0.696315,-7.6e-05,-0.000378,-0.000309,-0.001094,0.001066,-0.001142,-0.87444
711,0.124391,-0.010002,0.358102,-0.619583,0.097717,-0.778854,-0.201297,-0.978807,0.037261,-0.75794,0.179739,0.627094,-1.9e-05,-9.6e-05,-7.8e-05,0.0,-0.0,0.0,-1.092649,-0.154963,0.010662,0.343054,0.881492,0.447061,0.151986,-0.420276,0.596483,0.683747,0.213904,-0.66715,0.713456,-0.013532,0.002006,0.002779,0.007069,0.011221,-0.032306,-1.409649,0.042188,0.026397,-0.005222,-0.945682,-0.255749,0.200689,0.323049,-0.670225,0.668159,-0.036374,0.6967,0.716439,-0.006766,0.000996,0.001391,-0.026552,0.018752,-0.028359,-0.864422,0.07769,0.019741,-0.060769,-0.693566,0.061975,-0.717721,-0.085223,-0.996354,-0.00368,-0.715333,0.058614,0.696319,-6e-06,-1.6e-05,-1.3e-05,-0.000157,0.000149,-0.000176,-0.875746
712,0.124355,-0.0101,0.35818,-0.621152,0.099524,-0.777374,-0.201598,-0.978803,0.035705,-0.756574,0.178765,0.62902,-0.014037,0.000678,0.000491,4e-06,0.017031,-0.028389,-1.09125,-0.155442,0.01067,0.34327,0.888848,0.431699,0.153544,-0.41083,0.602921,0.683842,0.201515,-0.671448,0.713031,-0.013593,0.003406,0.003868,-0.000123,0.000799,-0.004244,-1.40953,0.041953,0.026397,-0.005118,-0.94966,-0.239067,0.202467,0.312407,-0.674384,0.669034,-0.023403,0.698607,0.715122,-0.012913,-0.004712,0.005972,-0.039327,0.040775,-0.076484,-0.864585,0.077673,0.019695,-0.060727,-0.695287,0.063585,-0.715913,-0.085664,-0.996309,-0.005293,-0.713608,0.057648,0.698168,-0.007032,0.000283,0.0002,-0.006804,0.001996,-0.035552,-0.87297
713,0.124353,-0.010236,0.358227,-0.620948,0.099898,-0.777489,-0.202081,-0.978708,0.035573,-0.756613,0.179075,0.628885,-0.000266,-0.001357,-0.001105,0.0,0.0,0.0,-1.092946,-0.156011,0.010772,0.343413,0.897114,0.41362,0.155231,-0.400717,0.614321,0.679684,0.184635,-0.672471,0.716629,-0.000173,0.003605,0.002821,0.281446,1.11625,1.179999,-1.4096,0.041664,0.026451,-0.005044,-0.953528,-0.221441,0.204318,0.301202,-0.68327,0.665145,-0.007686,0.695776,0.718216,-0.007018,0.001766,0.001994,0.830462,3.758756,3.931118,-0.862625,0.077672,0.019627,-0.060704,-0.695045,0.063913,-0.716119,-0.086163,-0.996266,-0.005289,-0.713784,0.058027,0.697957,-0.000171,-0.000869,-0.000708,-0.000129,-0.000321,-0.000187,-0.87395
714,0.12436,-0.010354,0.358223,-0.619393,0.101453,-0.778527,-0.202239,-0.978756,0.033287,-0.757844,0.177934,0.627724,-0.000332,-0.001694,-0.00138,0.0,0.0,0.0,-1.091364,-0.156628,0.010901,0.343632,0.903336,0.399333,0.156553,-0.392271,0.621993,0.677631,0.172082,-0.674035,0.718282,-0.013591,0.004007,0.004315,0.000868,0.014184,-0.029953,-1.409613,0.04136,0.026514,-0.004936,-0.957003,-0.204412,0.205813,0.290009,-0.689373,0.663821,0.006189,0.694966,0.719015,-0.013493,0.001973,0.002736,-0.017496,0.019209,-0.032318,-0.858543,0.077675,0.019568,-0.060706,-0.69377,0.065689,-0.717194,-0.086515,-0.996222,-0.007557,-0.714981,0.056806,0.696832,-0.000209,-0.001063,-0.000866,-0.000421,0.000397,-0.000467,-0.87493
