frame,MLTx,MLTy,MLTz,MLTR1,MLTR2,MLTR3,MLTR4,MLTR5,MLTR6,MLTR7,MLTR8,MLTR9,MLTTVx,MLTTVy,MLTTVz,MLTRVx,MLTRVy,MLTRVz,MLGA,MRTx,MRTy,MRTz,MRTR1,MRTR2,MRTR3,MRTR4,MRTR5,MRTR6,MRTR7,MRTR8,MRTR9,MRTTVx,MRTTVy,MRTTVz,MRTRVx,MRTRVy,MRTRVz,MRGA,SLTx,SLTy,SLTz,SLTR1,SLTR2,SLTR3,SLTR4,SLTR5,SLTR6,SLTR7,SLTR8,SLTR9,SLTTVx,SLTTVy,SLTTVz,SLTRVx,SLTRVy,SLTRVz,SLGA,SRTx,SRTy,SRTz,SRTR1,SRTR2,SRTR3,SRTR4,SRTR5,SRTR6,SRTR7,SRTR8,SRTR9,SRTTVx,SRTTVy,SRTTVz,SRTRVx,SRTRVy,SRTRVz,SRGA
204,0.062242,-0.000619,0.366018,-0.398787,0.466786,-0.789383,-0.391121,-0.86509,-0.314031,-0.828982,0.182926,0.528539,0.049073,0.026196,-0.011518,0.045614,-0.340976,0.052388,0.223274,-0.103765,0.032111,0.316279,0.647188,0.54746,0.530498,-0.759508,0.521908,0.388193,-0.065155,-0.654832,0.75287,-0.001915,0.011018,-0.007825,-0.203901,-0.753911,0.69005,-1.407317,0.041675,0.037804,-0.022255,-0.498842,-0.643705,0.580344,0.863116,-0.429736,0.265248,0.078653,0.633221,0.769963,-0.000945,0.005462,-0.003952,-0.796288,-2.214298,1.858333,-0.749955,0.068307,0.022526,-0.056581,-0.288296,0.543758,-0.788169,-0.538842,-0.772548,-0.335884,-0.791539,0.327864,0.515723,0.024592,0.013224,-0.005676,0.053056,-0.323647,0.074178,0.069216
205,0.064278,0.000571,0.365535,-0.397524,0.458577,-0.794813,-0.394883,-0.86732,-0.302978,-0.827807,0.192841,0.526854,0.05015,0.029748,-0.008737,0.066307,-0.157376,0.143881,0.221537,-0.104165,0.032768,0.315807,0.673328,0.547972,0.496334,-0.738224,0.533582,0.412614,-0.039573,-0.644914,0.763141,-0.017105,0.020104,-0.015481,-0.743518,-2.254737,2.011576,-1.406954,0.04148,0.03813,-0.022488,-0.527695,-0.645969,0.551598,0.847497,-0.444202,0.290573,0.05732,0.620812,0.78186,-0.001962,0.011282,-0.007574,0.097557,-0.2025,0.380271,-0.767753,0.069306,0.023109,-0.056819,-0.288509,0.535332,-0.793839,-0.543227,-0.774257,-0.324698,-0.788457,0.337557,0.514187,0.025827,0.020437,-0.008618,0.106584,-0.134647,0.194625,0.095996
206,0.065374,0.001358,0.365233,-0.399426,0.453714,-0.796647,-0.397171,-0.868776,-0.295726,-0.825793,0.197715,0.528206,0.053587,0.053798,-0.024249,0.125781,-0.176268,0.198606,0.210316,-0.104524,0.033139,0.315478,0.68214,0.546265,0.486078,-0.730375,0.539073,0.419389,-0.033783,-0.641782,0.766054,-0.03,0.016532,-0.016792,0.066107,-0.174436,0.337607,-1.406173,0.041306,0.038318,-0.022651,-0.539529,-0.645666,0.540391,0.84045,-0.451492,0.299662,0.050501,0.615849,0.786243,-0.008376,0.009332,-0.00837,0.095003,-0.197374,0.355403,-0.773142,0.069851,0.023491,-0.056967,-0.291379,0.531006,-0.795694,-0.545951,-0.775329,-0.317491,-0.785515,0.3419,0.515818,0.032893,0.019925,-0.008761,0.068465,-0.102622,0.183788,0.094363
207,0.067769,0.003206,0.364446,-0.407486,0.44329,-0.798432,-0.402906,-0.871829,-0.27848,-0.819043,0.207659,0.534857,0.067227,0.052471,-0.024907,-1.523527,0.959401,-1.641322,0.180133,-0.105378,0.034021,0.314749,0.694759,0.546344,0.467771,-0.718726,0.549466,0.425975,-0.025162,-0.632831,0.773793,-0.030025,0.016916,-0.016438,0.085971,-0.098263,0.142867,-1.405873,0.040879,0.038758,-0.023017,-0.55431,-0.646977,0.523603,0.83113,-0.463749,0.306851,0.044295,0.605273,0.794783,-0.008429,0.009669,-0.008055,0.106782,-0.206003,0.304452,-0.78196,0.071045,0.024419,-0.057357,-0.299307,0.523607,-0.797652,-0.551755,-0.77701,-0.303018,-0.778447,0.349414,0.521468,0.033004,0.020899,-0.008081,0.108402,-0.139813,0.248785,0.063664
208,0.070439,0.005338,0.363433,-0.412818,0.431828,-0.801967,-0.407646,-0.874927,-0.261341,-0.814009,0.218489,0.538217,0.067253,0.054227,-0.023709,0.122308,-0.254445,0.193524,0.173693,-0.106254,0.034831,0.313936,0.709652,0.54898,0.441596,-0.704413,0.558918,0.437432,-0.00756,-0.622176,0.782754,-0.031063,0.024269,-0.027477,-0.663872,-2.196101,1.757984,-1.404771,0.04044,0.039166,-0.023414,-0.570549,-0.650252,0.501642,0.820665,-0.474711,0.318051,0.031322,0.593145,0.804485,-0.008975,0.013438,-0.013485,0.124632,-0.122892,0.194007,-0.785552,0.072406,0.025506,-0.057871,-0.30849,0.512246,-0.801522,-0.558049,-0.779838,-0.283607,-0.770334,0.359798,0.52643,0.033675,0.027183,-0.011838,0.138662,-0.242761,0.22399,0.043253
209,0.071838,0.006503,0.362824,-0.417147,0.424578,-0.803596,-0.410206,-0.876915,-0.250444,-0.810506,0.224635,0.540968,0.06782,0.064026,-0.033289,0.127034,-0.239904,0.178811,0.168789,-0.106593,0.035351,0.313418,0.719013,0.548578,0.426701,-0.694877,0.564008,0.446068,0.003142,-0.617918,0.78615,-0.0181,0.027544,-0.026378,0.066559,-0.141731,0.265668,-1.401834,0.040266,0.039421,-0.023677,-0.583204,-0.651043,0.485814,0.812087,-0.481741,0.3293,0.019648,0.586573,0.809657,-0.008926,0.013258,-0.013635,0.030451,-0.26374,0.342641,-0.785715,0.073081,0.026067,-0.058161,-0.314242,0.505817,-0.803368,-0.561173,-0.781533,-0.272563,-0.765726,0.365177,0.529441,0.033882,0.031847,-0.016814,0.024656,-0.140982,0.043306,0.037211
210,0.074488,0.009037,0.361497,-0.431972,0.407567,-0.804571,-0.412717,-0.882485,-0.225515,-0.801403,0.234131,0.550421,0.067111,0.063908,-0.033531,-1.474519,1.156187,-2.036429,0.178734,-0.106927,0.036614,0.312452,0.746274,0.542111,0.386242,-0.664667,0.57753,0.473932,0.032924,-0.611082,0.790796,-0.00558,0.032779,-0.023479,-0.219587,0.022339,0.703887,-1.396469,0.040095,0.040046,-0.024165,-0.615238,-0.647938,0.449063,0.788299,-0.499762,0.358917,-0.008131,0.574816,0.818241,-0.002739,0.016218,-0.011888,-0.472426,0.154202,0.738617,-0.783756,0.074407,0.027336,-0.058823,-0.329677,0.49334,-0.804939,-0.564661,-0.786334,-0.25067,-0.756617,0.371878,0.537806,0.027728,0.039291,-0.019835,0.174483,-0.06722,0.051817,0.033456
211,0.076815,0.011879,0.36005,-0.448915,0.391857,-0.8031,-0.412758,-0.888,-0.202625,-0.792,0.240031,0.56138,0.054761,0.078418,-0.039786,0.046143,0.288512,-0.608959,0.233001,-0.107075,0.037576,0.311609,0.767745,0.537251,0.349172,-0.636723,0.579662,0.508439,0.069794,-0.613348,0.786636,-0.002884,0.017953,-0.019114,-0.669212,-0.569593,1.329065,-1.402865,0.040019,0.040538,-0.024583,-0.641254,-0.644634,0.416221,0.766024,-0.506192,0.396202,-0.044717,0.572901,0.818403,-0.001293,0.008355,-0.010104,-1.474061,-2.028142,2.296484,-0.787022,0.075575,0.028751,-0.059545,-0.350971,0.480301,-0.803821,-0.566917,-0.792214,-0.225833,-0.745267,0.376439,0.550335,0.033285,0.031968,-0.016839,-0.376728,0.471294,-0.867637,0.078524
212,0.07891,0.014543,0.358598,-0.449968,0.387009,-0.804859,-0.430661,-0.883516,-0.184129,-0.781812,0.263282,0.565226,0.064642,0.060151,-0.036607,0.098565,0.027269,-0.747325,0.250374,-0.106907,0.038302,0.310835,0.765269,0.556693,0.323184,-0.631818,0.554155,0.541896,0.121614,-0.619585,0.775363,0.012241,0.008555,-0.011781,-0.937846,0.111013,0.792839,-1.404065,0.040103,0.040905,-0.02498,-0.639992,-0.663253,0.387949,0.762047,-0.483178,0.431071,-0.098461,0.571518,0.81466,0.006153,0.004203,-0.005952,-0.904028,0.104472,0.782273,-0.789308,0.07662,0.030095,-0.060268,-0.353116,0.476559,-0.805108,-0.584266,-0.784436,-0.208067,-0.730712,0.396926,0.555435,0.025756,0.031439,-0.017476,-1.7e-05,-0.245853,-0.635046,0.128327
213,0.079975,0.015679,0.357913,-0.451093,0.380539,-0.80731,-0.43317,-0.884183,-0.174802,-0.779774,0.270372,0.564693,0.062146,0.046232,-0.030451,0.104335,0.003701,-0.588629,0.239803,-0.106737,0.038514,0.310588,0.759778,0.572382,0.308396,-0.631756,0.538289,0.55773,0.152272,-0.619297,0.770161,0.0119,0.010124,-0.010371,-0.620799,-0.360455,0.751465,-1.404401,0.04018,0.041001,-0.025098,-0.635282,-0.676023,0.373376,0.761617,-0.468357,0.447862,-0.127891,0.568888,0.812409,-0.000651,0.003961,-0.005386,-2.511326,-3.613298,-2.755167,-0.790288,0.077136,0.030653,-0.0606,-0.354779,0.470059,-0.808192,-0.587165,-0.784713,-0.19865,-0.727576,0.404065,0.554402,0.025131,0.029926,-0.018648,0.11424,-0.134844,-0.670044,0.133389
214,0.081908,0.016938,0.356824,-0.445919,0.365342,-0.817145,-0.440949,-0.884083,-0.154707,-0.778397,0.290872,0.556345,0.05525,0.011973,-0.023115,-0.389925,-0.24524,-0.301875,0.189008,-0.106276,0.038652,0.310592,0.724265,0.630018,0.280194,-0.649108,0.486244,0.584944,0.23137,-0.606318,0.76073,0.012472,0.005165,0.002783,-2.111243,-3.143638,-3.567574,-1.404562,0.040416,0.041069,-0.025111,-0.600484,-0.724804,0.337753,0.773458,-0.41928,0.475358,-0.202928,0.546683,0.812377,0.006148,0.003046,0.001826,-0.651754,-0.24984,0.62152,-0.796003,0.078148,0.031329,-0.061158,-0.352774,0.453205,-0.818629,-0.594636,-0.784081,-0.17783,-0.722465,0.424053,0.546096,0.027442,0.005379,-0.012061,-0.388621,-0.214222,-0.283199,0.097792
215,0.083718,0.016471,0.356119,-0.441178,0.356364,-0.823658,-0.450067,-0.881851,-0.140536,-0.775883,0.308251,0.550468,0.046721,-0.035957,-0.009502,-0.049813,-0.023695,-0.18331,0.122581,-0.105675,0.038807,0.310919,0.69511,0.673449,0.251553,-0.657329,0.453979,0.601461,0.289976,-0.584277,0.75789,0.026492,0.000844,0.014628,-0.219996,-0.50739,0.059945,-1.404673,0.040711,0.041148,-0.024951,-0.567424,-0.765412,0.303599,0.780804,-0.383062,0.493565,-0.261484,0.517112,0.814996,0.006695,-0.000696,0.007241,-0.465309,-1.244056,-0.885848,-0.796493,0.079038,0.031115,-0.061502,-0.349458,0.443584,-0.825294,-0.603589,-0.780285,-0.163812,-0.71663,0.440894,0.540419,0.023787,-0.013015,-0.009398,-0.006943,-0.014943,-0.121466,0.009452
216,0.084509,0.015633,0.355875,-0.442226,0.356859,-0.822882,-0.454483,-0.880067,-0.137478,-0.772707,0.31274,0.5524,0.031464,-0.040108,-0.013146,-0.03538,0.100853,-0.150124,0.110341,-0.105369,0.038903,0.311249,0.675627,0.696548,0.241539,-0.665691,0.435837,0.605669,0.315752,-0.570868,0.757808,0.012366,0.003183,0.018572,-0.018496,-0.279253,0.324597,-1.405153,0.040861,0.041189,-0.024799,-0.546318,-0.785699,0.290194,0.787561,-0.363941,0.497286,-0.285104,0.500222,0.817613,0.006107,0.001956,0.009633,-0.084224,-0.575831,-0.04465,-0.795676,0.079423,0.030718,-0.061621,-0.350431,0.444705,-0.824278,-0.607691,-0.777642,-0.161193,-0.712677,0.444419,0.542754,0.015551,-0.020616,-0.007034,-0.03069,0.124088,-0.138438,-0.021083
217,0.085823,0.013289,0.355544,-0.447342,0.353895,-0.821395,-0.454643,-0.880828,-0.131962,-0.769658,0.313963,0.55595,0.026613,-0.071039,-0.003506,-0.101529,0.054739,-0.032995,0.090141,-0.104897,0.039061,0.312368,0.625098,0.745714,0.230555,-0.689346,0.389091,0.611019,0.365147,-0.541812,0.756948,0.014128,-0.00965,0.042117,-0.134749,-0.136733,-0.074226,-1.405105,0.041107,0.041272,-0.024243,-0.491819,-0.827716,0.270182,0.805701,-0.315001,0.501616,-0.330088,0.46439,0.821816,0.005977,0.001219,0.017708,-0.174732,-0.344165,-0.353453,-0.796493,0.080096,0.029531,-0.061797,-0.356355,0.442796,-0.822764,-0.608019,-0.778517,-0.155638,-0.709452,0.444794,0.546657,0.013559,-0.031017,-0.006769,-0.070021,0.149296,-0.215684,-0.057661
218,0.08673,0.010269,0.355304,-0.457017,0.354002,-0.816005,-0.456882,-0.880518,-0.12617,-0.762609,0.31471,0.565166,0.012035,-0.073702,-0.00631,-0.080429,0.226716,-0.007457,0.064483,-0.104201,0.038872,0.314265,0.557765,0.799574,0.222645,-0.71612,0.328176,0.61596,0.418732,-0.504004,0.755319,0.014149,-0.012306,0.05706,-0.512945,-1.104906,-1.24419,-1.405541,0.041455,0.041179,-0.0233,-0.421061,-0.871455,0.251541,0.824721,-0.2524,0.50609,-0.377546,0.420547,0.824983,0.006993,-0.005839,0.02856,-1.404536,-3.545729,-4.246304,-0.799758,0.080548,0.028045,-0.061924,-0.365843,0.444595,-0.817614,-0.610217,-0.77791,-0.149962,-0.702703,0.44406,0.555893,0.012517,-0.038663,-0.004419,-0.066707,0.386117,-0.103977,-0.093748
219,0.086902,0.008786,0.355244,-0.462546,0.356425,-0.811823,-0.458023,-0.880026,-0.12547,-0.758577,0.313349,0.571315,-0.001467,-0.071921,-0.005451,-0.074577,0.280466,-0.015694,0.0507,-0.103866,0.038623,0.315425,0.510056,0.832409,0.216633,-0.730713,0.286646,0.619536,0.452963,-0.475339,0.754149,0.015408,-0.020398,0.067254,-1.42017,-3.457716,-4.428601,-1.405447,0.041628,0.041052,-0.022698,-0.370733,-0.897725,0.238005,0.834349,-0.209368,0.509928,-0.407944,0.387627,0.826635,0.007572,-0.009596,0.033919,-1.425504,-3.445122,-4.429123,-0.79486,0.080642,0.027241,-0.061958,-0.371207,0.448249,-0.813189,-0.611355,-0.777143,-0.149306,-0.698891,0.441724,0.56252,-0.000817,-0.036221,-0.002945,-0.07782,0.26007,-0.02626,-0.11171
220,0.086743,0.005626,0.355347,-0.474881,0.357169,-0.80434,-0.459179,-0.880209,-0.119826,-0.750201,0.311983,0.583002,-0.001814,-0.080909,0.004283,-0.139685,0.229568,-0.297729,0.0254,-0.103067,0.038103,0.31822,0.391052,0.896512,0.208172,-0.758652,0.186081,0.624304,0.520461,-0.403191,0.752609,0.02681,-0.011163,0.073147,-0.522914,-1.129809,-1.232929,-1.405362,0.042008,0.040803,-0.021353,-0.250454,-0.944511,0.212534,0.849772,-0.109291,0.515695,-0.463852,0.309763,0.829992,0.006692,-0.006065,0.037127,-0.286833,-0.392462,-0.371263,-0.793717,0.080567,0.025713,-0.061917,-0.383013,0.451531,-0.805865,-0.612655,-0.77708,-0.144218,-0.691342,0.43848,0.574265,-0.000917,-0.040485,0.002117,-0.149213,0.180549,-0.324065,-0.146491
221,0.086092,0.002721,0.355825,-0.48568,0.35288,-0.799772,-0.459226,-0.881453,-0.11011,-0.743219,0.313353,0.591153,-0.01252,-0.069451,0.012997,-0.139816,0.114431,-0.138861,-0.010028,-0.102292,0.037573,0.321123,0.317075,0.926499,0.202621,-0.768988,0.126255,0.626619,0.554574,-0.355662,0.752207,0.013898,-0.014134,0.072013,-0.129715,-0.094006,0.021891,-1.405211,0.042397,0.040554,-0.019893,-0.169014,-0.966032,0.195487,0.853363,-0.044187,0.51944,-0.493158,0.254615,0.831844,0.006861,-0.006944,0.036161,-0.147187,-0.083998,0.007303,-0.796982,0.080235,0.024215,-0.061689,-0.394614,0.448744,-0.801815,-0.613077,-0.778573,-0.13401,-0.684408,0.438693,0.582351,-0.013441,-0.038452,0.011979,-0.18004,0.221861,-0.337543,-0.187803
222,0.084855,0.000383,0.35678,-0.495082,0.346511,-0.796787,-0.458884,-0.882956,-0.098924,-0.737196,0.316221,0.597137,-0.035226,-0.04972,0.028296,-0.145065,0.210026,-0.322743,-0.037202,-0.101309,0.03693,0.323831,0.283673,0.938523,0.19671,-0.772254,0.102123,0.627001,0.568002,-0.330953,0.753463,0.028096,-0.017307,0.067334,-0.162818,0.020964,-0.137052,-1.405132,0.042882,0.040236,-0.018522,-0.135308,-0.973386,0.18496,0.853637,-0.01976,0.520492,-0.502985,0.228316,0.833592,0.014072,-0.008986,0.033405,-0.21452,-0.145114,-0.104958,-0.796982,0.079622,0.023027,-0.061227,-0.404944,0.444218,-0.79918,-0.613299,-0.780226,-0.122924,-0.678146,0.44036,0.588387,-0.017556,-0.024644,0.014343,-0.140678,0.115555,-0.148036,-0.216869
223,0.084057,-0.000365,0.357378,-0.500507,0.34564,-0.79377,-0.458884,-0.883347,-0.095366,-0.733521,0.316082,0.601719,-0.045441,-0.028666,0.027641,-0.096556,0.279312,-0.297904,-0.047146,-0.100937,0.036626,0.325027,0.268853,0.943866,0.1919,-0.773896,0.093212,0.626363,0.572971,-0.318097,0.755237,0.015675,-0.022046,0.065019,-0.366581,-2.636432,1.228564,-1.404968,0.043082,0.040084,-0.0179,-0.121938,-0.975799,0.18151,0.853593,-0.009783,0.520847,-0.506466,0.218447,0.834129,0.007731,-0.010736,0.032721,0.044695,-1.458748,-1.47539,-0.797799,0.079226,0.022643,-0.060929,-0.410569,0.444503,-0.796146,-0.613472,-0.780626,-0.119473,-0.674599,0.439362,0.59319,-0.022893,-0.018588,0.019129,-0.131082,0.282579,-0.288821,-0.227156
224,0.082296,-0.000851,0.35862,-0.510238,0.344338,-0.78812,-0.458099,-0.884332,-0.089863,-0.727275,0.314752,0.609943,-0.053415,-0.000884,0.03251,-0.063892,0.120606,-0.1039,-0.061889,-0.100481,0.03582,0.327279,0.241566,0.951765,0.189154,-0.779737,0.074486,0.621607,0.577224,-0.298847,0.759846,0.014936,-0.016381,0.052611,0.47504,-0.503494,-0.359419,-1.405565,0.04331,0.03968,-0.016769,-0.095556,-0.980381,0.172397,0.855479,0.007667,0.517778,-0.508942,0.196959,0.837963,0.001064,-0.009859,0.02579,0.061811,-0.190895,-0.158269,-0.799269,0.078349,0.02239,-0.06031,-0.420719,0.445053,-0.79052,-0.61297,-0.781846,-0.113943,-0.668777,0.436628,0.601742,-0.019214,0.004096,0.011478,-0.036537,0.054542,-0.075308,-0.241036
225,0.080629,-0.000528,0.35984,-0.518108,0.344177,-0.78304,-0.457144,-0.885146,-0.086649,-0.722289,0.312635,0.616916,-0.050843,0.00667,0.038642,-0.070497,0.073232,-0.096287,-0.077441,-0.100211,0.035161,0.329099,0.215728,0.958422,0.186763,-0.793226,0.060606,0.60585,0.569063,-0.28005,0.773047,0.014269,-0.011008,0.040019,0.466037,-0.459349,-0.330024,-1.405331,0.04345,0.039346,-0.015838,-0.068395,-0.983769,0.165888,0.866097,0.02398,0.499299,-0.495173,0.177825,0.8504,0.007177,-0.005834,0.019736,0.485948,-0.474935,-0.33676,-0.800575,0.077498,0.022561,-0.05968,-0.42862,0.446112,-0.785664,-0.612244,-0.782903,-0.110533,-0.664409,0.433642,0.608698,-0.025297,0.003783,0.019717,-0.076839,0.047472,-0.1094,-0.253773
226,0.079452,8.1e-05,0.360988,-0.518245,0.34567,-0.782291,-0.462206,-0.882775,-0.08394,-0.718964,0.317643,0.61824,-0.021447,0.014891,0.028712,-0.424171,-0.020846,0.283654,-0.081961,-0.10013,0.034689,0.330332,0.188421,0.962582,0.194742,-0.815983,0.043232,0.5764,0.546172,-0.268723,0.793314,0.000998,-0.009386,0.026104,0.67333,-0.653549,-0.291281,-1.405438,0.04349,0.039114,-0.015231,-0.040491,-0.984478,0.170771,0.882155,0.045037,0.4688,-0.469214,0.169629,0.866639,0.000472,-0.004688,0.013049,0.687809,-0.724051,-0.347174,-0.810536,0.076912,0.022872,-0.0591,-0.428468,0.447339,-0.785049,-0.616708,-0.779782,-0.107747,-0.660367,0.43798,0.60999,-0.01065,0.007722,0.014607,-0.42829,-0.020858,0.286647,-0.259814
227,0.079034,0.000429,0.361541,-0.518566,0.34552,-0.782145,-0.462482,-0.882684,-0.083374,-0.718556,0.318058,0.618502,-0.019752,0.027198,0.02117,8.6e-05,-0.010859,0.017364,-0.085834,-0.100105,0.034536,0.330788,0.197271,0.961181,0.192889,-0.822281,0.05523,0.566337,0.533447,-0.27154,0.800976,0.001475,-0.011417,0.024448,0.966781,1.718489,-1.737831,-1.405348,0.043502,0.039037,-0.015004,-0.048769,-0.98479,0.166762,0.888744,0.033406,0.457184,-0.455801,0.170505,0.873597,-0.000297,-0.000125,0.008325,0.452914,-0.557127,0.084058,-0.813312,0.076711,0.023036,-0.058831,-0.428758,0.447306,-0.784909,-0.61709,-0.779559,-0.107171,-0.659822,0.438409,0.610271,-0.010498,0.008105,0.014882,-0.034898,0.020848,-0.024086,-0.261447
228,0.078548,0.00106,0.362669,-0.512644,0.356396,-0.781168,-0.484229,-0.871278,-0.079798,-0.708423,0.336908,0.620207,-0.007071,0.014225,0.028449,-0.422596,-0.033343,0.31425,-0.11438,-0.100188,0.034358,0.331313,0.224002,0.957845,0.179853,-0.826067,0.088817,0.556469,0.516752,-0.274427,0.810876,-0.011924,-0.009205,0.011055,0.325245,-0.340775,-0.085869,-1.40589,0.043465,0.038948,-0.014736,-0.076891,-0.984025,0.160565,0.89512,0.0028,0.445815,-0.439143,0.178004,0.880605,0.000435,-0.00321,0.005833,0.510606,-0.466515,-0.066219,-0.814618,0.076465,0.023362,-0.058265,-0.421159,0.456663,-0.783635,-0.636033,-0.764652,-0.10377,-0.646596,0.454714,0.612492,-0.003409,0.007538,0.014583,-1.33809,-0.139885,1.074924,-0.273857
229,0.078226,0.001429,0.363822,-0.517139,0.357312,-0.77778,-0.496139,-0.865573,-0.067834,-0.696826,0.350358,0.625868,-0.009286,0.000221,0.034459,-0.111421,0.060332,-0.059426,-0.137792,-0.100315,0.034343,0.331543,0.247568,0.951617,0.182002,-0.824429,0.10837,0.555434,0.508523,-0.288754,0.811104,0.00127,-0.007981,0.010382,-0.017451,-0.119205,0.168792,-1.405522,0.043398,0.038934,-0.014625,-0.099655,-0.981125,0.165717,0.896229,-0.016157,0.443296,-0.432252,0.192697,0.880923,-0.000231,0.000937,0.00077,-0.006388,-0.00256,0.011443,-0.813801,0.076307,0.023559,-0.057685,-0.425214,0.458596,-0.780308,-0.647323,-0.756649,-0.091945,-0.632585,0.466015,0.618598,-0.004173,0.005249,0.012672,-0.184368,0.131,-0.1691,-0.293779
230,0.078173,0.001437,0.364411,-0.519969,0.357471,-0.775817,-0.50192,-0.86273,-0.061189,-0.690554,0.357133,0.628983,0.003402,-0.004938,0.030759,-0.071316,0.023257,-0.003312,-0.14027,-0.100321,0.034321,0.331577,0.257953,0.947611,0.188371,-0.824747,0.114559,0.553717,0.502801,-0.299384,0.810817,-3.6e-05,0.000153,0.000123,0.000159,0.00053,-0.000266,-1.405866,0.043395,0.038922,-0.014603,-0.109797,-0.978709,0.17341,0.897067,-0.022443,0.441322,-0.428034,0.204017,0.880433,2.9e-05,-0.00016,-0.000116,-0.001731,-0.005904,0.010149,-0.812985,0.076276,0.023567,-0.057388,-0.428031,0.459247,-0.778383,-0.652613,-0.752871,-0.085325,-0.625208,0.471462,0.621963,0.001855,-0.001969,0.015786,-0.071293,0.004173,0.03432,-0.300637
231,0.078225,0.001165,0.365557,-0.521373,0.35709,-0.77505,-0.503274,-0.862113,-0.058721,-0.688507,0.358998,0.630163,0.001827,-0.009524,0.027063,-0.068192,0.023461,-0.005853,-0.141149,-0.10035,0.034126,0.331517,0.284423,0.938927,0.193675,-0.822284,0.1352,0.552724,0.492422,-0.317644,0.810238,0.001211,-0.005183,-0.004182,1.068055,3.07066,4.454123,-1.405644,0.04338,0.038828,-0.01463,-0.130831,-0.974649,0.181497,0.897258,-0.03854,0.439819,-0.421675,0.220392,0.879554,0.000593,-0.00256,-0.002053,0.000964,-0.001264,0.005582,-0.812168,0.076304,0.023435,-0.056811,-0.429439,0.459136,-0.777673,-0.653851,-0.752062,-0.082953,-0.622945,0.472859,0.623171,0.000896,-0.004765,0.01353,-0.067577,0.023439,-0.00618,-0.305862
232,0.078268,0.000569,0.366552,-0.519523,0.360734,-0.774604,-0.510532,-0.857938,-0.057199,-0.684556,0.365291,0.630851,-0.000245,-0.01558,0.022255,-0.068207,0.023411,-0.005878,-0.151731,-0.100241,0.033729,0.33132,0.331193,0.923126,0.195295,-0.815831,0.176318,0.550696,0.473508,-0.342875,0.811228,0.004257,-0.020759,5.3e-05,0.00188,0.001486,-0.055402,-1.405839,0.043433,0.038634,-0.014731,-0.184578,-0.964213,0.190326,0.895777,-0.085371,0.436226,-0.404367,0.251008,0.879478,0.001172,-0.005042,-0.004059,0.027062,0.01432,-0.010095,-0.809393,0.076326,0.023141,-0.056311,-0.426948,0.462367,-0.77713,-0.660232,-0.746627,-0.081493,-0.617906,0.478293,0.624041,-0.000357,-0.008426,0.010623,-0.068501,0.036584,-0.031979,-0.309781
233,0.078235,0.000178,0.367007,-0.517979,0.361993,-0.775051,-0.511352,-0.857345,-0.058753,-0.685116,0.365436,0.630159,-0.001967,-0.028057,0.029681,-0.103472,0.054798,-0.047289,-0.159631,-0.1002,0.033507,0.331179,0.352153,0.914971,0.196996,-0.811876,0.19406,0.550574,0.465084,-0.354974,0.810897,0.002278,-0.009743,-0.007902,0.311155,1.044704,1.165538,-1.405928,0.043455,0.038516,-0.014802,-0.204376,-0.959334,0.194696,0.894163,-0.102014,0.435963,-0.398373,0.263191,0.878651,0.001238,-0.004943,-0.004257,1.080574,3.07546,4.508925,-0.809719,0.07631,0.022948,-0.056087,-0.42513,0.463338,-0.777547,-0.660878,-0.745875,-0.083125,-0.618469,0.478526,0.623304,-0.000505,-0.008866,0.010278,-0.070201,0.025384,-0.008973,-0.31468
234,0.078149,-0.00074,0.367916,-0.516237,0.369015,-0.772899,-0.512871,-0.855897,-0.066152,-0.685297,0.361784,0.632067,-0.002677,-0.030147,0.028059,-0.075315,0.174871,0.013048,-0.16999,-0.10003,0.033091,0.330781,0.385174,0.901285,0.198289,-0.806874,0.22478,0.546225,0.447246,-0.371519,0.813516,0.002873,-0.01227,-0.009996,0.081191,0.168531,-0.134677,-1.406501,0.04354,0.038308,-0.014993,-0.239897,-0.949796,0.200839,0.892431,-0.134329,0.430722,-0.38212,0.282564,0.879853,0.007855,-0.004642,-0.004624,0.423977,0.859818,1.299365,-0.811189,0.076267,0.022494,-0.055642,-0.422088,0.469824,-0.77531,-0.661878,-0.744117,-0.090588,-0.619482,0.474925,0.625049,-0.001335,-0.015023,0.014072,-0.063729,0.245148,0.040783,-0.323498
235,0.077902,-0.001684,0.368942,-0.516862,0.377123,-0.768555,-0.51408,-0.854557,-0.073668,-0.683919,0.356548,0.636518,-0.015298,-0.024717,0.031947,-0.065967,0.215286,0.027697,-0.171973,-0.0998,0.032818,0.330462,0.404284,0.892784,0.198702,-0.803162,0.242753,0.544,0.436927,-0.380643,0.814904,0.001686,-0.007179,-0.005869,0.005363,-0.001189,0.000598,-1.406022,0.043658,0.038158,-0.015171,-0.259853,-0.943804,0.204228,0.890788,-0.152639,0.428015,-0.372789,0.293145,0.880394,0.000825,-0.003509,-0.002857,-0.016078,0.005579,0.001919,-0.811352,0.076145,0.022005,-0.055129,-0.421431,0.478109,-0.770588,-0.662694,-0.742422,-0.098209,-0.619056,0.469276,0.62972,-0.000618,-0.0092,0.010039,-0.032585,0.212736,0.049911,-0.32807
236,0.07755,-0.002591,0.370086,-0.520332,0.383316,-0.76313,-0.51503,-0.853629,-0.077675,-0.680564,0.352136,0.642542,-0.014166,-0.013923,0.02319,-0.028008,0.224385,0.024002,-0.173923,-0.099407,0.032699,0.330343,0.413256,0.888826,0.197987,-0.80159,0.252077,0.542074,0.431379,-0.383838,0.81636,0.013427,0.000541,-0.001259,0.005331,-0.017633,0.027321,-1.406153,0.043855,0.038095,-0.015232,-0.269249,-0.941038,0.204821,0.890159,-0.161997,0.425879,-0.367588,0.296991,0.881291,0.006659,0.000501,-0.000439,-0.012662,-0.011224,0.028297,-0.811189,0.075969,0.021549,-0.054553,-0.423743,0.484592,-0.765252,-0.663381,-0.741286,-0.102082,-0.616739,0.464397,0.635584,-0.007477,-0.011781,0.016449,-0.055167,0.272915,0.050026,-0.329703
237,0.077335,-0.002983,0.370627,-0.522041,0.387796,-0.759692,-0.515813,-0.85285,-0.080966,-0.678659,0.349104,0.646201,-0.014394,-0.014566,0.022689,0.044121,0.518647,0.167544,-0.175951,-0.099144,0.03274,0.330393,0.412825,0.888345,0.201021,-0.80261,0.250638,0.541232,0.429895,-0.385893,0.816174,0.012419,0.004805,0.002232,0.203459,0.616287,-0.42512,-1.406137,0.043983,0.03811,-0.015211,-0.268686,-0.940711,0.207049,0.890613,-0.160746,0.425402,-0.366899,0.2987,0.881,0.006284,0.002056,0.000828,0.663597,2.14187,-1.569317,-0.811515,0.075856,0.02135,-0.054272,-0.424358,0.48819,-0.76262,-0.663876,-0.740489,-0.104611,-0.615782,0.461893,0.63833,-0.007216,-0.007292,0.01134,0.085663,0.689744,0.246067,-0.330682
238,0.076877,-0.003585,0.371542,-0.519933,0.394822,-0.757516,-0.516981,-0.851345,-0.088958,-0.67939,0.344873,0.647702,-0.014152,-0.013821,0.023288,-0.060336,0.090403,-0.042027,-0.175643,-0.098746,0.032741,0.330571,0.411898,0.887868,0.204993,-0.803805,0.24822,0.540572,0.428552,-0.388551,0.815619,0.012561,0.004198,0.001731,0.201398,0.631629,-0.4496,-1.406362,0.044185,0.038122,-0.015113,-0.267202,-0.940141,0.211509,0.891547,-0.157885,0.424516,-0.365712,0.302002,0.880368,0.006256,0.002189,0.000933,0.224599,0.704904,-0.492234,-0.811679,0.075627,0.021047,-0.053816,-0.421486,0.496042,-0.759138,-0.664664,-0.738469,-0.113504,-0.616904,0.456731,0.640956,-0.007074,-0.006857,0.011696,-0.076167,0.048005,-0.0684,-0.331662
239,0.076434,-0.003941,0.372325,-0.519768,0.398004,-0.755963,-0.518292,-0.850291,-0.091381,-0.678518,0.343813,0.649179,-0.012557,-0.001752,0.015485,-0.034046,0.022482,-0.018402,-0.175639,-0.09838,0.032675,0.33089,0.409857,0.888362,0.206935,-0.805822,0.246501,0.538351,0.426723,-0.388517,0.816594,0.011852,0.00715,0.00414,0.008327,-0.019877,0.025548,-1.405998,0.044364,0.038084,-0.014957,-0.264745,-0.940433,0.213297,0.893173,-0.155755,0.421877,-0.363525,0.302201,0.881205,0.006829,-0.001537,0.006361,-0.048395,-0.022313,0.030214,-0.807923,0.075414,0.020872,-0.053441,-0.420651,0.4989,-0.757727,-0.66567,-0.737199,-0.115839,-0.616389,0.455669,0.642207,-0.006232,-0.000704,0.007886,-0.033244,-0.083329,0.15037,-0.332315
240,0.076214,-0.004017,0.372647,-0.519847,0.398147,-0.755833,-0.518856,-0.849992,-0.090957,-0.678026,0.344385,0.64939,-0.012374,-0.001227,0.015893,-0.034631,0.020099,-0.019552,-0.175601,-0.098158,0.032695,0.331068,0.409744,0.887897,0.209142,-0.806458,0.245612,0.537806,0.425631,-0.390143,0.816389,0.013815,-0.003704,0.012215,-0.034075,-0.009702,0.008484,-1.40594,0.044473,0.0381,-0.01487,-0.264438,-0.939999,0.215577,0.893561,-0.154723,0.421435,-0.362794,0.304075,0.880862,-0.000716,0.002966,0.002415,-0.002959,-0.018196,0.026901,-0.810046,0.075299,0.020829,-0.053272,-0.420719,0.49891,-0.757683,-0.666185,-0.736825,-0.115262,-0.615785,0.456265,0.642362,-0.006288,-0.000867,0.007754,-0.03547,0.0172,-0.021076,-0.332479
241,0.075737,-0.004065,0.373164,-0.520018,0.398318,-0.755625,-0.519654,-0.849576,-0.09029,-0.677284,0.345211,0.649725,-0.013326,-0.003973,0.013729,-0.035542,0.032758,-0.045426,-0.172481,-0.09785,0.032804,0.331405,0.410002,0.887917,0.208552,-0.806006,0.245856,0.538371,0.426237,-0.389944,0.816168,0.000417,-0.004399,0.013343,-0.033841,-0.010217,0.003287,-1.406015,0.044633,0.038154,-0.014702,-0.264795,-0.940032,0.214992,0.893193,-0.155066,0.42209,-0.363441,0.303797,0.880691,0.005651,0.004665,0.002945,0.004392,-0.030861,0.053561,-0.810862,0.075063,0.020812,-0.053007,-0.420832,0.499095,-0.757498,-0.666912,-0.73627,-0.114602,-0.614921,0.456956,0.642699,-0.006099,0.003374,0.002434,0.005313,-0.07268,0.148976,-0.331989
242,0.075385,-0.00406,0.373415,-0.518455,0.399332,-0.756164,-0.519625,-0.849373,-0.092351,-0.678505,0.34454,0.648807,-0.014229,-0.006555,0.0117,-0.035537,0.032775,-0.045418,-0.172976,-0.097445,0.03308,0.331721,0.410022,0.887891,0.208623,-0.805868,0.245711,0.538644,0.426478,-0.390095,0.815969,0.013252,-0.001444,0.014033,-0.048117,0.083186,-0.133255,-1.406118,0.044835,0.038293,-0.014537,-0.264819,-0.940011,0.215058,0.893062,-0.154953,0.422409,-0.363745,0.303922,0.880522,0.006619,-0.000714,0.007015,-0.048059,0.083275,-0.133092,-0.811679,0.074888,0.020817,-0.05288,-0.41909,0.499808,-0.757993,-0.6668,-0.736047,-0.116667,-0.61623,0.456536,0.641742,5.7e-05,0.000178,0.000146,-0.000625,0.000464,-0.000662,-0.330846
243,0.07512,-0.004063,0.373535,-0.518842,0.399096,-0.756023,-0.519605,-0.849435,-0.091884,-0.678224,0.344659,0.649038,-0.001208,-0.010869,0.008762,-0.034548,0.018074,-0.015858,-0.171531,-0.097075,0.033317,0.332099,0.409495,0.887877,0.209718,-0.80602,0.244574,0.538933,0.426697,-0.390843,0.815497,0.012923,-0.000147,0.015069,-0.048111,0.083071,-0.133326,-1.406163,0.04502,0.03841,-0.014349,-0.264167,-0.93996,0.216078,0.893105,-0.153821,0.422731,-0.364113,0.304652,0.880118,0.006442,-1.8e-05,0.007573,-0.048089,0.083129,-0.133218,-0.813801,0.07475,0.020816,-0.05282,-0.419546,0.499633,-0.757857,-0.666794,-0.73613,-0.116175,-0.615927,0.456594,0.641993,-0.006908,0.001036,0.000592,-0.000996,0.014721,-0.029574,-0.330682
244,0.075015,-0.004069,0.373565,-0.519095,0.398916,-0.755944,-0.519519,-0.849516,-0.091619,-0.678096,0.344668,0.649167,-0.000111,-0.000318,-0.000249,0.0,0.0,0.0,-0.170028,-0.096897,0.033384,0.33233,0.409281,0.887888,0.210087,-0.805977,0.244063,0.539229,0.426983,-0.391138,0.815206,0.010802,0.011216,0.007388,-0.011914,0.077562,-0.112591,-1.406368,0.045105,0.03844,-0.014236,-0.263965,-0.939959,0.21633,0.893017,-0.153415,0.423065,-0.364475,0.304861,0.879896,0.006442,-3.2e-05,0.007558,-0.031764,-0.025438,0.032579,-0.814291,0.074696,0.020807,-0.052803,-0.419846,0.499499,-0.757779,-0.666741,-0.736223,-0.115884,-0.615779,0.456589,0.642137,-0.006823,0.001284,0.000786,-0.001001,0.014711,-0.029574,-0.330029
245,0.074891,-0.004055,0.373585,-0.519468,0.398626,-0.755841,-0.519323,-0.849674,-0.091267,-0.67796,0.344614,0.649337,-3e-05,-8.4e-05,-6.6e-05,0.0,0.0,0.0,-0.169257,-0.096461,0.033312,0.332912,0.408887,0.887963,0.210534,-0.805575,0.242969,0.540324,0.428118,-0.391649,0.814365,0.000225,-0.003648,0.013908,-0.033815,-0.01032,0.003234,-1.406366,0.045327,0.03841,-0.013941,-0.263461,-0.93999,0.216807,0.892642,-0.152339,0.424242,-0.365755,0.305303,0.879211,0.000111,-0.001854,0.006924,-0.033814,-0.010274,0.003282,-0.815108,0.074633,0.020813,-0.052794,-0.420269,0.499282,-0.757687,-0.666585,-0.736421,-0.115531,-0.61566,0.456508,0.642309,-2.1e-05,-5.5e-05,-4e-05,-5e-06,1e-05,3e-06,-0.329376
246,0.074881,-0.004053,0.373587,-0.519487,0.398611,-0.755835,-0.519312,-0.849683,-0.09125,-0.677954,0.34461,0.649346,-0.0,-0.0,-0.0,0.0,0.0,0.0,-0.166665,-0.096046,0.033119,0.333652,0.408559,0.888096,0.210611,-0.804864,0.241897,0.541863,0.429763,-0.392012,0.813323,0.014534,-0.009501,0.024336,-0.067926,-0.020249,0.011603,-1.406257,0.04553,0.038313,-0.013583,-0.263114,-0.940077,0.216853,0.892026,-0.151429,0.42586,-0.367504,0.305488,0.878417,0.006174,0.001004,0.008376,-0.029401,-0.041179,0.056585,-0.815271,0.074623,0.020815,-0.052792,-0.420313,0.499259,-0.757678,-0.666567,-0.736442,-0.115497,-0.615649,0.456498,0.642326,0.0,0.0,4e-06,0.0,1.1e-05,1.1e-05,-0.328233
247,0.074901,-0.004057,0.373584,-0.517531,0.399795,-0.756552,-0.519099,-0.849524,-0.093898,-0.679612,0.343628,0.648132,-0.0,-0.0,-0.0,3e-06,-2e-06,3e-06,-0.164929,-0.095821,0.033035,0.334023,0.406795,0.889091,0.209826,-0.805879,0.241261,0.540635,0.429537,-0.390139,0.814342,0.012681,0.00073,0.015728,-0.015119,-0.038031,0.022741,-1.406178,0.045642,0.038271,-0.013391,-0.26129,-0.940847,0.215717,0.892886,-0.150682,0.424319,-0.366715,0.303481,0.879441,0.00737,-0.005214,0.011786,-0.076995,-0.022666,0.001137,-0.816087,0.074633,0.020812,-0.052794,-0.418119,0.50008,-0.758349,-0.666266,-0.736288,-0.118184,-0.617466,0.455848,0.641043,-1e-06,0.0,2e-06,-0.003427,0.002594,-0.003556,-0.32758
248,0.074991,-0.004078,0.37357,-0.517246,0.400022,-0.756627,-0.519263,-0.849395,-0.094158,-0.679703,0.343684,0.648007,-0.0,-0.0,-0.0,0.0,0.0,0.0,-0.164492,-0.095532,0.032821,0.334738,0.403161,0.891085,0.208377,-0.807975,0.239848,0.538129,0.42903,-0.386436,0.816372,0.000131,-0.003292,0.014168,-0.001269,-0.034785,-0.015734,-1.406062,0.045791,0.038166,-0.013026,-0.257606,-0.942328,0.213672,0.894475,-0.14893,0.421584,-0.365448,0.299727,0.881255,7.2e-05,-0.001723,0.007016,-0.039245,-0.018169,-0.014153,-0.817067,0.074684,0.020801,-0.052801,-0.41781,0.500249,-0.758409,-0.666414,-0.736118,-0.118416,-0.617516,0.455939,0.640931,-2e-06,-1e-06,1e-06,-5.6e-05,4.9e-05,-5.6e-05,-0.32562
249,0.075095,-0.004095,0.37356,-0.513197,0.402498,-0.75807,-0.518891,-0.849005,-0.099572,-0.683051,0.34175,0.645504,1.5e-05,4.4e-05,3.5e-05,0.0,-0.0,0.0,-0.164589,-0.095362,0.032625,0.335317,0.398052,0.893958,0.205877,-0.811482,0.23862,0.533377,0.427187,-0.380501,0.820118,0.013373,-0.002089,0.013448,0.001712,-0.050706,0.013029,-1.405977,0.045876,0.038069,-0.012736,-0.252437,-0.944461,0.210396,0.897198,-0.147037,0.41643,-0.362366,0.293889,0.884487,0.006708,-0.001162,0.006628,-0.044328,-0.029953,0.015594,-0.816251,0.074735,0.020792,-0.052806,-0.413315,0.501954,-0.759745,-0.665855,-0.735729,-0.12385,-0.621133,0.454691,0.638316,0.006728,-0.001542,-0.000986,-0.001709,-0.012673,0.026762,-0.32513
602,0.085142,0.033067,0.360245,-0.732104,-0.028482,-0.680631,-0.104501,-0.982602,0.153445,-0.672252,0.183493,0.717241,0.0446,0.034477,-0.023555,-0.19525,-0.518149,-0.047872,0.04833,-0.10828,0.041239,0.338415,0.842449,-0.136021,0.521314,-0.182392,0.838318,0.513701,-0.507949,-0.527677,0.680741,-0.026009,-0.000507,0.002431,0.009083,-0.000195,-0.077657,-1.405757,0.039427,0.042374,-0.01119,-0.77852,0.007562,0.627573,0.351381,-0.823273,0.445816,0.520036,0.567594,0.638277,-0.01307,9e-05,0.001477,-0.020601,-0.121071,0.110321,-0.786369,0.079739,0.039352,-0.05946,-0.711106,0.119642,-0.69283,-0.289351,-0.947896,0.133295,-0.640784,0.295258,0.708673,0.021816,0.012109,-0.007382,-0.482587,-0.744097,-0.126773,-0.173923
603,0.086809,0.034445,0.359419,-0.724479,0.028353,-0.688746,-0.19692,-0.966027,0.167292,-0.659707,0.256786,0.706311,0.046478,0.048274,-0.029926,-1.477996,-0.314072,0.968504,0.141936,-0.109221,0.041516,0.338439,0.854599,-0.080203,0.513049,-0.231913,0.824882,0.51548,-0.465611,-0.559407,0.685663,-0.026615,0.0026,0.0047,-2.843505,-2.841712,-3.833528,-1.40592,0.038957,0.042507,-0.011182,-0.784578,-0.043879,0.618474,0.39411,-0.805348,0.44282,0.478657,0.591174,0.649152,-0.007969,0.008021,-0.001411,0.00312,-0.013328,-0.01258,-0.790451,0.080572,0.040038,-0.05987,-0.692807,0.172868,-0.700095,-0.375911,-0.915074,0.146046,-0.615392,0.364355,0.698953,0.022485,0.018244,-0.011122,-4.423372,0.288294,4.065763,-0.082481
604,0.087628,0.03518,0.358966,-0.716686,0.049662,-0.695658,-0.236876,-0.955497,0.175748,-0.655083,0.290674,0.697425,0.057418,0.033914,-0.023821,-2.697706,1.312486,-0.695847,0.211884,-0.109691,0.041738,0.338432,0.860092,-0.045451,0.508103,-0.262782,0.814058,0.517869,-0.438234,-0.578874,0.687546,-0.0159,0.015936,-0.002925,-1.321944,-2.859602,0.677631,-1.405729,0.038711,0.042622,-0.011182,-0.785543,-0.083577,0.613136,0.428113,-0.788839,0.440966,0.446811,0.60889,0.655448,-0.007965,0.00807,-0.001376,-1.321743,-2.86912,0.662926,-0.798779,0.081,0.040427,-0.060105,-0.67982,0.193132,-0.70749,-0.414827,-0.896809,0.15379,-0.604782,0.398036,0.689786,0.028716,0.01694,-0.011977,-2.762935,1.229687,-0.733576,-0.006877
605,0.089494,0.036398,0.357995,-0.697717,0.087611,-0.711028,-0.310671,-0.931314,0.190026,-0.644678,0.353366,0.677901,0.042507,0.029766,-0.026775,-1.437832,-0.298826,0.97516,0.301044,-0.110514,0.042149,0.338299,0.868927,0.049375,0.492462,-0.339614,0.783072,0.520956,-0.360993,-0.619976,0.696546,-0.01489,0.011215,-0.006406,-3.166715,-4.933724,-2.077875,-1.405268,0.038304,0.042831,-0.011241,-0.784041,-0.17384,0.595868,0.497204,-0.750563,0.435248,0.371573,0.637521,0.674907,-0.007436,0.005648,-0.00317,-0.013571,-0.095362,-0.153588,-0.801065,0.081921,0.041037,-0.060572,-0.654683,0.225916,-0.721354,-0.481844,-0.860007,0.16797,-0.582422,0.457547,0.671888,0.027502,0.013637,-0.014237,-4.371919,0.355871,3.456006,0.148086
606,0.091149,0.037406,0.356821,-0.677198,0.149226,-0.720542,-0.403041,-0.894483,0.193473,-0.614804,0.421237,0.666786,0.040418,0.023548,-0.031016,-4.296472,0.51956,3.636028,0.349676,-0.110965,0.042424,0.338004,0.885767,0.098019,0.453652,-0.355768,0.770854,0.528344,-0.299017,-0.629502,0.717062,0.000303,-0.001494,-0.001098,-2.50775,-5.558575,-2.286114,-1.405206,0.038073,0.042972,-0.011391,-0.799991,-0.220909,0.557864,0.512196,-0.735699,0.443172,0.31252,0.64027,0.701701,-0.006978,0.003424,-0.0048,0.119572,-0.384716,0.232908,-0.803841,0.08275,0.041545,-0.061156,-0.624263,0.281382,-0.728778,-0.562423,-0.809335,0.169279,-0.542195,0.515557,0.663494,0.013874,0.01267,-0.014959,-0.26234,0.060779,0.454006,0.236589
607,0.091835,0.037933,0.356166,-0.662601,0.189632,-0.7246,-0.460378,-0.866199,0.194224,-0.589998,0.462043,0.662153,0.027311,0.02423,-0.030605,-1.401554,-0.027889,1.091341,0.357046,-0.11109,0.042539,0.337871,0.896147,0.135181,0.422656,-0.366382,0.762467,0.533237,-0.251298,-0.632877,0.732242,-0.014161,0.007722,-0.008968,-2.285986,-5.706223,-2.321845,-1.405232,0.038017,0.043019,-0.011453,-0.809752,-0.257912,0.52705,0.522311,-0.726122,0.447143,0.267379,0.63736,0.722689,-0.000743,0.004725,-0.004532,0.085387,-0.906311,-0.08752,-0.800901,0.083083,0.041798,-0.061473,-0.602455,0.317697,-0.732199,-0.613474,-0.771163,0.170165,-0.510584,0.551702,0.65949,0.013686,0.012151,-0.015305,-1.497644,-0.288716,0.887402,0.265165
608,0.092924,0.038681,0.354932,-0.634585,0.238497,-0.735164,-0.535884,-0.821187,0.196093,-0.556157,0.518099,0.649838,0.025666,0.01899,-0.034179,-1.271908,-0.108198,1.170812,0.354558,-0.111,0.042816,0.337664,0.89289,0.236048,0.383431,-0.42036,0.741727,0.522563,-0.162169,-0.628063,0.760987,0.000275,-0.001355,-0.000996,0.077124,-1.84704,-1.031243,-1.405218,0.038055,0.043164,-0.011563,-0.799465,-0.361033,0.480114,0.573374,-0.696987,0.43064,0.179158,0.619567,0.764224,0.005273,0.006162,-0.004214,-1.142158,-4.062909,-4.092413,-0.810046,0.083634,0.042181,-0.06209,-0.56551,0.360418,-0.741818,-0.679972,-0.712763,0.172061,-0.466727,0.601719,0.64815,0.012774,0.009217,-0.017301,-0.142553,-0.477054,-0.147386,0.283453
609,0.093474,0.038624,0.354029,-0.585825,0.268686,-0.764633,-0.587406,-0.790763,0.172105,-0.557679,0.549635,0.622032,0.008663,-0.008005,-0.021322,-0.118259,-0.47557,0.28404,0.346837,-0.110769,0.043182,0.33741,0.884003,0.312607,0.347574,-0.456673,0.735707,0.500119,-0.100479,-0.601224,0.792652,0.011122,0.011109,-0.009213,-1.030098,-3.725256,-4.363297,-1.405112,0.038166,0.043345,-0.011686,-0.787698,-0.430898,0.440292,0.602545,-0.68774,0.404909,0.128332,0.584243,0.801367,-0.000775,0.004909,-0.004394,0.975641,-1.161398,0.084695,-0.819843,0.083925,0.042167,-0.062555,-0.509211,0.384494,-0.769978,-0.728405,-0.669054,0.14762,-0.458398,0.636026,0.620757,-0.002515,-0.00843,-0.00587,-0.199088,-0.861054,0.849455,0.278228
610,0.093562,0.038217,0.353759,-0.556225,0.283246,-0.7813,-0.608885,-0.778717,0.151101,-0.564927,0.559412,0.606582,0.006986,-0.020876,-0.014456,-1.30907,-0.082624,1.474214,0.347578,-0.110647,0.043271,0.337281,0.875543,0.345091,0.338125,-0.476446,0.731934,0.487038,-0.080511,-0.587952,0.804795,0.011302,0.010223,-0.009866,1.296307,1.276531,-1.237399,-1.404744,0.038227,0.043391,-0.011749,-0.774729,-0.467582,0.425629,0.623268,-0.678058,0.38958,0.106441,0.567101,0.816741,0.005669,0.005116,-0.004933,0.782684,-1.321778,-0.167048,-0.815924,0.083972,0.041977,-0.062693,-0.479671,0.389921,-0.786051,-0.742709,-0.65744,0.127098,-0.467224,0.644773,0.604953,0.003442,-0.010656,-0.007388,0.009406,-0.175318,0.309886,0.276432
