frame,MLTx,MLTy,MLTz,MLTR1,MLTR2,MLTR3,MLTR4,MLTR5,MLTR6,MLTR7,MLTR8,MLTR9,MLTTVx,MLTTVy,MLTTVz,MLTRVx,MLTRVy,MLTRVz,MLGA,MRTx,MRTy,MRTz,MRTR1,MRTR2,MRTR3,MRTR4,MRTR5,MRTR6,MRTR7,MRTR8,MRTR9,MRTTVx,MRTTVy,MRTTVz,MRTRVx,MRTRVy,MRTRVz,MRGA,SLTx,SLTy,SLTz,SLTR1,SLTR2,SLTR3,SLTR4,SLTR5,SLTR6,SLTR7,SLTR8,SLTR9,SLTTVx,SLTTVy,SLTTVz,SLTRVx,SLTRVy,SLTRVz,SLGA,SRTx,SRTy,SRTz,SRTR1,SRTR2,SRTR3,SRTR4,SRTR5,SRTR6,SRTR7,SRTR8,SRTR9,SRTTVx,SRTTVy,SRTTVz,SRTRVx,SRTRVy,SRTRVz,SRGA
3150,0.154385,0.026435,0.374663,-0.748829,-0.470662,-0.466666,0.149147,-0.805723,0.573182,-0.644849,0.360195,0.674134,-5.6e-05,0.048368,-0.046831,-0.324819,-0.290083,-0.282787,0.399828,-0.124395,0.061222,0.358016,0.81361,-0.450804,0.367159,-0.001868,0.6293,0.777118,-0.582392,-0.632378,0.510667,-0.000213,0.001263,0.000724,0.012564,-0.105231,0.168314,0.48296,0.031829,0.048545,-0.002544,-0.807085,0.410414,0.424468,0.054182,-0.664393,0.745416,0.587943,0.624613,0.513984,-0.000139,0.000824,0.000472,0.017374,-0.024231,0.02544,0.456109,0.114387,0.037683,-0.053804,-0.643674,-0.547595,-0.534623,0.25172,-0.8112,0.527817,-0.722716,0.205167,0.659989,4.3e-05,0.0242,-0.023402,-1.203347,1.128702,-2.208516,0.330808
3151,0.154312,0.028467,0.372578,-0.738037,-0.492989,-0.460769,0.154043,-0.787926,0.596168,-0.656039,0.369625,0.65804,-0.000598,0.042872,-0.049909,-0.635233,-0.653139,-0.466485,0.414039,-0.124404,0.061275,0.358047,0.810698,-0.449381,0.375256,-0.007946,0.632284,0.774653,-0.58639,-0.630414,0.508516,-0.000201,0.001192,0.000683,-3e-06,3.1e-05,-4.5e-05,0.49386,0.031825,0.048573,-0.002529,-0.803853,0.408639,0.432242,0.060078,-0.667176,0.742473,0.591785,0.622808,0.511761,-0.000147,0.000865,0.000495,0.000304,-0.005555,0.0065,0.468356,0.114347,0.038714,-0.054837,-0.631149,-0.567401,-0.528872,0.253336,-0.795233,0.550839,-0.733124,0.21368,0.645654,0.005944,0.020691,-0.025567,-0.38486,-0.435194,-0.341626,0.358567
3152,0.154333,0.029892,0.370496,-0.729555,-0.50481,-0.461478,0.151357,-0.77719,0.61077,-0.666072,0.376366,0.64399,-0.001697,0.022275,-0.047028,-1.317322,0.499718,0.610714,0.407597,-0.124424,0.061342,0.358086,0.807803,-0.450232,0.380443,-0.012204,0.63234,0.774552,-0.590301,-0.629749,0.5048,-0.000193,0.001144,0.000654,-0.00201,0.001523,0.001159,0.499018,0.031814,0.048607,-0.002509,-0.800739,0.409413,0.437262,0.064331,-0.666972,0.742299,0.595549,0.622517,0.507733,-0.000113,0.000669,0.000384,0.013843,-0.006076,-0.002471,0.479623,0.114358,0.039462,-0.055897,-0.619313,-0.579221,-0.530051,0.249616,-0.785327,0.566526,-0.744408,0.218547,0.630946,-0.000939,0.015969,-0.028238,-2.620096,3.106791,3.488017,0.364935
3153,0.154268,0.030364,0.369467,-0.7255,-0.509741,-0.462449,0.151879,-0.773963,0.614725,-0.670367,0.376377,0.639512,-0.002108,0.018241,-0.04945,-0.184633,-0.286548,-0.147966,0.395844,-0.124438,0.06137,0.358103,0.805867,-0.451548,0.382981,-0.014491,0.631422,0.775261,-0.592892,-0.629727,0.501784,-0.000193,0.001147,0.000656,-0.084492,0.064005,0.048689,0.498859,0.031808,0.048621,-0.0025,-0.798826,0.410446,0.439784,0.066702,-0.666127,0.742848,0.597852,0.622742,0.504742,-0.000138,0.000814,0.000466,-0.126959,0.092083,0.073988,0.482236,0.114326,0.0397,-0.05641,-0.614462,-0.583129,-0.531408,0.247481,-0.782035,0.57199,-0.749125,0.219953,0.624845,-0.00726,0.009477,-0.024341,-0.261159,-0.244036,-0.353661,0.356608
3154,0.153757,0.030893,0.367484,-0.734188,-0.491072,-0.468895,0.128339,-0.778545,0.614303,-0.665811,0.391444,0.635212,-0.027941,0.002186,-0.043479,0.601575,-1.676989,1.99668,0.341295,-0.124458,0.061437,0.358142,0.80801,-0.440469,0.391276,-0.028269,0.634202,0.772608,-0.589462,-0.634769,0.499465,-0.000245,0.001458,0.000834,-0.012602,0.139418,-0.205522,0.487956,0.031797,0.048654,-0.002481,-0.800306,0.399112,0.447457,0.080181,-0.668331,0.739529,0.594205,0.627728,0.502869,-0.000148,0.000878,0.000501,-0.058751,0.619809,-0.921695,0.479623,0.11408,0.039969,-0.057405,-0.626387,-0.567094,-0.53483,0.225968,-0.788747,0.571678,-0.746041,0.237237,0.622205,-0.007645,0.001038,-0.021923,0.066894,0.134456,0.05347,0.313989
3155,0.152702,0.030766,0.365665,-0.764797,-0.429833,-0.479975,0.065498,-0.792994,0.605676,-0.640006,0.432312,0.635236,-0.041609,-0.006416,-0.048687,-0.701325,1.071145,0.928471,0.201634,-0.124478,0.061453,0.358109,0.801694,-0.437483,0.407293,-0.04036,0.640056,0.767224,-0.597333,-0.630954,0.494927,0.000391,-0.002322,-0.001327,-0.003775,0.041828,-0.061656,0.447151,0.031786,0.04867,-0.002493,-0.793164,0.39554,0.463074,0.092205,-0.673615,0.733307,0.601986,0.624331,0.497817,0.000297,-0.001761,-0.001008,-0.047595,0.524988,-0.772575,0.450721,0.113569,0.03992,-0.058295,-0.662134,-0.513074,-0.546197,0.170185,-0.81277,0.557172,-0.729803,0.275969,0.625481,-0.020754,-0.003213,-0.024319,0.027009,0.148787,-0.030412,0.195113
3156,0.150841,0.030094,0.36395,-0.787906,-0.363936,-0.496789,0.00303,-0.809016,0.587755,-0.614838,0.46204,0.639156,-0.067756,-0.020076,-0.041736,-0.381179,1.287503,1.180492,0.077474,-0.124591,0.06133,0.35791,0.812715,-0.406241,0.417678,-0.066012,0.647865,0.758847,-0.579882,-0.643774,0.499154,-0.01065,-0.007946,-0.003637,0.182911,-0.224697,0.036811,0.400708,0.031734,0.048609,-0.002592,-0.802686,0.363656,0.472702,0.11777,-0.680337,0.723374,0.584656,0.636313,0.50327,-0.000221,0.001861,-0.00609,0.256234,-0.172506,-0.130499,0.39161,0.112637,0.039574,-0.059175,-0.696566,-0.448318,-0.560184,0.108334,-0.837519,0.53556,-0.709266,0.312366,0.631955,-0.033935,-0.01019,-0.020938,-2.095532,3.67695,3.777655,0.000308
3157,0.149415,0.029687,0.363174,-0.795899,-0.339386,-0.501405,-0.011907,-0.819234,0.573311,-0.604353,0.462686,0.648618,-0.080569,-0.018385,-0.040624,0.824568,0.662325,0.250377,0.011125,-0.124623,0.061265,0.357758,0.820647,-0.387753,0.419735,-0.078288,0.651141,0.754865,-0.567027,-0.651837,0.503439,-0.010335,-0.009857,-0.004738,0.129383,-0.325732,-0.065886,0.387886,0.031718,0.048577,-0.002668,-0.810071,0.344893,0.474164,0.129781,-0.683167,0.718637,0.571787,0.643685,0.508653,-0.000194,0.001698,-0.006186,0.05001,-0.54148,-0.382877,0.368912,0.111898,0.039358,-0.059582,-0.708802,-0.42415,-0.563645,0.094451,-0.848905,0.520036,-0.699055,0.315366,0.641767,-0.040257,-0.009304,-0.020351,0.791384,0.651749,0.230984,-0.089339
3158,0.145674,0.0286,0.362101,-0.810129,-0.288219,-0.510555,-0.039244,-0.842248,0.537634,-0.583965,0.455943,0.67166,-0.106474,-0.032858,-0.018983,1.04304,0.533677,0.809977,-0.112791,-0.124612,0.061066,0.357345,0.827034,-0.365786,0.426858,-0.089409,0.6639,0.742412,-0.555983,-0.651693,0.515793,0.002019,-0.012043,-0.006937,0.390816,-0.275755,-0.255223,0.325673,0.031718,0.048479,-0.002873,-0.815378,0.322992,0.480452,0.140784,-0.694362,0.70572,0.561549,0.643069,0.520695,0.000226,-0.000803,-0.007631,0.638821,-0.497789,-0.16151,0.310291,0.110067,0.038817,-0.060119,-0.730483,-0.375915,-0.570159,0.072774,-0.872965,0.482322,-0.679042,0.310836,0.665043,-0.053204,-0.016509,-0.009494,0.881995,-0.159646,1.143783,-0.228463
3159,0.140913,0.027392,0.361767,-0.834689,-0.201609,-0.512537,-0.102165,-0.857801,0.503698,-0.540169,0.473041,0.696044,-0.131486,-0.029087,-0.000962,0.326147,0.678772,0.763445,-0.166463,-0.124548,0.06076,0.356888,0.828073,-0.355477,0.433501,-0.09279,0.675512,0.731442,-0.553875,-0.645453,0.52581,0.00059,-0.002468,-0.015789,0.200142,-0.197724,0.050695,0.244353,0.031751,0.04832,-0.0031,-0.816223,0.311181,0.48677,0.143985,-0.706394,0.693018,0.559506,0.635745,0.53177,0.001076,-0.006369,-0.003688,0.122857,-0.099623,-0.101556,0.211174,0.107744,0.038211,-0.0603,-0.768859,-0.294443,-0.56759,0.016585,-0.896551,0.442629,-0.639203,0.330906,0.694205,-0.065676,-0.014296,-0.000195,-1.948381,3.512787,4.42807,-0.304883
3160,0.138376,0.02688,0.361844,-0.846024,-0.155459,-0.510022,-0.138168,-0.859991,0.49122,-0.513929,0.486242,0.706734,-0.144283,-0.033543,0.011761,0.20647,0.634019,0.683973,-0.172017,-0.124529,0.060663,0.356638,0.828544,-0.349283,0.437617,-0.094873,0.682521,0.724638,-0.552816,-0.641461,0.531776,0.000437,-0.001553,-0.015274,0.297641,-0.279996,0.015097,0.213965,0.031761,0.048269,-0.003227,-0.816173,0.305166,0.490647,0.14601,-0.712667,0.686138,0.559054,0.631647,0.537102,0.000264,-0.001002,-0.007767,0.333922,-0.192037,-0.210107,0.16235,0.106431,0.037946,-0.060267,-0.788308,-0.249298,-0.562512,-0.019172,-0.903841,0.427438,-0.614981,0.347737,0.707725,-0.065469,-0.011125,0.001732,-0.252259,1.268022,1.640402,-0.318109
3161,0.132707,0.025745,0.362452,-0.855244,-0.107322,-0.507035,-0.171935,-0.8642,0.47283,-0.487864,0.491691,0.721287,-0.144713,-0.037257,0.024607,0.339618,0.320808,0.29909,-0.237043,-0.124525,0.060627,0.356057,0.831127,-0.339885,0.440111,-0.094719,0.693187,0.714461,-0.548946,-0.635056,0.543346,-0.001398,0.010438,-0.0227,0.430589,-0.264407,-0.189189,0.180723,0.031764,0.048245,-0.003515,-0.818209,0.296314,0.492676,0.145736,-0.72206,0.676305,0.556141,0.62516,0.547613,0.000185,-0.000537,-0.007507,0.604375,-0.464772,-0.145471,0.095074,0.103597,0.037386,-0.059965,-0.804972,-0.203581,-0.557291,-0.051781,-0.911598,0.407806,-0.591048,0.35713,0.72327,-0.072098,-0.012942,0.008285,0.548987,0.440509,0.384524,-0.356809
3162,0.126953,0.024215,0.363658,-0.853841,-0.094457,-0.511937,-0.17993,-0.869277,0.460385,-0.487442,0.485321,0.725872,-0.145337,-0.041874,0.036983,0.295576,0.234636,0.451451,-0.274647,-0.124547,0.060707,0.355424,0.833105,-0.332282,0.442173,-0.09453,0.701958,0.70587,-0.545971,-0.629434,0.552804,0.0002,-0.000145,-0.014495,0.433925,-0.285872,-0.231981,0.163239,0.031753,0.048289,-0.003829,-0.819723,0.289297,0.494328,0.145371,-0.729717,0.668116,0.554004,0.619531,0.55611,0.000144,-0.000276,-0.007367,0.011888,0.020645,-0.026087,0.060456,0.100721,0.036624,-0.059366,-0.805055,-0.191011,-0.561605,-0.058342,-0.916653,0.3954,-0.590323,0.351084,0.726813,-0.072579,-0.020401,0.018931,0.303599,0.337988,0.309223,-0.39012
3163,0.121405,0.022615,0.365432,-0.848309,-0.071852,-0.524648,-0.198145,-0.875741,0.440215,-0.490034,0.477479,0.72932,-0.132117,-0.043487,0.051379,0.422902,0.453868,0.406814,-0.376314,-0.124615,0.060842,0.354826,0.834131,-0.328478,0.443079,-0.094004,0.706729,0.701164,-0.544491,-0.626091,0.558035,-4.1e-05,0.001293,-0.013664,0.122365,-0.056437,-0.054641,0.149777,0.031719,0.048355,-0.004134,-0.821161,0.283775,0.495142,0.14465,-0.735786,0.661585,0.55206,0.61489,0.563151,-1.8e-05,0.000693,-0.006803,0.115864,-0.056826,-0.055004,0.037106,0.097941,0.03582,-0.058487,-0.802397,-0.167248,-0.572875,-0.074448,-0.924378,0.374142,-0.592128,0.34286,0.729267,-0.072351,-0.020286,0.026811,0.001844,-0.056659,0.399298,-0.450048
3164,0.118608,0.021804,0.366606,-0.846034,-0.058587,-0.529944,-0.205626,-0.881226,0.425595,-0.490885,0.469106,0.734165,-0.131676,-0.046891,0.064896,1.359881,-1.373572,2.206757,-0.42625,-0.124638,0.060897,0.354547,0.834621,-0.326548,0.443584,-0.093837,0.709078,0.698811,-0.543768,-0.624446,0.560577,-0.001769,0.012653,-0.02141,0.297808,-0.166179,-0.114623,0.143799,0.031707,0.048384,-0.004279,-0.82135,0.282408,0.495608,0.144501,-0.737493,0.659714,0.551816,0.613473,0.564932,-0.000878,0.006343,-0.010694,0.374141,-0.202266,-0.141471,0.027635,0.096591,0.035425,-0.057929,-0.803291,-0.155137,-0.575025,-0.079079,-0.929149,0.361147,-0.590312,0.335579,0.73411,-0.072175,-0.022174,0.033442,0.259062,0.393087,0.307459,-0.480257
3165,0.113373,0.020402,0.369286,-0.851074,-0.02958,-0.524255,-0.215172,-0.891113,0.399488,-0.477932,0.452831,0.752697,-0.129358,-0.033156,0.074005,0.46565,0.460675,0.643401,-0.492936,-0.124659,0.060967,0.353961,0.835286,-0.322472,0.445309,-0.094126,0.713933,0.693811,-0.542694,-0.62103,0.565391,-7e-06,0.001088,-0.013804,0.249125,-0.053053,-0.302838,0.126957,0.031697,0.048418,-0.004561,-0.821756,0.278669,0.497051,0.144616,-0.741722,0.654931,0.551182,0.610075,0.569214,1.1e-05,0.000502,-0.006925,0.489324,-0.292753,-0.236837,0.00804,0.093923,0.034702,-0.056573,-0.812658,-0.125416,-0.569083,-0.086367,-0.939859,0.330461,-0.576303,0.317702,0.752953,-0.064907,-0.021254,0.041907,0.624598,0.734049,0.565054,-0.542634
3166,0.108298,0.019337,0.372662,-0.858387,0.019285,-0.512685,-0.240353,-0.897987,0.36854,-0.452212,0.439547,0.7761,-0.12598,-0.025168,0.095062,0.68857,0.910758,0.459956,-0.52401,-0.124643,0.061083,0.353388,0.836472,-0.318761,0.445755,-0.093368,0.718452,0.689233,-0.540994,-0.617733,0.570609,-5.1e-05,0.001349,-0.013661,0.096726,-0.03768,-0.040366,0.114464,0.031705,0.048476,-0.004853,-0.82312,0.273882,0.497454,0.143744,-0.746987,0.649112,0.549372,0.605804,0.575492,-1.8e-05,0.000692,-0.00682,0.078086,-0.031354,-0.03582,-0.010085,0.091383,0.03416,-0.054897,-0.82755,-0.07988,-0.555679,-0.109173,-0.948029,0.298868,-0.550673,0.307993,0.77582,-0.062886,-0.011897,0.048069,0.336054,0.49123,0.479176,-0.577088
3167,0.105821,0.018978,0.374677,-0.864688,0.049858,-0.499874,-0.262095,-0.893694,0.364129,-0.427507,0.445806,0.786462,-0.110671,-0.017115,0.100178,0.202359,0.51192,0.254657,-0.546664,-0.124601,0.061122,0.353147,0.836431,-0.318852,0.445766,-0.092985,0.718822,0.6889,-0.541124,-0.617257,0.571001,0.011512,0.004343,-0.012848,0.037158,-0.007307,0.024549,0.108482,0.031722,0.048493,-0.004974,-0.823046,0.274025,0.497499,0.14348,-0.747198,0.648928,0.549553,0.605479,0.575661,0.000724,-0.004261,-0.002532,-0.014201,0.022564,-0.018806,-0.019556,0.090138,0.033975,-0.053893,-0.840134,-0.050178,-0.540052,-0.130863,-0.947541,0.291616,-0.526354,0.31567,0.789495,-0.061606,-0.006746,0.051396,0.174948,0.709876,0.151777,-0.591947
3168,0.101507,0.018721,0.37898,-0.885984,0.099578,-0.452948,-0.291227,-0.879579,0.376164,-0.359847,0.465057,0.808863,-0.105195,0.002541,0.112518,-0.368588,1.072158,-0.767529,-0.577584,-0.124515,0.061176,0.352825,0.836067,-0.318768,0.44651,-0.093077,0.71949,0.68819,-0.541672,-0.616521,0.571275,0.01243,-0.002153,-0.002248,-0.013226,0.09389,-0.136328,0.101277,0.031766,0.048515,-0.005139,-0.822666,0.274073,0.498099,0.143441,-0.747721,0.648333,0.55013,0.60481,0.575812,0.000299,-0.001736,-0.001035,0.000323,0.000899,0.000801,-0.032619,0.088018,0.033836,-0.051789,-0.869601,-0.006384,-0.493711,-0.163769,-0.939582,0.300605,-0.465802,0.342261,0.816017,-0.053035,-0.003768,0.060986,-0.049535,0.520884,-0.292911,-0.625422
3169,0.097943,0.018994,0.383514,-0.893065,0.132754,-0.429948,-0.312371,-0.870684,0.379877,-0.322811,0.473388,0.819587,-0.075615,0.011039,0.117007,-0.563427,1.215428,1.210669,-0.575353,-0.124431,0.061224,0.352727,0.835517,-0.318464,0.447755,-0.093923,0.719958,0.687585,-0.542374,-0.616133,0.571028,-0.001711,0.011232,-0.007783,0.03641,-0.007221,0.019832,0.09886,0.031813,0.048536,-0.00519,-0.821979,0.27372,0.499427,0.144347,-0.748166,0.647619,0.550921,0.60442,0.575466,-2.2e-05,0.000147,8.6e-05,0.00038,0.000537,0.000475,-0.038661,0.086187,0.033979,-0.049475,-0.883441,0.019711,-0.468126,-0.183895,-0.933531,0.307737,-0.430945,0.357953,0.828345,-0.044378,0.002111,0.064369,-2.28386,2.809344,4.157023,-0.636362
3170,0.095122,0.019471,0.388372,-0.895365,0.144035,-0.421451,-0.318274,-0.868886,0.379091,-0.31048,0.473378,0.824344,-0.060115,0.009078,0.130277,0.067312,0.520271,-0.138074,-0.570426,-0.124374,0.061263,0.352755,0.834938,-0.318078,0.449107,-0.095056,0.720269,0.687103,-0.543069,-0.615969,0.570545,-0.000125,0.00074,0.000441,0.0,-0.0,-0.0,0.099377,0.03184,0.048564,-0.005176,-0.821326,0.273319,0.500719,0.145418,-0.748438,0.647064,0.551613,0.604264,0.574967,-8.8e-05,0.000529,0.000315,0.000245,0.000369,0.000319,-0.039967,0.084772,0.034223,-0.047048,-0.887944,0.031558,-0.458866,-0.191489,-0.932437,0.306419,-0.418194,0.359951,0.833995,-0.029628,0.010031,0.060816,0.295137,0.667148,-0.066916,-0.63424
3171,0.094055,0.019808,0.390784,-0.893185,0.162047,-0.419532,-0.333964,-0.863789,0.377238,-0.300149,0.476846,0.82617,-0.058197,0.021896,0.122024,-0.230252,0.407831,0.441388,-0.568568,-0.124343,0.06129,0.35278,0.834774,-0.317972,0.449486,-0.095383,0.720344,0.686979,-0.543263,-0.615936,0.570396,-0.000143,0.00085,0.000506,0.0,-0.0,-0.0,0.098305,0.031856,0.04858,-0.005163,-0.82114,0.273209,0.501085,0.145733,-0.748499,0.646923,0.551807,0.604239,0.574807,-9.1e-05,0.000547,0.000326,0.000203,0.000303,0.000257,-0.040131,0.08424,0.034392,-0.045835,-0.889149,0.049574,-0.454922,-0.206974,-0.930187,0.303169,-0.408135,0.36372,0.837336,-0.022822,0.010046,0.06047,-0.603588,0.739299,1.556488,-0.63228
3172,0.092362,0.020518,0.395556,-0.893623,0.184218,-0.409326,-0.347036,-0.861943,0.369585,-0.283623,0.472087,0.834697,-0.032677,0.016874,0.117571,-0.016218,0.27668,0.060272,-0.569026,-0.124258,0.061327,0.352794,0.834431,-0.317765,0.450269,-0.096022,0.720529,0.686696,-0.543677,-0.615827,0.570118,-6e-06,3.3e-05,1.9e-05,0.0,-0.0,-0.0,0.085423,0.031897,0.0486,-0.005154,-0.820751,0.272987,0.50184,0.146353,-0.748655,0.646603,0.55222,0.604147,0.574507,2e-06,-9e-06,-6e-06,0.000143,0.0002,0.000171,-0.048295,0.083399,0.034754,-0.043484,-0.89362,0.071134,-0.44315,-0.220079,-0.929959,0.294517,-0.391161,0.360715,0.846685,-0.016506,0.008155,0.058686,0.048679,0.243766,0.262976,-0.6313
3173,0.091411,0.02118,0.399868,-0.89423,0.20512,-0.397898,-0.356637,-0.863685,0.356131,-0.2695,0.460109,0.845988,-0.00792,0.010667,0.112571,0.322851,0.545691,0.241116,-0.577273,-0.124127,0.061356,0.35279,0.834109,-0.317592,0.450988,-0.096587,0.72071,0.686427,-0.544072,-0.615705,0.569873,2.6e-05,-0.000153,-9.1e-05,0.0,-0.0,-0.0,0.072142,0.031963,0.048615,-0.005156,-0.820389,0.272797,0.502535,0.146901,-0.748808,0.646301,0.552612,0.604042,0.57424,0.005892,0.000838,1.5e-05,0.002135,-0.015064,0.029358,-0.065604,0.082903,0.035098,-0.041279,-0.89774,0.089817,-0.431271,-0.228728,-0.931726,0.282081,-0.376491,0.35188,0.856991,-0.009878,0.011339,0.052254,0.371158,0.574523,0.215732,-0.633097
3174,0.091256,0.021508,0.401888,-0.89289,0.222408,-0.391571,-0.368451,-0.860771,0.351125,-0.257852,0.457509,0.851014,-0.00783,0.017959,0.101057,0.070645,0.635853,0.618966,-0.597872,-0.124039,0.061371,0.352791,0.833966,-0.317523,0.4513,-0.096835,0.720779,0.68632,-0.544247,-0.61566,0.569756,0.0,-2e-06,-1e-06,0.0,-0.0,-0.0,0.069221,0.032007,0.048621,-0.005156,-0.82023,0.272722,0.502837,0.147143,-0.748866,0.646179,0.552785,0.604005,0.574113,0.005873,0.000946,7.7e-05,0.002113,-0.01508,0.02933,-0.072952,0.082827,0.035264,-0.040262,-0.899617,0.106464,-0.4235,-0.240142,-0.930624,0.276169,-0.364718,0.350147,0.862773,0.002217,0.007793,0.049772,-0.215983,1.278715,1.521112,-0.639465
3175,0.091566,0.022107,0.405358,-0.889441,0.255628,-0.378939,-0.391724,-0.853531,0.343525,-0.234519,0.453662,0.859779,0.014413,0.012379,0.081608,0.133588,0.283388,0.18628,-0.696228,-0.123855,0.061408,0.352798,0.833867,-0.317518,0.451487,-0.096966,0.720809,0.686269,-0.544376,-0.615627,0.569668,-1.2e-05,6.8e-05,4.1e-05,0.0,-0.0,-0.0,0.065055,0.032099,0.04864,-0.005152,-0.82012,0.272715,0.503019,0.147269,-0.748891,0.646121,0.552914,0.603976,0.574018,0.005864,0.000988,0.000101,0.002098,-0.015142,0.029319,-0.08079,0.082976,0.035576,-0.038513,-0.902158,0.139701,-0.408158,-0.264414,-0.926632,0.267277,-0.340874,0.349049,0.872908,0.007454,0.010851,0.035847,0.22494,0.405289,0.05123,-0.682737
3176,0.092196,0.02252,0.407849,-0.885439,0.283101,-0.36864,-0.410093,-0.849166,0.332735,-0.217741,0.445437,0.868448,0.009549,0.00345,0.061419,0.20119,0.319437,0.156722,-0.760112,-0.123686,0.061475,0.352812,0.833787,-0.317528,0.451626,-0.097042,0.720844,0.686222,-0.544483,-0.615581,0.569615,0.011453,0.003605,0.001182,0.004265,-0.031019,0.053232,0.058244,0.03218,0.048669,-0.005148,-0.820015,0.272708,0.503194,0.147375,-0.748931,0.646051,0.553041,0.60393,0.573944,-1.7e-05,0.000105,6e-05,2.9e-05,4.3e-05,5.5e-05,-0.089118,0.083299,0.035799,-0.037231,-0.903028,0.166763,-0.395889,-0.282853,-0.924426,0.25579,-0.323314,0.342965,0.881953,0.004469,0.000843,0.030229,0.201368,0.317296,0.155359,-0.74642
3177,0.092925,0.022763,0.40947,-0.885853,0.292859,-0.359921,-0.412736,-0.851787,0.322615,-0.210997,0.433973,0.875885,0.018898,0.006079,0.032534,0.066611,0.201692,-0.083755,-0.827632,-0.123556,0.061568,0.352834,0.833761,-0.317567,0.451648,-0.097009,0.720869,0.686201,-0.544531,-0.615532,0.569623,-0.00036,0.002101,0.001251,0.0,-0.0,-0.0,0.05777,0.032249,0.048717,-0.005137,-0.820006,0.272765,0.503177,0.147306,-0.748946,0.646049,0.553073,0.603885,0.573961,-0.000213,0.001242,0.000736,0.002238,-0.01578,0.024019,-0.094017,0.083663,0.035919,-0.036421,-0.905461,0.175989,-0.386221,-0.284583,-0.926857,0.244839,-0.314883,0.331605,0.889318,0.009192,0.002272,0.01585,-0.011713,0.136468,-0.102598,-0.800633
3178,0.093369,0.022822,0.410047,-0.885732,0.297977,-0.355998,-0.414443,-0.853082,0.316952,-0.208153,0.4279,0.879546,0.017685,0.002056,0.030372,0.124012,0.240426,-0.038229,-0.831613,-0.123486,0.061635,0.352845,0.833772,-0.317612,0.451596,-0.096923,0.72088,0.686202,-0.544529,-0.615496,0.569664,0.01128,0.004582,0.001762,0.004268,-0.031021,0.053231,0.060376,0.03228,0.048749,-0.005131,-0.820003,0.272796,0.503167,0.147253,-0.748969,0.646034,0.553092,0.603843,0.573987,-0.00012,0.0007,0.000414,2.4e-05,2.3e-05,2.5e-05,-0.093853,0.083876,0.035942,-0.036146,-0.906205,0.180523,-0.382365,-0.28586,-0.927881,0.239415,-0.31157,0.326262,0.892455,0.014508,-0.001532,0.013666,0.148803,0.172762,0.153679,-0.808797
3179,0.094302,0.022799,0.410867,-0.884923,0.307132,-0.35018,-0.418234,-0.854887,0.306953,-0.203992,0.4177,0.885404,0.015692,0.00264,0.015807,0.386983,0.36784,0.183974,-0.886542,-0.123326,0.061755,0.352891,0.833864,-0.31774,0.451337,-0.096667,0.720817,0.686304,-0.544434,-0.615504,0.569746,-0.000369,0.002143,0.001275,0.0,0.0,0.0,0.070792,0.032364,0.048813,-0.005106,-0.820127,0.27295,0.50288,0.146966,-0.748909,0.646169,0.552984,0.603847,0.574087,-0.000191,0.00111,0.000657,1.3e-05,1.6e-05,1.8e-05,-0.087322,0.084342,0.035927,-0.035733,-0.906878,0.188201,-0.377029,-0.288796,-0.929142,0.230849,-0.306868,0.318237,0.89697,0.013843,-0.000101,0.006976,0.407464,0.361033,0.251763,-0.82382
3180,0.094973,0.022836,0.411257,-0.886143,0.31087,-0.343737,-0.418774,-0.85485,0.306319,-0.19752,0.414999,0.888138,0.014412,0.005561,0.002509,0.048031,0.015201,0.071759,-0.948773,-0.123116,0.06185,0.35293,0.833911,-0.317848,0.451172,-0.096501,0.720758,0.686388,-0.54439,-0.615516,0.569774,0.011399,0.003838,0.001318,0.004271,-0.031021,0.05323,0.077588,0.032464,0.048859,-0.005088,-0.820166,0.27305,0.502762,0.146836,-0.748869,0.646246,0.552961,0.603853,0.574103,-3.1e-05,0.000176,0.000102,1.8e-05,-1e-06,1.8e-05,-0.077524,0.084677,0.03594,-0.035536,-0.909271,0.192203,-0.369164,-0.289281,-0.929559,0.228547,-0.299233,0.314603,0.900823,0.006677,-0.002679,0.005818,-0.016937,0.01174,0.024438,-0.833944
3181,0.095196,0.022844,0.411388,-0.886801,0.312631,-0.340427,-0.418898,-0.854926,0.305938,-0.194294,0.413517,0.889539,0.001994,0.007011,0.003609,0.047604,0.119697,0.022182,-0.980421,-0.123002,0.061869,0.352932,0.833906,-0.317885,0.451156,-0.096472,0.720744,0.686407,-0.544403,-0.615513,0.569765,-5e-06,2.8e-05,1.7e-05,0.0,0.0,0.0,0.077639,0.032525,0.048873,-0.005085,-0.820182,0.273103,0.502708,0.146773,-0.748848,0.646284,0.552954,0.603855,0.574107,9e-06,-5.4e-05,-3.5e-05,9e-06,1e-05,9e-06,-0.075728,0.084791,0.035938,-0.035473,-0.910277,0.193467,-0.366013,-0.289388,-0.929574,0.228356,-0.296057,0.313787,0.902157,0.006492,-0.003329,0.005482,-0.080233,0.268352,-0.048437,-0.833291
3182,0.095516,0.022887,0.411679,-0.888436,0.315684,-0.333274,-0.418549,-0.855261,0.305478,-0.1875,0.410492,0.892394,0.002497,0.008811,0.004522,0.100698,0.078737,0.060768,-1.02192,-0.122743,0.061889,0.352922,0.83401,-0.318044,0.450852,-0.096184,0.720648,0.686548,-0.544295,-0.615543,0.569835,9.9e-05,-0.000571,-0.00034,0.0,0.0,0.0,0.077942,0.032655,0.048881,-0.00509,-0.820303,0.273274,0.502417,0.146489,-0.748766,0.646442,0.552849,0.603878,0.574184,5.6e-05,-0.000322,-0.000196,2.5e-05,-1e-06,2e-06,-0.074585,0.084948,0.035949,-0.035334,-0.912686,0.195625,-0.358795,-0.288921,-0.929809,0.227985,-0.289011,0.311743,0.905145,0.000849,-0.000624,0.007054,0.084804,0.106037,0.051492,-0.834924
3183,0.095646,0.023067,0.412202,-0.892323,0.319218,-0.319225,-0.416097,-0.855886,0.307073,-0.17409,0.406435,0.896956,0.003105,0.003685,0.01662,0.351211,0.354307,0.14235,-1.043065,-0.122459,0.061873,0.352901,0.834037,-0.318152,0.450726,-0.09606,0.72058,0.686638,-0.544277,-0.615568,0.569827,0.01205,0.000116,-0.000897,0.002045,-0.015205,0.029245,0.078033,0.032792,0.048874,-0.0051,-0.820329,0.273378,0.502319,0.146386,-0.74871,0.646531,0.552839,0.603901,0.574171,0.006053,-0.0001,-0.000547,-0.000174,0.000604,0.005265,-0.073605,0.085013,0.036038,-0.035073,-0.917502,0.196808,-0.345623,-0.28642,-0.929879,0.230841,-0.275956,0.31079,0.909536,0.001604,0.002048,0.00841,0.506694,0.473922,0.173436,-0.844231
3184,0.095714,0.023291,0.412837,-0.893205,0.322155,-0.313763,-0.416257,-0.856351,0.305557,-0.169147,0.403126,0.899392,0.003763,0.013307,0.006756,0.053902,0.036413,0.0445,-1.05358,-0.122151,0.061871,0.352874,0.834205,-0.318372,0.450258,-0.09563,0.72044,0.686845,-0.544094,-0.615618,0.569947,0.012042,0.000184,-0.000858,0.002045,-0.015205,0.029245,0.081643,0.032946,0.048872,-0.005113,-0.820524,0.273614,0.50187,0.145963,-0.748592,0.646763,0.55266,0.60394,0.574301,0.000178,-0.001011,-0.000608,-0.002234,0.01582,-0.023978,-0.071809,0.085045,0.036148,-0.034762,-0.919266,0.19996,-0.339063,-0.286465,-0.930603,0.227846,-0.269974,0.306581,0.912754,0.001699,0.002398,0.008575,0.010899,0.034873,0.055791,-0.845048
3185,0.095744,0.023425,0.413127,-0.894031,0.323564,-0.309934,-0.41597,-0.856482,0.305581,-0.165469,0.401715,0.900707,0.003331,0.0045,0.016981,0.004154,0.039695,0.022759,-1.058649,-0.121989,0.061875,0.352863,0.83433,-0.318513,0.449928,-0.095334,0.720345,0.686986,-0.543954,-0.615656,0.57004,0.000223,-0.001262,-0.000752,0.0,0.0,0.0,0.083723,0.033032,0.048874,-0.00512,-0.820677,0.273776,0.501531,0.145652,-0.748508,0.646931,0.552515,0.603971,0.574408,0.006004,0.000205,-0.000365,0.002044,-0.015209,0.029265,-0.069196,0.085063,0.036221,-0.034608,-0.920477,0.200996,-0.335143,-0.286195,-0.930677,0.227886,-0.266106,0.30568,0.914191,0.001682,0.002335,0.008531,-0.029307,0.004605,0.018244,-0.842435
3186,0.095725,0.023829,0.413689,-0.896293,0.323637,-0.303254,-0.41422,-0.85525,0.311354,-0.157481,0.404271,0.900995,-0.008538,0.007611,0.018892,-1.478444,2.053598,-1.207255,-1.062015,-0.121658,0.0619,0.35285,0.834547,-0.318776,0.449338,-0.094799,0.720172,0.68724,-0.543714,-0.615721,0.570198,0.011761,0.001794,9.9e-05,0.002045,-0.015205,0.029245,0.084979,0.033193,0.048883,-0.005127,-0.820919,0.274051,0.500986,0.145144,-0.748368,0.647207,0.55229,0.60402,0.574573,0.005875,0.00093,6.3e-05,0.002054,-0.015196,0.02924,-0.065931,0.085055,0.036415,-0.034337,-0.922018,0.200574,-0.331136,-0.285687,-0.929738,0.232311,-0.261275,0.308796,0.914537,0.001754,0.00259,0.008641,-0.0314,-0.001217,0.011329,-0.843088
3187,0.095727,0.024306,0.414075,-0.898475,0.323673,-0.296688,-0.412351,-0.854199,0.316674,-0.149818,0.406455,0.901319,0.003826,0.013523,0.006763,0.001264,-0.011356,0.026453,-1.062803,-0.121341,0.061953,0.352856,0.834732,-0.319014,0.448825,-0.09433,0.720019,0.687465,-0.543511,-0.615776,0.570332,0.011728,0.00198,0.000209,0.002045,-0.015205,0.029245,0.084547,0.033352,0.048911,-0.005124,-0.821134,0.274307,0.500493,0.144681,-0.748239,0.64746,0.552092,0.604064,0.574718,-2e-06,2e-05,7e-06,1.6e-05,-5e-06,6e-06,-0.064951,0.085054,0.036659,-0.034135,-0.925387,0.199267,-0.322414,-0.283448,-0.928559,0.239654,-0.251625,0.31316,0.915759,-0.004035,0.008258,0.004326,0.005729,-0.013802,0.025738,-0.842109
3188,0.095702,0.024572,0.414245,-0.8992,0.323673,-0.294482,-0.411694,-0.853867,0.318419,-0.14727,0.407151,0.901425,0.004001,0.014135,0.007049,0.002535,-0.022714,0.052912,-1.064349,-0.121193,0.061986,0.352863,0.834825,-0.31913,0.448571,-0.094098,0.719944,0.687576,-0.54341,-0.615804,0.570399,0.011719,0.002026,0.000237,0.002045,-0.015205,0.029245,0.084206,0.03343,0.048928,-0.00512,-0.82125,0.274441,0.500229,0.144434,-0.748171,0.647594,0.551983,0.604087,0.574797,0.00586,0.001017,0.000117,0.002055,-0.015204,0.02925,-0.064951,0.08504,0.03679,-0.034052,-0.926199,0.198975,-0.320253,-0.282903,-0.928261,0.241446,-0.249237,0.314228,0.916046,-0.004168,0.007773,0.004075,0.003535,-0.001151,-0.001267,-0.841619
3189,0.095671,0.025091,0.414673,-0.90036,0.324107,-0.290433,-0.410931,-0.852924,0.321913,-0.142266,0.408778,0.901492,-0.007225,0.01933,0.009984,0.001558,-0.007979,0.023367,-1.069462,-0.120919,0.062023,0.352873,0.834908,-0.319277,0.448311,-0.093862,0.719842,0.687715,-0.543323,-0.615847,0.570435,-0.0,0.0,0.0,0.0,0.0,0.0,0.084211,0.033567,0.048947,-0.005115,-0.821349,0.274598,0.49998,0.144202,-0.748082,0.647749,0.551897,0.604126,0.574839,0.005863,0.000996,0.000103,0.002058,-0.015206,0.029241,-0.064951,0.085027,0.037041,-0.033847,-0.927587,0.198913,-0.316251,-0.282423,-0.927472,0.245012,-0.244579,0.316586,0.916489,0.002203,0.007804,0.00387,0.004876,-0.016312,0.028698,-0.848967
3190,0.095761,0.025496,0.415314,-0.902381,0.324358,-0.283807,-0.409221,-0.851511,0.327779,-0.134227,0.411513,0.90148,0.004465,0.00852,0.018768,-0.033736,0.005098,0.009847,-1.070084,-0.120688,0.062102,0.352889,0.835055,-0.319466,0.447902,-0.093474,0.719737,0.687878,-0.543163,-0.615872,0.57056,-0.000282,0.001556,0.000928,0.0,0.0,0.0,0.084109,0.033683,0.048984,-0.005109,-0.82152,0.274802,0.499588,0.143819,-0.747995,0.647934,0.551743,0.604141,0.574971,0.005696,0.001914,0.000652,0.004309,-0.031022,0.053229,-0.064788,0.085069,0.037251,-0.033523,-0.929886,0.198397,-0.309758,-0.281236,-0.926224,0.251027,-0.237103,0.320542,0.917079,-0.003501,0.006426,0.010657,-0.029578,0.00315,0.009321,-0.855825
3191,0.095709,0.025804,0.416314,-0.902968,0.326202,-0.279797,-0.409416,-0.850938,0.329021,-0.129643,0.411238,0.902277,-0.007215,0.004695,0.031803,-0.066104,0.027107,-0.009032,-1.072373,-0.120485,0.062183,0.35292,0.835189,-0.319632,0.447533,-0.093139,0.719628,0.688038,-0.543014,-0.615913,0.570658,0.011378,0.003886,0.001344,0.004293,-0.031017,0.053231,0.08431,0.03378,0.049024,-0.005094,-0.821657,0.274965,0.499273,0.143523,-0.747912,0.648095,0.551616,0.604169,0.575064,-3.6e-05,0.000204,0.000118,1.1e-05,-1e-06,-6e-06,-0.064461,0.085048,0.037406,-0.033028,-0.930924,0.199914,-0.305636,-0.281584,-0.92583,0.252086,-0.232573,0.320735,0.91817,0.002417,0.001326,0.015196,-0.07988,-0.000355,0.01892,-0.862846
3192,0.095657,0.025889,0.416971,-0.902734,0.328144,-0.278277,-0.410451,-0.85082,0.328033,-0.128002,0.409933,0.903104,0.004318,-0.006521,0.040423,-0.086058,0.041771,0.00868,-1.072076,-0.120399,0.062206,0.352926,0.835224,-0.319687,0.44743,-0.093041,0.719595,0.688085,-0.542978,-0.615923,0.570681,-6.7e-05,0.000369,0.00022,0.0,0.0,0.0,0.084658,0.033823,0.049038,-0.005089,-0.821706,0.27503,0.499155,0.143411,-0.747881,0.648156,0.551571,0.604179,0.575096,-4.4e-05,0.000241,0.00014,2.4e-05,-3e-06,-1.5e-05,-0.064134,0.08502,0.03745,-0.032715,-0.931085,0.201791,-0.303907,-0.282538,-0.925876,0.250845,-0.230762,0.319424,0.919084,0.002633,0.0021,0.015552,-0.072577,-0.003634,0.050587,-0.865296
3193,0.095723,0.025887,0.418324,-0.902133,0.33487,-0.272145,-0.413369,-0.851667,0.32212,-0.12279,0.40267,0.907087,-0.007426,-0.003407,0.042306,0.331612,0.443267,0.119987,-1.073647,-0.120263,0.062206,0.352915,0.835267,-0.319762,0.447295,-0.092912,0.71955,0.688149,-0.542934,-0.615936,0.57071,4.4e-05,-0.00024,-0.000143,0.0,0.0,0.0,0.08519,0.033895,0.049039,-0.005094,-0.821767,0.27512,0.499006,0.143265,-0.747838,0.648238,0.551519,0.604191,0.575134,2.7e-05,-0.000155,-9.6e-05,4e-06,-5e-06,2e-06,-0.063645,0.085056,0.037453,-0.032026,-0.931644,0.207014,-0.298635,-0.284853,-0.926329,0.246519,-0.225602,0.314736,0.921978,0.002658,0.002204,0.015556,0.409531,0.455139,0.188636,-0.865949
3194,0.095819,0.025839,0.419826,-0.902761,0.341925,-0.261064,-0.414727,-0.853058,0.316647,-0.113314,0.393697,0.912244,-0.006949,-0.001779,0.043021,0.269724,0.386347,0.097473,-1.094941,-0.120153,0.062201,0.352903,0.835285,-0.319811,0.447225,-0.09284,0.719524,0.688186,-0.542918,-0.615941,0.57072,1.8e-05,-9.9e-05,-5.9e-05,0.0,0.0,0.0,0.08996,0.03395,0.049036,-0.005101,-0.82179,0.275171,0.49894,0.143194,-0.747815,0.648279,0.551503,0.604195,0.575145,5e-06,-3e-05,-2e-05,-6e-06,-2e-06,6e-06,-0.061032,0.085103,0.037428,-0.031275,-0.93396,0.213488,-0.286599,-0.28576,-0.927717,0.240169,-0.21461,0.306207,0.927458,0.002895,0.003067,0.015929,0.491642,0.499825,0.208627,-0.866439
3195,0.09583,0.02583,0.420595,-0.902739,0.344765,-0.257382,-0.415604,-0.853563,0.314127,-0.110272,0.39011,0.914156,-0.006354,0.007549,0.032944,0.068568,0.151776,0.035407,-1.09945,-0.120136,0.062204,0.352903,0.835246,-0.31979,0.447314,-0.092912,0.719545,0.688155,-0.542966,-0.615928,0.570687,0.0,-1e-06,-1e-06,0.0,0.0,0.0,0.093281,0.033959,0.049037,-0.0051,-0.821746,0.275147,0.499026,0.143264,-0.747832,0.648244,0.55155,0.604185,0.57511,-1e-06,1.6e-05,1e-05,-8e-06,9e-06,-0.0,-0.057603,0.085107,0.037425,-0.030873,-0.934672,0.216782,-0.281765,-0.286592,-0.928434,0.236375,-0.210358,0.301685,0.92991,-0.003191,0.003816,0.016492,0.017557,0.109917,0.03049,-0.866929
3196,0.096038,0.025873,0.421937,-0.902321,0.349573,-0.25231,-0.417683,-0.853883,0.310478,-0.105789,0.385097,0.916807,0.017139,0.001708,0.029184,0.008572,0.053013,0.100021,-1.096576,-0.120153,0.062201,0.352903,0.835174,-0.319734,0.44749,-0.09306,0.719589,0.688089,-0.543052,-0.615905,0.57063,-0.01172,-0.002014,-0.000228,-0.002045,0.015205,-0.029245,0.0967,0.033954,0.049037,-0.0051,-0.821674,0.275093,0.499174,0.143393,-0.747864,0.648179,0.551625,0.60417,0.575054,3e-06,6e-06,7e-06,5e-06,2e-06,7e-06,-0.052704,0.085204,0.037447,-0.030213,-0.935216,0.221143,-0.276524,-0.288449,-0.928764,0.232792,-0.205346,0.297474,0.932384,0.002414,0.001381,0.015073,-0.011729,0.065122,0.044536,-0.867582
3197,0.096398,0.026053,0.422943,-0.902328,0.352003,-0.248884,-0.418763,-0.852892,0.311744,-0.101417,0.385076,0.91731,0.005167,0.011144,0.01957,-0.022266,0.003758,0.039808,-1.09568,-0.120201,0.062163,0.352884,0.835036,-0.31962,0.447829,-0.093349,0.719677,0.687958,-0.543215,-0.615862,0.570522,0.000196,-0.001074,-0.00064,0.0,0.0,0.0,0.09798,0.033926,0.049019,-0.005108,-0.821508,0.274958,0.499521,0.143696,-0.747943,0.648021,0.551792,0.604134,0.574931,0.000152,-0.000824,-0.000488,-4e-06,1.3e-05,-2e-06,-0.049438,0.085389,0.037535,-0.029705,-0.935734,0.223318,-0.272999,-0.289798,-0.927989,0.234205,-0.201038,0.298269,0.933069,0.002215,0.000686,0.014711,-0.078625,-0.005114,0.022217,-0.866112
3198,0.09668,0.026401,0.423747,-0.905575,0.345292,-0.246479,-0.411092,-0.857804,0.308461,-0.103798,0.380226,0.919065,0.004939,0.010384,0.019144,0.226465,0.236016,0.120495,-1.095356,-0.120235,0.062104,0.352842,0.834934,-0.319538,0.448076,-0.093544,0.719757,0.687847,-0.543338,-0.61581,0.57046,0.000309,-0.001691,-0.001009,0.0,0.0,0.0,0.097313,0.033909,0.048989,-0.00513,-0.821393,0.274869,0.49976,0.143888,-0.748012,0.647898,0.551914,0.604089,0.574861,0.000196,-0.001068,-0.000637,6e-06,1e-06,1e-06,-0.048622,0.08553,0.037708,-0.029304,-0.937842,0.215257,-0.27224,-0.281141,-0.931133,0.232271,-0.203494,0.294372,0.933774,0.002413,0.005041,0.009496,0.413973,0.396706,0.1505,-0.868398
3199,0.096859,0.0266,0.424115,-0.905178,0.345995,-0.246952,-0.411983,-0.857251,0.308808,-0.103731,0.380831,0.918822,0.005773,0.020668,0.009467,0.006622,-0.018066,0.054586,-1.096756,-0.12024,0.06208,0.352829,0.834902,-0.319512,0.448155,-0.093611,0.719777,0.687817,-0.543376,-0.6158,0.570435,0.000127,-0.000698,-0.000417,0.0,0.0,0.0,0.097095,0.033907,0.048975,-0.005138,-0.821356,0.274841,0.499836,0.143954,-0.748029,0.647864,0.551952,0.604081,0.574834,-0.005791,-0.001394,-0.000345,-0.002049,0.015211,-0.029244,-0.048622,0.085621,0.03781,-0.029114,-0.937644,0.216768,-0.271722,-0.282296,-0.930994,0.231427,-0.202806,0.293702,0.934134,0.002871,0.010325,0.004722,-0.011293,-0.033128,0.052272,-0.869051
3200,0.097197,0.027062,0.424879,-0.906436,0.348154,-0.239182,-0.411413,-0.856065,0.312833,-0.094717,0.381527,0.919507,0.005801,0.013579,0.020477,-0.030948,-0.004077,0.036985,-1.101834,-0.120225,0.062052,0.352811,0.834877,-0.319499,0.44821,-0.093656,0.71979,0.687797,-0.543406,-0.615792,0.570415,2.2e-05,-0.000123,-7.3e-05,0.0,0.0,0.0,0.097754,0.033914,0.04896,-0.005147,-0.821328,0.274825,0.499889,0.143998,-0.748039,0.647842,0.55198,0.604075,0.574812,4e-06,-2.3e-05,-1.4e-05,3e-06,-3e-06,2e-06,-0.048785,0.085787,0.038032,-0.028741,-0.939578,0.218093,-0.263869,-0.282046,-0.930016,0.235624,-0.194015,0.295811,0.935336,0.00296,0.007043,0.01035,-0.037468,-0.031853,0.065,-0.870521
3201,0.097335,0.027556,0.425781,-0.906413,0.35169,-0.234042,-0.412617,-0.855941,0.311581,-0.089622,0.378548,0.921247,0.005917,0.014026,0.020578,-0.020178,0.005892,0.040519,-1.099783,-0.120205,0.06204,0.352802,0.834821,-0.319466,0.448338,-0.09376,0.719819,0.687752,-0.543474,-0.615775,0.570369,8e-06,-4.2e-05,-2.5e-05,0.0,0.0,0.0,0.098525,0.033924,0.048955,-0.005151,-0.821266,0.274788,0.500012,0.1441,-0.748064,0.647791,0.552047,0.604061,0.574763,-1e-06,1e-05,7e-06,-3e-06,1e-06,-2e-06,-0.048295,0.085857,0.038281,-0.028289,-0.940341,0.221283,-0.258438,-0.283199,-0.930052,0.234094,-0.188561,0.293318,0.937234,-0.003144,0.003853,0.016267,-0.085955,0.011314,-0.007898,-0.869215
3202,0.09731,0.027757,0.426294,-0.90814,0.348194,-0.232571,-0.408611,-0.85835,0.310234,-0.090479,0.376328,0.922073,-0.006536,0.006662,0.032022,-0.056365,0.036351,-0.006217,-1.097378,-0.120202,0.062025,0.352794,0.834749,-0.319416,0.448508,-0.093901,0.719861,0.687689,-0.54356,-0.615752,0.570311,0.000282,-0.001542,-0.000921,-0.00225,0.015812,-0.023985,0.09884,0.033925,0.04895,-0.005154,-0.821185,0.274732,0.500176,0.14424,-0.748099,0.64772,0.552132,0.604043,0.5747,0.000136,-0.000745,-0.000445,-0.002252,0.015812,-0.02399,-0.047805,0.085849,0.038386,-0.028036,-0.941533,0.21747,-0.257334,-0.278823,-0.931701,0.232785,-0.189135,0.290925,0.937864,-0.002928,0.008248,0.011074,-0.048408,-0.013654,0.034301,-0.866602
3203,0.097305,0.028107,0.42726,-0.909621,0.344017,-0.232997,-0.404967,-0.859581,0.311602,-0.091955,0.377362,0.921504,-0.007146,0.004382,0.030935,-0.068347,0.025274,-0.009697,-1.090082,-0.120213,0.061984,0.352771,0.834692,-0.31937,0.448647,-0.094019,0.719897,0.687635,-0.543628,-0.615734,0.570267,0.000348,-0.001907,-0.001139,0.0,0.0,0.0,0.09901,0.033919,0.048931,-0.005164,-0.82112,0.274682,0.50031,0.144356,-0.748129,0.647659,0.552197,0.60403,0.574652,0.000206,-0.001128,-0.000674,-0.002249,0.015812,-0.023989,-0.047642,0.085845,0.038566,-0.02754,-0.942281,0.213041,-0.258299,-0.275103,-0.932353,0.234594,-0.190848,0.292113,0.937147,-0.003613,0.002107,0.015428,-0.068908,0.024814,-0.010125,-0.866929
3204,0.097267,0.028464,0.428035,-0.910817,0.340201,-0.233925,-0.401799,-0.860785,0.312376,-0.093958,0.37808,0.921007,0.00396,0.006976,0.017269,-0.032733,0.004046,0.006229,-1.089858,-0.12021,0.061869,0.352704,0.834554,-0.319268,0.448977,-0.094297,0.71998,0.687511,-0.543792,-0.615691,0.570157,0.000813,-0.004457,-0.002665,-0.00225,0.015812,-0.023985,0.09901,0.03392,0.048877,-0.005196,-0.820973,0.274574,0.500611,0.144614,-0.748194,0.647527,0.552349,0.603998,0.57454,0.000343,-0.001873,-0.00112,5e-06,-7e-06,1e-06,-0.047152,0.085825,0.038746,-0.027157,-0.942816,0.209124,-0.259543,-0.271786,-0.933111,0.235445,-0.192946,0.292522,0.93659,-0.003778,0.005097,0.00961,-0.029719,0.006025,-0.005553,-0.866929
3205,0.097185,0.02864,0.428375,-0.909692,0.341221,-0.236797,-0.403717,-0.860453,0.310814,-0.096568,0.377915,0.920805,-0.007971,0.008546,0.018474,-0.033171,0.009446,0.007156,-1.088021,-0.120194,0.06178,0.35265,0.834456,-0.3192,0.449207,-0.094488,0.720036,0.687426,-0.543909,-0.61566,0.570079,0.000968,-0.005305,-0.003174,-0.00225,0.015812,-0.023985,0.098947,0.033929,0.04883,-0.005224,-0.820854,0.274492,0.50085,0.144818,-0.748245,0.647422,0.552472,0.603972,0.574449,0.000501,-0.002738,-0.001638,-0.002249,0.01581,-0.023986,-0.047152,0.085785,0.038835,-0.026981,-0.941743,0.210516,-0.262299,-0.273676,-0.932971,0.233805,-0.195499,0.29197,0.936233,-0.004063,0.004038,0.009136,-0.035311,0.012419,0.005776,-0.867255
