frame,MLTx,MLTy,MLTz,MLTR1,MLTR2,MLTR3,MLTR4,MLTR5,MLTR6,MLTR7,MLTR8,MLTR9,MLTTVx,MLTTVy,MLTTVz,MLTRVx,MLTRVy,MLTRVz,MLGA,MRTx,MRTy,MRTz,MRTR1,MRTR2,MRTR3,MRTR4,MRTR5,MRTR6,MRTR7,MRTR8,MRTR9,MRTTVx,MRTTVy,MRTTVz,MRTRVx,MRTRVy,MRTRVz,MRGA,SLTx,SLTy,SLTz,SLTR1,SLTR2,SLTR3,SLTR4,SLTR5,SLTR6,SLTR7,SLTR8,SLTR9,SLTTVx,SLTTVy,SLTTVz,SLTRVx,SLTRVy,SLTRVz,SLGA,SRTx,SRTy,SRTz,SRTR1,SRTR2,SRTR3,SRTR4,SRTR5,SRTR6,SRTR7,SRTR8,SRTR9,SRTTVx,SRTTVy,SRTTVz,SRTRVx,SRTRVy,SRTRVz,SRGA
830,0.292771,0.090952,0.34604,-0.039459,0.96852,0.245878,-0.989012,-0.072865,0.128517,0.14243,-0.239312,0.960453,-0.056354,-0.004743,-0.027557,-0.06785,-1.224679,-1.318124,-0.852184,-0.105661,0.035118,0.376896,0.136949,-0.079844,0.987351,-0.809001,0.566087,0.158105,-0.571691,-0.820303,0.011678,0.011882,0.00362,0.001119,-0.010529,0.077582,-0.146205,0.487499,0.036967,0.035562,0.003636,0.0258,-0.04498,0.998654,0.841874,-0.537711,-0.045969,0.539055,0.841928,0.023995,-0.000161,0.000744,0.00044,-2e-06,-1.2e-05,2.8e-05,0.476521,0.183967,0.068047,-0.070293,-0.092931,0.952616,0.289628,-0.98153,-0.136502,0.134033,0.167217,-0.271823,0.947707,-0.021174,-0.006852,-0.00976,-0.134814,-1.495147,-1.518009,-0.847334
831,0.290386,0.090528,0.344997,-0.09059,0.975442,0.200879,-0.986021,-0.116104,0.11939,0.139887,-0.188471,0.972079,-0.078695,-0.010711,-0.02976,0.968999,-0.645836,3.66747,-0.858227,-0.105612,0.035197,0.376949,0.137462,-0.079901,0.987275,-0.808934,0.566056,0.158559,-0.571663,-0.820319,0.011923,0.011533,0.005228,0.002068,0.003866,-0.02865,0.054668,0.487523,0.036992,0.035598,0.003661,0.025449,-0.044955,0.998664,0.841884,-0.537721,-0.04566,0.539056,0.841922,0.024162,-0.000175,0.000807,0.000475,2e-06,8e-06,0.0,0.476194,0.182786,0.06783,-0.070819,-0.150601,0.957617,0.245535,-0.975074,-0.184823,0.122763,0.16294,-0.220927,0.961582,-0.039269,-0.005513,-0.014956,-0.17143,-1.645389,-1.939519,-0.847824
832,0.288875,0.090228,0.344459,-0.1161,0.976385,0.182314,-0.983923,-0.13807,0.113151,0.135789,-0.167463,0.976496,-0.078493,-0.011274,-0.030132,0.834176,-0.460172,3.60641,-0.853726,-0.105602,0.035238,0.376971,0.13747,-0.079903,0.987274,-0.808933,0.566056,0.158566,-0.571663,-0.820318,0.011927,-0.000491,0.002279,0.001344,0.0,0.0,0.0,0.48768,0.037002,0.035621,0.003673,0.025395,-0.04495,0.998666,0.841884,-0.537726,-0.045611,0.53906,0.84192,0.024187,-0.000284,0.001315,0.000774,0.001824,-0.013436,0.025432,0.476194,0.182029,0.067681,-0.071087,-0.177064,0.957734,0.226701,-0.971515,-0.206943,0.115465,0.157499,-0.199798,0.967095,-0.044657,-0.007552,-0.015842,-0.197321,-1.449236,-1.878909,-0.848313
833,0.285096,0.089632,0.343195,-0.144086,0.979358,0.141927,-0.982824,-0.158274,0.094756,0.115435,-0.127057,0.98517,-0.103552,-0.004922,-0.039062,-0.111208,-1.178216,-1.289506,-0.844634,-0.105552,0.035309,0.377019,0.137816,-0.07994,0.987223,-0.808892,0.566028,0.158871,-0.571637,-0.820334,0.012092,-0.0003,0.001392,0.000821,0.0,0.0,0.0,0.487628,0.037027,0.035659,0.003698,0.025044,-0.044925,0.998676,0.841894,-0.537737,-0.045303,0.539061,0.841914,0.024355,-0.000214,0.000993,0.000585,4e-06,7e-06,2e-06,0.476194,0.180188,0.067387,-0.071704,-0.199991,0.961646,0.187721,-0.970574,-0.220665,0.096395,0.134121,-0.162919,0.97748,-0.056208,-0.009371,-0.016274,0.058783,-1.09388,0.156175,-0.842108
834,0.280731,0.08914,0.34173,-0.183688,0.978968,0.089021,-0.978202,-0.190905,0.081537,0.097038,-0.073323,0.99259,-0.125364,-0.011928,-0.042008,-0.178883,-1.353809,-0.615406,-0.84353,-0.105478,0.035409,0.377071,0.138292,-0.079998,0.987151,-0.808815,0.566018,0.159295,-0.571631,-0.820335,0.012319,-0.000583,0.0027,0.00159,0.001822,-0.013444,0.025423,0.487641,0.037064,0.035707,0.003723,0.024562,-0.044884,0.998689,0.841888,-0.537782,-0.044875,0.539092,0.841887,0.024578,-0.000286,0.001318,0.000775,0.001824,-0.013444,0.025401,0.476357,0.177927,0.067135,-0.072463,-0.241427,0.961161,0.133719,-0.963903,-0.253459,0.081534,0.112259,-0.109208,0.987659,-0.062635,-0.005988,-0.020993,-0.212622,-1.495468,-0.618129,-0.837046
835,0.275806,0.088747,0.34014,-0.230043,0.972984,0.020698,-0.970345,-0.230883,0.07139,0.074519,-0.004874,0.997221,-0.137255,-0.011915,-0.04142,-0.496559,-1.727944,-1.349786,-0.842738,-0.105379,0.035522,0.377127,0.138861,-0.080068,0.987065,-0.808723,0.566007,0.159802,-0.571624,-0.820336,0.01259,0.011614,0.00479,0.001807,0.002045,-0.015205,0.029245,0.487537,0.037109,0.035762,0.00375,0.02403,-0.044838,0.998704,0.841881,-0.537832,-0.044403,0.539126,0.841858,0.024824,-0.000164,0.000757,0.000446,3e-06,1.5e-05,-4.2e-05,0.476031,0.175517,0.06694,-0.073244,-0.28601,0.955844,0.067515,-0.95439,-0.290456,0.069098,0.085657,-0.044673,0.995322,-0.062934,-0.004886,-0.020309,-0.186965,-1.500028,2.740057,-0.839659
836,0.273131,0.088562,0.339311,-0.253794,0.967186,-0.013565,-0.965364,-0.252334,0.06611,0.060827,0.028669,0.99775,-0.137287,-0.01139,-0.041174,0.165718,-1.600221,-2.411328,-0.842379,-0.105358,0.035557,0.377145,0.139019,-0.080088,0.987042,-0.808698,0.566004,0.159942,-0.571622,-0.820336,0.012665,-0.000305,0.00141,0.00083,0.0,0.0,0.0,0.487516,0.037123,0.035784,0.003762,0.023824,-0.04482,0.99871,0.841878,-0.537851,-0.044221,0.53914,0.841846,0.024919,-0.000179,0.000824,0.000483,2e-06,-5e-06,5e-06,0.476357,0.17418,0.066848,-0.073659,-0.310109,0.950179,0.031464,-0.948075,-0.311541,0.063984,0.070598,-0.009988,0.997454,-0.068498,-0.006046,-0.020766,1.877686,-2.601988,-1.331351,-0.838679
837,0.267403,0.087905,0.337815,-0.306881,0.948184,-0.082556,-0.951375,-0.303097,0.054669,0.027188,0.094137,0.995201,-0.147374,-0.021558,-0.032775,-0.134811,-1.8568,-3.101498,-0.844641,-0.1053,0.035592,0.377161,0.139252,-0.080117,0.987006,-0.80866,0.565999,0.160149,-0.571619,-0.820336,0.012776,-7e-06,3.4e-05,2e-05,0.0,0.0,0.0,0.487536,0.037152,0.035802,0.00377,0.023587,-0.0448,0.998716,0.841875,-0.537873,-0.044011,0.539155,0.841834,0.025029,9e-06,-4.6e-05,-2.9e-05,3e-06,-2e-06,-0.0,0.476357,0.171265,0.066511,-0.074425,-0.364056,0.93064,-0.037015,-0.930814,-0.362168,0.049183,0.032366,0.05236,0.998103,-0.073695,-0.010702,-0.016269,-0.102782,-1.935362,-3.115359,-0.836557
838,0.261272,0.086909,0.336552,-0.346418,0.924977,-0.156387,-0.938011,-0.343626,0.045048,-0.011647,0.161146,0.986876,-0.167865,-0.038441,-0.027964,1.401552,-2.80723,-2.133284,-0.846825,-0.105299,0.035593,0.37715,0.139246,-0.080121,0.987007,-0.808646,0.566021,0.160146,-0.571641,-0.820321,0.012773,2.8e-05,-0.00013,-7.7e-05,0.0,0.0,0.0,0.487532,0.037152,0.035801,0.003764,0.023593,-0.044795,0.998716,0.841861,-0.537894,-0.044014,0.539176,0.84182,0.02502,2.1e-05,-9.9e-05,-6e-05,1e-06,1.1e-05,-1.5e-05,0.476357,0.168198,0.06602,-0.075053,-0.404018,0.907875,-0.111943,-0.914696,-0.402299,0.038551,-0.010034,0.117969,0.992966,-0.083896,-0.019254,-0.013957,1.40351,-2.751664,-2.13851,-0.839496
839,0.257981,0.08625,0.33597,-0.369175,0.908773,-0.194642,-0.92883,-0.367852,0.043945,-0.031211,0.19588,0.980145,-0.170375,-0.024999,-0.033998,1.384126,-2.696524,-2.502203,-0.84827,-0.105305,0.035576,0.377141,0.139179,-0.080113,0.987017,-0.808657,0.566022,0.160087,-0.571642,-0.820321,0.012742,6e-05,-0.000277,-0.000163,0.0,0.0,0.0,0.487733,0.03715,0.035792,0.003759,0.023661,-0.044801,0.998715,0.841862,-0.537888,-0.044074,0.539172,0.841824,0.024989,3.8e-05,-0.000173,-0.000101,-1e-06,-1.1e-05,2e-06,0.476357,0.166676,0.065712,-0.075322,-0.42303,0.893947,-0.147998,-0.905624,-0.4225,0.036578,-0.02983,0.149505,0.98831,-0.084153,-0.018527,-0.013576,1.217043,-2.895714,-2.649256,-0.836883
840,0.251384,0.084741,0.335072,-0.405754,0.869656,-0.281259,-0.910271,-0.412183,0.038527,-0.081927,0.270571,0.959222,-0.179429,-0.046098,-0.018398,1.299213,-3.109322,-1.629717,-0.850151,-0.105316,0.035582,0.377134,0.13917,-0.080116,0.987018,-0.808643,0.566043,0.160081,-0.571663,-0.820306,0.012738,-3e-05,0.00014,8.2e-05,0.0,0.0,0.0,0.487756,0.037145,0.035795,0.003755,0.02367,-0.044797,0.998715,0.841848,-0.537909,-0.04408,0.539193,0.841811,0.02498,-1.9e-05,8.4e-05,4.9e-05,-0.0,0.0,2.1e-05,0.476357,0.163386,0.064961,-0.075781,-0.461086,0.855708,-0.234865,-0.883348,-0.467758,0.029956,-0.084227,0.22128,0.971565,-0.089804,-0.022686,-0.008873,-2.177806,-1.328048,2.425256,-0.841455
841,0.244468,0.083033,0.334479,-0.441534,0.817342,-0.370197,-0.88785,-0.457522,0.048652,-0.129066,0.349142,0.928153,-0.181058,-0.040902,-0.01555,0.948899,-3.438164,-1.980633,-0.850717,-0.105307,0.035584,0.377145,0.1392,-0.080115,0.987014,-0.808653,0.566021,0.160106,-0.571641,-0.820321,0.012752,-4e-06,1.9e-05,1.1e-05,0.0,0.0,0.0,0.487262,0.037149,0.035796,0.003761,0.023639,-0.044799,0.998715,0.841862,-0.53789,-0.044055,0.539173,0.841823,0.024999,0.0,2e-06,2e-06,0.0,-0.0,-1e-05,0.476357,0.159866,0.064091,-0.076088,-0.494375,0.805564,-0.326585,-0.858234,-0.511969,0.036329,-0.137936,0.298247,0.944468,-0.096227,-0.021407,-0.00801,0.982258,-3.093907,-1.850857,-0.839169
842,0.237056,0.081183,0.334077,-0.455359,0.76983,-0.447274,-0.871639,-0.487791,0.04771,-0.180889,0.410627,0.893695,-0.20365,-0.053606,-0.008431,1.104492,-2.780227,-1.044989,-0.85238,-0.105296,0.035578,0.377141,0.139204,-0.080116,0.987013,-0.808653,0.566021,0.160109,-0.571641,-0.820321,0.012753,1e-06,-3e-06,-2e-06,0.0,0.0,0.0,0.487171,0.037154,0.035793,0.003759,0.023636,-0.044799,0.998715,0.841862,-0.53789,-0.044052,0.539173,0.841823,0.025,-1e-06,2e-06,0.0,1e-06,-1.2e-05,-2e-06,0.476031,0.156091,0.063156,-0.076292,-0.507337,0.758604,-0.408812,-0.839272,-0.542605,0.034665,-0.195527,0.360691,0.911959,-0.101797,-0.026888,-0.004217,1.075771,-2.837387,-1.064286,-0.841129
843,0.233279,0.080168,0.333902,-0.453304,0.747252,-0.485978,-0.865472,-0.499385,0.039307,-0.212761,0.437487,0.873708,-0.192377,-0.053506,-0.009192,1.412084,-3.002683,0.096414,-0.856229,-0.105296,0.035578,0.377141,0.139204,-0.080116,0.987013,-0.808653,0.566021,0.160109,-0.571641,-0.820321,0.012753,0.0,-0.0,-0.0,0.0,0.0,0.0,0.486626,0.037154,0.035793,0.003759,0.023636,-0.044799,0.998715,0.841862,-0.53789,-0.044052,0.539173,0.841823,0.025,-1e-06,3e-06,1e-06,4e-06,3e-06,-1.1e-05,0.475868,0.154274,0.062674,-0.076373,-0.505474,0.737857,-0.447282,-0.83241,-0.553468,0.027683,-0.22713,0.386315,0.893964,-0.101959,-0.027361,-0.004621,0.977421,-2.595612,-0.200835,-0.841619
844,0.225757,0.07785,0.333465,-0.422417,0.709854,-0.563663,-0.866442,-0.498806,0.021054,-0.265695,0.49639,0.826456,-0.192958,-0.059092,-0.01319,-0.634208,-1.490125,0.140716,-0.865136,-0.105305,0.035576,0.377141,0.139179,-0.080113,0.987017,-0.808657,0.566022,0.160087,-0.571642,-0.820321,0.012742,0.0,-0.0,-0.0,0.0,0.0,0.0,0.487023,0.03715,0.035792,0.003759,0.023661,-0.044801,0.998715,0.841862,-0.537888,-0.044074,0.539172,0.841824,0.024989,1e-06,2e-06,2e-06,5e-06,1.3e-05,-6e-06,0.475868,0.150512,0.061523,-0.076586,-0.47233,0.70679,-0.526641,-0.833329,-0.552748,0.005562,-0.287169,0.441493,0.850069,-0.096453,-0.029493,-0.006474,-0.203598,-1.393861,0.636004,-0.842925
845,0.218115,0.075488,0.333036,-0.408523,0.672671,-0.616983,-0.859097,-0.51167,0.010896,-0.307861,0.533661,0.787689,-0.195233,-0.053554,-0.010244,-0.142755,-1.775292,1.225635,-0.86485,-0.105308,0.035591,0.377138,0.139215,-0.080122,0.987011,-0.808635,0.566042,0.160122,-0.571663,-0.820306,0.012759,-4.6e-05,0.000212,0.000125,0.0,0.0,0.0,0.48669,0.037148,0.0358,0.003757,0.023624,-0.044793,0.998716,0.841848,-0.537913,-0.044039,0.539196,0.841808,0.025001,-2.8e-05,0.000135,7.9e-05,6e-06,5e-06,4e-06,0.475868,0.146767,0.060347,-0.076807,-0.459178,0.671655,-0.581407,-0.824572,-0.56575,-0.002345,-0.330507,0.478336,0.813608,-0.091653,-0.02686,-0.005352,0.534656,-1.807802,-0.184192,-0.842762
846,0.214526,0.074501,0.332908,-0.411026,0.650133,-0.639086,-0.851037,-0.524911,0.013274,-0.326329,0.548531,0.769838,-0.196412,-0.048568,-0.007335,0.743223,-1.674652,-0.347966,-0.860002,-0.105299,0.035593,0.377139,0.13924,-0.080125,0.987007,-0.808632,0.566042,0.160143,-0.571662,-0.820306,0.012771,-1e-06,3e-06,2e-06,0.0,0.0,0.0,0.486945,0.037153,0.035801,0.003758,0.023599,-0.044791,0.998717,0.841847,-0.537916,-0.044018,0.539197,0.841807,0.025013,3e-06,-4e-06,-2e-06,4e-06,1.6e-05,-2e-06,0.475868,0.1449,0.059825,-0.076879,-0.458425,0.650728,-0.605309,-0.816952,-0.576703,-0.001264,-0.349906,0.493929,0.795989,-0.091936,-0.029635,3.7e-05,3.096292,-1.953191,-3.285295,-0.841292
847,0.207061,0.072724,0.332859,-0.412109,0.605378,-0.680977,-0.835688,-0.548894,0.0177,-0.362564,0.575623,0.732961,-0.197687,-0.048737,0.006553,-0.300767,-1.418756,0.290769,-0.853469,-0.105279,0.035589,0.377135,0.139413,-0.080146,0.986981,-0.808603,0.566038,0.160298,-0.57166,-0.820307,0.012854,3.9e-05,-0.00018,-0.000106,0.0,0.0,0.0,0.487308,0.037163,0.035799,0.003756,0.023423,-0.044776,0.998721,0.841845,-0.537932,-0.043862,0.539209,0.841797,0.025094,2.5e-05,-0.000114,-6.8e-05,2e-06,-7e-06,3e-06,0.475704,0.141169,0.05893,-0.076913,-0.457784,0.607552,-0.649086,-0.799237,-0.601014,0.001126,-0.389426,0.519289,0.760713,-0.099261,-0.018164,5.7e-05,-0.162894,-1.643355,-0.087623,-0.841455
848,0.199559,0.071324,0.333217,-0.408737,0.567815,-0.714539,-0.823207,-0.567365,0.019961,-0.393569,0.595664,0.700225,-0.188186,-0.022787,0.007626,-0.196341,-0.802695,0.214672,-0.853549,-0.105279,0.035589,0.377135,0.139413,-0.080146,0.986981,-0.808603,0.566038,0.160298,-0.57166,-0.820307,0.012854,0.0,-0.0,-0.0,0.0,0.0,0.0,0.487185,0.037163,0.035799,0.003756,0.023423,-0.044776,0.998721,0.841845,-0.537932,-0.043862,0.539209,0.841797,0.025094,-1e-06,4e-06,2e-06,5e-06,7e-06,8e-06,0.475868,0.137343,0.058208,-0.076734,-0.452009,0.570359,-0.685841,-0.785651,-0.618659,0.003301,-0.42242,0.540324,0.727743,-0.094133,-0.010942,0.004187,-0.146023,-0.708755,0.26848,-0.841945
849,0.192131,0.070066,0.333883,-0.398123,0.534541,-0.745526,-0.81403,-0.580507,0.018411,-0.422454,0.613544,0.667176,-0.187831,-0.041483,0.024383,-0.302114,-0.944397,-0.265898,-0.85475,-0.105318,0.035551,0.377116,0.139207,-0.080121,0.987013,-0.808637,0.566042,0.160114,-0.571663,-0.820306,0.012756,0.000295,-0.001364,-0.000803,0.0,0.0,0.0,0.487243,0.037143,0.035782,0.003748,0.023632,-0.044794,0.998716,0.841848,-0.537912,-0.044047,0.539195,0.841809,0.024997,0.000194,-0.000895,-0.000526,5e-06,8e-06,-1.5e-05,0.475868,0.133699,0.057604,-0.076403,-0.43956,0.541533,-0.716608,-0.775835,-0.630934,-0.0009,-0.45262,0.555575,0.697474,-0.094194,-0.014598,0.008919,0.306409,-0.619168,0.062394,-0.845538
850,0.188414,0.069395,0.334331,-0.390643,0.521866,-0.758353,-0.810687,-0.58527,0.014773,-0.435653,0.619907,0.652648,-0.176439,-0.03804,0.025953,1.134954,-2.508348,1.87233,-0.856479,-0.105348,0.035514,0.377097,0.139026,-0.080098,0.98704,-0.808666,0.566046,0.159952,-0.571665,-0.820306,0.012669,0.000315,-0.001457,-0.000858,0.0,0.0,0.0,0.487276,0.037128,0.035763,0.003738,0.023817,-0.04481,0.998711,0.84185,-0.537896,-0.04421,0.539183,0.841819,0.024912,0.000239,-0.001103,-0.000647,3e-06,-7e-06,7e-06,0.475868,0.131903,0.057282,-0.07619,-0.434589,0.527925,-0.729675,-0.771733,-0.635945,-0.000472,-0.464283,0.562909,0.683793,-0.094369,-0.013705,0.009389,-0.043139,-0.652265,0.193527,-0.846354
851,0.181549,0.068173,0.335347,-0.380075,0.50054,-0.777849,-0.804975,-0.593172,0.011559,-0.455147,0.629917,0.629342,-0.177091,-0.031012,0.030101,0.218499,-0.640044,0.047967,-0.859748,-0.105435,0.035435,0.377048,0.138729,-0.080066,0.987084,-0.808699,0.566073,0.15969,-0.57169,-0.82029,0.012528,0.000238,-0.001101,-0.000649,0.0,0.0,0.0,0.486118,0.037085,0.035721,0.003712,0.024118,-0.044832,0.998702,0.84184,-0.53789,-0.044476,0.539186,0.841821,0.024768,-0.000761,0.004612,-0.004776,0.035863,-0.004077,0.021632,0.475704,0.128404,0.056652,-0.075674,-0.420061,0.508723,-0.751497,-0.766163,-0.64261,-0.006753,-0.486355,0.572933,0.6597,-0.088586,-0.015707,0.015018,1.133577,-0.645913,-0.716039,-0.848967
852,0.174598,0.066964,0.336678,-0.37108,0.479002,-0.795552,-0.80192,-0.597234,0.014389,-0.467784,0.642711,0.606735,-0.177535,-0.025164,0.033489,-0.32601,-0.918431,-0.120288,-0.859244,-0.105477,0.035411,0.377027,0.138851,-0.080085,0.987066,-0.808664,0.566092,0.159801,-0.57171,-0.820275,0.012588,-0.000159,0.000737,0.000434,0.0,0.0,0.0,0.485693,0.037065,0.035706,0.003699,0.023993,-0.044817,0.998706,0.841824,-0.537923,-0.044364,0.539216,0.841801,0.024822,-0.00012,0.000559,0.000331,3e-06,1.5e-05,-2.2e-05,0.474888,0.124991,0.056061,-0.075024,-0.410323,0.490524,-0.768778,-0.762616,-0.646826,-0.005678,-0.500051,0.583953,0.639489,-0.088805,-0.012862,0.016663,0.251797,-0.474543,-0.066186,-0.847007
853,0.171366,0.066354,0.337405,-0.369206,0.46928,-0.80219,-0.797927,-0.602551,0.014687,-0.476016,0.644926,0.597917,-0.165792,-0.035864,0.040827,-0.109253,-0.560935,0.093905,-0.856744,-0.105501,0.035438,0.377022,0.138875,-0.080097,0.987062,-0.80863,0.566134,0.159827,-0.571753,-0.820245,0.0126,-0.000148,0.000684,0.000403,0.0,0.0,0.0,0.485759,0.037052,0.035721,0.003698,0.023969,-0.044806,0.998707,0.841796,-0.537969,-0.044339,0.539261,0.841772,0.024823,-8.6e-05,0.000401,0.000237,3e-06,8e-06,-2.2e-05,0.474725,0.123309,0.055749,-0.074646,-0.407554,0.479202,-0.777344,-0.758355,-0.651827,-0.004228,-0.50872,0.58778,0.62906,-0.088914,-0.011921,0.017183,0.197175,-0.571811,-0.168523,-0.842435
854,0.164837,0.065055,0.339088,-0.358595,0.449371,-0.818242,-0.79345,-0.608463,0.013503,-0.491364,0.653516,0.575766,-0.166209,-0.031235,0.04354,-0.072774,-0.477173,-0.004947,-0.855373,-0.105516,0.035505,0.377061,0.139065,-0.08012,0.987033,-0.808599,0.56613,0.159996,-0.571751,-0.820246,0.012691,-0.000633,0.002933,0.001727,0.001823,-0.013448,0.025421,0.485541,0.037046,0.035752,0.003716,0.023797,-0.044792,0.998712,0.841794,-0.537986,-0.044187,0.539273,0.841762,0.024903,-0.000197,0.000911,0.000538,-2e-06,-4e-06,4e-06,0.474398,0.120045,0.055099,-0.073805,-0.39575,0.460849,-0.794354,-0.753599,-0.657306,-0.005894,-0.524851,0.596293,0.607425,-0.083134,-0.015598,0.02188,0.289624,-0.75553,0.051568,-0.847334
855,0.158628,0.063681,0.340948,-0.345623,0.432269,-0.832906,-0.789105,-0.614174,0.008634,-0.507395,0.659695,0.554418,-0.154749,-0.028974,0.044475,1.400263,-2.094813,1.649767,-0.853843,-0.105552,0.03563,0.377135,0.139255,-0.080142,0.987004,-0.808568,0.566127,0.160164,-0.571749,-0.820246,0.012783,-0.000812,0.003763,0.002212,0.0,0.0,0.0,0.485559,0.037027,0.035817,0.003755,0.023583,-0.044774,0.998718,0.841791,-0.538006,-0.043997,0.539286,0.84175,0.025003,-0.000432,0.001996,0.001173,-0.0,9e-06,-3.2e-05,0.474235,0.116936,0.054413,-0.072874,-0.384209,0.444913,-0.808972,-0.749142,-0.662354,-0.008484,-0.539601,0.602776,0.587785,-0.077504,-0.020413,0.025934,1.19479,-0.426624,-0.623655,-0.846027
856,0.152719,0.06214,0.34291,-0.330844,0.410888,-0.849564,-0.785191,-0.6192,0.006239,-0.523082,0.668621,0.528543,-0.143558,-0.029795,0.043566,-0.1551,-0.824134,0.354367,-0.852902,-0.105682,0.035839,0.377232,0.139654,-0.080203,0.986943,-0.808457,0.566182,0.160524,-0.571808,-0.820201,0.012976,-0.001278,0.005931,0.00348,0.001823,-0.013449,0.02542,0.485912,0.036963,0.035918,0.003801,0.0232,-0.04473,0.998729,0.841744,-0.538108,-0.043654,0.539376,0.841687,0.025167,-0.001491,0.007994,-0.002792,0.035867,-0.0041,0.021658,0.474561,0.114032,0.053662,-0.071909,-0.367218,0.426096,-0.826796,-0.744522,-0.667464,-0.013306,-0.557527,0.610682,0.562343,-0.072004,-0.021378,0.025163,0.752867,-2.561923,1.841072,-0.844721
857,0.149961,0.061301,0.343909,-0.325017,0.396985,-0.858377,-0.781553,-0.623773,0.007382,-0.532105,0.672771,0.514072,-0.132315,-0.042212,0.050188,-0.390481,-0.950997,0.002113,-0.852647,-0.10576,0.03594,0.377295,0.139826,-0.080222,0.986917,-0.808429,0.566179,0.160676,-0.571806,-0.820202,0.01306,-0.001382,0.006421,0.003763,0.001823,-0.01345,0.02542,0.485823,0.036923,0.035971,0.003834,0.023004,-0.044715,0.998734,0.841741,-0.538126,-0.043481,0.53939,0.841677,0.025259,-0.000706,0.003269,0.001917,0.001827,-0.013449,0.025434,0.474561,0.112649,0.053247,-0.071412,-0.36006,0.414589,-0.835746,-0.740627,-0.671766,-0.014163,-0.567298,0.613878,0.548932,-0.072138,-0.020611,0.025637,-0.234148,-0.589616,0.185663,-0.846354
858,0.144804,0.059444,0.345929,-0.301283,0.36854,-0.879461,-0.771436,-0.63628,-0.002419,-0.560107,0.677259,0.477102,-0.133978,-0.056441,0.056113,1.138038,-0.63404,-0.626414,-0.851873,-0.105966,0.036198,0.377402,0.140065,-0.080272,0.986879,-0.808314,0.56628,0.160899,-0.57191,-0.820127,0.013178,-0.001519,0.007075,0.004137,0.001824,-0.013453,0.025418,0.487103,0.036821,0.036098,0.003886,0.022781,-0.044675,0.998741,0.841668,-0.538257,-0.043276,0.539513,0.841595,0.025339,-0.000709,0.003293,0.001928,0.001827,-0.013461,0.025436,0.475378,0.110018,0.052312,-0.070382,-0.33365,0.386393,-0.85987,-0.731147,-0.681841,-0.022692,-0.595064,0.621121,0.510007,-0.061125,-0.028906,0.027582,4.53928,-0.758528,-2.289454,-0.845048
859,0.140042,0.057329,0.347948,-0.269258,0.33478,-0.903033,-0.763026,-0.646232,-0.012123,-0.5873,0.685355,0.430574,-0.123106,-0.057887,0.055112,4.841174,-1.637805,-1.724842,-0.852285,-0.106249,0.036471,0.377502,0.140329,-0.080333,0.986836,-0.808164,0.566423,0.161148,-0.572057,-0.820022,0.01331,-0.001554,0.007265,0.004236,0.001824,-0.013457,0.025416,0.487763,0.036679,0.036235,0.003937,0.022513,-0.044623,0.99875,0.841566,-0.538437,-0.043027,0.539683,0.841483,0.025431,-0.007671,0.007457,-0.002613,0.035652,-0.002402,0.01782,0.476031,0.107632,0.051251,-0.069374,-0.299859,0.35898,-0.883865,-0.725111,-0.687823,-0.033358,-0.619918,0.630897,0.46655,-0.055597,-0.029734,0.02702,0.6908,-2.472713,2.581822,-0.845538
860,0.137818,0.056241,0.348982,-0.253298,0.320604,-0.912742,-0.761097,-0.648404,-0.016598,-0.596841,0.69008,0.409387,-0.111429,-0.058041,0.05486,-0.341916,-1.055719,0.444763,-0.851656,-0.106425,0.036642,0.377524,0.140466,-0.080386,0.986813,-0.808021,0.56659,0.161287,-0.572228,-0.819902,0.01338,-0.003306,0.017619,-0.004659,0.0377,-0.017619,0.047018,0.487388,0.03659,0.036324,0.00395,0.022351,-0.044574,0.998755,0.841452,-0.538627,-0.042869,0.539868,0.841364,0.025468,-0.001653,0.008801,-0.002329,0.037706,-0.017623,0.047038,0.476031,0.106516,0.050705,-0.068858,-0.284202,0.342825,-0.895376,-0.718934,-0.694063,-0.037549,-0.63432,0.633045,0.443723,-0.055741,-0.029124,0.027441,-0.374965,-1.036835,0.20643,-0.845374
861,0.133786,0.053865,0.351098,-0.219343,0.291188,-0.931205,-0.749909,-0.660836,-0.030061,-0.623863,0.691361,0.364475,-0.088312,-0.061045,0.052753,-0.276231,-0.904702,0.629526,-0.850825,-0.106877,0.037125,0.377542,0.14076,-0.080539,0.986758,-0.807575,0.567133,0.161606,-0.572784,-0.819511,0.013535,-0.014134,0.007329,0.005239,-0.000216,0.001726,-0.003842,0.48748,0.036376,0.036553,0.003956,0.022056,-0.044436,0.998768,0.841098,-0.539204,-0.042564,0.540431,0.841001,0.025482,-0.007972,0.008975,-0.001739,0.035671,-0.002484,0.017764,0.476194,0.104524,0.049541,-0.067819,-0.24947,0.315825,-0.915433,-0.706866,-0.705522,-0.050773,-0.661894,0.634422,0.399253,-0.050286,-0.030378,0.026649,-0.290385,-0.978903,0.53337,-0.843905
862,0.130684,0.051451,0.353182,-0.189287,0.275293,-0.942565,-0.741579,-0.669224,-0.04659,-0.643386,0.689823,0.332001,-0.064353,-0.061279,0.052425,-0.236082,-0.675551,0.624246,-0.850176,-0.107432,0.037755,0.377529,0.141236,-0.080764,0.986672,-0.806933,0.567904,0.16211,-0.573573,-0.818955,0.013784,-0.016402,0.020335,-0.002135,0.035684,-0.002552,0.017698,0.487494,0.036087,0.036877,0.00395,0.021557,-0.044222,0.998788,0.840558,-0.540085,-0.042055,0.541291,0.840447,0.025529,-0.008236,0.010331,-0.000966,0.03569,-0.002553,0.017714,0.475868,0.102906,0.048285,-0.066739,-0.21716,0.302746,-0.928,-0.698729,-0.71207,-0.068794,-0.681629,0.633482,0.366171,-0.032194,-0.030588,0.026302,-0.228025,-0.618883,0.661732,-0.843415
863,0.128309,0.049081,0.355189,-0.162905,0.275772,-0.947342,-0.739394,-0.669819,-0.067894,-0.653077,0.689054,0.314201,-0.039897,-0.052995,0.042474,-0.165491,-0.411342,0.66495,-0.84687,-0.108139,0.038396,0.377577,0.141163,-0.080899,0.986671,-0.80644,0.568602,0.162114,-0.574284,-0.818457,0.013773,-0.026769,0.008233,0.006671,-0.002251,0.016885,-0.033112,0.488518,0.035744,0.037196,0.003972,0.021597,-0.044083,0.998794,0.840095,-0.540806,-0.042035,0.542008,0.83999,0.025354,-0.008315,0.010836,-0.000688,0.03754,-0.016151,0.043042,0.475868,0.101734,0.047122,-0.06575,-0.191586,0.305501,-0.932718,-0.696609,-0.711777,-0.090046,-0.691397,0.632488,0.349181,-0.026397,-0.031524,0.025738,-0.200971,-0.363025,0.630379,-0.843252
864,0.127477,0.047852,0.356134,-0.15176,0.277721,-0.948623,-0.73969,-0.668459,-0.07742,-0.655436,0.68959,0.308054,-0.028184,-0.056194,0.040396,-0.166715,-0.298841,0.505505,-0.843678,-0.108553,0.038696,0.377611,0.140872,-0.080926,0.986711,-0.806258,0.568925,0.161886,-0.57461,-0.81823,0.013646,-0.014626,0.010183,0.006802,-0.000205,0.00167,-0.003872,0.488803,0.035526,0.037352,0.003993,0.021918,-0.044048,0.998788,0.839889,-0.541107,-0.042295,0.542314,0.839799,0.025136,-0.007324,0.005136,0.00344,-0.000209,0.001667,-0.003849,0.476357,0.101314,0.046512,-0.065274,-0.180485,0.30839,-0.933981,-0.697144,-0.709963,-0.099704,-0.69384,0.633125,0.34313,-0.020422,-0.0324,0.025152,-0.203582,-0.280418,0.485503,-0.840802
865,0.126524,0.045557,0.357761,-0.134976,0.274621,-0.952056,-0.734263,-0.672846,-0.09004,-0.665154,0.686562,0.293648,-0.016147,-0.057851,0.039376,-0.053405,-0.36328,0.567805,-0.836731,-0.109474,0.039345,0.3777,0.14082,-0.081042,0.986708,-0.805791,0.569582,0.161899,-0.575277,-0.817761,0.013652,-0.028883,0.021107,-0.00083,0.035528,-0.001136,0.013689,0.488707,0.035077,0.037665,0.004036,0.021975,-0.043935,0.998792,0.839466,-0.541761,-0.0423,0.542965,0.839382,0.024977,-0.007488,0.006074,0.003955,-0.000202,0.00166,-0.003878,0.476684,0.100833,0.045363,-0.064461,-0.163564,0.30613,-0.937832,-0.691662,-0.713443,-0.112254,-0.703455,0.630302,0.328432,-0.008157,-0.029235,0.019514,0.246514,-0.553587,0.895697,-0.836393
866,0.126168,0.043264,0.359104,-0.111047,0.271284,-0.956096,-0.734633,-0.670282,-0.104917,-0.669186,0.690389,0.274917,-0.004367,-0.053872,0.026764,0.094371,-0.666868,0.847329,-0.831646,-0.110342,0.040162,0.377866,0.141403,-0.081239,0.986609,-0.805204,0.570247,0.162475,-0.575956,-0.817277,0.013968,-0.017788,0.028279,0.002224,0.037595,-0.016457,0.042871,0.487462,0.034633,0.038078,0.004116,0.021368,-0.043754,0.998813,0.838991,-0.542543,-0.041716,0.543725,0.838887,0.025116,-0.008944,0.014367,0.001256,0.037605,-0.016445,0.042895,0.475541,0.100654,0.044247,-0.063793,-0.142088,0.303882,-0.942053,-0.692534,-0.710517,-0.124741,-0.707252,0.63468,0.311405,-0.002228,-0.027054,0.013312,-0.149931,-0.252043,0.161975,-0.831821
867,0.126179,0.042164,0.359616,-0.10071,0.26775,-0.958234,-0.732297,-0.671885,-0.110829,-0.673381,0.690215,0.264931,-0.005503,-0.067671,0.03332,-0.110411,-0.359003,0.324866,-0.832045,-0.110711,0.04067,0.378018,0.142159,-0.081385,0.986488,-0.804864,0.570528,0.16317,-0.576246,-0.817066,0.01435,-0.01685,0.021939,0.013296,0.0035,-0.025553,0.046791,0.486231,0.034455,0.038319,0.004186,0.020639,-0.043638,0.998834,0.838781,-0.542918,-0.041051,0.544077,0.838651,0.025397,-0.009264,0.016042,0.002173,0.050372,-0.110257,0.217793,0.474888,0.100658,0.043679,-0.063525,-0.128764,0.301652,-0.944682,-0.69002,-0.711442,-0.133122,-0.712243,0.634708,0.299754,0.003779,-0.028598,0.01227,0.114811,-0.737534,0.935768,-0.831168
868,0.12637,0.040028,0.360431,-0.082832,0.25437,-0.963577,-0.723336,-0.680407,-0.117492,-0.685416,0.686939,0.241554,0.007224,-0.059663,0.023079,5.192394,0.179504,-1.172878,-0.834084,-0.111318,0.041866,0.378465,0.146874,-0.082039,0.985743,-0.80372,0.57092,0.167385,-0.576666,-0.816726,0.016665,-0.006062,0.030221,0.016844,0.005553,-0.040804,0.076012,0.484341,0.034148,0.038915,0.004408,0.015833,-0.043147,0.998942,0.838365,-0.543865,-0.036779,0.544878,0.838062,0.027562,-0.009944,0.019633,0.0041,0.039665,-0.0282,0.064528,0.471949,0.100747,0.042603,-0.063117,-0.108673,0.290571,-0.950661,-0.684912,-0.715,-0.140247,-0.720475,0.635878,0.276717,0.003818,-0.024753,0.007134,-0.051831,-0.631277,0.272912,-0.832801
869,0.126519,0.038078,0.361035,-0.067094,0.243842,-0.967515,-0.717961,-0.68512,-0.122937,-0.692766,0.686084,0.22224,-0.004591,-0.047705,0.015635,-0.121358,-0.552771,0.01838,-0.835604,-0.111649,0.043303,0.379132,0.14953,-0.082408,0.985313,-0.803082,0.571119,0.169758,-0.576877,-0.81655,0.017967,-0.00899,0.046753,0.011165,0.043372,-0.059027,0.122703,0.481433,0.033986,0.039614,0.004737,0.013272,-0.042885,0.998991,0.83815,-0.544346,-0.034503,0.545277,0.837763,0.028719,-0.003701,0.018437,0.010152,-0.005338,0.039511,-0.073539,0.469662,0.100826,0.041621,-0.062814,-0.094127,0.281846,-0.954831,-0.675077,-0.722981,-0.146861,-0.731717,0.630761,0.258319,0.003797,-0.025123,0.006909,-0.131074,-0.760653,-0.112323,-0.833454
870,0.126424,0.036347,0.361555,-0.056448,0.241037,-0.968897,-0.711932,-0.690045,-0.130243,-0.699913,0.682134,0.211759,-0.003702,-0.035197,0.008284,5.286196,0.636806,-1.074612,-0.83871,-0.111817,0.044778,0.379929,0.152155,-0.082725,0.984884,-0.802626,0.571064,0.172081,-0.576827,-0.816556,0.019242,-0.007647,0.038148,0.020679,0.005558,-0.040827,0.075999,0.47296,0.033898,0.040374,0.005142,0.010502,-0.042644,0.999034,0.838067,-0.544623,-0.032058,0.545465,0.837595,0.030019,0.001894,0.021077,0.010993,-0.003288,0.024282,-0.044234,0.462314,0.100777,0.040747,-0.062554,-0.081367,0.278746,-0.956911,-0.67321,-0.723349,-0.153466,-0.73496,0.631716,0.246511,-0.002201,-0.023334,0.008155,-0.106525,-0.006537,0.07549,-0.83476
871,0.126255,0.035569,0.361832,-0.051014,0.236705,-0.970265,-0.712829,-0.689036,-0.130673,-0.699423,0.68467,0.205088,-0.016317,-0.042364,0.019248,-0.115513,-0.297621,-0.097019,-0.839174,-0.111854,0.045602,0.380364,0.153838,-0.08293,0.984605,-0.80233,0.571028,0.173572,-0.576794,-0.81656,0.020058,-0.007887,0.039289,0.021128,-0.005375,0.039484,-0.073499,0.467629,0.033878,0.040771,0.005352,0.008775,-0.042495,0.999058,0.838021,-0.544782,-0.030533,0.545566,0.8375,0.030831,0.001983,0.020535,0.010621,0.009501,-0.069637,0.130595,0.456599,0.100698,0.04037,-0.062425,-0.077483,0.275896,-0.958058,-0.669807,-0.726187,-0.154952,-0.738481,0.629708,0.241065,-0.008183,-0.021285,0.009559,-0.122171,-0.530026,-0.242992,-0.834761
872,0.125759,0.034379,0.362347,-0.039953,0.231062,-0.972142,-0.705172,-0.695764,-0.136445,-0.707867,0.679786,0.191945,-0.014995,-0.027286,0.013524,1.730332,-0.212442,0.234003,-0.839181,-0.111838,0.047199,0.381193,0.159269,-0.0806,0.983935,-0.811637,0.556613,0.177092,-0.562114,-0.826685,0.021984,-0.008058,0.03997,0.021168,-0.005801,-0.056814,0.101037,0.455748,0.033886,0.04157,0.005768,0.003503,-0.045035,0.998978,0.847316,-0.530407,-0.026883,0.531076,0.846545,0.036301,0.00185,0.020966,0.010688,-0.13842,-0.095446,0.126694,0.444189,0.100448,0.039755,-0.062163,-0.065955,0.269312,-0.960791,-0.663272,-0.731199,-0.159426,-0.745465,0.626752,0.226853,-0.007474,-0.01339,0.006885,5.950514,-0.75039,1.311739,-0.834434
873,0.12517,0.03357,0.362808,-0.031487,0.218733,-0.9753,-0.701968,-0.699421,-0.134253,-0.711479,0.680127,0.17678,-0.013589,-0.011924,0.00796,-0.045913,-0.194813,-0.179393,-0.84149,-0.111738,0.048826,0.381976,0.164199,-0.081966,0.983012,-0.817528,0.546239,0.18222,-0.552071,-0.83344,0.021433,0.003436,0.042805,0.021509,-5.426748,-1.064797,0.018778,0.435083,0.033934,0.042415,0.006175,-0.001594,-0.043206,0.999064,0.85275,-0.521887,-0.02121,0.522316,0.851918,0.037676,0.001719,0.021223,0.010758,-5.422046,-1.067081,0.004694,0.425247,0.100152,0.039343,-0.061932,-0.056532,0.258221,-0.964429,-0.65841,-0.735799,-0.158413,-0.750533,0.626035,0.211611,-0.006808,-0.005989,0.003972,-0.049644,-0.230124,-0.203698,-0.83525
874,0.124842,0.033333,0.363019,-0.026879,0.211215,-0.977093,-0.698128,-0.703506,-0.132924,-0.715441,0.678298,0.16758,-0.01314,-0.009556,0.009475,-0.039856,-0.244621,0.022286,-0.841077,-0.111668,0.049694,0.382357,0.166356,-0.082189,0.98263,-0.817056,0.546304,0.184136,-0.552127,-0.833375,0.02248,0.001607,0.053407,0.012631,0.045355,-0.073981,0.152086,0.42373,0.033968,0.042829,0.006361,-0.003805,-0.0436,0.999041,0.853542,-0.520659,-0.019472,0.521009,0.85265,0.039196,0.001676,0.021422,0.010683,0.010247,-0.073997,0.127605,0.412511,0.099983,0.03922,-0.061823,-0.051284,0.250393,-0.966784,-0.654315,-0.739768,-0.156888,-0.75448,0.624536,0.201774,-0.006526,-0.004511,0.004916,-0.044216,-0.163188,0.067826,-0.83574
875,0.124155,0.033192,0.363367,-0.021551,0.192042,-0.981173,-0.690746,-0.712314,-0.124301,-0.722756,0.674821,0.149224,-0.012015,0.004071,0.00278,1.609881,-0.174409,-0.509099,-0.841121,-0.11147,0.051438,0.383088,0.173025,-0.08572,0.981175,-0.81575,0.545672,0.191643,-0.552015,-0.833428,0.023242,0.003653,0.040859,0.020033,0.06561,-0.446449,0.8341,0.409469,0.034066,0.04371,0.006726,-0.009882,-0.040309,0.999138,0.853503,-0.520935,-0.012575,0.520992,0.852643,0.039552,0.001678,0.021114,0.010365,0.19125,-1.283444,2.381586,0.388834,0.099645,0.039151,-0.061648,-0.044898,0.233018,-0.971434,-0.64765,-0.747168,-0.149291,-0.760613,0.622447,0.18446,-0.012262,0.00312,0.00216,5.411055,0.072877,-1.021839,-0.835903
876,0.123482,0.033371,0.363619,-0.015649,0.178511,-0.983836,-0.691192,-0.712884,-0.118408,-0.722487,0.677943,0.135766,-0.023636,0.010014,0.006739,-0.008595,-0.173619,-0.144887,-0.844637,-0.111342,0.053053,0.383801,0.186381,-0.09153,0.9782,-0.816514,0.539207,0.206145,-0.546524,-0.837003,0.024519,0.004047,0.038434,0.018527,-0.03518,0.133122,-0.008466,0.40076,0.034129,0.044521,0.007085,-0.024901,-0.034753,0.999085,0.856341,-0.516398,0.00338,0.515809,0.855642,0.042619,-0.003811,0.01844,0.009257,-0.039534,0.147478,-0.002096,0.374138,0.099312,0.039236,-0.061525,-0.038228,0.219125,-0.974946,-0.646685,-0.749224,-0.143036,-0.761797,0.625016,0.170346,-0.011846,0.004899,0.003311,-0.011952,-0.165629,-0.13926,-0.836393
877,0.123089,0.033576,0.363745,-0.015333,0.17549,-0.984385,-0.691229,-0.713174,-0.116427,-0.722459,0.67843,0.133464,-0.023537,0.010411,0.006983,-0.005951,-0.0738,-0.119705,-0.843335,-0.111392,0.053776,0.384136,0.193927,-0.095032,0.976398,-0.814962,0.538343,0.214378,-0.546223,-0.837163,0.025711,0.004282,0.037129,0.01775,-0.053128,0.185341,0.046823,0.396353,0.034104,0.044883,0.007252,-0.032739,-0.031756,0.998959,0.856101,-0.516676,0.011632,0.515769,0.855591,0.044102,-0.003457,0.0167,0.008325,-0.067952,0.279477,0.013965,0.367769,0.099116,0.039341,-0.061461,-0.037771,0.216366,-0.975581,-0.646718,-0.749545,-0.141196,-0.761792,0.625593,0.168239,-0.011607,0.006037,0.004031,-0.007309,-0.077442,-0.087812,-0.83721
878,0.122296,0.034023,0.364042,-0.015265,0.166257,-0.985987,-0.6914,-0.714067,-0.109755,-0.722297,0.679827,0.127078,-0.023117,0.01226,0.008132,-0.018086,-0.386361,-0.269736,-0.839319,-0.111628,0.055053,0.384735,0.206856,-0.10059,0.973182,-0.815408,0.531857,0.228411,-0.5408,-0.840644,0.026758,-0.00634,0.030724,0.015117,-0.584808,0.24791,0.060906,0.380561,0.033989,0.045525,0.007553,-0.046221,-0.027532,0.998551,0.858296,-0.512514,0.025598,0.511067,0.858236,0.04732,-0.003128,0.015098,0.007437,-1.757546,0.156103,0.134718,0.351277,0.09872,0.039565,-0.061312,-0.0378,0.209001,-0.977184,-0.646751,-0.750565,-0.135514,-0.761764,0.626872,0.163543,-0.011562,0.006129,0.004078,-0.016083,-0.633907,-0.418343,-0.835904
879,0.121411,0.03453,0.364389,-0.016709,0.159606,-0.987062,-0.691548,-0.714794,-0.103928,-0.722121,0.680664,0.123547,-0.022721,0.013918,0.009149,-0.019022,-0.373726,-0.262262,-0.839566,-0.11187,0.056138,0.385246,0.217059,-0.104269,0.970569,-0.812934,0.531003,0.23897,-0.540536,-0.840731,0.029261,-0.005139,0.024933,0.012131,-0.006173,0.043942,-0.051755,0.3617,0.033866,0.046083,0.007816,-0.056721,-0.022638,0.998133,0.858041,-0.512236,0.037142,0.510439,0.858546,0.048478,-0.002523,0.012209,0.005943,-0.003038,0.016677,-0.073477,0.328906,0.098277,0.039818,-0.061138,-0.038852,0.202372,-0.978537,-0.646788,-0.751551,-0.129749,-0.761679,0.627865,0.160091,-0.011329,0.00713,0.004698,-0.017695,-0.622319,-0.411428,-0.835577
880,0.120442,0.03509,0.364748,-0.017715,0.153046,-0.988083,-0.691668,-0.715451,-0.098471,-0.721982,0.681488,0.11976,-0.035182,0.015162,0.010078,-0.008988,-0.105535,-0.143069,-0.832497,-0.111953,0.05715,0.385687,0.227791,-0.107986,0.967699,-0.810198,0.53011,0.249991,-0.54024,-0.84082,0.032034,-0.004892,0.023701,0.011417,0.010183,-0.061167,0.116781,0.340634,0.033826,0.046575,0.00803,-0.067809,-0.019382,0.997509,0.857143,-0.512806,0.048302,0.510593,0.858285,0.051386,0.002305,0.018408,0.001605,0.065668,-0.179882,0.326198,0.30082,0.097798,0.040102,-0.060957,-0.038811,0.194055,-0.980222,-0.646803,-0.752609,-0.123385,-0.761668,0.629223,0.154725,-0.011391,0.006691,0.004404,-0.009954,-0.123492,-0.114995,-0.832964
881,0.11997,0.035355,0.364922,-0.01713,0.147035,-0.989006,-0.691805,-0.715854,-0.094497,-0.721865,0.682395,0.115213,-0.022743,0.013363,0.008749,-0.022953,-0.417486,-0.28789,-0.831029,-0.111924,0.057699,0.385901,0.238082,-0.105891,0.965451,-0.813997,0.5204,0.25793,-0.530003,-0.84713,0.036474,0.006132,0.027422,0.012438,-0.050118,0.039159,-0.094697,0.335278,0.03384,0.046854,0.008139,-0.078413,-0.021855,0.99668,0.861872,-0.503938,0.056757,0.501026,0.863462,0.058352,0.003054,0.013743,0.006233,-0.049059,0.047431,-0.109769,0.289553,0.097558,0.040234,-0.06087,-0.03848,0.189801,-0.981067,-0.646851,-0.753064,-0.12032,-0.761644,0.629975,0.151751,-0.017579,0.00757,0.005037,-0.024387,-0.653511,-0.467524,-0.831985
882,0.119036,0.035831,0.365236,-0.016437,0.137914,-0.990331,-0.692029,-0.716424,-0.088337,-0.721668,0.683712,0.108448,-0.035419,0.01356,0.009025,-0.008059,-0.078585,-0.127244,-0.832928,-0.111928,0.058983,0.386302,0.258804,-0.104208,0.960288,-0.814434,0.510859,0.275052,-0.519531,-0.853126,0.04612,-0.007813,0.03961,0.005042,0.028703,0.048586,-0.07673,0.32501,0.033842,0.047476,0.008335,-0.099704,-0.024008,0.994727,0.864834,-0.496468,0.074701,0.492057,0.867722,0.070263,0.001766,0.02078,0.002635,0.032258,0.041998,-0.060186,0.272407,0.097096,0.040474,-0.060712,-0.036558,0.178982,-0.983172,-0.646998,-0.75404,-0.113212,-0.761614,0.631972,0.143367,-0.011578,0.005621,0.003711,-0.009079,-0.072927,-0.085079,-0.831005
883,0.118009,0.036262,0.365534,-0.015976,0.128705,-0.991577,-0.69229,-0.716931,-0.081956,-0.721429,0.684987,0.101789,-0.02347,0.009519,0.006297,-0.003478,-0.022098,-0.05592,-0.830589,-0.112066,0.060603,0.386561,0.265566,-0.09684,0.959212,-0.827433,0.487611,0.27843,-0.494991,-0.867484,0.048143,-0.008371,0.042219,0.006098,0.037672,-0.046552,0.097163,0.294924,0.033773,0.048286,0.008465,-0.106058,-0.031558,0.993858,0.877494,-0.473097,0.078618,0.467711,0.880444,0.077868,-0.004221,0.021277,0.003127,0.016854,0.049868,-0.079991,0.242199,0.096587,0.04069,-0.060562,-0.035469,0.169771,-0.984844,-0.647171,-0.754824,-0.106812,-0.761518,0.633575,0.136643,-0.017936,0.005629,0.003796,-0.006296,0.036267,-0.059005,-0.829862
884,0.117521,0.036388,0.365632,-0.016281,0.125481,-0.991985,-0.692395,-0.717117,-0.079401,-0.72132,0.685395,0.099792,-0.02415,0.006354,0.004318,-0.004112,-0.009088,-0.081692,-0.831161,-0.112122,0.061516,0.386622,0.270005,-0.093897,0.958265,-0.831727,0.478539,0.281361,-0.485298,-0.872846,0.049891,0.002896,0.044153,0.006243,0.04325,-0.060814,0.126543,0.281843,0.033741,0.048743,0.008496,-0.110506,-0.03459,0.993273,0.881923,-0.464214,0.081951,0.458256,0.885047,0.081804,-0.004178,0.021053,0.002977,0.041839,-0.03989,0.092027,0.223584,0.096335,0.040761,-0.060509,-0.03566,0.16671,-0.98536,-0.647241,-0.755111,-0.104332,-0.76145,0.634045,0.134829,-0.012063,0.00325,0.002222,-0.005099,0.025699,-0.060691,-0.829699
885,0.116458,0.036565,0.365759,-0.015284,0.122494,-0.992374,-0.692274,-0.717394,-0.077943,-0.72146,0.685649,0.096999,-0.024751,0.003608,0.002597,-0.002014,0.028654,-0.059561,-0.830506,-0.112209,0.063366,0.386545,0.281773,-0.087779,0.955453,-0.838866,0.460688,0.289835,-0.465934,-0.883033,0.054958,0.002232,0.0489,-0.005267,-0.39753,-0.195816,0.095482,0.272336,0.033695,0.049676,0.008466,-0.122385,-0.04079,0.991643,0.889565,-0.447574,0.091376,0.440107,0.893315,0.091062,-0.004505,0.023524,-0.002727,-1.519345,-0.561432,0.024399,0.19909,0.095803,0.040848,-0.060446,-0.03459,0.164151,-0.985828,-0.647103,-0.755401,-0.103077,-0.761616,0.634367,0.132352,-0.012418,0.001627,0.001205,-0.001964,0.04065,-0.053297,-0.829862
