frame,MLTx,MLTy,MLTz,MLTR1,MLTR2,MLTR3,MLTR4,MLTR5,MLTR6,MLTR7,MLTR8,MLTR9,MLTTVx,MLTTVy,MLTTVz,MLTRVx,MLTRVy,MLTRVz,MLGA,MRTx,MRTy,MRTz,MRTR1,MRTR2,MRTR3,MRTR4,MRTR5,MRTR6,MRTR7,MRTR8,MRTR9,MRTTVx,MRTTVy,MRTTVz,MRTRVx,MRTRVy,MRTRVz,MRGA,SLTx,SLTy,SLTz,SLTR1,SLTR2,SLTR3,SLTR4,SLTR5,SLTR6,SLTR7,SLTR8,SLTR9,SLTTVx,SLTTVy,SLTTVz,SLTRVx,SLTRVy,SLTRVz,SLGA,SRTx,SRTy,SRTz,SRTR1,SRTR2,SRTR3,SRTR4,SRTR5,SRTR6,SRTR7,SRTR8,SRTR9,SRTTVx,SRTTVy,SRTTVz,SRTRVx,SRTRVy,SRTRVz,SRGA
611,0.278495,0.069129,0.371699,-0.930503,0.276421,-0.240418,-0.351905,-0.856975,0.376468,-0.100814,0.43456,0.894997,-0.055926,-0.01642,-0.006355,0.272118,-1.668835,-1.100059,-0.933903,-0.110891,0.038168,0.369579,0.146423,0.283076,0.94785,-0.907253,0.420247,0.014766,-0.394308,-0.86244,0.317145,0.011716,0.004511,0.001688,0.002045,-0.015205,0.029245,0.518009,0.03446,0.036855,-3.3e-05,0.02491,-0.403293,0.914731,0.901376,-0.38664,-0.195011,0.432318,0.829375,0.353887,-0.000265,0.001315,0.000792,0.001937,-0.013992,0.02512,0.516854,0.176789,0.057194,-0.057405,-0.948764,0.231715,-0.214835,-0.295351,-0.891964,0.342296,-0.11231,0.38821,0.914701,-0.027958,-0.008289,-0.003203,1.706714,-3.031174,-0.349253,-0.812553
612,0.275763,0.068406,0.371328,-0.925473,0.230804,-0.300456,-0.339171,-0.858177,0.385313,-0.167765,0.458211,0.872883,-0.078904,-0.021093,-0.007906,-1.00016,-1.50821,-0.581312,-0.958514,-0.110751,0.038271,0.369628,0.14705,0.283098,0.947747,-0.907155,0.420441,0.015285,-0.394302,-0.862339,0.317429,-0.000513,0.002558,0.001548,0.00193,-0.013998,0.025114,0.518053,0.034534,0.036908,-9e-06,0.02425,-0.403324,0.914735,0.901372,-0.38691,-0.194493,0.432364,0.829233,0.354163,-0.00025,0.001246,0.000752,0.001939,-0.01399,0.025114,0.51669,0.175431,0.056836,-0.05759,-0.942183,0.190084,-0.275968,-0.282519,-0.893468,0.349137,-0.180204,0.406917,0.895513,-0.04518,-0.012025,-0.004476,-1.595485,-0.131776,3.152798,-0.824636
613,0.273961,0.068006,0.37115,-0.917713,0.211322,-0.336438,-0.339446,-0.857138,0.38738,-0.205373,0.469439,0.858764,-0.10243,-0.023729,-0.00838,1.145618,-3.290254,-1.073781,-0.972632,-0.110702,0.038311,0.369647,0.147281,0.283106,0.947709,-0.907118,0.420512,0.015476,-0.394299,-0.862301,0.317534,-0.000361,0.001795,0.001086,0.0,0.0,0.0,0.517987,0.034558,0.036929,2e-06,0.024016,-0.403336,0.914736,0.90137,-0.387006,-0.194309,0.432381,0.829183,0.354261,-0.000222,0.001105,0.000668,-2e-06,-1.5e-05,1.5e-05,0.516854,0.17454,0.056634,-0.05768,-0.934134,0.173541,-0.311891,-0.28361,-0.891435,0.353423,-0.216698,0.4186,0.881938,-0.046576,-0.004692,-0.007597,-0.780867,-1.978346,-1.802016,-0.837373
614,0.26931,0.067069,0.370816,-0.899394,0.184648,-0.396284,-0.343749,-0.858778,0.379881,-0.26906,0.477651,0.836352,-0.137708,-0.027182,-0.008859,1.236513,-2.346826,-0.627066,-0.980799,-0.110659,0.03838,0.369684,0.147597,0.283119,0.947656,-0.907068,0.42061,0.015737,-0.394296,-0.862249,0.317679,-0.000403,0.002003,0.001211,0.0,0.0,0.0,0.517961,0.03458,0.036963,2e-05,0.023696,-0.403353,0.914737,0.901368,-0.387138,-0.194058,0.432403,0.829114,0.354396,-0.00023,0.001143,0.000691,0.001935,-0.013993,0.025122,0.516527,0.172227,0.056168,-0.057847,-0.915481,0.146252,-0.374839,-0.284727,-0.893718,0.346693,-0.284296,0.424118,0.859824,-0.068737,-0.013978,-0.004599,-0.126949,-1.410904,-1.427241,-0.845048
615,0.263514,0.065987,0.370367,-0.875385,0.163028,-0.455157,-0.353874,-0.857541,0.373321,-0.328369,0.487661,0.808942,-0.16223,-0.020846,-0.018647,-0.421696,-1.233206,-1.510102,-0.994937,-0.11063,0.03847,0.369735,0.147953,0.283134,0.947596,-0.907013,0.42072,0.01603,-0.394292,-0.862191,0.317843,-0.000526,0.002614,0.001579,0.0,0.0,0.0,0.517754,0.034595,0.037007,4.4e-05,0.023335,-0.403373,0.914737,0.901365,-0.387285,-0.193777,0.432429,0.829035,0.354549,-0.00031,0.001534,0.000925,0.001924,-0.014,0.025148,0.51669,0.169336,0.055631,-0.058066,-0.890878,0.129943,-0.435257,-0.295264,-0.893818,0.3375,-0.345186,0.429187,0.834651,-0.080247,-0.015798,-0.005118,0.559226,-2.098938,1.110476,-0.856805
616,0.25663,0.064584,0.369896,-0.84186,0.148155,-0.519006,-0.370245,-0.858212,0.355474,-0.391709,0.49123,0.778,-0.194714,-0.039099,-0.013002,-1.777575,-0.86558,4.218887,-1.001905,-0.110621,0.03861,0.369816,0.150107,0.282273,0.947514,-0.904428,0.426232,0.016424,-0.399385,-0.859761,0.318065,-0.000855,0.004247,0.002563,0.00193,-0.013998,0.025114,0.518291,0.0346,0.037075,8.4e-05,0.021213,-0.402579,0.915138,0.898955,-0.392895,-0.193678,0.437524,0.826778,0.353566,-0.000341,0.001686,0.001016,-0.000354,-0.0008,9.8e-05,0.516527,0.165906,0.05494,-0.058302,-0.85938,0.114079,-0.498449,-0.305416,-0.896327,0.321431,-0.410105,0.428465,0.805127,-0.091555,-0.01869,-0.006221,1.255451,-2.52196,0.099268,-0.854192
617,0.252874,0.063834,0.369673,-0.826413,0.139462,-0.545561,-0.373902,-0.860353,0.346355,-0.420048,0.490041,0.763837,-0.195272,-0.036687,-0.011771,0.78128,-1.967953,-0.317876,-1.006573,-0.11061,0.038697,0.369866,0.150413,0.282285,0.947461,-0.904379,0.426326,0.016676,-0.399382,-0.85971,0.318207,-0.00084,0.004173,0.002516,0.0,0.0,0.0,0.518078,0.034605,0.03712,0.00011,0.020878,-0.402602,0.915136,0.898953,-0.393028,-0.193416,0.437544,0.826704,0.353715,-0.000503,0.002493,0.001501,0.001801,-0.014082,0.025097,0.51669,0.163955,0.054548,-0.058421,-0.842174,0.110725,-0.527713,-0.313548,-0.896772,0.312228,-0.438667,0.428414,0.789956,-0.097618,-0.018381,-0.00585,0.711544,-1.966135,-0.364911,-0.858274
618,0.24478,0.062437,0.369205,-0.791574,0.141001,-0.594621,-0.397053,-0.858331,0.324943,-0.463584,0.493133,0.736163,-0.207714,-0.034145,-0.010084,0.640064,-2.246932,0.864024,-1.013597,-0.110603,0.038899,0.369984,0.150941,0.282306,0.947371,-0.904295,0.426489,0.01711,-0.399376,-0.859623,0.318452,-0.001079,0.005353,0.003221,0.001931,-0.013998,0.025114,0.518118,0.034608,0.03722,0.000168,0.020365,-0.402629,0.915136,0.898949,-0.393235,-0.193016,0.437577,0.826592,0.353935,-0.000472,0.002334,0.001404,-7.6e-05,-5e-06,-1.8e-05,0.516853,0.159986,0.05386,-0.058652,-0.809769,0.117236,-0.574917,-0.336495,-0.895481,0.291347,-0.480671,0.42938,0.764583,-0.109609,-0.018056,-0.005278,0.002483,-0.964132,1.533556,-0.852722
619,0.236395,0.060977,0.368796,-0.752684,0.148748,-0.641395,-0.418006,-0.860605,0.290866,-0.50779,0.486847,0.710744,-0.219058,-0.038363,-0.011953,1.025881,-2.046618,1.377363,-1.0413,-0.110644,0.0391,0.370094,0.151508,0.282328,0.947274,-0.904192,0.426688,0.017568,-0.399393,-0.859517,0.318716,-0.000995,0.004937,0.002965,0.001931,-0.013998,0.025114,0.51783,0.034588,0.037321,0.000223,0.019791,-0.40266,0.915135,0.898933,-0.393489,-0.192576,0.437638,0.826457,0.354176,-0.000471,0.002331,0.001399,0.00189,-0.013969,0.025113,0.517017,0.155797,0.053143,-0.058851,-0.772078,0.128333,-0.622435,-0.357718,-0.897274,0.258721,-0.525293,0.422409,0.738672,-0.109514,-0.019178,-0.0059,0.156358,-0.689078,0.032357,-0.86007
620,0.231998,0.060155,0.368565,-0.731618,0.155654,-0.663742,-0.42691,-0.863669,0.267948,-0.53064,0.479195,0.699156,-0.219236,-0.038967,-0.012321,0.11989,-0.396685,0.422032,-1.040818,-0.110671,0.039187,0.370147,0.151739,0.282339,0.947234,-0.904155,0.426759,0.017756,-0.39939,-0.859478,0.318824,-0.001055,0.005236,0.003142,0.001931,-0.013998,0.025114,0.518113,0.034574,0.037365,0.00025,0.019558,-0.402674,0.915134,0.89893,-0.393584,-0.192395,0.437654,0.826405,0.354278,-0.006518,0.001107,0.001178,-0.002076,0.015218,-0.029258,0.516854,0.153681,0.052747,-0.058962,-0.751181,0.13746,-0.645624,-0.36674,-0.90014,0.235051,-0.548843,0.413342,0.72658,-0.109526,-0.019868,-0.006289,1.140416,-2.063726,2.041874,-0.860397
621,0.223739,0.058439,0.368169,-0.682552,0.178381,-0.708765,-0.456349,-0.861497,0.222576,-0.570052,0.475137,0.670307,-0.208025,-0.040479,-0.01366,0.041928,-0.876169,1.266396,-1.025003,-0.110711,0.039342,0.37024,0.153829,0.281454,0.94716,-0.901543,0.432235,0.018101,-0.404467,-0.857027,0.319023,-0.000852,0.004233,0.002536,0.001931,-0.013998,0.025114,0.517983,0.034554,0.037444,0.000298,0.017475,-0.401859,0.915534,0.896485,-0.399159,-0.192317,0.442728,0.824124,0.353286,-0.000321,0.001585,0.000949,-0.000196,-0.000206,-2.5e-05,0.51669,0.149464,0.051877,-0.059163,-0.704361,0.165247,-0.690338,-0.397026,-0.89789,0.190162,-0.588425,0.408025,0.698047,-0.109293,-0.026551,-0.002849,0.002344,-0.718931,1.048381,-0.846354
622,0.215151,0.056578,0.367807,-0.646137,0.194312,-0.738102,-0.47771,-0.85716,0.192462,-0.594476,0.476709,0.647591,-0.220356,-0.048954,-0.003835,0.005848,-0.853325,1.213943,-1.026874,-0.110722,0.03944,0.370299,0.155794,0.280548,0.947108,-0.898918,0.437658,0.018347,-0.40953,-0.854566,0.319164,-0.000257,0.001277,0.000765,0.141324,0.002738,0.047624,0.518173,0.034547,0.037498,0.00033,0.015564,-0.401021,0.915936,0.894072,-0.404538,-0.192311,0.447652,0.821906,0.352246,-0.000134,0.000659,0.000395,0.477558,0.01597,0.159848,0.51669,0.145259,0.050954,-0.059348,-0.670435,0.184177,-0.718745,-0.418567,-0.893725,0.161418,-0.612632,0.409063,0.676275,-0.110081,-0.025218,-0.002223,0.046704,-0.85556,1.199728,-0.841945
623,0.206523,0.055037,0.367659,-0.619734,0.187958,-0.762002,-0.474793,-0.862862,0.173242,-0.624175,0.468919,0.624938,-0.222086,-0.041671,-0.000124,-0.080615,-0.670655,0.625242,-1.000581,-0.110723,0.039494,0.37033,0.155967,0.280553,0.947078,-0.898889,0.437711,0.018489,-0.409527,-0.854537,0.319244,-0.000257,0.001275,0.000763,0.0,0.0,0.0,0.517915,0.034547,0.037523,0.000344,0.015324,-0.401034,0.915934,0.894009,-0.404742,-0.192171,0.447784,0.821799,0.352326,-0.000125,0.000617,0.000368,-0.000188,-4.4e-05,-3.8e-05,0.51669,0.140863,0.050163,-0.05943,-0.642988,0.181621,-0.744028,-0.41652,-0.898171,0.140707,-0.64271,0.400376,0.653162,-0.117318,-0.015288,-0.003866,-0.042673,-0.719448,0.601487,-0.842925
624,0.202016,0.054242,0.367645,-0.608907,0.182726,-0.771938,-0.472082,-0.865491,0.16744,-0.636758,0.466142,0.614229,-0.222771,-0.040695,0.000309,-0.107327,-0.607366,0.431974,-0.99251,-0.110717,0.039511,0.370328,0.156175,0.280555,0.947043,-0.898843,0.437798,0.018653,-0.409548,-0.854492,0.319338,-7.3e-05,0.000363,0.000217,0.0,0.0,0.0,0.518123,0.03455,0.037532,0.000344,0.015114,-0.40104,0.915935,0.893995,-0.404847,-0.192014,0.447819,0.821745,0.352409,-3.2e-05,0.000162,9.7e-05,-0.000137,2.2e-05,-3.8e-05,0.516527,0.13861,0.049768,-0.059436,-0.63192,0.177649,-0.754398,-0.41384,-0.900338,0.134637,-0.655296,0.39728,0.64246,-0.117285,-0.020576,0.000332,-0.112135,-0.659621,0.380082,-0.842272
625,0.192818,0.052746,0.367699,-0.59113,0.177689,-0.786789,-0.471946,-0.867217,0.158661,-0.653396,0.464886,0.59748,-0.224784,-0.023815,-0.005,0.061261,-0.452525,0.353853,-1.008452,-0.11069,0.039516,0.370329,0.156248,0.280555,0.947031,-0.898831,0.43782,0.018714,-0.409547,-0.854481,0.319371,-0.0,0.0,0.0,0.0,0.0,0.0,0.51672,0.034564,0.037534,0.000343,0.015042,-0.401041,0.915936,0.893996,-0.404873,-0.191955,0.44782,0.821731,0.352439,6e-06,-2.7e-05,-1.6e-05,-9e-05,9e-06,-5.2e-05,0.5162,0.134012,0.049011,-0.059408,-0.613946,0.174231,-0.769879,-0.413856,-0.90158,0.125997,-0.672155,0.395974,0.625628,-0.11807,-0.017418,0.001921,0.306683,-0.940423,0.962999,-0.843905
626,0.184133,0.051649,0.367906,-0.553262,0.18953,-0.811187,-0.483597,-0.865947,0.127442,-0.677609,0.462556,0.571764,-0.225427,-0.025091,0.008293,0.264296,-0.90615,0.941621,-1.012299,-0.110656,0.039539,0.370328,0.158041,0.279622,0.947009,-0.896189,0.443198,0.018819,-0.414621,-0.852008,0.319428,-4.3e-05,0.000212,0.000127,0.0,0.0,0.0,0.516517,0.034581,0.037544,0.000343,0.013261,-0.400175,0.916342,0.891479,-0.410321,-0.192093,0.452866,0.819448,0.351306,-2e-05,0.000104,6.1e-05,-0.000256,-0.000233,-3e-05,0.515547,0.12967,0.048456,-0.059313,-0.577786,0.189417,-0.793904,-0.425972,-0.899697,0.095355,-0.696211,0.393276,0.600518,-0.106767,-0.01254,0.004053,1.022507,-2.080326,2.306473,-0.846844
627,0.179841,0.051199,0.368101,-0.528099,0.193357,-0.826904,-0.485879,-0.867384,0.107418,-0.695822,0.458257,0.553045,-0.225829,-0.021082,0.01036,-0.147642,-1.057446,0.476418,-1.01447,-0.11066,0.039562,0.37033,0.158099,0.279619,0.947001,-0.896168,0.443239,0.01886,-0.414644,-0.851988,0.319452,-0.000204,0.00101,0.000604,0.0,0.0,0.0,0.516594,0.034579,0.037553,0.000342,0.013202,-0.400175,0.916343,0.891468,-0.410364,-0.192054,0.45289,0.819426,0.351325,-0.000158,0.000783,0.000465,-0.000163,-1e-06,-4.6e-05,0.515384,0.127524,0.048231,-0.059216,-0.553752,0.197691,-0.808873,-0.428483,-0.900576,0.073235,-0.713975,0.387143,0.583403,-0.106978,-0.010443,0.005144,0.353952,-0.950632,1.262827,-0.845374
628,0.171656,0.050531,0.368595,-0.494808,0.198696,-0.846008,-0.491493,-0.866823,0.083814,-0.716076,0.457028,0.527625,-0.214391,-0.012776,0.014276,-1.099233,0.917196,-1.053996,-1.020832,-0.110679,0.039662,0.370323,0.158343,0.279599,0.946965,-0.896061,0.443449,0.019021,-0.414784,-0.851885,0.319546,-0.000434,0.002152,0.001287,0.0,0.0,0.0,0.51652,0.03457,0.037602,0.000338,0.012958,-0.40016,0.916353,0.891395,-0.410591,-0.191906,0.45304,0.81932,0.35138,-0.001147,0.006641,-0.003512,0.037866,-0.018874,0.04625,0.515221,0.123427,0.047892,-0.05897,-0.518103,0.204685,-0.830465,-0.434674,-0.899223,0.049548,-0.736632,0.386652,0.554861,-0.101239,-0.00605,0.007236,-0.008897,-0.577999,0.820809,-0.847334
629,0.163785,0.05031,0.369315,-0.470512,0.197723,-0.859982,-0.496529,-0.864952,0.072733,-0.728884,0.460977,0.506218,-0.190246,-0.001568,0.019403,0.385199,-0.57219,0.410323,-1.011675,-0.11072,0.039827,0.370356,0.160488,0.275824,0.947711,-0.893254,0.449001,0.020709,-0.419985,-0.8502,0.31723,-0.000716,0.00355,0.00212,-0.000769,0.004568,0.002608,0.516522,0.03455,0.037686,0.000355,0.010913,-0.396386,0.918018,0.889002,-0.416446,-0.190383,0.45777,0.818199,0.347843,-0.000381,0.001889,0.001127,-0.000274,-0.015004,-0.009686,0.515057,0.119553,0.047774,-0.058622,-0.496313,0.205211,-0.84354,-0.441149,-0.896475,0.04147,-0.747703,0.392709,0.53546,-0.095254,-0.000248,0.009991,4.728597,-0.928664,-2.10741,-0.835903
630,0.156716,0.050448,0.370142,-0.454139,0.195595,-0.869222,-0.506139,-0.85951,0.07097,-0.732665,0.471929,0.490419,-0.177786,0.005416,0.022654,-0.061797,-0.377446,0.332108,-1.001765,-0.110791,0.040039,0.370473,0.161025,0.275834,0.947617,-0.893151,0.449187,0.021142,-0.42,-0.850099,0.317481,-0.001255,0.006229,0.003713,0.001933,-0.014008,0.025109,0.516811,0.034515,0.03779,0.000413,0.010387,-0.396598,0.917933,0.888977,-0.416642,-0.190073,0.457832,0.817996,0.348238,-0.000645,0.003193,0.001904,0.001912,-0.014414,0.024825,0.514894,0.115943,0.047843,-0.0582,-0.479573,0.204174,-0.853418,-0.449908,-0.892206,0.039369,-0.753387,0.402839,0.519737,-0.088854,0.003454,0.011829,-0.042373,-0.358777,0.385206,-0.83574
631,0.153279,0.050609,0.370574,-0.445232,0.194183,-0.874132,-0.509324,-0.857804,0.068803,-0.735926,0.475603,0.481914,-0.165753,0.006072,0.022578,-0.10915,-0.539345,0.275438,-0.997301,-0.110824,0.040156,0.370555,0.161346,0.275846,0.947559,-0.893107,0.449261,0.02141,-0.41997,-0.850056,0.317636,-0.001222,0.006065,0.00361,-0.0,0.0,0.0,0.516593,0.034497,0.037851,0.000455,0.010062,-0.396617,0.917928,0.888982,-0.41675,-0.189814,0.45783,0.817932,0.348392,-0.000636,0.003148,0.001876,-3.6e-05,-5.6e-05,-2.3e-05,0.514731,0.11422,0.047928,-0.057981,-0.471014,0.204294,-0.858143,-0.453252,-0.890624,0.036752,-0.756774,0.406266,0.512093,-0.08878,0.004047,0.01211,-0.143874,-0.523478,0.051886,-0.837373
632,0.146851,0.050921,0.371415,-0.435802,0.198542,-0.877897,-0.513972,-0.855576,0.06159,-0.738344,0.477804,0.476002,-0.153666,0.007181,0.022707,-0.034661,-0.113575,0.135895,-0.987054,-0.110972,0.040423,0.37071,0.161904,0.275861,0.94746,-0.893,0.449453,0.021857,-0.419984,-0.84995,0.317901,-0.013387,0.004222,0.003517,-0.002045,0.015205,-0.029245,0.517313,0.034428,0.037984,0.000532,0.009472,-0.39664,0.917924,0.888957,-0.417008,-0.189365,0.457891,0.817789,0.348646,-0.000776,0.003849,0.002288,0.001929,-0.013987,0.02508,0.514894,0.111002,0.048086,-0.057559,-0.461639,0.209352,-0.862009,-0.458218,-0.888344,0.029645,-0.759555,0.408673,0.506024,-0.076765,0.008671,0.007051,0.001001,-0.109359,0.131369,-0.835577
633,0.141098,0.051209,0.372378,-0.429635,0.201153,-0.880339,-0.517511,-0.853731,0.05743,-0.739492,0.480004,0.47199,-0.141308,0.009917,0.023727,-0.034197,-0.126868,0.166257,-0.96708,-0.111124,0.040712,0.370878,0.162525,0.275877,0.947349,-0.892881,0.449664,0.022355,-0.419997,-0.849833,0.318196,-0.001529,0.007615,0.004507,0.001933,-0.014009,0.025108,0.517034,0.034348,0.038127,0.000615,0.008888,-0.396663,0.91792,0.888931,-0.417263,-0.188921,0.457953,0.817648,0.348898,-0.000742,0.003681,0.002182,-2e-06,1.2e-05,-9e-06,0.515057,0.108068,0.048231,-0.057069,-0.455591,0.212557,-0.864439,-0.462017,-0.886503,0.025518,-0.760904,0.411012,0.502088,-0.070676,0.004974,0.011957,-0.03458,-0.12678,0.166545,-0.832801
634,0.138442,0.051258,0.372934,-0.425253,0.197201,-0.883356,-0.51906,-0.85265,0.059473,-0.740942,0.483555,0.466053,-0.129985,-0.002604,0.030893,-0.169112,-0.324929,-0.200836,-0.963558,-0.111184,0.040871,0.370974,0.162919,0.275887,0.947278,-0.892813,0.449783,0.022677,-0.41999,-0.849767,0.318384,-0.001618,0.008062,0.004764,0.001933,-0.014009,0.025108,0.517441,0.034318,0.038206,0.000663,0.008488,-0.396679,0.917917,0.888921,-0.417424,-0.18861,0.457979,0.817558,0.349073,-0.000795,0.003953,0.00234,8e-06,2.2e-05,-2.3e-05,0.515057,0.10679,0.04826,-0.056801,-0.451493,0.209972,-0.867217,-0.463622,-0.885623,0.026944,-0.76237,0.414226,0.4972,-0.059029,-0.001462,0.015278,-0.231418,-0.545653,-0.255199,-0.831495
635,0.133984,0.051163,0.374044,-0.414616,0.196209,-0.888618,-0.522582,-0.850736,0.055925,-0.744497,0.487315,0.456372,-0.106312,-0.003964,0.029453,-0.079685,-0.081788,0.050683,-0.963184,-0.111297,0.041245,0.371198,0.163903,0.275911,0.947101,-0.892642,0.450081,0.023482,-0.419972,-0.849601,0.31885,-0.002053,0.01024,0.006028,0.001932,-0.014009,0.025108,0.516967,0.034262,0.038391,0.000774,0.007488,-0.396715,0.91791,0.888897,-0.417826,-0.187833,0.458043,0.817335,0.34951,-0.001051,0.005227,0.00308,0.00193,-0.014018,0.025112,0.514731,0.104551,0.048212,-0.056245,-0.440161,0.208437,-0.87339,-0.467247,-0.883785,0.02456,-0.766771,0.418899,0.486399,-0.053249,-0.002419,0.014571,-0.060521,-0.113036,0.2229,-0.831821
636,0.130193,0.05078,0.375279,-0.384393,0.194825,-0.902403,-0.533036,-0.8449,0.044586,-0.753283,0.497905,0.429747,-0.083564,-0.018447,0.035326,-0.256936,-0.833554,-0.022063,-0.963689,-0.111365,0.041768,0.371502,0.168261,0.27614,0.94627,-0.892292,0.45056,0.027302,-0.418996,-0.849273,0.321,-0.003036,0.015143,0.00887,0.003864,-0.028021,0.050219,0.516352,0.03423,0.038645,0.000922,0.003033,-0.396995,0.917815,0.889235,-0.418777,-0.184078,0.457439,0.816712,0.351752,-0.00148,0.007362,0.004314,0.004031,-0.011414,0.021028,0.514241,0.102648,0.048028,-0.055628,-0.411449,0.211865,-0.886466,-0.478217,-0.878158,0.012083,-0.775898,0.428895,0.462634,-0.04782,-0.009156,0.017936,-0.044277,-0.380477,0.361534,-0.837536
637,0.126916,0.050029,0.376496,-0.359391,0.19874,-0.911804,-0.540622,-0.840721,0.029784,-0.760213,0.503394,0.410728,-0.072932,-0.024747,0.031709,-0.124335,-0.36675,0.400813,-0.966949,-0.111446,0.042452,0.371897,0.172377,0.276361,0.945464,-0.891968,0.450967,0.030926,-0.418015,-0.848985,0.323033,-0.003593,0.017911,0.010423,0.001933,-0.014009,0.025108,0.514901,0.034189,0.038989,0.00112,-0.001143,-0.397257,0.917706,0.889545,-0.419653,-0.180552,0.456844,0.816136,0.353858,0.004015,0.011006,0.005917,0.006349,-0.042691,0.078649,0.512935,0.101006,0.047659,-0.055015,-0.3859,0.215383,-0.897045,-0.486203,-0.873845,-0.000653,-0.78402,0.435894,0.441936,-0.042457,-0.011976,0.016291,-0.123345,-0.228952,0.209774,-0.840966
638,0.125399,0.049565,0.377085,-0.349938,0.197897,-0.915656,-0.544613,-0.838239,0.026912,-0.761784,0.507845,0.402251,-0.073267,-0.025637,0.031271,-0.213315,-0.596636,0.041441,-0.966721,-0.111502,0.042869,0.372137,0.175675,0.276568,0.944797,-0.891779,0.451128,0.033881,-0.417047,-0.848833,0.324682,-0.00412,0.020538,0.011904,0.003865,-0.028019,0.050215,0.514711,0.034158,0.039186,0.001234,-0.004428,-0.397494,0.917593,0.889882,-0.42015,-0.177712,0.456167,0.815764,0.355583,-0.002132,0.010595,0.006144,0.004895,-0.026747,0.04824,0.513098,0.100248,0.047426,-0.054721,-0.377473,0.217422,-0.900133,-0.490447,-0.871457,-0.004825,-0.785477,0.439647,0.435586,-0.036742,-0.01331,0.015428,-0.217292,-0.727291,0.195287,-0.844721
639,0.122514,0.048495,0.378305,-0.326082,0.201372,-0.923669,-0.552305,-0.83352,0.013203,-0.76684,0.514198,0.384166,-0.061961,-0.028183,0.029653,0.740909,-1.788566,2.372963,-0.969377,-0.111649,0.043783,0.372673,0.182162,0.276984,0.943445,-0.891402,0.451398,0.03971,-0.415071,-0.848554,0.327926,-0.005168,0.025763,0.014799,0.005798,-0.042026,0.075324,0.514564,0.034088,0.039648,0.001504,-0.011108,-0.397969,0.917331,0.890532,-0.421175,-0.171937,0.454783,0.815003,0.359083,-0.00257,0.01277,0.007339,-0.007704,0.070816,-0.126497,0.513098,0.098828,0.046899,-0.054123,-0.355741,0.219703,-0.908393,-0.498402,-0.866824,-0.014467,-0.790596,0.447599,0.417866,-0.030967,-0.013967,0.014939,-0.166236,-0.449713,0.161792,-0.846844
640,0.119957,0.04755,0.379542,-0.3124,0.20277,-0.928082,-0.558278,-0.829611,0.006608,-0.768225,0.519936,0.373529,-0.061249,-0.023476,0.032214,-0.103308,-0.194106,0.308618,-0.967951,-0.11188,0.044888,0.373305,0.188916,0.277404,0.941992,-0.890919,0.451778,0.045753,-0.413089,-0.848215,0.331288,-0.005645,0.028164,0.016004,0.003865,-0.028017,0.050216,0.511542,0.033974,0.040192,0.001816,-0.017954,-0.39844,0.917017,0.891116,-0.422304,-0.166042,0.453419,0.814189,0.362639,-0.003008,0.014968,0.008514,0.007106,-0.040408,0.072817,0.511465,0.097543,0.046417,-0.05351,-0.33949,0.223111,-0.913765,-0.504814,-0.862917,-0.023143,-0.793667,0.453425,0.405581,-0.030621,-0.011642,0.0162,-0.100726,-0.05438,0.152228,-0.846191
641,0.118805,0.04717,0.380137,-0.307259,0.1995,-0.930503,-0.560601,-0.828035,0.007527,-0.768612,0.523702,0.36742,-0.06016,-0.010449,0.024811,-0.114418,-0.316853,0.071534,-0.967579,-0.111993,0.045446,0.373621,0.192676,0.27762,0.941167,-0.890585,0.452087,0.049089,-0.412076,-0.847979,0.333148,-0.005953,0.029715,0.016792,0.005798,-0.042026,0.075324,0.50876,0.033916,0.040482,0.00198,-0.021841,-0.398686,0.916827,0.89137,-0.423055,-0.162733,0.452748,0.813678,0.364617,-0.003004,0.014948,0.008452,0.007122,-0.040397,0.072778,0.509342,0.096944,0.046212,-0.053198,-0.334321,0.220891,-0.916207,-0.507369,-0.861433,-0.022548,-0.794233,0.457317,0.400068,-0.030594,-0.01127,0.016412,-0.164569,-0.350314,-0.007059,-0.846354
642,0.116418,0.046501,0.381314,-0.297978,0.197128,-0.934021,-0.559488,-0.828813,0.003512,-0.773073,0.523371,0.358423,-0.060137,-0.009668,0.025258,-0.099478,-0.133628,-0.07913,-0.968535,-0.112222,0.046587,0.374252,0.195128,0.27766,0.94065,-0.89008,0.45286,0.051085,-0.412016,-0.847554,0.334303,-0.005431,0.027127,0.015159,-0.00754,0.054654,-0.097953,0.500907,0.033802,0.041051,0.002295,-0.024423,-0.398748,0.916734,0.891221,-0.424131,-0.160739,0.45291,0.813088,0.365731,-0.002768,0.013779,0.007705,0.005849,-0.041997,0.075295,0.502321,0.095773,0.045887,-0.052621,-0.324775,0.219407,-0.919989,-0.506242,-0.861972,-0.026857,-0.798898,0.457015,0.39102,-0.029976,-0.004332,0.012933,-0.091576,-0.357756,0.129614,-0.846844
643,0.114079,0.046073,0.382459,-0.299946,0.190982,-0.934668,-0.551967,-0.833822,0.0067,-0.777701,0.517674,0.356682,-0.059525,-0.006501,0.026957,-0.073804,-0.005425,-0.015776,-0.967885,-0.112406,0.047621,0.37463,0.19842,0.272011,0.941611,-0.889124,0.454118,0.056297,-0.412511,-0.848705,0.330753,-0.003912,0.01955,0.010829,-0.06458,0.33866,0.260365,0.488085,0.033708,0.041578,0.002495,-0.027305,-0.395592,0.91802,0.891082,-0.425823,-0.156992,0.453019,0.813745,0.364132,-0.001864,0.009273,0.005139,-0.090275,0.472433,0.336755,0.490564,0.094603,0.045666,-0.052047,-0.326113,0.212826,-0.921061,-0.498395,-0.866623,-0.023785,-0.803275,0.451296,0.388689,-0.029722,-0.002995,0.013651,-0.065479,0.021756,-0.002853,-0.84766
644,0.112927,0.045898,0.383058,-0.30171,0.185873,-0.935129,-0.5478,-0.836527,0.010412,-0.779958,0.515171,0.355376,-0.060054,-0.015953,0.036347,-0.112881,0.092371,-0.215825,-0.967263,-0.112434,0.048054,0.374725,0.1999,0.269159,0.942117,-0.888632,0.454771,0.058747,-0.412859,-0.849261,0.328888,0.008589,0.01824,0.009176,-0.021264,0.10117,0.162299,0.481102,0.033687,0.041807,0.002544,-0.0289,-0.390561,0.920123,0.891139,-0.427053,-0.153281,0.452807,0.815528,0.360386,-0.002354,0.012653,-0.000245,0.005105,0.154342,0.145498,0.481909,0.094027,0.045582,-0.051752,-0.327525,0.207608,-0.921751,-0.493989,-0.869231,-0.02025,-0.805419,0.448703,0.387251,-0.029567,-0.002252,0.014046,-0.034855,0.084516,-0.176434,-0.847987
645,0.110649,0.045675,0.384311,-0.307232,0.174389,-0.935544,-0.538784,-0.842192,0.019892,-0.784063,0.509947,0.353872,-0.058258,-0.000825,0.029966,-0.179508,-0.419307,-0.437296,-0.96727,-0.112376,0.048664,0.374842,0.202963,0.257832,0.944627,-0.887607,0.455709,0.066449,-0.41357,-0.852252,0.320139,0.010236,0.009901,0.004555,-0.056022,0.285273,0.235048,0.472448,0.033714,0.042117,0.002606,-0.031627,-0.38022,0.924355,0.891447,-0.428975,-0.145952,0.452019,0.819398,0.352513,-0.001546,0.008615,-0.002483,-0.041493,0.431778,0.274919,0.465907,0.092886,0.045461,-0.051124,-0.333719,0.198392,-0.921559,-0.484537,-0.874676,-0.012836,-0.808612,0.442246,0.388024,-0.029516,-0.005598,0.01948,0.035044,0.125488,-0.215946,-0.842435
646,0.108489,0.045511,0.385626,-0.31407,0.165161,-0.934948,-0.529651,-0.847733,0.02811,-0.787559,0.503815,0.354891,-0.045974,-0.000992,0.029543,-0.080644,-0.006145,-0.17594,-0.967104,-0.112234,0.048825,0.374885,0.20642,0.242473,0.94794,-0.884209,0.461001,0.074744,-0.41911,-0.853893,0.308345,0.000143,-0.000712,-0.000391,0.079826,0.332487,0.230697,0.476541,0.033789,0.042203,0.00263,-0.034645,-0.365303,0.930243,0.88969,-0.435274,-0.137796,0.455248,0.822855,0.340086,0.000183,-0.000914,-0.000504,0.39997,0.467428,0.399975,0.462478,0.091781,0.045381,-0.050454,-0.338704,0.186292,-0.922265,-0.474914,-0.880025,-0.003347,-0.812241,0.436863,0.38654,-0.029257,-0.004468,0.02008,-0.088586,0.022905,-0.234716,-0.83721
647,0.10636,0.04546,0.38701,-0.319697,0.1578,-0.934312,-0.525536,-0.849984,0.03621,-0.788045,0.50239,0.355831,-0.045863,-0.007871,0.040308,-0.112545,0.06064,-0.128287,-0.964477,-0.112128,0.048579,0.374713,0.211325,0.21885,0.952595,-0.875299,0.475995,0.084943,-0.435079,-0.852014,0.290932,0.002312,-0.011475,-0.006321,-0.07881,0.420258,0.175244,0.478543,0.03384,0.042087,0.002548,-0.039094,-0.342321,0.938769,0.882804,-0.451952,-0.12804,0.46811,0.823744,0.319871,0.000204,-7.2e-05,-0.007268,-0.058028,0.491885,0.275542,0.464764,0.090716,0.045356,-0.049767,-0.343783,0.178441,-0.921939,-0.470517,-0.882378,0.004668,-0.812666,0.435392,0.387306,-0.028496,0.002157,0.016354,-0.07381,0.099766,-0.151767,-0.842762
648,0.105348,0.045486,0.387712,-0.320689,0.149671,-0.935309,-0.521102,-0.852434,0.042204,-0.79058,0.500735,0.352526,-0.044571,0.004294,0.032271,-0.205255,-0.46795,-0.382754,-0.964617,-0.112122,0.04833,0.374514,0.203924,0.205805,0.957105,-0.872957,0.480657,0.08276,-0.443236,-0.85263,0.276454,0.003357,-0.01667,-0.00921,0.476018,1.796846,-2.156953,0.477097,0.033843,0.041965,0.00245,-0.034035,-0.32935,0.943594,0.880399,-0.456727,-0.12766,0.47301,0.826394,0.305504,0.00083,-0.003165,-0.00898,-0.046093,0.392683,0.190281,0.464437,0.090209,0.045365,-0.049413,-0.345714,0.172569,-0.922334,-0.465806,-0.88484,0.009042,-0.814559,0.432754,0.386285,-0.028235,0.003113,0.016844,-0.072727,0.105449,-0.149184,-0.846844
649,0.103469,0.045611,0.389169,-0.323059,0.136305,-0.936535,-0.512437,-0.857135,0.051961,-0.79526,0.496529,0.34792,-0.044354,-0.002358,0.043131,-0.169182,-0.160621,-0.24434,-0.965219,-0.112081,0.047715,0.373853,0.194786,0.181248,0.96395,-0.87046,0.484801,0.084858,-0.45216,-0.85582,0.250971,0.003049,-0.013285,-0.02191,-0.014146,0.341658,0.157069,0.47194,0.033864,0.041652,0.002122,-0.021196,-0.305405,0.951986,0.878207,-0.46076,-0.128263,0.47781,0.833322,0.277975,0.002583,-0.012792,-0.007126,-0.034315,0.38523,0.14142,0.460355,0.089269,0.045428,-0.048689,-0.346132,0.157363,-0.924894,-0.456719,-0.889395,0.019599,-0.819512,0.4292,0.379719,-0.027581,0.005418,0.018006,-0.158764,-0.252614,-0.305136,-0.852069
650,0.101834,0.045893,0.390656,-0.32568,0.125886,-0.937086,-0.503866,-0.861728,0.059297,-0.79965,0.491316,0.345246,-0.03058,0.009737,0.034594,-0.096722,-0.063049,-0.097542,-0.963078,-0.111946,0.04712,0.372965,0.188583,0.16542,0.968021,-0.867864,0.489309,0.085574,-0.459714,-0.856439,0.234603,0.003411,-0.015065,-0.023037,-0.014927,0.306315,-0.094664,0.466264,0.033933,0.041346,0.001673,-0.014782,-0.290186,0.956855,0.87587,-0.465368,-0.127602,0.482318,0.836196,0.261045,0.001861,-0.008243,-0.011917,-0.008355,0.231502,0.058249,0.450068,0.088447,0.045565,-0.047942,-0.347893,0.146398,-0.926033,-0.447777,-0.893739,0.026929,-0.82369,0.424025,0.376479,-0.021749,0.000324,0.02234,-0.135018,-0.018677,-0.169754,-0.845538
651,0.101126,0.046037,0.391397,-0.326046,0.122711,-0.93738,-0.504729,-0.860975,0.062793,-0.798956,0.493439,0.343822,-0.031301,-0.000265,0.043752,-0.219043,-0.379467,-0.286663,-0.96271,-0.111863,0.046892,0.372495,0.186277,0.162407,0.968977,-0.867894,0.489366,0.084942,-0.460595,-0.856979,0.230874,0.002941,-0.012719,-0.021775,0.011447,0.161057,-0.178452,0.466311,0.033977,0.041219,0.001425,-0.012202,-0.287053,0.957836,0.875832,-0.465254,-0.128275,0.482459,0.837339,0.257087,0.001486,-0.006361,-0.010888,0.014872,0.105729,-0.212483,0.447455,0.088093,0.045643,-0.047574,-0.349383,0.145248,-0.925653,-0.448561,-0.893277,0.029139,-0.822632,0.425393,0.377249,-0.01534,0.004655,0.017197,-0.202147,-0.444456,-0.327486,-0.844721
652,0.099905,0.046245,0.392851,-0.328689,0.110658,-0.937957,-0.491202,-0.868241,0.069642,-0.806264,0.483475,0.340906,-0.030903,0.007961,0.033585,-0.191763,-0.402368,-0.303826,-0.953545,-0.111657,0.046766,0.371568,0.193678,0.15942,0.968021,-0.866344,0.490714,0.09264,-0.460468,-0.856765,0.231918,-0.000404,0.005779,-0.025945,0.070075,0.004443,0.017425,0.465962,0.034082,0.041146,0.000973,-0.01975,-0.284766,0.958393,0.875696,-0.467492,-0.120859,0.482457,0.836874,0.258601,0.005749,0.004038,-0.01279,0.075839,-0.016058,0.035947,0.445985,0.087492,0.045751,-0.046856,-0.351374,0.133252,-0.926703,-0.434426,-0.900015,0.035304,-0.829343,0.414989,0.37413,-0.015403,0.004242,0.016947,-0.07062,0.060871,-0.065712,-0.841782
653,0.099012,0.046127,0.394244,-0.327648,0.09271,-0.940264,-0.473256,-0.877418,0.078343,-0.817341,0.470535,0.332532,-0.021586,-0.010195,0.038338,-0.078362,-0.47636,-0.180282,-0.949679,-0.111441,0.047136,0.370925,0.203901,0.159297,0.96594,-0.8642,0.492782,0.101277,-0.460092,-0.8556,0.236911,0.008779,0.02135,-0.017993,0.070719,-0.036858,0.090324,0.464592,0.034189,0.041314,0.000636,-0.030128,-0.284833,0.958103,0.875091,-0.470717,-0.112421,0.483017,0.835041,0.263436,0.005231,0.005645,-0.004562,0.028501,-0.057758,0.111164,0.445006,0.087036,0.045704,-0.046142,-0.348697,0.114392,-0.930227,-0.415936,-0.908318,0.044216,-0.839885,0.402333,0.364308,-0.01072,-0.004783,0.019348,0.188347,-0.658606,-0.567073,-0.842598
654,0.098266,0.045673,0.395655,-0.316563,0.082918,-0.944964,-0.462117,-0.883433,0.077234,-0.828022,0.461026,0.319158,-0.011295,-0.017527,0.034343,1.354046,-0.481892,-0.785149,-0.947778,-0.111236,0.048061,0.37057,0.211049,0.163201,0.96375,-0.865088,0.490102,0.106569,-0.455181,-0.856408,0.243389,0.00793,0.023436,-0.002175,0.093485,-0.400616,-0.141612,0.463882,0.034293,0.041773,0.000451,-0.037559,-0.286853,0.957237,0.876942,-0.468746,-0.10606,0.479125,0.835459,0.269159,-0.00302,0.016739,-0.005057,0.127941,-0.664852,-0.332879,0.445006,0.086669,0.045488,-0.045447,-0.336966,0.107892,-0.935314,-0.40963,-0.911262,0.04246,-0.847736,0.39744,0.35126,-0.005689,-0.00885,0.017142,-0.232442,-0.54239,-0.114065,-0.848803
655,0.097932,0.045326,0.396327,-0.316074,0.08235,-0.945177,-0.459011,-0.88513,0.076322,-0.829934,0.457863,0.318745,-0.011788,-0.019271,0.033509,-0.099098,-0.041428,0.121838,-0.946925,-0.111125,0.048764,0.370438,0.211383,0.165475,0.963289,-0.869769,0.481362,0.108291,-0.44601,-0.860921,0.244447,0.005189,0.038607,-0.008127,0.073109,-0.044552,0.092755,0.456566,0.034346,0.042108,0.000392,-0.037712,-0.291158,0.95593,0.881661,-0.459978,-0.105319,0.470372,0.838836,0.274049,0.002466,0.019979,-0.003687,0.034117,-0.024673,0.093796,0.441577,0.086497,0.045315,-0.045111,-0.335779,0.103674,-0.936217,-0.401115,-0.915039,0.042533,-0.852266,0.389813,0.348836,-0.011864,-0.008855,0.017354,-0.081667,0.009798,0.105703,-0.84913
656,0.097262,0.044428,0.397634,-0.311537,0.082163,-0.946699,-0.447813,-0.891371,0.069948,-0.837732,0.445629,0.315669,-0.013375,-0.024827,0.030843,-0.095303,-0.022203,0.099115,-0.940849,-0.1108,0.050352,0.370373,0.212419,0.170151,0.962246,-0.878871,0.463618,0.112153,-0.427271,-0.86971,0.246794,0.01525,0.048823,-0.003316,0.08022,-0.069189,0.150524,0.427722,0.034506,0.042917,0.000358,-0.038902,-0.295448,0.954566,0.891051,-0.442596,-0.100675,0.452232,0.846651,0.280477,0.002496,0.018612,0.002781,0.043654,-0.045921,0.100222,0.41496,0.086159,0.044863,-0.044443,-0.331377,0.104254,-0.93772,-0.38973,-0.920247,0.035413,-0.859243,0.377192,0.34558,-0.012503,-0.011065,0.016301,-0.090239,-0.003496,0.062175,-0.847334
657,0.096546,0.043281,0.398938,-0.306705,0.082389,-0.948256,-0.436283,-0.897581,0.06307,-0.845565,0.432944,0.312419,-0.014374,-0.028223,0.029256,-0.098727,-0.02099,0.100108,-0.933698,-0.110307,0.051906,0.370577,0.215718,0.17254,0.961087,-0.882499,0.45561,0.116405,-0.41804,-0.873467,0.249322,0.016502,0.04001,0.006112,0.058116,-0.163491,0.301129,0.393883,0.034751,0.043706,0.000461,-0.042187,-0.297757,0.953708,0.89525,-0.435047,-0.096225,0.44356,0.849749,0.284921,0.008132,0.020596,0.003377,0.04738,-0.077805,0.154382,0.379853,0.085801,0.044288,-0.043792,-0.3266,0.104852,-0.939328,-0.377929,-0.925407,0.028106,-0.866314,0.364179,0.341865,-0.007265,-0.01433,0.014534,-0.107576,0.072738,-0.084602,-0.843578
658,0.096152,0.042626,0.3996,-0.301518,0.081909,-0.949959,-0.433427,-0.899174,0.059985,-0.848897,0.429718,0.307803,-0.015815,-0.040264,0.037637,-0.134333,-0.037171,0.091726,-0.933205,-0.109992,0.052613,0.370764,0.218682,0.172539,0.960416,-0.881655,0.456614,0.118837,-0.418284,-0.872942,0.250747,0.004569,0.0383,0.006006,0.058123,-0.162743,0.296724,0.377705,0.034912,0.044062,0.000556,-0.045226,-0.297772,0.953565,0.894849,-0.436393,-0.093833,0.44407,0.849054,0.286197,0.009149,0.014538,0.007182,0.009012,-0.059175,0.108471,0.359278,0.085604,0.043964,-0.043464,-0.321187,0.104544,-0.941227,-0.375027,-0.926675,0.025047,-0.869593,0.36103,0.336842,-0.013392,-0.014022,0.01491,-0.092001,0.065577,-0.07126,-0.847987
659,0.09539,0.041439,0.400795,-0.296241,0.084239,-0.951415,-0.426884,-0.902741,0.052933,-0.85406,0.421715,0.304575,-0.0265,-0.02694,0.030412,-0.038795,-0.122726,0.281608,-0.931141,-0.109258,0.053727,0.371277,0.232279,0.17333,0.957076,-0.879333,0.457875,0.130608,-0.415848,-0.872126,0.257547,0.020747,0.014822,0.020762,-0.027982,-0.054642,0.087565,0.362824,0.035264,0.044627,0.000807,-0.059366,-0.298625,0.952521,0.8946,-0.439284,-0.081964,0.442904,0.847261,0.293229,0.009422,0.012906,0.006224,0.010535,-0.057776,0.106351,0.328416,0.085225,0.04336,-0.042867,-0.316484,0.107355,-0.942503,-0.368401,-0.929495,0.017832,-0.874138,0.352862,0.33372,-0.007928,-0.020065,0.018916,0.087021,-0.344956,0.680176,-0.845701
660,0.094555,0.040353,0.401937,-0.291401,0.086357,-0.952719,-0.419916,-0.906369,0.046226,-0.859167,0.413419,0.301567,-0.014953,-0.029836,0.028654,-0.04504,-0.036325,0.10734,-0.927535,-0.108574,0.054473,0.371732,0.248312,0.171532,0.953368,-0.87657,0.458546,0.145927,-0.412417,-0.872126,0.263004,0.008244,0.018112,0.009054,-0.005202,-0.018697,0.11984,0.352959,0.035621,0.045018,0.001049,-0.07606,-0.296624,0.95196,0.894547,-0.442034,-0.066262,0.440453,0.846533,0.298965,0.004177,0.008777,0.004359,0.001935,-0.041658,0.093163,0.311434,0.084798,0.042807,-0.042284,-0.311645,0.110016,-0.943807,-0.361425,-0.932339,0.010663,-0.878777,0.344438,0.330321,-0.007478,-0.014866,0.014369,-0.041651,-0.04355,0.121028,-0.83623
661,0.093704,0.039418,0.403018,-0.289221,0.086487,-0.953371,-0.41236,-0.910014,0.042486,-0.863553,0.405308,0.300047,-0.014558,-0.028325,0.029462,-0.105003,0.067656,-0.077747,-0.922589,-0.107943,0.055048,0.372024,0.263632,0.16956,0.949599,-0.873363,0.459798,0.160487,-0.409717,-0.87185,0.268091,0.009743,0.011005,0.005136,-0.014162,0.021602,0.282189,0.34122,0.035931,0.045306,0.001195,-0.091554,-0.295186,0.951042,0.893934,-0.445157,-0.052112,0.438746,0.845398,0.304633,0.010579,0.007167,0.003029,-0.017796,0.044651,0.362474,0.293146,0.084377,0.042347,-0.041756,-0.309412,0.110358,-0.944502,-0.353669,-0.935347,0.006572,-0.882712,0.336075,0.328438,-0.012711,-0.007793,0.010916,-0.067485,-0.018566,0.083205,-0.83525
662,0.09323,0.038994,0.403524,-0.286186,0.088057,-0.954143,-0.408444,-0.911965,0.038289,-0.866423,0.400557,0.298147,-0.02572,-0.016618,0.021318,-0.01012,-0.050839,0.120229,-0.916314,-0.107638,0.055276,0.372112,0.270646,0.169911,0.947561,-0.871726,0.460772,0.166484,-0.408636,-0.871268,0.27161,0.010125,0.009192,0.004141,0.015618,-0.112536,0.202156,0.336582,0.036084,0.045419,0.001239,-0.098805,-0.295236,0.950301,0.893403,-0.446897,-0.045951,0.438254,0.844463,0.307921,0.0108,0.006115,0.002451,0.009097,-0.056268,0.073135,0.284818,0.084155,0.04214,-0.041507,-0.307161,0.111532,-0.945098,-0.349635,-0.936881,0.00307,-0.885102,0.331383,0.326769,-0.007256,-0.014062,0.014811,0.574983,-1.213381,2.268061,-0.836393
663,0.092364,0.038318,0.404382,-0.2792,0.079975,-0.956921,-0.39535,-0.917704,0.038598,-0.874742,0.388991,0.289033,-0.0138,-0.018463,0.020036,-0.130142,-0.4539,-0.089622,-0.910937,-0.107053,0.055601,0.37223,0.280712,0.164474,0.94559,-0.868709,0.462319,0.177596,-0.408281,-0.871484,0.271449,0.010817,0.005976,0.002384,-0.000912,-0.043546,0.243424,0.323292,0.036377,0.04558,0.001297,-0.109126,-0.28984,0.950833,0.89238,-0.449943,-0.034738,0.437889,0.844715,0.307748,0.005391,0.00306,0.001221,0.001472,-0.06455,0.263769,0.269468,0.083707,0.041794,-0.04107,-0.300152,0.105533,-0.948035,-0.336112,-0.94182,0.001573,-0.892713,0.319118,0.31816,-0.012805,-0.008004,0.010845,-0.091837,-0.610029,-0.458602,-0.83427
664,0.091592,0.037809,0.405062,-0.265864,0.064986,-0.961841,-0.377313,-0.92513,0.041733,-0.886792,0.373924,0.271677,-0.012784,-0.007892,0.010893,1.399486,-0.644993,-0.778178,-0.910263,-0.106587,0.055888,0.372295,0.28649,0.16409,0.943922,-0.874059,0.448102,0.18751,-0.392539,-0.878951,0.270594,0.010917,0.005469,0.002106,-0.108374,0.383569,0.499435,0.303923,0.036611,0.04572,0.001327,-0.114814,-0.292345,0.949395,0.899128,-0.436922,-0.025806,0.422356,0.850665,0.313021,0.004443,0.008396,-0.003012,0.041228,-0.031323,0.042103,0.247097,0.08332,0.041535,-0.040727,-0.285687,0.091971,-0.953899,-0.319211,-0.947673,0.004231,-0.903596,0.305704,0.300096,-0.00653,-0.004037,0.005303,5.065497,-1.183584,-1.789004,-0.83623
665,0.091266,0.03766,0.405323,-0.256046,0.052806,-0.965245,-0.368861,-0.92828,0.047008,-0.893223,0.368006,0.258363,-0.012193,-0.0059,0.011878,1.350076,-0.998547,-0.664434,-0.915466,-0.106417,0.056028,0.372324,0.288835,0.165945,0.942883,-0.875701,0.443704,0.190287,-0.387121,-0.880835,0.272269,0.010713,0.006358,0.002589,0.002234,-0.022327,0.058487,0.300681,0.036696,0.045786,0.00134,-0.11771,-0.291253,0.949376,0.901248,-0.432792,-0.021031,0.417008,0.853148,0.313436,-0.000313,0.001397,0.00075,0.017626,-0.11579,0.16048,0.236647,0.083155,0.041456,-0.040599,-0.275787,0.080832,-0.957814,-0.310351,-0.950577,0.009139,-0.909738,0.299779,0.287243,-0.012316,-0.002408,0.006287,5.208911,-0.620655,-1.482326,-0.839659
