frame,MLTx,MLTy,MLTz,MLTR1,MLTR2,MLTR3,MLTR4,MLTR5,MLTR6,MLTR7,MLTR8,MLTR9,MLTTVx,MLTTVy,MLTTVz,MLTRVx,MLTRVy,MLTRVz,MLGA,MRTx,MRTy,MRTz,MRTR1,MRTR2,MRTR3,MRTR4,MRTR5,MRTR6,MRTR7,MRTR8,MRTR9,MRTTVx,MRTTVy,MRTTVz,MRTRVx,MRTRVy,MRTRVz,MRGA,SLTx,SLTy,SLTz,SLTR1,SLTR2,SLTR3,SLTR4,SLTR5,SLTR6,SLTR7,SLTR8,SLTR9,SLTTVx,SLTTVy,SLTTVz,SLTRVx,SLTRVy,SLTRVz,SLGA,SRTx,SRTy,SRTz,SRTR1,SRTR2,SRTR3,SRTR4,SRTR5,SRTR6,SRTR7,SRTR8,SRTR9,SRTTVx,SRTTVy,SRTTVz,SRTRVx,SRTRVy,SRTRVz,SRGA
2275,0.127278,0.060143,0.404081,-0.423202,0.645389,-0.635939,-0.823441,-0.566722,-0.027248,-0.377467,0.511322,0.772072,-0.073344,-0.041562,0.013255,-0.101141,-0.76757,0.691787,-0.054212,-0.11943,0.066914,0.408527,0.385162,0.124118,0.91446,-0.861228,0.404166,0.30801,-0.331826,-0.906327,0.261391,1e-06,-7e-06,-3e-06,0.0,0.0,0.0,0.505233,0.030194,0.051231,0.019441,-0.218117,-0.249872,0.943392,0.906955,-0.408837,0.101405,0.360355,0.877733,0.315797,-3e-06,2.4e-05,8e-06,1e-06,8e-06,0.0,0.501667,0.101186,0.052718,-0.041218,-0.473591,0.645075,-0.599657,-0.78625,-0.616464,-0.042199,-0.396889,0.451495,0.799143,-0.036642,-0.020655,0.006715,0.045927,-0.875727,0.354875,-0.241689
2276,0.124411,0.058468,0.404748,-0.416123,0.627432,-0.658192,-0.808644,-0.586332,-0.047769,-0.41538,0.511582,0.752177,-0.073794,-0.047778,0.024005,3.425236,-0.388735,-3.540141,-0.05334,-0.119433,0.066931,0.408533,0.385201,0.124119,0.914443,-0.861212,0.404173,0.308045,-0.331821,-0.906324,0.261409,-1.7e-05,9.2e-05,3.3e-05,0.0,0.0,0.0,0.505405,0.030193,0.05124,0.019445,-0.218158,-0.249872,0.943382,0.906946,-0.408849,0.101441,0.360354,0.877727,0.315815,-0.005379,-0.000898,-0.000103,-0.002047,0.015211,-0.029255,0.501504,0.099779,0.051891,-0.040897,-0.462973,0.630954,-0.622536,-0.773907,-0.630144,-0.06312,-0.432113,0.452562,0.780041,-0.036556,-0.018466,0.00757,-0.245451,-0.855618,0.512478,-0.240546
2277,0.123009,0.057774,0.405103,-0.40963,0.62151,-0.667813,-0.804733,-0.590926,-0.056417,-0.42919,0.513525,0.743044,-0.072694,-0.033284,0.01652,0.075375,-0.681945,0.826614,-0.0524,-0.119433,0.066931,0.408533,0.385201,0.124119,0.914443,-0.861212,0.404173,0.308045,-0.331821,-0.906324,0.261409,-0.0,2e-06,1e-06,0.0,0.0,0.0,0.505223,0.030193,0.05124,0.019445,-0.218158,-0.249872,0.943382,0.906946,-0.408849,0.101441,0.360354,0.877727,0.315814,1e-06,-6e-06,-3e-06,-3e-06,-1e-06,-8e-06,0.501504,0.099049,0.051519,-0.040713,-0.459248,0.622696,-0.633514,-0.766444,-0.638287,-0.071775,-0.449058,0.452591,0.770394,-0.036628,-0.021749,0.012906,0.549705,-1.002424,1.097556,-0.23973
2278,0.11994,0.056542,0.405849,-0.405854,0.593964,-0.694646,-0.783399,-0.617499,-0.070366,-0.470241,0.514886,0.716793,-0.072441,-0.029334,0.018134,0.186667,-0.705522,0.150527,-0.046114,-0.11943,0.066914,0.408527,0.385162,0.124118,0.91446,-0.861228,0.404166,0.30801,-0.331826,-0.906327,0.261391,0.000162,-0.000868,-0.000315,0.0,0.0,0.0,0.505267,0.030194,0.051233,0.019442,-0.218116,-0.249872,0.943392,0.906955,-0.408838,0.101405,0.360356,0.877733,0.315797,0.000107,-0.000576,-0.00021,-9e-06,-2e-05,1.2e-05,0.501667,0.097515,0.050903,-0.04034,-0.453655,0.597077,-0.661585,-0.744039,-0.662369,-0.08759,-0.490512,0.452509,0.744736,-0.041957,-0.014428,0.009478,1.097209,-0.761696,-0.670937,-0.236301
2279,0.116874,0.055315,0.406517,-0.40022,0.558943,-0.726259,-0.756002,-0.649246,-0.083136,-0.517499,0.515083,0.68331,-0.074083,-0.034262,0.016146,5.478281,-1.879026,-1.618245,-0.037494,-0.11943,0.066914,0.408527,0.385162,0.124118,0.91446,-0.861228,0.404166,0.30801,-0.331826,-0.906327,0.261391,0.0,-0.0,-0.0,0.0,0.0,0.0,0.505711,0.030194,0.051231,0.019442,-0.218117,-0.249872,0.943392,0.906955,-0.408837,0.101405,0.360355,0.877733,0.315797,-1e-06,8e-06,2e-06,-3e-06,7e-06,4e-06,0.501831,0.095985,0.050304,-0.04,-0.445674,0.565754,-0.693754,-0.718785,-0.688091,-0.099382,-0.533592,0.454369,0.713321,-0.036933,-0.016647,0.008318,-0.297889,-0.962126,0.293531,-0.231238
2280,0.113802,0.053996,0.407105,-0.392333,0.523594,-0.756287,-0.728894,-0.678444,-0.091649,-0.560604,0.514641,0.648764,-0.075069,-0.035773,0.0155,0.03277,-1.255674,0.04616,-0.035137,-0.119439,0.066921,0.40853,0.385159,0.124117,0.914461,-0.861229,0.404165,0.308008,-0.331826,-0.906328,0.261389,-1.2e-05,6.3e-05,2.3e-05,0.0,0.0,0.0,0.505689,0.030193,0.051236,0.019443,-0.218137,-0.249873,0.943387,0.906951,-0.408843,0.101423,0.360354,0.87773,0.315806,-6e-06,4.3e-05,1.5e-05,1e-06,1.5e-05,-1e-06,0.501831,0.094478,0.049658,-0.039712,-0.437441,0.532411,-0.724695,-0.686736,-0.718067,-0.113014,-0.58055,0.448237,0.679738,-0.037689,-0.018333,0.007591,3.952616,-0.402887,-3.080283,-0.226993
2281,0.112364,0.053359,0.407341,-0.385528,0.512824,-0.767089,-0.718458,-0.688436,-0.099225,-0.578505,0.512226,0.634811,-0.075556,-0.036504,0.015173,-0.198095,-0.923969,0.542166,-0.034289,-0.119439,0.066921,0.40853,0.385159,0.124117,0.914461,-0.861229,0.404165,0.308008,-0.331826,-0.906328,0.261389,-0.0,1e-06,0.0,0.0,0.0,0.0,0.505524,0.030189,0.051235,0.019443,-0.218113,-0.249871,0.943393,0.906956,-0.408836,0.101403,0.360355,0.877734,0.315795,3e-06,-4e-06,-0.0,3e-06,1.6e-05,-5e-06,0.501667,0.09373,0.049325,-0.039589,-0.429945,0.520582,-0.737658,-0.674769,-0.728115,-0.120557,-0.59986,0.445916,0.664322,-0.037962,-0.019063,0.007297,-0.225236,-1.050455,0.427177,-0.226176
2282,0.109477,0.052073,0.407746,-0.382721,0.486862,-0.785198,-0.683814,-0.720731,-0.113652,-0.620781,0.492823,0.609741,-0.076274,-0.036765,0.014997,1.193947,-0.338928,-0.495416,-0.021741,-0.11943,0.066914,0.408527,0.385162,0.124118,0.91446,-0.861228,0.404166,0.30801,-0.331826,-0.906327,0.261391,9e-06,-4.6e-05,-1.7e-05,0.0,0.0,0.0,0.505628,0.030194,0.051231,0.019442,-0.218116,-0.249872,0.943392,0.906955,-0.408837,0.101405,0.360355,0.877733,0.315797,6e-06,-2.7e-05,-1e-05,1e-06,-1.2e-05,2e-06,0.501667,0.092258,0.048666,-0.039382,-0.424714,0.495473,-0.757709,-0.639022,-0.756929,-0.136776,-0.641302,0.426102,0.638097,-0.038174,-0.018519,0.007487,1.225132,-0.254805,-0.461295,-0.220461
2283,0.106864,0.050893,0.407952,-0.375715,0.462563,-0.803068,-0.643625,-0.753668,-0.133055,-0.666332,0.466305,0.581883,-0.064955,-0.029349,0.003874,0.48386,-0.958929,0.771743,-0.017777,-0.11943,0.066914,0.408527,0.385162,0.124118,0.91446,-0.861228,0.404166,0.30801,-0.331826,-0.906327,0.261391,0.0,-0.0,-0.0,0.0,0.0,0.0,0.505332,0.030194,0.051231,0.019442,-0.218116,-0.249872,0.943392,0.906956,-0.408836,0.101405,0.360355,0.877733,0.315797,1e-06,4e-06,1e-06,3e-06,-0.0,2e-06,0.501831,0.090976,0.048088,-0.039279,-0.417951,0.472438,-0.775962,-0.59678,-0.786778,-0.157583,-0.684959,0.397217,0.610776,-0.032436,-0.014569,0.002027,1.848464,-1.977988,2.015556,-0.21344
2284,0.105631,0.050363,0.408036,-0.373003,0.450624,-0.811081,-0.629416,-0.765111,-0.135691,-0.681256,0.45933,0.570029,-0.06462,-0.02705,0.0048,-0.119054,-0.935998,0.326013,-0.017395,-0.119431,0.066923,0.40853,0.385181,0.124118,0.914451,-0.86122,0.404169,0.308028,-0.331823,-0.906326,0.2614,-0.000187,0.001001,0.000363,0.0,0.0,0.0,0.505547,0.030194,0.051233,0.019442,-0.218137,-0.249873,0.943387,0.906951,-0.408842,0.101423,0.360354,0.87773,0.315806,-0.000126,0.000678,0.000246,7e-06,2e-05,-1.7e-05,0.501667,0.090358,0.047818,-0.03924,-0.414731,0.462264,-0.783779,-0.581751,-0.79702,-0.162244,-0.699688,0.388677,0.599471,-0.032215,-0.013198,0.002586,-0.054638,-0.871887,0.104273,-0.213113
2285,0.103267,0.049447,0.408174,-0.363447,0.43201,-0.82542,-0.602709,-0.784598,-0.145325,-0.70996,0.444129,0.546564,-0.063273,-0.013088,-0.002993,-0.024076,-0.412272,0.216528,-0.012342,-0.119431,0.066923,0.40853,0.385181,0.124118,0.914451,-0.86122,0.404169,0.308028,-0.331823,-0.906326,0.2614,-0.0,0.0,0.0,0.0,0.0,0.0,0.505321,0.030193,0.051236,0.019443,-0.218137,-0.249872,0.943387,0.906951,-0.408843,0.101423,0.360354,0.87773,0.315806,1e-06,-4e-06,-1e-06,5e-06,6e-06,-9e-06,0.501831,0.089175,0.047352,-0.039168,-0.402993,0.443363,-0.80064,-0.554033,-0.814496,-0.17217,-0.728452,0.374198,0.573874,-0.0264,-0.01295,0.002378,-0.021978,-0.439041,0.39725,-0.209847
2286,0.101071,0.048629,0.408252,-0.356305,0.400714,-0.844109,-0.55372,-0.818182,-0.154739,-0.752204,0.411764,0.514458,-0.052341,-0.015718,-0.004752,1.29065,-0.756582,-0.937475,-0.008303,-0.11943,0.066914,0.408527,0.385162,0.124118,0.91446,-0.861228,0.404166,0.30801,-0.331826,-0.906327,0.261391,3e-06,-1.5e-05,-5e-06,0.0,0.0,0.0,0.505408,0.030194,0.051231,0.019442,-0.218116,-0.249872,0.943392,0.906955,-0.408837,0.101405,0.360355,0.877733,0.315797,-0.0,-2e-06,-1e-06,1e-06,-3e-06,-3e-06,0.501994,0.088054,0.046943,-0.039129,-0.394799,0.41536,-0.819517,-0.503756,-0.843805,-0.184987,-0.76835,0.339804,0.542374,-0.026146,-0.007781,-0.002302,1.272799,-0.931884,-1.044748,-0.206255
2287,0.099036,0.047761,0.40841,-0.344576,0.37539,-0.860462,-0.497213,-0.850402,-0.171952,-0.795866,0.36811,0.480749,-0.041177,-0.0249,0.004423,1.729415,-1.848811,2.156513,-0.007655,-0.119422,0.066916,0.408527,0.385185,0.124119,0.91445,-0.861219,0.40417,0.30803,-0.331822,-0.906325,0.261402,0.0,-0.0,-0.0,0.0,0.0,0.0,0.505422,0.030198,0.051232,0.019442,-0.21814,-0.249873,0.943386,0.90695,-0.408843,0.101425,0.360354,0.87773,0.315808,1e-06,3e-06,3e-06,3e-06,-2e-06,6e-06,0.501667,0.087051,0.046515,-0.039053,-0.383329,0.388489,-0.837934,-0.445678,-0.872428,-0.200597,-0.808967,0.296555,0.507568,-0.026292,-0.01125,0.003039,1.331762,-0.412573,-0.719403,-0.204296
2288,0.098101,0.047254,0.408576,-0.338109,0.362431,-0.868546,-0.469016,-0.864964,-0.178418,-0.815511,0.346581,0.463519,-0.041871,-0.033937,0.014247,1.317742,-0.367168,-0.649955,-0.00737,-0.119431,0.066923,0.40853,0.385181,0.124118,0.914451,-0.86122,0.404169,0.308028,-0.331823,-0.906326,0.2614,-7.1e-05,0.000377,0.000137,0.0,0.0,0.0,0.505605,0.030194,0.051235,0.019443,-0.218137,-0.249873,0.943387,0.906951,-0.408842,0.101423,0.360354,0.87773,0.315806,-5.4e-05,0.000294,0.000107,8e-06,1.1e-05,-9e-06,0.501667,0.086584,0.046264,-0.038973,-0.3737,0.37857,-0.846777,-0.417526,-0.883854,-0.210885,-0.828263,0.274744,0.488359,-0.020588,-0.011877,0.002392,4.722107,0.122419,-2.313127,-0.203969
2289,0.0964,0.046251,0.409105,-0.325991,0.341349,-0.881621,-0.429302,-0.884268,-0.183693,-0.841894,0.318169,0.435902,-0.051081,-0.022714,0.019735,-0.106669,-0.978216,0.170042,-0.007174,-0.119428,0.066906,0.408524,0.385142,0.124117,0.914468,-0.861236,0.404162,0.307993,-0.331828,-0.906329,0.261382,5.3e-05,-0.000283,-0.000103,0.0,0.0,0.0,0.505548,0.030195,0.051228,0.01944,-0.218095,-0.249872,0.943397,0.90696,-0.408831,0.101387,0.360356,0.877736,0.315788,3.4e-05,-0.000176,-6.5e-05,6e-06,2e-06,-1.3e-05,0.501994,0.085734,0.045749,-0.038716,-0.362481,0.359359,-0.859922,-0.375358,-0.900823,-0.218227,-0.85306,0.243676,0.46142,-0.019773,-0.012452,0.009162,0.044999,-0.290529,0.260939,-0.203969
2290,0.094799,0.045473,0.410036,-0.32067,0.32892,-0.888273,-0.398269,-0.897639,-0.188671,-0.859014,0.292857,0.41995,-0.036342,-0.013274,0.023474,-0.075467,-0.240675,0.16863,-0.003256,-0.119421,0.066865,0.408509,0.385043,0.124114,0.91451,-0.861275,0.404145,0.307905,-0.331841,-0.906337,0.261338,0.000108,-0.000575,-0.000209,0.0,0.0,0.0,0.505899,0.030199,0.051207,0.019433,-0.21799,-0.249871,0.943421,0.906984,-0.408801,0.101297,0.36036,0.87775,0.315743,5.3e-05,-0.000279,-0.000102,-3e-06,-1e-06,9e-06,0.501994,0.084927,0.04535,-0.038254,-0.354737,0.346291,-0.868471,-0.343633,-0.912157,-0.223349,-0.869526,0.219205,0.442573,-0.024192,-0.009872,0.01755,-0.109705,-0.250528,0.327151,-0.202663
2291,0.09405,0.045137,0.410661,-0.320469,0.326053,-0.889401,-0.390028,-0.901007,-0.189833,-0.86286,0.285645,0.417022,-0.036107,-0.019354,0.034726,-0.09124,-0.09072,0.212219,0.0015,-0.119416,0.066841,0.4085,0.384983,0.124112,0.914535,-0.861299,0.404134,0.307853,-0.331848,-0.906342,0.261311,0.000154,-0.000823,-0.000299,0.0,0.0,0.0,0.505873,0.030201,0.051195,0.019428,-0.217927,-0.24987,0.943436,0.906998,-0.408783,0.101243,0.360363,0.877759,0.315717,9.4e-05,-0.000494,-0.000178,-2e-06,-1e-05,2e-05,0.501994,0.08454,0.04518,-0.037931,-0.354376,0.343834,-0.869594,-0.335446,-0.914793,-0.225005,-0.872864,0.211966,0.439519,-0.017902,-0.009119,0.017646,-0.093094,-0.033491,0.242707,-0.20005
2292,0.092688,0.044615,0.412112,-0.323456,0.324559,-0.888866,-0.388099,-0.902171,-0.188248,-0.862611,0.283669,0.418881,-0.033686,-0.011026,0.038501,-0.105944,0.08484,-0.110763,0.012008,-0.119405,0.066784,0.408479,0.384844,0.124108,0.914595,-0.861355,0.40411,0.30773,-0.331866,-0.906354,0.261249,0.000199,-0.001063,-0.000386,0.0,0.0,0.0,0.505973,0.030206,0.051166,0.019418,-0.21778,-0.249869,0.94347,0.90703,-0.408742,0.101117,0.36037,0.877778,0.315654,9.9e-05,-0.000528,-0.000192,-0.0,1.5e-05,-5e-06,0.501994,0.083872,0.044925,-0.037219,-0.357525,0.342578,-0.868801,-0.333534,-0.915776,-0.223846,-0.872312,0.209744,0.441675,-0.010984,-0.006296,0.018669,-0.106425,0.071309,-0.079989,-0.188946
2293,0.091642,0.044368,0.413656,-0.330114,0.319385,-0.888292,-0.384741,-0.904807,-0.182402,-0.861585,0.281147,0.422676,-0.019513,-0.004595,0.040844,-0.103803,0.058278,-0.054951,0.020275,-0.11939,0.066703,0.40845,0.382081,0.123898,0.915781,-0.862283,0.404029,0.305224,-0.332643,-0.906418,0.260034,0.000442,-0.00236,-0.000858,0.0,0.0,-0.0,0.506225,0.030214,0.051127,0.019404,-0.214827,-0.249708,0.944189,0.90751,-0.408317,0.098494,0.360934,0.878021,0.31433,0.000233,-0.001245,-0.000451,-0.000757,-0.001609,0.002778,0.502157,0.083343,0.044798,-0.036448,-0.363864,0.336956,-0.868367,-0.329942,-0.918451,-0.218138,-0.871057,0.207139,0.445368,-0.009654,-0.001882,0.020627,-0.105047,0.058253,-0.054569,-0.177842
2294,0.091043,0.044257,0.415368,-0.338954,0.319375,-0.884961,-0.382439,-0.906143,-0.180599,-0.859165,0.276826,0.430384,-0.006373,-0.001692,0.041546,-0.071982,0.297043,0.088195,0.023289,-0.119365,0.066614,0.408407,0.382429,0.123905,0.915635,-0.862137,0.404114,0.305525,-0.332623,-0.906379,0.260195,0.00063,-0.003365,-0.001225,-0.001621,0.012412,-0.025956,0.506891,0.030226,0.051085,0.019384,-0.215244,-0.249711,0.944093,0.907412,-0.40845,0.098846,0.360932,0.877959,0.314507,0.000194,-0.001032,-0.000376,-7e-06,-1.9e-05,2.7e-05,0.502974,0.083039,0.044747,-0.035574,-0.372504,0.336126,-0.865019,-0.327677,-0.919703,-0.216268,-0.868255,0.202886,0.452735,-0.003098,-0.000473,0.020951,-0.070956,0.337903,0.109004,-0.173923
2295,0.090982,0.044272,0.416217,-0.34319,0.323217,-0.881928,-0.384445,-0.904988,-0.182127,-0.85658,0.276141,0.43594,-0.005456,0.001287,0.042801,-0.081043,0.222201,0.054211,0.026211,-0.119362,0.066556,0.408386,0.3797,0.123695,0.916798,-0.863044,0.40404,0.303049,-0.333393,-0.90644,0.258994,0.000696,-0.00372,-0.001355,-0.001619,0.01242,-0.02597,0.506333,0.030227,0.051057,0.019374,-0.212303,-0.249547,0.944803,0.907879,-0.408036,0.096232,0.361499,0.878197,0.313186,0.000282,-0.00151,-0.000552,-0.0014,-0.002892,0.005035,0.502974,0.083007,0.04475,-0.035177,-0.377218,0.339835,-0.86152,-0.329732,-0.918568,-0.217965,-0.865437,0.201851,0.458555,-0.002478,0.001548,0.021804,-0.071491,0.270357,0.106532,-0.170658
2296,0.091247,0.044768,0.417682,-0.354006,0.335382,-0.873066,-0.388286,-0.901916,-0.189085,-0.850414,0.271639,0.450594,0.01006,0.01932,0.035934,0.008285,0.594061,0.340734,0.026045,-0.119339,0.066433,0.408342,0.379813,0.123698,0.916751,-0.863,0.404061,0.303149,-0.333379,-0.906431,0.259044,0.000565,-0.00302,-0.001101,0.0,0.0,-0.0,0.506128,0.030239,0.050992,0.01935,-0.212455,-0.249553,0.944767,0.907852,-0.408065,0.096366,0.361478,0.878183,0.313252,0.000346,-0.001851,-0.000675,-1.8e-05,-6.3e-05,7e-05,0.502321,0.083135,0.04499,-0.034432,-0.387359,0.34974,-0.853014,-0.333795,-0.915679,-0.223854,-0.859379,0.19802,0.471438,0.005107,0.009976,0.018105,0.018448,0.652547,0.331174,-0.168045
2297,0.092054,0.045753,0.418991,-0.362855,0.341807,-0.86692,-0.387104,-0.901493,-0.193475,-0.847208,0.264954,0.460506,0.024063,0.032945,0.026961,-0.00947,0.123712,0.192364,0.032942,-0.119307,0.066305,0.408295,0.379793,0.123698,0.916759,-0.863008,0.404057,0.303131,-0.333381,-0.906433,0.259036,0.000509,-0.002719,-0.000993,0.0,0.0,0.0,0.505434,0.030256,0.050927,0.019326,-0.212433,-0.249554,0.944771,0.907856,-0.408059,0.096347,0.361479,0.878185,0.313244,0.000284,-0.001513,-0.000554,-0.001624,0.012407,-0.025943,0.501341,0.083534,0.045482,-0.033772,-0.398012,0.356503,-0.845275,-0.332826,-0.914738,-0.229083,-0.854875,0.190152,0.482731,0.017431,0.010855,0.017725,-0.047623,0.18964,0.046333,-0.165106
2298,0.092702,0.046353,0.419507,-0.368628,0.339972,-0.865204,-0.384218,-0.903198,-0.191263,-0.846022,0.261493,0.464645,0.035613,0.031608,0.025619,-0.001957,0.077129,-0.023395,0.038516,-0.119301,0.066272,0.408283,0.379712,0.123696,0.916793,-0.86304,0.404043,0.30306,-0.333391,-0.906439,0.259,0.000223,-0.00119,-0.000435,0.0,0.0,0.0,0.505421,0.030259,0.050907,0.019319,-0.212349,-0.249552,0.944791,0.907875,-0.408035,0.096275,0.361482,0.878197,0.313208,9.6e-05,-0.000509,-0.000185,6e-06,1e-06,-2.9e-05,0.501341,0.083868,0.045797,-0.033502,-0.403681,0.354272,-0.843524,-0.329821,-0.916342,-0.227014,-0.853381,0.18657,0.486756,0.017849,0.015994,0.012878,-0.00027,0.020705,-0.044935,-0.158411
2299,0.094263,0.047694,0.420317,-0.377756,0.330801,-0.864822,-0.372336,-0.909402,-0.185277,-0.847296,0.251597,0.467778,0.036228,0.041879,0.015734,-0.011445,0.001531,-0.008265,0.044891,-0.119298,0.066256,0.408277,0.379673,0.123695,0.916809,-0.863055,0.404036,0.303025,-0.333396,-0.906443,0.258982,1e-06,-4e-06,-1e-06,0.0,0.0,0.0,0.506123,0.030261,0.0509,0.019316,-0.212307,-0.249552,0.9448,0.907884,-0.408023,0.09624,0.361484,0.878202,0.31319,-1.4e-05,7.1e-05,2.5e-05,8e-06,-3e-05,-2e-05,0.501504,0.084636,0.046457,-0.033101,-0.41189,0.344146,-0.843747,-0.317344,-0.922149,-0.221208,-0.854189,0.176645,0.489037,0.023608,0.019244,0.006859,-0.027609,-0.065366,0.140656,-0.147797
2300,0.096154,0.049038,0.420816,-0.389145,0.319086,-0.864173,-0.366648,-0.914209,-0.172517,-0.844605,0.249311,0.473829,0.056978,0.039617,-0.000359,-0.383935,0.219383,-0.444724,0.054513,-0.119314,0.066253,0.408286,0.379632,0.123696,0.916826,-0.86308,0.404005,0.302995,-0.333377,-0.906456,0.258958,-0.0,1e-06,0.0,0.0,0.0,0.0,0.505915,0.030252,0.050901,0.019321,-0.212264,-0.249555,0.944809,0.907903,-0.407988,0.09621,0.361461,0.878218,0.313172,-1e-06,1.7e-05,7e-06,-6e-06,1.6e-05,6e-06,0.501994,0.085578,0.047143,-0.03284,-0.422124,0.332129,-0.843504,-0.311052,-0.927045,-0.20936,-0.851502,0.173998,0.494638,0.028256,0.015412,0.004829,-1.406487,0.993582,-1.9632,-0.13555
2301,0.097214,0.049586,0.420943,-0.393135,0.311116,-0.865273,-0.363815,-0.91683,-0.164416,-0.843978,0.249769,0.474705,0.05439,0.024362,0.007066,0.004559,-0.122586,0.184014,0.057063,-0.119313,0.066245,0.408283,0.379612,0.123696,0.916834,-0.863088,0.404001,0.302978,-0.33338,-0.906458,0.258949,2.7e-05,-0.000142,-5.2e-05,0.0,0.0,0.0,0.506038,0.030253,0.050897,0.01932,-0.212243,-0.249554,0.944814,0.907908,-0.407981,0.096192,0.361462,0.878221,0.313164,1.7e-05,-7.5e-05,-2.6e-05,-1e-06,-1e-06,1.3e-05,0.501994,0.08611,0.047428,-0.032777,-0.425919,0.323181,-0.845071,-0.307947,-0.930042,-0.20047,-0.850741,0.174853,0.495645,0.027148,0.012018,0.003441,0.014596,-0.103674,0.212634,-0.130325
2302,0.099379,0.050489,0.42115,-0.394009,0.309921,-0.865305,-0.362312,-0.91755,-0.163719,-0.844216,0.248612,0.474889,0.064471,0.019669,0.004439,0.008509,-0.108559,0.226747,0.05811,-0.119299,0.066214,0.408272,0.379556,0.123695,0.916858,-0.86311,0.403991,0.302928,-0.333386,-0.906462,0.258925,0.000133,-0.000713,-0.000261,0.0,0.0,0.0,0.506062,0.03026,0.050882,0.019314,-0.212183,-0.249554,0.944828,0.907921,-0.407965,0.09614,0.361464,0.878229,0.313139,8.3e-05,-0.000441,-0.000162,1e-06,-1.3e-05,4e-06,0.502321,0.087211,0.047881,-0.032674,-0.426729,0.322368,-0.844973,-0.306523,-0.930566,-0.200222,-0.850849,0.173563,0.495913,0.032167,0.009598,0.002092,0.010131,-0.109527,0.231511,-0.125263
2303,0.101487,0.051219,0.421335,-0.399788,0.314578,-0.860962,-0.360936,-0.917382,-0.167653,-0.84208,0.24333,0.481373,0.051682,0.017379,0.004086,0.050689,0.514559,0.433036,0.058453,-0.119297,0.066206,0.408269,0.379535,0.123694,0.916866,-0.863118,0.403988,0.30291,-0.333389,-0.906464,0.258916,0.0,-2e-06,-1e-06,0.0,0.0,0.0,0.505915,0.030261,0.050877,0.019312,-0.212162,-0.249554,0.944832,0.907925,-0.407959,0.096122,0.361466,0.878231,0.31313,-3e-06,2.2e-05,8e-06,-1e-06,1.1e-05,-2e-05,0.501994,0.088246,0.048241,-0.032583,-0.431111,0.325007,-0.841731,-0.30492,-0.930469,-0.203099,-0.849214,0.169102,0.500237,0.031081,0.002796,0.006145,-0.020965,-0.059415,0.228281,-0.123793
2304,0.10346,0.051914,0.421519,-0.411434,0.328059,-0.850379,-0.366253,-0.913821,-0.175393,-0.834127,0.238877,0.497189,0.040442,0.020346,0.005762,0.042837,0.464293,0.406513,0.058156,-0.119302,0.06623,0.408278,0.379595,0.123696,0.916841,-0.863095,0.403998,0.302962,-0.333382,-0.906459,0.258943,-0.000309,0.001652,0.000604,0.001621,-0.012412,0.025956,0.505574,0.030259,0.050886,0.019316,-0.212225,-0.249555,0.944818,0.907911,-0.407977,0.096176,0.361463,0.878223,0.313157,-0.000153,0.000819,0.000298,0.001614,-0.01241,0.025965,0.501994,0.089215,0.048574,-0.032495,-0.444592,0.338073,-0.829484,-0.31079,-0.926732,-0.21113,-0.840087,0.163928,0.517088,0.025756,0.008952,0.002065,0.066516,0.803223,0.599274,-0.12314
2305,0.104356,0.052258,0.421603,-0.421331,0.339462,-0.841007,-0.370088,-0.910913,-0.182333,-0.827461,0.233996,0.510473,0.05139,0.018082,0.004212,0.070352,0.911274,0.63919,0.065171,-0.119292,0.066224,0.408285,0.379603,0.123701,0.916837,-0.863101,0.403976,0.302974,-0.333356,-0.906468,0.258943,-5e-06,2.4e-05,9e-06,0.0,0.0,0.0,0.50574,0.030263,0.050887,0.019321,-0.212233,-0.24956,0.944815,0.907919,-0.407956,0.096189,0.361438,0.878231,0.313162,0.0,1e-06,1e-06,-9e-06,-2e-06,2.5e-05,0.501667,0.089678,0.048752,-0.032452,-0.454186,0.347896,-0.820172,-0.314801,-0.923886,-0.217562,-0.833435,0.159377,0.529134,0.025583,0.008604,0.001909,0.041344,0.419525,0.393411,-0.120527
2306,0.106249,0.052931,0.421756,-0.438086,0.3682,-0.820095,-0.378402,-0.903012,-0.203354,-0.814891,0.220776,0.535946,0.050546,0.015989,0.003346,0.059856,0.93925,0.62046,0.092408,-0.119284,0.066226,0.408285,0.379626,0.123703,0.916828,-0.863092,0.40398,0.302994,-0.333353,-0.906466,0.258954,-0.0,0.0,0.0,0.0,0.0,0.0,0.505237,0.030267,0.050888,0.019321,-0.212258,-0.24956,0.944809,0.907914,-0.407963,0.09621,0.361438,0.878228,0.313173,-1e-06,-6e-06,-5e-06,4e-06,-6e-06,-4e-05,0.501341,0.090626,0.049091,-0.032374,-0.472753,0.37494,-0.797448,-0.323998,-0.915531,-0.238384,-0.819469,0.145675,0.5543,0.025324,0.008176,0.001706,0.069695,1.05675,0.70236,-0.09783
2307,0.108215,0.053481,0.421865,-0.45341,0.393737,-0.799647,-0.386506,-0.895226,-0.221711,-0.802603,0.208047,0.559082,0.049692,0.013705,0.002441,0.03912,0.668029,0.501314,0.105606,-0.119262,0.066239,0.408298,0.379719,0.123712,0.916788,-0.863065,0.403973,0.30308,-0.333318,-0.906468,0.258994,-0.000307,0.00164,0.000599,0.00162,-0.01241,0.025957,0.505196,0.030279,0.05089,0.019326,-0.212335,-0.249568,0.94479,0.907907,-0.407962,0.096281,0.36141,0.878226,0.313209,-2e-06,-3e-06,-4e-06,-3e-06,-2e-06,-2.6e-05,0.501178,0.091609,0.049368,-0.032319,-0.490137,0.399177,-0.774869,-0.333043,-0.907287,-0.25673,-0.805511,0.132232,0.577638,0.024847,0.006842,0.001184,0.046992,0.88458,0.598485,-0.068764
2308,0.109218,0.05368,0.421883,-0.462015,0.408705,-0.787114,-0.396829,-0.888927,-0.22871,-0.792592,0.206167,0.573864,0.048644,0.009937,0.001041,0.055099,1.142892,0.710659,0.109309,-0.119246,0.066242,0.408299,0.379764,0.123715,0.916769,-0.863047,0.403981,0.30312,-0.333312,-0.906464,0.259015,-4e-06,2.4e-05,9e-06,0.0,0.0,0.0,0.505359,0.030286,0.050896,0.019328,-0.212404,-0.249571,0.944773,0.907892,-0.407982,0.09634,0.361407,0.878216,0.31324,-1e-06,-1e-06,-1e-06,-9e-06,-2e-06,3e-06,0.501178,0.092112,0.049473,-0.032308,-0.497972,0.411772,-0.763194,-0.343439,-0.90176,-0.262445,-0.796286,0.13142,0.59047,0.02421,0.004502,0.000317,0.040703,0.768617,0.517567,-0.062069
2309,0.111486,0.053797,0.421787,-0.47826,0.438266,-0.761075,-0.417723,-0.875769,-0.241884,-0.771946,0.201684,0.602868,0.057488,-0.000453,-0.003396,0.038622,1.243958,0.542968,0.122837,-0.119242,0.066219,0.408319,0.379719,0.123727,0.916786,-0.863093,0.403902,0.303096,-0.333245,-0.906498,0.258983,-0.0,0.0,0.0,0.0,0.0,0.0,0.505231,0.030288,0.050884,0.019338,-0.212357,-0.249583,0.944781,0.907931,-0.407899,0.096319,0.361336,0.878251,0.313224,-3e-06,-7e-06,-5e-06,-1e-05,-2.2e-05,-1.6e-05,0.501014,0.093222,0.049541,-0.032351,-0.515468,0.438915,-0.735966,-0.365245,-0.889474,-0.274649,-0.77517,0.127235,0.618806,0.034121,-0.001868,-0.002659,0.044798,0.965731,0.678826,-0.048516
2310,0.113898,0.053474,0.421538,-0.494421,0.465718,-0.733962,-0.4269,-0.865578,-0.261731,-0.756585,0.183338,0.627689,0.06629,-0.011798,-0.008126,0.034031,0.989708,0.652819,0.132201,-0.119221,0.066191,0.408337,0.379699,0.123742,0.916792,-0.863128,0.403828,0.303093,-0.333175,-0.906529,0.258963,0.001641,-0.010278,0.009187,-0.035818,0.003847,-0.021755,0.505144,0.030298,0.050874,0.019344,-0.212352,-0.249593,0.94478,0.907952,-0.407852,0.096327,0.361288,0.87827,0.313227,8e-06,-6.1e-05,-2.5e-05,-1.5e-05,1e-06,-1.5e-05,0.501177,0.094447,0.049386,-0.032474,-0.533899,0.464955,-0.706234,-0.375632,-0.878718,-0.29454,-0.757529,0.108029,0.643799,0.033045,-0.006347,-0.004272,0.038075,1.114045,0.704742,-0.029574
2311,0.116422,0.05289,0.421315,-0.509288,0.501828,-0.69917,-0.448099,-0.848175,-0.282449,-0.734132,0.168819,0.657706,0.055382,-0.009278,-0.006523,0.0352,1.363599,0.781282,0.12658,-0.119215,0.066201,0.40836,0.379751,0.123753,0.916769,-0.863126,0.40379,0.30315,-0.333121,-0.906544,0.25898,-0.000199,0.001063,0.000389,0.0,0.0,0.0,0.505129,0.030302,0.050873,0.019358,-0.212391,-0.249607,0.944767,0.907973,-0.407793,0.096381,0.361212,0.878294,0.313248,-0.000133,0.000702,0.000256,-9e-06,1.2e-05,-1.1e-05,0.501341,0.09571,0.049081,-0.032591,-0.549907,0.498077,-0.670462,-0.398017,-0.861996,-0.313915,-0.734291,0.094231,0.672262,0.032925,-0.010615,0.000825,-0.014221,1.079917,0.450764,-0.028268
2312,0.117611,0.052668,0.421285,-0.51841,0.518611,-0.679955,-0.458913,-0.839606,-0.290574,-0.72095,0.160753,0.674104,0.056284,-0.005098,-0.004975,0.028264,1.565666,0.652606,0.125364,-0.119216,0.066202,0.40838,0.379761,0.123762,0.916763,-0.863141,0.403744,0.303169,-0.333072,-0.906564,0.258976,-0.000289,0.001541,0.000563,0.0,0.0,0.0,0.50503,0.030302,0.050873,0.019368,-0.212402,-0.249616,0.944762,0.90799,-0.407749,0.096403,0.361163,0.878311,0.313256,-0.000161,0.000858,0.000312,-1.3e-05,-1.7e-05,2.2e-05,0.501014,0.096302,0.04896,-0.032609,-0.559403,0.513276,-0.650857,-0.409418,-0.853837,-0.32146,-0.720724,0.086647,0.687784,0.03379,-0.002986,-0.003,0.02405,1.263624,0.588472,-0.030065
2313,0.119758,0.052637,0.421415,-0.539827,0.544254,-0.642199,-0.479339,-0.825822,-0.297025,-0.691334,0.146806,0.707483,0.048165,0.011246,0.001612,-0.616599,1.531597,-0.13488,0.12114,-0.119199,0.066199,0.408417,0.379806,0.123783,0.916742,-0.863161,0.403657,0.303229,-0.33297,-0.906599,0.258981,-4.8e-05,0.000254,9.3e-05,0.0,0.0,0.0,0.50475,0.030309,0.050875,0.019387,-0.212449,-0.249635,0.944746,0.908018,-0.40767,0.096469,0.361063,0.878343,0.313283,0.000781,-0.004929,0.004673,-0.035817,0.003838,-0.021772,0.501014,0.097358,0.048922,-0.032557,-0.580756,0.537806,-0.611135,-0.430507,-0.840042,-0.330141,-0.690931,0.071366,0.719389,0.023842,0.000718,0.005607,-0.014199,0.956932,0.355874,-0.03382
2314,0.121355,0.053223,0.421923,-0.555644,0.555483,-0.618662,-0.498213,-0.818099,-0.287175,-0.664962,0.147962,0.732092,0.039446,0.018026,0.017799,-3.448252,-0.720592,3.952373,0.123025,-0.119126,0.066205,0.408436,0.38,0.123805,0.916659,-0.863104,0.403645,0.303408,-0.332896,-0.906602,0.259067,0.010758,0.001933,0.000253,0.002045,-0.015205,0.029245,0.504926,0.030342,0.050877,0.019396,-0.21263,-0.249653,0.944701,0.907999,-0.407675,0.096635,0.361006,0.878336,0.313368,3e-06,-2.2e-05,-9e-06,-4e-06,-2e-05,1.4e-05,0.500688,0.098177,0.049209,-0.032306,-0.60183,0.54248,-0.586102,-0.445449,-0.837143,-0.317434,-0.662853,0.070037,0.745465,0.014376,0.010739,0.009804,-0.021257,0.860139,-0.127602,-0.03627
2315,0.122005,0.053699,0.422271,-0.565794,0.550902,-0.613539,-0.496093,-0.82172,-0.280427,-0.657947,0.145018,0.738987,0.029088,0.023702,0.020348,-0.035452,0.856601,-0.351055,0.123255,-0.119083,0.066196,0.40844,0.380079,0.123815,0.916625,-0.863082,0.403636,0.303481,-0.332862,-0.906605,0.259102,6e-05,-0.00032,-0.000117,0.0,0.0,0.0,0.505004,0.030368,0.050873,0.019399,-0.212738,-0.249663,0.944674,0.907985,-0.407682,0.096731,0.360976,0.878329,0.31342,3.9e-05,-0.00022,-8.3e-05,-1e-06,-1.1e-05,7e-06,0.500851,0.098507,0.049451,-0.032131,-0.607975,0.540306,-0.58175,-0.447888,-0.838405,-0.310599,-0.655562,0.071723,0.751727,0.014987,0.017771,0.005676,-0.015569,0.108956,-0.404522,-0.03627
2316,0.122717,0.054921,0.42318,-0.576787,0.538451,-0.614356,-0.494858,-0.828607,-0.26172,-0.649271,0.152387,0.745152,0.008386,0.03427,0.025035,-0.074159,-0.075377,-0.580894,0.12098,-0.119005,0.066178,0.40845,0.380214,0.123836,0.916566,-0.863049,0.403613,0.303607,-0.332796,-0.906612,0.259161,0.001708,-0.010619,0.009065,-0.035812,0.00382,-0.021769,0.50488,0.030406,0.050868,0.0194,-0.212896,-0.249676,0.944635,0.907961,-0.407704,0.09687,0.360945,0.878315,0.313495,6.3e-05,-0.000339,-0.000126,6e-06,3e-06,-2e-05,0.501014,0.098869,0.050049,-0.031686,-0.619343,0.528891,-0.580247,-0.446842,-0.845136,-0.293386,-0.645558,0.077572,0.759761,0.004083,0.016609,0.01233,-0.098062,-0.291035,-0.890042,-0.036433
2317,0.122764,0.056241,0.42419,-0.587498,0.530353,-0.611243,-0.505085,-0.830405,-0.235134,-0.631558,0.169924,0.756497,-0.002476,0.036305,0.026051,-0.359641,0.104591,-0.111843,0.121172,-0.118958,0.066153,0.408449,0.380252,0.123845,0.916549,-0.863043,0.403596,0.303645,-0.332766,-0.906618,0.259178,0.000245,-0.001302,-0.000476,0.0,0.0,0.0,0.504721,0.03043,0.050853,0.019404,-0.212922,-0.249689,0.944626,0.907975,-0.407665,0.096903,0.360896,0.87833,0.313512,0.000135,-0.000719,-0.000265,-5e-06,-6e-06,-0.0,0.501014,0.098901,0.050731,-0.03117,-0.629402,0.518678,-0.578641,-0.455543,-0.849542,-0.266002,-0.62955,0.096173,0.770984,-0.001208,0.018388,0.013106,-1.083666,-0.088909,0.600808,-0.036433
2318,0.122321,0.057664,0.425271,-0.599716,0.519648,-0.608566,-0.515771,-0.832409,-0.202601,-0.611117,0.191725,0.767988,-0.013339,0.037465,0.026764,-0.074917,0.242201,-0.528995,0.125593,-0.11894,0.066098,0.408438,0.38014,0.123847,0.916595,-0.863096,0.403553,0.303551,-0.332756,-0.906637,0.259125,0.000341,-0.001811,-0.000662,0.0,0.0,0.0,0.50473,0.030439,0.050826,0.019398,-0.212804,-0.249693,0.944652,0.90801,-0.407609,0.096809,0.360876,0.878355,0.313465,0.000219,-0.001163,-0.000427,1e-06,4e-06,-1.7e-05,0.501178,0.098685,0.051447,-0.030628,-0.640569,0.50746,-0.576328,-0.466066,-0.853405,-0.233412,-0.610289,0.11909,0.783175,-0.006681,0.018745,0.013399,-0.108797,0.264307,-0.548502,-0.03382
2319,0.121956,0.058356,0.425815,-0.602313,0.519721,-0.605933,-0.525397,-0.829511,-0.189317,-0.600277,0.203675,0.773441,-0.013694,0.035221,0.025873,-1.061502,-0.078447,0.764327,0.129006,-0.118933,0.066058,0.408433,0.380046,0.123849,0.916634,-0.863143,0.403513,0.303473,-0.332744,-0.906655,0.259078,0.000262,-0.001392,-0.000509,0.0,0.0,0.0,0.504689,0.030443,0.050803,0.019395,-0.212703,-0.249697,0.944673,0.908041,-0.407557,0.096729,0.360856,0.878378,0.313424,0.000135,-0.000713,-0.000261,-2e-06,1.2e-05,-6e-06,0.501341,0.098504,0.051797,-0.030355,-0.643979,0.506185,-0.573643,-0.474136,-0.852522,-0.219998,-0.600403,0.130311,0.789008,-0.012447,0.018229,0.01341,-3.393398,-0.793768,3.70971,-0.029901
2320,0.121042,0.059659,0.426819,-0.611123,0.517639,-0.598853,-0.534582,-0.827806,-0.170097,-0.583028,0.215536,0.783358,-0.024808,0.041763,0.015513,-0.274542,0.4314,-0.021478,0.129706,-0.118911,0.065987,0.408416,0.379894,0.12385,0.916697,-0.863212,0.403462,0.303345,-0.332738,-0.906677,0.259007,0.000183,-0.000971,-0.000355,0.0,0.0,0.0,0.503839,0.030454,0.050767,0.019386,-0.212543,-0.2497,0.944708,0.908086,-0.407489,0.096599,0.360837,0.878409,0.313358,0.000127,-0.000673,-0.000246,-3e-06,-5e-06,7e-06,0.501014,0.098051,0.05245,-0.029848,-0.651512,0.503565,-0.567408,-0.484025,-0.851839,-0.200223,-0.584167,0.144192,0.798722,-0.012873,0.015012,0.012323,-0.984052,0.445571,0.93006,-0.024839
2321,0.11984,0.060865,0.427645,-0.614719,0.51458,-0.597808,-0.539341,-0.827205,-0.15753,-0.574813,0.22494,0.786779,-0.026751,0.02394,0.022514,-0.440437,-0.501138,-0.070982,0.13451,-0.118861,0.065988,0.408424,0.380153,0.123867,0.916587,-0.86312,0.403485,0.303576,-0.332681,-0.906665,0.259124,-7.1e-05,0.000375,0.000137,0.0,0.0,0.0,0.5026,0.030479,0.050766,0.01939,-0.212817,-0.249712,0.944643,0.908036,-0.407542,0.096837,0.360801,0.87838,0.31348,0.005328,0.001256,0.000232,0.002043,-0.015213,0.029262,0.499871,0.097442,0.053074,-0.029427,-0.65621,0.50189,-0.563466,-0.489269,-0.851487,-0.188635,-0.574459,0.151902,0.804314,-0.013453,0.011645,0.01117,-0.444481,-0.503884,-0.069986,-0.022553
2322,0.119135,0.061395,0.428001,-0.619667,0.51014,-0.596503,-0.535906,-0.830211,-0.153383,-0.572705,0.223983,0.788586,-0.027085,0.029194,0.011294,-0.010326,0.09201,-0.221629,0.145354,-0.118835,0.065977,0.408448,0.380196,0.123884,0.916567,-0.863131,0.403421,0.303629,-0.332604,-0.906691,0.259133,0.010741,0.002066,0.000302,0.002045,-0.015205,0.029245,0.502455,0.030488,0.050762,0.019402,-0.212838,-0.249727,0.944635,0.908061,-0.407479,0.096875,0.360727,0.878405,0.313494,0.000795,-0.004996,0.004647,-0.035802,0.003808,-0.021784,0.499055,0.0971,0.053331,-0.029253,-0.659713,0.496003,-0.564587,-0.485374,-0.854772,-0.183782,-0.573749,0.152793,0.804652,-0.019237,0.010338,0.011088,-0.040423,0.146409,-0.260473,-0.014389
2323,0.117721,0.062167,0.4285,-0.616233,0.505641,-0.603846,-0.539762,-0.829429,-0.14379,-0.572793,0.23669,0.784801,-0.029917,0.015421,0.006948,-0.036607,-0.003317,-0.324102,0.149808,-0.118765,0.065952,0.408514,0.380317,0.12393,0.916511,-0.863158,0.403254,0.303775,-0.332395,-0.906759,0.259161,-0.000223,0.001182,0.000433,0.0,0.0,0.0,0.502876,0.030523,0.050747,0.019434,-0.212966,-0.24977,0.944594,0.90811,-0.40733,0.097035,0.360526,0.878462,0.313566,-0.000153,0.000805,0.000295,0.001617,-0.012401,0.025972,0.498892,0.096408,0.053724,-0.029002,-0.655939,0.491988,-0.572443,-0.489147,-0.854659,-0.174045,-0.574872,0.165846,0.801259,-0.020242,0.00895,0.004236,-0.026618,-0.082675,-0.149425,0.002267
2324,0.116302,0.062625,0.428762,-0.613401,0.496306,-0.614381,-0.543864,-0.829468,-0.127146,-0.571956,0.255525,0.779487,-0.042185,0.009853,0.00595,-0.075698,-0.12712,-0.400508,0.146966,-0.118687,0.06588,0.408592,0.380333,0.123986,0.916497,-0.863253,0.402997,0.303844,-0.332128,-0.906866,0.25913,0.010765,0.001944,0.000258,0.002045,-0.015205,0.029245,0.502424,0.030565,0.050715,0.019475,-0.213008,-0.249825,0.94457,0.908208,-0.407087,0.097139,0.360255,0.878559,0.313606,0.005382,0.000962,0.000124,0.002042,-0.015208,0.029252,0.498892,0.09569,0.053955,-0.02887,-0.652787,0.483353,-0.583298,-0.492971,-0.855693,-0.157375,-0.575192,0.184817,0.796865,-0.015837,0.003621,0.002233,-0.08722,-0.253078,-0.175562,0.000634
2325,0.114654,0.062868,0.428922,-0.613832,0.488613,-0.620091,-0.546348,-0.829862,-0.113158,-0.569123,0.268713,0.777123,-0.04382,0.002678,0.003755,-0.049807,-0.013909,-0.395345,0.159954,-0.118619,0.065814,0.408663,0.380341,0.124037,0.916486,-0.863342,0.402762,0.303902,-0.331886,-0.906963,0.259099,-0.0,0.0,0.0,0.0,0.0,0.0,0.502838,0.0306,0.050682,0.01951,-0.213018,-0.249874,0.944555,0.908303,-0.406859,0.09721,0.36001,0.878651,0.31363,-4e-06,-5e-06,-5e-06,-1e-06,1.9e-05,-1.3e-05,0.499055,0.094883,0.054076,-0.028791,-0.65269,0.476168,-0.589286,-0.495359,-0.856733,-0.14362,-0.573249,0.198169,0.795056,-0.016653,3.3e-05,0.001133,-0.050089,-0.159197,-0.206159,0.007656
2326,0.113907,0.062902,0.428945,-0.609938,0.489308,-0.623377,-0.55271,-0.826341,-0.107912,-0.567171,0.278113,0.77524,-0.044411,0.000244,0.003012,-0.126485,-0.342212,-0.531814,0.170238,-0.11859,0.065788,0.408691,0.380348,0.124057,0.91648,-0.863376,0.402668,0.303929,-0.331788,-0.907002,0.259088,-0.0,0.0,0.0,0.0,0.0,0.0,0.502959,0.030614,0.050669,0.019524,-0.213026,-0.249894,0.944548,0.90834,-0.406768,0.097243,0.359912,0.878687,0.313642,-4e-06,-3e-06,-5e-06,-2e-06,2.4e-05,-1.1e-05,0.499218,0.094492,0.054093,-0.028779,-0.649779,0.478189,-0.590866,-0.501976,-0.853663,-0.138846,-0.570796,0.206381,0.794731,-0.016889,-0.000955,0.000831,-0.130749,-0.384909,-0.51536,0.01778
2327,0.112496,0.062993,0.428837,-0.605085,0.485493,-0.631042,-0.556162,-0.824848,-0.101397,-0.568994,0.288999,0.769904,-0.033697,0.005901,-0.008741,0.011092,-0.303813,-0.188724,0.226174,-0.118577,0.065759,0.408719,0.380311,0.124075,0.916493,-0.863428,0.402567,0.303917,-0.331697,-0.907044,0.259056,-0.0,0.0,0.0,0.0,0.0,0.0,0.503227,0.030621,0.050654,0.019538,-0.212987,-0.249912,0.944552,0.908387,-0.406664,0.097235,0.359816,0.87873,0.313631,-5e-06,-3e-06,-6e-06,3e-06,4e-06,-1.7e-05,0.499218,0.093782,0.054131,-0.02883,-0.644328,0.473977,-0.600155,-0.505108,-0.852998,-0.131377,-0.574201,0.218493,0.78902,-0.016878,0.002805,-0.00439,0.133306,-0.469064,-0.119426,0.066277
2328,0.111331,0.063322,0.428269,-0.591741,0.465843,-0.657935,-0.556424,-0.826537,-0.084857,-0.582608,0.315294,0.749123,-0.02341,0.009589,-0.021116,-0.199846,-0.941674,-0.698933,0.267853,-0.118591,0.065748,0.408715,0.380246,0.124072,0.916521,-0.863453,0.402555,0.30386,-0.331705,-0.90705,0.259026,1e-06,-5e-06,-2e-06,0.0,0.0,0.0,0.503896,0.030614,0.050648,0.019536,-0.212918,-0.24991,0.944568,0.908402,-0.406645,0.097177,0.359819,0.87874,0.313601,-4e-06,4e-06,-1e-06,-1e-06,4e-06,-7e-06,0.499708,0.093204,0.054292,-0.029101,-0.63075,0.458059,-0.626367,-0.505569,-0.854938,-0.116105,-0.588688,0.243439,0.770833,-0.011634,0.005034,-0.010464,-0.150032,-0.740661,-0.587391,0.136165
2329,0.110975,0.063487,0.427814,-0.581211,0.449985,-0.67805,-0.5503,-0.831115,-0.079939,-0.598792,0.326105,0.731526,-0.012954,0.013844,-0.033319,-0.298522,-1.492709,-0.872594,0.277912,-0.118603,0.065721,0.408706,0.380141,0.124067,0.916565,-0.863495,0.402537,0.303768,-0.331719,-0.907059,0.258977,0.000179,-0.000947,-0.000347,0.0,0.0,0.0,0.503058,0.030607,0.050636,0.019532,-0.212807,-0.249907,0.944594,0.908427,-0.406613,0.097082,0.359823,0.878755,0.313552,0.000113,-0.00061,-0.000225,-4e-06,-1.1e-05,9e-06,0.499708,0.093014,0.054379,-0.02933,-0.620053,0.444206,-0.646694,-0.499007,-0.859351,-0.111829,-0.605413,0.253365,0.754506,-0.006759,0.002111,-0.011758,-0.288411,-1.258801,-0.801436,0.157067
2330,0.110551,0.063652,0.426473,-0.548443,0.419014,-0.72366,-0.53895,-0.838769,-0.077281,-0.638689,0.347106,0.686747,-0.00536,-0.000855,-0.038745,0.216913,-1.990724,-0.197444,0.295229,-0.118725,0.06553,0.408633,0.379306,0.124022,0.916917,-0.863812,0.402411,0.303033,-0.331849,-0.907121,0.258594,0.001124,-0.00596,-0.002187,0.0,0.0,0.0,0.502237,0.030545,0.050545,0.019497,-0.211924,-0.249877,0.944801,0.908608,-0.406387,0.096326,0.359885,0.878869,0.313163,0.000611,-0.003239,-0.001186,-1e-06,8e-06,-2.3e-05,0.499218,0.092801,0.054476,-0.029996,-0.586606,0.416556,-0.69453,-0.486945,-0.866664,-0.108518,-0.647129,0.274541,0.711231,-0.002755,-0.000819,-0.019482,1.527277,-2.55108,1.118432,0.188092
2331,0.110233,0.063257,0.424796,-0.512104,0.402849,-0.758623,-0.535801,-0.84009,-0.084492,-0.670718,0.362696,0.647006,-0.008995,-0.015721,-0.043724,-0.035998,-0.837262,0.035566,0.302278,-0.119101,0.065041,0.408453,0.38068,0.114939,0.917531,-0.85459,0.422554,0.301758,-0.353478,-0.89911,0.257909,-0.019003,-0.017654,-0.005585,1.515625,0.543115,0.343162,0.501583,0.030356,0.050306,0.019409,-0.213177,-0.241119,0.946792,0.899765,-0.426114,0.09407,0.380759,0.871944,0.307788,-0.009429,-0.009228,-0.002931,1.530238,0.577582,0.342509,0.498402,0.092644,0.054288,-0.030831,-0.548225,0.402423,-0.733146,-0.483353,-0.867848,-0.114924,-0.682508,0.291365,0.670289,-0.004684,-0.008729,-0.022131,-0.03503,-0.937432,-0.004059,0.204911
