frame,MLTx,MLTy,MLTz,MLTR1,MLTR2,MLTR3,MLTR4,MLTR5,MLTR6,MLTR7,MLTR8,MLTR9,MLTTVx,MLTTVy,MLTTVz,MLTRVx,MLTRVy,MLTRVz,MLGA,MRTx,MRTy,MRTz,MRTR1,MRTR2,MRTR3,MRTR4,MRTR5,MRTR6,MRTR7,MRTR8,MRTR9,MRTTVx,MRTTVy,MRTTVz,MRTRVx,MRTRVy,MRTRVz,MRGA,SLTx,SLTy,SLTz,SLTR1,SLTR2,SLTR3,SLTR4,SLTR5,SLTR6,SLTR7,SLTR8,SLTR9,SLTTVx,SLTTVy,SLTTVz,SLTRVx,SLTRVy,SLTRVz,SLGA,SRTx,SRTy,SRTz,SRTR1,SRTR2,SRTR3,SRTR4,SRTR5,SRTR6,SRTR7,SRTR8,SRTR9,SRTTVx,SRTTVy,SRTTVz,SRTRVx,SRTRVy,SRTRVz,SRGA
435,0.153437,-0.067826,0.320038,-0.91603,-0.362577,-0.171672,0.368067,-0.929783,-0.000558,-0.158273,-0.063253,0.985381,0.000171,0.001409,0.001817,-5.6e-05,-0.000103,-4.7e-05,-0.438061,-0.122931,-0.044898,0.305604,-0.140997,-0.854465,0.500001,0.987895,-0.088919,0.126852,-0.063768,0.512901,0.855996,-0.002442,0.016958,-0.06752,2.609593,1.122305,4.944956,-1.300642,0.065102,0.031594,-0.003627,0.221305,0.843104,0.4901,-0.971627,0.147625,0.184785,0.083442,-0.517089,0.851854,-0.001125,0.008326,-0.034064,2.595032,1.132085,4.954098,-0.913735,0.079082,0.015856,-0.044311,0.897396,0.405278,-0.17444,-0.412228,0.911071,-0.003985,0.157312,0.075485,0.984659,9.9e-05,0.000815,0.001047,0.003167,-0.008417,0.026906,-0.571863
436,0.153524,-0.067755,0.320011,-0.916086,-0.362385,-0.171781,0.367916,-0.929843,-0.00078,-0.158305,-0.063471,0.985362,5.8e-05,0.011202,-0.008051,0.035701,-0.011571,0.019051,-0.438414,-0.123094,-0.044575,0.304212,-0.156836,-0.846922,0.508052,0.985869,-0.104143,0.130958,-0.057819,0.522469,0.850615,-0.002217,0.015129,-0.070079,0.680301,0.569763,1.816344,-1.352868,0.065021,0.031749,-0.004297,0.23678,0.834775,0.497076,-0.968543,0.162507,0.188453,0.076538,-0.526061,0.846994,-0.00882,0.006514,-0.035197,2.520624,1.306708,4.97492,-0.915368,0.079126,0.015894,-0.044322,0.89747,0.40508,-0.174517,-0.412072,0.91114,-0.004228,0.157297,0.075707,0.984644,3e-05,0.005606,-0.00402,0.035943,-0.011074,0.019486,-0.571536
437,0.153712,-0.067597,0.319979,-0.915554,-0.363166,-0.172963,0.368211,-0.929723,0.002736,-0.16066,-0.060738,0.985153,0.016313,0.000954,0.001284,0.000893,-0.014883,0.029477,-0.438459,-0.123626,-0.043835,0.30111,-0.191178,-0.824884,0.531985,0.980884,-0.141448,0.133387,-0.034555,0.548347,0.835455,-0.0033,0.022973,-0.082956,2.965027,1.24196,4.890563,-1.394163,0.064762,0.032111,-0.005817,0.26804,0.811836,0.518724,-0.961894,0.195347,0.191308,0.05398,-0.550236,0.833261,-0.009435,0.010582,-0.041314,1.252895,2.356878,-0.602271,-0.918471,0.079213,0.01597,-0.04434,0.896878,0.405864,-0.175734,-0.41239,0.911007,-0.000675,0.159821,0.073077,0.984437,0.000113,0.006301,-0.003125,0.040027,-0.018831,0.046191,-0.571373
438,0.153903,-0.067396,0.319968,-0.913605,-0.368632,-0.171701,0.373353,-0.927662,0.004752,-0.159893,-0.059312,0.985364,0.000248,0.002065,0.002657,0.007686,-0.000213,-0.04411,-0.438127,-0.124235,-0.043158,0.29797,-0.223036,-0.807049,0.546734,0.974473,-0.171264,0.144932,-0.023066,0.56611,0.823925,-0.018758,0.019334,-0.085667,-0.046165,0.179047,0.502221,-1.404174,0.06445,0.032461,-0.007447,0.304769,0.789772,0.53233,-0.951707,0.230824,0.202416,0.036988,-0.568313,0.82198,-0.009317,0.009523,-0.042991,-0.001542,0.126071,0.48461,-0.916184,0.079315,0.016072,-0.044345,0.894708,0.411172,-0.17445,-0.417361,0.908739,0.001323,0.159074,0.071625,0.984664,0.000151,0.001272,0.001634,0.026008,-0.001229,-0.148031,-0.571046
439,0.154017,-0.067271,0.319961,-0.913805,-0.368745,-0.170393,0.373031,-0.927777,0.006938,-0.159505,-0.056771,0.985577,0.000282,0.002357,0.003031,-0.0,-0.0,-0.0,-0.438254,-0.124611,-0.042781,0.29635,-0.234454,-0.797764,0.555514,0.971945,-0.183367,0.147084,-0.015195,0.575408,0.817641,-0.01898,0.020927,-0.083884,-0.010591,0.206686,0.47659,-1.404319,0.064263,0.032645,-0.008263,0.316013,0.779814,0.540392,-0.948338,0.242759,0.204259,0.028099,-0.577023,0.816243,-0.009436,0.010389,-0.042013,0.023918,0.164066,0.462515,-0.9219,0.079372,0.016134,-0.044348,0.894888,0.411335,-0.173137,-0.417077,0.908863,0.003524,0.158808,0.069058,0.98489,0.008191,0.006195,-0.003245,0.038535,-0.027467,0.049406,-0.570883
440,0.154272,-0.066964,0.319918,-0.913365,-0.369195,-0.171768,0.373055,-0.92774,0.010064,-0.161933,-0.054435,0.985313,0.000411,0.003462,0.004445,-0.070015,-0.144247,-0.03391,-0.43808,-0.125617,-0.042003,0.293151,-0.264167,-0.778019,0.569995,0.96441,-0.211373,0.158649,-0.002633,0.592589,0.805416,-0.034933,0.020772,-0.082001,-0.241874,0.604722,0.634867,-1.404246,0.063772,0.033024,-0.009835,0.343942,0.759697,0.551872,-0.938896,0.269928,0.213568,0.013281,-0.591606,0.806117,-0.009558,0.011193,-0.041238,0.326501,0.201595,0.683832,-0.927778,0.079499,0.016286,-0.044372,0.894541,0.411565,-0.174385,-0.416903,0.908927,0.006568,0.161207,0.066827,0.984655,0.008182,0.006189,-0.003257,-0.061183,-0.208333,-0.026606,-0.571209
441,0.154551,-0.066526,0.31979,-0.911493,-0.375747,-0.167449,0.378417,-0.925472,0.016514,-0.160038,-0.047853,0.985964,0.000321,0.013548,-0.005056,0.313298,-0.03896,-1.615645,-0.438265,-0.126924,-0.04123,0.290075,-0.293013,-0.756799,0.584285,0.955874,-0.243441,0.164238,0.018297,0.607571,0.793968,-0.035349,0.023656,-0.078682,0.055157,0.323612,0.220484,-1.404287,0.06312,0.033407,-0.011378,0.373404,0.735396,0.565474,-0.927629,0.301595,0.220326,-0.008518,-0.606821,0.794792,-0.016938,0.00652,-0.034913,0.206974,0.408757,0.501272,-0.926962,0.079633,0.016498,-0.044429,0.89469,0.413007,-0.170157,-0.417008,0.908806,0.013222,0.1601,0.059128,0.985327,0.000167,0.006816,-0.002477,0.03715,0.071982,-0.158753,-0.571373
442,0.154865,-0.066002,0.31957,-0.910912,-0.377347,-0.167011,0.379186,-0.925053,0.0216,-0.161509,-0.04319,0.985939,0.000282,0.013276,-0.005413,0.033718,-0.015267,0.017361,-0.437979,-0.128482,-0.040566,0.287381,-0.313497,-0.73923,0.596028,0.948954,-0.265668,0.169824,0.033185,0.619764,0.783999,-0.050199,0.014891,-0.065113,0.107868,0.226217,0.126964,-1.404671,0.062347,0.03374,-0.012733,0.393597,0.716383,0.576086,-0.918952,0.323432,0.225652,-0.024671,-0.618212,0.785623,-0.017187,0.00833,-0.032666,0.33187,0.362925,0.22918,-0.942964,0.079796,0.016765,-0.044539,0.891547,0.419837,-0.16994,-0.423094,0.905899,0.01837,0.161661,0.055523,0.985282,0.008206,0.006518,-0.002853,0.050905,-0.026982,0.075698,-0.572026
443,0.155075,-0.065698,0.319405,-0.911134,-0.37807,-0.164142,0.379117,-0.924975,0.025745,-0.160425,-0.038308,0.986318,0.016251,0.02271,-0.01573,-0.623639,0.394066,-0.058638,-0.43818,-0.129274,-0.040316,0.2862,-0.324154,-0.730252,0.601371,0.945088,-0.27697,0.173289,0.040409,0.625431,0.779144,-0.034702,0.018537,-0.063016,-0.206682,0.472059,0.23125,-1.404674,0.061932,0.033871,-0.013348,0.403274,0.707804,0.579984,-0.914476,0.334714,0.227373,-0.033193,-0.622076,0.782251,-0.017329,0.009426,-0.031254,-0.320599,0.584343,0.283424,-0.950639,0.079901,0.016923,-0.044624,0.891771,0.420519,-0.167052,-0.423002,0.905856,0.022201,0.160661,0.050865,0.985697,0.00813,0.011367,-0.007861,-0.694649,0.441813,-0.071308,-0.572189
444,0.155531,-0.064997,0.318991,-0.908322,-0.385623,-0.162148,0.385567,-0.922084,0.032717,-0.160998,-0.032328,0.986439,0.016268,0.023114,-0.015236,-0.14416,0.160391,-0.126298,-0.438225,-0.131105,-0.039967,0.284139,-0.345229,-0.714826,0.608137,0.936491,-0.30428,0.174158,0.06097,0.63053,0.773678,-0.049537,0.009459,-0.049712,-0.026798,0.306743,-0.181035,-1.404799,0.061053,0.034042,-0.014345,0.424419,0.690457,0.585779,-0.90386,0.361576,0.228691,-0.053902,-0.626523,0.777536,-0.024795,0.005332,-0.023962,-0.073505,0.261921,0.056144,-0.95913,0.080129,0.017272,-0.044832,0.888569,0.427991,-0.165125,-0.429306,0.902677,0.029494,0.161678,0.044682,0.985831,0.008136,0.011522,-0.007668,-0.144318,0.187798,-0.126376,-0.572679
445,0.156117,-0.064084,0.318377,-0.906992,-0.388535,-0.162638,0.387269,-0.921068,0.040365,-0.164353,-0.025897,0.986075,0.016263,0.023411,-0.014885,0.002262,-0.182608,0.032129,-0.438169,-0.133076,-0.039839,0.28267,-0.360375,-0.702739,0.613416,0.929534,-0.325061,0.173883,0.07764,0.63373,0.769559,-0.047369,-0.007902,-0.026927,1.032375,0.369462,1.167712,-1.404946,0.060032,0.034108,-0.015115,0.438624,0.677334,0.590616,-0.895883,0.381285,0.228065,-0.070717,-0.629158,0.774053,-0.023679,-0.003734,-0.01313,1.074806,0.333998,1.163337,-0.969907,0.080415,0.017719,-0.045134,0.887219,0.430697,-0.16535,-0.430803,0.901682,0.037102,0.165074,0.038316,0.985536,0.01608,0.016202,-0.0129,0.016918,-0.154236,-0.136638,-0.572679
446,0.156444,-0.063548,0.317986,-0.906229,-0.390618,-0.1619,0.388545,-0.920304,0.045237,-0.165537,-0.021431,0.985985,0.016137,0.033518,-0.024379,0.087943,-0.003134,-0.079264,-0.43903,-0.134152,-0.039825,0.282031,-0.367616,-0.696577,0.616141,0.925973,-0.335114,0.173798,0.08586,0.635289,0.767397,-0.0647,0.003124,-0.032635,0.02624,0.148314,-0.013995,-1.405326,0.059536,0.034113,-0.015409,0.445819,0.670838,0.592639,-0.891606,0.391429,0.227641,-0.079266,-0.629887,0.77263,-0.023741,-0.003381,-0.012684,0.242139,0.269501,0.343457,-0.97301,0.080585,0.017996,-0.045335,0.886189,0.432904,-0.16511,-0.43218,0.900799,0.042188,0.166994,0.03397,0.985371,0.008079,0.016727,-0.012237,0.120963,0.035493,-0.074435,-0.572679
447,0.157177,-0.062348,0.317031,-0.902855,-0.39786,-0.163113,0.393374,-0.917404,0.059992,-0.172383,-0.009512,0.984997,0.015918,0.032031,-0.026308,-0.03332,-0.212867,-0.21018,-0.43945,-0.136396,-0.03982,0.280957,-0.380168,-0.681983,0.62479,0.918227,-0.359028,0.167007,0.110883,0.63804,0.761888,-0.063662,-0.005602,-0.021425,-0.00673,0.109862,-0.093688,-1.404659,0.058396,0.034121,-0.015961,0.458005,0.655234,0.600749,-0.882744,0.414943,0.220418,-0.104851,-0.631261,0.768449,-0.032459,0.002619,-0.014921,0.036422,0.100868,-0.102569,-0.970234,0.080946,0.018586,-0.0458,0.882795,0.439535,-0.165775,-0.436435,0.897948,0.056685,0.173772,0.022309,0.984532,0.007989,0.016135,-0.013009,-0.074062,-0.306559,-0.235141,-0.572679
448,0.158004,-0.06096,0.315911,-0.899159,-0.406585,-0.162011,0.399231,-0.913615,0.076769,-0.178108,0.004848,0.984013,0.031843,0.042766,-0.03509,-0.030798,-0.312982,-0.166528,-0.439962,-0.138846,-0.039801,0.280017,-0.390409,-0.668423,0.633075,0.911474,-0.377125,0.164092,0.129539,0.641927,0.755654,-0.049353,0.008917,-0.027574,0.006918,0.207689,-0.204279,-1.405181,0.057189,0.034129,-0.016419,0.467942,0.641097,0.608296,-0.875023,0.432638,0.217158,-0.123952,-0.633891,0.763424,-0.032549,0.003407,-0.013946,0.015537,0.155635,-0.088815,-0.981827,0.081347,0.019262,-0.04635,0.878896,0.447863,-0.164193,-0.441899,0.894064,0.073303,0.179629,0.008131,0.9837,0.007968,0.016191,-0.012955,-0.200017,-0.418878,-0.484717,-0.573006
449,0.158839,-0.05954,0.314763,-0.895105,-0.415491,-0.161866,0.405644,-0.909473,0.091012,-0.183911,0.016316,0.982821,0.031817,0.032126,-0.026335,-0.099747,-0.341289,-0.239247,-0.440219,-0.141264,-0.039636,0.279086,-0.404578,-0.651087,0.642179,0.900578,-0.405486,0.15644,0.15903,0.642436,0.749566,-0.065259,0.008336,-0.026123,0.059559,0.06279,-0.100219,-1.405055,0.055937,0.034215,-0.016901,0.481289,0.622885,0.616744,-0.862947,0.460216,0.20862,-0.15389,-0.632625,0.759014,-0.03262,0.004217,-0.012939,0.071106,0.041341,-0.107935,-0.99538,0.081771,0.019989,-0.046935,0.87439,0.456624,-0.16412,-0.448177,0.889654,0.087474,0.185953,-0.002931,0.982553,0.007934,0.021793,-0.017025,-0.160924,-0.511347,-0.288071,-0.573332
450,0.159269,-0.058801,0.314192,-0.893053,-0.419601,-0.162595,0.408707,-0.907503,0.096798,-0.187058,0.020508,0.982149,0.031704,0.042886,-0.035031,-0.069594,-0.365036,-0.226368,-0.441539,-0.14251,-0.039488,0.278606,-0.41189,-0.639444,0.649192,0.894618,-0.41897,0.155102,0.173313,0.64546,0.743779,-0.065317,0.009181,-0.025061,-0.195034,0.535618,0.009053,-1.404646,0.055314,0.034288,-0.017141,0.487687,0.612074,0.622516,-0.856546,0.473329,0.205638,-0.168789,-0.633501,0.755106,-0.03265,0.004653,-0.012391,-0.333319,0.677882,0.086415,-0.995544,0.081986,0.020354,-0.047218,0.872159,0.46062,-0.164822,-0.451135,0.887569,0.093256,0.189246,-0.006977,0.981904,0.00798,0.016734,-0.012297,-0.205525,-0.52082,-0.313581,-0.573659
451,0.160048,-0.057389,0.313215,-0.889058,-0.428079,-0.162392,0.414533,-0.903207,0.111134,-0.193139,0.032014,0.980663,0.016044,0.035362,-0.022209,-0.224938,-0.564191,-0.355644,-0.448776,-0.144926,-0.039118,0.277606,-0.422615,-0.619845,0.661196,0.883179,-0.44524,0.147278,0.203614,0.646969,0.734735,-0.049454,0.010086,-0.026488,0.034795,0.427294,-0.232984,-1.404676,0.054125,0.034473,-0.017627,0.498479,0.590832,0.634378,-0.843699,0.498811,0.198388,-0.199221,-0.634117,0.747131,-0.032654,0.004823,-0.012292,0.245272,0.409928,0.217997,-1.005831,0.082381,0.02106,-0.047715,0.868273,0.468391,-0.163433,-0.456419,0.883335,0.106767,0.194375,-0.018109,0.980759,0.008024,0.017521,-0.011314,0.057388,-0.169286,0.022811,-0.577088
452,0.160713,-0.05613,0.312481,-0.886308,-0.434473,-0.16043,0.41845,-0.899668,0.124373,-0.197265,0.043635,0.979392,0.000202,0.036878,-0.020208,-0.70863,0.146693,-0.214425,-0.455993,-0.147239,-0.038586,0.276501,-0.434405,-0.58422,0.685544,0.864325,-0.484389,0.135064,0.25369,0.651934,0.714484,-0.065316,0.009471,-0.025223,-0.167106,0.820929,-0.047344,-1.40501,0.052974,0.034738,-0.018181,0.50898,0.555773,0.657308,-0.823454,0.536802,0.183752,-0.25072,-0.634789,0.730876,-0.033231,0.010252,-0.016693,0.165155,1.030085,0.158382,-1.008117,0.082719,0.02169,-0.048082,0.864484,0.475337,-0.163466,-0.460757,0.879335,0.120293,0.200921,-0.028673,0.979187,0.008101,0.01282,-0.006191,-2.381154,1.19548,-0.821367,-0.582313
453,0.160982,-0.055589,0.312243,-0.885382,-0.436156,-0.160973,0.419621,-0.898771,0.12689,-0.198918,0.045335,0.978981,0.016232,0.02652,-0.011162,0.059,-0.077085,0.080301,-0.458694,-0.148417,-0.038277,0.275918,-0.437656,-0.561607,0.702173,0.853563,-0.504856,0.128388,0.282923,0.656238,0.699407,-0.06531,0.00952,-0.025298,3.895835,2.117719,3.341175,-1.405266,0.052385,0.034892,-0.018472,0.509324,0.535705,0.673504,-0.814901,0.551798,0.177353,-0.27663,-0.63917,0.717591,-0.025308,0.010932,-0.016962,0.86021,2.875018,-1.692488,-1.006484,0.082848,0.021964,-0.048205,0.863029,0.47766,-0.16438,-0.462298,0.877992,0.124134,0.203618,-0.031139,0.978554,0.00812,0.013175,-0.005695,0.091826,0.057023,-0.093793,-0.584436
454,0.161355,-0.054817,0.312045,-0.883916,-0.438461,-0.162763,0.420672,-0.897439,0.132707,-0.203154,0.049371,0.977915,0.016299,0.015897,-0.002342,0.035661,-0.043165,0.072371,-0.464133,-0.15071,-0.037564,0.27471,-0.43418,-0.523739,0.732923,0.838455,-0.532318,0.116465,0.329675,0.665742,0.669302,-0.050618,0.022396,-0.033487,0.236169,0.788277,-0.206845,-1.404817,0.051257,0.035241,-0.019063,0.508111,0.494174,0.705418,-0.796169,0.581904,0.165832,-0.328536,-0.645893,0.689118,-0.025299,0.011061,-0.016908,3.858259,1.477638,3.207326,-1.006484,0.083035,0.022356,-0.048305,0.861512,0.479853,-0.16594,-0.463305,0.876655,0.129704,0.207711,-0.034861,0.977568,0.000219,0.008059,-0.00097,0.051984,-0.007214,0.046587,-0.588355
455,0.16147,-0.054522,0.312248,-0.884577,-0.437297,-0.162299,0.419136,-0.897887,0.13452,-0.203449,0.051506,0.977744,0.000547,0.00571,0.007176,0.000833,-0.013279,0.025564,-0.474451,-0.152699,-0.036732,0.273509,-0.437711,-0.485709,0.756629,0.818512,-0.56341,0.111988,0.372426,0.668933,0.643188,-0.035905,0.036095,-0.040342,3.894928,1.678286,3.308878,-1.405197,0.050233,0.035654,-0.019672,0.508145,0.459828,0.728248,-0.777609,0.608471,0.158389,-0.370286,-0.646777,0.666758,-0.025285,0.011801,-0.01592,-0.352955,1.058574,-0.062839,-0.995381,0.083099,0.022507,-0.048206,0.862342,0.478583,-0.165297,-0.461692,0.877264,0.131328,0.207861,-0.036933,0.97746,0.000258,0.002682,0.003369,0.007761,-0.104943,0.204945,-0.593254
456,0.16141,-0.054493,0.312701,-0.885165,-0.43567,-0.163462,0.417364,-0.89867,0.1348,-0.204523,0.051633,0.977513,-0.015287,0.00614,0.007835,-0.00015,0.001453,-0.00398,-0.485194,-0.154635,-0.035822,0.272206,-0.437829,-0.445126,0.781127,0.799262,-0.590462,0.111665,0.412047,0.673769,0.613283,-0.034694,0.023176,-0.034965,-0.331503,1.07605,-0.047084,-1.405142,0.049264,0.036117,-0.02032,0.509862,0.416332,0.752799,-0.753201,0.638818,0.156838,-0.415606,-0.646975,0.639291,-0.025246,0.011372,-0.016656,-0.348538,1.158403,0.026122,-0.99685,0.083075,0.022522,-0.04798,0.863057,0.476884,-0.166471,-0.459863,0.878186,0.131582,0.208942,-0.037008,0.977227,0.000301,-0.002662,0.007747,-0.03508,-0.00117,0.008433,-0.600275
457,0.161372,-0.054509,0.312914,-0.885551,-0.434596,-0.164231,0.416208,-0.899189,0.134919,-0.205206,0.051658,0.977368,0.000455,0.004744,0.00594,0.000835,-0.013252,0.025578,-0.493449,-0.155535,-0.035402,0.271547,-0.438637,-0.422038,0.793393,0.78828,-0.604539,0.114377,0.431893,0.676109,0.596832,-0.03468,0.023231,-0.034962,-0.384794,1.172234,0.050171,-1.405214,0.048833,0.036319,-0.020638,0.51036,0.393774,0.764508,-0.741108,0.652351,0.158733,-0.436223,-0.647594,0.624764,-0.017323,0.011777,-0.017202,-0.186815,0.869813,-0.137045,-0.993421,0.08305,0.022518,-0.047876,0.863504,0.475806,-0.167234,-0.458718,0.878771,0.131672,0.20961,-0.036986,0.977084,-0.00768,0.002735,0.003493,0.00541,-0.089788,0.174006,-0.603541
458,0.161327,-0.054489,0.313189,-0.886337,-0.432378,-0.165838,0.413894,-0.900273,0.134804,-0.206481,0.051374,0.977115,0.000307,0.003193,0.003992,-0.0,-0.0,-0.0,-0.508569,-0.15705,-0.034531,0.270171,-0.438121,-0.377835,0.815648,0.765081,-0.633002,0.117873,0.472296,0.676147,0.565353,-0.034648,0.022927,-0.035553,-0.348352,1.158082,0.042794,-1.404672,0.04807,0.036753,-0.021326,0.508474,0.349635,0.786897,-0.715996,0.679327,0.160819,-0.478333,-0.645188,0.595758,-0.017293,0.010938,-0.018517,-0.153623,0.855739,-0.181321,-0.997177,0.083028,0.022527,-0.047732,0.864419,0.473575,-0.168834,-0.456407,0.879988,0.131573,0.210882,-0.036677,0.976822,0.000169,0.00181,0.002261,0.000731,-0.013119,0.026568,-0.615788
459,0.161325,-0.0543,0.31326,-0.886892,-0.43078,-0.167024,0.41234,-0.901078,0.134185,-0.2072,0.050666,0.977,0.000236,0.002453,0.003062,0.005764,-0.091435,0.176535,-0.512909,-0.158364,-0.033926,0.268872,-0.429894,-0.336507,0.837822,0.742092,-0.660177,0.115754,0.514674,0.671919,0.532446,-0.03357,0.010234,-0.029854,0.196206,0.94914,0.061876,-1.40454,0.047412,0.037065,-0.021979,0.498539,0.308243,0.810212,-0.692576,0.703732,0.158422,-0.521341,-0.640114,0.56432,-0.00887,0.005541,-0.015297,4.2501,1.834414,2.98914,-0.997667,0.083026,0.022621,-0.047698,0.865011,0.472104,-0.169917,-0.454996,0.880807,0.130978,0.211499,-0.035985,0.976715,4.1e-05,0.006283,-0.003213,0.03559,-0.011773,0.019575,-0.621993
460,0.161426,-0.054054,0.313217,-0.887435,-0.429907,-0.16639,0.411145,-0.901385,0.135787,-0.207251,0.05262,0.976886,5.5e-05,0.012293,-0.006768,0.034048,-0.010767,0.01848,-0.51848,-0.159278,-0.033657,0.267832,-0.415847,-0.305744,0.856495,0.726226,-0.678462,0.110541,0.547797,0.668355,0.503073,-0.016742,0.000206,-0.022301,-0.156585,0.806515,-0.333117,-1.404826,0.046936,0.037206,-0.022515,0.483867,0.277142,0.830099,-0.67476,0.72217,0.152211,-0.557289,-0.633768,0.536439,-0.008356,0.000353,-0.010764,-0.149029,1.025861,-0.370622,-0.997177,0.083077,0.022745,-0.047717,0.865661,0.47112,-0.169341,-0.453665,0.881251,0.132599,0.211702,-0.037962,0.976596,2.3e-05,0.006113,-0.003425,0.039641,-0.01444,0.020404,-0.627055
461,0.161512,-0.053923,0.313181,-0.887611,-0.429389,-0.166785,0.410689,-0.901656,0.135361,-0.207399,0.052178,0.976878,0.015955,0.001078,0.0012,0.000984,-0.014715,0.029553,-0.52038,-0.159684,-0.033671,0.267457,-0.410078,-0.29301,0.863697,0.717952,-0.687659,0.107723,0.562853,0.66463,0.49125,-0.016773,0.001868,-0.019867,-0.174584,0.755629,-0.247067,-1.404565,0.046733,0.037196,-0.022708,0.47779,0.265375,0.837431,-0.666139,0.730905,0.148444,-0.57269,-0.628772,0.525996,-0.015766,-0.005441,-0.005997,-0.283238,0.844888,-0.011445,-0.99685,0.083114,0.02281,-0.047736,0.865856,0.470613,-0.169751,-0.453235,0.881543,0.132129,0.211825,-0.037468,0.976589,3.4e-05,0.006214,-0.003305,0.036478,-0.012366,0.019489,-0.628851
462,0.161718,-0.053615,0.313066,-0.888111,-0.430017,-0.162451,0.410214,-0.900889,0.141759,-0.206202,0.059787,0.976695,5.4e-05,0.012327,-0.00673,0.035682,-0.011867,0.018906,-0.520858,-0.160346,-0.033823,0.267056,-0.401618,-0.279791,0.872016,0.703815,-0.703463,0.098573,0.586328,0.653673,0.478324,-0.015802,-0.005224,-0.005718,-0.018106,0.152667,-0.208679,-1.404593,0.046397,0.037117,-0.022921,0.468506,0.251707,0.846844,-0.651668,0.745679,0.138889,-0.596515,-0.616931,0.513385,-0.007896,-0.002391,-0.002519,-0.003177,0.115775,-0.233681,-0.994238,0.083223,0.022964,-0.047794,0.866346,0.471252,-0.165422,-0.452682,0.880842,0.138545,0.211,-0.045144,0.976442,2.9e-05,0.006163,-0.003366,0.038579,-0.013753,0.019904,-0.630321
463,0.162113,-0.053257,0.312895,-0.888597,-0.429281,-0.161737,0.409252,-0.901132,0.142989,-0.206021,0.061396,0.976634,0.015977,0.001532,0.001748,0.000984,-0.014715,0.029553,-0.521721,-0.160878,-0.033917,0.267043,-0.398596,-0.274827,0.874976,0.694561,-0.713421,0.092456,0.59929,0.644918,0.474127,-4e-06,0.000734,0.001098,-0.0,3e-06,2e-06,-1.404599,0.046131,0.037068,-0.02293,0.465385,0.247362,0.849839,-0.642268,0.755037,0.131948,-0.609022,-0.607232,0.510256,-0.007923,0.000193,0.001339,-0.005503,0.014064,-0.031355,-0.995054,0.08342,0.023142,-0.04788,0.866871,0.470531,-0.164721,-0.451724,0.881144,0.139747,0.210899,-0.046734,0.976389,0.007993,0.00079,0.000897,0.001289,-0.014916,0.029794,-0.632117
464,0.162364,-0.053067,0.312797,-0.888932,-0.428986,-0.160674,0.408646,-0.901125,0.144756,-0.205778,0.063547,0.976547,0.015842,0.012008,-0.007293,0.036667,-0.026571,0.048464,-0.523116,-0.161208,-0.033934,0.267117,-0.397633,-0.270965,0.876617,0.687064,-0.721092,0.088892,0.608507,0.637974,0.471774,-0.015842,0.000454,0.002752,-0.001726,0.015238,-0.029075,-1.404699,0.045972,0.037062,-0.02289,0.464249,0.243597,0.851547,-0.634557,0.762218,0.127907,-0.617906,-0.599736,0.508436,-0.007926,0.000555,0.001875,-0.006391,0.012155,-0.026185,-0.997177,0.083546,0.023238,-0.047929,0.867223,0.470258,-0.163645,-0.451113,0.881171,0.141534,0.210757,-0.048919,0.976313,0.007926,0.006019,-0.003634,0.039187,-0.028211,0.049253,-0.633096
465,0.162982,-0.052715,0.312582,-0.889718,-0.428721,-0.156992,0.407366,-0.900723,0.150742,-0.204923,0.070692,0.976236,0.015774,0.011473,-0.007974,0.036521,-0.026454,0.048434,-0.525758,-0.162099,-0.033896,0.267291,-0.394216,-0.264065,0.880258,0.667101,-0.740973,0.076604,0.632487,0.617748,0.46713,-0.031669,0.001168,0.005832,0.237881,-0.259035,-0.162853,-1.404657,0.045532,0.037082,-0.022802,0.460282,0.235711,0.855908,-0.614207,0.780674,0.11531,-0.641006,-0.578781,0.504105,-0.007926,0.000871,0.002334,0.637597,-0.439445,-0.119681,-0.995217,0.083849,0.02341,-0.048032,0.868017,0.470078,-0.159909,-0.449828,0.880834,0.147596,0.210236,-0.056184,0.976034,0.007964,0.000563,0.000604,0.007592,-0.019017,0.031363,-0.635056
466,0.163798,-0.052344,0.312304,-0.890395,-0.427416,-0.156713,0.405867,-0.901242,0.151678,-0.204956,0.071974,0.976135,0.031622,5.5e-05,-0.000323,0.001969,-0.029429,0.059106,-0.527588,-0.163215,-0.033864,0.267502,-0.38954,-0.258051,0.884116,0.646894,-0.7599,0.063354,0.655951,0.59693,0.461808,-0.031651,0.000589,0.004897,0.920132,1.702968,-2.056072,-1.404377,0.044986,0.037101,-0.022693,0.458366,0.230865,0.858255,-0.593326,0.798461,0.102095,-0.661713,-0.556021,0.502966,-0.015833,0.00021,0.002336,-0.000894,0.006739,-0.069329,-0.991298,0.084251,0.023599,-0.048174,0.868754,0.4688,-0.15966,-0.448363,0.881438,0.148446,0.210323,-0.057377,0.975946,0.007872,0.005637,-0.004132,0.037766,-0.027239,0.048828,-0.637342
467,0.164223,-0.052178,0.312158,-0.890801,-0.426894,-0.155822,0.405047,-0.901323,0.153378,-0.204812,0.074039,0.976011,0.015678,0.01075,-0.008901,0.036672,-0.026505,0.048495,-0.528873,-0.163784,-0.033857,0.267604,-0.389382,-0.259875,0.883651,0.638858,-0.767241,0.056004,0.663879,0.586658,0.463638,-0.031642,0.000963,0.005416,0.084584,-0.217583,-0.195086,-1.404324,0.04469,0.037105,-0.022641,0.455622,0.232792,0.859194,-0.58559,0.805331,0.092335,-0.670441,-0.545206,0.503247,-0.01583,0.000158,0.002244,0.10184,-0.187411,-0.439477,-0.994401,0.084469,0.023679,-0.048244,0.869191,0.468296,-0.158759,-0.447531,0.881566,0.150187,0.210289,-0.059491,0.975826,0.007846,0.005409,-0.004422,0.039784,-0.028488,0.049341,-0.638159
468,0.165237,-0.051905,0.31187,-0.891668,-0.425687,-0.154156,0.403219,-0.901541,0.156879,-0.204647,0.078249,0.975717,0.015614,0.010229,-0.009571,0.036676,-0.026458,0.048517,-0.534454,-0.164921,-0.033864,0.267793,-0.38863,-0.263892,0.88279,0.622768,-0.781303,0.040736,0.679436,0.565935,0.466848,-0.015813,0.000598,0.002845,0.029193,-0.066802,-0.085382,-1.404282,0.044115,0.037104,-0.022542,0.455354,0.237898,0.857937,-0.569674,0.818402,0.075421,-0.684195,-0.523089,0.508187,-0.015342,-0.005745,0.005795,-0.048893,0.117887,-0.262747,-1.000443,0.084976,0.023816,-0.048387,0.870118,0.467134,-0.157095,-0.445708,0.881889,0.153675,0.210327,-0.063697,0.975553,0.015691,0.004886,-0.005199,0.039995,-0.042651,0.078687,-0.640118
469,0.166275,-0.051666,0.311636,-0.892453,-0.424703,-0.152314,0.401594,-0.901613,0.160589,-0.204419,0.082672,0.9754,0.031545,-0.00041,-0.001011,0.001969,-0.029429,0.059106,-0.546912,-0.166131,-0.03395,0.268113,-0.392007,-0.27458,0.878025,0.611542,-0.790746,0.025876,0.687653,0.547437,0.476768,-0.031601,0.001972,0.006765,4.935643,0.004721,2.219002,-1.404519,0.043516,0.037057,-0.022388,0.457621,0.250113,0.853244,-0.563575,0.823825,0.060774,-0.687724,-0.508679,0.517957,-0.015332,-0.004332,0.007855,0.082082,-0.314372,-0.287119,-1.005504,0.085489,0.023938,-0.048508,0.87095,0.466199,-0.155249,-0.444094,0.882054,0.157354,0.210297,-0.068103,0.975262,0.015701,0.005141,-0.004906,0.039643,-0.042358,0.078603,-0.645833
470,0.167361,-0.051491,0.311455,-0.893276,-0.422952,-0.152366,0.399526,-0.902281,0.161985,-0.204875,0.084342,0.975161,0.031524,-0.000537,-0.001216,0.001969,-0.029429,0.059106,-0.557082,-0.167246,-0.034067,0.26867,-0.395762,-0.289604,0.871489,0.604908,-0.796188,0.010253,0.691368,0.531593,0.489165,-0.030607,-0.006627,0.018599,0.081171,-0.31351,-0.285584,-1.405132,0.042959,0.036999,-0.022118,0.463245,0.262539,0.846449,-0.552736,0.832173,0.04439,-0.692738,-0.488426,0.530615,-0.015315,-0.003209,0.009474,0.095966,-0.284535,-0.50595,-1.004035,0.086032,0.024026,-0.048598,0.871856,0.464487,-0.155298,-0.442057,0.882829,0.158738,0.210834,-0.069746,0.97503,0.015679,0.005046,-0.005047,0.039084,-0.041949,0.078478,-0.653998
471,0.167892,-0.051438,0.311378,-0.89371,-0.422328,-0.151548,0.398541,-0.902351,0.16401,-0.204901,0.086698,0.974949,0.015578,0.010321,-0.009515,0.031188,-0.022746,0.047138,-0.561121,-0.167747,-0.034187,0.269054,-0.398148,-0.298281,0.867466,0.601821,-0.798588,0.001758,0.692695,0.523135,0.496354,-0.030582,-0.005528,0.020174,0.103598,-0.380535,-0.331149,-1.404434,0.042708,0.036939,-0.021926,0.465847,0.270834,0.842398,-0.55001,0.834385,0.035898,-0.693163,-0.480051,0.537657,-0.014842,-0.00825,0.01431,0.09947,-0.383302,-0.596992,-1.004362,0.086304,0.024049,-0.048634,0.872325,0.463888,-0.154452,-0.441061,0.882948,0.160832,0.210981,-0.072175,0.974821,0.015759,-0.000335,-0.000719,-0.011427,-0.020587,0.055549,-0.65759
472,0.168968,-0.051359,0.311305,-0.89531,-0.419199,-0.150791,0.39587,-0.903887,0.162008,-0.203096,0.085868,0.9754,0.031592,0.000552,6.5e-05,0.004169,-0.025122,0.06131,-0.572861,-0.168697,-0.034578,0.270034,-0.409541,-0.313781,0.856627,0.596681,-0.802393,-0.008517,0.690509,0.50804,0.514739,-0.013819,-0.014655,0.029351,0.132748,-0.55898,-0.618265,-1.404692,0.042227,0.036747,-0.021439,0.477248,0.284175,0.831551,-0.54511,0.837945,0.026491,-0.689267,-0.46593,0.554815,-0.014838,-0.008018,0.014595,-0.063323,-0.152006,-0.12646,-1.002402,0.086824,0.024089,-0.048676,0.874096,0.46086,-0.1535,-0.43854,0.8846,0.158633,0.208894,-0.071344,0.975332,0.007889,-2.2e-05,-0.000199,-0.008285,-0.027871,0.033432,-0.665265
473,0.16995,-0.051354,0.31129,-0.894402,-0.421421,-0.14998,0.39855,-0.903021,0.160256,-0.201855,0.084077,0.975814,0.031558,0.000163,-0.000462,0.251455,-0.293499,-1.557919,-0.585003,-0.169403,-0.035161,0.271199,-0.41841,-0.329337,0.84644,0.598145,-0.801189,-0.015921,0.683899,0.500048,0.531128,-0.013794,-0.013431,0.031056,0.471663,-0.231716,-0.387086,-1.404343,0.041869,0.036451,-0.020845,0.486776,0.300976,0.820037,-0.547486,0.836622,0.017926,-0.680666,-0.457685,0.572028,-0.006918,-0.006658,0.015627,0.491126,-0.250161,-0.408107,-1.010077,0.087327,0.024093,-0.048682,0.873937,0.461398,-0.152787,-0.439506,0.884428,0.156907,0.207526,-0.069976,0.975723,0.008017,0.000175,0.000231,0.819249,-0.899977,-5.36191,-0.673266
474,0.170447,-0.051356,0.311276,-0.895659,-0.41929,-0.148446,0.39685,-0.904042,0.158711,-0.199631,0.083756,0.976299,0.031587,0.000623,8.8e-05,0.209642,0.365484,0.293592,-0.590638,-0.169717,-0.035484,0.271831,-0.418937,-0.340599,0.84171,0.601863,-0.798218,-0.023303,0.680303,0.497261,0.538314,-0.013793,-0.013419,0.031026,0.113407,-0.49581,-0.594861,-1.404447,0.041717,0.036295,-0.020539,0.487428,0.310696,0.816015,-0.551456,0.834119,0.011811,-0.676984,-0.455754,0.577909,-0.006481,-0.012623,0.019106,0.071547,-0.402797,-0.841035,-1.010566,0.087575,0.024091,-0.048691,0.873554,0.461996,-0.153173,-0.440148,0.884163,0.1566,0.207779,-0.06938,0.975712,0.015755,-0.000264,-0.000689,0.244116,0.449072,0.304627,-0.678002
475,0.171451,-0.051366,0.311207,-0.893748,-0.42352,-0.147953,0.400728,-0.901956,0.16082,-0.200443,0.084965,0.976028,0.015719,-0.000793,-0.001349,0.001028,-0.014627,0.029598,-0.593814,-0.170272,-0.036147,0.273077,-0.427159,-0.351843,0.832907,0.600081,-0.799344,-0.029774,0.676764,0.487537,0.551509,0.002004,-0.013197,0.02949,0.007055,-0.190552,-0.347038,-1.404327,0.041434,0.035966,-0.019912,0.496287,0.322985,0.80584,-0.550186,0.835031,0.004154,-0.671561,-0.445424,0.592117,-0.006935,-0.007302,0.014623,0.021502,-0.202136,-0.439551,-1.021834,0.088083,0.024089,-0.048722,0.872347,0.465022,-0.150877,-0.443177,0.882482,0.157542,0.206407,-0.070566,0.975918,0.015732,-0.000608,-0.001139,0.000128,-0.033098,0.058835,-0.683553
476,0.172489,-0.051313,0.311098,-0.894425,-0.422183,-0.147686,0.399014,-0.90238,0.162695,-0.20084,0.087108,0.975757,0.031512,-0.000388,-0.001257,0.001969,-0.029429,0.059107,-0.594377,-0.170682,-0.036713,0.274206,-0.437188,-0.35654,0.825674,0.596508,-0.801992,-0.030328,0.673518,0.479713,0.562238,-0.013835,-0.015039,0.028516,-0.057651,-0.03024,-0.075289,-1.404361,0.041235,0.035685,-0.019345,0.506157,0.327623,0.797789,-0.546685,0.837332,0.002982,-0.667038,-0.43765,0.602928,0.000967,-0.007104,0.013995,-0.090913,0.117554,-0.157469,-1.030651,0.088596,0.024114,-0.048778,0.873066,0.463755,-0.150618,-0.441512,0.882974,0.159442,0.206934,-0.072704,0.975649,0.015757,-0.00019,-0.00064,0.003028,-0.030188,0.05895,-0.68584
477,0.173525,-0.051232,0.310923,-0.891083,-0.429977,-0.145379,0.407011,-0.898738,0.163042,-0.199651,0.086642,0.976043,0.015446,0.00936,-0.010832,0.895514,-0.815366,-5.288181,-0.594992,-0.170954,-0.037128,0.275134,-0.441519,-0.363896,0.820142,0.594326,-0.803361,-0.036358,0.672627,0.471839,0.569916,0.001062,-0.004273,0.018031,0.094867,-0.438993,-0.281096,-1.404425,0.041093,0.035474,-0.018876,0.509788,0.332495,0.79345,-0.544536,0.838736,-0.00161,-0.66603,-0.431241,0.608633,-0.006955,-0.008168,0.013303,0.059531,-0.441366,-0.351459,-1.043388,0.08912,0.024153,-0.04886,0.871995,0.466503,-0.148317,-0.444373,0.881459,0.159879,0.205319,-0.073505,0.97593,0.015715,-0.000892,-0.001536,0.079358,0.11087,0.130104,-0.686983
478,0.174076,-0.05119,0.310794,-0.89141,-0.42906,-0.146083,0.406116,-0.899224,0.162594,-0.200013,0.086139,0.976013,0.031131,0.008022,-0.01293,0.037659,-0.025521,0.053716,-0.596264,-0.171073,-0.037248,0.275521,-0.446346,-0.360351,0.819093,0.590017,-0.806666,-0.033227,0.673241,0.468904,0.571611,0.00106,-0.004347,0.017905,-0.029452,-0.010962,0.004447,-1.404167,0.041034,0.035412,-0.018677,0.514909,0.330493,0.790975,-0.540148,0.841569,-8e-06,-0.665664,-0.42724,0.611846,0.000514,-0.00222,0.008893,-0.039952,0.022125,0.01981,-1.044858,0.08939,0.024176,-0.048921,0.869751,0.470481,-0.14893,-0.448466,0.879485,0.15932,0.205939,-0.071778,0.975928,0.015714,-0.000928,-0.001592,0.001569,-0.133637,0.236302,-0.687799
479,0.175143,-0.051087,0.310478,-0.889507,-0.433101,-0.145759,0.409912,-0.897228,0.164091,-0.200738,0.086744,0.975811,0.031375,-0.002886,-0.004482,0.243632,-0.301484,-1.558746,-0.599432,-0.171296,-0.037384,0.276223,-0.454757,-0.362812,0.81336,0.591518,-0.805745,-0.028552,0.666264,0.468592,0.57998,-0.014718,-0.004317,0.01963,-0.031097,-0.008394,-0.035317,-1.404169,0.040928,0.035343,-0.018336,0.523184,0.332466,0.784693,-0.541384,0.840761,0.00474,-0.658164,-0.427301,0.619865,0.000529,-0.001699,0.009618,-0.039134,0.014671,0.006888,-1.051389,0.089923,0.02423,-0.049084,0.868473,0.4729,-0.148722,-0.4506,0.878111,0.16087,0.20667,-0.072698,0.975706,0.015645,0.003495,-0.006962,0.839576,-0.923886,-5.339828,-0.689758
480,0.17624,-0.050873,0.310015,-0.890273,-0.432113,-0.144003,0.40835,-0.897291,0.167603,-0.200526,0.09094,0.975472,0.031099,0.007644,-0.013505,0.031834,0.052938,-0.097105,-0.610625,-0.17144,-0.037366,0.276954,-0.462588,-0.362411,0.809112,0.591274,-0.806106,-0.022877,0.661075,0.468282,0.586136,0.001108,-0.002584,0.020332,-0.001066,-0.11556,-0.066697,-1.404253,0.04085,0.035352,-0.01797,0.530556,0.33124,0.780249,-0.540708,0.841143,0.010581,-0.652796,-0.427501,0.625378,-0.007345,-0.00139,0.010885,0.021547,-0.236392,0.050619,-1.052532,0.090472,0.024332,-0.049314,0.868476,0.473427,-0.147024,-0.450507,0.877497,0.16444,0.206863,-0.076577,0.975368,0.015543,0.003564,-0.007091,0.042538,-0.030469,0.054279,-0.693677
481,0.176799,-0.050725,0.309734,-0.888128,-0.436759,-0.143232,0.412777,-0.894966,0.169181,-0.200971,0.091669,0.975312,0.031093,0.007616,-0.013568,0.037696,-0.040518,0.078391,-0.623344,-0.171504,-0.037378,0.277341,-0.466586,-0.3608,0.807535,0.590842,-0.806527,-0.018824,0.658649,0.468799,0.588449,0.001116,-0.002299,0.020707,-0.034154,-0.00605,0.005299,-1.403725,0.040818,0.035346,-0.017777,0.534365,0.329559,0.778359,-0.54009,0.841481,0.014502,-0.650196,-0.428134,0.62765,0.000552,-0.000958,0.010631,-0.024239,-0.113001,0.203545,-1.054002,0.090739,0.024403,-0.04945,0.866044,0.478125,-0.146156,-0.454973,0.874879,0.166087,0.20728,-0.077342,0.975219,0.007677,0.003895,-0.006452,0.041842,-0.028991,0.05022,-0.699229
482,0.177902,-0.05038,0.3091,-0.888883,-0.436344,-0.139772,0.411554,-0.894468,0.17471,-0.200147,0.098309,0.974835,0.031024,0.006271,-0.015304,0.036855,-0.026877,0.053016,-0.64763,-0.171568,-0.037439,0.278183,-0.475396,-0.357143,0.804015,0.589599,-0.807594,-0.009974,0.65345,0.469757,0.593461,0.001151,-0.000975,0.022516,-0.033131,-0.020126,0.03108,-1.403704,0.040785,0.035314,-0.017368,0.542574,0.325317,0.774455,-0.538316,0.842421,0.023271,-0.644847,-0.429528,0.632199,0.000562,-0.000484,0.011267,-0.01946,-0.125121,0.198473,-1.052042,0.091303,0.02458,-0.049769,0.866845,0.477704,-0.142748,-0.45367,0.874499,0.171562,0.206789,-0.083957,0.974775,0.01553,0.003328,-0.007427,0.040983,-0.042462,0.079278,-0.715068
483,0.179048,-0.049906,0.308341,-0.887002,-0.440733,-0.137942,0.415618,-0.892073,0.177314,-0.200097,0.100489,0.974623,0.030708,0.016949,-0.024152,0.070913,-0.036772,0.071956,-0.68102,-0.171564,-0.037574,0.279141,-0.485836,-0.355332,0.798558,0.588189,-0.808681,-0.001843,0.647017,0.469257,0.600858,0.001162,-0.000463,0.023157,-0.021644,-0.111791,0.173325,-1.403596,0.040788,0.035246,-0.016879,0.552613,0.322972,0.768314,-0.536368,0.843405,0.031248,-0.637908,-0.429367,0.639308,0.000577,0.00018,0.012159,-0.021818,-0.109356,0.199929,-1.045347,0.091876,0.024813,-0.050146,0.864748,0.482033,-0.140904,-0.457629,0.871902,0.174243,0.206846,-0.086195,0.974568,0.00765,0.003314,-0.007213,0.031355,0.068265,-0.125889,-0.736296
484,0.179626,-0.049658,0.307949,-0.887408,-0.440166,-0.137138,0.414876,-0.892171,0.178554,-0.199838,0.102096,0.974509,0.030721,0.017534,-0.023451,0.07176,-0.050394,0.097337,-0.699239,-0.17152,-0.03769,0.279709,-0.495331,-0.35935,0.790889,0.587986,-0.80883,0.000897,0.639969,0.46593,0.61091,0.002049,-0.010916,0.032225,0.089068,-0.556163,-0.141526,-1.403923,0.04081,0.035192,-0.016599,0.561471,0.324732,0.761116,-0.535618,0.843728,0.035143,-0.630764,-0.427399,0.647661,0.000587,0.000679,0.012831,0.133758,-0.607081,-0.131661,-1.043388,0.092165,0.024935,-0.050344,0.865177,0.481502,-0.140082,-0.456904,0.872032,0.17549,0.206656,-0.087826,0.974463,0.015515,0.003054,-0.007819,0.037993,-0.027335,0.053498,-0.749849
485,0.180771,-0.049213,0.307166,-0.885678,-0.444586,-0.134025,0.418608,-0.889397,0.18361,-0.199728,0.107062,0.973999,0.030677,0.016881,-0.024336,0.072594,-0.037622,0.072468,-0.740561,-0.171358,-0.038058,0.281017,-0.515168,-0.371552,0.772362,0.587235,-0.809372,0.00248,0.624828,0.455306,0.634152,0.002089,-0.009168,0.034554,0.217925,-0.999488,-0.15743,-1.404073,0.04089,0.035006,-0.015947,0.580776,0.335504,0.741711,-0.534623,0.844292,0.036716,-0.613903,-0.41786,0.669712,0.001024,-0.004552,0.017321,0.044385,-0.426811,-0.035026,-1.039142,0.092737,0.025158,-0.050734,0.863244,0.485833,-0.137018,-0.460482,0.869116,0.180531,0.206793,-0.092749,0.973978,0.015521,0.003271,-0.00758,0.041589,-0.042716,0.07966,-0.776792
486,0.181848,-0.048854,0.306459,-0.883751,-0.448944,-0.13221,0.42258,-0.886905,0.186537,-0.1999,0.109535,0.973688,0.031009,0.006307,-0.015483,0.767013,-1.057173,-5.328072,-0.809431,-0.171131,-0.038468,0.282433,-0.532744,-0.382999,0.754644,0.583832,-0.811834,0.000287,0.61318,0.441223,0.65513,0.002095,-0.008611,0.035198,0.083247,-0.576276,0.11838,-1.404249,0.041004,0.034802,-0.015237,0.598454,0.347996,0.72163,-0.531663,0.84632,0.032787,-0.599321,-0.403286,0.691501,0.008894,-0.003935,0.017276,0.116487,-0.754675,0.276394,-1.029672,0.093287,0.025343,-0.051097,0.862008,0.48852,-0.135234,-0.462746,0.867306,0.183428,0.206898,-0.095537,0.973686,0.015611,0.003065,-0.007675,0.769437,-1.04976,-5.326346,-0.819901
487,0.182767,-0.048659,0.306018,-0.884392,-0.447767,-0.131907,0.421191,-0.887318,0.187717,-0.199994,0.111008,0.973502,0.01568,-0.002259,-0.003467,0.000984,-0.014715,0.029553,-0.874635,-0.171038,-0.038986,0.283924,-0.551911,-0.388184,0.738037,0.579195,-0.815136,0.004546,0.600505,0.430469,0.673761,0.002088,-0.008616,0.035062,0.073245,-0.541842,0.148163,-1.404313,0.041051,0.034545,-0.014491,0.616787,0.351686,0.704194,-0.526646,0.849273,0.037136,-0.584993,-0.393766,0.709035,0.001019,-0.004306,0.017535,0.109458,-0.643171,0.09796,-1.023956,0.093741,0.025439,-0.051321,0.861823,0.488927,-0.134942,-0.462939,0.866957,0.184584,0.207238,-0.096609,0.973508,0.007671,0.004151,-0.006214,0.038526,-0.013349,0.024549,-0.870031
488,0.183167,-0.048635,0.305932,-0.884632,-0.447146,-0.13241,0.420567,-0.887672,0.18744,-0.200246,0.110678,0.973488,0.015722,-0.000945,-0.001821,0.000984,-0.014715,0.029553,-0.912146,-0.170994,-0.039202,0.284646,-0.561917,-0.388001,0.730545,0.576331,-0.817122,0.009474,0.59395,0.426851,0.681825,0.002088,-0.008496,0.035162,0.023777,-0.39558,0.237946,-1.404553,0.041073,0.034436,-0.01413,0.626412,0.351367,0.695807,-0.523507,0.851006,0.041557,-0.577535,-0.390293,0.717024,0.00102,-0.004242,0.017593,0.025028,-0.400495,0.228086,-1.02216,0.093941,0.02545,-0.051365,0.862093,0.48831,-0.135456,-0.46233,0.867346,0.184283,0.207475,-0.096244,0.973494,0.007867,-0.000481,-0.000934,0.001316,-0.014894,0.029833,-0.894362
489,0.183843,-0.048704,0.305984,-0.887071,-0.443283,-0.129033,0.417587,-0.889602,0.184935,-0.195661,0.110714,0.974416,0.015766,0.000555,5.6e-05,0.009872,0.004151,0.039538,-1.017338,-0.170944,-0.039454,0.28595,-0.576293,-0.397257,0.714188,0.580796,-0.813849,0.016126,0.575536,0.424594,0.698814,0.002071,-0.008952,0.034414,0.05789,-0.465524,0.191504,-1.404654,0.041098,0.034308,-0.013463,0.640501,0.359434,0.678649,-0.527607,0.848086,0.048776,-0.558021,-0.389301,0.73284,0.001011,-0.004512,0.01716,0.060164,-0.46251,0.189911,-1.008444,0.094279,0.025416,-0.051339,0.864786,0.484538,-0.131784,-0.459468,0.869432,0.18159,0.202565,-0.096486,0.974503,0.008069,-0.004976,0.004514,-0.042624,-0.011065,0.024686,-0.960984
