frame,MLTx,MLTy,MLTz,MLTR1,MLTR2,MLTR3,MLTR4,MLTR5,MLTR6,MLTR7,MLTR8,MLTR9,MLTTVx,MLTTVy,MLTTVz,MLTRVx,MLTRVy,MLTRVz,MLGA,MRTx,MRTy,MRTz,MRTR1,MRTR2,MRTR3,MRTR4,MRTR5,MRTR6,MRTR7,MRTR8,MRTR9,MRTTVx,MRTTVy,MRTTVz,MRTRVx,MRTRVy,MRTRVz,MRGA,SLTx,SLTy,SLTz,SLTR1,SLTR2,SLTR3,SLTR4,SLTR5,SLTR6,SLTR7,SLTR8,SLTR9,SLTTVx,SLTTVy,SLTTVz,SLTRVx,SLTRVy,SLTRVz,SLGA,SRTx,SRTy,SRTz,SRTR1,SRTR2,SRTR3,SRTR4,SRTR5,SRTR6,SRTR7,SRTR8,SRTR9,SRTTVx,SRTTVy,SRTTVz,SRTRVx,SRTRVy,SRTRVz,SRGA
3444,0.275845,-0.011295,0.283058,-0.268635,-0.958857,-0.092054,0.152207,-0.136671,0.978839,-0.950816,0.250133,0.182781,0.050322,-0.000592,-0.054947,-0.529716,0.825354,0.290254,-1.912113,-0.144083,0.001722,0.257359,-0.614866,0.656716,0.436641,-0.241646,-0.683806,0.68844,0.751446,0.316956,0.578558,-0.000359,0.004776,0.006663,-0.0,0.0,0.0,0.448009,0.049827,0.058336,-0.032559,0.541023,-0.647236,0.537008,0.216603,0.724225,0.65466,-0.812635,-0.237869,0.532016,0.007938,-0.002655,0.006853,-0.048408,0.099851,-0.122184,0.421165,0.139385,0.048272,-0.065805,0.21516,0.96245,-0.165511,-0.157092,0.201383,0.966833,0.96386,-0.182024,0.194523,0.025091,1.2e-05,-0.027319,-0.87076,4.538673,0.438049,-0.953963
3445,0.276492,-0.01155,0.282139,-0.274276,-0.957226,-0.092389,0.138613,-0.134472,0.98116,-0.951278,0.257494,0.169689,0.021479,-0.015273,-0.046184,-0.611039,-0.279398,0.015614,-1.912087,-0.143875,0.0017,0.257489,-0.614423,0.656274,0.437928,-0.240678,-0.684388,0.688202,0.752119,0.316618,0.577869,0.014827,0.003002,0.001817,-0.013102,0.107775,-0.126308,0.448113,0.049931,0.058329,-0.032488,0.540515,-0.64666,0.538213,0.215668,0.724835,0.654294,-0.813222,-0.237581,0.531248,0.00743,0.001204,0.00049,-0.013815,0.106934,-0.127011,0.421002,0.139726,0.04815,-0.066278,0.221974,0.960846,-0.165835,-0.142714,0.200263,0.969291,0.964551,-0.19149,0.181579,0.010655,-0.007188,-0.022513,-0.641665,-0.288233,0.010822,-0.953473
3446,0.276562,-0.011542,0.281186,-0.297965,-0.949669,-0.096904,0.119,-0.137727,0.983281,-0.946771,0.282635,0.154177,-0.031288,0.003774,-0.011941,-0.149699,0.549925,0.083069,-1.911878,-0.143269,0.001537,0.257503,-0.615019,0.654308,0.440029,-0.240051,-0.686808,0.686007,0.751833,0.315451,0.578879,0.015181,-0.001502,-0.004484,-0.009748,0.122034,-0.152209,0.448822,0.050234,0.058246,-0.032483,0.541158,-0.644447,0.540218,0.215431,0.727219,0.651721,-0.812857,-0.236304,0.532374,0.007607,-0.000979,-0.002568,-0.031699,0.13143,-0.14294,0.421328,0.139781,0.048128,-0.066785,0.243589,0.954898,-0.169802,-0.123068,0.204092,0.971185,0.962038,-0.215672,0.167232,-0.009277,0.01009,-0.007944,-0.349307,1.485834,1.122822,-0.952493
3447,0.275577,-0.01162,0.281422,-0.383856,-0.915156,-0.123248,0.099807,-0.17386,0.979685,-0.917517,0.364896,0.158238,-0.01253,-0.022185,0.019034,0.34283,0.47042,0.175206,-1.910636,-0.142732,0.001354,0.257305,-0.617399,0.651485,0.440882,-0.241306,-0.690163,0.682188,0.749478,0.313972,0.582724,0.015415,-0.004258,-0.008364,0.046768,-0.026531,-0.02095,0.448291,0.050502,0.058153,-0.032585,0.543687,-0.641591,0.541077,0.217248,0.730297,0.647664,-0.810683,-0.234579,0.536437,0.007726,-0.002331,-0.004474,0.011244,-0.010733,-0.005398,0.421492,0.139274,0.048124,-0.066645,0.33101,0.923364,-0.194499,-0.106603,0.241391,0.964554,0.937585,-0.298543,0.178336,-0.006457,-0.010348,0.010574,0.477019,0.780399,0.108653,-0.954452
3448,0.275613,-0.012211,0.281724,-0.402262,-0.906587,-0.127794,0.107183,-0.185309,0.976804,-0.90874,0.380362,0.17188,0.006307,-0.038315,0.017411,0.667711,0.649419,0.511842,-1.910028,-0.142497,0.001244,0.257096,-0.618666,0.65016,0.441062,-0.242167,-0.69175,0.680273,0.748154,0.31323,0.58482,0.015545,-0.005743,-0.010467,0.054931,-0.031603,-0.025771,0.448092,0.050614,0.058098,-0.032687,0.544992,-0.640318,0.541271,0.218323,0.731677,0.645742,-0.809517,-0.233752,0.538554,0.007796,-0.003112,-0.005578,0.03408,-0.024082,-0.018172,0.421165,0.13928,0.047854,-0.066467,0.34894,0.916018,-0.197863,-0.114068,0.251079,0.961221,0.930176,-0.312839,0.1921,0.003134,-0.019076,0.008849,0.785297,0.89265,0.447668,-0.967026
3449,0.275517,-0.013989,0.282339,-0.430337,-0.889565,-0.153394,0.120643,-0.225137,0.966815,-0.894046,0.398657,0.204403,-0.023548,-0.045274,0.013957,1.079258,1.147996,0.787232,-1.907281,-0.141878,0.000917,0.256683,-0.621214,0.647585,0.441268,-0.243775,-0.694739,0.676643,0.745517,0.311953,0.588857,0.015679,-0.006995,-0.012292,0.142982,-0.069858,-0.101536,0.448127,0.050917,0.05794,-0.032894,0.547307,-0.638181,0.54146,0.220118,0.733944,0.642553,-0.807466,-0.232489,0.542168,0.007821,-0.003219,-0.005759,0.250577,-0.146752,-0.135383,0.420186,0.139245,0.046963,-0.066163,0.376829,0.899219,-0.222272,-0.129523,0.288756,0.948601,0.917182,-0.328671,0.225281,-0.011799,-0.022581,0.007073,0.728139,0.677143,1.30406,-1.005399
3450,0.273969,-0.015605,0.283227,-0.439422,-0.868583,-0.229167,0.125073,-0.311835,0.941853,-0.888996,0.386289,0.245957,-0.072423,-0.041154,0.028159,1.014175,0.67059,3.469967,-1.906641,-0.141457,0.000544,0.256377,-0.622332,0.646115,0.441847,-0.244046,-0.696384,0.674851,0.744496,0.311335,0.590474,0.000537,-0.006445,-0.009106,0.017883,-0.107946,0.130327,0.448245,0.05114,0.057742,-0.033057,0.548741,-0.636335,0.54218,0.220706,0.735809,0.640213,-0.806331,-0.231649,0.544212,0.008454,-0.008356,-0.001204,-0.055437,0.021285,-0.003166,0.420675,0.138494,0.046136,-0.065749,0.386337,0.874306,-0.293824,-0.14012,0.370493,0.918205,0.911651,-0.313566,0.265643,-0.028796,-0.018687,0.015272,1.256083,-0.475777,2.732275,-1.02728
3451,0.269693,-0.017891,0.285246,-0.487191,-0.809314,-0.328178,0.105469,-0.427606,0.897776,-0.86631,0.403782,0.2941,-0.145002,-0.087605,0.070993,1.164807,0.982458,3.417967,-1.90647,-0.141258,0.000138,0.25615,-0.626103,0.641647,0.443029,-0.24555,-0.701398,0.669088,0.740832,0.309322,0.596113,0.000504,-0.006015,-0.008524,0.286571,-0.162319,-0.193148,0.447626,0.051239,0.057539,-0.03317,0.551987,-0.632645,0.543202,0.222561,0.739583,0.635202,-0.803601,-0.229728,0.549043,0.00844,-0.008105,-0.000861,0.428834,-0.259744,-0.270322,0.420349,0.136432,0.045041,-0.064784,0.43702,0.811839,-0.387207,-0.127921,0.482216,0.866662,0.890307,-0.329217,0.31459,-0.072568,-0.043812,0.035605,0.893335,0.921527,3.128502,-1.04067
3452,0.266852,-0.020081,0.286842,-0.50321,-0.777106,-0.378063,0.08908,-0.481838,0.871705,-0.858949,0.405938,0.312168,-0.168699,-0.141425,0.095552,0.84325,0.408858,3.35657,-1.906386,-0.141197,-0.000121,0.256116,-0.627283,0.639994,0.443752,-0.245586,-0.703161,0.667224,0.739822,0.30875,0.597662,0.001737,-0.016196,0.000779,0.136917,-0.097823,-0.12032,0.446691,0.05127,0.057405,-0.033194,0.553675,-0.630528,0.543946,0.223215,0.741678,0.632525,-0.802258,-0.228796,0.551392,0.000867,-0.008045,0.000462,0.155141,-0.107185,-0.129164,0.419532,0.134968,0.043951,-0.063947,0.457416,0.774559,-0.436839,-0.115014,0.538647,0.834644,0.881783,-0.331537,0.335471,-0.076811,-0.069421,0.048321,1.144956,0.673301,3.511373,-1.045569
3453,0.260448,-0.027184,0.290642,-0.528821,-0.715671,-0.456299,0.072183,-0.573625,0.815915,-0.845016,0.399424,0.35558,-0.176565,-0.206931,0.101246,1.256361,0.151701,3.317308,-1.905839,-0.141174,-0.000465,0.255968,-0.629918,0.637066,0.444232,-0.246599,-0.706319,0.663503,0.737243,0.307601,0.601429,0.000341,-0.004069,-0.005787,0.03855,-0.007764,-0.046696,0.446497,0.051282,0.057236,-0.033263,0.5567,-0.627435,0.544435,0.224884,0.744738,0.628324,-0.799694,-0.227353,0.555696,0.00015,-0.001758,-0.002502,0.005611,-0.00984,-0.00901,0.418716,0.131763,0.040451,-0.062014,0.48613,0.709496,-0.510188,-0.102004,0.625894,0.773209,0.867912,-0.323839,0.376637,-0.088095,-0.10447,0.04941,1.109354,0.988134,0.987165,-1.055529
3454,0.252381,-0.034746,0.294484,-0.556799,-0.671334,-0.489214,0.086588,-0.632675,0.769544,-0.825444,0.386954,0.411019,-0.231897,-0.177707,0.099056,1.616403,0.835175,2.033612,-1.905859,-0.141098,-0.00066,0.25586,-0.632505,0.634142,0.44474,-0.247753,-0.709542,0.659623,0.734638,0.306229,0.605305,0.000212,-0.002529,-0.003602,0.039457,-0.02473,-0.023345,0.441413,0.05132,0.057138,-0.033319,0.559335,-0.624621,0.544969,0.226463,0.747562,0.624391,-0.797407,-0.225829,0.559591,0.007638,-0.000611,-0.002121,0.013027,-0.010574,-0.005554,0.415777,0.127757,0.036626,-0.060137,0.516074,0.664043,-0.541029,-0.118684,0.680987,0.722613,0.848281,-0.30871,0.430251,-0.116601,-0.083398,0.045564,1.451595,-0.223928,3.710685,-1.060265
3455,0.247709,-0.037645,0.296322,-0.571566,-0.650616,-0.500057,0.099139,-0.659718,0.744926,-0.813849,0.377005,0.442204,-0.254675,-0.133853,0.088947,1.633449,1.272966,1.196486,-1.907754,-0.141018,-0.000766,0.255822,-0.633771,0.632658,0.445051,-0.248247,-0.711162,0.65769,0.733379,0.305544,0.607174,0.001593,-0.014459,0.003232,0.018149,-0.023751,-0.050171,0.434692,0.051359,0.05709,-0.033339,0.560627,-0.6232,0.545268,0.227225,0.748984,0.622407,-0.796282,-0.22504,0.561507,0.007638,-0.000594,-0.002101,0.035335,-0.02405,-0.018293,0.411041,0.125432,0.035147,-0.059233,0.5321,0.642656,-0.551237,-0.13262,0.706281,0.695398,0.83623,-0.296916,0.461041,-0.119655,-0.065806,0.045016,1.363617,0.967341,1.292867,-1.056836
3456,0.238188,-0.04192,0.299632,-0.605713,-0.597006,-0.52606,0.110106,-0.717681,0.687592,-0.787289,0.3593,0.501104,-0.229258,-0.089511,0.071056,1.483497,0.997497,1.421415,-1.90836,-0.140944,-0.00146,0.255852,-0.63747,0.62778,0.446672,-0.248492,-0.716158,0.652153,0.730084,0.303941,0.611931,0.003322,-0.030523,0.00416,-0.007495,-0.003996,-0.098459,0.391572,0.051395,0.056755,-0.033315,0.564497,-0.618331,0.546817,0.2283,0.753573,0.616445,-0.793234,-0.223144,0.566555,0.001672,-0.015408,0.00187,-0.037815,0.008771,-0.086334,0.3792,0.120745,0.033041,-0.05758,0.569214,0.589675,-0.572955,-0.147064,0.758648,0.634684,0.808929,-0.27701,0.518553,-0.11468,-0.044908,0.035537,1.481465,1.093931,1.283494,-1.071042
3457,0.230627,-0.044594,0.301942,-0.655491,-0.523256,-0.544592,0.0893,-0.769766,0.632026,-0.749107,0.366303,0.551986,-0.169808,-0.054906,0.060958,1.254977,0.943149,1.16393,-1.908987,-0.141006,-0.003001,0.256052,-0.645925,0.621768,0.442918,-0.251399,-0.720959,0.645716,0.721611,0.304951,0.621406,-0.010221,-0.046358,0.007904,0.045656,-0.710425,0.536329,0.310091,0.051369,0.055989,-0.033219,0.573195,-0.612631,0.544179,0.231678,0.758171,0.60951,-0.785985,-0.223294,0.576512,0.002394,-0.022084,0.004268,0.001786,-1.949828,1.831828,0.296248,0.116856,0.031654,-0.056397,0.624155,0.516182,-0.586502,-0.129532,0.808652,0.573848,0.770487,-0.282199,0.571587,-0.093224,-0.023113,0.025847,1.537604,1.192565,1.249642,-1.081982
3458,0.224205,-0.045852,0.304568,-0.71908,-0.450303,-0.529336,0.068385,-0.803865,0.590843,-0.690681,0.389221,0.609503,-0.156768,-0.022688,0.076137,1.339469,1.21542,0.954189,-1.90846,-0.141249,-0.004562,0.256361,-0.661196,0.620206,0.422084,-0.263718,-0.718742,0.64327,0.703149,0.313234,0.638222,0.003179,-0.029219,0.005999,0.44801,-0.474642,-0.123489,0.22152,0.051243,0.055194,-0.033075,0.589405,-0.614842,0.523994,0.243477,0.75368,0.610479,-0.770273,-0.232239,0.593922,-0.005953,-0.015809,0.002539,-0.081476,-0.248503,0.245788,0.178189,0.113642,0.030996,-0.05511,0.691356,0.448466,-0.566484,-0.110288,0.840361,0.530686,0.714047,-0.304417,0.630449,-0.070634,-0.010173,0.038924,1.15776,1.048609,0.868434,-1.08884
3459,0.221615,-0.046056,0.306018,-0.750088,-0.423898,-0.507665,0.061237,-0.808846,0.584799,-0.657587,0.408087,0.633302,-0.126228,-0.005347,0.071818,0.553895,1.365806,0.069987,-1.908525,-0.141511,-0.005014,0.256446,-0.675092,0.616273,0.405526,-0.263922,-0.714941,0.64741,0.689745,0.329255,0.644753,-0.030039,-0.006455,-0.004261,-0.007899,-0.917673,0.726996,0.206179,0.051125,0.054958,-0.033031,0.60578,-0.611282,0.509277,0.243625,0.751859,0.612662,-0.757414,-0.247066,0.604385,-0.006764,-0.008522,0.000999,-0.307425,-2.322823,1.728538,0.130998,0.112335,0.030895,-0.054374,0.724898,0.423727,-0.543117,-0.103754,0.8466,0.522018,0.680997,-0.322059,0.657662,-0.055394,-0.001412,0.036883,0.14031,3.048087,-1.240703,-1.094229
3460,0.218505,-0.04588,0.308199,-0.798027,-0.397767,-0.452747,0.061108,-0.800826,0.595747,-0.598549,0.448247,0.663958,-0.048279,0.012866,0.042163,-0.139269,0.801666,-0.809921,-1.90826,-0.14235,-0.005126,0.256444,-0.709904,0.592359,0.380968,-0.249113,-0.717017,0.650971,0.659652,0.366474,0.656063,-0.030472,-0.001056,0.003476,-0.020908,-0.722704,0.678695,0.232708,0.050706,0.054896,-0.03304,0.643692,-0.590989,0.4862,0.228319,0.754691,0.615069,-0.730431,-0.284907,0.620723,-0.015238,-0.000701,0.001495,-0.130287,-2.227542,2.128024,0.114995,0.110748,0.031003,-0.053237,0.775156,0.403011,-0.486532,-0.102511,0.84014,0.532592,0.623396,-0.362967,0.692554,-0.016342,0.00723,0.02147,-0.78563,2.004451,-2.319263,-1.098638
3461,0.218465,-0.045238,0.309173,-0.825558,-0.377053,-0.419917,0.044551,-0.785329,0.61745,-0.56156,0.491499,0.665662,0.030078,0.016681,0.017764,-0.393034,-0.114411,-0.584573,-1.907518,-0.143877,-0.005113,0.256568,-0.740784,0.560766,0.369825,-0.221265,-0.723388,0.653976,0.635177,0.401916,0.659452,-0.045642,-0.002043,0.004422,-0.196975,-0.454389,-0.238905,0.277534,0.049948,0.054909,-0.03297,0.676847,-0.562503,0.474832,0.201246,0.76187,0.615673,-0.708079,-0.321159,0.628871,-0.022841,-0.000716,0.002666,-0.63583,-1.713179,-0.521376,0.156798,0.110697,0.031333,-0.052727,0.80394,0.386227,-0.452227,-0.084657,0.826993,0.555801,0.588654,-0.408546,0.69755,0.014692,0.013089,0.0038,-0.600382,-0.308775,-0.625454,-1.107945
3462,0.219243,-0.044954,0.309334,-0.825998,-0.374022,-0.421758,0.036435,-0.782085,0.622083,-0.561498,0.498935,0.66016,0.045465,0.020787,-0.000523,-0.174002,0.037861,-0.472818,-1.796094,-0.144874,-0.005217,0.256742,-0.7472,0.551012,0.371578,-0.211117,-0.726801,0.653547,0.631105,0.409186,0.65889,-0.05962,-0.01332,0.014567,-0.042661,0.054038,-0.111928,0.300111,0.049455,0.054859,-0.03289,0.683938,-0.55265,0.47624,0.191098,0.765717,0.614132,-0.704066,-0.32902,0.629314,-0.02289,-2.7e-05,0.003618,-0.004827,0.032611,-0.063868,0.18521,0.11108,0.031478,-0.052632,0.803515,0.384278,-0.454634,-0.07591,0.823637,0.562013,0.590423,-0.417075,0.690976,0.023182,0.004302,0.00319,-0.19457,0.043683,-0.531995,-1.101414
3463,0.221455,-0.044655,0.309301,-0.805984,-0.374017,-0.458853,0.012931,-0.786105,0.617934,-0.590824,0.492573,0.639003,0.046869,0.002552,-0.001193,-0.38042,-0.488262,-0.083601,-0.997041,-0.147414,-0.005325,0.257133,-0.747583,0.551333,0.370328,-0.20981,-0.724939,0.656031,0.631088,0.412041,0.657125,-0.076081,-0.001699,0.009303,-0.011536,0.060661,-0.121462,0.330028,0.04819,0.054804,-0.032689,0.684283,-0.553271,0.475023,0.189494,0.763952,0.616821,-0.704164,-0.332066,0.627601,-0.038044,-0.00094,0.004564,-0.005865,0.179597,-0.288633,0.23926,0.112186,0.031627,-0.052657,0.783875,0.380122,-0.490963,-0.053452,0.829082,0.556564,0.618612,-0.410034,0.670215,0.031276,0.001293,-0.001327,-0.418117,-1.048992,0.366913,-0.899587
3464,0.223253,-0.044626,0.30933,-0.786526,-0.354583,-0.505661,-0.024731,-0.800061,0.599386,-0.616115,0.484375,0.621136,0.031285,0.001416,-0.001225,-2.297094,1.313375,5.911292,-0.348535,-0.150609,-0.005414,0.25744,-0.747149,0.550725,0.372106,-0.20688,-0.724599,0.657337,0.632568,0.41345,0.654813,-0.091079,-0.004187,0.007556,-0.013592,0.075887,-0.150696,0.332426,0.046633,0.054762,-0.03253,0.683688,-0.552645,0.476606,0.186576,0.76375,0.617959,-0.70552,-0.333568,0.625277,-0.03797,-0.001508,0.003548,0.009006,0.055008,-0.129263,0.256405,0.113092,0.031631,-0.052656,0.763476,0.363125,-0.534082,-0.023063,0.841765,0.539351,0.645424,-0.399464,0.651042,0.015667,0.000419,-0.000995,-0.05297,-0.181525,0.192724,-0.740378
3465,0.223565,-0.044695,0.30933,-0.791617,-0.313528,-0.524489,-0.070535,-0.805749,0.588018,-0.605985,0.502866,0.616389,0.000218,-0.002302,-0.002832,0.308778,-1.661288,2.96538,-0.163158,-0.152319,-0.005473,0.257557,-0.749583,0.546711,0.373127,-0.20086,-0.724877,0.658895,0.631629,0.418258,0.652662,-0.09223,0.007642,0.000243,-0.353922,0.304865,0.085718,0.336509,0.045778,0.054732,-0.032472,0.687585,-0.54719,0.477293,0.181333,0.76591,0.616846,-0.703096,-0.337585,0.625852,-0.045519,-0.002319,0.003382,-0.024323,0.046921,-0.185752,0.26163,0.113259,0.031598,-0.052656,0.773194,0.316952,-0.549282,0.026293,0.849378,0.527129,0.633623,-0.422015,0.6484,0.000132,-0.00147,-0.001824,-0.914317,0.837654,1.611781,-0.676042
3466,0.222954,-0.044985,0.30928,-0.792914,-0.245791,-0.557602,-0.147705,-0.810272,0.56711,-0.590216,0.532332,0.606872,-0.030984,-0.004867,-0.003035,-0.043454,-0.310682,0.787306,0.028476,-0.155874,-0.005443,0.257803,-0.754866,0.534081,0.380692,-0.186564,-0.73117,0.656139,0.629721,0.423597,0.651061,-0.092178,0.010463,0.00366,0.01226,0.183341,-0.292454,0.359926,0.044001,0.054741,-0.032357,0.691558,-0.53574,0.484488,0.166961,0.771134,0.61439,-0.702759,-0.343996,0.622732,-0.045524,-0.000959,0.00503,-0.006354,0.072819,-0.153645,0.276163,0.112977,0.031455,-0.052689,0.777367,0.246134,-0.578893,0.103898,0.857393,0.504065,0.620407,-0.45199,0.640936,-0.015438,-0.002887,-0.002062,-0.706782,0.066534,2.317737,-0.581823
3467,0.221389,-0.045319,0.309561,-0.78121,-0.233235,-0.5791,-0.166648,-0.816063,0.553391,-0.600684,0.529107,0.599376,-0.04639,-0.009945,0.013986,-0.011966,-0.340027,0.615148,0.156087,-0.159537,-0.00534,0.258216,-0.753288,0.529735,0.389781,-0.179697,-0.735745,0.652933,0.633598,0.421133,0.648894,-0.090943,0.000184,0.012271,-0.024016,0.194854,-0.309799,0.419578,0.042135,0.054797,-0.032148,0.689416,-0.530576,0.493146,0.160609,0.775818,0.610171,-0.706335,-0.341459,0.620077,-0.045483,0.0001,0.006218,-0.023784,0.195207,-0.309469,0.334948,0.11219,0.031274,-0.052565,0.766213,0.230806,-0.599703,0.123103,0.863257,0.489522,0.630683,-0.448904,0.633026,-0.023196,-0.005007,0.006965,-0.009576,-0.341569,0.612757,-0.369056
3468,0.219393,-0.045275,0.310044,-0.769905,-0.223877,-0.597637,-0.187814,-0.815531,0.547364,-0.60898,0.533938,0.586584,-0.063296,0.006433,0.013459,-0.141036,-0.403953,0.348113,0.305886,-0.16323,-0.005503,0.258719,-0.760615,0.515785,0.394237,-0.166374,-0.741718,0.649699,0.628463,0.427926,0.649443,-0.089813,-0.013146,0.016593,-0.043749,0.190523,-0.332523,0.47544,0.040288,0.054725,-0.031893,0.697189,-0.516551,0.497093,0.148115,0.782236,0.605118,-0.701419,-0.348255,0.621875,-0.052988,-0.001342,0.00483,-0.025205,0.095781,-0.194261,0.411205,0.111199,0.031288,-0.052327,0.75542,0.219305,-0.617449,0.144342,0.863481,0.483285,0.639143,-0.454208,0.620636,-0.02392,0.004532,0.007673,-0.191263,-0.491148,0.38019,-0.066478
3469,0.21841,-0.045046,0.310328,-0.77129,-0.217162,-0.598329,-0.19994,-0.809799,0.551562,-0.603349,0.545311,0.581922,-0.047719,0.008777,0.014824,-3.464329,2.810774,3.416649,0.349668,-0.165161,-0.005685,0.258954,-0.764754,0.510469,0.393146,-0.161367,-0.742332,0.650259,0.624733,0.433201,0.649544,-0.104956,-0.015535,0.014775,-0.050629,0.117977,-0.22144,0.494081,0.039328,0.054636,-0.031772,0.701578,-0.511581,0.496056,0.142948,0.783017,0.60535,-0.698106,-0.353791,0.622477,-0.052486,-0.007695,0.007556,-0.054976,0.111517,-0.203086,0.445985,0.110701,0.031406,-0.052179,0.755348,0.217438,-0.618198,0.152033,0.859466,0.488061,0.637444,-0.462643,0.616138,-0.024314,0.010432,0.003925,-0.260024,0.122985,-0.26768,0.093873
3470,0.217083,-0.044743,0.310714,-0.778395,-0.234226,-0.582481,-0.192771,-0.793843,0.576735,-0.59652,0.561502,0.573503,-0.015316,-0.005002,0.016991,-0.522423,-0.633081,-0.128337,0.401238,-0.169403,-0.006365,0.259505,-0.782041,0.497,0.376024,-0.155403,-0.739665,0.654736,0.604509,0.452964,0.655176,-0.104182,-0.028884,0.018946,-0.204108,-1.790826,1.746186,0.512985,0.037207,0.054301,-0.031498,0.719903,-0.499336,0.482081,0.135134,0.782113,0.608307,-0.680792,-0.372776,0.630523,-0.060128,-0.008968,0.006263,-0.06656,0.150607,-0.255562,0.489421,0.110024,0.031576,-0.051972,0.764195,0.229869,-0.602633,0.150225,0.845204,0.512895,0.627247,-0.482482,0.611369,-0.008032,0.002629,0.003889,-0.082971,-0.338725,0.300593,0.277248
3471,0.216583,-0.044659,0.310809,-0.794626,-0.210295,-0.569554,-0.221378,-0.773194,0.594252,-0.564359,0.598552,0.56856,-1.8e-05,0.00024,0.000292,-3.321677,3.247394,2.911912,0.482434,-0.174268,-0.007277,0.260053,-0.802121,0.478374,0.357423,-0.145829,-0.737191,0.659711,0.580077,0.476437,0.660591,-0.135689,-0.019423,0.01091,-0.173834,-1.889415,1.863048,0.516436,0.034786,0.053842,-0.031222,0.742386,-0.483142,0.46415,0.124852,0.780422,0.612661,-0.658236,-0.396881,0.639696,-0.060277,-0.009695,0.004765,-0.06007,0.168626,-0.283111,0.504607,0.109768,0.03162,-0.051912,0.778984,0.214104,-0.589357,0.175855,0.827583,0.533085,0.601878,-0.518906,0.607023,-0.008147,0.004659,-0.004539,-0.197146,0.007238,-0.17253,0.396777
3472,0.216629,-0.044626,0.310389,-0.805431,-0.173459,-0.566779,-0.262682,-0.752772,0.603576,-0.530353,0.635235,0.561454,0.01548,0.002714,-0.019776,-0.294702,0.253389,0.25309,0.496099,-0.179545,-0.00823,0.260542,-0.808908,0.470419,0.352655,-0.141172,-0.737537,0.660336,0.57174,0.483768,0.66253,-0.135317,-0.03159,0.016321,-0.006361,-0.082096,-0.18061,0.514131,0.032147,0.053369,-0.030981,0.750822,-0.476893,0.456988,0.121745,0.779945,0.613892,-0.649187,-0.405287,0.643659,-0.068057,-0.01028,0.004151,0.035002,-0.679082,0.43296,0.508689,0.109784,0.031641,-0.052107,0.793051,0.174254,-0.583699,0.222547,0.809095,0.543909,0.567046,-0.561248,0.602874,0.00812,-0.003924,-0.005436,-0.945361,1.102899,0.754807,0.468462
3473,0.216926,-0.044827,0.31007,-0.809399,-0.154366,-0.566648,-0.280297,-0.746367,0.603607,-0.515101,0.647578,0.561553,0.016631,-0.012986,-0.01719,-0.284082,0.312965,0.258524,0.497259,-0.182404,-0.00881,0.260875,-0.809285,0.466182,0.357385,-0.136346,-0.740719,0.657784,0.572378,0.483014,0.662529,-0.135483,-0.02965,0.018394,0.267621,-0.105993,-0.528492,0.509141,0.030718,0.053074,-0.030821,0.750198,-0.473628,0.461387,0.117039,0.781889,0.612332,-0.650771,-0.40537,0.642005,-0.075358,-0.015306,0.009326,0.316543,-0.1305,-0.594622,0.506076,0.109932,0.031548,-0.052265,0.798231,0.155139,-0.582028,0.240307,0.804016,0.543883,0.552338,-0.574011,0.60451,0.008354,-0.006942,-0.009143,-0.934495,1.045803,0.920228,0.475646
3474,0.217898,-0.045374,0.309089,-0.81767,-0.10082,-0.56683,-0.328741,-0.726544,0.603353,-0.471644,0.679807,0.561642,0.032049,-0.007699,-0.034127,-0.247719,0.304134,0.283764,0.515406,-0.187818,-0.009959,0.261705,-0.814587,0.447309,0.369262,-0.115867,-0.749124,0.652167,0.569358,0.487893,0.661555,-0.135789,-0.02687,0.021063,-0.017832,0.107079,-0.344253,0.497794,0.02796,0.052488,-0.0304,0.756435,-0.452477,0.472302,0.097801,0.792228,0.602336,-0.646715,-0.409437,0.643522,-0.067908,-0.013415,0.010651,-0.055907,0.12442,-0.3317,0.493176,0.110413,0.031268,-0.052754,0.809536,0.102051,-0.578131,0.289815,0.786943,0.544726,0.510547,-0.608527,0.607483,0.008253,-0.004675,-0.017402,-0.913621,1.034656,0.915011,0.497201
3475,0.218533,-0.045409,0.307358,-0.82142,-0.071345,-0.565884,-0.356112,-0.710893,0.606455,-0.444533,0.699759,0.559246,0.015944,-0.00101,-0.046744,-0.129696,-0.313622,0.052541,0.519442,-0.193076,-0.010871,0.262555,-0.820877,0.433289,0.372038,-0.105231,-0.754893,0.647299,0.56234,0.491652,0.664767,-0.135998,-0.024377,0.023355,-0.005286,0.095998,-0.353221,0.496365,0.025382,0.052041,-0.029984,0.763245,-0.438734,0.474308,0.088159,0.797951,0.59624,-0.640065,-0.413263,0.647711,-0.060664,-0.006196,0.007771,0.016326,0.075226,-0.312681,0.485502,0.110736,0.031241,-0.053599,0.815252,0.071602,-0.574661,0.31853,0.773287,0.548238,0.483633,-0.63,0.607617,0.000232,-0.001658,-0.02412,-0.334292,-0.373019,-0.258597,0.51157
3476,0.218564,-0.045458,0.306417,-0.818545,-0.07501,-0.569564,-0.357447,-0.709693,0.607074,-0.448738,0.700597,0.554819,0.00044,-0.003854,-0.049058,-0.350907,-0.440384,-0.273487,0.517905,-0.195595,-0.01131,0.262979,-0.822871,0.427631,0.374175,-0.101657,-0.758515,0.643627,0.560078,0.49104,0.667125,-0.12097,-0.024434,0.021642,0.332944,-0.192167,-0.552232,0.490372,0.024117,0.051824,-0.029768,0.764237,-0.434645,0.476471,0.084725,0.800047,0.593923,-0.639346,-0.413529,0.648251,-0.060512,-0.012349,0.010736,-0.117298,0.162301,-0.265601,0.483052,0.110758,0.03122,-0.054092,0.812344,0.073896,-0.578477,0.319978,0.772815,0.54806,0.487555,-0.630313,0.604147,0.000297,-0.002449,-0.025188,-0.417972,-0.60422,-0.17116,0.51353
3477,0.218441,-0.045932,0.30477,-0.817858,-0.074415,-0.570628,-0.360946,-0.706001,0.609304,-0.447192,0.70438,0.551266,0.001829,-0.023181,-0.029343,-0.062867,0.030748,-0.070724,0.507689,-0.200134,-0.012628,0.264231,-0.829149,0.410469,0.379499,-0.092568,-0.770151,0.631057,0.552334,0.487589,0.676052,-0.104681,-0.043032,0.041152,0.469204,-0.485147,-0.509722,0.44891,0.021841,0.051165,-0.029158,0.770781,-0.417495,0.48124,0.077627,0.811278,0.579484,-0.632352,-0.409298,0.657727,-0.052386,-0.02168,0.020438,0.562199,-0.44014,-0.769664,0.453823,0.110696,0.030981,-0.054934,0.81101,0.075437,-0.580147,0.323569,0.768334,0.552236,0.487406,-0.635587,0.598718,-0.007287,-0.006891,-0.019145,-0.048782,0.127746,-0.012832,0.507651
3478,0.218121,-0.04733,0.304255,-0.816884,-0.055312,-0.574184,-0.370788,-0.712205,0.59603,-0.440892,0.699854,0.562001,-0.012151,-0.049566,0.005317,0.466428,0.704577,0.187337,0.482798,-0.203675,-0.014597,0.266174,-0.839953,0.37834,0.38901,-0.074562,-0.790384,0.608003,0.538547,0.481208,0.69157,-0.073701,-0.051358,0.050896,0.336253,-0.42333,-0.397637,0.375003,0.020092,0.050203,-0.028208,0.78295,-0.384321,0.489167,0.06311,0.831352,0.55215,-0.618873,-0.401435,0.675162,-0.036878,-0.025644,0.025574,0.628683,-0.651384,-0.569109,0.380832,0.110541,0.030301,-0.055218,0.810473,0.058177,-0.582878,0.332648,0.773334,0.539722,0.482159,-0.631323,0.607414,-0.006446,-0.019472,-0.001755,0.240228,0.39219,0.062407,0.486097
3479,0.218106,-0.048267,0.304509,-0.816453,-0.046186,-0.5756,-0.374185,-0.716929,0.588193,-0.438819,0.695668,0.56878,0.004006,-0.054576,0.019835,0.273732,0.465095,0.154395,0.468225,-0.20505,-0.01557,0.267114,-0.853496,0.349746,0.386283,-0.057947,-0.800244,0.596814,0.518919,0.48655,0.702749,-0.073914,-0.051628,0.050362,0.554378,-0.612704,-0.54859,0.309825,0.019372,0.049701,-0.027714,0.797896,-0.357063,0.485662,0.047799,0.840624,0.539504,-0.600896,-0.407254,0.687798,-0.037001,-0.025884,0.025144,0.615998,-0.810486,-0.46177,0.321885,0.11053,0.029813,-0.055098,0.811129,0.047148,-0.582962,0.335629,0.778767,0.529976,0.478979,-0.625538,0.615856,0.001961,-0.02665,0.010736,0.448745,0.476236,0.394254,0.467809
3480,0.218566,-0.050367,0.306081,-0.824984,0.011633,-0.565077,-0.397849,-0.722127,0.56588,-0.400452,0.69164,0.601081,0.003626,-0.050173,0.047902,-0.094093,2.088807,1.482998,0.418762,-0.207583,-0.017517,0.26892,-0.875135,0.299509,0.380033,-0.029585,-0.816891,0.575976,0.484048,0.492433,0.723236,-0.059008,-0.052513,0.048098,0.532359,-0.581297,-0.502797,0.116112,0.018078,0.04871,-0.026789,0.822935,-0.30766,0.477621,0.021874,0.857217,0.514488,-0.567713,-0.412943,0.712164,-0.029544,-0.026283,0.024056,0.620736,-0.635615,-0.530581,0.09883,0.110763,0.028734,-0.054316,0.822692,-0.007612,-0.568435,0.358329,0.783208,0.508118,0.441335,-0.621712,0.647067,0.001779,-0.024472,0.024756,-0.12191,2.103256,1.487326,0.410983
3481,0.219416,-0.052274,0.308399,-0.832127,0.089547,-0.547349,-0.430873,-0.72581,0.536209,-0.348224,0.681918,0.643237,0.034634,-0.039339,0.058771,0.80965,1.061526,0.537516,0.362869,-0.209358,-0.019097,0.270658,-0.882074,0.270129,0.385963,-0.014892,-0.834694,0.550453,0.471956,0.47945,0.739762,-0.043363,-0.035573,0.04711,0.570244,-0.676385,-0.279276,0.049565,0.017206,0.047925,-0.025948,0.830471,-0.278596,0.482392,0.010054,0.873312,0.487056,-0.556971,-0.399636,0.728061,-0.021888,-0.012061,0.019737,0.687366,-0.602814,-0.459392,-0.069686,0.111175,0.0278,-0.053172,0.834328,-0.084384,-0.544771,0.391417,0.786551,0.477629,0.388186,-0.611732,0.689271,0.009358,-0.020106,0.029542,0.45328,0.715971,0.344559,0.339625
3482,0.220507,-0.053406,0.31055,-0.842496,0.123308,-0.524443,-0.432086,-0.736129,0.520948,-0.320778,0.665346,0.674125,0.032723,-0.013784,0.04645,0.552403,0.779279,0.220504,0.262808,-0.210956,-0.019787,0.272165,-0.888921,0.251609,0.382758,-0.008795,-0.844683,0.535133,0.459064,0.472006,0.752551,-0.04377,-0.010697,0.034207,0.597612,0.031758,-0.587484,-0.074245,0.016407,0.047576,-0.025183,0.838999,-0.260622,0.477657,0.005861,0.88211,0.471007,-0.544101,-0.392375,0.741617,-0.01442,0.000111,0.012582,1.005542,1.554028,-1.977484,-0.177621,0.111721,0.027232,-0.052083,0.846586,-0.116472,-0.519351,0.392512,0.795644,0.461393,0.35948,-0.59446,0.719298,0.01669,-0.011751,0.028186,0.522301,0.816768,0.238379,0.232507
3483,0.221399,-0.053743,0.31161,-0.850197,0.136403,-0.508532,-0.430346,-0.736535,0.521815,-0.302321,0.662318,0.685539,0.049177,-0.021381,0.057477,0.178796,0.643196,-0.086952,0.185868,-0.211661,-0.019872,0.272766,-0.891467,0.23725,0.385992,0.003305,-0.848348,0.529367,0.454162,0.472889,0.754968,-0.028617,0.000989,0.026062,0.286483,-0.337014,-0.075565,-0.159818,0.016065,0.047529,-0.024888,0.84165,-0.245655,0.480913,-0.006112,0.886153,0.463352,-0.539988,-0.39292,0.744329,-0.014292,0.000771,0.01344,0.587337,-0.33085,-0.33995,-0.261063,0.112143,0.027072,-0.051573,0.854625,-0.128616,-0.503063,0.391366,0.796268,0.46129,0.341244,-0.591112,0.730847,0.024154,-0.005347,0.02435,-0.353193,2.430813,-1.742463,0.149718
3484,0.223413,-0.053999,0.313442,-0.85442,0.176398,-0.488769,-0.446055,-0.731525,0.515634,-0.265531,0.658363,0.704328,0.047327,0.001451,0.041534,0.46899,0.709504,0.023098,0.078553,-0.212593,-0.019632,0.273699,-0.890567,0.203776,0.40664,0.039259,-0.856092,0.515266,0.454233,0.474586,0.75386,-0.028345,0.002428,0.027871,0.238688,-0.506601,-0.657049,-0.193123,0.015583,0.04765,-0.024412,0.840258,-0.212161,0.498953,-0.039814,0.893632,0.44703,-0.540723,-0.395486,0.742434,-0.006679,0.006743,0.009525,-0.493627,-0.20819,-1.798787,-0.357078,0.113167,0.026936,-0.050627,0.861272,-0.165704,-0.480365,0.407013,0.790925,0.456922,0.30422,-0.589049,0.748646,0.031491,0.001866,0.0214,0.02353,0.322288,-0.298414,-0.04623
3485,0.225264,-0.053912,0.315008,-0.86048,0.184675,-0.474883,-0.440597,-0.737843,0.511306,-0.254898,0.648969,0.716864,0.047272,0.00076,0.040367,0.222474,0.439151,-0.107528,-0.022321,-0.21312,-0.018989,0.274299,-0.89664,0.151346,0.41608,0.093689,-0.853455,0.512611,0.433808,0.498417,0.750503,0.001387,0.022125,0.00673,-0.181532,-0.291753,-0.302096,-0.211938,0.015309,0.047977,-0.024093,0.848958,-0.157618,0.504406,-0.094199,0.894063,0.437923,-0.519996,-0.419293,0.744175,0.000663,0.010916,0.003173,-0.159951,-0.311529,-0.304302,-0.377815,0.114092,0.026984,-0.049838,0.867898,-0.173391,-0.465497,0.401311,0.797015,0.451348,0.292749,-0.578533,0.761312,0.031062,0.00654,0.016027,0.378778,0.505969,0.004601,-0.173924
3486,0.226365,-0.053773,0.315712,-0.863374,0.189504,-0.467674,-0.438466,-0.740508,0.509281,-0.248735,0.64452,0.723015,0.062899,0.002822,0.041202,0.168158,0.351125,-0.081241,-0.061984,-0.213179,-0.018682,0.274423,-0.89869,0.129383,0.419055,0.115463,-0.851819,0.510889,0.424182,0.507351,0.750019,0.000903,0.019023,0.002513,0.018653,-0.053856,0.006028,-0.250036,0.01528,0.048134,-0.024027,0.851934,-0.135443,0.505827,-0.115817,0.893309,0.434261,-0.510679,-0.428546,0.745354,0.000416,0.009307,0.000981,0.021962,-0.054192,0.010462,-0.402473,0.114661,0.027052,-0.049472,0.871272,-0.177871,-0.457434,0.398852,0.799729,0.44872,0.286009,-0.573406,0.767726,0.031431,0.001394,0.020542,0.151134,0.331277,-0.084629,-0.231892
3487,0.228684,-0.05326,0.317011,-0.872532,0.208468,-0.441899,-0.434853,-0.743772,0.50762,-0.221768,0.634813,0.740174,0.04608,0.012161,0.032041,-0.422011,2.466642,-1.60043,-0.103689,-0.213039,-0.018393,0.274704,-0.899409,0.110105,0.423003,0.133942,-0.851598,0.506729,0.417145,0.512274,0.750619,0.000825,0.005287,0.00712,0.065022,-0.079233,-0.030241,-0.291187,0.015349,0.048275,-0.023891,0.8533,-0.116054,0.50834,-0.133647,0.893667,0.428365,-0.504,-0.433463,0.747056,0.008117,-0.003793,0.006146,0.022958,-0.09935,-0.043654,-0.455052,0.115803,0.027306,-0.048833,0.880134,-0.192934,-0.43375,0.3961,0.802073,0.44697,0.261663,-0.565202,0.782353,0.030411,0.012406,0.012029,0.212772,0.223426,0.111362,-0.294432
3488,0.230359,-0.052663,0.31812,-0.875645,0.226605,-0.426546,-0.438568,-0.743078,0.505436,-0.201337,0.629367,0.750592,0.045955,0.011857,0.031394,0.091175,0.144535,0.028585,-0.046083,-0.212807,-0.01847,0.275146,-0.901157,0.08915,0.424216,0.15213,-0.851161,0.50231,0.406982,0.517082,0.752897,0.016533,-0.00565,0.01488,0.089467,-0.116645,-0.040921,-0.318769,0.015459,0.048234,-0.023681,0.855981,-0.095254,0.508156,-0.151287,0.893711,0.422365,-0.494377,-0.438414,0.750588,0.000758,-0.008395,0.011813,0.059404,0.01204,-0.260797,-0.484118,0.11664,0.027605,-0.048278,0.885616,-0.211191,-0.413618,0.398864,0.802082,0.444488,0.237884,-0.558624,0.794574,0.014722,0.009937,0.01049,0.100217,0.147394,-0.002258,-0.284308
3489,0.231715,-0.052096,0.318987,-0.877583,0.238479,-0.415958,-0.440381,-0.744071,0.502389,-0.188605,0.623769,0.758531,0.046383,0.007084,0.025382,0.152062,0.298384,-0.002629,-0.079315,-0.212703,-0.018733,0.276038,-0.904895,0.052035,0.422432,0.180964,-0.851105,0.492754,0.386305,0.522268,0.760176,0.002233,-0.012191,0.029751,0.206234,-0.224781,-0.197962,-0.383471,0.015517,0.048096,-0.023236,0.861728,-0.05875,0.503956,-0.179048,0.894156,0.410397,-0.474726,-0.443883,0.760001,0.00114,-0.005872,0.015173,0.220017,-0.231984,-0.203583,-0.531472,0.117317,0.027897,-0.047834,0.88815,-0.22134,-0.402735,0.400516,0.802527,0.442194,0.225331,-0.554037,0.801415,0.014938,0.007613,0.007581,0.226836,0.446668,0.042291,-0.283328
3490,0.232377,-0.051884,0.319303,-0.879174,0.24068,-0.411304,-0.439227,-0.744149,0.503283,-0.183852,0.622827,0.760469,0.030077,0.013421,0.012959,-0.226546,0.57993,-0.384465,-0.098325,-0.21269,-0.018752,0.276583,-0.906829,0.035655,0.419978,0.192047,-0.851836,0.487265,0.376259,0.522475,0.765057,0.002537,0.003128,0.027142,0.169911,-0.307858,-0.251187,-0.433922,0.015522,0.048082,-0.022978,0.864671,-0.042835,0.500507,-0.189441,0.894985,0.403872,-0.465247,-0.444034,0.765753,0.001298,0.001855,0.013959,0.088408,-0.547359,-0.533806,-0.569845,0.117654,0.028001,-0.047671,0.889626,-0.223691,-0.398153,0.399756,0.802967,0.442083,0.220814,-0.552453,0.803763,0.015568,0.000812,0.01015,-0.992978,1.881198,-1.67321,-0.295085
3491,0.233103,-0.051807,0.320079,-0.881541,0.244836,-0.403715,-0.437779,-0.744204,0.504462,-0.175843,0.621134,0.76374,0.000676,-0.011333,0.02956,-0.035631,0.036712,-0.000262,-0.101866,-0.212781,-0.018627,0.27772,-0.912217,-0.001934,0.409693,0.216631,-0.850846,0.47861,0.3488,0.525348,0.776023,0.002676,0.004076,0.028249,0.184434,-0.198797,-0.110079,-0.487234,0.015477,0.04815,-0.022403,0.872905,-0.006017,0.487851,-0.21342,0.894471,0.392902,-0.438733,-0.447084,0.779505,-0.006115,-0.00321,0.018931,0.160404,-0.186861,-0.18185,-0.642673,0.118029,0.028044,-0.047295,0.89255,-0.227048,-0.389618,0.397927,0.803027,0.443622,0.21215,-0.550995,0.807091,-0.000149,-0.000322,0.010405,-0.026195,0.006965,0.019858,-0.305372
3492,0.23276,-0.052261,0.32132,-0.876284,0.251474,-0.411014,-0.446013,-0.746175,0.494234,-0.181315,0.616091,0.76654,-0.014384,-0.020506,0.041681,1.236853,-1.640088,2.027481,-0.146991,-0.213158,-0.018886,0.279161,-0.914556,-0.0638,0.399384,0.263272,-0.843317,0.468443,0.308064,0.533643,0.787518,-0.011977,-0.018291,0.044861,-1.820073,-3.080453,-4.524207,-0.550035,0.015294,0.048031,-0.021685,0.879067,0.048125,0.474261,-0.254225,0.888929,0.381017,-0.403248,-0.455509,0.793663,-0.0061,-0.003113,0.018978,0.41657,-0.423711,-0.349738,-0.701784,0.117864,0.027814,-0.046687,0.888864,-0.232909,-0.394552,0.404173,0.804178,0.435821,0.215784,-0.546854,0.808941,-0.007649,-0.005188,0.016145,0.362113,0.440989,0.118298,-0.3266
3493,0.23205,-0.052904,0.323032,-0.870624,0.265044,-0.414501,-0.45575,-0.751902,0.476347,-0.184332,0.603295,0.77594,-0.014877,-0.016226,0.046663,0.304319,0.41048,0.163249,-0.181448,-0.213843,-0.019516,0.281043,-0.917162,-0.12145,0.379545,0.301303,-0.83443,0.461386,0.261817,0.537676,0.801386,-0.011332,-0.014151,0.050068,0.329733,-0.380934,-0.324003,-0.623199,0.014947,0.047705,-0.020734,0.886429,0.110101,0.449578,-0.296999,0.880273,0.370013,-0.355013,-0.461515,0.812999,-0.005666,-0.006911,0.025258,0.378528,-0.395027,-0.345263,-0.771836,0.117509,0.027489,-0.045837,0.882788,-0.247599,-0.399221,0.41486,0.809603,0.415251,0.220395,-0.5322,0.817428,-0.015319,-0.008568,0.023602,0.457027,0.521327,0.208478,-0.360728
3494,0.231496,-0.05333,0.324016,-0.870343,0.277299,-0.407004,-0.45857,-0.757758,0.464208,-0.178608,0.590312,0.787184,-0.029577,-0.028307,0.055237,0.712582,1.006829,0.134738,-0.16119,-0.214245,-0.019873,0.282107,-0.918554,-0.141179,0.369213,0.31117,-0.834014,0.455552,0.244764,0.533514,0.809516,-0.026178,-0.024467,0.059745,0.550808,-0.526965,-0.482263,-0.671196,0.014756,0.047537,-0.020222,0.889568,0.127513,0.438644,-0.305983,0.879324,0.364914,-0.339179,-0.458834,0.821235,-0.013239,-0.006439,0.026114,0.197754,-0.323152,-0.069516,-0.808739,0.117238,0.027283,-0.045344,0.883143,-0.257669,-0.391999,0.41697,0.814043,0.404313,0.214926,-0.520518,0.826357,-0.01484,-0.01397,0.027858,0.442163,0.636186,0.173925,-0.36383
3495,0.230335,-0.05463,0.326162,-0.868054,0.293631,-0.400385,-0.464382,-0.765572,0.44522,-0.174717,0.572038,0.80142,-0.013484,-0.030861,0.050498,0.192346,0.350228,0.09289,-0.166327,-0.215222,-0.020728,0.284273,-0.919585,-0.157626,0.359874,0.316404,-0.839868,0.44096,0.233892,0.519564,0.821713,-0.026807,-0.015377,0.048719,0.482352,-0.542535,-0.250647,-0.779756,0.014269,0.047113,-0.019126,0.892179,0.143745,0.428195,-0.309902,0.884482,0.348785,-0.328595,-0.443877,0.833664,-0.013288,-0.013219,0.028499,0.457638,-0.466037,-0.44561,-0.917001,0.116661,0.026658,-0.044283,0.881761,-0.275633,-0.382782,0.422869,0.821468,0.382584,0.20899,-0.499215,0.840896,-0.006754,-0.0156,0.025069,0.359449,0.540329,0.014955,-0.353543
3496,0.229859,-0.056001,0.328058,-0.865503,0.301807,-0.399829,-0.468462,-0.770425,0.43239,-0.176467,0.56116,0.808694,-0.013144,-0.034061,0.046664,0.184929,0.334062,0.065776,-0.179545,-0.216302,-0.021529,0.286282,-0.918753,-0.176179,0.353334,0.326609,-0.841692,0.429901,0.222809,0.510597,0.830367,-0.027206,-0.017855,0.045348,0.200444,-0.312574,-0.075896,-0.819107,0.01374,0.046723,-0.018133,0.89292,0.162499,0.419865,-0.319212,0.886159,0.335894,-0.317485,-0.433952,0.843141,-0.013637,-0.008925,0.0227,0.361533,-0.32991,-0.326992,-0.949823,0.116408,0.025944,-0.043293,0.879651,-0.283834,-0.381642,0.426754,0.82528,0.369855,0.209985,-0.488211,0.847086,-0.006588,-0.017183,0.023164,0.21217,0.366964,0.064187,-0.364157
3497,0.229757,-0.056684,0.328995,-0.86459,0.307655,-0.39734,-0.470465,-0.773494,0.424666,-0.175618,0.55371,0.813997,0.002555,-0.033071,0.046272,0.817804,0.129727,0.502185,-0.203063,-0.216767,-0.021816,0.286991,-0.918381,-0.180315,0.352213,0.328938,-0.842382,0.426762,0.220896,0.508014,0.83246,-0.028001,-0.009891,0.033108,0.050224,-0.073556,-0.117825,-0.830177,0.013498,0.046573,-0.017753,0.89292,0.167263,0.417989,-0.321448,0.886898,0.331786,-0.315218,-0.43062,0.845696,-0.006523,-0.005797,0.015215,0.010261,-0.050362,-0.105491,-0.948189,0.116356,0.025614,-0.042843,0.879334,-0.288182,-0.379106,0.427986,0.827326,0.36381,0.208801,-0.482163,0.850834,-0.006566,-0.017392,0.022901,1.261613,-1.665002,1.598987,-0.373954
3498,0.229394,-0.058243,0.330802,-0.860462,0.325409,-0.392122,-0.47822,-0.781456,0.400753,-0.174951,0.531945,0.828524,-0.012771,-0.037803,0.042216,0.782913,-0.003643,0.605395,-0.241026,-0.217398,-0.022253,0.287965,-0.91727,-0.188935,0.350586,0.334053,-0.844023,0.419486,0.217796,0.502134,0.836833,-0.013801,-0.003738,0.018042,0.16677,-0.153641,-0.145148,-0.846658,0.013177,0.046351,-0.017262,0.89233,0.175099,0.416036,-0.325691,0.887917,0.324852,-0.312524,-0.425375,0.849343,-0.006856,-0.007842,0.012596,0.208385,-0.193521,-0.19239,-0.959293,0.11618,0.024838,-0.041937,0.876381,-0.306592,-0.371425,0.435141,0.834586,0.337812,0.206416,-0.457675,0.864826,-0.006358,-0.019353,0.020578,1.812375,-1.191037,1.69509,-0.397468
