frame,MLTx,MLTy,MLTz,MLTR1,MLTR2,MLTR3,MLTR4,MLTR5,MLTR6,MLTR7,MLTR8,MLTR9,MLTTVx,MLTTVy,MLTTVz,MLTRVx,MLTRVy,MLTRVz,MLGA,MRTx,MRTy,MRTz,MRTR1,MRTR2,MRTR3,MRTR4,MRTR5,MRTR6,MRTR7,MRTR8,MRTR9,MRTTVx,MRTTVy,MRTTVz,MRTRVx,MRTRVy,MRTRVz,MRGA,SLTx,SLTy,SLTz,SLTR1,SLTR2,SLTR3,SLTR4,SLTR5,SLTR6,SLTR7,SLTR8,SLTR9,SLTTVx,SLTTVy,SLTTVz,SLTRVx,SLTRVy,SLTRVz,SLGA,SRTx,SRTy,SRTz,SRTR1,SRTR2,SRTR3,SRTR4,SRTR5,SRTR6,SRTR7,SRTR8,SRTR9,SRTTVx,SRTTVy,SRTTVz,SRTRVx,SRTRVy,SRTRVz,SRGA
1694,0.210701,0.072138,0.378693,-0.923308,0.065354,-0.378518,-0.236074,-0.87394,0.424816,-0.301893,0.481509,0.822822,-0.009719,-0.018059,-0.007594,0.637598,-0.72768,0.008493,0.186769,-0.097817,0.078042,0.325198,0.726628,0.306091,0.615071,-0.540703,0.806991,0.237358,-0.4246,-0.505428,0.75108,-0.046544,-0.011517,-0.00284,-0.008178,0.060821,-0.116981,0.326677,0.04106,0.055153,-0.020802,-0.646369,-0.356098,0.674834,0.569174,-0.814048,0.115607,0.50818,0.458823,0.728857,-0.029038,-0.007392,-0.001878,-0.010448,0.07603,-0.146503,0.27355,0.143251,0.057313,-0.051914,-0.90624,0.183302,-0.380958,-0.348134,-0.834817,0.426477,-0.239856,0.519115,0.820358,-0.004877,-0.00959,-0.004033,2.262671,-2.653002,-4.439752,-0.203316
1695,0.209931,0.071603,0.378118,-0.910688,0.024086,-0.412446,-0.201813,-0.897063,0.393091,-0.359393,0.441185,0.822325,-0.021314,-0.013344,-0.018379,1.603823,-1.872249,1.618059,0.409063,-0.100042,0.077421,0.324993,0.723093,0.303157,0.620664,-0.540701,0.807474,0.235716,-0.430604,-0.50642,0.746982,-0.057324,-0.017786,-0.006013,-0.010528,0.076362,-0.145923,0.318062,0.039929,0.054842,-0.020902,-0.64213,-0.353483,0.680233,0.569029,-0.814381,0.113962,0.513685,0.460251,0.724082,-0.034354,-0.010817,-0.003676,-0.030037,0.225386,-0.358458,0.255915,0.142862,0.05704,-0.0522,-0.899237,0.138976,-0.414796,-0.315599,-0.862704,0.395141,-0.302932,0.486236,0.819637,-0.011022,-0.001456,-0.013448,0.518574,-0.404363,0.245744,0.100568
1696,0.209434,0.071433,0.377624,-0.902181,0.017688,-0.431048,-0.199246,-0.90333,0.379827,-0.381541,0.428529,0.819034,-0.021811,-0.007015,-0.028759,0.02591,-0.303181,-0.273963,0.453387,-0.101374,0.076965,0.324826,0.722005,0.302867,0.622071,-0.542465,0.805769,0.237491,-0.430208,-0.509303,0.745248,-0.079829,-0.026847,-0.009849,-0.03224,0.140811,-0.212235,0.317531,0.039271,0.054621,-0.020982,-0.640954,-0.353059,0.681561,0.570944,-0.812766,0.115901,0.51303,0.463421,0.722523,-0.033997,-0.01233,-0.004767,-0.00889,0.109678,-0.200445,0.251016,0.142605,0.056953,-0.052452,-0.89041,0.133029,-0.435284,-0.315393,-0.86985,0.379324,-0.328171,0.475039,0.81648,-0.010856,-0.003876,-0.014532,-0.062259,-0.362111,-0.294314,0.262062
1697,0.20836,0.070858,0.376502,-0.883841,-0.011172,-0.467703,-0.181304,-0.913437,0.364325,-0.430191,0.406811,0.805896,-0.032546,-0.015591,-0.032403,0.089386,-0.935173,-0.376637,0.500004,-0.104673,0.075777,0.324219,0.720504,0.300692,0.62486,-0.545817,0.801611,0.243798,-0.428475,-0.517095,0.740867,-0.089653,-0.038329,-0.016859,-0.207174,0.365451,-0.089445,0.316353,0.037623,0.054037,-0.021279,-0.639209,-0.351792,0.683852,0.575073,-0.809054,0.121332,0.51059,0.470822,0.71946,-0.051724,-0.014923,-0.012298,-0.263805,0.476653,-0.019501,0.246444,0.14208,0.056673,-0.053001,-0.876021,0.103187,-0.471103,-0.299611,-0.881908,0.363965,-0.377913,0.459989,0.803486,-0.015801,-0.014069,-0.012409,1.05309,-2.388074,0.738502,0.435314
1698,0.207441,0.070056,0.374939,-0.858881,-0.060182,-0.508673,-0.151815,-0.918567,0.364908,-0.488146,0.390706,0.780442,-0.021146,-0.020166,-0.048345,0.573792,-2.74873,0.507125,0.522509,-0.108979,0.07419,0.323231,0.719392,0.301594,0.625706,-0.54998,0.797419,0.248151,-0.424996,-0.523023,0.738707,-0.125989,-0.041804,-0.030945,-0.009395,0.230768,-0.354032,0.265037,0.035484,0.053246,-0.021768,-0.638078,-0.35181,0.684898,0.579541,-0.805084,0.126377,0.50694,0.477565,0.717595,-0.06177,-0.027289,-0.012376,0.006591,0.093891,-0.246111,0.217869,0.141615,0.056285,-0.053771,-0.858736,0.052316,-0.509738,-0.270973,-0.890665,0.365086,-0.434907,0.451639,0.779023,-0.004865,-0.010372,-0.024455,-0.534649,-0.75265,-0.990634,0.501936
1699,0.207234,0.069644,0.37384,-0.843739,-0.098017,-0.527772,-0.124727,-0.920504,0.370253,-0.521061,0.37834,0.765102,-0.010037,-0.018429,-0.06143,-0.347837,-0.987636,-1.601018,0.523013,-0.111497,0.073343,0.32259,0.716817,0.302277,0.628327,-0.552808,0.795456,0.248166,-0.425676,-0.525614,0.736474,-0.137815,-0.046079,-0.032945,-0.006785,0.240748,-0.38797,0.233962,0.03423,0.052821,-0.02209,-0.6352,-0.352673,0.687125,0.582326,-0.803113,0.126116,0.507362,0.48024,0.715508,-0.069794,-0.017756,-0.020232,0.07621,0.089058,-0.236244,0.179005,0.141507,0.056084,-0.054313,-0.846899,0.013012,-0.531594,-0.245697,-0.896163,0.369492,-0.471587,0.443533,0.762157,-0.004925,-0.010037,-0.031068,0.612553,-1.285997,-2.051099,0.513367
1700,0.207119,0.06889,0.370884,-0.812755,-0.170144,-0.557247,-0.07713,-0.916597,0.392264,-0.576504,0.362002,0.732546,0.000995,-0.01476,-0.08755,-0.366772,-0.694702,-0.959009,0.522974,-0.117191,0.071568,0.320982,0.71185,0.308912,0.630741,-0.559709,0.791906,0.244021,-0.424984,-0.527126,0.735792,-0.151391,-0.043269,-0.045557,-0.909801,-1.85987,1.078448,0.192981,0.031445,0.051951,-0.022871,-0.628082,-0.359754,0.689991,0.589052,-0.79921,0.1195,0.508458,0.481497,0.713884,-0.075645,-0.021594,-0.022655,0.039041,0.257396,-0.436824,0.112383,0.141445,0.055709,-0.055779,-0.824994,-0.064804,-0.561412,-0.197104,-0.898031,0.393305,-0.529654,0.435131,0.728098,0.000609,-0.008185,-0.044128,-0.274345,-1.328406,-0.654471,0.520551
1701,0.206984,0.068416,0.366909,-0.795427,-0.212472,-0.567624,-0.057338,-0.905982,0.419381,-0.602377,0.366392,0.709172,-0.01102,-0.007063,-0.111472,-0.284559,-0.316914,-1.019158,0.523697,-0.123441,0.069662,0.319238,0.71061,0.318496,0.627363,-0.566434,0.787781,0.241842,-0.418076,-0.527616,0.73939,-0.176745,-0.046795,-0.046383,0.198171,-0.057937,-0.50155,0.171076,0.028335,0.050995,-0.023752,-0.629449,-0.367683,0.684545,0.594698,-0.794966,0.119841,0.500127,0.482532,0.719051,-0.082275,-0.022558,-0.023096,0.293571,-0.450236,-0.506884,0.07107,0.141382,0.055463,-0.05776,-0.813153,-0.109276,-0.5717,-0.175869,-0.890179,0.420297,-0.554844,0.44231,0.704634,-0.005354,-0.004686,-0.056272,-0.43099,-0.477938,-1.119726,0.521205
1702,0.206649,0.06818,0.362135,-0.776738,-0.237568,-0.58334,-0.044829,-0.902964,0.427337,-0.627293,0.35837,0.691449,-0.011099,-0.008082,-0.126982,-0.004659,-0.201673,-0.510293,0.519738,-0.130036,0.067762,0.317601,0.710676,0.329932,0.62135,-0.572657,0.784216,0.238755,-0.409376,-0.525913,0.745446,-0.178623,-0.043893,-0.045128,0.179423,-0.116294,-0.314515,0.130967,0.024911,0.050002,-0.024606,-0.629631,-0.380079,0.677572,0.600985,-0.790977,0.11477,0.492323,0.479474,0.726445,-0.08925,-0.022072,-0.022559,0.199501,-0.122848,-0.334432,0.028778,0.141215,0.055343,-0.060142,-0.797462,-0.137595,-0.58747,-0.162741,-0.888514,0.429018,-0.581007,0.437731,0.686165,0.000296,-0.004095,-0.063668,-0.002622,-0.166503,-0.623438,0.520225
1703,0.206513,0.067891,0.359579,-0.764555,-0.235368,-0.600085,-0.054925,-0.9038,0.424383,-0.641295,0.357712,0.67883,-0.01057,-0.017152,-0.132653,0.760806,-2.126925,1.350363,0.514529,-0.133341,0.066714,0.316842,0.709511,0.340043,0.617216,-0.577015,0.78302,0.232094,-0.405246,-0.521244,0.750962,-0.165781,-0.052742,-0.037853,0.304906,-0.652955,-0.473791,0.110363,0.023259,0.049476,-0.024987,-0.628925,-0.388464,0.673459,0.604271,-0.789281,0.10904,0.489191,0.475531,0.731137,-0.082847,-0.026451,-0.018885,0.26537,-0.630598,-0.441254,0.000855,0.141146,0.055206,-0.061415,-0.786726,-0.137498,-0.601793,-0.171847,-0.887556,0.427446,-0.592899,0.4397,0.674635,0.000598,-0.008739,-0.066558,-0.087216,-0.481959,-0.389165,0.516469
1704,0.206375,0.066569,0.354257,-0.742323,-0.223196,-0.631811,-0.089364,-0.901516,0.423384,-0.663165,0.371022,0.650063,0.002752,-0.044237,-0.136572,-1.405986,-0.115962,0.640279,0.491811,-0.139795,0.064845,0.315458,0.701978,0.357329,0.616064,-0.586154,0.781103,0.215029,-0.405239,-0.512503,0.756958,-0.155976,-0.043872,-0.03323,0.183521,-0.196073,-0.326045,0.069099,0.020092,0.048552,-0.025672,-0.621482,-0.407076,0.669363,0.611508,-0.78614,0.08967,0.489711,0.46505,0.737502,-0.084079,-0.022443,-0.016286,0.194134,-0.09654,-0.545656,-0.048785,0.141071,0.054556,-0.064074,-0.762158,-0.127178,-0.634775,-0.205115,-0.882561,0.423098,-0.614038,0.452669,0.646565,-0.004424,-0.023778,-0.069,-3.459796,1.811306,3.478667,0.495241
1705,0.206319,0.064322,0.348986,-0.716629,-0.194671,-0.669769,-0.138513,-0.901432,0.410129,-0.682704,0.386919,0.619868,0.003809,-0.061079,-0.135683,-0.947683,-0.417589,1.672267,0.480498,-0.14609,0.063077,0.314296,0.700813,0.362147,0.614574,-0.581496,0.78895,0.198379,-0.41389,-0.496856,0.762687,-0.156255,-0.052206,-0.024587,3.704514,0.781457,3.494556,0.025584,0.016944,0.047674,-0.026253,-0.618457,-0.413894,0.667983,0.609211,-0.789465,0.074875,0.496359,0.45325,0.740399,-0.078823,-0.019762,-0.015247,0.063112,-0.038613,-0.188252,-0.108549,0.141044,0.053426,-0.066716,-0.732711,-0.104321,-0.672495,-0.253401,-0.875299,0.411871,-0.631602,0.472193,0.614907,-0.003977,-0.031627,-0.068211,-3.093215,-0.135027,5.367056,0.470095
1706,0.206215,0.063045,0.346364,-0.696287,-0.180619,-0.694699,-0.159632,-0.904637,0.395122,-0.698955,0.386234,0.601924,-0.008126,-0.061663,-0.137558,0.646215,-2.524947,2.206384,0.480347,-0.149215,0.062118,0.313821,0.702883,0.359148,0.61397,-0.57589,0.793866,0.195095,-0.418208,-0.491161,0.764019,-0.144975,-0.047444,-0.022483,3.612783,0.866516,3.638005,0.008656,0.015436,0.047209,-0.026485,-0.620781,-0.41074,0.667775,0.603203,-0.794314,0.07218,0.500776,0.447612,0.740854,-0.072462,-0.023508,-0.010972,-0.04629,0.139845,-0.261387,-0.135492,0.140997,0.052781,-0.06803,-0.712396,-0.091928,-0.695729,-0.275388,-0.875242,0.397632,-0.645486,0.474868,0.598204,-0.003916,-0.031416,-0.069059,-0.048937,-0.891688,0.307762,0.465522
1707,0.205746,0.060613,0.34102,-0.671256,-0.155493,-0.724764,-0.184434,-0.911978,0.366403,-0.717111,0.37981,0.5844,-0.020742,-0.058457,-0.139101,0.274582,-0.508849,0.71628,0.487367,-0.154857,0.060428,0.313119,0.700784,0.35532,0.61858,-0.57035,0.799812,0.18691,-0.429198,-0.484239,0.762341,-0.134349,-0.038482,-0.01732,0.434463,-0.017485,-0.036651,-0.016486,0.012603,0.046353,-0.026842,-0.619637,-0.405112,0.67226,0.59362,-0.802218,0.063726,0.513483,0.438554,0.737567,-0.073309,-0.01934,-0.008075,3.700755,0.737853,3.609839,-0.173539,0.140768,0.051553,-0.070708,-0.682581,-0.06994,-0.727454,-0.301436,-0.879845,0.367434,-0.665746,0.470084,0.579483,-0.003868,-0.034784,-0.065882,0.253883,-0.478974,0.744181,0.466502
1708,0.205013,0.058093,0.336031,-0.658644,-0.081585,-0.748049,-0.273115,-0.900404,0.338603,-0.700357,0.427419,0.5717,-0.020533,-0.069849,-0.120504,-1.065762,0.068605,1.670958,0.455888,-0.160003,0.05903,0.31269,0.698774,0.359598,0.618381,-0.573519,0.798196,0.184102,-0.428247,-0.483753,0.763184,-0.122159,-0.040633,-0.004583,0.097589,-0.050649,-0.564504,-0.050981,0.009976,0.045637,-0.02707,-0.618198,-0.408195,0.671719,0.595096,-0.801358,0.060704,0.513509,0.437264,0.738313,-0.067854,-0.014474,-0.005105,0.264537,-0.222167,-0.701197,-0.210116,0.140402,0.050284,-0.073218,-0.660629,0.000964,-0.750711,-0.386394,-0.857804,0.338926,-0.643637,0.513975,0.567063,-0.016069,-0.040919,-0.056453,-4.075421,1.432383,3.899959,0.462257
1709,0.203609,0.054394,0.332227,-0.649884,-0.003419,-0.760056,-0.372315,-0.870371,0.322192,-0.661829,0.492367,0.565318,-0.043102,-0.117232,-0.07903,-4.138883,1.595666,3.953322,0.271197,-0.164714,0.05799,0.312555,0.705778,0.374987,0.601044,-0.579094,0.793991,0.18483,-0.408784,-0.478984,0.776745,-0.110781,-0.028145,0.00375,0.121022,-0.223358,-0.370465,-0.08115,0.007616,0.045106,-0.027146,-0.627137,-0.423559,0.653679,0.60084,-0.797117,0.059941,0.49567,0.430348,0.754393,-0.055918,-0.007564,-0.000982,0.208182,-0.317976,-0.38881,-0.243591,0.139709,0.048446,-0.075141,-0.642103,0.073958,-0.763041,-0.477509,-0.817254,0.322614,-0.599739,0.571511,0.560077,-0.021404,-0.058883,-0.039669,-0.098105,0.087113,1.103505,0.30713
1710,0.202646,0.052045,0.330818,-0.650062,0.025572,-0.759481,-0.405647,-0.856806,0.318286,-0.641785,0.51495,0.5683,-0.055911,-0.123094,-0.068675,0.130413,0.262974,0.593123,0.179977,-0.166762,0.05771,0.312599,0.71759,0.380014,0.583647,-0.574567,0.796531,0.188,-0.394337,-0.470732,0.789159,-0.099648,-0.008209,0.002086,2.1486,-1.379838,5.618402,-0.102897,0.00655,0.044953,-0.027124,-0.639583,-0.429602,0.637474,0.598418,-0.798773,0.062094,0.482522,0.421191,0.767964,-0.049806,-0.003521,0.001566,2.127687,-1.322803,5.630134,-0.260083,0.139212,0.047226,-0.075876,-0.637665,0.106534,-0.76291,-0.513968,-0.796544,0.318359,-0.573776,0.595118,0.562684,-0.027872,-0.060952,-0.033915,0.250903,0.391696,0.686712,0.18107
1711,0.200181,0.047123,0.328876,-0.658895,0.058532,-0.749984,-0.428214,-0.848867,0.309886,-0.617685,0.525259,0.585317,-0.069388,-0.13557,-0.032347,0.171805,0.41869,0.355434,0.032525,-0.170262,0.057615,0.313018,0.738928,0.394949,0.545887,-0.567022,0.802046,0.187467,-0.3647,-0.448555,0.815878,-0.074942,0.007678,0.012211,0.409882,-0.893625,-0.163787,-0.162398,0.004829,0.044899,-0.026921,-0.666216,-0.439268,0.602659,0.589197,-0.805428,0.064271,0.457167,0.397903,0.795406,-0.043726,0.003559,0.00647,0.444156,-1.022327,-0.123039,-0.306294,0.138007,0.044801,-0.076847,-0.642463,0.141237,-0.753188,-0.535099,-0.78625,0.308997,-0.548552,0.601549,0.580712,-0.034975,-0.060894,-0.01903,0.311034,0.646463,0.339909,-0.047047
1712,0.197212,0.042388,0.328368,-0.67736,0.093853,-0.729672,-0.429064,-0.856074,0.288119,-0.596775,0.508116,0.621052,-0.097381,-0.112218,0.000953,0.59062,1.460761,0.377135,-0.103303,-0.173195,0.057948,0.313835,0.752012,0.402002,0.522364,-0.55934,0.808362,0.183363,-0.349478,-0.43058,0.832063,-0.062331,0.019878,0.020448,0.3916,-0.971412,0.111016,-0.237899,0.003357,0.045063,-0.026513,-0.681675,-0.444835,0.580896,0.58136,-0.811364,0.060897,0.444229,0.379221,0.811696,-0.036989,0.003784,0.014019,0.019126,-0.360273,0.253658,-0.37504,0.136534,0.042402,-0.077131,-0.655743,0.176706,-0.734012,-0.536551,-0.793049,0.288419,-0.531143,0.582964,0.614848,-0.042033,-0.060357,0.005088,0.402728,1.072631,0.398727,-0.207398
1713,0.195347,0.040187,0.32875,-0.689852,0.118123,-0.71428,-0.429331,-0.861148,0.272162,-0.582099,0.494263,0.645672,-0.09769,-0.117261,0.029297,0.599095,1.551925,0.448059,-0.206413,-0.174445,0.058198,0.314347,0.760153,0.400739,0.511436,-0.55355,0.811478,0.187134,-0.340969,-0.425864,0.837999,-0.061345,0.010119,0.028749,0.057177,-0.423319,0.295119,-0.267476,0.002732,0.045197,-0.026256,-0.691089,-0.444832,0.569666,0.576534,-0.814615,0.063316,0.435893,0.37219,0.819433,-0.024902,0.0116,0.010998,0.073181,-0.405531,0.326982,-0.408514,0.135602,0.041299,-0.076954,-0.665278,0.20319,-0.718413,-0.537293,-0.79842,0.271736,-0.518382,0.566779,0.640344,-0.055253,-0.057431,0.015849,0.756712,1.69127,0.747017,-0.275653
1714,0.191231,0.035995,0.331065,-0.717175,0.172068,-0.675351,-0.427862,-0.873626,0.231696,-0.549249,0.454905,0.701009,-0.098456,-0.107547,0.085608,0.766854,1.748765,0.889293,-0.378253,-0.176545,0.05867,0.315502,0.77479,0.399948,0.489625,-0.544769,0.81523,0.196368,-0.321582,-0.419384,0.848861,-0.048664,0.013302,0.029935,-0.060994,-0.162778,0.120192,-0.290536,0.001677,0.04544,-0.025672,-0.708377,-0.442518,0.549889,0.56885,-0.81914,0.073607,0.417865,0.364946,0.831986,-0.02436,0.006789,0.015118,-0.157844,-0.407882,0.373539,-0.453419,0.133545,0.039184,-0.07583,-0.685805,0.259791,-0.679837,-0.536976,-0.811148,0.231719,-0.491251,0.52397,0.695791,-0.049518,-0.046517,0.040204,0.680087,1.677502,0.630831,-0.412328
1715,0.187224,0.032274,0.335766,-0.742611,0.217753,-0.63337,-0.42795,-0.881709,0.198545,-0.514295,0.418217,0.748747,-0.098092,-0.094221,0.14474,0.609867,1.727396,0.659872,-0.49166,-0.178335,0.058842,0.316849,0.779336,0.400654,0.481771,-0.542723,0.815772,0.199754,-0.31395,-0.417652,0.852564,-0.034591,-0.010726,0.042184,-0.097209,-0.092867,0.085153,-0.338802,0.000764,0.045538,-0.024982,-0.713902,-0.442579,0.542648,0.567117,-0.82,0.077308,0.410757,0.362936,0.836394,-0.017323,-0.005338,0.021148,-0.104458,-0.082941,0.092062,-0.487057,0.131541,0.037315,-0.073504,-0.705233,0.308655,-0.638261,-0.538181,-0.819111,0.198539,-0.461527,0.483517,0.743776,-0.055599,-0.044909,0.074344,0.478236,1.532935,0.528683,-0.522386
1716,0.18301,0.028856,0.342359,-0.76072,0.259343,-0.595056,-0.439278,-0.880585,0.177699,-0.47697,0.396246,0.784548,-0.097259,-0.087739,0.18169,0.320027,1.51686,0.638109,-0.588781,-0.179739,0.058613,0.318284,0.780698,0.403781,0.476931,-0.544874,0.813407,0.203506,-0.306737,-0.419257,0.8544,-0.035266,-0.000989,0.033579,-0.349532,-0.774436,0.172928,-0.439888,6.2e-05,0.045427,-0.024262,-0.715829,-0.444811,0.538266,0.569428,-0.818012,0.081282,0.404153,0.364688,0.838845,-0.017661,-0.000604,0.016734,-0.345561,-0.890099,0.180226,-0.559721,0.129398,0.035598,-0.070132,-0.71826,0.353282,-0.59941,-0.549485,-0.816494,0.177209,-0.42681,0.45665,0.780578,-0.048723,-0.042351,0.092062,0.271536,1.46284,0.614447,-0.601418
1717,0.181024,0.027041,0.346253,-0.758626,0.287366,-0.584767,-0.4559,-0.875291,0.16122,-0.464573,0.388539,0.795761,-0.096734,-0.089366,0.196397,-0.252378,0.951466,2.343566,-0.632883,-0.180268,0.058454,0.319058,0.780487,0.408778,0.473002,-0.547674,0.811811,0.202359,-0.302238,-0.417509,0.856856,-0.022849,0.001341,0.034306,0.093907,-0.220813,-0.21331,-0.496983,-0.000194,0.045342,-0.023891,-0.716298,-0.449504,0.533725,0.571884,-0.816432,0.079911,0.39983,0.36247,0.841873,-0.011103,-0.005524,0.020422,0.13132,-0.284768,-0.29135,-0.612301,0.128441,0.034735,-0.068249,-0.713612,0.379053,-0.58913,-0.563553,-0.810166,0.16136,-0.41613,0.447155,0.791761,-0.042013,-0.044017,0.098638,-1.772135,0.049777,6.060848,-0.638485
1718,0.177805,0.023855,0.354098,-0.761383,0.337546,-0.553536,-0.485749,-0.86245,0.142125,-0.428482,0.376667,0.821311,-0.07022,-0.072707,0.20653,0.12016,1.072654,0.339111,-0.686234,-0.180972,0.058423,0.320554,0.781486,0.417661,0.463499,-0.551507,0.80967,0.200523,-0.2925,-0.412858,0.86247,-0.00967,-0.005222,0.044019,-0.010145,-0.127875,-0.11987,-0.573786,-0.000551,0.045324,-0.02315,-0.71832,-0.458381,0.523357,0.575644,-0.814057,0.077095,0.390703,0.356647,0.848618,-0.011363,0.003694,0.019315,0.01746,-0.131902,-0.117582,-0.70554,0.126822,0.033148,-0.064321,-0.708904,0.431836,-0.557648,-0.593223,-0.792726,0.140251,-0.381497,0.430235,0.818142,-0.04168,-0.035804,0.103954,0.308509,1.342707,0.438965,-0.69531
1719,0.175157,0.021171,0.362531,-0.767849,0.392216,-0.506576,-0.515208,-0.847991,0.124272,-0.37988,0.355922,0.853837,-0.056483,-0.060608,0.213114,0.343238,1.450062,0.359333,-0.719042,-0.181619,0.05861,0.322269,0.787095,0.425519,0.446548,-0.552801,0.807661,0.205009,-0.274403,-0.408755,0.870337,-0.022471,0.012442,0.042,-1.293006,-2.31729,0.991554,-0.672891,-0.00087,0.045409,-0.022293,-0.72434,-0.464516,0.509466,0.577642,-0.812296,0.080642,0.376378,0.352701,0.856703,-0.004778,0.000546,0.024209,0.205169,-0.397804,-0.289059,-0.783593,0.125515,0.031836,-0.060178,-0.708394,0.485325,-0.512481,-0.620177,-0.774653,0.123656,-0.336982,0.405426,0.849747,-0.028362,-0.030016,0.106848,0.387476,1.396681,0.558828,-0.730418
1720,0.174189,0.020166,0.366416,-0.765134,0.423245,-0.485262,-0.534931,-0.837279,0.113066,-0.357498,0.345561,0.867646,-0.056412,-0.048446,0.204736,0.515365,1.519794,0.631336,-0.714817,-0.181879,0.058622,0.323198,0.788257,0.42745,0.442639,-0.553449,0.80677,0.206762,-0.269707,-0.408502,0.871922,-0.008765,-0.009533,0.056078,-0.080141,-0.083843,-0.072197,-0.713136,-0.001005,0.045424,-0.021833,-0.727432,-0.466824,0.502909,0.578388,-0.811493,0.083342,0.369201,0.351502,0.860311,-0.010884,0.001429,0.025234,-0.041063,-0.189246,0.068066,-0.816414,0.124989,0.031297,-0.058069,-0.702084,0.516633,-0.490069,-0.638546,-0.761365,0.112161,-0.315176,0.391678,0.864436,-0.028327,-0.024046,0.102537,0.49119,1.489912,0.619843,-0.739072
1721,0.17277,0.018509,0.373883,-0.758027,0.4776,-0.444228,-0.571218,-0.814844,0.098545,-0.313973,0.327852,0.891045,-0.018401,-0.035685,0.179286,-2.376049,1.319265,5.238481,-0.697249,-0.182225,0.058608,0.325323,0.790297,0.433244,0.433267,-0.555596,0.804706,0.209032,-0.259073,-0.406469,0.876086,-0.00864,-0.005499,0.058658,-0.103322,-0.052122,-0.045423,-0.74543,-0.001181,0.045416,-0.020748,-0.730492,-0.472137,0.493423,0.58089,-0.809487,0.085417,0.359092,0.349021,0.865584,-0.004351,-0.002509,0.029514,-0.138823,-0.012525,-0.02699,-0.815761,0.12428,0.030491,-0.054321,-0.689051,0.570325,-0.447142,-0.670715,-0.735556,0.095385,-0.274498,0.36563,0.889362,-0.009327,-0.018278,0.089437,-2.456846,1.216229,5.202835,-0.732051
1722,0.172077,0.017143,0.380432,-0.753519,0.511123,-0.41353,-0.591007,-0.802119,0.085365,-0.287136,0.308083,0.907009,-0.006369,-0.025178,0.153559,0.155466,0.84992,0.168115,-0.697498,-0.182565,0.058519,0.327635,0.792172,0.430959,0.432121,-0.553477,0.805502,0.211574,-0.257879,-0.407319,0.876044,-0.008537,-0.002742,0.060246,-0.138825,-0.018481,0.019616,-0.755646,-0.001348,0.045374,-0.019613,-0.732441,-0.469576,0.492977,0.579085,-0.810461,0.088387,0.358034,0.350214,0.86554,-0.004314,-0.001561,0.030006,-0.143015,-0.013495,0.024229,-0.81968,0.123936,0.029824,-0.0511,-0.679289,0.603187,-0.418006,-0.689814,-0.719189,0.083199,-0.250441,0.344863,0.904625,-0.003321,-0.013328,0.076357,0.329076,1.076091,0.255969,-0.728621
1723,0.172155,0.016697,0.385689,-0.745644,0.533617,-0.399141,-0.603694,-0.794507,0.065455,-0.28127,0.289096,0.915062,0.005357,-0.002385,0.119923,1.954123,-1.232853,1.049776,-0.699234,-0.182906,0.05819,0.330123,0.792609,0.429609,0.432663,-0.553112,0.805076,0.214136,-0.257318,-0.409583,0.875153,-0.007826,-0.013984,0.067379,-0.009068,-0.132388,-0.354142,-0.762204,-0.001518,0.045217,-0.018369,-0.733117,-0.467023,0.494397,0.578443,-0.810505,0.092116,0.357691,0.353512,0.864341,-0.003964,-0.007245,0.033527,0.155577,-0.42317,-0.292016,-0.824415,0.123968,0.029589,-0.048501,-0.669801,0.624228,-0.402124,-0.701101,-0.710039,0.06558,-0.244588,0.325855,0.913232,0.002559,-0.001944,0.059542,0.149189,0.678063,0.161256,-0.728622
1724,0.172229,0.016803,0.38776,-0.746295,0.538172,-0.39174,-0.604651,-0.794151,0.060767,-0.277474,0.281542,0.918569,0.004645,0.011879,0.097403,0.085311,0.462448,0.068615,-0.699509,-0.183051,0.057907,0.331417,0.79384,0.427684,0.432315,-0.551151,0.806275,0.214681,-0.257737,-0.409236,0.875192,-0.007845,-0.015339,0.066317,0.071374,-0.333971,-0.296562,-0.761403,-0.001594,0.045074,-0.017695,-0.734321,-0.464953,0.494561,0.576613,-0.811701,0.093045,0.358175,0.353496,0.864147,-0.003969,-0.007665,0.033169,0.213567,-0.485734,-0.368854,-0.822619,0.124005,0.029638,-0.04745,-0.668717,0.629099,-0.396296,-0.702198,-0.709574,0.05849,-0.244406,0.317392,0.916257,0.00234,0.000662,0.053247,0.227896,0.61893,0.31444,-0.729765
1725,0.172137,0.017321,0.391017,-0.745136,0.545698,-0.383449,-0.608308,-0.791764,0.055171,-0.272572,0.273681,0.922405,-0.008955,0.018849,0.070896,-0.032402,0.125286,0.112419,-0.69068,-0.183258,0.057329,0.334039,0.790518,0.432385,0.433724,-0.554274,0.806195,0.206793,-0.261235,-0.404425,0.87639,0.004379,-0.013102,0.066687,1.582673,1.490937,-1.304769,-0.760599,-0.001699,0.044786,-0.016411,-0.732276,-0.469642,0.49316,0.578391,-0.811177,0.086339,0.359492,0.348464,0.865642,-0.003939,-0.006923,0.033543,0.247471,-0.570562,-0.400196,-0.825395,0.123969,0.029896,-0.0458,-0.666843,0.636675,-0.387252,-0.7054,-0.706857,0.052557,-0.240271,0.308215,0.920474,-0.004594,0.008306,0.034832,-0.011207,0.167483,0.099302,-0.726172
1726,0.171661,0.018169,0.393232,-0.74391,0.546903,-0.384111,-0.610689,-0.789712,0.058184,-0.270596,0.27717,0.921945,-0.022175,0.030364,0.04722,-0.068997,-0.010409,0.032292,-0.688199,-0.183449,0.056698,0.336706,0.787459,0.436223,0.435441,-0.556311,0.807045,0.197813,-0.266109,-0.398564,0.877608,-0.007761,-0.013936,0.066754,0.146892,-0.440751,-0.373756,-0.761548,-0.00179,0.044474,-0.015076,-0.727566,-0.473247,0.496671,0.579534,-0.811414,0.075805,0.367132,0.342991,0.864621,-0.003916,-0.006456,0.033724,-0.184607,-0.014095,-0.014391,-0.832743,0.123723,0.030326,-0.044644,-0.665435,0.637544,-0.388243,-0.707573,-0.704416,0.056017,-0.237771,0.311986,0.919852,-0.011161,0.0146,0.02329,-0.070173,-0.014148,0.027244,-0.721437
1727,0.171173,0.018626,0.394224,-0.743432,0.547388,-0.384345,-0.611658,-0.788865,0.059472,-0.269723,0.278615,0.921765,-0.034579,0.015723,0.054314,-0.10662,0.027477,-0.042706,-0.689923,-0.183543,0.056438,0.338077,0.785598,0.436095,0.438915,-0.557665,0.806219,0.197367,-0.268767,-0.400373,0.875973,-0.008339,-6.4e-05,0.060728,1.365366,1.964775,-1.183948,-0.759964,-0.001839,0.044339,-0.014415,-0.726599,-0.474947,0.496466,0.581161,-0.810289,0.075386,0.366477,0.343302,0.864776,-0.003906,-0.006299,0.033758,-0.189536,-0.098724,0.177062,-0.838948,0.1235,0.030539,-0.044185,-0.664934,0.637902,-0.388512,-0.708354,-0.703535,0.057199,-0.236845,0.313238,0.919665,-0.011131,0.007058,0.026534,-0.104623,0.012027,-0.01666,-0.721763
1728,0.169842,0.019171,0.395911,-0.741726,0.549038,-0.385286,-0.614279,-0.786679,0.061401,-0.268467,0.281528,0.921246,-0.035286,0.011427,0.036912,-0.065577,-0.054476,0.131118,-0.687913,-0.183718,0.056224,0.340504,0.785812,0.433519,0.44108,-0.555911,0.807528,0.196967,-0.271772,-0.400531,0.874973,-0.00835,-0.001783,0.059272,1.385946,1.972805,-1.145363,-0.754446,-0.001921,0.044229,-0.013193,-0.72651,-0.472412,0.499007,0.579484,-0.811483,0.075443,0.369296,0.343977,0.863307,0.001822,-0.000833,0.029252,0.076563,0.076463,0.49558,-0.846623,0.12284,0.030826,-0.043329,-0.663155,0.639201,-0.389418,-0.710561,-0.701142,0.059169,-0.235217,0.315944,0.919158,-0.017717,0.004966,0.018074,-0.065483,-0.042505,0.102709,-0.721927
1729,0.168283,0.019303,0.3972,-0.737449,0.550654,-0.391144,-0.616501,-0.785295,0.056653,-0.275055,0.28223,0.919085,-0.048194,0.000387,0.031345,0.494339,-0.48112,0.169602,-0.686197,-0.183798,0.056423,0.342471,0.78839,0.422626,0.447012,-0.54803,0.812487,0.198649,-0.280217,-0.402126,0.871571,-0.009068,0.005787,0.048943,-0.106813,0.005326,0.035528,-0.749845,-0.001964,0.044334,-0.012183,-0.726926,-0.461922,0.508139,0.572081,-0.816666,0.076012,0.379869,0.345952,0.857913,0.001453,0.002914,0.02406,-0.072015,-0.029179,0.085395,-0.849562,0.122051,0.030897,-0.04267,-0.658947,0.640247,-0.394806,-0.712566,-0.699442,0.055035,-0.240908,0.317591,0.917114,-0.024174,-0.000684,0.015227,1.82321,-1.815344,0.986632,-0.721273
1730,0.167311,0.019137,0.397854,-0.735627,0.550806,-0.394349,-0.616892,-0.785179,0.053931,-0.279019,0.282255,0.917882,-0.060743,-0.014768,0.038492,-0.104934,0.011283,0.000969,-0.687057,-0.183836,0.056598,0.343365,0.788959,0.418413,0.449961,-0.546881,0.811887,0.204189,-0.280863,-0.407704,0.868767,-0.009078,0.004774,0.048151,-0.222117,0.155095,0.140377,-0.743098,-0.001983,0.044421,-0.011736,-0.727145,-0.458309,0.511088,0.571759,-0.816373,0.081395,0.379935,0.351406,0.855665,0.001118,0.00813,0.019884,-0.238409,0.295113,0.060951,-0.851195,0.12157,0.030819,-0.042347,-0.656819,0.640116,-0.398544,-0.712895,-0.699368,0.051604,-0.245697,0.318015,0.915695,-0.024222,-0.008028,0.01873,-0.116235,0.074599,-0.128879,-0.720784
1731,0.165129,0.018201,0.399307,-0.730855,0.550551,-0.403474,-0.617057,-0.785574,0.045674,-0.290909,0.281657,0.914368,-0.061275,-0.033695,0.043343,1.747768,-1.756967,0.877345,-0.68808,-0.183915,0.057242,0.344839,0.790175,0.411802,0.45391,-0.544689,0.811233,0.212482,-0.281708,-0.41566,0.864714,0.001559,0.024125,0.029655,-0.090921,0.048301,0.117412,-0.706524,-0.002027,0.044739,-0.010991,-0.727959,-0.451568,0.515908,0.570427,-0.816365,0.090333,0.380378,0.360047,0.851867,0.000761,0.012351,0.015009,-0.078498,0.024419,0.142763,-0.847113,0.120479,0.030354,-0.041625,-0.653286,0.63914,-0.405853,-0.712921,-0.699761,0.045573,-0.254873,0.319113,0.912801,-0.030671,-0.017032,0.021604,-0.146251,0.029136,-0.021636,-0.721273
1732,0.162556,0.016954,0.400799,-0.724613,0.555272,-0.408233,-0.620145,-0.783703,0.034648,-0.299798,0.277574,0.912743,-0.074153,-0.036575,0.042319,-0.111019,-0.031346,0.121316,-0.6874,-0.183938,0.057941,0.34578,0.790681,0.405634,0.45856,-0.542889,0.810635,0.219263,-0.283767,-0.422829,0.860555,0.001219,0.011097,0.021431,-0.077627,0.04358,0.077849,-0.70283,-0.002038,0.045105,-0.01051,-0.727978,-0.445567,0.521073,0.569361,-0.816293,0.097431,0.381937,0.367606,0.847932,0.000265,0.011044,0.006784,-0.01499,0.005104,0.086233,-0.852991,0.119197,0.029724,-0.040882,-0.645373,0.64317,-0.412097,-0.71572,-0.697652,0.032024,-0.266904,0.315613,0.910576,-0.03712,-0.018583,0.021038,-0.104714,-0.088358,0.125617,-0.72111
1733,0.159777,0.015604,0.402369,-0.711978,0.56553,-0.416302,-0.629056,-0.777082,0.020077,-0.311267,0.275464,0.909538,-0.061949,-0.036704,0.041952,1.846699,-1.808685,1.268425,-0.685874,-0.183889,0.058338,0.346362,0.794107,0.39051,0.465712,-0.532418,0.816394,0.223533,-0.293899,-0.425957,0.855598,0.00101,0.003029,0.016423,1.369885,2.098069,-1.406196,-0.703257,-0.002014,0.045302,-0.01022,-0.732339,-0.430464,0.527616,0.558903,-0.822604,0.10463,0.38898,0.371512,0.843013,0.000149,0.006345,0.003872,0.013496,-0.020533,0.03222,-0.864585,0.117803,0.029042,-0.040101,-0.632928,0.651453,-0.418341,-0.72345,-0.690088,0.019916,-0.275718,0.315255,0.908071,-0.037225,-0.018131,0.021329,-0.078445,-0.029996,0.322339,-0.7216
1734,0.158522,0.014924,0.403187,-0.706578,0.570318,-0.418963,-0.634897,-0.772338,0.019269,-0.311718,0.2789,0.908336,-0.074368,-0.034404,0.043607,-0.128059,-0.105044,0.292567,-0.681095,-0.183841,0.058435,0.346571,0.794354,0.388329,0.467114,-0.531682,0.816241,0.22583,-0.294568,-0.428237,0.854228,0.000262,0.010472,0.006381,-0.107992,0.140359,0.140301,-0.703586,-0.00199,0.045347,-0.010112,-0.730712,-0.429502,0.530647,0.559139,-0.822496,0.104223,0.391691,0.372863,0.84116,0.006394,-0.000903,0.006305,-0.201217,0.20721,0.194763,-0.868504,0.117179,0.028697,-0.039695,-0.625678,0.655569,-0.422794,-0.728716,-0.684607,0.016873,-0.278387,0.318654,0.906067,-0.030973,-0.017388,0.021547,-0.137536,-0.130936,0.316873,-0.719314
1735,0.155937,0.013965,0.404706,-0.697404,0.581303,-0.419238,-0.645221,-0.763848,0.014073,-0.311192,0.279588,0.908305,-0.073812,-0.016444,0.038263,-0.086031,-0.028821,0.163986,-0.679392,-0.183655,0.058274,0.34692,0.7927,0.392686,0.46628,-0.534072,0.816008,0.220981,-0.294697,-0.424697,0.85595,0.000708,-0.008987,0.00909,0.215168,-0.346708,-0.283893,-0.705336,-0.001897,0.045273,-0.009939,-0.729273,-0.431807,0.530756,0.560258,-0.822144,0.100937,0.392773,0.370971,0.841491,0.006303,-0.004658,0.004015,0.242702,-0.428344,-0.268329,-0.875362,0.115886,0.028201,-0.038939,-0.615101,0.665449,-0.422878,-0.737905,-0.674806,0.01144,-0.277749,0.319081,0.906113,-0.030703,-0.003493,0.014032,-0.064344,-0.164342,0.385072,-0.716865
1736,0.153442,0.013716,0.406094,-0.700986,0.578352,-0.417342,-0.641605,-0.766874,0.014808,-0.310617,0.277425,0.909164,-0.060561,0.000352,0.031807,-0.060321,-0.082654,0.232505,-0.66905,-0.183325,0.057848,0.347218,0.790936,0.39903,0.463883,-0.537175,0.815704,0.214484,-0.293788,-0.419336,0.8589,0.013251,-0.022356,0.014684,0.003267,-0.095611,-0.082962,-0.705734,-0.001732,0.045048,-0.009792,-0.72777,-0.439825,0.526216,0.563035,-0.821267,0.092254,0.391589,0.363418,0.845331,0.006615,-0.011355,0.00723,-0.028815,-0.066153,-0.068157,-0.878791,0.114633,0.02807,-0.038242,-0.619108,0.662792,-0.421201,-0.73466,-0.67832,0.012461,-0.277451,0.317155,0.906881,-0.030317,0.0001,0.015903,-0.065718,-0.078866,0.204017,-0.712129
1737,0.152318,0.013671,0.406787,-0.698895,0.580279,-0.418171,-0.644048,-0.76482,0.01497,-0.310275,0.279058,0.908781,-0.048013,0.0001,0.031263,-0.06737,-0.007379,0.053052,-0.669601,-0.183166,0.057603,0.347397,0.789586,0.403133,0.462635,-0.539101,0.81572,0.209535,-0.293891,-0.415364,0.860793,0.000672,-0.010818,0.007991,0.048701,-0.204425,0.069278,-0.703897,-0.001658,0.044931,-0.009709,-0.726438,-0.443802,0.524716,0.564425,-0.820873,0.087124,0.392059,0.359453,0.846807,0.000332,-0.00534,0.004033,0.0457,-0.119365,-0.115515,-0.882057,0.114085,0.028051,-0.037905,-0.616828,0.664368,-0.422062,-0.736769,-0.676026,0.012627,-0.276936,0.318751,0.906478,-0.023988,0.000477,0.015894,-0.066886,-0.019779,0.079193,-0.709843
1738,0.150775,0.013904,0.408027,-0.698934,0.584216,-0.412587,-0.64824,-0.761149,0.020235,-0.301355,0.280867,0.911222,-0.034341,0.009547,0.035676,-0.039467,0.081935,-0.027851,-0.670747,-0.182894,0.05713,0.347759,0.789642,0.404954,0.460944,-0.540008,0.815223,0.209134,-0.292064,-0.414568,0.861798,0.000695,-0.010005,0.008496,-0.035856,0.011835,-0.017549,-0.702501,-0.001517,0.044687,-0.009528,-0.726703,-0.445471,0.522931,0.565365,-0.820246,0.086927,0.390209,0.358817,0.84793,0.006318,-0.004739,0.003978,-0.043738,0.007928,0.017533,-0.88124,0.113289,0.028155,-0.03728,-0.616208,0.668551,-0.416324,-0.740651,-0.671656,0.017676,-0.26781,0.319243,0.909043,-0.023383,0.010145,0.01344,-0.000645,-0.011283,0.144542,-0.709353
1739,0.149396,0.014776,0.409354,-0.701004,0.585663,-0.406988,-0.649363,-0.760063,0.024601,-0.294062,0.280795,0.913624,-0.032941,0.020005,0.040822,-0.056094,0.04429,-0.011867,-0.650099,-0.18263,0.056672,0.348273,0.787692,0.40748,0.462054,-0.542339,0.8143,0.206684,-0.293009,-0.41391,0.861793,0.000816,-0.004516,0.011838,-0.019081,-0.025998,-0.009655,-0.700791,-0.001385,0.044448,-0.009276,-0.724619,-0.448124,0.523556,0.567364,-0.819159,0.084112,0.391184,0.357996,0.847828,0.006707,-0.008045,0.009267,-0.075011,-0.011992,0.013042,-0.879607,0.112599,0.028587,-0.036618,-0.618076,0.670287,-0.410725,-0.741649,-0.670428,0.021952,-0.260647,0.318182,0.911494,-0.016462,0.014999,0.015615,-0.031092,-0.059926,0.156943,-0.702169
1740,0.148326,0.01542,0.410679,-0.700711,0.586153,-0.406786,-0.650413,-0.759103,0.026421,-0.292439,0.282358,0.913663,-0.021563,0.009418,0.034896,-0.062968,-0.057251,0.166094,-0.648048,-0.182394,0.056436,0.348969,0.786012,0.413683,0.459394,-0.545458,0.813691,0.200788,-0.291719,-0.408927,0.864605,0.000955,0.002245,0.015921,0.159659,0.087212,-0.168245,-0.669369,-0.001267,0.044325,-0.008932,-0.723397,-0.454044,0.520134,0.569675,-0.818149,0.078106,0.390084,0.35281,0.850504,0.00679,-0.003904,0.011777,0.484662,0.546556,-0.43447,-0.867687,0.112063,0.028936,-0.035941,-0.617821,0.670523,-0.410725,-0.742496,-0.669418,0.02403,-0.258835,0.319808,0.911442,-0.010873,0.00413,0.017183,-0.071833,0.029851,-0.044191,-0.6958
1741,0.148005,0.015585,0.411336,-0.700398,0.586528,-0.406783,-0.651139,-0.758445,0.027421,-0.291574,0.283343,0.913635,-0.00945,0.006433,0.032939,-0.062988,-0.060504,0.169227,-0.650182,-0.182358,0.056413,0.349402,0.786212,0.41352,0.459198,-0.545545,0.813374,0.201835,-0.291014,-0.409723,0.864466,0.001008,0.004915,0.017511,-0.033926,-0.004744,0.005959,-0.648982,-0.00125,0.044315,-0.008725,-0.723426,-0.453908,0.520213,0.570004,-0.817827,0.079078,0.389551,0.353731,0.850366,0.000841,-0.002653,0.012952,-0.081094,0.004216,0.02022,-0.850215,0.111901,0.029017,-0.035624,-0.617472,0.670842,-0.410729,-0.743115,-0.668696,0.024987,-0.257891,0.320648,0.911414,-0.010938,0.003401,0.016784,-0.071281,0.030749,-0.043901,-0.695474
1742,0.147598,0.015807,0.412771,-0.702369,0.590125,-0.398091,-0.652165,-0.757559,0.027513,-0.284473,0.278206,0.917444,-0.009092,0.009026,0.034117,0.206125,0.423822,0.174574,-0.653004,-0.182349,0.056406,0.350284,0.786111,0.413572,0.459325,-0.546262,0.812444,0.203632,-0.289936,-0.411515,0.863977,0.001045,0.006806,0.018592,-0.032937,-0.019764,0.030583,-0.629559,-0.001244,0.044314,-0.008272,-0.723308,-0.453852,0.520425,0.570927,-0.816993,0.081015,0.388415,0.355724,0.850054,0.000843,-0.002418,0.013073,-0.069209,-0.007039,0.014214,-0.82115,0.11169,0.029127,-0.034885,-0.618976,0.674018,-0.403196,-0.744005,-0.667665,0.026049,-0.251643,0.316104,0.914742,-0.004574,0.004466,0.017041,0.323686,0.589183,0.224002,-0.696127
1743,0.147712,0.015834,0.414263,-0.706357,0.597392,-0.379774,-0.654051,-0.755941,0.027246,-0.269937,0.266889,0.925165,0.015251,-0.00374,0.041528,0.311476,0.621624,0.294359,-0.653323,-0.182319,0.056241,0.351319,0.785276,0.416066,0.458501,-0.548468,0.810931,0.203735,-0.288021,-0.41199,0.864391,0.001739,-0.003509,0.026895,-0.002156,-0.010731,-0.233687,-0.62993,-0.00123,0.044242,-0.00777,-0.722759,-0.455865,0.519428,0.572793,-0.815672,0.081155,0.386688,0.356181,0.85065,0.000517,0.003953,0.009595,0.107941,-0.214019,-0.101385,-0.812822,0.111741,0.029142,-0.034154,-0.622221,0.681501,-0.385222,-0.745537,-0.665953,0.026065,-0.238777,0.303415,0.922455,0.007579,0.002531,0.015624,0.005512,0.186867,-0.082211,-0.69727
1744,0.147983,0.015892,0.414962,-0.708236,0.600576,-0.371156,-0.654503,-0.75559,0.026135,-0.26387,0.260681,0.928679,0.01546,0.007473,0.032361,0.104518,0.323405,-0.008625,-0.653456,-0.18233,0.056162,0.351851,0.784935,0.418219,0.457124,-0.549753,0.81026,0.20294,-0.28649,-0.411131,0.865308,0.001775,-0.001733,0.027925,-0.0194,-0.079364,-0.038377,-0.630846,-0.001235,0.044194,-0.007492,-0.722471,-0.458408,0.517587,0.574188,-0.814822,0.079818,0.385153,0.354859,0.851898,0.000876,-0.000576,0.014135,-0.027658,-0.073268,-0.039609,-0.812168,0.111876,0.029164,-0.033802,-0.623504,0.686166,-0.374722,-0.746182,-0.665335,0.023263,-0.233353,0.294116,0.926844,0.007643,-0.001438,0.02095,0.081105,0.348763,-0.015302,-0.69776
1745,0.148643,0.016018,0.416346,-0.711574,0.606298,-0.355121,-0.65476,-0.755499,0.021963,-0.254098,0.247388,0.935019,0.027366,-0.004904,0.04041,-0.02779,0.183352,-0.081524,-0.654476,-0.182318,0.05591,0.35315,0.7824,0.428785,0.451648,-0.555175,0.808694,0.194239,-0.28293,-0.40326,0.87017,0.002482,-0.011413,0.036625,0.320682,-0.499666,-0.43505,-0.634088,-0.001229,0.044075,-0.006844,-0.720673,-0.466696,0.512663,0.577942,-0.812853,0.072468,0.3829,0.348516,0.855525,0.001229,-0.005316,0.018545,0.124877,0.065791,-0.224599,-0.812822,0.112202,0.029236,-0.033111,-0.626058,0.692501,-0.358457,-0.746489,-0.665131,0.018808,-0.225397,0.27936,0.933355,0.013728,0.002759,0.015435,-0.030786,0.105271,-0.047517,-0.697596
1746,0.149895,0.015849,0.417814,-0.711586,0.61262,-0.344076,-0.657002,-0.753686,0.016676,-0.248229,0.237158,0.939237,0.039129,-0.008866,0.038031,0.190238,0.411094,0.249691,-0.658883,-0.182374,0.055349,0.354717,0.781499,0.436418,0.445858,-0.556679,0.810314,0.182846,-0.282458,-0.391649,0.875609,-0.009368,-0.009615,0.03849,0.104703,-0.389514,-0.046565,-0.643977,-0.001252,0.043793,-0.006063,-0.720244,-0.47561,0.505017,0.578598,-0.81347,0.059082,0.382716,0.334756,0.861084,0.001564,-0.01083,0.022527,0.10024,-0.338048,-0.267895,-0.818374,0.112824,0.029156,-0.032374,-0.625521,0.697593,-0.34941,-0.748212,-0.663285,0.015224,-0.221139,0.270955,0.936845,0.01955,-0.004396,0.019014,0.197351,0.42574,0.261896,-0.699392
1747,0.151494,0.015431,0.419138,-0.709741,0.619749,-0.335,-0.661499,-0.749793,0.014198,-0.241504,0.230903,0.942543,0.05063,-0.015326,0.034526,0.040859,0.313428,0.179187,-0.661133,-0.18248,0.054568,0.356571,0.78077,0.446727,0.436834,-0.558356,0.812512,0.167322,-0.281155,-0.375117,0.883234,-0.00864,-0.018716,0.047606,0.204055,-0.560314,-0.222974,-0.663696,-0.001307,0.043412,-0.005157,-0.720479,-0.484165,0.496481,0.57817,-0.814699,0.044535,0.38292,0.319137,0.866903,-0.004341,-0.008849,0.024099,-0.077303,-0.196959,0.054055,-0.833886,0.11362,0.028954,-0.031709,-0.622794,0.704992,-0.339281,-0.752221,-0.658803,0.011871,-0.215151,0.262608,0.940609,0.025331,-0.007342,0.017388,-0.029648,0.528813,0.186672,-0.701842
1748,0.152507,0.01521,0.419726,-0.707895,0.624891,-0.329306,-0.664333,-0.747355,0.009747,-0.239142,0.224887,0.944597,0.062665,-0.007651,0.023226,0.31722,0.514849,0.378138,-0.663867,-0.182585,0.054225,0.35754,0.780455,0.449822,0.434213,-0.559564,0.812239,0.16459,-0.279618,-0.371998,0.885039,-0.008572,-0.015798,0.049269,-0.029897,-0.144869,-0.13859,-0.66593,-0.001358,0.04323,-0.004657,-0.720574,-0.488558,0.492019,0.579413,-0.814038,0.040251,0.380858,0.314087,0.869652,-0.004316,-0.007791,0.024704,-0.030798,-0.250332,0.025758,-0.840418,0.114103,0.028841,-0.03142,-0.620545,0.709029,-0.334962,-0.754474,-0.656273,0.008565,-0.213754,0.258035,0.942192,0.025185,-0.008554,0.016814,-0.033215,0.058577,0.159374,-0.702985
