frame,MLTx,MLTy,MLTz,MLTR1,MLTR2,MLTR3,MLTR4,MLTR5,MLTR6,MLTR7,MLTR8,MLTR9,MLTTVx,MLTTVy,MLTTVz,MLTRVx,MLTRVy,MLTRVz,MLGA,MRTx,MRTy,MRTz,MRTR1,MRTR2,MRTR3,MRTR4,MRTR5,MRTR6,MRTR7,MRTR8,MRTR9,MRTTVx,MRTTVy,MRTTVz,MRTRVx,MRTRVy,MRTRVz,MRGA,SLTx,SLTy,SLTz,SLTR1,SLTR2,SLTR3,SLTR4,SLTR5,SLTR6,SLTR7,SLTR8,SLTR9,SLTTVx,SLTTVy,SLTTVz,SLTRVx,SLTRVy,SLTRVz,SLGA,SRTx,SRTy,SRTz,SRTR1,SRTR2,SRTR3,SRTR4,SRTR5,SRTR6,SRTR7,SRTR8,SRTR9,SRTTVx,SRTTVy,SRTTVz,SRTRVx,SRTRVy,SRTRVz,SRGA
480,0.083337,0.013337,0.406736,-0.039914,0.470992,-0.88126,-0.309738,-0.844294,-0.437267,-0.949948,0.254915,0.180678,0.012117,-0.003916,-0.002444,0.009174,-0.036449,0.236762,0.023272,-0.10131,0.032768,0.372396,0.03603,-0.074417,0.996572,-0.862612,0.501111,0.068722,-0.504521,-0.862018,-0.0474,1e-06,-7e-06,-4e-06,0.0,0.0,-0.0,-1.403876,0.038972,0.034478,0.001408,0.11736,-0.042549,0.992177,0.894185,-0.430119,-0.124215,0.432039,0.901768,-0.012432,-7e-06,2.8e-05,1.7e-05,-0.000219,-0.000421,9e-05,-0.801881,0.079133,0.028741,-0.039666,-0.088634,0.501971,-0.860329,-0.254835,-0.846411,-0.467596,-0.962913,0.177797,0.202941,-0.000222,-0.000685,-0.000397,0.011899,0.033733,0.005102,-0.140122
481,0.083505,0.013267,0.406692,-0.042052,0.476668,-0.878103,-0.308983,-0.841944,-0.442303,-0.950099,0.25212,0.183778,0.0124,-0.003038,-0.001937,0.000703,0.010366,0.040457,0.000481,-0.101305,0.032784,0.372405,0.036246,-0.074425,0.996564,-0.862598,0.501109,0.068912,-0.50453,-0.862019,-0.047297,-8.2e-05,0.000358,0.000222,-0.0,0.0,0.0,-1.40385,0.038975,0.034487,0.001413,0.117143,-0.042561,0.992202,0.894204,-0.430134,-0.124024,0.432059,0.90176,-0.012329,-5.4e-05,0.000235,0.000144,-0.000114,1e-06,7e-06,-0.802698,0.079215,0.028702,-0.03969,-0.091069,0.507401,-0.856883,-0.254254,-0.843788,-0.472625,-0.962839,0.174825,0.205851,-1.8e-05,-5.2e-05,-3.2e-05,0.012198,-0.004765,-0.008461,-0.178006
482,0.083591,0.013254,0.406684,-0.044294,0.478303,-0.877103,-0.309066,-0.841398,-0.443284,-0.949968,0.250847,0.186185,9.2e-05,0.000288,0.000166,-0.000203,0.018201,0.007913,-0.015111,-0.101307,0.032791,0.372421,0.036274,-0.074421,0.996563,-0.86261,0.501086,0.068933,-0.504508,-0.862032,-0.047281,-0.000165,0.000723,0.000449,-0.0,0.0,0.0,-1.40386,0.038974,0.03449,0.001421,0.117116,-0.042568,0.992205,0.894218,-0.430112,-0.124003,0.432038,0.90177,-0.012308,-0.000106,0.000467,0.000288,-9.3e-05,-4e-06,2.4e-05,-0.802371,0.079263,0.028695,-0.039695,-0.09339,0.508826,-0.855788,-0.254369,-0.843212,-0.47359,-0.962586,0.173457,0.208177,6.5e-05,0.000205,0.000117,0.011734,-0.011849,-0.010796,-0.193518
483,0.083803,0.013197,0.406647,-0.044508,0.48198,-0.875077,-0.308233,-0.839778,-0.446921,-0.950228,0.249231,0.187025,-0.000266,-0.000832,-0.00048,-0.000125,0.010991,0.004778,-0.05786,-0.101293,0.032817,0.372435,0.036536,-0.07443,0.996552,-0.862593,0.501084,0.069165,-0.504519,-0.862033,-0.047157,-2.8e-05,0.000122,7.6e-05,0.0,0.0,0.0,-1.404119,0.03898,0.034505,0.001429,0.116855,-0.042579,0.992235,0.894239,-0.430134,-0.123772,0.432065,0.901759,-0.012188,-1e-05,4.7e-05,2.9e-05,-6.2e-05,1.1e-05,-2.7e-05,-0.802534,0.07937,0.028669,-0.039712,-0.093768,0.512339,-0.853647,-0.253678,-0.84142,-0.477136,-0.962732,0.171812,0.208867,0.006045,-0.002002,-0.001252,0.009331,-0.026568,0.019551,-0.222584
484,0.083936,0.013142,0.406613,-0.043187,0.487237,-0.872227,-0.306456,-0.837358,-0.452646,-0.950865,0.247139,0.186563,-0.000346,-0.001084,-0.000626,0.027718,-0.026653,0.063905,-0.089007,-0.101298,0.032839,0.372449,0.03675,-0.074437,0.996544,-0.862579,0.501082,0.069353,-0.504527,-0.862033,-0.047055,-0.000178,0.00078,0.000484,0.0,0.0,0.0,-1.403721,0.038978,0.034514,0.001435,0.116643,-0.042589,0.99226,0.894256,-0.430153,-0.123585,0.432087,0.90175,-0.012089,-0.000114,0.000498,0.00031,-3.9e-05,1.9e-05,-1.4e-05,-0.802208,0.079437,0.028642,-0.039729,-0.092672,0.517454,-0.850678,-0.252096,-0.838711,-0.482711,-0.963254,0.169718,0.208173,-0.000227,-0.00071,-0.000413,0.102765,-0.106871,0.223532,-0.248874
485,0.084025,0.013106,0.406591,-0.043043,0.487367,-0.872162,-0.306459,-0.83727,-0.452806,-0.950871,0.24718,0.186479,-0.00036,-0.001127,-0.000651,-0.0,1e-05,4e-06,-0.1065,-0.101289,0.032841,0.372449,0.036923,-0.074444,0.996537,-0.862567,0.50108,0.069506,-0.504534,-0.862034,-0.046973,-2e-06,1e-05,6e-06,0.0,0.0,0.0,-1.404064,0.038983,0.034516,0.001436,0.116471,-0.042597,0.992279,0.894269,-0.430169,-0.123433,0.432106,0.901742,-0.012009,3e-06,-1.5e-05,-9e-06,-3.4e-05,-8e-06,9e-06,-0.802534,0.079481,0.028623,-0.03974,-0.092461,0.517547,-0.850644,-0.252095,-0.838637,-0.48284,-0.963274,0.169799,0.208012,0.005993,-0.002175,-0.001352,-4.3e-05,-0.016073,0.027863,-0.261121
486,0.084182,0.013006,0.406519,-0.045564,0.492599,-0.869089,-0.305662,-0.835083,-0.45736,-0.951006,0.24419,0.189697,-0.00042,-0.001319,-0.000763,-0.001262,0.108464,0.047156,-0.134888,-0.101291,0.032848,0.372454,0.036945,-0.074444,0.996536,-0.862566,0.501079,0.069525,-0.504535,-0.862034,-0.046962,-0.0,1e-06,0.0,0.0,0.0,0.0,-1.403594,0.038982,0.03452,0.001438,0.11645,-0.042598,0.992282,0.894272,-0.430169,-0.123415,0.432107,0.901742,-0.012,1e-06,-1.3e-05,-9e-06,-1.5e-05,-8e-06,3.4e-05,-0.802534,0.079559,0.028572,-0.039777,-0.095345,0.522574,-0.847245,-0.251757,-0.836112,-0.487375,-0.963082,0.166831,0.211281,-0.000257,-0.000806,-0.000469,0.00345,0.118088,0.048617,-0.285124
487,0.084266,0.012979,0.406513,-0.04817,0.49776,-0.866002,-0.304909,-0.832895,-0.461831,-0.951116,0.241181,0.192967,7.8e-05,0.000245,0.000142,-0.000688,0.058821,0.025571,-0.159184,-0.101311,0.032852,0.372457,0.036917,-0.074443,0.996537,-0.862567,0.50108,0.0695,-0.504534,-0.862034,-0.046975,-0.0,1e-06,0.0,0.0,0.0,0.0,-1.403766,0.038972,0.034522,0.00144,0.116477,-0.042597,0.992279,0.894269,-0.430167,-0.123439,0.432104,0.901743,-0.012012,0.0,-1e-05,-9e-06,-1.3e-05,7e-06,-1.5e-05,-0.800411,0.0796,0.028557,-0.039781,-0.098494,0.527557,-0.843789,-0.25122,-0.833631,-0.491881,-0.962905,0.16353,0.214641,0.006288,-0.001249,-0.000816,0.014108,0.018092,0.033149,-0.303413
488,0.084366,0.012909,0.406483,-0.052833,0.504694,-0.861707,-0.304247,-0.829964,-0.46751,-0.951075,0.236839,0.198471,-0.000444,-0.001396,-0.000808,-0.005665,0.470092,0.204354,-0.180265,-0.101309,0.032844,0.372453,0.037193,-0.074452,0.996526,-0.862549,0.501077,0.069744,-0.504545,-0.862034,-0.046844,2.5e-05,-0.000109,-6.8e-05,0.0,0.0,0.0,-1.403736,0.038973,0.034518,0.001438,0.116203,-0.04261,0.99231,0.89429,-0.430194,-0.123197,0.432135,0.90173,-0.011884,1.3e-05,-6.7e-05,-4.4e-05,-1.6e-05,-0.0,-1.9e-05,-0.801718,0.079651,0.028525,-0.039794,-0.101602,0.532653,-0.840212,-0.250597,-0.831051,-0.496543,-0.962744,0.160105,0.217918,0.005945,-0.002339,-0.001447,0.005237,0.507338,0.25015,-0.322518
489,0.084408,0.012884,0.406467,-0.055096,0.506266,-0.860641,-0.304343,-0.829391,-0.468462,-0.950913,0.235485,0.200843,-6.6e-05,-0.000206,-0.000119,-0.004781,0.399192,0.173531,-0.183517,-0.1013,0.032846,0.372453,0.036776,-0.074672,0.996525,-0.859566,0.506176,0.069766,-0.509641,-0.859032,-0.046832,0.0,-2e-06,-1e-06,1.652197,0.115669,-0.077646,-1.403786,0.038977,0.034518,0.001438,0.116482,-0.042426,0.992286,0.892475,-0.433911,-0.123318,0.435796,0.899956,-0.012679,-3.4e-05,-0.000283,4e-06,5.515294,0.411044,-0.258938,-0.801228,0.079671,0.028509,-0.039804,-0.104334,0.534252,-0.838861,-0.2508,-0.830338,-0.497631,-0.962399,0.158467,0.220623,-2.4e-05,-8.2e-05,-5e-05,-0.076566,0.713106,0.124415,-0.327906
490,0.084478,0.012922,0.406477,-0.05499,0.506355,-0.860596,-0.304322,-0.829334,-0.468577,-0.950926,0.235496,0.200768,0.000306,0.000964,0.000558,-1e-06,7.3e-05,3.2e-05,-0.199028,-0.101317,0.032835,0.372448,0.036705,-0.074669,0.996528,-0.859571,0.506176,0.069703,-0.509639,-0.859032,-0.046865,8e-06,-3.5e-05,-2.2e-05,0.0,0.0,-0.0,-1.403163,0.038969,0.034513,0.001435,0.116672,-0.042356,0.992266,0.891683,-0.435503,-0.123436,0.437364,0.899189,-0.013043,2e-06,-1.2e-05,-1e-05,-0.000166,-9e-05,2.3e-05,-0.801391,0.079707,0.028528,-0.039799,-0.10562,0.535129,-0.838141,-0.250757,-0.82995,-0.4983,-0.96227,0.15754,0.221847,0.000235,0.000737,0.000425,0.000129,-0.004422,-0.001962,-0.337704
491,0.084504,0.012971,0.406505,-0.055755,0.505577,-0.861004,-0.304312,-0.829863,-0.467647,-0.950884,0.235306,0.201191,0.000418,0.001318,0.000762,-0.0,0.0,0.0,-0.211734,-0.101366,0.032756,0.372405,0.036045,-0.074873,0.996537,-0.856572,0.51126,0.06951,-0.514708,-0.855998,-0.046967,-0.011823,-0.004549,-0.001711,-0.002045,0.015205,-0.029245,-1.397835,0.038948,0.034477,0.001415,0.117292,-0.0421,0.992204,0.889035,-0.440782,-0.123799,0.442558,0.896626,-0.014272,0.000295,-0.001296,-0.000805,-0.000315,-0.000379,0.000113,-0.801718,0.07972,0.028553,-0.039785,-0.106277,0.534297,-0.838588,-0.250723,-0.830513,-0.497377,-0.962206,0.157394,0.222226,0.000263,0.000825,0.000477,-0.00969,0.078504,-0.182046,-0.348481
492,0.0845,0.013027,0.406526,-0.056473,0.504843,-0.861388,-0.304277,-0.830366,-0.466775,-0.950852,0.235107,0.201575,0.000978,0.00308,0.00178,0.001269,-0.011466,0.026409,-0.218609,-0.101371,0.032693,0.372368,0.03612,-0.074875,0.996534,-0.856567,0.511259,0.069576,-0.514711,-0.855998,-0.046931,0.000558,-0.002453,-0.001524,0.012833,-0.093874,0.174852,-1.398368,0.038941,0.034443,0.001395,0.117239,-0.042105,0.99221,0.889041,-0.440782,-0.123754,0.442559,0.896625,-0.014244,0.000293,-0.001284,-0.000799,0.01261,-0.093894,0.174873,-0.799269,0.079716,0.028577,-0.039777,-0.106857,0.533619,-0.838946,-0.250662,-0.830981,-0.496626,-0.962158,0.157224,0.222554,0.00038,0.001196,0.000692,-0.00081,-0.000476,0.00016,-0.35338
493,0.084434,0.0132,0.406628,-0.059795,0.505365,-0.860858,-0.304345,-0.830512,-0.466472,-0.950623,0.233472,0.204534,0.001628,0.005122,0.002955,-0.008859,0.241755,-0.080196,-0.227809,-0.101369,0.03264,0.372335,0.036093,-0.074874,0.996535,-0.856569,0.51126,0.069552,-0.51471,-0.855998,-0.046943,9.1e-05,-0.0004,-0.000248,0.0,0.0,0.0,-1.402521,0.038943,0.034413,0.001377,0.117266,-0.042104,0.992207,0.889042,-0.440773,-0.123778,0.44255,0.89663,-0.014256,2.9e-05,-0.000129,-7.9e-05,-0.000144,1.9e-05,3.4e-05,-0.801065,0.079683,0.028662,-0.039726,-0.109825,0.533747,-0.838481,-0.250889,-0.831154,-0.496221,-0.961765,0.155868,0.225193,-0.005499,0.003722,0.00224,-0.016342,0.26014,0.084122,-0.362034
494,0.084476,0.013395,0.406741,-0.061878,0.507123,-0.859676,-0.30444,-0.829811,-0.467654,-0.950457,0.232147,0.206803,0.001527,0.004806,0.002768,-0.001659,0.204847,0.089022,-0.225927,-0.101353,0.032658,0.372345,0.036186,-0.074879,0.996532,-0.856563,0.511258,0.069634,-0.514713,-0.855999,-0.0469,-0.00035,0.001536,0.000954,0.0,0.0,0.0,-1.402937,0.038951,0.03442,0.001381,0.117174,-0.042106,0.992217,0.889052,-0.440778,-0.123696,0.442556,0.896627,-0.014214,-0.000216,0.000953,0.000596,0.001765,-0.013597,0.025332,-0.801881,0.079705,0.028764,-0.039668,-0.111954,0.535124,-0.837321,-0.251026,-0.83052,-0.497213,-0.961483,0.154525,0.22731,0.000911,0.002863,0.001648,-0.020839,0.287221,0.166603,-0.36579
495,0.084645,0.013368,0.406838,-0.063826,0.509072,-0.85838,-0.304792,-0.828923,-0.469,-0.950213,0.231054,0.209133,0.01182,-0.00482,-0.002964,-0.001561,0.144778,0.067431,-0.154136,-0.10136,0.032726,0.372398,0.036559,-0.074891,0.996517,-0.856552,0.511233,0.069959,-0.514706,-0.856013,-0.04672,-0.00061,0.002677,0.001663,0.001859,-0.013602,0.025336,-1.403307,0.038948,0.034455,0.001408,0.116804,-0.042124,0.99226,0.889092,-0.440787,-0.123372,0.442573,0.896622,-0.014034,-0.000309,0.001353,0.000843,0.001799,-0.013606,0.025338,-0.802045,0.079789,0.028765,-0.03961,-0.114308,0.53705,-0.835769,-0.251491,-0.829523,-0.49864,-0.961085,0.15319,0.229884,0.006052,-0.001957,-0.001226,-0.007494,0.181989,0.118611,-0.349298
496,0.084827,0.013172,0.406813,-0.063629,0.509305,-0.858257,-0.304999,-0.828719,-0.469226,-0.95016,0.231272,0.209133,0.010798,-0.008065,-0.004835,0.000968,-0.012875,0.030352,-0.066214,-0.10137,0.03277,0.372425,0.036688,-0.074897,0.996512,-0.856544,0.511231,0.070073,-0.514711,-0.856014,-0.046658,-0.00058,0.002548,0.001582,0.0,0.0,0.0,-1.402906,0.038943,0.034477,0.001422,0.116675,-0.042128,0.992275,0.889102,-0.440798,-0.123259,0.442586,0.896616,-0.013974,-0.000344,0.001509,0.000937,0.001812,-0.013594,0.025357,-0.801718,0.079877,0.028672,-0.039619,-0.114467,0.537395,-0.835525,-0.251587,-0.829317,-0.498935,-0.961041,0.153096,0.230131,0.005257,-0.00448,-0.00268,0.004549,-0.014802,-0.004388,-0.311414
497,0.085242,0.012757,0.40667,-0.067407,0.509306,-0.857968,-0.30631,-0.828901,-0.468048,-0.949472,0.230616,0.212945,0.010744,-0.008293,-0.004975,-0.001103,-0.002379,0.001514,0.079738,-0.101396,0.032841,0.37247,0.036878,-0.074905,0.996504,-0.856531,0.511229,0.070241,-0.514718,-0.856014,-0.046567,-0.000234,0.001029,0.000638,0.0,0.0,0.0,-1.402996,0.038929,0.034518,0.001447,0.116486,-0.042135,0.992297,0.889117,-0.440815,-0.123092,0.442606,0.896608,-0.013886,-0.000131,0.000575,0.000356,-2.7e-05,1.4e-05,2.2e-05,-0.800738,0.08009,0.02845,-0.0397,-0.118178,0.537024,-0.835247,-0.252841,-0.829691,-0.497677,-0.960262,0.15237,0.233833,0.005363,-0.00418,-0.002514,0.002795,-0.009476,0.004775,-0.183231
498,0.086017,0.012577,0.406484,-0.074649,0.501695,-0.861844,-0.311038,-0.832796,-0.457907,-0.947383,0.233254,0.219283,0.025409,-0.004134,-0.002767,0.001154,-0.028703,0.057413,0.217162,-0.101391,0.032865,0.372484,0.037116,-0.074916,0.996495,-0.856515,0.511227,0.070451,-0.514728,-0.856014,-0.046454,0.012276,0.002539,0.000463,0.002045,-0.015205,0.029245,-1.402987,0.038926,0.034529,0.001454,0.116274,-0.042142,0.992322,0.889133,-0.440834,-0.122905,0.442629,0.896598,-0.013787,1.2e-05,-5.3e-05,-3.3e-05,-1.7e-05,2e-06,1e-05,-0.801555,0.080464,0.028351,-0.039798,-0.124948,0.528953,-0.839402,-0.257138,-0.834389,-0.487518,-0.958262,0.154927,0.240269,0.012803,-0.001756,-0.001214,0.00699,-0.04454,0.093536,-0.006551
499,0.086552,0.012549,0.406413,-0.081862,0.494178,-0.865524,-0.31572,-0.836514,-0.447814,-0.945227,0.235984,0.225575,0.025984,-0.002258,-0.001687,-0.324558,0.189642,-0.455994,0.270761,-0.10139,0.032858,0.37248,0.037095,-0.074915,0.996496,-0.856517,0.511227,0.070433,-0.514727,-0.856014,-0.046464,2.1e-05,-9.2e-05,-5.7e-05,0.0,0.0,0.0,-1.403396,0.038932,0.034525,0.001452,0.116271,-0.042142,0.992322,0.889133,-0.440834,-0.122902,0.442629,0.896598,-0.013786,1.9e-05,-8.8e-05,-5.6e-05,-1.8e-05,5e-06,1.4e-05,-0.801718,0.080732,0.028337,-0.039833,-0.131253,0.521543,-0.843068,-0.26113,-0.838581,-0.478113,-0.956338,0.157396,0.246257,0.013174,-0.000609,-0.000568,-1.105031,0.949217,-2.224701,0.07983
500,0.087721,0.012539,0.4064,-0.091939,0.483633,-0.870455,-0.323315,-0.841238,-0.433311,-0.941715,0.240986,0.234789,0.02733,0.002233,0.000889,-0.088544,-0.031063,0.058503,0.352314,-0.101385,0.032836,0.372466,0.03703,-0.074912,0.996498,-0.856521,0.511228,0.070376,-0.514724,-0.856014,-0.046495,0.000117,-0.000513,-0.000318,0.0,0.0,0.0,-1.403069,0.038935,0.034514,0.001444,0.116335,-0.04214,0.992315,0.889129,-0.440828,-0.122958,0.442622,0.896601,-0.013816,7.5e-05,-0.000331,-0.000206,-1.1e-05,7e-06,-7e-06,-0.801718,0.081316,0.02833,-0.039841,-0.140987,0.510068,-0.848499,-0.26832,-0.844669,-0.463181,-0.952956,0.162367,0.255949,0.019905,-0.000262,-0.000467,-0.363493,0.26602,-0.64489,0.215198
501,0.088879,0.012583,0.406453,-0.095562,0.483571,-0.870099,-0.326561,-0.840897,-0.431536,-0.940229,0.242295,0.239353,0.027486,0.002927,0.001269,0.003181,-0.039314,0.086204,0.405306,-0.1014,0.032817,0.372456,0.036494,-0.075125,0.996502,-0.853485,0.516291,0.070294,-0.51978,-0.852951,-0.046538,1.1e-05,-4.9e-05,-3.1e-05,0.0,0.0,-0.0,-1.403289,0.038927,0.034503,0.001439,0.116853,-0.041886,0.992265,0.886457,-0.446103,-0.123224,0.447814,0.894,-0.014999,3e-06,-8e-06,-6e-06,-0.000173,-0.000117,1.4e-05,-0.802044,0.081896,0.028356,-0.039812,-0.144652,0.509841,-0.848019,-0.271634,-0.844567,-0.461431,-0.951467,0.163604,0.260658,0.013727,0.001409,0.000585,0.008743,-0.053076,0.082377,0.313336
502,0.089328,0.012589,0.406506,-0.096871,0.486047,-0.868573,-0.326938,-0.839735,-0.433507,-0.939962,0.241366,0.241332,0.026258,-0.008385,0.010127,-0.032037,-0.013166,0.073819,0.416626,-0.101402,0.032825,0.372461,0.036515,-0.075126,0.996501,-0.853483,0.516291,0.070313,-0.519781,-0.852951,-0.046528,-7e-06,2.9e-05,1.8e-05,0.0,0.0,0.0,-1.403338,0.038926,0.034508,0.001441,0.116832,-0.041887,0.992267,0.88646,-0.446103,-0.123205,0.447814,0.894001,-0.014987,-6e-06,2.5e-05,1.4e-05,-0.000129,-3e-06,3e-05,-0.802208,0.082122,0.028366,-0.039787,-0.146186,0.512271,-0.84629,-0.272149,-0.843296,-0.463449,-0.951085,0.162567,0.262692,0.007168,0.001728,0.00087,0.010826,-0.03984,0.046256,0.344361
503,0.089879,0.012609,0.406704,-0.10532,0.489031,-0.865911,-0.328831,-0.83884,-0.433808,-0.938382,0.238436,0.25023,0.014269,0.003305,0.001676,-0.001002,0.054154,0.059444,0.428515,-0.101385,0.032835,0.372477,0.03674,-0.075133,0.996492,-0.853482,0.516267,0.070508,-0.519768,-0.852965,-0.046419,-8e-06,3.5e-05,2.2e-05,0.0,0.0,0.0,-1.403075,0.038935,0.034513,0.00145,0.116608,-0.041898,0.992293,0.88649,-0.446097,-0.12301,0.447813,0.894003,-0.014876,0.000928,-0.005272,0.004371,-0.035915,0.003968,-0.021717,-0.802208,0.082403,0.028373,-0.039684,-0.154894,0.514646,-0.843295,-0.27424,-0.842449,-0.463758,-0.949104,0.159431,0.271627,0.00106,0.00354,0.002012,0.013988,0.029082,0.040039,0.372773
504,0.08992,0.012613,0.407052,-0.117677,0.491996,-0.862634,-0.332168,-0.838077,-0.432739,-0.935719,0.234999,0.26312,-0.010891,0.007937,0.004746,-0.014682,0.165272,0.013628,0.437988,-0.101328,0.032839,0.372474,0.036867,-0.075142,0.996487,-0.853474,0.516265,0.070621,-0.519772,-0.852966,-0.04636,0.012281,0.002524,0.000454,0.002045,-0.015205,0.029245,-1.403238,0.038959,0.034514,0.001448,0.116506,-0.041899,0.992305,0.886499,-0.446104,-0.12292,0.447822,0.893999,-0.014831,-1e-06,1e-06,0.0,-6e-05,3e-06,-1.7e-05,-0.802535,0.082432,0.028375,-0.039516,-0.167213,0.51656,-0.839764,-0.277624,-0.84196,-0.462631,-0.946025,0.155781,0.284196,-0.005805,-0.000869,0.007275,-0.147283,0.289464,-0.170531,0.390082
505,0.089556,0.012692,0.40753,-0.132377,0.492627,-0.860139,-0.336541,-0.838508,-0.428506,-0.932169,0.23213,0.277857,-0.011159,-0.000309,0.015363,-0.042317,0.259558,0.052497,0.447689,-0.101317,0.032834,0.37247,0.03687,-0.075142,0.996487,-0.853474,0.516265,0.070624,-0.519772,-0.852966,-0.046359,0.0,-2e-06,-1e-06,0.0,0.0,0.0,-1.403632,0.038969,0.034512,0.001446,0.116479,-0.041899,0.992308,0.886502,-0.446105,-0.122895,0.447824,0.893999,-0.014818,-1e-06,6e-06,3e-06,-4.4e-05,1.2e-05,-9e-06,-0.802535,0.08225,0.028414,-0.039278,-0.181678,0.515819,-0.837211,-0.281826,-0.842978,-0.458214,-0.942107,0.152701,0.298522,-0.005388,0.000511,0.008065,-0.040805,0.29805,0.110003,0.404289
506,0.089267,0.012773,0.407823,-0.140084,0.48879,-0.861107,-0.339898,-0.840516,-0.42187,-0.929813,0.232978,0.284951,-0.010506,0.001833,0.016575,-0.030735,0.012886,0.187157,0.456477,-0.101308,0.032836,0.372471,0.036895,-0.075144,0.996486,-0.853472,0.516264,0.070646,-0.519773,-0.852966,-0.046347,0.0,-0.0,-0.0,0.0,0.0,0.0,-1.403653,0.038973,0.034513,0.001446,0.116454,-0.0419,0.992311,0.886504,-0.446107,-0.122874,0.447826,0.893998,-0.014807,-0.0,4e-06,3e-06,-3.6e-05,2.9e-05,-7e-06,-0.802535,0.082104,0.028451,-0.039133,-0.189664,0.511529,-0.838072,-0.284872,-0.845518,-0.451604,-0.939613,0.15309,0.306085,-0.011483,0.002286,0.009184,-0.029016,0.075281,-0.048121,0.413596
507,0.088711,0.012961,0.40839,-0.149601,0.483308,-0.8626,-0.344513,-0.843169,-0.412733,-0.926615,0.234825,0.293717,-0.010616,0.001414,0.016324,-0.035562,0.021586,-0.020887,0.471031,-0.101326,0.032832,0.37247,0.036846,-0.075141,0.996488,-0.853475,0.516265,0.070602,-0.519772,-0.852966,-0.04637,0.0,-0.0,-0.0,0.0,0.0,0.0,-1.402933,0.038964,0.034511,0.001446,0.116503,-0.041899,0.992305,0.8865,-0.446102,-0.122917,0.44782,0.894,-0.014829,1e-06,2e-06,3e-06,-2.9e-05,4.5e-05,-1e-05,-0.802535,0.081828,0.028548,-0.038848,-0.198424,0.50532,-0.839808,-0.288958,-0.848922,-0.442531,-0.936552,0.154861,0.314463,-0.011205,0.00681,0.004091,0.002822,0.005573,-0.035908,0.43711
508,0.088262,0.013175,0.408819,-0.150644,0.482583,-0.862824,-0.345001,-0.843518,-0.411611,-0.926263,0.235062,0.294634,-0.010289,0.009729,0.00572,0.00031,0.003385,-0.003086,0.473046,-0.101334,0.032823,0.372465,0.036948,-0.075146,0.996484,-0.853468,0.516264,0.070692,-0.519776,-0.852966,-0.046321,0.000126,-0.000554,-0.000343,0.0,0.0,0.0,-1.403206,0.03896,0.034508,0.001444,0.116401,-0.041902,0.992317,0.886508,-0.446111,-0.122828,0.447831,0.893995,-0.014782,7.2e-05,-0.00031,-0.000191,-2.5e-05,3.7e-05,-1.2e-05,-0.802535,0.0816,0.028658,-0.038626,-0.199266,0.504525,-0.840087,-0.28941,-0.849339,-0.441434,-0.936234,0.155167,0.315259,-0.005176,0.004785,0.002823,-0.000761,0.002501,-0.002654,0.449847
509,0.088042,0.013262,0.409023,-0.151997,0.481385,-0.863256,-0.345125,-0.844221,-0.410064,-0.925994,0.234998,0.29553,-0.01113,-0.000338,0.015318,-0.034622,0.02013,-0.019547,0.472038,-0.101334,0.032823,0.372465,0.036948,-0.075146,0.996484,-0.853468,0.516264,0.070692,-0.519776,-0.852966,-0.046321,2e-06,-8e-06,-5e-06,0.0,0.0,0.0,-1.403132,0.03896,0.034507,0.001443,0.116402,-0.041902,0.992317,0.886508,-0.446111,-0.122828,0.447831,0.893996,-0.014782,1e-06,3e-06,2e-06,-2.4e-05,2e-06,9e-06,-0.802698,0.081498,0.028698,-0.038533,-0.200405,0.503374,-0.840506,-0.289478,-0.85003,-0.440056,-0.935969,0.155119,0.316066,-0.005778,-0.000841,0.007289,-0.036916,0.0309,-0.045681,0.449683
510,0.087595,0.013383,0.409398,-0.15509,0.476769,-0.865265,-0.340168,-0.848018,-0.406355,-0.927311,0.230715,0.294776,-0.011642,-0.00203,0.014361,-0.044688,0.098479,-0.233445,0.472935,-0.101325,0.032825,0.372465,0.036972,-0.075147,0.996482,-0.853467,0.516264,0.070714,-0.519777,-0.852966,-0.04631,0.0,-0.0,-0.0,0.0,0.0,0.0,-1.403553,0.038965,0.034508,0.001444,0.116377,-0.041902,0.99232,0.88651,-0.446113,-0.122806,0.447833,0.893995,-0.01477,1e-06,3e-06,5e-06,-1.1e-05,3.7e-05,1.8e-05,-0.802535,0.081271,0.028763,-0.038342,-0.202973,0.49849,-0.842797,-0.284133,-0.853665,-0.436489,-0.937053,0.150871,0.314909,-0.005334,0.00423,0.002506,-0.007884,0.015517,0.006278,0.44903
511,0.087148,0.013487,0.40973,-0.159677,0.474317,-0.865778,-0.335433,-0.850861,-0.404342,-0.928251,0.225251,0.29604,-0.011428,0.005919,0.003558,-0.000984,0.014712,-0.029554,0.474651,-0.101328,0.03284,0.372463,0.037009,-0.075154,0.996481,-0.853451,0.516285,0.07075,-0.5198,-0.852952,-0.046295,-4.8e-05,0.000209,0.00013,0.0,0.0,0.0,-1.403436,0.038963,0.034515,0.001442,0.11634,-0.041898,0.992325,0.886502,-0.446139,-0.122771,0.447859,0.893982,-0.014761,-3.5e-05,0.000158,0.0001,-1.1e-05,2.4e-05,-8e-06,-0.802535,0.081048,0.028814,-0.038171,-0.207659,0.495771,-0.84326,-0.279288,-0.856218,-0.434612,-0.937483,0.145261,0.316265,-0.006023,-0.001662,0.006825,-0.036725,0.031977,-0.04546,0.451479
512,0.086702,0.01356,0.410044,-0.156905,0.469842,-0.86872,-0.335312,-0.852653,-0.400651,-0.92877,0.227838,0.292408,-0.011539,0.005541,0.003342,0.000315,-0.066285,-0.064094,0.479523,-0.101329,0.032847,0.372468,0.037031,-0.075155,0.99648,-0.853449,0.516285,0.07077,-0.519801,-0.852952,-0.046284,-1e-06,5e-06,3e-06,0.0,0.0,0.0,-1.40318,0.038962,0.034519,0.001445,0.116318,-0.041899,0.992327,0.886504,-0.446141,-0.122751,0.447861,0.893981,-0.014751,3e-06,-8e-06,-3e-06,-6e-06,3e-06,-2e-06,-0.802535,0.080824,0.028848,-0.038016,-0.20443,0.491407,-0.846596,-0.278805,-0.858269,-0.430859,-0.938336,0.147954,0.312463,-0.006291,-0.002531,0.006335,-0.042779,-0.056007,-0.078521,0.455235
513,0.086543,0.013592,0.410133,-0.155721,0.46543,-0.871304,-0.329906,-0.855865,-0.398283,-0.930904,0.224843,0.287907,-0.011811,0.004657,0.002846,0.008542,-0.597185,-0.290365,0.48034,-0.101329,0.032847,0.372468,0.037031,-0.075155,0.99648,-0.853449,0.516285,0.07077,-0.519801,-0.852952,-0.046284,-0.0,0.0,0.0,0.0,0.0,0.0,-1.403179,0.038962,0.034519,0.001445,0.116318,-0.041898,0.992327,0.886503,-0.446141,-0.122751,0.447861,0.893981,-0.014751,2e-06,-7e-06,-4e-06,-1.3e-05,-3e-06,-4e-05,-0.802535,0.080745,0.028865,-0.03797,-0.205132,0.488586,-0.848058,-0.273448,-0.860589,-0.429663,-0.939758,0.143762,0.310137,-0.00587,0.002457,0.001503,-0.010338,-0.031511,-0.043682,0.458174
514,0.086306,0.013686,0.410203,-0.152284,0.459439,-0.875083,-0.32415,-0.859596,-0.394959,-0.933495,0.222935,0.280917,0.00014,0.000449,0.000251,0.002434,-0.1609,-0.068574,0.472013,-0.101345,0.032829,0.372458,0.036493,-0.075367,0.996484,-0.850383,0.52133,0.070688,-0.524839,-0.849859,-0.046328,5e-06,-2.2e-05,-1.4e-05,0.0,0.0,-0.0,-1.403265,0.038955,0.034509,0.00144,0.116838,-0.041646,0.992277,0.883801,-0.451401,-0.123011,0.453038,0.891348,-0.015935,0.0,1e-06,0.0,-0.000168,-0.0001,3.9e-05,-0.802861,0.080622,0.028915,-0.037934,-0.199191,0.481647,-0.853427,-0.267091,-0.864592,-0.425608,-0.942859,0.143165,0.300862,-0.006132,0.001601,0.001021,-0.004612,-0.158331,-0.099983,0.456542
515,0.086109,0.013762,0.410238,-0.146896,0.449548,-0.881121,-0.312825,-0.866121,-0.389803,-0.938216,0.217811,0.268954,-0.012363,0.002873,0.001845,0.002446,-0.214726,-0.127347,0.46475,-0.101354,0.032827,0.372458,0.036468,-0.075365,0.996485,-0.850385,0.521331,0.070666,-0.524838,-0.849859,-0.046339,0.0,-0.0,-0.0,0.0,0.0,0.0,-1.403241,0.03895,0.034509,0.00144,0.116863,-0.041645,0.992274,0.883801,-0.451394,-0.123032,0.45303,0.891352,-0.015945,2e-06,5e-06,7e-06,-0.000101,1e-06,-3e-06,-0.803187,0.080523,0.028952,-0.037917,-0.193002,0.472285,-0.860056,-0.255171,-0.870536,-0.420778,-0.947437,0.13825,0.288529,-0.006198,0.001381,0.000899,-0.010615,-0.176535,-0.105035,0.44756
516,0.086054,0.013782,0.410239,-0.142837,0.444012,-0.884589,-0.307055,-0.869479,-0.386907,-0.94075,0.215795,0.261629,0.0,1e-06,0.0,0.005235,-0.34605,-0.14751,0.461823,-0.101363,0.032825,0.372457,0.036592,-0.075372,0.99648,-0.850377,0.521329,0.070775,-0.524843,-0.849859,-0.04628,0.0,-0.0,-0.0,0.0,0.0,0.0,-1.402975,0.038946,0.034508,0.00144,0.11674,-0.041648,0.992288,0.883811,-0.451404,-0.122924,0.453042,0.891347,-0.015888,2e-06,3e-06,5e-06,-8.1e-05,-7e-06,-1.2e-05,-0.803351,0.080495,0.028961,-0.037917,-0.189145,0.467527,-0.863505,-0.249189,-0.873445,-0.418325,-0.949804,0.136052,0.28171,-0.006196,0.001386,0.000899,0.011896,-0.42857,-0.222474,0.442988
517,0.085937,0.013883,0.410172,-0.129828,0.429981,-0.89348,-0.294904,-0.877018,-0.379267,-0.94652,0.21371,0.241775,-9.1e-05,-0.000292,-0.000163,0.051991,-0.743926,-0.335452,0.457819,-0.101363,0.032825,0.372457,0.036592,-0.075372,0.99648,-0.850377,0.521329,0.070775,-0.524843,-0.849859,-0.04628,0.0,-0.0,-0.0,0.0,0.0,0.0,-1.403025,0.038946,0.034508,0.00144,0.11674,-0.041648,0.992288,0.883812,-0.451403,-0.122924,0.453042,0.891347,-0.015887,3e-06,1e-06,5e-06,-7.5e-05,3e-06,-2.1e-05,-0.803514,0.080437,0.029011,-0.03795,-0.176705,0.455727,-0.872403,-0.236643,-0.880023,-0.411775,-0.955392,0.133685,0.263348,-0.005872,0.006047,-0.004115,0.46559,-0.041012,-0.222191,0.434824
518,0.085929,0.014084,0.409942,-0.115229,0.415208,-0.902424,-0.277007,-0.885814,-0.372254,-0.953805,0.206561,0.218209,0.000625,0.009252,-0.010066,0.046599,-0.645897,-0.252626,0.446966,-0.101355,0.032834,0.372462,0.036638,-0.075375,0.996478,-0.850374,0.521329,0.070816,-0.524845,-0.849859,-0.046258,-2.9e-05,0.000128,8e-05,0.0,0.0,0.0,-1.403134,0.038949,0.034512,0.001442,0.116694,-0.041649,0.992293,0.883815,-0.451407,-0.122884,0.453046,0.891345,-0.015866,-1.8e-05,9.3e-05,6.1e-05,-6.4e-05,-1e-06,5e-06,-0.803187,0.080433,0.029111,-0.038066,-0.159558,0.44133,-0.883044,-0.217623,-0.888223,-0.404596,-0.962902,0.127615,0.237766,0.000318,0.004619,-0.005033,0.046232,-0.661942,-0.259944,0.423557
519,0.08593,0.014193,0.409774,-0.096334,0.401018,-0.911016,-0.259186,-0.893749,-0.366069,-0.960906,0.200353,0.191168,-0.000152,-0.000487,-0.000273,1.538292,-0.254016,-0.469751,0.439141,-0.101354,0.032827,0.372458,0.036616,-0.075374,0.996478,-0.850375,0.521329,0.070796,-0.524844,-0.84986,-0.046269,6e-06,-2.5e-05,-1.6e-05,0.0,0.0,0.0,-1.402877,0.03895,0.034509,0.00144,0.116715,-0.041648,0.992291,0.883815,-0.451403,-0.122903,0.453042,0.891347,-0.015876,3e-06,-1.1e-05,-5e-06,-4.2e-05,8e-06,8e-06,-0.803351,0.080432,0.029165,-0.03815,-0.140511,0.42985,-0.891899,-0.201082,-0.894451,-0.399401,-0.969444,0.123225,0.212116,-0.000191,-0.000332,-0.000342,5.045708,1.086464,-1.225446,0.41033
520,0.085924,0.014192,0.409739,-0.087765,0.396094,-0.914031,-0.253225,-0.896247,-0.364131,-0.963324,0.198998,0.180095,-0.000249,-0.000795,-0.000446,0.032034,-0.927603,-0.181607,0.437031,-0.101354,0.032827,0.372458,0.036616,-0.075374,0.996478,-0.850375,0.521329,0.070796,-0.524844,-0.84986,-0.046269,0.0,-0.0,-0.0,0.0,0.0,0.0,-1.403417,0.03895,0.034509,0.00144,0.116715,-0.041648,0.992291,0.883815,-0.451402,-0.122902,0.453041,0.891347,-0.015876,-0.0,3e-06,4e-06,-3.8e-05,1.7e-05,-1.2e-05,-0.803351,0.08043,0.029165,-0.038167,-0.132854,0.425764,-0.895027,-0.193422,-0.896807,-0.3979,-0.972078,0.120255,0.201496,-0.000146,-0.000477,-0.000262,-0.000189,-0.378215,0.060541,0.406085
521,0.085845,0.014124,0.409713,-0.078086,0.390494,-0.917313,-0.241884,-0.899996,-0.36259,-0.967075,0.193078,0.165871,-0.0004,-0.001277,-0.000717,0.014784,-0.25872,0.105199,0.431158,-0.101363,0.032825,0.372457,0.036592,-0.075372,0.99648,-0.850377,0.521329,0.070775,-0.524843,-0.849859,-0.04628,0.0,-0.0,-0.0,0.0,0.0,0.0,-1.403168,0.038946,0.034508,0.00144,0.11674,-0.041648,0.992288,0.883814,-0.4514,-0.122924,0.453038,0.891349,-0.015887,1e-06,1e-06,3e-06,-3.1e-05,3.3e-05,-2.6e-05,-0.803677,0.08039,0.02913,-0.03818,-0.120494,0.419755,-0.899603,-0.181787,-0.900212,-0.39569,-0.975927,0.115858,0.184776,-0.000236,-0.000762,-0.000423,-0.009218,-0.158593,-0.06276,0.398736
522,0.085549,0.014153,0.409759,-0.078424,0.388064,-0.918315,-0.236398,-0.902064,-0.361066,-0.968403,0.188282,0.163622,9.9e-05,0.000316,0.000177,1.4e-05,-0.000465,-0.0002,0.427831,-0.101363,0.032825,0.372457,0.03674,-0.075381,0.996473,-0.850367,0.521328,0.070906,-0.524849,-0.84986,-0.046209,0.0,-0.0,-0.0,0.0,0.0,0.0,-1.403261,0.038946,0.034508,0.00144,0.116592,-0.041652,0.992305,0.883824,-0.451414,-0.122794,0.453055,0.891342,-0.015818,2e-06,1e-06,3e-06,-2.9e-05,3e-05,-1.1e-05,-0.803351,0.080242,0.029143,-0.038159,-0.121,0.417795,-0.900447,-0.176466,-0.901716,-0.394671,-0.97684,0.111144,0.182834,-0.006099,0.001696,0.001074,-0.001728,0.027166,-0.024213,0.391388
523,0.085354,0.01423,0.409806,-0.079435,0.386834,-0.918746,-0.236344,-0.902634,-0.359674,-0.968332,0.188082,0.164268,-0.01192,0.004278,0.002631,-0.000984,0.014708,-0.029556,0.427565,-0.101354,0.032827,0.372458,0.036765,-0.075383,0.996472,-0.850365,0.521327,0.070928,-0.52485,-0.84986,-0.046198,0.0,-0.0,-0.0,0.0,0.0,0.0,-1.403546,0.03895,0.034509,0.00144,0.116567,-0.041652,0.992308,0.883826,-0.451416,-0.122772,0.453058,0.89134,-0.015807,1e-06,1e-06,2e-06,-3.1e-05,1.4e-05,-2e-06,-0.803514,0.080149,0.029179,-0.038136,-0.122019,0.41658,-0.900872,-0.176333,-0.902314,-0.393363,-0.976737,0.110855,0.183556,-0.005881,0.002387,0.00146,0.001021,0.017427,-0.029224,0.390572
524,0.085006,0.01435,0.409892,-0.079061,0.382852,-0.920445,-0.236098,-0.904203,-0.355875,-0.968424,0.188697,0.163021,-0.012287,0.003106,0.001973,0.005242,-0.226698,-0.133038,0.429231,-0.101354,0.032827,0.372458,0.036765,-0.075383,0.996472,-0.850365,0.521327,0.070928,-0.52485,-0.84986,-0.046198,0.0,-0.0,-0.0,0.0,0.0,0.0,-1.402995,0.03895,0.034509,0.00144,0.116567,-0.041652,0.992308,0.883826,-0.451416,-0.122772,0.453058,0.89134,-0.015807,1e-06,1e-06,2e-06,-3.1e-05,1.4e-05,-2e-06,-0.803514,0.079976,0.029244,-0.038091,-0.122138,0.413049,-0.90248,-0.175781,-0.903916,-0.389917,-0.976822,0.111015,0.183008,-0.00615,0.001537,0.000984,0.033275,-0.359705,-0.199539,0.390409
525,0.08468,0.014448,0.409896,-0.075915,0.377735,-0.922821,-0.235582,-0.906031,-0.35154,-0.968805,0.190237,0.158915,-0.012564,0.002234,0.001483,0.001556,-0.095988,-0.077009,0.429635,-0.101371,0.032816,0.372453,0.036694,-0.075378,0.996475,-0.85037,0.521328,0.070865,-0.524847,-0.84986,-0.046231,1e-06,-3e-06,-2e-06,0.0,0.0,0.0,-1.403412,0.038942,0.034503,0.001437,0.116638,-0.041651,0.9923,0.883821,-0.451409,-0.122835,0.453049,0.891344,-0.01584,-1e-06,5e-06,6e-06,-2.5e-05,5e-06,1.7e-05,-0.804004,0.079808,0.029294,-0.038088,-0.117756,0.407708,-0.905487,-0.174892,-0.906093,-0.385236,-0.977519,0.112999,0.178003,-0.006298,0.00107,0.000722,-0.006367,-0.069875,-0.063073,0.391878
526,0.084427,0.014477,0.409963,-0.062225,0.367706,-0.927883,-0.234818,-0.908928,-0.344504,-0.969983,0.195982,0.144054,-0.01225,0.003224,0.002038,0.023216,-0.745687,-0.139258,0.423143,-0.101371,0.032816,0.372453,0.036694,-0.075378,0.996475,-0.85037,0.521328,0.070865,-0.524847,-0.84986,-0.046231,0.0,-0.0,-0.0,0.0,0.0,0.0,-1.403217,0.038942,0.034503,0.001437,0.116638,-0.041651,0.9923,0.883822,-0.451408,-0.122835,0.453049,0.891344,-0.015839,1e-06,3e-06,5e-06,-1.4e-05,3.4e-05,1.7e-05,-0.804004,0.079686,0.029305,-0.038056,-0.105628,0.399958,-0.910426,-0.173847,-0.908875,-0.379107,-0.979091,0.11823,0.165534,7.1e-05,0.00023,0.000133,-0.017007,-0.096882,-0.034712,0.389919
527,0.084333,0.014476,0.409999,-0.055152,0.36293,-0.930208,-0.234507,-0.910221,-0.341285,-0.970494,0.19886,0.136466,2e-06,5e-06,3e-06,0.016202,-0.731609,-0.31346,0.417424,-0.101371,0.032816,0.372453,0.036694,-0.075378,0.996475,-0.85037,0.521328,0.070865,-0.524847,-0.84986,-0.046231,0.0,-0.0,-0.0,0.0,0.0,0.0,-1.403025,0.038942,0.034503,0.001437,0.116638,-0.041651,0.9923,0.883822,-0.451408,-0.122835,0.453048,0.891344,-0.015839,2e-06,2e-06,4e-06,-1.2e-05,3.2e-05,2.5e-05,-0.80384,0.079634,0.029307,-0.038037,-0.098298,0.395969,-0.912986,-0.173398,-0.910211,-0.376096,-0.979933,0.12134,0.158132,-2e-06,1e-06,5e-06,-0.011603,-0.169279,-0.067214,0.38551
528,0.084127,0.014524,0.410018,-0.048217,0.357929,-0.932527,-0.234118,-0.911602,-0.337849,-0.970965,0.20158,0.128911,-0.012377,0.002826,0.001814,0.000804,-0.067045,-0.064586,0.395769,-0.101371,0.032816,0.372453,0.036843,-0.075386,0.996469,-0.85036,0.521327,0.070996,-0.524853,-0.84986,-0.04616,0.0,-0.0,-0.0,0.0,0.0,0.0,-1.403463,0.038942,0.034503,0.001437,0.11649,-0.041654,0.992317,0.883833,-0.451422,-0.122704,0.453065,0.891337,-0.015771,1e-06,2e-06,3e-06,-1e-05,3.7e-05,2.4e-05,-0.804004,0.079536,0.02933,-0.038028,-0.088647,0.390309,-0.916406,-0.17287,-0.912095,-0.371751,-0.980947,0.125465,0.148327,-0.006193,0.001403,0.000905,-0.011076,-0.05406,-0.055177,0.361506
529,0.083899,0.014622,0.410009,-0.048348,0.355523,-0.93344,-0.228444,-0.913646,-0.336209,-0.97231,0.196535,0.12655,0.000799,0.009727,-0.009798,0.034861,-0.017692,0.016034,0.392318,-0.101367,0.032801,0.372443,0.0368,-0.075384,0.996471,-0.850363,0.521327,0.070958,-0.524851,-0.84986,-0.046181,2.5e-05,-0.00011,-6.8e-05,0.0,0.0,0.0,-1.402999,0.038944,0.034496,0.001433,0.116533,-0.041653,0.992312,0.88383,-0.451418,-0.122742,0.45306,0.891339,-0.015791,1.4e-05,-5.8e-05,-3.5e-05,-1.3e-05,2e-06,-2.6e-05,-0.804004,0.079417,0.029376,-0.038029,-0.088966,0.388142,-0.917295,-0.167243,-0.913692,-0.370398,-0.981893,0.120458,0.146201,0.0,2e-06,5e-06,-0.001375,0.011187,0.005156,0.348933
530,0.083832,0.01463,0.410015,-0.046357,0.353437,-0.934334,-0.228332,-0.914273,-0.334577,-0.972435,0.197382,0.124244,-0.00011,-0.000342,-0.000192,0.000354,-0.384429,-0.380927,0.389172,-0.101367,0.032801,0.372443,0.0368,-0.075384,0.996471,-0.850363,0.521327,0.070958,-0.524851,-0.84986,-0.046181,0.0,-2e-06,-1e-06,0.0,0.0,0.0,-1.403024,0.038944,0.034496,0.001433,0.116533,-0.041653,0.992312,0.88383,-0.451417,-0.122742,0.45306,0.89134,-0.015791,-1e-06,9e-06,6e-06,-8e-06,1.4e-05,1.9e-05,-0.80384,0.079384,0.029384,-0.038029,-0.08932,0.387815,-0.917398,-0.167193,-0.913848,-0.370036,-0.981869,0.12033,0.146465,-0.006261,0.001189,0.000785,0.000298,0.016935,-0.029048,0.345341
531,0.083823,0.014518,0.410066,-0.046822,0.352945,-0.934496,-0.228581,-0.914432,-0.333971,-0.972354,0.197526,0.124654,-0.001232,-0.011079,0.00904,-0.034846,0.016964,-0.016345,0.376563,-0.101369,0.032808,0.372448,0.036375,-0.075602,0.99647,-0.84726,0.526353,0.070977,-0.529875,-0.846737,-0.04617,-0.0,2e-06,1e-06,1e-05,1e-06,-0.0,-1.403389,0.038943,0.0345,0.001435,0.116955,-0.041385,0.992274,0.881101,-0.456678,-0.122899,0.458236,0.888668,-0.016946,3e-06,1e-06,1e-06,-0.000474,-0.002534,0.000493,-0.804004,0.079381,0.029333,-0.038006,-0.087334,0.385777,-0.918448,-0.16719,-0.91457,-0.36825,-0.982048,0.121394,0.144371,-0.000246,-0.000768,-0.000429,-0.010311,0.09393,-0.207287,0.332931
532,0.083906,0.014447,0.410128,-0.047586,0.352038,-0.934799,-0.228809,-0.914764,-0.332903,-0.972262,0.197605,0.125241,0.000216,0.000677,0.00038,0.0,-0.0,-0.0,0.355715,-0.101376,0.032799,0.372443,0.036328,-0.075599,0.996472,-0.847263,0.526354,0.070936,-0.529873,-0.846737,-0.046192,1.1e-05,-4.8e-05,-3e-05,0.0,0.0,-0.0,-1.403347,0.038939,0.034495,0.001433,0.116987,-0.041403,0.992269,0.881102,-0.456666,-0.122935,0.458226,0.888673,-0.016944,4e-06,-1.8e-05,-1.3e-05,-0.000138,-2e-05,1.2e-05,-0.80433,0.07942,0.029291,-0.037974,-0.088102,0.384839,-0.918769,-0.167369,-0.914961,-0.367195,-0.981949,0.121423,0.14502,0.000145,0.000462,0.000258,-0.008188,0.078483,-0.182833,0.310723
533,0.083969,0.014418,0.410133,-0.051033,0.352271,-0.93453,-0.228964,-0.914899,-0.332425,-0.972047,0.196564,0.128509,0.0,0.0,0.0,-0.009908,0.125559,-0.162384,0.32238,-0.101387,0.032804,0.372447,0.036325,-0.075598,0.996472,-0.847263,0.526354,0.070933,-0.529873,-0.846737,-0.046193,-0.000126,0.000554,0.000343,0.0,0.0,0.0,-1.40284,0.038934,0.034496,0.001434,0.11699,-0.041403,0.992269,0.881104,-0.456662,-0.122938,0.458222,0.888675,-0.016945,-8.3e-05,0.000371,0.000231,-9.3e-05,-1.4e-05,2.8e-05,-0.804657,0.079452,0.029274,-0.037966,-0.091703,0.38507,-0.918319,-0.167644,-0.915012,-0.366943,-0.981572,0.120301,0.148464,-2e-06,-2e-06,-2e-06,0.007193,0.043999,0.016178,0.274636
534,0.083997,0.014411,0.410129,-0.051251,0.351983,-0.934626,-0.228964,-0.915017,-0.3321,-0.972035,0.196531,0.128648,0.0,0.0,0.0,-1.3e-05,0.000818,0.00035,0.302369,-0.101387,0.032804,0.372447,0.036474,-0.075607,0.996466,-0.847253,0.526352,0.071065,-0.529879,-0.846737,-0.046122,-2e-06,8e-06,5e-06,0.0,0.0,0.0,-1.402771,0.038933,0.034498,0.001435,0.116842,-0.041405,0.992286,0.881116,-0.456675,-0.122807,0.458237,0.888669,-0.016876,1e-06,-1e-06,0.0,-7.4e-05,7e-06,-1.4e-05,-0.80482,0.079467,0.029274,-0.037972,-0.091859,0.384559,-0.918518,-0.167461,-0.915246,-0.366442,-0.981589,0.120154,0.148472,0.0,-1e-06,-3e-06,0.003365,-0.008743,-0.004809,0.250795
535,0.084088,0.014382,0.410111,-0.051194,0.352034,-0.93461,-0.228968,-0.914994,-0.332161,-0.972037,0.196547,0.128608,0.012207,-0.003369,-0.002119,0.000984,-0.014714,0.029553,0.258366,-0.101387,0.032804,0.372447,0.036474,-0.075607,0.996466,-0.847253,0.526352,0.071065,-0.529879,-0.846737,-0.046122,-0.0,0.0,0.0,0.0,0.0,0.0,-1.402847,0.038934,0.034498,0.001435,0.116842,-0.041405,0.992287,0.881117,-0.456673,-0.122807,0.458235,0.88867,-0.016876,0.0,-3e-06,-1e-06,-5.4e-05,2e-06,-2.7e-05,-0.805147,0.079507,0.029262,-0.03798,-0.091744,0.384539,-0.918538,-0.167423,-0.915253,-0.366442,-0.981606,0.120166,0.14835,-9.8e-05,-0.000313,-0.00018,0.000254,-0.000119,-0.000131,0.194134
536,0.08423,0.014286,0.410077,-0.049521,0.35419,-0.933886,-0.228421,-0.914215,-0.334673,-0.972254,0.196299,0.127338,0.011623,-0.00521,-0.003153,-0.000183,-0.00364,0.003614,0.197153,-0.101386,0.032797,0.372443,0.036452,-0.075606,0.996467,-0.847254,0.526352,0.071045,-0.529878,-0.846737,-0.046133,1e-06,-2e-06,-1e-06,0.0,0.0,0.0,-1.403162,0.038934,0.034494,0.001432,0.116863,-0.041405,0.992284,0.881116,-0.45667,-0.122826,0.458232,0.888671,-0.016886,-0.0,5e-06,3e-06,-4.1e-05,1.6e-05,-1.1e-05,-0.805147,0.07958,0.029217,-0.037995,-0.090178,0.386845,-0.917724,-0.166955,-0.91431,-0.369001,-0.981831,0.119943,0.147037,0.006016,-0.001968,-0.001222,-0.000329,-0.012974,0.025219,0.123266
