frame,MLTx,MLTy,MLTz,MLTR1,MLTR2,MLTR3,MLTR4,MLTR5,MLTR6,MLTR7,MLTR8,MLTR9,MLTTVx,MLTTVy,MLTTVz,MLTRVx,MLTRVy,MLTRVz,MLGA,MRTx,MRTy,MRTz,MRTR1,MRTR2,MRTR3,MRTR4,MRTR5,MRTR6,MRTR7,MRTR8,MRTR9,MRTTVx,MRTTVy,MRTTVz,MRTRVx,MRTRVy,MRTRVz,MRGA,SLTx,SLTy,SLTz,SLTR1,SLTR2,SLTR3,SLTR4,SLTR5,SLTR6,SLTR7,SLTR8,SLTR9,SLTTVx,SLTTVy,SLTTVz,SLTRVx,SLTRVy,SLTRVz,SLGA,SRTx,SRTy,SRTz,SRTR1,SRTR2,SRTR3,SRTR4,SRTR5,SRTR6,SRTR7,SRTR8,SRTR9,SRTTVx,SRTTVy,SRTTVz,SRTRVx,SRTRVy,SRTRVz,SRGA
4325,0.184887,0.091435,0.362913,-0.50209,0.86484,0.001434,-0.574576,-0.334752,0.746844,0.647003,0.373082,0.664999,-0.01042,-0.010407,0.008371,-0.039098,-1.21065,-1.150226,-1.90317,-0.134306,0.03163,0.340807,0.555792,-0.315464,0.769136,-0.206512,0.843705,0.495428,-0.805887,-0.433792,0.402782,-0.012781,-0.001757,-4.7e-05,-0.002045,0.015205,-0.029245,0.329823,0.052666,0.036907,-0.006361,-0.447529,0.413802,0.79277,0.080388,-0.864296,0.496516,0.890648,0.285935,0.353533,-0.000732,0.005603,-0.003961,0.036459,-0.007922,0.019168,0.263753,0.108238,0.07012,-0.05849,-0.562792,0.821483,0.091811,-0.482515,-0.416672,0.770431,0.671151,0.389292,0.630878,-0.010514,-0.005063,0.004245,-0.051889,-4.077096,-3.760345,-0.868888
4326,0.184574,0.091125,0.363137,-0.507357,0.86176,0.001777,-0.571758,-0.338099,0.747498,0.645394,0.377159,0.664262,-0.020866,-0.023188,0.015708,-0.073434,0.054927,-0.095607,-1.905066,-0.134316,0.031636,0.340813,0.557694,-0.316708,0.767246,-0.205285,0.842901,0.497304,-0.804888,-0.434447,0.404072,-1.8e-05,0.000143,0.000105,-2.5e-05,-0.000358,0.000486,0.337889,0.052656,0.03691,-0.006358,-0.449305,0.415373,0.790942,0.079417,-0.863263,0.498467,0.889841,0.286778,0.354881,-1.6e-05,0.000121,9e-05,8e-06,0.002801,-0.004164,0.266856,0.108085,0.06997,-0.058381,-0.569207,0.816981,0.092434,-0.478788,-0.42076,0.770534,0.668404,0.394337,0.63066,-0.005224,-0.005812,0.003931,-0.032167,-0.085315,0.117305,-0.869051
4327,0.183688,0.090303,0.363619,-0.512807,0.858528,0.002058,-0.568034,-0.341026,0.749006,0.644381,0.381857,0.662559,-0.020954,-0.026743,0.014173,-0.073415,0.055286,-0.09534,-1.897582,-0.134305,0.031628,0.340829,0.557795,-0.316783,0.767141,-0.205242,0.84284,0.497425,-0.804829,-0.43451,0.404121,-0.0,1e-06,1e-06,-0.0,-0.0,0.0,0.351844,0.052662,0.036907,-0.006349,-0.449278,0.415344,0.790972,0.079481,-0.863266,0.498451,0.889848,0.286811,0.354835,1e-06,2e-06,2e-06,1e-05,7.1e-05,-9.9e-05,0.282368,0.107635,0.069552,-0.058133,-0.574306,0.813336,0.09304,-0.474682,-0.423444,0.771603,0.66697,0.398972,0.629262,-0.010487,-0.013602,0.006999,-0.073463,0.056637,-0.094079,-0.871501
4328,0.182796,0.089172,0.364175,-0.523273,0.852184,-0.003533,-0.564786,-0.343627,0.750273,0.638806,0.393532,0.661125,-0.021065,-0.028219,0.013567,-0.074055,0.038056,-0.148665,-1.623027,-0.134201,0.031649,0.340823,0.560119,-0.318397,0.764776,-0.203593,0.841863,0.499751,-0.803635,-0.435221,0.40573,-7e-06,5.5e-05,4.1e-05,0.014218,-0.106807,0.167153,0.367785,0.052714,0.036917,-0.006352,-0.451412,0.417338,0.788704,0.078158,-0.861995,0.500853,0.888885,0.287735,0.356497,0.006394,0.000857,7e-06,0.002069,-0.014517,0.028264,0.29935,0.107197,0.068994,-0.057861,-0.584639,0.806528,0.087802,-0.471306,-0.42573,0.772414,0.660353,0.410202,0.62902,-0.010539,-0.013685,0.00699,-0.068836,-0.165242,-0.034638,-0.810267
4329,0.182338,0.08859,0.364533,-0.538578,0.842531,-0.010966,-0.56129,-0.348968,0.750431,0.629103,0.409272,0.660873,-0.020777,-0.035657,0.023003,-0.107549,0.030386,-0.138041,-1.370584,-0.134135,0.031672,0.340833,0.562132,-0.319752,0.762731,-0.202235,0.840995,0.501759,-0.802574,-0.435902,0.407097,-0.000133,0.001075,0.00079,-0.0,-0.0,0.0,0.381687,0.052747,0.036927,-0.006349,-0.45335,0.41911,0.78665,0.077018,-0.860835,0.50302,0.887998,0.288631,0.357981,-8.8e-05,0.000717,0.000526,4.5e-05,0.001461,-0.002099,0.31323,0.106968,0.068698,-0.05769,-0.59977,0.796057,0.081032,-0.467458,-0.430774,0.771955,0.649428,0.425117,0.630489,-0.015819,-0.017818,0.011708,-0.108437,-0.036192,-0.233098,-0.712946
4330,0.181385,0.087221,0.365409,-0.588092,0.808475,-0.023691,-0.54411,-0.373713,0.751168,0.599178,0.45364,0.659715,-0.020917,-0.037458,0.022307,-0.106014,-0.029098,-0.234483,-0.813263,-0.134089,0.031692,0.340843,0.56807,-0.319091,0.758597,-0.204457,0.83805,0.50577,-0.797819,-0.44201,0.409848,-0.0128,-0.001595,7.3e-05,-0.012178,-0.132144,0.170839,0.398973,0.052774,0.03694,-0.006341,-0.459417,0.419397,0.782969,0.080014,-0.858378,0.506738,0.884608,0.295453,0.360797,-3e-06,-1e-06,0.0,-0.034381,-0.541799,0.739388,0.341806,0.106492,0.068022,-0.057248,-0.647457,0.758844,0.070379,-0.448477,-0.454049,0.769874,0.61617,0.466898,0.634302,-0.015903,-0.018055,0.011664,-0.099982,-0.288199,-0.479751,-0.551941
4331,0.180237,0.08549,0.36649,-0.644371,0.763492,-0.04371,-0.5249,-0.39992,0.751343,0.556964,0.506137,0.658516,-0.031682,-0.047219,0.031248,0.055956,-1.687188,-0.632819,-0.307452,-0.134274,0.031686,0.340832,0.570158,-0.320423,0.756466,-0.202998,0.837194,0.507772,-0.796703,-0.442667,0.411307,-0.0,0.0,0.0,-0.112636,-1.637412,2.223009,0.422758,0.052682,0.036937,-0.006347,-0.459726,0.419646,0.782654,0.079766,-0.858232,0.507024,0.88447,0.295522,0.361078,0.0,-9e-06,-4e-06,7.7e-05,0.000168,-0.000146,0.363034,0.10593,0.067173,-0.056725,-0.697463,0.714505,0.055001,-0.428243,-0.477105,0.767449,0.574588,0.511714,0.638746,-0.015871,-0.023854,0.015547,-0.149247,0.08617,-0.164708,-0.447109
4332,0.179088,0.083659,0.367764,-0.695068,0.714817,-0.077213,-0.511069,-0.415605,0.752366,0.506577,0.561517,0.654298,-0.020917,-0.04548,0.031848,0.278082,-4.174123,-3.750713,0.009939,-0.134601,0.031805,0.340744,0.577953,-0.3162,0.752316,-0.209771,0.833235,0.511517,-0.7893,-0.453048,0.414266,-0.01436,0.010452,-0.007238,0.034411,0.007078,-0.009852,0.46677,0.052519,0.03699,-0.00639,-0.470131,0.418383,0.77713,0.086375,-0.854468,0.512272,0.878359,0.307961,0.365574,-0.006461,-0.000285,0.000418,-0.001799,0.017826,-0.032501,0.408592,0.105336,0.066223,-0.056065,-0.750196,0.660904,0.020245,-0.41289,-0.492149,0.766361,0.516455,0.566563,0.642089,-0.01033,-0.022539,0.015918,0.299551,-4.153345,-3.771677,-0.368729
4333,0.178581,0.082683,0.368437,-0.716092,0.690596,-0.101657,-0.510259,-0.418418,0.751354,0.477236,0.58905,0.652144,-0.021023,-0.046782,0.031368,0.824906,-5.903377,-1.598742,0.136022,-0.134808,0.031974,0.340692,0.583738,-0.315235,0.748244,-0.21165,0.830508,0.515164,-0.78453,-0.458688,0.41711,-0.014681,0.013152,-0.005254,0.002617,-0.500359,0.680731,0.487139,0.052416,0.03707,-0.00642,-0.475669,0.417973,0.773975,0.08924,-0.852422,0.515182,0.875085,0.314125,0.36817,-0.00658,0.000515,0.001009,-0.112736,-1.622622,2.191726,0.436841,0.105091,0.065756,-0.055738,-0.768834,0.639446,-0.001062,-0.412014,-0.494111,0.76557,0.489017,0.589035,0.64335,-0.015917,-0.029282,0.019711,-0.130489,0.016506,-0.190484,-0.33852
4334,0.177685,0.080783,0.369731,-0.778101,0.610301,-0.148782,-0.491221,-0.443429,0.749696,0.392533,0.655665,0.645018,-0.021151,-0.045957,0.031925,0.179781,-1.993909,1.30703,0.329335,-0.135431,0.032357,0.340581,0.582609,-0.317516,0.748159,-0.211052,0.829741,0.516644,-0.78553,-0.4585,0.415432,-0.013177,0.001711,0.002488,-0.009212,0.025132,-0.022257,0.511366,0.052099,0.03727,-0.006474,-0.474519,0.420639,0.773235,0.088622,-0.851139,0.517403,0.875772,0.314043,0.366604,-0.006595,0.000919,0.001301,0.010536,0.005892,-0.036053,0.482726,0.104651,0.064821,-0.055105,-0.830894,0.554367,-0.047863,-0.390113,-0.519043,0.760529,0.39677,0.650592,0.647536,-0.010411,-0.022974,0.015892,0.599311,-4.721727,-3.508912,-0.090645
4335,0.17715,0.079036,0.370883,-0.839743,0.511309,-0.182866,-0.454215,-0.476708,0.752602,0.298682,0.714416,0.632792,-0.010296,-0.048269,0.030691,0.015648,-3.208205,0.556648,0.415599,-0.136298,0.032601,0.340537,0.579136,-0.321098,0.749326,-0.21202,0.828102,0.518874,-0.787831,-0.458964,0.410533,-0.027456,0.012114,-0.004799,0.005404,0.05959,-0.012784,0.513953,0.051665,0.037392,-0.006496,-0.47031,0.423658,0.774158,0.090039,-0.849619,0.519653,0.877895,0.314103,0.361438,-0.013738,0.006145,-0.002322,0.03516,0.030134,-0.033606,0.499871,0.104372,0.063935,-0.054514,-0.887323,0.453807,-0.081949,-0.351322,-0.550132,0.757578,0.298712,0.701008,0.647578,-0.005104,-0.017731,0.011707,0.861191,-3.992073,-3.971407,0.216504
4336,0.177155,0.07818,0.371426,-0.863768,0.464003,-0.1966,-0.435131,-0.489818,0.755454,0.255308,0.737505,0.625244,0.000545,-0.036416,0.022701,0.64681,-4.395823,-3.817204,0.434927,-0.136797,0.032709,0.340566,0.577368,-0.322835,0.749943,-0.212645,0.827248,0.519978,-0.788958,-0.459282,0.408006,-0.026123,0.001931,0.003855,-0.030685,0.067424,-0.032405,0.513115,0.051426,0.037444,-0.006484,-0.468263,0.425076,0.774622,0.090826,-0.848877,0.520728,0.878908,0.314195,0.35889,-0.013844,0.007141,-0.001596,0.030682,0.022698,-0.003707,0.501668,0.10437,0.0635,-0.05424,-0.907381,0.408397,-0.099345,-0.334565,-0.558744,0.758861,0.254408,0.721814,0.64363,0.005831,-0.024253,0.014973,-0.561766,-0.36428,-0.488067,0.3215
4337,0.177577,0.076479,0.372447,-0.897951,0.380879,-0.220594,-0.402037,-0.505568,0.763374,0.180343,0.773684,0.607385,0.01163,-0.037434,0.021984,-0.300371,-1.959554,1.737709,0.463474,-0.138009,0.032943,0.34073,0.574982,-0.323924,0.751306,-0.213892,0.826731,0.520289,-0.790361,-0.459445,0.405097,-0.026409,0.004881,0.005978,-0.003697,0.017169,-0.032689,0.511631,0.050835,0.037558,-0.006407,-0.465761,0.425639,0.77582,0.092029,-0.848669,0.520856,0.880111,0.313993,0.356106,-0.01389,0.007844,-0.001093,0.046521,-0.005289,-0.0234,0.5033,0.104572,0.062664,-0.053737,-0.939583,0.319731,-0.122287,-0.295184,-0.575849,0.762406,0.173346,0.752442,0.635438,0.005875,-0.024132,0.015085,-0.132352,-0.262308,-0.771478,0.405758
4338,0.177964,0.075159,0.373302,-0.926957,0.298459,-0.227417,-0.358218,-0.523168,0.77327,0.112963,0.797881,0.592159,0.011543,-0.022869,0.015521,0.088892,-1.448539,-1.092407,0.473104,-0.139326,0.033101,0.340931,0.573602,-0.32254,0.752954,-0.215268,0.82744,0.518591,-0.790988,-0.459144,0.404212,-0.039076,0.00313,0.005867,-0.004098,0.030061,-0.063563,0.509049,0.050166,0.037641,-0.006302,-0.464662,0.423895,0.777432,0.09311,-0.849714,0.518957,0.880578,0.313526,0.355361,-0.019523,0.00138,0.002822,-0.004031,0.029614,-0.063861,0.501341,0.10477,0.061979,-0.053301,-0.962568,0.235502,-0.134164,-0.251066,-0.588243,0.768723,0.102115,0.773633,0.625351,0.006056,-0.016953,0.011851,0.904355,-4.334486,-3.608554,0.440702
4339,0.178771,0.074064,0.374108,-0.945212,0.223705,-0.237855,-0.32286,-0.530778,0.783587,0.050218,0.817171,0.574227,0.034133,-0.032008,0.023827,-0.447309,-0.291562,-0.132717,0.483064,-0.140629,0.03333,0.34112,0.574311,-0.3225,0.752431,-0.215048,0.827311,0.518887,-0.790534,-0.459403,0.404806,-0.027757,0.017022,-0.001334,0.034363,0.005017,-0.013579,0.503026,0.0495,0.037755,-0.006206,-0.465415,0.423973,0.776939,0.092938,-0.849543,0.519266,0.880198,0.313882,0.355987,-0.013888,0.008567,-0.000603,0.034213,0.008852,-0.019391,0.495789,0.105178,0.061423,-0.052892,-0.976269,0.158693,-0.147357,-0.213626,-0.594118,0.775491,0.035517,0.788567,0.613921,0.017027,-0.015881,0.01195,-0.452645,-0.283871,-0.140339,0.456052
4340,0.179353,0.073545,0.374534,-0.952189,0.185955,-0.242488,-0.305057,-0.530162,0.7911,0.019734,0.827019,0.561852,0.033973,-0.019124,0.016527,-0.773445,-0.622527,-0.300668,0.486496,-0.141252,0.033452,0.341218,0.573677,-0.321867,0.753185,-0.215622,0.827666,0.518082,-0.790837,-0.459208,0.404435,-0.026323,0.005442,0.006294,-0.002065,0.014847,-0.034323,0.501142,0.049198,0.037816,-0.006159,-0.464844,0.423229,0.777686,0.093407,-0.850009,0.51842,0.880451,0.313626,0.355589,-0.019526,0.001905,0.003166,-0.004242,0.030562,-0.06448,0.492686,0.105456,0.06117,-0.052685,-0.980543,0.12261,-0.153297,-0.196244,-0.5938,0.780313,0.004645,0.795215,0.606309,0.017079,-0.014774,0.01246,-0.354408,-0.385434,-0.182187,0.463073
4341,0.180687,0.072631,0.375437,-0.961919,0.119568,-0.245886,-0.271348,-0.528894,0.804123,-0.032706,0.840073,0.541512,0.034412,-0.024972,0.027082,-0.621262,-0.48119,-0.208383,0.487994,-0.142432,0.033744,0.341427,0.578592,-0.32453,0.748266,-0.212359,0.825738,0.522489,-0.788139,-0.460798,0.407879,-0.026365,0.006482,0.007006,-0.002072,0.014837,-0.034323,0.500661,0.048599,0.037963,-0.006052,-0.469492,0.426703,0.772982,0.090784,-0.847497,0.522977,0.878257,0.315708,0.359156,-0.013191,0.003291,0.00356,-0.002139,0.018494,-0.039766,0.489584,0.106135,0.060702,-0.052229,-0.985631,0.05465,-0.159825,-0.161033,-0.589625,0.79146,-0.050984,0.805825,0.589954,0.017174,-0.012261,0.013611,-0.719686,-0.501682,-0.213327,0.469768
4342,0.182084,0.072213,0.376177,-0.96797,0.018525,-0.250469,-0.220412,-0.541043,0.811581,-0.119277,0.840769,0.528117,0.045022,-0.000303,0.01149,0.218212,-1.587087,-0.856558,0.494639,-0.143647,0.03403,0.341621,0.581444,-0.325881,0.745464,-0.210523,0.824695,0.524873,-0.786534,-0.461709,0.409942,-0.026131,0.004683,0.005675,-0.004089,0.030411,-0.058491,0.50073,0.048015,0.038107,-0.005957,-0.472247,0.428576,0.770262,0.089257,-0.846101,0.525495,0.876935,0.316915,0.361315,-0.013789,0.008572,-0.00065,0.034372,0.008398,-0.018973,0.488768,0.106817,0.060497,-0.051861,-0.984458,-0.045608,-0.16959,-0.109244,-0.597068,0.794716,-0.137503,0.800892,0.582806,0.017217,-0.005701,0.010123,1.155933,-4.790944,-3.021519,0.475483
4343,0.182915,0.072034,0.376501,-0.967049,-0.021595,-0.253761,-0.201969,-0.542184,0.815608,-0.153997,0.840012,0.520281,0.045315,-0.013195,0.018893,-0.488473,-0.438209,-0.11712,0.496569,-0.144241,0.03418,0.341686,0.580955,-0.325371,0.746067,-0.210887,0.825041,0.524183,-0.786797,-0.461451,0.409728,-0.027397,0.015736,-0.002368,0.034411,0.005884,-0.015376,0.500711,0.047704,0.038179,-0.005919,-0.471761,0.427917,0.770926,0.089596,-0.846547,0.524719,0.877162,0.316614,0.361028,-0.019378,0.001307,0.002682,-0.006169,0.045918,-0.088211,0.488441,0.10725,0.060412,-0.051692,-0.98074,-0.086069,-0.175324,-0.089857,-0.598185,0.796303,-0.173414,0.796721,0.578931,0.022622,-0.006631,0.009385,-0.621736,-0.463331,-0.12293,0.481198
4344,0.184863,0.071545,0.377134,-0.961281,-0.08811,-0.261189,-0.173654,-0.542473,0.821912,-0.212913,0.835555,0.506501,0.056502,-0.015027,0.017756,-0.17693,-0.203372,0.054818,0.495396,-0.145473,0.034467,0.341785,0.583531,-0.326531,0.743545,-0.209117,0.824196,0.526218,-0.785364,-0.462139,0.411697,-0.027238,0.014768,-0.003089,0.034407,0.005766,-0.015439,0.498152,0.047088,0.038323,-0.005869,-0.474249,0.429524,0.768502,0.088104,-0.845374,0.526857,0.87597,0.31757,0.363075,-0.019291,0.000718,0.002244,-0.006145,0.048424,-0.091834,0.486318,0.108202,0.060175,-0.051382,-0.970435,-0.152548,-0.18704,-0.060854,-0.59526,0.801224,-0.233563,0.788919,0.568378,0.022462,-0.002405,0.004713,-0.066471,-0.266698,-0.037027,0.482015
4345,0.187005,0.071266,0.377519,-0.95022,-0.163498,-0.265321,-0.137163,-0.54519,0.826998,-0.278683,0.822425,0.495963,0.056165,-0.006504,0.008437,-0.080449,-0.130491,-0.199415,0.489108,-0.146634,0.034733,0.341874,0.586326,-0.327868,0.740753,-0.207146,0.823237,0.528493,-0.783806,-0.462898,0.413808,-0.025938,0.003968,0.00509,-0.002116,0.014447,-0.03386,0.496229,0.046507,0.038458,-0.005829,-0.476935,0.431345,0.765816,0.086422,-0.84406,0.529237,0.874679,0.318595,0.365284,-0.019288,0.001016,0.002441,-0.004186,0.033212,-0.068379,0.484195,0.109273,0.060034,-0.051185,-0.954007,-0.226355,-0.196553,-0.02417,-0.59544,0.803035,-0.298807,0.770852,0.562583,0.028061,-0.003074,0.004242,0.037118,-0.086885,-0.922478,0.479239
4346,0.189186,0.071204,0.377635,-0.929814,-0.254132,-0.266284,-0.085944,-0.553652,0.828284,-0.356768,0.793352,0.493292,0.055782,0.001446,-0.001151,1.328346,-4.935566,-2.742099,0.473906,-0.147764,0.035005,0.341976,0.587122,-0.327949,0.740087,-0.20664,0.823143,0.528838,-0.783344,-0.463009,0.414557,-0.02587,0.003712,0.004882,-0.002104,0.014793,-0.034355,0.49566,0.045952,0.038589,-0.005777,-0.477727,0.431557,0.765202,0.085987,-0.843872,0.529608,0.874289,0.318806,0.366033,-0.019293,0.00142,0.002712,-0.004144,0.031448,-0.065706,0.482399,0.110342,0.060005,-0.051125,-0.929278,-0.308298,-0.203452,0.024253,-0.600533,0.799232,-0.368581,0.737775,0.56554,0.02789,0.000572,-0.000684,0.079277,-1.721606,-0.805725,0.466012
4347,0.190348,0.071024,0.377705,-0.9185,-0.288385,-0.270622,-0.069888,-0.555265,0.828715,-0.388115,0.780447,0.490201,0.067476,-0.012715,0.005377,0.357087,-1.5083,-0.686671,0.467212,-0.148325,0.035151,0.342021,0.588509,-0.328615,0.738689,-0.205645,0.822668,0.529964,-0.782566,-0.46338,0.415611,-0.025873,0.004029,0.005094,-0.002172,0.013598,-0.032733,0.49558,0.045662,0.038666,-0.005756,-0.479061,0.432456,0.76386,0.085129,-0.843224,0.530777,0.873644,0.319301,0.367141,-0.019885,0.00684,-0.001384,0.030192,0.036503,-0.069583,0.482236,0.110939,0.05992,-0.051089,-0.914058,-0.34626,-0.211186,0.042804,-0.600151,0.79874,-0.403316,0.721056,0.563395,0.028131,-0.007186,0.002574,1.410298,-4.78901,-2.481602,0.456051
4348,0.192574,0.070189,0.377933,-0.906789,-0.318491,-0.276299,-0.0587,-0.553655,0.830658,-0.416405,0.769846,0.483706,0.057185,-0.03272,0.010049,-0.059753,-0.170221,0.203758,0.464214,-0.149557,0.035413,0.342099,0.587276,-0.327383,0.740215,-0.206602,0.823504,0.528291,-0.783238,-0.462768,0.415026,-0.026918,0.013539,-0.004046,0.032416,0.02101,-0.039776,0.494686,0.045036,0.038802,-0.005713,-0.477932,0.430979,0.7654,0.085871,-0.844263,0.529004,0.874189,0.318553,0.366492,-0.013458,0.006727,-0.002032,0.032393,0.021086,-0.039847,0.481583,0.112077,0.059503,-0.05097,-0.899949,-0.376562,-0.219753,0.054834,-0.597783,0.799779,-0.432532,0.707711,0.558624,0.028594,-0.016689,0.004825,-0.022772,-0.152921,0.210786,0.442662
4349,0.19435,0.069131,0.377929,-0.887482,-0.364013,-0.282691,-0.038243,-0.553169,0.832174,-0.458196,0.749803,0.477367,0.034253,-0.020818,-0.010344,0.048075,-0.242164,0.137828,0.461023,-0.150888,0.035616,0.342108,0.587462,-0.326957,0.740256,-0.206589,0.823737,0.527932,-0.783103,-0.462655,0.415408,-0.038174,-0.0008,0.002728,-0.006134,0.045613,-0.087732,0.490897,0.044399,0.038901,-0.005707,-0.478281,0.430698,0.76534,0.085737,-0.844418,0.528778,0.874011,0.318522,0.366942,-0.012786,0.000545,0.001504,-0.002124,0.017978,-0.039034,0.47799,0.112939,0.058998,-0.050966,-0.878127,-0.419483,-0.230055,0.075131,-0.5958,0.79961,-0.47249,0.684876,0.554705,0.017399,-0.01656,-0.001349,0.467255,-1.480568,-0.619439,0.441355
4350,0.194939,0.068422,0.377821,-0.875574,-0.38973,-0.285526,-0.024372,-0.554692,0.831681,-0.481423,0.735642,0.476539,0.023886,-0.03974,-0.005306,0.446956,-1.466475,-0.660339,0.451503,-0.151524,0.035756,0.34206,0.586822,-0.326331,0.741039,-0.206918,0.824258,0.526989,-0.783495,-0.46217,0.415208,-0.039298,0.009721,-0.005677,0.030374,0.03604,-0.069115,0.490532,0.044067,0.038971,-0.005729,-0.477658,0.429904,0.766174,0.085969,-0.845037,0.52775,0.874328,0.317952,0.36668,-0.012724,-0.000197,0.000977,-0.004105,0.030846,-0.059109,0.477011,0.113241,0.058658,-0.051019,-0.867103,-0.439308,-0.234815,0.086039,-0.596397,0.798064,-0.49064,0.671801,0.554936,0.017565,-0.019877,-0.002866,0.015277,-0.222873,0.122153,0.43466
4351,0.19579,0.066367,0.377453,-0.855081,-0.428627,-0.291822,-0.007296,-0.552856,0.833228,-0.517418,0.715139,0.469981,0.013369,-0.057935,-0.013465,-0.016901,-0.174062,0.205299,0.431291,-0.152917,0.036095,0.341872,0.592935,-0.329658,0.734673,-0.20205,0.822155,0.532138,-0.780161,-0.463547,0.419924,-0.039189,0.008988,-0.006214,0.002727,-0.454277,0.598753,0.490215,0.043385,0.039137,-0.005822,-0.481754,0.432838,0.761946,0.082886,-0.843092,0.531341,0.872377,0.319131,0.370287,-0.019601,0.004596,-0.003012,0.030406,0.039031,-0.073676,0.476194,0.113679,0.057629,-0.051199,-0.841636,-0.481018,-0.245498,0.106098,-0.593007,0.798176,-0.52952,0.645727,0.550131,0.006705,-0.029302,-0.006904,0.029401,-0.162958,0.01427,0.409514
4352,0.196063,0.06394,0.3768,-0.838965,-0.445768,-0.31221,-0.010422,-0.560484,0.828083,-0.543079,0.698539,0.465977,0.002385,-0.067456,-0.017994,-0.036141,0.069609,-0.143766,0.430361,-0.1543,0.036426,0.341605,0.595368,-0.330703,0.732232,-0.199674,0.821758,0.533646,-0.778921,-0.463505,0.422265,-0.039017,0.007041,-0.007605,0.030377,0.035771,-0.069262,0.48956,0.042679,0.039308,-0.005956,-0.485783,0.435696,0.757748,0.079649,-0.841239,0.534763,0.870442,0.320133,0.373957,-0.019496,0.003353,-0.003899,0.02847,0.053946,-0.096827,0.475541,0.11382,0.05641,-0.051529,-0.826059,-0.495498,-0.268528,0.102819,-0.600967,0.792632,-0.554124,0.627151,0.547381,0.000957,-0.029067,-0.013549,0.013004,-0.046322,0.00911,0.393675
4353,0.196039,0.061352,0.375764,-0.824246,-0.463214,-0.325725,-0.007721,-0.566034,0.824329,-0.565189,0.68254,0.463388,0.002139,-0.067184,-0.0321,-0.006281,0.091869,-0.153928,0.45174,-0.155697,0.036805,0.341242,0.59779,-0.331746,0.729783,-0.197073,0.821492,0.535021,-0.77773,-0.46323,0.424755,-0.026274,0.00697,-0.008739,0.030484,0.036189,-0.064138,0.490216,0.041975,0.039497,-0.006137,-0.488105,0.437128,0.755428,0.077222,-0.840514,0.536258,0.869361,0.320086,0.376503,-0.019485,0.003561,-0.003758,0.030407,0.037198,-0.071547,0.475541,0.113808,0.055117,-0.05204,-0.811326,-0.510896,-0.284137,0.105545,-0.60607,0.788376,-0.574986,0.609642,0.545643,-0.004644,-0.033818,-0.015964,-0.00153,-0.02634,0.053507,0.409024
4354,0.196049,0.059972,0.375091,-0.82304,-0.462486,-0.329783,-0.010817,-0.567782,0.823091,-0.566891,0.681578,0.462723,0.002317,-0.073252,-0.035496,-0.00629,0.091901,-0.15391,0.45847,-0.156405,0.036991,0.34104,0.600232,-0.329951,0.728591,-0.195662,0.822581,0.533864,-0.776206,-0.462582,0.428235,-0.038882,0.005708,-0.008568,0.120968,-0.10041,-0.166105,0.490143,0.041611,0.039591,-0.006242,-0.490723,0.435926,0.754426,0.0755,-0.841316,0.535243,0.868038,0.319615,0.37994,-0.019429,0.002724,-0.004351,0.140178,-0.118511,-0.183694,0.475541,0.113814,0.054403,-0.052389,-0.81061,-0.509828,-0.28807,0.102554,-0.60793,0.787338,-0.576534,0.608683,0.54508,0.001204,-0.037298,-0.018074,-0.007688,0.101236,-0.160725,0.421761
4355,0.195961,0.056945,0.373546,-0.818419,-0.459834,-0.344657,-0.022028,-0.574279,0.818346,-0.573217,0.677912,0.460309,-0.009121,-0.08213,-0.040657,-0.001979,0.029874,-0.055016,0.464826,-0.157776,0.037284,0.340627,0.598506,-0.328339,0.730736,-0.196231,0.824169,0.5312,-0.777393,-0.460903,0.427892,-0.026154,0.00532,-0.009916,0.019144,0.129409,-0.205893,0.486523,0.040936,0.039736,-0.006445,-0.489436,0.433939,0.756404,0.075666,-0.842994,0.532573,0.868749,0.317895,0.379757,-0.019364,0.001727,-0.005063,0.02675,0.053114,-0.092186,0.474071,0.11377,0.052885,-0.053163,-0.807551,-0.50595,-0.303108,0.091417,-0.615083,0.783143,-0.582669,0.604719,0.542964,-0.004514,-0.041579,-0.020582,-0.003105,0.04011,-0.065492,0.435804
4356,0.195586,0.053712,0.37192,-0.812294,-0.462722,-0.355122,-0.026577,-0.578901,0.814948,-0.581666,0.67199,0.45839,-0.021105,-0.083837,-0.042457,0.022444,-1.237847,2.134078,0.466854,-0.159132,0.037374,0.340187,0.598493,-0.327752,0.73101,-0.195797,0.824859,0.530289,-0.777513,-0.460088,0.42855,-0.026008,0.002236,-0.01211,0.032422,0.020077,-0.040286,0.483244,0.040258,0.039783,-0.006663,-0.489417,0.433301,0.756783,0.075139,-0.84364,0.531624,0.868806,0.31705,0.380334,-0.018737,-0.005906,-0.002576,-0.008006,0.061793,-0.1119,0.469989,0.11359,0.05129,-0.053965,-0.802792,-0.508402,-0.311529,0.088849,-0.618639,0.780635,-0.589601,0.599009,0.54181,-0.004356,-0.047424,-0.017254,0.014963,-0.076272,-0.149579,0.441192
4357,0.195341,0.05207,0.371077,-0.811819,-0.462473,-0.356529,-0.027652,-0.579485,0.814496,-0.582278,0.671656,0.458101,-0.021279,-0.085081,-0.043797,-0.002966,0.045277,-0.0858,0.468596,-0.159823,0.037328,0.339951,0.599243,-0.327896,0.730331,-0.195156,0.824811,0.530599,-0.777097,-0.460071,0.429323,-0.038567,-0.000814,-0.013233,0.028207,0.04708,-0.088161,0.48057,0.039902,0.039762,-0.006785,-0.490186,0.433587,0.75612,0.074501,-0.843474,0.531977,0.868427,0.317099,0.381157,-0.019268,-0.000575,-0.006711,0.028338,0.051189,-0.093875,0.468193,0.11346,0.050437,-0.054403,-0.801872,-0.507369,-0.315558,0.08587,-0.620512,0.77948,-0.591292,0.597947,0.541139,-0.010599,-0.042769,-0.022012,-0.003753,0.051601,-0.092423,0.443805
4358,0.194647,0.048735,0.369338,-0.806821,-0.466088,-0.363106,-0.029164,-0.582464,0.812316,-0.589106,0.666562,0.456811,-0.02173,-0.086229,-0.045851,-0.002964,0.045569,-0.086329,0.46627,-0.161213,0.036943,0.339582,0.604294,-0.325546,0.727214,-0.198176,0.822511,0.533044,-0.772409,-0.465819,0.431579,-0.037475,-0.015067,-0.007574,-0.040192,-0.433579,0.55242,0.467978,0.039207,0.03957,-0.00697,-0.495605,0.432041,0.753469,0.078103,-0.84182,0.534076,0.865029,0.323539,0.383466,-0.018725,-0.007735,-0.003908,-0.040839,-0.482882,0.622142,0.461172,0.113113,0.048767,-0.055274,-0.79722,-0.510211,-0.322681,0.084411,-0.623477,0.77727,-0.597757,0.592418,0.540116,-0.010824,-0.043298,-0.023017,-0.003665,0.049523,-0.090133,0.444785
4359,0.193484,0.045305,0.367452,-0.801152,-0.469339,-0.371378,-0.031828,-0.586291,0.809458,-0.596652,0.660901,0.45524,-0.03439,-0.088076,-0.047998,-0.004841,0.074984,-0.140654,0.465639,-0.162747,0.036202,0.339208,0.614568,-0.308938,0.725848,-0.217271,0.818135,0.532336,-0.759051,-0.48447,0.434734,-0.037435,-0.020201,-0.011309,0.007839,-0.039609,0.024502,0.437681,0.038468,0.039218,-0.007146,-0.509063,0.417499,0.752694,0.097425,-0.840916,0.532323,0.855197,0.344317,0.387404,-0.018712,-0.010077,-0.005609,-0.022828,0.089973,-0.134571,0.430473,0.112558,0.047118,-0.056181,-0.792045,-0.512523,-0.331639,0.081735,-0.627401,0.774394,-0.604966,0.586248,0.53882,-0.017139,-0.044031,-0.023952,-0.005394,0.079967,-0.146406,0.442825
4360,0.192882,0.043677,0.366557,-0.795992,-0.47275,-0.378087,-0.033358,-0.589438,0.807106,-0.603431,0.655649,0.453896,-0.034786,-0.086683,-0.047956,0.002365,-0.05205,0.074638,0.46541,-0.16349,0.035845,0.338979,0.618598,-0.298522,0.726783,-0.227751,0.817055,0.529608,-0.752676,-0.492761,0.436495,-0.038503,-0.009352,-0.019483,0.054718,0.022584,-0.149141,0.431396,0.038083,0.039025,-0.007263,-0.514821,0.407924,0.754026,0.107771,-0.841767,0.528973,0.850496,0.353589,0.389396,-0.01874,-0.010523,-0.00595,0.015331,-0.064024,0.006825,0.415777,0.112244,0.046267,-0.056649,-0.787238,-0.515186,-0.338878,0.080296,-0.630512,0.772014,-0.611398,0.580549,0.537731,-0.011273,-0.043533,-0.024272,-0.004188,0.029571,-0.052666,0.442662
4361,0.19168,0.040188,0.364611,-0.786681,-0.473659,-0.396013,-0.043252,-0.597627,0.800589,-0.614898,0.647524,0.450155,-0.035497,-0.090345,-0.05171,0.054662,-0.080954,-0.142537,0.455891,-0.16513,0.035153,0.338392,0.628776,-0.277517,0.726372,-0.242286,0.817602,0.522262,-0.739588,-0.504023,0.445907,-0.03862,-0.010728,-0.020583,-0.068355,-0.614109,-0.639973,0.4252,0.037249,0.038673,-0.007566,-0.527532,0.390308,0.754565,0.121609,-0.844368,0.521779,0.840785,0.367017,0.397966,-0.019305,-0.005496,-0.010352,0.046384,-0.733507,-0.727834,0.400591,0.111629,0.044495,-0.057637,-0.77944,-0.514359,-0.357639,0.070419,-0.639191,0.765816,-0.622504,0.571724,0.534433,-0.017702,-0.045329,-0.025929,0.054649,-0.07245,-0.15595,0.436947
4362,0.190356,0.036582,0.362476,-0.778971,-0.469044,-0.41623,-0.058341,-0.606717,0.792756,-0.623405,0.642399,0.445776,-0.023905,-0.092256,-0.055115,-0.003435,0.023804,-0.045807,0.4531,-0.167024,0.03436,0.337771,0.646215,-0.241888,0.723801,-0.275027,0.810776,0.516659,-0.712604,-0.532629,0.45647,-0.050596,-0.024387,-0.013587,0.195016,-0.333198,-0.225493,0.399158,0.03634,0.038295,-0.007866,-0.55133,0.3582,0.753476,0.154824,-0.843522,0.514294,0.819795,0.400203,0.409601,-0.025297,-0.011976,-0.006597,0.338898,-0.474172,-0.573612,0.380506,0.11099,0.042762,-0.058663,-0.773839,-0.508123,-0.37813,0.055457,-0.649065,0.758707,-0.630948,0.566148,0.530452,-0.0181,-0.045799,-0.02708,-0.004198,-0.265662,0.470663,0.428945
4363,0.189065,0.033088,0.360346,-0.771769,-0.464653,-0.434183,-0.071825,-0.614743,0.785432,-0.630907,0.637935,0.441614,-0.0246,-0.09069,-0.055973,-0.003686,0.049276,-0.091398,0.454113,-0.169077,0.033604,0.337087,0.664606,-0.206597,0.718059,-0.305393,0.801849,0.513524,-0.682682,-0.560316,0.468887,-0.064554,-0.014864,-0.021826,-0.009111,-0.698379,0.220063,0.368366,0.0353,0.037903,-0.008211,-0.576111,0.325645,0.7497,0.18617,-0.840823,0.508289,0.795886,0.432403,0.423782,-0.025428,-0.012477,-0.007054,-0.38759,-2.248583,1.736226,0.341479,0.110332,0.040974,-0.059752,-0.768524,-0.502208,-0.39643,0.041956,-0.657819,0.752005,-0.638443,0.561301,0.526621,-0.018516,-0.045584,-0.027876,-0.011165,0.151788,-0.263258,0.426823
4364,0.188489,0.031351,0.359269,-0.767183,-0.461818,-0.445197,-0.080123,-0.619663,0.78075,-0.635485,0.635221,0.438954,-0.037534,-0.088411,-0.054983,0.003472,-1.173484,2.107125,0.452615,-0.170192,0.033318,0.336678,0.66852,-0.202237,0.715662,-0.304026,0.803787,0.5113,-0.679463,-0.559135,0.474932,-0.064703,-0.013729,-0.021082,-0.052604,-1.939519,1.993688,0.35113,0.034718,0.037752,-0.008426,-0.580903,0.321735,0.747688,0.18455,-0.842586,0.505953,0.792775,0.431895,0.430085,-0.032352,-0.006912,-0.010542,-0.0453,-1.943195,1.990068,0.320905,0.110034,0.040067,-0.060313,-0.765409,-0.498756,-0.406681,0.03435,-0.662703,0.748093,-0.642625,0.558629,0.524372,-0.018718,-0.044104,-0.027401,0.003219,-1.160611,2.087022,0.426333
4365,0.187441,0.028113,0.357191,-0.753284,-0.461775,-0.468372,-0.094445,-0.628836,0.771762,-0.649976,0.626164,0.43067,-0.025506,-0.080237,-0.051778,2.548495,-4.372141,-2.26417,0.446312,-0.172535,0.032914,0.335779,0.676558,-0.175658,0.715126,-0.323144,0.80169,0.502797,-0.662459,-0.571034,0.484697,-0.064958,-0.013638,-0.021191,0.300051,-0.427169,-0.343261,0.284943,0.033571,0.037556,-0.008867,-0.593178,0.298912,0.747522,0.203115,-0.842915,0.498234,0.779027,0.447375,0.439286,-0.032894,-0.000573,-0.014013,0.352342,-0.499303,-0.334517,0.260487,0.10952,0.038471,-0.061338,-0.756345,-0.492002,-0.431132,0.015604,-0.672431,0.739994,-0.653986,0.552964,0.516267,-0.01291,-0.034432,-0.029902,0.020097,-0.429747,0.699674,0.420454
4366,0.186568,0.025182,0.355047,-0.722976,-0.469702,-0.506687,-0.107865,-0.647687,0.754214,-0.681534,0.600514,0.418236,-0.013142,-0.079071,-0.052968,-0.176232,-0.837193,-0.22172,0.444685,-0.175074,0.032656,0.334754,0.684136,-0.145545,0.714678,-0.35124,0.792902,0.497866,-0.639971,-0.591443,0.490403,-0.066026,-0.002908,-0.029596,0.086251,-0.072119,-0.029193,0.190778,0.032302,0.037424,-0.009375,-0.607132,0.26866,0.747804,0.231989,-0.840173,0.490193,0.759981,0.471095,0.44777,-0.033002,-0.001967,-0.015137,0.020381,0.067441,-0.213455,0.145204,0.109078,0.037013,-0.062404,-0.72734,-0.49777,-0.47244,0.006586,-0.693441,0.720482,-0.686244,0.520925,0.507646,-0.013151,-0.034152,-0.030467,0.900254,-1.55352,-0.202347,0.417025
4367,0.185852,0.022363,0.352891,-0.703415,-0.475821,-0.52806,-0.110804,-0.66046,0.742622,-0.701246,0.581472,0.41252,-0.026406,-0.075132,-0.051261,0.014721,-0.259349,0.426247,0.408433,-0.177549,0.032569,0.33355,0.687116,-0.113833,0.717568,-0.381352,0.784024,0.489704,-0.619179,-0.60998,0.494372,-0.067014,0.007674,-0.038103,0.102668,-0.091753,-0.057413,0.149774,0.03104,0.03738,-0.009988,-0.615519,0.238021,0.75132,0.262668,-0.836845,0.480306,0.743062,0.492985,0.452574,-0.033493,0.003789,-0.019046,0.070904,-0.05815,-0.033467,0.056211,0.108716,0.035571,-0.063503,-0.707798,-0.503248,-0.495744,0.003324,-0.70414,0.710052,-0.706406,0.500926,0.500062,-0.013158,-0.037373,-0.025488,0.017633,-0.253357,0.423476,0.389429
4368,0.1855,0.021079,0.351886,-0.699234,-0.473504,-0.53564,-0.115714,-0.664435,0.738314,-0.704627,0.578823,0.410478,-0.013912,-0.057179,-0.055825,0.058249,-0.402004,0.670387,0.382249,-0.178721,0.032597,0.33289,0.688136,-0.093666,0.719504,-0.401268,0.77693,0.485075,-0.605285,-0.622387,0.496113,-0.067093,0.00794,-0.037991,0.040031,-0.085892,-0.278036,0.142254,0.030478,0.03739,-0.010305,-0.619905,0.21877,0.753562,0.283121,-0.833298,0.474822,0.731819,0.507694,0.454627,-0.026724,-0.002272,-0.016005,-0.247099,-0.250789,-0.470098,0.036289,0.108545,0.034942,-0.063991,-0.704733,-0.500418,-0.502924,-0.001257,-0.707988,0.706222,-0.709471,0.498331,0.498314,-0.013233,-0.033895,-0.023359,0.015852,-0.274209,0.453685,0.36167
4369,0.184531,0.019056,0.350071,-0.690048,-0.468206,-0.551963,-0.126223,-0.67311,0.728672,-0.711845,0.573069,0.406073,-0.027503,-0.031065,-0.053851,0.082838,-0.225427,0.36739,0.350699,-0.181008,0.03244,0.331421,0.687545,-0.055822,0.723987,-0.440711,0.760193,0.477299,-0.577858,-0.647156,0.497124,-0.066758,-0.01022,-0.035679,-0.294311,-0.151694,-0.440918,0.10701,0.029356,0.037325,-0.011017,-0.625687,0.182469,0.758432,0.323077,-0.824337,0.464854,0.710025,0.535885,0.456825,-0.026838,-0.005349,-0.01841,-3.955634,-2.541924,-2.894379,-0.002084,0.108065,0.033911,-0.064906,-0.697326,-0.493445,-0.519853,-0.012072,-0.7171,0.696865,-0.716651,0.492218,0.494096,-0.013535,-0.02086,-0.02262,0.046009,-0.198457,0.324207,0.306151
4370,0.183287,0.017901,0.3483,-0.682003,-0.466159,-0.563572,-0.133328,-0.678448,0.722429,-0.718277,0.568416,0.401259,-0.040474,-0.032081,-0.038409,0.005619,-0.145576,0.154035,0.349248,-0.183127,0.031768,0.329977,0.686088,-0.029393,0.726919,-0.469532,0.745198,0.473449,-0.556458,-0.666094,0.496525,-0.067332,-0.016769,-0.041076,0.066689,0.003058,-0.044036,0.060741,0.028276,0.036995,-0.011752,-0.628852,0.155199,0.761878,0.355435,-0.814116,0.459217,0.691527,0.559578,0.456795,-0.026844,-0.014507,-0.017471,0.018756,0.133338,-0.221431,-0.057439,0.107433,0.033327,-0.065809,-0.690271,-0.490151,-0.532237,-0.019591,-0.72266,0.690924,-0.723285,0.487352,0.489229,-0.0202,-0.015524,-0.018814,0.032429,-0.130251,0.161853,0.290312
4371,0.182633,0.017399,0.347476,-0.677376,-0.466068,-0.569199,-0.137126,-0.680209,0.720058,-0.721931,0.56638,0.397563,-0.027763,-0.020295,-0.046846,0.054762,-0.145475,0.184316,0.332366,-0.184199,0.031228,0.329253,0.68797,-0.020923,0.725431,-0.477554,0.739486,0.47438,-0.547217,-0.672758,0.497809,-0.054016,-0.03031,-0.036264,-0.334632,-1.646113,1.906713,0.033344,0.027714,0.036717,-0.012131,-0.631629,0.146975,0.761211,0.364688,-0.810122,0.459025,0.684139,0.567538,0.458097,-0.027006,-0.015511,-0.018379,-0.331428,-1.641424,1.906142,-0.091404,0.107116,0.033091,-0.066198,-0.68618,-0.48953,-0.538066,-0.0234,-0.724443,0.688936,-0.727054,0.485325,0.485644,-0.020268,-0.014963,-0.018514,0.0581,-0.21791,0.340256,0.281494
4372,0.181158,0.016082,0.346167,-0.665723,-0.467002,-0.582037,-0.147521,-0.682257,0.716055,-0.730674,0.563136,0.386032,-0.040583,-0.03826,-0.027222,-0.070682,-0.282566,0.2792,0.251978,-0.186267,0.029962,0.327787,0.695619,-0.004898,0.718388,-0.490342,0.727444,0.479921,-0.525793,-0.686083,0.502688,-0.054591,-0.032027,-0.038145,-1.257555,-1.300529,-0.251685,-0.007546,0.026701,0.036091,-0.012853,-0.642217,0.133848,0.754745,0.378188,-0.80112,0.463874,0.666731,0.583344,0.463874,-0.027163,-0.0161,-0.019061,-4.269529,-4.364159,-0.682761,-0.151495,0.106384,0.032441,-0.066859,-0.675703,-0.488833,-0.551784,-0.03387,-0.727136,0.685656,-0.736395,0.481989,0.474771,-0.02026,-0.018913,-0.013427,-0.064361,-0.175747,0.104511,0.210626
4373,0.179454,0.014935,0.345215,-0.655356,-0.468872,-0.59221,-0.156477,-0.68278,0.713651,-0.73815,0.560944,0.37484,-0.040666,-0.028333,-0.020083,-0.037543,-0.159057,0.153746,0.138183,-0.188213,0.028609,0.326345,0.703609,-0.00149,0.710579,-0.489107,0.724239,0.48599,-0.516219,-0.689486,0.507928,-0.054532,-0.043833,-0.03137,-0.004987,0.029716,-0.071989,-0.045151,0.025707,0.0354,-0.01359,-0.651907,0.130883,0.746917,0.37891,-0.796982,0.470367,0.656843,0.589651,0.469965,-0.027247,-0.021973,-0.015698,-0.002775,0.035328,-0.076724,-0.197216,0.105532,0.031858,-0.067342,-0.665983,-0.489466,-0.562929,-0.042983,-0.728197,0.684017,-0.744727,0.47974,0.463929,-0.026951,-0.013743,-0.009478,0.00592,-0.225729,0.305855,0.075748
4374,0.178403,0.014491,0.344889,-0.653436,-0.468007,-0.59501,-0.158258,-0.684216,0.711881,-0.739472,0.559914,0.373773,-0.067261,-0.022224,-0.014697,0.004049,-0.102454,0.143154,0.096847,-0.189134,0.027824,0.325677,0.705245,0.011071,0.708871,-0.500825,0.715327,0.487254,-0.502548,-0.698658,0.509102,-0.05481,-0.043844,-0.03167,-0.014522,0.023163,-0.078832,-0.070266,0.025267,0.035023,-0.013913,-0.655852,0.11883,0.745477,0.392046,-0.790294,0.470887,0.645102,0.601094,0.471729,-0.020803,-0.021735,-0.016115,-0.033415,-0.004021,-0.0673,-0.219587,0.105016,0.031631,-0.067509,-0.6645,-0.488143,-0.565822,-0.044584,-0.729923,0.682073,-0.745956,0.478464,0.46327,-0.026821,-0.016473,-0.003275,-0.018956,-0.081229,0.134264,0.004716
4375,0.175769,0.013887,0.344679,-0.652513,-0.465497,-0.597984,-0.159599,-0.687023,0.708872,-0.739999,0.558563,0.374749,-0.080324,-0.007252,-0.003051,0.006685,0.008483,-0.027193,0.045374,-0.190754,0.026139,0.324442,0.702749,0.049202,0.709728,-0.533581,0.696131,0.480236,-0.4713,-0.716235,0.514535,-0.02884,-0.042294,-0.032827,0.138036,-0.245458,-0.192732,-0.116918,0.024447,0.034178,-0.014532,-0.65992,0.081517,0.7469,0.427091,-0.777166,0.462174,0.618141,0.623993,0.478052,-0.020985,-0.02079,-0.015628,0.208076,-0.221177,-0.457376,-0.269881,0.103704,0.031318,-0.067623,-0.664151,-0.485131,-0.568815,-0.045893,-0.732965,0.678716,-0.746188,0.476875,0.464535,-0.033459,-0.002823,-0.001084,-0.015941,-0.0194,-0.004446,-0.097014
4376,0.17283,0.014039,0.344787,-0.6573,-0.450186,-0.604428,-0.169728,-0.693006,0.700647,-0.733481,0.563682,0.379863,-0.066378,0.006703,0.00705,-0.025548,0.124466,0.140217,0.051568,-0.192052,0.024507,0.323179,0.700341,0.077141,0.709622,-0.548106,0.694809,0.465568,-0.458,-0.715092,0.527961,-0.02912,-0.04137,-0.032599,0.369162,-0.65773,-0.494008,-0.137738,0.023809,0.033377,-0.015151,-0.662207,0.055511,0.747262,0.44034,-0.778062,0.448018,0.606286,0.62573,0.490794,-0.014544,-0.020769,-0.016338,0.166119,-0.304349,-0.236018,-0.303518,0.102259,0.031385,-0.067576,-0.670556,-0.470232,-0.573789,-0.055591,-0.739424,0.67094,-0.739772,0.4818,0.469685,-0.039877,0.00341,0.003813,-0.973856,1.228567,0.649367,-0.127875
4377,0.169727,0.0142,0.345227,-0.6614,-0.42098,-0.620782,-0.190003,-0.706646,0.681558,-0.724777,0.569255,0.388168,-0.079473,0.009461,0.009374,0.344516,-0.955941,2.900944,0.040473,-0.193158,0.022869,0.321954,0.70068,0.096154,0.70696,-0.552608,0.699735,0.45269,-0.45202,-0.707974,0.542506,-0.029453,-0.041768,-0.03346,0.193593,-0.346782,-0.26641,-0.195087,0.023246,0.032544,-0.015774,-0.666562,0.034328,0.744658,0.443541,-0.78461,0.433194,0.599137,0.619038,0.507765,-0.014695,-0.020701,-0.016549,0.237915,-0.435978,-0.29539,-0.336176,0.100683,0.031481,-0.067344,-0.678566,-0.44298,-0.585931,-0.075489,-0.751406,0.655507,-0.730649,0.489036,0.476438,-0.046335,-0.000557,0.009242,0.117653,0.734473,0.606454,-0.133591
4378,0.168061,0.014225,0.34558,-0.65603,-0.407278,-0.635449,-0.203916,-0.715001,0.668703,-0.725883,0.568771,0.386809,-0.092509,0.000618,0.019595,0.126313,0.0204,0.297591,0.001048,-0.19367,0.021966,0.321351,0.701772,0.109383,0.703948,-0.555094,0.703148,0.444283,-0.447247,-0.702671,0.55325,-0.016243,-0.042001,-0.034847,0.413299,-0.747644,-0.518696,-0.251729,0.022979,0.032078,-0.016088,-0.669782,0.023072,0.742199,0.444745,-0.787945,0.425845,0.594637,0.615313,0.51749,-0.008111,-0.021015,-0.017412,0.370581,-0.706637,-0.492477,-0.376672,0.099855,0.031498,-0.06717,-0.675348,-0.425366,-0.602468,-0.091153,-0.7625,0.640534,-0.731844,0.4875,0.476179,-0.039598,0.000376,0.00972,0.131225,-0.174212,0.655906,-0.153349
4379,0.164736,0.01426,0.346383,-0.65139,-0.378673,-0.657528,-0.225565,-0.730785,0.64424,-0.723662,0.568436,0.391436,-0.092221,-0.008328,0.029276,0.13779,0.019268,0.413367,-0.086212,-0.194499,0.020327,0.3201,0.701007,0.139636,0.699345,-0.564832,0.707223,0.42513,-0.436093,-0.693198,0.573727,-0.016307,-0.040031,-0.033684,0.454483,-0.90439,-0.3875,-0.441557,0.02257,0.031271,-0.016702,-0.674462,-0.006516,0.73828,0.452556,-0.793729,0.40643,0.583347,0.608235,0.538289,-0.008105,-0.019617,-0.016475,0.204645,-0.514363,-0.066619,-0.511224,0.098193,0.031523,-0.066769,-0.67489,-0.395506,-0.622974,-0.113437,-0.778591,0.617193,-0.729146,0.487206,0.480599,-0.039481,0.001443,0.010439,0.196744,-0.080524,0.640222,-0.228299
