frame,MLTx,MLTy,MLTz,MLTR1,MLTR2,MLTR3,MLTR4,MLTR5,MLTR6,MLTR7,MLTR8,MLTR9,MLTTVx,MLTTVy,MLTTVz,MLTRVx,MLTRVy,MLTRVz,MLGA,MRTx,MRTy,MRTz,MRTR1,MRTR2,MRTR3,MRTR4,MRTR5,MRTR6,MRTR7,MRTR8,MRTR9,MRTTVx,MRTTVy,MRTTVz,MRTRVx,MRTRVy,MRTRVz,MRGA,SLTx,SLTy,SLTz,SLTR1,SLTR2,SLTR3,SLTR4,SLTR5,SLTR6,SLTR7,SLTR8,SLTR9,SLTTVx,SLTTVy,SLTTVz,SLTRVx,SLTRVy,SLTRVz,SLGA,SRTx,SRTy,SRTz,SRTR1,SRTR2,SRTR3,SRTR4,SRTR5,SRTR6,SRTR7,SRTR8,SRTR9,SRTTVx,SRTTVy,SRTTVz,SRTRVx,SRTRVy,SRTRVz,SRGA
2193,0.102415,0.016376,0.339075,-0.420581,0.575164,-0.701672,-0.754134,-0.651544,-0.082122,-0.503888,0.493897,0.708653,-0.032997,0.027445,-0.082204,0.633534,1.621446,0.215914,-1.918951,-0.192704,0.029025,0.301121,0.390937,-0.309987,0.866641,-0.04726,0.933501,0.355353,-0.919631,-0.179497,0.349175,0.011469,0.008667,-0.029143,0.131933,-0.126589,-0.079786,0.537307,0.02297,0.036901,-0.026622,-0.304343,0.35759,0.882895,-0.05274,-0.931767,0.359204,0.9511,0.062757,0.302436,0.012529,0.004872,-0.014546,0.139059,-0.050462,-0.231816,0.523059,0.06565,0.032395,-0.071651,-0.463881,0.634385,-0.61836,-0.740774,-0.660584,-0.12199,-0.485867,0.401477,0.776368,-0.023684,0.008925,-0.036531,0.477214,1.277915,-0.046461,-0.889953
2194,0.100797,0.01725,0.335913,-0.433954,0.624059,-0.649831,-0.775508,-0.62581,-0.083192,-0.458055,0.467068,0.756346,-0.047476,0.026404,-0.083941,0.139956,2.280351,-0.303397,-1.918912,-0.191731,0.029473,0.300064,0.397182,-0.301315,0.86686,-0.043625,0.937224,0.345894,-0.917138,-0.174829,0.357988,0.025256,0.013293,-0.025769,0.173744,-0.175983,-0.137807,0.537319,0.023451,0.037125,-0.027151,-0.311647,0.34969,0.883511,-0.057314,-0.935043,0.34987,0.948467,0.058398,0.311445,0.012647,0.006669,-0.01288,0.194184,0.030379,-0.475382,0.523222,0.064845,0.03283,-0.073235,-0.475563,0.676679,-0.562088,-0.76281,-0.63546,-0.119622,-0.438131,0.371879,0.81838,-0.024347,0.006959,-0.038455,-1.308608,3.12702,-1.402275,-0.891096
2195,0.098262,0.018294,0.332529,-0.434544,0.673063,-0.598501,-0.806242,-0.586833,-0.074656,-0.400935,0.449255,0.798404,-0.075475,0.028023,-0.08409,-3.102532,1.036218,3.60852,-1.919106,-0.190673,0.03003,0.299225,0.404014,-0.293167,0.866497,-0.040251,0.940563,0.337126,-0.914312,-0.170722,0.367086,0.039663,0.008219,-0.013342,0.073154,-0.018867,-0.119205,0.537455,0.023965,0.037395,-0.02757,-0.319896,0.342175,0.883506,-0.061565,-0.938043,0.341005,0.94545,0.054693,0.321142,0.012868,0.010413,-0.00934,0.096541,-0.009466,-0.12561,0.523385,0.063616,0.033339,-0.074897,-0.477982,0.719234,-0.504218,-0.791261,-0.601803,-0.108343,-0.381364,0.347183,0.856753,-0.031002,0.012691,-0.042911,-2.286931,3.061736,-0.521458,-0.892729
2196,0.096834,0.018707,0.331013,-0.432193,0.690848,-0.579641,-0.816955,-0.572068,-0.072773,-0.381339,0.441226,0.812359,-0.075959,0.027182,-0.085242,0.15442,1.20566,-0.439332,-1.918638,-0.190121,0.030335,0.298995,0.407403,-0.289096,0.866278,-0.038885,0.942148,0.332834,-0.91287,-0.168928,0.371478,0.026444,0.012816,-0.008013,0.128353,-0.215094,-0.065097,0.537514,0.024255,0.037551,-0.027697,-0.32328,0.338897,0.883537,-0.063245,-0.939323,0.337153,0.944187,0.053116,0.325098,0.020005,0.00698,-0.003972,0.144078,-0.153038,-0.228897,0.523385,0.062874,0.033556,-0.075687,-0.472479,0.737194,-0.483018,-0.805545,-0.583568,-0.102687,-0.357575,0.340575,0.869567,-0.038532,0.007624,-0.038891,-0.516889,1.278496,0.600007,-0.883748
2197,0.09374,0.019097,0.328085,-0.416884,0.729748,-0.541961,-0.84421,-0.531808,-0.066795,-0.336451,0.428773,0.83844,-0.078778,0.004604,-0.070465,-2.627847,0.744558,3.921865,-1.919046,-0.188771,0.030887,0.298761,0.412421,-0.283274,0.865827,-0.036843,0.944389,0.326659,-0.910704,-0.166274,0.377934,0.026521,0.01528,-0.005696,0.095176,-0.064698,-0.161711,0.537713,0.024916,0.037828,-0.027804,-0.329124,0.3337,0.883357,-0.065853,-0.941309,0.331056,0.941987,0.050786,0.331783,0.020277,0.001578,-1.1e-05,0.086339,-0.100166,-0.21367,0.523385,0.061356,0.033755,-0.077132,-0.459992,0.769601,-0.442856,-0.830647,-0.549206,-0.091629,-0.313737,0.325708,0.891898,-0.039247,0.002525,-0.034955,0.297982,1.375076,-0.159417,-0.889463
2198,0.090674,0.019141,0.325658,-0.403218,0.767208,-0.498851,-0.868964,-0.49187,-0.054201,-0.286459,0.410672,0.865631,-0.079139,-0.001863,-0.059265,-2.497876,0.885324,4.378314,-1.918972,-0.187289,0.03112,0.298666,0.415923,-0.279976,0.865224,-0.035607,0.945613,0.323238,-0.909163,-0.164907,0.38222,0.040464,0.00258,-0.000581,0.007247,0.05257,-0.088497,0.53794,0.025657,0.03796,-0.027852,-0.333375,0.330626,0.882919,-0.067494,-0.942459,0.327437,0.940374,0.049568,0.336508,0.020221,0.000951,-0.000638,-0.013441,0.081855,-0.064761,0.523222,0.059792,0.033774,-0.078383,-0.44653,0.80222,-0.396298,-0.855573,-0.512459,-0.073344,-0.261924,0.306312,0.915187,-0.039428,-0.000667,-0.029326,-0.078095,1.94758,-0.580218,-0.892728
2199,0.089016,0.019019,0.32458,-0.394576,0.788682,-0.471525,-0.881465,-0.469752,-0.048212,-0.259041,0.395626,0.881139,-0.079848,-0.010439,-0.049438,0.335224,1.335258,-0.290457,-1.918684,-0.186493,0.031192,0.298618,0.419927,-0.276793,0.864314,-0.034538,0.94672,0.320096,-0.907366,-0.16393,0.386881,0.040397,0.001433,-0.0017,0.070723,-0.170292,-0.014786,0.538115,0.026051,0.037999,-0.027871,-0.337382,0.328136,0.882325,-0.068767,-0.943367,0.324542,0.938852,0.04882,0.34084,0.026938,0.000966,-0.001151,0.089248,-0.116274,-0.18548,0.523385,0.058998,0.033717,-0.07891,-0.432438,0.822808,-0.36876,-0.871372,-0.486479,-0.063631,-0.23175,0.29381,0.927343,-0.039269,0.000416,-0.028577,-1.70248,2.679843,-0.850243,-0.888156
2200,0.086061,0.018593,0.322985,-0.381118,0.828418,-0.410509,-0.904855,-0.425293,-0.018312,-0.18929,0.36344,0.9122,-0.078792,-0.012616,-0.033959,-1.699699,3.080141,-0.873766,-1.919182,-0.185015,0.031433,0.298499,0.425781,-0.272053,0.862954,-0.032691,0.948409,0.315256,-0.904709,-0.162108,0.393809,0.040414,0.002434,-0.000804,0.071163,-0.070427,-0.18984,0.538026,0.026805,0.038118,-0.027934,-0.343998,0.3243,0.881189,-0.071139,-0.944767,0.319926,0.936271,0.047367,0.348068,0.013183,0.007327,-0.003215,0.130699,-0.218148,-0.068629,0.523385,0.057482,0.033494,-0.079738,-0.417164,0.856199,-0.304789,-0.894331,-0.446401,-0.02994,-0.161692,0.260093,0.951948,-0.032352,-0.006943,-0.017121,-0.789591,0.69513,0.896814,-0.897301
2201,0.083558,0.01793,0.321979,-0.36427,0.86018,-0.356992,-0.921927,-0.387256,0.007474,-0.131373,0.330771,0.934537,-0.06395,-0.017436,-0.019799,-1.671316,2.803575,-1.227271,-1.919679,-0.183802,0.031833,0.298413,0.431131,-0.266596,0.862,-0.031053,0.950332,0.309579,-0.902235,-0.159911,0.400329,0.026407,0.017457,-0.003743,0.10866,-0.089372,-0.182759,0.538425,0.027416,0.038308,-0.02798,-0.349992,0.319578,0.880553,-0.07325,-0.946465,0.314384,0.933884,0.045531,0.354664,0.013525,0.002446,0.001245,0.100381,-0.229124,-0.068102,0.523222,0.056225,0.033162,-0.080249,-0.398192,0.883086,-0.248197,-0.911581,-0.41112,-0.000281,-0.102287,0.22614,0.968709,-0.032304,-0.013563,-0.005145,0.12749,1.109315,-0.248646,-0.903179
2202,0.082337,0.017579,0.321735,-0.348929,0.876773,-0.331002,-0.931203,-0.364057,0.017146,-0.105043,0.31312,0.943901,-0.063789,-0.023857,-0.007522,-0.022349,0.921599,-0.40678,-1.919131,-0.183213,0.032134,0.298378,0.432621,-0.260576,0.863094,-0.036481,0.951408,0.305658,-0.901319,-0.163403,0.400981,0.026422,0.018924,-0.002368,0.147585,-0.157951,-0.248261,0.538285,0.02771,0.038458,-0.027998,-0.351465,0.314303,0.881864,-0.068005,-0.948043,0.310787,0.933727,0.04926,0.354578,0.019926,0.009519,-0.001683,0.22622,-0.288324,-0.325619,0.523385,0.055615,0.032989,-0.080375,-0.38303,0.897471,-0.218708,-0.920857,-0.389656,0.013768,-0.072864,0.206672,0.975692,-0.031025,-0.005701,-0.007065,-0.371948,0.938264,0.740573,-0.903506
2203,0.080397,0.016899,0.321374,-0.324886,0.89983,-0.291206,-0.94327,-0.330554,0.03077,-0.068175,0.283561,0.956542,-0.048247,-0.020141,-0.003352,-0.014777,0.614848,-0.62181,-1.919235,-0.182244,0.032829,0.298289,0.432278,-0.260827,0.86319,-0.03523,0.951567,0.305308,-0.901534,-0.16207,0.401041,0.012887,0.017171,-0.002981,0.038459,-0.028846,0.045406,0.538174,0.028205,0.038818,-0.028038,-0.351718,0.313983,0.881877,-0.069384,-0.948223,0.309933,0.93353,0.047821,0.355293,0.006447,0.008606,-0.00149,0.0373,-0.026044,0.047968,0.523222,0.054639,0.03265,-0.080555,-0.357452,0.916899,-0.177544,-0.933281,-0.357775,0.031312,-0.034811,0.176891,0.983613,-0.016553,-0.005595,-0.006204,-0.104904,0.444423,-0.081713,-0.911834
2204,0.079256,0.016432,0.321254,-0.318163,0.909565,-0.267411,-0.947058,-0.317713,0.045942,-0.042784,0.266737,0.962833,-0.029759,-0.001294,-0.003102,-0.200221,0.456093,-0.323267,-1.919028,-0.181872,0.033387,0.298131,0.435053,-0.259557,0.862178,-0.039367,0.95108,0.306318,-0.900029,-0.166889,0.402442,2.7e-05,0.000862,0.000814,-0.000332,-0.000232,-1.2e-05,0.538278,0.028387,0.039097,-0.02811,-0.354672,0.313107,0.881005,-0.065147,-0.948247,0.310777,0.932717,0.052829,0.356715,-0.000326,0.006469,-0.00296,0.0335,-0.011348,0.011659,0.523385,0.054061,0.032405,-0.080619,-0.350375,0.923951,-0.153462,-0.936569,-0.347138,0.048294,-0.008651,0.160649,0.986973,-0.015315,-0.005687,0.003005,-0.754717,0.975136,-0.142671,-0.917222
2205,0.078549,0.016377,0.321576,-0.301852,0.923911,-0.235201,-0.953301,-0.295187,0.063676,-0.010228,0.242287,0.970165,-0.012889,-0.002561,0.015342,-0.032105,0.255856,-0.299235,-1.919128,-0.182021,0.033716,0.297963,0.436808,-0.264804,0.859691,-0.03755,0.949418,0.311654,-0.899258,-0.168091,0.403663,-0.014071,0.011746,-0.005956,0.02137,0.121122,-0.16311,0.538263,0.028322,0.039259,-0.028197,-0.355896,0.318775,0.878475,-0.066543,-0.946281,0.316422,0.932153,0.054157,0.35799,1e-06,-8.4e-05,-7.9e-05,0.004086,-0.017652,0.004479,0.523548,0.053699,0.032374,-0.080468,-0.333195,0.935184,-0.120044,-0.94253,-0.327014,0.068542,0.024843,0.135983,0.990399,-0.005626,0.004761,0.004171,-0.036027,0.088965,-0.022328,-0.917875
2206,0.078384,0.016482,0.32186,-0.29594,0.928071,-0.22616,-0.955211,-0.287306,0.070713,0.001011,0.235801,0.971815,0.003783,0.010594,0.010207,-0.159147,0.185172,0.326818,-1.918572,-0.182194,0.033751,0.297942,0.436593,-0.268186,0.858752,-0.037199,0.948266,0.315186,-0.899377,-0.169224,0.402924,-0.000683,0.011969,-0.006816,-0.0612,0.173888,0.172299,0.538359,0.02823,0.039275,-0.028209,-0.355837,0.321411,0.877538,-0.066589,-0.945331,0.31924,0.932172,0.055163,0.357787,-0.006695,-0.000259,0.000292,-0.165689,0.313722,0.210139,0.523385,0.053611,0.032423,-0.080322,-0.327679,0.938241,-0.11104,-0.944092,-0.320656,0.076604,0.036267,0.129934,0.990858,-0.005308,0.001921,0.010752,-0.600933,0.419665,1.404334,-0.918855
2207,0.078643,0.016996,0.322664,-0.295247,0.929507,-0.221116,-0.955425,-0.287371,0.067476,-0.000463,0.230024,0.973199,0.007338,0.020615,0.019714,0.07389,0.044388,0.098778,-1.918187,-0.182693,0.033685,0.298002,0.433882,-0.268925,0.859894,-0.038322,0.94797,0.31594,-0.900637,-0.169705,0.399894,-0.013387,-0.000244,0.000832,-0.012047,0.034529,-0.013169,0.538448,0.027995,0.039251,-0.028186,-0.352194,0.322549,0.87859,-0.065345,-0.944921,0.320706,0.933642,0.055539,0.353873,-0.006693,-0.00012,0.000425,0.002335,0.016114,-0.028258,0.523548,0.053744,0.032687,-0.079913,-0.32676,0.939166,-0.105802,-0.944463,-0.320354,0.073223,0.034874,0.123853,0.991687,0.003858,0.010857,0.010395,0.056966,0.034605,0.093851,-0.927183
2208,0.07963,0.017859,0.323166,-0.283806,0.93216,-0.224895,-0.958669,-0.28075,0.045888,-0.020019,0.227462,0.973595,0.035203,0.024705,0.006615,0.299695,0.192254,0.304068,-1.9181,-0.18328,0.033511,0.298089,0.435064,-0.269539,0.859104,-0.038646,0.9476,0.317009,-0.900054,-0.170791,0.400743,-0.013442,-0.001664,-0.000516,-0.002047,0.01521,-0.029241,0.538158,0.027693,0.039161,-0.028137,-0.353547,0.32306,0.877858,-0.064986,-0.944683,0.32148,0.933156,0.05661,0.354984,-0.013097,-0.007228,0.0033,-0.039793,0.043863,-0.076089,0.523548,0.054242,0.033133,-0.079648,-0.316106,0.942309,-0.110137,-0.948595,-0.312016,0.053034,0.015609,0.12124,0.9925,0.017634,0.012459,0.003401,0.342353,0.244441,0.308294,-0.932082
2209,0.080304,0.018336,0.323219,-0.282271,0.932349,-0.226038,-0.959098,-0.279469,0.044728,-0.021124,0.228257,0.973386,0.03381,0.021004,0.00304,0.039578,-0.077608,0.124344,-1.918324,-0.183569,0.033359,0.298092,0.43479,-0.269053,0.859395,-0.03914,0.947704,0.316635,-0.900165,-0.170978,0.400415,-0.013547,-0.004362,-0.003069,-0.003746,0.033052,-0.051807,0.538549,0.027543,0.039088,-0.028133,-0.353316,0.322512,0.878153,-0.06452,-0.944861,0.321052,0.933276,0.056774,0.354642,-0.00678,-0.002306,-0.001643,-0.003678,0.033019,-0.051991,0.523548,0.054569,0.033371,-0.079615,-0.314092,0.942912,-0.110729,-0.949283,-0.310153,0.051618,0.014328,0.121326,0.992509,0.017476,0.015891,-0.00266,0.045565,-0.123216,0.132584,-0.927183
2210,0.081448,0.019303,0.323117,-0.284298,0.934922,-0.212464,-0.958716,-0.278705,0.056201,-0.006325,0.218506,0.975829,0.033369,0.020165,0.002151,0.035727,-0.081681,0.121611,-1.918464,-0.184226,0.033091,0.297986,0.435805,-0.265696,0.859925,-0.039867,0.948725,0.313472,-0.899643,-0.170571,0.401759,-0.026984,-0.004906,-0.002553,0.032204,-0.040566,-0.117376,0.538472,0.027214,0.03895,-0.02819,-0.354856,0.319196,0.878743,-0.064177,-0.946011,0.317714,0.932715,0.056347,0.356183,-0.013495,-0.002539,-0.001348,0.024102,-0.029617,-0.108525,0.523548,0.055139,0.033849,-0.079671,-0.315758,0.943864,-0.097041,-0.948374,-0.310747,0.063416,0.029701,0.112055,0.993257,0.009864,0.011306,0.001796,0.04184,-0.076105,0.089765,-0.92702
2211,0.082794,0.020369,0.323347,-0.281304,0.934679,-0.217457,-0.95959,-0.275769,0.055771,-0.007497,0.223194,0.974759,0.035609,0.027246,0.008612,0.029373,-0.104413,0.141043,-1.918325,-0.185065,0.032974,0.297941,0.435028,-0.26429,0.860751,-0.040676,0.949137,0.31212,-0.899982,-0.17047,0.401043,-0.026878,-0.001841,0.000326,-0.004081,0.030395,-0.058503,0.538513,0.026805,0.038887,-0.028217,-0.354118,0.317842,0.879531,-0.06342,-0.94647,0.316498,0.933047,0.056298,0.355319,-0.006737,-0.000856,-0.000279,-0.002978,0.016688,-0.02806,0.523548,0.055809,0.034373,-0.079565,-0.313125,0.944175,-0.102391,-0.949286,-0.307937,0.063474,0.0284,0.117073,0.992716,0.017787,0.01356,0.004232,0.048526,-0.071075,0.11503,-0.923101
2212,0.084238,0.02151,0.323682,-0.274419,0.935117,-0.224265,-0.961525,-0.269917,0.050853,-0.012645,0.228427,0.973493,0.049315,0.025976,0.00797,0.036788,-0.112682,0.175042,-1.918425,-0.186004,0.032941,0.298106,0.434281,-0.262852,0.861569,-0.041709,0.949512,0.310839,-0.900295,-0.170606,0.400282,-0.026667,0.002949,0.004837,-0.004089,0.030411,-0.058491,0.537979,0.026335,0.038866,-0.02814,-0.353503,0.316334,0.880322,-0.062505,-0.946969,0.315183,0.933342,0.056394,0.35453,-0.013315,0.001969,0.002903,-0.0024,0.012616,-0.035884,0.523548,0.056527,0.034947,-0.079393,-0.306633,0.945538,-0.109239,-0.951551,-0.301757,0.059082,0.0229,0.122063,0.992257,0.017942,0.01436,0.00486,0.032555,-0.076944,0.119646,-0.920978
2213,0.085157,0.022048,0.323875,-0.271899,0.934771,-0.228734,-0.962239,-0.267263,0.051364,-0.012788,0.232898,0.97243,0.047982,0.014976,0.015924,-0.002542,-0.098163,0.156506,-1.918431,-0.186419,0.033036,0.298269,0.4343,-0.262591,0.861638,-0.041911,0.949566,0.310646,-0.900276,-0.170706,0.400282,-0.013054,0.007372,0.007985,-0.000381,-0.002631,-0.006673,0.538027,0.026123,0.038907,-0.028063,-0.353531,0.316043,0.880415,-0.062306,-0.947061,0.314948,0.933345,0.056489,0.354507,-0.013224,0.003811,0.004636,-0.002397,0.012584,-0.035897,0.523385,0.056974,0.035211,-0.079302,-0.304451,0.945695,-0.113887,-0.952255,-0.29932,0.060139,0.022784,0.126759,0.991671,0.0239,0.007207,0.007683,0.014325,-0.175748,0.296353,-0.922774
2214,0.086806,0.022474,0.32431,-0.270988,0.936181,-0.224,-0.962499,-0.266592,0.04997,-0.012605,0.227975,0.973599,0.043854,-0.004399,0.01616,0.041952,0.024553,0.176041,-1.91849,-0.187074,0.033492,0.298696,0.43438,-0.265969,0.860561,-0.041541,0.948406,0.31422,-0.900255,-0.171915,0.399812,-0.026112,0.013265,0.014495,-0.031319,0.055208,0.03672,0.538007,0.0258,0.039132,-0.027853,-0.353102,0.319526,0.87933,-0.06226,-0.945813,0.318684,0.93351,0.057781,0.353862,-0.006375,0.006677,0.006801,-0.026518,0.040203,0.065416,0.523385,0.057818,0.035455,-0.07907,-0.303437,0.946626,-0.108739,-0.952577,-0.298632,0.058439,0.022847,0.121315,0.99235,0.015707,0.004365,0.00464,0.078215,0.014858,0.172534,-0.920651
2215,0.087967,0.022264,0.324647,-0.270382,0.936762,-0.222298,-0.962617,-0.266904,0.045864,-0.016039,0.225222,0.974189,0.026319,-0.014302,0.006416,-0.012473,0.01212,0.058967,-1.918215,-0.18757,0.034145,0.299254,0.444138,-0.274807,0.852769,-0.037776,0.945136,0.324382,-0.895658,-0.175948,0.408291,-0.013098,0.028814,0.009924,0.035271,-0.049369,0.048445,0.538313,0.025547,0.039456,-0.027569,-0.362213,0.329458,0.871928,-0.065148,-0.94211,0.328913,0.929815,0.062332,0.362707,0.000422,0.008681,0.008132,-0.003072,-0.082869,0.094871,0.523385,0.058403,0.035368,-0.078892,-0.302632,0.947093,-0.106897,-0.95291,-0.298379,0.054145,0.019384,0.11825,0.992794,0.013137,-0.0072,0.003143,-0.036915,-0.011676,0.06224,-0.917385
2216,0.088332,0.021889,0.324679,-0.267405,0.93784,-0.22135,-0.963434,-0.264246,0.044066,-0.016838,0.223872,0.974487,0.023528,-0.023015,-0.001511,0.081604,0.022024,0.27058,-1.918239,-0.187685,0.034555,0.299579,0.445203,-0.279616,0.850647,-0.036459,0.943471,0.329344,-0.895185,-0.177296,0.408746,0.000952,0.019154,0.01785,-0.078161,0.124468,0.17782,0.538329,0.025485,0.039673,-0.027402,-0.363025,0.334113,0.869816,-0.065987,-0.940375,0.333675,0.929439,0.063736,0.363427,0.00048,0.009839,0.009178,-0.102065,0.163934,0.202617,0.523385,0.058594,0.035185,-0.078864,-0.299944,0.948002,-0.106415,-0.953768,-0.295802,0.053156,0.018914,0.117439,0.992899,0.011581,-0.012066,-0.00128,0.128189,0.181787,0.124955,-0.916242
2217,0.08873,0.020268,0.324662,-0.263322,0.939588,-0.218818,-0.964613,-0.25959,0.045897,-0.013358,0.22199,0.974971,0.003511,-0.056306,0.003688,-0.096203,-0.028208,0.106392,-1.918713,-0.187744,0.035385,0.300357,0.443393,-0.285623,0.849596,-0.035599,0.941435,0.335212,-0.896116,-0.178525,0.406163,0.001083,0.021881,0.020226,-0.042348,0.038564,0.144033,0.538215,0.025455,0.040082,-0.027018,-0.359962,0.340193,0.868731,-0.066133,-0.938111,0.339959,0.930619,0.064921,0.360183,0.000808,0.004719,0.013316,-0.072419,0.065549,0.101614,0.523385,0.058799,0.034385,-0.078877,-0.295355,0.949754,-0.103596,-0.955128,-0.29101,0.055149,0.02223,0.115236,0.993088,0.00145,-0.029101,0.000967,-0.114662,-0.032104,0.08069,-0.917549
2218,0.088849,0.018026,0.324639,-0.25831,0.941712,-0.215638,-0.965982,-0.254617,0.044955,-0.012256,0.218742,0.975719,0.002488,-0.059857,0.000299,0.203349,0.420528,0.164703,-1.918585,-0.187718,0.035949,0.301173,0.439039,-0.292975,0.849354,-0.035935,0.938783,0.342532,-0.898239,-0.180547,0.40054,0.00088,0.017905,0.016428,-0.01713,0.003893,0.07791,0.538464,0.025469,0.040375,-0.0266,-0.354587,0.347092,0.868213,-0.065127,-0.93546,0.347377,0.932751,0.066631,0.354307,0.000714,0.002877,0.01155,-0.027512,-0.015736,0.034543,0.523385,0.058855,0.033229,-0.0789,-0.291129,0.951262,-0.101703,-0.956376,-0.286694,0.056125,0.024232,0.113606,0.99323,0.00112,-0.030312,-0.000212,0.344053,0.565052,0.180312,-0.917875
2219,0.08873,0.015711,0.324682,-0.255107,0.942197,-0.217327,-0.966803,-0.251898,0.042555,-0.014339,0.219795,0.975455,-0.010998,-0.057185,0.001933,0.463563,-0.479286,0.037389,-1.918643,-0.187528,0.036518,0.301735,0.438429,-0.295951,0.848637,-0.041068,0.93657,0.347969,-0.898316,-0.187048,0.397372,0.013349,0.026239,0.005203,0.02237,-0.027768,0.121124,0.538357,0.025559,0.040658,-0.026313,-0.353768,0.349821,0.867452,-0.059498,-0.933964,0.352379,0.933438,0.073049,0.35122,0.000307,0.006572,0.005993,-0.002417,0.00023,0.038036,0.523548,0.058798,0.032086,-0.078885,-0.287114,0.95249,-0.101616,-0.957642,-0.282979,0.053317,0.022028,0.11262,0.993393,0.001317,-0.029828,0.000156,1.750574,-2.005848,0.58433,-0.920325
2220,0.088583,0.014542,0.324742,-0.254948,0.94092,-0.222973,-0.96682,-0.251857,0.04242,-0.015933,0.225217,0.974192,0.002651,-0.059737,0.000191,-0.284723,-0.594733,-0.135236,-1.918613,-0.187447,0.036773,0.301961,0.438846,-0.295952,0.848421,-0.04648,0.935386,0.350465,-0.897848,-0.192871,0.395641,0.013838,0.012686,0.010559,-0.133061,0.227039,0.267119,0.53811,0.025599,0.04079,-0.026202,-0.355446,0.348828,0.867166,-0.054149,-0.933877,0.353468,0.933126,0.078682,0.350831,0.000297,0.00643,0.005851,-0.247601,0.391723,0.398124,0.523548,0.058719,0.031501,-0.078856,-0.285932,0.952361,-0.106064,-0.958068,-0.281967,0.05099,0.018654,0.116196,0.99305,-0.005432,-0.028377,0.001134,0.510523,-0.549269,0.041616,-0.923427
2221,0.088395,0.012161,0.324975,-0.253698,0.939742,-0.229276,-0.967052,-0.251553,0.038782,-0.020921,0.23039,0.972887,0.004032,-0.055689,0.003883,-0.101853,0.074617,-0.064012,-1.918632,-0.187333,0.037206,0.302267,0.437772,-0.297842,0.848314,-0.057486,0.932254,0.357114,-0.897733,-0.204734,0.3899,0.000394,0.008326,0.007549,-1.533706,-0.363631,-0.419749,0.538466,0.025662,0.04101,-0.026047,-0.352958,0.3518,0.866981,-0.04398,-0.931833,0.36021,0.934604,0.089009,0.34437,0.000287,0.003914,0.00338,-4.882417,-1.632454,-1.843765,0.524038,0.058622,0.030302,-0.078747,-0.286152,0.951291,-0.114719,-0.958075,-0.28226,0.049194,0.014417,0.123987,0.992178,-0.004873,-0.026646,0.002704,-0.106142,0.098894,-0.095221,-0.917875
2222,0.088269,0.010297,0.325147,-0.254108,0.939784,-0.228649,-0.966898,-0.252451,0.036714,-0.022911,0.229239,0.973114,-0.0084,-0.04917,0.00924,-0.066547,0.130132,-0.06759,-1.918965,-0.187324,0.037457,0.302441,0.431242,-0.306264,0.84866,-0.063653,0.927874,0.367331,-0.900466,-0.212051,0.379551,0.00021,0.00445,0.004026,-0.124509,0.222451,0.221788,0.538229,0.025666,0.041136,-0.025959,-0.345636,0.358982,0.866986,-0.035018,-0.928221,0.370376,0.937714,0.097655,0.333398,7.3e-05,0.001638,0.001486,-0.157184,0.297297,0.246631,0.523548,0.05856,0.029348,-0.078662,-0.28665,0.951259,-0.113741,-0.957954,-0.283057,0.046916,0.012434,0.122407,0.992401,-0.004134,-0.024366,0.004829,-0.088637,0.112842,-0.069071,-0.918202
2223,0.088199,0.009563,0.325208,-0.254407,0.939435,-0.229748,-0.966799,-0.252908,0.036197,-0.023792,0.230159,0.972876,-0.006398,-0.035269,0.003771,-0.068079,0.054656,-0.054127,-1.918421,-0.187282,0.037523,0.302498,0.426133,-0.312771,0.848868,-0.064219,0.925428,0.373353,-0.90285,-0.213226,0.373176,0.000122,0.002598,0.002349,-0.262953,0.500166,0.414706,0.538021,0.025687,0.041171,-0.025929,-0.340867,0.36382,0.866858,-0.034168,-0.926266,0.375317,0.93949,0.098314,0.328164,4.8e-05,0.001118,0.001012,-0.215514,0.435918,0.36169,0.523222,0.058525,0.028979,-0.078633,-0.286914,0.951028,-0.115001,-0.957885,-0.283361,0.046494,0.01163,0.123498,0.992276,-0.003138,-0.017437,0.002074,-0.077413,0.049696,-0.055832,-0.92506
2224,0.088122,0.008358,0.32551,-0.254891,0.939564,-0.228686,-0.966738,-0.252746,0.038869,-0.02097,0.229816,0.973023,-0.003701,-0.026896,0.011759,-0.068517,0.038384,-0.030319,-1.918502,-0.18707,0.037528,0.30254,0.421024,-0.32304,0.84757,-0.064333,0.921363,0.383258,-0.90523,-0.215488,0.366041,0.013166,-0.000728,-0.001643,-0.194485,0.358169,0.338804,0.537981,0.025788,0.041175,-0.025907,-0.334743,0.373195,0.865258,-0.033205,-0.922333,0.384966,0.941723,0.100134,0.321137,-3.7e-05,-0.000775,-0.000701,-0.20898,0.516093,0.169612,0.522732,0.058486,0.028381,-0.078491,-0.287363,0.951014,-0.113987,-0.957711,-0.28349,0.049196,0.014472,0.123304,0.992262,-0.001851,-0.013433,0.005894,-0.068786,0.053755,-0.05524,-0.926693
2225,0.088074,0.007737,0.326069,-0.251662,0.941345,-0.224902,-0.967574,-0.249855,0.036676,-0.021362,0.225667,0.973984,0.000786,-0.005243,0.01373,0.184306,0.25084,0.164166,-1.918553,-0.186697,0.037455,0.302445,0.419694,-0.325805,0.847171,-0.064187,0.920287,0.385858,-0.905856,-0.215917,0.364235,0.013106,-0.002137,-0.002923,-0.00125,-0.008964,0.034422,0.537803,0.025969,0.041136,-0.025956,-0.331552,0.377117,0.864786,-0.032766,-0.920684,0.38893,0.942867,0.100615,0.317611,0.006529,-0.001622,-0.001967,0.012904,-0.01292,-0.006281,0.522732,0.058459,0.028058,-0.078216,-0.284759,0.952146,-0.111031,-0.958485,-0.281025,0.048279,0.014766,0.12017,0.992643,0.000479,-0.00233,0.007142,0.339762,0.415541,0.206126,-0.922937
2226,0.088001,0.007833,0.326699,-0.2499,0.942229,-0.223161,-0.968024,-0.248274,0.035511,-0.021642,0.223726,0.974426,-0.011087,0.003394,0.021165,-0.033841,0.019859,-0.019508,-1.91828,-0.186256,0.037378,0.302328,0.419956,-0.326346,0.846833,-0.063853,0.920092,0.386379,-0.905759,-0.215931,0.364469,0.013157,-0.001132,-0.00202,0.002044,-0.015204,0.029247,0.538295,0.026199,0.041091,-0.026021,-0.332007,0.377523,0.864434,-0.033134,-0.920518,0.38929,0.942694,0.100605,0.318127,0.006582,-0.000547,-0.000999,0.001785,-0.015988,0.028571,0.522895,0.058424,0.02811,-0.077891,-0.282164,0.953238,-0.108258,-0.959263,-0.278685,0.046337,0.014001,0.116923,0.993041,-0.005419,0.002111,0.01098,-0.046266,0.006828,-0.021479,-0.924244
2227,0.088001,0.00801,0.327017,-0.249441,0.942291,-0.22341,-0.968147,-0.24777,0.035681,-0.021429,0.224021,0.974363,0.004119,0.012826,0.012175,0.000187,-0.015384,0.02437,-1.91811,-0.186048,0.03739,0.30231,0.423926,-0.322156,0.846459,-0.068776,0.920371,0.384866,-0.90355,-0.220973,0.366922,5.4e-05,0.001241,0.001124,0.191687,-0.376588,-0.275111,0.538296,0.026303,0.041093,-0.026034,-0.33515,0.375071,0.864289,-0.028057,-0.92091,0.388762,0.941746,0.106044,0.319166,2.9e-05,0.000699,0.000629,0.313401,-0.544243,-0.413675,0.523059,0.058424,0.028198,-0.077732,-0.281759,0.953318,-0.108605,-0.959378,-0.278234,0.046669,0.014272,0.117343,0.992988,0.001701,0.001486,0.01075,-0.035741,-0.013719,0.032395,-0.923427
2228,0.088092,0.008381,0.327659,-0.246472,0.943274,-0.222554,-0.968885,-0.245136,0.033785,-0.022388,0.222782,0.974625,0.003233,0.002412,0.020894,-0.024207,0.015028,0.016213,-1.918187,-0.185592,0.037457,0.302296,0.422584,-0.321325,0.847446,-0.06907,0.920825,0.383725,-0.904155,-0.220292,0.36584,0.012634,0.013095,-0.006808,0.038436,-0.029129,0.045188,0.538233,0.026527,0.041125,-0.026035,-0.335212,0.372763,0.865262,-0.028101,-0.921946,0.386296,0.941723,0.105176,0.319522,0.006632,0.000655,8.6e-05,-0.000409,-0.01607,0.036259,0.522895,0.058472,0.028393,-0.07741,-0.278781,0.954309,-0.107586,-0.960264,-0.27546,0.044886,0.013199,0.115824,0.993181,0.002357,0.00738,0.006967,-0.009273,-0.039744,0.054993,-0.92604
2229,0.088175,0.008915,0.328157,-0.242557,0.944943,-0.219758,-0.969806,-0.242038,0.02943,-0.025085,0.219084,0.975397,0.003635,0.01135,0.010657,0.254841,0.276215,0.206456,-1.917795,-0.185113,0.037499,0.302323,0.423237,-0.322257,0.846766,-0.068551,0.920456,0.384701,-0.903889,-0.220468,0.366389,0.013263,0.001505,0.000355,0.002045,-0.015205,0.029245,0.538016,0.026761,0.04115,-0.026023,-0.335783,0.373819,0.864586,-0.028537,-0.921494,0.387341,0.941506,0.10539,0.320089,0.006645,0.001071,0.000459,0.001891,-0.015275,0.029329,0.522895,0.058514,0.028658,-0.077155,-0.275854,0.955271,-0.106584,-0.961127,-0.272777,0.042733,0.011748,0.114229,0.993384,-0.004892,0.007528,0.006699,0.347764,0.383157,0.26957,-0.928816
2230,0.08821,0.009084,0.328342,-0.243206,0.945658,-0.21593,-0.96976,-0.241686,0.033558,-0.020157,0.216384,0.976114,0.002806,0.008765,0.008215,-1.887554,1.943889,-0.456034,-1.917896,-0.184892,0.037527,0.302372,0.423389,-0.322546,0.84658,-0.068454,0.920332,0.385016,-0.903826,-0.220564,0.366488,0.013962,-0.008638,0.008829,-0.032631,-0.019213,0.035742,0.538309,0.026876,0.041166,-0.026004,-0.335915,0.374139,0.864395,-0.028631,-0.921354,0.387666,0.941456,0.105475,0.320209,0.006652,0.001294,0.000657,0.001949,-0.015232,0.029203,0.522732,0.058534,0.028751,-0.077055,-0.274803,0.955969,-0.102982,-0.961409,-0.271725,0.043087,0.013207,0.110848,0.993749,0.001348,0.004233,0.003965,-0.010274,-0.030392,0.026147,-0.929795
2231,0.088171,0.009166,0.328747,-0.243487,0.946046,-0.213907,-0.969749,-0.241348,0.036195,-0.017088,0.215071,0.976462,0.000857,-0.00498,0.013861,-0.034095,0.003765,0.009178,-1.918142,-0.184451,0.037606,0.302448,0.423802,-0.323225,0.846114,-0.068121,0.920058,0.385728,-0.903658,-0.220711,0.366814,0.013304,0.002826,0.00154,0.002045,-0.015205,0.029245,0.538132,0.027102,0.041205,-0.02596,-0.336277,0.374886,0.863931,-0.028873,-0.921027,0.388423,0.94132,0.105673,0.320544,0.006654,0.001465,0.00081,0.001989,-0.015227,0.02921,0.522732,0.058515,0.028795,-0.076856,-0.275498,0.956188,-0.099012,-0.961115,-0.271954,0.047939,0.018911,0.108369,0.99393,-0.005966,0.004148,0.003516,-0.000293,0.013196,-0.030377,-0.926203
2232,0.087852,0.009056,0.32921,-0.244053,0.94603,-0.213334,-0.969628,-0.241653,0.03739,-0.015884,0.214802,0.976542,-0.012649,0.005998,0.004876,-0.000984,0.014715,-0.029553,-1.917587,-0.184031,0.037724,0.302523,0.420666,-0.324434,0.847215,-0.068792,0.919693,0.386481,-0.905068,-0.22046,0.363474,0.013308,0.00318,0.001853,0.000985,-0.013229,0.030881,0.538189,0.027312,0.041265,-0.025923,-0.332825,0.375763,0.864887,-0.028075,-0.920718,0.389216,0.94257,0.105259,0.316988,0.006655,0.001637,0.000961,0.009763,-0.028182,0.024725,0.522895,0.05836,0.028737,-0.076621,-0.276038,0.956091,-0.098445,-0.960935,-0.27238,0.049104,0.020133,0.108154,0.993929,-5e-06,-0.003819,0.005691,-0.034001,0.003731,0.008541,-0.926693
2233,0.087168,0.008906,0.32977,-0.245449,0.9463,-0.210514,-0.969334,-0.242239,0.041035,-0.011866,0.212952,0.977004,-0.026949,-0.000781,0.016312,-0.036166,0.033408,-0.049917,-1.917574,-0.18362,0.037892,0.302629,0.419683,-0.327527,0.846513,-0.068428,0.918474,0.389431,-0.905551,-0.220958,0.361965,0.013319,0.003798,0.002403,-0.098682,0.171452,0.184388,0.538553,0.027517,0.041349,-0.02587,-0.332018,0.37829,0.864095,-0.028211,-0.919633,0.391763,0.942851,0.105695,0.316006,0.00666,0.001946,0.001237,-0.136303,0.223357,0.227725,0.522895,0.058022,0.028658,-0.076351,-0.277325,0.956014,-0.095531,-0.96047,-0.273355,0.052663,0.024232,0.10636,0.994031,-0.006718,-0.002017,0.007015,-0.031112,0.029587,-0.044641,-0.92751
2234,0.086746,0.008772,0.330151,-0.246636,0.94658,-0.207852,-0.969071,-0.242726,0.044242,-0.008273,0.211156,0.977431,-0.014228,-0.014157,0.023063,-0.069492,0.053068,-0.059932,-1.918351,-0.183409,0.037937,0.302679,0.42003,-0.327993,0.846161,-0.068191,0.918279,0.389933,-0.905408,-0.221078,0.362248,0.013284,0.002919,0.001607,0.00057,-0.012478,0.031513,0.538698,0.027618,0.041372,-0.025843,-0.33179,0.379245,0.863763,-0.028315,-0.919222,0.392718,0.942928,0.105843,0.315727,0.006646,0.001615,0.000936,0.01271,-0.044239,0.042493,0.522895,0.057806,0.028596,-0.076164,-0.2784,0.955968,-0.092833,-0.960061,-0.274178,0.055751,0.027843,0.104646,0.994119,-0.013228,0.000415,0.008912,-0.031009,-0.076071,0.118882,-0.924244
2235,0.085899,0.008385,0.331228,-0.246395,0.947315,-0.204765,-0.969146,-0.24225,0.045188,-0.006498,0.208402,0.978035,-0.027661,-0.018161,0.037069,0.250878,0.37109,0.336837,-1.917947,-0.182959,0.037944,0.30273,0.418731,-0.330815,0.845705,-0.068183,0.917123,0.392646,-0.906009,-0.221666,0.360383,0.013211,0.00086,-0.000254,0.000788,-0.012887,0.031172,0.538533,0.027843,0.041378,-0.025816,-0.330175,0.381877,0.863222,-0.028049,-0.918074,0.395414,0.943502,0.106343,0.313836,0.006603,0.0004,-0.000162,0.010793,-0.02632,0.019982,0.522895,0.057386,0.0284,-0.075634,-0.279411,0.955792,-0.091599,-0.959677,-0.274934,0.05857,0.030797,0.104271,0.994071,-0.013177,-0.003222,0.014754,-0.070162,0.052507,-0.065305,-0.922284
2236,0.085073,0.008229,0.332282,-0.243893,0.946394,-0.211895,-0.969639,-0.241915,0.035339,-0.01752,0.212902,0.97693,-0.012967,-0.010248,0.026651,-0.038164,0.073367,-0.013814,-1.917768,-0.182532,0.038091,0.302789,0.419495,-0.331811,0.844936,-0.067498,0.916741,0.393656,-0.905708,-0.221757,0.361083,0.00013,0.004142,0.003729,-0.0,0.0,0.0,0.537991,0.028061,0.041443,-0.025794,-0.33098,0.382867,0.862475,-0.028686,-0.91765,0.396351,0.943201,0.106443,0.314707,0.006672,0.002695,0.001902,0.003818,-0.033401,0.05152,0.522732,0.05697,0.028325,-0.075097,-0.275867,0.956306,-0.096827,-0.961022,-0.272501,0.046677,0.018252,0.10593,0.994205,-0.012752,0.001871,0.010222,-0.029726,0.059423,-0.026336,-0.924244
2237,0.084626,0.008127,0.332676,-0.243623,0.946675,-0.210952,-0.969658,-0.242235,0.03252,-0.020018,0.211295,0.977232,-0.027202,-0.001505,0.015558,-0.02102,0.172085,-0.231993,-1.917422,-0.182311,0.038221,0.302888,0.418131,-0.334415,0.844585,-0.067471,0.915686,0.396107,-0.906338,-0.222196,0.359226,0.013388,0.007045,0.005299,-0.082667,0.12531,0.183541,0.538198,0.028167,0.041505,-0.025747,-0.32969,0.384894,0.862067,-0.028466,-0.916758,0.398425,0.943659,0.106818,0.313202,0.006691,0.003484,0.002607,-0.13597,0.205269,0.250169,0.522895,0.056745,0.028279,-0.074883,-0.275513,0.956517,-0.095741,-0.961165,-0.272457,0.043902,0.015907,0.104118,0.994437,-0.013697,-0.000997,0.007566,-0.052427,0.143903,-0.234435,-0.92457
2238,0.083765,0.007783,0.333186,-0.246295,0.946802,-0.207244,-0.969067,-0.243998,0.036698,-0.015522,0.208693,0.977872,-0.029992,-0.017394,0.019303,-0.068871,-0.036285,0.079949,-1.917266,-0.181826,0.038506,0.303146,0.420707,-0.332803,0.843943,-0.072434,0.914906,0.397031,-0.904764,-0.227752,0.359714,0.013376,0.007476,0.005665,0.002026,-0.015171,0.029273,0.53787,0.028409,0.041652,-0.025614,-0.332084,0.383999,0.861547,-0.02337,-0.916451,0.399461,0.942959,0.112521,0.313312,0.006707,0.004489,0.003498,-0.006626,0.08789,-0.105635,0.522732,0.056324,0.028112,-0.074636,-0.278092,0.956121,-0.092171,-0.960331,-0.274681,0.048089,0.020661,0.101888,0.99458,-0.007702,-0.004933,0.0043,-0.035811,0.032804,-0.045624,-0.925713
2239,0.082893,0.007534,0.333493,-0.245589,0.94576,-0.212769,-0.969125,-0.244462,0.031731,-0.021705,0.212814,0.976866,-0.014982,-0.00858,0.009752,-0.019891,0.018122,-0.040883,-1.917631,-0.181462,0.038787,0.303382,0.423113,-0.330943,0.843471,-0.077483,0.914202,0.397699,-0.903224,-0.233216,0.360082,0.013333,0.006683,0.004936,0.003772,-0.033031,0.051821,0.538038,0.028591,0.041795,-0.025493,-0.334738,0.382423,0.861221,-0.01823,-0.916403,0.39984,0.942134,0.118142,0.313727,7.8e-05,0.002966,0.002648,9.2e-05,-7e-05,0.000129,0.522732,0.05588,0.027976,-0.074486,-0.277528,0.95571,-0.097951,-0.960611,-0.274539,0.043048,0.01425,0.10604,0.994259,-0.006928,0.001191,0.000734,0.046967,-0.137438,0.151521,-0.926693
2240,0.082052,0.007573,0.333664,-0.245711,0.945545,-0.213581,-0.968954,-0.245764,0.026449,-0.027183,0.212271,0.976846,-0.027408,0.005644,0.003673,-0.001729,0.029698,-0.058944,-1.917839,-0.181299,0.038892,0.303516,0.419236,-0.331313,0.84526,-0.078862,0.914144,0.397563,-0.904907,-0.23292,0.356025,4.1e-05,0.001513,0.001351,-0.012717,0.124427,-0.154634,0.537758,0.028678,0.041856,-0.02542,-0.33076,0.382527,0.862711,-0.016895,-0.916418,0.399863,0.943563,0.117683,0.309577,1.6e-05,0.000716,0.000637,0.007477,-0.009759,-0.007462,0.522895,0.055464,0.027989,-0.074399,-0.277667,0.955599,-0.098648,-0.960636,-0.275239,0.037699,0.008873,0.105232,0.994407,-0.006858,0.001398,0.000919,-0.00707,0.010526,-0.030548,-0.925223
2241,0.081824,0.007668,0.333683,-0.246004,0.945491,-0.21348,-0.968878,-0.246066,0.026428,-0.027243,0.21216,0.976869,-0.013383,0.003764,0.002704,-0.000981,0.014718,-0.029551,-1.917712,-0.181259,0.038891,0.303525,0.421149,-0.328813,0.845286,-0.084309,0.913662,0.397553,-0.903528,-0.238287,0.355977,2e-06,5.9e-05,5.3e-05,-1.4e-05,2e-05,1.6e-05,0.537458,0.028698,0.041855,-0.025416,-0.332976,0.380112,0.862926,-0.011415,-0.916706,0.399397,0.942865,0.123139,0.30958,-6e-06,-0.000152,-0.000136,0.001261,-0.001779,-0.000964,0.522732,0.055344,0.028036,-0.07439,-0.277992,0.955513,-0.098565,-0.960542,-0.275566,0.037697,0.008858,0.105155,0.994415,-0.006638,0.002047,0.001514,-0.001833,0.014058,-0.030209,-0.923917
2242,0.081671,0.007792,0.33365,-0.244841,0.945601,-0.214329,-0.96916,-0.245009,0.025925,-0.0277,0.212889,0.976698,-0.012376,0.014286,-0.006015,0.033192,-0.004658,-0.014436,-1.917502,-0.18122,0.038866,0.303499,0.423083,-0.326334,0.84528,-0.089709,0.91314,0.39757,-0.902105,-0.243629,0.355971,-9e-06,-0.00033,-0.000295,-0.0,0.0,0.0,0.537469,0.028717,0.041838,-0.025433,-0.335225,0.377885,0.863033,-0.005997,-0.916874,0.39913,0.942118,0.128623,0.309625,-8e-06,-0.000254,-0.000227,0.000174,1.6e-05,0.000109,0.522732,0.055268,0.028096,-0.074402,-0.2769,0.95574,-0.099433,-0.960862,-0.274496,0.037359,0.008411,0.105886,0.994342,7.6e-05,0.000223,0.00021,4.9e-05,-1.7e-05,-0.000397,-0.927836
2243,0.081677,0.007811,0.333668,-0.242531,0.946466,-0.213138,-0.969698,-0.243102,0.02365,-0.029136,0.211236,0.977015,0.013463,-0.003522,-0.002478,0.135847,0.137542,0.121608,-1.917674,-0.181191,0.038847,0.30348,0.422892,-0.326181,0.845435,-0.089817,0.913207,0.397391,-0.902183,-0.243583,0.355802,-1.5e-05,-0.000557,-0.000498,-0.0,0.0,0.0,0.537443,0.028732,0.041828,-0.025443,-0.335045,0.377711,0.863179,-0.005913,-0.916954,0.398947,0.942183,0.128561,0.309454,-1.1e-05,-0.000431,-0.000386,0.000112,4.4e-05,4.2e-05,0.522732,0.055262,0.028115,-0.074392,-0.275007,0.956374,-0.098589,-0.961415,-0.272781,0.035647,0.007198,0.104588,0.994489,-0.000153,-0.000453,-0.000416,0.208632,0.231754,0.115787,-0.928163
2244,0.081716,0.007752,0.333644,-0.241531,0.946585,-0.213741,-0.969944,-0.242135,0.023472,-0.029242,0.211807,0.976888,-0.000598,-0.001758,-0.001625,0.001968,0.002228,0.001347,-1.917622,-0.181201,0.038833,0.303469,0.422852,-0.326139,0.845471,-0.089844,0.913224,0.397345,-0.902199,-0.243574,0.355768,-1.8e-05,-0.000689,-0.000616,-0.0,0.0,0.0,0.537509,0.028727,0.04182,-0.025449,-0.335009,0.377666,0.863213,-0.005893,-0.916974,0.3989,0.942196,0.128549,0.30942,-9e-06,-0.000368,-0.00033,9e-05,5e-05,1.9e-05,0.522732,0.055287,0.028085,-0.074403,-0.273581,0.956766,-0.098749,-0.961824,-0.271403,0.035121,0.006801,0.104587,0.994492,0.005851,-0.008139,0.002087,-0.043866,-0.006422,0.014673,-0.928326
2245,0.082031,0.007516,0.333515,-0.23853,0.946945,-0.215508,-0.970676,-0.23924,0.0229,-0.029584,0.213471,0.976515,0.012351,-0.006824,-0.005539,0.000763,0.000354,0.004987,-1.917679,-0.181268,0.038709,0.303455,0.426497,-0.320904,0.845644,-0.100953,0.912133,0.397186,-0.899307,-0.254371,0.355536,-0.013231,-0.003001,-0.001641,-0.129959,-0.026242,-0.104878,0.537146,0.028698,0.041762,-0.025453,-0.33924,0.37302,0.86358,0.005105,-0.917276,0.398218,0.940685,0.1395,0.309273,-2.4e-05,-0.000853,-0.00076,-0.424069,-0.199762,-0.180564,0.522895,0.05544,0.02797,-0.074466,-0.270692,0.957383,-0.100708,-0.962643,-0.268496,0.035017,0.006486,0.106425,0.994299,0.006274,-0.003125,-0.002507,0.00235,-0.118984,0.198706,-0.921958
2246,0.082517,0.007239,0.333343,-0.241168,0.946494,-0.214553,-0.969938,-0.242426,0.020558,-0.032262,0.211882,0.976777,-0.001112,-0.003296,-0.003053,0.050182,0.072795,0.010308,-1.917258,-0.181276,0.038465,0.303382,0.427699,-0.314296,0.847516,-0.107505,0.913182,0.393035,-0.897976,-0.258823,0.355687,-0.000108,-0.003989,-0.003572,0.002436,-0.004045,-0.004147,0.536435,0.028685,0.041641,-0.025487,-0.34133,0.366324,0.865621,0.011375,-0.919251,0.393505,0.939874,0.144162,0.309601,0.000289,-0.008134,0.00149,-0.046009,0.025416,-0.005821,0.522732,0.055681,0.027825,-0.07455,-0.273456,0.956715,-0.099578,-0.961876,-0.271577,0.03223,0.003792,0.104596,0.994507,-0.000482,-0.001438,-0.001334,0.063319,0.073986,0.049582,-0.923754
2247,0.082626,0.007188,0.333261,-0.240019,0.947226,-0.212602,-0.970178,-0.241632,0.018479,-0.033576,0.209517,0.977242,-0.00109,-0.003233,-0.002996,0.026953,0.046195,-0.005758,-1.917268,-0.181277,0.038353,0.303321,0.427488,-0.314114,0.84769,-0.107703,0.913236,0.392853,-0.898052,-0.258849,0.355475,-0.000113,-0.004152,-0.003721,4.2e-05,-7.6e-05,-6.3e-05,0.536299,0.028689,0.041582,-0.025521,-0.341036,0.366291,0.86575,0.011594,-0.919253,0.393494,0.939978,0.144233,0.309251,-6.7e-05,-0.002483,-0.002225,-0.003618,0.020261,-0.019198,0.522732,0.055741,0.027802,-0.074596,-0.272067,0.957333,-0.097424,-0.962275,-0.270414,0.030039,0.002412,0.101922,0.994788,0.006462,-0.002588,-0.002017,0.00264,-0.010192,0.049864,-0.92408
