frame,MLTx,MLTy,MLTz,MLTR1,MLTR2,MLTR3,MLTR4,MLTR5,MLTR6,MLTR7,MLTR8,MLTR9,MLTTVx,MLTTVy,MLTTVz,MLTRVx,MLTRVy,MLTRVz,MLGA,MRTx,MRTy,MRTz,MRTR1,MRTR2,MRTR3,MRTR4,MRTR5,MRTR6,MRTR7,MRTR8,MRTR9,MRTTVx,MRTTVy,MRTTVz,MRTRVx,MRTRVy,MRTRVz,MRGA,SLTx,SLTy,SLTz,SLTR1,SLTR2,SLTR3,SLTR4,SLTR5,SLTR6,SLTR7,SLTR8,SLTR9,SLTTVx,SLTTVy,SLTTVz,SLTRVx,SLTRVy,SLTRVz,SLGA,SRTx,SRTy,SRTz,SRTR1,SRTR2,SRTR3,SRTR4,SRTR5,SRTR6,SRTR7,SRTR8,SRTR9,SRTTVx,SRTTVy,SRTTVz,SRTRVx,SRTRVy,SRTRVz,SRGA
1731,0.112224,0.053686,0.389002,-0.662481,0.326131,-0.674391,-0.340059,-0.933052,-0.117243,-0.666659,0.151249,0.729874,0.067217,0.016127,-0.064234,-0.158259,-1.015259,-0.742083,0.462834,-0.123604,0.044079,0.384617,0.583227,-0.413443,0.699216,0.249463,0.910269,0.330321,-0.773762,-0.017716,0.63312,-0.059938,0.002129,-0.066151,0.420832,-0.362177,-0.42828,0.509493,0.031198,0.04231,0.011727,-0.481745,0.28919,0.827218,-0.099117,-0.955901,0.276454,0.870687,0.051189,0.489165,-0.029158,-0.004225,-0.028641,0.028147,-0.024042,-0.073508,0.094257,0.092965,0.04882,-0.045129,-0.567146,0.468304,-0.677521,-0.517259,-0.842675,-0.149466,-0.640926,0.265686,0.720155,0.033713,0.008361,-0.032,-0.238315,-1.289299,-0.856002,0.405105
1732,0.115243,0.054879,0.385818,-0.634618,0.311688,-0.707217,-0.345636,-0.932895,-0.101069,-0.690477,0.179906,0.700645,0.092351,0.05074,-0.103629,0.092132,-0.868609,-0.270027,0.472616,-0.126376,0.044447,0.382022,0.596534,-0.390855,0.700978,0.231764,0.920009,0.315916,-0.769119,-0.025514,0.638489,-0.088464,0.030351,-0.078382,-3.538455,-1.799153,-3.757025,0.508934,0.029824,0.042469,0.010426,-0.492542,0.267611,0.828122,-0.089556,-0.962082,0.257635,0.865668,0.052733,0.497832,-0.037589,0.01111,-0.034543,0.318152,-0.087077,-0.231361,0.396672,0.094465,0.049405,-0.046704,-0.542107,0.449032,-0.710274,-0.523004,-0.84188,-0.133056,-0.657712,0.299346,0.691234,0.04001,0.020694,-0.046974,0.015258,-1.08195,-0.223619,0.432211
1733,0.118812,0.057272,0.381468,-0.618518,0.304134,-0.724557,-0.349953,-0.932163,-0.092612,-0.702808,0.195894,0.683896,0.093803,0.073797,-0.11938,0.280272,-0.465165,-0.022706,0.513624,-0.129718,0.046038,0.37922,0.631668,-0.363964,0.684484,0.197935,0.929316,0.311655,-0.750311,-0.060933,0.658167,-0.080333,0.058674,-0.078311,0.307671,-0.358756,-0.039864,0.50877,0.028121,0.043268,0.008992,-0.529723,0.234451,0.815123,-0.051052,-0.968108,0.245276,0.846632,0.088315,0.524798,-0.040214,0.029898,-0.038803,0.277151,-0.318294,-0.007318,0.481909,0.096282,0.050613,-0.048921,-0.527276,0.438416,-0.727853,-0.527103,-0.840631,-0.124499,-0.666439,0.318009,0.674335,0.046948,0.036761,-0.059796,0.313708,-0.397625,0.025044,0.477769
1734,0.120755,0.058912,0.379001,-0.611679,0.300164,-0.73198,-0.350669,-0.932216,-0.089311,-0.708416,0.201674,0.676389,0.106978,0.096201,-0.13584,0.269001,-0.66406,-0.098064,0.519426,-0.131374,0.047272,0.377729,0.651762,-0.355827,0.669765,0.184096,0.930843,0.315555,-0.736534,-0.081929,0.671319,-0.092772,0.063367,-0.074756,-1.012409,-1.271182,-0.560965,0.508791,0.027293,0.043886,0.008246,-0.551176,0.225601,0.80331,-0.037132,-0.968431,0.246496,0.833561,0.106034,0.542154,-0.046431,0.032304,-0.037002,-1.065472,-1.268786,-0.511094,0.491054,0.097253,0.05143,-0.050156,-0.52155,0.43416,-0.734499,-0.527992,-0.840457,-0.121877,-0.67023,0.324245,0.667574,0.053568,0.048053,-0.067986,0.256118,-0.718802,-0.123345,0.497854
1735,0.124815,0.062814,0.373825,-0.595962,0.306666,-0.74218,-0.370145,-0.925054,-0.085078,-0.711911,0.223624,0.665733,0.107547,0.103853,-0.130558,0.009077,-0.297094,0.070617,0.518296,-0.13446,0.050575,0.374521,0.678606,-0.345761,0.648024,0.165712,0.931512,0.323664,-0.716392,-0.111831,0.688578,-0.072771,0.097298,-0.08627,-0.695237,-0.727497,-0.743213,0.505596,0.025776,0.045505,0.006677,-0.579622,0.215458,0.785885,-0.018172,-0.967589,0.251872,0.814682,0.13171,0.564751,-0.036326,0.048727,-0.04308,-3.218493,-1.949598,-3.397231,0.496605,0.099241,0.053335,-0.052698,-0.504528,0.436945,-0.744667,-0.545553,-0.829827,-0.11729,-0.669195,0.34708,0.657048,0.048281,0.053384,-0.064432,-0.861681,-0.41076,0.846394,0.513203
1736,0.128553,0.06752,0.36883,-0.58981,0.301714,-0.749092,-0.384114,-0.920728,-0.068477,-0.709642,0.246967,0.659881,0.086765,0.123953,-0.11801,-0.332118,-0.070636,-1.07665,0.498811,-0.137161,0.05469,0.37108,0.701188,-0.309066,0.642499,0.113544,0.93798,0.327466,-0.704728,-0.156284,0.691952,-0.050774,0.116119,-0.091179,-0.120649,-0.014771,0.134032,0.506852,0.024439,0.047519,0.004997,-0.599968,0.176179,0.780383,0.034473,-0.968851,0.245231,0.79928,0.174033,0.575206,-0.025333,0.058265,-0.045498,-3.631941,-1.443828,-3.270388,0.497095,0.101086,0.055618,-0.055164,-0.497726,0.434034,-0.750921,-0.559157,-0.822418,-0.104738,-0.663032,0.367752,0.652032,0.04357,0.062262,-0.05895,-0.837408,-0.149575,0.73818,0.500956
1737,0.131272,0.072664,0.364784,-0.595889,0.291056,-0.748497,-0.389496,-0.91978,-0.047648,-0.701585,0.262776,0.662386,0.054714,0.137377,-0.094894,0.1942,0.176916,-0.791452,0.491104,-0.138864,0.059585,0.367447,0.720175,-0.264277,0.64148,0.052745,0.942703,0.329338,-0.692652,-0.203022,0.69201,-0.029235,0.135572,-0.095385,-0.190053,0.157683,0.157422,0.505771,0.023556,0.050004,0.003148,-0.615097,0.128836,0.777853,0.095636,-0.967083,0.235803,0.782629,0.219432,0.582529,-0.014531,0.067386,-0.047887,-0.966234,-0.210123,-0.696577,0.497259,0.102485,0.058225,-0.057244,-0.506796,0.422407,-0.751484,-0.564981,-0.821161,-0.080552,-0.651116,0.383751,0.654814,0.027564,0.069227,-0.04724,-0.187646,0.548987,-1.216634,0.481035
1738,0.132286,0.075312,0.363078,-0.5983,0.28574,-0.748622,-0.398733,-0.91652,-0.031227,-0.694311,0.279456,0.663222,0.054756,0.132296,-0.083239,-2.589605,1.264245,-1.439582,0.492518,-0.139325,0.062092,0.365714,0.725177,-0.248876,0.642005,0.032208,0.943547,0.329568,-0.68868,-0.218013,0.691414,-0.016376,0.127419,-0.085941,-3.331036,-1.667338,-3.407451,0.508397,0.02332,0.051262,0.00228,-0.616707,0.117963,0.778303,0.111021,-0.965792,0.234349,0.779324,0.230933,0.582514,-0.008096,0.063351,-0.043154,0.129869,0.372124,0.289665,0.498075,0.102993,0.059555,-0.0581,-0.509396,0.419077,-0.751591,-0.572402,-0.817173,-0.067695,-0.64255,0.395729,0.656145,0.0219,0.067619,-0.040809,-3.976147,-0.543169,2.738934,0.479566
1739,0.133791,0.080049,0.360374,-0.602092,0.263583,-0.753694,-0.410687,-0.911715,0.009163,-0.683995,0.314716,0.658127,0.03026,0.10349,-0.055749,-0.198025,-0.566135,-1.160288,0.468509,-0.139377,0.066399,0.362738,0.723321,-0.253483,0.642296,0.02982,0.940695,0.337843,-0.690736,-0.224904,0.687142,-0.000184,0.091233,-0.063312,0.140987,0.212067,0.147035,0.514054,0.023283,0.0534,0.000815,-0.615891,0.118931,0.778802,0.1202,-0.962781,0.242082,0.778607,0.242708,0.578672,0.005711,0.046137,-0.0318,0.114873,0.140141,0.374754,0.506566,0.103747,0.061911,-0.059433,-0.518544,0.399287,-0.756096,-0.585893,-0.809973,-0.025923,-0.622768,0.42955,0.653946,0.009787,0.053371,-0.026923,-1.249032,-0.28704,0.016001,0.469768
1740,0.134098,0.083807,0.35854,-0.611323,0.233748,-0.756103,-0.415924,-0.907682,0.055604,-0.672549,0.348178,0.653052,-0.003658,0.096643,-0.04422,-1.308125,-0.147678,-0.108292,0.388872,-0.138535,0.069841,0.360563,0.724233,-0.219877,0.653554,-0.021936,0.939884,0.340692,-0.690069,-0.260807,0.675016,0.034428,0.090376,-0.051835,-0.041013,0.077435,0.520945,0.514769,0.02371,0.055184,-0.000327,-0.611731,0.084557,0.786533,0.170829,-0.95669,0.235713,0.7724,0.278556,0.570792,0.017235,0.045348,-0.025851,-0.047524,0.077586,0.535205,0.507056,0.103926,0.063838,-0.060373,-0.533806,0.369058,-0.760819,-0.589752,-0.807279,0.022187,-0.606006,0.460538,0.648583,-0.00772,0.043479,-0.017783,-4.344082,-0.110185,2.278656,0.400859
1741,0.133781,0.085595,0.357868,-0.616205,0.21709,-0.757105,-0.412785,-0.907668,0.075632,-0.67002,0.358851,0.649867,-0.025415,0.09278,-0.03199,-1.274869,0.113258,-0.027962,0.317687,-0.137805,0.071479,0.359711,0.720512,-0.191803,0.666382,-0.058851,0.940517,0.334511,-0.691793,-0.280001,0.665496,0.046438,0.084979,-0.041536,-2.854819,0.209698,-4.841624,0.518059,0.024058,0.055967,-0.00074,-0.604469,0.060868,0.794299,0.200339,-0.953416,0.225521,0.771025,0.29545,0.564117,0.018318,0.036295,-0.016796,-0.108721,0.487078,0.375253,0.509995,0.103775,0.064727,-0.060717,-0.541653,0.352965,-0.762906,-0.587036,-0.80843,0.042761,-0.601664,0.471015,0.645092,-0.012763,0.04638,-0.01605,-4.217185,0.349257,2.449094,0.33636
1742,0.131975,0.088959,0.357289,-0.6234,0.200711,-0.755734,-0.429363,-0.895603,0.116251,-0.652735,0.3967,0.645441,-0.080269,0.065971,0.009258,-0.243568,0.08228,-1.295962,0.063973,-0.135658,0.074335,0.358961,0.712959,-0.108716,0.69272,-0.16296,0.935082,0.31464,-0.682835,-0.33708,0.648056,0.071863,0.062092,-0.000336,-3.056917,0.069445,-5.194984,0.490577,0.025152,0.05741,-0.001139,-0.583585,-0.02586,0.811639,0.302227,-0.934607,0.187529,0.753715,0.354739,0.553239,0.03584,0.031903,0.000245,-3.032683,0.007364,-5.197777,0.498565,0.102891,0.06641,-0.061028,-0.551478,0.340451,-0.761554,-0.603334,-0.793231,0.082291,-0.576072,0.504854,0.642855,-0.034161,0.038688,0.000715,-0.380516,-0.227096,-1.140813,0.069869
1743,0.128077,0.091143,0.358437,-0.614751,0.215886,-0.75863,-0.471885,-0.871347,0.134356,-0.631265,0.440309,0.638482,-0.123311,0.040005,0.049974,-1.228848,-0.318361,0.760697,-0.130278,-0.132772,0.076934,0.359594,0.691996,-0.022314,0.72155,-0.268265,0.919912,0.285885,-0.670992,-0.391374,0.62965,0.070331,0.065202,0.028137,-0.115541,0.457083,-0.868611,0.448516,0.026571,0.058672,-0.000839,-0.550199,-0.113156,0.82733,0.399925,-0.905461,0.142119,0.733034,0.409065,0.543438,0.03511,0.033051,0.014267,-0.437991,1.513632,-2.907962,0.461008,0.100958,0.067508,-0.060473,-0.541318,0.352872,-0.763188,-0.638906,-0.762687,0.100526,-0.546602,0.542022,0.638308,-0.061808,0.019883,0.024966,-3.561142,-1.338537,4.527934,-0.197764
1744,0.12244,0.0919,0.361305,-0.579371,0.255708,-0.773943,-0.523818,-0.844269,0.113116,-0.623777,0.470619,0.624056,-0.156714,0.008049,0.087469,0.173432,-0.30307,0.35908,-0.319579,-0.129912,0.079269,0.361098,0.677879,0.069427,0.731882,-0.389187,0.878392,0.277301,-0.624459,-0.472904,0.621511,0.071576,0.048803,0.046126,-1.362627,-0.223421,-1.418196,0.158088,0.027998,0.05987,-8.1e-05,-0.525949,-0.202277,0.826111,0.511788,-0.851044,0.117451,0.6793,0.484568,0.551129,0.036671,0.01898,0.026985,-4.335073,-1.291975,-3.942527,0.275183,0.098154,0.067905,-0.05905,-0.497757,0.385151,-0.777107,-0.684948,-0.724208,0.079794,-0.532054,0.571997,0.624289,-0.078823,-0.001358,0.047744,0.918017,-1.513627,1.587662,-0.356482
1745,0.119211,0.091773,0.363304,-0.564908,0.26935,-0.779984,-0.537476,-0.837305,0.100057,-0.625437,0.475406,0.618744,-0.169223,-0.019438,0.113782,0.28937,0.00122,0.714383,-0.434743,-0.12849,0.079943,0.362236,0.663368,0.104485,0.740957,-0.439231,0.855949,0.272692,-0.606542,-0.506478,0.612739,0.073851,0.03034,0.063343,-1.430716,-0.162141,-1.391565,0.019447,0.028709,0.060214,0.000482,-0.50685,-0.235843,0.829144,0.557898,-0.822989,0.106948,0.657154,0.516785,0.548709,0.037778,0.009919,0.035688,-4.33958,-1.120454,-3.938689,0.120384,0.096545,0.067853,-0.05806,-0.480752,0.393916,-0.783394,-0.696488,-0.714316,0.068239,-0.53271,0.578431,0.617767,-0.08421,-0.004205,0.053109,0.830807,-1.865713,1.739656,-0.437964
1746,0.112181,0.090547,0.368315,-0.546383,0.289573,-0.785912,-0.55031,-0.831463,0.076164,-0.630728,0.473745,0.614633,-0.182504,-0.046989,0.140928,0.900277,-1.688925,2.174052,-0.658364,-0.125205,0.081216,0.365332,0.62646,0.127178,0.769003,-0.473573,0.845638,0.246089,-0.619765,-0.518503,0.588989,0.082106,0.041089,0.080418,-0.187293,0.272363,-0.387941,-0.250152,0.03032,0.060819,0.001988,-0.463636,-0.25766,0.847733,0.586769,-0.80619,0.075878,0.663884,0.532604,0.524967,0.046416,0.022187,0.040625,0.043166,0.936233,-1.067454,-0.190684,0.093102,0.067279,-0.055612,-0.460714,0.41178,-0.786243,-0.706772,-0.706048,0.044367,-0.536856,0.576136,0.616321,-0.091367,-0.023712,0.070464,-0.191069,0.285753,0.54164,-0.599295
1747,0.105085,0.088321,0.374334,-0.523833,0.322214,-0.788557,-0.570502,-0.820109,0.043807,-0.631943,0.472417,0.614409,-0.183158,-0.065878,0.172611,-0.143711,0.133249,0.928552,-0.929945,-0.122317,0.082915,0.368418,0.585864,0.146406,0.79707,-0.498326,0.840627,0.212018,-0.639711,-0.521597,0.56442,0.069469,0.042067,0.080563,-0.214084,0.488121,-0.759411,-0.57655,0.031796,0.061704,0.003571,-0.41695,-0.274789,0.866396,0.604441,-0.795718,0.038512,0.678825,0.539743,0.497868,0.029205,0.02044,0.040304,-0.169773,0.647503,-0.89246,-0.485587,0.089487,0.066142,-0.052567,-0.429851,0.439006,-0.788987,-0.723755,-0.689978,0.010395,-0.539821,0.575502,0.614321,-0.091759,-0.03333,0.086245,0.24649,-0.202101,1.592346,-0.776139
1748,0.101538,0.087195,0.37789,-0.506073,0.3403,-0.792547,-0.582819,-0.81225,0.023327,-0.635185,0.473289,0.61038,-0.179558,-0.058276,0.189715,-0.247873,0.18302,1.014695,-1.129056,-0.121106,0.08364,0.370094,0.571672,0.154467,0.805806,-0.510798,0.835505,0.202363,-0.642691,-0.527482,0.555494,0.059928,0.029026,0.087741,-0.279053,0.461931,-0.756448,-0.823438,0.032387,0.062061,0.004378,-0.401551,-0.28136,0.871545,0.613948,-0.788841,0.028206,0.679575,0.546411,0.489501,0.029902,0.014736,0.043958,-0.279998,0.46428,-0.750178,-0.632549,0.087708,0.065558,-0.050804,-0.408649,0.452763,-0.792471,-0.733688,-0.679414,-0.009832,-0.542868,0.577409,0.609829,-0.089695,-0.028505,0.095253,-0.171846,0.164183,0.944483,-0.848967
1749,0.095382,0.0851,0.385921,-0.459807,0.365488,-0.809346,-0.611964,-0.790811,-0.009513,-0.642951,0.490458,0.588296,-0.130924,-0.060801,0.21381,-0.608506,-0.52174,1.129082,-1.522176,-0.119122,0.085198,0.373282,0.537286,0.171518,0.82577,-0.535313,0.825882,0.176898,-0.652297,-0.537305,0.534485,0.045332,0.04378,0.080984,-0.224679,0.347272,-0.582227,-1.279855,0.033382,0.062829,0.005973,-0.362358,-0.296199,0.88372,0.632593,-0.774483,-0.0002,0.684486,0.558963,0.468014,0.022638,0.021912,0.040493,-0.220434,0.493092,-0.791384,-0.8703,0.084612,0.064511,-0.046796,-0.358367,0.469382,-0.807002,-0.756944,-0.652054,-0.04312,-0.546449,0.595403,0.588971,-0.07063,-0.02828,0.108199,-0.626307,-0.410895,0.906885,-0.827739
1750,0.090753,0.082939,0.393783,-0.424699,0.372961,-0.82497,-0.644935,-0.7641,-0.013491,-0.63487,0.525855,0.566077,-0.109385,-0.052886,0.191435,-1.033472,-0.233436,0.298501,-1.89295,-0.1174,0.087017,0.37631,0.50651,0.167294,0.845844,-0.554386,0.814457,0.171028,-0.660901,-0.55576,0.504186,0.042179,0.056783,0.072603,-0.58244,1.041612,-0.120147,-1.401248,0.03428,0.063776,0.007549,-0.328493,-0.292041,0.898222,0.649298,-0.76047,-0.009795,0.685932,0.579997,0.439431,0.021009,0.028564,0.036345,-0.568849,0.999053,-0.152009,-0.836989,0.082262,0.063452,-0.042766,-0.321284,0.469741,-0.822264,-0.784326,-0.618571,-0.046915,-0.530668,0.629851,0.567167,-0.054897,-0.026732,0.095704,-1.062388,-0.165167,0.261784,-0.845048
1751,0.086973,0.081169,0.400414,-0.40785,0.377268,-0.831488,-0.663932,-0.747649,-0.013629,-0.626303,0.54602,0.556447,-0.077897,-0.042916,0.155831,-0.828593,0.004729,0.359204,-1.904078,-0.115683,0.089294,0.379136,0.486867,0.16053,0.858593,-0.567693,0.805135,0.171509,-0.664336,-0.571119,0.48202,0.041155,0.057003,0.071419,-0.243205,0.353215,-0.308635,-1.40204,0.035122,0.064898,0.008937,-0.307331,-0.281669,0.90896,0.661794,-0.749636,-0.008537,0.683794,0.598921,0.416794,0.025925,0.029044,0.035664,-0.210176,0.183537,-0.186053,-0.857563,0.080406,0.062599,-0.039502,-0.303887,0.470466,-0.82844,-0.799228,-0.599179,-0.047099,-0.518543,0.6478,0.558092,-0.038653,-0.016986,0.073262,-1.689174,1.174021,-1.14602,-0.852722
1752,0.085646,0.080433,0.403165,-0.404545,0.374709,-0.834256,-0.661664,-0.749613,-0.015903,-0.630831,0.545094,0.552224,-0.056514,-0.03485,0.132165,-1.63675,1.197958,-1.290686,-1.904089,-0.114721,0.090271,0.380536,0.473334,0.157779,0.866632,-0.574637,0.800901,0.168174,-0.66812,-0.577798,0.468644,0.052657,0.052154,0.068412,-0.273068,0.348523,-0.105073,-1.402373,0.035616,0.065419,0.009669,-0.292619,-0.278762,0.914694,0.667744,-0.744273,-0.013208,0.684464,0.606917,0.40393,0.026358,0.025782,0.034059,-0.264299,0.30884,-0.125958,-0.863605,0.079735,0.062231,-0.038116,-0.299108,0.467723,-0.831726,-0.797348,-0.601325,-0.051412,-0.524185,0.647798,0.552799,-0.023365,-0.019652,0.064943,-0.214902,-0.327753,0.826999,-0.872317
1753,0.084178,0.078657,0.407268,-0.392809,0.372881,-0.840658,-0.659949,-0.750884,-0.024753,-0.639985,0.544601,0.542085,-0.022195,-0.049855,0.085824,-0.233379,-0.158018,0.353515,-1.903651,-0.112742,0.091848,0.383216,0.442442,0.155684,0.883175,-0.588795,0.793185,0.155277,-0.676875,-0.588903,0.44147,0.043488,0.040424,0.063424,-0.165153,0.435262,-0.373548,-1.402055,0.036588,0.066196,0.010987,-0.259958,-0.274373,0.925818,0.678473,-0.734126,-0.027058,0.687092,0.621109,0.376996,0.02286,0.014041,0.035523,-0.016672,0.812839,-0.914031,-0.852175,0.078987,0.061356,-0.036006,-0.289789,0.463694,-0.837262,-0.796061,-0.602419,-0.058104,-0.531326,0.649675,0.543704,-0.011699,-0.026505,0.042354,-0.224163,-0.122194,0.372634,-0.882115
1754,0.083272,0.076796,0.409978,-0.387345,0.3768,-0.841445,-0.664709,-0.746544,-0.028378,-0.638394,0.547853,0.540682,-0.023435,-0.033881,0.05349,-0.165796,0.024925,0.068542,-1.90398,-0.110948,0.092729,0.385914,0.420607,0.159367,0.893131,-0.601621,0.785792,0.143239,-0.679488,-0.59777,0.425241,0.049287,0.00817,0.075468,-0.240858,0.175327,-0.34062,-1.402087,0.037501,0.066655,0.01236,-0.236042,-0.276971,0.931434,0.688399,-0.724178,-0.040889,0.685849,0.631548,0.361603,0.024746,0.003466,0.037467,-0.233563,0.136118,-0.357563,-0.846786,0.078536,0.060419,-0.034678,-0.283698,0.466757,-0.837646,-0.799698,-0.597199,-0.061928,-0.529147,0.652296,0.542689,-0.007458,-0.024455,0.030085,-0.193929,-0.059312,0.261185,-0.885054
1755,0.083007,0.075999,0.411045,-0.388814,0.375933,-0.841156,-0.663103,-0.747992,-0.027847,-0.63917,0.546475,0.541161,-0.01326,-0.037799,0.051443,-0.164649,0.010662,0.09832,-1.904562,-0.109981,0.092935,0.387298,0.415214,0.162324,0.89512,-0.60695,0.782304,0.139805,-0.678056,-0.601542,0.422197,0.049871,0.004784,0.074091,-0.238026,0.177311,-0.372525,-1.402418,0.037966,0.066754,0.013024,-0.230538,-0.279639,0.932015,0.692469,-0.720057,-0.044758,0.68362,0.635074,0.359642,0.023915,0.007718,0.032808,-0.182905,0.051759,-0.157577,-0.848092,0.078395,0.060009,-0.034148,-0.285343,0.466198,-0.837399,-0.798419,-0.598963,-0.061396,-0.530194,0.651077,0.543131,-0.006249,-0.014379,0.020928,-0.136796,0.081423,-0.063376,-0.88685
1756,0.08281,0.075037,0.41237,-0.389236,0.371573,-0.842897,-0.665391,-0.74616,-0.021724,-0.636531,0.551934,0.538725,-0.010952,-0.011398,0.022429,-0.083193,-0.013425,-0.060941,-1.904004,-0.108238,0.0929,0.390147,0.39599,0.170082,0.902361,-0.617832,0.776278,0.124939,-0.679702,-0.607192,0.411322,0.041916,-0.008426,0.069543,-0.160114,0.248627,-0.447904,-1.402155,0.03882,0.066746,0.014429,-0.210393,-0.285724,0.93493,0.69979,-0.711818,-0.060061,0.682662,0.641619,0.349709,0.02087,-0.004019,0.034809,0.527616,1.618717,-2.190854,-0.852338,0.078292,0.05951,-0.033478,-0.286433,0.461727,-0.839501,-0.800523,-0.596764,-0.055087,-0.52642,0.656262,0.540556,-0.000499,-0.00793,0.010037,-0.0763,0.013397,-0.042285,-0.894688
1757,0.082125,0.074743,0.41289,-0.382868,0.359053,-0.851198,-0.66074,-0.750346,-0.019374,-0.64518,0.554553,0.525586,-0.032493,0.006265,0.004529,-0.055476,-0.281124,-0.272537,-1.904293,-0.106333,0.092309,0.392712,0.38255,0.172413,0.907701,-0.612539,0.782764,0.109599,-0.69207,-0.598142,0.403892,0.054801,-0.017448,0.066111,-0.17376,-0.063098,0.026989,-1.402539,0.039808,0.066446,0.015759,-0.195039,-0.287506,0.937709,0.69261,-0.71731,-0.075871,0.694442,0.634669,0.339033,0.027507,-0.009341,0.032798,-0.180687,-0.046075,0.050364,-0.854951,0.077945,0.059359,-0.033209,-0.282504,0.448732,-0.847838,-0.796878,-0.60181,-0.052994,-0.534019,0.660653,0.527599,-0.016412,0.002692,0.002114,-0.066034,-0.296781,-0.290374,-0.905955
1758,0.081066,0.074754,0.412936,-0.377929,0.343069,-0.859952,-0.655936,-0.754688,-0.012867,-0.652948,0.558781,0.511322,-0.034845,-0.000399,0.002128,-0.092786,-0.372229,-0.104212,-1.90424,-0.10455,0.09158,0.395082,0.376312,0.177846,0.909259,-0.610383,0.785849,0.099036,-0.69737,-0.592486,0.403112,0.044772,-0.018296,0.054007,-0.13104,-0.087943,-0.182223,-1.402496,0.040665,0.066095,0.016904,-0.188288,-0.291954,0.937715,0.688742,-0.719905,-0.085845,0.700129,0.629681,0.336631,0.018236,-0.01557,0.031037,-0.132428,-0.241171,-0.065562,-0.853481,0.077437,0.059365,-0.033188,-0.280782,0.432698,-0.856698,-0.793196,-0.607172,-0.046698,-0.54037,0.666418,0.513698,-0.01156,0.003298,-0.004492,-0.114501,-0.61556,-0.164758,-0.917386
1759,0.080557,0.074762,0.412875,-0.376917,0.34066,-0.861353,-0.655798,-0.754828,-0.011623,-0.653672,0.560066,0.508986,-0.034411,0.007481,-0.00794,0.019476,-0.110846,0.049268,-1.90432,-0.103816,0.091105,0.396043,0.377702,0.18196,0.907868,-0.608343,0.787891,0.095302,-0.698404,-0.588516,0.407117,0.034511,-0.017983,0.042178,-0.049115,-0.179416,-0.282303,-1.402289,0.041052,0.065855,0.01741,-0.189439,-0.295901,0.936245,0.686452,-0.721683,-0.089193,0.702065,0.625791,0.339837,0.018288,-0.014478,0.02531,-0.042798,-0.372484,-0.158913,-0.856257,0.077173,0.059364,-0.033215,-0.280157,0.42914,-0.858691,-0.793146,-0.607382,-0.044773,-0.540768,0.668524,0.510533,-0.012716,-0.003259,-0.000408,-0.006062,0.054452,-0.109769,-0.919672
1760,0.079094,0.074593,0.412887,-0.379746,0.339267,-0.86066,-0.654732,-0.755787,-0.009103,-0.653099,0.55962,0.51021,-0.038431,-0.016654,0.00914,-0.037665,0.077103,-0.129311,-1.904294,-0.10255,0.089907,0.397726,0.376098,0.183967,0.908129,-0.599589,0.795491,0.087294,-0.706792,-0.577564,0.408323,0.0273,-0.031941,0.037793,-0.08924,0.029786,-0.215591,-1.402252,0.041678,0.065271,0.018238,-0.187765,-0.298303,0.93582,0.676956,-0.729635,-0.096753,0.711669,0.615343,0.338938,0.013756,-0.016523,0.018677,0.340086,-0.012386,0.162621,-0.862135,0.076456,0.059289,-0.033216,-0.283162,0.429001,-0.857774,-0.792376,-0.60853,-0.042772,-0.540331,0.667569,0.512243,-0.023969,-0.002095,0.000769,-0.004286,0.074147,-0.142699,-0.922611
1761,0.077526,0.073883,0.412979,-0.374762,0.340642,-0.8623,-0.653422,-0.756825,-0.015054,-0.65728,0.557378,0.507288,-0.041033,-0.016787,-0.003936,-0.005445,0.082855,-0.165911,-1.903859,-0.101647,0.088727,0.398876,0.379033,0.188534,0.905969,-0.592888,0.801113,0.081462,-0.710872,-0.56825,0.414266,0.025337,-0.018933,0.017645,0.108517,-0.336584,-0.146503,-1.402138,0.042141,0.064659,0.018833,-0.190119,-0.301789,0.934225,0.670176,-0.735277,-0.101138,0.717438,0.606868,0.342042,0.008737,-0.01669,0.012641,0.208219,-0.474911,-0.290637,-0.867524,0.075662,0.058938,-0.033163,-0.277844,0.429437,-0.859293,-0.791182,-0.609626,-0.048843,-0.544823,0.666287,0.509145,-0.015239,-0.009957,-0.002894,-0.00211,-0.029332,0.060593,-0.92702
1762,0.076796,0.073428,0.412917,-0.371409,0.341691,-0.863335,-0.652936,-0.75716,-0.018836,-0.659665,0.556278,0.505395,-0.031678,-0.022911,-0.007013,-0.004204,0.067836,-0.135926,-1.904007,-0.10125,0.088168,0.399297,0.37854,0.190052,0.905859,-0.589495,0.803977,0.077788,-0.713952,-0.563682,0.41521,0.015615,-0.023315,0.016439,-0.010752,-0.145339,-0.091919,-1.402515,0.042339,0.064385,0.019036,-0.189868,-0.304065,0.933538,0.666213,-0.738334,-0.104987,0.721186,0.602002,0.342758,0.007891,-0.012065,0.008061,0.016793,-0.216851,-0.130192,-0.870953,0.07528,0.058702,-0.033196,-0.274455,0.429782,-0.860209,-0.790648,-0.610013,-0.052516,-0.547309,0.66571,0.507228,-0.015979,-0.011847,-0.003626,-0.00853,0.072475,-0.142672,-0.927673
1763,0.075235,0.072493,0.412805,-0.371751,0.339799,-0.863935,-0.64751,-0.761748,-0.021045,-0.664797,0.551156,0.504281,-0.043578,-0.029155,0.004311,-0.039258,0.103107,-0.180727,-1.905861,-0.100642,0.08746,0.39982,0.383675,0.197976,0.901992,-0.585431,0.807485,0.071915,-0.71456,-0.555894,0.424556,0.013326,-0.01181,0.008036,0.148163,-0.428828,-0.259898,-1.402455,0.042646,0.064016,0.019297,-0.194077,-0.310311,0.930612,0.661889,-0.741597,-0.109248,0.724041,0.59476,0.349319,0.006571,-0.005604,0.004114,-0.032169,0.012769,0.027097,-0.873403,0.074512,0.058234,-0.033258,-0.275055,0.428032,-0.86089,-0.786213,-0.615517,-0.054838,-0.553365,0.66176,0.505826,-0.021025,-0.009251,-0.002354,-0.001815,-0.004037,0.008855,-0.927673
1764,0.073609,0.071564,0.412923,-0.368845,0.343407,-0.863753,-0.646792,-0.762174,-0.026885,-0.667111,0.548322,0.504314,-0.042143,-0.024484,0.005988,-0.037017,0.094861,-0.152678,-1.906057,-0.10016,0.086968,0.400067,0.388265,0.202968,0.898914,-0.580664,0.811279,0.067751,-0.715977,-0.548526,0.431694,0.014351,-0.01561,0.006712,0.196878,-0.602941,-0.128812,-1.402489,0.042891,0.063767,0.019428,-0.198608,-0.315439,0.927929,0.656866,-0.745515,-0.112838,0.727379,0.587115,0.355267,0.006098,-0.002425,-0.001002,0.008992,0.007026,0.016068,-0.876178,0.073696,0.05776,-0.033202,-0.271512,0.431172,-0.860448,-0.785447,-0.615934,-0.0608,-0.556195,0.659329,0.505897,-0.020468,-0.007363,-0.001687,-0.006108,-0.03063,0.023474,-0.926203
1765,0.072233,0.07083,0.41305,-0.370737,0.348044,-0.861083,-0.646373,-0.762416,-0.029931,-0.666467,0.545047,0.508696,-0.029235,-0.021112,0.006499,-0.029778,-0.007395,0.055339,-1.907804,-0.099815,0.086669,0.40003,0.390641,0.20006,0.898536,-0.575467,0.814879,0.068881,-0.718879,-0.544236,0.4323,0.002231,-0.008452,-0.002971,-0.001783,0.013326,-0.025488,-1.402206,0.043069,0.063612,0.019412,-0.202196,-0.314765,0.927382,0.651812,-0.749997,-0.112445,0.730928,0.581744,0.356814,0.006218,-0.002825,-0.001147,-0.002622,0.002147,0.006129,-0.876668,0.073001,0.057387,-0.033141,-0.272739,0.436046,-0.857599,-0.784971,-0.616249,-0.06369,-0.556267,0.65582,0.510359,-0.014406,-0.009998,0.003487,-0.041988,0.040759,-0.111945,-0.926856
1766,0.071632,0.070535,0.413167,-0.373312,0.349731,-0.859285,-0.646101,-0.762653,-0.029768,-0.66529,0.543634,0.51174,-0.026592,-0.007424,-0.001427,0.027936,0.143427,-0.035629,-1.908889,-0.099598,0.086533,0.399986,0.39276,0.197219,0.89824,-0.570212,0.81849,0.069747,-0.721909,-0.539829,0.432775,0.012628,-0.006308,-0.002519,0.000224,-0.001771,0.003821,-1.40247,0.043178,0.06354,0.019389,-0.204543,-0.312122,0.927761,0.647182,-0.754203,-0.11105,0.734381,0.577716,0.356267,0.006328,-0.003212,-0.001287,-0.00172,-0.002999,0.002847,-0.875035,0.0727,0.057233,-0.03308,-0.27483,0.43806,-0.855904,-0.784816,-0.616465,-0.063509,-0.555456,0.654273,0.513219,-0.019297,-0.007117,0.00495,-0.00278,0.206748,-0.098461,-0.922611
1767,0.070544,0.069891,0.413672,-0.3778,0.350879,-0.856853,-0.646074,-0.762759,-0.027545,-0.662775,0.542744,0.515932,-0.025344,-0.010425,0.010621,0.061601,0.365277,0.078995,-1.908352,-0.099114,0.086217,0.399919,0.395926,0.19378,0.897598,-0.564533,0.822256,0.071626,-0.724645,-0.535326,0.433796,0.012953,-0.007429,-0.002929,0.01284,-0.094466,0.179313,-1.402259,0.043415,0.063385,0.019357,-0.207926,-0.309087,0.928025,0.642383,-0.758629,-0.108741,0.737638,0.573538,0.356291,0.006475,-0.003712,-0.001471,-0.001173,-0.002413,0.003029,-0.875035,0.072154,0.056911,-0.032832,-0.278827,0.438699,-0.854281,-0.784888,-0.616676,-0.060504,-0.553358,0.653646,0.516275,-0.008139,-0.012201,0.008871,0.086924,0.605902,0.181863,-0.925387
1768,0.069871,0.069301,0.414394,-0.379413,0.356108,-0.853978,-0.646816,-0.76202,-0.030451,-0.661127,0.540366,0.520521,-0.000446,-0.007687,0.010263,-0.01851,0.069393,0.008853,-1.911254,-0.09877,0.085942,0.399823,0.398362,0.190684,0.897184,-0.559057,0.825885,0.072826,-0.727555,-0.530827,0.434454,0.002264,-0.008478,-0.003014,-0.001829,0.01343,-0.02543,-1.402428,0.043592,0.063245,0.019308,-0.21082,-0.306192,0.928332,0.637559,-0.762953,-0.106859,0.740994,0.569339,0.356061,0.006219,-0.002707,-0.00112,-0.000834,-0.002492,0.003128,-0.877648,0.071807,0.056611,-0.032472,-0.279771,0.44575,-0.850314,-0.785334,-0.615715,-0.064378,-0.552248,0.64977,0.522322,-0.006008,-0.006589,0.01106,-0.061998,0.051218,-0.031353,-0.928816
1769,0.069733,0.06913,0.414714,-0.381894,0.360747,-0.850919,-0.647165,-0.761638,-0.03251,-0.659352,0.537818,0.525389,-0.011473,-0.011812,0.02264,-0.020359,0.194342,0.039579,-1.911182,-0.098653,0.085809,0.399792,0.399985,0.192731,0.896024,-0.558573,0.826307,0.071741,-0.727037,-0.529432,0.437015,0.001828,-0.006836,-0.002434,0.091749,-0.200807,-0.145394,-1.402338,0.043652,0.063173,0.01929,-0.212198,-0.307919,0.927446,0.637141,-0.763197,-0.107611,0.74096,0.568079,0.358137,0.000881,-0.003294,-0.00118,0.103202,-0.263048,-0.18752,-0.879281,0.071743,0.05653,-0.032316,-0.281279,0.450487,-0.847315,-0.785557,-0.615224,-0.066315,-0.551163,0.646962,0.526933,0.000262,-0.002553,0.005642,0.018626,0.185178,0.063673,-0.930122
1770,0.0696,0.068775,0.415411,-0.384792,0.365544,-0.84756,-0.648205,-0.760694,-0.033857,-0.656639,0.535907,0.530713,0.001139,-0.003572,0.01187,-0.026334,0.02847,0.021038,-1.910593,-0.09842,0.085577,0.399751,0.402731,0.192423,0.894859,-0.553258,0.829969,0.070653,-0.729586,-0.523784,0.439565,0.01188,-0.003252,-0.001468,0.012028,-0.020244,-0.004913,-1.402039,0.043764,0.063059,0.019271,-0.2154,-0.308523,0.926507,0.631901,-0.767398,-0.108633,0.744515,0.562061,0.360254,0.000649,-0.002424,-0.000869,0.016328,0.006021,0.013274,-0.877811,0.071675,0.056362,-0.031968,-0.283311,0.455821,-0.843778,-0.786304,-0.614114,-0.06774,-0.549054,0.644275,0.532399,-0.004996,-0.000689,0.006726,-0.036972,0.019803,-0.053319,-0.928979
1771,0.06959,0.068633,0.415836,-0.387134,0.370293,-0.844426,-0.64879,-0.7601,-0.035934,-0.65468,0.53348,0.535556,0.000917,-0.004151,0.011649,-0.024059,0.035718,0.024451,-1.890425,-0.098288,0.085335,0.399654,0.404845,0.192431,0.893903,-0.548107,0.833523,0.068931,-0.732304,-0.518103,0.441773,0.002065,-0.007696,-0.002758,0.006362,-0.005289,-0.03591,-1.402424,0.043832,0.062944,0.019223,-0.217674,-0.308679,0.925923,0.62687,-0.77135,-0.109778,0.748098,0.556538,0.361405,0.006125,-0.002291,-0.000977,0.004623,0.004372,0.010829,-0.886302,0.071672,0.056288,-0.031742,-0.284731,0.460828,-0.840574,-0.78675,-0.613319,-0.069741,-0.547679,0.641464,0.537188,0.000456,-0.002061,0.005829,-0.033619,-0.001597,0.005251,-0.928979
1772,0.069607,0.068628,0.416174,-0.388525,0.372634,-0.842756,-0.649187,-0.759724,-0.036697,-0.653461,0.532381,0.538132,-0.009767,-0.00087,0.013642,-0.031391,0.030113,-0.014773,-1.870842,-0.098132,0.085185,0.399587,0.405714,0.1919,0.893623,-0.547659,0.833751,0.069729,-0.732159,-0.517933,0.442214,0.011056,-0.000111,-0.000351,0.002046,-0.015209,0.029243,-1.40227,0.043909,0.062858,0.019186,-0.218498,-0.307954,0.925971,0.626607,-0.771704,-0.108791,0.748079,0.556449,0.361582,0.000391,-0.001452,-0.000524,-0.00094,0.000959,0.000264,-0.888099,0.071685,0.056288,-0.031577,-0.285628,0.463242,-0.838941,-0.787033,-0.612873,-0.070457,-0.546804,0.64015,0.539641,0.00098,0.002563,0.000985,-0.003976,-0.017074,-0.009056,-0.928816
1773,0.069569,0.068591,0.416322,-0.38902,0.372518,-0.842579,-0.6493,-0.759655,-0.036135,-0.653054,0.532562,0.538448,0.00118,0.003066,0.001177,3.5e-05,0.00011,5.2e-05,-1.872287,-0.098003,0.0852,0.399588,0.407399,0.193874,0.89243,-0.547108,0.834202,0.068662,-0.731637,-0.516472,0.444777,0.010445,0.002167,0.000468,0.040332,-0.166187,0.172094,-1.402129,0.043974,0.062863,0.019186,-0.220082,-0.310303,0.92481,0.626023,-0.771999,-0.110052,0.748102,0.554733,0.36416,0.005179,0.001252,0.000293,0.029538,-0.066001,0.00329,-0.884996,0.071664,0.056273,-0.031496,-0.286131,0.463031,-0.838886,-0.787153,-0.612799,-0.069755,-0.546368,0.640374,0.539817,-0.005393,-0.001742,0.00632,-0.035087,0.018255,-0.020453,-0.928979
1774,0.069337,0.06839,0.416627,-0.391307,0.374417,-0.840676,-0.649411,-0.759563,-0.036075,-0.651574,0.531358,0.541421,-0.012026,-0.006723,0.011404,-0.029361,0.052136,-0.036236,-1.871402,-0.097714,0.085316,0.399658,0.408433,0.193272,0.892087,-0.546681,0.8344,0.069647,-0.731381,-0.516376,0.44531,0.009608,0.005258,0.00158,0.003877,-0.02864,0.054672,-1.402242,0.044115,0.06292,0.019221,-0.221262,-0.309515,0.924793,0.62572,-0.77242,-0.108811,0.748008,0.554586,0.364577,0.004933,0.002149,0.000614,0.001185,-0.013704,0.029996,-0.88173,0.071552,0.056176,-0.031348,-0.288025,0.465547,-0.836842,-0.787248,-0.612663,-0.069877,-0.545234,0.638677,0.542964,-5.4e-05,-0.000124,-4.3e-05,-0.001376,-0.009764,-0.005844,-0.929306
1775,0.068968,0.068161,0.417019,-0.397237,0.385452,-0.832872,-0.649443,-0.759248,-0.041691,-0.647939,0.523858,0.552969,-0.011961,-0.006531,0.011487,0.129527,0.553447,0.199812,-1.810549,-0.097296,0.085455,0.399685,0.410227,0.192173,0.891501,-0.545768,0.834857,0.071303,-0.73106,-0.516046,0.446219,0.010294,0.002713,0.000668,0.002045,-0.015205,0.029245,-1.401882,0.044326,0.062998,0.019238,-0.223258,-0.308546,0.924637,0.625173,-0.773112,-0.107032,0.747872,0.554163,0.365498,0.005152,0.001343,0.000325,0.001624,-0.015132,0.029088,-0.879118,0.071367,0.056059,-0.031153,-0.291532,0.476023,-0.829704,-0.78717,-0.612201,-0.07465,-0.543482,0.631356,0.553187,-0.005992,-0.003295,0.005733,0.204589,0.820843,0.332729,-0.920325
1776,0.068683,0.068031,0.417266,-0.400527,0.392153,-0.828154,-0.649576,-0.758929,-0.045277,-0.645774,0.519323,0.559737,-0.022934,-0.003943,0.013225,0.171227,0.701478,0.232412,-1.78756,-0.09703,0.085539,0.399707,0.412468,0.189055,0.891134,-0.540258,0.838345,0.072336,-0.733892,-0.511517,0.446785,0.010189,0.003096,0.000807,0.002045,-0.015205,0.029245,-1.401862,0.044459,0.063039,0.019248,-0.225801,-0.305661,0.924978,0.620282,-0.77726,-0.105428,0.751174,0.549942,0.365102,0.005081,0.001597,0.000414,0.001619,-0.016651,0.028496,-0.882547,0.071229,0.055994,-0.03103,-0.293408,0.482625,-0.825217,-0.78717,-0.611793,-0.077924,-0.54247,0.626723,0.559413,-0.006198,-0.003798,0.00555,-0.003051,0.119788,-0.007943,-0.907261
1777,0.068121,0.067536,0.417905,-0.403669,0.39934,-0.823179,-0.650736,-0.757732,-0.048549,-0.642642,0.515574,0.566764,-0.013633,-0.017301,0.020652,-0.055026,0.097829,-0.039228,-1.771356,-0.096498,0.085648,0.399749,0.414048,0.188089,0.890606,-0.539504,0.838701,0.073821,-0.733559,-0.511288,0.447593,0.021352,0.00264,0.000345,0.00226,-0.016987,0.033057,-1.401655,0.044719,0.0631,0.019271,-0.227531,-0.30485,0.924821,0.619859,-0.777805,-0.103887,0.751001,0.549622,0.365939,0.005346,0.000633,6.8e-05,0.001726,-0.015212,0.02912,-0.880424,0.070944,0.055749,-0.030714,-0.29561,0.492312,-0.818683,-0.787851,-0.610309,-0.08253,-0.540281,0.620605,0.568283,-0.006177,-0.003716,0.005589,-0.035521,0.02151,-0.053307,-0.903179
1778,0.067773,0.067136,0.41851,-0.404804,0.399389,-0.822598,-0.651658,-0.757041,-0.04694,-0.640991,0.516551,0.567744,-0.000324,-0.007371,0.010458,-0.033719,0.020475,-0.014688,-1.729848,-0.095996,0.085663,0.399731,0.414128,0.185026,0.89121,-0.539154,0.838683,0.076543,-0.733771,-0.512431,0.445935,0.011193,-0.000527,-0.00049,1.5e-05,-0.001338,0.004061,-1.401199,0.044975,0.063105,0.019261,-0.227777,-0.301795,0.925762,0.620022,-0.778044,-0.101088,0.750792,0.550968,0.36434,0.005417,0.000388,-1.9e-05,0.003082,-0.022278,0.024256,-0.885323,0.070763,0.055541,-0.030409,-0.296682,0.492007,-0.818479,-0.788655,-0.609538,-0.080536,-0.538519,0.621604,0.568863,-0.005349,-0.001578,0.006414,-0.042688,0.118906,-0.224339,-0.901383
1779,0.067646,0.067062,0.41878,-0.405808,0.399112,-0.822238,-0.651796,-0.75699,-0.045816,-0.640214,0.516839,0.568358,-0.009606,-0.000422,0.013867,-0.033668,0.02278,-0.018251,-1.69556,-0.095814,0.085693,0.399745,0.414564,0.184762,0.891062,-0.538954,0.838773,0.076957,-0.733672,-0.512378,0.446159,3e-05,-0.000108,-3.9e-05,-3e-06,6e-06,4e-06,-1.401217,0.045072,0.063114,0.019266,-0.228277,-0.301633,0.925692,0.619911,-0.778183,-0.100697,0.750731,0.55086,0.364627,0.005153,0.001346,0.000328,0.002247,-0.016254,0.0285,-0.885812,0.070702,0.055497,-0.030277,-0.29772,0.491917,-0.818156,-0.788813,-0.609481,-0.079408,-0.537713,0.621731,0.569486,-0.004897,-0.000426,0.006856,-0.034058,0.022499,-0.018195,-0.89975
1780,0.067401,0.067077,0.419184,-0.408112,0.400928,-0.820211,-0.651886,-0.75692,-0.045696,-0.638655,0.515533,0.571291,-0.010347,-0.002326,0.013141,-0.033439,0.039121,-0.042423,-1.648135,-0.095488,0.085768,0.399772,0.416437,0.186605,0.889804,-0.538313,0.839266,0.076059,-0.733083,-0.510902,0.448811,0.010549,0.001808,0.000352,0.002134,-0.015402,0.029135,-1.401345,0.04523,0.063155,0.019281,-0.230169,-0.303631,0.92457,0.619158,-0.778668,-0.101579,0.750776,0.549075,0.367221,0.005307,0.000784,0.000126,0.001063,-0.0102,0.032717,-0.887282,0.070582,0.055514,-0.030071,-0.299664,0.494291,-0.816012,-0.788902,-0.609366,-0.07941,-0.536502,0.619958,0.572552,-0.004371,0.00418,0.001976,0.003335,-0.098402,0.168056,-0.892729
1781,0.067208,0.067083,0.419451,-0.409818,0.40294,-0.818372,-0.65197,-0.756816,-0.046208,-0.637474,0.514113,0.573883,-0.010872,-0.003668,0.012632,-0.033922,0.037609,-0.043123,-1.624157,-0.095244,0.08572,0.399776,0.415581,0.184873,0.890565,-0.53336,0.842597,0.074105,-0.73718,-0.506021,0.447628,0.00046,-0.001648,-0.000593,6e-05,0.000103,-0.000136,-1.40141,0.045356,0.063132,0.019283,-0.229303,-0.301832,0.925374,0.614246,-0.782366,-0.10298,0.755064,0.544793,0.364798,0.005441,0.00031,-4.2e-05,-0.000379,-0.01942,0.03334,-0.889568,0.070486,0.055517,-0.029938,-0.300992,0.496538,-0.814157,-0.788947,-0.609244,-0.079893,-0.535691,0.61828,0.57512,-0.005603,-0.002247,0.006163,-0.03858,0.020401,-0.051761,-0.896158
1782,0.067035,0.06693,0.419803,-0.41246,0.407257,-0.814901,-0.652259,-0.756458,-0.047974,-0.63547,0.511229,0.578662,-0.000647,-0.008186,0.010164,-0.028042,0.038033,-0.006607,-1.623515,-0.095175,0.085652,0.39975,0.416577,0.187253,0.889601,-0.533145,0.842884,0.072367,-0.736774,-0.504669,0.449817,0.000332,-0.001188,-0.000428,5.5e-05,-0.000121,-6.8e-05,-1.40133,0.045391,0.063096,0.01927,-0.230305,-0.304252,0.924332,0.613747,-0.782534,-0.104659,0.755164,0.543203,0.366955,0.000231,-0.000827,-0.000301,-0.001123,0.004311,0.003009,-0.890711,0.070401,0.055446,-0.029765,-0.302791,0.501419,-0.81049,-0.789115,-0.60877,-0.081818,-0.534428,0.614797,0.580008,-0.000193,-0.003746,0.005215,-0.036614,0.004553,-0.023802,-0.903343
1783,0.066948,0.066829,0.41999,-0.414555,0.411683,-0.811608,-0.652437,-0.756149,-0.050363,-0.633921,0.508128,0.583075,-0.01134,-0.00485,0.012192,0.014883,0.188411,0.026154,-1.621736,-0.095169,0.085628,0.399751,0.417704,0.189557,0.888585,-0.532886,0.843184,0.070755,-0.736324,-0.503309,0.452073,0.000259,-0.000929,-0.000335,0.019038,-0.041958,-0.023527,-1.400982,0.045394,0.063084,0.01927,-0.231434,-0.306826,0.923198,0.613278,-0.78267,-0.106381,0.7552,0.541557,0.369306,0.00015,-0.000536,-0.000194,0.018466,-0.024893,-0.010387,-0.893324,0.070352,0.05539,-0.029663,-0.304066,0.50603,-0.807141,-0.789204,-0.608346,-0.084089,-0.533573,0.611431,0.584338,-0.005688,-0.002457,0.006086,0.0095,0.16731,0.015363,-0.904812
1784,0.066848,0.066643,0.420395,-0.417037,0.416092,-0.80808,-0.652916,-0.755612,-0.052182,-0.631796,0.505325,0.587799,0.000467,-0.005357,0.011248,-0.004129,0.096089,0.051604,-1.61281,-0.095136,0.085628,0.39976,0.417774,0.18952,0.88856,-0.532872,0.843187,0.070827,-0.736295,-0.503318,0.45211,-0.000121,0.000431,0.000156,4e-06,-9e-06,-5e-06,-1.401307,0.04541,0.063083,0.019274,-0.231444,-0.306508,0.923301,0.61323,-0.782742,-0.106129,0.755236,0.541633,0.369121,-7.8e-05,0.000279,9.8e-05,-0.0006,0.001194,0.000625,-0.894794,0.0703,0.055294,-0.029467,-0.30571,0.510737,-0.803547,-0.789494,-0.607716,-0.085903,-0.532203,0.608135,0.589008,6.2e-05,-0.003101,0.005466,-0.006509,0.099925,0.020567,-0.905629
1785,0.06677,0.066514,0.420771,-0.417633,0.416136,-0.807749,-0.653441,-0.755219,-0.051288,-0.630859,0.505875,0.588332,3.4e-05,-0.006457,0.010835,-0.033727,0.020458,-0.014693,-1.590977,-0.095122,0.085633,0.39978,0.418193,0.189271,0.888416,-0.532701,0.843261,0.07123,-0.736182,-0.503286,0.45233,-6e-06,2.1e-05,8e-06,0.0,-0.0,-0.0,-1.401409,0.045417,0.063087,0.019285,-0.231895,-0.306288,0.923261,0.613152,-0.78286,-0.105706,0.755161,0.541587,0.369342,-1e-06,3e-06,1e-06,-0.000288,3.8e-05,-8.9e-05,-0.892834,0.070263,0.055234,-0.029277,-0.306246,0.510636,-0.803407,-0.78994,-0.607282,-0.084869,-0.531232,0.608653,0.589349,0.000115,-0.002966,0.005518,-0.033453,0.006005,0.01042,-0.905139
