frame,MLTx,MLTy,MLTz,MLTR1,MLTR2,MLTR3,MLTR4,MLTR5,MLTR6,MLTR7,MLTR8,MLTR9,MLTTVx,MLTTVy,MLTTVz,MLTRVx,MLTRVy,MLTRVz,MLGA,MRTx,MRTy,MRTz,MRTR1,MRTR2,MRTR3,MRTR4,MRTR5,MRTR6,MRTR7,MRTR8,MRTR9,MRTTVx,MRTTVy,MRTTVz,MRTRVx,MRTRVy,MRTRVz,MRGA,SLTx,SLTy,SLTz,SLTR1,SLTR2,SLTR3,SLTR4,SLTR5,SLTR6,SLTR7,SLTR8,SLTR9,SLTTVx,SLTTVy,SLTTVz,SLTRVx,SLTRVy,SLTRVz,SLGA,SRTx,SRTy,SRTz,SRTR1,SRTR2,SRTR3,SRTR4,SRTR5,SRTR6,SRTR7,SRTR8,SRTR9,SRTTVx,SRTTVy,SRTTVz,SRTRVx,SRTRVy,SRTRVz,SRGA
987,0.04011,0.069988,0.350414,-0.765181,0.10587,-0.635086,-0.480051,-0.751156,0.453086,-0.428133,0.651433,0.62639,-0.002866,-0.058868,0.021388,1.76812,0.127302,-0.808966,-1.343296,-0.138789,0.074052,0.297692,0.810264,0.029916,0.585294,-0.224003,0.938585,0.262325,-0.542505,-0.343704,0.766433,0.052275,-0.021241,-0.039443,0.669044,2.609214,-1.556532,0.412942,0.020587,0.052689,-0.034448,-0.728282,-0.078342,0.680783,0.252498,-0.954225,0.160306,0.637062,0.288645,0.714727,0.026137,-0.010469,-0.019623,0.667421,2.604944,-1.557531,0.352093,0.0581,0.056642,-0.066104,-0.695057,0.291221,-0.657331,-0.645393,-0.655606,0.391978,-0.316798,0.696685,0.643636,-0.006033,-0.021767,0.008062,4.10296,-2.273577,-3.550653,-0.880808
988,0.039646,0.06809,0.35128,-0.777612,0.051802,-0.626643,-0.403092,-0.80596,0.433495,-0.48163,0.589618,0.64839,-0.01221,-0.050349,0.027057,3.866498,-1.703564,-3.501944,-1.458495,-0.136801,0.073613,0.296286,0.786512,0.045128,0.615917,-0.244761,0.938347,0.243988,-0.567907,-0.342716,0.748258,0.049488,0.002467,-0.036274,0.073698,0.580591,-0.482455,0.475325,0.021563,0.052458,-0.035146,-0.700522,-0.095764,0.707175,0.270804,-0.952506,0.13927,0.660252,0.289068,0.693185,0.02473,0.001492,-0.017949,0.230621,0.990344,-0.668975,0.406796,0.057877,0.055698,-0.065686,-0.71743,0.244324,-0.65238,-0.583779,-0.72186,0.371643,-0.380126,0.647473,0.660516,-0.006076,-0.025097,0.013582,0.790599,0.618254,-0.121874,-0.893545
989,0.039366,0.067199,0.351846,-0.77792,0.037662,-0.62727,-0.377524,-0.826011,0.418513,-0.501407,0.562329,0.657575,-0.010776,-0.047537,0.029125,1.207774,-1.225001,1.951267,-1.488488,-0.135809,0.073677,0.295673,0.770506,0.078521,0.632571,-0.290622,0.926427,0.239176,-0.568203,-0.36823,0.735809,0.048844,0.007923,-0.031773,-3.85133,-0.793258,-4.801455,0.508324,0.02206,0.052488,-0.035456,-0.683111,-0.125271,0.719489,0.309861,-0.941822,0.130212,0.66132,0.311891,0.682187,0.024443,0.003955,-0.015927,-0.975435,0.811865,-1.952521,0.45219,0.057728,0.055237,-0.065396,-0.723898,0.226021,-0.651832,-0.556761,-0.749335,0.358486,-0.407416,0.622423,0.668282,-0.005389,-0.02374,0.014584,0.827786,0.647379,-0.122506,-0.895178
990,0.038887,0.065403,0.352859,-0.780526,0.002703,-0.625154,-0.313557,-0.866821,0.387654,-0.539882,0.498587,0.678207,-0.010651,-0.040739,0.018307,0.521628,0.426508,0.359765,-1.5337,-0.133873,0.073598,0.294653,0.742232,0.146233,0.653987,-0.398153,0.881117,0.255034,-0.53986,-0.449867,0.711361,0.038486,-0.00621,-0.026198,-4.612453,-0.525015,-4.289981,0.529864,0.02303,0.052467,-0.035956,-0.653349,-0.195784,0.731302,0.418941,-0.898094,0.133846,0.630573,0.393821,0.668791,0.026217,-0.008041,-0.009841,-1.879802,0.463438,-0.949373,0.508199,0.057495,0.054366,-0.064883,-0.731805,0.193132,-0.653575,-0.502366,-0.800914,0.325827,-0.46053,0.566776,0.683136,-0.0064,-0.025743,0.013213,1.750735,0.236048,-0.652698,-0.892565
991,0.038669,0.063723,0.353494,-0.784666,-0.037885,-0.618797,-0.239215,-0.902346,0.358497,-0.570978,0.429368,0.699753,0.001366,-0.044426,0.016246,0.778848,0.323778,0.153181,-1.648343,-0.132114,0.072901,0.293806,0.730983,0.168295,0.661311,-0.455394,0.841942,0.289283,-0.509002,-0.512829,0.691221,0.040541,-0.018988,-0.020936,-0.630261,0.968251,-0.041585,0.530288,0.023909,0.052126,-0.036379,-0.640363,-0.221542,0.735427,0.486016,-0.858302,0.164634,0.594745,0.462855,0.657299,0.026516,-0.009228,-0.011002,-0.77068,1.05701,0.091368,0.520283,0.057377,0.053517,-0.064565,-0.744264,0.154609,-0.649742,-0.436611,-0.848809,0.298149,-0.505411,0.505587,0.699243,-0.0054,-0.02053,0.009075,4.120944,-1.245409,-3.550456,-0.893545
992,0.038706,0.062631,0.353949,-0.787039,-0.075404,-0.612314,-0.170566,-0.927236,0.333335,-0.591919,0.366877,0.717677,0.008661,-0.016912,0.004271,0.466095,0.352015,0.180431,-1.842851,-0.130485,0.072262,0.292926,0.730597,0.170208,0.661247,-0.473067,0.824402,0.31065,-0.493159,-0.539987,0.681961,0.040884,-0.019601,-0.021747,-0.189416,0.506237,-0.2844,0.530937,0.024723,0.051809,-0.036817,-0.639848,-0.223205,0.735372,0.5064,-0.842223,0.184983,0.578058,0.490754,0.651926,0.020435,-0.009702,-0.010808,-0.167885,0.337738,-0.123406,0.522242,0.057391,0.052943,-0.064334,-0.754932,0.117971,-0.645104,-0.372115,-0.887053,0.273252,-0.540006,0.44634,0.713564,-0.00155,-0.006347,0.003383,0.760471,0.335337,-0.042793,-0.891912
993,0.03877,0.062395,0.354059,-0.787878,-0.095934,-0.60835,-0.137179,-0.935654,0.325122,-0.599418,0.339723,0.724784,-0.002338,-0.011239,0.007818,3.603476,-1.520314,-3.851069,-1.888015,-0.129684,0.071867,0.29245,0.736209,0.168599,0.65541,-0.471374,0.822541,0.318067,-0.486384,-0.543318,0.684178,0.041506,-0.022718,-0.024648,-0.23541,-0.474913,0.392549,0.532544,0.025123,0.051618,-0.037049,-0.645266,-0.221397,0.731172,0.506041,-0.840873,0.191971,0.572322,0.493876,0.654623,0.020813,-0.011689,-0.012638,-0.586249,-2.017878,1.426283,0.522242,0.057427,0.052823,-0.06428,-0.759857,0.10288,-0.641896,-0.345956,-0.899963,0.265291,-0.55039,0.423651,0.719436,0.00593,-0.00198,-0.001157,0.29401,0.239149,0.186809,-0.878196
994,0.039146,0.062603,0.353828,-0.773451,-0.165645,-0.611866,-0.044613,-0.948648,0.313127,-0.631354,0.269686,0.72711,0.005435,0.024002,-0.014534,0.378205,-0.315165,-0.175996,-1.896546,-0.128047,0.070607,0.29138,0.752834,0.164431,0.637334,-0.461884,0.821702,0.333771,-0.469746,-0.545854,0.693718,0.042834,-0.028908,-0.030585,0.017151,-0.293135,0.339497,0.532773,0.025923,0.051009,-0.03757,-0.664175,-0.216349,0.715586,0.49876,-0.841269,0.208579,0.556875,0.495439,0.666656,0.021466,-0.01473,-0.015553,-0.148781,-0.839199,0.643366,0.522569,0.057614,0.052916,-0.064385,-0.760214,0.027313,-0.649096,-0.252739,-0.932844,0.256753,-0.598494,0.35924,0.716065,0.008763,0.010244,-0.008272,1.078409,-0.629867,-1.211434,-0.892565
995,0.039818,0.063257,0.353175,-0.7439,-0.226208,-0.628879,0.037924,-0.953759,0.298123,-0.666313,0.198199,0.718868,0.027584,0.013054,-0.021319,0.402558,-0.350547,-0.140461,-1.858269,-0.126533,0.069066,0.290215,0.76471,0.156371,0.625106,-0.448305,0.825817,0.342029,-0.463686,-0.541987,0.700792,0.033363,-0.047766,-0.029496,-0.008385,-0.189799,0.228041,0.532645,0.0267,0.05023,-0.038162,-0.677703,-0.207533,0.705441,0.486204,-0.846176,0.218151,0.551655,0.49083,0.67436,0.021979,-0.016678,-0.01759,0.034188,-0.233571,0.2946,0.522079,0.057939,0.053248,-0.064697,-0.742894,-0.036508,-0.668412,-0.17364,-0.953825,0.245086,-0.646496,0.298136,0.702251,0.007848,0.008395,-0.009564,3.838819,-2.05511,-3.979916,-0.88685
996,0.040249,0.063592,0.352753,-0.731836,-0.247256,-0.63508,0.068489,-0.953841,0.292351,-0.677142,0.170758,0.715785,0.029762,0.024071,-0.029254,0.122398,-0.226844,0.228978,-1.854212,-0.125882,0.06827,0.289589,0.767501,0.155,0.62202,-0.445651,0.826373,0.344145,-0.461627,-0.541529,0.702502,0.033718,-0.048946,-0.030869,-0.027507,-0.056918,0.081338,0.53291,0.027026,0.049831,-0.038476,-0.680964,-0.205917,0.70277,0.483769,-0.846937,0.2206,0.549777,0.490199,0.67635,0.015933,-0.018345,-0.018439,0.031488,-0.219061,0.26653,0.521915,0.05817,0.053426,-0.064924,-0.73484,-0.060632,-0.675524,-0.141775,-0.960261,0.240413,-0.663257,0.272438,0.697042,0.014852,0.011955,-0.014697,0.118261,-0.218978,0.233008,-0.875093
997,0.041273,0.064184,0.351883,-0.709977,-0.282147,-0.645268,0.118291,-0.951006,0.285598,-0.693353,0.126783,0.709376,0.024933,0.001313,-0.013873,0.127615,-0.654946,-0.124431,-1.847318,-0.124586,0.066478,0.288247,0.770167,0.153438,0.619105,-0.443232,0.826606,0.346702,-0.459511,-0.541618,0.70382,0.021647,-0.052004,-0.032666,-0.029522,-0.041768,0.05207,0.53273,0.027679,0.048932,-0.03915,-0.683994,-0.20415,0.700338,0.481689,-0.847379,0.223435,0.547838,0.490174,0.677939,0.017124,-0.024995,-0.016263,-0.046815,0.075727,-0.065603,0.522405,0.058672,0.053721,-0.065354,-0.72094,-0.097711,-0.686073,-0.092386,-0.967621,0.234891,-0.686811,0.232726,0.68857,0.013553,0.006105,-0.010957,0.769745,-1.065669,-1.270352,-0.879665
998,0.042534,0.064178,0.351346,-0.659352,-0.334136,-0.673538,0.199613,-0.941476,0.27157,-0.724042,0.045023,0.688305,0.035782,-0.011126,-0.00648,0.887665,-2.780521,1.492607,-1.789133,-0.123301,0.06445,0.287189,0.769804,0.153236,0.619607,-0.444311,0.825457,0.348056,-0.459076,-0.543424,0.702711,0.033387,-0.043335,-0.026848,-0.044019,0.056217,-0.044483,0.529216,0.028306,0.04792,-0.039681,-0.683575,-0.203994,0.700792,0.482925,-0.846341,0.224698,0.547272,0.492028,0.677052,0.011354,-0.028956,-0.010655,-0.082961,0.081369,-0.091457,0.522732,0.059283,0.053722,-0.065626,-0.682822,-0.158287,-0.71323,-0.010579,-0.974002,0.226288,-0.730507,0.16206,0.663396,0.022857,-0.012839,-0.000284,3.287203,-2.277399,-3.693803,-0.858601
999,0.043905,0.063147,0.35152,-0.6009,-0.374952,-0.705957,0.273774,-0.926287,0.258868,-0.750235,-0.037259,0.660141,0.0292,-0.044556,0.017027,0.852539,-1.12475,-0.600112,-1.792889,-0.122408,0.063182,0.286356,0.769816,0.132519,0.62435,-0.426251,0.834707,0.348579,-0.475909,-0.534637,0.698238,0.01641,-0.01878,-0.019711,0.768389,0.773112,1.595115,0.519089,0.028781,0.047239,-0.040132,-0.68285,-0.185486,0.706618,0.465569,-0.855867,0.225245,0.562992,0.482789,0.670786,0.008088,-0.008759,-0.009271,0.600494,0.920505,1.7514,0.520283,0.059986,0.053218,-0.065548,-0.629957,-0.208426,-0.748138,0.064896,-0.974072,0.216725,-0.773913,0.087976,0.62715,0.015782,-0.016561,0.004682,3.618674,-2.123061,-3.43346,-0.861867
1000,0.044441,0.062386,0.351808,-0.576702,-0.387421,-0.719281,0.306823,-0.918672,0.248741,-0.756434,-0.076767,0.64957,0.01769,-0.040114,0.019749,0.238266,-0.573094,0.342936,-1.79982,-0.122185,0.062923,0.286071,0.770845,0.100516,0.629036,-0.396822,0.84812,0.350939,-0.499176,-0.52026,0.692831,0.002444,-0.013703,-0.013114,-0.101788,0.462224,0.852751,0.51597,0.028892,0.047113,-0.040272,-0.683163,-0.154359,0.713765,0.436669,-0.869762,0.229851,0.585327,0.468706,0.661593,0.001059,-0.005867,-0.005627,1.013751,0.675769,1.232666,0.51816,0.060265,0.05282,-0.065398,-0.607155,-0.22603,-0.761755,0.100354,-0.972822,0.208672,-0.788219,0.050251,0.613338,0.008859,-0.020024,0.009879,0.281727,-0.510547,0.379997,-0.86301
1001,0.045207,0.060439,0.352775,-0.53652,-0.403507,-0.741197,0.366274,-0.902587,0.226166,-0.759587,-0.149643,0.632977,0.013539,-0.062371,0.035634,3.932268,-1.604186,-2.84927,-1.819031,-0.122017,0.062212,0.285981,0.783678,0.025329,0.620644,-0.334936,0.858579,0.388065,-0.524012,-0.512025,0.680518,0.002832,-0.017293,0.001176,-0.913592,-0.128138,1.314415,0.49585,0.028974,0.046764,-0.040316,-0.696365,-0.0781,0.713424,0.37978,-0.883575,0.273972,0.608967,0.46173,0.644952,0.001393,-0.008572,0.000645,-1.355366,-1.399351,2.411143,0.502484,0.060643,0.05187,-0.064928,-0.572303,-0.245608,-0.782396,0.157853,-0.969245,0.188798,-0.804705,-0.015455,0.593472,0.007872,-0.025544,0.013913,-0.116375,-0.501235,0.834668,-0.875746
1002,0.045528,0.058116,0.353965,-0.503582,-0.394181,-0.768812,0.403474,-0.894152,0.194095,-0.763317,-0.211969,0.610281,0.011706,-0.066636,0.032766,-0.139381,-0.470386,0.802379,-1.828584,-0.121726,0.061732,0.28625,0.809963,-0.022141,0.586056,-0.304712,0.837793,0.452977,-0.502027,-0.545442,0.671063,0.011906,0.006794,0.004705,-0.70616,0.306525,1.014781,0.456673,0.029117,0.046514,-0.040184,-0.727142,-0.026784,0.685963,0.35808,-0.867331,0.345709,0.585698,0.497009,0.640264,0.006892,-0.002612,0.005471,-0.94195,0.455043,1.175673,0.460355,0.060807,0.050715,-0.064329,-0.535183,-0.245632,-0.808234,0.203179,-0.966132,0.159081,-0.819937,-0.079079,0.566965,-0.000293,-0.031711,0.017295,-0.059282,-0.347771,0.523406,-0.884564
1003,0.04558,0.056896,0.354619,-0.486726,-0.389631,-0.781877,0.425308,-0.887471,0.177425,-0.762417,-0.245704,0.598646,-9.9e-05,-0.062638,0.035255,0.226769,-0.435614,0.345186,-1.838546,-0.121423,0.061897,0.286455,0.820148,-0.046292,0.570268,-0.288483,0.827141,0.482234,-0.495033,-0.559954,0.664271,0.010796,0.012881,0.010528,-0.660506,0.158151,1.114991,0.454621,0.029273,0.046598,-0.040081,-0.739224,-0.000778,0.673458,0.345578,-0.858742,0.378333,0.578033,0.512406,0.635072,0.005277,0.007087,0.005879,-0.639613,0.160161,1.091156,0.44223,0.060836,0.050101,-0.064005,-0.517222,-0.243634,-0.82044,0.226142,-0.96346,0.143539,-0.825433,-0.111295,0.553419,-0.00023,-0.031651,0.017385,1.159058,-0.661302,-0.365961,-0.879992
1004,0.045371,0.054609,0.3561,-0.475247,-0.371976,-0.797383,0.446093,-0.882987,0.145968,-0.757784,-0.285881,0.586569,-0.010631,-0.055889,0.03982,-0.073752,-0.168141,0.700434,-1.87668,-0.12083,0.062748,0.287085,0.819116,-0.098841,0.56504,-0.262452,0.81116,0.522564,-0.511005,-0.576207,0.637748,0.021804,0.023971,0.01921,-0.874444,0.45378,1.158479,0.452325,0.029561,0.047019,-0.03977,-0.738607,0.049687,0.672302,0.325417,-0.847115,0.420118,0.590392,0.529081,0.609516,0.004415,0.011651,0.010184,-0.520542,0.705198,0.46948,0.431452,0.06073,0.04893,-0.063254,-0.501602,-0.227723,-0.834587,0.248976,-0.961915,0.112826,-0.828495,-0.151199,0.539196,-0.005308,-0.027893,0.019956,-0.083296,-0.161895,0.695176,-0.909711
1005,0.044653,0.052829,0.357557,-0.48293,-0.339116,-0.807357,0.437598,-0.892043,0.112867,-0.757871,-0.298377,0.580199,-0.018583,-0.02996,0.026079,0.011694,-0.048481,0.554757,-1.877579,-0.120228,0.063778,0.28803,0.782395,-0.206494,0.587545,-0.18887,0.820187,0.539958,-0.594363,-0.533167,0.601937,0.02219,0.019562,0.032453,-0.434021,0.752304,1.01851,0.441563,0.029859,0.047525,-0.039311,-0.699361,0.154369,0.697899,0.255824,-0.857658,0.446066,0.667418,0.490501,0.560321,0.010039,0.015906,0.013311,3.16599,3.65524,3.962225,0.422798,0.060387,0.04807,-0.062546,-0.502244,-0.194253,-0.842624,0.240799,-0.967315,0.079471,-0.830521,-0.16299,0.532605,-0.009387,-0.015134,0.012939,0.048211,-0.067892,0.740721,-0.86105
1006,0.044303,0.051799,0.358304,-0.487318,-0.315198,-0.814381,0.430997,-0.897883,0.089548,-0.758838,-0.306973,0.574421,-0.00312,-0.013256,0.006527,0.305911,-0.796207,1.056594,-1.892738,-0.119516,0.064941,0.289412,0.727232,-0.296223,0.619175,-0.117132,0.835168,0.537316,-0.677177,-0.462904,0.571852,0.021833,0.018907,0.048954,0.45523,1.418305,1.170419,0.435531,0.03022,0.048112,-0.038621,-0.640681,0.242313,0.728568,0.183589,-0.873024,0.4518,0.745535,0.423217,0.514844,0.009865,0.015835,0.02174,3.344448,3.269941,2.923012,0.408102,0.060199,0.047535,-0.062151,-0.501868,-0.169789,-0.848114,0.233966,-0.970638,0.055869,-0.832698,-0.170391,0.526857,-0.002647,-0.012355,0.007166,1.008213,-2.050653,2.256089,-0.864153
1007,0.044237,0.051509,0.358409,-0.487089,-0.305696,-0.818132,0.426165,-0.900832,0.082808,-0.761707,-0.307952,0.570083,-0.003971,-0.015035,0.005253,-0.037544,-0.279143,0.467431,-1.909415,-0.119275,0.065467,0.290374,0.708599,-0.302475,0.637485,-0.121013,0.837859,0.532241,-0.695986,-0.453908,0.556268,0.008276,0.021465,0.052792,-0.570571,0.825289,-0.14933,0.43515,0.030345,0.048376,-0.03814,-0.619719,0.248476,0.744451,0.185004,-0.875576,0.446248,0.762706,0.414275,0.496643,0.00398,0.011455,0.02706,-0.148694,1.092795,-1.104396,0.405979,0.060165,0.047386,-0.062095,-0.498699,-0.159467,-0.851979,0.228683,-0.972309,0.048132,-0.836063,-0.170831,0.521357,-0.002031,-0.007587,0.00258,-0.045577,-0.288682,0.460915,-0.869705
1008,0.044171,0.051467,0.358306,-0.479025,-0.282741,-0.831046,0.418944,-0.905555,0.066542,-0.770776,-0.315943,0.553274,0.001604,0.010089,-0.008802,0.942047,-2.299096,1.99151,-1.911212,-0.119142,0.065998,0.292739,0.682118,-0.293275,0.669848,-0.148263,0.841438,0.519551,-0.716845,-0.453339,0.529604,-0.001113,-0.000931,0.067857,-0.251004,0.612894,-0.690186,0.432158,0.030414,0.04866,-0.036954,-0.588729,0.238909,0.772217,0.210814,-0.876882,0.432012,0.780355,0.417133,0.46588,0.005523,0.00139,0.034767,-0.212499,0.540563,-0.666547,0.403693,0.060128,0.047354,-0.062149,-0.487484,-0.140211,-0.861799,0.22164,-0.974563,0.033185,-0.844531,-0.174832,0.50616,0.000801,0.005053,-0.004392,-0.228051,-0.709339,0.033466,-0.865786
1009,0.044608,0.052098,0.357723,-0.457383,-0.261451,-0.849994,0.407101,-0.911316,0.06119,-0.790042,-0.317728,0.524318,0.016468,0.018785,-0.018095,-4.996615,-0.518726,2.680529,-1.911767,-0.118895,0.065808,0.295532,0.646181,-0.279516,0.710149,-0.183482,0.846216,0.500188,-0.741541,-0.453159,0.494598,0.000607,-0.011703,0.074634,-0.269023,0.761981,-0.880783,0.413786,0.030536,0.04857,-0.035527,-0.547555,0.221789,0.80684,0.243709,-0.88016,0.407335,0.800492,0.419673,0.427885,0.000241,-0.005769,0.037397,-0.255641,0.750948,-0.900139,0.385568,0.060341,0.047666,-0.062436,-0.459336,-0.123415,-0.879646,0.214988,-0.976303,0.024713,-0.861852,-0.177763,0.474984,0.008324,0.009572,-0.008922,-0.354805,-1.03861,-0.103948,-0.865459
1010,0.044931,0.052559,0.357377,-0.440099,-0.251954,-0.861903,0.397228,-0.91542,0.064707,-0.80476,-0.313589,0.504034,0.005868,0.025773,-0.013544,-0.455175,-1.276396,-0.255839,-1.91187,-0.118841,0.065497,0.296984,0.623206,-0.263449,0.736342,-0.210627,0.850112,0.482575,-0.753869,-0.455505,0.473349,0.001117,-0.01436,0.072015,-4.357658,-1.761009,-3.674199,0.404485,0.030561,0.048427,-0.034822,-0.520626,0.207859,0.828095,0.262764,-0.883825,0.387048,0.812344,0.419101,0.405525,0.00146,-0.013033,0.039322,-0.327062,1.371025,-1.53786,0.374954,0.060505,0.047891,-0.062613,-0.441529,-0.114061,-0.889967,0.198728,-0.979683,0.026966,-0.874962,-0.164956,0.455225,0.008811,0.010603,-0.008176,-0.279649,-1.024818,0.145181,-0.866765
1011,0.045651,0.053278,0.356927,-0.394251,-0.237376,-0.887842,0.384743,-0.919952,0.075054,-0.834099,-0.311713,0.455128,0.018443,0.023073,-0.014991,-0.527622,-1.699091,-0.207112,-1.911342,-0.11904,0.06439,0.299604,0.5653,-0.226769,0.793097,-0.269507,0.857831,0.437521,-0.780246,-0.46079,0.42279,-0.008701,-0.030368,0.059373,-0.312424,1.077128,-1.288127,0.402821,0.030462,0.047897,-0.033492,-0.457815,0.16375,0.873836,0.320288,-0.886513,0.333928,0.829349,0.432758,0.353412,-0.003403,-0.021286,0.032797,-0.347213,1.518952,-1.746048,0.362707,0.060855,0.048251,-0.062832,-0.393987,-0.10841,-0.912699,0.185529,-0.981958,0.036548,-0.900195,-0.154933,0.406992,0.014323,0.004269,-0.004474,-0.190393,-1.986774,0.599934,-0.876889
1012,0.046231,0.053645,0.356738,-0.351438,-0.216129,-0.910947,0.36982,-0.925897,0.076943,-0.859636,-0.309584,0.406461,0.016531,0.012387,-0.006657,-0.33679,-1.310868,0.201825,-1.911195,-0.119361,0.062837,0.301631,0.510111,-0.199298,0.836695,-0.31065,0.864337,0.395414,-0.802607,-0.461372,0.377917,-0.006073,-0.044442,0.047228,-0.312994,0.915446,-1.138386,0.407341,0.0303,0.04713,-0.032471,-0.397531,0.133431,0.907835,0.3557,-0.889601,0.286508,0.84584,0.436813,0.306182,-0.003933,-0.016823,0.019872,-0.296391,1.027155,-1.264498,0.361401,0.061153,0.048444,-0.062931,-0.343659,-0.096017,-0.934172,0.168863,-0.984863,0.039106,-0.923787,-0.144308,0.354671,0.007133,0.000426,0.000525,-0.38796,-1.269812,0.172309,-0.884237
1013,0.046606,0.053795,0.356819,-0.319676,-0.188835,-0.928544,0.356079,-0.932043,0.0669,-0.877679,-0.309022,0.36635,0.002705,0.00574,0.004093,-0.117911,-0.724348,0.513603,-1.911239,-0.120092,0.061547,0.302941,0.460214,-0.174349,0.870516,-0.343862,0.868904,0.355947,-0.819004,-0.462929,0.33881,-0.023374,-0.016139,0.022868,-0.203107,0.898523,-1.116245,0.408893,0.029943,0.046463,-0.031816,-0.343864,0.106357,0.932976,0.38363,-0.890954,0.242959,0.857079,0.441463,0.265565,-0.016819,-0.016112,0.013721,-0.24546,0.940538,-1.185629,0.367769,0.061346,0.048522,-0.062895,-0.304816,-0.075625,-0.949403,0.154231,-0.987604,0.02915,-0.93984,-0.137542,0.312701,0.006223,-0.004844,0.004742,-0.143808,-0.660066,0.53463,-0.888646
1014,0.046673,0.053797,0.356894,-0.305806,-0.180938,-0.934767,0.367121,-0.928252,0.059518,-0.878089,-0.324754,0.351456,0.001185,0.002515,0.001792,1.407659,-0.890987,-0.147102,-1.91122,-0.120615,0.061174,0.303372,0.441898,-0.165022,0.881751,-0.355363,0.870235,0.341091,-0.824145,-0.463861,0.324779,-0.035646,-0.01952,0.021544,-0.213966,-1.084859,1.038974,0.409187,0.029686,0.046273,-0.031604,-0.321608,0.095235,0.942071,0.393855,-0.891319,0.22456,0.861072,0.44326,0.249146,-0.012388,-0.003599,0.006887,-0.15072,0.779938,-0.968921,0.367769,0.061383,0.048531,-0.062852,-0.29023,-0.069232,-0.954449,0.165607,-0.985964,0.02116,-0.942518,-0.151923,0.297622,0.000533,0.001146,0.000797,1.415651,-0.924323,-0.179804,-0.887993
1015,0.046658,0.053427,0.357123,-0.282249,-0.153086,-0.947072,0.401606,-0.915363,0.028217,-0.870883,-0.372203,0.321021,0.009333,-0.016308,0.004782,0.025424,-0.883288,0.39289,-1.909939,-0.121357,0.060896,0.303796,0.420731,-0.156907,0.893508,-0.368361,0.870449,0.326438,-0.829474,-0.466278,0.307279,-0.011373,-0.00981,0.009932,-0.118325,0.487536,-0.59499,0.409507,0.029311,0.046132,-0.031388,-0.301766,0.087782,0.949331,0.404204,-0.890049,0.210786,0.863455,0.447332,0.233105,-0.006616,0.000928,0.001585,-0.065522,-0.227952,0.173741,0.368912,0.061374,0.048358,-0.062741,-0.263664,-0.047161,-0.96346,0.204105,-0.978916,-0.007939,-0.942773,-0.198741,0.267731,0.004491,-0.008637,0.001994,2.23615,-1.937369,2.116781,-0.882931
1016,0.04704,0.052713,0.357267,-0.261943,-0.131643,-0.956086,0.442308,-0.896845,0.00225,-0.857432,-0.422139,0.29434,0.008066,-0.019068,0.002817,0.009826,-0.625664,0.248424,-1.911135,-0.122119,0.061063,0.303928,0.404883,-0.154977,0.901134,-0.376061,0.870018,0.318718,-0.833877,-0.467729,0.292818,-0.026293,0.00322,0.005845,-0.131452,0.575975,-0.428247,0.42016,0.028932,0.046199,-0.031329,-0.28467,0.084806,0.954866,0.41101,-0.889083,0.201496,0.866044,0.44982,0.218239,-0.01408,0.007533,-0.00038,-0.097463,0.614734,-0.366317,0.375934,0.061557,0.048006,-0.062666,-0.237623,-0.0296,-0.970905,0.248989,-0.967995,-0.031427,-0.938902,-0.249213,0.237388,0.00404,-0.009504,0.001426,1.419878,-0.948975,-0.348679,-0.877053
1017,0.047185,0.052338,0.357319,-0.250676,-0.118727,-0.960786,0.465461,-0.884969,-0.012139,-0.848514,-0.450112,0.2783,0.007567,-0.020169,0.002031,5.235606,-0.617602,-1.241723,-1.911301,-0.122586,0.061258,0.304021,0.388292,-0.153682,0.908627,-0.382223,0.870248,0.310656,-0.838931,-0.46773,0.278004,-0.028673,0.018274,0.001917,-0.092583,2.271584,-2.227656,0.423012,0.028701,0.046286,-0.031286,-0.269591,0.084104,0.959295,0.415599,-0.888466,0.19469,0.868675,0.451169,0.204569,-0.013437,0.003326,0.004383,-0.153349,0.45668,-0.118562,0.381812,0.061637,0.04781,-0.06264,-0.223484,-0.017434,-0.974551,0.269444,-0.961983,-0.04458,-0.936725,-0.27255,0.219685,0.002861,-0.015448,0.005195,0.019758,-1.322025,0.880019,-0.878849
1018,0.047398,0.05132,0.357412,-0.221904,-0.07837,-0.971937,0.50996,-0.858884,-0.04723,-0.830804,-0.50604,0.231766,0.003225,-0.036314,0.00648,1.439708,-0.746586,-0.168335,-1.904417,-0.123589,0.06196,0.304397,0.354508,-0.160034,0.921252,-0.393523,0.868131,0.302363,-0.84857,-0.469521,0.243602,-0.015784,0.017241,0.016065,-0.203277,0.544134,0.027835,0.421766,0.028195,0.046629,-0.031109,-0.23173,0.088629,0.968733,0.426292,-0.885876,0.183022,0.8744,0.455375,0.167502,-0.015017,0.013355,0.004498,-0.214548,0.64619,0.082629,0.385078,0.061748,0.047296,-0.062591,-0.185224,0.015412,-0.982575,0.325296,-0.942544,-0.076105,-0.927294,-0.333724,0.169568,0.001472,-0.018444,0.00304,1.443682,-0.768719,-0.225169,-0.879175
1019,0.047945,0.049845,0.357421,-0.178753,-0.025369,-0.98359,0.564712,-0.821237,-0.081501,-0.805469,-0.569991,0.162349,0.026924,-0.045378,0.000871,0.248914,-1.274475,0.289623,-1.901136,-0.124581,0.062772,0.305058,0.328635,-0.178644,0.927403,-0.402168,0.861928,0.308668,-0.854878,-0.474185,0.210228,-0.016499,0.022029,0.019918,-0.316084,0.877514,0.059165,0.420932,0.027699,0.047037,-0.030778,-0.205682,0.10644,0.972812,0.43553,-0.880238,0.188395,0.87636,0.462439,0.134691,-0.013558,0.003986,0.013116,-0.419797,0.967945,0.335739,0.384588,0.062003,0.046582,-0.062588,-0.133001,0.05758,-0.989441,0.387708,-0.915735,-0.105406,-0.912136,-0.397633,0.099469,0.007084,-0.021248,0.001021,5.15098,-1.07011,-0.749641,-0.877542
1020,0.048704,0.048586,0.357276,-0.138949,0.007,-0.990298,0.617546,-0.781091,-0.092223,-0.773984,-0.624386,0.105441,0.017277,-0.029694,-0.004412,0.337818,-1.200108,0.352503,-1.906313,-0.125291,0.063494,0.306073,0.301342,-0.202292,0.931806,-0.406374,0.856718,0.317533,-0.862876,-0.474092,0.174767,-0.015601,0.016117,0.031237,-0.27209,0.729839,-0.062288,0.419068,0.027338,0.047406,-0.030263,-0.176926,0.131423,0.97541,0.441329,-0.875232,0.197977,0.87973,0.465504,0.09685,-0.007863,0.008332,0.015861,-0.251058,0.653619,-0.127361,0.382465,0.06239,0.045933,-0.062662,-0.085345,0.081368,-0.993022,0.448923,-0.886619,-0.111232,-0.889484,-0.455284,0.039141,0.014639,-0.016933,-0.003477,1.485781,-1.232845,0.134787,-0.875093
1021,0.049072,0.048085,0.357114,-0.124592,0.021485,-0.991998,0.641832,-0.760649,-0.09714,-0.756493,-0.648834,0.082215,0.018747,-0.019808,-0.013404,1.576798,-0.818551,0.43121,-1.907212,-0.125595,0.063745,0.306691,0.288424,-0.214787,0.933097,-0.411282,0.852167,0.323409,-0.864948,-0.476773,0.156255,-0.01356,0.003048,0.036726,-0.396904,0.952938,0.068934,0.41929,0.027185,0.047538,-0.029948,-0.16444,0.142559,0.97603,0.446758,-0.871423,0.202549,0.879411,0.469357,0.079607,-0.006829,0.001687,0.018513,-0.415885,1.010761,0.119359,0.382139,0.062575,0.04568,-0.062739,-0.067262,0.092725,-0.993417,0.475746,-0.872212,-0.113624,-0.877006,-0.480257,0.014553,0.009577,-0.009263,-0.006519,5.385321,-0.461707,0.156448,-0.87346
1022,0.049428,0.047443,0.356681,-0.108914,0.042862,-0.993149,0.660696,-0.743313,-0.104589,-0.742567,-0.667623,0.053874,0.009068,-0.003828,-0.018475,-0.000792,-0.628504,0.341854,-1.910323,-0.126027,0.063986,0.307877,0.268432,-0.227303,0.936092,-0.419537,0.847094,0.326121,-0.867391,-0.479978,0.13083,-0.001933,0.010697,0.025017,-0.131183,0.369986,-0.152219,0.418509,0.026968,0.047667,-0.029355,-0.144055,0.15607,0.977184,0.455608,-0.866135,0.205498,0.878446,0.474816,0.053664,-0.000102,-0.000503,0.015902,-0.138499,0.189105,-0.034686,0.381812,0.062758,0.045348,-0.062962,-0.04881,0.111045,-0.992615,0.499253,-0.85803,-0.120539,-0.86508,-0.50145,-0.013559,0.004544,-0.001918,-0.009225,-0.001426,-0.63295,0.348715,-0.873134
1023,0.049311,0.047063,0.35637,-0.110305,0.048472,-0.992738,0.663806,-0.739763,-0.10993,-0.739581,-0.671179,0.050659,-0.004429,-0.009664,-0.007064,-0.001213,-0.090634,0.143913,-1.910229,-0.126014,0.063945,0.308903,0.263476,-0.228067,0.937313,-0.423104,0.845804,0.324857,-0.867172,-0.481884,0.125157,0.000933,-0.007674,0.026283,-0.086403,0.108325,-0.1449,0.418396,0.026973,0.047653,-0.02883,-0.139092,0.155822,0.977943,0.459018,-0.864901,0.203096,0.87747,0.477143,0.048776,0.000507,-0.004179,0.012867,-0.081573,0.098814,-0.154685,0.381322,0.062701,0.045161,-0.063116,-0.049212,0.116722,-0.991944,0.503079,-0.855068,-0.125575,-0.862837,-0.505207,-0.016641,-0.002227,-0.004876,-0.003559,-0.000425,-0.087518,0.150706,-0.871174
1024,0.049195,0.04685,0.356286,-0.110628,0.050081,-0.992622,0.663529,-0.739802,-0.111329,-0.73978,-0.67102,0.049847,-0.004077,-0.00889,-0.006511,0.000203,0.015343,-0.024396,-1.910228,-0.125844,0.063793,0.309372,0.264501,-0.225371,0.937677,-0.423986,0.846047,0.323069,-0.866429,-0.482729,0.127029,0.01374,-0.008602,0.024099,-0.059218,-0.049529,0.022674,0.417294,0.027058,0.047577,-0.028595,-0.140219,0.152698,0.978274,0.459593,-0.865106,0.200908,0.87699,0.47778,0.051125,0.006916,-0.004673,0.011749,-0.063374,-0.025044,0.043018,0.380669,0.062641,0.04505,-0.063161,-0.049251,0.118517,-0.991729,0.502877,-0.854954,-0.127145,-0.862952,-0.50498,-0.017492,-0.002009,-0.004388,-0.003208,0.001189,0.015847,-0.023579,-0.865459
1025,0.04884,0.046618,0.35612,-0.116396,0.049401,-0.991996,0.663672,-0.739153,-0.114735,-0.738759,-0.671784,0.054482,-0.015303,-0.002865,-0.002617,0.020109,0.265743,0.094454,-1.910618,-0.125384,0.063529,0.310083,0.265965,-0.219865,0.93857,-0.425501,0.846805,0.319067,-0.865239,-0.483945,0.130469,0.012652,-0.001031,0.013963,0.064175,-0.247947,-0.163393,0.415484,0.027284,0.047443,-0.028247,-0.141061,0.148159,0.978851,0.460753,-0.865303,0.197371,0.876246,0.478851,0.053795,0.006352,-0.00076,0.006778,0.107603,-0.381953,-0.27487,0.37822,0.062463,0.044933,-0.063245,-0.054834,0.119068,-0.99137,0.503211,-0.854262,-0.130434,-0.862421,-0.50602,-0.013074,-0.007593,-0.001311,-0.001213,0.017552,0.30673,0.114486,-0.86399
1026,0.048424,0.046444,0.356088,-0.129472,0.056851,-0.989975,0.663371,-0.737044,-0.129137,-0.736834,-0.673519,0.058945,-0.015737,-0.010575,0.007957,-0.019195,0.18429,0.057246,-1.910681,-0.12484,0.06341,0.310536,0.260512,-0.208706,0.942638,-0.428597,0.8498,0.306722,-0.865363,-0.483652,0.130729,0.01337,-0.005327,0.010504,-0.253535,1.620421,-2.216629,0.413856,0.027556,0.047385,-0.028019,-0.138311,0.13677,0.980899,0.461396,-0.867474,0.186013,0.876346,0.478311,0.056876,0.005723,0.003548,0.00213,0.054979,-0.140833,-0.034877,0.376913,0.06226,0.044848,-0.063265,-0.066826,0.12908,-0.989379,0.504126,-0.851349,-0.145122,-0.86104,-0.50847,-0.008181,-0.001866,-0.007452,0.002652,-0.009689,0.169889,0.092086,-0.865132
1027,0.048128,0.04604,0.356248,-0.14263,0.062942,-0.987796,0.662321,-0.735515,-0.142555,-0.735331,-0.674657,0.064447,-0.00322,-0.013787,0.006116,0.015387,0.548206,0.31646,-1.910666,-0.124314,0.063602,0.310723,0.263892,-0.204317,0.942659,-0.427697,0.851113,0.304328,-0.864788,-0.483223,0.136013,0.01156,0.006435,0.003738,0.021978,-0.073287,0.016961,0.414929,0.02782,0.047471,-0.027927,-0.139057,0.131112,0.981566,0.460679,-0.868848,0.181319,0.876605,0.477401,0.060419,0.011094,0.009729,-0.001723,0.069569,-0.17026,0.225194,0.376587,0.062107,0.044644,-0.063181,-0.076259,0.137469,-0.987565,0.504139,-0.849205,-0.157139,-0.860248,-0.509854,-0.004545,-0.001576,-0.006815,0.00312,0.022369,0.499146,0.279994,-0.867908
1028,0.047968,0.045845,0.356392,-0.145579,0.06171,-0.987444,0.661892,-0.735695,-0.143614,-0.735136,-0.674573,0.067485,-0.014437,-0.007707,0.010073,-0.029048,0.087811,-0.011454,-1.910588,-0.124022,0.063795,0.310732,0.264953,-0.204963,0.942222,-0.42711,0.851041,0.305354,-0.864755,-0.483077,0.136741,0.011758,0.005229,0.002769,0.00491,-0.033899,0.051002,0.417676,0.027965,0.047569,-0.027922,-0.140007,0.132169,0.981289,0.460229,-0.868801,0.182682,0.87669,0.477194,0.06081,0.011215,0.008982,-0.002325,0.0382,-0.029095,0.085808,0.377403,0.062032,0.044551,-0.063117,-0.081979,0.136941,-0.98718,0.503804,-0.848945,-0.159602,-0.859919,-0.51043,0.000604,-0.007207,-0.003819,0.005067,-0.019011,0.051782,-0.036079,-0.867582
1029,0.047708,0.045513,0.356787,-0.154813,0.061293,-0.986064,0.660839,-0.735464,-0.149522,-0.734185,-0.674861,0.074581,-0.00126,-0.009542,0.009257,-0.025715,0.097069,0.032989,-1.910866,-0.123332,0.064098,0.310696,0.26482,-0.205389,0.942166,-0.426704,0.851154,0.305606,-0.864997,-0.482696,0.136559,0.024599,0.004092,0.000428,0.004089,-0.030411,0.05849,0.428325,0.028306,0.047722,-0.027938,-0.139826,0.132713,0.981242,0.459876,-0.868911,0.183052,0.876905,0.476845,0.060465,0.006171,0.000906,2e-06,0.001866,-0.015547,0.030028,0.387201,0.061902,0.044386,-0.06292,-0.090932,0.138378,-0.986195,0.503132,-0.848231,-0.165411,-0.859411,-0.511228,0.007509,-0.000425,-0.004319,0.004966,-0.018276,0.093698,0.028199,-0.866602
1030,0.047505,0.045199,0.357233,-0.160768,0.058728,-0.985266,0.659828,-0.735949,-0.151586,-0.733806,-0.674558,0.080792,-0.000624,-0.00817,0.010275,-0.031884,0.017947,0.017491,-1.910888,-0.122804,0.0643,0.310588,0.263976,-0.205429,0.942394,-0.426521,0.851395,0.305188,-0.865343,-0.482253,0.135925,0.010584,0.013096,-0.007106,0.056953,-0.149265,0.201261,0.4266,0.02857,0.047817,-0.027991,-0.138814,0.132679,0.981389,0.459699,-0.869115,0.182523,0.877158,0.476481,0.059652,0.005345,0.006259,-0.003795,0.038687,-0.024591,0.048203,0.393243,0.061801,0.044229,-0.062696,-0.097269,0.137019,-0.98578,0.502231,-0.84836,-0.167475,-0.859245,-0.51138,0.013704,-0.00047,-0.004407,0.004904,-0.027321,0.003032,-0.026712,-0.862357
1031,0.047413,0.045007,0.357455,-0.163734,0.057265,-0.984864,0.659309,-0.736231,-0.152472,-0.733613,-0.674374,0.084016,-0.003067,-0.020257,0.017672,-0.063527,0.06529,-0.014636,-1.910983,-0.122671,0.064421,0.31051,0.261924,-0.204734,0.943118,-0.426862,0.851799,0.303581,-0.865797,-0.481837,0.134509,0.000177,-0.001003,-0.000804,-0.0,0.0,-0.0,0.423477,0.028646,0.047882,-0.028033,-0.13686,0.13203,0.981751,0.459768,-0.869394,0.181013,0.877429,0.476152,0.058282,0.00532,0.006393,-0.003684,0.038819,-0.025656,0.049529,0.39063,0.061752,0.044139,-0.062581,-0.100496,0.136181,-0.985573,0.501695,-0.848495,-0.168397,-0.859186,-0.51138,0.016948,-0.000502,-0.004478,0.004854,-0.026271,0.011381,-0.02152,-0.858601
1032,0.047258,0.044625,0.357939,-0.163828,0.054638,-0.984998,0.658482,-0.737381,-0.150477,-0.734334,-0.673332,0.08605,-0.002792,-0.019665,0.018123,-0.065443,0.045652,-0.026856,-1.911,-0.122345,0.064816,0.310346,0.264326,-0.206068,0.942157,-0.425195,0.851864,0.305731,-0.86589,-0.481152,0.136348,0.012256,0.002231,0.000355,0.020315,-0.140484,0.182609,0.422305,0.028809,0.048077,-0.028117,-0.139382,0.133423,0.981208,0.458394,-0.869627,0.183366,0.877751,0.475338,0.06005,0.006129,0.001135,0.000186,0.020268,-0.140546,0.182674,0.387037,0.061675,0.043947,-0.062339,-0.100728,0.133629,-0.985898,0.500598,-0.849556,-0.166295,-0.859799,-0.51029,0.01868,-0.006456,-0.00216,0.006299,-0.034622,0.036391,-0.043616,-0.864316
1033,0.04718,0.044238,0.358289,-0.164818,0.058002,-0.98464,0.657691,-0.737446,-0.153585,-0.73482,-0.672983,0.084622,-0.002084,-0.011315,0.007978,0.005413,-0.109234,0.193777,-1.910884,-0.122175,0.065295,0.310168,0.265584,-0.206889,0.941623,-0.423719,0.85219,0.30687,-0.866231,-0.480221,0.137463,-0.002118,0.013232,-0.005548,0.036735,-0.008945,0.018487,0.423073,0.028895,0.048306,-0.028202,-0.140671,0.134255,0.980911,0.45713,-0.870023,0.184634,0.878204,0.474377,0.061015,-0.00111,0.006917,-0.002538,0.036697,-0.008975,0.018525,0.387364,0.061638,0.043759,-0.062161,-0.101044,0.1364,-0.985486,0.499883,-0.849478,-0.16883,-0.860178,-0.509687,0.01765,-0.001081,-0.005849,0.003854,0.393451,-1.440267,2.287886,-0.864969
1034,0.04717,0.044003,0.358412,-0.165439,0.060434,-0.98439,0.657224,-0.737402,-0.155779,-0.735098,-0.67282,0.0835,-0.002618,-0.012469,0.007133,-0.032738,0.022785,-0.013452,-1.910982,-0.122187,0.065604,0.310061,0.266113,-0.207238,0.941397,-0.422854,0.85246,0.307313,-0.866491,-0.479591,0.138017,-0.002313,0.014317,-0.004674,0.036738,-0.008956,0.018477,0.423654,0.028889,0.048464,-0.028259,-0.141236,0.134625,0.980779,0.456304,-0.870342,0.185175,0.878543,0.473687,0.061494,-0.001192,0.007376,-0.002165,0.039366,-0.027147,0.040675,0.387854,0.061633,0.043638,-0.062096,-0.10114,0.139645,-0.985022,0.49957,-0.849092,-0.171669,-0.860348,-0.509451,0.016114,-0.001406,-0.006428,0.003426,-0.033928,0.041275,-0.0435,-0.865949
1035,0.047184,0.043678,0.35864,-0.169483,0.064958,-0.983413,0.656379,-0.736847,-0.161847,-0.734926,-0.673011,0.083469,0.010423,-0.014706,0.00602,0.000179,0.316457,0.206041,-1.910488,-0.122335,0.066296,0.30976,0.267277,-0.207963,0.940907,-0.42079,0.853153,0.30822,-0.867139,-0.478041,0.139318,-0.001963,0.012366,-0.006224,0.036744,-0.008992,0.018448,0.42419,0.028814,0.048816,-0.028406,-0.142451,0.135376,0.9805,0.454374,-0.871115,0.186286,0.879347,0.47205,0.06258,-0.000969,0.00614,-0.003145,0.03673,-0.009002,0.018485,0.388507,0.061633,0.043472,-0.061984,-0.102736,0.144773,-0.984116,0.499052,-0.848324,-0.176895,-0.86046,-0.509299,0.014903,3.3e-05,8.5e-05,6.2e-05,0.015048,0.521708,0.325064,-0.864643
1036,0.047099,0.043617,0.358739,-0.169328,0.063559,-0.983531,0.656356,-0.737121,-0.16069,-0.734982,-0.672843,0.084321,5e-06,1e-05,8e-06,6e-06,5.6e-05,3.4e-05,-1.909148,-0.122446,0.066775,0.309374,0.267029,-0.211093,0.94028,-0.419351,0.852961,0.310703,-0.867912,-0.477007,0.138042,-0.00131,0.008715,-0.009139,0.023737,0.031779,0.016168,0.420442,0.028758,0.049059,-0.028596,-0.142168,0.13887,0.980052,0.453284,-0.871059,0.189179,0.879955,0.471137,0.060889,-0.000719,0.004747,-0.004255,0.030822,-0.008285,0.019683,0.387691,0.061594,0.043436,-0.061932,-0.104391,0.143387,-0.984145,0.498985,-0.848437,-0.176544,-0.860299,-0.509503,0.017021,-6e-06,-8e-06,-5e-06,0.000812,0.101057,-0.171451,-0.864316
1037,0.046937,0.043499,0.358855,-0.168701,0.062378,-0.983714,0.651973,-0.741392,-0.158876,-0.739017,-0.668244,0.085628,-0.001936,-0.010998,0.008224,-0.032855,0.022746,-0.013459,-1.89954,-0.122425,0.067248,0.309041,0.267839,-0.2117,0.939913,-0.417696,0.853522,0.311391,-0.868462,-0.475733,0.13898,-0.0017,0.010886,-0.007387,0.036752,-0.009039,0.018406,0.419895,0.02877,0.049289,-0.028767,-0.143121,0.13918,0.979869,0.451727,-0.871732,0.1898,0.880601,0.469798,0.061892,-0.000824,0.005333,-0.003782,0.037105,-0.009948,0.017663,0.385568,0.061514,0.043381,-0.061878,-0.103967,0.142146,-0.98437,0.493732,-0.851792,-0.175148,-0.863376,-0.504225,0.018376,-2.5e-05,-5.1e-05,-3.2e-05,-0.000547,9.5e-05,-0.001272,-0.863663
1038,0.04687,0.043503,0.35888,-0.168585,0.065172,-0.983553,0.647622,-0.744866,-0.160415,-0.742858,-0.664103,0.08459,0.000412,0.000887,0.000652,0.000608,0.104111,-0.169454,-1.889806,-0.12234,0.067425,0.308941,0.268251,-0.212007,0.939726,-0.417097,0.853674,0.311779,-0.868623,-0.475324,0.139371,-0.001851,0.01172,-0.006715,0.036755,-0.009043,0.018399,0.42077,0.028813,0.049376,-0.028818,-0.143557,0.139489,0.979762,0.451179,-0.871919,0.190243,0.88081,0.469359,0.062235,0.006154,0.000846,-3.9e-05,0.00218,-0.01531,0.029157,0.384262,0.061478,0.043377,-0.061864,-0.103297,0.144859,-0.984045,0.488804,-0.854235,-0.17706,-0.866255,-0.499296,0.017432,0.000242,0.000524,0.000393,0.000358,0.105814,-0.173112,-0.864806
1039,0.046643,0.043607,0.358946,-0.170664,0.063519,-0.983303,0.643457,-0.748537,-0.160087,-0.745993,-0.660121,0.088099,-0.011728,0.005067,0.003196,-0.000174,0.119878,-0.198374,-1.881467,-0.122116,0.067621,0.308827,0.269314,-0.212666,0.939274,-0.416245,0.853728,0.312767,-0.868705,-0.474931,0.1402,0.012247,0.001959,0.000138,0.002045,-0.015205,0.029245,0.424634,0.028919,0.049478,-0.028878,-0.144658,0.140166,0.979503,0.450437,-0.872068,0.191315,0.88101,0.46888,0.063016,4e-06,-2e-06,-6e-06,7.9e-05,-1.3e-05,4.1e-05,0.38867,0.06137,0.043428,-0.061832,-0.105799,0.143815,-0.983932,0.483932,-0.856957,-0.177292,-0.868686,-0.494914,0.021068,0.000338,0.000727,0.000543,0.00187,-0.009696,-0.007629,-0.864643
1040,0.046353,0.043722,0.359042,-0.169893,0.06234,-0.983512,0.63929,-0.752501,-0.158182,-0.749742,-0.655709,0.089215,4.5e-05,9.5e-05,7e-05,0.0,0.0,0.0,-1.864655,-0.121763,0.067709,0.308854,0.268073,-0.212381,0.939693,-0.416624,0.853841,0.311953,-0.868905,-0.474856,0.139209,0.012149,0.002495,0.000566,0.002045,-0.015205,0.029245,0.416157,0.029096,0.049523,-0.028863,-0.143366,0.139856,0.979737,0.450707,-0.872119,0.190446,0.881083,0.468878,0.061998,0.006065,0.001312,0.000328,0.002166,-0.01586,0.030036,0.385731,0.061221,0.04349,-0.06178,-0.105158,0.142332,-0.984216,0.478979,-0.860091,-0.175557,-0.871504,-0.489881,0.022271,-0.006116,0.001993,0.001208,-0.000769,0.014583,-0.029954,-0.861867
1041,0.046201,0.043722,0.359073,-0.169722,0.061273,-0.983608,0.639386,-0.752612,-0.157264,-0.749699,-0.655681,0.089782,-0.000596,-0.001274,-0.000937,0.0,0.0,0.0,-1.855287,-0.121523,0.067737,0.30891,0.268604,-0.212722,0.939464,-0.416543,0.853675,0.312514,-0.86878,-0.475001,0.139493,0.011949,0.00359,0.001443,0.002045,-0.015205,0.029245,0.412711,0.029216,0.049536,-0.028836,-0.143929,0.140213,0.979604,0.450698,-0.871996,0.19103,0.880996,0.469,0.062312,0.005935,0.002017,0.000894,0.002094,-0.015283,0.029351,0.380016,0.061147,0.043492,-0.061763,-0.105203,0.141256,-0.984367,0.479009,-0.860262,-0.174641,-0.871483,-0.489893,0.022839,-0.00653,0.00111,0.000555,-0.000832,0.014738,-0.029632,-0.861704
