frame,MLTx,MLTy,MLTz,MLTR1,MLTR2,MLTR3,MLTR4,MLTR5,MLTR6,MLTR7,MLTR8,MLTR9,MLTTVx,MLTTVy,MLTTVz,MLTRVx,MLTRVy,MLTRVz,MLGA,MRTx,MRTy,MRTz,MRTR1,MRTR2,MRTR3,MRTR4,MRTR5,MRTR6,MRTR7,MRTR8,MRTR9,MRTTVx,MRTTVy,MRTTVz,MRTRVx,MRTRVy,MRTRVz,MRGA,SLTx,SLTy,SLTz,SLTR1,SLTR2,SLTR3,SLTR4,SLTR5,SLTR6,SLTR7,SLTR8,SLTR9,SLTTVx,SLTTVy,SLTTVz,SLTRVx,SLTRVy,SLTRVz,SLGA,SRTx,SRTy,SRTz,SRTR1,SRTR2,SRTR3,SRTR4,SRTR5,SRTR6,SRTR7,SRTR8,SRTR9,SRTTVx,SRTTVy,SRTTVz,SRTRVx,SRTRVy,SRTRVz,SRGA
2146,0.166087,0.102564,0.368469,-0.544176,0.769419,-0.334533,-0.827895,-0.427738,0.36277,0.136701,0.47341,0.870185,-0.000154,-0.002445,-0.000956,0.050076,-0.053832,-0.129643,-1.429669,-0.103868,0.068514,0.336091,0.386132,-0.405452,0.828554,-0.006764,0.896868,0.442172,-0.922842,-0.175838,0.342499,0.03127,-0.031805,0.006167,-0.075064,0.017111,-0.019152,0.48137,0.042152,0.056115,-0.012238,-0.32674,0.32518,0.887411,0.181325,-0.899935,0.396532,0.927557,0.290473,0.235081,0.01566,-0.016027,0.002981,-0.06122,-0.009634,-0.02192,0.487298,0.119828,0.074201,-0.055574,-0.39568,0.854061,-0.337664,-0.895675,-0.277602,0.347421,0.202982,0.439905,0.874803,-0.005275,-0.001263,-0.000298,0.161325,-0.156012,-0.490345,-0.806348
2147,0.16565,0.102004,0.368619,-0.571099,0.749545,-0.334773,-0.81212,-0.456296,0.363629,0.120506,0.47861,0.869734,-0.021402,-0.019515,0.005202,0.517052,-0.542336,-1.542085,-1.417505,-0.102724,0.067306,0.336257,0.382819,-0.397939,0.833718,-0.011656,0.900233,0.435176,-0.924169,-0.175818,0.338914,0.029055,-0.019553,-0.00064,0.009929,0.032361,-0.20767,0.459773,0.042715,0.055515,-0.012157,-0.322214,0.317963,0.891671,0.185505,-0.902437,0.388836,0.928313,0.290698,0.231794,0.015717,-0.015937,0.003024,-0.012876,0.023233,-0.239475,0.456436,0.119622,0.073946,-0.055503,-0.420891,0.841627,-0.338399,-0.886894,-0.303484,0.348303,0.190443,0.446722,0.874168,-0.010688,-0.009569,0.002679,-0.038402,0.060654,-0.100414,-0.802755
2148,0.164464,0.100686,0.369062,-0.589155,0.732762,-0.340591,-0.802009,-0.478767,0.357122,0.099349,0.482643,0.870179,-0.042828,-0.035609,0.011783,0.648167,0.020219,0.534786,-1.409714,-0.101677,0.066529,0.336184,0.372913,-0.403884,0.835347,0.014483,0.902633,0.430089,-0.928161,-0.147788,0.341377,0.017817,-0.024119,-0.002562,4.612198,2.3585,1.8142,0.400298,0.043242,0.055132,-0.012191,-0.315243,0.322314,0.8926,0.164546,-0.907748,0.385897,0.934637,0.268525,0.233125,0.013655,-0.004729,-0.004485,0.020531,-0.028706,0.021332,0.404183,0.119033,0.073281,-0.05528,-0.448425,0.824286,-0.345638,-0.877836,-0.333343,0.343925,0.168277,0.457638,0.873068,-0.021496,-0.024161,0.009451,1.492896,-1.636919,1.146763,-0.802919
2149,0.162161,0.098686,0.369881,-0.611882,0.709376,-0.349901,-0.788185,-0.5096,0.345026,0.067199,0.486018,0.871377,-0.07526,-0.061688,0.027091,0.041129,0.072813,-0.203645,-1.426304,-0.100762,0.066111,0.335736,0.353283,-0.399047,0.846135,0.037464,0.90969,0.413514,-0.935151,-0.113895,0.335238,0.013795,-0.002451,-0.018121,0.059522,0.281541,-0.316584,0.346758,0.043706,0.054913,-0.012416,-0.291614,0.322502,0.900529,0.135511,-0.918024,0.372649,0.946888,0.230701,0.224006,0.006932,-0.001362,-0.009163,0.044764,0.308531,-0.306481,0.326457,0.117866,0.072267,-0.054866,-0.472873,0.806706,-0.354423,-0.870526,-0.365504,0.32953,0.136291,0.464361,0.875096,-0.037658,-0.031127,0.01346,0.021096,0.054873,-0.201755,-0.810267
2150,0.16052,0.097413,0.370437,-0.63089,0.690044,-0.354771,-0.774741,-0.535131,0.336724,0.043285,0.486431,0.872661,-0.097087,-0.074462,0.03516,0.512789,-0.40615,-0.38361,-1.426663,-0.100416,0.065924,0.335418,0.342399,-0.396192,0.851931,0.045446,0.912586,0.40627,-0.938825,-0.099901,0.329377,0.014382,-0.004684,-0.0197,0.015856,0.17548,-0.215274,0.332991,0.043872,0.054823,-0.012566,-0.279747,0.321266,0.904725,0.127131,-0.921656,0.366588,0.951619,0.217571,0.216988,0.007224,-0.002466,-0.009941,0.01517,0.294159,-0.356671,0.299514,0.117045,0.071631,-0.054589,-0.494861,0.791087,-0.359572,-0.861601,-0.392907,0.321351,0.112938,0.468832,0.876037,-0.048576,-0.037567,0.017479,0.528425,-0.469266,-0.355817,-0.808961
2151,0.156484,0.094221,0.371795,-0.681365,0.638688,-0.357583,-0.731939,-0.599877,0.323086,-0.007312,0.481071,0.876666,-0.110131,-0.093125,0.040745,2.161479,-1.143276,-5.122729,-1.453218,-0.099789,0.065631,0.334602,0.313933,-0.410225,0.856243,0.098059,0.910948,0.400616,-0.944704,-0.0413,0.325101,0.01521,-0.007739,-0.021925,4.893214,2.286356,1.848371,0.341199,0.044185,0.054679,-0.012974,-0.255126,0.336703,0.906389,0.079954,-0.926853,0.36681,0.963596,0.166052,0.209544,0.007704,-0.004253,-0.011228,0.442059,0.343635,-0.017037,0.281062,0.115069,0.070074,-0.053924,-0.549952,0.751204,-0.365025,-0.832707,-0.459461,0.309019,0.064421,0.473905,0.878215,-0.054962,-0.041181,0.016412,0.65576,0.105297,0.170476,-0.804062
2152,0.151626,0.090844,0.373366,-0.723016,0.589724,-0.359887,-0.688352,-0.65935,0.302325,-0.058109,0.465578,0.883112,-0.132717,-0.085118,0.045287,0.200239,0.553284,-0.454557,-1.517873,-0.099146,0.065297,0.333671,0.269559,-0.438956,0.857115,0.196357,0.896343,0.397426,-0.943036,0.061709,0.326707,0.015879,-0.010108,-0.023722,1.608689,0.73248,0.558003,0.370875,0.044501,0.054516,-0.01343,-0.215714,0.371117,0.903182,-0.018866,-0.926371,0.376139,0.976274,0.064099,0.206833,0.007997,-0.00526,-0.012,1.610545,0.754441,0.586612,0.297228,0.112697,0.068398,-0.053165,-0.603098,0.707796,-0.367826,-0.797616,-0.529932,0.288062,0.008966,0.467114,0.884151,-0.066353,-0.042708,0.022634,2.426549,-1.371796,-0.510341,-0.806185
2153,0.149041,0.089288,0.374221,-0.74547,0.555788,-0.367994,-0.659218,-0.696516,0.283316,-0.097928,0.453097,0.886081,-0.144211,-0.082342,0.047108,2.631133,-1.429147,-5.084656,-1.529894,-0.098901,0.065191,0.333184,0.234286,-0.458722,0.857132,0.271827,0.87734,0.39537,-0.933634,0.140923,0.329139,0.013289,0.002825,-0.030039,1.713253,0.675104,0.580872,0.396663,0.044632,0.054451,-0.013684,-0.181744,0.397082,0.899608,-0.10001,-0.917564,0.384803,0.978246,-0.020034,0.206473,0.007975,-0.004722,-0.011855,5.388776,2.41946,1.955764,0.320088,0.111305,0.067556,-0.052703,-0.630309,0.679383,-0.375695,-0.775688,-0.570998,0.268826,-0.031885,0.460866,0.886896,-0.072189,-0.041199,0.0236,2.688828,-1.426656,-5.047023,-0.805858
2154,0.143296,0.085837,0.376188,-0.790594,0.475754,-0.38557,-0.586309,-0.769814,0.25219,-0.175858,0.424847,0.888035,-0.147477,-0.096355,0.054507,0.579148,0.271872,-0.410117,-1.551826,-0.098812,0.065184,0.332114,0.178987,-0.464757,0.867154,0.38252,0.84484,0.373976,-0.906619,0.265332,0.327879,0.000622,0.003033,-0.028644,5.09346,2.350654,0.94772,0.420343,0.044682,0.054444,-0.014221,-0.1282,0.41032,0.902885,-0.212099,-0.900677,0.3792,0.968802,-0.142888,0.202495,0.000264,0.001399,-0.014338,0.412104,1.495025,-2.610871,0.372831,0.108489,0.065876,-0.051737,-0.689439,0.606756,-0.395626,-0.71528,-0.656423,0.239754,-0.114226,0.448279,0.886564,-0.073522,-0.042752,0.023245,1.979529,-1.233156,0.255164,-0.807491
2155,0.137563,0.08227,0.378257,-0.824347,0.40368,-0.396913,-0.51612,-0.823981,0.233765,-0.231662,0.397052,0.888093,-0.160076,-0.089574,0.058397,0.572221,0.13949,-2.443335,-1.591575,-0.098688,0.065181,0.33089,0.161028,-0.43434,0.886234,0.426325,0.840395,0.334541,-0.890274,0.324477,0.319359,0.002468,-0.004121,-0.033858,5.253007,1.615138,1.25175,0.38075,0.044739,0.054457,-0.014822,-0.103544,0.381523,0.918541,-0.260549,-0.90166,0.34514,0.959891,-0.203587,0.192767,0.007284,-0.000949,-0.016785,0.454027,-0.324916,-0.77817,0.354053,0.105626,0.06408,-0.050708,-0.733317,0.544505,-0.407135,-0.65732,-0.720804,0.219934,-0.17371,0.4289,0.886492,-0.074607,-0.045157,0.028855,2.490149,-1.389835,-5.360639,-0.81288
2156,0.134617,0.080596,0.379377,-0.834037,0.374739,-0.404966,-0.48614,-0.846231,0.218019,-0.259961,0.378236,0.888473,-0.149916,-0.087256,0.059226,1.718571,-1.236258,0.259911,-1.598918,-0.098529,0.064913,0.330191,0.159971,-0.421969,0.89238,0.444274,0.837992,0.316738,-0.881644,0.346301,0.320378,0.007028,-0.024524,-0.033172,0.284577,-0.085922,-0.707368,0.370279,0.044814,0.054342,-0.015164,-0.098344,0.370577,0.92358,-0.286293,-0.899379,0.330382,0.953081,-0.231924,0.194542,0.002507,-0.006945,-0.020476,0.404728,-0.225825,-0.790045,0.335601,0.104148,0.063241,-0.050149,-0.750157,0.515507,-0.414144,-0.62925,-0.749,0.207467,-0.203243,0.416233,0.886251,-0.074871,-0.043093,0.029917,0.842826,0.194941,-0.6846,-0.81288
2157,0.128876,0.077533,0.381544,-0.849096,0.321214,-0.419408,-0.427973,-0.883682,0.189521,-0.308694,0.340012,0.888328,-0.139962,-0.073856,0.052068,2.247987,-1.512138,-1.16357,-1.601643,-0.097896,0.063874,0.328571,0.176319,-0.409865,0.894938,0.461529,0.837403,0.292714,-0.8696,0.361921,0.335666,0.022024,-0.033004,-0.041236,0.17734,0.127778,-0.773569,0.376886,0.045125,0.053824,-0.015971,-0.113782,0.356087,0.927499,-0.306857,-0.900513,0.308082,0.944929,-0.249556,0.21173,0.010063,-0.011396,-0.024673,0.237143,0.005127,-0.589972,0.323191,0.101275,0.061707,-0.049062,-0.77326,0.467086,-0.428834,-0.579543,-0.795022,0.179078,-0.257288,0.387002,0.885455,-0.070103,-0.037304,0.025916,2.539729,-0.355184,-5.485276,-0.802429
2158,0.12367,0.07478,0.383466,-0.86203,0.271357,-0.428152,-0.370791,-0.913477,0.167469,-0.344595,0.302775,0.888599,-0.130439,-0.072923,0.052401,1.548859,-1.356889,0.453212,-1.612013,-0.096906,0.06263,0.326918,0.20066,-0.416458,0.88673,0.468438,0.835677,0.286607,-0.860615,0.358368,0.361632,0.022403,-0.033736,-0.042428,0.013494,-0.386157,0.091477,0.402834,0.045631,0.053178,-0.016821,-0.139652,0.358915,0.922863,-0.31467,-0.89977,0.302316,0.938871,-0.248178,0.238594,0.01126,-0.017007,-0.021324,-0.039722,-0.335687,0.215049,0.341479,0.098668,0.06033,-0.0481,-0.795512,0.418806,-0.437906,-0.526655,-0.835289,0.157881,-0.299657,0.356221,0.885048,-0.0653,-0.036836,0.026119,0.253391,0.676919,-0.585579,-0.807164
2159,0.118839,0.072261,0.385297,-0.875117,0.221115,-0.430492,-0.309223,-0.939732,0.145796,-0.371225,0.260426,0.89129,-0.119763,-0.061232,0.044172,0.294615,0.393276,-0.186445,-1.618976,-0.095486,0.061139,0.325627,0.22858,-0.440916,0.86795,0.445992,0.83985,0.309319,-0.8656,0.316928,0.3875,0.035772,-0.037407,-0.031456,-4.927561,-2.026497,-1.849651,0.455846,0.046331,0.052435,-0.017463,-0.169333,0.381788,0.908605,-0.294048,-0.8995,0.323161,0.94067,-0.212452,0.26458,0.023847,-0.01702,-0.015203,-0.313989,-1.848764,2.065741,0.394549,0.096249,0.059068,-0.047181,-0.816139,0.371621,-0.442509,-0.470465,-0.871965,0.13542,-0.335527,0.318707,0.886479,-0.054457,-0.03188,0.021371,0.805574,0.012789,0.033205,-0.806021
2160,0.116696,0.07103,0.386088,-0.879238,0.192433,-0.435838,-0.273981,-0.95262,0.131991,-0.388698,0.235217,0.89085,-0.098892,-0.067145,0.040741,2.206106,-1.990731,-0.564055,-1.627019,-0.094586,0.060536,0.325055,0.240003,-0.456795,0.85658,0.436988,0.838681,0.324945,-0.867115,0.296881,0.399797,0.047126,-0.03078,-0.028205,-0.325282,-1.740885,1.884069,0.470225,0.046778,0.052128,-0.017753,-0.185364,0.39288,0.900713,-0.27785,-0.90015,0.335453,0.94257,-0.188082,0.276017,0.029448,-0.013144,-0.013159,-0.124391,-0.354584,0.376079,0.422472,0.095171,0.058459,-0.046782,-0.825895,0.345822,-0.445313,-0.438969,-0.890052,0.122932,-0.35384,0.297008,0.886895,-0.054932,-0.032442,0.021148,2.378468,-0.4169,-5.053597,-0.800796
2161,0.112911,0.068742,0.387438,-0.88622,0.148935,-0.438723,-0.216779,-0.970166,0.108426,-0.408386,0.191003,0.892617,-0.087504,-0.055709,0.032129,0.535597,0.079122,-0.156778,-1.656363,-0.092387,0.059779,0.324156,0.247146,-0.478648,0.8425,0.437762,0.830764,0.3437,-0.864723,0.284453,0.413768,0.068876,-0.013606,-0.018524,-0.094438,-0.459446,0.531486,0.497905,0.047897,0.051729,-0.018219,-0.198098,0.41588,0.887581,-0.27724,-0.892323,0.356225,0.940156,-0.175506,0.292066,0.034326,-0.006335,-0.008932,-0.095674,-0.503092,0.583707,0.466723,0.09324,0.057284,-0.046094,-0.839731,0.302634,-0.450847,-0.384087,-0.917951,0.099206,-0.383833,0.256471,0.88707,-0.043774,-0.027883,0.01612,0.564318,0.091962,-0.141197,-0.797857
2162,0.109605,0.067004,0.388496,-0.893334,0.117598,-0.433787,-0.175251,-0.979902,0.09514,-0.412771,0.160861,0.896532,-0.073894,-0.030165,0.016284,0.475604,0.222755,0.559042,-1.664739,-0.089571,0.059143,0.323655,0.244526,-0.479656,0.842691,0.430383,0.83239,0.349044,-0.869158,0.277913,0.408891,0.083388,-0.01987,-0.009237,-0.098297,0.060282,0.162873,0.528734,0.049245,0.051438,-0.018454,-0.195648,0.41713,0.887537,-0.269057,-0.893131,0.360448,0.943042,-0.168277,0.286971,0.034255,-0.005255,-0.008265,-0.129668,0.102837,0.175458,0.503954,0.091613,0.056421,-0.045573,-0.852192,0.271802,-0.447091,-0.344364,-0.934687,0.088157,-0.39393,0.229089,0.890132,-0.042948,-0.019254,0.013286,0.147251,-0.119503,-0.204623,-0.797857
2163,0.108126,0.06636,0.388903,-0.89574,0.098694,-0.433538,-0.151965,-0.984285,0.089786,-0.416751,0.146178,0.897205,-0.073635,-0.027983,0.017261,2.691628,-0.270161,-4.502177,-1.663666,-0.088128,0.058681,0.323474,0.250079,-0.477849,0.842088,0.420145,0.837055,0.350357,-0.872588,0.266764,0.409011,0.074265,-0.035796,-0.004066,-0.072287,-0.01266,0.036985,0.530205,0.050753,0.050917,-0.018628,-0.208327,0.411278,0.887383,-0.243543,-0.900526,0.360193,0.947252,-0.141078,0.287768,0.043684,-0.016873,-0.002399,-4.701862,-2.086181,-2.035053,0.515874,0.09021,0.055852,-0.045221,-0.857782,0.246191,-0.45122,-0.31091,-0.947549,0.074055,-0.409322,0.203812,0.889334,-0.030923,-0.013325,0.008741,0.028077,-0.074041,0.36001,-0.803898
2164,0.105623,0.065506,0.389419,-0.892385,0.069861,-0.445886,-0.116037,-0.990244,0.076965,-0.435052,0.120328,0.892344,-0.060749,-0.014874,0.009196,0.721704,-0.218051,-1.341589,-1.663805,-0.085068,0.057506,0.32316,0.271946,-0.466984,0.841405,0.379077,0.855572,0.352464,-0.8848,0.223675,0.408608,0.071852,-0.02213,-0.00993,-0.140166,-0.185285,0.149592,0.529305,0.051495,0.050624,-0.018703,-0.220849,0.40086,0.88912,-0.215441,-0.909162,0.356382,0.951214,-0.112847,0.287149,0.035869,-0.010886,-0.004872,-1.413423,-0.695753,-0.518125,0.51816,0.089636,0.055673,-0.045112,-0.858358,0.230808,-0.4582,-0.293291,-0.953521,0.069116,-0.420952,0.193712,0.886157,-0.024722,-0.008244,0.004042,0.123301,-0.316869,0.237511,-0.806021
2165,0.103872,0.06504,0.389562,-0.888851,0.043041,-0.456221,-0.085375,-0.993695,0.072471,-0.449121,0.103305,0.887494,-0.03769,-0.008877,-0.002575,0.532795,-0.587182,-1.223933,-1.66082,-0.082388,0.05665,0.323129,0.269788,-0.455182,0.848537,0.371147,0.862208,0.344646,-0.888812,0.222504,0.400459,0.071398,-0.022325,0.006088,-0.046937,0.132015,-0.127295,0.52079,0.052871,0.050173,-0.018735,-0.216602,0.3894,0.895237,-0.207348,-0.914435,0.347582,0.953986,-0.110339,0.278811,0.029319,-0.012078,0.003151,0.004218,0.561873,-0.62356,0.518486,0.08872,0.055435,-0.04503,-0.860625,0.1999,-0.468363,-0.258899,-0.963755,0.064396,-0.438515,0.176679,0.881185,-0.018825,-0.004374,-0.001223,0.436868,-0.688377,-1.284441,-0.803572
2166,0.102627,0.064763,0.389332,-0.884603,0.022898,-0.465831,-0.061571,-0.995779,0.06786,-0.461212,0.088675,0.882863,-0.026863,-0.012008,-0.004512,-0.030785,-0.284709,0.372223,-1.659523,-0.07999,0.056109,0.323518,0.26639,-0.44788,0.853482,0.368153,0.865551,0.33944,-0.891076,0.224333,0.394363,0.055012,-0.01166,0.016389,-0.064162,-0.051402,0.074998,0.519977,0.054079,0.049891,-0.01855,-0.21158,0.382398,0.899447,-0.204655,-0.917214,0.341809,0.955693,-0.111757,0.272324,0.027334,-0.005287,0.008594,-0.08364,0.061911,-0.081184,0.5162,0.088108,0.055302,-0.045142,-0.859768,0.177981,-0.478666,-0.234963,-0.970066,0.061337,-0.453421,0.165204,0.875851,-0.012832,-0.000348,-0.006425,0.026242,-0.309377,0.391597,-0.803082
2167,0.102212,0.064661,0.389118,-0.88185,0.001966,-0.471574,-0.037719,-0.997075,0.066265,-0.468969,0.076213,0.879935,-0.01461,-0.003355,-0.014608,2.624166,-0.568742,-4.609221,-1.659692,-0.078915,0.055983,0.324,0.272099,-0.446236,0.852541,0.357014,0.86948,0.341292,-0.893886,0.212047,0.394799,0.054088,-0.012014,0.032606,-0.518545,-0.250381,-0.096091,0.519723,0.05464,0.049816,-0.01831,-0.217084,0.380141,0.899092,-0.193048,-0.919584,0.342194,0.956873,-0.099283,0.273012,0.026766,-0.00515,0.016959,-0.521201,-0.252475,-0.101799,0.515874,0.087895,0.055247,-0.045246,-0.859596,0.162038,-0.484599,-0.217525,-0.974202,0.060104,-0.462359,0.157078,0.872668,-0.00773,-0.006705,-0.002799,0.02211,-0.173756,0.250387,-0.803245
2168,0.101839,0.064312,0.388694,-0.874385,-0.033036,-0.484153,-0.00094,-0.997556,0.069655,-0.484185,0.061395,0.872824,-0.004132,-0.01511,-0.006939,-0.11672,-0.332477,0.227693,-1.661917,-0.07704,0.055955,0.325489,0.284888,-0.469942,0.835455,0.353748,0.86152,0.364115,-0.891212,0.192382,0.4106,0.037359,-0.001756,0.042621,-0.33065,-1.946582,2.22364,0.519816,0.055562,0.049808,-0.017577,-0.233638,0.400266,0.886115,-0.187647,-0.912766,0.362829,0.954044,-0.081506,0.288366,0.024684,0.001231,0.022074,-0.115277,-0.246425,0.288866,0.515057,0.087703,0.055069,-0.045464,-0.858995,0.121378,-0.497387,-0.175841,-0.982338,0.063959,-0.480839,0.142401,0.865167,-0.002065,-0.007563,-0.003461,-0.102804,-0.315071,0.238974,-0.802429
2169,0.102083,0.06381,0.388304,-0.867356,-0.060566,-0.494035,0.03099,-0.997208,0.067736,-0.49568,0.043509,0.86743,0.00789,-0.014553,-0.007181,0.074631,-0.213536,0.217365,-1.671729,-0.07577,0.055786,0.32745,0.319804,-0.503094,0.802877,0.339551,0.851872,0.398688,-0.88491,0.145732,0.442221,0.025021,-0.008716,0.055168,-1.458375,-1.402929,-0.146119,0.519689,0.056199,0.049735,-0.016595,-0.276889,0.431601,0.858517,-0.172396,-0.901266,0.39749,0.94531,-0.037945,0.323957,0.012305,-0.003487,0.027968,-4.732408,-4.249791,-0.375738,0.515547,0.087821,0.054821,-0.045657,-0.856807,0.092904,-0.507197,-0.14419,-0.987562,0.062688,-0.495065,0.126845,0.859546,0.004454,-0.001971,-0.007939,0.30408,-0.129299,-0.229709,-0.804225
2170,0.102346,0.063559,0.388124,-0.865915,-0.061428,-0.49645,0.033209,-0.997294,0.06537,-0.498046,0.040188,0.866234,0.019402,-0.015916,-0.008281,0.004786,-0.113036,0.207186,-1.693191,-0.075387,0.055705,0.328519,0.350088,-0.507604,0.787254,0.318942,0.854738,0.409431,-0.881145,0.108375,0.460111,0.009071,0.002435,0.049295,-4.415474,-4.706733,-0.581094,0.519907,0.056396,0.049693,-0.016056,-0.304861,0.433472,0.848033,-0.153089,-0.901145,0.405586,0.940012,-0.006177,0.341084,0.011897,-0.002638,0.0289,0.151199,-0.697463,-0.10986,0.516364,0.087948,0.054696,-0.045747,-0.855568,0.091963,-0.509456,-0.141963,-0.988048,0.060054,-0.497844,0.123704,0.858398,0.004099,-0.006764,-0.003363,0.006406,-0.093035,0.183632,-0.805042
2171,0.103084,0.063006,0.38775,-0.863216,-0.078466,-0.498745,0.056307,-0.99664,0.059238,-0.500645,0.023143,0.865359,0.020523,-0.005038,-0.016883,1.114852,0.075739,-1.044876,-1.738589,-0.075077,0.055632,0.330535,0.415967,-0.49281,0.764265,0.274527,0.869186,0.411198,-0.867435,0.039373,0.495852,-0.003037,-0.001479,0.047726,-0.919394,-1.627084,-0.739277,0.520288,0.056552,0.04967,-0.015038,-0.374686,0.410026,0.831557,-0.104224,-0.909837,0.401662,0.921274,0.063829,0.383638,0.00468,0.000764,0.024128,-3.769465,-3.282916,-2.956758,0.517507,0.088318,0.054418,-0.045929,-0.85513,0.075397,-0.5129,-0.120736,-0.991126,0.0556,-0.504157,0.109471,0.856645,0.009717,-0.007905,-0.004185,3.210879,0.096308,-4.288842,-0.806674
2172,0.103948,0.062405,0.38743,-0.862047,-0.098359,-0.497238,0.08506,-0.995143,0.049279,-0.498598,0.000301,0.866849,0.019878,-0.014599,-0.007717,1.021729,0.045759,-1.098539,-1.768557,-0.075316,0.055545,0.33223,0.490089,-0.460987,0.739794,0.223692,0.886719,0.404506,-0.843059,-0.032189,0.536729,-0.003897,0.004718,0.036072,0.089032,-1.300923,-0.067661,0.51322,0.056428,0.049635,-0.014166,-0.448085,0.368058,0.81471,-0.051593,-0.920445,0.387449,0.8925,0.131577,0.431427,-0.001916,0.002157,0.017891,0.099754,-1.318247,-0.079976,0.512771,0.088758,0.054116,-0.046095,-0.858035,0.055417,-0.510591,-0.090917,-0.994849,0.044807,-0.505479,0.084867,0.858654,0.009953,-0.007246,-0.00385,1.059333,0.082243,-1.093387,-0.808308
2173,0.104983,0.061772,0.387211,-0.860577,-0.11843,-0.495406,0.113687,-0.992708,0.039718,-0.495427,-0.022001,0.868387,0.01962,-0.02281,0.002093,0.890572,-0.034936,-1.179577,-1.793197,-0.076016,0.055646,0.333294,0.573486,-0.40464,0.7123,0.14284,0.905482,0.39954,-0.807348,-0.126886,0.576153,-0.031083,0.013588,0.013744,-0.823521,-1.65382,-0.778617,0.49208,0.056088,0.049684,-0.013636,-0.525242,0.302429,0.795397,0.028641,-0.927901,0.371723,0.85047,0.218025,0.478711,-0.008116,0.002665,0.010971,-3.78398,-3.45647,-3.277397,0.496116,0.089267,0.053806,-0.046206,-0.860301,0.036588,-0.508469,-0.063319,-0.997366,0.035365,-0.505836,0.062621,0.860352,0.01607,-0.006703,-0.003853,2.852502,-0.208577,-4.48133,-0.804388
2174,0.105477,0.061477,0.387123,-0.859954,-0.124682,-0.494954,0.12279,-0.991752,0.03638,-0.494338,-0.029343,0.86879,0.020806,-0.011401,-0.006237,0.087051,0.085312,0.077585,-1.803303,-0.076514,0.055882,0.333552,0.610684,-0.368357,0.700978,0.092867,0.912338,0.398684,-0.787137,-0.177916,0.590445,-0.018129,0.014803,0.012943,-3.747245,-2.840802,-3.024784,0.476119,0.055828,0.049806,-0.013503,-0.559574,0.261184,0.786549,0.078275,-0.928146,0.36389,0.825075,0.265191,0.498923,-0.00896,0.007087,0.006247,-3.840543,-2.741226,-2.940972,0.479297,0.089514,0.053655,-0.046247,-0.860788,0.028889,-0.508143,-0.052512,-0.9981,0.03221,-0.506247,0.054409,0.86067,0.010494,-0.005364,-0.002977,0.112845,-0.017081,0.257759,-0.804552
2175,0.106264,0.060939,0.386958,-0.859136,-0.136249,-0.493323,0.141834,-0.98953,0.026178,-0.490656,-0.047317,0.870083,0.020854,-0.011381,-0.006238,0.103929,0.014877,0.276754,-1.832404,-0.077733,0.056662,0.333704,0.668102,-0.302275,0.679897,0.002633,0.914625,0.404214,-0.744857,-0.267892,0.610971,-0.03433,0.031187,-0.005227,-3.721538,-2.655871,-2.959411,0.442479,0.055231,0.050182,-0.013427,-0.60854,0.191813,0.76999,0.164816,-0.91863,0.359099,0.776217,0.345433,0.52741,-0.015747,0.009452,0.000779,-0.290177,-0.492636,0.186085,0.439127,0.089908,0.053388,-0.046328,-0.862068,0.017258,-0.506497,-0.033116,-0.999202,0.022317,-0.505708,0.036012,0.861952,0.010502,-0.005407,-0.002996,0.106972,0.115386,0.137164,-0.804715
2176,0.106919,0.060494,0.386729,-0.85531,-0.146603,-0.496988,0.161218,-0.986812,0.013531,-0.491353,-0.068375,0.868287,0.020768,-0.011873,-0.006482,0.201976,-0.229808,0.328247,-1.851053,-0.078784,0.057601,0.333588,0.703232,-0.287195,0.650367,-0.023178,0.904932,0.424847,-0.711419,-0.313482,0.628869,-0.021124,0.031594,-0.006587,0.128763,-0.350813,0.524967,0.40413,0.054701,0.050649,-0.013486,-0.645878,0.169289,0.744434,0.197017,-0.905115,0.376762,0.73758,0.390008,0.551242,-0.010593,0.015887,-0.00321,0.132752,-0.353962,0.544983,0.388834,0.090243,0.053162,-0.046445,-0.860079,0.006663,-0.510116,-0.013548,-0.999859,0.009784,-0.509979,0.015326,0.860049,0.010396,-0.005906,-0.003237,0.185611,-0.272706,0.321886,-0.802266
2177,0.107212,0.060332,0.386599,-0.85244,-0.152766,-0.500053,0.170697,-0.98526,0.009902,-0.493135,-0.076734,0.866578,0.0097,-0.008653,-0.004531,0.004859,-0.097425,0.177848,-1.860613,-0.079102,0.058222,0.333512,0.716532,-0.289511,0.634631,-0.021453,0.900124,0.435029,-0.698077,-0.324967,0.637925,-0.006963,0.02519,0.002956,0.053547,-0.555854,0.722054,0.393171,0.054538,0.050957,-0.013532,-0.661044,0.170195,0.73079,0.196,-0.900956,0.387119,0.724296,0.399137,0.562213,-0.010704,0.016284,-0.00292,-0.030799,-0.998916,1.140092,0.366789,0.090389,0.053079,-0.046511,-0.85815,1.6e-05,-0.513397,-0.003909,-0.99997,0.006504,-0.513383,0.007588,0.858125,0.004877,-0.004235,-0.00223,-0.009344,-0.102651,0.1721,-0.79998
2178,0.107489,0.06006,0.386446,-0.849029,-0.161364,-0.503146,0.182881,-0.983098,0.006583,-0.494648,-0.086233,0.86482,0.009938,-0.007773,-0.004121,2.784707,-0.13455,-4.601735,-1.886448,-0.079383,0.059379,0.333503,0.732421,-0.285452,0.618117,-0.030855,0.892911,0.449101,-0.681025,-0.347646,0.644368,-0.004067,0.012728,0.009512,-0.198834,-0.273848,0.57436,0.378402,0.054399,0.051533,-0.013538,-0.678297,0.164262,0.716191,0.20565,-0.8933,0.399652,0.705422,0.418368,0.572142,-0.003215,0.01178,0.000853,-1.256178,-0.70568,-0.476125,0.341969,0.090525,0.052948,-0.046585,-0.856306,-0.004092,-0.516451,0.002667,-0.999989,0.0035,-0.51646,0.001619,0.856308,-0.000216,0.002668,-0.005607,0.036484,-0.101542,0.165544,-0.801776
2179,0.107486,0.059988,0.386318,-0.846281,-0.162432,-0.507414,0.185026,-0.982702,0.005884,-0.49854,-0.08871,0.862331,-0.012377,-0.001829,-0.000444,-0.275339,-0.341447,-0.257338,-1.887318,-0.079241,0.059957,0.333858,0.745924,-0.273678,0.607198,-0.046952,0.88769,0.45797,-0.665262,-0.369778,0.648502,0.010293,0.005406,0.018319,-0.011289,-0.155526,0.218632,0.345205,0.054461,0.051823,-0.013369,-0.69139,0.151738,0.706367,0.222057,-0.885741,0.407618,0.68751,0.438677,0.578698,0.01121,0.004243,0.009518,0.010036,-0.182646,0.239423,0.308005,0.090532,0.052908,-0.046651,-0.854596,-0.009525,-0.519203,0.010451,-0.999944,0.001143,-0.519186,-0.00445,0.854649,-0.000348,-0.001381,-0.000658,-0.319386,-0.533335,-0.06364,-0.799979
2180,0.107258,0.059918,0.386252,-0.843632,-0.164805,-0.511048,0.188186,-0.982101,0.005954,-0.501833,-0.090951,0.860185,-0.000924,-0.003632,-0.001731,-0.074211,-0.101235,-0.05544,-1.88367,-0.078618,0.060216,0.334543,0.750103,-0.275412,0.601236,-0.042778,0.886932,0.459843,-0.66083,-0.370305,0.652719,0.010834,0.003637,0.016968,-0.030896,-0.027775,0.031158,0.338203,0.054778,0.051966,-0.013012,-0.696788,0.153123,0.700742,0.217708,-0.885711,0.410021,0.683439,0.438255,0.583817,0.005422,0.001781,0.008448,-0.03451,-0.022318,0.036118,0.281715,0.090413,0.052873,-0.046684,-0.851336,-0.013351,-0.524449,0.013792,-0.999899,0.003066,-0.524438,-0.004623,0.851435,-0.000466,-0.00184,-0.000876,-0.073572,-0.099767,-0.053939,-0.796714
2181,0.107101,0.059859,0.386239,-0.842495,-0.16822,-0.511809,0.192715,-0.981227,0.005174,-0.502023,-0.094073,0.859738,-0.001074,-0.004214,-0.00201,-0.0016,0.012667,-0.025914,-1.880443,-0.078199,0.060178,0.334972,0.751506,-0.273639,0.600293,-0.043061,0.887525,0.458671,-0.659215,-0.370201,0.654407,0.013742,-0.008801,0.023591,-0.023348,0.030733,-0.201076,0.344754,0.054982,0.051951,-0.012806,-0.698141,0.151265,0.699797,0.217706,-0.886291,0.408766,0.682057,0.437727,0.585825,0.012862,-0.002686,0.012272,0.003692,-0.102125,-0.012895,0.279919,0.090335,0.052845,-0.04669,-0.850789,-0.016949,-0.525232,0.018448,-0.999826,0.002382,-0.525182,-0.007663,0.850954,-0.000524,-0.002059,-0.000978,0.007099,0.024693,-0.019012,-0.796224
2182,0.10663,0.05969,0.386184,-0.838456,-0.171473,-0.517334,0.195976,-0.980567,0.007289,-0.507487,-0.095068,0.856414,-0.013517,-0.00616,-0.002522,-0.006901,-0.081162,0.111802,-1.875688,-0.077397,0.059981,0.335821,0.752966,-0.266126,0.60184,-0.050905,0.88817,0.456616,-0.656985,-0.37412,0.654423,0.026029,-0.006242,0.023916,0.009077,-0.108402,-0.017952,0.345063,0.055389,0.051847,-0.012374,-0.69831,0.143533,0.701255,0.225322,-0.885805,0.405682,0.679405,0.4413,0.586226,0.013015,-0.003157,0.011918,0.002134,-0.102354,-0.011723,0.283838,0.090106,0.052769,-0.046714,-0.847228,-0.020991,-0.530813,0.021796,-0.99975,0.004747,-0.530781,-0.007548,0.847474,-0.006751,-0.003057,-0.001244,0.013015,-0.054222,0.125271,-0.79753
2183,0.106267,0.059323,0.385956,-0.8269,-0.179747,-0.532891,0.209173,-0.977851,0.005157,-0.520986,-0.106986,0.84685,-0.014719,-0.010724,-0.004734,2.278635,-2.40293,-0.446991,-1.875833,-0.07675,0.059798,0.336744,0.76403,-0.237865,0.599725,-0.082739,0.885643,0.456864,-0.64076,-0.39838,0.656188,0.013001,-0.00655,0.025232,-0.029005,-0.060643,-0.020653,0.34711,0.055709,0.051754,-0.011925,-0.70578,0.11397,0.699202,0.256307,-0.879034,0.402,0.660439,0.462934,0.591193,0.006357,-0.002873,0.012899,-0.042716,-0.065506,0.011397,0.284328,0.089925,0.052587,-0.046827,-0.83928,-0.029715,-0.542885,0.033339,-0.999438,0.003164,-0.542674,-0.015443,0.8398,-0.001298,-0.001543,-0.007663,2.963116,-0.134412,-4.53162,-0.799653
2184,0.106136,0.05909,0.385784,-0.824033,-0.181141,-0.536845,0.211745,-0.977299,0.004639,-0.524474,-0.109633,0.844354,-0.004048,-0.015689,-0.007561,-0.043177,-0.236928,0.257872,-1.876474,-0.076531,0.059772,0.337181,0.769345,-0.230404,0.595831,-0.086918,0.886155,0.455092,-0.633806,-0.401622,0.660949,0.012686,-0.00561,0.02591,0.030255,-0.128633,-0.03864,0.349612,0.055818,0.05174,-0.011707,-0.710546,0.105981,0.695623,0.260218,-0.87893,0.399709,0.653766,0.465026,0.596942,0.005139,0.002554,0.008974,0.062856,-0.111597,-0.044574,0.286124,0.089856,0.052474,-0.046911,-0.83432,-0.033203,-0.550277,0.038054,-0.999271,0.002597,-0.549963,-0.018773,0.834977,-0.001493,-0.00228,-0.007996,0.011162,-0.137331,0.140816,-0.798347
2185,0.105932,0.058621,0.385331,-0.815524,-0.188,-0.547376,0.221769,-0.975075,0.004391,-0.533544,-0.117583,0.837575,-0.003096,-0.00493,-0.016238,0.037569,-0.240472,0.277123,-1.876522,-0.076205,0.059958,0.338138,0.776603,-0.227142,0.58761,-0.083951,0.886992,0.454016,-0.625294,-0.401637,0.668998,-0.004311,0.009572,0.022694,0.212921,-0.269262,-0.132586,0.355528,0.055986,0.05182,-0.011244,-0.717753,0.103336,0.688586,0.257422,-0.87948,0.400308,0.646965,0.46458,0.604649,0.003889,0.006288,0.011668,0.470448,-0.58116,-0.12647,0.290696,0.089753,0.052235,-0.047135,-0.827082,-0.041547,-0.560542,0.048375,-0.998825,0.002654,-0.559994,-0.024921,0.82812,-0.00161,-0.002724,-0.008238,0.303094,-0.118834,-0.26676,-0.800143
2186,0.105824,0.058283,0.384802,-0.809462,-0.189684,-0.55573,0.226656,-0.973958,0.002198,-0.540667,-0.123952,0.83207,-0.003075,-0.004828,-0.016233,0.026665,-0.206237,0.300414,-1.877401,-0.076284,0.060241,0.339065,0.778774,-0.228226,0.584308,-0.083157,0.885572,0.456926,-0.622694,-0.404145,0.669912,-0.003936,0.008448,0.021776,-0.030393,-0.028687,0.025706,0.377476,0.055947,0.051972,-0.010762,-0.720905,0.103101,0.685321,0.256726,-0.878792,0.402262,0.643729,0.465933,0.607057,-0.008037,0.002747,0.010577,-0.034712,-0.007618,-0.002855,0.310944,0.089696,0.052056,-0.047409,-0.8212,-0.043839,-0.568953,0.053207,-0.998583,0.000147,-0.568154,-0.030151,0.822369,-0.001512,-0.002352,-0.008083,0.049321,-0.173242,0.317963,-0.800143
2187,0.105897,0.058164,0.384144,-0.799155,-0.199417,-0.567124,0.23926,-0.970932,0.004164,-0.550476,-0.132122,0.824347,0.008882,-0.005084,-0.016789,0.124134,-0.417631,-0.382331,-1.876529,-0.076704,0.060514,0.339905,0.785102,-0.231422,0.5745,-0.079154,0.882357,0.463804,-0.615221,-0.409317,0.673665,-0.015991,0.005472,0.021027,-0.033765,-0.018262,0.000971,0.397039,0.055742,0.05211,-0.010341,-0.728844,0.105779,0.676459,0.253171,-0.876333,0.40981,0.636153,0.469947,0.61193,-0.008076,0.002935,0.010661,-0.034448,-0.022509,0.005375,0.335111,0.089728,0.051997,-0.047732,-0.813245,-0.054372,-0.579375,0.065597,-0.997844,0.001568,-0.578212,-0.036731,0.815059,-0.00132,-0.001634,-0.007748,0.682625,-0.546821,-1.489127,-0.808797
2188,0.105954,0.05815,0.383769,-0.795657,-0.197279,-0.572763,0.23716,-0.971443,0.005054,-0.556414,-0.131577,0.820438,-0.002558,-0.002839,-0.015304,-0.056136,-0.245957,0.083743,-1.875948,-0.076919,0.060694,0.340307,0.788433,-0.23329,0.569158,-0.076664,0.880687,0.467383,-0.611263,-0.411841,0.675727,-0.018475,0.01656,0.013274,-0.150336,-0.621083,0.564936,0.407209,0.055636,0.052193,-0.010146,-0.731125,0.106612,0.673861,0.252081,-0.875604,0.412033,0.633964,0.471116,0.613301,-0.008036,0.002847,0.010573,-0.028517,-0.025869,0.017523,0.347358,0.089761,0.05199,-0.04792,-0.808658,-0.053796,-0.585813,0.063978,-0.997945,0.003327,-0.584789,-0.034789,0.810438,0.004396,-0.002765,-0.008508,-0.053256,-0.243435,0.089047,-0.812389
2189,0.106052,0.058249,0.383051,-0.784591,-0.203802,-0.585599,0.245106,-0.969441,0.008903,-0.568543,-0.136303,0.8113,-0.002103,-0.001085,-0.014455,-0.218408,-0.502581,-0.060033,-1.876211,-0.077352,0.060985,0.341016,0.791308,-0.232173,0.565614,-0.075705,0.880652,0.467606,-0.607656,-0.412549,0.678544,-0.017717,0.014399,0.011639,0.20195,-0.201848,-0.130103,0.427674,0.055417,0.052346,-0.009781,-0.735826,0.106729,0.668706,0.250088,-0.874858,0.414822,0.629297,0.472473,0.617052,-0.001562,0.003016,0.009916,0.308899,-0.327126,-0.211346,0.374464,0.089809,0.052038,-0.048285,-0.799239,-0.061513,-0.597856,0.071945,-0.997387,0.006442,-0.59669,-0.037864,0.801577,-0.001031,-0.000511,-0.007213,-0.279294,-0.591219,-0.104243,-0.814186
2190,0.106072,0.058422,0.382319,-0.774787,-0.208705,-0.596819,0.252594,-0.967502,0.010326,-0.578615,-0.1425,0.803072,-0.001012,0.010186,-0.02279,-0.229153,-0.601199,-0.090754,-1.876671,-0.077767,0.061188,0.341695,0.795457,-0.231648,0.559981,-0.073891,0.879966,0.469185,-0.602437,-0.414303,0.682119,-0.014774,0.002076,0.018397,0.242425,-0.269331,-0.208262,0.437531,0.055209,0.05245,-0.009445,-0.740386,0.106394,0.663707,0.248416,-0.87418,0.41725,0.624593,0.473802,0.620801,-0.002644,0.008071,0.005677,0.507595,-0.465915,-0.299994,0.395692,0.08982,0.052125,-0.048651,-0.790616,-0.067761,-0.608549,0.079614,-0.996796,0.007559,-0.607113,-0.042473,0.793479,-0.000491,0.005105,-0.011388,-0.331017,-0.752852,-0.167206,-0.806674
2191,0.106099,0.058474,0.381956,-0.769782,-0.2107,-0.602566,0.256041,-0.966591,0.010807,-0.583754,-0.145708,0.798766,-0.001115,0.00979,-0.02299,-0.287453,-0.804952,0.021965,-1.877316,-0.077854,0.061309,0.342027,0.795807,-0.231872,0.559391,-0.073775,0.879656,0.469783,-0.601988,-0.414835,0.682192,-0.002677,0.004818,0.01886,-0.028483,-0.016751,-0.001396,0.437685,0.055161,0.05251,-0.009278,-0.741356,0.105041,0.662839,0.248254,-0.874691,0.416274,0.623506,0.47316,0.622381,-0.00155,0.003026,0.009869,-0.044509,-0.017563,0.0325,0.399937,0.089833,0.052148,-0.048823,-0.786683,-0.070353,-0.613335,0.083279,-0.996498,0.007489,-0.611714,-0.045186,0.789787,-0.001082,-0.00071,-0.007321,-0.049445,-0.24293,0.084653,-0.805205
2192,0.106014,0.058496,0.38134,-0.763111,-0.213837,-0.609903,0.263196,-0.964687,0.008829,-0.589304,-0.153528,0.793207,-0.002077,-0.000976,-0.014442,0.33116,-0.123078,-0.240259,-1.876967,-0.077914,0.061522,0.342853,0.796071,-0.231661,0.559102,-0.074693,0.879044,0.470784,-0.601525,-0.416247,0.68174,-0.000749,-0.004515,0.027737,-0.084887,0.08603,-0.159908,0.438526,0.055131,0.052617,-0.00887,-0.741633,0.10504,0.662529,0.249121,-0.873899,0.417417,0.62283,0.474621,0.621945,-0.001655,0.003351,0.010056,-0.030781,-0.027871,0.026321,0.403693,0.089791,0.052162,-0.04914,-0.778851,-0.075483,-0.622649,0.090536,-0.995865,0.007479,-0.62064,-0.050547,0.782464,-0.001031,-0.000498,-0.007224,0.362925,-0.077568,-0.220124,-0.811573
2193,0.105827,0.058292,0.380832,-0.75605,-0.21391,-0.618608,0.264983,-0.964192,0.009469,-0.597542,-0.156503,0.786433,-0.003538,-0.013642,-0.006878,-0.061118,-0.191958,0.086582,-1.87826,-0.07799,0.061699,0.343747,0.800219,-0.231086,0.55339,-0.073246,0.878084,0.472797,-0.596172,-0.418585,0.685002,0.008094,0.011497,0.021949,-0.020801,-0.050736,0.04949,0.436668,0.055092,0.052695,-0.008431,-0.746339,0.103793,0.657422,0.247915,-0.873329,0.419326,0.617669,0.475944,0.626067,-0.000722,-0.001227,0.01455,-0.078477,-0.014412,0.007109,0.403856,0.0897,0.052069,-0.049385,-0.77214,-0.077024,-0.630765,0.092731,-0.995658,0.008067,-0.628648,-0.052262,0.77593,-0.0072,-0.001005,-0.007308,-0.058701,-0.230706,0.02091,-0.804062
2194,0.105544,0.057985,0.380367,-0.750763,-0.214581,-0.624784,0.267584,-0.963475,0.009279,-0.603021,-0.159957,0.781541,-0.014386,-0.001775,-0.014543,0.015928,-0.123165,0.113754,-1.877971,-0.077818,0.062036,0.3446,0.801229,-0.231946,0.551565,-0.072647,0.877159,0.474605,-0.594887,-0.420046,0.685226,0.008234,0.010972,0.021504,-0.028513,-0.043535,0.055204,0.434029,0.055178,0.052874,-0.007985,-0.747635,0.104767,0.655793,0.247472,-0.872406,0.421502,0.616278,0.477421,0.626314,0.004102,0.005487,0.010751,-0.028885,-0.042951,0.055617,0.400591,0.089561,0.051909,-0.04962,-0.766675,-0.078471,-0.63722,0.095231,-0.995422,0.008004,-0.634932,-0.054547,0.770639,-0.002043,-0.007882,-0.003992,-0.001158,-0.077864,0.117298,-0.794101
2195,0.105355,0.057759,0.380162,-0.748796,-0.213209,-0.627609,0.266313,-0.963824,0.009606,-0.606021,-0.15969,0.779272,-0.015977,-0.01486,-0.007203,-0.007994,-0.071774,0.083728,-1.877324,-0.07766,0.062265,0.344983,0.801458,-0.232123,0.551159,-0.072672,0.876849,0.475173,-0.594576,-0.420593,0.68516,0.008758,0.009307,0.020325,-0.046803,0.066575,-0.109382,0.43227,0.055253,0.052988,-0.0078,-0.747984,0.104978,0.655362,0.247443,-0.872119,0.422112,0.615866,0.477898,0.626355,0.004415,0.004503,0.010057,-0.031085,-0.027421,0.031516,0.399121,0.089468,0.051804,-0.049724,-0.764439,-0.077417,-0.640029,0.093896,-0.995547,0.008273,-0.637821,-0.053772,0.768304,-0.002161,-0.00831,-0.004222,0.013198,-0.053599,0.130883,-0.794918
2196,0.104916,0.057246,0.379803,-0.748492,-0.210447,-0.628901,0.264548,-0.964327,0.007751,-0.607166,-0.160319,0.77825,-0.015671,-0.01351,-0.00657,-0.001415,0.029178,-0.054477,-1.875472,-0.077308,0.062514,0.345654,0.794731,-0.252697,0.55185,-0.052963,0.87675,0.477952,-0.605598,-0.408754,0.682668,0.010897,0.002686,0.015769,-0.061999,0.094003,-0.124166,0.431559,0.055426,0.053122,-0.007458,-0.743902,0.126501,0.656205,0.2284,-0.874667,0.427539,0.628046,0.467925,0.621774,0.005496,0.001174,0.007763,-0.020479,-0.033021,0.027971,0.397978,0.089248,0.051542,-0.049906,-0.76384,-0.074456,-0.641095,0.091989,-0.995741,0.006044,-0.638816,-0.054357,0.767436,-0.002186,-0.008363,-0.004279,0.002219,-0.069972,0.123226,-0.796877
2197,0.104362,0.05668,0.379557,-0.748452,-0.210402,-0.628964,0.264467,-0.964348,0.007802,-0.607251,-0.160247,0.778199,-0.015508,-0.012696,-0.006201,0.001538,-0.070644,0.117529,-1.87517,-0.076959,0.062613,0.346136,0.795138,-0.253001,0.551124,-0.053044,0.876192,0.478966,-0.605056,-0.40976,0.682544,0.009574,0.010093,0.005499,0.004682,-0.031104,0.053133,0.421484,0.055601,0.053167,-0.007214,-0.744433,0.126483,0.655606,0.228613,-0.874261,0.428254,0.627339,0.468687,0.621914,0.000298,-0.00264,0.005842,-0.035345,0.002818,-0.022368,0.391283,0.08897,0.051258,-0.050031,-0.763835,-0.074529,-0.641093,0.091977,-0.995741,0.006171,-0.638823,-0.054253,0.767437,-0.007844,-0.00671,-0.003278,-0.00215,0.043677,-0.079007,-0.798347
2198,0.10407,0.056442,0.37943,-0.748485,-0.211173,-0.628667,0.265021,-0.964193,0.008262,-0.60697,-0.160171,0.778434,-0.01534,-0.011968,-0.005848,-0.00141,0.029179,-0.054477,-1.872899,-0.076851,0.062668,0.346285,0.795241,-0.253082,0.550938,-0.053075,0.876039,0.479242,-0.604917,-0.410036,0.682502,0.009917,0.009036,0.004777,0.004683,-0.031099,0.053137,0.415767,0.055656,0.053192,-0.007141,-0.744572,0.126547,0.655436,0.228661,-0.874116,0.428525,0.627156,0.468942,0.621906,0.000496,-0.003237,0.005437,-0.054086,0.112948,-0.186914,0.385731,0.088818,0.051133,-0.050097,-0.763982,-0.075185,-0.640841,0.092467,-0.995693,0.006582,-0.638577,-0.054228,0.767644,-0.007658,-0.005948,-0.002894,-0.001695,0.029182,-0.054175,-0.798347
2199,0.103504,0.055969,0.379187,-0.748538,-0.212505,-0.628154,0.265967,-0.963925,0.009074,-0.60649,-0.160019,0.778839,-0.01433,-0.000951,-0.014303,0.033054,0.010738,-0.038854,-1.872293,-0.076774,0.06289,0.346476,0.795281,-0.253147,0.55085,-0.053073,0.875961,0.479385,-0.604865,-0.410163,0.682472,-0.001965,0.005963,0.004031,-0.0,0.0,0.0,0.406721,0.0557,0.0533,-0.007048,-0.744656,0.126624,0.655325,0.228642,-0.874038,0.428694,0.627063,0.469066,0.621906,-0.001156,0.003501,0.002364,0.002529,-0.015953,0.023767,0.372831,0.088541,0.050899,-0.050212,-0.764273,-0.07645,-0.640344,0.093381,-0.995602,0.00741,-0.638095,-0.054133,0.768051,-0.007748,-0.006205,-0.003051,-0.002018,0.043662,-0.079187,-0.800143
2200,0.103166,0.055584,0.378876,-0.748509,-0.213028,-0.628012,0.266511,-0.963774,0.00919,-0.606288,-0.160236,0.778952,-0.002404,-0.001927,-0.015179,0.034034,-0.003994,-0.009309,-1.872008,-0.076818,0.063267,0.346677,0.795336,-0.253291,0.550704,-0.052844,0.875958,0.479416,-0.604812,-0.410081,0.682568,-0.003041,0.009223,0.006215,0.002641,-0.015892,0.023892,0.402718,0.05568,0.053482,-0.006952,-0.744738,0.12675,0.655209,0.228441,-0.874067,0.428743,0.62704,0.468978,0.621996,-0.00155,0.004695,0.003164,0.002557,-0.015914,0.023803,0.364993,0.088368,0.050706,-0.050367,-0.764343,-0.076986,-0.640196,0.093949,-0.995547,0.00755,-0.637927,-0.054375,0.768173,-0.001744,-0.006529,-0.003407,0.001932,-0.070914,0.12229,-0.803082
