frame,MLTx,MLTy,MLTz,MLTR1,MLTR2,MLTR3,MLTR4,MLTR5,MLTR6,MLTR7,MLTR8,MLTR9,MLTTVx,MLTTVy,MLTTVz,MLTRVx,MLTRVy,MLTRVz,MLGA,MRTx,MRTy,MRTz,MRTR1,MRTR2,MRTR3,MRTR4,MRTR5,MRTR6,MRTR7,MRTR8,MRTR9,MRTTVx,MRTTVy,MRTTVz,MRTRVx,MRTRVy,MRTRVz,MRGA,SLTx,SLTy,SLTz,SLTR1,SLTR2,SLTR3,SLTR4,SLTR5,SLTR6,SLTR7,SLTR8,SLTR9,SLTTVx,SLTTVy,SLTTVz,SLTRVx,SLTRVy,SLTRVz,SLGA,SRTx,SRTy,SRTz,SRTR1,SRTR2,SRTR3,SRTR4,SRTR5,SRTR6,SRTR7,SRTR8,SRTR9,SRTTVx,SRTTVy,SRTTVz,SRTRVx,SRTRVy,SRTRVz,SRGA
90,0.097001,0.040799,0.42627,-0.211966,0.825555,-0.523043,-0.967479,-0.252798,-0.007034,-0.137775,0.503515,0.852946,0.000304,0.0082,-0.010466,-0.020118,-0.13692,-0.030705,0.147378,-0.138364,0.02833,0.353325,0.62344,0.648879,0.4362,-0.747303,0.658469,0.088827,-0.230355,-0.382173,0.894843,-0.018736,0.046016,-0.046297,-0.127655,0.214347,0.433702,0.090779,0.024357,0.03216,-0.005668,-0.573521,-0.69354,0.435975,0.77512,-0.631638,0.014867,0.265068,0.34646,0.899835,-0.009348,0.023059,-0.023113,-0.111665,0.202741,0.426215,-0.040947,0.085989,0.045155,-0.028528,-0.28105,0.829762,-0.482188,-0.932175,-0.355485,-0.068396,-0.228163,0.430261,0.873393,7.8e-05,0.003827,-0.005343,-0.043243,-0.17338,-0.076023,-0.071377
91,0.097105,0.040848,0.42591,-0.212329,0.823884,-0.525525,-0.967343,-0.253332,-0.00642,-0.138165,0.505975,0.851426,-0.001425,0.002059,-0.012954,0.033409,-0.005919,-0.010201,0.153243,-0.139017,0.029575,0.35163,0.629742,0.63505,0.447356,-0.739293,0.666657,0.094597,-0.238935,-0.391103,0.888714,-0.01512,0.016133,-0.035151,-0.261189,0.294564,0.407404,0.098343,0.024035,0.032787,-0.006496,-0.579304,-0.681541,0.44711,0.767933,-0.640247,0.019037,0.273286,0.354378,0.894276,-0.00822,0.013619,-0.021645,-0.222539,0.266949,0.462856,0.132794,0.086044,0.045188,-0.028704,-0.28113,0.828225,-0.484777,-0.932,-0.356054,-0.067825,-0.228781,0.432745,0.872003,0.004978,-0.000188,-0.007278,0.039605,-0.00961,0.023395,-0.004591
92,0.097369,0.040794,0.425227,-0.211971,0.822115,-0.528432,-0.967254,-0.253666,-0.006746,-0.139335,0.508675,0.849625,0.008987,0.003292,-0.026862,0.069532,-0.036824,0.036043,0.141001,-0.139536,0.030185,0.350205,0.634274,0.629948,0.448167,-0.734906,0.671152,0.096961,-0.24049,-0.391657,0.88805,-0.014939,0.014398,-0.036353,0.094605,0.02935,-0.014078,0.082476,0.023777,0.033088,-0.007211,-0.584471,-0.675585,0.449419,0.763586,-0.645296,0.02301,0.274463,0.356619,0.893024,-0.00745,0.007246,-0.018134,0.129697,-0.003245,-0.032816,0.129202,0.086172,0.045163,-0.029039,-0.280489,0.826722,-0.487703,-0.931857,-0.356364,-0.068153,-0.230144,0.435354,0.870344,0.003987,-0.003754,-0.008736,0.035956,-0.003269,-0.004801,-0.004101
93,0.097553,0.040737,0.424756,-0.211522,0.821952,-0.528866,-0.967184,-0.253898,-0.007873,-0.140493,0.508823,0.849346,0.008078,7e-06,-0.028214,0.068296,-0.025428,0.009604,0.132308,-0.139788,0.030312,0.349614,0.635705,0.628682,0.447919,-0.734146,0.671606,0.099545,-0.239027,-0.392914,0.88789,-0.013577,0.003248,-0.028278,0.037707,0.028653,-0.019686,0.065577,0.02365,0.033154,-0.007511,-0.58597,-0.674416,0.449222,0.762992,-0.645902,0.025562,0.272914,0.357731,0.893053,-0.006776,0.001719,-0.014062,0.023764,0.06701,-0.18468,0.110586,0.086267,0.045136,-0.029285,-0.279969,0.826663,-0.488103,-0.931712,-0.356508,-0.069374,-0.231362,0.435349,0.870024,0.003966,-0.000302,-0.014235,0.068593,-0.024682,0.010048,-0.00998
94,0.098017,0.0407,0.423527,-0.210835,0.819967,-0.53221,-0.966956,-0.25471,-0.009467,-0.143068,0.511608,0.84724,0.007934,0.006522,-0.039376,0.103146,-0.042215,0.026071,0.09357,-0.140322,0.03024,0.348636,0.635596,0.630362,0.445705,-0.735056,0.670517,0.100167,-0.236496,-0.392081,0.888935,-0.012286,-0.007523,-0.019991,-0.006783,-0.035829,-0.008164,0.050523,0.023388,0.033118,-0.007994,-0.585771,-0.676167,0.446843,0.76393,-0.644784,0.02575,0.270707,0.356441,0.894241,-0.006052,-0.004466,-0.010478,-0.452358,-0.673878,0.256885,0.062742,0.086495,0.045112,-0.029886,-0.27896,0.824956,-0.491556,-0.931344,-0.357173,-0.070886,-0.234049,0.438033,0.867956,0.009274,-0.002993,-0.015659,0.072743,-0.032757,0.04193,-0.041658
95,0.098402,0.040818,0.422075,-0.210148,0.817877,-0.535687,-0.96661,-0.255931,-0.011651,-0.146374,0.514334,0.845022,0.007793,0.005917,-0.039643,0.079798,-0.093697,0.005183,0.046564,-0.140731,0.029926,0.347871,0.636427,0.631609,0.442744,-0.735472,0.669789,0.101965,-0.232928,-0.391319,0.890212,-0.010984,-0.018549,-0.011901,-0.007053,0.043798,-0.077496,0.046425,0.023179,0.032966,-0.008391,-0.586821,-0.677338,0.443683,0.764405,-0.644143,0.027646,0.26707,0.355376,0.895757,-0.006179,-0.003456,-0.009805,0.031294,0.038453,-0.05985,0.037106,0.086687,0.045166,-0.030614,-0.277911,0.823078,-0.495285,-0.930782,-0.358209,-0.073007,-0.237506,0.440713,0.865656,0.003891,0.002864,-0.019866,0.086858,-0.079466,0.009877,-0.105831
96,0.098564,0.040944,0.421285,-0.20962,0.817579,-0.536349,-0.966395,-0.256646,-0.01362,-0.148534,0.514452,0.844573,0.008019,0.00669,-0.039325,0.103073,-0.042325,0.026039,0.038428,-0.14092,0.029765,0.347513,0.635573,0.632018,0.443387,-0.73597,0.669374,0.101089,-0.233686,-0.391369,0.889991,-0.012458,-0.006373,-0.01928,0.032428,0.02197,-0.034388,0.034317,0.023084,0.032879,-0.008568,-0.585845,-0.677761,0.444324,0.764876,-0.643621,0.026732,0.267859,0.355514,0.895466,-0.006158,-0.003754,-0.010033,0.030797,0.03801,-0.059867,0.022736,0.086764,0.045224,-0.030995,-0.277348,0.82298,-0.495763,-0.930414,-0.358748,-0.075023,-0.239597,0.440457,0.86521,0.004077,0.003503,-0.0196,0.107821,-0.032307,0.029795,-0.126243
97,0.098895,0.041325,0.419739,-0.212164,0.816293,-0.537306,-0.965991,-0.258283,-0.011052,-0.147543,0.515673,0.844002,0.008561,0.00858,-0.038523,0.101771,-0.040907,0.025285,0.033302,-0.141307,0.029589,0.346826,0.637177,0.631524,0.441785,-0.735786,0.668938,0.105234,-0.229856,-0.392911,0.890309,-0.000158,-0.000623,-0.016411,-0.19628,0.237011,0.156195,0.031239,0.022887,0.032784,-0.008916,-0.587245,-0.678058,0.442018,0.765097,-0.643225,0.029764,0.264136,0.355666,0.896511,-0.006448,-0.00105,-0.008144,-0.371842,0.417714,0.219418,-0.006656,0.086931,0.045414,-0.031784,-0.279702,0.821506,-0.496883,-0.929929,-0.360507,-0.072564,-0.238742,0.44177,0.864778,0.004397,0.004621,-0.019127,0.108182,-0.035593,0.02921,-0.146654
98,0.099205,0.041816,0.418139,-0.218073,0.813793,-0.53873,-0.965252,-0.261235,-0.00399,-0.143718,0.518128,0.843158,0.008653,0.008854,-0.038391,0.030253,-0.203276,-0.041517,0.028172,-0.141815,0.029637,0.346126,0.639021,0.630898,0.440013,-0.735303,0.668846,0.109124,-0.226243,-0.394074,0.89072,-0.012935,-0.002105,-0.01633,-0.087817,0.142205,0.050151,0.058405,0.022637,0.032814,-0.009262,-0.589406,-0.676822,0.441034,0.764733,-0.643417,0.0346,0.26035,0.357667,0.896823,-0.013501,0.003716,-0.012175,-0.108578,0.218424,0.046152,-0.008779,0.08709,0.045664,-0.032598,-0.28514,0.818567,-0.498639,-0.929154,-0.363779,-0.065855,-0.235302,0.444535,0.864303,0.004356,0.004446,-0.019191,0.023813,-0.228236,-0.047499,-0.153349
99,0.099351,0.042118,0.417281,-0.219249,0.811827,-0.541213,-0.96471,-0.263228,-0.004135,-0.145554,0.520197,0.841568,0.009449,0.018859,-0.047972,-0.002812,-0.369638,-0.088806,0.023282,-0.142152,0.029737,0.345687,0.638836,0.629607,0.442124,-0.735157,0.66886,0.110015,-0.227242,-0.396109,0.889563,-0.014158,0.007856,-0.025238,0.002493,0.09311,0.005863,0.08287,0.022469,0.032864,-0.009476,-0.589245,-0.675313,0.443557,0.764593,-0.643507,0.03599,0.261128,0.360347,0.895523,-0.013505,0.003741,-0.012163,0.010745,0.087293,0.000144,0.005591,0.087159,0.045808,-0.033009,-0.285858,0.817263,-0.500365,-0.928409,-0.365533,-0.066638,-0.237361,0.445495,0.863245,-0.000916,0.010829,-0.023117,-0.107404,-0.490639,-0.351234,-0.158737
100,0.099695,0.042699,0.415521,-0.223832,0.805103,-0.54932,-0.963598,-0.267299,0.000779,-0.145935,0.528497,0.836314,0.009431,0.018741,-0.047973,-0.12545,-0.653085,-0.181122,0.018471,-0.142995,0.030038,0.344618,0.639137,0.623914,0.449695,-0.734191,0.668983,0.11558,-0.229515,-0.404823,0.885044,-0.028029,0.015081,-0.034941,-0.02107,0.144805,0.063218,0.145348,0.022052,0.033014,-0.010005,-0.589314,-0.669967,0.451501,0.763977,-0.643893,0.041715,0.262771,0.36952,0.891294,-0.006873,0.001868,-0.014092,-0.055002,0.153807,0.053864,0.057191,0.087335,0.046105,-0.033907,-0.289196,0.810908,-0.508716,-0.927056,-0.369706,-0.062307,-0.238601,0.45359,0.858675,0.004725,0.009292,-0.024027,-0.096604,-0.596628,-0.159716,-0.169351
101,0.100023,0.043217,0.413736,-0.227895,0.796165,-0.560564,-0.962304,-0.271877,0.004981,-0.148163,0.539577,0.828813,0.007835,0.005702,-0.039718,-0.057774,-0.295811,-0.301134,0.04547,-0.14404,0.030263,0.34321,0.640379,0.614844,0.460296,-0.732319,0.669343,0.124995,-0.232034,-0.417905,0.878282,-0.025917,-0.005152,-0.033528,-0.333648,0.458698,0.192135,0.242153,0.021538,0.033141,-0.010687,-0.589958,-0.662788,0.461152,0.762839,-0.644705,0.049311,0.264624,0.380876,0.885949,-0.013615,0.003307,-0.020524,0.046846,0.095625,0.003177,0.14896,0.087498,0.04636,-0.034765,-0.291822,0.801731,-0.521599,-0.925498,-0.374345,-0.0576,-0.241438,0.465931,0.851243,0.004239,0.007483,-0.024793,-0.118379,-0.61489,-0.194546,-0.16135
102,0.100287,0.043486,0.411999,-0.236038,0.783565,-0.574767,-0.959244,-0.28239,0.008862,-0.155078,0.552459,0.819004,0.006302,-2.1e-05,-0.042261,-0.120599,-0.416817,-0.388038,0.078019,-0.145229,0.030298,0.341397,0.640864,0.607367,0.469456,-0.730858,0.669686,0.131535,-0.235289,-0.428169,0.872452,-0.040647,0.0072,-0.055766,-0.006056,0.104888,0.194555,0.313516,0.020948,0.03316,-0.011581,-0.59055,-0.654492,0.472112,0.761587,-0.645477,0.057816,0.266897,0.393698,0.87964,-0.013167,-0.002129,-0.024556,-0.100925,0.267973,0.04999,0.257385,0.087631,0.046508,-0.035648,-0.297851,0.789448,-0.536709,-0.921424,-0.384713,-0.054526,-0.249524,0.478296,0.842003,0.003212,0.000105,-0.021086,-0.217218,-0.710248,-0.295863,-0.119384
103,0.100432,0.043509,0.41109,-0.25078,0.773285,-0.582397,-0.953307,-0.301801,0.009682,-0.167977,0.556669,0.813591,0.005952,-0.001378,-0.042903,3.040564,-0.693651,-4.767518,0.092536,-0.145805,0.030238,0.340387,0.641357,0.60272,0.474743,-0.729894,0.669876,0.135842,-0.236936,-0.434397,0.868921,-0.026161,-0.007766,-0.051887,-0.284455,0.452285,0.181219,0.31963,0.020645,0.033135,-0.012105,-0.590661,-0.651165,0.476553,0.760973,-0.64595,0.060553,0.2684,0.39841,0.877057,-0.020054,0.000437,-0.030242,-0.239903,0.361499,0.355418,0.286287,0.087701,0.04652,-0.036087,-0.306712,0.780671,-0.544499,-0.915756,-0.397982,-0.054765,-0.259455,0.481832,0.836971,0.003182,0.003524,-0.026547,0.098572,-0.121793,-0.025234,-0.099463
104,0.100742,0.04325,0.409338,-0.264657,0.757324,-0.597044,-0.944403,-0.328743,0.00155,-0.194779,0.563318,0.80297,0.003999,-0.008759,-0.046342,0.019736,-0.197596,-0.105411,0.099073,-0.146915,0.03014,0.337784,0.643312,0.595132,0.48162,-0.72756,0.670924,0.143007,-0.238816,-0.443158,0.863968,-0.026774,-0.006371,-0.067529,-0.162121,0.370335,0.114547,0.310017,0.02009,0.033085,-0.013401,-0.592683,-0.643471,0.484428,0.759003,-0.647465,0.068581,0.26952,0.40833,0.872138,-0.01392,0.001706,-0.038219,-0.233959,0.37194,0.374238,0.295758,0.08786,0.046396,-0.036976,-0.322776,0.760944,-0.562832,-0.901108,-0.428965,-0.063185,-0.289516,0.486777,0.824152,0.002049,-0.004302,-0.023136,0.007559,-0.216431,-0.088698,-0.075296
105,0.100996,0.042649,0.407602,-0.289182,0.734374,-0.614096,-0.928809,-0.370478,-0.005745,-0.231376,0.567802,0.789996,0.002201,-0.022779,-0.03895,3.527798,-0.320046,-4.382271,0.09199,-0.147847,0.030169,0.334773,0.645606,0.588742,0.486382,-0.7247,0.673046,0.147487,-0.241323,-0.448443,0.860538,-0.015012,0.002959,-0.0786,0.00284,0.230974,0.044753,0.274884,0.01962,0.033089,-0.014907,-0.59508,-0.636976,0.49004,0.756393,-0.649953,0.073687,0.271566,0.414512,0.868579,-0.007467,0.00152,-0.039234,-0.02727,0.26187,0.067251,0.266529,0.087988,0.04609,-0.037862,-0.34274,0.737086,-0.582436,-0.881447,-0.466761,-0.072001,-0.324929,0.488709,0.80968,0.001013,-0.011721,-0.019623,3.556737,-0.288508,-4.355642,-0.071867
106,0.101124,0.04224,0.406727,-0.307858,0.721464,-0.620289,-0.917413,-0.39783,-0.00748,-0.251791,0.56586,0.785131,0.01292,-0.028516,-0.042224,3.486598,-0.138351,-4.275455,0.084198,-0.148116,0.030201,0.333254,0.644861,0.58895,0.487117,-0.724416,0.674045,0.144286,-0.244157,-0.446664,0.860663,-0.015035,0.002639,-0.07914,0.166126,0.065416,-0.078025,0.258086,0.019486,0.033106,-0.015642,-0.594454,-0.637009,0.490757,0.755858,-0.650909,0.070681,0.274414,0.41296,0.868424,-0.007493,0.001556,-0.039351,0.193351,0.0262,-0.068292,0.241709,0.088047,0.045898,-0.038283,-0.356917,0.724039,-0.590235,-0.869071,-0.48906,-0.074397,-0.342527,0.486403,0.803795,0.001208,-0.007588,-0.024823,0.179735,-0.128099,0.016954,-0.078562
107,0.101174,0.041265,0.40489,-0.345924,0.688678,-0.637263,-0.894125,-0.447783,0.001362,-0.283995,0.569406,0.77146,-0.010702,-0.018261,-0.051005,0.921988,-0.609604,-1.429272,0.080945,-0.148324,0.030508,0.330278,0.662903,0.564133,0.492245,-0.699277,0.701316,0.138208,-0.268071,-0.436547,0.858736,-0.002729,0.011877,-0.07369,0.232074,0.163514,-0.06283,0.218759,0.019379,0.033233,-0.017143,-0.612771,-0.613645,0.497946,0.73177,-0.678505,0.064357,0.298367,0.403819,0.864816,-0.001338,0.006221,-0.036602,1.00145,0.250656,1.433898,0.187986,0.088085,0.045412,-0.03918,-0.390555,0.69,-0.609398,-0.841044,-0.536603,-0.068563,-0.374313,0.485754,0.789894,-0.005654,-0.013977,-0.020717,-0.32785,-0.892859,-0.523563,-0.088522
108,0.100883,0.040372,0.403132,-0.415565,0.645294,-0.641052,-0.859801,-0.508586,0.045337,-0.296265,0.569213,0.766976,0.000854,-0.028188,-0.042398,3.071754,-0.905411,-4.809806,0.088393,-0.148246,0.031193,0.327629,0.681742,0.529498,0.504828,-0.664818,0.736302,0.125742,-0.305967,-0.422012,0.853319,0.009591,0.021954,-0.067267,2.336092,2.372505,0.340704,0.215495,0.019413,0.033572,-0.0185,-0.632875,-0.581324,0.5114,0.698686,-0.71341,0.053691,0.333626,0.391288,0.857662,0.004829,0.011347,-0.03336,2.963314,0.68522,4.742159,0.1599,0.087929,0.044942,-0.040102,-0.457766,0.637636,-0.619572,-0.799735,-0.599772,-0.02638,-0.388423,0.483418,0.784495,0.000443,-0.014118,-0.021216,3.013705,-1.044344,-4.856281,-0.089992
109,0.100968,0.039676,0.401014,-0.461797,0.609548,-0.644391,-0.841151,-0.531445,0.100011,-0.28093,0.587455,0.758948,0.001474,-0.018909,-0.052534,-0.774867,-0.168442,-1.232998,0.125854,-0.148014,0.031607,0.325445,0.682414,0.520468,0.51324,-0.655307,0.746602,0.114417,-0.324478,-0.415069,0.84988,0.011812,0.003257,-0.048979,0.105656,0.004405,0.013403,0.2221,0.019533,0.033791,-0.019614,-0.632761,-0.571659,0.522319,0.687932,-0.724655,0.040284,0.355472,0.384811,0.851797,0.005926,0.001837,-0.024325,0.099827,-0.004512,0.015082,0.154348,0.087971,0.044601,-0.041141,-0.499567,0.596403,-0.628279,-0.780102,-0.625072,0.026928,-0.37666,0.503575,0.777521,0.001032,-0.004924,-0.031189,-1.997436,0.658238,-2.456818,-0.050476
110,0.100923,0.039487,0.399854,-0.476684,0.590329,-0.651406,-0.833817,-0.538308,0.122252,-0.277902,0.600692,0.749644,-0.009436,-0.006203,-0.060347,-0.414422,-0.840689,-1.119597,0.130724,-0.147912,0.031602,0.32456,0.688563,0.512218,0.513328,-0.645747,0.755111,0.112931,-0.330624,-0.409889,0.850025,-0.00011,-0.007446,-0.039666,2.903886,0.653504,4.663569,0.235247,0.019584,0.033792,-0.020042,-0.636061,-0.567624,0.522712,0.682946,-0.729429,0.038938,0.359179,0.381752,0.851619,0.00651,-0.003201,-0.020052,0.067455,0.01239,-0.005904,0.157941,0.087952,0.044502,-0.041718,-0.512267,0.57734,-0.635814,-0.773133,-0.632371,0.048689,-0.373961,0.516511,0.770304,0.001287,-0.003983,-0.030802,-0.201565,-0.450114,-0.860117,-0.03431
111,0.100482,0.039481,0.397206,-0.498768,0.554677,-0.66604,-0.815939,-0.559672,0.144849,-0.291806,0.615002,0.732563,-0.009337,0.001543,-0.071151,-0.2817,-0.590509,-0.982237,0.173159,-0.147806,0.031431,0.323068,0.687579,0.512585,0.51428,-0.645559,0.755686,0.110123,-0.333035,-0.408365,0.849817,-0.000386,-0.003959,-0.037044,0.066955,0.029499,-0.034041,0.304093,0.019637,0.033707,-0.020787,-0.63818,-0.564094,0.523949,0.67835,-0.733848,0.036167,0.364097,0.378502,0.85098,0.000457,-0.007573,-0.014644,0.029687,0.039293,-0.053449,0.207091,0.087732,0.044499,-0.043037,-0.52952,0.540257,-0.65401,-0.753916,-0.653136,0.070873,-0.388869,0.530598,0.753157,-0.004631,0.00075,-0.035572,-0.012993,-0.06089,-0.742261,0.007982
112,0.100105,0.039741,0.394291,-0.49976,0.538085,-0.678786,-0.807833,-0.572259,0.141054,-0.311928,0.618167,0.721524,-0.007553,0.015423,-0.07875,1.544119,-1.797096,1.405305,0.184618,-0.14777,0.031233,0.321899,0.68598,0.513332,0.515669,-0.646121,0.75557,0.107592,-0.33524,-0.407641,0.849298,0.000382,-0.009182,-0.024542,0.030387,0.039523,-0.052308,0.341621,0.019655,0.033604,-0.021388,-0.636429,-0.564882,0.525229,0.678793,-0.733561,0.033564,0.366328,0.377883,0.850298,0.000183,-0.004237,-0.011981,0.029904,0.039484,-0.05301,0.271591,0.087538,0.044622,-0.044525,-0.529123,0.522859,-0.668316,-0.743844,-0.664801,0.068811,-0.40832,0.533532,0.740687,-0.003703,0.007788,-0.039324,1.553887,-1.757674,1.414375,0.042437
113,0.099888,0.039974,0.39295,-0.499909,0.536805,-0.679688,-0.805912,-0.575706,0.137986,-0.316614,0.61608,0.721269,-0.006822,0.010979,-0.066675,0.168724,-0.038225,-0.023487,0.177733,-0.147722,0.031156,0.321435,0.685292,0.513648,0.516268,-0.646383,0.75549,0.106574,-0.33614,-0.407392,0.849061,0.000166,-0.006465,-0.022347,0.032443,0.023058,-0.028748,0.35601,0.019679,0.033568,-0.021611,-0.63571,-0.565199,0.525758,0.679002,-0.733413,0.03257,0.367189,0.377696,0.85001,8e-05,-0.002962,-0.01095,0.032035,0.023031,-0.029325,0.291186,0.08743,0.044727,-0.045174,-0.528508,0.521875,-0.66957,-0.74158,-0.667714,0.06492,-0.413202,0.530851,0.739905,-0.003279,0.005795,-0.033168,0.179446,-0.003097,-0.012568,0.043906
114,0.099293,0.040671,0.390631,-0.498997,0.535822,-0.681133,-0.804053,-0.579431,0.133153,-0.32271,0.613441,0.720816,-0.01568,0.024441,-0.059359,0.175158,-0.125725,0.150309,0.183993,-0.147548,0.030728,0.320604,0.683261,0.514645,0.517964,-0.647672,0.754636,0.104782,-0.337791,-0.407716,0.84825,0.00172,-0.02138,-0.017812,-0.004127,0.033065,-0.047024,0.373525,0.019765,0.033371,-0.022019,-0.63355,-0.566204,0.527281,0.680153,-0.732424,0.030742,0.368787,0.378109,0.849133,0.006825,-0.004596,-0.013022,0.032124,0.024391,-0.023387,0.321395,0.087135,0.045066,-0.046339,-0.527584,0.521317,-0.670733,-0.739114,-0.67091,0.059916,-0.418766,0.527358,0.739274,-0.008115,0.007493,-0.024909,0.134283,-0.015459,-0.040222,0.046356
115,0.098649,0.041399,0.38882,-0.501558,0.534694,-0.680139,-0.801458,-0.583169,0.132484,-0.32518,0.610883,0.721877,-0.003248,0.009787,-0.038405,-1.345866,1.630491,-1.67207,0.19279,-0.147303,0.029687,0.319755,0.678942,0.51768,0.520611,-0.650336,0.753054,0.099526,-0.341363,-0.406801,0.847259,0.015489,-0.027367,-0.024361,0.156124,-0.129023,-0.17044,0.380317,0.019882,0.03286,-0.022435,-0.629061,-0.568706,0.529958,0.682373,-0.73054,0.026025,0.372355,0.378,0.847624,0.001209,-0.014822,-0.012471,0.25273,-0.213569,-0.266647,0.336907,0.086814,0.045432,-0.047238,-0.527811,0.520229,-0.671399,-0.736512,-0.674041,0.056722,-0.423043,0.524432,0.738921,-0.007503,0.006204,-0.018339,0.10048,-0.011923,-0.03152,0.060072
116,0.098176,0.041792,0.387665,-0.516476,0.534088,-0.669364,-0.796891,-0.585856,0.14734,-0.312823,0.608841,0.729028,-0.014391,0.007771,-0.024649,0.026746,0.051965,-0.094787,0.218442,-0.14678,0.028342,0.31873,0.675675,0.52178,0.520769,-0.6523,0.752204,0.092887,-0.344091,-0.403121,0.847914,0.016047,-0.033113,-0.029564,0.184738,-0.144492,-0.219107,0.377328,0.020137,0.032203,-0.022934,-0.625631,-0.572461,0.529974,0.683949,-0.729264,0.019669,0.375232,0.374781,0.847785,0.008683,-0.022417,-0.011132,0.330652,-0.31443,-0.365341,0.337561,0.086578,0.045637,-0.047833,-0.545145,0.51704,-0.659912,-0.731977,-0.677296,0.074016,-0.408687,0.523391,0.747686,-0.007443,-0.00064,-0.007465,-0.100903,0.163286,-0.191765,0.075584
117,0.097951,0.04185,0.387319,-0.517422,0.533646,-0.668985,-0.796067,-0.586954,0.147425,-0.313354,0.608172,0.729358,-0.014484,0.000344,-0.014087,0.028321,0.10365,-0.214642,0.23598,-0.146365,0.027693,0.318163,0.673762,0.525156,0.519854,-0.653071,0.752274,0.086694,-0.346375,-0.398578,0.849131,0.029552,-0.033994,-0.031889,0.251318,-0.324957,-0.068035,0.377823,0.020345,0.031866,-0.023227,-0.623553,-0.575942,0.528651,0.684432,-0.728957,0.013132,0.377801,0.370015,0.848737,0.014812,-0.017338,-0.016241,0.361956,-0.321131,-0.342357,0.336091,0.08646,0.04567,-0.048015,-0.545972,0.516467,-0.659679,-0.73102,-0.678337,0.073941,-0.409297,0.522608,0.747901,-0.007138,0.000483,-0.00687,0.030528,0.100647,-0.211186,0.096323
118,0.09781,0.041619,0.386911,-0.517726,0.533432,-0.668921,-0.795666,-0.587554,0.147199,-0.313869,0.607781,0.729462,-0.002888,-0.010253,-0.00554,-0.000662,0.01355,-0.025427,0.247449,-0.145299,0.02639,0.316912,0.674909,0.527636,0.51584,-0.652279,0.753373,0.083044,-0.345634,-0.393187,0.851941,0.02968,-0.032883,-0.031395,0.042171,-0.110933,0.100959,0.377221,0.020879,0.031205,-0.02386,-0.624667,-0.579095,0.523869,0.683627,-0.729782,0.00845,0.377417,0.36341,0.851756,0.01486,-0.01652,-0.015775,0.002533,0.026206,-0.04699,0.335601,0.086392,0.045563,-0.048214,-0.546189,0.516242,-0.659674,-0.730578,-0.678844,0.073652,-0.409794,0.522171,0.747933,-0.001386,-0.004953,-0.002675,-0.001022,0.013537,-0.024921,0.124572
119,0.097738,0.041107,0.386885,-0.509598,0.538846,-0.67082,-0.800802,-0.58216,0.140633,-0.314118,0.608188,0.729016,-0.002869,-0.017323,0.005222,-0.297196,0.229786,0.387763,0.262872,-0.144121,0.025175,0.315748,0.67633,0.529914,0.511626,-0.651283,0.754606,0.079592,-0.344733,-0.387716,0.854809,0.029537,-0.02872,-0.028168,0.022782,0.008322,-0.057229,0.371268,0.021468,0.030589,-0.024449,-0.626347,-0.581133,0.519589,0.682416,-0.730945,0.005105,0.376825,0.357774,0.8544,0.014742,-0.013889,-0.013682,0.017588,-0.102315,0.141056,0.332008,0.086356,0.045309,-0.048231,-0.538841,0.522214,-0.661016,-0.735642,-0.674031,0.067177,-0.410465,0.522469,0.747358,-0.001301,-0.008193,0.002867,-1.06563,0.446386,1.289384,0.141391
120,0.09767,0.040865,0.386962,-0.500758,0.543744,-0.673519,-0.805534,-0.577496,0.132609,-0.316234,0.60827,0.728033,-0.0022,-0.014946,0.006511,0.360693,0.34101,0.376961,0.279569,-0.143513,0.024716,0.315268,0.676874,0.531121,0.509651,-0.650897,0.755131,0.077749,-0.344393,-0.38503,0.856159,0.0425,-0.021527,-0.023414,0.190031,-0.187799,-0.134677,0.360985,0.021768,0.030351,-0.024697,-0.627058,-0.581474,0.518348,0.68187,-0.731459,0.004336,0.376629,0.356165,0.855158,0.01453,-0.011038,-0.011241,0.312094,-0.291202,-0.246922,0.324497,0.086322,0.045186,-0.048193,-0.530299,0.526692,-0.664361,-0.740806,-0.668943,0.060994,-0.412295,0.524509,0.744917,-0.001141,-0.007618,0.00318,0.437408,-0.529618,0.495174,0.155597
121,0.097561,0.040542,0.387206,-0.491325,0.545529,-0.679001,-0.807545,-0.577365,0.12039,-0.325751,0.606794,0.725062,0.000215,0.000761,0.000413,0.005411,0.009589,0.004985,0.320912,-0.142301,0.024141,0.314644,0.678164,0.531782,0.50724,-0.649881,0.756146,0.076367,-0.343773,-0.382111,0.857715,0.028045,-0.010008,-0.011875,0.116789,-0.114684,-0.081548,0.338789,0.02238,0.030051,-0.025021,-0.628395,-0.582467,0.515608,0.680859,-0.732409,0.002412,0.376231,0.352572,0.85682,0.013938,-0.003973,-0.00504,0.171913,-0.182193,-0.094672,0.30033,0.086266,0.045022,-0.048073,-0.520829,0.532034,-0.667589,-0.742439,-0.668287,0.046633,-0.421331,0.519933,0.743066,-0.000248,-0.00444,0.004906,-0.05158,0.008435,-0.029608,0.204421
122,0.09759,0.04027,0.387419,-0.484782,0.546214,-0.683141,-0.809781,-0.575432,0.114479,-0.329975,0.60801,0.722127,-0.001172,-0.011304,0.008498,-0.029874,-0.075051,0.159837,0.344259,-0.141125,0.024093,0.314618,0.676097,0.543796,0.497162,-0.657597,0.749627,0.074562,-0.332973,-0.378033,0.863761,0.026421,0.007163,0.003417,-1.33661,-2.276391,1.016574,0.332734,0.02297,0.030012,-0.025047,-0.62473,-0.59442,0.506336,0.688428,-0.725301,-0.002077,0.368481,0.347278,0.862333,0.013184,0.003923,0.001992,0.001267,-0.069712,0.020479,0.279756,0.086279,0.044896,-0.047961,-0.514424,0.533394,-0.671459,-0.744553,-0.666294,0.041133,-0.42545,0.521097,0.739898,-0.000638,-0.005824,0.004155,-0.032027,-0.073884,0.157697,0.250469
123,0.097766,0.039946,0.387457,-0.480016,0.547542,-0.685441,-0.812263,-0.572529,0.111407,-0.330845,0.609552,0.720428,-0.00101,-0.00359,-0.001951,0.00474,-0.092917,0.175791,0.345989,-0.140274,0.024276,0.315071,0.671514,0.561674,0.483305,-0.670006,0.738751,0.072616,-0.317083,-0.373292,0.871765,0.013568,0.00214,0.018134,0.048528,-0.124444,-0.020973,0.332557,0.0234,0.030114,-0.024818,-0.6219,-0.61141,0.489302,0.700182,-0.71396,-0.002205,0.350691,0.34123,0.872111,0.013475,0.001926,0.00907,0.016498,-0.096655,-0.036113,0.275183,0.086372,0.044733,-0.047937,-0.509759,0.535378,-0.673435,-0.747229,-0.663469,0.038163,-0.426372,0.522665,0.738259,0.005325,-0.003513,-0.002055,0.00104,-0.014704,0.029501,0.267124
124,0.097916,0.039796,0.387393,-0.477902,0.548094,-0.686475,-0.813288,-0.571358,0.109926,-0.331386,0.610152,0.71967,-0.001287,-0.004583,-0.002494,0.004745,-0.092909,0.175795,0.343868,-0.140012,0.024333,0.31545,0.674214,0.568906,0.470927,-0.673538,0.735145,0.076435,-0.303547,-0.369443,0.878199,8e-06,0.002104,0.01957,-1.105555,-2.523415,0.685751,0.331956,0.023536,0.03015,-0.024616,-0.624844,-0.617014,0.478395,0.703667,-0.710524,0.002673,0.338263,0.338301,0.878139,-4.9e-05,0.001501,0.010166,-0.968396,-2.630426,0.606596,0.273551,0.086448,0.044658,-0.047969,-0.50768,0.536222,-0.674333,-0.748317,-0.662324,0.036707,-0.426944,0.523251,0.737513,0.005193,-0.004,-0.002322,0.000373,-0.001246,0.004056,0.267941
125,0.098187,0.039622,0.387202,-0.475767,0.548606,-0.687548,-0.814223,-0.570345,0.108259,-0.332163,0.610639,0.718898,-0.001019,-0.003639,-0.001984,0.0,0.0,0.0,0.331915,-0.139712,0.024385,0.316365,0.679097,0.583429,0.445455,-0.682603,0.725019,0.091303,-0.270533,-0.366812,0.890014,0.013045,0.00689,0.022248,-0.118536,-0.375128,0.28544,0.33111,0.02368,0.030178,-0.024163,-0.630547,-0.631658,0.451017,0.713461,-0.700502,0.016392,0.305584,0.332119,0.892364,0.000504,-0.00292,0.015071,-0.544169,-0.717656,0.31098,0.272897,0.086582,0.044567,-0.048066,-0.505447,0.537081,-0.675327,-0.749353,-0.661246,0.034969,-0.427776,0.523733,0.736688,0.005391,-0.003317,-0.001953,0.000346,-0.001244,0.004063,0.260919
126,0.098363,0.039547,0.387069,-0.474899,0.548794,-0.687998,-0.814555,-0.570013,0.107499,-0.332589,0.61078,0.718582,0.011559,-0.003862,-0.002388,0.005716,-0.107697,0.20531,0.333632,-0.139694,0.024321,0.317419,0.680153,0.593985,0.42961,-0.687804,0.719729,0.09408,-0.254161,-0.36023,0.897496,-0.000279,0.004811,0.021818,0.086505,-0.236866,0.112451,0.331987,0.023694,0.030154,-0.023629,-0.632243,-0.64116,0.434949,0.718512,-0.695238,0.019578,0.289841,0.324895,0.900242,0.000546,-0.00339,0.014624,0.072935,-0.224316,0.053651,0.270938,0.086664,0.044527,-0.048134,-0.504738,0.537331,-0.675658,-0.749613,-0.660985,0.034323,-0.428158,0.523806,0.736415,-0.000208,-0.000753,-0.000415,3.2e-05,-9e-06,-1.8e-05,0.256347
127,0.098408,0.039506,0.387045,-0.474453,0.548907,-0.688216,-0.814766,-0.569773,0.107179,-0.332712,0.610901,0.718422,-0.000494,-0.001769,-0.000965,0.0,0.0,0.0,0.336538,-0.139779,0.024232,0.317972,0.678259,0.598579,0.426216,-0.691133,0.716576,0.093741,-0.250143,-0.358912,0.899151,0.001085,-0.006351,0.029587,-0.024865,-0.155172,0.150838,0.332714,0.023651,0.030114,-0.023356,-0.63027,-0.645732,0.431031,0.721749,-0.691898,0.01883,0.286071,0.322964,0.90214,-0.00685,0.001775,0.011077,-0.037309,-0.006856,-0.007437,0.271428,0.086692,0.044509,-0.048145,-0.504149,0.537565,-0.675911,-0.74991,-0.660669,0.0339,-0.428331,0.523964,0.736202,-0.000259,-0.000931,-0.000512,-0.000662,0.013476,-0.025479,0.257327
128,0.098458,0.03948,0.387029,-0.473314,0.549193,-0.688772,-0.8153,-0.569161,0.106365,-0.333025,0.611215,0.71801,0.000358,0.001282,0.0007,0.000686,-0.013473,0.025467,0.344808,-0.139997,0.023939,0.319141,0.677247,0.603403,0.42099,-0.692897,0.715409,0.089545,-0.247986,-0.353113,0.902041,0.001072,-0.006184,0.029668,0.117179,-0.093793,-0.303665,0.32883,0.023547,0.02997,-0.022783,-0.629908,-0.649228,0.426284,0.722829,-0.690841,0.015958,0.284135,0.318183,0.904448,0.000532,-0.003243,0.014708,0.319854,-0.375803,-0.250443,0.269958,0.086716,0.04449,-0.048156,-0.503176,0.53795,-0.67633,-0.750401,-0.660147,0.033204,-0.428616,0.524226,0.735848,-2.8e-05,-9.6e-05,-5.1e-05,1.7e-05,-3e-06,-1.5e-05,0.264348
129,0.09846,0.039496,0.387016,-0.47237,0.549416,-0.689241,-0.815722,-0.568688,0.105658,-0.333333,0.611453,0.717664,0.0,0.0,0.0,0.0,0.0,0.0,0.344592,-0.140135,0.02358,0.320359,0.674559,0.609095,0.417091,-0.696057,0.7129,0.084927,-0.246449,-0.34838,0.904299,0.000989,-0.005336,0.030339,0.11076,-0.187059,-0.124338,0.323352,0.023473,0.029787,-0.022163,-0.627015,-0.655071,0.421584,0.725784,-0.687839,0.010658,0.283001,0.312662,0.906726,-0.005508,-0.009133,0.019054,0.144968,-0.229112,-0.215712,0.263426,0.086718,0.044503,-0.04816,-0.502097,0.538362,-0.676804,-0.750917,-0.6596,0.032401,-0.428977,0.524493,0.735449,6e-06,2e-05,1.1e-05,2.5e-05,-3e-06,-1e-06,0.268594
130,0.098443,0.039515,0.387005,-0.471339,0.54966,-0.689753,-0.816183,-0.568168,0.104888,-0.333664,0.611717,0.717285,0.0,0.0,0.0,0.0,0.0,0.0,0.342393,-0.140144,0.023174,0.321731,0.672807,0.614227,0.41237,-0.698543,0.710912,0.081088,-0.244183,-0.343394,0.906817,0.002183,-0.014914,0.039478,-0.008546,-0.098444,-0.08089,0.321176,0.023468,0.029586,-0.021482,-0.625236,-0.660264,0.416089,0.728034,-0.685512,0.006187,0.281149,0.306796,0.909302,0.001049,-0.007269,0.019904,-0.014802,-0.108894,-0.057953,0.259344,0.08671,0.044513,-0.048165,-0.501079,0.538749,-0.677251,-0.751402,-0.659085,0.031643,-0.429319,0.524743,0.73507,-2e-06,8e-06,6e-06,0.00475,-0.093018,0.175743,0.268104
131,0.098424,0.039519,0.386997,-0.470994,0.549738,-0.689926,-0.816334,-0.568,0.104626,-0.333782,0.611802,0.717157,-0.000114,-0.000409,-0.000223,0.0,0.0,0.0,0.342487,-0.140117,0.022922,0.322483,0.672188,0.615982,0.410756,-0.699602,0.709935,0.080516,-0.242845,-0.342269,0.907602,0.002195,-0.015038,0.03934,-0.084078,-0.025519,-0.024651,0.320044,0.023481,0.029467,-0.021119,-0.624568,-0.662016,0.414304,0.729067,-0.68442,0.005442,0.279955,0.305455,0.910121,0.000432,-0.002267,0.015462,-0.081034,-0.005775,0.008355,0.257385,0.0867,0.044516,-0.048169,-0.500738,0.538875,-0.677402,-0.751559,-0.658918,0.031384,-0.42944,0.524823,0.734942,-7.7e-05,-0.000263,-0.000141,1.6e-05,-2e-05,-7e-06,0.267778
132,0.098386,0.039487,0.38698,-0.470238,0.549922,-0.690295,-0.816685,-0.567594,0.104087,-0.33399,0.612013,0.716881,-0.000231,-0.000829,-0.000453,0.0,0.0,0.0,0.350812,-0.140022,0.022307,0.323874,0.668351,0.622705,0.406863,-0.703143,0.707257,0.072872,-0.243205,-0.335577,0.910001,0.002565,-0.018706,0.036183,0.142215,-0.236839,-0.191223,0.319211,0.023528,0.029161,-0.020403,-0.62097,-0.667587,0.410758,0.731892,-0.681418,-0.001029,0.280585,0.299992,0.911743,0.001286,-0.009637,0.017849,0.283811,-0.339583,-0.295508,0.254445,0.086681,0.0445,-0.048178,-0.499993,0.539164,-0.677723,-0.751931,-0.658519,0.030854,-0.429658,0.525028,0.734669,-0.000122,-0.00043,-0.000235,6e-06,-2.7e-05,-1.2e-05,0.271533
133,0.098348,0.039424,0.386935,-0.469802,0.550023,-0.690511,-0.816877,-0.567377,0.103759,-0.334133,0.612124,0.71672,-0.00051,-0.001825,-0.000997,0.0,0.0,0.0,0.362372,-0.139947,0.021676,0.325148,0.66598,0.625977,0.405727,-0.705334,0.705389,0.069741,-0.243363,-0.333414,0.910754,0.00141,-0.0095,0.02662,-0.041559,-0.026662,-0.035508,0.317575,0.023567,0.028843,-0.019762,-0.618299,-0.671469,0.408454,0.734022,-0.679104,-0.005269,0.280921,0.296557,0.912763,0.001345,-0.01021,0.01736,-0.111341,-0.006269,-0.014625,0.252649,0.086663,0.044469,-0.0482,-0.499562,0.539325,-0.677912,-0.752132,-0.658304,0.030531,-0.429806,0.525132,0.734508,-0.000267,-0.000953,-0.00052,3e-06,1.1e-05,-1.5e-05,0.28427
134,0.098334,0.039371,0.386906,-0.469542,0.550087,-0.690638,-0.816998,-0.567238,0.103574,-0.334204,0.612196,0.716625,-0.000762,-0.002727,-0.001492,0.0,0.0,0.0,0.367545,-0.139895,0.021365,0.325755,0.663796,0.629037,0.404572,-0.706863,0.704313,0.064979,-0.244892,-0.329909,0.911621,0.001457,-0.00997,0.026214,0.209549,-0.271861,-0.21961,0.316398,0.023593,0.028687,-0.019459,-0.616408,-0.673354,0.408209,0.735023,-0.677988,-0.008458,0.282457,0.29483,0.912848,0.001373,-0.01047,0.017138,0.364885,-0.457453,-0.317689,0.251506,0.086656,0.044444,-0.048213,-0.499306,0.539425,-0.678021,-0.75226,-0.658166,0.030348,-0.42988,0.525202,0.734414,-0.000449,-0.001609,-0.000879,-0.000672,0.013476,-0.02547,0.290965
135,0.098301,0.039228,0.386816,-0.469361,0.550126,-0.690729,-0.817072,-0.567158,0.103428,-0.334277,0.612234,0.716558,-0.001355,-0.004847,-0.002655,-0.000684,0.013478,-0.025465,0.377323,-0.139763,0.020757,0.326833,0.661231,0.632363,0.403588,-0.709059,0.702425,0.061396,-0.245483,-0.327567,0.912306,0.00304,-0.023388,0.032229,-0.06407,0.04962,-0.215187,0.313292,0.023658,0.028387,-0.018923,-0.613589,-0.677424,0.405715,0.737046,-0.675706,-0.013548,0.283322,0.290718,0.913898,0.000895,-0.006815,0.011564,-0.036219,-0.037714,-0.046927,0.248567,0.08664,0.044375,-0.048257,-0.499109,0.539496,-0.678109,-0.752345,-0.658076,0.030191,-0.42996,0.525241,0.734339,-0.000577,-0.002066,-0.001131,7e-06,-3e-06,-1e-05,0.306314
136,0.098267,0.039101,0.38668,-0.469297,0.550113,-0.690783,-0.817043,-0.567225,0.103282,-0.334436,0.612184,0.716527,-0.001401,-0.005009,-0.002748,-0.000683,0.013482,-0.025463,0.381472,-0.139681,0.020292,0.327672,0.659244,0.634055,0.404181,-0.710555,0.70108,0.059431,-0.246495,-0.327178,0.912172,0.001863,-0.013973,0.022845,-0.069673,0.000633,-0.014897,0.308319,0.0237,0.028145,-0.018492,-0.611392,-0.679031,0.406344,0.738508,-0.674071,-0.015252,0.284262,0.290764,0.913592,0.000923,-0.007066,0.011355,-0.082463,0.011013,-0.007758,0.243505,0.086623,0.04431,-0.048325,-0.499042,0.539493,-0.678161,-0.752303,-0.65813,0.030043,-0.430111,0.525176,0.734298,-0.000122,0.003144,-0.005622,0.034614,-0.017881,0.01594,0.315132
137,0.098238,0.039043,0.386627,-0.46948,0.550058,-0.690702,-0.816939,-0.567358,0.103379,-0.334433,0.612111,0.716591,-0.001038,-0.00371,-0.002038,0.0,0.0,0.0,0.381637,-0.139667,0.020113,0.328029,0.658503,0.635786,0.402668,-0.711439,0.700302,0.058007,-0.245922,-0.325479,0.912934,0.000544,-0.00317,0.014608,-0.001693,-0.039137,-0.018787,0.305125,0.023707,0.028055,-0.018314,-0.610689,-0.680711,0.404585,0.739257,-0.673212,-0.016825,0.283825,0.288818,0.914344,0.000265,-0.001655,0.007245,-0.026108,-0.017147,-0.006782,0.240239,0.086607,0.044278,-0.048354,-0.49924,0.539406,-0.678084,-0.75218,-0.658267,0.03015,-0.430098,0.525094,0.734364,-0.000127,0.003127,-0.005631,0.033926,-0.004409,-0.009526,0.317255
138,0.098206,0.038923,0.386572,-0.469255,0.550118,-0.690808,-0.817053,-0.56722,0.103235,-0.334471,0.612184,0.71651,-0.000544,-0.001944,-0.001069,0.0,0.0,0.0,0.381328,-0.139676,0.019803,0.328669,0.656897,0.639295,0.399725,-0.713237,0.698723,0.054908,-0.245006,-0.321979,0.914421,0.000595,-0.003675,0.014179,0.042643,-0.082959,-0.050967,0.293238,0.023707,0.027902,-0.018006,-0.609196,-0.683895,0.401457,0.740739,-0.671497,-0.019873,0.283169,0.285269,0.915661,0.001003,-0.007822,0.010727,0.027374,-0.095959,-0.087944,0.229299,0.086591,0.044215,-0.048383,-0.499019,0.539497,-0.678175,-0.752302,-0.658133,0.03001,-0.43014,0.525169,0.734286,-0.000306,-0.001101,-0.000605,0.004733,-0.093032,0.175729,0.318724
139,0.098198,0.038861,0.386538,-0.469254,0.550119,-0.690808,-0.817053,-0.567219,0.103234,-0.334471,0.612184,0.71651,-0.000187,-0.000669,-0.000368,0.0,0.0,0.0,0.380048,-0.139715,0.019501,0.329343,0.65508,0.644145,0.394891,-0.715234,0.697067,0.049729,-0.244042,-0.315833,0.916818,0.00047,-0.002427,0.015205,0.357924,-0.394785,-0.279441,0.274276,0.023683,0.027746,-0.017666,-0.607863,-0.687173,0.397862,0.742164,-0.669822,-0.022999,0.282301,0.281299,0.917156,0.000902,-0.006829,0.011553,-0.086158,0.014166,-0.01182,0.208561,0.086587,0.044184,-0.0484,-0.499018,0.539498,-0.678175,-0.752303,-0.658133,0.030009,-0.43014,0.525168,0.734286,-8.7e-05,-0.000314,-0.000174,4e-06,1e-06,3e-06,0.318561
140,0.098175,0.038811,0.38651,-0.469147,0.550144,-0.69086,-0.817103,-0.567162,0.103158,-0.334501,0.612214,0.716471,-0.000605,-0.002163,-0.00119,-0.000683,0.013482,-0.025462,0.380563,-0.139764,0.019137,0.330278,0.652744,0.647262,0.39366,-0.716999,0.695535,0.045565,-0.245118,-0.312819,0.917564,0.001337,-0.008774,0.027131,-0.015225,-0.160222,0.148289,0.254177,0.023659,0.02756,-0.017207,-0.604866,-0.691606,0.394736,0.743993,-0.667534,-0.029523,0.283919,0.275823,0.918319,-0.005994,-0.005274,0.01353,-0.063895,-0.002667,-0.059334,0.179332,0.086576,0.044164,-0.048411,-0.498894,0.539545,-0.678229,-0.752365,-0.658066,0.02992,-0.430177,0.525203,0.73424,-9.9e-05,-0.000356,-0.000197,8e-06,4e-06,5e-06,0.317908
141,0.098166,0.038781,0.386494,-0.469092,0.550158,-0.690887,-0.817129,-0.567132,0.103119,-0.334516,0.61223,0.716451,-0.000632,-0.002258,-0.001243,-0.000683,0.013482,-0.025462,0.381254,-0.139831,0.018983,0.330882,0.651657,0.650398,0.390278,-0.718278,0.694417,0.042376,-0.244258,-0.308769,0.919164,-0.012384,-0.006252,0.03057,0.311489,-0.377895,-0.294842,0.253519,0.023631,0.02748,-0.016909,-0.60447,-0.693043,0.392817,0.744697,-0.666712,-0.03033,0.282916,0.274197,0.919115,0.000419,-0.002091,0.01545,-0.091501,0.005338,0.019089,0.171821,0.086572,0.044149,-0.048419,-0.498839,0.539566,-0.678252,-0.752391,-0.658037,0.029882,-0.430193,0.525217,0.73422,-0.000116,-0.00042,-0.000233,8e-06,6e-06,1e-05,0.318398
142,0.098134,0.0387,0.38645,-0.468929,0.550197,-0.690966,-0.817204,-0.567045,0.103003,-0.33456,0.612275,0.716391,-0.00089,-0.003177,-0.00175,-0.000683,0.013482,-0.025462,0.383189,-0.140112,0.018758,0.332338,0.649947,0.651982,0.390487,-0.719731,0.692982,0.041204,-0.244539,-0.308654,0.919128,-0.01293,-0.000542,0.035142,-0.065426,-0.003946,-0.023011,0.256056,0.023486,0.027367,-0.016168,-0.602212,-0.695929,0.391181,0.746334,-0.664721,-0.03361,0.283417,0.271712,0.919699,-0.006523,5.4e-05,0.017843,-0.088313,0.015914,-0.011459,0.168718,0.086557,0.04411,-0.048441,-0.498679,0.539628,-0.678321,-0.752471,-0.657951,0.029768,-0.430239,0.525261,0.734161,-0.000285,-0.001017,-0.000558,4e-06,-2e-06,5e-06,0.319541
143,0.098101,0.038581,0.386384,-0.46884,0.550219,-0.691009,-0.817245,-0.566997,0.102939,-0.334585,0.6123,0.716358,-0.001157,-0.004131,-0.002279,-0.000683,0.013482,-0.025462,0.386073,-0.140478,0.018513,0.333961,0.647021,0.656684,0.387455,-0.722242,0.690664,0.035803,-0.244888,-0.303836,0.920639,-0.011733,-0.009906,0.044458,-0.01454,-0.095813,-0.078734,0.260335,0.023307,0.027252,-0.01537,-0.599359,-0.700296,0.387755,0.748364,-0.662135,-0.039077,0.284112,0.26676,0.920933,8.4e-05,0.001304,0.018106,0.025969,-0.123126,-0.035411,0.17231,0.08654,0.044051,-0.048473,-0.498591,0.539662,-0.678358,-0.752514,-0.657905,0.029705,-0.430265,0.525285,0.734129,-0.000451,-0.00161,-0.000887,1e-05,-5e-06,1.2e-05,0.322317
144,0.098067,0.038501,0.386329,-0.468813,0.55022,-0.691027,-0.817248,-0.567,0.102904,-0.334616,0.612296,0.716347,-0.001477,-0.005271,-0.002911,-0.000683,0.013483,-0.025462,0.386262,-0.140697,0.018394,0.334795,0.646398,0.658343,0.385676,-0.723232,0.689659,0.035208,-0.243604,-0.302529,0.92141,0.001632,-0.009195,0.043615,-0.091962,-0.018357,-0.018455,0.259948,0.023197,0.027195,-0.014963,-0.598694,-0.701983,0.385725,0.749326,-0.660997,-0.039902,0.282974,0.265145,0.921749,-0.005895,-0.004878,0.022266,-0.125938,0.012831,-0.008104,0.173127,0.086524,0.044012,-0.0485,-0.498564,0.539667,-0.678374,-0.752515,-0.657905,0.029669,-0.430294,0.525279,0.734116,-0.000185,0.002926,-0.00575,0.034613,-0.017904,0.015946,0.324276
