frame,MLTx,MLTy,MLTz,MLTR1,MLTR2,MLTR3,MLTR4,MLTR5,MLTR6,MLTR7,MLTR8,MLTR9,MLTTVx,MLTTVy,MLTTVz,MLTRVx,MLTRVy,MLTRVz,MLGA,MRTx,MRTy,MRTz,MRTR1,MRTR2,MRTR3,MRTR4,MRTR5,MRTR6,MRTR7,MRTR8,MRTR9,MRTTVx,MRTTVy,MRTTVz,MRTRVx,MRTRVy,MRTRVz,MRGA,SLTx,SLTy,SLTz,SLTR1,SLTR2,SLTR3,SLTR4,SLTR5,SLTR6,SLTR7,SLTR8,SLTR9,SLTTVx,SLTTVy,SLTTVz,SLTRVx,SLTRVy,SLTRVz,SLGA,SRTx,SRTy,SRTz,SRTR1,SRTR2,SRTR3,SRTR4,SRTR5,SRTR6,SRTR7,SRTR8,SRTR9,SRTTVx,SRTTVy,SRTTVz,SRTRVx,SRTRVy,SRTRVz,SRGA
255,0.135147,0.003671,0.343182,-0.475027,0.178437,-0.861716,-0.449585,-0.890977,0.06328,-0.755893,0.417248,0.504536,-0.00348,-0.021137,-0.017411,-0.057543,-0.167845,-0.163444,-1.915102,-0.138222,0.019208,0.331451,0.425647,-0.162838,0.890112,-0.328557,0.888652,0.319814,-0.843585,-0.428377,0.323607,-0.016214,0.025995,0.022739,0.004036,-0.031274,0.043392,-1.40555,0.049053,0.027885,-0.02034,-0.433842,0.11135,0.894081,0.346112,-0.895596,0.279485,0.831857,0.430705,0.350008,-0.001485,0.013907,0.011425,0.005706,-0.046878,0.07257,-0.891528,0.0788,0.028119,-0.075671,-0.486426,0.208175,-0.848558,-0.437792,-0.898557,0.030518,-0.756126,0.386337,0.52822,-0.001719,-0.010505,-0.008649,-0.059404,-0.184217,-0.17469,-0.955759
256,0.134999,0.00278,0.342418,-0.468754,0.163611,-0.86807,-0.448121,-0.890888,0.074011,-0.760668,0.423485,0.492008,-0.004028,-0.024382,-0.020259,-0.138085,-0.429709,-0.347911,-1.915539,-0.138317,0.020208,0.33242,0.429444,-0.168551,0.88722,-0.321296,0.889556,0.324642,-0.844462,-0.424265,0.32672,-0.002994,0.028281,0.022985,0.006078,-0.046457,0.072652,-1.353843,0.049,0.028385,-0.019854,-0.437746,0.117101,0.891439,0.338852,-0.896885,0.284211,0.832801,0.426478,0.352927,-0.000836,0.008666,0.015571,-0.030484,-0.036925,0.051576,-0.886466,0.078724,0.027668,-0.076058,-0.480817,0.19533,-0.854786,-0.436379,-0.89887,0.040059,-0.760517,0.392272,0.517431,-0.001994,-0.012156,-0.010098,-0.211656,-0.774764,-0.277561,-0.957065
257,0.134856,0.001682,0.341581,-0.465088,0.15121,-0.872281,-0.442252,-0.893219,0.080902,-0.766332,0.423202,0.483386,-0.004633,-0.027942,-0.023453,-0.079105,-0.224156,-0.229169,-1.915286,-0.138408,0.021169,0.333414,0.427985,-0.1773,0.886219,-0.304904,0.894678,0.326371,-0.851256,-0.409672,0.327711,-0.00157,0.016629,0.03033,-0.026828,-0.036604,0.054796,-1.204992,0.048954,0.028879,-0.019347,-0.436487,0.125946,0.890851,0.322521,-0.902444,0.285609,0.839915,0.411983,0.353285,-0.000802,0.008302,0.015158,-0.027273,-0.037932,0.055005,-0.812005,0.078653,0.027121,-0.076475,-0.476597,0.182374,-0.859996,-0.430374,-0.901407,0.047351,-0.766572,0.392688,0.508097,-0.002355,-0.014285,-0.011985,-0.101337,-0.404032,-0.101659,-0.964577
258,0.134732,0.000549,0.340624,-0.462485,0.146583,-0.874452,-0.442052,-0.893029,0.084037,-0.768023,0.425232,0.4789,-0.004717,-0.028353,-0.024058,-0.01346,0.003405,-0.097835,-1.91458,-0.13849,0.022061,0.334393,0.427091,-0.183376,0.885414,-0.29927,0.895283,0.329907,-0.853701,-0.40565,0.326351,-0.002836,0.02672,0.021276,0.000619,-0.033394,0.081449,-1.107289,0.048913,0.029316,-0.018865,-0.435529,0.132271,0.890403,0.316963,-0.903264,0.289219,0.842525,0.408188,0.351472,0.00517,0.01397,0.010455,0.015703,-0.071618,0.095808,-0.789961,0.078589,0.02654,-0.076965,-0.47372,0.177328,-0.862637,-0.43009,-0.901349,0.050899,-0.768512,0.395124,0.503254,-0.002353,-0.014238,-0.012077,0.003637,0.053616,-0.070282,-0.959514
259,0.134672,2e-06,0.340146,-0.462533,0.14655,-0.874432,-0.442008,-0.893047,0.084071,-0.768019,0.425204,0.478931,-0.004595,-0.027569,-0.023517,-0.002031,0.043043,-0.074959,-1.914392,-0.138519,0.022521,0.334832,0.427942,-0.19057,0.883482,-0.287448,0.897985,0.333062,-0.857335,-0.396248,0.328371,-0.001382,0.0148,0.028554,0.40895,0.127966,0.216955,-1.104218,0.048898,0.02955,-0.018648,-0.436769,0.13914,0.888747,0.30556,-0.906277,0.292049,0.846088,0.399124,0.353318,-0.001367,0.012801,0.010145,1.488578,0.516252,0.612853,-0.798616,0.07856,0.026275,-0.077198,-0.473921,0.177672,-0.862456,-0.430073,-0.901372,0.050637,-0.768398,0.394917,0.503591,-0.002296,-0.01387,-0.011827,0.001102,0.055177,-0.067771,-0.955432
260,0.134624,-0.001105,0.339318,-0.462251,0.14681,-0.874538,-0.442349,-0.892898,0.083858,-0.767993,0.425427,0.478775,-0.004075,-0.024405,-0.021026,0.003048,-0.071254,0.121927,-1.914901,-0.138609,0.023374,0.335618,0.424202,-0.201609,0.882835,-0.28165,0.897097,0.340329,-0.861107,-0.392767,0.322633,-0.00244,0.022947,0.018026,-0.124699,0.271851,0.252358,-1.104736,0.048853,0.029976,-0.018249,-0.433733,0.149564,0.888541,0.299267,-0.906234,0.298627,0.84989,0.395436,0.348304,-0.001266,0.011749,0.009231,-0.210684,0.422779,0.386744,-0.834049,0.078536,0.025716,-0.077616,-0.473823,0.177962,-0.86245,-0.430393,-0.901228,0.050491,-0.768279,0.395116,0.503616,-0.002291,-0.018204,-0.006753,-0.037966,0.058991,-0.091259,-0.953636
261,0.134673,-0.002195,0.338602,-0.461835,0.14721,-0.87469,-0.442933,-0.892635,0.083577,-0.767907,0.42584,0.478546,-0.003744,-0.022425,-0.019496,0.00306,-0.071201,0.121959,-1.915083,-0.138707,0.0242,0.336328,0.427639,-0.210907,0.878997,-0.273809,0.896416,0.348427,-0.861941,-0.389414,0.324464,-0.002277,0.021408,0.01668,0.002922,-0.028282,0.050245,-1.111342,0.048804,0.03039,-0.017894,-0.436712,0.160031,0.885252,0.291356,-0.905849,0.307486,0.851113,0.392207,0.348969,-0.001173,0.010919,0.008511,0.013821,-0.044581,0.034163,-0.862788,0.078559,0.025162,-0.077982,-0.473329,0.178452,-0.86262,-0.431056,-0.90093,0.050147,-0.768212,0.395573,0.503359,-0.001846,-0.011117,-0.009665,0.002447,-0.071162,0.122313,-0.96229
262,0.134737,-0.002714,0.338299,-0.461656,0.147404,-0.874752,-0.443266,-0.892478,0.083485,-0.767823,0.426101,0.478448,0.010537,-0.021604,-0.018824,-0.000268,0.014325,-0.020221,-1.91527,-0.138741,0.024608,0.336657,0.42822,-0.218274,0.876912,-0.261744,0.898755,0.351659,-0.865397,-0.379841,0.326606,-0.002212,0.020782,0.016129,4.850293,1.912489,1.853653,-1.134838,0.048787,0.030593,-0.017729,-0.438787,0.164772,0.883355,0.284569,-0.906968,0.310529,0.852341,0.387632,0.351077,-0.001134,0.010544,0.008183,0.005674,-0.030451,0.041131,-0.870953,0.078586,0.024909,-0.078128,-0.473135,0.178666,-0.862681,-0.43141,-0.900766,0.050052,-0.768132,0.395851,0.503263,-0.001878,-0.01573,-0.004739,-0.032734,-0.056102,0.104982,-0.962127
263,0.134907,-0.003676,0.337848,-0.46224,0.145031,-0.87484,-0.438756,-0.894709,0.083441,-0.770057,0.422226,0.478295,0.01126,-0.017515,-0.015354,0.004073,-0.085788,0.151585,-1.915408,-0.138837,0.025408,0.337252,0.427161,-0.224621,0.875826,-0.25007,0.901437,0.353285,-0.869365,-0.369648,0.327761,-0.002104,0.019759,0.015223,0.004045,-0.030899,0.048482,-1.388034,0.04874,0.030992,-0.017433,-0.436589,0.173683,0.882736,0.267669,-0.911677,0.311763,0.858919,0.372394,0.351539,-0.00107,0.009949,0.007668,0.003238,-0.031949,0.048226,-0.906061,0.078671,0.024425,-0.078355,-0.473803,0.176202,-0.862822,-0.426813,-0.902957,0.049979,-0.770285,0.391944,0.503029,-0.001452,-0.013209,-0.002582,-0.03714,0.044439,-0.066955,-0.959514
264,0.135173,-0.004565,0.337568,-0.461696,0.145627,-0.875029,-0.439845,-0.894195,0.083201,-0.769762,0.423105,0.477991,-0.002462,-0.02375,-0.002874,-0.036588,0.04393,-0.067143,-1.91514,-0.138874,0.026216,0.337904,0.43165,-0.231644,0.871786,-0.24205,0.901194,0.359437,-0.869424,-0.365877,0.33181,-0.002282,0.021389,0.016351,0.004045,-0.030895,0.048484,-1.405461,0.048721,0.031393,-0.017109,-0.441245,0.180798,0.878984,0.25962,-0.911888,0.317893,0.85901,0.368471,0.355427,-0.001175,0.010929,0.008358,0.005801,-0.04418,0.069,-0.904101,0.078805,0.023989,-0.078495,-0.473124,0.176929,-0.863046,-0.427982,-0.902424,0.049619,-0.770054,0.392844,0.502681,-0.001177,-0.011585,-0.001186,-0.036283,0.029474,-0.042028,-0.952166
265,0.135451,-0.005339,0.337427,-0.464556,0.148189,-0.873082,-0.435959,-0.89641,0.079759,-0.770249,0.417491,0.482126,0.012088,-0.02188,-0.001215,-0.01479,0.085846,0.028006,-1.914819,-0.139025,0.026983,0.338483,0.439657,-0.23793,0.866073,-0.232898,0.901009,0.36589,-0.867921,-0.362276,0.339607,-0.01505,0.018047,0.014961,0.0061,-0.025126,0.013092,-1.407702,0.04865,0.03178,-0.016818,-0.449555,0.186989,0.873461,0.250372,-0.912268,0.324158,0.857446,0.364418,0.363298,-0.001057,0.009834,0.007467,-0.005376,-0.014584,0.049304,-0.900998,0.078943,0.023597,-0.07857,-0.476162,0.17954,-0.860833,-0.424062,-0.904467,0.045926,-0.77035,0.386915,0.50681,0.006228,-0.005385,-0.004761,0.020903,-0.03541,0.214685,-0.950697
266,0.135598,-0.005691,0.337401,-0.464391,0.148417,-0.873131,-0.436504,-0.896143,0.079773,-0.770039,0.417982,0.482035,0.01241,-0.020023,0.000421,-0.034693,0.015668,-0.012144,-1.914391,-0.139115,0.027357,0.338758,0.444226,-0.237981,0.863725,-0.231235,0.900873,0.367277,-0.866042,-0.362581,0.34405,-0.002053,0.019295,0.014593,0.038255,-0.108156,-0.003643,-1.408457,0.048601,0.031965,-0.01668,-0.454025,0.187097,0.871123,0.248697,-0.912232,0.325546,0.855576,0.364452,0.367646,-0.007517,0.00895,0.007401,0.035258,-0.093606,-0.040174,-0.898712,0.079016,0.023419,-0.078584,-0.475925,0.179682,-0.860935,-0.42465,-0.904186,0.046038,-0.770173,0.387507,0.506627,-0.000754,-0.009055,0.001034,-0.04029,0.018274,-0.047985,-0.948574
267,0.135987,-0.006255,0.337445,-0.463677,0.150078,-0.873227,-0.432746,-0.898348,0.075329,-0.772586,0.412622,0.482578,0.013484,-0.004678,-0.004126,0.002392,-0.013454,0.032413,-1.905232,-0.139385,0.028043,0.339282,0.456732,-0.233694,0.858355,-0.227481,0.902037,0.366764,-0.860526,-0.362481,0.357723,-0.00183,0.017291,0.012992,0.108611,-0.264927,-0.109501,-1.409478,0.048465,0.032311,-0.016416,-0.466224,0.183057,0.86552,0.244962,-0.91339,0.325133,0.850075,0.363605,0.381002,-0.007361,0.007664,0.006385,0.156536,-0.424725,-0.022233,-0.892181,0.079211,0.023131,-0.078561,-0.475237,0.181394,-0.860956,-0.420917,-0.906152,0.041425,-0.772643,0.382078,0.506989,0.00657,-0.007861,0.002111,-0.04062,0.001163,-0.019716,-0.946288
268,0.136676,-0.006728,0.33764,-0.462842,0.148909,-0.87387,-0.429301,-0.900114,0.073936,-0.775003,0.409184,0.481628,0.027888,-0.012822,0.006843,-0.033382,-0.014653,0.041682,-1.903837,-0.139641,0.028697,0.339778,0.46491,-0.233223,0.854083,-0.224263,0.902115,0.368549,-0.856992,-0.362591,0.365999,-0.00171,0.016242,0.012127,0.021921,-0.135247,0.182635,-1.410265,0.048343,0.032632,-0.016173,-0.474578,0.182018,0.861187,0.241922,-0.913733,0.326441,0.846314,0.363262,0.389604,-0.000911,0.008585,0.006414,-0.010264,-0.013059,0.057187,-0.89414,0.079544,0.022897,-0.078468,-0.474385,0.180074,-0.861702,-0.417428,-0.907825,0.040091,-0.775056,0.378717,0.505826,0.014003,-0.006025,0.003755,-0.033829,-0.014863,0.041562,-0.944492
269,0.137066,-0.006929,0.337802,-0.462968,0.146892,-0.874144,-0.424908,-0.902243,0.073368,-0.777344,0.40521,0.481216,0.028195,-0.010957,0.008496,-0.033388,-0.014695,0.041661,-1.905454,-0.139814,0.029031,0.339992,0.466045,-0.234185,0.8532,-0.223393,0.90186,0.3697,-0.856604,-0.362604,0.366893,-0.014577,0.014649,0.012134,7.7e-05,-0.000474,-0.005159,-1.410728,0.048256,0.032806,-0.016062,-0.475657,0.183356,0.860308,0.241031,-0.913431,0.327942,0.845963,0.363349,0.390286,-0.001603,0.014275,0.002489,0.036788,-0.032807,0.071736,-0.898712,0.079744,0.022797,-0.078387,-0.474473,0.178073,-0.862069,-0.413013,-0.909873,0.039371,-0.777364,0.374726,0.505257,0.014159,-0.005073,0.004596,-0.033157,-0.028881,0.066785,-0.944982
270,0.137943,-0.007393,0.338208,-0.463835,0.147836,-0.873526,-0.421721,-0.903935,0.070887,-0.77856,0.401075,0.482711,0.028251,-0.010683,0.008722,-0.032855,-0.012794,0.04274,-1.907438,-0.140203,0.02975,0.340433,0.469101,-0.236549,0.85087,-0.221586,0.901032,0.372794,-0.855408,-0.363124,0.369163,-0.001805,0.017364,0.012843,0.004035,-0.03092,0.048471,-1.410195,0.048056,0.033168,-0.015839,-0.478734,0.185845,0.858064,0.239177,-0.912766,0.331135,0.844753,0.363754,0.392522,-0.00091,0.008683,0.006428,0.004912,-0.027969,0.04512,-0.897733,0.080184,0.022569,-0.078179,-0.475424,0.179098,-0.861333,-0.409831,-0.911422,0.036699,-0.778465,0.370449,0.506712,0.007134,-0.004446,0.005138,-0.038805,-0.026979,0.030553,-0.949554
271,0.138706,-0.008067,0.338741,-0.469056,0.155459,-0.869404,-0.419282,-0.905566,0.064223,-0.776741,0.394451,0.491027,0.013722,-0.021671,0.017136,0.092809,0.495963,0.493545,-1.907799,-0.140624,0.030411,0.34088,0.467602,-0.249656,0.847946,-0.214331,0.898552,0.382885,-0.858073,-0.360467,0.365563,-0.01448,0.014569,0.011916,0.0268,0.262782,0.223604,-1.410464,0.04785,0.033495,-0.015618,-0.477724,0.198678,0.855749,0.232043,-0.910961,0.341035,0.84731,0.361492,0.389085,-0.000804,0.007735,0.005695,0.277195,0.489405,0.414025,-0.899366,0.080572,0.02224,-0.077913,-0.479591,0.184475,-0.857881,-0.407213,-0.912794,0.031366,-0.777283,0.364384,0.512888,0.013908,-0.01132,0.008124,-0.059921,0.047168,0.052641,-0.953309
272,0.138994,-0.008473,0.339049,-0.471571,0.160362,-0.867151,-0.420731,-0.905092,0.06136,-0.774431,0.393568,0.495366,0.013652,-0.022222,0.016652,0.047589,0.446543,0.236858,-1.907732,-0.14079,0.030698,0.341116,0.463501,-0.2574,0.847882,-0.208942,0.898063,0.386989,-0.861617,-0.356206,0.36138,-0.014418,0.014149,0.011571,-0.140537,0.305391,0.201925,-1.410156,0.047767,0.033639,-0.0155,-0.47401,0.20624,0.856024,0.226414,-0.910943,0.344844,0.850911,0.357275,0.3851,-0.000862,0.008321,0.006106,-0.222039,0.422129,0.352859,-0.899856,0.080716,0.022038,-0.077758,-0.482576,0.190208,-0.85495,-0.408816,-0.912192,0.027812,-0.774589,0.362939,0.517962,-0.000216,-0.010475,0.008879,0.118294,0.690807,0.3307,-0.951676
273,0.139292,-0.009404,0.33979,-0.48097,0.176603,-0.858792,-0.424242,-0.90406,0.051625,-0.766691,0.388941,0.51082,-0.000658,-0.031731,0.02643,0.106145,0.827445,0.383817,-1.90542,-0.140957,0.031285,0.34158,0.454968,-0.273616,0.847425,-0.187326,0.900842,0.39157,-0.871081,-0.336556,0.357507,-0.001542,0.015082,0.01099,-0.024657,0.042107,0.063211,-1.409359,0.047679,0.033938,-0.015263,-0.465043,0.223705,0.856557,0.20481,-0.914111,0.349932,0.86127,0.338165,0.379284,-0.000781,0.007546,0.005503,-8.5e-05,0.004492,0.040098,-0.901815,0.08087,0.021562,-0.077383,-0.491888,0.205616,-0.84603,-0.412437,-0.910799,0.018436,-0.766773,0.358003,0.532815,-0.000337,-0.015869,0.013207,0.087097,0.774382,0.35712,-0.951187
274,0.139295,-0.010428,0.340685,-0.486372,0.195189,-0.851698,-0.428191,-0.902892,0.03754,-0.761065,0.3827,0.523782,-0.000663,-0.031788,0.026413,0.027849,0.538705,0.22074,-1.903503,-0.141073,0.031851,0.34202,0.447423,-0.28626,0.847266,-0.176754,0.900311,0.397658,-0.877172,-0.327322,0.351131,-0.000115,0.003203,0.018384,-0.065996,0.060911,0.050973,-1.408908,0.047621,0.034219,-0.01505,-0.457784,0.236476,0.857037,0.194161,-0.914117,0.355935,0.867603,0.329345,0.372554,-0.000789,0.007642,0.005538,-0.011432,0.016125,0.081453,-0.897569,0.080871,0.021063,-0.076945,-0.497849,0.224678,-0.837654,-0.416605,-0.909079,0.003768,-0.760648,0.350847,0.546186,-0.000335,-0.015853,0.013241,0.087378,0.635186,0.492412,-0.951513
275,0.139157,-0.011541,0.341677,-0.488754,0.210537,-0.846664,-0.427362,-0.9038,0.021896,-0.760003,0.372266,0.532768,-0.000576,-0.031204,0.026967,0.016862,0.338583,0.184341,-1.904175,-0.141072,0.032404,0.342415,0.43982,-0.299466,0.846681,-0.160468,0.901307,0.40228,-0.884115,-0.312423,0.347268,-0.001428,0.013949,0.010057,-0.001176,-0.01956,0.056172,-1.408483,0.047622,0.034486,-0.014854,-0.450422,0.24981,0.857154,0.177844,-0.915714,0.360331,0.874923,0.314742,0.368031,-0.0007,0.006751,0.004868,0.019664,-0.049508,0.037549,-0.901815,0.080803,0.020505,-0.07645,-0.50066,0.240203,-0.831649,-0.415978,-0.909292,-0.012206,-0.759145,0.339837,0.555166,-0.007347,-0.014876,0.014131,0.132277,0.247402,0.517103,-0.95233
276,0.139041,-0.012081,0.342169,-0.489865,0.219345,-0.843781,-0.429831,-0.902773,0.014799,-0.757893,0.369654,0.53757,-0.000221,-0.01973,0.018941,0.097024,0.475847,0.490033,-1.903463,-0.141085,0.032623,0.342596,0.432985,-0.30916,0.846721,-0.150149,0.901399,0.406042,-0.889282,-0.302559,0.342781,9.7e-05,0.001102,0.016796,-0.095422,0.453363,0.326921,-1.407969,0.047615,0.034608,-0.014755,-0.445038,0.2582,0.857481,0.167351,-0.916683,0.362883,0.879735,0.304997,0.364748,4.3e-05,0.000501,0.008367,-0.198408,0.605324,0.427005,-0.904754,0.080744,0.02023,-0.076202,-0.50115,0.247541,-0.829199,-0.418399,-0.90808,-0.018218,-0.757489,0.337807,0.558655,-0.007418,-0.015296,0.013767,0.091009,0.534914,0.479543,-0.953309
277,0.138707,-0.013046,0.343104,-0.491165,0.23139,-0.839798,-0.434343,-0.900713,0.005793,-0.754472,0.367312,0.543949,-0.014302,-0.018001,0.020494,0.014098,0.254706,0.275281,-1.902267,-0.141079,0.033033,0.342898,0.419024,-0.328957,0.846285,-0.123669,0.902615,0.412221,-0.899972,-0.276981,0.336446,-0.000932,0.009083,0.006509,-0.099936,0.201782,0.171438,-1.40713,0.047618,0.034808,-0.014607,-0.43088,0.279024,0.858188,0.140933,-0.91852,0.3694,0.891335,0.280115,0.356448,0.005825,0.005856,0.003615,-0.176367,0.31884,0.325261,-0.904754,0.080583,0.019757,-0.075746,-0.503091,0.26005,-0.82418,-0.42302,-0.905701,-0.027554,-0.753626,0.334782,0.565656,-0.007213,-0.009306,0.009979,0.070516,0.571678,0.215222,-0.949554
278,0.138305,-0.013888,0.344012,-0.49286,0.235097,-0.837773,-0.433196,-0.901282,0.001867,-0.754024,0.363543,0.547094,-0.014415,-0.027712,0.030133,-0.099009,-0.042259,0.122135,-1.888424,-0.141009,0.033382,0.343114,0.406089,-0.345551,0.845977,-0.102724,0.902537,0.4181,-0.908485,-0.256259,0.329925,0.011907,0.009238,0.005435,-0.011042,0.001512,0.075293,-1.406683,0.047648,0.034985,-0.014497,-0.417512,0.296727,0.858857,0.120034,-0.918886,0.375817,0.900708,0.26,0.348028,-0.000378,0.003616,0.002587,0.017427,-0.029125,0.016891,-0.905734,0.080382,0.019335,-0.075293,-0.505353,0.264483,-0.82138,-0.422002,-0.906026,-0.032102,-0.752683,0.330401,0.569476,-0.007132,-0.008716,0.01051,-0.081169,0.014273,-0.079538,-0.945798
279,0.138103,-0.014265,0.344471,-0.490991,0.239749,-0.837553,-0.435224,-0.900303,-0.002637,-0.754078,0.362925,0.547429,0.000101,-0.017562,0.020906,-0.06258,-0.05423,0.145796,-1.883754,-0.140973,0.033502,0.343195,0.398435,-0.354647,0.845853,-0.092513,0.901894,0.421857,-0.912953,-0.245894,0.325447,0.012147,0.006858,0.00373,0.394729,0.242589,0.258346,-1.40677,0.047666,0.035045,-0.014456,-0.410685,0.305219,0.859173,0.11143,-0.918441,0.379537,0.904942,0.251608,0.343179,-0.000167,0.002509,0.001703,4.661077,2.367963,1.858479,-0.910469,0.08028,0.019142,-0.075061,-0.503393,0.269201,-0.821051,-0.424161,-0.904845,-0.036619,-0.752782,0.329824,0.569678,-0.007162,-0.013439,0.015448,-0.110265,-0.054581,0.080131,-0.945961
280,0.137682,-0.014931,0.345495,-0.486641,0.241367,-0.839624,-0.43327,-0.901213,-0.008014,-0.758015,0.359578,0.544191,0.000431,-0.024504,0.032999,-0.100272,-0.065649,0.147211,-1.884741,-0.140913,0.03358,0.343316,0.380504,-0.374729,0.84545,-0.067016,0.900562,0.429453,-0.92276,-0.219602,0.316467,-0.000314,0.003038,0.002166,0.323657,0.406052,0.322551,-1.4063,0.0477,0.035087,-0.014394,-0.392898,0.326081,0.859826,0.084343,-0.918299,0.386797,0.915705,0.224492,0.333295,-0.000145,0.001341,0.000957,0.330386,0.403323,0.320449,-0.917491,0.080064,0.018802,-0.074548,-0.498919,0.270674,-0.823294,-0.422223,-0.905525,-0.041841,-0.75684,0.326739,0.566069,-0.006759,-0.006259,0.012688,-0.069735,-0.062199,0.12974,-0.944492
281,0.137173,-0.015633,0.346692,-0.480673,0.244159,-0.842251,-0.431345,-0.90204,-0.015385,-0.762908,0.355596,0.539953,-0.013581,-0.022137,0.035082,-0.101245,-0.050273,0.11788,-1.884852,-0.140782,0.033621,0.343357,0.363848,-0.392311,0.844806,-0.041152,0.899236,0.435447,-0.930942,-0.192716,0.309954,-8.5e-05,0.000817,0.000583,-0.062253,0.130348,0.088358,-1.405984,0.047766,0.035106,-0.014375,-0.376656,0.343988,0.860117,0.058191,-0.917879,0.392571,0.924523,0.197915,0.325707,0.006292,0.001222,0.000293,-0.089405,0.169543,0.155206,-0.924022,0.07982,0.018457,-0.073959,-0.492962,0.273671,-0.825888,-0.42033,-0.906028,-0.049337,-0.761781,0.322824,0.56167,-0.0068,-0.011016,0.017597,-0.105667,-0.045876,0.111961,-0.944492
282,0.136658,-0.016296,0.347909,-0.475855,0.254226,-0.842007,-0.435074,-0.900006,-0.025921,-0.763815,0.35368,0.539929,-0.013413,-0.021018,0.036062,-0.057578,0.236147,0.044925,-1.883353,-0.14066,0.033651,0.343354,0.346054,-0.408663,0.844531,-0.015698,0.89742,0.440824,-0.938455,-0.165299,0.303053,-1.8e-05,0.000173,0.000123,0.004358,0.089617,0.060947,-1.405689,0.047827,0.03512,-0.014377,-0.358959,0.360907,0.860752,0.032873,-0.916754,0.398097,0.932774,0.171196,0.317213,-1.3e-05,8e-05,6.2e-05,0.399618,0.284288,0.194454,-0.9219,0.079558,0.018121,-0.07334,-0.487983,0.283541,-0.825515,-0.424242,-0.903586,-0.059576,-0.762817,0.321147,0.561225,-0.006697,-0.010335,0.018194,-0.029892,0.239469,0.266617,-0.945961
283,0.136357,-0.016612,0.34856,-0.477651,0.254658,-0.840859,-0.431937,-0.901462,-0.027713,-0.764472,0.349639,0.541629,-0.027207,-0.008282,0.029037,1.346051,0.073173,-0.752012,-1.881893,-0.14061,0.033632,0.343361,0.332913,-0.416294,0.846085,-0.001616,0.896935,0.442085,-0.943312,-0.148028,0.29684,1.1e-05,-0.000103,-7.3e-05,-0.021679,0.145343,0.095971,-1.405849,0.047852,0.03511,-0.014374,-0.345848,0.36876,0.862788,0.018693,-0.916642,0.399271,0.938103,0.154215,0.310126,4e-06,-8.1e-05,-5.2e-05,0.002795,0.102119,0.0768,-0.924839,0.079412,0.017958,-0.073012,-0.489892,0.285227,-0.823802,-0.422733,-0.904154,-0.06166,-0.762432,0.318041,0.563512,-0.006658,-0.00986,0.018588,4.558408,0.155985,-2.846543,-0.949064
284,0.135722,-0.017232,0.349977,-0.476198,0.271765,-0.836316,-0.436762,-0.898516,-0.043348,-0.762638,0.344285,0.547611,-0.012951,-0.018096,0.038593,-0.024142,0.311508,0.134444,-1.881752,-0.140544,0.033648,0.343354,0.310115,-0.435203,0.845232,0.022669,0.892117,0.451162,-0.950756,-0.120213,0.285437,-0.000149,0.001427,0.001017,0.025497,0.265406,0.21164,-1.405961,0.047886,0.035114,-0.01438,-0.323755,0.38795,0.862946,-0.005633,-0.912844,0.408269,0.946123,0.127318,0.297723,-4e-06,1e-06,6e-06,0.306555,0.472214,0.309642,-0.932187,0.079089,0.017652,-0.072307,-0.488741,0.301125,-0.818813,-0.426131,-0.901366,-0.077131,-0.761277,0.311224,0.568854,-0.013652,-0.008796,0.019519,0.021924,0.297565,0.329836,-0.949717
285,0.135125,-0.017944,0.35145,-0.482383,0.292945,-0.825552,-0.44402,-0.894129,-0.057895,-0.754516,0.338264,0.562415,-0.013137,-0.019202,0.037614,0.059857,0.643037,0.471043,-1.881512,-0.140546,0.033665,0.343342,0.290241,-0.448152,0.845524,0.041307,0.888522,0.456898,-0.956365,-0.09713,0.27531,-0.0,0.0,0.0,-0.016753,-0.013506,0.229789,-1.40582,0.047884,0.035126,-0.014384,-0.303677,0.401436,0.864076,-0.024424,-0.909887,0.414135,0.952461,0.104659,0.286116,-3e-06,-4e-06,3e-06,0.020783,0.068758,0.05333,-0.936106,0.078792,0.0173,-0.071567,-0.494467,0.32058,-0.807916,-0.433459,-0.896618,-0.090488,-0.753402,0.305455,0.582307,-0.013641,-0.008702,0.019588,0.069828,0.710598,0.469408,-0.943839
286,0.134786,-0.018271,0.352184,-0.484611,0.304144,-0.820179,-0.448125,-0.891524,-0.065886,-0.750651,0.33523,0.56936,-0.02717,-0.016979,0.039509,0.025128,0.410385,0.537337,-1.879531,-0.140545,0.033656,0.343348,0.278252,-0.457164,0.84473,0.056167,0.88562,0.460929,-0.959153,-0.080243,0.271017,-0.0,0.0,0.0,0.237395,0.52807,0.577207,-1.405715,0.047885,0.035122,-0.014381,-0.294113,0.409175,0.863755,-0.039531,-0.90816,0.41675,0.954952,0.088426,0.283277,4e-06,-4e-06,-5e-06,1.208169,1.211437,0.74844,-0.937739,0.078627,0.017134,-0.071202,-0.497462,0.332289,-0.80132,-0.437718,-0.893661,-0.098844,-0.748955,0.301582,0.590011,-0.006474,-0.008886,0.01943,0.060448,0.641555,0.500687,-0.940573
287,0.134094,-0.018871,0.353685,-0.487414,0.327693,-0.809377,-0.457324,-0.88539,-0.083129,-0.743254,0.329216,0.582422,-0.026985,-0.015858,0.040442,-0.019606,0.234936,0.446732,-1.871043,-0.140549,0.03361,0.34334,0.257397,-0.463528,0.847868,0.073531,0.884204,0.461205,-0.963766,-0.055795,0.260585,0.000162,-0.001553,-0.001107,-0.149284,0.306733,0.205764,-1.405365,0.047882,0.035101,-0.014383,-0.272461,0.41658,0.867309,-0.057173,-0.906829,0.417602,0.960466,0.064194,0.270893,9.1e-05,-0.000917,-0.000645,-0.229989,0.361109,0.454166,-0.938882,0.078281,0.016834,-0.070452,-0.500822,0.355897,-0.788995,-0.447261,-0.886832,-0.116126,-0.741035,0.294728,0.603324,-0.006366,-0.008229,0.019988,-0.009907,0.244413,0.521222,-0.942206
288,0.133454,-0.019391,0.355198,-0.486469,0.347815,-0.80151,-0.46668,-0.878938,-0.098233,-0.738046,0.325823,0.590894,-0.012642,-0.016212,0.04012,0.024132,0.460718,0.594532,-1.862343,-0.140595,0.033586,0.343303,0.237034,-0.475317,0.847278,0.091793,0.879108,0.467629,-0.967392,-0.032483,0.25092,9.4e-05,-0.000902,-0.000643,1.158977,1.273847,0.754629,-1.405112,0.047859,0.035087,-0.014403,-0.254293,0.427758,0.867385,-0.074348,-0.90286,0.423455,0.964264,0.043193,0.261393,0.000161,-0.000557,-0.00057,4.699823,2.47875,1.574499,-0.932677,0.077961,0.01658,-0.069711,-0.498935,0.37388,-0.781841,-0.456525,-0.880221,-0.129592,-0.736646,0.292272,0.609859,-0.013253,-0.001933,0.016345,-0.056747,-0.112693,0.297727,-0.946451
289,0.132754,-0.019712,0.35665,-0.483384,0.357082,-0.799298,-0.472977,-0.874799,-0.104841,-0.736067,0.326922,0.592752,-0.026284,-0.011862,0.043751,-0.101056,0.074771,-0.046757,-1.861329,-0.140597,0.033509,0.343285,0.222447,-0.479927,0.848634,0.105121,0.877094,0.468603,-0.96948,-0.014437,0.244467,0.00158,-0.013256,0.00648,-0.016171,0.225206,0.321997,-1.404954,0.047858,0.035055,-0.014413,-0.237917,0.433589,0.869134,-0.088851,-0.900793,0.42506,0.967212,0.023906,0.252839,3e-05,-0.00031,-0.000215,0.225349,0.601537,0.378572,-0.928105,0.07761,0.016409,-0.068973,-0.49679,0.385036,-0.777782,-0.46342,-0.875425,-0.137375,-0.733785,0.292194,0.613335,-0.005961,-0.001449,0.016735,-0.067988,-0.089534,0.155836,-0.947431
290,0.132372,-0.019813,0.357373,-0.483355,0.360409,-0.797821,-0.475212,-0.873362,-0.106697,-0.734646,0.327108,0.59441,-0.026024,-0.001608,0.034475,-0.065828,0.060001,-0.029337,-1.861469,-0.140593,0.03348,0.343276,0.213454,-0.482309,0.849592,0.114216,0.87591,0.468689,-0.970461,-0.002412,0.240962,0.000153,-0.001467,-0.001047,-0.118465,0.240468,0.163302,-1.404562,0.04786,0.035035,-0.014416,-0.228949,0.436255,0.870208,-0.098105,-0.899742,0.42525,0.968481,0.011989,0.248794,9.3e-05,-0.000922,-0.000652,-0.196583,0.366579,0.256038,-0.932024,0.07742,0.016357,-0.068606,-0.496751,0.38822,-0.776223,-0.465694,-0.873949,-0.139071,-0.73237,0.292399,0.614927,-0.0061,-0.006732,0.021204,-0.102456,-0.053555,0.116616,-0.944165
291,0.131549,-0.019965,0.358802,-0.486634,0.360073,-0.795977,-0.472796,-0.874673,-0.106687,-0.734036,0.323965,0.596879,-0.011758,-0.002494,0.033665,-0.065415,0.037387,-0.004535,-1.858739,-0.140564,0.033385,0.343242,0.188733,-0.485852,0.853416,0.129672,0.873674,0.468842,-0.973606,0.022777,0.226796,0.000173,-0.001662,-0.001187,-0.246456,0.822932,-0.440103,-1.404441,0.047875,0.034987,-0.014433,-0.206433,0.441948,0.872964,-0.114566,-0.896962,0.427005,0.97173,-0.011864,0.235795,0.000124,-0.001221,-0.000865,-0.231427,0.47423,0.32541,-0.933493,0.077003,0.016282,-0.067891,-0.49998,0.387663,-0.774426,-0.463218,-0.875262,-0.13908,-0.731742,0.289191,0.617187,-0.012984,-0.000622,0.017362,-0.070281,0.024394,-0.049809,-0.940409
292,0.130729,-0.020012,0.36025,-0.483493,0.365386,-0.79547,-0.473837,-0.873291,-0.113196,-0.735442,0.321734,0.596355,-0.025675,-0.008859,0.046054,-0.104249,0.058187,-0.055067,-1.860049,-0.140597,0.033245,0.343135,0.172223,-0.491787,0.853508,0.142407,0.869702,0.472517,-0.974865,0.040773,0.21872,0.000448,-0.004297,-0.003072,-0.017512,0.044131,0.029564,-1.404275,0.047858,0.034921,-0.014484,-0.186778,0.447114,0.874758,-0.126032,-0.893975,0.430026,0.974284,-0.029928,0.223326,0.00027,-0.002612,-0.00186,0.015117,0.021472,-0.021017,-0.935616,0.076597,0.016259,-0.067173,-0.496816,0.393018,-0.773762,-0.464332,-0.873611,-0.145597,-0.73319,0.286947,0.616515,-0.012676,0.00099,0.018662,-0.078536,0.019971,-0.05517,-0.940573
293,0.129795,-0.020084,0.362006,-0.481945,0.37252,-0.793097,-0.475459,-0.871436,-0.120459,-0.735414,0.318562,0.598091,-0.024692,-0.003648,0.050259,0.400454,-0.206292,0.591414,-1.864373,-0.140547,0.032954,0.342937,0.154698,-0.495601,0.854657,0.154483,0.866484,0.474631,-0.975942,0.059216,0.209508,0.000783,-0.007512,-0.005386,-0.19292,0.389628,0.264605,-1.404278,0.047882,0.03478,-0.014579,-0.172032,0.449839,0.876383,-0.139152,-0.891823,0.430449,0.975213,-0.047899,0.216018,0.000474,-0.004545,-0.003251,0.009855,-0.005978,-0.037997,-0.936759,0.076129,0.016216,-0.066301,-0.495886,0.39951,-0.77103,-0.46611,-0.871598,-0.151842,-0.732691,0.284089,0.61843,-0.012368,-0.001875,0.025086,1.530376,-1.037853,1.918996,-0.93649
294,0.129274,-0.020198,0.363097,-0.48401,0.374172,-0.79106,-0.47715,-0.870587,-0.119911,-0.732957,0.318946,0.600895,-0.024106,-0.000582,0.052703,-0.093157,0.098918,-0.003804,-1.868625,-0.140501,0.032786,0.342813,0.150392,-0.493792,0.856471,0.158868,0.867056,0.472132,-0.975906,0.065669,0.207746,0.000966,-0.009257,-0.006648,-0.005334,0.022182,-0.019735,-1.404239,0.047906,0.034695,-0.014642,-0.165266,0.449248,0.877987,-0.142655,-0.891756,0.429441,0.975876,-0.054277,0.211464,0.000496,-0.004746,-0.003403,0.008651,-0.006016,-0.031361,-0.940515,0.075869,0.016156,-0.065758,-0.497503,0.401645,-0.768876,-0.467754,-0.870663,-0.152155,-0.730545,0.283948,0.621029,-0.012168,-0.005113,0.03126,-0.134662,0.087175,-0.035464,-0.93796
295,0.128194,-0.020619,0.365777,-0.481493,0.38406,-0.78785,-0.475509,-0.869531,-0.133339,-0.735677,0.309945,0.602279,-0.023212,-0.004762,0.066719,1.599755,-0.617017,2.105016,-1.874818,-0.140376,0.032422,0.342519,0.138336,-0.494744,0.857953,0.160526,0.865947,0.473604,-0.977401,0.072816,0.198109,0.013927,-0.009827,-0.008265,-0.065422,0.133243,0.095305,-1.404249,0.047969,0.034509,-0.014792,-0.1533,0.450386,0.879574,-0.144255,-0.890759,0.430972,0.977593,-0.060815,0.201524,0.006984,-0.005079,-0.004249,-0.056457,0.116726,0.085285,-0.944271,0.07532,0.015945,-0.064398,-0.494461,0.409409,-0.766741,-0.46615,-0.869441,-0.163632,-0.733629,0.276507,0.620751,-0.011569,-0.002092,0.033593,1.58986,-0.648534,2.080126,-0.939756
296,0.127255,-0.021246,0.368809,-0.475048,0.395687,-0.786006,-0.481075,-0.864657,-0.144596,-0.736256,0.30894,0.602088,-0.023141,-0.01336,0.077076,-0.114774,0.254614,0.268964,-1.876482,-0.140284,0.031919,0.342176,0.121473,-0.499278,0.85788,0.172871,0.861631,0.477118,-0.977516,0.090959,0.189874,0.001392,-0.013302,-0.009632,-0.042411,0.430434,0.237419,-1.40435,0.048015,0.034257,-0.014964,-0.137665,0.454724,0.879928,-0.157086,-0.887166,0.433889,0.977942,-0.078493,0.193563,0.000715,-0.006818,-0.004931,-0.109214,0.536607,0.31154,-0.94427,0.07486,0.015641,-0.062908,-0.488271,0.422232,-0.763747,-0.471801,-0.863959,-0.176007,-0.734162,0.274397,0.621055,-0.011625,-0.00673,0.038522,-0.094294,0.406914,0.334371,-0.930939
297,0.126822,-0.021558,0.370363,-0.473115,0.40069,-0.784636,-0.484561,-0.862106,-0.148142,-0.735216,0.309613,0.603012,-0.023052,-0.013063,0.077175,-0.14233,0.127112,0.177802,-1.876643,-0.140207,0.031654,0.34198,0.11575,-0.500558,0.857925,0.176947,0.860225,0.47816,-0.977474,0.097075,0.187042,0.00151,-0.014418,-0.010467,0.094673,0.162203,0.020114,-1.404502,0.048053,0.034125,-0.015062,-0.130612,0.456777,0.87994,-0.160704,-0.88556,0.43584,0.978321,-0.084484,0.189071,0.000767,-0.00729,-0.005287,0.122867,0.118117,-0.010284,-0.941168,0.074636,0.015483,-0.0621,-0.486796,0.427843,-0.761563,-0.475587,-0.861104,-0.179766,-0.732697,0.27468,0.622659,-0.011543,-0.006368,0.038741,-0.145913,0.116878,0.170613,-0.929632
298,0.126025,-0.02195,0.373539,-0.473082,0.40969,-0.779995,-0.486441,-0.859564,-0.156516,-0.733997,0.304861,0.606907,-0.007827,-0.008449,0.080513,-0.09016,0.506622,0.196662,-1.878048,-0.140054,0.031117,0.341543,0.107381,-0.496105,0.861592,0.1797,0.861934,0.474039,-0.977916,0.104534,0.1806,0.001613,-0.015356,-0.011208,-0.004391,0.031813,-0.048587,-1.40481,0.048129,0.033861,-0.015277,-0.12253,0.452127,0.883496,-0.163623,-0.887226,0.431343,0.978883,-0.091708,0.18269,0.000792,-0.007478,-0.005456,0.002886,0.002295,-0.026465,-0.947863,0.074239,0.015285,-0.060545,-0.485728,0.435269,-0.758029,-0.477292,-0.85858,-0.187168,-0.732297,0.270889,0.624787,-0.010842,-0.002867,0.041346,-0.077604,0.46954,0.388988,-0.930775
299,0.125556,-0.022103,0.376679,-0.469514,0.412652,-0.78059,-0.487048,-0.858409,-0.160905,-0.735885,0.304119,0.604989,-0.007419,-0.006546,0.081579,-0.174437,0.035694,-0.014537,-1.880164,-0.139966,0.030479,0.341099,0.102836,-0.492817,0.86403,0.177739,0.863679,0.471595,-0.978757,0.10568,0.175302,-0.00983,-0.028141,-0.003281,-0.040592,0.039302,-0.072595,-1.404725,0.048177,0.033551,-0.015499,-0.118054,0.448894,0.885752,-0.161645,-0.888779,0.428884,0.979762,-0.092546,0.177485,0.000852,-0.008053,-0.005911,-0.002494,0.025793,-0.051084,-0.952925,0.074005,0.015212,-0.058972,-0.48321,0.439527,-0.75718,-0.478108,-0.85698,-0.192345,-0.73343,0.269071,0.624243,-0.003511,0.002283,0.036467,-0.133462,-0.075163,0.207522,-0.932572
300,0.125442,-0.022098,0.378215,-0.470613,0.414339,-0.779033,-0.484741,-0.859099,-0.164159,-0.736704,0.299853,0.606121,0.006858,0.00216,0.070782,-0.117219,-0.053379,0.214303,-1.88147,-0.139954,0.030179,0.340892,0.101198,-0.489271,0.866236,0.176897,0.8656,0.468378,-0.979078,0.106436,0.173037,0.001582,-0.015073,-0.011096,-0.031642,0.160273,-0.259022,-1.405201,0.048179,0.033388,-0.015605,-0.116456,0.445376,0.887737,-0.160751,-0.890486,0.425667,0.9801,-0.093134,0.175297,-0.005662,-0.007936,-0.005233,-0.104487,0.507857,-0.830624,-0.953578,0.073943,0.015213,-0.058198,-0.484579,0.441179,-0.755343,-0.475802,-0.857522,-0.195616,-0.734026,0.264603,0.625452,-0.003471,0.002423,0.036451,-0.105696,0.008718,-0.004807,-0.932735
301,0.125247,-0.021852,0.38086,-0.468198,0.419798,-0.777564,-0.488208,-0.856308,-0.168412,-0.735957,0.300235,0.606838,-0.006622,0.01429,0.062418,-0.100575,0.006513,0.052196,-1.881538,-0.139972,0.029699,0.340483,0.100291,-0.48737,0.867412,0.176656,0.866599,0.46662,-0.979214,0.107033,0.171897,0.001222,-0.011671,-0.008633,-0.002018,0.015454,-0.024238,-1.405414,0.048171,0.033142,-0.015813,-0.115452,0.443255,0.888929,-0.160403,-0.891487,0.423698,0.980276,-0.09367,0.174023,-0.0058,-0.006672,-0.004326,-0.004723,0.030266,-0.053482,-0.956027,0.07385,0.015332,-0.056873,-0.482075,0.446686,-0.753706,-0.479416,-0.854538,-0.199808,-0.733323,0.265017,0.6261,-0.003412,0.006845,0.030993,-0.109635,-0.005597,0.009349,-0.925387
302,0.125167,-0.021223,0.383082,-0.470258,0.426613,-0.772596,-0.48634,-0.855728,-0.176564,-0.735878,0.292177,0.610855,-0.006739,0.021912,0.050595,-0.040901,0.135885,0.13121,-1.881294,-0.139916,0.029347,0.340172,0.096356,-0.485402,0.86896,0.175134,0.86759,0.465349,-0.979877,0.107941,0.167494,0.000844,-0.008058,-0.005982,-0.018118,0.049329,-0.001277,-1.405595,0.048199,0.032963,-0.015971,-0.11122,0.441419,0.890381,-0.158691,-0.892332,0.422563,0.981043,-0.094298,0.169294,0.000388,-0.00367,-0.002727,-0.006609,0.030331,-0.012658,-0.95766,0.073811,0.015648,-0.055754,-0.484101,0.453167,-0.748521,-0.477657,-0.853601,-0.207863,-0.733136,0.25691,0.629688,0.00336,0.009411,0.024127,-0.041064,0.161906,0.141415,-0.927999
303,0.125169,-0.020391,0.384761,-0.474191,0.435591,-0.765146,-0.489872,-0.8526,-0.181853,-0.730994,0.288043,0.618632,-0.007514,0.02608,0.036306,0.005197,0.225448,0.129916,-1.881949,-0.139898,0.029171,0.340042,0.085985,-0.482513,0.871653,0.170958,0.868983,0.464302,-0.981564,0.109685,0.156092,0.000327,-0.003125,-0.002324,-0.064041,0.146683,0.064682,-1.405612,0.048209,0.032872,-0.016039,-0.100844,0.438585,0.893013,-0.154456,-0.893608,0.421434,0.982839,-0.095432,0.157857,0.000136,-0.001259,-0.000938,-0.055715,0.132003,0.057302,-0.953905,0.07381,0.016077,-0.054892,-0.488128,0.461877,-0.74054,-0.481391,-0.850235,-0.212984,-0.728006,0.252526,0.637367,-0.003822,0.012858,0.018017,0.003896,0.214552,0.124686,-0.928816
304,0.125143,-0.019893,0.385422,-0.477621,0.441651,-0.759518,-0.491447,-0.850845,-0.18578,-0.727694,0.283976,0.624376,-0.007555,0.034173,0.025159,0.095703,0.547382,0.289934,-1.881729,-0.139876,0.029153,0.340026,0.080449,-0.483629,0.871563,0.168911,0.868286,0.466351,-0.98238,0.110292,0.150426,3.8e-05,-0.000367,-0.000273,-0.122827,0.260939,0.176769,-1.405813,0.04822,0.032861,-0.016048,-0.096413,0.439484,0.89306,-0.152831,-0.893137,0.423022,0.983537,-0.095702,0.153276,2e-06,2e-06,2e-06,-0.228418,0.461794,0.314499,-0.953741,0.0738,0.016313,-0.054571,-0.490642,0.466499,-0.735968,-0.482851,-0.84864,-0.216019,-0.725345,0.249375,0.641627,0.002957,0.011475,0.016895,0.070494,0.567199,0.338559,-0.928979
305,0.125044,-0.018845,0.386493,-0.481206,0.450514,-0.752013,-0.493984,-0.847993,-0.191988,-0.723603,0.278531,0.631543,0.005498,0.028908,0.020988,0.023583,0.091371,0.132457,-1.880413,-0.139807,0.02924,0.340071,0.071824,-0.478152,0.875331,0.165428,0.871073,0.462384,-0.98363,0.11218,0.140542,0.012586,0.004253,0.001933,-0.026086,0.121963,-0.117371,-1.405936,0.048254,0.032907,-0.016024,-0.086384,0.434452,0.896543,-0.148817,-0.895437,0.419577,0.985084,-0.097176,0.142006,0.00627,0.002352,0.001132,-0.002194,0.07846,-0.142987,-0.949006,0.073747,0.016849,-0.054027,-0.495425,0.476416,-0.726347,-0.48571,-0.845178,-0.223067,-0.720166,0.242282,0.650122,0.002689,0.014233,0.010335,0.015244,0.020984,0.099526,-0.920325
306,0.124965,-0.017805,0.387321,-0.483684,0.457231,-0.746348,-0.495776,-0.845809,-0.196938,-0.720719,0.274191,0.636718,0.005021,0.026377,0.01896,0.014277,0.034871,0.108551,-1.879276,-0.139498,0.029461,0.340203,0.054992,-0.461464,0.885448,0.158148,0.879543,0.448695,-0.985887,0.115922,0.120214,0.012279,0.007054,0.004007,-0.237169,0.585711,0.141978,-1.405955,0.048408,0.033019,-0.015957,-0.07141,0.416503,0.906325,-0.142102,-0.903624,0.404066,0.987272,-0.099937,0.123713,0.00613,0.003648,0.002087,-0.218898,0.546632,0.130931,-0.936596,0.073705,0.017357,-0.053621,-0.497858,0.482658,-0.72054,-0.487517,-0.842883,-0.22776,-0.717261,0.237883,0.65494,-0.004535,0.008724,0.014711,-0.03379,0.104224,-0.139537,-0.912487
307,0.124894,-0.017305,0.387706,-0.484384,0.459578,-0.74445,-0.49645,-0.845001,-0.198702,-0.719783,0.272757,0.63839,-0.009109,0.025365,0.018239,0.021109,0.117822,0.076588,-1.878227,-0.139266,0.029573,0.340263,0.042858,-0.448455,0.892773,0.153058,0.885915,0.437791,-0.987276,0.118432,0.105467,0.01248,0.005097,0.002552,-0.109829,0.387236,-0.204169,-1.406528,0.048514,0.033076,-0.015925,-0.057314,0.404645,0.912675,-0.136107,-0.908809,0.394384,0.989034,-0.101618,0.107163,0.006164,0.003276,0.001808,-0.175278,0.561544,-0.323216,-0.937412,0.073674,0.0176,-0.053434,-0.498316,0.484592,-0.718923,-0.488162,-0.842103,-0.229257,-0.716504,0.236708,0.656193,-0.004719,0.007697,0.013932,-0.005313,0.19259,0.085183,-0.919018
308,0.124623,-0.016431,0.388345,-0.486733,0.463395,-0.740541,-0.497213,-0.843923,-0.201357,-0.717669,0.269618,0.642095,-0.009717,0.021919,0.015656,0.015782,0.08447,0.062482,-1.876944,-0.138796,0.029821,0.340266,0.023946,-0.426483,0.904174,0.114893,0.89954,0.421381,-0.993053,0.094314,0.069386,0.011408,0.01327,-0.007639,-0.313219,0.899753,-0.036537,-1.406511,0.048758,0.03321,-0.015918,-0.039031,0.381741,0.923444,-0.097914,-0.921162,0.376659,0.994428,-0.075717,0.073331,0.005721,0.006477,-0.003938,-0.381824,1.047635,0.075781,-0.94623,0.07354,0.018047,-0.053107,-0.500777,0.488447,-0.714591,-0.489034,-0.840837,-0.232031,-0.71419,0.233264,0.659939,-0.004883,0.010893,0.007787,0.0153,0.074547,0.057141,-0.920814
309,0.124069,-0.015615,0.389028,-0.491026,0.468401,-0.734533,-0.498059,-0.842671,-0.204485,-0.714147,0.264846,0.64798,-0.0235,0.013761,0.02654,-0.028393,0.063998,-0.005732,-1.877726,-0.138316,0.029886,0.340133,0.000757,-0.411795,0.911271,0.083171,0.908066,0.410404,-0.996468,0.075983,0.033774,0.01314,-0.001049,-0.002012,-0.236123,0.79525,-0.142719,-1.406666,0.048994,0.033241,-0.015984,-0.01499,0.368079,0.929673,-0.065633,-0.928134,0.366412,0.99773,-0.055525,0.038071,0.006617,-0.000948,-0.00132,-0.29742,0.947096,-0.038754,-0.939372,0.073268,0.018453,-0.052773,-0.505153,0.493302,-0.708147,-0.489952,-0.83941,-0.235236,-0.710469,0.228128,0.665725,-0.004823,0.011039,0.007836,0.002678,-0.013349,0.018532,-0.92555
