frame,MLTx,MLTy,MLTz,MLTR1,MLTR2,MLTR3,MLTR4,MLTR5,MLTR6,MLTR7,MLTR8,MLTR9,MLTTVx,MLTTVy,MLTTVz,MLTRVx,MLTRVy,MLTRVz,MLGA,MRTx,MRTy,MRTz,MRTR1,MRTR2,MRTR3,MRTR4,MRTR5,MRTR6,MRTR7,MRTR8,MRTR9,MRTTVx,MRTTVy,MRTTVz,MRTRVx,MRTRVy,MRTRVz,MRGA,SLTx,SLTy,SLTz,SLTR1,SLTR2,SLTR3,SLTR4,SLTR5,SLTR6,SLTR7,SLTR8,SLTR9,SLTTVx,SLTTVy,SLTTVz,SLTRVx,SLTRVy,SLTRVz,SLGA,SRTx,SRTy,SRTz,SRTR1,SRTR2,SRTR3,SRTR4,SRTR5,SRTR6,SRTR7,SRTR8,SRTR9,SRTTVx,SRTTVy,SRTTVz,SRTRVx,SRTRVy,SRTRVz,SRGA
118,0.173856,-0.00991,0.366299,-0.602353,0.366975,-0.708905,-0.539249,-0.841834,0.022334,-0.587841,0.395267,0.705857,-0.02724,-0.010642,0.009747,-0.037701,0.040261,-0.07853,0.520785,-0.207054,-0.042357,0.318113,-0.640598,-0.566003,0.518909,0.766368,-0.512269,0.38755,0.047262,0.646644,0.761237,0.017049,-0.001083,0.019024,-0.030835,-0.030513,0.062323,0.361725,0.024591,0.022344,-0.010845,0.644216,0.557611,0.523503,-0.762659,0.520022,0.384615,-0.057768,-0.647029,0.760273,0.000611,0.004742,0.00545,0.001338,-0.010502,0.024518,-0.186602,0.085165,0.037589,-0.034875,0.608483,-0.356721,-0.70887,0.531471,0.846537,0.030207,0.58931,-0.395124,0.704691,-0.013623,-0.005334,0.004884,-0.037889,0.040265,-0.078362,0.044233
119,0.173128,-0.010197,0.366512,-0.60296,0.366534,-0.708617,-0.539333,-0.84175,0.023444,-0.587141,0.395855,0.70611,-0.013759,-0.000461,5.5e-05,-0.000984,0.014715,-0.029553,0.520613,-0.206566,-0.042173,0.318616,-0.644032,-0.57128,0.508776,0.764174,-0.50945,0.395515,0.034047,0.644231,0.763984,0.016397,0.00821,0.00861,0.003794,-0.028877,0.054568,0.455716,0.024836,0.022439,-0.010582,0.647811,0.562859,0.513351,-0.760501,0.517158,0.392663,-0.04447,-0.644776,0.763076,0.008209,0.00422,0.00443,0.007688,-0.021914,0.049262,0.120874,0.084801,0.037444,-0.034769,0.609081,-0.356281,-0.708577,0.531558,0.846442,0.031317,0.588613,-0.395725,0.704936,-0.006882,-0.000213,5.5e-05,-0.001117,0.014725,-0.029436,0.356281
120,0.17279,-0.010368,0.366636,-0.602986,0.366532,-0.708596,-0.539617,-0.841557,0.023808,-0.586853,0.396265,0.706119,-0.027354,-0.012237,0.008537,-0.032608,-0.034831,0.073983,0.520523,-0.206279,-0.042048,0.318824,-0.649016,-0.572395,0.501133,0.760216,-0.51091,0.401219,0.027185,0.64208,0.766066,0.016382,0.008218,0.008597,-1.004358,-1.978409,1.734654,0.486874,0.02498,0.022502,-0.010478,0.651399,0.563513,0.508065,-0.75769,0.51825,0.396639,-0.039794,-0.643327,0.764556,0.0082,0.004226,0.004421,0.006781,-0.02362,0.050614,0.282205,0.084632,0.037362,-0.034704,0.609106,-0.356282,-0.708556,0.531846,0.846248,0.031681,0.588327,-0.39614,0.704942,-0.013681,-0.00612,0.004281,-0.032716,-0.034815,0.074079,0.451806
121,0.172158,-0.010789,0.366757,-0.603058,0.361717,-0.711004,-0.530607,-0.847391,0.018872,-0.594929,0.38819,0.703843,-0.000293,-0.005754,-0.004333,0.02889,-0.099396,0.182773,0.521526,-0.205728,-0.041844,0.319123,-0.644781,-0.580219,0.497589,0.764097,-0.503071,0.403744,0.016865,0.641256,0.767052,0.016032,0.005643,0.005624,0.0038,-0.028859,0.054561,0.510994,0.025256,0.022608,-0.010323,0.648686,0.5718,0.502245,-0.760565,0.510755,0.400835,-0.027327,-0.642007,0.766211,0.007978,0.002535,0.002477,0.004587,-0.027779,0.054374,0.445822,0.084316,0.037156,-0.03464,0.609226,-0.351363,-0.710905,0.522704,0.852092,0.026798,0.596341,-0.387919,0.702776,-0.006948,-0.008637,0.002182,0.044394,-0.087969,0.117791,0.499487
122,0.171799,-0.011382,0.366599,-0.604595,0.349634,-0.715727,-0.508215,-0.861171,0.008546,-0.612629,0.36847,0.699244,-0.014473,-0.013446,-0.009773,0.532435,-0.481222,0.604904,0.520964,-0.205236,-0.041779,0.319187,-0.633671,-0.591698,0.498343,0.773486,-0.488828,0.403362,0.005724,0.641798,0.766764,0.015375,0.000424,-0.000334,-0.084441,0.018827,-0.259886,0.51879,0.025502,0.022646,-0.010285,0.637903,0.583285,0.502848,-0.769944,0.496818,0.400446,-0.01625,-0.642611,0.766019,0.007674,9.4e-05,-0.000308,-0.247802,-0.217548,-0.355826,0.485992,0.084143,0.036869,-0.034712,0.611227,-0.338901,-0.715224,0.500196,0.86574,0.017244,0.613355,-0.368292,0.698681,-0.000276,-0.012768,-0.001159,1.72857,-1.45214,1.708591,0.508958
123,0.171773,-0.011736,0.366383,-0.601811,0.349629,-0.718073,-0.505353,-0.86289,0.003318,-0.617715,0.364438,0.696879,0.012891,-0.017188,-0.013423,0.011268,-0.164531,0.334682,0.521191,-0.204974,-0.041775,0.319145,-0.633051,-0.591808,0.499,0.773992,-0.488354,0.402966,0.005998,0.642058,0.766544,0.015213,-0.000899,-0.001845,0.002045,-0.015205,0.029245,0.518901,0.025639,0.022647,-0.010307,0.63711,0.58351,0.503594,-0.770597,0.496169,0.399995,-0.016467,-0.642908,0.765765,0.007585,-0.000633,-0.001139,0.002398,-0.014864,0.029781,0.492523,0.084119,0.036694,-0.034819,0.608036,-0.339081,-0.717854,0.497214,0.867552,0.011358,0.618926,-0.363834,0.696099,-0.000445,-0.008618,-0.006528,-1.8e-05,-0.059059,0.123648,0.51206
124,0.17181,-0.012423,0.365858,-0.593346,0.353962,-0.722978,-0.505091,-0.863012,-0.008067,-0.626062,0.359938,0.69175,-0.000948,-0.018184,-0.013876,0.004238,-0.062215,0.126743,0.520702,-0.204338,-0.041824,0.319038,-0.629073,-0.595614,0.499503,0.777244,-0.483398,0.40268,0.0024,0.642293,0.766366,0.015206,-0.000966,-0.001934,0.00204,-0.015209,0.029238,0.518971,0.025951,0.022618,-0.010365,0.633162,0.587357,0.5041,-0.773912,0.491243,0.399675,-0.012884,-0.643188,0.765599,0.007593,-0.000586,-0.001094,0.002391,-0.014837,0.029624,0.497749,0.084142,0.036344,-0.035086,0.599522,-0.343564,-0.722866,0.497105,0.86769,-0.000112,0.627263,-0.359274,0.690986,-0.000471,-0.009191,-0.007012,0.002177,-0.061057,0.126098,0.513203
125,0.171727,-0.013,0.365393,-0.592519,0.351193,-0.725003,-0.498341,-0.866872,-0.012711,-0.632218,0.353326,0.689557,-0.000905,-0.00292,-0.019345,1.242857,-0.064769,-0.971282,0.520965,-0.203663,-0.041836,0.318955,-0.628949,-0.595622,0.499649,0.777344,-0.483331,0.402568,0.0025,0.642336,0.766329,0.015262,-0.000502,-0.001418,-0.010089,0.079038,-0.145459,0.519894,0.026288,0.022611,-0.010408,0.633151,0.587334,0.50414,-0.773919,0.491275,0.399621,-0.012961,-0.643184,0.765601,0.007632,-0.000258,-0.00073,0.002265,-0.015028,0.029581,0.500524,0.084101,0.03604,-0.035324,0.5981,-0.341819,-0.724869,0.491893,0.870643,-0.004692,0.632706,-0.353751,0.68887,-0.000436,-0.006914,-0.005312,4.012245,0.000629,-3.682093,0.51451
126,0.171501,-0.01335,0.365117,-0.594893,0.34568,-0.725708,-0.489274,-0.871996,-0.014358,-0.637043,0.346094,0.688783,-0.000357,-0.006709,-0.005165,2.4e-05,0.0,-2.2e-05,0.520684,-0.203011,-0.041862,0.318888,-0.624926,-0.599402,0.500175,0.780581,-0.478319,0.40229,-0.001113,0.642576,0.766132,0.01528,-0.000342,-0.001248,0.002045,-0.015205,0.029245,0.518716,0.02662,0.022597,-0.010443,0.629086,0.591173,0.504742,-0.777278,0.486232,0.399269,-0.009385,-0.6435,0.765387,0.007644,-0.000155,-0.000616,0.002278,-0.015025,0.029554,0.50281,0.083987,0.035861,-0.035471,0.60095,-0.335294,-0.725559,0.481274,0.876546,-0.006449,0.638149,-0.345317,0.688129,-0.007109,-0.003562,-0.002547,0.003321,-0.060151,0.123718,0.515653
127,0.171391,-0.013453,0.365041,-0.594768,0.345791,-0.725758,-0.489363,-0.871943,-0.014475,-0.637091,0.346115,0.688728,-0.000237,-0.004426,-0.003411,0.0,0.0,-0.0,0.520859,-0.202691,-0.041861,0.318855,-0.6247,-0.599434,0.50042,0.780763,-0.47815,0.40214,-0.001004,0.642673,0.766051,0.015281,-0.00033,-0.00124,0.002045,-0.015205,0.029245,0.516824,0.026774,0.022598,-0.010459,0.628846,0.591205,0.505003,-0.777471,0.486056,0.399108,-0.009506,-0.643603,0.7653,0.007643,-0.000156,-0.000622,-0.00993,0.079186,-0.145183,0.502321,0.083932,0.035809,-0.03551,0.60082,-0.335417,-0.72561,0.481382,0.876486,-0.006566,0.638189,-0.345351,0.688074,-0.00012,-0.002309,-0.001776,-0.00155,0.012703,-0.025206,0.515653
128,0.171224,-0.0135,0.365035,-0.596676,0.344631,-0.724743,-0.489385,-0.871972,-0.011808,-0.635289,0.347199,0.689846,3.8e-05,0.000707,0.000545,-0.149886,0.123212,-0.155379,0.520513,-0.202076,-0.041835,0.318738,-0.624528,-0.599456,0.500609,0.780901,-0.478126,0.401899,-0.00079,0.64267,0.766053,0.015167,-0.00132,-0.00238,0.002045,-0.015205,0.029245,0.510617,0.027087,0.022613,-0.010515,0.628697,0.591218,0.505174,-0.777589,0.486058,0.398876,-0.009721,-0.64359,0.765307,0.007579,-0.000716,-0.001266,0.002154,-0.01512,0.029434,0.497585,0.083849,0.035785,-0.035513,0.602702,-0.334266,-0.724579,0.481419,0.876481,-0.003899,0.636383,-0.346477,0.689179,3.5e-05,0.000633,0.00049,-0.162439,0.133088,-0.167595,0.515979
129,0.171146,-0.013409,0.365121,-0.596399,0.344876,-0.724855,-0.489602,-0.871847,-0.01205,-0.635382,0.34727,0.689725,0.000201,0.003711,0.002858,0.006834,-0.100295,0.20432,0.520538,-0.201445,-0.041724,0.318529,-0.618304,-0.60498,0.501688,0.785789,-0.468678,0.403498,-0.008209,0.64446,0.764505,0.01525,-0.000577,-0.001545,-0.007406,-0.008789,0.031036,0.503297,0.027397,0.022666,-0.010622,0.622563,0.596677,0.506351,-0.782566,0.476535,0.40063,-0.002247,-0.645671,0.763612,0.007377,0.005057,-0.00516,0.046692,-0.040176,0.035943,0.491707,0.08381,0.035831,-0.03547,0.602543,-0.334416,-0.724642,0.481567,0.876399,-0.004025,0.636422,-0.346539,0.689112,8.3e-05,0.00154,0.001186,-0.000214,-9.3e-05,0.000411,0.515979
130,0.171149,-0.013353,0.365164,-0.596274,0.344984,-0.724906,-0.489691,-0.871795,-0.012166,-0.63543,0.347291,0.68967,0.000164,0.00303,0.002332,0.0,0.0,0.0,0.520137,-0.201085,-0.041592,0.318375,-0.618717,-0.604925,0.501245,0.785466,-0.469327,0.403372,-0.007992,0.644038,0.764862,0.030045,0.010085,-0.011233,0.040354,-0.042003,0.076202,0.497218,0.027583,0.022732,-0.0107,0.622962,0.596721,0.505807,-0.782247,0.477296,0.400346,-0.002526,-0.645067,0.764121,0.015032,0.005071,-0.005596,0.044476,-0.044936,0.075184,0.485828,0.083811,0.035863,-0.035445,0.602295,-0.334639,-0.724746,0.481753,0.876296,-0.004257,0.636517,-0.346585,0.689002,9.9e-05,0.001844,0.001419,0.00062,-0.012704,0.026125,0.515979
131,0.171162,-0.013283,0.365205,-0.596104,0.345132,-0.724975,-0.489796,-0.871734,-0.012342,-0.63551,0.347298,0.689593,2.7e-05,0.000494,0.00038,0.0,0.0,0.0,0.520756,-0.200329,-0.041186,0.317926,-0.621698,-0.601108,0.502147,0.783111,-0.470222,0.406892,-0.007692,0.64695,0.762403,0.014202,0.020822,-0.019052,0.030351,0.090903,-0.088742,0.487544,0.027955,0.022927,-0.010917,0.626008,0.592705,0.506768,-0.779812,0.478042,0.404188,-0.002692,-0.648209,0.761457,0.007365,0.005019,-0.005217,0.028818,-0.006768,0.064417,0.472928,0.083819,0.035905,-0.03542,0.602122,-0.334794,-0.724817,0.481868,0.876232,-0.004433,0.636593,-0.346597,0.688925,1.1e-05,0.00022,0.000171,-0.000182,-4e-06,0.000182,0.516306
132,0.171162,-0.01329,0.365199,-0.59612,0.345119,-0.724969,-0.489784,-0.871741,-0.012327,-0.635504,0.347295,0.6896,-3.7e-05,-0.000681,-0.000524,0.0,0.0,0.0,0.521155,-0.199482,-0.040611,0.317288,-0.625015,-0.59725,0.502634,0.780474,-0.471787,0.410135,-0.007039,0.649377,0.760344,0.029857,0.008819,-0.012734,-0.033991,0.119701,-0.057303,0.480665,0.028373,0.023221,-0.011236,0.629241,0.588872,0.507232,-0.777202,0.479602,0.407355,-0.00339,-0.650547,0.759458,0.007023,0.0097,-0.010358,0.018418,0.028041,0.108591,0.463784,0.083818,0.035901,-0.035422,0.602136,-0.334784,-0.724811,0.481863,0.876235,-0.004418,0.636584,-0.346599,0.688932,-2.7e-05,-0.000489,-0.000374,-0.000138,9e-06,0.000122,0.516632
133,0.171162,-0.013297,0.365194,-0.596243,0.345011,-0.724919,-0.489696,-0.871792,-0.012213,-0.635456,0.347274,0.689655,-6e-06,-0.000113,-8.7e-05,0.0,0.0,0.0,0.520411,-0.199104,-0.04027,0.316897,-0.62771,-0.593459,0.503764,0.778311,-0.472292,0.41365,-0.006779,0.652476,0.757688,0.029191,0.018378,-0.022792,-0.13866,0.18806,0.208455,0.47731,0.028574,0.023397,-0.011434,0.631611,0.585464,0.508229,-0.775276,0.480095,0.410433,-0.003705,-0.653252,0.75713,0.014605,0.009159,-0.011444,-0.181803,0.222514,0.22326,0.459538,0.083818,0.035896,-0.035427,0.602256,-0.334678,-0.72476,0.481777,0.876283,-0.004304,0.636535,-0.346581,0.688987,-5e-06,-7.6e-05,-5.8e-05,-0.000123,-5e-06,9.8e-05,0.516796
134,0.171162,-0.013289,0.365187,-0.59623,0.345021,-0.724925,-0.489688,-0.871796,-0.012242,-0.635474,0.347254,0.689648,-0.0,-0.0,-0.0,0.0,0.0,0.0,0.520382,-0.19857,-0.039489,0.315912,-0.629324,-0.589655,0.506211,0.776973,-0.468779,0.42011,-0.009635,0.658432,0.752487,0.013729,0.016861,-0.023611,-0.078455,0.111057,0.150381,0.464113,0.02883,0.023775,-0.011909,0.633272,0.581327,0.510906,-0.773929,0.476352,0.41728,-0.000795,-0.659656,0.751566,-0.001042,0.013652,-0.015859,-0.172835,0.133905,0.049261,0.449415,0.083818,0.035899,-0.03543,0.602242,-0.334691,-0.724765,0.481774,0.876284,-0.004333,0.636551,-0.346564,0.688981,1e-06,-0.0,1e-06,-7.2e-05,4e-06,6.3e-05,0.516796
135,0.171172,-0.013282,0.365192,-0.596197,0.34505,-0.724938,-0.489712,-0.871782,-0.012273,-0.635487,0.347259,0.689634,0.0,0.0,0.0,0.0,0.0,0.0,0.520739,-0.198273,-0.03867,0.314844,-0.625346,-0.591407,0.509088,0.779955,-0.455943,0.428627,-0.020599,0.665842,0.745718,-0.002116,0.027374,-0.031626,0.000976,0.078531,0.12363,0.444935,0.028989,0.024185,-0.012451,0.629521,0.582742,0.51392,-0.776916,0.463442,0.426172,0.010176,-0.667557,0.744488,0.0068,0.007657,-0.012701,0.01352,-0.026297,0.28034,0.428677,0.083823,0.035903,-0.035428,0.602208,-0.334722,-0.724779,0.4818,0.87627,-0.004364,0.636563,-0.346571,0.688966,2e-06,-6e-06,-5e-06,-3.6e-05,1.5e-05,6.9e-05,0.516632
136,0.171203,-0.013297,0.365192,-0.596171,0.345073,-0.724948,-0.489747,-0.871762,-0.012279,-0.635484,0.347287,0.689623,-0.0,-2e-06,-2e-06,0.0,0.0,0.0,0.520567,-0.198188,-0.037822,0.313711,-0.621872,-0.591371,0.513368,0.782347,-0.442099,0.438652,-0.031673,0.675153,0.736905,-0.002214,0.026441,-0.032703,-0.136175,0.233629,0.187671,0.415474,0.029033,0.024603,-0.013008,0.625608,0.583562,0.517753,-0.779851,0.449833,0.435296,0.021119,-0.676096,0.73651,-0.000797,0.00803,-0.011804,-0.337987,0.385567,0.281237,0.397815,0.083839,0.035895,-0.035428,0.602182,-0.334746,-0.72479,0.481837,0.876249,-0.00437,0.63656,-0.346599,0.688955,2e-06,3e-06,1e-06,-3.5e-05,7e-06,4.7e-05,0.516796
137,0.171214,-0.013298,0.365191,-0.596153,0.345089,-0.724956,-0.48976,-0.871755,-0.012296,-0.635491,0.34729,0.689615,-0.0,-0.0,-0.0,0.0,0.0,0.0,0.52073,-0.198236,-0.037444,0.313168,-0.617196,-0.595043,0.514767,0.785701,-0.433096,0.441628,-0.039075,0.677764,0.734148,-0.001797,0.014466,-0.025448,-0.346812,-0.060203,-0.248637,0.398234,0.029008,0.024804,-0.01329,0.621601,0.586411,0.519358,-0.782829,0.441236,0.438736,0.028119,-0.679287,0.733333,-0.001154,0.012616,-0.017049,-0.9398,-0.565884,-1.077851,0.37724,0.083844,0.035895,-0.035428,0.602165,-0.334762,-0.724797,0.48185,0.876242,-0.004387,0.636567,-0.346602,0.688947,1e-06,3e-06,1e-06,-3.4e-05,0.0,4.6e-05,0.517122
138,0.171224,-0.013298,0.365191,-0.596135,0.345104,-0.724963,-0.489773,-0.871747,-0.012312,-0.635498,0.347293,0.689607,-0.0,-0.0,-0.0,0.0,0.0,0.0,0.52033,-0.198347,-0.036734,0.312045,-0.607803,-0.602277,0.517522,0.792095,-0.414952,0.447588,-0.054067,0.68272,0.728583,-0.00242,0.024428,-0.035049,-2.846531,-2.397507,-3.937053,0.365239,0.028951,0.025165,-0.013861,0.613188,0.592751,0.522154,-0.78881,0.424188,0.444794,0.042161,-0.684623,0.727675,-0.001296,0.012221,-0.0176,-2.816237,-2.426259,-3.943849,0.332009,0.083849,0.035895,-0.035428,0.602147,-0.334777,-0.724805,0.481863,0.876235,-0.004403,0.636574,-0.346605,0.688939,0.0,1e-06,1e-06,-2.7e-05,-4e-06,5.2e-05,0.517122
139,0.171214,-0.013298,0.365191,-0.596153,0.345089,-0.724956,-0.48976,-0.871755,-0.012296,-0.635491,0.34729,0.689615,-0.0,-0.0,-0.0,0.0,0.0,0.0,0.520544,-0.198502,-0.036133,0.310972,-0.60761,-0.600481,0.519831,0.792048,-0.410778,0.451504,-0.056828,0.686815,0.724513,-0.001916,0.013338,-0.026801,-0.097645,0.165412,0.121764,0.328327,0.028875,0.025459,-0.014389,0.611563,0.592662,0.524157,-0.789856,0.41881,0.448023,0.046004,-0.688004,0.724246,-0.008569,0.006618,-0.012984,-0.187549,0.253674,0.130969,0.289553,0.083844,0.035895,-0.035428,0.602165,-0.334762,-0.724797,0.48185,0.876242,-0.004387,0.636567,-0.346602,0.688947,-1e-06,2e-06,0.0,-3.2e-05,-1.4e-05,4.6e-05,0.517122
140,0.171214,-0.013298,0.365191,-0.596153,0.345089,-0.724956,-0.48976,-0.871755,-0.012296,-0.635491,0.34729,0.689615,-0.0,-0.0,-0.0,0.0,0.0,0.0,0.520392,-0.198595,-0.035912,0.310472,-0.603811,-0.604126,0.520034,0.794723,-0.406753,0.450446,-0.059848,0.686018,0.725025,-0.002011,0.012432,-0.02787,0.066799,0.007142,-0.013345,0.300761,0.028828,0.025571,-0.014637,0.608154,0.595822,0.524541,-0.792303,0.414787,0.447444,0.049024,-0.687711,0.724326,-0.000675,0.001244,-0.009126,0.051368,-0.009789,-0.012874,0.260324,0.083844,0.035895,-0.035428,0.602165,-0.334762,-0.724797,0.48185,0.876242,-0.004387,0.636567,-0.346602,0.688947,-1e-06,2e-06,0.0,-3.2e-05,-1.4e-05,4.6e-05,0.517122
141,0.171214,-0.013298,0.365191,-0.596153,0.345089,-0.724956,-0.48976,-0.871755,-0.012296,-0.635491,0.34729,0.689615,-0.0,-0.0,-0.0,0.0,0.0,0.0,0.519989,-0.198765,-0.035659,0.309565,-0.59207,-0.614841,0.520975,0.802666,-0.393154,0.448432,-0.070153,0.684436,0.725596,-0.001603,0.000466,-0.020665,0.032889,0.016615,-0.032452,0.204473,0.028743,0.025702,-0.015093,0.59644,0.606841,0.52536,-0.800462,0.40133,0.445189,0.059316,-0.68606,0.725122,-0.008365,0.000686,-0.009326,0.032572,0.016957,-0.037661,0.165126,0.083844,0.035895,-0.035428,0.602165,-0.334762,-0.724797,0.48185,0.876242,-0.004387,0.636567,-0.346602,0.688947,-1e-06,2e-06,0.0,-3.2e-05,-1.4e-05,4.6e-05,0.517122
142,0.171224,-0.013298,0.365191,-0.596135,0.345104,-0.724963,-0.489773,-0.871747,-0.012312,-0.635498,0.347293,0.689607,-0.0,-0.0,-0.0,0.0,0.0,0.0,0.520352,-0.198879,-0.035633,0.308819,-0.587484,-0.618384,0.521972,0.805785,-0.388466,0.44692,-0.072868,0.683924,0.725811,-0.001445,0.002033,-0.018879,0.034632,0.002297,-0.007488,0.129669,0.028686,0.02571,-0.015472,0.591851,0.610459,0.526356,-0.803654,0.396637,0.443641,0.062052,-0.685578,0.725349,-0.00072,0.000905,-0.009565,0.03443,0.002128,-0.007805,0.041678,0.083849,0.035895,-0.035428,0.602147,-0.334777,-0.724805,0.481863,0.876235,-0.004403,0.636574,-0.346605,0.688939,-0.0,1e-06,1e-06,-2.9e-05,2e-06,4.9e-05,0.517122
143,0.171224,-0.013298,0.365191,-0.596135,0.345104,-0.724963,-0.489773,-0.871747,-0.012312,-0.635498,0.347293,0.689607,-0.0,-0.0,-0.0,0.0,0.0,0.0,0.519881,-0.198929,-0.035656,0.308329,-0.588387,-0.619087,0.520119,0.805019,-0.389148,0.447707,-0.074034,0.6829,0.726657,-0.001122,0.005142,-0.015256,0.034632,0.0023,-0.007486,0.079691,0.028661,0.025695,-0.015721,0.592778,0.611172,0.524482,-0.802877,0.397304,0.444451,0.063257,-0.684556,0.726209,-0.00026,-0.002583,-0.003035,-0.00077,0.016769,-0.027425,-0.039314,0.083849,0.035895,-0.035428,0.602147,-0.334777,-0.724805,0.481863,0.876235,-0.004403,0.636574,-0.346605,0.688939,-0.0,1e-06,1e-06,-2.9e-05,2e-06,4.9e-05,0.517122
144,0.171224,-0.013298,0.365191,-0.596135,0.345104,-0.724963,-0.489773,-0.871747,-0.012312,-0.635498,0.347293,0.689607,-0.0,-0.0,-0.0,0.0,0.0,0.0,0.520395,-0.198918,-0.035668,0.30817,-0.588296,-0.619094,0.520213,0.805106,-0.389231,0.447479,-0.073816,0.682846,0.72673,-0.000437,-0.004186,-0.004924,-0.001723,0.014391,-0.024906,0.060607,0.028666,0.025693,-0.015803,0.59268,0.611177,0.524588,-0.80297,0.397405,0.444194,0.063007,-0.684493,0.726291,-0.000453,0.003542,-0.006488,0.034657,0.002529,-0.007934,-0.06985,0.083849,0.035895,-0.035428,0.602147,-0.334777,-0.724805,0.481863,0.876235,-0.004403,0.636574,-0.346605,0.688939,-0.0,1e-06,1e-06,-2.9e-05,2e-06,4.9e-05,0.516959
145,0.171224,-0.013298,0.365191,-0.596135,0.345104,-0.724963,-0.489773,-0.871747,-0.012312,-0.635498,0.347293,0.689607,-3.9e-05,-0.000721,-0.000555,0.0,0.0,0.0,0.520126,-0.19893,-0.035737,0.308025,-0.587686,-0.619094,0.520903,0.80558,-0.388771,0.447026,-0.073508,0.683109,0.726514,-0.000302,-0.002885,-0.003397,-0.001722,0.014394,-0.024905,-0.003113,0.02866,0.025659,-0.015875,0.59206,0.611186,0.525277,-0.803451,0.396944,0.443735,0.062699,-0.684753,0.726072,-9.2e-05,-0.000934,-0.0011,-0.011969,0.099268,-0.171987,-0.135002,0.083849,0.035897,-0.035427,0.602147,-0.334778,-0.724804,0.481863,0.876235,-0.004403,0.636573,-0.346606,0.688939,-2.7e-05,-0.000491,-0.000379,-3.6e-05,-1.6e-05,3.4e-05,0.517122
