frame,MLTx,MLTy,MLTz,MLTR1,MLTR2,MLTR3,MLTR4,MLTR5,MLTR6,MLTR7,MLTR8,MLTR9,MLTTVx,MLTTVy,MLTTVz,MLTRVx,MLTRVy,MLTRVz,MLGA,MRTx,MRTy,MRTz,MRTR1,MRTR2,MRTR3,MRTR4,MRTR5,MRTR6,MRTR7,MRTR8,MRTR9,MRTTVx,MRTTVy,MRTTVz,MRTRVx,MRTRVy,MRTRVz,MRGA,SLTx,SLTy,SLTz,SLTR1,SLTR2,SLTR3,SLTR4,SLTR5,SLTR6,SLTR7,SLTR8,SLTR9,SLTTVx,SLTTVy,SLTTVz,SLTRVx,SLTRVy,SLTRVz,SLGA,SRTx,SRTy,SRTz,SRTR1,SRTR2,SRTR3,SRTR4,SRTR5,SRTR6,SRTR7,SRTR8,SRTR9,SRTTVx,SRTTVy,SRTTVz,SRTRVx,SRTRVy,SRTRVz,SRGA
1840,0.16624,0.016676,0.32664,-0.740949,0.662611,-0.109487,-0.520788,-0.463862,0.716648,0.424992,0.587193,0.688922,-4.6e-05,-0.012869,0.006561,-0.030815,-0.09576,0.148165,-1.522017,-0.151017,0.00681,0.345576,-0.884461,0.466162,-0.020324,-0.408094,-0.751441,0.51839,0.227502,0.466199,0.854848,-0.013248,-0.004403,-0.002228,-0.00381,0.029523,-0.054191,-1.399453,0.053429,0.047788,0.00134,0.928117,-0.355995,-0.108926,0.36859,0.837565,0.403268,-0.052329,-0.414429,0.908575,7e-05,-0.001138,-0.000888,-0.003779,0.001274,-1e-05,-1.002892,0.081765,0.048436,-0.05461,0.829507,-0.554674,0.065227,0.320246,0.568073,0.758113,-0.457559,-0.607971,0.648853,-0.006823,-0.000743,-0.000467,-0.00097,0.014705,-0.029576,-1.054876
1841,0.166166,0.016612,0.326627,-0.74088,0.662623,-0.109874,-0.520994,-0.463609,0.716661,0.424857,0.587379,0.688846,-0.013684,-0.001949,-0.001329,-0.000984,0.014715,-0.029553,-1.508369,-0.151164,0.006735,0.345532,-0.884782,0.465602,-0.019185,-0.407065,-0.751934,0.518485,0.228102,0.465964,0.854816,-0.0132,-0.005245,-0.002894,-0.016732,0.128661,-0.226107,-1.399382,0.05335,0.04775,0.001318,0.928513,-0.355292,-0.107838,0.367495,0.837933,0.403504,-0.053001,-0.414289,0.9086,-0.006597,-0.002663,-0.001471,-0.017293,0.129108,-0.225483,-1.003708,0.081728,0.048399,-0.054614,0.829507,-0.554734,0.064705,0.320559,0.567778,0.758201,-0.457337,-0.608192,0.648802,-0.006849,-0.001081,-0.000754,-0.000989,0.014696,-0.029557,-1.054223
1842,0.166077,0.016468,0.326547,-0.740661,0.66268,-0.111005,-0.521676,-0.462948,0.716592,0.424401,0.587835,0.688738,-0.000305,-0.004356,-0.003682,0.004062,-0.093695,0.141879,-1.488053,-0.151194,0.006542,0.345345,-0.885625,0.464114,-0.016076,-0.40431,-0.753294,0.518668,0.229733,0.465255,0.854765,0.000419,-0.006824,-0.005393,-0.014689,0.113472,-0.196853,-1.399358,0.053335,0.047658,0.001228,0.929485,-0.353561,-0.105122,0.364789,0.838901,0.403948,-0.054634,-0.413811,0.908721,0.000205,-0.003296,-0.002601,-0.00199,0.014587,-0.024429,-1.003708,0.081684,0.04833,-0.054651,0.829503,-0.554858,0.063686,0.321235,0.567276,0.758291,-0.456872,-0.608546,0.648797,-0.000131,-0.001889,-0.001595,6e-06,-1.1e-05,-6e-06,-1.054386
1843,0.166031,0.016249,0.326349,-0.740405,0.662752,-0.112274,-0.522497,-0.462269,0.716433,0.423836,0.588288,0.6887,-0.000476,-0.006776,-0.00574,0.00406,-0.093699,0.141877,-1.467803,-0.150969,0.006391,0.34491,-0.885121,0.465191,-0.01217,-0.402301,-0.751536,0.522762,0.235159,0.467014,0.852327,0.014198,-0.010541,-0.009611,-0.09287,0.054315,0.009897,-1.399239,0.053447,0.047584,0.001012,0.929737,-0.354135,-0.100879,0.363252,0.837237,0.408756,-0.060295,-0.41668,0.90705,0.007116,-0.005456,-0.004954,-0.060761,0.048007,0.018501,-1.004035,0.081661,0.048222,-0.054749,0.829487,-0.555028,0.062402,0.322153,0.566714,0.758321,-0.456253,-0.608915,0.648886,-0.000234,-0.00338,-0.002863,1.7e-05,-1.3e-05,4e-06,-1.054386
1844,0.16601,0.016102,0.326225,-0.748003,0.653998,-0.113244,-0.517613,-0.467898,0.716324,0.416416,0.593614,0.688656,-0.000526,-0.007487,-0.006351,0.000833,0.006258,-0.03329,-1.454781,-0.150792,0.006353,0.344517,-0.883538,0.468256,-0.009373,-0.401902,-0.747507,0.528813,0.241732,0.470399,0.848619,0.013248,-0.002617,-0.020418,-0.516301,0.251929,0.183399,-1.394236,0.05353,0.047567,0.000824,0.929273,-0.356084,-0.098256,0.363607,0.834876,0.413245,-0.065119,-0.419744,0.905302,0.006054,0.00416,-0.014404,-0.538476,0.265201,0.269684,-1.005178,0.08165,0.048148,-0.054812,0.835922,-0.545339,0.061952,0.316759,0.571539,0.756971,-0.448214,-0.613146,0.650504,-0.000258,-0.003686,-0.003122,0.006552,-0.12658,0.112044,-1.05406
1845,0.165986,0.015711,0.325958,-0.76855,0.628889,-0.117796,-0.505647,-0.484097,0.714103,0.393021,0.607603,0.690203,-0.000672,-0.009542,-0.008121,0.402685,0.066911,-0.109442,-1.436307,-0.150345,0.006374,0.343359,-0.872738,0.488164,0.003876,-0.408219,-0.733887,0.542862,0.268955,0.471575,0.839728,0.012622,0.000457,-0.03517,-0.526117,1.031192,-0.195903,-1.224748,0.053754,0.04758,0.000254,0.922974,-0.375806,-0.082984,0.373608,0.823159,0.427579,-0.092378,-0.425649,0.90016,0.006332,0.000245,-0.017578,-0.23123,2.555232,-0.968034,-0.953741,0.081639,0.047953,-0.054945,0.85448,-0.516156,0.058702,0.301746,0.585135,0.752705,-0.422862,-0.625459,0.655735,-0.000335,-0.004935,-0.004205,0.225777,-1.287105,-1.019071,-1.0521
1846,0.165894,0.015214,0.325614,-0.812658,0.567063,-0.134432,-0.478305,-0.517097,0.709793,0.333993,0.640412,0.691627,-0.000837,-0.011815,-0.010099,0.764518,-4.019997,-3.94752,-1.418771,-0.149733,0.006568,0.341545,-0.837073,0.545842,0.036826,-0.434215,-0.703621,0.562413,0.333957,0.454098,0.825912,0.025561,0.00434,-0.050682,-0.602066,1.248698,0.446571,-0.865264,0.054054,0.047676,-0.000646,0.90002,-0.433922,-0.040912,0.405012,0.797976,0.446316,-0.16102,-0.418264,0.893939,0.005517,0.006295,-0.02996,-0.47363,3.648568,0.333751,-0.802698,0.081593,0.047701,-0.05512,0.890522,-0.45266,0.045473,0.274091,0.613611,0.74051,-0.363101,-0.646977,0.670504,-0.000233,-0.005922,-0.005153,0.737944,-4.002977,-3.962811,-1.054386
1847,0.165876,0.014902,0.325426,-0.843038,0.517247,-0.147609,-0.456022,-0.54163,0.706153,0.286353,0.661982,0.692682,-0.000908,-0.012807,-0.010975,0.137721,-0.531015,-0.221834,-1.410422,-0.149345,0.006723,0.340377,-0.813469,0.578398,0.060954,-0.443881,-0.684963,0.577692,0.376913,0.442144,0.813823,0.02463,0.012371,-0.061536,-1.020783,0.973486,0.533981,-0.631298,0.054238,0.047748,-0.001208,0.884687,-0.465989,-0.01347,0.419359,0.782874,0.459614,-0.20363,-0.412264,0.888016,0.005629,0.004795,-0.031263,-1.131176,0.857798,1.031466,-0.719746,0.081585,0.047555,-0.055205,0.915969,-0.399735,0.034799,0.249172,0.634646,0.73153,-0.314503,-0.661389,0.680919,-0.000208,-0.012123,-0.001686,1.467817,-6.031855,-2.25588,-1.057652
1848,0.165918,0.014028,0.325122,-0.879412,0.44684,-0.164359,-0.423152,-0.575171,0.700066,0.219376,0.684638,0.695106,-0.001111,-0.027827,-0.006348,0.150045,0.23959,0.081267,-1.38014,-0.148529,0.007037,0.337951,-0.751976,0.649659,0.111651,-0.460904,-0.639122,0.615649,0.472267,0.410669,0.779858,0.025031,0.007952,-0.065496,-0.56873,6.011025,3.685631,-0.276928,0.054656,0.047904,-0.002441,0.843094,-0.535484,0.049474,0.44332,0.744155,0.499699,-0.304398,-0.399361,0.864784,0.012585,0.00348,-0.033182,-1.735952,1.111435,0.799188,-0.579316,0.081606,0.047121,-0.055361,0.946297,-0.322775,0.018322,0.212312,0.663185,0.71771,-0.24381,-0.675278,0.696099,-0.000583,-0.013948,-0.003192,0.268972,0.271153,0.124589,-1.051774
1849,0.165799,0.013024,0.324733,-0.901618,0.398897,-0.167367,-0.393753,-0.596377,0.699475,0.180325,0.696062,0.694987,-0.001345,-0.018835,-0.016339,0.082106,-0.317067,-0.394646,-1.369252,-0.147611,0.007026,0.335377,-0.662352,0.730008,0.168431,-0.466789,-0.577827,0.669446,0.586853,0.363861,0.723237,0.026764,-0.008548,-0.062318,-1.051593,6.498602,3.152168,-0.063973,0.055104,0.047909,-0.003705,0.774408,-0.620692,0.122609,0.465566,0.690274,0.553867,-0.428415,-0.371837,0.823527,0.006653,-0.005096,-0.031208,-1.441191,2.936813,-0.620106,-0.477586,0.081546,0.046615,-0.055553,0.961582,-0.274054,0.0159,0.182041,0.679942,0.710309,-0.205474,-0.680127,0.703709,-0.000664,-0.015411,-0.004513,0.262475,-1.123666,-1.234215,-1.048508
1850,0.165809,0.012192,0.323926,-0.936985,0.297216,-0.183759,-0.337988,-0.637019,0.692779,0.090011,0.71086,0.69757,0.012061,-0.023189,-0.020595,0.106054,-0.472881,-0.22653,-1.353503,-0.146846,0.006432,0.3329,-0.542676,0.812506,0.212906,-0.478902,-0.50742,0.716318,0.690719,0.285738,0.664172,0.014786,-0.024761,-0.057809,-0.216118,4.890059,3.784008,0.057723,0.055496,0.047616,-0.004947,0.672265,-0.715165,0.191308,0.492076,0.624737,0.606271,-0.5531,-0.313437,0.771904,0.013641,-0.006227,-0.033154,-1.481049,2.368171,1.2173,-0.23412,0.081547,0.04621,-0.055946,0.98535,-0.170533,-0.001633,0.124299,0.711582,0.69152,-0.116765,-0.681592,0.722355,0.006195,-0.006218,-0.014443,1.133318,-4.197562,-4.195617,-1.054223
1851,0.165879,0.01175,0.32351,-0.948512,0.252397,-0.191485,-0.312995,-0.652396,0.690206,0.05046,0.714287,0.698051,-0.001625,-0.02275,-0.019991,0.099956,-0.329154,-0.38218,-1.315012,-0.146493,0.006153,0.331764,-0.490617,0.841151,0.227488,-0.478907,-0.478272,0.736097,0.728577,0.251132,0.63716,0.013136,-0.007203,-0.060718,-0.097023,5.177929,3.134342,0.085816,0.055675,0.047459,-0.00553,0.62657,-0.749352,0.214198,0.49979,0.597217,0.627327,-0.598012,-0.28601,0.748717,0.013464,-0.003219,-0.030764,-1.084203,1.292283,0.050254,-0.144637,0.081581,0.045986,-0.056157,0.992124,-0.124798,-0.010634,0.098285,0.723083,0.683732,-0.077639,-0.679392,0.729655,-0.000654,-0.01164,-0.010175,1.10607,-4.066511,-3.612641,-1.047201
1852,0.165814,0.01086,0.322684,-0.958148,0.211336,-0.193219,-0.285961,-0.669097,0.685935,0.016871,0.712216,0.701777,-0.015593,-0.013111,-0.029236,0.250843,0.14358,-0.038736,-1.313781,-0.145813,0.006102,0.329795,-0.432309,0.866613,0.249165,-0.467547,-0.451579,0.759875,0.771566,0.210908,0.600056,0.025789,0.008962,-0.048452,-0.335445,1.95767,0.694052,0.132646,0.056012,0.047402,-0.006534,0.574719,-0.780635,0.245573,0.495479,0.570762,0.654775,-0.651304,-0.254636,0.714816,0.006028,0.00433,-0.023672,-0.906695,0.285084,0.400235,-0.050581,0.081558,0.04553,-0.056573,0.996675,-0.080268,-0.013909,0.06864,0.735493,0.674045,-0.043874,-0.672759,0.738558,-0.000903,-0.012444,-0.011032,0.409252,-0.064425,-0.218033,-1.039854
1853,0.165699,0.010198,0.32153,-0.971096,0.121272,-0.205694,-0.230646,-0.699817,0.67604,-0.060757,0.70379,0.707825,-0.002031,-0.015918,-0.032267,1.708755,-4.02876,-3.01816,-1.328548,-0.14521,0.00666,0.328339,-0.390791,0.884896,0.253442,-0.468085,-0.428002,0.773074,0.793042,0.182359,0.581113,0.024733,0.022827,-0.036399,-0.276352,0.345809,-0.138696,0.177258,0.056319,0.047677,-0.007287,0.531397,-0.806695,0.25857,0.502891,0.546037,0.670032,-0.681701,-0.22602,0.695842,0.006072,0.006248,-0.013112,-0.318866,0.376494,-0.155623,0.020613,0.081495,0.045194,-0.05716,0.999497,0.008947,-0.030383,0.013081,0.757045,0.653231,0.028846,-0.653301,0.756547,-0.000917,-0.008147,-0.016206,1.821229,-4.026973,-2.985354,-1.047038
1854,0.165648,0.009876,0.320862,-0.97364,0.066297,-0.218347,-0.198901,-0.715818,0.669339,-0.110712,0.69504,0.710415,-0.002056,-0.016156,-0.032612,1.173027,-2.866344,0.734687,-1.329854,-0.144895,0.007053,0.327802,-0.364601,0.896081,0.253171,-0.472267,-0.412155,0.779118,0.802944,0.16337,0.573109,0.011776,0.016479,-0.022679,0.875248,4.271538,3.753805,0.191448,0.056472,0.04787,-0.007552,0.51306,-0.816593,0.264469,0.506994,0.536923,0.674292,-0.692622,-0.211868,0.689482,0.005896,0.008404,-0.011215,-0.037957,0.185797,-0.048389,0.04674,0.08147,0.045038,-0.057483,0.99713,0.062004,-0.043423,-0.0199,0.768178,0.639926,0.073035,-0.637226,0.767208,-0.000886,-0.008374,-0.016455,1.301412,-3.674926,-4.026339,-1.051447
1855,0.165474,0.009207,0.319797,-0.972759,0.01782,-0.231232,-0.16956,-0.735058,0.656437,-0.157062,0.677738,0.718352,-0.001709,-0.023296,-0.02117,0.505698,-0.186051,0.704772,-1.357456,-0.144376,0.007785,0.327163,-0.348102,0.901804,0.256059,-0.470982,-0.404286,0.784004,0.810963,0.151175,0.565109,0.012453,0.012326,-0.008459,-0.074339,0.126369,-0.08346,0.234433,0.056736,0.048247,-0.007875,0.492031,-0.828151,0.268459,0.510152,0.524152,0.681916,-0.705442,-0.198569,0.680382,0.00557,0.01219,-0.007868,-0.010857,0.111681,-0.067664,0.095074,0.081382,0.044698,-0.058027,0.991769,0.111905,-0.062208,-0.049297,0.782171,0.621109,0.118163,-0.612931,0.78125,-0.007745,-0.011092,-0.009944,1.166492,-1.273318,1.876995,-1.05259
1856,0.165104,0.008611,0.318974,-0.97402,0.023537,-0.225337,-0.16881,-0.738938,0.652263,-0.149947,0.673324,0.724001,-0.001363,-0.01825,-0.016711,0.029811,0.066992,-0.025673,-1.366516,-0.143923,0.00821,0.327044,-0.331613,0.907503,0.257801,-0.468651,-0.395505,0.789858,0.819163,0.139963,0.556098,0.013402,0.004844,0.002813,-0.103933,1.537452,1.147702,0.274008,0.056967,0.048474,-0.007937,0.479761,-0.834005,0.272512,0.510349,0.517902,0.686527,-0.713703,-0.190293,0.674103,0.006801,0.002899,0.001776,1.435807,4.421953,2.981014,0.155165,0.081196,0.044395,-0.058444,0.992929,0.104677,-0.055972,-0.04824,0.786687,0.615463,0.108458,-0.608411,0.786175,-0.007619,-0.003057,-0.011772,0.020414,0.056582,-0.023089,-1.046222
1857,0.164805,0.008241,0.318407,-0.974428,0.022137,-0.223706,-0.165895,-0.742551,0.648898,-0.150537,0.669386,0.727521,-0.000768,0.001833,-0.016603,0.077925,0.050492,0.024553,-1.35499,-0.143493,0.008407,0.327263,-0.331417,0.906672,0.260959,-0.467406,-0.397925,0.789381,0.819954,0.138495,0.5553,0.013148,0.007677,0.005293,0.003899,-0.030441,0.053635,0.28738,0.057187,0.048577,-0.007824,0.477362,-0.834249,0.27596,0.508399,0.518367,0.687623,-0.716697,-0.187947,0.67158,0.00656,0.003992,0.002774,0.00774,-0.036259,0.048393,0.189129,0.081046,0.044197,-0.058739,0.992853,0.106192,-0.054456,-0.050902,0.789534,0.611591,0.107941,-0.604448,0.789297,-0.000346,0.001332,-0.007918,0.054863,0.042198,0.029362,-1.042956
1858,0.164683,0.008164,0.318312,-0.974401,0.016491,-0.224311,-0.16198,-0.743556,0.648737,-0.154879,0.668441,0.72748,-0.014151,-0.002964,-0.002447,-0.000356,0.015424,-0.029102,-1.351313,-0.143312,0.008497,0.327429,-0.325961,0.9082,0.262512,-0.469047,-0.396335,0.789206,0.821195,0.132973,0.554815,0.013068,0.008513,0.006018,0.00402,-0.030462,0.053615,0.290199,0.057272,0.04862,-0.007742,0.472484,-0.83621,0.278407,0.510153,0.517079,0.687294,-0.718681,-0.182705,0.670906,0.000339,-0.002098,0.007065,-0.048318,0.093922,-0.165545,0.196151,0.08099,0.044156,-0.05879,0.992201,0.111576,-0.055557,-0.054622,0.789879,0.610824,0.112036,-0.603026,0.789814,-0.000111,-0.001519,-0.001396,-0.00883,-0.003576,0.00066,-1.040833
1859,0.164447,0.008215,0.318377,-0.973793,0.017106,-0.226893,-0.164148,-0.743541,0.648208,-0.156406,0.668441,0.727153,-0.013576,0.004526,0.004448,0.004367,-0.111072,0.160189,-1.34593,-0.143003,0.008669,0.327732,-0.315066,0.911386,0.264762,-0.472652,-0.392474,0.788985,0.823364,0.122291,0.554057,0.013059,0.008431,0.005929,0.004015,-0.030477,0.053603,0.297128,0.057426,0.048709,-0.007588,0.4626,-0.840403,0.282354,0.514105,0.513752,0.686843,-0.722285,-0.172574,0.669717,0.000347,-0.00223,0.006946,-0.048792,0.095028,-0.164598,0.207091,0.080872,0.044181,-0.058757,0.992138,0.110879,-0.058024,-0.052578,0.790075,0.61075,0.113563,-0.602897,0.789694,0.00016,0.0021,0.001938,-7.4e-05,-0.000934,-0.001082,-1.04067
1860,0.164205,0.008436,0.318628,-0.973087,0.017817,-0.229846,-0.16664,-0.74349,0.647631,-0.158141,0.668478,0.726743,0.000571,0.007366,0.006767,0.005335,-0.125771,0.189753,-1.349546,-0.14275,0.008773,0.32805,-0.309868,0.913509,0.263578,-0.474826,-0.388743,0.789527,0.824079,0.118342,0.553852,0.014537,-0.005022,0.011946,-0.034428,-0.006451,0.010157,0.302281,0.057552,0.048769,-0.007429,0.457706,-0.843238,0.281875,0.516844,0.510308,0.687356,-0.723448,-0.168922,0.669394,-0.000226,0.002525,0.002202,-0.000785,-0.001381,-0.002625,0.214276,0.080751,0.044294,-0.05863,0.992061,0.109984,-0.060974,-0.050092,0.790347,0.610607,0.115348,-0.602705,0.789582,0.00028,0.003665,0.003372,0.000773,-0.016494,0.023249,-1.040833
1861,0.164069,0.00856,0.318771,-0.972797,0.018096,-0.23105,-0.167651,-0.743454,0.647411,-0.158851,0.66851,0.726559,-0.01333,0.007424,0.007087,-0.00031,-0.001202,-0.005537,-1.350178,-0.142657,0.0088,0.328183,-0.299003,0.916899,0.264356,-0.47895,-0.383689,0.789509,0.825691,0.108295,0.553507,0.000922,-0.006938,0.011722,1.424498,4.371983,3.039873,0.307013,0.057604,0.048783,-0.007362,0.452688,-0.8454,0.283498,0.518933,0.508336,0.687243,-0.725108,-0.16399,0.668823,0.007283,-0.002751,0.005758,-0.03485,-0.008886,0.008948,0.219828,0.080684,0.044363,-0.058551,0.992021,0.10957,-0.062348,-0.048935,0.790464,0.61055,0.116181,-0.602628,0.789519,0.000263,0.003438,0.003158,0.000764,-0.016393,0.023396,-1.040507
1862,0.163787,0.008727,0.319082,-0.97226,0.018609,-0.233261,-0.16954,-0.74326,0.647143,-0.160122,0.668712,0.726094,0.000442,0.00561,0.005134,0.0,0.0,0.0,-1.347608,-0.142515,0.008864,0.328397,-0.288095,0.920114,0.265298,-0.482882,-0.378712,0.789517,0.827263,0.098187,0.553043,0.013361,0.004717,0.002661,-0.011551,0.090022,-0.138959,0.318144,0.05767,0.048812,-0.00725,0.437439,-0.852201,0.287051,0.526017,0.501397,0.686954,-0.72935,-0.149507,0.667603,-0.000169,0.001844,0.001606,0.001781,-0.017781,0.02371,0.232238,0.080539,0.044453,-0.05839,0.991952,0.108906,-0.064572,-0.047043,0.790526,0.610618,0.117546,-0.602666,0.789288,-0.006678,0.00353,0.003372,0.004405,-0.111314,0.15982,-1.036751
1863,0.163438,0.008826,0.31933,-0.97184,0.018972,-0.234972,-0.170989,-0.743063,0.646987,-0.161117,0.668919,0.725683,-0.013525,0.004634,0.004503,0.004305,-0.110935,0.160282,-1.344387,-0.142341,0.008896,0.328499,-0.277144,0.923293,0.265918,-0.486993,-0.373441,0.789502,0.82858,0.08814,0.552765,0.013583,0.002164,0.000434,-0.011233,0.090945,-0.13831,0.33235,0.057762,0.048832,-0.007197,0.427205,-0.856547,0.28952,0.530675,0.496792,0.686718,-0.732038,-0.139728,0.66678,0.006798,0.000959,0.000108,-0.011034,0.088141,-0.138279,0.250526,0.080369,0.044504,-0.058264,0.991895,0.108466,-0.06616,-0.045709,0.790516,0.610732,0.118544,-0.602759,0.789068,0.000125,0.001614,0.001479,6e-05,-0.000207,-0.000304,-1.030546
1864,0.163084,0.00891,0.319496,-0.971583,0.01915,-0.23602,-0.171842,-0.742954,0.646886,-0.161757,0.669035,0.725434,-0.013677,0.002656,0.002689,-0.000984,0.014715,-0.029553,-1.343357,-0.142055,0.008939,0.328506,-0.266138,0.926522,0.265932,-0.491382,-0.367629,0.78951,0.829582,0.078275,0.552748,-1.2e-05,0.000137,0.000119,0.039681,0.117808,0.082479,0.337194,0.0579,0.04885,-0.007195,0.4173,-0.86084,0.291227,0.5355,0.491846,0.686533,-0.734234,-0.130538,0.666227,0.006829,0.000743,-9e-05,0.443925,1.323944,0.939141,0.262773,0.080192,0.044548,-0.05818,0.991847,0.108157,-0.067381,-0.044712,0.790543,0.610771,0.119327,-0.602779,0.788934,-0.00683,0.001466,0.001476,-0.000939,0.014569,-0.029758,-1.029076
1865,0.16291,0.008938,0.319553,-0.971412,0.019284,-0.23671,-0.172407,-0.742917,0.646778,-0.162177,0.669072,0.725306,-0.013652,-0.008615,0.010605,-0.03586,0.012876,-0.023152,-1.343316,-0.141853,0.008982,0.328508,-0.260609,0.92812,0.265832,-0.493605,-0.364612,0.789523,0.830011,0.07337,0.552777,0.013521,0.002827,0.001006,0.007588,-0.019846,0.061044,0.337332,0.058001,0.048868,-0.007198,0.411613,-0.863279,0.2921,0.538293,0.488922,0.686435,-0.7354,-0.125311,0.665945,0.006821,0.000715,-0.000109,0.014606,0.017844,0.054465,0.265386,0.080105,0.044564,-0.058156,0.991819,0.107974,-0.068075,-0.044149,0.790597,0.610742,0.119764,-0.60274,0.788897,4e-05,0.000524,0.000485,2.1e-05,-0.000129,-0.000158,-1.029566
1866,0.162561,0.008996,0.319612,-0.971079,0.019536,-0.238054,-0.173485,-0.742913,0.646494,-0.163017,0.669068,0.725121,4.8e-05,0.000585,0.000533,0.00457,-0.109711,0.165835,-1.343472,-0.141351,0.009035,0.3285,-0.243991,0.932671,0.265678,-0.500053,-0.355608,0.789572,0.831179,0.058619,0.552782,0.013646,0.001445,-0.000203,0.002045,-0.015205,0.029245,0.337837,0.058252,0.048897,-0.0072,0.395841,-0.869805,0.294529,0.545843,0.480776,0.686228,-0.738487,-0.110871,0.665088,0.006821,0.000704,-0.000124,0.002274,-0.017554,0.029261,0.267999,0.079925,0.044591,-0.058121,0.991764,0.107626,-0.069416,-0.043067,0.790715,0.610666,0.120611,-0.602648,0.788839,1.7e-05,0.000217,0.000205,0.004598,-0.109796,0.165721,-1.029893
1867,0.162293,0.009023,0.319656,-0.970858,0.019692,-0.238939,-0.174192,-0.742893,0.646328,-0.163572,0.669087,0.724979,-0.013805,0.001009,0.001176,-0.000984,0.014715,-0.029553,-1.343313,-0.140809,0.009099,0.328497,-0.243893,0.932733,0.26555,-0.500096,-0.355448,0.789617,0.831182,0.058604,0.552779,0.013633,0.001576,-9.4e-05,0.002045,-0.015205,0.029245,0.340485,0.058523,0.048929,-0.007201,0.395783,-0.869873,0.294407,0.545896,0.480646,0.686276,-0.738479,-0.110901,0.665092,0.006816,0.000794,-5.1e-05,0.001747,-0.015932,0.028567,0.271428,0.079791,0.044603,-0.058101,0.991726,0.107401,-0.070311,-0.042348,0.790788,0.610623,0.121183,-0.602593,0.788793,-0.006905,0.00048,0.00057,-0.000956,0.014658,-0.029631,-1.023035
1868,0.16219,0.009048,0.319667,-0.970795,0.019727,-0.239193,-0.174381,-0.742909,0.646258,-0.163744,0.669067,0.724958,5.7e-05,0.00068,0.00062,0.0,0.0,0.0,-1.344453,-0.140512,0.009123,0.328498,-0.238314,0.934201,0.265453,-0.5022,-0.35237,0.789661,0.831525,0.053698,0.552762,0.013763,0.000199,-0.001297,0.003629,0.010641,0.012293,0.346677,0.058671,0.048944,-0.007197,0.390484,-0.872003,0.295181,0.548366,0.477861,0.686252,-0.73947,-0.106104,0.664775,0.013639,0.001486,-0.000183,0.002952,0.108548,-0.084503,0.27502,0.07974,0.044615,-0.058096,0.991713,0.107347,-0.070569,-0.042154,0.790828,0.610584,0.121352,-0.60255,0.7888,-0.00689,0.000654,0.000729,-0.000964,0.014672,-0.029621,-1.022871
1869,0.162037,0.009093,0.319711,-0.970532,0.01996,-0.24024,-0.175247,-0.742906,0.646027,-0.164375,0.669063,0.724819,0.000103,0.001227,0.001117,0.0,0.0,0.0,-1.345145,-0.139923,0.009127,0.328438,-0.232668,0.935587,0.265583,-0.50425,-0.349436,0.789658,0.831875,0.048628,0.552704,0.013929,-0.001475,-0.002764,6.1e-05,3.6e-05,0.00487,0.355087,0.058971,0.048947,-0.007227,0.385135,-0.874044,0.29617,0.550775,0.4752,0.686171,-0.740484,-0.101145,0.664418,0.006969,-0.000802,-0.001446,0.000121,-0.001161,0.004761,0.287594,0.079663,0.044636,-0.058075,0.991672,0.107031,-0.071625,-0.041271,0.790937,0.610503,0.121994,-0.602462,0.788768,5.3e-05,0.000646,0.000593,2.4e-05,-3e-05,-4.3e-05,-1.024504
1870,0.16199,0.009129,0.319772,-0.970172,0.020325,-0.241657,-0.176463,-0.742869,0.645739,-0.165189,0.669094,0.724606,0.000164,0.00195,0.001775,0.005194,-0.125596,0.189873,-1.346385,-0.13943,0.008873,0.328312,-0.232585,0.935185,0.267067,-0.50362,-0.350605,0.789542,0.83228,0.047956,0.552153,0.014419,-0.006333,-0.007021,-0.013645,0.105165,-0.163387,0.354924,0.059211,0.048827,-0.007284,0.385207,-0.873568,0.297476,0.550032,0.476176,0.68609,-0.740998,-0.100665,0.663917,0.001071,-0.009663,0.000442,-0.038638,0.023329,-0.044016,0.292329,0.07964,0.044653,-0.058046,0.991625,0.106607,-0.072891,-0.040171,0.791043,0.61044,0.122737,-0.6024,0.7887,3.6e-05,0.000443,0.000405,2.7e-05,-2.1e-05,-3e-05,-1.025157
1871,0.162002,0.009137,0.319807,-0.970011,0.0205,-0.242288,-0.177018,-0.742833,0.645629,-0.165539,0.669129,0.724494,0.000101,0.001205,0.001097,0.004538,-0.109692,0.165848,-1.349432,-0.139277,0.008593,0.328174,-0.232568,0.934913,0.268032,-0.503166,-0.351384,0.789485,0.832559,0.047565,0.551766,0.014802,-0.01009,-0.010329,5.9e-05,2.3e-05,0.004862,0.352143,0.059287,0.04869,-0.00735,0.385298,-0.873161,0.298552,0.549415,0.477001,0.686011,-0.741408,-0.10029,0.663516,0.000622,-0.006331,-0.005551,-0.004144,0.030135,-0.0491,0.291839,0.079646,0.044659,-0.058026,0.991602,0.106374,-0.073546,-0.039588,0.791083,0.610426,0.123114,-0.602388,0.788651,6e-05,0.000729,0.000666,3.4e-05,-1.3e-05,-3.3e-05,-1.025484
1872,0.162041,0.009159,0.319935,-0.969775,0.020768,-0.243208,-0.177859,-0.74269,0.645562,-0.166017,0.669278,0.724246,0.000194,0.002303,0.002094,0.004542,-0.109657,0.165871,-1.354568,-0.139194,0.007791,0.32775,-0.234064,0.933897,0.270263,-0.504017,-0.354154,0.787702,0.831627,0.046978,0.55322,0.001804,-0.018391,-0.016205,0.186963,-0.060215,-0.1211,0.331737,0.059337,0.048306,-0.007555,0.386447,-0.87202,0.300398,0.549376,0.479254,0.684472,-0.74084,-0.099481,0.664273,0.000952,-0.009666,-0.008516,0.358828,-0.109368,-0.194135,0.282205,0.079665,0.044668,-0.057964,0.991569,0.106031,-0.074471,-0.038738,0.791059,0.610511,0.123644,-0.602479,0.788498,0.000118,0.001434,0.001304,1.6e-05,-1.1e-05,-2.1e-05,-1.026137
1873,0.162064,0.009231,0.320123,-0.970344,0.020728,-0.240933,-0.176478,-0.742034,0.646694,-0.164171,0.670006,0.723993,0.00039,0.004647,0.004219,0.000659,-0.015884,0.024038,-1.357825,-0.139285,0.006749,0.327105,-0.23752,0.933913,0.267173,-0.507961,-0.353739,0.785352,0.828244,0.049646,0.558042,-0.011456,-0.024903,-0.020609,0.063803,-0.115845,0.07432,0.286186,0.059292,0.047786,-0.007877,0.390064,-0.871318,0.297747,0.553323,0.48027,0.680568,-0.73599,-0.100715,0.669457,-0.005689,-0.013017,-0.010781,0.117697,-1.588604,2.107156,0.235177,0.079676,0.044701,-0.057873,0.991712,0.106223,-0.072257,-0.040097,0.79028,0.611431,0.122052,-0.603467,0.78799,0.00017,0.002066,0.001875,0.000143,-0.000447,0.000354,-1.028096
1874,0.162082,0.009398,0.32037,-0.970297,0.023219,-0.240895,-0.178,-0.743033,0.645128,-0.162808,0.668813,0.725403,0.000579,0.006909,0.00626,0.000977,-0.015504,0.02428,-1.357064,-0.139414,0.005734,0.326279,-0.243948,0.933666,0.262197,-0.516426,-0.353793,0.779788,0.821117,0.053645,0.568113,0.002509,-0.025993,-0.023305,0.095962,-0.101528,0.061619,0.27095,0.059223,0.047263,-0.008296,0.39586,-0.870942,0.291125,0.561332,0.480394,0.67389,-0.726774,-0.103349,0.679056,-0.005604,-0.013934,-0.011722,0.025108,0.033138,-0.133625,0.195661,0.079685,0.04478,-0.057753,0.991999,0.103693,-0.072003,-0.03845,0.791446,0.610027,0.120242,-0.602378,0.789101,0.000265,0.003177,0.002877,-0.005412,-0.018324,0.025208,-1.027607
1875,0.162114,0.009502,0.320504,-0.97033,0.02562,-0.240515,-0.17922,-0.744098,0.643561,-0.161274,0.667537,0.726919,0.000614,-0.004039,0.014465,-0.004796,0.033731,0.029018,-1.356452,-0.139547,0.005164,0.325801,-0.247169,0.933623,0.259321,-0.520736,-0.353561,0.777021,0.817427,0.05584,0.5732,-0.011181,-0.02882,-0.024437,0.098733,-0.088615,0.030554,0.267653,0.059166,0.046989,-0.008526,0.398585,-0.870819,0.287755,0.56516,0.480319,0.670736,-0.722304,-0.104718,0.6836,-0.00554,-0.014791,-0.012553,0.084469,-0.075371,-0.002276,0.187333,0.079701,0.04484,-0.057686,0.992274,0.101441,-0.071419,-0.037244,0.792702,0.60847,0.118338,-0.601109,0.790356,0.000304,0.003668,0.003317,0.015797,0.018499,0.055559,-1.028096
1876,0.162183,0.009764,0.320849,-0.970172,0.028233,-0.240862,-0.181104,-0.745062,0.641916,-0.160128,0.666352,0.728259,0.000725,0.008691,0.007839,0.130307,0.137515,0.121573,-1.357308,-0.139895,0.004089,0.324823,-0.251689,0.932566,0.258777,-0.526465,-0.356172,0.771952,0.812367,0.056878,0.580248,-0.011305,-0.028429,-0.024332,0.0208,0.047069,-0.113378,0.262661,0.058989,0.046435,-0.009029,0.402938,-0.869228,0.286501,0.569737,0.483213,0.664759,-0.716268,-0.104626,0.689936,-0.005626,-0.014345,-0.012273,-0.015925,-0.044657,0.063286,0.175576,0.079736,0.044964,-0.057513,0.992425,0.099626,-0.071867,-0.035642,0.793391,0.607667,0.117558,-0.600503,0.790932,0.000362,-0.001301,0.007871,0.212493,0.243398,0.13477,-1.029566
1877,0.162241,0.009976,0.321228,-0.970634,0.028317,-0.238982,-0.180099,-0.744315,0.643064,-0.158462,0.667183,0.727863,0.000724,0.008708,0.007829,0.000693,-0.015825,0.024076,-1.356658,-0.140374,0.003034,0.323895,-0.254952,0.93259,0.255473,-0.530878,-0.355706,0.769139,0.808471,0.059292,0.585424,-0.011517,-0.027175,-0.023418,0.028934,-0.055215,0.057112,0.276538,0.05875,0.045906,-0.009495,0.405699,-0.869114,0.282926,0.573625,0.483102,0.661486,-0.71159,-0.106071,0.69454,-0.005749,-0.013547,-0.011662,-0.020385,0.060253,-0.106353,0.179658,0.079765,0.045075,-0.057319,0.992668,0.098732,-0.069726,-0.036135,0.792892,0.608288,0.115343,-0.601309,0.790647,0.000358,0.004377,0.003934,-0.001165,-0.017999,0.023973,-1.031036
1878,0.162264,0.010055,0.321421,-0.970542,0.028433,-0.239344,-0.180461,-0.744154,0.643149,-0.158617,0.667357,0.727669,0.000679,0.008171,0.007334,0.000662,-0.015857,0.024056,-1.358069,-0.140619,0.002506,0.323442,-0.25522,0.933189,0.253006,-0.531385,-0.35387,0.769636,0.808054,0.060806,0.585845,-0.011687,-0.02583,-0.022289,0.01427,-0.548245,0.723897,0.2807,0.058631,0.045649,-0.009715,0.405695,-0.86901,0.283251,0.573283,0.483296,0.661642,-0.711869,-0.106042,0.69426,-0.005857,-0.012605,-0.010845,-0.013948,0.048904,-0.075825,0.186843,0.079777,0.045115,-0.057222,0.992653,0.09861,-0.070103,-0.035784,0.79278,0.608456,0.115576,-0.601478,0.790484,0.000325,-0.001701,0.007494,-0.035063,-0.002604,0.005727,-1.032015
1879,0.162276,0.010201,0.321755,-0.970445,0.030973,-0.239418,-0.182147,-0.744988,0.641706,-0.157282,0.666309,0.728918,0.000537,0.006469,0.005791,0.000763,-0.015728,0.024138,-1.357216,-0.140974,0.001754,0.322655,-0.255508,0.933561,0.25134,-0.531879,-0.352707,0.769829,0.807638,0.061837,0.58631,0.001627,-0.018084,-0.016831,-0.003943,0.030422,-0.048791,0.279349,0.058445,0.045254,-0.010125,0.405685,-0.870471,0.278745,0.574908,0.480103,0.662556,-0.710562,-0.108537,0.695212,-0.006164,-0.009602,-0.008142,0.007893,-0.055726,0.088263,0.190925,0.079788,0.045188,-0.057055,0.992912,0.096044,-0.069995,-0.033977,0.793796,0.607233,0.113883,-0.600551,0.791434,0.000223,0.002747,0.002459,-0.003633,-0.002203,-0.000149,-1.032669
1880,0.16228,0.010301,0.321967,-0.970205,0.03124,-0.240355,-0.183,-0.74482,0.641659,-0.157771,0.666485,0.728652,0.000268,0.003227,0.002884,0.0,0.0,0.0,-1.357126,-0.141184,0.001542,0.322053,-0.255507,0.933314,0.252254,-0.532285,-0.353492,0.769188,0.807371,0.061084,0.586757,-0.000611,0.003389,-0.015306,0.034495,0.006568,-0.005244,0.284691,0.058342,0.045134,-0.010433,0.405741,-0.870138,0.279701,0.575094,0.480901,0.661816,-0.71038,-0.107672,0.695533,-0.000346,0.002256,-0.007123,0.034666,0.007097,-0.00479,0.194191,0.079785,0.045245,-0.056943,0.992872,0.095742,-0.070971,-0.033124,0.793729,0.607368,0.114483,-0.600689,0.791243,0.000148,0.00182,0.001627,1.4e-05,-0.000589,-0.000731,-1.033812
1881,0.162285,0.010375,0.322019,-0.969862,0.031603,-0.241691,-0.184145,-0.744822,0.641329,-0.158544,0.666465,0.728502,2.4e-05,0.000295,0.000263,0.0,0.0,0.0,-1.356914,-0.141272,0.001829,0.321718,-0.253953,0.933552,0.25294,-0.531237,-0.353047,0.770116,0.808549,0.060024,0.585243,-0.00133,0.011455,-0.007762,0.034459,-0.007725,0.019892,0.297381,0.058297,0.045281,-0.010604,0.404249,-0.870535,0.280626,0.574186,0.480359,0.662997,-0.711963,-0.106885,0.694034,-0.000696,0.006147,-0.003488,0.050102,-0.011583,0.017602,0.205295,0.079788,0.045284,-0.056915,0.992823,0.095349,-0.072175,-0.032096,0.793863,0.607248,0.115198,-0.600574,0.791226,2e-06,4.1e-05,3.7e-05,5.6e-05,-0.000394,-0.000492,-1.035771
1882,0.162275,0.010378,0.322008,-0.969724,0.031744,-0.242223,-0.184596,-0.744833,0.641187,-0.158857,0.666446,0.728451,-4.8e-05,-0.000576,-0.000515,0.0,0.0,0.0,-1.356963,-0.141298,0.002068,0.321622,-0.252419,0.933916,0.253135,-0.529872,-0.35219,0.771447,0.809922,0.059421,0.583403,-0.001568,0.014133,-0.005256,0.011345,-0.010964,0.053863,0.30469,0.058284,0.045402,-0.01065,0.402759,-0.871083,0.281068,0.572999,0.479413,0.664707,-0.713762,-0.106665,0.692217,-0.000806,0.007364,-0.002349,0.046219,-0.019675,0.048506,0.214276,0.079782,0.045284,-0.056921,0.992795,0.095126,-0.072852,-0.031519,0.793945,0.607171,0.115598,-0.6005,0.791224,-4.2e-05,-0.000496,-0.000442,0.004622,-0.109649,0.165658,-1.036751
1883,0.162261,0.010324,0.321973,-0.969481,0.031998,-0.24316,-0.185406,-0.744804,0.640987,-0.159391,0.666465,0.728317,-0.000111,-0.001337,-0.001195,0.0,0.0,0.0,-1.356034,-0.141322,0.002572,0.321467,-0.246349,0.935659,0.252676,-0.523685,-0.347765,0.777655,0.815787,0.058071,0.57531,-0.001631,0.014828,-0.004606,-0.308087,0.142056,0.176479,0.317782,0.058272,0.045655,-0.01072,0.397623,-0.873291,0.281527,0.568796,0.475358,0.671196,-0.719976,-0.106752,0.685738,-0.000784,0.007101,-0.002595,-0.488918,0.220504,0.198348,0.232401,0.079775,0.045255,-0.056941,0.992756,0.094811,-0.073795,-0.030703,0.794022,0.607112,0.116155,-0.600448,0.791182,-7.4e-05,-0.000887,-0.000791,5.3e-05,-0.00021,-0.000279,-1.037894
1884,0.162255,0.010258,0.321915,-0.96928,0.03221,-0.243934,-0.186073,-0.744794,0.640804,-0.159836,0.666466,0.728219,-9.4e-05,-0.001134,-0.001014,0.0,0.0,0.0,-1.354975,-0.141265,0.003112,0.32128,-0.240256,0.937601,0.251341,-0.517725,-0.342676,0.78388,0.821383,0.057023,0.5674,0.012366,0.015491,-0.005563,-0.153423,0.067687,0.122004,0.334966,0.058295,0.045929,-0.010809,0.391108,-0.876315,0.281256,0.563777,0.469671,0.679384,-0.727453,-0.107147,0.677739,-0.000798,0.007252,-0.002453,-0.162308,0.078732,0.126992,0.25069,0.079772,0.045219,-0.056972,0.992723,0.094546,-0.074575,-0.030027,0.794099,0.607045,0.116614,-0.600389,0.79116,-4.7e-05,-0.000572,-0.000512,2.3e-05,-0.000146,-0.000186,-1.037731
1885,0.162263,0.01024,0.321885,-0.969218,0.032276,-0.244171,-0.186274,-0.744809,0.640729,-0.159976,0.666446,0.728206,-0.00011,-0.001329,-0.001189,0.0,0.0,0.0,-1.353541,-0.141234,0.003406,0.32116,-0.237209,0.938613,0.250459,-0.514841,-0.339979,0.786948,0.824073,0.056541,0.563533,-0.001539,0.013755,-0.005604,-0.100017,0.056248,0.071451,0.345491,0.058316,0.046077,-0.010868,0.387979,-0.877832,0.280858,0.561634,0.466793,0.683133,-0.730779,-0.107302,0.674126,0.005522,0.013411,-0.006714,-0.034154,0.016425,0.145276,0.26359,0.079776,0.045211,-0.056986,0.992713,0.094464,-0.074813,-0.029824,0.794139,0.607004,0.116752,-0.60035,0.791169,-6.7e-05,-0.000818,-0.000733,2.2e-05,-0.000113,-0.000163,-1.037241
1886,0.162262,0.010219,0.321879,-0.969855,0.032152,-0.241646,-0.184637,-0.744296,0.641798,-0.158016,0.667025,0.728104,-2e-06,-2.1e-05,-1.8e-05,-0.0,0.0,-0.0,-1.350685,-0.141127,0.004048,0.320854,-0.229625,0.941054,0.248358,-0.507355,-0.333383,0.794595,0.830828,0.055266,0.553655,-0.002858,0.024974,-0.013559,-0.119687,0.059228,0.137033,0.360258,0.058369,0.046403,-0.011024,0.380564,-0.881354,0.279972,0.556177,0.460019,0.692133,-0.738807,-0.107686,0.665256,-0.001418,0.012432,-0.006833,-0.07774,0.049223,0.130023,0.28792,0.079776,0.045199,-0.056991,0.992872,0.094809,-0.072216,-0.031556,0.793445,0.607823,0.114927,-0.601211,0.790781,3e-06,3.1e-05,2.7e-05,0.000549,-0.001478,0.001033,-1.035444
1887,0.162233,0.010254,0.321899,-0.969775,0.032225,-0.241956,-0.184892,-0.744309,0.641709,-0.158206,0.667007,0.72808,3.1e-05,0.000371,0.000331,0.0,0.0,0.0,-1.350014,-0.140975,0.00485,0.320441,-0.223517,0.943142,0.245996,-0.50211,-0.327614,0.800305,0.835658,0.054175,0.546446,0.010994,0.02677,-0.013446,-0.038841,0.006243,0.135976,0.372565,0.058444,0.046803,-0.011231,0.374385,-0.884422,0.278624,0.552478,0.454075,0.698987,-0.744716,-0.107757,0.658623,0.005508,0.013359,-0.006751,0.02321,-0.00949,0.124505,0.306372,0.079762,0.045218,-0.056981,0.992857,0.094714,-0.072545,-0.031287,0.793494,0.607772,0.115129,-0.601161,0.79079,1.5e-05,0.000197,0.000177,1.4e-05,-7e-05,-4.5e-05,-1.036098
1888,0.162216,0.010294,0.321935,-0.969647,0.032354,-0.242451,-0.185314,-0.744303,0.641594,-0.158495,0.667007,0.728016,3.3e-05,0.0004,0.000357,0.0,0.0,0.0,-1.349206,-0.14086,0.005784,0.319989,-0.217401,0.945041,0.244184,-0.496895,-0.32236,0.805675,0.840369,0.052628,0.539327,0.010926,0.027209,-0.013021,-0.480215,0.327342,0.107874,0.385126,0.058498,0.04726,-0.011451,0.369759,-0.886682,0.27762,0.550358,0.449754,0.703439,-0.748587,-0.107313,0.654293,-0.000827,0.007505,-0.002209,0.056403,-0.020841,0.047175,0.323518,0.079753,0.045239,-0.056962,0.992836,0.094547,-0.073045,-0.030856,0.793543,0.607731,0.115423,-0.601123,0.790776,-0.006871,0.000471,0.000552,-0.000982,0.014681,-0.029593,-1.035281
1889,0.162217,0.010299,0.321952,-0.969496,0.032514,-0.243034,-0.185821,-0.744278,0.641477,-0.158823,0.667027,0.727927,2.1e-05,0.000251,0.000225,0.0,0.0,0.0,-1.348416,-0.140832,0.006285,0.319771,-0.215816,0.945523,0.243725,-0.496149,-0.321055,0.806656,0.841216,0.051972,0.538069,-0.003014,0.026454,-0.012139,-0.019767,0.025599,0.073642,0.389393,0.058517,0.047511,-0.011562,0.366878,-0.887877,0.277623,0.548337,0.447476,0.706464,-0.751483,-0.106955,0.651025,0.00606,0.008695,-0.001891,-0.02183,-0.000531,0.105312,0.330702,0.079753,0.045241,-0.056953,0.992813,0.094339,-0.073632,-0.030338,0.793585,0.607701,0.115763,-0.6011,0.790744,1e-05,0.000123,0.000109,0.004579,-0.109365,0.166046,-1.035608
1890,0.162206,0.010293,0.321947,-0.969289,0.032727,-0.243829,-0.186504,-0.744268,0.64129,-0.159282,0.667028,0.727826,-3.5e-05,-0.00042,-0.000375,0.0,0.0,0.0,-1.347001,-0.14083,0.007299,0.319419,-0.211177,0.946736,0.243076,-0.492495,-0.317752,0.810195,0.844528,0.050186,0.533025,-0.003248,0.028938,-0.009822,-0.01397,0.008052,0.096394,0.397437,0.058519,0.048014,-0.01174,0.362421,-0.889675,0.277718,0.545676,0.444117,0.710631,-0.755571,-0.106004,0.646432,-0.001603,0.014318,-0.005051,0.008529,0.005627,0.094845,0.342786,0.079748,0.045238,-0.056955,0.992779,0.094061,-0.074432,-0.02964,0.793663,0.607634,0.116229,-0.60104,0.790721,-2.5e-05,-0.000293,-0.000262,1.5e-05,-1.8e-05,-2e-05,-1.035771
1891,0.162215,0.010273,0.321929,-0.969117,0.03291,-0.244488,-0.187074,-0.744259,0.641134,-0.159659,0.667028,0.727743,-8.2e-05,-0.000984,-0.00088,0.0,0.0,0.0,-1.346756,-0.140864,0.008181,0.31924,-0.206597,0.947928,0.242365,-0.488341,-0.314432,0.813996,0.84806,0.048616,0.527535,0.011768,0.020455,-0.000937,-0.039526,0.098893,-0.068586,0.402205,0.0585,0.048467,-0.011833,0.357904,-0.891515,0.277679,0.542502,0.440571,0.715254,-0.759997,-0.105351,0.64133,0.00588,0.010319,-0.000386,0.015703,0.084919,-0.079634,0.351767,0.079752,0.045229,-0.056964,0.992752,0.093825,-0.075096,-0.029056,0.793729,0.607576,0.116612,-0.600991,0.790703,-4.6e-05,-0.000551,-0.000493,-2.2e-05,-2.7e-05,1e-06,-1.036261
1892,0.162225,0.010266,0.321922,-0.969043,0.03299,-0.244769,-0.187318,-0.744256,0.641067,-0.159818,0.667028,0.727708,-1.4e-05,-0.000173,-0.000154,0.0,0.0,0.0,-1.34538,-0.140873,0.008562,0.31926,-0.20508,0.948373,0.241912,-0.486999,-0.313155,0.815291,0.849198,0.048192,0.525741,0.011581,0.022332,0.000788,-0.012521,-0.015165,0.092813,0.403966,0.058492,0.048647,-0.011825,0.356465,-0.892138,0.277526,0.541557,0.439343,0.716724,-0.761346,-0.105191,0.639754,-0.001132,0.010686,0.000732,0.003856,0.101644,-0.10779,0.354706,0.079757,0.045223,-0.056969,0.99274,0.093722,-0.075379,-0.028805,0.793757,0.607552,0.116774,-0.60097,0.790695,-8e-06,-9.2e-05,-8.1e-05,5e-06,2e-06,-1.9e-05,-1.036424
1893,0.162212,0.01024,0.3219,-0.969008,0.035448,-0.244565,-0.188699,-0.745332,0.639409,-0.158413,0.665695,0.729234,-0.000101,-0.001218,-0.001089,0.015426,0.018702,0.011869,-1.342422,-0.140874,0.009197,0.319564,-0.203757,0.94948,0.238666,-0.486205,-0.309612,0.817116,0.849969,0.049254,0.524394,-0.001246,0.013389,0.012311,-0.012294,0.077893,-0.117205,0.405828,0.058496,0.048966,-0.011679,0.354931,-0.893712,0.274412,0.541744,0.435832,0.718723,-0.761929,-0.106436,0.638854,-0.000613,0.006569,0.006041,0.018366,-0.020051,0.02021,0.359931,0.079751,0.045212,-0.056978,0.993003,0.091287,-0.074908,-0.027383,0.795062,0.605909,0.114868,-0.599618,0.791999,-5.5e-05,-0.00067,-0.0006,-0.006361,0.009983,0.016708,-1.036424
1894,0.162201,0.010227,0.321888,-0.968988,0.035466,-0.244642,-0.188763,-0.745331,0.639392,-0.158459,0.665696,0.729223,-1.4e-05,-0.000162,-0.000145,3e-06,4e-06,3e-06,-1.342024,-0.140878,0.009692,0.320068,-0.203722,0.949341,0.239247,-0.485978,-0.310081,0.817074,0.850108,0.048989,0.524195,-0.001276,0.013678,0.012512,-0.009906,0.076774,-0.118136,0.403353,0.058494,0.049218,-0.011423,0.355057,-0.893487,0.274981,0.541552,0.436347,0.718555,-0.762007,-0.106211,0.638798,0.006255,0.007346,0.00595,0.004072,-0.03196,0.052399,0.358788,0.079745,0.045204,-0.056986,0.992996,0.091217,-0.075079,-0.027201,0.794951,0.606063,0.114968,-0.599776,0.791865,-6e-06,-8.1e-05,-7.1e-05,-0.00067,-0.000635,-0.000301,-1.034628
1895,0.162201,0.010234,0.321894,-0.968909,0.035548,-0.244941,-0.189021,-0.745326,0.639321,-0.158631,0.665696,0.729185,9.3e-05,0.001113,0.000995,0.0,0.0,0.0,-1.337978,-0.140868,0.010148,0.320546,-0.203658,0.949075,0.240357,-0.485602,-0.31098,0.816956,0.850338,0.048464,0.52387,-0.001092,0.011677,0.010631,0.002021,-0.015661,0.024105,0.400334,0.058499,0.049451,-0.011179,0.355145,-0.893079,0.276188,0.540988,0.4373,0.718401,-0.762366,-0.105722,0.63845,-0.00057,0.006017,0.005477,-0.010156,0.076085,-0.118767,0.357319,0.079745,0.045205,-0.056985,0.992981,0.091127,-0.075384,-0.026947,0.794975,0.606043,0.115155,-0.599758,0.791852,5.4e-05,0.000651,0.000581,9e-05,-0.000228,-0.000339,-1.032832
