frame,MLTx,MLTy,MLTz,MLTR1,MLTR2,MLTR3,MLTR4,MLTR5,MLTR6,MLTR7,MLTR8,MLTR9,MLTTVx,MLTTVy,MLTTVz,MLTRVx,MLTRVy,MLTRVz,MLGA,MRTx,MRTy,MRTz,MRTR1,MRTR2,MRTR3,MRTR4,MRTR5,MRTR6,MRTR7,MRTR8,MRTR9,MRTTVx,MRTTVy,MRTTVz,MRTRVx,MRTRVy,MRTRVz,MRGA,SLTx,SLTy,SLTz,SLTR1,SLTR2,SLTR3,SLTR4,SLTR5,SLTR6,SLTR7,SLTR8,SLTR9,SLTTVx,SLTTVy,SLTTVz,SLTRVx,SLTRVy,SLTRVz,SLGA,SRTx,SRTy,SRTz,SRTR1,SRTR2,SRTR3,SRTR4,SRTR5,SRTR6,SRTR7,SRTR8,SRTR9,SRTTVx,SRTTVy,SRTTVz,SRTRVx,SRTRVy,SRTRVz,SRGA
403,0.156151,-0.042866,0.32047,-0.522512,-0.005845,-0.852638,-0.00342,-0.99994,0.008888,-0.851993,0.00756,0.523524,0.016097,-0.004879,0.015321,-0.021926,-0.572859,-0.00681,-0.307755,-0.155757,-0.039301,0.302907,0.0124,0.550267,0.834892,-0.61795,-0.652112,0.439115,0.786043,-0.522035,0.330876,-0.015441,-0.001338,0.000197,-0.002045,0.015205,-0.029245,-1.40125,0.048991,0.022247,-0.01802,-0.041803,-0.511639,0.858182,0.678312,0.616117,0.400364,-0.733583,0.598852,0.321295,5e-06,-0.000138,-0.000167,-3.1e-05,-3.4e-05,1.5e-05,-0.987379,0.076463,0.020942,-0.057522,0.611896,0.028242,-0.790433,-0.052543,0.998605,-0.004995,0.78919,0.044589,0.612526,0.008033,0.002888,0.003251,0.251345,-1.138768,0.386909,-0.180618
404,0.156535,-0.042806,0.320661,-0.512332,0.001936,-0.858812,-0.004092,-0.999977,0.000125,-0.858158,0.003568,0.5134,0.031522,0.00607,0.006735,0.066685,-0.369379,0.16373,-0.589232,-0.155841,-0.039285,0.302871,0.012397,0.550264,0.834894,-0.618033,-0.65206,0.439075,0.785978,-0.522103,0.330922,1.9e-05,-0.000714,-0.000882,0.0,0.0,0.0,-1.400902,0.048943,0.022256,-0.018036,-0.041793,-0.511616,0.858196,0.678389,0.616069,0.400307,-0.733512,0.598921,0.321327,1.6e-05,-0.000536,-0.00066,-3e-05,0.0,-1.4e-05,-0.986726,0.076649,0.020967,-0.057423,0.601732,0.020517,-0.798433,-0.051094,0.998611,-0.012846,0.797061,0.048525,0.601945,0.008085,0.003461,0.003887,0.361689,-0.689509,0.60978,-0.329703
405,0.157426,-0.042604,0.320916,-0.490172,0.026705,-0.871243,-0.007601,-0.999608,-0.026424,-0.871,-0.00637,0.491268,0.015912,0.015778,-0.003108,0.032895,-0.179725,0.19947,-1.333869,-0.156042,-0.039266,0.302819,0.01233,0.549943,0.835106,-0.618142,-0.652179,0.438744,0.785893,-0.522292,0.330826,1.2e-05,-0.000465,-0.000574,0.0,0.0,0.0,-1.39889,0.048843,0.022264,-0.018063,-0.041694,-0.511293,0.858393,0.6785,0.616166,0.399969,-0.733415,0.599097,0.321222,8e-06,-0.000235,-0.000286,-1.4e-05,-1.2e-05,1.6e-05,-0.984767,0.077107,0.021076,-0.057287,0.582222,-0.005706,-0.813009,-0.044731,0.998235,-0.039039,0.811797,0.059096,0.580939,0.007951,0.00792,-0.001531,0.03753,-0.116368,0.211526,-0.630974
406,0.158264,-0.042306,0.320995,-0.477533,0.045953,-0.877437,-0.013179,-0.998877,-0.045201,-0.877938,-0.010085,0.478696,0.015771,0.014761,-0.004289,0.042057,-0.121292,0.223289,-1.885279,-0.156292,-0.039231,0.302743,0.012273,0.549685,0.835276,-0.618317,-0.652218,0.43844,0.785757,-0.522514,0.330799,-0.015443,-0.001306,0.000226,-0.002045,0.015205,-0.029245,-1.306785,0.048723,0.022282,-0.018102,-0.04162,-0.511055,0.858539,0.678671,0.616166,0.399679,-0.733261,0.599301,0.321193,5e-06,-0.000129,-0.000156,-1.3e-05,1e-06,-6e-06,-0.969744,0.077526,0.021226,-0.057246,0.571825,-0.025741,-0.819971,-0.037093,0.997674,-0.057187,0.819536,0.063117,0.56954,0.007882,0.007382,-0.002157,0.043499,-0.107762,0.227918,-0.90024
407,0.158645,-0.042075,0.321034,-0.474663,0.051931,-0.87866,-0.015522,-0.998579,-0.050694,-0.879457,-0.010496,0.47589,0.016007,0.017293,-0.00144,0.043055,-0.133958,0.249174,-1.913889,-0.156404,-0.039162,0.302677,0.012528,0.55207,0.833698,-0.618381,-0.650831,0.440407,0.785702,-0.521732,0.332162,5e-06,-0.000221,-0.000273,-0.0,-0.0,0.0,-1.157914,0.048662,0.022312,-0.018131,-0.042094,-0.513465,0.857077,0.678637,0.614887,0.401702,-0.733265,0.598554,0.322573,-0.007717,-0.000676,8.8e-05,-0.001875,0.016876,-0.031766,-0.913572,0.077704,0.021327,-0.057235,0.569673,-0.031543,-0.821265,-0.034311,0.997479,-0.062111,0.821154,0.063561,0.567155,0.008,0.008623,-0.00076,0.042976,-0.131935,0.250214,-0.926856
408,0.159347,-0.041333,0.321115,-0.472493,0.056353,-0.879557,-0.01637,-0.998325,-0.055229,-0.880612,-0.011775,0.47372,0.016263,0.031747,-0.006025,0.0731,-0.052878,0.092339,-1.917692,-0.156591,-0.038911,0.30248,0.013078,0.563743,0.825842,-0.613404,-0.647626,0.451941,0.789584,-0.513171,0.336268,-0.001046,0.010913,-0.008429,-0.142238,-1.445154,2.375199,-0.727435,0.048569,0.022437,-0.01823,-0.043414,-0.522939,0.851262,0.673755,0.613819,0.411436,-0.737678,0.591404,0.325685,-0.000519,0.005465,-0.004197,-0.061945,0.157588,-0.1265,-0.743913,0.078055,0.021685,-0.057194,0.567737,-0.03646,-0.822401,-0.032712,0.99723,-0.066794,0.822559,0.064824,0.564972,0.008178,0.010658,0.001511,0.037179,-0.04056,0.073907,-0.904812
409,0.160047,-0.040194,0.321123,-0.471251,0.062867,-0.879781,-0.026722,-0.997999,-0.057061,-0.881025,-0.003466,0.473085,0.031725,0.033874,-0.003879,-4.78805,-0.382994,2.736374,-1.91825,-0.156749,-0.038477,0.302143,-0.030784,0.580205,0.813883,-0.557364,-0.685788,0.467947,0.829679,-0.439932,0.343446,-0.016481,0.009878,-0.007879,-0.286678,-0.189992,0.602904,-0.260124,0.048496,0.022652,-0.018396,-0.000345,-0.543917,0.839138,0.622084,0.656887,0.42604,-0.78295,0.522161,0.338135,-0.000514,0.005461,-0.004192,-1.759602,-0.304166,-0.493456,-0.611811,0.078405,0.022264,-0.057187,0.567126,-0.04016,-0.822651,-0.028127,0.997283,-0.068076,0.82315,0.061747,0.564455,0.008291,0.017903,-0.000786,0.068681,0.027432,-0.056897,-0.899097
410,0.160922,-0.038547,0.320887,-0.468423,0.071207,-0.880656,-0.048571,-0.997298,-0.054863,-0.881604,0.016979,0.471713,0.031801,0.047911,-0.009049,-4.817591,-0.568428,2.450756,-1.918222,-0.15693,-0.038184,0.301849,-0.104687,0.591875,0.799197,-0.470038,-0.737547,0.484791,0.876494,-0.325628,0.354384,-0.001006,0.009319,-0.010397,-4.7791,-3.025144,-1.968433,-0.033759,0.048399,0.022805,-0.018542,0.06703,-0.564833,0.822477,0.543026,0.712202,0.444847,-0.837035,0.416809,0.354458,1.4e-05,-0.000326,-0.000361,-1.370431,-0.840165,-0.613451,-0.509918,0.078842,0.023081,-0.057305,0.565715,-0.049211,-0.82313,-0.00632,0.997929,-0.064004,0.824575,0.04141,0.564233,0.008321,0.02451,-0.003824,0.005685,-0.520335,-0.098003,-0.902689
411,0.161459,-0.037601,0.320676,-0.472784,0.068851,-0.87851,-0.06029,-0.997117,-0.045761,-0.878544,0.031238,0.476667,0.031611,0.046936,-0.010204,-1.096849,1.247066,-1.934371,-1.918886,-0.157063,-0.038158,0.301782,-0.145082,0.59626,0.789567,-0.422633,-0.758802,0.495515,0.894744,-0.26254,0.361067,-0.015399,-0.002509,-0.001277,-4.829251,-3.444822,-1.526824,0.035174,0.048333,0.022821,-0.018581,0.109472,-0.572734,0.812398,0.494634,0.740318,0.455264,-0.862178,0.352001,0.364338,-0.007629,-0.001192,-0.000906,-4.840817,-3.473386,-1.462024,-0.453746,0.079111,0.023558,-0.057406,0.567355,-0.050943,-0.821895,0.010207,0.998442,-0.054841,0.823409,0.022726,0.566992,0.008217,0.023765,-0.004684,0.115246,-0.061013,0.14029,-0.90073
412,0.162669,-0.035611,0.320003,-0.482719,0.05875,-0.873828,-0.083914,-0.996244,-0.020685,-0.871165,0.063262,0.486925,0.031003,0.054216,-0.022847,-1.062238,1.260872,-1.953845,-1.918903,-0.157407,-0.038219,0.301813,-0.23442,0.590464,0.772264,-0.315852,-0.797474,0.514011,0.919638,-0.124156,0.372444,0.001031,-0.01064,0.008767,-4.418431,-3.015964,-1.964663,0.153317,0.048167,0.022792,-0.018573,0.19592,-0.575996,0.793626,0.395192,0.787057,0.473669,-0.897461,0.220834,0.381829,-0.007727,-0.000273,0.000639,-1.403548,-1.032323,-0.537596,-0.164721,0.079705,0.024535,-0.057723,0.576315,-0.040128,-0.816241,0.031075,0.999146,-0.027179,0.816635,-0.0097,0.57707,0.015567,0.021743,-0.007072,0.007731,0.04547,-0.040391,-0.898117
413,0.163806,-0.033745,0.319237,-0.498087,0.046225,-0.86592,-0.104124,-0.994528,0.006742,-0.860254,0.093456,0.501254,0.030708,0.04093,-0.017013,0.071636,0.0529,-0.090446,-1.918388,-0.157836,-0.038313,0.302012,-0.322336,0.572241,0.754076,-0.218534,-0.819971,0.528984,0.92141,0.00501,0.388384,-0.01444,-0.010044,0.011308,-4.269021,-3.916026,-2.157352,0.212959,0.047947,0.02274,-0.018471,0.285656,-0.566264,0.77314,0.296271,0.819416,0.490693,-0.911385,0.08889,0.401838,-0.007117,-0.004916,0.005588,-4.290093,-3.880145,-2.144791,0.035473,0.080285,0.025495,-0.058115,0.591175,-0.024829,-0.80616,0.048077,0.998833,0.004492,0.805108,-0.041413,0.591679,0.015317,0.025849,-0.012847,0.030432,0.220419,-0.374314,-0.903016
414,0.164322,-0.032864,0.318781,-0.508978,0.038356,-0.859951,-0.117313,-0.992764,0.025092,-0.852137,0.1136,0.510867,0.015307,0.038599,-0.019345,-1.436712,0.30673,0.397378,-1.918376,-0.158074,-0.038356,0.30212,-0.358333,0.560855,0.746345,-0.179057,-0.825788,0.53474,0.916662,0.057279,0.395365,-0.015467,0.000733,0.002704,-4.133882,-3.346652,-2.009892,0.252314,0.047834,0.022719,-0.018416,0.321732,-0.558632,0.764472,0.261596,0.828419,0.495266,-0.909975,0.04064,0.412665,-0.00776,0.000483,0.001565,-0.258795,-0.614418,0.038112,0.090175,0.080555,0.025953,-0.058347,0.600911,-0.016054,-0.799154,0.058689,0.997985,0.024083,0.797158,-0.061373,0.600642,0.007647,0.019118,-0.00989,-1.459251,0.305278,0.394254,-0.91265
415,0.165263,-0.031263,0.317833,-0.534084,0.016792,-0.845292,-0.131887,-0.989207,0.063617,-0.83444,0.145432,0.531589,0.014998,0.035834,-0.022377,0.086942,0.325333,-0.581812,-1.918129,-0.158649,-0.038561,0.302248,-0.422079,0.533179,0.733185,-0.115071,-0.833633,0.540138,0.899705,0.142947,0.412261,-0.015405,-0.002798,-0.001664,-1.080212,-1.255285,-0.514345,0.3163,0.047551,0.022628,-0.018346,0.387163,-0.537351,0.749238,0.1985,0.842135,0.501403,-0.900389,-0.045401,0.432708,-0.00773,-0.001086,-0.000398,0.113833,-0.541829,0.076373,0.191905,0.081008,0.026726,-0.058805,0.6225,0.005683,-0.782598,0.070447,0.995507,0.063265,0.779441,-0.094514,0.619303,0.007494,0.017589,-0.011553,0.09544,0.332454,-0.597169,-0.931102
416,0.166111,-0.030027,0.316855,-0.549587,0.015939,-0.835312,-0.157041,-0.983957,0.084486,-0.819885,0.177584,0.544316,0.014703,0.020287,-0.018944,-1.329704,0.410431,0.426139,-1.91781,-0.15945,-0.038825,0.302198,-0.478875,0.494726,0.7252,-0.05354,-0.840906,0.538464,0.876797,0.218411,0.428236,-0.030819,-0.006607,-0.004614,-0.175443,-0.668045,-0.107469,0.360801,0.047151,0.022493,-0.018366,0.450012,-0.502196,0.738436,0.133409,0.855422,0.500454,-0.883001,-0.126696,0.451947,-0.007697,-0.002776,-0.002509,-0.99528,-1.298428,-0.766396,0.2631,0.081443,0.027364,-0.059303,0.636991,0.008947,-0.770818,0.091284,0.992021,0.086951,0.765446,-0.12575,0.631092,0.014765,0.015809,-0.013724,-4.527798,0.784329,2.430624,-0.947594
417,0.166633,-0.029476,0.316359,-0.555139,0.014427,-0.83166,-0.162335,-0.982493,0.091253,-0.815097,0.185641,0.5488,0.029706,0.019811,-0.019752,0.025194,0.14754,-0.224137,-1.917499,-0.159996,-0.038931,0.302064,-0.50737,0.472842,0.720407,-0.023134,-0.843081,0.537226,0.862001,0.255315,0.437757,-0.031828,0.003318,-0.014297,-0.897429,-1.341245,-0.835015,0.380298,0.04689,0.022438,-0.018428,0.476301,-0.48633,0.732543,0.107391,0.859053,0.500493,-0.872699,-0.159717,0.461396,-0.015428,-0.003654,-0.00272,0.252044,-0.692852,0.027112,0.292982,0.081699,0.027637,-0.059553,0.642133,0.009992,-0.766527,0.097503,0.990729,0.094595,0.760366,-0.135481,0.635205,0.014792,0.015148,-0.014361,-0.031108,0.258098,-0.345373,-0.955432
418,0.167635,-0.028548,0.315545,-0.564241,0.012344,-0.825545,-0.171736,-0.979764,0.102663,-0.806875,0.199681,0.555974,0.029748,0.021198,-0.018261,0.066999,0.046197,-0.077384,-1.917548,-0.161088,-0.039217,0.301688,-0.561271,0.426856,0.709056,0.031983,-0.844804,0.534057,0.827662,0.321892,0.45959,-0.030842,-0.010615,-0.009672,0.182723,-2.34029,1.890695,0.407085,0.046332,0.022298,-0.01862,0.534824,-0.441835,0.720239,0.046626,0.866525,0.496951,-0.843676,-0.232199,0.484039,-0.01543,-0.005626,-0.005204,0.083833,-0.494771,0.015503,0.338703,0.0822,0.028095,-0.059967,0.650499,0.012765,-0.759399,0.105688,0.988609,0.107151,0.752117,-0.149961,0.64174,0.014891,0.010589,-0.009154,0.071605,0.043698,-0.075199,-0.96474
419,0.168599,-0.027796,0.31503,-0.574873,0.00675,-0.818242,-0.178277,-0.97697,0.117128,-0.797897,0.213193,0.563858,0.030019,0.01276,-0.007101,0.023426,0.055409,-0.085701,-1.917299,-0.162064,-0.039663,0.301128,-0.623149,0.372079,0.68792,0.091262,-0.838872,0.536562,0.777484,0.39667,0.487889,-0.015402,-0.013544,-0.015145,-3.401615,-3.816802,-2.616445,0.43834,0.045838,0.022077,-0.018896,0.600232,-0.397751,0.693913,-0.00661,0.865083,0.501583,-0.799798,-0.305653,0.516621,-0.015453,-0.007177,-0.00719,0.505466,-1.029347,-0.270493,0.381976,0.082676,0.028463,-0.060226,0.65991,0.018947,-0.751105,0.110805,0.986296,0.122232,0.743128,-0.163888,0.648767,0.015,0.006077,-0.003893,-0.077244,0.195676,-0.283612,-0.973884
420,0.169376,-0.027363,0.314796,-0.584476,0.010199,-0.811375,-0.192797,-0.973025,0.126585,-0.787474,0.230397,0.571689,0.029949,0.012286,-0.007644,-0.03791,0.327163,-0.197126,-1.917525,-0.162852,-0.040269,0.300427,-0.694154,0.310215,0.649545,0.143324,-0.824618,0.547173,0.706222,0.472524,0.527101,-0.015454,-0.016883,-0.01945,-3.65557,-5.622954,-0.498704,0.467701,0.045444,0.021775,-0.019245,0.674739,-0.342242,0.653909,-0.060619,0.857296,0.511241,-0.735562,-0.384593,0.557705,-0.007728,-0.008774,-0.010132,0.171628,-1.187851,-0.176875,0.425737,0.08307,0.028691,-0.060345,0.668723,0.01621,-0.743333,0.124194,0.98328,0.133171,0.733064,-0.181372,0.655529,0.007584,0.001003,0.000919,-0.342224,0.757736,-0.697188,-0.976333
421,0.169647,-0.027197,0.314742,-0.59029,0.011123,-0.807142,-0.197296,-0.97156,0.130834,-0.782002,0.236456,0.576704,0.014973,0.012989,-0.00655,0.098261,0.247843,0.182728,-1.916807,-0.163211,-0.040626,0.300035,-0.734616,0.267478,0.623528,0.173824,-0.814013,0.554168,0.656693,0.515144,0.550676,-0.015488,-0.018149,-0.021126,-0.970369,-3.822826,1.493412,0.47886,0.045264,0.021596,-0.019441,0.719082,-0.302484,0.625638,-0.09549,0.848747,0.520105,-0.688332,-0.43374,0.581435,-0.015511,-0.009385,-0.00987,-3.221453,-4.476672,-3.191208,0.444026,0.083211,0.028773,-0.060373,0.673825,0.016356,-0.738708,0.128062,0.982039,0.138557,0.727707,-0.187964,0.659628,0.007593,0.001272,0.001209,0.103686,0.537356,0.027345,-0.97764
422,0.169958,-0.026959,0.314796,-0.60899,0.023874,-0.792847,-0.212946,-0.967767,0.134357,-0.76333,0.250621,0.595435,0.000254,0.003931,0.004284,0.109854,0.660713,0.106824,-1.916906,-0.163827,-0.0414,0.299143,-0.802217,0.161413,0.574792,0.239297,-0.794958,0.557417,0.547904,0.584506,0.598346,-0.015565,-0.021519,-0.0256,-2.588013,-4.652159,-2.791014,0.493012,0.044956,0.021212,-0.019883,0.794946,-0.208878,0.569587,-0.157693,0.835448,0.526458,-0.585826,-0.508325,0.631198,-0.007768,-0.010829,-0.012909,0.296069,-2.288942,0.713951,0.469826,0.083372,0.028894,-0.060352,0.691389,0.00487,-0.722465,0.143223,0.979207,0.143664,0.708143,-0.202802,0.676316,0.000111,0.001668,0.001812,0.119417,1.010238,0.057232,-0.975354
423,0.169897,-0.026803,0.31489,-0.638067,0.054,-0.768114,-0.240073,-0.961759,0.131744,-0.730838,0.268392,0.627591,0.000151,0.002323,0.002529,-4.01748,1.653961,3.763591,-1.916108,-0.164527,-0.042347,0.29803,-0.856434,0.051376,0.513686,0.286813,-0.779803,0.556399,0.430225,0.62378,0.652433,-0.015678,-0.025459,-0.030946,-2.045728,-4.657664,-3.169811,0.50613,0.044611,0.020751,-0.020424,0.856997,-0.107518,0.503978,-0.20671,0.824137,0.527322,-0.472044,-0.556091,0.684058,-0.015624,-0.013138,-0.015139,-0.183795,-2.473863,-0.354784,0.491054,0.083348,0.028975,-0.060302,0.718864,-0.019145,-0.694886,0.164854,0.975799,0.143658,0.67532,-0.217826,0.704623,0.000107,0.001572,0.00171,0.278045,1.246577,0.457004,-0.97764
424,0.169788,-0.02674,0.314947,-0.653446,0.069225,-0.753831,-0.249894,-0.959705,0.128415,-0.713758,0.272198,0.645357,-0.014808,0.002816,0.003404,0.198228,1.161946,-0.033684,-1.916494,-0.164927,-0.042837,0.297443,-0.875079,-4.4e-05,0.483971,0.305156,-0.776009,0.551927,0.376632,0.630661,0.678438,-0.031377,-0.026788,-0.031119,0.821453,-1.939569,0.077364,0.506993,0.044411,0.020494,-0.020732,0.880565,-0.054427,0.470788,-0.229354,0.820367,0.523825,-0.41473,-0.56924,0.709904,-0.007853,-0.013471,-0.016523,-0.043434,-2.372787,-0.522571,0.496769,0.083293,0.029007,-0.060273,0.733987,-0.038045,-0.678096,0.181024,0.973269,0.141339,0.654593,-0.226492,0.721254,0.000106,0.001542,0.001679,0.228008,1.316112,0.369456,-0.974864
425,0.16947,-0.026584,0.315078,-0.689323,0.112527,-0.715694,-0.278127,-0.953263,0.117925,-0.668122,0.280196,0.689297,-0.014781,0.003094,0.003696,0.433484,1.705025,0.251715,-1.916376,-0.165931,-0.043896,0.296164,-0.899128,-0.108896,0.423913,0.34676,-0.767935,0.538487,0.268023,0.631296,0.727663,-0.031581,-0.0276,-0.032607,0.924821,-1.852386,0.040038,0.50256,0.043909,0.019963,-0.021375,0.912602,0.049677,0.405818,-0.271811,0.815186,0.511459,-0.305409,-0.577065,0.757443,-0.015758,-0.013681,-0.016142,0.146352,-2.34628,-0.450087,0.497585,0.083134,0.029085,-0.060208,0.76697,-0.077582,-0.636974,0.210164,0.968283,0.13512,0.606289,-0.237502,0.758949,0.000107,0.001619,0.001764,0.342937,1.484755,-0.033816,-0.968005
426,0.169027,-0.026444,0.315196,-0.728486,0.170697,-0.663488,-0.317944,-0.942078,0.10664,-0.605953,0.28842,0.741392,-0.014776,0.00304,0.003626,0.554397,2.184757,0.095791,-1.915787,-0.167039,-0.044876,0.294895,-0.911973,-0.190216,0.363475,0.367772,-0.771268,0.519444,0.182673,0.607631,0.772838,-0.031765,-0.025928,-0.030837,0.446196,-2.283534,-0.746463,0.49783,0.043355,0.019468,-0.022015,0.93125,0.126685,0.341646,-0.292086,0.820097,0.492062,-0.217846,-0.558024,0.800719,-0.016069,-0.013176,-0.015652,-0.85124,-4.501503,-3.673315,0.491054,0.082919,0.029153,-0.060152,0.802507,-0.132543,-0.581734,0.251728,0.9592,0.128715,0.54094,-0.249734,0.803129,-0.007392,0.00135,0.00163,0.223711,2.081821,0.583778,-0.975844
427,0.168808,-0.026431,0.315321,-0.748723,0.204353,-0.630634,-0.339498,-0.93527,0.099918,-0.568467,0.28865,0.770424,-0.014717,0.003863,0.004512,0.586887,2.270727,-0.08412,-1.915772,-0.167614,-0.045336,0.294278,-0.916516,-0.217504,0.335681,0.370731,-0.77653,0.509404,0.151019,0.591595,0.791878,-0.031857,-0.025489,-0.030457,0.25249,-2.024779,-0.654345,0.496389,0.043067,0.019238,-0.022324,0.937567,0.153416,0.312137,-0.29514,0.825748,0.480658,-0.184006,-0.542773,0.819474,-0.016088,-0.012281,-0.014575,-0.892708,-4.233381,-3.591075,0.488441,0.082803,0.029159,-0.060089,0.822192,-0.16607,-0.544444,0.274341,0.953682,0.123397,0.498734,-0.250819,0.82967,-0.007255,-0.003219,0.006824,0.618346,2.495526,0.361342,-0.979762
428,0.168103,-0.026426,0.315647,-0.782979,0.309497,-0.539631,-0.410289,-0.908941,0.073903,-0.46665,0.278879,0.83934,-0.014723,0.003621,0.004231,-2.275745,3.467108,4.907177,-1.915113,-0.168747,-0.046144,0.293114,-0.918659,-0.276247,0.282389,0.385125,-0.784702,0.485649,0.088586,0.555248,0.826871,-0.032859,-0.010296,-0.033535,0.370036,-1.854533,-0.806939,0.493404,0.042513,0.018832,-0.022902,0.94418,0.205363,0.257582,-0.306392,0.834687,0.457625,-0.121021,-0.511002,0.851017,-0.008046,-0.010528,-0.013264,0.997351,-1.302743,0.624645,0.484032,0.082462,0.029162,-0.059926,0.853192,-0.261319,-0.451413,0.341956,0.933743,0.105779,0.393862,-0.244614,0.886022,-0.007284,0.001789,0.002101,-2.235957,3.091573,4.303254,-0.988743
429,0.167349,-0.026315,0.315829,-0.798222,0.405228,-0.445733,-0.473157,-0.879682,0.047471,-0.371878,0.248285,0.894477,-0.014709,0.003654,0.004249,-1.583196,3.086732,4.390946,-1.91481,-0.169708,-0.046728,0.292133,-0.918919,-0.313989,0.238723,0.391837,-0.794687,0.463541,0.045319,0.519893,0.852949,-0.016188,-0.016976,-0.021299,0.768862,-0.914196,0.458922,0.49232,0.042015,0.018534,-0.023407,0.945859,0.246494,0.211161,-0.316797,0.842676,0.435357,-0.070628,-0.478682,0.875142,-0.008505,-0.003092,-0.014933,0.791807,-1.039696,0.602326,0.481583,0.082075,0.029219,-0.059834,0.86432,-0.358593,-0.352648,0.411421,0.90741,0.085662,0.28928,-0.219126,0.931826,-0.007418,0.001377,0.001647,0.574463,2.523644,-0.188097,-0.996255
430,0.166907,-0.026209,0.315953,-0.792369,0.486187,-0.368537,-0.528728,-0.848602,0.017136,-0.303429,0.207823,0.929929,-0.014706,-0.00916,0.010662,1.273989,1.957014,-0.234126,-1.914575,-0.170551,-0.047245,0.291257,-0.918366,-0.338082,0.20566,0.395324,-0.803636,0.444773,0.016061,0.490194,0.871387,-0.016222,-0.015186,-0.019039,0.55396,-0.660987,0.393092,0.492327,0.041593,0.018276,-0.023844,0.94665,0.269373,0.176894,-0.319955,0.851191,0.416056,-0.038497,-0.450458,0.891967,-0.008084,-0.007533,-0.009417,0.714628,-0.739174,0.35932,0.480276,0.081854,0.029279,-0.059771,0.852549,-0.44414,-0.275496,0.477151,0.876523,0.06351,0.213271,-0.185599,0.959201,5.8e-05,0.000813,0.000861,2.045808,0.359361,1.521709,-0.999847
431,0.166795,-0.026251,0.315971,-0.784349,0.522064,-0.335099,-0.554137,-0.832408,4e-05,-0.277948,0.185067,0.942615,6e-05,-0.011905,0.007406,2.250236,0.401478,1.46443,-1.914528,-0.170953,-0.047533,0.290853,-0.916702,-0.348832,0.194843,0.399426,-0.804762,0.439033,0.004807,0.480729,0.876778,-0.016264,-0.015361,-0.01936,0.430846,-0.405007,0.081175,0.493277,0.041399,0.018141,-0.024035,0.945693,0.279473,0.166007,-0.323974,0.852056,0.411146,-0.026543,-0.4426,0.896325,-0.016046,-0.008073,-0.009365,0.459103,-0.577585,0.027746,0.480603,0.081792,0.029262,-0.059758,0.845448,-0.47595,-0.242254,0.500942,0.863988,0.050799,0.185127,-0.164303,0.968881,-0.007569,-0.000675,-0.000574,0.693744,2.199735,-0.415826,-1.000827
432,0.166583,-0.026431,0.315857,-0.75166,0.601651,-0.270315,-0.618715,-0.785126,-0.027232,-0.227686,0.146025,0.962737,-0.015376,-0.005316,-0.005465,0.976322,2.115065,-0.555034,-1.912925,-0.171658,-0.048063,0.290198,-0.915827,-0.354447,0.188731,0.401409,-0.802004,0.44226,-0.004242,0.48124,0.8765,-0.016254,-0.012834,-0.016019,-0.04099,-0.04099,0.137943,0.492578,0.041041,0.017867,-0.024373,0.945124,0.285418,0.158981,-0.326266,0.849895,0.413797,-0.017012,-0.442959,0.896379,-0.008123,-0.006822,-0.008554,-0.045162,0.078682,-0.043128,0.480766,0.081692,0.029173,-0.059808,0.807584,-0.561136,-0.181474,0.574916,0.817655,0.030181,0.131447,-0.128706,0.982932,-0.000243,-0.002861,-0.003076,0.70872,1.783558,-0.12683,-1.006052
433,0.166488,-0.026743,0.315428,-0.706971,0.675718,-0.208907,-0.681588,-0.729723,-0.053984,-0.188048,0.103378,0.976718,-0.000897,-0.011941,-0.012967,0.623811,1.639647,1.160195,-1.857577,-0.172187,-0.048468,0.289587,-0.917256,-0.346896,0.195694,0.398165,-0.796143,0.455582,-0.001085,0.496241,0.868105,-0.000281,-0.008995,-0.012457,-0.514569,0.313274,0.185489,0.492494,0.04077,0.01766,-0.024684,0.945991,0.278695,0.165616,-0.323493,0.844988,0.425848,-0.021262,-0.456424,0.889507,-0.008519,0.000626,-0.010081,-0.497813,0.34902,0.219386,0.48044,0.081639,0.029017,-0.060021,0.761286,-0.636793,-0.122218,0.642525,0.766197,0.010113,0.087204,-0.086227,0.992451,-0.000472,-0.006266,-0.0068,0.53941,1.555784,1.154333,-1.007032
434,0.166525,-0.027012,0.315134,-0.687496,0.703062,-0.181928,-0.703644,-0.706803,-0.072701,-0.178851,0.077152,0.98086,-0.001107,-0.014734,-0.016046,0.997372,1.667247,0.240076,-1.787665,-0.172351,-0.04856,0.289351,-0.917507,-0.344618,0.198518,0.397589,-0.793998,0.459807,0.00032,0.50124,0.865229,-0.00022,-0.006905,-0.00958,-0.166408,0.110668,0.042851,0.492211,0.040688,0.017613,-0.024803,0.946385,0.275189,0.16919,-0.322173,0.842368,0.431996,-0.02364,-0.463343,0.885863,-0.008484,0.001926,-0.008295,-0.108794,0.117895,0.050962,0.48044,0.081658,0.028888,-0.060161,0.74047,-0.664801,-0.0987,0.667706,0.744409,-0.004742,0.076626,-0.062391,0.995105,0.006928,-0.007767,-0.008596,0.557617,1.241431,1.478596,-0.982865
435,0.166744,-0.027637,0.314339,-0.64352,0.754161,-0.131028,-0.747505,-0.655945,-0.104607,-0.164043,0.029684,0.98602,-0.00143,-0.019151,-0.021007,0.958585,1.290229,0.119617,-1.687055,-0.172452,-0.048511,0.289039,-0.918847,-0.338922,0.202097,0.394485,-0.790557,0.468332,0.002197,0.510477,0.859809,-0.000895,0.00965,-0.01021,-0.041162,0.12733,-0.126536,0.49245,0.040637,0.017633,-0.024966,0.947464,0.269032,0.17301,-0.318749,0.83919,0.440633,-0.026644,-0.472631,0.880857,-0.000434,0.005086,-0.004736,0.024679,0.105048,-0.125158,0.480766,0.081767,0.028576,-0.060559,0.693886,-0.718241,-0.051487,0.717715,0.695628,-0.031391,0.058362,-0.015171,0.998179,0.006741,-0.010357,-0.011478,0.591027,1.043495,0.13563,-0.932898
436,0.167015,-0.028583,0.31332,-0.593139,0.800846,-0.082928,-0.789599,-0.598673,-0.13452,-0.156644,-0.01531,0.98755,-0.001899,-0.02562,-0.028383,0.357617,0.362852,5.443561,-1.521845,-0.172308,-0.04819,0.288812,-0.915304,-0.347102,0.20428,0.40262,-0.784288,0.471936,-0.002443,0.51465,0.857317,0.015106,0.012794,-0.007495,-0.10536,-0.235485,-0.36136,0.492045,0.040704,0.017787,-0.02507,0.945194,0.27579,0.174776,-0.325674,0.83455,0.444366,-0.023308,-0.476933,0.87863,-0.000587,0.006636,-0.002639,-1.125059,-2.605338,-4.689581,0.48044,0.081898,0.028118,-0.061052,0.645717,-0.763532,-0.008175,0.762053,0.645068,-0.056227,0.048205,0.030077,0.998383,0.006653,-0.018524,-0.010365,0.461187,0.721327,1.417058,-0.882604
437,0.16733,-0.029743,0.312065,-0.536457,0.843382,-0.031083,-0.830826,-0.534161,-0.156116,-0.147608,-0.058979,0.987299,0.012821,-0.031393,-0.035497,0.924818,1.133238,0.419879,-1.307415,-0.171966,-0.047664,0.288635,-0.915067,-0.346341,0.206621,0.403171,-0.783443,0.472868,-0.000746,0.516445,0.85624,0.015161,0.015221,-0.004137,0.023556,0.062399,-0.097311,0.490832,0.040875,0.018055,-0.02516,0.944499,0.276715,0.177057,-0.32761,0.833318,0.445254,-0.024337,-0.478548,0.877723,0.007582,0.00747,-0.002267,0.056412,-0.030777,0.049206,0.47995,0.082054,0.027529,-0.06169,0.582065,-0.812261,0.037829,0.81232,0.578757,-0.071939,0.03654,0.072603,0.99669,-0.001143,-0.015834,-0.017741,0.480637,0.550286,1.668337,-0.805532
438,0.167533,-0.0303,0.311294,-0.511782,0.859131,-0.004365,-0.846752,-0.505193,-0.166621,-0.144724,-0.082651,0.986028,0.012611,-0.021882,-0.045805,0.810161,1.079803,1.53949,-1.238992,-0.171683,-0.047353,0.288558,-0.915177,-0.345159,0.208104,0.402923,-0.782633,0.474417,0.000272,0.51846,0.855022,0.015156,0.015596,-0.003629,0.000245,0.08966,-0.113124,0.489801,0.041017,0.018212,-0.025197,0.944543,0.275565,0.178608,-0.327391,0.832499,0.446945,-0.025529,-0.480633,0.876549,0.007598,0.008269,-0.001169,0.044192,-0.034319,0.084521,0.478807,0.082156,0.027245,-0.062073,0.556584,-0.828477,0.06196,0.830153,0.551686,-0.080545,0.032547,0.096266,0.994823,0.006422,-0.015882,-0.018331,-0.080664,0.606203,5.298981,-0.776629
439,0.16816,-0.031389,0.309743,-0.475851,0.878858,0.034927,-0.865543,-0.460785,-0.196173,-0.155729,-0.124678,0.979914,0.028107,-0.032287,-0.03756,0.845399,-0.205967,5.158515,-1.131278,-0.170913,-0.046719,0.288414,-0.916111,-0.340867,0.211047,0.400795,-0.780377,0.479905,0.002266,0.524662,0.851227,0.031008,0.016408,-0.004217,-0.33055,0.164547,0.257727,0.487334,0.041407,0.018537,-0.025266,0.944989,0.272175,0.181424,-0.32591,0.830703,0.451347,-0.027864,-0.485646,0.873711,0.015508,0.008202,-0.002128,-0.461434,0.215229,0.267036,0.476357,0.082463,0.026698,-0.062858,0.520853,-0.847853,0.099273,0.852628,0.511025,-0.108983,0.041671,0.141407,0.989073,0.006463,-0.016183,-0.018648,0.794091,0.906953,-0.066233,-0.77124
440,0.169029,-0.032438,0.308071,-0.438104,0.896166,0.070682,-0.883047,-0.414244,-0.220456,-0.167748,-0.160117,0.972754,0.028093,-0.021706,-0.046977,0.535321,0.169974,1.420561,-1.084236,-0.169979,-0.046149,0.288198,-0.917923,-0.334422,0.213475,0.396622,-0.777574,0.487857,0.003997,0.532904,0.846086,0.01504,0.013862,-0.006083,-0.213483,0.122702,0.153181,0.476766,0.041874,0.018825,-0.02537,0.946404,0.265166,0.184408,-0.321536,0.827511,0.460259,-0.030555,-0.494885,0.86842,0.007523,0.006896,-0.003107,-0.221752,0.127364,0.156152,0.468356,0.082907,0.02616,-0.06371,0.475825,-0.869653,0.131503,0.877917,0.460532,-0.131035,0.053394,0.177798,0.982616,0.014071,-0.010907,-0.023552,0.431385,0.056196,1.423277,-0.799326
441,0.169489,-0.032811,0.30718,-0.432268,0.897527,0.087379,-0.885713,-0.404316,-0.228064,-0.168834,-0.177098,0.969618,0.01305,-0.019297,-0.044105,0.574536,0.762969,-0.332374,-1.065468,-0.16939,-0.045854,0.288043,-0.919491,-0.329313,0.214663,0.392965,-0.775474,0.494118,0.004904,0.539106,0.842142,0.030882,0.014314,-0.007192,-0.321141,0.171373,0.228272,0.464864,0.042157,0.018966,-0.025445,0.947482,0.260385,0.185678,-0.318209,0.825543,0.466069,-0.031928,-0.500677,0.865045,0.015448,0.007248,-0.00349,-0.466992,0.227082,0.287604,0.459049,0.083132,0.025977,-0.064143,0.467904,-0.871687,0.145689,0.882177,0.450749,-0.136335,0.053172,0.192315,0.979891,0.014194,-0.009676,-0.022227,0.569662,0.61747,-0.103773,-0.820881
442,0.170682,-0.032995,0.305289,-0.418757,0.901758,0.10733,-0.891788,-0.385976,-0.236026,-0.170898,-0.195679,0.965676,0.043807,0.008623,-0.054988,0.465368,0.336486,0.047362,-1.059422,-0.16791,-0.045167,0.28766,-0.921062,-0.31644,0.226939,0.388999,-0.770368,0.50512,0.016146,0.553923,0.832329,0.045771,0.026379,-0.015883,-0.333821,0.950963,-0.078464,0.431998,0.042891,0.019304,-0.025636,0.948283,0.248507,0.197489,-0.314405,0.820941,0.47666,-0.043674,-0.5141,0.856617,0.023352,0.007834,-0.003603,0.046928,2.526659,-1.090631,0.423451,0.083717,0.025868,-0.065091,0.452844,-0.876362,0.164075,0.889927,0.433046,-0.143182,0.054428,0.210854,0.976,0.014294,0.004549,-0.027034,0.638447,0.599575,-0.138613,-0.867419
443,0.172032,-0.032363,0.303159,-0.420792,0.900435,0.110431,-0.890661,-0.38688,-0.238785,-0.171771,-0.19996,0.964644,0.028698,0.025422,-0.056398,0.14318,-0.049306,0.084011,-1.059932,-0.165979,-0.044298,0.287222,-0.917327,-0.300062,0.26166,0.395246,-0.763878,0.510103,0.047967,0.571727,0.818958,0.06149,0.027896,-0.015736,-0.366679,0.958821,-0.066984,0.37148,0.043874,0.019748,-0.02586,0.943796,0.233461,0.233976,-0.321181,0.814934,0.482415,-0.07805,-0.53045,0.844115,0.030755,0.013978,-0.007866,-0.46944,1.04693,-0.080793,0.371525,0.084397,0.026177,-0.066157,0.454364,-0.874813,0.16809,0.889079,0.433555,-0.14686,0.055599,0.216173,0.97477,0.022041,0.012602,-0.028525,0.131419,0.049575,-0.093034,-0.903832
444,0.17323,-0.030959,0.301026,-0.429267,0.897926,0.09749,-0.887178,-0.398893,-0.231888,-0.168803,-0.187154,0.967732,0.028926,0.044669,-0.05502,-0.395333,0.012488,-1.675364,-1.062171,-0.163693,-0.043451,0.286778,-0.918252,-0.208651,0.336556,0.362875,-0.783182,0.504858,0.159397,0.585974,0.794412,0.062302,0.016452,-0.008243,2.596809,6.285937,4.311431,0.100285,0.044993,0.020167,-0.026078,0.938399,0.152001,0.310326,-0.292198,0.828447,0.477801,-0.184463,-0.539045,0.821829,0.030964,0.007754,-0.004785,1.571656,4.051699,4.268972,0.162023,0.084996,0.026868,-0.067228,0.462178,-0.872974,0.155905,0.885178,0.44357,-0.140369,0.053384,0.202879,0.977746,0.014508,0.017806,-0.022595,-0.914221,0.844939,-5.462563,-0.92457
445,0.173832,-0.030015,0.300007,-0.435165,0.896319,0.085377,-0.885187,-0.408499,-0.222587,-0.164098,-0.173556,0.97107,0.02908,0.048349,-0.050622,-0.506057,-0.5948,-0.16502,-1.059946,-0.162463,-0.04318,0.286631,-0.915823,-0.09715,0.389643,0.298183,-0.814166,0.498151,0.269985,0.572523,0.774073,0.063236,0.005208,-0.000374,2.361724,6.015718,3.012904,-0.0407,0.045583,0.0203,-0.02615,0.929267,0.044082,0.366767,-0.22523,0.854574,0.467947,-0.292802,-0.517455,0.804056,0.030886,0.007768,-0.004687,2.952067,7.401212,4.029205,0.006244,0.085286,0.027321,-0.067719,0.470496,-0.870247,0.145954,0.881018,0.45403,-0.132899,0.049388,0.191117,0.980323,0.014607,0.024615,-0.024785,-0.209961,-0.364363,-0.065793,-0.929142
446,0.174846,-0.028185,0.298194,-0.451344,0.890154,0.062927,-0.879592,-0.431823,-0.199544,-0.149897,-0.146524,0.977798,0.029273,0.038428,-0.040991,-0.950864,-0.775321,-0.529102,-1.060173,-0.159872,-0.042899,0.286577,-0.856409,0.108958,0.504662,0.164989,-0.868322,0.467686,0.490233,0.483656,0.724991,0.07899,0.007052,-4.4e-05,0.523335,2.968009,-0.057345,-0.429616,0.046896,0.020444,-0.026182,0.855166,-0.157611,0.493809,-0.083725,0.898144,0.431655,-0.511546,-0.410481,0.754867,0.032163,-0.002352,0.004677,4.013635,6.682348,2.177471,-0.306947,0.085804,0.028266,-0.068639,0.488352,-0.863523,0.125855,0.871882,0.476793,-0.111751,0.036493,0.164305,0.985734,0.014571,0.025078,-0.024241,-0.654311,-0.692071,-0.206645,-0.943022
447,0.175687,-0.026635,0.296502,-0.465586,0.883932,0.044027,-0.874327,-0.451618,-0.177666,-0.136589,-0.122317,0.983061,0.013902,0.037465,-0.041727,-0.377138,-0.330335,-0.313586,-1.059069,-0.156732,-0.042799,0.286934,-0.78529,0.179928,0.5924,0.10585,-0.903623,0.414965,0.610943,0.388349,0.689781,0.095688,0.001804,0.013771,-0.626068,-0.791469,-0.635868,-1.261335,0.048462,0.020491,-0.026017,0.779018,-0.21926,0.587413,-0.024002,0.925748,0.377378,-0.626541,-0.308083,0.715912,0.039934,0.000493,0.007263,0.131156,1.203576,-2.303995,-0.607565,0.086236,0.02906,-0.069495,0.505711,-0.856181,0.105878,0.86241,0.498522,-0.087884,0.022463,0.135754,0.990487,0.006985,0.018721,-0.020883,-0.317916,-0.282606,-0.320549,-0.968985
448,0.176076,-0.025997,0.295751,-0.470984,0.881422,0.036254,-0.872678,-0.459455,-0.16524,-0.12841,-0.110565,0.985552,0.029119,0.037492,-0.042165,-0.354239,-0.326127,-0.27417,-1.059453,-0.155021,-0.042692,0.287368,-0.790158,0.164413,0.590432,0.113723,-0.907179,0.405002,0.603195,0.386958,0.69734,0.096489,-0.000973,0.033108,-0.559053,-1.88226,-0.158814,-1.382537,0.049318,0.020534,-0.025822,0.78405,-0.20468,0.585978,-0.031873,0.929543,0.367331,-0.619878,-0.306682,0.722285,0.047718,0.00491,0.012186,-0.081113,-1.614049,-0.688122,-0.747832,0.08642,0.029365,-0.069854,0.511734,-0.853419,0.09901,0.859016,0.506261,-0.0761,0.014821,0.123994,0.992171,0.007096,0.013136,-0.016826,-0.466444,-0.357011,-0.365953,-0.979599
449,0.176605,-0.025009,0.294428,-0.480775,0.876586,0.02231,-0.869022,-0.472862,-0.145512,-0.116413,-0.090441,0.989088,0.014313,0.013918,-0.026968,-0.278539,-0.172361,-0.275422,-1.057692,-0.151182,-0.042245,0.289026,-0.829283,0.124428,0.544792,0.129037,-0.905794,0.40351,0.544708,0.404769,0.734383,0.111378,0.01534,0.0524,-0.443555,-2.888368,0.848827,-1.399909,0.051232,0.020745,-0.02501,0.825162,-0.169902,0.538739,-0.047228,0.929609,0.365507,-0.562918,-0.327046,0.759054,0.04779,0.007802,0.027392,-0.165743,-2.407413,0.21175,-1.015465,0.08669,0.02987,-0.07052,0.523032,-0.847965,0.085975,0.852305,0.519936,-0.056933,0.003576,0.103054,0.994668,0.00705,0.012498,-0.017609,-0.253992,-0.288772,-0.141831,-0.992989
450,0.17677,-0.024257,0.293218,-0.488354,0.872642,0.007156,-0.865823,-0.48342,-0.128945,-0.108462,-0.070256,0.991629,-0.001212,0.024351,-0.035548,-0.313511,-0.314344,-0.175572,-1.05793,-0.14746,-0.041485,0.291462,-0.837485,0.09328,0.538432,0.137117,-0.917814,0.372492,0.529968,0.385671,0.755153,0.094565,0.023736,0.064629,1.419298,1.250818,-1.572825,-1.400432,0.0531,0.021129,-0.023786,0.838288,-0.140478,0.526819,-0.053596,0.940327,0.336023,-0.542586,-0.30992,0.780736,0.047818,0.007094,0.037389,0.637436,-0.915606,-0.002539,-0.99881,0.086779,0.030242,-0.071121,0.531946,-0.843689,0.072257,0.846771,0.530324,-0.041634,-0.003193,0.083333,0.996516,-0.000436,0.006946,-0.013283,-0.466379,-0.294166,-0.369897,-1.002296
451,0.176759,-0.02378,0.2922,-0.498452,0.866913,-0.007221,-0.860905,-0.495883,-0.113644,-0.101487,-0.051512,0.993516,-0.000925,0.013739,-0.026781,-0.331004,-0.304375,-0.163135,-1.05803,-0.144437,-0.041044,0.2942,-0.827106,0.082426,0.555961,0.137999,-0.929018,0.343243,0.545818,0.360522,0.756287,0.06532,-0.004741,0.075946,0.25988,0.344346,-0.236283,-1.400378,0.054622,0.02138,-0.022396,0.828572,-0.126707,0.545355,-0.054781,0.951034,0.304191,-0.557194,-0.281919,0.781059,0.039825,0.004218,0.034093,0.882467,1.773222,-1.246687,-1.038326,0.086773,0.030482,-0.071637,0.543242,-0.837494,0.059084,0.839525,0.542634,-0.027292,-0.009204,0.064428,0.997879,-0.000325,0.00102,-0.009657,-0.490068,-0.383818,-0.212063,-1.005399
452,0.176743,-0.023634,0.291724,-0.500462,0.865694,-0.012518,-0.86002,-0.498681,-0.107953,-0.09908,-0.044342,0.994105,-0.000719,0.001378,-0.020147,-0.19961,-0.169032,-0.10862,-1.057986,-0.14318,-0.041029,0.295508,-0.821166,0.080349,0.564997,0.141237,-0.930522,0.337809,0.553905,0.3571,0.752019,0.064125,0.003619,0.063785,-0.117377,0.105664,-0.187087,-1.400858,0.055251,0.021388,-0.021733,0.822546,-0.124217,0.554966,-0.057956,0.952464,0.299087,-0.565737,-0.278177,0.776246,0.032029,0.001849,0.03191,-0.119408,-0.087542,0.186274,-1.051389,0.086765,0.030562,-0.071883,0.546087,-0.836023,0.053412,0.837648,0.545805,-0.021033,-0.011568,0.056227,0.99835,-0.000347,0.000616,-0.010162,-0.148068,-0.129923,-0.106733,-1.008338
453,0.176598,-0.023532,0.290836,-0.503509,0.863687,-0.023848,-0.858383,-0.503119,-0.100108,-0.097841,-0.031013,0.994732,-0.000797,-0.000186,-0.022137,-0.112668,-0.228709,0.062464,-1.058556,-0.140979,-0.040895,0.298146,-0.817958,0.073751,0.570523,0.151546,-0.928988,0.337563,0.55592,0.362485,0.747944,0.063526,0.00782,0.068437,-0.409271,-0.421768,0.154444,-1.400898,0.056352,0.021444,-0.020428,0.819626,-0.117415,0.560736,-0.068208,0.951811,0.299002,-0.568823,-0.283317,0.772121,0.023331,0.008511,0.030007,-1.033492,-1.73443,1.115764,-1.053185,0.086692,0.030614,-0.072325,0.550251,-0.833913,0.042555,0.834912,0.55021,-0.013722,-0.011971,0.04308,0.998999,-0.000385,-0.000133,-0.011113,-0.081772,-0.198367,0.065867,-1.010624
454,0.176431,-0.023485,0.289978,-0.510047,0.859584,-0.031813,-0.85442,-0.510496,-0.0966,-0.098648,-0.023163,0.994867,-0.00075,0.000908,-0.020849,-0.087159,-0.198838,0.1046,-1.058656,-0.139189,-0.040185,0.300701,-0.815784,0.066102,0.57456,0.162661,-0.927018,0.337805,0.555969,0.368956,0.744737,0.046086,0.021125,0.064444,-0.08126,0.081284,-0.146412,-1.40074,0.057237,0.02178,-0.019172,0.818614,-0.110039,0.563703,-0.078878,0.950635,0.300116,-0.568901,-0.290143,0.769523,0.01528,0.009494,0.031983,-0.093152,0.215248,-0.373666,-1.055308,0.086609,0.030634,-0.072751,0.557397,-0.829481,0.035609,0.830176,0.557392,-0.011011,-0.010715,0.035699,0.999304,-0.000371,0.000207,-0.010723,-0.114675,-0.085483,-0.092932,-1.008665
455,0.17636,-0.023484,0.289585,-0.514415,0.856871,-0.034565,-0.851394,-0.515061,-0.099055,-0.102047,-0.022597,0.994537,-0.016016,0.000682,-0.020689,0.038275,-0.071931,0.061792,-1.058602,-0.138457,-0.039686,0.301817,-0.813797,0.063118,0.577704,0.166747,-0.926822,0.336351,0.557668,0.369977,0.742959,0.029139,0.030855,0.056372,-0.048768,0.102453,-0.181245,-1.400581,0.057637,0.022051,-0.018567,0.816764,-0.106541,0.567048,-0.083281,0.950741,0.298588,-0.570928,-0.2911,0.767659,0.014523,0.015557,0.028319,-0.046568,0.104142,-0.179033,-1.056124,0.086579,0.030635,-0.072946,0.56198,-0.826481,0.033276,0.827118,0.561856,-0.013834,-0.007262,0.035298,0.999349,-0.000351,0.000667,-0.010165,0.052296,0.032681,-0.15114,-1.010951
456,0.176299,-0.023493,0.288815,-0.519569,0.85324,-0.045551,-0.847771,-0.521363,-0.097141,-0.105993,-0.012921,0.994296,-0.000745,0.001105,-0.020693,-0.215136,-0.1651,-0.141167,-1.060878,-0.137068,-0.038409,0.303968,-0.813674,0.056731,0.57854,0.170544,-0.928036,0.331057,0.556696,0.367972,0.744681,0.029036,0.028427,0.052511,0.068578,-0.088758,-0.102547,-1.400088,0.058309,0.022676,-0.017522,0.817195,-0.100486,0.567533,-0.086704,0.952046,0.293412,-0.569802,-0.288982,0.769294,0.013805,0.020192,0.022683,0.168732,-0.168763,-0.092115,-1.054982,0.086543,0.030634,-0.073327,0.567509,-0.823029,0.023579,0.823363,0.567357,-0.01334,-0.002398,0.026984,0.999632,-0.00035,0.000736,-0.010113,-0.425097,-0.334125,-0.161078,-1.009318
457,0.176309,-0.023473,0.288109,-0.525795,0.848812,-0.055704,-0.843909,-0.528672,-0.09108,-0.106111,-0.001941,0.994366,-0.000654,0.003007,-0.018358,-0.312265,-0.253716,-0.161581,-1.060743,-0.135956,-0.037106,0.305763,-0.81662,0.045648,0.57536,0.172898,-0.931639,0.319512,0.551627,0.360346,0.752144,0.02887,0.027388,0.050539,0.46544,-0.504919,-0.334647,-1.399841,0.058876,0.023338,-0.016605,0.820175,-0.091099,0.564812,-0.089057,0.954877,0.283333,-0.565138,-0.282683,0.775053,0.013788,0.018834,0.020666,0.107922,-0.10598,-0.092562,-1.052695,0.086548,0.030636,-0.073681,0.574237,-0.818561,0.014476,0.818687,0.574178,-0.00838,-0.001452,0.016663,0.999859,-0.000323,0.001324,-0.009403,-0.393044,-0.311013,-0.217768,-1.009971
