frame,MLTx,MLTy,MLTz,MLTR1,MLTR2,MLTR3,MLTR4,MLTR5,MLTR6,MLTR7,MLTR8,MLTR9,MLTTVx,MLTTVy,MLTTVz,MLTRVx,MLTRVy,MLTRVz,MLGA,MRTx,MRTy,MRTz,MRTR1,MRTR2,MRTR3,MRTR4,MRTR5,MRTR6,MRTR7,MRTR8,MRTR9,MRTTVx,MRTTVy,MRTTVz,MRTRVx,MRTRVy,MRTRVz,MRGA,SLTx,SLTy,SLTz,SLTR1,SLTR2,SLTR3,SLTR4,SLTR5,SLTR6,SLTR7,SLTR8,SLTR9,SLTTVx,SLTTVy,SLTTVz,SLTRVx,SLTRVy,SLTRVz,SLGA,SRTx,SRTy,SRTz,SRTR1,SRTR2,SRTR3,SRTR4,SRTR5,SRTR6,SRTR7,SRTR8,SRTR9,SRTTVx,SRTTVy,SRTTVz,SRTRVx,SRTRVy,SRTRVz,SRGA
478,0.154019,-0.046162,0.32588,-0.505788,-0.005315,-0.862667,0.003914,-0.999971,0.003805,-0.862037,-0.001452,0.50687,0.016928,0.023414,0.005474,-0.036104,-0.625809,0.10866,-0.599319,-0.15859,-0.044088,0.311069,-0.022302,0.493613,0.86939,-0.684939,-0.640909,0.34645,0.72823,-0.588348,0.35127,1.7e-05,-0.001019,-0.001225,-4e-06,8e-06,4e-06,-1.402834,0.048443,0.021247,-0.014387,-0.026154,-0.492768,0.869766,0.760547,0.554844,0.337218,-0.648755,0.670318,0.360262,1.1e-05,-0.000592,-0.00071,-0.001242,0.012558,-0.025932,-1.023956,0.075841,0.019122,-0.055107,0.566746,0.014693,-0.823761,-0.038971,0.999199,-0.00899,0.822969,0.037198,0.566865,0.008463,0.00643,0.007204,-0.060376,-0.934476,0.111001,-0.431106
479,0.154786,-0.045298,0.326192,-0.477261,0.030393,-0.878261,-0.020581,-0.999498,-0.023465,-0.877944,0.006832,0.478743,0.016912,0.023946,0.005962,-1.504626,-0.800874,1.171643,-1.336592,-0.158613,-0.044129,0.311022,-0.022316,0.49357,0.869415,-0.684936,-0.640934,0.346412,0.728233,-0.588358,0.351248,3.1e-05,-0.001839,-0.002212,-0.001803,0.013715,-0.025279,-1.402555,0.048432,0.021227,-0.014409,-0.02613,-0.492749,0.869778,0.760549,0.554859,0.337188,-0.648754,0.67032,0.360261,7e-06,-0.000435,-0.000524,-7.7e-05,-5.1e-05,-6.6e-05,-1.02461,0.076224,0.019559,-0.054946,0.54073,-0.021014,-0.840933,-0.014469,0.999307,-0.034275,0.841071,0.030701,0.540051,0.01609,0.012296,0.003165,-4.95936,-1.144636,2.965295,-0.727315
480,0.15569,-0.044324,0.326248,-0.453383,0.05715,-0.889507,-0.03631,-0.998282,-0.045691,-0.89003,0.011504,0.455788,0.016571,0.021581,0.003235,0.004839,-0.707025,0.659117,-1.910556,-0.158613,-0.044172,0.310955,-0.022322,0.493545,0.869429,-0.684953,-0.640932,0.346381,0.728216,-0.588381,0.351244,1.7e-05,-0.000978,-0.001177,-0.0,0.0,0.0,-1.399962,0.048432,0.021203,-0.014447,-0.026112,-0.492707,0.869803,0.760564,0.554866,0.337141,-0.648737,0.670344,0.360247,1e-05,-0.000586,-0.000706,-6.9e-05,-2.7e-05,-6.6e-05,-1.023793,0.076665,0.02004,-0.05491,0.518781,-0.048704,-0.853517,0.004333,0.998512,-0.054344,0.854895,0.024494,0.518221,0.008264,0.010602,0.001401,-0.046916,-0.833815,0.372961,-0.946778
481,0.156125,-0.043804,0.326171,-0.444799,0.068225,-0.893054,-0.040425,-0.99759,-0.056136,-0.894182,0.01104,0.447598,0.016388,0.031112,-0.006873,0.08225,-0.389256,0.622606,-1.917536,-0.158601,-0.044191,0.310914,-0.0223,0.493613,0.869391,-0.684978,-0.640878,0.346433,0.728194,-0.588382,0.351287,2.3e-05,-0.001332,-0.001603,-0.0,0.0,0.0,-1.380907,0.048437,0.021194,-0.014466,-0.026142,-0.492773,0.869765,0.760582,0.55481,0.337193,-0.648714,0.670343,0.36029,1.5e-05,-0.000822,-0.000989,-6.9e-05,7e-06,-9.2e-05,-1.022813,0.076895,0.020307,-0.054947,0.509519,-0.060098,-0.858357,0.009336,0.997885,-0.064325,0.860408,0.024762,0.509002,0.015814,0.009383,-1.9e-05,0.058209,-0.329255,0.631449,-0.95086
482,0.156947,-0.042711,0.325782,-0.432874,0.080238,-0.897902,-0.045766,-0.996685,-0.067061,-0.899771,0.011958,0.43623,0.015875,0.026941,-0.011533,0.046485,-0.119031,0.205691,-1.919344,-0.158566,-0.044237,0.310838,-0.028137,0.493334,0.86938,-0.677361,-0.648918,0.346442,0.735092,-0.579731,0.351305,2.2e-05,-0.001266,-0.001525,-0.003503,-0.001396,-0.001415,-1.207477,0.048455,0.021171,-0.014504,-0.020314,-0.493196,0.86968,0.753964,0.563712,0.337293,-0.656601,0.66256,0.360401,1.4e-05,-0.000839,-0.001008,-0.028241,-0.096687,0.132878,-0.961089,0.077294,0.020846,-0.055128,0.49855,-0.072706,-0.863806,0.015496,0.997064,-0.074978,0.866722,0.023994,0.498212,0.007899,0.013035,-0.006259,-0.298988,0.321881,-0.456288,-0.903016
483,0.157642,-0.041679,0.325047,-0.428145,0.08407,-0.899816,-0.047872,-0.996357,-0.070371,-0.901926,0.012836,0.431731,0.015148,0.03146,-0.027144,-1.023715,1.139196,-1.903854,-1.919866,-0.158497,-0.044233,0.310836,-0.05452,0.490729,0.8696,-0.637026,-0.687646,0.348243,0.768926,-0.535564,0.348979,0.015453,0.002102,0.00078,-0.429866,-0.276514,0.066489,-0.760058,0.048484,0.021168,-0.014511,0.005737,-0.493539,0.869704,0.718643,0.606808,0.33961,-0.695354,0.62306,0.358159,0.0,3.8e-05,4.1e-05,-1.462876,-0.58992,-0.589249,-0.784083,0.077654,0.021377,-0.055493,0.493038,-0.079379,-0.866378,0.018061,0.996547,-0.081027,0.869819,0.024302,0.492769,0.007582,0.010159,-0.009441,0.083432,-0.125809,0.253476,-0.944982
484,0.158251,-0.040629,0.324024,-0.431245,0.082717,-0.89846,-0.059893,-0.996199,-0.063026,-0.899726,0.026521,0.43568,0.014969,0.030083,-0.028667,0.082827,-0.109959,0.202869,-1.920207,-0.158417,-0.044175,0.31088,-0.100543,0.490466,0.865636,-0.563848,-0.744847,0.356669,0.819811,-0.452819,0.350324,-3.3e-05,0.001872,0.002254,-4.937491,-2.014047,-1.948909,-0.200245,0.04853,0.021199,-0.014489,0.048606,-0.499304,0.865062,0.656504,0.668692,0.349073,-0.752754,0.55095,0.360298,-1.1e-05,0.000443,0.000579,-0.469646,-0.184029,-0.192687,-0.640224,0.077952,0.021886,-0.056,0.497274,-0.075672,-0.864286,0.029528,0.997088,-0.07031,0.86709,0.009443,0.498061,0.00747,0.014712,-0.014703,-0.26823,0.381829,-0.645465,-0.944982
485,0.158534,-0.040015,0.323479,-0.434258,0.081414,-0.897128,-0.071278,-0.995873,-0.055932,-0.897443,0.039548,0.439386,0.030307,0.030643,-0.028185,0.106145,-0.063311,0.109849,-1.920413,-0.158416,-0.044171,0.3109,-0.129647,0.493506,0.86002,-0.518786,-0.772835,0.365404,0.84513,-0.399391,0.355114,-5e-06,0.000259,0.000312,-4.895777,-2.090469,-2.001377,-0.012734,0.04853,0.021205,-0.014474,0.077284,-0.506078,0.859017,0.615423,0.702075,0.35825,-0.784397,0.500973,0.365711,-7e-06,9.5e-05,0.000177,-0.469237,-0.239669,-0.147536,-0.582255,0.078093,0.0222,-0.056287,0.500162,-0.074236,-0.862743,0.040417,0.997233,-0.062378,0.864987,-0.00367,0.501779,0.007523,0.020918,-0.018136,0.144534,-0.062649,0.101928,-0.945471
486,0.159227,-0.038493,0.322235,-0.444567,0.072686,-0.892817,-0.092502,-0.995083,-0.03501,-0.890423,0.066926,0.450217,0.015115,0.043594,-0.03432,-0.004605,0.144983,-0.245663,-1.920435,-0.158669,-0.04428,0.310815,-0.201979,0.492605,0.846485,-0.405717,-0.828657,0.385558,0.891608,-0.266159,0.36614,-0.015421,-0.004131,-0.003228,-1.546934,-0.699265,-0.677605,0.204661,0.048409,0.021156,-0.014512,0.151276,-0.513718,0.844516,0.507111,0.773688,0.379795,-0.8485,0.370809,0.377553,-0.007631,-0.002365,-0.002238,-5.143081,-2.429455,-2.052329,-0.474157,0.078445,0.022954,-0.056909,0.509663,-0.065422,-0.857882,0.0602,0.997372,-0.040295,0.858264,-0.031108,0.512262,0.007602,0.021997,-0.016944,-0.363983,0.351416,-0.529772,-0.946288
487,0.160082,-0.036871,0.320977,-0.458236,0.059987,-0.886829,-0.11016,-0.993845,-0.010364,-0.881428,0.092862,0.46313,0.030329,0.044146,-0.033871,-1.339605,0.097054,0.546993,-1.9203,-0.159295,-0.044457,0.310657,-0.266687,0.493959,0.827571,-0.309982,-0.856928,0.411728,0.912859,-0.147335,0.380582,-0.015431,-0.004404,-0.003575,-0.409034,-0.424767,0.187585,0.355042,0.048097,0.021064,-0.014595,0.215893,-0.52232,0.824967,0.414526,0.814003,0.406897,-0.884057,0.254124,0.392253,-0.007713,-0.002559,-0.002158,-1.439907,-0.905956,-0.324374,-0.194604,0.078867,0.023765,-0.057539,0.522537,-0.051348,-0.851068,0.074421,0.997121,-0.014467,0.849361,-0.055778,0.524854,0.007542,0.017196,-0.012079,-4.80129,0.057471,2.319683,-0.959841
488,0.160583,-0.036083,0.32039,-0.468276,0.049522,-0.882219,-0.117355,-0.993055,0.006488,-0.875193,0.106503,0.471935,0.030376,0.033787,-0.024749,0.058182,0.255522,-0.464201,-1.92014,-0.159677,-0.044559,0.310577,-0.294736,0.498801,0.815058,-0.279037,-0.860618,0.42592,0.914252,-0.10251,0.391787,-0.015435,-0.004719,-0.003967,-0.057571,-0.412268,0.415005,0.405326,0.047906,0.021012,-0.014635,0.243346,-0.530285,0.812145,0.384217,0.821521,0.421282,-0.890595,0.209523,0.403658,-0.00772,-0.002749,-0.002374,-0.363489,-0.471384,0.103798,-0.046336,0.079129,0.024176,-0.057845,0.531855,-0.041174,-0.845833,0.082042,0.996623,0.003074,0.842851,-0.071029,0.533438,0.015218,0.016967,-0.012299,0.067948,0.247209,-0.451076,-0.969149
489,0.161789,-0.034666,0.319348,-0.493082,0.026297,-0.869611,-0.13433,-0.989846,0.046173,-0.858958,0.139542,0.492693,0.045385,0.033058,-0.025777,-1.456508,0.502567,0.072454,-1.920198,-0.160475,-0.044801,0.310392,-0.347835,0.521012,0.779454,-0.238045,-0.85312,0.464171,0.907223,-0.024734,0.41976,-0.030927,-0.007648,-0.005815,-1.201653,-1.395892,0.041415,0.488099,0.047501,0.020892,-0.014726,0.292617,-0.55917,0.775695,0.343572,0.818513,0.460429,-0.892374,0.131778,0.431626,-0.015459,-0.003909,-0.002988,-1.204736,-1.4063,0.029095,0.266529,0.079715,0.024874,-0.058354,0.554562,-0.016662,-0.831975,0.094797,0.994555,0.04327,0.826724,-0.102864,0.553122,0.015049,0.01699,-0.012435,-5.09217,1.000423,1.444023,-0.981885
490,0.163401,-0.033527,0.318498,-0.507474,0.019278,-0.861478,-0.150081,-0.986436,0.066273,-0.847888,0.162893,0.504558,0.045364,0.022555,-0.016891,-1.375912,0.428635,0.268081,-1.919661,-0.161401,-0.045157,0.310097,-0.404758,0.51675,0.754409,-0.187855,-0.854317,0.484548,0.895382,0.053765,0.441887,-0.030948,-0.010968,-0.009899,-1.146039,-1.401199,-0.049671,0.530691,0.047049,0.020721,-0.014866,0.348616,-0.56145,0.750492,0.29506,0.825755,0.480694,-0.889609,0.053863,0.453533,-0.015362,-0.005754,-0.005467,-4.146397,-3.314752,-1.830513,0.471785,0.080521,0.025447,-0.058782,0.568048,-0.00906,-0.822944,0.109201,0.991927,0.064457,0.815717,-0.126481,0.564451,0.03013,0.016684,-0.012986,-4.670915,0.646789,2.266772,-0.993152
491,0.164367,-0.033131,0.318226,-0.516803,0.020947,-0.855875,-0.15699,-0.985057,0.070624,-0.840968,0.17083,0.513437,0.060551,0.011574,-0.008753,0.068878,0.466672,-0.24524,-1.919703,-0.162038,-0.045433,0.309864,-0.440709,0.502498,0.743816,-0.149921,-0.858104,0.491034,0.885548,0.104265,0.452544,-0.030971,-0.014312,-0.014016,-1.137807,-1.380733,-0.083064,0.532035,0.046731,0.020587,-0.014977,0.386086,-0.55156,0.739404,0.257973,0.834131,0.487518,-0.885655,0.002522,0.464334,-0.023134,-0.007604,-0.006853,-4.130935,-3.201905,-2.07294,0.502157,0.080998,0.02565,-0.05892,0.576789,-0.010782,-0.816821,0.117294,0.990644,0.069749,0.808427,-0.136038,0.572658,0.022703,0.011686,-0.008042,0.128691,0.577339,-0.197889,-0.997888
492,0.166662,-0.032708,0.317971,-0.534945,0.03148,-0.844328,-0.169737,-0.982927,0.07083,-0.827021,0.181158,0.532208,0.060583,0.013359,-0.006954,0.119941,0.530838,0.048937,-1.9194,-0.163526,-0.046143,0.309179,-0.512654,0.464487,0.7221,-0.085394,-0.864349,0.495522,0.854934,0.19179,0.481838,-0.031091,-0.018728,-0.019583,-0.696827,-1.953197,-0.694952,0.531867,0.045987,0.020232,-0.01532,0.459207,-0.52416,0.717205,0.194155,0.847066,0.494755,-0.866851,-0.087946,0.490747,-0.023202,-0.010301,-0.010176,-3.80497,-3.531539,-2.392011,0.517833,0.082123,0.025857,-0.059052,0.594236,-0.020337,-0.804033,0.12991,0.98898,0.070998,0.793729,-0.146642,0.590329,0.030368,0.0012,0.000719,0.161514,0.817237,0.170898,-1.008175
493,0.16894,-0.032622,0.318063,-0.562004,0.056044,-0.825261,-0.187573,-0.980334,0.061097,-0.804912,0.189057,0.562494,0.060772,0.004156,0.003258,0.257286,1.299997,0.449371,-1.918993,-0.164986,-0.046991,0.308294,-0.570901,0.423041,0.703633,-0.039451,-0.870077,0.491266,0.820739,0.252177,0.512501,-0.031266,-0.021925,-0.023763,-0.010604,-0.935151,-0.148225,0.529142,0.045245,0.019799,-0.015772,0.525463,-0.487887,0.697032,0.148908,0.859343,0.48924,-0.837683,-0.153283,0.524203,-0.015637,-0.011111,-0.012024,-0.053621,-0.898429,-0.130669,0.519793,0.083285,0.025903,-0.059011,0.619572,-0.042158,-0.783806,0.147864,0.986947,0.063798,0.770886,-0.155424,0.617719,0.030379,0.001893,0.00139,0.192154,0.962326,0.263112,-1.010298
494,0.17111,-0.032501,0.318358,-0.604931,0.086109,-0.791637,-0.215647,-0.974691,0.058699,-0.765798,0.206109,0.609178,0.061065,-0.003756,0.014878,0.189755,1.403318,0.0266,-1.918697,-0.166325,-0.047869,0.307348,-0.630932,0.370323,0.681745,-4.7e-05,-0.878646,0.477404,0.776581,0.300715,0.553495,-0.031445,-0.022337,-0.024555,0.702887,-1.293903,-0.024359,0.522907,0.044587,0.019365,-0.016239,0.588993,-0.443915,0.675296,0.109793,0.871828,0.477347,-0.800644,-0.207011,0.562239,-0.015721,-0.011102,-0.012161,0.409851,-0.848954,-0.003725,0.521915,0.08437,0.025965,-0.058869,0.662438,-0.071973,-0.745651,0.176627,0.982317,0.062098,0.727996,-0.172838,0.663436,0.022904,0.003818,0.003597,0.302496,1.62878,0.371005,-1.004419
495,0.17206,-0.032415,0.31852,-0.627605,0.108977,-0.770896,-0.231198,-0.971565,0.05081,-0.742662,0.209976,0.635917,0.045729,0.00727,0.0068,0.354043,1.797733,0.230458,-1.918721,-0.166928,-0.048278,0.306868,-0.661279,0.337514,0.669915,0.027422,-0.881484,0.471346,0.750418,0.32964,0.572777,-0.032439,-0.011383,-0.033088,0.353121,-1.41986,-0.218433,0.5181,0.044286,0.019155,-0.016477,0.623164,-0.414899,0.662967,0.08322,0.878049,0.471278,-0.77765,-0.238511,0.581696,-0.015758,-0.010948,-0.01203,-0.423748,-1.986555,-1.15794,0.519466,0.08485,0.026006,-0.058783,0.683423,-0.092901,-0.724087,0.192583,0.979677,0.056074,0.704162,-0.177769,0.687424,0.030415,0.003604,0.003142,0.268598,1.448447,0.081354,-1.005563
496,0.17388,-0.032091,0.3189,-0.667115,0.158535,-0.727922,-0.267079,-0.963026,0.034957,-0.69464,0.217529,0.685699,0.045781,0.010097,0.009748,0.05071,1.987761,0.231458,-1.918244,-0.167924,-0.049101,0.305937,-0.717037,0.268663,0.643172,0.081096,-0.884205,0.459935,0.693147,0.381612,0.611378,-0.031665,-0.021271,-0.023615,0.553484,-1.196215,-0.017304,0.51701,0.043788,0.018746,-0.016948,0.686754,-0.352865,0.635495,0.029679,0.887149,0.460526,-0.726282,-0.297407,0.619726,-0.007982,-0.010121,-0.011954,0.386373,-1.486451,-0.245011,0.514731,0.085761,0.026166,-0.058595,0.721485,-0.140789,-0.677965,0.229709,0.972329,0.042536,0.653217,-0.186424,0.733861,0.022912,0.005454,0.005291,-0.90082,1.659806,0.873335,-1.009155
497,0.175403,-0.031634,0.319276,-0.696152,0.209108,-0.686798,-0.298145,-0.954436,0.011532,-0.652232,0.212527,0.727635,0.030574,0.009406,0.009311,0.396014,1.699612,-0.221709,-1.918166,-0.1687,-0.049906,0.305013,-0.760169,0.202735,0.617278,0.129778,-0.883432,0.450155,0.637525,0.422049,0.644437,-0.016061,-0.019963,-0.023819,-0.631626,-1.516,-0.745416,0.516942,0.043393,0.018342,-0.01741,0.737761,-0.292265,0.608514,-0.017413,0.892881,0.449955,-0.674837,-0.342556,0.653643,-0.008003,-0.009859,-0.011621,-2.999065,-3.328998,-3.240326,0.514078,0.086528,0.0264,-0.058401,0.749686,-0.19112,-0.633595,0.263562,0.964414,0.020944,0.607046,-0.182693,0.77338,0.022819,0.004788,0.004501,0.469551,1.609785,0.245732,-1.006052
498,0.17611,-0.031441,0.319417,-0.710348,0.230635,-0.665026,-0.309405,-0.950915,0.000629,-0.631359,0.205917,0.747671,0.045526,0.008094,0.007399,0.439732,1.445903,0.105592,-1.91797,-0.168991,-0.050266,0.304549,-0.778274,0.175721,0.60283,0.145663,-0.883216,0.445697,0.611711,0.434463,0.660996,-0.01608,-0.018839,-0.02249,0.38797,-0.774546,0.349042,0.516709,0.043248,0.01816,-0.017645,0.759241,-0.26632,0.593823,-0.03491,0.894459,0.445784,-0.649872,-0.359188,0.669813,-0.008031,-0.009674,-0.01157,0.410579,-0.830887,0.267335,0.513588,0.086876,0.026498,-0.058328,0.763265,-0.211808,-0.610378,0.275597,0.961209,0.011078,0.584355,-0.176674,0.792031,0.015104,0.009461,-0.000398,0.588566,1.539641,0.120655,-1.005726
499,0.17722,-0.031146,0.319777,-0.737671,0.270829,-0.618497,-0.331636,-0.943229,-0.017574,-0.58723,0.191808,0.786382,0.030473,0.009445,0.009238,0.557498,1.814711,0.194657,-1.917412,-0.169479,-0.050956,0.303643,-0.803946,0.115196,0.583432,0.187885,-0.881489,0.43314,0.565181,0.457695,0.686257,-0.00035,-0.017054,-0.022009,-2.537813,-2.578575,-4.180522,0.512415,0.042998,0.017814,-0.018098,0.790332,-0.21501,0.573711,-0.071695,0.89751,0.435125,-0.608468,-0.385026,0.693916,-0.00807,-0.009008,-0.010817,1.4131,0.972006,-1.852969,0.510975,0.087448,0.026645,-0.05815,0.788588,-0.249768,-0.56191,0.298926,0.954264,-0.004653,0.537373,-0.1643,0.827184,0.015233,0.00477,0.004645,0.547443,1.791634,0.185729,-1.011277
500,0.177856,-0.030825,0.320192,-0.75733,0.325382,-0.566237,-0.372438,-0.927386,-0.034878,-0.535532,0.184063,0.824229,0.015081,0.019305,2.5e-05,0.121399,2.336347,0.068784,-1.917515,-0.169672,-0.05151,0.302861,-0.823436,0.05885,0.564342,0.230377,-0.874129,0.427504,0.519489,0.481959,0.705486,-0.000285,-0.013251,-0.017221,-2.873502,-2.867706,-3.544026,0.50796,0.042902,0.017532,-0.018495,0.816495,-0.160371,0.55463,-0.115183,0.896088,0.428669,-0.565744,-0.413891,0.71318,-0.000135,-0.007037,-0.009155,0.234562,-0.408103,0.145248,0.504117,0.087761,0.026801,-0.057939,0.805466,-0.302777,-0.509459,0.341322,0.939756,-0.01887,0.484481,-0.158691,0.860287,0.000164,0.004234,0.004537,-1.329131,3.241465,-0.981113,-1.013727
501,0.177661,-0.030497,0.320399,-0.774242,0.378052,-0.507613,-0.413043,-0.909459,-0.04744,-0.47863,0.172459,0.860928,-0.014816,0.00463,0.005433,0.463894,1.632219,0.079019,-1.916611,-0.169616,-0.0519,0.302191,-0.835881,0.025124,0.548328,0.250539,-0.871226,0.422054,0.48936,0.490132,0.721221,-0.001112,0.000126,-0.022539,0.140055,-0.341906,-0.054636,0.507948,0.04293,0.017332,-0.018827,0.833583,-0.124032,0.538288,-0.140567,0.894759,0.423848,-0.534209,-0.428978,0.728421,-0.000103,-0.005428,-0.007107,-0.067025,-0.575653,-0.18779,0.501667,0.087675,0.026974,-0.057835,0.820757,-0.355259,-0.447378,0.383842,0.922952,-0.028712,0.423109,-0.148158,0.893883,-0.007401,0.002566,0.002977,0.354601,1.754987,0.507105,-1.014707
502,0.17737,-0.030374,0.320435,-0.780049,0.403807,-0.478026,-0.43313,-0.899735,-0.053365,-0.45068,0.164911,0.877336,-0.030154,0.013849,-0.004419,0.559282,1.802109,-0.063803,-1.917004,-0.169503,-0.05205,0.301915,-0.840259,0.006704,0.542136,0.262659,-0.86958,0.418061,0.475277,0.493667,0.728194,0.015657,-0.007715,-0.011748,0.33426,-0.439477,-0.031493,0.507862,0.04298,0.017258,-0.018964,0.839396,-0.107382,0.532805,-0.153106,0.893875,0.421361,-0.521508,-0.435265,0.733875,0.007839,-0.00393,-0.005984,0.392056,-0.517489,-0.088263,0.501504,0.08754,0.027032,-0.057814,0.824804,-0.379989,-0.418694,0.404555,0.913935,-0.032496,0.395008,-0.142582,0.907545,-0.007448,0.001142,0.001457,-0.265232,1.612816,1.220298,-1.016013
503,0.176493,-0.030342,0.320468,-0.780489,0.455973,-0.427751,-0.477465,-0.876365,-0.06311,-0.402677,0.154406,0.90224,-0.030042,-0.000817,3.9e-05,-1.951727,1.030419,4.571217,-1.917065,-0.169163,-0.052095,0.301494,-0.846196,-0.040035,0.531358,0.299059,-0.860857,0.41161,0.441997,0.50726,0.739723,0.015769,-0.003001,-0.005594,-2.481117,-2.848807,-4.19717,0.506788,0.04315,0.017231,-0.019181,0.850294,-0.067293,0.521988,-0.184796,0.890473,0.415821,-0.492798,-0.450032,0.744728,0.007903,-0.001248,-0.002483,0.008118,-0.152377,-0.003708,0.500524,0.087107,0.027056,-0.057798,0.825846,-0.428313,-0.366776,0.445971,0.894152,-0.040007,0.34509,-0.130532,0.929447,-0.015047,-0.00085,-0.000443,0.353957,1.620491,0.158263,-1.022545
504,0.175238,-0.030423,0.320373,-0.77753,0.501493,-0.37947,-0.514855,-0.854069,-0.073912,-0.360197,0.137274,0.922735,-0.045175,-0.003095,-0.002008,0.474537,1.475666,-0.300067,-1.916598,-0.168794,-0.051882,0.301169,-0.850248,-0.064141,0.522452,0.315856,-0.856013,0.409157,0.422039,0.512985,0.74739,0.014936,0.010699,-0.010382,0.082279,-0.071908,0.018475,0.506853,0.043335,0.017337,-0.019344,0.858222,-0.036975,0.511944,-0.207346,0.887423,0.411689,-0.469534,-0.45947,0.753939,0.007483,0.005467,-0.005055,0.037289,-0.030609,0.028017,0.500035,0.086474,0.027013,-0.057847,0.818911,-0.477573,-0.318289,0.489523,0.870723,-0.046996,0.299585,-0.117324,0.946827,-0.015112,-0.002052,-0.001745,0.418421,1.476981,0.277741,-1.031526
505,0.17449,-0.030469,0.320286,-0.771578,0.526522,-0.357056,-0.536379,-0.840162,-0.079985,-0.341144,0.129142,0.931112,-0.045225,-0.003705,-0.002703,0.365122,1.212434,0.34991,-1.916475,-0.168582,-0.051716,0.301021,-0.852462,-0.072418,0.517741,0.319565,-0.855818,0.40668,0.414702,0.512222,0.752007,-1e-06,-5e-05,-6.6e-05,0.172798,-0.180991,-0.111266,0.50658,0.043441,0.017422,-0.019416,0.861018,-0.029972,0.507689,-0.210974,0.887265,0.410182,-0.462749,-0.460284,0.757628,0.007485,0.005833,-0.004573,0.354572,-0.325653,-0.12712,0.500035,0.0861,0.02699,-0.057891,0.812601,-0.50207,-0.295978,0.511361,0.857837,-0.051227,0.279621,-0.109725,0.953819,-0.015134,-0.002402,-0.002123,-0.359201,0.754122,1.03991,-1.034791
506,0.173092,-0.03069,0.320058,-0.760832,0.564683,-0.319865,-0.568119,-0.817723,-0.092426,-0.312811,0.110692,0.943357,-0.030464,-0.007523,-0.007285,0.359092,0.809703,-0.118703,-1.915692,-0.168023,-0.051349,0.300809,-0.852701,-0.09134,0.514343,0.33701,-0.84833,0.408282,0.400101,0.521596,0.753472,0.015862,0.002491,0.001595,-0.020936,-0.033527,-0.004512,0.501481,0.04372,0.017609,-0.019525,0.863602,-0.010754,0.504059,-0.229213,0.882102,0.411529,-0.449057,-0.470934,0.75932,0.007494,0.006859,-0.003232,-0.037547,-0.094529,-0.035733,0.497585,0.085396,0.026883,-0.058001,0.800356,-0.541307,-0.257713,0.545345,0.835905,-0.062129,0.249054,-0.090817,0.964221,-0.022756,-0.003853,-0.003515,0.435449,1.04475,-0.257156,-1.037077
507,0.171674,-0.031082,0.319735,-0.742872,0.607808,-0.280633,-0.603808,-0.789299,-0.111333,-0.288253,0.08598,0.953701,-0.030703,-0.010324,-0.010387,-1.040851,0.297273,5.399793,-1.915676,-0.16714,-0.05098,0.300684,-0.851907,-0.110887,0.511811,0.355272,-0.840239,0.40953,0.385692,0.530852,0.754521,0.031681,0.003893,0.001715,-0.855074,-0.627824,-1.341312,0.486488,0.044156,0.017795,-0.019585,0.865158,0.007059,0.501448,-0.246569,0.876685,0.413068,-0.436696,-0.481011,0.760212,0.007369,0.00653,-0.003556,-2.79478,-2.290196,-4.114802,0.484195,0.084687,0.026688,-0.058161,0.784763,-0.579535,-0.219737,0.578033,0.812282,-0.077943,0.22366,-0.065848,0.97244,-0.015335,-0.004853,-0.004835,0.68045,1.242315,0.089464,-1.043772
508,0.170588,-0.031523,0.319316,-0.718988,0.65385,-0.235755,-0.641417,-0.754772,-0.137387,-0.266883,0.051619,0.962359,-0.015844,-0.012368,-0.013046,0.790568,1.288388,0.519641,-1.915402,-0.165952,-0.05071,0.300617,-0.849763,-0.125974,0.511883,0.369993,-0.834031,0.409185,0.376437,0.537261,0.754658,0.030722,0.013739,-0.008179,0.040478,-0.039911,0.077212,0.468287,0.044762,0.017935,-0.019614,0.86477,0.023785,0.501602,-0.263474,0.871837,0.412893,-0.427495,-0.489217,0.760206,0.015369,0.00686,-0.004128,0.042547,-0.038294,0.079504,0.459049,0.084138,0.026467,-0.058371,0.756325,-0.629552,-0.177864,0.622699,0.776138,-0.09927,0.200543,-0.035675,0.979034,-0.015438,-0.005944,-0.006061,0.501297,1.058264,0.522043,-1.043936
509,0.170222,-0.031757,0.31904,-0.707895,0.673024,-0.214404,-0.657073,-0.738769,-0.149824,-0.258355,0.033977,0.965466,-0.015907,-0.012935,-0.013705,0.782727,1.212109,0.356359,-1.915505,-0.165256,-0.050602,0.300595,-0.848221,-0.135983,0.511879,0.379759,-0.829668,0.409107,0.370114,0.541573,0.754704,0.047452,0.003697,-0.000372,-0.01316,0.044383,-0.096403,0.465174,0.045092,0.017987,-0.019624,0.864466,0.033829,0.501551,-0.273594,0.868678,0.41297,-0.421716,-0.49422,0.760197,0.015829,0.001564,0.000282,-0.01708,-0.047354,0.026347,0.450721,0.083955,0.026349,-0.05851,0.744289,-0.649199,-0.156755,0.639953,0.760405,-0.110648,0.19103,-0.017962,0.981419,-0.007997,-0.007102,-0.007514,0.532496,0.986348,-0.019773,-1.044589
510,0.169988,-0.032272,0.318284,-0.680982,0.711836,-0.172038,-0.690962,-0.70231,-0.171181,-0.241836,0.00141,0.97033,-0.00111,-0.0171,-0.018702,0.477259,0.897902,0.493475,-1.915725,-0.163704,-0.05043,0.300578,-0.844343,-0.160511,0.511186,0.403317,-0.818302,0.409451,0.353634,0.552088,0.754987,0.04743,0.003387,-0.000887,-2.819006,-2.308501,-4.084799,0.46011,0.045856,0.018073,-0.019632,0.86384,0.053561,0.500911,-0.293242,0.861972,0.413537,-0.409622,-0.504118,0.760312,0.023724,0.00184,-0.000282,0.007313,-0.044776,0.088476,0.441087,0.083833,0.026096,-0.058883,0.715803,-0.68882,-0.114683,0.676608,0.724766,-0.130057,0.172704,0.0155,0.984851,-0.000643,-0.003434,-0.013973,0.307838,0.676835,1.687432,-1.037404
511,0.170456,-0.032755,0.317173,-0.652188,0.745933,-0.135207,-0.722696,-0.665567,-0.186289,-0.228143,-0.024715,0.973328,0.028626,-0.012005,-0.03448,0.446543,0.768598,0.00439,-1.915384,-0.162032,-0.050308,0.300562,-0.839799,-0.184891,0.510435,0.426517,-0.806211,0.409928,0.336771,0.562197,0.755237,0.047415,0.003994,-0.000206,-0.070032,-0.106784,-0.024958,0.453618,0.046722,0.018134,-0.019643,0.86188,0.083343,0.500215,-0.322778,0.850946,0.414371,-0.391122,-0.518597,0.760315,0.023717,0.002027,-0.0001,-0.069022,-0.105937,-0.024688,0.433412,0.084066,0.025851,-0.059441,0.685284,-0.723998,-0.07881,0.711001,0.68853,-0.142835,0.157675,0.041849,0.986603,0.014303,-0.00629,-0.017542,0.468127,0.779653,0.002481,-1.037731
512,0.1709,-0.032986,0.316458,-0.638987,0.760185,-0.117728,-0.73678,-0.648736,-0.19044,-0.220355,-0.0359,0.974773,0.013421,-0.01373,-0.036173,-1.730463,2.419436,0.507362,-1.915291,-0.161072,-0.050232,0.30055,-0.835457,-0.199555,0.512035,0.441157,-0.798942,0.408663,0.328575,0.567558,0.754838,0.047407,0.003748,-0.000594,-0.842854,-0.723206,-1.163835,0.44812,0.047184,0.018172,-0.019647,0.85945,0.09697,0.501936,-0.336791,0.846059,0.413224,-0.384598,-0.524194,0.759805,0.023595,0.001973,-0.000121,-2.832453,-2.310789,-4.074375,0.427534,0.084288,0.025735,-0.059799,0.671489,-0.738306,-0.063286,0.725591,0.672445,-0.146061,0.150395,0.052158,0.987248,0.006709,-0.007155,-0.0184,-1.664366,2.493845,0.525343,-1.039364
513,0.172351,-0.033581,0.314794,-0.611732,0.785934,-0.09021,-0.761416,-0.615818,-0.202451,-0.213911,-0.056141,0.975253,0.058729,-0.020235,-0.044971,0.50609,0.757239,0.162309,-1.915013,-0.158904,-0.050012,0.300563,-0.826793,-0.223192,0.516323,0.465294,-0.786965,0.405119,0.316937,0.57547,0.753822,0.063168,0.005753,-1e-06,0.010439,-0.025862,0.03734,0.444005,0.048262,0.01828,-0.019642,0.853525,0.12295,0.506338,-0.363709,0.836433,0.409993,-0.373109,-0.534099,0.758634,0.023694,0.002591,0.000526,0.019517,0.081925,-0.186388,0.417736,0.085013,0.02544,-0.060628,0.643354,-0.764663,-0.037206,0.752223,0.640427,-0.154959,0.142319,0.071706,0.987219,0.029362,-0.010462,-0.022878,0.60326,0.86526,0.181964,-1.035281
514,0.174423,-0.034288,0.312749,-0.589415,0.805207,-0.065401,-0.781282,-0.588683,-0.207418,-0.204788,-0.072165,0.976156,0.058871,-0.024059,-0.04998,0.252027,0.355498,0.011448,-1.91421,-0.156701,-0.049821,0.300543,-0.819492,-0.236472,0.522019,0.480128,-0.780433,0.400418,0.313732,0.579071,0.752404,0.047365,0.003732,-0.000918,0.00681,-0.044183,0.086491,0.444051,0.049387,0.01838,-0.019649,0.847942,0.136962,0.512088,-0.379224,0.831727,0.405485,-0.370382,-0.538025,0.757196,0.023692,0.001822,-0.000559,0.004048,-0.051766,0.095222,0.41545,0.086027,0.025092,-0.061635,0.61966,-0.784765,-0.012784,0.773594,0.613429,-0.158924,0.13256,0.088589,0.987207,0.029307,-0.007153,-0.029899,0.317342,0.379277,0.02319,-1.042466
515,0.177129,-0.034727,0.310349,-0.573118,0.818653,-0.037265,-0.795845,-0.56678,-0.212986,-0.194776,-0.093432,0.976402,0.074029,-0.00196,-0.06794,0.375412,0.391127,0.086501,-1.914942,-0.154508,-0.049679,0.300506,-0.810516,-0.247593,0.530805,0.495474,-0.772933,0.39625,0.313175,0.584475,0.748447,0.063139,0.005041,-0.00134,0.032658,-0.007152,0.071266,0.444531,0.05046,0.018448,-0.019669,0.840425,0.149017,0.521036,-0.395429,0.826062,0.401567,-0.370568,-0.54352,0.753169,0.023683,0.002016,-0.000378,0.101927,0.136681,-0.074531,0.415777,0.087374,0.024859,-0.062835,0.602083,-0.798309,0.01404,0.789093,0.592266,-0.162948,0.121768,0.109187,0.986534,0.037189,-0.006191,-0.02946,0.413563,0.352659,0.293629,-1.04018
516,0.178636,-0.034809,0.309091,-0.557029,0.830323,-0.018098,-0.809002,-0.547332,-0.214278,-0.187139,-0.105755,0.976638,0.089554,-0.000992,-0.067767,0.505178,0.645411,0.252522,-1.91419,-0.153407,-0.049594,0.300475,-0.806022,-0.256355,0.53348,0.504891,-0.767968,0.394009,0.309692,0.587249,0.747725,0.063143,0.004672,-0.001925,0.010394,-0.056025,0.112834,0.445611,0.051034,0.018493,-0.019684,0.837075,0.158246,0.5237,-0.405331,0.822304,0.399402,-0.367437,-0.546602,0.752472,0.031582,0.002305,-0.001047,0.008449,-0.064651,0.120928,0.416103,0.088155,0.024815,-0.063491,0.585374,-0.810145,0.03163,0.802759,0.573686,-0.162669,0.11364,0.120614,0.986173,0.04481,-0.000488,-0.033902,0.584051,0.727781,0.263405,-1.036424
517,0.181942,-0.034671,0.306368,-0.534931,0.844723,0.018385,-0.827102,-0.519016,-0.215631,-0.171947,-0.131609,0.976289,0.090019,0.001236,-0.066121,0.504337,0.621101,0.058997,-1.914207,-0.151275,-0.049456,0.300378,-0.800974,-0.264406,0.537142,0.51402,-0.7635,0.390878,0.307753,0.589514,0.746743,0.063166,0.003997,-0.00301,0.008238,-0.060691,0.11687,0.448049,0.052077,0.018561,-0.01973,0.833036,0.166863,0.527453,-0.415003,0.818945,0.396358,-0.365818,-0.549075,0.75146,0.023705,0.001249,-0.001495,0.004263,-0.050748,0.093574,0.418553,0.089774,0.024881,-0.06483,0.561156,-0.825031,0.066525,0.821941,0.545971,-0.162255,0.097545,0.145731,0.984503,0.044873,0.005912,-0.037518,0.704769,0.68226,0.306092,-1.03822
518,0.185453,-0.034168,0.303567,-0.514533,0.855862,0.052929,-0.84335,-0.493852,-0.21176,-0.154465,-0.154664,0.975831,0.090055,0.015862,-0.071116,0.364855,0.509863,0.014247,-1.91088,-0.149203,-0.049285,0.300343,-0.797068,-0.272475,0.538917,0.522373,-0.758652,0.389239,0.303783,0.592106,0.746318,0.04731,0.004475,-0.000459,0.005938,-0.045757,0.087465,0.449997,0.053136,0.018645,-0.019753,0.830216,0.175272,0.529169,-0.42379,0.815144,0.394894,-0.362136,-0.552104,0.751025,0.023661,0.002276,-0.000219,0.005305,-0.048484,0.09096,0.421655,0.091563,0.025131,-0.066258,0.538576,-0.836584,0.100304,0.838822,0.52114,-0.157446,0.079444,0.168933,0.982419,0.045071,0.008039,-0.035463,0.389017,0.517306,0.009441,-1.038547
519,0.187151,-0.033749,0.302146,-0.511315,0.85704,0.063916,-0.846883,-0.489745,-0.207146,-0.1456,-0.161117,0.97615,0.074824,0.017764,-0.068563,-0.500065,0.5471,0.112561,-1.895008,-0.148186,-0.049186,0.300335,-0.795084,-0.276486,0.539804,0.526525,-0.7562,0.388415,0.301797,0.593387,0.746105,0.047283,0.004936,7.6e-05,0.006132,-0.045617,0.087734,0.45016,0.053627,0.018693,-0.019757,0.828696,0.179519,0.530127,-0.428266,0.813191,0.394092,-0.360348,-0.553618,0.750769,0.031531,0.003275,-9e-06,0.007503,-0.063548,0.120428,0.422472,0.092384,0.025333,-0.066944,0.53425,-0.838007,0.110993,0.842309,0.516652,-0.153576,0.071353,0.175538,0.981882,0.04494,0.014828,-0.038301,-2.03739,1.665245,0.341899,-1.033159
520,0.190329,-0.032574,0.299343,-0.514187,0.854354,0.075745,-0.846382,-0.491055,-0.206093,-0.138249,-0.171147,0.975512,0.074536,0.035055,-0.069952,0.176019,0.002744,0.023911,-1.846545,-0.146166,-0.048962,0.30035,-0.794177,-0.279762,0.539451,0.529357,-0.75424,0.388376,0.299209,0.594351,0.746381,0.047196,0.006261,0.001679,0.007959,-0.059451,0.112948,0.44777,0.054655,0.018805,-0.019751,0.828243,0.18282,0.529706,-0.431221,0.811605,0.394139,-0.357856,-0.554864,0.751042,0.023602,0.003151,0.000827,0.008139,-0.059838,0.114228,0.422145,0.094001,0.025923,-0.068376,0.536325,-0.835019,0.12287,0.841664,0.518286,-0.151595,0.062904,0.184719,0.980775,0.037315,0.017702,-0.034803,0.176925,-0.006583,0.014699,-1.020585
521,0.193297,-0.031116,0.296758,-0.511651,0.856126,0.072843,-0.846896,-0.488131,-0.210872,-0.144346,-0.170654,0.974714,0.074491,0.040167,-0.064197,0.047384,-0.253413,0.105384,-1.818701,-0.144159,-0.048691,0.300472,-0.791774,-0.283057,0.541262,0.533219,-0.752338,0.38678,0.298715,0.595206,0.745897,0.047043,0.008324,0.004249,0.007961,-0.059449,0.112949,0.443165,0.055641,0.018936,-0.019693,0.826209,0.186409,0.53163,-0.43537,0.810165,0.392538,-0.357535,-0.555774,0.750522,0.031415,0.00472,0.001705,0.007405,-0.063171,0.119742,0.41741,0.095457,0.026637,-0.069644,0.534097,-0.836839,0.120163,0.8426,0.515304,-0.15648,0.069028,0.184825,0.980343,0.037532,0.014485,-0.028092,-0.051799,-0.415383,0.202601,-1.010624
522,0.194661,-0.030369,0.295545,-0.50969,0.857652,0.068509,-0.848612,-0.487934,-0.204326,-0.141185,-0.163352,0.976427,0.074948,0.030381,-0.054569,-0.126049,-0.385019,-0.031009,-1.810409,-0.143181,-0.048546,0.300573,-0.787743,-0.293811,0.541412,0.542363,-0.747317,0.383788,0.292823,0.596335,0.74733,0.047,0.008629,0.004579,-2.9438,-2.219085,-4.041349,0.429569,0.05613,0.01901,-0.019641,0.824685,0.19285,0.531698,-0.440248,0.809043,0.389396,-0.355072,-0.555208,0.752108,0.031392,0.004876,0.001864,0.021632,0.002475,-0.076866,0.411368,0.096117,0.027001,-0.070229,0.532256,-0.838555,0.116304,0.844012,0.514911,-0.150028,0.06592,0.178015,0.981816,0.029825,0.01553,-0.026472,-0.324389,-0.744678,0.040811,-1.007195
523,0.196804,-0.028891,0.29352,-0.506939,0.859453,0.06633,-0.852304,-0.488173,-0.187713,-0.128325,-0.152766,0.97991,0.059427,0.03609,-0.046882,-0.091347,-0.232837,-0.179536,-1.799544,-0.141371,-0.048335,0.300826,-0.776901,-0.316208,0.544452,0.56502,-0.731461,0.381642,0.278533,0.604519,0.746217,0.048239,-0.003182,0.011674,-0.045068,0.056073,-0.108967,0.343055,0.057034,0.019124,-0.019512,0.815522,0.221065,0.534839,-0.469396,0.793237,0.387866,-0.338511,-0.567365,0.75067,0.015634,0.003244,0.001933,-0.002839,-0.050943,0.077342,0.347685,0.097216,0.027751,-0.071271,0.529938,-0.840455,0.113136,0.846368,0.515805,-0.132684,0.053159,0.166069,0.984679,0.022067,0.018364,-0.022619,-0.146946,-0.432952,-0.05595,-1.004419
524,0.198617,-0.027486,0.291829,-0.509076,0.858667,0.059821,-0.852399,-0.493204,-0.173598,-0.118932,-0.140438,0.982934,0.043935,0.038019,-0.0437,-0.147334,-0.300874,-0.226398,-1.792108,-0.13982,-0.048418,0.301036,-0.776597,-0.316373,0.544791,0.565591,-0.730798,0.382067,0.27822,0.605235,0.745753,0.048505,-0.006732,0.00691,-0.030241,-0.037883,0.068031,0.10986,0.057809,0.019087,-0.019401,0.815186,0.221283,0.535261,-0.470098,0.792627,0.388264,-0.338346,-0.568133,0.750163,0.015782,0.000996,-0.001048,-0.008057,0.065197,-0.114824,0.136223,0.098129,0.028457,-0.072112,0.532529,-0.839635,0.106886,0.84526,0.520965,-0.118866,0.04412,0.153646,0.987139,0.014615,0.013035,-0.017827,-0.273164,-0.508596,-0.15403,-1.005726
525,0.200148,-0.026261,0.290324,-0.519227,0.853671,0.041176,-0.846692,-0.507161,-0.160849,-0.11579,-0.119447,0.986079,0.044408,0.027924,-0.03436,-0.323943,-0.455223,-0.132313,-1.767897,-0.138603,-0.048612,0.301287,-0.769911,-0.321307,0.551354,0.571651,-0.731057,0.372431,0.284361,0.602322,0.745795,0.03143,0.003967,0.000499,0.071268,-0.004939,-0.166138,-0.21188,0.058418,0.018984,-0.019284,0.809371,0.226785,0.541743,-0.475912,0.79377,0.378729,-0.34413,-0.564355,0.750385,0.016318,-0.003176,0.004815,0.102628,-0.078052,-0.070162,-0.175662,0.098884,0.02906,-0.072851,0.543801,-0.834465,0.089147,0.838179,0.534784,-0.107058,0.041661,0.13294,0.990247,0.014573,0.013568,-0.017199,-1.22212,-0.215816,-0.168568,-1.005889
526,0.200717,-0.025735,0.289666,-0.52776,0.848888,0.030048,-0.841521,-0.517651,-0.154441,-0.114899,-0.107854,0.987518,0.029056,0.027571,-0.033833,-0.452887,-0.589024,-0.468052,-1.75108,-0.138187,-0.048695,0.301424,-0.772581,-0.299024,0.560084,0.552162,-0.751713,0.360526,0.314175,0.588166,0.74513,0.016906,-0.008016,0.009833,3.787044,2.688849,3.719834,-0.480533,0.058638,0.018944,-0.019216,0.808557,0.209311,0.54993,-0.459119,0.808961,0.367138,-0.368027,-0.549335,0.75019,0.008446,-0.003874,0.005077,2.055857,2.469539,-0.697856,-0.325399,0.099195,0.029349,-0.073207,0.552793,-0.829576,0.078881,0.832305,0.544975,-0.101338,0.04108,0.121672,0.991719,0.014553,0.013849,-0.016858,-0.380428,-0.496371,-0.464448,-1.00344
527,0.201575,-0.024646,0.288413,-0.53963,0.841865,0.010381,-0.83404,-0.532786,-0.143132,-0.114302,-0.086948,0.989648,0.028946,0.029746,-0.031142,-0.18095,-0.286199,-0.252809,-1.72678,-0.137669,-0.048676,0.301814,-0.763321,-0.267098,0.58821,0.520563,-0.793362,0.315475,0.383346,0.547344,0.743857,-0.000593,0.00756,0.009895,0.391424,-0.139772,-0.590833,-1.12873,0.058905,0.018938,-0.019033,0.796788,0.173411,0.57884,-0.418119,0.849798,0.320965,-0.436238,-0.497766,0.749616,0.008168,-0.000426,0.009575,0.518781,-0.01365,-0.889951,-0.619649,0.099614,0.029881,-0.073824,0.566414,-0.82203,0.058646,0.823108,0.560759,-0.089675,0.04083,0.099065,0.994242,0.00686,0.014067,-0.016075,-0.205332,-0.394909,-0.176433,-1.003929
528,0.202011,-0.023654,0.287249,-0.553078,0.833084,-0.01099,-0.825326,-0.549573,-0.129526,-0.113265,-0.063608,0.99154,-0.00104,0.016602,-0.023454,-0.289767,-0.426112,-0.244207,-1.714777,-0.137145,-0.048205,0.302497,-0.750299,-0.27199,0.602548,0.507227,-0.821278,0.26107,0.424779,0.501853,0.753372,0.014468,0.017141,0.019943,1.839496,-0.153178,0.064587,-1.376946,0.059161,0.019167,-0.0187,0.784159,0.179264,0.594102,-0.40342,0.874722,0.268538,-0.471535,-0.450249,0.75824,0.007816,0.00366,0.014909,3.855024,1.229952,2.977449,-0.914878,0.099843,0.030384,-0.074406,0.580979,-0.813002,0.0386,0.812908,0.577245,-0.077245,0.040519,0.076256,0.996264,0.006835,0.014425,-0.015628,-0.341418,-0.456454,-0.38879,-1.017483
529,0.202086,-0.022792,0.286131,-0.566808,0.823254,-0.032046,-0.816083,-0.566293,-0.115292,-0.112363,-0.040225,0.992866,-0.001631,0.027017,-0.032522,-0.465692,-0.68088,-0.378059,-1.706597,-0.136451,-0.047846,0.303599,-0.745476,-0.312318,0.588825,0.523939,-0.820551,0.228294,0.412782,0.479091,0.774562,0.015539,0.008024,0.030495,0.179878,-0.911856,-0.76455,-1.386162,0.059513,0.01936,-0.018132,0.78456,0.220946,0.57935,-0.419484,0.87721,0.233528,-0.456615,-0.426245,0.780907,0.00774,0.004152,0.015411,0.16203,-0.969692,-0.740666,-0.979051,0.099881,0.030814,-0.07496,0.595336,-0.803228,0.019938,0.802457,0.593149,-0.065083,0.04045,0.054746,0.997679,-0.000484,0.007772,-0.012401,-0.141236,-0.249022,-0.168655,-1.024341
530,0.202029,-0.022423,0.285582,-0.570403,0.820399,-0.040372,-0.813574,-0.570992,-0.109714,-0.112358,-0.030761,0.993205,-0.000967,0.014307,-0.026397,-0.390626,-0.405954,-0.502385,-1.70291,-0.13613,-0.047743,0.304273,-0.75906,-0.331475,0.560306,0.52738,-0.817591,0.230976,0.382478,0.471238,0.794675,0.015354,0.009896,0.032806,-0.730412,-2.784385,0.662708,-1.386209,0.059668,0.019407,-0.017808,0.798516,0.237454,0.55316,-0.423538,0.874608,0.235958,-0.42777,-0.422701,0.798959,0.008296,-0.000481,0.020625,0.26517,-1.40391,-0.531128,-0.956844,0.099852,0.031005,-0.075233,0.599596,-0.800223,0.011273,0.799262,0.59804,-0.059391,0.040784,0.044621,0.99817,-0.008118,0.007294,-0.012493,-0.39246,-0.5232,-0.390618,-1.030546
531,0.201898,-0.021806,0.284516,-0.581772,0.811357,-0.057318,-0.80547,-0.584422,-0.098183,-0.112442,-0.011966,0.9936,-0.016245,0.013664,-0.026188,-0.371698,-0.501203,-0.334433,-1.693694,-0.135479,-0.04727,0.305884,-0.778176,-0.348411,0.522536,0.523878,-0.818867,0.234399,0.347185,0.45659,0.819055,0.014566,0.018194,0.043091,0.42589,-0.750554,0.159968,-1.393169,0.059995,0.019634,-0.017014,0.820079,0.252627,0.513467,-0.420172,0.87497,0.240587,-0.38849,-0.413045,0.823692,0.007246,0.009287,0.021783,0.401829,-0.721599,0.139252,-1.037509,0.099792,0.031311,-0.075769,0.611949,-0.790882,-0.004756,0.78981,0.611413,-0.048718,0.041438,0.026057,0.9988,-0.000459,0.007011,-0.013393,-0.38517,-0.530918,-0.352135,-1.025974
532,0.201657,-0.021308,0.283457,-0.592119,0.802644,-0.072133,-0.797816,-0.596407,-0.088085,-0.112991,0.004389,0.9936,-0.000933,0.013207,-0.02788,-0.198463,-0.316644,-0.181259,-1.685215,-0.135144,-0.046612,0.307642,-0.786548,-0.340642,0.515069,0.510425,-0.827967,0.2321,0.348373,0.445894,0.824426,-0.001169,0.017263,0.043799,0.050366,-0.281773,0.564338,-1.396571,0.060167,0.019972,-0.016125,0.827209,0.245162,0.505587,-0.406349,0.882464,0.236931,-0.388077,-0.401437,0.829604,2.8e-05,0.003284,0.026241,0.068379,-0.111058,0.469406,-1.020364,0.099666,0.031562,-0.076297,0.623465,-0.781596,-0.019936,0.780695,0.623727,-0.038451,0.042488,0.008408,0.999061,-0.00044,0.006345,-0.014263,-0.262275,-0.372885,-0.240702,-1.031199
