frame,MLTx,MLTy,MLTz,MLTR1,MLTR2,MLTR3,MLTR4,MLTR5,MLTR6,MLTR7,MLTR8,MLTR9,MLTTVx,MLTTVy,MLTTVz,MLTRVx,MLTRVy,MLTRVz,MLGA,MRTx,MRTy,MRTz,MRTR1,MRTR2,MRTR3,MRTR4,MRTR5,MRTR6,MRTR7,MRTR8,MRTR9,MRTTVx,MRTTVy,MRTTVz,MRTRVx,MRTRVy,MRTRVz,MRGA,SLTx,SLTy,SLTz,SLTR1,SLTR2,SLTR3,SLTR4,SLTR5,SLTR6,SLTR7,SLTR8,SLTR9,SLTTVx,SLTTVy,SLTTVz,SLTRVx,SLTRVy,SLTRVz,SLGA,SRTx,SRTy,SRTz,SRTR1,SRTR2,SRTR3,SRTR4,SRTR5,SRTR6,SRTR7,SRTR8,SRTR9,SRTTVx,SRTTVy,SRTTVz,SRTRVx,SRTRVy,SRTRVz,SRGA
614,0.020488,0.036001,0.338609,-0.264916,0.734041,-0.625338,-0.863077,-0.469649,-0.185743,-0.429711,0.489594,0.758732,-0.012504,0.005172,0.003205,-0.000984,0.014715,-0.029553,-1.11083,-0.146904,0.059176,0.306249,0.587064,0.738563,0.331472,-0.788132,0.428228,0.442044,0.183797,-0.521677,0.833028,0.013345,-0.007572,-0.007511,-0.00022,0.003121,0.007104,-0.607679,0.019937,0.048194,-0.02974,-0.501041,-0.79175,0.349413,0.846143,-0.363426,0.389824,-0.181657,0.490972,0.852025,0.000429,-0.004589,-0.003779,-0.004258,0.013272,-0.018923,-0.692477,0.047508,0.042681,-0.072386,-0.328074,0.720586,-0.610837,-0.803132,-0.5532,-0.22124,-0.497338,0.418,0.760217,0.001319,0.005797,-0.003755,0.031855,-0.024511,0.012553,-0.698903
615,0.020156,0.036186,0.338696,-0.271802,0.734787,-0.621496,-0.864285,-0.470351,-0.178194,-0.422926,0.4878,0.763683,-0.012651,0.004912,0.002957,-0.016016,0.028649,-0.038525,-0.400383,-0.146766,0.058821,0.305945,0.586661,0.738522,0.332275,-0.788503,0.427705,0.441889,0.183495,-0.522165,0.832789,0.000868,-0.009307,-0.007688,-0.002271,0.018314,-0.022133,-0.768055,0.02001,0.048018,-0.029897,-0.500643,-0.791693,0.350111,0.846426,-0.362929,0.389673,-0.181436,0.49143,0.851808,0.006715,-0.004112,-0.00404,-0.000256,0.003058,0.007205,-0.737545,0.047343,0.042775,-0.072342,-0.335113,0.720479,-0.607131,-0.804444,-0.554254,-0.213708,-0.490477,0.416788,0.765323,-0.006317,0.002474,0.001499,-0.177907,0.178261,-0.134792,-0.549492
616,0.019812,0.036311,0.338729,-0.287009,0.734382,-0.615104,-0.869214,-0.469475,-0.155022,-0.402272,0.489249,0.773847,-0.000546,-0.000951,-0.000889,-0.042527,-0.168482,0.121816,0.029487,-0.146664,0.058439,0.305609,0.586079,0.738492,0.333365,-0.789033,0.426982,0.441642,0.183075,-0.5228,0.832483,0.000977,-0.010458,-0.008672,-0.002272,0.018314,-0.022132,-0.97331,0.020062,0.047819,-0.030065,-0.499987,-0.791626,0.351197,0.846884,-0.362122,0.389426,-0.181104,0.492132,0.851472,0.000513,-0.005442,-0.004515,-0.002266,0.018322,-0.022096,-0.737545,0.047167,0.04284,-0.072323,-0.35061,0.718027,-0.601255,-0.809944,-0.554795,-0.190242,-0.470173,0.420283,0.776078,-0.000365,-0.00063,-0.000584,-0.029522,-0.055861,-0.037256,-0.447762
617,0.019799,0.036427,0.338574,-0.30041,0.733576,-0.609643,-0.875469,-0.465695,-0.129054,-0.378213,0.49404,0.782884,0.001745,0.010022,-0.008976,-0.724568,0.205517,-0.756464,0.264036,-0.146624,0.058114,0.305314,0.585573,0.738482,0.334278,-0.789495,0.426376,0.441401,0.182705,-0.523309,0.832244,-0.000713,0.004826,-0.012538,0.036704,-0.011098,0.017349,-1.26323,0.020083,0.047645,-0.030217,-0.499411,-0.791583,0.352111,0.847287,-0.361437,0.389186,-0.180808,0.492704,0.851205,0.000403,-0.00427,-0.003554,-0.002269,0.018324,-0.022105,-0.737218,0.047159,0.042893,-0.072399,-0.362927,0.717114,-0.595004,-0.817113,-0.551848,-0.166697,-0.447893,0.425687,0.786244,-0.000341,-0.000597,-0.000556,-2.048512,1.286944,-1.418126,-0.319415
618,0.019858,0.036467,0.338467,-0.305398,0.734086,-0.606544,-0.878192,-0.463325,-0.118665,-0.367765,0.495507,0.786924,-0.000938,-0.001632,-0.001528,-0.754959,0.238348,-0.762368,0.351543,-0.146613,0.05799,0.305186,0.585368,0.738477,0.334647,-0.789688,0.426148,0.441277,0.182531,-0.523502,0.832161,-0.000771,0.005453,-0.012023,0.034432,0.007217,-0.004782,-1.390368,0.020089,0.047586,-0.030278,-0.499211,-0.791567,0.352432,0.847435,-0.36122,0.389065,-0.180666,0.492889,0.851127,0.000267,-0.002819,-0.002348,-1e-06,1.6e-05,1.9e-05,-0.735912,0.04719,0.042918,-0.072454,-0.367937,0.717059,-0.591986,-0.820322,-0.550085,-0.15645,-0.437826,0.428056,0.790616,0.006992,0.00219,-0.006304,-2.016917,1.378447,-1.561183,-0.171474
619,0.020133,0.036638,0.338135,-0.29338,0.742322,-0.602438,-0.891698,-0.439634,-0.107558,-0.344338,0.504712,0.791659,0.01443,0.005184,-0.01186,0.036768,0.172031,-0.293946,0.448424,-0.146613,0.057971,0.305058,0.585288,0.738465,0.334814,-0.789805,0.426167,0.441048,0.182279,-0.523504,0.832215,5.3e-05,-0.000572,-0.000477,0.0,0.0,0.0,-1.40559,0.020089,0.047572,-0.030352,-0.49911,-0.791548,0.352619,0.847555,-0.361221,0.388802,-0.180382,0.492919,0.85117,1.7e-05,-0.000152,-0.000127,3e-06,-3e-06,1.9e-05,-0.735259,0.047315,0.042998,-0.072613,-0.357389,0.72503,-0.58873,-0.836786,-0.528543,-0.142937,-0.414803,0.441557,0.795591,0.000702,0.004701,-0.004773,0.044022,0.205555,-0.299774,0.134532
620,0.020673,0.036695,0.337757,-0.276245,0.74786,-0.603689,-0.902163,-0.41828,-0.105435,-0.331025,0.514568,0.790993,0.011929,-0.006158,-0.004132,-0.299516,-0.06757,0.42271,0.485807,-0.146636,0.058012,0.305082,0.585246,0.73847,0.334875,-0.789846,0.426132,0.44101,0.182239,-0.523525,0.83221,-0.000181,0.001935,0.001613,0.0,0.0,0.0,-1.405951,0.020077,0.047594,-0.030339,-0.499065,-0.79155,0.352677,0.84759,-0.361183,0.388762,-0.180344,0.492944,0.851164,-0.006404,0.000602,0.001151,0.000232,-0.00312,-0.007115,-0.735095,0.047591,0.043033,-0.072809,-0.341566,0.732263,-0.589171,-0.84913,-0.509145,-0.140526,-0.402875,0.452285,0.795694,0.012252,-0.005595,-0.003618,-1.005511,-0.082457,1.219128,0.395471
621,0.021016,0.036634,0.337564,-0.269277,0.748444,-0.606107,-0.90366,-0.413918,-0.109737,-0.332683,0.517233,0.788555,0.014029,0.004514,-0.012496,0.032807,-0.039257,0.042084,0.501419,-0.146631,0.058065,0.305137,0.585275,0.738468,0.334829,-0.789816,0.426152,0.441043,0.182275,-0.523511,0.832211,-0.000331,0.003541,0.00295,0.0,0.0,0.0,-1.40657,0.02008,0.047619,-0.030312,-0.499096,-0.79155,0.352633,0.847564,-0.361207,0.388797,-0.180379,0.492927,0.851167,-0.000212,0.002255,0.001877,-0.013392,0.108121,-0.130591,-0.735095,0.047763,0.042999,-0.072902,-0.334259,0.733895,-0.591327,-0.851261,-0.504372,-0.144784,-0.404505,0.454979,0.793328,0.00575,-0.003465,-0.002437,0.001491,0.099012,-0.140491,0.445438
622,0.021696,0.036592,0.337221,-0.249368,0.750988,-0.611456,-0.909233,-0.398842,-0.119132,-0.333038,0.525313,0.783045,0.012671,-0.004849,-0.00292,0.000281,-0.014893,0.030522,0.518802,-0.146629,0.058248,0.305325,0.584822,0.740615,0.330854,-0.789694,0.426956,0.440484,0.184237,-0.519807,0.834099,-0.000525,0.005622,0.004674,0.003282,-0.019324,0.021191,-1.406723,0.020081,0.047715,-0.030215,-0.498627,-0.793655,0.348543,0.847521,-0.362011,0.388143,-0.181875,0.488936,0.853148,-0.000272,0.002884,0.002398,-0.007155,-0.011592,0.022486,-0.735095,0.048101,0.042978,-0.073079,-0.314589,0.73872,-0.596092,-0.858199,-0.489688,-0.153941,-0.405619,0.463138,0.78802,0.013902,0.000801,-0.006811,0.026586,-0.049503,0.070207,0.496711
623,0.022376,0.03668,0.336764,-0.236063,0.752677,-0.614652,-0.912995,-0.388324,-0.124965,-0.332457,0.530738,0.779627,0.01435,0.00513,-0.011933,0.032847,-0.039192,0.04211,0.519486,-0.146663,0.058506,0.305528,0.583527,0.742215,0.329552,-0.790696,0.427063,0.43858,0.18405,-0.517429,0.835617,-0.000665,0.007115,0.005902,0.003283,-0.019325,0.02119,-1.406905,0.020064,0.047844,-0.030113,-0.49724,-0.79513,0.347158,0.848437,-0.36197,0.386174,-0.181398,0.486564,0.854605,-0.000342,0.003634,0.003014,-0.007886,-0.012995,0.023812,-0.72987,0.048442,0.043021,-0.073303,-0.301522,0.741919,-0.598865,-0.862941,-0.479465,-0.159517,-0.405484,0.468687,0.784802,0.007106,0.002425,-0.006106,0.031081,-0.036674,0.039424,0.510917
624,0.022732,0.036766,0.336486,-0.234945,0.752589,-0.615188,-0.912972,-0.388015,-0.126092,-0.333313,0.531088,0.779022,0.014121,0.00474,-0.012301,0.032854,-0.039182,0.042112,0.519473,-0.146732,0.058635,0.305641,0.583575,0.742236,0.329421,-0.790648,0.427134,0.438597,0.184105,-0.517341,0.83566,-0.000628,0.006735,0.00558,0.002286,-0.018335,0.022113,-1.407362,0.020029,0.047911,-0.030055,-0.497324,-0.795119,0.347065,0.848368,-0.362022,0.386276,-0.181491,0.486543,0.854596,-0.000318,0.003374,0.002796,0.000863,-0.017204,0.023,-0.728564,0.04862,0.043065,-0.073441,-0.300427,0.741962,-0.599362,-0.862917,-0.479143,-0.160609,-0.406346,0.468949,0.784199,0.007008,0.002258,-0.006265,0.03381,-0.022938,0.016867,0.513203
625,0.023621,0.037272,0.33573,-0.234237,0.745093,-0.624511,-0.913056,-0.389151,-0.121911,-0.333581,0.54073,0.772245,0.032325,0.023844,-0.029483,-0.160163,-0.563289,-0.211653,0.520123,-0.146907,0.058883,0.305862,0.582063,0.743884,0.328376,-0.791819,0.426982,0.436627,0.183861,-0.515092,0.837102,-0.000577,0.006213,0.005133,0.002373,-0.018424,0.022031,-1.407832,0.019942,0.048032,-0.029947,-0.495699,-0.796633,0.345915,0.849433,-0.361717,0.384219,-0.180958,0.484288,0.855989,-0.006581,0.002683,0.002861,-0.004083,-0.000381,-0.005662,-0.727747,0.049046,0.043303,-0.073806,-0.298535,0.736389,-0.60713,-0.862919,-0.480032,-0.15792,-0.407733,0.47676,0.77875,0.008656,0.008713,-0.009389,0.017732,-0.148961,-0.003818,0.514836
626,0.024803,0.038324,0.334585,-0.234782,0.73159,-0.640078,-0.912847,-0.392176,-0.113494,-0.333771,0.556736,0.760704,0.034733,0.035353,-0.037,-0.11742,-0.572124,-0.19166,0.5202,-0.147195,0.059117,0.306057,0.582028,0.74663,0.322145,-0.790945,0.428146,0.43707,0.187676,-0.510123,0.839295,-0.000623,0.006779,0.005588,0.004946,-0.020984,0.019645,-1.408021,0.019797,0.04815,-0.029849,-0.495751,-0.799333,0.339554,0.848714,-0.363002,0.384595,-0.184161,0.478848,0.858364,-0.006555,0.0025,0.002704,-0.012369,0.007304,-0.008673,-0.727911,0.049648,0.043832,-0.074382,-0.297499,0.722063,-0.624593,-0.862629,-0.483631,-0.148226,-0.409102,0.494696,0.766753,0.017395,0.017688,-0.018507,-0.19385,-0.606544,-0.454644,0.516142
627,0.026582,0.04002,0.332766,-0.235395,0.709618,-0.664136,-0.912466,-0.396602,-0.100429,-0.334379,0.581478,0.741688,0.052014,0.05338,-0.055066,-0.30071,-1.095836,-0.45805,0.519722,-0.147851,0.059426,0.306264,0.585255,0.748111,0.312727,-0.787988,0.43414,0.436499,0.190049,-0.502827,0.843154,-0.025703,0.004997,0.00664,0.009884,0.000445,-0.047217,-1.407889,0.019469,0.048306,-0.029744,-0.499332,-0.80101,0.330226,0.846293,-0.369264,0.383967,-0.185621,0.471195,0.862275,-0.012856,0.002509,0.003339,-0.017931,0.021433,-0.044525,-0.724971,0.05053,0.044673,-0.075285,-0.294934,0.702497,-0.647696,-0.862032,-0.488042,-0.136801,-0.412205,0.517988,0.749516,0.024886,0.0211,-0.023648,-0.14837,-0.733946,-0.238595,0.516306
628,0.027788,0.041152,0.331549,-0.234562,0.699018,-0.675574,-0.911994,-0.398768,-0.096036,-0.336244,0.592723,0.731879,0.067004,0.060366,-0.065179,-0.127806,-0.782725,-0.42003,0.519829,-0.148419,0.059608,0.306322,0.58757,0.748993,0.306205,-0.78621,0.439248,0.434591,0.190269,-0.497035,0.846533,-0.038052,0.002282,0.005652,0.070499,-0.046669,-0.134554,-1.40827,0.01921,0.048394,-0.029714,-0.502204,-0.801848,0.323775,0.844707,-0.374739,0.382152,-0.185097,0.465413,0.865522,-0.018973,0.000504,0.00232,0.082788,-0.041835,-0.186732,-0.725298,0.051128,0.045236,-0.075889,-0.292833,0.691387,-0.660478,-0.861495,-0.490455,-0.131451,-0.414818,0.530506,0.739248,0.032385,0.024569,-0.028742,-0.179885,-0.900068,-0.290547,0.515653
629,0.030609,0.043726,0.32882,-0.236956,0.676194,-0.697609,-0.91119,-0.403729,-0.081909,-0.336744,0.615404,0.712677,0.081977,0.06822,-0.074363,-0.084961,-0.918138,-0.214219,0.511067,-0.149914,0.059862,0.306247,0.60133,0.744169,0.290872,-0.776526,0.458897,0.431688,0.187015,-0.486392,0.853411,-0.038839,0.008601,-0.005612,0.259665,-0.194377,-0.283585,-1.408416,0.018437,0.048533,-0.029746,-0.517524,-0.797736,0.30949,0.836398,-0.395292,0.379713,-0.180572,0.455368,0.871798,-0.019399,0.00406,-0.002975,0.297836,-0.206902,-0.299554,-0.725788,0.052532,0.04652,-0.07725,-0.292543,0.668903,-0.683364,-0.860462,-0.495889,-0.117038,-0.41716,0.553771,0.720634,0.041041,0.034085,-0.037247,-0.203706,-1.045348,-0.539848,0.511244
630,0.034195,0.046559,0.32571,-0.249904,0.657572,-0.710769,-0.910351,-0.409588,-0.058931,-0.329571,0.631503,0.701865,0.09493,0.066102,-0.074694,-0.091609,-0.818602,-0.381573,0.504642,-0.151751,0.059773,0.305828,0.619697,0.736441,0.271333,-0.763969,0.487151,0.423047,0.178593,-0.470378,0.864125,-0.05032,-0.00559,-0.016076,0.340088,-0.309439,-0.221493,-1.407778,0.017536,0.048503,-0.02994,-0.537655,-0.791314,0.291114,0.82584,-0.424596,0.371086,-0.17004,0.439931,0.881785,-0.01889,-0.002346,-0.008249,0.452642,-0.358996,-0.142267,-0.737055,0.054319,0.047935,-0.078806,-0.302956,0.65003,-0.696906,-0.859558,-0.502179,-0.094737,-0.411554,0.57033,0.710876,0.048767,0.038851,-0.041045,-0.114192,-0.886196,-0.439654,0.50063
631,0.036139,0.047953,0.324168,-0.263036,0.65394,-0.70938,-0.909398,-0.41355,-0.044102,-0.321884,0.632694,0.704355,0.107564,0.06286,-0.076231,-0.400753,0.06008,-0.754109,0.503699,-0.152693,0.059528,0.305437,0.62666,0.734433,0.26057,-0.759393,0.500758,0.415329,0.173763,-0.459069,0.871163,-0.049805,-0.013474,-0.02263,0.352178,-0.723659,-0.084148,-1.407577,0.017065,0.048388,-0.030129,-0.545491,-0.789531,0.281209,0.821991,-0.438482,0.363405,-0.163615,0.429386,0.888176,-0.024243,-0.013005,-0.008226,0.202001,-1.228556,0.036155,-0.74228,0.055286,0.048634,-0.079576,-0.31509,0.644201,-0.696937,-0.858488,-0.50654,-0.080084,-0.404617,0.573079,0.712645,0.048776,0.039384,-0.040496,-1.507365,1.156821,-1.864496,0.496874
632,0.040009,0.050668,0.321342,-0.277847,0.661896,-0.696233,-0.916607,-0.399506,-0.014087,-0.287136,0.633434,0.718569,0.095914,0.071032,-0.069904,-2.367789,2.005108,-0.593608,0.49543,-0.154139,0.058566,0.304369,0.638128,0.733011,0.235539,-0.750809,0.525013,0.400726,0.169276,-0.433483,0.885043,-0.022946,-0.034061,-0.02589,0.485657,-0.616632,-0.270891,-1.408419,0.016332,0.04791,-0.030666,-0.558653,-0.788634,0.256829,0.814501,-0.46322,0.349305,-0.156506,0.404328,0.901123,-0.01835,-0.011718,-0.016145,0.712283,-0.782409,-0.356226,-0.751588,0.057225,0.049987,-0.080993,-0.3306,0.648354,-0.685813,-0.866977,-0.495756,-0.050747,-0.372898,0.577808,0.726005,0.048191,0.035916,-0.034704,-3.556699,0.104369,3.646242,0.490996
633,0.043514,0.053016,0.319015,-0.279088,0.679365,-0.678689,-0.9268,-0.375483,0.00518,-0.250978,0.629609,0.735276,0.078666,0.053641,-0.051361,-0.105289,0.361133,-0.184095,0.480445,-0.154588,0.057655,0.303333,0.655788,0.726047,0.206854,-0.737107,0.556901,0.382711,0.161847,-0.404368,0.900086,0.001741,-0.026115,-0.021958,1.7725,1.229138,4.838185,-1.408167,0.0161,0.047421,-0.03121,-0.576986,-0.783938,0.229188,0.803503,-0.49448,0.331467,-0.146521,0.375406,0.915205,0.000906,-0.012948,-0.01097,1.661663,1.285816,4.847771,-0.766774,0.058985,0.05117,-0.082161,-0.33491,0.666356,-0.666185,-0.88095,-0.472286,-0.029529,-0.334307,0.576987,0.7452,0.039226,0.026488,-0.026044,-0.899606,0.380397,0.665514,0.476136
634,0.046332,0.054386,0.317445,-0.285205,0.693307,-0.661837,-0.931669,-0.36263,0.021531,-0.224727,0.621891,0.750184,0.058536,0.022365,-0.027919,0.039568,0.472103,-0.524539,0.458447,-0.1539,0.057069,0.302762,0.679397,0.710884,0.181806,-0.7172,0.591313,0.368655,0.153715,-0.381754,0.911317,0.025857,-0.006373,-0.007897,0.532293,0.16448,1.680971,-1.408946,0.016427,0.047109,-0.031509,-0.598547,-0.774251,0.205611,0.78928,-0.526066,0.316686,-0.137029,0.351836,0.925977,0.012944,-0.003272,-0.00402,0.293178,-0.62827,0.258131,-0.789798,0.060403,0.051868,-0.082954,-0.342433,0.679173,-0.649201,-0.887758,-0.460122,-0.013101,-0.30761,0.571847,0.760503,0.035696,0.009466,-0.014963,-0.191102,0.443498,-0.206083,0.4505
635,0.047519,0.054629,0.317009,-0.296102,0.696943,-0.653177,-0.928642,-0.37002,0.026083,-0.22315,0.613423,0.757591,0.05421,-0.000195,-0.013087,0.067756,0.291747,-0.333033,0.451374,-0.153313,0.05702,0.302737,0.688462,0.703719,0.175474,-0.7094,0.603375,0.364175,0.149536,-0.376092,0.914361,0.039221,-0.009569,0.004836,0.187419,-0.196715,0.744845,-1.408939,0.016725,0.047081,-0.03153,-0.612475,-0.764785,0.199942,0.779658,-0.542711,0.312404,-0.130411,0.347227,0.928669,0.01894,0.002046,-0.000171,0.375769,0.366191,1.68019,-0.798452,0.061018,0.051997,-0.083184,-0.354211,0.681571,-0.640307,-0.883928,-0.467542,-0.008694,-0.305296,0.562906,0.768068,0.027157,-4e-05,-0.006535,0.0523,0.265922,-0.347949,0.43809
636,0.049501,0.054467,0.316795,-0.292188,0.712122,-0.638399,-0.933664,-0.356927,0.029099,-0.206784,0.603666,0.769971,0.051614,-0.01928,0.00488,0.004451,0.216877,-0.165164,0.431609,-0.151514,0.057173,0.303061,0.701579,0.691093,0.173689,-0.69929,0.621194,0.353616,0.135607,-0.370424,0.918836,0.051066,0.002142,0.013417,0.271031,-0.437793,0.042815,-1.409255,0.01762,0.04716,-0.031365,-0.628111,-0.751999,0.199932,0.769417,-0.561901,0.303751,-0.116078,0.344621,0.931537,0.025488,0.001739,0.007249,0.474618,-0.57202,-0.006809,-0.809882,0.061973,0.051924,-0.0833,-0.351826,0.696756,-0.625099,-0.890513,-0.454919,-0.005859,-0.288451,0.554597,0.780523,0.020691,-0.001839,8e-05,0.019078,0.296309,-0.359377,0.412943
637,0.05074,0.053825,0.317265,-0.289393,0.720824,-0.629849,-0.936444,-0.349472,0.030229,-0.197972,0.597669,0.776934,0.0254,-0.020942,0.018734,-0.05131,0.128797,-0.095367,0.422043,-0.149167,0.057443,0.303699,0.703185,0.691859,0.163869,-0.697294,0.626351,0.348423,0.137538,-0.360146,0.922627,0.075634,0.011431,0.01855,0.086719,-0.206282,0.116872,-1.409471,0.018812,0.047301,-0.031037,-0.629652,-0.753497,0.189156,0.768082,-0.567257,0.297098,-0.116563,0.332356,0.935923,0.037784,0.006142,0.009597,0.045178,-0.183752,0.1218,-0.814128,0.062628,0.051591,-0.08306,-0.350555,0.705317,-0.616147,-0.89401,-0.448025,-0.00422,-0.279026,0.549363,0.787619,0.012777,-0.010306,0.009495,-0.070611,0.10347,-0.113122,0.392532
638,0.051147,0.053328,0.317703,-0.289398,0.723271,-0.627036,-0.936676,-0.348888,0.029788,-0.196868,0.595049,0.779222,0.010438,-0.02927,0.027727,-0.087438,0.053497,0.025786,0.425106,-0.147785,0.057812,0.304051,0.705541,0.692018,0.15269,-0.69454,0.632749,0.342311,0.139385,-0.34844,0.926835,0.073804,0.02732,0.01515,0.572757,-0.589335,-0.221585,-1.409624,0.019503,0.047487,-0.03086,-0.633913,-0.752408,0.178985,0.764429,-0.574394,0.292777,-0.11748,0.322417,0.939279,0.036863,0.0141,0.007891,0.532185,-0.565562,-0.219786,-0.818374,0.062833,0.051345,-0.082839,-0.350899,0.707669,-0.613248,-0.894281,-0.447479,-0.004673,-0.277723,0.546777,0.789875,0.005243,-0.01457,0.013904,-0.108441,0.026206,0.007138,0.389919
639,0.051647,0.051789,0.318903,-0.285524,0.728089,-0.623223,-0.93853,-0.344018,0.027991,-0.193673,0.592,0.782339,0.00539,-0.054201,0.04059,-0.153624,0.098961,-0.001203,0.426117,-0.144825,0.059031,0.3048,0.712557,0.688901,0.132923,-0.686617,0.646042,0.333349,0.142876,-0.329671,0.933149,0.071191,0.046926,0.014674,0.465579,-0.488995,-0.059881,-1.410116,0.02093,0.048066,-0.030498,-0.641977,-0.749839,0.160019,0.757447,-0.587874,0.284038,-0.118912,0.303552,0.945365,0.036299,0.017666,0.010739,0.044635,-0.183357,0.165102,-0.821313,0.06308,0.050615,-0.082264,-0.347635,0.712689,-0.609281,-0.896534,-0.442924,-0.006567,-0.274546,0.543959,0.792926,0.00368,-0.021459,0.016537,-0.146778,-0.068133,0.155053,0.391878
640,0.051987,0.049728,0.320414,-0.277743,0.731563,-0.622672,-0.940954,-0.337721,0.022848,-0.193236,0.591341,0.782945,0.018467,-0.057241,0.039114,-0.145699,0.09438,0.036049,0.413019,-0.1423,0.06089,0.305608,0.723398,0.679365,0.123086,-0.675523,0.659897,0.328844,0.141273,-0.321894,0.936103,0.0572,0.053361,0.020978,0.058122,-0.145188,0.226784,-1.410471,0.022246,0.049027,-0.030079,-0.652944,-0.742426,0.149887,0.748412,-0.602026,0.278282,-0.116368,0.29388,0.948731,0.028551,0.027131,0.010815,0.028417,-0.127636,0.233929,-0.821313,0.063247,0.049568,-0.081497,-0.3403,0.716974,-0.608394,-0.899507,-0.436752,-0.011567,-0.274011,0.543319,0.79355,0.002901,-0.026733,0.020701,-0.176972,-0.031075,0.146973,0.38502
641,0.052467,0.047412,0.322336,-0.263463,0.733348,-0.626765,-0.943135,-0.332281,0.00758,-0.202383,0.592208,0.779973,0.006796,-0.05868,0.054659,-0.146472,0.23985,-0.116673,0.378312,-0.140208,0.063228,0.306513,0.72722,0.67622,0.117769,-0.67118,0.664907,0.327644,0.142341,-0.318171,0.937214,0.043239,0.059271,0.026695,0.040368,-0.03643,0.092648,-1.410603,0.023276,0.050173,-0.029638,-0.657452,-0.739407,0.14503,0.74434,-0.607406,0.277515,-0.117105,0.290404,0.94971,0.021621,0.029648,0.013323,0.038128,-0.016299,0.075436,-0.823762,0.06348,0.048422,-0.080565,-0.326045,0.720415,-0.612124,-0.901876,-0.431146,-0.027041,-0.283396,0.543244,0.790299,0.003291,-0.029518,0.027157,-0.039778,-0.04599,0.113995,0.354158
642,0.052714,0.046339,0.323395,-0.255962,0.73477,-0.628205,-0.943923,-0.330119,-0.001601,-0.208248,0.591653,0.778849,0.00861,-0.054829,0.058216,-0.072199,0.269519,-0.044225,0.350899,-0.139388,0.064466,0.307037,0.726925,0.676861,0.115889,-0.671601,0.665813,0.324928,0.141858,-0.314889,0.938394,0.042583,0.062047,0.028681,0.250147,-0.198572,-0.066252,-1.410311,0.023702,0.050816,-0.029364,-0.657859,-0.739369,0.143364,0.744108,-0.608691,0.275313,-0.116293,0.287796,0.950604,0.021247,0.031352,0.014566,0.332541,-0.241104,-0.070297,-0.819353,0.063614,0.047842,-0.080001,-0.318835,0.722722,-0.6132,-0.902709,-0.428746,-0.035957,-0.288894,0.542078,0.789107,0.00443,-0.027084,0.0294,-0.105436,0.244512,-0.071492,0.325256
643,0.053263,0.044294,0.325934,-0.244194,0.738597,-0.628402,-0.945022,-0.326537,-0.016651,-0.217199,0.588868,0.778515,0.013189,-0.044894,0.067197,-0.136225,0.162259,0.086718,0.320505,-0.138223,0.066709,0.308187,0.727767,0.676042,0.115386,-0.67193,0.669466,0.316638,0.1359,-0.308828,0.941286,0.029778,0.060275,0.028027,0.502049,-0.378344,-0.287983,-1.41089,0.024284,0.051946,-0.028783,-0.659485,-0.737919,0.143369,0.743655,-0.612578,0.267814,-0.1098,0.283236,0.952744,0.014868,0.030206,0.014037,0.464365,-0.359564,-0.285361,-0.822946,0.063881,0.046831,-0.078761,-0.307515,0.727878,-0.612883,-0.903787,-0.424912,-0.051162,-0.297662,0.538183,0.788514,0.005867,-0.027509,0.037928,-0.200932,0.258511,-0.092792,0.266798
644,0.054114,0.042688,0.328608,-0.231838,0.743498,-0.627301,-0.946728,-0.320577,-0.030151,-0.223234,0.585968,0.778996,0.028527,-0.042763,0.069996,-0.094613,0.19258,0.182406,0.320487,-0.13761,0.068342,0.309487,0.721229,0.684156,0.108401,-0.67912,0.667841,0.304498,0.135024,-0.294099,0.946117,0.007278,0.040034,0.030105,0.288068,-0.301071,-0.09154,-1.410325,0.024589,0.052772,-0.028126,-0.651915,-0.74619,0.134927,0.750731,-0.610054,0.253445,-0.106805,0.266518,0.957893,0.003647,0.019831,0.014893,0.260671,-0.288488,-0.095414,-0.823599,0.064303,0.046032,-0.07742,-0.295992,0.733723,-0.611587,-0.905798,-0.418832,-0.064092,-0.303179,0.535004,0.788576,0.015333,-0.015389,0.031461,-0.053222,0.198452,0.207501,0.248999
645,0.054684,0.042069,0.329829,-0.227783,0.743392,-0.628911,-0.947937,-0.316869,-0.031303,-0.222277,0.588113,0.777652,0.032481,-0.019742,0.054907,-0.129804,-0.001366,0.102494,0.329,-0.13754,0.068955,0.310057,0.715315,0.690871,0.10494,-0.685995,0.665912,0.293097,0.131714,-0.282522,0.950103,-0.002615,0.020722,0.031979,0.402447,-0.375683,-0.277281,-1.410562,0.024623,0.053085,-0.027836,-0.645915,-0.752058,0.131152,0.756526,-0.60756,0.241944,-0.102273,0.255496,0.961385,-0.00128,0.010018,0.015714,0.413408,-0.386421,-0.284942,-0.823599,0.064588,0.045719,-0.0768,-0.291928,0.734158,-0.613016,-0.907408,-0.415177,-0.065102,-0.302306,0.537251,0.787383,0.015301,-0.015418,0.031372,-0.183557,-0.110392,0.236909,0.249652
646,0.056119,0.041273,0.331848,-0.227543,0.742579,-0.629957,-0.946656,-0.320225,-0.035623,-0.227905,0.587323,0.776619,0.046304,-0.013486,0.043451,-0.003432,-0.035786,0.027927,0.351079,-0.137874,0.06968,0.310964,0.704585,0.70274,0.09853,-0.698199,0.662001,0.27241,0.125322,-0.261623,0.956928,-0.013267,0.007672,0.02292,0.336296,-0.292683,-0.280381,-1.410663,0.02446,0.053451,-0.027387,-0.634388,-0.762997,0.124043,0.767311,-0.602091,0.220722,-0.093725,0.235203,0.967416,-0.000547,0.004378,0.011256,0.438278,-0.504188,-0.152365,-0.819843,0.065303,0.045325,-0.07578,-0.291603,0.733326,-0.614165,-0.905721,-0.418173,-0.069275,-0.307628,0.536062,0.78613,0.023006,-0.007005,0.02148,0.215359,-0.029596,-0.250462,0.268431
647,0.057988,0.041167,0.333073,-0.226501,0.739924,-0.633447,-0.946638,-0.320272,-0.035701,-0.229017,0.590638,0.773773,0.047667,0.004337,0.023596,-0.039164,-0.082451,0.138189,0.35622,-0.138414,0.069933,0.31167,0.696953,0.711651,0.088319,-0.705875,0.65935,0.258711,0.125005,-0.243557,0.961726,-0.014076,0.013947,0.011922,0.119622,-0.110139,-0.072103,-1.410624,0.024192,0.053568,-0.027035,-0.625743,-0.771833,0.112772,0.774638,-0.597924,0.205965,-0.091541,0.216239,0.972038,-0.00616,0.000159,0.008598,0.030133,-0.191097,0.052859,-0.820496,0.06624,0.045272,-0.075154,-0.290427,0.730633,-0.61792,-0.905642,-0.418382,-0.06904,-0.30897,0.539564,0.783202,0.023763,0.002053,0.011675,-0.02398,-0.060133,0.152102,0.287372
648,0.060075,0.041475,0.333651,-0.227456,0.737659,-0.635742,-0.946166,-0.321751,-0.034895,-0.230016,0.592663,0.771926,0.059389,0.006298,0.008504,-0.003515,-0.101687,0.158612,0.337286,-0.138994,0.069926,0.312265,0.690243,0.718558,0.085036,-0.713033,0.655743,0.248032,0.121598,-0.23275,0.964834,-0.013598,0.010429,0.009176,0.380646,-0.291794,-0.289698,-1.410273,0.023902,0.053561,-0.02674,-0.619652,-0.777102,0.110198,0.779956,-0.593971,0.197143,-0.087746,0.20811,0.974161,-0.006016,-0.000891,0.007772,0.353246,-0.316168,-0.326538,-0.825395,0.06728,0.045429,-0.074857,-0.291126,0.728354,-0.620278,-0.905029,-0.419841,-0.068219,-0.310106,0.54151,0.781409,0.023319,0.004858,0.005266,0.011767,-0.08244,0.168162,0.278228
649,0.060965,0.041602,0.33379,-0.231857,0.735291,-0.636894,-0.944852,-0.325855,-0.032315,-0.231015,0.593363,0.771089,0.044753,0.005466,0.006929,-0.008212,-0.077309,0.10067,0.331496,-0.139133,0.069946,0.312588,0.686945,0.721045,0.090513,-0.717584,0.653636,0.240349,0.113279,-0.230975,0.966272,-0.000149,0.001833,0.017044,0.297864,-0.252168,-0.2416,-1.410175,0.023828,0.053567,-0.026587,-0.615684,-0.779506,0.115333,0.784025,-0.591319,0.188801,-0.078973,0.206666,0.975218,-0.006188,0.000547,0.008854,0.486773,-0.37088,-0.29916,-0.824415,0.067749,0.045498,-0.074782,-0.295119,0.725533,-0.621695,-0.90337,-0.423792,-0.065746,-0.311171,0.542218,0.780494,0.022226,0.002398,0.003152,0.013633,-0.0498,0.121065,0.267778
650,0.062522,0.041594,0.333942,-0.235032,0.738447,-0.632061,-0.945992,-0.323116,-0.025817,-0.223009,0.590937,0.775298,0.039281,-0.014395,0.007385,-0.027581,0.07433,-0.065126,0.333359,-0.139123,0.070106,0.313375,0.682591,0.723788,0.100952,-0.724008,0.651282,0.227109,0.097776,-0.229033,0.968425,0.011369,0.007984,0.020428,1.309717,2.150254,-0.511897,-1.410283,0.023834,0.053643,-0.026191,-0.609812,-0.782808,0.123849,0.789979,-0.587806,0.174401,-0.063723,0.20419,0.976854,0.005654,0.004132,0.01032,1.256351,2.175097,-0.504858,-0.827518,0.068513,0.045501,-0.074707,-0.298602,0.728411,-0.616646,-0.904956,-0.421327,-0.059478,-0.303134,0.540278,0.784989,0.013936,-0.000409,0.00038,0.00667,-0.050302,0.087031,0.261409
651,0.063574,0.041105,0.333942,-0.240312,0.74061,-0.627528,-0.944761,-0.326834,-0.024018,-0.222595,0.586171,0.779026,0.022815,-0.020148,0.001807,0.110311,0.218362,0.202334,0.343049,-0.138973,0.070324,0.314374,0.67553,0.730787,0.097984,-0.730639,0.645895,0.221181,0.097504,-0.221936,0.970103,0.012078,0.002636,0.031864,0.073942,-0.153928,-0.042329,-1.410899,0.023906,0.053744,-0.025708,-0.602571,-0.788774,0.121416,0.795652,-0.581936,0.168187,-0.062005,0.197949,0.978248,-0.000808,0.006657,0.012769,0.13804,-0.175602,-0.072433,-0.830784,0.069053,0.04525,-0.074705,-0.304433,0.729374,-0.612644,-0.903334,-0.425103,-0.057218,-0.302171,0.536003,0.788284,0.011204,-0.01056,0.000476,0.166831,0.296954,0.253882,0.268431
652,0.063891,0.040692,0.333929,-0.239716,0.740798,-0.627534,-0.945037,-0.32604,-0.02397,-0.222068,0.586375,0.779023,0.008409,-0.020957,0.000389,-0.032418,-0.085297,0.158592,0.34751,-0.138828,0.0705,0.31499,0.668924,0.73691,0.097442,-0.736841,0.640374,0.216611,0.096387,-0.217634,0.971189,0.011592,0.006357,0.034561,0.041619,-0.028624,-0.228915,-1.410611,0.023979,0.05383,-0.025402,-0.595566,-0.794271,0.12014,0.801033,-0.575961,0.163132,-0.060376,0.193392,0.979261,-0.00031,0.002892,0.01767,0.044108,-0.170518,-0.221055,-0.831926,0.069212,0.045044,-0.074712,-0.303586,0.730231,-0.612042,-0.903723,-0.42419,-0.057838,-0.301858,0.535559,0.788706,0.004024,-0.010915,-0.000186,-0.043266,-0.101549,0.149298,0.274309
653,0.064281,0.039577,0.333908,-0.247067,0.738354,-0.627564,-0.941852,-0.335156,-0.023609,-0.227464,0.584321,0.77901,0.004912,-0.03674,0.004357,-0.067305,-0.06637,0.142481,0.357244,-0.138487,0.071029,0.316455,0.654926,0.749787,0.094251,-0.749617,0.629093,0.205546,0.094004,-0.206224,0.973908,-0.001428,0.012274,0.039866,0.062037,-0.159143,-0.084664,-1.410654,0.02415,0.054086,-0.024686,-0.580698,-0.805797,0.116103,0.81214,-0.563431,0.151569,-0.056717,0.182308,0.981603,0.005256,0.007049,0.020025,0.051805,-0.299695,-0.534971,-0.836825,0.069402,0.044495,-0.074728,-0.310794,0.726871,-0.612425,-0.899528,-0.433061,-0.057495,-0.307009,0.533025,0.788434,0.00311,-0.013226,-0.002127,-0.031934,0.023568,-0.008929,0.285739
654,0.064424,0.03816,0.333946,-0.25023,0.737435,-0.627392,-0.940712,-0.338409,-0.022654,-0.228717,0.583608,0.779177,0.003554,-0.040255,0.001367,-0.064666,0.061625,-0.04554,0.358157,-0.138333,0.071562,0.318137,0.642042,0.761391,0.089763,-0.760582,0.618115,0.198449,0.094811,-0.196654,0.975808,0.009596,0.021155,0.04482,0.392916,-0.435788,-0.266772,-1.410882,0.024227,0.054353,-0.023833,-0.568073,-0.815343,0.111839,0.820969,-0.551941,0.146182,-0.057459,0.174858,0.982915,-0.000427,0.003796,0.025729,-0.105156,-0.101771,-0.121156,-0.838622,0.069474,0.043786,-0.07471,-0.313691,0.725622,-0.612429,-0.898111,-0.436098,-0.056681,-0.308209,0.532249,0.78849,-0.004573,-0.01833,0.001823,-0.068478,-0.035301,0.089823,0.291781
655,0.064326,0.036612,0.33412,-0.249326,0.738061,-0.627015,-0.94162,-0.335972,-0.021133,-0.225954,0.584222,0.779523,0.004257,-0.038679,0.002672,-0.067341,-0.065974,0.143063,0.3539,-0.138158,0.07236,0.320205,0.633538,0.768743,0.087494,-0.768021,0.611427,0.190353,0.092045,-0.188771,0.977628,0.009738,0.019777,0.058488,0.031841,-0.074676,-0.145845,-1.411086,0.024317,0.054737,-0.022827,-0.558122,-0.822727,0.107793,0.828064,-0.543965,0.135685,-0.052996,0.164989,0.98487,0.004841,0.009862,0.029248,0.082248,-0.235632,-0.028421,-0.838458,0.069422,0.043003,-0.07463,-0.31301,0.726325,-0.611943,-0.899274,-0.433907,-0.055031,-0.305497,0.53308,0.788984,-0.005288,-0.023667,0.005963,-0.099179,0.097971,-0.088771,0.289985
656,0.06419,0.035858,0.334251,-0.247702,0.737682,-0.628103,-0.941903,-0.335108,-0.022201,-0.226559,0.585195,0.778617,-0.010138,-0.046272,0.012826,-0.099037,0.097808,-0.089134,0.357223,-0.138088,0.072878,0.321275,0.631578,0.770231,0.088573,-0.770177,0.61044,0.184727,0.087425,-0.185867,0.978608,0.009243,0.023242,0.060589,-0.01223,-0.153801,0.051825,-1.411083,0.02435,0.055009,-0.022271,-0.555691,-0.824264,0.108607,0.830001,-0.542466,0.129722,-0.04801,0.162229,0.985583,-0.00223,0.01743,0.027419,-0.024854,-0.131455,0.037479,-0.838621,0.069359,0.042629,-0.074569,-0.311121,0.726165,-0.613096,-0.899673,-0.432927,-0.056221,-0.306252,0.534095,0.788004,-0.004039,-0.017036,0.002904,-0.069685,-0.04978,0.112927,0.290148
657,0.063873,0.034518,0.334611,-0.249191,0.735441,-0.63014,-0.940366,-0.339263,-0.024169,-0.231256,0.585624,0.776912,-0.006637,-0.030549,0.008809,0.420019,-0.495568,0.325302,0.363791,-0.138038,0.074121,0.323532,0.625941,0.774598,0.090489,-0.775236,0.605673,0.179172,0.083198,-0.183287,0.979463,-0.004613,0.036332,0.054977,1.280072,2.362141,-0.592638,-1.411166,0.024377,0.055648,-0.021113,-0.549675,-0.828176,0.109451,0.834183,-0.537154,0.12491,-0.044656,0.159962,0.986111,-0.002359,0.018277,0.027564,1.253848,2.375653,-0.588772,-0.839275,0.069197,0.041948,-0.074392,-0.312903,0.723983,-0.614766,-0.897686,-0.436858,-0.057565,-0.310242,0.533855,0.786604,-0.003232,-0.015053,0.004593,1.552566,-1.789938,1.20524,0.29717
658,0.063652,0.033474,0.33495,-0.246688,0.734583,-0.632121,-0.940604,-0.338445,-0.026313,-0.232968,0.58717,0.775232,-0.005753,-0.028384,0.01067,-0.066247,0.059517,-0.051668,0.368721,-0.138036,0.074951,0.325752,0.61745,0.780532,0.097559,-0.783062,0.598467,0.169073,0.072811,-0.181782,0.98057,-0.001637,0.01357,0.053595,0.09903,0.096057,-0.042503,-1.411087,0.024377,0.056073,-0.02003,-0.540492,-0.833306,0.116048,0.840669,-0.529354,0.11427,-0.033791,0.15932,0.986647,-0.00084,0.006656,0.026718,1.333688,2.21516,-0.552208,-0.840418,0.069086,0.041426,-0.074222,-0.309695,0.723315,-0.617173,-0.897927,-0.43598,-0.060384,-0.312752,0.535477,0.784506,-0.001907,-0.008227,0.0017,-0.037437,0.026247,-0.016525,0.304681
659,0.063565,0.033047,0.335109,-0.245503,0.734119,-0.633122,-0.94066,-0.338196,-0.027474,-0.233991,0.587894,0.774375,-0.003377,-0.015418,0.004287,-0.020132,0.006793,-0.003648,0.371715,-0.13801,0.075106,0.326695,0.615074,0.782216,0.099067,-0.785355,0.596961,0.163673,0.068121,-0.17947,0.981333,-0.000722,0.006485,0.04862,0.091301,0.118254,-0.059624,-1.411117,0.024388,0.056165,-0.019532,-0.537779,-0.834823,0.117742,0.84261,-0.527521,0.108301,-0.028301,0.157453,0.98712,-0.000372,0.003049,0.024184,0.379144,0.704269,-0.186898,-0.840254,0.069042,0.041207,-0.074141,-0.308475,0.723014,-0.618137,-0.897983,-0.435708,-0.061504,-0.313796,0.536105,0.78366,-0.002622,-0.013554,0.005888,-0.023179,0.010224,-0.017972,0.307947
660,0.063496,0.032416,0.335321,-0.246008,0.734465,-0.632524,-0.940907,-0.337612,-0.026159,-0.232462,0.587797,0.774908,-0.002665,-0.01368,0.005782,-0.033276,0.021732,-0.013868,0.371202,-0.13783,0.075181,0.328472,0.609977,0.786662,0.095303,-0.789702,0.59385,0.153779,0.063616,-0.170064,0.983308,0.011834,0.001445,0.043947,0.377316,-0.404671,-0.259689,-1.410944,0.024475,0.056198,-0.018646,-0.533684,-0.837801,0.115194,0.845353,-0.524698,0.10034,-0.023623,0.15093,0.988261,0.000117,-0.00072,0.021537,-0.09211,-0.040263,-0.025939,-0.836499,0.069007,0.040892,-0.074035,-0.30906,0.723299,-0.61751,-0.898329,-0.435187,-0.060134,-0.312228,0.536143,0.784259,-0.001394,-0.006983,0.002769,-0.033459,0.02184,-0.013873,0.311539
661,0.06356,0.032133,0.335452,-0.247979,0.732445,-0.634095,-0.939143,-0.342325,-0.028229,-0.237442,0.587594,0.773552,0.013031,-0.003187,-0.001931,0.000984,-0.014715,0.029553,0.366887,-0.137571,0.075327,0.329993,0.602745,0.792613,0.091954,-0.795255,0.587603,0.149084,0.063382,-0.163996,0.984353,-0.001034,0.008334,0.03467,0.245946,-0.262943,-0.179976,-1.411196,0.024609,0.056263,-0.017886,-0.525738,-0.843386,0.110899,0.850343,-0.517588,0.094961,-0.022689,0.144226,0.989284,0.006105,-0.001067,0.020696,0.417692,-0.422638,-0.197235,-0.841887,0.069034,0.04075,-0.073969,-0.310797,0.721119,-0.619186,-0.896007,-0.439649,-0.06228,-0.317136,0.535439,0.78277,0.000122,0.000306,0.000262,-0.000859,0.000778,-0.000293,0.30811
662,0.06363,0.032109,0.335527,-0.24723,0.732464,-0.634366,-0.939359,-0.341707,-0.028538,-0.23737,0.58793,0.773318,0.000501,0.00123,0.001056,0.0,0.0,0.0,0.36966,-0.137067,0.075699,0.331378,0.600342,0.794551,0.090938,-0.797413,0.586364,0.142278,0.058977,-0.158942,0.985455,0.010647,0.009402,0.034143,-0.013872,-0.084932,0.027046,-1.411438,0.024853,0.05644,-0.017208,-0.522404,-0.845727,0.108802,0.852529,-0.515497,0.086347,-0.016938,0.137865,0.990305,0.010283,0.01175,0.013852,-0.00745,-0.108078,0.090495,-0.842051,0.069074,0.040735,-0.073928,-0.31004,0.721238,-0.619426,-0.896297,-0.439019,-0.062557,-0.317059,0.535795,0.782557,0.00033,0.000814,0.000698,-0.000107,-5e-06,0.000129,0.30762
663,0.063688,0.032124,0.33553,-0.24663,0.732443,-0.634623,-0.939488,-0.341319,-0.028905,-0.237482,0.58818,0.773094,0.000441,0.001082,0.000928,0.0,0.0,0.0,0.368101,-0.136807,0.075944,0.331958,0.598526,0.796043,0.089852,-0.79899,0.585376,0.137416,0.056047,-0.155052,0.986246,0.020883,0.021034,0.026025,0.03628,-0.118665,0.067014,-1.411102,0.024991,0.056572,-0.016892,-0.520588,-0.847018,0.107463,0.853697,-0.514353,0.081499,-0.013757,0.134168,0.990862,0.010443,0.010354,0.012899,-0.025065,-0.085495,0.07448,-0.842541,0.069103,0.040744,-0.073925,-0.309433,0.72129,-0.619669,-0.89646,-0.438633,-0.062916,-0.317189,0.53604,0.782336,0.000282,0.000693,0.000594,-7.4e-05,5e-06,0.000113,0.30811
664,0.063825,0.032107,0.335484,-0.249793,0.730938,-0.63512,-0.937699,-0.34614,-0.029645,-0.241206,0.587237,0.772657,-3.8e-05,-9.5e-05,-8.1e-05,0.0,0.0,-0.0,0.361862,-0.136115,0.076462,0.33307,0.586137,0.806002,0.082442,-0.808042,0.574401,0.130638,0.057211,-0.144214,0.987822,0.011302,0.003797,0.030303,0.142439,-0.074366,-0.268869,-1.410841,0.025325,0.056824,-0.016355,-0.508425,-0.855306,0.099774,0.860987,-0.503005,0.07541,-0.014312,0.124245,0.992148,0.011419,0.002821,0.015232,0.321846,-0.337153,-0.126068,-0.843357,0.069172,0.040737,-0.073947,-0.312417,0.719468,-0.620291,-0.894141,-0.443223,-0.063745,-0.32079,0.534713,0.781776,0.006435,-0.001792,-0.00114,0.000753,-0.014658,0.029727,0.304681
665,0.063965,0.032045,0.335466,-0.248942,0.730947,-0.635444,-0.937907,-0.345536,-0.030115,-0.241279,0.587581,0.772373,0.013449,-0.002149,-0.001045,0.000755,-0.03059,0.053606,0.361088,-0.135356,0.076796,0.334068,0.576545,0.81323,0.079022,-0.815335,0.566655,0.118593,0.050948,-0.133839,0.989623,0.021502,0.014972,0.021871,-0.083753,-1.002794,-5.610226,-1.411507,0.025708,0.056992,-0.015846,-0.503711,-0.858481,0.096353,0.863847,-0.49972,0.06361,-0.006458,0.115275,0.993312,0.011657,0.000837,0.013918,0.499564,-0.450768,-0.240145,-0.840091,0.069236,0.040703,-0.073958,-0.311602,0.719575,-0.620576,-0.894394,-0.442651,-0.064176,-0.320878,0.535042,0.781514,1e-06,3e-06,0.0,-0.000109,-1.6e-05,0.000141,0.300272
666,0.064025,0.032028,0.335468,-0.252983,0.729469,-0.635547,-0.935917,-0.350877,-0.030266,-0.24477,0.586254,0.772283,0.000111,0.000273,0.000234,2.1e-05,1e-06,-2.5e-05,0.362112,-0.134951,0.076924,0.334565,0.575192,0.814548,0.075212,-0.816311,0.565935,0.115267,0.05061,-0.128735,0.990317,0.023241,0.002172,0.028134,0.266709,-0.28588,-0.15032,-1.411281,0.025911,0.05706,-0.0156,-0.497285,-0.862681,0.092126,0.867562,-0.493668,0.060217,-0.006468,0.10987,0.993924,0.010751,0.007226,0.010731,0.485214,-0.418685,-0.182303,-0.839928,0.069272,0.040697,-0.073955,-0.315425,0.717676,-0.620843,-0.891842,-0.447729,-0.064453,-0.324226,0.533365,0.781279,0.006539,-0.001532,-0.000917,0.000559,-0.014402,0.029564,0.300436
667,0.064139,0.032019,0.335467,-0.252392,0.729472,-0.635778,-0.936054,-0.350481,-0.030618,-0.244857,0.586487,0.772078,0.013039,-0.003155,-0.00191,0.000984,-0.014715,0.029553,0.363728,-0.134083,0.077329,0.335569,0.564655,0.822491,0.068303,-0.823531,0.556324,0.110605,0.052271,-0.119751,0.991358,0.032576,0.018843,0.023138,0.003697,-0.108039,0.120132,-1.411386,0.026342,0.05725,-0.0151,-0.485591,-0.870176,0.08363,0.87416,-0.482625,0.053991,-0.006619,0.099324,0.995032,0.010539,0.008351,0.011382,-0.052313,-0.041183,0.072774,-0.842377,0.069325,0.040694,-0.073955,-0.314851,0.71775,-0.62105,-0.892012,-0.447345,-0.064779,-0.324319,0.533588,0.781089,6.1e-05,0.000149,0.000126,-0.000147,-2e-05,0.000189,0.300926
668,0.064196,0.031985,0.33548,-0.254417,0.727307,-0.637449,-0.934019,-0.355649,-0.033083,-0.250461,0.586067,0.770598,0.00044,0.001085,0.000931,0.0,-0.0,0.0,0.365064,-0.133188,0.077885,0.336571,0.555531,0.829168,0.06211,-0.829978,0.548738,0.099786,0.047968,-0.108041,0.99292,0.020833,0.01776,0.023299,0.251807,-0.147487,-0.263474,-1.411228,0.026793,0.05753,-0.014598,-0.477153,-0.875404,0.077404,0.878818,-0.475119,0.044041,-0.001777,0.089038,0.996026,0.010309,0.009519,0.012029,0.407189,-0.378992,-0.124419,-0.843847,0.069357,0.040673,-0.073951,-0.316566,0.71543,-0.622852,-0.889378,-0.452182,-0.067364,-0.329837,0.532626,0.779433,0.000258,0.000629,0.000538,-0.001825,-0.014345,0.023337,0.302395
