frame,MLTx,MLTy,MLTz,MLTR1,MLTR2,MLTR3,MLTR4,MLTR5,MLTR6,MLTR7,MLTR8,MLTR9,MLTTVx,MLTTVy,MLTTVz,MLTRVx,MLTRVy,MLTRVz,MLGA,MRTx,MRTy,MRTz,MRTR1,MRTR2,MRTR3,MRTR4,MRTR5,MRTR6,MRTR7,MRTR8,MRTR9,MRTTVx,MRTTVy,MRTTVz,MRTRVx,MRTRVy,MRTRVz,MRGA,SLTx,SLTy,SLTz,SLTR1,SLTR2,SLTR3,SLTR4,SLTR5,SLTR6,SLTR7,SLTR8,SLTR9,SLTTVx,SLTTVy,SLTTVz,SLTRVx,SLTRVy,SLTRVz,SLGA,SRTx,SRTy,SRTz,SRTR1,SRTR2,SRTR3,SRTR4,SRTR5,SRTR6,SRTR7,SRTR8,SRTR9,SRTTVx,SRTTVy,SRTTVz,SRTRVx,SRTRVy,SRTRVz,SRGA
142,0.217226,-0.056824,0.343189,-0.647423,0.555638,-0.521684,-0.729551,-0.64984,0.213155,-0.219775,0.517902,0.826742,-0.01606,0.007613,-0.010947,0.03446,0.007337,-0.008403,0.467505,-0.238887,-0.026749,0.30946,-0.473832,-0.83188,0.288877,0.866035,-0.381051,0.323602,-0.158531,0.404558,0.900591,-0.016394,0.03899,-0.039074,0.061202,-0.05398,0.232761,-1.405869,0.002326,0.043807,-0.00657,0.495149,0.826702,0.267188,-0.86625,0.446188,0.22478,0.06661,-0.342752,0.937061,-0.000678,0.018847,-0.020369,0.006124,-0.024532,0.284285,-0.868014,0.110295,0.025349,-0.036104,0.670644,-0.559154,-0.487424,0.696005,0.701591,0.152792,0.256538,-0.44172,0.859691,-0.008364,0.008629,-0.01042,0.074249,0.007665,0.014362,0.447887
143,0.216268,-0.05627,0.342408,-0.64945,0.547083,-0.528167,-0.726271,-0.65206,0.217532,-0.224587,0.524185,0.821473,-0.032826,0.025713,-0.030935,-0.15131,-0.520934,-0.442761,0.459804,-0.239369,-0.025208,0.307578,-0.495892,-0.816606,0.295361,0.853945,-0.397117,0.33617,-0.156608,0.419954,0.893854,-0.017641,0.044378,-0.053951,0.096935,1.020072,1.818942,-1.406766,0.002093,0.044569,-0.007482,0.510308,0.814888,0.27485,-0.857403,0.457312,0.236061,0.066671,-0.356121,0.932057,-0.008891,0.021756,-0.027463,-0.097895,0.215963,0.185697,-0.863442,0.109823,0.025619,-0.036488,0.671853,-0.552957,-0.492799,0.693305,0.703623,0.155693,0.260654,-0.446263,0.8561,-0.016032,0.007562,-0.011007,0.031567,-0.086595,-0.066822,0.439069
144,0.21472,-0.055389,0.341228,-0.65277,0.537866,-0.533513,-0.721644,-0.655771,0.221733,-0.229794,0.529076,0.816885,-0.04811,0.023293,-0.032495,-0.045426,-0.323371,-0.20874,0.444903,-0.239934,-0.023295,0.305273,-0.524241,-0.796275,0.301842,0.83559,-0.41298,0.362172,-0.16308,0.443084,0.881445,-0.017617,0.055254,-0.062478,-0.849371,-0.074214,0.832241,-1.406783,0.001802,0.045529,-0.008655,0.541719,0.789988,0.287155,-0.837631,0.478867,0.262792,0.070094,-0.38289,0.92113,-0.008744,0.027732,-0.03109,-1.888595,-1.392154,1.834454,-0.864585,0.109054,0.026062,-0.037075,0.67472,-0.54262,-0.500316,0.688196,0.707483,0.160788,0.266719,-0.452803,0.850781,-0.024056,0.011947,-0.015902,-0.111734,-0.469847,-0.226488,0.4247
145,0.212665,-0.054364,0.339855,-0.657336,0.523986,-0.541657,-0.715174,-0.66034,0.229016,-0.236865,0.537265,0.809486,-0.06345,0.022246,-0.032661,-0.102369,-0.436618,-0.297079,0.442185,-0.240648,-0.021069,0.302713,-0.564739,-0.767433,0.30349,0.807225,-0.437534,0.396086,-0.170477,0.469635,0.866166,-0.01845,0.051523,-0.066884,-0.520083,0.490521,0.600842,-1.40664,0.001447,0.046648,-0.009927,0.580971,0.759094,0.293679,-0.810188,0.504817,0.297917,0.077893,-0.411016,0.908293,-0.009082,0.03163,-0.037159,-0.694713,0.633367,0.73808,-0.858216,0.10805,0.026561,-0.037747,0.6783,-0.529853,-0.50908,0.681853,0.712085,0.167363,0.273831,-0.460641,0.844289,-0.031703,0.011127,-0.016298,-0.280435,-0.790385,-0.416262,0.412126
146,0.21155,-0.053829,0.339167,-0.655596,0.518813,-0.548701,-0.715635,-0.658777,0.232062,-0.240265,0.54416,0.80386,-0.064089,0.032926,-0.041539,-0.229507,-0.822354,-0.44661,0.441855,-0.241124,-0.019965,0.301302,-0.578173,-0.756853,0.304763,0.796459,-0.442784,0.41174,-0.175959,0.48174,0.858387,-0.033754,0.051203,-0.067201,-0.701046,0.534401,0.874375,-1.406852,0.001215,0.0472,-0.010632,0.59313,0.748615,0.296262,-0.800838,0.510751,0.312714,0.082786,-0.422738,0.902462,-0.00948,0.029879,-0.03923,-0.298507,0.328517,0.53182,-0.859033,0.107475,0.026837,-0.038104,0.676288,-0.526291,-0.515414,0.682556,0.710845,0.169753,0.27704,-0.466601,0.839958,-0.032042,0.016802,-0.020367,-0.059174,-0.331404,-0.411497,0.410167
147,0.208955,-0.052596,0.337636,-0.64353,0.51357,-0.567592,-0.724088,-0.648862,0.233765,-0.24744,0.56078,0.790143,-0.079385,0.032855,-0.040782,1.476746,-2.078488,1.028559,0.438822,-0.242182,-0.017979,0.298328,-0.596077,-0.74157,0.307826,0.782457,-0.450817,0.429486,-0.178974,0.497799,0.848544,-0.035395,0.044341,-0.075563,-0.260011,0.279199,0.384866,-1.406498,0.000687,0.0482,-0.012111,0.611146,0.73143,0.302505,-0.786843,0.519945,0.332466,0.085889,-0.44121,0.893283,-0.017587,0.027805,-0.041743,-0.331206,0.346868,0.454385,-0.857563,0.106183,0.027453,-0.038871,0.665197,-0.521875,-0.534001,0.690866,0.701467,0.175064,0.283223,-0.485376,0.82716,-0.031983,0.017258,-0.019965,-0.203221,-0.684928,-0.599333,0.406575
148,0.206296,-0.051368,0.336112,-0.636729,0.48614,-0.598574,-0.717509,-0.657853,0.228872,-0.281724,0.574604,0.768433,-0.063804,0.033107,-0.041723,-0.196766,-0.953939,-0.738757,0.423524,-0.243503,-0.016433,0.295237,-0.607338,-0.73144,0.310042,0.773274,-0.455128,0.441407,-0.180993,0.508749,0.841593,-0.036688,0.039358,-0.081977,-0.253075,0.367598,0.210157,-1.405982,1.3e-05,0.048988,-0.013687,0.621726,0.720987,0.305995,-0.778322,0.525038,0.344309,0.087584,-0.452229,0.88759,-0.01838,0.019314,-0.041393,-0.306178,0.404564,0.214369,-0.859359,0.104848,0.028069,-0.039631,0.654953,-0.498438,-0.567974,0.684577,0.709633,0.16666,0.319984,-0.497976,0.805995,-0.03958,0.016359,-0.020543,0.375852,-0.886058,-0.166304,0.394654
149,0.204968,-0.050845,0.335416,-0.627946,0.475534,-0.616115,-0.718125,-0.659176,0.22306,-0.299281,0.581923,0.756191,-0.078539,0.022362,-0.032138,1.273103,-2.052258,0.966694,0.414874,-0.244229,-0.015792,0.293645,-0.614351,-0.727578,0.305277,0.766232,-0.458134,0.450484,-0.187134,0.511582,0.838527,-0.037111,0.027223,-0.075344,-0.175703,0.188063,0.29912,-1.405652,-0.000323,0.049285,-0.01443,0.628821,0.716485,0.302045,-0.771841,0.528202,0.353925,0.094041,-0.455687,0.885158,-0.011043,0.018249,-0.042823,-0.34665,0.408005,0.272741,-0.858543,0.10416,0.028342,-0.039995,0.646069,-0.48761,-0.587223,0.684357,0.71075,0.162755,0.338008,-0.507021,0.792893,-0.039242,0.011085,-0.016134,1.240022,-2.060129,0.938454,0.381591
150,0.202166,-0.05008,0.334091,-0.609791,0.453266,-0.650192,-0.720572,-0.658682,0.216531,-0.329372,0.599982,0.729083,-0.078343,0.018427,-0.03668,1.188536,-1.965941,0.79108,0.399271,-0.245625,-0.01496,0.290643,-0.630254,-0.716785,0.298313,0.74974,-0.462422,0.473275,-0.200498,0.52284,0.828434,-0.038748,0.02151,-0.083074,-0.37566,0.37882,0.371704,-1.40532,-0.001033,0.049717,-0.015952,0.644264,0.704756,0.297056,-0.757225,0.533258,0.377155,0.107395,-0.467926,0.877217,-0.019405,0.005101,-0.037544,-0.627191,0.638973,0.289353,-0.860992,0.102759,0.028729,-0.040652,0.626418,-0.468905,-0.622677,0.686725,0.709927,0.156244,0.368792,-0.525482,0.76672,-0.039142,0.009,-0.018532,1.157613,-1.963221,0.760706,0.359057
151,0.198942,-0.049687,0.332728,-0.594555,0.429402,-0.679826,-0.720767,-0.659359,0.213808,-0.355707,0.61658,0.702374,-0.093643,0.012607,-0.042521,1.218925,-1.89027,1.253564,0.379657,-0.246575,-0.014727,0.287225,-0.643588,-0.698765,0.312271,0.738909,-0.461252,0.491116,-0.198331,0.547691,0.81275,0.003139,-0.004335,-0.094235,-0.488726,0.784667,0.201432,-1.405467,-0.001522,0.049849,-0.017648,0.655288,0.687488,0.31298,-0.74803,0.532941,0.395505,0.105104,-0.493289,0.863492,-0.005847,0.003983,-0.050452,-0.296176,1.241585,0.037858,-0.864748,0.101146,0.02893,-0.04133,0.60967,-0.447376,-0.654336,0.686728,0.710379,0.154158,0.39586,-0.543337,0.740323,-0.046788,0.005999,-0.02155,1.26538,-1.78122,1.269383,0.331624
152,0.19514,-0.049543,0.331168,-0.582148,0.40308,-0.706169,-0.720064,-0.658951,0.2174,-0.376984,0.634543,0.674734,-0.109178,0.009341,-0.045841,-0.243955,-0.75786,-0.142099,0.359493,-0.246231,-0.014981,0.283296,-0.671619,-0.646976,0.361027,0.725904,-0.477561,0.494907,-0.146938,0.595269,0.789891,0.017198,-0.009423,-0.10224,-0.313248,0.989217,0.188153,-1.405924,-0.001352,0.049714,-0.019657,0.676874,0.637336,0.368297,-0.734192,0.548561,0.400052,0.052934,-0.541186,0.839234,0.008567,-0.005057,-0.05154,-0.323406,1.033873,0.17467,-0.868994,0.099287,0.028995,-0.042097,0.595369,-0.42527,-0.681675,0.686244,0.71041,0.156163,0.417857,-0.56077,0.714795,-0.054307,-0.00095,-0.018774,-0.391251,-0.983857,-0.258558,0.306641
153,0.192912,-0.049482,0.330378,-0.576153,0.390901,-0.717836,-0.721187,-0.656414,0.221315,-0.383975,0.644718,0.661005,-0.109296,0.009549,-0.045961,-0.383682,-1.0913,-0.102726,0.358313,-0.24553,-0.015133,0.281201,-0.684093,-0.612751,0.395657,0.720426,-0.483458,0.497183,-0.112509,0.625925,0.771637,0.047547,-0.011884,-0.106099,-0.088908,2.601736,-0.594983,-1.406003,-0.001021,0.049638,-0.02067,0.684845,0.606717,0.403584,-0.728413,0.554804,0.402002,0.019991,-0.569286,0.821895,0.023704,-0.006393,-0.053617,-0.710896,1.278144,0.616655,-0.876015,0.098173,0.029023,-0.042495,0.588944,-0.415483,-0.693193,0.687492,0.708466,0.159465,0.424849,-0.570481,0.702888,-0.062095,-0.001014,-0.01864,-0.189024,-0.620288,0.018968,0.293741
154,0.187912,-0.049298,0.328664,-0.56398,0.368772,-0.738904,-0.724095,-0.651007,0.2277,-0.396368,0.662994,0.635105,-0.140457,0.007734,-0.047439,-0.184139,-0.705251,0.004218,0.38433,-0.24346,-0.015638,0.276916,-0.724811,-0.49291,0.481332,0.688829,-0.522267,0.502679,0.004514,0.696514,0.717434,0.06217,-0.016627,-0.114433,0.324391,4.323814,0.561921,-1.40594,9e-06,0.049391,-0.022804,0.711196,0.494169,0.499996,-0.696577,0.591245,0.406459,-0.094761,-0.637358,0.764718,0.030862,-0.008614,-0.057692,2.558618,5.156585,5.520363,-0.882547,0.095684,0.029116,-0.043351,0.575186,-0.393809,-0.71699,0.690658,0.703474,0.167677,0.438351,-0.59164,0.676615,-0.062279,-0.00191,-0.020064,-0.282344,-0.814506,-0.06816,0.306314
155,0.182507,-0.049123,0.326655,-0.552065,0.336274,-0.763013,-0.726103,-0.643725,0.241588,-0.409251,0.686978,0.600501,-0.140985,0.004196,-0.052551,-0.460128,-1.251885,-0.295761,0.403471,-0.240911,-0.016802,0.272128,-0.736926,-0.329216,0.59038,0.653591,-0.56945,0.498477,0.173001,0.753611,0.634038,0.075594,-0.027402,-0.13219,2.429099,6.734345,1.53585,-1.40598,0.001279,0.04882,-0.025181,0.706392,0.340798,0.620375,-0.659866,0.634181,0.402977,-0.256097,-0.694025,0.672862,0.037687,-0.019955,-0.06294,-0.669476,2.59703,-0.504778,-0.89512,0.093029,0.029207,-0.044331,0.561792,-0.366575,-0.741627,0.693267,0.697772,0.180261,0.451408,-0.615416,0.646137,-0.070448,0.001937,-0.026361,-0.386171,-1.093517,-0.215106,0.333747
156,0.179979,-0.04911,0.325682,-0.546805,0.320528,-0.773506,-0.726796,-0.640355,0.248364,-0.415037,0.697587,0.584075,-0.140961,-0.007117,-0.045054,-0.433322,-1.118128,-0.290219,0.409508,-0.23943,-0.017494,0.269648,-0.729917,-0.261606,0.631487,0.639777,-0.586388,0.496758,0.241247,0.76692,0.594556,0.076166,-0.037758,-0.124776,2.613678,4.644768,2.659975,-1.40574,0.002017,0.04847,-0.026434,0.691813,0.274958,0.667676,-0.645759,0.649332,0.4017,-0.323093,-0.709059,0.626773,0.038141,-0.018949,-0.062463,-0.884716,2.497292,-0.532358,-0.902632,0.091718,0.029218,-0.044841,0.555236,-0.350804,-0.754088,0.694229,0.694781,0.187948,0.457993,-0.627866,0.629305,-0.062851,0.001728,-0.027156,-0.462911,-1.297204,-0.286918,0.34583
157,0.174881,-0.049125,0.323629,-0.528918,0.286535,-0.798867,-0.730228,-0.633302,0.256256,-0.431847,0.718535,0.5452,-0.110607,-0.007329,-0.047406,-0.31213,-0.941181,-0.127869,0.41156,-0.236148,-0.018666,0.264979,-0.709331,-0.160581,0.686335,0.616848,-0.612367,0.494409,0.341772,0.774253,0.532529,0.095074,-0.016513,-0.121707,-0.217533,2.066899,-0.946867,-1.40589,0.003648,0.047858,-0.028794,0.663411,0.175211,0.727451,-0.61732,0.677563,0.39978,-0.422848,-0.714289,0.557664,0.047533,-0.01416,-0.057267,0.400698,2.925185,-0.340936,-0.909653,0.089157,0.029208,-0.045869,0.535105,-0.318503,-0.782443,0.698063,0.688345,0.197199,0.475782,-0.651717,0.590673,-0.063138,0.001674,-0.027796,-0.37517,-1.136653,-0.22606,0.359873
158,0.170627,-0.049069,0.32162,-0.501584,0.255974,-0.8264,-0.743425,-0.616048,0.26034,-0.441845,0.744628,0.50033,-0.09545,-0.00515,-0.046195,-5.026449,0.018362,2.670245,0.379242,-0.232217,-0.019609,0.26093,-0.685552,-0.06387,0.72521,0.573389,-0.661003,0.483976,0.449298,0.747688,0.488831,0.114626,-0.026478,-0.089869,0.191924,1.522624,-0.589566,-1.405646,0.005567,0.047393,-0.030816,0.631888,0.083845,0.770511,-0.57125,0.722264,0.389881,-0.523823,-0.686515,0.504286,0.057438,-0.01335,-0.044918,4.806636,5.036661,2.564692,-0.914062,0.087025,0.02923,-0.046879,0.507658,-0.290454,-0.811121,0.708274,0.676728,0.200959,0.49054,-0.676515,0.549268,-0.055539,0.003051,-0.026904,-0.232196,-0.98299,-0.028991,0.344361
159,0.168659,-0.048939,0.320607,-0.489793,0.23994,-0.838199,-0.746592,-0.611909,0.261037,-0.449666,0.753347,0.479892,-0.09553,0.009935,-0.050253,-0.277613,-1.031191,-0.092485,0.360106,-0.229868,-0.02025,0.259481,-0.664085,-0.008698,0.747601,0.541443,-0.694997,0.473025,0.516281,0.718912,0.465277,0.132459,-0.042653,-0.065484,1.074814,2.40226,-0.323009,-1.405855,0.006723,0.047077,-0.031561,0.607675,0.034564,0.793432,-0.538841,0.751863,0.379935,-0.583421,-0.658412,0.475513,0.058563,-0.014588,-0.035089,0.863959,2.094615,0.47323,-0.910959,0.08604,0.029283,-0.047392,0.493335,-0.277796,-0.824286,0.715571,0.668388,0.203013,0.494547,-0.689989,0.528522,-0.047716,0.005094,-0.024904,-0.271727,-1.137957,0.067462,0.315948
160,0.164742,-0.048304,0.31898,-0.456969,0.231346,-0.858896,-0.774235,-0.578806,0.255961,-0.437357,0.781665,0.444686,-0.110432,0.020983,-0.037714,-0.317396,-1.215185,0.342213,0.343058,-0.224469,-0.021988,0.257725,-0.606258,0.085677,0.790633,0.470487,-0.762771,0.443573,0.641815,0.640787,0.421104,0.152154,-0.040667,-0.039546,1.076521,1.691549,0.460915,-1.405492,0.009524,0.046176,-0.032487,0.537647,-0.05613,0.841298,-0.459803,0.816845,0.348344,-0.706764,-0.574118,0.413366,0.076248,-0.019639,-0.018828,0.99369,1.794521,0.56915,-0.913572,0.084087,0.029588,-0.048219,0.460333,-0.273568,-0.844543,0.744713,0.636826,0.199636,0.483213,-0.720841,0.496882,-0.055146,0.011019,-0.018181,-0.224091,-0.902339,1.1332,0.279045
161,0.160429,-0.047333,0.317746,-0.412606,0.255843,-0.874269,-0.828727,-0.503822,0.243615,-0.377643,0.824729,0.420995,-0.109713,0.017326,-0.021318,-0.599313,-0.748835,0.416474,0.328081,-0.218911,-0.024137,0.257011,-0.550129,0.154048,0.820742,0.393705,-0.818805,0.417717,0.737043,0.552731,0.38874,0.123469,-0.054915,-0.011845,4.772768,3.320633,1.3811,-1.404607,0.012259,0.045131,-0.032826,0.477126,-0.117635,0.870926,-0.382764,0.864255,0.326426,-0.791102,-0.489105,0.367332,0.069721,-0.033438,-0.002736,1.207947,1.486792,-0.305338,-0.913572,0.081931,0.030078,-0.048838,0.416902,-0.30157,-0.857465,0.80296,0.56428,0.191944,0.425966,-0.768532,0.477398,-0.047076,0.014025,-0.015037,-1.368948,0.170179,1.066731,0.252918
162,0.156477,-0.046428,0.316921,-0.367426,0.285178,-0.885278,-0.876445,-0.424653,0.226905,-0.310778,0.858914,0.407077,-0.093756,0.020497,-0.018213,-0.065169,-0.195623,0.409376,0.326636,-0.213709,-0.026376,0.256697,-0.503229,0.177491,0.845724,0.348066,-0.854058,0.386484,0.7915,0.488632,0.366918,0.141132,-0.049242,-0.005015,0.054522,0.37068,-0.960248,-1.404973,0.014854,0.044011,-0.032985,0.425551,-0.140619,0.893942,-0.327826,0.896797,0.297126,-0.843467,-0.419499,0.335534,0.062542,-0.018448,-0.005492,0.279732,0.237943,-1.063614,-0.915695,0.07995,0.030535,-0.049245,0.372997,-0.332033,-0.866387,0.854894,0.485891,0.181837,0.360594,-0.808494,0.465089,-0.04682,0.010766,-0.00846,-0.356197,-0.161486,0.753403,0.238875
163,0.154629,-0.046012,0.316601,-0.347305,0.294505,-0.890332,-0.893753,-0.391359,0.219126,-0.283481,0.871475,0.400247,-0.093614,0.021518,-0.017234,0.036486,-0.31398,0.540457,0.331341,-0.211145,-0.026997,0.256606,-0.488264,0.18828,0.852138,0.3189,-0.870339,0.375162,0.812872,0.454688,0.363816,0.126314,-0.030854,-0.002015,4.70536,2.521754,1.09642,-1.404977,0.016142,0.043691,-0.033036,0.411542,-0.146161,0.899593,-0.302021,0.909412,0.285923,-0.859892,-0.389366,0.330118,0.071012,-0.009109,-0.004357,0.084324,0.270493,-0.69825,-0.915531,0.079026,0.030744,-0.049403,0.353426,-0.342929,-0.870338,0.873899,0.452973,0.176392,0.33375,-0.82293,0.459778,-0.046757,0.011196,-0.008064,-0.036735,-0.270314,0.626222,0.239691
164,0.15115,-0.045339,0.31597,-0.314318,0.307372,-0.898205,-0.917793,-0.340185,0.2047,-0.242254,0.888326,0.390151,-0.07828,0.019092,-0.020497,-4.880442,0.817664,2.722243,0.338509,-0.206577,-0.027097,0.255988,-0.470487,0.196874,0.860159,0.279315,-0.891358,0.356927,0.837544,0.407939,0.363276,0.109703,0.005689,-0.022219,0.441526,0.61571,-0.447774,-1.404988,0.018433,0.04364,-0.033318,0.39172,-0.155321,0.906879,-0.255434,0.928545,0.269364,-0.883916,-0.337163,0.324055,0.046826,0.009169,-0.013751,1.451442,1.081361,0.039489,-0.916511,0.077281,0.031088,-0.04971,0.322757,-0.356446,-0.876797,0.898179,0.407506,0.164963,0.2985,-0.840764,0.451677,-0.046898,0.0047,-0.005254,0.042651,-0.179522,0.352818,0.250959
165,0.148217,-0.044928,0.31532,-0.276121,0.324643,-0.90466,-0.944535,-0.265764,0.192862,-0.177478,0.907334,0.381148,-0.078435,0.018179,-0.021905,-4.964394,0.945979,2.336529,0.353194,-0.203483,-0.026621,0.254868,-0.415305,0.231365,0.879763,0.201638,-0.919568,0.33715,0.887501,0.317127,0.334119,0.061287,0.014401,-0.032387,0.374748,1.394258,-0.760818,-1.405579,0.02,0.043883,-0.033862,0.333706,-0.185849,0.924175,-0.174928,0.951137,0.254435,-0.926304,-0.246571,0.28489,0.038492,0.006783,-0.017357,1.464527,3.267432,-1.899152,-0.922226,0.075838,0.031291,-0.05003,0.285616,-0.376358,-0.881349,0.929119,0.334127,0.158416,0.234862,-0.864125,0.445114,-0.031508,0.003203,-0.007119,-0.403807,-0.018181,0.421473,0.261246
166,0.146988,-0.044733,0.31498,-0.261942,0.328597,-0.907444,-0.952954,-0.236655,0.189324,-0.152221,0.913938,0.37626,-0.063118,0.005922,-0.015004,-1.467862,0.172987,0.84275,0.364864,-0.202291,-0.02638,0.254189,-0.376998,0.242392,0.89393,0.155303,-0.934868,0.319117,0.913503,0.258838,0.313651,0.061031,0.01257,-0.035474,1.621215,2.850991,-2.023254,-1.405687,0.020596,0.044005,-0.0342,0.294858,-0.195355,0.935358,-0.127582,0.962065,0.24115,-0.946985,-0.19044,0.258748,0.030566,0.005732,-0.018811,4.998018,2.498459,1.375822,-0.924186,0.075171,0.031398,-0.050212,0.269448,-0.382678,-0.883716,0.940922,0.300048,0.15696,0.205092,-0.873801,0.440917,-0.03156,0.00289,-0.00755,-1.471007,0.208431,0.852856,0.275942
167,0.144588,-0.044109,0.314056,-0.232649,0.338435,-0.911801,-0.968323,-0.168004,0.184654,-0.090411,0.925459,0.367938,-0.047533,0.01582,-0.024769,-1.451541,0.215394,0.693797,0.388233,-0.199162,-0.025948,0.252888,-0.292801,0.240968,0.925307,0.030653,-0.964798,0.261076,0.955985,0.104515,0.273923,0.093512,0.003715,-0.026099,5.708312,1.985963,0.634802,-1.405738,0.022147,0.044216,-0.034868,0.207407,-0.184791,0.960642,-0.002389,0.981898,0.189395,-0.978251,-0.041577,0.20321,0.038827,0.001824,-0.012619,1.804735,1.137116,-1.184247,-0.93333,0.07397,0.031709,-0.050676,0.24069,-0.39424,-0.886928,0.959887,0.232087,0.157327,0.14382,-0.889218,0.434287,-0.023759,0.007887,-0.012379,-1.449505,0.262063,0.709854,0.308927
168,0.142488,-0.043226,0.312983,-0.222381,0.332849,-0.916408,-0.972685,-0.139883,0.185173,-0.066286,0.932144,0.356007,-0.047157,0.028125,-0.031765,-0.097381,-0.631062,-0.407621,0.404413,-0.196168,-0.026246,0.252206,-0.212261,0.221222,0.951839,-0.096409,-0.973971,0.204987,0.972651,-0.048516,0.226847,0.062378,-0.008547,-0.018073,5.241612,2.272162,0.225086,-1.405997,0.023656,0.044076,-0.035205,0.127141,-0.159342,0.979002,0.129904,0.981185,0.142827,-0.983341,0.109017,0.145448,0.031476,-0.009851,-0.004884,0.266947,1.155782,-0.702221,-0.951455,0.072938,0.032138,-0.051203,0.22878,-0.392448,-0.890866,0.966097,0.204006,0.15823,0.119645,-0.896864,0.425815,-0.031377,0.009285,-0.01091,0.026292,-0.215886,-0.022887,0.335543
169,0.140643,-0.042259,0.311928,-0.224453,0.314339,-0.922419,-0.972389,-0.13426,0.190802,-0.063596,0.939388,0.336946,-0.046833,0.029932,-0.029725,-0.064644,-0.647656,-0.193673,0.418183,-0.193948,-0.026372,0.251665,-0.15693,0.195316,0.968099,-0.122011,-0.97652,0.177355,0.980178,-0.090514,0.175841,0.062685,0.01048,-0.014014,-0.21046,1.292529,-0.580046,-1.406332,0.024765,0.043994,-0.035496,0.071874,-0.130195,0.988879,0.163522,0.979567,0.117084,-0.983917,0.153288,0.091695,0.031363,0.00537,-0.006799,-0.234775,1.306121,-0.570644,-0.970234,0.072032,0.032612,-0.051724,0.230459,-0.37332,-0.898621,0.966019,0.198831,0.165142,0.117023,-0.906144,0.406457,-0.015603,0.01478,-0.014915,-0.095441,-0.821314,-0.221169,0.357587
170,0.139951,-0.041835,0.311485,-0.227303,0.300216,-0.926417,-0.971652,-0.133392,0.195117,-0.064724,0.944135,0.323182,-0.046878,0.019855,-0.020266,-0.052771,-0.48348,-0.131087,0.421627,-0.192682,-0.026008,0.251523,-0.132276,0.186397,0.973525,-0.152464,-0.974245,0.165937,0.979521,-0.126692,0.156047,0.063345,0.017532,-0.002873,0.032623,0.959294,-0.540608,-1.406445,0.025421,0.044174,-0.035582,0.045278,-0.119686,0.991778,0.194005,0.974948,0.108798,-0.979954,0.187484,0.067363,0.031728,0.009255,-0.000658,0.029926,0.931288,-0.560549,-0.976765,0.071669,0.032836,-0.051957,0.233279,-0.357244,-0.904409,0.965195,0.198146,0.170689,0.118228,-0.91275,0.391033,-0.015547,0.015066,-0.014589,-0.008047,-0.629347,0.075915,0.366242
171,0.138877,-0.040815,0.310633,-0.235604,0.260578,-0.936288,-0.96949,-0.130085,0.207698,-0.06739,0.956335,0.284445,-0.030728,0.022648,-0.016646,-0.200248,-1.044615,-0.370308,0.431674,-0.189996,-0.025057,0.251694,-0.079611,0.177625,0.980868,-0.178728,-0.970542,0.161366,0.980709,-0.162664,0.107764,0.064421,0.013456,0.016242,-0.253808,1.334345,-0.00877,-1.406079,0.026716,0.044637,-0.035501,-0.004115,-0.107608,0.994184,0.220871,0.969541,0.105855,-0.975294,0.220022,0.019778,0.032268,0.007209,0.008882,-0.205998,1.101744,-0.181041,-0.987869,0.071125,0.033342,-0.052387,0.238579,-0.32026,-0.916794,0.963515,0.195996,0.182271,0.121314,-0.926832,0.355336,-0.007504,0.016221,-0.013071,-0.191968,-1.180742,-0.416919,0.380448
172,0.13805,-0.039522,0.309788,-0.239911,0.222908,-0.944881,-0.967642,-0.133279,0.214192,-0.077897,0.965419,0.248849,-0.014548,0.035155,-0.022912,-0.046559,-0.825384,0.061886,0.436852,-0.187784,-0.02435,0.252396,-0.007852,0.159314,0.987192,-0.225403,-0.96205,0.15358,0.974179,-0.221488,0.04221,0.048659,0.016394,0.021821,5.578033,3.92275,-2.253508,-1.406615,0.027853,0.045006,-0.035138,-0.07601,-0.088714,0.993152,0.260665,0.959628,0.105669,-0.962431,0.266913,-0.049816,0.024372,0.008705,0.011677,1.417574,1.638997,0.089657,-0.993584,0.070706,0.033985,-0.052807,0.241638,-0.281438,-0.928656,0.961354,0.199556,0.189668,0.13194,-0.938599,0.318782,-0.015034,0.013043,-0.00625,-0.112672,-0.837853,-0.176868,0.392532
173,0.137759,-0.038804,0.309364,-0.240984,0.20256,-0.949179,-0.966625,-0.137716,0.215968,-0.086678,0.969296,0.230171,-0.014333,0.036275,-0.021565,-0.048184,-0.918718,0.038462,0.436653,-0.186759,-0.024111,0.252898,0.033415,0.141451,0.989377,-0.253493,-0.956312,0.145401,0.966652,-0.255813,0.002646,0.049213,0.004761,0.029065,-0.201766,1.472934,-0.201305,-1.407142,0.028347,0.045132,-0.034895,-0.116597,-0.065895,0.99099,0.295218,0.950397,0.09793,-0.948288,0.303977,-0.09136,0.032165,0.008419,0.010482,0.26278,1.780881,-0.017502,-0.997667,0.070561,0.034344,-0.053018,0.241437,-0.262114,-0.934346,0.960153,0.204183,0.190826,0.14076,-0.943188,0.300967,-0.007093,0.018443,-0.010404,-0.04179,-1.468473,0.525814,0.395144
174,0.137289,-0.037351,0.308393,-0.236125,0.165743,-0.957507,-0.967158,-0.135468,0.215,-0.09379,0.976624,0.193482,-0.014664,0.034013,-0.024295,0.078208,-2.28242,2.147166,0.422677,-0.184793,-0.024322,0.253955,0.108704,0.089885,0.989998,-0.315896,-0.941108,0.120248,0.942341,-0.325894,-0.075162,0.049321,-0.013121,0.02641,1.371038,2.002052,-0.203605,-1.407453,0.02935,0.045047,-0.034337,-0.187711,-0.010117,0.982172,0.357081,0.930825,0.077833,-0.915017,0.365325,-0.171114,0.024986,-0.012216,0.016777,5.213207,2.238962,-0.977486,-0.998156,0.070321,0.03509,-0.053504,0.234903,-0.226708,-0.94521,0.9607,0.202109,0.190277,0.147898,-0.952761,0.265274,-0.007306,0.016932,-0.012227,0.038683,-2.38106,2.087393,0.387633
175,0.13678,-0.036073,0.307373,-0.230877,0.126414,-0.96476,-0.964239,-0.162346,0.209425,-0.129871,0.978456,0.160578,-0.014909,0.032331,-0.026324,0.02249,-0.790977,0.045042,0.415973,-0.182797,-0.025043,0.254932,0.168031,0.04868,0.984575,-0.34768,-0.931622,0.105515,0.922152,-0.36008,-0.140861,0.049149,-0.015702,0.022157,-0.205899,1.696738,-0.382787,-1.407222,0.030347,0.044684,-0.03385,-0.244958,0.033151,0.968966,0.39058,0.918103,0.067329,-0.887379,0.394952,-0.237845,0.024555,-0.007998,0.010856,-0.208619,1.66126,-0.16161,-1.000606,0.070072,0.035717,-0.054004,0.227071,-0.188,-0.955559,0.956385,0.228179,0.182375,0.183753,-0.955295,0.231613,-0.007488,0.015892,-0.013491,0.071103,-0.882263,-0.246749,0.37359
176,0.136307,-0.035045,0.306458,-0.230572,0.085326,-0.96933,-0.957983,-0.194549,0.210693,-0.170325,0.977078,0.127807,-0.015017,0.031519,-0.027307,1.559213,-1.29712,-0.258009,0.415005,-0.18084,-0.025432,0.255364,0.194792,0.027231,0.980462,-0.375075,-0.921524,0.100229,0.90598,-0.387276,-0.17053,0.047276,0.000973,-0.003157,0.001892,0.788257,-0.238058,-1.407577,0.031327,0.04449,-0.033615,-0.270513,0.055712,0.961102,0.417235,0.906478,0.06489,-0.867604,0.418559,-0.26846,0.023981,-0.005792,0.00142,0.134965,0.598563,0.374953,-1.003382,0.069836,0.03623,-0.054462,0.224275,-0.148593,-0.96313,0.948886,0.258508,0.181075,0.22207,-0.954512,0.198975,-0.007505,0.00993,-0.009612,5.185263,-2.38998,-0.964477,0.368201
177,0.136065,-0.03464,0.306049,-0.223696,0.070368,-0.972139,-0.959055,-0.193641,0.206614,-0.173436,0.978468,0.112016,-0.015489,0.019272,-0.020438,-0.011045,-1.121465,0.979384,0.411339,-0.179901,-0.025567,0.255308,0.1993,0.019934,0.979731,-0.392642,-0.914355,0.098594,0.897514,-0.404329,-0.175641,0.047912,-0.013029,0.000507,1.712971,0.534099,0.091259,-1.407269,0.031796,0.044426,-0.033647,-0.273372,0.063816,0.959788,0.433052,0.899124,0.063562,-0.858913,0.433014,-0.273432,0.023565,-0.000959,-0.004448,5.907975,-0.124091,0.944429,-1.001422,0.069715,0.036439,-0.054668,0.218137,-0.132464,-0.966886,0.949215,0.258973,0.17867,0.22673,-0.956758,0.182229,-0.007688,0.009845,-0.009965,-0.040341,-2.042529,2.484339,0.367548
178,0.135625,-0.034066,0.305139,-0.20601,0.029503,-0.978128,-0.955981,-0.219488,0.194671,-0.208695,0.975142,0.07464,-0.001345,0.001715,-0.01963,1.545691,-1.246153,-0.01058,0.40816,-0.17785,-0.025919,0.255238,0.203025,-0.000834,0.979169,-0.420651,-0.903046,0.086568,0.883885,-0.429433,-0.184927,0.063769,-0.012465,-0.000465,-0.051759,0.182788,-0.223032,-1.407803,0.032815,0.044243,-0.033691,-0.277808,0.084239,0.956935,0.46251,0.884819,0.05638,-0.841965,0.458256,-0.284772,0.023976,-0.006875,-0.000413,-0.055509,0.209116,-0.281556,-1.002729,0.069491,0.036738,-0.055116,0.196763,-0.094986,-0.975838,0.945406,0.282104,0.163167,0.259789,-0.954669,0.145308,-0.007996,0.007117,-0.012949,5.358619,-1.932037,-0.477032,0.360037
179,0.135515,-0.033716,0.304046,-0.184456,-0.008833,-0.982824,-0.950682,-0.252084,0.180635,-0.249128,0.967686,0.039325,-0.001732,-0.000467,-0.022342,0.12614,-0.735106,0.263765,0.405257,-0.176154,-0.026393,0.255067,0.206335,-0.02678,0.978111,-0.44672,-0.8919,0.069934,0.870222,-0.451307,-0.197227,0.032166,-0.015905,-0.00266,-0.046696,0.114246,-0.144028,-1.407565,0.033675,0.044008,-0.033777,-0.279539,0.110409,0.953764,0.489176,0.871147,0.042528,-0.826174,0.478448,-0.297529,0.015683,-0.002109,-0.005007,0.003387,-0.021754,0.043001,-1.001096,0.069435,0.03691,-0.055665,0.173674,-0.056551,-0.983177,0.937686,0.314601,0.147543,0.300965,-0.947537,0.107665,-0.000809,0.004747,-0.016004,0.492954,-0.872699,0.197192,0.356771
180,0.135494,-0.033636,0.303524,-0.176662,-0.023391,-0.984016,-0.951495,-0.251769,0.176755,-0.251667,0.967544,0.023447,-0.001822,-0.000972,-0.022995,-0.025199,-0.754878,0.208134,0.398837,-0.175513,-0.026516,0.254938,0.209811,-0.04024,0.976909,-0.467223,-0.881772,0.064141,0.858546,-0.46981,-0.205038,0.031446,-0.002571,-0.007482,0.150637,0.001508,0.04303,-1.408617,0.033995,0.043937,-0.033846,-0.282508,0.124054,0.951209,0.509364,0.859659,0.039166,-0.812856,0.495577,-0.30605,0.015716,-0.001627,-0.004271,0.479253,0.122553,-0.217813,-0.994401,0.069424,0.036949,-0.055928,0.165011,-0.043047,-0.985351,0.938455,0.314212,0.143431,0.303435,-0.948376,0.092246,-0.000736,0.005149,-0.015529,-0.015431,-0.923,0.16804,0.352525
181,0.135444,-0.033603,0.302499,-0.163806,-0.048665,-0.985314,-0.952643,-0.251573,0.170746,-0.255992,0.966685,-0.003924,-0.001746,0.008933,-0.032799,0.003798,-0.896775,0.149255,0.371323,-0.174161,-0.026461,0.25464,0.227662,-0.071937,0.971075,-0.50148,-0.863461,0.053722,0.834315,-0.499083,-0.233876,0.031511,-0.001399,-0.005739,5.196758,1.074892,-1.686289,-1.40867,0.034671,0.043964,-0.033996,-0.298253,0.154052,0.941972,0.538569,0.841941,0.032833,-0.788027,0.517109,-0.334079,0.015727,-0.000312,-0.002279,-0.58373,1.924275,-1.834388,-0.990645,0.0694,0.036962,-0.056429,0.150723,-0.020539,-0.988362,0.939616,0.31371,0.13677,0.307251,-0.949296,0.066583,-0.001081,-0.001517,-0.012807,0.024171,-0.341111,0.219911,0.327379
182,0.135392,-0.033732,0.301486,-0.14966,-0.070455,-0.986247,-0.949271,-0.268747,0.163194,-0.27637,0.960729,-0.025432,-0.002361,-0.00396,-0.026871,0.486001,-0.542709,-0.070144,0.333633,-0.17278,-0.026532,0.25433,0.249715,-0.094878,0.963655,-0.524588,-0.849703,0.052399,0.813517,-0.518454,-0.263169,0.047285,-0.002543,-0.009453,0.008919,0.523625,0.212921,-1.408726,0.035356,0.043932,-0.034145,-0.317874,0.179481,0.930989,0.565898,0.823756,0.034411,-0.760732,0.537783,-0.363419,0.015749,-0.00157,-0.004279,0.01614,0.618844,0.287624,-0.991462,0.069374,0.036901,-0.056946,0.135143,0.00184,-0.990823,0.935414,0.32949,0.128197,0.326703,-0.944156,0.042807,-0.001174,-0.002122,-0.013581,1.630337,-0.992676,0.046715,0.277902
183,0.134945,-0.033941,0.300424,-0.131983,-0.087044,-0.987446,-0.944348,-0.291737,0.151885,-0.301139,0.952648,-0.042465,-0.018306,-0.005609,-0.029511,0.023914,-0.181142,0.011074,0.336433,-0.171509,-0.026766,0.254025,0.273817,-0.114369,0.954953,-0.542517,-0.838184,0.055294,0.79374,-0.533042,-0.292757,0.015686,-0.003937,-0.008074,-0.747583,2.236737,-2.120028,-1.408782,0.036009,0.043812,-0.034304,-0.34046,0.1986,0.919045,0.582711,0.811671,0.040468,-0.737925,0.549316,-0.392068,0.007768,-0.001988,-0.004109,-0.744189,2.221658,-2.125146,-0.989339,0.069157,0.0368,-0.057473,0.116694,0.018328,-0.992998,0.928939,0.351703,0.115657,0.351361,-0.935931,0.024016,-0.009105,-0.002607,-0.014517,0.028279,-0.292077,0.202547,0.255041
184,0.134676,-0.034094,0.299813,-0.122667,-0.092384,-0.988162,-0.945343,-0.292206,0.144616,-0.301962,0.952008,-0.05026,-0.003335,-0.0092,-0.033651,0.031947,-0.276105,0.224133,0.341793,-0.171072,-0.026868,0.253831,0.281234,-0.129303,0.950884,-0.552377,-0.832033,0.050351,0.784284,-0.539211,-0.306615,0.031482,-0.004825,-0.011383,-0.015996,0.424911,-0.183636,-1.40826,0.036227,0.043764,-0.034397,-0.34738,0.214426,0.912878,0.592405,0.804818,0.036386,-0.726899,0.553434,-0.406605,0.015752,-0.002438,-0.005728,-0.036272,0.320556,-0.23566,-0.990155,0.069017,0.036727,-0.057775,0.107245,0.022986,-0.993966,0.929829,0.351644,0.108457,0.352015,-0.935851,0.016339,-0.009366,-0.003998,-0.0163,0.026058,-0.1552,0.017668,0.256674
185,0.134431,-0.034274,0.298151,-0.110033,-0.104728,-0.988418,-0.94601,-0.293988,0.136408,-0.30474,0.950195,-0.065494,-0.003679,-0.00153,-0.046509,0.05974,-0.238395,0.040891,0.34734,-0.170403,-0.027165,0.253278,0.284549,-0.162679,0.944753,-0.568964,-0.821775,0.029984,0.771123,-0.545824,-0.32758,0.01562,-0.007802,-0.0143,-0.012284,0.120682,-0.152951,-1.408396,0.03655,0.043621,-0.034662,-0.34757,0.246799,0.90459,0.609749,0.792387,0.018097,-0.712319,0.557864,-0.425896,0.007823,-0.003901,-0.007138,-0.031221,0.203418,-0.328747,-0.991298,0.068895,0.036634,-0.058585,0.094122,0.03438,-0.994966,0.930348,0.352719,0.100197,0.354389,-0.935096,0.001214,-0.00192,-0.001349,-0.023981,0.05272,-0.285143,-0.022866,0.266145
186,0.134211,-0.034226,0.296264,-0.108967,-0.117396,-0.987112,-0.945005,-0.295793,0.139443,-0.308223,0.948168,-0.077479,-0.00376,-0.001813,-0.047204,0.052244,-0.183145,-0.158609,0.361187,-0.169953,-0.02722,0.25288,0.282502,-0.174415,0.943272,-0.580431,-0.813931,0.023456,0.763296,-0.553877,-0.332358,-0.000979,0.008643,-0.012188,0.027492,0.103634,-0.145509,-1.408839,0.036787,0.043578,-0.034886,-0.344424,0.258676,0.902473,0.621372,0.783414,0.012593,-0.703753,0.565109,-0.43056,-0.000478,0.004461,-0.005866,0.026787,0.102118,-0.146699,-0.990155,0.068783,0.036653,-0.059551,0.092046,0.047335,-0.994628,0.929296,0.354716,0.102881,0.357681,-0.933774,-0.011338,-0.009479,0.005025,-0.027474,0.088048,-0.291987,-0.037739,0.274962
187,0.13403,-0.034262,0.295304,-0.109583,-0.127387,-0.985804,-0.940673,-0.307105,0.144197,-0.320986,0.943281,-0.084949,-0.003795,-0.001899,-0.047498,0.092015,-0.240948,-0.186216,0.377998,-0.169748,-0.027152,0.25271,0.278575,-0.182203,0.942968,-0.5859,-0.810171,0.016666,0.760563,-0.556865,-0.33363,-0.000974,0.008902,-0.011778,0.025665,-0.012753,-0.044867,-1.40865,0.036889,0.043611,-0.034964,-0.339731,0.266256,0.902047,0.627117,0.778899,0.00628,-0.700932,0.567823,-0.43159,0.007914,-0.000595,-0.001908,-0.013819,0.01739,-0.035511,-0.993748,0.068692,0.036634,-0.060032,0.092138,0.057478,-0.994085,0.924425,0.366088,0.106848,0.370064,-0.928803,-0.019403,-0.001916,-0.001207,-0.024079,0.192983,-0.26977,-0.22037,0.290148
188,0.133876,-0.034171,0.293471,-0.112747,-0.150938,-0.982116,-0.939036,-0.306897,0.154913,-0.324658,0.939897,-0.105911,0.012502,0.010658,-0.05364,0.071659,-0.576479,-0.101475,0.395693,-0.169399,-0.027098,0.252557,0.273559,-0.189704,0.942958,-0.595704,-0.803083,0.011376,0.754755,-0.564563,-0.333881,-6e-06,-0.000276,-0.000441,-0.008142,-0.094893,-0.067215,-1.409002,0.037064,0.043641,-0.035046,-0.334549,0.27346,0.901829,0.63688,0.770958,0.002485,-0.694593,0.575188,-0.432085,0.00839,-0.005503,0.003248,-0.04263,-0.118905,-0.064891,-1.000932,0.068608,0.03667,-0.060952,0.094202,0.080853,-0.992263,0.922915,0.366636,0.117493,0.3733,-0.926844,-0.040083,-0.001613,0.000493,-0.022031,0.02314,-0.678128,-0.228398,0.325909
189,0.134055,-0.033593,0.291439,-0.112687,-0.178211,-0.977542,-0.937154,-0.30787,0.164104,-0.330069,0.934823,-0.131101,0.013023,0.013497,-0.050178,0.073993,-0.586159,-0.110227,0.395977,-0.169336,-0.027265,0.252733,0.265401,-0.198139,0.943554,-0.60527,-0.795972,0.003223,0.750055,-0.571677,-0.332364,0.000957,-0.009709,0.010492,-0.068615,-0.402838,-0.275501,-1.409194,0.037095,0.043561,-0.034962,-0.327604,0.281585,0.901879,0.646416,0.762977,-0.003409,-0.689073,0.581872,-0.431976,-0.00791,0.000339,0.001527,-0.089738,-0.637752,-0.468274,-0.998646,0.068697,0.036958,-0.06197,0.092788,0.108653,-0.989739,0.921084,0.368148,0.126766,0.378144,-0.923396,-0.065919,-0.000995,0.013309,-0.028146,0.096052,-0.603328,-0.33239,0.33587
190,0.134135,-0.032934,0.289569,-0.110122,-0.203359,-0.972915,-0.933558,-0.314742,0.1714,-0.340945,0.927402,-0.153976,-0.002257,0.016176,-0.047389,0.069184,-0.679631,-0.209728,0.402177,-0.169434,-0.027511,0.25294,0.251131,-0.209733,0.944954,-0.61526,-0.788202,-0.011309,0.746855,-0.578254,-0.328168,0.000896,-0.012231,0.00647,-0.033004,-0.093542,-0.096739,-1.409122,0.037047,0.043441,-0.034844,-0.310536,0.29244,0.904458,0.657348,0.753373,-0.017896,-0.686629,0.588987,-0.426185,0.000448,-0.006194,0.00313,-0.010659,-0.031786,-0.049539,-0.999299,0.068743,0.037288,-0.062903,0.088715,0.132705,-0.987177,0.917235,0.375519,0.13291,0.388342,-0.917264,-0.088408,-0.001181,0.002862,-0.019147,0.014987,-0.928081,-0.357727,0.341422
191,0.134078,-0.032717,0.288736,-0.108294,-0.209874,-0.971736,-0.933009,-0.315953,0.172163,-0.343029,0.925545,-0.160389,-0.002476,0.005552,-0.038612,0.064422,-0.244177,0.0675,0.405941,-0.169524,-0.027591,0.252981,0.246979,-0.211481,0.945658,-0.620086,-0.784379,-0.013343,0.74425,-0.582793,-0.326048,-3e-06,-0.000121,-0.000193,5.22446,-0.093986,-1.816205,-1.409481,0.037002,0.0434,-0.034826,-0.307891,0.292618,0.905304,0.657724,0.753,-0.019699,-0.687459,0.589376,-0.424305,-0.007935,-0.000481,0.000218,0.010075,0.041605,-0.013447,-0.998646,0.068715,0.0374,-0.063323,0.086887,0.141241,-0.986154,0.916569,0.376511,0.134681,0.390321,-0.915581,-0.096744,-0.001084,0.008193,-0.023599,0.103623,-0.182069,0.099043,0.345994
192,0.133829,-0.032412,0.28727,-0.108329,-0.227887,-0.967666,-0.931635,-0.316352,0.178742,-0.34673,0.92116,-0.176832,-0.017717,0.008605,-0.035274,0.0332,-0.744329,-0.285485,0.426528,-0.169459,-0.027434,0.253006,0.250305,-0.213161,0.944406,-0.628774,-0.777497,-0.008717,0.735801,-0.591333,-0.329826,3e-05,0.001271,0.002025,0.166721,0.304726,0.166983,-1.409195,0.037034,0.043476,-0.034816,-0.309112,0.295751,0.903869,0.670189,0.742064,-0.013611,-0.674755,0.601557,-0.427591,1.9e-05,0.000793,0.001278,0.542442,0.488281,0.177348,-1.000769,0.068596,0.037551,-0.064058,0.085446,0.156077,-0.984041,0.91534,0.377781,0.139399,0.393509,-0.912644,-0.110584,-0.001056,0.003663,-0.018197,0.060373,-0.128502,-0.129151,0.364282
193,0.133444,-0.032368,0.286033,-0.107011,-0.237232,-0.965565,-0.931148,-0.31655,0.180915,-0.348443,0.918741,-0.185822,-0.018408,-0.004351,-0.029706,-0.03667,-0.375431,0.202656,0.452156,-0.169471,-0.027431,0.252994,0.257367,-0.22346,0.940117,-0.641327,-0.767195,-0.006665,0.722405,-0.600891,-0.341941,-1.5e-05,-0.000638,-0.001016,0.029938,0.352426,0.248878,-1.409238,0.037028,0.043481,-0.034817,-0.315565,0.306141,0.898162,0.68206,0.731232,-0.009604,-0.659706,0.60957,-0.439559,-7e-06,-0.000459,-0.00071,0.062604,0.513495,0.358198,-0.99587,0.068398,0.037581,-0.064684,0.083963,0.168201,-0.982169,0.914785,0.377815,0.142905,0.395116,-0.910473,-0.122145,-0.009205,-0.002288,-0.015,-0.039461,-0.366833,0.231182,0.402982
194,0.133226,-0.032603,0.285448,-0.099968,-0.244658,-0.964466,-0.932329,-0.315502,0.176616,-0.347385,0.917161,-0.195361,-0.019308,-0.018429,-0.025621,-0.077843,-0.241336,-0.009212,0.452307,-0.169446,-0.027457,0.252989,0.257241,-0.229603,0.93867,-0.650064,-0.759799,-0.007579,0.714603,-0.607922,-0.345885,-2e-05,-0.000841,-0.001339,5.192193,0.012845,-1.872877,-1.409211,0.03704,0.043468,-0.03482,-0.316825,0.311794,0.89577,0.688846,0.724854,-0.008664,-0.652005,0.614304,-0.444431,-8e-05,-0.000177,-0.000926,5.16053,-0.01753,-1.91432,-0.996197,0.068297,0.037475,-0.064962,0.076547,0.175218,-0.981548,0.915965,0.376541,0.138649,0.393887,-0.909678,-0.131671,-0.001686,-0.004315,-0.017492,-0.205889,-0.73368,0.734587,0.412616
195,0.132591,-0.033372,0.284345,-0.077242,-0.255492,-0.963744,-0.936124,-0.314022,0.158221,-0.342973,0.914725,-0.213717,-0.019466,-0.009298,-0.036865,-0.03518,-0.254719,0.209629,0.441267,-0.169457,-0.027567,0.252892,0.262179,-0.255363,0.930614,-0.670791,-0.741463,-0.014357,0.69334,-0.620127,-0.366857,-8.4e-05,-0.003524,-0.005623,-0.073976,0.828322,-0.438583,-1.409232,0.037035,0.043417,-0.034862,-0.318481,0.336786,0.886083,0.710368,0.703724,-0.012149,-0.62765,0.625576,-0.463365,0.000321,-0.008029,0.000137,-0.316392,2.052899,-2.003121,-0.997993,0.06798,0.037085,-0.065511,0.053397,0.184864,-0.981312,0.919657,0.373792,0.120459,0.389075,-0.908902,-0.150052,-0.017618,-0.00921,-0.013266,-0.23687,-0.672511,0.897625,0.40984
196,0.131531,-0.034033,0.283202,-0.0726,-0.256736,-0.963775,-0.936588,-0.314591,0.1543,-0.342727,0.914182,-0.216417,-0.034975,-0.006566,-0.034124,0.03534,-0.046149,0.052888,0.448327,-0.169173,-0.027927,0.252418,0.251098,-0.304811,0.918712,-0.751789,-0.659223,-0.013117,0.60931,-0.686964,-0.395833,-0.000236,-0.010174,-0.016309,5.076997,0.732182,-2.205275,-1.409457,0.037176,0.043246,-0.035087,-0.304418,0.383322,0.872005,0.78292,0.622121,-0.000158,-0.542554,0.682663,-0.489495,0.000338,-0.011663,-0.00554,-0.233424,0.610453,-1.016494,-1.005831,0.067455,0.036749,-0.06609,0.048574,0.185603,-0.981423,0.920071,0.374093,0.116285,0.388726,-0.908628,-0.152597,-0.01765,-0.008936,-0.013068,-0.003045,0.078077,-0.132061,0.406248
