frame,MLTx,MLTy,MLTz,MLTR1,MLTR2,MLTR3,MLTR4,MLTR5,MLTR6,MLTR7,MLTR8,MLTR9,MLTTVx,MLTTVy,MLTTVz,MLTRVx,MLTRVy,MLTRVz,MLGA,MRTx,MRTy,MRTz,MRTR1,MRTR2,MRTR3,MRTR4,MRTR5,MRTR6,MRTR7,MRTR8,MRTR9,MRTTVx,MRTTVy,MRTTVz,MRTRVx,MRTRVy,MRTRVz,MRGA,SLTx,SLTy,SLTz,SLTR1,SLTR2,SLTR3,SLTR4,SLTR5,SLTR6,SLTR7,SLTR8,SLTR9,SLTTVx,SLTTVy,SLTTVz,SLTRVx,SLTRVy,SLTRVz,SLGA,SRTx,SRTy,SRTz,SRTR1,SRTR2,SRTR3,SRTR4,SRTR5,SRTR6,SRTR7,SRTR8,SRTR9,SRTTVx,SRTTVy,SRTTVz,SRTRVx,SRTRVy,SRTRVz,SRGA
298,0.166164,-0.018177,0.300735,-0.393914,-0.285291,-0.873777,-0.25286,-0.88031,0.401357,-0.883213,0.379394,0.27572,0.014927,-0.000398,-0.000719,0.197453,0.510022,0.358603,-1.915445,-0.141152,-0.023814,0.304304,-0.521237,-0.594077,0.61268,0.851236,-0.412196,0.324695,0.060293,0.691515,0.719746,-0.034563,0.04064,-0.011998,-3.475928,-2.517471,-2.351103,0.046004,0.058268,0.031716,-0.022592,0.549842,0.612544,0.567858,-0.826784,0.495783,0.265755,-0.118748,-0.61562,0.779044,-0.009719,0.02022,-0.007087,-0.365638,-0.750542,1.153233,-0.164231,0.080142,0.030433,-0.06968,0.448853,0.299889,-0.841781,0.087302,0.922784,0.375297,0.88933,-0.241942,0.388013,0.007485,-4.5e-05,-0.000186,0.308182,0.673134,0.459558,-1.084595
299,0.166401,-0.018288,0.300808,-0.399535,-0.282453,-0.872145,-0.251778,-0.880969,0.400591,-0.880989,0.379984,0.281952,5.4e-05,0.000711,0.000811,0.074982,0.196094,0.12283,-1.915447,-0.141718,-0.023209,0.303952,-0.508201,-0.618339,0.599482,0.861002,-0.37774,0.34047,0.016549,0.689951,0.723572,-0.0338,0.031516,-0.02254,-0.24813,-0.61402,0.761554,0.068035,0.057971,0.032043,-0.022762,0.536564,0.639116,0.551025,-0.840867,0.459871,0.285411,-0.070989,-0.61648,0.784162,-0.016836,0.015111,-0.011982,-0.182626,-0.670287,0.744894,-0.13043,0.080261,0.030378,-0.069643,0.455952,0.296557,-0.839142,0.086072,0.92374,0.373221,0.885831,-0.242398,0.395656,0.007562,-0.005269,0.004274,0.037699,0.207888,0.147378,-1.084268
300,0.1669,-0.018672,0.301111,-0.418068,-0.267876,-0.868048,-0.259942,-0.880317,0.396794,-0.869934,0.391857,0.299485,0.015118,-0.010706,0.008367,0.075952,0.824868,-0.448862,-1.91539,-0.143109,-0.022728,0.303001,-0.482061,-0.644478,0.593513,0.875861,-0.340449,0.341899,-0.01769,0.685451,0.72781,-0.031638,0.008616,-0.028068,-0.171576,-0.526255,0.229379,0.104524,0.057275,0.032282,-0.023239,0.512302,0.666304,0.541835,-0.857996,0.424466,0.289259,-0.037256,-0.61308,0.789141,-0.015759,0.003729,-0.014664,-0.170332,-0.548867,0.239393,-0.074258,0.080505,0.030193,-0.069491,0.474506,0.284929,-0.832861,0.095053,0.924044,0.370278,0.875104,-0.254865,0.411382,0.007588,-0.005206,0.004352,0.074064,2.012766,-1.987413,-1.084595
301,0.167527,-0.018988,0.301489,-0.436569,-0.260365,-0.861199,-0.261524,-0.879163,0.398309,-0.860302,0.399432,0.3168,0.015173,0.002823,0.002924,0.190546,0.593998,0.174086,-1.91513,-0.144099,-0.022979,0.302226,-0.436123,-0.673217,0.597132,0.898283,-0.287203,0.332468,-0.051787,0.682227,0.72921,-0.014155,-0.013351,-0.01355,0.990443,1.653959,-1.275161,0.142966,0.056792,0.032154,-0.023631,0.469362,0.698826,0.539759,-0.883004,0.372457,0.285619,-0.001439,-0.610669,0.791883,-0.007036,-0.007032,-0.007154,-0.278715,-0.436934,0.073536,-0.025108,0.080813,0.030031,-0.069306,0.492308,0.281838,-0.823528,0.096484,0.922626,0.373431,0.865056,-0.263301,0.427023,0.007643,-0.004207,0.005473,-0.022463,0.182637,-0.09459,-1.082309
302,0.167736,-0.019055,0.301674,-0.446108,-0.260507,-0.856253,-0.258652,-0.878364,0.401929,-0.856257,0.401095,0.325535,0.015271,0.004226,0.004514,0.08966,0.314017,0.033539,-1.915166,-0.144265,-0.023293,0.302077,-0.421056,-0.684147,0.595522,0.904583,-0.269373,0.330306,-0.065041,0.678626,0.731505,-0.013118,-0.021954,-0.002526,-3.271826,-2.007574,-3.811184,0.157217,0.056699,0.031979,-0.023725,0.455021,0.709112,0.538623,-0.890434,0.356215,0.28326,0.008998,-0.608498,0.793503,-0.00657,-0.010883,-0.001261,-3.304772,-1.990767,-3.786251,-0.002247,0.080929,0.029995,-0.069209,0.502979,0.281851,-0.81705,0.093166,0.922145,0.375457,0.859262,-0.264968,0.43756,0.007634,0.002192,0.002337,0.074163,0.286284,0.028949,-1.085248
303,0.167385,-0.019052,0.302122,-0.466651,-0.258805,-0.845755,-0.25219,-0.877612,0.407639,-0.847169,0.403833,0.345328,-0.029297,-0.004409,0.016374,0.112472,0.52966,-0.009099,-1.916319,-0.144273,-0.024201,0.302486,-0.376872,-0.715676,0.58802,0.920612,-0.219941,0.322542,-0.101042,0.663784,0.740975,0.003528,-0.031061,0.027072,0.105054,-0.453271,0.107769,0.196599,0.056697,0.031509,-0.023538,0.412288,0.743006,0.527218,-0.909842,0.305964,0.280308,0.046961,-0.595253,0.802163,0.001732,-0.015094,0.014067,0.128546,-0.469087,0.100194,0.043311,0.080764,0.029999,-0.068991,0.5211,0.284286,-0.804757,0.086484,0.920456,0.381157,0.849102,-0.26822,0.455063,-0.007138,-0.001668,0.008655,0.222502,0.786856,-0.015708,-1.086228
304,0.166426,-0.019355,0.302921,-0.477025,-0.260097,-0.839549,-0.249405,-0.875897,0.413005,-0.842191,0.406721,0.354005,-0.014146,-0.014604,0.025277,-0.037715,0.106007,0.008108,-1.916994,-0.143793,-0.025307,0.304142,-0.337575,-0.745069,0.575244,0.931957,-0.179093,0.315143,-0.131367,0.643414,0.754072,0.018766,-0.025971,0.052066,-0.075247,-0.327731,-0.018983,0.262049,0.056924,0.030968,-0.022758,0.374916,0.77373,0.510664,-0.923831,0.265897,0.27538,0.077286,-0.575013,0.814485,0.009348,-0.01278,0.026276,-0.980651,-0.798212,-1.200019,0.11173,0.08029,0.029857,-0.068604,0.531365,0.286364,-0.797274,0.083286,0.918914,0.385563,0.843038,-0.271277,0.464429,-0.00708,-0.007262,0.012694,-0.038283,0.230167,-0.148069,-1.083942
305,0.166096,-0.019617,0.303472,-0.481015,-0.255688,-0.838626,-0.255148,-0.874314,0.412852,-0.83819,0.412876,0.356368,-0.01383,-0.02302,0.036497,0.090557,0.516407,0.234594,-1.917234,-0.143428,-0.025807,0.305226,-0.325205,-0.755719,0.568437,0.935377,-0.169129,0.310482,-0.138098,0.633613,0.761135,0.018602,-0.023676,0.054653,0.010489,-0.266763,0.06886,0.304692,0.057106,0.030723,-0.022209,0.363047,0.784678,0.502469,-0.927902,0.255383,0.271617,0.08481,-0.564853,0.820821,0.009232,-0.011238,0.028036,-0.009871,-0.260143,0.056151,0.157941,0.080119,0.029725,-0.068338,0.533898,0.284608,-0.796209,0.08932,0.917396,0.38782,0.840817,-0.278174,0.464375,-0.006974,-0.005858,0.014277,-0.115895,0.032307,-0.031182,-1.086065
306,0.165812,-0.020027,0.30485,-0.487844,-0.253218,-0.835425,-0.261005,-0.87093,0.416329,-0.832417,0.421464,0.359831,0.001425,-0.006681,0.033841,-0.02338,0.106471,0.079472,-1.917319,-0.142676,-0.02617,0.306997,-0.304304,-0.771755,0.558376,0.940232,-0.149643,0.305786,-0.152062,0.619015,0.770429,0.016069,-0.001193,0.038463,0.010656,-0.200592,0.163247,0.354105,0.057489,0.030537,-0.021282,0.343383,0.800812,0.490701,-0.933864,0.235536,0.26911,0.099928,-0.550656,0.828728,0.015475,0.000611,0.019641,-0.03476,-0.09693,0.058346,0.252486,0.079971,0.029515,-0.067655,0.54229,0.281567,-0.791606,0.094896,0.915619,0.390685,0.834814,-0.286985,0.469812,0.000718,-0.003068,0.017236,0.010163,0.166111,0.115954,-1.088351
307,0.165876,-0.020356,0.306183,-0.497247,-0.241626,-0.833312,-0.272606,-0.868304,0.414375,-0.823078,0.433508,0.366934,0.001293,-0.00832,0.031912,-0.025399,0.101612,0.076786,-1.916516,-0.141738,-0.02589,0.308162,-0.287378,-0.78096,0.554534,0.942937,-0.129341,0.306716,-0.167456,0.612005,0.772833,0.029901,0.009105,0.027244,-0.040317,0.034502,-0.058459,0.386293,0.057952,0.030679,-0.020689,0.327526,0.8104,0.485775,-0.937688,0.215647,0.272464,0.116049,-0.544744,0.830532,0.007493,0.003169,0.013022,-0.034784,-0.029156,0.06147,0.299677,0.079999,0.029352,-0.066962,0.553167,0.271089,-0.787728,0.106862,0.914671,0.389817,0.826187,-0.299813,0.476997,0.00062,-0.004272,0.015835,-0.041025,0.104408,0.049705,-1.088514
308,0.166201,-0.020466,0.306965,-0.511026,-0.236467,-0.826426,-0.280096,-0.863149,0.420109,-0.812041,0.446456,0.375891,0.000534,0.006989,0.007759,-0.078527,0.44595,-0.659814,-1.915979,-0.141032,-0.025342,0.308811,-0.277462,-0.784067,0.555198,0.944572,-0.117377,0.306496,-0.174806,0.610441,0.772442,0.014084,0.012561,0.012251,-0.009197,0.071029,-0.116893,0.425409,0.05831,0.030959,-0.02035,0.318003,0.814086,0.485938,-0.940016,0.203991,0.273415,0.123456,-0.543737,0.830124,0.006399,0.011785,0.001978,0.031768,0.04982,-0.069985,0.355686,0.080162,0.029301,-0.066551,0.566173,0.267628,-0.77963,0.114815,0.910999,0.396104,0.816251,-0.313777,0.485055,0.007764,-0.002628,0.007225,-0.326065,1.48136,-2.293003,-1.08884
309,0.166441,-0.020451,0.307069,-0.516334,-0.236728,-0.823046,-0.278284,-0.86252,0.422597,-0.809297,0.447532,0.380499,0.015109,0.002352,0.002333,0.029965,0.039219,0.093482,-1.916116,-0.140754,-0.025057,0.308876,-0.268871,-0.785643,0.557193,0.945558,-0.105457,0.307787,-0.182721,0.610591,0.77049,0.013256,0.01782,-0.002541,0.026749,-0.010509,0.057212,0.430444,0.058444,0.031103,-0.020308,0.309611,0.816231,0.487757,-0.94172,0.192254,0.276046,0.131544,-0.544798,0.828184,0.006629,0.008815,-0.001386,0.05232,-0.039136,0.07945,0.374954,0.080277,0.029313,-0.066494,0.571404,0.269471,-0.775165,0.112364,0.909969,0.39916,0.812939,-0.315182,0.489681,2.6e-05,0.000477,0.000523,0.022711,0.059159,0.044183,-1.092106
310,0.166746,-0.020517,0.306913,-0.521605,-0.236959,-0.819649,-0.276251,-0.862021,0.424944,-0.806605,0.448372,0.385199,-0.000301,-0.004022,-0.004466,0.028362,0.067865,0.041039,-1.91669,-0.140185,-0.024742,0.308904,-0.263971,-0.789793,0.553658,0.944688,-0.096148,0.313457,-0.194009,0.60676,0.770756,0.014753,0.003721,0.00223,0.001517,-0.01483,0.029684,0.430703,0.058728,0.03126,-0.020302,0.305042,0.820375,0.483667,-0.941561,0.183607,0.282402,0.142871,-0.541547,0.828441,0.00736,0.00203,0.001299,0.01739,-0.031147,0.049844,0.387527,0.080435,0.029281,-0.066572,0.576054,0.270547,-0.77134,0.110172,0.909329,0.401225,0.809952,-0.316108,0.494016,0.00725,-0.002886,-0.003352,0.024078,0.065899,0.048774,-1.095372
311,0.166875,-0.020605,0.306828,-0.521425,-0.236788,-0.819813,-0.276405,-0.862076,0.424732,-0.806669,0.448356,0.385083,9.3e-05,-0.011489,0.00779,-0.035622,0.013075,-0.018199,-1.916102,-0.139652,-0.024518,0.308975,-0.254932,-0.804396,0.536608,0.941562,-0.080407,0.326999,-0.219576,0.589614,0.777177,-0.000232,0.002801,0.003158,-1.070307,-2.011835,1.567846,0.430617,0.059006,0.031368,-0.020272,0.29608,0.833061,0.467274,-0.940334,0.168354,0.295683,0.167655,-0.526939,0.833202,0.007331,0.002325,0.001632,-0.012857,-0.035582,0.014578,0.390793,0.080498,0.029227,-0.066633,0.575795,0.270407,-0.771582,0.110451,0.909346,0.401111,0.810098,-0.316179,0.49373,-9e-06,-0.000118,-0.000133,3.6e-05,-0.00201,-0.001385,-1.098311
312,0.166864,-0.020607,0.306841,-0.521044,-0.236502,-0.820138,-0.276669,-0.862187,0.424334,-0.806825,0.448293,0.38483,2e-06,2.4e-05,2.7e-05,0.0,0.0,0.0,-1.916306,-0.139405,-0.024392,0.309005,-0.244703,-0.812477,0.529143,0.94062,-0.066735,0.332738,-0.234729,0.580156,0.779862,0.014692,0.00426,0.002822,-0.339995,-0.632329,0.467183,0.430281,0.059124,0.03143,-0.020258,0.287376,0.841595,0.457309,-0.939881,0.155812,0.303882,0.184492,-0.517145,0.835776,0.007315,0.002368,0.001674,-1.131693,-2.062566,1.47871,0.392263,0.080493,0.029222,-0.066623,0.575488,0.27009,-0.771922,0.110735,0.909461,0.40077,0.810278,-0.316118,0.493476,4e-06,5.4e-05,5.8e-05,0.000826,-0.000685,-0.000695,-1.100924
313,0.166732,-0.020764,0.306963,-0.519576,-0.235401,-0.821384,-0.278008,-0.862433,0.422957,-0.807313,0.448398,0.383683,3.3e-05,0.000438,0.000487,0.0,0.0,0.0,-1.916035,-0.138809,-0.024302,0.309336,-0.227084,-0.824843,0.517743,0.93876,-0.044144,0.341636,-0.258662,0.564644,0.783667,0.015717,-0.003779,0.014417,-0.033234,-0.023114,0.035713,0.430289,0.059422,0.031474,-0.020102,0.271089,0.854166,0.443746,-0.939417,0.13431,0.315366,0.209775,-0.502355,0.838828,0.00786,-0.001961,0.007128,-0.016686,-0.103064,0.179534,0.392589,0.080426,0.029143,-0.066563,0.574318,0.26877,-0.773253,0.112142,0.909833,0.399533,0.810914,-0.316173,0.492393,-0.007377,-0.005065,0.004793,-0.030785,-0.076998,0.121014,-1.102394
314,0.166645,-0.020824,0.307067,-0.520493,-0.232631,-0.821593,-0.278582,-0.863276,0.420854,-0.806523,0.448218,0.38555,4.2e-05,0.000555,0.000617,0.000182,0.000441,0.000266,-1.916144,-0.13812,-0.024332,0.309816,-0.217362,-0.832612,0.509413,0.938741,-0.03554,0.342689,-0.266956,0.553732,0.788656,0.01581,-0.004932,0.0131,0.102143,-0.15548,-0.088408,0.430852,0.059772,0.031462,-0.019851,0.26232,0.861542,0.434664,-0.939893,0.126071,0.317341,0.218604,-0.491783,0.842829,0.007899,-0.002471,0.006537,0.133965,-0.177599,-0.098062,0.393079,0.080383,0.029114,-0.066509,0.575656,0.266097,-0.773182,0.112812,0.91068,0.39741,0.809872,-0.315996,0.494219,2.4e-05,0.000345,0.000384,-0.004588,-0.006455,-0.003354,-1.103374
315,0.166734,-0.020838,0.307049,-0.524013,-0.231692,-0.819618,-0.277527,-0.86334,0.42142,-0.804602,0.44858,0.389125,-0.000104,-0.001393,-0.001548,0.000182,0.000441,0.000266,-1.915301,-0.137368,-0.024624,0.310368,-0.200996,-0.837566,0.508012,0.939471,-0.018121,0.342053,-0.27704,0.547057,0.789837,0.017227,-0.017122,0.020032,-0.101906,-0.410165,-0.561456,0.430531,0.060142,0.031323,-0.019582,0.247387,0.866785,0.432992,-0.941399,0.109279,0.3191,0.229274,-0.48656,0.843025,0.015386,-0.002054,0.005962,-0.492486,-1.007164,-1.474659,0.393732,0.080428,0.029111,-0.066514,0.579026,0.26574,-0.770785,0.111698,0.91062,0.39786,0.80762,-0.316467,0.49759,0.007393,-0.001031,-0.001287,-0.004297,-0.006721,0.002354,-1.104843
316,0.166844,-0.02087,0.307012,-0.523836,-0.231529,-0.819778,-0.277655,-0.863403,0.421206,-0.804674,0.448542,0.389021,-0.000104,-0.001393,-0.001549,3e-06,6e-06,4e-06,-1.915703,-0.137021,-0.024863,0.310691,-0.196083,-0.838804,0.507888,0.939243,-0.01205,0.342944,-0.281303,0.545321,0.78953,0.017229,-0.017055,0.020102,-0.065637,-0.017289,0.012632,0.430631,0.060315,0.031202,-0.019422,0.24113,0.869073,0.431934,-0.942043,0.102627,0.319409,0.233262,-0.483919,0.843451,0.015446,-0.002706,0.005258,-0.044952,-0.011351,0.041182,0.393896,0.080483,0.029093,-0.066534,0.578842,0.265593,-0.770974,0.11185,0.910674,0.397695,0.807731,-0.316436,0.49743,0.00739,-0.001076,-0.001339,0.00079,-0.016019,0.028827,-1.105006
317,0.167119,-0.02093,0.30694,-0.523293,-0.231048,-0.82026,-0.278037,-0.863593,0.420566,-0.804896,0.448425,0.388697,0.014838,-0.001459,-0.001911,0.000984,-0.014715,0.029553,-1.915505,-0.136362,-0.025243,0.311218,-0.182377,-0.843505,0.505203,0.938088,0.004431,0.346274,-0.294099,0.538128,0.789802,0.015912,-0.005935,0.011939,-0.870834,-0.597352,-1.273819,0.430319,0.06064,0.031009,-0.019162,0.23281,0.872888,0.428794,-0.941588,0.091995,0.323955,0.24333,-0.479168,0.843319,0.007958,-0.003088,0.005828,-0.039716,-0.018125,0.020605,0.394059,0.080615,0.029063,-0.066571,0.578424,0.265058,-0.771472,0.112245,0.91088,0.397113,0.807976,-0.316293,0.497123,0.0074,-0.000993,-0.00125,0.001348,-0.014933,0.029293,-1.103373
318,0.167284,-0.020989,0.306886,-0.524982,-0.232174,-0.818861,-0.277249,-0.862969,0.422363,-0.804066,0.449046,0.389697,-5.2e-05,-0.000712,-0.000793,0.0,0.0,0.0,-1.915209,-0.135709,-0.025259,0.311715,-0.172071,-0.851762,0.494859,0.934787,0.017097,0.354703,-0.310373,0.524683,0.792616,0.01417,0.009369,0.008437,-0.339437,-0.648332,0.488864,0.430019,0.060979,0.030991,-0.01891,0.218303,0.882111,0.4174,-0.939595,0.074442,0.334092,0.263634,-0.46512,0.845078,0.007059,0.004851,0.004397,-0.370295,-0.706682,0.528883,0.393569,0.080703,0.029031,-0.0666,0.579766,0.266461,-0.76998,0.111341,0.910238,0.398834,0.807139,-0.316961,0.498057,-2.3e-05,-0.00033,-0.00037,0.000334,-0.000399,0.00022,-1.104353
319,0.167372,-0.02104,0.306874,-0.52628,-0.229657,-0.818738,-0.277441,-0.863784,0.420566,-0.803149,0.448768,0.391899,0.014956,-0.012761,0.006081,0.018757,0.128615,0.089979,-1.914992,-0.135346,-0.025129,0.311994,-0.165565,-0.857621,0.486894,0.932318,0.024662,0.360706,-0.321154,0.514729,0.794845,0.028841,0.013194,0.010654,-0.238777,-0.229162,-0.308191,0.430239,0.061149,0.03105,-0.018775,0.212803,0.887547,0.408623,-0.937639,0.067856,0.34092,0.274855,-0.45569,0.84664,0.006936,0.00612,0.005787,-0.823494,-0.655254,-1.239724,0.393732,0.080741,0.029012,-0.066607,0.58122,0.264374,-0.769603,0.111435,0.910985,0.397099,0.806079,-0.316563,0.500023,-5.4e-05,-0.000758,-0.000847,0.07932,0.176313,0.104593,-1.104517
320,0.16757,-0.021097,0.306806,-0.526039,-0.229425,-0.818958,-0.277621,-0.863872,0.420266,-0.803245,0.448718,0.391761,-9e-05,-0.001247,-0.001389,1.1e-05,2.8e-05,1.7e-05,-1.915278,-0.134762,-0.024637,0.312533,-0.147177,-0.870011,0.470544,0.927009,0.044412,0.37231,-0.344631,0.492079,0.799344,0.01357,0.01495,0.014556,-0.000477,-0.049149,0.068256,0.430593,0.061452,0.031301,-0.018502,0.195093,0.899576,0.390769,-0.933807,0.048539,0.354467,0.299902,-0.434058,0.8495,0.00676,0.00764,0.007462,0.007124,-0.038937,0.062437,0.394386,0.080846,0.028978,-0.066639,0.581194,0.263858,-0.7698,0.111833,0.9111,0.396723,0.806043,-0.316662,0.500017,0.00741,-0.000921,-0.001177,-0.000191,-0.016692,0.028449,-1.100924
321,0.16769,-0.021146,0.306748,-0.527775,-0.230598,-0.817511,-0.276776,-0.863241,0.422115,-0.802397,0.449332,0.392795,-0.000114,-0.001577,-0.001758,0.0,0.0,0.0,-1.915303,-0.134244,-0.024065,0.313118,-0.147292,-0.876279,0.458729,0.923802,0.043666,0.380285,-0.353086,0.480881,0.802463,0.013474,0.015411,0.014979,0.005845,-0.044146,0.078992,0.430631,0.061701,0.031579,-0.018217,0.195733,0.904647,0.378552,-0.930717,0.049752,0.362338,0.308954,-0.423247,0.851708,0.006757,0.007423,0.007175,0.008408,-0.022458,0.050722,0.395039,0.080906,0.028955,-0.066667,0.582577,0.265351,-0.768239,0.11086,0.910429,0.398532,0.805179,-0.317342,0.500978,-6.5e-05,-0.000902,-0.001008,-0.000177,0.013734,-0.023082,-1.101251
322,0.167743,-0.021197,0.306706,-0.529037,-0.228065,-0.817406,-0.276953,-0.864085,0.420271,-0.801504,0.449,0.394991,-2.1e-05,-0.000296,-0.00033,0.012328,0.030198,0.018227,-1.914929,-0.133827,-0.023696,0.313784,-0.133326,-0.880284,0.45532,0.921918,0.058285,0.38289,-0.363426,0.471915,0.803169,0.014965,0.002687,0.021293,-0.045665,0.077642,-0.137288,0.43047,0.061913,0.031779,-0.017876,0.182272,0.909196,0.37435,-0.929796,0.03556,0.366353,0.319775,-0.414845,0.851849,0.007441,0.001652,0.010985,-0.02843,-0.034732,0.058755,0.395365,0.080932,0.028926,-0.066691,0.584301,0.262852,-0.767789,0.111014,0.91131,0.39647,0.803907,-0.316893,0.503299,-1e-05,-0.000124,-0.000138,-0.005084,0.012166,0.010286,-1.101087
323,0.167765,-0.021204,0.306698,-0.531,-0.229436,-0.815748,-0.275945,-0.863374,0.422388,-0.800551,0.44967,0.39616,-3e-06,-3.7e-05,-4.1e-05,-0.028989,0.136754,-0.205649,-1.914976,-0.133625,-0.023654,0.314184,-0.131493,-0.881177,0.454124,0.922504,0.05877,0.381402,-0.36261,0.470183,0.804553,0.015005,0.002179,0.020705,-0.02058,0.038543,-0.128457,0.430474,0.062014,0.0318,-0.017675,0.180452,0.910144,0.372925,-0.930487,0.035076,0.364642,0.318796,-0.412803,0.853207,0.00754,0.000622,0.009838,-0.030716,-0.032669,0.019625,0.395365,0.080943,0.028923,-0.066695,0.585744,0.264654,-0.766069,0.109996,0.910483,0.398649,0.802997,-0.317771,0.504199,2e-06,3e-05,3.3e-05,-0.037669,0.142068,-0.224489,-1.101577
324,0.167821,-0.021207,0.306708,-0.532439,-0.227039,-0.81548,-0.276011,-0.864159,0.420738,-0.799571,0.449376,0.398467,0.0,0.0,0.0,0.000562,0.001377,0.000831,-1.915079,-0.13324,-0.023797,0.31506,-0.126212,-0.882014,0.453997,0.921457,0.065102,0.382899,-0.367124,0.467766,0.803915,0.00026,-0.000317,0.019941,-0.03256,-0.021151,0.030049,0.430757,0.062213,0.031728,-0.017238,0.17522,0.911205,0.37283,-0.929798,0.028653,0.36695,0.323684,-0.410954,0.852258,0.008251,-0.005281,0.01352,-0.068667,-0.012933,0.015322,0.395365,0.080971,0.028922,-0.066688,0.587481,0.262454,-0.765495,0.110135,0.911213,0.396937,0.801708,-0.317501,0.506415,0.0,1.2e-05,1.2e-05,-0.007945,-0.009583,-0.004405,-1.097658
325,0.167832,-0.021236,0.306707,-0.53399,-0.224737,-0.815104,-0.276021,-0.86489,0.419226,-0.798531,0.449123,0.400829,-4.5e-05,-0.000625,-0.000697,0.00018,0.000442,0.000267,-1.914194,-0.13282,-0.023947,0.315923,-0.12632,-0.885394,0.44734,0.920261,0.063607,0.386015,-0.370074,0.461536,0.806159,0.015203,-3.3e-05,0.018199,-0.031775,-0.022684,0.03394,0.430797,0.062417,0.031655,-0.016804,0.175627,0.913961,0.365826,-0.928584,0.030388,0.369876,0.326935,-0.404661,0.854026,0.007582,5.4e-05,0.009171,-0.039479,-0.013003,0.034306,0.395365,0.080977,0.028909,-0.066688,0.589238,0.26043,-0.764835,0.11025,0.911855,0.395428,0.800401,-0.317325,0.508588,-2.5e-05,-0.000346,-0.000384,-0.004561,-0.006186,-0.003125,-1.095046
326,0.167866,-0.021254,0.306718,-0.533968,-0.22471,-0.815125,-0.276083,-0.864876,0.419214,-0.798524,0.449165,0.400797,0.000128,-0.011207,0.008105,-0.035635,0.012975,-0.018253,-1.914653,-0.132597,-0.023989,0.316349,-0.120284,-0.888249,0.443326,0.919699,0.06826,0.386558,-0.373473,0.455332,0.808117,0.016418,-0.009626,0.027999,-0.056699,-0.027381,0.006229,0.430749,0.062528,0.031634,-0.016606,0.169796,0.916848,0.361329,-0.928404,0.025856,0.37067,0.330505,-0.398398,0.855596,0.007539,0.000423,0.00956,-0.040192,-0.016248,0.0238,0.395202,0.080993,0.028904,-0.066687,0.589173,0.260433,-0.764884,0.110309,0.911843,0.39544,0.80044,-0.317357,0.508505,-1e-06,7e-06,8e-06,-0.000327,-0.00118,-0.000762,-1.095209
327,0.16798,-0.021345,0.306799,-0.537317,-0.223622,-0.813222,-0.275425,-0.864835,0.41973,-0.7965,0.449784,0.404116,0.000133,-0.011162,0.008155,-0.035161,0.014126,-0.017558,-1.914956,-0.13216,-0.024101,0.317232,-0.111458,-0.893884,0.434211,0.91975,0.072526,0.38566,-0.37609,0.443467,0.813484,0.000273,-0.000649,0.019473,0.291105,-0.352482,-0.217405,0.430839,0.062752,0.031576,-0.016145,0.162691,0.921645,0.35228,-0.928177,0.021848,0.371495,0.33469,-0.387417,0.859004,0.000122,-0.000321,0.009734,0.444127,-0.457821,-0.243899,0.395529,0.081051,0.028854,-0.066643,0.59247,0.259845,-0.762535,0.109599,0.911752,0.395849,0.798102,-0.318101,0.511706,6.6e-05,-0.005587,0.004068,-0.042428,0.004179,-0.022043,-1.093903
328,0.168016,-0.021564,0.306956,-0.538691,-0.221151,-0.812988,-0.276082,-0.865338,0.418259,-0.795343,0.450034,0.406111,0.000148,-0.010962,0.00838,-0.034564,0.01558,-0.016683,-1.914359,-0.131776,-0.024432,0.318114,-0.104215,-0.897212,0.429117,0.92217,0.074265,0.379502,-0.372235,0.436389,0.819066,0.016763,-0.012993,0.024295,0.243035,-0.345709,-0.19756,0.43258,0.062944,0.031414,-0.015699,0.155428,0.9251,0.346456,-0.930826,0.019722,0.36493,0.330764,-0.37921,0.864172,0.008385,-0.006649,0.011977,0.329994,-0.409223,-0.21328,0.397161,0.081068,0.028748,-0.066568,0.594145,0.257549,-0.76201,0.110323,0.912306,0.394367,0.796755,-0.318379,0.513629,8e-06,0.000151,0.000166,-0.009983,-0.011366,-0.005191,-1.097005
329,0.168068,-0.021645,0.307174,-0.541759,-0.216505,-0.8122,-0.276489,-0.866601,0.415366,-0.793113,0.449857,0.410643,0.000215,0.003032,0.003377,0.028677,0.053502,0.065785,-1.914045,-0.131495,-0.024657,0.318987,-0.095491,-0.901363,0.422396,0.925388,0.07582,0.37127,-0.36656,0.427459,0.826303,0.01496,0.001815,0.020044,0.249913,-0.333554,-0.130236,0.431673,0.06308,0.031293,-0.015287,0.147241,0.929048,0.339394,-0.933939,0.0176,0.356996,0.325694,-0.369538,0.870266,0.007483,0.000757,0.009854,0.478606,-0.523234,-0.248396,0.397161,0.081095,0.028703,-0.066464,0.597703,0.253455,-0.760599,0.110751,0.913513,0.391442,0.79403,-0.318203,0.51794,9.5e-05,0.001391,0.001547,0.027294,0.082224,0.051347,-1.101577
330,0.168084,-0.021682,0.307286,-0.543248,-0.214153,-0.811829,-0.276722,-0.867238,0.413877,-0.792011,0.449751,0.412879,0.000315,-0.008619,0.01099,-0.015121,0.063339,0.012014,-1.914677,-0.131359,-0.02455,0.319337,-0.093146,-0.904202,0.416815,0.926144,0.074836,0.369583,-0.365257,0.421586,0.829889,0.013446,0.013881,0.012846,0.364397,-0.41861,-0.187023,0.431411,0.063154,0.031347,-0.015097,0.14517,0.931514,0.333476,-0.934536,0.018413,0.35539,0.324911,-0.363238,0.873206,0.006693,0.007108,0.006597,0.498296,-0.507654,-0.209903,0.396672,0.081102,0.028688,-0.066405,0.599543,0.25119,-0.759901,0.111098,0.914158,0.389834,0.792593,-0.318146,0.520171,0.000103,0.001525,0.001697,0.000291,0.014415,0.046201,-1.102067
331,0.16809,-0.021731,0.307463,-0.543237,-0.214125,-0.811843,-0.277052,-0.867069,0.414012,-0.791903,0.450092,0.412715,0.000112,0.001582,0.00176,4e-06,1.1e-05,6e-06,-1.914441,-0.130915,-0.024001,0.31987,-0.093345,-0.909496,0.405086,0.925742,0.070313,0.371471,-0.366221,0.410817,0.834849,0.011996,0.025011,0.004605,-1.016546,-2.275148,1.681986,0.434958,0.063371,0.031615,-0.014829,0.144021,0.935253,0.323354,-0.934886,0.021469,0.354298,0.324416,-0.353326,0.877447,0.006708,0.006807,0.006239,0.105135,-0.126652,-0.01688,0.398958,0.081106,0.028661,-0.06631,0.59934,0.251357,-0.760007,0.111611,0.913908,0.390273,0.792675,-0.318732,0.519687,6.4e-05,0.00094,0.001045,-0.0004,-0.001743,-0.001148,-1.1037
332,0.168117,-0.021667,0.307534,-0.542956,-0.213902,-0.81209,-0.277247,-0.867154,0.413704,-0.792029,0.450033,0.412538,3.5e-05,0.000502,0.000558,0.0,0.0,0.0,-1.914919,-0.130333,-0.023494,0.320337,-0.084883,-0.920765,0.380761,0.918799,0.075365,0.387379,-0.385277,0.383877,0.839085,0.013559,0.012107,0.010834,-1.151663,-2.070006,1.521068,0.432861,0.063655,0.031872,-0.014599,0.136716,0.944789,0.297794,-0.92847,0.017416,0.370998,0.345328,-0.327214,0.879589,0.006813,0.005696,0.005038,0.01751,-0.123524,0.23053,0.399121,0.08112,0.028695,-0.066273,0.599103,0.251115,-0.760273,0.111802,0.914005,0.389993,0.792827,-0.318646,0.519508,1.8e-05,0.000283,0.000315,0.000484,-0.000281,-0.000356,-1.10419
333,0.168118,-0.021661,0.30754,-0.542845,-0.213816,-0.812187,-0.277322,-0.867187,0.413584,-0.792079,0.45001,0.412467,4e-06,5.4e-05,6e-05,0.0,0.0,0.0,-1.914767,-0.130066,-0.02329,0.320514,-0.083085,-0.925561,0.369359,0.915799,0.075087,0.394472,-0.39274,0.372192,0.840887,0.013731,0.010443,0.009053,-1.148763,-2.071296,1.518879,0.43257,0.063794,0.031981,-0.014504,0.135518,0.948607,0.285969,-0.925577,0.018239,0.37812,0.353471,-0.315929,0.88048,0.006864,0.005166,0.004465,0.012831,-0.014491,0.048479,0.398305,0.08112,0.028698,-0.066269,0.599013,0.251017,-0.760376,0.111875,0.914044,0.38988,0.792884,-0.31861,0.519442,-4e-06,-4e-05,-4.5e-05,0.00041,-0.000214,-0.000292,-1.104517
334,0.168084,-0.021697,0.307547,-0.543966,-0.2112,-0.812121,-0.277651,-0.868006,0.411641,-0.791193,0.449664,0.414541,-1e-06,-2.1e-05,-2.3e-05,0.005529,-0.103232,0.169916,-1.913805,-0.129534,-0.02295,0.320796,-0.081988,-0.92919,0.360381,0.913875,0.07403,0.399105,-0.397424,0.363229,0.842604,0.013923,0.008534,0.007008,0.003933,-0.029347,0.054282,0.43128,0.064065,0.032154,-0.01436,0.135556,0.952054,0.274257,-0.923044,0.020769,0.384132,0.360018,-0.305223,0.881603,0.006969,0.004162,0.003386,0.005682,-0.026924,0.055075,0.397325,0.081102,0.028678,-0.066268,0.60051,0.248525,-0.760014,0.112298,0.914842,0.387883,0.791692,-0.318276,0.521463,-3e-06,-2.4e-05,-2.7e-05,-0.000295,-0.111131,0.165986,-1.10468
335,0.168093,-0.021721,0.30752,-0.543911,-0.211154,-0.81217,-0.277691,-0.868023,0.411578,-0.791217,0.449652,0.414507,-3.4e-05,-0.000486,-0.000541,0.0,0.0,0.0,-1.90589,-0.129079,-0.022544,0.321111,-0.073021,-0.931601,0.356058,0.912268,0.081738,0.401273,-0.402842,0.355289,0.843416,-0.002468,0.019967,0.001121,0.038219,-0.021271,0.045049,0.422577,0.064293,0.032352,-0.014208,0.12688,0.954601,0.269513,-0.921959,0.013263,0.387058,0.365911,-0.29759,0.881786,-0.001248,0.010061,0.000636,0.040993,-0.01716,0.044303,0.389813,0.081107,0.028666,-0.066282,0.60041,0.248534,-0.76009,0.112349,0.914837,0.387879,0.79176,-0.318282,0.521355,-2.1e-05,-0.000309,-0.000344,0.00024,-0.000316,-0.000339,-1.10419
336,0.168082,-0.021754,0.307545,-0.54584,-0.212503,-0.810522,-0.2768,-0.867285,0.413728,-0.790198,0.450442,0.415591,-0.0,-0.0,-0.0,0.0,0.0,0.0,-1.906452,-0.12852,-0.021993,0.321544,-0.069691,-0.934928,0.347914,0.909959,0.083201,0.406186,-0.408616,0.346067,0.844473,0.013239,0.013789,0.012444,0.003936,-0.029352,0.054279,0.414942,0.064568,0.032621,-0.013998,0.123914,0.957341,0.261039,-0.919827,0.012134,0.392136,0.372241,-0.288702,0.882092,0.006561,0.007353,0.006694,0.009315,-0.037759,0.077186,0.381649,0.081102,0.028649,-0.06627,0.601941,0.250217,-0.758325,0.111308,0.914077,0.389964,0.790744,-0.319143,0.522369,-2e-06,9e-06,1.2e-05,0.000276,-0.000272,3.1e-05,-1.105006
337,0.168061,-0.02179,0.307583,-0.545816,-0.212483,-0.810543,-0.276921,-0.867233,0.413756,-0.790172,0.450552,0.415522,4e-06,5.4e-05,6e-05,0.0,0.0,0.0,-1.907669,-0.128193,-0.021741,0.321834,-0.065691,-0.937296,0.342276,0.908158,0.085824,0.409655,-0.413264,0.338926,0.845107,0.014573,0.003411,0.021368,-0.135277,-0.207132,0.165114,0.41404,0.064731,0.032752,-0.013855,0.120138,0.959367,0.255305,-0.918308,0.009681,0.395746,0.377194,-0.281993,0.882158,0.006517,0.007576,0.00691,-0.372328,-0.72468,0.556417,0.376913,0.081091,0.028631,-0.066251,0.60192,0.250196,-0.758349,0.111427,0.914045,0.390006,0.790743,-0.319253,0.522303,1e-06,3.3e-05,3.7e-05,0.000194,-0.000104,-0.000119,-1.105823
338,0.168064,-0.021768,0.307654,-0.547507,-0.213646,-0.809096,-0.276166,-0.866573,0.415637,-0.789264,0.451271,0.416465,0.000127,0.0018,0.002,-0.000179,-0.011358,0.019038,-1.904068,-0.127721,-0.021483,0.322465,-0.058691,-0.938416,0.340474,0.908154,0.091284,0.408482,-0.414335,0.334353,0.846403,0.01492,0.000319,0.018092,0.006454,-0.061809,0.008969,0.410296,0.064966,0.032888,-0.013531,0.113351,0.960807,0.252981,-0.918684,0.004387,0.394966,0.378377,-0.27718,0.883176,0.000135,-0.000763,0.009075,-0.008592,-0.040616,-0.025088,0.373158,0.081093,0.028639,-0.066219,0.603308,0.251687,-0.75675,0.110523,0.913351,0.391884,0.789811,-0.320066,0.523215,3e-05,0.000451,0.000499,-0.010304,0.0408,-0.06145,-1.108109
339,0.168078,-0.021764,0.307704,-0.547692,-0.214517,-0.80874,-0.271151,-0.868918,0.414041,-0.790872,0.44632,0.418744,0.000169,-0.010669,0.008708,-0.015711,0.062201,0.011274,-1.900883,-0.127445,-0.021786,0.32317,-0.042791,-0.939748,0.339166,0.90794,0.104946,0.405666,-0.416767,0.326479,0.84828,0.002338,-0.01752,0.021274,0.005048,-0.065392,-0.090671,0.355236,0.065108,0.032747,-0.013176,0.097694,0.963005,0.25115,-0.919311,-0.009342,0.393419,0.381211,-0.26932,0.884389,0.001142,-0.008638,0.010762,0.003383,-0.082328,-0.07583,0.341969,0.0811,0.028649,-0.066193,0.603392,0.252469,-0.756423,0.105299,0.915028,0.389402,0.790461,-0.314613,0.525536,2.5e-05,0.000351,0.000389,0.013679,0.053386,0.034089,-1.109742
340,0.168069,-0.021776,0.307768,-0.547694,-0.214515,-0.80874,-0.271255,-0.86886,0.414095,-0.790835,0.446435,0.418692,9.1e-05,0.001281,0.001422,0.000343,0.000848,0.000508,-1.902087,-0.127478,-0.022134,0.323515,-0.016032,-0.941184,0.337501,0.906311,0.128752,0.40244,-0.422206,0.313512,0.850479,-0.011924,-0.022432,0.018169,-1.595768,-2.55032,-4.997429,0.272734,0.065097,0.032578,-0.013001,0.077992,0.965143,0.249829,-0.918912,-0.027601,0.393496,0.386675,-0.260261,0.884729,0.002072,-0.015883,0.013118,0.25392,-0.372987,-0.335019,0.28743,0.081095,0.028637,-0.066159,0.603356,0.252485,-0.756446,0.105561,0.914923,0.389579,0.790453,-0.314907,0.525372,5.5e-05,0.0008,0.000887,-0.006793,-0.007853,-0.003611,-1.108109
341,0.168121,-0.021826,0.307943,-0.551176,-0.213569,-0.806621,-0.270588,-0.868712,0.41484,-0.788638,0.447174,0.422033,0.000304,-0.008764,0.010822,-0.031547,0.006104,0.011213,-1.894624,-0.128026,-0.023346,0.324009,0.023591,-0.945625,0.32439,0.903915,0.158657,0.397116,-0.427022,0.285038,0.858062,-0.024148,-0.044004,0.017499,0.191481,-0.422598,-0.144095,-0.019186,0.064818,0.031966,-0.012744,0.032448,0.971596,0.234409,-0.91855,-0.063458,0.390175,0.393968,-0.227977,0.890401,-0.012043,-0.022401,0.008354,0.206012,-0.428457,-0.152257,-0.004697,0.081121,0.028612,-0.066073,0.606772,0.252054,-0.753852,0.104799,0.914745,0.390202,0.787935,-0.315767,0.528627,0.000148,-0.004391,0.005399,-0.046822,-0.016418,0.005426,-1.107619
342,0.16817,-0.021993,0.308127,-0.551453,-0.214501,-0.806185,-0.265961,-0.870758,0.413541,-0.790016,0.442725,0.424142,0.000167,-0.010718,0.008655,-0.025237,0.038629,-0.002906,-1.890941,-0.128092,-0.024147,0.324162,0.041268,-0.958133,0.283318,0.909328,0.153389,0.386688,-0.414013,0.242874,0.877194,0.001768,-0.013833,0.005375,0.484656,-1.612523,-0.015987,-0.251029,0.064786,0.031553,-0.012688,0.018357,0.980807,0.194114,-0.922891,-0.058064,0.380658,0.384623,-0.186134,0.904112,0.007521,-0.000776,-0.001815,-0.592671,-2.890815,1.279613,-0.299599,0.081146,0.028536,-0.06598,0.606875,0.252985,-0.753458,0.100064,0.916126,0.388201,0.788472,-0.310984,0.530659,1.3e-05,0.000225,0.000252,-0.008344,0.006019,0.006862,-1.108272
343,0.168122,-0.022192,0.308416,-0.553139,-0.212294,-0.805614,-0.26657,-0.871065,0.412503,-0.788631,0.443184,0.426236,0.000174,0.002464,0.00273,0.007525,0.018619,0.011116,-1.895459,-0.127842,-0.023915,0.324025,0.058991,-0.966482,0.24985,0.920795,0.149222,0.360283,-0.385569,0.210022,0.898382,-0.001267,0.009608,-0.009774,0.640581,-0.755259,-0.017704,-0.501387,0.064911,0.031665,-0.012746,-0.000341,0.987479,0.157746,-0.934248,-0.056571,0.352106,0.356621,-0.147254,0.92257,-0.000718,0.005515,-0.00415,0.775446,-0.893651,-0.063147,-0.529349,0.081122,0.028429,-0.065836,0.608773,0.251051,-0.752574,0.100793,0.916447,0.387251,0.786915,-0.311602,0.532604,8.8e-05,0.001308,0.001452,-0.012495,-0.005796,-5.3e-05,-1.108435
344,0.168118,-0.022218,0.308587,-0.554713,-0.210017,-0.805128,-0.266831,-0.87163,0.411138,-0.787434,0.443154,0.428473,0.000335,0.004752,0.005262,0.020808,0.034598,0.054183,-1.893849,-0.127937,-0.02388,0.323777,0.064566,-0.969643,0.23583,0.925639,0.146364,0.34886,-0.372873,0.196988,0.906655,0.00091,-0.007591,-0.007917,0.529748,-0.750333,0.194222,-0.77033,0.064867,0.031699,-0.012853,-0.005749,0.989548,0.144086,-0.93847,-0.055095,0.340936,0.345311,-0.13326,0.928978,-0.00022,0.001377,-0.008462,0.624101,-0.854295,0.093368,-0.673045,0.081119,0.028414,-0.065761,0.610565,0.24909,-0.751774,0.10104,0.916993,0.385894,0.785494,-0.311573,0.534715,0.000128,0.00189,0.002093,0.010006,0.047936,0.031772,-1.108599
345,0.168153,-0.022258,0.308897,-0.554585,-0.209877,-0.805253,-0.267418,-0.871408,0.411227,-0.787326,0.443656,0.428152,0.000436,-0.006893,0.012886,-0.034876,-0.002125,0.006285,-1.89042,-0.128264,-0.024342,0.322883,0.027774,-0.976366,0.21431,0.934272,0.101466,0.341722,-0.355432,0.191961,0.914703,-0.013493,-0.01311,-0.031632,0.24925,-0.139231,0.846177,-1.207317,0.064702,0.031481,-0.013287,0.029665,0.992093,0.121947,-0.944409,-0.012146,0.328548,0.327432,-0.124914,0.936581,0.001375,-0.011422,-0.011989,0.420309,0.384351,1.753099,-0.937902,0.081137,0.028399,-0.0656,0.610317,0.249022,-0.751997,0.101817,0.91677,0.386219,0.785586,-0.312282,0.534166,0.000194,-0.003722,0.00614,-0.036247,0.011241,-0.019291,-1.109252
346,0.168179,-0.022335,0.309257,-0.554782,-0.210751,-0.804889,-0.262956,-0.873402,0.409872,-0.788687,0.439298,0.430136,0.000446,-0.006748,0.01304,-0.035588,0.012969,-0.018257,-1.896202,-0.128566,-0.024684,0.321283,-0.002205,-0.977711,0.209922,0.934915,0.072347,0.347325,-0.354773,0.198256,0.913616,-0.015972,0.005306,-0.052298,-0.122938,0.154607,0.267283,-1.400789,0.064553,0.031291,-0.014092,0.059915,0.991197,0.118062,-0.943252,0.017518,0.331613,0.326626,-0.131231,0.935998,-0.007224,-0.003139,-0.022282,-0.272808,0.250803,0.281563,-0.905081,0.08115,0.028361,-0.06542,0.61036,0.249907,-0.751669,0.097307,0.918086,0.38425,0.786124,-0.307674,0.536046,0.00018,0.00263,0.002902,-0.002069,-0.018999,0.022573,-1.109905
347,0.168232,-0.022355,0.309464,-0.558089,-0.209705,-0.802874,-0.262432,-0.873288,0.410451,-0.786524,0.440024,0.433343,0.0005,-0.005964,0.013898,-0.02958,0.029772,-0.010582,-1.895931,-0.128808,-0.024415,0.320141,-0.017828,-0.976113,0.216508,0.936177,0.059605,0.346342,-0.350958,0.210093,0.912443,-0.017339,0.015696,-0.061383,0.427382,0.694615,-0.15102,-1.403943,0.064433,0.031418,-0.014662,0.076272,0.98923,0.124921,-0.943223,0.030963,0.33071,0.323281,-0.143052,0.935427,-0.008698,0.008255,-0.030247,1.342867,2.284424,-1.070109,-0.926309,0.081177,0.02835,-0.065317,0.613706,0.249311,-0.749138,0.096638,0.917981,0.384669,0.783597,-0.308469,0.539278,0.000212,0.003124,0.003444,-0.010905,-0.021044,0.024483,-1.110068
348,0.168463,-0.022377,0.30988,-0.561903,-0.213203,-0.799284,-0.256181,-0.873879,0.413132,-0.785864,0.437163,0.437416,0.015445,-0.005891,0.013652,-0.019526,0.018873,0.057021,-1.894125,-0.129394,-0.023263,0.317185,-0.076737,-0.965202,0.249975,0.941399,0.012308,0.336973,-0.328233,0.262398,0.907345,-0.01969,0.033343,-0.082928,-0.297304,0.59398,0.444184,-1.406174,0.06414,0.031991,-0.01613,0.132304,0.978198,0.160074,-0.946237,0.076551,0.314284,0.295178,-0.193049,0.935735,-0.002427,0.017496,-0.041552,0.221255,0.365005,0.562956,-0.962559,0.081292,0.028337,-0.065103,0.616571,0.253456,-0.745385,0.090083,0.917833,0.38661,0.782128,-0.305519,0.543077,0.007716,-0.00296,0.006805,-0.039333,-0.006274,0.047808,-1.110395
349,0.168742,-0.022408,0.310376,-0.564057,-0.216369,-0.796912,-0.245898,-0.877281,0.41217,-0.7876,0.428711,0.442629,0.000684,-0.003249,0.01685,0.104744,0.347746,0.21105,-1.912199,-0.129994,-0.021935,0.313739,-0.135232,-0.950179,0.280827,0.9393,-0.032897,0.341418,-0.315005,0.311146,0.896562,-0.033982,0.027106,-0.088031,-0.370875,1.065137,0.943504,-1.40631,0.063845,0.032658,-0.01785,0.188565,0.96283,0.193392,-0.941398,0.12114,0.314791,0.279663,-0.241417,0.929249,-0.010272,0.020066,-0.048081,0.64899,1.647058,1.6087,-0.961253,0.081431,0.02832,-0.064864,0.616749,0.258479,-0.74351,0.079538,0.919251,0.385552,0.78313,-0.296927,0.546389,0.007802,-0.001671,0.008209,0.26164,0.558742,0.353718,-1.111048
350,0.169307,-0.022384,0.311262,-0.576472,-0.219576,-0.787091,-0.237462,-0.876651,0.418412,-0.781164,0.428375,0.454208,0.016095,0.004277,0.024683,0.001272,0.075512,0.098155,-1.914637,-0.130826,-0.020749,0.310262,-0.186191,-0.929996,0.316907,0.935053,-0.068858,0.34766,-0.301273,0.362224,0.881981,-0.019421,0.030477,-0.08686,-0.089833,0.390042,0.470275,-1.406142,0.063432,0.033231,-0.019564,0.239753,0.942394,0.233262,-0.934076,0.15843,0.320001,0.264612,-0.294606,0.918252,-0.009684,0.015363,-0.043262,0.758318,2.509689,-0.574286,-0.952435,0.081702,0.028325,-0.064444,0.628781,0.262247,-0.732024,0.070488,0.918311,0.389531,0.774379,-0.296529,0.558932,0.015508,0.002289,0.012336,-0.053383,0.193351,-0.059568,-1.111375
522,0.202567,-0.014083,0.295477,-0.398041,-0.32658,-0.857295,-0.440856,-0.751435,0.49088,-0.804024,0.573737,0.156198,-0.061789,0.028649,-0.0679,-0.472726,-0.39956,-0.023461,0.305111,-0.191027,-0.011232,0.306636,-0.893244,0.200733,0.402259,0.088462,-0.79862,0.595243,0.441852,0.567024,0.695063,-0.04728,0.105608,-0.044119,-0.214351,-0.068419,-0.109402,0.526933,0.033335,0.037969,-0.021429,0.872093,-0.216293,0.438942,-0.046921,0.855915,0.514982,-0.487085,-0.469708,0.736289,-0.031207,0.058334,-0.0256,-0.835842,-0.604728,-0.818835,0.510485,0.098366,0.032473,-0.072282,0.447072,0.340399,-0.827196,0.27885,0.82564,0.490468,0.849922,-0.449939,0.2742,-0.037995,0.008763,-0.029364,-1.645533,-0.002178,-0.002741,0.116734
523,0.201258,-0.013635,0.29422,-0.392221,-0.33011,-0.858624,-0.45007,-0.745194,0.492031,-0.801784,0.579834,0.144781,-0.06117,0.016371,-0.061361,-0.139711,-0.756092,-0.202799,0.323618,-0.192279,-0.009171,0.305697,-0.898123,0.178155,0.402029,0.108508,-0.796004,0.595432,0.427218,0.578165,0.695036,-0.075727,0.090425,-0.038285,-0.095261,-0.136294,-0.423748,0.532383,0.032744,0.038975,-0.021875,0.877652,-0.196567,0.437134,-0.066136,0.853642,0.516643,-0.474712,-0.482343,0.736201,-0.030722,0.044593,-0.020136,-2.196538,-3.190729,-3.977355,0.517997,0.097711,0.032704,-0.072909,0.441595,0.342239,-0.829376,0.289017,0.820856,0.492608,0.849389,-0.457237,0.263573,-0.03054,0.008477,-0.030285,-0.156378,-0.823653,-0.209495,0.18058
524,0.198985,-0.012774,0.291662,-0.391445,-0.329614,-0.859168,-0.483871,-0.720446,0.496788,-0.782252,0.6106,0.123598,-0.046963,0.029071,-0.069002,-1.443805,0.178648,0.169496,0.362203,-0.194661,-0.006392,0.304374,-0.903955,0.121277,0.410059,0.171579,-0.775282,0.607809,0.392754,0.619631,0.679459,-0.059526,0.050926,-0.021599,-2.793093,-2.957488,-3.508641,0.535951,0.031501,0.040437,-0.022567,0.887328,-0.138735,0.439773,-0.130841,0.838732,0.52859,-0.442186,-0.526573,0.726078,-0.029791,0.025133,-0.011021,-2.88493,-2.902029,-3.477151,0.521752,0.096551,0.033139,-0.074213,0.439686,0.343198,-0.829994,0.324893,0.800758,0.50322,0.837329,-0.490918,0.24058,-0.023432,0.014489,-0.03451,-1.462913,0.18302,0.157715,0.248509
