frame,MLTx,MLTy,MLTz,MLTR1,MLTR2,MLTR3,MLTR4,MLTR5,MLTR6,MLTR7,MLTR8,MLTR9,MLTTVx,MLTTVy,MLTTVz,MLTRVx,MLTRVy,MLTRVz,MLGA,MRTx,MRTy,MRTz,MRTR1,MRTR2,MRTR3,MRTR4,MRTR5,MRTR6,MRTR7,MRTR8,MRTR9,MRTTVx,MRTTVy,MRTTVz,MRTRVx,MRTRVy,MRTRVz,MRGA,SLTx,SLTy,SLTz,SLTR1,SLTR2,SLTR3,SLTR4,SLTR5,SLTR6,SLTR7,SLTR8,SLTR9,SLTTVx,SLTTVy,SLTTVz,SLTRVx,SLTRVy,SLTRVz,SLGA,SRTx,SRTy,SRTz,SRTR1,SRTR2,SRTR3,SRTR4,SRTR5,SRTR6,SRTR7,SRTR8,SRTR9,SRTTVx,SRTTVy,SRTTVz,SRTRVx,SRTRVy,SRTRVz,SRGA
91,0.073847,0.012855,0.363634,-0.482735,0.081922,-0.871953,-0.629829,-0.724266,0.280582,-0.607946,0.684523,0.402314,0.000159,0.000441,0.000339,0.0,0.0,0.0,0.45565,-0.142742,0.039182,0.357076,0.643842,-0.281911,0.711326,0.156293,0.958439,0.238543,-0.749804,-0.042068,0.660218,-0.000328,0.00109,-0.014468,0.038755,0.084272,-0.191624,-0.046821,0.022656,0.03752,-0.003001,-0.618012,0.229824,0.751825,-0.11996,-0.972684,0.198729,0.776962,0.032628,0.628701,-0.000154,0.000555,-0.007226,0.005902,0.040224,0.01434,-0.177295,0.074115,0.030937,-0.059354,-0.452507,0.067208,-0.889224,-0.517175,-0.832114,0.200287,-0.726475,0.550516,0.411296,9.4e-05,0.000263,0.000201,3e-06,6e-06,6e-06,0.425026
92,0.073827,0.012852,0.363643,-0.482792,0.081907,-0.871922,-0.629819,-0.724252,0.280641,-0.607912,0.684539,0.402339,-0.013085,0.00316,0.002011,-0.000984,0.014715,-0.029553,0.455975,-0.142765,0.03927,0.356758,0.645404,-0.279876,0.710715,0.156696,0.95911,0.235558,-0.748377,-0.040326,0.661944,-0.000371,0.001515,-0.014204,0.039871,-0.001038,-0.010317,-0.041908,0.022644,0.037568,-0.003163,-0.619227,0.227873,0.751419,-0.120346,-0.9732,0.195954,0.775934,0.03091,0.630055,-0.00085,0.006413,-0.011102,0.051417,0.022987,0.029284,-0.199829,0.07411,0.030935,-0.05935,-0.452543,0.067194,-0.889207,-0.517179,-0.832102,0.200328,-0.72645,0.550536,0.411313,-6e-06,-1.9e-05,-1.6e-05,0.0,-0.0,7e-06,0.424863
93,0.073812,0.012824,0.363659,-0.482879,0.081896,-0.871875,-0.62983,-0.724205,0.280738,-0.607831,0.684591,0.402373,-0.0,-0.0,-0.0,0.0,0.0,0.0,0.455649,-0.142888,0.039294,0.356157,0.641024,-0.280749,0.714325,0.155847,0.958854,0.237161,-0.752306,-0.040362,0.657472,-7e-05,-0.001525,-0.016151,-0.035908,0.107791,0.062183,-0.024194,0.022582,0.037588,-0.003465,-0.61433,0.228972,0.755095,-0.119337,-0.972923,0.197935,0.779971,0.031487,0.625021,-0.005496,-0.007322,-0.004142,-0.099483,0.264992,-0.169608,-0.196726,0.074097,0.030922,-0.059341,-0.452649,0.067155,-0.889156,-0.517192,-0.832065,0.200447,-0.726375,0.550596,0.411365,0.0,-3e-06,-3e-06,-4e-06,-1.2e-05,1.4e-05,0.424863
94,0.07382,0.012806,0.363671,-0.482765,0.081954,-0.871933,-0.629921,-0.724162,0.280644,-0.607827,0.684629,0.402313,-0.0,-0.0,-0.0,0.0,0.0,0.0,0.45577,-0.143206,0.038946,0.355519,0.636203,-0.280164,0.71885,0.153599,0.959012,0.237984,-0.756845,-0.040652,0.652224,-0.011931,-0.008007,-0.019311,0.000716,0.16393,-0.212525,-0.078413,0.022427,0.037419,-0.003781,-0.609135,0.228663,0.759386,-0.117171,-0.972971,0.19899,0.784363,0.032234,0.619463,-0.005281,-0.009683,-0.005671,0.004177,0.02271,-0.057105,-0.21975,0.074101,0.030912,-0.059336,-0.452543,0.067234,-0.889204,-0.517285,-0.83203,0.200351,-0.726375,0.55064,0.411308,1e-06,-1e-06,-3e-06,-9e-06,2e-06,-1e-05,0.424373
95,0.073848,0.0128,0.363655,-0.482705,0.081971,-0.871965,-0.629933,-0.724176,0.280581,-0.607862,0.684613,0.402288,-8.1e-05,-0.000225,-0.000173,0.0,0.0,0.0,0.456925,-0.143786,0.038228,0.354849,0.634969,-0.276266,0.721445,0.151167,0.960183,0.234799,-0.758369,-0.039697,0.650511,-0.022503,-0.026291,-0.014869,-0.009958,0.075453,-0.132046,-0.08939,0.022141,0.037069,-0.004116,-0.607937,0.224411,0.761611,-0.114918,-0.973995,0.19526,0.785625,0.031182,0.617916,-0.005069,-0.012236,-0.007354,-0.005135,0.044181,-0.078922,-0.253062,0.074115,0.03091,-0.059344,-0.452485,0.067262,-0.889231,-0.517292,-0.832041,0.200287,-0.726406,0.55062,0.41128,-4.1e-05,-0.00012,-9.4e-05,-2e-06,-8e-06,1e-05,0.424863
96,0.073877,0.012793,0.36365,-0.482643,0.081997,-0.871997,-0.629964,-0.724172,0.280523,-0.60788,0.684614,0.40226,-1e-06,-3e-06,-3e-06,0.0,0.0,0.0,0.457766,-0.144193,0.03776,0.354505,0.634476,-0.27461,0.722511,0.150086,0.960672,0.23349,-0.758996,-0.039373,0.649798,-0.022475,-0.027322,-0.015602,-0.007996,0.060445,-0.107524,-0.03209,0.021929,0.036823,-0.004295,-0.607325,0.222622,0.762623,-0.113823,-0.974415,0.193802,0.786257,0.030897,0.617126,-0.011202,-0.013931,-0.007964,-0.007898,0.06034,-0.107583,-0.240651,0.07413,0.030906,-0.059346,-0.452427,0.067299,-0.889258,-0.517321,-0.832038,0.200227,-0.726422,0.55062,0.411251,3e-06,4e-06,3e-06,0.0,7e-06,3e-06,0.42519
97,0.073949,0.012791,0.363638,-0.482464,0.082061,-0.87209,-0.630034,-0.724178,0.280348,-0.607949,0.6846,0.40218,0.00041,0.001141,0.000876,0.0,0.0,0.0,0.458302,-0.145015,0.036682,0.353848,0.637164,-0.268297,0.722516,0.148025,0.962535,0.227045,-0.757148,-0.037391,0.652068,-0.02246,-0.029151,-0.016941,0.085289,-0.066282,-0.22656,0.203012,0.021527,0.036293,-0.004619,-0.609811,0.216407,0.762428,-0.112114,-0.975879,0.187321,0.784576,0.028752,0.619365,-0.011235,-0.014408,-0.008345,0.116849,-0.111768,-0.256198,-0.069686,0.074165,0.030902,-0.059354,-0.452256,0.067397,-0.889337,-0.517382,-0.832042,0.20005,-0.726484,0.550601,0.411167,0.000242,0.000674,0.000517,0.000555,-0.013798,0.025295,0.426169
98,0.073988,0.012773,0.363639,-0.482523,0.082051,-0.872058,-0.630024,-0.724165,0.280405,-0.607913,0.684615,0.402209,0.0,0.0,0.0,0.0,0.0,0.0,0.457275,-0.145859,0.035586,0.353243,0.63812,-0.265222,0.722809,0.151117,0.963615,0.220329,-0.755731,-0.031047,0.654041,-0.022867,-0.026376,-0.015268,0.008055,0.065973,-0.13155,0.430142,0.021106,0.035736,-0.004926,-0.611002,0.213016,0.762429,-0.115491,-0.976797,0.180355,0.783158,0.022144,0.621427,-0.011475,-0.012618,-0.007241,0.010399,0.087742,-0.067444,0.23583,0.074185,0.030896,-0.059352,-0.452314,0.067376,-0.889309,-0.517377,-0.832032,0.200108,-0.726452,0.550619,0.411199,-2e-06,-4e-06,-4e-06,4e-06,2e-06,6e-06,0.426333
99,0.073968,0.012778,0.363642,-0.482564,0.082034,-0.872036,-0.630004,-0.724167,0.280445,-0.607901,0.684614,0.402228,0.0,0.0,0.0,0.0,0.0,0.0,0.457333,-0.146278,0.03509,0.352979,0.637634,-0.26351,0.723863,0.149824,0.964087,0.219142,-0.756399,-0.030963,0.653273,-0.010668,-0.022356,-0.013724,0.00757,-0.058553,0.090821,0.490259,0.0209,0.035493,-0.005056,-0.61018,0.211373,0.763544,-0.114155,-0.977152,0.179281,0.783994,0.022231,0.620368,-0.011004,-0.016701,-0.00224,-0.046712,0.059792,-0.098577,0.361074,0.07418,0.030898,-0.059351,-0.452334,0.067364,-0.8893,-0.517367,-0.832033,0.200128,-0.726447,0.550619,0.411209,0.0,-3e-06,-3e-06,-1e-06,-5e-06,1e-06,0.426169
100,0.073873,0.012799,0.36368,-0.482766,0.081965,-0.871931,-0.629939,-0.724145,0.280648,-0.607807,0.684646,0.402315,-0.012835,0.003855,0.002546,-0.000984,0.014715,-0.029553,0.456642,-0.147005,0.034312,0.352588,0.626645,-0.27832,0.727905,0.16998,0.960311,0.221006,-0.761298,-0.014427,0.648137,-0.011305,-0.015806,-0.009452,0.086152,0.091428,0.061715,0.524683,0.020537,0.035099,-0.005261,-0.599211,0.226325,0.767933,-0.133838,-0.974028,0.182633,0.789324,0.006657,0.61394,-0.005655,-0.007734,-0.004603,1.209204,0.411388,1.042426,0.485828,0.074132,0.030907,-0.059333,-0.452527,0.067257,-0.88921,-0.517316,-0.832015,0.200335,-0.726363,0.55066,0.411302,0.000166,0.000465,0.000358,1e-06,6e-06,-8e-06,0.426006
101,0.07374,0.012782,0.36374,-0.483006,0.081911,-0.871804,-0.629928,-0.724053,0.280909,-0.607629,0.684749,0.402408,-0.000335,-0.000932,-0.000716,0.0,0.0,0.0,0.458426,-0.14754,0.033689,0.352269,0.615124,-0.290792,0.732839,0.184411,0.956715,0.224994,-0.767303,-0.002904,0.641171,-0.011441,-0.014767,-0.008805,-0.038856,0.085563,-0.016415,0.509466,0.020261,0.034781,-0.005417,-0.587584,0.239158,0.773012,-0.148613,-0.970969,0.187439,0.795399,-0.004743,0.606068,-0.005704,-0.007571,-0.004515,-0.017458,0.072402,-0.057124,0.506403,0.074062,0.030903,-0.0593,-0.452778,0.067144,-0.88909,-0.517321,-0.831943,0.200622,-0.726202,0.550783,0.411421,-0.000198,-0.000549,-0.00042,2e-06,-4e-06,-1e-06,0.426169
102,0.073705,0.012751,0.363766,-0.483024,0.081931,-0.871792,-0.629989,-0.723983,0.280951,-0.60755,0.684821,0.402406,-1.9e-05,-5.2e-05,-4e-05,0.0,0.0,0.0,0.458587,-0.147775,0.033285,0.351928,0.608885,-0.293404,0.736997,0.182884,0.955909,0.229618,-0.772623,-0.004672,0.63474,-0.011878,-0.009772,-0.005492,-0.029914,0.070342,-0.027117,0.459619,0.02014,0.034569,-0.005594,-0.581202,0.24172,0.777029,-0.146862,-0.970342,0.192006,0.800396,-0.002522,0.599465,-0.00596,-0.004599,-0.002549,0.000131,0.028155,-0.053766,0.46754,0.074043,0.030885,-0.059288,-0.4528,0.06716,-0.889078,-0.517394,-0.831887,0.200665,-0.726136,0.550865,0.411427,-8e-06,-2.2e-05,-1.4e-05,3e-06,9e-06,3e-06,0.426823
103,0.073723,0.012738,0.363769,-0.482999,0.081949,-0.871804,-0.63002,-0.723964,0.280932,-0.607539,0.684839,0.402392,0.013089,-0.003156,-0.002007,0.000984,-0.014715,0.029553,0.458392,-0.147724,0.033224,0.351802,0.606894,-0.294696,0.738123,0.182747,0.955509,0.231386,-0.774219,-0.00518,0.632789,0.000429,-0.005231,-0.003512,-0.078756,0.133875,0.054456,0.431551,0.02016,0.03454,-0.005655,-0.5797,0.242648,0.777862,-0.146719,-0.970112,0.193276,0.801511,-0.002086,0.597975,-0.000436,0.003335,-0.005548,-0.091617,0.197953,0.120701,0.438801,0.074048,0.03088,-0.059286,-0.452797,0.067171,-0.889079,-0.517417,-0.831872,0.200665,-0.726121,0.550886,0.411425,1e-06,5e-06,6e-06,3e-06,-4e-06,5e-06,0.426986
104,0.073775,0.012733,0.363767,-0.482877,0.081998,-0.871867,-0.63008,-0.723956,0.280817,-0.607573,0.684841,0.402336,0.0003,0.000834,0.000641,0.0,0.0,0.0,0.458089,-0.147489,0.033346,0.351746,0.604962,-0.296318,0.739059,0.182895,0.955005,0.233344,-0.775693,-0.005636,0.630976,0.012335,0.004191,0.00175,-0.044977,0.057484,0.077577,0.409996,0.020279,0.034594,-0.005688,-0.57752,0.244429,0.778925,-0.14673,-0.969665,0.195494,0.803082,-0.00139,0.595866,0.006118,0.002724,0.001296,-0.045537,0.047041,0.105328,0.385568,0.074078,0.030874,-0.059289,-0.452663,0.067255,-0.889141,-0.517483,-0.831865,0.200528,-0.726159,0.550887,0.411358,0.000202,0.000561,0.000432,4e-06,1.2e-05,-4e-06,0.427312
105,0.073791,0.012743,0.363787,-0.482818,0.082028,-0.871897,-0.630127,-0.723935,0.280768,-0.607572,0.684861,0.402306,0.000376,0.001046,0.000803,0.0,0.0,0.0,0.455981,-0.147079,0.033684,0.35197,0.603428,-0.299275,0.739121,0.183703,0.954075,0.236489,-0.776695,-0.006563,0.629734,0.024165,0.013983,0.007237,0.004977,-0.055868,0.110571,0.444211,0.020475,0.034753,-0.005582,-0.575973,0.247374,0.77914,-0.147356,-0.968919,0.198696,0.804077,-0.000367,0.594524,0.005822,0.006108,0.003552,0.014958,-0.045118,0.044509,0.393079,0.074086,0.030879,-0.059279,-0.452608,0.067296,-0.889166,-0.517531,-0.831847,0.200478,-0.726159,0.550909,0.411329,0.000255,0.000711,0.000546,0.000557,-0.013787,0.025296,0.426169
106,0.073775,0.012753,0.363807,-0.482964,0.08198,-0.87182,-0.630073,-0.723927,0.280909,-0.607511,0.684875,0.402373,0.000361,0.001005,0.000771,0.0,0.0,0.0,0.455815,-0.146826,0.03395,0.352136,0.603674,-0.300218,0.738538,0.184339,0.953778,0.237193,-0.776354,-0.006683,0.630153,0.01141,0.014709,0.008765,0.003939,-0.030163,0.053803,0.475189,0.020606,0.034888,-0.005498,-0.576428,0.248253,0.778525,-0.148012,-0.968695,0.199304,0.803631,-0.000347,0.595127,0.005682,0.00761,0.004546,0.006204,-0.03371,0.051361,0.418389,0.074078,0.030885,-0.059269,-0.452748,0.067221,-0.8891,-0.517484,-0.831841,0.200622,-0.726104,0.550927,0.411401,0.000233,0.000648,0.000497,4e-06,-2e-06,5e-06,0.42568
107,0.073689,0.012784,0.363892,-0.483124,0.08195,-0.871734,-0.630083,-0.723848,0.28109,-0.607374,0.684962,0.402432,-0.012742,0.004111,0.002739,-0.000984,0.014715,-0.029553,0.457478,-0.146311,0.034577,0.352494,0.60206,-0.30301,0.738715,0.185101,0.952888,0.240157,-0.777424,-0.007485,0.628824,0.011284,0.015609,0.009317,-0.002758,-0.019925,0.060617,0.519263,0.020867,0.035215,-0.00531,-0.57473,0.251245,0.77882,-0.148643,-0.967923,0.202558,0.804729,0.00065,0.59364,0.011861,0.008957,0.004886,0.00359,0.031977,-0.068311,0.48093,0.074041,0.0309,-0.059226,-0.452885,0.067172,-0.889034,-0.517524,-0.831777,0.200787,-0.725991,0.55103,0.411462,0.000207,0.000578,0.000444,0.0,-7e-06,3e-06,0.425516
108,0.07366,0.012777,0.363987,-0.483081,0.082022,-0.871751,-0.630246,-0.723703,0.281098,-0.607239,0.685107,0.402389,0.00043,0.001194,0.000916,0.0,0.0,0.0,0.458715,-0.145986,0.035188,0.352914,0.59838,-0.306688,0.740186,0.185162,0.951697,0.244792,-0.780243,-0.009053,0.625302,-0.000109,0.004542,0.018463,-0.051305,0.007148,0.048865,0.532091,0.02103,0.03552,-0.005107,-0.57095,0.255014,0.780374,-0.148488,-0.966934,0.20734,0.807445,0.002504,0.589937,-0.000714,0.00802,0.005295,-0.00882,0.076931,-0.116604,0.510322,0.074021,0.030898,-0.059178,-0.452873,0.067238,-0.889035,-0.517699,-0.831661,0.200815,-0.725874,0.551196,0.411445,-0.00033,-0.004553,0.004977,-0.034167,0.019284,-0.015254,0.426496
109,0.073661,0.012759,0.364023,-0.483108,0.082041,-0.871734,-0.630304,-0.723634,0.281146,-0.607157,0.685177,0.402393,0.000448,0.001244,0.000954,0.0,0.0,0.0,0.458946,-0.145916,0.035479,0.353144,0.594479,-0.309529,0.742145,0.184618,0.95076,0.248808,-0.783346,-0.010522,0.621388,-0.000247,0.006057,0.019432,-0.186836,0.213717,0.18632,0.531441,0.021069,0.035669,-0.00499,-0.567839,0.257346,0.781876,-0.147935,-0.966311,0.210612,0.809736,0.003926,0.586779,0.005494,0.009084,0.005458,-0.243437,0.409905,0.140214,0.513914,0.074021,0.030888,-0.05916,-0.452903,0.067252,-0.889018,-0.517769,-0.831605,0.200864,-0.725804,0.551279,0.411458,0.000245,0.000684,0.000525,0.000559,-0.013768,0.025295,0.426823
110,0.073672,0.012692,0.364062,-0.483197,0.082063,-0.871683,-0.630386,-0.723516,0.281265,-0.607001,0.685299,0.402421,-0.001342,-0.011012,0.008493,-0.034171,0.019269,-0.015258,0.458429,-0.145867,0.036206,0.353647,0.591732,-0.314216,0.74237,0.184465,0.949182,0.254873,-0.785457,-0.013494,0.618659,0.010667,0.02149,0.013025,-0.103346,0.121308,0.18909,0.527292,0.02109,0.036017,-0.004742,-0.565083,0.262124,0.782285,-0.147471,-0.965007,0.216824,0.811746,0.007159,0.583966,-0.000937,0.010445,0.006838,-0.202351,0.363921,0.067798,0.516854,0.074028,0.030861,-0.059142,-0.45298,0.067257,-0.888979,-0.51786,-0.831524,0.200966,-0.725691,0.551401,0.411494,-0.000129,-0.00036,-0.000276,7e-06,7e-06,7e-06,0.426986
111,0.073668,0.012669,0.36407,-0.483248,0.082059,-0.871655,-0.630397,-0.723484,0.281322,-0.606949,0.685333,0.402441,-6e-06,-1.7e-05,-1.3e-05,0.0,0.0,0.0,0.459496,-0.145922,0.037023,0.354189,0.594242,-0.318453,0.73855,0.185629,0.947717,0.25944,-0.783286,-0.016687,0.621327,-0.014483,0.021687,0.015119,0.00309,-0.031142,0.045686,0.526998,0.021072,0.036433,-0.004467,-0.567543,0.266841,0.778903,-0.148488,-0.963685,0.221949,0.809842,0.010308,0.586555,-0.000992,0.011031,0.007166,0.006058,-0.03225,0.046317,0.51816,0.074025,0.030844,-0.059136,-0.453047,0.067242,-0.888946,-0.517892,-0.831485,0.201045,-0.725627,0.551461,0.411526,0.0,-5e-06,-4e-06,5e-06,7e-06,1.5e-05,0.427476
112,0.073669,0.012677,0.364063,-0.483232,0.082058,-0.871664,-0.630387,-0.723501,0.281302,-0.606972,0.685315,0.402435,-0.0,-0.0,-0.0,0.0,0.0,0.0,0.460858,-0.146071,0.037859,0.354782,0.595023,-0.324776,0.73516,0.186989,0.945486,0.266504,-0.782369,-0.020715,0.62236,-0.001903,0.021361,0.01376,-0.003705,-0.044543,0.064309,0.531615,0.020997,0.036854,-0.004174,-0.568581,0.273269,0.775912,-0.149581,-0.961832,0.229137,0.808913,0.014221,0.587755,-0.000993,0.011056,0.007127,-0.079156,-0.213961,0.224721,0.518486,0.074025,0.030848,-0.05914,-0.453031,0.067244,-0.888954,-0.517879,-0.831498,0.201024,-0.725647,0.551441,0.411519,1e-06,1e-06,1e-06,5e-06,8e-06,1.1e-05,0.428945
113,0.073676,0.012668,0.364056,-0.483229,0.08206,-0.871666,-0.630388,-0.7235,0.281299,-0.606973,0.685315,0.402435,-2.2e-05,-6.1e-05,-4.7e-05,0.0,0.0,0.0,0.460549,-0.14614,0.038214,0.355048,0.595275,-0.325545,0.734615,0.18747,0.945218,0.267119,-0.782062,-0.020894,0.62274,-0.001768,0.019863,0.012749,0.003881,-0.03002,0.049044,0.532538,0.020957,0.037038,-0.004031,-0.568933,0.274018,0.775389,-0.150029,-0.961616,0.229748,0.808582,0.01438,0.588207,-0.000884,0.009857,0.00633,0.00492,-0.030069,0.047293,0.518486,0.074029,0.030844,-0.059143,-0.453028,0.067246,-0.888955,-0.51788,-0.831498,0.201021,-0.725647,0.551441,0.411518,-8e-06,-2.5e-05,-1.8e-05,-0.0,1e-06,-6e-06,0.429599
114,0.073686,0.012666,0.364055,-0.483208,0.082068,-0.871676,-0.630399,-0.723499,0.28128,-0.606979,0.685316,0.402425,-0.0,-0.0,-0.0,0.0,0.0,0.0,0.460694,-0.146263,0.038779,0.355552,0.591816,-0.329702,0.735555,0.187642,0.943733,0.272198,-0.78464,-0.022669,0.619426,-4.1e-05,0.003677,0.017552,-0.099118,0.078862,0.096554,0.530602,0.020895,0.037326,-0.003781,-0.565605,0.278143,0.776354,-0.149984,-0.960399,0.234811,0.810922,0.01637,0.584924,-0.000641,0.007136,0.004553,-0.102391,0.14035,0.127182,0.518813,0.074034,0.030842,-0.059144,-0.453009,0.067259,-0.888964,-0.51789,-0.831497,0.201001,-0.725652,0.551441,0.411509,1e-06,3e-06,5e-06,6e-06,9e-06,-3e-06,0.430252
115,0.073691,0.012679,0.364065,-0.483172,0.082081,-0.871695,-0.630417,-0.723497,0.281246,-0.606989,0.685317,0.402408,5e-05,0.000139,0.000107,0.0,0.0,0.0,0.460455,-0.146281,0.039114,0.355925,0.588152,-0.333265,0.736887,0.187324,0.942437,0.276869,-0.787464,-0.024399,0.615767,-0.000891,0.010016,0.006361,-0.148708,0.211487,0.175082,0.525937,0.020886,0.037494,-0.003589,-0.562792,0.281173,0.777306,-0.149637,-0.959487,0.238731,0.81294,0.018042,0.582066,-0.000432,0.004784,0.003041,-0.301216,0.423214,0.310346,0.518813,0.074036,0.030849,-0.059138,-0.452974,0.067279,-0.88898,-0.517906,-0.831495,0.200967,-0.725662,0.551442,0.41149,2.9e-05,8e-05,6.1e-05,9e-06,3e-06,1e-06,0.430252
116,0.073681,0.012682,0.364067,-0.483193,0.082073,-0.871685,-0.630406,-0.723498,0.281266,-0.606984,0.685316,0.402417,0.0,0.0,0.0,0.0,0.0,0.0,0.459004,-0.146189,0.039268,0.356162,0.588358,-0.333894,0.736437,0.187496,0.942203,0.277547,-0.787268,-0.024812,0.616,-0.000329,0.003685,0.002335,-3.2e-05,4.8e-05,3.2e-05,0.51577,0.020927,0.037578,-0.003465,-0.562142,0.282489,0.777299,-0.149663,-0.959086,0.240318,0.813385,0.01876,0.581421,-0.000204,0.002235,0.001415,0.004065,-0.018068,0.022532,0.51571,0.074031,0.030851,-0.059138,-0.452994,0.067267,-0.888971,-0.517897,-0.831496,0.200987,-0.725657,0.551442,0.4115,0.0,-5e-06,-5e-06,3e-06,3e-06,5e-06,0.429762
117,0.073671,0.012684,0.364068,-0.483213,0.082064,-0.871674,-0.630396,-0.723499,0.281286,-0.606978,0.685316,0.402426,0.0,0.0,0.0,0.0,0.0,0.0,0.458294,-0.146161,0.039275,0.356198,0.58835,-0.333866,0.736457,0.187414,0.942211,0.277575,-0.787294,-0.024883,0.615964,-4.2e-05,0.00047,0.000298,-0.0,1e-06,0.0,0.501228,0.020945,0.037585,-0.003445,-0.562162,0.282463,0.777295,-0.149595,-0.959093,0.240335,0.813384,0.018828,0.581421,-0.0,-2.5e-05,-1.8e-05,0.000146,-0.000457,-0.000377,0.507056,0.074027,0.030852,-0.059137,-0.453013,0.067254,-0.888962,-0.517887,-0.831497,0.201007,-0.725652,0.551441,0.41151,0.0,-4e-06,-3e-06,1e-06,-7e-06,8e-06,0.429109
118,0.073673,0.012683,0.36408,-0.483211,0.082073,-0.871674,-0.630415,-0.723481,0.281289,-0.60696,0.685334,0.402423,2.6e-05,7.2e-05,5.5e-05,0.0,0.0,0.0,0.457701,-0.146158,0.039121,0.356067,0.588297,-0.333712,0.736569,0.187367,0.942268,0.277412,-0.787345,-0.024785,0.615903,0.000586,-0.006565,-0.004166,-0.001941,0.014988,-0.024536,0.437114,0.020947,0.037511,-0.003509,-0.562112,0.282317,0.777384,-0.149561,-0.959137,0.240178,0.813425,0.018741,0.581366,-0.000336,0.002183,-0.006203,0.036353,-0.008625,0.019092,0.456763,0.074027,0.030851,-0.059131,-0.453012,0.067263,-0.888962,-0.517908,-0.831483,0.201011,-0.725637,0.551462,0.411508,1.5e-05,3.8e-05,2.8e-05,-3e-06,1e-06,1e-06,0.428292
119,0.073675,0.01269,0.364085,-0.483193,0.082079,-0.871684,-0.630424,-0.72348,0.281272,-0.606965,0.685334,0.402414,0.0,1e-06,1e-06,0.0,0.0,0.0,0.458092,-0.146179,0.038812,0.355715,0.594641,-0.325259,0.735255,0.187631,0.945332,0.266601,-0.782506,-0.02018,0.622206,-0.011141,-0.014942,-0.008508,0.126216,-0.153802,-0.210579,0.279698,0.02094,0.03736,-0.003683,-0.568339,0.273758,0.775916,-0.150354,-0.961702,0.229176,0.808939,0.013587,0.587734,0.000599,-0.006671,-0.004246,0.158236,-0.231345,-0.183529,0.32662,0.074029,0.030855,-0.059128,-0.452995,0.067273,-0.88897,-0.517917,-0.831482,0.200994,-0.725642,0.551462,0.411499,-3e-06,-8e-06,-8e-06,2e-06,-1e-06,1.2e-05,0.427966
120,0.073675,0.01269,0.364085,-0.483193,0.082079,-0.871684,-0.630424,-0.72348,0.281272,-0.606965,0.685334,0.402414,0.0,0.0,0.0,0.0,0.0,0.0,0.457517,-0.1462,0.038605,0.355449,0.601111,-0.317329,0.733457,0.188142,0.948112,0.256162,-0.777427,-0.015603,0.62867,-0.012176,-0.006645,-0.01845,0.632167,0.104277,-0.932781,0.135826,0.02093,0.037253,-0.003813,-0.574255,0.266909,0.773944,-0.151237,-0.963675,0.220125,0.804585,0.009359,0.593763,0.000685,-0.008291,-0.005302,1.407641,1.167097,-2.346904,0.185537,0.074029,0.030855,-0.059128,-0.452995,0.067272,-0.88897,-0.517916,-0.831482,0.200994,-0.725642,0.551462,0.411499,0.0,-5e-06,-6e-06,-5e-06,2e-06,6e-06,0.427802
121,0.07368,0.012674,0.364073,-0.483209,0.082075,-0.871676,-0.630416,-0.723481,0.281286,-0.60696,0.685334,0.402422,-1.4e-05,-3.8e-05,-2.9e-05,0.0,0.0,0.0,0.457931,-0.146179,0.038375,0.354798,0.61914,-0.301429,0.725119,0.190761,0.953401,0.233602,-0.762507,-0.005943,0.646846,8e-06,-0.003306,-0.017375,0.457338,-0.619053,-0.456906,-0.112989,0.020937,0.037124,-0.004152,-0.592205,0.250022,0.766016,-0.154712,-0.968237,0.196418,0.790795,-0.002192,0.612076,8e-06,-0.001621,-0.008667,0.524421,-0.713104,-0.514979,-0.1319,0.074031,0.030846,-0.059135,-0.45301,0.067265,-0.888963,-0.517909,-0.831483,0.201008,-0.725638,0.551461,0.411508,-2e-06,-1e-05,-7e-06,-3e-06,4e-06,1.4e-05,0.427802
122,0.07368,0.012674,0.364073,-0.483209,0.082075,-0.871676,-0.630416,-0.723481,0.281286,-0.60696,0.685334,0.402422,-0.0,-0.0,-0.0,0.0,0.0,0.0,0.45825,-0.146166,0.038493,0.354058,0.635738,-0.284179,0.717684,0.182038,0.95867,0.218509,-0.750903,-0.007926,0.660261,-0.001466,0.010058,-0.024054,0.370992,-0.512453,-0.350799,-0.321305,0.020944,0.037177,-0.004515,-0.607968,0.23316,0.758953,-0.146312,-0.972438,0.18154,0.780363,-0.000673,0.625325,-0.000703,0.004798,-0.012177,-0.049688,-0.026719,-0.084148,-0.366059,0.074031,0.030846,-0.059135,-0.45301,0.067265,-0.888963,-0.51791,-0.831483,0.201008,-0.725638,0.551462,0.411508,1e-06,4e-06,4e-06,-1e-06,2e-06,6e-06,0.427802
123,0.07368,0.012674,0.364073,-0.483209,0.082075,-0.871676,-0.630416,-0.723481,0.281286,-0.60696,0.685334,0.402422,-0.0,-0.0,-0.0,0.0,0.0,0.0,0.457665,-0.14619,0.038831,0.35306,0.637028,-0.27814,0.718905,0.172665,0.960356,0.218716,-0.752024,-0.014863,0.658864,-0.001187,0.006924,-0.026095,-0.011739,0.129056,0.065595,-0.509988,0.020931,0.037355,-0.005019,-0.610243,0.226076,0.75927,-0.136904,-0.974091,0.180007,0.780294,0.0059,0.625383,-0.000575,0.003393,-0.01309,-0.023481,0.147382,0.077425,-0.584378,0.074031,0.030846,-0.059135,-0.45301,0.067265,-0.888963,-0.51791,-0.831483,0.201008,-0.725637,0.551462,0.411508,-0.0,1e-06,3e-06,7e-06,2e-06,1.6e-05,0.427639
124,0.073668,0.012669,0.36407,-0.483248,0.082059,-0.871655,-0.630397,-0.723484,0.281322,-0.606949,0.685333,0.402441,-0.000297,-0.000825,-0.000632,0.0,0.0,0.0,0.456882,-0.14621,0.039107,0.3524,0.630095,-0.280631,0.724029,0.173263,0.959649,0.221331,-0.757703,-0.013674,0.652352,-0.00221,0.015207,-0.036018,-0.118743,0.340937,0.236386,-0.572425,0.020921,0.037491,-0.005334,-0.603576,0.228151,0.763964,-0.137364,-0.973612,0.182235,0.785383,0.005052,0.618989,-0.001082,0.007518,-0.018061,-0.226782,0.491016,0.338651,-0.663084,0.074026,0.030846,-0.059135,-0.453047,0.067242,-0.888946,-0.517892,-0.831485,0.201045,-0.725627,0.551462,0.411526,-0.000201,-0.000556,-0.000425,7e-06,5e-06,1e-05,0.427639
125,0.073639,0.012655,0.364046,-0.482726,0.08492,-0.871671,-0.634665,-0.719754,0.281293,-0.602908,0.688898,0.402428,-0.000678,-0.001885,-0.001446,-0.000561,0.013771,-0.025311,0.456076,-0.146283,0.039911,0.350705,0.609377,-0.292441,0.736973,0.174376,0.956102,0.235365,-0.774201,-0.014562,0.632664,-0.003051,0.021459,-0.047249,-0.306889,0.681186,0.462049,-0.645053,0.020884,0.037893,-0.006175,-0.582991,0.23967,0.776324,-0.137955,-0.970826,0.196119,0.800681,0.007238,0.599047,-0.001526,0.010985,-0.023453,-0.33732,0.723113,0.529468,-0.748485,0.074012,0.030841,-0.059146,-0.452971,0.070166,-0.888759,-0.52272,-0.828467,0.201007,-0.722205,0.555623,0.411949,-0.000122,-0.000337,-0.000259,0.0001,-0.000355,-6.5e-05,0.426823
126,0.07356,0.012617,0.364002,-0.482999,0.084809,-0.87153,-0.634514,-0.719791,0.281541,-0.602848,0.688874,0.402559,-0.013641,0.001628,0.000834,-0.000984,0.014715,-0.029553,0.45759,-0.146482,0.041047,0.348615,0.586999,-0.306185,0.74945,0.175422,0.951767,0.251597,-0.791058,-0.015846,0.611424,-0.004238,0.031603,-0.055872,-0.214824,0.676387,0.249022,-0.826283,0.020786,0.038452,-0.00722,-0.559846,0.254064,0.788684,-0.138387,-0.967132,0.213314,0.816958,0.010279,0.576605,-0.002112,0.016038,-0.027774,-0.326405,0.738013,0.565345,-0.746689,0.073976,0.030818,-0.05917,-0.453224,0.070002,-0.888643,-0.522572,-0.8285,0.201257,-0.722153,0.555595,0.412077,-0.000343,-0.000954,-0.000731,0.000106,-2.1e-05,-6.4e-05,0.426659
127,0.073513,0.012577,0.36397,-0.483063,0.084784,-0.871497,-0.634482,-0.719795,0.281601,-0.60283,0.688872,0.402588,-0.001044,-0.002898,-0.002225,-0.000561,0.013771,-0.02531,0.457682,-0.146566,0.041691,0.34751,0.578582,-0.310974,0.754009,0.17646,0.950225,0.256646,-0.796999,-0.015061,0.60368,-0.004364,0.033029,-0.054891,-0.012997,0.274208,0.247751,-0.880878,0.020744,0.03877,-0.007776,-0.550428,0.25941,0.793558,-0.139056,-0.965712,0.219234,0.82322,0.010324,0.567627,-0.002118,0.016142,-0.02769,-0.030435,0.406143,0.064692,-0.771673,0.073949,0.030802,-0.059183,-0.453286,0.069961,-0.888614,-0.52254,-0.828505,0.201321,-0.722137,0.555593,0.412108,-0.000342,-0.000948,-0.000726,9e-05,-1.9e-05,-4.5e-05,0.426823
128,0.073412,0.012528,0.363943,-0.483283,0.084705,-0.871383,-0.634391,-0.719792,0.281813,-0.602749,0.688885,0.402687,-0.000252,-0.0007,-0.000538,0.0,0.0,0.0,0.45822,-0.146674,0.042703,0.345576,0.569274,-0.312413,0.760472,0.172547,0.949719,0.261144,-0.804518,-0.017066,0.593569,-0.003099,0.022007,-0.046833,-0.415213,0.222886,-0.257528,-1.029873,0.02069,0.039279,-0.008747,-0.541511,0.260729,0.79924,-0.135786,-0.965334,0.222913,0.829654,0.012184,0.558143,-0.001479,0.010673,-0.023644,-1.35366,-0.097211,-0.76178,-0.783103,0.073897,0.030772,-0.059201,-0.453513,0.069829,-0.888509,-0.522448,-0.828505,0.201555,-0.722061,0.555608,0.412221,-0.00016,-0.000447,-0.000342,6.3e-05,-5e-06,-2.8e-05,0.427802
129,0.073324,0.01252,0.363934,-0.483395,0.084657,-0.871325,-0.634335,-0.719799,0.281922,-0.602718,0.688884,0.402737,-2.2e-05,-6e-05,-4.6e-05,0.0,0.0,0.0,0.458938,-0.146719,0.043438,0.343974,0.563891,-0.309462,0.765671,0.162544,0.950522,0.264614,-0.810366,-0.024382,0.585299,0.010201,0.016403,-0.036257,0.018044,0.124516,0.134664,-1.155901,0.020663,0.039643,-0.009555,-0.535401,0.257648,0.804339,-0.124926,-0.966017,0.226281,0.835307,0.020668,0.549394,-0.001094,0.007793,-0.017871,0.021577,0.135048,0.103357,-0.784572,0.073852,0.030768,-0.059206,-0.45362,0.069759,-0.88846,-0.522394,-0.828513,0.201666,-0.722033,0.555606,0.412272,8e-06,2.4e-05,2.1e-05,3.7e-05,-1.5e-05,-1.9e-05,0.428782
130,0.073292,0.01252,0.363934,-0.483476,0.084625,-0.871284,-0.634295,-0.719805,0.281997,-0.602695,0.688882,0.402774,-1.9e-05,-5.3e-05,-4.1e-05,0.0,0.0,0.0,0.458891,-0.146752,0.04374,0.343298,0.559706,-0.304295,0.770796,0.150807,0.951943,0.26645,-0.815518,-0.032523,0.577698,-0.002338,0.016665,-0.035019,-4.312833,-1.227469,-3.01122,-1.240597,0.020651,0.039794,-0.009894,-0.529419,0.255492,0.808973,-0.118778,-0.966503,0.227511,0.840003,0.024361,0.542032,-0.000519,0.002893,-0.013474,-0.1272,0.294017,0.230559,-0.788655,0.073837,0.030768,-0.059205,-0.453696,0.069712,-0.888425,-0.522357,-0.828518,0.201743,-0.722012,0.555605,0.41231,6e-06,1.4e-05,1.2e-05,3.4e-05,-1.1e-05,-7e-06,0.429272
131,0.073265,0.012505,0.363921,-0.483446,0.084634,-0.871299,-0.63431,-0.719802,0.281971,-0.602704,0.688884,0.402758,-8.9e-05,-0.000245,-0.000189,0.0,0.0,0.0,0.457979,-0.146809,0.044179,0.342031,0.541316,-0.307299,0.782647,0.148095,0.951045,0.271137,-0.828314,-0.030491,0.559312,-0.001107,0.006014,-0.026831,-0.114223,0.383406,0.012534,-1.387554,0.020622,0.040019,-0.010529,-0.512074,0.255436,0.82008,-0.110258,-0.966406,0.232166,0.851835,0.028466,0.523035,-0.000556,0.003298,-0.013214,-0.1325,0.393628,0.064455,-0.785062,0.073823,0.030762,-0.059211,-0.453667,0.069726,-0.888438,-0.522369,-0.828516,0.201716,-0.722021,0.555605,0.412294,-5.7e-05,-0.000158,-0.000121,1.8e-05,-9e-06,-2e-06,0.429109
132,0.073243,0.012483,0.363879,-0.483418,0.084628,-0.871315,-0.634287,-0.719836,0.281936,-0.60275,0.688849,0.402749,-0.000583,-0.001614,-0.001242,0.0,0.0,0.0,0.456627,-0.146838,0.044737,0.340888,0.523326,-0.309511,0.793929,0.138989,0.950161,0.278946,-0.841336,-0.035257,0.539235,-0.002643,0.020095,-0.032679,-0.11234,0.432219,0.074695,-1.400064,0.020609,0.04029,-0.011089,-0.494147,0.25745,0.830383,-0.100912,-0.965676,0.239345,0.863501,0.034476,0.503166,-0.001329,0.010336,-0.016141,-0.220656,0.597143,0.194083,-0.798779,0.073813,0.030754,-0.05923,-0.453621,0.069735,-0.888461,-0.522348,-0.828543,0.201662,-0.722066,0.555565,0.412271,-0.000117,-0.000328,-0.000251,1.3e-05,1.1e-05,-1.2e-05,0.428292
133,0.073193,0.012472,0.36378,-0.482934,0.087426,-0.871308,-0.638403,-0.716195,0.281921,-0.598785,0.692283,0.402776,0.000344,0.008233,-0.01063,0.034158,-0.0193,0.015244,0.455085,-0.146804,0.045485,0.339648,0.500042,-0.31913,0.805049,0.135057,0.946916,0.291622,-0.855988,-0.036708,0.515558,0.00985,0.020424,-0.03351,-0.360632,0.908927,0.220118,-1.387446,0.020624,0.040679,-0.011727,-0.471019,0.266595,0.840873,-0.096577,-0.963092,0.251246,0.87682,0.037133,0.479381,0.004942,0.010234,-0.016741,-0.443437,1.028702,0.305384,-0.788491,0.073788,0.030747,-0.05928,-0.453609,0.072569,-0.88824,-0.526995,-0.825592,0.201676,-0.718689,0.55958,0.41274,0.000146,0.004042,-0.00537,0.034235,-0.019882,0.015206,0.426823
134,0.073142,0.012453,0.363688,-0.480076,0.090821,-0.872539,-0.643251,-0.71273,0.279673,-0.595894,0.69541,0.401675,-0.014476,-0.000639,-0.00092,-0.000984,0.014714,-0.029552,0.454771,-0.146776,0.045925,0.338944,0.486112,-0.325439,0.811033,0.132839,0.944733,0.29961,-0.864306,-0.037511,0.501429,0.009876,0.02011,-0.033715,-0.265347,0.661357,0.321864,-1.364724,0.020634,0.040891,-0.012067,-0.456459,0.273542,0.846651,-0.093878,-0.961063,0.259893,0.884777,0.039148,0.464366,-0.001191,0.008823,-0.017166,-0.36832,0.846683,0.381004,-0.779184,0.073769,0.030739,-0.059325,-0.451221,0.076486,-0.889127,-0.532266,-0.822773,0.19934,-0.716304,0.563199,0.411963,-0.000241,0.002967,-0.006199,0.032644,-0.003338,-0.014057,0.425516
135,0.072887,0.012416,0.363399,-0.474174,0.097485,-0.875043,-0.652782,-0.705833,0.275039,-0.59024,0.701506,0.399417,-0.014467,0.0067,-0.012253,-0.097957,0.050217,0.019975,0.455879,-0.146631,0.046934,0.337455,0.45151,-0.342839,0.823767,0.127214,0.938465,0.320987,-0.883669,-0.039716,0.466277,0.009766,0.021258,-0.032887,-0.490379,1.128088,0.425232,-1.322593,0.02071,0.0414,-0.012826,-0.422369,0.290746,0.858528,-0.087649,-0.955822,0.280574,0.902175,0.043256,0.429194,0.004903,0.010649,-0.016433,-0.432658,1.044662,0.364543,-0.753874,0.073641,0.030719,-0.059464,-0.446359,0.084104,-0.890892,-0.542486,-0.817201,0.194652,-0.711668,0.570181,0.41039,-0.001288,-0.003564,-0.002749,-0.440195,0.143981,0.195969,0.425353
136,0.07242,0.012299,0.363043,-0.468266,0.098822,-0.87807,-0.654403,-0.706502,0.269414,-0.593158,0.700644,0.396596,-0.015322,0.004406,-0.014052,0.036382,-0.086123,0.134912,0.459301,-0.146334,0.047864,0.336168,0.42716,-0.353234,0.832317,0.123366,0.934617,0.333474,-0.896207,-0.039335,0.441734,0.009542,0.023605,-0.031215,-0.066763,0.353661,0.098882,-1.286794,0.020855,0.041855,-0.013459,-0.396357,0.302768,0.866735,-0.082972,-0.952007,0.294612,0.914338,0.044857,0.402457,0.004812,0.011604,-0.015751,-0.040912,0.320359,0.074809,-0.736728,0.073409,0.030665,-0.059639,-0.440742,0.086557,-0.89345,-0.5438,-0.817644,0.189045,-0.714162,0.569179,0.40744,-0.008336,-0.003309,-0.002781,0.002249,-0.06601,0.11827,0.427476
137,0.072137,0.01219,0.3629,-0.467794,0.098927,-0.878309,-0.65455,-0.706531,0.268979,-0.593369,0.700599,0.396361,-0.016972,-0.007355,-0.006167,0.002236,-0.06677,0.119696,0.461949,-0.146093,0.04818,0.335641,0.422692,-0.355786,0.83351,0.122989,0.933654,0.3363,-0.898369,-0.039203,0.437331,0.023292,0.013016,-0.024177,0.026917,0.136578,-0.048504,-1.281097,0.020979,0.042024,-0.013732,-0.391985,0.30527,0.867846,-0.082647,-0.951211,0.297264,0.916251,0.044798,0.39809,0.011666,0.006529,-0.012082,0.084869,0.052537,-0.115517,-0.738198,0.073267,0.030611,-0.059716,-0.440295,0.086735,-0.893653,-0.543892,-0.817684,0.188609,-0.714367,0.569095,0.407197,-0.007951,0.001413,-0.00764,0.032343,0.023002,-0.065252,0.429762
138,0.071467,0.01193,0.362705,-0.467874,0.096037,-0.878588,-0.654283,-0.705929,0.271201,-0.5936,0.701611,0.394218,-0.016462,-0.005854,-0.005033,-0.008521,0.012472,-0.063446,0.471859,-0.145501,0.048505,0.33482,0.419385,-0.355434,0.835329,0.122892,0.93385,0.335793,-0.899928,-0.037737,0.434245,0.012134,0.001405,-0.015692,0.036384,-0.008147,0.024343,-1.285233,0.021271,0.042185,-0.014137,-0.389327,0.304308,0.869379,-0.082765,-0.951588,0.29602,0.917373,0.043295,0.395665,0.012294,0.001221,-0.008044,0.028251,0.082918,-0.115626,-0.754201,0.07293,0.030476,-0.059818,-0.439663,0.083682,-0.894255,-0.54389,-0.817144,0.190939,-0.714758,0.570325,0.404782,-0.008228,-0.002929,-0.002506,0.006964,-0.057599,0.12437,0.4376
139,0.071007,0.01169,0.362468,-0.465103,0.093852,-0.880293,-0.654864,-0.705577,0.270713,-0.595136,0.702263,0.390726,-0.003274,-0.008875,-0.006943,-0.01632,-0.022357,-0.044678,0.479677,-0.144755,0.048333,0.334352,0.406893,-0.357205,0.840734,0.12563,0.933437,0.335927,-0.905255,-0.030628,0.423601,0.025911,-0.008676,-0.008373,-0.145221,0.44896,0.075495,-1.280441,0.021639,0.042104,-0.014373,-0.377494,0.305678,0.874104,-0.085677,-0.951425,0.295717,0.922039,0.036741,0.385347,0.006776,-0.00516,-0.004218,-0.176995,1.159443,-0.503755,-0.763181,0.072696,0.030358,-0.059935,-0.436492,0.082071,-0.895956,-0.544496,-0.816857,0.190442,-0.716238,0.570971,0.401239,-0.00163,-0.004427,-0.003454,-0.007429,0.001155,-0.036802,0.449357
140,0.070893,0.01149,0.362054,-0.461554,0.086369,-0.882923,-0.655403,-0.703924,0.273697,-0.597305,0.704887,0.382608,0.010486,-0.003171,-0.019121,-0.057181,-0.216768,-0.118715,0.487613,-0.14399,0.047761,0.334128,0.365346,-0.367169,0.855395,0.155074,0.930016,0.333101,-0.918271,0.0114,0.395615,0.027368,-0.020404,-0.001111,-0.177364,0.943426,-0.298597,-1.274191,0.022022,0.041823,-0.014488,-0.335462,0.316913,0.887147,-0.115356,-0.948448,0.295191,0.934963,-0.003312,0.354727,0.006773,-0.005286,-0.004314,-0.007027,2.434635,-1.821406,-0.766611,0.072635,0.030259,-0.060135,-0.431887,0.075791,-0.898737,-0.545394,-0.815583,0.19331,-0.718344,0.573654,0.393576,-0.001709,-0.004644,-0.003643,-0.116352,-0.356616,0.001472,0.460297
141,0.070985,0.011432,0.361705,-0.456025,0.082118,-0.886196,-0.656641,-0.703164,0.272682,-0.600188,0.706158,0.375689,0.010155,-0.004084,-0.019855,-0.098208,-0.432372,0.023848,0.492451,-0.143652,0.047431,0.334066,0.340995,-0.375438,0.861836,0.171277,0.926182,0.335835,-0.924707,0.033553,0.379017,0.013463,-0.008897,-0.007469,-0.265288,0.648991,0.222449,-1.27369,0.022201,0.041648,-0.014521,-0.310152,0.325221,0.893328,-0.131254,-0.945316,0.298578,0.941582,-0.024648,0.335878,0.00672,-0.004368,-0.003675,-0.279509,0.66127,0.247092,-0.768407,0.072685,0.030229,-0.060316,-0.425614,0.072819,-0.90197,-0.546674,-0.814997,0.192162,-0.72111,0.57487,0.386683,0.005036,-0.002177,-0.010036,-0.119094,-0.473458,-0.004941,0.466012
142,0.071391,0.011423,0.360676,-0.448633,0.072547,-0.890792,-0.657576,-0.70179,0.273964,-0.604723,0.70858,0.363663,0.010386,0.003789,-0.030845,-0.001302,-0.308851,0.115159,0.499801,-0.143218,0.046831,0.334016,0.289165,-0.395223,0.87188,0.207609,0.914934,0.346016,-0.934806,0.081436,0.345498,0.014553,-0.017256,0.002228,0.900555,1.767432,0.702453,-1.278943,0.022418,0.041346,-0.014548,-0.260048,0.345097,0.901821,-0.167411,-0.935923,0.309872,0.950972,-0.070393,0.301158,0.007258,-0.008441,0.00124,0.936985,1.731238,0.682234,-0.776571,0.072884,0.030224,-0.060818,-0.416531,0.064135,-0.906855,-0.547884,-0.813724,0.194102,-0.725482,0.577701,0.37408,0.010947,-0.005662,-0.012566,-0.033091,-0.28687,0.105882,0.477606
143,0.072149,0.011445,0.359167,-0.439143,0.060433,-0.896408,-0.658426,-0.700478,0.275275,-0.61074,0.711026,0.348519,0.022427,0.004689,-0.0469,0.02931,-0.327165,0.102075,0.502704,-0.143113,0.046561,0.33398,0.257968,-0.410974,0.874382,0.220322,0.906121,0.361022,-0.940967,0.100015,0.323173,0.000281,-0.00278,-0.001989,-0.347962,0.574784,0.491191,-1.279974,0.022471,0.04121,-0.014566,-0.228554,0.362146,0.903666,-0.180027,-0.927948,0.326345,0.95674,-0.088097,0.277282,0.00012,-0.001223,-0.000869,-0.282453,0.453302,0.409869,-0.783266,0.07326,0.03024,-0.061562,-0.405011,0.054117,-0.912708,-0.549005,-0.812648,0.195435,-0.731135,0.580235,0.358842,0.01132,0.002579,-0.023269,0.02912,-0.343724,0.125787,0.485934
144,0.072603,0.011468,0.358249,-0.434192,0.052873,-0.899293,-0.658552,-0.699777,0.276757,-0.614138,0.712328,0.33978,0.021829,0.002991,-0.048318,0.008963,-0.393551,0.098023,0.50132,-0.143068,0.046574,0.333926,0.250352,-0.419706,0.872446,0.223787,0.901754,0.36972,-0.942196,0.103194,0.31856,0.012629,-0.000227,-0.001305,-0.241294,0.624705,0.019768,-1.271012,0.022489,0.041217,-0.014592,-0.221266,0.371533,0.901667,-0.183233,-0.923956,0.335752,0.957844,-0.090925,0.272518,8.4e-05,-0.000818,-0.000579,-0.320503,0.693985,0.272987,-0.783266,0.073486,0.030251,-0.062021,-0.398822,0.047654,-0.915789,-0.549298,-0.812083,0.196959,-0.734311,0.581593,0.350052,0.010677,0.000775,-0.024744,-0.001964,-0.300809,-0.110834,0.487403
145,0.073418,0.011721,0.356172,-0.427982,0.04494,-0.902694,-0.65731,-0.700971,0.276686,-0.619802,0.711709,0.33067,0.021394,0.001681,-0.049512,0.06883,-0.12923,-0.01729,0.498365,-0.14312,0.046606,0.333777,0.237639,-0.424542,0.873661,0.225756,0.898865,0.375515,-0.944999,0.108516,0.308325,-0.001019,0.007959,-0.010017,-0.060757,0.183362,0.162043,-1.254649,0.022467,0.041238,-0.014658,-0.207741,0.376664,0.902755,-0.184644,-0.921398,0.341952,0.960598,-0.095651,0.26096,0.00022,-0.002166,-0.001548,-0.133874,0.358834,-0.017635,-0.771183,0.073892,0.030373,-0.063063,-0.391163,0.041164,-0.919399,-0.547924,-0.813069,0.196713,-0.739438,0.580709,0.340598,0.004777,0.007907,-0.027982,0.110042,-0.115127,-0.021224,0.485934
146,0.073941,0.012422,0.353996,-0.425829,0.044107,-0.903753,-0.654395,-0.704788,0.273882,-0.624352,0.707982,0.330111,0.01079,0.019412,-0.053102,0.136516,-0.064352,0.039874,0.502858,-0.142988,0.046499,0.333583,0.227779,-0.4295,0.873864,0.223302,0.896506,0.382554,-0.947993,0.108522,0.29899,0.013089,-0.00468,-0.004506,-0.072267,0.14426,0.112148,-1.257323,0.022527,0.041191,-0.014756,-0.197774,0.382014,0.902745,-0.181818,-0.919252,0.349166,0.963237,-0.095079,0.251261,0.000293,-0.002866,-0.002058,-0.05489,0.02606,0.266423,-0.78,0.074155,0.030709,-0.064156,-0.389038,0.041128,-0.920302,-0.544299,-0.816242,0.193613,-0.743227,0.576243,0.339935,0.005973,0.014863,-0.031037,0.17154,-0.081649,0.056334,0.487893
147,0.074137,0.012892,0.352928,-0.425103,0.043538,-0.904123,-0.652683,-0.706799,0.272786,-0.626635,0.706011,0.330007,-0.001703,0.024628,-0.049416,0.135533,-0.049638,0.010314,0.506535,-0.142874,0.046407,0.333483,0.219148,-0.430717,0.87547,0.220725,0.895833,0.385615,-0.950617,0.109257,0.290265,0.013126,-0.004981,-0.004729,-0.110549,0.220219,0.168706,-1.257114,0.022584,0.041144,-0.014806,-0.189199,0.383304,0.904036,-0.179103,-0.918691,0.352034,0.965466,-0.095311,0.242466,0.000311,-0.00302,-0.002172,-0.123447,0.241923,0.186525,-0.78343,0.074257,0.03094,-0.064693,-0.388203,0.040737,-0.920672,-0.542249,-0.81788,0.192451,-0.74516,0.573944,0.339594,0.006454,0.016197,-0.02995,0.170723,-0.083655,0.055203,0.491649
