frame,MLTx,MLTy,MLTz,MLTR1,MLTR2,MLTR3,MLTR4,MLTR5,MLTR6,MLTR7,MLTR8,MLTR9,MLTTVx,MLTTVy,MLTTVz,MLTRVx,MLTRVy,MLTRVz,MLGA,MRTx,MRTy,MRTz,MRTR1,MRTR2,MRTR3,MRTR4,MRTR5,MRTR6,MRTR7,MRTR8,MRTR9,MRTTVx,MRTTVy,MRTTVz,MRTRVx,MRTRVy,MRTRVz,MRGA,SLTx,SLTy,SLTz,SLTR1,SLTR2,SLTR3,SLTR4,SLTR5,SLTR6,SLTR7,SLTR8,SLTR9,SLTTVx,SLTTVy,SLTTVz,SLTRVx,SLTRVy,SLTRVz,SLGA,SRTx,SRTy,SRTz,SRTR1,SRTR2,SRTR3,SRTR4,SRTR5,SRTR6,SRTR7,SRTR8,SRTR9,SRTTVx,SRTTVy,SRTTVz,SRTRVx,SRTRVy,SRTRVz,SRGA
260,0.083052,0.02504,0.349588,0.023284,0.829295,-0.558367,-0.980866,-0.088944,-0.173097,-0.193249,0.550683,0.812053,-0.009383,0.013502,0.010111,0.278228,-0.018045,-0.239225,-1.40384,-0.082673,0.055663,0.353612,0.390691,0.584225,0.71136,-0.748115,0.651781,-0.124255,-0.536709,-0.484369,0.690791,0.021933,-0.00705,0.084084,-0.277264,0.438208,-0.794225,-0.279913,0.049512,0.0463,-0.007709,-0.358089,-0.577829,0.733407,0.740812,-0.653935,-0.15351,0.568303,0.488346,0.66223,0.004872,-0.004802,0.041827,-0.287723,0.359653,-0.598068,-0.457338,0.079524,0.037366,-0.069072,-0.00758,0.867304,-0.497719,-0.981951,-0.10052,-0.160208,-0.18898,0.487521,0.852413,-0.004858,0.006298,0.004756,3.096483,0.966708,-4.481164,-0.858764
261,0.082685,0.025694,0.350066,0.016484,0.825963,-0.563523,-0.981864,-0.092999,-0.165124,-0.188822,0.554998,0.810154,-0.007661,0.018535,0.01395,-0.145725,-0.306562,-0.156385,-1.386867,-0.082133,0.055022,0.356811,0.340798,0.594622,0.728198,-0.759813,0.630353,-0.158973,-0.553951,-0.499865,0.665685,0.013044,-0.020194,0.076531,-0.254271,0.375498,-0.690399,-0.276834,0.049777,0.046001,-0.006129,-0.307891,-0.587672,0.748226,0.750721,-0.633184,-0.188399,0.584483,0.503703,0.63613,0.006355,-0.009734,0.038491,-0.118237,0.504464,-0.780152,-0.454725,0.079339,0.037687,-0.068837,-0.015069,0.864902,-0.501713,-0.982376,-0.106299,-0.153743,-0.186304,0.490554,0.851261,-0.003889,0.009109,0.006859,-0.291949,-0.580956,-0.335741,-0.858601
262,0.082503,0.026082,0.350358,0.015794,0.824438,-0.565772,-0.982105,-0.093325,-0.163503,-0.187626,0.557205,0.808916,-0.006975,0.020506,0.015427,-0.020296,-0.054891,-0.004275,-1.372297,-0.081925,0.054604,0.358191,0.315926,0.597266,0.737194,-0.764537,0.620369,-0.174815,-0.562112,-0.509135,0.651671,0.014518,-0.025064,0.073367,1.356995,2.142307,-2.079242,-0.27614,0.049891,0.045779,-0.005381,-0.282206,-0.590423,0.756147,0.755446,-0.622581,-0.204187,0.59132,0.513606,0.621729,0.007353,-0.013018,0.036365,1.350347,2.112602,-2.083546,-0.453582,0.079245,0.037888,-0.068687,-0.016436,0.862515,-0.505763,-0.98272,-0.107204,-0.150888,-0.184363,0.494545,0.849373,-0.009873,0.011905,0.008814,0.003395,0.003564,-0.011587,-0.86007
263,0.082156,0.026947,0.351118,0.007914,0.818503,-0.574487,-0.982503,-0.10045,-0.156742,-0.186019,0.564659,0.804105,-0.005216,0.025567,0.019179,0.896978,0.118626,-1.355931,-1.340994,-0.081707,0.053664,0.36078,0.275164,0.598309,0.752531,-0.770786,0.605123,-0.199119,-0.574825,-0.526002,0.626707,-0.000366,-0.011787,0.052768,-0.200271,0.352429,-0.460589,-0.278409,0.05,0.045317,-0.004132,-0.240972,-0.590839,0.769961,0.760051,-0.60823,-0.228862,0.603534,0.530061,0.595635,0.001202,-0.012212,0.029924,-0.114083,0.599247,-0.816721,-0.454562,0.07907,0.038318,-0.068309,-0.02288,0.857038,-0.514743,-0.983023,-0.113042,-0.14452,-0.182047,0.502698,0.845075,-0.002704,0.012569,0.009469,3.137732,0.766019,-4.475819,-0.855008
264,0.081852,0.028025,0.352107,0.004149,0.814374,-0.580364,-0.982011,-0.106154,-0.156067,-0.188717,0.569559,0.800009,-0.015651,0.035301,0.026026,-0.004952,-0.022776,0.01037,-1.32462,-0.081714,0.052834,0.362861,0.253997,0.58528,0.770015,-0.760522,0.612731,-0.214715,-0.597769,-0.531812,0.59976,0.001641,-0.018358,0.048611,-0.280161,0.838162,-0.079705,-0.274405,0.050001,0.044903,-0.003086,-0.219089,-0.579915,0.784664,0.749163,-0.61521,-0.245502,0.625104,0.534054,0.569237,0.000877,-0.009491,0.024107,1.224246,0.065647,0.5726,-0.453909,0.078922,0.038838,-0.067828,-0.028157,0.853313,-0.520637,-0.982129,-0.120577,-0.144508,-0.186087,0.507264,0.841459,-0.00207,0.010698,0.01623,-0.022327,0.015171,0.041286,-0.859091
265,0.081727,0.028602,0.352683,-0.0017,0.811225,-0.58477,-0.981864,-0.112128,-0.152785,-0.189518,0.572896,0.797433,-0.014241,0.03929,0.028884,0.733418,-0.253736,-1.570164,-1.318689,-0.08178,0.052439,0.363683,0.237532,0.58305,0.776931,-0.758921,0.610626,-0.226072,-0.606493,-0.536662,0.586534,0.003185,-0.02343,0.045462,-0.189412,0.46306,-0.509157,-0.269329,0.049963,0.044702,-0.002654,-0.201749,-0.575253,0.792704,0.747153,-0.613705,-0.2552,0.633291,0.540785,0.553617,-0.004239,-0.013687,0.022075,-0.079575,0.533891,-0.680041,-0.450643,0.078853,0.039151,-0.067522,-0.032695,0.851526,-0.523291,-0.981691,-0.125661,-0.143146,-0.18765,0.50903,0.840044,-0.007011,0.020022,0.014724,0.768405,-0.219671,-1.56261,-0.8635
266,0.081595,0.029883,0.354058,-0.003307,0.80835,-0.588731,-0.981188,-0.116177,-0.154093,-0.192962,0.576142,0.794263,-0.000776,0.030985,0.039085,-0.040614,-0.038442,0.046158,-1.303779,-0.081873,0.051547,0.36502,0.215843,0.566042,0.795613,-0.735351,0.630311,-0.248799,-0.642554,-0.532064,0.551267,0.00427,-0.023792,0.03029,4.17029,-0.659849,2.690288,-0.268057,0.049916,0.044251,-0.001967,-0.177772,-0.559163,0.809773,0.723713,-0.631874,-0.277442,0.66681,0.536722,0.517003,0.002353,-0.01259,0.014706,4.159464,-0.661719,2.699255,-0.445744,0.078787,0.039793,-0.066833,-0.035556,0.847714,-0.52926,-0.981017,-0.130628,-0.143322,-0.190633,0.514117,0.836266,-0.000281,0.015857,0.019822,-0.025562,-0.008068,0.062206,-0.865786
267,0.081584,0.031177,0.355648,-0.01284,0.803249,-0.595542,-0.980665,-0.126342,-0.149351,-0.1952,0.581112,0.790084,2.2e-05,0.033186,0.040232,-0.137573,-0.253942,-0.049485,-1.263953,-0.082016,0.050534,0.365866,0.191772,0.549792,0.812985,-0.715573,0.645266,-0.267435,-0.671834,-0.531154,0.516119,-0.006923,-0.025932,0.015151,0.253227,1.106202,-0.926883,-0.269034,0.049847,0.043754,-0.00155,-0.155116,-0.541676,0.82615,0.702133,-0.648732,-0.293519,0.694943,0.534538,0.480958,-0.003556,-0.012713,0.007733,1.350245,2.060396,-1.908192,-0.446071,0.078785,0.040425,-0.066066,-0.044826,0.843408,-0.535399,-0.980068,-0.140956,-0.139992,-0.193538,0.518452,0.832916,9e-06,0.016648,0.02017,-0.226331,-0.427212,-0.14574,-0.862846
268,0.081649,0.032347,0.35729,-0.020586,0.8012,-0.598081,-0.979687,-0.13543,-0.147792,-0.199392,0.581894,0.78846,0.000393,0.034165,0.04046,0.259037,0.024164,-0.318904,-1.25491,-0.082189,0.049593,0.366267,0.174194,0.528178,0.831069,-0.688427,0.668778,-0.280601,-0.704194,-0.523916,0.479047,-0.007788,-0.019951,0.003842,0.257386,1.567688,-0.512299,-0.267594,0.049763,0.043274,-0.00135,-0.137331,-0.522325,0.841615,0.674213,-0.671754,-0.306891,0.725656,0.525282,0.444411,-0.003625,-0.010914,0.001344,1.748721,1.959603,-1.698115,-0.445744,0.078818,0.041012,-0.065244,-0.051518,0.840876,-0.538769,-0.979171,-0.148621,-0.138328,-0.196389,0.520422,0.831018,0.000176,0.01713,0.02031,3.284521,0.794005,-4.265609,-0.864806
269,0.081687,0.032906,0.35811,-0.019355,0.801086,-0.598274,-0.979888,-0.13398,-0.147787,-0.198531,0.582385,0.788314,0.000506,0.034445,0.040422,-0.034134,-0.025001,0.054238,-1.250115,-0.082225,0.049208,0.3663,0.165046,0.517815,0.839416,-0.673812,0.680715,-0.287295,-0.720342,-0.518843,0.460186,0.002693,-0.008974,-0.005551,1.155708,0.505609,0.858273,-0.268995,0.049742,0.043073,-0.001332,-0.126002,-0.511052,0.850263,0.65948,-0.683435,-0.313051,0.741086,0.521287,0.423143,0.001432,-0.004803,-0.002967,1.149258,0.603991,0.967354,-0.445581,0.078837,0.041314,-0.064799,-0.051546,0.840872,-0.538772,-0.979126,-0.148759,-0.138496,-0.196604,0.520388,0.830988,0.000269,0.01734,0.020296,-0.032297,-0.020122,0.057638,-0.869541
270,0.081804,0.033901,0.359867,-0.026143,0.800643,-0.598608,-0.978758,-0.142224,-0.147568,-0.203261,0.581039,0.788102,0.011257,0.019074,0.045377,-0.064356,-0.03372,0.090644,-1.21092,-0.082309,0.048644,0.366029,0.146323,0.493058,0.857599,-0.648744,0.702312,-0.292956,-0.746896,-0.514116,0.421539,0.003772,-0.012595,-0.007826,0.180334,0.941647,0.365739,-0.275388,0.049698,0.042797,-0.001464,-0.107228,-0.487281,0.866636,0.634742,-0.704456,-0.317556,0.765247,0.51604,0.384835,-0.004022,-0.007884,-0.004346,4.540415,-0.784625,2.303311,-0.449337,0.078893,0.041808,-0.063935,-0.058379,0.840309,-0.538955,-0.977771,-0.157037,-0.138933,-0.201382,0.518864,0.830797,-0.000848,0.01042,0.023228,-0.061576,-0.003025,0.029069,-0.87297
271,0.082,0.034538,0.361601,-0.02857,0.800508,-0.598678,-0.978527,-0.144624,-0.146771,-0.204047,0.580634,0.788198,0.009593,0.014246,0.04166,-0.066956,-0.019328,0.069198,-1.190864,-0.082203,0.048248,0.365683,0.130068,0.4652,0.875593,-0.63276,0.718836,-0.287789,-0.763416,-0.517194,0.386741,0.015363,-0.00835,-0.00637,-0.216348,1.277228,0.238441,-0.273368,0.04975,0.042586,-0.001645,-0.090525,-0.459088,0.883766,0.617913,-0.721832,-0.311676,0.781017,0.517876,0.34902,0.001778,-0.005935,-0.003705,-0.011409,0.950534,-0.181678,-0.451296,0.078993,0.042134,-0.063063,-0.060775,0.840112,-0.538996,-0.977468,-0.159451,-0.138315,-0.202144,0.518445,0.830874,-0.00155,0.008327,0.02159,-0.069201,0.009914,0.015342,-0.87297
272,0.08212,0.034702,0.362488,-0.032339,0.800436,-0.598583,-0.978025,-0.148678,-0.146064,-0.205879,0.579711,0.788401,0.009066,0.012734,0.040473,-0.066923,-0.019223,0.069259,-1.178559,-0.082098,0.048067,0.365531,0.122736,0.452244,0.883404,-0.621695,0.728883,-0.286634,-0.773646,-0.514597,0.369493,0.003117,-0.010397,-0.006504,-0.113284,0.964638,0.028587,-0.272924,0.049809,0.04249,-0.001725,-0.081578,-0.444137,0.892236,0.607211,-0.732043,-0.308879,0.79034,0.516579,0.329403,0.001542,-0.005142,-0.003218,-0.117597,0.969506,0.031465,-0.45048,0.079053,0.042216,-0.06262,-0.06454,0.839934,-0.538835,-0.97685,-0.163532,-0.13791,-0.203952,0.517461,0.831045,0.003729,0.000494,0.024156,-0.102347,0.01499,0.029904,-0.873624
273,0.082375,0.034674,0.364309,-0.040422,0.800451,-0.598072,-0.977083,-0.156777,-0.143878,-0.208889,0.577555,0.789191,0.005906,-0.003698,0.044924,-0.101208,0.015274,0.029529,-1.145553,-0.081739,0.04771,0.365272,0.10419,0.424703,0.899313,-0.603494,0.745741,-0.282133,-0.790573,-0.513869,0.33286,0.015482,-0.008611,-0.006584,-0.210524,1.148614,0.18927,-0.274233,0.049988,0.042314,-0.001852,-0.062745,-0.417658,0.906434,0.589183,-0.748573,-0.304137,0.805559,0.514973,0.293046,0.007728,-0.004266,-0.003273,-0.223168,1.036167,0.11298,-0.451296,0.079181,0.042212,-0.061725,-0.072596,0.839683,-0.538202,-0.975643,-0.171787,-0.136415,-0.207001,0.51519,0.831702,0.002889,-0.001963,0.022384,-0.102487,0.015032,0.029868,-0.871991
274,0.08257,0.034278,0.366162,-0.052451,0.799554,-0.598337,-0.974792,-0.171028,-0.143182,-0.216757,0.57475,0.789117,0.004022,-0.016388,0.052058,3.171458,0.82622,-4.346572,-1.145145,-0.081173,0.047405,0.365048,0.093068,0.40003,0.91176,-0.585536,0.762638,-0.274709,-0.805316,-0.508805,0.30405,0.026916,-0.003595,-0.004638,-0.120757,0.675776,0.214867,-0.274002,0.050261,0.04216,-0.001964,-0.050781,-0.391994,0.918564,0.571728,-0.765539,-0.295085,0.818869,0.510185,0.262988,0.007462,-0.003326,-0.002699,-0.139378,0.829752,0.273744,-0.451623,0.07928,0.042013,-0.060788,-0.079831,0.838907,-0.538386,-0.974132,-0.180204,-0.136349,-0.211404,0.513575,0.831593,0.002497,-0.0031,0.021556,-0.104937,0.017317,0.028674,-0.877869
275,0.082684,0.033578,0.36815,-0.0499,0.797028,-0.601915,-0.97342,-0.173612,-0.149279,-0.223425,0.577476,0.785258,0.003149,-0.018984,0.050279,0.44599,-0.421552,0.345454,-1.137805,-0.080372,0.047227,0.364865,0.078202,0.37848,0.922296,-0.574633,0.773102,-0.268408,-0.814678,-0.509469,0.276774,0.026831,-0.003133,-0.004376,-0.101964,0.5955,0.166117,-0.27385,0.050672,0.042071,-0.002056,-0.035075,-0.370078,0.928337,0.561274,-0.775869,-0.288091,0.826885,0.510948,0.234929,0.01341,-0.001546,-0.002186,-0.104967,0.579838,0.15625,-0.451296,0.079337,0.041664,-0.059793,-0.082468,0.836469,-0.541772,-0.971788,-0.188027,-0.142378,-0.220963,0.514747,0.828377,0.001051,-0.014563,0.029628,1.762418,-1.510904,1.185095,-0.885544
276,0.082695,0.033159,0.369145,-0.053229,0.794491,-0.604977,-0.970768,-0.183086,-0.155114,-0.233941,0.578048,0.781767,0.002541,-0.02081,0.049064,0.457624,-0.516343,0.508912,-1.131368,-0.079937,0.047139,0.364771,0.068524,0.368698,0.927015,-0.565594,0.779806,-0.268217,-0.821833,-0.5064,0.260792,0.026897,-0.003252,-0.004467,-0.081091,0.776122,0.267775,-0.275052,0.050879,0.042029,-0.002101,-0.025965,-0.361736,0.931918,0.552104,-0.782345,-0.288296,0.833369,0.507031,0.22003,0.013446,-0.001619,-0.002239,0.004314,0.805817,0.265726,-0.451623,0.079343,0.041456,-0.059295,-0.085925,0.834071,-0.544924,-0.969009,-0.197104,-0.148896,-0.231597,0.515243,0.825158,0.000669,-0.015713,0.02887,1.790372,-1.594509,1.324371,-0.887667
277,0.082642,0.032154,0.371096,-0.044105,0.786476,-0.616081,-0.964574,-0.194004,-0.178695,-0.260015,0.585396,0.767939,-0.01139,-0.022504,0.047927,0.458537,-0.584303,0.645075,-1.125649,-0.079064,0.046898,0.364531,0.056501,0.348696,0.935527,-0.553798,0.790608,-0.261111,-0.830719,-0.50378,0.23659,0.027747,-0.005794,-0.006126,1.406247,0.454216,0.730875,-0.274715,0.051324,0.04191,-0.002221,-0.013404,-0.3419,0.93964,0.541057,-0.792745,-0.280733,0.840878,0.504636,0.195613,0.013918,-0.003021,-0.003157,1.412699,0.376978,0.69145,-0.452439,0.079322,0.040957,-0.058318,-0.076916,0.827081,-0.556794,-0.963016,-0.206263,-0.17336,-0.258229,0.522868,0.812358,6.8e-05,-0.017532,0.027703,1.780108,-1.670671,1.525526,-0.887993
278,0.082506,0.03103,0.373018,-0.046581,0.781758,-0.621875,-0.95864,-0.209905,-0.19215,-0.2807,0.586232,0.759978,0.000619,-0.026624,0.045326,-0.117035,-0.238087,0.500698,-1.131666,-0.078209,0.04656,0.364243,0.040115,0.332251,0.942333,-0.550207,0.794579,-0.256611,-0.834032,-0.508603,0.213486,0.028417,-0.007697,-0.007398,-0.099452,0.642337,0.152467,-0.274559,0.051735,0.041748,-0.002359,0.00306,-0.325281,0.945612,0.537263,-0.79701,-0.275902,0.843408,0.508887,0.172322,0.014187,-0.00378,-0.003668,-0.122526,0.798221,0.16261,-0.451949,0.079249,0.040392,-0.057358,-0.07922,0.822592,-0.563085,-0.956846,-0.221174,-0.188487,-0.279588,0.523854,0.804616,-0.000427,-0.019011,0.026787,-0.14131,-0.100474,0.26053,-0.894035
279,0.08238,0.030479,0.373976,-0.048065,0.780905,-0.622834,-0.957235,-0.214041,-0.194577,-0.285206,0.585875,0.758574,0.000698,-0.026394,0.045503,-0.127803,-0.142967,0.33663,-1.12894,-0.077812,0.046387,0.364088,0.033316,0.323674,0.945578,-0.546013,0.798331,-0.253912,-0.837074,-0.508247,0.202128,0.028613,-0.008196,-0.007749,-0.129358,0.817802,0.263772,-0.274744,0.051939,0.041658,-0.002439,0.009767,-0.317088,0.948345,0.533124,-0.800707,-0.273215,0.84598,0.508254,0.161226,0.008214,-0.005424,-0.00412,-0.053231,0.167015,0.102572,-0.451949,0.079185,0.040114,-0.056881,-0.080597,0.821764,-0.564098,-0.9554,-0.225001,-0.191271,-0.284103,0.523524,0.803248,-0.005981,-0.012024,0.023505,-0.126914,-0.210035,0.453854,-0.896484
280,0.081999,0.029519,0.375878,-0.049268,0.777678,-0.626765,-0.952445,-0.225438,-0.204935,-0.300618,0.585895,0.752584,-0.011535,-0.022936,0.047764,0.072818,-0.140565,0.187709,-1.122565,-0.077036,0.046009,0.363757,0.019159,0.307423,0.951376,-0.532171,0.808695,-0.25048,-0.846364,-0.501883,0.177889,0.01632,-0.010351,-0.007952,0.712712,1.976044,-1.89809,-0.274528,0.052327,0.04147,-0.002604,0.021838,-0.299097,0.953972,0.52026,-0.811421,-0.266313,0.853727,0.502129,0.137889,0.008151,-0.005145,-0.003967,-0.132558,0.641806,0.378249,-0.451623,0.078998,0.039632,-0.055932,-0.081694,0.818813,-0.568217,-0.95059,-0.235341,-0.202463,-0.299505,0.523602,0.797582,-0.005577,-0.010814,0.024307,0.6207,-0.580113,0.605558,-0.896974
281,0.081552,0.028713,0.377705,-0.048914,0.772907,-0.632666,-0.948113,-0.235086,-0.213978,-0.314064,0.588412,0.745092,-0.011682,-0.023373,0.047519,-0.297825,-0.4376,-0.11247,-1.122246,-0.076416,0.045668,0.363451,0.008008,0.286814,0.957949,-0.519961,0.81948,-0.240889,-0.854083,-0.496529,0.15448,0.015853,-0.008732,-0.006948,-0.064313,0.679854,0.420865,-0.275518,0.052638,0.041297,-0.002759,0.035628,-0.280352,0.959235,0.507672,-0.821695,-0.25901,0.860813,0.496205,0.113052,0.007787,-0.003913,-0.003188,0.413239,0.178818,0.263172,-0.452603,0.078775,0.03923,-0.055017,-0.080843,0.815811,-0.57264,-0.945985,-0.243774,-0.21374,-0.313966,0.52443,0.791453,-0.005688,-0.011154,0.024105,-0.335513,-0.520818,-0.129674,-0.89828
282,0.081232,0.02796,0.379426,-0.05635,0.770886,-0.634511,-0.942995,-0.249809,-0.219837,-0.327914,0.584994,0.741809,0.000874,-0.025886,0.045947,-0.131395,-0.04465,0.164729,-1.115903,-0.075998,0.045497,0.363178,-0.001278,0.265171,0.964196,-0.50815,0.830257,-0.22889,-0.861188,-0.490584,0.132465,-6.4e-05,0.00361,-0.013045,-0.031925,0.713643,0.228298,-0.276175,0.052861,0.041198,-0.0029,0.045622,-0.257549,0.965187,0.496494,-0.832562,-0.245627,0.86684,0.490416,0.089888,0.007313,-0.002396,-0.002211,0.048226,0.815271,0.537712,-0.452929,0.07861,0.038854,-0.054157,-0.088759,0.812341,-0.576387,-0.940802,-0.258422,-0.219336,-0.327127,0.522799,0.78719,-0.005316,-0.006473,0.019293,-0.101436,-0.030781,0.126761,-0.899913
283,0.081133,0.027613,0.380247,-0.058227,0.769337,-0.63622,-0.939651,-0.257393,-0.225335,-0.337053,0.583747,0.738689,0.00107,-0.025303,0.04633,0.048201,-0.171774,0.280366,-1.104193,-0.075838,0.045477,0.363058,-0.005988,0.255497,0.966787,-0.504439,0.834004,-0.223411,-0.863341,-0.489346,0.122664,-0.000669,0.00551,-0.011807,0.114735,0.39386,0.06494,-0.276352,0.052941,0.041187,-0.00296,0.051347,-0.246379,0.967812,0.493382,-0.83631,-0.239078,0.868295,0.489778,0.078617,0.006947,-0.001221,-0.001445,0.415344,0.213101,0.256129,-0.453256,0.07856,0.038678,-0.053747,-0.090759,0.810915,-0.57808,-0.93742,-0.265508,-0.225272,-0.336162,0.521459,0.784266,-0.005224,-0.006207,0.019464,0.56779,-0.609802,0.748689,-0.896647
284,0.081042,0.026886,0.381716,-0.066048,0.765526,-0.640042,-0.934112,-0.272889,-0.23008,-0.350719,0.581722,0.733909,0.000725,-0.019219,0.034617,-0.001289,-0.028206,0.071199,-1.098065,-0.075678,0.045552,0.362859,-0.017031,0.231208,0.972751,-0.492637,0.844659,-0.209269,-0.869969,-0.483069,0.098285,0.000528,-0.001652,-0.001081,-0.084941,0.562711,0.333894,-0.278399,0.05302,0.041227,-0.003063,0.062123,-0.223182,0.972795,0.481897,-0.846831,-0.225057,0.874022,0.482768,0.054943,0.005106,0.006238,-0.00427,-0.05382,0.710052,0.487352,-0.453746,0.078517,0.038318,-0.053005,-0.098337,0.80714,-0.582112,-0.931611,-0.280336,-0.231327,-0.349901,0.519554,0.779508,-0.005597,-0.003761,0.013217,0.257078,0.068336,-0.224073,-0.895831
285,0.081044,0.026096,0.382831,-0.070722,0.763877,-0.64151,-0.929376,-0.283977,-0.235771,-0.362194,0.57858,0.730812,-0.00044,-0.015583,0.021359,-0.058037,-0.057127,0.147744,-1.087477,-0.075737,0.045805,0.362724,-0.023011,0.20477,0.978535,-0.476625,0.858142,-0.190668,-0.8787,-0.471042,0.076614,-0.003252,0.013585,-0.00652,-0.088466,0.791569,0.553326,-0.28667,0.052992,0.041347,-0.00313,0.067526,-0.198069,0.977859,0.466573,-0.860056,-0.206427,0.8819,0.470182,0.034337,-0.000323,0.001023,0.000671,-0.080358,0.261263,0.236266,-0.459134,0.078519,0.037932,-0.052448,-0.103055,0.805481,-0.583591,-0.926655,-0.290985,-0.237986,-0.36151,0.516262,0.776391,-0.000808,-0.013057,0.015156,-0.038886,-0.069102,0.155151,-0.895831
286,0.081022,0.025738,0.383249,-0.070251,0.760952,-0.645028,-0.927159,-0.288305,-0.239223,-0.367923,0.580291,0.726582,-0.001008,-0.017287,0.020301,-0.22056,-0.403722,-0.221788,-1.079434,-0.075813,0.045991,0.362653,-0.022923,0.192955,0.980935,-0.468528,0.864687,-0.18092,-0.883046,-0.463988,0.069343,-0.003488,0.014324,-0.006036,-0.01776,-0.800176,2.613816,-0.291103,0.052955,0.041441,-0.003165,0.070303,-0.18754,0.979737,0.459949,-0.865435,-0.198666,0.885157,0.464596,0.025416,-0.001629,0.006919,-0.003282,5.384209,-0.682278,0.362134,-0.463706,0.078508,0.037747,-0.052231,-0.102228,0.80426,-0.585418,-0.924255,-0.294403,-0.243059,-0.367832,0.516229,0.773438,-0.000796,-0.009473,0.009623,-0.252889,-0.552699,-0.112756,-0.893382
287,0.080982,0.024894,0.383911,-0.07709,0.756105,-0.649929,-0.918755,-0.306982,-0.248237,-0.387122,0.577048,0.719151,0.00906,-0.027344,0.013985,3.487337,1.199901,-3.883582,-1.060417,-0.075953,0.0464,0.362508,-0.028264,0.176519,0.983887,-0.465789,0.868552,-0.169091,-0.884332,-0.463287,0.056428,-0.01558,0.011215,-0.006785,-0.034438,0.479592,0.07393,-0.291571,0.052888,0.041651,-0.003234,0.073721,-0.168428,0.982952,0.457152,-0.870271,-0.183406,0.886327,0.46288,0.01284,-0.001624,0.006791,-0.003256,-0.019013,0.510126,0.324598,-0.467789,0.078485,0.037332,-0.051895,-0.104988,0.798714,-0.592479,-0.917678,-0.307379,-0.251761,-0.383201,0.517274,0.765234,-0.001632,-0.011988,0.008062,-0.121539,-0.197613,0.06961,-0.886034
288,0.080939,0.023994,0.384375,-0.079479,0.752164,-0.654201,-0.912478,-0.319052,-0.256051,-0.401226,0.575656,0.712506,-0.003752,-0.025535,0.015166,1.020518,0.367694,-1.0368,-1.041368,-0.076102,0.046818,0.362324,-0.02486,0.162984,0.986311,-0.452114,0.878107,-0.156382,-0.891506,-0.45002,0.05061,-0.003313,0.013784,-0.006382,0.024076,0.077986,0.103972,-0.291419,0.052808,0.041861,-0.003325,0.071159,-0.154082,0.985492,0.444275,-0.879686,-0.169619,0.893059,0.449899,0.005856,-0.001462,0.006291,-0.003577,0.013686,0.054297,0.049014,-0.467952,0.078466,0.036874,-0.051669,-0.110468,0.794518,-0.597107,-0.909952,-0.322482,-0.260753,-0.39973,0.514534,0.758597,-0.00159,-0.008289,0.002621,3.584721,1.465087,-3.964888,-0.883421
289,0.080928,0.023546,0.384608,-0.081374,0.748893,-0.65771,-0.908062,-0.327667,-0.260826,-0.410748,0.575085,0.707524,-0.002546,-0.014781,0.006319,1.055966,0.359519,-1.044186,-1.037101,-0.076171,0.047024,0.36223,-0.022339,0.152467,0.988052,-0.443043,0.884432,-0.146378,-0.896117,-0.441215,0.046542,-0.0034,0.014058,-0.006201,-0.063202,0.438988,0.609304,-0.291368,0.052773,0.041963,-0.003372,0.06731,-0.14611,0.986975,0.435181,-0.885863,-0.16082,0.897822,0.440338,0.003956,-0.001524,0.006484,-0.003448,-0.048805,-0.448873,0.818606,-0.468278,0.078459,0.036643,-0.05155,-0.112364,0.791385,-0.600901,-0.905449,-0.330645,-0.266147,-0.40931,0.51418,0.753712,0.004509,-0.013745,0.006983,3.572225,1.390585,-3.723266,-0.884564
290,0.080899,0.02274,0.385015,-0.081142,0.747779,-0.659005,-0.903767,-0.333928,-0.267712,-0.420157,0.572934,0.703735,-0.002988,-0.016117,0.005481,-0.029681,-0.05835,0.135987,-1.035362,-0.076299,0.047495,0.362077,-0.018856,0.13751,0.990317,-0.434051,0.891145,-0.131888,-0.900591,-0.432511,0.04163,-0.004075,0.016174,-0.004821,-0.333242,-0.929245,2.703732,-0.291417,0.052711,0.042195,-0.003451,0.066435,-0.132255,0.988986,0.426426,-0.892335,-0.147976,0.902079,0.43156,-0.002885,-0.001966,0.007863,-0.00255,-0.061786,0.568959,0.359316,-0.468442,0.078445,0.036242,-0.051346,-0.11348,0.790404,-0.601982,-0.90053,-0.337788,-0.273759,-0.419723,0.511037,0.750115,-0.001953,-0.012998,0.007447,-0.071387,0.038382,-0.031004,-0.891912
291,0.08083,0.021993,0.38533,-0.08581,0.746876,-0.659438,-0.899857,-0.342144,-0.270495,-0.42755,0.569259,0.702262,-0.002595,-0.014943,0.006223,1.058918,0.466975,-1.179957,-1.026999,-0.07642,0.048004,0.361971,-0.015753,0.120134,0.992628,-0.414591,0.902586,-0.1157,-0.909776,-0.413512,0.034332,-0.004119,0.016309,-0.004734,-0.105724,0.010108,1.026556,-0.290046,0.052649,0.042452,-0.003503,0.062147,-0.113108,0.991636,0.408042,-0.90385,-0.128667,0.910844,0.412626,-0.010019,-0.000825,0.002486,0.001625,-0.316365,-0.774774,2.744487,-0.467625,0.078409,0.035863,-0.051191,-0.116642,0.78961,-0.60242,-0.897132,-0.34399,-0.277172,-0.426085,0.50812,0.748508,-0.002008,-0.013141,0.007385,3.576124,1.546635,-3.933002,-0.894688
292,0.080668,0.02137,0.385701,-0.089625,0.743297,-0.662964,-0.894283,-0.353014,-0.274973,-0.438319,0.567308,0.697183,-0.002046,-0.013296,0.00727,0.292984,0.163626,-0.390412,-1.033568,-0.07652,0.048356,0.36189,-0.019324,0.100258,0.994769,-0.390118,0.915313,-0.099713,-0.920462,-0.390135,0.020167,-0.002985,0.012754,-0.007041,0.029743,0.333957,0.228507,-0.289872,0.052597,0.042635,-0.003539,0.065948,-0.091513,0.993617,0.384544,-0.916536,-0.109937,0.920747,0.38934,-0.025253,-0.000342,0.001069,0.000702,0.070916,0.470066,0.059564,-0.467299,0.078327,0.03555,-0.051007,-0.121356,0.785928,-0.60629,-0.890943,-0.355523,-0.282529,-0.437598,0.505884,0.743363,-0.001321,-0.01111,0.008656,1.049023,0.514929,-1.185045,-0.897138
293,0.080614,0.021083,0.385931,-0.090073,0.74046,-0.666071,-0.891223,-0.358375,-0.277958,-0.444416,0.567659,0.693025,-0.001353,-0.011225,0.008586,0.243691,-0.169346,-0.282491,-1.049577,-0.076548,0.048391,0.361868,-0.024451,0.087457,0.995864,-0.375836,0.922259,-0.090106,-0.926258,-0.376601,0.00906,0.000224,-0.000702,-0.000456,-0.053373,0.453223,0.27361,-0.28919,0.052581,0.042661,-0.00355,0.070708,-0.079279,0.994341,0.370513,-0.923431,-0.099972,0.926131,0.375486,-0.03592,0.000229,-0.000731,-0.000465,0.044825,0.780482,0.245311,-0.467135,0.0783,0.035408,-0.050897,-0.121076,0.784184,-0.608601,-0.888175,-0.359369,-0.286353,-0.443266,0.505874,0.740003,-0.001284,-0.010949,0.008777,3.671654,1.009881,-3.949105,-0.89975
294,0.080499,0.020744,0.386435,-0.098539,0.735845,-0.669976,-0.888162,-0.368629,-0.274321,-0.448716,0.5671,0.690709,-0.012003,-0.002657,0.014029,-0.045671,-0.076008,-0.1355,-1.052265,-0.076633,0.048227,0.361787,-0.037103,0.063931,0.99726,-0.341712,0.936956,-0.072663,-0.938951,-0.343559,-0.014179,-0.010435,-0.008162,-0.004039,5.439816,0.093963,-0.083613,-0.290159,0.052542,0.042582,-0.003589,0.084535,-0.054338,0.994937,0.342902,-0.935936,-0.080251,0.935559,0.347951,-0.060487,0.00072,-0.002269,-0.001465,-0.072786,0.351082,0.208099,-0.466646,0.078244,0.035227,-0.050646,-0.130657,0.778715,-0.61362,-0.884244,-0.37144,-0.283096,-0.448375,0.505602,0.737106,0.000475,-0.002146,0.006491,0.020374,-0.087823,-0.158269,-0.902036
295,0.08034,0.020751,0.386981,-0.098921,0.729201,-0.677145,-0.885656,-0.374699,-0.2742,-0.453558,0.571686,0.683731,0.003019,0.009013,0.005683,-0.03503,-0.121162,-0.026978,-1.050695,-0.076637,0.047962,0.361634,-0.052453,0.042228,0.997726,-0.307083,0.949985,-0.056237,-0.950097,-0.309395,-0.038123,0.002231,-0.007008,-0.004562,0.394968,0.704657,0.387806,-0.289847,0.052536,0.042447,-0.003667,0.097971,-0.035014,0.994573,0.303702,-0.950656,-0.063384,0.947716,0.308263,-0.082503,-0.004918,-0.005022,-0.002633,1.527504,0.814838,0.182216,-0.466809,0.07816,0.035228,-0.05037,-0.13108,0.77243,-0.621424,-0.881594,-0.377528,-0.283309,-0.453442,0.510708,0.730457,-0.005216,0.001029,0.008501,-0.073152,-0.07345,-0.063797,-0.903016
296,0.080259,0.0209,0.387216,-0.103053,0.724801,-0.68124,-0.884084,-0.38054,-0.271213,-0.455695,0.573422,0.680849,-0.008742,0.014206,0.008963,0.019475,-0.205396,-0.225938,-1.049109,-0.076651,0.047787,0.361539,-0.05915,0.038045,0.997519,-0.291476,0.955041,-0.053593,-0.9546,-0.293979,-0.046663,-0.009395,-0.011489,-0.006219,-0.042902,0.344283,0.13486,-0.290138,0.052531,0.042357,-0.003717,0.106186,-0.02919,0.993917,0.288153,-0.955773,-0.058855,0.951678,0.29265,-0.093079,-0.004655,-0.005882,-0.003188,-0.050068,0.291292,0.102658,-0.466809,0.078124,0.0353,-0.050254,-0.135078,0.76867,-0.625218,-0.879835,-0.383245,-0.28109,-0.455678,0.51212,0.728071,0.001462,0.000797,0.008337,0.201342,-0.206229,-0.472465,-0.900077
297,0.080181,0.021358,0.387645,-0.106012,0.718496,-0.687438,-0.882812,-0.386097,-0.267476,-0.457475,0.577628,0.676084,0.004353,0.012976,0.008124,-0.076185,-0.261891,-0.063307,-1.038862,-0.076634,0.04746,0.361322,-0.065592,0.026182,0.997499,-0.271098,0.961559,-0.042949,-0.96016,-0.273278,-0.057233,0.002501,-0.007866,-0.005144,-0.004298,0.130526,0.044446,-0.289467,0.05254,0.042189,-0.003827,0.112622,-0.017332,0.993486,0.268449,-0.962135,-0.047217,0.956687,0.272018,-0.103705,0.001255,-0.003944,-0.00257,-0.01081,0.064019,0.00123,-0.466972,0.078081,0.035533,-0.050036,-0.138153,0.76279,-0.631715,-0.878296,-0.389133,-0.277795,-0.457721,0.516455,0.723715,-0.004226,0.007519,0.004727,-0.106621,-0.328102,-0.16929,-0.902036
298,0.08025,0.021626,0.388012,-0.109962,0.711388,-0.694177,-0.878542,-0.396131,-0.266862,-0.464699,0.579633,0.669408,0.001455,-0.002821,0.013854,-0.093693,-0.162763,-0.103721,-1.009783,-0.076559,0.047279,0.361099,-0.064977,0.021459,0.997652,-0.271377,0.961679,-0.038245,-0.960123,-0.273261,-0.057924,0.001884,-0.005922,-0.003883,0.012892,-0.08556,0.146397,-0.28533,0.052578,0.042098,-0.003939,0.11164,-0.01322,0.99366,0.269021,-0.962172,-0.043026,0.956641,0.272119,-0.103861,0.000833,-0.002606,-0.001705,0.000523,-0.01077,-0.007033,-0.465666,0.07812,0.035683,-0.049848,-0.142001,0.755781,-0.639241,-0.873789,-0.399142,-0.277807,-0.46511,0.519113,0.717072,0.001419,0.00425,0.00265,-0.071564,-0.229074,-0.07948,-0.890769
299,0.080356,0.021574,0.388319,-0.112236,0.707083,-0.6982,-0.877185,-0.400554,-0.264718,-0.466712,0.581858,0.666068,9.6e-05,-0.006874,0.011326,-0.046208,-0.033287,-0.008752,-1.000414,-0.076533,0.047195,0.360918,-0.067299,0.016423,0.997594,-0.260522,0.964858,-0.033344,-0.962963,-0.262169,-0.061916,-0.001172,0.007082,-0.010748,0.028446,0.049328,0.053637,-0.276899,0.052592,0.04205,-0.004028,0.11404,-0.007974,0.993444,0.258317,-0.965335,-0.037402,0.959305,0.260888,-0.108027,0.000664,-0.002077,-0.001361,0.002428,-0.053161,0.166406,-0.459951,0.078173,0.035659,-0.049694,-0.144216,0.751505,-0.643771,-0.872331,-0.403683,-0.275822,-0.467162,0.521804,0.713779,-0.000226,-0.004241,0.00516,-0.039421,0.014027,-0.012843,-0.892402
300,0.080365,0.021446,0.388449,-0.116334,0.706506,-0.698113,-0.875027,-0.40538,-0.264513,-0.469744,0.579216,0.666241,0.000116,0.000346,0.000215,-0.000185,-0.000569,-0.000276,-0.975352,-0.076544,0.047181,0.360853,-0.069956,0.011719,0.997477,-0.249806,0.967834,-0.028775,-0.965605,-0.251213,-0.066039,0.000652,-0.00205,-0.001347,0.14292,0.047149,0.25254,-0.272879,0.052587,0.042044,-0.004065,0.116723,-0.003246,0.993159,0.247739,-0.968288,-0.032281,0.961769,0.249812,-0.112217,0.00029,-0.000908,-0.000593,0.141552,0.022097,0.238778,-0.456195,0.078179,0.035594,-0.049623,-0.14827,0.751063,-0.643365,-0.870057,-0.408327,-0.276168,-0.470124,0.518817,0.71401,-0.000538,-0.005171,0.004583,-0.032317,0.02841,-0.009777,-0.890116
301,0.0803,0.021007,0.388644,-0.121551,0.705889,-0.697849,-0.873009,-0.410515,-0.26326,-0.472167,0.576349,0.667014,-0.001893,-0.005654,-0.003524,-0.000881,0.012768,-0.025822,-0.908849,-0.07655,0.0473,0.360767,-0.078124,-0.003837,0.996932,-0.234978,0.971858,-0.014559,-0.968686,-0.235399,-0.078087,-0.000259,0.000813,0.000534,-0.038271,0.274609,0.39938,-0.270874,0.052584,0.042103,-0.004109,0.124552,0.011828,0.992142,0.233294,-0.972245,-0.017697,0.964396,0.233665,-0.123854,-0.000207,0.000644,0.000427,-0.062723,0.490583,0.29467,-0.451296,0.078147,0.035379,-0.049523,-0.15345,0.750367,-0.642963,-0.867879,-0.413454,-0.275391,-0.47248,0.515756,0.714672,-0.001459,-0.007931,0.002868,-0.034885,0.018641,-0.015739,-0.87444
302,0.080142,0.020374,0.388671,-0.120898,0.705732,-0.69812,-0.872543,-0.410841,-0.264293,-0.473194,0.576308,0.666321,-0.00366,-0.010916,-0.006827,-0.000889,0.012744,-0.025833,-0.898833,-0.076545,0.047477,0.360694,-0.086107,-0.027781,0.995894,-0.209527,0.977725,0.009273,-0.973824,-0.207845,-0.091268,-0.002557,0.01143,-0.007887,1.592199,0.701,0.575682,-0.271069,0.052586,0.042192,-0.00414,0.130925,0.034406,0.990794,0.210279,-0.977621,0.006162,0.968834,0.207537,-0.13523,-3.4e-05,0.000356,4.4e-05,5.507801,0.030324,0.314581,-0.449827,0.078069,0.035063,-0.049509,-0.152795,0.750249,-0.643257,-0.867429,-0.413689,-0.276453,-0.473517,0.515739,0.713998,-0.002491,-0.011015,0.000935,-0.029637,-0.05667,0.136589,-0.877869
303,0.080018,0.019983,0.388603,-0.121888,0.705694,-0.697986,-0.872635,-0.4112,-0.263431,-0.47277,0.576099,0.666803,-0.005989,-0.02502,-2.7e-05,-0.036241,0.043839,-0.06739,-0.894892,-0.076561,0.04757,0.360696,-0.088437,-0.042136,0.995185,-0.199589,0.979555,0.023853,-0.975698,-0.196477,-0.096297,-0.001017,0.003195,0.002098,-0.069805,0.595006,0.185492,-0.27106,0.052579,0.042236,-0.004145,0.134033,0.050047,0.989711,0.199563,-0.979625,0.022511,0.970674,0.194493,-0.14129,-0.000435,0.001356,0.000901,0.075042,0.721124,0.710177,-0.449174,0.078008,0.034875,-0.049545,-0.153743,0.750177,-0.643114,-0.867489,-0.414097,-0.275654,-0.473101,0.515515,0.714435,-0.002473,-0.007367,-0.004616,-0.001012,0.012732,-0.025808,-0.881135
304,0.079741,0.019127,0.388264,-0.127106,0.70492,-0.697838,-0.870293,-0.416718,-0.262505,-0.475697,0.57308,0.667323,-0.007501,-0.0223,-0.014091,-0.00179,0.025447,-0.051687,-0.877977,-0.076548,0.047785,0.360784,-0.091691,-0.073489,0.993068,-0.179233,0.982163,0.056249,-0.979338,-0.172753,-0.104482,-0.001402,0.004401,0.002885,-0.059608,0.466504,0.136339,-0.270513,0.052585,0.042347,-0.0041,0.138076,0.082034,0.987018,0.180938,-0.981881,0.056295,0.973753,0.170816,-0.150418,-0.000849,0.002666,0.001754,-0.064328,0.541193,0.185422,-0.448847,0.077868,0.03444,-0.049713,-0.159007,0.749251,-0.642914,-0.864994,-0.419639,-0.275115,-0.475923,0.512372,0.714823,-0.003897,-0.011602,-0.007329,-0.001998,0.025396,-0.051569,-0.876236
305,0.07941,0.018024,0.387623,-0.129901,0.705937,-0.696293,-0.866795,-0.421773,-0.265981,-0.48129,0.568113,0.667559,-0.009855,-0.029215,-0.01866,0.111414,0.002239,0.007066,-0.870894,-0.076449,0.048029,0.360926,-0.093233,-0.099221,0.990684,-0.163152,0.983051,0.083219,-0.981997,-0.15376,-0.109094,-0.001644,0.005153,0.003371,-0.049366,0.397976,0.06755,-0.264002,0.052634,0.042469,-0.004028,0.139226,0.107516,0.984406,0.166169,-0.982529,0.08381,0.976218,0.15191,-0.15466,0.005292,0.00388,0.001903,-0.069715,0.571105,-0.016345,-0.445418,0.077706,0.033898,-0.050027,-0.161737,0.750287,-0.641022,-0.861476,-0.424193,-0.279137,-0.48135,0.507079,0.714962,-0.005074,-0.015069,-0.009616,0.344043,0.160958,-0.422769,-0.866929
306,0.078975,0.016705,0.386776,-0.134173,0.705143,-0.696288,-0.864272,-0.426957,-0.26592,-0.484638,0.565225,0.667589,-0.012136,-0.03584,-0.023198,-0.002742,0.051204,-0.104185,-0.86338,-0.076323,0.048281,0.361058,-0.085776,-0.122575,0.988741,-0.156611,0.981679,0.10823,-0.98375,-0.145422,-0.104652,-0.001419,0.004438,0.002898,0.380769,-1.255188,2.21142,-0.244517,0.052693,0.04259,-0.003959,0.134,0.129118,0.982533,0.161121,-0.981121,0.106958,0.977795,0.143975,-0.152274,-0.000723,0.002266,0.001481,-0.00999,0.042266,-0.139154,-0.435457,0.077494,0.033255,-0.05044,-0.16604,0.749181,-0.641215,-0.85878,-0.429459,-0.279393,-0.484692,0.504273,0.714689,-0.006026,-0.017836,-0.011528,0.004221,0.053981,-0.113311,-0.8635
307,0.078748,0.016008,0.386311,-0.134035,0.705156,-0.696301,-0.864274,-0.426888,-0.266024,-0.484673,0.56526,0.667534,-0.012807,-0.037746,-0.024605,0.0026,-0.036907,0.074983,-0.857188,-0.076254,0.0484,0.361126,-0.08257,-0.131196,0.987907,-0.156184,0.980705,0.117301,-0.984096,-0.144456,-0.102717,-0.001641,0.00513,0.003347,0.012043,-0.041203,0.095036,-0.228138,0.052731,0.042655,-0.003927,0.128911,0.139614,0.981778,0.160986,-0.979852,0.118201,0.978501,0.142815,-0.14879,-0.000703,0.002203,0.001435,0.021633,-0.049718,0.028256,-0.4237,0.07737,0.032877,-0.050691,-0.165929,0.74919,-0.641233,-0.858789,-0.429396,-0.279463,-0.484714,0.504314,0.714645,-0.006492,-0.01918,-0.012494,0.002131,-0.037081,0.075156,-0.859091
308,0.078186,0.014468,0.38524,-0.142928,0.705411,-0.694272,-0.858813,-0.437001,-0.267286,-0.491774,0.557168,0.669141,-0.013946,-0.040898,-0.027089,0.008814,-0.025492,0.077255,-0.850769,-0.076086,0.048577,0.361231,-0.076109,-0.143841,0.986665,-0.155239,0.979134,0.130885,-0.984774,-0.143039,-0.098099,0.011091,0.006096,0.002701,0.004227,-0.029508,0.054232,-0.206299,0.05281,0.042746,-0.003873,0.122107,0.152101,0.980792,0.160646,-0.978186,0.131697,0.979429,0.14148,-0.143878,-0.000275,0.000859,0.000558,-0.001766,-0.001915,-0.015355,-0.399533,0.077093,0.032118,-0.051219,-0.17485,0.749239,-0.638801,-0.853081,-0.439226,-0.281659,-0.491609,0.495701,0.71596,-0.007145,-0.021004,-0.013897,0.007969,-0.046779,0.05548,-0.851906
309,0.077582,0.012894,0.384092,-0.141057,0.707221,-0.692811,-0.857674,-0.436763,-0.271301,-0.494297,0.555056,0.669037,-0.01379,-0.032983,-0.038352,0.040181,-0.030397,0.070698,-0.840692,-0.075965,0.048688,0.361276,-0.067585,-0.149735,0.986409,-0.154081,0.97833,0.138068,-0.985588,-0.142479,-0.090441,-0.00075,0.002336,0.001521,0.006158,-0.052159,0.0022,-0.183143,0.052875,0.042801,-0.003851,0.113374,0.157589,0.980974,0.159779,-0.977381,0.138546,0.98062,0.141032,-0.135989,0.005846,0.002112,0.000737,0.004172,-0.028264,0.013988,-0.381081,0.076791,0.031328,-0.051789,-0.172978,0.751004,-0.637236,-0.852044,-0.438647,-0.285673,-0.494064,0.493538,0.715765,-0.007306,-0.021365,-0.014372,-0.002912,-0.036045,0.03813,-0.846354
310,0.07729,0.012092,0.383502,-0.145161,0.708355,-0.690802,-0.854814,-0.441307,-0.272971,-0.498044,0.55,0.670432,-0.014942,-0.043466,-0.029518,0.025774,0.048712,0.084197,-0.825091,-0.075888,0.048757,0.3613,-0.060762,-0.153521,0.986271,-0.153145,0.977786,0.142882,-0.986187,-0.142179,-0.084172,-0.000553,0.00172,0.00112,0.028327,-0.26474,-0.158266,-0.159416,0.052913,0.042837,-0.003839,0.107536,0.162256,0.980871,0.15925,-0.976664,0.144101,0.981363,0.140708,-0.130866,-0.000328,0.001024,0.000665,0.040416,-0.425623,-0.26356,-0.365569,0.076645,0.03093,-0.052089,-0.177045,0.751864,-0.635101,-0.849114,-0.442975,-0.28771,-0.497654,0.488336,0.716845,-0.006858,-0.016385,-0.019209,0.058923,0.024765,0.094192,-0.840639
311,0.076749,0.010478,0.382288,-0.14483,0.710344,-0.688826,-0.854518,-0.440699,-0.274874,-0.498648,0.547919,0.671686,-0.014579,-0.042205,-0.029149,0.003379,-0.034544,0.07612,-0.782972,-0.075796,0.048867,0.361359,-0.049384,-0.15365,0.986886,-0.151514,0.977763,0.144764,-0.987087,-0.142197,-0.072816,-0.000444,0.001379,0.000898,0.041868,-0.385862,-0.231749,-0.107682,0.052959,0.042892,-0.003809,0.096988,0.162972,0.981851,0.157842,-0.976536,0.146498,0.982689,0.140769,-0.120436,0.005679,0.002617,0.001067,0.071109,-0.602131,-0.0968,-0.319031,0.076373,0.030117,-0.052699,-0.176782,0.75365,-0.633055,-0.848855,-0.442298,-0.28951,-0.498188,0.486192,0.71793,-0.000984,-0.023092,-0.015854,-0.001162,-0.053889,0.069711,-0.816635
312,0.076294,0.00906,0.381044,-0.147586,0.709183,-0.689437,-0.850728,-0.446502,-0.277254,-0.504284,0.544721,0.670078,-0.012008,-0.027342,-0.035608,0.030909,0.032626,-0.08761,-0.747104,-0.075771,0.048915,0.361363,-0.040068,-0.151233,0.987681,-0.150134,0.978119,0.143795,-0.987732,-0.142345,-0.063147,0.011967,0.003334,0.000901,0.038116,-0.343745,-0.168138,-0.080159,0.052967,0.042916,-0.003806,0.086954,0.15988,0.983298,0.156266,-0.977007,0.145038,0.983879,0.141044,-0.109939,1.4e-05,-4.3e-05,-2.9e-05,0.067533,-0.605704,-0.133526,-0.281964,0.076142,0.029396,-0.053323,-0.179384,0.75237,-0.633845,-0.845005,-0.447767,-0.292352,-0.503772,0.48316,0.716079,-0.006448,-0.018646,-0.01307,-0.005378,0.051216,-0.103865,-0.78659
313,0.075841,0.008033,0.379961,-0.156952,0.707071,-0.689538,-0.844865,-0.457631,-0.277036,-0.511251,0.538204,0.670065,-0.009762,-0.02802,-0.019909,-0.002641,0.038312,-0.077461,-0.709594,-0.075773,0.048839,0.361282,-0.030539,-0.144424,0.989041,-0.148708,0.979101,0.138497,-0.9883,-0.142679,-0.052631,0.001511,-0.004696,-0.003058,0.050972,-0.465972,-0.313557,-0.065905,0.052967,0.042889,-0.00384,0.07845,0.153913,0.984964,0.154757,-0.977913,0.140485,0.984832,0.141409,-0.100536,0.000785,-0.002434,-0.001586,0.000489,0.006438,-0.030001,-0.25943,0.075915,0.028882,-0.053865,-0.18882,0.749998,-0.633915,-0.838849,-0.458807,-0.292962,-0.510566,0.476442,0.715768,-0.004746,-0.01367,-0.009702,-0.003452,0.038155,-0.077089,-0.761443
314,0.075652,0.007688,0.379541,-0.161539,0.705986,-0.68959,-0.841897,-0.463105,-0.276976,-0.514701,0.534941,0.670036,-0.021446,-0.021067,-0.015277,-0.003367,0.053154,-0.107244,-0.696559,-0.07579,0.048753,0.361174,-0.026814,-0.140632,0.989695,-0.142136,0.980483,0.135588,-0.989379,-0.13687,-0.047534,-0.000199,0.004036,-0.012705,0.053007,-0.165745,-0.109206,-0.04393,0.05296,0.042843,-0.003897,0.072507,0.148262,0.986286,0.147652,-0.979588,0.1364,0.986377,0.135738,-0.092919,-3.3e-05,0.00181,-0.006486,0.048369,-0.110737,-0.07645,-0.251102,0.075814,0.028693,-0.054092,-0.193344,0.748802,-0.633965,-0.835733,-0.464187,-0.293392,-0.513971,0.473101,0.715547,-0.01055,-0.01008,-0.00731,-0.004857,0.053219,-0.107304,-0.748216
