frame,MLTx,MLTy,MLTz,MLTR1,MLTR2,MLTR3,MLTR4,MLTR5,MLTR6,MLTR7,MLTR8,MLTR9,MLTTVx,MLTTVy,MLTTVz,MLTRVx,MLTRVy,MLTRVz,MLGA,MRTx,MRTy,MRTz,MRTR1,MRTR2,MRTR3,MRTR4,MRTR5,MRTR6,MRTR7,MRTR8,MRTR9,MRTTVx,MRTTVy,MRTTVz,MRTRVx,MRTRVy,MRTRVz,MRGA,SLTx,SLTy,SLTz,SLTR1,SLTR2,SLTR3,SLTR4,SLTR5,SLTR6,SLTR7,SLTR8,SLTR9,SLTTVx,SLTTVy,SLTTVz,SLTRVx,SLTRVy,SLTRVz,SLGA,SRTx,SRTy,SRTz,SRTR1,SRTR2,SRTR3,SRTR4,SRTR5,SRTR6,SRTR7,SRTR8,SRTR9,SRTTVx,SRTTVy,SRTTVz,SRTRVx,SRTRVy,SRTRVz,SRGA
711,0.086411,0.013719,0.347803,-0.369624,0.405699,-0.835962,-0.666457,-0.742617,-0.065785,-0.647036,0.532309,0.545912,-0.000325,-0.001011,-0.000829,0.0,0.0,0.0,0.087839,-0.099853,0.01453,0.356236,0.983844,0.16643,-0.0659,-0.035789,0.544144,0.838189,0.174108,-0.822483,0.541361,0.000781,-0.00349,-0.002631,0.000682,-0.000623,0.000295,-1.40742,0.043612,0.025269,-0.004205,-0.979169,-0.201941,-0.021113,0.10288,-0.583097,0.805861,-0.175047,0.786903,0.591727,0.000499,-0.002242,-0.001691,-0.01176,0.019986,-0.029528,-0.857237,0.080689,0.031618,-0.067764,-0.378231,0.41633,-0.826807,-0.576255,-0.804894,-0.141682,-0.724479,0.422863,0.544349,-0.000245,-0.000763,-0.000628,-3e-06,-1e-06,-2e-06,-0.084277
712,0.086457,0.013704,0.347779,-0.369536,0.405737,-0.835982,-0.666469,-0.742598,-0.065872,-0.647073,0.532306,0.54587,-0.000397,-0.001238,-0.001015,0.0,0.0,0.0,0.087038,-0.099761,0.01444,0.356161,0.983649,0.166388,-0.068851,-0.033354,0.544625,0.837976,0.175676,-0.822173,0.541325,0.001309,-0.005848,-0.004413,-0.001894,0.013813,-0.025219,-1.407582,0.043658,0.025224,-0.004244,-0.979153,-0.201696,-0.024019,0.100448,-0.583595,0.805807,-0.176546,0.786597,0.591689,0.000697,-0.003113,-0.00235,-0.003369,0.018371,-0.027385,-0.854787,0.080717,0.03161,-0.067777,-0.378127,0.416391,-0.826823,-0.576274,-0.804862,-0.141787,-0.724518,0.422863,0.544296,-0.000222,-0.000697,-0.000574,-0.000344,0.014661,-0.024802,-0.084277
713,0.086521,0.013715,0.347763,-0.369486,0.405755,-0.835995,-0.666451,-0.742608,-0.06594,-0.64712,0.532278,0.545842,0.00016,0.000498,0.000408,0.0,0.0,0.0,0.085546,-0.099558,0.014177,0.355946,0.983456,0.167843,-0.068078,-0.03523,0.546475,0.836694,0.176386,-0.82065,0.543401,0.00182,-0.008111,-0.006139,0.051434,-0.009982,-0.042352,-1.407199,0.04376,0.02509,-0.004353,-0.978896,-0.203023,-0.023293,0.102302,-0.585525,0.804172,-0.176904,0.784819,0.593938,0.000943,-0.004194,-0.003176,0.025033,-0.009842,-0.042499,-0.860013,0.080748,0.031612,-0.067787,-0.378079,0.416416,-0.826833,-0.576252,-0.804866,-0.141855,-0.724561,0.422832,0.544264,0.000111,0.00035,0.000286,-8e-06,-4e-06,-9e-06,-0.08542
714,0.086523,0.013721,0.347769,-0.369467,0.405763,-0.836,-0.666458,-0.7426,-0.065956,-0.647124,0.532282,0.545833,2e-06,6e-06,5e-06,0.0,0.0,0.0,0.084962,-0.099384,0.013982,0.355858,0.983477,0.167904,-0.067621,-0.035605,0.546252,0.836824,0.176194,-0.820786,0.543258,0.015172,-0.009102,0.008267,-0.033851,-0.010912,0.007719,-1.407813,0.04385,0.024979,-0.004407,-0.978875,-0.203176,-0.022838,0.102671,-0.585073,0.804455,-0.176808,0.785116,0.593574,0.007532,-0.004307,0.004316,-0.035256,-0.0097,0.008588,-0.865238,0.08075,0.031617,-0.067783,-0.378061,0.416426,-0.826836,-0.576259,-0.804859,-0.14187,-0.724565,0.422836,0.544255,-2e-06,-1e-06,-2e-06,-9e-06,-7e-06,-4e-06,-0.085746
715,0.086513,0.013723,0.34777,-0.369489,0.405753,-0.835995,-0.66645,-0.742609,-0.065937,-0.647119,0.532278,0.545842,0.0,0.0,0.0,0.0,0.0,0.0,0.082728,-0.099354,0.013972,0.355947,0.983465,0.167933,-0.067722,-0.035502,0.546099,0.836929,0.176281,-0.820882,0.543085,0.001039,-0.007055,0.011357,-0.035906,0.004292,-0.021527,-1.407771,0.043866,0.02497,-0.004365,-0.978873,-0.203174,-0.022941,0.10255,-0.584923,0.804579,-0.176888,0.785228,0.593402,0.000426,-0.003117,0.005988,-0.036102,0.005303,-0.020796,-0.866218,0.080745,0.031618,-0.067783,-0.378082,0.416413,-0.826833,-0.576251,-0.804868,-0.141852,-0.724561,0.422832,0.544264,-3e-06,-2e-06,-4e-06,-1.5e-05,-6e-06,-7e-06,-0.08689
716,0.086452,0.013727,0.347785,-0.369637,0.405688,-0.835961,-0.666416,-0.742652,-0.0658,-0.647069,0.532268,0.545911,0.0,0.0,0.0,0.0,0.0,0.0,0.080138,-0.099142,0.014144,0.356497,0.983428,0.168082,-0.067891,-0.035279,0.54535,0.837426,0.17653,-0.82135,0.542296,0.012167,0.004181,0.018303,-0.030058,-0.038521,0.058166,-1.407416,0.043963,0.025053,-0.004104,-0.97885,-0.203276,-0.023037,0.102379,-0.584235,0.8051,-0.177116,0.785714,0.59269,-0.000456,0.000768,0.008914,-0.047122,0.086306,-0.169991,-0.867524,0.080714,0.03162,-0.067775,-0.378223,0.416331,-0.82681,-0.576218,-0.804915,-0.141716,-0.724513,0.422823,0.544335,-0.000554,-0.005461,0.004205,-0.034321,0.018938,-0.015368,-0.089992
717,0.0864,0.013731,0.347786,-0.369631,0.405682,-0.835967,-0.666417,-0.742651,-0.065798,-0.647072,0.532274,0.545903,-0.013516,0.002075,0.001254,-0.000984,0.014715,-0.029553,0.082427,-0.09872,0.014068,0.357129,0.983168,0.171326,-0.063394,-0.041352,0.547271,0.835894,0.176654,-0.819404,0.545192,0.013631,-0.002338,0.013373,0.190722,0.021069,-0.27458,-1.407093,0.044175,0.025036,-0.003767,-0.978342,-0.206118,-0.018997,0.107738,-0.585437,0.803526,-0.176742,0.784078,0.594965,0.006718,-0.000777,0.006975,0.307835,0.353192,-0.822191,-0.868341,0.080694,0.031622,-0.067774,-0.378196,0.416339,-0.826818,-0.576227,-0.804905,-0.141732,-0.72452,0.422833,0.544318,-0.000149,-0.000463,-0.00038,-9e-06,4e-06,3e-06,-0.089829
718,0.086408,0.013722,0.347779,-0.369629,0.405685,-0.835966,-0.666418,-0.74265,-0.065801,-0.647072,0.532273,0.545903,-0.000139,-0.000434,-0.000355,0.0,0.0,0.0,0.082429,-0.098428,0.013931,0.357444,0.982905,0.172915,-0.06316,-0.042705,0.548433,0.835063,0.177785,-0.818294,0.54649,0.015786,-0.014278,0.021048,0.020426,-0.047445,-0.042817,-1.407336,0.044326,0.024967,-0.003604,-0.97791,-0.208189,-0.018668,0.109695,-0.587175,0.801992,-0.177927,0.782229,0.597042,0.007907,-0.007242,0.010439,-0.012055,-0.049086,-0.042857,-0.868504,0.080692,0.031618,-0.067778,-0.378214,0.416329,-0.826815,-0.576221,-0.804913,-0.141717,-0.724515,0.422829,0.544327,-8.9e-05,-0.000279,-0.000227,-4e-06,7e-06,2e-06,-0.089665
719,0.086473,0.013731,0.347776,-0.369441,0.405765,-0.83601,-0.666466,-0.742592,-0.065969,-0.647131,0.532292,0.545815,0.000193,0.0006,0.000492,0.0,0.0,0.0,0.081055,-0.097725,0.013647,0.357968,0.981969,0.17872,-0.061542,-0.048796,0.554745,0.830548,0.181327,-0.812779,0.553509,0.01638,-0.016805,0.019155,0.492026,-0.259135,-0.192771,-1.40705,0.044666,0.024833,-0.003353,-0.976942,-0.212792,-0.017356,0.114627,-0.591363,0.798216,-0.180117,0.777822,0.60212,0.01375,-0.001625,0.005567,-0.027351,-0.066624,0.043701,-0.86785,0.080724,0.03162,-0.067781,-0.378035,0.416432,-0.826845,-0.576267,-0.80485,-0.141884,-0.724572,0.422846,0.544238,0.00015,0.000473,0.000387,3e-06,-4e-06,1.5e-05,-0.089992
720,0.086533,0.013719,0.347767,-0.36931,0.405829,-0.836037,-0.666512,-0.742541,-0.066083,-0.647158,0.532315,0.54576,0.0,0.0,0.0,0.0,0.0,0.0,0.079227,-0.097087,0.013411,0.358334,0.981949,0.180237,-0.057293,-0.053334,0.555056,0.830062,0.18016,-0.812235,0.554689,0.014622,-0.00659,0.010175,-0.026085,-0.014656,0.005117,-1.407388,0.044986,0.024708,-0.00317,-0.976293,-0.21605,-0.013161,0.120509,-0.593053,0.796093,-0.179801,0.775635,0.605029,0.006528,0.001331,0.000221,-0.01996,-0.021241,0.03125,-0.869484,0.080755,0.031616,-0.067784,-0.377911,0.416511,-0.826862,-0.576314,-0.804797,-0.141996,-0.724599,0.42287,0.544182,-1e-06,-4e-06,-5e-06,-8e-06,-4e-06,-4e-06,-0.091135
721,0.086533,0.013719,0.347767,-0.369445,0.405774,-0.836004,-0.666466,-0.742592,-0.065975,-0.647129,0.532286,0.545823,0.0,0.0,0.0,0.0,0.0,0.0,0.077824,-0.096509,0.013386,0.358611,0.982042,0.180268,-0.055574,-0.054617,0.554216,0.830539,0.179271,-0.812801,0.554147,0.014257,-0.005006,0.011364,-0.033784,-0.011266,0.007526,-1.407098,0.045286,0.024688,-0.003025,-0.976301,-0.216106,-0.011526,0.12162,-0.591934,0.796757,-0.179006,0.776473,0.60419,0.007106,-0.002425,0.005731,-0.034493,-0.010012,0.009202,-0.871933,0.080755,0.031616,-0.067784,-0.37804,0.416439,-0.826839,-0.576267,-0.804849,-0.141889,-0.72457,0.42284,0.544246,1e-06,-1e-06,-4e-06,-1.1e-05,-9e-06,-1.1e-05,-0.092605
722,0.086524,0.01372,0.34778,-0.369464,0.40577,-0.835998,-0.666477,-0.742584,-0.065948,-0.647106,0.5323,0.545837,-0.012935,0.003884,0.002738,-0.000984,0.014715,-0.029553,0.077831,-0.096281,0.013446,0.35874,0.982178,0.180294,-0.053031,-0.056653,0.553632,0.830792,0.177898,-0.813194,0.554014,0.012031,0.007079,0.003778,0.003909,-0.028829,0.05457,-1.406876,0.045392,0.024711,-0.002964,-0.976302,-0.216219,-0.009038,0.123576,-0.591297,0.796929,-0.177655,0.776927,0.604004,0.000439,-0.003186,0.005927,-0.034057,-0.010262,0.007113,-0.871116,0.080754,0.031612,-0.067781,-0.378056,0.416436,-0.826833,-0.576281,-0.804843,-0.141866,-0.724549,0.422855,0.544261,2e-06,-1e-06,-4e-06,-7e-06,2e-06,-4e-06,-0.092768
723,0.086515,0.01372,0.347794,-0.369483,0.405767,-0.835991,-0.666488,-0.742576,-0.065921,-0.647083,0.532314,0.545851,7e-06,2.3e-05,1.9e-05,0.0,0.0,0.0,0.077437,-0.095939,0.013572,0.359017,0.982037,0.181728,-0.050685,-0.059738,0.554868,0.829751,0.177664,-0.812033,0.555789,-0.001454,0.006179,0.004631,0.034686,-0.028228,0.015021,-1.406875,0.045572,0.024778,-0.002824,-0.975993,-0.217693,-0.006709,0.126707,-0.592586,0.795478,-0.177146,0.775532,0.605944,-0.00075,0.003175,0.002371,0.004081,-0.029191,0.017165,-0.870953,0.080746,0.031616,-0.067771,-0.378078,0.416427,-0.826828,-0.576293,-0.80484,-0.141836,-0.724529,0.42287,0.544276,1e-06,5e-06,3e-06,-9e-06,3e-06,1e-06,-0.093421
724,0.086533,0.013709,0.347785,-0.369459,0.40578,-0.835995,-0.666497,-0.742566,-0.065943,-0.647088,0.532317,0.545841,-3e-06,-9e-06,-7e-06,0.0,0.0,0.0,0.077509,-0.095725,0.01367,0.359312,0.982028,0.18185,-0.050429,-0.059917,0.554383,0.830063,0.177655,-0.812337,0.555346,-0.001124,0.004762,0.003562,-0.010969,0.080247,-0.149529,-1.406989,0.045678,0.02483,-0.002675,-0.975963,-0.217835,-0.006608,0.126725,-0.59191,0.795978,-0.177303,0.776008,0.605288,-0.000468,0.001962,0.001463,-0.001188,0.00089,0.000707,-0.8703,0.080755,0.031611,-0.067775,-0.378055,0.416443,-0.82683,-0.576302,-0.80483,-0.141857,-0.724534,0.422874,0.544267,0.0,-2e-06,-3e-06,-3e-06,2e-06,3e-06,-0.093585
725,0.086544,0.013715,0.347778,-0.36942,0.405791,-0.836007,-0.666492,-0.742567,-0.065986,-0.647115,0.532308,0.545818,-0.0,-0.0,-0.0,0.0,0.0,0.0,0.077572,-0.095675,0.013658,0.359409,0.982039,0.181958,-0.049826,-0.060418,0.554059,0.830242,0.177427,-0.812534,0.555132,-0.00048,0.002031,0.001519,0.0,-0.0,-0.0,-1.406769,0.045702,0.024829,-0.002623,-0.975936,-0.217973,-0.005886,0.127318,-0.591541,0.796158,-0.177022,0.776251,0.605059,-0.000264,0.001104,0.000823,-0.00019,0.000755,0.000565,-0.8703,0.08076,0.031614,-0.067779,-0.378017,0.41646,-0.826839,-0.576295,-0.804827,-0.1419,-0.724558,0.422863,0.544242,2e-06,2e-06,-1e-06,-0.0,2e-06,1e-05,-0.093911
726,0.086594,0.013705,0.347771,-0.36931,0.405844,-0.83603,-0.666531,-0.742524,-0.06608,-0.647138,0.532327,0.545772,-0.0,-0.0,-0.0,0.0,0.0,0.0,0.077324,-0.095767,0.013637,0.359516,0.981812,0.183543,-0.04847,-0.062808,0.555541,0.829074,0.17785,-0.811166,0.556994,-0.000614,0.002604,0.001946,0.002203,-0.013742,0.025235,-1.407424,0.045657,0.024814,-0.002573,-0.975571,-0.21963,-0.004607,0.129729,-0.592911,0.794749,-0.177282,0.774737,0.60692,-0.000159,0.000669,0.000502,-0.006907,0.000755,0.000379,-0.870137,0.080785,0.031609,-0.067782,-0.377913,0.416526,-0.826853,-0.576335,-0.804782,-0.141994,-0.724581,0.422884,0.544196,2e-06,0.0,-2e-06,4e-06,-1.2e-05,4e-06,-0.093911
727,0.086641,0.01368,0.347765,-0.369237,0.405888,-0.836041,-0.666575,-0.742479,-0.066136,-0.647135,0.532356,0.545748,-1e-06,-2e-06,-2e-06,0.0,0.0,0.0,0.077635,-0.096079,0.013652,0.359562,0.981704,0.183656,-0.050187,-0.061471,0.555751,0.829033,0.178901,-0.810997,0.556903,-0.013358,-0.001344,0.000521,0.013999,-1.430468,2.090179,-1.407169,0.045506,0.024825,-0.002548,-0.975545,-0.219771,-0.003567,0.130597,-0.592607,0.794834,-0.176795,0.77493,0.606816,-0.006704,-0.000573,0.000338,-0.0022,0.015799,-0.028801,-0.868667,0.080809,0.031596,-0.067785,-0.377845,0.416578,-0.826858,-0.576382,-0.804739,-0.142048,-0.72458,0.422914,0.544175,3e-06,5e-06,1e-06,3e-06,-1.5e-05,-2e-06,-0.094074
728,0.086662,0.013684,0.347756,-0.369177,0.40591,-0.836057,-0.666578,-0.742471,-0.066197,-0.647166,0.53235,0.545716,-0.0,-0.0,-0.0,0.0,0.0,0.0,0.077785,-0.096474,0.01367,0.359645,0.982808,0.177992,-0.048975,-0.059225,0.555808,0.829159,0.173555,-0.812212,0.556823,-0.013938,0.001163,0.002386,-0.007496,0.125343,0.079187,-1.40711,0.045309,0.024828,-0.002511,-0.976781,-0.214185,-0.004799,0.126183,-0.593263,0.795057,-0.173137,0.775991,0.606515,-0.006871,0.000162,0.000887,-0.027679,0.433884,0.248832,-0.868014,0.080819,0.031598,-0.06779,-0.377786,0.416608,-0.82687,-0.576383,-0.804727,-0.142109,-0.724609,0.422908,0.544141,0.0,3e-06,-1e-06,0.0,-1.9e-05,-1.1e-05,-0.093911
729,0.086652,0.013686,0.347757,-0.369198,0.4059,-0.836052,-0.666571,-0.74248,-0.066178,-0.647161,0.532346,0.545726,-0.0,-0.0,-0.0,0.0,0.0,0.0,0.078598,-0.0966,0.013621,0.359747,0.983607,0.173695,-0.048356,-0.057677,0.557777,0.827945,0.169532,-0.811787,0.55868,0.001345,-0.008332,0.010397,0.19428,-0.100077,-0.09457,-1.406826,0.045239,0.024811,-0.002459,-0.977868,-0.209182,-0.003902,0.124072,-0.594815,0.794229,-0.168459,0.776168,0.607604,-0.000306,0.001319,0.000991,0.367617,-0.129327,-0.087573,-0.868504,0.080814,0.031599,-0.067789,-0.377807,0.416594,-0.826867,-0.576375,-0.804736,-0.14209,-0.724604,0.422903,0.54415,-0.0,2e-06,0.0,2e-06,-1.3e-05,-1e-06,-0.093911
730,0.08666,0.013677,0.34775,-0.369061,0.405957,-0.836085,-0.666618,-0.742427,-0.06629,-0.647191,0.532376,0.545662,-0.0,-1e-06,-1e-06,0.0,0.0,0.0,0.077784,-0.096624,0.013225,0.360122,0.987243,0.152235,-0.046553,-0.047142,0.5595,0.827448,0.150759,-0.814875,0.559566,0.003527,-0.020267,0.01812,-0.009132,-0.017403,-0.061108,-1.406549,0.045226,0.024618,-0.002274,-0.982083,-0.188445,-0.000835,0.114001,-0.597632,0.793623,-0.150054,0.779309,0.608407,0.000829,-0.004824,0.004714,0.016434,-0.01994,-0.038249,-0.868014,0.080818,0.031595,-0.067793,-0.377676,0.416669,-0.826889,-0.576424,-0.804682,-0.142201,-0.724634,0.422933,0.544087,2e-06,5e-06,3e-06,2e-06,-2e-06,-3e-06,-0.093421
731,0.086694,0.013684,0.347757,-0.368957,0.406005,-0.836108,-0.666654,-0.742387,-0.066378,-0.647213,0.532396,0.545616,4.4e-05,0.000139,0.000114,0.0,0.0,0.0,0.078351,-0.096477,0.012533,0.360824,0.990956,0.126257,-0.045347,-0.035041,0.570607,0.820435,0.128203,-0.811571,0.569895,0.00316,-0.018692,0.019315,0.48631,-0.23654,-0.212339,-1.406744,0.045301,0.024269,-0.001926,-0.986864,-0.161536,0.001961,0.101072,-0.607914,0.787542,-0.126024,0.777396,0.616256,0.001537,-0.009157,0.009798,0.758368,-0.28607,-0.204622,-0.872749,0.080835,0.031598,-0.067789,-0.377576,0.416729,-0.826905,-0.576461,-0.80464,-0.142288,-0.724657,0.422954,0.544041,2.6e-05,8e-05,6.6e-05,2e-06,6e-06,-1e-06,-0.093585
732,0.086714,0.01368,0.347754,-0.368913,0.406026,-0.836117,-0.66667,-0.742369,-0.066416,-0.647223,0.532404,0.545597,1e-06,2e-06,2e-06,0.0,0.0,0.0,0.078156,-0.096382,0.012089,0.361265,0.993153,0.108801,-0.042427,-0.028335,0.577769,0.815668,0.111997,-0.809003,0.576917,0.005069,-0.029451,0.027941,0.626097,0.995901,0.638014,-1.406493,0.045347,0.024052,-0.001708,-0.989336,-0.145527,0.00584,0.094992,-0.614351,0.783293,-0.110403,0.775496,0.621624,0.001312,-0.009193,0.009784,-0.017654,4.354329,3.031074,-0.871606,0.080845,0.031596,-0.06779,-0.377535,0.416755,-0.82691,-0.576476,-0.804622,-0.142325,-0.724666,0.422962,0.544023,-2e-06,-7e-06,-7e-06,-0.0,-7e-06,-6e-06,-0.093748
733,0.086761,0.013663,0.347742,-0.368823,0.406071,-0.836135,-0.666702,-0.742334,-0.066495,-0.647241,0.532419,0.54556,-0.0,-1e-06,-1e-06,0.0,0.0,0.0,0.077724,-0.096282,0.011146,0.362166,0.995335,0.088322,-0.038712,-0.02058,0.587709,0.80877,0.092921,-0.804297,0.586801,0.005181,-0.029945,0.027615,0.087957,1.147105,1.006183,-1.406199,0.045397,0.023582,-0.001256,-0.99183,-0.127107,0.010803,0.088686,-0.626189,0.774611,-0.091694,0.76924,0.632345,0.001383,-0.009562,0.009531,-0.04865,4.236775,3.293079,-0.869973,0.080869,0.031588,-0.067797,-0.37745,0.416811,-0.826921,-0.576509,-0.804585,-0.142404,-0.724685,0.422978,0.543985,0.00665,-0.001375,-0.000907,0.000988,-0.014721,0.029547,-0.093911
734,0.086803,0.013653,0.347748,-0.368867,0.406065,-0.836118,-0.666705,-0.742334,-0.066454,-0.647212,0.532423,0.545591,4e-06,1.2e-05,1e-05,0.0,0.0,0.0,0.077895,-0.096198,0.010348,0.362963,0.997893,0.055663,-0.033212,-0.006574,0.598071,0.801375,0.063205,-0.799523,0.597186,-0.009702,-0.022353,0.018175,0.297031,1.158035,0.786228,-1.406114,0.045444,0.023181,-0.000854,-0.99537,-0.094405,0.018013,0.074209,-0.635845,0.768239,-0.061072,0.76602,0.639908,0.000517,-0.004491,0.005019,0.374973,4.088192,3.310445,-0.868667,0.08089,0.031583,-0.067793,-0.377494,0.416799,-0.826907,-0.576514,-0.804589,-0.142363,-0.724658,0.422983,0.544018,-0.0,2e-06,1e-06,3e-06,-4e-06,-3e-06,-0.094074
735,0.086832,0.013684,0.347761,-0.368728,0.406119,-0.836153,-0.666735,-0.742296,-0.066579,-0.647261,0.532434,0.545522,0.000352,0.001103,0.000904,0.0,0.0,0.0,0.077101,-0.096273,0.009669,0.363478,0.998779,0.037949,-0.031505,0.002264,0.60464,0.796454,0.048007,-0.795586,0.603822,0.00219,-0.011992,0.007733,0.035319,-0.114393,0.136352,-1.406144,0.045402,0.02284,-0.000591,-0.99688,-0.076124,0.020831,0.065077,-0.643515,0.762661,-0.044652,0.761638,0.646462,-0.00538,-0.00765,0.003395,-0.055599,-0.006555,-0.071785,-0.858216,0.080903,0.031596,-0.067789,-0.377361,0.41687,-0.826932,-0.576542,-0.804546,-0.142487,-0.724704,0.422993,0.543947,0.000231,0.000722,0.00059,6e-06,-4e-06,1.2e-05,-0.094238
736,0.086828,0.013706,0.347778,-0.368691,0.406133,-0.836163,-0.666747,-0.742283,-0.066607,-0.647269,0.532443,0.545504,0.000569,0.001781,0.00146,0.00035,-0.014655,0.024813,0.076314,-0.096307,0.009461,0.363619,0.999196,0.024622,-0.031509,0.01006,0.610146,0.792183,0.037463,-0.79188,0.609414,6.2e-05,-0.000266,-0.000198,0.431795,1.093279,0.862292,-1.405926,0.045387,0.022727,-0.00052,-0.997756,-0.06342,0.02144,0.057479,-0.647347,0.760024,-0.034321,0.759551,0.64954,-0.005831,-0.006709,0.004145,0.266987,4.134349,3.148146,-0.854787,0.080901,0.031606,-0.067781,-0.377325,0.416888,-0.826939,-0.576555,-0.804533,-0.142514,-0.724713,0.423002,0.543929,0.000283,0.000887,0.000725,0.000349,-0.014655,0.024818,-0.094728
737,0.086808,0.013727,0.347834,-0.368691,0.406146,-0.836157,-0.666802,-0.742237,-0.066573,-0.647214,0.532497,0.545517,-0.013046,0.003529,0.002449,-0.000984,0.014715,-0.029553,0.075565,-0.096256,0.009286,0.363761,0.999509,-0.003326,-0.031015,0.026694,0.611163,0.791013,0.015058,-0.791434,0.610957,0.00012,-0.000517,-0.000384,0.000766,0.010084,0.007843,-1.406083,0.045412,0.02264,-0.000449,-0.999115,-0.034944,0.023393,0.040505,-0.650186,0.758694,-0.011302,0.75897,0.651026,7.7e-05,-0.000288,-0.000218,-0.013593,0.012977,0.010295,-0.852665,0.080897,0.031619,-0.067751,-0.377306,0.416913,-0.826935,-0.576623,-0.804486,-0.1425,-0.724669,0.423065,0.543939,0.000149,0.000463,0.000379,5e-06,-1.2e-05,0.0,-0.095544
738,0.086824,0.013737,0.347855,-0.368627,0.406179,-0.836169,-0.666842,-0.742197,-0.066615,-0.647208,0.532527,0.545494,7e-06,2.2e-05,1.8e-05,0.0,0.0,0.0,0.074992,-0.096152,0.009243,0.363706,0.999441,-0.008901,-0.03209,0.030956,0.610826,0.791118,0.011294,-0.791643,0.610767,0.000555,-0.00239,-0.001777,-0.118428,-1.598912,2.007238,-1.406199,0.045458,0.022621,-0.000474,-0.999246,-0.029311,0.025418,0.038373,-0.649954,0.759003,-0.005726,0.759407,0.650589,0.000213,-0.000891,-0.000663,0.000561,0.001446,0.001558,-0.851358,0.080901,0.031626,-0.067739,-0.377266,0.416941,-0.826939,-0.576658,-0.804457,-0.142522,-0.724662,0.423093,0.543927,-8e-06,-2.5e-05,-2e-05,0.0,6e-06,5e-06,-0.095871
739,0.086824,0.013737,0.347855,-0.368627,0.406179,-0.836169,-0.666842,-0.742197,-0.066615,-0.647208,0.532527,0.545494,-0.000204,-0.000638,-0.000523,0.0,0.0,0.0,0.074854,-0.096044,0.009221,0.363678,0.999382,-0.014759,-0.031767,0.03428,0.61062,0.791139,0.006455,-0.791706,0.610756,0.013525,0.000892,-0.000856,0.002045,-0.015205,0.029245,-1.406068,0.045513,0.022607,-0.00049,-0.999457,-0.02332,0.023234,0.032815,-0.649856,0.759347,-0.002609,0.759698,0.650269,0.000265,-0.001113,-0.000832,0.000585,0.002263,-0.0002,-0.852011,0.080901,0.031627,-0.067738,-0.377267,0.416941,-0.826939,-0.576658,-0.804457,-0.142523,-0.724662,0.423092,0.543927,-0.000174,-0.000539,-0.00044,-5e-06,5e-06,-6e-06,-0.096361
740,0.08682,0.013714,0.347862,-0.368681,0.406169,-0.83615,-0.66686,-0.742186,-0.066552,-0.647159,0.532549,0.54553,-7e-06,-2.3e-05,-1.9e-05,0.0,0.0,0.0,0.073316,-0.095764,0.009257,0.363673,0.998984,-0.028095,-0.035099,0.045062,0.607954,0.792651,-0.002196,-0.793378,0.608613,0.012812,0.00396,0.001424,0.001265,-0.014849,0.029485,-1.406046,0.045654,0.022619,-0.000497,-0.99974,-0.009705,0.020595,0.021978,-0.647629,0.761638,0.005947,0.761893,0.647674,-0.000207,0.000914,0.000675,0.01049,0.000198,0.000757,-0.855604,0.080898,0.031613,-0.067737,-0.377319,0.416924,-0.826924,-0.57668,-0.804452,-0.14246,-0.724617,0.423118,0.543967,-4e-06,-1.3e-05,-1.1e-05,-2e-06,-4e-06,-1.3e-05,-0.097993
741,0.086802,0.013724,0.34787,-0.368705,0.406156,-0.836146,-0.666851,-0.742196,-0.06653,-0.647154,0.532546,0.545539,7.1e-05,0.000221,0.000181,0.0,0.0,0.0,0.072979,-0.095477,0.009397,0.363741,0.998162,-0.044269,-0.041296,0.059738,0.600729,0.797176,-0.011747,-0.798106,0.602288,0.012346,0.005925,0.002883,-0.483175,0.427505,0.693058,-1.406031,0.045802,0.02269,-0.000463,-0.999869,0.005711,0.015077,0.007887,-0.642352,0.766368,0.014061,0.766388,0.642223,0.006157,0.003035,0.001488,-0.670698,0.439139,0.709775,-0.847276,0.080889,0.031618,-0.067733,-0.377342,0.416908,-0.826921,-0.576672,-0.804462,-0.142438,-0.724612,0.423115,0.543976,4.6e-05,0.000141,0.000115,1.2e-05,-2e-06,5e-06,-0.09881
742,0.086822,0.01372,0.347868,-0.368661,0.406177,-0.836155,-0.666867,-0.742179,-0.066568,-0.647164,0.532554,0.545521,0.0,0.0,0.0,0.0,0.0,0.0,0.07271,-0.095355,0.009619,0.363886,0.997095,-0.063529,-0.04191,0.071749,0.597447,0.798651,-0.026961,-0.799243,0.600289,0.011696,0.008655,0.004905,-0.335881,0.514317,0.451029,-1.405623,0.04586,0.022795,-0.000394,-0.999606,0.023459,0.015361,-0.00321,-0.639951,0.768408,0.027856,0.768056,0.639775,-0.001067,0.003279,0.002504,-0.904179,4.606183,3.482206,-0.841887,0.080899,0.031616,-0.067734,-0.3773,0.416935,-0.826927,-0.576687,-0.804445,-0.142476,-0.724621,0.423122,0.543958,-2e-06,-3e-06,-3e-06,-0.0,-7e-06,-9e-06,-0.099463
743,0.08683,0.013712,0.347861,-0.368659,0.40618,-0.836155,-0.666868,-0.742178,-0.066571,-0.647164,0.532553,0.545521,-1e-05,-3.1e-05,-2.6e-05,0.0,0.0,0.0,0.072391,-0.095315,0.009758,0.363981,0.996696,-0.06945,-0.042023,0.075387,0.59701,0.798642,-0.03164,-0.799068,0.600293,-0.001688,0.00718,0.005324,-0.015925,0.080417,-0.149116,-1.405684,0.045884,0.022867,-0.000345,-0.999358,0.032254,0.015554,-0.008612,-0.638125,0.769883,0.034758,0.769256,0.637994,0.005722,0.004873,0.002849,0.02174,-0.028152,0.056639,-0.843847,0.080903,0.031612,-0.067737,-0.377298,0.416937,-0.826927,-0.576688,-0.804443,-0.142479,-0.724621,0.423122,0.543958,-5e-06,-1.5e-05,-1.2e-05,3e-06,8e-06,-5e-06,-0.099626
744,0.08683,0.013712,0.347861,-0.368659,0.40618,-0.836155,-0.666868,-0.742178,-0.066571,-0.647164,0.532553,0.545521,-0.0,-0.0,-0.0,0.0,0.0,0.0,0.072503,-0.095379,0.010175,0.364174,0.995464,-0.085514,-0.041584,0.084331,0.589831,0.80307,-0.045407,-0.802811,0.594387,-0.002177,0.00926,0.006844,-0.182381,0.070822,0.081989,-1.405219,0.045852,0.02308,-0.000245,-0.998705,0.047989,0.016873,-0.017249,-0.631526,0.775162,0.047855,0.773867,0.631536,-0.001112,0.004745,0.003505,-0.170747,0.071748,0.083663,-0.839438,0.080903,0.031612,-0.067737,-0.377298,0.416937,-0.826927,-0.576688,-0.804443,-0.142479,-0.724621,0.423122,0.543958,1e-06,2e-06,2e-06,2e-06,7e-06,-6e-06,-0.09979
745,0.086832,0.013718,0.347866,-0.368639,0.406188,-0.83616,-0.666874,-0.74217,-0.066587,-0.647168,0.532557,0.545511,0.0,1e-06,1e-06,0.0,0.0,0.0,0.072211,-0.095393,0.010671,0.364257,0.992518,-0.114842,-0.041355,0.100856,0.579414,0.808729,-0.070171,-0.806688,0.586681,-0.003057,0.015591,-0.00509,-0.784527,4.736714,3.446481,-1.404673,0.045843,0.023332,-0.000195,-0.997355,0.07038,0.018093,-0.02989,-0.624255,0.780647,0.066237,0.778043,0.624708,-0.00067,0.002882,0.00212,-0.02081,0.024966,0.054675,-0.839275,0.080904,0.031615,-0.067734,-0.377279,0.416948,-0.82693,-0.576695,-0.804436,-0.142494,-0.724626,0.423126,0.543949,-2e-06,-4e-06,-4e-06,2e-06,-4e-06,-2e-06,-0.09979
746,0.086832,0.013718,0.347866,-0.368639,0.406188,-0.83616,-0.666874,-0.74217,-0.066587,-0.647168,0.532557,0.545511,0.0,0.0,0.0,0.0,0.0,0.0,0.072633,-0.095316,0.010851,0.364215,0.990924,-0.128012,-0.040907,0.108002,0.576277,0.810046,-0.081376,-0.806935,0.584891,-0.002116,0.011587,-0.008039,-0.167482,0.092383,0.086681,-1.40451,0.045875,0.023426,-0.000212,-0.995708,0.09046,0.019509,-0.04094,-0.619668,0.783795,0.082991,0.779633,0.620712,-0.001033,0.005744,-0.004063,-0.297686,0.165338,0.136121,-0.838622,0.080904,0.031615,-0.067734,-0.377279,0.416948,-0.82693,-0.576695,-0.804436,-0.142494,-0.724626,0.423126,0.543949,0.0,-3e-06,-2e-06,2e-06,2e-06,-2e-06,-0.100116
747,0.086831,0.01372,0.347855,-0.368642,0.406181,-0.836162,-0.666855,-0.742187,-0.066595,-0.647186,0.53254,0.545507,-1e-06,-3e-06,-2e-06,0.0,0.0,0.0,0.072,-0.094873,0.011064,0.364033,0.986579,-0.160454,-0.030136,0.117721,0.570456,0.812807,-0.114474,-0.805228,0.581693,0.013814,-0.000505,-0.001878,-0.126983,0.175151,0.12819,-1.404538,0.046096,0.023538,-0.000306,-0.991937,0.122694,0.031731,-0.050757,-0.614052,0.787631,0.116122,0.77967,0.615328,0.005923,0.005274,-0.005165,-0.114625,0.450285,0.392516,-0.833396,0.080904,0.031616,-0.06774,-0.377281,0.416941,-0.826933,-0.576674,-0.80445,-0.142502,-0.724641,0.423107,0.543942,2e-06,4e-06,2e-06,1.2e-05,-8e-06,8e-06,-0.09979
748,0.086853,0.013722,0.347857,-0.368578,0.40621,-0.836176,-0.666877,-0.742162,-0.066649,-0.6472,0.532552,0.545479,0.013481,-0.002165,-0.001332,0.000984,-0.014715,0.029553,0.072668,-0.094257,0.011071,0.363945,0.981577,-0.189948,-0.020423,0.127038,0.568487,0.812784,-0.144018,-0.800149,0.582137,0.014059,-0.001482,-0.002607,0.000238,-0.001909,0.00373,-1.404658,0.04641,0.023537,-0.000354,-0.987423,0.15223,0.042661,-0.060387,-0.612559,0.788113,0.146108,0.775626,0.614048,0.007066,-0.000821,-0.001379,0.00462,-0.010319,0.007748,-0.831927,0.080909,0.031617,-0.06774,-0.377241,0.416964,-0.826939,-0.576688,-0.804433,-0.142537,-0.72465,0.423116,0.543924,0.000147,0.000466,0.00038,-1e-05,-1e-06,-1.7e-05,-0.100116
749,0.086894,0.013722,0.347846,-0.368474,0.406253,-0.836201,-0.666896,-0.742137,-0.066748,-0.64724,0.532554,0.545429,0.0,0.0,0.0,0.0,0.0,0.0,0.072491,-0.093541,0.011081,0.363921,0.976911,-0.213385,-0.010211,0.132508,0.567212,0.812801,-0.168882,-0.795101,0.582371,0.02646,0.004026,-6.3e-05,0.014851,-0.000188,0.32109,-1.404377,0.046755,0.023533,-0.00037,-0.983146,0.174651,0.054037,-0.065314,-0.611614,0.788455,0.170754,0.771638,0.612713,0.006766,0.000339,-0.000512,-0.024902,1.344074,1.002767,-0.837152,0.080935,0.031617,-0.067745,-0.377121,0.417033,-0.826959,-0.576713,-0.804395,-0.142654,-0.724693,0.42312,0.543863,-1e-06,-2e-06,-3e-06,-0.0,-1.8e-05,-9e-06,-0.100279
750,0.086934,0.013722,0.347834,-0.368369,0.406296,-0.836226,-0.666914,-0.742111,-0.066847,-0.647281,0.532557,0.545378,0.0,0.0,0.0,0.0,0.0,0.0,0.072398,-0.093223,0.011127,0.363918,0.975633,-0.21925,-0.007822,0.134031,0.566899,0.81277,-0.174998,-0.793721,0.582448,0.013354,0.001507,-0.000408,0.002035,-0.014223,0.029949,-1.404636,0.046929,0.023558,-0.000372,-0.981871,0.180964,0.056387,-0.067377,-0.611278,0.788542,0.177166,0.770448,0.612389,0.006682,0.000787,-0.000197,0.003658,-0.019688,0.032337,-0.836662,0.080955,0.031617,-0.067751,-0.377021,0.417089,-0.826977,-0.57673,-0.804365,-0.142752,-0.724732,0.423122,0.54381,1e-06,-1e-06,-4e-06,5e-06,-1.2e-05,1e-06,-0.100279
751,0.087076,0.013718,0.347796,-0.368011,0.406447,-0.83631,-0.666984,-0.742018,-0.067184,-0.647412,0.532572,0.545207,0.013295,-0.002745,-0.001809,0.000984,-0.014715,0.029553,0.073156,-0.092767,0.011194,0.363927,0.975327,-0.220731,-0.002615,0.130318,0.565657,0.814238,-0.17948,-0.794194,0.580436,0.013118,0.002489,0.000316,-0.073185,0.104464,-0.127821,-1.404769,0.047152,0.023591,-0.000367,-0.981364,0.182043,0.061506,-0.063601,-0.609783,0.790012,0.181322,0.771378,0.609998,3.6e-05,-0.000137,-0.000113,-0.05377,0.029437,0.024506,-0.840908,0.081021,0.031616,-0.067769,-0.3767,0.41727,-0.827032,-0.576789,-0.804267,-0.143067,-0.724852,0.42313,0.543644,-1e-06,1e-06,-4e-06,3e-06,-1.6e-05,-1.3e-05,-0.099953
752,0.087219,0.013714,0.347758,-0.367653,0.406598,-0.836394,-0.667054,-0.741924,-0.06752,-0.647544,0.532587,0.545037,0.0,0.0,0.0,0.0,0.0,0.0,0.072979,-0.092405,0.011214,0.363999,0.971237,-0.238086,0.002522,0.136305,0.564182,0.814281,-0.196518,-0.790199,0.58037,0.012873,0.003492,0.001055,0.006211,1.334845,0.991479,-1.404562,0.047333,0.0236,-0.000332,-0.977966,0.19759,0.067367,-0.068592,-0.608927,0.790254,0.197168,0.768221,0.609064,0.006143,0.001783,0.000745,-0.002321,4.464275,3.245458,-0.838948,0.081098,0.031613,-0.067789,-0.376337,0.417478,-0.827092,-0.576863,-0.80415,-0.143418,-0.724981,0.423146,0.543459,-1e-06,1e-06,-3e-06,1e-06,-1.3e-05,-2.9e-05,-0.100116
753,0.087301,0.013712,0.347746,-0.367441,0.406692,-0.836441,-0.66711,-0.741857,-0.067711,-0.647607,0.532609,0.54494,0.013306,-0.002707,-0.00178,0.000984,-0.014715,0.029553,0.072664,-0.092259,0.011187,0.364075,0.971234,-0.238049,0.005379,0.13399,0.564595,0.814379,-0.198125,-0.789915,0.58021,-0.000196,0.000798,0.00059,0.0,1e-05,-1.3e-05,-1.404852,0.047411,0.023588,-0.000293,-0.977446,0.199138,0.07029,-0.06726,-0.609077,0.790253,0.200181,0.767703,0.608735,0.006395,0.001934,0.000657,0.00241,-0.020243,0.033005,-0.839601,0.081139,0.031612,-0.067795,-0.376135,0.417597,-0.827124,-0.576918,-0.804077,-0.143607,-0.725042,0.423167,0.543361,0.00665,-0.001359,-0.000898,0.000991,-0.014725,0.02954,-0.100116
754,0.087432,0.013729,0.34775,-0.367064,0.406859,-0.836526,-0.667223,-0.741725,-0.06804,-0.647706,0.532664,0.544769,0.000204,0.000641,0.000524,0.0,0.0,0.0,0.072187,-0.091935,0.011066,0.3643,0.965679,-0.259481,0.011132,0.142365,0.564268,0.813184,-0.218506,-0.783346,0.581796,0.014612,-0.006325,0.010396,-0.027776,0.02968,-0.054702,-1.404761,0.047568,0.02353,-0.000185,-0.972377,0.220418,0.076793,-0.075748,-0.609188,0.789398,0.220779,0.761777,0.609058,0.007267,-0.002975,0.005323,-0.043609,0.143169,-0.211328,-0.842214,0.081204,0.03162,-0.067793,-0.375775,0.417809,-0.82718,-0.577031,-0.803938,-0.143934,-0.725139,0.423223,0.543189,0.00015,0.000472,0.000383,1.2e-05,-4e-06,-6e-06,-0.100769
755,0.087577,0.013766,0.347746,-0.36661,0.407047,-0.836633,-0.667325,-0.741595,-0.068452,-0.647858,0.532701,0.544553,0.000243,0.000766,0.000626,0.0,0.0,0.0,0.072894,-0.091621,0.010885,0.364594,0.960022,-0.279422,0.016531,0.150861,0.565861,0.810541,-0.237048,-0.775275,0.585338,0.014862,-0.007311,0.009667,0.012242,-0.03251,-0.006684,-1.404672,0.047724,0.023443,-3.5e-05,-0.967154,0.240279,0.082936,-0.084339,-0.611128,0.787025,0.23979,0.75418,0.61132,-2.2e-05,0.000118,7.5e-05,0.018893,-0.02612,-0.011909,-0.841234,0.081277,0.031639,-0.067795,-0.375342,0.418052,-0.827254,-0.57713,-0.803794,-0.144341,-0.725285,0.423256,0.542968,0.006793,-0.000904,-0.000527,0.000991,-0.014709,0.029552,-0.100606
756,0.087664,0.013778,0.347745,-0.366359,0.407157,-0.83669,-0.667393,-0.741513,-0.068674,-0.647929,0.532732,0.544437,0.000283,0.000892,0.000729,0.0,0.0,0.0,0.072724,-0.09148,0.010731,0.364717,0.958675,-0.283599,0.022491,0.14925,0.568286,0.809141,-0.243462,-0.771973,0.587067,0.015369,-0.009338,0.008169,0.287506,-0.142625,-0.107599,-1.404674,0.047793,0.02337,2.9e-05,-0.965437,0.244924,0.089117,-0.082703,-0.61214,0.786412,0.247164,0.751861,0.611239,0.001224,-0.006315,0.003623,0.508824,-0.133684,-0.228693,-0.836825,0.08132,0.031645,-0.067795,-0.375103,0.418191,-0.827293,-0.577198,-0.803706,-0.144561,-0.725355,0.423286,0.542851,0.000172,0.000544,0.000443,8e-06,2e-06,3e-06,-0.100769
757,0.087832,0.013772,0.347745,-0.366065,0.407302,-0.836748,-0.667496,-0.741397,-0.068932,-0.64799,0.532782,0.544315,0.000116,0.000366,0.0003,0.0,0.0,0.0,0.072153,-0.091026,0.010441,0.364942,0.952023,-0.304792,0.02731,0.158602,0.567417,0.807971,-0.262959,-0.764476,0.588466,0.002241,-0.011808,0.007878,0.051694,-0.034933,-0.047623,-1.404747,0.048027,0.023217,0.000142,-0.959491,0.265402,0.094538,-0.092147,-0.612724,0.784905,0.266241,0.744399,0.61236,0.001135,-0.00593,0.003902,0.035408,-0.037207,-0.045532,-0.836172,0.081404,0.031643,-0.067795,-0.374824,0.418371,-0.827327,-0.577302,-0.803585,-0.144816,-0.725415,0.423338,0.54273,4.9e-05,0.000159,0.000127,1.5e-05,0.0,1.4e-05,-0.101096
758,0.087974,0.013785,0.347759,-0.365662,0.407487,-0.836834,-0.667635,-0.74124,-0.069273,-0.648075,0.532859,0.544139,0.000244,0.000771,0.000631,0.0,0.0,0.0,0.071943,-0.090681,0.010203,0.365056,0.947682,-0.317522,0.032718,0.16412,0.572261,0.80344,-0.275028,-0.75562,0.594359,0.000754,-0.003017,-0.002236,0.057801,-0.025869,-0.017316,-1.404599,0.048199,0.0231,0.0002,-0.95537,0.277839,0.100358,-0.097714,-0.617821,0.780222,0.27878,0.735596,0.617397,0.000407,-0.001601,-0.001198,0.00292,-0.023867,-0.011789,-0.835356,0.081475,0.031649,-0.067788,-0.374441,0.418604,-0.827383,-0.577444,-0.803422,-0.145153,-0.725501,0.423416,0.542555,0.006792,-0.000897,-0.000522,0.000997,-0.014711,0.029562,-0.101749
759,0.08808,0.01382,0.347791,-0.365308,0.407645,-0.836911,-0.667757,-0.741102,-0.069569,-0.648149,0.532929,0.543982,0.000297,0.000942,0.000769,0.0,0.0,0.0,0.071798,-0.090509,0.010071,0.365079,0.942287,-0.332906,0.035513,0.17202,0.572101,0.8019,-0.288461,-0.749075,0.596271,0.015268,-0.008793,0.008569,-0.032085,-0.012727,0.006656,-1.40468,0.04828,0.023034,0.000206,-0.950408,0.293227,0.103638,-0.105567,-0.617619,0.779359,0.292538,0.729769,0.617946,0.000202,-0.00077,-0.000583,-0.015179,0.013723,-0.024141,-0.838622,0.081528,0.031666,-0.067772,-0.374104,0.418804,-0.827434,-0.577568,-0.803281,-0.145446,-0.725576,0.423488,0.542398,0.000176,0.000559,0.000455,4e-06,-4e-06,-7e-06,-0.102402
760,0.088138,0.013836,0.347805,-0.36512,0.40773,-0.836952,-0.667822,-0.741029,-0.069726,-0.648189,0.532965,0.543899,0.013605,-0.00172,-0.000982,0.000984,-0.014715,0.029553,0.071818,-0.090432,0.010041,0.365099,0.93867,-0.342651,0.038473,0.176512,0.573059,0.800238,-0.297432,-0.743921,0.598314,0.000171,-0.000683,-0.000507,0.014629,-0.006461,-0.004312,-1.40484,0.048324,0.023015,0.000219,-0.946992,0.302951,0.106889,-0.110155,-0.618768,0.777812,0.301778,0.724808,0.619341,0.0001,-0.00036,-0.000281,-0.0139,-0.005157,-0.002035,-0.840581,0.081553,0.031675,-0.067764,-0.373946,0.418898,-0.827458,-0.577626,-0.803214,-0.145583,-0.725611,0.423521,0.542325,0.000185,0.00059,0.00048,1e-05,5e-06,6e-06,-0.102566
761,0.088249,0.013849,0.347819,-0.364803,0.407875,-0.83702,-0.66793,-0.740905,-0.069994,-0.648255,0.533026,0.54376,6.1e-05,0.000194,0.000158,0.0,0.0,0.0,0.072148,-0.090444,0.009875,0.365031,0.929208,-0.367385,0.0399,0.192196,0.57237,0.797111,-0.316854,-0.732535,0.602377,0.001172,-0.00468,-0.003476,0.548994,-0.198034,-0.163402,-1.405302,0.048316,0.02294,0.00019,-0.937904,0.329273,0.109155,-0.125948,-0.616422,0.777277,0.323222,0.715264,0.619616,0.000533,-0.002062,-0.001545,0.008196,0.109263,0.080851,-0.841561,0.081613,0.031682,-0.067757,-0.373623,0.419094,-0.827505,-0.577745,-0.803077,-0.145867,-0.725683,0.423587,0.542178,2.8e-05,8.9e-05,6.9e-05,2e-06,-4e-06,-1e-05,-0.102402
762,0.088363,0.013848,0.347808,-0.364505,0.408008,-0.837085,-0.668015,-0.740804,-0.070258,-0.648336,0.533065,0.543626,0.013303,-0.002669,-0.00176,0.000984,-0.014715,0.029553,0.071014,-0.090385,0.009639,0.364856,0.918842,-0.391831,0.046795,0.204128,0.573161,0.793569,-0.338922,-0.719104,0.606535,0.001835,-0.007324,-0.005452,0.073649,0.385579,0.258826,-1.404938,0.048345,0.022827,0.000106,-0.929168,0.350783,0.116607,-0.137184,-0.620142,0.772401,0.343258,0.701694,0.624338,0.00064,-0.003607,-0.002387,0.251797,4.361656,3.302641,-0.845317,0.081665,0.031682,-0.067762,-0.373361,0.419249,-0.827545,-0.57782,-0.802978,-0.14611,-0.725757,0.423621,0.542051,-2e-06,-4e-06,-5e-06,0.0,4e-06,4e-06,-0.103219
763,0.088395,0.013848,0.34781,-0.364419,0.408047,-0.837103,-0.668044,-0.740771,-0.070331,-0.648354,0.533081,0.543589,2.6e-05,8.4e-05,6.9e-05,0.0,0.0,0.0,0.071157,-0.090305,0.00949,0.364727,0.912047,-0.406691,0.052568,0.210314,0.573686,0.791571,-0.353229,-0.710368,0.608662,0.002279,-0.009089,-0.006777,0.033319,0.165553,-0.001314,-1.405278,0.048385,0.02275,4.1e-05,-0.922051,0.36707,0.122803,-0.144326,-0.620431,0.770866,0.359153,0.693055,0.625047,0.007736,-0.003269,-0.003237,0.017752,0.550521,0.092476,-0.840908,0.081686,0.031681,-0.067762,-0.373259,0.419312,-0.827559,-0.577858,-0.802935,-0.1462,-0.72578,0.423642,0.542005,8e-06,2.9e-05,2.1e-05,4e-06,-4e-06,6e-06,-0.103872
764,0.088423,0.013871,0.347829,-0.364297,0.4081,-0.83713,-0.668086,-0.740724,-0.070432,-0.64838,0.533106,0.543533,0.000182,0.00058,0.000473,0.0,0.0,0.0,0.071124,-0.090015,0.009126,0.364395,0.902289,-0.426872,0.060383,0.218707,0.573668,0.789308,-0.372708,-0.698425,0.610864,0.016102,-0.009076,-0.008369,0.01092,-0.079675,0.154599,-1.405465,0.048524,0.022572,-0.000122,-0.912539,0.387347,0.13128,-0.152672,-0.620402,0.76928,0.379426,0.681955,0.625278,0.00799,-0.004234,-0.003975,-0.006835,-0.005158,0.009012,-0.84401,0.0817,0.031691,-0.067754,-0.373142,0.419379,-0.827577,-0.5779,-0.802886,-0.1463,-0.725806,0.423667,0.54195,0.00011,0.000355,0.00029,1e-06,-1e-06,1e-06,-0.104035
765,0.088425,0.013914,0.347851,-0.364339,0.408075,-0.837124,-0.668053,-0.740756,-0.070406,-0.64839,0.533081,0.543546,0.000137,0.000435,0.000355,0.0,0.0,0.0,0.070657,-0.089673,0.008722,0.364039,0.892236,-0.446643,0.066453,0.228262,0.572852,0.787192,-0.390782,-0.686616,0.612953,0.016284,-0.009677,-0.008867,0.014018,0.042003,-0.055982,-1.405241,0.048697,0.022363,-0.000305,-0.902902,0.40721,0.137644,-0.162571,-0.619939,0.767623,0.397915,0.670712,0.625946,0.001688,-0.006621,-0.005001,-0.006278,0.199406,-0.257205,-0.84303,0.081701,0.031714,-0.067742,-0.373182,0.41935,-0.827575,-0.577866,-0.802916,-0.146275,-0.725814,0.42364,0.541962,6.3e-05,0.0002,0.000163,-6e-06,-3e-06,-1.3e-05,-0.104362
766,0.088447,0.013917,0.347853,-0.364276,0.408104,-0.837138,-0.668075,-0.740731,-0.07046,-0.648403,0.533093,0.543519,0.0,1e-06,0.0,0.0,0.0,0.0,0.071381,-0.089213,0.008354,0.363669,0.882564,-0.465004,0.069591,0.240206,0.572925,0.783577,-0.405346,-0.67424,0.617218,0.002992,-0.011796,-0.008917,0.484854,4.320915,3.337245,-1.405073,0.048926,0.02218,-0.000489,-0.896214,0.420592,0.141075,-0.171275,-0.621403,0.76454,0.409224,0.66103,0.628947,0.007951,-0.003954,-0.003809,0.160406,0.047003,0.054411,-0.84646,0.081712,0.031715,-0.06774,-0.373121,0.419386,-0.827583,-0.577888,-0.80289,-0.146328,-0.725827,0.423653,0.541934,-6e-06,-2.3e-05,-1.8e-05,6e-06,1.6e-05,1e-05,-0.104198
767,0.088457,0.013915,0.347852,-0.364254,0.408115,-0.837142,-0.668083,-0.740722,-0.070479,-0.648407,0.533097,0.543509,0.0,0.0,0.0,0.0,0.0,0.0,0.071417,-0.088993,0.008232,0.363504,0.876813,-0.475283,0.072785,0.244837,0.571389,0.783265,-0.414962,-0.668343,0.617242,0.013882,0.002866,-0.016236,0.158362,1.292721,1.048697,-1.404994,0.049044,0.02211,-0.000579,-0.888438,0.435611,0.144633,-0.178997,-0.61898,0.764736,0.422654,0.653533,0.627899,0.00693,0.001457,-0.008093,0.133438,1.307628,1.062894,-0.84646,0.081717,0.031714,-0.067741,-0.3731,0.4194,-0.827586,-0.577896,-0.802881,-0.146347,-0.725831,0.423657,0.541925,-5e-06,-1.3e-05,-8e-06,-1e-06,-0.0,-1e-05,-0.104198
