frame,MLTx,MLTy,MLTz,MLTR1,MLTR2,MLTR3,MLTR4,MLTR5,MLTR6,MLTR7,MLTR8,MLTR9,MLTTVx,MLTTVy,MLTTVz,MLTRVx,MLTRVy,MLTRVz,MLGA,MRTx,MRTy,MRTz,MRTR1,MRTR2,MRTR3,MRTR4,MRTR5,MRTR6,MRTR7,MRTR8,MRTR9,MRTTVx,MRTTVy,MRTTVz,MRTRVx,MRTRVy,MRTRVz,MRGA,SLTx,SLTy,SLTz,SLTR1,SLTR2,SLTR3,SLTR4,SLTR5,SLTR6,SLTR7,SLTR8,SLTR9,SLTTVx,SLTTVy,SLTTVz,SLTRVx,SLTRVy,SLTRVz,SLGA,SRTx,SRTy,SRTz,SRTR1,SRTR2,SRTR3,SRTR4,SRTR5,SRTR6,SRTR7,SRTR8,SRTR9,SRTTVx,SRTTVy,SRTTVz,SRTRVx,SRTRVy,SRTRVz,SRGA
2496,0.154634,0.123415,0.299394,-0.508186,0.81366,-0.2824,-0.710906,-0.211117,0.670831,0.486838,0.540655,0.686082,-0.035755,-0.045478,-0.003335,-0.031207,0.174893,-0.09979,-1.913483,-0.111935,-0.009466,0.413255,-0.395496,-0.616412,0.680889,0.353431,-0.786433,-0.506502,0.848155,0.041122,0.52802,-0.012838,-0.002477,-0.000414,-0.002045,0.015205,-0.029245,0.003516,0.023841,0.029949,-0.011206,0.368588,0.591592,0.71705,-0.295862,0.805905,-0.512818,-0.881253,-0.02313,0.472076,4e-05,-0.000235,-0.000141,1.3e-05,-1e-06,-4e-06,-0.187256,0.115103,0.100968,-0.103182,0.416727,-0.865699,-0.277313,0.732429,0.139075,0.666487,-0.53841,-0.480856,0.69202,-0.012758,-0.02968,0.000313,-0.075797,0.045542,0.05429,-1.092759
2497,0.153445,0.121209,0.299457,-0.501846,0.816782,-0.284717,-0.714335,-0.205675,0.668877,0.488388,0.53804,0.687035,-0.037012,-0.069726,0.007446,-0.027108,0.157802,0.104269,-1.913141,-0.112064,-0.009402,0.413162,-0.395468,-0.616347,0.680964,0.353139,-0.786494,-0.506611,0.84829,0.04092,0.52782,-0.000114,0.000653,0.000393,0.0,0.0,0.0,0.003319,0.023772,0.029978,-0.011254,0.368536,0.591545,0.717116,-0.295572,0.805945,-0.512921,-0.881372,-0.022929,0.471864,-0.000766,0.005065,-0.00483,0.035568,-0.002196,0.022441,-0.187092,0.114509,0.099877,-0.103153,0.410479,-0.867993,-0.279454,0.735003,0.133559,0.664779,-0.5397,-0.478278,0.692801,-0.012812,-0.028783,0.000938,0.053504,0.308276,0.044857,-1.093576
2498,0.152126,0.118614,0.299772,-0.494771,0.818665,-0.291608,-0.718693,-0.196741,0.666892,0.489202,0.538517,0.686081,-0.037118,-0.06694,0.009502,-0.088872,-1.688501,1.881202,-1.913291,-0.112159,-0.009366,0.413168,-0.395578,-0.616177,0.681054,0.353005,-0.786631,-0.506492,0.848294,0.040851,0.527817,-0.000128,0.00074,0.000445,0.0,0.0,0.0,0.003045,0.023724,0.029998,-0.01125,0.368635,0.59137,0.71721,-0.295441,0.806076,-0.512792,-0.881375,-0.02286,0.471863,-8e-05,0.000457,0.000275,7e-06,-3e-06,-7e-06,-0.187256,0.11385,0.098577,-0.102996,0.403422,-0.869951,-0.283609,0.737681,0.125839,0.663317,-0.541365,-0.47681,0.692513,-0.018519,-0.033187,0.004969,0.014336,0.197693,0.136429,-1.094882
2499,0.150517,0.115675,0.300341,-0.488923,0.821332,-0.293962,-0.722937,-0.192835,0.663438,0.488822,0.535864,0.688426,-0.037974,-0.077876,0.016031,0.187182,0.47233,0.39879,-1.913233,-0.112207,-0.00932,0.413198,-0.395695,-0.616027,0.681123,0.352923,-0.786751,-0.506363,0.848274,0.040811,0.527853,-0.000197,0.001138,0.000684,0.0,0.0,0.0,0.003059,0.0237,0.030021,-0.011235,0.368743,0.591214,0.717283,-0.295363,0.806191,-0.512655,-0.881356,-0.022821,0.4719,-0.000121,0.0007,0.000422,5e-06,-2e-06,2e-06,-0.187582,0.113031,0.097083,-0.102708,0.39831,-0.870672,-0.288579,0.741254,0.120229,0.660368,-0.540269,-0.476942,0.693278,-0.018971,-0.038809,0.008128,0.139121,0.466479,0.383099,-1.101904
2500,0.14968,0.114087,0.300714,-0.494243,0.817444,-0.295896,-0.722614,-0.197009,0.662562,0.483925,0.540269,0.688443,-0.049709,-0.088501,0.022985,0.015815,0.420702,0.015826,-1.913068,-0.112213,-0.009282,0.413221,-0.395762,-0.615948,0.681155,0.352879,-0.786813,-0.506296,0.848261,0.040785,0.527875,-0.000415,0.002391,0.001437,0.00119,-0.00981,0.02707,0.002956,0.023697,0.030036,-0.011226,0.368793,0.591149,0.71731,-0.29533,0.80624,-0.512598,-0.881346,-0.022801,0.471919,-0.000109,0.000632,0.000381,2e-06,-2.6e-05,-3.4e-05,-0.187582,0.112613,0.096288,-0.102522,0.402883,-0.867899,-0.290578,0.742157,0.12399,0.658656,-0.535618,-0.481016,0.694071,-0.024845,-0.044204,0.011547,0.057421,0.440703,0.02602,-1.106802
2501,0.147918,0.11066,0.301677,-0.506221,0.8071,-0.303932,-0.721439,-0.20314,0.661991,0.473179,0.553378,0.685493,-0.038777,-0.0856,0.025261,0.338696,-0.863745,-1.270699,-1.91345,-0.112198,-0.009196,0.413258,-0.395956,-0.615728,0.681241,0.352731,-0.786991,-0.506122,0.848232,0.040686,0.527929,-0.000501,0.002888,0.001734,0.00119,-0.009811,0.02707,0.002893,0.023705,0.030079,-0.011207,0.368973,0.590921,0.717405,-0.295189,0.806409,-0.512412,-0.881318,-0.022704,0.471977,-0.000175,0.001004,0.000604,1.4e-05,6e-06,-6e-06,-0.187745,0.111765,0.094642,-0.102063,0.409818,-0.861755,-0.299041,0.743126,0.125306,0.657313,-0.528971,-0.491604,0.691746,-0.019406,-0.042985,0.012514,-0.18261,0.261238,-0.137651,-1.113497
2502,0.146087,0.107009,0.302896,-0.508707,0.803094,-0.310326,-0.721782,-0.201255,0.662193,0.469978,0.559852,0.682432,-0.051643,-0.108151,0.038569,-0.143903,0.392451,-0.088202,-1.912966,-0.112172,-0.009116,0.413292,-0.39416,-0.614594,0.683303,0.352382,-0.787784,-0.505131,0.849211,0.042472,0.526212,-0.0002,0.00115,0.00069,-0.006701,0.078836,0.028873,0.002503,0.023717,0.030124,-0.011188,0.366984,0.589649,0.719469,-0.294695,0.80729,-0.511308,-0.882313,-0.024382,0.470029,-0.000115,0.000658,0.000393,-0.012038,0.081379,0.024791,-0.187745,0.110836,0.09279,-0.101445,0.418376,-0.855358,-0.305488,0.742152,0.128043,0.657886,-0.523613,-0.501963,0.688375,-0.025468,-0.047639,0.016707,-0.070286,0.417729,-0.048714,-1.120356
2503,0.144996,0.104981,0.303658,-0.511189,0.799499,-0.315488,-0.723697,-0.202302,0.65978,0.464302,0.564596,0.68241,-0.063009,-0.10503,0.041318,-0.065458,0.441153,0.019506,-1.91307,-0.11216,-0.009075,0.413314,-0.394262,-0.614482,0.683345,0.352318,-0.787873,-0.505036,0.849191,0.04243,0.526249,-0.000263,0.001516,0.000909,-9.8e-05,0.001152,0.000422,0.002753,0.023723,0.030144,-0.011176,0.367041,0.589636,0.71945,-0.294798,0.807298,-0.511236,-0.882255,-0.024448,0.470135,-0.000132,0.000754,0.000452,-0.002278,-0.00858,-0.006065,-0.187745,0.110315,0.091813,-0.101082,0.421876,-0.851728,-0.310769,0.743895,0.129227,0.655681,-0.518303,-0.507797,0.688115,-0.025462,-0.046204,0.017889,0.149689,-0.066782,0.762413,-1.124764
2504,0.142839,0.100988,0.305301,-0.516174,0.792438,-0.32504,-0.727403,-0.20516,0.654802,0.452843,0.573442,0.682732,-0.052237,-0.103774,0.042777,-0.002609,0.489227,0.104789,-1.912756,-0.112152,-0.008999,0.413323,-0.390325,-0.612566,0.687314,0.351815,-0.789161,-0.503374,0.851212,0.046117,0.522661,-0.00015,0.000866,0.000519,-0.029097,0.341186,0.124993,0.002948,0.023727,0.030182,-0.011172,0.363928,0.588194,0.722207,-0.294377,0.808267,-0.509946,-0.883683,-0.027018,0.467303,-8.6e-05,0.000489,0.000291,-0.004725,0.541338,0.238279,-0.187092,0.109213,0.089779,-0.100244,0.427498,-0.845357,-0.320337,0.747819,0.131588,0.65073,-0.507947,-0.51774,0.688428,-0.032111,-0.057431,0.024803,0.08792,0.457889,0.284281,-1.126234
2505,0.140452,0.096483,0.307201,-0.516831,0.788873,-0.332582,-0.731173,-0.204605,0.650765,0.445963,0.578529,0.68297,-0.066299,-0.129099,0.054905,-0.067254,0.580614,0.003154,-1.913052,-0.11218,-0.008887,0.413249,-0.388355,-0.61154,0.68934,0.351306,-0.78986,-0.502633,0.852321,0.047756,0.520703,-8.8e-05,0.000505,0.000303,-0.002545,0.0298,0.010928,0.002972,0.023713,0.030238,-0.011209,0.360517,0.586668,0.725153,-0.293813,0.809282,-0.50866,-0.885268,-0.029679,0.464131,-3.8e-05,0.000227,0.000136,-0.009595,0.000458,-0.008986,-0.186439,0.108025,0.087541,-0.099295,0.428369,-0.841974,-0.327991,0.751562,0.130477,0.646628,-0.50165,-0.523502,0.688688,-0.032765,-0.058273,0.024637,0.092502,0.616095,0.121022,-1.121499
2506,0.137714,0.091868,0.309247,-0.517493,0.783639,-0.343738,-0.738518,-0.206038,0.641959,0.432882,0.585091,0.68579,-0.067066,-0.12653,0.057748,0.13909,0.592393,0.354478,-1.912658,-0.112207,-0.0087,0.413043,-0.38454,-0.609306,0.693445,0.350135,-0.791391,-0.50104,0.854526,0.050914,0.516775,-0.001378,0.009252,-0.010187,0.029736,0.065566,0.047315,0.002703,0.0237,0.030331,-0.011312,0.356372,0.584458,0.728976,-0.292671,0.810765,-0.506955,-0.887323,-0.032686,0.459987,-0.000682,0.004603,-0.005105,0.0223,0.036022,0.027012,-0.186112,0.106657,0.085228,-0.098276,0.430524,-0.836472,-0.339061,0.758275,0.131444,0.638545,-0.489558,-0.532011,0.690866,-0.039025,-0.057109,0.025985,0.256163,0.215466,0.841061,-1.11807
2507,0.136233,0.089447,0.310349,-0.521503,0.77655,-0.353623,-0.74274,-0.209073,0.63608,0.42066,0.593402,0.686255,-0.06784,-0.127401,0.057626,0.222174,0.541352,0.249423,-1.912812,-0.112216,-0.008574,0.412905,-0.382586,-0.608212,0.695483,0.349471,-0.792135,-0.500326,0.855672,0.052416,0.514724,-0.001379,0.009256,-0.010183,0.026089,0.107773,0.062888,0.002904,0.023695,0.030394,-0.011381,0.354356,0.583426,0.730783,-0.292031,0.811452,-0.506223,-0.88834,-0.034028,0.457922,-0.000684,0.004616,-0.005097,0.021541,0.091751,0.051345,-0.186112,0.105917,0.084021,-0.097723,0.435157,-0.829902,-0.34914,0.762729,0.133742,0.632737,-0.478415,-0.54164,0.69119,-0.039314,-0.056847,0.026397,0.048798,-0.495437,0.127799,-1.115294
2508,0.133469,0.084679,0.312438,-0.52984,0.760398,-0.375646,-0.749049,-0.21175,0.627742,0.398447,0.613035,0.682243,-0.069564,-0.130353,0.056433,0.073104,-1.547303,1.834484,-1.913158,-0.112253,-0.008264,0.412618,-0.380751,-0.606866,0.697662,0.34819,-0.793099,-0.499692,0.85701,0.053442,0.512388,-0.001567,0.010333,-0.009534,0.034864,0.005834,0.025375,0.003045,0.023677,0.030548,-0.011526,0.352252,0.582163,0.732805,-0.290903,0.812313,-0.505492,-0.889546,-0.035115,0.455492,-0.000787,0.005209,-0.004742,0.03023,-0.016958,0.010795,-0.185786,0.104536,0.081642,-0.096675,0.443994,-0.816692,-0.368623,0.769403,0.136648,0.623974,-0.459223,-0.560661,0.689037,-0.03487,-0.065685,0.027882,-0.084962,0.465905,-0.137809,-1.112028
2509,0.130334,0.079484,0.314662,-0.537386,0.746869,-0.391725,-0.754398,-0.218,0.619138,0.377683,0.627304,0.681082,-0.083209,-0.131271,0.056778,2.282913,-3.181846,-3.360162,-1.912833,-0.112323,-0.007871,0.412324,-0.379102,-0.605263,0.69995,0.346666,-0.794266,-0.498897,0.858357,0.054296,0.510038,-0.001799,0.011673,-0.008728,0.035527,-0.001796,0.022558,0.00331,0.023643,0.030739,-0.01167,0.350497,0.580667,0.734831,-0.289493,0.813351,-0.504632,-0.890699,-0.035856,0.453176,-0.000951,0.00616,-0.004171,0.034594,-0.010167,0.017964,-0.185623,0.102974,0.079045,-0.095563,0.448682,-0.805517,-0.387072,0.776238,0.13663,0.615456,-0.442874,-0.576605,0.686577,-0.047514,-0.064936,0.028987,0.510827,-1.105027,1.966094,-1.101904
2510,0.128462,0.076914,0.315861,-0.539565,0.737415,-0.406368,-0.761002,-0.220551,0.610086,0.360929,0.637511,0.680689,-0.107443,-0.12623,0.061012,1.008252,-2.311554,0.714668,-1.912891,-0.112361,-0.007623,0.412154,-0.37874,-0.602428,0.702587,0.34671,-0.796257,-0.495682,0.858498,0.056635,0.509545,-0.001837,0.01189,-0.008597,0.034862,0.005769,0.025369,0.003155,0.023624,0.030859,-0.011751,0.349783,0.577707,0.7375,-0.289641,0.815346,-0.501315,-0.890931,-0.038259,0.452522,-0.001003,0.006466,-0.003985,0.031949,-0.024571,0.036768,-0.185296,0.102046,0.077754,-0.094968,0.455332,-0.795516,-0.399782,0.782077,0.142797,0.606599,-0.425472,-0.588865,0.687176,-0.047763,-0.063692,0.030063,2.496822,-3.10048,-3.26996,-1.098801
2511,0.124552,0.071883,0.318308,-0.541638,0.720358,-0.433311,-0.773064,-0.224296,0.593325,0.330886,0.655449,0.678917,-0.097439,-0.128015,0.060477,0.2264,-1.330668,1.617743,-1.913179,-0.112455,-0.007073,0.411766,-0.37846,-0.599325,0.705386,0.345862,-0.798479,-0.492692,0.858964,0.058274,0.508575,-0.003424,0.022339,-0.018047,0.063601,0.058367,-0.113111,0.003487,0.023577,0.031134,-0.011945,0.349341,0.574501,0.740208,-0.288898,0.817534,-0.498171,-0.891346,-0.039813,0.451571,-0.000918,0.005983,-0.004273,0.032713,-0.015319,0.011381,-0.185296,0.100052,0.075195,-0.09372,0.459399,-0.778094,-0.428392,0.79512,0.145282,0.588791,-0.395898,-0.611114,0.685421,-0.048762,-0.064193,0.030174,0.206757,-1.308324,1.58875,-1.094392
2512,0.1209,0.066315,0.320739,-0.537977,0.714305,-0.447655,-0.780222,-0.220795,0.585213,0.319846,0.663214,0.676663,-0.089231,-0.14675,0.063029,0.474934,-1.180032,1.923867,-1.913125,-0.112544,-0.006428,0.411268,-0.376108,-0.595221,0.710103,0.344526,-0.801304,-0.489027,0.86053,0.061488,0.50554,-0.001856,0.011998,-0.008523,0.032874,0.027831,0.033691,0.004259,0.023532,0.031463,-0.012197,0.346387,0.570365,0.744781,-0.287633,0.820266,-0.494399,-0.892906,-0.04297,0.448185,-0.001664,0.010936,-0.009156,0.060481,-0.003898,0.034518,-0.184806,0.09826,0.072469,-0.092525,0.458425,-0.771277,-0.441561,0.799943,0.14162,0.583124,-0.387217,-0.620543,0.681901,-0.050867,-0.073397,0.031545,-0.265067,0.57729,-0.461984,-1.093413
2513,0.118842,0.06341,0.322073,-0.540845,0.70564,-0.457825,-0.784745,-0.227286,0.576618,0.303497,0.67026,0.677251,-0.101573,-0.14122,0.067571,0.498048,-1.139851,1.707083,-1.913152,-0.112579,-0.006071,0.410985,-0.373523,-0.591515,0.71455,0.344152,-0.803737,-0.485283,0.861802,0.06541,0.502873,-0.003282,0.021518,-0.01852,0.053635,0.185477,0.116865,0.00491,0.023516,0.031633,-0.012331,0.343991,0.566692,0.748685,-0.287371,0.822623,-0.490621,-0.893916,-0.046381,0.445826,-0.00157,0.010398,-0.009474,0.05163,0.286817,0.159697,-0.18399,0.097276,0.071058,-0.091893,0.461793,-0.763103,-0.452128,0.805588,0.147527,0.573814,-0.371178,-0.629213,0.682874,-0.050939,-0.071406,0.033246,0.609099,0.117723,0.180623,-1.094556
2514,0.11463,0.058416,0.324731,-0.538112,0.695532,-0.476147,-0.798624,-0.239983,0.551888,0.270253,0.676375,0.685206,-0.100592,-0.121343,0.06737,0.436976,0.862658,0.109864,-1.912957,-0.11267,-0.00547,0.410474,-0.368509,-0.587054,0.720805,0.343059,-0.806563,-0.481352,0.864387,0.070652,0.497701,-0.003185,0.02096,-0.01884,0.058016,0.145812,0.132564,0.003826,0.023468,0.031946,-0.012597,0.337977,0.562205,0.754782,-0.286408,0.825377,-0.48654,-0.896516,-0.051736,0.439978,-0.001566,0.010383,-0.009476,0.054178,0.125392,0.115254,-0.18399,0.095088,0.068448,-0.090518,0.459353,-0.752239,-0.472366,0.821537,0.157591,0.547942,-0.337742,-0.639766,0.690382,-0.050287,-0.060534,0.033859,0.347673,0.834742,0.076342,-1.097658
2515,0.110722,0.053646,0.327457,-0.535481,0.689609,-0.48759,-0.807205,-0.248011,0.535613,0.249098,0.679539,0.690075,-0.1004,-0.10642,0.063258,0.159676,0.45273,-0.261016,-1.913059,-0.112725,-0.004961,0.40993,-0.364768,-0.581242,0.727388,0.343128,-0.810187,-0.475177,0.865941,0.077006,0.494043,-0.001381,0.009262,-0.010139,0.017716,0.023857,0.050177,0.0045,0.023441,0.032195,-0.012861,0.333433,0.556264,0.761177,-0.286857,0.82896,-0.480142,-0.898072,-0.058254,0.43597,-0.001366,0.00923,-0.010157,-0.121879,-0.097172,0.209555,-0.184153,0.093206,0.066152,-0.089202,0.456045,-0.746978,-0.483782,0.831593,0.164059,0.530601,-0.316978,-0.644288,0.696,-0.050177,-0.05315,0.031708,1.533845,-1.933918,0.358076,-1.098965
2516,0.107096,0.049803,0.329992,-0.532493,0.679883,-0.504239,-0.81817,-0.26064,0.51248,0.217659,0.6846,0.695683,-0.086028,-0.088668,0.061172,0.4684,0.616109,0.241386,-1.912782,-0.112753,-0.004571,0.409491,-0.360929,-0.575542,0.733808,0.343614,-0.813598,-0.468957,0.867352,0.083627,0.490479,-0.001402,0.009378,-0.010065,0.019683,0.178574,0.091642,0.004189,0.023428,0.032389,-0.013081,0.329601,0.550969,0.766678,-0.287741,0.832045,-0.474242,-0.899204,-0.064294,0.432779,-0.000691,0.004685,-0.005034,0.015441,0.355692,-0.049644,-0.18399,0.09139,0.064207,-0.087935,0.455641,-0.736088,-0.500564,0.842692,0.175502,0.508986,-0.286808,-0.653737,0.700262,-0.042883,-0.043827,0.031033,0.570433,-1.458468,1.713636,-1.095372
2517,0.10549,0.048321,0.331073,-0.535617,0.670081,-0.513956,-0.820938,-0.27038,0.502919,0.198694,0.690465,0.695562,-0.084948,-0.075437,0.055182,0.086217,0.273608,0.039245,-1.912579,-0.112788,-0.004403,0.409322,-0.36365,-0.572653,0.734724,0.345146,-0.815454,-0.464589,0.865608,0.085376,0.493251,-0.00154,0.010172,-0.00959,-0.013866,-0.023227,0.074318,0.005097,0.023409,0.032478,-0.013174,0.331766,0.547845,0.767981,-0.289595,0.833928,-0.469784,-0.897811,-0.066546,0.435323,-0.00077,0.005138,-0.004762,-0.014543,-0.041763,0.061127,-0.183663,0.09055,0.063431,-0.087366,0.458192,-0.727923,-0.510085,0.847637,0.185112,0.497236,-0.267527,-0.660197,0.701832,-0.042395,-0.037315,0.02796,0.199141,0.008651,0.262286,-1.093739
2518,0.102757,0.045607,0.333036,-0.540593,0.657452,-0.52494,-0.823416,-0.285417,0.490402,0.173257,0.696535,0.696311,-0.058635,-0.065491,0.047078,-0.057202,-0.182583,0.218025,-1.912824,-0.112906,-0.00402,0.409038,-0.367135,-0.565703,0.738365,0.347999,-0.819723,-0.454846,0.862994,0.090689,0.496871,-0.000539,0.003101,0.001847,-0.55227,-0.204545,0.407729,0.005885,0.023352,0.032662,-0.013315,0.333529,0.542349,0.771112,-0.291871,0.837165,-0.462563,-0.896419,-0.070787,0.437515,-0.000903,0.005893,-0.00431,0.039661,-0.005851,0.016182,-0.182357,0.089195,0.062097,-0.086397,0.464278,-0.716633,-0.520462,0.851602,0.199745,0.484638,-0.243348,-0.668234,0.703024,-0.028762,-0.026959,0.019844,0.735006,-0.950895,-0.865245,-1.097985
2519,0.100625,0.043371,0.334793,-0.543621,0.645854,-0.536092,-0.826354,-0.299783,0.476698,0.147837,0.701342,0.697346,-0.056432,-0.048723,0.043734,0.092131,0.018017,0.433714,-1.912749,-0.113178,-0.003595,0.408745,-0.369823,-0.562668,0.739342,0.34887,-0.821665,-0.450657,0.861496,0.091995,0.499225,-0.014897,0.011333,-0.007838,0.034817,0.002289,0.01993,0.013526,0.023221,0.032871,-0.013457,0.337493,0.537688,0.77265,-0.294059,0.839952,-0.456079,-0.894218,-0.073282,0.44159,-0.007414,0.005506,-0.004009,0.038991,0.014424,-0.011545,-0.180397,0.088122,0.060964,-0.085519,0.469583,-0.704534,-0.532092,0.855348,0.213683,0.47193,-0.218792,-0.676734,0.702964,-0.028786,-0.029993,0.025783,0.317106,0.10958,0.409598,-1.103537
2520,0.099657,0.042375,0.335689,-0.546412,0.636972,-0.543825,-0.827218,-0.308756,0.469416,0.13177,0.705565,0.696306,-0.056032,-0.046726,0.045334,0.044254,-0.026991,0.108783,-1.912588,-0.113374,-0.003347,0.408589,-0.37142,-0.560825,0.739942,0.349066,-0.822867,-0.448304,0.86073,0.092501,0.50045,-0.014962,0.011763,-0.007583,0.018885,0.005368,0.008275,0.025373,0.023122,0.033,-0.013538,0.339023,0.53575,0.773327,-0.294312,0.841147,-0.453709,-0.893556,-0.073782,0.442846,-0.00116,0.007395,-0.003411,-0.010434,-0.036904,0.099593,-0.171416,0.087622,0.060447,-0.085055,0.472463,-0.696636,-0.539884,0.85767,0.22237,0.46363,-0.202927,-0.682091,0.702546,-0.022214,-0.02994,0.025976,0.186715,-0.299727,0.037392,-1.105006
2521,0.097942,0.040174,0.337624,-0.549801,0.621837,-0.557748,-0.829366,-0.326735,0.453175,0.100244,0.710961,0.69607,-0.044887,-0.060653,0.051506,0.417894,-0.107634,0.167763,-1.912727,-0.113899,-0.002759,0.408282,-0.37306,-0.55869,0.740732,0.348415,-0.824332,-0.446115,0.860287,0.092374,0.501235,-0.016611,0.022777,-0.016662,0.069248,0.009779,0.015161,0.033392,0.022866,0.033285,-0.013686,0.340531,0.533588,0.774159,-0.293776,0.842528,-0.451487,-0.893159,-0.073684,0.443662,-0.007652,0.006984,-0.003132,0.037349,0.002892,0.017986,-0.153128,0.086762,0.059358,-0.084084,0.478071,-0.681378,-0.55423,0.861107,0.239292,0.44859,-0.173037,-0.691709,0.701138,-0.016113,-0.031448,0.025034,1.272245,-0.620162,-0.372775,-1.105496
2522,0.09665,0.037827,0.3395,-0.550193,0.612892,-0.567182,-0.830962,-0.33455,0.444467,0.083339,0.715087,0.694069,-0.03232,-0.06276,0.050365,-0.039007,-0.081285,0.398719,-1.913048,-0.114533,-0.002164,0.408024,-0.37314,-0.558154,0.741096,0.346926,-0.824817,-0.446377,0.860855,0.091263,0.500464,-0.029699,0.022839,-0.015588,0.068532,0.014462,0.0127,0.034128,0.022537,0.033596,-0.013824,0.340568,0.533029,0.774527,-0.292152,0.842988,-0.451682,-0.893677,-0.072451,0.44282,-0.014857,0.011487,-0.007744,0.068954,0.014269,0.012953,-0.147413,0.086099,0.058162,-0.083126,0.478906,-0.673116,-0.563527,0.863906,0.247345,0.438732,-0.155931,-0.696946,0.699964,-0.016184,-0.031373,0.025217,-0.055343,-0.09185,0.393933,-1.105333
2523,0.095302,0.035444,0.341519,-0.548587,0.609725,-0.57213,-0.833596,-0.345676,0.430811,0.065582,0.712505,0.698615,-0.032908,-0.071458,0.060477,0.222799,0.304419,0.417425,-1.912175,-0.115407,-0.001448,0.407527,-0.372857,-0.557839,0.741475,0.344944,-0.825196,-0.447213,0.861773,0.089739,0.499157,-0.029211,0.020332,-0.017069,0.068594,0.014194,0.012577,0.032332,0.022121,0.033944,-0.014057,0.340286,0.532714,0.774867,-0.290186,0.843317,-0.452336,-0.894425,-0.070932,0.441555,-0.008208,0.011089,-0.008494,0.070894,-0.001173,0.042004,-0.147739,0.085436,0.056994,-0.082142,0.47858,-0.668832,-0.568878,0.867066,0.257865,0.426263,-0.138404,-0.697257,0.703331,-0.016047,-0.030592,0.025934,0.323143,0.164647,0.519564,-1.10174
2524,0.094591,0.034305,0.342584,-0.549933,0.606758,-0.57399,-0.833263,-0.351327,0.426863,0.058023,0.712276,0.699516,-0.031159,-0.05792,0.054431,0.213772,-0.177115,-0.060799,-1.912481,-0.115963,-0.001001,0.407095,-0.370611,-0.556544,0.743571,0.343299,-0.826006,-0.446984,0.863396,0.090327,0.496238,-0.030307,0.028232,-0.027961,0.094882,0.113359,0.044056,0.031948,0.021844,0.034162,-0.014264,0.337897,0.531387,0.776822,-0.28843,0.844119,-0.451962,-0.895897,-0.071342,0.438494,-0.014406,0.009126,-0.009129,0.055169,0.154133,0.03633,-0.148392,0.08508,0.056418,-0.081609,0.478934,-0.667494,-0.570151,0.868087,0.263527,0.420686,-0.130555,-0.696422,0.705656,-0.015672,-0.029184,0.027062,0.866111,-0.676565,-0.911829,-1.10272
2525,0.093211,0.032216,0.344788,-0.559435,0.596211,-0.575856,-0.827951,-0.368644,0.422575,0.040348,0.712442,0.700589,-0.04155,-0.039536,0.05186,-0.134918,0.010793,0.003689,-1.913127,-0.117282,-7e-06,0.405979,-0.365748,-0.554176,0.747736,0.339512,-0.827517,-0.447082,0.866955,0.091059,0.489858,-0.042545,0.023717,-0.029557,0.065626,0.437908,0.138883,0.023867,0.021177,0.034673,-0.014832,0.333957,0.529759,0.779633,-0.284675,0.845181,-0.452358,-0.898572,-0.070874,0.433064,-0.015585,0.017597,-0.019661,0.129042,0.668236,0.329069,-0.155904,0.084393,0.055364,-0.080507,0.489734,-0.657752,-0.572294,0.864546,0.281454,0.416343,-0.112775,-0.698673,0.706496,-0.014934,-0.02647,0.029251,-0.149039,-0.16737,0.096099,-1.101414
2526,0.092019,0.030576,0.347009,-0.580832,0.57113,-0.580077,-0.814007,-0.399901,0.421241,0.009327,0.716146,0.697907,-0.02694,-0.035824,0.055046,-0.084718,-0.057849,-0.045911,-1.913043,-0.118841,0.001186,0.404709,-0.367234,-0.548328,0.75131,0.338187,-0.831213,-0.441189,0.866846,0.09277,0.489728,-0.030277,0.029215,-0.027309,0.094392,0.086972,-0.148571,0.026714,0.020394,0.03526,-0.015472,0.333684,0.522968,0.784321,-0.283603,0.849154,-0.44554,-0.899013,-0.073766,0.431664,-0.02141,0.01319,-0.013952,0.10225,0.021649,-0.039324,-0.153618,0.083791,0.054541,-0.079399,0.513822,-0.63492,-0.576941,0.853921,0.313855,0.415105,-0.082483,-0.705953,0.703438,-0.013254,-0.017104,0.028162,0.110674,-0.330122,-0.106017,-1.096679
2527,0.091502,0.029922,0.348166,-0.588606,0.551489,-0.591142,-0.808248,-0.417721,0.414991,-0.017343,0.721368,0.692354,-0.025554,-0.031218,0.058561,-0.074385,-0.308073,0.383966,-1.912679,-0.119647,0.001774,0.404158,-0.373768,-0.54115,0.75329,0.341314,-0.835445,-0.430663,0.862825,0.096838,0.496003,-0.043245,0.029321,-0.026214,-1.680661,-0.90336,1.905597,0.024537,0.020012,0.035541,-0.015739,0.33859,0.517242,0.786013,-0.286398,0.852371,-0.437538,-0.896288,-0.076967,0.436741,-0.01516,0.015019,-0.01338,0.099945,0.01569,0.007804,-0.154597,0.083541,0.054221,-0.078847,0.524306,-0.616472,-0.587421,0.849621,0.332567,0.409319,-0.056977,-0.713694,0.698135,-0.012896,-0.015944,0.029051,0.888829,-2.250488,1.714119,-1.100108
2528,0.090615,0.029014,0.350363,-0.614079,0.501131,-0.60977,-0.785129,-0.466908,0.406868,-0.080054,0.727973,0.680935,-0.022596,-0.01425,0.054791,3.057951,-2.61287,-3.621654,-1.913131,-0.121347,0.002763,0.403353,-0.385315,-0.528855,0.756198,0.350894,-0.841918,-0.409856,0.853865,0.108103,0.50901,-0.042168,0.022602,-0.014672,-0.481592,-0.176089,0.374182,0.022724,0.019146,0.036048,-0.016157,0.350654,0.503314,0.789756,-0.297731,0.859463,-0.415545,-0.887917,-0.089423,0.451226,-0.027444,0.01043,-0.007334,-1.723096,-0.803542,1.671067,-0.157047,0.083087,0.05375,-0.077724,0.550889,-0.572893,-0.606888,0.834577,0.379074,0.399728,0.001054,-0.726701,0.686951,-0.011319,-0.007076,0.027461,-0.396197,-0.522055,-0.004425,-1.098475
2529,0.089912,0.028448,0.352569,-0.639239,0.444475,-0.627583,-0.755423,-0.515785,0.404072,-0.143309,0.731835,0.666263,-0.021711,-0.011464,0.056769,3.020744,-3.062668,-3.39772,-1.913039,-0.123324,0.003616,0.40292,-0.3943,-0.51963,0.75796,0.364354,-0.845611,-0.390028,0.844076,0.123047,0.521784,-0.053951,0.01547,-0.002426,-0.037522,0.161393,-0.357874,0.019346,0.018183,0.036467,-0.016374,0.359901,0.49301,0.792093,-0.312355,0.86366,-0.395631,-0.87915,-0.105026,0.464826,-0.026929,0.007457,-0.001345,-0.564287,-0.096719,0.184019,-0.160476,0.08274,0.053476,-0.076639,0.58234,-0.520654,-0.624338,0.810495,0.431409,0.39621,0.063057,-0.736752,0.673215,-0.00444,-0.006885,0.027663,0.929143,-0.943761,-0.637201,-1.101251
2530,0.089536,0.0281,0.354664,-0.665765,0.371394,-0.647201,-0.712708,-0.573392,0.404031,-0.220223,0.729791,0.647251,-0.007653,-0.010097,0.057844,0.017511,-0.677785,0.072867,-1.91274,-0.125265,0.004392,0.402728,-0.396753,-0.5171,0.75841,0.375087,-0.845451,-0.380073,0.838204,0.134341,0.528422,-0.054092,0.017917,-0.001068,0.019282,0.109869,-0.224445,0.022849,0.017192,0.036864,-0.016474,0.362002,0.490678,0.792583,-0.323882,0.863485,-0.386644,-0.874102,-0.116737,0.471505,-0.020682,0.009575,-0.000635,0.01791,0.185653,-0.415276,-0.160313,0.082543,0.053296,-0.075571,0.619954,-0.445547,-0.645867,0.771342,0.496955,0.397574,0.14383,-0.744662,0.651759,-0.003951,-0.005348,0.028719,0.789121,-1.164784,-0.743589,-1.090637
2531,0.089405,0.02788,0.355824,-0.677095,0.329144,-0.658219,-0.687726,-0.60136,0.406657,-0.261141,0.727609,0.634364,-0.007613,-0.009989,0.05784,3.24902,-2.977013,-3.31308,-1.912814,-0.126212,0.004813,0.402636,-0.398766,-0.515716,0.758297,0.373284,-0.84659,-0.379314,0.838056,0.132467,0.52913,-0.041357,0.019773,-0.001014,0.022597,0.09533,-0.196596,0.024346,0.016713,0.037076,-0.016519,0.363924,0.489292,0.79256,-0.322068,0.864524,-0.385834,-0.873974,-0.114844,0.472207,-0.026955,0.008687,-0.000673,0.025056,0.124593,-0.259725,-0.158026,0.082479,0.053188,-0.074989,0.633283,-0.409155,-0.656919,0.752546,0.523661,0.399314,0.180622,-0.747241,0.639534,-0.003969,-0.005408,0.028637,-0.299559,-1.004694,-0.139205,-1.090637
2532,0.089168,0.027384,0.358026,-0.690228,0.255163,-0.677143,-0.64374,-0.64391,0.413462,-0.329666,0.720968,0.609551,-0.009634,-0.023796,0.064029,0.497161,-1.401349,-1.05186,-1.913078,-0.128227,0.005807,0.402203,-0.405701,-0.507819,0.759946,0.35403,-0.853876,-0.381435,0.843081,0.11495,0.525229,-0.054538,0.023605,-0.013219,0.059425,0.216218,0.025553,0.012795,0.01573,0.037568,-0.016717,0.370843,0.481457,0.794149,-0.302538,0.871106,-0.386837,-0.878035,-0.096804,0.468703,-0.020962,0.012639,-0.006579,0.057034,0.411919,-0.065097,-0.163415,0.082362,0.052959,-0.073905,0.654692,-0.338465,-0.675883,0.713579,0.571711,0.404907,0.249363,-0.747386,0.615817,-0.004298,-0.006455,0.027811,-0.023816,-0.640217,-0.145262,-1.089494
2533,0.088871,0.026518,0.360288,-0.694017,0.197312,-0.692426,-0.60854,-0.674736,0.417591,-0.383951,0.710937,0.589217,-0.011051,-0.028343,0.06075,-0.144669,-0.815131,-0.054813,-1.913076,-0.130367,0.007004,0.401261,-0.403746,-0.505603,0.762461,0.351519,-0.855194,-0.380805,0.845065,0.114923,0.522035,-0.056398,0.039053,-0.034971,0.136665,0.052605,0.003731,0.010907,0.01464,0.038176,-0.017187,0.367989,0.478911,0.797011,-0.299998,0.87247,-0.385741,-0.880104,-0.097153,0.464732,-0.027472,0.014096,-0.012909,0.097634,0.042189,-0.065283,-0.170273,0.082217,0.052527,-0.072748,0.666437,-0.276737,-0.692298,0.678708,0.609497,0.409716,0.30857,-0.742919,0.594016,0.000876,-0.015346,0.02962,0.509034,-1.399143,-0.952113,-1.093086
2534,0.088718,0.025888,0.361467,-0.694356,0.173186,-0.698514,-0.590895,-0.69125,0.415918,-0.409958,0.701326,0.583183,0.000626,-0.034437,0.056595,0.146442,-0.48836,0.17154,-1.912977,-0.131608,0.007759,0.40052,-0.398988,-0.503425,0.766396,0.348611,-0.856351,-0.380877,0.848519,0.115858,0.516193,-0.06984,0.044805,-0.045962,0.165039,0.212171,0.027868,0.008539,0.014045,0.038539,-0.01754,0.363188,0.476926,0.800396,-0.297111,0.873491,-0.385664,-0.883073,-0.097738,0.458942,-0.027914,0.017841,-0.018394,0.129644,0.274582,0.066471,-0.172723,0.082141,0.052228,-0.072177,0.669318,-0.252267,-0.698837,0.66333,0.626585,0.409126,0.334672,-0.737395,0.586721,-0.006075,-0.015925,0.029179,3.692558,-2.535909,-2.7824,-1.097005
2535,0.088431,0.024419,0.363694,-0.696127,0.116362,-0.708458,-0.543733,-0.729839,0.414321,-0.467988,0.673484,0.572218,-0.013281,-0.035458,0.055823,0.175998,-0.326789,-0.032349,-1.913283,-0.133998,0.009422,0.398729,-0.403868,-0.488221,0.773642,0.336512,-0.865695,-0.370493,0.851099,0.11134,0.512929,-0.070476,0.051696,-0.057151,-0.255206,-0.966832,3.007433,0.003201,0.012803,0.039399,-0.018467,0.367422,0.462845,0.806706,-0.285692,0.881606,-0.375698,-0.885087,-0.09243,0.456153,-0.035204,0.025649,-0.028668,-0.217732,-0.803365,3.113379,-0.181704,0.081997,0.05148,-0.071043,0.677105,-0.195517,-0.709436,0.620058,0.670766,0.406939,0.396303,-0.715433,0.575411,-0.000735,-0.024124,0.03157,1.004715,-0.800506,-0.654527,-1.096842
2536,0.088082,0.022781,0.365963,-0.694712,0.077801,-0.7151,-0.509927,-0.754443,0.413233,-0.506494,0.651627,0.564689,-0.015181,-0.048795,0.062777,3.761407,-2.371535,-2.879265,-1.912398,-0.136588,0.011384,0.396489,-0.411924,-0.472371,0.779215,0.327314,-0.87479,-0.357131,0.850836,0.108548,0.513964,-0.069902,0.049336,-0.058309,-0.321482,-0.099864,0.378426,0.003032,0.011508,0.040379,-0.019587,0.373858,0.445135,0.813685,-0.276647,0.890886,-0.36026,-0.885266,-0.090418,0.45621,-0.034904,0.024534,-0.029184,-0.368782,-0.171512,0.405119,-0.18448,0.081823,0.050665,-0.069912,0.678961,-0.161026,-0.716297,0.592863,0.695725,0.405559,0.433041,-0.700026,0.567837,-0.007046,-0.018887,0.027158,-0.130487,-0.108398,0.248016,-1.099291
2537,0.08762,0.020968,0.368213,-0.695622,0.03642,-0.717516,-0.467862,-0.780886,0.413876,-0.544365,0.623552,0.561139,-0.003271,-0.054256,0.059268,3.772932,-2.291386,-3.00288,-1.913055,-0.139203,0.013572,0.394056,-0.415168,-0.45372,0.788521,0.325021,-0.883541,-0.337122,0.850142,0.11691,0.513278,-0.069753,0.050988,-0.057157,0.1349,0.660762,-0.11108,0.000951,0.010227,0.041449,-0.020785,0.378004,0.426962,0.821471,-0.275864,0.898944,-0.340289,-0.883748,-0.097984,0.457588,-0.035437,0.030285,-0.033378,0.068144,0.563856,0.200979,-0.185949,0.081588,0.04976,-0.068786,0.684442,-0.120157,-0.719097,0.554125,0.726716,0.40599,0.473797,-0.676347,0.563977,-0.007594,-0.020601,0.026032,-0.136418,-0.114849,0.246355,-1.102884
2538,0.087404,0.019986,0.369349,-0.694388,0.01808,-0.719405,-0.449075,-0.792047,0.413479,-0.561468,0.610156,0.559008,-0.016488,-0.052867,0.060214,-0.095366,-0.045284,-0.007152,-1.911786,-0.14041,0.01474,0.392837,-0.422114,-0.441913,0.791532,0.322494,-0.889235,-0.324334,0.847687,0.118931,0.51686,-0.057277,0.054247,-0.05613,-0.321532,0.046753,0.310363,-0.005131,0.009619,0.042029,-0.021397,0.382374,0.414344,0.825898,-0.273397,0.904534,-0.327218,-0.882634,-0.100678,0.459151,-0.029232,0.032108,-0.032765,-1.444147,-0.672152,1.901092,-0.188072,0.081486,0.049285,-0.068237,0.685905,-0.098001,-0.721061,0.532545,0.74288,0.405614,0.495912,-0.662211,0.561736,-0.007618,-0.020677,0.026022,1.034545,-0.694761,-0.842642,-1.100761
2539,0.086948,0.018184,0.371421,-0.696198,-0.021954,-0.717546,-0.39752,-0.820521,0.410724,-0.596917,0.571208,0.563416,-0.015602,-0.04266,0.051278,1.391426,-0.188543,-0.588082,-1.910582,-0.142411,0.017042,0.390505,-0.427236,-0.423621,0.798753,0.326744,-0.896088,-0.30033,0.843487,0.133224,0.520234,-0.044604,0.056278,-0.055681,-0.299539,-0.052895,0.526036,-0.017293,0.008613,0.04318,-0.022563,0.386338,0.395912,0.833064,-0.279073,0.911031,-0.303544,-0.879125,-0.115215,0.462454,-0.016047,0.028718,-0.027959,-1.46373,-0.617034,1.778061,-0.198359,0.081256,0.04836,-0.067182,0.6913,-0.057383,-0.720285,0.485505,0.775175,0.404211,0.535153,-0.629133,0.563739,-0.007892,-0.021593,0.02551,3.823214,-2.235969,-3.01996,-1.097985
2540,0.086361,0.016558,0.373463,-0.702813,-0.053655,-0.70938,-0.354431,-0.83819,0.414472,-0.615964,0.542786,0.570962,-0.014939,-0.040472,0.052929,-0.146918,0.12211,-0.069416,-1.909899,-0.143523,0.01901,0.388538,-0.429308,-0.405378,0.807066,0.328879,-0.902431,-0.278193,0.841605,0.146521,0.519707,-0.018211,0.04696,-0.047593,0.020361,0.515271,0.110194,-0.019944,0.008047,0.044171,-0.023546,0.388819,0.377818,0.840281,-0.282854,0.916952,-0.281408,-0.876819,-0.12826,0.463396,-0.008445,0.018063,-0.019336,-0.374341,0.481038,0.844188,-0.206197,0.08096,0.047541,-0.066165,0.702022,-0.027788,-0.711612,0.443207,0.799193,0.406026,0.557432,-0.600431,0.573368,-0.007494,-0.020205,0.026488,-0.184596,0.071542,-0.085245,-1.096025
2541,0.08606,0.015829,0.374489,-0.707126,-0.070104,-0.703636,-0.333564,-0.844348,0.419266,-0.622631,0.531264,0.574558,-0.014617,-0.039416,0.053717,-0.23103,0.245704,-0.270286,-1.910386,-0.143721,0.019877,0.38764,-0.432067,-0.394328,0.811058,0.328244,-0.906421,-0.265689,0.840443,0.15194,0.520031,-0.004461,0.036918,-0.039125,0.108622,0.189206,0.251628,-0.01966,0.007943,0.044609,-0.023998,0.389829,0.365974,0.845041,-0.282757,0.92088,-0.268378,-0.876402,-0.13432,0.462468,-0.002761,0.023124,-0.024409,0.030514,0.269193,0.217491,-0.20734,0.080809,0.047176,-0.065652,0.707875,-0.011763,-0.706238,0.4233,0.807485,0.410832,0.565445,-0.589769,0.576578,-0.007296,-0.019569,0.026959,-0.438637,0.603274,-0.793289,-1.096515
2542,0.085495,0.014407,0.376471,-0.705239,-0.103616,-0.701389,-0.296077,-0.855852,0.424062,-0.643352,0.506855,0.57378,-0.000955,-0.032299,0.042623,1.028309,-0.645515,-0.991346,-1.910531,-0.143323,0.021185,0.386213,-0.426133,-0.378573,0.821635,0.318342,-0.912893,-0.255377,0.847251,0.153227,0.508478,0.021654,0.028169,-0.03086,0.127099,0.548896,0.410168,-0.019724,0.008133,0.045264,-0.024715,0.383666,0.351195,0.854085,-0.273622,0.926565,-0.258084,-0.882003,-0.134678,0.451586,0.004696,0.012916,-0.015635,0.145295,0.78454,0.676645,-0.207667,0.080522,0.046465,-0.064656,0.709669,0.020827,-0.704227,0.388757,0.822041,0.416072,0.587569,-0.569047,0.57528,-0.006932,-0.014803,0.02225,3.739994,-2.274557,-3.246705,-1.098964
2543,0.084864,0.013223,0.378353,-0.695477,-0.145267,-0.703744,-0.249836,-0.869387,0.426286,-0.67289,0.472469,0.569227,-0.012903,-0.026587,0.046508,-0.038656,-0.000406,-0.155775,-1.910022,-0.142137,0.022033,0.385226,-0.416839,-0.359101,0.835035,0.307121,-0.920271,-0.242307,0.855966,0.15592,0.492823,0.047743,0.019545,-0.022602,0.089725,0.703573,0.506566,-0.018894,0.008716,0.045692,-0.025211,0.373165,0.332017,0.86632,-0.263092,0.93331,-0.244365,-0.889679,-0.136734,0.43563,0.017654,0.009484,-0.011016,0.099969,0.718456,0.697531,-0.207667,0.08021,0.045866,-0.063719,0.704205,0.06462,-0.707049,0.342969,0.840994,0.41845,0.621665,-0.537171,0.57007,-0.006383,-0.01298,0.023474,0.227737,-0.141269,-0.323487,-1.098311
2544,0.084198,0.012282,0.380197,-0.682698,-0.189337,-0.705776,-0.208266,-0.875391,0.43622,-0.699578,0.445027,0.559079,-0.025429,-0.022648,0.049143,-0.094518,-0.169094,-0.020044,-1.910082,-0.140379,0.022423,0.384748,-0.402977,-0.340782,0.849393,0.298901,-0.926202,-0.229656,0.865449,0.161781,0.474011,0.049959,0.001851,-0.002698,0.013153,0.514748,0.400162,-0.010014,0.009614,0.045889,-0.025461,0.356451,0.312672,0.880441,-0.255081,0.939108,-0.230236,-0.898819,-0.142516,0.414503,0.024987,0.000989,-0.001341,0.013238,0.521169,0.403263,-0.203911,0.079872,0.045388,-0.062779,0.696123,0.11016,-0.709419,0.302351,0.851265,0.428871,0.651149,-0.513041,0.559279,-0.012749,-0.011331,0.024572,-0.050668,-0.118044,0.002327,-1.098638
2545,0.083916,0.011868,0.38103,-0.675638,-0.20879,-0.707083,-0.190194,-0.877258,0.4407,-0.711471,0.432491,0.553883,-0.025743,-0.0236,0.048513,0.979416,-0.714469,-1.049504,-1.910142,-0.139308,0.022519,0.384654,-0.395211,-0.330491,0.857074,0.294953,-0.929283,-0.222193,0.870364,0.165413,0.463645,0.049886,0.00273,-0.002202,0.013066,0.814171,0.547838,-0.004106,0.010131,0.045936,-0.025508,0.349458,0.303852,0.886314,-0.25195,0.941586,-0.223461,-0.902441,-0.145217,0.4056,0.031176,0.001846,-0.001331,0.011208,0.260997,0.311444,-0.198686,0.079732,0.045183,-0.06236,0.69123,0.12993,-0.710857,0.28501,0.854943,0.433405,0.664056,-0.502184,0.553931,-0.012896,-0.011791,0.024276,1.036101,-0.669105,-1.035097,-1.095862
2546,0.083102,0.011125,0.382694,-0.659118,-0.244635,-0.71117,-0.159812,-0.878479,0.450229,-0.734074,0.410707,0.540817,-0.026241,-0.025076,0.047547,-0.532155,-0.441548,-0.344475,-1.910436,-0.136958,0.02265,0.384626,-0.386926,-0.308874,0.868836,0.289448,-0.935284,-0.203462,0.87591,0.173161,0.450178,0.062084,0.006271,-0.001129,-0.001269,0.357086,0.381293,-0.000257,0.011324,0.046002,-0.025522,0.338073,0.280725,0.898276,-0.247065,0.947471,-0.203115,-0.90811,-0.153265,0.389671,0.031039,0.003245,-0.000542,0.002812,0.33131,0.358705,-0.191664,0.079336,0.044824,-0.061544,0.67974,0.165578,-0.714518,0.254101,0.86069,0.441184,0.688029,-0.48145,0.542973,-0.012683,-0.007439,0.019146,-0.14214,0.019222,-0.112146,-1.093576
2547,0.08197,0.01005,0.384411,-0.62648,-0.305239,-0.717215,-0.10694,-0.877795,0.466917,-0.771313,0.369588,0.518177,-0.028286,-0.031164,0.043491,3.202029,-3.448514,-3.185527,-1.910343,-0.134193,0.022796,0.384767,-0.392151,-0.274996,0.877831,0.286076,-0.943399,-0.167608,0.8747,0.185758,0.447501,0.07567,-0.001094,0.008705,-0.050787,0.102778,0.541933,0.017564,0.012651,0.046074,-0.025453,0.341752,0.247293,0.90667,-0.245969,0.954665,-0.167671,-0.90703,-0.165711,0.387085,0.037824,-0.000492,0.004337,-0.441404,-0.077966,1.264465,-0.184153,0.078784,0.04431,-0.0607,0.655776,0.224962,-0.720658,0.206326,0.864826,0.457716,0.726213,-0.44885,0.520717,-0.014336,-0.016103,0.021403,-0.50497,-0.686239,-0.309337,-1.098148
2548,0.081405,0.00932,0.385299,-0.613086,-0.324031,-0.720537,-0.09728,-0.874138,0.475806,-0.783266,0.362202,0.505303,-0.029008,-0.033226,0.04214,0.596114,-1.404347,-1.06853,-1.910954,-0.132813,0.02293,0.384827,-0.397214,-0.257585,0.88083,0.289427,-0.945967,-0.145985,0.87131,0.197285,0.449177,0.074143,0.010708,0.000443,0.004662,0.336148,0.629463,0.0367,0.013369,0.046139,-0.025421,0.347366,0.23026,0.909019,-0.250865,0.956869,-0.146518,-0.90355,-0.177146,0.390147,0.037731,0.000417,0.004857,-0.044743,0.322248,0.631667,-0.165211,0.078501,0.043945,-0.060256,0.643823,0.246153,-0.724499,0.196611,0.861834,0.46753,0.739483,-0.443452,0.506472,-0.014525,-0.01661,0.021081,-0.73829,-0.823917,-0.296143,-1.097168
2549,0.080141,0.007908,0.387097,-0.586952,-0.359526,-0.725448,-0.077493,-0.866962,0.492285,-0.805198,0.345607,0.481912,-0.042743,-0.039788,0.053905,-0.163767,-0.679946,-0.444662,-1.910795,-0.129861,0.023323,0.384923,-0.4169,-0.222451,0.881307,0.281191,-0.953572,-0.107545,0.864808,0.203272,0.458966,0.073826,0.012923,0.001697,-1.227321,-1.442074,2.940427,0.030149,0.014873,0.046339,-0.025373,0.364042,0.193702,0.911017,-0.244364,0.963732,-0.107263,-0.898754,-0.183572,0.398172,0.03686,0.006504,0.000815,-1.210366,-1.505601,2.899974,-0.144473,0.077845,0.043204,-0.059326,0.619291,0.288997,-0.730039,0.171785,0.857397,0.485138,0.766138,-0.425852,0.481333,-0.021406,-0.019933,0.026946,-0.179759,-0.699606,-0.453152,-1.076594
2550,0.078779,0.006502,0.38889,-0.559057,-0.387253,-0.733169,-0.065755,-0.860762,0.504715,-0.825844,0.330851,0.456669,-0.029695,-0.034664,0.041329,-0.521497,-0.51492,-0.176288,-1.91129,-0.126635,0.023837,0.385167,-0.439458,-0.180372,0.879963,0.271982,-0.96034,-0.060887,0.85657,0.212816,0.469959,0.08542,0.019509,0.004505,0.033555,-0.210405,0.824472,0.009161,0.016487,0.046592,-0.025253,0.385999,0.150474,0.910143,-0.23818,0.969411,-0.059259,-0.89122,-0.193904,0.410032,0.042678,0.010044,0.002361,0.045395,-0.240628,0.794947,-0.16815,0.077176,0.042516,-0.058444,0.594809,0.319194,-0.737777,0.159155,0.852856,0.497296,0.787953,-0.413218,0.456486,-0.014931,-0.017508,0.020564,-0.657553,-0.77062,-0.069671,-1.068429
