frame,MLTx,MLTy,MLTz,MLTR1,MLTR2,MLTR3,MLTR4,MLTR5,MLTR6,MLTR7,MLTR8,MLTR9,MLTTVx,MLTTVy,MLTTVz,MLTRVx,MLTRVy,MLTRVz,MLGA,MRTx,MRTy,MRTz,MRTR1,MRTR2,MRTR3,MRTR4,MRTR5,MRTR6,MRTR7,MRTR8,MRTR9,MRTTVx,MRTTVy,MRTTVz,MRTRVx,MRTRVy,MRTRVz,MRGA,SLTx,SLTy,SLTz,SLTR1,SLTR2,SLTR3,SLTR4,SLTR5,SLTR6,SLTR7,SLTR8,SLTR9,SLTTVx,SLTTVy,SLTTVz,SLTRVx,SLTRVy,SLTRVz,SLGA,SRTx,SRTy,SRTz,SRTR1,SRTR2,SRTR3,SRTR4,SRTR5,SRTR6,SRTR7,SRTR8,SRTR9,SRTTVx,SRTTVy,SRTTVz,SRTRVx,SRTRVy,SRTRVz,SRGA
212,0.172303,-0.038332,0.29917,-0.432778,0.503038,-0.748132,-0.781486,-0.623023,0.033086,-0.448928,0.598345,0.663682,0.000101,0.001635,0.002049,-0.012582,0.011171,-0.014745,-1.700402,-0.149102,-0.018662,0.289328,-0.358649,-0.607495,0.70874,0.83408,-0.549429,-0.048704,0.419415,0.574439,0.702833,0.003194,-0.027336,0.03166,2.712715,1.607015,-0.621352,-1.402789,0.051775,0.033405,-0.023429,0.416552,0.649984,0.635613,-0.81787,0.57321,-0.050175,-0.396953,-0.498949,0.770375,0.001642,-0.014202,0.015162,3.910009,-0.379326,3.5232,-1.032937,0.085106,0.023518,-0.068016,0.578105,-0.483552,-0.657245,0.704972,0.70158,0.103915,0.410862,-0.523413,0.746478,6.4e-05,0.001034,0.0013,-0.039811,0.036356,-0.047558,-1.137501
213,0.1722,-0.038251,0.299225,-0.435196,0.502633,-0.747001,-0.781254,-0.623165,0.035773,-0.44699,0.598538,0.664815,-0.015338,0.003516,0.004784,-0.000186,0.000113,-0.004724,-1.701276,-0.148945,-0.019273,0.289855,-0.358147,-0.608165,0.708418,0.830185,-0.554584,-0.056231,0.4275,0.568742,0.702594,0.003479,-0.032544,0.025272,3.873499,-0.332136,3.548969,-1.402674,0.051853,0.033104,-0.023161,0.411556,0.652084,0.636716,-0.816583,0.574088,-0.060128,-0.40474,-0.495185,0.76875,0.001729,-0.016599,0.012229,-0.042103,-0.034262,-0.339643,-1.035713,0.085061,0.023555,-0.067993,0.580283,-0.48286,-0.655832,0.704362,0.701803,0.106516,0.408833,-0.523753,0.747353,8.6e-05,0.001406,0.001764,0.004233,-0.003414,0.003949,-1.134562
214,0.171977,-0.038009,0.299417,-0.436274,0.506681,-0.743629,-0.787939,-0.614176,0.043722,-0.434031,0.604377,0.668111,0.000389,0.006202,0.007752,-0.514357,0.232217,0.022028,-1.702091,-0.148508,-0.020344,0.29042,-0.358849,-0.603096,0.712386,0.821244,-0.566699,-0.065914,0.443886,0.562146,0.697725,0.017729,-0.026131,0.009421,-0.082168,0.131384,-0.202131,-1.40259,0.052066,0.032563,-0.022876,0.415816,0.64493,0.641219,-0.804366,0.589803,-0.071603,-0.424372,-0.486001,0.764009,0.008853,-0.013167,0.004581,-0.083784,0.146917,-0.198559,-1.037509,0.084943,0.023673,-0.067901,0.581251,-0.486479,-0.652291,0.710498,0.69417,0.115407,0.396658,-0.530533,0.74913,-0.007576,0.003227,0.00423,-1.779624,0.518147,0.50366,-1.120356
215,0.171635,-0.037605,0.29978,-0.44068,0.508121,-0.740039,-0.790669,-0.610016,0.051913,-0.424517,0.607369,0.671502,-0.014915,0.009675,0.012414,-1.552738,1.382526,-1.823228,-1.705149,-0.147895,-0.021064,0.29049,-0.360182,-0.594791,0.718668,0.80912,-0.582587,-0.076493,0.464611,0.554684,0.690164,0.015513,-0.005851,-0.009219,0.142384,0.157532,-0.125119,-1.402428,0.052373,0.032189,-0.022841,0.417237,0.637056,0.64813,-0.792351,0.604272,-0.083867,-0.445075,-0.478554,0.756896,0.00836,-0.008797,-0.000954,0.487029,0.585377,-0.484639,-1.038326,0.084778,0.023873,-0.067721,0.583269,-0.488061,-0.649301,0.713246,0.690235,0.121881,0.388685,-0.534201,0.7507,0.000222,0.01067,0.002253,0.040035,-0.028336,0.046095,-1.122805
216,0.171429,-0.037349,0.300071,-0.440465,0.510269,-0.738689,-0.793825,-0.60564,0.054908,-0.418821,0.609938,0.672749,-0.014738,0.012166,0.015469,-0.373105,0.128278,0.158556,-1.704473,-0.147531,-0.021331,0.290377,-0.362597,-0.586035,0.724623,0.802043,-0.592171,-0.077419,0.4749,0.553842,0.683807,0.030747,-0.006295,-0.01181,-0.080461,0.519773,0.403352,-1.402434,0.052561,0.032054,-0.022901,0.419324,0.630247,0.653417,-0.785162,0.61308,-0.08747,-0.455725,-0.47636,0.751926,0.015377,-0.003302,-0.006107,-0.068905,0.489326,0.391999,-1.040775,0.084674,0.023994,-0.067584,0.585798,-0.48877,-0.646484,0.714725,0.687639,0.127748,0.382109,-0.536893,0.752154,-0.007357,0.006483,0.008297,-4.077008,0.280701,3.741982,-1.11758
217,0.171047,-0.036788,0.300825,-0.443047,0.509845,-0.737436,-0.793509,-0.605779,0.057843,-0.416688,0.610153,0.673877,0.001044,0.016016,0.019751,0.001591,-0.029227,0.049654,-1.702873,-0.146798,-0.021706,0.289981,-0.36676,-0.568509,0.736394,0.787314,-0.611328,-0.07968,0.495911,0.551263,0.670853,0.015671,-0.007642,-0.011523,1.147529,0.023772,1.223018,-1.402049,0.052922,0.031864,-0.023101,0.422686,0.612335,0.668117,-0.770926,0.630513,-0.090143,-0.476455,-0.476967,0.738574,0.007905,-0.004101,-0.006142,3.985975,-0.194546,3.649103,-1.03506,0.084484,0.024272,-0.06721,0.58741,-0.488863,-0.644949,0.715123,0.686639,0.13086,0.378875,-0.538087,0.752937,-0.007202,0.008533,0.010707,0.002011,-0.029396,0.044945,-1.124765
218,0.170743,-0.036156,0.301709,-0.441516,0.512313,-0.736643,-0.797241,-0.600644,0.060034,-0.411162,0.613149,0.674552,-0.014249,0.018426,0.022894,-0.004876,0.08632,-0.15125,-1.702842,-0.14592,-0.022103,0.289702,-0.359463,-0.556087,0.749363,0.776586,-0.623495,-0.090008,0.517701,0.550288,0.655005,0.030717,-0.003997,-0.009114,0.024876,0.150087,-0.166055,-1.401956,0.053367,0.031658,-0.02325,0.416702,0.600646,0.682336,-0.759166,0.642817,-0.102237,-0.500026,-0.475404,0.723853,0.015356,-0.00192,-0.004473,0.040136,0.104019,-0.188127,-1.026896,0.084327,0.024603,-0.06675,0.585987,-0.491465,-0.644267,0.719036,0.681978,0.133761,0.373637,-0.541634,0.753012,-0.007127,0.009379,0.011656,-0.003319,0.085516,-0.150379,-1.126234
219,0.170581,-0.035544,0.302623,-0.436353,0.515374,-0.737584,-0.801752,-0.594747,0.058674,-0.407901,0.616319,0.673643,0.001089,0.01648,0.020003,0.001587,-0.029206,0.049666,-1.700834,-0.145006,-0.022444,0.289698,-0.351136,-0.552822,0.7557,0.774263,-0.625257,-0.097485,0.526813,0.551574,0.646604,0.016515,-0.011775,0.00519,0.408902,0.62258,-0.611713,-1.40216,0.053812,0.031492,-0.023262,0.411128,0.598223,0.687823,-0.757226,0.644214,-0.107683,-0.507524,-0.476566,0.717845,0.015804,-0.004661,0.003065,-0.030355,-0.033861,0.034966,-1.033101,0.084245,0.024902,-0.066301,0.581381,-0.495059,-0.645687,0.724208,0.676565,0.133349,0.370834,-0.545139,0.751867,0.000546,0.008477,0.010296,0.008512,-0.144405,0.245753,-1.127214
220,0.170577,-0.035283,0.302989,-0.435453,0.515574,-0.737976,-0.802149,-0.59427,0.058071,-0.408083,0.616611,0.673265,0.000991,0.015014,0.018165,0.001587,-0.029202,0.049669,-1.700809,-0.144609,-0.022607,0.289838,-0.350643,-0.551093,0.757191,0.771128,-0.628676,-0.10031,0.531722,0.549409,0.644426,0.016363,-0.00933,0.008234,-0.048015,0.101223,-0.156581,-1.40224,0.054005,0.031407,-0.023195,0.40827,0.596944,0.690632,-0.754038,0.646959,-0.113443,-0.51453,-0.474448,0.714252,0.008157,-0.004307,0.004553,-0.053372,0.094521,-0.153511,-1.030325,0.084244,0.025041,-0.066108,0.580535,-0.495376,-0.646205,0.724744,0.676098,0.132801,0.371112,-0.545429,0.751519,0.000477,0.007418,0.008979,0.001916,-0.02921,0.049398,-1.127867
221,0.170643,-0.034834,0.303594,-0.433641,0.515982,-0.738757,-0.802926,-0.593341,0.056819,-0.408486,0.617162,0.672515,0.000663,0.010113,0.012168,0.00627,-0.115347,0.196236,-1.699454,-0.143909,-0.022865,0.290281,-0.349313,-0.549041,0.759293,0.767551,-0.632435,-0.104046,0.53774,0.54714,0.641355,0.016082,-0.005087,0.01351,-0.032205,-0.021541,0.034859,-1.401991,0.054373,0.031272,-0.022967,0.406918,0.595168,0.692959,-0.750622,0.650174,-0.117643,-0.520561,-0.472279,0.711313,0.008021,-0.002337,0.007001,-0.035148,-0.023257,0.036602,-1.036203,0.084277,0.025273,-0.065797,0.579006,-0.495953,-0.647133,0.7257,0.675271,0.131785,0.371631,-0.545929,0.750899,0.000324,0.005109,0.006145,0.000987,-0.014642,0.024635,-1.130806
222,0.170754,-0.03459,0.303966,-0.432412,0.516268,-0.739278,-0.803478,-0.592671,0.056005,-0.408705,0.617567,0.672011,0.000373,0.005721,0.006861,0.000794,-0.014595,0.024838,-1.700531,-0.143243,-0.023103,0.290884,-0.34696,-0.54224,0.765236,0.763321,-0.637318,-0.105357,0.545236,0.548246,0.63404,0.017307,-0.015939,0.021917,-0.106267,0.080975,0.043511,-1.402259,0.054699,0.031164,-0.022667,0.4046,0.588772,0.699746,-0.746281,0.654821,-0.119466,-0.528547,-0.473872,0.704331,0.007976,-0.00176,0.007706,-0.071616,0.049141,0.089167,-1.039632,0.084333,0.025396,-0.065609,0.577776,-0.496425,-0.64787,0.726488,0.674576,0.131,0.372007,-0.546359,0.750401,0.000156,0.002497,0.002993,0.000137,-1.8e-05,-0.000139,-1.12999
223,0.170795,-0.0345,0.304073,-0.432034,0.516355,-0.739438,-0.80363,-0.59249,0.055728,-0.408805,0.617667,0.671858,0.000272,0.004188,0.005017,0.0,0.0,0.0,-1.702222,-0.142948,-0.02324,0.291217,-0.345801,-0.535691,0.770356,0.759349,-0.642031,-0.105447,0.551486,0.549178,0.627798,0.016023,-0.00431,0.014437,1.19822,0.0395,1.161118,-1.401978,0.054841,0.031094,-0.022502,0.400537,0.585266,0.705005,-0.746155,0.654911,-0.119764,-0.53181,-0.478073,0.699016,0.008604,-0.007434,0.011609,0.288982,0.866499,-0.285742,-1.041918,0.084353,0.025441,-0.065556,0.577417,-0.496562,-0.648085,0.726702,0.674395,0.130742,0.372144,-0.546458,0.75026,0.000142,0.002266,0.002715,0.000904,-0.014617,0.024719,-1.13048
224,0.170811,-0.034408,0.304167,-0.433878,0.516178,-0.738482,-0.803585,-0.592331,0.058034,-0.406937,0.617968,0.672714,8.5e-05,0.001305,0.001562,-0.0,0.0,-0.0,-1.703998,-0.142375,-0.023557,0.291916,-0.342189,-0.522918,0.780677,0.751808,-0.650725,-0.106191,0.563936,0.551238,0.614798,0.017213,-0.014548,0.023606,-0.113465,0.089917,0.083259,-1.402202,0.055133,0.030937,-0.022151,0.399936,0.570712,0.717174,-0.734387,0.667709,-0.121814,-0.548385,-0.477966,0.686164,0.007963,-0.00169,0.007773,-0.082111,0.156205,-0.076526,-1.044041,0.084361,0.025487,-0.065509,0.579095,-0.496153,-0.646899,0.726353,0.674323,0.133035,0.370214,-0.546917,0.75088,3e-05,0.000503,0.000602,0.000623,-0.000493,0.000492,-1.12901
225,0.170744,-0.034395,0.304217,-0.436115,0.515906,-0.737353,-0.803403,-0.592311,0.060685,-0.4049,0.618213,0.673717,-0.015329,0.000677,0.001161,-0.000984,0.014715,-0.029553,-1.704984,-0.141779,-0.023766,0.292628,-0.340872,-0.508224,0.790889,0.745463,-0.658673,-0.101825,0.573087,0.555507,0.602367,0.015786,-0.001274,0.018132,0.139188,0.403449,0.686706,-1.402042,0.055432,0.030825,-0.021796,0.398574,0.559016,0.727075,-0.727984,0.675023,-0.119923,-0.557832,-0.481502,0.676001,0.008551,-0.006752,0.012416,1.005988,0.461602,1.207883,-1.029508,0.084333,0.02549,-0.065488,0.581099,-0.495616,-0.645513,0.725824,0.674378,0.135618,0.368105,-0.547337,0.751611,1.1e-05,0.00019,0.000227,0.00037,-0.000304,0.000298,-1.130643
226,0.170701,-0.034324,0.304254,-0.435871,0.515952,-0.737465,-0.803468,-0.592246,0.060457,-0.405033,0.618238,0.673615,0.000123,0.001881,0.002249,0.000794,-0.014596,0.024837,-1.707326,-0.141226,-0.023873,0.293419,-0.335694,-0.498023,0.799546,0.743163,-0.661559,-0.099909,0.579097,0.561279,0.591164,0.015697,-0.000323,0.019254,-0.158714,0.333805,0.03291,-1.4021,0.055703,0.030773,-0.021407,0.393802,0.548385,0.737695,-0.725051,0.678612,-0.117412,-0.564996,-0.488629,0.664845,0.007851,-0.00037,0.00936,-0.232082,0.48585,0.139276,-1.031631,0.084305,0.025521,-0.065475,0.580913,-0.495675,-0.645635,0.725903,0.674332,0.135428,0.368244,-0.547341,0.75154,2.7e-05,0.00043,0.000514,3.2e-05,-8e-06,-2.3e-05,-1.13048
227,0.170691,-0.034312,0.3043,-0.437993,0.515712,-0.736375,-0.803326,-0.592171,0.063023,-0.40302,0.61851,0.674572,8.9e-05,0.001363,0.00163,-0.0,0.0,-0.0,-1.708607,-0.140978,-0.02388,0.293769,-0.334933,-0.491798,0.803708,0.739805,-0.665483,-0.098771,0.583821,0.562122,0.585692,0.015723,-0.000769,0.018679,-0.213381,0.456183,0.114001,-1.401884,0.055832,0.030772,-0.021221,0.393177,0.543153,0.741886,-0.721505,0.682412,-0.117234,-0.569948,-0.489181,0.660196,0.00719,0.005416,0.005571,-0.256567,0.543229,0.439405,-1.029998,0.084301,0.025529,-0.06545,0.582834,-0.495178,-0.644284,0.725426,0.674331,0.137966,0.366143,-0.547792,0.752238,5.2e-05,0.000834,0.000998,0.001979,-0.001679,0.001974,-1.130316
228,0.170687,-0.034224,0.304454,-0.437673,0.515783,-0.736516,-0.80349,-0.591969,0.062843,-0.403044,0.618643,0.674435,0.00022,0.003367,0.004021,-0.0,0.0,-0.0,-1.715511,-0.140455,-0.023619,0.294387,-0.33321,-0.476181,0.813765,0.73679,-0.670023,-0.090237,0.588601,0.570103,0.573057,0.014223,0.012778,0.013486,-0.277561,0.587185,0.498052,-1.402095,0.0561,0.030899,-0.020909,0.391425,0.528818,0.753084,-0.717952,0.687418,-0.109543,-0.575613,-0.497801,0.648739,0.007094,0.00645,0.006806,-0.251066,0.524765,0.45615,-1.029018,0.084299,0.025571,-0.065374,0.582526,-0.495291,-0.644476,0.725634,0.674141,0.137794,0.36622,-0.547923,0.752105,0.000114,0.001786,0.002133,3.8e-05,-3.3e-05,1.4e-05,-1.130643
229,0.170619,-0.034078,0.304711,-0.437264,0.515867,-0.7367,-0.803708,-0.591694,0.062636,-0.403053,0.618836,0.674253,0.000353,0.005394,0.006426,0.000794,-0.01459,0.024841,-1.719273,-0.139991,-0.023144,0.294895,-0.333235,-0.457928,0.824165,0.733861,-0.674752,-0.078048,0.592237,0.579388,0.559846,0.012902,0.023813,0.005209,-0.114827,0.372765,0.142554,-1.401607,0.056327,0.03113,-0.020654,0.391284,0.509834,0.766136,-0.71421,0.693239,-0.096559,-0.580345,-0.5094,0.635382,0.007117,0.005985,0.006209,-0.158783,0.331755,0.294038,-1.026569,0.084265,0.025641,-0.06525,0.582173,-0.495416,-0.644698,0.725894,0.673892,0.137645,0.366266,-0.548116,0.751942,-0.007508,0.002666,0.003351,-0.000179,0.000133,-0.00472,-1.130806
230,0.170486,-0.033993,0.305074,-0.437056,0.515906,-0.736796,-0.803961,-0.591336,0.062771,-0.402773,0.619146,0.674135,0.000561,-0.005262,0.015198,-0.034883,-0.002246,0.006231,-1.721146,-0.139495,-0.022665,0.295401,-0.338954,-0.428325,0.837639,0.723621,-0.687651,-0.058676,0.601533,0.586781,0.541949,0.014171,0.012445,0.01294,-0.319947,0.856666,0.43014,-1.401317,0.056574,0.031375,-0.020403,0.397009,0.483265,0.78028,-0.702523,0.707094,-0.080491,-0.59063,-0.516209,0.620228,0.007051,0.006527,0.006831,-0.030508,0.389055,0.212839,-1.023303,0.084198,0.025689,-0.06507,0.581972,-0.495485,-0.644827,0.726159,0.673575,0.137801,0.366062,-0.548443,0.751803,0.00018,0.002809,0.003341,8e-06,2e-05,-1.5e-05,-1.131296
231,0.170357,-0.033966,0.305303,-0.437077,0.515894,-0.736793,-0.804079,-0.591152,0.063002,-0.402518,0.619332,0.674118,-0.014901,0.006734,0.008336,-0.000191,0.000143,-0.004702,-1.724386,-0.139208,-0.022409,0.295667,-0.337986,-0.416538,0.84395,0.724967,-0.687017,-0.048611,0.600453,0.595928,0.533094,0.014087,0.013179,0.013791,-0.367149,0.875628,0.451212,-1.401351,0.056718,0.031501,-0.020272,0.396023,0.472078,0.787596,-0.70334,0.707365,-0.070332,-0.59032,-0.526095,0.612165,0.007058,0.006334,0.006576,-0.173282,0.456017,0.131172,-1.022977,0.084139,0.025698,-0.064953,0.581984,-0.495475,-0.644824,0.726275,0.673395,0.138069,0.365812,-0.548674,0.751756,0.000295,-0.002326,0.007962,-0.034876,-0.00223,0.006228,-1.131949
232,0.170023,-0.033977,0.30586,-0.437093,0.515873,-0.736797,-0.804439,-0.590592,0.063641,-0.40178,0.619882,0.674053,-0.014713,-0.004313,0.016629,-0.035866,0.012508,-0.023302,-1.729481,-0.138701,-0.021949,0.296144,-0.343996,-0.38542,0.856218,0.712562,-0.700957,-0.029116,0.611798,0.600574,0.514662,0.014185,0.011564,0.011778,-0.290681,0.68925,0.435627,-1.401548,0.056971,0.031735,-0.020029,0.401432,0.44112,0.802661,-0.689501,0.722402,-0.052175,-0.602859,-0.532492,0.594148,0.007124,0.005264,0.005253,-0.286789,0.310497,1.046813,-1.018731,0.083978,0.0257,-0.064682,0.581951,-0.495471,-0.644856,0.726608,0.672905,0.138704,0.365204,-0.549277,0.751611,0.000331,-0.00178,0.008598,-0.03488,-0.002211,0.006238,-1.132439
233,0.169655,-0.034117,0.306473,-0.43284,0.516345,-0.738974,-0.805274,-0.589894,0.059424,-0.404702,0.620153,0.672052,-0.014737,-0.004747,0.016089,0.104018,-0.110289,0.141444,-1.730387,-0.138211,-0.021582,0.296463,-0.342922,-0.356901,0.868918,0.70515,-0.708897,-0.012752,0.620926,0.608789,0.493649,0.014556,0.006986,0.006241,-1.345548,-1.004869,2.151311,-1.401499,0.05721,0.031918,-0.019861,0.397978,0.414384,0.818473,-0.680931,0.7313,-0.03915,-0.614772,-0.541743,0.573208,0.007251,0.003695,0.003353,-0.205942,0.94416,0.293742,-1.022977,0.083788,0.025632,-0.064373,0.57871,-0.4963,-0.647131,0.727905,0.672167,0.135443,0.36776,-0.549433,0.750249,-0.007352,-0.002003,0.008486,1.518905,-1.351819,1.805887,-1.132602
234,0.169437,-0.03421,0.3068,-0.433398,0.516217,-0.738736,-0.805335,-0.58972,0.060311,-0.403982,0.620425,0.672234,-0.014666,-0.003749,0.017251,-0.035865,0.01256,-0.023276,-1.73264,-0.137941,-0.021433,0.296535,-0.339458,-0.343726,0.875563,0.703464,-0.710658,-0.006122,0.624728,0.614278,0.481914,0.014648,0.005837,0.004853,-0.350235,1.064761,0.063809,-1.40156,0.057351,0.031999,-0.019826,0.397064,0.401741,0.825192,-0.678697,0.733777,-0.030663,-0.617826,-0.547881,0.564017,0.007362,0.002462,0.001871,-0.141255,0.492656,-0.116924,-1.02216,0.083679,0.02558,-0.064207,0.578632,-0.496259,-0.647233,0.728021,0.672009,0.135603,0.367653,-0.549664,0.750133,-0.007347,-0.001908,0.008592,-0.036822,0.013335,-0.024268,-1.132439
235,0.168945,-0.034474,0.30754,-0.42809,0.516694,-0.741493,-0.806046,-0.5893,0.054646,-0.408201,0.620426,0.669679,0.000632,-0.004304,0.01625,-0.034539,-0.00241,0.0067,-1.73478,-0.137385,-0.021194,0.29653,-0.338515,-0.317179,0.885888,0.695857,-0.718078,0.008933,0.633699,0.61987,0.462654,-4.7e-05,0.000519,0.000622,-0.328345,0.99783,0.182725,-1.40189,0.057634,0.032121,-0.019826,0.39579,0.376576,0.837579,-0.670096,0.742079,-0.016991,-0.627949,-0.554534,0.546049,0.006829,0.00655,-0.003948,-0.115719,0.528198,-0.069706,-1.02363,0.083433,0.025451,-0.063842,0.573784,-0.497394,-0.650669,0.729532,0.67147,0.130033,0.372227,-0.549295,0.748144,-0.007284,-0.007708,0.012418,-0.072995,0.025995,-0.04276,-1.133582
236,0.168485,-0.034797,0.308226,-0.422885,0.517152,-0.744155,-0.806685,-0.588916,0.04908,-0.412345,0.620408,0.667152,-0.014781,-0.00548,0.015162,-0.03576,0.012554,-0.023113,-1.737419,-0.136874,-0.020988,0.296363,-0.339701,-0.299355,0.891618,0.691555,-0.721966,0.021211,0.637765,0.62418,0.451129,0.013786,0.011607,-0.009672,-0.172906,0.303955,0.066468,-1.401739,0.057889,0.032222,-0.019912,0.395984,0.35699,0.846022,-0.665079,0.746763,-0.003813,-0.633139,-0.561162,0.533132,0.006908,0.00567,-0.005006,-0.16792,0.263731,0.055907,-1.023467,0.083204,0.02529,-0.06349,0.569062,-0.498492,-0.653967,0.73097,0.670928,0.124647,0.376629,-0.548963,0.746183,0.000236,-0.003127,0.006982,-0.040533,0.016397,-0.023537,-1.131296
237,0.168277,-0.034981,0.308558,-0.421458,0.517241,-0.744903,-0.8069,-0.588738,0.04766,-0.413384,0.620503,0.666421,0.000487,-0.006378,0.013798,-0.034876,-0.002053,0.006331,-1.73722,-0.136618,-0.020846,0.296236,-0.340837,-0.292681,0.893397,0.688662,-0.724589,0.025478,0.640288,0.624297,0.447379,0.013749,0.011964,-0.009248,-0.148013,0.209999,0.248521,-1.401958,0.058012,0.032286,-0.019975,0.397057,0.351231,0.847928,-0.661891,0.749599,-0.000559,-0.635803,-0.561014,0.53011,0.007562,0.000224,-0.000828,-0.444476,0.029348,0.617348,-1.019547,0.083094,0.025199,-0.063324,0.567802,-0.498744,-0.654868,0.731378,0.67073,0.123315,0.377737,-0.548975,0.745613,-0.007368,-0.008829,0.011089,-0.075923,0.042414,-0.070512,-1.128194
238,0.167878,-0.035384,0.309115,-0.418323,0.51748,-0.746502,-0.807386,-0.588315,0.044546,-0.415614,0.620704,0.664844,-0.014999,-0.008385,0.011743,-0.036652,0.027048,-0.048185,-1.737407,-0.136168,-0.02041,0.295948,-0.344311,-0.287327,0.893803,0.689705,-0.723278,0.033308,0.637301,0.628286,0.446057,0.013601,0.013392,-0.007542,0.000692,0.150716,-0.07389,-1.401841,0.058243,0.032505,-0.020126,0.400366,0.345139,0.848873,-0.662554,0.748972,0.007968,-0.633032,-0.565614,0.528536,0.006801,0.006747,-0.003718,0.01745,0.12378,-0.102957,-1.013179,0.082901,0.025,-0.063042,0.564939,-0.499378,-0.656859,0.732341,0.670222,0.12032,0.380157,-0.549019,0.74435,-0.007505,-0.004127,0.005956,-0.037206,0.013827,-0.024608,-1.126887
239,0.167553,-0.035736,0.309475,-0.414919,0.517774,-0.748196,-0.807785,-0.588029,0.04096,-0.418245,0.620731,0.663168,6e-06,8e-05,9.3e-05,0.0,-0.0,0.0,-1.736962,-0.135868,-0.019961,0.295697,-0.348567,-0.27863,0.894907,0.689343,-0.723082,0.043496,0.63538,0.632405,0.442966,0.014873,0.002922,0.00132,-0.089405,0.315336,0.010024,-1.401995,0.058387,0.032728,-0.020253,0.40456,0.337063,0.850129,-0.661677,0.74958,0.017683,-0.631279,-0.569665,0.526277,-0.000747,0.006366,-0.003082,-0.071388,0.293973,0.245567,-1.014322,0.082738,0.024825,-0.062861,0.561953,-0.500044,-0.658911,0.733182,0.669907,0.116906,0.382951,-0.548798,0.74308,6.3e-05,-0.005525,0.004173,-0.038537,0.014728,-0.021592,-1.125254
240,0.167278,-0.035936,0.309614,-0.413531,0.517838,-0.748919,-0.807844,-0.588055,0.039387,-0.419503,0.620651,0.662447,-0.015195,-0.010811,0.008896,-0.03665,0.027051,-0.048187,-1.737571,-0.135708,-0.019476,0.295476,-0.355472,-0.269135,0.895096,0.687854,-0.723662,0.055709,0.633172,0.635832,0.441218,0.013456,0.014611,-0.006084,-0.018406,0.137397,0.157574,-1.401989,0.058467,0.032967,-0.02036,0.410956,0.327019,0.850983,-0.659598,0.751022,0.029926,-0.629321,-0.573605,0.524338,-0.00078,0.006694,-0.002684,-0.030174,0.188273,0.146612,-1.015465,0.0826,0.024722,-0.062795,0.560586,-0.500322,-0.659864,0.73352,0.669818,0.115292,0.384305,-0.548655,0.742487,-1.5e-05,-0.000166,-0.000189,-0.000949,0.000791,-0.000991,-1.123948
241,0.16714,-0.035977,0.309632,-0.411698,0.517999,-0.749818,-0.807857,-0.588182,0.037159,-0.421276,0.620397,0.661559,-1.6e-05,-0.000218,-0.000254,0.0,-0.0,0.0,-1.737725,-0.135634,-0.019234,0.295398,-0.358059,-0.265862,0.895044,0.687115,-0.724027,0.059943,0.63252,0.63679,0.440773,0.0134,0.015108,-0.005489,0.025472,0.0138,0.073368,-1.401974,0.058505,0.033088,-0.020399,0.41333,0.323258,0.85127,-0.658594,0.751714,0.034324,-0.628817,-0.574829,0.523602,-0.00081,0.006997,-0.002322,0.043054,-0.008524,0.013988,-1.015792,0.082525,0.024697,-0.062783,0.558947,-0.500694,-0.660971,0.733816,0.669864,0.113118,0.386124,-0.548259,0.741835,-0.007675,3.1e-05,0.000183,-0.002546,0.01603,-0.031165,-1.124438
242,0.16685,-0.036016,0.309624,-0.409913,0.518132,-0.750703,-0.80782,-0.588369,0.034941,-0.423084,0.620109,0.660675,-5.5e-05,-0.000715,-0.000836,0.0,-0.0,0.0,-1.737778,-0.135511,-0.018721,0.295328,-0.365823,-0.258881,0.893949,0.685443,-0.724633,0.070778,0.629892,0.638964,0.441388,-0.000393,0.004036,0.004827,-0.014574,0.041798,0.027829,-1.402302,0.058572,0.033348,-0.020439,0.42085,0.316049,0.850292,-0.656311,0.753153,0.044896,-0.626211,-0.576951,0.524391,0.006562,0.008932,-0.001101,0.026038,0.086924,-0.087628,-1.016445,0.082386,0.024678,-0.062786,0.557313,-0.50105,-0.66208,0.734074,0.669951,0.110907,0.387992,-0.547826,0.74118,-4.2e-05,-0.00054,-0.000627,-0.000429,0.000375,-0.000455,-1.125908
243,0.166538,-0.036062,0.309624,-0.408322,0.51822,-0.751509,-0.807715,-0.588632,0.032885,-0.42482,0.619786,0.659864,-4.9e-05,-0.000635,-0.000743,0.0,-0.0,0.0,-1.737915,-0.135482,-0.018167,0.295351,-0.375687,-0.248839,0.892709,0.683408,-0.724948,0.085657,0.626297,0.642573,0.441266,-0.002021,0.017922,3.9e-05,-0.133695,0.468087,0.371846,-1.402127,0.058587,0.033617,-0.020428,0.430718,0.30811,0.848262,-0.653673,0.754563,0.057837,-0.622248,-0.579398,0.526407,-0.000326,0.003358,0.004006,0.000761,0.08005,-0.158801,-1.018894,0.082224,0.024655,-0.062787,0.555887,-0.501323,-0.663071,0.734211,0.670136,0.108863,0.389772,-0.54735,0.740597,-0.007693,-0.000207,-0.000102,-0.001189,0.014904,-0.029771,-1.126234
244,0.166342,-0.036107,0.309639,-0.406342,0.518407,-0.752452,-0.807762,-0.588692,0.030557,-0.426624,0.619573,0.6589,-0.01537,-0.00016,7.8e-05,-0.000984,0.014715,-0.029553,-1.738215,-0.135491,-0.017877,0.295406,-0.380447,-0.245258,0.891684,0.682522,-0.725016,0.091918,0.624391,0.643867,0.442079,-0.000622,0.006354,0.007569,-0.05561,0.158655,0.1062,-1.402229,0.058581,0.03377,-0.0204,0.434952,0.302098,0.848264,-0.65231,0.755112,0.065551,-0.620732,-0.581843,0.525499,-0.001062,0.009491,0.000644,-0.028115,0.180234,0.168382,-1.020201,0.082132,0.024631,-0.062781,0.554052,-0.501761,-0.664274,0.734584,0.670102,0.106533,0.391678,-0.54699,0.739857,-2.5e-05,-0.000304,-0.000349,-0.001264,0.001057,-0.001298,-1.129173
245,0.165935,-0.036302,0.309673,-0.402932,0.518664,-0.754107,-0.807726,-0.58894,0.026447,-0.429914,0.619121,0.657183,-0.015525,-0.002028,-0.002117,-0.000983,0.014714,-0.029552,-1.736652,-0.135573,-0.017246,0.295487,-0.392125,-0.240554,0.887898,0.680654,-0.7251,0.10428,0.619195,0.645539,0.446923,-0.002032,0.018031,0.000135,0.018503,0.097242,-0.111792,-1.402164,0.058542,0.034075,-0.020356,0.446312,0.296334,0.844388,-0.649736,0.756141,0.078062,-0.615344,-0.583469,0.530013,-0.001,0.008844,-0.000135,0.042877,-0.038711,0.046666,-1.019711,0.081929,0.024542,-0.062762,0.55089,-0.502447,-0.666382,0.735094,0.67019,0.102375,0.395164,-0.546251,0.738547,-0.007751,-0.000863,-0.000875,-0.004394,0.017558,-0.033029,-1.130316
246,0.16548,-0.036607,0.309739,-0.402078,0.518595,-0.754611,-0.807589,-0.589177,0.025334,-0.430969,0.618955,0.656649,-0.015415,-0.012964,0.006338,-0.036641,0.027142,-0.048144,-1.735509,-0.135665,-0.016627,0.295491,-0.404848,-0.235531,0.883524,0.678066,-0.725515,0.117425,0.613833,0.646918,0.452294,-0.001854,0.016212,-0.002037,-0.792944,-1.670172,2.066302,-1.402041,0.058495,0.034389,-0.020349,0.455982,0.291366,0.840943,-0.646954,0.75739,0.088379,-0.611171,-0.584351,0.533856,-0.000946,0.00831,-0.000777,0.045783,-0.030524,0.031828,-1.02118,0.081707,0.024388,-0.062731,0.550135,-0.502482,-0.666979,0.735086,0.670366,0.101277,0.39623,-0.546003,0.73816,-0.007748,-0.006977,0.002598,-0.038114,0.041979,-0.073883,-1.127867
247,0.165036,-0.036944,0.309798,-0.398931,0.518799,-0.756139,-0.807567,-0.589354,0.021629,-0.433924,0.618614,0.655021,-0.015586,-0.002451,-0.002639,-0.000984,0.014715,-0.029553,-1.73677,-0.135777,-0.016055,0.295315,-0.410587,-0.228799,0.882644,0.675604,-0.726352,0.126121,0.612742,0.648384,0.451674,-0.001516,0.012773,-0.00611,-0.065522,0.281325,0.21447,-1.402064,0.058438,0.034685,-0.020432,0.46417,0.285098,0.838608,-0.643668,0.758971,0.098246,-0.60847,-0.585389,0.5358,-0.001442,0.012025,-0.006994,-0.115173,0.472717,0.351235,-1.021344,0.081479,0.024214,-0.0627,0.547287,-0.503059,-0.668885,0.735545,0.670403,0.097628,0.39931,-0.545426,0.736926,-7.7e-05,-0.007117,0.002306,-0.03278,-0.070172,0.12736,-1.125908
248,0.164813,-0.037094,0.309818,-0.39752,0.518863,-0.756838,-0.807468,-0.589553,0.019864,-0.435402,0.618371,0.654269,-0.015603,-0.002579,-0.002795,-0.001771,0.028954,-0.054597,-1.737375,-0.135891,-0.015759,0.295136,-0.416638,-0.227601,0.880115,0.673895,-0.727053,0.131126,0.610542,0.648018,0.455166,-0.016285,0.009989,-0.007252,0.033117,0.010012,-0.007587,-1.402214,0.058387,0.03483,-0.020519,0.469853,0.282028,0.83648,-0.641538,0.759993,0.104114,-0.606356,-0.585551,0.538016,-0.00138,0.011402,-0.007727,0.08404,-0.027654,0.023727,-1.019711,0.081374,0.02414,-0.062688,0.545953,-0.503312,-0.669784,0.73569,0.670505,0.095821,0.400866,-0.545068,0.736346,-5e-05,-0.006745,0.002742,-0.038023,0.014429,-0.021012,-1.126234
249,0.164497,-0.037318,0.309847,-0.39607,0.518933,-0.757551,-0.807447,-0.589637,0.018177,-0.436762,0.618233,0.653493,-0.000199,-0.002373,-0.00279,-0.000786,0.014228,-0.02505,-1.736246,-0.136129,-0.0151,0.294617,-0.426333,-0.219982,0.877405,0.669786,-0.728629,0.142901,0.608375,0.648868,0.456851,-0.002652,0.021715,-0.016739,0.060198,0.018242,0.062362,-1.402053,0.058263,0.035157,-0.02078,0.479034,0.2737,0.834034,-0.636792,0.762322,0.11558,-0.604169,-0.586474,0.539469,-0.001299,0.01066,-0.008598,0.092409,-0.115724,0.207664,-1.018078,0.081209,0.024027,-0.062675,0.544658,-0.503548,-0.670661,0.735878,0.670533,0.094171,0.402281,-0.544816,0.735761,-1.3e-05,-0.006276,0.00329,-0.037127,0.0137,-0.020096,-1.125581
250,0.164368,-0.037414,0.309864,-0.395877,0.518972,-0.757624,-0.807608,-0.589416,0.018175,-0.436639,0.618411,0.653408,-9e-06,-0.000111,-0.00013,0.0,0.0,0.0,-1.736882,-0.136539,-0.014436,0.293939,-0.431918,-0.212944,0.876409,0.665759,-0.730748,0.150682,0.608863,0.648822,0.456265,-0.017248,0.017423,-0.019675,0.073705,-0.06959,0.168274,-1.402491,0.058063,0.035492,-0.021117,0.484199,0.266452,0.833398,-0.632333,0.764896,0.12283,-0.604736,-0.586459,0.538849,-0.008636,0.008942,-0.009557,0.092314,-0.115345,0.17413,-1.018731,0.081139,0.023975,-0.062671,0.544535,-0.503591,-0.670728,0.736035,0.67035,0.094249,0.40216,-0.545001,0.73569,1e-06,2.1e-05,2.7e-05,-3e-05,2.2e-05,-4.1e-05,-1.128357
251,0.164391,-0.037415,0.309863,-0.395558,0.519046,-0.75774,-0.807723,-0.589265,0.017938,-0.436714,0.618493,0.65328,-0.0,-2e-06,-2e-06,0.0,0.0,0.0,-1.736291,-0.13678,-0.014137,0.293573,-0.433883,-0.212312,0.875592,0.66409,-0.732055,0.151701,0.609292,0.647554,0.457494,-0.00233,0.01848,-0.020561,0.072863,-0.017319,0.038241,-1.402011,0.057937,0.03564,-0.0213,0.486246,0.265929,0.832374,-0.630509,0.766293,0.123505,-0.604999,-0.584873,0.540277,-0.008534,0.007917,-0.010772,0.086567,-0.102887,0.145866,-1.019548,0.08115,0.023976,-0.06267,0.544244,-0.503702,-0.670881,0.736196,0.670202,0.094038,0.402259,-0.54508,0.735577,4e-06,5.2e-05,6.1e-05,-4e-06,-9e-06,-1.3e-05,-1.128357
252,0.164576,-0.0374,0.309861,-0.394728,0.519249,-0.758034,-0.808015,-0.588884,0.017302,-0.436926,0.618684,0.652957,1.4e-05,0.000163,0.000191,0.0,0.0,0.0,-1.736502,-0.137385,-0.01375,0.292758,-0.436741,-0.21141,0.874388,0.661391,-0.734233,0.152961,0.610189,0.645377,0.45937,-0.016744,0.012207,-0.025892,0.068925,0.013131,-0.015382,-1.401947,0.057639,0.035839,-0.021702,0.489053,0.264898,0.831057,-0.62767,0.768472,0.124416,-0.605687,-0.582476,0.542092,-0.007652,0.000124,-0.00941,0.044168,-0.071261,0.107143,-1.020854,0.081243,0.023985,-0.062669,0.543486,-0.504001,-0.67127,0.736608,0.66983,0.093466,0.40253,-0.545261,0.735295,9e-06,0.000113,0.000131,1e-06,-1.6e-05,-1.2e-05,-1.127704
253,0.164887,-0.037395,0.309847,-0.394079,0.519424,-0.758252,-0.808243,-0.588585,0.016793,-0.437091,0.618821,0.652717,1e-06,1e-05,1.2e-05,0.0,0.0,0.0,-1.738685,-0.138173,-0.013675,0.291806,-0.440911,-0.213301,0.871832,0.659377,-0.73592,0.15355,0.609373,0.642831,0.464,-0.015037,-0.003222,-0.023052,0.149311,-0.453524,-0.070444,-1.401923,0.057256,0.035885,-0.02217,0.492581,0.264285,0.829166,-0.625427,0.770023,0.126111,-0.605148,-0.580703,0.54459,-0.008133,0.003563,-0.015994,-0.011548,-1.111208,0.475334,-1.021997,0.081399,0.023988,-0.062676,0.542893,-0.504251,-0.671563,0.736932,0.669537,0.093007,0.402738,-0.545389,0.735086,0.007682,-0.000203,-0.00036,0.000996,-0.014713,0.029545,-1.12803
254,0.16505,-0.037387,0.309852,-0.393721,0.51952,-0.758372,-0.808375,-0.588412,0.016521,-0.43717,0.618906,0.652584,4.4e-05,0.000537,0.000632,0.0,0.0,0.0,-1.739542,-0.138523,-0.013738,0.291333,-0.441928,-0.215802,0.870701,0.658802,-0.736776,0.151901,0.609259,0.641015,0.466653,-0.029817,-0.006109,-0.024432,0.151993,-0.347677,-0.123966,-1.402249,0.057075,0.035851,-0.022416,0.493965,0.267709,0.827242,-0.624929,0.770817,0.123709,-0.604535,-0.578076,0.548056,-0.007448,-0.002364,-0.012437,0.227448,-0.433316,-0.375994,-1.025099,0.08148,0.023991,-0.062674,0.542566,-0.504388,-0.671725,0.737116,0.669368,0.092765,0.402842,-0.54547,0.734969,0.00771,0.000147,4.9e-05,0.001008,-0.01472,0.02956,-1.128357
255,0.16534,-0.037361,0.309879,-0.397763,0.519127,-0.756529,-0.808419,-0.588196,0.021357,-0.433413,0.61944,0.654579,4.8e-05,0.000593,0.000697,-0.005479,0.098191,-0.17293,-1.739749,-0.1392,-0.013971,0.290397,-0.444269,-0.220721,0.868274,0.657659,-0.738402,0.14893,0.608795,0.637465,0.472091,-0.015035,-0.003907,-0.024031,0.0825,-0.182613,0.064971,-1.402308,0.056732,0.035728,-0.022891,0.496499,0.273708,0.823754,-0.624051,0.772182,0.11956,-0.603364,-0.573426,0.554195,-0.014228,-0.009089,-0.008815,0.022906,-0.03029,-0.172766,-1.02363,0.081625,0.024005,-0.06266,0.546174,-0.503546,-0.669427,0.736582,0.669278,0.097531,0.398922,-0.546358,0.736446,0.007709,0.000158,6.1e-05,0.00484,-0.017949,0.033484,-1.12901
256,0.165482,-0.037308,0.309906,-0.397543,0.521587,-0.754951,-0.808794,-0.587735,0.019766,-0.432915,0.617807,0.656449,9.8e-05,0.001217,0.001429,6.1e-05,0.000288,0.000161,-1.741752,-0.13978,-0.014277,0.289547,-0.446714,-0.222826,0.86648,0.656313,-0.739733,0.148264,0.608461,0.635188,0.475578,-0.015113,-0.003456,-0.023592,0.065304,-0.053491,-0.121946,-1.402392,0.056442,0.035574,-0.023317,0.499016,0.275332,0.821689,-0.622634,0.773416,0.118972,-0.602751,-0.570981,0.557378,0.000563,-0.006445,-0.007802,0.050275,-0.184924,0.042536,-1.028529,0.081696,0.02403,-0.062647,0.546063,-0.505972,-0.667686,0.737169,0.668847,0.096038,0.397988,-0.544641,0.73822,5.1e-05,0.000643,0.000754,-0.002507,-0.005759,-0.001768,-1.126397
257,0.165553,-0.037227,0.309905,-0.401706,0.523531,-0.751394,-0.809016,-0.587304,0.023239,-0.428638,0.616571,0.660406,0.000103,0.001275,0.001497,0.001141,-0.010639,0.026498,-1.744503,-0.140334,-0.014609,0.288855,-0.44784,-0.225342,0.865247,0.655784,-0.740514,0.1467,0.608205,0.633391,0.478294,-0.013996,-0.012876,-0.013561,0.010531,-0.069566,0.083356,-1.402489,0.056165,0.035409,-0.02367,0.500052,0.277929,0.820184,-0.62227,0.773993,0.117111,-0.602268,-0.568937,0.559983,-0.000212,0.000451,-0.010242,0.024784,0.022385,0.00375,-1.025426,0.081732,0.024071,-0.062648,0.549942,-0.507416,-0.663394,0.736948,0.66858,0.099534,0.393027,-0.543625,0.741619,-6e-05,0.005488,-0.004213,0.031374,-0.02927,0.018214,-1.124601
258,0.165543,-0.037185,0.309906,-0.40176,0.523515,-0.751376,-0.808961,-0.587379,0.023228,-0.42869,0.616513,0.660426,0.00012,0.001483,0.001741,0.0008,-0.014183,0.025075,-1.745988,-0.140534,-0.014691,0.288573,-0.447082,-0.2306,0.864253,0.660022,-0.737096,0.144893,0.60416,0.63549,0.480631,-0.014277,-0.00965,-0.009651,0.011501,-0.009435,-0.081493,-1.402315,0.056065,0.035363,-0.023817,0.499547,0.283126,0.818713,-0.626639,0.770651,0.115845,-0.598143,-0.570907,0.562395,-0.000326,0.001792,-0.008617,0.03809,-0.013547,-0.022283,-1.026079,0.081726,0.024091,-0.062648,0.549929,-0.507293,-0.663498,0.736895,0.668637,0.099541,0.393143,-0.54367,0.741525,1.4e-05,0.00018,0.00021,-0.000449,-0.003299,-0.000508,-1.124928
259,0.165534,-0.037098,0.309929,-0.406296,0.52536,-0.74764,-0.80903,-0.587121,0.027023,-0.424261,0.615187,0.66451,0.000118,0.001462,0.001716,0.034319,0.162776,0.091386,-1.750664,-0.140871,-0.014766,0.288237,-0.445929,-0.233407,0.864095,0.659859,-0.737932,0.141335,0.605188,0.633495,0.481969,-0.001003,0.007618,-0.012337,0.03669,-0.009723,0.018435,-1.402103,0.055891,0.035322,-0.023989,0.498366,0.285772,0.818513,-0.626693,0.771124,0.112346,-0.599071,-0.568946,0.563394,-0.000509,0.003977,-0.005958,0.031905,-0.00301,0.025164,-1.027386,0.081722,0.024135,-0.062637,0.554176,-0.508135,-0.659307,0.736284,0.66871,0.103496,0.388295,-0.542793,0.744715,7.4e-05,0.000922,0.00108,0.06222,0.232937,0.125357,-1.123621
260,0.165521,-0.037,0.310076,-0.408447,0.525117,-0.746638,-0.808987,-0.587057,0.029602,-0.422274,0.615456,0.665527,0.000246,0.003056,0.003582,7e-06,3.5e-05,2e-05,-1.752351,-0.141162,-0.014839,0.28806,-0.443364,-0.233885,0.865285,0.660173,-0.738117,0.138888,0.606728,0.633105,0.480545,-0.014861,-0.002749,-0.001241,-0.002044,0.015205,-0.029245,-1.40225,0.055752,0.035287,-0.024076,0.495886,0.286347,0.819818,-0.627106,0.77113,0.109979,-0.600694,-0.56865,0.561962,-0.000607,0.005165,-0.004503,0.035493,-0.011205,0.021361,-1.025589,0.081715,0.024183,-0.062564,0.556014,-0.508017,-0.65785,0.736094,0.668548,0.105869,0.386021,-0.543104,0.745671,0.000146,0.001832,0.002148,0.001239,-0.017725,0.025341,-1.121825
261,0.165538,-0.036928,0.310175,-0.408219,0.527551,-0.745045,-0.80941,-0.586548,0.028092,-0.421684,0.613856,0.667375,0.000321,0.003989,0.004671,0.047446,0.225313,0.126475,-1.753406,-0.141232,-0.014817,0.288031,-0.44327,-0.233921,0.865323,0.660155,-0.738157,0.138759,0.606816,0.633044,0.480513,4e-06,-4.4e-05,-5.4e-05,0.0,-0.0,-0.0,-1.402095,0.055711,0.035298,-0.02409,0.495799,0.28639,0.819856,-0.627097,0.771156,0.109851,-0.600777,-0.568593,0.561932,-0.000664,0.005855,-0.00366,0.036631,-0.00952,0.019235,-1.026569,0.081724,0.024219,-0.062514,0.5559,-0.509871,-0.656511,0.736545,0.668237,0.10469,0.385326,-0.541747,0.747016,0.000167,0.002103,0.002459,0.076255,0.289884,0.147804,-1.122152
262,0.165542,-0.036762,0.310402,-0.407694,0.530046,-0.74356,-0.809955,-0.585875,0.026387,-0.421147,0.612346,0.6691,-0.014948,0.005223,0.006353,0.007734,0.03824,0.016687,-1.753259,-0.141306,-0.014756,0.28805,-0.443179,-0.233956,0.86536,0.660135,-0.738198,0.138632,0.606904,0.632983,0.480483,-9.5e-05,0.00119,0.001457,0.0,-0.0,-0.0,-1.402031,0.055674,0.03533,-0.024078,0.495717,0.286425,0.819893,-0.627073,0.771193,0.109724,-0.600868,-0.568525,0.561903,-7.7e-05,0.000966,0.001183,0.000192,1.5e-05,0.000145,-1.021344,0.081732,0.024301,-0.062402,0.555382,-0.513073,-0.654451,0.73758,0.667404,0.102699,0.384091,-0.539747,0.749096,0.000176,0.002234,0.00261,-0.004962,0.014615,0.016472,-1.122968
263,0.165564,-0.036627,0.310575,-0.406972,0.532582,-0.742142,-0.810562,-0.585115,0.024525,-0.420678,0.610868,0.670743,0.000267,0.003321,0.003875,0.029741,0.12418,0.102735,-1.75426,-0.141229,-0.014608,0.288187,-0.443461,-0.231088,0.865986,0.659633,-0.738211,0.140931,0.607243,0.634017,0.478687,-0.000323,0.004015,0.00491,-0.001587,-0.006582,0.030468,-1.402152,0.055713,0.035402,-0.024012,0.495872,0.283371,0.82086,-0.626456,0.771345,0.112157,-0.601384,-0.569848,0.560007,-0.000148,0.001839,0.002249,0.009007,-0.012833,-0.006755,-1.023793,0.081737,0.024371,-0.062312,0.55477,-0.515188,-0.653306,0.738377,0.666747,0.101222,0.383442,-0.538542,0.750295,9.8e-05,0.00123,0.001434,0.044816,0.188446,0.100297,-1.124111
264,0.165561,-0.036538,0.310696,-0.406811,0.532619,-0.742204,-0.810633,-0.58502,0.024426,-0.420697,0.610927,0.670678,0.000173,0.002155,0.002511,7e-06,3.5e-05,2e-05,-1.756039,-0.141097,-0.014429,0.288369,-0.443686,-0.228225,0.86663,0.659172,-0.738186,0.143207,0.607581,0.635079,0.476847,-0.000363,0.004479,0.005468,0.001516,-0.014609,0.024852,-1.402269,0.055779,0.035494,-0.023919,0.496066,0.280666,0.821671,-0.625855,0.771516,0.114312,-0.60185,-0.570953,0.558379,-0.000169,0.002063,0.002517,0.00629,-0.01108,-0.006681,-1.02461,0.081736,0.024417,-0.06225,0.554502,-0.515489,-0.653296,0.738642,0.666481,0.101049,0.38332,-0.538584,0.750327,9.2e-05,0.001179,0.001375,0.000109,-0.016691,0.023847,-1.125908
265,0.165562,-0.036515,0.310722,-0.406596,0.532667,-0.742287,-0.810714,-0.584915,0.024269,-0.420749,0.610986,0.670592,5.8e-05,0.000728,0.000848,0.0,0.0,0.0,-1.756423,-0.141025,-0.01434,0.288482,-0.443658,-0.225454,0.867369,0.658866,-0.73805,0.145301,0.607933,0.636223,0.474869,-0.0004,0.00492,0.006,-0.025319,0.128424,-0.117119,-1.402089,0.055815,0.035536,-0.023865,0.496054,0.277781,0.822658,-0.625408,0.771537,0.116595,-0.602324,-0.572335,0.556451,0.007302,0.002803,0.002356,-0.002311,0.007241,0.04728,-1.02363,0.081737,0.024431,-0.062235,0.554309,-0.515542,-0.653419,0.738745,0.666386,0.10092,0.3834,-0.538651,0.750238,3.3e-05,0.000429,0.000501,0.000241,-0.000381,-0.000534,-1.125418
266,0.165539,-0.036514,0.310723,-0.406505,0.532686,-0.742324,-0.810747,-0.584871,0.024204,-0.420773,0.611012,0.670554,-7.8e-05,-0.000972,-0.001132,0.0,0.0,0.0,-1.75653,-0.140816,-0.014133,0.288702,-0.439034,-0.223335,0.870265,0.65916,-0.738193,0.143226,0.610961,0.636801,0.470186,-0.000463,0.005638,0.006862,-0.121409,0.331962,0.241403,-1.402231,0.055914,0.035638,-0.023756,0.491764,0.278572,0.824963,-0.626064,0.771591,0.112649,-0.605154,-0.571876,0.553845,-0.000207,0.002482,0.003017,-0.098026,0.612074,0.15239,-1.025263,0.081725,0.024433,-0.062232,0.554218,-0.515565,-0.653478,0.738789,0.666347,0.100852,0.383448,-0.538676,0.750195,-5e-06,-5.5e-05,-6.1e-05,0.000267,-3.6e-05,-0.000308,-1.123621
267,0.165526,-0.036521,0.310684,-0.40644,0.532698,-0.742351,-0.810749,-0.584873,0.024123,-0.420833,0.611,0.670526,-7.6e-05,-0.000946,-0.001103,0.0,0.0,0.0,-1.756382,-0.140597,-0.013911,0.288955,-0.439254,-0.223217,0.870185,0.659061,-0.738239,0.143443,0.61091,0.636788,0.470268,0.014461,0.007062,0.006458,-0.010001,0.078946,-0.111856,-1.401938,0.056023,0.035753,-0.023624,0.491791,0.276177,0.825752,-0.625662,0.771638,0.114545,-0.605548,-0.572975,0.552278,-0.000224,0.002647,0.003212,0.001634,-0.003579,-0.002103,-1.027875,0.081718,0.024427,-0.062255,0.554183,-0.515571,-0.653503,0.738783,0.666365,0.100784,0.383511,-0.53865,0.750183,-5e-05,-0.000631,-0.000736,0.000176,-3.1e-05,-0.000207,-1.123948
