frame,MLTx,MLTy,MLTz,MLTR1,MLTR2,MLTR3,MLTR4,MLTR5,MLTR6,MLTR7,MLTR8,MLTR9,MLTTVx,MLTTVy,MLTTVz,MLTRVx,MLTRVy,MLTRVz,MLGA,MRTx,MRTy,MRTz,MRTR1,MRTR2,MRTR3,MRTR4,MRTR5,MRTR6,MRTR7,MRTR8,MRTR9,MRTTVx,MRTTVy,MRTTVz,MRTRVx,MRTRVy,MRTRVz,MRGA,SLTx,SLTy,SLTz,SLTR1,SLTR2,SLTR3,SLTR4,SLTR5,SLTR6,SLTR7,SLTR8,SLTR9,SLTTVx,SLTTVy,SLTTVz,SLTRVx,SLTRVy,SLTRVz,SLGA,SRTx,SRTy,SRTz,SRTR1,SRTR2,SRTR3,SRTR4,SRTR5,SRTR6,SRTR7,SRTR8,SRTR9,SRTTVx,SRTTVy,SRTTVz,SRTRVx,SRTRVy,SRTRVz,SRGA
2906,0.12417,0.028588,0.368311,-0.88685,-0.348885,-0.303021,0.003227,-0.660474,0.750823,-0.460987,0.665322,0.587252,-0.000227,-0.00906,0.009699,-0.242474,-0.199687,-0.100212,0.096411,-0.144573,0.053484,0.345592,0.527687,-0.738171,0.420286,0.149563,0.567669,0.809517,-0.83679,-0.363376,0.409395,-0.011918,-0.003002,-0.000916,-0.00188,0.015064,-0.029355,-1.403824,0.047532,0.047834,-0.003969,-0.364121,0.822719,0.436519,-0.203339,-0.527612,0.824789,0.908883,0.211562,0.359405,9.8e-05,-0.000978,-0.000621,-0.00553,0.004995,-0.001311,-0.798615,0.077876,0.038693,-0.055792,-0.880966,-0.402117,-0.2494,0.117123,-0.695984,0.70844,-0.458454,0.594901,0.660235,6e-06,3.9e-05,2.8e-05,-0.355797,-0.282791,-0.134149,-0.186007
2907,0.124147,0.028466,0.368443,-0.886048,-0.350859,-0.303086,0.003199,-0.658395,0.752647,-0.462523,0.666347,0.584877,-0.000142,-0.008628,0.009975,-0.072304,-0.034757,-0.011417,0.184459,-0.144676,0.053496,0.34553,0.532787,-0.735798,0.418007,0.147822,0.567154,0.810197,-0.833867,-0.368939,0.410383,0.000134,-0.00135,-0.000862,-2e-06,-1e-05,-6e-06,-1.403765,0.047476,0.047839,-0.004,-0.369647,0.821288,0.434565,-0.201458,-0.527404,0.825383,0.907069,0.217554,0.360408,6.2e-05,-0.000629,-0.000396,-0.000738,0.003155,-0.002911,-0.803677,0.077864,0.03863,-0.055728,-0.879523,-0.404935,-0.24993,0.11703,-0.693161,0.711218,-0.461239,0.596284,0.657041,-0.000218,-0.005037,0.004532,-0.035691,-0.012148,-0.039983,-0.077582
2908,0.124096,0.028002,0.36903,-0.883659,-0.356675,-0.303273,0.00274,-0.651776,0.758388,-0.467066,0.669768,0.577311,-4.1e-05,-0.016027,0.020742,-0.411843,-0.313554,-0.185735,0.318666,-0.144948,0.053537,0.345421,0.532697,-0.738744,0.412894,0.150209,0.562539,0.812971,-0.833497,-0.370109,0.410079,0.0001,-0.001011,-0.000646,-0.078747,0.067538,0.053254,-1.403613,0.04734,0.04786,-0.004054,-0.369406,0.824129,0.429361,-0.202727,-0.522384,0.828261,0.906885,0.218921,0.360044,-0.006663,0.004506,-0.004081,-0.05993,0.091651,0.047942,-0.807433,0.077838,0.038391,-0.055433,-0.877386,-0.409341,-0.250265,0.116719,-0.688056,0.716208,-0.46537,0.59918,0.651469,-6e-06,-0.007905,0.010441,-0.584993,-0.381541,-0.194507,0.139268
2909,0.124263,0.027151,0.369902,-0.88203,-0.357535,-0.306981,-0.001489,-0.649388,0.760437,-0.470137,0.671628,0.572638,0.011876,-0.02107,0.017396,-0.071172,0.015275,-0.005193,0.375371,-0.145211,0.05351,0.345415,0.534364,-0.743417,0.402216,0.155822,0.554212,0.81762,-0.831398,-0.373289,0.411454,-0.012151,-0.000646,0.000587,-0.080855,0.083084,0.023532,-1.40356,0.047214,0.047845,-0.004058,-0.370757,0.829,0.418685,-0.206539,-0.513124,0.833093,0.905472,0.2224,0.361465,-4.7e-05,0.000488,0.000315,-0.093161,0.085975,0.055178,-0.808576,0.077915,0.037994,-0.055008,-0.875283,-0.411212,-0.254525,0.112638,-0.685173,0.719617,-0.470309,0.6012,0.646039,-0.000286,-0.009314,0.009565,-0.053072,0.0396,-0.035304,0.266471
2910,0.124374,0.026671,0.370292,-0.882109,-0.357256,-0.30708,-0.002447,-0.648437,0.761245,-0.469986,0.672695,0.571508,-0.000999,-0.020973,0.017673,-0.070277,0.031746,-0.033816,0.381052,-0.14535,0.053524,0.345436,0.540414,-0.741857,0.396979,0.155879,0.551788,0.819247,-0.827473,-0.37991,0.413304,-0.01225,0.000388,0.001246,-2.197101,-4.511417,-2.312562,-1.403905,0.04714,0.047852,-0.004048,-0.375599,0.829307,0.413731,-0.207065,-0.510224,0.834742,0.903354,0.227859,0.36336,-0.005966,0.000251,0.000527,-2.19789,-4.505613,-2.309485,-0.809393,0.077979,0.037743,-0.054802,-0.875443,-0.41086,-0.254544,0.111706,-0.684397,0.7205,-0.470235,0.602323,0.645047,0.005761,-0.011407,0.008153,-0.062249,-0.076822,0.170583,0.296517
2911,0.1247,0.025844,0.370958,-0.882282,-0.356801,-0.30711,-0.003981,-0.646756,0.762668,-0.46965,0.674553,0.569591,7.6e-05,-0.00756,0.010693,-0.034477,0.001885,0.008282,0.392215,-0.145656,0.053559,0.345483,0.549011,-0.742685,0.383403,0.161282,0.544104,0.82333,-0.820758,-0.389238,0.417987,-0.012264,0.000577,0.001365,-0.001102,0.011849,-0.023508,-1.403496,0.046991,0.047871,-0.004024,-0.386199,0.830855,0.400661,-0.209983,-0.502146,0.838901,0.898196,0.239851,0.368394,-0.000116,0.001184,0.000762,0.001447,-0.005409,0.008172,-0.80531,0.07814,0.037316,-0.054471,-0.87569,-0.410366,-0.254489,0.110161,-0.682914,0.722144,-0.470137,0.60434,0.643228,0.005948,-0.010521,0.008721,-0.069572,0.017882,-0.003509,0.320031
2912,0.125075,0.02571,0.371204,-0.882109,-0.356407,-0.308062,-0.005188,-0.646619,0.762777,-0.469962,0.674893,0.568931,0.013343,0.002224,0.001193,0.000984,-0.014715,0.029553,0.420921,-0.145938,0.053635,0.345543,0.54914,-0.745687,0.377341,0.163999,0.538755,0.826306,-0.820132,-0.390927,0.417638,-0.012294,0.000951,0.0016,-0.069043,0.072885,0.015574,-1.403833,0.04685,0.04791,-0.003993,-0.386182,0.833741,0.394637,-0.211314,-0.496413,0.841974,0.897891,0.241763,0.367887,-0.000133,0.001375,0.00088,-0.071665,0.06886,0.048259,-0.805474,0.078323,0.037246,-0.054345,-0.875655,-0.409884,-0.255387,0.108951,-0.682854,0.722384,-0.470486,0.604735,0.642602,0.006658,0.001068,0.000561,0.00077,-0.014072,0.030109,0.352689
2913,0.125568,0.025955,0.37106,-0.880202,-0.361551,-0.307524,-0.000879,-0.646733,0.762698,-0.473547,0.672046,0.569328,0.013354,0.010327,-0.009158,0.036137,-0.030451,0.046531,0.431346,-0.146111,0.053716,0.345586,0.558567,-0.73974,0.375206,0.159073,0.539361,0.826874,-0.814727,-0.401239,0.418438,-0.000282,0.002972,0.001893,0.00204,-0.016076,0.023828,-1.404092,0.046759,0.047948,-0.003973,-0.396509,0.829577,0.393168,-0.206698,-0.497951,0.842211,0.894458,0.252677,0.368914,-8.6e-05,0.000883,0.000568,0.001509,0.00041,-0.002449,-0.804657,0.07857,0.037371,-0.054409,-0.873333,-0.414866,-0.255293,0.113215,-0.682599,0.721969,-0.473784,0.601617,0.643105,0.012713,-0.000992,-0.00084,0.001899,-0.02972,0.060592,0.379795
2914,0.125856,0.026057,0.370899,-0.876734,-0.370974,-0.306203,0.004395,-0.642794,0.766008,-0.479905,0.670699,0.565579,0.01244,-0.002408,-0.001721,-0.212687,-0.224723,-0.080569,0.431447,-0.146181,0.05378,0.345598,0.565309,-0.735719,0.373007,0.158496,0.540522,0.826225,-0.810181,-0.407018,0.42167,-0.012292,0.001007,0.001634,0.030798,-0.021597,-0.030023,-1.403989,0.046728,0.047982,-0.003965,-0.404069,0.826772,0.391376,-0.206645,-0.499305,0.841422,0.89108,0.259117,0.372602,-0.000137,0.001402,0.000897,0.018382,-0.059731,0.050103,-0.805474,0.07871,0.037425,-0.054487,-0.869617,-0.423054,-0.254538,0.118307,-0.679079,0.724468,-0.479341,0.599896,0.640589,0.006425,0.003843,-0.005419,-0.388221,-0.376909,-0.109482,0.38502
2915,0.126374,0.026158,0.370606,-0.877112,-0.373693,-0.301784,0.007985,-0.639614,0.768637,-0.47917,0.672233,0.564381,0.012165,-0.003862,-0.002637,-0.034312,-0.034851,-0.013568,0.430044,-0.146289,0.054025,0.345604,0.570385,-0.733072,0.370484,0.157258,0.540042,0.826776,-0.806863,-0.412387,0.422816,-0.000363,0.003846,0.002445,-3.5e-05,-9.5e-05,-5e-05,-1.403907,0.046675,0.048096,-0.003962,-0.409677,0.825117,0.389033,-0.205079,-0.498851,0.842074,0.888879,0.265196,0.373582,-0.00018,0.001876,0.001197,-0.001857,0.001402,-0.002896,-0.802208,0.078973,0.037478,-0.054638,-0.86881,-0.427046,-0.250598,0.121841,-0.674937,0.727745,-0.479919,0.60174,0.638425,0.006207,-0.001285,-0.000923,-0.011152,-0.048057,0.012672,0.387633
2916,0.126957,0.026231,0.370433,-0.876557,-0.375729,-0.300866,0.008876,-0.63764,0.770266,-0.480166,0.672977,0.562645,0.012612,-0.001482,-0.001143,-0.008429,-0.024007,0.024664,0.428297,-0.146557,0.054479,0.345543,0.587351,-0.726492,0.356678,0.157492,0.534748,0.830166,-0.794563,-0.430501,0.428021,-0.001857,0.017137,-0.003997,0.046874,-0.047082,0.082197,-1.404056,0.046537,0.048323,-0.003993,-0.428249,0.82156,0.376353,-0.204121,-0.493657,0.845361,0.880305,0.285204,0.379106,-0.000326,0.003439,0.002188,0.039048,-0.14721,0.247191,-0.802861,0.079264,0.03751,-0.054728,-0.86799,-0.429158,-0.249831,0.122806,-0.672988,0.729386,-0.481156,0.602419,0.63685,0.006316,-0.0007,-0.000557,0.017187,-0.017426,0.02761,0.386816
2917,0.127296,0.026222,0.370352,-0.877083,-0.375911,-0.2991,0.010087,-0.636976,0.770799,-0.479182,0.673504,0.562853,0.0249,-0.004696,-0.003378,0.001033,-0.02584,0.053506,0.427348,-0.146713,0.054831,0.345497,0.592617,-0.723843,0.353337,0.157029,0.533938,0.830775,-0.790738,-0.435926,0.429609,-0.002021,0.018942,-0.002854,0.035113,-0.012768,0.016913,-1.404003,0.046459,0.048497,-0.004017,-0.434078,0.819873,0.373342,-0.203486,-0.492943,0.845931,0.877593,0.291231,0.380808,-0.007117,0.009697,-0.000786,0.031239,-0.017986,0.002006,-0.80678,0.079439,0.037508,-0.054767,-0.868388,-0.429425,-0.24798,0.124115,-0.672381,0.729724,-0.4801,0.602906,0.637186,0.012435,-0.002443,-0.001761,0.006341,-0.027612,0.060265,0.386163
2918,0.128006,0.026027,0.370228,-0.875077,-0.383513,-0.295303,0.016482,-0.633424,0.773611,-0.482655,0.672577,0.560991,0.024805,-0.005275,-0.003749,0.04418,-0.146667,-0.025612,0.419158,-0.147177,0.055673,0.345393,0.608002,-0.718239,0.338315,0.157857,0.526845,0.835134,-0.778814,-0.453444,0.433245,-0.014181,0.01935,-0.001624,-0.297997,0.232859,0.29955,-1.404099,0.046237,0.048908,-0.004065,-0.452702,0.815804,0.359893,-0.203811,-0.487608,0.848939,0.868056,0.310966,0.387011,-0.007086,0.009563,-0.000873,0.114949,-0.588759,0.722514,-0.808413,0.07978,0.037412,-0.054827,-0.865718,-0.436633,-0.244711,0.130115,-0.66841,0.732323,-0.483324,0.602144,0.635468,0.012313,-0.003184,-0.002212,0.518142,-1.333529,-0.864383,0.380611
2919,0.128783,0.025876,0.370037,-0.874511,-0.385479,-0.294418,0.017173,-0.631283,0.775344,-0.483653,0.673469,0.559058,0.024728,-0.005758,-0.004062,0.001779,-0.029618,0.059007,0.42076,-0.147927,0.056665,0.345227,0.623311,-0.714918,0.316807,0.162748,0.514733,0.841723,-0.765602,-0.472184,0.43676,-0.014368,0.022077,7.7e-05,-0.02996,-0.24248,0.180455,-1.403955,0.045867,0.0494,-0.004151,-0.467235,0.816717,0.338619,-0.2049,-0.472595,0.857128,0.860061,0.331098,0.388159,-0.007772,0.016197,-0.004101,-0.422864,-1.520573,-0.467097,-0.814291,0.080168,0.037337,-0.054923,-0.864695,-0.439012,-0.244068,0.131131,-0.666354,0.734014,-0.484877,0.602694,0.633761,0.01227,-0.003405,-0.002376,0.007318,-0.013225,0.036228,0.377672
2920,0.129505,0.025619,0.369803,-0.87254,-0.390572,-0.293551,0.021375,-0.630829,0.775609,-0.487028,0.67096,0.559146,0.024081,-0.009484,-0.006424,0.005909,-0.111901,0.207794,0.414216,-0.148859,0.057765,0.345043,0.636126,-0.714307,0.291721,0.168691,0.497546,0.850838,-0.753689,-0.491118,0.4366,-0.027568,0.032579,-0.007142,-0.064374,0.001812,0.269413,-1.404167,0.045395,0.049961,-0.004241,-0.482026,0.817869,0.314229,-0.207115,-0.454846,0.866151,0.851324,0.352425,0.38864,-0.013813,0.016566,-0.00338,-0.09943,0.130811,0.115919,-0.814944,0.080534,0.037212,-0.055038,-0.862319,-0.443953,-0.243536,0.135378,-0.665572,0.733951,-0.487932,0.599931,0.634038,0.005757,-0.003858,-0.002559,0.000908,-0.015409,0.032623,0.374733
2921,0.129846,0.025405,0.369684,-0.872393,-0.390351,-0.294281,0.020748,-0.631085,0.775418,-0.487318,0.670847,0.559027,0.011066,-0.010263,-0.006707,0.000315,-0.000741,0.004357,0.409109,-0.149368,0.058412,0.344954,0.65374,-0.704585,0.275997,0.166857,0.489831,0.855663,-0.738886,-0.512429,0.437409,-0.027615,0.033951,-0.006295,-1.751977,-4.58852,-2.038535,-1.404109,0.045151,0.05027,-0.004284,-0.498111,0.813617,0.299853,-0.207096,-0.447425,0.870012,0.842019,0.371264,0.391364,-0.013879,0.017701,-0.002675,-0.281578,0.184058,0.51089,-0.815598,0.08071,0.037107,-0.055096,-0.862239,-0.443607,-0.244449,0.134598,-0.665951,0.733752,-0.488289,0.599767,0.633918,0.011835,-0.005964,-0.004003,0.001069,-0.014802,0.034956,0.370814
2922,0.130475,0.024945,0.369426,-0.872924,-0.390449,-0.292572,0.021751,-0.630275,0.776049,-0.486324,0.671552,0.559047,0.023704,-0.011968,-0.008029,0.001297,-0.015457,0.033909,0.400785,-0.150296,0.059739,0.344809,0.674009,-0.695667,0.248498,0.17431,0.476515,0.861675,-0.718685,-0.536571,0.442093,-0.027691,0.036553,-0.004706,0.036061,-0.093911,0.223987,-1.403957,0.044667,0.050959,-0.004362,-0.524631,0.806293,0.273228,-0.208437,-0.432829,0.877047,0.825418,0.403175,0.395137,-0.013855,0.018329,-0.002304,0.076069,-0.095363,0.198663,-0.815271,0.081019,0.036874,-0.055227,-0.862632,-0.443811,-0.242686,0.135581,-0.665089,0.734351,-0.487322,0.600572,0.6339,0.005535,-0.005224,-0.003434,0.000178,-0.000417,0.005234,0.358894
2923,0.130915,0.024551,0.36912,-0.872715,-0.390175,-0.293558,0.021003,-0.630731,0.775699,-0.48673,0.671283,0.559017,0.010968,-0.011152,-0.007317,0.000311,-0.00074,0.004357,0.393697,-0.151226,0.061041,0.344638,0.697915,-0.679755,0.225476,0.171922,0.464493,0.86869,-0.696094,-0.566637,0.440727,-0.027318,0.033756,-0.006464,-1.379454,-4.747239,-2.131195,-1.403729,0.044212,0.051603,-0.004441,-0.548016,0.797683,0.251752,-0.206072,-0.420443,0.883606,0.810686,0.432352,0.39479,-0.019627,0.016545,-0.002951,-0.209599,0.112263,0.303104,-0.82066,0.081244,0.036676,-0.05538,-0.862538,-0.443439,-0.243696,0.134804,-0.665602,0.73403,-0.487703,0.600278,0.633885,0.005481,-0.005613,-0.00369,0.000179,-0.000339,0.004723,0.350892
2924,0.131095,0.024366,0.368987,-0.873291,-0.39042,-0.291514,0.022368,-0.629859,0.776369,-0.485639,0.671959,0.559154,0.011273,-0.00947,-0.006256,0.000311,-0.000739,0.004358,0.385027,-0.151717,0.061657,0.344527,0.713752,-0.667365,0.212537,0.169608,0.458958,0.87208,-0.680427,-0.585546,0.440474,-0.027202,0.033168,-0.006834,-0.074075,-0.062017,0.033707,-1.403815,0.043966,0.051911,-0.004497,-0.570693,0.785358,0.239835,-0.200023,-0.416221,0.886989,0.796429,0.458226,0.394624,-0.013546,0.015748,-0.003915,-0.111554,-0.450598,0.00316,-0.824415,0.081334,0.036579,-0.05545,-0.862925,-0.443829,-0.241607,0.13616,-0.664649,0.734643,-0.48664,0.601045,0.633975,-0.00065,-0.003749,-0.002395,-0.000433,0.01271,-0.022892,0.342728
2925,0.131351,0.024096,0.368832,-0.873226,-0.390297,-0.291873,0.02204,-0.629972,0.776287,-0.48577,0.671925,0.559081,0.011756,-0.006777,-0.004547,0.000309,-0.000741,0.004357,0.375945,-0.152676,0.06264,0.344207,0.749098,-0.635462,0.187165,0.158933,0.446514,0.880511,-0.644034,-0.629026,0.435212,-0.026441,0.024823,-0.011955,-0.445092,0.2534,0.47202,-1.404065,0.043486,0.052415,-0.004649,-0.613954,0.758788,0.217483,-0.187506,-0.407837,0.893593,0.766746,0.507846,0.392671,-0.007324,0.013036,-0.006046,0.009873,-0.197116,0.220726,-0.826375,0.081461,0.036442,-0.055529,-0.862903,-0.443667,-0.241985,0.135811,-0.664796,0.734575,-0.486778,0.601003,0.63391,-0.000373,-0.002168,-0.001391,-6.1e-05,0.000205,0.000249,0.326236
2926,0.131543,0.023977,0.368741,-0.872919,-0.389951,-0.29325,0.020954,-0.630514,0.775877,-0.486368,0.671616,0.558932,-0.000336,-0.001943,-0.001243,-0.0,-0.0,-0.0,0.372058,-0.153626,0.063164,0.343892,0.789223,-0.589535,0.171947,0.136903,0.44168,0.886628,-0.599627,-0.675447,0.429047,-0.024822,0.008761,-0.007285,-1.133673,-4.835852,-2.053391,-1.404352,0.04302,0.052677,-0.004807,-0.657021,0.72534,0.205434,-0.166077,-0.405074,0.899073,0.73535,0.556593,0.386604,-0.005872,-0.00137,-0.000372,0.010342,-1.401503,2.400001,-0.828497,0.081557,0.036381,-0.055575,-0.862764,-0.443263,-0.243218,0.134842,-0.665344,0.734257,-0.487293,0.600695,0.633805,0.000172,0.005093,-0.004522,0.035217,-0.015104,0.017341,0.316765
2927,0.13162,0.024027,0.368666,-0.872776,-0.389837,-0.293827,0.020624,-0.630883,0.775586,-0.486638,0.671336,0.559034,0.012989,0.008553,-0.010293,0.036233,-0.029985,0.046757,0.371283,-0.154111,0.063252,0.343766,0.801502,-0.574131,0.16721,0.129395,0.439328,0.888922,-0.584816,-0.690096,0.42617,-0.035267,-0.006114,-0.000979,-0.240398,0.133176,0.203857,-1.404263,0.042781,0.052726,-0.004873,-0.676643,0.708363,0.200932,-0.156444,-0.404969,0.900846,0.719498,0.578118,0.384838,-0.012359,0.003534,-0.004157,-0.394796,0.146663,0.341634,-0.830784,0.081595,0.036401,-0.05561,-0.86267,-0.443069,-0.243902,0.134419,-0.665753,0.733964,-0.487576,0.600384,0.633882,-5.9e-05,-0.000351,-0.000228,-3.3e-05,0.00012,0.000131,0.314805
2928,0.131688,0.024218,0.368426,-0.872577,-0.389776,-0.294497,0.020543,-0.631652,0.774962,-0.486998,0.670647,0.559547,-0.000284,-0.001647,-0.001054,-0.0,-0.0,-0.0,0.362238,-0.155103,0.063107,0.34368,0.823871,-0.544174,0.158438,0.117682,0.437505,0.891445,-0.555446,-0.715087,0.424257,-0.023445,-0.005226,-0.001364,-0.060926,-0.077036,-0.10087,-1.404016,0.042272,0.05265,-0.004922,-0.703629,0.683707,0.193518,-0.144396,-0.404242,0.903182,0.695741,0.607562,0.383161,-0.011703,-0.00304,-0.000941,-0.075239,-0.390952,-0.267894,-0.829804,0.081634,0.036501,-0.055727,-0.862534,-0.442946,-0.244605,0.134321,-0.666504,0.733299,-0.487843,0.599641,0.63438,3.5e-05,0.004298,-0.005024,0.034567,-0.001193,-0.007896,0.308274
2929,0.131673,0.02436,0.368296,-0.87243,-0.389722,-0.295005,0.02042,-0.632157,0.774553,-0.487267,0.670202,0.559846,-2e-06,-1e-05,-6e-06,-0.0,-0.0,-0.0,0.350431,-0.15603,0.062625,0.343633,0.849275,-0.506993,0.147246,0.106297,0.437197,0.893025,-0.518193,-0.742115,0.424976,-0.022995,-0.012609,-0.005914,-0.027033,-0.090254,-0.139975,-1.403911,0.041807,0.052421,-0.004938,-0.735923,0.651514,0.184241,-0.133335,-0.406247,0.903982,0.663805,0.640696,0.385836,-0.011477,-0.006724,-0.00322,-0.070821,-0.411753,-0.293026,-0.833723,0.081627,0.036573,-0.055798,-0.862433,-0.44285,-0.245135,0.134202,-0.667018,0.732854,-0.488055,0.59914,0.63469,0.000232,0.005445,-0.004288,0.035233,-0.015236,0.01725,0.294557
2930,0.131565,0.024401,0.368336,-0.87234,-0.389643,-0.295377,0.020118,-0.632275,0.774465,-0.48744,0.670137,0.559773,-0.012947,-0.008335,0.010426,-0.036227,0.030016,-0.04674,0.344419,-0.156947,0.061764,0.343277,0.86929,-0.473526,0.141774,0.092825,0.437884,0.89419,-0.48659,-0.763534,0.424394,-0.022511,-0.021807,-0.011651,-0.021648,0.060655,-0.10375,-1.404007,0.041349,0.051995,-0.005113,-0.762005,0.621945,0.180363,-0.119906,-0.40922,0.904522,0.636372,0.667624,0.386403,-0.011234,-0.011275,-0.006061,-0.002285,0.033911,-0.128067,-0.839438,0.081578,0.036597,-0.055782,-0.862376,-0.442732,-0.245548,0.133884,-0.667188,0.732758,-0.488243,0.599038,0.634642,0.000113,0.000656,0.000422,-1.9e-05,4.5e-05,2.8e-05,0.283127
2931,0.13149,0.024392,0.368378,-0.872259,-0.389552,-0.295731,0.019782,-0.632339,0.774421,-0.487597,0.670129,0.559646,0.000198,0.001141,0.00073,0.0,0.0,0.0,0.340461,-0.157237,0.061389,0.343058,0.870082,-0.47203,0.141902,0.089644,0.434414,0.896204,-0.485768,-0.766436,0.420082,-0.010795,-0.018781,-0.010739,-0.239603,0.23173,0.073029,-1.403862,0.0412,0.051798,-0.005228,-0.763604,0.619851,0.180811,-0.116009,-0.40718,0.905949,0.635177,0.670811,0.382833,-0.005982,-0.003436,-0.008971,-0.328337,0.268518,0.146099,-0.841071,0.081535,0.036588,-0.055757,-0.86234,-0.442627,-0.245862,0.133568,-0.667245,0.732763,-0.488392,0.599053,0.634513,-0.006207,0.001494,0.001066,-0.000335,0.000731,-0.004347,0.278881
2932,0.131323,0.024382,0.368374,-0.869779,-0.394571,-0.296385,0.02302,-0.632453,0.774239,-0.491861,0.667083,0.559553,-0.000194,-0.001116,-0.000714,0.0,-0.0,-0.0,0.330934,-0.157602,0.060742,0.342654,0.881234,-0.451671,0.139325,0.082011,0.436165,0.896085,-0.466607,-0.777645,0.421199,-0.010899,-0.017887,-0.010245,-0.010279,-0.00839,-0.071411,-1.404114,0.041013,0.051464,-0.005436,-0.777748,0.602551,0.178993,-0.108939,-0.409663,0.905707,0.619063,0.684914,0.384257,-0.005442,-0.009038,-0.005189,-0.008439,-0.006013,-0.080008,-0.847113,0.081452,0.036587,-0.055757,-0.859546,-0.447403,-0.247001,0.136786,-0.667086,0.732314,-0.492411,0.595672,0.63459,-0.000109,-0.000624,-0.000399,-5.7e-05,0.000161,6.3e-05,0.267614
2933,0.131227,0.024418,0.368341,-0.869581,-0.394407,-0.297182,0.022469,-0.632834,0.773943,-0.492235,0.666818,0.55954,0.000432,0.010696,-0.008699,0.035238,-0.015329,0.017173,0.325563,-0.158006,0.059997,0.342245,0.889752,-0.436386,0.133792,0.079509,0.436587,0.896105,-0.450573,-0.786103,0.422952,-0.011038,-0.016436,-0.009399,-0.004025,0.031763,-0.052746,-1.403619,0.040815,0.051093,-0.00564,-0.789193,0.588939,0.174137,-0.106553,-0.410548,0.905591,0.60483,0.696132,0.386755,-0.005493,-0.008606,-0.004945,-0.007086,0.050844,-0.081066,-0.851848,0.081404,0.036599,-0.055771,-0.859437,-0.44718,-0.247784,0.136237,-0.667474,0.732063,-0.492754,0.595405,0.634575,-0.006347,0.000682,0.000548,-0.00099,0.014809,-0.029484,0.256347
2934,0.131201,0.024436,0.368353,-0.869488,-0.394314,-0.297578,0.022158,-0.632983,0.77383,-0.492414,0.666731,0.559487,0.000267,0.001532,0.000981,0.000668,-0.014013,0.025175,0.323381,-0.15809,0.059737,0.342089,0.890013,-0.436515,0.131618,0.081532,0.436173,0.896125,-0.449695,-0.786261,0.423594,-0.011267,-0.01277,-0.00711,-0.004024,0.031764,-0.052747,-1.403907,0.040774,0.050957,-0.005722,-0.78954,0.589103,0.171998,-0.108451,-0.409788,0.90571,0.60404,0.696441,0.387433,0.000346,-0.005876,-0.003704,-0.002634,0.018117,-0.026375,-0.851848,0.08139,0.036609,-0.055771,-0.859384,-0.447063,-0.248176,0.135947,-0.667654,0.731952,-0.492925,0.59529,0.634549,1e-05,5.8e-05,3.9e-05,-1.5e-05,6.5e-05,6.9e-05,0.253571
2935,0.131184,0.024454,0.368353,-0.870288,-0.392134,-0.29812,0.021554,-0.635019,0.772178,-0.491028,0.666077,0.56148,1e-06,5e-06,3e-06,0.033836,0.034559,0.018298,0.314623,-0.158195,0.059391,0.341892,0.896802,-0.424416,0.124933,0.082665,0.43791,0.895173,-0.435758,-0.791911,0.427616,0.00043,-0.007448,-0.004709,0.286683,-0.709245,-0.463592,-1.403657,0.040717,0.050784,-0.00582,-0.797486,0.580236,0.165351,-0.110019,-0.40932,0.905732,0.593221,0.704118,0.390265,0.000181,-0.003275,-0.002019,0.204197,-1.811903,-1.018665,-0.852338,0.081383,0.036622,-0.055768,-0.860394,-0.444941,-0.24849,0.135526,-0.669798,0.730069,-0.491277,0.594471,0.636592,0.000223,0.005386,-0.004323,0.050665,0.018057,0.039358,0.244917
2936,0.131201,0.024478,0.368299,-0.870161,-0.392029,-0.298627,0.02124,-0.63531,0.771947,-0.491266,0.665861,0.561529,0.000319,0.010042,-0.009116,0.035244,-0.015328,0.017174,0.30662,-0.158037,0.059156,0.341742,0.904096,-0.408513,0.125377,0.074533,0.439404,0.895155,-0.421907,-0.799427,0.427522,0.000379,-0.006516,-0.004129,-0.00241,0.012891,-0.025273,-1.404009,0.040796,0.050671,-0.005892,-0.808763,0.563927,0.166998,-0.102121,-0.414281,0.904401,0.5792,0.714392,0.392644,0.006153,-0.00233,-0.001961,-0.005115,-0.009233,0.001251,-0.84646,0.081391,0.036631,-0.055791,-0.860341,-0.44474,-0.249035,0.135007,-0.66995,0.730026,-0.491513,0.59445,0.636429,-8.5e-05,-0.000486,-0.00031,-0.001134,-0.000702,-0.000262,0.23414
2937,0.131207,0.02448,0.368253,-0.870021,-0.391902,-0.2992,0.020847,-0.635593,0.771725,-0.491529,0.665666,0.561529,-7.7e-05,-0.00044,-0.000282,0.0,0.0,0.0,0.292089,-0.157774,0.05899,0.341617,0.906166,-0.403404,0.126964,0.070715,0.440262,0.895043,-0.418097,-0.801551,0.427287,0.012215,-0.002965,-0.002828,0.002045,-0.015205,0.029245,-1.403872,0.040927,0.050584,-0.005957,-0.811596,0.559306,0.168784,-0.098509,-0.415783,0.904112,0.575854,0.717148,0.392544,0.006104,-0.001404,-0.001375,0.002139,-0.014178,0.029704,-0.837805,0.081394,0.036634,-0.055818,-0.860249,-0.444586,-0.249627,0.134623,-0.670265,0.729808,-0.491779,0.594212,0.636447,-3.6e-05,-0.000211,-0.000136,4.3e-05,-0.000214,-0.000161,0.217484
2938,0.131195,0.024467,0.368244,-0.870933,-0.389829,-0.299257,0.020598,-0.637424,0.770219,-0.489926,0.665128,0.563564,-0.000237,-0.001362,-0.000872,0.028711,0.029408,0.015584,0.287425,-0.157564,0.05894,0.341568,0.910756,-0.392769,0.127463,0.065131,0.441187,0.895011,-0.408909,-0.80632,0.427204,0.012217,-0.00291,-0.002795,1.4e-05,0.001027,0.005588,-1.403949,0.041028,0.050562,-0.005979,-0.817982,0.549645,0.16969,-0.093175,-0.41769,0.903798,0.567646,0.723481,0.392877,0.006073,-0.000817,-0.001008,0.001935,-0.015038,0.029179,-0.842704,0.081388,0.03663,-0.055821,-0.861331,-0.442595,-0.249433,0.134565,-0.672183,0.728053,-0.489898,0.59353,0.63853,-0.000134,-0.000774,-0.000496,0.007083,0.04027,-0.006517,0.209809
2939,0.131142,0.024443,0.36823,-0.870878,-0.389779,-0.299482,0.020423,-0.637507,0.770156,-0.490031,0.665078,0.563532,-0.000131,-0.000754,-0.000483,6e-06,6e-06,3e-06,0.281661,-0.156973,0.05876,0.34143,0.917495,-0.376733,0.127535,0.057285,0.442205,0.895046,-0.394741,-0.813399,0.427111,0.012414,-0.00587,-0.004688,-0.06338,-0.443835,-0.206697,-1.403734,0.041313,0.05048,-0.006042,-0.826497,0.536556,0.170321,-0.086379,-0.419849,0.903473,0.556274,0.732006,0.393351,0.006145,-0.002863,-0.001901,-0.723587,-4.972821,-2.315237,-0.837968,0.081362,0.036616,-0.055829,-0.8613,-0.442497,-0.249714,0.134198,-0.672135,0.728164,-0.490053,0.593657,0.638293,-8e-05,-0.000462,-0.000298,-0.000998,-0.000807,-0.000395,0.199196
2940,0.131052,0.024406,0.368243,-0.870821,-0.389717,-0.299727,0.020189,-0.637546,0.770129,-0.490141,0.665077,0.563438,-0.000116,-0.000665,-0.000426,0.004601,-0.096746,0.173717,0.277013,-0.156301,0.058469,0.341281,0.919541,-0.371558,0.127984,0.054312,0.442429,0.89512,-0.390366,-0.815661,0.42682,0.0137,-0.019011,0.001714,-0.036505,0.011871,-0.012271,-1.403814,0.041658,0.050338,-0.006121,-0.830353,0.530357,0.17098,-0.082789,-0.420846,0.903345,0.551052,0.735941,0.393359,0.012272,-0.003143,-0.002979,-0.011548,0.101453,-0.12681,-0.841234,0.081316,0.036598,-0.055823,-0.861259,-0.442437,-0.249961,0.133975,-0.672183,0.728161,-0.490186,0.593647,0.6382,-6.1e-05,-0.000344,-0.000219,0.004681,-0.097049,0.173447,0.191031
2941,0.130994,0.024389,0.368268,-0.870768,-0.389655,-0.299962,0.019962,-0.637583,0.770105,-0.490244,0.665078,0.563347,-2e-06,-1e-05,-6e-06,0.0,0.0,0.0,0.27513,-0.155914,0.058242,0.34115,0.923779,-0.360796,0.128256,0.04886,0.442994,0.895155,-0.380943,-0.820184,0.426665,0.024857,-0.010832,-0.008849,0.002088,-0.013867,0.034982,-1.403938,0.041847,0.050228,-0.006178,-0.836418,0.520509,0.171678,-0.077477,-0.422369,0.903105,0.542587,0.742073,0.393605,0.012467,-0.005934,-0.004779,-0.013644,0.118162,-0.150297,-0.836989,0.081287,0.036588,-0.055811,-0.861228,-0.442365,-0.250195,0.133754,-0.672236,0.728153,-0.490301,0.593642,0.638117,2e-06,2e-05,1.5e-05,8.3e-05,-0.000243,-0.000212,0.188092
2942,0.130848,0.024349,0.368315,-0.871609,-0.387497,-0.300315,0.019388,-0.639418,0.768596,-0.488773,0.664573,0.565217,-0.0,-1e-06,-1e-06,0.12375,0.127145,0.067336,0.269724,-0.155155,0.05749,0.340654,0.932337,-0.339116,0.125458,0.040981,0.443545,0.895278,-0.360419,-0.829111,0.427242,0.025681,-0.021816,-0.016003,-0.007551,-0.02086,-0.031163,-1.404448,0.042226,0.049863,-0.006419,-0.848844,0.500703,0.169582,-0.069901,-0.424279,0.902828,0.523999,0.754508,0.395147,0.007417,-0.017211,-0.004168,-0.057671,-0.103025,-0.104289,-0.844337,0.081214,0.036569,-0.055787,-0.861998,-0.440743,-0.250408,0.133403,-0.673815,0.726757,-0.489042,0.593058,0.639624,-0.006565,-0.004645,0.004908,0.149812,0.19795,0.036269,0.18205
2943,0.130666,0.024354,0.368345,-0.87254,-0.385462,-0.300231,0.019212,-0.641152,0.767155,-0.487119,0.664083,0.567217,-0.012678,0.001477,0.001158,0.277864,0.30136,0.122242,0.263711,-0.154326,0.056539,0.339965,0.940838,-0.317217,0.119115,0.036335,0.443641,0.895431,-0.338071,-0.837707,0.42874,0.014009,-0.026824,-0.018447,-0.004007,0.034396,-0.041294,-1.404021,0.042645,0.049382,-0.006767,-0.861473,0.480579,0.164029,-0.065315,-0.425202,0.902738,0.503583,0.766972,0.397689,0.013065,-0.013021,-0.009486,-0.002259,0.02184,-0.013407,-0.832743,0.081124,0.036571,-0.055772,-0.862717,-0.439379,-0.250328,0.133115,-0.674888,0.725813,-0.487852,0.592849,0.640725,-0.006338,0.000742,0.000585,0.426947,0.361522,0.129911,0.173232
2944,0.130457,0.024387,0.368358,-0.872611,-0.385577,-0.299877,0.019519,-0.641029,0.767251,-0.48698,0.664136,0.567275,-0.012677,0.001483,0.001161,-0.000925,0.014776,-0.029521,0.263,-0.153321,0.055518,0.339219,0.949727,-0.289545,0.119051,0.023371,0.444448,0.895463,-0.313382,-0.847278,0.428691,0.02635,-0.027072,-0.019808,-0.061202,-0.426175,-0.22526,-1.404356,0.043143,0.048867,-0.007142,-0.874896,0.455379,0.164878,-0.0529,-0.428259,0.902105,0.481411,0.780527,0.398772,0.013188,-0.013714,-0.010015,-0.195695,-1.47961,-0.733991,-0.842377,0.081024,0.036587,-0.055766,-0.863387,-0.438394,-0.249743,0.133291,-0.675593,0.725125,-0.486616,0.592775,0.641732,-0.0,1e-06,3e-06,-0.003114,-0.001758,-0.000556,0.16915
2945,0.130352,0.024392,0.368363,-0.871843,-0.385123,-0.302682,0.017581,-0.642209,0.76631,-0.488425,0.663257,0.56706,-7e-06,-4.1e-05,-2.6e-05,1e-06,-2e-06,4e-06,0.26165,-0.152858,0.054953,0.338823,0.954978,-0.272838,0.116483,0.01792,0.444622,0.895502,-0.297318,-0.852732,0.429316,0.014415,-0.029881,-0.020781,-0.009261,-0.005676,-0.060503,-1.404494,0.043379,0.048586,-0.00734,-0.883408,0.43941,0.162812,-0.047392,-0.429437,0.901851,0.4662,0.788987,0.400193,0.013324,-0.014758,-0.010808,-0.019378,-0.112103,-0.079142,-0.838621,0.080966,0.03659,-0.055764,-0.862879,-0.437759,-0.252599,0.131363,-0.676867,0.724288,-0.48804,0.59179,0.64156,-0.006343,0.000726,0.000573,-0.001963,0.017309,-0.034037,0.16817
2946,0.130094,0.024406,0.3684,-0.871922,-0.38524,-0.302303,0.017866,-0.642025,0.766457,-0.488273,0.663368,0.567062,-0.0,-0.0,-0.0,0.0,0.0,0.0,0.246302,-0.151898,0.053808,0.33801,0.967145,-0.233239,0.101098,0.013674,0.444439,0.895668,-0.255053,-0.864543,0.432869,0.026609,-0.027085,-0.020176,-0.001426,-0.147622,-0.011698,-1.405162,0.043854,0.048005,-0.007751,-0.903224,0.402588,0.148683,-0.043215,-0.430005,0.901791,0.426985,0.808095,0.405789,0.013323,-0.013522,-0.010111,0.018509,-0.658465,0.160472,-0.843194,0.080838,0.036597,-0.055745,-0.862915,-0.43793,-0.252178,0.131688,-0.676644,0.724438,-0.487888,0.59192,0.641557,-2e-06,5e-06,6e-06,9.1e-05,-0.000324,-0.000386,0.156413
2947,0.129828,0.02442,0.368449,-0.871941,-0.385288,-0.302188,0.017928,-0.641922,0.766542,-0.488237,0.663439,0.56701,1.6e-05,9.2e-05,5.9e-05,0.0,0.0,0.0,0.238374,-0.150959,0.052879,0.337277,0.977194,-0.192771,0.089011,0.006202,0.444452,0.895745,-0.213465,-0.8745,0.435369,0.014197,-0.023895,-0.017195,-0.015973,-0.102255,-0.100411,-1.405018,0.044329,0.047535,-0.008122,-0.920985,0.364455,0.137691,-0.035913,-0.431332,0.901477,0.387939,0.825302,0.410339,0.013195,-0.010823,-0.008393,-0.025454,-0.564122,-0.03458,-0.846296,0.080705,0.036605,-0.055721,-0.862913,-0.437998,-0.252063,0.13176,-0.676538,0.724523,-0.487871,0.591989,0.641505,-0.00633,0.000804,0.000625,-0.000901,0.014471,-0.029788,0.139268
2948,0.129686,0.024445,0.368456,-0.871878,-0.385248,-0.302419,0.017766,-0.642019,0.766464,-0.488355,0.663368,0.566991,0.0,1e-06,1e-06,0.0,0.0,0.0,0.237944,-0.150496,0.052512,0.336945,0.983814,-0.161788,0.07698,0.002343,0.440644,0.897642,-0.180388,-0.882707,0.433763,0.026271,-0.019954,-0.015636,-0.090036,-0.510161,0.000626,-1.404702,0.044566,0.04734,-0.008295,-0.933703,0.334994,0.126402,-0.031231,-0.427884,0.903293,0.356684,0.83946,0.409979,0.013149,-0.009758,-0.007717,-0.051747,-0.503682,-0.025131,-0.850379,0.080634,0.036617,-0.055717,-0.862871,-0.437948,-0.252296,0.131604,-0.676643,0.724453,-0.487988,0.591907,0.641492,-0.006341,0.000748,0.000589,-0.000902,0.014511,-0.029738,0.136002
2949,0.129312,0.024467,0.368487,-0.871055,-0.384776,-0.305379,0.015705,-0.64323,0.765494,-0.48989,0.662468,0.566719,-0.012707,0.001329,0.001057,0.001814,0.00224,-0.011185,0.237505,-0.149601,0.051955,0.33632,0.991365,-0.11885,0.055335,0.000588,0.425308,0.905012,-0.132346,-0.896993,0.421606,0.02474,-0.003883,-0.020093,-0.599253,0.313687,0.856218,-1.404919,0.045004,0.047063,-0.008601,-0.950661,0.291241,0.106869,-0.025028,-0.415366,0.90931,0.309218,0.861771,0.402162,0.013006,-0.007327,-0.006115,-0.111382,-0.259548,1.176325,-0.858706,0.080451,0.036627,-0.055702,-0.862322,-0.437254,-0.255359,0.129521,-0.677997,0.723562,-0.489514,0.59087,0.641286,-0.006358,0.000649,0.000525,0.008448,-0.026828,0.031489,0.133226
2950,0.128942,0.024459,0.368489,-0.871294,-0.3824,-0.307672,0.013966,-0.646007,0.763185,-0.489518,0.661135,0.568594,-0.012924,0.00014,0.000294,0.032768,-0.122073,0.175365,0.234257,-0.148629,0.051711,0.335816,0.996845,-0.070899,0.035557,-0.003414,0.408186,0.912856,-0.080494,-0.909986,0.406582,0.024304,0.002034,-0.016094,0.096275,-1.231132,2.837916,-1.404728,0.04549,0.046938,-0.008854,-0.964952,0.246265,0.09066,-0.015519,-0.398419,0.917072,0.261963,0.883524,0.388277,0.012805,-0.004682,-0.00431,-0.181798,-1.458169,-0.393512,-0.861482,0.080271,0.036625,-0.0557,-0.863139,-0.434925,-0.256574,0.128445,-0.680488,0.721412,-0.488356,0.589723,0.643221,-0.000185,-0.001064,-0.000678,0.338376,-1.549785,2.263486,0.13143
2951,0.128627,0.024445,0.368473,-0.87078,-0.382264,-0.309294,0.012999,-0.646754,0.762569,-0.490458,0.660483,0.568542,-0.000301,-0.00165,-0.001058,1e-06,1e-06,0.0,0.219817,-0.147384,0.051587,0.335415,0.99934,-0.031866,0.017191,-0.003163,0.3932,0.919412,-0.037322,-0.918796,0.392789,0.037654,-0.004793,-0.006534,-0.406968,0.028333,0.641709,-1.405075,0.046098,0.046882,-0.009055,-0.975469,0.20857,0.070403,-0.015324,-0.383385,0.923461,0.219598,0.899729,0.377177,0.018825,-0.002014,-0.003045,-0.500488,-0.171987,0.389986,-0.854951,0.080104,0.036618,-0.055707,-0.862597,-0.434521,-0.259067,0.126877,-0.681553,0.720684,-0.489721,0.588791,0.643037,-0.006526,-0.000268,-6.5e-05,-0.001464,0.015252,-0.03109,0.119183
2952,0.128473,0.024465,0.368466,-0.870827,-0.38235,-0.309056,0.013227,-0.646693,0.762618,-0.490369,0.660494,0.568607,-0.012731,0.001224,0.000986,-0.000984,0.014715,-0.029553,0.211974,-0.146772,0.051512,0.335309,0.999966,-0.003356,0.007004,-0.00505,0.386032,0.922436,-0.007065,-0.922412,0.385964,0.037565,-0.003462,-0.005632,-0.443863,-0.275176,0.310392,-1.405181,0.046413,0.046844,-0.00911,-0.981593,0.18123,0.06024,-0.012596,-0.376173,0.926463,0.190564,0.908652,0.371532,0.012612,-0.001909,-0.002426,-0.626397,-1.302481,-0.112807,-0.842377,0.080027,0.036625,-0.055713,-0.862615,-0.434633,-0.258819,0.127115,-0.681468,0.720723,-0.489628,0.588808,0.643093,-0.006355,0.000666,0.000535,-0.000958,0.014539,-0.029949,0.108243
2953,0.128205,0.024524,0.368438,-0.870066,-0.381972,-0.311655,0.011555,-0.647884,0.761633,-0.491758,0.659543,0.568511,-0.012696,0.001418,0.001109,-0.000961,0.014613,-0.029405,0.208818,-0.145156,0.051479,0.33519,0.999105,0.040321,-0.012443,-0.003234,0.369705,0.929108,0.040796,-0.928264,0.369492,0.04948,0.002486,-0.002633,-0.372141,-0.013326,0.437022,-1.404978,0.047203,0.046823,-0.00917,-0.989524,0.138226,0.04163,-0.010946,-0.359389,0.933122,0.143943,0.922893,0.357138,0.025368,-0.003854,0.002831,-0.589309,-1.329528,-0.017609,-0.84303,0.079902,0.036654,-0.055727,-0.862085,-0.434048,-0.261553,0.125394,-0.682783,0.719779,-0.491003,0.587714,0.643045,-9e-06,-5.6e-05,-3.2e-05,-0.000654,0.003068,-0.003819,0.095996
2954,0.127887,0.024549,0.368436,-0.870176,-0.382152,-0.311124,0.012024,-0.647707,0.761776,-0.491551,0.659613,0.568609,-0.012926,0.000175,0.00031,-0.000984,0.014715,-0.029553,0.201984,-0.143316,0.051646,0.335186,0.996099,0.083832,-0.027383,-0.003878,0.353035,0.935567,0.086833,-0.931894,0.35199,0.049162,0.005774,-0.000388,-0.531603,-1.197814,-0.120717,-1.405519,0.048156,0.046911,-0.009172,-0.995144,0.09468,0.026888,-0.007296,-0.343393,0.939163,0.098153,0.934407,0.342416,0.024581,0.003041,-0.000122,-0.623155,-1.207839,-0.094937,-0.847276,0.079739,0.036671,-0.055726,-0.862149,-0.434289,-0.26094,0.125921,-0.682538,0.719919,-0.490755,0.58782,0.643137,-0.000145,-0.000786,-0.000498,-0.000625,0.013958,-0.025371,0.089791
2955,0.127722,0.024547,0.368438,-0.869456,-0.381771,-0.313597,0.010358,-0.648758,0.760906,-0.49286,0.658799,0.568419,-0.000279,-0.001506,-0.000967,0.0,-0.0,0.0,0.193698,-0.142272,0.051749,0.335221,0.995648,0.088777,-0.028191,-0.00393,0.343573,0.939083,0.09179,-0.934974,0.342435,0.049078,0.006549,0.00013,-0.628575,0.382498,0.489617,-1.405435,0.048641,0.046959,-0.009154,-0.995712,0.088547,0.026746,-0.004498,-0.335158,0.94215,0.092389,0.937991,0.334119,0.024529,0.003587,0.000238,-0.202176,-0.020419,0.417409,-0.849072,0.079657,0.03667,-0.055725,-0.861668,-0.433726,-0.263452,0.124265,-0.68368,0.719123,-0.49202,0.586908,0.643003,-0.006528,-0.000256,-5.9e-05,-0.001873,0.029745,-0.056188,0.082606
2956,0.127379,0.024502,0.368379,-0.869084,-0.379138,-0.317796,0.007455,-0.652423,0.7578,-0.493568,0.656692,0.57024,-0.000813,-0.004371,-0.002808,0.000659,0.015354,-0.024464,0.185959,-0.140238,0.05179,0.335331,0.992149,0.119842,-0.035654,-0.005972,0.331112,0.943538,0.123621,-0.936044,0.329246,0.050662,-0.006153,0.0067,-0.398178,0.192268,0.308957,-1.405276,0.049676,0.046991,-0.009098,-0.998102,0.058558,0.019001,-0.000869,-0.322018,0.946732,0.061558,0.94492,0.321458,0.030779,0.003391,-0.000474,-0.490614,0.185329,0.407537,-0.836009,0.079481,0.036652,-0.055751,-0.861892,-0.430797,-0.267496,0.121418,-0.687491,0.71597,-0.492339,0.58461,0.64485,-0.006677,-0.00105,-0.000572,-0.013244,0.013476,-0.032221,0.06742
2957,0.127024,0.024313,0.368275,-0.869276,-0.379389,-0.316969,0.008116,-0.652089,0.75808,-0.49322,0.656878,0.570327,-0.00121,-0.006462,-0.004161,-0.000653,0.014016,-0.025174,0.183278,-0.138055,0.051705,0.335572,0.988989,0.142854,-0.038529,-0.009325,0.320793,0.947069,0.146396,-0.936438,0.318614,0.062709,-0.002024,0.008403,-0.095075,-0.020261,0.166832,-1.405646,0.050763,0.046943,-0.008982,-0.999206,0.036477,0.01603,0.003875,-0.311453,0.950253,0.039655,0.949561,0.311065,0.0252,-0.001565,0.004337,-0.034383,-0.01421,0.146317,-0.83307,0.079309,0.03656,-0.055802,-0.86199,-0.431189,-0.266549,0.122137,-0.686982,0.716335,-0.491991,0.584918,0.644836,-0.00067,-0.003592,-0.002306,-0.000804,0.013656,-0.025506,0.060725
2958,0.126747,0.024096,0.368103,-0.867784,-0.37859,-0.321973,0.004788,-0.654258,0.756238,-0.495879,0.655178,0.569976,-0.000804,0.003773,-0.013168,0.034774,-0.002795,-0.006526,0.169032,-0.13587,0.051621,0.335998,0.984876,0.167277,-0.045038,-0.009854,0.314283,0.949243,0.171689,-0.934631,0.311208,0.062389,0.000864,0.010362,-0.045319,-0.191489,0.095499,-1.405698,0.051879,0.0469,-0.008766,-0.999884,0.011704,0.009632,0.005598,-0.30539,0.95221,0.014086,0.952155,0.305289,0.031189,0.000585,0.005243,0.00079,-0.194444,0.078151,-0.823599,0.079164,0.036444,-0.055892,-0.860959,-0.42999,-0.271767,0.11873,-0.689381,0.714601,-0.494623,0.582976,0.644582,-0.000402,0.001867,-0.006592,0.033785,0.001732,-0.012403,0.048478
2959,0.12663,0.024041,0.367976,-0.867884,-0.378756,-0.321509,0.005283,-0.654212,0.756275,-0.4957,0.655129,0.570189,-0.0013,-0.006901,-0.00446,-0.000651,0.014023,-0.02517,0.161479,-0.134817,0.051526,0.336217,0.979786,0.19492,-0.0449,-0.018052,0.310261,0.950445,0.197944,-0.930645,0.307539,0.05041,-0.002953,0.008829,-0.074893,0.041361,-0.059422,-1.406004,0.052386,0.046859,-0.008655,-0.999812,-0.016627,0.009909,0.014483,-0.303007,0.952877,-0.012841,0.952842,0.303192,0.031345,-0.000498,0.004482,-0.023594,-0.185685,0.092482,-0.820986,0.079106,0.036419,-0.055955,-0.861014,-0.430194,-0.271269,0.119245,-0.68928,0.714613,-0.494403,0.582945,0.644779,-0.000333,0.002233,-0.006354,0.034427,-0.001132,-0.009173,0.038518
2960,0.126449,0.024031,0.367632,-0.86713,-0.378508,-0.323824,0.004184,-0.655667,0.755021,-0.497025,0.653815,0.570543,-0.013523,0.005279,-0.012021,0.033528,0.013035,-0.037733,0.151893,-0.132694,0.0513,0.336642,0.971864,0.233027,-0.034211,-0.037313,0.296219,0.954357,0.231288,-0.926499,0.296596,0.050373,-0.002258,0.009278,-1.25919,0.773863,-2.261586,-1.405775,0.053448,0.046743,-0.008445,-0.998214,-0.056715,0.0187,0.034653,-0.295064,0.954848,-0.048637,0.953792,0.296502,0.025161,-0.000835,0.004806,-0.561492,-0.273902,0.234932,-0.83111,0.079021,0.036412,-0.056122,-0.860478,-0.429764,-0.27364,0.11813,-0.690747,0.713381,-0.495601,0.581524,0.645141,-0.00032,0.002299,-0.006318,0.035152,-0.015602,0.016606,0.021372
