frame,MLTx,MLTy,MLTz,MLTR1,MLTR2,MLTR3,MLTR4,MLTR5,MLTR6,MLTR7,MLTR8,MLTR9,MLTTVx,MLTTVy,MLTTVz,MLTRVx,MLTRVy,MLTRVz,MLGA,MRTx,MRTy,MRTz,MRTR1,MRTR2,MRTR3,MRTR4,MRTR5,MRTR6,MRTR7,MRTR8,MRTR9,MRTTVx,MRTTVy,MRTTVz,MRTRVx,MRTRVy,MRTRVz,MRGA,SLTx,SLTy,SLTz,SLTR1,SLTR2,SLTR3,SLTR4,SLTR5,SLTR6,SLTR7,SLTR8,SLTR9,SLTTVx,SLTTVy,SLTTVz,SLTRVx,SLTRVy,SLTRVz,SLGA,SRTx,SRTy,SRTz,SRTR1,SRTR2,SRTR3,SRTR4,SRTR5,SRTR6,SRTR7,SRTR8,SRTR9,SRTTVx,SRTTVy,SRTTVz,SRTRVx,SRTRVy,SRTRVz,SRGA
238,0.16831,-0.019115,0.332932,-0.731552,0.058274,-0.679325,-0.37241,-0.868746,0.32644,-0.570232,0.491718,0.658085,-0.0,-0.0,-0.0,0.0,0.0,0.0,0.491211,-0.171504,-0.055639,0.289629,-0.25244,-0.855534,0.452026,0.705507,0.156832,0.691085,-0.66181,0.49443,0.563392,8.6e-05,0.002652,0.003796,0.100825,-0.080158,-0.05206,-1.405153,0.041272,0.026377,-0.012322,0.303962,0.84889,0.432425,-0.690107,-0.116724,0.714232,0.656779,-0.515519,0.550345,3.8e-05,0.001339,0.001915,0.087772,-0.073702,-0.050668,-0.936106,0.086596,0.040915,-0.038769,0.741226,0.02244,-0.670879,0.26351,0.909483,0.321563,0.617369,-0.415134,0.66822,-1e-06,-0.0,3e-06,-7.6e-05,2.2e-05,0.000135,0.476463
239,0.16831,-0.019124,0.332939,-0.731562,0.058266,-0.679314,-0.372415,-0.868733,0.326467,-0.570215,0.491741,0.658082,-0.0,-0.0,-0.0,0.0,0.0,0.0,0.490787,-0.171419,-0.055775,0.290004,-0.252538,-0.861302,0.440879,0.703643,0.149143,0.694677,-0.663753,0.486727,0.567796,0.000991,-0.006891,0.014184,-0.232242,-1.67384,2.199722,-1.405256,0.041314,0.026312,-0.012149,0.303433,0.853421,0.423792,-0.688601,-0.111014,0.716591,0.658601,-0.509261,0.553981,6e-05,0.002063,0.002944,-0.01208,-0.001653,0.02139,-0.935616,0.086596,0.040911,-0.038766,0.741236,0.022449,-0.670868,0.263516,0.909471,0.32159,0.617355,-0.415159,0.668217,-2e-06,-1e-06,4e-06,-7.3e-05,2.9e-05,0.000131,0.476463
240,0.168309,-0.01913,0.332933,-0.731395,0.05841,-0.679482,-0.372588,-0.868723,0.326298,-0.570317,0.491742,0.657993,-5.2e-05,-0.000783,-0.000743,0.005539,-0.097003,0.173545,0.49117,-0.171382,-0.055864,0.290433,-0.248904,-0.862877,0.439866,0.706391,0.148836,0.69195,-0.662211,0.484021,0.571894,0.001015,-0.006103,0.015295,-0.02812,-0.009261,0.003211,-1.405089,0.041333,0.026262,-0.011923,0.300206,0.856289,0.42029,-0.69065,-0.108788,0.71496,0.657935,-0.504908,0.558737,0.000502,-0.003019,0.007695,-0.057248,0.004363,0.010691,-0.93186,0.086596,0.04091,-0.038767,0.741168,0.022374,-0.670946,0.263597,0.909475,0.321513,0.617402,-0.415154,0.668176,-3.5e-05,-0.000528,-0.000497,-6.2e-05,4.7e-05,0.000129,0.476463
241,0.168309,-0.019138,0.332939,-0.731315,0.058479,-0.679561,-0.372685,-0.868705,0.326234,-0.570355,0.491765,0.657942,-0.0,-0.0,-0.0,0.0,0.0,0.0,0.491165,-0.171382,-0.055926,0.290887,-0.245611,-0.865501,0.436549,0.708487,0.146947,0.690207,-0.661205,0.47989,0.576521,0.001014,-0.006112,0.015265,-0.025769,-0.011123,0.002013,-1.404972,0.041333,0.026235,-0.0117,0.296909,0.859022,0.417043,-0.692758,-0.106814,0.713215,0.657214,-0.50067,0.56338,6.3e-05,0.002207,0.00314,-0.02208,0.00665,0.002827,-0.935126,0.086596,0.040904,-0.038766,0.741019,0.022204,-0.671116,0.263793,0.909472,0.32136,0.617498,-0.415169,0.668079,-2e-06,4e-06,8e-06,-6.7e-05,3.1e-05,9.6e-05,0.476626
242,0.168309,-0.019138,0.332939,-0.731315,0.058479,-0.679561,-0.372685,-0.868705,0.326234,-0.570355,0.491765,0.657942,-0.0,-0.0,-0.0,0.0,0.0,0.0,0.49095,-0.17137,-0.055944,0.291114,-0.244168,-0.867375,0.43363,0.7092,0.145112,0.689863,-0.660977,0.477053,0.579131,0.000138,0.004357,0.006192,0.052148,-0.041425,-0.026729,-1.404873,0.041339,0.026225,-0.011588,0.295595,0.860896,0.4141,-0.693345,-0.104864,0.712933,0.657186,-0.497855,0.565902,7e-05,0.002414,0.00343,0.054747,-0.059455,-0.012005,-0.935453,0.086596,0.040904,-0.038766,0.741019,0.022204,-0.671116,0.263793,0.909472,0.32136,0.617497,-0.415169,0.668079,-2e-06,2e-06,7e-06,-6.8e-05,2.3e-05,9.8e-05,0.476626
243,0.16831,-0.019146,0.332945,-0.731146,0.058626,-0.679731,-0.372876,-0.868682,0.326079,-0.570448,0.491789,0.657844,-0.0,-0.0,-0.0,0.0,0.0,0.0,0.490967,-0.171349,-0.056002,0.291497,-0.240365,-0.868712,0.433077,0.71211,0.145238,0.686833,-0.659247,0.474571,0.583129,0.000104,0.003287,0.004662,0.193193,-0.165972,-0.072864,-1.405022,0.04135,0.026196,-0.011388,0.292427,0.862134,0.413774,-0.695787,-0.105009,0.710529,0.656022,-0.495677,0.569155,0.000467,-0.004129,0.0061,0.271779,-0.205438,-0.154256,-0.933167,0.086596,0.0409,-0.038762,0.74087,0.022037,-0.671286,0.263987,0.90947,0.321207,0.617593,-0.415183,0.667982,-3e-06,1e-06,6e-06,-5.5e-05,6e-06,0.000111,0.476463
244,0.16831,-0.019154,0.332952,-0.731066,0.058696,-0.679811,-0.372974,-0.868664,0.326015,-0.570487,0.491812,0.657793,-0.0,-0.0,-0.0,0.0,0.0,0.0,0.491239,-0.171296,-0.056098,0.291753,-0.238837,-0.870475,0.430372,0.712723,0.143734,0.686513,-0.659142,0.471786,0.585503,0.00092,-0.009075,0.011036,-0.095203,-0.510683,0.624226,-1.404803,0.041376,0.026153,-0.011262,0.290073,0.863873,0.4118,-0.697211,-0.103997,0.709281,0.655556,-0.492856,0.572135,1.1e-05,0.000855,0.001259,-0.255755,-1.712614,2.188123,-0.93284,0.086596,0.040896,-0.038759,0.740799,0.021957,-0.671366,0.264087,0.909463,0.321144,0.617635,-0.415203,0.667932,-3e-06,1e-06,4e-06,-5.7e-05,1.7e-05,0.0001,0.476463
245,0.16831,-0.019154,0.332952,-0.731066,0.058696,-0.679811,-0.372974,-0.868664,0.326015,-0.570487,0.491812,0.657793,-0.0,-0.0,-0.0,0.0,0.0,0.0,0.490839,-0.171267,-0.05612,0.291826,-0.238856,-0.870498,0.430317,0.712608,0.143759,0.686627,-0.659259,0.471737,0.58541,4.4e-05,0.001419,0.002009,0.000208,-0.000165,-0.000106,-1.404718,0.04139,0.026137,-0.011223,0.290322,0.864191,0.410958,-0.69664,-0.103557,0.709907,0.656053,-0.492391,0.571965,2.1e-05,0.000746,0.001055,-0.00384,-0.009458,0.026121,-0.932351,0.086596,0.040896,-0.038759,0.740799,0.021957,-0.671366,0.264087,0.909463,0.321144,0.617635,-0.415203,0.667932,-3e-06,1e-06,4e-06,-5.7e-05,1.7e-05,0.0001,0.476626
246,0.16831,-0.019162,0.332958,-0.731232,0.054514,-0.679981,-0.368014,-0.870834,0.32586,-0.573482,0.488449,0.657695,-0.0,-0.0,-0.0,7e-06,-3e-06,-6e-06,0.490922,-0.171152,-0.056178,0.291893,-0.2426,-0.870951,0.427296,0.714212,0.137594,0.686223,-0.656145,0.472743,0.588091,0.0,3e-06,5e-06,0.0376,-0.02989,-0.019229,-1.404805,0.041448,0.026109,-0.011188,0.294008,0.864434,0.407813,-0.698144,-0.097189,0.709329,0.652804,-0.493261,0.574926,0.00043,-0.005449,0.004226,-0.007812,-0.021803,-0.04051,-0.932677,0.086596,0.040892,-0.038756,0.740473,0.026145,-0.671576,0.25889,0.911036,0.320916,0.620221,-0.411495,0.667829,-2e-06,2e-06,5e-06,-0.000197,0.000182,0.000131,0.476626
247,0.16831,-0.019162,0.332958,-0.731142,0.054592,-0.680071,-0.368107,-0.870829,0.325768,-0.573537,0.488449,0.657647,-0.0,-0.0,-0.0,0.0,-0.0,-0.0,0.490882,-0.171029,-0.056221,0.291891,-0.251978,-0.871063,0.4216,0.715859,0.125238,0.686873,-0.650784,0.475969,0.591436,-3.2e-05,-0.00105,-0.001488,0.141874,-0.086599,-0.087749,-1.404798,0.041509,0.026089,-0.011188,0.303636,0.863923,0.401797,-0.698847,-0.084702,0.710237,0.647624,-0.496449,0.578032,0.008489,-0.0051,0.003871,0.190685,-0.118405,-0.0624,-0.93235,0.086596,0.040892,-0.038756,0.740394,0.026047,-0.671666,0.258995,0.911038,0.320826,0.620271,-0.411496,0.667782,-2e-06,1e-06,5e-06,-0.000132,8.7e-05,0.000109,0.476626
248,0.16831,-0.019171,0.332965,-0.730973,0.054739,-0.680241,-0.368298,-0.870807,0.325613,-0.57363,0.488473,0.657548,-0.0,-0.0,-0.0,0.0,0.0,0.0,0.491101,-0.17093,-0.056283,0.291883,-0.25761,-0.87071,0.418919,0.715728,0.119167,0.688089,-0.648713,0.478176,0.591931,-2e-05,-0.000672,-0.000952,2.9e-05,-2.3e-05,-1.5e-05,-1.404852,0.041559,0.026055,-0.011195,0.308793,0.863391,0.399,-0.698616,-0.078782,0.711145,0.64543,-0.498345,0.578852,-1.3e-05,-0.000428,-0.000605,-0.002142,0.002205,-0.000261,-0.932514,0.086596,0.040887,-0.038753,0.740247,0.025876,-0.671836,0.259192,0.911036,0.320673,0.620365,-0.411512,0.667685,-3e-06,1e-06,5e-06,-8e-05,4.1e-05,0.000128,0.477116
249,0.16831,-0.019171,0.332965,-0.730973,0.054739,-0.680241,-0.368298,-0.870807,0.325613,-0.57363,0.488473,0.657548,-0.0,-0.0,-0.0,0.0,0.0,0.0,0.490753,-0.170905,-0.056303,0.291887,-0.263237,-0.870309,0.416246,0.715603,0.113073,0.689247,-0.646582,0.480386,0.592472,-3e-06,-0.000114,-0.000162,0.000151,0.00025,0.000215,-1.405104,0.041571,0.026044,-0.011195,0.314342,0.8627,0.396151,-0.698172,-0.072664,0.712232,0.643229,-0.500466,0.579472,-1e-06,-5.2e-05,-6.8e-05,0.000559,0.003045,-0.001463,-0.932677,0.086596,0.040887,-0.038753,0.740247,0.025876,-0.671836,0.259192,0.911036,0.320673,0.620365,-0.411512,0.667685,-4e-06,1e-06,5e-06,-8e-05,2.5e-05,0.000131,0.477116
250,0.16831,-0.019164,0.332971,-0.73087,0.054828,-0.680344,-0.368404,-0.870801,0.325509,-0.573693,0.488473,0.657493,0.0,7e-06,7e-06,0.0,0.0,0.0,0.49102,-0.170916,-0.056315,0.291908,-0.26796,-0.872847,0.407832,0.715494,0.103048,0.69093,-0.644755,0.478031,0.596356,0.0,5e-06,7e-06,0.001742,-0.006039,0.004026,-1.40493,0.041566,0.026039,-0.011184,0.318848,0.864974,0.387499,-0.697659,-0.062554,0.713693,0.641566,-0.497902,0.583512,0.0,5e-06,1e-05,-0.013842,0.005975,0.000445,-0.928105,0.086597,0.040891,-0.038749,0.740156,0.025773,-0.671939,0.259301,0.911041,0.32057,0.620427,-0.411506,0.66763,-2e-06,-3e-06,-0.0,-7.6e-05,2.8e-05,0.000108,0.476953
251,0.16831,-0.019172,0.332977,-0.731103,0.05057,-0.680423,-0.363339,-0.87295,0.325444,-0.576613,0.48509,0.657443,0.0,0.0,0.0,0.338434,-0.161872,-0.327004,0.490533,-0.17105,-0.056299,0.291909,-0.268823,-0.874989,0.402642,0.713971,0.099427,0.693031,-0.64608,0.474869,0.597448,0.0,7e-06,9e-06,0.0,-3e-06,4e-06,-1.404626,0.041499,0.026047,-0.011183,0.319703,0.866971,0.382295,-0.695818,-0.059041,0.715786,0.643138,-0.494847,0.584379,-0.008057,-0.000325,0.000395,-0.001707,0.019389,-0.033943,-0.926145,0.086596,0.040887,-0.038746,0.739891,0.029928,-0.672059,0.254146,0.91254,0.320435,0.622872,-0.407889,0.667575,1e-06,-3e-06,-3e-06,0.342263,-0.163646,-0.329843,0.477116
252,0.168321,-0.019173,0.332977,-0.731089,0.050584,-0.680438,-0.363355,-0.87295,0.325429,-0.576622,0.48509,0.657436,0.014485,-0.000329,-0.000646,0.000984,-0.014715,0.029553,0.490582,-0.171172,-0.056287,0.291902,-0.269214,-0.876017,0.400137,0.713247,0.097685,0.694025,-0.646716,0.47333,0.59798,0.0,0.0,0.0,-0.0,-1e-06,1e-06,-1.404657,0.041438,0.026052,-0.011186,0.320066,0.867946,0.379771,-0.694988,-0.057322,0.716732,0.643855,-0.493338,0.584865,-2e-06,-2e-06,-1e-06,0.000575,0.003678,-0.004314,-0.925982,0.086596,0.040887,-0.038746,0.739887,0.030042,-0.672059,0.254004,0.912581,0.320433,0.622935,-0.40779,0.667575,2e-06,-2e-06,-3e-06,-0.000196,0.000129,0.000186,0.476953
253,0.16831,-0.01918,0.332984,-0.731025,0.050641,-0.680503,-0.363437,-0.872933,0.32538,-0.576651,0.485113,0.657392,0.0,0.0,0.0,0.0,0.0,0.0,0.490805,-0.171419,-0.056204,0.291885,-0.278538,-0.875567,0.394704,0.714599,0.085501,0.694241,-0.641242,0.47652,0.601332,-0.016093,-8.2e-05,0.001584,-0.000992,0.014368,-0.029784,-1.404761,0.041314,0.026094,-0.011196,0.329143,0.867026,0.374073,-0.695881,-0.045062,0.716742,0.63829,-0.496221,0.588515,-0.008046,-2.5e-05,0.000822,-0.012349,0.021254,-0.030431,-0.930718,0.086596,0.040883,-0.038743,0.739818,0.029954,-0.672139,0.254115,0.912572,0.32037,0.622972,-0.407816,0.667525,2e-06,-2e-06,-0.0,-0.000116,8.8e-05,0.000111,0.477116
254,0.168311,-0.019197,0.332996,-0.730867,0.050782,-0.680662,-0.363633,-0.8729,0.325252,-0.576728,0.485159,0.657291,0.0,0.0,0.0,0.005541,-0.096962,0.173568,0.490782,-0.171781,-0.056036,0.291802,-0.279313,-0.877558,0.389701,0.713383,0.081856,0.69593,-0.642257,0.473483,0.602646,1e-05,0.000315,0.000446,-1e-06,-1e-05,1.3e-05,-1.405051,0.041133,0.026178,-0.011236,0.329896,0.868906,0.369011,-0.694371,-0.041471,0.71842,0.639543,-0.493235,0.589662,-0.008477,0.005261,-0.003642,0.034817,0.009297,-0.015329,-0.929738,0.086597,0.040874,-0.038737,0.73968,0.029791,-0.672298,0.254317,0.91256,0.320244,0.623053,-0.407855,0.667426,2e-06,-2e-06,-2e-06,0.005468,-0.096922,0.173691,0.477279
255,0.168312,-0.019192,0.333015,-0.730851,0.050797,-0.680678,-0.363665,-0.872886,0.325253,-0.576728,0.485182,0.657275,2.7e-05,0.000409,0.000388,0.0,0.0,0.0,0.491081,-0.172104,-0.055873,0.29178,-0.280021,-0.879472,0.384849,0.712132,0.078396,0.697607,-0.643334,0.470505,0.603828,-0.016061,0.000591,0.002517,-0.038373,-0.043082,-0.009413,-1.404445,0.040978,0.026259,-0.01125,0.33056,0.870689,0.364184,-0.692952,-0.038064,0.719977,0.640738,-0.490358,0.590763,2.5e-05,0.000759,0.001082,-0.087415,-0.568027,0.71408,-0.929901,0.086597,0.040876,-0.038728,0.739666,0.029773,-0.672314,0.254353,0.912549,0.320245,0.623054,-0.40788,0.66741,1.5e-05,0.000223,0.000211,-8.3e-05,2.1e-05,9.3e-05,0.477116
256,0.168312,-0.019186,0.333021,-0.730749,0.050886,-0.680781,-0.363771,-0.872881,0.325148,-0.57679,0.485182,0.65722,2.3e-05,0.000353,0.000335,0.0,0.0,0.0,0.490637,-0.172252,-0.055804,0.291784,-0.279939,-0.879403,0.385067,0.712284,0.078518,0.697438,-0.643201,0.470615,0.603885,4e-05,0.001169,0.001653,0.0,-0.0,-0.0,-1.404466,0.040898,0.026294,-0.011246,0.330461,0.870646,0.364375,-0.693094,-0.038189,0.719834,0.640636,-0.490424,0.59082,2e-05,0.000601,0.000856,0.000183,0.000986,-0.001019,-0.93284,0.086597,0.04088,-0.038725,0.739577,0.029669,-0.672417,0.254462,0.912555,0.320142,0.623116,-0.407874,0.667355,1.4e-05,0.000223,0.000211,-6.8e-05,1.6e-05,8.5e-05,0.477116
257,0.168312,-0.019179,0.333027,-0.730646,0.050976,-0.680884,-0.363877,-0.872875,0.325043,-0.576853,0.485182,0.657165,3e-06,4.9e-05,4.7e-05,0.0,0.0,0.0,0.491072,-0.172519,-0.055705,0.291845,-0.28014,-0.880217,0.383055,0.71172,0.077185,0.698162,-0.643738,0.46931,0.604329,6.3e-05,0.0018,0.002543,0.0,-0.0,-0.0,-1.404735,0.040764,0.026343,-0.011216,0.330637,0.871421,0.362357,-0.692453,-0.036876,0.720519,0.641239,-0.489146,0.591226,3.2e-05,0.000946,0.001342,8.4e-05,0.000314,-0.000211,-0.931861,0.086598,0.040883,-0.038721,0.739487,0.029566,-0.67252,0.254571,0.912561,0.320038,0.623179,-0.407869,0.667301,3e-06,1.7e-05,1.6e-05,-4.7e-05,4.3e-05,6e-05,0.477116
258,0.168313,-0.019188,0.333034,-0.730657,0.050968,-0.680873,-0.363883,-0.872863,0.32507,-0.576837,0.485205,0.657162,0.0,0.0,0.0,0.0,0.0,0.0,0.491189,-0.172751,-0.055581,0.29192,-0.280793,-0.882058,0.378313,0.71034,0.073935,0.699917,-0.644975,0.466364,0.605289,-0.016029,0.001148,0.003281,-0.002239,0.013954,-0.027678,-1.404813,0.040655,0.026405,-0.011179,0.331243,0.873202,0.357485,-0.690849,-0.033604,0.722216,0.642654,-0.486198,0.59212,3.7e-05,0.001071,0.001513,8.1e-05,0.000354,-0.000527,-0.933004,0.086597,0.040879,-0.038718,0.739496,0.029575,-0.67251,0.254577,0.91255,0.320066,0.623165,-0.407893,0.667298,4e-06,-7e-06,-7e-06,-3.6e-05,2.4e-05,8.1e-05,0.477116
259,0.168313,-0.019188,0.333034,-0.730567,0.051047,-0.680963,-0.363975,-0.872859,0.324979,-0.576891,0.485205,0.657114,0.0,0.0,0.0,0.0,0.0,0.0,0.490795,-0.172861,-0.05549,0.291951,-0.280717,-0.881992,0.378522,0.71049,0.074049,0.699753,-0.644843,0.466469,0.605349,-0.000773,0.012903,-0.005629,0.036447,-0.009974,0.018531,-1.404701,0.040599,0.026445,-0.011162,0.331158,0.873117,0.35777,-0.691017,-0.033777,0.722048,0.642518,-0.486337,0.592153,4.9e-05,0.001473,0.002081,0.00192,-0.013226,0.024375,-0.933003,0.086597,0.040879,-0.038718,0.739418,0.029486,-0.6726,0.254671,0.912555,0.319976,0.62322,-0.407887,0.667251,3e-06,-5e-06,-7e-06,-3.7e-05,2.4e-05,8e-05,0.477116
260,0.168302,-0.019187,0.333034,-0.730492,0.051111,-0.681039,-0.364052,-0.872855,0.324903,-0.576938,0.485205,0.657073,0.0,0.0,0.0,0.0,0.0,0.0,0.490954,-0.173105,-0.055288,0.292065,-0.280987,-0.882862,0.376289,0.70996,0.072458,0.700458,-0.645309,0.465071,0.605928,-0.015966,0.002554,0.005246,-0.002045,0.015205,-0.029245,-1.404664,0.040477,0.026545,-0.011107,0.331391,0.873939,0.355542,-0.690402,-0.032222,0.722707,0.643058,-0.484966,0.592691,5.8e-05,0.001641,0.002314,-0.012275,0.096664,-0.17399,-0.932187,0.086592,0.040879,-0.038718,0.739352,0.029412,-0.672675,0.254749,0.91256,0.319901,0.623266,-0.407882,0.66721,5e-06,-3e-06,-6e-06,-3.7e-05,2.7e-05,7.6e-05,0.477116
261,0.168302,-0.019181,0.33304,-0.730479,0.051122,-0.681052,-0.364065,-0.872854,0.32489,-0.576946,0.485205,0.657066,0.0,1e-06,1e-06,0.0,0.0,0.0,0.490866,-0.173312,-0.0551,0.29219,-0.281223,-0.883695,0.37415,0.709416,0.070975,0.70116,-0.645803,0.463714,0.606442,-0.016823,0.012729,-0.004243,0.034402,0.005192,-0.010735,-1.404626,0.040374,0.026641,-0.011041,0.331605,0.87474,0.353365,-0.689767,-0.030737,0.723378,0.643629,-0.483616,0.593174,6.3e-05,0.001727,0.002431,0.001878,-0.013481,0.02464,-0.932024,0.086592,0.040883,-0.038715,0.73934,0.029398,-0.672689,0.254763,0.91256,0.319887,0.623274,-0.407882,0.667203,3e-06,-6e-06,-8e-06,-3.3e-05,1.8e-05,6.3e-05,0.477116
262,0.168302,-0.019181,0.33304,-0.73039,0.051201,-0.681142,-0.364158,-0.872849,0.324799,-0.577,0.485205,0.657018,0.0,0.0,0.0,0.0,0.0,0.0,0.490343,-0.17354,-0.054943,0.292328,-0.281419,-0.884491,0.372117,0.708845,0.069624,0.701872,-0.646343,0.462398,0.606871,0.000131,0.003477,0.004881,0.00179,-0.013961,0.025146,-1.404573,0.040254,0.026722,-0.010977,0.331766,0.875497,0.351333,-0.689136,-0.029406,0.724034,0.644221,-0.482326,0.593581,-0.007981,0.001183,0.00248,-0.014158,0.112835,-0.204425,-0.93235,0.086592,0.040882,-0.038715,0.739262,0.029309,-0.672778,0.254857,0.912566,0.319797,0.623329,-0.407876,0.667156,5e-06,-4e-06,-7e-06,-3e-05,1.9e-05,6.6e-05,0.476953
263,0.168313,-0.019189,0.333046,-0.730386,0.051207,-0.681146,-0.364179,-0.872836,0.32481,-0.576992,0.485228,0.657009,0.0,0.0,0.0,0.0,0.0,0.0,0.490701,-0.173673,-0.054859,0.292388,-0.281771,-0.885423,0.369626,0.708136,0.067889,0.702758,-0.646967,0.460868,0.60737,0.000123,0.003222,0.00452,0.001594,-0.015215,0.02671,-1.404843,0.040187,0.026765,-0.010946,0.332089,0.876399,0.34877,-0.688307,-0.02766,0.724891,0.644941,-0.48079,0.594046,-0.007985,0.001011,0.002237,-0.001979,0.015451,-0.02972,-0.932677,0.086598,0.040878,-0.038712,0.739259,0.029303,-0.672782,0.254879,0.912555,0.319809,0.623323,-0.4079,0.667146,5e-06,-3e-06,-6e-06,-3.3e-05,2.2e-05,5.9e-05,0.477116
264,0.168313,-0.019197,0.333052,-0.730307,0.051277,-0.681225,-0.364277,-0.872819,0.324746,-0.577031,0.485251,0.656958,0.0,0.0,0.0,0.0,0.0,0.0,0.490888,-0.173966,-0.054703,0.29244,-0.281547,-0.885233,0.370252,0.708468,0.068317,0.702382,-0.646701,0.46117,0.607423,-0.015984,0.001342,0.003501,-0.000255,0.001235,-0.004105,-1.404721,0.040047,0.026845,-0.010918,0.331875,0.87621,0.349448,-0.688686,-0.028101,0.724514,0.644647,-0.481109,0.594107,1.7e-05,0.000449,0.000637,0.0,0.000121,-6.5e-05,-0.93235,0.086598,0.040874,-0.038708,0.739189,0.029222,-0.672862,0.254979,0.912549,0.319746,0.623364,-0.407919,0.667096,5e-06,-2e-06,-6e-06,-3.7e-05,2.3e-05,5.3e-05,0.477279
265,0.168303,-0.019199,0.333065,-0.730521,0.04702,-0.681303,-0.359198,-0.874945,0.324684,-0.579932,0.481848,0.656908,2.3e-05,0.000347,0.00033,0.002745,-0.001308,-0.002647,0.490756,-0.174262,-0.054572,0.292422,-0.281674,-0.885962,0.368405,0.708059,0.067048,0.702916,-0.647093,0.459952,0.607929,2.6e-05,0.000655,0.000918,-0.0,-0.0,0.0,-1.404708,0.039893,0.026912,-0.010925,0.331977,0.876913,0.347582,-0.688203,-0.026841,0.725021,0.64511,-0.479897,0.594584,1e-05,0.000286,0.000406,0.00014,0.000814,-0.000991,-0.933004,0.086593,0.040873,-0.038703,0.7389,0.033488,-0.672981,0.249671,0.914063,0.319611,0.625851,-0.404184,0.667041,1.9e-05,0.000227,0.000211,0.009048,-0.004177,-0.008806,0.477116
266,0.168303,-0.019201,0.333078,-0.730518,0.047024,-0.681306,-0.359217,-0.874932,0.324698,-0.579924,0.481871,0.656898,2e-05,0.0003,0.000285,0.0,-0.0,-0.0,0.490953,-0.174435,-0.054516,0.292393,-0.28151,-0.885821,0.368869,0.708285,0.067377,0.702657,-0.646917,0.460175,0.607947,-0.016881,0.010313,-0.007674,0.034401,0.005099,-0.010784,-1.404612,0.039813,0.026936,-0.010936,0.331824,0.876784,0.348054,-0.688435,-0.027175,0.724788,0.644942,-0.480114,0.594592,-3e-06,-3.2e-05,-3.9e-05,2.4e-05,0.000141,-0.000116,-0.933167,0.086593,0.040872,-0.038696,0.738899,0.033484,-0.672983,0.249691,0.914053,0.319625,0.625845,-0.404209,0.667032,1.5e-05,0.000189,0.000177,-0.00016,0.0001,0.000133,0.477116
267,0.168306,-0.019177,0.333115,-0.730375,0.047152,-0.68145,-0.359382,-0.874913,0.324568,-0.580002,0.481893,0.656813,9.2e-05,0.001392,0.001321,0.0,0.0,0.0,0.490672,-0.174706,-0.054454,0.292328,-0.281713,-0.88662,0.366789,0.707772,0.06594,0.70331,-0.647389,0.458842,0.608452,-0.000837,0.010551,-0.008948,0.036446,-0.010129,0.01845,-1.404294,0.039671,0.026966,-0.010969,0.33199,0.877542,0.34598,-0.687845,-0.025772,0.725399,0.645485,-0.478806,0.595057,-0.008034,-0.000489,0.00012,-0.002013,0.015437,-0.02948,-0.933004,0.086594,0.040883,-0.038679,0.738774,0.033333,-0.673127,0.249866,0.91405,0.319497,0.625923,-0.404227,0.666948,5.1e-05,0.000765,0.000726,-0.000103,5.1e-05,0.000104,0.477116
268,0.168287,-0.019181,0.333197,-0.730376,0.047156,-0.681449,-0.359476,-0.874837,0.324669,-0.579943,0.482031,0.656764,6.2e-05,0.000942,0.000893,0.0,0.0,0.0,0.49068,-0.174891,-0.054459,0.292269,-0.281436,-0.886376,0.367592,0.708024,0.066605,0.702994,-0.647236,0.459218,0.608332,-5.6e-05,-0.001345,-0.001884,-0.001788,0.013993,-0.025128,-1.404826,0.039579,0.026969,-0.011,0.331739,0.877328,0.346762,-0.688144,-0.026388,0.725093,0.645295,-0.479164,0.594974,-0.008033,-0.000458,0.00016,-0.002059,0.015249,-0.029248,-0.933167,0.086585,0.040882,-0.038637,0.738775,0.033326,-0.673126,0.249971,0.913985,0.3196,0.625879,-0.404375,0.666899,3.7e-05,0.000571,0.000541,-6.8e-05,3.5e-05,7.6e-05,0.477116
269,0.168282,-0.019206,0.333328,-0.730286,0.047248,-0.681539,-0.359745,-0.874693,0.324759,-0.579889,0.482284,0.656626,6.7e-05,0.001015,0.000962,0.0,0.0,0.0,0.490884,-0.174952,-0.054478,0.29223,-0.281186,-0.886148,0.36833,0.708208,0.067246,0.702747,-0.647143,0.459563,0.60817,-1.6e-05,-0.000387,-0.000542,0.0,0.0,0.0,-1.404378,0.039548,0.026957,-0.011023,0.331497,0.877115,0.34753,-0.688369,-0.027039,0.724855,0.645179,-0.479516,0.594816,-7e-06,-0.000219,-0.000305,-5e-06,1.2e-05,1.6e-05,-0.93284,0.086582,0.04087,-0.03857,0.738698,0.03322,-0.673216,0.250257,0.913874,0.319694,0.625856,-0.404635,0.666763,3.8e-05,0.000594,0.000562,-4.8e-05,1.7e-05,5.3e-05,0.477279
270,0.168274,-0.019231,0.333404,-0.730219,0.047315,-0.681606,-0.359926,-0.874601,0.324807,-0.579861,0.482444,0.656533,0.000232,-0.009556,0.009806,-0.035674,0.012146,-0.018743,0.490778,-0.174965,-0.054489,0.292217,-0.281511,-0.887041,0.365924,0.707448,0.065633,0.703664,-0.647832,0.458069,0.608564,-1.1e-05,-0.00027,-0.000379,-0.0,-0.0,0.0,-1.404335,0.039541,0.026951,-0.01103,0.331791,0.877976,0.345067,-0.687498,-0.025426,0.725739,0.645956,-0.478027,0.595171,-7e-06,-0.000176,-0.000246,0.000384,0.002548,-0.00328,-0.932187,0.086578,0.040861,-0.038537,0.738631,0.033136,-0.673294,0.250442,0.913815,0.319717,0.625861,-0.404774,0.666674,5.9e-05,0.000922,0.000874,-3.5e-05,3.7e-05,3.9e-05,0.477279
271,0.168289,-0.019276,0.333517,-0.73005,0.047479,-0.681775,-0.360278,-0.874452,0.324814,-0.579855,0.482696,0.656354,2.7e-05,0.000403,0.000381,0.0,0.0,0.0,0.490949,-0.174966,-0.054504,0.292195,-0.279492,-0.887656,0.365982,0.709214,0.065941,0.701855,-0.646777,0.456831,0.610613,-1e-06,-3.2e-05,-4.5e-05,0.001042,-0.000846,-0.000546,-1.404403,0.039541,0.026943,-0.011041,0.329726,0.8787,0.345205,-0.689426,-0.025689,0.7239,0.644959,-0.476682,0.597328,2e-06,7e-06,1.1e-05,-0.011293,0.003679,0.001584,-0.930881,0.086586,0.040837,-0.038475,0.738572,0.033048,-0.673363,0.250724,0.913692,0.319848,0.625817,-0.405059,0.666542,1.3e-05,0.000235,0.000224,-1.9e-05,2.3e-05,2.9e-05,0.477279
272,0.168302,-0.01933,0.333593,-0.730001,0.047535,-0.681824,-0.360474,-0.874336,0.324911,-0.579795,0.482902,0.656255,0.000153,-0.010757,0.008669,-0.035675,0.012134,-0.018749,0.490991,-0.17499,-0.054533,0.292174,-0.277443,-0.888244,0.366114,0.710976,0.066335,0.700034,-0.645728,0.455627,0.61262,-3.8e-05,-0.000894,-0.001254,0.098596,-0.080122,-0.051756,-1.404371,0.039529,0.026931,-0.011048,0.328056,0.879242,0.345415,-0.691093,-0.025905,0.7223,0.644025,-0.475669,0.59914,-2.5e-05,-0.00061,-0.000854,0.160863,-0.108652,-0.103011,-0.931697,0.086592,0.040813,-0.03844,0.738444,0.032886,-0.673512,0.251021,0.913617,0.31983,0.625851,-0.405242,0.6664,-2e-06,-0.0,-0.0,-1.3e-05,1.1e-05,1.3e-05,0.477443
273,0.168301,-0.019352,0.3336,-0.730215,0.043263,-0.681879,-0.355381,-0.876427,0.324887,-0.582658,0.479506,0.656209,-2.3e-05,-0.000347,-0.000328,0.005552,-0.09672,0.173703,0.491049,-0.17499,-0.054552,0.292166,-0.277379,-0.888186,0.366303,0.711001,0.066514,0.699991,-0.645728,0.455714,0.612555,-1.7e-05,-0.000407,-0.000571,0.001695,-0.001378,-0.00089,-1.404339,0.039529,0.02692,-0.011054,0.327622,0.879339,0.345581,-0.691311,-0.026212,0.722081,0.644012,-0.475474,0.599309,-9e-06,-0.000242,-0.000338,-0.01326,0.004148,0.00179,-0.931861,0.086592,0.040798,-0.038434,0.738239,0.037268,-0.673508,0.245611,0.915078,0.319852,0.628233,-0.401548,0.666394,-1.8e-05,-0.000254,-0.000242,-0.000165,0.000117,9.9e-05,0.477443
274,0.168312,-0.019392,0.333619,-0.730166,0.043313,-0.681929,-0.355497,-0.876375,0.324902,-0.582649,0.479597,0.656151,-1e-06,-8e-06,-8e-06,0.0,-0.0,-0.0,0.491139,-0.174919,-0.054595,0.292098,-0.277232,-0.888047,0.366751,0.7111,0.066909,0.699853,-0.645682,0.455927,0.612444,-5.9e-05,-0.001397,-0.001961,0.0,-0.0,-0.0,-1.404403,0.039564,0.026899,-0.011087,0.327545,0.879183,0.346049,-0.691333,-0.02664,0.722045,0.644029,-0.475737,0.599083,-3.1e-05,-0.000744,-0.001048,-0.000139,0.000414,0.000312,-0.931371,0.086597,0.040777,-0.038426,0.73812,0.037116,-0.673647,0.245833,0.915045,0.319778,0.628286,-0.401639,0.666289,1e-06,-5e-06,-4e-06,-6.9e-05,5.9e-05,0.000111,0.477443
275,0.168313,-0.019387,0.333637,-0.730151,0.043328,-0.681944,-0.355529,-0.876361,0.324903,-0.582648,0.47962,0.656134,3.8e-05,0.000568,0.000538,0.0,0.0,0.0,0.49076,-0.17464,-0.054675,0.292064,-0.277156,-0.887959,0.367023,0.711055,0.067211,0.69987,-0.645764,0.456055,0.612263,0.016842,-0.011437,0.006101,-0.034401,-0.005083,0.010792,-1.404032,0.039697,0.026863,-0.011107,0.327483,0.879095,0.346332,-0.691318,-0.026929,0.722047,0.644075,-0.475884,0.598916,0.008006,-0.000376,-0.001334,0.00036,-0.001,0.004293,-0.931044,0.086598,0.040778,-0.038417,0.738107,0.037098,-0.673662,0.245868,0.915035,0.319779,0.628288,-0.401663,0.666273,2.4e-05,0.000375,0.000356,-7.1e-05,2.3e-05,9.4e-05,0.477116
276,0.168302,-0.019387,0.333638,-0.730165,0.043314,-0.68193,-0.355513,-0.876362,0.324918,-0.58264,0.479621,0.656142,1e-06,8e-06,8e-06,0.0,0.0,0.0,0.490873,-0.174432,-0.054727,0.292078,-0.277115,-0.887908,0.367174,0.710985,0.06741,0.699922,-0.645859,0.456123,0.612112,0.01605,0.000202,-0.001328,0.002045,-0.015205,0.029245,-1.404414,0.039808,0.026831,-0.0111,0.327453,0.879049,0.346477,-0.691236,-0.027132,0.722118,0.644178,-0.475958,0.598746,0.008027,0.00013,-0.000628,0.002111,-0.015023,0.029387,-0.931044,0.086592,0.04078,-0.038416,0.738119,0.037113,-0.673647,0.245854,0.915033,0.319794,0.628279,-0.401665,0.66628,-0.0,-4e-06,-5e-06,-6.6e-05,2e-05,8e-05,0.477116
277,0.168303,-0.019382,0.333656,-0.730061,0.043409,-0.682035,-0.355638,-0.876345,0.324827,-0.582694,0.479643,0.656077,2e-06,2.6e-05,2.5e-05,0.0,0.0,0.0,0.490854,-0.17388,-0.054885,0.292122,-0.276735,-0.886928,0.369822,0.711484,0.069429,0.699216,-0.645472,0.457728,0.611321,0.016036,-0.000269,-0.002004,0.002045,-0.015205,0.029245,-1.404215,0.040078,0.026754,-0.011075,0.32711,0.878108,0.349175,-0.691853,-0.029153,0.721448,0.64369,-0.477571,0.597986,0.008433,-0.005641,0.00314,-0.034388,-0.005281,0.0112,-0.930554,0.086593,0.040782,-0.038406,0.738029,0.037004,-0.673753,0.245983,0.91503,0.319705,0.628335,-0.401683,0.666216,1e-06,4e-06,3e-06,-5.2e-05,1.5e-05,5.8e-05,0.477279
278,0.168304,-0.019369,0.333669,-0.729947,0.043511,-0.682151,-0.355758,-0.87634,0.324709,-0.582765,0.479642,0.656015,6e-06,9.5e-05,9e-05,0.0,0.0,0.0,0.490809,-0.173156,-0.055011,0.292228,-0.273314,-0.88867,0.368181,0.71426,0.06874,0.69645,-0.643869,0.454436,0.615454,0.016094,0.00123,8.3e-05,0.309764,-0.265404,-0.131938,-1.404249,0.04044,0.026688,-0.011026,0.324978,0.879458,0.347767,-0.693573,-0.028354,0.719828,0.642919,-0.475131,0.600753,0.016508,-0.004371,0.004087,0.53699,-0.395072,-0.189105,-0.930391,0.086593,0.040788,-0.0384,0.737928,0.036886,-0.673869,0.246105,0.915038,0.319588,0.628404,-0.401676,0.666155,4e-06,5.8e-05,5.3e-05,-4.2e-05,1.5e-05,3.9e-05,0.477279
279,0.168315,-0.019378,0.333674,-0.729854,0.043597,-0.682245,-0.355871,-0.876324,0.324629,-0.582811,0.479664,0.655957,0.0,0.0,0.0,0.0,0.0,0.0,0.491236,-0.172259,-0.055132,0.292394,-0.271945,-0.889806,0.366446,0.715205,0.067745,0.695577,-0.643402,0.452354,0.617474,0.016123,0.002146,0.001348,0.162923,-0.145628,-0.054706,-1.404435,0.040888,0.026627,-0.010943,0.322809,0.880973,0.345947,-0.695325,-0.027236,0.718178,0.642118,-0.472381,0.603771,0.016528,-0.003869,0.004767,0.220726,-0.213101,-0.046285,-0.931697,0.086599,0.040784,-0.038397,0.737848,0.03679,-0.673962,0.246221,0.915034,0.319509,0.628454,-0.401693,0.666098,1e-06,-6e-06,-9e-06,-2.6e-05,8e-06,5.6e-05,0.477443
280,0.168315,-0.019384,0.333668,-0.729867,0.043585,-0.682232,-0.355858,-0.876324,0.324642,-0.582803,0.479664,0.655964,-1e-06,-2.2e-05,-2.1e-05,0.0,0.0,0.0,0.490952,-0.171768,-0.055198,0.292482,-0.277504,-0.888412,0.365661,0.715194,0.062955,0.696037,-0.641029,0.455781,0.617421,0.033035,-0.008567,0.008371,-0.030004,-0.022417,0.038694,-1.40414,0.041127,0.0266,-0.010899,0.327701,0.879552,0.344963,-0.695505,-0.022537,0.718166,0.639439,-0.475268,0.604348,0.016091,0.001229,3.3e-05,-0.010869,-0.025762,0.060207,-0.932514,0.086599,0.040781,-0.038401,0.737859,0.036802,-0.673949,0.246208,0.915033,0.319522,0.628446,-0.401694,0.666105,0.0,-1.1e-05,-1.1e-05,-3e-05,4e-06,4.8e-05,0.477279
281,0.168304,-0.019384,0.333669,-0.729793,0.04365,-0.682307,-0.355935,-0.876321,0.324566,-0.58285,0.479664,0.655924,-0.0,-0.0,-0.0,0.0,0.0,0.0,0.490879,-0.170704,-0.05526,0.292658,-0.281623,-0.888071,0.363331,0.716405,0.057148,0.695294,-0.637869,0.457212,0.619632,0.016134,0.00285,0.002294,0.002688,-0.015723,0.028912,-1.404437,0.041666,0.026564,-0.010811,0.331747,0.878991,0.342515,-0.696416,-0.016725,0.717443,0.636355,-0.476543,0.606595,0.016544,-0.003424,0.005349,-0.040138,-0.030864,0.066774,-0.935453,0.086593,0.040781,-0.0384,0.737794,0.036728,-0.674025,0.246285,0.915038,0.319447,0.628492,-0.401689,0.666064,-0.0,1e-06,1e-06,-3.1e-05,7e-06,4.8e-05,0.477279
282,0.168304,-0.019384,0.333669,-0.729704,0.04373,-0.682397,-0.356028,-0.876318,0.324475,-0.582904,0.479663,0.655876,-0.0,-0.0,-0.0,0.0,0.0,0.0,0.490924,-0.169629,-0.055274,0.292843,-0.289581,-0.887702,0.357939,0.718719,0.045162,0.693785,-0.631665,0.459272,0.624444,0.016126,0.002935,0.002384,0.431272,-0.359585,-0.192168,-1.4043,0.042203,0.026557,-0.010717,0.34138,0.877391,0.33711,-0.696507,-0.004689,0.717533,0.631138,-0.479751,0.609509,0.016545,-0.003388,0.005372,-0.039533,-0.028292,0.062985,-0.936596,0.086593,0.040781,-0.0384,0.737716,0.036638,-0.674115,0.246379,0.915045,0.319357,0.628547,-0.401683,0.666017,-0.0,0.0,1e-06,-2.6e-05,2e-06,5.1e-05,0.477443
283,0.168304,-0.019384,0.333669,-0.729615,0.043809,-0.682487,-0.35612,-0.876314,0.324383,-0.582959,0.479663,0.655828,-0.0,-0.0,-0.0,0.0,0.0,0.0,0.490804,-0.169116,-0.055279,0.292941,-0.300449,-0.884481,0.356952,0.718807,0.035873,0.694236,-0.626456,0.466266,0.62451,0.033076,-0.007219,0.010119,-0.025948,-0.025482,0.036812,-1.404082,0.04268,0.02656,-0.010614,0.350144,0.875961,0.3318,-0.697333,0.007263,0.71671,0.6254,-0.482327,0.613379,0.008515,-0.003386,0.006226,0.40785,-0.498293,0.053528,-0.937902,0.086593,0.040785,-0.038404,0.737551,0.036449,-0.674305,0.24656,0.915069,0.319148,0.628669,-0.401645,0.665924,0.0,-0.0,0.0,-1.6e-05,1.7e-05,5.3e-05,0.477443
284,0.168303,-0.019382,0.333656,-0.729529,0.043885,-0.682574,-0.356194,-0.876323,0.324277,-0.583021,0.479639,0.655789,-2.3e-05,-0.000348,-0.000329,0.0,0.0,0.0,0.491101,-0.168261,-0.055221,0.293177,-0.310686,-0.884013,0.349264,0.718314,0.022132,0.69532,-0.622002,0.468012,0.627648,0.01615,0.004926,0.00513,0.007671,-0.032484,0.05298,-1.404331,0.042887,0.026581,-0.010554,0.360144,0.873497,0.327564,-0.696837,0.018432,0.716991,0.620252,-0.486479,0.615324,0.008071,0.002323,0.002361,-0.013907,-0.006844,0.025255,-0.93529,0.086593,0.040783,-0.038406,0.737563,0.036461,-0.674292,0.246546,0.915068,0.319161,0.628661,-0.401646,0.665931,-1.8e-05,-0.00027,-0.000256,-2.5e-05,1.3e-05,4.6e-05,0.477443
285,0.168303,-0.019382,0.333656,-0.729351,0.044044,-0.682753,-0.356379,-0.876315,0.324094,-0.58313,0.479638,0.655693,-0.0,-0.0,-0.0,0.0,0.0,0.0,0.490602,-0.167746,-0.055055,0.293478,-0.32656,-0.882315,0.338926,0.716839,0.002368,0.697188,-0.615521,0.471731,0.631243,0.000111,0.005765,0.008049,-0.026061,-0.171507,0.21555,-1.404486,0.043151,0.026664,-0.010405,0.37561,0.870879,0.316995,-0.694448,0.037971,0.71854,0.613725,-0.490027,0.619042,0.00808,0.003213,0.003604,-0.109196,-0.602977,0.756585,-0.932187,0.086593,0.040782,-0.038407,0.737407,0.036281,-0.674472,0.246733,0.915081,0.31898,0.62877,-0.401633,0.665836,-1e-06,4e-06,5e-06,-2.3e-05,9e-06,4.5e-05,0.477443
286,0.168303,-0.019382,0.333656,-0.729174,0.044203,-0.682933,-0.356564,-0.876308,0.323911,-0.583239,0.479637,0.655597,-0.0,-0.0,-0.0,0.005553,-0.096692,0.173718,0.491211,-0.167634,-0.05478,0.293831,-0.351424,-0.877781,0.325567,0.715481,-0.027676,0.698037,-0.603262,0.47934,0.637317,0.000131,0.006987,0.009722,0.174602,0.270023,0.388847,-1.404345,0.043207,0.026802,-0.010229,0.399365,0.865368,0.302727,-0.691858,0.067822,0.71884,0.60153,-0.496524,0.625798,6e-05,0.003584,0.004967,0.508189,0.976997,1.288329,-0.936432,0.086593,0.040782,-0.038407,0.73733,0.036191,-0.674562,0.246827,0.915087,0.318889,0.628825,-0.401627,0.665789,-2e-06,2e-06,5e-06,-2.7e-05,4e-06,3.9e-05,0.477279
287,0.168303,-0.019388,0.33365,-0.729187,0.044191,-0.68292,-0.356551,-0.876308,0.323924,-0.583231,0.479637,0.655604,-9e-06,-0.000131,-0.000124,0.0,0.0,0.0,0.491209,-0.167728,-0.054622,0.294043,-0.36119,-0.876235,0.318978,0.714542,-0.040438,0.698376,-0.598578,0.481264,0.640275,0.000151,0.007994,0.011102,0.469923,0.072539,0.201953,-1.404551,0.04316,0.026879,-0.010124,0.410143,0.862644,0.29602,-0.689007,0.080421,0.720278,0.597538,-0.499377,0.627352,-0.007943,0.003842,0.006208,1.101381,0.763083,0.905013,-0.935616,0.086593,0.040779,-0.03841,0.737263,0.036113,-0.674639,0.246907,0.915093,0.318811,0.628871,-0.401621,0.665748,-1e-05,-9.3e-05,-8.7e-05,-2.8e-05,1.2e-05,2.5e-05,0.477606
288,0.168303,-0.019388,0.33365,-0.729009,0.04435,-0.683099,-0.356736,-0.876301,0.323741,-0.58334,0.479636,0.655508,-0.0,-0.0,-0.0,0.0,0.0,0.0,0.491157,-0.16818,-0.054311,0.294508,-0.388078,-0.870275,0.303327,0.708888,-0.071699,0.701621,-0.588358,0.488397,0.644335,-0.015854,0.007335,0.011891,0.052833,-0.085975,0.186241,-1.404427,0.04294,0.027038,-0.009889,0.435384,0.855751,0.279517,-0.683199,0.111893,0.721607,0.58624,-0.505143,0.633365,-0.00793,0.003804,0.00616,0.045891,0.096136,0.073272,-0.932024,0.086593,0.040778,-0.03841,0.737108,0.035933,-0.674818,0.247094,0.915106,0.31863,0.62898,-0.401608,0.665653,-4e-06,5e-06,7e-06,-3.1e-05,-8e-06,3.5e-05,0.477606
289,0.168303,-0.019382,0.333656,-0.728907,0.044441,-0.683202,-0.356842,-0.876297,0.323636,-0.583403,0.479635,0.655452,1e-06,1.1e-05,1.1e-05,0.0,0.0,0.0,0.491261,-0.168945,-0.053998,0.294953,-0.426364,-0.857639,0.28751,0.703728,-0.114963,0.70106,-0.567657,0.502307,0.652163,-0.03272,0.017084,0.003511,0.177344,-0.180938,0.105039,-1.404462,0.042564,0.027192,-0.009662,0.472865,0.841052,0.262735,-0.676029,0.155046,0.720377,0.565139,-0.518258,0.641892,-0.007916,0.00356,0.005802,0.152642,-0.080197,-0.057945,-0.93186,0.086593,0.040782,-0.038407,0.737018,0.035829,-0.674922,0.247202,0.915113,0.318526,0.629042,-0.401601,0.665598,-3e-06,2e-06,4e-06,-1.9e-05,1.2e-05,2.5e-05,0.477769
290,0.168303,-0.019382,0.333656,-0.728818,0.04452,-0.683292,-0.356935,-0.876293,0.323544,-0.583457,0.479635,0.655404,0.0,0.0,0.0,0.0,0.0,0.0,0.49135,-0.169436,-0.053842,0.29515,-0.450912,-0.847077,0.281302,0.699249,-0.139538,0.701081,-0.554041,0.513885,0.654847,-0.015824,0.00643,0.010545,0.088134,0.069657,0.070574,-1.40445,0.042312,0.027274,-0.009565,0.496389,0.829558,0.255792,-0.670645,0.17936,0.719766,0.551209,-0.52883,0.645372,-0.015912,0.00283,0.005639,0.151964,0.34536,0.263218,-0.93382,0.086593,0.040782,-0.038407,0.736941,0.035739,-0.675011,0.247295,0.915119,0.318435,0.629097,-0.401595,0.665551,-1e-06,-3e-06,-2e-06,-9e-06,3e-06,4e-05,0.477769
291,0.168304,-0.019376,0.333662,-0.728717,0.044611,-0.683394,-0.357041,-0.876288,0.323439,-0.58352,0.479634,0.655349,2e-06,2.6e-05,2.4e-05,0.0,0.0,0.0,0.491343,-0.170561,-0.053543,0.295559,-0.507741,-0.819517,0.265673,0.685867,-0.198083,0.700203,-0.520556,0.538762,0.662284,-0.031762,0.005811,0.011304,0.374342,0.17654,0.175709,-1.40454,0.041755,0.027424,-0.009362,0.551883,0.798961,0.238926,-0.654083,0.236992,0.718338,0.517301,-0.552717,0.653378,-0.015887,0.002888,0.005662,0.832638,0.85514,1.094349,-0.934146,0.086593,0.040785,-0.038403,0.736851,0.035635,-0.675114,0.247403,0.915126,0.318331,0.629159,-0.401588,0.665496,-0.0,6e-06,6e-06,-2.2e-05,3e-06,1.3e-05,0.477606
292,0.168304,-0.019369,0.333669,-0.728778,0.040467,-0.683586,-0.352044,-0.87838,0.323242,-0.586466,0.476169,0.655246,5e-06,8.1e-05,7.6e-05,0.0,-0.0,-0.0,0.491641,-0.171643,-0.05332,0.295996,-0.561163,-0.789142,0.249684,0.66937,-0.255419,0.697595,-0.486013,0.559582,0.67121,-0.031715,0.005795,0.011188,0.506847,-0.370948,-0.279226,-1.404681,0.041214,0.027535,-0.009144,0.604651,0.764943,0.221942,-0.634073,0.293654,0.715344,0.482023,-0.573261,0.662588,-0.007874,0.003181,0.005223,0.042085,-0.013063,-0.023951,-0.927452,0.086593,0.040788,-0.0384,0.736426,0.039773,-0.675347,0.242179,0.916616,0.318063,0.631684,-0.397785,0.665388,4e-06,4.4e-05,4.1e-05,-0.000157,0.000111,0.000121,0.478096
293,0.168295,-0.019358,0.333694,-0.728676,0.040559,-0.68369,-0.352166,-0.878364,0.323153,-0.58652,0.476191,0.655182,6.9e-05,0.001038,0.000983,0.0,0.0,0.0,0.491149,-0.172605,-0.053097,0.2964,-0.60399,-0.762259,0.232698,0.651446,-0.304167,0.695007,-0.458228,0.57232,0.679956,-0.015758,0.005263,0.008767,0.227492,-0.368236,0.047162,-1.404571,0.040727,0.027649,-0.008938,0.644675,0.736711,0.204084,-0.615337,0.341679,0.710362,0.4536,-0.583534,0.673597,-0.015855,0.002191,0.004649,0.239714,-0.925115,0.624427,-0.92043,0.086588,0.040792,-0.03839,0.736337,0.039662,-0.67545,0.24231,0.916611,0.317976,0.631737,-0.397806,0.665325,4.5e-05,0.000683,0.000646,-9.3e-05,5.6e-05,8.7e-05,0.477933
294,0.168274,-0.019346,0.333719,-0.728676,0.040557,-0.683689,-0.35218,-0.878351,0.323171,-0.586511,0.476214,0.655173,-0.014382,0.001796,0.002033,-0.000984,0.014715,-0.029553,0.491455,-0.172984,-0.053004,0.296583,-0.629061,-0.743913,0.225536,0.640011,-0.331167,0.693287,-0.440256,0.581395,0.684117,-0.01576,0.004881,0.008227,0.333568,0.17941,0.239692,-1.404466,0.040532,0.027697,-0.008844,0.668318,0.717558,0.196112,-0.602981,0.368181,0.707711,0.43562,-0.591229,0.678736,-0.007878,0.002335,0.004019,0.34195,0.186594,0.228786,-0.926962,0.086584,0.040797,-0.038378,0.736325,0.039646,-0.675464,0.242344,0.916601,0.317979,0.631738,-0.397831,0.665309,5.7e-05,0.000859,0.000814,0.000724,-0.013978,0.025243,0.477933
295,0.168225,-0.019324,0.333827,-0.72858,0.040645,-0.683787,-0.352374,-0.878272,0.323174,-0.586514,0.476352,0.65507,0.000323,-0.008177,0.011111,-0.03487,-0.001874,0.006424,0.491919,-0.173636,-0.0529,0.296807,-0.666965,-0.713651,0.214129,0.622019,-0.375312,0.687145,-0.409169,0.592385,0.693919,-0.015872,0.001296,0.003341,-0.138641,-2.096737,1.799958,-1.404526,0.040218,0.027751,-0.008729,0.704657,0.684436,0.187094,-0.584237,0.410047,0.700376,0.402646,-0.602833,0.688816,2.5e-05,0.000461,0.000669,0.590202,-0.356157,-0.206198,-0.925002,0.086554,0.040811,-0.038329,0.736256,0.039563,-0.675545,0.242513,0.916554,0.317986,0.631754,-0.397948,0.665224,6.4e-05,0.001006,0.000953,-5e-05,1.8e-05,5.6e-05,0.478096
