frame,MLTx,MLTy,MLTz,MLTR1,MLTR2,MLTR3,MLTR4,MLTR5,MLTR6,MLTR7,MLTR8,MLTR9,MLTTVx,MLTTVy,MLTTVz,MLTRVx,MLTRVy,MLTRVz,MLGA,MRTx,MRTy,MRTz,MRTR1,MRTR2,MRTR3,MRTR4,MRTR5,MRTR6,MRTR7,MRTR8,MRTR9,MRTTVx,MRTTVy,MRTTVz,MRTRVx,MRTRVy,MRTRVz,MRGA,SLTx,SLTy,SLTz,SLTR1,SLTR2,SLTR3,SLTR4,SLTR5,SLTR6,SLTR7,SLTR8,SLTR9,SLTTVx,SLTTVy,SLTTVz,SLTRVx,SLTRVy,SLTRVz,SLGA,SRTx,SRTy,SRTz,SRTR1,SRTR2,SRTR3,SRTR4,SRTR5,SRTR6,SRTR7,SRTR8,SRTR9,SRTTVx,SRTTVy,SRTTVz,SRTRVx,SRTRVy,SRTRVz,SRGA
1287,0.055843,0.013844,0.372677,-0.039794,-0.543457,-0.83852,0.519642,-0.728029,0.447122,-0.853409,-0.417268,0.312423,0.020591,0.035955,-0.022949,-0.498828,1.514231,2.030543,-1.914929,-0.135927,0.074977,0.338145,0.256202,0.898245,0.357082,-0.966561,0.238514,0.09383,-0.001194,-0.370311,0.928833,0.001131,-0.008273,-0.048025,-0.029053,0.163918,0.032379,0.343476,0.025425,0.056091,-0.013765,-0.156751,-0.92203,0.353961,0.98742,-0.153822,0.036589,0.020711,0.355243,0.934544,0.006357,-0.00318,-0.023896,-0.054761,0.158338,0.112671,0.278939,0.065167,0.031596,-0.05532,0.043127,-0.519574,-0.853336,0.586773,-0.678122,0.442546,-0.808601,-0.519801,0.275626,0.010079,0.017365,-0.011918,0.565426,0.704356,2.206776,-0.810757
1288,0.056559,0.015018,0.371534,-0.153718,-0.485041,-0.860901,0.470293,-0.802149,0.367905,-0.868829,-0.347726,0.352492,0.016557,0.026427,-0.030107,-4.105476,3.299164,3.90772,-1.915381,-0.13537,0.074488,0.336508,0.262175,0.894156,0.362961,-0.964956,0.242245,0.100553,0.00167,-0.377729,0.925841,0.014004,-0.015553,-0.039515,0.002509,0.087848,0.020416,0.343298,0.025704,0.055841,-0.014608,-0.162892,-0.91846,0.36041,0.986496,-0.157911,0.043444,0.017011,0.36262,0.93178,0.012837,-0.007023,-0.01978,0.060645,-0.074543,0.195832,0.278612,0.065545,0.032208,-0.05591,-0.079857,-0.472389,-0.877764,0.545703,-0.757617,0.358083,-0.834164,-0.450403,0.318285,0.008039,0.01282,-0.015537,-4.128041,3.276829,3.871834,-0.804062
1289,0.056901,0.015673,0.370762,-0.198207,-0.45672,-0.867275,0.451024,-0.828071,0.332937,-0.869979,-0.32461,0.371204,0.017081,0.034843,-0.040575,0.984745,1.004822,1.785499,-1.915244,-0.134959,0.074164,0.335754,0.265372,0.892082,0.36573,-0.964076,0.244165,0.104281,0.00341,-0.381387,0.924335,0.014092,-0.015772,-0.039835,-0.189616,0.246158,0.159557,0.343274,0.025914,0.055675,-0.014998,-0.165474,-0.917074,0.362757,0.986088,-0.159708,0.046058,0.015696,0.365332,0.930744,0.007069,-0.007869,-0.019917,-0.262387,0.298878,0.186708,0.278939,0.065708,0.032519,-0.056284,-0.126622,-0.449396,-0.884312,0.528245,-0.785113,0.323347,-0.839596,-0.426191,0.336804,0.008308,0.016764,-0.02077,0.775941,0.839428,1.683239,-0.802755
1290,0.057113,0.016875,0.369161,-0.282257,-0.392716,-0.8753,0.392665,-0.879743,0.268026,-0.874947,-0.267566,0.403613,-0.011831,0.03463,-0.041705,0.630686,0.732475,1.580061,-1.915358,-0.13399,0.073449,0.334269,0.262842,0.890671,0.37096,-0.964765,0.240865,0.105577,0.004367,-0.386759,0.922096,0.025856,-0.013828,-0.039983,-0.01335,0.087383,0.063009,0.343184,0.026379,0.055329,-0.01571,-0.163135,-0.915295,0.368267,0.98651,-0.156457,0.048144,0.013552,0.371153,0.928472,0.013811,-0.013091,-0.016684,-0.075212,0.131365,0.040489,0.277959,0.065826,0.033121,-0.057083,-0.218388,-0.394475,-0.892578,0.477949,-0.84068,0.254599,-0.850805,-0.371006,0.372133,0.000339,0.014931,-0.022383,0.387235,1.062092,1.624764,-0.801612
1291,0.057011,0.017788,0.367461,-0.36975,-0.325051,-0.870443,0.3272,-0.92235,0.205385,-0.869155,-0.208471,0.448482,0.009882,0.010476,-0.042138,-0.603177,1.548857,2.318659,-1.915752,-0.132924,0.072731,0.332846,0.262645,0.888992,0.375103,-0.964785,0.238282,0.111116,0.009085,-0.392195,0.919763,0.037833,-0.012646,-0.040634,-0.130369,0.150872,0.125665,0.3434,0.026932,0.054961,-0.016451,-0.162648,-0.913778,0.372227,0.986646,-0.153901,0.053312,0.008571,0.375928,0.926608,0.018948,-0.006395,-0.020379,-0.160565,0.173884,0.136902,0.27698,0.065769,0.033589,-0.05795,-0.312468,-0.336207,-0.888441,0.419156,-0.888096,0.188657,-0.852449,-0.313447,0.418426,0.004829,0.004864,-0.021328,-0.631937,1.498441,2.306153,-0.802592
1292,0.057033,0.018117,0.366499,-0.401746,-0.302673,-0.864312,0.313525,-0.932221,0.180661,-0.859912,-0.198034,0.470491,-0.004596,0.010323,-0.042831,0.640704,0.929149,1.160042,-1.915731,-0.132344,0.072405,0.332068,0.259286,0.889393,0.376486,-0.965664,0.234005,0.112557,0.011696,-0.393862,0.919021,0.026315,-0.014995,-0.04133,-0.015095,0.087083,0.059857,0.34323,0.027212,0.054804,-0.016823,-0.159418,-0.913766,0.373653,0.987196,-0.149638,0.055244,0.005433,0.377675,0.925921,0.013222,-0.007813,-0.020885,-0.015796,0.102423,0.031034,0.27649,0.065784,0.033743,-0.058394,-0.346557,-0.318329,-0.882362,0.40685,-0.898582,0.164385,-0.845204,-0.302021,0.440922,0.004141,0.003228,-0.022607,0.471206,0.793515,1.182618,-0.803572
1293,0.056735,0.018244,0.365019,-0.459363,-0.256282,-0.8505,0.272695,-0.951919,0.139496,-0.844787,-0.167536,0.508225,-0.00639,-0.001019,-0.034736,-0.920886,1.117335,1.535135,-1.915496,-0.131313,0.071711,0.330398,0.258886,0.885825,0.385077,-0.965719,0.231012,0.118132,0.015376,-0.403571,0.914744,0.0268,-0.016917,-0.043053,-0.335497,0.44048,0.302043,0.345112,0.027721,0.054467,-0.01764,-0.157642,-0.911117,0.380805,0.987493,-0.14625,0.058874,0.002052,0.385324,0.922778,0.013459,-0.008724,-0.021711,0.486011,0.815119,-0.269929,0.277143,0.065633,0.03381,-0.05915,-0.407542,-0.280725,-0.868965,0.374829,-0.919144,0.121142,-0.832713,-0.276343,0.479814,-0.004014,-0.00609,-0.013183,0.599607,1.23446,0.853215,-0.806838
1294,0.056509,0.017983,0.363836,-0.497709,-0.227735,-0.836939,0.257504,-0.960199,0.10808,-0.827624,-0.161447,0.537587,-0.00785,-0.011562,-0.026059,0.307978,0.586686,0.47365,-1.915397,-0.130417,0.071123,0.328581,0.255067,0.885239,0.388953,-0.966753,0.227556,0.116365,0.014196,-0.406815,0.913326,0.025582,-0.007156,-0.05182,0.098178,0.033201,0.003317,0.345599,0.028169,0.05417,-0.018545,-0.154874,-0.909407,0.385994,0.987932,-0.143151,0.059125,0.001487,0.390493,0.920603,0.012768,-0.003295,-0.025721,0.120853,0.014963,-0.006232,0.278776,0.065517,0.03368,-0.05976,-0.452465,-0.253678,-0.854939,0.356195,-0.930303,0.087528,-0.817557,-0.264922,0.511288,0.003434,-0.001985,-0.018275,0.387182,0.632361,0.592612,-0.815329
1295,0.056441,0.017809,0.363295,-0.514793,-0.216009,-0.829683,0.252374,-0.963032,0.094073,-0.818692,-0.160701,0.551313,-0.007205,-0.01001,-0.024912,0.424769,0.863117,0.658324,-1.915435,-0.130005,0.070906,0.327625,0.252065,0.885618,0.390044,-0.967505,0.223798,0.117395,0.016374,-0.408074,0.912727,0.014032,-0.010337,-0.053112,0.090188,0.053367,-0.02146,0.346074,0.028385,0.054056,-0.019038,-0.151888,-0.909545,0.386854,0.988396,-0.139446,0.060212,-0.00082,0.391511,0.920172,0.012985,-0.004419,-0.026609,0.135518,-0.101405,0.15385,0.278939,0.065479,0.033586,-0.060043,-0.469366,-0.244352,-0.848519,0.35165,-0.933184,0.074215,-0.809961,-0.263548,0.523932,-0.003573,-0.004988,-0.012437,0.380973,0.748021,0.594233,-0.816635
1296,0.056349,0.017225,0.362537,-0.540474,-0.184507,-0.820908,0.239732,-0.968976,0.059886,-0.805818,-0.164209,0.568963,0.00593,-0.020404,-0.015469,0.314493,0.78612,0.65346,-1.915529,-0.129279,0.070443,0.325475,0.248012,0.88427,0.395661,-0.968409,0.216476,0.123513,0.023271,-0.414904,0.909492,0.014599,-0.013204,-0.055644,-2.402636,-0.490412,-4.652536,0.346303,0.028748,0.053826,-0.020113,-0.1519,-0.907398,0.39186,0.988382,-0.137417,0.06493,-0.005069,0.39717,0.91773,0.007407,-0.007103,-0.028173,-0.438685,0.465226,0.322047,0.279429,0.065429,0.033297,-0.06042,-0.498056,-0.216246,-0.839747,0.340706,-0.939326,0.039816,-0.797407,-0.266277,0.541513,-0.003396,-0.008103,-0.006391,0.25925,0.896577,0.721109,-0.821044
1297,0.056515,0.016773,0.361926,-0.568062,-0.15072,-0.809095,0.230087,-0.972957,0.019636,-0.789469,-0.174828,0.588388,-0.003558,-0.001324,-0.018223,0.385616,0.702358,0.800845,-1.915655,-0.128588,0.070012,0.323157,0.249481,0.881421,0.401058,-0.967922,0.215227,0.129375,0.027416,-0.421576,0.906303,0.015066,-0.015369,-0.057794,-0.084078,0.084831,0.276918,0.346273,0.029099,0.053604,-0.021293,-0.148774,-0.905375,0.397695,0.988783,-0.130837,0.072037,-0.013187,0.403952,0.914684,0.007595,-0.007868,-0.029033,-0.092602,0.091889,0.281736,0.279429,0.065515,0.033063,-0.060725,-0.529567,-0.18609,-0.827603,0.332604,-0.943065,-0.000775,-0.780341,-0.275675,0.561311,0.004315,-0.007044,-0.005265,0.37858,0.862872,0.699308,-0.827249
1298,0.056807,0.016557,0.361401,-0.591541,-0.12607,-0.796386,0.223778,-0.974552,-0.01201,-0.77387,-0.185169,0.605693,0.01176,0.000513,-0.016133,0.401514,0.7543,0.899125,-1.915336,-0.12794,0.069596,0.320807,0.246698,0.880147,0.405553,-0.968419,0.209129,0.135514,0.034163,-0.427281,0.903397,0.014924,-0.013731,-0.057261,-0.006835,0.021924,0.219627,0.34657,0.029418,0.053396,-0.022451,-0.145959,-0.903815,0.40226,0.989071,-0.124759,0.078567,-0.020825,0.409332,0.912147,0.007552,-0.007226,-0.028892,-0.025146,0.16535,0.049746,0.280245,0.065659,0.032952,-0.060996,-0.555554,-0.164409,-0.815063,0.327254,-0.944374,-0.032567,-0.764371,-0.284825,0.578455,0.00602,0.000564,-0.007827,0.379231,0.689755,0.861404,-0.830188
1299,0.057041,0.016512,0.361197,-0.603372,-0.11403,-0.789294,0.219678,-0.975181,-0.027114,-0.765864,-0.189616,0.614431,0.013031,0.003542,-0.013725,0.401336,0.762874,0.937384,-1.915291,-0.127657,0.069402,0.319624,0.245321,0.879513,0.407757,-0.968642,0.20607,0.138569,0.037552,-0.430068,0.901939,0.01283,0.000425,-0.062637,0.068734,-0.03911,0.155151,0.344932,0.029561,0.053291,-0.023042,-0.144748,-0.902987,0.404552,0.989159,-0.121843,0.081957,-0.024715,0.41203,0.910834,0.007373,-0.005944,-0.028115,0.016396,0.049639,-0.12764,0.280245,0.065767,0.03293,-0.061091,-0.567786,-0.154816,-0.808486,0.323969,-0.94492,-0.046577,-0.756744,-0.288371,0.586668,0.006692,0.002173,-0.006546,0.301514,0.588848,0.614176,-0.831331
1300,0.057504,0.016761,0.360848,-0.629756,-0.088291,-0.771788,0.206427,-0.976799,-0.056763,-0.748088,-0.194963,0.634334,0.002756,0.013758,-0.006236,0.404416,0.919824,0.793935,-1.915001,-0.127032,0.069098,0.317519,0.245879,0.877728,0.411253,-0.968371,0.204588,0.142599,0.04073,-0.434409,0.899718,0.026194,-0.006034,-0.053683,-0.03335,0.13812,0.102858,0.342912,0.029878,0.053138,-0.024119,-0.145069,-0.90148,0.407783,0.989027,-0.120484,0.085491,-0.027937,0.415711,0.909067,0.013101,-0.002852,-0.026727,-0.02892,0.135589,0.101477,0.277469,0.066006,0.033046,-0.061272,-0.597787,-0.131999,-0.790712,0.311486,-0.947094,-0.077382,-0.738665,-0.292553,0.607277,0.007824,0.004905,-0.004372,0.250122,0.57509,0.379957,-0.832148
1301,0.057822,0.017347,0.360613,-0.649634,-0.074905,-0.756578,0.202253,-0.976281,-0.077078,-0.732052,-0.203007,0.650319,0.004168,0.017161,-0.00353,0.200729,0.450937,0.308887,-1.915233,-0.12618,0.068663,0.315684,0.232787,0.880703,0.412509,-0.971325,0.190096,0.142564,0.046861,-0.434973,0.899147,0.027312,-0.012787,-0.043623,-2.198687,-0.869809,-4.830377,0.339652,0.030305,0.052919,-0.025038,-0.13343,-0.903022,0.408345,0.990499,-0.107675,0.08554,-0.033276,0.41588,0.90881,0.013693,-0.006135,-0.02165,-2.18258,-0.885163,-4.837607,0.27551,0.066167,0.033348,-0.061389,-0.621218,-0.120652,-0.774292,0.307564,-0.946331,-0.099301,-0.720757,-0.299832,0.624986,0.00218,0.008804,-0.001591,0.19514,0.43128,0.297321,-0.829535
1302,0.057933,0.017565,0.360595,-0.655982,-0.067266,-0.751804,0.195196,-0.977236,-0.082951,-0.728295,-0.201088,0.655117,0.002278,0.005478,0.00435,0.096221,0.361251,0.264761,-1.914554,-0.125632,0.068379,0.314944,0.229761,0.880994,0.413583,-0.971889,0.185848,0.144315,0.050002,-0.436219,0.898374,0.028435,-0.019987,-0.033601,-2.263388,-0.758369,-4.970978,0.336996,0.030569,0.052779,-0.025399,-0.13408,-0.902401,0.409505,0.990354,-0.107462,0.087453,-0.034911,0.417281,0.908106,0.013256,-0.003594,-0.019795,0.086165,-0.004111,0.024414,0.272897,0.066224,0.03346,-0.061395,-0.627867,-0.114085,-0.769913,0.300915,-0.947858,-0.104945,-0.717796,-0.297571,0.629459,0.001793,0.007877,-0.00233,0.089323,0.46091,0.387659,-0.834107
1303,0.057901,0.018033,0.360587,-0.665452,-0.057411,-0.74426,0.1825,-0.979272,-0.087708,-0.722972,-0.194129,0.663064,-0.009094,0.020096,-0.00185,0.064393,0.071892,0.06125,-1.913711,-0.124314,0.067707,0.313885,0.227848,0.881276,0.414041,-0.972161,0.182593,0.146616,0.053336,-0.437026,0.89779,0.028831,-0.022282,-0.019887,-2.29622,-0.783075,-4.96678,0.335679,0.031229,0.05244,-0.025937,-0.132086,-0.902549,0.409826,0.990499,-0.104222,0.089711,-0.038255,0.417782,0.90774,0.020415,-0.009611,-0.009457,0.03424,-0.144066,0.191718,0.269142,0.066213,0.03369,-0.061397,-0.639156,-0.10535,-0.761826,0.288478,-0.951088,-0.110505,-0.712923,-0.2904,0.638285,0.001107,0.002657,0.002106,0.021926,0.03472,0.055329,-0.83427
1304,0.057477,0.018398,0.360788,-0.674501,-0.042571,-0.737077,0.164276,-0.981941,-0.093687,-0.718939,-0.184231,0.670233,-0.024551,0.010568,0.007094,0.082643,0.304895,0.103757,-1.914308,-0.122712,0.06702,0.313308,0.225979,0.881571,0.414437,-0.972338,0.178854,0.150012,0.057852,-0.437978,0.897046,0.053887,-0.022321,-0.006966,-0.052213,-0.00152,0.067656,0.335402,0.032021,0.052098,-0.026229,-0.124818,-0.903562,0.409873,0.991136,-0.094611,0.093259,-0.045487,0.41788,0.907362,0.019833,-0.005697,-0.006522,0.006811,-0.010354,0.048369,0.268162,0.066,0.033885,-0.061293,-0.649184,-0.091917,-0.755056,0.270875,-0.95553,-0.116571,-0.710765,-0.280202,0.645212,-0.012304,0.005225,0.003507,0.09797,0.349455,0.128043,-0.830188
1305,0.056967,0.018556,0.360888,-0.680865,-0.036653,-0.731522,0.157963,-0.982569,-0.097864,-0.714338,-0.182149,0.675699,-0.013265,0.002919,0.001671,0.021576,0.080574,0.007065,-1.913888,-0.120932,0.066415,0.313103,0.217494,0.884151,0.413478,-0.97388,0.168753,0.151702,0.064092,-0.436781,0.897206,0.038721,-0.005314,-0.008355,0.003321,-0.0276,0.065123,0.336115,0.032901,0.051798,-0.026328,-0.116046,-0.905453,0.408272,0.991915,-0.084401,0.094757,-0.051339,0.415968,0.907928,0.026445,-0.00771,-0.000882,-0.034827,-0.016121,0.049523,0.268652,0.065751,0.033965,-0.061242,-0.656919,-0.086676,-0.748961,0.264669,-0.956662,-0.121431,-0.705979,-0.277998,0.65139,-0.006739,0.001209,0.000646,0.008324,0.038131,-0.017812,-0.830678
1306,0.056647,0.018634,0.360909,-0.685006,-0.035808,-0.727688,0.15792,-0.982321,-0.100392,-0.710377,-0.183648,0.679458,-0.026245,0.006526,0.003881,0.048841,0.177216,0.02307,-1.913953,-0.120135,0.066167,0.313063,0.218236,0.884115,0.413166,-0.973678,0.169216,0.152482,0.064636,-0.436677,0.897217,0.040336,-0.015196,-0.000166,-0.033248,-0.018895,0.046774,0.336046,0.033314,0.051673,-0.02635,-0.116845,-0.905481,0.407983,0.991794,-0.084931,0.095548,-0.051867,0.4158,0.907975,0.020119,-0.007312,0.000114,-0.03318,-0.018836,0.04655,0.269305,0.065584,0.034002,-0.061233,-0.661049,-0.086479,-0.745341,0.26471,-0.956346,-0.123813,-0.702097,-0.279146,0.655084,-0.01316,0.003178,0.001882,0.040115,0.14918,0.006604,-0.834107
1307,0.056108,0.01881,0.360996,-0.695397,-0.02439,-0.718243,0.145376,-0.983512,-0.107428,-0.702918,-0.179098,0.688374,-0.012685,0.004301,0.002757,0.022259,0.170256,0.09043,-1.914685,-0.118672,0.065834,0.313109,0.21442,0.885344,0.41253,-0.974277,0.164336,0.153989,0.068283,-0.436047,0.897253,0.037335,0.002857,-0.002028,-2.292254,-0.77222,-5.02499,0.336431,0.034047,0.0515,-0.026327,-0.118376,-0.905566,0.407352,0.991557,-0.085936,0.097105,-0.052929,0.415408,0.908093,0.019653,-0.004554,0.00226,-0.033273,-0.019053,0.04656,0.269468,0.065318,0.034085,-0.061193,-0.673079,-0.076432,-0.73561,0.252498,-0.958629,-0.13143,-0.695132,-0.274203,0.664532,-0.006305,0.002246,0.001462,-0.063335,0.127538,0.144699,-0.841129
1308,0.055655,0.018948,0.361147,-0.70927,-0.015209,-0.704805,0.137727,-0.983467,-0.117453,-0.690486,-0.180366,0.700517,-0.012574,0.004559,0.002957,0.118527,0.358921,0.161783,-1.913805,-0.117636,0.065731,0.313271,0.215379,0.885301,0.412122,-0.974007,0.164889,0.155098,0.069096,-0.435925,0.89725,0.026063,-0.00577,0.008612,-0.048526,0.084296,-0.092102,0.336259,0.034569,0.051452,-0.02625,-0.114042,-0.906423,0.406681,0.991882,-0.08071,0.098255,-0.056238,0.414585,0.90827,0.006004,0.001637,0.000552,0.002084,-0.015156,0.029273,0.269632,0.065092,0.034155,-0.061117,-0.687633,-0.069333,-0.72274,0.245165,-0.959136,-0.141246,-0.683413,-0.274316,0.676532,-0.006249,0.002378,0.001565,0.146225,0.542148,0.035774,-0.83574
1309,0.055445,0.019006,0.361208,-0.715158,-0.008912,-0.698939,0.131121,-0.983855,-0.121695,-0.685682,-0.178673,0.705651,-0.012763,0.004113,0.002602,0.116373,0.3519,0.157851,-1.914237,-0.117242,0.065686,0.313359,0.215642,0.885271,0.41205,-0.973923,0.164967,0.155546,0.069468,-0.435957,0.897206,0.014114,-0.009281,0.007281,-0.034653,-0.006809,0.01043,0.335991,0.034774,0.051434,-0.026197,-0.114246,-0.906394,0.406688,0.991836,-0.080725,0.098711,-0.056641,0.414646,0.908217,0.007035,-0.004523,0.003716,-0.034623,-0.006798,0.010459,0.269632,0.064988,0.034185,-0.061086,-0.694228,-0.063898,-0.716912,0.238746,-0.960101,-0.145618,-0.679004,-0.272253,0.681785,-0.006376,0.002076,0.001325,0.148874,0.44433,0.208911,-0.832964
1310,0.055128,0.019032,0.361393,-0.726625,0.004153,-0.687054,0.117422,-0.984494,-0.130213,-0.676039,-0.175305,0.715728,-0.012207,0.005418,0.003631,0.11306,0.326021,0.176265,-1.91393,-0.116663,0.065607,0.313459,0.215439,0.885105,0.412513,-0.973934,0.164498,0.155973,0.069938,-0.436472,0.896919,0.012282,0.001881,3.9e-05,0.002045,-0.015205,0.029245,0.335341,0.035059,0.051397,-0.026145,-0.114013,-0.906215,0.407155,0.991832,-0.080243,0.099138,-0.057169,0.415132,0.907962,0.006146,0.000915,-1.3e-05,0.002059,-0.015197,0.029267,0.268978,0.064828,0.034195,-0.060996,-0.707456,-0.05246,-0.704807,0.225368,-0.961926,-0.154617,-0.669861,-0.268227,0.692343,8.6e-05,0.00021,0.000174,0.138022,0.39345,0.217818,-0.839986
1311,0.054946,0.01902,0.361541,-0.739611,0.017803,-0.672833,0.103538,-0.984716,-0.139948,-0.664123,-0.173201,0.727303,-0.013772,-0.005365,0.012226,0.129681,0.608655,0.046757,-1.914157,-0.116483,0.065553,0.313481,0.214926,0.884967,0.413077,-0.974037,0.163881,0.155982,0.070086,-0.436986,0.896658,0.000124,-0.000627,-0.000494,-0.0,0.0,0.0,0.335178,0.035153,0.051371,-0.026133,-0.113506,-0.906042,0.40768,0.991879,-0.079641,0.099161,-0.057376,0.415624,0.907724,7.7e-05,-0.00039,-0.000314,-5e-06,-2e-06,1.9e-05,0.268978,0.064738,0.034194,-0.060924,-0.721458,-0.040754,-0.691256,0.211855,-0.963388,-0.164314,-0.659253,-0.264992,0.703679,0.000417,0.000987,0.000783,0.23577,0.675352,0.376255,-0.839986
1312,0.054858,0.019114,0.361686,-0.750386,0.030438,-0.660333,0.090271,-0.984836,-0.148058,-0.653894,-0.170756,0.737083,0.00123,0.002882,0.002275,0.231727,0.655471,0.363462,-1.914331,-0.116487,0.06547,0.313479,0.214423,0.884881,0.413521,-0.97414,0.163314,0.155929,0.070189,-0.437372,0.896461,4.7e-05,-0.000237,-0.000186,-0.0,0.0,0.0,0.331421,0.035151,0.051329,-0.026136,-0.112988,-0.905919,0.408097,0.991929,-0.079067,0.099113,-0.057522,0.416003,0.907541,2.2e-05,-0.000109,-8.7e-05,-3e-06,3e-06,1.2e-05,0.267509,0.064688,0.034237,-0.060848,-0.732924,-0.030246,-0.679636,0.199189,-0.964771,-0.171872,-0.650495,-0.261345,0.713129,0.000729,0.001716,0.001357,0.050706,0.124988,0.100756,-0.833617
1313,0.054784,0.019202,0.361738,-0.751968,0.039229,-0.658067,0.078879,-0.985676,-0.148973,-0.653551,-0.163987,0.738923,-0.01188,0.006166,0.004215,0.023438,0.085589,0.010741,-1.914124,-0.116524,0.06541,0.313497,0.214238,0.884869,0.413644,-0.974172,0.163075,0.15598,0.070311,-0.437486,0.896396,6.3e-05,-0.00032,-0.000252,-0.0,0.0,0.0,0.327996,0.035133,0.051299,-0.026126,-0.112799,-0.905892,0.408209,0.991943,-0.078827,0.099167,-0.057657,0.416107,0.907485,-0.006079,-0.001279,-0.000287,-0.002036,0.015221,-0.029245,0.264733,0.064656,0.034282,-0.060822,-0.737479,-0.020983,-0.675043,0.187479,-0.966594,-0.174774,-0.648826,-0.255449,0.716777,0.000638,0.001501,0.001186,0.001887,0.008026,0.005829,-0.833781
1314,0.054626,0.019343,0.361839,-0.755573,0.04398,-0.653621,0.073232,-0.985793,-0.151067,-0.650041,-0.162071,0.742433,0.00096,0.002245,0.00177,-0.000878,0.087046,-0.146186,-1.913606,-0.116501,0.065273,0.313582,0.212471,0.885788,0.412587,-0.974647,0.162253,0.153852,0.069083,-0.435926,0.897251,-0.000102,0.000515,0.000406,0.000608,-0.000468,-0.000451,0.321274,0.035144,0.051234,-0.026088,-0.110976,-0.906669,0.406982,0.992235,-0.077946,0.096914,-0.056146,0.414577,0.90828,-8.3e-05,0.000418,0.000329,-0.009071,0.00584,0.00337,0.257548,0.064573,0.034353,-0.06077,-0.741268,-0.016848,-0.670996,0.181986,-0.967283,-0.176757,-0.646065,-0.253136,0.720083,-0.006255,0.002346,0.001528,-0.007899,-0.006964,-0.042656,-0.843741
1315,0.054438,0.019472,0.361905,-0.75737,0.047963,-0.651257,0.067972,-0.986065,-0.151749,-0.648519,-0.159265,0.744368,0.000333,0.000777,0.000612,3.8e-05,0.000106,5.9e-05,-1.914518,-0.116399,0.065045,0.313779,0.210834,0.886747,0.411363,-0.97506,0.16138,0.152147,0.068278,-0.434293,0.898104,0.00161,-0.009952,0.008205,-0.034457,0.006575,-0.020531,0.313544,0.035195,0.051118,-0.02599,-0.109297,-0.907483,0.405621,0.99248,-0.077006,0.095144,-0.055106,0.41297,0.909075,0.006856,-0.003563,0.004492,-0.047968,0.001514,0.014834,0.250037,0.064484,0.034419,-0.060736,-0.743401,-0.013321,-0.668712,0.17692,-0.968106,-0.177395,-0.645021,-0.250185,0.722048,0.000215,0.000508,0.000405,-0.001215,-0.004727,-0.003325,-0.848314
1316,0.054276,0.019574,0.361926,-0.757279,0.051577,-0.651086,0.062804,-0.98648,-0.151275,-0.649146,-0.15552,0.744614,-0.012675,0.004285,0.002725,-0.001054,0.0147,-0.029471,-1.913696,-0.116328,0.064892,0.313942,0.209281,0.887707,0.410085,-0.975465,0.160676,0.150281,0.067265,-0.432588,0.899003,0.001511,-0.009448,0.008605,0.0209,-0.036165,-0.061501,0.307947,0.035231,0.051039,-0.025905,-0.10775,-0.9083,0.404204,0.992719,-0.076287,0.093206,-0.053824,0.411304,0.909907,0.000733,-0.00464,0.004366,0.0009,-0.023349,-0.054401,0.244158,0.064404,0.03447,-0.060726,-0.743676,-0.009727,-0.668468,0.171818,-0.969088,-0.177047,-0.646083,-0.246521,0.722359,-0.005582,0.007459,-0.002993,0.032313,-0.007269,-0.016225,-0.849457
1317,0.054058,0.019728,0.361907,-0.755016,0.058999,-0.653081,0.052128,-0.987366,-0.149543,-0.652716,-0.147033,0.743216,-0.000209,-0.000486,-0.000383,-0.001953,-0.00523,-0.002813,-1.913556,-0.116111,0.06453,0.314372,0.207605,0.888689,0.408806,-0.975827,0.159434,0.149249,0.067211,-0.431023,0.899758,0.013317,-0.005058,0.01062,-0.009085,-0.026718,-0.008546,0.295029,0.035335,0.050858,-0.025695,-0.105995,-0.909133,0.402791,0.992924,-0.074961,0.092097,-0.053535,0.409703,0.910646,0.000428,-0.003109,0.005572,-0.032016,-0.014532,-0.007973,0.229789,0.06429,0.034549,-0.060734,-0.742028,-0.002124,-0.670364,0.161306,-0.971179,-0.175474,-0.650671,-0.238341,0.720985,0.0006,0.004943,-0.004646,0.038802,-0.00599,0.022316,-0.851253
1318,0.053848,0.019828,0.361835,-0.754759,0.062838,-0.65302,0.046908,-0.987659,-0.149337,-0.653408,-0.143432,0.743312,-0.012174,0.012542,-0.007864,0.032147,0.007792,-0.040295,-1.913575,-0.115818,0.06414,0.314965,0.203886,0.889725,0.408426,-0.976814,0.157521,0.144759,0.064217,-0.429587,0.900663,0.012934,-0.003116,0.012146,0.048251,-0.063302,-0.050861,0.290751,0.035481,0.050669,-0.025406,-0.102398,-0.909738,0.402357,0.993463,-0.07301,0.087754,-0.050457,0.408713,0.911267,0.006342,-0.000974,0.006526,0.112347,-0.049497,-0.075132,0.218358,0.06419,0.034595,-0.060766,-0.742334,0.001801,-0.670027,0.156079,-0.972021,-0.175536,-0.651597,-0.234884,0.721283,-0.006617,0.001495,0.000853,-0.000355,0.015201,-0.029999,-0.853049
1319,0.05363,0.019891,0.361784,-0.754078,0.071209,-0.652948,0.035721,-0.988162,-0.149101,-0.6549,-0.135854,0.743423,-0.013711,0.001884,0.000826,-0.000984,0.014715,-0.029553,-1.913778,-0.115439,0.063784,0.315681,0.202357,0.889967,0.408657,-0.977203,0.156605,0.143116,0.063131,-0.429418,0.900821,0.01429,-0.011749,0.02141,-0.064934,-0.019606,0.011048,0.289355,0.035676,0.050482,-0.025037,-0.100654,-0.909911,0.402405,0.993694,-0.071858,0.086069,-0.049399,0.408531,0.911406,0.007109,-0.005745,0.010801,-0.085953,-0.009427,0.020288,0.214439,0.064081,0.034629,-0.060796,-0.742557,0.010199,-0.669704,0.145019,-0.973717,-0.175623,-0.653894,-0.22753,0.721562,-0.000472,-0.001093,-0.000857,7.2e-05,0.01401,-0.026027,-0.854845
1320,0.053488,0.019896,0.361769,-0.753298,0.079724,-0.652864,0.024319,-0.988545,-0.148857,-0.656318,-0.128118,0.743545,-0.013765,0.001765,0.000731,-0.001055,0.014698,-0.029472,-1.913393,-0.115204,0.063633,0.316114,0.202272,0.889228,0.410305,-0.977249,0.156453,0.142973,0.062702,-0.431005,0.900093,0.013859,-0.009605,0.02308,-0.068539,-0.016863,0.013663,0.289027,0.035784,0.050412,-0.024839,-0.100574,-0.909125,0.404197,0.993713,-0.071705,0.085977,-0.049181,0.410304,0.910621,0.006938,-0.004897,0.011462,-0.073758,-0.018874,0.017005,0.213133,0.06401,0.034632,-0.060803,-0.742701,0.018766,-0.669359,0.133698,-0.975324,-0.175691,-0.656139,-0.219978,0.721865,-0.007056,0.000483,5.4e-05,-0.00179,0.028189,-0.055173,-0.855335
1321,0.053221,0.019873,0.361702,-0.752499,0.087941,-0.65273,0.013149,-0.988817,-0.148462,-0.657553,-0.120418,0.743741,-0.013996,0.001247,0.000317,-0.001773,0.014535,-0.028654,-1.913834,-0.11471,0.063408,0.316989,0.19937,0.890378,0.409229,-0.978009,0.155193,0.139093,0.060099,-0.429078,0.90119,0.013603,-0.00836,0.024033,0.184152,-0.227769,-0.14542,0.291634,0.036031,0.050298,-0.024397,-0.098673,-0.90953,0.403753,0.993981,-0.070686,0.083682,-0.047572,0.409581,0.911031,0.006803,-0.004248,0.011955,0.461416,-0.408502,-0.313002,0.21297,0.063876,0.034619,-0.060838,-0.742792,0.027018,-0.668976,0.122616,-0.976796,-0.175595,-0.658198,-0.212458,0.722243,-0.000668,-0.001546,-0.001216,-0.002222,-0.000924,0.001721,-0.853865
1322,0.052987,0.019851,0.3617,-0.754418,0.088149,-0.650483,0.013267,-0.988667,-0.149447,-0.655349,-0.121493,0.74551,-7.1e-05,-0.000164,-0.000129,0.009657,0.026448,0.014696,-1.913547,-0.114299,0.063188,0.317696,0.197094,0.889655,0.411896,-0.978655,0.154103,0.135722,0.057037,-0.43097,0.900486,0.002316,-0.015238,0.020126,-0.031384,-0.016476,-0.068559,0.294427,0.036245,0.050194,-0.024022,-0.095262,-0.909206,0.405301,0.994506,-0.069184,0.078549,-0.043378,0.410557,0.910802,0.00116,-0.007688,0.010003,-0.059733,-0.001773,-0.056917,0.216072,0.063752,0.034605,-0.060842,-0.744985,0.026996,-0.666534,0.122737,-0.976575,-0.176736,-0.655692,-0.213474,0.72422,6e-06,1.3e-05,1.5e-05,0.001626,0.002261,0.000181,-0.853049
1323,0.052914,0.019879,0.361731,-0.753983,0.092319,-0.650409,0.007604,-0.988758,-0.14924,-0.655939,-0.117593,0.745616,-0.01243,0.004868,0.003176,-0.000849,0.0151,-0.029331,-1.91356,-0.11412,0.063105,0.317995,0.196637,0.888815,0.413924,-0.978797,0.15377,0.135072,0.056172,-0.432822,0.899651,0.012571,-0.001385,0.013453,-0.031317,-0.025211,0.032272,0.293909,0.036325,0.050152,-0.023884,-0.094751,-0.908279,0.407494,0.994578,-0.068749,0.078023,-0.042852,0.412677,0.909868,0.00023,-0.002154,0.006304,-0.045152,-0.008466,0.008878,0.216399,0.06372,0.034616,-0.060828,-0.744839,0.03114,-0.666516,0.117133,-0.977295,-0.176557,-0.656882,-0.209578,0.72428,0.000348,0.000804,0.000641,-0.002133,-0.007249,-0.004871,-0.852069
1324,0.052755,0.01994,0.361771,-0.758425,0.099502,-0.644155,0.000757,-0.988117,-0.153608,-0.650844,-0.117119,0.750142,1.4e-05,3.3e-05,2.6e-05,0.114048,0.311448,0.173038,-1.913533,-0.113796,0.062981,0.318437,0.195712,0.889863,0.412107,-0.979006,0.153401,0.133975,0.05577,-0.430791,0.900651,0.013106,-0.004007,0.011424,-0.03139,-0.025384,0.032322,0.290975,0.036496,0.050089,-0.023653,-0.093916,-0.909246,0.405524,0.99468,-0.068381,0.077038,-0.042317,0.410602,0.910831,0.00658,-0.002177,0.005573,-0.039345,-0.019986,0.03622,0.213623,0.063637,0.034653,-0.060804,-0.74945,0.037251,-0.66101,0.110557,-0.977355,-0.180427,-0.652763,-0.2083,0.728361,-0.006446,0.001908,0.001173,0.180238,0.511638,0.247754,-0.850436
1325,0.052572,0.019971,0.361787,-0.762898,0.106315,-0.637753,-0.005828,-0.987452,-0.157723,-0.645572,-0.116749,0.754741,-0.000365,-0.000839,-0.000663,0.189538,0.515901,0.28662,-1.913515,-0.113487,0.062913,0.318709,0.194559,0.890823,0.410576,-0.979286,0.152995,0.132382,0.054883,-0.428945,0.901586,0.011675,0.004915,0.00236,-0.014479,0.10484,-0.128468,0.285675,0.036646,0.050054,-0.023517,-0.092841,-0.910125,0.403797,0.994829,-0.068029,0.075399,-0.041153,0.408709,0.911735,0.000714,-0.004473,0.004516,-0.049108,0.016095,-0.014368,0.209704,0.063547,0.03467,-0.060795,-0.753993,0.042966,-0.655475,0.104251,-0.977384,-0.183987,-0.648556,-0.207059,0.732461,-0.00669,0.001342,0.000725,-0.005677,-0.000326,-0.039085,-0.851416
1326,0.052469,0.019939,0.361808,-0.762489,0.11022,-0.637579,-0.011307,-0.987477,-0.15727,-0.645983,-0.112852,0.754982,-0.013651,0.002069,0.000958,0.001561,0.022198,-0.025091,-1.913622,-0.113376,0.062915,0.318805,0.194828,0.890866,0.410355,-0.979218,0.153159,0.13269,0.055128,-0.428796,0.901641,0.013607,-0.006434,0.009553,-0.034542,-0.007434,0.010001,0.282737,0.036706,0.050054,-0.02347,-0.093085,-0.910126,0.403739,0.994792,-0.068115,0.075808,-0.041494,0.408693,0.911727,0.006806,-0.003246,0.004748,-0.036573,-0.005875,0.011422,0.206601,0.063501,0.034654,-0.060784,-0.755671,0.047709,-0.65321,0.098348,-0.977768,-0.185189,-0.647524,-0.204184,0.734179,-0.000444,-0.001019,-0.000802,-0.009163,-0.010119,-0.038597,-0.852396
1327,0.052293,0.019853,0.36181,-0.764508,0.11011,-0.635176,-0.01102,-0.987366,-0.157983,-0.643597,-0.113925,0.756856,-0.01405,0.001168,0.000242,-0.001212,0.029203,-0.05447,-1.913143,-0.113121,0.0629,0.318967,0.193407,0.891752,0.409101,-0.97957,0.152621,0.130701,0.053886,-0.42714,0.902502,-0.000312,0.001501,0.001154,0.407944,-0.314378,-0.292597,0.27348,0.036833,0.050047,-0.023389,-0.09298,-0.910229,0.403531,0.994794,-0.067963,0.075917,-0.041676,0.408489,0.91181,-0.000143,0.000676,0.000513,0.408083,-0.314349,-0.29206,0.198927,0.063407,0.034611,-0.060783,-0.757556,0.047182,-0.651062,0.098727,-0.977629,-0.185724,-0.64526,-0.204974,0.73595,-0.007024,0.000586,0.000125,-0.00363,0.021705,-0.059135,-0.853212
1328,0.052211,0.019857,0.361771,-0.763551,0.111447,-0.636094,-0.01054,-0.986988,-0.160358,-0.644741,-0.115884,0.755584,-0.000519,-0.001189,-0.000942,0.0,0.0,0.0,-1.913317,-0.112852,0.062756,0.319127,0.193462,0.891758,0.409062,-0.979522,0.152391,0.131324,0.054543,-0.42721,0.90243,0.012074,0.002981,0.000866,0.002132,-0.015272,0.029183,0.248561,0.036968,0.049974,-0.02331,-0.091728,-0.910878,0.402349,0.994951,-0.067317,0.07443,-0.040712,0.407146,0.912454,0.006044,0.001443,0.000392,-0.001251,-0.012868,0.030978,0.176393,0.063366,0.034612,-0.060803,-0.756678,0.048606,-0.651977,0.099247,-0.977135,-0.188032,-0.646209,-0.206987,0.734553,-0.000276,-0.000631,-0.000497,-0.000414,0.014159,-0.025574,-0.853539
1329,0.052188,0.019875,0.361733,-0.764051,0.114171,-0.63501,-0.010727,-0.986303,-0.164508,-0.644145,-0.119031,0.755603,-0.000714,-0.001634,-0.001295,0.006732,0.033163,-0.014503,-1.913505,-0.112598,0.062486,0.319337,0.189761,0.892667,0.408813,-0.98047,0.150927,0.125835,0.050404,-0.425827,0.903324,0.001995,-0.011578,0.007031,0.118012,-0.111575,-0.129926,0.224584,0.037095,0.049843,-0.023208,-0.088326,-0.911327,0.402095,0.995417,-0.065913,0.069269,-0.036623,0.406371,0.912973,0.007107,-0.004646,0.003676,0.214547,-0.304949,0.015363,0.146184,0.063355,0.034623,-0.06082,-0.757672,0.051371,-0.650609,0.099025,-0.976305,-0.192408,-0.645078,-0.210209,0.734632,-9.3e-05,-0.000219,-0.000172,-0.00453,0.000583,-0.005043,-0.853865
1330,0.052213,0.019879,0.361686,-0.763319,0.118753,-0.63505,-0.016541,-0.986204,-0.164618,-0.64489,-0.115307,0.755545,-0.000585,-0.001339,-0.001061,0.000103,0.000279,0.000155,-1.913542,-0.112483,0.06231,0.319468,0.189772,0.892701,0.408732,-0.980436,0.150686,0.126384,0.051008,-0.425839,0.903284,0.001946,-0.011334,0.007223,-0.034684,0.006201,-0.020667,0.211444,0.037152,0.049759,-0.023146,-0.087951,-0.911531,0.401715,0.995442,-0.065505,0.069303,-0.036857,0.40598,0.913138,0.007059,-0.00441,0.003861,-0.049029,0.001724,0.015409,0.130998,0.063367,0.034625,-0.060844,-0.757299,0.055887,-0.650671,0.09328,-0.976858,-0.19247,-0.64637,-0.206453,0.734562,-0.000398,-0.000916,-0.000727,-0.003133,0.007947,-0.029652,-0.854029
1331,0.052256,0.019818,0.361603,-0.761875,0.128022,-0.634982,-0.022627,-0.984909,-0.171507,-0.646411,-0.116466,0.754066,-0.000724,-0.001658,-0.001315,0.009755,0.02642,0.014681,-1.913108,-0.112326,0.061939,0.319768,0.186066,0.893659,0.408344,-0.981339,0.149082,0.121175,0.047193,-0.424391,0.904173,0.003614,-0.021335,0.015486,-0.054269,-0.01477,-0.027508,0.188564,0.037231,0.049569,-0.022998,-0.08411,-0.912201,0.401015,0.995919,-0.063745,0.063884,-0.032712,0.404752,0.91384,0.000898,-0.005334,0.003868,-0.052804,0.016086,-0.018448,0.09638,0.063388,0.034593,-0.060887,-0.757012,0.06535,-0.650124,0.087202,-0.97598,-0.199643,-0.647555,-0.207824,0.73313,-0.000449,-0.001029,-0.000816,-0.001203,0.004143,-0.001804,-0.852722
1332,0.052252,0.019678,0.361507,-0.759824,0.135168,-0.635959,-0.023223,-0.98314,-0.181295,-0.648799,-0.123159,0.750945,-0.001377,-0.003157,-0.002506,0.003729,-0.094179,0.175199,-1.913172,-0.112157,0.061537,0.320153,0.183049,0.895528,0.405602,-0.981995,0.147552,0.11768,0.045322,-0.420964,0.905869,0.013729,-0.006843,0.009259,0.078089,-0.094695,-0.070288,0.183028,0.037312,0.049365,-0.022802,-0.081339,-0.913652,0.398274,0.996211,-0.062202,0.060763,-0.030743,0.401707,0.915251,0.000669,-0.004248,0.004707,0.106319,-0.102274,-0.118818,0.078908,0.063387,0.034525,-0.060933,-0.755666,0.072517,-0.650929,0.086789,-0.974,-0.209261,-0.649181,-0.214625,0.729726,-0.000821,-0.001882,-0.001492,-0.010818,0.003105,-0.038014,-0.852232
1333,0.052217,0.019592,0.361452,-0.760526,0.141355,-0.633769,-0.024244,-0.981489,-0.189901,-0.647938,-0.129243,0.750666,-0.00184,-0.004214,-0.003348,0.072016,0.211755,0.084739,-1.913513,-0.112081,0.061357,0.320357,0.183021,0.895579,0.405503,-0.981964,0.147214,0.118354,0.046084,-0.420974,0.905826,0.013689,-0.00664,0.009419,-0.032899,-0.008882,0.008719,0.181938,0.037349,0.049275,-0.0227,-0.081113,-0.913753,0.398089,0.996208,-0.061728,0.061296,-0.031437,0.401552,0.915296,0.000649,-0.004148,0.004785,-0.050248,0.016912,-0.013735,0.075969,0.063369,0.034481,-0.060961,-0.756916,0.078627,-0.648763,0.085712,-0.972215,-0.217828,-0.647865,-0.220485,0.729147,-0.00093,-0.002132,-0.001691,0.071033,0.231898,0.089256,-0.852722
1334,0.052123,0.019511,0.36136,-0.753814,0.163186,-0.636537,-0.0317,-0.976546,-0.212896,-0.655414,-0.140516,0.742101,-0.000718,-0.001645,-0.001308,0.011256,-0.073161,0.18687,-1.913677,-0.111954,0.061077,0.320754,0.181262,0.896506,0.404243,-0.982307,0.145955,0.117059,0.045729,-0.419434,0.906558,0.001018,-0.006904,0.010647,-0.032307,-0.011123,0.00226,0.177998,0.037418,0.049133,-0.022504,-0.079372,-0.914497,0.396728,0.996365,-0.060435,0.060029,-0.03092,0.400051,0.91597,0.000564,-0.00375,0.005092,-0.048559,0.015728,-0.014499,0.070744,0.063321,0.034437,-0.061011,-0.752914,0.100981,-0.650324,0.07843,-0.967348,-0.24101,-0.653427,-0.232465,0.72041,-0.000491,-0.001118,-0.000886,-0.012508,-0.006187,-0.016694,-0.86007
1335,0.052009,0.01947,0.361335,-0.753711,0.172503,-0.634199,-0.03635,-0.974374,-0.221915,-0.655293,-0.144429,0.741457,-0.000685,-0.001567,-0.001247,0.004463,-0.091903,0.176452,-1.913062,-0.111756,0.06088,0.321133,0.178431,0.898339,0.401423,-0.982928,0.14472,0.113328,0.043504,-0.415918,0.908285,0.01321,-0.00434,0.011184,0.12223,-0.144615,-0.076578,0.175364,0.037512,0.049034,-0.022314,-0.076939,-0.915868,0.394036,0.996622,-0.059276,0.056822,-0.028684,0.397077,0.917336,0.00054,-0.003629,0.005186,0.200056,-0.171324,-0.171315,0.066172,0.063264,0.034418,-0.061022,-0.753733,0.110169,-0.64788,0.073733,-0.965446,-0.24995,-0.65303,-0.236167,0.719566,-0.00041,-0.000935,-0.00074,-0.004538,-0.119046,0.159184,-0.861867
1336,0.051907,0.019472,0.361307,-0.755625,0.177594,-0.630505,-0.039469,-0.973109,-0.226878,-0.652904,-0.146778,0.743101,0.001422,0.010347,-0.008938,0.035311,-0.015815,0.017296,-1.913068,-0.111554,0.060771,0.321446,0.177261,0.899296,0.399794,-0.983175,0.144207,0.11183,0.042707,-0.414019,0.909191,-0.000919,0.00434,0.003313,0.01095,-0.023821,0.016957,0.176061,0.037618,0.048978,-0.022153,-0.075335,-0.916897,0.391947,0.996786,-0.058524,0.054683,-0.027201,0.394808,0.91836,0.000656,-0.004178,0.004767,-0.053253,0.018122,-0.015311,0.064212,0.063212,0.034413,-0.061034,-0.756231,0.11503,-0.644112,0.070509,-0.964365,-0.255005,-0.650493,-0.238258,0.721173,-5.8e-05,-0.000131,-0.0001,-0.005857,-0.019954,-0.012683,-0.862846
1337,0.051826,0.019489,0.361316,-0.756243,0.182708,-0.628299,-0.045466,-0.972544,-0.228174,-0.651799,-0.144224,0.74457,-0.012944,0.003759,0.00229,0.002198,0.128492,-0.193843,-1.913156,-0.111458,0.060749,0.321574,0.177355,0.899321,0.399697,-0.983143,0.144159,0.112173,0.043051,-0.413982,0.909191,0.001299,-0.008222,0.009643,-0.036451,0.00739,-0.019519,0.177479,0.037665,0.048973,-0.02209,-0.075552,-0.916873,0.391963,0.996756,-0.058519,0.055239,-0.02771,0.394866,0.91832,-0.000438,0.002047,0.001557,-0.001731,-0.014166,0.025272,0.064539,0.063177,0.034424,-0.061034,-0.757427,0.120202,-0.641759,0.064374,-0.96437,-0.256605,-0.649737,-0.235672,0.722702,1.4e-05,3.3e-05,2.9e-05,-0.003508,-0.013269,-0.009818,-0.861867
1338,0.051751,0.019528,0.361317,-0.758875,0.191227,-0.622565,-0.051936,-0.970614,-0.234912,-0.64825,-0.146181,0.747282,-0.0,-0.0,-0.0,0.052349,0.219374,0.161297,-1.914032,-0.111294,0.060808,0.321777,0.178453,0.900275,0.397051,-0.982847,0.144585,0.114195,0.045189,-0.411748,0.910101,-0.000782,0.003678,0.002802,0.0,-0.0,-0.0,0.180799,0.037748,0.048996,-0.021988,-0.076724,-0.917872,0.389388,0.99661,-0.05898,0.057342,-0.029666,0.392468,0.919286,0.005746,0.002905,0.001501,0.003517,-0.012682,0.029018,0.066988,0.063135,0.034446,-0.061031,-0.760675,0.127862,-0.636414,0.058145,-0.963046,-0.262983,-0.646522,-0.23705,0.725131,7e-06,1.7e-05,1.7e-05,0.015443,0.294256,0.296373,-0.860397
1339,0.051714,0.019661,0.361253,-0.759149,0.196767,-0.620501,-0.057992,-0.969841,-0.236682,-0.647417,-0.143945,0.748438,3.8e-05,8.7e-05,6.9e-05,0.000511,0.001466,0.000816,-1.913706,-0.11113,0.060815,0.321954,0.175894,0.904095,0.389442,-0.982904,0.139927,0.119389,0.053239,-0.404919,0.912727,0.011559,0.005491,0.002759,0.001712,-0.038231,0.054112,0.181673,0.037826,0.049,-0.021898,-0.074275,-0.921361,0.381543,0.996552,-0.054396,0.062641,-0.03696,0.384881,0.922225,0.000819,-0.004914,0.004207,-0.042684,-0.004929,-0.014243,0.069437,0.063116,0.03451,-0.06106,-0.761948,0.133398,-0.633749,0.051963,-0.962809,-0.265137,-0.645548,-0.234953,0.726679,2.5e-05,5.7e-05,4.8e-05,-0.004677,-0.015619,-0.010071,-0.858274
1340,0.051703,0.019723,0.36121,-0.759144,0.196673,-0.620537,-0.057805,-0.969836,-0.236749,-0.647439,-0.144109,0.748387,0.001241,0.009924,-0.009271,0.033452,-0.021153,0.014328,-1.913637,-0.111033,0.060793,0.322046,0.170831,0.905175,0.389187,-0.983649,0.134293,0.119721,0.055904,-0.404411,0.912792,0.001576,-0.009506,0.008665,-0.036565,0.007429,-0.019468,0.181412,0.037877,0.048996,-0.021854,-0.069192,-0.921975,0.381017,0.996821,-0.048777,0.062992,-0.039493,0.384164,0.922419,-0.000291,0.001352,0.001025,0.00082,0.001446,0.000123,0.069437,0.063111,0.034542,-0.061079,-0.761837,0.133253,-0.633913,0.052192,-0.962803,-0.265111,-0.645661,-0.235057,0.726546,-0.000214,-0.000489,-0.000387,-0.000755,-0.002516,-0.001625,-0.858927
1341,0.051736,0.019819,0.361056,-0.759932,0.204399,-0.617065,-0.063638,-0.968077,-0.242383,-0.645967,-0.145188,0.74945,-0.000699,-0.001594,-0.00127,0.17294,0.495052,0.275982,-1.913564,-0.110864,0.060721,0.322259,0.169381,0.906033,0.387822,-0.983963,0.133615,0.117889,0.054794,-0.402707,0.913612,0.001368,-0.008523,0.009414,0.008149,-0.04249,-0.02621,0.181394,0.037963,0.048957,-0.02175,-0.067696,-0.922735,0.379442,0.996983,-0.048101,0.060897,-0.03794,0.38242,0.923208,0.000795,-0.004796,0.004298,-0.008179,-0.01674,-0.04679,0.067968,0.063129,0.034594,-0.061159,-0.762135,0.140152,-0.632065,0.046743,-0.961827,-0.269635,-0.645728,-0.235043,0.726491,-0.000384,-0.000879,-0.000701,0.169599,0.488364,0.270603,-0.86056
