frame,MLTx,MLTy,MLTz,MLTR1,MLTR2,MLTR3,MLTR4,MLTR5,MLTR6,MLTR7,MLTR8,MLTR9,MLTTVx,MLTTVy,MLTTVz,MLTRVx,MLTRVy,MLTRVz,MLGA,MRTx,MRTy,MRTz,MRTR1,MRTR2,MRTR3,MRTR4,MRTR5,MRTR6,MRTR7,MRTR8,MRTR9,MRTTVx,MRTTVy,MRTTVz,MRTRVx,MRTRVy,MRTRVz,MRGA,SLTx,SLTy,SLTz,SLTR1,SLTR2,SLTR3,SLTR4,SLTR5,SLTR6,SLTR7,SLTR8,SLTR9,SLTTVx,SLTTVy,SLTTVz,SLTRVx,SLTRVy,SLTRVz,SLGA,SRTx,SRTy,SRTz,SRTR1,SRTR2,SRTR3,SRTR4,SRTR5,SRTR6,SRTR7,SRTR8,SRTR9,SRTTVx,SRTTVy,SRTTVz,SRTRVx,SRTRVy,SRTRVz,SRGA
120,0.172704,-0.013918,0.35362,-0.813684,0.087395,-0.57474,-0.232477,-0.95506,0.183809,-0.531839,0.283062,0.798154,0.0,0.0,0.0,-0.0,-0.0,-0.0,0.461812,-0.19395,-0.052963,0.293776,0.189798,-0.818627,0.542049,0.749676,0.477228,0.458445,-0.634211,0.320367,0.703565,6.3e-05,0.000628,0.000868,0.008706,-0.009395,-0.00589,-0.1549,0.029164,0.027386,-0.010803,-0.143201,0.8314,0.536905,-0.755918,-0.442044,0.482891,0.638812,-0.336706,0.691771,4.3e-05,0.000424,0.000582,-0.012687,0.006562,-0.002018,-0.305151,0.08909,0.043529,-0.028951,0.826469,-0.027434,-0.562312,0.153368,0.972006,0.177995,0.541688,-0.233348,0.80754,3e-06,-3e-06,-3e-06,-5.8e-05,3.2e-05,0.000119,0.433354
121,0.172704,-0.013918,0.35362,-0.813617,0.087502,-0.574819,-0.232583,-0.95505,0.18373,-0.531896,0.283064,0.798116,0.0,0.0,0.0,-0.0,-0.0,-0.0,0.461719,-0.193831,-0.052942,0.293762,0.189391,-0.820558,0.539266,0.749666,0.47542,0.460337,-0.634344,0.318106,0.704471,0.015993,4.5e-05,-0.001039,0.002172,-0.015343,0.029159,-0.183104,0.029224,0.027398,-0.010808,-0.142667,0.833268,0.534144,-0.755661,-0.440237,0.48494,0.639235,-0.334447,0.692475,0.007993,-1.3e-05,-0.000573,-0.001433,-0.00875,0.028136,-0.330788,0.08909,0.043529,-0.028951,0.826411,-0.027546,-0.562391,0.153476,0.972003,0.177917,0.541746,-0.233346,0.807502,3e-06,-3e-06,-3e-06,-5.6e-05,3.3e-05,0.000117,0.433354
122,0.172705,-0.013911,0.353625,-0.813607,0.087517,-0.574831,-0.232598,-0.955049,0.183718,-0.531904,0.283064,0.79811,1e-06,1e-05,9e-06,-0.0,-0.0,-0.0,0.461721,-0.193581,-0.052928,0.29371,0.193635,-0.82296,0.534072,0.746711,0.476609,0.463898,-0.636552,0.309995,0.706094,-6e-06,-5.6e-05,-7.8e-05,0.0,-0.0,-0.0,-0.241251,0.029354,0.027403,-0.010836,-0.146901,0.835785,0.52904,-0.752643,-0.44149,0.488482,0.641832,-0.32642,0.693902,-3e-06,-3.6e-05,-5.6e-05,0.000956,0.002067,-0.001411,-0.387123,0.089091,0.043532,-0.028948,0.826403,-0.027564,-0.562403,0.153492,0.972003,0.177905,0.541754,-0.233346,0.807497,2e-06,-1e-06,-3e-06,-6.2e-05,1.7e-05,0.000105,0.433191
123,0.172705,-0.013911,0.353625,-0.813539,0.087624,-0.57491,-0.232703,-0.955038,0.183639,-0.531961,0.283065,0.798071,0.0,0.0,0.0,-0.0,-0.0,-0.0,0.461695,-0.19331,-0.052865,0.293618,0.195339,-0.825005,0.530284,0.747797,0.475019,0.463778,-0.634755,0.306978,0.709024,0.015985,-1.7e-05,-0.001138,0.007405,-0.020963,0.02563,-0.321618,0.02949,0.027434,-0.010883,-0.148754,0.837863,0.525219,-0.753787,-0.439854,0.488193,0.640059,-0.323283,0.697001,0.007996,-0.0,-0.000562,-0.013062,-0.005931,0.031336,-0.456848,0.089091,0.043532,-0.028948,0.826345,-0.027676,-0.562482,0.153599,0.972,0.177827,0.541811,-0.233344,0.807459,4e-06,-5e-06,-6e-06,-4.5e-05,3.3e-05,0.000111,0.433354
124,0.172704,-0.013903,0.353619,-0.813532,0.087635,-0.574919,-0.232701,-0.955045,0.183609,-0.531974,0.283041,0.798071,0.0,0.0,0.0,-0.0,-0.0,-0.0,0.461957,-0.193172,-0.052781,0.293531,0.197356,-0.825274,0.529118,0.748995,0.475057,0.461802,-0.632717,0.306194,0.71118,-0.000611,0.010837,-0.008571,0.174868,-0.159946,-0.075546,-0.368991,0.029559,0.027472,-0.010924,-0.150172,0.838178,0.524314,-0.754809,-0.439711,0.48674,0.638522,-0.322662,0.698697,0.007994,-1e-06,-0.000565,0.220096,-0.2299,-0.098494,-0.497997,0.089091,0.043536,-0.028951,0.826339,-0.027688,-0.562491,0.153596,0.972006,0.177798,0.541822,-0.233318,0.807459,4e-06,-4e-06,-5e-06,-5e-05,3.5e-05,0.000108,0.433191
125,0.172704,-0.013903,0.353619,-0.813532,0.087635,-0.574919,-0.232701,-0.955045,0.183609,-0.531974,0.283041,0.798071,0.0,0.0,0.0,-0.0,-0.0,-0.0,0.46226,-0.192904,-0.052502,0.293224,0.200793,-0.830513,0.519539,0.751197,0.470834,0.46255,-0.629018,0.298433,0.717731,-0.000737,0.009584,-0.010304,0.190803,-0.427266,0.028143,-0.478851,0.029693,0.027614,-0.011074,-0.153131,0.843333,0.51511,-0.756566,-0.435386,0.487899,0.635733,-0.315003,0.704709,0.007605,0.004601,-0.005982,0.166219,-1.035726,0.431992,-0.598421,0.08909,0.043536,-0.028951,0.826339,-0.027688,-0.562491,0.153596,0.972006,0.177798,0.541822,-0.233318,0.807459,5e-06,-3e-06,-5e-06,-5e-05,3.2e-05,0.000109,0.433354
126,0.172705,-0.013896,0.353624,-0.813454,0.087758,-0.575009,-0.232821,-0.955033,0.183518,-0.532039,0.283043,0.798027,0.0,1e-06,1e-06,0.0,0.0,0.0,0.462206,-0.192736,-0.052013,0.292524,0.20412,-0.834636,0.511575,0.754372,0.467049,0.461219,-0.624133,0.292813,0.72428,-0.001099,0.005867,-0.015459,0.121473,-0.089631,-0.065723,-0.606221,0.029778,0.027857,-0.011408,-0.15741,0.847649,0.506667,-0.760029,-0.431576,0.485897,0.630536,-0.308597,0.712173,0.007161,0.008565,-0.012288,0.201891,-0.168723,-0.020952,-0.713704,0.089091,0.04354,-0.028948,0.826273,-0.027818,-0.562581,0.15372,0.972003,0.177708,0.541888,-0.233316,0.807416,2e-06,-7e-06,-9e-06,-5.1e-05,2.9e-05,9.9e-05,0.433354
127,0.172705,-0.013896,0.353624,-0.813454,0.087758,-0.575009,-0.232821,-0.955033,0.183518,-0.532039,0.283043,0.798027,0.0,0.0,0.0,0.0,0.0,0.0,0.462222,-0.192687,-0.051685,0.292017,0.203457,-0.838178,0.506019,0.755151,0.463187,0.463831,-0.623406,0.288795,0.726516,0.013515,0.026269,-0.035517,-0.717231,-1.960277,1.860386,-0.672412,0.029796,0.02802,-0.011662,-0.157203,0.849588,0.503474,-0.760799,-0.429236,0.486766,0.62966,-0.306521,0.713843,-0.000923,0.00756,-0.013123,0.057471,0.002708,0.013083,-0.778694,0.089091,0.04354,-0.028949,0.826273,-0.027818,-0.562581,0.15372,0.972003,0.177708,0.541888,-0.233316,0.807416,4e-06,-5e-06,-7e-06,-4.6e-05,3.4e-05,0.000101,0.433354
128,0.172704,-0.013903,0.353619,-0.813464,0.087742,-0.574998,-0.232806,-0.955034,0.183529,-0.532031,0.283042,0.798033,-0.0,-2e-06,-2e-06,0.0,0.0,0.0,0.462196,-0.192674,-0.050873,0.290656,0.202695,-0.841944,0.500037,0.75743,0.458338,0.464931,-0.620882,0.285553,0.729952,-0.002843,0.022353,-0.039891,0.105696,-0.005949,0.003248,-0.828957,0.029809,0.02843,-0.012339,-0.156132,0.854742,0.495012,-0.762535,-0.422851,0.489628,0.627823,-0.301018,0.717792,-0.001395,0.011237,-0.019859,0.109106,-0.015993,0.025608,-0.822456,0.089091,0.043536,-0.028952,0.826281,-0.027802,-0.56257,0.153704,0.972003,0.17772,0.541879,-0.233316,0.807421,3e-06,2e-06,1e-06,-4.7e-05,2.8e-05,9.7e-05,0.433681
129,0.172704,-0.013903,0.353619,-0.813397,0.087849,-0.575077,-0.232911,-0.955024,0.18345,-0.532088,0.283044,0.797994,-0.0,-0.0,-0.0,0.0,0.0,0.0,0.462411,-0.192677,-0.049918,0.288904,0.202226,-0.845263,0.494598,0.760071,0.453826,0.465046,-0.617798,0.282938,0.733577,-0.003655,0.031305,-0.051218,0.14383,-0.031982,0.0458,-1.005316,0.029806,0.028913,-0.013234,-0.155651,0.857971,0.489548,-0.765057,-0.418204,0.489685,0.624867,-0.298312,0.721491,-0.001822,0.015444,-0.025896,0.144683,-0.030427,0.045194,-0.824742,0.089091,0.043536,-0.028952,0.826224,-0.027915,-0.562649,0.153812,0.972,0.177641,0.541937,-0.233314,0.807383,2e-06,1e-06,1e-06,-5.4e-05,2.4e-05,9.2e-05,0.433844
130,0.172705,-0.013904,0.353631,-0.813395,0.087854,-0.575079,-0.232929,-0.955016,0.183468,-0.532083,0.283069,0.797989,2e-06,3.2e-05,2.7e-05,0.0,0.0,0.0,0.462073,-0.192715,-0.048847,0.28681,0.201921,-0.848336,0.489433,0.763064,0.449427,0.464417,-0.614196,0.28075,0.737432,-0.00391,0.028814,-0.054892,0.142028,-0.017835,0.020942,-1.188846,0.029788,0.029437,-0.014261,-0.155345,0.860989,0.484318,-0.767826,-0.413703,0.489174,0.621538,-0.295882,0.725357,0.005727,0.019611,-0.032606,0.182656,-0.039865,0.063823,-0.824579,0.089091,0.043536,-0.028945,0.826222,-0.027919,-0.562651,0.15383,0.971994,0.17766,0.541934,-0.233339,0.807378,1e-06,1.4e-05,1.1e-05,-5.5e-05,9e-06,8.9e-05,0.434007
131,0.172705,-0.013904,0.353631,-0.813395,0.087854,-0.575079,-0.232929,-0.955016,0.183468,-0.532083,0.283069,0.797989,0.0,0.0,0.0,0.0,0.0,0.0,0.462245,-0.192708,-0.048285,0.285696,0.1996,-0.849917,0.48764,0.763773,0.446592,0.465983,-0.61407,0.280495,0.737634,-0.003992,0.02805,-0.056075,0.056342,0.071662,0.079691,-1.266935,0.02979,0.029728,-0.014839,-0.153098,0.862436,0.482455,-0.768354,-0.410901,0.490704,0.621443,-0.295571,0.725565,-0.001975,0.013895,-0.028219,0.057486,0.078596,0.077493,-0.821639,0.089091,0.043536,-0.028945,0.826222,-0.027919,-0.562651,0.15383,0.971994,0.17766,0.541934,-0.233339,0.807378,0.0,-5e-06,-3e-06,-4.8e-05,2.1e-05,9.2e-05,0.434171
132,0.172695,-0.01389,0.353642,-0.813386,0.087866,-0.575089,-0.232942,-0.955014,0.183458,-0.532091,0.283069,0.797984,2.2e-05,0.00044,0.000362,0.0,0.0,0.0,0.462381,-0.19286,-0.047059,0.283351,0.180648,-0.854001,0.487893,0.769012,0.431786,0.471292,-0.613372,0.291122,0.734088,-0.004632,0.03889,-0.064891,-0.139732,0.300535,0.258353,-1.397425,0.029716,0.030324,-0.015991,-0.135067,0.865754,0.481899,-0.773223,-0.396221,0.49511,0.619582,-0.305743,0.722937,-0.002011,0.013593,-0.028754,-0.377488,0.481636,0.296767,-0.82066,0.089086,0.043542,-0.02894,0.826215,-0.027933,-0.562661,0.153844,0.971994,0.17765,0.541941,-0.233339,0.807373,1.4e-05,0.000282,0.000231,-5.2e-05,1.4e-05,8.4e-05,0.434171
133,0.172696,-0.013877,0.353654,-0.813299,0.088004,-0.575191,-0.233078,-0.955001,0.183355,-0.532164,0.283072,0.797934,4e-06,8.9e-05,7.3e-05,0.0,0.0,0.0,0.462379,-0.19308,-0.04575,0.2809,0.153046,-0.856236,0.493384,0.770633,0.415837,0.482844,-0.618783,0.307388,0.72283,-0.004172,0.026559,-0.058683,-0.431267,0.631049,0.442138,-1.403856,0.029606,0.030985,-0.017216,-0.108124,0.867001,0.486433,-0.774178,-0.380392,0.505914,0.623664,-0.321885,0.712343,-0.010319,0.018964,-0.03267,0.028255,0.320871,0.268099,-0.821313,0.089086,0.04355,-0.028934,0.82614,-0.028079,-0.562763,0.153983,0.97199,0.17755,0.542015,-0.233337,0.807324,1e-06,2.8e-05,2.2e-05,-4.6e-05,2.1e-05,7.4e-05,0.434171
134,0.172696,-0.013878,0.353666,-0.813297,0.088008,-0.575193,-0.233095,-0.954993,0.183374,-0.532159,0.283097,0.797928,2e-06,3.4e-05,2.8e-05,0.0,0.0,0.0,0.461836,-0.193244,-0.045152,0.279749,0.139409,-0.855646,0.498423,0.771316,0.409369,0.487259,-0.621131,0.31758,0.716381,-0.004138,0.02699,-0.058181,-0.196308,0.343133,0.231376,-1.404497,0.029522,0.031292,-0.017816,-0.0922,0.865785,0.491847,-0.773551,-0.373307,0.512113,0.626991,-0.333252,0.704148,-0.002034,0.01348,-0.029098,-0.163978,0.324967,0.227474,-0.823599,0.089087,0.043549,-0.028927,0.826139,-0.028084,-0.562765,0.154001,0.971984,0.177568,0.542012,-0.233362,0.807319,1e-06,-3e-06,-3e-06,-4.7e-05,1.6e-05,7.4e-05,0.434007
135,0.172696,-0.013886,0.353673,-0.813373,0.08789,-0.575105,-0.232993,-0.954997,0.183483,-0.532089,0.28312,0.797967,-6.9e-05,-0.001357,-0.001117,-0.000843,0.013265,-0.025571,0.4623,-0.19357,-0.043926,0.277503,0.100455,-0.848593,0.519414,0.773259,0.394983,0.495978,-0.626164,0.352874,0.695171,-0.003862,0.029875,-0.054197,-0.405769,0.515643,0.54256,-1.404469,0.029358,0.031901,-0.018945,-0.053888,0.857434,0.511763,-0.775244,-0.358945,0.519763,0.629357,-0.368733,0.684064,-0.001887,0.015005,-0.026977,-0.509274,0.573281,0.587281,-0.823272,0.089087,0.043548,-0.028922,0.826203,-0.027959,-0.562677,0.153897,0.97198,0.177676,0.541944,-0.233391,0.807356,-3.4e-05,-0.000692,-0.000568,-0.000872,0.013297,-0.025489,0.433844
136,0.172696,-0.0139,0.353674,-0.81339,0.087863,-0.575084,-0.23298,-0.954993,0.183524,-0.532068,0.283145,0.797972,-2e-06,-3.3e-05,-2.7e-05,0.0,0.0,0.0,0.461979,-0.19383,-0.04287,0.275511,0.055722,-0.837503,0.543576,0.777827,0.377633,0.502307,-0.62602,0.39586,0.671756,-0.003147,0.020065,-0.044238,-0.258453,0.749709,1.085614,-1.404398,0.029229,0.032429,-0.019942,-0.00943,0.844883,0.534867,-0.779225,-0.341425,0.525581,0.626672,-0.411826,0.661574,-0.001531,0.010118,-0.021979,-0.16909,0.680414,1.074799,-0.81821,0.089087,0.043537,-0.028924,0.826218,-0.027931,-0.562656,0.153884,0.971975,0.177717,0.541924,-0.233417,0.807362,-1e-06,-9e-06,-7e-06,-4.4e-05,9e-06,6.8e-05,0.434007
137,0.172696,-0.013908,0.35368,-0.813331,0.087959,-0.575154,-0.233088,-0.954976,0.183474,-0.532111,0.283171,0.797934,-0.0,-0.0,-0.0,0.0,0.0,0.0,0.461686,-0.193953,-0.042126,0.273743,0.011759,-0.821998,0.569361,0.781304,0.362784,0.507824,-0.623995,0.439894,0.645745,-0.002703,0.007611,-0.038171,-0.114785,0.82579,0.652184,-1.404705,0.029168,0.032802,-0.020806,0.034799,0.827887,0.559813,-0.781533,-0.326583,0.531553,0.622891,-0.456011,0.635657,-0.001625,0.009304,-0.023327,0.539344,1.908887,1.221084,-0.817884,0.089087,0.043533,-0.028921,0.826168,-0.028032,-0.562725,0.153994,0.971966,0.177669,0.54197,-0.233441,0.807324,-2e-06,4e-06,4e-06,-3.4e-05,2.5e-05,6.4e-05,0.434007
138,0.172697,-0.01391,0.353693,-0.813396,0.087856,-0.575077,-0.233,-0.954978,0.183572,-0.53205,0.283195,0.797966,1.6e-05,0.000314,0.000259,-0.00582,0.091533,-0.176482,0.461783,-0.194013,-0.041841,0.272886,-0.012182,-0.811772,0.58384,0.784874,0.353876,0.508604,-0.619456,0.465444,0.63206,-0.002708,0.007632,-0.038234,0.261925,2.329074,-1.633792,-1.405315,0.029139,0.032944,-0.021235,0.06028,0.818318,0.571595,-0.784018,-0.315606,0.534516,0.617803,-0.480362,0.622551,-0.001635,0.009233,-0.023416,-0.022479,0.652448,0.610726,-0.823762,0.089087,0.043532,-0.028915,0.826166,-0.028037,-0.562727,0.154013,0.97196,0.177687,0.541967,-0.233466,0.807319,1e-05,0.000207,0.000172,-3.5e-05,2.3e-05,6.1e-05,0.433844
139,0.172698,-0.013934,0.353725,-0.813418,0.087826,-0.57505,-0.233026,-0.954952,0.183679,-0.532005,0.283294,0.797961,2.2e-05,0.000435,0.000358,0.0,0.0,0.0,0.461439,-0.19408,-0.041297,0.271234,-0.069568,-0.794003,0.603912,0.791002,0.324836,0.518393,-0.607685,0.514743,0.604667,0.012784,0.019826,-0.046164,-0.519885,0.786089,0.124186,-1.405112,0.029099,0.03321,-0.02206,0.115806,0.79747,0.592139,-0.790197,-0.287233,0.541373,0.601811,-0.530601,0.596896,-0.001297,0.004136,-0.018696,-0.584581,0.786736,0.319538,-0.840908,0.089087,0.04352,-0.028899,0.826242,-0.027892,-0.562622,0.153932,0.971939,0.177873,0.541874,-0.233571,0.807351,1.3e-05,0.000284,0.000236,-3.5e-05,1.8e-05,6.5e-05,0.433681
140,0.172668,-0.013976,0.353784,-0.813925,0.083012,-0.575048,-0.227468,-0.956263,0.183824,-0.533629,0.280315,0.797929,1.4e-05,0.000284,0.000234,0.0,-0.0,-0.0,0.461065,-0.194094,-0.040664,0.269651,-0.127965,-0.77515,0.618675,0.797509,0.290271,0.528826,-0.589336,0.562028,0.580233,-0.003043,0.021443,-0.042739,-0.078737,0.838708,0.464686,-1.405034,0.029097,0.033533,-0.02287,0.174799,0.776013,0.60601,-0.794383,-0.252489,0.552452,0.581721,-0.577972,0.572317,-0.001489,0.010777,-0.021255,-0.111074,0.86332,0.482591,-0.860666,0.089072,0.0435,-0.028869,0.826368,-0.023041,-0.562658,0.148273,0.972808,0.17793,0.543259,-0.230463,0.807313,7e-06,0.000169,0.000142,-0.000127,4e-05,0.000157,0.433518
141,0.172649,-0.01398,0.353834,-0.813939,0.082992,-0.575031,-0.227504,-0.956235,0.183923,-0.533591,0.280415,0.797919,8.4e-05,0.001648,0.001357,0.0,-0.0,-0.0,0.46103,-0.194101,-0.040279,0.268857,-0.153969,-0.763085,0.627684,0.799991,0.27643,0.532479,-0.579638,0.585069,0.567077,0.012961,0.0216,-0.043711,0.711482,1.491014,0.935777,-1.404834,0.029089,0.033719,-0.023249,0.199378,0.763414,0.614366,-0.795763,-0.239731,0.556137,0.571846,-0.599771,0.5597,-0.001496,0.011025,-0.021283,3.029554,3.556638,3.348249,-0.872586,0.089063,0.043494,-0.028847,0.826388,-0.023008,-0.562629,0.148299,0.972783,0.178041,0.543221,-0.230569,0.807309,1.6e-05,0.000353,0.000292,-0.0001,3.4e-05,0.000115,0.433518
142,0.172621,-0.013997,0.353941,-0.813965,0.08296,-0.574999,-0.227597,-0.956172,0.184138,-0.533513,0.28064,0.797892,0.00027,-0.009415,0.009868,-0.035717,0.011269,-0.019203,0.460858,-0.194191,-0.039468,0.26722,-0.21104,-0.738782,0.640043,0.800342,0.245168,0.547064,-0.560808,0.628617,0.5387,-0.003063,0.021389,-0.043032,-0.220792,0.602121,0.219222,-1.405082,0.029048,0.034134,-0.024082,0.257699,0.736214,0.625763,-0.794494,-0.207117,0.570859,0.549881,-0.644275,0.531544,-0.001505,0.010665,-0.021524,-0.162949,0.561318,0.191753,-0.890222,0.089049,0.043493,-0.028794,0.826396,-0.023007,-0.562618,0.148413,0.972734,0.178217,0.543178,-0.230777,0.807278,3.4e-05,0.000698,0.000575,-6e-05,2e-05,5.8e-05,0.433354
143,0.172615,-0.013983,0.354031,-0.813936,0.083013,-0.575033,-0.227732,-0.956123,0.184225,-0.5335,0.280791,0.797848,5.7e-05,0.001118,0.000919,0.0,0.0,0.0,0.460647,-0.194264,-0.038718,0.265481,-0.267027,-0.710977,0.650539,0.799139,0.213746,0.561804,-0.538138,0.670763,0.510243,-0.003298,0.019299,-0.046421,0.798132,1.492357,0.984968,-1.404446,0.029013,0.034504,-0.024929,0.311301,0.707006,0.635006,-0.791478,-0.176949,0.585021,0.525978,-0.684712,0.504496,-0.001639,0.010142,-0.022836,3.304903,3.884194,2.923867,-0.901652,0.089046,0.043496,-0.028745,0.826378,-0.023052,-0.562643,0.148555,0.97269,0.178336,0.543167,-0.230956,0.807234,3.2e-05,0.000663,0.000545,-3.1e-05,1e-06,6.4e-05,0.433191
144,0.172627,-0.013949,0.354059,-0.813876,0.083109,-0.575103,-0.227826,-0.956114,0.184154,-0.53355,0.280793,0.797813,3.3e-05,0.000657,0.00054,0.0,0.0,0.0,0.461073,-0.194436,-0.037972,0.263718,-0.306357,-0.689002,0.656821,0.790957,0.199505,0.578376,-0.52915,0.697553,0.482994,-0.003266,0.019725,-0.045957,-0.299738,0.659542,0.345439,-1.404193,0.028927,0.034875,-0.025815,0.350349,0.683399,0.640484,-0.783109,-0.161396,0.600575,0.513804,-0.71198,0.478631,-0.001624,0.009668,-0.023259,-0.252396,1.013967,0.584182,-0.913082,0.089052,0.043514,-0.028731,0.826327,-0.023153,-0.562713,0.14865,0.972688,0.178266,0.543217,-0.230953,0.807201,1.4e-05,0.000313,0.000256,-3.6e-05,-3e-06,6.7e-05,0.433191
145,0.172627,-0.013949,0.354059,-0.813876,0.083109,-0.575103,-0.227826,-0.956114,0.184154,-0.53355,0.280793,0.797813,0.0,1e-05,8e-06,0.0,0.0,0.0,0.461204,-0.194536,-0.037605,0.262796,-0.319415,-0.684262,0.655554,0.782956,0.198966,0.589344,-0.533291,0.702356,0.471338,-0.002747,0.007951,-0.038834,-0.603342,0.816945,0.337202,-1.404101,0.028877,0.035063,-0.026278,0.362143,0.678793,0.63882,-0.775631,-0.160647,0.610399,0.51696,-0.716541,0.468316,-0.001649,0.009474,-0.023621,-0.208145,0.357113,0.227281,-0.918634,0.089052,0.043514,-0.02873,0.826327,-0.023153,-0.562713,0.14865,0.972688,0.178266,0.543217,-0.230953,0.807201,-2e-06,-3.5e-05,-3.1e-05,-3.9e-05,4e-06,6.5e-05,0.433191
146,0.172626,-0.013963,0.354048,-0.813896,0.083078,-0.57508,-0.227795,-0.956117,0.184177,-0.533534,0.280792,0.797825,-1e-06,-1.5e-05,-1.3e-05,0.0,0.0,0.0,0.460751,-0.194658,-0.036955,0.261041,-0.342006,-0.687711,0.640372,0.767949,0.188019,0.612239,-0.541009,0.702008,0.462987,-0.003265,0.019939,-0.045933,-0.182614,0.149602,0.427667,-1.403594,0.028816,0.035381,-0.027156,0.386046,0.680054,0.623292,-0.758531,-0.150503,0.634017,0.524974,-0.717547,0.457741,-0.001627,0.009767,-0.02327,-0.23601,-0.19029,0.987154,-0.921573,0.089052,0.043506,-0.028737,0.826343,-0.023121,-0.56269,0.148619,0.972689,0.178289,0.543201,-0.230955,0.807212,-0.0,-1e-05,-8e-06,-2.7e-05,1.7e-05,6e-05,0.433028
147,0.172627,-0.013956,0.354053,-0.813886,0.083093,-0.575091,-0.227811,-0.956116,0.184166,-0.533542,0.280792,0.797819,6e-06,0.000119,9.8e-05,0.0,0.0,0.0,0.460971,-0.194771,-0.036359,0.259423,-0.361302,-0.694386,0.622319,0.754528,0.174241,0.632663,-0.547283,0.698993,0.460166,-0.002593,0.009602,-0.036617,-0.196902,0.286688,0.197225,-1.40301,0.028759,0.035682,-0.027969,0.404627,0.68618,0.60451,-0.744463,-0.136735,0.653512,0.531084,-0.714465,0.455509,-0.001273,0.004743,-0.018399,-0.30168,0.272558,0.41913,-0.926799,0.089052,0.04351,-0.028734,0.826335,-0.023137,-0.562701,0.148635,0.972688,0.178278,0.543209,-0.230954,0.807206,4e-06,7.1e-05,5.8e-05,-4.1e-05,1e-05,5.2e-05,0.433191
148,0.172627,-0.013949,0.354059,-0.813876,0.083109,-0.575103,-0.227826,-0.956114,0.184154,-0.53355,0.280793,0.797813,1.4e-05,0.000269,0.000221,0.0,0.0,0.0,0.460847,-0.194836,-0.036066,0.258663,-0.368901,-0.698794,0.612854,0.749047,0.166704,0.641149,-0.549725,0.696437,0.46113,-0.002513,0.010378,-0.035461,-0.024784,-1.597081,2.484454,-1.402684,0.028727,0.035828,-0.028351,0.411859,0.688149,0.597345,-0.739028,-0.131261,0.660762,0.533112,-0.713596,0.454501,-0.001225,0.005226,-0.017669,-0.057054,0.050034,0.255307,-0.928105,0.089052,0.043513,-0.028731,0.826327,-0.023153,-0.562713,0.14865,0.972688,0.178266,0.543217,-0.230954,0.807201,7e-06,0.000141,0.000115,-3.5e-05,3e-06,6e-05,0.432864
149,0.172627,-0.013956,0.354053,-0.813886,0.083093,-0.575091,-0.227811,-0.956116,0.184166,-0.533542,0.280792,0.797819,-3.1e-05,-0.000603,-0.000495,0.0,0.0,0.0,0.460746,-0.194997,-0.03555,0.257225,-0.352532,-0.718638,0.599393,0.736928,0.181415,0.651121,-0.576208,0.672137,0.464844,-0.002483,0.010751,-0.035016,-0.917131,-1.299423,-0.45561,-1.402699,0.028646,0.036087,-0.029068,0.39802,0.709313,0.581767,-0.726611,-0.143373,0.671922,0.560013,-0.690157,0.45833,-0.001554,0.011377,-0.021323,-3.209805,-3.756968,-2.428146,-0.930228,0.089052,0.043512,-0.028733,0.826335,-0.023137,-0.562701,0.148635,0.972689,0.178278,0.543209,-0.230954,0.807206,-2.1e-05,-0.000484,-0.000399,-2.6e-05,3.3e-05,5.7e-05,0.432864
150,0.172616,-0.013963,0.354048,-0.813907,0.08306,-0.575067,-0.227778,-0.956119,0.18419,-0.533525,0.280792,0.797831,-1e-06,-1.4e-05,-1.2e-05,0.0,0.0,0.0,0.460909,-0.195313,-0.0351,0.255804,-0.329647,-0.74366,0.581631,0.723585,0.196553,0.661608,-0.605909,0.639874,0.472545,-0.018738,0.008984,-0.036897,-0.836143,-2.824007,1.563012,-1.402234,0.028488,0.03632,-0.029786,0.374382,0.735408,0.564811,-0.713785,-0.160252,0.681783,0.591901,-0.658402,0.464928,-0.009407,0.004356,-0.018657,-0.843172,-2.833746,1.537357,-0.933167,0.089046,0.043506,-0.028737,0.826353,-0.023102,-0.562677,0.148602,0.972689,0.178302,0.543191,-0.230955,0.807218,2e-06,-0.0,0.0,-2.3e-05,1.8e-05,5.7e-05,0.433028
151,0.172616,-0.013963,0.354048,-0.813907,0.08306,-0.575067,-0.227778,-0.956119,0.18419,-0.533525,0.280792,0.797831,-0.0,-0.0,-0.0,0.0,0.0,0.0,0.460971,-0.195702,-0.034666,0.254215,-0.312412,-0.766831,0.560678,0.709053,0.204391,0.674834,-0.631679,0.609325,0.479133,-0.003366,0.019642,-0.047295,-0.206267,0.200217,0.37732,-1.402345,0.028294,0.036529,-0.030564,0.355463,0.760481,0.543428,-0.700202,-0.168478,0.693781,0.619163,-0.627123,0.472602,-0.009382,0.004226,-0.018958,-0.3043,0.247056,0.364996,-0.92043,0.089046,0.043506,-0.028737,0.826353,-0.023102,-0.562677,0.148602,0.972689,0.178302,0.543191,-0.230955,0.807218,-1e-06,4e-06,5e-06,-3.7e-05,3e-06,5e-05,0.433028
152,0.172616,-0.013963,0.354048,-0.813907,0.08306,-0.575067,-0.227778,-0.956119,0.18419,-0.533525,0.280792,0.797831,-0.0,-0.0,-0.0,0.0,0.0,0.0,0.460941,-0.195929,-0.034455,0.253401,-0.29907,-0.781111,0.5481,0.700116,0.210519,0.682242,-0.647906,0.588738,0.483186,-0.018862,0.008355,-0.038265,-0.350617,-0.378942,0.171941,-1.402301,0.028187,0.036638,-0.030977,0.343896,0.77441,0.531058,-0.690394,-0.174811,0.701994,0.636466,-0.608053,0.474532,-0.001405,0.00392,-0.020111,-1.103804,-0.993164,-0.516417,-0.909653,0.089046,0.043506,-0.028737,0.826353,-0.023102,-0.562677,0.148602,0.972689,0.178302,0.543191,-0.230955,0.807218,-3e-06,3e-06,6e-06,-3.9e-05,0.0,5e-05,0.433028
153,0.172616,-0.013963,0.354048,-0.81384,0.083167,-0.575146,-0.227883,-0.956109,0.184111,-0.533582,0.280793,0.797792,-0.0,-0.0,-0.0,0.0,0.0,0.0,0.460818,-0.196364,-0.034113,0.251849,-0.28116,-0.800371,0.529479,0.684874,0.218993,0.694927,-0.671786,0.559003,0.485882,-0.018843,0.008836,-0.037708,-2.91739,-3.980325,-2.323626,-1.402546,0.02797,0.036803,-0.031741,0.331109,0.792116,0.512755,-0.675651,-0.180302,0.714832,0.658681,-0.583131,0.475495,-0.009445,0.003957,-0.01958,0.000562,-0.135416,0.381749,-0.901978,0.089046,0.043506,-0.028737,0.826296,-0.023215,-0.562756,0.148709,0.972687,0.178224,0.543249,-0.230953,0.80718,-3e-06,2e-06,4e-06,-3.8e-05,3e-06,4.9e-05,0.433028
154,0.172595,-0.01397,0.354056,-0.81387,0.083119,-0.575111,-0.227851,-0.956106,0.184167,-0.53355,0.280818,0.797805,-0.0,-0.0,-0.0,0.0,0.0,0.0,0.460595,-0.19666,-0.033822,0.250397,-0.265105,-0.812632,0.51898,0.668059,0.233171,0.706584,-0.694858,0.535036,0.480386,-0.002648,0.010003,-0.037088,-0.323423,0.379787,0.284642,-1.402373,0.027816,0.036947,-0.03247,0.308649,0.807602,0.502507,-0.659494,-0.198997,0.724891,0.685421,-0.555138,0.471188,-0.001063,-0.001068,-0.015199,-0.006056,-0.063313,0.246572,-0.899692,0.089036,0.043502,-0.028733,0.826321,-0.023165,-0.562721,0.148676,0.972682,0.17828,0.543219,-0.230979,0.807192,-4e-06,2e-06,4e-06,-3.8e-05,6e-06,4.8e-05,0.433028
155,0.172584,-0.01397,0.354056,-0.81388,0.083101,-0.575098,-0.227833,-0.956108,0.18418,-0.533541,0.280818,0.797811,-0.0,-0.0,-0.0,0.0,0.0,0.0,0.460207,-0.196716,-0.033724,0.249774,-0.253429,-0.819089,0.514644,0.662024,0.240916,0.70966,-0.70493,0.521572,0.480521,-0.002054,-0.001012,-0.028677,-0.038388,-0.023955,0.195623,-1.401903,0.027787,0.037003,-0.032799,0.299287,0.813764,0.49821,-0.652065,-0.206758,0.729425,0.696589,-0.543174,0.468748,-0.001263,0.005314,-0.018033,0.012182,0.060551,0.046716,-0.900999,0.089031,0.043503,-0.028733,0.826331,-0.023146,-0.562708,0.148658,0.972682,0.178293,0.54321,-0.23098,0.807198,-4e-06,2e-06,4e-06,-4e-05,3e-06,4.7e-05,0.432701
156,0.172563,-0.01397,0.354057,-0.813902,0.083065,-0.575072,-0.227798,-0.956111,0.184207,-0.533523,0.280817,0.797823,-0.0,-0.0,-0.0,0.0,0.0,0.0,0.460146,-0.196758,-0.033638,0.248657,-0.250687,-0.82204,0.51127,0.654654,0.24497,0.715088,-0.712749,0.514989,0.476066,-0.001884,0.00047,-0.02633,0.014408,0.037532,-0.016602,-1.401996,0.027766,0.037045,-0.033358,0.296758,0.816771,0.494791,-0.644757,-0.210835,0.734735,0.70443,-0.537059,0.464052,-0.000904,0.000386,-0.012894,0.060522,0.019264,-0.035419,-0.904918,0.08902,0.043503,-0.028732,0.826349,-0.023108,-0.562682,0.148622,0.972683,0.178319,0.543191,-0.230981,0.807211,-4e-06,2e-06,4e-06,-3.8e-05,-1e-06,5.1e-05,0.432374
157,0.172563,-0.013976,0.354051,-0.813845,0.083157,-0.57514,-0.227888,-0.956102,0.184139,-0.533571,0.280818,0.79779,-3e-06,-6.2e-05,-5.1e-05,0.0,0.0,0.0,0.460005,-0.196658,-0.033759,0.247829,-0.257072,-0.81931,0.51248,0.650438,0.245377,0.718786,-0.714323,0.519133,0.469155,0.015001,-0.00922,-0.016797,-0.153909,0.164282,0.096683,-1.402539,0.027809,0.036988,-0.033776,0.302467,0.813977,0.495937,-0.640891,-0.211455,0.737932,0.705528,-0.541042,0.457713,-0.000768,0.00156,-0.010966,-0.183198,0.304328,-0.022231,-0.902795,0.08902,0.043499,-0.028735,0.8263,-0.023205,-0.56275,0.148714,0.972681,0.178252,0.54324,-0.230979,0.807178,0.007007,-0.000151,-0.000319,0.000959,-0.014699,0.029603,0.432211
158,0.172572,-0.013996,0.354022,-0.813798,0.083232,-0.575195,-0.227947,-0.956103,0.184063,-0.533618,0.280794,0.797768,-0.000252,0.009757,-0.009587,0.035716,-0.01127,0.019203,0.460191,-0.196567,-0.034039,0.247406,-0.263612,-0.817083,0.512714,0.645392,0.245494,0.723281,-0.716504,0.522581,0.461946,-0.000653,-0.005353,-0.00914,-0.285915,0.289428,0.18987,-1.402681,0.027861,0.036844,-0.033995,0.308031,0.811767,0.496134,-0.636588,-0.211682,0.741583,0.707016,-0.544264,0.451557,-0.000289,-0.002448,-0.004181,-0.497113,0.413558,0.295174,-0.910633,0.089025,0.043487,-0.028746,0.826267,-0.023273,-0.562796,0.148778,0.97268,0.178206,0.543273,-0.230978,0.807156,-2.7e-05,-0.000515,-0.000423,-2.8e-05,3e-06,3.4e-05,0.432048
159,0.172582,-0.01401,0.35401,-0.813807,0.083219,-0.575185,-0.227934,-0.956104,0.184072,-0.53361,0.280794,0.797773,-3.1e-05,-0.00061,-0.000501,0.0,0.0,0.0,0.460036,-0.196584,-0.034207,0.247325,-0.290142,-0.809213,0.510866,0.650104,0.224935,0.725743,-0.701814,0.543688,0.460135,6e-05,-0.015484,0.000882,0.773279,1.283896,0.761739,-1.402661,0.027852,0.036765,-0.034039,0.334317,0.80293,0.493491,-0.638797,-0.191939,0.745048,0.692942,-0.564323,0.448741,-0.000215,-0.001377,-0.002807,2.824653,4.189137,2.423866,-0.911612,0.089029,0.043483,-0.028756,0.826268,-0.023272,-0.562795,0.148763,0.972686,0.178186,0.543277,-0.230953,0.807161,-2e-05,-0.000374,-0.000306,-2e-05,1e-05,3e-05,0.431885
160,0.17259,-0.014051,0.353976,-0.813787,0.083251,-0.575209,-0.227966,-0.956101,0.184049,-0.533627,0.280795,0.797762,-4.8e-05,-0.000942,-0.000775,0.0,0.0,0.0,0.459946,-0.19662,-0.034615,0.247348,-0.370152,-0.78583,0.495429,0.657299,0.155164,0.737438,-0.655896,0.599583,0.458436,0.000336,-0.013218,0.004751,0.164424,-0.877273,2.715174,-1.40335,0.027834,0.03656,-0.034029,0.412067,0.775079,0.479011,-0.645458,-0.122747,0.753867,0.643104,-0.619826,0.449701,0.00016,-0.006633,0.00233,0.378866,1.749041,1.125898,-0.913082,0.089034,0.043463,-0.028772,0.826251,-0.023307,-0.562819,0.148797,0.972685,0.178163,0.543293,-0.230953,0.80715,-2.8e-05,-0.000581,-0.000477,5e-06,1.5e-05,1.8e-05,0.431885
161,0.172588,-0.014105,0.353932,-0.813798,0.083234,-0.575196,-0.227949,-0.956103,0.184061,-0.533618,0.280794,0.797768,-9.4e-05,-0.001844,-0.001518,0.0,0.0,0.0,0.457917,-0.196876,-0.035364,0.247687,-0.499032,-0.727333,0.471111,0.660625,0.032356,0.749974,-0.560086,0.686387,0.463723,-0.01542,-0.025667,0.011924,2.837312,4.653361,2.84303,-1.405031,0.027712,0.036197,-0.033854,0.535659,0.71492,0.449396,-0.641556,-0.00149,0.767074,0.549067,-0.699204,0.457863,0.000419,-0.01254,0.00598,1.015086,1.405443,1.343983,-0.918797,0.089032,0.043437,-0.028793,0.82626,-0.023291,-0.562806,0.148783,0.972685,0.178175,0.543284,-0.230955,0.807156,-5.4e-05,-0.001071,-0.000881,-0.000841,0.013237,-0.025589,0.431068
162,0.172586,-0.014124,0.353903,-0.813762,0.08329,-0.575239,-0.227991,-0.956105,0.183998,-0.533655,0.28077,0.797752,-5.1e-05,-0.001002,-0.000825,0.0,0.0,0.0,0.457643,-0.197056,-0.03574,0.247919,-0.574415,-0.676476,0.460889,0.653325,-0.039869,0.755983,-0.492298,0.736192,0.464249,-0.015056,-0.022608,0.01716,2.761121,4.658746,3.048487,-1.405477,0.027616,0.035995,-0.033743,0.612015,0.658534,0.437914,-0.631362,0.073392,0.772006,0.476253,-0.748963,0.460691,-0.007637,-0.011027,0.008701,2.776034,4.656477,3.03374,-0.9219,0.089031,0.043425,-0.02881,0.826229,-0.023352,-0.562848,0.148826,0.972689,0.178113,0.543318,-0.230929,0.80714,-2.8e-05,-0.000589,-0.000486,1.3e-05,3e-06,-2.1e-05,0.430252
163,0.172593,-0.014175,0.353821,-0.813767,0.083279,-0.575233,-0.227938,-0.956128,0.183943,-0.533669,0.280695,0.797768,-0.000109,-0.002145,-0.001767,0.0,0.0,0.0,0.455065,-0.197347,-0.036397,0.248645,-0.711851,-0.54345,0.444883,0.617762,-0.18346,0.764622,-0.333015,0.819794,0.465727,-0.014622,-0.018997,0.023321,0.739642,1.317468,0.981843,-1.405841,0.027474,0.035673,-0.033389,0.743819,0.51973,0.420252,-0.590221,0.215706,0.777887,0.313641,-0.82665,0.467203,0.000394,-0.003519,0.007475,2.685093,4.550716,2.97727,-0.927942,0.089035,0.043401,-0.02885,0.826234,-0.023341,-0.562843,0.148774,0.972708,0.178057,0.543326,-0.230853,0.807157,-5.6e-05,-0.001128,-0.000928,1.9e-05,0.0,-3.2e-05,0.428455
164,0.172599,-0.01421,0.353725,-0.813757,0.08329,-0.575246,-0.22788,-0.956164,0.183829,-0.533709,0.280569,0.797786,-9.7e-05,-0.001915,-0.001579,0.0,0.0,0.0,0.453342,-0.197953,-0.036827,0.249575,-0.813362,-0.389351,0.43225,0.556458,-0.304582,0.772994,-0.168284,0.869723,0.463817,-0.014579,-0.002919,0.023378,2.618542,4.792257,2.909368,-1.405593,0.027171,0.03545,-0.032927,0.837257,0.365413,0.406784,-0.525471,0.331891,0.783407,0.15126,-0.869667,0.469892,-0.0151,-0.007363,0.015939,0.908626,1.737026,1.026721,-0.94623,0.089038,0.043383,-0.028898,0.826224,-0.023354,-0.562855,0.148716,0.972738,0.177941,0.543356,-0.230725,0.807173,-4.8e-05,-0.000983,-0.000811,2.3e-05,-9e-06,-3.8e-05,0.426006
165,0.172614,-0.014212,0.353578,-0.813775,0.08325,-0.575226,-0.227688,-0.956248,0.183626,-0.533763,0.280293,0.797847,-0.000114,-0.002239,-0.001847,0.0,0.0,0.0,0.450698,-0.198872,-0.03689,0.250882,-0.866226,-0.27872,0.414679,0.496028,-0.381754,0.779842,-0.057963,0.881544,0.468384,-0.01323,-0.0081,0.041578,0.639372,1.169619,0.970837,-1.405426,0.026711,0.035417,-0.032283,0.886825,0.248762,0.389433,-0.460671,0.409573,0.787421,0.036379,-0.877705,0.477816,-0.015039,0.00243,0.018697,2.324665,3.807973,3.344522,-0.951129,0.089045,0.043382,-0.028972,0.826239,-0.023311,-0.562836,0.14852,0.972805,0.177735,0.543387,-0.230444,0.807232,-5.7e-05,-0.001151,-0.000951,2.1e-05,-6e-06,-2.9e-05,0.42274
166,0.172631,-0.014211,0.353486,-0.813709,0.083349,-0.575305,-0.227689,-0.956291,0.183404,-0.533863,0.280119,0.797841,0.013873,-0.003438,-0.003233,0.000141,-0.001453,0.00398,0.450425,-0.199351,-0.036856,0.251664,-0.87905,-0.25745,0.401225,0.474863,-0.4011,0.7833,-0.039623,0.879392,0.474304,-0.029593,0.005667,0.038574,0.019212,-0.15851,0.190701,-1.405391,0.026468,0.035432,-0.031874,0.898857,0.225527,0.375755,-0.437914,0.429144,0.789978,0.016908,-0.874627,0.484501,-0.014745,0.003044,0.019705,-0.011664,-0.158905,0.192692,-0.950149,0.089049,0.043386,-0.029015,0.826183,-0.023413,-0.562913,0.148517,0.972846,0.177515,0.543472,-0.230262,0.807227,-0.000171,0.003949,-0.00556,0.035736,-0.011277,0.019174,0.421597
167,0.172676,-0.014238,0.353302,-0.814081,0.078692,-0.575434,-0.222015,-0.957695,0.18303,-0.535678,0.276652,0.797834,-0.000149,-0.002938,-0.002428,0.005819,-0.091575,0.17646,0.449019,-0.200421,-0.036591,0.253311,-0.914472,-0.150709,0.375526,0.400491,-0.467896,0.787791,0.058129,0.870978,0.487731,-0.02914,0.008448,0.042766,2.223876,4.244601,2.879963,-1.404984,0.025944,0.035564,-0.031061,0.928472,0.122571,0.350592,-0.363768,0.490509,0.791878,-0.074907,-0.862772,0.500012,-0.014586,0.003935,0.02095,0.292824,0.30859,0.150647,-0.953252,0.089076,0.043369,-0.029109,0.826244,-0.018614,-0.563003,0.142632,0.973797,0.177127,0.544955,-0.226653,0.807249,-8.8e-05,-0.001799,-0.001488,-0.000122,3.3e-05,0.000114,0.419474
168,0.172729,-0.014292,0.353084,-0.811523,0.068182,-0.580367,-0.214969,-0.958358,0.18791,-0.542382,0.277163,0.793114,-0.000412,0.006633,-0.012173,-0.074793,-0.230561,-0.090914,0.445466,-0.201787,-0.036237,0.254666,-0.929263,-0.081574,0.360288,0.349302,-0.510568,0.785648,0.121029,0.856008,0.502459,-0.030245,0.014529,0.025749,1.040579,0.844346,0.568362,-1.404708,0.025252,0.035755,-0.03035,0.940824,0.04646,0.335694,-0.307688,0.532296,0.788662,-0.142048,-0.845282,0.515092,-0.015137,0.007094,0.012635,1.214506,0.801101,0.514278,-0.952435,0.089103,0.04334,-0.029214,0.823077,-0.008877,-0.567859,0.135782,0.973956,0.181581,0.551459,-0.22656,0.802846,-0.000115,-0.002334,-0.001934,-0.172332,-0.305593,-0.174283,0.416045
169,0.172745,-0.014333,0.35297,-0.810971,0.061344,-0.581901,-0.208685,-0.959412,0.189604,-0.545647,0.275115,0.791586,-0.000245,-0.004857,-0.004023,-0.025115,-0.040252,-0.05526,0.443988,-0.202295,-0.036041,0.255139,-0.933617,-0.075766,0.350158,0.336678,-0.518848,0.785735,0.123319,0.851544,0.50944,-0.014496,0.011655,0.020002,0.130751,-0.194576,0.13703,-1.404888,0.025004,0.035851,-0.030117,0.944515,0.041793,0.325796,-0.295461,0.541435,0.787115,-0.143502,-0.839703,0.523742,-0.007281,0.005562,0.009584,0.111546,-0.100137,0.168149,-0.953088,0.089111,0.043323,-0.029274,0.821585,-0.001478,-0.570082,0.129247,0.97444,0.18374,0.55524,-0.22464,0.800777,-0.000118,-0.002439,-0.002022,0.00496,0.002665,-0.04304,0.413596
170,0.172765,-0.014373,0.352697,-0.80596,0.049914,-0.5899,-0.201462,-0.960093,0.193924,-0.55568,0.27507,0.784591,-0.000278,-0.005503,-0.004567,-0.062883,-0.109466,-0.087293,0.442303,-0.203131,-0.035778,0.255597,-0.946027,-0.009148,0.323944,0.273293,-0.559169,0.782671,0.175168,0.828955,0.531048,-0.031683,0.003603,0.007651,0.515445,-0.406719,-0.107438,-1.4045,0.024581,0.03599,-0.029873,0.953601,-0.026932,0.299865,-0.229874,0.578068,0.782939,-0.194429,-0.815543,0.545055,-0.015884,0.001378,0.003135,0.641741,-0.440591,-0.159357,-0.949006,0.089121,0.043305,-0.029409,0.815819,0.009371,-0.57823,0.121985,0.974583,0.187901,0.565295,-0.223829,0.79394,-0.000229,0.002764,-0.006548,-0.016359,-0.125443,-0.04551,0.41033
171,0.172749,-0.014442,0.352348,-0.799263,0.046996,-0.599179,-0.200632,-0.960614,0.192196,-0.565556,0.273765,0.777963,-0.000387,-0.007666,-0.006376,-0.023633,-0.043048,-0.048059,0.442634,-0.203687,-0.035732,0.255605,-0.952708,0.019906,0.303221,0.235157,-0.583185,0.777515,0.193507,0.812009,0.550509,-0.0002,-0.001408,-0.002296,0.277719,-0.357004,-0.020318,-1.404867,0.024302,0.036011,-0.029874,0.958526,-0.055338,0.27958,-0.191556,0.601267,0.775746,-0.21103,-0.797129,0.56573,-0.008396,0.004761,-0.00502,0.354144,-0.510458,0.089332,-0.949169,0.089113,0.043274,-0.029581,0.808967,0.011778,-0.587734,0.121053,0.975033,0.186159,0.575253,-0.221743,0.787345,-0.000295,0.001479,-0.00762,0.043646,-0.022626,-0.014272,0.408697
172,0.172739,-0.014516,0.352127,-0.796272,0.039239,-0.603702,-0.194093,-0.961713,0.193409,-0.572013,0.271126,0.774157,-0.000709,0.00077,-0.017074,-0.218308,-0.496014,-0.257332,0.442132,-0.203819,-0.03576,0.255466,-0.955284,0.039361,0.293044,0.212709,-0.596451,0.77391,0.206447,0.801572,0.561004,-0.00066,-0.004619,-0.007544,0.794048,-0.771856,3.299104,-1.404578,0.024236,0.035999,-0.029939,0.959362,-0.072844,0.272612,-0.172387,0.613558,0.770602,-0.223397,-0.786282,0.576067,-0.000508,-0.002502,-0.003906,1.854794,3.930838,3.057378,-0.947863,0.089108,0.043236,-0.029685,0.806756,0.017555,-0.590623,0.114624,0.975921,0.185576,0.579659,-0.217414,0.785318,-0.000258,-0.005203,-0.004334,0.011909,0.037372,-0.026175,0.407881
173,0.172713,-0.014785,0.351596,-0.79077,0.03354,-0.61123,-0.187848,-0.963619,0.190062,-0.581638,0.265067,0.769067,-0.000901,-0.002978,-0.020243,-0.01547,-0.081737,-0.080841,0.439132,-0.2039,-0.036002,0.255094,-0.95817,0.053973,0.281049,0.188866,-0.618128,0.763008,0.216109,0.78409,0.58169,0.01515,-0.006702,-0.011848,0.533542,-0.672728,-0.010596,-1.404864,0.024189,0.035874,-0.030132,0.961885,-0.090777,0.257945,-0.144183,0.633149,0.760481,-0.232353,-0.768687,0.595928,-0.000267,-0.009227,-0.001865,0.482523,-0.582321,-0.264712,-0.953251,0.089095,0.043102,-0.029956,0.799716,0.024343,-0.599883,0.108079,0.977016,0.183729,0.590569,-0.211766,0.778705,-0.000451,-0.001667,-0.01027,-0.00273,-0.052522,-0.076712,0.405105
174,0.172698,-0.015218,0.350873,-0.786595,0.022122,-0.61711,-0.175475,-0.966167,0.188948,-0.591076,0.256879,0.764636,-0.000945,-0.018566,-0.015629,-0.122612,-0.228065,-0.188825,0.434428,-0.203648,-0.036345,0.254654,-0.961891,0.057813,0.267236,0.170594,-0.636467,0.752158,0.21478,0.768996,0.601978,0.015596,-0.018308,-0.0044,1.81059,3.746802,3.240288,-1.40437,0.024309,0.035705,-0.030357,0.965738,-0.088366,0.244008,-0.129599,0.650389,0.748463,-0.224839,-0.754443,0.616654,-0.000474,-0.003377,-0.005566,0.55823,-0.546213,-0.208076,-0.953415,0.089088,0.042895,-0.030311,0.795313,0.034624,-0.605208,0.095638,0.978697,0.181671,0.598605,-0.202366,0.77506,0.006469,-0.004435,-0.012831,-0.161529,-0.402458,-0.222585,0.39988
175,0.17264,-0.015761,0.349905,-0.782197,0.022632,-0.622656,-0.174525,-0.967293,0.184,-0.597157,0.252559,0.761344,-0.001411,-0.0128,-0.028735,0.030396,0.008323,-0.035449,0.429334,-0.203088,-0.036769,0.254261,-0.967598,0.050093,0.247458,0.154469,-0.657359,0.737531,0.20083,0.751783,0.627975,0.015141,-0.007075,-0.012587,0.866387,-1.012828,-0.209408,-1.404399,0.024601,0.035483,-0.030561,0.970634,-0.088093,0.223848,-0.108444,0.670384,0.734046,-0.214729,-0.736766,0.641145,0.007571,-0.003558,-0.00634,0.842896,-1.020778,-0.202691,-0.956844,0.089058,0.042616,-0.030801,0.790515,0.03447,-0.61147,0.094513,0.979587,0.177408,0.605105,-0.198036,0.771122,-0.000707,-0.006728,-0.014642,0.042532,0.036297,-0.02991,0.392532
176,0.172611,-0.016088,0.349332,-0.777507,0.020775,-0.628567,-0.173809,-0.967625,0.182928,-0.603453,0.251447,0.756734,-0.001563,-0.015684,-0.031288,-0.081046,-0.192319,-0.16951,0.426875,-0.202703,-0.036996,0.254082,-0.972793,0.043969,0.227445,0.14094,-0.666369,0.732135,0.184977,0.744205,0.641721,0.01526,-0.006342,-0.011409,0.656443,-0.936052,0.101215,-1.404457,0.024787,0.03537,-0.030648,0.97557,-0.0816,0.203969,-0.095279,0.679436,0.727522,-0.19795,-0.729183,0.655063,0.015922,-0.009036,-0.00252,0.80794,-1.384643,0.34861,-0.95766,0.089044,0.042459,-0.031075,0.786092,0.035342,-0.617096,0.094004,0.979914,0.175869,0.610918,-0.196259,0.766981,-0.000777,-0.008083,-0.015845,-0.145962,-0.283799,-0.214988,0.389102
