frame,MLTx,MLTy,MLTz,MLTR1,MLTR2,MLTR3,MLTR4,MLTR5,MLTR6,MLTR7,MLTR8,MLTR9,MLTTVx,MLTTVy,MLTTVz,MLTRVx,MLTRVy,MLTRVz,MLGA,MRTx,MRTy,MRTz,MRTR1,MRTR2,MRTR3,MRTR4,MRTR5,MRTR6,MRTR7,MRTR8,MRTR9,MRTTVx,MRTTVy,MRTTVz,MRTRVx,MRTRVy,MRTRVz,MRGA,SLTx,SLTy,SLTz,SLTR1,SLTR2,SLTR3,SLTR4,SLTR5,SLTR6,SLTR7,SLTR8,SLTR9,SLTTVx,SLTTVy,SLTTVz,SLTRVx,SLTRVy,SLTRVz,SLGA,SRTx,SRTy,SRTz,SRTR1,SRTR2,SRTR3,SRTR4,SRTR5,SRTR6,SRTR7,SRTR8,SRTR9,SRTTVx,SRTTVy,SRTTVz,SRTRVx,SRTRVy,SRTRVz,SRGA
2472,0.17164,-0.010437,0.309074,0.294221,-0.67742,-0.674227,0.355206,-0.577436,0.735098,-0.88766,-0.454934,0.071574,0.030616,-0.046504,0.049554,0.43107,0.7923,0.292712,-1.917836,-0.174549,-0.004521,0.316351,-0.774477,0.458287,0.436061,-0.107128,-0.774243,0.623703,0.624415,0.435749,0.648145,-0.014221,-0.000161,0.001065,-0.002045,0.015205,-0.029245,0.172201,0.039401,0.051865,0.000946,0.767749,-0.482331,0.421802,0.151062,0.77599,0.612388,-0.622688,-0.406443,0.668627,-0.007111,-8.4e-05,0.000533,-0.002469,0.0135,-0.027711,0.043637,0.088295,0.045332,-0.050835,-0.356507,0.636998,-0.683473,-0.428257,0.538747,0.725497,0.830359,0.551347,0.080732,0.015263,-0.023451,0.024569,0.356124,0.722472,0.240555,-1.001643
2473,0.172596,-0.012549,0.310923,0.30739,-0.67139,-0.674382,0.385303,-0.560207,0.733268,-0.870486,-0.484411,0.087331,0.015726,-0.053314,0.042857,-0.008896,0.320367,-0.080398,-1.917536,-0.174826,-0.004472,0.316409,-0.770361,0.454838,0.44683,-0.10118,-0.778989,0.618767,0.630472,0.430888,0.645526,1.8e-05,0.001021,0.000999,0.009597,0.050011,-0.054536,0.175546,0.039262,0.051889,0.000974,0.764023,-0.478614,0.432662,0.145153,0.780916,0.607536,-0.628648,-0.401369,0.66611,-0.007101,0.000382,0.000987,0.031618,0.191506,-0.221195,0.046577,0.088767,0.0443,-0.049922,-0.36725,0.629811,-0.684445,-0.457529,0.518358,0.722475,0.809811,0.578483,0.09779,0.015092,-0.027562,0.020291,0.043877,0.130216,0.073348,-1.004909
2474,0.173525,-0.014746,0.312269,0.321045,-0.66315,-0.676171,0.416137,-0.542597,0.729651,-0.851156,-0.514811,0.102611,0.030037,-0.062141,0.033277,0.051853,0.310484,0.113716,-1.917816,-0.175147,-0.004374,0.316476,-0.755181,0.462756,0.464274,-0.105892,-0.78495,0.610389,0.64783,0.411206,0.641162,3e-05,0.001615,0.001577,0.032605,0.167899,-0.181408,0.179661,0.039101,0.051938,0.001007,0.749011,-0.485853,0.450476,0.149952,0.78657,0.599016,-0.645366,-0.38112,0.662004,-0.007096,0.000749,0.001343,0.116195,0.624062,-0.685744,0.051802,0.089226,0.043209,-0.049242,-0.38064,0.620028,-0.686059,-0.485648,0.497319,0.718901,0.786929,0.606826,0.111816,0.014874,-0.025656,0.012399,0.212847,0.28955,0.164967,-1.002297
2475,0.174373,-0.016855,0.31307,0.347362,-0.647344,-0.678478,0.450934,-0.519098,0.726064,-0.822641,-0.557356,0.112444,0.014983,-0.056884,0.019334,0.332294,-0.114697,-0.008002,-1.917826,-0.175396,-0.004199,0.31654,-0.730444,0.476183,0.489584,-0.116829,-0.793276,0.597492,0.673797,0.378636,0.634425,-0.014964,0.013699,-0.004385,0.151902,0.155089,0.067692,0.168384,0.038983,0.05202,0.00104,0.724416,-0.497927,0.476748,0.160624,0.794462,0.585686,-0.670388,-0.347703,0.6555,3.2e-05,0.001711,0.00167,0.375729,0.78167,-0.145003,0.045434,0.089661,0.042128,-0.048832,-0.404675,0.6016,-0.688704,-0.51764,0.47015,0.714847,0.753847,0.645783,0.121154,0.00745,-0.028865,0.009238,0.315469,-0.135721,-0.019765,-0.995765
2476,0.17477,-0.017807,0.31325,0.363844,-0.638166,-0.678533,0.465776,-0.506221,0.725786,-0.807113,-0.579329,0.113906,0.029246,-0.03638,0.000638,-0.008205,0.040597,-0.004255,-1.918337,-0.175451,-0.004095,0.316575,-0.718033,0.479508,0.504473,-0.119437,-0.798829,0.589526,0.686559,0.362442,0.630187,5.1e-05,0.002626,0.002561,0.022725,-0.054122,0.112444,0.167907,0.03895,0.052072,0.001058,0.712126,-0.500656,0.492158,0.163243,0.799898,0.577505,-0.682808,-0.330915,0.651357,3.1e-05,0.001826,0.001786,0.136655,0.49733,-0.463435,0.041515,0.089843,0.041681,-0.048749,-0.419922,0.59068,-0.689029,-0.531134,0.455671,0.714324,0.735908,0.665928,0.122384,0.007319,-0.024298,0.004077,0.240216,-0.281419,-0.117607,-0.998051
2477,0.175364,-0.019027,0.313079,0.400805,-0.615053,-0.67905,0.493664,-0.479426,0.725547,-0.772303,-0.625266,0.112324,0.014021,-0.01606,-0.017495,0.100961,-0.093342,-0.0365,-1.91811,-0.175434,-0.003922,0.3166,-0.673466,0.502774,0.541898,-0.139377,-0.806176,0.574967,0.726776,0.311061,0.612291,2.1e-05,0.001081,0.001053,-0.088386,0.736712,-0.503757,0.163534,0.038958,0.052167,0.001072,0.668225,-0.521976,0.530108,0.183524,0.806185,0.562479,-0.720966,-0.278576,0.634509,-7e-06,0.000565,0.000554,0.073027,2.00468,-1.720344,0.036943,0.090151,0.041042,-0.048827,-0.454566,0.563526,-0.689788,-0.555424,0.426084,0.714112,0.696328,0.707736,0.119313,0.007111,-0.013782,-0.004818,0.310702,-0.441496,0.07503,-0.958535
2478,0.175722,-0.019611,0.312354,0.445479,-0.585327,-0.677485,0.515388,-0.451132,0.728579,-0.732646,-0.673012,0.10155,-0.000981,-0.004882,-0.025325,0.220094,-0.571495,-0.213203,-1.917883,-0.175218,-0.00385,0.31648,-0.613361,0.528006,0.587357,-0.167817,-0.81372,0.556444,0.772506,0.242071,0.586941,-4.5e-05,-0.002441,-0.002379,0.485885,1.606919,0.850005,0.160754,0.039066,0.052207,0.001016,0.610112,-0.542461,0.577493,0.2108,0.813734,0.541663,-0.763757,-0.20874,0.61082,0.006779,0.005049,-0.005218,3.24953,3.451723,2.826965,0.030901,0.090335,0.040742,-0.049191,-0.495623,0.529256,-0.688654,-0.573558,0.395968,0.717105,0.652218,0.750397,0.107308,0.007034,-0.008112,-0.008897,0.957586,-1.477421,-0.346031,-0.947104
2479,0.175739,-0.019777,0.311933,0.472594,-0.563546,-0.677581,0.521732,-0.440769,0.730404,-0.71086,-0.698005,0.086564,-0.000914,-0.0034,-0.023788,3.468202,-4.486519,-0.756333,-1.917818,-0.174968,-0.003818,0.316375,-0.579538,0.53604,0.613831,-0.181882,-0.819197,0.543847,0.795084,0.202865,0.571446,0.014161,-0.002024,-0.003189,3.210432,3.645865,2.618087,0.160775,0.039181,0.052218,0.000966,0.578204,-0.54852,0.603991,0.221277,0.817963,0.53101,-0.785312,-0.173383,0.594324,0.007044,-0.000873,-0.001444,0.089948,2.474698,-2.304406,0.029594,0.090344,0.04066,-0.0494,-0.516514,0.507975,-0.689328,-0.577341,0.387921,0.718466,0.632368,0.769076,0.092908,-0.000438,-0.001344,-0.011475,-0.537646,-0.843277,-0.236463,-0.943185
2480,0.175492,-0.020088,0.311304,0.51887,-0.522371,-0.676719,0.531866,-0.422516,0.733874,-0.669924,-0.740064,0.059448,-0.015412,-0.012228,-0.012745,3.414206,-4.490124,-0.687046,-1.918499,-0.174179,-0.003724,0.31617,-0.513469,0.537852,0.668623,-0.196938,-0.832154,0.518333,0.83581,0.1338,0.532336,0.014188,-0.000686,-0.001896,0.635097,1.929685,0.137228,0.160276,0.03958,0.052263,0.000855,0.511776,-0.548808,0.660979,0.239816,0.830045,0.5035,-0.824968,-0.099166,0.55641,0.013891,0.005471,-0.005516,3.279592,4.056735,2.156636,0.028941,0.090225,0.040502,-0.049726,-0.558821,0.461813,-0.688801,-0.585314,0.368755,0.722099,0.587474,0.806689,0.064238,-0.000274,-0.00579,-0.006207,-0.432075,-0.60057,-0.402206,-0.934858
2481,0.17486,-0.020465,0.31087,0.556376,-0.48293,-0.676218,0.545429,-0.401732,0.73559,-0.627587,-0.777498,0.040737,-0.015271,-0.008471,-0.008744,-0.068697,-0.257515,0.026204,-1.918252,-0.172957,-0.003491,0.315975,-0.439904,0.547503,0.71184,-0.235583,-0.835161,0.49693,0.867106,0.050224,0.495447,0.027581,0.013905,-0.007866,0.80015,1.930752,0.017636,0.160736,0.040186,0.052371,0.000756,0.43879,-0.55594,0.70597,0.277911,0.831083,0.481731,-0.854534,-0.015182,0.519172,0.021414,0.00192,-0.000188,3.394957,4.175322,1.953881,0.028941,0.089909,0.040309,-0.049948,-0.595552,0.414473,-0.688134,-0.597955,0.343306,0.724285,0.536438,0.842823,0.04338,-0.015061,-0.004083,-0.003954,0.041396,-0.180834,-0.159044,-0.919508
2482,0.173958,-0.020811,0.310687,0.588889,-0.44171,-0.676866,0.560084,-0.3808,0.735711,-0.583452,-0.81181,0.023993,-0.030008,-0.005203,-0.004825,3.407719,-4.615372,-0.308751,-1.917997,-0.171171,-0.003091,0.315877,-0.366042,0.548952,0.751437,-0.270747,-0.835282,0.47847,0.890759,-0.028988,0.453401,0.056792,0.006383,0.00117,-0.526153,1.537304,-0.995651,0.16007,0.041068,0.052574,0.000704,0.365608,-0.555023,0.747181,0.314413,0.829214,0.462111,-0.876055,0.065972,0.477674,0.027944,0.009311,-0.002911,-0.392671,1.932823,-1.211461,0.028778,0.089464,0.040134,-0.050041,-0.619148,0.375082,-0.689904,-0.610058,0.32344,0.723336,0.494453,0.868734,0.028564,-0.007457,-0.007897,0.001818,-0.036014,0.009683,0.026033,-0.919998
2483,0.173464,-0.020959,0.310678,0.604234,-0.422067,-0.675875,0.564822,-0.371478,0.736853,-0.562824,-0.826461,0.01478,-0.029928,-0.003358,-0.002841,3.278434,-4.693388,-0.546872,-1.917371,-0.170071,-0.002843,0.315863,-0.322085,0.551201,0.769695,-0.296561,-0.830759,0.470982,0.899422,-0.077246,0.430043,0.055871,0.020146,-0.004407,0.846075,2.18118,0.143577,0.160028,0.04164,0.052698,0.000695,0.321355,-0.554635,0.767535,0.338638,0.824236,0.453825,-0.884338,0.114078,0.452693,0.027936,0.010242,-0.002071,0.761336,2.286476,0.218641,0.028615,0.089217,0.040059,-0.050047,-0.631809,0.354353,-0.689384,-0.614298,0.313485,0.72413,0.472709,0.880999,0.019616,-0.007406,-0.006768,0.003037,-0.235359,-0.254936,-0.198403,-0.919182
2484,0.172428,-0.021187,0.310809,0.628174,-0.387854,-0.674545,0.570358,-0.360205,0.738184,-0.530062,-0.847964,-0.004211,-0.02975,0.000227,0.001018,-0.326889,-0.449724,-0.313315,-1.917331,-0.167553,-0.002126,0.315843,-0.234201,0.543853,0.805832,-0.344758,-0.821394,0.4543,0.909251,-0.172088,0.378829,0.069847,0.024302,-0.001809,3.86763,3.87356,1.852996,0.163176,0.042846,0.053043,0.000684,0.239713,-0.543103,0.804721,0.382719,0.814627,0.435783,-0.892223,0.20352,0.403133,0.034926,0.011731,-0.001314,-0.041921,1.340513,-0.230792,0.030411,0.08871,0.039948,-0.049986,-0.654741,0.313501,-0.687771,-0.619687,0.298359,0.725925,0.432781,0.901498,-0.001076,-0.014879,0.000247,0.000697,-0.463193,-0.799226,-0.00449,-0.919345
2485,0.171517,-0.02133,0.310983,0.652057,-0.354338,-0.670307,0.574571,-0.345951,0.741726,-0.495525,-0.868351,-0.021148,-0.014865,0.000343,0.000743,-0.197054,-0.643977,-0.116092,-1.916997,-0.164765,-0.001354,0.315886,-0.158664,0.520422,0.839034,-0.39371,-0.81258,0.429699,0.905586,-0.262794,0.332742,0.069613,0.024146,-0.002154,-0.12228,1.08874,-0.730986,0.162735,0.04424,0.053434,0.000711,0.160629,-0.519431,0.839278,0.434272,0.800785,0.412492,-0.886343,0.298217,0.354204,0.034729,0.012179,-0.00102,1.140434,3.379354,-2.133429,0.031554,0.088249,0.039881,-0.049894,-0.67481,0.277947,-0.683648,-0.622138,0.284025,0.72957,0.396955,0.917646,-0.018742,-0.007418,0.00026,0.000473,0.747567,-1.905204,-0.154371,-0.919671
2486,0.171161,-0.021375,0.311035,0.659475,-0.342348,-0.66928,0.576336,-0.34142,0.742456,-0.483502,-0.874941,-0.027013,-0.014873,0.000226,0.000609,-0.138445,-0.302036,0.016315,-1.917166,-0.163432,-0.001001,0.3159,-0.128386,0.505233,0.853375,-0.415392,-0.80869,0.416419,0.900645,-0.301638,0.312595,0.069511,0.023874,-0.002507,-0.012069,1.279186,-1.307044,0.162138,0.044933,0.053617,0.000722,0.130129,-0.502476,0.854741,0.455246,0.796108,0.398699,-0.880804,0.337235,0.332347,0.035149,0.006209,0.002656,0.298189,2.626341,-2.971697,0.031554,0.08806,0.039855,-0.049864,-0.682242,0.263725,-0.681904,-0.622449,0.279758,0.730953,0.383539,0.923138,-0.026708,-0.014886,0.000237,0.000652,-0.154259,-0.314645,-0.027918,-0.922938
2487,0.170579,-0.021474,0.311063,0.67375,-0.318169,-0.666989,0.579716,-0.332228,0.743993,-0.459144,-0.88754,-0.038555,-7.7e-05,-0.00124,-0.001348,-0.091629,-0.136902,-0.079838,-1.917121,-0.160666,-0.000286,0.315864,-0.070971,0.468187,0.88077,-0.454384,-0.801155,0.389384,0.888007,-0.37314,0.268464,0.069359,0.021891,-0.004607,-0.236478,1.113491,-0.751077,0.171373,0.046316,0.053978,0.000708,0.075999,-0.462205,0.883509,0.493728,0.787265,0.369385,-0.866288,0.408141,0.288035,0.035203,0.004991,0.001344,-0.263514,1.32498,-0.648544,0.033513,0.087763,0.039808,-0.049847,-0.693797,0.237982,-0.679712,-0.624864,0.270298,0.73245,0.358034,0.9329,-0.038825,-0.007412,-0.006247,0.003563,-0.119859,-0.213674,0.042908,-0.921468
2488,0.170327,-0.021597,0.310982,0.685531,-0.295323,-0.66549,0.584436,-0.321941,0.744822,-0.435063,-0.899174,-0.04727,-0.000208,-0.00329,-0.003581,0.277848,-0.434199,-0.047037,-1.916784,-0.15824,0.000293,0.315739,-0.020401,0.424627,0.905134,-0.484986,-0.795798,0.36253,0.874251,-0.432091,0.221013,0.055238,0.017526,-0.007557,0.241223,1.094558,-0.522966,0.204597,0.047533,0.054272,0.000648,0.02692,-0.416501,0.908736,0.522578,0.780819,0.342393,-0.852166,0.465668,0.238674,0.027624,0.00875,-0.003839,1.28148,1.54634,-0.201433,0.064702,0.087638,0.039749,-0.049884,-0.702917,0.214307,-0.678216,-0.628273,0.259925,0.733288,0.333434,0.941547,-0.048063,-7e-05,-0.001288,-0.001412,1.082817,-1.414045,0.216421,-0.92751
2489,0.170324,-0.02167,0.310917,0.692024,-0.283078,-0.66409,0.585906,-0.317221,0.745691,-0.422611,-0.904784,-0.052836,-0.000256,-0.004048,-0.004408,3.533544,-4.421677,0.313384,-1.916352,-0.157261,0.000516,0.315598,0.007239,0.402457,0.915406,-0.50258,-0.789867,0.351364,0.86443,-0.463088,0.195377,0.055324,0.014367,-0.010657,-0.27172,1.073105,-0.527334,0.224802,0.048023,0.054388,0.000582,0.000776,-0.393159,0.919469,0.540257,0.773898,0.330458,-0.841499,0.496494,0.213008,0.021171,0.000705,-0.001464,-0.377118,1.250334,-0.494566,0.087073,0.087636,0.039713,-0.049916,-0.70656,0.205915,-0.677031,-0.628142,0.258107,0.734041,0.325896,0.943917,-0.053024,-0.000117,-0.001785,-0.001932,-0.20091,-0.282144,-0.170467,-0.92751
2490,0.170471,-0.021821,0.310748,0.699815,-0.268747,-0.661875,0.586172,-0.313585,0.74702,-0.409182,-0.91042,-0.061091,-0.000229,-0.003634,-0.003964,-0.032638,-0.049345,-0.028803,-1.916111,-0.155568,0.000989,0.315071,0.068897,0.363375,0.929088,-0.54671,-0.765173,0.339932,0.834331,-0.531791,0.144755,0.040251,0.021232,-0.021454,4.906906,3.111374,0.329813,0.258475,0.048865,0.054616,0.000325,-0.056045,-0.352946,0.933963,0.578791,0.750732,0.318434,-0.813546,0.558417,0.162207,0.020693,0.00474,-0.007002,0.110845,1.428434,-0.159497,0.134753,0.087704,0.039636,-0.050001,-0.714391,0.185958,-0.674584,-0.629178,0.251194,0.735551,0.306232,0.949905,-0.06245,-0.000122,-0.001879,-0.002043,-0.003521,-0.131236,0.157076,-0.929142
2491,0.170698,-0.02195,0.310602,0.708926,-0.250336,-0.659395,0.588061,-0.306449,0.748495,-0.390326,-0.918087,-0.069211,-0.000205,-0.003293,-0.003597,-0.015172,-0.030397,-0.044301,-1.916186,-0.154372,0.001602,0.314319,0.121171,0.326092,0.937536,-0.573165,-0.748063,0.33439,0.810209,-0.578262,0.095065,0.026237,0.018059,-0.023097,4.959818,2.889808,0.368709,0.302187,0.049468,0.05492,-4.8e-05,-0.107302,-0.313706,0.943437,0.604441,0.732831,0.312423,-0.78939,0.603776,0.110982,0.013123,0.009197,-0.011373,-0.332079,1.419611,0.098989,0.185864,0.087823,0.03957,-0.050077,-0.721433,0.166671,-0.672126,-0.630309,0.243912,0.737032,0.286782,0.955367,-0.070912,-8e-05,-0.001222,-0.001329,0.039252,-0.034644,0.007085,-0.926203
2492,0.170887,-0.021987,0.310587,0.713325,-0.242178,-0.657695,0.587457,-0.305243,0.749462,-0.383145,-0.920682,-0.074645,4.4e-05,0.000721,0.000787,-0.129877,-0.197427,-0.115238,-1.915818,-0.153561,0.002262,0.313282,0.16439,0.298103,0.940267,-0.582993,-0.739477,0.336493,0.795392,-0.60383,0.051031,0.012373,0.012513,-0.027036,-0.282993,1.228835,0.13783,0.360602,0.049884,0.055255,-0.000561,-0.149892,-0.283352,0.947229,0.618664,0.720436,0.313409,-0.771223,0.632994,0.067312,0.012668,0.012552,-0.017556,-0.144143,0.963912,-0.188661,0.256078,0.087911,0.039544,-0.050091,-0.724153,0.159121,-0.67103,-0.630306,0.242128,0.737622,0.279847,0.957106,-0.075043,3.9e-05,0.000672,0.000735,-0.265607,-0.35861,-0.222372,-0.927183
2493,0.170944,-0.021981,0.310623,0.714638,-0.237718,-0.657896,0.589441,-0.301866,0.749271,-0.377599,-0.922959,-0.074781,0.000282,-0.009392,0.010105,-0.037118,-0.005709,0.004209,-1.916321,-0.153317,0.002594,0.312697,0.184313,0.284818,0.940691,-0.588661,-0.734368,0.337809,0.78678,-0.616339,0.03111,0.011291,0.022753,-0.035934,-0.192762,1.104142,0.078747,0.384552,0.050011,0.055421,-0.000861,-0.170283,-0.268655,0.948064,0.623881,0.71533,0.31476,-0.762741,0.645079,0.0458,0.006226,0.005834,-0.013929,-0.253636,1.247855,-0.057366,0.292819,0.087945,0.039548,-0.050073,-0.725556,0.153753,-0.670765,-0.631363,0.239035,0.737727,0.273765,0.95876,-0.076359,0.000141,-0.004633,0.005123,-0.024415,0.010521,0.014532,-0.927346
2494,0.171018,-0.02203,0.310797,0.714567,-0.237603,-0.658015,0.589412,-0.302265,0.749133,-0.377778,-0.922858,-0.075118,0.000307,-0.009004,0.010528,-0.035667,0.012591,-0.018463,-1.916582,-0.15315,0.003229,0.311377,0.215732,0.259064,0.941455,-0.588617,-0.734697,0.337171,0.778745,-0.62719,-0.007207,-0.001483,0.007217,-0.030784,-0.214976,1.16056,0.054578,0.42309,0.050099,0.055745,-0.001523,-0.199791,-0.24191,0.949506,0.624057,0.715667,0.313645,-0.755404,0.655209,0.007982,-0.001291,0.00922,-0.019342,-0.038387,0.675311,-0.253393,0.352583,0.087982,0.03953,-0.049987,-0.725355,0.153797,-0.670973,-0.631481,0.239349,0.737524,0.274026,0.958675,-0.076493,8.1e-05,0.001358,0.001481,-0.000913,0.001679,4.1e-05,-0.923917
2495,0.170983,-0.022196,0.311106,0.712985,-0.239365,-0.659091,0.590506,-0.301984,0.748384,-0.379057,-0.922493,-0.073139,0.000364,-0.008067,0.011548,-0.03417,-0.001221,0.006827,-1.916422,-0.153201,0.003725,0.309829,0.233446,0.241214,0.941972,-0.593151,-0.732212,0.33462,0.770128,-0.637119,-0.029053,-0.002411,0.014365,-0.042798,-0.069558,0.778317,0.025308,0.445296,0.050074,0.05599,-0.002292,-0.216846,-0.223303,0.950322,0.628371,0.713068,0.310937,-0.747078,0.664581,-0.014309,-0.001194,0.007427,-0.021151,0.083867,0.205646,-0.337776,0.394386,0.087965,0.03945,-0.049837,-0.723881,0.155847,-0.67209,-0.632585,0.238888,0.736727,0.275372,0.958458,-0.074339,7.7e-05,0.001355,0.001477,-0.009524,-0.007353,-0.006324,-0.922611
2496,0.170956,-0.022302,0.311295,0.712798,-0.236851,-0.660202,0.593534,-0.297918,0.747619,-0.374644,-0.924465,-0.070949,0.000406,-0.00738,0.012295,0.257383,0.442801,0.264908,-1.915982,-0.153239,0.003925,0.309042,0.235887,0.234309,0.943105,-0.594638,-0.732702,0.330887,0.768233,-0.639122,-0.034705,-0.001228,0.002205,-0.035897,0.017573,0.275757,-0.104895,0.454571,0.050054,0.056093,-0.00269,-0.221037,-0.215856,0.951076,0.629178,0.713555,0.308175,-0.745168,0.666516,-0.021911,-0.001175,0.007038,-0.021564,0.039309,0.36562,-0.223805,0.408592,0.087951,0.039389,-0.049735,-0.724674,0.151758,-0.672172,-0.633911,0.235656,0.736628,0.27019,0.959914,-0.074573,0.000198,-0.003661,0.006186,0.256038,0.442599,0.264085,-0.9231
2497,0.170892,-0.022491,0.311732,0.71414,-0.238567,-0.65813,0.591511,-0.297202,0.749504,-0.375291,-0.924252,-0.070304,0.000459,-0.006511,0.013236,0.287834,0.21154,-0.727245,-1.916466,-0.153237,0.004185,0.307577,0.238544,0.229303,0.943667,-0.596873,-0.731813,0.328826,0.765673,-0.641946,-0.038905,-0.001274,0.003068,-0.03517,0.061594,0.049582,-0.019903,0.464382,0.050056,0.056218,-0.003427,-0.223485,-0.210612,0.951681,0.631298,0.712636,0.305959,-0.742641,0.669172,-0.026304,-0.000635,0.001961,-0.017154,0.07008,0.00591,-0.015129,0.431289,0.08792,0.039298,-0.04952,-0.724567,0.154534,-0.671655,-0.633469,0.234593,0.737347,0.271511,0.959731,-0.072086,0.000238,-0.003495,0.006395,1.037495,0.723709,-2.46471,-0.92506
2498,0.170809,-0.022711,0.312227,0.715326,-0.237787,-0.657124,0.592583,-0.292068,0.750676,-0.371313,-0.926088,-0.067192,0.000484,-0.006102,0.013674,-0.034276,-0.001354,0.006745,-1.915819,-0.15307,0.00433,0.30635,0.237983,0.222552,0.945424,-0.598791,-0.732696,0.323326,0.76435,-0.643306,-0.042309,0.013781,-0.00301,-0.023777,0.034206,0.007892,-0.001782,0.463995,0.050134,0.056287,-0.004052,-0.22225,-0.203801,0.953451,0.63321,0.713431,0.300098,-0.741383,0.670432,-0.029512,0.006321,0.004506,-0.015421,0.070757,-0.006843,0.020985,0.437331,0.087878,0.039189,-0.049272,-0.726085,0.154106,-0.670112,-0.633531,0.228884,0.739086,0.267276,0.961177,-0.068559,0.00022,-0.003249,0.006627,-0.044809,0.004708,-0.021762,-0.92604
2499,0.170712,-0.022869,0.312667,0.718127,-0.229413,-0.657045,0.595539,-0.285986,0.750677,-0.361012,-0.930098,-0.067927,-0.014506,-0.007423,0.01259,-0.036414,0.026964,-0.048035,-1.916315,-0.152632,0.004422,0.305454,0.240279,0.215762,0.946417,-0.599199,-0.734003,0.319584,0.763309,-0.64412,-0.048284,0.01354,0.001974,-0.018807,0.0363,-0.008081,0.02452,0.458492,0.050348,0.056328,-0.004497,-0.224391,-0.196939,0.954391,0.633483,0.714724,0.296424,-0.740505,0.671106,-0.03562,0.006801,0.000758,-0.009643,0.037644,-0.006374,-0.00443,0.435861,0.087835,0.039114,-0.049048,-0.727982,0.145358,-0.670009,-0.635777,0.222594,0.739079,0.256571,0.964013,-0.06963,0.000202,-0.003515,0.006335,-0.029233,-0.089659,0.152422,-0.926367
2500,0.170651,-0.022912,0.312834,0.718118,-0.229396,-0.657061,0.595423,-0.286334,0.750637,-0.361223,-0.929996,-0.068211,0.00022,0.003531,0.003824,0.000784,-0.01478,0.024728,-1.91599,-0.152282,0.004478,0.305138,0.240464,0.216607,0.946176,-0.599509,-0.733403,0.32038,0.763007,-0.644522,-0.047701,0.014598,-0.007327,-0.009015,6.1e-05,0.000988,0.005491,0.45404,0.050528,0.056359,-0.004666,-0.224504,-0.197862,0.954174,0.633849,0.714073,0.29721,-0.740157,0.671527,-0.034898,0.013785,0.002911,-0.008256,0.038547,-0.026755,0.052167,0.431616,0.087799,0.039087,-0.048962,-0.727994,0.145392,-0.669989,-0.635653,0.222972,0.739072,0.256844,0.963921,-0.069903,0.000161,-0.004228,0.005561,-0.035835,0.012852,-0.018514,-0.926367
2501,0.170511,-0.023006,0.31301,0.716546,-0.231083,-0.658185,0.596711,-0.285712,0.749851,-0.362218,-0.929767,-0.066012,0.000202,-0.010598,0.008795,-0.026025,0.027214,-0.010054,-1.916186,-0.151116,0.004589,0.304727,0.240541,0.215306,0.946454,-0.59953,-0.733803,0.319423,0.762966,-0.644501,-0.04863,0.042656,-0.000584,-0.005367,-0.176125,0.403303,-0.619436,0.447418,0.051101,0.056413,-0.004872,-0.224611,-0.197348,0.954255,0.633836,0.714215,0.296897,-0.740135,0.671528,-0.035334,0.021252,0.000292,-0.002073,-0.592057,1.394279,-2.190382,0.422635,0.08773,0.039044,-0.04887,-0.726444,0.147392,-0.671232,-0.637019,0.222046,0.738174,0.257846,0.963831,-0.067412,8.9e-05,-0.005413,0.004277,-0.047053,0.00702,-0.025006,-0.925713
2502,0.170332,-0.023071,0.313036,0.718004,-0.227009,-0.658015,0.598163,-0.282275,0.749996,-0.356888,-0.931823,-0.066062,-5.9e-05,-0.000936,-0.001013,2e-06,3e-06,2e-06,-1.916003,-0.149458,0.004664,0.304585,0.237711,0.212797,0.947735,-0.599827,-0.735194,0.315645,0.763623,-0.643745,-0.048326,0.043764,-0.00994,0.004315,0.044971,-0.313846,-0.153478,0.44774,0.051929,0.056458,-0.004942,-0.222932,-0.193826,0.955369,0.633697,0.715899,0.293113,-0.740761,0.67076,-0.03677,0.028356,0.001385,-0.001849,0.128072,-0.503777,-0.315687,0.419206,0.08764,0.039011,-0.048858,-0.727586,0.143035,-0.670938,-0.63793,0.218644,0.738403,0.252314,0.965264,-0.067836,-0.007406,-0.006082,0.003729,-0.037283,0.026798,-0.048523,-0.92555
2503,0.170253,-0.023081,0.313026,0.717985,-0.226941,-0.658059,0.598209,-0.282288,0.749954,-0.356848,-0.931836,-0.066096,-1.9e-05,-0.000295,-0.000319,0.0,0.0,0.0,-1.915965,-0.148563,0.00469,0.304537,0.234985,0.212116,0.948567,-0.600462,-0.735646,0.313374,0.763971,-0.643451,-0.046704,0.04256,0.001605,-0.003254,-0.449548,0.938993,-2.55229,0.446969,0.052393,0.056469,-0.004962,-0.221079,-0.19409,0.955747,0.634001,0.716057,0.292069,-0.741057,0.670515,-0.035252,0.02123,0.000912,-0.001512,-0.453043,0.954373,-2.53901,0.418879,0.0876,0.039003,-0.048866,-0.727562,0.142967,-0.670979,-0.637972,0.218656,0.738363,0.252276,0.965272,-0.067877,-1.1e-05,-0.000164,-0.000172,-0.000127,1.9e-05,-7.2e-05,-0.92604
2504,0.170107,-0.023103,0.313007,0.717838,-0.226574,-0.658345,0.598505,-0.282368,0.749688,-0.356646,-0.931901,-0.066264,-3.8e-05,-0.000599,-0.000649,0.0,0.0,0.0,-1.91573,-0.146471,0.004829,0.304433,0.227148,0.214106,0.950028,-0.592951,-0.74337,0.309425,0.77217,-0.633843,-0.043108,0.056715,0.002957,-0.00363,-0.152517,0.344193,-0.623529,0.44671,0.053439,0.056542,-0.005011,-0.210434,-0.19609,0.957739,0.627499,0.724134,0.286135,-0.74964,0.661194,-0.029336,0.028359,0.00151,-0.001812,-0.182026,0.438572,-0.661186,0.417246,0.087527,0.038992,-0.048876,-0.727371,0.142619,-0.671259,-0.63827,0.218705,0.738091,0.252074,0.965312,-0.06805,-2.1e-05,-0.000317,-0.000341,-5.4e-05,3.8e-05,1.2e-05,-0.926366
2505,0.169984,-0.02314,0.31303,0.718998,-0.221924,-0.658664,0.600458,-0.279005,0.749385,-0.350969,-0.934036,-0.066523,-0.0,-2e-06,-2e-06,0.008845,-0.010064,0.000893,-1.915885,-0.144351,0.00493,0.304355,0.214096,0.221457,0.951373,-0.577171,-0.756994,0.306216,0.787712,-0.614912,-0.03546,0.056581,0.004996,-0.001671,-5.221841,-1.848651,0.245479,0.44659,0.054478,0.056587,-0.005053,-0.199067,-0.202279,0.958882,0.616397,0.73483,0.282981,-0.761857,0.647384,-0.021596,0.028298,0.002496,-0.000866,0.035646,-0.152171,0.055368,0.417573,0.087465,0.038973,-0.048865,-0.728012,0.137865,-0.671558,-0.639829,0.215153,0.737785,0.246202,0.9668,-0.068424,-0.007449,0.000142,0.000331,0.029515,-0.018276,-0.026183,-0.927019
2506,0.169917,-0.023215,0.313057,0.720412,-0.219897,-0.657797,0.599217,-0.280325,0.749886,-0.350189,-0.934122,-0.06936,-2.3e-05,-0.000356,-0.000385,-0.00161,-0.002461,-0.001415,-1.915465,-0.142181,0.005078,0.304342,0.202193,0.227506,0.95255,-0.565561,-0.766857,0.303324,0.799206,-0.60031,-0.027595,0.057842,-0.005633,0.006655,-0.471243,-0.306278,0.038551,0.443005,0.055541,0.056663,-0.005062,-0.186447,-0.209643,0.959836,0.602074,0.74764,0.280248,-0.776365,0.630144,-0.013176,0.028217,0.00319,-0.00059,-5.231062,-1.841317,0.183832,0.41545,0.087432,0.038936,-0.048851,-0.72936,0.135687,-0.670538,-0.638567,0.216679,0.738431,0.245487,0.966767,-0.071392,-1.8e-05,-0.000259,-0.000278,0.011129,0.010063,0.007748,-0.927346
2507,0.169883,-0.023237,0.313065,0.720458,-0.219987,-0.657717,0.599116,-0.280353,0.749956,-0.350268,-0.934093,-0.069361,-1e-05,-0.00015,-0.000163,-2.8e-05,-4.2e-05,-2.4e-05,-1.915854,-0.141173,0.005176,0.304362,0.194126,0.23236,0.953056,-0.557868,-0.772915,0.302192,0.806587,-0.590604,-0.021628,0.056417,0.006943,0.000138,-0.384186,-0.483266,-0.064668,0.442667,0.056088,0.056712,-0.00505,-0.178825,-0.21527,0.960041,0.593124,0.754942,0.279761,-0.785,0.619452,-0.007321,0.028207,0.003542,0.000115,-0.375791,-0.527145,-0.092628,0.412837,0.087415,0.038924,-0.048848,-0.729277,0.135758,-0.670614,-0.638649,0.216638,0.738372,0.245521,0.966766,-0.071287,-4e-06,-6.3e-05,-6.5e-05,0.001737,0.002078,0.001373,-0.927019
2508,0.169838,-0.023267,0.313079,0.721606,-0.215409,-0.657974,0.601004,-0.276942,0.749712,-0.344611,-0.93618,-0.069557,-0.0,-3e-06,-3e-06,0.09818,-0.111869,0.010379,-1.915731,-0.139271,0.005434,0.304444,0.176279,0.242594,0.953973,-0.537698,-0.787972,0.299858,0.824208,-0.566083,-0.009674,0.042156,0.006687,0.001537,0.113901,-0.443401,-0.190729,0.442912,0.057024,0.056839,-0.005009,-0.162259,-0.226096,0.960495,0.573031,0.770848,0.278257,-0.803309,0.595544,0.004483,0.021057,0.003601,0.001017,0.148588,-0.664545,-0.340769,0.411041,0.087393,0.038909,-0.04884,-0.729883,0.131203,-0.670861,-0.64012,0.213128,0.73812,0.239823,0.968174,-0.071573,-1e-06,1.1e-05,1.6e-05,0.330711,-0.376416,0.03534,-0.924897
2509,0.169839,-0.023302,0.313116,0.721268,-0.214708,-0.658572,0.601578,-0.277222,0.749148,-0.344314,-0.936258,-0.069963,2e-06,3.3e-05,3.6e-05,-0.0,-0.0,-0.0,-1.915341,-0.137688,0.005666,0.304479,0.159456,0.250124,0.954989,-0.522052,-0.799598,0.296713,0.837602,-0.546152,0.001862,0.042277,0.005309,5.7e-05,0.106625,-0.368577,-0.140946,0.44374,0.057804,0.056958,-0.004988,-0.145646,-0.234217,0.961212,0.557744,0.783024,0.275309,-0.817134,0.576208,0.016589,0.021137,0.0027,6.3e-05,0.188032,-0.628703,-0.325333,0.412674,0.087393,0.038892,-0.048821,-0.729475,0.130436,-0.671453,-0.64075,0.213238,0.737542,0.239381,0.968253,-0.071975,8.1e-05,-0.005521,0.004161,-0.0358,0.012731,-0.018495,-0.922447
2510,0.169851,-0.023367,0.313153,0.72115,-0.214475,-0.658778,0.601728,-0.277448,0.748944,-0.344301,-0.936245,-0.070202,-2e-06,-2.4e-05,-2.6e-05,-0.0,-0.0,-0.0,-1.915515,-0.136526,0.005815,0.304467,0.143637,0.256997,0.955674,-0.500573,-0.8141,0.294281,0.853444,-0.520948,0.010495,0.014105,0.001637,-0.000133,-0.455993,-0.216543,-0.01492,0.445074,0.058406,0.057034,-0.004995,-0.128386,-0.241707,0.961818,0.537686,0.797963,0.272301,-0.833312,0.552116,0.027514,0.01411,0.001608,-0.000204,-1.593004,-0.531014,0.038639,0.41447,0.087399,0.03886,-0.048803,-0.729327,0.130222,-0.671656,-0.640918,0.21345,0.737334,0.239382,0.968235,-0.072213,-2e-06,-9e-06,-1.1e-05,-0.000101,0.000109,-2.4e-05,-0.923917
2511,0.169851,-0.023414,0.313177,0.722446,-0.215884,-0.656895,0.600214,-0.275941,0.750714,-0.344227,-0.936365,-0.068953,0.000162,-0.011096,0.008259,-0.035429,0.0127,-0.019035,-1.915452,-0.136092,0.005862,0.304444,0.139336,0.258645,0.955866,-0.49656,-0.816826,0.293526,0.8565,-0.51584,0.013404,0.014132,0.001381,-0.000402,0.005252,-0.025354,0.022053,0.445369,0.058618,0.057057,-0.005007,-0.124259,-0.243562,0.961892,0.533277,0.801107,0.271739,-0.836764,0.546721,0.03034,0.014129,0.001423,-0.000364,-0.002131,-0.002919,0.077215,0.414634,0.087399,0.03884,-0.048794,-0.730831,0.131511,-0.669768,-0.639254,0.21207,0.739175,0.239247,0.968364,-0.070919,-1e-06,-4e-06,-7e-06,-0.000265,-9.8e-05,0.000249,-0.92408
2512,0.169886,-0.023463,0.313245,0.720947,-0.217735,-0.65793,0.601483,-0.275031,0.750031,-0.345154,-0.936202,-0.066495,2.3e-05,0.000361,0.000391,0.000228,0.000351,0.000201,-1.91563,-0.135699,0.005892,0.304409,0.130457,0.263696,0.955739,-0.488588,-0.821627,0.293505,0.862473,-0.505556,0.020436,6.5e-05,-0.000604,-0.00062,0.008016,-0.025256,-0.017902,0.443961,0.058825,0.057073,-0.005025,-0.115658,-0.249022,0.961566,0.525487,0.806157,0.27198,-0.842903,0.536748,0.03762,0.007096,0.000441,-0.000463,0.002011,-0.008301,0.027885,0.41447,0.087417,0.038811,-0.048757,-0.729461,0.133549,-0.670858,-0.640461,0.21105,0.738423,0.2402,0.968309,-0.068419,1.4e-05,0.000228,0.000246,-0.005319,-0.00515,-0.003652,-0.924407
2513,0.169978,-0.023513,0.31331,0.722202,-0.219094,-0.6561,0.6,-0.27361,0.751737,-0.345113,-0.9363,-0.065323,2e-05,0.000311,0.000337,0.0,0.0,0.0,-1.915548,-0.135767,0.00592,0.304345,0.127108,0.268066,0.954974,-0.479051,-0.826386,0.295853,0.868306,-0.495395,0.022162,-0.00141,0.011331,-0.007722,0.036534,-0.00899,0.018861,0.444378,0.058791,0.057085,-0.005058,-0.112891,-0.253511,0.960722,0.516096,0.811278,0.274721,-0.849058,0.526839,0.03925,-0.000706,0.005687,-0.003835,0.037283,-0.006339,0.017573,0.413654,0.087462,0.038787,-0.048724,-0.730937,0.13474,-0.66901,-0.638805,0.209841,0.740199,0.240119,0.968407,-0.067308,8e-06,0.000151,0.000162,-0.001178,-0.000918,0.002456,-0.925713
2514,0.170046,-0.023528,0.313339,0.722146,-0.219003,-0.656193,0.600067,-0.273708,0.751648,-0.345114,-0.936293,-0.065419,1.6e-05,0.000243,0.000264,0.0,0.0,0.0,-1.915658,-0.136007,0.005953,0.304308,0.125282,0.271213,0.954327,-0.474407,-0.828359,0.297813,0.871118,-0.490363,0.023672,-0.014103,-0.001653,0.000126,-0.002053,0.0152,-0.029242,0.445031,0.058671,0.057102,-0.005077,-0.111207,-0.256759,0.960055,0.511579,0.813428,0.276803,-0.852009,0.521927,0.040893,-0.007051,-0.000807,9.1e-05,-0.001493,0.018808,-0.033493,0.414144,0.087497,0.03878,-0.048709,-0.730859,0.134643,-0.669115,-0.638893,0.209942,0.740094,0.240123,0.968398,-0.067415,6e-06,0.000131,0.00014,-0.000144,-0.000161,0.000369,-0.926693
2515,0.170273,-0.023511,0.313412,0.723038,-0.223301,-0.653757,0.598765,-0.269519,0.754197,-0.34551,-0.936487,-0.060349,0.000105,0.001663,0.0018,-0.005324,0.101776,-0.170797,-1.915587,-0.136849,0.006072,0.304115,0.123419,0.273389,0.953948,-0.47032,-0.830289,0.298919,0.873599,-0.485869,0.024893,-0.02808,-0.004466,-0.000965,-0.004089,0.030411,-0.058491,0.444696,0.058272,0.057162,-0.005168,-0.109451,-0.259048,0.959642,0.507589,0.815506,0.278032,-0.854618,0.517535,0.042232,-0.007669,0.004104,-0.004543,0.033281,0.023277,-0.035047,0.414797,0.087604,0.038785,-0.048676,-0.732193,0.138799,-0.666803,-0.637267,0.205918,0.742622,0.240382,0.968675,-0.06232,0.007607,-0.00449,0.005096,-0.038632,-0.021481,0.035737,-0.926856
2516,0.170638,-0.023432,0.313519,0.725379,-0.225712,-0.650327,0.596178,-0.266383,0.757353,-0.34508,-0.936803,-0.05785,0.015072,0.002565,0.002417,0.000984,-0.014714,0.029553,-1.915606,-0.13803,0.006166,0.303867,0.116822,0.277872,0.953483,-0.46238,-0.834374,0.299932,0.878737,-0.476232,0.029796,-0.043428,0.003953,-0.009915,0.028392,0.052387,-0.092896,0.444017,0.057676,0.057211,-0.00529,-0.102965,-0.263798,0.959066,0.499851,0.819882,0.279179,-0.859968,0.508136,0.04744,-0.014701,0.003188,-0.004586,0.031141,0.029449,-0.039009,0.414144,0.087787,0.038825,-0.048622,-0.734934,0.141024,-0.663312,-0.634277,0.203113,0.745947,0.239924,0.968946,-0.059827,0.00755,0.001556,0.001499,0.00037,-0.030633,0.057523,-0.926366
2517,0.170865,-0.023376,0.313574,0.72776,-0.228174,-0.646798,0.593515,-0.263165,0.760563,-0.344658,-0.937113,-0.055286,0.015102,0.00314,0.003033,0.097057,0.035333,-0.166203,-1.915519,-0.138793,0.00617,0.303706,0.112106,0.279293,0.953634,-0.458854,-0.836621,0.299085,0.881202,-0.471431,0.033151,-0.041888,-0.009127,-0.004026,-1.582699,-0.455359,-0.181604,0.444117,0.057293,0.05722,-0.005371,-0.098525,-0.265165,0.959155,0.497955,0.82136,0.278221,-0.861587,0.505029,0.051116,-0.021664,0.001637,-0.005626,-5.250993,-1.581739,-0.280121,0.41398,0.0879,0.038852,-0.048595,-0.737534,0.143149,-0.659962,-0.631434,0.200328,0.749105,0.239442,0.969214,-0.05736,8.1e-05,0.001316,0.00142,0.350439,0.238718,-0.811685,-0.92702
2518,0.171429,-0.023272,0.313641,0.73152,-0.228678,-0.642363,0.589639,-0.261005,0.764313,-0.343349,-0.937593,-0.055288,0.015004,0.00167,0.001434,-0.01456,-0.038739,0.015777,-1.915521,-0.140713,0.006042,0.303321,0.104285,0.280472,0.954175,-0.456687,-0.838702,0.296563,0.883295,-0.467012,0.039409,-0.043115,0.00057,-0.013514,0.035005,0.030517,-0.108443,0.444006,0.056334,0.057151,-0.005561,-0.090145,-0.266818,0.959521,0.494348,0.824389,0.275684,-0.864577,0.499189,0.057586,-0.027937,-0.00618,-0.002806,-0.014093,0.090709,-0.13513,0.413491,0.088188,0.038908,-0.048557,-0.741637,0.143153,-0.655347,-0.627144,0.198717,0.753127,0.238041,0.969545,-0.057598,0.007499,0.000815,0.000688,0.006046,-0.01947,0.035452,-0.927183
2519,0.172046,-0.023196,0.313662,0.736912,-0.227704,-0.636519,0.58404,-0.259793,0.76901,-0.341384,-0.938168,-0.057659,0.014931,0.000533,0.000195,-0.010676,-0.032754,0.019208,-1.915551,-0.14307,0.005774,0.30286,0.088834,0.282667,0.955091,-0.451114,-0.843413,0.291694,0.887855,-0.457096,0.051375,-0.071234,-0.00448,-0.015384,0.068975,-0.068416,-0.259118,0.447187,0.055166,0.057019,-0.005791,-0.074805,-0.269655,0.960047,0.488827,0.829221,0.270997,-0.869167,0.489569,0.069785,-0.034932,-0.00823,-0.004121,0.033087,-0.059055,-0.287179,0.41545,0.088496,0.038948,-0.048546,-0.747024,0.141529,-0.649556,-0.621495,0.19819,0.757934,0.236005,0.969891,-0.060094,0.007461,0.0002,1.5e-05,0.017712,-0.006039,0.042326,-0.926529
2520,0.172582,-0.023166,0.313634,0.739272,-0.226587,-0.634176,0.581849,-0.2593,0.770836,-0.340021,-0.938576,-0.059059,0.014888,-0.000182,-0.000585,0.000716,-0.015131,0.029314,-1.915477,-0.14589,0.005351,0.302257,0.071022,0.288244,0.954915,-0.440533,-0.849775,0.289392,0.894768,-0.44156,0.065412,-0.08523,-0.009432,-0.019049,0.054021,-0.008947,-0.264774,0.443118,0.053761,0.056811,-0.006089,-0.056932,-0.275946,0.959485,0.478476,0.835944,0.268807,-0.876252,0.474395,0.084442,-0.034897,-0.009717,-0.005763,0.002177,0.087001,-0.33423,0.415613,0.088753,0.038962,-0.04856,-0.749178,0.140352,-0.647326,-0.619417,0.197735,0.759751,0.234632,0.970155,-0.061202,-2e-06,-4.9e-05,-6.3e-05,0.004794,0.005508,0.008929,-0.921141
2521,0.172805,-0.023169,0.313625,0.739041,-0.22616,-0.634599,0.582277,-0.259412,0.770474,-0.33979,-0.938649,-0.059233,0.014888,-0.000178,-0.000584,0.00098,-0.014721,0.02955,-1.91518,-0.147411,0.005148,0.301866,0.058588,0.288759,0.955603,-0.433376,-0.854915,0.285024,0.899168,-0.431171,0.073836,-0.085257,-0.010366,-0.020179,-5.159131,-1.83606,-0.844384,0.440996,0.053,0.056709,-0.006286,-0.047521,-0.276598,0.95981,0.47606,0.838472,0.2652,-0.878127,0.46953,0.091832,-0.035482,-0.005266,-0.010951,0.169446,-0.404699,-0.547829,0.413654,0.088871,0.03896,-0.048565,-0.748824,0.139974,-0.647817,-0.61993,0.197773,0.759322,0.234406,0.970202,-0.061324,0.007442,-0.000117,-0.000332,0.00138,-0.013498,0.030802,-0.923427
2522,0.173074,-0.023166,0.31362,0.739983,-0.226934,-0.633223,0.581343,-0.257885,0.771692,-0.33934,-0.938882,-0.05811,0.014894,-6.5e-05,-0.000468,0.000984,-0.014715,0.029553,-1.91582,-0.150415,0.004784,0.30089,0.036728,0.297914,0.953881,-0.423776,-0.859739,0.284949,0.904911,-0.415047,0.093456,-0.085249,-0.013981,-0.024288,0.169949,-1.68216,1.911602,0.436811,0.051498,0.05653,-0.006771,-0.02354,-0.284092,0.958507,0.461892,0.847216,0.26245,-0.886623,0.448905,0.111277,-0.036095,-0.000933,-0.016344,-0.386601,-0.114522,-0.540432,0.408265,0.089005,0.038961,-0.048568,-0.749869,0.140676,-0.646455,-0.618846,0.19636,0.760573,0.233932,0.970387,-0.060188,2e-06,5.4e-05,5.2e-05,-0.001301,-0.000385,0.00234,-0.927509
2523,0.17313,-0.023132,0.313625,0.739857,-0.226679,-0.633461,0.581603,-0.257899,0.771491,-0.339168,-0.93894,-0.058177,5.1e-05,0.00093,0.001003,-0.0,-0.0,-0.0,-1.915667,-0.153232,0.00455,0.299601,0.017702,0.305336,0.952076,-0.413728,-0.864574,0.285087,0.910143,-0.399305,0.109807,-0.072279,-0.004528,-0.035969,0.102066,-0.14073,-0.051595,0.435475,0.050085,0.05641,-0.007411,-0.004424,-0.294782,0.955554,0.451995,0.85179,0.264864,-0.892009,0.433077,0.129471,-0.03612,-0.002227,-0.017879,0.13959,-0.488646,0.506783,0.405163,0.089038,0.038976,-0.048568,-0.749688,0.140419,-0.646722,-0.61913,0.196367,0.76034,0.233761,0.970423,-0.060276,2.8e-05,0.000514,0.000551,-0.000191,0.000198,1.3e-05,-0.927836
2524,0.173086,-0.02312,0.31364,0.739831,-0.226609,-0.633517,0.58166,-0.257914,0.771443,-0.339126,-0.938953,-0.05821,-0.014839,0.00104,0.001519,-0.000984,0.014715,-0.029553,-1.915641,-0.154454,0.004521,0.298866,0.013163,0.308665,0.951075,-0.40506,-0.867906,0.2874,0.914116,-0.389388,0.112391,-0.058174,-0.002928,-0.03605,0.061352,0.070759,-0.128704,0.435014,0.049469,0.056391,-0.007782,-0.000383,-0.298514,0.954405,0.443379,0.855415,0.26773,-0.896334,0.423265,0.132027,-0.029603,0.003696,-0.02235,0.104061,-0.010036,0.032988,0.403856,0.089022,0.038982,-0.048561,-0.749641,0.14034,-0.646793,-0.619205,0.19638,0.760276,0.233714,0.970432,-0.060316,3.1e-05,0.00056,0.000604,-0.000135,0.000182,-2.1e-05,-0.928326
2525,0.172922,-0.023066,0.313717,0.739659,-0.226187,-0.633869,0.582011,-0.258033,0.771138,-0.338898,-0.939022,-0.058419,-0.014752,0.002551,0.003143,-0.000188,-1.8e-05,-0.004797,-1.915236,-0.156334,0.004703,0.297222,0.005832,0.315424,0.948928,-0.393407,-0.871633,0.29227,0.919276,-0.375391,0.117796,-0.045154,0.009097,-0.044885,0.097599,0.062881,-0.104443,0.433751,0.048524,0.056476,-0.008602,0.006407,-0.305542,0.952156,0.431937,0.859612,0.272939,-0.90188,0.409523,0.137482,-0.015429,0.005092,-0.022599,0.116846,-0.077219,0.104178,0.401734,0.08894,0.039007,-0.048525,-0.749425,0.139958,-0.647125,-0.619546,0.196461,0.759977,0.2335,0.970471,-0.060522,3.9e-05,0.000725,0.000783,-7.8e-05,0.00013,-2.1e-05,-0.927999
2526,0.172724,-0.023041,0.313796,0.739538,-0.225869,-0.634123,0.582246,-0.258175,0.770913,-0.338758,-0.93906,-0.058625,7.3e-05,0.001306,0.001406,0.00549,-0.101663,0.170859,-1.915787,-0.157191,0.005049,0.295419,-0.000433,0.317915,0.948115,-0.381742,-0.876299,0.293781,0.924207,-0.362183,0.120531,-0.002387,0.011053,-0.047737,0.117305,-0.097538,0.144924,0.42765,0.048079,0.056649,-0.009501,0.012498,-0.307993,0.951306,0.420489,0.864789,0.274458,-0.907211,0.396584,0.140316,-0.008298,0.004929,-0.023684,0.117285,-0.081729,0.115448,0.397651,0.088836,0.039022,-0.048482,-0.74933,0.139757,-0.64728,-0.619691,0.196564,0.759832,0.233424,0.970479,-0.060686,-0.007401,0.000804,0.001066,-0.000242,7e-05,-0.004773,-0.927836
