frame,MLTx,MLTy,MLTz,MLTR1,MLTR2,MLTR3,MLTR4,MLTR5,MLTR6,MLTR7,MLTR8,MLTR9,MLTTVx,MLTTVy,MLTTVz,MLTRVx,MLTRVy,MLTRVz,MLGA,MRTx,MRTy,MRTz,MRTR1,MRTR2,MRTR3,MRTR4,MRTR5,MRTR6,MRTR7,MRTR8,MRTR9,MRTTVx,MRTTVy,MRTTVz,MRTRVx,MRTRVy,MRTRVz,MRGA,SLTx,SLTy,SLTz,SLTR1,SLTR2,SLTR3,SLTR4,SLTR5,SLTR6,SLTR7,SLTR8,SLTR9,SLTTVx,SLTTVy,SLTTVz,SLTRVx,SLTRVy,SLTRVz,SLGA,SRTx,SRTy,SRTz,SRTR1,SRTR2,SRTR3,SRTR4,SRTR5,SRTR6,SRTR7,SRTR8,SRTR9,SRTTVx,SRTTVy,SRTTVz,SRTRVx,SRTRVy,SRTRVz,SRGA
834,0.088837,-0.011211,0.320725,-0.231687,-0.418879,-0.878013,0.528008,-0.812179,0.248082,-0.816731,-0.405607,0.410439,-0.00035,-0.001095,-0.001167,-0.0,-1e-06,-1e-06,-0.748352,-0.203361,0.002127,0.281673,-0.461604,-0.687472,0.560621,0.885629,-0.392403,0.248222,0.049911,0.611941,0.78924,-0.000806,-0.007043,-0.008336,-0.02661,0.00611,-0.058386,0.125494,0.024428,0.054708,-0.01716,0.449089,0.698552,0.557084,-0.892666,0.3775,0.246252,-0.038279,-0.607879,0.793105,-0.000403,-0.003564,-0.004216,-0.027533,0.005739,-0.059742,-0.086342,0.047084,0.045192,-0.046365,0.220222,0.429346,-0.875878,-0.560573,0.790544,0.246571,0.798285,0.436693,0.414775,0.000285,0.004851,-0.004851,0.034696,-0.003236,-0.008816,-0.787243
835,0.088844,-0.011128,0.320662,-0.231637,-0.418728,-0.878098,0.528192,-0.812123,0.247873,-0.816627,-0.405875,0.410383,-4e-06,-1.4e-05,-1.5e-05,-0.0,-0.0,-0.0,-0.748977,-0.203501,0.002039,0.281465,-0.460479,-0.687435,0.56159,0.886188,-0.391626,0.247455,0.050389,0.61248,0.788791,-0.01549,-0.007761,-0.008368,-0.003556,0.032431,-0.052298,0.15002,0.024364,0.054667,-0.01726,0.447977,0.698515,0.558024,-0.893205,0.376707,0.245509,-0.03872,-0.608413,0.792675,-0.007929,0.001921,-0.007881,0.032038,0.01762,-0.037264,-0.036375,0.047086,0.045226,-0.046397,0.220184,0.429208,-0.875955,-0.560741,0.790484,0.246378,0.798177,0.436936,0.414726,-0.0,-4e-06,-6e-06,0.000269,-1.7e-05,-4e-05,-0.791652
836,0.088887,-0.011037,0.320596,-0.231595,-0.418339,-0.878294,0.528349,-0.812148,0.247454,-0.816537,-0.406224,0.410215,6.3e-05,0.000197,0.00021,-0.0,-0.0,-0.0,-0.750716,-0.203978,0.001848,0.280913,-0.445659,-0.695423,0.563707,0.894222,-0.374147,0.245592,0.040666,0.614397,0.787861,-0.016179,0.001396,-0.018732,-0.247765,-0.104344,-0.428371,0.171821,0.024126,0.054569,-0.017531,0.433335,0.70604,0.560112,-0.900758,0.359467,0.243757,-0.02924,-0.610154,0.791742,-0.007955,-0.005638,-0.006291,-0.950485,-0.362216,-1.395481,0.019797,0.047108,0.045275,-0.046433,0.22015,0.428805,-0.876161,-0.560921,0.790494,0.245937,0.79806,0.437315,0.414554,3.6e-05,0.000107,0.000115,0.00015,-3.2e-05,-6.5e-05,-0.794917
837,0.088898,-0.011031,0.320588,-0.231597,-0.418167,-0.878376,0.528335,-0.812205,0.247301,-0.816546,-0.40629,0.410133,0.0,0.0,0.0,-0.0,-0.0,-0.0,-0.74938,-0.204497,0.001706,0.280244,-0.427543,-0.705777,0.564869,0.903522,-0.35216,0.24406,0.027197,0.615598,0.787504,-0.016249,0.001062,-0.019203,0.04296,-0.101332,0.122406,0.209223,0.02386,0.054496,-0.017876,0.414595,0.716325,0.561238,-0.909874,0.33676,0.242321,-0.015421,-0.611122,0.791385,-0.008122,0.00046,-0.009678,0.043091,-0.101123,0.122683,0.057517,0.047114,0.045279,-0.046437,0.220159,0.428633,-0.876243,-0.56091,0.79055,0.245783,0.798065,0.437383,0.414471,1e-06,-4e-06,-2e-06,0.000119,-1e-05,-9.6e-05,-0.795407
838,0.088885,-0.011043,0.32059,-0.228803,-0.418419,-0.878988,0.528083,-0.811866,0.248945,-0.817498,-0.406706,0.407815,-1.7e-05,-5.4e-05,-5.7e-05,-0.002879,-0.009979,-0.005968,-0.74916,-0.204815,0.001686,0.279869,-0.413904,-0.713229,0.565666,0.910092,-0.335579,0.243006,0.017014,0.616279,0.787256,-0.016362,0.000249,-0.020216,-3.105373,-1.188737,-4.56919,0.241387,0.023707,0.054487,-0.018055,0.405222,0.721171,0.561878,-0.914175,0.325562,0.241437,-0.008809,-0.61149,0.791202,-0.008146,0.000326,-0.009855,0.032845,0.018006,-0.036052,0.091645,0.047107,0.045272,-0.046436,0.217099,0.428776,-0.876936,-0.560592,0.790212,0.247589,0.799126,0.437853,0.411923,-8e-06,-3e-05,-3.2e-05,0.009625,0.012662,0.005919,-0.795571
839,0.088873,-0.011039,0.320579,-0.228795,-0.418445,-0.878977,0.52811,-0.811843,0.24896,-0.817483,-0.406723,0.407829,-0.0,-1e-06,-1e-06,-1e-06,-2e-06,-1e-06,-0.748316,-0.205768,0.001613,0.27903,-0.398025,-0.720293,0.568106,0.917268,-0.317569,0.240214,0.007876,0.617615,0.786354,-0.031061,-0.014155,-0.01551,-0.014686,0.061791,-0.115044,0.259869,0.023248,0.05446,-0.018465,0.384957,0.730325,0.564298,-0.922925,0.301989,0.238768,0.003967,-0.612721,0.790288,-0.008383,-0.001423,-0.012007,-0.054247,-0.00087,-0.177359,0.144388,0.047101,0.045275,-0.046442,0.217336,0.428809,-0.876861,-0.560697,0.790182,0.247448,0.798989,0.437874,0.412167,2e-06,7e-06,9e-06,0.00026,0.000636,0.000367,-0.795897
840,0.08887,-0.011053,0.320578,-0.228799,-0.41848,-0.87896,0.528096,-0.811841,0.248997,-0.817491,-0.406691,0.407844,-1e-06,-3e-06,-4e-06,-0.0,-0.0,-0.0,-0.746406,-0.2069,0.001366,0.278111,-0.386377,-0.724781,0.570435,0.922264,-0.304799,0.237615,0.002122,0.618805,0.785455,-0.031463,-0.016424,-0.01844,-0.00703,0.065067,-0.104447,0.264929,0.022682,0.054337,-0.018923,0.373215,0.734632,0.566591,-0.927693,0.289083,0.236253,0.009767,-0.613796,0.789403,-0.015851,-0.002172,-0.012606,0.029499,0.050436,-0.088083,0.1599,0.0471,0.045267,-0.046442,0.217346,0.428843,-0.876842,-0.560683,0.790181,0.247481,0.798995,0.437842,0.412188,1e-06,6e-06,7e-06,-5.4e-05,3.3e-05,4.1e-05,-0.795081
841,0.088883,-0.011049,0.320583,-0.228803,-0.418438,-0.878979,0.528087,-0.811858,0.248961,-0.817496,-0.406702,0.407825,5e-06,1.5e-05,1.6e-05,-0.0,-0.0,-0.0,-0.745035,-0.208101,0.001083,0.27708,-0.371432,-0.732583,0.570396,0.928381,-0.291128,0.230839,-0.002596,0.616199,0.787499,-0.032207,-0.007066,-0.028808,0.080906,-0.014516,-0.177211,0.261847,0.022058,0.054189,-0.019454,0.357988,0.742229,0.566515,-0.933617,0.275308,0.229266,0.014202,-0.610983,0.791515,-0.016102,-0.00365,-0.014524,0.067468,-0.00215,-0.171879,0.165615,0.047106,0.04527,-0.046439,0.217351,0.428802,-0.876861,-0.560675,0.790198,0.247445,0.799,0.437852,0.412169,2e-06,6e-06,9e-06,-4.7e-05,1.7e-05,5.3e-05,-0.794428
842,0.088873,-0.011039,0.320579,-0.228795,-0.418445,-0.878977,0.52811,-0.811843,0.24896,-0.817483,-0.406723,0.407829,0.0,0.0,0.0,-0.0,-0.0,-0.0,-0.743499,-0.208743,0.000931,0.276484,-0.366615,-0.735954,0.569172,0.930299,-0.289328,0.225316,-0.000697,0.613022,0.789979,-0.032357,-0.007661,-0.029676,0.198625,-0.197081,-0.323054,0.259876,0.021761,0.054117,-0.019731,0.354148,0.744526,0.565915,-0.935104,0.273746,0.225041,0.012632,-0.608887,0.793156,-0.016226,-0.004311,-0.015402,0.389587,-0.424783,-0.466712,0.163003,0.047101,0.045275,-0.046441,0.217343,0.428809,-0.87686,-0.560697,0.790183,0.247444,0.798986,0.437873,0.412172,-1e-06,-2e-06,0.0,-4.9e-05,2.1e-05,4.5e-05,-0.794101
843,0.08886,-0.011043,0.320574,-0.225995,-0.41868,-0.87959,0.527872,-0.811499,0.250582,-0.818419,-0.407167,0.405503,-2e-05,-6.3e-05,-6.7e-05,-8.1e-05,-0.000279,-0.000167,-0.735741,-0.210056,0.000561,0.275287,-0.356572,-0.744585,0.564306,0.934191,-0.286071,0.213035,0.003244,0.604061,0.796846,-0.032836,-0.010022,-0.032903,0.372588,-0.574276,-0.370825,0.253847,0.021093,0.053931,-0.020339,0.344324,0.752391,0.561558,-0.938811,0.270468,0.213259,0.008571,-0.600628,0.799482,-0.016431,-0.005251,-0.016719,0.076379,-0.027995,-0.199322,0.157614,0.047095,0.045273,-0.046444,0.214466,0.428938,-0.877505,-0.560449,0.789836,0.249108,0.799938,0.438372,0.40979,-1.5e-05,-4.3e-05,-4.4e-05,0.003156,0.006206,0.003333,-0.790999
844,0.088861,-0.011016,0.320542,-0.228448,-0.417294,-0.879614,0.523136,-0.814581,0.250516,-0.820771,-0.402417,0.40549,-4.5e-05,-0.000142,-0.000152,-0.0,-0.0,-0.0,-0.726214,-0.211605,6e-05,0.273921,-0.353183,-0.751557,0.557148,0.935481,-0.284754,0.209105,0.001926,0.595992,0.802903,-0.048201,-0.012497,-0.035739,0.090951,-0.124412,-0.052454,0.233464,0.020306,0.053677,-0.021033,0.339193,0.761016,0.552994,-0.94067,0.268562,0.207395,0.009318,-0.590532,0.806959,-0.024106,-0.006444,-0.018084,0.059885,-0.086601,-0.039328,0.146021,0.047095,0.045286,-0.04646,0.21705,0.427639,-0.877503,-0.555832,0.793117,0.24903,0.802458,0.433692,0.409842,-2.4e-05,-7.1e-05,-7.4e-05,0.000127,0.00022,-6e-06,-0.785283
845,0.088844,-0.010962,0.320508,-0.233338,-0.414514,-0.879646,0.513574,-0.820669,0.25043,-0.825414,-0.39282,0.405475,-0.0,-0.0,-0.0,-0.000319,9.1e-05,0.000147,-0.717798,-0.213381,-0.000308,0.272435,-0.362344,-0.760221,0.539224,0.931878,-0.2874,0.22122,-0.012761,0.583598,0.811858,-0.048443,0.000867,-0.041391,-1.246155,-2.032414,1.446135,0.189709,0.019435,0.053487,-0.021768,0.346885,0.768807,0.537219,-0.937647,0.270772,0.217943,0.022092,-0.579324,0.814797,-0.024134,-0.005769,-0.017466,0.031236,-0.001396,-0.006494,0.09687,0.047087,0.045313,-0.046477,0.222063,0.425038,-0.877513,-0.546485,0.799593,0.249003,0.80749,0.424254,0.409837,1e-06,2e-06,9e-06,-0.000646,0.000446,0.000293,-0.779078
846,0.08879,-0.010941,0.320496,-0.240643,-0.410407,-0.879603,0.498981,-0.8296,0.250504,-0.832228,-0.37812,0.405521,-0.014488,0.002471,0.001599,-1.459425,0.430067,0.642828,-0.715938,-0.214298,-0.000299,0.271682,-0.36409,-0.766009,0.529773,0.930976,-0.284649,0.228457,-0.023755,0.577342,0.816073,-0.048223,0.00293,-0.038968,0.06061,-0.069714,0.043435,0.181722,0.018976,0.053488,-0.022149,0.349966,0.775332,0.525722,-0.936105,0.268435,0.227266,0.035084,-0.571666,0.819735,-0.024088,0.001445,-0.019469,0.043528,-0.09314,0.064302,0.077602,0.047065,0.045323,-0.046484,0.228796,0.421575,-0.877454,-0.533656,0.808171,0.249138,0.814164,0.411257,0.409883,-7.5e-05,-3.6e-05,-0.000216,-4.864087,1.377437,2.240028,-0.776792
847,0.088597,-0.010918,0.320463,-0.258063,-0.40439,-0.87745,0.469693,-0.846152,0.251766,-0.843947,-0.346664,0.409395,-0.014879,0.001257,0.000301,-0.007249,0.037215,-0.012625,-0.713599,-0.216135,0.00019,0.27012,-0.377312,-0.77254,0.510695,0.924991,-0.288605,0.247047,-0.043002,0.566567,0.822809,-0.047843,0.019028,-0.040926,0.015389,-0.055561,0.353413,0.176403,0.018039,0.053731,-0.022948,0.362818,0.782193,0.506494,-0.930287,0.272473,0.245607,0.054106,-0.560296,0.826522,-0.023875,0.009639,-0.020262,-0.004349,-0.013982,0.360045,0.05768,0.046969,0.045337,-0.046498,0.247509,0.415828,-0.875114,-0.503617,0.826828,0.250445,0.827712,0.378736,0.414066,-0.000293,-0.000928,-0.00097,-0.045003,0.003726,0.021137,-0.77418
848,0.088288,-0.010994,0.320378,-0.275729,-0.400717,-0.873753,0.43999,-0.860767,0.255854,-0.85428,-0.313405,0.414741,-0.001314,-0.004088,-0.004366,-0.02894,0.049164,0.038864,-0.713141,-0.218007,0.001153,0.268453,-0.393107,-0.772971,0.49797,0.917894,-0.298844,0.260954,-0.052411,0.560633,0.826321,-0.047721,0.032699,-0.045906,-0.044784,-0.283673,0.468183,0.171172,0.017103,0.054215,-0.023778,0.378918,0.782456,0.494148,-0.923249,0.282988,0.259862,0.063492,-0.554689,0.829631,-0.023823,0.016417,-0.022823,-0.026605,-0.31338,0.4705,0.048373,0.046816,0.045304,-0.046535,0.265241,0.412839,-0.871326,-0.474615,0.842531,0.254718,0.839277,0.345983,0.419414,-0.000717,-0.002241,-0.002378,-0.440334,0.178364,0.187339,-0.772873
849,0.08811,-0.011087,0.320283,-0.290271,-0.39261,-0.872723,0.414699,-0.873492,0.254965,-0.862058,-0.287427,0.417454,-0.002076,-0.006445,-0.006892,-4.731153,1.783956,2.501465,-0.71412,-0.218955,0.001739,0.267628,-0.40043,-0.769413,0.497645,0.914617,-0.303296,0.267247,-0.054197,0.56313,0.824506,-0.047463,0.021657,-0.037912,-0.144579,0.300911,0.351913,0.167195,0.01663,0.054509,-0.02419,0.385608,0.779693,0.49334,-0.920358,0.287274,0.265358,0.065174,-0.556374,0.828372,-0.023682,0.01097,-0.018739,-0.218168,0.378243,0.382819,0.043801,0.046729,0.045261,-0.046578,0.275224,0.407182,-0.870892,-0.45449,0.853364,0.255357,0.847166,0.325532,0.419926,-0.000993,-0.003101,-0.003297,0.009337,0.537662,0.329173,-0.772873
850,0.087619,-0.011301,0.31995,-0.322003,-0.378599,-0.867768,0.358394,-0.897097,0.258345,-0.875882,-0.227351,0.42564,-0.017737,-0.007462,-0.009083,-0.397601,0.401303,0.072379,-0.716332,-0.220832,0.002895,0.266048,-0.415973,-0.763468,0.494039,0.907178,-0.31142,0.282805,-0.061546,0.566775,0.821487,-0.047149,0.023507,-0.035718,-0.446681,-0.312193,0.558294,0.154284,0.015726,0.055065,-0.02495,0.400362,0.772866,0.492328,-0.913616,0.295144,0.279632,0.070811,-0.561753,0.824268,-0.02357,0.011634,-0.01798,-0.171833,0.424976,0.22489,0.031391,0.046489,0.045157,-0.046742,0.31137,0.392777,-0.865317,-0.395769,0.881454,0.25769,0.863953,0.262229,0.429908,-0.008404,0.001854,-0.008747,-4.736632,1.649735,2.45714,-0.774506
851,0.086997,-0.011587,0.319426,-0.349233,-0.36872,-0.861469,0.306847,-0.913643,0.266597,-0.884941,-0.170783,0.433291,-0.018526,-0.009743,-0.011613,-4.80157,1.622921,2.192587,-0.718768,-0.222289,0.00375,0.2648,-0.425937,-0.756634,0.496057,0.902442,-0.316933,0.291692,-0.062963,0.572852,0.817153,-0.031792,0.013769,-0.02646,-0.012514,0.035632,0.186497,0.141327,0.014963,0.055513,-0.025605,0.412442,0.766407,0.492454,-0.907962,0.301842,0.290681,0.074136,-0.567018,0.820361,-0.015846,0.007041,-0.012994,0.034454,-0.002025,0.170226,0.014082,0.046171,0.045009,-0.04701,0.337697,0.385296,-0.858781,-0.348593,0.898698,0.266128,0.874324,0.209495,0.4378,-0.009436,-0.005446,-0.006397,-0.136354,0.06316,-0.017593,-0.776302
852,0.086687,-0.011696,0.319124,-0.359804,-0.367227,-0.857748,0.286553,-0.918356,0.272912,-0.887492,-0.147145,0.43673,-0.017525,0.00132,-0.019901,-0.009473,0.144843,-0.219318,-0.720486,-0.222901,0.004067,0.264332,-0.432284,-0.752638,0.496647,0.899257,-0.319769,0.298359,-0.065211,0.576529,0.814386,-0.031413,0.015843,-0.023759,-0.139566,0.33156,0.175394,0.136539,0.014668,0.055665,-0.025832,0.418159,0.763279,0.49249,-0.905161,0.30457,0.296511,0.076323,-0.569772,0.81825,-0.015587,0.008463,-0.011134,-0.232647,0.302571,0.422499,0.00706,0.046015,0.044948,-0.04716,0.350389,0.38227,-0.855041,-0.323107,0.906208,0.272739,0.879106,0.180706,0.44104,-0.009189,-0.00466,-0.005568,-0.131497,0.073871,-0.003206,-0.777609
853,0.086031,-0.011734,0.31842,-0.378474,-0.355997,-0.854441,0.24538,-0.928648,0.278162,-0.89203,-0.10395,0.439891,-0.017587,0.001256,-0.020051,0.029377,0.027128,-0.061556,-0.723848,-0.223816,0.004435,0.263715,-0.437742,-0.751103,0.494183,0.896345,-0.322318,0.304318,-0.068749,0.57711,0.813683,-0.030527,0.008489,-0.010809,0.013594,0.040262,-0.021679,0.128976,0.01421,0.055849,-0.026148,0.424525,0.76107,0.490459,-0.901889,0.307692,0.303184,0.079834,-0.571049,0.817024,-0.007923,0.003547,-0.006492,0.04997,0.020274,-0.02903,-0.005676,0.045693,0.044928,-0.047505,0.369403,0.371644,-0.851716,-0.282332,0.918103,0.27816,0.885341,0.137714,0.444078,-0.008825,0.000479,-0.01016,-0.00116,0.037108,-0.044696,-0.779568
854,0.085486,-0.011611,0.31756,-0.399038,-0.348811,-0.848024,0.204625,-0.935377,0.288392,-0.893322,-0.05802,0.445686,-0.01661,0.012229,-0.028468,0.011775,0.061788,-0.087344,-0.735865,-0.22428,0.004514,0.263523,-0.44257,-0.749211,0.492754,0.893635,-0.323551,0.310911,-0.07296,0.578878,0.812059,-0.000259,-0.001349,-0.001802,-0.020528,0.029945,0.025141,0.123119,0.013967,0.055892,-0.026247,0.429271,0.759339,0.489008,-0.899258,0.308966,0.309636,0.084031,-0.572662,0.815472,-8.6e-05,-0.000473,-0.000619,0.007943,0.010204,0.011431,-0.014657,0.045407,0.044989,-0.047951,0.390253,0.365504,-0.845049,-0.242071,0.926267,0.288841,0.888315,0.091841,0.449957,-0.008283,0.006127,-0.014196,0.016772,0.05788,-0.084933,-0.785936
855,0.084984,-0.011304,0.31649,-0.424044,-0.343052,-0.838181,0.159973,-0.939309,0.303447,-0.890884,-0.004991,0.454235,-0.002431,0.008583,-0.031367,-0.061994,0.050407,0.031644,-0.753179,-0.224335,0.004444,0.263689,-0.441812,-0.749073,0.493642,0.894004,-0.322612,0.310824,-0.073029,0.57958,0.811552,0.000447,-0.00968,0.009927,-0.035817,0.01657,-0.014647,0.119421,0.01394,0.055858,-0.026163,0.428366,0.759353,0.489779,-0.899696,0.308061,0.309265,0.083959,-0.573131,0.81515,0.000264,-0.004626,0.005253,-0.036239,0.014933,-0.017433,-0.021515,0.045157,0.045141,-0.048473,0.415381,0.360743,-0.835058,-0.197778,0.931857,0.30418,0.887886,0.038805,0.458423,-0.008387,0.005843,-0.014546,-0.367015,0.298372,-0.043186,-0.797694
856,0.084759,-0.011076,0.315914,-0.438066,-0.339091,-0.832563,0.135569,-0.940464,0.311642,-0.888128,0.024066,0.458996,-0.016595,0.01238,-0.028414,-1.383277,0.770991,0.351534,-0.759972,-0.224237,0.004374,0.263815,-0.441209,-0.748914,0.494422,0.894298,-0.321847,0.310771,-0.073067,0.580211,0.811098,0.015301,0.001941,0.002247,0.002044,-0.015205,0.029245,0.119953,0.013984,0.055824,-0.026098,0.427706,0.759213,0.490571,-0.900003,0.30723,0.309198,0.084029,-0.573762,0.814699,0.000327,-0.004291,0.005693,-0.035683,-0.002304,0.00575,-0.022495,0.045043,0.045255,-0.048775,0.429352,0.357421,-0.829401,-0.173874,0.933888,0.312441,0.886241,0.010064,0.463113,-0.008263,0.006245,-0.014143,-1.397581,0.781026,0.347259,-0.804062
857,0.084442,-0.010436,0.314727,-0.471252,-0.325893,-0.81961,0.077403,-0.94094,0.329567,-0.878024,0.092268,0.469669,-0.015648,0.015223,-0.02532,-1.304621,0.648596,0.590808,-0.775895,-0.223899,0.004249,0.26412,-0.440226,-0.748585,0.495795,0.89477,-0.320489,0.310818,-0.073232,0.581388,0.81024,0.015491,0.002971,0.003605,0.00326,-0.033185,0.051733,0.119871,0.014153,0.055764,-0.025943,0.426655,0.758905,0.491962,-0.900481,0.30578,0.309244,0.084254,-0.574943,0.813842,0.000314,-0.004356,0.005602,-0.036656,0.016002,-0.016043,-0.023638,0.04489,0.045558,-0.049349,0.460988,0.347621,-0.816485,-0.120642,0.936088,0.330428,0.879167,-0.053822,0.473463,-0.007665,0.008013,-0.012193,-0.055235,0.149211,-0.129945,-0.816309
858,0.084247,-0.009625,0.313689,-0.493471,-0.321236,-0.808294,0.042459,-0.937097,0.346438,-0.868127,0.137032,0.47708,0.001584,0.028462,-0.029899,-4.36896,1.964043,2.515442,-0.779276,-0.223458,0.004055,0.264381,-0.439692,-0.74829,0.496714,0.895002,-0.319502,0.311165,-0.073597,0.582311,0.809543,0.000532,-0.00927,0.010466,-0.034609,-0.00149,0.007794,0.118228,0.01438,0.055673,-0.025812,0.426114,0.758632,0.492853,-0.9007,0.304784,0.30959,0.084651,-0.575833,0.813172,0.00757,0.000598,0.000606,0.001479,-0.015547,0.028312,-0.024781,0.044784,0.045963,-0.049884,0.483351,0.34416,-0.804937,-0.085824,0.93368,0.347669,0.871209,-0.098963,0.480832,0.000195,0.008439,-0.011121,0.063156,0.192066,-0.319823,-0.823657
859,0.084229,-0.009196,0.31327,-0.502456,-0.318264,-0.803923,0.02994,-0.935645,0.351633,-0.863476,0.153,0.480654,0.002449,0.031012,-0.027053,-0.298394,0.223333,0.116239,-0.777965,-0.223209,0.003941,0.264462,-0.439466,-0.748142,0.497137,0.8951,-0.319069,0.311327,-0.073753,0.58274,0.809221,0.014942,0.000102,-0.000235,0.002045,-0.015205,0.029245,0.117466,0.014499,0.055616,-0.025763,0.425862,0.758489,0.49329,-0.900801,0.304304,0.309768,0.084846,-0.576275,0.812839,0.007471,-0.005982,0.00325,-0.042724,0.124864,-0.141565,-0.025434,0.044775,0.046176,-0.050096,0.494281,0.338898,-0.80052,-0.068262,0.933165,0.352904,0.866617,-0.119789,0.48438,0.000697,0.009942,-0.009457,-1.277586,0.758825,0.498204,-0.824147
860,0.08434,-0.008276,0.312572,-0.527859,-0.303456,-0.7933,-0.0164,-0.930193,0.366666,-0.848536,0.20693,0.487026,0.002357,0.022813,-0.015641,-0.05423,0.231454,-0.239356,-0.774187,-0.222694,0.003718,0.264579,-0.439216,-0.74788,0.497752,0.895197,-0.318437,0.311696,-0.074066,0.583422,0.808701,0.014835,-0.000469,-0.001006,0.002045,-0.015205,0.029245,0.117255,0.014756,0.055503,-0.025706,0.425594,0.758238,0.493906,-0.900895,0.303644,0.310141,0.085189,-0.576952,0.812322,0.007418,-0.006299,0.002821,-0.03412,0.001005,0.01398,-0.026578,0.044831,0.046642,-0.050446,0.520206,0.324831,-0.789853,-0.021419,0.929515,0.368161,0.853771,-0.174602,0.490497,0.001277,0.011648,-0.007546,-0.325351,0.264434,0.098472,-0.822677
861,0.084526,-0.007512,0.312077,-0.555699,-0.290094,-0.77916,-0.056271,-0.921892,0.383301,-0.828807,0.257199,0.496945,0.002736,0.02394,-0.014376,-0.924798,1.849688,-2.0669,-0.761775,-0.22222,0.003504,0.264607,-0.438835,-0.747619,0.498479,0.895372,-0.317776,0.311869,-0.074212,0.584116,0.808185,0.014681,-0.001319,-0.002147,-0.006531,0.108526,-0.126223,0.116436,0.014988,0.055401,-0.025694,0.425291,0.758004,0.494525,-0.901021,0.303062,0.310344,0.08537,-0.577564,0.811868,0.007309,-0.000828,-0.001304,0.00182,-0.015326,0.028888,-0.027394,0.044924,0.047021,-0.050689,0.546558,0.311603,-0.777288,0.017866,0.923643,0.382836,0.83723,-0.223129,0.499257,0.001233,0.011621,-0.00757,-4.25714,2.168368,2.610643,-0.817615
862,0.084594,-0.00723,0.311916,-0.567272,-0.277477,-0.775406,-0.080406,-0.918385,0.387397,-0.818913,0.282446,0.499633,0.001794,0.013233,-0.005781,-1.255518,0.715641,0.701848,-0.749018,-0.221989,0.003418,0.264606,-0.438846,-0.747531,0.498602,0.895358,-0.317672,0.312012,-0.074304,0.584286,0.808054,0.014644,-0.00153,-0.002433,0.002045,-0.015205,0.029245,0.116121,0.015109,0.055353,-0.025693,0.42521,0.757898,0.494757,-0.901051,0.302853,0.310461,0.085459,-0.577813,0.811681,-9.1e-05,-0.000496,-0.000667,-0.00018,-0.000122,-0.000282,-0.02821,0.044959,0.047171,-0.050774,0.560101,0.301266,-0.771702,0.041294,0.920219,0.389217,0.827394,-0.249868,0.502975,0.000709,0.006114,-0.003439,-4.261026,2.223316,2.615116,-0.8119
863,0.08465,-0.006762,0.311653,-0.594861,-0.250929,-0.763689,-0.131607,-0.906824,0.400403,-0.792268,0.338998,0.507365,0.000336,0.000994,0.001105,-0.041185,0.137786,-0.162286,-0.711164,-0.22153,0.003197,0.26459,-0.438783,-0.747334,0.498952,0.895371,-0.317339,0.312316,-0.074525,0.584719,0.807721,0.014562,-0.014274,0.003406,-0.033826,0.001095,0.01444,0.115203,0.015338,0.055248,-0.025703,0.425151,0.757711,0.495095,-0.901058,0.302536,0.310751,0.085675,-0.578226,0.811365,0.007239,-0.001228,-0.001846,0.000673,0.002627,0.006511,-0.029353,0.044989,0.047412,-0.050905,0.589135,0.274743,-0.759891,0.094471,0.910551,0.402457,0.802492,-0.308889,0.510483,0.000771,0.006214,-0.003336,-0.096495,0.188803,-0.132188,-0.788549
864,0.084652,-0.006434,0.311446,-0.617053,-0.222917,-0.754718,-0.17847,-0.894426,0.410028,-0.765678,0.387975,0.513068,0.001138,0.011286,-0.007942,-0.342006,0.185376,0.271025,-0.68425,-0.221104,0.003003,0.264574,-0.438793,-0.747165,0.499195,0.895348,-0.317105,0.312618,-0.074738,0.585061,0.807453,0.014602,-0.001815,-0.002836,0.002045,-0.015205,0.029245,0.116051,0.015556,0.055144,-0.025711,0.425169,0.757543,0.495336,-0.901026,0.302291,0.31108,0.085921,-0.578573,0.811091,0.007298,-0.000929,-0.001453,0.001964,-0.015251,0.029103,-0.02919,0.04499,0.047574,-0.051004,0.612292,0.247937,-0.750749,0.141242,0.89998,0.412414,0.777912,-0.358556,0.516031,1.1e-05,2.5e-05,2.8e-05,-1.263919,0.788441,0.696926,-0.766015
865,0.084558,-0.006178,0.311306,-0.632169,-0.193322,-0.750356,-0.222132,-0.882531,0.414449,-0.741552,0.428916,0.515905,0.001112,0.011201,-0.008034,-0.079079,0.149586,-0.075479,-0.639544,-0.220761,0.002848,0.264598,-0.440489,-0.745314,0.500467,0.894469,-0.317374,0.314855,-0.075286,0.587273,0.805795,0.014796,-0.000758,-0.001437,0.001891,-0.014976,0.029436,0.119532,0.015728,0.055065,-0.025701,0.426942,0.755689,0.496642,-0.90013,0.302606,0.313359,0.086515,-0.580829,0.809414,0.007405,-0.000348,-0.000682,0.00652,-0.01904,0.02751,-0.025761,0.044943,0.047701,-0.051075,0.628475,0.218572,-0.746487,0.185748,0.889767,0.416907,0.755325,-0.400674,0.518597,-0.00721,0.001382,0.00092,-0.374819,0.221521,0.228574,-0.737929
866,0.084466,-0.00609,0.311258,-0.639997,-0.176329,-0.747902,-0.246428,-0.87482,0.417055,-0.727027,0.451433,0.517365,-0.000239,-0.000705,-0.000784,-0.010125,0.005646,0.007004,-0.627457,-0.220662,0.002792,0.264606,-0.440404,-0.745257,0.500628,0.894506,-0.317214,0.314909,-0.075337,0.587432,0.805674,-4.7e-05,-0.012615,0.006024,-0.035889,0.016227,-0.014846,0.120314,0.015777,0.055039,-0.025695,0.426838,0.755656,0.496782,-0.900176,0.302451,0.313376,0.086552,-0.580952,0.809322,-2.7e-05,-0.006327,0.002979,-0.03543,0.015566,-0.015413,-0.024781,0.044898,0.047751,-0.0511,0.637042,0.201854,-0.743929,0.210357,0.882946,0.419708,0.74157,-0.423863,0.520012,-0.000135,-0.000403,-0.000453,-0.005446,0.003049,0.006242,-0.722906
867,0.08424,-0.005965,0.311177,-0.650753,-0.144706,-0.745404,-0.286503,-0.862332,0.417458,-0.702389,0.485397,0.520639,-0.014584,0.002295,0.001317,0.159787,0.41785,0.225978,-0.620622,-0.220573,0.002779,0.264603,-0.441813,-0.743458,0.502058,0.893791,-0.317421,0.316725,-0.075563,0.589597,0.804071,-0.0,-0.0,-0.0,-0.012356,0.018462,0.015358,0.120125,0.015822,0.055032,-0.025698,0.428347,0.753771,0.498344,-0.89942,0.302587,0.315409,0.086954,-0.583326,0.807569,2e-06,9e-06,9e-06,0.011283,-0.000508,0.007946,-0.023312,0.04479,0.047811,-0.051143,0.64786,0.172692,-0.741925,0.250619,0.871422,0.421678,0.719351,-0.459129,0.52128,-9.7e-05,-0.000299,-0.000334,0.192348,0.470445,0.304339,-0.709517
868,0.084024,-0.005899,0.31108,-0.662097,-0.100872,-0.742629,-0.3408,-0.842011,0.418144,-0.666662,0.530061,0.524046,-0.013921,0.012158,-0.008207,-1.036898,1.091885,1.11018,-0.620507,-0.22062,0.00278,0.264588,-0.441427,-0.743405,0.502476,0.893995,-0.317078,0.316495,-0.075414,0.589848,0.8039,-0.000167,-0.000928,-0.001235,-2e-06,3e-06,3e-06,0.117263,0.015799,0.055035,-0.025702,0.427919,0.75383,0.498623,-0.899651,0.302356,0.314971,0.086673,-0.583369,0.807568,-3e-06,-1.8e-05,-2.4e-05,0.000503,-0.000797,-0.000686,-0.024945,0.044683,0.047842,-0.051185,0.660054,0.13355,-0.73925,0.300561,0.854924,0.422808,0.68847,-0.501266,0.524157,-0.000446,-0.001309,-0.001462,-0.008146,0.015252,-0.019617,-0.706741
869,0.083851,-0.005858,0.310913,-0.672874,-0.073921,-0.736085,-0.371899,-0.826342,0.422875,-0.638685,0.558379,0.529454,-0.015248,0.000362,-0.000844,-0.360955,0.326165,0.212189,-0.62129,-0.220729,0.002732,0.264528,-0.44102,-0.743364,0.502894,0.894206,-0.316701,0.316276,-0.075296,0.590103,0.803725,-0.00031,-0.001722,-0.002294,-0.0,0.0,0.0,0.11223,0.015744,0.055011,-0.025732,0.427482,0.753793,0.499054,-0.899869,0.301948,0.31474,0.08656,-0.583629,0.807393,-0.000198,-0.001104,-0.00147,-0.000184,-0.000132,-0.000307,-0.029517,0.044596,0.047866,-0.051273,0.673749,0.10089,-0.732039,0.337033,0.839644,0.425916,0.657624,-0.533682,0.531706,-0.000517,-0.001521,-0.001692,-1.281226,0.913064,0.710715,-0.707231
870,0.083763,-0.005824,0.310805,-0.673931,-0.066162,-0.735857,-0.381274,-0.821983,0.423021,-0.632016,0.565729,0.529655,-0.00091,-0.002667,-0.002974,0.000336,0.000839,0.000533,-0.622105,-0.22078,0.002706,0.264478,-0.442514,-0.741622,0.504152,0.893447,-0.317016,0.3181,-0.075538,0.592123,0.802214,-0.000296,-0.001642,-0.002188,-0.195247,0.292754,0.24349,0.110992,0.015719,0.054997,-0.025758,0.427833,0.753235,0.499594,-0.899693,0.301899,0.31529,0.086661,-0.584374,0.806843,-0.000186,-0.001021,-0.001363,-0.39507,0.484585,0.347852,-0.031966,0.044547,0.047883,-0.051327,0.675114,0.092889,-0.731841,0.347102,0.835373,0.426227,0.650953,-0.541776,0.531731,-0.007176,0.00545,-0.004812,0.029963,0.000465,-0.043656,-0.70723
871,0.083711,-0.00567,0.310528,-0.681191,-0.042852,-0.730881,-0.403503,-0.811026,0.423549,-0.610071,0.58348,0.536088,0.000134,0.008299,-0.011266,-0.135429,0.541579,-0.61433,-0.624667,-0.220813,0.002654,0.264391,-0.442414,-0.741613,0.504254,0.893501,-0.316939,0.318025,-0.075487,0.592175,0.80218,-0.000198,-0.0011,-0.001467,-4.2e-05,6.3e-05,5.2e-05,0.106374,0.015702,0.054969,-0.025804,0.428935,0.752048,0.500436,-0.899155,0.302221,0.316513,0.086791,-0.585734,0.805842,-0.000115,-0.000643,-0.000857,0.002537,-0.002444,-0.001321,-0.038008,0.044521,0.047957,-0.051461,0.682682,0.069548,-0.727397,0.369949,0.825555,0.42614,0.630144,-0.560019,0.537863,0.000217,0.004564,-0.005174,-0.592954,1.654146,-2.09146,-0.708863
872,0.083712,-0.005472,0.31024,-0.687796,-0.033381,-0.725167,-0.413743,-0.8028,0.429303,-0.595644,0.595344,0.53926,0.000792,0.010227,-0.009114,-1.168496,0.693754,0.907661,-0.636671,-0.220777,0.002604,0.264324,-0.442264,-0.741571,0.504446,0.89358,-0.3168,0.317941,-0.075421,0.592303,0.802092,-0.000194,-0.001077,-0.001438,-0.0,0.0,0.0,0.105879,0.01572,0.054945,-0.025836,0.428763,0.752028,0.500615,-0.899244,0.302071,0.316404,0.086723,-0.585838,0.805774,-0.000139,-0.000775,-0.001035,-0.00017,-0.000177,-0.000349,-0.040784,0.044519,0.048052,-0.05161,0.690074,0.062035,-0.721074,0.378679,0.818108,0.432782,0.616764,-0.571708,0.541064,-0.000153,-0.000576,-0.000549,-4.009414,2.366304,2.976254,-0.714742
873,0.083734,-0.005343,0.310124,-0.68996,-0.030206,-0.723249,-0.417,-0.800121,0.431149,-0.590857,0.599104,0.540361,0.001093,0.011106,-0.00813,0.033379,-0.018694,0.015795,-0.642891,-0.220748,0.002582,0.264293,-0.442264,-0.74156,0.504462,0.893581,-0.316799,0.317939,-0.075411,0.592317,0.802083,0.014625,-0.001778,-0.002801,0.002045,-0.015205,0.029245,0.105395,0.015729,0.054934,-0.025852,0.428739,0.75202,0.500647,-0.899256,0.302046,0.316392,0.086715,-0.58586,0.805758,-0.00011,-0.000619,-0.000827,-0.000163,-0.000123,-0.000279,-0.041274,0.04453,0.048116,-0.051669,0.692416,0.05774,-0.719183,0.383474,0.814891,0.434625,0.611152,-0.57673,0.542102,0.000578,0.005638,-0.003973,0.035289,-0.022496,0.020066,-0.718824
874,0.083729,-0.005078,0.309955,-0.69859,-0.012921,-0.715437,-0.435082,-0.786123,0.438961,-0.567229,0.617941,0.544452,0.001213,0.011457,-0.007736,-4.108969,2.894347,2.381218,-0.662773,-0.220688,0.002523,0.264247,-0.443918,-0.739799,0.505594,0.892732,-0.317209,0.319909,-0.075741,0.594297,0.800586,-0.000131,-0.000725,-0.000968,-0.045184,0.067823,0.056408,0.103369,0.015764,0.054904,-0.025876,0.430381,0.750276,0.501853,-0.898419,0.302307,0.318517,0.087262,-0.587959,0.804169,-6.3e-05,-0.000351,-0.000471,-0.033278,0.059488,0.054206,-0.043723,0.044528,0.04825,-0.051752,0.700816,0.044696,-0.711939,0.39761,0.804142,0.441883,0.592251,-0.592753,0.545784,6.9e-05,0.000176,0.000193,-0.626169,1.620154,-2.141461,-0.730091
875,0.083737,-0.00481,0.309791,-0.706351,-0.006272,-0.707865,-0.442674,-0.776422,0.448532,-0.551542,0.63018,0.546537,1.1e-05,3.3e-05,3.7e-05,-0.032472,0.018836,0.022974,-0.68862,-0.220624,0.002495,0.264225,-0.443882,-0.739769,0.50567,0.892751,-0.317158,0.319907,-0.075731,0.594362,0.800539,-4.5e-05,-0.000248,-0.000331,-1e-05,1.4e-05,1.2e-05,0.094463,0.015796,0.054889,-0.025887,0.430427,0.750249,0.501854,-0.898415,0.302461,0.318381,0.087073,-0.587914,0.804223,-2.3e-05,-0.000128,-0.000171,0.001179,-0.001301,-0.000868,-0.050255,0.044533,0.048385,-0.051832,0.709607,0.034728,-0.70374,0.409729,0.792213,0.452238,0.573218,-0.609255,0.547931,0.000579,0.005639,-0.003969,-0.309458,0.318384,0.129141,-0.748053
876,0.083707,-0.004675,0.309707,-0.710997,0.004572,-0.703213,-0.453003,-0.767853,0.452949,-0.537014,0.640594,0.548893,0.001141,0.011241,-0.007974,-1.318444,1.220028,0.282073,-0.69905,-0.22059,0.002485,0.264227,-0.443929,-0.739764,0.505635,0.892725,-0.317185,0.319953,-0.075761,0.594353,0.800543,-1e-06,-4e-06,-5e-06,-0.0,0.0,0.0,0.088914,0.015813,0.054884,-0.025886,0.430463,0.750256,0.501813,-0.898395,0.302485,0.318415,0.087102,-0.587893,0.804235,5e-06,2.2e-05,2.8e-05,-3.1e-05,-0.000293,-0.000411,-0.05695,0.044518,0.048453,-0.051874,0.714005,0.024888,-0.699697,0.419473,0.78494,0.455972,0.560569,-0.619071,0.550011,-0.007211,0.001324,0.000939,-4.515892,4.240189,0.685684,-0.756544
877,0.083703,-0.004309,0.30948,-0.71796,0.0188,-0.695863,-0.465322,-0.756458,0.459586,-0.516862,0.653739,0.552726,0.001154,0.011276,-0.007932,-3.811556,2.520713,3.069774,-0.727701,-0.220503,0.002415,0.264234,-0.443996,-0.739736,0.505618,0.892681,-0.317151,0.320111,-0.075892,0.594407,0.80049,0.014756,-0.001077,-0.001872,0.002045,-0.015205,0.029245,0.081478,0.015851,0.054851,-0.025881,0.430501,0.750235,0.501811,-0.898363,0.302423,0.318562,0.087238,-0.587951,0.804178,-3.9e-05,-0.000211,-0.000283,-0.000143,-0.000107,-0.00024,-0.06887,0.044516,0.048636,-0.051987,0.722053,0.014128,-0.691692,0.428589,0.775703,0.463245,0.543093,-0.63094,0.554044,0.000578,0.00563,-0.003977,0.037456,-0.025174,0.020777,-0.775813
878,0.083737,-0.003857,0.309153,-0.728418,0.032258,-0.684406,-0.474482,-0.744377,0.469832,-0.4934,0.66693,0.558381,0.001147,0.011253,-0.007954,-1.117241,0.803805,0.883116,-0.765002,-0.220392,0.002319,0.264274,-0.444093,-0.739697,0.50559,0.892613,-0.31708,0.320369,-0.076115,0.594493,0.800405,-0.0,-0.0,-0.0,-0.0,0.0,0.0,0.069936,0.015912,0.054802,-0.025862,0.43061,0.750202,0.501767,-0.898288,0.302363,0.31883,0.087471,-0.588023,0.804099,1e-06,8e-06,9e-06,-0.000103,-6.8e-05,-0.000159,-0.080953,0.044532,0.048853,-0.052145,0.732818,0.001036,-0.680423,0.438417,0.764027,0.473341,0.520352,-0.645183,0.559439,0.000577,0.005627,-0.00398,-0.168506,0.518298,-0.690597,-0.801286
879,0.083832,-0.003235,0.308772,-0.738669,0.031822,-0.67335,-0.472418,-0.737006,0.483337,-0.479969,0.675087,0.560281,0.002963,0.024461,-0.013714,-0.114852,-0.300815,-0.428427,-0.794417,-0.220204,0.002182,0.264308,-0.444168,-0.739623,0.505632,0.892554,-0.316939,0.320674,-0.076375,0.59466,0.800256,-5.5e-05,-0.000307,-0.00041,-0.008798,0.123376,-0.155737,0.063729,0.016006,0.054734,-0.025844,0.430779,0.750152,0.501697,-0.898179,0.302311,0.31919,0.087772,-0.588114,0.804,0.007375,-0.000559,-0.000969,0.001979,-0.015256,0.029131,-0.093037,0.044578,0.049164,-0.052343,0.743519,-0.004622,-0.668697,0.44148,0.75447,0.485664,0.502268,-0.656317,0.563003,0.000751,0.006126,-0.003422,-0.214044,-0.222335,-0.657026,-0.826759
880,0.083921,-0.00288,0.308573,-0.743451,0.034555,-0.667931,-0.472321,-0.734215,0.487661,-0.472634,0.677984,0.563011,0.001772,0.013082,-0.005905,0.031635,-0.024827,0.010804,-0.807845,-0.220094,0.002103,0.264319,-0.444263,-0.739591,0.505596,0.892492,-0.316914,0.320868,-0.076532,0.594714,0.800201,-9.4e-05,-0.000526,-0.000703,-0.0,0.0,0.0,0.063248,0.016061,0.054694,-0.025839,0.430776,0.750103,0.501773,-0.898167,0.302195,0.319331,0.087897,-0.588237,0.803897,0.007352,-0.000698,-0.001156,0.001996,-0.015233,0.029141,-0.095976,0.044624,0.049348,-0.052444,0.748004,-0.004704,-0.663677,0.440815,0.75107,0.491502,0.496156,-0.660204,0.563877,0.001555,0.012432,-0.006636,0.085794,0.072044,-0.1264,-0.837046
881,0.084132,-0.002137,0.308211,-0.752776,0.046167,-0.656691,-0.479161,-0.722479,0.498398,-0.450505,0.689783,0.566809,0.002045,0.013888,-0.005003,0.027015,0.081942,-0.155362,-0.846757,-0.219876,0.001966,0.264318,-0.444468,-0.739534,0.505499,0.892369,-0.316925,0.321202,-0.076785,0.594779,0.800129,-6.9e-05,-0.00039,-0.000521,-0.0,0.0,0.0,0.062669,0.01617,0.054625,-0.02584,0.430979,0.750051,0.501677,-0.898045,0.302206,0.319664,0.088154,-0.588297,0.803824,-3.3e-05,-0.000184,-0.000251,-3.8e-05,-3.9e-05,-5.7e-05,-0.098262,0.044729,0.04972,-0.052624,0.757574,-0.015993,-0.652552,0.448165,0.739578,0.502166,0.474583,-0.67288,0.567453,0.001689,0.012828,-0.00619,0.077335,0.0627,-0.098625,-0.862683
882,0.084321,-0.00146,0.307868,-0.761,0.070133,-0.644985,-0.495,-0.705442,0.507247,-0.418483,0.705194,0.572365,0.002763,0.023893,-0.014325,-1.005752,0.815539,0.961691,-0.878476,-0.219715,0.001876,0.264278,-0.444507,-0.739477,0.505548,0.892342,-0.316878,0.321321,-0.076863,0.594874,0.80005,-0.000263,-0.001486,-0.001988,-0.001283,0.017864,-0.022576,0.061914,0.016251,0.054583,-0.025857,0.431031,0.749999,0.501709,-0.898011,0.302172,0.319791,0.08824,-0.588381,0.803753,-4.3e-05,-0.000248,-0.000336,-2.5e-05,-2e-06,-5.2e-05,-0.100222,0.044825,0.050058,-0.052789,0.766875,-0.038454,-0.640642,0.463214,0.724075,0.511025,0.444223,-0.688647,0.573088,0.008069,0.004969,-0.004002,-3.549667,2.922381,2.980105,-0.890279
883,0.084429,-0.001194,0.307695,-0.764407,0.082512,-0.639468,-0.503066,-0.696702,0.511374,-0.402378,0.712488,0.574875,0.001274,0.011634,-0.007509,-0.584807,1.768376,-2.256929,-0.889261,-0.219652,0.001843,0.264249,-0.444457,-0.739444,0.50564,0.892369,-0.316814,0.321311,-0.076848,0.594949,0.799996,-0.000177,-0.001002,-0.001341,-0.0,0.0,0.0,0.061222,0.016282,0.054564,-0.025874,0.430967,0.749963,0.501818,-0.898044,0.302093,0.319774,0.088222,-0.588467,0.803693,-0.000108,-0.000618,-0.00083,-0.008877,0.123245,-0.155856,-0.100711,0.04488,0.050196,-0.052877,0.76869,-0.052498,-0.637461,0.474472,0.715156,0.513251,0.42894,-0.696989,0.574643,0.008364,0.010025,-0.008688,-0.024255,0.018573,0.150723,-0.900077
884,0.084696,-0.000794,0.307316,-0.768026,0.117176,-0.629644,-0.527887,-0.672527,0.518666,-0.361727,0.730582,0.579164,0.000715,0.01,-0.009325,-3.650776,3.477539,2.436944,-0.912984,-0.219589,0.001746,0.264134,-0.444353,-0.739398,0.505799,0.892424,-0.3167,0.321271,-0.076811,0.595068,0.799911,-0.000387,-0.002191,-0.002934,-0.0,0.0,0.0,0.059747,0.016314,0.054517,-0.025929,0.430864,0.749916,0.501977,-0.898097,0.301977,0.319734,0.088188,-0.588586,0.803609,-0.000241,-0.001374,-0.00184,-1.7e-05,7e-06,-3.1e-05,-0.102018,0.045013,0.050397,-0.053066,0.775384,-0.082195,-0.626117,0.495074,0.694629,0.52191,0.392021,-0.714656,0.579297,0.007461,0.003448,-0.005784,-0.644412,1.712423,-2.016002,-0.918529
885,0.084967,-0.000423,0.306935,-0.769772,0.152428,-0.619889,-0.551659,-0.647485,0.525745,-0.320278,0.746479,0.583282,0.015395,0.008318,-0.009967,-0.274231,0.337758,0.169294,-0.930025,-0.219568,0.001626,0.263938,-0.445835,-0.737615,0.507097,0.891669,-0.317006,0.323061,-0.076991,0.597115,0.798367,-0.000607,-0.003434,-0.004607,-8e-05,0.00012,0.0001,0.058504,0.016324,0.054458,-0.026027,0.432421,0.748129,0.503304,-0.897327,0.30233,0.321557,0.088403,-0.590677,0.80205,-0.000361,-0.00206,-0.002764,0.002323,0.014743,-0.024014,-0.104467,0.045142,0.050579,-0.05326,0.778549,-0.121529,-0.615703,0.523103,0.667694,0.529666,0.346732,-0.734448,0.583405,-3.7e-05,-0.000131,-0.000152,-1.037514,0.873969,0.986879,-0.934857
886,0.085288,-4.6e-05,0.306581,-0.775781,0.187862,-0.602426,-0.568775,-0.621685,0.538492,-0.272397,0.760162,0.589899,0.015466,0.008566,-0.009692,-0.230854,0.546372,-0.504399,-0.93797,-0.21956,0.001511,0.26373,-0.447292,-0.735827,0.508409,0.890925,-0.317301,0.324817,-0.077138,0.599161,0.796818,-0.000465,-0.002632,-0.003538,-0.010455,0.015726,0.013053,0.058671,0.016328,0.054398,-0.026133,0.433866,0.746252,0.504843,-0.896602,0.302462,0.323451,0.08868,-0.592978,0.800319,-0.000315,-0.0018,-0.002419,0.008194,0.020598,-0.012011,-0.104957,0.045302,0.050763,-0.053434,0.784057,-0.156895,-0.600531,0.542772,0.642639,0.540751,0.301084,-0.749932,0.589024,0.007746,0.004302,-0.004831,-0.974514,0.856551,1.039763,-0.943512
887,0.085422,9.6e-05,0.306442,-0.774021,0.205935,-0.598772,-0.580422,-0.608741,0.540848,-0.252159,0.76591,0.59146,0.015444,0.008517,-0.009748,-0.262864,0.23503,0.338921,-0.945395,-0.219535,0.001471,0.263658,-0.447231,-0.735807,0.508493,0.890961,-0.317259,0.324761,-0.077084,0.599208,0.796788,-0.000376,-0.002127,-0.00286,-0.00018,0.00027,0.000225,0.059395,0.016341,0.054377,-0.026171,0.433873,0.746334,0.504716,-0.896613,0.30262,0.323271,0.088531,-0.592794,0.800472,-0.000203,-0.001164,-0.001566,0.003862,0.013459,-0.024611,-0.104957,0.04537,0.050838,-0.053507,0.784788,-0.174904,-0.594571,0.553252,0.630074,0.544901,0.279319,-0.75658,0.591241,0.000577,0.005643,-0.003946,-0.967095,0.991784,0.843415,-0.948411
888,0.085611,0.000284,0.306312,-0.762105,0.251172,-0.596786,-0.613634,-0.574343,0.541806,-0.20573,0.778809,0.592587,0.000178,0.000529,0.000589,-3.324873,3.018566,3.301479,-0.966758,-0.219477,0.001443,0.263566,-0.447133,-0.735772,0.508629,0.891021,-0.317214,0.324641,-0.076965,0.599275,0.79675,-0.000156,-0.000881,-0.001185,-0.0,0.0,0.0,0.060454,0.016369,0.054362,-0.026218,0.433742,0.746336,0.504825,-0.89669,0.302574,0.323101,0.088395,-0.592815,0.800472,-0.0001,-0.000577,-0.000777,-0.000137,-0.000233,-0.000398,-0.104141,0.04547,0.050931,-0.053573,0.775681,-0.216355,-0.59288,0.584627,0.600213,0.545851,0.237757,-0.770021,0.592062,0.00013,0.0004,0.000439,-0.296852,0.270236,0.295975,-0.960658
889,0.085631,0.000302,0.306348,-0.746307,0.294086,-0.597147,-0.645061,-0.540908,0.539711,-0.163357,0.78762,0.594136,-0.014081,0.003402,0.002573,-0.298653,0.283978,0.266793,-0.982165,-0.219404,0.001422,0.263519,-0.448858,-0.734011,0.509652,0.890128,-0.317721,0.326586,-0.077236,0.601162,0.7953,-2.3e-05,-0.000131,-0.000176,-0.229179,0.344865,0.286338,0.060759,0.016406,0.054352,-0.026242,0.4338,0.746334,0.504779,-0.896663,0.302641,0.323115,0.088385,-0.592784,0.800496,-5e-06,-3.3e-05,-4.6e-05,-0.00016,-8.4e-05,-0.000253,-0.103324,0.045486,0.050948,-0.053561,0.760697,-0.263271,-0.593318,0.619941,0.565581,0.543866,0.192386,-0.78154,0.593449,0.000259,0.000549,0.000597,-3.315257,2.986819,3.281881,-0.973068
