frame,MLTx,MLTy,MLTz,MLTR1,MLTR2,MLTR3,MLTR4,MLTR5,MLTR6,MLTR7,MLTR8,MLTR9,MLTTVx,MLTTVy,MLTTVz,MLTRVx,MLTRVy,MLTRVz,MLGA,MRTx,MRTy,MRTz,MRTR1,MRTR2,MRTR3,MRTR4,MRTR5,MRTR6,MRTR7,MRTR8,MRTR9,MRTTVx,MRTTVy,MRTTVz,MRTRVx,MRTRVy,MRTRVz,MRGA,SLTx,SLTy,SLTz,SLTR1,SLTR2,SLTR3,SLTR4,SLTR5,SLTR6,SLTR7,SLTR8,SLTR9,SLTTVx,SLTTVy,SLTTVz,SLTRVx,SLTRVy,SLTRVz,SLGA,SRTx,SRTy,SRTz,SRTR1,SRTR2,SRTR3,SRTR4,SRTR5,SRTR6,SRTR7,SRTR8,SRTR9,SRTTVx,SRTTVy,SRTTVz,SRTRVx,SRTRVy,SRTRVz,SRGA
50,0.205988,-0.022409,0.383472,-0.63903,0.319608,-0.699669,-0.581093,-0.796544,0.166794,-0.50322,0.512757,0.695612,-0.014024,0.003223,0.002988,7.5e-05,0.004096,-0.002772,-0.853814,-0.2487,-0.022674,0.3532,-0.819884,0.147843,0.553105,0.192566,-0.838444,0.509768,0.540131,0.524271,0.658227,0.010736,0.065679,-0.088835,-0.57625,0.745312,0.680409,-0.748936,0.004579,0.033036,0.005146,0.895792,0.001341,0.444471,-0.23571,0.849231,0.472489,-0.376825,-0.528018,0.76105,0.005459,0.033032,-0.044292,-0.534691,0.743713,0.679249,-0.719419,0.101483,0.028758,-0.025507,0.804928,-0.246902,-0.539564,0.413672,0.885408,0.211962,0.425401,-0.393816,0.814826,0.000299,-0.004887,0.004877,-0.035667,0.007145,-0.021157,0.2828
51,0.205862,-0.022368,0.383572,-0.640011,0.321533,-0.697888,-0.581042,-0.796816,0.165668,-0.50203,0.511128,0.697668,0.000354,-0.004582,0.013538,0.024649,0.134663,0.062442,-0.409711,-0.2482,-0.021267,0.35145,-0.819428,0.186052,0.542139,0.168601,-0.825621,0.538385,0.548786,0.532335,0.644451,0.026487,0.070561,-0.08472,-0.696017,0.603938,1.099339,-0.350938,0.004807,0.033679,0.004328,0.899056,-0.035151,0.436419,-0.207781,0.843124,0.495952,-0.385389,-0.536568,0.750712,0.013283,0.035336,-0.042352,-1.186135,-1.079127,2.884605,-0.57899,0.101483,0.028758,-0.025507,0.804928,-0.246902,-0.539564,0.413672,0.885408,0.211962,0.425401,-0.393816,0.814826,0.000299,-0.004887,0.004877,-0.035667,0.007145,-0.021157,0.282964
52,0.205544,-0.022407,0.38395,-0.642397,0.320387,-0.696221,-0.580617,-0.796389,0.169171,-0.49947,0.512511,0.698491,0.000321,-0.003825,0.014084,-0.034858,-0.003946,0.005384,0.138395,-0.247049,-0.018622,0.34863,-0.825475,0.244647,0.508654,0.129733,-0.794662,0.592972,0.550303,0.555159,0.623561,0.028251,0.058016,-0.059012,-1.092678,-1.139695,2.901653,0.17782,0.005403,0.035055,0.002854,0.908096,-0.098087,0.407111,-0.157221,0.821203,0.54855,-0.388126,-0.562143,0.73031,0.014246,0.029385,-0.029197,-1.063047,-1.126644,2.889354,-0.279678,0.101483,0.028758,-0.025507,0.804928,-0.246902,-0.539564,0.413672,0.885408,0.211962,0.425401,-0.393816,0.814826,0.000299,-0.004887,0.004877,-0.035667,0.007145,-0.021157,0.282637
53,0.205483,-0.022559,0.384463,-0.650853,0.316065,-0.690318,-0.575041,-0.798882,0.176318,-0.494951,0.511321,0.702568,0.000349,-0.00443,0.013639,0.082611,0.282207,0.091347,0.484903,-0.245907,-0.016293,0.346319,-0.820513,0.29813,0.487718,0.103611,-0.76136,0.639946,0.563135,0.575234,0.593167,0.028396,0.048942,-0.04867,-0.987352,0.770249,1.37073,0.440971,0.005965,0.036209,0.001723,0.90842,-0.151023,0.389825,-0.121333,0.797088,0.591546,-0.400063,-0.584672,0.705767,0.014248,0.024507,-0.024324,-0.813685,0.669385,1.060188,0.025512,0.101483,0.028758,-0.025507,0.804928,-0.246902,-0.539564,0.413672,0.885408,0.211962,0.425401,-0.393816,0.814826,0.000299,-0.004887,0.004877,-0.035667,0.007145,-0.021157,0.2828
54,0.205483,-0.022559,0.384463,-0.650853,0.316065,-0.690318,-0.575041,-0.798882,0.176318,-0.494951,0.511321,0.702568,0.000349,-0.00443,0.013639,0.082611,0.282207,0.091347,0.484903,-0.245907,-0.016293,0.346319,-0.820513,0.29813,0.487718,0.103611,-0.76136,0.639946,0.563135,0.575234,0.593167,0.028396,0.048942,-0.04867,-0.987352,0.770249,1.37073,0.440971,0.005965,0.036209,0.001723,0.90842,-0.151023,0.389825,-0.121333,0.797088,0.591546,-0.400063,-0.584672,0.705767,0.014248,0.024507,-0.024324,-0.813685,0.669385,1.060188,0.025512,0.101483,0.028758,-0.025507,0.804928,-0.246902,-0.539564,0.413672,0.885408,0.211962,0.425401,-0.393816,0.814826,0.000299,-0.004887,0.004877,-0.035667,0.007145,-0.021157,0.2828
55,0.205949,-0.02269,0.384612,-0.665075,0.312054,-0.678486,-0.55942,-0.810024,0.175733,-0.49393,0.496042,0.714145,0.014075,-0.004506,-0.003907,0.160454,0.456366,-0.023886,0.498435,-0.244012,-0.014239,0.343729,-0.802019,0.377412,0.462945,0.077136,-0.702974,0.706973,0.593254,0.60223,0.534071,0.025062,-0.006395,-0.024936,-0.869955,1.121186,0.231869,0.418504,0.006929,0.037279,0.000432,0.89713,-0.236161,0.373342,-0.077834,0.747394,0.659805,-0.434854,-0.620991,0.652128,0.012428,-0.003735,-0.012973,-0.981271,1.23243,0.18903,0.521099,0.101606,0.028756,-0.025619,0.809567,-0.246015,-0.532988,0.407231,0.889309,0.208068,0.422803,-0.385494,0.820141,0.00743,-0.002516,-0.002073,0.226938,0.566524,-0.003968,0.285903
56,0.206253,-0.022607,0.384202,-0.665817,0.311471,-0.678026,-0.558321,-0.810782,0.175733,-0.494173,0.495171,0.714581,0.027057,0.008643,-0.028712,0.07491,-0.027013,0.077234,0.101552,-0.243663,-0.014807,0.343215,-0.793042,0.39224,0.466072,0.080846,-0.690406,0.718844,0.604722,0.60725,0.515191,0.006991,-0.032716,-0.03007,-0.725824,1.075304,-0.164247,0.020165,0.007107,0.037028,0.000205,0.890736,-0.25204,0.378238,-0.077869,0.735245,0.673312,-0.447799,-0.629197,0.635284,0.010342,-0.023381,-0.01238,-0.89879,2.317156,-1.65134,0.521262,0.101753,0.028802,-0.025806,0.810413,-0.246191,-0.531619,0.406321,0.889905,0.207294,0.422057,-0.384001,0.821224,0.006871,0.00316,-0.01485,0.050315,0.047672,-0.168185,0.193154
57,0.207433,-0.022156,0.381737,-0.647419,0.311014,-0.695819,-0.56028,-0.813118,0.157789,-0.515909,0.491618,0.701553,0.025959,0.022664,-0.086231,1.679542,-1.692871,1.864619,-1.512,-0.24366,-0.016965,0.341952,-0.758466,0.402149,0.512831,0.119784,-0.687323,0.716361,0.641502,0.604249,0.472463,-0.010268,-0.055148,-0.032286,-0.396182,2.080828,-2.473341,-1.132103,0.007111,0.035941,-0.000441,0.864483,-0.26348,0.428072,-0.114045,0.726595,0.677534,-0.489552,-0.634537,0.598081,-0.005329,-0.028509,-0.016997,-0.492238,1.009017,-0.693198,0.240893,0.102356,0.029047,-0.027037,0.79559,-0.248715,-0.552427,0.411086,0.891427,0.190696,0.445019,-0.378811,0.811454,0.013147,0.010272,-0.043892,1.689209,-1.657347,1.854905,-0.115465
58,0.207954,-0.020809,0.378327,-0.585394,0.321174,-0.74445,-0.567626,-0.817955,0.093392,-0.578209,0.476837,0.662063,-0.003684,0.054179,-0.095594,1.673779,-2.226537,2.103006,-1.907506,-0.243861,-0.018207,0.340853,-0.725316,0.373142,0.578509,0.166581,-0.720104,0.673523,0.668801,0.584408,0.459386,-0.005697,-0.014222,-0.032039,0.485394,1.501285,-3.186212,-1.399107,0.007,0.035266,-0.001026,0.836353,-0.234498,0.495503,-0.168963,0.749612,0.639947,-0.521501,-0.618944,0.587319,0.004375,-0.012769,-0.012092,0.604265,-0.185178,-0.914345,-0.070176,0.10262,0.029679,-0.028771,0.744997,-0.270426,-0.609793,0.429134,0.894161,0.127747,0.510707,-0.356854,0.782196,-0.001758,0.027223,-0.047698,1.630972,-2.251408,2.063015,-0.424738
59,0.208402,-0.018402,0.374358,-0.511089,0.316769,-0.799056,-0.552482,-0.83319,0.023009,-0.657848,0.452825,0.601841,0.023434,0.064749,-0.105916,1.39502,-1.899209,-0.116274,-1.909023,-0.243906,-0.019462,0.339512,-0.72406,0.344119,0.597755,0.179296,-0.742809,0.644998,0.666866,0.573751,0.475355,-0.009273,-0.040018,-0.037897,0.152498,-1.394461,1.132478,-1.400791,0.006982,0.034664,-0.00168,0.832833,-0.201435,0.515569,-0.190881,0.769781,0.609098,-0.519569,-0.60569,0.602649,-0.004717,-0.020452,-0.019367,0.101277,-1.363401,1.125377,-0.377489,0.102844,0.030891,-0.030749,0.681563,-0.280852,-0.675717,0.425395,0.903419,0.053582,0.595408,-0.323966,0.73521,0.011787,0.03231,-0.053004,1.435637,-1.841945,-0.112891,-0.720457
60,0.208705,-0.016975,0.372092,-0.487902,0.290324,-0.823231,-0.503527,-0.86394,-0.006322,-0.712457,0.411068,0.568731,0.008904,0.074248,-0.115036,1.837096,-1.842405,0.076689,-1.909336,-0.244074,-0.020362,0.338797,-0.731872,0.33833,0.591513,0.176733,-0.743954,0.644385,0.658976,0.575713,0.483909,-0.009626,-0.041374,-0.039509,0.031139,-0.118903,-0.340238,-1.399935,0.006901,0.034224,-0.002027,0.839547,-0.195121,0.507038,-0.188208,0.771033,0.608346,-0.509645,-0.606164,0.610595,-0.004886,-0.02632,-0.015641,-0.187592,-1.273334,1.380392,-0.520042,0.102991,0.031576,-0.03184,0.660288,-0.258558,-0.7051,0.379416,0.925086,0.016077,0.648121,-0.278142,0.708925,0.011266,0.037303,-0.057784,5.983594,-1.942168,-2.85171,-0.867908
61,0.208649,-0.014036,0.367701,-0.483331,0.220583,-0.847219,-0.430039,-0.902737,0.010233,-0.761963,0.369003,0.532237,-0.018914,0.075216,-0.112713,-0.303273,-1.450305,0.03255,-1.909826,-0.244485,-0.022057,0.337468,-0.752589,0.341908,0.562762,0.15948,-0.734399,0.659665,0.639767,0.585767,0.497432,-0.009206,-0.049682,-0.029059,-0.042483,0.081717,-0.142843,-1.398199,0.006693,0.033371,-0.002704,0.856725,-0.198599,0.476003,-0.168587,0.764374,0.622342,-0.487441,-0.613425,0.621377,-0.004496,-0.019236,-0.018643,-0.027169,0.106217,-0.151395,-0.813801,0.102974,0.033044,-0.034038,0.651509,-0.190741,-0.73427,0.297739,0.954509,0.016228,0.697773,-0.229193,0.678662,-0.002418,0.038173,-0.056271,-1.270243,-0.538562,-2.015907,-1.120682
62,0.207778,-0.011017,0.363435,-0.523529,0.123638,-0.843017,-0.397026,-0.91082,0.112916,-0.75323,0.393655,0.52698,-0.032935,0.079614,-0.108382,-1.616775,0.226032,-3.557319,-1.690085,-0.244966,-0.023457,0.33622,-0.760847,0.345051,0.549584,0.148988,-0.731257,0.665582,0.632488,0.587845,0.504243,-0.022165,-0.030827,-0.030051,0.298836,-0.496659,0.219755,-1.337545,0.006455,0.032655,-0.003336,0.862685,-0.203166,0.463138,-0.157645,0.762109,0.627962,-0.480542,-0.614745,0.625433,-0.003758,-0.015931,-0.015653,0.54736,-0.673664,0.168111,-0.968274,0.102545,0.034547,-0.036176,0.67586,-0.091969,-0.731269,0.247657,0.962831,0.1078,0.694175,-0.253962,0.673515,-0.016345,0.040412,-0.053723,-1.591991,0.491143,-3.389663,-1.020585
63,0.206875,-0.009538,0.361499,-0.531907,0.081067,-0.84294,-0.374442,-0.915317,0.148188,-0.758889,0.394348,0.518271,-0.06005,0.07309,-0.09482,-1.179862,0.38879,-3.542028,-1.319155,-0.245307,-0.02401,0.335693,-0.767891,0.344769,0.539879,0.140878,-0.731126,0.667489,0.625799,0.588174,0.512143,-0.006682,-0.028026,-0.027728,0.193683,-0.42495,0.362009,-1.155391,0.006278,0.032374,-0.003605,0.868811,-0.201652,0.452219,-0.149228,0.764206,0.627471,-0.472119,-0.612638,0.633859,-0.010562,-0.013154,-0.012873,0.20178,-0.362855,0.15466,-0.944597,0.102104,0.035283,-0.037154,0.67758,-0.048088,-0.733875,0.218881,0.965828,0.138804,0.702122,-0.254682,0.664951,-0.023077,0.037322,-0.047128,-0.238425,-0.096977,-1.810008,-1.000174
64,0.204461,-0.006849,0.358189,-0.54955,-0.015887,-0.835337,-0.303899,-0.927528,0.217506,-0.777575,0.373403,0.505938,-0.058727,0.056539,-0.073249,0.889624,-1.665218,0.252402,-0.803795,-0.246186,-0.024873,0.335009,-0.795126,0.33516,0.505405,0.119097,-0.730712,0.672168,0.595575,0.59422,0.540422,-0.033566,-0.015307,-0.014808,0.412614,-0.576039,0.055589,-0.656064,0.005836,0.031929,-0.003961,0.89011,-0.192238,0.413217,-0.126564,0.766752,0.629342,-0.437819,-0.612482,0.658163,-0.016671,-0.007234,-0.006974,0.433613,-0.575173,0.029338,-0.7671,0.100896,0.036639,-0.038814,0.682626,0.054433,-0.728737,0.134673,0.970771,0.198663,0.718251,-0.233754,0.655342,-0.03646,0.032868,-0.041247,-0.034616,-0.345888,-2.03606,-0.807164
65,0.202246,-0.005138,0.355604,-0.548407,-0.078304,-0.832565,-0.251521,-0.934059,0.253462,-0.796834,0.3485,0.493589,-0.043503,0.032826,-0.058097,-0.12431,-0.215712,-1.481424,-0.639337,-0.247325,-0.025503,0.334745,-0.83672,0.285186,0.467504,0.12624,-0.730082,0.671548,0.533872,0.620548,0.57425,-0.031505,-0.006372,-0.005974,-0.026698,-2.062229,-0.949636,-0.292953,0.005289,0.031619,-0.004094,0.917856,-0.147811,0.368362,-0.129867,0.765149,0.63062,-0.375065,-0.626657,0.683101,-0.015709,-0.003013,-0.002804,0.428948,-0.702711,-0.100552,-0.617526,0.099782,0.037512,-0.040105,0.671713,0.114144,-0.731964,0.076811,0.972001,0.222064,0.736817,-0.205386,0.644138,-0.021689,0.016327,-0.029071,-0.12574,-0.290779,-1.492951,-0.688125
66,0.201412,-0.004762,0.354612,-0.543315,-0.083029,-0.83544,-0.244766,-0.936204,0.252159,-0.802408,0.341587,0.489374,-0.028476,0.009346,-0.042872,0.888548,-1.26592,1.560551,-0.624127,-0.247957,-0.025621,0.334753,-0.851123,0.266804,0.452102,0.12758,-0.730087,0.671289,0.510236,0.628684,0.586752,-0.030282,-0.001288,-0.000894,0.399364,-0.700555,0.419487,-0.180768,0.004978,0.031551,-0.004092,0.929128,-0.122039,0.349035,-0.136012,0.764975,0.629534,-0.343831,-0.632391,0.694161,-0.015066,-0.000332,-0.000126,0.525939,-0.940795,0.238906,-0.530982,0.09936,0.037713,-0.040604,0.666506,0.121918,-0.735462,0.068694,0.972296,0.223431,0.742327,-0.19944,0.639665,-0.021052,0.003937,-0.02166,0.085193,0.311595,-0.658142,-0.700209
67,0.200054,-0.004764,0.353269,-0.53049,-0.079944,-0.84394,-0.242078,-0.939801,0.241129,-0.811758,0.33231,0.480256,-0.027485,-0.009364,-0.023359,0.86593,-1.50918,2.277944,-0.620872,-0.249248,-0.025561,0.334906,-0.866854,0.249694,0.431519,0.119924,-0.735508,0.666769,0.484953,0.629418,0.607056,-0.043579,-0.004715,0.015318,0.19768,-0.324387,0.123768,-0.06212,0.004322,0.031588,-0.004017,0.94005,-0.104299,0.324696,-0.129721,0.771166,0.623277,-0.315402,-0.628032,0.711404,-0.014338,0.002623,0.002835,0.242654,-0.463931,0.327425,-0.248489,0.098697,0.037714,-0.04128,0.656907,0.116339,-0.74494,0.06733,0.975024,0.211645,0.750958,-0.189188,0.632668,-0.013715,-0.004723,-0.011686,0.028604,0.0753,-0.087018,-0.772547
68,0.198947,-0.005424,0.352798,-0.525232,-0.074913,-0.847682,-0.24421,-0.94095,0.234407,-0.814538,0.330218,0.476981,-0.027182,-0.014691,-0.010435,0.002367,-0.037271,0.065331,-0.589664,-0.250625,-0.025476,0.335155,-0.874446,0.243884,0.419352,0.110769,-0.741033,0.662219,0.473349,0.625211,0.620416,-0.029411,-0.007885,0.01191,0.212485,-0.261122,-0.03192,0.019439,0.003631,0.031643,-0.00388,0.945106,-0.09921,0.311337,-0.121978,0.776806,0.617813,-0.303142,-0.621875,0.722063,-0.021932,0.002265,0.002539,0.342541,-0.320271,-0.07216,-0.118184,0.098138,0.037386,-0.041533,0.652052,0.108289,-0.7504,0.071459,0.976563,0.20302,0.754798,-0.186002,0.629031,-0.013587,-0.007037,-0.004951,-0.003151,-0.047384,0.093262,-0.7603
69,0.197845,-0.006115,0.352857,-0.526452,-0.072475,-0.847137,-0.245331,-0.941031,0.232905,-0.813412,0.330527,0.478685,-0.02696,-0.016042,0.005729,-0.034984,0.046363,-0.075312,-0.511254,-0.252105,-0.025494,0.335403,-0.875391,0.239409,0.419958,0.112255,-0.744135,0.65848,0.471243,0.62326,0.623971,-0.044125,-0.006553,0.013345,-0.018729,0.040503,-0.116255,0.065224,0.002896,0.031634,-0.003755,0.945695,-0.094001,0.311164,-0.124396,0.779738,0.613623,-0.300308,-0.619008,0.725702,-0.014757,0.001037,0.001205,-0.021504,0.030027,-0.064825,-0.046172,0.097568,0.037019,-0.041513,0.653609,0.105728,-0.74941,0.073087,0.976748,0.201546,0.753294,-0.186505,0.630684,-0.01349,-0.007635,0.003192,-0.051319,0.025601,-0.080778,-0.709843
70,0.197265,-0.006357,0.353002,-0.528726,-0.071149,-0.845832,-0.24531,-0.94115,0.232446,-0.811941,0.330474,0.481213,-0.027076,-0.012212,0.008776,-0.031501,0.055614,-0.070506,-0.476012,-0.252818,-0.025552,0.335528,-0.875089,0.236342,0.422317,0.114913,-0.746021,0.655882,0.471161,0.62218,0.625109,-0.044596,-0.008241,0.011615,-0.024589,0.142478,-0.320042,0.086674,0.002541,0.031609,-0.003689,0.945319,-0.090998,0.313191,-0.127378,0.781008,0.611392,-0.30024,-0.617854,0.726711,-0.014849,0.000709,0.000868,-0.003327,0.017437,-0.071324,-0.021842,0.097288,0.036903,-0.041444,0.655824,0.104643,-0.747625,0.073219,0.976859,0.200957,0.751353,-0.186533,0.632986,-0.013548,-0.005741,0.004697,-0.051582,0.028238,-0.078508,-0.681267
71,0.196398,-0.006659,0.353307,-0.532314,-0.067388,-0.843888,-0.245799,-0.941581,0.230173,-0.809442,0.330029,0.485707,-0.01333,-0.009376,0.010422,-0.0227,0.06165,-0.030207,-0.447678,-0.254121,-0.025772,0.335699,-0.875553,0.235464,0.421847,0.116043,-0.74493,0.656923,0.47002,0.623818,0.624336,-0.030714,-0.012359,0.007298,-0.041693,0.059297,-0.098997,0.119912,0.001873,0.031498,-0.003598,0.945498,-0.090262,0.312865,-0.128381,0.779655,0.612907,-0.299249,-0.619669,0.725575,-0.015385,-0.006272,0.00358,-0.040261,0.067626,-0.10026,0.027472,0.096849,0.036758,-0.041286,0.659523,0.101453,-0.744806,0.074148,0.977236,0.198771,0.748018,-0.18632,0.636987,-0.013587,-0.004518,0.005664,-0.036172,-0.042439,0.108404,-0.637342
72,0.195891,-0.006895,0.353518,-0.531415,-0.066442,-0.844529,-0.24705,-0.941428,0.229458,-0.809653,0.330655,0.484929,5e-06,-0.000259,-0.000207,4e-06,9e-06,5e-06,-0.442939,-0.255372,-0.026165,0.335693,-0.880719,0.23686,0.41015,0.109489,-0.740504,0.663023,0.46186,0.628538,0.625691,-0.017285,-0.008113,-0.008128,-0.124417,-0.493598,0.577805,0.128546,0.001255,0.031307,-0.003595,0.949034,-0.092029,0.301437,-0.120996,0.776747,0.618079,-0.291023,-0.623051,0.726025,-0.016132,-0.00887,0.000924,-0.439855,-1.671086,2.003247,0.039555,0.09659,0.036643,-0.041171,0.658683,0.100496,-0.745679,0.075678,0.977165,0.198544,0.748605,-0.187209,0.636037,-0.006653,-0.005726,0.004394,-0.032452,-0.069935,0.126358,-0.621013
73,0.19574,-0.006997,0.353612,-0.530851,-0.06583,-0.844932,-0.247734,-0.941378,0.228927,-0.809815,0.33092,0.484478,-0.013312,-0.010921,0.009189,-0.036736,0.024472,-0.049502,-0.442178,-0.25592,-0.026451,0.335612,-0.88237,0.237297,0.406329,0.10742,-0.738946,0.665097,0.459182,0.630202,0.625987,-0.018128,-0.011077,-0.011167,-0.005439,0.042599,-0.079779,0.133526,0.000982,0.031167,-0.003632,0.950472,-0.092836,0.296619,-0.11782,0.775501,0.620254,-0.287611,-0.624482,0.726155,-0.016415,-0.009825,-6.8e-05,-0.028572,-0.011063,0.043392,0.044454,0.09652,0.036596,-0.041127,0.658325,0.099863,-0.746079,0.076391,0.977179,0.198203,0.748847,-0.187476,0.635673,-0.006661,-0.005406,0.004646,-0.037628,0.024502,-0.048903,-0.616441
74,0.19566,-0.007056,0.35366,-0.530409,-0.065343,-0.845247,-0.248204,-0.941366,0.228464,-0.809961,0.331049,0.484146,2e-06,-0.000102,-8.1e-05,0.0,0.0,0.0,-0.440929,-0.256876,-0.027198,0.335239,-0.8879,0.239268,0.392907,0.099251,-0.734143,0.671653,0.450263,0.635047,0.627568,-0.019912,-0.017237,-0.01756,-0.016354,-0.00431,-0.022842,0.173738,0.000505,0.030798,-0.003813,0.95444,-0.095357,0.282752,-0.10827,0.772323,0.625934,-0.278064,-0.62803,0.726813,-0.01021,-0.014554,-0.004976,-0.080413,-0.090365,0.077474,0.063559,0.096475,0.036563,-0.0411,0.65797,0.0992,-0.74648,0.077046,0.977215,0.197773,0.749091,-0.187642,0.635336,-0.0,-5.5e-05,-4.1e-05,-0.000516,0.000146,0.000465,-0.610399
75,0.195731,-0.007022,0.353632,-0.529911,-0.064773,-0.845603,-0.248492,-0.941458,0.227774,-0.810199,0.3309,0.48385,-0.0,9e-06,7e-06,0.0,0.0,0.0,-0.441746,-0.257748,-0.028106,0.334517,-0.893986,0.257323,0.366831,0.069549,-0.728853,0.68108,0.44374,0.634056,0.633191,-0.02129,-0.021771,-0.022429,-0.026517,-0.650034,0.65418,0.181014,6.1e-05,0.030335,-0.004184,0.9594,-0.114998,0.257538,-0.077011,0.771599,0.631429,-0.271329,-0.625627,0.731416,-0.010707,-0.011141,-0.011463,-0.037319,-0.698545,0.698241,0.095727,0.09651,0.03658,-0.041113,0.657626,0.098532,-0.746872,0.077459,0.977311,0.197136,0.749351,-0.187494,0.635073,-1e-06,3e-06,5e-06,-0.000342,9.7e-05,0.000309,-0.606807
76,0.195793,-0.007017,0.353607,-0.529831,-0.064675,-0.845661,-0.248512,-0.941485,0.227641,-0.810245,0.330843,0.483811,6e-06,-0.000309,-0.000247,0.0,0.0,0.0,-0.441691,-0.258118,-0.028528,0.334067,-0.895339,0.276436,0.349201,0.044559,-0.724324,0.68797,0.444233,0.631169,0.635724,-0.021379,-0.021881,-0.022667,0.171392,-0.653188,3.247087,0.183161,-0.000118,0.030129,-0.004403,0.960706,-0.13283,0.243716,-0.054338,0.771061,0.634437,-0.272193,-0.622751,0.733546,-0.010748,-0.011237,-0.011435,1.928725,3.634751,3.804038,0.098013,0.096541,0.036582,-0.041126,0.657572,0.098417,-0.746935,0.077505,0.977333,0.197007,0.749394,-0.187438,0.635039,4e-06,-0.00016,-0.000128,-0.000278,7.8e-05,0.000277,-0.605174
77,0.195886,-0.006981,0.353645,-0.529633,-0.064444,-0.845802,-0.248684,-0.941499,0.227396,-0.810322,0.330848,0.483679,-1.5e-05,0.000776,0.000619,0.0,0.0,0.0,-0.441911,-0.258595,-0.029338,0.333164,-0.897965,0.307991,0.31431,-0.001103,-0.715618,0.698444,0.441164,0.626435,0.642509,-0.00604,-0.021292,-0.022267,0.031075,-0.163398,0.271746,0.20694,-0.000366,0.029708,-0.00487,0.96332,-0.169041,0.208416,-0.003515,0.768639,0.639673,-0.268328,-0.616943,0.739852,-0.002983,-0.010557,-0.011039,0.006673,-0.138991,0.257007,0.111076,0.096588,0.0366,-0.041108,0.657435,0.098145,-0.747091,0.077726,0.977359,0.196793,0.749491,-0.187447,0.634922,-1e-05,0.000484,0.000383,-0.000217,4e-05,0.000174,-0.602071
78,0.195885,-0.006934,0.353695,-0.52936,-0.064137,-0.845997,-0.248906,-0.941521,0.227063,-0.810433,0.330845,0.483495,-2.5e-05,0.001261,0.001004,0.0,0.0,0.0,-0.442113,-0.258761,-0.029969,0.332428,-0.894742,0.353122,0.273373,-0.063025,-0.705676,0.70568,0.443224,0.613718,0.653274,-0.004172,-0.014654,-0.015435,1.505894,3.122626,4.481839,0.248866,-0.00045,0.029392,-0.00524,0.961973,-0.212132,0.172068,0.054798,0.767029,0.639268,-0.26759,-0.605529,0.749485,-0.001961,-0.006917,-0.00729,-0.295515,-2.00733,2.314654,0.152716,0.096587,0.036623,-0.041082,0.657245,0.097786,-0.747306,0.078009,0.977395,0.196501,0.749628,-0.187446,0.63476,-1.6e-05,0.000779,0.000619,-0.000136,3.1e-05,0.000108,-0.599295
79,0.195864,-0.006901,0.353735,-0.529231,-0.063995,-0.846088,-0.249021,-0.941526,0.226914,-0.810481,0.330857,0.483405,-7e-06,0.000363,0.000289,0.0,0.0,0.0,-0.441563,-0.258868,-0.030309,0.331994,-0.890553,0.384433,0.243141,-0.109221,-0.699413,0.706276,0.442687,0.601927,0.664511,-0.00214,-0.007499,-0.007932,1.609199,3.520107,3.867179,0.293677,-0.000505,0.029214,-0.005465,0.957222,-0.250687,0.144506,0.10493,0.76615,0.634038,-0.269658,-0.591752,0.759679,-0.000956,-0.003561,-0.003585,1.630433,3.510145,3.863709,0.206275,0.096577,0.036641,-0.041061,0.657155,0.097619,-0.747406,0.078151,0.977409,0.196374,0.749692,-0.187459,0.63468,-2e-06,0.000174,0.000138,-6.8e-05,2.7e-05,0.000105,-0.596683
80,0.195864,-0.006903,0.353759,-0.528956,-0.063686,-0.846283,-0.249266,-0.941539,0.226592,-0.810586,0.33088,0.483214,-2.8e-05,0.001455,0.001158,0.000876,-0.013506,0.025444,-0.441137,-0.258941,-0.030396,0.331887,-0.890831,0.388281,0.235902,-0.118797,-0.700042,0.704104,0.439648,0.598714,0.669413,-0.001314,-0.0046,-0.00487,0.220622,-0.302134,0.255266,0.319081,-0.00054,0.029174,-0.005515,0.956636,-0.256391,0.138235,0.114708,0.767828,0.630303,-0.267745,-0.587114,0.763942,-0.000565,-0.002,-0.002123,0.435725,-0.051686,0.516556,0.234524,0.096577,0.036641,-0.041055,0.657027,0.097384,-0.747549,0.078341,0.977432,0.196185,0.749784,-0.187463,0.63457,-0.0,1.1e-05,8e-06,-5.8e-05,2.6e-05,0.000105,-0.595376
81,0.195874,-0.006909,0.353742,-0.528779,-0.063485,-0.846409,-0.249376,-0.941567,0.226352,-0.810668,0.330838,0.483106,7e-06,-0.000346,-0.000276,0.0,0.0,0.0,-0.440274,-0.259087,-0.030409,0.331843,-0.888713,0.399472,0.224947,-0.138335,-0.701258,0.69931,0.438215,0.589856,0.67816,-1.8e-05,-6.4e-05,-6.8e-05,0.140816,-0.117136,-0.072388,0.355751,-0.000613,0.029166,-0.005538,0.954714,-0.268604,0.127954,0.133513,0.771111,0.622544,-0.265885,-0.577268,0.772053,-0.007311,0.001219,0.001262,0.189301,-0.239501,0.042037,0.290206,0.096582,0.036637,-0.041058,0.656901,0.097149,-0.747691,0.07851,0.977459,0.19598,0.749877,-0.187441,0.634467,6e-06,-0.00028,-0.000224,-5.5e-05,1.7e-05,9.2e-05,-0.592764
82,0.195885,-0.00691,0.353754,-0.528672,-0.063364,-0.846485,-0.249476,-0.94157,0.226229,-0.810707,0.330852,0.48303,-2e-06,0.000102,8.1e-05,0.0,0.0,0.0,-0.437068,-0.259322,-0.030266,0.331993,-0.885734,0.408141,0.221104,-0.1517,-0.704495,0.693259,0.439824,0.579978,0.685597,0.001293,0.004509,0.004771,0.123758,-0.030144,-0.218504,0.388525,-0.000726,0.029234,-0.005467,0.952451,-0.277829,0.125088,0.145469,0.775374,0.614518,-0.267721,-0.567102,0.778921,0.000726,0.002542,0.002687,0.174619,-0.16436,-0.074443,0.330702,0.096587,0.036636,-0.041053,0.656763,0.096894,-0.747845,0.078713,0.977484,0.195774,0.749977,-0.187442,0.634349,-0.0,7.2e-05,5.6e-05,-4.6e-05,1.7e-05,8.6e-05,-0.589825
83,0.195885,-0.00691,0.353754,-0.528672,-0.063364,-0.846485,-0.249476,-0.94157,0.226229,-0.810707,0.330852,0.48303,-0.0,2e-06,1e-06,0.0,0.0,0.0,-0.432786,-0.259448,-0.030144,0.332122,-0.883757,0.415592,0.215055,-0.162837,-0.703795,0.691442,0.43982,0.575516,0.689351,0.001584,0.005516,0.00583,0.469851,-0.386889,-0.240173,0.410631,-0.000794,0.029299,-0.005398,0.950206,-0.287321,0.120643,0.156399,0.774564,0.612854,-0.269532,-0.563469,0.780932,-0.00637,0.0045,0.004728,0.010576,-0.013534,-0.028633,0.355686,0.096587,0.036636,-0.041053,0.656763,0.096894,-0.747845,0.078713,0.977484,0.195774,0.749977,-0.187442,0.634349,0.0,-5e-06,-5e-06,-4.2e-05,2.3e-05,8.9e-05,-0.587212
84,0.195885,-0.006916,0.353748,-0.528505,-0.063177,-0.846603,-0.249599,-0.941588,0.226018,-0.810778,0.330835,0.482923,1.2e-05,-0.000611,-0.000486,0.0,0.0,0.0,-0.428429,-0.259682,-0.029768,0.332533,-0.880656,0.429581,0.19974,-0.183591,-0.69794,0.692177,0.437857,0.57235,0.693225,-0.011897,0.011838,0.012416,0.011022,-0.02632,0.004163,0.448782,-0.000911,0.029489,-0.005191,0.947722,-0.300919,0.106157,0.177122,0.772817,0.60941,-0.265423,-0.558749,0.785715,-0.005888,0.006151,0.006452,-0.029609,-0.001073,-0.005281,0.410061,0.096587,0.036634,-0.041054,0.656646,0.096679,-0.747976,0.078868,0.977509,0.195586,0.750063,-0.187422,0.634253,1.1e-05,-0.000412,-0.000329,0.006021,-0.093167,0.175684,-0.581007
85,0.195885,-0.006916,0.353748,-0.528326,-0.062975,-0.84673,-0.24973,-0.941608,0.225791,-0.810854,0.330818,0.482806,0.013814,0.000625,-0.000101,0.007027,-0.107922,0.205149,-0.426723,-0.259999,-0.029265,0.333045,-0.886279,0.42652,0.180504,-0.193865,-0.695397,0.691934,0.421758,0.577707,0.69874,-0.011326,0.013725,0.01434,0.044475,-0.035815,-0.027022,0.472931,-0.001064,0.029738,-0.004937,0.95036,-0.298981,0.086167,0.187591,0.771499,0.607946,-0.248242,-0.561604,0.789288,-0.005537,0.007326,0.00766,0.019116,-0.032508,-0.016938,0.449904,0.096582,0.036632,-0.041056,0.656594,0.096583,-0.748034,0.078938,0.977521,0.195501,0.750102,-0.187413,0.63421,-1e-06,0.000109,8.7e-05,-3.9e-05,1.7e-05,7.6e-05,-0.577904
86,0.195885,-0.006903,0.353759,-0.5283,-0.062946,-0.846748,-0.24975,-0.941611,0.225758,-0.810865,0.330815,0.48279,-1e-06,6.5e-05,5.2e-05,0.0,0.0,0.0,-0.424546,-0.260481,-0.028687,0.333678,-0.883787,0.436596,0.168216,-0.208815,-0.689592,0.693393,0.419842,0.577126,0.700372,-0.010876,0.015156,0.015754,0.001746,-0.012499,0.021164,0.478101,-0.001305,0.030028,-0.00462,0.947664,-0.310266,0.075271,0.203017,0.767578,0.607953,-0.246403,-0.560855,0.790396,-0.005492,0.007427,0.007726,-0.007812,0.010323,-0.006024,0.469009,0.096587,0.03664,-0.04105,0.656503,0.096414,-0.748136,0.079058,0.977541,0.195353,0.750169,-0.187397,0.634136,-1e-06,2.1e-05,1.7e-05,-3.9e-05,6e-06,8.1e-05,-0.575292
87,0.195885,-0.006896,0.353765,-0.52999,-0.060887,-0.845842,-0.249697,-0.941996,0.224201,-0.809777,0.330098,0.485102,-1e-06,2.9e-05,2.3e-05,0.009884,0.026805,0.013876,-0.423785,-0.260831,-0.028352,0.334026,-0.882548,0.440159,0.165408,-0.21398,-0.688989,0.692416,0.419846,0.575133,0.702007,-0.010675,0.015764,0.016339,0.01494,0.013666,0.049568,0.47798,-0.00147,0.030189,-0.004453,0.946597,-0.314074,0.072868,0.208024,0.767617,0.606209,-0.24633,-0.558677,0.79196,-0.005244,0.008242,0.008552,0.07377,0.343512,0.364196,0.471295,0.096587,0.036643,-0.041047,0.658463,0.094519,-0.746653,0.079163,0.97788,0.193603,0.748437,-0.186588,0.636416,0.0,4e-06,4e-06,-0.002497,0.009709,0.009033,-0.573822
88,0.195874,-0.006895,0.353753,-0.530008,-0.060907,-0.84583,-0.249663,-0.942003,0.224211,-0.809776,0.330076,0.485119,4e-06,-0.000196,-0.000156,2e-06,7e-06,3e-06,-0.423333,-0.261605,-0.027685,0.334745,-0.875585,0.453052,0.167587,-0.22385,-0.687785,0.69049,0.429191,0.566489,0.703384,-0.024934,0.018922,0.019456,0.087111,0.342737,0.33964,0.473542,-0.00187,0.030535,-0.00408,0.941697,-0.327544,0.076947,0.217654,0.767431,0.603055,-0.256579,-0.551147,0.793979,-0.012467,0.009505,0.009782,0.072224,0.356029,0.340534,0.469499,0.096582,0.036643,-0.041053,0.658284,0.094669,-0.746792,0.079212,0.977841,0.193783,0.748589,-0.18672,0.636198,3e-06,-0.00011,-8.9e-05,-0.000482,-0.001011,-0.000447,-0.571863
89,0.195884,-0.006888,0.353758,-0.52998,-0.060875,-0.845849,-0.249683,-0.942006,0.224175,-0.809787,0.330073,0.485101,-0.0,3e-06,2e-06,0.0,0.0,0.0,-0.423416,-0.262393,-0.026918,0.335562,-0.870145,0.461692,0.172275,-0.228,-0.686923,0.68999,0.437995,0.560523,0.702735,-0.024066,0.021574,0.022043,-0.012373,0.097531,-0.182487,0.466663,-0.002265,0.030917,-0.003673,0.93799,-0.336582,0.082986,0.221911,0.766896,0.602184,-0.266326,-0.546427,0.794032,-0.01201,0.010917,0.011163,-0.013001,0.097994,-0.1811,0.460355,0.096587,0.036647,-0.041051,0.658258,0.094638,-0.746819,0.079239,0.977844,0.193757,0.748609,-0.186719,0.636175,0.0,-3e-06,-2e-06,4.5e-05,-3.2e-05,-0.000115,-0.570719
90,0.195884,-0.006873,0.353757,-0.529957,-0.060848,-0.845865,-0.249679,-0.942017,0.224133,-0.809803,0.330046,0.485093,-6e-06,0.000319,0.000254,0.0,0.0,0.0,-0.423393,-0.262752,-0.026478,0.336026,-0.870131,0.460871,0.174531,-0.226083,-0.687804,0.689743,0.439018,0.560119,0.702419,-0.02338,0.023732,0.024163,-0.010682,0.083834,-0.157189,0.466228,-0.002433,0.031118,-0.00346,0.938139,-0.335647,0.085051,0.219995,0.767474,0.60215,-0.267385,-0.54619,0.793838,-0.011732,0.011782,0.012012,-0.010751,0.084441,-0.156257,0.456599,0.096587,0.036654,-0.041052,0.658242,0.094609,-0.746836,0.079241,0.977852,0.193714,0.748623,-0.186691,0.636167,-3e-06,0.000243,0.000192,6.7e-05,-1.7e-05,-8.9e-05,-0.57023
91,0.195884,-0.006867,0.353774,-0.529941,-0.060831,-0.845877,-0.249712,-0.94201,0.224126,-0.809804,0.330069,0.485076,-3e-06,0.000144,0.000115,0.0,0.0,0.0,-0.423795,-0.263291,-0.025686,0.33692,-0.87008,0.459432,0.178533,-0.222649,-0.689295,0.689372,0.440873,0.559472,0.701773,-0.008796,0.021471,0.021734,-0.008638,0.068613,-0.127953,0.466389,-0.00271,0.031527,-0.003,0.938401,-0.333911,0.088916,0.216397,0.768494,0.602153,-0.269397,-0.54582,0.793413,-0.004533,0.010332,0.01047,0.001334,-0.011725,0.021937,0.45415,0.096587,0.036657,-0.041042,0.658231,0.094589,-0.746849,0.079274,0.97785,0.193713,0.74863,-0.186714,0.636153,-1e-06,7.6e-05,6e-05,5.3e-05,-2.5e-05,-8.7e-05,-0.569413
92,0.195884,-0.006868,0.353786,-0.529848,-0.060727,-0.845942,-0.249801,-0.942011,0.224022,-0.809837,0.330085,0.48501,-1e-06,5.3e-05,4.2e-05,0.0,0.0,0.0,-0.423378,-0.263638,-0.02504,0.33785,-0.864501,0.468578,0.181831,-0.227865,-0.687643,0.689318,0.449119,0.553885,0.700976,-0.009384,0.009613,0.029178,-0.037895,0.129248,-0.137288,0.462132,-0.002883,0.031856,-0.002536,0.93453,-0.343362,0.093566,0.221771,0.767495,0.601471,-0.278334,-0.541343,0.793395,-0.004542,0.010236,0.010289,0.030659,0.077761,0.152869,0.450231,0.096587,0.036657,-0.041036,0.658166,0.09447,-0.746922,0.079379,0.977859,0.193625,0.748676,-0.186728,0.636094,1e-06,1.8e-05,1.3e-05,5.7e-05,4e-06,-8.6e-05,-0.56876
93,0.195884,-0.006859,0.353768,-0.529842,-0.060718,-0.845947,-0.249764,-0.94203,0.223987,-0.809853,0.330035,0.485018,0.0,-1e-06,-0.0,0.0,0.0,0.0,-0.422684,-0.263783,-0.024553,0.338763,-0.862682,0.471268,0.183517,-0.229842,-0.68838,0.687925,0.451609,0.550678,0.701902,0.004667,0.005967,0.025425,0.222602,-0.231854,-0.10119,0.452337,-0.002958,0.032105,-0.002067,0.93293,-0.346998,0.096081,0.223717,0.767739,0.600439,-0.282117,-0.538673,0.793876,0.002299,0.00292,0.01265,0.333357,-0.27631,-0.094557,0.440434,0.096587,0.036661,-0.041046,0.658162,0.09446,-0.746927,0.079347,0.97787,0.193584,0.748683,-0.186676,0.636101,0.0,-1e-06,-0.0,4.8e-05,-1.1e-05,-9.6e-05,-0.56778
94,0.195884,-0.006859,0.353768,-0.529752,-0.060617,-0.84601,-0.24983,-0.942039,0.223873,-0.809891,0.330026,0.48496,0.0,-0.0,-0.0,0.0,0.0,0.0,-0.422032,-0.263818,-0.024334,0.339229,-0.862629,0.471037,0.184358,-0.228994,-0.688451,0.688136,0.452141,0.550788,0.701474,-0.009477,0.009193,0.028564,-0.028919,-0.012807,0.029354,0.447112,-0.002973,0.032208,-0.001847,0.933349,-0.345733,0.096572,0.222574,0.768449,0.599954,-0.281635,-0.538472,0.794183,0.002419,0.008187,0.008156,-0.010785,-0.024876,0.046342,0.433575,0.096587,0.036661,-0.041046,0.658099,0.094345,-0.746997,0.07943,0.977883,0.193482,0.748729,-0.186664,0.63605,1e-06,-0.0,1e-06,6.3e-05,-3e-06,-8e-05,-0.567454
95,0.195884,-0.00686,0.35378,-0.529749,-0.060614,-0.846013,-0.249854,-0.942031,0.223882,-0.809886,0.330051,0.484952,-0.0,2e-06,1e-06,0.0,0.0,0.0,-0.421609,-0.263834,-0.023916,0.340152,-0.861869,0.472358,0.184531,-0.231749,-0.690336,0.685319,0.452186,0.547287,0.704179,0.004938,0.016628,0.016444,0.356326,-0.33434,-0.138627,0.441199,-0.002982,0.032413,-0.00139,0.93204,-0.348956,0.097624,0.225172,0.768849,0.598471,-0.283898,-0.535816,0.795174,0.002331,0.003041,0.012686,-0.042798,-0.008183,0.034104,0.423451,0.096587,0.036661,-0.041039,0.658096,0.094341,-0.746999,0.079452,0.977878,0.193496,0.748729,-0.186689,0.636043,1e-06,-5e-06,-5e-06,4.9e-05,-4e-06,-8.5e-05,-0.566311
96,0.195894,-0.006867,0.353774,-0.529658,-0.060511,-0.846077,-0.249921,-0.94204,0.223766,-0.809925,0.330042,0.484893,0.0,-3e-06,-2e-06,0.0,0.0,0.0,-0.421379,-0.26386,-0.023566,0.341077,-0.859769,0.477702,0.180526,-0.240729,-0.690698,0.68185,0.451489,0.542166,0.708574,0.004606,0.005825,0.025006,0.025679,-0.061237,0.004544,0.439461,-0.002998,0.032595,-0.00092,0.930941,-0.35299,0.09352,0.233177,0.771716,0.591676,-0.281027,-0.529009,0.800732,-0.004923,0.003979,0.013551,-0.018885,-0.036454,-0.036946,0.418063,0.096592,0.036657,-0.041043,0.658033,0.094223,-0.74707,0.079537,0.977892,0.193392,0.748776,-0.186678,0.63599,0.0,3e-06,1e-06,0.006095,-0.093226,0.175498,-0.565494
97,0.195894,-0.006874,0.353769,-0.529671,-0.060525,-0.846068,-0.249912,-0.942039,0.223782,-0.809919,0.330043,0.484901,5e-06,-0.00023,-0.000183,0.0,0.0,0.0,-0.420966,-0.263889,-0.023404,0.341554,-0.862932,0.472682,0.178639,-0.240715,-0.695174,0.677291,0.445411,0.540851,0.713409,0.004592,0.00579,0.024919,0.321981,-0.319533,-0.154292,0.439921,-0.003011,0.032678,-0.000673,0.932761,-0.348761,0.091221,0.232301,0.775007,0.587707,-0.275666,-0.527,0.803914,0.002274,0.002879,0.012443,0.405917,-0.355743,-0.151714,0.416593,0.096592,0.036654,-0.041045,0.658042,0.094239,-0.74706,0.079525,0.97789,0.193407,0.74877,-0.18668,0.635998,2e-06,-0.000144,-0.000114,4.6e-05,-8e-06,-9.3e-05,-0.565004
98,0.195894,-0.006867,0.353774,-0.529658,-0.060511,-0.846077,-0.249921,-0.94204,0.223766,-0.809925,0.330042,0.484893,-0.0,2.4e-05,1.9e-05,0.0,0.0,0.0,-0.421071,-0.264,-0.023204,0.342499,-0.868088,0.464363,0.175448,-0.240445,-0.702362,0.669931,0.435409,0.53878,0.721109,-0.010623,0.00514,0.024215,0.253871,-0.246604,-0.147713,0.439521,-0.003066,0.032781,-0.000197,0.93653,-0.339728,0.086569,0.230041,0.781826,0.579506,-0.264557,-0.522811,0.810356,-0.005373,0.002417,0.011958,0.269237,-0.256139,-0.150586,0.41447,0.096592,0.036657,-0.041042,0.658032,0.094223,-0.74707,0.079537,0.977892,0.193392,0.748776,-0.186678,0.635991,-0.0,1.2e-05,9e-06,4.6e-05,-1e-05,-8.5e-05,-0.564515
99,0.195905,-0.006866,0.353774,-0.529554,-0.060392,-0.846151,-0.249999,-0.942051,0.223633,-0.809969,0.330032,0.484826,-0.0,0.0,0.0,0.0,0.0,0.0,-0.421066,-0.264169,-0.023172,0.343379,-0.873135,0.45591,0.172547,-0.239676,-0.709539,0.662604,0.425613,0.536606,0.72854,0.002743,-0.000433,0.018726,0.223327,-0.22147,-0.127043,0.437894,-0.003151,0.0328,0.000238,0.940037,-0.330944,0.082496,0.227267,0.788134,0.572008,-0.254321,-0.51896,0.816088,-0.005817,0.0009,0.010461,0.304541,-0.263083,-0.179358,0.412511,0.096597,0.036658,-0.041043,0.65796,0.094088,-0.747152,0.079634,0.977908,0.193274,0.74883,-0.186665,0.635931,2e-06,-2e-06,-2e-06,5.1e-05,1.1e-05,-8.4e-05,-0.564025
100,0.195904,-0.006865,0.353762,-0.529468,-0.060294,-0.846212,-0.250041,-0.942069,0.223511,-0.810012,0.329999,0.484776,0.0,-1.1e-05,-8e-06,0.0,0.0,0.0,-0.420995,-0.264392,-0.023229,0.344128,-0.878107,0.447218,0.170044,-0.238381,-0.716894,0.655112,0.415984,0.534152,0.735868,-0.012406,-0.000934,0.018241,0.190769,-0.179974,-0.139882,0.436838,-0.003257,0.032771,0.000613,0.94355,-0.321758,0.078644,0.223987,0.794724,0.564131,-0.244014,-0.51467,0.821931,0.00088,-0.001826,0.007797,0.249012,-0.238185,-0.132053,0.410388,0.096597,0.036658,-0.041049,0.657899,0.093975,-0.747219,0.079695,0.977925,0.193159,0.748877,-0.186629,0.635887,1e-06,1e-06,-1e-06,4e-05,-1.1e-05,-9.3e-05,-0.563535
101,0.195904,-0.006865,0.353762,-0.529468,-0.060294,-0.846212,-0.250041,-0.942069,0.223511,-0.810012,0.329999,0.484776,0.0,-0.0,-0.0,0.0,0.0,0.0,-0.421602,-0.264512,-0.023296,0.344451,-0.880063,0.443687,0.16918,-0.237653,-0.719808,0.652173,0.412244,0.533181,0.738671,0.00146,-0.004753,0.014519,0.12383,-0.135134,-0.073904,0.436965,-0.003317,0.03274,0.000769,0.944963,-0.317931,0.07722,0.222424,0.797357,0.561024,-0.239939,-0.512971,0.824189,0.000746,-0.002283,0.007353,0.186164,-0.189529,-0.106809,0.409735,0.096597,0.036658,-0.041049,0.657899,0.093975,-0.747219,0.079695,0.977925,0.193159,0.748876,-0.186629,0.635887,-1e-06,5e-06,4e-06,3.5e-05,-2.4e-05,-9.5e-05,-0.563535
102,0.195905,-0.006866,0.353774,-0.529375,-0.06019,-0.846277,-0.250131,-0.94207,0.223406,-0.810046,0.330014,0.48471,-0.0,2e-06,2e-06,0.0,0.0,0.0,-0.421291,-0.264795,-0.023444,0.344968,-0.87771,0.448744,0.168064,-0.244861,-0.721306,0.647839,0.413042,0.52689,0.742729,-0.013609,-0.004982,0.014321,0.047242,-0.043061,-0.089842,0.43568,-0.003463,0.032662,0.001039,0.943308,-0.322918,0.07676,0.228485,0.799501,0.55551,-0.240754,-0.506479,0.827958,-0.006847,-0.002603,0.007055,0.014862,-0.029762,-0.091423,0.407775,0.096597,0.036658,-0.041043,0.657834,0.093856,-0.747292,0.0798,0.977934,0.193071,0.748923,-0.186643,0.635828,-0.0,-4e-06,-3e-06,4.4e-05,-2e-06,-8.5e-05,-0.563208
103,0.195905,-0.006873,0.353769,-0.529119,-0.059902,-0.846458,-0.250319,-0.942097,0.223081,-0.810155,0.32999,0.484544,0.0,-1e-06,-1e-06,0.0,0.0,0.0,-0.421587,-0.265173,-0.023567,0.345352,-0.880689,0.443071,0.16753,-0.243049,-0.726051,0.643204,0.407727,0.52518,0.746866,-0.013855,0.00384,0.003718,0.356524,-0.299672,-0.220187,0.435457,-0.003648,0.032599,0.001228,0.9449,-0.318368,0.07619,0.225803,0.802381,0.552446,-0.237015,-0.504802,0.830058,0.000116,-0.0044,0.005317,0.356228,-0.339648,-0.24011,0.406306,0.096597,0.036654,-0.041045,0.657654,0.093526,-0.747491,0.080038,0.977971,0.192782,0.749055,-0.186611,0.635682,-0.0,3e-06,3e-06,5.1e-05,-8e-06,-7.9e-05,-0.563208
104,0.195904,-0.006857,0.353755,-0.5291,-0.059879,-0.846472,-0.250292,-0.942117,0.22303,-0.810176,0.329939,0.484543,0.0,-0.0,-0.0,0.0,0.0,0.0,-0.42118,-0.265373,-0.023613,0.345494,-0.875366,0.453288,0.168095,-0.251047,-0.723151,0.6434,0.414303,0.520433,0.74657,-0.01418,0.002757,0.002674,0.281889,1.077328,1.205744,0.434986,-0.003753,0.032577,0.001301,0.941811,-0.3271,0.077433,0.233208,0.801739,0.550296,-0.242083,-0.500217,0.83137,-0.007132,0.001242,0.001223,0.275351,1.116335,1.208335,0.405979,0.096597,0.036662,-0.041052,0.657641,0.093499,-0.747506,0.080017,0.977984,0.192725,0.749069,-0.186557,0.635681,-2e-06,4e-06,3e-06,4.5e-05,-3.5e-05,-7.4e-05,-0.563045
105,0.195904,-0.006857,0.353755,-0.52901,-0.059778,-0.846535,-0.250358,-0.942126,0.222916,-0.810214,0.32993,0.484485,0.0,-0.0,-0.0,0.0,0.0,0.0,-0.421724,-0.265813,-0.023692,0.34572,-0.874741,0.454327,0.168544,-0.253435,-0.725186,0.640164,0.414168,0.516684,0.749243,-0.014294,0.002386,0.002312,0.213842,-0.175346,-0.144494,0.428945,-0.003968,0.032534,0.001411,0.94083,-0.329669,0.078468,0.235725,0.803011,0.547362,-0.24346,-0.496477,0.833208,-0.007168,0.001145,0.001117,0.338542,-0.160644,-0.328497,0.40255,0.096597,0.036662,-0.041052,0.657578,0.093383,-0.747575,0.0801,0.977997,0.192624,0.749115,-0.186546,0.63563,-2e-06,2e-06,2e-06,3.6e-05,-3.4e-05,-8.7e-05,-0.562555
