frame,MLTx,MLTy,MLTz,MLTR1,MLTR2,MLTR3,MLTR4,MLTR5,MLTR6,MLTR7,MLTR8,MLTR9,MLTTVx,MLTTVy,MLTTVz,MLTRVx,MLTRVy,MLTRVz,MLGA,MRTx,MRTy,MRTz,MRTR1,MRTR2,MRTR3,MRTR4,MRTR5,MRTR6,MRTR7,MRTR8,MRTR9,MRTTVx,MRTTVy,MRTTVz,MRTRVx,MRTRVy,MRTRVz,MRGA,SLTx,SLTy,SLTz,SLTR1,SLTR2,SLTR3,SLTR4,SLTR5,SLTR6,SLTR7,SLTR8,SLTR9,SLTTVx,SLTTVy,SLTTVz,SLTRVx,SLTRVy,SLTRVz,SLGA,SRTx,SRTy,SRTz,SRTR1,SRTR2,SRTR3,SRTR4,SRTR5,SRTR6,SRTR7,SRTR8,SRTR9,SRTTVx,SRTTVy,SRTTVz,SRTRVx,SRTRVy,SRTRVz,SRGA
517,0.0701,0.029427,0.406932,-0.373728,0.556127,-0.742357,-0.722975,-0.675994,-0.142514,-0.580628,0.482749,0.65563,-0.0,-0.0,-0.0,0.0,0.0,0.0,-0.022111,-0.068495,-0.007548,0.392595,0.306063,0.892867,-0.330312,-0.786959,0.042184,-0.615509,-0.53599,0.447181,0.715966,0.010598,0.008204,0.021065,-0.036359,0.035985,-0.126113,-1.403911,0.0451,0.040969,-0.013067,-0.256868,-0.91176,-0.320486,0.822332,-0.031982,-0.568108,0.507728,-0.409475,0.757985,0.005355,0.003877,0.010368,0.015441,0.008143,-0.035347,-0.860339,0.080797,0.045437,-0.05891,-0.440288,0.526782,-0.72708,-0.657973,-0.740302,-0.137921,-0.610914,0.417674,0.672555,-2e-06,2e-06,4e-06,-3e-06,1e-06,1e-06,-0.218012
518,0.070103,0.029442,0.406929,-0.373692,0.556137,-0.742368,-0.722971,-0.67599,-0.142554,-0.580656,0.482744,0.655609,9.1e-05,0.000246,0.000133,0.0,0.0,0.0,-0.023476,-0.068362,-0.007424,0.392976,0.30646,0.892703,-0.330386,-0.787201,0.042702,-0.615162,-0.535406,0.447458,0.71623,-0.00204,0.00307,0.018951,-0.032548,-0.021842,0.029553,-1.403975,0.045166,0.041035,-0.012879,-0.256225,-0.911777,-0.320951,0.822445,-0.031186,-0.567987,0.507869,-0.409497,0.757878,-0.000933,0.001216,0.009243,0.014627,-0.023924,-0.044853,-0.862299,0.080799,0.045444,-0.058912,-0.440254,0.526795,-0.727091,-0.65797,-0.740297,-0.137962,-0.610942,0.417666,0.672534,6.6e-05,0.000188,0.000104,1e-06,3e-06,8e-06,-0.218502
519,0.070112,0.02944,0.406927,-0.373669,0.556147,-0.742372,-0.722979,-0.675978,-0.142571,-0.580661,0.48275,0.655601,0.0,0.0,0.0,0.0,0.0,0.0,-0.023993,-0.068166,-0.007374,0.393648,0.307066,0.891566,-0.332883,-0.78729,0.041613,-0.615123,-0.534928,0.449815,0.715109,0.014189,-0.007004,0.026779,0.002284,-0.112668,-0.029517,-1.403773,0.045261,0.041071,-0.012535,-0.255502,-0.911444,-0.322472,0.822842,-0.029887,-0.567482,0.507591,-0.410337,0.757611,-0.000346,-0.000689,0.007858,-0.008202,-0.046079,-0.032573,-0.857073,0.080803,0.045443,-0.058912,-0.440232,0.526807,-0.727096,-0.65798,-0.740286,-0.137979,-0.610947,0.417672,0.672526,-1e-06,-4e-06,-1e-06,4e-06,2e-06,1e-05,-0.219155
520,0.070118,0.02943,0.406922,-0.373666,0.556148,-0.742373,-0.72298,-0.675977,-0.142573,-0.580661,0.482751,0.655599,-9e-06,-2.5e-05,-1.4e-05,0.0,0.0,0.0,-0.02456,-0.067929,-0.007655,0.394374,0.302212,0.892214,-0.33558,-0.788006,0.035892,-0.614567,-0.536632,0.449023,0.71433,0.002753,-0.015932,0.021969,-0.067442,-0.002835,-0.048711,-1.403935,0.045382,0.040937,-0.012168,-0.253382,-0.911241,-0.32471,0.823212,-0.026826,-0.567098,0.508053,-0.410999,0.756942,0.001338,-0.00789,0.011037,0.04027,-0.045838,-0.075728,-0.8574,0.080806,0.045438,-0.058915,-0.440229,0.526808,-0.727097,-0.657981,-0.740284,-0.13798,-0.610948,0.417673,0.672525,0.005977,-0.001662,-0.001025,0.000989,-0.014714,0.029561,-0.219482
521,0.070118,0.02943,0.406922,-0.373666,0.556148,-0.742373,-0.72298,-0.675977,-0.142573,-0.580661,0.482751,0.655599,-0.0,-0.0,-0.0,0.0,0.0,0.0,-0.024372,-0.067654,-0.008128,0.395114,0.288351,0.895631,-0.33866,-0.786732,0.020149,-0.616912,-0.546036,0.443174,0.710849,0.000532,-0.005248,0.01294,0.018,0.079683,-0.103794,-1.404085,0.045518,0.040692,-0.01181,-0.245844,-0.912973,-0.325636,0.822127,-0.01843,-0.569005,0.513485,-0.407601,0.755111,0.001239,-0.007567,0.011273,0.082064,0.005491,-0.12183,-0.853318,0.080806,0.045438,-0.058915,-0.440229,0.526808,-0.727097,-0.657981,-0.740284,-0.13798,-0.610948,0.417673,0.672525,1e-06,3e-06,3e-06,-3e-06,0.0,-3e-06,-0.219482
522,0.070118,0.029422,0.406929,-0.373683,0.556147,-0.742366,-0.72299,-0.675971,-0.142548,-0.580637,0.482761,0.655613,-0.0,-0.0,-0.0,0.0,0.0,0.0,-0.023904,-0.067453,-0.008275,0.39555,0.283478,0.897112,-0.338855,-0.787386,0.016186,-0.616194,-0.547638,0.440337,0.711379,0.01446,-0.007881,0.026153,-0.061684,-0.01823,-0.001311,-1.404399,0.045615,0.040612,-0.011602,-0.2427,-0.913442,-0.326679,0.822235,-0.014991,-0.568949,0.514805,-0.406691,0.754703,0.006357,0.000587,0.007967,0.03136,0.059986,-0.126127,-0.852665,0.080806,0.045434,-0.058911,-0.440246,0.526805,-0.727089,-0.657992,-0.74028,-0.137955,-0.610925,0.417684,0.672539,-1e-06,2e-06,-0.0,3e-06,-9e-06,5e-06,-0.219482
523,0.070124,0.029412,0.406923,-0.37368,0.556147,-0.742366,-0.722991,-0.675969,-0.142549,-0.580638,0.482762,0.655612,-0.000241,-0.000653,-0.000353,0.0,0.0,0.0,-0.02281,-0.06716,-0.008589,0.396508,0.278212,0.897628,-0.341838,-0.788363,0.010241,-0.615072,-0.548926,0.439462,0.710927,0.001227,-0.011031,0.025494,-0.067655,-0.012137,-0.021364,-1.404257,0.045771,0.040458,-0.01111,-0.233238,-0.914832,-0.329669,0.82286,-0.005025,-0.568221,0.51817,-0.403802,0.753951,0.007192,-0.003878,0.013118,0.014695,-0.00716,-0.12296,-0.853971,0.08081,0.04543,-0.058914,-0.440243,0.526806,-0.72709,-0.657993,-0.740278,-0.137956,-0.610926,0.417686,0.672538,-0.000137,-0.000368,-0.000198,-4e-06,-1e-06,-0.0,-0.219155
524,0.070143,0.029415,0.406913,-0.371391,0.556901,-0.74295,-0.722638,-0.675748,-0.145363,-0.582545,0.482201,0.654331,-0.0,-0.0,-0.0,0.0,-0.0,0.0,-0.023625,-0.06709,-0.009036,0.397377,0.273713,0.897674,-0.345332,-0.787073,0.002837,-0.616799,-0.55302,0.439477,0.707737,0.002033,-0.013612,0.023655,-0.010845,-0.074604,-0.079445,-1.404202,0.045804,0.04024,-0.010672,-0.225487,-0.916039,-0.331702,0.822085,0.003805,-0.56935,0.52281,-0.401069,0.752205,-4.8e-05,-0.001681,0.007141,-0.007896,-0.023233,-0.082173,-0.854297,0.080819,0.04543,-0.058919,-0.438048,0.527783,-0.727708,-0.657718,-0.739992,-0.140775,-0.612797,0.41696,0.671284,1e-06,4e-06,5e-06,-0.000225,0.000149,-0.000201,-0.218992
525,0.070145,0.029415,0.406924,-0.369293,0.557582,-0.743484,-0.722242,-0.675599,-0.148,-0.584368,0.481623,0.65313,1.5e-05,4.1e-05,2.2e-05,0.048033,-0.031514,0.047544,-0.024772,-0.067114,-0.009255,0.397802,0.275008,0.897009,-0.34603,-0.78542,0.002176,-0.618907,-0.554728,0.440833,0.705554,0.001822,-0.012936,0.024139,-0.05209,-0.02193,-0.056444,-1.404264,0.045794,0.040123,-0.010451,-0.22504,-0.915815,-0.332625,0.821493,0.005232,-0.570193,0.523932,-0.401565,0.751159,0.000878,-0.006414,0.012108,0.092006,-0.014965,-0.055134,-0.850052,0.08082,0.045431,-0.058914,-0.436039,0.528665,-0.728273,-0.65739,-0.739776,-0.143416,-0.614579,0.416225,0.670111,7e-06,2.1e-05,1.3e-05,0.173302,-0.113442,0.171081,-0.219808
526,0.070146,0.029415,0.406935,-0.367194,0.558263,-0.744013,-0.721838,-0.675447,-0.150637,-0.586188,0.481046,0.651924,1e-06,2e-06,1e-06,0.16011,-0.10504,0.15848,-0.025343,-0.067387,-0.009679,0.39849,0.27773,0.894816,-0.349516,-0.781259,-0.001182,-0.624152,-0.559234,0.445262,0.699187,-0.010295,-0.019656,0.020944,-0.457779,-1.262174,0.976923,-1.404402,0.045659,0.039924,-0.010112,-0.227776,-0.915392,-0.331923,0.818123,0.004931,-0.575021,0.528006,-0.402531,0.747781,-0.005887,-0.005327,0.005328,-1.994385,-3.285874,3.780087,-0.849235,0.080821,0.045431,-0.058908,-0.434162,0.52949,-0.728794,-0.657081,-0.739569,-0.145878,-0.616236,0.415542,0.669011,-1e-06,-8e-06,-5e-06,0.592164,-0.387329,0.583742,-0.220625
527,0.070132,0.029403,0.406929,-0.365023,0.558971,-0.744549,-0.721435,-0.67527,-0.15334,-0.588038,0.480473,0.650679,-9e-06,-2.6e-05,-1.4e-05,0.0,-0.0,0.0,-0.025599,-0.067924,-0.010188,0.398875,0.280308,0.889721,-0.360299,-0.778521,-0.00871,-0.627505,-0.561766,0.455254,0.690671,-0.011335,-0.012804,0.009148,0.1699,-0.312353,0.025612,-1.404177,0.045387,0.039661,-0.009912,-0.227782,-0.914431,-0.334559,0.817828,0.006808,-0.575421,0.52846,-0.404683,0.746297,-0.005635,-0.006541,0.004483,0.043978,-0.089885,0.074371,-0.850542,0.080813,0.045424,-0.058912,-0.431917,0.53048,-0.729409,-0.656722,-0.739306,-0.148803,-0.618194,0.414749,0.667696,-1e-06,-6e-06,-3e-06,-0.003049,0.001955,-0.002881,-0.220461
528,0.070134,0.029403,0.40694,-0.36502,0.558979,-0.744545,-0.721452,-0.675254,-0.15333,-0.588018,0.480487,0.650687,7.7e-05,0.000209,0.000113,0.0,-0.0,0.0,-0.026653,-0.068476,-0.01051,0.399068,0.284961,0.88728,-0.362661,-0.77302,-0.010839,-0.634237,-0.567005,0.459939,0.683246,0.00153,-0.008487,0.010643,0.037505,-0.092239,-0.062156,-1.404361,0.045112,0.039496,-0.009819,-0.229605,-0.914528,-0.333044,0.814449,0.006811,-0.580193,0.532872,-0.404463,0.743273,0.000762,-0.004252,0.005324,0.060527,0.000503,-0.020534,-0.851195,0.080814,0.045424,-0.058906,-0.431943,0.530476,-0.729396,-0.656747,-0.739293,-0.148754,-0.618149,0.414775,0.667721,5.8e-05,0.000161,8.8e-05,-5.4e-05,3.6e-05,-4.4e-05,-0.221441
529,0.070133,0.029395,0.406947,-0.365171,0.558917,-0.744518,-0.721417,-0.675321,-0.1532,-0.587967,0.480466,0.650748,1e-06,4e-06,2e-06,0.0,0.0,0.0,-0.026999,-0.068628,-0.0106,0.39916,0.28671,0.885085,-0.366625,-0.771541,-0.013384,-0.635988,-0.568141,0.464074,0.679496,-0.013625,-0.001862,0.000248,0.16963,-0.367052,-0.047814,-1.404338,0.045042,0.03945,-0.009774,-0.233556,-0.913469,-0.333202,0.813999,0.003752,-0.580852,0.531841,-0.406888,0.742687,0.000592,-0.003694,0.005718,-0.125241,-0.362678,0.480665,-0.850215,0.080814,0.045421,-0.058902,-0.432087,0.530399,-0.729367,-0.656703,-0.739358,-0.148625,-0.618095,0.414759,0.667782,-2e-06,-3e-06,-1e-06,-1.3e-05,0.0,-8e-06,-0.221441
530,0.070121,0.02939,0.406945,-0.365213,0.558898,-0.744511,-0.721403,-0.675343,-0.153168,-0.587959,0.480456,0.650764,-3.4e-05,-9.3e-05,-5e-05,0.0,0.0,0.0,-0.026859,-0.068736,-0.010753,0.399329,0.282615,0.88463,-0.370878,-0.770295,-0.020964,-0.637291,-0.571868,0.464659,0.675961,0.001785,-0.009329,0.010047,-0.02598,-0.011419,-0.028473,-1.404595,0.044981,0.039379,-0.009691,-0.229565,-0.914317,-0.333652,0.813519,0.007938,-0.581484,0.534309,-0.40492,0.741992,8e-06,-4e-05,-2.4e-05,0.013618,0.116835,-0.238979,-0.852011,0.080808,0.045418,-0.058903,-0.432127,0.530376,-0.72936,-0.656686,-0.73938,-0.148593,-0.618085,0.414749,0.667797,-2e-05,-5.5e-05,-2.9e-05,2e-06,1.7e-05,1.4e-05,-0.221441
531,0.070106,0.029402,0.406952,-0.365373,0.558826,-0.744487,-0.721348,-0.67543,-0.153044,-0.587927,0.480418,0.650821,5.6e-05,0.000151,8.2e-05,0.0,0.0,0.0,-0.028191,-0.068475,-0.010712,0.399539,0.283869,0.884944,-0.369167,-0.768751,-0.019918,-0.639186,-0.573324,0.464108,0.675105,-0.001047,0.003413,0.00242,2e-06,-2e-06,-1e-06,-1.404096,0.04511,0.039387,-0.009588,-0.228433,-0.915034,-0.332459,0.812361,0.00905,-0.583082,0.536549,-0.403272,0.741272,0.006697,-0.000456,0.007221,0.055759,0.031564,-0.014439,-0.851521,0.0808,0.045424,-0.0589,-0.432278,0.530289,-0.729333,-0.656621,-0.739461,-0.148472,-0.618048,0.414714,0.667853,3.6e-05,9.5e-05,5.1e-05,-7e-06,-1e-06,-3e-06,-0.221931
532,0.0701,0.029412,0.406957,-0.365376,0.558825,-0.744486,-0.721347,-0.675431,-0.153042,-0.587926,0.480417,0.650822,7.8e-05,0.000211,0.000114,0.0,0.0,0.0,-0.028552,-0.06832,-0.010648,0.399651,0.285807,0.884226,-0.369391,-0.766267,-0.020451,-0.642145,-0.575686,0.465447,0.672166,-0.000892,0.002902,0.002056,0.007471,-0.008782,-0.003317,-1.404353,0.04519,0.039426,-0.009527,-0.228811,-0.915454,-0.331041,0.811168,0.008708,-0.584747,0.538192,-0.402327,0.740595,-0.000462,0.001495,0.001057,0.106685,0.060391,0.045766,-0.854461,0.080797,0.045429,-0.058897,-0.432281,0.530288,-0.729333,-0.65662,-0.739463,-0.148471,-0.618047,0.414713,0.667854,5.6e-05,0.000154,8.3e-05,-3e-06,-3e-06,1e-06,-0.222584
533,0.070055,0.029425,0.406965,-0.365488,0.558777,-0.744467,-0.721309,-0.675491,-0.152957,-0.587903,0.480388,0.650864,-0.01196,0.003306,0.002044,-0.000984,0.014715,-0.029553,-0.029706,-0.068029,-0.010681,0.399857,0.281804,0.883695,-0.373712,-0.764944,-0.028041,-0.643434,-0.579403,0.466058,0.668539,0.014925,-0.005873,0.010931,0.130283,-0.222595,-0.080322,-1.40446,0.045329,0.039415,-0.009426,-0.226047,-0.916353,-0.330452,0.810523,0.011236,-0.585597,0.540327,-0.400212,0.740186,2.4e-05,-8.9e-05,-6.9e-05,0.030633,0.036748,-0.030074,-0.85544,0.080779,0.045434,-0.058894,-0.432366,0.530241,-0.729316,-0.656583,-0.739508,-0.148404,-0.618026,0.414692,0.667886,-1e-06,-7e-06,-2e-06,-0.0,7e-06,2e-06,-0.223074
534,0.06999,0.029435,0.406972,-0.365665,0.558701,-0.744438,-0.721249,-0.675586,-0.152823,-0.587867,0.480344,0.650929,-2e-06,-5e-06,-3e-06,0.0,0.0,0.0,-0.029439,-0.067765,-0.010892,0.40007,0.284936,0.880773,-0.378207,-0.761324,-0.031636,-0.647548,-0.582637,0.471319,0.662009,0.002255,-0.010822,0.008993,0.040652,-0.096106,-0.063405,-1.404344,0.045466,0.039311,-0.00932,-0.226206,-0.916749,-0.329242,0.808884,0.011532,-0.587854,0.542711,-0.399295,0.738935,0.007771,-0.003933,0.004755,0.003225,-0.086675,0.154207,-0.850705,0.080742,0.04544,-0.05889,-0.432556,0.530136,-0.72928,-0.656503,-0.73961,-0.148256,-0.617979,0.414646,0.667958,2e-06,1e-06,2e-06,-3e-06,1e-06,-6e-06,-0.223401
535,0.069966,0.029457,0.406973,-0.365697,0.558681,-0.744437,-0.721222,-0.675617,-0.152813,-0.587881,0.480322,0.650932,2.9e-05,7.9e-05,4.3e-05,0.0,0.0,0.0,-0.028938,-0.067558,-0.010955,0.400215,0.287187,0.878383,-0.382045,-0.759759,-0.033862,-0.649272,-0.583577,0.475598,0.658109,0.012835,0.00444,0.001575,0.224533,-0.297213,-0.086994,-1.404107,0.045568,0.039268,-0.009248,-0.226791,-0.91661,-0.329227,0.808701,0.011146,-0.588112,0.54274,-0.399625,0.738736,0.007252,-0.002248,0.005949,0.008175,-0.009425,-0.004525,-0.850215,0.08073,0.045451,-0.058889,-0.432585,0.530114,-0.729279,-0.656472,-0.739639,-0.148246,-0.617991,0.414623,0.667962,1.8e-05,4.6e-05,2.4e-05,4e-06,9e-06,-0.0,-0.223237
536,0.069938,0.029457,0.406985,-0.365781,0.558652,-0.744418,-0.72121,-0.675647,-0.152737,-0.587843,0.480315,0.650972,0.0,0.0,0.0,0.0,0.0,0.0,-0.029234,-0.066789,-0.010858,0.400678,0.289368,0.877848,-0.381629,-0.75971,-0.031774,-0.649435,-0.582565,0.476727,0.658189,0.026437,0.002836,0.015523,-0.031958,-0.033712,0.037111,-1.404015,0.045948,0.039315,-0.009023,-0.232082,-0.915418,-0.328855,0.808793,0.006205,-0.58806,0.540361,-0.402454,0.738944,0.006447,0.000323,0.007763,0.067889,0.045782,-0.023789,-0.851195,0.080716,0.045451,-0.058883,-0.432666,0.530076,-0.729259,-0.656456,-0.739669,-0.14817,-0.617952,0.414618,0.668001,0.0,-4e-06,-1e-06,5e-06,3e-06,5e-06,-0.223401
537,0.069937,0.029457,0.406974,-0.365783,0.558644,-0.744422,-0.721192,-0.675664,-0.152747,-0.587863,0.480301,0.650964,-6e-06,-1.6e-05,-8e-06,0.0,0.0,0.0,-0.028119,-0.065869,-0.010806,0.401267,0.287075,0.87847,-0.381929,-0.757448,-0.035752,-0.651865,-0.58663,0.475299,0.655606,0.028606,-0.007663,0.024742,-0.056976,-0.051065,0.033641,-1.404284,0.046405,0.039351,-0.008728,-0.230276,-0.916575,-0.326898,0.807199,0.007709,-0.590227,0.543507,-0.399788,0.738084,0.006996,-0.001441,0.006506,0.019159,0.018744,-0.046439,-0.85691,0.080715,0.045451,-0.058889,-0.432667,0.530068,-0.729263,-0.656437,-0.739683,-0.148181,-0.61797,0.414603,0.667993,-1e-06,-5e-06,-2e-06,8e-06,-3e-06,-1e-06,-0.223237
538,0.069943,0.029447,0.406969,-0.365781,0.558644,-0.744423,-0.721193,-0.675663,-0.152749,-0.587864,0.480302,0.650963,-0.0,-0.0,-0.0,0.0,0.0,0.0,-0.026204,-0.064932,-0.010889,0.401813,0.287152,0.878355,-0.382137,-0.752447,-0.039885,-0.657394,-0.592997,0.475184,0.649937,0.027273,0.000166,0.013618,-0.012653,-0.061279,0.052145,-1.404264,0.046874,0.039306,-0.008451,-0.234531,-0.91668,-0.32356,0.804055,0.004138,-0.594539,0.546341,-0.399599,0.736091,0.013848,-0.000604,0.006309,0.077014,-0.000638,0.164665,-0.859033,0.080719,0.045446,-0.058892,-0.432665,0.530069,-0.729264,-0.656438,-0.739682,-0.148183,-0.617971,0.414604,0.667992,3e-06,8e-06,5e-06,-3e-06,7e-06,-5e-06,-0.222584
539,0.069952,0.029445,0.406967,-0.365758,0.558654,-0.744427,-0.721201,-0.675651,-0.152765,-0.587868,0.480308,0.650955,-0.0,-0.0,-0.0,0.0,0.0,0.0,-0.02524,-0.064467,-0.010916,0.40209,0.290045,0.877414,-0.382113,-0.749959,-0.039497,-0.660255,-0.594744,0.476947,0.647043,0.01401,-0.00289,0.013033,0.037111,-0.103186,-0.03023,-1.404359,0.047102,0.039292,-0.008318,-0.234037,-0.91741,-0.321844,0.802464,0.004613,-0.596681,0.548886,-0.397915,0.73511,0.013635,6.9e-05,0.006783,0.060169,0.056189,0.017377,-0.859686,0.080723,0.045445,-0.058892,-0.432644,0.53008,-0.729268,-0.656447,-0.73967,-0.1482,-0.617977,0.414609,0.667984,1e-06,5e-06,2e-06,-0.0,-8e-06,-3e-06,-0.222094
540,0.069988,0.029442,0.406954,-0.363418,0.559429,-0.744991,-0.720832,-0.675396,-0.155608,-0.589771,0.479763,0.649634,-0.0,-0.0,-0.0,0.0,-0.0,0.0,-0.024717,-0.063495,-0.010858,0.402664,0.287924,0.877415,-0.383712,-0.749018,-0.043187,-0.661091,-0.596955,0.476626,0.645242,0.024835,0.011372,0.004868,0.020216,-0.050523,0.050366,-1.404323,0.047584,0.039314,-0.008029,-0.232291,-0.918193,-0.320874,0.801813,0.005971,-0.597543,0.550576,-0.396086,0.734833,0.013284,0.001153,0.007542,0.000469,0.03695,-0.037628,-0.860829,0.080741,0.045444,-0.058899,-0.4304,0.531083,-0.729867,-0.656161,-0.739349,-0.151046,-0.619845,0.4139,0.666691,0.00598,-0.001652,-0.00102,0.000827,-0.01461,0.029405,-0.220951
541,0.070003,0.029422,0.406954,-0.361308,0.560113,-0.745502,-0.720409,-0.675234,-0.158244,-0.591582,0.479192,0.648408,-0.000205,-0.000555,-0.0003,0.0,-0.0,0.0,-0.025444,-0.06265,-0.010878,0.403224,0.279487,0.878236,-0.388046,-0.747523,-0.05446,-0.66195,-0.602802,0.473954,0.641764,0.014261,-0.003667,0.012478,0.127982,-0.045186,-0.142059,-1.404317,0.048025,0.039314,-0.007738,-0.222314,-0.920741,-0.320641,0.801558,0.01462,-0.597736,0.555048,-0.389898,0.734778,0.007146,-0.001906,0.006174,0.040674,0.106157,-0.193938,-0.858543,0.080749,0.045435,-0.058898,-0.428375,0.531971,-0.73041,-0.655808,-0.739117,-0.15369,-0.621618,0.413172,0.665491,-0.000136,-0.000369,-0.0002,-0.00034,0.00021,-0.000315,-0.219971
542,0.070024,0.029425,0.406955,-0.361244,0.560142,-0.745512,-0.720431,-0.6752,-0.158293,-0.591594,0.479208,0.648385,0.000241,0.000653,0.000353,0.0,0.0,0.0,-0.028012,-0.062069,-0.011111,0.403709,0.281484,0.875709,-0.39229,-0.746635,-0.056768,-0.662757,-0.602976,0.47833,0.638344,0.014863,-0.005492,0.011192,-0.026938,-0.023047,0.002309,-1.403958,0.048304,0.039202,-0.007504,-0.22017,-0.920859,-0.321783,0.801996,0.016895,-0.597089,0.555272,-0.38953,0.734805,0.006537,0.001805,0.000469,0.01085,0.046886,-0.006231,-0.856257,0.080758,0.045434,-0.058899,-0.428317,0.532005,-0.73042,-0.655835,-0.739084,-0.153734,-0.62163,0.413189,0.66547,0.000163,0.000441,0.000241,-1.1e-05,7e-06,-7e-06,-0.220951
543,0.070024,0.029425,0.406955,-0.361244,0.560142,-0.745512,-0.720431,-0.6752,-0.158293,-0.591594,0.479208,0.648385,4e-06,1e-05,5e-06,0.0,0.0,0.0,-0.028337,-0.061798,-0.011189,0.403924,0.282354,0.875492,-0.392149,-0.746768,-0.055859,-0.662685,-0.602406,0.478833,0.638505,0.014551,-0.004527,0.011872,-0.032225,-0.016475,0.004934,-1.404067,0.048446,0.039158,-0.007395,-0.219192,-0.921012,-0.322009,0.801974,0.017895,-0.597089,0.555689,-0.389121,0.734706,0.007233,-0.002152,0.006006,0.018168,0.016313,-0.042109,-0.852828,0.080759,0.045435,-0.058898,-0.428317,0.532004,-0.730421,-0.655835,-0.739084,-0.153734,-0.62163,0.413189,0.66547,-1e-06,1e-06,2e-06,-3e-06,4e-06,3e-06,-0.221604
544,0.070032,0.029422,0.406953,-0.361221,0.560151,-0.745516,-0.720438,-0.675188,-0.15831,-0.591599,0.479213,0.648376,0.0,0.0,0.0,0.0,0.0,0.0,-0.027672,-0.060979,-0.011121,0.404509,0.280161,0.877142,-0.39003,-0.74491,-0.05748,-0.664635,-0.60572,0.475617,0.637773,0.025805,0.004645,0.016744,-0.034817,0.027744,-0.125072,-1.404227,0.048853,0.039182,-0.007109,-0.222568,-0.920547,-0.321022,0.801186,0.014911,-0.598228,0.555484,-0.390345,0.734211,0.012896,0.002319,0.008356,0.180368,0.137188,0.041583,-0.854461,0.080764,0.045434,-0.058899,-0.428296,0.532016,-0.730424,-0.655844,-0.739072,-0.153751,-0.621635,0.413194,0.665462,-0.0,-2e-06,-2e-06,-5e-06,0.0,-4e-06,-0.221931
545,0.070028,0.029415,0.406938,-0.359141,0.56081,-0.746026,-0.719964,-0.67507,-0.160946,-0.593441,0.478609,0.647139,-2.2e-05,-5.8e-05,-3.2e-05,0.0,-0.0,0.0,-0.027542,-0.060406,-0.011017,0.404984,0.281315,0.877427,-0.388556,-0.743735,-0.056366,-0.666044,-0.60663,0.475225,0.6372,0.012124,0.006501,0.002987,0.002048,-0.015204,0.029249,-1.404139,0.049142,0.039243,-0.006859,-0.219595,-0.921762,-0.319581,0.79981,0.017482,-0.599997,0.558641,-0.387361,0.733396,0.006899,-0.00115,0.006707,0.123739,0.066325,0.023827,-0.855767,0.080761,0.04543,-0.058907,-0.42628,0.532884,-0.730971,-0.655432,-0.738878,-0.15642,-0.623453,0.412423,0.664238,-7e-06,-1.8e-05,-9e-06,-0.002146,0.001393,-0.002022,-0.221768
546,0.070027,0.029408,0.406945,-0.359158,0.560809,-0.746019,-0.719975,-0.675064,-0.160921,-0.593417,0.478618,0.647153,-0.0,-1e-06,-0.0,0.0,-0.0,0.0,-0.028239,-0.060207,-0.011017,0.40516,0.281593,0.877316,-0.388604,-0.743918,-0.056037,-0.665868,-0.606276,0.475468,0.637355,-0.00115,0.003459,0.00243,-0.192382,-0.34098,0.343787,-1.404221,0.049247,0.039241,-0.006773,-0.22326,-0.92091,-0.319496,0.799722,0.01435,-0.600198,0.557313,-0.389509,0.733269,0.007068,-0.001631,0.006366,-0.622495,-1.01177,1.056453,-0.856257,0.080761,0.045426,-0.058903,-0.426313,0.532874,-0.730958,-0.655447,-0.738874,-0.156372,-0.623414,0.412441,0.664263,4e-06,8e-06,5e-06,-0.000299,0.000195,-0.00028,-0.221931
547,0.070018,0.02941,0.406947,-0.357077,0.561475,-0.746517,-0.71951,-0.67493,-0.163544,-0.595235,0.478027,0.64592,-0.0,-0.0,-0.0,0.0,-0.0,0.0,-0.029207,-0.059807,-0.010908,0.405645,0.277352,0.87868,-0.388572,-0.743905,-0.059398,-0.665591,-0.60824,0.472537,0.637664,0.012439,0.001784,0.016292,-0.032231,-0.016586,0.004869,-1.404278,0.049448,0.039293,-0.006533,-0.227882,-0.919909,-0.319119,0.799197,0.010501,-0.600976,0.556195,-0.391991,0.732796,0.006143,0.001095,0.008282,0.085696,0.11267,-0.129414,-0.855277,0.080756,0.045428,-0.058903,-0.424317,0.533741,-0.731488,-0.65505,-0.738665,-0.159001,-0.625191,0.411694,0.663056,1e-06,2e-06,3e-06,-0.000337,0.000218,-0.000309,-0.222747
548,0.070024,0.0294,0.406941,-0.354834,0.562213,-0.74703,-0.719091,-0.674706,-0.166289,-0.597081,0.477475,0.644623,-4e-05,-0.000109,-5.9e-05,0.0,-0.0,0.0,-0.028218,-0.059756,-0.01071,0.406067,0.260715,0.883476,-0.389217,-0.743421,-0.073338,-0.664742,-0.616125,0.461528,0.638158,-0.002531,0.007574,0.005293,0.002314,-0.007309,0.02445,-1.404092,0.049472,0.039395,-0.00632,-0.218343,-0.92208,-0.319521,0.799055,0.019033,-0.600955,0.56021,-0.386529,0.732638,-0.00127,0.003777,0.002638,0.086225,0.164197,-0.197882,-0.857563,0.080759,0.045423,-0.058905,-0.422167,0.534696,-0.732034,-0.65471,-0.738371,-0.16175,-0.627,0.410984,0.661787,-1.8e-05,-5.2e-05,-2.8e-05,-0.00029,0.000191,-0.000263,-0.222258
549,0.070058,0.029358,0.406918,-0.348498,0.562963,-0.749443,-0.722572,-0.670599,-0.167805,-0.596618,0.482344,0.641419,-0.00015,-0.000406,-0.000219,-2.4e-05,-0.000113,-5.1e-05,-0.027911,-0.059894,-0.010636,0.406341,0.241605,0.891216,-0.383866,-0.74529,-0.082763,-0.661534,-0.621612,0.44478,0.644695,-0.00185,0.005544,0.003866,-0.24841,0.300384,0.148713,-1.404189,0.049404,0.039429,-0.006184,-0.207195,-0.924339,-0.320417,0.79901,0.029097,-0.600613,0.564493,-0.38046,0.732527,-0.000942,0.002808,0.001958,0.085184,0.19712,-0.269524,-0.853971,0.080776,0.045402,-0.058917,-0.415955,0.536055,-0.734591,-0.65861,-0.73459,-0.163123,-0.627067,0.415957,0.658608,0.005877,-0.001939,-0.001176,0.001793,-0.009867,0.031329,-0.222094
550,0.07009,0.029349,0.406889,-0.348413,0.562986,-0.749466,-0.722566,-0.670583,-0.167893,-0.596675,0.482339,0.641369,-0.000109,-0.000295,-0.000159,-0.0,-2e-06,-1e-06,-0.029232,-0.059981,-0.010583,0.406447,0.234677,0.894731,-0.379966,-0.746721,-0.084187,-0.659737,-0.62254,0.437409,0.64883,-0.001873,0.005617,0.003913,-0.119143,0.139419,0.085589,-1.403864,0.049361,0.039457,-0.00613,-0.200863,-0.925569,-0.320898,0.799018,0.034728,-0.600302,0.566765,-0.376982,0.732571,7.6e-05,-0.002101,0.00683,0.106439,0.165083,-0.280365,-0.853318,0.080792,0.045397,-0.058932,-0.41589,0.536112,-0.734586,-0.658607,-0.734569,-0.163226,-0.627113,0.41592,0.658588,-5.6e-05,-0.000155,-8.5e-05,0.000231,0.000696,0.000156,-0.222584
551,0.070139,0.029319,0.406872,-0.348452,0.562965,-0.749464,-0.722553,-0.670605,-0.16786,-0.596668,0.482333,0.64138,-4e-06,-1.2e-05,-6e-06,-0.0,-0.0,-0.0,-0.031575,-0.060313,-0.010462,0.406613,0.216831,0.905868,-0.36384,-0.747183,-0.085718,-0.659018,-0.628412,0.413592,0.658714,-0.014901,0.001977,0.002924,-0.118291,0.097908,0.216362,-1.403933,0.049199,0.039519,-0.006047,-0.188951,-0.928556,-0.3195,0.796561,0.045339,-0.602854,0.574269,-0.368412,0.731085,-0.007627,0.001506,0.001826,0.274689,0.263933,-0.173387,-0.852175,0.080816,0.045382,-0.05894,-0.415932,0.53609,-0.734579,-0.658588,-0.734593,-0.163196,-0.627105,0.415907,0.658603,8e-06,2.2e-05,1.1e-05,8e-05,3.1e-05,-8.5e-05,-0.223564
552,0.070122,0.029317,0.406893,-0.348646,0.562892,-0.749429,-0.722524,-0.67068,-0.167685,-0.59659,0.482314,0.641468,1e-06,3e-06,2e-06,-0.0,-0.0,-0.0,-0.033472,-0.06104,-0.010361,0.406747,0.196081,0.91678,-0.347935,-0.742004,-0.093117,-0.663848,-0.641215,0.387165,0.662427,-0.015299,0.003259,0.003797,-0.012913,0.21818,-0.075193,-1.404213,0.048836,0.039568,-0.005982,-0.174063,-0.933291,-0.314115,0.789302,0.058505,-0.611211,0.588815,-0.354321,0.726465,-0.007884,0.002326,0.002391,0.356182,0.31871,-0.13724,-0.850868,0.080808,0.045381,-0.058929,-0.416119,0.535996,-0.734541,-0.658546,-0.73467,-0.163023,-0.627025,0.415892,0.658689,-0.0,4e-06,4e-06,5.6e-05,7e-06,-6.3e-05,-0.225197
553,0.070089,0.029334,0.406903,-0.348717,0.562862,-0.749418,-0.722501,-0.670718,-0.167632,-0.596576,0.482296,0.641494,-0.011954,0.00333,0.002058,-0.000984,0.014715,-0.029553,-0.03592,-0.061395,-0.010254,0.406844,0.169682,0.922769,-0.345972,-0.737254,-0.113966,-0.665885,-0.654068,0.36688,0.661406,-0.016148,0.005885,0.0056,0.00234,0.015846,-0.010779,-1.403883,0.048661,0.039616,-0.005937,-0.143395,-0.939376,-0.311462,0.783797,0.084351,-0.615261,0.604234,-0.332349,0.724185,-0.008135,0.003109,0.002927,0.196729,0.232374,-0.210052,-0.850215,0.080796,0.045389,-0.058925,-0.416166,0.535972,-0.734533,-0.658526,-0.734695,-0.162987,-0.627015,0.415879,0.658707,2e-06,9e-06,6e-06,5.1e-05,0.0,-5.1e-05,-0.22634
554,0.069988,0.029346,0.406935,-0.349,0.562756,-0.749367,-0.722444,-0.67084,-0.167394,-0.59648,0.482252,0.641616,0.0,0.0,0.0,-0.0,-0.0,-0.0,-0.041164,-0.061908,-0.009893,0.407136,0.121899,0.933244,-0.337916,-0.735434,-0.143575,-0.662161,-0.666594,0.328042,0.669257,-0.00416,0.012692,0.008734,0.12101,1.626548,-0.840354,-1.40411,0.0484,0.039794,-0.005792,-0.103606,-0.94472,-0.311077,0.778465,0.117648,-0.616562,0.619077,-0.306043,0.723243,-0.008455,0.004136,0.003614,0.105408,0.193801,-0.2753,-0.834539,0.080742,0.045396,-0.058908,-0.416458,0.535826,-0.734474,-0.658443,-0.734825,-0.162735,-0.626908,0.415837,0.658835,-3e-06,-3e-06,1e-06,3.7e-05,1e-06,-5.3e-05,-0.229442
555,0.069847,0.029386,0.406971,-0.349358,0.562611,-0.749308,-0.722345,-0.671017,-0.167111,-0.59639,0.482174,0.641759,0.000545,0.001472,0.000796,0.001154,-0.01201,0.026172,-0.045462,-0.062476,-0.009554,0.407418,0.107868,0.943152,-0.314357,-0.733493,-0.137812,-0.665529,-0.67112,0.301167,0.677318,-0.029189,0.002665,0.004826,-0.194079,0.265045,0.061731,-1.404067,0.048122,0.039975,-0.005644,-0.085604,-0.948569,-0.304773,0.769449,0.131387,-0.625047,0.632944,-0.288014,0.718629,-0.008096,0.003095,0.00288,0.236725,0.239172,-0.14162,-0.821476,0.080669,0.045412,-0.058893,-0.416819,0.535635,-0.734408,-0.658313,-0.735007,-0.162441,-0.626805,0.415762,0.658981,-0.005982,0.001654,0.001026,-0.000936,0.014709,-0.029587,-0.232218
556,0.069765,0.029401,0.406992,-0.349578,0.562524,-0.749271,-0.72229,-0.67112,-0.166932,-0.596327,0.482132,0.641849,8e-06,2.2e-05,1.2e-05,-0.0,-0.0,-0.0,-0.047587,-0.062888,-0.009448,0.407469,0.095281,0.947783,-0.304337,-0.731928,-0.140383,-0.666715,-0.674711,0.285071,0.680708,-0.028772,0.001467,0.00399,-0.067993,0.414401,0.235717,-1.404144,0.047916,0.040029,-0.005618,-0.070635,-0.951474,-0.29951,0.764414,0.141271,-0.629057,0.640844,-0.273383,0.717342,-0.007829,0.002331,0.002343,0.608298,0.780119,0.472506,-0.821476,0.08063,0.045424,-0.05888,-0.417011,0.535538,-0.73437,-0.658253,-0.735097,-0.16228,-0.626741,0.415729,0.659063,-0.005979,0.001661,0.001029,-0.00095,0.014726,-0.029576,-0.233688
557,0.069616,0.029435,0.407048,-0.349974,0.562377,-0.749197,-0.722213,-0.671287,-0.166597,-0.596188,0.482072,0.642023,0.000108,0.00029,0.000157,-0.0,-0.0,-0.0,-0.051643,-0.064059,-0.009276,0.407583,0.055565,0.954893,-0.291693,-0.733336,-0.159104,-0.660938,-0.67757,0.24942,0.691775,-0.029332,0.003418,0.00528,-0.189481,0.406067,-0.02191,-1.403905,0.047332,0.04011,-0.005565,-0.023683,-0.958055,-0.285601,0.76283,0.16733,-0.624571,0.646163,-0.232657,0.726871,-0.014721,0.001871,0.002767,-0.097321,0.900711,-0.556796,-0.814945,0.080555,0.045441,-0.058852,-0.41739,0.535352,-0.73429,-0.658152,-0.73526,-0.161949,-0.626595,0.415679,0.659233,5.4e-05,0.000148,8.3e-05,2.1e-05,-1e-06,-2.5e-05,-0.236464
558,0.06951,0.02945,0.407103,-0.350274,0.562276,-0.749132,-0.722183,-0.671388,-0.166322,-0.596049,0.48205,0.642169,0.000345,0.000929,0.000503,-0.0,-0.0,-0.0,-0.05791,-0.06528,-0.009222,0.407869,0.026413,0.959124,-0.281735,-0.73558,-0.172074,-0.655169,-0.676867,0.223325,0.701314,-0.027709,-0.005043,0.015912,-0.199267,0.213225,0.051397,-1.403847,0.046711,0.040138,-0.00542,0.011275,-0.961707,-0.273844,0.763535,0.185115,-0.618664,0.645666,-0.202115,0.736385,-0.013848,-0.00256,0.00795,-0.148704,0.271651,-0.050487,-0.806943,0.080502,0.045446,-0.058825,-0.417677,0.535222,-0.734222,-0.658106,-0.735361,-0.161675,-0.626451,0.415668,0.659377,-0.005754,0.002271,0.001358,-0.000976,0.014715,-0.029579,-0.240219
559,0.069435,0.029442,0.407201,-0.347196,0.564292,-0.74905,-0.726213,-0.667102,-0.166018,-0.592951,0.485623,0.642345,-0.000726,-0.00891,0.01012,-0.034271,0.01897,-0.015407,-0.059354,-0.066181,-0.009216,0.408284,-0.004335,0.964672,-0.263402,-0.739919,-0.18016,-0.648071,-0.67259,0.190863,0.714883,-0.016668,0.008288,0.007034,-0.433681,1.03794,-0.079477,-1.403527,0.046267,0.040136,-0.005216,0.043809,-0.965707,-0.255911,0.765594,0.19702,-0.612412,0.64183,-0.169095,0.74797,-0.007539,-0.000202,0.008794,0.212782,1.419274,-1.148806,-0.810536,0.080465,0.045447,-0.058779,-0.414777,0.537533,-0.734178,-0.66252,-0.731478,-0.161262,-0.623719,0.41952,0.659527,0.000234,0.000632,0.000343,0.000138,3.1e-05,-0.000129,-0.242506
560,0.069412,0.029427,0.407261,-0.347306,0.564285,-0.749004,-0.726277,-0.667071,-0.165861,-0.592807,0.485674,0.642439,0.000332,0.000894,0.000483,-0.0,-0.0,0.0,-0.059491,-0.066439,-0.009053,0.408513,-0.024988,0.968802,-0.246554,-0.741139,-0.183344,-0.645779,-0.67077,0.165365,0.7229,-0.00466,0.014848,0.009987,1.371635,1.954537,1.872674,-1.403979,0.046133,0.040217,-0.005102,0.066034,-0.969009,-0.238035,0.76685,0.201916,-0.609236,0.638419,-0.142307,0.756418,-0.00234,0.007611,0.005069,1.42157,1.955556,1.799603,-0.810209,0.080453,0.045436,-0.058746,-0.414903,0.537511,-0.734122,-0.662593,-0.731452,-0.161079,-0.623558,0.419592,0.659634,-0.000349,-0.004414,0.005085,-0.034149,0.019002,-0.015503,-0.242995
561,0.069374,0.029387,0.407397,-0.347518,0.564288,-0.748903,-0.726442,-0.666974,-0.16553,-0.592481,0.485805,0.642641,-0.000614,-0.008607,0.010286,-0.034273,0.018966,-0.015409,-0.059428,-0.066655,-0.008568,0.409003,-0.069174,0.973629,-0.21738,-0.744286,-0.195342,-0.638604,-0.664104,0.116385,0.738434,-0.004596,0.014665,0.009806,-0.34022,0.418753,0.212469,-1.40376,0.046025,0.040459,-0.004856,0.111534,-0.972541,-0.204262,0.769336,0.214608,-0.601718,0.629032,-0.090034,0.772147,-0.002204,0.00702,0.004706,-0.359614,0.452062,0.323483,-0.802208,0.080435,0.04542,-0.058681,-0.415099,0.537493,-0.734025,-0.662745,-0.731383,-0.160769,-0.623266,0.419737,0.659817,0.000298,0.000808,0.000437,7.9e-05,1.2e-05,-7e-05,-0.243648
562,0.069346,0.029392,0.407513,-0.347623,0.564311,-0.748837,-0.726575,-0.666879,-0.165331,-0.592256,0.485908,0.64277,0.000697,0.001874,0.001012,0.0,0.0,0.0,-0.060067,-0.066943,-0.008285,0.409201,-0.074858,0.979641,-0.186258,-0.747877,-0.178583,-0.639314,-0.659431,0.090201,0.746242,-0.015928,0.009689,-0.008447,-0.203533,0.307234,0.108988,-1.403745,0.045875,0.040621,-0.004744,0.117392,-0.977949,-0.172726,0.7732,0.199154,-0.602078,0.623201,-0.062873,0.779529,-0.007855,0.004475,-0.004461,-0.158667,0.268583,0.051385,-0.810209,0.08042,0.045417,-0.05862,-0.415223,0.537502,-0.733948,-0.662891,-0.731301,-0.16054,-0.623028,0.419868,0.659958,0.000433,0.001173,0.000632,5.2e-05,1.2e-05,-5e-05,-0.243812
563,0.06932,0.029409,0.407567,-0.347683,0.564314,-0.748807,-0.726622,-0.66685,-0.165238,-0.592163,0.485944,0.642829,-0.000448,-0.00816,0.010528,-0.034274,0.018965,-0.015409,-0.061066,-0.067123,-0.008273,0.40919,-0.07431,0.982501,-0.170768,-0.748922,-0.167934,-0.640975,-0.658307,0.079017,0.7485,-0.013271,-0.002341,-0.000151,1.700909,1.53341,1.773423,-1.40385,0.04579,0.040627,-0.00475,0.11683,-0.980092,-0.160528,0.775046,0.191043,-0.602333,0.621009,-0.054046,0.781937,-9.6e-05,0.000304,0.000208,-0.526485,0.577851,0.428597,-0.810535,0.080408,0.04543,-0.058596,-0.415266,0.5375,-0.733925,-0.662926,-0.731284,-0.160472,-0.622961,0.4199,0.660001,-0.005579,0.002738,0.001607,-0.000946,0.014736,-0.029595,-0.244302
564,0.0693,0.029482,0.407675,-0.347781,0.564314,-0.748761,-0.72669,-0.666811,-0.165093,-0.592022,0.485996,0.64292,0.00106,0.002849,0.001536,0.0,0.0,0.0,-0.062325,-0.067232,-0.00837,0.409176,-0.068452,0.986875,-0.146229,-0.753415,-0.147097,-0.640829,-0.653807,0.065056,0.753769,0.013696,0.000984,-0.000753,-0.257494,0.25576,0.320344,-1.404102,0.045727,0.040574,-0.004759,0.110463,-0.98486,-0.133594,0.779307,0.169251,-0.603352,0.616828,-0.037463,0.786205,0.001129,-0.005393,0.004567,-0.349808,0.407336,0.124585,-0.809229,0.080396,0.045462,-0.058539,-0.41538,0.537488,-0.733869,-0.663005,-0.73125,-0.160299,-0.622802,0.419974,0.660104,0.000619,0.00167,0.000902,0.001209,-0.011976,0.026166,-0.245282
565,0.069284,0.029563,0.407799,-0.347721,0.564392,-0.74873,-0.726826,-0.666672,-0.165059,-0.59189,0.486097,0.642964,0.00019,-0.006441,0.011453,-0.033102,0.006999,0.010783,-0.06382,-0.067022,-0.008607,0.409174,-0.071347,0.989712,-0.123984,-0.760935,-0.134254,-0.634735,-0.644725,0.047805,0.762829,0.015218,-0.003859,-0.003991,-0.519623,0.623137,0.248417,-1.404085,0.045836,0.040457,-0.004759,0.112382,-0.987267,-0.112568,0.786204,0.157624,-0.597525,0.607661,-0.021351,0.793908,0.007697,-0.002212,-0.002187,-0.464134,0.570755,0.204735,-0.815598,0.080389,0.045505,-0.058482,-0.41533,0.537562,-0.733843,-0.663133,-0.73114,-0.160271,-0.622699,0.420071,0.66014,0.000435,0.001172,0.000631,2e-05,7e-06,-2.1e-05,-0.245935
566,0.069228,0.029615,0.407906,-0.347963,0.564337,-0.748659,-0.726865,-0.666696,-0.164791,-0.5917,0.486127,0.643116,0.000717,0.001927,0.001037,0.0,0.0,0.0,-0.064702,-0.066521,-0.009109,0.40901,-0.037423,0.993165,-0.110513,-0.770085,-0.099022,-0.630156,-0.636711,0.060264,0.768655,0.018924,-0.019128,0.002095,-0.421561,0.426026,0.192627,-1.404451,0.046073,0.040216,-0.004839,0.078435,-0.991758,-0.101309,0.796037,0.123482,-0.592516,0.600143,-0.034172,0.799162,0.009546,-0.009834,0.00086,-0.148054,-0.244422,0.376107,-0.809066,0.080361,0.045529,-0.058423,-0.41558,0.537481,-0.733761,-0.663175,-0.731167,-0.159978,-0.622487,0.420128,0.660303,0.000143,0.00039,0.000209,1e-05,-1.3e-05,-2.5e-05,-0.246424
567,0.069168,0.029625,0.407947,-0.348133,0.564287,-0.748618,-0.72686,-0.666741,-0.164627,-0.591606,0.486123,0.643205,0.000216,0.000579,0.000312,0.0,0.0,0.0,-0.064934,-0.066137,-0.009429,0.408936,-0.025583,0.994183,-0.104579,-0.769803,-0.086214,-0.63238,-0.637651,0.063068,0.76765,0.019863,-0.022017,0.000121,0.505579,0.482624,0.383879,-1.404546,0.046264,0.040059,-0.004874,0.067028,-0.993133,-0.095879,0.798579,0.111008,-0.591564,0.598145,-0.036916,0.800536,0.00985,-0.010747,0.000228,-0.142787,0.139511,-0.006206,-0.811515,0.080332,0.045537,-0.058401,-0.415725,0.537424,-0.73372,-0.66317,-0.731204,-0.159829,-0.622396,0.420136,0.660384,-0.005842,0.002012,0.001215,-0.000975,0.014718,-0.029571,-0.246588
568,0.069018,0.02962,0.408004,-0.348599,0.564123,-0.748524,-0.726793,-0.666917,-0.164212,-0.591413,0.486073,0.643421,-0.00015,-0.000401,-0.000216,0.0,0.0,0.0,-0.065019,-0.065192,-0.010188,0.408679,-0.022198,0.994887,-0.09848,-0.774202,-0.079312,-0.627898,-0.632436,0.061045,0.772115,0.034449,-0.023285,-0.002294,-0.057335,0.01889,-0.007905,-1.404874,0.04673,0.039684,-0.005005,0.063321,-0.994121,-0.087827,0.801814,0.103074,-0.588615,0.594207,-0.033149,0.803627,0.016308,-0.006958,-0.006192,0.010328,-0.010975,-0.009665,-0.81968,0.080261,0.045534,-0.058374,-0.416151,0.537227,-0.733623,-0.663086,-0.731366,-0.159436,-0.622201,0.420106,0.660586,-0.000131,-0.000351,-0.000187,-8e-06,2e-06,-1.8e-05,-0.246914
569,0.06887,0.029653,0.408013,-0.348848,0.564017,-0.748489,-0.726696,-0.667065,-0.16404,-0.591385,0.485994,0.643506,-0.011979,0.003231,0.002002,-0.000984,0.014715,-0.029553,-0.062953,-0.06399,-0.010973,0.408386,-0.024784,0.995169,-0.094953,-0.776912,-0.078829,-0.624602,-0.629004,0.05703,0.775219,0.034645,-0.023406,-0.002517,-0.058864,0.020792,-0.007214,-1.40484,0.047329,0.039281,-0.005151,0.065868,-0.994254,-0.084379,0.804272,0.102952,-0.585274,0.590598,-0.029312,0.806432,0.017245,-0.011462,-0.001108,-0.048666,0.07594,-0.207449,-0.822782,0.080187,0.045548,-0.05837,-0.416388,0.537096,-0.733585,-0.662972,-0.731506,-0.159267,-0.622164,0.42003,0.66067,-2.4e-05,-6.6e-05,-3.3e-05,0.008126,-0.08252,0.180779,-0.247078
570,0.068832,0.029663,0.408009,-0.348942,0.563971,-0.74848,-0.72665,-0.66713,-0.163981,-0.591387,0.485958,0.643532,-5.7e-05,-0.000153,-8.2e-05,0.0,0.0,0.0,-0.059225,-0.063405,-0.011349,0.408275,-0.025248,0.995289,-0.093562,-0.775745,-0.07842,-0.626102,-0.630424,0.055512,0.774175,0.034409,-0.022437,-0.001917,-0.032198,-0.011393,-0.019719,-1.404892,0.047634,0.039085,-0.005214,0.066329,-0.994323,-0.083197,0.803057,0.102685,-0.586987,0.592198,-0.027878,0.805309,0.010758,-0.013205,-0.001588,-0.028262,-0.004675,-0.056142,-0.823599,0.080163,0.045554,-0.058372,-0.416498,0.53703,-0.733571,-0.662909,-0.731579,-0.159193,-0.622157,0.419987,0.660704,-3.2e-05,-8.8e-05,-4.6e-05,1e-06,5e-06,-6e-06,-0.246098
571,0.068824,0.029641,0.407997,-0.349,0.563945,-0.748472,-0.726631,-0.667162,-0.163935,-0.591376,0.485944,0.643552,-7e-05,-0.000188,-0.000101,0.0,0.0,0.0,-0.055979,-0.062265,-0.01206,0.408068,-0.027456,0.995171,-0.094195,-0.778715,-0.080258,-0.62217,-0.626657,0.055009,0.777263,0.033559,-0.019384,7.3e-05,-0.258408,0.324717,-0.102968,-1.404533,0.048206,0.038723,-0.005321,0.068102,-0.994055,-0.084937,0.805184,0.105033,-0.583648,0.5891,-0.028643,0.807551,0.015844,-0.004973,-0.004994,-0.375032,0.427092,0.231531,-0.820496,0.080159,0.045543,-0.058378,-0.416554,0.536998,-0.733562,-0.662886,-0.731609,-0.159148,-0.622144,0.419975,0.660724,-3.7e-05,-9.7e-05,-5.1e-05,3e-06,1.7e-05,8e-06,-0.243322
572,0.068921,0.029589,0.407955,-0.34879,0.564023,-0.748511,-0.726682,-0.667065,-0.164104,-0.591438,0.485986,0.643464,-0.000512,-0.001373,-0.000739,0.0,0.0,0.0,-0.054782,-0.060883,-0.012581,0.408091,-0.028531,0.994318,-0.102519,-0.784788,-0.085684,-0.613759,-0.618985,0.061685,0.782889,0.031682,-0.013268,0.004245,-0.221139,-0.135042,-0.106248,-1.404355,0.0489,0.038456,-0.005315,0.070086,-0.993293,-0.091956,0.811097,0.110406,-0.574396,0.580696,-0.034328,0.813396,0.014903,-0.001926,-0.002923,-0.699359,-0.36258,-0.598495,-0.816741,0.080209,0.04552,-0.058397,-0.416353,0.537097,-0.733604,-0.662949,-0.731516,-0.159315,-0.622211,0.420011,0.660637,-0.000293,-0.000783,-0.00042,-0.001166,0.011968,-0.026178,-0.242179
