frame,MLTx,MLTy,MLTz,MLTR1,MLTR2,MLTR3,MLTR4,MLTR5,MLTR6,MLTR7,MLTR8,MLTR9,MLTTVx,MLTTVy,MLTTVz,MLTRVx,MLTRVy,MLTRVz,MLGA,MRTx,MRTy,MRTz,MRTR1,MRTR2,MRTR3,MRTR4,MRTR5,MRTR6,MRTR7,MRTR8,MRTR9,MRTTVx,MRTTVy,MRTTVz,MRTRVx,MRTRVy,MRTRVz,MRGA,SLTx,SLTy,SLTz,SLTR1,SLTR2,SLTR3,SLTR4,SLTR5,SLTR6,SLTR7,SLTR8,SLTR9,SLTTVx,SLTTVy,SLTTVz,SLTRVx,SLTRVy,SLTRVz,SLGA,SRTx,SRTy,SRTz,SRTR1,SRTR2,SRTR3,SRTR4,SRTR5,SRTR6,SRTR7,SRTR8,SRTR9,SRTTVx,SRTTVy,SRTTVz,SRTRVx,SRTRVy,SRTRVz,SRGA
326,0.067591,-0.014677,0.37618,-0.189815,0.781948,-0.593779,-0.907787,-0.3701,-0.19728,-0.373793,0.500604,0.780833,-0.017768,-0.029821,0.028024,-0.082601,0.032048,0.09237,-0.952016,-0.074773,0.044876,0.35629,0.148513,0.137567,0.979291,-0.617786,0.786128,-0.016625,-0.772287,-0.602693,0.200491,0.009729,0.014367,-0.007225,-4.797597,-0.913964,-4.86671,0.201632,0.054533,0.041267,-0.006046,-0.10729,-0.146012,0.983447,0.610039,-0.790737,-0.050848,0.785073,0.594486,0.173911,0.004828,0.00722,-0.003594,-0.26723,-2.104572,-1.528335,0.075316,0.071859,0.018209,-0.055984,-0.274461,0.807935,-0.52145,-0.868934,-0.440638,-0.225368,-0.411854,0.391251,0.822981,-0.008909,-0.014937,0.013999,-0.108185,-0.019598,0.063081,-0.877543
327,0.067279,-0.015131,0.376606,-0.184031,0.785219,-0.591278,-0.90714,-0.367237,-0.205441,-0.378235,0.497586,0.780623,-0.016607,-0.019223,0.019013,-0.02124,0.059216,0.159634,-0.951005,-0.074544,0.045122,0.356158,0.152995,0.196678,0.968453,-0.641167,0.765453,-0.054042,-0.752092,-0.612915,0.241981,0.010207,0.012868,-0.008252,-0.237939,-2.178306,-1.422569,0.207625,0.054758,0.041487,-0.006172,-0.116193,-0.263783,0.957557,0.649094,-0.749893,-0.127814,0.751781,0.606694,0.258352,0.006458,0.000446,-0.000423,0.185202,-2.344039,-1.607549,0.096544,0.071574,0.017788,-0.055609,-0.263029,0.813647,-0.518453,-0.868494,-0.433706,-0.240031,-0.420157,0.387138,0.820725,-0.008482,-0.010032,0.009168,-0.051544,0.007428,0.128727,-0.877542
328,0.066728,-0.015872,0.377254,-0.174979,0.789049,-0.588922,-0.907265,-0.361493,-0.214861,-0.382217,0.49573,0.779865,-0.016788,-0.019619,0.018687,-0.030396,0.040517,0.151081,-0.948576,-0.074069,0.045462,0.355932,0.156899,0.31166,0.937146,-0.682612,0.719961,-0.125025,-0.713837,-0.620479,0.324509,0.01033,0.012465,-0.008527,-1.335039,-2.005816,-2.054975,0.213524,0.054884,0.041562,-0.006224,-0.115981,-0.322836,0.939321,0.67341,-0.720721,-0.164557,0.730114,0.613463,0.300991,0.00647,0.000541,-0.000312,-4.969529,-1.966318,-3.597533,0.102422,0.071433,0.017616,-0.055457,-0.260439,0.815882,-0.516242,-0.869478,-0.43065,-0.241968,-0.419737,0.385844,0.821549,-0.008504,-0.010068,0.009139,-0.037524,0.038786,0.116031,-0.880808
329,0.066128,-0.016386,0.377726,-0.177962,0.787588,-0.589983,-0.903703,-0.368013,-0.218769,-0.389208,0.493256,0.777973,-0.015723,-0.009282,0.009445,0.052462,0.065318,-0.161537,-0.944849,-0.073389,0.045587,0.355881,0.158983,0.428963,0.889218,-0.723445,0.6635,-0.190602,-0.671924,-0.613532,0.41468,0.025121,0.004313,0.000129,-1.239823,-2.480357,-2.311099,0.221464,0.055214,0.041627,-0.006252,-0.121445,-0.434528,0.892432,0.708654,-0.667504,-0.228574,0.695024,0.604667,0.388995,0.012414,0.002532,0.000285,0.201917,-2.51286,-1.445562,0.109607,0.071137,0.017358,-0.055221,-0.26289,0.814176,-0.517691,-0.865571,-0.436059,-0.246246,-0.426232,0.383363,0.819364,-0.00807,-0.005163,0.004297,0.970261,0.322916,-1.188486,-0.889953
330,0.065579,-0.016643,0.377917,-0.174797,0.787659,-0.590834,-0.903602,-0.366618,-0.221511,-0.390876,0.494178,0.776551,-0.015277,-0.000619,-0.001197,-0.002146,0.02661,-0.055777,-0.943059,-0.072574,0.045588,0.355945,0.156481,0.525758,0.836112,-0.753017,0.611303,-0.243328,-0.639214,-0.592188,0.490491,0.027623,-0.006707,0.008222,0.0325,-2.213565,-1.387023,0.240113,0.055626,0.041631,-0.006225,-0.120217,-0.53583,0.835723,0.739875,-0.609648,-0.284451,0.661915,0.584135,0.469737,0.006606,8.7e-05,-0.000682,-0.247499,-1.909319,-1.43413,0.131978,0.070857,0.017225,-0.055116,-0.260042,0.814533,-0.518568,-0.865466,-0.434761,-0.248896,-0.428188,0.38408,0.818007,-0.00797,-0.00489,0.004523,-0.028431,-0.04932,0.135877,-0.890443
331,0.065321,-0.016695,0.37793,-0.173626,0.787336,-0.591609,-0.902922,-0.367041,-0.223571,-0.392963,0.494379,0.775369,-0.001542,-0.004056,-0.003378,-0.001162,0.011892,-0.026224,-0.943756,-0.072192,0.045514,0.355996,0.151547,0.56751,0.809294,-0.768732,0.582358,-0.26428,-0.62144,-0.58279,0.523481,0.015857,-0.01125,0.006512,-1.191614,-1.715009,-2.194683,0.24021,0.055821,0.041598,-0.006197,-0.117462,-0.576003,0.808963,0.753701,-0.58213,-0.305055,0.646635,0.573885,0.502512,0.006619,0.000209,-0.000581,-4.315024,-0.329287,-3.920962,0.138346,0.070729,0.017203,-0.055113,-0.258808,0.814398,-0.519396,-0.864761,-0.434925,-0.251052,-0.430355,0.38418,0.816822,-0.007592,-0.000171,-0.000478,-0.006644,0.029067,-0.057164,-0.891586
332,0.064834,-0.016795,0.37784,-0.175107,0.787166,-0.591399,-0.902716,-0.368069,-0.222712,-0.392777,0.493886,0.775776,-0.002064,-0.005405,-0.00451,0.0,0.0,0.0,-0.944024,-0.071534,0.045202,0.356175,0.146063,0.625127,0.766729,-0.796197,0.534292,-0.28379,-0.587213,-0.569799,0.574781,0.016077,-0.011819,0.006114,0.109575,-1.508801,-0.702161,0.240464,0.056156,0.041437,-0.006105,-0.113519,-0.635056,0.764079,0.781441,-0.532003,-0.32607,0.613565,0.560068,0.556651,0.008036,-0.005912,0.003039,0.107038,-1.357643,-0.609425,0.141285,0.07048,0.017151,-0.055153,-0.260333,0.814058,-0.519166,-0.864461,-0.436014,-0.250196,-0.430039,0.383665,0.817231,-0.008128,-0.001559,-0.00164,-0.002426,0.026559,-0.055482,-0.893545
333,0.064386,-0.016996,0.377669,-0.176988,0.786937,-0.591144,-0.902449,-0.36938,-0.22162,-0.392545,0.493274,0.776284,-0.002734,-0.007132,-0.005968,-0.001165,0.011892,-0.026225,-0.937513,-0.070888,0.044892,0.356392,0.143482,0.656568,0.740488,-0.81339,0.504477,-0.289541,-0.563812,-0.561584,0.605478,0.015578,-0.010249,0.0072,0.01754,-0.551045,-0.098025,0.255596,0.056474,0.041283,-0.006001,-0.112217,-0.667361,0.736231,0.798397,-0.501649,-0.33303,0.591581,0.550433,0.589113,0.007853,-0.005318,0.003458,0.009045,-0.604901,0.046457,0.151736,0.070256,0.017051,-0.055239,-0.262147,0.813629,-0.518927,-0.864061,-0.437355,-0.249234,-0.429739,0.383049,0.817677,-0.008239,-0.001823,-0.001874,-0.001148,0.014645,-0.029345,-0.894198
334,0.064166,-0.017104,0.377583,-0.177861,0.786832,-0.591021,-0.90233,-0.369981,-0.221103,-0.392424,0.492991,0.776524,-0.016487,-0.003628,-0.003757,-0.00215,0.026606,-0.055779,-0.930701,-0.070562,0.044757,0.356514,0.146417,0.665291,0.73208,-0.815907,0.499688,-0.290761,-0.559405,-0.55557,0.615037,0.015216,-0.009137,0.007971,0.034487,-0.549334,0.145324,0.263954,0.056644,0.04121,-0.005939,-0.115677,-0.675595,0.728141,0.800841,-0.497092,-0.333993,0.587597,0.54449,0.598547,0.007589,-0.004519,0.004012,0.028861,-0.474841,0.193393,0.162676,0.070151,0.016994,-0.055283,-0.262976,0.813434,-0.518813,-0.863883,-0.437961,-0.248784,-0.42959,0.38277,0.817886,-0.001297,-0.003384,-0.002829,-0.001311,0.011841,-0.026056,-0.894361
335,0.063821,-0.017266,0.377434,-0.177485,0.786378,-0.591738,-0.90148,-0.37104,-0.222787,-0.394541,0.492919,0.775496,-0.001642,-0.004261,-0.00358,0.0,0.0,0.0,-0.916149,-0.069949,0.04445,0.356784,0.144585,0.676063,0.722513,-0.81339,0.497029,-0.302146,-0.56353,-0.544847,0.620837,0.003385,-0.013577,0.006347,0.088095,-0.523219,-0.206375,0.29592,0.056948,0.041066,-0.005803,-0.113869,-0.684261,0.720291,0.797761,-0.495078,-0.344199,0.592123,0.535427,0.602251,0.007576,-0.004456,0.004054,0.220457,-0.48575,-0.26155,0.195334,0.069971,0.016909,-0.055362,-0.262606,0.813074,-0.519563,-0.862947,-0.438809,-0.250537,-0.431694,0.382564,0.816874,-0.000918,-0.002387,-0.002001,-0.001466,0.011982,-0.026197,-0.893708
336,0.063551,-0.017318,0.377379,-0.181303,0.784923,-0.592511,-0.898476,-0.377106,-0.22473,-0.399618,0.490636,0.774344,-0.014199,0.002376,0.001267,-0.000533,0.014405,-0.029298,-0.895051,-0.069574,0.043959,0.357089,0.129393,0.684395,0.717532,-0.813827,0.486738,-0.317342,-0.566568,-0.543743,0.619037,0.005985,-0.024809,0.014336,0.526986,0.154122,-0.655022,0.286892,0.057128,0.040829,-0.005657,-0.101343,-0.693443,0.713348,0.798565,-0.484334,-0.35737,0.593315,0.533438,0.602843,0.001714,-0.006859,0.003117,-0.034559,-0.32745,-0.250584,0.211174,0.06984,0.016879,-0.055393,-0.266223,0.811316,-0.520471,-0.859364,-0.444344,-0.253082,-0.436598,0.379898,0.815511,-0.000235,-0.000615,-0.000512,-0.000654,-5.6e-05,0.000595,-0.888973
337,0.063438,-0.017282,0.37739,-0.181555,0.784889,-0.59248,-0.898427,-0.377296,-0.224607,-0.399614,0.490544,0.774404,0.000311,0.000804,0.000676,0.0,-0.0,0.0,-0.879336,-0.069303,0.043277,0.357385,0.121423,0.698531,0.705196,-0.817185,0.473659,-0.328314,-0.563481,-0.537287,0.627435,0.004262,-0.016131,0.00458,-0.018926,-0.150983,-0.379591,0.28071,0.05727,0.040482,-0.005501,-0.092086,-0.708116,0.700064,0.800501,-0.470779,-0.370897,0.592214,0.526248,0.6102,0.00937,-0.011478,0.007081,-0.031257,-0.297986,-0.184751,0.20105,0.069779,0.016899,-0.055386,-0.266522,0.811253,-0.520417,-0.85931,-0.444549,-0.252907,-0.436522,0.379794,0.8156,0.000243,0.000626,0.000532,-0.000202,3.9e-05,0.000105,-0.87591
338,0.063407,-0.017246,0.377418,-0.181567,0.784889,-0.592476,-0.898425,-0.377304,-0.224601,-0.399613,0.490537,0.774409,0.000475,0.001229,0.001034,0.0,0.0,0.0,-0.872495,-0.069111,0.042906,0.357554,0.120844,0.709193,0.694574,-0.817979,0.467597,-0.334959,-0.562452,-0.528559,0.635717,0.018932,-0.023446,0.013836,-0.00867,-0.494797,-0.339777,0.280233,0.057359,0.040304,-0.005422,-0.091735,-0.717735,0.690246,0.801039,-0.464963,-0.377021,0.59154,0.518329,0.617587,0.009495,-0.011836,0.006828,0.023637,-0.805474,-0.53367,0.19909,0.069763,0.016918,-0.055371,-0.266532,0.811253,-0.520412,-0.859308,-0.444554,-0.252901,-0.436518,0.379788,0.815604,0.000385,0.000992,0.000837,-7.5e-05,-1.5e-05,0.000123,-0.870684
339,0.063398,-0.01718,0.377472,-0.181595,0.784887,-0.59247,-0.898421,-0.377324,-0.224586,-0.39961,0.490526,0.774418,0.00058,0.001501,0.001261,0.0,0.0,0.0,-0.860641,-0.068695,0.042202,0.357868,0.113749,0.732579,0.671104,-0.81982,0.450814,-0.352982,-0.561242,-0.510952,0.650998,0.01645,-0.012468,0.00566,0.059328,-0.618611,-0.372561,0.280621,0.057569,0.039947,-0.005264,-0.08572,-0.740958,0.666057,0.802157,-0.447831,-0.394956,0.590927,0.500427,0.632753,0.009496,-0.011796,0.006857,0.239947,-0.853631,-0.769664,0.197457,0.06976,0.016952,-0.055343,-0.266556,0.811248,-0.520407,-0.859304,-0.44457,-0.252888,-0.436512,0.379779,0.815612,0.000401,0.001036,0.000874,0.001123,-0.011908,0.02631,-0.860724
340,0.063403,-0.017139,0.377506,-0.181639,0.784881,-0.592465,-0.898414,-0.377355,-0.224561,-0.399605,0.490512,0.774429,0.000428,0.001107,0.00093,0.0,0.0,0.0,-0.852565,-0.068204,0.04146,0.358147,0.098451,0.760033,0.642377,-0.826314,0.422185,-0.372691,-0.554552,-0.495067,0.668763,0.00705,-0.027837,0.012266,0.024811,-0.770845,-0.506259,0.266552,0.057813,0.039581,-0.005126,-0.071718,-0.767604,0.636898,0.807853,-0.419217,-0.414282,0.585003,0.484809,0.650177,0.00857,-0.007225,0.002118,0.089689,-1.008402,-0.608266,0.189782,0.069762,0.016974,-0.055325,-0.266595,0.811239,-0.520401,-0.859296,-0.444599,-0.252866,-0.436504,0.379766,0.815622,0.000279,0.000719,0.000609,0.001149,-0.011895,0.026285,-0.853212
341,0.063408,-0.017126,0.377517,-0.181596,0.784887,-0.59247,-0.89842,-0.377324,-0.224586,-0.39961,0.490525,0.774418,0.000469,0.001213,0.001019,0.0,0.0,0.0,-0.850815,-0.067981,0.041103,0.358276,0.087847,0.772584,0.6288,-0.830453,0.405449,-0.381959,-0.55012,-0.489605,0.676401,0.019151,-0.02384,0.013575,-0.997942,-0.301982,-1.68604,0.252053,0.057927,0.039394,-0.005062,-0.063116,-0.779746,0.622906,0.810928,-0.403882,-0.423407,0.58173,0.478409,0.657809,0.00248,-0.008975,0.001646,-3.465508,1.722713,-4.011256,0.177699,0.069765,0.01698,-0.055319,-0.266553,0.81125,-0.520405,-0.859306,-0.444566,-0.252888,-0.43651,0.37978,0.815613,0.00026,0.000669,0.000564,0.001146,-0.01189,0.026274,-0.850273
342,0.063418,-0.017128,0.377515,-0.181572,0.78489,-0.592473,-0.898424,-0.377308,-0.224599,-0.399613,0.490534,0.774412,0.0,0.0,0.0,0.0,0.0,0.0,-0.841083,-0.06749,0.040309,0.358627,0.075576,0.793919,0.603301,-0.833523,0.382427,-0.398651,-0.547278,-0.473734,0.689873,0.019358,-0.024338,0.013233,0.018383,-0.708283,-0.230954,0.250482,0.058172,0.038998,-0.004885,-0.050697,-0.801907,0.595294,0.814002,-0.378529,-0.440584,0.578643,0.462235,0.671945,0.002214,-0.008279,0.002131,0.050269,-0.749165,-0.501005,0.15941,0.069771,0.016981,-0.055318,-0.266527,0.811256,-0.520409,-0.859312,-0.444547,-0.2529,-0.436513,0.37979,0.815607,-6e-06,-2.3e-05,-1.9e-05,-3e-06,-1e-06,3.2e-05,-0.845374
343,0.06342,-0.017113,0.377501,-0.181686,0.784865,-0.592472,-0.898385,-0.377418,-0.224569,-0.399648,0.490489,0.774422,0.0,0.0,0.0,0.0,0.0,0.0,-0.830621,-0.066972,0.039457,0.358997,0.056366,0.814586,0.57729,-0.836993,0.35383,-0.41735,-0.544269,-0.460686,0.701001,0.007157,-0.028047,0.012142,-0.014356,-0.470124,-0.357355,0.251185,0.058438,0.038563,-0.004695,-0.032921,-0.822844,0.567311,0.816681,-0.349357,-0.459325,0.576147,0.448192,0.683503,0.003564,-0.014004,0.006079,-0.022566,-0.405648,-0.307284,0.159084,0.069771,0.016988,-0.055326,-0.266637,0.81122,-0.520409,-0.859263,-0.444654,-0.252879,-0.436543,0.379742,0.815613,3e-06,-8e-06,-9e-06,-5e-06,-1e-06,1.6e-05,-0.838516
344,0.063441,-0.017111,0.37749,-0.181622,0.784868,-0.592487,-0.898385,-0.377387,-0.224623,-0.399679,0.490507,0.774395,1.4e-05,3.6e-05,3e-05,0.0,0.0,0.0,-0.821859,-0.066533,0.038654,0.359302,0.050061,0.833474,0.550279,-0.838001,0.334867,-0.430757,-0.543326,-0.440618,0.714504,0.006961,-0.027447,0.012573,-0.012348,-0.48965,-0.334104,0.250642,0.058658,0.03816,-0.004544,-0.02791,-0.841281,0.539876,0.817168,-0.330263,-0.472399,0.575722,0.427985,0.696686,0.003484,-0.013754,0.006259,-0.015834,-0.434384,-0.2942,0.158104,0.069782,0.016989,-0.055331,-0.266573,0.811231,-0.520424,-0.859267,-0.444618,-0.25293,-0.436575,0.379759,0.815588,9e-06,1.7e-05,1.5e-05,3e-06,6e-06,1.1e-05,-0.832311
345,0.063455,-0.0171,0.377487,-0.18156,0.784872,-0.5925,-0.898384,-0.377359,-0.224676,-0.39971,0.490523,0.774368,7.1e-05,0.000184,0.000155,0.0,0.0,0.0,-0.820509,-0.066379,0.038265,0.359417,0.038801,0.843689,0.53542,-0.840499,0.317407,-0.43903,-0.540368,-0.434045,0.720742,0.004999,-0.018103,0.003187,-0.826655,-0.094568,-1.732036,0.250058,0.058734,0.037968,-0.004485,-0.017626,-0.850391,0.525855,0.81924,-0.313786,-0.479982,0.573179,0.422342,0.702205,0.002508,-0.009068,0.001565,-0.834915,-0.217219,-1.831228,0.157614,0.069789,0.016995,-0.055333,-0.266512,0.811242,-0.520438,-0.859269,-0.444585,-0.252981,-0.436608,0.379774,0.815563,4.5e-05,0.000112,9.5e-05,5e-06,8e-06,1.5e-05,-0.829862
346,0.063496,-0.01711,0.37748,-0.181463,0.784884,-0.592515,-0.898398,-0.37729,-0.224731,-0.39972,0.490556,0.774342,0.013769,-0.003471,-0.002187,0.000984,-0.014715,0.029553,-0.819872,-0.066116,0.037718,0.359508,0.031174,0.859545,0.5101,-0.843514,0.296473,-0.447797,-0.536139,-0.417397,0.73362,0.00428,-0.016016,0.004661,0.050709,-0.737502,-0.457269,0.239241,0.058867,0.03769,-0.004442,-0.010778,-0.866027,0.499879,0.822103,-0.292257,-0.488601,0.569235,0.405686,0.715114,0.002128,-0.007983,0.002337,0.056369,-0.838779,-0.527842,0.151736,0.069804,0.016991,-0.055335,-0.26644,0.811259,-0.520448,-0.859286,-0.444532,-0.253017,-0.436619,0.3798,0.815545,0.0,-5e-06,-4e-06,7e-06,1.8e-05,1.4e-05,-0.827739
347,0.063508,-0.017098,0.377464,-0.181553,0.784861,-0.592517,-0.898363,-0.377384,-0.224714,-0.399758,0.49052,0.774345,0.0,0.0,0.0,0.0,0.0,0.0,-0.81531,-0.065964,0.037433,0.359526,0.025809,0.871512,0.489686,-0.84595,0.280108,-0.453698,-0.532569,-0.403636,0.743849,0.000681,-0.001959,-0.001393,0.040277,-0.326138,-0.189793,0.225992,0.058944,0.037546,-0.004435,-0.006307,-0.878224,0.478206,0.824274,-0.275315,-0.494745,0.566155,0.391053,0.725634,0.001645,-0.006582,0.003339,0.019878,-0.43992,-0.278494,0.132957,0.069815,0.016996,-0.055344,-0.266503,0.811234,-0.520455,-0.859248,-0.444604,-0.253021,-0.436656,0.379769,0.81554,3e-06,-2e-06,-3e-06,4e-06,1.4e-05,4e-06,-0.826106
348,0.063508,-0.017098,0.377464,-0.181553,0.784861,-0.592517,-0.898363,-0.377384,-0.224714,-0.399758,0.49052,0.774345,0.0,0.0,0.0,0.0,0.0,0.0,-0.815123,-0.065924,0.037396,0.359532,0.025531,0.877318,0.479221,-0.848255,0.272742,-0.453883,-0.528903,-0.396017,0.75053,0.000138,-0.000396,-0.000282,0.077433,-0.592572,-0.115475,0.223535,0.058964,0.037526,-0.004433,-0.006644,-0.883673,0.468056,0.826615,-0.268253,-0.494719,0.562728,0.383615,0.73224,2e-06,-1.2e-05,-1.2e-05,0.081856,-0.623992,-0.138819,0.127079,0.069815,0.016996,-0.055344,-0.266503,0.811234,-0.520455,-0.859248,-0.444604,-0.25302,-0.436656,0.379769,0.81554,4e-06,-2e-06,-3e-06,1.3e-05,1.5e-05,9e-06,-0.8248
349,0.063499,-0.017081,0.377451,-0.181545,0.784854,-0.592529,-0.898343,-0.377408,-0.224754,-0.399807,0.490514,0.774324,0.000963,0.009914,-0.009593,0.034551,-0.018091,0.015831,-0.815892,-0.065811,0.03742,0.359547,0.025801,0.887445,0.460182,-0.856723,0.256913,-0.447164,-0.515061,-0.383827,0.766324,-0.000181,0.00052,0.00037,0.071345,-0.519745,-0.077531,0.220203,0.05902,0.037541,-0.004423,-0.00765,-0.893447,0.449101,0.835484,-0.252488,-0.488072,0.54946,0.371484,0.748393,-0.000149,0.000422,0.000297,0.106515,-0.737694,0.004137,0.119894,0.06981,0.017001,-0.055347,-0.266511,0.811229,-0.52046,-0.859234,-0.444622,-0.253036,-0.436678,0.37976,0.815532,4e-06,-2e-06,-3e-06,1.4e-05,1.2e-05,1.2e-05,-0.824147
350,0.063499,-0.017073,0.377444,-0.181529,0.784852,-0.592537,-0.898335,-0.377411,-0.224781,-0.399832,0.490515,0.77431,0.0,0.0,0.0,0.0,0.0,0.0,-0.815341,-0.06567,0.037514,0.359595,0.01877,0.898458,0.438649,-0.86442,0.23512,-0.444332,-0.50234,-0.371966,0.780486,-0.000471,0.001353,0.000962,-0.569541,-0.27681,-1.197504,0.220558,0.05909,0.03759,-0.004399,-0.002113,-0.903689,0.428183,0.843284,-0.231744,-0.484939,0.537463,0.360055,0.762556,-0.000259,0.000753,0.000529,-0.588452,-0.184206,-1.15118,0.118588,0.069811,0.017008,-0.055354,-0.266479,0.811229,-0.520476,-0.859217,-0.444623,-0.25309,-0.43673,0.379759,0.815505,3e-06,-1e-06,-3e-06,8e-06,8e-06,1.1e-05,-0.824147
351,0.063511,-0.017068,0.377435,-0.181488,0.784853,-0.592548,-0.898331,-0.377397,-0.224822,-0.399861,0.490524,0.77429,0.0,0.0,0.0,0.0,0.0,0.0,-0.813148,-0.065494,0.037618,0.359656,0.018814,0.904824,0.425359,-0.867811,0.226135,-0.44238,-0.496458,-0.361947,0.788915,0.011926,0.004772,0.001843,0.077479,-0.482028,0.444996,0.219791,0.059173,0.037641,-0.004367,-0.001878,-0.91076,0.41293,0.846765,-0.221113,-0.483835,0.531962,0.348747,0.771616,-0.000255,0.000727,0.000515,0.07351,-0.444287,0.435089,0.117771,0.069817,0.01701,-0.055359,-0.266439,0.811235,-0.520487,-0.859215,-0.444605,-0.25313,-0.43676,0.379767,0.815486,4e-06,-1e-06,-2e-06,6e-06,1.5e-05,1.2e-05,-0.823004
352,0.063518,-0.017077,0.377428,-0.181485,0.784853,-0.592549,-0.898331,-0.377395,-0.224824,-0.399861,0.490526,0.774288,-9.8e-05,-0.000254,-0.000214,0.0,0.0,0.0,-0.813261,-0.065451,0.037636,0.359687,0.013688,0.90763,0.419536,-0.872137,0.216134,-0.438859,-0.488984,-0.361027,0.793988,-0.000304,0.000871,0.000619,-4.744606,1.181667,-3.315411,0.214832,0.059199,0.037653,-0.004351,-0.001325,-0.913233,0.407434,0.848547,-0.216607,-0.48275,0.529116,0.345088,0.775209,-0.000182,0.00052,0.000369,0.057319,-0.350279,0.49168,0.115649,0.069821,0.017006,-0.055362,-0.266436,0.811235,-0.520488,-0.859215,-0.444603,-0.253131,-0.43676,0.379768,0.815484,-7.3e-05,-0.000195,-0.000165,5e-06,-7e-06,1e-06,-0.82284
353,0.063529,-0.017072,0.377419,-0.181445,0.784853,-0.59256,-0.898327,-0.377382,-0.224864,-0.399889,0.490535,0.774268,-0.0,-0.0,-0.0,0.0,0.0,0.0,-0.814177,-0.0654,0.03756,0.359832,0.009734,0.914281,0.404954,-0.877969,0.201729,-0.434063,-0.478527,-0.352462,0.804143,0.001907,-0.009159,0.009534,-2.924055,1.605792,-4.051047,0.206208,0.059224,0.037616,-0.004283,0.001105,-0.919495,0.3931,0.855773,-0.202501,-0.476073,0.51735,0.33693,0.786655,-1.1e-05,1.8e-05,6e-06,-2.375146,-1.531904,0.855717,0.105198,0.069826,0.017008,-0.055367,-0.266396,0.811241,-0.5205,-0.859213,-0.444585,-0.253171,-0.436789,0.379777,0.815465,3e-06,3e-06,2e-06,-1e-06,4e-06,3e-06,-0.822514
354,0.063532,-0.017066,0.377425,-0.181423,0.784856,-0.592563,-0.89833,-0.377367,-0.224877,-0.399892,0.490542,0.774262,0.0,1e-06,1e-06,0.0,0.0,0.0,-0.813626,-0.065368,0.037402,0.360009,0.01329,0.922006,0.386935,-0.882365,0.19293,-0.42912,-0.470288,-0.336875,0.815602,0.001966,-0.009329,0.009416,0.074517,-0.868399,-0.041531,0.187746,0.05924,0.037535,-0.00419,0.001436,-0.926529,0.376219,0.862237,-0.189409,-0.469755,0.506501,0.325065,0.798616,0.000965,-0.004626,0.004732,0.064023,-0.796001,0.006903,0.090339,0.069827,0.017012,-0.055364,-0.266375,0.811246,-0.520502,-0.859218,-0.44457,-0.253181,-0.436793,0.379784,0.81546,-1e-06,-5e-06,-2e-06,7e-06,1.4e-05,1e-05,-0.822677
355,0.063532,-0.017066,0.377425,-0.181423,0.784856,-0.592563,-0.89833,-0.377367,-0.224877,-0.399892,0.490542,0.774262,0.0,0.0,0.0,0.0,0.0,0.0,-0.813838,-0.065354,0.037314,0.360151,0.008747,0.925739,0.378049,-0.885024,0.183228,-0.427895,-0.465369,-0.332004,0.820407,0.001699,-0.008567,0.009959,0.125527,-0.754069,-0.008263,0.178987,0.059247,0.037494,-0.004123,0.005868,-0.930193,0.367023,0.864955,-0.179462,-0.468663,0.501814,0.320209,0.803522,0.00075,-0.004011,0.005171,0.123336,-0.674169,-0.186826,0.077602,0.069827,0.017012,-0.055364,-0.266375,0.811246,-0.520502,-0.859218,-0.44457,-0.253181,-0.436792,0.379784,0.81546,1e-06,-4e-06,-1e-06,1.5e-05,1.6e-05,1.4e-05,-0.82235
356,0.063531,-0.017073,0.377432,-0.181439,0.784859,-0.592555,-0.898338,-0.377363,-0.22485,-0.399866,0.490541,0.774276,0.0,0.0,0.0,0.0,0.0,0.0,-0.813963,-0.065331,0.037079,0.360575,0.009238,0.931623,0.363297,-0.88716,0.175345,-0.426772,-0.461274,-0.319533,0.82764,0.000989,-0.006535,0.011403,0.027434,-0.289873,0.035589,0.159683,0.059259,0.037376,-0.003917,0.004874,-0.936538,0.350529,0.866931,-0.170751,-0.468265,0.498402,0.306167,0.811083,0.000458,-0.003181,0.005764,0.043864,-0.35037,0.002093,0.053272,0.069827,0.017008,-0.05536,-0.266391,0.811246,-0.520494,-0.859226,-0.444569,-0.253154,-0.436767,0.379784,0.815474,2e-06,-1e-06,-2e-06,8e-06,9e-06,5e-06,-0.82235
357,0.063531,-0.017073,0.377432,-0.181439,0.784859,-0.592555,-0.898338,-0.377363,-0.22485,-0.399866,0.490541,0.774276,0.0,0.0,0.0,0.0,0.0,0.0,-0.813425,-0.065347,0.036786,0.361083,0.011248,0.936006,0.351791,-0.887423,0.171559,-0.427765,-0.460727,-0.308555,0.832099,0.002819,-0.01548,0.021108,0.046754,-0.497877,-0.076911,0.139445,0.059251,0.03723,-0.003663,0.001975,-0.940194,0.340632,0.867322,-0.167937,-0.46856,0.497743,0.296363,0.815119,0.000258,-0.002616,0.006158,0.134221,-0.704944,-0.219047,0.026492,0.069827,0.017008,-0.05536,-0.266391,0.811246,-0.520494,-0.859226,-0.444569,-0.253154,-0.436767,0.379784,0.815474,2e-06,-1e-06,-2e-06,1e-05,6e-06,5e-06,-0.82235
358,0.063542,-0.017076,0.37743,-0.181415,0.784862,-0.592559,-0.898342,-0.377346,-0.224863,-0.399869,0.490549,0.774269,0.0,0.0,0.0,0.0,0.0,0.0,-0.812724,-0.065334,0.036399,0.361681,0.008066,0.938058,0.346373,-0.887299,0.166528,-0.430002,-0.461027,-0.305049,0.833223,0.000795,-0.005979,0.011802,-0.009264,-0.140212,0.123845,0.124845,0.059256,0.037042,-0.003366,0.0049,-0.942767,0.333413,0.866894,-0.162195,-0.471366,0.498467,0.291344,0.816485,0.000343,-0.002862,0.005993,-0.015448,-0.119781,0.140103,0.003958,0.069832,0.017006,-0.055361,-0.266367,0.811252,-0.520497,-0.859232,-0.444551,-0.253166,-0.43677,0.379793,0.815468,2e-06,-1e-06,-2e-06,1.2e-05,-7e-06,0.0,-0.822187
359,0.063542,-0.017076,0.37743,-0.181415,0.784862,-0.592559,-0.898342,-0.377346,-0.224863,-0.399869,0.490549,0.774269,0.0,0.0,0.0,0.0,0.0,0.0,-0.812949,-0.06532,0.036237,0.361965,0.00859,0.93914,0.343414,-0.887367,0.165562,-0.430236,-0.460888,-0.302221,0.834331,0.000361,-0.004734,0.012681,-0.029313,-0.027098,-0.006444,0.11551,0.059264,0.036959,-0.003226,0.004089,-0.943803,0.330483,0.866954,-0.16136,-0.471542,0.49837,0.288442,0.817575,0.000383,-0.002982,0.005907,-0.039854,0.021028,-0.007941,-0.006493,0.069832,0.017006,-0.055361,-0.266367,0.811252,-0.520497,-0.859232,-0.444551,-0.253166,-0.43677,0.379793,0.815468,2e-06,-1e-06,-2e-06,1.2e-05,-7e-06,0.0,-0.822187
360,0.063549,-0.017085,0.377423,-0.181412,0.784862,-0.59256,-0.898342,-0.377344,-0.224865,-0.399869,0.490551,0.774268,-0.000116,-0.000299,-0.000251,0.0,0.0,0.0,-0.811594,-0.06526,0.035888,0.362476,0.001532,0.941073,0.338188,-0.887228,0.15738,-0.433579,-0.461225,-0.300571,0.83474,0.001419,-0.007771,0.010545,0.001285,-0.05125,-0.062538,0.093537,0.059293,0.036785,-0.002958,0.010921,-0.945643,0.325022,0.866703,-0.153157,-0.474727,0.498702,0.286883,0.81792,-0.005511,-0.005573,0.004847,0.045395,-0.016536,-0.064985,-0.032783,0.069836,0.017002,-0.055364,-0.266364,0.811252,-0.520498,-0.859233,-0.44455,-0.253168,-0.436771,0.379795,0.815467,-7.4e-05,-0.000196,-0.000167,5e-06,-2e-06,-2e-06,-0.82186
361,0.063584,-0.017079,0.377417,-0.181302,0.784871,-0.592581,-0.898348,-0.377281,-0.224945,-0.399905,0.490583,0.774229,2.3e-05,5.9e-05,4.9e-05,0.0,0.0,0.0,-0.810757,-0.065216,0.035614,0.362788,0.001034,0.941173,0.337909,-0.887735,0.156507,-0.432858,-0.46025,-0.300711,0.835228,0.002077,-0.00966,0.009221,-0.035206,0.001533,-0.023005,0.067299,0.059315,0.036645,-0.002798,0.011355,-0.945638,0.32502,0.867316,-0.152445,-0.473838,0.497627,0.287275,0.818437,0.001064,-0.004924,0.004543,-0.035741,0.003022,-0.022041,-0.064298,0.069853,0.017005,-0.055368,-0.266255,0.811275,-0.520519,-0.859246,-0.444481,-0.253242,-0.43681,0.379827,0.81543,1.5e-05,3.5e-05,2.8e-05,-5e-06,1.2e-05,-3e-06,-0.821207
362,0.063604,-0.017084,0.377413,-0.181253,0.784877,-0.592588,-0.898356,-0.377247,-0.224973,-0.399911,0.4906,0.774215,0.0,1e-06,1e-06,0.0,0.0,0.0,-0.81003,-0.065191,0.035586,0.362838,0.000883,0.941186,0.337873,-0.88781,0.156315,-0.432773,-0.460106,-0.30077,0.835286,-4.8e-05,0.000138,9.7e-05,0.0,-0.0,-0.0,0.050142,0.059327,0.036631,-0.002773,0.011505,-0.945647,0.32499,0.867398,-0.15226,-0.473748,0.497481,0.287346,0.818501,-3e-06,-8e-06,-6e-06,-8.7e-05,0.000248,8.3e-05,-0.08079,0.069864,0.017002,-0.05537,-0.266208,0.811286,-0.520526,-0.859257,-0.444446,-0.253267,-0.436818,0.379844,0.815419,0.0,-3e-06,-5e-06,4e-06,2e-06,0.0,-0.820881
363,0.063635,-0.017092,0.377408,-0.18118,0.784886,-0.592598,-0.898367,-0.377196,-0.225014,-0.399919,0.490625,0.774195,0.0,0.0,0.0,0.0,0.0,0.0,-0.811137,-0.065162,0.035534,0.362789,-1.4e-05,0.941175,0.337907,-0.887828,0.15557,-0.433005,-0.460071,-0.301194,0.835152,0.000889,-0.002552,-0.001796,0.0,-0.0,-0.0,-0.008563,0.059341,0.036607,-0.002796,0.012404,-0.945637,0.324987,0.867408,-0.15151,-0.473968,0.497441,0.287776,0.818374,0.000555,-0.001595,-0.001123,-0.002064,0.014044,-0.025132,-0.137942,0.069879,0.016998,-0.055372,-0.266136,0.811303,-0.520536,-0.859274,-0.444392,-0.253303,-0.436828,0.37987,0.815401,0.0,-1e-06,-3e-06,5e-06,8e-06,-1e-06,-0.820391
364,0.063655,-0.017105,0.377412,-0.181147,0.784894,-0.592598,-0.898383,-0.377159,-0.225014,-0.399899,0.490641,0.774196,0.0,0.0,0.0,0.0,0.0,0.0,-0.81143,-0.065191,0.035432,0.362641,-0.000953,0.941148,0.337979,-0.887776,0.154851,-0.433368,-0.460168,-0.301647,0.834935,-0.011081,-0.007258,-0.003586,-0.002045,0.015205,-0.029245,-0.116424,0.059332,0.036555,-0.002871,0.013323,-0.945613,0.325018,0.867343,-0.150807,-0.474313,0.497532,0.288221,0.818162,0.000769,-0.002206,-0.001555,-0.00206,0.014023,-0.025123,-0.23314,0.069889,0.016992,-0.05537,-0.266104,0.811314,-0.520535,-0.859293,-0.444357,-0.2533,-0.43681,0.379888,0.815403,1e-06,-1e-06,-2e-06,1.6e-05,4e-06,6e-06,-0.820391
365,0.063655,-0.017105,0.377412,-0.181147,0.784894,-0.592598,-0.898383,-0.377159,-0.225014,-0.399899,0.490641,0.774196,0.0,0.0,0.0,0.0,0.0,0.0,-0.811401,-0.065235,0.035279,0.362484,-0.001649,0.94015,0.340745,-0.888044,0.155367,-0.432635,-0.45965,-0.304494,0.834187,0.001499,-0.004306,-0.00304,-0.007944,0.036814,-0.01187,-0.238394,0.059306,0.036477,-0.00295,0.01412,-0.944542,0.328085,0.867677,-0.151492,-0.473482,0.496927,0.291358,0.817419,0.000608,-0.001741,-0.001228,-0.00011,-0.001597,-0.003723,-0.344831,0.069889,0.016992,-0.05537,-0.266104,0.811314,-0.520535,-0.859293,-0.444357,-0.2533,-0.43681,0.379888,0.815403,1e-06,-1e-06,-2e-06,1.6e-05,4e-06,6e-06,-0.820391
366,0.063655,-0.017105,0.377412,-0.181147,0.784894,-0.592598,-0.898383,-0.377159,-0.225014,-0.399899,0.490641,0.774196,0.0,0.0,0.0,0.0,0.0,0.0,-0.812953,-0.06527,0.03521,0.362418,-0.00085,0.940369,0.340143,-0.889271,0.154948,-0.430258,-0.457274,-0.304029,0.835661,-0.011201,-0.006945,-0.00337,0.009899,-0.067274,0.118994,-0.305039,0.059293,0.036442,-0.002984,0.013426,-0.94484,0.327255,0.869011,-0.150866,-0.471229,0.494608,0.290715,0.819052,0.000463,-0.001325,-0.000935,0.007113,-0.004406,-0.005369,-0.404595,0.069889,0.016992,-0.05537,-0.266104,0.811314,-0.520535,-0.859293,-0.444357,-0.2533,-0.43681,0.379888,0.815403,1e-06,-1e-06,-2e-06,1.6e-05,4e-06,6e-06,-0.820554
367,0.06366,-0.017092,0.377423,-0.181105,0.7849,-0.592603,-0.898389,-0.377129,-0.225039,-0.399903,0.490655,0.774185,0.000307,0.000797,0.000669,0.0,0.0,0.0,-0.814304,-0.065308,0.035167,0.362299,0.001863,0.939824,0.34164,-0.891919,0.156133,-0.424307,-0.452088,-0.305108,0.838086,0.001258,-0.003616,-0.002557,-0.002414,0.015467,-0.024254,-0.416815,0.059269,0.03642,-0.003044,0.010677,-0.94429,0.32894,0.871909,-0.152259,-0.465391,0.489549,0.291775,0.82171,0.00063,-0.001802,-0.001272,0.004197,0.004665,-0.03301,-0.520042,0.069891,0.016997,-0.055366,-0.266063,0.811325,-0.520539,-0.859303,-0.444326,-0.253322,-0.436816,0.379901,0.815393,0.000174,0.000448,0.000375,3e-06,7e-06,2e-06,-0.820717
368,0.063663,-0.017085,0.377428,-0.181084,0.784903,-0.592605,-0.898392,-0.377114,-0.225051,-0.399906,0.490661,0.774179,9e-06,2.2e-05,1.9e-05,0.0,0.0,0.0,-0.816019,-0.065422,0.035126,0.361974,0.018991,0.938587,0.344508,-0.888957,0.173637,-0.423722,-0.457512,-0.299388,0.837205,-0.000267,0.004464,-0.012902,0.029534,0.030098,0.012519,-0.60398,0.059212,0.036399,-0.0032,-0.006341,-0.942986,0.332771,0.868931,-0.169888,-0.46486,0.49489,0.286208,0.820467,-0.006366,0.000572,-0.006853,0.038384,0.001829,-0.001099,-0.678597,0.069893,0.017002,-0.055362,-0.266042,0.81133,-0.520541,-0.859308,-0.44431,-0.253333,-0.436819,0.379908,0.815388,-1e-06,1e-06,-0.0,-1e-06,-6e-06,-5e-06,-0.821534
369,0.063675,-0.017081,0.377432,-0.181038,0.784909,-0.592611,-0.898399,-0.377082,-0.225077,-0.399911,0.490676,0.774167,1.2e-05,3.1e-05,2.6e-05,0.0,0.0,0.0,-0.817221,-0.065545,0.035176,0.361687,0.028906,0.936021,0.350743,-0.885815,0.186646,-0.424769,-0.463063,-0.299594,0.834074,-0.012376,0.0001,-0.014453,0.009838,0.247904,0.258304,-0.718087,0.059156,0.03642,-0.003335,-0.015473,-0.940964,0.33815,0.865665,-0.181852,-0.466425,0.500382,0.285508,0.817374,-0.006004,-0.000449,-0.007584,0.470824,-0.065172,1.507141,-0.767917,0.069899,0.017004,-0.05536,-0.265998,0.811341,-0.520547,-0.859318,-0.444277,-0.253356,-0.436826,0.379924,0.815377,2e-06,5e-06,4e-06,-2e-06,-6e-06,-6e-06,-0.821697
370,0.063734,-0.017082,0.377447,-0.180869,0.784935,-0.592629,-0.898436,-0.376948,-0.225155,-0.399906,0.490737,0.774131,0.000133,0.000345,0.000289,0.0,0.0,0.0,-0.820979,-0.065775,0.035518,0.360928,0.030286,0.929321,0.368017,-0.885032,0.196128,-0.42212,-0.464471,-0.314094,0.827934,-0.014449,0.009766,-0.023661,-0.04889,0.46609,0.249338,-0.861421,0.059041,0.036592,-0.00372,-0.016627,-0.9343,0.356097,0.864927,-0.192116,-0.463672,0.501621,0.300289,0.811296,-0.00105,0.006749,-0.011279,-0.07417,0.515836,0.552429,-0.820006,0.069928,0.017003,-0.055353,-0.265832,0.811385,-0.520563,-0.859369,-0.444141,-0.253422,-0.436827,0.379988,0.815346,7.9e-05,0.000206,0.000171,2e-06,-7e-06,-8e-06,-0.823004
371,0.063847,-0.017054,0.377476,-0.18048,0.784986,-0.59268,-0.898495,-0.376675,-0.225378,-0.39995,0.490866,0.774027,0.014398,-0.001823,-0.000808,0.000984,-0.014715,0.029553,-0.828077,-0.066086,0.036161,0.359843,0.045416,0.919161,0.391244,-0.880219,0.222098,-0.41931,-0.472334,-0.326494,0.818636,-0.004071,0.022818,-0.031979,0.754607,0.618693,0.254023,-0.930176,0.058887,0.036902,-0.004247,-0.031517,-0.924506,0.379861,0.861599,-0.217762,-0.458505,0.50661,0.312837,0.803416,-0.000792,0.006016,-0.011792,-0.077369,0.508801,0.548953,-0.812495,0.069979,0.017016,-0.05534,-0.265474,0.811473,-0.520608,-0.859452,-0.443875,-0.253607,-0.43688,0.380112,0.81526,0.000441,0.001146,0.00096,0.001175,-0.011904,0.02622,-0.826269
372,0.063915,-0.017029,0.377513,-0.180226,0.785024,-0.592707,-0.898544,-0.376481,-0.225505,-0.399954,0.490954,0.773969,0.000991,0.002575,0.002159,0.0,0.0,0.0,-0.832158,-0.066286,0.036569,0.359221,0.059574,0.912183,0.405419,-0.876208,0.242435,-0.416435,-0.478197,-0.331572,0.813173,-0.006477,0.033461,-0.04044,-0.044729,0.634003,0.67085,-0.961373,0.058782,0.037108,-0.004568,-0.043965,-0.918021,0.394086,0.856131,-0.237923,-0.458729,0.514885,0.317221,0.796406,-0.008185,0.009562,-0.016519,-0.108884,0.715954,0.657153,-0.813638,0.070018,0.017027,-0.055323,-0.265202,0.811544,-0.520636,-0.859527,-0.443659,-0.253729,-0.436898,0.380212,0.815204,0.000595,0.00155,0.001299,0.001175,-0.0119,0.026221,-0.828882
1082,0.055954,0.038995,0.410271,0.00029,0.839021,-0.54414,-0.999433,0.018369,0.027694,0.033223,0.542781,0.839232,0.000322,0.000764,0.000397,0.0,0.0,0.0,-0.719399,-0.089449,0.0848,0.372619,0.582387,-0.173886,0.794091,-0.471212,0.723658,0.504195,-0.663031,-0.667593,0.338487,0.0079,0.012423,0.005302,0.9459,-1.67275,-0.589874,0.148536,0.047195,0.061233,0.002115,-0.54512,0.165764,0.821806,0.491404,-0.731028,0.473412,0.679238,0.661906,0.317041,0.003998,0.006022,0.002543,0.754986,-1.436439,-0.417078,0.001508,0.066038,0.045041,-0.038942,-0.090082,0.878983,-0.468265,-0.995882,-0.084275,0.033391,-0.010113,0.469345,0.882956,0.000214,0.000504,0.000263,-9.3e-05,2.3e-05,0.000138,-0.753932
1083,0.05579,0.039056,0.410296,-0.000113,0.839134,-0.543965,-0.999434,0.018019,0.027907,0.033213,0.542618,0.839338,0.0,0.0,0.0,0.0,0.0,0.0,-0.718136,-0.088925,0.085128,0.372801,0.610378,-0.091561,0.786795,-0.495344,0.730863,0.469475,-0.61877,-0.676167,0.399731,0.009695,0.006377,0.002413,0.918284,-1.472866,-0.758921,0.172682,0.047455,0.061404,0.00221,-0.573864,0.083696,0.814662,0.513885,-0.737744,0.437784,0.637653,0.669871,0.380355,0.010211,0.004646,0.00157,0.726099,-1.224277,-0.577295,0.033513,0.065956,0.045073,-0.038928,-0.09049,0.87904,-0.46808,-0.995846,-0.084637,0.033573,-0.010105,0.469173,0.883047,-2e-06,-8e-06,-2e-06,-7.7e-05,3.3e-05,0.000108,-0.751482
1084,0.055589,0.03912,0.410335,-0.000614,0.839282,-0.543738,-0.999433,0.017601,0.028199,0.03323,0.542405,0.839476,-0.011624,0.003737,0.002248,-0.000984,0.014715,-0.029553,-0.71647,-0.088267,0.085234,0.372922,0.629627,-0.010603,0.776819,-0.530088,0.724991,0.439691,-0.568618,-0.688602,0.449848,0.0241,-0.005838,0.009248,0.243665,-1.29163,-0.666198,0.185472,0.047779,0.061461,0.002267,-0.594162,0.001606,0.804343,0.546941,-0.732419,0.405484,0.589768,0.680852,0.434297,0.005538,0.000825,7.6e-05,-0.454109,-2.054017,-1.367647,0.05866,0.065856,0.045105,-0.038909,-0.090999,0.879116,-0.467838,-0.995799,-0.085076,0.033827,-0.010064,0.468952,0.883165,-0.005812,0.001864,0.001126,-0.001051,0.014756,-0.029449,-0.750502
1085,0.055473,0.039149,0.410353,-0.005887,0.83935,-0.543601,-0.999518,0.011429,0.028375,0.03003,0.542464,0.839558,-0.000618,-0.001462,-0.000759,-0.001143,0.01215,-0.026108,-0.715272,-0.087925,0.085286,0.372927,0.636752,0.029444,0.7705,-0.549388,0.718343,0.42672,-0.541699,-0.695046,0.472585,0.011456,0.000569,-0.000354,0.636995,-1.078093,-0.470216,0.192445,0.047959,0.061484,0.002273,-0.601893,-0.038873,0.797629,0.565993,-0.725386,0.391747,0.563362,0.687243,0.458606,0.005796,5.5e-05,-0.00031,0.681059,-1.124971,-0.499678,0.067968,0.065799,0.045122,-0.038898,-0.096265,0.878643,-0.467673,-0.995266,-0.091235,0.033457,-0.013272,0.468681,0.883267,-0.000309,-0.000732,-0.000375,-0.002012,0.012077,-0.026217,-0.749686
1086,0.055228,0.039228,0.410401,-0.006498,0.839525,-0.543324,-0.999513,0.01092,0.02873,0.030053,0.542204,0.839725,-0.0,-0.0,-0.0,0.0,-0.0,-0.0,-0.704818,-0.087059,0.085364,0.372925,0.646875,0.097023,0.756393,-0.578891,0.708007,0.404409,-0.497087,-0.699584,0.513176,0.033473,0.004737,0.000383,0.605272,-1.030394,-0.362096,0.206705,0.04838,0.061518,0.002271,-0.612524,-0.105062,0.783438,0.594588,-0.714313,0.369081,0.520844,0.691895,0.500002,0.012728,-0.005066,0.003576,0.565459,-1.239801,-0.390396,0.086746,0.065676,0.045158,-0.038876,-0.096882,0.878731,-0.46738,-0.995208,-0.091761,0.033773,-0.01321,0.468412,0.88341,-0.005809,0.001879,0.001132,-0.001114,0.014717,-0.029377,-0.745441
1087,0.05499,0.039297,0.410443,-0.007107,0.839698,-0.543049,-0.999509,0.010412,0.029083,0.030077,0.541946,0.839891,-0.011618,0.003752,0.002255,-0.000984,0.014715,-0.029553,-0.697122,-0.085961,0.085438,0.372989,0.652537,0.159388,0.740799,-0.607512,0.69421,0.385922,-0.453559,-0.702064,0.548865,0.03272,0.007267,0.001595,0.438881,-1.005943,-0.138015,0.223458,0.048932,0.061547,0.002298,-0.619037,-0.167792,0.767227,0.622407,-0.700592,0.348969,0.47896,0.693553,0.538128,0.011011,0.002065,0.000335,0.328647,-1.234026,-0.670973,0.107811,0.065556,0.045193,-0.038855,-0.097495,0.878819,-0.467088,-0.995148,-0.092287,0.03408,-0.013156,0.468145,0.883553,-0.005807,0.001883,0.001137,-0.00105,0.014722,-0.029425,-0.738746
1088,0.054901,0.039325,0.410449,-0.007334,0.839757,-0.542955,-0.999507,0.010209,0.029193,0.030061,0.541858,0.839948,-0.000324,-0.000763,-0.000396,0.0,0.0,0.0,-0.693625,-0.085358,0.085547,0.373025,0.651853,0.198042,0.732023,-0.629425,0.679541,0.376805,-0.423617,-0.706616,0.566662,0.032714,0.007314,0.00162,-0.664573,-1.577437,-1.003264,0.22793,0.049245,0.061606,0.002318,-0.619238,-0.206578,0.757541,0.643506,-0.686348,0.338857,0.449937,0.697316,0.557947,0.016332,0.003714,0.000815,-0.648062,-1.614907,-1.028532,0.118588,0.065513,0.045209,-0.038851,-0.097725,0.878846,-0.466988,-0.995126,-0.092496,0.034173,-0.013162,0.468051,0.883602,-0.000216,-0.000508,-0.000258,-6.8e-05,1.4e-05,0.000111,-0.736296
1089,0.054758,0.039363,0.410473,-0.007569,0.839826,-0.542845,-0.999505,0.010013,0.029329,0.030069,0.541755,0.840014,-0.011627,0.003732,0.002244,-0.000984,0.014715,-0.029553,-0.68452,-0.083873,0.085771,0.373097,0.652905,0.255474,0.713049,-0.652471,0.667664,0.358385,-0.385322,-0.699549,0.601682,0.044066,0.008467,0.00155,0.578476,-0.961127,-0.027543,0.232247,0.04997,0.061718,0.002355,-0.620902,-0.263487,0.738278,0.666239,-0.673638,0.319898,0.413044,0.690495,0.593809,0.022138,0.003899,0.000579,0.7433,-1.055953,-0.362671,0.128549,0.065445,0.045224,-0.038841,-0.097938,0.878879,-0.466882,-0.995105,-0.09268,0.03428,-0.013143,0.467954,0.883654,-4e-06,-7e-06,-1e-06,-4e-05,4e-06,8.3e-05,-0.730418
1090,0.054727,0.039364,0.410463,-0.007662,0.839846,-0.542812,-0.999505,0.009922,0.029362,0.030048,0.541725,0.840034,-0.000628,-0.001477,-0.000767,-0.001144,0.012152,-0.026107,-0.677066,-0.082128,0.085909,0.373304,0.648587,0.315957,0.692457,-0.679317,0.650461,0.339651,-0.343899,-0.691081,0.635613,0.044063,0.00866,0.001649,-3.1666,-2.907899,-3.62688,0.227777,0.05086,0.06179,0.002459,-0.618569,-0.322506,0.716492,0.690864,-0.657601,0.300445,0.37427,0.680845,0.62958,0.021946,0.004421,0.000856,-3.090565,-2.990033,-3.673046,0.128059,0.065426,0.04523,-0.038843,-0.098034,0.878887,-0.466845,-0.995095,-0.092774,0.034306,-0.01316,0.467919,0.883672,3e-06,3e-06,4e-06,-3.7e-05,2.1e-05,6.9e-05,-0.723886
1091,0.05474,0.039359,0.410438,-0.012742,0.839802,-0.542785,-0.999546,0.003888,0.029384,0.026795,0.54187,0.840051,-0.000127,-0.000299,-0.000155,0.0,-0.0,-0.0,-0.674787,-0.080252,0.08611,0.373553,0.638765,0.376633,0.670908,-0.708663,0.627379,0.322686,-0.300166,-0.682034,0.666777,0.044021,0.008963,0.001803,0.337947,-1.171368,-0.431986,0.225372,0.051781,0.061888,0.002583,-0.609377,-0.382966,0.694259,0.720423,-0.633122,0.2831,0.331133,0.672675,0.661708,0.028445,0.001166,0.005628,-0.833044,-1.177969,-0.899782,0.125609,0.065431,0.045224,-0.038858,-0.103118,0.878334,-0.466791,-0.994533,-0.098792,0.033808,-0.01642,0.467726,0.88372,-7.4e-05,-0.000174,-9.1e-05,-0.000339,-1.7e-05,8e-05,-0.7216
