frame,MLTx,MLTy,MLTz,MLTR1,MLTR2,MLTR3,MLTR4,MLTR5,MLTR6,MLTR7,MLTR8,MLTR9,MLTTVx,MLTTVy,MLTTVz,MLTRVx,MLTRVy,MLTRVz,MLGA,MRTx,MRTy,MRTz,MRTR1,MRTR2,MRTR3,MRTR4,MRTR5,MRTR6,MRTR7,MRTR8,MRTR9,MRTTVx,MRTTVy,MRTTVz,MRTRVx,MRTRVy,MRTRVz,MRGA,SLTx,SLTy,SLTz,SLTR1,SLTR2,SLTR3,SLTR4,SLTR5,SLTR6,SLTR7,SLTR8,SLTR9,SLTTVx,SLTTVy,SLTTVz,SLTRVx,SLTRVy,SLTRVz,SLGA,SRTx,SRTy,SRTz,SRTR1,SRTR2,SRTR3,SRTR4,SRTR5,SRTR6,SRTR7,SRTR8,SRTR9,SRTTVx,SRTTVy,SRTTVz,SRTRVx,SRTRVy,SRTRVz,SRGA
440,0.083542,-0.012281,0.369947,-0.083609,0.662826,-0.744121,-0.936425,-0.307547,-0.168803,-0.340644,0.681875,0.647329,-0.004712,-0.022207,-0.00053,4.083343,0.876253,-3.440506,-0.555826,-0.066655,0.033737,0.353747,0.231247,0.094194,0.96832,-0.429361,0.902975,0.014818,-0.87323,-0.419308,0.248019,0.012577,0.003469,0.000902,0.208427,-1.610371,-0.919651,0.227414,0.057746,0.035178,-0.007307,-0.189231,-0.097648,0.977065,0.431907,-0.901894,-0.006487,0.881843,0.420774,0.212841,0.006265,0.001765,0.000467,0.147695,-1.379057,-0.79001,0.114832,0.079985,0.01926,-0.0589,-0.125787,0.710771,-0.692084,-0.921206,-0.342593,-0.184413,-0.368179,0.614356,0.69786,-0.002454,-0.01141,-0.000512,-0.042007,0.045302,-0.07193,-0.622646
441,0.083142,-0.013094,0.369949,-0.081321,0.662728,-0.744463,-0.936389,-0.306597,-0.170721,-0.341298,0.682399,0.646432,-0.018456,-0.019215,0.00141,-0.030106,-0.041656,0.107395,-0.554492,-0.066342,0.03382,0.353754,0.264473,0.143445,0.953661,-0.46189,0.886885,-0.005188,-0.846831,-0.439298,0.299596,8e-06,-2.4e-05,-1.8e-05,-0.090118,-1.630218,-0.04991,0.244222,0.057907,0.035221,-0.007303,-0.223259,-0.14882,0.963331,0.463418,-0.885651,-0.029419,0.857553,0.439857,0.266695,0.006265,0.001808,0.0005,-0.668491,-2.779654,1.445352,0.135243,0.07979,0.018851,-0.0589,-0.127413,0.710125,-0.69245,-0.91914,-0.346909,-0.186639,-0.372754,0.612679,0.696906,-0.002431,-0.011313,-0.000453,-0.037853,0.042578,-0.068586,-0.621993
442,0.082686,-0.013859,0.36988,-0.079113,0.662594,-0.744819,-0.936272,-0.305845,-0.172703,-0.342141,0.682866,0.645493,-0.017708,-0.009171,-0.008081,-0.001954,0.027154,-0.055532,-0.550114,-0.066097,0.033891,0.353762,0.290272,0.185681,0.938753,-0.488558,0.872233,-0.021334,-0.823105,-0.452678,0.342701,0.012535,0.003592,0.000991,0.14861,-1.023038,-0.338341,0.254508,0.058025,0.035256,-0.007299,-0.250465,-0.19112,0.949073,0.489456,-0.870803,-0.046189,0.835284,0.452961,0.31165,-1e-05,1.8e-05,7e-06,0.150789,-1.006145,-0.372398,0.152879,0.079562,0.018464,-0.058932,-0.125069,0.71016,-0.692842,-0.919118,-0.345894,-0.188624,-0.373603,0.613213,0.695981,-0.002462,-0.011376,-0.000528,-0.037153,0.042161,-0.068222,-0.620197
443,0.082188,-0.014455,0.369735,-0.077328,0.664562,-0.743251,-0.935841,-0.305408,-0.17578,-0.343724,0.681146,0.646468,-0.017653,-0.008867,-0.007879,-0.001582,0.045086,-0.078936,-0.546164,-0.065903,0.033964,0.353765,0.306217,0.22746,0.924383,-0.519207,0.853766,-0.037963,-0.798195,-0.46861,0.378355,0.012532,0.003599,0.000995,0.165064,-1.094288,-0.381838,0.262682,0.058122,0.035292,-0.007298,-0.26604,-0.231591,0.935728,0.519327,-0.852229,-0.063274,0.812109,0.469116,0.346998,0.006262,0.001809,0.000501,0.085367,-0.629944,-0.339968,0.165779,0.079314,0.01817,-0.059001,-0.123462,0.712277,-0.690953,-0.918729,-0.345224,-0.191716,-0.375089,0.61113,0.697013,-0.009125,-0.00916,0.001037,-0.041421,0.028754,-0.080712,-0.616931
444,0.081923,-0.014663,0.369648,-0.077809,0.66461,-0.743158,-0.935875,-0.305555,-0.175343,-0.343522,0.681033,0.646694,-0.017193,-0.007403,-0.006682,-0.001937,0.027227,-0.055498,-0.544736,-0.065817,0.033991,0.353749,0.313417,0.244285,0.917652,-0.52913,0.847323,-0.044717,-0.788834,-0.471851,0.39365,0.012673,0.003194,0.000691,0.171128,-1.10429,-0.387851,0.267716,0.058164,0.035306,-0.007305,-0.273696,-0.248449,0.929173,0.528891,-0.845767,-0.070358,0.803345,0.472175,0.362885,8.9e-05,-0.000253,-0.000191,0.095094,-0.606664,-0.128926,0.171167,0.079179,0.018059,-0.05905,-0.12386,0.712149,-0.691014,-0.918769,-0.345375,-0.191256,-0.374863,0.611194,0.697078,-0.009047,-0.008883,0.001254,-0.031197,-0.045217,0.105643,-0.615788
445,0.081331,-0.014976,0.369437,-0.083409,0.664195,-0.742922,-0.933989,-0.311962,-0.174115,-0.347314,0.678532,0.647298,-0.016941,-0.006521,-0.005983,-0.001962,0.027128,-0.055544,-0.53874,-0.065637,0.034015,0.353719,0.325106,0.275925,0.904524,-0.548808,0.833962,-0.057019,-0.770449,-0.478221,0.421398,0.013048,0.002119,-0.000117,-4.865511,-0.512935,-2.552845,0.277514,0.058259,0.035321,-0.007319,-0.287302,-0.280963,0.915705,0.546511,-0.83321,-0.084185,0.786628,0.476256,0.392933,0.006605,0.000929,-0.000174,-4.85612,-0.548648,-2.57745,0.186843,0.078884,0.017903,-0.059155,-0.129436,0.711364,-0.6908,-0.916504,-0.351753,-0.190497,-0.378504,0.608465,0.697498,-0.008479,-0.003299,-0.003016,-0.002254,0.027016,-0.055389,-0.612359
446,0.080711,-0.015217,0.369243,-0.082822,0.663906,-0.743246,-0.933393,-0.312923,-0.17558,-0.349052,0.678373,0.646529,-0.016548,-0.00523,-0.004933,-0.001963,0.027127,-0.055544,-0.536245,-0.065432,0.034023,0.353687,0.336647,0.310068,0.889111,-0.568278,0.819763,-0.070585,-0.751139,-0.481892,0.451037,0.01312,0.001922,-0.000267,0.1737,-1.037536,-0.349906,0.278076,0.058356,0.035323,-0.007335,-0.298083,-0.314197,0.901346,0.566834,-0.818018,-0.097693,0.768013,0.481794,0.421935,0.000364,-0.001065,-0.000805,0.192743,-1.1548,-0.458019,0.191905,0.07858,0.017784,-0.059251,-0.12878,0.711136,-0.691158,-0.915878,-0.352529,-0.192068,-0.38024,0.608282,0.696713,-0.008213,-0.002442,-0.002311,-0.002683,0.027436,-0.055847,-0.609746
447,0.080417,-0.015301,0.369163,-0.083417,0.663919,-0.743167,-0.933355,-0.313268,-0.175168,-0.349012,0.678201,0.646731,-0.01606,-0.003719,-0.003677,-0.001963,0.027127,-0.055544,-0.535101,-0.0653,0.034033,0.353653,0.342526,0.326787,0.880839,-0.577576,0.812678,-0.076771,-0.741326,-0.482868,0.465979,0.013279,0.001472,-0.000606,0.145242,-0.849846,-0.23842,0.27994,0.058422,0.03533,-0.007351,-0.304337,-0.331313,0.89309,0.575904,-0.810805,-0.104538,0.758757,0.48252,0.437563,0.005282,0.006484,-0.004211,0.206801,-1.056094,-0.342682,0.192722,0.078432,0.017739,-0.059293,-0.129545,0.711101,-0.691051,-0.9158,-0.353003,-0.191568,-0.380168,0.608048,0.696956,-0.00813,-0.002169,-0.00209,-0.002186,0.02715,-0.055489,-0.60893
448,0.079932,-0.01542,0.369046,-0.084789,0.663944,-0.742989,-0.933265,-0.314063,-0.174218,-0.348919,0.677809,0.647192,-0.015213,-0.001123,-0.001508,-0.000984,0.014715,-0.029553,-0.530768,-0.064996,0.034025,0.353597,0.357191,0.361321,0.861309,-0.596062,0.798117,-0.087488,-0.719455,-0.482599,0.499344,0.00082,-0.00235,-0.001767,0.215822,-1.174604,-0.471012,0.293479,0.058579,0.035326,-0.00738,-0.319615,-0.36491,0.874463,0.593807,-0.796308,-0.115261,0.738403,0.482423,0.471198,0.006774,0.000363,-0.000591,0.158365,-0.869953,-0.024023,0.204315,0.078182,0.017676,-0.059355,-0.130809,0.71104,-0.690876,-0.915668,-0.35379,-0.190746,-0.380053,0.607662,0.697356,-0.007675,-0.000776,-0.000927,-0.002065,0.027108,-0.055457,-0.60599
449,0.079572,-0.015434,0.369022,-0.086001,0.663965,-0.742832,-0.933185,-0.314765,-0.173378,-0.348836,0.677463,0.647598,-0.000339,-0.001011,-0.000852,0.0,0.0,0.0,-0.52668,-0.064663,0.034081,0.353473,0.369262,0.395848,0.840798,-0.622345,0.777221,-0.092458,-0.690519,-0.489625,0.532272,0.001153,-0.003293,-0.002478,-4.473723,-0.397726,-3.023857,0.299391,0.058745,0.035354,-0.007442,-0.334131,-0.400782,0.85307,0.618513,-0.776182,-0.1224,0.711194,0.486738,0.507236,0.000649,-0.001764,-0.001346,-4.465991,-0.405665,-3.035726,0.218522,0.077996,0.017669,-0.059368,-0.132041,0.710978,-0.690705,-0.915537,-0.354559,-0.189944,-0.379943,0.607286,0.697743,-0.007074,0.001041,0.000599,-0.001064,0.01469,-0.029491,-0.603214
450,0.079358,-0.015373,0.369064,-0.086474,0.663975,-0.742768,-0.933153,-0.315039,-0.173052,-0.348804,0.677326,0.647759,0.000233,0.000692,0.000583,0.0,0.0,0.0,-0.524031,-0.064312,0.034198,0.353267,0.383222,0.428861,0.818053,-0.645804,0.75759,-0.094491,-0.660725,-0.492632,0.566233,-0.000996,0.006586,-0.011496,-4.249026,-0.635267,-3.141264,0.299572,0.058916,0.03541,-0.00754,-0.349493,-0.430595,0.83213,0.638911,-0.759141,-0.124485,0.685307,0.488151,0.540426,0.005716,0.005273,-0.005126,0.168868,-0.653737,0.094793,0.221134,0.07789,0.0177,-0.059346,-0.13251,0.710957,-0.690637,-0.915487,-0.354851,-0.18964,-0.379899,0.607141,0.697893,-0.006715,0.002112,0.001497,-0.001031,0.014709,-0.029504,-0.600928
451,0.079312,-0.015343,0.369088,-0.086532,0.663977,-0.742759,-0.933149,-0.315073,-0.173012,-0.3488,0.677309,0.64778,0.000453,0.001349,0.001136,0.0,0.0,0.0,-0.523441,-0.064126,0.034297,0.353154,0.387506,0.44341,0.808219,-0.656197,0.748433,-0.09585,-0.647857,-0.493768,0.579946,0.013655,0.000463,-0.001383,-4.256181,-0.446507,-3.292795,0.299482,0.05901,0.03546,-0.007602,-0.354787,-0.445434,0.822018,0.649137,-0.750112,-0.126299,0.672864,0.488794,0.555277,-0.000581,0.003528,-0.005578,0.266591,-1.091138,0.025722,0.221787,0.077867,0.017715,-0.059334,-0.132567,0.710955,-0.690628,-0.915481,-0.354886,-0.189603,-0.379893,0.607123,0.697912,0.000277,0.000825,0.000697,0.000943,-0.012426,0.026026,-0.599949
452,0.079277,-0.015322,0.369117,-0.08673,0.663985,-0.74273,-0.933145,-0.315169,-0.172861,-0.348762,0.677257,0.647855,0.000171,0.000507,0.000427,0.0,0.0,0.0,-0.520088,-0.063718,0.034474,0.352923,0.401608,0.464849,0.789062,-0.666609,0.739154,-0.096018,-0.628348,-0.48802,0.605706,0.013709,0.000332,-0.00149,0.190974,-0.821685,0.003666,0.301303,0.059214,0.035548,-0.007718,-0.367114,-0.469422,0.803037,0.663967,-0.736863,-0.127202,0.65144,0.486493,0.582193,-0.000551,0.003441,-0.005646,0.300477,-1.127457,0.004397,0.222604,0.077851,0.017729,-0.059316,-0.132764,0.710949,-0.690597,-0.91547,-0.354991,-0.189458,-0.379851,0.607068,0.697983,0.000107,0.000321,0.000273,-3.2e-05,-1.6e-05,2.3e-05,-0.597989
453,0.079308,-0.015328,0.369113,-0.086656,0.663983,-0.742739,-0.93315,-0.315126,-0.172911,-0.348767,0.677278,0.64783,0.0,0.0,0.0,0.0,0.0,0.0,-0.516711,-0.063323,0.034578,0.352751,0.415232,0.477452,0.774347,-0.672091,0.734634,-0.092418,-0.613481,-0.48266,0.624936,0.013656,0.000506,-0.001364,0.041484,-0.681163,0.218149,0.305771,0.059411,0.0356,-0.007804,-0.381346,-0.482283,0.788655,0.669528,-0.732344,-0.124105,0.637421,0.4807,0.602179,0.000647,-0.001817,-0.001383,-0.210938,-0.656044,-0.308839,0.227666,0.077866,0.017727,-0.059318,-0.13269,0.710952,-0.690607,-0.915478,-0.354945,-0.189506,-0.379857,0.607091,0.697959,-1e-06,-9e-06,-1.1e-05,-2.4e-05,-2e-06,3.7e-05,-0.595213
454,0.079337,-0.015342,0.369103,-0.086604,0.663982,-0.742747,-0.933153,-0.315096,-0.172947,-0.34877,0.677293,0.647812,-3.8e-05,-0.000114,-9.6e-05,0.0,0.0,0.0,-0.516866,-0.063165,0.034544,0.352694,0.422185,0.480577,0.768633,-0.672743,0.734397,-0.089507,-0.608,-0.47991,0.632364,0.001542,-0.004335,-0.003284,0.07537,-0.342541,0.221698,0.305095,0.059489,0.035587,-0.007829,-0.388376,-0.486232,0.782778,0.67055,-0.731786,-0.121864,0.632081,0.477562,0.610251,0.000729,-0.002045,-0.001554,0.085576,-0.374116,0.203196,0.228972,0.077881,0.01772,-0.059323,-0.132638,0.710955,-0.690615,-0.915484,-0.354913,-0.189539,-0.379862,0.607107,0.697943,-2.3e-05,-7.2e-05,-6.4e-05,-2.9e-05,0.0,3e-05,-0.594723
455,0.079391,-0.015346,0.369101,-0.08646,0.663979,-0.742766,-0.933163,-0.315012,-0.173047,-0.34878,0.677335,0.647763,0.000229,0.000681,0.000573,0.0,0.0,0.0,-0.516688,-0.062963,0.034376,0.352586,0.425455,0.494307,0.75805,-0.679626,0.727611,-0.092868,-0.597978,-0.476304,0.644531,0.001953,-0.005482,-0.004161,0.189812,-0.689552,0.008895,0.309071,0.059596,0.035502,-0.007885,-0.392408,-0.498287,0.773127,0.676907,-0.72554,-0.124046,0.622745,0.474659,0.622002,0.000987,-0.002774,-0.00211,0.238672,-0.841802,-0.080102,0.231422,0.077907,0.017716,-0.059325,-0.132494,0.710962,-0.690635,-0.9155,-0.354823,-0.189632,-0.379874,0.607152,0.697898,0.000131,0.000388,0.000325,-3.1e-05,-1e-06,2.4e-05,-0.59407
456,0.079409,-0.01533,0.369128,-0.086514,0.663984,-0.742755,-0.933169,-0.315025,-0.172995,-0.348752,0.677324,0.647789,0.000272,0.00081,0.000682,0.0,0.0,0.0,-0.515594,-0.062945,0.034101,0.352362,0.429126,0.504404,0.749279,-0.683875,0.723327,-0.095112,-0.590461,-0.472235,0.65438,-0.00955,-0.012112,-0.007451,0.085844,-0.293766,-0.020017,0.322916,0.059607,0.035372,-0.007992,-0.396591,-0.509462,0.763651,0.681121,-0.72102,-0.127291,0.615458,0.469657,0.632955,0.001536,-0.004306,-0.003277,0.117435,-0.452058,0.156313,0.245628,0.077917,0.017724,-0.059311,-0.132548,0.710963,-0.690624,-0.915504,-0.354839,-0.189581,-0.379845,0.607141,0.697923,0.000174,0.000517,0.000436,-2.1e-05,-8e-06,3.4e-05,-0.593417
457,0.079405,-0.015316,0.369153,-0.08649,0.663989,-0.742754,-0.93318,-0.314992,-0.172997,-0.34873,0.677334,0.647791,0.000363,0.001082,0.00091,0.0,0.0,0.0,-0.514748,-0.062969,0.033952,0.352185,0.427672,0.512258,0.744769,-0.690857,0.716547,-0.095979,-0.583338,-0.474127,0.659381,0.000716,0.001776,-0.015188,0.04833,-0.180995,0.079518,0.321656,0.059591,0.035291,-0.008079,-0.395399,-0.517757,0.758674,0.688066,-0.714132,-0.128759,0.608459,0.471107,0.638618,0.001638,-0.004592,-0.003499,-0.081325,-0.121805,0.016783,0.25069,0.077915,0.017731,-0.059299,-0.132524,0.71097,-0.690622,-0.915517,-0.354806,-0.189581,-0.379823,0.607153,0.697925,0.000231,0.000689,0.000579,-2.9e-05,-1.5e-05,1.8e-05,-0.59309
458,0.079381,-0.015298,0.369194,-0.086509,0.664,-0.742742,-0.933196,-0.314966,-0.172954,-0.34868,0.677336,0.647816,3.8e-05,0.000114,9.6e-05,0.0,0.0,0.0,-0.514684,-0.063049,0.033662,0.351816,0.429463,0.523343,0.735979,-0.696689,0.710525,-0.098551,-0.57502,-0.471085,0.6688,0.000583,0.002147,-0.014925,0.061129,-0.123994,0.146661,0.311159,0.059556,0.035147,-0.008263,-0.397411,-0.52883,0.749935,0.693835,-0.708009,-0.131584,0.600547,0.468039,0.648292,0.001508,-0.004231,-0.003236,0.007458,-0.067728,0.158116,0.243015,0.077903,0.017742,-0.059276,-0.132544,0.710978,-0.690609,-0.915534,-0.354784,-0.189536,-0.379773,0.607155,0.69795,1.4e-05,4.3e-05,3.7e-05,-2.4e-05,3e-06,2e-05,-0.592764
459,0.079375,-0.015283,0.369206,-0.086491,0.664,-0.742743,-0.933197,-0.314955,-0.172967,-0.348681,0.677341,0.64781,8e-06,2.3e-05,1.9e-05,0.0,0.0,0.0,-0.514474,-0.063139,0.033462,0.351486,0.428288,0.532713,0.729916,-0.702086,0.704677,-0.102176,-0.569297,-0.469375,0.674871,0.002445,-0.006885,-0.005281,0.090408,-0.30103,0.013347,0.309647,0.059508,0.035044,-0.008436,-0.396374,-0.537101,0.744586,0.698953,-0.702389,-0.134582,0.595274,0.467087,0.653817,-0.005167,-0.004993,-0.002934,0.126022,-0.394498,-0.079601,0.23779,0.0779,0.01775,-0.05927,-0.132526,0.71098,-0.690611,-0.915536,-0.354773,-0.189548,-0.379775,0.60716,0.697944,-5e-06,-1.2e-05,-1.1e-05,-2.5e-05,-3e-06,2e-05,-0.592437
460,0.079375,-0.015291,0.369213,-0.086507,0.664005,-0.742737,-0.933205,-0.314945,-0.172941,-0.348656,0.67734,0.647824,-1e-05,-3e-05,-2.5e-05,0.0,0.0,0.0,-0.513505,-0.063327,0.033254,0.35125,0.429096,0.531359,0.730429,-0.698997,0.707493,-0.103886,-0.572487,-0.46666,0.674056,-0.010885,-0.008495,-0.004733,0.055821,-0.028116,0.075026,0.309447,0.059419,0.034941,-0.008554,-0.397431,-0.536132,0.744721,0.69581,-0.705167,-0.136328,0.598243,0.464004,0.653301,-0.005486,-0.004115,-0.00226,0.560587,0.452776,-0.396371,0.236647,0.0779,0.017745,-0.059267,-0.132542,0.710983,-0.690604,-0.915545,-0.354765,-0.189521,-0.379749,0.60716,0.697958,-1.2e-05,-2.9e-05,-2.5e-05,-1.5e-05,-2e-06,2.7e-05,-0.592111
461,0.079383,-0.015299,0.369206,-0.086504,0.664005,-0.742738,-0.933206,-0.314944,-0.172943,-0.348656,0.677341,0.647823,-3.3e-05,-9.7e-05,-8.2e-05,0.0,0.0,0.0,-0.512661,-0.063411,0.033172,0.351189,0.428028,0.531313,0.731088,-0.698185,0.708034,-0.105638,-0.574274,-0.465889,0.673068,-0.01164,-0.006374,-0.003105,-0.002043,0.015205,-0.029247,0.309308,0.059378,0.034895,-0.008588,-0.396276,-0.536044,0.7454,0.694836,-0.705773,-0.138152,0.600139,0.463185,0.652144,0.000534,-0.001501,-0.001152,-0.003593,-0.003386,0.00443,0.236157,0.077904,0.017741,-0.059271,-0.132538,0.710983,-0.690605,-0.915545,-0.354763,-0.189523,-0.379749,0.607162,0.697957,-1.7e-05,-5e-05,-4.2e-05,-2e-05,-4e-06,1.6e-05,-0.591784
462,0.079385,-0.015293,0.369212,-0.086482,0.664005,-0.742741,-0.933207,-0.314931,-0.172958,-0.348657,0.677347,0.647816,8.6e-05,0.000257,0.000216,0.0,0.0,0.0,-0.509492,-0.063668,0.033017,0.351098,0.414092,0.531863,0.738675,-0.696436,0.707645,-0.118951,-0.586478,-0.465855,0.662484,-0.011963,-0.005477,-0.002418,0.135664,0.186964,-0.151012,0.314034,0.059245,0.034818,-0.008633,-0.381951,-0.536346,0.752626,0.692521,-0.705369,-0.151221,0.611986,0.46345,0.640848,-0.006,-0.002685,-0.001164,0.151698,0.164548,-0.174413,0.238606,0.077905,0.017744,-0.059269,-0.132517,0.710984,-0.690608,-0.915547,-0.35475,-0.189537,-0.379751,0.607168,0.69795,4.9e-05,0.000141,0.000117,-1.2e-05,5e-06,3.2e-05,-0.590314
463,0.079388,-0.015295,0.369237,-0.086471,0.664014,-0.742733,-0.933226,-0.314887,-0.172936,-0.348609,0.677358,0.64783,1.8e-05,5.2e-05,4.4e-05,0.0,0.0,0.0,-0.506743,-0.064182,0.032854,0.351035,0.396014,0.529911,0.749905,-0.697025,0.705113,-0.130017,-0.598135,-0.471883,0.647629,-0.012602,-0.003667,-0.001028,-0.179072,0.509201,0.275947,0.318859,0.058997,0.034739,-0.008664,-0.364084,-0.53643,0.76137,0.692583,-0.702502,-0.163764,0.622712,0.467689,0.627292,-0.012633,-0.003578,-0.000954,-0.016896,0.105671,-0.239622,0.244485,0.077907,0.017743,-0.059256,-0.132507,0.710994,-0.6906,-0.915568,-0.354709,-0.189512,-0.379704,0.60718,0.697965,8e-06,2.4e-05,1.9e-05,-3e-05,-1.2e-05,1.3e-05,-0.587865
464,0.079388,-0.015311,0.369263,-0.086498,0.664029,-0.742717,-0.933252,-0.314846,-0.172873,-0.348535,0.677363,0.647866,0.0,1e-06,0.0,0.0,0.0,0.0,-0.506872,-0.064887,0.032706,0.35097,0.390595,0.521664,0.758481,-0.695426,0.707055,-0.128021,-0.603534,-0.478121,0.637973,-0.012923,-0.002741,-0.000321,-0.110375,0.410167,-0.00884,0.318045,0.058635,0.034663,-0.008696,-0.357823,-0.526408,0.771268,0.691114,-0.704731,-0.160359,0.627951,0.475655,0.615978,-0.006487,-0.001299,-9.4e-05,-0.117906,0.432967,0.006016,0.247098,0.077907,0.017735,-0.059242,-0.132534,0.711006,-0.690582,-0.915595,-0.354674,-0.189446,-0.379629,0.607187,0.698,-4e-06,-1e-05,-1.1e-05,-2.4e-05,0.0,2.3e-05,-0.587212
465,0.079389,-0.01532,0.369283,-0.086508,0.664039,-0.742707,-0.933269,-0.314814,-0.172836,-0.348485,0.677368,0.647887,2.8e-05,8.2e-05,6.9e-05,0.0,0.0,0.0,-0.506759,-0.065321,0.032615,0.350923,0.392405,0.509246,0.765949,-0.687741,0.715389,-0.123142,-0.611126,-0.479096,0.629964,-0.025478,-0.006531,-0.001454,-0.226564,0.825653,0.230733,0.315663,0.058437,0.034623,-0.008718,-0.359941,-0.515822,0.777411,0.683652,-0.712841,-0.156449,0.634871,0.475167,0.609223,-0.007726,0.004133,-0.004222,0.319048,0.231231,0.483764,0.245791,0.077907,0.017731,-0.059233,-0.132544,0.711014,-0.690571,-0.915614,-0.354646,-0.189407,-0.37958,0.607193,0.698021,1.6e-05,5e-05,4.1e-05,-2.1e-05,6e-06,2.6e-05,-0.587049
466,0.079391,-0.015337,0.369322,-0.086529,0.664059,-0.742687,-0.933304,-0.314751,-0.172763,-0.348386,0.677378,0.64793,-0.000839,-0.010075,0.009419,-0.03475,0.017372,-0.016197,-0.50529,-0.06625,0.0324,0.350815,0.390871,0.481183,0.784649,-0.666627,0.735787,-0.118994,-0.635056,-0.477164,0.607356,-0.025246,-0.00719,-0.001973,-0.247206,0.898681,0.485777,0.30915,0.057962,0.034515,-0.008772,-0.357553,-0.487701,0.796431,0.66268,-0.733398,-0.151596,0.658035,0.473575,0.585418,-0.013834,0.001782,-0.005142,0.032959,0.561094,0.092529,0.240239,0.077908,0.017726,-0.059216,-0.13255,0.711028,-0.690557,-0.915644,-0.354598,-0.189355,-0.379507,0.607206,0.69805,7e-06,2.2e-05,1.8e-05,-2.4e-05,2e-06,2e-05,-0.586559
467,0.079394,-0.01534,0.369347,-0.086518,0.664068,-0.742679,-0.933323,-0.314707,-0.172741,-0.348338,0.677389,0.647944,0.000166,0.000494,0.000415,0.0,0.0,0.0,-0.504468,-0.067418,0.032129,0.350683,0.386141,0.448233,0.80621,-0.64302,0.757425,-0.112988,-0.661745,-0.475345,0.579658,-0.025266,-0.007122,-0.001937,-0.231276,0.872293,0.002747,0.299688,0.057378,0.034379,-0.008838,-0.351902,-0.45308,0.819074,0.639218,-0.755553,-0.143313,0.683787,0.473135,0.555497,-0.018954,-0.005346,-0.001441,-0.251557,0.959572,0.276467,0.227992,0.077909,0.01772,-0.059201,-0.132555,0.711041,-0.690542,-0.915673,-0.354549,-0.189303,-0.379434,0.607218,0.698079,0.000104,0.000316,0.000264,-2e-05,-6e-06,2.5e-05,-0.585579
468,0.079385,-0.015338,0.369361,-0.086537,0.664074,-0.742673,-0.933331,-0.314699,-0.172713,-0.348313,0.677387,0.647959,4.7e-05,0.00014,0.000118,0.0,0.0,0.0,-0.502885,-0.06807,0.03202,0.350614,0.382929,0.430947,0.817094,-0.632038,0.767285,-0.108333,-0.674081,-0.475494,0.56514,-0.038339,-0.00936,-0.001903,-0.224624,0.850395,-0.057698,0.295455,0.057058,0.034323,-0.008875,-0.34824,-0.435554,0.830072,0.628432,-0.765518,-0.138035,0.695558,0.473575,0.5403,-0.012922,-0.002707,-0.000299,-0.264755,0.972116,0.05813,0.222767,0.07791,0.01772,-0.059194,-0.13255,0.711046,-0.690538,-0.915684,-0.354529,-0.189291,-0.37941,0.607224,0.698086,2.9e-05,8.9e-05,7.4e-05,-2.4e-05,6e-06,2.5e-05,-0.585089
469,0.079389,-0.015325,0.369372,-0.086494,0.664073,-0.742678,-0.933334,-0.314674,-0.172743,-0.348316,0.677399,0.647945,2e-06,5e-06,4e-06,0.0,0.0,0.0,-0.498116,-0.06945,0.031886,0.350471,0.373034,0.397278,0.838455,-0.610098,0.785849,-0.100779,-0.699375,-0.474448,0.534451,-0.026152,-0.004406,0.000116,-0.198526,0.796935,-0.05328,0.286775,0.056379,0.034253,-0.008943,-0.33782,-0.402335,0.850883,0.606817,-0.78416,-0.129865,0.719478,0.47246,0.509049,-0.012999,-0.002452,-0.000113,-0.282252,1.098624,0.136063,0.210357,0.077907,0.017728,-0.059188,-0.132532,0.711047,-0.69054,-0.915686,-0.354517,-0.189303,-0.379412,0.60723,0.698081,-4e-06,-1.6e-05,-1.5e-05,-2.2e-05,-6e-06,2.3e-05,-0.58313
470,0.079367,-0.015327,0.369369,-0.086564,0.664075,-0.742669,-0.933329,-0.314715,-0.172694,-0.348311,0.677379,0.647969,-5e-06,-1.6e-05,-1.4e-05,0.0,0.0,0.0,-0.491328,-0.070775,0.031873,0.350274,0.370767,0.363981,0.854424,-0.582464,0.807685,-0.091183,-0.723731,-0.464324,0.510372,-0.038743,-0.007948,-0.000882,-0.114739,0.673746,-0.142599,0.285333,0.055705,0.034251,-0.009044,-0.334522,-0.368422,0.867386,0.579708,-0.806113,-0.118822,0.742989,0.463082,0.48324,-0.014295,0.003345,-0.003968,-0.000229,0.688059,0.016131,0.204315,0.077896,0.017727,-0.05919,-0.132602,0.711044,-0.69053,-0.915678,-0.354561,-0.189257,-0.379406,0.607208,0.698103,-2e-06,-9e-06,-9e-06,-2.6e-05,-2e-06,2.2e-05,-0.578558
471,0.079306,-0.015307,0.369384,-0.08669,0.664077,-0.742651,-0.93332,-0.314788,-0.172607,-0.348302,0.677343,0.648012,0.000439,0.001305,0.001097,0.000984,-0.0124,0.025997,-0.487317,-0.072171,0.031925,0.349984,0.369907,0.331899,0.867758,-0.563664,0.822622,-0.074225,-0.738907,-0.462087,0.49026,-0.040714,0.001823,-0.010005,0.244651,0.734636,0.469986,0.285344,0.055022,0.034275,-0.00918,-0.333492,-0.339132,0.879642,0.563077,-0.820002,-0.102663,0.756125,0.46107,0.464422,-0.014057,0.002811,-0.004402,4.323806,-0.503819,3.323892,0.203499,0.077865,0.017734,-0.059185,-0.132749,0.711037,-0.690509,-0.915662,-0.354653,-0.189162,-0.379393,0.607163,0.69815,1e-06,1e-06,-0.0,-1.7e-05,-2e-06,3.1e-05,-0.574802
472,0.079275,-0.015308,0.369395,-0.08678,0.664084,-0.742635,-0.933323,-0.314821,-0.17253,-0.348272,0.677321,0.648051,8e-06,2.2e-05,1.9e-05,0.0,0.0,0.0,-0.48573,-0.072844,0.032004,0.349805,0.368217,0.323486,0.871645,-0.560694,0.825085,-0.069216,-0.742004,-0.463649,0.484069,-0.027989,0.005085,-0.009241,-0.070843,0.481936,0.01173,0.284829,0.054681,0.034313,-0.009269,-0.331703,-0.328672,0.884277,0.558945,-0.823576,-0.096444,0.759969,0.462272,0.456892,-0.014055,0.002733,-0.004451,-0.121228,0.666985,0.13353,0.202846,0.07785,0.017737,-0.059177,-0.132817,0.711038,-0.690495,-0.915665,-0.354679,-0.189102,-0.379363,0.607146,0.69818,2e-06,7e-06,6e-06,-2.1e-05,-4e-06,2.8e-05,-0.573496
473,0.079189,-0.015297,0.369402,-0.086997,0.664088,-0.742606,-0.933309,-0.314947,-0.17238,-0.348257,0.677258,0.648125,-5.3e-05,-0.000158,-0.000133,0.0,0.0,0.0,-0.4854,-0.073886,0.032204,0.349479,0.372097,0.312394,0.87404,-0.55711,0.828318,-0.058747,-0.742773,-0.465472,0.481131,-0.012918,-0.002529,-0.000226,-0.364275,-0.422483,0.575077,0.281655,0.054145,0.034413,-0.009437,-0.332426,-0.318211,0.887825,0.555668,-0.826706,-0.088248,0.762053,0.464,0.451639,-0.013994,0.002613,-0.004552,0.040258,-0.005196,-0.062568,0.199907,0.077807,0.017742,-0.059173,-0.133034,0.711028,-0.690464,-0.915641,-0.354814,-0.188962,-0.379344,0.607079,0.698249,-0.00695,0.001399,0.000893,-0.001004,0.014719,-0.029524,-0.572189
474,0.079075,-0.015272,0.369418,-0.087267,0.664094,-0.742569,-0.93329,-0.315104,-0.172194,-0.348238,0.67718,0.648216,-0.0,-0.0,-0.0,0.0,0.0,0.0,-0.483122,-0.074463,0.032437,0.34924,0.373361,0.311499,0.87382,-0.555735,0.829291,-0.058043,-0.74317,-0.464335,0.481615,-0.013058,-0.002058,0.000128,-0.002045,0.015208,-0.029244,0.279288,0.053857,0.034528,-0.009557,-0.336143,-0.31689,0.886897,0.554683,-0.827657,-0.085494,0.76114,0.463209,0.453985,-0.006621,-0.000728,0.000307,-0.002138,0.01417,-0.030469,0.196967,0.07775,0.017754,-0.059166,-0.133304,0.711015,-0.690425,-0.915612,-0.354983,-0.188787,-0.37932,0.606996,0.698334,-0.0,1e-06,5e-06,-2.1e-05,3e-06,2.7e-05,-0.571046
475,0.079023,-0.015261,0.369425,-0.08739,0.664096,-0.742553,-0.933282,-0.315175,-0.172109,-0.34823,0.677145,0.648258,-0.0,-0.0,-0.0,0.0,0.0,0.0,-0.482351,-0.07461,0.032547,0.349178,0.37424,0.310939,0.873643,-0.555073,0.829778,-0.057421,-0.743225,-0.46384,0.482009,-0.000553,0.001749,0.001332,-0.0,0.0,0.0,0.278984,0.053773,0.034585,-0.009592,-0.337126,-0.316288,0.886739,0.553996,-0.82819,-0.084784,0.761205,0.462668,0.454427,-0.000285,0.000911,0.000705,-0.000341,-9.5e-05,-0.000325,0.196151,0.077724,0.01776,-0.059162,-0.133426,0.711009,-0.690407,-0.915599,-0.355059,-0.188708,-0.379309,0.606958,0.698373,-2e-06,1e-06,6e-06,-2.3e-05,-4e-06,2.2e-05,-0.570556
476,0.078909,-0.015236,0.369442,-0.08766,0.664102,-0.742516,-0.933263,-0.315331,-0.171923,-0.348212,0.677066,0.648349,-0.0,-0.0,-0.0,0.0,0.0,0.0,-0.481355,-0.074541,0.032829,0.349164,0.378386,0.314399,0.870614,-0.554001,0.830386,-0.05896,-0.741928,-0.460409,0.487267,0.011524,0.006868,0.003533,0.037282,-0.165382,-0.029662,0.278949,0.053804,0.034721,-0.009601,-0.341329,-0.319754,0.883884,0.552899,-0.828766,-0.086302,0.760129,0.459241,0.459674,-0.001579,0.006736,-0.003127,0.077773,-0.177623,-0.085784,0.195008,0.077667,0.017772,-0.059154,-0.133695,0.710996,-0.690368,-0.915569,-0.355227,-0.188534,-0.379285,0.606875,0.698458,-0.006918,0.001503,0.000983,-0.001002,0.014728,-0.029522,-0.569577
477,0.078834,-0.015227,0.369446,-0.087853,0.664105,-0.74249,-0.93325,-0.315443,-0.171789,-0.348198,0.677011,0.648414,-0.000318,-0.000942,-0.000792,0.0,0.0,0.0,-0.479184,-0.074147,0.033046,0.349259,0.383767,0.323079,0.865063,-0.553848,0.8301,-0.064186,-0.739278,-0.454891,0.496392,0.011723,0.006213,0.003031,0.083343,-0.351554,-0.144608,0.279789,0.053996,0.034829,-0.009553,-0.346442,-0.32739,0.879086,0.552517,-0.828538,-0.090822,0.75809,0.454246,0.467929,0.005983,0.002717,0.001213,0.14708,-0.61582,-0.34273,0.195334,0.077631,0.01778,-0.059149,-0.133888,0.710986,-0.690341,-0.915548,-0.355348,-0.188409,-0.379268,0.606815,0.698519,-0.000221,-0.000653,-0.000544,-0.000996,0.01242,-0.025961,-0.568107
478,0.078814,-0.015222,0.369449,-0.087902,0.664106,-0.742483,-0.933247,-0.315472,-0.171755,-0.348195,0.676997,0.648431,-5e-06,-1.6e-05,-1.4e-05,0.0,0.0,0.0,-0.479929,-0.073879,0.033138,0.349304,0.386255,0.327505,0.862287,-0.553896,0.829851,-0.066939,-0.737948,-0.452177,0.500831,0.012295,0.004407,0.001656,0.047114,-0.197944,-0.083556,0.280568,0.054137,0.034883,-0.009526,-0.349729,-0.333253,0.875575,0.552476,-0.828151,-0.094528,0.75661,0.450675,0.473742,0.006167,0.002141,0.000775,0.039721,-0.166502,-0.063881,0.195661,0.077619,0.017779,-0.05915,-0.133937,0.710984,-0.690334,-0.915543,-0.355378,-0.188378,-0.379263,0.6068,0.698535,1e-06,-2e-06,1e-06,-1.4e-05,6e-06,2.7e-05,-0.567944
479,0.078803,-0.01522,0.369451,-0.087926,0.664107,-0.74248,-0.933245,-0.315486,-0.171738,-0.348193,0.67699,0.648439,-0.0,-0.0,-0.0,0.0,0.0,0.0,-0.479358,-0.073276,0.033304,0.349373,0.39208,0.338715,0.855299,-0.554194,0.82904,-0.074131,-0.73465,-0.445366,0.511666,0.012973,0.002289,4.3e-05,0.083867,-0.345046,-0.174377,0.282046,0.054424,0.034966,-0.009489,-0.35537,-0.343551,0.8693,0.552472,-0.827373,-0.101131,0.75398,0.444326,0.483826,0.006318,0.001661,0.000404,0.137162,-0.566296,-0.311689,0.196804,0.077614,0.01778,-0.059149,-0.133961,0.710983,-0.69033,-0.91554,-0.355394,-0.188362,-0.379261,0.606793,0.698543,0.0,1e-06,6e-06,-1.2e-05,1.3e-05,3.2e-05,-0.567617
480,0.078834,-0.015227,0.369446,-0.087853,0.664105,-0.74249,-0.93325,-0.315443,-0.171789,-0.348198,0.677011,0.648414,-0.0,-0.0,-0.0,0.0,0.0,0.0,-0.480097,-0.072758,0.033423,0.349382,0.396978,0.347435,0.849522,-0.554276,0.82847,-0.079679,-0.731957,-0.43968,0.520369,0.01272,0.003081,0.000641,0.024515,-0.105218,-0.026338,0.286109,0.054694,0.035023,-0.009489,-0.361049,-0.353488,0.862953,0.552359,-0.826643,-0.107515,0.75136,0.437842,0.493711,0.006375,0.001498,0.000279,0.010541,-0.04528,0.011383,0.199907,0.07763,0.017777,-0.059151,-0.133888,0.710986,-0.690341,-0.915548,-0.355348,-0.188409,-0.379268,0.606815,0.698519,-0.0,-0.0,4e-06,-1e-05,7e-06,3.3e-05,-0.567617
481,0.078877,-0.015228,0.369434,-0.087739,0.664098,-0.74251,-0.933249,-0.315396,-0.171883,-0.34823,0.67704,0.648367,-0.0,-0.0,-0.0,0.0,0.0,0.0,-0.480644,-0.072371,0.033499,0.349387,0.405045,0.357492,0.841504,-0.554818,0.827638,-0.084412,-0.727117,-0.433145,0.532493,0.012952,0.002373,0.0001,0.055862,-0.229516,-0.103121,0.292431,0.054887,0.035062,-0.009485,-0.369218,-0.362971,0.855528,0.552692,-0.825844,-0.111854,0.747133,0.431545,0.505528,0.000222,-0.000679,-0.000523,0.064695,-0.246775,-0.157006,0.206601,0.077651,0.017776,-0.059158,-0.133774,0.710987,-0.690362,-0.91555,-0.355294,-0.188499,-0.379302,0.606846,0.698474,0.0,-0.0,2e-06,-1.5e-05,1.1e-05,3.1e-05,-0.567617
482,0.078887,-0.01523,0.369432,-0.087714,0.664098,-0.742513,-0.93325,-0.315382,-0.1719,-0.348232,0.677047,0.648359,-0.0,-0.0,-0.0,0.0,0.0,0.0,-0.480371,-0.072255,0.033523,0.34939,0.410381,0.36333,0.836403,-0.555453,0.826989,-0.08657,-0.723636,-0.429517,0.540119,6.8e-05,-0.000208,-0.000158,0.085495,-0.340448,-0.210101,0.295048,0.05495,0.035073,-0.009485,-0.374621,-0.368384,0.850853,0.553215,-0.825239,-0.113721,0.744051,0.428103,0.512947,0.00634,0.001604,0.000361,0.118932,-0.465964,-0.256234,0.210684,0.077656,0.017775,-0.059158,-0.13375,0.710989,-0.690365,-0.915553,-0.355278,-0.188515,-0.379304,0.606853,0.698466,-1e-06,-1e-06,2e-06,-1.8e-05,8e-06,2.6e-05,-0.56778
483,0.0789,-0.015226,0.369436,-0.087668,0.664097,-0.742519,-0.933254,-0.315355,-0.171932,-0.348235,0.67706,0.648343,1e-06,4e-06,3e-06,0.0,0.0,0.0,-0.480715,-0.072104,0.033565,0.349389,0.428074,0.374292,0.822588,-0.556616,0.826251,-0.086156,-0.71242,-0.421459,0.560975,0.0,-1e-06,-0.0,0.150434,-0.631608,-0.157271,0.300692,0.055026,0.035094,-0.009485,-0.392844,-0.379268,0.837752,0.55439,-0.824507,-0.113304,0.733706,0.419931,0.534165,-6e-06,1.5e-05,8e-06,0.172786,-0.69621,-0.206453,0.218032,0.077662,0.017778,-0.059156,-0.133704,0.710991,-0.690372,-0.915558,-0.35525,-0.188545,-0.379308,0.606867,0.698452,-2e-06,-5e-06,-3e-06,-2.2e-05,2e-06,2.2e-05,-0.567617
484,0.078897,-0.015233,0.369431,-0.08769,0.664097,-0.742516,-0.933252,-0.315367,-0.171917,-0.348234,0.677054,0.64835,-1e-06,-2e-06,-2e-06,0.0,0.0,0.0,-0.480906,-0.072089,0.033584,0.349401,0.456967,0.38735,0.800708,-0.556693,0.826618,-0.082033,-0.694201,-0.408754,0.592341,-1.5e-05,4.6e-05,3.5e-05,0.216713,-0.905308,-0.093858,0.310328,0.055033,0.035104,-0.009479,-0.422666,-0.392385,0.816937,0.554646,-0.824883,-0.109239,0.716742,0.406939,0.566286,-8e-06,1.6e-05,8e-06,0.243146,-0.968606,-0.145185,0.229135,0.077661,0.017774,-0.059159,-0.133725,0.71099,-0.690369,-0.915556,-0.355263,-0.188531,-0.379306,0.606861,0.698459,1e-06,2e-06,3e-06,-1.8e-05,1.2e-05,2.3e-05,-0.56778
485,0.078897,-0.015233,0.369431,-0.08769,0.664097,-0.742516,-0.933252,-0.315367,-0.171917,-0.348234,0.677054,0.64835,-0.0,-0.0,-0.0,0.0,0.0,0.0,-0.48117,-0.07206,0.033594,0.34938,0.474394,0.391735,0.788343,-0.554891,0.828264,-0.077514,-0.68389,-0.401171,0.609278,0.000156,-0.000478,-0.000364,0.122398,-0.724811,0.089874,0.318343,0.055048,0.03511,-0.009489,-0.440543,-0.39755,0.804906,0.553214,-0.826349,-0.105354,0.707018,0.398873,0.583973,0.000104,-0.000314,-0.000241,0.053988,-0.99712,0.336129,0.236484,0.077661,0.017774,-0.059159,-0.133725,0.71099,-0.690369,-0.915556,-0.355263,-0.188531,-0.379306,0.606861,0.698459,1e-06,2e-06,3e-06,-1.6e-05,5e-06,2.4e-05,-0.56778
486,0.078897,-0.015233,0.369431,-0.08769,0.664097,-0.742516,-0.933252,-0.315367,-0.171917,-0.348234,0.677054,0.64835,-0.0,-0.0,-0.0,0.0,0.0,0.0,-0.480813,-0.071869,0.033663,0.349308,0.50555,0.402435,0.763188,-0.54622,0.833982,-0.077789,-0.668399,-0.378055,0.640453,0.012969,0.002328,6.2e-05,0.253458,-0.989912,0.122615,0.341933,0.055143,0.035144,-0.009525,-0.472627,-0.407419,0.781429,0.544373,-0.832285,-0.104684,0.693023,0.375913,0.615148,0.006494,0.001138,4e-06,0.277264,-1.060027,0.079515,0.262773,0.077661,0.017774,-0.059159,-0.133725,0.71099,-0.690369,-0.915556,-0.355263,-0.188531,-0.379306,0.606861,0.698459,-1e-06,1e-06,2e-06,-1.8e-05,0.0,2.1e-05,-0.56778
487,0.078916,-0.015244,0.369422,-0.087662,0.664096,-0.74252,-0.933254,-0.315351,-0.171935,-0.348236,0.677062,0.648341,-1e-06,-4e-06,-3e-06,0.0,0.0,0.0,-0.480381,-0.071842,0.033735,0.349086,0.536096,0.406065,0.74007,-0.533577,0.842335,-0.075506,-0.654696,-0.354923,0.667283,0.001398,-0.004286,-0.003268,0.211337,-0.77619,0.181126,0.356905,0.055155,0.035183,-0.009628,-0.503093,-0.411193,0.760142,0.532351,-0.840326,-0.102237,0.680808,0.353228,0.641662,0.000688,-0.002102,-0.001604,0.333946,-1.18399,0.16225,0.2889,0.07767,0.017768,-0.059163,-0.133697,0.710991,-0.690373,-0.915559,-0.355245,-0.188548,-0.379309,0.60687,0.69845,2e-06,4e-06,3e-06,-1.6e-05,-2e-06,1.9e-05,-0.56778
488,0.078957,-0.015253,0.369416,-0.087564,0.664095,-0.742534,-0.933261,-0.315294,-0.172003,-0.348242,0.677091,0.648308,-0.0,-0.0,-0.0,0.0,0.0,0.0,-0.480419,-0.072044,0.033753,0.348695,0.561194,0.409335,0.719373,-0.522394,0.849309,-0.075584,-0.64259,-0.333902,0.68953,-0.010333,-0.010442,-0.006258,0.260796,-0.856605,0.089405,0.366593,0.055054,0.035194,-0.009828,-0.529915,-0.414031,0.740113,0.520686,-0.847703,-0.101411,0.669384,0.331628,0.664791,-0.005114,-0.005367,-0.003242,0.297173,-0.94755,0.034467,0.304249,0.077691,0.017764,-0.059166,-0.133599,0.710995,-0.690387,-0.91557,-0.355184,-0.188612,-0.379317,0.6069,0.698419,-0.0,1e-06,3e-06,-1.4e-05,6e-06,2.5e-05,-0.567617
489,0.078997,-0.015268,0.369405,-0.087487,0.664093,-0.742544,-0.933266,-0.31525,-0.172056,-0.348248,0.677113,0.648281,-1.2e-05,-3.7e-05,-3.1e-05,0.0,0.0,0.0,-0.480039,-0.072221,0.033727,0.348416,0.568841,0.413083,0.711178,-0.522355,0.849352,-0.07537,-0.635865,-0.329142,0.698001,0.000463,0.002134,-0.014905,0.202042,-0.606892,0.309366,0.37156,0.054965,0.03518,-0.009962,-0.537741,-0.418545,0.731884,0.520969,-0.847474,-0.101873,0.662891,0.326508,0.67377,-0.006023,-0.000796,-0.008012,0.209168,-0.5527,0.070792,0.311434,0.077711,0.017756,-0.059172,-0.133522,0.710999,-0.690399,-0.915578,-0.355136,-0.188661,-0.379324,0.606924,0.698394,-4e-06,-1.5e-05,-1.3e-05,-7e-06,1.4e-05,2.7e-05,-0.567617
490,0.079071,-0.015312,0.369371,-0.087377,0.664089,-0.74256,-0.933274,-0.315186,-0.172132,-0.348255,0.677146,0.648243,-0.000205,-0.000609,-0.000512,0.0,0.0,0.0,-0.47994,-0.072626,0.033665,0.347746,0.578991,0.429673,0.692923,-0.53251,0.842829,-0.077509,-0.618023,-0.32466,0.715896,-0.011774,-0.00252,-0.016766,0.157227,-0.404472,0.162997,0.379917,0.054768,0.035148,-0.010299,-0.548864,-0.43539,0.71357,0.530997,-0.840887,-0.104642,0.645593,0.321469,0.692724,-0.005816,-0.00145,-0.00852,0.166574,-0.494143,0.340071,0.323844,0.077748,0.017735,-0.059188,-0.133411,0.711004,-0.690416,-0.915591,-0.355067,-0.188732,-0.379333,0.60696,0.698359,-0.000128,-0.000385,-0.000323,-5e-06,1e-06,1.1e-05,-0.567617
491,0.079131,-0.015332,0.369357,-0.087251,0.664086,-0.742578,-0.933282,-0.315113,-0.172218,-0.348264,0.677183,0.6482,-9e-06,-2.7e-05,-2.2e-05,0.0,0.0,0.0,-0.478035,-0.07304,0.033485,0.347052,0.584737,0.452892,0.673025,-0.548693,0.831865,-0.082892,-0.598119,-0.321392,0.734047,-0.008518,-0.016222,-0.010771,-3.4141,-0.337056,-4.203928,0.388384,0.054559,0.035065,-0.010647,-0.557465,-0.453254,0.695552,0.541816,-0.833419,-0.108844,0.62902,0.316184,0.710182,-0.005543,-0.002326,-0.009214,0.390317,-0.987851,0.022217,0.334948,0.077778,0.017724,-0.059197,-0.133286,0.711009,-0.690434,-0.915604,-0.354988,-0.188813,-0.379344,0.606999,0.698319,3e-06,4e-06,4e-06,-3e-06,5e-06,1.6e-05,-0.56729
492,0.079162,-0.015339,0.369352,-0.087177,0.664085,-0.742588,-0.933287,-0.315071,-0.172269,-0.348269,0.677204,0.648175,-0.0,-0.0,-0.0,0.0,0.0,0.0,-0.477276,-0.073238,0.033318,0.34672,0.585265,0.462065,0.666297,-0.5544,0.827669,-0.086825,-0.592305,-0.319169,0.739709,-0.010814,-0.005602,-0.019195,0.217925,-0.520697,0.086745,0.394985,0.054462,0.034976,-0.010811,-0.555961,-0.467221,0.687467,0.552447,-0.825663,-0.114374,0.621054,0.316202,0.717152,-0.004071,-0.008697,-0.005841,0.214092,-0.581485,-0.007156,0.341316,0.077793,0.017721,-0.059199,-0.133212,0.711013,-0.690444,-0.915613,-0.354942,-0.18886,-0.37935,0.607022,0.698295,4e-06,1.1e-05,9e-06,-4e-06,-0.0,1e-05,-0.566474
493,0.079175,-0.015335,0.369356,-0.087131,0.664084,-0.742594,-0.93329,-0.315044,-0.172301,-0.348272,0.677217,0.64816,0.000439,0.001304,0.001097,0.000984,-0.0124,0.025997,-0.477283,-0.073533,0.032837,0.346195,0.595166,0.476772,0.646882,-0.55795,0.824477,-0.094143,-0.578949,-0.305506,0.755875,-0.008644,-0.015995,-0.010666,0.222632,-0.578156,-0.009512,0.407482,0.054318,0.034742,-0.011075,-0.566293,-0.481347,0.66904,0.555719,-0.822464,-0.121354,0.608676,0.303077,0.73325,-0.004385,-0.007782,-0.005159,0.339011,-0.76055,-0.32526,0.359768,0.077799,0.01772,-0.059199,-0.133188,0.711014,-0.690448,-0.915615,-0.354927,-0.188876,-0.379353,0.607029,0.698288,-1e-06,4e-06,5e-06,-1e-05,-3e-06,3e-06,-0.565821
494,0.079141,-0.015335,0.369355,-0.087226,0.664086,-0.742581,-0.933284,-0.315099,-0.172235,-0.348265,0.67719,0.648192,-6.2e-05,-0.000185,-0.000156,0.0,0.0,0.0,-0.476269,-0.073828,0.032261,0.345871,0.598267,0.496498,0.628933,-0.567442,0.816682,-0.104756,-0.566379,-0.294845,0.769509,-0.009608,-0.013083,-0.008434,0.176726,-0.532561,0.016187,0.409635,0.054168,0.034444,-0.011244,-0.570485,-0.501525,0.650399,0.564647,-0.81457,-0.132849,0.596422,0.291457,0.747885,0.001543,-0.004827,-0.003757,0.145429,-0.609311,-0.079766,0.368259,0.077783,0.017723,-0.059197,-0.133261,0.711011,-0.690437,-0.915607,-0.354973,-0.188829,-0.379346,0.607006,0.698311,-3.5e-05,-0.000101,-8.4e-05,-8e-06,-1e-06,9e-06,-0.565658
495,0.079139,-0.015341,0.36935,-0.087248,0.664086,-0.742578,-0.933283,-0.315111,-0.17222,-0.348264,0.677184,0.648199,-4e-06,-1.2e-05,-1e-05,0.0,0.0,0.0,-0.475051,-0.074006,0.031739,0.345718,0.59974,0.515912,0.611668,-0.572374,0.81076,-0.122436,-0.559814,-0.277332,0.780742,0.002062,-0.006482,-0.005068,0.510231,-0.599215,-0.357688,0.409508,0.054078,0.034187,-0.011324,-0.572589,-0.519173,0.634507,0.56891,-0.808887,-0.148463,0.590323,0.27597,0.758524,0.001133,-0.003573,-0.002797,2.017128,1.272762,-1.251502,0.369565,0.077782,0.01772,-0.0592,-0.133282,0.711009,-0.690435,-0.915605,-0.354986,-0.188815,-0.379344,0.607,0.698317,2e-06,1e-06,1e-06,-5e-06,6e-06,7e-06,-0.564678
496,0.079135,-0.015354,0.369339,-0.087291,0.664086,-0.742573,-0.93328,-0.315136,-0.17219,-0.348261,0.677172,0.648213,-0.000386,-0.001145,-0.000964,0.0,0.0,0.0,-0.474319,-0.074061,0.031491,0.345678,0.601958,0.524266,0.602314,-0.575732,0.807614,-0.12738,-0.553953,-0.270764,0.787201,-0.010572,-0.010161,-0.006177,0.220546,-0.484198,-0.155031,0.409533,0.054048,0.034055,-0.011343,-0.575464,-0.529294,0.623448,0.571899,-0.805379,-0.155867,0.584612,0.266854,0.76617,-0.005318,-0.004978,-0.003004,0.204269,-0.45586,-0.134825,0.369892,0.077781,0.017716,-0.059203,-0.133325,0.711007,-0.690429,-0.915601,-0.355012,-0.188787,-0.37934,0.606988,0.698331,-0.000222,-0.000663,-0.000558,-0.000981,0.012411,-0.025985,-0.564351
