frame,MLTx,MLTy,MLTz,MLTR1,MLTR2,MLTR3,MLTR4,MLTR5,MLTR6,MLTR7,MLTR8,MLTR9,MLTTVx,MLTTVy,MLTTVz,MLTRVx,MLTRVy,MLTRVz,MLGA,MRTx,MRTy,MRTz,MRTR1,MRTR2,MRTR3,MRTR4,MRTR5,MRTR6,MRTR7,MRTR8,MRTR9,MRTTVx,MRTTVy,MRTTVz,MRTRVx,MRTRVy,MRTRVz,MRGA,SLTx,SLTy,SLTz,SLTR1,SLTR2,SLTR3,SLTR4,SLTR5,SLTR6,SLTR7,SLTR8,SLTR9,SLTTVx,SLTTVy,SLTTVz,SLTRVx,SLTRVy,SLTRVz,SLGA,SRTx,SRTy,SRTz,SRTR1,SRTR2,SRTR3,SRTR4,SRTR5,SRTR6,SRTR7,SRTR8,SRTR9,SRTTVx,SRTTVy,SRTTVz,SRTRVx,SRTRVy,SRTRVz,SRGA
521,0.164108,-0.062182,0.296714,-0.878615,-0.250661,-0.406511,0.030001,-0.87852,0.476734,-0.475534,0.406977,0.779913,0.016889,-0.006178,0.015033,-0.007212,0.033584,0.061647,-1.393361,-0.127225,-0.031853,0.290703,-0.452454,-0.602896,0.657109,0.851503,-0.510897,0.117732,0.265284,0.613552,0.743667,0.031472,-0.001558,-0.007242,0.078536,-0.171022,-0.09942,0.028151,0.062893,0.038012,-0.011194,0.503788,0.589788,0.631147,-0.830443,0.531832,0.165887,-0.237826,-0.607704,0.757716,0.008015,-0.001621,-0.003435,-0.024935,-0.051141,-0.368063,-0.168314,0.084514,0.018793,-0.056401,0.878349,0.257067,-0.403012,-0.037876,0.877864,0.477408,0.476516,-0.404066,0.780808,0.008351,0.002074,0.00287,0.004225,0.017298,0.057856,-1.111701
522,0.164785,-0.062101,0.297001,-0.880682,-0.252541,-0.400834,0.034582,-0.878129,0.477143,-0.471388,0.406659,0.782591,0.016617,0.00328,0.004485,0.03715,0.053394,0.064378,-1.381392,-0.126735,-0.032118,0.290414,-0.432917,-0.618851,0.655437,0.863642,-0.492944,0.105183,0.258525,0.612371,0.747014,0.000896,-0.007508,-0.009853,0.017482,0.05622,-0.244257,0.042972,0.06315,0.037884,-0.011335,0.484736,0.606264,0.630455,-0.843659,0.514283,0.154113,-0.230799,-0.606594,0.760772,0.008185,-0.00294,-0.005179,-0.025085,-0.021123,-0.044714,-0.146433,0.084846,0.01883,-0.056254,0.880306,0.259182,-0.397346,-0.042561,0.877338,0.47798,0.472492,-0.403858,0.783358,0.008388,-0.00358,0.00679,0.006645,0.0769,0.061798,-1.112681
523,0.165432,-0.061988,0.297172,-0.884209,-0.249237,-0.395095,0.034098,-0.877997,0.47742,-0.464785,0.408972,0.78533,0.016514,0.002285,0.003047,0.031736,0.16048,0.050433,-1.373602,-0.126556,-0.032425,0.289987,-0.417976,-0.63239,0.652204,0.872391,-0.479564,0.094267,0.253666,0.609169,0.751286,0.001152,-0.009622,-0.012678,0.085958,-0.017947,-0.318861,0.054561,0.063238,0.037732,-0.011547,0.47018,0.619769,0.628344,-0.853241,0.501214,0.144093,-0.225631,-0.603879,0.764474,0.000545,-0.004518,-0.005956,0.117824,-0.157962,-0.13848,-0.126022,0.085182,0.01889,-0.056164,0.883758,0.256005,-0.391704,-0.0421,0.877181,0.47831,0.466045,-0.40622,0.785993,0.008249,0.001088,0.001435,0.03208,0.159702,0.051666,-1.114151
524,0.165755,-0.061937,0.297258,-0.885224,-0.246733,-0.394394,0.033002,-0.878981,0.475684,-0.462932,0.408373,0.786735,0.016585,0.003168,0.004287,0.097764,0.153656,0.148002,-1.372072,-0.126603,-0.032627,0.289716,-0.410268,-0.639068,0.650586,0.876714,-0.472688,0.088725,0.251318,0.607578,0.75336,-0.014163,-0.01276,-0.014208,-3.433803,-0.690944,-4.404914,0.055196,0.063221,0.037632,-0.011682,0.466365,0.623625,0.627371,-0.855059,0.499532,0.13907,-0.226665,-0.601297,0.7662,0.000633,-0.005248,-0.006935,0.231579,-0.229773,-0.415324,-0.121123,0.085337,0.018911,-0.056126,0.884601,0.253839,-0.39121,-0.041103,0.878055,0.47679,0.464532,-0.405689,0.787163,0.008263,0.001291,0.001718,0.150372,0.231751,0.141744,-1.113987
525,0.166388,-0.06185,0.297408,-0.887971,-0.242575,-0.39078,0.031646,-0.87987,0.474129,-0.457745,0.408944,0.789469,0.016523,0.002604,0.003464,0.253267,0.465384,0.275046,-1.368286,-0.126714,-0.033068,0.289176,-0.396231,-0.652048,0.646395,0.884533,-0.459731,0.078632,0.246374,0.603728,0.758074,-0.0143,-0.011836,-0.013054,0.237862,-0.331775,-0.296682,0.057183,0.063165,0.037411,-0.011953,0.44913,0.638596,0.624881,-0.866538,0.481747,0.130499,-0.217699,-0.600095,0.769735,0.000588,-0.00489,-0.006489,0.268986,-0.441229,-0.364206,-0.11753,0.085653,0.018955,-0.056051,0.886497,0.251114,-0.388669,-0.039921,0.878313,0.476415,0.461008,-0.406825,0.788647,0.008279,0.001541,0.00206,-0.009951,-0.040291,0.055049,-1.112191
526,0.166938,-0.061762,0.297631,-0.888144,-0.245783,-0.388375,0.036026,-0.879674,0.47418,-0.457086,0.407449,0.790622,0.016661,0.004404,0.005982,0.015286,-0.00245,0.068173,-1.358532,-0.126876,-0.033489,0.288705,-0.383067,-0.666514,0.639539,0.891589,-0.447691,0.067644,0.241691,0.596951,0.764917,-0.014431,-0.010943,-0.011924,0.263888,-0.368254,-0.318138,0.070095,0.063085,0.037198,-0.012192,0.43598,0.653467,0.61879,-0.874508,0.46997,0.119843,-0.212499,-0.593387,0.77636,-0.007169,-0.005812,-0.006411,0.321746,-0.455978,-0.419351,-0.105284,0.085934,0.018997,-0.055942,0.887802,0.252306,-0.384899,-0.043902,0.878947,0.474894,0.458125,-0.404714,0.791408,0.00833,0.00226,0.003061,-0.008793,-0.02605,0.067718,-1.116274
527,0.167382,-0.061661,0.297965,-0.892025,-0.239679,-0.383265,0.034148,-0.881211,0.47146,-0.449627,0.407759,0.79473,0.016713,0.005224,0.007108,0.117879,0.194381,0.168719,-1.343526,-0.12721,-0.034036,0.2883,-0.377726,-0.674432,0.634394,0.893362,-0.445433,0.058555,0.243543,0.589705,0.769934,-0.012954,-0.022653,-0.004677,0.070294,-0.127738,-0.183067,0.071064,0.062917,0.036927,-0.0124,0.430004,0.662943,0.612864,-0.877054,0.467774,0.109371,-0.214175,-0.584546,0.782582,-0.007165,-0.005997,-0.00669,0.109241,-0.130764,-0.196914,-0.097282,0.08615,0.019047,-0.055777,0.891375,0.246974,-0.380068,-0.042394,0.880265,0.472583,0.451277,-0.405136,0.795117,0.000309,-0.002627,0.008201,0.142469,0.296646,0.144583,-1.116763
528,0.1676,-0.061611,0.298173,-0.893007,-0.237151,-0.382548,0.032906,-0.8821,0.469881,-0.447769,0.40731,0.796008,0.016717,0.005388,0.007323,0.02884,0.023758,0.081541,-1.335036,-0.127407,-0.034363,0.288161,-0.375193,-0.678374,0.631689,0.894229,-0.444235,0.054245,0.244271,0.586075,0.77247,-0.013143,-0.021211,-0.002771,0.118499,-0.200541,-0.231069,0.073532,0.062819,0.03676,-0.012474,0.427587,0.666563,0.610625,-0.878131,0.466636,0.105523,-0.214602,-0.581329,0.784857,-0.006561,-0.010659,-0.00145,0.187964,-0.379669,-0.106456,-0.095649,0.086259,0.019072,-0.055672,0.892743,0.243724,-0.378954,-0.040899,0.881429,0.47054,0.448704,-0.404573,0.796859,0.008439,-0.00271,0.007953,-0.035522,0.013394,0.067362,-1.116763
529,0.167974,-0.061556,0.298619,-0.896892,-0.231299,-0.377001,0.031215,-0.883384,0.467578,-0.440073,0.407883,0.799997,0.016751,0.006015,0.008167,0.255499,0.460619,0.304285,-1.318624,-0.127848,-0.034918,0.288003,-0.370556,-0.686173,0.625976,0.895769,-0.442073,0.045862,0.245703,0.578583,0.777647,0.000561,-0.004906,-0.006605,0.118655,-0.178841,-0.117972,0.083462,0.062594,0.036474,-0.012555,0.422674,0.674798,0.604973,-0.88026,0.46449,0.096906,-0.215612,-0.573493,0.790326,-0.006742,-0.009261,0.000409,0.092607,-0.164342,-0.2078,-0.084872,0.086453,0.019102,-0.055446,0.895691,0.239519,-0.374656,-0.039458,0.882024,0.469547,0.442922,-0.405786,0.799472,0.008373,0.003041,0.004124,0.231504,0.436728,0.302873,-1.11562
530,0.168286,-0.061572,0.299071,-0.898906,-0.226562,-0.375077,0.028996,-0.884885,0.464875,-0.436106,0.407281,0.802472,0.016805,-0.006189,0.014781,-0.00765,0.034062,0.061767,-1.307319,-0.128332,-0.035502,0.288072,-0.365581,-0.693967,0.620283,0.897498,-0.439334,0.037628,0.246837,0.571328,0.782636,-0.013815,-0.0159,0.004322,0.044241,-0.102433,-0.131343,0.084498,0.062358,0.036187,-0.012523,0.417548,0.682905,0.599411,-0.882526,0.461842,0.088591,-0.216334,-0.565987,0.795523,-0.006897,-0.008064,0.002014,0.042576,-0.176915,0.01751,-0.078994,0.086602,0.019097,-0.055224,0.89867,0.233182,-0.371505,-0.036976,0.88424,0.465565,0.437061,-0.404653,0.803263,0.000242,-0.003395,0.007101,-0.026892,0.055797,0.016614,-1.11562
531,0.168402,-0.061624,0.299245,-0.898579,-0.229581,-0.374023,0.033202,-0.885419,0.463575,-0.436479,0.404421,0.803714,0.016643,-0.008216,0.01194,-0.026112,0.01343,0.018934,-1.304485,-0.128544,-0.035796,0.288203,-0.363362,-0.697822,0.617255,0.898291,-0.438024,0.03379,0.247229,0.567626,0.785202,0.001519,-0.011995,0.00692,0.00093,-0.048996,-0.056892,0.087672,0.062246,0.036037,-0.012461,0.415144,0.687021,0.596369,-0.883615,0.460506,0.084596,-0.216513,-0.562081,0.798239,-0.007038,-0.006872,0.003619,-0.045187,0.020786,-0.05957,-0.076544,0.086667,0.019073,-0.055126,0.898337,0.236057,-0.370496,-0.041011,0.884745,0.464266,0.437388,-0.401873,0.80448,0.008309,-0.004203,0.00583,-0.054979,-0.014997,0.017796,-1.116437
532,0.168619,-0.061714,0.29949,-0.899552,-0.227084,-0.373207,0.031834,-0.886131,0.46231,-0.434576,0.404269,0.804821,0.00011,0.001413,0.001972,0.006489,-0.0911,0.17669,-1.295983,-0.129002,-0.036393,0.288667,-0.350431,-0.711471,0.609097,0.904951,-0.42472,0.024728,0.241522,0.560759,0.791884,-0.012979,-0.02206,0.019098,0.046551,-0.247717,0.020674,0.088431,0.062022,0.035743,-0.012233,0.402142,0.700734,0.589281,-0.891102,0.447369,0.076132,-0.210278,-0.555726,0.804332,-0.007166,-0.00583,0.005024,0.070196,-0.146881,-0.162561,-0.072789,0.086775,0.019027,-0.055005,0.89927,0.233737,-0.369701,-0.039691,0.88536,0.463207,0.435588,-0.401875,0.805455,5.5e-05,0.000769,0.00107,-0.008552,-0.009325,-0.001223,-1.1166
533,0.168767,-0.061794,0.299571,-0.899427,-0.226623,-0.373788,0.031111,-0.886176,0.462273,-0.434886,0.40443,0.804573,-1e-05,-0.000126,-0.000176,0.0,0.0,0.0,-1.285732,-0.129406,-0.036939,0.289275,-0.337466,-0.724773,0.600677,0.911331,-0.411286,0.015932,0.235906,0.553699,0.798517,0.00097,-0.007084,0.013536,-0.203418,-0.201676,-0.547901,0.087267,0.061815,0.035465,-0.011925,0.389607,0.714068,0.581646,-0.898024,0.434676,0.06789,-0.204349,-0.548782,0.810603,-0.006674,-0.009485,0.011621,-0.929325,-0.237623,-1.533312,-0.072462,0.086849,0.018987,-0.054965,0.899064,0.233307,-0.370473,-0.038894,0.885401,0.463196,0.436085,-0.402034,0.805107,8.5e-05,-0.005466,0.004208,-0.035077,0.010208,-0.020896,-1.117253
534,0.168803,-0.06182,0.299569,-0.900406,-0.224215,-0.372883,0.03006,-0.887053,0.460657,-0.432935,0.403843,0.805919,-3.8e-05,-0.000485,-0.000677,0.183939,0.254325,0.352018,-1.283636,-0.129533,-0.03714,0.289654,-0.331869,-0.730363,0.597013,0.914166,-0.405055,0.012833,0.232846,0.550942,0.801317,0.000688,-0.004483,0.017023,-0.039056,-0.219126,-0.014614,0.084655,0.061752,0.035362,-0.01174,0.383377,0.720281,0.578115,-0.901465,0.428011,0.064542,-0.200951,-0.545895,0.813398,-0.00678,-0.008534,0.0129,-0.329938,-0.064527,-0.503328,-0.073769,0.086867,0.018973,-0.054967,0.899332,0.232461,-0.370355,-0.038448,0.885737,0.46259,0.435572,-0.401783,0.80551,-2.8e-05,-0.000359,-0.0005,0.361421,0.553298,0.208543,-1.117743
535,0.168804,-0.061847,0.299602,-0.898969,-0.22921,-0.373313,0.034833,-0.886937,0.460546,-0.435549,0.401293,0.805784,6.8e-05,0.00087,0.001215,3.8e-05,7.4e-05,3.8e-05,-1.280001,-0.129794,-0.037488,0.290481,-0.321242,-0.744969,0.584651,0.921855,-0.387221,0.013317,0.216851,0.544174,0.810378,0.000522,-0.002908,0.0191,-0.001669,-0.079385,-0.001686,0.082091,0.061622,0.035189,-0.011324,0.372426,0.735274,0.566277,-0.909617,0.41024,0.065562,-0.184104,-0.539513,0.821602,0.000295,-0.001907,0.008956,-0.032936,-0.123117,0.170266,-0.076871,0.086867,0.018955,-0.054956,0.89858,0.235943,-0.369978,-0.042685,0.886142,0.461441,0.436728,-0.39885,0.806341,0.000137,-0.004801,0.005137,-0.036881,-0.004994,0.005315,-1.11856
536,0.168782,-0.061887,0.299671,-0.899974,-0.226865,-0.372323,0.033802,-0.88774,0.459072,-0.433555,0.400845,0.807082,-0.016218,0.000535,0.001034,-0.00067,0.015328,-0.029242,-1.276888,-0.129914,-0.037716,0.291321,-0.320604,-0.759752,0.565669,0.927735,-0.372241,0.026056,0.191153,0.534096,0.823447,0.001755,-0.012453,0.029263,-1.675691,-2.033667,1.343137,0.077271,0.061562,0.035074,-0.010896,0.370745,0.749821,0.54801,-0.915193,0.395354,0.078206,-0.158018,-0.53053,0.832807,0.000852,-0.006159,0.014725,-1.695547,-1.985608,1.352488,-0.083076,0.086856,0.018938,-0.054918,0.899611,0.233594,-0.36896,-0.041673,0.886969,0.459943,0.434697,-0.398394,0.807662,-0.008111,0.000263,0.000509,-0.006549,0.008774,-0.03016,-1.11807
537,0.168712,-0.061919,0.299771,-0.901007,-0.22464,-0.371171,0.032913,-0.888486,0.457691,-0.431477,0.400441,0.808394,0.000302,-0.009278,0.010727,0.000101,0.066379,0.041033,-1.271918,-0.129863,-0.037786,0.292168,-0.304221,-0.772044,0.558023,0.936488,-0.349554,0.027136,0.174472,0.531804,0.828617,0.000296,-0.00079,0.021817,-0.293431,-0.128952,-0.24114,0.076155,0.061587,0.035042,-0.010479,0.354909,0.762445,0.541032,-0.924251,0.373241,0.080309,-0.140704,-0.528552,0.837158,9.8e-05,-4.9e-05,0.011368,-0.97255,-0.13935,-1.177844,-0.085035,0.086821,0.018924,-0.054875,0.900635,0.231559,-0.367743,-0.041041,0.887754,0.458484,0.432632,-0.397834,0.809046,1.1e-05,0.000172,0.000241,0.030543,0.071665,0.042243,-1.119049
538,0.168677,-0.061934,0.29982,-0.90097,-0.224505,-0.371343,0.032693,-0.888491,0.457698,-0.431571,0.400506,0.808312,6e-05,0.000772,0.001077,0.000511,0.000999,0.000506,-1.266854,-0.129859,-0.037796,0.292616,-0.297547,-0.777169,0.554496,0.939827,-0.340458,0.027348,0.167883,0.530241,0.830977,0.000232,-0.000201,0.022562,-3.080393,-0.266313,-4.421239,0.073238,0.061589,0.035036,-0.010246,0.349294,0.767318,0.537788,-0.927299,0.365498,0.080788,-0.13457,-0.526909,0.839199,0.000124,1.6e-05,0.011379,-3.097481,-0.245641,-4.409077,-0.086995,0.086804,0.018913,-0.054845,0.900624,0.23125,-0.367965,-0.040589,0.887736,0.458558,0.432698,-0.398053,0.808903,3.5e-05,0.000478,0.000666,-0.007376,-0.007178,-4.9e-05,-1.119049
539,0.168586,-0.061951,0.299977,-0.901938,-0.222072,-0.370454,0.031506,-0.889283,0.456239,-0.429636,0.4001,0.809543,0.000123,0.001566,0.002183,0.128101,0.25088,0.127088,-1.260092,-0.12981,-0.037841,0.293577,-0.290819,-0.784525,0.547664,0.943455,-0.3302,0.028193,0.159067,0.525878,0.835472,0.000137,0.000679,0.023643,0.006812,-0.070287,-0.033849,0.066573,0.061613,0.035014,-0.009774,0.341113,0.775404,0.531402,-0.931739,0.353773,0.081879,-0.124507,-0.523059,0.843152,-1e-06,0.00082,0.012457,0.001539,-0.074726,-0.006744,-0.09418,0.086758,0.018904,-0.054768,0.901113,0.22984,-0.36765,-0.03981,0.888214,0.457701,0.43175,-0.397805,0.809531,7.6e-05,0.000979,0.001364,0.238921,0.382042,0.151504,-1.119049
540,0.16852,-0.061981,0.300166,-0.901209,-0.221068,-0.372822,0.030321,-0.890244,0.454442,-0.431245,0.398513,0.80947,0.000154,0.001968,0.002739,2.7e-05,5.4e-05,2.7e-05,-1.253924,-0.129665,-0.037804,0.294607,-0.280053,-0.794782,0.538408,0.949265,-0.3127,0.032376,0.142961,0.521155,0.841322,0.01546,0.004416,0.02589,0.038415,-0.138046,-0.005215,0.065817,0.061681,0.03503,-0.009261,0.330173,0.785841,0.522914,-0.937728,0.336423,0.086511,-0.107936,-0.518915,0.847983,-5.3e-05,0.001278,0.013004,0.05416,-0.135199,-0.048701,-0.097936,0.086726,0.018889,-0.054673,0.900861,0.227859,-0.369496,-0.038216,0.889491,0.455351,0.43242,-0.396088,0.810016,8.8e-05,0.001149,0.0016,-0.001474,-0.015367,0.024245,-1.119376
541,0.1685,-0.061995,0.300271,-0.902283,-0.219019,-0.37143,0.029665,-0.890929,0.453142,-0.429044,0.398111,0.810837,0.00016,0.002038,0.002836,0.005839,0.011445,0.00579,-1.248505,-0.129606,-0.037766,0.295156,-0.273263,-0.80098,0.532682,0.952786,-0.301424,0.035745,0.132257,0.518303,0.844828,-0.000151,0.003288,0.0269,0.149906,-0.288664,-0.141009,0.063633,0.061716,0.035051,-0.008976,0.323645,0.791674,0.518174,-0.941224,0.325343,0.090812,-0.096691,-0.517109,0.850439,-0.000101,0.001713,0.013542,0.234709,-0.375116,-0.184484,-0.099895,0.086716,0.018882,-0.05462,0.902016,0.225763,-0.367964,-0.037646,0.890246,0.453921,0.430058,-0.395591,0.811515,9e-05,0.001184,0.001646,-0.012217,-0.018812,0.032555,-1.119539
542,0.168447,-0.061999,0.300461,-0.902228,-0.218809,-0.371688,0.029273,-0.890884,0.453256,-0.429186,0.398328,0.810655,0.000192,0.002443,0.003395,0.006628,-0.105474,0.201703,-1.234002,-0.129493,-0.037746,0.296298,-0.262931,-0.810919,0.522752,0.957774,-0.284526,0.040586,0.116136,0.512365,0.850798,-0.000165,0.003373,0.026886,-0.005257,-0.060892,0.004818,0.063107,0.061772,0.035061,-0.008413,0.312463,0.802647,0.508059,-0.946507,0.308423,0.094859,-0.080558,-0.510521,0.856083,0.000588,-0.003761,0.01765,-0.065164,-0.020174,-0.004436,-0.102671,0.086689,0.018879,-0.054526,0.901915,0.225724,-0.368235,-0.037305,0.890094,0.454247,0.430298,-0.395955,0.81121,6.3e-05,0.000832,0.001156,-0.000129,-0.000965,-0.000814,-1.118886
543,0.168404,-0.061993,0.300596,-0.903212,-0.216467,-0.370668,0.028232,-0.891663,0.451787,-0.427185,0.397859,0.811941,8.5e-05,0.001081,0.001502,0.000192,0.000377,0.000191,-1.221375,-0.129322,-0.037822,0.297508,-0.24898,-0.822879,0.510755,0.962886,-0.266851,0.039683,0.103936,0.50271,0.858105,0.001214,-0.007546,0.035138,0.255165,-0.481212,-0.285534,0.065714,0.061857,0.035028,-0.007811,0.299293,0.813551,0.498555,-0.951805,0.291253,0.096116,-0.067011,-0.503294,0.861512,0.000587,-0.003776,0.017569,-0.075325,-0.007624,0.001701,-0.101854,0.086674,0.018885,-0.054456,0.902903,0.223238,-0.367326,-0.036121,0.890944,0.452673,0.428321,-0.395452,0.8125,5.5e-05,0.00075,0.001041,-0.005242,-0.005492,-0.000388,-1.11856
544,0.16837,-0.062056,0.300685,-0.904205,-0.214165,-0.369584,0.027209,-0.892392,0.450407,-0.425152,0.397466,0.813199,2e-06,2.3e-05,3.2e-05,0.000598,0.001177,0.000595,-1.218845,-0.129156,-0.038051,0.298703,-0.236808,-0.830206,0.504651,0.966531,-0.253861,0.036143,0.098385,0.49736,0.861869,0.001475,-0.009962,0.031941,0.209471,-0.414881,-0.242229,0.068039,0.06194,0.034914,-0.007196,0.286637,0.821673,0.492638,-0.956073,0.278258,0.092174,-0.061344,-0.497418,0.865339,0.000729,-0.0051,0.015816,0.327582,-0.553899,-0.297894,-0.098425,0.086651,0.018855,-0.054409,0.903927,0.220936,-0.3662,-0.035121,0.891689,0.451282,0.426241,-0.395065,0.813782,9.4e-05,-0.005338,0.004387,-0.043649,0.003789,-0.01898,-1.119703
545,0.168347,-0.062082,0.30072,-0.90417,-0.214039,-0.369741,0.027002,-0.892392,0.450421,-0.425238,0.397535,0.813121,5e-06,6.5e-05,9.1e-05,9e-06,1.7e-05,9e-06,-1.217249,-0.129048,-0.038225,0.299288,-0.227201,-0.835138,0.500916,0.969653,-0.241463,0.037464,0.089933,0.495272,0.863991,0.001603,-0.011139,0.030401,0.01484,-0.123308,-0.092746,0.067853,0.061993,0.034832,-0.006914,0.27637,0.827652,0.488476,-0.959576,0.265787,0.092571,-0.053215,-0.494314,0.867652,0.000762,-0.005386,0.015437,0.02961,-0.150531,-0.081007,-0.097936,0.086639,0.018841,-0.054393,0.903861,0.220852,-0.366413,-0.034898,0.891661,0.451354,0.426399,-0.395175,0.813645,-1e-06,5e-06,8e-06,-0.000877,-0.001705,-0.000857,-1.119866
546,0.168288,-0.062145,0.300811,-0.905242,-0.212039,-0.368267,0.026368,-0.893017,0.449218,-0.422996,0.3972,0.814453,1e-05,0.000121,0.000168,6.1e-05,0.000121,6.1e-05,-1.210528,-0.128761,-0.038683,0.300406,-0.21902,-0.840762,0.495117,0.971779,-0.233294,0.033948,0.087222,0.489633,0.867476,0.001864,-0.013525,0.027313,-0.015099,-0.080003,-0.064959,0.068918,0.062137,0.034604,-0.006352,0.267887,0.833647,0.482979,-0.962134,0.257662,0.088915,-0.050322,-0.48851,0.871105,0.000917,-0.006795,0.013611,-0.035858,-0.057513,-0.058771,-0.097282,0.08661,0.018809,-0.054348,0.904951,0.218842,-0.364925,-0.034262,0.892299,0.450141,0.424133,-0.394853,0.814985,1e-06,4e-05,5.6e-05,-0.002526,-0.003273,-0.000789,-1.120029
547,0.168267,-0.062212,0.300914,-0.906219,-0.209717,-0.367195,0.025302,-0.893734,0.447852,-0.420971,0.396817,0.815688,4.4e-05,0.000557,0.000773,0.000598,0.001178,0.000594,-1.205655,-0.128479,-0.0392,0.301484,-0.20471,-0.84885,0.48738,0.975287,-0.218939,0.028561,0.082701,0.482246,0.872045,0.001824,-0.013175,0.027718,0.174654,-0.354225,-0.234493,0.07178,0.062279,0.034337,-0.005808,0.253949,0.841451,0.476937,-0.966174,0.243583,0.0847,-0.044903,-0.482314,0.874846,0.000895,-0.006598,0.013841,0.253639,-0.448491,-0.270891,-0.09467,0.086599,0.018775,-0.054298,0.905964,0.216499,-0.363808,-0.033214,0.893047,0.448734,0.422048,-0.394454,0.81626,0.000123,-0.004949,0.004927,-0.043599,0.003769,-0.018984,-1.120846
548,0.168245,-0.062222,0.30097,-0.906225,-0.209733,-0.36717,0.02528,-0.893687,0.447948,-0.420958,0.396915,0.815647,0.000101,0.001275,0.001769,7e-06,1.5e-05,7e-06,-1.205165,-0.128269,-0.039441,0.302033,-0.198806,-0.851461,0.485265,0.976774,-0.212293,0.027911,0.079485,0.48061,0.873246,0.017257,-0.011001,0.027964,0.004455,-0.120706,-0.050995,0.07361,0.062377,0.03422,-0.005545,0.247476,0.844785,0.47444,-0.967982,0.236801,0.083271,-0.042002,-0.479857,0.87634,0.000867,-0.006354,0.014139,0.001582,-0.119906,-0.05873,-0.093037,0.086588,0.018767,-0.054273,0.905941,0.21657,-0.363823,-0.033194,0.892967,0.448895,0.4221,-0.394596,0.816164,0.000118,-0.005018,0.004834,-0.036594,0.009686,-0.019989,-1.120846
549,0.168214,-0.062224,0.30111,-0.907185,-0.207383,-0.366132,0.024206,-0.894439,0.446503,-0.418953,0.396452,0.816904,0.000186,0.00235,0.003258,0.048884,0.08152,0.073327,-1.20372,-0.127883,-0.039943,0.303093,-0.19552,-0.855559,0.479356,0.977406,-0.20979,0.024468,0.079858,0.474382,0.876612,0.017371,-0.012032,0.02662,-0.053489,-0.037077,0.000762,0.078863,0.062577,0.033966,-0.005003,0.243844,0.8491,0.46858,-0.968903,0.234226,0.079773,-0.042018,-0.473462,0.879811,0.008672,-0.00605,0.013259,-0.089963,0.007407,0.018931,-0.087648,0.086573,0.018766,-0.054203,0.906863,0.214493,-0.362753,-0.032414,0.893733,0.447424,0.420175,-0.393994,0.817447,6.1e-05,0.000814,0.00113,0.057031,0.113938,0.058188,-1.121662
550,0.168137,-0.06219,0.301282,-0.908186,-0.205202,-0.364878,0.023357,-0.895143,0.445134,-0.416832,0.395992,0.81821,0.000219,0.002763,0.003826,0.018961,0.022485,0.043575,-1.194649,-0.127478,-0.040413,0.304122,-0.192339,-0.859605,0.473367,0.977996,-0.207402,0.020993,0.080355,0.468066,0.879955,0.015993,-0.001343,0.017914,0.038807,-0.125241,-0.028543,0.083831,0.062773,0.033736,-0.004506,0.240674,0.853005,0.463096,-0.96969,0.232024,0.076575,-0.04213,-0.467489,0.882993,0.008668,-0.006031,0.013265,0.032004,-0.160177,-0.073258,-0.081607,0.086534,0.018783,-0.054117,0.90799,0.212059,-0.361363,-0.031444,0.894519,0.445921,0.417808,-0.39353,0.818883,-0.008031,0.001204,0.001803,-0.000989,0.036809,-0.007062,-1.121825
551,0.168083,-0.062159,0.301432,-0.908118,-0.204956,-0.365184,0.022973,-0.895159,0.445124,-0.417,0.396086,0.81808,0.000148,0.001865,0.00258,4e-06,8e-06,4e-06,-1.183959,-0.127114,-0.040744,0.30503,-0.185181,-0.86143,0.472903,0.979509,-0.200348,0.018852,0.07872,0.467784,0.880253,0.00183,-0.013255,0.027487,-0.069992,-0.00107,-0.015716,0.090567,0.062961,0.033563,-0.004038,0.233421,0.855053,0.46303,-0.971536,0.22486,0.074527,-0.040392,-0.467247,0.883203,0.000893,-0.006586,0.01379,-0.082625,0.007628,-0.007486,-0.074095,0.086507,0.018802,-0.054038,0.907855,0.211799,-0.361855,-0.030876,0.894462,0.446075,0.418144,-0.393799,0.818582,7.3e-05,0.000945,0.001308,-0.000446,-0.001287,-0.000851,-1.121825
552,0.168061,-0.062144,0.301489,-0.908085,-0.204835,-0.365335,0.022796,-0.895176,0.445098,-0.417082,0.396109,0.818026,0.000132,0.001656,0.002289,0.0,0.0,0.0,-1.182331,-0.126936,-0.040834,0.305419,-0.184274,-0.862763,0.470822,0.979662,-0.199704,0.017722,0.078948,0.465594,0.881392,0.015959,-0.001158,0.018088,0.004032,-0.074935,0.002355,0.092975,0.063044,0.03352,-0.003848,0.232468,0.856457,0.460911,-0.971756,0.224309,0.073314,-0.040596,-0.464936,0.884412,0.000232,-0.0015,0.009124,-0.006826,-0.051369,-0.024886,-0.07034,0.086496,0.018809,-0.05401,0.907816,0.211698,-0.362012,-0.030713,0.894477,0.446055,0.418241,-0.393818,0.818523,7.1e-05,0.000926,0.00128,0.00106,-0.013828,0.024808,-1.122152
553,0.168015,-0.062128,0.301547,-0.90793,-0.20429,-0.366024,0.022066,-0.895327,0.444831,-0.417457,0.396048,0.817865,3.5e-05,0.000435,0.000601,0.0,0.0,0.0,-1.181912,-0.12663,-0.040896,0.306103,-0.174633,-0.864988,0.470416,0.981949,-0.188001,0.019082,0.072134,0.46634,0.881582,0.015983,-0.001458,0.017678,-0.032561,-0.02221,0.033959,0.093296,0.063197,0.033489,-0.003505,0.222909,0.858825,0.461227,-0.974257,0.212604,0.074976,-0.033667,-0.466067,0.884108,0.007981,-0.000746,0.008813,-0.033393,-0.021335,0.035168,-0.066094,0.086473,0.018818,-0.053979,0.907661,0.211179,-0.362702,-0.030009,0.894633,0.445791,0.418628,-0.393743,0.818362,1.7e-05,0.000219,0.000302,0.000223,-0.000292,-0.000505,-1.122315
554,0.167931,-0.062129,0.301565,-0.907803,-0.203847,-0.366585,0.02148,-0.895456,0.444599,-0.417763,0.395983,0.817739,3e-06,3.4e-05,4.7e-05,0.005797,-0.091793,0.176348,-1.181875,-0.126292,-0.040938,0.30674,-0.169499,-0.866063,0.470314,0.98313,-0.18162,0.020114,0.068193,0.466874,0.881613,0.015991,-0.001626,0.017435,-2.631601,-0.133368,-4.83798,0.098188,0.063366,0.033466,-0.003191,0.222928,0.858865,0.461143,-0.974292,0.212074,0.076015,-0.03251,-0.466234,0.884063,0.00799,-0.000856,0.00866,-0.031907,-0.022123,0.035245,-0.063808,0.086431,0.018817,-0.053971,0.90756,0.210846,-0.36315,-0.029559,0.894737,0.445613,0.418879,-0.393686,0.81826,-1e-06,-5e-06,-5e-06,0.000144,-0.000193,-0.000354,-1.122152
555,0.167845,-0.062127,0.301568,-0.907728,-0.203591,-0.366913,0.021146,-0.895537,0.444452,-0.417943,0.395932,0.817673,0.0,0.0,0.0,0.0,0.0,0.0,-1.17773,-0.12595,-0.040926,0.307325,-0.167358,-0.868607,0.466373,0.98403,-0.175959,0.025647,0.059977,0.464306,0.883564,0.014557,0.009294,0.009023,-0.017096,-0.030312,0.014967,0.103856,0.063543,0.033473,-0.002889,0.215637,0.862632,0.457566,-0.97624,0.200685,0.081728,-0.021326,-0.464318,0.885411,0.007268,0.004655,0.004517,-0.012657,-0.026334,0.0129,-0.055153,0.086388,0.018818,-0.05397,0.90746,0.21051,-0.363594,-0.02912,0.894849,0.445415,0.419127,-0.393609,0.818171,-1e-06,-1.1e-05,-1.2e-05,9.6e-05,-0.000134,-0.000235,-1.122642
556,0.167797,-0.062121,0.301578,-0.907663,-0.203366,-0.3672,0.020853,-0.895608,0.444324,-0.418099,0.395887,0.817615,-0.016205,0.00046,0.000899,-0.000984,0.014715,-0.029553,-1.176297,-0.125737,-0.040925,0.307636,-0.164092,-0.8704,0.464188,0.984901,-0.170549,0.028616,0.054447,0.462965,0.884625,0.015947,-0.001409,0.017651,-0.032393,-0.022236,0.034263,0.103905,0.063643,0.033474,-0.00274,0.212259,0.864509,0.455597,-0.977086,0.195268,0.08469,-0.015748,-0.463134,0.886147,0.007964,-0.000702,0.008826,-0.028859,-0.019375,0.033273,-0.052867,0.08637,0.01882,-0.053966,0.907392,0.210275,-0.363899,-0.028812,0.894927,0.445279,0.419295,-0.393558,0.818109,8e-06,8.6e-05,0.000121,9.9e-05,-0.000101,-0.00018,-1.122805
557,0.167738,-0.062094,0.301616,-0.90756,-0.203012,-0.367649,0.020394,-0.895719,0.444121,-0.418344,0.395816,0.817523,6.9e-05,0.000852,0.001177,0.0,0.0,0.0,-1.173148,-0.125337,-0.040909,0.308248,-0.157292,-0.875868,0.456185,0.986597,-0.159235,0.034701,0.042428,0.456627,0.888569,0.014526,0.009328,0.009011,-0.061863,-0.037512,-0.080106,0.105069,0.063844,0.033479,-0.002438,0.205551,0.870166,0.447837,-0.978639,0.184496,0.090698,-0.003702,-0.456914,0.889502,0.007961,-0.000684,0.008826,-0.805651,-0.054691,-1.453519,-0.050908,0.086335,0.018833,-0.053948,0.907296,0.209943,-0.36433,-0.028379,0.895037,0.445086,0.419532,-0.393486,0.818022,4.4e-05,0.000546,0.000755,6.8e-05,-6.4e-05,-0.000124,-1.123132
558,0.167717,-0.062066,0.301673,-0.90744,-0.202595,-0.368174,0.019842,-0.895839,0.443904,-0.41863,0.395758,0.817406,4e-05,0.000496,0.000684,0.0,0.0,0.0,-1.168509,-0.124935,-0.040823,0.308827,-0.150739,-0.881269,0.447924,0.988052,-0.148409,0.040778,0.030711,0.449823,0.892513,0.015856,-0.000892,0.018212,-0.026268,-0.031142,0.028985,0.111808,0.064045,0.033525,-0.002145,0.19822,0.875884,0.439925,-0.980119,0.173183,0.096814,0.008611,-0.45037,0.8928,0.007912,-0.000381,0.009181,-0.039024,-0.004961,0.033232,-0.044539,0.086324,0.018849,-0.053917,0.90718,0.20953,-0.364857,-0.027832,0.895161,0.444871,0.41982,-0.393424,0.817905,2.1e-05,0.000282,0.00039,5.2e-05,-4.5e-05,-8.7e-05,-1.121009
559,0.167718,-0.06205,0.301695,-0.907376,-0.202373,-0.368454,0.019555,-0.895908,0.443776,-0.418782,0.395714,0.817349,5.3e-05,0.000653,0.000902,0.0,0.0,0.0,-1.167476,-0.124739,-0.040788,0.3091,-0.140888,-0.884983,0.443788,0.98969,-0.136782,0.041689,0.023967,0.446195,0.894538,0.015945,-0.001676,0.017234,-0.758043,-0.105907,-1.457527,0.11529,0.064143,0.033544,-0.002007,0.189779,0.879595,0.436229,-0.981716,0.163348,0.097721,0.014697,-0.446799,0.894513,0.000328,-0.001891,0.008498,-2.49399,-0.228921,-4.941769,-0.039641,0.086325,0.018856,-0.053907,0.907118,0.20931,-0.365137,-0.027547,0.895233,0.444745,0.419972,-0.393378,0.817849,3e-05,0.000391,0.000542,4e-05,-4.7e-05,-6.6e-05,-1.121335
560,0.167707,-0.06204,0.30171,-0.907267,-0.201997,-0.368928,0.019068,-0.896026,0.443561,-0.41904,0.39564,0.817252,1e-06,1.6e-05,2.2e-05,0.0,0.0,0.0,-1.164539,-0.124368,-0.040832,0.309623,-0.134956,-0.888935,0.43769,0.990594,-0.130236,0.041192,0.020539,0.440246,0.897566,0.01614,-0.003328,0.015188,0.05599,-0.148651,-0.041039,0.118194,0.064334,0.033522,-0.001737,0.182214,0.883932,0.430651,-0.98307,0.155205,0.097383,0.019241,-0.441105,0.897248,0.008071,-0.001746,0.007489,0.049396,-0.136522,-0.039528,-0.033109,0.086319,0.018862,-0.053898,0.907013,0.208935,-0.365612,-0.027062,0.895354,0.444531,0.420231,-0.393301,0.817753,-3e-06,-1.7e-05,-2.4e-05,4e-05,-1.8e-05,-5.5e-05,-1.122478
561,0.167707,-0.062048,0.301716,-0.907192,-0.201733,-0.36926,0.018715,-0.896097,0.443431,-0.41922,0.395612,0.817174,0.0,0.0,0.0,0.0,0.0,0.0,-1.162273,-0.124011,-0.040948,0.310112,-0.128989,-0.892814,0.431551,0.991453,-0.123658,0.040778,0.017103,0.434242,0.900558,0.000843,-0.006079,0.014281,0.126757,-0.237235,-0.131772,0.12544,0.064512,0.033466,-0.001499,0.176452,0.887552,0.425574,-0.98403,0.148773,0.097725,0.023422,-0.436022,0.89963,0.008141,-0.002314,0.006784,0.233734,-0.366004,-0.182567,-0.026414,0.086319,0.018858,-0.053896,0.90694,0.208673,-0.365944,-0.026712,0.895429,0.444402,0.420412,-0.393271,0.817674,-1e-06,-9e-06,-1.2e-05,1.4e-05,-1.3e-05,-3.7e-05,-1.122152
562,0.167719,-0.062048,0.301716,-0.907161,-0.201626,-0.369393,0.018577,-0.896131,0.44337,-0.419292,0.395591,0.817147,0.0,0.0,0.0,0.0,0.0,0.0,-1.162116,-0.123838,-0.041008,0.31037,-0.125037,-0.894359,0.429511,0.992037,-0.11788,0.043604,0.011773,0.432664,0.901403,0.000833,-0.005998,0.014374,-0.033906,0.003204,-0.022317,0.127512,0.064599,0.033433,-0.001365,0.171846,0.889651,0.423071,-0.984711,0.142712,0.099877,0.028478,-0.433767,0.900574,0.000403,-0.002966,0.007221,-0.046439,0.023353,-0.016739,-0.022822,0.086325,0.018857,-0.053896,0.90691,0.208567,-0.366078,-0.026574,0.895463,0.444341,0.420484,-0.393249,0.817647,2e-06,-5e-06,-1e-05,2.3e-05,-1.6e-05,-2.3e-05,-1.121335
563,0.167719,-0.062048,0.301716,-0.907081,-0.201352,-0.369738,0.018223,-0.896215,0.443212,-0.419479,0.395538,0.817076,0.0,0.0,0.0,0.0,0.0,0.0,-1.162374,-0.12356,-0.041152,0.310885,-0.113085,-0.900562,0.419751,0.993528,-0.104644,0.043429,0.004939,0.423074,0.906006,-0.000553,0.004397,0.005345,0.313766,-0.447584,-0.264853,0.134258,0.064738,0.033361,-0.001107,0.160631,0.895318,0.415455,-0.986331,0.129951,0.101305,0.036712,-0.426049,0.903954,-0.00029,0.002222,0.002693,0.291412,-0.412648,-0.256302,-0.013514,0.086325,0.018857,-0.053896,0.906833,0.208293,-0.366423,-0.02622,0.895551,0.444185,0.420671,-0.393194,0.817577,4e-06,-2e-06,-7e-06,1.5e-05,-8e-06,-2.5e-05,-1.121825
564,0.167732,-0.062035,0.301716,-0.907017,-0.201131,-0.370016,0.017948,-0.896295,0.443064,-0.41963,0.395471,0.817031,0.0,0.0,0.0,0.0,0.0,0.0,-1.161544,-0.123428,-0.041259,0.31137,-0.107709,-0.904867,0.411831,0.994137,-0.097937,0.045097,-0.000354,0.415409,0.90956,0.000777,-0.005566,0.014874,0.064868,-0.148652,-0.078581,0.138077,0.064804,0.033309,-0.000873,0.154083,0.90051,0.406619,-0.987183,0.122998,0.101686,0.041556,-0.417076,0.90792,0.000411,-0.003032,0.007134,0.105166,-0.19074,-0.102334,-0.007309,0.086331,0.018864,-0.053896,0.906771,0.208072,-0.366702,-0.025946,0.895632,0.444037,0.420822,-0.393126,0.817532,2e-06,-4e-06,-9e-06,1.5e-05,-8e-06,-2.1e-05,-1.121825
565,0.167731,-0.06204,0.301708,-0.906941,-0.20087,-0.370344,0.01761,-0.896375,0.442914,-0.419809,0.39542,0.816965,-4e-06,-5.5e-05,-7.6e-05,0.0,0.0,0.0,-1.1614,-0.123428,-0.041338,0.311762,-0.099666,-0.909313,0.40399,0.994974,-0.090379,0.042321,-0.001863,0.407317,0.91321,-0.000465,0.003683,0.004459,0.167433,-0.238544,-0.140582,0.141474,0.064803,0.03327,-0.000675,0.146138,0.904841,0.399881,-0.988292,0.115631,0.099528,0.043819,-0.409745,0.911146,-0.000247,0.001896,0.002295,0.32485,-0.436679,-0.22753,-0.001594,0.086331,0.018861,-0.0539,0.906698,0.207812,-0.36703,-0.02561,0.895715,0.443888,0.421,-0.393073,0.817466,-0.0,-3.8e-05,-5.7e-05,1.4e-05,0.0,-1.8e-05,-1.122152
566,0.167731,-0.062045,0.301701,-0.906891,-0.2007,-0.370557,0.017391,-0.896428,0.442816,-0.419924,0.395387,0.816921,-5e-06,-5.6e-05,-7.8e-05,0.0,0.0,0.0,-1.16088,-0.123471,-0.041367,0.311928,-0.100731,-0.910054,0.402054,0.99486,-0.090429,0.044852,-0.00435,0.405646,0.913945,-0.014463,-0.00861,0.013631,-0.033588,0.003969,-0.026697,0.141129,0.064788,0.033256,-0.000592,0.146408,0.906063,0.397005,-0.988158,0.115333,0.101194,0.0459,-0.40712,0.91222,-0.00022,0.001706,0.002067,-0.013606,0.021052,0.003983,-0.000451,0.086331,0.018858,-0.053904,0.906651,0.207643,-0.367243,-0.025391,0.89577,0.443791,0.421116,-0.393039,0.817423,0.0,-2.7e-05,-4e-05,2e-06,-2.5e-05,0.0,-1.121336
567,0.167754,-0.062056,0.301686,-0.906837,-0.200513,-0.370791,0.01715,-0.896486,0.442709,-0.420051,0.395351,0.816873,-1e-06,-1.1e-05,-1.6e-05,0.0,0.0,0.0,-1.16167,-0.123556,-0.041435,0.312201,-0.094284,-0.915711,0.39061,0.995452,-0.082893,0.046247,-0.009868,0.394343,0.918836,-0.015732,0.000884,0.003518,0.094578,-0.538058,-0.14434,0.137968,0.064746,0.033219,-0.000451,0.14058,0.911003,0.387696,-0.988655,0.108255,0.104114,0.052878,-0.397935,0.915887,0.000576,-0.004334,0.005546,-0.362152,-1.019096,0.024197,-0.001594,0.086343,0.018853,-0.053912,0.906598,0.207457,-0.367478,-0.025151,0.895829,0.443685,0.421243,-0.393002,0.817376,1e-06,5e-06,8e-06,1e-06,-7e-06,1e-06,-1.121499
568,0.167779,-0.062051,0.301692,-0.906798,-0.200377,-0.37096,0.016975,-0.896527,0.442631,-0.420143,0.395324,0.816839,4e-06,4.7e-05,6.5e-05,0.0,0.0,0.0,-1.160908,-0.123641,-0.041496,0.312401,-0.094787,-0.919742,0.380897,0.995351,-0.082175,0.049571,-0.01419,0.384979,0.922742,-0.000326,0.002594,0.003131,0.309876,-0.452202,-0.232355,0.127655,0.064698,0.033187,-0.000353,0.140925,0.914953,0.378153,-0.988316,0.107619,0.107925,0.058049,-0.388945,0.919429,-0.007087,-0.00547,0.005404,-0.044805,0.041773,-0.047985,-0.009105,0.086355,0.018855,-0.053908,0.906561,0.20732,-0.367647,-0.024975,0.895873,0.443607,0.421334,-0.392975,0.817341,2e-06,2.9e-05,4.1e-05,8e-06,-9e-06,-1e-06,-1.121662
569,0.167779,-0.062051,0.301692,-0.906798,-0.200377,-0.37096,0.016975,-0.896527,0.442631,-0.420143,0.395324,0.816839,0.0,1e-06,1e-06,0.0,0.0,0.0,-1.161151,-0.123665,-0.041486,0.312481,-0.091819,-0.921737,0.376777,0.995511,-0.077092,0.054311,-0.020914,0.381229,0.92417,-0.015674,0.000455,0.002992,0.001097,0.007461,-0.032373,0.120933,0.064685,0.033193,-0.000311,0.136396,0.918045,0.372275,-0.988604,0.101974,0.110738,0.063701,-0.383137,0.921492,-0.007844,0.00026,0.001538,-0.010409,0.035555,-0.028886,-0.016617,0.086355,0.018855,-0.053908,0.906561,0.20732,-0.367647,-0.024975,0.895873,0.443607,0.421334,-0.392975,0.817342,-2e-06,-1e-06,-2e-06,-5e-06,-9e-06,-1.2e-05,-1.121662
570,0.167767,-0.062046,0.3017,-0.906745,-0.200197,-0.371187,0.016741,-0.896583,0.442527,-0.420266,0.395289,0.816792,0.0,1e-06,1e-06,0.0,0.0,0.0,-1.160718,-0.123671,-0.041437,0.312702,-0.084855,-0.926625,0.366273,0.995802,-0.066785,0.062052,-0.032947,0.371164,0.927908,-0.000473,0.003774,0.004546,-1.863452,-1.941574,1.065915,0.111589,0.064683,0.033216,-0.000203,0.128778,0.922869,0.362942,-0.988789,0.091603,0.117915,0.075574,-0.374058,0.92432,-0.00025,0.001893,0.002268,-1.865356,-1.93399,1.064519,-0.03017,0.086349,0.018858,-0.053904,0.90651,0.20714,-0.367875,-0.024742,0.89593,0.443504,0.421458,-0.392939,0.817295,0.0,-4e-06,-6e-06,0.005802,-0.091795,0.17634,-1.121825
571,0.167779,-0.062038,0.301693,-0.906683,-0.199989,-0.371449,0.016483,-0.896658,0.442385,-0.420408,0.395225,0.81675,0.0,0.0,0.0,0.0,0.0,0.0,-1.160643,-0.123671,-0.041434,0.312915,-0.074591,-0.931443,0.356148,0.996311,-0.054874,0.065473,-0.041363,0.360887,0.931618,-0.000365,0.002909,0.0035,-0.14482,-0.211071,0.082904,0.095423,0.064682,0.033219,-9.4e-05,0.118281,0.928251,0.352644,-0.989343,0.079798,0.121787,0.084908,-0.363291,0.927798,-0.000181,0.001409,0.001697,-0.180581,-0.194636,0.095967,-0.046662,0.086355,0.018862,-0.053908,0.906451,0.206932,-0.368137,-0.024484,0.896007,0.443363,0.4216,-0.392874,0.817253,3e-06,-1e-06,-6e-06,1.4e-05,1e-06,-5e-06,-1.121662
572,0.167781,-0.062023,0.301714,-0.906645,-0.199858,-0.371614,0.016314,-0.896698,0.44231,-0.420498,0.395199,0.816717,2.4e-05,0.000296,0.000409,0.0,0.0,0.0,-1.160531,-0.123654,-0.041468,0.313115,-0.076305,-0.932778,0.35227,0.995974,-0.055059,0.070272,-0.046072,0.357385,0.932746,-0.000249,0.001981,0.002381,-0.565525,-0.549988,0.255559,0.085595,0.064691,0.033202,6e-06,0.119675,0.929258,0.349509,-0.98879,0.0799,0.126136,0.089287,-0.360687,0.928403,0.000549,-0.004128,0.005779,-1.921857,-1.824724,0.830118,-0.064298,0.086356,0.01887,-0.053897,0.906414,0.206801,-0.368302,-0.024315,0.896049,0.443288,0.421689,-0.392848,0.81722,1.2e-05,0.000154,0.000213,3e-06,-1.1e-05,-4e-06,-1.121499
573,0.167781,-0.062018,0.301721,-0.906641,-0.199845,-0.37163,0.016297,-0.896702,0.442302,-0.420507,0.395197,0.816713,8e-06,9.4e-05,0.000129,0.0,0.0,0.0,-1.160434,-0.123649,-0.041511,0.313241,-0.07616,-0.932771,0.35232,0.995971,-0.054815,0.070498,-0.046366,0.357441,0.932711,0.001116,-0.008259,0.011582,-0.036248,0.006445,-0.020388,0.084649,0.064693,0.033184,6.5e-05,0.119794,0.92944,0.348985,-0.988691,0.079742,0.127007,0.090217,-0.360254,0.928481,-0.000175,0.001364,0.001641,0.003301,-0.012119,0.026025,-0.069523,0.086356,0.018873,-0.053893,0.90641,0.206787,-0.368318,-0.024298,0.896053,0.443281,0.421698,-0.392845,0.817216,5e-06,5.6e-05,7.6e-05,1.7e-05,1.8e-05,-1.5e-05,-1.121335
574,0.16777,-0.062007,0.301736,-0.906584,-0.199651,-0.371874,0.016047,-0.896762,0.44219,-0.42064,0.395159,0.816663,1e-05,0.000126,0.000173,0.0,0.0,0.0,-1.160771,-0.123632,-0.041633,0.313546,-0.075127,-0.934227,0.348663,0.995976,-0.053583,0.071362,-0.047907,0.353794,0.934022,-0.000326,0.002594,0.003113,-0.012004,0.092641,-0.175571,0.07792,0.064702,0.033119,0.00022,0.118693,0.930978,0.345242,-0.98867,0.078634,0.127855,0.091883,-0.356506,0.929763,0.000512,-0.003797,0.006189,-0.039932,0.002567,0.006551,-0.075075,0.08635,0.018878,-0.053886,0.906355,0.206593,-0.368562,-0.024048,0.896114,0.443169,0.42183,-0.392806,0.817166,6e-06,6.7e-05,9.3e-05,4e-06,1.1e-05,-1.5e-05,-1.121335
575,0.167782,-0.062007,0.301735,-0.906553,-0.199544,-0.372007,0.015909,-0.896795,0.442129,-0.420712,0.395138,0.816636,0.0,0.0,0.0,0.0,0.0,0.0,-1.159727,-0.123611,-0.041881,0.313943,-0.074871,-0.93632,0.343061,0.99579,-0.052339,0.07481,-0.052012,0.348393,0.935831,-0.000255,0.002031,0.002435,0.020239,-0.150502,-0.036257,0.049288,0.064712,0.032999,0.000416,0.118303,0.932931,0.340062,-0.988317,0.077487,0.131243,0.096091,-0.351616,0.931199,0.00061,-0.004603,0.005218,-0.545546,-0.761624,0.173599,-0.097282,0.086356,0.018878,-0.053886,0.906325,0.206487,-0.368696,-0.023911,0.896148,0.443108,0.421903,-0.392785,0.817139,1e-06,-6e-06,-1.1e-05,-3e-06,-5e-06,-1e-06,-1.121335
576,0.167782,-0.062007,0.301735,-0.906525,-0.199453,-0.372122,0.015791,-0.896823,0.442076,-0.420774,0.395121,0.816612,0.0,0.0,0.0,0.0,0.0,0.0,-1.160052,-0.123614,-0.042031,0.314121,-0.07551,-0.936956,0.341179,0.995594,-0.052132,0.077514,-0.054761,0.346705,0.936301,0.00124,-0.009252,0.010386,-1.930516,-1.821633,0.822318,0.031714,0.06471,0.032926,0.000507,0.117922,0.933096,0.339743,-0.988299,0.076951,0.131686,0.096733,-0.351297,0.931253,0.0006,-0.004523,0.005319,-0.044716,0.018054,-0.018872,-0.117367,0.086356,0.018877,-0.053886,0.906299,0.206396,-0.368811,-0.023793,0.896177,0.443056,0.421965,-0.392766,0.817116,3e-06,-3e-06,-8e-06,6e-06,-1e-06,4e-06,-1.121009
