frame,MLTx,MLTy,MLTz,MLTR1,MLTR2,MLTR3,MLTR4,MLTR5,MLTR6,MLTR7,MLTR8,MLTR9,MLTTVx,MLTTVy,MLTTVz,MLTRVx,MLTRVy,MLTRVz,MLGA,MRTx,MRTy,MRTz,MRTR1,MRTR2,MRTR3,MRTR4,MRTR5,MRTR6,MRTR7,MRTR8,MRTR9,MRTTVx,MRTTVy,MRTTVz,MRTRVx,MRTRVy,MRTRVz,MRGA,SLTx,SLTy,SLTz,SLTR1,SLTR2,SLTR3,SLTR4,SLTR5,SLTR6,SLTR7,SLTR8,SLTR9,SLTTVx,SLTTVy,SLTTVz,SLTRVx,SLTRVy,SLTRVz,SLGA,SRTx,SRTy,SRTz,SRTR1,SRTR2,SRTR3,SRTR4,SRTR5,SRTR6,SRTR7,SRTR8,SRTR9,SRTTVx,SRTTVy,SRTTVz,SRTRVx,SRTRVy,SRTRVz,SRGA
159,0.166585,-0.0342,0.309694,-0.703696,0.081407,-0.705854,-0.231038,-0.965639,0.118888,-0.67105,0.246633,0.699207,9.7e-05,0.001259,0.00146,0.077087,0.15134,0.084683,0.468179,-0.169571,-0.054152,0.251276,-0.905212,-0.379776,0.190666,0.30826,-0.278374,0.909626,-0.291228,0.882636,0.368787,0.000956,-0.009822,0.010599,0.125316,-0.226608,-0.151801,-1.403502,0.041889,0.027053,-0.031597,0.922946,0.348261,0.163963,-0.275102,0.298845,0.913788,0.269237,-0.888485,0.371625,0.00927,-0.009972,0.009236,0.009759,-0.558593,-0.275976,-0.902958,0.085766,0.033443,-0.050533,0.720134,-0.007,-0.693799,0.12084,0.985931,0.11548,0.68323,-0.166999,0.710849,-0.007578,0.000949,0.001239,0.114967,0.234325,0.089903,0.445601
160,0.166316,-0.034138,0.309818,-0.703704,0.081354,-0.705852,-0.231055,-0.965623,0.118983,-0.671036,0.246712,0.699192,0.000145,0.001865,0.002161,1.6e-05,3.2e-05,1.8e-05,0.46697,-0.169735,-0.054388,0.251553,-0.89331,-0.409847,0.184428,0.313925,-0.275697,0.908502,-0.320365,0.869967,0.374682,-0.01664,-1e-06,0.002165,-0.257157,-1.518263,-0.671409,-1.403251,0.041807,0.026932,-0.031452,0.9121,0.378441,0.157651,-0.280703,0.296225,0.912938,0.298793,-0.876945,0.376417,-0.008333,-5e-06,0.001063,-0.302005,-1.520293,-0.672829,-0.907204,0.085632,0.033473,-0.050471,0.720306,-0.007202,-0.693617,0.120949,0.985931,0.115365,0.683029,-0.166991,0.711044,-0.007546,0.001332,0.00168,-0.002314,0.012461,-0.030645,0.443315
161,0.166059,-0.034057,0.309917,-0.703443,0.081657,-0.706078,-0.231315,-0.965595,0.118707,-0.671221,0.246723,0.699012,0.000114,0.001446,0.001674,0.0,0.0,0.0,0.467444,-0.170576,-0.054227,0.251463,-0.883864,-0.430784,0.182213,0.318864,-0.270257,0.908417,-0.340963,0.861541,0.375973,-0.034235,0.009471,-0.006966,-0.987186,-4.894875,-2.286152,-1.403756,0.0414,0.02701,-0.031494,0.905606,0.394687,0.155234,-0.28397,0.292414,0.913156,0.315018,-0.871042,0.376892,-0.008337,-0.000614,-2.6e-05,-0.002909,0.023522,-0.029811,-0.909,0.085508,0.033514,-0.050421,0.72006,-0.007538,-0.693869,0.121229,0.985929,0.115094,0.683238,-0.166992,0.710842,7.9e-05,0.001031,0.001198,4e-05,-4.2e-05,-7.9e-05,0.442498
162,0.165958,-0.034034,0.309961,-0.703187,0.08198,-0.706294,-0.231604,-0.965559,0.118437,-0.671389,0.246756,0.698838,-0.015177,0.001461,0.001951,0.004421,-0.08453,0.142724,0.467226,-0.17113,-0.054048,0.251324,-0.881945,-0.436194,0.178606,0.317935,-0.271104,0.90849,-0.346735,0.858553,0.377525,-0.034214,0.009702,-0.006591,0.03217,0.018399,-0.040929,-1.403624,0.041122,0.027098,-0.031566,0.901485,0.405343,0.151726,-0.284723,0.29138,0.913252,0.325971,-0.866483,0.378085,-0.017098,0.004823,-0.003319,0.019292,0.130948,-0.21512,-0.911449,0.085458,0.033527,-0.050398,0.719912,-0.007772,-0.69402,0.121433,0.985924,0.114922,0.683358,-0.16701,0.710723,4.6e-05,0.00062,0.000723,5.3e-05,-8e-06,-4.3e-05,0.442662
163,0.16579,-0.033994,0.310042,-0.702971,0.082242,-0.70648,-0.231861,-0.965522,0.118237,-0.671527,0.246814,0.698685,0.000252,-0.009331,0.010319,-0.034871,-0.001875,0.006418,0.469347,-0.17246,-0.053532,0.250995,-0.862876,-0.474975,0.172728,0.323781,-0.257369,0.910417,-0.386871,0.842083,0.375618,-0.03506,0.0207,-0.015169,-1.042291,-4.938566,-2.032801,-1.403762,0.04047,0.02735,-0.031722,0.886135,0.439838,0.145962,-0.289696,0.279907,0.915274,0.361717,-0.853342,0.375455,-0.025848,0.009832,-0.007449,-0.225305,0.252331,-0.121842,-0.914062,0.085369,0.033549,-0.050363,0.719674,-0.008147,-0.694263,0.121747,0.985918,0.114634,0.683553,-0.167024,0.710532,1.7e-05,0.000229,0.00027,3.4e-05,-3e-06,-2.8e-05,0.443478
164,0.165679,-0.033973,0.3101,-0.702805,0.082445,-0.70662,-0.232068,-0.96549,0.118092,-0.671629,0.246871,0.698568,-0.015067,-0.00969,0.010158,-0.036637,0.027225,-0.048096,0.467949,-0.173982,-0.052939,0.250612,-0.843294,-0.510721,0.167362,0.33127,-0.24899,0.910054,-0.422036,0.82351,0.378918,-0.050767,0.009461,-0.005255,0.029616,0.030822,-0.071418,-1.40359,0.039715,0.027645,-0.031918,0.865406,0.480933,0.140621,-0.298676,0.269783,0.915428,0.402322,-0.834218,0.377116,-0.025785,0.010394,-0.006515,0.0633,-0.011727,-0.074375,-0.90655,0.085319,0.033561,-0.050333,0.719515,-0.008403,-0.694424,0.121986,0.985909,0.114463,0.683678,-0.167068,0.710402,4e-05,0.000522,0.000606,3.2e-05,-1.1e-05,-2.3e-05,0.444131
165,0.165635,-0.033952,0.310142,-0.702807,0.082436,-0.70662,-0.23208,-0.965484,0.118117,-0.671623,0.246897,0.698564,0.0001,0.001256,0.001452,0.0,0.0,0.0,0.466289,-0.174756,-0.052624,0.25042,-0.827644,-0.53509,0.16934,0.340373,-0.238881,0.909404,-0.445105,0.810957,0.379596,-0.03493,0.021612,-0.013713,-0.211998,-1.500082,-0.65239,-1.403279,0.039296,0.027814,-0.032021,0.850958,0.505432,0.142852,-0.308156,0.260192,0.915062,0.425333,-0.822701,0.377165,-0.01746,0.010812,-0.006812,-0.21738,-1.511493,-0.658841,-0.904264,0.085291,0.033567,-0.050309,0.719535,-0.008361,-0.694405,0.121989,0.9859,0.114533,0.683657,-0.16712,0.710409,5.9e-05,0.000771,0.000895,1.8e-05,-6e-06,-1.6e-05,0.443315
166,0.16554,-0.033915,0.310297,-0.702802,0.082436,-0.706625,-0.232206,-0.965438,0.118244,-0.671585,0.247075,0.698537,-0.01503,0.00319,0.003936,-0.000984,0.014715,-0.029553,0.460277,-0.176171,-0.051991,0.250133,-0.802097,-0.571555,0.173081,0.353105,-0.2204,0.909217,-0.480495,0.791098,0.378354,-0.034706,0.024344,-0.00888,0.049074,0.059508,-0.182204,-1.403679,0.038601,0.028117,-0.032169,0.826667,0.543235,0.146685,-0.321459,0.241979,0.915483,0.461828,-0.803953,0.374664,-0.016933,0.006371,-0.000689,0.020307,-0.11457,-0.099293,-0.902305,0.085249,0.033583,-0.050234,0.719519,-0.008381,-0.694421,0.122131,0.98587,0.114646,0.683648,-0.1673,0.710375,0.000193,-0.00379,0.006172,-0.034861,-0.001858,0.00643,0.437436
167,0.165461,-0.033853,0.310544,-0.702706,0.082565,-0.706706,-0.232507,-0.965355,0.118332,-0.671581,0.247357,0.698441,0.000367,0.004573,0.005271,0.000782,-0.014365,0.024972,0.458711,-0.177279,-0.051318,0.250198,-0.773529,-0.607552,0.180346,0.368638,-0.200077,0.907749,-0.514433,0.769401,0.378475,-0.03354,0.017541,0.007078,-0.263086,-1.517271,-0.619995,-1.403913,0.038047,0.028453,-0.032149,0.800623,0.578916,0.154459,-0.337585,0.222865,0.914531,0.495013,-0.784338,0.373865,-0.008644,0.009038,0.002773,-0.978004,-4.921844,-2.234409,-0.900345,0.085204,0.033612,-0.050113,0.719459,-0.008485,-0.694482,0.12241,0.985821,0.114769,0.683661,-0.167583,0.710296,0.000225,-0.003361,0.006661,-0.035653,0.01252,-0.01856,0.432374
168,0.165319,-0.033751,0.310886,-0.702586,0.082719,-0.706806,-0.232883,-0.96525,0.118452,-0.671576,0.247717,0.698318,0.000489,0.006071,0.006982,0.000782,-0.014356,0.024977,0.457558,-0.177838,-0.050748,0.250865,-0.751763,-0.62853,0.199485,0.388205,-0.177497,0.904281,-0.531998,0.758021,0.377153,-0.015737,0.012335,0.023972,0.089381,0.047233,-0.891525,-1.403843,0.037761,0.028738,-0.031824,0.779803,0.601649,0.172988,-0.357113,0.200558,0.912275,0.514176,-0.773171,0.371253,0.000446,0.006809,0.012266,-0.112833,0.442117,-2.74863,-0.901325,0.085133,0.033665,-0.04994,0.71935,-0.008667,-0.694593,0.122806,0.985758,0.114883,0.683706,-0.167941,0.710169,0.000244,0.003103,0.003569,0.00079,-0.014349,0.024977,0.430252
169,0.165226,-0.033684,0.311074,-0.702523,0.082797,-0.70686,-0.233072,-0.965196,0.118511,-0.671577,0.247897,0.698254,0.00052,0.006431,0.007386,0.000782,-0.014352,0.02498,0.456818,-0.177891,-0.050485,0.251429,-0.74574,-0.633033,0.207683,0.395959,-0.170635,0.902239,-0.534755,0.75585,0.377613,0.00186,0.005087,0.037196,0.052191,-0.080034,0.011866,-1.404092,0.037728,0.028871,-0.03155,0.773516,0.606941,0.182467,-0.36681,0.193948,0.909853,0.516838,-0.770717,0.372654,0.000543,0.008466,0.015139,0.076213,-0.096174,0.031107,-0.903611,0.085086,0.033696,-0.049848,0.719305,-0.008735,-0.694638,0.122986,0.985727,0.114958,0.68372,-0.168121,0.710113,-0.007369,0.003344,0.003967,-0.000205,0.000359,-0.004578,0.429599
170,0.164983,-0.033561,0.31144,-0.702483,0.082828,-0.706897,-0.233351,-0.965102,0.118736,-0.671523,0.248256,0.698178,-0.014674,-0.005131,0.015358,-0.036634,0.027248,-0.048087,0.456957,-0.177615,-0.050079,0.253113,-0.716905,-0.656734,0.233964,0.424613,-0.145345,0.893595,-0.551931,0.740778,0.382731,0.018743,0.011881,0.046938,0.075445,-0.548386,-0.416169,-1.403976,0.03786,0.029072,-0.03071,0.746805,0.631337,0.209035,-0.396193,0.1699,0.90231,0.534147,-0.756669,0.377014,0.0011,0.005962,0.0244,-0.231987,-1.448462,-1.334048,-0.905081,0.084971,0.033765,-0.049664,0.719241,-0.00882,-0.694703,0.123289,0.985669,0.11513,0.683733,-0.168456,0.710021,0.000254,0.003196,0.003665,0.000779,-0.01435,0.024991,0.428782
171,0.164715,-0.033452,0.311775,-0.703704,0.084739,-0.705453,-0.233752,-0.965197,0.117158,-0.670103,0.247235,0.699903,0.000403,0.004903,0.005603,0.047885,0.078795,0.076877,0.456987,-0.177106,-0.049868,0.255366,-0.69824,-0.668332,0.256486,0.448822,-0.129783,0.884109,-0.556697,0.733262,0.390229,0.019729,0.0053,0.062382,0.244549,-0.235299,-0.039529,-1.403906,0.038115,0.029181,-0.029586,0.728832,0.644165,0.232064,-0.421288,0.154724,0.893631,0.539739,-0.749073,0.384147,0.009842,0.002707,0.031316,0.341699,-0.372274,0.056311,-0.908673,0.084831,0.033817,-0.049493,0.720711,-0.010521,-0.693155,0.123616,0.985809,0.113568,0.682124,-0.167535,0.711784,-0.007436,0.002393,0.002857,0.055067,0.126152,0.032887,0.428292
172,0.164465,-0.033429,0.312041,-0.703699,0.084727,-0.70546,-0.234011,-0.9651,0.117442,-0.670018,0.247618,0.699849,0.000266,0.00321,0.003663,0.000789,-0.014307,0.025005,0.457431,-0.176568,-0.049862,0.258058,-0.686123,-0.671893,0.278903,0.472464,-0.120229,0.873073,-0.552201,0.731637,0.399556,0.02055,-0.003783,0.073199,0.081788,0.881328,-2.575744,-1.404101,0.038384,0.029191,-0.028237,0.718315,0.648581,0.251724,-0.443168,0.147646,0.884195,0.536307,-0.746687,0.393487,0.010243,-0.001767,0.036829,0.674973,-0.338565,-0.364519,-0.92141,0.084706,0.03383,-0.049358,0.720673,-0.010532,-0.693194,0.123956,0.985729,0.113893,0.682103,-0.168005,0.711694,-0.007519,0.001334,0.001642,-0.001944,0.013039,-0.030373,0.428782
173,0.164377,-0.033455,0.312123,-0.703729,0.084683,-0.705436,-0.2341,-0.965058,0.117609,-0.669956,0.247795,0.699845,7.8e-05,0.000941,0.001074,0.0,0.0,0.0,0.458025,-0.176187,-0.049971,0.259606,-0.680221,-0.67497,0.285841,0.48247,-0.118906,0.867766,-0.550858,0.729016,0.406145,0.021365,-0.013838,0.082704,0.59207,-0.447339,-0.227784,-1.403982,0.038574,0.029141,-0.027465,0.712681,0.650941,0.261458,-0.454294,0.144287,0.879088,0.53451,-0.745289,0.39855,0.010243,-0.001081,0.03772,0.112199,-0.101704,-0.16412,-0.920103,0.084668,0.03382,-0.049313,0.720669,-0.010513,-0.693198,0.124074,0.985697,0.114042,0.682085,-0.168194,0.711666,4e-05,0.000539,0.00062,-8.2e-05,-0.000247,-0.000171,0.428782
174,0.16432,-0.033557,0.312196,-0.704876,0.086724,-0.704042,-0.234589,-0.965146,0.115904,-0.668579,0.246744,0.701532,-9.6e-05,-0.001149,-0.00131,0.040021,0.079205,0.044037,0.459357,-0.175442,-0.050368,0.262755,-0.667787,-0.680036,0.302661,0.503809,-0.113817,0.856246,-0.546976,0.725113,0.418202,0.021214,-0.014432,0.080692,0.427647,-0.261977,-0.331507,-1.403979,0.038947,0.028949,-0.02588,0.700392,0.657176,0.278514,-0.476909,0.140561,0.86764,0.531044,-0.740514,0.411861,0.010552,-0.007329,0.040174,0.657984,-0.353514,-0.402625,-0.91994,0.084634,0.033769,-0.049276,0.72213,-0.012461,-0.691644,0.124503,0.985851,0.112228,0.68046,-0.167155,0.713464,-6.3e-05,-0.000725,-0.000825,0.031702,0.066437,0.038598,0.429925
175,0.164352,-0.033628,0.312193,-0.704864,0.086754,-0.70405,-0.234699,-0.965111,0.115972,-0.668553,0.24687,0.701512,-2.8e-05,-0.000338,-0.000385,9e-06,1.7e-05,9e-06,0.46051,-0.174707,-0.05104,0.265793,-0.655735,-0.685727,0.315882,0.522784,-0.110741,0.845203,-0.543758,0.720214,0.430675,0.00466,-0.017087,0.077301,0.342032,-0.196183,-0.347029,-1.404296,0.039323,0.02861,-0.024327,0.688513,0.663776,0.292147,-0.49673,0.13812,0.856844,0.528401,-0.735067,0.424815,0.002268,-0.0087,0.038389,0.390339,-0.211812,-0.353973,-0.923696,0.08465,0.033729,-0.049283,0.72202,-0.012429,-0.691759,0.124679,0.985807,0.112421,0.680544,-0.167418,0.713322,-1.8e-05,-0.00021,-0.000241,-0.00093,-0.001677,-0.00084,0.431558
176,0.164431,-0.033642,0.312176,-0.704799,0.086854,-0.704103,-0.234779,-0.965101,0.115887,-0.668593,0.246871,0.701474,0.0152,-0.00065,-0.000976,0.000984,-0.014714,0.029553,0.461631,-0.174483,-0.051441,0.267251,-0.650841,-0.687474,0.322145,0.530189,-0.108053,0.840927,-0.542475,0.718957,0.434379,0.004515,-0.019651,0.072804,0.135804,-0.076657,-0.265091,-1.403889,0.039433,0.028419,-0.023621,0.683587,0.666062,0.298445,-0.504688,0.135972,0.852526,0.527255,-0.733397,0.429102,0.002196,-0.01001,0.036107,0.169463,-0.104415,-0.275407,-0.925002,0.084683,0.033722,-0.049292,0.721969,-0.012505,-0.691811,0.124744,0.985805,0.112362,0.680586,-0.167422,0.713282,-9e-06,-0.000126,-0.000143,-5.8e-05,-0.000224,-0.000187,0.432864
177,0.164603,-0.033638,0.312161,-0.7046,0.087145,-0.704266,-0.234998,-0.965081,0.115616,-0.668725,0.24685,0.701355,3.1e-05,0.000371,0.000423,0.0,0.0,0.0,0.464046,-0.174236,-0.052177,0.269884,-0.640845,-0.693791,0.328577,0.543751,-0.108297,0.83219,-0.540963,0.712827,0.446206,0.00353,-0.011053,0.060033,0.592032,-0.429703,-0.251071,-1.404359,0.039557,0.028047,-0.022302,0.675107,0.671753,0.304921,-0.516712,0.135568,0.845357,0.526533,-0.728264,0.438626,0.001699,-0.005931,0.029379,0.083022,-0.041074,-0.243641,-0.925002,0.084775,0.033723,-0.0493,0.721795,-0.012836,-0.691986,0.124983,0.985807,0.112081,0.680727,-0.167386,0.713156,2.2e-05,0.00026,0.000293,6.8e-05,-2.2e-05,-7.9e-05,0.435314
178,0.164787,-0.033634,0.312178,-0.704293,0.087585,-0.704518,-0.235375,-0.965032,0.115252,-0.668916,0.246882,0.701162,2.8e-05,0.000337,0.000384,0.0,0.0,0.0,0.464986,-0.174234,-0.052743,0.27194,-0.634642,-0.696923,0.333943,0.55184,-0.106371,0.827098,-0.540092,0.710057,0.451646,0.002361,-0.006951,0.040419,0.000878,0.045368,-0.19236,-1.403772,0.039559,0.027765,-0.021242,0.66772,0.676504,0.31063,-0.527013,0.134889,0.839083,0.525743,-0.723979,0.446595,0.001129,-0.003787,0.019719,-0.081297,0.069782,-0.170878,-0.925002,0.084867,0.033726,-0.04929,0.721543,-0.013308,-0.69224,0.125368,0.985799,0.111723,0.680923,-0.167398,0.712965,1.8e-05,0.000209,0.000236,7.1e-05,1e-05,-7.2e-05,0.4376
179,0.164845,-0.033627,0.312202,-0.704285,0.087607,-0.704523,-0.235408,-0.965024,0.115253,-0.668913,0.246906,0.701156,6.6e-05,0.000807,0.00092,0.0,0.0,0.0,0.464518,-0.174334,-0.052971,0.272714,-0.63164,-0.698702,0.335914,0.555751,-0.106179,0.8245,-0.539606,0.708336,0.454916,0.002234,-0.009719,0.035979,0.061323,-0.085327,-0.042694,-1.404048,0.039509,0.027655,-0.020869,0.665019,0.678236,0.312639,-0.530777,0.134734,0.836732,0.525379,-0.722385,0.449593,-0.007086,-0.005518,0.017837,0.04227,-0.071189,-0.070973,-0.925982,0.084896,0.033729,-0.049279,0.721538,-0.01333,-0.692246,0.125401,0.985794,0.111725,0.680923,-0.167422,0.71296,4.1e-05,0.000514,0.000585,6.4e-05,-3e-06,-5.9e-05,0.438253
180,0.164906,-0.033576,0.312258,-0.704118,0.08784,-0.704662,-0.235599,-0.965002,0.11505,-0.669022,0.246911,0.70105,0.000131,0.001609,0.001834,0.0,0.0,0.0,0.46438,-0.174573,-0.053271,0.273831,-0.627117,-0.701414,0.338726,0.56162,-0.106044,0.820531,-0.538811,0.705672,0.459971,-0.015074,-0.003076,0.02246,0.313195,-0.196871,-0.172306,-1.404212,0.039395,0.0275,-0.02031,0.66153,0.680388,0.315355,-0.535321,0.133949,0.833959,0.525174,-0.720506,0.452838,0.000587,-0.001316,0.010704,0.571563,-0.314998,-0.190683,-0.921736,0.084927,0.033753,-0.049252,0.721399,-0.013578,-0.692385,0.125594,0.985792,0.111525,0.681034,-0.167413,0.712856,8.3e-05,0.001022,0.001163,3.9e-05,-1.6e-05,-4.1e-05,0.438253
181,0.164892,-0.033504,0.312404,-0.703972,0.088036,-0.704783,-0.235832,-0.964957,0.114951,-0.669093,0.247017,0.700945,0.000232,0.002841,0.003236,0.0,0.0,0.0,0.464957,-0.17477,-0.053346,0.274484,-0.624178,-0.703354,0.340126,0.565488,-0.106521,0.817809,-0.538182,0.703665,0.463766,0.00024,0.005173,0.008038,0.028093,-0.030367,0.013478,-1.404174,0.039291,0.027458,-0.01998,0.657834,0.683204,0.316994,-0.540604,0.135273,0.830329,0.524404,-0.717588,0.45833,-0.007641,-0.003579,0.008033,-0.063094,0.108598,-0.1945,-0.927451,0.084919,0.033789,-0.04918,0.721278,-0.013788,-0.692506,0.125829,0.985773,0.11143,0.681119,-0.16751,0.712752,0.000137,0.001699,0.001934,0.00081,-0.014293,0.024989,0.438416
182,0.164847,-0.033421,0.31261,-0.703823,0.088235,-0.704906,-0.23612,-0.964892,0.114904,-0.669148,0.247199,0.700828,0.00033,0.004039,0.004593,0.000783,-0.0143,0.025009,0.464874,-0.174992,-0.053311,0.274716,-0.622602,-0.704217,0.341229,0.567802,-0.106678,0.816183,-0.537573,0.702778,0.465813,0.000118,0.002501,0.00388,0.004034,-0.016017,0.023774,-1.404217,0.039179,0.027475,-0.019865,0.656433,0.684044,0.318085,-0.542739,0.135378,0.828919,0.523956,-0.716767,0.460124,4.4e-05,0.001071,0.001664,-0.012561,-0.009066,0.029159,-0.931534,0.084897,0.033829,-0.049079,0.721165,-0.013985,-0.692621,0.126109,0.985741,0.111402,0.681188,-0.167685,0.712645,0.000197,-0.003709,0.006236,-0.035641,0.012519,-0.018552,0.438743
183,0.164841,-0.033373,0.312695,-0.703727,0.088364,-0.704986,-0.236262,-0.964866,0.114827,-0.669199,0.247253,0.700761,0.00025,0.003059,0.003476,0.0,0.0,0.0,0.465215,-0.175125,-0.053274,0.274769,-0.62244,-0.70404,0.341887,0.568173,-0.106236,0.815982,-0.537369,0.703022,0.46568,-0.000727,0.01311,-0.00508,0.038274,-0.025348,0.042867,-1.40431,0.039113,0.027487,-0.019839,0.656343,0.68381,0.318775,-0.543036,0.134854,0.828809,0.52376,-0.71709,0.459844,-0.008122,0.000246,0.001247,-0.004054,0.01798,-0.027482,-0.93186,0.084894,0.033856,-0.049032,0.721075,-0.014141,-0.692711,0.126267,0.985731,0.111314,0.681253,-0.167732,0.712572,0.000142,0.001773,0.002015,0.000791,-0.014299,0.025005,0.438906
184,0.164861,-0.03331,0.312845,-0.703554,0.088605,-0.705129,-0.236549,-0.96481,0.114708,-0.669281,0.247384,0.700636,0.000178,0.002179,0.002473,0.0,0.0,0.0,0.466354,-0.175405,-0.053223,0.274859,-0.621268,-0.705452,0.341109,0.56961,-0.107831,0.814771,-0.537206,0.701363,0.468363,-0.016224,0.000643,0.00271,0.342015,-0.191691,-0.177384,-1.404316,0.038979,0.027515,-0.0198,0.656397,0.684235,0.317747,-0.542741,0.135753,0.828855,0.523997,-0.716513,0.460471,3.8e-05,0.000826,0.001286,0.476522,-0.282236,-0.208699,-0.936759,0.084904,0.033889,-0.048956,0.720932,-0.0144,-0.692855,0.126559,0.985706,0.1112,0.681351,-0.167855,0.712449,9.6e-05,0.001205,0.001368,0.000789,-0.014279,0.025008,0.439886
185,0.164898,-0.033308,0.312909,-0.703484,0.08871,-0.705185,-0.236703,-0.964774,0.114692,-0.669299,0.247487,0.700583,7e-06,8.5e-05,9.7e-05,0.0,0.0,0.0,0.46727,-0.175656,-0.053126,0.275035,-0.620212,-0.707016,0.33979,0.570746,-0.109765,0.813716,-0.537221,0.699485,0.471144,0.000154,0.003147,0.004868,0.16965,-1.454948,2.376673,-1.404166,0.038847,0.02756,-0.019717,0.653584,0.686103,0.319513,-0.547306,0.136859,0.825666,0.522765,-0.714514,0.464957,-0.008076,0.001054,0.002485,-0.030436,0.115559,-0.199416,-0.939699,0.084923,0.033892,-0.048921,0.720875,-0.014513,-0.692912,0.126718,0.985687,0.111187,0.681381,-0.167956,0.712397,-6e-06,-5.2e-05,-6e-05,9e-06,-4e-06,-1.8e-05,0.441355
186,0.16491,-0.033325,0.312921,-0.703491,0.088706,-0.705179,-0.236735,-0.964762,0.114733,-0.669281,0.247537,0.700582,0.000113,-0.010921,0.008485,-0.035651,0.012503,-0.018552,0.467134,-0.175786,-0.053085,0.275151,-0.618805,-0.708096,0.340105,0.572722,-0.110546,0.812221,-0.536743,0.698269,0.473488,0.000163,0.003296,0.005094,0.013551,-0.008177,-0.00585,-1.404009,0.038782,0.027581,-0.019658,0.652802,0.688002,0.317019,-0.547716,0.139576,0.824939,0.523312,-0.712158,0.467946,-0.008043,0.001712,0.003497,-0.021074,0.002514,-0.003743,-0.939209,0.084928,0.033887,-0.04892,0.720873,-0.014521,-0.692914,0.126742,0.985682,0.111199,0.681379,-0.167982,0.712393,-6e-06,-5.7e-05,-6.6e-05,1.3e-05,2e-06,-1.5e-05,0.441682
187,0.164942,-0.033366,0.312906,-0.703519,0.088678,-0.705155,-0.236745,-0.964752,0.114796,-0.669248,0.247587,0.700596,-6.4e-05,-0.000782,-0.000887,0.0,0.0,0.0,0.467148,-0.175992,-0.052995,0.275485,-0.616077,-0.71035,0.340359,0.576401,-0.112258,0.809378,-0.535947,0.695702,0.478146,0.00106,-0.006103,0.0159,0.022959,-0.038742,-0.018247,-1.404425,0.038678,0.027626,-0.0195,0.650251,0.69026,0.317352,-0.551356,0.141385,0.822202,0.522665,-0.709612,0.472515,0.000109,0.002288,0.003531,0.047019,0.05861,-0.200421,-0.938882,0.084945,0.033863,-0.048924,0.720905,-0.014477,-0.692881,0.126759,0.98567,0.111292,0.681342,-0.16806,0.71241,-4.9e-05,-0.000621,-0.000704,7e-06,9e-06,-2e-06,0.442009
188,0.164942,-0.033366,0.312906,-0.703519,0.088678,-0.705155,-0.236745,-0.964752,0.114796,-0.669248,0.247587,0.700596,-0.0,-0.0,-0.0,0.0,0.0,0.0,0.467715,-0.176032,-0.052913,0.27594,-0.614682,-0.711435,0.340613,0.57813,-0.112788,0.808071,-0.535688,0.694506,0.48017,0.001131,-0.004659,0.018094,-0.045381,0.09623,-0.16485,-1.404318,0.038658,0.027669,-0.019271,0.648893,0.691487,0.317463,-0.552958,0.141962,0.821026,0.522661,-0.708302,0.474481,0.000156,0.003269,0.005023,-0.012873,-0.010124,0.028452,-0.937249,0.084945,0.03386,-0.048927,0.720905,-0.014476,-0.692881,0.126759,0.98567,0.111292,0.681342,-0.168059,0.71241,-0.0,5e-06,7e-06,-0.0,3e-06,-3e-06,0.442172
189,0.164943,-0.033354,0.312919,-0.703496,0.088709,-0.705174,-0.23677,-0.964749,0.114769,-0.669264,0.247587,0.700581,3.6e-05,0.000442,0.000502,0.0,0.0,0.0,0.467697,-0.175956,-0.05289,0.276481,-0.616768,-0.710777,0.338208,0.57945,-0.119369,0.806178,-0.531853,0.69408,0.485024,0.000291,0.005911,0.00905,0.043529,-0.039868,0.006764,-1.404415,0.038697,0.027681,-0.018989,0.650857,0.690694,0.315159,-0.554268,0.148612,0.818963,0.518817,-0.707711,0.479556,0.000138,0.002943,0.004507,0.008314,-0.029915,0.014475,-0.932187,0.084945,0.033865,-0.048921,0.720886,-0.014511,-0.692901,0.126786,0.98567,0.111265,0.681357,-0.168059,0.712395,2.2e-05,0.00029,0.00033,2e-06,-2e-06,-1.2e-05,0.442335
190,0.164955,-0.033354,0.312918,-0.703483,0.088727,-0.705185,-0.236786,-0.964747,0.114753,-0.669272,0.247588,0.700573,1e-06,6e-06,7e-06,0.0,0.0,0.0,0.467487,-0.175904,-0.052919,0.276754,-0.615413,-0.711894,0.338328,0.581105,-0.119983,0.804895,-0.53162,0.692829,0.487065,0.000281,0.005729,0.008758,0.406653,-0.259381,-0.149631,-1.404334,0.038723,0.027665,-0.018856,0.650694,0.690835,0.315187,-0.554165,0.14826,0.819096,0.519131,-0.707647,0.479308,0.000535,-0.002743,0.008389,0.431224,-0.287945,-0.195549,-0.931371,0.084951,0.033866,-0.04892,0.720875,-0.01453,-0.692911,0.126801,0.985669,0.111249,0.681365,-0.168058,0.712388,-1e-06,-5e-06,-5e-06,5e-06,-9e-06,-6e-06,0.442335
191,0.164955,-0.033354,0.312918,-0.703483,0.088727,-0.705185,-0.236786,-0.964747,0.114753,-0.669272,0.247588,0.700573,0.0,0.0,0.0,0.0,0.0,0.0,0.467691,-0.1757,-0.053023,0.277311,-0.623147,-0.70651,0.335445,0.579369,-0.129088,0.804737,-0.524458,0.69669,0.489316,0.001074,-0.005706,0.016416,-0.042642,0.094224,-0.166229,-1.404281,0.038825,0.027617,-0.01858,0.657047,0.6862,0.312118,-0.553722,0.158355,0.817505,0.511547,-0.709966,0.48401,0.000524,-0.003,0.007987,-0.055588,0.002296,0.007979,-0.925002,0.084951,0.033866,-0.04892,0.720875,-0.01453,-0.692911,0.126801,0.985669,0.111249,0.681365,-0.168058,0.712388,2e-06,-4e-06,-7e-06,9e-06,4e-06,-4e-06,0.442662
192,0.164955,-0.033354,0.312918,-0.703483,0.088727,-0.705185,-0.236786,-0.964747,0.114753,-0.669272,0.247588,0.700573,0.0,0.0,0.0,0.0,0.0,0.0,0.467542,-0.175518,-0.05323,0.277847,-0.627553,-0.70259,0.335466,0.582615,-0.13816,0.800878,-0.51554,0.69891,0.495587,0.001008,-0.007046,0.014355,0.18469,-0.123139,-0.078891,-1.404167,0.038915,0.027518,-0.018314,0.661805,0.681588,0.31217,-0.556122,0.167106,0.814127,0.502734,-0.712398,0.489638,0.008618,-0.003222,0.006799,0.420574,-0.10853,-0.042749,-0.922716,0.084951,0.033866,-0.04892,0.720875,-0.01453,-0.692911,0.126801,0.985669,0.111249,0.681365,-0.168058,0.712388,4e-06,-2e-06,-7e-06,1.2e-05,0.0,0.0,0.442498
193,0.164966,-0.033355,0.312918,-0.70347,0.088746,-0.705195,-0.236801,-0.964745,0.114737,-0.66928,0.247588,0.700565,0.0,0.0,0.0,0.0,0.0,0.0,0.467584,-0.175439,-0.05334,0.278105,-0.626245,-0.703755,0.335466,0.584113,-0.138751,0.799684,-0.515436,0.697619,0.49751,0.001035,-0.006482,0.015206,0.079247,-0.072868,-0.042196,-1.404264,0.038955,0.027458,-0.018183,0.660132,0.683167,0.312262,-0.558281,0.168106,0.812442,0.502541,-0.710649,0.492372,0.0005,-0.003452,0.007286,0.087917,-0.082973,-0.049112,-0.919614,0.084956,0.033866,-0.04892,0.720865,-0.01455,-0.692922,0.126816,0.985669,0.111233,0.681373,-0.168058,0.71238,3e-06,-1e-06,-5e-06,8e-06,-4e-06,-4e-06,0.442498
194,0.164989,-0.033349,0.312923,-0.703353,0.088905,-0.705292,-0.236932,-0.964729,0.114597,-0.669356,0.247591,0.700491,0.0,1e-06,1e-06,0.0,0.0,0.0,0.467625,-0.175331,-0.053566,0.278637,-0.623601,-0.706065,0.335538,0.587139,-0.139845,0.797273,-0.515208,0.695062,0.501311,0.001027,-0.006611,0.014991,0.046896,-0.05333,-0.028263,-1.4043,0.039009,0.027345,-0.017917,0.657491,0.685653,0.312383,-0.56141,0.1693,0.810034,0.502516,-0.707966,0.496246,0.000495,-0.003529,0.007156,0.034878,-0.055361,-0.028928,-0.924512,0.084968,0.033869,-0.048917,0.720768,-0.014722,-0.693019,0.126951,0.985667,0.111095,0.681451,-0.168054,0.712307,1e-06,-5e-06,-9e-06,0.005425,-0.098616,0.172622,0.442825
195,0.165036,-0.033339,0.312934,-0.703359,0.088904,-0.705285,-0.23693,-0.96473,0.114599,-0.66935,0.24759,0.700497,7e-06,9e-05,0.000102,0.0,0.0,0.0,0.468376,-0.175282,-0.053743,0.279212,-0.620925,-0.708354,0.335675,0.590232,-0.140903,0.7948,-0.51491,0.692515,0.505128,0.001101,-0.00501,0.017392,-0.003441,-0.022875,-0.006708,-1.40427,0.039033,0.027254,-0.017635,0.654795,0.688145,0.312569,-0.564628,0.170459,0.80755,0.502431,-0.705265,0.500162,0.000542,-0.002478,0.008737,-0.043965,-0.013239,0.001145,-0.925492,0.084991,0.033874,-0.048912,0.720774,-0.014721,-0.693013,0.12695,0.985667,0.111097,0.681445,-0.168054,0.712313,7e-06,4.5e-05,4.8e-05,1.1e-05,-1e-05,-1.3e-05,0.442988
196,0.165095,-0.033317,0.312958,-0.70325,0.089059,-0.705375,-0.237056,-0.964715,0.114464,-0.669421,0.247593,0.700429,3.9e-05,0.000481,0.000545,0.0,0.0,0.0,0.469455,-0.175259,-0.053879,0.279812,-0.622426,-0.706954,0.335847,0.592522,-0.145459,0.792271,-0.510453,0.693002,0.508968,0.001088,-0.00525,0.017,-0.023006,-0.011025,0.001656,-1.404099,0.039045,0.027188,-0.017332,0.656248,0.686692,0.312716,-0.566758,0.175,0.805083,0.498119,-0.705569,0.504032,0.000532,-0.002687,0.00841,-0.058705,-0.001042,0.009369,-0.926962,0.085021,0.033884,-0.048901,0.720684,-0.014889,-0.693103,0.12708,0.985665,0.110964,0.681516,-0.16805,0.712245,2.5e-05,0.000296,0.000335,1.8e-05,2e-06,-2.3e-05,0.443805
197,0.16513,-0.033307,0.312969,-0.703188,0.089146,-0.705425,-0.237127,-0.964706,0.114388,-0.66946,0.247595,0.700391,6.3e-05,0.000783,0.000888,0.0,0.0,0.0,0.469421,-0.17524,-0.053953,0.280111,-0.621081,-0.708096,0.335932,0.594082,-0.145973,0.791007,-0.510279,0.691728,0.510872,0.001092,-0.005162,0.01712,-0.021161,-0.012144,0.000876,-1.40399,0.039055,0.027149,-0.017176,0.654954,0.68788,0.312816,-0.568299,0.175528,0.803881,0.498066,-0.704279,0.505884,0.000537,-0.002563,0.008588,-0.056185,-0.001614,0.008937,-0.925819,0.085038,0.033889,-0.048895,0.720633,-0.014983,-0.693153,0.127153,0.985664,0.110889,0.681556,-0.168048,0.712208,3.3e-05,0.00042,0.000476,1.4e-05,-1.3e-05,-3.1e-05,0.444458
198,0.165211,-0.033291,0.312985,-0.703065,0.089323,-0.705526,-0.237271,-0.964689,0.114234,-0.669539,0.247598,0.700314,0.015269,0.000494,0.00031,0.000984,-0.014715,0.029553,0.469789,-0.175167,-0.054107,0.280714,-0.618367,-0.710354,0.336172,0.597227,-0.146916,0.78846,-0.509908,0.689209,0.514634,0.001087,-0.005225,0.016996,0.309312,-0.212804,-0.139676,-1.404132,0.039092,0.027072,-0.016874,0.65312,0.689514,0.313055,-0.570353,0.175972,0.802328,0.498127,-0.702569,0.508197,0.000533,-0.002605,0.008509,0.477035,-0.261247,-0.176337,-0.930717,0.085079,0.033897,-0.048888,0.720532,-0.015173,-0.693255,0.127302,0.985662,0.110738,0.681635,-0.168043,0.712133,0.007636,0.000287,0.000199,0.001006,-0.014729,0.029518,0.445111
199,0.165281,-0.033276,0.313002,-0.702954,0.089481,-0.705616,-0.2374,-0.964674,0.114096,-0.66961,0.2476,0.700246,8.3e-05,0.001036,0.001174,0.0,0.0,0.0,0.470284,-0.175045,-0.054277,0.281307,-0.616808,-0.711311,0.33701,0.598866,-0.14645,0.787302,-0.509875,0.68832,0.515855,0.001041,-0.006187,0.015531,-0.001078,-0.01109,-0.033312,-1.404164,0.039152,0.026993,-0.016587,0.650924,0.691242,0.313817,-0.573078,0.17632,0.800307,0.497874,-0.700781,0.510907,0.000114,0.002722,0.004067,0.019529,-0.03535,0.010784,-0.932677,0.085114,0.033904,-0.04888,0.720441,-0.015343,-0.693346,0.127435,0.98566,0.110602,0.681707,-0.168038,0.712065,4.8e-05,0.000588,0.000664,0.000813,-0.014295,0.024975,0.445438
200,0.165326,-0.033277,0.313,-0.702903,0.089556,-0.705657,-0.23746,-0.964666,0.114031,-0.669641,0.247601,0.700215,1e-06,1.5e-05,1.7e-05,0.0,0.0,0.0,0.469632,-0.174968,-0.054342,0.281576,-0.615373,-0.712374,0.337389,0.60061,-0.14677,0.785914,-0.509561,0.687152,0.517719,0.001047,-0.006039,0.015742,-0.004878,0.06964,-0.183167,-1.40446,0.039191,0.026956,-0.016441,0.649469,0.692356,0.314373,-0.574947,0.176578,0.798908,0.497618,-0.699615,0.51275,0.000512,-0.003061,0.007807,-0.043982,0.080779,-0.174809,-0.933983,0.085137,0.033905,-0.048879,0.720399,-0.015424,-0.693387,0.127497,0.985659,0.110538,0.681739,-0.168036,0.712035,-3e-06,-1.2e-05,-1.5e-05,2.3e-05,-2.2e-05,-4.4e-05,0.445928
201,0.165407,-0.033273,0.313002,-0.702803,0.089702,-0.705739,-0.237579,-0.964652,0.113905,-0.669705,0.247603,0.700154,0.0,1e-06,1e-06,0.0,0.0,0.0,0.469873,-0.174813,-0.054493,0.282098,-0.613939,-0.713436,0.337755,0.602063,-0.146714,0.784811,-0.509577,0.686061,0.519149,0.017241,-0.005795,0.014408,-0.02443,-0.024159,0.032394,-1.404077,0.039269,0.02688,-0.01618,0.648095,0.693468,0.314761,-0.576347,0.176463,0.797925,0.497791,-0.698543,0.514042,0.008611,-0.002934,0.007146,-0.051255,-0.015812,0.03854,-0.936596,0.085177,0.033907,-0.048878,0.720317,-0.01558,-0.693469,0.127618,0.985658,0.110414,0.681803,-0.168032,0.711975,-2e-06,-1.1e-05,-1.2e-05,3.7e-05,1e-06,-3.5e-05,0.445928
202,0.165486,-0.033275,0.312999,-0.702714,0.089832,-0.70581,-0.237684,-0.96464,0.113792,-0.66976,0.247605,0.7001,0.0,0.0,0.0,0.0,0.0,0.0,0.470281,-0.174684,-0.0546,0.282632,-0.612404,-0.714423,0.338455,0.603735,-0.146469,0.783572,-0.509448,0.685086,0.520561,0.000253,0.005747,0.008539,0.09531,-0.07155,-0.01479,-1.404227,0.039333,0.026824,-0.015926,0.64683,0.694308,0.31551,-0.577875,0.176243,0.796867,0.497665,-0.697763,0.515222,0.000526,-0.002726,0.008283,0.107681,-0.08769,-0.051603,-0.937412,0.085211,0.033906,-0.048879,0.720255,-0.0157,-0.693531,0.12771,0.985657,0.110318,0.681852,-0.168028,0.711929,2e-06,-4e-06,-8e-06,2.8e-05,-8e-06,-3.9e-05,0.446091
203,0.16551,-0.03327,0.313004,-0.702677,0.089885,-0.70584,-0.237727,-0.964635,0.113745,-0.669784,0.247606,0.700077,1.5e-05,0.000195,0.000221,0.0,0.0,0.0,0.469818,-0.174619,-0.054651,0.282903,-0.612273,-0.714316,0.338919,0.603725,-0.1458,0.783704,-0.509618,0.68534,0.52006,0.001075,-0.005311,0.016768,-0.033049,-0.004946,0.005942,-1.404114,0.039365,0.026801,-0.015786,0.646536,0.694377,0.315959,-0.578007,0.175564,0.796921,0.497893,-0.697865,0.514863,0.008212,0.003012,0.003627,-0.009199,-0.02567,0.057008,-0.938555,0.085228,0.033908,-0.048877,0.720214,-0.015777,-0.693571,0.12777,0.985655,0.110257,0.681884,-0.168026,0.711899,1.1e-05,0.000121,0.000134,2.9e-05,-4e-06,-3.8e-05,0.446254
204,0.165533,-0.033259,0.313016,-0.702629,0.089953,-0.70588,-0.237783,-0.964628,0.113686,-0.669815,0.247607,0.700047,4.2e-05,0.000533,0.000604,0.0,0.0,0.0,0.470057,-0.174462,-0.054717,0.283549,-0.609377,-0.716442,0.339651,0.607183,-0.146388,0.780918,-0.508984,0.682992,0.523756,0.001116,-0.004296,0.018237,0.014345,-0.034057,-0.01419,-1.403999,0.039443,0.02677,-0.01547,0.643792,0.696626,0.316611,-0.58154,0.176505,0.794138,0.497334,-0.695383,0.518749,0.000134,0.003351,0.004952,0.042061,-0.048441,0.001671,-0.940025,0.08524,0.033913,-0.048872,0.720174,-0.01585,-0.693611,0.127827,0.985655,0.110198,0.681915,-0.168024,0.711869,2.8e-05,0.000345,0.000389,2.3e-05,-1.2e-05,-4.7e-05,0.446091
205,0.165534,-0.033247,0.313029,-0.702605,0.089984,-0.705899,-0.237808,-0.964625,0.113659,-0.669831,0.247608,0.700032,7.9e-05,0.000992,0.001125,0.0,0.0,0.0,0.470454,-0.174338,-0.05478,0.28424,-0.607901,-0.717487,0.340088,0.608648,-0.146216,0.779809,-0.509001,0.68193,0.525121,0.001192,-0.002446,0.020921,0.03463,-0.059753,0.002952,-1.404274,0.039505,0.026734,-0.015123,0.642369,0.697658,0.317229,-0.583048,0.176216,0.793096,0.497409,-0.69442,0.519965,0.00057,-0.001588,0.009924,0.028166,-0.04855,-0.02395,-0.941005,0.08524,0.033918,-0.048867,0.720155,-0.015884,-0.69363,0.127854,0.985654,0.110171,0.681931,-0.168024,0.711854,4.5e-05,0.000571,0.000647,0.000821,-0.014291,0.024969,0.446417
206,0.165534,-0.033253,0.313023,-0.702537,0.090075,-0.705956,-0.237884,-0.964616,0.113578,-0.669876,0.24761,0.699988,-3e-06,-3.8e-05,-4.3e-05,0.0,0.0,0.0,0.470939,-0.174176,-0.054817,0.284999,-0.605043,-0.719654,0.340606,0.611939,-0.146841,0.777111,-0.508465,0.679508,0.528768,0.001191,-0.002368,0.020979,0.171103,-0.053304,-0.232596,-1.404049,0.039587,0.026717,-0.01474,0.640008,0.699634,0.317649,-0.585834,0.176817,0.790906,0.49718,-0.692276,0.523035,0.000566,-0.001603,0.009876,0.291377,-0.183463,-0.117199,-0.941494,0.08524,0.033917,-0.048868,0.720097,-0.015982,-0.693688,0.127931,0.985653,0.110092,0.681977,-0.168021,0.711811,-1e-06,-2.2e-05,-2.5e-05,3.9e-05,8e-06,-3.9e-05,0.446907
207,0.165533,-0.033259,0.313016,-0.702548,0.09006,-0.705947,-0.237871,-0.964617,0.113592,-0.669868,0.24761,0.699995,-2.5e-05,-0.000317,-0.00036,0.0,0.0,0.0,0.471881,-0.17412,-0.054847,0.285354,-0.603621,-0.720747,0.340817,0.613567,-0.147186,0.775762,-0.508195,0.678274,0.530609,0.001162,-0.003015,0.020005,0.120511,-0.099699,-0.059151,-1.403976,0.039615,0.026704,-0.01456,0.638406,0.700932,0.318009,-0.587816,0.177263,0.789334,0.496898,-0.690847,0.525186,0.000573,-0.001442,0.010099,0.160345,-0.040735,-0.223841,-0.944107,0.08524,0.033914,-0.04887,0.720107,-0.015965,-0.693678,0.127917,0.985653,0.110106,0.681969,-0.168021,0.711818,-1.6e-05,-0.000208,-0.000237,3e-05,-5e-06,-3.8e-05,0.447234
208,0.165568,-0.03326,0.313015,-0.70251,0.090116,-0.705977,-0.237916,-0.964612,0.113543,-0.669892,0.247611,0.699972,-0.0,-0.0,-0.0,0.0,0.0,0.0,0.471973,-0.174023,-0.054896,0.286026,-0.602249,-0.721878,0.340852,0.614847,-0.14731,0.774724,-0.508277,0.677044,0.532099,0.000278,0.006774,0.009873,0.031744,-0.03269,0.012336,-1.404175,0.039664,0.026677,-0.014219,0.636805,0.702352,0.318085,-0.589406,0.177482,0.788098,0.497068,-0.689347,0.526993,0.000545,-0.002085,0.009138,-0.045165,0.082139,-0.174006,-0.945087,0.085257,0.033913,-0.048872,0.720076,-0.016025,-0.693709,0.127964,0.985653,0.110058,0.681993,-0.168019,0.711796,0.0,4e-06,3e-06,2.7e-05,-5e-06,-4e-05,0.448377
209,0.165602,-0.033261,0.313013,-0.702472,0.090172,-0.706008,-0.237962,-0.964606,0.113495,-0.669916,0.247611,0.699949,-0.0,-0.0,-0.0,0.0,0.0,0.0,0.47255,-0.173971,-0.054911,0.286549,-0.600708,-0.722889,0.341429,0.61656,-0.147236,0.773375,-0.508028,0.67598,0.533687,0.001062,-0.005324,0.016568,-0.02864,0.082495,-0.17386,-1.403896,0.039689,0.026674,-0.013959,0.63536,0.703458,0.318534,-0.591071,0.177566,0.786832,0.496942,-0.688198,0.528612,9.6e-05,0.002595,0.003768,-0.009044,-0.017738,0.022689,-0.944107,0.085274,0.033913,-0.048873,0.720045,-0.016085,-0.69374,0.12801,0.985652,0.11001,0.682017,-0.168018,0.711773,-1e-06,1e-06,2e-06,3e-05,-8e-06,-3.2e-05,0.448703
210,0.165624,-0.033261,0.313012,-0.702447,0.090209,-0.706028,-0.237992,-0.964603,0.113462,-0.669932,0.247612,0.699934,-0.0,-0.0,-0.0,0.0,0.0,0.0,0.472446,-0.173974,-0.054908,0.286736,-0.600546,-0.722775,0.341953,0.616702,-0.146681,0.773367,-0.508047,0.676222,0.533362,0.000166,0.004092,0.005939,-0.012091,0.097614,-0.172847,-1.404075,0.039688,0.026674,-0.013859,0.635264,0.703308,0.319056,-0.591062,0.176854,0.786999,0.497076,-0.688535,0.528047,8.6e-05,0.00233,0.003379,-0.0047,-0.011469,0.026904,-0.944924,0.085286,0.033913,-0.048873,0.720024,-0.016125,-0.69376,0.12804,0.985651,0.109978,0.682033,-0.168016,0.711758,-2e-06,1e-06,2e-06,2.4e-05,-1.2e-05,-3.8e-05,0.448867
211,0.16567,-0.033254,0.313003,-0.702387,0.090295,-0.706078,-0.238044,-0.964601,0.113369,-0.669977,0.247588,0.699899,-0.0,-0.0,-0.0,0.0,0.0,0.0,0.472412,-0.173961,-0.054848,0.287024,-0.598931,-0.723737,0.342751,0.618785,-0.146777,0.771684,-0.507425,0.675172,0.535282,0.000154,0.003815,0.005525,0.043146,-0.039836,0.007498,-1.403782,0.039694,0.026702,-0.013718,0.633661,0.704302,0.320048,-0.593397,0.177075,0.78519,0.496339,-0.68746,0.530136,6.1e-05,0.001622,0.002351,0.021126,-0.022437,-0.01521,-0.945414,0.085308,0.033916,-0.048878,0.719974,-0.016217,-0.69381,0.128094,0.985655,0.109886,0.682076,-0.167988,0.711724,0.0,-0.0,1e-06,2.8e-05,1.2e-05,-3.3e-05,0.44903
212,0.165693,-0.033255,0.313002,-0.702361,0.090332,-0.706098,-0.238074,-0.964597,0.113337,-0.669992,0.247589,0.699884,0.015195,-0.000387,-0.000699,0.000984,-0.014715,0.029553,0.472473,-0.173942,-0.054755,0.28723,-0.598559,-0.723474,0.343954,0.61936,-0.145842,0.771399,-0.507161,0.675657,0.534919,0.000112,0.002782,0.004023,8e-06,-5e-06,-3e-06,-1.404009,0.039704,0.026749,-0.013614,0.633355,0.704034,0.32124,-0.593835,0.175988,0.785103,0.496205,-0.688014,0.529543,5.9e-05,0.001577,0.002282,0.000715,-0.013174,0.025699,-0.944924,0.085314,0.033916,-0.048878,0.719964,-0.016237,-0.69382,0.128109,0.985655,0.10987,0.682084,-0.167987,0.711716,-1e-06,0.0,0.0,2.3e-05,-6e-06,-3.6e-05,0.449193
213,0.165681,-0.033255,0.313003,-0.702374,0.090313,-0.706088,-0.238059,-0.964599,0.113353,-0.669985,0.247588,0.699891,-0.0,-0.0,-0.0,0.0,0.0,0.0,0.472786,-0.173934,-0.054681,0.287428,-0.598162,-0.723192,0.345234,0.619964,-0.144833,0.771105,-0.506893,0.676175,0.534519,0.00014,0.003479,0.005023,0.001791,-0.014155,0.025037,-1.404163,0.039708,0.026783,-0.013519,0.632996,0.703757,0.322553,-0.594481,0.174993,0.784836,0.49589,-0.68855,0.529141,5.5e-05,0.001476,0.002128,-0.012223,0.098106,-0.172512,-0.937902,0.085314,0.033916,-0.048878,0.719964,-0.016237,-0.69382,0.128109,0.985655,0.10987,0.682084,-0.167987,0.711716,-1e-06,1e-06,0.0,2.3e-05,-6e-06,-3.7e-05,0.44952
214,0.16567,-0.033254,0.313003,-0.702387,0.090295,-0.706078,-0.238044,-0.964601,0.113369,-0.669977,0.247588,0.699899,-0.0,-0.0,-0.0,0.0,0.0,0.0,0.472405,-0.173907,-0.054641,0.287519,-0.597978,-0.723059,0.345831,0.620249,-0.144369,0.770962,-0.506762,0.676416,0.534337,0.000101,0.002521,0.003637,0.0,-0.0,-0.0,-1.404137,0.039721,0.026806,-0.01347,0.632835,0.703635,0.323135,-0.594773,0.174558,0.784712,0.495745,-0.688786,0.52897,5.8e-05,0.001508,0.002175,0.000119,0.000351,0.00023,-0.937086,0.085308,0.033916,-0.048878,0.719974,-0.016217,-0.69381,0.128094,0.985655,0.109886,0.682076,-0.167988,0.711724,0.0,-0.0,1e-06,2.6e-05,8e-06,-3.4e-05,0.449683
215,0.16567,-0.033254,0.313003,-0.702387,0.090295,-0.706078,-0.238044,-0.964601,0.113369,-0.669977,0.247588,0.699899,-0.0,-0.0,-0.0,0.0,0.0,0.0,0.472898,-0.173813,-0.054555,0.287761,-0.596281,-0.723968,0.346858,0.622498,-0.144361,0.769149,-0.506006,0.675446,0.536278,0.000172,0.004329,0.006234,0.002161,-0.014381,0.024882,-1.403872,0.039769,0.026845,-0.013355,0.631163,0.704638,0.324217,-0.597127,0.174632,0.782906,0.495047,-0.68774,0.53098,0.008557,-0.003186,0.006666,-0.05244,0.080951,-0.135247,-0.934636,0.085308,0.033916,-0.048878,0.719974,-0.016217,-0.69381,0.128094,0.985655,0.109886,0.682076,-0.167988,0.711724,-1e-06,-0.0,1e-06,2.6e-05,2e-06,-3.3e-05,0.449683
