frame,MLTx,MLTy,MLTz,MLTR1,MLTR2,MLTR3,MLTR4,MLTR5,MLTR6,MLTR7,MLTR8,MLTR9,MLTTVx,MLTTVy,MLTTVz,MLTRVx,MLTRVy,MLTRVz,MLGA,MRTx,MRTy,MRTz,MRTR1,MRTR2,MRTR3,MRTR4,MRTR5,MRTR6,MRTR7,MRTR8,MRTR9,MRTTVx,MRTTVy,MRTTVz,MRTRVx,MRTRVy,MRTRVz,MRGA,SLTx,SLTy,SLTz,SLTR1,SLTR2,SLTR3,SLTR4,SLTR5,SLTR6,SLTR7,SLTR8,SLTR9,SLTTVx,SLTTVy,SLTTVz,SLTRVx,SLTRVy,SLTRVz,SLGA,SRTx,SRTy,SRTz,SRTR1,SRTR2,SRTR3,SRTR4,SRTR5,SRTR6,SRTR7,SRTR8,SRTR9,SRTTVx,SRTTVy,SRTTVz,SRTRVx,SRTRVy,SRTRVz,SRGA
300,0.077779,0.030995,0.324412,-0.385451,0.416019,-0.823651,-0.922572,-0.156733,0.352515,0.018033,0.895239,0.44525,0.016591,0.013931,-0.004623,0.455816,-0.274649,-0.097482,0.199362,-0.099874,0.054562,0.303378,0.095759,-0.266169,0.959153,0.24749,0.939632,0.236163,-0.964206,0.215079,0.154629,-0.026734,-0.002802,0.01867,-0.047784,-0.001394,-0.03525,-1.401135,0.040003,0.043404,-0.031719,0.0186,0.199369,0.979747,-0.212604,-0.956718,0.198719,0.976961,-0.211994,0.024592,-0.014417,0.004134,0.005663,-0.039932,-0.015543,-0.019075,-0.828661,0.076768,0.036716,-0.079062,-0.323964,0.461404,-0.825925,-0.936864,-0.034975,0.34794,0.131654,0.8865,0.443604,0.008416,0.007231,-0.002174,4.714025,-2.689046,-1.548929,-0.27745
301,0.078329,0.031481,0.324308,-0.401896,0.388801,-0.829071,-0.914856,-0.209262,0.345281,-0.038754,0.896766,0.440835,0.017162,0.01562,-0.003125,0.037702,-0.053526,0.065596,0.368691,-0.101073,0.054423,0.303948,0.097215,-0.263555,0.959729,0.240636,0.941854,0.234391,-0.965796,0.208469,0.153759,-0.038412,-0.009349,0.014612,-0.039873,0.034974,-0.084764,-1.401905,0.039418,0.043337,-0.031434,0.017236,0.196767,0.980298,-0.206027,-0.958704,0.196055,0.978394,-0.205347,0.024015,-0.012728,-0.003932,0.00705,-0.036474,0.020196,-0.054468,-0.822456,0.077047,0.036955,-0.079117,-0.34457,0.435863,-0.83144,-0.935849,-0.089791,0.340769,0.073873,0.895522,0.438842,0.008554,0.007739,-0.001626,0.041054,-0.16777,0.22687,0.025128
302,0.078629,0.031791,0.324223,-0.408375,0.377981,-0.830906,-0.910722,-0.230462,0.342701,-0.061457,0.896207,0.439389,0.017983,0.025305,-0.012305,0.079424,-0.061275,0.051947,0.41992,-0.101743,0.05441,0.30411,0.102648,-0.259955,0.960145,0.229873,0.945259,0.231468,-0.96786,0.197258,0.155561,-0.040267,0.001104,0.006622,-5.292456,-1.212227,-1.151569,-1.401564,0.039058,0.043329,-0.031345,0.012229,0.19312,0.981098,-0.197291,-0.961418,0.191705,0.980268,-0.195906,0.026344,-0.020041,0.000474,0.003014,-5.295324,-1.194191,-1.148007,-0.822293,0.077199,0.037111,-0.079152,-0.352378,0.42597,-0.833293,-0.934449,-0.111319,0.338249,0.051322,0.897862,0.437274,0.008409,0.007365,-0.001967,0.069176,-0.065836,0.049971,0.184499
303,0.079284,0.032434,0.323811,-0.421496,0.359836,-0.832408,-0.901189,-0.268532,0.340178,-0.100602,0.893095,0.438506,0.016534,0.021369,-0.01581,4.671954,-1.93804,-2.367346,0.493811,-0.103495,0.054491,0.304272,0.105852,-0.251209,0.962123,0.218759,0.949683,0.224012,-0.970092,0.187056,0.154253,-0.052418,-0.003311,0.004452,-0.003663,0.039074,-0.097863,-1.401684,0.038201,0.04337,-0.031266,0.008797,0.184064,0.982874,-0.185558,-0.96554,0.182478,0.982593,-0.183986,0.02566,-0.027269,0.004079,-0.00126,0.027322,0.068733,-0.083465,-0.823925,0.077521,0.037429,-0.079347,-0.365352,0.411907,-0.834775,-0.930704,-0.144763,0.335905,0.017516,0.899653,0.436253,0.007577,0.005075,-0.004016,0.068416,-0.166328,0.193037,0.404615
304,0.080026,0.033049,0.323259,-0.430955,0.34675,-0.833119,-0.893055,-0.2963,0.338573,-0.128924,0.8895,0.438399,0.029343,0.01778,-0.01828,0.069278,-0.071371,0.087374,0.498947,-0.105905,0.05461,0.30417,0.114507,-0.23978,0.964046,0.197556,0.956489,0.214555,-0.973663,0.166166,0.155665,-0.066499,0.003299,-0.005209,0.134223,-0.118733,-0.546802,-1.402092,0.037001,0.043428,-0.031314,0.00214,0.1736,0.984813,-0.164942,-0.971265,0.17157,0.9863,-0.162804,0.026555,-0.039636,0.000549,-0.002625,0.209533,-0.484254,-0.596775,-0.823435,0.077903,0.03775,-0.079638,-0.378752,0.397869,-0.835611,-0.92535,-0.178887,0.334253,-0.016491,0.899832,0.435922,0.014653,0.008823,-0.009211,0.066729,-0.070747,0.090203,0.470748
305,0.080968,0.033744,0.322748,-0.428122,0.345506,-0.835094,-0.89397,-0.297351,0.335218,-0.131971,0.889635,0.437218,0.02905,0.009821,-0.007608,0.035333,-0.066986,0.096795,0.498347,-0.109036,0.055019,0.303741,0.12006,-0.228903,0.966013,0.176692,0.96239,0.206203,-0.977005,0.146197,0.154758,-0.093752,0.01044,-0.012687,0.051828,0.182523,-0.348327,-1.401989,0.035447,0.043626,-0.031529,-0.004953,0.16148,0.986862,-0.145798,-0.976446,0.159044,0.989301,-0.143095,0.028379,-0.041649,0.012639,-0.009193,0.108223,0.039925,-0.102578,-0.822456,0.078362,0.038088,-0.079895,-0.376106,0.396341,-0.837529,-0.926374,-0.179718,0.330956,-0.019347,0.900341,0.434753,0.008632,0.011831,-0.006887,0.066316,-0.055833,0.058931,0.481035
306,0.081467,0.034078,0.322496,-0.426649,0.344887,-0.836103,-0.894449,-0.297839,0.333503,-0.133479,0.889713,0.436601,0.029979,0.019923,-0.016373,0.069307,-0.071309,0.087378,0.499592,-0.11089,0.055383,0.303406,0.127357,-0.219945,0.967159,0.161908,0.966578,0.198612,-0.978651,0.131553,0.157478,-0.095652,0.022559,-0.019266,0.090629,-0.020369,-0.235309,-1.401664,0.034521,0.043803,-0.031695,-0.012021,0.152173,0.98828,-0.131954,-0.979949,0.149285,0.991182,-0.128613,0.031859,-0.047873,0.011468,-0.009393,-0.024642,0.078867,-0.370593,-0.822783,0.078612,0.038255,-0.080015,-0.374698,0.395557,-0.838531,-0.926914,-0.180077,0.329244,-0.020766,0.900614,0.434122,0.014329,0.004376,-0.004298,0.033692,-0.066342,0.097686,0.483158
307,0.082294,0.034653,0.322046,-0.428397,0.338837,-0.837681,-0.891554,-0.309369,0.330747,-0.146558,0.888109,0.435672,0.015366,0.011149,-0.007132,0.453134,-0.101717,-0.3117,0.512401,-0.1153,0.056463,0.302545,0.14901,-0.199628,0.968471,0.116392,0.976088,0.183409,-0.982086,0.085625,0.167446,-0.122746,0.032001,-0.024932,-5.163914,-0.996786,-1.449596,-1.401663,0.032326,0.044338,-0.032125,-0.032154,0.132672,0.990637,-0.094071,-0.987152,0.129152,0.995045,-0.089037,0.044222,-0.061445,0.016326,-0.012088,0.216848,-0.149305,-0.374465,-0.823599,0.079031,0.038545,-0.080244,-0.376859,0.389926,-0.840198,-0.925664,-0.191336,0.326397,-0.03349,0.900748,0.433048,0.007495,0.004998,-0.004091,1.436441,-0.590479,-0.685884,0.492955
308,0.082785,0.035008,0.321785,-0.427394,0.338376,-0.83838,-0.891801,-0.31008,0.329413,-0.147975,0.888037,0.435338,0.001973,0.013063,-0.006109,0.033686,-0.020912,0.014136,0.516443,-0.120367,0.057859,0.301571,0.177497,-0.178548,0.967785,0.071731,0.983083,0.168333,-0.981663,0.039749,0.186068,-0.137127,0.046162,-0.028306,0.21909,0.05853,-0.727695,-1.401749,0.029799,0.045026,-0.032615,-0.061752,0.110535,0.991951,-0.045685,-0.993119,0.107821,0.997045,-0.038659,0.066377,-0.061278,0.017947,-0.010849,0.193024,-0.113218,-0.609001,-0.815598,0.079276,0.038723,-0.080374,-0.376205,0.389204,-0.840826,-0.925862,-0.192501,0.325147,-0.035312,0.900812,0.432769,0.00687,-0.000439,-6.2e-05,-0.000286,-0.031028,0.053552,0.505855
309,0.082924,0.035032,0.321773,-0.426888,0.338244,-0.838691,-0.892007,-0.30998,0.328948,-0.148189,0.888122,0.435092,0.013425,-0.001747,-0.000877,0.000984,-0.014715,0.029553,0.518481,-0.123036,0.058699,0.301135,0.193708,-0.161954,0.967595,0.034216,0.986744,0.158428,-0.98064,0.002606,0.195448,-0.13742,0.051494,-0.023881,-0.273564,-0.631218,-0.224005,-1.401688,0.028466,0.045438,-0.03284,-0.076985,0.093218,0.992664,-0.010014,-0.995641,0.092721,0.996981,-0.002802,0.077583,-0.06867,0.0254,-0.012156,-1.477926,-2.156935,0.886208,-0.814454,0.079347,0.038741,-0.080382,-0.375701,0.389003,-0.841144,-0.926059,-0.192376,0.32466,-0.035522,0.900925,0.432516,0.000222,0.000637,0.000558,-0.000792,0.000312,0.000406,0.508794
310,0.082864,0.034982,0.321871,-0.430574,0.329748,-0.840189,-0.887291,-0.325175,0.327028,-0.164843,0.885893,0.433644,-0.012916,0.003227,0.00219,0.416915,-0.147946,-0.245241,0.521485,-0.128497,0.061038,0.300561,0.223311,-0.115813,0.967838,-0.071735,0.988222,0.134922,-0.972316,-0.099426,0.211138,-0.138638,0.06936,-0.008953,-5.196225,-1.229068,-1.946774,-1.401885,0.025738,0.046587,-0.033146,-0.104605,0.04993,0.993259,0.087338,-0.994418,0.059186,0.990671,0.09294,0.099661,-0.069345,0.03457,-0.004437,-0.404635,-0.469653,0.040048,-0.815271,0.079327,0.038714,-0.080334,-0.380181,0.381211,-0.842697,-0.923455,-0.207557,0.322722,-0.051882,0.900886,0.430941,6.8e-05,0.000192,0.000171,1.405864,-0.545496,-0.730007,0.51353
311,0.082342,0.035141,0.321999,-0.427376,0.315094,-0.847414,-0.883455,-0.34463,0.317347,-0.191525,0.883888,0.426717,-0.025517,0.007352,0.005165,4.801645,-2.2488,-1.78687,0.520186,-0.134221,0.063758,0.300583,0.245343,-0.072094,0.966747,-0.167982,0.978937,0.115753,-0.955007,-0.190716,0.226832,-0.148748,0.065577,0.005094,-0.363615,0.141883,-0.842412,-1.401772,0.022934,0.047932,-0.033135,-0.129181,0.003634,0.991614,0.184374,-0.982467,0.027619,0.974329,0.186396,0.126245,-0.074396,0.033188,0.002851,-5.41532,-1.017715,-1.419791,-0.808413,0.079075,0.038788,-0.080275,-0.379024,0.369469,-0.848429,-0.92253,-0.222834,0.315089,-0.072643,0.902129,0.425306,-0.012653,0.003987,0.002863,-0.004672,0.019961,-0.042724,0.515979
312,0.081909,0.035282,0.322114,-0.433525,0.307441,-0.847102,-0.876928,-0.360411,0.317922,-0.20703,0.880293,0.426908,-0.02495,0.008965,0.006586,0.00909,0.00846,-0.041353,0.506092,-0.13715,0.064974,0.300746,0.260139,-0.050374,0.964252,-0.196182,0.975005,0.103981,-0.945684,-0.216165,0.242524,-0.147915,0.0677,0.006355,-0.242605,-1.134604,-0.720233,-1.402288,0.021472,0.048549,-0.033052,-0.139402,-0.016051,0.990105,0.21141,-0.977298,0.013922,0.967405,0.211259,0.139631,-0.073993,0.034296,0.003561,-5.066322,-0.884353,-2.344578,-0.798452,0.078862,0.038855,-0.08022,-0.386135,0.359241,-0.849613,-0.917546,-0.244346,0.313693,-0.094909,0.900688,0.423971,-0.012538,0.004315,0.003153,0.124304,-0.015668,-0.124369,0.512713
313,0.080649,0.035911,0.322561,-0.467318,0.278214,-0.8392,-0.842106,-0.429139,0.326603,-0.268694,0.858976,0.435878,-0.034758,0.020849,0.016367,0.085454,0.119764,-0.295746,0.497059,-0.142692,0.06744,0.301396,0.294513,0.000523,0.955643,-0.265198,0.960724,0.081324,-0.918405,-0.277395,0.281864,-0.145475,0.066895,0.020946,0.008962,-1.163669,-0.695513,-1.402597,0.018587,0.049824,-0.032723,-0.177841,-0.06907,0.981632,0.278627,-0.960247,-0.017087,0.943789,0.27047,0.190015,-0.072843,0.033874,0.010944,0.015009,-1.269409,-0.698723,-0.801391,0.07821,0.039165,-0.080002,-0.423692,0.334618,-0.841733,-0.891749,-0.317162,0.322785,-0.158957,0.887377,0.432774,-0.017264,0.010789,0.008515,0.080398,0.122629,-0.303189,0.490016
314,0.078766,0.036958,0.323506,-0.505366,0.276998,-0.817266,-0.820375,-0.447934,0.355405,-0.267013,0.849729,0.454634,-0.057864,0.034221,0.026587,-0.126698,0.567162,-0.731674,0.454149,-0.147338,0.06961,0.302663,0.330265,0.073701,0.941002,-0.34649,0.936771,0.048361,-0.878323,-0.342119,0.333716,-0.102828,0.038516,0.041289,0.129356,-1.148129,-1.224445,-1.403014,0.016302,0.050903,-0.032097,-0.214091,-0.139894,0.966743,0.35518,-0.933096,-0.056368,0.909951,0.331301,0.249455,-0.051531,0.019725,0.021141,-0.255394,-0.966753,-0.871995,-0.804004,0.077291,0.039676,-0.079539,-0.461059,0.338074,-0.820444,-0.873025,-0.338386,0.351171,-0.158906,0.878179,0.451163,-0.02299,0.010522,0.016677,-0.439775,1.903,-2.327761,0.468788
315,0.076632,0.038005,0.32494,-0.521866,0.287689,-0.803079,-0.813079,-0.452525,0.36619,-0.257422,0.843712,0.471075,-0.056918,0.02879,0.039094,0.197479,0.648832,-0.147594,0.284345,-0.151095,0.070595,0.304463,0.350133,0.115798,0.92951,-0.36708,0.92988,0.022554,-0.86213,-0.349254,0.3669,-0.086615,0.012771,0.050456,0.139277,-0.93549,-0.733186,-1.402602,0.014416,0.051415,-0.031192,-0.234761,-0.181436,0.95497,0.372334,-0.924282,-0.084075,0.897916,0.33583,0.28454,-0.043351,0.006275,0.025227,0.045262,-0.506351,-0.346816,-0.809882,0.076224,0.040204,-0.078825,-0.477136,0.34922,-0.806464,-0.865947,-0.343362,0.363643,-0.149918,0.871863,0.466237,-0.028383,0.014674,0.019821,0.214278,0.57223,0.050746,0.326072
316,0.075512,0.038633,0.325732,-0.524511,0.292698,-0.799538,-0.811825,-0.454965,0.36595,-0.256003,0.840665,0.477254,-0.05531,0.032698,0.042302,0.085336,0.447968,-0.256315,0.134813,-0.152642,0.070919,0.305406,0.3567,0.126085,0.925667,-0.36864,0.929406,0.015583,-0.858773,-0.346961,0.376815,-0.074097,0.014264,0.050067,0.033765,-0.495682,-0.296,-1.402856,0.013638,0.051574,-0.030721,-0.242629,-0.193464,0.950632,0.372943,-0.923212,-0.092698,0.895569,0.33204,0.296149,-0.037092,0.00705,0.025045,0.050859,-0.549603,-0.342459,-0.811515,0.075642,0.040527,-0.078416,-0.478557,0.356566,-0.802397,-0.865316,-0.346615,0.362055,-0.149026,0.867593,0.474418,-0.027562,0.016671,0.021464,0.074617,0.440931,-0.26281,0.177315
317,0.072817,0.04072,0.327631,-0.558432,0.266195,-0.78571,-0.761456,-0.540318,0.358069,-0.328529,0.797908,0.505409,-0.085918,0.068424,0.052883,1.794951,0.167686,-0.966162,-0.054761,-0.154846,0.071485,0.307256,0.367715,0.146864,0.918264,-0.371724,0.928308,0.00051,-0.852788,-0.34172,0.39477,-0.035599,0.001267,0.051642,0.79061,1.43274,-2.049102,-1.403149,0.012521,0.051868,-0.029791,-0.256806,-0.2125,0.942811,0.374315,-0.921258,-0.105685,0.891031,0.325768,0.316127,-0.024552,0.006405,0.02305,0.033536,-0.490957,-0.203613,-0.811189,0.074323,0.041535,-0.077495,-0.515132,0.334825,-0.789005,-0.826946,-0.436212,0.354791,-0.225382,0.83523,0.501589,-0.036331,0.033285,0.026128,5.268197,-1.199634,-2.957172,-0.126079
318,0.069755,0.043488,0.329914,-0.595848,0.232296,-0.768797,-0.686014,-0.644949,0.336744,-0.416876,0.727763,0.544611,-0.082949,0.066092,0.067089,0.658739,0.954019,0.256405,-0.099924,-0.156132,0.071699,0.309085,0.367691,0.169325,0.914398,-0.375943,0.926386,-0.020248,-0.850945,-0.336537,0.40311,-0.024215,0.010007,0.041163,-0.01844,-0.219883,-0.183387,-1.403259,0.011882,0.051974,-0.028889,-0.254596,-0.235774,0.937865,0.375564,-0.917805,-0.128779,0.89114,0.319442,0.322218,-0.012115,0.004599,0.020307,0.001785,-0.278353,-0.244917,-0.810862,0.072794,0.042927,-0.076353,-0.557519,0.304794,-0.772186,-0.764323,-0.551495,0.334158,-0.324008,0.7765,0.54043,-0.040486,0.039255,0.030207,1.156588,1.077599,0.265046,-0.251486
319,0.068116,0.044852,0.33119,-0.601417,0.245121,-0.760433,-0.675235,-0.664694,0.319706,-0.426347,0.70544,0.566223,-0.083891,0.055199,0.074516,0.628602,1.183606,0.436527,-0.090468,-0.15653,0.071776,0.309909,0.368592,0.178438,0.9123,-0.378163,0.925278,-0.028064,-0.849572,-0.334885,0.407361,-0.024073,0.008761,0.040049,0.054666,-0.520709,-0.444734,-1.403369,0.011679,0.052006,-0.028475,-0.254721,-0.242688,0.936065,0.376815,-0.91639,-0.135048,0.890576,0.318324,0.324872,-0.011415,-0.002418,0.022676,-0.097891,-0.031212,-0.031257,-0.810372,0.071977,0.04362,-0.075712,-0.561522,0.317745,-0.764021,-0.755953,-0.572469,0.31751,-0.336492,0.755854,0.561655,-0.041014,0.033599,0.033754,0.732426,1.294818,0.547759,-0.265856
320,0.06492,0.047171,0.334113,-0.606655,0.292868,-0.739083,-0.673824,-0.682746,0.282473,-0.42113,0.669009,0.612457,-0.082941,0.048057,0.084426,0.72224,1.36038,0.529671,-0.081002,-0.156761,0.071945,0.31147,0.360988,0.183874,0.914259,-0.364949,0.930007,-0.042818,-0.858563,-0.31844,0.401656,0.000331,0.007695,0.036795,-0.030193,-0.087425,-0.038666,-1.40311,0.01155,0.052095,-0.027678,-0.247939,-0.250301,0.935882,0.361936,-0.920026,-0.150174,0.898625,0.301495,0.318703,0.000128,0.003974,0.018508,-0.002999,0.075746,-0.160566,-0.809393,0.070381,0.044784,-0.074253,-0.560698,0.365813,-0.742831,-0.756768,-0.590472,0.280436,-0.336034,0.71939,0.607913,-0.040428,0.030197,0.038844,0.873108,1.505092,0.702157,-0.264223
321,0.061805,0.049204,0.337503,-0.613249,0.336173,-0.714813,-0.665429,-0.707451,0.238097,-0.424896,0.621249,0.658437,-0.080042,0.052721,0.086914,1.981253,-0.377754,2.352733,-0.087371,-0.156375,0.07208,0.312757,0.366604,0.207238,0.906998,-0.353807,0.932662,-0.069968,-0.860853,-0.295522,0.41408,0.012803,0.001838,0.031163,1.573568,-0.660176,0.053739,-1.403394,0.011738,0.052168,-0.02703,-0.25342,-0.272638,0.928141,0.349348,-0.920504,-0.175009,0.902072,0.279893,0.32852,0.012562,0.000823,0.014812,5.128311,-1.157504,1.446467,-0.809556,0.068852,0.04578,-0.07259,-0.563747,0.408206,-0.718022,-0.75095,-0.615278,0.239805,-0.343893,0.674388,0.653404,-0.039876,0.026888,0.043952,2.049903,1.110881,-0.433379,-0.263733
322,0.058883,0.050608,0.341293,-0.609294,0.361184,-0.705941,-0.662095,-0.721615,0.202173,-0.435644,0.59013,0.679697,-0.070682,0.019653,0.110093,0.496666,0.062732,0.742245,-0.122544,-0.155565,0.071903,0.313966,0.370319,0.237541,0.898014,-0.354758,0.929615,-0.099479,-0.858873,-0.282047,0.427375,0.026267,-0.012842,0.034527,0.010877,-0.462275,-0.543138,-1.403938,0.012148,0.052076,-0.026416,-0.258871,-0.302685,0.91726,0.34513,-0.915928,-0.204842,0.902147,0.263546,0.341573,0.013132,-0.006705,0.017046,0.009784,-0.480659,-0.55095,-0.814944,0.067358,0.046514,-0.070671,-0.554907,0.435734,-0.708669,-0.749999,-0.630628,0.19952,-0.359969,0.642217,0.67674,-0.035321,0.01002,0.05528,1.289779,-1.099081,1.819237,-0.281042
323,0.057513,0.050849,0.343489,-0.608034,0.364272,-0.70544,-0.660446,-0.725167,0.194719,-0.439881,0.583844,0.682391,-0.072925,0.007038,0.116309,0.17195,0.28634,0.472608,-0.12386,-0.155084,0.071681,0.314617,0.375807,0.252837,0.891535,-0.358777,0.92671,-0.111449,-0.854815,-0.278307,0.437835,0.026349,-0.014129,0.033557,0.065105,-0.698744,-0.781831,-1.403806,0.012378,0.05197,-0.026104,-0.264116,-0.315696,0.911361,0.347544,-0.912586,-0.215402,0.899697,0.259847,0.350747,0.013156,-0.007083,0.016754,-0.028596,-0.2713,-0.411102,-0.817067,0.066676,0.046645,-0.069571,-0.55302,0.437452,-0.709086,-0.748839,-0.634073,0.192849,-0.365251,0.637641,0.678236,-0.036585,0.00338,0.058129,0.390093,-0.098328,0.683623,-0.290186
324,0.055006,0.05075,0.34804,-0.603938,0.365015,-0.708568,-0.656257,-0.73222,0.182078,-0.451621,0.574509,0.682645,-0.063151,-0.009737,0.119713,-0.128086,0.06178,0.34276,-0.09272,-0.153994,0.071295,0.315841,0.384144,0.275284,0.881274,-0.365458,0.921875,-0.128535,-0.848261,-0.273049,0.453609,0.026193,-0.012235,0.034903,-0.013876,-0.432042,-0.251192,-1.404255,0.012924,0.051769,-0.025497,-0.274532,-0.339596,0.899614,0.352193,-0.90606,-0.234551,0.894758,0.252446,0.368346,0.012484,-0.000587,0.013812,0.01853,-0.351736,-0.453186,-0.81919,0.065421,0.046606,-0.067292,-0.548709,0.438658,-0.711686,-0.745573,-0.641876,0.179206,-0.378204,0.628946,0.679254,-0.03153,-0.004625,0.060106,-0.048411,0.034608,0.31816,-0.281369
325,0.052811,0.050115,0.352635,-0.584972,0.373092,-0.720178,-0.654902,-0.741069,0.147962,-0.477777,0.557732,0.678743,-0.042367,-0.032291,0.119758,0.201804,0.231685,0.920068,-0.102106,-0.15313,0.071076,0.316997,0.389137,0.290415,0.874198,-0.37086,0.918074,-0.139776,-0.843631,-0.270189,0.463841,0.012998,-0.00279,0.027482,-0.05757,-0.013502,-0.207509,-1.404184,0.013361,0.051658,-0.024915,-0.280619,-0.354456,0.891971,0.3561,-0.901435,-0.246186,0.891316,0.248547,0.379181,0.011833,0.005367,0.010453,-0.009458,-0.114196,0.040037,-0.825885,0.064318,0.046302,-0.064992,-0.529221,0.442464,-0.723981,-0.744925,-0.650798,0.146793,-0.406215,0.616998,0.674019,-0.026536,-0.009107,0.056768,0.541839,-0.166735,1.326571,-0.276307
326,0.051913,0.049464,0.354965,-0.574406,0.380132,-0.724984,-0.655717,-0.743807,0.129451,-0.489332,0.549267,0.677413,-0.042741,-0.033155,0.119025,0.046736,0.067339,0.700285,-0.110843,-0.152754,0.071058,0.31749,0.38753,0.294156,0.873661,-0.372029,0.91701,-0.143599,-0.843853,-0.269759,0.463685,0.025072,-0.002827,0.026352,-0.072339,0.047145,-0.114015,-1.404153,0.013553,0.05165,-0.024657,-0.278798,-0.357884,0.891173,0.356817,-0.90014,-0.249857,0.891601,0.248326,0.378656,0.012526,-0.001491,0.013106,-0.080696,0.093662,-0.069639,-0.828824,0.063852,0.045962,-0.063783,-0.51728,0.45015,-0.727863,-0.746358,-0.653451,0.126295,-0.418771,0.608577,0.67399,-0.021544,-0.016828,0.059377,0.00905,0.039721,0.664668,-0.279899
327,0.050435,0.048,0.359611,-0.564111,0.408441,-0.717634,-0.665451,-0.739394,0.102193,-0.488179,0.534687,0.689795,-0.042406,-0.032462,0.119363,0.085323,0.438403,0.777326,-0.126963,-0.152089,0.071037,0.318424,0.389157,0.292857,0.873374,-0.373184,0.916936,-0.14105,-0.842595,-0.271417,0.465004,0.025151,-0.00429,0.02524,-0.064871,-0.044083,0.068471,-1.404352,0.013877,0.051641,-0.024199,-0.280149,-0.356149,0.891444,0.358226,-0.900335,-0.247123,0.890612,0.250107,0.37981,0.006588,-0.002968,0.01255,-0.0686,-0.026972,0.039966,-0.83209,0.063127,0.045237,-0.061508,-0.503998,0.475752,-0.720863,-0.754976,-0.64806,0.100144,-0.419519,0.594708,0.685803,-0.015359,-0.018481,0.058323,0.223239,0.526284,1.076088,-0.291983
328,0.049003,0.046749,0.364127,-0.561142,0.436403,-0.703362,-0.680009,-0.72751,0.09105,-0.471277,0.528837,0.705873,-0.030156,-0.029282,0.105859,0.120857,0.554843,0.636663,-0.117923,-0.151731,0.070972,0.319203,0.395897,0.291739,0.870716,-0.374029,0.917189,-0.137115,-0.83908,-0.271766,0.471116,0.010773,0.015813,0.01024,0.066583,-0.375236,0.061394,-1.404127,0.014061,0.051601,-0.02381,-0.286537,-0.354185,0.890195,0.359664,-0.900964,-0.242701,0.887996,0.250628,0.385548,0.005386,0.007752,0.004999,0.099565,-0.557245,-0.104471,-0.83307,0.062425,0.044627,-0.059281,-0.497607,0.5023,-0.707163,-0.767748,-0.634457,0.089582,-0.403668,0.587501,0.701351,-0.016127,-0.020195,0.05706,-0.210736,-0.004886,0.51711,-0.294269
329,0.04797,0.045603,0.367852,-0.562125,0.449594,-0.694209,-0.688381,-0.719559,0.091318,-0.457776,0.52865,0.714841,-0.018009,-0.019519,0.081073,-0.159391,0.067395,0.166676,-0.101648,-0.151591,0.071661,0.319608,0.407558,0.285047,0.867546,-0.374036,0.918775,-0.126031,-0.833487,-0.273497,0.47996,-0.002766,0.029638,0.00592,0.040183,-0.048905,0.063085,-1.40363,0.014136,0.051934,-0.023605,-0.299233,-0.348183,0.888385,0.361047,-0.903136,-0.232354,0.883235,0.251221,0.395959,-0.000726,0.008682,0.006167,0.006137,-0.029487,0.042569,-0.836172,0.061891,0.044046,-0.057365,-0.496481,0.51753,-0.696898,-0.775423,-0.625266,0.088089,-0.390159,0.584126,0.711738,-0.010136,-0.015487,0.044561,-0.228002,0.029942,0.125702,-0.285124
330,0.047576,0.045136,0.369528,-0.562817,0.452736,-0.691601,-0.690526,-0.717381,0.092254,-0.453681,0.528924,0.717245,-0.016665,-0.009857,0.071762,-0.157552,0.096969,-0.020069,-0.099743,-0.151633,0.07204,0.319832,0.414368,0.281397,0.865509,-0.374896,0.919325,-0.119278,-0.829741,-0.275416,0.485325,-0.001371,0.016546,0.011723,-1.221502,-1.787087,1.797533,-1.403737,0.014115,0.052126,-0.023497,-0.303988,-0.34564,0.887763,0.36206,-0.903858,-0.227929,0.881194,0.252136,0.399905,-0.000724,0.008648,0.006125,0.007438,-0.030552,0.0393,-0.838458,0.061698,0.043813,-0.056556,-0.496579,0.520511,-0.694605,-0.777311,-0.622786,0.089013,-0.386258,0.584127,0.713862,-0.009489,-0.010706,0.039883,-0.215729,0.080601,-0.054112,-0.281205
331,0.046847,0.044644,0.372275,-0.566072,0.453262,-0.688594,-0.692248,-0.714897,0.098423,-0.446964,0.531825,0.719314,-0.016727,-0.003317,0.060232,-0.132803,0.061489,-0.014046,-0.092137,-0.151685,0.072571,0.320242,0.418062,0.279248,0.864428,-0.374592,0.919885,-0.115867,-0.828027,-0.275729,0.488065,-0.001097,0.013237,0.00933,-0.092939,-0.30114,0.333633,-1.404049,0.014088,0.052403,-0.023284,-0.309692,-0.342501,0.887008,0.362796,-0.904859,-0.222727,0.878902,0.252826,0.404486,-0.00057,0.006787,0.004785,-0.402874,-0.617976,0.625755,-0.834213,0.061332,0.043557,-0.055171,-0.499793,0.521091,-0.69186,-0.778742,-0.620021,0.095572,-0.379166,0.586547,0.715678,-0.009505,-0.007411,0.034152,-0.166185,0.097227,-0.053719,-0.275817
332,0.046145,0.044572,0.374283,-0.567721,0.453816,-0.686869,-0.693683,-0.712971,0.102214,-0.442632,0.533931,0.720432,-0.030226,0.004067,0.049029,-0.101166,0.082809,-0.079723,-0.074535,-0.151743,0.073326,0.320603,0.423192,0.270187,0.864812,-0.372733,0.921887,-0.105491,-0.826264,-0.27805,0.489734,-0.001547,0.018635,0.013059,-0.032432,-0.066427,0.106524,-1.403877,0.01406,0.052767,-0.023113,-0.314904,-0.333089,0.888755,0.36218,-0.90771,-0.211865,0.877302,0.255173,0.406479,-0.001448,0.015522,0.003366,-0.075372,-0.225891,0.220974,-0.833396,0.060969,0.043521,-0.054121,-0.501443,0.521874,-0.690073,-0.779981,-0.617836,0.099531,-0.37441,0.588154,0.716861,-0.015296,0.001722,0.024319,-0.100918,0.08275,-0.080089,-0.266019
333,0.045728,0.044663,0.37505,-0.569105,0.453636,-0.685842,-0.693685,-0.71269,0.104143,-0.440848,0.53446,0.721134,-0.018642,0.005903,0.034759,-0.067264,0.045751,-0.03643,-0.069517,-0.151736,0.073775,0.320879,0.424658,0.263252,0.86623,-0.371493,0.92318,-0.098307,-0.826071,-0.280393,0.488722,-0.000482,0.009487,0.02161,-0.10057,0.258124,0.264983,-1.404171,0.014063,0.052994,-0.022979,-0.316898,-0.327417,0.890153,0.361848,-0.909274,-0.205631,0.876721,0.256936,0.406623,0.004984,0.011903,0.007792,-0.092961,0.400199,0.451598,-0.833723,0.060769,0.043568,-0.053748,-0.502813,0.521868,-0.68908,-0.779948,-0.617574,0.101405,-0.372638,0.588435,0.717554,-0.015515,0.004578,0.018339,-0.068042,0.060421,-0.066285,-0.260794
334,0.044638,0.044901,0.376135,-0.571887,0.450756,-0.685427,-0.692932,-0.712632,0.109425,-0.438428,0.536968,0.720745,-0.033884,0.009565,0.021214,-0.035626,0.052298,-0.077333,-0.059391,-0.151656,0.074377,0.32159,0.433045,0.260071,0.863033,-0.376725,0.922034,-0.088688,-0.819326,-0.287057,0.49615,-0.000333,0.007605,0.020195,-0.05575,-0.146221,0.158841,-1.404236,0.014103,0.053308,-0.022608,-0.325149,-0.323267,0.888692,0.3682,-0.908874,-0.195894,0.871037,0.263522,0.414547,-0.000174,0.003765,0.010073,-0.05322,-0.144996,0.15313,-0.832253,0.060218,0.043692,-0.053191,-0.505986,0.519334,-0.688672,-0.779214,-0.617594,0.106775,-0.369868,0.59065,0.717167,-0.017233,0.004207,0.010244,-0.032951,0.056043,-0.075589,-0.252956
335,0.043118,0.045026,0.376812,-0.574885,0.445356,-0.686448,-0.691473,-0.71293,0.116479,-0.436806,0.541065,0.718663,-0.050344,0.004136,0.017384,-0.044945,0.068497,-0.139088,-0.055946,-0.151477,0.074972,0.322271,0.441823,0.25447,0.860249,-0.374226,0.923764,-0.080923,-0.815787,-0.286504,0.502265,0.00995,0.023173,0.014912,0.021637,-0.176579,0.227664,-1.404278,0.014192,0.053601,-0.022271,-0.334198,-0.31765,0.887361,0.366662,-0.911146,-0.188072,0.868257,0.262509,0.420973,0.004955,0.011709,0.007538,0.022162,-0.176049,0.227078,-0.829804,0.059476,0.043751,-0.05286,-0.50956,0.514137,-0.689935,-0.777872,-0.617998,0.113978,-0.367779,0.59476,0.714841,-0.019497,-0.000568,0.007108,-0.022023,-0.000685,0.053176,-0.245118
336,0.041365,0.045113,0.377389,-0.578312,0.439701,-0.687214,-0.689652,-0.713461,0.123792,-0.435157,0.544979,0.716703,-0.038867,-0.000735,0.014412,-0.040802,0.05887,-0.106683,-0.067858,-0.151221,0.075347,0.323116,0.447511,0.252254,0.857958,-0.377207,0.92309,-0.074519,-0.811305,-0.290606,0.507144,0.000947,-0.004236,0.026742,-0.06894,-0.013833,0.009908,-1.404281,0.01432,0.053796,-0.021854,-0.340114,-0.315379,0.885922,0.370353,-0.91087,-0.182078,0.864384,0.266177,0.426602,0.000462,-0.002146,0.013352,-0.053714,-0.138004,0.164816,-0.83209,0.05859,0.043786,-0.052578,-0.513708,0.508981,-0.690681,-0.776152,-0.618769,0.121291,-0.365638,0.598383,0.712913,-0.025634,0.001227,0.008151,-0.022651,0.101031,-0.122372,-0.248874
337,0.040283,0.045224,0.377711,-0.577876,0.442254,-0.685941,-0.692827,-0.710022,0.125819,-0.430677,0.547393,0.717568,-0.062509,0.008106,0.019677,-0.068399,0.101885,-0.129239,-0.071233,-0.151119,0.075314,0.323608,0.452396,0.255213,0.854515,-0.377542,0.922864,-0.075614,-0.808439,-0.288738,0.512757,0.001043,-0.005387,0.025931,0.038898,-0.477016,-0.118891,-1.404249,0.014366,0.053778,-0.021615,-0.344166,-0.316683,0.883889,0.370575,-0.91079,-0.182028,0.862684,0.264899,0.430817,0.000526,-0.002935,0.012799,0.053467,-0.45626,-0.358857,-0.834866,0.058056,0.043834,-0.052422,-0.512916,0.511672,-0.68928,-0.778876,-0.614983,0.123068,-0.360925,0.599988,0.713965,-0.025447,0.001676,0.008441,-0.137022,0.105022,-0.021463,-0.253609
338,0.038069,0.045603,0.378362,-0.580518,0.443498,-0.682901,-0.694262,-0.707784,0.130439,-0.424782,0.549279,0.719639,-0.061952,0.009465,0.020519,-0.037553,0.096503,-0.161234,-0.066892,-0.150662,0.075278,0.324521,0.462584,0.263658,0.846459,-0.378654,0.922028,-0.080128,-0.802138,-0.28379,0.525263,0.012896,-0.005283,0.024945,0.038986,-0.395136,-0.303136,-1.40426,0.014599,0.053761,-0.021141,-0.356202,-0.325833,0.875758,0.371174,-0.909456,-0.187401,0.857525,0.258306,0.444891,0.006435,-0.002663,0.012451,0.055277,-0.463231,-0.361702,-0.840581,0.056948,0.04402,-0.052099,-0.515355,0.513321,-0.686229,-0.780074,-0.612528,0.127643,-0.354813,0.601091,0.716098,-0.031034,0.004631,0.010226,-0.037392,0.096541,-0.161432,-0.254262
339,0.035744,0.046137,0.379179,-0.580509,0.448252,-0.679798,-0.699896,-0.701322,0.135148,-0.415461,0.553682,0.721703,-0.059862,0.013796,0.023315,-0.03747,0.096664,-0.161158,-0.067308,-0.150191,0.075099,0.325436,0.468693,0.270317,0.840979,-0.384803,0.919408,-0.080932,-0.795641,-0.286029,0.533859,0.014317,-0.018345,0.030872,-0.09943,-0.032429,0.009783,-1.403955,0.01483,0.053677,-0.020696,-0.363333,-0.333012,0.87011,0.377114,-0.906573,-0.189495,0.851922,0.259281,0.454972,-5.1e-05,0.001915,0.008645,-0.023823,-0.116497,0.210795,-0.840255,0.055782,0.044282,-0.051694,-0.514732,0.518056,-0.683131,-0.784873,-0.605364,0.132313,-0.344998,0.604277,0.718209,-0.029759,0.007266,0.011936,-0.036924,0.082465,-0.136475,-0.25263
340,0.034579,0.046413,0.379686,-0.578001,0.454064,-0.678074,-0.706783,-0.693869,0.137754,-0.407233,0.558306,0.72283,-0.060878,0.005133,0.033285,-0.069959,0.119917,-0.174454,-0.075961,-0.150093,0.074996,0.325879,0.471287,0.27165,0.839099,-0.385337,0.919177,-0.08101,-0.793851,-0.285508,0.536795,0.011612,0.005839,0.017624,0.02659,-0.306784,0.093289,-1.404254,0.014884,0.053616,-0.020464,-0.365866,-0.333716,0.868777,0.377666,-0.90642,-0.18913,0.850593,0.258911,0.457661,0.005795,0.002877,0.008778,0.030705,-0.322921,0.079388,-0.837642,0.0552,0.044422,-0.051444,-0.511472,0.523514,-0.681416,-0.790775,-0.597067,0.134846,-0.336257,0.607817,0.719366,-0.029207,0.008371,0.012649,-0.036767,0.082512,-0.136597,-0.254752
341,0.032179,0.047037,0.380885,-0.57038,0.471123,-0.67287,-0.724332,-0.674758,0.141479,-0.386668,0.567489,0.72696,-0.068332,0.024774,0.030125,0.087049,0.297416,-0.046936,-0.095633,-0.149916,0.075051,0.326629,0.477053,0.273833,0.835121,-0.385452,0.919125,-0.081055,-0.790348,-0.283586,0.542947,0.01163,0.005419,0.017293,-0.024071,-0.060761,0.03959,-1.404175,0.014968,0.053642,-0.020096,-0.372228,-0.336121,0.86514,0.377781,-0.906281,-0.189564,0.847777,0.256273,0.464323,-4.5e-05,0.001841,0.008562,-0.020711,-0.119719,0.170226,-0.83307,0.054023,0.044718,-0.050855,-0.501749,0.538715,-0.676781,-0.805736,-0.57571,0.13909,-0.314701,0.615096,0.722924,-0.029164,0.005121,0.018329,0.095794,0.512708,0.165164,-0.266183
342,0.029935,0.047813,0.382286,-0.569697,0.480591,-0.666726,-0.730431,-0.667912,0.142606,-0.376077,0.567638,0.73238,-0.065914,0.022558,0.044246,0.017356,0.284461,-0.027293,-0.109066,-0.149846,0.075256,0.327275,0.477688,0.273062,0.83501,-0.384686,0.919496,-0.080483,-0.790338,-0.283125,0.543203,-0.001472,0.016294,0.010781,0.004408,-0.035733,0.045004,-1.404035,0.015008,0.05374,-0.019771,-0.372703,-0.335002,0.86537,0.377071,-0.906772,-0.18863,0.847885,0.256003,0.464276,-4e-05,0.001779,0.008499,-0.033013,-0.024342,0.028717,-0.837805,0.052852,0.045117,-0.050136,-0.500008,0.548689,-0.670023,-0.810868,-0.568304,0.139723,-0.304113,0.613163,0.729071,-0.032791,0.011642,0.022397,0.033452,0.306305,-0.017167,-0.27794
343,0.028005,0.048545,0.383966,-0.561378,0.497584,-0.661295,-0.74547,-0.651019,0.142903,-0.358718,0.572576,0.737229,-0.040831,0.016276,0.040629,0.068726,0.28017,0.018016,-0.114547,-0.149873,0.075526,0.327882,0.479261,0.272059,0.834436,-0.384669,0.919651,-0.078769,-0.789395,-0.283583,0.544334,-5.9e-05,0.003566,0.016953,-0.03446,-0.006978,0.004935,-1.404257,0.014994,0.053881,-0.019469,-0.374367,-0.333952,0.865057,0.377228,-0.907061,-0.186916,0.847081,0.256349,0.46555,-8.7e-05,0.002296,0.008814,-0.032349,-0.024795,0.027416,-0.841724,0.051906,0.045484,-0.049307,-0.489542,0.564226,-0.664828,-0.823642,-0.549528,0.140109,-0.286288,0.61617,0.733738,-0.020297,0.00841,0.020527,0.13324,0.377662,0.073321,-0.282675
344,0.027248,0.048807,0.384795,-0.556405,0.506296,-0.65888,-0.753252,-0.642054,0.142654,-0.350125,0.575043,0.739435,-0.029429,0.011037,0.037478,-0.010567,0.193765,0.035416,-0.123014,-0.149875,0.075601,0.328205,0.480959,0.273974,0.832831,-0.385198,0.919337,-0.079842,-0.788105,-0.282758,0.546627,-5.9e-05,0.00357,0.016932,-0.024975,-0.0487,0.007848,-1.404274,0.014993,0.053919,-0.019302,-0.376375,-0.336044,0.863374,0.377676,-0.906603,-0.188228,0.845991,0.255232,0.468139,-3.4e-05,0.001727,0.008427,-0.031536,-0.022603,0.030311,-0.841724,0.051536,0.045617,-0.048903,-0.483497,0.572457,-0.66221,-0.83015,-0.539814,0.139463,-0.277634,0.617164,0.736224,-0.020559,0.007872,0.02015,-0.264592,0.341157,0.37873,-0.286104
345,0.026122,0.0492,0.386233,-0.555087,0.517747,-0.651047,-0.75737,-0.638185,0.138139,-0.343283,0.569115,0.747189,-0.031366,0.000668,0.04633,0.241875,0.577202,0.184691,-0.145135,-0.149861,0.075566,0.328848,0.487356,0.27914,0.827379,-0.387175,0.918349,-0.081632,-0.783195,-0.280918,0.554575,0.001569,-0.011526,0.021604,0.024099,-0.380318,-0.070933,-1.403904,0.015,0.053904,-0.018978,-0.383149,-0.340506,0.858633,0.379433,-0.905543,-0.189794,0.842156,0.253075,0.476157,0.000781,-0.00584,0.010752,0.035641,-0.414804,-0.104295,-0.84303,0.050964,0.045823,-0.048172,-0.481012,0.582242,-0.655454,-0.833657,-0.535174,0.136391,-0.27137,0.61203,0.742816,-0.008856,0.003233,0.017394,-0.06733,0.049517,-0.032884,-0.299004
346,0.025283,0.049504,0.387675,-0.556986,0.521875,-0.646111,-0.757517,-0.638148,0.137499,-0.339871,0.565373,0.751577,-0.005856,0.002042,0.032099,-0.044368,0.063637,0.01027,-0.150099,-0.149857,0.075719,0.329449,0.496667,0.27957,0.821678,-0.387655,0.918459,-0.07804,-0.777092,-0.280129,0.563488,-0.000107,0.00408,0.017182,-0.001206,-0.202865,0.140279,-1.40407,0.015002,0.053972,-0.018689,-0.393212,-0.341187,0.8538,0.380389,-0.905771,-0.18677,0.837071,0.251336,0.485943,-0.000723,0.007869,0.00511,0.015438,-0.053721,-0.007246,-0.844337,0.050541,0.045972,-0.047458,-0.48206,0.588445,-0.649113,-0.833905,-0.53541,0.133925,-0.268734,0.60586,0.748808,-0.008773,0.003334,0.017415,-0.067141,0.04923,-0.033457,-0.309618
347,0.024994,0.049604,0.388313,-0.557447,0.524071,-0.643931,-0.757824,-0.637942,0.136764,-0.33843,0.563571,0.753578,-0.017604,0.006433,0.034611,-0.051006,0.070265,-0.023621,-0.152593,-0.149866,0.075853,0.329765,0.497382,0.2809,0.820791,-0.392177,0.916714,-0.075937,-0.77436,-0.284489,0.565063,-0.000173,0.004799,0.01762,-0.016884,-0.148009,0.182825,-1.403898,0.014998,0.054042,-0.018524,-0.394011,-0.34219,0.85303,0.385047,-0.904192,-0.184862,0.834561,0.255619,0.488021,-0.000103,0.002466,0.008854,-0.019292,-0.136472,0.191386,-0.841071,0.050394,0.046023,-0.047127,-0.48227,0.590651,-0.646952,-0.834183,-0.535141,0.13327,-0.267495,0.603949,0.750794,-0.003023,0.000873,0.015954,-0.074054,0.023029,-0.01012,-0.311904
348,0.024566,0.049748,0.389507,-0.555395,0.529715,-0.641079,-0.762012,-0.632846,0.13717,-0.332359,0.564032,0.755931,-0.008121,-0.002187,0.029356,-0.05751,0.059145,-0.024812,-0.159358,-0.149863,0.076009,0.330354,0.498456,0.279822,0.820507,-0.391073,0.917255,-0.0751,-0.774228,-0.283806,0.565587,8.5e-05,0.001943,0.015732,-0.03227,-0.024681,0.027567,-1.404264,0.014999,0.054124,-0.018232,-0.395002,-0.341044,0.85303,0.384022,-0.904819,-0.183925,0.834565,0.254932,0.488374,8.7e-05,0.000381,0.007488,-0.021748,-0.132179,0.16412,-0.830784,0.050182,0.046101,-0.046532,-0.479544,0.595888,-0.644169,-0.837666,-0.52956,0.133722,-0.261443,0.603724,0.753102,-0.004088,-0.00111,0.014679,-0.073783,0.037268,-0.035795,-0.316803
349,0.024323,0.049641,0.390373,-0.552644,0.537395,-0.637053,-0.766421,-0.627955,0.135069,-0.326774,0.562225,0.759703,-0.000233,-0.013659,0.022375,-0.040624,0.067097,0.016538,-0.159567,-0.149838,0.076049,0.331019,0.500379,0.28416,0.817842,-0.391634,0.916708,-0.078758,-0.772704,-0.281254,0.568936,-4.9e-05,0.003405,0.016634,0.022543,-0.269454,0.084111,-1.40386,0.015012,0.054134,-0.017906,-0.397006,-0.345197,0.850425,0.384237,-0.903981,-0.187562,0.833514,0.252302,0.491524,4.1e-05,0.000876,0.007788,0.042968,-0.326142,0.000744,-0.830457,0.050059,0.046061,-0.046084,-0.475867,0.603197,-0.640081,-0.841392,-0.524162,0.131575,-0.256141,0.601171,0.756957,-0.005209,0.000128,0.007713,-0.02775,0.04771,-0.036806,-0.319089
350,0.024175,0.049484,0.39069,-0.553092,0.539461,-0.634914,-0.766565,-0.627981,0.134123,-0.325679,0.560212,0.761658,-0.002753,-0.018274,0.0195,-0.047283,0.071839,-0.013527,-0.158432,-0.149808,0.076224,0.331278,0.502924,0.285369,0.815858,-0.391381,0.916773,-0.079265,-0.771181,-0.279816,0.571705,-0.001499,0.016472,0.010523,0.037738,-0.213364,0.15613,-1.404035,0.015028,0.05422,-0.017771,-0.400042,-0.346762,0.848364,0.383963,-0.90392,-0.188414,0.832188,0.250367,0.49475,0.00576,0.002581,0.008388,-0.017811,-0.072889,0.031463,-0.830947,0.049987,0.045986,-0.045923,-0.476037,0.605336,-0.63793,-0.84154,-0.524173,0.130584,-0.255339,0.599007,0.758941,-0.006294,-0.001859,0.006472,-0.038706,0.032563,-0.044402,-0.319252
351,0.023872,0.048967,0.391142,-0.553859,0.543579,-0.63072,-0.766873,-0.628042,0.132065,-0.323649,0.556148,0.765492,-0.003411,-0.012859,0.007434,0.161894,0.299571,0.12977,-0.157264,-0.149735,0.076384,0.33185,0.505686,0.283463,0.814814,-0.390683,0.917304,-0.076514,-0.76973,-0.280009,0.573563,0.000282,-0.000275,0.014229,-0.034457,-0.006968,0.004947,-1.403867,0.015062,0.054316,-0.017481,-0.402905,-0.344372,0.847983,0.38346,-0.904788,-0.185246,0.831039,0.250531,0.496596,0.005942,0.000483,0.007033,-0.032955,-0.02046,0.03555,-0.822946,0.049831,0.045715,-0.045694,-0.476518,0.608626,-0.634432,-0.841763,-0.524092,0.129468,-0.253703,0.595736,0.762058,-0.001879,-0.006731,0.003533,0.234856,0.395752,0.174699,-0.319089
352,0.023706,0.048288,0.391507,-0.554747,0.543838,-0.629716,-0.767042,-0.627482,0.133732,-0.321723,0.556527,0.766028,-0.006031,-0.024277,0.015784,-0.06443,0.047392,-0.026256,-0.144062,-0.149698,0.076272,0.33236,0.503794,0.284462,0.815638,-0.391467,0.916859,-0.077826,-0.77057,-0.280455,0.572216,0.000571,-0.003435,0.012213,-0.034462,-0.006951,0.00496,-1.403468,0.015081,0.054262,-0.01723,-0.400916,-0.345378,0.848516,0.384049,-0.904258,-0.186607,0.831728,0.251058,0.495174,-0.000446,0.004783,0.003029,0.001463,-0.018413,0.023453,-0.823109,0.049748,0.04538,-0.04552,-0.477201,0.609621,-0.632961,-0.841923,-0.523588,0.13046,-0.25188,0.59516,0.763111,-0.002274,-0.007459,0.003081,-0.034864,0.033936,-0.040465,-0.314517
353,0.023511,0.04754,0.391865,-0.555304,0.544237,-0.628879,-0.767431,-0.626687,0.135222,-0.319834,0.557031,0.766453,-0.007171,-0.026369,0.014485,-0.065048,0.06072,-0.051803,-0.131593,-0.149685,0.076631,0.332692,0.505009,0.283598,0.815187,-0.390958,0.917168,-0.076737,-0.770034,-0.280318,0.573004,-0.001116,0.012186,0.007686,-0.104559,0.302992,0.281875,-1.40354,0.015089,0.054422,-0.017066,-0.4032,-0.346516,0.846969,0.383847,-0.90422,-0.187208,0.830716,0.249625,0.497591,-0.000611,0.006584,0.004151,-0.147302,0.421814,0.415511,-0.824089,0.049652,0.045013,-0.045343,-0.477688,0.610057,-0.632173,-0.842212,-0.522752,0.131935,-0.249983,0.595448,0.76351,-0.002785,-0.008393,0.002494,-0.028927,-0.055915,0.136873,-0.306515
354,0.023417,0.047107,0.392024,-0.555042,0.546543,-0.627108,-0.767991,-0.626305,0.133807,-0.318946,0.555199,0.76815,-0.008234,-0.028315,0.013266,0.102924,0.201029,0.243209,-0.129874,-0.149707,0.076871,0.332831,0.507926,0.281967,0.81394,-0.390686,0.917516,-0.073905,-0.768253,-0.280821,0.575143,-0.012665,0.010477,0.007535,-0.001703,0.0031,-0.002089,-1.403748,0.015082,0.05455,-0.016991,-0.405171,-0.34264,0.847604,0.383781,-0.905215,-0.182474,0.829787,0.251361,0.498266,-0.000558,0.006033,0.003798,0.006537,-0.02751,0.010714,-0.824089,0.049605,0.044793,-0.045259,-0.477451,0.611562,-0.630896,-0.842578,-0.522312,0.131342,-0.249201,0.594289,0.764668,-0.003169,-0.009097,0.002053,0.244279,0.422078,0.15272,-0.302923
