frame,MLTx,MLTy,MLTz,MLTR1,MLTR2,MLTR3,MLTR4,MLTR5,MLTR6,MLTR7,MLTR8,MLTR9,MLTTVx,MLTTVy,MLTTVz,MLTRVx,MLTRVy,MLTRVz,MLGA,MRTx,MRTy,MRTz,MRTR1,MRTR2,MRTR3,MRTR4,MRTR5,MRTR6,MRTR7,MRTR8,MRTR9,MRTTVx,MRTTVy,MRTTVz,MRTRVx,MRTRVy,MRTRVz,MRGA,SLTx,SLTy,SLTz,SLTR1,SLTR2,SLTR3,SLTR4,SLTR5,SLTR6,SLTR7,SLTR8,SLTR9,SLTTVx,SLTTVy,SLTTVz,SLTRVx,SLTRVy,SLTRVz,SLGA,SRTx,SRTy,SRTz,SRTR1,SRTR2,SRTR3,SRTR4,SRTR5,SRTR6,SRTR7,SRTR8,SRTR9,SRTTVx,SRTTVy,SRTTVz,SRTRVx,SRTRVy,SRTRVz,SRGA
504,0.163817,-0.0624,0.303996,-0.899558,-0.363373,-0.242489,0.28923,-0.911425,0.292614,-0.326218,0.193534,0.925285,0.016795,-0.005991,0.015007,0.032543,0.116813,0.102458,-1.366141,-0.130433,-0.036418,0.297176,-0.454706,-0.557826,0.694309,0.87562,-0.422254,0.234363,0.162995,0.715208,0.67954,0.031035,0.002403,-0.001863,0.004885,-0.029069,0.057215,0.057017,0.061535,0.036162,-0.00741,0.522653,0.531824,0.66633,-0.837669,0.465714,0.285342,-0.158568,-0.707299,0.6889,0.00781,0.000115,-0.001104,0.000114,-0.019067,0.033916,-0.134513,0.084493,0.018322,-0.052399,0.884723,0.390206,-0.254957,-0.317276,0.904848,0.283875,0.341467,-0.170259,0.924343,0.000275,-0.002971,0.007613,0.048641,0.175334,0.057499,-1.07692
505,0.164008,-0.062563,0.304524,-0.902003,-0.359172,-0.239648,0.28632,-0.913019,0.290497,-0.322019,0.193854,0.926688,0.000542,-0.006241,0.014813,0.16966,0.424981,0.186383,-1.349685,-0.129533,-0.036466,0.297241,-0.443624,-0.561211,0.698736,0.881903,-0.41182,0.229315,0.159601,0.718642,0.676716,0.015457,0.001803,-0.000182,-0.345498,-0.129263,-0.307345,0.08323,0.061997,0.036137,-0.007382,0.512215,0.535683,0.671326,-0.844648,0.455787,0.280763,-0.155582,-0.710845,0.685925,0.007724,0.000942,-5.7e-05,-0.351682,-0.13221,-0.306797,-0.101528,0.084595,0.018241,-0.052135,0.886459,0.387111,-0.253641,-0.314743,0.906057,0.282835,0.339302,-0.17089,0.925024,0.000295,-0.002764,0.007888,0.19715,0.470104,0.245279,-1.077084
506,0.164043,-0.062607,0.304779,-0.903201,-0.357151,-0.238151,0.284977,-0.913792,0.289385,-0.31985,0.193944,0.92742,0.00058,-0.005817,0.015383,0.092734,0.270594,0.109514,-1.336421,-0.129118,-0.036494,0.297306,-0.443991,-0.5612,0.698511,0.881772,-0.411863,0.229741,0.159301,0.718626,0.676804,0.030817,0.004512,0.000779,0.004089,-0.030411,0.058491,0.097999,0.062205,0.036122,-0.00735,0.512516,0.535738,0.671051,-0.844545,0.455701,0.28121,-0.155144,-0.710858,0.686009,0.0154,0.002339,0.000478,0.004346,-0.030859,0.059348,-0.081933,0.084612,0.018215,-0.052004,0.888349,0.384524,-0.250953,-0.313326,0.907162,0.28086,0.335652,-0.170872,0.926358,0.000286,-0.002875,0.007736,0.135293,0.326681,0.107774,-1.078227
507,0.164028,-0.062579,0.305218,-0.904453,-0.354731,-0.237015,0.283154,-0.914711,0.28827,-0.317933,0.19405,0.928057,0.000622,-0.00535,0.015998,-0.02554,0.017269,0.015918,-1.301036,-0.128344,-0.036559,0.297519,-0.437625,-0.566416,0.698318,0.886543,-0.401113,0.230398,0.150137,0.720619,0.67678,0.032109,-0.005446,0.010347,-0.045557,0.076762,-0.132887,0.115367,0.062592,0.03609,-0.007243,0.506431,0.541273,0.67123,-0.849812,0.445201,0.282162,-0.146106,-0.713315,0.685445,0.016044,-0.002642,0.005262,-0.044804,0.076572,-0.132541,-0.053031,0.084604,0.018231,-0.051791,0.890088,0.381619,-0.249216,-0.311264,0.908364,0.279263,0.332952,-0.170997,0.927309,-0.00787,0.002677,0.00372,-0.009955,0.009412,-0.019133,-1.076757
508,0.164034,-0.062467,0.305562,-0.904633,-0.353521,-0.238132,0.281738,-0.915188,0.288142,-0.318673,0.194006,0.927812,0.000481,0.005275,0.007145,0.000846,-0.013128,0.025642,-1.267354,-0.127627,-0.036633,0.297846,-0.427098,-0.576233,0.696802,0.893792,-0.385302,0.229373,0.136827,0.721475,0.678686,0.031976,-0.004254,0.011838,-0.026352,-0.031845,0.033043,0.145132,0.062938,0.036054,-0.007084,0.496259,0.551817,0.670242,-0.85795,0.42984,0.281349,-0.132844,-0.714657,0.686743,0.008228,-0.002785,0.006329,-0.043886,-0.011673,0.038448,-0.019883,0.084607,0.018282,-0.051617,0.890196,0.380494,-0.250548,-0.309844,0.908831,0.279321,0.333986,-0.17102,0.926932,0.000219,0.002456,0.003329,0.000927,-0.014659,0.023234,-1.074634
509,0.164019,-0.062399,0.305724,-0.904728,-0.352872,-0.238734,0.280994,-0.915454,0.288026,-0.319059,0.193935,0.927694,0.000478,0.005238,0.007087,0.000844,-0.013129,0.025641,-1.249877,-0.127281,-0.036665,0.298034,-0.42402,-0.578777,0.696575,0.895966,-0.3799,0.229903,0.132083,0.722307,0.678741,0.01645,-0.00548,0.012788,-0.032301,-0.022416,0.034148,0.156484,0.063117,0.036038,-0.006991,0.493355,0.554362,0.670285,-0.860343,0.424485,0.282172,-0.128101,-0.715886,0.686364,0.008253,-0.003011,0.006035,-0.036774,-0.004293,0.01171,-0.001267,0.0846,0.018316,-0.051536,0.890286,0.379885,-0.251148,-0.309153,0.909104,0.279199,0.334384,-0.170924,0.926807,0.000216,0.002437,0.003299,0.001336,-0.013841,0.023631,-1.074634
510,0.163999,-0.062263,0.305979,-0.906039,-0.34992,-0.238107,0.278741,-0.916689,0.286279,-0.317317,0.19344,0.928395,0.00035,0.003843,0.005189,0.201676,0.413149,0.204596,-1.227049,-0.126715,-0.036751,0.298436,-0.408786,-0.59286,0.693831,0.905361,-0.358768,0.227022,0.114829,0.721706,0.682508,0.016372,-0.004824,0.013607,0.14988,-0.297967,-0.141964,0.166256,0.063406,0.035993,-0.006785,0.479094,0.568536,0.668756,-0.870765,0.403856,0.280478,-0.110619,-0.716705,0.688546,0.008178,-0.002388,0.006823,0.224007,-0.381084,-0.183258,0.02241,0.08459,0.018387,-0.051404,0.890673,0.378317,-0.252143,-0.307579,0.90982,0.278604,0.334806,-0.170592,0.926716,0.000199,0.002223,0.003001,0.238388,0.472632,0.264993,-1.075614
511,0.164014,-0.062135,0.306238,-0.90618,-0.348931,-0.23902,0.277618,-0.917093,0.286077,-0.317896,0.193309,0.928225,0.000396,0.004357,0.00587,0.000888,-0.013035,0.025688,-1.210091,-0.126229,-0.036861,0.298938,-0.396207,-0.606284,0.689515,0.912436,-0.34325,0.222652,0.102168,0.718106,0.688294,-0.000648,0.005437,0.006928,-0.950116,-0.666596,-1.294538,0.178484,0.06365,0.035936,-0.006538,0.468063,0.581759,0.665185,-0.878161,0.390309,0.276568,-0.098732,-0.713592,0.693568,0.008074,-0.001805,0.00748,-3.535822,-1.683678,-4.023293,0.038739,0.084597,0.018449,-0.051277,0.891849,0.376054,-0.251372,-0.305926,0.910813,0.277178,0.333187,-0.1703,0.927353,0.000174,0.001959,0.002641,-0.001978,-0.00342,-0.001031,-1.07839
512,0.164028,-0.062019,0.306463,-0.907374,-0.346744,-0.237669,0.276197,-0.917984,0.284589,-0.315726,0.193011,0.929027,0.000348,0.003831,0.005152,0.129909,0.150321,0.328362,-1.189499,-0.125846,-0.036983,0.299542,-0.384494,-0.625923,0.67851,0.918308,-0.333851,0.212573,0.093934,0.705591,0.702268,0.00067,-0.004601,0.016397,0.387421,-0.685059,-0.446221,0.180269,0.063841,0.035878,-0.006232,0.456117,0.602185,0.655232,-0.885581,0.379746,0.267464,-0.087759,-0.702257,0.706493,0.000319,-0.002263,0.008239,0.352779,-0.641968,-0.431126,0.049189,0.084604,0.018507,-0.051164,0.892572,0.37482,-0.250647,-0.305137,0.911361,0.276243,0.331971,-0.170085,0.927828,0.000145,0.001629,0.00219,0.220945,0.40219,0.146298,-1.07986
513,0.164045,-0.061965,0.306553,-0.907402,-0.346548,-0.237849,0.275975,-0.918064,0.28455,-0.31584,0.192986,0.928993,0.000269,0.002963,0.003981,0.0018,0.003713,0.001838,-1.179166,-0.125681,-0.037068,0.299909,-0.38401,-0.636636,0.668746,0.919405,-0.329793,0.214159,0.084673,0.697878,0.711098,0.017411,-0.012577,0.025938,-1.031546,-2.198563,1.480192,0.179422,0.063917,0.03584,-0.006059,0.453222,0.613568,0.646624,-0.887812,0.375698,0.26578,-0.079862,-0.694538,0.715009,0.000258,-0.001765,0.008868,0.26022,-0.505003,-0.081915,0.051149,0.084613,0.018536,-0.051117,0.89319,0.373723,-0.250083,-0.304375,0.91183,0.275536,0.331007,-0.169987,0.92819,0.000151,0.001686,0.002265,-0.008825,-0.024844,0.028101,-1.080186
514,0.164068,-0.061894,0.306734,-0.908575,-0.344462,-0.236394,0.274654,-0.9189,0.283125,-0.313617,0.192737,0.929798,0.000249,0.002748,0.003687,0.002373,-0.009958,0.027211,-1.161005,-0.125404,-0.037284,0.300743,-0.372141,-0.663584,0.648968,0.925557,-0.317136,0.206645,0.069137,0.678382,0.731355,0.000434,-0.002686,0.018777,-0.898253,-2.495743,1.471546,0.163947,0.064056,0.035732,-0.005649,0.441998,0.639976,0.628543,-0.894864,0.363085,0.259588,-0.062084,-0.677199,0.733175,0.00017,-0.001074,0.009722,0.420919,-0.688143,-0.435346,0.041678,0.084624,0.01857,-0.051029,0.894447,0.371704,-0.248595,-0.303105,0.912688,0.274092,0.328771,-0.16981,0.929017,0.000101,0.001157,0.001552,-0.009855,-0.012096,0.002401,-1.080186
515,0.164098,-0.061863,0.306845,-0.908617,-0.344173,-0.236655,0.274306,-0.919002,0.283129,-0.3138,0.192762,0.929731,9.9e-05,0.001098,0.001472,0.0,1e-06,0.0,-1.146368,-0.125239,-0.037538,0.301664,-0.357512,-0.687571,0.631999,0.931955,-0.30569,0.194804,0.059689,0.659494,0.749245,0.01717,-0.010698,0.02823,-0.768702,-0.915244,-1.354004,0.146094,0.064138,0.035605,-0.005181,0.4301,0.665698,0.609802,-0.901399,0.354011,0.249307,-0.049914,-0.656903,0.75232,8.7e-05,-0.000578,0.0102,-3.077592,-1.799774,-4.333675,0.020287,0.08464,0.018589,-0.050969,0.894441,0.371442,-0.249009,-0.302727,0.912785,0.274188,0.329137,-0.169863,0.928877,4.3e-05,0.000495,0.000661,1.3e-05,-0.000582,-0.000872,-1.080186
516,0.164123,-0.06189,0.306878,-0.90865,-0.343949,-0.236855,0.274029,-0.919077,0.283154,-0.313947,0.192805,0.929672,5e-06,5.1e-05,6.8e-05,0.0,0.0,0.0,-1.138194,-0.125158,-0.037695,0.302137,-0.352599,-0.699181,0.621941,0.933968,-0.303479,0.188513,0.05737,0.648213,0.759205,0.00037,-0.002183,0.019347,0.423849,-0.813311,-0.029693,0.141719,0.064185,0.035524,-0.00494,0.42426,0.67762,0.600693,-0.904418,0.350085,0.243859,-0.04505,-0.646738,0.761379,0.000873,-0.006443,0.013992,0.382626,-0.755991,-0.230747,0.011143,0.084652,0.018576,-0.050952,0.894472,0.371232,-0.249209,-0.302467,0.912864,0.274211,0.329291,-0.169897,0.928817,6.9e-05,-0.005317,0.004412,-0.03552,0.01127,-0.019818,-1.080186
517,0.164123,-0.061956,0.306911,-0.909791,-0.342048,-0.23522,0.272892,-0.919819,0.281844,-0.311631,0.192649,0.930484,-9e-06,-9.8e-05,-0.000131,0.001295,0.002686,0.001328,-1.120967,-0.125026,-0.038067,0.302948,-0.344404,-0.718221,0.604596,0.937325,-0.298632,0.179374,0.052139,0.629375,0.775263,0.002252,-0.016743,0.023124,0.331516,-0.702345,-0.018097,0.138105,0.06425,0.035349,-0.004529,0.415981,0.697194,0.583848,-0.908585,0.345361,0.234942,-0.037838,-0.628208,0.777124,0.00036,-0.002647,0.007706,0.345842,-0.63467,-0.165429,0.002162,0.084652,0.018541,-0.050938,0.895737,0.369364,-0.247436,-0.301393,0.913644,0.272791,0.326828,-0.169773,0.929709,-8e-06,-8.2e-05,-0.000109,-0.008865,-0.011095,0.001928,-1.080023
518,0.164135,-0.062022,0.306943,-0.910898,-0.340347,-0.233396,0.271968,-0.920472,0.2806,-0.309202,0.192539,0.931316,-9.8e-05,-0.00108,-0.001448,0.008257,0.031986,-0.016323,-1.111067,-0.125008,-0.038462,0.303533,-0.333969,-0.72978,0.596555,0.941206,-0.291622,0.170358,0.050049,0.619285,0.783482,0.002523,-0.018959,0.020343,0.076259,-0.248418,0.042953,0.135967,0.064259,0.035144,-0.004229,0.405056,0.710489,0.575443,-0.91362,0.338642,0.224984,-0.03502,-0.616868,0.786287,0.001273,-0.009666,0.009942,0.035031,-0.211556,0.066704,-0.002411,0.084658,0.018509,-0.05092,0.896937,0.367735,-0.245505,-0.300557,0.914315,0.271462,0.324295,-0.169696,0.930609,-4.9e-05,-0.00054,-0.000723,-0.009605,0.008018,-0.01478,-1.080349
519,0.164159,-0.062044,0.306948,-0.910914,-0.34024,-0.233491,0.271836,-0.920507,0.280615,-0.309272,0.192562,0.931288,-5.1e-05,-0.000564,-0.000757,0.000133,0.000276,0.000136,-1.108674,-0.125033,-0.038632,0.303708,-0.324243,-0.736463,0.593699,0.944831,-0.282118,0.166247,0.04545,0.615768,0.786528,-0.000122,0.000995,0.001244,-3.092114,-1.252504,-4.320139,0.133173,0.064247,0.035059,-0.004141,0.400069,0.714856,0.573519,-0.915874,0.334673,0.221736,-0.033432,-0.613982,0.788611,-0.007064,-0.005931,0.004857,0.229892,-0.409345,-0.066341,-0.004043,0.08467,0.018497,-0.050919,0.896912,0.367617,-0.245772,-0.300339,0.914346,0.2716,0.324566,-0.169786,0.930498,-3.4e-05,-0.00037,-0.000498,-0.003646,-0.005328,-0.000338,-1.080676
520,0.164268,-0.062086,0.306977,-0.910976,-0.339805,-0.23388,0.271321,-0.920663,0.280598,-0.309539,0.192579,0.931196,-0.0,-0.0,-0.0,0.0,0.0,0.0,-1.107991,-0.125051,-0.038951,0.303831,-0.323275,-0.736764,0.593855,0.944976,-0.283809,0.162501,0.049208,0.614629,0.787193,0.000364,-0.002983,-0.003732,0.012071,-0.084278,0.147218,0.130877,0.064237,0.034908,-0.004078,0.39463,0.717766,0.573653,-0.918227,0.330858,0.217695,-0.033544,-0.612653,0.789638,0.00018,-0.001515,-0.001895,-0.012279,0.011948,0.010003,-0.008615,0.084724,0.018475,-0.050906,0.896959,0.367215,-0.246203,-0.299845,0.914505,0.27161,0.324893,-0.1698,0.930382,-2e-06,7e-06,9e-06,0.000115,-0.000298,-0.000663,-1.080186
521,0.164426,-0.062108,0.306997,-0.912134,-0.33768,-0.232441,0.269963,-0.92151,0.279125,-0.307316,0.192263,0.931997,1.6e-05,0.000176,0.000236,0.004736,0.009865,0.004872,-1.107831,-0.125158,-0.039131,0.303626,-0.319882,-0.735096,0.597747,0.945907,-0.28314,0.158192,0.053347,0.616932,0.785119,-0.014826,-0.006959,-0.006201,-0.002044,0.015205,-0.029245,0.129298,0.064184,0.03481,-0.004183,0.391616,0.71611,0.577773,-0.919348,0.330381,0.213651,-0.037888,-0.614844,0.787737,-0.007389,-0.003672,-0.00334,-0.002586,0.013509,-0.024998,-0.010738,0.084804,0.018464,-0.050896,0.89826,0.365127,-0.244562,-0.298589,0.915398,0.26998,0.322449,-0.169489,0.931289,5e-06,9.7e-05,0.000128,-0.010589,-0.010901,0.006077,-1.080023
522,0.164572,-0.062139,0.307024,-0.913266,-0.335693,-0.230868,0.268745,-0.922289,0.277725,-0.30502,0.192003,0.932805,2e-06,2.5e-05,3.4e-05,0.028263,0.058967,0.029118,-1.107779,-0.125322,-0.039328,0.303193,-0.317653,-0.734933,0.599134,0.946626,-0.281567,0.156693,0.053921,0.617846,0.784361,-0.000442,0.002737,-0.018663,0.034426,0.00712,-0.004968,0.126485,0.064101,0.034712,-0.004398,0.389547,0.71603,0.579269,-0.920197,0.328932,0.212224,-0.038581,-0.615714,0.787024,-0.000195,0.001204,-0.009531,0.035405,0.007472,-0.003503,-0.014004,0.084877,0.018449,-0.050882,0.899437,0.363295,-0.242957,-0.297513,0.91617,0.268547,0.320152,-0.169258,0.932123,-0.0,5e-06,4e-06,0.013757,0.039943,0.031433,-1.080023
523,0.164645,-0.062161,0.307027,-0.913277,-0.335622,-0.230929,0.268652,-0.922308,0.277751,-0.305069,0.192036,0.932782,-3e-06,-2.9e-05,-3.9e-05,0.000351,0.000733,0.000362,-1.107799,-0.12535,-0.039396,0.302931,-0.318365,-0.7332,0.600877,0.946414,-0.281397,0.158269,0.053427,0.619979,0.782709,0.000968,-0.008008,-0.01009,-0.009428,0.024212,-0.018804,0.124884,0.064087,0.034679,-0.004528,0.390394,0.714082,0.5811,-0.919854,0.328738,0.214007,-0.038211,-0.618075,0.785189,-0.000197,0.001225,-0.009517,0.0473,-0.00259,-0.005971,-0.016127,0.084913,0.018437,-0.050881,0.899461,0.363112,-0.243142,-0.297254,0.916221,0.268661,0.320326,-0.169375,0.932042,7.7e-05,-0.005276,0.004464,-0.041636,0.003311,-0.01877,-1.079696
524,0.164741,-0.062222,0.307049,-0.913331,-0.335248,-0.231259,0.268196,-0.922432,0.27778,-0.305309,0.192093,0.932692,-4.2e-05,-0.000472,-0.000633,0.0,0.0,0.0,-1.107935,-0.125377,-0.039485,0.302227,-0.319699,-0.72968,0.604442,0.945999,-0.2812,0.161079,0.052819,0.624208,0.779383,-0.000206,0.000768,-0.021218,-0.086343,0.169632,0.095768,0.117356,0.064074,0.034631,-0.004867,0.391423,0.711023,0.584152,-0.919419,0.328504,0.216225,-0.038156,-0.621716,0.782312,-9.3e-05,0.000368,-0.010626,-0.200878,0.390227,-0.009619,-0.022822,0.084961,0.018408,-0.050868,0.899489,0.362772,-0.243547,-0.296805,0.916343,0.26874,0.320664,-0.169442,0.931913,-3.1e-05,-0.000365,-0.000493,0.005932,-0.090654,0.176421,-1.07986
525,0.16484,-0.062305,0.307125,-0.913414,-0.334665,-0.231773,0.267472,-0.922616,0.277865,-0.305693,0.192224,0.932539,6.7e-05,0.000759,0.001018,0.005847,-0.090263,0.177134,-1.108323,-0.125398,-0.039439,0.301286,-0.32273,-0.72442,0.60914,0.945015,-0.281795,0.165744,0.051974,0.63004,0.774733,0.000111,-0.001865,-0.024634,-0.06536,0.072989,0.235678,0.108846,0.064063,0.034657,-0.005342,0.394615,0.705147,0.589106,-0.91807,0.328932,0.221247,-0.037764,-0.628148,0.777176,-0.000647,0.004531,-0.016492,-0.060997,0.191086,0.101221,-0.031966,0.08501,0.018363,-0.050834,0.899561,0.362318,-0.243957,-0.296227,0.916497,0.268853,0.320996,-0.169583,0.931774,0.008112,0.000316,0.000326,0.001106,-0.014868,0.02908,-1.07986
526,0.164865,-0.062348,0.307172,-0.913444,-0.334463,-0.231949,0.267204,-0.922669,0.277949,-0.305838,0.192323,0.932471,2.6e-05,0.000297,0.000399,0.0,0.0,0.0,-1.107715,-0.125399,-0.039354,0.300708,-0.324912,-0.720899,0.61215,0.944297,-0.282315,0.168926,0.051434,0.633835,0.771668,0.00019,-0.002518,-0.025515,-0.040139,0.119075,0.030999,0.104397,0.064063,0.034699,-0.005632,0.397113,0.701207,0.592122,-0.917003,0.329508,0.224786,-0.037487,-0.632243,0.773861,-0.000598,0.004149,-0.017002,0.022483,0.089241,0.04458,-0.038171,0.085023,0.018344,-0.050809,0.89961,0.362012,-0.244229,-0.29585,0.916606,0.268897,0.321206,-0.169647,0.93169,1.3e-05,0.000163,0.000215,0.000105,-0.000115,-0.000388,-1.080023
527,0.164891,-0.062459,0.307265,-0.913535,-0.333822,-0.232514,0.266393,-0.922862,0.278089,-0.306273,0.192513,0.932289,0.00016,-0.0105,0.009,-0.035706,0.011445,-0.019118,-1.108112,-0.125425,-0.039189,0.299411,-0.331677,-0.710314,0.620834,0.94207,-0.283384,0.179252,0.049011,0.645207,0.762344,-0.001021,0.006566,-0.036356,-0.313258,0.527896,0.312208,0.103303,0.06405,0.034777,-0.006278,0.402805,0.691897,0.599187,-0.914547,0.33053,0.233135,-0.036744,-0.641893,0.765912,-0.000469,0.003088,-0.018425,0.047494,0.060385,0.029291,-0.044703,0.085036,0.018293,-0.050765,0.899715,0.361367,-0.244798,-0.295052,0.916833,0.268998,0.321646,-0.169793,0.931511,-2e-06,-3e-06,-8e-06,7.3e-05,-8e-05,-0.00027,-1.080186
528,0.164916,-0.062544,0.307324,-0.913598,-0.333369,-0.232912,0.265819,-0.922996,0.27819,-0.306579,0.19265,0.93216,0.00016,-0.010507,0.00899,-0.035707,0.011438,-0.019122,-1.107974,-0.125459,-0.039062,0.298011,-0.337636,-0.701365,0.627758,0.940028,-0.284702,0.187687,0.047496,0.654353,0.754606,-0.000905,0.005598,-0.037757,-0.058304,0.103974,0.281068,0.100053,0.064033,0.03484,-0.006979,0.409587,0.68103,0.606989,-0.911573,0.331539,0.243136,-0.035658,-0.652901,0.756603,0.000316,-0.002906,-0.01501,-0.107786,0.218321,0.09899,-0.047642,0.085048,0.01825,-0.050736,0.899787,0.36092,-0.245192,-0.294491,0.916986,0.269092,0.321958,-0.169919,0.93138,-1e-06,-1e-06,-4e-06,4.7e-05,-5.9e-05,-0.000174,-1.080676
529,0.164941,-0.062583,0.307357,-0.913641,-0.333061,-0.233185,0.265443,-0.923097,0.278214,-0.306777,0.1927,0.932085,0.000161,-0.010496,0.009004,-0.035707,0.011434,-0.019124,-1.108026,-0.125475,-0.039071,0.296631,-0.353673,-0.687843,0.63386,0.933499,-0.301642,0.193712,0.058385,0.661074,0.747954,-0.000781,0.004562,-0.039279,1.074348,0.39649,1.268852,0.095356,0.064025,0.034837,-0.007684,0.425213,0.666665,0.612168,-0.903871,0.347903,0.248956,-0.047005,-0.659181,0.750513,-0.000361,0.002199,-0.019744,1.141791,0.336688,1.254957,-0.053847,0.085061,0.018226,-0.050716,0.899834,0.360626,-0.245449,-0.294127,0.917089,0.26914,0.322158,-0.169988,0.931298,7.9e-05,-0.005244,0.004504,-0.035652,0.011403,-0.019253,-1.080349
530,0.164965,-0.062592,0.307363,-0.913688,-0.332707,-0.233506,0.265048,-0.923238,0.278126,-0.306978,0.192638,0.932031,-0.0,-0.0,-0.0,0.0,0.0,0.0,-1.107935,-0.125491,-0.039151,0.29597,-0.355314,-0.684109,0.636975,0.932908,-0.301499,0.196761,0.057873,0.665002,0.744504,0.000569,-0.005696,-0.030142,-0.058464,0.143872,0.04784,0.094999,0.064023,0.0348,-0.007994,0.427011,0.663044,0.614843,-0.903007,0.348252,0.251589,-0.047306,-0.66264,0.747442,0.000362,-0.003317,-0.015681,-0.095976,0.205819,0.052578,-0.055643,0.085073,0.018222,-0.050713,0.899891,0.360271,-0.245766,-0.293739,0.917241,0.269046,0.322356,-0.169921,0.931242,-4e-06,2e-06,2e-06,0.00594,-0.090105,0.177101,-1.080186
531,0.165037,-0.062599,0.307352,-0.913759,-0.332174,-0.233989,0.264464,-0.923456,0.277955,-0.307271,0.192509,0.931961,0.016145,-0.000404,-0.000741,0.000984,-0.014715,0.029553,-1.108362,-0.125431,-0.03937,0.294891,-0.353814,-0.681253,0.64086,0.933318,-0.301195,0.195278,0.060419,0.668064,0.741554,0.00178,-0.014781,-0.019516,0.004648,0.046295,-0.061205,0.095739,0.064047,0.034689,-0.008552,0.425634,0.660156,0.618893,-0.903493,0.348088,0.250067,-0.050346,-0.665603,0.744605,0.000192,-0.001929,-0.013936,0.077664,0.059438,-0.079317,-0.056786,0.085103,0.018218,-0.050718,0.899971,0.359754,-0.246228,-0.293186,0.917468,0.268873,0.322635,-0.169788,0.93117,-1e-06,5e-06,4e-06,6e-05,-1e-05,-0.000101,-1.080023
532,0.165122,-0.062601,0.307348,-0.913818,-0.331716,-0.234404,0.263964,-0.923643,0.277808,-0.307522,0.192399,0.931901,-0.0,-0.0,-0.0,0.0,0.0,0.0,-1.107518,-0.125371,-0.039686,0.294041,-0.347072,-0.678454,0.647482,0.935391,-0.299625,0.187621,0.06713,0.67161,0.737765,0.001446,-0.012008,-0.015958,-0.003854,0.028825,-0.049759,0.094022,0.064078,0.034523,-0.008987,0.419019,0.657829,0.625845,-0.906155,0.346606,0.242374,-0.057481,-0.668673,0.74133,0.000717,-0.005836,-0.007756,-0.007737,0.023151,-0.04651,-0.057439,0.085151,0.018217,-0.05072,0.900045,0.359275,-0.246653,-0.292674,0.917678,0.268713,0.322891,-0.169665,0.931103,-4e-06,3e-06,4e-06,6.1e-05,-1.3e-05,-9.8e-05,-1.07986
533,0.165158,-0.062602,0.307346,-0.913826,-0.331661,-0.234453,0.263904,-0.923666,0.27779,-0.307551,0.192386,0.931894,-0.0,-0.0,-0.0,0.0,0.0,0.0,-1.107133,-0.125361,-0.039863,0.293755,-0.342723,-0.676617,0.651707,0.936694,-0.298492,0.182869,0.071211,0.673964,0.735232,0.001144,-0.009501,-0.012657,0.01815,0.16545,-0.238965,0.092917,0.064083,0.034436,-0.009128,0.414979,0.656236,0.630195,-0.907732,0.345637,0.237816,-0.061755,-0.670738,0.739118,0.000593,-0.00482,-0.006423,0.115849,0.197673,-0.176896,-0.059562,0.08517,0.018217,-0.050721,0.900054,0.35922,-0.246702,-0.292615,0.917702,0.268695,0.32292,-0.169651,0.931096,-3e-06,3e-06,2e-06,6.1e-05,-2.5e-05,-9.6e-05,-1.079696
534,0.165256,-0.062623,0.307369,-0.913901,-0.331094,-0.234963,0.26326,-0.923882,0.277682,-0.307879,0.192323,0.931799,4.8e-05,0.000548,0.000735,0.0,0.0,0.0,-1.106817,-0.125315,-0.04024,0.293425,-0.340044,-0.676385,0.653349,0.937663,-0.296319,0.181429,0.071295,0.675156,0.734129,0.000688,-0.005716,-0.007642,-0.001926,0.014407,-0.024882,0.095272,0.064106,0.034248,-0.009293,0.412284,0.656152,0.632048,-0.908946,0.343414,0.236394,-0.061944,-0.67196,0.737991,0.000299,-0.002412,-0.003224,-0.013911,0.099108,-0.17217,-0.059562,0.085218,0.018205,-0.050711,0.900143,0.35865,-0.247205,-0.291981,0.917939,0.268577,0.323245,-0.169579,0.930996,0.000112,-0.004879,0.004996,-0.035654,0.011391,-0.019225,-1.079207
535,0.165329,-0.062627,0.30738,-0.913958,-0.33065,-0.235364,0.262767,-0.924058,0.277564,-0.308128,0.192241,0.931734,2e-06,2.5e-05,3.4e-05,0.0,0.0,0.0,-1.105109,-0.125275,-0.040454,0.293446,-0.337676,-0.676193,0.654775,0.938532,-0.294236,0.180327,0.071131,0.676259,0.733129,0.001474,-0.011267,0.007899,-0.036344,0.007218,-0.019954,0.099442,0.064127,0.034136,-0.009289,0.409947,0.656086,0.633635,-0.910007,0.341332,0.235327,-0.061885,-0.673084,0.736971,0.000709,-0.005386,0.004279,-0.036705,0.007105,-0.020334,-0.056296,0.085255,0.018205,-0.050704,0.900212,0.358205,-0.247601,-0.291497,0.918129,0.268452,0.323491,-0.169489,0.930927,-1e-06,5e-06,6e-06,3.5e-05,-2.6e-05,-7e-05,-1.07839
536,0.165342,-0.062646,0.307406,-0.913987,-0.330431,-0.235558,0.262504,-0.924132,0.277567,-0.308266,0.192263,0.931684,2.9e-05,0.000337,0.000452,0.0,0.0,0.0,-1.101938,-0.125226,-0.040553,0.29367,-0.335166,-0.677934,0.654263,0.939402,-0.292956,0.177858,0.0715,0.67507,0.734188,0.000948,-0.006904,0.013734,-0.033189,-0.008877,0.003857,0.101474,0.064151,0.034088,-0.009184,0.407436,0.658062,0.633205,-0.911113,0.340124,0.23278,-0.062185,-0.671765,0.738149,-0.000236,0.001939,0.002592,-0.008147,-0.004196,0.029374,-0.051888,0.085261,0.018194,-0.050692,0.900246,0.357985,-0.247793,-0.291237,0.918212,0.268452,0.323628,-0.169506,0.930876,2.4e-05,0.000261,0.000345,4.1e-05,-1.8e-05,-6.6e-05,-1.077247
537,0.165331,-0.062648,0.307421,-0.914014,-0.330225,-0.235744,0.262271,-0.92421,0.277525,-0.308385,0.192238,0.931649,6.6e-05,0.000765,0.001026,0.0,0.0,0.0,-1.098407,-0.125188,-0.040565,0.293871,-0.333731,-0.679762,0.6531,0.93988,-0.292611,0.175893,0.071942,0.673381,0.735694,0.000851,-0.006098,0.014805,-0.002672,-0.051073,-0.02289,0.102252,0.06417,0.034084,-0.00908,0.406007,0.660044,0.63206,-0.911728,0.339869,0.230738,-0.06252,-0.669948,0.73977,-0.000297,0.002426,0.003242,0.018082,-0.031478,-0.023384,-0.050908,0.085255,0.018192,-0.050686,0.900278,0.357778,-0.247976,-0.291008,0.918298,0.268407,0.323747,-0.169478,0.93084,4.4e-05,0.00051,0.000681,5.4e-05,-4e-06,-5.9e-05,-1.075614
538,0.165307,-0.062642,0.307429,-0.914095,-0.329586,-0.236324,0.261573,-0.92447,0.277319,-0.308737,0.192084,0.931564,1e-06,1e-05,1.3e-05,0.005859,-0.090058,0.177238,-1.086737,-0.125119,-0.040629,0.294412,-0.330989,-0.683443,0.650648,0.940803,-0.291807,0.172255,0.072537,0.669996,0.73872,-0.000801,0.006631,0.008831,0.03467,-0.059719,-0.003775,0.103452,0.064205,0.034051,-0.008811,0.403374,0.663954,0.629645,-0.912879,0.339202,0.227139,-0.062767,-0.666413,0.742935,0.000302,-0.002085,0.008676,-0.016,-0.041239,-0.02125,-0.048948,0.085244,0.018197,-0.050679,0.900358,0.357247,-0.248451,-0.290441,0.918529,0.268228,0.324033,-0.169341,0.930765,-0.0,-5e-06,-9e-06,4.2e-05,-6e-06,-4.9e-05,-1.070225
539,0.165306,-0.062661,0.307422,-0.914158,-0.32908,-0.236782,0.261012,-0.92467,0.27718,-0.309022,0.191987,0.93149,-9.2e-05,-0.001062,-0.001424,-0.000849,0.013049,-0.025682,-1.07644,-0.125026,-0.040682,0.295082,-0.329638,-0.689878,0.644514,0.941345,-0.291785,0.169309,0.071655,0.663378,0.744754,0.016019,-0.000482,0.019518,0.23763,-0.396367,-0.201696,0.104658,0.064245,0.034026,-0.008472,0.402765,0.668887,0.624795,-0.913289,0.33894,0.225879,-0.060681,-0.661596,0.7474,0.000162,-0.000966,0.010143,0.256016,-0.416282,-0.258375,-0.048295,0.085243,0.01819,-0.05068,0.900454,0.356612,-0.249016,-0.289754,0.918802,0.268039,0.324382,-0.169203,0.930669,1e-06,-4e-06,-8e-06,2.2e-05,-1.2e-05,-3.7e-05,-1.06353
540,0.165306,-0.062661,0.307422,-0.914227,-0.32853,-0.237281,0.260411,-0.924893,0.277002,-0.309325,0.191855,0.931417,-0.0,-0.0,-0.0,0.0,0.0,0.0,-1.066014,-0.124906,-0.040672,0.295828,-0.328791,-0.696302,0.638005,0.941712,-0.292114,0.166678,0.070709,0.656486,0.750926,0.000337,-0.001877,0.020313,0.044147,-0.115832,-0.063422,0.110833,0.064311,0.034034,-0.008096,0.400994,0.676943,0.617212,-0.914143,0.339481,0.221572,-0.05954,-0.653069,0.754953,0.000124,-0.000678,0.0105,0.036198,-0.110157,-0.065521,-0.04307,0.085243,0.018188,-0.050684,0.900534,0.356075,-0.249494,-0.28918,0.919035,0.267858,0.324672,-0.169066,0.930593,0.0,4e-06,7e-06,4.7e-05,1.3e-05,-3.1e-05,-1.055693
541,0.165319,-0.062664,0.307435,-0.914258,-0.328287,-0.237499,0.260138,-0.924986,0.276948,-0.309464,0.191822,0.931377,1.5e-05,0.000176,0.000236,0.0,0.0,0.0,-1.061188,-0.124833,-0.040673,0.296224,-0.328787,-0.700826,0.633035,0.941799,-0.292489,0.165524,0.069549,0.651486,0.755375,0.015908,0.000261,0.020423,0.082112,-0.180536,-0.065184,0.113347,0.064341,0.034034,-0.007897,0.400991,0.681351,0.612344,-0.914254,0.339848,0.220548,-0.057833,-0.648277,0.759204,0.000117,-0.000615,0.010568,0.095883,-0.186782,-0.111603,-0.039314,0.08525,0.018186,-0.050677,0.900571,0.355831,-0.249709,-0.288911,0.919137,0.2678,0.324809,-0.169029,0.930552,7e-06,9.6e-05,0.00013,3.4e-05,-1e-05,-2.5e-05,-1.051937
542,0.165319,-0.062666,0.307449,-0.91434,-0.327623,-0.2381,0.259405,-0.925249,0.276757,-0.309835,0.191687,0.931281,1e-06,9e-06,1.3e-05,0.00586,-0.090044,0.177245,-1.050052,-0.124681,-0.04063,0.297038,-0.322837,-0.71455,0.620634,0.944658,-0.282968,0.165783,0.057549,0.640697,0.765545,0.000147,-0.000362,0.022216,-0.314942,-0.754955,0.376496,0.115226,0.064423,0.034055,-0.007492,0.394519,0.69521,0.600863,-0.917768,0.330383,0.220335,-0.045336,-0.63838,0.768384,8.9e-05,-0.000474,0.010715,-1.238864,-2.093031,1.379581,-0.034742,0.08525,0.018185,-0.05067,0.90067,0.355162,-0.250302,-0.288189,0.919422,0.267598,0.325175,-0.168884,0.93045,-1e-06,-3e-06,-3e-06,0.005895,-0.090036,0.177212,-1.043936
543,0.165319,-0.062666,0.307449,-0.91438,-0.327292,-0.238399,0.259044,-0.925382,0.276649,-0.310017,0.191608,0.931237,0.0,0.0,0.0,0.00586,-0.090044,0.177245,-1.047483,-0.124586,-0.040622,0.297475,-0.313549,-0.721967,0.6168,0.948168,-0.272581,0.163129,0.050733,0.636877,0.769205,9.5e-05,5e-05,0.02272,-0.945071,-0.522832,-1.156067,0.112849,0.064471,0.034058,-0.007266,0.386139,0.703325,0.59685,-0.921663,0.320711,0.218356,-0.037841,-0.634411,0.772068,3.2e-05,4.1e-05,0.011372,-0.989404,-0.483073,-1.15528,-0.034252,0.08525,0.018185,-0.05067,0.900719,0.35483,-0.250598,-0.287834,0.919566,0.267486,0.325353,-0.1688,0.930403,1e-06,-4e-06,-8e-06,0.005894,-0.090036,0.177212,-1.04116
544,0.165307,-0.062679,0.307449,-0.914428,-0.326898,-0.238755,0.258606,-0.925536,0.276546,-0.31024,0.191539,0.931177,-0.0,-0.0,-1e-06,0.0,0.0,0.0,-1.038361,-0.124345,-0.040719,0.298328,-0.311482,-0.729148,0.609355,0.948772,-0.273683,0.157682,0.052173,0.628162,0.776243,0.000398,-0.002452,0.019397,0.062504,-0.139156,-0.077432,0.106464,0.064591,0.034015,-0.00684,0.383665,0.710727,0.589633,-0.922686,0.321361,0.213018,-0.038087,-0.625774,0.779073,0.007958,-0.000169,0.009747,0.07511,-0.254462,0.119468,-0.040457,0.085244,0.018178,-0.05067,0.900777,0.354434,-0.250949,-0.287403,0.919733,0.267376,0.325573,-0.168723,0.93034,-0.0,3e-06,3e-06,1.2e-05,-3e-06,-1.9e-05,-1.035608
545,0.165307,-0.062674,0.307456,-0.914484,-0.326441,-0.239167,0.258108,-0.92572,0.276397,-0.310491,0.19143,0.931116,1e-06,8e-06,1.1e-05,0.0,0.0,0.0,-1.034297,-0.124115,-0.040925,0.29911,-0.3005,-0.738058,0.60412,0.952646,-0.262334,0.153559,0.045508,0.622577,0.781147,0.000548,-0.003684,0.01776,-0.002611,-0.063489,-0.039285,0.112885,0.064706,0.033912,-0.00645,0.37276,0.720299,0.584994,-0.927414,0.31016,0.209054,-0.03086,-0.620459,0.78363,0.000269,-0.00191,0.008792,-0.049048,-0.040279,-0.052332,-0.038988,0.085244,0.018181,-0.050666,0.900845,0.353974,-0.251356,-0.286913,0.919931,0.26722,0.32582,-0.168607,0.930275,-1e-06,0.0,1e-06,2.5e-05,-2e-06,-2e-05,-1.030709
546,0.165308,-0.062669,0.307463,-0.91428,-0.325639,-0.241034,0.257719,-0.926545,0.273983,-0.31141,0.188777,0.931351,4e-06,4.8e-05,6.4e-05,0.0,-0.0,0.0,-1.030282,-0.123855,-0.041084,0.299793,-0.289304,-0.749217,0.595792,0.956425,-0.250915,0.149084,0.038145,0.613895,0.788379,0.016275,-0.003123,0.01581,0.205022,-0.475816,-0.384522,0.112658,0.06483,0.033834,-0.006106,0.362926,0.730313,0.578728,-0.931557,0.299048,0.206811,-0.022031,-0.614176,0.788861,0.000293,-0.002108,0.008518,-0.35736,-0.059525,-0.384778,-0.035232,0.085244,0.018184,-0.050662,0.90065,0.353144,-0.253213,-0.286577,0.920738,0.264789,0.326652,-0.165917,0.930466,2e-06,2.3e-05,3.2e-05,-0.006221,0.090282,-0.177411,-1.02728
547,0.165309,-0.062658,0.307477,-0.914283,-0.325607,-0.241063,0.257684,-0.926558,0.273972,-0.311428,0.18877,0.931346,2.7e-05,0.000316,0.000424,0.0,-0.0,0.0,-1.027624,-0.12369,-0.041162,0.300104,-0.283954,-0.752621,0.594074,0.958157,-0.245031,0.147746,0.03471,0.612107,0.789926,0.000714,-0.005045,0.01596,-0.023875,-0.064189,-0.06161,0.113234,0.064918,0.033794,-0.005953,0.3564,0.735757,0.575881,-0.934137,0.2932,0.203519,-0.019108,-0.610486,0.791795,0.008144,-0.001724,0.007686,-0.120304,-0.05733,-0.100595,-0.035395,0.085245,0.018189,-0.050656,0.900655,0.353113,-0.253239,-0.286543,0.920751,0.264781,0.326669,-0.165913,0.930461,1.4e-05,0.000163,0.000219,-4.2e-05,3.9e-05,-1.4e-05,-1.024667
548,0.165312,-0.062629,0.307533,-0.914309,-0.325396,-0.241251,0.257447,-0.926637,0.273928,-0.311549,0.188744,0.931311,0.000237,-0.009673,0.010107,-0.035708,0.011403,-0.019139,-1.022522,-0.123347,-0.041327,0.300611,-0.274032,-0.764289,0.583746,0.961318,-0.233895,0.145239,0.02586,0.601919,0.798052,0.016496,-0.004929,0.013446,0.189706,-0.323127,-0.151449,0.111762,0.06509,0.03371,-0.005692,0.347003,0.747269,0.566725,-0.937821,0.282223,0.20209,-0.008927,-0.601613,0.798737,0.008252,-0.002582,0.006566,0.251018,-0.384556,-0.180915,-0.036375,0.085246,0.018207,-0.050632,0.900687,0.352889,-0.253436,-0.286305,0.920847,0.264705,0.326788,-0.165857,0.93043,4.4e-05,0.000508,0.000681,8e-06,9e-06,9e-06,-1.021075
549,0.165315,-0.062598,0.307575,-0.914333,-0.32519,-0.241436,0.257222,-0.92672,0.27386,-0.311662,0.188695,0.931283,3.7e-05,0.000423,0.000566,0.0,0.0,0.0,-1.017061,-0.12297,-0.041484,0.301039,-0.268176,-0.771668,0.576716,0.963064,-0.228289,0.142569,0.021964,0.59461,0.803629,0.016555,-0.005393,0.012831,0.167526,-0.292644,-0.132244,0.107498,0.065272,0.033631,-0.005486,0.341415,0.754473,0.56054,-0.939903,0.27666,0.200101,-0.004108,-0.595171,0.803588,0.008293,-0.002887,0.006165,0.372975,-0.533077,-0.254916,-0.039804,0.085248,0.01822,-0.050606,0.900716,0.352693,-0.253608,-0.286088,0.920927,0.264663,0.3269,-0.165832,0.930395,2.1e-05,0.000233,0.000314,1.8e-05,1.7e-05,8e-06,-1.018136
550,0.165315,-0.062598,0.307575,-0.914373,-0.324858,-0.241734,0.256862,-0.926852,0.273752,-0.311844,0.188617,0.931238,-9.1e-05,-0.001051,-0.001407,-0.000849,0.013046,-0.025684,-1.012661,-0.122669,-0.041607,0.301321,-0.260272,-0.777983,0.571833,0.965261,-0.222169,0.137281,0.020553,0.588668,0.808029,0.015321,0.00375,0.002171,0.044258,-0.084455,-0.023046,0.114026,0.065423,0.033568,-0.005339,0.332763,0.762322,0.555096,-0.943006,0.270696,0.193552,-0.002714,-0.587866,0.808952,-0.00013,0.000984,0.001265,-0.004704,-0.044681,-0.067275,-0.038008,0.085248,0.018223,-0.050602,0.900766,0.352344,-0.253916,-0.285716,0.921076,0.264544,0.327087,-0.165744,0.930345,-1e-06,-2.3e-05,-2.9e-05,2e-06,2e-05,8e-06,-1.014054
551,0.165314,-0.062608,0.307561,-0.91416,-0.324096,-0.243553,0.256527,-0.92765,0.271349,-0.312737,0.185975,0.93147,-7.8e-05,-0.000902,-0.001208,0.191432,-0.131802,0.088245,-1.010983,-0.122546,-0.04164,0.301426,-0.254609,-0.781081,0.570156,0.966825,-0.21635,0.135558,0.017776,0.58673,0.809503,-0.000177,0.001376,0.001771,0.03742,-0.091077,-0.088468,0.115177,0.06549,0.033552,-0.005286,0.327344,0.765514,0.553924,-0.944904,0.264991,0.192183,0.000334,-0.586315,0.810081,0.008387,-0.003576,0.005274,-0.057475,-0.116051,-0.168294,-0.034905,0.085247,0.018216,-0.050611,0.900575,0.351619,-0.255592,-0.285463,0.921797,0.262296,0.327832,-0.163255,0.930523,-5.2e-05,-0.000609,-0.000822,0.706529,-0.48653,0.325911,-1.012747
552,0.165324,-0.062622,0.307526,-0.914143,-0.324241,-0.243425,0.256692,-0.927598,0.271372,-0.312652,0.185985,0.931496,-4.6e-05,-0.000532,-0.000713,0.0,-0.0,0.0,-1.004444,-0.122291,-0.041686,0.301544,-0.250857,-0.789843,0.559653,0.967906,-0.211029,0.136229,0.010803,0.576851,0.816694,-3e-06,2.2e-05,2.8e-05,-1.375709,-2.056839,1.247396,0.116024,0.065612,0.03353,-0.005226,0.322275,0.773445,0.545821,-0.946625,0.259531,0.191164,0.006197,-0.578295,0.815803,6e-06,-6e-05,-7.9e-05,0.174104,-0.222491,-0.134079,-0.032946,0.085252,0.018208,-0.050631,0.90054,0.351716,-0.255583,-0.285612,0.921791,0.262157,0.327799,-0.163085,0.930564,-2.9e-05,-0.000333,-0.000445,-0.00016,0.000104,-4.4e-05,-1.008338
553,0.165359,-0.062633,0.30751,-0.914159,-0.324107,-0.243544,0.256547,-0.927651,0.271327,-0.312725,0.185953,0.931478,-2.9e-05,-0.000339,-0.000454,0.0,0.0,0.0,-0.997082,-0.122066,-0.04168,0.301529,-0.242441,-0.797586,0.552333,0.970105,-0.200321,0.136757,0.001858,0.569971,0.821579,0.015604,0.001563,-0.000658,0.330916,-0.458306,-0.242922,0.111267,0.065724,0.033531,-0.005235,0.316186,0.781217,0.53826,-0.948513,0.249161,0.195551,0.018654,-0.572378,0.819777,4.5e-05,-0.000349,-0.000449,0.006806,-0.085484,0.169691,-0.033926,0.08527,0.018202,-0.050639,0.900559,0.351581,-0.2557,-0.285469,0.921848,0.262112,0.32787,-0.163054,0.930545,-1.7e-05,-0.000208,-0.00028,-3e-06,-3e-06,2.1e-05,-1.002787
554,0.165371,-0.062625,0.307503,-0.914162,-0.324076,-0.243572,0.256522,-0.927668,0.271293,-0.312735,0.185921,0.931481,-0.0,-5e-06,-7e-06,0.0,0.0,0.0,-0.995435,-0.121982,-0.041688,0.301521,-0.244038,-0.798494,0.550313,0.969705,-0.200721,0.138986,-0.000229,0.568556,0.822562,9.9e-05,-0.000762,-0.000981,0.00481,-0.006476,-0.003977,0.106174,0.065772,0.033528,-0.005238,0.316442,0.783577,0.534669,-0.948399,0.249427,0.195762,0.020034,-0.569028,0.822073,6.7e-05,-0.000508,-0.000655,-0.015105,0.020372,0.004739,-0.038171,0.085276,0.018205,-0.050643,0.900563,0.35155,-0.255728,-0.285445,0.921865,0.262077,0.32788,-0.163021,0.930547,1e-06,1.1e-05,1.5e-05,-5e-06,2e-06,1.8e-05,-1.0005
555,0.165372,-0.06262,0.30751,-0.914177,-0.32395,-0.243685,0.256385,-0.927718,0.271251,-0.312805,0.185891,0.931464,4e-06,4.1e-05,5.5e-05,0.0,0.0,0.0,-0.992983,-0.121871,-0.041723,0.301492,-0.242143,-0.804042,0.543024,0.970139,-0.195521,0.143308,-0.008764,0.562513,0.82666,0.000114,-0.000871,-0.001122,0.010429,-0.014062,-0.008619,0.097356,0.065828,0.03351,-0.005254,0.314462,0.789222,0.527486,-0.948823,0.244292,0.200134,0.029089,-0.563426,0.825653,7.3e-05,-0.000551,-0.000709,-0.005948,0.01235,-0.003524,-0.048948,0.085276,0.018208,-0.050639,0.900582,0.351421,-0.255839,-0.285308,0.92192,0.262034,0.327948,-0.16299,0.930528,0.0,2.1e-05,2.8e-05,-0.0,6e-06,5e-06,-0.997724
556,0.16536,-0.062615,0.307517,-0.914202,-0.32373,-0.243881,0.256147,-0.927805,0.271179,-0.312925,0.18584,0.931434,0.0,1e-06,2e-06,0.0,0.0,0.0,-0.990301,-0.121829,-0.041769,0.30151,-0.241335,-0.808108,0.537318,0.970203,-0.190376,0.149658,-0.018358,0.558434,0.829264,1e-06,-5e-06,-7e-06,-0.001088,-0.0014,0.000957,0.086853,0.065849,0.033485,-0.005247,0.31365,0.793193,0.521985,-0.94873,0.239113,0.206724,0.039159,-0.560062,0.827524,-3e-06,2.3e-05,2.9e-05,0.001595,0.002982,-0.000277,-0.061522,0.08527,0.018211,-0.050635,0.900613,0.3512,-0.256033,-0.285074,0.922014,0.261958,0.328066,-0.162935,0.930496,0.0,-5e-06,-7e-06,7e-06,-2e-06,5e-06,-0.995765
557,0.16536,-0.062609,0.307524,-0.914217,-0.323604,-0.243995,0.256009,-0.927855,0.271137,-0.312994,0.18581,0.931416,2e-06,2.5e-05,3.4e-05,0.0,0.0,0.0,-0.98924,-0.121839,-0.041782,0.30153,-0.242633,-0.811285,0.531918,0.969814,-0.190632,0.151841,-0.021495,0.553716,0.832346,-8.6e-05,0.00066,0.000851,0.022425,-0.033066,-0.018481,0.076676,0.065844,0.033478,-0.005239,0.314761,0.796438,0.516344,-0.948216,0.239456,0.208677,0.042557,-0.55529,0.830567,-0.00784,-0.000494,0.000701,0.00401,-0.016506,-0.042699,-0.070666,0.085271,0.018214,-0.050632,0.900631,0.351072,-0.256145,-0.284938,0.922068,0.261915,0.328134,-0.162903,0.930478,1e-06,7e-06,8e-06,1.2e-05,3e-06,-2e-06,-0.994785
558,0.165348,-0.062609,0.307525,-0.914253,-0.323289,-0.244275,0.255669,-0.927979,0.271034,-0.313166,0.185736,0.931373,0.0,0.0,0.0,0.0,0.0,0.0,-0.987474,-0.121865,-0.041769,0.301585,-0.239875,-0.818536,0.521969,0.969975,-0.180777,0.162489,-0.038356,0.546296,0.836632,-7.8e-05,0.000593,0.000764,-0.040533,-0.051769,0.035317,0.055277,0.065831,0.033486,-0.005209,0.311831,0.803715,0.506756,-0.948232,0.229493,0.219516,0.060131,-0.548975,0.833672,-4.8e-05,0.000365,0.000474,-0.141227,-0.179831,0.124846,-0.097282,0.085264,0.018214,-0.050631,0.900676,0.350756,-0.256421,-0.284603,0.922202,0.261806,0.328303,-0.162824,0.930432,3e-06,-4e-06,-9e-06,1.6e-05,5e-06,0.0,-0.993316
559,0.16536,-0.062609,0.307524,-0.914294,-0.322938,-0.244588,0.255289,-0.928118,0.270918,-0.313358,0.185654,0.931325,0.0,0.0,0.0,0.0,0.0,0.0,-0.986674,-0.121853,-0.041764,0.301605,-0.239851,-0.827182,0.508167,0.969453,-0.177129,0.169473,-0.049886,0.534326,0.843725,-0.0,3e-06,4e-06,-1.17809,-2.442937,1.206587,0.034961,0.065837,0.033489,-0.005198,0.311498,0.810198,0.496535,-0.947571,0.225659,0.226243,0.071254,-0.540977,0.838013,3e-06,-2.2e-05,-2.5e-05,-0.004644,0.014206,-5.9e-05,-0.124878,0.08527,0.018213,-0.050632,0.900725,0.350402,-0.25673,-0.284229,0.922352,0.261685,0.328492,-0.162736,0.930381,5e-06,-1e-06,-6e-06,4e-06,2.4e-05,-8e-06,-0.992173
