frame,MLTx,MLTy,MLTz,MLTR1,MLTR2,MLTR3,MLTR4,MLTR5,MLTR6,MLTR7,MLTR8,MLTR9,MLTTVx,MLTTVy,MLTTVz,MLTRVx,MLTRVy,MLTRVz,MLGA,MRTx,MRTy,MRTz,MRTR1,MRTR2,MRTR3,MRTR4,MRTR5,MRTR6,MRTR7,MRTR8,MRTR9,MRTTVx,MRTTVy,MRTTVz,MRTRVx,MRTRVy,MRTRVz,MRGA,SLTx,SLTy,SLTz,SLTR1,SLTR2,SLTR3,SLTR4,SLTR5,SLTR6,SLTR7,SLTR8,SLTR9,SLTTVx,SLTTVy,SLTTVz,SLTRVx,SLTRVy,SLTRVz,SLGA,SRTx,SRTy,SRTz,SRTR1,SRTR2,SRTR3,SRTR4,SRTR5,SRTR6,SRTR7,SRTR8,SRTR9,SRTTVx,SRTTVy,SRTTVz,SRTRVx,SRTRVy,SRTRVz,SRGA
877,0.111293,-0.023707,0.391927,-0.486914,-0.770072,-0.412248,0.353551,-0.605365,0.713097,-0.798091,0.202421,0.567541,0.00031,0.00134,0.000987,2.278471,-3.940783,-3.136472,-0.216814,-0.151229,0.004611,0.360991,0.6858,-0.595401,0.418531,0.057101,0.617179,0.784706,-0.726369,-0.513494,0.4567,-1e-06,1.8e-05,1.3e-05,0.0,0.0,0.0,-1.402022,0.0442,0.023398,0.003732,-0.544818,0.710505,0.44537,-0.122614,-0.592907,0.79588,0.82954,0.379001,0.410144,-0.0,2e-06,1e-06,-5e-06,-4e-06,7e-06,-0.917654,0.071437,0.01254,-0.043982,-0.462058,-0.784003,-0.414536,0.456928,-0.611066,0.646385,-0.760077,0.109255,0.640581,-9e-06,0.000702,0.000331,2.260051,-3.947319,-3.156024,-0.331825
878,0.111354,-0.023724,0.392017,-0.487702,-0.772295,-0.407127,0.354644,-0.601417,0.715889,-0.797124,0.205713,0.567716,0.0004,0.001731,0.001275,-0.008613,0.075181,-0.183988,-0.247187,-0.151218,0.00459,0.360975,0.685745,-0.595343,0.418702,0.056977,0.617272,0.784641,-0.726431,-0.513448,0.456653,7e-05,-0.001134,-0.000824,0.0,0.0,0.0,-1.402472,0.044205,0.02339,0.003726,-0.544765,0.71044,0.445539,-0.122513,-0.593021,0.795811,0.82959,0.378946,0.410095,4.7e-05,-0.000754,-0.000548,4e-06,3e-06,-1.5e-05,-0.917981,0.071467,0.012531,-0.043938,-0.460819,-0.787238,-0.409757,0.458891,-0.606548,0.649244,-0.759647,0.11115,0.640766,0.00023,0.001002,0.000736,0.002481,-0.0144,0.031644,-0.361871
879,0.11134,-0.023642,0.392077,-0.487716,-0.772143,-0.407399,0.354513,-0.601645,0.715762,-0.797174,0.205617,0.567681,0.000563,0.002435,0.001791,0.0,0.0,0.0,-0.326397,-0.151226,0.004554,0.36095,0.685621,-0.595212,0.419093,0.056697,0.617485,0.784495,-0.72657,-0.513345,0.456547,0.000105,-0.001708,-0.00124,-0.001797,0.013465,-0.025414,-1.402202,0.044201,0.023373,0.003714,-0.54465,0.710298,0.445905,-0.122295,-0.593268,0.79566,0.829698,0.378825,0.40999,9e-06,-0.000152,-0.000109,-9e-06,1e-06,2e-06,-0.917328,0.07146,0.012571,-0.043908,-0.460851,-0.787122,-0.409944,0.458808,-0.606712,0.649149,-0.759678,0.111075,0.640742,0.000332,0.001435,0.001057,0.001163,-0.010751,0.026917,-0.40547
880,0.111329,-0.023605,0.392117,-0.487732,-0.771966,-0.407715,0.354341,-0.601904,0.71563,-0.797241,0.205523,0.567622,0.000414,0.00179,0.001316,0.0,0.0,0.0,-0.380156,-0.151235,0.004546,0.360945,0.685607,-0.595197,0.419135,0.056667,0.617507,0.784479,-0.726585,-0.513334,0.456536,9e-06,-0.000149,-0.000108,0.0,0.0,0.0,-1.402056,0.044197,0.023365,0.003708,-0.544631,0.710274,0.445966,-0.122259,-0.593309,0.795635,0.829715,0.378805,0.409972,4e-06,-5.6e-05,-4.2e-05,-2e-06,2e-06,-5e-06,-0.917817,0.071455,0.012593,-0.043886,-0.460912,-0.786928,-0.410247,0.458641,-0.606981,0.649016,-0.759741,0.110983,0.640683,0.000206,0.000904,0.000665,-8.2e-05,0.000147,0.000168,-0.438454
881,0.1114,-0.023521,0.392166,-0.487742,-0.771565,-0.40846,0.35401,-0.602517,0.715278,-0.797381,0.205229,0.567531,0.00058,0.010565,-0.009225,0.035488,-0.013998,0.017782,-0.512783,-0.151285,0.004535,0.360941,0.685523,-0.595107,0.419402,0.056475,0.617653,0.784378,-0.72668,-0.513264,0.456464,0.0,-0.0,-0.0,0.0,0.0,0.0,-1.402127,0.044172,0.02336,0.003707,-0.54455,0.710172,0.446229,-0.122102,-0.593487,0.795527,0.829792,0.378719,0.409897,-2e-06,1.9e-05,1.2e-05,-1.5e-05,1.2e-05,-8e-06,-0.915858,0.071491,0.012632,-0.043857,-0.461024,-0.786496,-0.41095,0.458311,-0.607589,0.648679,-0.759873,0.110714,0.640573,0.006981,-0.000555,-0.000392,0.000918,-0.01462,0.029661,-0.523039
882,0.111515,-0.023444,0.392032,-0.491384,-0.769473,-0.408043,0.356526,-0.605187,0.711765,-0.794015,0.205226,0.572232,0.01356,-0.002856,-0.002067,0.299148,0.274398,0.133514,-0.658609,-0.151335,0.004538,0.360948,0.685407,-0.594984,0.419764,0.056215,0.617851,0.784241,-0.726808,-0.513169,0.456366,-0.0,2e-06,1e-06,0.0,0.0,0.0,-1.40212,0.044147,0.023362,0.00371,-0.544439,0.710032,0.446587,-0.121888,-0.593728,0.795379,0.829897,0.378602,0.409793,1e-06,2e-06,2e-06,-1.1e-05,1.1e-05,-1.1e-05,-0.915368,0.071543,0.012676,-0.043926,-0.463559,-0.78517,-0.410632,0.45999,-0.60934,0.645842,-0.757311,0.110499,0.643636,-0.000129,-0.000561,-0.000414,0.547762,0.461152,0.138401,-0.627381
883,0.111574,-0.023394,0.391915,-0.493182,-0.768458,-0.407784,0.357893,-0.6065,0.709959,-0.792282,0.205149,0.574656,0.000143,0.008678,-0.01061,0.222709,0.167658,0.083188,-0.782468,-0.151354,0.004529,0.360943,0.685344,-0.594917,0.419964,0.056071,0.617959,0.784166,-0.726879,-0.513116,0.456312,5e-06,-9e-05,-6.5e-05,0.0,0.0,0.0,-1.402095,0.044137,0.023357,0.003708,-0.544377,0.709956,0.446783,-0.121771,-0.593861,0.795298,0.829955,0.378537,0.409736,3e-06,-4.1e-05,-2.8e-05,-7e-06,3e-06,-2e-06,-0.916184,0.071577,0.012696,-0.043982,-0.466142,-0.784074,-0.409804,0.461905,-0.610751,0.643138,-0.754556,0.110503,0.646865,-0.000146,-0.000642,-0.000473,0.286757,0.256095,0.083512,-0.690901
884,0.111754,-0.023275,0.391646,-0.496739,-0.766622,-0.406923,0.360853,-0.608861,0.706431,-0.788708,0.205023,0.579597,0.000123,0.008598,-0.010668,0.073777,0.023171,0.031205,-1.024662,-0.151373,0.004506,0.360928,0.685267,-0.594836,0.420202,0.0559,0.618089,0.784075,-0.726964,-0.513054,0.456247,9.9e-05,-0.001628,-0.001182,-0.001797,0.013465,-0.025414,-1.401951,0.044128,0.023349,0.003703,-0.544309,0.709872,0.446999,-0.121642,-0.594007,0.795209,0.830018,0.378466,0.409674,8e-06,-0.000119,-8.4e-05,-7e-06,1e-06,-1e-06,-0.917164,0.071663,0.012755,-0.044116,-0.470437,-0.782329,-0.408226,0.465153,-0.612972,0.638668,-0.749881,0.110565,0.652268,7e-06,0.004048,-0.005521,0.04516,0.012046,0.034044,-0.738419
885,0.111893,-0.023113,0.391422,-0.499543,-0.76248,-0.41125,0.362468,-0.615158,0.700121,-0.786191,0.201621,0.584192,0.014111,0.007619,-0.011356,0.048531,-0.017469,0.052016,-1.23119,-0.151359,0.004436,0.360876,0.685168,-0.594732,0.42051,0.055679,0.618257,0.783959,-0.727075,-0.512972,0.456163,0.000179,-0.002939,-0.002137,-0.001797,0.013465,-0.025414,-1.402039,0.044135,0.023316,0.003678,-0.544214,0.709754,0.447303,-0.121461,-0.594212,0.795084,0.830107,0.378366,0.409586,6.9e-05,-0.001128,-0.00082,-4e-06,5e-06,-1.3e-05,-0.917654,0.071731,0.012834,-0.044231,-0.473936,-0.778144,-0.412157,0.466569,-0.618871,0.63191,-0.74679,0.107185,0.656364,0.000195,0.004875,-0.00491,0.013535,-0.020341,0.020199,-0.74691
886,0.111933,-0.022915,0.391223,-0.500068,-0.758815,-0.417345,0.362896,-0.621212,0.694532,-0.785659,0.196801,0.586546,1e-06,6e-06,4e-06,-0.007071,0.076996,-0.183201,-1.410134,-0.15131,0.004303,0.360789,0.685037,-0.594593,0.420922,0.055364,0.618468,0.783815,-0.727223,-0.51288,0.456031,0.000216,-0.00354,-0.002577,0.0,0.0,0.0,-1.362587,0.044159,0.023246,0.003632,-0.54408,0.709588,0.447729,-0.121185,-0.594489,0.794918,0.830235,0.378242,0.409442,0.000114,-0.001861,-0.001357,-1.6e-05,1e-05,-1e-05,-0.914878,0.071757,0.012937,-0.044333,-0.475182,-0.774147,-0.418208,0.466754,-0.624688,0.626022,-0.745883,0.102274,0.658177,0.000191,0.004852,-0.004928,0.020078,-0.01769,0.010799,-0.750339
887,0.111896,-0.022814,0.391132,-0.500015,-0.75893,-0.4172,0.36325,-0.621132,0.694418,-0.785529,0.196612,0.586784,0.000373,0.009688,-0.009862,0.035504,-0.014007,0.017781,-1.499747,-0.151277,0.004263,0.360757,0.685021,-0.594576,0.420972,0.055328,0.618495,0.783796,-0.727241,-0.512867,0.456017,0.013348,0.000218,-0.000998,0.002045,-0.015205,0.029245,-1.153454,0.044171,0.023221,0.003613,-0.544057,0.70956,0.4478,-0.121142,-0.594538,0.794889,0.830256,0.378218,0.409421,3.3e-05,-0.000514,-0.000375,6e-06,-5e-06,-2e-06,-0.862952,0.071738,0.012984,-0.044375,-0.475019,-0.774401,-0.417922,0.467072,-0.624384,0.626089,-0.745788,0.102205,0.658295,3e-06,2e-06,2e-06,-0.002162,-0.001411,-0.001712,-0.750176
888,0.111871,-0.02262,0.39093,-0.504428,-0.755535,-0.418049,0.359731,-0.624044,0.693639,-0.784322,0.200442,0.587102,0.000601,0.010677,-0.009133,0.035477,-0.014047,0.017766,-1.634192,-0.151287,0.004292,0.360854,0.687336,-0.592017,0.420805,0.050701,0.616905,0.785361,-0.725392,-0.517717,0.453475,-0.00021,0.003437,0.002501,-0.7218,-1.284588,-0.740835,-0.589499,0.044171,0.023233,0.003659,-0.546324,0.70786,0.447732,-0.116344,-0.593511,0.796371,0.829453,0.382986,0.406604,-0.000104,0.001935,0.001406,-0.695439,-1.308868,-0.764087,-0.660798,0.071725,0.013078,-0.044478,-0.479708,-0.771352,-0.418205,0.46373,-0.627501,0.625456,-0.744871,0.106102,0.658717,0.000162,0.00068,0.000501,0.000719,-0.001204,0.000214,-0.750176
889,0.111868,-0.022429,0.390739,-0.504353,-0.75516,-0.418816,0.359916,-0.624743,0.692914,-0.784286,0.19967,0.587414,0.000327,0.009485,-0.010008,0.035474,-0.014063,0.017759,-1.809543,-0.151337,0.004284,0.361212,0.697663,-0.580119,0.420381,0.033,0.612033,0.790101,-0.716501,-0.536611,0.445576,0.000746,-0.004472,0.013256,-0.202938,0.079864,0.027782,-0.182918,0.044146,0.023231,0.003839,-0.559166,0.697547,0.448063,-0.097566,-0.592061,0.799964,0.823294,0.403597,0.399118,0.000349,-0.002032,0.006779,-0.205643,0.082597,0.029293,-0.527227,0.071725,0.013177,-0.044571,-0.479703,-0.770944,-0.418961,0.463923,-0.628138,0.624674,-0.744754,0.105293,0.658979,-3e-05,-0.000146,-0.000107,0.000275,-0.000393,-0.000391,-0.752135
890,0.111871,-0.022335,0.390631,-0.504308,-0.755009,-0.419142,0.360059,-0.625048,0.692564,-0.784249,0.199286,0.587594,0.000303,0.009378,-0.010085,0.035473,-0.01407,0.017756,-1.899567,-0.151429,0.004254,0.361421,0.707825,-0.567565,0.42053,0.021669,0.612348,0.79025,-0.706903,-0.549521,0.445172,-0.012513,-0.00597,0.013317,-0.247967,-0.381706,-0.243818,-0.0421,0.0441,0.023218,0.003946,-0.571131,0.687218,0.448932,-0.086601,-0.594298,0.799568,0.816277,0.41778,0.398936,-0.00627,-0.002981,0.006666,-0.229288,-0.393777,-0.253587,-0.476606,0.071726,0.013228,-0.044629,-0.479688,-0.770772,-0.419296,0.464079,-0.62842,0.624274,-0.744667,0.10487,0.659145,0.000153,0.004675,-0.005055,0.035695,-0.014387,0.017438,-0.752952
891,0.111875,-0.022189,0.390471,-0.508709,-0.751665,-0.419834,0.356461,-0.627792,0.691943,-0.783045,0.203275,0.587833,0.000305,0.009387,-0.010078,0.03547,-0.014082,0.017751,-1.913867,-0.151668,0.004006,0.361871,0.729503,-0.543324,0.41547,0.002595,0.60948,0.792755,-0.684845,-0.576544,0.445473,-0.012363,-0.008462,0.01151,-0.057034,-0.012279,-0.068756,0.166701,0.043981,0.023098,0.004174,-0.597244,0.667044,0.445366,-0.067229,-0.594958,0.800939,0.799236,0.448414,0.40018,-0.006196,-0.004269,0.005733,-0.056343,-0.010054,-0.073241,-0.403452,0.071728,0.013297,-0.044705,-0.484371,-0.767769,-0.419421,0.460649,-0.631395,0.623813,-0.743765,0.108951,0.659502,-4.3e-05,-0.000205,-0.000151,0.000235,-0.000347,-0.000234,-0.749849
892,0.111875,-0.022174,0.390443,-0.508706,-0.751507,-0.420119,0.356382,-0.628033,0.691765,-0.783083,0.203113,0.587838,-0.0,-1e-06,-1e-06,0.0,0.0,0.0,-1.914298,-0.15208,0.003791,0.362311,0.75027,-0.518204,0.410548,-0.016281,0.606155,0.795138,-0.661828,-0.602588,0.445795,-0.012448,-0.007003,0.012564,-0.099739,-0.095514,-0.115377,0.321717,0.043784,0.022992,0.004381,-0.622091,0.646327,0.441884,-0.048303,-0.594996,0.802275,0.781452,0.477744,0.401361,-0.00679,0.00191,0.001963,-0.685747,-1.315157,-0.784071,-0.174355,0.071728,0.013307,-0.044723,-0.484391,-0.767597,-0.419712,0.460597,-0.631638,0.623604,-0.743784,0.10875,0.659513,4e-06,1.1e-05,8e-06,0.000123,-0.000211,-0.000206,-0.7474
893,0.111861,-0.022223,0.390484,-0.510957,-0.751871,-0.416723,0.358216,-0.626941,0.691808,-0.780776,0.205139,0.590198,-1.5e-05,-6.4e-05,-4.7e-05,0.000446,0.000434,0.000159,-1.914133,-0.152774,0.003779,0.362573,0.773297,-0.481573,0.41242,-0.046749,0.605224,0.794639,-0.633242,-0.633153,0.444955,-0.026818,0.002435,0.004033,-0.003965,0.013847,-0.034815,0.435229,0.043438,0.022981,0.004521,-0.651494,0.614007,0.44559,-0.017801,-0.599554,0.800135,0.758444,0.513352,0.401536,-0.013404,0.000783,0.001705,-0.008699,0.020897,-0.06351,0.129855,0.071721,0.013283,-0.044703,-0.486361,-0.768296,-0.41614,0.462385,-0.630425,0.623508,-0.741385,0.110833,0.661863,-7e-06,-2.9e-05,-2.2e-05,-0.007677,-0.005041,-0.000477,-0.748706
894,0.111859,-0.022244,0.390493,-0.510964,-0.751894,-0.416674,0.358198,-0.626895,0.691859,-0.78078,0.205195,0.590173,-1.3e-05,-5.5e-05,-4e-05,7e-06,6e-06,2e-06,-1.914265,-0.153238,0.003826,0.362585,0.784065,-0.46284,0.413537,-0.061885,0.604486,0.794167,-0.618521,-0.647675,0.444761,-0.026634,-0.000707,0.00176,-0.005756,0.027209,-0.060284,0.472273,0.043205,0.023011,0.004531,-0.665363,0.597494,0.447539,-0.002822,-0.601509,0.798859,0.746514,0.530269,0.401908,-0.01388,0.00495,-0.003524,0.027713,0.013044,-0.043871,0.285307,0.07172,0.013272,-0.044698,-0.486323,-0.768332,-0.416118,0.462324,-0.63037,0.623609,-0.741448,0.110894,0.661782,-5e-06,-2e-05,-1.4e-05,-0.001,-0.000981,-0.000318,-0.751646
895,0.111869,-0.022246,0.390492,-0.510972,-0.751733,-0.416953,0.358056,-0.627121,0.691728,-0.780839,0.205093,0.590131,-0.0,-0.0,-0.0,0.0,0.0,0.0,-1.913524,-0.154378,0.003856,0.362457,0.798203,-0.445808,0.405115,-0.069438,0.599768,0.797114,-0.599325,-0.663814,0.447239,-0.026472,-0.003724,-0.000428,-2.242964,-4.374957,-2.530016,0.501102,0.042635,0.023026,0.004468,-0.679317,0.587429,0.439835,0.001954,-0.597906,0.801563,0.733842,0.545375,0.40502,-0.019865,-0.002683,-0.000232,-0.005735,0.051599,-0.095728,0.450068,0.071725,0.013271,-0.044699,-0.486352,-0.768166,-0.416391,0.46219,-0.630593,0.623484,-0.741513,0.110781,0.661729,-2e-06,7e-06,4e-06,8.8e-05,-0.0002,-0.00018,-0.753442
896,0.111789,-0.022212,0.390492,-0.512801,-0.750858,-0.416284,0.359322,-0.62811,0.690172,-0.779056,0.205272,0.592421,0.000232,0.001007,0.000741,0.349316,0.340096,0.124659,-1.91095,-0.155648,0.004122,0.362212,0.81235,-0.426504,0.397709,-0.076643,0.597806,0.797927,-0.579081,-0.678127,0.452407,-0.040933,0.00858,-0.006912,0.012764,0.001355,-0.088723,0.524823,0.042006,0.023149,0.004343,-0.700501,0.566719,0.433735,0.012991,-0.597543,0.801731,0.713532,0.567248,0.411217,-0.014371,0.010222,-0.007956,0.00318,-0.099897,-0.090273,0.497259,0.071685,0.013286,-0.044701,-0.486623,-0.768063,-0.416263,0.462407,-0.630719,0.623195,-0.741199,0.110778,0.66208,-0.00671,0.001713,0.001244,0.409974,0.414773,0.116946,-0.754258
897,0.111677,-0.022217,0.390551,-0.512842,-0.750771,-0.41639,0.359155,-0.628192,0.690184,-0.779106,0.205337,0.592332,0.000315,0.001368,0.001006,0.005106,0.004973,0.001822,-1.899444,-0.156307,0.004299,0.362049,0.825389,-0.402609,0.395765,-0.092377,0.595069,0.798306,-0.557939,-0.694952,0.453442,-0.027603,0.008744,-0.00792,-2.155363,-4.390802,-2.545631,0.533125,0.041671,0.023239,0.004263,-0.714447,0.549861,0.432686,0.025498,-0.597527,0.801443,0.699224,0.583621,0.412881,-0.020443,0.003913,-0.003725,0.028435,0.037555,-0.071302,0.509995,0.071629,0.013283,-0.044671,-0.48834,-0.767361,-0.415547,0.463376,-0.631529,0.621653,-0.739462,0.111024,0.663978,0.000182,0.000806,0.000595,-0.014831,-0.018772,0.02714,-0.752952
898,0.111537,-0.022328,0.390686,-0.512933,-0.750665,-0.416469,0.35874,-0.628219,0.690375,-0.779237,0.205643,0.592054,-0.013775,0.001866,0.001339,-0.000983,0.014716,-0.029553,-1.852084,-0.157723,0.004613,0.361713,0.837683,-0.376553,0.395582,-0.113394,0.588417,0.800526,-0.535249,-0.714955,0.449679,-0.027558,0.008397,-0.008182,-0.106982,0.076408,-0.0027,0.536327,0.040963,0.023396,0.004095,-0.734493,0.521926,0.433718,0.051039,-0.594825,0.802232,0.676693,0.611371,0.410257,-0.020414,0.003723,-0.00387,-0.191439,0.037735,-0.067992,0.51914,0.071564,0.01323,-0.044602,-0.488347,-0.76727,-0.415707,0.462828,-0.631582,0.622007,-0.739801,0.111354,0.663545,-0.000224,-0.004987,0.004825,-0.035838,0.013595,-0.017996,-0.746257
899,0.111363,-0.022426,0.390792,-0.512618,-0.749352,-0.419213,0.35769,-0.630249,0.689069,-0.779927,0.20421,0.591642,-0.013771,0.001895,0.001359,0.004428,0.002565,-0.011558,-1.850995,-0.158871,0.004896,0.361481,0.84015,-0.37162,0.395016,-0.115886,0.58832,0.80024,-0.530826,-0.717616,0.450682,-0.040823,0.00818,-0.007248,0.030262,0.037011,-0.06848,0.536371,0.040379,0.023541,0.003976,-0.737652,0.517694,0.43343,0.053439,-0.595168,0.801822,0.673062,0.614628,0.411362,-0.02041,0.0041,-0.003602,0.03309,0.037765,-0.069405,0.521099,0.071477,0.01318,-0.044549,-0.488351,-0.765781,-0.418438,0.461823,-0.633648,0.620651,-0.740426,0.109852,0.663098,-2.3e-05,-9.5e-05,-6.8e-05,0.018086,-0.040538,0.0598,-0.744134
900,0.111254,-0.022424,0.390768,-0.51263,-0.749275,-0.419337,0.357667,-0.630365,0.688975,-0.779929,0.204135,0.591664,-4.3e-05,-0.000186,-0.000137,0.0,0.0,0.0,-1.78724,-0.160087,0.004894,0.361322,0.847136,-0.350837,0.39908,-0.132963,0.586988,0.798562,-0.515474,-0.729096,0.450076,-0.039611,-0.008023,-0.002497,-0.206428,-0.338087,-0.336999,0.536646,0.03977,0.023548,0.003903,-0.747918,0.498617,0.438177,0.070274,-0.596926,0.799212,0.66006,0.628538,0.411412,-0.019797,-0.004218,-0.001389,-0.206073,-0.341133,-0.34067,0.521915,0.071418,0.013182,-0.044561,-0.488378,-0.765737,-0.418488,0.461823,-0.633708,0.62059,-0.740408,0.109816,0.663125,-2.2e-05,-8.8e-05,-6.2e-05,3.2e-05,-4e-06,-0.000224,-0.740215
901,0.111307,-0.02241,0.39074,-0.512621,-0.749122,-0.41962,0.357589,-0.630599,0.688801,-0.779971,0.20397,0.591666,-1e-06,-3e-06,-2e-06,0.0,0.0,0.0,-1.723409,-0.160817,0.004682,0.361268,0.852241,-0.335248,0.401603,-0.145576,0.585168,0.797696,-0.503492,-0.737856,0.449362,-0.039548,-0.010917,-0.0046,-0.008413,0.058148,-0.113677,0.536446,0.03942,0.023447,0.003878,-0.755691,0.484088,0.441122,0.082984,-0.597339,0.797682,0.649649,0.639408,0.411232,-0.019767,-0.005635,-0.002422,-0.009004,0.057337,-0.114038,0.522079,0.071444,0.013189,-0.044575,-0.488403,-0.765572,-0.418761,0.46175,-0.633937,0.62041,-0.740437,0.109647,0.66312,3e-06,2.1e-05,1.6e-05,4.5e-05,-7.2e-05,-0.000111,-0.720457
902,0.111541,-0.022328,0.390622,-0.512558,-0.748754,-0.420353,0.357528,-0.631213,0.68827,-0.78004,0.203418,0.591764,0.000435,0.009939,-0.009673,0.035469,-0.014095,0.017744,-1.664742,-0.162553,0.004122,0.361108,0.862833,-0.315164,0.395197,-0.150269,0.586336,0.795967,-0.483653,-0.74576,0.458021,-0.039622,-0.011836,-0.00531,0.241963,-0.135452,-0.226823,0.5363,0.038553,0.023161,0.003794,-0.769742,0.466773,0.435454,0.087217,-0.598852,0.796095,0.632368,0.650768,0.420251,-0.026453,-0.006393,-0.002441,0.387293,-0.289351,-0.12531,0.522732,0.071555,0.013227,-0.044629,-0.488428,-0.765186,-0.419437,0.461691,-0.634494,0.619885,-0.740458,0.109118,0.663184,4.1e-05,0.000179,0.000129,4.7e-05,-4.8e-05,-6.8e-05,-0.71017
903,0.111632,-0.02221,0.390518,-0.512502,-0.748533,-0.420815,0.357622,-0.631623,0.687845,-0.780034,0.202957,0.591931,1e-05,4.4e-05,3.2e-05,0.0,0.0,0.0,-1.629308,-0.164568,0.003708,0.361037,0.871433,-0.305872,0.383454,-0.143739,0.58797,0.795967,-0.47001,-0.748349,0.467897,-0.053113,-0.008246,-0.001681,0.081682,-0.081004,-0.005876,0.536683,0.03755,0.022946,0.003751,-0.780856,0.458309,0.424518,0.080383,-0.600183,0.795812,0.619517,0.655539,0.431817,-0.026093,-0.00897,0.003918,0.014331,-0.074622,-0.003927,0.523058,0.071607,0.01329,-0.044685,-0.488426,-0.764919,-0.419925,0.461784,-0.634902,0.619398,-0.740401,0.108615,0.663331,0.000192,0.004858,-0.00492,0.035498,-0.014134,0.017706,-0.713109
904,0.111654,-0.022162,0.390452,-0.512477,-0.748394,-0.421092,0.357656,-0.631868,0.687602,-0.780035,0.202702,0.592017,-0.000103,-0.000446,-0.000328,0.0,0.0,0.0,-1.629054,-0.165601,0.003537,0.361047,0.878157,-0.292304,0.37867,-0.146624,0.588791,0.794833,-0.456385,-0.753127,0.473683,-0.052239,-0.017615,0.008,0.250621,-0.240892,-0.096339,0.53681,0.037014,0.022857,0.003756,-0.789796,0.446784,0.420245,0.08324,-0.600731,0.795105,0.607695,0.662952,0.437264,-0.026123,-0.008733,0.004076,0.332098,-0.269928,-0.127101,0.523058,0.071618,0.013315,-0.044718,-0.488434,-0.764766,-0.420194,0.461817,-0.63513,0.619139,-0.740375,0.108356,0.663401,-6.8e-05,-0.000309,-0.00023,2.2e-05,-2.8e-05,-3.9e-05,-0.718987
905,0.111645,-0.021956,0.390285,-0.512398,-0.748152,-0.421618,0.357931,-0.632368,0.686999,-0.779961,0.202034,0.592343,0.000156,0.000677,0.000498,0.0,0.0,0.0,-1.630029,-0.167657,0.003155,0.3609,0.892447,-0.250087,0.375481,-0.168342,0.587326,0.791607,-0.419614,-0.769346,0.481552,-0.053182,-0.012766,-0.005044,-0.048221,-0.434232,-0.4535,0.536618,0.035986,0.022677,0.00369,-0.811739,0.407333,0.418519,0.104503,-0.603745,0.790297,0.574593,0.685252,0.447516,-0.026587,-0.006577,-0.002647,-0.058028,-0.43087,-0.459268,0.523385,0.071613,0.013416,-0.044803,-0.488417,-0.764493,-0.420711,0.462078,-0.635574,0.618488,-0.740223,0.107679,0.663681,0.000296,0.005294,-0.004599,0.035477,-0.014138,0.017717,-0.729601
906,0.111614,-0.021636,0.389948,-0.512242,-0.747938,-0.422188,0.35862,-0.632959,0.686095,-0.779747,0.200968,0.592987,0.000345,0.009547,-0.009955,0.035459,-0.014144,0.017724,-1.631838,-0.169483,0.002366,0.360447,0.903827,-0.216542,0.369048,-0.184095,0.58152,0.792387,-0.387323,-0.783832,0.485233,-0.039933,-0.025185,-0.015254,-0.005758,0.028228,-0.111974,0.536654,0.035103,0.022313,0.003485,-0.8294,0.376037,0.413147,0.121167,-0.600851,0.790123,0.545356,0.705388,0.452783,-0.026627,-0.01328,-0.007591,-0.068171,-0.582375,0.688067,0.523548,0.071602,0.013569,-0.044964,-0.488331,-0.764241,-0.421268,0.462695,-0.636052,0.617535,-0.739895,0.106643,0.664215,0.000167,0.004728,-0.005013,0.035486,-0.014164,0.017735,-0.73548
907,0.111655,-0.021194,0.389509,-0.512778,-0.746394,-0.424263,0.353374,-0.633888,0.687957,-0.781785,0.20377,0.589336,0.000796,0.01955,-0.019567,-0.180446,-0.274857,-0.056188,-1.627589,-0.171005,0.001145,0.359635,0.910311,-0.204285,0.35999,-0.183834,0.579417,0.793987,-0.371921,-0.78868,0.48941,-0.041049,-0.02485,-0.031855,0.097668,-0.019995,-0.117351,0.536659,0.034342,0.021707,0.003088,-0.838296,0.36532,0.40472,0.121427,-0.598572,0.791811,0.531519,0.712918,0.457421,-0.013375,-0.018322,-0.012457,0.093254,-0.470115,0.564598,0.523875,0.071617,0.01379,-0.045183,-0.49011,-0.762274,-0.422763,0.458218,-0.637898,0.618967,-0.741503,0.109644,0.661929,0.000212,0.004908,-0.004876,-0.411543,-0.401722,-0.10465,-0.737439
908,0.111739,-0.020942,0.389249,-0.512646,-0.746081,-0.424974,0.353778,-0.634556,0.687133,-0.781689,0.202834,0.589786,0.000887,0.019952,-0.019266,0.067229,-0.031984,0.034067,-1.61594,-0.171624,0.000478,0.35909,0.914692,-0.197438,0.352631,-0.181311,0.579046,0.794837,-0.362265,-0.790702,0.493375,-0.02692,-0.039391,-0.02718,-0.012549,-0.289487,0.133598,0.53635,0.034012,0.021364,0.002804,-0.84421,0.359217,0.397835,0.119007,-0.598076,0.792554,0.522635,0.716427,0.462152,-0.013866,-0.015002,-0.018425,-0.130483,-0.914257,0.543793,0.524038,0.071659,0.013916,-0.045314,-0.488991,-0.762333,-0.423951,0.457989,-0.638019,0.619012,-0.742383,0.108526,0.661126,0.007126,0.004139,-0.005426,0.05261,-0.020462,0.047414,-0.737603
909,0.112019,-0.020417,0.388655,-0.511725,-0.750252,-0.418695,0.355853,-0.628671,0.691458,-0.781353,0.205772,0.589214,0.014097,0.007724,-0.011254,0.027266,0.04741,-0.136181,-1.594274,-0.172707,-0.001033,0.357868,0.922778,-0.172265,0.344669,-0.188754,0.577431,0.794279,-0.337003,-0.797768,0.499858,-0.027216,-0.043785,-0.030912,-0.164491,-0.396376,-0.262595,0.536118,0.03347,0.020605,0.00219,-0.857015,0.336144,0.390554,0.126348,-0.597711,0.791693,0.499561,0.727838,0.469776,-0.013588,-0.021846,-0.015375,-0.595356,-1.317673,-0.849563,0.523875,0.071795,0.014184,-0.045613,-0.487263,-0.766677,-0.418067,0.46001,-0.632288,0.623379,-0.742269,0.111435,0.66077,0.007253,0.008741,-0.010525,0.084209,-0.039544,0.069496,-0.735153
910,0.112552,-0.019802,0.387912,-0.527547,-0.739687,-0.417855,0.341882,-0.63515,0.692585,-0.777041,0.22343,0.588485,0.014486,0.017561,-0.020974,0.069985,-0.040574,0.06724,-1.589724,-0.1736,-0.0028,0.356416,0.925294,-0.15141,0.347702,-0.202202,0.578367,0.790279,-0.321913,-0.80134,0.504074,-0.027564,-0.050409,-0.036546,0.057624,0.053697,-0.246786,0.536084,0.033029,0.019744,0.001482,-0.863158,0.315877,0.393927,0.139341,-0.600851,0.787121,0.485325,0.734301,0.474615,-0.007383,-0.019642,-0.022989,0.120771,-0.004913,-0.185655,0.524038,0.072055,0.014481,-0.045973,-0.503747,-0.757554,-0.415149,0.446769,-0.639788,0.625354,-0.739347,0.129545,0.660743,0.007061,0.003881,-0.005612,0.016996,0.081992,-0.106045,-0.739889
911,0.112814,-0.019486,0.387547,-0.536508,-0.734336,-0.415879,0.335777,-0.63789,0.693053,-0.773552,0.233096,0.589332,0.014752,0.018779,-0.020074,0.071355,-0.042352,0.06565,-1.590427,-0.17391,-0.003641,0.355651,0.925536,-0.151266,0.34712,-0.201771,0.578397,0.790367,-0.321487,-0.801345,0.504336,-0.014093,-0.049788,-0.03745,-0.034907,-1.397658,2.176775,0.536106,0.032864,0.019299,0.001082,-0.862367,0.315313,0.396106,0.141166,-0.601598,0.786225,0.486204,0.733932,0.474287,-0.007437,-0.02003,-0.023454,0.024128,-7.8e-05,0.016515,0.524038,0.072191,0.014642,-0.046166,-0.512946,-0.753,-0.41216,0.440985,-0.643087,0.626075,-0.73649,0.139386,0.661931,0.007417,0.009493,-0.009961,0.07418,-0.055242,0.098748,-0.744297
912,0.113383,-0.018807,0.386775,-0.545638,-0.729568,-0.412378,0.330991,-0.639709,0.693678,-0.769209,0.242908,0.591051,0.014549,0.017989,-0.020644,0.071852,-0.043217,0.064931,-1.592363,-0.174477,-0.00532,0.353857,0.92485,-0.150741,0.349172,-0.203445,0.579295,0.789279,-0.322408,-0.800796,0.504621,-0.001445,-0.040622,-0.049175,0.02752,0.057879,-0.108254,0.533992,0.032575,0.018437,0.000168,-0.862708,0.315151,0.39549,0.140497,-0.601905,0.78611,0.485791,0.73375,0.474991,-0.000701,-0.020504,-0.024727,0.028097,0.061995,-0.110885,0.524038,0.072476,0.014985,-0.046549,-0.522099,-0.749146,-0.407665,0.436414,-0.645328,0.626971,-0.732771,0.149431,0.663863,0.007296,0.009021,-0.010308,0.073761,-0.047297,0.06939,-0.7603
913,0.113963,-0.01826,0.386097,-0.552987,-0.725409,-0.409917,0.324538,-0.640675,0.695832,-0.7667,0.252652,0.590226,0.014,0.007546,-0.011375,0.024977,-0.0255,0.052892,-1.596624,-0.174873,-0.006862,0.351972,0.925801,-0.150649,0.346682,-0.201133,0.579888,0.789436,-0.321123,-0.800384,0.506091,-0.015261,-0.039173,-0.047672,0.036007,-0.006966,0.012167,0.533828,0.032383,0.017676,-0.00076,-0.86377,0.315275,0.393068,0.13811,-0.602068,0.786409,0.484589,0.733563,0.476505,-0.000719,-0.018858,-0.023774,0.028112,0.061333,-0.111021,0.524038,0.072767,0.015263,-0.046891,-0.52939,-0.745754,-0.404469,0.430133,-0.646872,0.629714,-0.731253,0.159389,0.663221,0.0072,0.008635,-0.010585,0.071914,-0.00955,0.095452,-0.772057
914,0.11466,-0.017897,0.385474,-0.578519,-0.705335,-0.409712,0.302572,-0.65205,0.695164,-0.756757,0.279072,0.591155,0.013705,0.006274,-0.012311,0.035919,-0.028118,0.047968,-1.606979,-0.175031,-0.008313,0.350168,0.924803,-0.152405,0.348575,-0.202072,0.579215,0.789691,-0.32341,-0.800537,0.504391,-0.001519,-0.036065,-0.046906,0.02369,0.061258,-0.106164,0.533489,0.032298,0.016935,-0.001682,-0.86231,0.316976,0.3949,0.139179,-0.601458,0.786686,0.486877,0.73333,0.474528,-0.000733,-0.017982,-0.023405,0.043769,0.054701,-0.110478,0.523875,0.07312,0.015447,-0.047206,-0.55641,-0.727717,-0.401041,0.409211,-0.660057,0.629975,-0.723155,0.186415,0.665053,0.006857,0.003077,-0.006205,0.03849,-0.030739,0.050521,-0.788386
915,0.114984,-0.017732,0.385113,-0.591272,-0.695566,-0.408203,0.292005,-0.656473,0.69552,-0.75102,0.292906,0.591779,0.013646,0.014137,-0.023464,0.010936,0.06059,0.153256,-1.626192,-0.175118,-0.00902,0.349133,0.924928,-0.15439,0.347366,-0.200533,0.57782,0.791103,-0.324011,-0.801161,0.503012,-0.001587,-0.038717,-0.049444,-0.110903,0.183356,-0.06284,0.533071,0.032256,0.016611,-0.002154,-0.862437,0.318444,0.393439,0.137861,-0.600129,0.787933,0.487027,0.733783,0.473673,-0.007693,-0.01946,-0.024241,-0.215415,0.17463,0.125923,0.524202,0.073278,0.015527,-0.047377,-0.569607,-0.719199,-0.397869,0.399164,-0.665213,0.630999,-0.718482,0.200606,0.665988,0.006552,0.001705,-0.007218,-0.16692,0.329601,0.320656,-0.79704
916,0.115433,-0.017349,0.384327,-0.618579,-0.671074,-0.408735,0.271165,-0.670584,0.690477,-0.736684,0.317111,0.597298,0.013583,0.013881,-0.023648,0.12149,0.055563,0.118505,-1.667962,-0.175212,-0.010216,0.347136,0.925723,-0.15643,0.344325,-0.197171,0.576981,0.792559,-0.323807,-0.801367,0.502815,-0.002325,-0.021434,-0.053338,0.057723,0.053541,-0.086218,0.52737,0.032209,0.015996,-0.003166,-0.862711,0.321197,0.390591,0.134884,-0.598244,0.789879,0.487376,0.734122,0.472787,0.005824,-0.010687,-0.027181,0.085754,0.033154,-0.067727,0.523875,0.073496,0.01571,-0.047763,-0.598639,-0.697002,-0.394738,0.379238,-0.680684,0.626774,-0.705555,0.225513,0.671814,-0.000224,0.002956,-0.0063,-0.082075,0.42385,0.354172,-0.808471
917,0.115734,-0.016861,0.383505,-0.648698,-0.641778,-0.409093,0.245866,-0.685454,0.685329,-0.719437,0.344784,0.60296,0.013438,0.01325,-0.024107,-0.316637,1.400261,1.157421,-1.706522,-0.175109,-0.011106,0.345427,0.926547,-0.158709,0.341048,-0.193471,0.576155,0.794071,-0.323682,-0.801511,0.502667,-0.001406,-0.024906,-0.038975,0.041227,-0.049592,0.092009,0.526742,0.032259,0.015538,-0.004046,-0.863264,0.323507,0.38745,0.131474,-0.596992,0.791399,0.487328,0.734127,0.472829,0.006318,-0.011872,-0.019546,0.039591,0.02662,-0.055776,0.524038,0.073652,0.01596,-0.048182,-0.628717,-0.67175,-0.391747,0.355163,-0.696207,0.623821,-0.69179,0.253073,0.676298,-0.000357,0.002822,-0.0064,-1.714813,4.237869,3.493164,-0.804715
918,0.115823,-0.0166,0.383088,-0.663491,-0.626003,-0.409812,0.23007,-0.691919,0.684316,-0.711116,0.360528,0.603624,0.013419,0.013176,-0.024158,-0.129319,0.313819,0.341256,-1.742047,-0.174965,-0.011587,0.344709,0.926081,-0.160705,0.341379,-0.193242,0.57477,0.79513,-0.325155,-0.802104,0.500766,-0.001328,-0.020535,-0.035427,0.006272,-0.033251,0.136297,0.526115,0.032331,0.015294,-0.004407,-0.862416,0.325412,0.387743,0.13167,-0.595411,0.792557,0.488774,0.734569,0.470645,0.006361,-0.010049,-0.018087,0.015086,0.056206,-0.036987,0.524038,0.073696,0.01609,-0.048391,-0.646741,-0.655671,-0.389639,0.339605,-0.704983,0.622628,-0.682929,0.270356,0.678612,-3.4e-05,0.007908,-0.01111,-0.636377,1.118571,1.038765,-0.799163
919,0.115803,-0.016026,0.382216,-0.68997,-0.596243,-0.410466,0.203176,-0.703808,0.680695,-0.693891,0.387,0.607267,-0.000545,0.013765,-0.023726,-2.150134,3.793643,3.384778,-1.851048,-0.17471,-0.012421,0.343484,0.925086,-0.162517,0.343214,-0.19423,0.573829,0.795569,-0.327397,-0.802411,0.498811,0.013578,-0.028425,-0.025713,-0.005309,0.027774,-0.045452,0.524881,0.032453,0.014886,-0.005018,-0.861048,0.327089,0.389368,0.132614,-0.594759,0.79289,0.490926,0.734352,0.468739,-0.000618,-0.008999,-0.016762,0.044483,0.039932,-0.08597,0.523875,0.073692,0.016374,-0.048817,-0.67179,-0.631629,-0.386965,0.31718,-0.717373,0.6203,-0.669398,0.293974,0.682264,-0.000137,0.007402,-0.01148,0.126602,0.028298,0.062802,-0.807981
920,0.115617,-0.015558,0.381417,-0.713368,-0.568323,-0.410073,0.180696,-0.714548,0.675827,-0.676219,0.408719,0.612947,-0.000728,0.004806,-0.013403,0.085359,0.09731,0.047163,-1.913985,-0.174431,-0.013232,0.342471,0.924163,-0.164365,0.344818,-0.195144,0.57255,0.796266,-0.32946,-0.802945,0.496588,0.012908,-0.011707,-0.02941,0.034526,0.002665,-0.002525,0.521591,0.032593,0.014471,-0.005526,-0.859721,0.328716,0.390927,0.133791,-0.593721,0.793469,0.492928,0.734465,0.466455,-0.000165,-0.011635,-0.010161,0.00238,0.037894,-0.078014,0.522895,0.073598,0.016607,-0.049224,-0.700856,-0.602053,-0.382533,0.291377,-0.731142,0.61687,-0.651075,0.320876,0.68785,-0.007171,0.003412,-0.005962,-0.09223,0.43795,0.307178,-0.81141
921,0.115375,-0.015167,0.380791,-0.743366,-0.531223,-0.406515,0.155908,-0.728621,0.666915,-0.649553,0.43304,0.624967,-0.014442,0.006518,-0.012153,0.327721,0.311694,0.085947,-1.915362,-0.174198,-0.013877,0.341681,0.923143,-0.166186,0.346671,-0.196337,0.571173,0.796961,-0.331608,-0.803548,0.494177,-0.000273,-0.01781,-0.015665,-0.008825,0.031958,-0.047706,0.518632,0.032715,0.014151,-0.005925,-0.85829,0.330396,0.392652,0.135246,-0.592467,0.79416,0.495021,0.734725,0.463824,-0.000528,-0.003258,-0.011925,0.049734,0.013654,-0.034803,0.520773,0.073478,0.016811,-0.049549,-0.732891,-0.567908,-0.374633,0.266924,-0.746521,0.609473,-0.625796,0.346679,0.698707,-0.0072,0.003288,-0.006059,0.382916,0.341273,0.092812,-0.79949
922,0.115314,-0.015033,0.380534,-0.758471,-0.510574,-0.405069,0.140464,-0.735017,0.663319,-0.635464,0.446842,0.629718,-0.000468,0.00599,-0.012524,0.085429,0.195378,0.157131,-1.915834,-0.174197,-0.014169,0.341315,0.922758,-0.166053,0.347759,-0.197232,0.571454,0.796539,-0.33215,-0.803376,0.494092,-0.001099,-0.007321,-0.024609,0.032795,0.017648,-0.031914,0.516175,0.032716,0.014006,-0.006101,-0.857898,0.330119,0.393741,0.136028,-0.59304,0.793598,0.495486,0.734386,0.463863,-0.000125,-0.008938,-0.007891,-8.6e-05,0.025567,-0.0518,0.518813,0.073447,0.016873,-0.049674,-0.749793,-0.548237,-0.370466,0.252025,-0.754318,0.606207,-0.611795,0.361163,0.703752,-0.000284,0.002711,-0.006476,-0.088726,0.430455,0.358017,-0.799326
923,0.11524,-0.014951,0.380112,-0.780169,-0.479184,-0.402201,0.117305,-0.74359,0.658244,-0.613523,0.466954,0.636844,-0.000818,0.004404,-0.013709,-2.168494,3.655495,3.51939,-1.915963,-0.17421,-0.014746,0.340722,0.921377,-0.169922,0.349546,-0.198156,0.568005,0.798774,-0.335425,-0.805006,0.489203,-0.000232,-0.014733,-0.013082,-0.013728,0.036094,-0.045087,0.512064,0.032709,0.01372,-0.006403,-0.855715,0.333821,0.395365,0.137714,-0.58959,0.795875,0.498784,0.73549,0.458549,-0.0001,-0.006972,-0.00619,0.018532,0.011327,-0.02742,0.513588,0.073411,0.016918,-0.049883,-0.770454,-0.522934,-0.364607,0.233181,-0.763475,0.602271,-0.593317,0.379003,0.710162,-0.000551,-0.002522,-0.001884,-0.024362,-0.01023,0.007217,-0.79655
924,0.115291,-0.015032,0.379898,-0.801915,-0.441655,-0.40239,0.082026,-0.748536,0.657979,-0.590807,0.495184,0.636998,-0.000705,-0.003197,-0.002387,-2.283869,3.734546,3.615459,-1.916795,-0.174215,-0.015338,0.340263,0.920374,-0.171761,0.351285,-0.199449,0.566201,0.799731,-0.337412,-0.805882,0.486384,0.0006,-0.024464,-0.003583,-0.040475,0.038032,-0.068722,0.512574,0.032706,0.013435,-0.006629,-0.854345,0.335395,0.396993,0.139242,-0.58823,0.796615,0.500704,0.735863,0.455851,0.006989,-0.006549,-0.006426,0.007646,0.008248,-0.024015,0.510812,0.073435,0.016874,-0.049992,-0.79466,-0.487983,-0.36109,0.198666,-0.771122,0.604898,-0.573625,0.408953,0.709726,0.006551,-0.002293,-0.001697,-0.677427,1.091204,1.084472,-0.79851
925,0.115279,-0.015042,0.379801,-0.813338,-0.420885,-0.401725,0.064828,-0.751755,0.656227,-0.577184,0.508211,0.639223,-0.000794,-0.0036,-0.00269,-2.21845,3.655493,3.518394,-1.917079,-0.174219,-0.015601,0.340028,0.919712,-0.173718,0.352057,-0.199848,0.5644,0.800903,-0.338983,-0.806722,0.483893,-0.000207,-0.012857,-0.011506,-0.009021,0.019878,-0.021387,0.512454,0.032705,0.013299,-0.006743,-0.853266,0.337269,0.397725,0.140112,-0.586371,0.797832,0.502298,0.73649,0.453075,-0.000109,-0.007186,-0.006432,0.014006,0.025036,-0.052679,0.510322,0.07343,0.016871,-0.050039,-0.807948,-0.467897,-0.358177,0.18148,-0.77589,0.6042,-0.56061,0.42316,0.711793,-0.000328,-0.001494,-0.001128,-0.070607,0.090083,0.099555,-0.79998
926,0.115177,-0.015051,0.379641,-0.830095,-0.390032,-0.398575,0.044619,-0.758937,0.649611,-0.554832,0.521937,0.647897,-0.000845,-0.003824,-0.002861,0.077936,0.612281,0.410535,-1.916837,-0.174095,-0.016136,0.33962,0.919181,-0.173555,0.353521,-0.201195,0.564433,0.800544,-0.339627,-0.806736,0.48342,-0.000182,-0.011427,-0.010276,-0.001788,0.013806,-0.025231,0.509096,0.032767,0.013025,-0.006953,-0.852731,0.336891,0.399189,0.141365,-0.586861,0.79725,0.502856,0.736273,0.452811,0.007017,-0.005667,-0.005681,0.000537,-0.002441,0.003391,0.507546,0.073379,0.016871,-0.050122,-0.828687,-0.43527,-0.351873,0.157412,-0.784539,0.599764,-0.537119,0.441629,0.718655,-0.007146,-0.000482,-0.00036,-0.249232,1.498885,1.183847,-0.799816
927,0.115093,-0.015108,0.379522,-0.848952,-0.351987,-0.394246,0.019963,-0.766833,0.641514,-0.527071,0.537179,0.658529,-0.000389,-0.001757,-0.001316,-2.00705,3.717054,3.710361,-1.917085,-0.173855,-0.016514,0.339259,0.918838,-0.173459,0.354458,-0.202018,0.564534,0.800265,-0.340065,-0.806686,0.483195,0.014111,-0.00719,-0.007665,0.000258,-0.001401,0.004013,0.505462,0.032881,0.012834,-0.007135,-0.852363,0.336705,0.400131,0.142178,-0.587116,0.796918,0.503251,0.736154,0.452564,0.007056,-0.004019,-0.004217,-3.7e-05,-0.001928,0.003697,0.503464,0.073336,0.016838,-0.050185,-0.848207,-0.402921,-0.3438,0.137221,-0.794092,0.592103,-0.51158,0.455049,0.728844,-0.000221,-0.000982,-0.000745,0.173874,0.182137,0.084249,-0.801123
928,0.115112,-0.015164,0.379582,-0.859381,-0.330205,-0.390479,0.008011,-0.772233,0.635266,-0.510241,0.543215,0.666782,0.000195,0.000883,0.000661,0.026522,0.026465,0.010925,-1.917105,-0.173441,-0.016749,0.339025,0.918206,-0.175456,0.355112,-0.20232,0.562701,0.801479,-0.341595,-0.807531,0.480698,0.014167,-0.004604,-0.005348,-0.094978,0.066764,0.08108,0.505178,0.033088,0.012714,-0.007254,-0.851426,0.338348,0.400739,0.143016,-0.585346,0.798069,0.504597,0.73681,0.44999,-3.7e-05,-0.002843,-0.002578,-0.128275,0.11674,0.040009,0.501667,0.073346,0.016808,-0.050157,-0.862546,-0.37703,-0.337432,0.120485,-0.800759,0.586743,-0.491422,0.465438,0.736118,-6.8e-05,-0.004346,0.005249,-0.06886,0.003014,-0.009215,-0.802919
929,0.115159,-0.015277,0.379677,-0.861432,-0.325257,-0.390112,0.003543,-0.771948,0.635653,-0.506827,0.546592,0.666627,3e-06,1.3e-05,1e-05,0.000388,0.000387,0.000159,-1.916077,-0.173196,-0.016842,0.338948,0.91819,-0.175463,0.355152,-0.202367,0.562661,0.801495,-0.341611,-0.807557,0.480642,0.014195,-0.003103,-0.003996,0.000626,-0.014007,0.030003,0.505113,0.033216,0.012666,-0.007295,-0.851313,0.338623,0.40075,0.142951,-0.585225,0.79817,0.504807,0.73678,0.449803,0.007103,-0.001409,-0.001877,0.013775,-0.019409,0.026288,0.501341,0.07337,0.016755,-0.050107,-0.864761,-0.372459,-0.336841,0.115829,-0.800602,0.587894,-0.488642,0.469372,0.735471,-0.000206,-0.00497,0.004783,-0.045601,0.003489,-0.021611,-0.809777
930,0.115289,-0.015601,0.380047,-0.8652,-0.325518,-0.381461,0.007531,-0.769088,0.639077,-0.500333,0.550458,0.668348,0.000115,-0.007598,0.011337,0.013279,0.063047,0.002343,-1.91712,-0.172598,-0.017,0.338782,0.918032,-0.177618,0.354486,-0.201513,0.560656,0.803114,-0.34254,-0.808477,0.47843,0.028447,-0.003599,-0.005652,-0.011509,-0.004957,0.040626,0.505009,0.033505,0.012594,-0.007371,-0.850784,0.340759,0.400061,0.142635,-0.582962,0.799881,0.505788,0.737589,0.447371,0.007106,-0.001683,-0.002135,0.01512,-0.012481,0.030241,0.501178,0.073434,0.016593,-0.049928,-0.867668,-0.373703,-0.327866,0.120183,-0.797615,0.591071,-0.482397,0.47345,0.736978,0.000113,-0.003522,0.005871,0.007667,0.043254,0.03455,-0.817778
931,0.115542,-0.015853,0.380382,-0.868039,-0.325109,-0.375309,0.010246,-0.767472,0.640978,-0.495349,0.55295,0.670002,4.7e-05,-0.007912,0.011104,0.255444,0.30474,0.101165,-1.917266,-0.171949,-0.017168,0.338545,0.918062,-0.177661,0.354389,-0.201394,0.560685,0.803123,-0.342532,-0.808447,0.478485,0.014203,-0.005126,-0.005863,0.002042,-0.015203,0.029247,0.502419,0.033834,0.012512,-0.007487,-0.850849,0.340697,0.399974,0.142426,-0.5832,0.799745,0.505736,0.737429,0.447691,0.0071,-0.003135,-0.003462,0.000868,-0.002204,0.003499,0.499871,0.073562,0.01647,-0.049758,-0.869205,-0.375011,-0.322255,0.122704,-0.794954,0.59413,-0.478983,0.476879,0.736994,0.007126,0.00033,0.000259,0.543332,0.440054,0.174852,-0.821697
932,0.115622,-0.015898,0.380502,-0.869007,-0.323188,-0.374729,0.010126,-0.768778,0.639414,-0.493654,0.552259,0.67182,0.000214,-0.007152,0.011671,0.120621,0.170273,0.046084,-1.917023,-0.17164,-0.017279,0.338404,0.918059,-0.177676,0.354386,-0.201375,0.560704,0.803114,-0.342548,-0.808431,0.478502,0.014203,-0.006269,-0.006915,0.000255,-0.001402,0.004013,0.501099,0.033989,0.012458,-0.007556,-0.850858,0.340703,0.399951,0.142391,-0.583214,0.79974,0.505732,0.737415,0.447719,0.007107,-0.002994,-0.00334,0.000173,-0.001861,0.003754,0.498565,0.073601,0.016447,-0.049699,-0.870753,-0.372519,-0.320963,0.122876,-0.796873,0.591519,-0.476119,0.475628,0.739654,0.000364,0.001683,0.001256,0.226342,0.195918,0.102638,-0.823657
