frame,MLTx,MLTy,MLTz,MLTR1,MLTR2,MLTR3,MLTR4,MLTR5,MLTR6,MLTR7,MLTR8,MLTR9,MLTTVx,MLTTVy,MLTTVz,MLTRVx,MLTRVy,MLTRVz,MLGA,MRTx,MRTy,MRTz,MRTR1,MRTR2,MRTR3,MRTR4,MRTR5,MRTR6,MRTR7,MRTR8,MRTR9,MRTTVx,MRTTVy,MRTTVz,MRTRVx,MRTRVy,MRTRVz,MRGA,SLTx,SLTy,SLTz,SLTR1,SLTR2,SLTR3,SLTR4,SLTR5,SLTR6,SLTR7,SLTR8,SLTR9,SLTTVx,SLTTVy,SLTTVz,SLTRVx,SLTRVy,SLTRVz,SLGA,SRTx,SRTy,SRTz,SRTR1,SRTR2,SRTR3,SRTR4,SRTR5,SRTR6,SRTR7,SRTR8,SRTR9,SRTTVx,SRTTVy,SRTTVz,SRTRVx,SRTRVy,SRTRVz,SRGA
238,0.171143,-0.018775,0.286185,-0.095337,-0.467174,-0.879036,-0.138652,-0.868212,0.476398,-0.985637,0.167875,0.019095,-0.00072,-0.011191,-0.013952,0.130424,-0.055035,-0.026773,-1.917692,-0.144131,-0.030022,0.28095,-0.410654,-0.595635,0.690343,0.910336,-0.226323,0.34641,-0.049588,0.771433,0.634268,-0.017222,0.033325,0.070846,0.344546,-0.54343,-0.202871,-1.408051,0.054553,0.026924,-0.028247,0.459235,0.619731,0.636424,-0.886938,0.28002,0.367327,0.049432,-0.733158,0.678258,-0.00866,0.016632,0.035395,0.281693,-0.482771,-0.172543,-0.995707,0.08463,0.032924,-0.074668,0.176836,0.432344,-0.884197,0.038274,0.894655,0.445113,0.983495,-0.112554,0.14166,-0.00037,-0.005931,-0.007385,0.437683,-0.206005,-0.053098,-1.035118
239,0.171184,-0.019269,0.285648,-0.086404,-0.468155,-0.879438,-0.123385,-0.870908,0.475676,-0.988497,0.150186,0.018585,-0.000751,-0.011649,-0.014601,-0.001457,0.032082,-0.047853,-1.917776,-0.14512,-0.028637,0.283482,-0.413789,-0.605492,0.679816,0.908678,-0.230315,0.348127,-0.053707,0.762531,0.644612,-0.033533,0.040362,0.058142,0.035755,-0.097159,0.062429,-1.407917,0.054058,0.027621,-0.026975,0.461188,0.630311,0.62451,-0.885661,0.284232,0.367171,0.053926,-0.72244,0.689327,-0.016806,0.020047,0.02891,-0.01308,-0.046755,0.083974,-0.996687,0.08465,0.032678,-0.074935,0.167927,0.43282,-0.885701,0.023006,0.896495,0.442456,0.98553,-0.094677,0.140588,-0.000347,-0.005584,-0.00699,0.002017,-0.092428,0.139984,-1.024667
240,0.171204,-0.019884,0.285224,-0.072546,-0.470505,-0.879436,-0.098098,-0.874111,0.475688,-0.992453,0.12136,0.018356,-0.000683,-0.010575,-0.013322,0.011067,0.009647,-0.024181,-1.917777,-0.146348,-0.027011,0.285698,-0.419271,-0.610771,0.671686,0.905958,-0.234688,0.352273,-0.057005,0.756971,0.650853,-0.033274,0.040976,0.057669,-0.762081,-1.983394,1.918953,-1.408494,0.053457,0.028415,-0.025893,0.465032,0.633598,0.618302,-0.883513,0.287873,0.369504,0.056125,-0.718109,0.693663,-0.017291,0.026193,0.024999,0.038344,-0.064014,0.110275,-0.99636,0.084661,0.032368,-0.07515,0.154089,0.434426,-0.887429,-0.002206,0.898304,0.439367,0.988054,-0.065744,0.139377,-0.000262,-0.011284,-0.003121,0.000513,0.026906,-0.068525,-1.022055
241,0.171127,-0.020544,0.284941,-0.061443,-0.472138,-0.879407,-0.078232,-0.876076,0.475755,-0.994977,0.098611,0.01799,-0.015665,-0.020513,-0.003369,-0.032947,-0.050385,0.069894,-1.917755,-0.147639,-0.025094,0.287807,-0.424832,-0.613127,0.666021,0.903244,-0.238939,0.356359,-0.058832,0.75373,0.654441,-0.034192,0.052918,0.049316,0.044103,-0.072034,0.105505,-1.408385,0.052824,0.029353,-0.024857,0.47208,0.636212,0.610224,-0.879519,0.292886,0.375051,0.059886,-0.713758,0.697827,-0.01715,0.026625,0.024916,0.045893,-0.069348,0.105143,-0.996034,0.084628,0.032041,-0.075296,0.143054,0.435529,-0.888734,-0.022038,0.899149,0.437086,0.989469,-0.042941,0.138225,-0.000169,-0.009778,-0.001245,-0.038358,0.031765,-0.043369,-1.015033
242,0.171052,-0.020823,0.284856,-0.055803,-0.47279,-0.879432,-0.068272,-0.876929,0.475716,-0.996049,0.087169,0.017755,-0.015498,-0.017747,0.000118,-0.037048,0.043952,-0.071451,-1.917619,-0.148235,-0.0242,0.288781,-0.42975,-0.615823,0.660354,0.900689,-0.241681,0.360948,-0.062155,0.750651,0.657664,-0.03401,0.052399,0.048068,0.023416,-0.124208,0.154738,-1.408497,0.0525,0.029836,-0.024329,0.477023,0.63841,0.604053,-0.876596,0.295964,0.379452,0.063468,-0.710519,0.700809,-0.017039,0.026142,0.023984,0.025112,-0.122028,0.154332,-0.996034,0.08459,0.031897,-0.075344,0.137369,0.435783,-0.889506,-0.031931,0.899501,0.435748,0.990004,-0.031456,0.137479,-0.000108,-0.008791,-1e-06,-0.036518,0.015261,-0.019556,-1.013237
243,0.170881,-0.021257,0.284744,-0.050173,-0.473418,-0.879434,-0.058565,-0.877626,0.475725,-0.996973,0.075956,0.017405,-0.000125,-0.015868,0.002134,-0.036381,0.029391,-0.041905,-1.917784,-0.149347,-0.022354,0.290595,-0.434752,-0.617949,0.655074,0.898173,-0.245704,0.364485,-0.063743,0.747593,0.660988,-0.018359,0.04944,0.04131,0.044169,-0.072041,0.110358,-1.408271,0.051944,0.030765,-0.023416,0.481876,0.639986,0.598509,-0.873808,0.300131,0.382597,0.065226,-0.707346,0.70385,-0.009203,0.024532,0.020441,0.0454,-0.070352,0.109931,-0.995381,0.084499,0.03168,-0.0754,0.131794,0.436129,-0.89018,-0.041554,0.899655,0.434619,0.990405,-0.020289,0.136692,-0.000114,-0.001804,-0.002285,-0.001694,0.001556,-0.000672,-1.008175
244,0.170684,-0.021448,0.284756,-0.047358,-0.473752,-0.87941,-0.053761,-0.877906,0.475776,-0.997385,0.070394,0.017204,-8e-06,-0.000125,-0.000159,1.458024,-0.788817,-0.028524,-1.917745,-0.150289,-0.020733,0.292123,-0.43885,-0.616958,0.653272,0.896139,-0.248166,0.367807,-0.06426,0.747597,0.660933,-0.017872,0.043022,0.032677,0.019116,-0.042784,0.131224,-1.408131,0.05148,0.031563,-0.022658,0.485889,0.638548,0.596797,-0.871536,0.302529,0.385877,0.065853,-0.707624,0.703513,-0.008925,0.020758,0.015444,0.037099,-0.040295,0.101746,-0.994238,0.0844,0.031577,-0.075395,0.129872,0.436304,-0.890376,-0.044705,0.899645,0.434325,0.990521,-0.016602,0.136344,-7.8e-05,0.000146,-7.4e-05,4.854701,-2.641399,-0.100873,-1.011931
245,0.170595,-0.02144,0.284818,-0.047321,-0.473742,-0.879417,-0.05384,-0.877907,0.475765,-0.997382,0.070446,0.017135,0.000106,0.001585,0.002015,0.0,-0.0,-0.0,-1.917882,-0.150706,-0.020036,0.292758,-0.441239,-0.615445,0.65309,0.894927,-0.248885,0.370264,-0.064788,0.748603,0.659742,-0.0326,0.03678,0.026749,-0.151843,0.288529,0.01348,-1.407929,0.051283,0.031907,-0.022348,0.487565,0.638,0.596017,-0.870588,0.303661,0.387124,0.065998,-0.707634,0.703489,-0.008807,0.018989,0.013164,-0.332113,0.337413,0.349427,-0.997014,0.084356,0.03158,-0.075365,0.129005,0.436325,-0.890492,-0.04617,0.899665,0.434131,0.990567,-0.014891,0.136206,8.5e-05,0.001268,0.001618,-0.000398,-0.015211,0.023889,-1.013564
246,0.170442,-0.021378,0.284985,-0.044317,-0.473839,-0.879521,-0.048776,-0.878303,0.47558,-0.997784,0.06456,0.01691,0.000213,0.003161,0.004013,0.000741,-0.015974,0.023976,-1.917544,-0.151285,-0.018906,0.293634,-0.445683,-0.612284,0.653043,0.892654,-0.250077,0.374918,-0.065695,0.750793,0.657159,-0.000936,0.019718,0.023603,-0.146535,0.130754,0.199391,-1.408426,0.050981,0.032478,-0.021901,0.492024,0.63434,0.596259,-0.868015,0.304905,0.391895,0.066793,-0.710384,0.700637,-0.008541,0.014545,0.007659,-0.256487,0.275611,0.276972,-0.993421,0.08428,0.031615,-0.075277,0.126048,0.436255,-0.89095,-0.051163,0.899777,0.433339,0.990703,-0.009037,0.135735,0.000109,0.001647,0.002095,-0.000171,-0.015469,0.024026,-1.018952
247,0.170314,-0.02134,0.28522,-0.044183,-0.473723,-0.879591,-0.049067,-0.878352,0.47546,-0.997776,0.06475,0.016662,0.000225,0.003325,0.004215,-0.0,-0.0,-0.0,-1.917938,-0.151725,-0.017974,0.293992,-0.44851,-0.610852,0.652449,0.89125,-0.251794,0.377103,-0.065517,0.751384,0.6565,-0.001654,0.022242,0.005139,0.035808,-0.022366,0.044838,-1.407676,0.050755,0.032955,-0.021708,0.495412,0.632023,0.595914,-0.866095,0.306737,0.394703,0.066672,-0.711659,0.699354,-0.00888,0.015988,-0.001367,0.091189,-0.047633,0.050061,-0.987379,0.084216,0.031634,-0.07516,0.125955,0.436141,-0.891019,-0.050834,0.89983,0.433268,0.990732,-0.009278,0.135509,0.000115,0.001736,0.002204,-0.000622,0.000319,5.6e-05,-1.016013
248,0.17026,-0.021206,0.285525,-0.044044,-0.473577,-0.879677,-0.04928,-0.878422,0.475308,-0.997772,0.064868,0.016449,0.000382,0.005643,0.007137,0.000739,-0.015962,0.023984,-1.917885,-0.152115,-0.017232,0.293876,-0.453484,-0.605545,0.653956,0.888688,-0.252457,0.382666,-0.066065,0.755443,0.65177,-0.016179,0.012252,-0.004901,-0.049562,0.102371,0.059088,-1.407835,0.050571,0.033325,-0.021761,0.500168,0.626742,0.597516,-0.86333,0.307522,0.400113,0.067018,-0.715977,0.694898,-0.001155,0.011624,-0.007485,-0.037989,0.111784,0.132751,-0.991788,0.084189,0.0317,-0.075008,0.125844,0.435981,-0.891113,-0.050588,0.899906,0.433139,0.990758,-0.009428,0.135304,0.00018,0.00272,0.003442,0.000313,-0.015767,0.024037,-1.017483
249,0.170221,-0.021128,0.285675,-0.043881,-0.4734,-0.87978,-0.049362,-0.878518,0.475122,-0.997775,0.06486,0.01628,0.000312,0.004609,0.005821,0.0,0.0,0.0,-1.917518,-0.152294,-0.016917,0.293645,-0.456567,-0.601926,0.655151,0.887078,-0.252607,0.386285,-0.066455,0.758278,0.64843,-0.016046,0.009504,-0.008164,-0.08412,0.142017,0.087864,-1.40754,0.050476,0.033477,-0.021874,0.503068,0.623209,0.598775,-0.861632,0.307815,0.403533,0.067174,-0.718929,0.691829,-0.007994,0.004186,-0.004746,-0.143284,0.20697,0.133395,-0.993584,0.084169,0.03174,-0.074931,0.125707,0.43579,-0.891226,-0.050482,0.899998,0.432959,0.990781,-0.009435,0.135135,0.000167,0.002541,0.003212,0.000398,-0.015785,0.02405,-1.017646
250,0.170154,-0.021103,0.28599,-0.037967,-0.47353,-0.879984,-0.039405,-0.879218,0.474758,-0.998468,0.053284,0.015821,0.000275,0.00404,0.005093,0.000742,-0.01595,0.023993,-1.917787,-0.152413,-0.016072,0.293024,-0.465107,-0.593017,0.657265,0.882551,-0.253637,0.39586,-0.06747,0.764919,0.640477,0.012661,0.023403,-0.016621,-0.21787,0.300313,0.309673,-1.407574,0.050406,0.033893,-0.022198,0.510826,0.614874,0.60082,-0.857038,0.309446,0.411982,0.067396,-0.725377,0.685043,-0.001686,0.016611,-0.012204,-0.360635,0.465447,0.399492,-0.995381,0.084136,0.031755,-0.07477,0.119847,0.435591,-0.89213,-0.060363,0.900141,0.431394,0.990955,0.00215,0.134172,0.00011,0.001704,0.002153,-0.000337,0.000933,-0.000885,-1.019116
251,0.169994,-0.021153,0.286297,-0.03815,-0.473788,-0.879838,-0.039981,-0.879043,0.475033,-0.998437,0.053883,0.015691,0.000269,0.003935,0.004953,0.000738,-0.015935,0.024002,-1.918135,-0.152511,-0.01498,0.292261,-0.475323,-0.582256,0.659573,0.877014,-0.254833,0.407236,-0.068446,0.772741,0.630912,-0.003464,0.035032,-0.022237,-0.336791,0.476826,0.42617,-1.407549,0.050363,0.03443,-0.022584,0.520385,0.604411,0.603228,-0.851243,0.311166,0.422563,0.067697,-0.73339,0.676427,-0.001727,0.01765,-0.01096,-0.38651,0.545604,0.480414,-0.992768,0.084056,0.031729,-0.074618,0.120012,0.43587,-0.891971,-0.059801,0.900007,0.431751,0.990969,0.001526,0.134077,-0.00743,-0.003939,0.006292,-0.036975,0.028318,-0.047456,-1.009318
252,0.169829,-0.0212,0.286475,-0.035505,-0.474251,-0.879699,-0.035143,-0.87911,0.475291,-0.99872,0.048375,0.015644,-0.014957,0.004183,0.005585,-0.000247,-0.001212,-0.005545,-1.918131,-0.152553,-0.014319,0.291847,-0.480421,-0.57684,0.660637,0.874214,-0.255577,0.412751,-0.068653,0.776544,0.626202,-0.003475,0.035265,-0.021947,-0.135583,0.247044,0.258895,-1.407619,0.050342,0.034761,-0.022791,0.526303,0.597514,0.604963,-0.847575,0.311786,0.429424,0.067968,-0.738759,0.670532,-0.001732,0.017778,-0.010799,-0.182984,0.301733,0.299203,-0.992115,0.083979,0.031706,-0.07453,0.117333,0.436176,-0.892178,-0.06464,0.899833,0.431417,0.990986,0.007051,0.133775,0.000187,-0.004045,0.005996,-0.036013,0.01393,-0.018239,-1.007685
253,0.169399,-0.021381,0.286938,-0.030308,-0.475285,-0.879335,-0.02581,-0.879067,0.475969,-0.999183,0.037707,0.015473,-0.014732,-0.006178,0.014687,-0.035877,0.012253,-0.023461,-1.917939,-0.152635,-0.012653,0.290879,-0.496193,-0.55551,0.667227,0.865289,-0.25443,0.431827,-0.069507,0.792296,0.606051,-0.004717,0.048767,-0.027145,-0.328235,1.2241,0.044761,-1.40753,0.050299,0.035605,-0.023285,0.540992,0.577153,0.611736,-0.838323,0.311778,0.447223,0.06739,-0.754777,0.65251,-0.002351,0.02442,-0.013534,-0.236495,1.233731,-0.046859,-0.987543,0.083764,0.031617,-0.074304,0.112067,0.436933,-0.892485,-0.074012,0.899318,0.430985,0.99094,0.017756,0.133123,-0.00738,-0.003197,0.007217,-0.037055,0.029039,-0.048216,-1.005399
254,0.168864,-0.021575,0.287619,-0.02794,-0.476163,-0.878939,-0.022056,-0.878767,0.476711,-0.999345,0.033292,0.015148,-0.01433,-0.013939,0.027028,-0.0715,0.025746,-0.041371,-1.917957,-0.152636,-0.010684,0.289704,-0.505977,-0.530287,0.680275,0.859984,-0.250531,0.444517,-0.064665,0.810591,0.581914,-0.005794,0.058425,-0.036863,-0.236653,0.512224,0.264958,-1.407541,0.050297,0.036554,-0.023842,0.550712,0.551844,0.626246,-0.832458,0.308228,0.460443,0.061066,-0.774895,0.629133,-0.002888,0.029357,-0.018264,-0.47098,0.653356,0.601103,-0.98297,0.083496,0.031519,-0.073973,0.109627,0.437693,-0.892415,-0.07783,0.89885,0.431288,0.99092,0.022176,0.132604,-0.007225,-0.000999,0.009956,-0.035685,-0.003256,0.000586,-1.008338
255,0.168207,-0.021749,0.288656,-0.022838,-0.477319,-0.878459,-0.013632,-0.878451,0.477609,-0.999631,0.02347,0.014652,-0.013981,-0.009273,0.032767,-0.070765,0.009994,-0.017264,-1.917738,-0.152574,-0.008606,0.28833,-0.503191,-0.500483,0.70449,0.86248,-0.241235,0.444823,-0.052056,0.832052,0.552126,-0.005746,0.057019,-0.038444,-0.258075,0.639647,0.111352,-1.40754,0.050328,0.037591,-0.024524,0.547837,0.524043,0.652113,-0.835299,0.299447,0.461092,0.046358,-0.797313,0.601781,-0.002838,0.028249,-0.019535,-0.3139,0.674339,0.329671,-0.988359,0.083173,0.031428,-0.073468,0.104456,0.438607,-0.892587,-0.086314,0.898108,0.43122,0.990776,0.031999,0.13167,-0.007005,-0.004643,0.016395,-0.071978,0.026802,-0.042144,-1.006216
256,0.167832,-0.021841,0.289293,-0.023068,-0.477703,-0.878244,-0.014821,-0.878211,0.478014,-0.999609,0.024632,0.014275,-0.029013,-0.006754,0.036114,-0.071748,0.024774,-0.046783,-1.918033,-0.152521,-0.007572,0.287644,-0.506927,-0.489252,0.709682,0.860369,-0.238197,0.450512,-0.050742,0.839563,0.540761,-0.004579,0.045074,-0.031361,-0.48515,0.960307,0.091889,-1.407258,0.050358,0.038134,-0.024884,0.55108,0.51368,0.657603,-0.833282,0.297058,0.466257,0.04416,-0.804914,0.591744,0.004538,0.028788,-0.01979,-0.098058,0.470674,0.003532,-0.988359,0.082986,0.031382,-0.073142,0.104639,0.438996,-0.892374,-0.085133,0.89796,0.431761,0.990859,0.030792,0.131335,-0.006896,-0.003214,0.018138,-0.071301,0.010408,-0.017322,-1.005072
257,0.16704,-0.022088,0.290893,-0.020301,-0.477272,-0.878547,-0.006942,-0.878633,0.477418,-0.999757,0.016379,0.015621,-0.028681,-0.002932,0.040626,-0.023057,0.241968,0.093044,-1.917866,-0.15242,-0.005616,0.286159,-0.511365,-0.465056,0.722648,0.857971,-0.23004,0.459241,-0.046701,0.855416,0.5157,0.010322,0.042164,-0.036581,-0.406522,0.890815,0.047846,-1.407271,0.050402,0.039118,-0.025619,0.555565,0.489677,0.671984,-0.830571,0.289213,0.475926,0.038703,-0.822539,0.567388,-0.002175,0.02048,-0.01809,-0.418666,0.843437,0.22456,-0.992278,0.08259,0.031259,-0.072341,0.101208,0.438764,-0.892884,-0.092913,0.897738,0.430618,0.990516,0.039379,0.131625,-0.006664,-0.006732,0.024653,-0.006409,0.344472,0.207907,-0.996255
258,0.166269,-0.02244,0.292732,-0.024394,-0.473234,-0.880625,-0.01034,-0.880713,0.473508,-0.999632,0.021239,0.017691,-0.028381,-0.012372,0.050607,-0.046704,0.28874,0.129412,-1.918266,-0.152377,-0.004073,0.284642,-0.515141,-0.439925,0.735586,0.855929,-0.220907,0.46746,-0.042513,0.870951,0.489388,-0.004213,0.037047,-0.040795,-0.249879,0.639032,0.065142,-1.407144,0.050429,0.039892,-0.026375,0.559512,0.464313,0.686555,-0.828163,0.280191,0.485424,0.033022,-0.840181,0.541298,0.00587,0.012901,-0.017401,-0.405293,0.875964,-0.024877,-0.990808,0.082204,0.031088,-0.071423,0.105727,0.434865,-0.894266,-0.089214,0.899828,0.427023,0.990384,0.034633,0.133931,-0.006634,-0.0064,0.024937,0.00312,0.512963,0.078007,-0.997398
259,0.165907,-0.022642,0.293665,-0.023108,-0.47049,-0.882128,-0.007281,-0.882254,0.470688,-0.999691,0.017878,0.018063,-0.013213,-0.012922,0.049568,-0.091374,0.071413,0.029583,-1.917684,-0.152389,-0.003512,0.28387,-0.516383,-0.429542,0.740833,0.855283,-0.217269,0.470339,-0.040431,0.877017,0.478612,-0.00292,0.022845,-0.036499,-0.113021,0.348768,0.064164,-1.407198,0.050422,0.040178,-0.026762,0.561046,0.45338,0.692584,-0.82723,0.276479,0.48913,0.030277,-0.847351,0.530167,-0.001985,0.016559,-0.022742,-0.069163,0.464679,-0.10471,-0.988849,0.082018,0.03099,-0.070953,0.105889,0.431382,-0.895932,-0.092145,0.901378,0.423114,0.990098,0.037752,0.135195,-0.014277,-0.000739,0.021033,-0.080561,0.158019,-0.173189,-0.99952
260,0.165318,-0.022989,0.295445,-0.03106,-0.466237,-0.88414,-0.003547,-0.884502,0.466493,-0.999486,0.018199,0.026923,0.001741,-0.003521,0.038861,0.025809,0.415219,0.277193,-1.917755,-0.152471,-0.00288,0.282358,-0.519937,-0.409074,0.749877,0.853274,-0.209828,0.477316,-0.037268,0.888518,0.457177,-0.001489,0.005805,-0.035717,-0.324242,0.609167,0.171293,-1.407298,0.05038,0.040504,-0.027531,0.563395,0.434589,0.702651,-0.825794,0.269959,0.495163,0.025505,-0.859217,0.510974,-0.00071,0.002674,-0.018132,-0.416495,0.685046,0.227595,-0.98444,0.081718,0.030817,-0.070054,0.112598,0.428387,-0.896552,-0.095206,0.90279,0.419411,0.989068,0.038133,0.142437,-0.014283,-0.001074,0.020507,0.116497,0.647535,0.384103,-0.999684
261,0.16486,-0.023083,0.296936,-0.039095,-0.462101,-0.885991,0.001132,-0.88668,0.462351,-0.999199,0.017642,0.036294,-0.013435,-0.003756,0.038629,0.01267,0.355234,0.23323,-1.917768,-0.152503,-0.002789,0.281021,-0.514605,-0.391332,0.76291,0.856751,-0.201801,0.474541,-0.03111,0.898296,0.438133,0.01322,0.007037,-0.036249,-0.041965,0.410933,-0.224269,-1.407331,0.05036,0.04054,-0.028194,0.558821,0.416871,0.716894,-0.829083,0.261616,0.494144,0.018443,-0.870502,0.491817,-0.000121,-0.003335,-0.014768,-0.029068,0.847683,-0.786068,-0.984767,0.081495,0.030769,-0.069309,0.121527,0.424345,-0.897307,-0.099542,0.904661,0.414341,0.987583,0.038966,0.152181,-0.006821,0.003335,0.01482,0.103353,0.617688,0.157733,-0.999847
262,0.164522,-0.022854,0.298098,-0.043005,-0.456852,-0.888528,0.005729,-0.889441,0.456984,-0.999018,0.015124,0.041977,0.00153,0.006062,0.028505,-0.010147,0.086532,0.095661,-1.917802,-0.152355,-0.003176,0.279983,-0.494382,-0.363713,0.789487,0.868941,-0.186573,0.458329,-0.018792,0.913043,0.407263,0.015585,-0.016131,-0.021608,-0.102636,0.251185,-0.094497,-1.407174,0.050433,0.040352,-0.028721,0.538548,0.391576,0.746079,-0.842584,0.245829,0.479186,0.00423,-0.886699,0.462326,0.000455,-0.008954,-0.010945,-0.092883,0.357103,-0.29459,-0.981338,0.08132,0.03088,-0.068725,0.1271,0.418656,-0.899206,-0.103633,0.907202,0.407731,0.98646,0.041365,0.158692,-0.006839,0.008989,0.01075,0.011514,0.060044,0.097453,-0.997888
263,0.164394,-0.022618,0.298617,-0.045845,-0.455993,-0.888827,0.005844,-0.889861,0.456163,-0.998887,0.01628,0.04457,0.001593,0.006784,0.029273,-0.029936,-0.017675,0.06448,-1.917379,-0.152228,-0.003494,0.279547,-0.484206,-0.348492,0.802552,0.874751,-0.17783,0.45069,-0.013747,0.920675,0.389913,0.000854,-0.017468,-0.021439,-0.239354,0.544322,-0.156907,-1.407189,0.050502,0.040194,-0.028939,0.528042,0.378427,0.760239,-0.849216,0.237161,0.47179,-0.001762,-0.894732,0.446598,0.00783,-0.008339,-0.011184,-0.335377,0.750676,-0.239601,-0.973336,0.081256,0.030995,-0.068467,0.130074,0.417948,-0.89911,-0.103557,0.907582,0.406904,0.986081,0.040182,0.161335,-0.006842,0.00881,0.010492,-0.016822,-0.038884,0.003522,-0.998378
264,0.164269,-0.021969,0.299446,-0.048274,-0.454584,-0.88942,0.006235,-0.89057,0.454773,-0.998768,0.016967,0.046936,0.001556,0.018521,0.021647,-0.002689,0.060561,-0.094694,-1.917955,-0.151911,-0.004203,0.278751,-0.465351,-0.312479,0.828129,0.884866,-0.183012,0.428315,0.018291,0.932469,0.360598,0.000833,-0.016811,-0.020796,1.267178,1.434865,-0.230347,-1.406999,0.050661,0.039838,-0.029339,0.509255,0.345168,0.788363,-0.859959,0.239831,0.450499,-0.033576,-0.90738,0.418966,0.007743,-0.007912,-0.010795,4.501881,3.366792,0.837596,-0.969091,0.081193,0.031314,-0.068052,0.132243,0.416713,-0.899366,-0.103644,0.908175,0.405555,0.985783,0.039582,0.163289,0.000734,0.008903,0.01041,-0.001962,-0.039366,0.043232,-0.999031
265,0.16426,-0.021235,0.30027,-0.047444,-0.453444,-0.890047,0.006264,-0.891159,0.453617,-0.998808,0.016505,0.046232,0.001512,0.018043,0.02092,0.001442,-0.030773,0.048716,-1.918097,-0.151501,-0.004925,0.277986,-0.444747,-0.273632,0.852829,0.893889,-0.19404,0.404036,0.055471,0.942348,0.329798,0.00086,-0.017044,-0.021249,1.069812,1.598859,0.192981,-1.407056,0.050866,0.039472,-0.029728,0.487016,0.309761,0.816616,-0.87026,0.251222,0.423714,-0.073902,-0.917025,0.391921,0.000433,-0.008544,-0.010673,1.111089,1.566391,0.177125,-0.969091,0.081189,0.031684,-0.067637,0.131504,0.415654,-0.899965,-0.103579,0.908641,0.404526,0.985889,0.040021,0.162542,0.000767,0.009312,0.010802,0.002298,-0.03133,0.048433,-0.999357
266,0.164332,-0.020516,0.301131,-0.04878,-0.450417,-0.89151,0.006666,-0.892691,0.45059,-0.99874,0.016591,0.047661,0.001557,0.018692,0.021496,0.020196,0.051742,0.100256,-1.917897,-0.151065,-0.005803,0.277214,-0.417054,-0.242653,0.875886,0.905226,-0.196339,0.376762,0.081057,0.950286,0.300415,0.01578,-0.016638,-0.02289,-0.034169,1.044144,-1.274115,-1.406879,0.051072,0.039051,-0.030098,0.463559,0.280509,0.840492,-0.880406,0.252855,0.401183,-0.099987,-0.925947,0.364175,0.007906,-0.008379,-0.011524,0.383101,0.674214,-0.498692,-0.977419,0.081225,0.032043,-0.067207,0.13322,0.412595,-0.901119,-0.103867,0.910029,0.401319,0.985628,0.040133,0.164089,0.00079,0.009628,0.011075,0.020411,0.04515,0.1299,-1.000337
267,0.164373,-0.020152,0.301548,-0.048287,-0.449716,-0.891891,0.006651,-0.893049,0.44988,-0.998764,0.016345,0.047227,0.001567,0.018869,0.021613,0.002436,-0.044949,0.07383,-1.918115,-0.150834,-0.006256,0.276831,-0.404137,-0.229689,0.885386,0.91022,-0.195851,0.364795,0.090106,0.953587,0.287081,0.002156,-0.030191,-0.01608,-0.110545,0.467079,-0.554094,-1.407129,0.051193,0.038826,-0.030288,0.448233,0.26758,0.852928,-0.887031,0.251331,0.387307,-0.110732,-0.930179,0.350007,0.00853,-0.01447,-0.008244,-0.113761,0.70502,-0.881336,-0.976112,0.081245,0.032224,-0.066999,0.132846,0.411864,-0.901509,-0.103678,0.910356,0.400628,0.985698,0.040245,0.163638,0.000738,0.009052,0.01037,-0.003569,-0.040476,0.042396,-0.998867
268,0.164432,-0.019454,0.302392,-0.050152,-0.447431,-0.892936,0.007032,-0.894189,0.447604,-0.998667,0.01672,0.049107,0.001586,0.019201,0.02182,0.005815,-0.029898,0.08323,-1.918006,-0.150328,-0.007135,0.276021,-0.378526,-0.213223,0.900692,0.920615,-0.186763,0.342813,0.09558,0.959197,0.265836,0.015947,-0.018109,-0.02508,-0.048678,0.387591,-0.52012,-1.406981,0.051452,0.038369,-0.030708,0.421888,0.252841,0.870678,-0.899011,0.241042,0.365619,-0.117427,-0.937,0.328999,0.007988,-0.009086,-0.012588,-0.037813,0.366403,-0.531576,-0.978562,0.081274,0.032565,-0.066586,0.1351,0.409593,-0.902208,-0.103939,0.911391,0.398198,0.985364,0.039978,0.165701,0.000773,0.009502,0.010803,-0.011758,0.056508,-0.097883,-1.000337
269,0.164471,-0.018745,0.303272,-0.054804,-0.444166,-0.894292,0.007833,-0.895792,0.444371,-0.998411,0.017895,0.053689,0.00168,0.020435,0.023031,0.044013,0.14068,0.189739,-1.918247,-0.14971,-0.00787,0.275135,-0.363546,-0.205383,0.90865,0.926356,-0.182126,0.32959,0.098237,0.961786,0.255305,0.030831,-0.014354,-0.022536,-0.028139,0.234996,-0.310144,-1.40708,0.05175,0.038002,-0.031149,0.407131,0.246391,0.879508,-0.905382,0.235934,0.353012,-0.120527,-0.940013,0.319134,0.00796,-0.007951,-0.011246,-0.019188,0.150188,-0.202439,-0.981011,0.081294,0.032925,-0.06614,0.139337,0.406834,-0.902812,-0.10438,0.912662,0.395162,0.984728,0.039175,0.169633,0.000807,0.009967,0.011236,0.076309,0.222751,0.24204,-1.00148
270,0.164482,-0.018404,0.303781,-0.054816,-0.444173,-0.894288,0.007623,-0.895785,0.44439,-0.998412,0.018089,0.053605,-0.013115,0.00989,0.031993,-0.033899,-0.015681,0.026978,-1.917849,-0.149345,-0.008142,0.274737,-0.354533,-0.200442,0.913302,0.929618,-0.179949,0.3215,0.100334,0.963231,0.248962,0.015793,-0.013536,-0.01952,-0.016115,0.138376,-0.183727,-1.407188,0.051938,0.037864,-0.031351,0.397974,0.242007,0.8849,-0.909119,0.233323,0.345055,-0.122962,-0.941803,0.31287,0.007904,-0.006666,-0.009639,-0.017459,0.142666,-0.190376,-0.981991,0.081305,0.033092,-0.065897,0.139945,0.406571,-0.902836,-0.104166,0.912795,0.394909,0.984664,0.038779,0.170092,0.000801,0.009926,0.011142,-0.011146,0.061855,-0.128212,-1.001317
271,0.164446,-0.017785,0.304783,-0.052291,-0.444637,-0.894208,0.012405,-0.895644,0.444566,-0.998502,0.012701,0.053466,0.001731,0.008965,0.030525,1.448404,-0.754392,-0.057913,-1.91747,-0.148427,-0.008573,0.274105,-0.338492,-0.191404,0.921292,0.935159,-0.176433,0.307057,0.104182,0.965705,0.237535,0.031788,-0.018949,-0.006334,-0.048618,0.126316,-0.161621,-1.406771,0.052392,0.037646,-0.031677,0.381905,0.23406,0.894071,-0.915382,0.229117,0.331027,-0.127367,-0.944838,0.301756,0.015292,-0.003667,-0.006866,0.001166,0.027106,-0.018626,-0.989828,0.081282,0.033412,-0.065384,0.137993,0.406894,-0.902991,-0.107294,0.91249,0.394778,0.984603,0.042409,0.169574,-0.006673,0.010792,0.01184,4.933864,-2.395389,-0.425006,-1.003603
272,0.164299,-0.017159,0.305787,-0.054599,-0.443011,-0.894877,0.012342,-0.896436,0.44297,-0.998377,0.013686,0.055529,-0.013255,0.019553,0.021809,0.0013,-0.012216,0.021556,-1.918716,-0.147307,-0.008866,0.273788,-0.326525,-0.187589,0.926382,0.939105,-0.1748,0.295737,0.106847,0.966745,0.232057,0.030332,-0.002557,-0.007592,0.047522,-0.012862,-0.222237,-1.407079,0.052942,0.037495,-0.031832,0.370121,0.23072,0.899876,-0.919804,0.226849,0.320155,-0.13027,-0.946206,0.296179,0.008299,-0.007867,-7.7e-05,0.067797,-0.149433,-0.221769,-0.979705,0.081214,0.033723,-0.064876,0.139818,0.405323,-0.903417,-0.108715,0.913148,0.392864,0.98419,0.043285,0.171739,0.000831,0.00423,0.014894,-0.047147,0.075928,-0.145878,-1.00344
273,0.164163,-0.016858,0.306259,-0.054606,-0.443064,-0.894851,0.012106,-0.896406,0.443037,-0.99838,0.013904,0.05543,0.001631,0.007695,0.028853,-0.033424,-0.03256,0.055177,-1.917858,-0.146775,-0.008975,0.273739,-0.321376,-0.184582,0.928783,0.940761,-0.173598,0.291145,0.107881,0.967536,0.228249,0.030221,-0.000521,-0.004969,0.009637,0.471785,-0.601,-1.407107,0.053219,0.037439,-0.031859,0.365425,0.228813,0.902279,-0.921536,0.225637,0.316003,-0.131282,-0.946959,0.293313,0.015737,-0.006172,0.001058,-0.04334,1.800297,-2.325386,-0.986563,0.081141,0.03388,-0.064633,0.139663,0.40544,-0.903388,-0.108427,0.913106,0.393039,0.984244,0.043059,0.171487,0.000792,0.003737,0.014312,-0.034378,-0.035228,0.053478,-0.998541
274,0.163738,-0.016405,0.307115,-0.051778,-0.443213,-0.894945,0.016802,-0.896397,0.442901,-0.998466,0.008441,0.054978,-0.013585,0.0148,0.016383,0.00046,-0.015947,0.019235,-1.918138,-0.145705,-0.009102,0.273794,-0.313919,-0.186408,0.930967,0.943118,-0.173691,0.283362,0.109257,0.967172,0.229138,0.016248,-0.009786,0.007589,0.03594,-0.146038,-0.096489,-1.407429,0.053765,0.037376,-0.031833,0.357548,0.230514,0.904998,-0.924403,0.22516,0.307863,-0.132803,-0.94666,0.293594,0.008112,-0.004672,0.004064,0.043331,-0.163778,-0.103505,-0.994564,0.080934,0.034105,-0.064215,0.136829,0.40546,-0.903813,-0.113113,0.912822,0.392377,0.984114,0.048545,0.170763,-0.006784,0.007663,0.00849,0.000808,-0.015262,0.01813,-0.998541
275,0.16317,-0.016229,0.307911,-0.051678,-0.443208,-0.894953,0.015773,-0.896392,0.44295,-0.998487,0.00932,0.054432,-0.013715,0.000932,0.02149,-0.035142,-0.002433,0.001272,-1.917813,-0.144704,-0.009189,0.27401,-0.306591,-0.185141,0.933658,0.945372,-0.172831,0.276289,0.11058,0.967568,0.226821,0.016083,-0.007223,0.010909,-0.02923,-0.028116,0.029392,-1.407341,0.05426,0.037336,-0.031728,0.350085,0.229954,0.908053,-0.927045,0.224006,0.30068,-0.134267,-0.94707,0.291599,0.014915,0.002766,0.001396,-0.005907,-0.020338,0.076763,-0.999626,0.08065,0.034198,-0.063812,0.136726,0.405441,-0.903837,-0.112103,0.912878,0.392538,0.984244,0.047652,0.170265,-0.006916,-7.9e-05,0.010164,-0.035775,0.012847,-0.023208,-0.995765
276,0.162822,-0.016238,0.308286,-0.049216,-0.443826,-0.894786,0.020427,-0.896122,0.443306,-0.99853,0.004085,0.054287,-0.013921,-0.001594,0.018721,-0.035854,0.012897,-0.023124,-1.917862,-0.144228,-0.009257,0.274174,-0.30124,-0.185153,0.935395,0.946974,-0.172521,0.270943,0.11157,0.967621,0.226109,0.031126,-0.006213,0.010011,-0.020009,0.114435,-0.169639,-1.407406,0.054492,0.037306,-0.031641,0.344969,0.230443,0.909885,-0.928818,0.223494,0.295544,-0.135248,-0.947072,0.291138,0.007384,0.002365,0.001967,0.011936,0.552089,-0.686452,-0.99783,0.080476,0.034196,-0.063621,0.134211,0.405912,-0.904003,-0.116763,0.912379,0.392338,0.984049,0.052898,0.169847,-0.014361,-0.000643,0.009649,-0.036798,0.028372,-0.053582,-0.992989
277,0.161952,-0.016425,0.309022,-0.048582,-0.442864,-0.895297,0.018161,-0.896589,0.442459,-0.998606,0.00578,0.052719,-0.028861,-0.014983,0.02462,-0.072532,0.040894,-0.070104,-1.917387,-0.143356,-0.009485,0.274597,-0.295947,-0.1914,0.935827,0.948594,-0.173401,0.264642,0.111975,0.966255,0.231681,0.017376,-0.018588,0.018573,-0.04237,-0.052184,-0.05056,-1.407357,0.054933,0.037198,-0.03143,0.339732,0.236983,0.910176,-0.930715,0.224095,0.28905,-0.135466,-0.945314,0.296696,0.008006,-0.003129,0.006051,-0.021396,-0.050293,0.014829,-0.989176,0.080058,0.034108,-0.063263,0.133636,0.404776,-0.904597,-0.114467,0.91298,0.391617,0.984397,0.051213,0.16834,-0.014497,-0.002294,0.007836,-0.038377,0.043432,-0.077239,-0.99054
278,0.160931,-0.016725,0.309682,-0.045737,-0.437274,-0.89819,0.020294,-0.899342,0.436742,-0.998703,0.002285,0.051129,-0.029066,-0.00559,0.014525,-0.041188,0.135022,-0.220042,-1.917647,-0.142556,-0.009874,0.275194,-0.286672,-0.19866,0.937201,0.951324,-0.174026,0.254226,0.112935,0.964685,0.237679,0.017322,-0.017652,0.01977,-0.007897,-0.133075,-0.075558,-1.407228,0.05534,0.036996,-0.031125,0.330707,0.244723,0.911451,-0.933866,0.224152,0.278656,-0.13611,-0.943327,0.302668,0.008654,-0.008833,0.009864,-0.032852,-0.09181,-0.039302,-0.987706,0.079547,0.033953,-0.06293,0.131508,0.398692,-0.907606,-0.116047,0.915454,0.385325,0.984498,0.054652,0.166657,-0.01454,-0.008514,0.011204,-0.079089,0.035164,-0.087337,-0.99103
279,0.159725,-0.017144,0.310306,-0.048341,-0.429518,-0.901789,0.023358,-0.903073,0.428819,-0.99851,0.000194,0.054814,-0.029285,-0.00774,0.012168,0.025974,0.315656,0.089788,-1.917844,-0.141805,-0.010433,0.275865,-0.279404,-0.207112,0.937566,0.953476,-0.174452,0.245731,0.112999,0.962839,0.245019,0.01603,-0.006182,0.012185,0.010889,-0.107812,-0.030304,-1.407259,0.055715,0.036718,-0.030788,0.323734,0.253545,0.911542,-0.93635,0.224144,0.270199,-0.135809,-0.940996,0.30997,0.008008,-0.003122,0.006039,-0.019446,-0.053471,0.011301,-0.988522,0.078933,0.033743,-0.062612,0.134146,0.391521,-0.910338,-0.118325,0.918397,0.377551,0.983871,0.057069,0.169526,-0.014638,-0.009348,0.010295,0.041566,0.463834,0.146825,-0.99103
280,0.159108,-0.017454,0.310646,-0.048055,-0.427933,-0.902557,0.027445,-0.903815,0.42701,-0.99842,-0.003724,0.056304,-0.029427,-0.020229,0.018874,-0.028131,0.247507,0.021482,-1.917745,-0.141473,-0.010726,0.276199,-0.276809,-0.21194,0.937256,0.954263,-0.174763,0.242435,0.112746,0.961738,0.249424,0.016044,-0.006295,0.012029,0.009067,-0.10427,-0.027479,-1.407271,0.055875,0.036574,-0.030626,0.321314,0.258353,0.911048,-0.937249,0.224272,0.266956,-0.135354,-0.939656,0.314203,0.008699,-0.009261,0.009298,-0.047859,-0.046114,-0.045578,-0.990482,0.078625,0.033593,-0.062444,0.134447,0.389687,-0.91108,-0.12227,0.918926,0.375,0.983347,0.06098,0.171194,-0.014728,-0.004559,0.005355,0.032522,0.307994,0.077698,-0.992826
281,0.157881,-0.018224,0.311374,-0.048609,-0.421968,-0.905331,0.02932,-0.906604,0.420929,-0.998339,-0.005565,0.057572,-0.029511,-0.020435,0.018625,-0.063638,0.09748,-0.062509,-1.917974,-0.140793,-0.011258,0.276814,-0.269556,-0.220402,0.937419,0.956296,-0.175285,0.233894,0.113085,0.959749,0.256819,0.017446,-0.018587,0.018519,0.132506,-0.3995,-0.309577,-1.407649,0.056221,0.036306,-0.030313,0.315245,0.265408,0.911141,-0.939351,0.223898,0.259786,-0.135053,-0.937778,0.319894,0.00871,-0.009284,0.00926,0.208344,-0.540257,-0.413124,-0.993095,0.078011,0.033205,-0.062083,0.13625,0.383307,-0.913515,-0.123569,0.921489,0.368222,0.982937,0.062712,0.172918,-0.014765,-0.010208,0.009345,-0.081884,0.068222,-0.073517,-0.994622
282,0.156638,-0.019083,0.312142,-0.049355,-0.410393,-0.910597,0.03038,-0.911892,0.409271,-0.99827,-0.00696,0.058611,-0.029637,-0.020985,0.018005,-0.099669,-0.007655,0.152646,-1.917965,-0.140176,-0.011632,0.277319,-0.263794,-0.226513,0.937601,0.957852,-0.175609,0.227189,0.113503,0.958274,0.262091,0.001129,-0.009042,0.010716,0.031662,-0.125524,-0.119232,-1.407373,0.056523,0.036126,-0.030067,0.309043,0.272996,0.911024,-0.941352,0.224238,0.252136,-0.135454,-0.935516,0.326285,0.008085,-0.003907,0.005004,0.05913,-0.192185,-0.127493,-0.996523,0.077401,0.032784,-0.061706,0.138511,0.372086,-0.917804,-0.123798,0.925973,0.356715,0.982592,0.064214,0.174322,-0.0148,-0.010561,0.008981,-0.518754,-1.229524,2.301148,-0.993316
283,0.156148,-0.019468,0.312457,-0.0528,-0.404751,-0.912926,0.029034,-0.914425,0.403679,-0.99813,-0.004695,0.061172,-0.014843,-0.010579,0.008905,-0.083847,-0.041057,0.86563,-1.917658,-0.139939,-0.011795,0.277496,-0.262654,-0.228984,0.937321,0.958185,-0.175721,0.225695,0.113338,0.957669,0.264363,0.001252,-0.010468,0.008871,-0.018884,-0.025395,-0.044559,-1.40671,0.056647,0.03604,-0.029968,0.30782,0.275832,0.910583,-0.941794,0.224294,0.250428,-0.135163,-0.93467,0.328819,0.000626,-0.005324,0.00431,-0.043528,0.020189,-0.010755,-0.997013,0.077133,0.032574,-0.061535,0.141323,0.36674,-0.919526,-0.121512,0.928251,0.351545,0.982477,0.062052,0.175747,-0.007432,-0.005319,0.004442,-0.053433,-0.007991,0.981175,-0.994295
284,0.155189,-0.020056,0.312967,-0.055226,-0.401665,-0.914144,0.032495,-0.915767,0.400357,-0.997889,-0.007102,0.064767,-0.029659,-0.009735,0.00989,0.021984,0.098242,-0.036278,-1.917354,-0.139553,-0.012062,0.27782,-0.260716,-0.234094,0.936599,0.958734,-0.176217,0.222956,0.113162,0.956347,0.269178,0.014792,0.0044,0.003399,0.16304,-0.333656,-0.207282,-1.406962,0.056836,0.0359,-0.029814,0.30705,0.278924,0.909901,-0.942151,0.224135,0.249225,-0.134426,-0.93379,0.331609,0.000522,-0.004109,0.005883,0.251854,-0.561082,-0.405521,-0.99734,0.076665,0.032283,-0.061285,0.144897,0.363077,-0.920423,-0.124634,0.929528,0.347049,0.981565,0.06443,0.179937,-0.007436,-0.005217,0.004544,0.107898,0.024827,-0.028299,-0.994295
285,0.154411,-0.020286,0.31321,-0.054251,-0.394001,-0.917532,0.02998,-0.919101,0.392845,-0.998022,-0.005712,0.06282,-0.014809,0.000721,0.000852,-0.406182,-1.306663,2.363757,-1.917795,-0.139113,-0.012154,0.278358,-0.257915,-0.241784,0.935421,0.959456,-0.177518,0.218781,0.113462,0.954201,0.276568,0.015658,-0.00165,0.017943,0.125409,-0.333314,-0.196381,-1.407056,0.057062,0.03585,-0.029552,0.30394,0.287709,0.908208,-0.943143,0.225494,0.244197,-0.134538,-0.930792,0.339887,0.007798,-0.000575,0.009286,0.162551,-0.402345,-0.247109,-1.001096,0.07627,0.032164,-0.06116,0.14556,0.357862,-0.922359,-0.122069,0.931661,0.342207,0.981789,0.06278,0.179297,-0.007409,0.00036,0.000438,-0.010316,0.108899,-0.210598,-0.995765
286,0.153839,-0.020248,0.313149,-0.052045,-0.390243,-0.919264,0.029044,-0.920701,0.389151,-0.99817,-0.005967,0.0604,-0.01508,-0.001654,-0.001712,-0.000984,0.014715,-0.029553,-1.917984,-0.138514,-0.012283,0.279429,-0.25172,-0.25691,0.933073,0.960991,-0.180032,0.209805,0.114379,0.949785,0.291011,0.016353,-0.005944,0.034649,0.233643,-0.631376,-0.369636,-1.406899,0.057355,0.035783,-0.029034,0.298754,0.301651,0.905401,-0.944792,0.227282,0.236028,-0.134584,-0.925931,0.352899,0.008181,-0.003216,0.017005,0.274097,-0.700209,-0.456257,-1.003545,0.075984,0.032188,-0.061186,0.142558,0.351493,-0.925272,-0.119962,0.934065,0.33635,0.982489,0.063048,0.175324,-0.007542,0.004448,-0.005264,0.039256,-0.084707,0.129128,-0.997724
287,0.153643,-0.020243,0.313034,-0.049588,-0.385954,-0.921209,0.028135,-0.922504,0.384925,-0.998324,-0.006358,0.057753,-0.000462,-0.004046,-0.004356,-1e-06,-2e-06,4e-06,-1.917756,-0.138176,-0.012477,0.280186,-0.249304,-0.26803,0.93059,0.961657,-0.181447,0.20549,0.114069,0.946451,0.301797,0.016218,-0.004591,0.036303,0.242255,-0.5516,-0.591249,-1.407063,0.057531,0.035688,-0.028639,0.296346,0.313409,0.902193,-0.945666,0.228595,0.231215,-0.133772,-0.921693,0.364124,0.00806,-0.002003,0.018515,0.322563,-0.695367,-0.700475,-0.999463,0.075881,0.032192,-0.061241,0.140555,0.347,-0.927272,-0.118651,0.935723,0.332177,0.982936,0.063333,0.172693,-0.007693,-0.00216,-0.002284,-0.000931,0.033405,-0.060869,-0.997398
288,0.153449,-0.020352,0.312675,-0.044459,-0.382789,-0.92279,0.026863,-0.923814,0.381862,-0.998607,-0.007343,0.052507,-0.000894,-0.007779,-0.008396,-0.010199,-0.135487,0.203005,-1.917245,-0.137476,-0.013213,0.282201,-0.243584,-0.293921,0.924266,0.962654,-0.188921,0.193748,0.117954,0.937289,0.327778,0.018448,-0.022283,0.057936,0.296054,-0.77543,-0.762061,-1.406602,0.057881,0.035319,-0.027632,0.291469,0.338681,0.894617,-0.946829,0.235338,0.219386,-0.136236,-0.910994,0.389267,0.009164,-0.010857,0.029318,0.277619,-0.737887,-0.741023,-0.996523,0.075784,0.032141,-0.061417,0.135622,0.343781,-0.929204,-0.117049,0.936861,0.32953,0.983821,0.064071,0.167298,-0.000427,0.001504,-0.008484,0.005148,-0.116371,0.231867,-0.996745
289,0.15347,-0.02061,0.312122,-0.044354,-0.38266,-0.922849,0.027334,-0.923863,0.38171,-0.998599,-0.007826,0.052588,-0.001299,-0.011298,-0.012247,-0.000688,0.014923,-0.024646,-1.917672,-0.13684,-0.014327,0.285038,-0.231839,-0.332123,0.914296,0.966032,-0.188471,0.176621,0.113931,0.924581,0.363363,0.019121,-0.026499,0.074299,0.253202,-0.988436,-0.840496,-1.405688,0.05819,0.034785,-0.026274,0.280935,0.375624,0.883165,-0.95078,0.234288,0.202796,-0.13074,-0.896668,0.422956,0.00947,-0.012967,0.037495,-0.280552,-2.37707,1.187091,-1.001749,0.075795,0.032013,-0.061693,0.13572,0.343407,-0.929328,-0.117585,0.936961,0.329055,0.983744,0.064616,0.167543,-0.00066,-0.000554,-0.010736,0.039347,-0.086272,0.138855,-1.000174
290,0.153522,-0.020777,0.311804,-0.044176,-0.38238,-0.922973,0.027566,-0.923976,0.381418,-0.998601,-0.008124,0.05251,0.013471,-0.012693,-0.013849,0.000297,0.000217,0.004913,-1.917433,-0.136664,-0.015018,0.286628,-0.22334,-0.353427,0.908405,0.968377,-0.186318,0.165722,0.110943,0.917113,0.382698,0.005352,-0.038015,0.083894,0.148229,-0.548179,-1.101538,-1.405823,0.058285,0.034432,-0.025448,0.272599,0.399173,0.875413,-0.953759,0.231853,0.191274,-0.126616,-0.887076,0.443918,0.002595,-0.018723,0.042302,0.283971,-0.945951,-1.059187,-1.002892,0.075815,0.031928,-0.061853,0.135585,0.343132,-0.929449,-0.117792,0.937041,0.328752,0.983738,0.064908,0.167467,-0.000699,-0.000894,-0.011121,0.039047,-0.086958,0.138607,-1.000827
291,0.153665,-0.021163,0.311138,-0.043789,-0.381745,-0.923254,0.027977,-0.924233,0.380766,-0.998607,-0.008688,0.052303,-0.001409,-0.001745,-0.022276,0.038889,-0.087059,0.13859,-1.917312,-0.136664,-0.01669,0.290068,-0.20691,-0.407066,0.88965,0.973356,-0.177028,0.145506,0.098504,0.896543,0.431706,0.006563,-0.047776,0.093194,0.015732,-1.320467,-0.936231,-1.405174,0.058288,0.033622,-0.023762,0.256813,0.449344,0.855649,-0.959891,0.221646,0.171702,-0.112498,-0.865426,0.488243,-0.004256,-0.024882,0.046504,0.198549,-0.824692,-1.311361,-1.017098,0.075887,0.031734,-0.06218,0.135318,0.342569,-0.929696,-0.118124,0.937212,0.328145,0.983735,0.065416,0.167287,-0.00075,-0.006629,-0.007244,-0.001274,0.02986,-0.049283,-1.001317
292,0.15376,-0.021536,0.310575,-0.043702,-0.381591,-0.923322,0.028238,-0.924294,0.380599,-0.998603,-0.008972,0.052321,-0.001234,-0.010776,-0.011832,-0.000687,0.014948,-0.02463,-1.916974,-0.137014,-0.018572,0.293646,-0.188639,-0.462966,0.866065,0.978588,-0.162037,0.126661,0.081913,0.871976,0.482505,-0.009605,-0.039964,0.082897,-0.692387,-2.507657,0.711854,-1.401932,0.058124,0.032687,-0.021959,0.238929,0.504868,0.82947,-0.966547,0.205702,0.15321,-0.093273,-0.838328,0.537127,-0.00417,-0.025869,0.045112,0.029943,-0.822592,-1.074949,-1.031794,0.075939,0.031541,-0.062475,0.135186,0.342284,-0.92982,-0.118381,0.937292,0.327824,0.983722,0.065756,0.167229,-0.000637,-0.005644,-0.006197,0.004123,-0.08824,0.145327,-1.001317
