frame,MLTx,MLTy,MLTz,MLTR1,MLTR2,MLTR3,MLTR4,MLTR5,MLTR6,MLTR7,MLTR8,MLTR9,MLTTVx,MLTTVy,MLTTVz,MLTRVx,MLTRVy,MLTRVz,MLGA,MRTx,MRTy,MRTz,MRTR1,MRTR2,MRTR3,MRTR4,MRTR5,MRTR6,MRTR7,MRTR8,MRTR9,MRTTVx,MRTTVy,MRTTVz,MRTRVx,MRTRVy,MRTRVz,MRGA,SLTx,SLTy,SLTz,SLTR1,SLTR2,SLTR3,SLTR4,SLTR5,SLTR6,SLTR7,SLTR8,SLTR9,SLTTVx,SLTTVy,SLTTVz,SLTRVx,SLTRVy,SLTRVz,SLGA,SRTx,SRTy,SRTz,SRTR1,SRTR2,SRTR3,SRTR4,SRTR5,SRTR6,SRTR7,SRTR8,SRTR9,SRTTVx,SRTTVy,SRTTVz,SRTRVx,SRTRVy,SRTRVz,SRGA
1,0.115465,-0.016977,0.371783,-0.435389,0.295052,-0.850545,-0.665647,-0.741569,0.083431,-0.605587,0.602117,0.520333,0.001354,0.006122,0.004828,-0.478162,-0.109606,-0.837976,-0.108005,-0.146388,0.01827,0.318325,0.701288,0.379527,0.603445,-0.681678,0.604375,0.412284,-0.209103,-0.700955,0.681763,-0.019005,0.044701,-0.047828,-0.904777,-0.65846,-1.075493,0.084224,0.045225,0.02843,-0.026155,-0.722218,-0.325839,0.610106,0.620053,-0.695871,0.362349,0.306488,0.639993,0.704608,-0.002738,0.023492,-0.023613,-0.153954,-0.192759,-0.23459,-0.154107,0.070214,0.017658,-0.06127,-0.470604,0.258576,-0.843605,-0.602431,-0.792723,0.093086,-0.644676,0.552021,0.528833,0.000558,0.002528,0.001989,-0.153466,-0.610803,-0.283081,-0.374118
2,0.115523,-0.016759,0.371941,-0.431666,0.276801,-0.85854,-0.664083,-0.741614,0.09473,-0.609955,0.610686,0.50502,0.001227,0.005551,0.004369,-0.121856,-0.483153,-0.190239,-0.026807,-0.14706,0.019638,0.316941,0.676572,0.424644,0.601598,-0.717714,0.562621,0.410218,-0.165114,-0.709842,0.684635,-0.018118,0.038705,-0.03528,-0.857047,-0.692677,-1.110012,0.157488,0.044882,0.029128,-0.026868,-0.701392,-0.376862,0.604998,0.663293,-0.655835,0.360445,0.260941,0.654104,0.709968,-0.00852,0.01412,-0.013406,-3.238332,-2.185299,-3.907512,-0.032946,0.070243,0.017765,-0.061186,-0.467583,0.238753,-0.851094,-0.600415,-0.792419,0.107569,-0.648742,0.561308,0.513873,0.000639,0.002886,0.002271,-0.219594,-0.700385,-0.502342,-0.262427
3,0.115488,-0.016414,0.371861,-0.430287,0.250594,-0.867238,-0.653131,-0.74957,0.107402,-0.622613,0.612319,0.487283,0.000956,0.012484,-0.007545,-0.007483,-0.683743,-0.355673,0.038786,-0.147972,0.020824,0.315878,0.668236,0.450909,0.59172,-0.73185,0.540787,0.414582,-0.133885,-0.710647,0.690593,-0.017087,0.030952,-0.024341,0.09917,-0.021599,0.017828,0.231429,0.044438,0.029713,-0.027394,-0.69573,-0.404675,0.593461,0.680893,-0.634698,0.365434,0.228787,0.658327,0.71712,-0.007868,0.00945,-0.008639,-0.021474,-0.056229,-0.113815,0.063559,0.070227,0.017945,-0.061221,-0.464403,0.213221,-0.859573,-0.588772,-0.79937,0.119809,-0.661572,0.561732,0.496768,-0.006426,0.007249,-0.003027,0.304067,-0.735534,-0.543103,-0.196294
4,0.115376,-0.016162,0.371681,-0.428239,0.234995,-0.872602,-0.647412,-0.753431,0.114762,-0.629952,0.613783,0.475876,0.000595,0.010845,-0.008831,-0.189645,-0.863831,-0.373968,0.065341,-0.148422,0.021299,0.315517,0.665053,0.464278,0.584928,-0.737664,0.529931,0.418282,-0.116598,-0.710235,0.694143,-0.015953,0.021365,-0.015092,0.009802,-0.185312,0.167145,0.273146,0.044201,0.029965,-0.027587,-0.69394,-0.418024,0.58626,0.688147,-0.624646,0.369146,0.211893,0.659599,0.72113,-0.014709,0.01023,-0.007226,-0.155771,-0.648052,0.55852,0.117445,0.070171,0.018072,-0.06131,-0.461531,0.19844,-0.864644,-0.58254,-0.802868,0.126686,-0.669056,0.56216,0.486147,-0.006398,0.011416,-0.008431,-0.195332,-1.011884,-0.454229,-0.157431
5,0.115177,-0.015546,0.371084,-0.424998,0.199012,-0.883072,-0.626895,-0.768419,0.128475,-0.65248,0.607944,0.452438,0.000625,0.019113,-0.019676,-0.171657,-0.939778,-0.387183,0.104333,-0.149517,0.022105,0.315035,0.651243,0.498601,0.572076,-0.75468,0.503762,0.420256,-0.079459,-0.706042,0.703601,-0.028314,0.011115,-0.005053,0.337489,-0.324466,-0.311633,0.339966,0.043658,0.030375,-0.02783,-0.685023,-0.451392,0.571828,0.707259,-0.600297,0.373399,0.174717,0.660218,0.730469,-0.01479,0.011739,-0.005878,0.389475,-0.378604,-0.357221,0.219175,0.070076,0.018368,-0.061599,-0.455943,0.163371,-0.874885,-0.560687,-0.81614,0.139799,-0.691191,0.554277,0.463714,0.000236,0.009177,-0.010134,-0.114935,-0.712622,-0.28046,-0.096524
6,0.115004,-0.014843,0.370321,-0.424385,0.156071,-0.891956,-0.600576,-0.785693,0.148212,-0.677151,0.598389,0.428282,-0.013434,0.019901,-0.019142,-0.125678,-0.792011,-0.593211,0.131731,-0.150869,0.022708,0.314868,0.639512,0.534095,0.552955,-0.767552,0.482643,0.421727,-0.042432,-0.694784,0.71787,-0.041961,0.013816,-0.001293,-0.596821,-1.01273,-1.469197,0.386331,0.042987,0.030674,-0.027916,-0.678389,-0.48658,0.550478,0.721549,-0.582383,0.374427,0.138401,0.651205,0.746174,-0.021101,0.007004,-0.00062,-2.598713,-2.79498,-4.325221,0.30131,0.06999,0.018726,-0.061988,-0.451364,0.119289,-0.88433,-0.532705,-0.831079,0.159788,-0.715887,0.54321,0.438665,0.000127,0.00865,-0.010542,-0.030289,-0.976846,-0.456525,-0.04819
7,0.114783,-0.014061,0.369387,-0.423195,0.103726,-0.900107,-0.567759,-0.804542,0.174167,-0.705588,0.584618,0.400492,-0.000254,0.015128,-0.022786,4.729982,-2.03316,-2.779356,0.143431,-0.15239,0.023339,0.314795,0.645621,0.565158,0.513577,-0.763419,0.49052,0.420136,-0.01528,-0.664027,0.747461,-0.041908,0.014766,-0.000512,0.010432,-2.958749,1.188794,0.392282,0.042227,0.030993,-0.02795,-0.687339,-0.514204,0.512989,0.717958,-0.587946,0.372632,0.110002,0.62443,0.773295,-0.021547,0.013135,-0.003976,0.597745,-0.777514,-0.107233,0.333315,0.069875,0.01912,-0.062452,-0.446186,0.07034,-0.892171,-0.502942,-0.844297,0.184962,-0.740247,0.531238,0.41209,-0.006733,0.013842,-0.015175,-0.146291,-0.454973,-0.680217,-0.02288
8,0.114685,-0.013581,0.368815,-0.419874,0.086441,-0.903482,-0.565202,-0.80376,0.185707,-0.709615,0.588512,0.387462,0.000271,0.025592,-0.031878,-0.084008,-0.61827,-0.471163,0.152861,-0.153167,0.023755,0.314762,0.643363,0.582358,0.496925,-0.765449,0.492865,0.413649,-0.004825,-0.647223,0.762195,-0.042004,0.017483,0.001863,-0.190895,-2.864045,1.463212,0.402251,0.041838,0.031197,-0.02797,-0.686678,-0.532392,0.495006,0.720262,-0.590485,0.364072,0.098465,0.606534,0.788935,-0.02161,0.014787,-0.002527,0.87798,-1.092544,-0.137791,0.342949,0.069825,0.019355,-0.062736,-0.440764,0.04879,-0.896295,-0.495312,-0.84596,0.197526,-0.748593,0.531008,0.397035,-0.006682,0.014034,-0.015018,-0.121761,-0.753888,-0.530931,-0.011613
9,0.114385,-0.012424,0.367526,-0.410069,0.044456,-0.910995,-0.554869,-0.804868,0.210429,-0.723373,0.591715,0.355855,-0.012946,0.038108,-0.039425,-0.179475,-1.069998,-0.702846,0.195703,-0.154709,0.024655,0.314818,0.631622,0.62471,0.459111,-0.775017,0.496919,0.390325,0.014913,-0.603137,0.797412,-0.041932,0.019026,0.003137,0.809758,-1.065061,-0.14787,0.411882,0.041078,0.031642,-0.02794,-0.682115,-0.573488,0.453684,0.727569,-0.594394,0.342545,0.073221,0.563742,0.822698,-0.020992,0.009995,0.002026,0.621065,-0.896355,-0.038407,0.363034,0.069684,0.019917,-0.063367,-0.429223,0.010678,-0.903134,-0.484619,-0.846525,0.220311,-0.762175,0.532239,0.368522,-0.006698,0.013891,-0.015112,-0.164508,-0.839746,-0.611565,0.025291
10,0.113958,-0.011166,0.366213,-0.402705,0.002251,-0.915351,-0.534742,-0.812181,0.233203,-0.742413,0.583382,0.329416,-0.012776,0.038693,-0.038914,-0.097079,-0.751575,-0.555011,0.264616,-0.156256,0.025461,0.314948,0.619215,0.664502,0.418332,-0.784524,0.502891,0.362708,0.029874,-0.553619,0.832152,-0.040742,0.009329,0.01211,1.047588,-1.48738,0.027097,0.398282,0.040278,0.032059,-0.027874,-0.675576,-0.612835,0.409914,0.73534,-0.600454,0.31421,0.053576,0.513699,0.856295,-0.020373,0.004692,0.006106,0.99705,-1.454825,0.037293,0.361074,0.069461,0.020569,-0.06405,-0.41722,-0.033622,-0.908182,-0.463374,-0.85179,0.244409,-0.781799,0.522801,0.339805,-0.006351,0.019396,-0.019415,-0.116045,-0.793014,-0.572748,0.109059
11,0.113778,-0.010521,0.365539,-0.398188,-0.023069,-0.917039,-0.522056,-0.816298,0.24716,-0.75379,0.577186,0.314141,0.000481,0.026383,-0.031164,-0.160603,-0.846026,-0.591569,0.293022,-0.157115,0.025811,0.315113,0.616432,0.678562,0.399444,-0.78651,0.507915,0.351222,0.034674,-0.531523,0.846253,-0.041874,0.022847,0.006335,0.784255,-1.092854,0.113629,0.392081,0.039864,0.032224,-0.027795,-0.674135,-0.626944,0.390489,0.737112,-0.604678,0.301709,0.046965,0.491227,0.869763,-0.027055,0.004931,0.006933,0.975061,-1.234014,-0.078682,0.353073,0.069376,0.020872,-0.064365,-0.411562,-0.05671,-0.909615,-0.450323,-0.85506,0.257061,-0.792354,0.515417,0.326372,-0.006596,0.014258,-0.014794,-0.05186,-0.519726,-0.470031,0.150862
12,0.113491,-0.00943,0.364345,-0.3845,-0.071658,-0.920364,-0.498234,-0.823195,0.272182,-0.776672,0.563297,0.281965,-0.013292,0.028149,-0.029857,-0.173781,-0.909793,-0.634009,0.321266,-0.159116,0.026293,0.315739,0.614342,0.69803,0.367872,-0.787963,0.51967,0.330137,0.038508,-0.493564,0.868778,-0.054,0.011993,0.01549,0.641887,-0.798521,-0.035927,0.397626,0.038869,0.032472,-0.027483,-0.675075,-0.644974,0.358164,0.736694,-0.615285,0.280544,0.03943,0.453246,0.890512,-0.03371,0.006247,0.008629,0.678433,-0.898728,0.050286,0.349644,0.069233,0.021428,-0.064973,-0.393758,-0.104779,-0.913222,-0.425515,-0.859849,0.282126,-0.814795,0.499679,0.293987,0.000137,0.012602,-0.01603,-0.156956,-1.000556,-0.680607,0.211769
13,0.113193,-0.008463,0.363222,-0.368236,-0.11162,-0.923032,-0.490478,-0.820064,0.294784,-0.789398,0.561412,0.248382,-0.013204,0.028444,-0.029596,-0.224942,-1.135906,-0.527351,0.344039,-0.161306,0.026517,0.316534,0.607563,0.713861,0.348225,-0.79325,0.524353,0.309424,0.037537,-0.465122,0.884373,-0.06611,0.000341,0.023895,1.00373,-0.083244,-0.626773,0.396585,0.037798,0.032588,-0.027097,-0.672084,-0.659999,0.335714,0.73964,-0.619888,0.262051,0.035152,0.424428,0.904778,-0.026405,0.000346,0.01152,0.389516,-0.52882,-0.035124,0.351604,0.069084,0.021909,-0.065535,-0.375047,-0.142577,-0.915974,-0.417534,-0.856215,0.304235,-0.827649,0.496553,0.261591,-0.006679,0.013804,-0.015126,-0.087272,-0.597521,-0.515181,0.249816
14,0.112935,-0.007586,0.362186,-0.353389,-0.145159,-0.92417,-0.478697,-0.820696,0.311896,-0.803305,0.552795,0.221691,-0.013948,0.017083,-0.021259,0.369045,-0.677716,-0.391656,0.362734,-0.16347,0.026543,0.317516,0.600091,0.727243,0.333168,-0.799118,0.527514,0.288225,0.033112,-0.440118,0.897253,-0.052721,0.003742,0.025399,0.616766,-0.602245,-0.351135,0.405433,0.036691,0.032598,-0.0266,-0.665449,-0.673576,0.321669,0.745385,-0.622569,0.238344,0.039718,0.398374,0.916362,-0.03304,0.001661,0.013156,0.659418,-0.637745,-0.437286,0.356829,0.068955,0.022355,-0.066055,-0.356086,-0.176898,-0.917556,-0.406031,-0.855089,0.322428,-0.841629,0.487369,0.232659,0.000248,0.013073,-0.015615,1.471454,-1.049342,-0.81449,0.279698
15,0.112823,-0.007199,0.361699,-0.344503,-0.16273,-0.924598,-0.473316,-0.820426,0.320695,-0.810329,0.548306,0.206771,-0.013249,0.028137,-0.029805,-0.079931,-0.630866,-0.279785,0.371408,-0.164589,0.026558,0.318154,0.594754,0.735612,0.324242,-0.803181,0.52792,0.275923,0.031059,-0.425459,0.904369,-0.051737,-0.004133,0.035889,0.70548,-0.705338,-0.423205,0.411334,0.036156,0.032603,-0.026299,-0.661676,-0.681474,0.312693,0.748704,-0.622951,0.226657,0.040332,0.384088,0.922414,-0.025897,-0.001963,0.018075,0.427342,-0.480538,-0.242909,0.362544,0.068899,0.022537,-0.066288,-0.346493,-0.192873,-0.918009,-0.400033,-0.854803,0.330581,-0.848478,0.481778,0.219028,-7.6e-05,0.007626,-0.011279,-0.242355,-0.86143,-0.637452,0.292108
16,0.112672,-0.00665,0.360925,-0.327222,-0.19402,-0.924839,-0.458459,-0.823202,0.33485,-0.825897,0.53381,0.181574,-7.5e-05,0.015766,-0.022154,0.284775,-0.974205,-0.481773,0.385685,-0.166514,0.026559,0.319576,0.584023,0.751753,0.306227,-0.811177,0.527874,0.251545,0.026725,-0.396261,0.917674,-0.051665,0.000399,0.039487,0.491142,-0.526822,-0.277507,0.413768,0.03515,0.032604,-0.025564,-0.652431,-0.699278,0.292136,0.756666,-0.622589,0.199596,0.042308,0.351273,0.935316,-0.025865,0.000426,0.019971,0.463652,-0.509989,-0.272621,0.371198,0.068818,0.022821,-0.066686,-0.327478,-0.221666,-0.918488,-0.385017,-0.856418,0.34396,-0.862855,0.466274,0.195113,-0.00023,0.002953,-0.006311,1.317521,-1.454401,-0.731351,0.316601
17,0.112539,-0.006339,0.360338,-0.314419,-0.215238,-0.924585,-0.448814,-0.824529,0.344514,-0.836115,0.523553,0.1638,-0.000616,0.005386,-0.013076,-0.109299,-0.493504,-0.225997,0.391395,-0.168159,0.026275,0.321438,0.567314,0.772802,0.284471,-0.82304,0.521898,0.223968,0.023914,-0.362167,0.931733,-0.036454,-0.018447,0.056638,0.552768,-0.723353,-0.190146,0.420128,0.034328,0.032463,-0.024631,-0.638878,-0.720696,0.269129,0.768173,-0.616614,0.172323,0.041756,0.316831,0.947561,-0.018265,-0.009006,0.028536,0.578412,-0.740035,-0.196762,0.376587,0.068752,0.02298,-0.066984,-0.312332,-0.242727,-0.918439,-0.374688,-0.856951,0.353897,-0.872958,0.454662,0.176706,-0.007252,0.003239,-0.006174,-0.177218,-0.650021,-0.374464,0.330971
18,0.112461,-0.006256,0.360091,-0.311471,-0.220256,-0.924402,-0.448725,-0.823396,0.347327,-0.837269,0.523254,0.158783,-0.000696,0.005047,-0.013351,-0.022221,-0.199937,-0.076854,0.391977,-0.168879,0.025933,0.322597,0.560293,0.782385,0.271913,-0.827917,0.520536,0.208638,0.021,-0.34301,0.939024,-0.022292,-0.026537,0.065792,0.735811,-0.809261,-0.45724,0.424748,0.033976,0.032301,-0.024078,-0.633932,-0.729427,0.257031,0.772217,-0.615271,0.158494,0.042534,0.298959,0.953317,-0.018265,-0.007851,0.02943,0.936672,-1.0271,-0.430274,0.381812,0.068713,0.023023,-0.067107,-0.30828,-0.248403,-0.918291,-0.374754,-0.855535,0.357236,-0.874369,0.454262,0.170655,-0.000457,0.002015,-0.007082,-0.020364,-0.184674,-0.101299,0.3344
19,0.112252,-0.00627,0.359739,-0.30899,-0.224881,-0.924121,-0.443374,-0.825549,0.349084,-0.841031,0.517871,0.156533,-0.000872,0.004299,-0.01396,0.034282,-0.002769,-0.008726,0.388643,-0.170232,0.024914,0.325125,0.536617,0.807763,0.244035,-0.843521,0.507119,0.176741,0.018345,-0.301713,0.953151,-0.022254,-0.026368,0.065761,0.929659,-1.056783,-0.395564,0.428659,0.033291,0.031786,-0.022785,-0.613872,-0.756102,0.226868,0.788332,-0.60215,0.126277,0.041131,0.256365,0.965703,-0.011171,-0.013152,0.032935,0.86478,-1.013205,-0.385905,0.390467,0.068608,0.023018,-0.067287,-0.305672,-0.252472,-0.918053,-0.369092,-0.85739,0.358681,-0.877687,0.448485,0.168894,-0.000424,0.002167,-0.006963,0.034946,0.007452,-0.003494,0.3344
20,0.112046,-0.00647,0.359577,-0.309484,-0.225201,-0.923877,-0.443214,-0.825412,0.349611,-0.840934,0.517951,0.156793,-0.00112,-0.004789,-0.003859,-0.0,-0.0,-0.0,0.380012,-0.171343,0.023733,0.327942,0.505282,0.836815,0.210762,-0.862673,0.48479,0.143901,0.017618,-0.25559,0.966554,-0.022232,-0.022947,0.068368,0.846612,-0.972127,-0.319565,0.434632,0.032752,0.031215,-0.021432,-0.586797,-0.786548,0.192379,0.808873,-0.580337,0.094506,0.037311,0.211066,0.976759,-0.017777,-0.011831,0.034472,0.752688,-0.887106,-0.299948,0.396508,0.068511,0.022919,-0.067368,-0.306187,-0.252694,-0.91782,-0.369031,-0.857231,0.359122,-0.877533,0.448663,0.169221,-0.000588,-0.00253,-0.002033,0.002914,-0.090623,0.176923,0.329338
21,0.111885,-0.00663,0.359485,-0.3091,-0.224948,-0.924067,-0.443407,-0.825478,0.34921,-0.840974,0.517955,0.156565,-0.000745,-0.003179,-0.002566,0.005299,-0.091733,0.176395,0.376025,-0.172146,0.022608,0.330772,0.475594,0.860737,0.181478,-0.879549,0.463693,0.106375,0.006824,-0.211302,0.977327,-0.022192,-0.022825,0.068272,0.805793,-0.918715,-0.316827,0.438457,0.032351,0.030657,-0.020013,-0.560596,-0.81228,0.161036,0.826939,-0.559374,0.057193,0.043622,0.165229,0.985289,-0.010725,-0.0165,0.038534,0.580474,-0.802207,-0.716706,0.404836,0.068425,0.022837,-0.067415,-0.305978,-0.252481,-0.917949,-0.369256,-0.857242,0.358866,-0.877512,0.448763,0.169067,-0.007171,-0.000313,-0.000334,-0.002642,0.01538,-0.029242,0.320357
22,0.111829,-0.006676,0.359422,-0.307627,-0.226701,-0.92413,-0.438508,-0.82815,0.34907,-0.844077,0.5129,0.156505,-0.000833,-0.003552,-0.002868,0.000101,-3.8e-05,-1.7e-05,0.377915,-0.172553,0.02204,0.332155,0.461673,0.869857,0.17378,-0.886957,0.453753,0.08573,-0.00485,-0.194818,0.980758,-0.021326,-0.034218,0.075972,2.295344,1.260065,-0.608156,0.440298,0.032131,0.030353,-0.019267,-0.547832,-0.822907,0.150672,0.834922,-0.549158,0.036445,0.052752,0.145765,0.987911,-0.010715,-0.017162,0.037977,2.184042,1.319601,-0.588202,0.407612,0.068397,0.022815,-0.067446,-0.30428,-0.25404,-0.918082,-0.364201,-0.859535,0.358547,-0.88021,0.443465,0.169017,-0.000477,-0.002039,-0.001643,0.003404,-0.077807,0.151251,0.320031
23,0.111778,-0.006767,0.359269,-0.307344,-0.226554,-0.92426,-0.438458,-0.8283,0.348775,-0.844206,0.512722,0.156393,-0.000769,-0.003274,-0.002648,-0.0,-0.0,-0.0,0.381611,-0.173306,0.020718,0.33517,0.424206,0.89067,0.163548,-0.905168,0.421961,0.050533,-0.024523,-0.170604,0.984965,-0.021302,-0.033047,0.076766,0.424064,-0.625557,0.108878,0.440438,0.03177,0.02972,-0.017821,-0.51195,-0.847675,0.139114,0.856069,-0.516859,0.000977,0.071074,0.119592,0.990275,-0.004105,-0.016509,0.037901,1.142167,-0.165077,-0.228645,0.410878,0.068371,0.02277,-0.067522,-0.304027,-0.253853,-0.918218,-0.364191,-0.859663,0.35825,-0.880302,0.443325,0.168909,-0.000437,-0.001871,-0.001513,-0.001819,0.013713,-0.025346,0.32297
24,0.111757,-0.00687,0.35912,-0.307252,-0.226522,-0.924299,-0.438371,-0.828386,0.348681,-0.844285,0.512597,0.156376,-0.000831,-0.003537,-0.002864,-0.000766,0.013301,-0.025555,0.375575,-0.173873,0.019398,0.338129,0.405852,0.901519,0.150133,-0.912859,0.407683,0.020425,-0.04329,-0.146484,0.988196,-0.021289,-0.034443,0.075572,2.019981,1.540004,-0.258775,0.434245,0.031482,0.029059,-0.016334,-0.496381,-0.859314,0.123225,0.864035,-0.50278,-0.025603,0.083956,0.093762,0.992047,-0.004103,-0.016839,0.037585,0.222595,-0.650287,-0.278943,0.405979,0.068362,0.02272,-0.067595,-0.303932,-0.253791,-0.918267,-0.364136,-0.859734,0.358136,-0.880357,0.443224,0.168886,-0.000356,-0.001516,-0.001226,0.004576,-0.091517,0.176491,0.32199
25,0.111737,-0.0069,0.35907,-0.307358,-0.226601,-0.924244,-0.438291,-0.828381,0.348794,-0.844289,0.512571,0.156446,-0.000527,-0.002242,-0.001816,-0.0,-0.0,-0.0,0.371595,-0.174058,0.018767,0.339503,0.397148,0.906629,0.14244,-0.916409,0.400045,0.009638,-0.048729,-0.135512,0.989508,-0.008096,-0.035276,0.073855,0.305776,-0.596202,0.199439,0.436577,0.031381,0.028733,-0.015617,-0.487457,-0.865434,0.115793,0.868313,-0.494411,-0.039857,0.091743,0.081116,0.992473,-0.004509,-0.011734,0.033157,0.418294,-0.668402,0.194738,0.405,0.06835,0.022701,-0.067624,-0.304049,-0.253886,-0.918202,-0.364061,-0.859711,0.358266,-0.880348,0.443212,0.168964,-0.000254,-0.001084,-0.000876,-0.000584,0.000228,0.000111,0.318071
26,0.111729,-0.006949,0.358964,-0.307131,-0.226483,-0.924348,-0.438247,-0.828504,0.348557,-0.844394,0.512424,0.156358,-0.000573,-0.00244,-0.001978,-0.000765,0.013305,-0.025553,0.364068,-0.17436,0.017646,0.342312,0.372214,0.918802,0.131344,-0.925975,0.37724,-0.013957,-0.062824,-0.117593,0.991004,-0.008892,-0.022279,0.067051,0.480966,-0.588399,-0.011567,0.435797,0.031234,0.028171,-0.014239,-0.464765,-0.879219,0.104718,0.879438,-0.472118,-0.060768,0.102867,0.06385,0.992643,-0.004498,-0.010816,0.033795,0.140859,-0.31102,0.127191,0.406632,0.068347,0.022679,-0.067674,-0.303824,-0.253732,-0.918319,-0.364034,-0.859829,0.358011,-0.880437,0.443072,0.168869,0.000127,0.004548,-0.005056,0.034728,-0.015682,0.017013,0.309417
27,0.111702,-0.006972,0.358841,-0.307128,-0.226526,-0.924339,-0.438061,-0.828601,0.34856,-0.844491,0.512247,0.156408,-0.000594,-0.002528,-0.002051,-0.0,-0.0,-0.0,0.362905,-0.174558,0.01709,0.344812,0.342263,0.931363,0.124142,-0.937069,0.348033,-0.026631,-0.068423,-0.108397,0.991682,-0.00965,-0.006236,0.062378,0.13015,-0.450564,-1.515852,0.436775,0.031128,0.027871,-0.012943,-0.437009,-0.894411,0.095139,0.892998,-0.44409,-0.073053,0.10759,0.053034,0.992779,-0.004871,-0.002912,0.031341,0.227447,-0.534778,-1.544596,0.407122,0.068334,0.022668,-0.067735,-0.303836,-0.253782,-0.918301,-0.363848,-0.859901,0.358028,-0.88051,0.442904,0.168931,-0.00034,-0.001459,-0.001184,-0.001035,0.013405,-0.025497,0.304191
28,0.111694,-0.006956,0.358749,-0.307005,-0.226491,-0.924389,-0.437913,-0.828732,0.348435,-0.844613,0.512051,0.156395,-0.000665,-0.002829,-0.002296,-0.000763,0.013316,-0.025547,0.363982,-0.174606,0.0171,0.345978,0.333236,0.935055,0.120907,-0.94048,0.338718,-0.026494,-0.066129,-0.106068,0.992089,-0.009612,-0.002995,0.064623,-0.157739,-0.028661,-0.490525,0.434844,0.031104,0.027873,-0.012362,-0.427728,-0.899364,0.09051,0.897697,-0.434371,-0.073891,0.10577,0.049645,0.99315,-0.004852,-0.001297,0.032477,-0.227026,0.013226,-0.477334,0.406143,0.06833,0.022677,-0.067781,-0.303702,-0.253725,-0.918361,-0.363702,-0.860023,0.357883,-0.880616,0.4427,0.168911,-0.000197,-0.000853,-0.000694,-0.000225,8.2e-05,3.4e-05,0.303375
29,0.111689,-0.006834,0.358533,-0.306798,-0.226492,-0.924457,-0.437419,-0.829078,0.348232,-0.844944,0.51149,0.156441,0.000174,0.008773,-0.010372,0.035115,-0.015871,0.016931,0.368701,-0.174734,0.017478,0.34828,0.321385,0.939402,0.119275,-0.94484,0.3265,-0.024669,-0.062506,-0.10596,0.992335,-0.010359,0.011454,0.058429,-0.113196,0.074584,-0.131138,0.430219,0.031043,0.028052,-0.011249,-0.416707,-0.90472,0.088524,0.903306,-0.423031,-0.071286,0.101942,0.050259,0.993519,0.001332,0.006575,0.029354,-0.1142,-0.032251,0.077701,0.400591,0.068327,0.022732,-0.067887,-0.30353,-0.253725,-0.918418,-0.363206,-0.860306,0.357707,-0.88088,0.44215,0.168975,-0.000222,-0.000962,-0.000781,-0.000904,0.0134,-0.025498,0.305824
30,0.111679,-0.006699,0.358354,-0.306574,-0.226471,-0.924537,-0.436977,-0.829405,0.34801,-0.845255,0.51097,0.156465,-0.000222,-0.000944,-0.000767,0.0,0.0,0.0,0.373749,-0.174773,0.018183,0.35039,0.312117,0.941988,0.123422,-0.948261,0.316815,-0.019063,-0.057435,-0.112281,0.991947,0.001915,0.022847,0.048904,-0.078342,0.064161,-0.107887,0.430248,0.031019,0.028406,-0.010186,-0.407979,-0.90831,0.092326,0.907779,-0.41436,-0.065128,0.097413,0.057241,0.993595,-0.005196,0.006203,0.029326,-0.108331,0.07139,-0.126582,0.398141,0.068322,0.022799,-0.067977,-0.303312,-0.253685,-0.918501,-0.362747,-0.860594,0.357479,-0.881144,0.441611,0.169005,-0.000154,-0.000666,-0.00054,-9.6e-05,4.9e-05,2.7e-05,0.310723
31,0.111654,-0.006624,0.358218,-0.306495,-0.226505,-0.924555,-0.436651,-0.829606,0.347938,-0.845452,0.510627,0.156521,-0.000231,-0.000982,-0.000799,0.0,0.0,0.0,0.376562,-0.174928,0.019053,0.352241,0.307241,0.942944,0.128261,-0.95006,0.311631,-0.014338,-0.05386,-0.118646,0.991406,0.001086,0.030643,0.037824,-0.062713,0.066866,-0.080341,0.429407,0.030947,0.028845,-0.009252,-0.40327,-0.909915,0.097088,0.910201,-0.409797,-0.059987,0.094369,0.064179,0.993465,0.000514,0.015818,0.019274,-0.04058,0.038898,-0.052316,0.397488,0.06831,0.022841,-0.068048,-0.303217,-0.253705,-0.918527,-0.362391,-0.860783,0.357385,-0.881324,0.441231,0.169063,0.000132,0.004567,-0.005037,0.03504,-0.015871,0.016934,0.314969
32,0.111643,-0.006587,0.358156,-0.306455,-0.226518,-0.924564,-0.4365,-0.829701,0.347901,-0.845544,0.510467,0.156545,-0.000275,-0.00117,-0.000951,0.0,0.0,0.0,0.377642,-0.174972,0.019554,0.352998,0.304967,0.943503,0.129569,-0.950825,0.309324,-0.013609,-0.053286,-0.120244,0.991245,0.00108,0.03035,0.03741,-0.040204,0.038631,-0.065114,0.427659,0.030921,0.029101,-0.008856,-0.400863,-0.91085,0.098281,0.911291,-0.407461,-0.059353,0.094108,0.065769,0.993386,0.000506,0.014414,0.018176,-0.034676,0.048348,-0.088494,0.396508,0.068304,0.022859,-0.068079,-0.303177,-0.253716,-0.918537,-0.362234,-0.860865,0.357346,-0.881402,0.441065,0.169089,0.000129,0.004551,-0.005051,0.035053,-0.015882,0.016942,0.316275
33,0.111633,-0.006494,0.358034,-0.306307,-0.226507,-0.924616,-0.436197,-0.829922,0.347755,-0.845754,0.510113,0.156563,0.000418,0.00981,-0.009526,0.035108,-0.015907,0.016913,0.381247,-0.174984,0.020561,0.354463,0.289261,0.948396,0.129865,-0.955972,0.293152,-0.01066,-0.048528,-0.122266,0.991242,0.001036,0.025771,0.033834,-0.106221,0.058123,-0.583193,0.422345,0.030914,0.029601,-0.008133,-0.387537,-0.916652,0.097787,0.917464,-0.393855,-0.055999,0.089845,0.068015,0.99363,0.000606,0.01245,0.016451,-0.767238,0.215355,-5.762415,0.39063,0.068299,0.022902,-0.068136,-0.303046,-0.253698,-0.918585,-0.361938,-0.861046,0.357212,-0.881569,0.440723,0.169114,-0.0001,-0.00044,-0.000359,-3.6e-05,1.6e-05,1.7e-05,0.320684
34,0.111622,-0.006499,0.357938,-0.306233,-0.226499,-0.924643,-0.436057,-0.830026,0.347682,-0.845853,0.509946,0.156569,-0.000465,-0.001974,-0.001607,0.0,0.0,0.0,0.378706,-0.174842,0.02145,0.355652,0.28607,0.949423,0.12943,-0.957084,0.289588,-0.007987,-0.045408,-0.122794,0.991324,0.000181,0.032958,0.022578,-0.006971,0.056583,-0.096895,0.423743,0.030986,0.030051,-0.007522,-0.382852,-0.918684,0.097177,0.919742,-0.388911,-0.053108,0.086583,0.069046,0.993848,0.000473,0.011118,0.01556,-0.041097,0.053336,-0.088973,0.388017,0.068294,0.022905,-0.068186,-0.302959,-0.253678,-0.91862,-0.361773,-0.861153,0.35712,-0.881666,0.440525,0.16912,-0.00027,-0.001154,-0.000939,-0.000778,0.01338,-0.025505,0.321174
35,0.111615,-0.006534,0.357923,-0.306316,-0.226546,-0.924604,-0.436053,-0.829991,0.347769,-0.845825,0.509982,0.156607,-0.000268,-0.001138,-0.000926,0.0,0.0,0.0,0.376542,-0.17482,0.021929,0.356169,0.285336,0.949296,0.131955,-0.957394,0.288622,-0.005264,-0.043425,-0.126034,0.991006,0.000159,0.03024,0.020599,-0.395415,0.319993,0.085203,0.425392,0.030997,0.030293,-0.007261,-0.381334,-0.919193,0.098329,0.920405,-0.38744,-0.05238,0.086244,0.070528,0.993774,0.000464,0.009495,0.014386,-0.500337,0.377098,0.100239,0.389324,0.06829,0.022886,-0.068195,-0.303037,-0.253731,-0.918579,-0.361771,-0.861118,0.357207,-0.88164,0.440563,0.169158,-0.00019,-0.000816,-0.000665,-2.2e-05,8e-06,1.2e-05,0.319541
36,0.111614,-0.006599,0.357909,-0.306328,-0.226537,-0.924602,-0.436119,-0.829952,0.34778,-0.845786,0.51005,0.156595,-0.000242,-0.001027,-0.000837,0.0,0.0,0.0,0.371724,-0.174839,0.02261,0.35693,0.280826,0.950272,0.134576,-0.958735,0.284141,-0.004895,-0.043227,-0.128852,0.990652,8.7e-05,0.017188,0.011612,-0.00884,0.071012,-0.12177,0.421836,0.030987,0.030657,-0.006865,-0.377591,-0.920318,0.102167,0.922057,-0.383834,-0.049809,0.085055,0.075396,0.993519,2.8e-05,0.00796,0.005374,-0.00548,0.068675,-0.121773,0.389324,0.06829,0.022853,-0.068202,-0.303051,-0.253723,-0.918577,-0.361841,-0.861084,0.357218,-0.881607,0.440634,0.169144,-0.000147,-0.000623,-0.000507,-1.5e-05,1.1e-05,-8e-06,0.315132
37,0.111613,-0.006656,0.357877,-0.30621,-0.226455,-0.924661,-0.436181,-0.829973,0.347654,-0.845798,0.510053,0.156525,-0.000262,-0.001111,-0.000905,0.0,0.0,0.0,0.368011,-0.174764,0.022893,0.357246,0.276571,0.951165,0.137057,-0.959966,0.279955,-0.004886,-0.043349,-0.131424,0.990309,2.6e-05,0.005441,0.003663,-0.012333,0.099859,-0.171542,0.381104,0.031024,0.030797,-0.006708,-0.373526,-0.921728,0.104371,0.923675,-0.37994,-0.049682,0.085449,0.077848,0.993295,0.006408,0.002788,0.001397,-0.008472,0.070119,-0.117134,0.365973,0.068289,0.022825,-0.068218,-0.302941,-0.253632,-0.918638,-0.361903,-0.861109,0.357094,-0.881619,0.440637,0.169075,-0.000158,-0.000675,-0.00055,0.005184,-0.092293,0.176126,0.31105
38,0.11162,-0.006719,0.357825,-0.306208,-0.226453,-0.924663,-0.436182,-0.829974,0.34765,-0.845798,0.510052,0.156524,-0.0004,-0.001696,-0.001383,0.0,0.0,0.0,0.365374,-0.174709,0.022922,0.357202,0.272337,0.952339,0.137386,-0.961077,0.276056,-0.007624,-0.045513,-0.131169,0.990246,0.012786,-0.003442,-0.003276,0.002984,-0.015862,0.028794,0.248378,0.031051,0.03081,-0.006731,-0.369289,-0.923419,0.104507,0.925171,-0.375917,-0.052379,0.087654,0.077344,0.993143,0.006389,-0.00231,-0.002036,-0.007153,-0.008865,0.030682,0.254772,0.068293,0.022794,-0.068243,-0.302938,-0.253629,-0.91864,-0.361904,-0.86111,0.35709,-0.881619,0.440636,0.169074,-0.000224,-0.000959,-0.00078,0.004441,-0.078899,0.150592,0.307784
39,0.111627,-0.006734,0.357813,-0.306222,-0.226461,-0.924656,-0.436177,-0.82997,0.347665,-0.845795,0.510055,0.156532,-9.3e-05,-0.000397,-0.000324,0.0,0.0,0.0,0.363632,-0.174674,0.022796,0.357055,0.269827,0.953151,0.136701,-0.961688,0.273833,-0.01024,-0.047517,-0.129908,0.990318,-4.2e-05,-0.00944,-0.006367,0.025283,0.086718,-0.215364,0.153775,0.031069,0.030748,-0.006804,-0.36692,-0.924469,0.103571,0.925923,-0.373671,-0.055103,0.089643,0.07568,0.993094,-2.2e-05,-0.005279,-0.00356,-0.002018,0.105685,-0.21148,0.14896,0.068296,0.022784,-0.068252,-0.302952,-0.253639,-0.918632,-0.3619,-0.861106,0.357105,-0.881616,0.440639,0.169082,-4.4e-05,-0.00019,-0.000154,-1e-06,1.1e-05,2e-06,0.306151
40,0.111642,-0.006765,0.357801,-0.306251,-0.226473,-0.924643,-0.436192,-0.829951,0.347693,-0.845777,0.510081,0.156541,-1e-05,-4e-05,-3.3e-05,0.0,0.0,0.0,0.360798,-0.174638,0.022155,0.356631,0.265514,0.954936,0.132633,-0.962816,0.269699,-0.013491,-0.048971,-0.125329,0.990837,-9.2e-05,-0.020012,-0.013577,-1.520645,-2.274899,0.117749,-0.030325,0.031087,0.030436,-0.007011,-0.362518,-0.926418,0.101634,0.927317,-0.369445,-0.059934,0.093072,0.07252,0.993014,-4.4e-05,-0.010659,-0.007229,-0.019746,0.040205,-0.053902,-0.079484,0.068304,0.022769,-0.068257,-0.302979,-0.253652,-0.91862,-0.361916,-0.861088,0.357133,-0.8816,0.440667,0.169091,4e-06,1.9e-05,1.5e-05,0.0,-0.0,1.3e-05,0.302232
41,0.111652,-0.006783,0.357814,-0.306147,-0.226394,-0.924697,-0.436272,-0.829955,0.347581,-0.845774,0.510108,0.156473,-0.0,-0.0,-0.0,0.0,0.0,0.0,0.356136,-0.17471,0.021239,0.355988,0.273994,0.953514,0.125415,-0.960407,0.278074,-0.01505,-0.049553,-0.117534,0.991762,-0.000938,-0.014086,-0.02552,-1.359817,-2.429472,0.75857,-0.22454,0.031051,0.029962,-0.007343,-0.371192,-0.923875,0.093112,0.924079,-0.377375,-0.060537,0.091067,0.063572,0.993813,-0.000459,-0.007463,-0.013054,-1.379644,-2.407445,0.762396,-0.302375,0.068309,0.022761,-0.068251,-0.302883,-0.253566,-0.918675,-0.361997,-0.861099,0.357023,-0.8816,0.440694,0.169022,0.0,1.5e-05,1.4e-05,-1.1e-05,-2.1e-05,4e-06,0.297823
42,0.111661,-0.0068,0.357826,-0.306159,-0.226391,-0.924694,-0.436315,-0.829928,0.347592,-0.845747,0.510154,0.156466,0.013754,-0.002028,-0.001468,0.000984,-0.014715,0.029553,0.354165,-0.174736,0.020773,0.355598,0.274175,0.954061,0.120773,-0.960568,0.277671,-0.011901,-0.045218,-0.113958,0.992387,-0.000142,-0.026453,-0.018188,-0.045951,-0.019064,-0.070706,-0.311941,0.031038,0.029726,-0.00754,-0.371754,-0.924169,0.0878,0.924386,-0.377225,-0.056666,0.085489,0.060096,0.994524,-6.5e-05,-0.013447,-0.009239,-0.055272,-0.005526,-0.068266,-0.392512,0.068313,0.022752,-0.068244,-0.302895,-0.253563,-0.918672,-0.362041,-0.861076,0.357034,-0.881577,0.440742,0.169015,0.006873,-0.001005,-0.000726,0.000967,-0.01474,0.029528,0.294557
43,0.111662,-0.006826,0.35787,-0.306203,-0.226391,-0.924679,-0.436418,-0.829856,0.347636,-0.845678,0.510271,0.156457,2e-05,8.6e-05,7e-05,0.0,0.0,0.0,0.353243,-0.174753,0.019932,0.354766,0.296529,0.948442,0.111895,-0.953997,0.299544,-0.009814,-0.043183,-0.10504,0.993461,-0.000955,-0.014616,-0.026129,0.089254,0.026242,0.436948,-0.453337,0.031029,0.0293,-0.00796,-0.393521,-0.91583,0.079969,0.915598,-0.398258,-0.055395,0.08258,0.05142,0.995256,-0.000469,-0.00732,-0.013063,0.078615,0.042955,0.444358,-0.555312,0.068314,0.02274,-0.068222,-0.302939,-0.253567,-0.918656,-0.362149,-0.861012,0.35708,-0.881518,0.440864,0.169005,7e-06,4.6e-05,3.8e-05,-6e-06,1e-06,-2.2e-05,0.290802
44,0.111639,-0.006863,0.357906,-0.306203,-0.226365,-0.924685,-0.436534,-0.829795,0.347634,-0.845618,0.510382,0.156424,0.0,0.0,0.0,0.0,0.0,0.0,0.35241,-0.174722,0.019381,0.353921,0.323684,0.939465,0.112368,-0.944932,0.326986,-0.010842,-0.04732,-0.103863,0.993396,-0.000929,-0.009545,-0.022719,0.653879,-0.041496,5.458582,-0.527038,0.031045,0.02902,-0.008379,-0.41443,-0.906414,0.081615,0.906017,-0.419382,-0.057015,0.085907,0.050316,0.995031,-0.000456,-0.004754,-0.011337,0.032117,0.018305,-0.031789,-0.655083,0.068302,0.022721,-0.068204,-0.302941,-0.253541,-0.918663,-0.36227,-0.860961,0.357079,-0.881468,0.440978,0.16897,-1e-06,-3e-06,-3e-06,0.005195,-0.092233,0.176138,0.289495
45,0.11164,-0.006864,0.357918,-0.306202,-0.226359,-0.924687,-0.436558,-0.829784,0.347632,-0.845606,0.510403,0.156417,1e-06,5e-06,4e-06,0.0,0.0,0.0,0.349998,-0.174735,0.018943,0.353034,0.380995,0.917202,0.116506,-0.922705,0.385171,-0.013897,-0.058086,-0.103371,0.992876,-0.000138,-0.022739,-0.016034,1.555969,2.42072,-0.246084,-0.65273,0.031038,0.028814,-0.00882,-0.474719,-0.875881,0.086445,0.875053,-0.480236,-0.060445,0.094457,0.04695,0.99442,-0.000464,-0.005368,-0.011811,0.09191,0.013219,0.479193,-0.75714,0.068303,0.022721,-0.068198,-0.302941,-0.253535,-0.918665,-0.362295,-0.860951,0.357077,-0.881458,0.441001,0.168963,-2e-06,-5e-06,-6e-06,-1.1e-05,-5e-06,-1e-06,0.287536
46,0.111639,-0.006863,0.357906,-0.306203,-0.226365,-0.924685,-0.436534,-0.829795,0.347634,-0.845618,0.510382,0.156424,-4.5e-05,-0.000191,-0.000156,0.0,0.0,0.0,0.34725,-0.174784,0.018713,0.352535,0.416699,0.901094,0.119929,-0.906615,0.421561,-0.016389,-0.065835,-0.103046,0.992426,-0.00095,-0.011335,-0.024151,0.093111,0.010414,0.466196,-0.736469,0.031019,0.028698,-0.009058,-0.506538,-0.857051,0.094244,0.855848,-0.513044,-0.065631,0.104601,0.047414,0.993383,-0.000814,-0.000681,-0.016753,0.733365,-0.087657,5.490847,-0.825232,0.068302,0.022722,-0.068204,-0.302941,-0.253542,-0.918663,-0.36227,-0.860961,0.357079,-0.881468,0.440978,0.16897,-2.9e-05,-0.000124,-0.000102,-1.1e-05,-2e-06,0.0,0.285739
47,0.111637,-0.006885,0.357914,-0.306252,-0.226385,-0.924665,-0.436565,-0.829758,0.347683,-0.845584,0.510433,0.156437,-0.000165,-0.0007,-0.000571,0.0,0.0,0.0,0.337509,-0.174873,0.01856,0.351497,0.47577,0.868706,0.137785,-0.874181,0.484325,-0.034197,-0.097023,-0.105284,0.989628,-0.001744,0.002862,-0.0303,0.572509,0.583523,0.263673,-0.917773,0.030969,0.028608,-0.009599,-0.562706,-0.818555,0.115445,0.815413,-0.572568,-0.08524,0.135874,0.046171,0.989649,-0.000862,0.001538,-0.01505,0.602807,0.650616,0.263266,-0.859196,0.068301,0.022711,-0.068199,-0.302988,-0.253565,-0.918641,-0.362304,-0.860926,0.357129,-0.881438,0.441033,0.168983,-9.3e-05,-0.000395,-0.000324,-6e-06,-3e-06,0.0,0.275615
48,0.111633,-0.006923,0.357935,-0.307908,-0.224036,-0.924687,-0.436367,-0.830385,0.346434,-0.845083,0.510448,0.159074,-5e-06,-2e-05,-1.6e-05,4e-05,0.000128,6.6e-05,0.333035,-0.174971,0.018686,0.350291,0.527658,0.835516,0.153234,-0.839022,0.540829,-0.058993,-0.132812,-0.098503,0.986165,-0.001749,0.002798,-0.030414,0.76544,0.533752,-0.11023,-1.138949,0.030921,0.028673,-0.010188,-0.610577,-0.780573,0.133789,0.773531,-0.624028,-0.110619,0.169835,0.035949,0.984816,-0.000862,0.001396,-0.015188,1.960832,1.947427,0.052292,-0.855114,0.068299,0.022691,-0.06819,-0.304858,-0.251318,-0.91864,-0.362077,-0.861548,0.355856,-0.880886,0.441104,0.171654,1e-06,-0.0,-2e-06,-0.001924,-0.004211,-0.002165,0.265655
49,0.111635,-0.006917,0.357941,-0.307891,-0.224025,-0.924695,-0.436372,-0.830389,0.346417,-0.845087,0.510445,0.159065,7e-06,3.2e-05,2.6e-05,1e-06,2e-06,1e-06,0.331686,-0.174979,0.018834,0.349677,0.546274,0.822497,0.158354,-0.824346,0.561459,-0.071771,-0.148613,-0.092381,0.984502,-0.002533,0.017001,-0.036435,0.38962,-0.202847,0.050167,-1.196936,0.030917,0.028736,-0.010497,-0.627236,-0.765966,0.14096,0.75639,-0.642236,-0.124123,0.185604,0.028766,0.982203,-0.000849,0.0025,-0.014413,0.524445,-0.383217,0.480879,-0.85593,0.0683,0.022694,-0.068187,-0.304818,-0.251337,-0.918648,-0.362089,-0.861542,0.355858,-0.880895,0.441105,0.171608,6e-06,2e-05,1.5e-05,-0.000185,-0.000619,-0.000318,0.263042
50,0.111656,-0.006929,0.357957,-0.307867,-0.223997,-0.92471,-0.436427,-0.830372,0.346389,-0.845067,0.510485,0.15904,0.0,1e-06,1e-06,0.0,0.0,0.0,0.327043,-0.174893,0.019499,0.348561,0.560871,0.811184,0.165513,-0.808713,0.579641,-0.099669,-0.177478,-0.078986,0.98088,-0.001661,0.015258,-0.021447,1.838159,2.02343,0.078941,-1.23401,0.030959,0.029061,-0.011066,-0.640621,-0.753816,0.146168,0.738544,-0.656993,-0.151367,0.210134,0.010982,0.97761,-0.001219,0.012931,-0.015003,0.311743,-0.268945,0.091211,-0.854951,0.068311,0.022688,-0.068178,-0.304793,-0.251313,-0.918663,-0.362144,-0.861529,0.355835,-0.880881,0.441144,0.171576,-2e-06,-5e-06,-5e-06,5.3e-05,-4.4e-05,-2.2e-05,0.258143
51,0.111659,-0.006981,0.357954,-0.30773,-0.223892,-0.92478,-0.436541,-0.830373,0.346242,-0.845058,0.510529,0.158947,-0.000159,-0.000674,-0.00055,0.0,0.0,0.0,0.320252,-0.174639,0.020663,0.347599,0.563665,0.809373,0.164888,-0.803172,0.583708,-0.118886,-0.193162,-0.066455,0.978844,-0.002424,0.034989,-0.023353,0.212051,-0.075216,0.010467,-1.233389,0.031086,0.029648,-0.011555,-0.642591,-0.751804,0.147872,0.731765,-0.65938,-0.172442,0.227147,-0.002602,0.973856,-0.001193,0.017972,-0.011332,0.147131,-0.044421,0.024463,-0.85593,0.068312,0.022663,-0.068179,-0.304665,-0.251199,-0.918737,-0.362259,-0.861541,0.355689,-0.880879,0.441186,0.171483,-8.5e-05,-0.000362,-0.000296,4.9e-05,-8e-06,-1.2e-05,0.249162
52,0.111654,-0.007001,0.357938,-0.305377,-0.222342,-0.925934,-0.437415,-0.830954,0.343738,-0.845462,0.51026,0.157654,-0.000389,-0.001652,-0.001347,-0.000766,0.013082,-0.024988,0.316564,-0.17443,0.02134,0.347157,0.568026,0.805321,0.169692,-0.797467,0.589587,-0.12794,-0.203779,-0.063679,0.976874,0.010571,0.036365,-0.023324,0.23095,-0.038517,0.046422,-1.241487,0.031186,0.029978,-0.011764,-0.646301,-0.747544,0.153205,0.725284,-0.664184,-0.181168,0.237188,-0.005972,0.971445,0.005304,0.018662,-0.011319,0.323385,0.107762,0.073028,-0.85593,0.06831,0.022655,-0.068185,-0.302399,-0.249417,-0.91997,-0.363149,-0.862219,0.353128,-0.881292,0.440872,0.170159,-5.1e-05,-0.000211,-0.000171,8e-06,0.00014,-0.000236,0.24508
53,0.111668,-0.007014,0.357888,-0.304779,-0.218542,-0.927035,-0.437884,-0.832206,0.340092,-0.845436,0.509855,0.1591,-0.000277,-0.001177,-0.000961,0.000146,0.000468,0.000241,0.311439,-0.173919,0.022837,0.346309,0.588277,0.783278,0.20099,-0.77276,0.617798,-0.14526,-0.238673,-0.070865,0.96844,0.010522,0.040166,-0.020514,-0.331536,0.52006,0.011188,-1.305914,0.031442,0.030727,-0.012187,-0.662944,-0.725496,0.184823,0.697173,-0.688212,-0.200778,0.272861,-0.004251,0.962043,0.01135,0.025764,-0.014746,0.285084,0.306951,-0.140129,-0.855604,0.068317,0.022647,-0.068212,-0.302234,-0.245558,-0.921062,-0.363549,-0.863523,0.349511,-0.881184,0.440485,0.171713,-0.000174,-0.000744,-0.000609,-0.003377,-0.006403,-0.005604,0.236916
54,0.111711,-0.007077,0.357772,-0.30253,-0.217082,-0.928114,-0.438592,-0.832808,0.337698,-0.845879,0.509493,0.157898,-0.00082,-0.003487,-0.002848,-0.000754,0.013361,-0.025524,0.310784,-0.173175,0.024381,0.345358,0.631804,0.737433,0.238761,-0.722654,0.67184,-0.162282,-0.280859,-0.070954,0.957051,0.023378,0.035435,-0.024866,0.34301,0.196217,1.251816,-1.39878,0.031809,0.031514,-0.012652,-0.699452,-0.677494,0.227525,0.642125,-0.73551,-0.216099,0.313753,-0.005052,0.94949,0.011717,0.017798,-0.012522,1.346446,-0.451591,5.304938,-0.880587,0.068339,0.022619,-0.068267,-0.300063,-0.243979,-0.92219,-0.364265,-0.864172,0.347154,-0.88163,0.44009,0.170433,-0.000314,-0.001338,-0.001095,6.5e-05,0.000708,-0.001834,0.232344
55,0.111737,-0.007108,0.357563,-0.302437,-0.217096,-0.928141,-0.438294,-0.833002,0.337605,-0.846067,0.509169,0.157937,-0.000243,0.007012,-0.011817,0.035112,-0.015888,0.016922,0.318126,-0.172196,0.025503,0.344365,0.66075,0.697827,0.276473,-0.679293,0.712668,-0.174923,-0.319914,-0.07312,0.944548,0.024157,0.019247,-0.020376,0.887496,1.020555,0.689236,-1.402086,0.032298,0.032084,-0.013148,-0.723607,-0.636307,0.267407,0.594075,-0.771411,-0.228032,0.35138,-0.006146,0.936213,0.018139,0.015857,-0.014365,3.214043,1.693743,4.615805,-0.89365,0.068351,0.022597,-0.06837,-0.300011,-0.244016,-0.922197,-0.363961,-0.86432,0.347105,-0.881773,0.439779,0.170493,0.006391,-0.003112,-0.002451,0.000306,-0.001364,0.003984,0.234956
