frame,MLTx,MLTy,MLTz,MLTR1,MLTR2,MLTR3,MLTR4,MLTR5,MLTR6,MLTR7,MLTR8,MLTR9,MLTTVx,MLTTVy,MLTTVz,MLTRVx,MLTRVy,MLTRVz,MLGA,MRTx,MRTy,MRTz,MRTR1,MRTR2,MRTR3,MRTR4,MRTR5,MRTR6,MRTR7,MRTR8,MRTR9,MRTTVx,MRTTVy,MRTTVz,MRTRVx,MRTRVy,MRTRVz,MRGA,SLTx,SLTy,SLTz,SLTR1,SLTR2,SLTR3,SLTR4,SLTR5,SLTR6,SLTR7,SLTR8,SLTR9,SLTTVx,SLTTVy,SLTTVz,SLTRVx,SLTRVy,SLTRVz,SLGA,SRTx,SRTy,SRTz,SRTR1,SRTR2,SRTR3,SRTR4,SRTR5,SRTR6,SRTR7,SRTR8,SRTR9,SRTTVx,SRTTVy,SRTTVz,SRTRVx,SRTRVy,SRTRVz,SRGA
327,0.155327,-0.051504,0.323061,-0.315541,0.317076,-0.894395,-0.304559,-0.92647,-0.221059,-0.898336,0.202243,0.390021,-0.0,-0.0,-0.0,0.0,0.0,0.0,-0.362852,-0.179712,-0.029098,0.304086,-0.802648,-0.594048,0.053434,0.512228,-0.640866,0.571706,-0.304359,0.486997,0.818573,0.001184,-0.001188,0.019776,-0.027104,-0.023942,0.027719,-1.405854,0.037882,0.028739,-0.017882,0.868226,0.494276,0.04329,-0.425547,0.696943,0.577217,0.255134,-0.519576,0.815442,0.00058,-0.000636,0.009834,-0.050493,-0.01932,0.028749,-0.888098,0.076501,0.016467,-0.056508,0.389707,-0.314246,-0.865665,0.287038,0.934605,-0.210052,0.875063,-0.16662,0.454422,3e-06,1e-06,-5e-06,-2.2e-05,5e-06,1.6e-05,-0.515038
328,0.155478,-0.051454,0.322991,-0.317409,0.318937,-0.893071,-0.304739,-0.926073,-0.222473,-0.897615,0.201136,0.392248,-7.8e-05,-0.0007,-0.00082,0.008463,0.234491,0.118179,-0.362443,-0.179241,-0.029117,0.304739,-0.800603,-0.59683,0.053103,0.51554,-0.64118,0.568366,-0.304155,0.483164,0.820917,0.001099,-0.002972,0.017661,2.2e-05,-0.036224,-0.015272,-1.405857,0.038117,0.028733,-0.017558,0.866572,0.497202,0.042911,-0.428764,0.697765,0.573833,0.255369,-0.515667,0.817847,0.008102,-0.001308,0.008379,-0.020808,-0.047321,0.006159,-0.888425,0.076577,0.016493,-0.056541,0.391027,-0.315581,-0.864583,0.287221,0.934306,-0.211128,0.874414,-0.16577,0.455981,-7e-05,0.004761,-0.005076,0.048187,0.361696,0.20784,-0.514384
329,0.155595,-0.051428,0.322957,-0.317193,0.319165,-0.893066,-0.304725,-0.926007,-0.222766,-0.897696,0.201077,0.392092,0.015585,-0.000706,-0.000877,0.001107,-0.011287,0.031281,-0.362368,-0.178998,-0.02914,0.305009,-0.800622,-0.596598,0.055376,0.516623,-0.640783,0.56783,-0.302268,0.483977,0.821135,0.01618,-0.003441,0.015796,-0.032109,-0.019414,0.035661,-1.405904,0.038234,0.028722,-0.017422,0.866524,0.497074,0.0453,-0.429982,0.697303,0.573482,0.253476,-0.516415,0.817963,0.000135,0.00351,0.004065,-0.007024,-0.012292,0.026039,-0.889078,0.076629,0.016505,-0.056559,0.39148,-0.316358,-0.864094,0.287365,0.93411,-0.211801,0.874164,-0.165394,0.456596,4e-06,1e-06,-4e-06,-0.00035,-0.015297,-0.007815,-0.514384
330,0.15584,-0.051352,0.322869,-0.316807,0.319564,-0.893061,-0.304605,-0.925912,-0.223322,-0.897873,0.200878,0.391788,-0.0,-0.0,-0.0,0.0,1e-06,0.0,-0.362709,-0.178517,-0.029139,0.305461,-0.798294,-0.599659,0.05592,0.520683,-0.640739,0.56416,-0.301463,0.480238,0.823623,0.016085,-0.005528,0.013352,-0.017935,-0.0174,0.000245,-1.40558,0.038474,0.028725,-0.017194,0.864597,0.500371,0.04581,-0.43408,0.697898,0.56966,0.253071,-0.512412,0.820602,0.007664,0.003149,0.002977,-0.009765,-0.035111,0.038447,-0.890058,0.076752,0.016543,-0.056603,0.390979,-0.316656,-0.864212,0.287257,0.934034,-0.212281,0.874424,-0.165253,0.45615,-2.1e-05,0.005239,-0.004516,0.035642,-0.012454,0.018624,-0.514384
331,0.156132,-0.051271,0.322771,-0.316545,0.319828,-0.89306,-0.304415,-0.925874,-0.223739,-0.898031,0.200634,0.391552,0.015584,-0.000679,-0.000857,0.000984,-0.014715,0.029553,-0.362709,-0.178098,-0.029199,0.305798,-0.79729,-0.601114,0.054602,0.521634,-0.640916,0.56308,-0.302471,0.478178,0.824452,0.016001,-0.007579,0.010965,0.056622,-0.089346,-0.046164,-1.405861,0.038689,0.028693,-0.01702,0.863941,0.50162,0.044528,-0.434698,0.698186,0.568835,0.25425,-0.510797,0.821245,0.007991,-0.003887,0.005362,0.057154,-0.090711,-0.047376,-0.892181,0.076898,0.016584,-0.056652,0.390724,-0.316928,-0.864228,0.287099,0.933985,-0.212709,0.87459,-0.165009,0.45592,-2.3e-05,0.005238,-0.00452,0.035656,-0.012071,0.018789,-0.514058
332,0.156307,-0.051202,0.322707,-0.31637,0.32,-0.893059,-0.304264,-0.925855,-0.224025,-0.898144,0.200447,0.391389,2.1e-05,0.000191,0.000223,0.0,0.0,0.0,-0.362837,-0.177918,-0.029247,0.305948,-0.797169,-0.601026,0.057281,0.523061,-0.64035,0.5624,-0.300328,0.479046,0.824731,0.000897,-0.007871,0.011947,-0.033329,-0.005038,0.005868,-1.40598,0.038779,0.02867,-0.016952,0.863662,0.501852,0.047228,-0.436468,0.697677,0.568103,0.252153,-0.511263,0.8216,0.00759,0.001319,0.000853,-0.00955,-0.014094,0.030237,-0.892344,0.076986,0.016614,-0.056681,0.390568,-0.317095,-0.864237,0.286987,0.933957,-0.21298,0.874696,-0.164842,0.455776,0.00781,-0.000192,-0.000267,0.000993,-0.014722,0.029561,-0.513895
333,0.156752,-0.051029,0.32254,-0.315725,0.320659,-0.893051,-0.303951,-0.925723,-0.224992,-0.898477,0.200004,0.39085,0.015528,0.009877,-0.009804,0.036653,-0.026735,0.048386,-0.362784,-0.177641,-0.029376,0.306155,-0.796023,-0.60263,0.056358,0.524348,-0.640323,0.56123,-0.301118,0.477063,0.825592,3.1e-05,0.000855,0.000987,0.000695,-0.00065,-0.000438,-1.405677,0.038912,0.028608,-0.016846,0.862711,0.503572,0.046295,-0.437737,0.697798,0.566977,0.253209,-0.509403,0.822431,1.5e-05,0.000522,0.000597,-0.008745,0.003804,-0.000446,-0.892997,0.077208,0.016701,-0.056764,0.389947,-0.317775,-0.864267,0.28675,0.933805,-0.213965,0.875051,-0.164394,0.455257,0.007795,-0.00031,-0.000408,0.000995,-0.014717,0.029555,-0.513404
334,0.157361,-0.050803,0.322337,-0.314744,0.321673,-0.893033,-0.30362,-0.925485,-0.226413,-0.898934,0.199474,0.390069,0.015638,0.011042,-0.008454,0.036655,-0.026711,0.048398,-0.36367,-0.177458,-0.029573,0.306275,-0.794703,-0.604197,0.058185,0.527254,-0.639852,0.559042,-0.299535,0.475711,0.826947,0.000779,-0.011178,0.00813,-0.03585,0.010324,-0.018402,-1.405142,0.039009,0.028508,-0.016788,0.861619,0.505267,0.048122,-0.44068,0.697685,0.564833,0.251817,-0.507878,0.8238,-7e-06,-0.000122,-0.000145,-0.007807,0.003436,-9e-06,-0.89414,0.077512,0.016811,-0.056868,0.389003,-0.318824,-0.864307,0.28653,0.933542,-0.215403,0.875543,-0.163857,0.454504,0.007864,0.000376,0.000386,0.001861,-0.027774,0.055254,-0.513405
335,0.158136,-0.050526,0.322145,-0.313709,0.322746,-0.89301,-0.303236,-0.925239,-0.227928,-0.899427,0.198882,0.389235,0.031278,0.011271,-0.008305,0.037642,-0.041391,0.077968,-0.365572,-0.177321,-0.029795,0.306371,-0.793317,-0.605821,0.060168,0.530274,-0.639275,0.55684,-0.297877,0.474419,0.828287,-5.1e-05,-0.001433,-0.001654,0.000308,-0.000289,-0.000194,-1.404931,0.039078,0.028394,-0.016735,0.860463,0.507038,0.050145,-0.44377,0.697444,0.562707,0.250341,-0.506441,0.825134,0.000359,-0.006387,0.003141,-0.04434,0.028388,-0.042204,-0.894957,0.077894,0.01695,-0.056964,0.388024,-0.319913,-0.864345,0.286255,0.933275,-0.216919,0.876067,-0.163253,0.45371,0.007914,0.000895,0.000982,0.001848,-0.027786,0.05523,-0.513404
336,0.158574,-0.050368,0.322087,-0.313166,0.323314,-0.892995,-0.303078,-0.925099,-0.22871,-0.89967,0.198615,0.38881,0.0314,0.01265,-0.006712,0.038487,-0.054452,0.103644,-0.366776,-0.177235,-0.029923,0.306421,-0.792082,-0.607507,0.059441,0.531812,-0.639232,0.555421,-0.298423,0.472316,0.829292,0.000748,-0.012141,0.007018,0.070652,-0.089415,-0.085348,-1.405067,0.03912,0.028332,-0.016716,0.859694,0.508405,0.049479,-0.444939,0.697738,0.561417,0.250904,-0.504663,0.826052,-2.7e-05,-0.000691,-0.000803,0.147241,-0.128004,-0.078444,-0.895447,0.078107,0.017026,-0.056997,0.387434,-0.320577,-0.864363,0.286191,0.933092,-0.217789,0.876349,-0.162994,0.453258,0.007909,0.006516,-0.003088,0.037535,-0.039734,0.074108,-0.513731
337,0.159393,-0.050076,0.322069,-0.313937,0.326348,-0.89162,-0.303349,-0.9243,-0.231561,-0.899309,0.197365,0.390279,0.015982,0.003678,0.004161,0.004918,0.129006,0.102775,-0.369665,-0.17703,-0.030151,0.306519,-0.790642,-0.609169,0.061559,0.534914,-0.638549,0.553223,-0.296697,0.471098,0.830603,0.000758,-0.011948,0.007241,-0.020432,-0.001946,-0.028716,-1.404871,0.039223,0.028218,-0.016667,0.858241,0.510652,0.051535,-0.44853,0.697425,0.558943,0.249484,-0.502824,0.827602,-2.2e-05,-0.00056,-0.00065,-0.008322,-0.006635,-0.014565,-0.896426,0.078528,0.017177,-0.057007,0.388147,-0.323435,-0.862977,0.286632,0.932319,-0.220504,0.87589,-0.161769,0.454583,0.007995,0.007556,-0.001889,0.042733,0.157989,0.174985,-0.515364
338,0.160196,-0.049784,0.322227,-0.316819,0.330996,-0.888883,-0.304202,-0.92306,-0.235357,-0.898006,0.195417,0.394239,0.016154,0.005695,0.006479,0.010408,0.306745,0.225801,-0.372435,-0.176742,-0.030415,0.306631,-0.78923,-0.610556,0.065793,0.53909,-0.637762,0.550069,-0.292889,0.470369,0.832366,-3.4e-05,-0.00099,-0.001144,0.006071,0.001784,-0.005782,-1.404845,0.039361,0.028086,-0.01661,0.856982,0.512294,0.055987,-0.452969,0.696989,0.5559,0.245763,-0.501757,0.82936,-2.6e-05,-0.000728,-0.000845,0.013116,0.057745,-0.042591,-0.897569,0.078918,0.01732,-0.056932,0.390102,-0.327054,-0.860729,0.287534,0.931314,-0.223558,0.874725,-0.160278,0.457346,0.008055,0.00261,0.002951,0.016801,0.62771,0.390765,-0.516834
339,0.16051,-0.049686,0.322338,-0.31631,0.331553,-0.888856,-0.304396,-0.92284,-0.235967,-0.89812,0.195507,0.393933,0.016114,0.0054,0.006122,0.00197,-0.022064,0.058142,-0.374056,-0.176586,-0.030555,0.306709,-0.787942,-0.611799,0.069583,0.543026,-0.637386,0.546623,-0.289074,0.469264,0.834321,-1.1e-05,-0.000336,-0.000389,0.008787,-0.005972,-0.006084,-1.404881,0.039445,0.02801,-0.01657,0.855931,0.513636,0.059648,-0.456868,0.697174,0.552466,0.242181,-0.500125,0.831398,0.007957,-0.005457,0.003539,-0.051661,-0.006107,0.005118,-0.897733,0.079087,0.017373,-0.056873,0.39081,-0.328767,-0.859754,0.288099,0.930797,-0.224976,0.874222,-0.159772,0.458482,0.00804,0.002546,0.00287,0.001597,-0.049793,0.043807,-0.517977
340,0.161021,-0.049536,0.322632,-0.320939,0.334357,-0.886142,-0.306229,-0.921962,-0.237024,-0.895847,0.194871,0.399386,0.016086,0.005311,0.005992,0.001959,-0.022108,0.058118,-0.37585,-0.176118,-0.030931,0.306913,-0.788046,-0.610649,0.077998,0.547029,-0.636724,0.543394,-0.281162,0.471656,0.835675,0.015905,-0.011773,0.006086,-0.031856,0.000606,0.007568,-1.40484,0.039673,0.027828,-0.016469,0.856019,0.512429,0.068172,-0.460926,0.696884,0.549454,0.234048,-0.501765,0.832738,0.007946,-0.005964,0.002946,-0.020025,-0.080515,0.15265,-0.899855,0.079349,0.01745,-0.056722,0.395288,-0.331393,-0.856694,0.290046,0.929967,-0.225907,0.871561,-0.159183,0.463724,0.008038,0.002644,0.002973,0.00218,-0.049267,0.045287,-0.519446
341,0.16126,-0.049416,0.322881,-0.325933,0.336733,-0.883416,-0.307916,-0.921249,-0.23761,-0.893458,0.194148,0.405051,0.015936,0.003844,0.004276,0.003018,0.026754,0.083014,-0.374455,-0.175619,-0.031278,0.307083,-0.788979,-0.608126,0.087677,0.552009,-0.639165,0.535433,-0.268573,0.47161,0.839831,0.000758,-0.012632,0.006451,0.098254,-0.073735,-0.130113,-1.404406,0.039928,0.027656,-0.016383,0.85706,0.509296,0.077873,-0.465241,0.7001,0.541672,0.221353,-0.500476,0.836974,0.00797,-0.00552,0.003455,0.183017,-0.199478,0.066001,-0.905244,0.079462,0.017511,-0.056598,0.400246,-0.333593,-0.853532,0.291796,0.929305,-0.226376,0.868709,-0.158451,0.469292,0.000168,0.001855,0.002139,0.001046,0.03185,0.016436,-0.519936
342,0.161248,-0.049341,0.323062,-0.326137,0.336524,-0.88342,-0.307981,-0.921304,-0.237316,-0.893361,0.194255,0.405214,0.00025,0.002671,0.003085,0.000844,-0.013078,0.025668,-0.37456,-0.174985,-0.031551,0.307249,-0.802985,-0.587872,0.098042,0.543645,-0.655325,0.524341,-0.242981,0.475079,0.845649,0.015971,-0.010519,0.007517,0.369585,-0.068064,0.213624,-1.404713,0.040239,0.027516,-0.016303,0.868899,0.486977,0.088694,-0.45476,0.714603,0.531541,0.195467,-0.50219,0.842375,0.007577,0.00028,-0.000375,0.555642,0.388144,1.363102,-0.912429,0.079462,0.017549,-0.056506,0.400188,-0.333187,-0.853718,0.291782,0.929412,-0.225954,0.868741,-0.158675,0.469158,0.000125,-0.004467,0.005402,-0.041536,0.100486,-0.196906,-0.520263
343,0.161204,-0.049346,0.323104,-0.3264,0.336246,-0.883429,-0.307951,-0.9214,-0.23698,-0.893275,0.194278,0.405391,3.4e-05,0.000364,0.000421,0.0,0.0,0.0,-0.37459,-0.174644,-0.031705,0.307356,-0.808863,-0.578902,0.102977,0.539881,-0.662092,0.519708,-0.231658,0.476698,0.847914,0.015979,-0.010488,0.007545,0.055245,-0.145923,0.175433,-1.404448,0.04041,0.02744,-0.016249,0.873239,0.478348,0.092928,-0.451117,0.721472,0.525329,0.184245,-0.500659,0.845809,0.007994,-0.005229,0.003786,0.041848,-0.097,0.256955,-0.911123,0.07944,0.017554,-0.056484,0.400405,-0.33292,-0.853721,0.291711,0.929506,-0.225657,0.868665,-0.158686,0.469295,1e-05,0.000112,0.000131,-2e-06,-0.000209,-9.3e-05,-0.520589
344,0.161086,-0.049399,0.323124,-0.327078,0.335521,-0.883454,-0.307806,-0.921665,-0.236135,-0.893076,0.194274,0.405831,4.5e-05,-0.01114,0.008261,-0.035686,0.011783,-0.01895,-0.374636,-0.17397,-0.032034,0.307578,-0.821531,-0.559199,0.111241,0.529197,-0.675539,0.513354,-0.210882,0.481309,0.850726,0.015994,-0.01046,0.007566,-0.029058,0.00095,0.019549,-1.40473,0.040747,0.027275,-0.016138,0.883518,0.457378,0.100996,-0.439006,0.733426,0.518999,0.163306,-0.502883,0.848787,0.008003,-0.005225,0.003783,-0.034721,-0.080969,0.220941,-0.909653,0.079381,0.017522,-0.056473,0.401068,-0.332159,-0.853706,0.291515,0.929775,-0.224803,0.868425,-0.158707,0.469732,1.4e-05,-0.005651,0.004036,-0.035704,0.01178,-0.018983,-0.520426
345,0.161026,-0.049414,0.323107,-0.327509,0.335055,-0.883471,-0.307637,-0.921852,-0.235627,-0.892976,0.194196,0.40609,-3e-06,-3e-05,-3.5e-05,0.0,0.0,0.0,-0.374146,-0.173322,-0.032277,0.307791,-0.83948,-0.527738,0.129449,0.513703,-0.693472,0.505114,-0.175739,0.491196,0.853056,0.015198,0.001786,0.000655,0.323205,0.609228,-0.368232,-1.404226,0.041077,0.027148,-0.01603,0.897896,0.423842,0.118909,-0.421371,0.74936,0.510789,0.127388,-0.50874,0.851443,0.007607,0.000877,0.000304,0.35117,0.666357,-0.405844,-0.903611,0.079351,0.017512,-0.056485,0.401482,-0.331678,-0.853698,0.291305,0.929959,-0.22431,0.868304,-0.15863,0.469982,-2e-06,-1e-05,-1.1e-05,-4e-06,-7e-06,-1.3e-05,-0.520589
346,0.161016,-0.049402,0.323121,-0.327699,0.334849,-0.883478,-0.307563,-0.921933,-0.235403,-0.892931,0.194161,0.406204,5e-05,0.000529,0.000612,0.0,0.0,0.0,-0.375088,-0.172993,-0.032386,0.307888,-0.850769,-0.506861,0.138836,0.50174,-0.705199,0.500885,-0.154899,0.496436,0.854062,0.015183,0.001128,-0.000112,0.341023,0.696755,-0.269008,-1.40451,0.041229,0.027099,-0.015983,0.906876,0.402209,0.125703,-0.407149,0.759417,0.507458,0.108643,-0.511382,0.852457,0.007587,0.000705,9.4e-05,0.240652,0.716454,1.637548,-0.906877,0.079346,0.017517,-0.056479,0.401665,-0.331465,-0.853694,0.291211,0.930041,-0.224093,0.86825,-0.158595,0.470092,3.4e-05,0.000352,0.000408,-0.005821,0.090314,-0.177116,-0.520753
347,0.161039,-0.049405,0.323133,-0.328069,0.334453,-0.883491,-0.307443,-0.922087,-0.23496,-0.892837,0.194118,0.406433,0.0,3e-06,4e-06,0.0,0.0,0.0,-0.374982,-0.172386,-0.03249,0.308075,-0.869421,-0.469338,0.154339,0.479272,-0.725829,0.493361,-0.118433,0.5035,0.85576,0.016058,-0.008598,0.009693,0.070876,0.297995,0.398419,-1.40429,0.041533,0.027045,-0.015892,0.920353,0.363799,0.143523,-0.384789,0.776759,0.498579,0.069899,-0.514095,0.854879,0.007411,0.000969,0.000326,1.204442,3.29917,4.472155,-0.916838,0.079358,0.017517,-0.056471,0.402021,-0.331056,-0.853686,0.291053,0.930195,-0.223662,0.868139,-0.158551,0.470313,-0.0,-8e-06,-1.1e-05,-1.6e-05,7e-06,3e-06,-0.520916
348,0.161039,-0.049413,0.32314,-0.328689,0.333786,-0.883513,-0.307223,-0.922347,-0.234222,-0.892683,0.194029,0.406812,0.0,0.0,0.0,0.0,0.0,0.0,-0.375535,-0.171793,-0.032558,0.308225,-0.891167,-0.420642,0.169925,0.447033,-0.751177,0.485621,-0.075506,0.509261,0.857214,0.016051,-0.009168,0.009021,1.222286,3.324135,4.335261,-1.40412,0.041835,0.027014,-0.015814,0.93525,0.31665,0.15824,-0.352771,0.796699,0.490736,0.029322,-0.514783,0.856818,0.007614,0.001014,0.000447,1.056003,2.125506,-1.342198,-0.924676,0.079358,0.017512,-0.056468,0.402617,-0.330367,-0.853672,0.290774,0.930455,-0.222944,0.867957,-0.158464,0.470679,3e-06,-3e-06,-8e-06,-1.4e-05,8e-06,8e-06,-0.521079
349,0.161039,-0.049413,0.32314,-0.329094,0.333348,-0.883527,-0.307064,-0.922521,-0.233746,-0.892588,0.193955,0.407055,0.0,0.0,0.0,0.0,0.0,0.0,-0.374885,-0.171284,-0.032565,0.308342,-0.89963,-0.398393,0.17872,0.432988,-0.762177,0.481188,-0.054353,0.510777,0.857914,0.015186,0.001595,0.000395,0.317234,0.625987,-0.391574,-1.403811,0.042096,0.027008,-0.015751,0.942871,0.288001,0.167477,-0.333125,0.80808,0.485833,0.004586,-0.513869,0.857855,0.007604,0.000767,0.000154,0.349061,0.690398,-0.436529,-0.934147,0.079358,0.017512,-0.056468,0.403007,-0.329915,-0.853662,0.290575,0.930627,-0.222482,0.867842,-0.158391,0.470914,5e-06,-2e-06,-6e-06,-1.5e-05,1.7e-05,1.6e-05,-0.521406
350,0.161039,-0.049419,0.323133,-0.32921,0.333223,-0.883532,-0.307019,-0.922571,-0.233609,-0.892561,0.193934,0.407125,-8e-06,-8.5e-05,-9.9e-05,0.0,0.0,0.0,-0.374852,-0.171044,-0.032555,0.308363,-0.906175,-0.382164,0.181078,0.420476,-0.769866,0.480041,-0.042907,0.511622,0.858059,0.015185,0.001609,0.000407,0.029293,0.056891,0.156972,-1.40415,0.04221,0.027012,-0.015742,0.947371,0.271262,0.17001,-0.320059,0.814184,0.484424,-0.007013,-0.513342,0.858154,0.007604,0.000895,0.000301,0.091106,0.219893,0.462042,-0.936922,0.079357,0.017509,-0.056472,0.403118,-0.329786,-0.85366,0.290518,0.930676,-0.22235,0.867809,-0.158371,0.470982,-1e-06,-4.2e-05,-5e-05,-1.5e-05,5e-06,-7e-06,-0.521406
351,0.161039,-0.049419,0.323133,-0.329615,0.332785,-0.883546,-0.306859,-0.922745,-0.233132,-0.892466,0.19386,0.407369,-0.0,-0.0,-0.0,-0.005827,0.090286,-0.177123,-0.374581,-0.170668,-0.032528,0.308357,-0.920897,-0.339096,0.192236,0.389565,-0.789012,0.475008,-0.008237,0.512749,0.858419,3e-06,0.000194,0.000225,0.036906,0.078793,0.000236,-1.404096,0.042398,0.027026,-0.015744,0.957034,0.226698,0.180813,-0.287007,0.829521,0.479083,-0.041381,-0.510394,0.858944,1.6e-05,0.000109,0.000119,0.442859,0.941806,-0.037931,-0.94574,0.079357,0.017509,-0.056472,0.403508,-0.329334,-0.85365,0.290319,0.930849,-0.221888,0.867695,-0.158298,0.471217,2e-06,2e-06,2e-06,-0.005821,0.090303,-0.177108,-0.521242
352,0.161039,-0.049413,0.32314,-0.329904,0.332473,-0.883555,-0.306745,-0.922868,-0.232792,-0.892398,0.193808,0.407542,5e-06,5.2e-05,6.1e-05,0.0,0.0,0.0,-0.37481,-0.170349,-0.032474,0.308388,-0.931455,-0.300564,0.205048,0.362921,-0.805281,0.46877,0.025398,0.511433,0.858868,1.8e-05,0.001207,0.001395,0.003524,0.007865,0.010531,-1.404288,0.042563,0.027051,-0.015731,0.963053,0.187022,0.193782,-0.258676,0.842584,0.472374,-0.074933,-0.505048,0.859831,0.007608,0.001073,0.000501,0.00806,-0.00113,0.06966,-0.943291,0.079358,0.017512,-0.056468,0.403786,-0.329012,-0.853643,0.290176,0.930972,-0.221558,0.867613,-0.158245,0.471385,4e-06,2.8e-05,3.2e-05,-4e-06,8e-06,4.4e-05,-0.521406
353,0.161051,-0.049413,0.323139,-0.33009,0.332272,-0.883561,-0.306672,-0.922948,-0.232574,-0.892354,0.193774,0.407654,0.0,1e-06,1e-06,0.0,0.0,0.0,-0.37503,-0.170201,-0.032439,0.308414,-0.937657,-0.272873,0.215247,0.343931,-0.816462,0.463719,0.050384,0.509183,0.859103,1.6e-05,0.00108,0.001247,0.135419,0.288423,0.389422,-1.403982,0.042637,0.027069,-0.015717,0.965946,0.159264,0.203915,-0.238967,0.851307,0.467088,-0.099204,-0.499911,0.860376,0.007592,0.000974,0.000389,0.460842,0.957384,1.336655,-0.936922,0.079363,0.017512,-0.056468,0.403965,-0.328804,-0.853638,0.290085,0.931051,-0.221346,0.867561,-0.158212,0.471493,1e-06,-5e-06,-5e-06,-1.6e-05,1.7e-05,3.2e-05,-0.521569
354,0.161051,-0.049413,0.323139,-0.330393,0.331944,-0.883572,-0.306552,-0.923078,-0.232217,-0.892283,0.193719,0.407837,0.0,0.0,0.0,-0.005827,0.090286,-0.177123,-0.374847,-0.170013,-0.032408,0.308542,-0.945792,-0.218999,0.239808,0.308816,-0.834405,0.456436,0.101327,0.506027,0.856465,3.6e-05,0.002602,0.003003,-0.187965,0.095942,0.320547,-1.404406,0.042731,0.027081,-0.015657,0.967903,0.105425,0.228139,-0.202301,0.865438,0.458355,-0.149119,-0.489797,0.858989,0.00761,0.001367,0.000835,-0.30832,0.581043,0.205734,-0.9348,0.079363,0.017512,-0.056468,0.404159,-0.328578,-0.853633,0.289985,0.931137,-0.221115,0.867504,-0.158175,0.47161,3e-06,-2e-06,-4e-06,-1.8e-05,1e-05,3.1e-05,-0.521569
355,0.161051,-0.049413,0.323139,-0.330495,0.331834,-0.883575,-0.306512,-0.923121,-0.232097,-0.892259,0.193701,0.407898,0.0,0.0,0.0,0.0,0.0,0.0,-0.374937,-0.169856,-0.032373,0.308757,-0.949407,-0.175548,0.260384,0.280199,-0.847513,0.450715,0.14275,0.501093,0.853458,5e-05,0.003798,0.004378,0.043525,0.263921,-0.056475,-1.404399,0.04281,0.027098,-0.01555,0.966605,0.060675,0.248981,-0.171741,0.874484,0.453631,-0.190206,-0.481243,0.855702,0.000485,-0.003174,0.006843,0.310633,0.704894,-0.124391,-0.930391,0.079363,0.017512,-0.056468,0.404354,-0.328352,-0.853628,0.289885,0.931222,-0.220884,0.867446,-0.158139,0.471728,3e-06,-1e-06,-2e-06,-2.2e-05,1.5e-05,2.9e-05,-0.521569
356,0.161051,-0.049413,0.323139,-0.332639,0.333365,-0.882193,-0.306808,-0.922776,-0.233076,-0.891358,0.192713,0.410328,0.0,0.0,0.0,0.002225,0.075042,0.038176,-0.375154,-0.169784,-0.032337,0.309092,-0.949862,-0.143183,0.277943,0.259609,-0.856245,0.446522,0.175246,0.496471,0.850099,6.1e-05,0.004695,0.0054,-0.018027,-0.071756,0.190228,-1.404034,0.042846,0.027117,-0.015381,0.96331,0.028435,0.26688,-0.150411,0.880745,0.449071,-0.222283,-0.472737,0.852707,0.000483,-0.002655,0.007436,-0.03934,-0.001531,0.033174,-0.926309,0.079363,0.017512,-0.056468,0.406589,-0.32992,-0.851961,0.290301,0.930846,-0.221925,0.866262,-0.157093,0.474247,2e-06,-1e-06,-1e-06,0.002267,0.073776,0.037497,-0.521732
357,0.161063,-0.049422,0.323146,-0.332635,0.333371,-0.882192,-0.306834,-0.922768,-0.233072,-0.891351,0.192738,0.410332,0.0,0.0,0.0,3.8e-05,0.001291,0.000657,-0.375146,-0.169753,-0.032342,0.309273,-0.94942,-0.130044,0.285799,0.251567,-0.859403,0.445056,0.188932,0.494607,0.848252,0.000945,-0.006125,0.013943,-0.076541,0.143284,0.051835,-1.404115,0.042861,0.027119,-0.015293,0.961463,0.01561,0.274488,-0.142053,0.883001,0.447359,-0.23539,-0.469111,0.85119,0.007606,0.002528,0.002163,0.064289,0.230694,0.244715,-0.929901,0.079369,0.017508,-0.056465,0.406529,-0.329877,-0.852005,0.290311,0.930852,-0.221884,0.866286,-0.157144,0.474185,1e-06,0.0,-3e-06,-0.000297,-0.011599,-0.005936,-0.521732
358,0.161086,-0.049422,0.323144,-0.332601,0.333408,-0.88219,-0.306847,-0.922754,-0.233112,-0.891358,0.192744,0.410313,0.0,0.0,0.0,0.0,0.0,0.0,-0.375588,-0.169753,-0.032424,0.309668,-0.948913,-0.102736,0.29833,0.231892,-0.867973,0.439072,0.215024,0.485951,0.847041,0.000942,-0.006304,0.013728,-0.013213,0.032634,0.032609,-1.403685,0.042861,0.027077,-0.015097,0.957863,-0.01146,0.286993,-0.12149,0.88925,0.440993,-0.260263,-0.457278,0.850387,0.000473,-0.003068,0.006957,0.210738,0.414261,0.291703,-0.934473,0.079381,0.017508,-0.056466,0.406411,-0.329839,-0.852077,0.290306,0.930857,-0.221869,0.866343,-0.157193,0.474064,4e-06,-1e-06,-5e-06,-2.1e-05,-0.000254,-0.000134,-0.522222
359,0.161098,-0.049423,0.323144,-0.332787,0.333207,-0.882196,-0.306773,-0.922834,-0.232894,-0.891314,0.19271,0.410424,0.0,0.0,0.0,0.0,0.0,0.0,-0.375667,-0.16979,-0.032637,0.310154,-0.947512,-0.070675,0.311796,0.207806,-0.877043,0.433067,0.24404,0.475219,0.845266,0.000937,-0.006691,0.013277,1.688718,2.389572,4.677546,-1.40354,0.042843,0.026973,-0.014851,0.953025,-0.037592,0.300546,-0.101793,0.894801,0.434704,-0.28527,-0.444878,0.848942,0.000464,-0.003661,0.006273,-0.041626,-0.000302,-0.015191,-0.937086,0.079387,0.017507,-0.056466,0.406587,-0.329631,-0.852073,0.290214,0.930937,-0.221657,0.866291,-0.157161,0.47417,4e-06,-1e-06,-4e-06,-3e-06,-5e-06,-7e-06,-0.522222
360,0.161098,-0.049431,0.32315,-0.3329,0.333087,-0.882199,-0.306752,-0.922877,-0.232751,-0.891279,0.192713,0.410499,0.0,0.0,0.0,0.0,0.0,0.0,-0.375923,-0.169817,-0.032783,0.3104,-0.945896,-0.054897,0.319778,0.196203,-0.88151,0.429392,0.259501,0.468972,0.844149,0.000926,-0.00753,0.012315,1.737535,2.394067,4.654547,-1.403886,0.042829,0.026902,-0.014727,0.949723,-0.053065,0.308558,-0.089817,0.89793,0.430875,-0.299928,-0.436926,0.848019,0.000465,-0.003515,0.00644,-0.018246,0.020522,0.037347,-0.934963,0.079387,0.017503,-0.056463,0.406696,-0.329506,-0.852069,0.290182,0.93098,-0.221517,0.866251,-0.157165,0.474243,3e-06,-1e-06,-3e-06,1e-05,-1.4e-05,1.2e-05,-0.522222
361,0.161099,-0.049441,0.323171,-0.333011,0.33297,-0.882201,-0.306756,-0.922913,-0.232602,-0.891236,0.192741,0.410579,0.000108,0.00115,0.001328,0.000845,-0.01308,0.025667,-0.375954,-0.169919,-0.033042,0.310901,-0.940795,-0.023946,0.338116,0.173664,-0.890486,0.420486,0.292198,0.454341,0.841461,0.000942,-0.006271,0.013747,0.224992,0.397508,0.296783,-1.403618,0.042779,0.026766,-0.014475,0.940869,-0.088635,0.32697,-0.061305,0.904684,0.42165,-0.333178,-0.416762,0.845755,0.00047,-0.003125,0.00688,0.229182,0.405111,0.294065,-0.940188,0.079387,0.017496,-0.056456,0.406817,-0.329369,-0.852065,0.290166,0.931024,-0.221352,0.8662,-0.157191,0.474328,3e-06,-1e-06,-3e-06,-1e-06,1.5e-05,-2e-06,-0.522386
362,0.161098,-0.049462,0.323177,-0.333152,0.332822,-0.882205,-0.306748,-0.922962,-0.232419,-0.891186,0.192763,0.410676,-8e-06,-8.5e-05,-9.8e-05,0.0,0.0,0.0,-0.375703,-0.170023,-0.033271,0.311391,-0.934407,0.006549,0.356135,0.150364,-0.898943,0.411371,0.32401,0.437931,0.838509,-0.014209,-0.007488,0.013808,0.279706,0.665194,-0.42468,-1.403452,0.042732,0.026659,-0.014238,0.931984,-0.118683,0.342519,-0.03617,0.909723,0.413636,-0.360689,-0.397891,0.843554,0.000464,-0.003491,0.006459,0.138449,0.192955,0.433062,-0.942148,0.079387,0.017488,-0.056449,0.406937,-0.329233,-0.85206,0.290151,0.931068,-0.221187,0.866148,-0.157217,0.474414,-6e-06,-6.4e-05,-7.4e-05,-1e-06,-4e-06,-1e-05,-0.522386
363,0.161098,-0.04947,0.323184,-0.333265,0.332701,-0.882207,-0.306727,-0.923005,-0.232276,-0.891151,0.192767,0.410751,-0.0,-1e-06,-2e-06,0.0,0.0,0.0,-0.376005,-0.17011,-0.033391,0.311608,-0.932115,0.022071,0.361476,0.137064,-0.902217,0.408843,0.336321,0.430608,0.837453,-0.014214,-0.00782,0.013426,0.017262,0.072049,0.102186,-1.403316,0.042688,0.026596,-0.014125,0.927039,-0.133278,0.350477,-0.023707,0.911994,0.409517,-0.374213,-0.387948,0.842295,0.000458,-0.003961,0.005923,0.140371,0.204612,0.406413,-0.938882,0.079387,0.017484,-0.056446,0.407046,-0.329108,-0.852056,0.290118,0.931112,-0.221046,0.866108,-0.157221,0.474486,1e-06,1e-06,1e-06,5e-06,-0.0,-3e-06,-0.522386
364,0.161099,-0.04948,0.323204,-0.333477,0.332474,-0.882212,-0.30669,-0.923084,-0.232009,-0.891084,0.192777,0.410892,0.0,1e-06,2e-06,0.0,0.0,0.0,-0.376402,-0.170421,-0.033641,0.31203,-0.9246,0.05165,0.377409,0.112621,-0.909249,0.400645,0.365009,0.412878,0.834364,-0.014234,-0.00901,0.012063,0.587452,0.689977,1.335295,-1.40352,0.042533,0.026473,-0.013912,0.916505,-0.16026,0.366516,-0.000191,0.916064,0.40103,-0.400021,-0.367616,0.839547,-0.007658,0.001124,0.002136,2.072098,2.212149,4.58946,-0.937412,0.079387,0.017479,-0.056436,0.40725,-0.328874,-0.852049,0.290059,0.931192,-0.220783,0.866032,-0.157231,0.474622,0.0,-3e-06,-5e-06,-2e-06,-3e-06,5e-06,-0.522712
365,0.1611,-0.049508,0.323251,-0.333711,0.33223,-0.882216,-0.306716,-0.923156,-0.231687,-0.890987,0.192854,0.411066,8e-06,8.6e-05,9.9e-05,0.0,0.0,0.0,-0.376217,-0.170886,-0.033865,0.312369,-0.919126,0.072743,0.387178,0.095606,-0.912084,0.398618,0.383285,0.403309,0.830842,-0.014266,-0.010725,0.010104,0.89358,1.327796,0.891773,-1.403223,0.0423,0.026364,-0.013739,0.908954,-0.18085,0.375625,0.017264,0.916563,0.399516,-0.416537,-0.356657,0.836236,-0.00757,-1.7e-05,0.000798,3.137336,4.32269,3.096087,-0.939045,0.079388,0.017465,-0.056412,0.407476,-0.32862,-0.852039,0.290059,0.931268,-0.220461,0.865926,-0.157309,0.474789,3e-06,3.6e-05,4.1e-05,-9e-06,9e-06,1.7e-05,-0.522875
366,0.161101,-0.049534,0.323285,-0.333947,0.331981,-0.88222,-0.306718,-0.923234,-0.231373,-0.890898,0.192907,0.411234,1.1e-05,0.000118,0.000136,0.0,0.0,0.0,-0.376023,-0.171557,-0.034026,0.312518,-0.913819,0.096978,0.394362,0.073214,-0.915672,0.395118,0.400568,0.389821,0.829125,-0.01515,-0.000693,0.000637,-0.001902,0.015354,-0.028946,-1.403572,0.041965,0.026278,-0.013663,0.90032,-0.20559,0.383609,0.041249,0.917738,0.395037,-0.433269,-0.339836,0.834738,-0.007576,-0.000417,0.000242,-0.004287,0.009267,-0.027096,-0.935616,0.079388,0.017452,-0.056396,0.407703,-0.328363,-0.852029,0.290035,0.93135,-0.220148,0.865827,-0.157364,0.474951,9e-06,8.2e-05,9.2e-05,-8e-06,1.1e-05,2.7e-05,-0.522875
367,0.161101,-0.04955,0.323299,-0.334073,0.331848,-0.882223,-0.306715,-0.923277,-0.231206,-0.890852,0.192933,0.411323,0.000105,-0.010497,0.009004,-0.035687,0.01177,-0.018957,-0.376292,-0.171942,-0.034065,0.312557,-0.908925,0.112923,0.401366,0.059868,-0.917165,0.393902,0.413736,0.381917,0.826332,-0.015149,-0.000584,0.000755,-0.020481,0.031861,-0.018388,-1.404185,0.041784,0.026258,-0.013646,0.893564,-0.220949,0.390798,0.054603,0.917529,0.3939,-0.4456,-0.330637,0.831936,-0.007574,-0.00032,0.00035,-0.001954,0.015589,-0.014145,-0.931044,0.079389,0.017448,-0.056392,0.407812,-0.328238,-0.852025,0.290002,0.931393,-0.220008,0.865786,-0.157367,0.475023,0.0,-7e-06,-9e-06,-1.5e-05,4e-06,1e-05,-0.522876
368,0.16109,-0.049549,0.323299,-0.334191,0.33172,-0.882226,-0.306668,-0.923327,-0.231068,-0.890824,0.192911,0.411393,0.0,0.0,0.0,0.0,0.0,0.0,-0.376378,-0.172793,-0.034163,0.312574,-0.903751,0.134124,0.406494,0.040786,-0.918202,0.393923,0.427208,0.372422,0.823808,-0.015181,-0.00192,-0.000779,-0.06004,0.066453,0.004134,-1.403576,0.041347,0.02621,-0.013635,0.886017,-0.241251,0.395943,0.073598,0.91632,0.393625,-0.457773,-0.319617,0.82963,-0.015169,-0.001444,-0.000229,-0.059285,0.08016,-0.021824,-0.932514,0.079383,0.017444,-0.056388,0.407937,-0.328094,-0.852021,0.289961,0.931444,-0.219849,0.865741,-0.157369,0.475105,2e-06,-2e-06,-8e-06,-9e-06,-6e-06,1.3e-05,-0.523039
369,0.16109,-0.049557,0.323306,-0.334304,0.331599,-0.882229,-0.306647,-0.92337,-0.230925,-0.890789,0.192915,0.411468,0.0,0.0,0.0,0.0,0.0,0.0,-0.376666,-0.173703,-0.034248,0.312562,-0.897867,0.160398,0.409998,0.016181,-0.918485,0.395041,0.441064,0.36113,0.82153,-0.03033,-0.001976,0.000528,-0.296196,0.29299,0.114318,-1.404024,0.040898,0.026165,-0.013644,0.877764,-0.265564,0.398755,0.098149,0.914336,0.39288,-0.468931,-0.305718,0.828636,-0.007589,-0.00081,-0.000218,-0.540571,0.45294,0.222818,-0.929248,0.079383,0.01744,-0.056385,0.408046,-0.327969,-0.852017,0.289928,0.931487,-0.219708,0.865701,-0.157373,0.475177,5e-06,-2e-06,-6e-06,-1e-05,1.4e-05,1.7e-05,-0.523039
370,0.16109,-0.049551,0.323313,-0.33439,0.331505,-0.882231,-0.306612,-0.923407,-0.230823,-0.890768,0.192899,0.41152,1.5e-05,0.000164,0.000189,0.0,0.0,0.0,-0.376376,-0.174204,-0.034288,0.312562,-0.895455,0.169701,0.411526,0.006987,-0.918876,0.3944,0.44619,0.355833,0.821072,-0.015188,-0.001772,-0.000637,0.198358,0.215198,0.381627,-1.403973,0.040636,0.026145,-0.013643,0.873611,-0.27552,0.401112,0.107178,0.912976,0.393683,-0.474673,-0.300936,0.827116,-0.007593,-0.000908,-0.000332,0.220074,0.204285,0.37955,-0.933983,0.079383,0.017443,-0.056382,0.408129,-0.327872,-0.852014,0.289885,0.931524,-0.21961,0.865677,-0.157357,0.475227,1.4e-05,0.000103,0.000115,-8e-06,2e-06,3e-05,-0.523039
371,0.161079,-0.049559,0.32332,-0.33452,0.331366,-0.882235,-0.306584,-0.923457,-0.230661,-0.890729,0.1929,0.411604,0.0,0.0,0.0,0.0,0.0,0.0,-0.376097,-0.175218,-0.034377,0.312538,-0.88985,0.186588,0.416344,-0.006547,-0.917547,0.39749,0.457294,0.35075,0.817141,-0.030375,-0.002976,-0.000664,-0.134228,0.147445,0.017388,-1.403615,0.040152,0.026104,-0.013653,0.866315,-0.291377,0.405705,0.120608,0.910217,0.396179,-0.484718,-0.294284,0.823677,-0.007599,-0.00096,-0.000399,-0.233764,0.210086,0.08662,-0.931207,0.079377,0.01744,-0.056378,0.408254,-0.327728,-0.85201,0.289843,0.931575,-0.21945,0.865632,-0.157358,0.475309,3e-06,-4e-06,-7e-06,-1.1e-05,-7e-06,2.1e-05,-0.523039
372,0.161067,-0.049566,0.323327,-0.33465,0.331226,-0.882238,-0.306556,-0.923507,-0.230498,-0.890689,0.192901,0.411689,0.0,0.0,0.0,0.0,0.0,0.0,-0.376073,-0.176096,-0.034486,0.312494,-0.88251,0.212723,0.419424,-0.031538,-0.916486,0.39874,0.47032,0.338401,0.814953,-0.015239,-0.002846,-0.001894,0.017322,0.126379,0.091624,-1.403909,0.039696,0.026048,-0.013676,0.855716,-0.316695,0.409211,0.145149,0.90599,0.397634,-0.49667,-0.280866,0.821238,-0.015183,-0.001167,2.8e-05,0.182485,0.259272,0.372876,-0.938065,0.079371,0.017436,-0.056374,0.408378,-0.327585,-0.852006,0.289802,0.931625,-0.219291,0.865587,-0.157359,0.47539,5e-06,-1e-06,-6e-06,-1.7e-05,1.6e-05,1.8e-05,-0.523202
373,0.161056,-0.049568,0.323341,-0.334765,0.331103,-0.88224,-0.306533,-0.923551,-0.230353,-0.890654,0.192904,0.411765,2e-06,2.3e-05,2.7e-05,0.0,0.0,0.0,-0.376546,-0.176905,-0.034563,0.312479,-0.876243,0.229984,0.423435,-0.045798,-0.914395,0.402143,0.480769,0.332697,0.811196,-0.015224,-0.002153,-0.00112,0.294637,1.063258,1.528288,-1.404033,0.039285,0.026008,-0.013684,0.848567,-0.331416,0.412428,0.158831,0.903121,0.398928,-0.504684,-0.27301,0.818998,-0.007622,-0.001031,-0.000478,0.317742,1.058638,1.536739,-0.943781,0.079366,0.017435,-0.056367,0.408489,-0.327457,-0.852002,0.289767,0.931669,-0.219148,0.865546,-0.157362,0.475463,3e-06,7e-06,8e-06,-1.7e-05,1e-05,2.7e-05,-0.523039
374,0.161044,-0.049575,0.323349,-0.334895,0.330963,-0.882243,-0.306505,-0.923601,-0.230191,-0.890615,0.192904,0.411849,0.0,0.0,0.0,0.0,0.0,0.0,-0.376923,-0.177259,-0.03459,0.312479,-0.87466,0.234435,0.424267,-0.050307,-0.914319,0.401778,0.483199,0.329784,0.810941,-0.015185,-0.000989,0.000199,-0.007936,0.020579,-0.025767,-1.404025,0.039114,0.025992,-0.013687,0.845322,-0.33747,0.414177,0.163749,0.901589,0.400403,-0.508542,-0.270649,0.817394,-0.007592,-0.000503,9.8e-05,0.015394,0.004727,-0.032459,-0.944924,0.07936,0.017431,-0.056364,0.408614,-0.327313,-0.851997,0.289726,0.93172,-0.218989,0.865501,-0.157363,0.475545,1e-06,-4e-06,-6e-06,-2.1e-05,2e-06,1.8e-05,-0.523202
375,0.161044,-0.049575,0.323349,-0.334895,0.330963,-0.882243,-0.306505,-0.923601,-0.230191,-0.890615,0.192904,0.411849,0.0,0.0,0.0,0.0,0.0,0.0,-0.376596,-0.177816,-0.034625,0.312504,-0.869617,0.247101,0.427433,-0.059966,-0.912072,0.40554,0.491145,0.326726,0.807397,-0.0,-2e-06,-3e-06,-0.151218,0.138339,0.08946,-1.403761,0.03883,0.025975,-0.013674,0.83917,-0.34894,0.417173,0.173013,0.898476,0.403493,-0.515615,-0.266423,0.814345,-0.007191,-0.00561,0.00472,-0.272537,0.224645,0.070056,-0.941331,0.07936,0.017431,-0.056364,0.408614,-0.327313,-0.851997,0.289726,0.93172,-0.218989,0.865501,-0.157364,0.475545,4e-06,-2e-06,-6e-06,-1.5e-05,4e-06,2.7e-05,-0.523365
376,0.161044,-0.049581,0.323342,-0.335011,0.330838,-0.882246,-0.306458,-0.92365,-0.230054,-0.890587,0.192884,0.411919,-0.0,-0.0,-0.0,0.0,0.0,0.0,-0.376715,-0.178225,-0.034625,0.312541,-0.863793,0.263043,0.429723,-0.07481,-0.910281,0.407094,0.499331,0.31917,0.805395,-0.015119,0.000773,0.002186,0.014723,0.023135,0.034344,-1.403599,0.038631,0.025973,-0.013658,0.831208,-0.364501,0.419798,0.187597,0.894687,0.405392,-0.523354,-0.258213,0.81205,0.0,1.3e-05,2e-05,0.082152,0.050746,0.117435,-0.947373,0.07936,0.017428,-0.056367,0.408725,-0.327183,-0.851994,0.289669,0.931768,-0.218857,0.865468,-0.157344,0.475612,2e-06,3e-06,4e-06,-1.3e-05,1e-05,1.9e-05,-0.523202
377,0.161044,-0.049589,0.323349,-0.335023,0.330826,-0.882246,-0.306478,-0.923649,-0.230031,-0.890576,0.192905,0.411933,0.000104,-0.010498,0.009003,-0.035687,0.011771,-0.018956,-0.37682,-0.178373,-0.034623,0.312556,-0.859079,0.270163,0.434725,-0.078716,-0.90886,0.409527,0.506817,0.31726,0.801465,-0.015125,0.000613,0.002001,-0.298767,0.288128,0.147064,-1.403634,0.038557,0.025975,-0.013649,0.826493,-0.370017,0.424259,0.191362,0.893426,0.40641,-0.529423,-0.254708,0.809218,2.2e-05,0.00059,0.000676,-0.519174,0.412646,0.27516,-0.948516,0.07936,0.017428,-0.056367,0.408725,-0.327183,-0.851993,0.289669,0.931768,-0.218857,0.865468,-0.157344,0.475612,2e-06,2e-06,2e-06,-1.1e-05,2e-06,1.9e-05,-0.523365
378,0.161032,-0.049596,0.323356,-0.335153,0.330687,-0.882249,-0.306449,-0.923699,-0.229868,-0.890536,0.192906,0.412017,-0.0,-0.0,-0.0,0.0,0.0,0.0,-0.377233,-0.178543,-0.03461,0.312585,-0.853751,0.280916,0.438392,-0.088305,-0.907773,0.40998,0.514197,0.31096,0.79923,5.3e-05,0.001337,0.001521,-0.009673,-0.000381,0.036094,-1.403355,0.038467,0.025981,-0.013634,0.819153,-0.381076,0.428681,0.200696,0.890572,0.408169,-0.537315,-0.248318,0.805995,4e-06,0.0001,0.000114,0.020158,-0.002776,0.012902,-0.941168,0.079354,0.017421,-0.05636,0.408862,-0.327027,-0.851988,0.289644,0.931819,-0.218672,0.865411,-0.157367,0.475707,0.0,1e-06,1e-06,-1.1e-05,-4e-06,1.7e-05,-0.523365
379,0.16101,-0.04959,0.323364,-0.335272,0.330557,-0.882253,-0.306401,-0.923751,-0.229727,-0.890508,0.192885,0.412089,0.000108,0.00115,0.001328,0.000845,-0.013064,0.025674,-0.377517,-0.178608,-0.034581,0.312655,-0.844244,0.293477,0.448456,-0.096394,-0.906135,0.411778,0.528264,0.304048,0.792689,4.6e-05,0.001153,0.001312,-0.253566,0.233208,0.150676,-1.40338,0.038434,0.025997,-0.013598,0.80898,-0.391618,0.438389,0.208577,0.888475,0.408787,-0.549586,-0.239263,0.800442,2.6e-05,0.00072,0.00082,-0.423071,0.349758,0.211212,-0.946393,0.079343,0.017421,-0.05636,0.408991,-0.326876,-0.851984,0.289577,0.931876,-0.218518,0.865373,-0.157343,0.475785,-1e-06,-1e-06,2e-06,-9e-06,-4e-06,2.2e-05,-0.523692
380,0.160963,-0.049596,0.323373,-0.335452,0.330362,-0.882257,-0.306352,-0.923822,-0.229505,-0.890457,0.192876,0.412203,0.0,0.0,0.0,0.0,0.0,0.0,-0.377954,-0.178532,-0.034552,0.312808,-0.842362,0.292137,0.45285,-0.094976,-0.907525,0.409038,0.531519,0.301185,0.791605,0.000109,0.002723,0.003094,-4.6e-05,4.2e-05,2.7e-05,-1.403288,0.038467,0.026008,-0.013524,0.806781,-0.390726,0.443212,0.207333,0.889642,0.406878,-0.553277,-0.236369,0.798757,4.8e-05,0.001265,0.001438,0.001077,-0.007139,0.000461,-0.94672,0.07932,0.017421,-0.056352,0.409149,-0.326692,-0.851978,0.289517,0.931942,-0.218318,0.865318,-0.157338,0.475886,0.0,-4e-06,-4e-06,-2.1e-05,-1e-06,1.2e-05,-0.524019
381,0.160928,-0.049611,0.323388,-0.335527,0.330284,-0.882258,-0.30637,-0.923843,-0.229398,-0.890423,0.192911,0.412261,-0.015526,0.000538,0.000785,-0.000984,0.014715,-0.029553,-0.378177,-0.17847,-0.034533,0.312902,-0.841373,0.291321,0.455208,-0.094088,-0.90826,0.407609,0.533242,0.299759,0.790987,0.000898,-0.00772,0.012088,-0.03466,-0.003617,0.006805,-1.403271,0.038497,0.026022,-0.01348,0.805953,-0.389768,0.445555,0.206529,0.890496,0.405415,-0.554784,-0.234726,0.798196,5.6e-05,0.001448,0.001643,-0.002098,-0.004907,0.001492,-0.941331,0.079308,0.017413,-0.056344,0.409205,-0.32663,-0.851975,0.289535,0.931957,-0.21823,0.865286,-0.157376,0.475932,1e-06,-3e-06,-2e-06,-1.6e-05,2e-06,1.9e-05,-0.524345
382,0.16087,-0.049654,0.323419,-0.335686,0.330119,-0.88226,-0.306426,-0.923882,-0.229163,-0.890343,0.193003,0.412389,-4e-06,-4.5e-05,-5.1e-05,0.0,0.0,0.0,-0.378444,-0.178303,-0.034459,0.31305,-0.836233,0.289484,0.46573,-0.090522,-0.910412,0.403597,0.541884,0.294982,0.7869,0.000119,0.003038,0.003446,-0.315837,0.551475,0.092718,-1.403202,0.038586,0.026056,-0.013402,0.802749,-0.386123,0.454425,0.203556,0.893713,0.3998,-0.560498,-0.228438,0.796025,0.00762,0.001647,0.0012,0.939266,2.031607,-1.562858,-0.937902,0.079273,0.017392,-0.056329,0.409373,-0.326442,-0.851967,0.289565,0.932008,-0.217973,0.865196,-0.157467,0.476065,-3e-06,-2.8e-05,-3.1e-05,-2.2e-05,-6e-06,-1.7e-05,-0.524508
383,0.160812,-0.049675,0.323442,-0.335805,0.329993,-0.882261,-0.306449,-0.923917,-0.228994,-0.89029,0.193054,0.41248,-0.0,-0.0,-0.0,0.0,0.0,0.0,-0.377976,-0.178093,-0.034328,0.313197,-0.832291,0.286598,0.474494,-0.087892,-0.913263,0.397691,0.548354,0.288935,0.784658,0.015276,0.00377,0.002965,0.028898,0.026054,0.011062,-1.403383,0.038686,0.026123,-0.013327,0.797738,-0.383951,0.464967,0.200755,0.896205,0.395617,-0.568603,-0.222254,0.792018,4.7e-05,0.001288,0.001453,0.092665,0.192897,-0.154849,-0.939045,0.079244,0.017381,-0.056318,0.409488,-0.326311,-0.851962,0.289575,0.932045,-0.217803,0.865138,-0.157519,0.476153,-0.007764,0.000273,0.000397,-0.00099,0.01472,-0.029542,-0.524671
