frame,MLTx,MLTy,MLTz,MLTR1,MLTR2,MLTR3,MLTR4,MLTR5,MLTR6,MLTR7,MLTR8,MLTR9,MLTTVx,MLTTVy,MLTTVz,MLTRVx,MLTRVy,MLTRVz,MLGA,MRTx,MRTy,MRTz,MRTR1,MRTR2,MRTR3,MRTR4,MRTR5,MRTR6,MRTR7,MRTR8,MRTR9,MRTTVx,MRTTVy,MRTTVz,MRTRVx,MRTRVy,MRTRVz,MRGA,SLTx,SLTy,SLTz,SLTR1,SLTR2,SLTR3,SLTR4,SLTR5,SLTR6,SLTR7,SLTR8,SLTR9,SLTTVx,SLTTVy,SLTTVz,SLTRVx,SLTRVy,SLTRVz,SLGA,SRTx,SRTy,SRTz,SRTR1,SRTR2,SRTR3,SRTR4,SRTR5,SRTR6,SRTR7,SRTR8,SRTR9,SRTTVx,SRTTVy,SRTTVz,SRTRVx,SRTRVy,SRTRVz,SRGA
582,0.06433,0.060185,0.365191,-0.604361,-0.314316,-0.732119,0.412192,-0.909696,0.050219,-0.681038,-0.27104,0.680258,-0.002297,-0.018999,0.018187,-0.065101,-0.120755,0.074382,-1.914101,-0.117471,0.060327,0.294959,0.649675,-0.07002,0.756975,-0.377679,0.834334,0.401471,-0.660476,-0.546628,0.514619,0.052169,-0.068808,-0.050703,-0.192379,-0.022147,1.221217,0.478388,0.031174,0.046305,-0.035907,-0.554472,0.009543,0.832147,0.427506,-0.854644,0.294654,0.714002,0.519126,0.469796,0.031449,-0.027403,-0.028522,-0.012275,0.151001,1.782599,0.480276,0.070055,0.051318,-0.058684,-0.635967,-0.236356,-0.734629,0.292414,-0.954763,0.054038,-0.714169,-0.180449,0.676312,-0.001894,-0.014639,0.013399,-0.011551,0.007181,-0.140452,-0.832474
583,0.064018,0.05926,0.366113,-0.582492,-0.338962,-0.738818,0.44686,-0.892757,0.057206,-0.678251,-0.296412,0.672416,-0.013812,-0.015156,0.02058,-0.196642,-0.286131,-0.039696,-1.899656,-0.115107,0.057997,0.292923,0.680364,-0.171893,0.712425,-0.269861,0.844928,0.461742,-0.682153,-0.506189,0.527544,0.062632,-0.048998,-0.053188,0.125213,-0.182655,1.712542,0.467805,0.03233,0.045147,-0.036908,-0.590109,0.112507,0.799445,0.329652,-0.870348,0.365817,0.736953,0.479411,0.476513,0.031175,-0.024163,-0.026187,3.498083,2.186512,4.779976,0.45464,0.069905,0.050868,-0.058233,-0.617976,-0.263288,-0.740799,0.328916,-0.942414,0.060561,-0.714086,-0.206236,0.668989,-0.001121,-0.009396,0.00918,-0.277818,-0.455226,-0.109742,-0.836393
584,0.063796,0.058198,0.36711,-0.558139,-0.361776,-0.746755,0.470098,-0.879438,0.074625,-0.683027,-0.308955,0.661852,-0.004596,-0.031354,0.025646,3.733835,-0.994344,-3.8681,-1.891875,-0.112956,0.056482,0.290815,0.700508,-0.236451,0.673328,-0.210175,0.833192,0.51142,-0.682799,-0.49947,0.533083,0.047279,-0.033411,-0.055578,0.071286,-0.119793,1.750741,0.450182,0.033452,0.04435,-0.038004,-0.615854,0.181678,0.766626,0.273992,-0.862924,0.424605,0.738681,0.471545,0.481657,0.02361,-0.016456,-0.027585,0.051816,-0.095148,1.770541,0.440923,0.06979,0.050326,-0.057713,-0.59726,-0.287882,-0.748601,0.351656,-0.932859,0.078176,-0.720845,-0.216558,0.658395,-0.002324,-0.015734,0.01279,3.688229,-1.070117,-3.906926,-0.8377
585,0.063682,0.056909,0.368263,-0.523133,-0.382998,-0.761373,0.465877,-0.876553,0.120768,-0.712986,-0.29106,0.637935,0.00771,-0.04011,0.035377,-0.891557,-1.339284,-0.867937,-1.883721,-0.110984,0.055612,0.288784,0.716543,-0.278198,0.639658,-0.175421,0.815558,0.551386,-0.675956,-0.506947,0.534744,0.056029,-0.006936,-0.050896,-0.089559,-0.375661,1.04784,0.418408,0.034419,0.043908,-0.03901,-0.635256,0.225761,0.738567,0.244582,-0.848286,0.469669,0.732549,0.479001,0.483662,0.021468,-0.004044,-0.025039,-0.070467,-0.481769,1.175993,0.405979,0.069726,0.049685,-0.057157,-0.566951,-0.313573,-0.761733,0.349236,-0.928993,0.122494,-0.746056,-0.196577,0.636205,-0.00117,-0.012873,0.014601,-0.775899,-1.17111,-0.769693,-0.834271
586,0.063676,0.056094,0.369124,-0.496198,-0.402973,-0.769054,0.462246,-0.872398,0.158811,-0.734301,-0.276197,0.620117,0.007069,-0.048464,0.045334,-1.063424,-1.548912,-1.032998,-1.862477,-0.110031,0.055685,0.28787,0.72474,-0.293799,0.623238,-0.160931,0.807207,0.567848,-0.670809,-0.511467,0.536918,0.051576,0.016737,-0.046116,-0.033632,-0.336389,0.918582,0.419047,0.034881,0.043919,-0.039462,-0.64515,0.241611,0.724847,0.232569,-0.841569,0.487515,0.727799,0.483098,0.486748,0.02047,0.000921,-0.020317,-0.158644,-0.215538,0.9275,0.392589,0.069725,0.049297,-0.056747,-0.543613,-0.33637,-0.768985,0.346083,-0.924504,0.159743,-0.764663,-0.179295,0.618984,-0.002239,-0.022238,0.023885,-1.158377,-1.387542,-1.213461,-0.831168
587,0.063351,0.054004,0.370965,-0.429078,-0.45154,-0.782335,0.477809,-0.848457,0.227578,-0.766004,-0.275603,0.580782,-0.008264,-0.053967,0.042144,3.348601,-2.542159,-4.354894,-1.710312,-0.108217,0.056509,0.28672,0.73683,-0.314728,0.598348,-0.138598,0.795787,0.589448,-0.662582,-0.516851,0.541953,0.051139,0.014338,-0.012319,-0.254129,-0.145268,0.904543,0.432447,0.03581,0.04433,-0.040076,-0.661385,0.262872,0.702472,0.212077,-0.832811,0.511319,0.719439,0.487157,0.49506,0.017983,0.012373,-0.009115,-0.226586,-0.108202,0.884363,0.397488,0.069574,0.048255,-0.055797,-0.483665,-0.390985,-0.783069,0.358723,-0.904634,0.230117,-0.798364,-0.169606,0.577795,-0.005112,-0.032686,0.0251,-0.829511,-1.102686,-0.834542,-0.790835
588,0.062909,0.051994,0.372513,-0.377749,-0.487087,-0.787463,0.504603,-0.821359,0.265927,-0.775849,-0.296304,0.557037,-0.006795,-0.043673,0.033564,-0.592612,-0.708588,-0.774014,-1.695946,-0.107027,0.057388,0.286816,0.753208,-0.306796,0.581847,-0.153152,0.778322,0.608847,-0.640586,-0.547306,0.538487,0.019915,0.03308,0.010331,-3.479174,-3.30082,-2.426139,0.430443,0.036419,0.044756,-0.040042,-0.677706,0.261212,0.687373,0.224283,-0.816807,0.531527,0.700294,0.514386,0.494969,0.010813,0.011595,0.009344,-0.428063,0.142382,0.643099,0.399121,0.069349,0.047239,-0.055025,-0.434628,-0.435983,-0.788045,0.394308,-0.878809,0.268727,-0.809703,-0.193936,0.553867,-0.004308,-0.027375,0.02093,-0.276491,-0.358776,-0.402312,-0.790019
589,0.062779,0.051166,0.373205,-0.368589,-0.500512,-0.783374,0.507961,-0.814194,0.281133,-0.77807,-0.293685,0.555323,-0.005832,-0.041332,0.03507,-0.45327,-0.368257,-0.560353,-1.695296,-0.106648,0.05803,0.287285,0.759473,-0.303801,0.575236,-0.161907,0.768015,0.619575,-0.630956,-0.563296,0.533343,0.019385,0.032512,0.027812,-0.316367,0.052346,0.593344,0.430304,0.036602,0.045066,-0.039824,-0.686428,0.253711,0.681503,0.238982,-0.806407,0.540919,0.686806,0.534169,0.492909,0.009495,0.017124,0.014745,-0.56019,0.232906,0.779286,0.398305,0.069289,0.046834,-0.054696,-0.427018,-0.450414,-0.78408,0.398604,-0.87208,0.283882,-0.811646,-0.191315,0.551932,-0.002786,-0.020279,0.017775,-0.154973,0.195913,-0.270377,-0.805858
590,0.062509,0.049813,0.374416,-0.365256,-0.542542,-0.756493,0.509044,-0.796771,0.325578,-0.778937,-0.265501,0.568149,-0.016619,-0.028534,0.027886,-0.37012,0.751112,-1.053144,-1.69499,-0.105815,0.059463,0.2888,0.78354,-0.287513,0.550811,-0.179906,0.743387,0.644161,-0.59564,-0.60345,0.530022,0.017883,0.035464,0.048248,-0.294936,-2.124626,2.095728,0.432422,0.037024,0.045804,-0.039054,-0.711162,0.239845,0.66085,0.260798,-0.782929,0.564805,0.652865,0.574016,0.494238,0.013936,0.026225,0.022356,-1.087001,-1.173759,-0.369414,0.398141,0.069153,0.046143,-0.05407,-0.427453,-0.492498,-0.758108,0.401163,-0.854829,0.32914,-0.810154,-0.163433,0.562972,-0.009104,-0.019756,0.01814,-0.936699,2.085997,-2.636255,-0.822677
591,0.06195,0.048956,0.375152,-0.3592,-0.579351,-0.731692,0.524859,-0.773674,0.354857,-0.77123,-0.255856,0.582897,-0.013722,-0.007831,0.010334,-0.041042,0.436615,-0.733349,-1.693471,-0.10518,0.06111,0.29101,0.814252,-0.238017,0.529465,-0.220376,0.716884,0.661397,-0.537999,-0.654915,0.530572,0.017117,0.035013,0.064756,-0.967147,-1.371338,-0.549972,0.443581,0.037346,0.04665,-0.03792,-0.746,0.192148,0.637622,0.301082,-0.756709,0.580293,0.593997,0.624876,0.506652,0.008378,0.018146,0.032985,-0.907926,-1.418494,-0.605754,0.408429,0.068871,0.045703,-0.053699,-0.427025,-0.529856,-0.732735,0.419671,-0.833905,0.358438,-0.800952,-0.154446,0.578463,-0.006904,-0.003969,0.005143,-0.040475,0.335992,-0.552705,-0.828229
592,0.061706,0.048798,0.375441,-0.347873,-0.603124,-0.717824,0.529898,-0.758098,0.38009,-0.772988,-0.247406,0.584214,7.9e-05,0.000194,0.000119,-0.313011,-0.161908,-0.779938,-1.695122,-0.104923,0.062409,0.293541,0.831396,-0.222786,0.509056,-0.222745,0.705482,0.672766,-0.510045,-0.672434,0.536237,0.00625,0.021611,0.070683,-0.08384,-0.152143,0.159084,0.446427,0.037469,0.047307,-0.036668,-0.765483,0.177284,0.618551,0.305121,-0.746337,0.591508,0.566513,0.641522,0.517215,0.001795,0.017563,0.032888,-0.020174,-0.306738,0.334923,0.417246,0.068744,0.045623,-0.053549,-0.4206,-0.554325,-0.718205,0.426747,-0.819468,0.382568,-0.800613,-0.145584,0.581225,3.3e-05,9.4e-05,6.7e-05,-0.336479,-0.206001,-0.807365,-0.839006
593,0.061773,0.048847,0.375346,-0.342314,-0.611612,-0.7133,0.531562,-0.752048,0.389664,-0.774332,-0.245021,0.583439,0.012594,0.005062,-0.012041,-0.061154,0.145025,-0.573238,-1.694798,-0.104722,0.06286,0.294955,0.833642,-0.220838,0.506225,-0.221755,0.705427,0.67315,-0.506797,-0.673135,0.538432,0.008039,0.011251,0.078015,-0.056859,-0.164134,0.05371,0.443228,0.037569,0.047538,-0.035962,-0.76802,0.175418,0.615932,0.304116,-0.746504,0.591814,0.563611,0.64184,0.519983,0.009128,0.013023,0.036176,-0.014871,-0.173533,0.072013,0.41741,0.068779,0.045651,-0.053594,-0.414027,-0.56444,-0.714135,0.428541,-0.813019,0.394146,-0.803077,-0.142849,0.578497,0.006271,0.002471,-0.006056,-0.007425,0.205116,-0.543489,-0.848477
594,0.061899,0.049208,0.374954,-0.33156,-0.622067,-0.709328,0.532894,-0.743909,0.40323,-0.778098,-0.243534,0.579035,0.002641,0.019984,-0.018035,-0.044441,-0.099062,-0.233248,-1.694953,-0.104277,0.06339,0.298023,0.839228,-0.210277,0.501469,-0.221682,0.709601,0.668774,-0.497514,-0.672146,0.548237,0.010505,-0.002052,0.082197,-0.015496,-0.198502,-0.049067,0.43651,0.03779,0.047813,-0.03445,-0.774184,0.164973,0.611082,0.303293,-0.7507,0.586908,0.555564,0.639713,0.531146,0.005186,-0.000954,0.041186,0.011726,-0.222859,-0.081802,0.411368,0.068839,0.045818,-0.053782,-0.405432,-0.575756,-0.71002,0.430899,-0.805385,0.407037,-0.806194,-0.140922,0.574621,0.000742,0.00519,-0.00439,-0.132678,-0.149667,-0.287432,-0.851743
595,0.061984,0.04962,0.374639,-0.326209,-0.625058,-0.70918,0.533129,-0.741165,0.407945,-0.780201,-0.244238,0.575899,0.001909,0.01143,-0.008125,-0.106821,-0.21955,-0.099958,-1.69463,-0.104021,0.063109,0.301075,0.843304,-0.196839,0.500084,-0.22545,0.714919,0.661813,-0.488838,-0.670596,0.557854,0.013841,-0.018702,0.083759,0.214648,-0.39201,-0.270678,0.436441,0.037914,0.047687,-0.032891,-0.778039,0.153026,0.609292,0.306352,-0.754318,0.580647,0.548455,0.638425,0.540009,0.000705,-0.010982,0.041352,0.212661,-0.392135,-0.31499,0.407286,0.068881,0.046031,-0.053951,-0.400743,-0.579545,-0.709599,0.431696,-0.802587,0.411693,-0.808111,-0.141348,0.571818,0.000983,0.005771,-0.00403,-0.140285,-0.253449,-0.116421,-0.853702
596,0.062034,0.049789,0.374527,-0.326108,-0.624517,-0.709702,0.53332,-0.741398,0.407273,-0.780114,-0.244913,0.575732,0.001949,0.011527,-0.008062,0.032606,-0.124683,0.184226,-1.693568,-0.10374,0.062785,0.30265,0.845496,-0.19015,0.498971,-0.227315,0.717183,0.658718,-0.48416,-0.670117,0.56249,0.014289,-0.020634,0.081803,0.347357,-0.476198,-0.393281,0.435659,0.038054,0.047527,-0.032103,-0.780241,0.146934,0.607975,0.30779,-0.75599,0.577705,0.544508,0.637878,0.54463,0.005889,-0.004023,0.037937,-0.034534,-0.193576,-0.041266,0.406306,0.068907,0.046117,-0.054007,-0.400137,-0.579171,-0.710246,0.431787,-0.802726,0.411325,-0.808361,-0.142089,0.57128,0.000991,0.005794,-0.004014,0.046941,-0.107283,0.193582,-0.854029
597,0.06206,0.049964,0.374271,-0.324883,-0.622139,-0.712348,0.527526,-0.744351,0.409425,-0.784551,-0.241999,0.570914,-0.001649,-0.004036,-0.002485,-0.023469,-0.018506,-0.043989,-1.691591,-0.103449,0.062105,0.305605,0.843718,-0.180828,0.505403,-0.233232,0.724339,0.648745,-0.484443,-0.664997,0.568294,0.002925,-0.027781,0.076965,0.134305,0.237212,-0.889503,0.44169,0.038204,0.047191,-0.030622,-0.778353,0.136299,0.612852,0.31205,-0.763048,0.566022,0.544784,0.631806,0.551389,0.00656,-0.006863,0.035238,0.277806,1.41445,-2.364997,0.409572,0.068923,0.046213,-0.05413,-0.398509,-0.576959,-0.712957,0.425484,-0.804937,0.413568,-0.812498,-0.138542,0.566262,0.000127,0.003674,-0.005316,0.033669,-0.030295,0.006898,-0.854845
598,0.06195,0.049828,0.374051,-0.319766,-0.620766,-0.715852,0.525989,-0.744705,0.410758,-0.787685,-0.244418,0.565544,-0.002446,-0.005979,-0.003692,-0.014433,-0.041917,0.000507,-1.690584,-0.103159,0.061488,0.308246,0.837983,-0.193904,0.510076,-0.219669,0.735609,0.640749,-0.500501,-0.648731,0.573157,0.01393,-0.016696,0.067612,0.254209,0.12403,0.205782,0.438616,0.038345,0.046876,-0.029299,-0.771851,0.147549,0.618445,0.298672,-0.774552,0.55755,0.561284,0.615058,0.55377,-0.000288,-0.004227,0.029808,0.871028,0.90581,0.85309,0.410715,0.068867,0.046143,-0.054241,-0.393222,-0.576238,-0.716467,0.423886,-0.805104,0.414882,-0.815902,-0.140559,0.560844,-0.001489,-0.00365,-0.002253,0.024607,-0.031744,0.028469,-0.855335
599,0.061785,0.049674,0.373887,-0.325899,-0.616063,-0.717148,0.511249,-0.752916,0.414384,-0.794833,-0.230834,0.561234,-0.014053,-0.001863,-0.001184,-4.154024,2.035642,2.916295,-1.691435,-0.102969,0.061375,0.310451,0.835004,-0.179672,0.520075,-0.230644,0.743671,0.627448,-0.500536,-0.643639,0.578839,0.010093,0.004267,0.051599,0.040725,0.390542,-0.651832,0.440723,0.038441,0.046811,-0.028192,-0.768128,0.133018,0.626326,0.307154,-0.781737,0.542717,0.561814,0.609255,0.559617,-0.002318,0.006803,0.02224,0.015562,1.733159,-2.051379,0.410388,0.068782,0.04606,-0.054326,-0.398865,-0.571153,-0.717418,0.409983,-0.810871,0.417613,-0.820256,-0.127558,0.557591,-0.007114,-0.000963,-0.00072,-4.244202,1.938613,2.86709,-0.858764
600,0.061654,0.049546,0.373819,-0.329231,-0.612171,-0.718956,0.506643,-0.757042,0.41252,-0.796403,-0.227685,0.560295,-0.002741,-0.006683,-0.004143,-0.034542,0.015122,0.023146,-1.692103,-0.103052,0.061563,0.311315,0.834548,-0.178034,0.521368,-0.228492,0.749092,0.621761,-0.502283,-0.637786,0.583784,-0.003479,0.009188,0.04064,0.336046,0.163804,0.21619,0.44531,0.038406,0.046899,-0.027765,-0.767225,0.129808,0.628104,0.306239,-0.786323,0.536575,0.563545,0.604024,0.563534,-0.00186,0.00466,0.020486,2.96834,3.247403,3.168424,0.413001,0.06872,0.046003,-0.054356,-0.401603,-0.566487,-0.719587,0.40326,-0.814846,0.416419,-0.82225,-0.122946,0.555687,-0.007514,-0.002119,-0.001325,-0.348996,0.152238,0.401874,-0.857784
601,0.061246,0.049176,0.373772,-0.328068,-0.604742,-0.725743,0.505999,-0.761244,0.405517,-0.797293,-0.233442,0.556647,-0.015306,-0.004831,-0.003047,-0.001129,0.029145,-0.054299,-1.693022,-0.10321,0.062237,0.312448,0.827321,-0.195754,0.52651,-0.210766,0.760483,0.614147,-0.521651,-0.618813,0.587209,-0.003994,0.013946,0.027844,0.234698,0.368077,0.168585,0.44911,0.038324,0.047244,-0.02718,-0.759417,0.148322,0.63347,0.286823,-0.797615,0.530604,0.583966,0.584644,0.563181,-0.003025,0.012422,0.010179,0.849684,0.998448,1.069249,0.420349,0.06852,0.045815,-0.054382,-0.399718,-0.559115,-0.72637,0.40206,-0.819075,0.409222,-0.823755,-0.128471,0.552197,-0.008449,-0.007735,0.002784,-0.036546,0.057167,-0.075342,-0.859091
602,0.060815,0.048694,0.373837,-0.337908,-0.594005,-0.730083,0.491737,-0.772832,0.401121,-0.802078,-0.222734,0.554154,-0.004743,-0.018258,0.003856,-0.033455,0.036147,-0.038964,-1.692642,-0.103528,0.063185,0.313036,0.824905,-0.195345,0.530436,-0.213151,0.761454,0.612119,-0.524501,-0.61775,0.585788,-0.006309,0.028759,0.007021,0.042321,-0.042814,0.064428,0.448935,0.038165,0.047716,-0.026876,-0.756325,0.148445,0.63713,0.288705,-0.798207,0.52869,0.587044,0.583804,0.560847,-0.003017,0.01377,0.003017,0.041377,-0.043208,0.066687,0.422308,0.068299,0.045577,-0.054354,-0.408117,-0.547226,-0.730741,0.38643,-0.828741,0.404795,-0.82711,-0.117177,0.549687,-0.008216,-0.007127,0.00316,-0.035135,0.053534,-0.071968,-0.860724
603,0.060588,0.048477,0.373883,-0.348124,-0.586505,-0.731346,0.477659,-0.782245,0.399883,-0.806192,-0.209401,0.553383,-0.002556,-0.006181,-0.003862,-1.212541,0.66299,0.917486,-1.690661,-0.1036,0.063602,0.313128,0.824342,-0.197502,0.530513,-0.212746,0.760207,0.613807,-0.525551,-0.618595,0.583952,-0.005021,0.023412,0.002659,0.013518,-0.005661,0.060631,0.448738,0.038126,0.047937,-0.026826,-0.755757,0.150847,0.63724,0.288477,-0.796907,0.530772,0.587887,0.584964,0.558752,-0.002394,0.011203,0.000923,0.040394,-0.021517,0.045876,0.422472,0.068184,0.045461,-0.054329,-0.416353,-0.539234,-0.732034,0.372714,-0.835606,0.403542,-0.829296,-0.104824,0.548887,-0.008324,-0.007173,0.003019,-4.080863,2.257804,2.982726,-0.857131
604,0.060117,0.048135,0.373841,-0.354708,-0.580455,-0.733007,0.467909,-0.788941,0.398251,-0.809025,-0.201002,0.552362,-0.003852,-0.009282,-0.005819,-0.000199,0.014501,-0.024905,-1.689036,-0.10363,0.06425,0.313113,0.823068,-0.199524,0.531733,-0.212894,0.759429,0.614717,-0.527486,-0.618898,0.581882,-0.000812,0.003364,0.002721,-0.033317,0.133253,-0.145115,0.447139,0.038112,0.048257,-0.026836,-0.754442,0.152858,0.638319,0.288609,-0.79619,0.531775,0.589509,0.585418,0.556563,-0.001486,0.007442,-0.002125,0.050886,-0.029391,0.037887,0.421165,0.067951,0.045297,-0.054346,-0.423067,-0.531615,-0.733756,0.360679,-0.841681,0.401848,-0.831217,-0.094642,0.547831,-0.007906,-0.002943,-0.001867,-0.001238,0.030972,-0.057515,-0.858111
605,0.059786,0.047847,0.373487,-0.355625,-0.57809,-0.734431,0.462411,-0.791704,0.399191,-0.811777,-0.196934,0.549784,-0.005256,-0.01263,-0.007956,-0.004729,0.008125,-0.02858,-1.682305,-0.103421,0.06455,0.313041,0.821826,-0.201549,0.53289,-0.213286,0.758315,0.615956,-0.529263,-0.619605,0.579512,0.012194,0.002844,0.000697,0.001317,-0.01466,0.029773,0.43894,0.038218,0.048401,-0.026877,-0.753021,0.154656,0.639562,0.28919,-0.79529,0.532805,0.591039,0.586169,0.554145,0.006158,0.001178,0.000148,0.011108,-0.020613,0.02404,0.416103,0.067787,0.045156,-0.054521,-0.423475,-0.529245,-0.735232,0.354787,-0.843658,0.402945,-0.833543,-0.090214,0.545038,-0.001967,-0.001351,-0.0085,0.04602,0.01902,-0.030601,-0.860397
606,0.059648,0.047748,0.373229,-0.352699,-0.576581,-0.737023,0.461748,-0.792296,0.398783,-0.813432,-0.198957,0.5466,-0.003956,-0.00272,-0.017047,0.013211,-0.020295,-0.051702,-1.678892,-0.1032,0.064594,0.31306,0.82018,-0.201259,0.535529,-0.215135,0.758704,0.614833,-0.531066,-0.619223,0.578268,0.012237,0.002668,0.000552,0.001423,0.036232,-0.024789,0.428447,0.038324,0.048419,-0.02687,-0.751069,0.154138,0.641977,0.290898,-0.795634,0.53136,0.592682,0.585839,0.552738,0.006155,0.001187,0.000153,-0.01821,0.2927,-0.320677,0.408755,0.067717,0.045102,-0.054647,-0.42028,-0.52813,-0.737863,0.353982,-0.844166,0.402592,-0.8355,-0.091989,0.541734,-0.002651,-0.006381,-0.004024,0.000946,0.010696,-0.033321,-0.859907
607,0.059373,0.047647,0.372715,-0.350006,-0.577856,-0.737308,0.462012,-0.791181,0.400686,-0.814448,-0.19969,0.544818,-0.015195,0.002538,-0.013839,0.030981,0.020831,-0.066016,-1.676717,-0.102648,0.064585,0.31325,0.817396,-0.20084,0.539924,-0.218419,0.75906,0.613234,-0.534011,-0.618924,0.575873,0.011718,0.004794,0.002266,0.002045,-0.015205,0.029245,0.414135,0.038602,0.048408,-0.02678,-0.747746,0.153438,0.646012,0.293998,-0.795852,0.529323,0.595349,0.585726,0.549984,0.00693,-0.0033,0.004658,-0.03473,-0.01248,0.014049,0.387364,0.067582,0.045046,-0.054907,-0.417913,-0.529714,-0.738072,0.354508,-0.843098,0.404361,-0.836464,-0.092665,0.540129,-0.00135,0.000135,-0.007588,0.042874,0.003013,-0.005815,-0.86056
608,0.058929,0.047624,0.372192,-0.352142,-0.571729,-0.741058,0.457858,-0.795785,0.396312,-0.815868,-0.199037,0.542928,-0.015764,0.001246,-0.014695,0.032515,0.006306,-0.038883,-1.67227,-0.102107,0.064528,0.313502,0.813938,-0.198094,0.546128,-0.223136,0.761196,0.608873,-0.537333,-0.617188,0.574643,0.011708,0.004824,0.002285,0.113979,-0.098381,-0.05203,0.410914,0.038872,0.048381,-0.026654,-0.743508,0.150474,0.651577,0.298142,-0.797571,0.524395,0.598587,0.584155,0.548138,0.006934,-0.003303,0.004655,0.140389,-0.249521,0.059073,0.37724,0.067361,0.045037,-0.055167,-0.419325,-0.523292,-0.741843,0.349863,-0.847185,0.39984,-0.837711,-0.091881,0.538327,-0.008041,0.000221,-0.007596,0.032201,0.023024,-0.066117,-0.858928
609,0.058426,0.047524,0.371652,-0.35381,-0.564492,-0.745797,0.453778,-0.800832,0.390802,-0.817422,-0.199461,0.54043,-0.005907,-0.014022,-0.008993,-0.001378,0.129925,-0.221199,-1.662904,-0.101513,0.064572,0.313801,0.813019,-0.198171,0.547467,-0.224276,0.760975,0.608729,-0.538249,-0.617435,0.57352,0.025676,-0.002166,0.011294,-0.032475,-0.023416,0.038895,0.410359,0.039164,0.048403,-0.026509,-0.742504,0.150305,0.652759,0.29926,-0.797403,0.524014,0.599275,0.584427,0.547095,0.005454,0.003999,0.002411,0.002867,-0.033456,0.054566,0.373974,0.067106,0.044993,-0.055439,-0.420013,-0.515805,-0.746681,0.345159,-0.851735,0.394221,-0.839317,-0.092146,0.535775,-0.00793,0.000527,-0.00742,0.031354,0.010264,-0.044146,-0.859744
610,0.058199,0.047504,0.371383,-0.354144,-0.5615,-0.747893,0.448678,-0.803676,0.390852,-0.820087,-0.196453,0.537486,-0.015397,0.002233,-0.014123,-4.12437,2.13527,2.911183,-1.659681,-0.101217,0.0646,0.313943,0.812335,-0.195989,0.549264,-0.225694,0.762634,0.606124,-0.538688,-0.616087,0.574556,0.025956,-0.003288,0.010384,0.220358,-0.211515,-0.14282,0.411953,0.039321,0.04842,-0.026431,-0.741432,0.148838,0.654312,0.300385,-0.798317,0.521975,0.600039,0.583555,0.547189,0.012976,-0.001652,0.005176,0.330536,-0.284062,-0.208483,0.374138,0.066994,0.044973,-0.055574,-0.416713,-0.51551,-0.748731,0.344695,-0.85175,0.394597,-0.841151,-0.09365,0.532629,-0.002673,-0.006353,-0.004077,-0.007502,0.000971,-0.038,-0.857948
611,0.057761,0.047557,0.370835,-0.360332,-0.558012,-0.747549,0.440462,-0.808187,0.390895,-0.821835,-0.187727,0.537934,-0.000862,0.01152,-0.023469,-1.173243,0.618961,0.89492,-1.658683,-0.100731,0.06462,0.314176,0.809641,-0.195581,0.553372,-0.228768,0.762949,0.604572,-0.541442,-0.615827,0.572242,0.013783,-0.006195,0.009652,-0.052831,0.26829,-0.303054,0.414557,0.03956,0.048431,-0.026319,-0.73866,0.147438,0.657755,0.303021,-0.799005,0.519392,0.602128,0.582968,0.545516,0.005882,0.002257,0.001,-0.003476,0.621385,-0.630449,0.37724,0.066769,0.044993,-0.055846,-0.424784,-0.509484,-0.74832,0.332554,-0.85663,0.394451,-0.842,-0.0813,0.533314,-0.007298,0.002239,-0.00644,-4.102071,2.16437,2.92858,-0.857131
612,0.057338,0.047797,0.370233,-0.363032,-0.556011,-0.747733,0.437086,-0.810319,0.39027,-0.822445,-0.184457,0.538132,-0.014375,0.00474,-0.012552,0.032024,0.007454,-0.040449,-1.65852,-0.100386,0.064596,0.314345,0.809895,-0.195765,0.552936,-0.228649,0.762568,0.605098,-0.541112,-0.61624,0.572109,0.014183,-0.007763,0.008388,-0.034529,-0.008311,0.009597,0.415501,0.039731,0.048421,-0.026233,-0.73876,0.147601,0.657607,0.303155,-0.798669,0.519829,0.601938,0.583386,0.545279,-0.000209,0.000824,0.000657,-3.9e-05,-0.000106,0.000199,0.37871,0.066563,0.045118,-0.05615,-0.428114,-0.506349,-0.748551,0.32741,-0.858927,0.393758,-0.84233,-0.07651,0.533502,-0.001192,0.000556,-0.007369,0.03435,-0.10867,0.159938,-0.857784
613,0.057122,0.047908,0.36992,-0.36037,-0.556448,-0.748695,0.436877,-0.809824,0.391528,-0.823728,-0.185307,0.535873,-0.002507,0.000896,-0.014903,-0.279086,-0.440701,-0.266186,-1.657416,-0.100259,0.06462,0.314408,0.809858,-0.195791,0.55298,-0.228741,0.76248,0.605175,-0.541128,-0.616341,0.571985,0.01174,0.004629,0.002108,0.002045,-0.015205,0.029245,0.415073,0.039796,0.048426,-0.026201,-0.738711,0.147618,0.657658,0.303281,-0.798571,0.519906,0.601935,0.583516,0.545144,0.005782,0.002655,0.001322,-0.015045,0.089628,-0.103528,0.3792,0.066456,0.04517,-0.056297,-0.427784,-0.506205,-0.748836,0.328001,-0.858932,0.393254,-0.842268,-0.077391,0.533474,-0.007272,0.002159,-0.006409,0.03315,-0.094171,0.130375,-0.857784
614,0.056788,0.047963,0.369395,-0.363184,-0.55383,-0.749277,0.432896,-0.81241,0.390594,-0.82459,-0.181819,0.535742,-0.016691,-0.007383,-0.00499,-0.001155,0.029334,-0.05439,-1.657519,-0.099999,0.064766,0.314548,0.809468,-0.195754,0.553564,-0.229246,0.762431,0.605045,-0.541498,-0.616413,0.571558,-0.000953,0.003752,0.003015,0.0,-0.0,-0.0,0.413457,0.039931,0.048499,-0.026132,-0.738267,0.147558,0.658169,0.303748,-0.798505,0.519735,0.602244,0.583621,0.54469,-0.000501,0.001972,0.001581,1e-06,1.4e-05,9e-06,0.378546,0.06629,0.045209,-0.05657,-0.427921,-0.504179,-0.750124,0.323002,-0.860451,0.394071,-0.844128,-0.07366,0.531057,-0.001593,-0.000361,-0.007982,0.036532,-0.003884,-0.00925,-0.864806
615,0.056492,0.047737,0.368885,-0.36614,-0.551188,-0.749785,0.42854,-0.815074,0.389846,-0.825553,-0.177895,0.535576,-0.005322,-0.012406,-0.008144,-8.4e-05,0.014747,-0.024761,-1.659053,-0.099937,0.064978,0.314704,0.808765,-0.195519,0.554674,-0.230143,0.762539,0.604568,-0.542167,-0.616354,0.570986,-0.001417,0.005571,0.00447,0.002904,-0.01776,0.022506,0.412022,0.039963,0.048602,-0.026056,-0.737422,0.147253,0.659184,0.304597,-0.798571,0.519138,0.60285,0.58361,0.544032,-0.000663,0.002595,0.002081,-0.02003,0.122582,-0.155325,0.37724,0.066145,0.0451,-0.056822,-0.430567,-0.501264,-0.750563,0.318407,-0.862488,0.393357,-0.844528,-0.069618,0.530965,-0.002067,-0.001448,-0.008715,0.033307,0.00736,-0.035852,-0.8635
616,0.056233,0.047387,0.368502,-0.365511,-0.549396,-0.751406,0.428681,-0.815901,0.387957,-0.82576,-0.179634,0.534676,-0.017147,-0.008308,-0.005677,-0.001145,0.044224,-0.079067,-1.659015,-0.099845,0.065253,0.314952,0.808774,-0.195585,0.554638,-0.230146,0.762454,0.604674,-0.542153,-0.616438,0.570908,-0.001894,0.007436,0.005951,0.002906,-0.017757,0.022507,0.404209,0.04001,0.048736,-0.025935,-0.737435,0.147321,0.659154,0.304611,-0.798493,0.519249,0.602827,0.583699,0.543961,4.7e-05,-0.001576,0.006837,-0.033657,-0.010923,0.002815,0.371852,0.066014,0.044923,-0.057014,-0.429665,-0.49943,-0.752301,0.318397,-0.863407,0.391343,-0.844991,-0.071384,0.529993,-0.002366,-0.00552,-0.003637,-0.000379,0.016115,-0.026736,-0.861213
617,0.056128,0.047244,0.368337,-0.362056,-0.545854,-0.755648,0.42749,-0.817591,0.385705,-0.8279,-0.182713,0.530306,-0.00258,0.000785,-0.015071,0.178485,-0.565869,0.588197,-1.657726,-0.099833,0.065389,0.315103,0.808535,-0.195488,0.555019,-0.230521,0.762429,0.604563,-0.54235,-0.616501,0.570655,0.009959,0.011484,0.007573,-0.015104,0.089572,-0.10359,0.395445,0.040011,0.048805,-0.025858,-0.73723,0.14723,0.659404,0.304892,-0.798449,0.519151,0.602936,0.583781,0.543752,-0.001148,0.004492,0.003588,0.002898,-0.017743,0.022507,0.365157,0.065955,0.044845,-0.057095,-0.426454,-0.498537,-0.754716,0.317304,-0.863823,0.391315,-0.847026,-0.072596,0.526569,-0.002192,-0.005108,-0.003375,-0.04241,-0.04475,-0.064596,-0.86203
618,0.055996,0.047051,0.368057,-0.362884,-0.533959,-0.763707,0.421416,-0.825001,0.376503,-0.830645,-0.184553,0.525354,-0.001276,0.003821,-0.013076,0.033949,-0.110446,0.161419,-1.658927,-0.099929,0.065489,0.31547,0.806321,-0.194698,0.558507,-0.23352,0.762605,0.603188,-0.544359,-0.616533,0.568703,-0.001786,0.007018,0.00559,-0.0,0.0,-0.0,0.343914,0.039965,0.048865,-0.025668,-0.734543,0.146214,0.662621,0.307772,-0.798499,0.517374,0.60475,0.58397,0.541531,-0.000904,0.003532,0.002815,-3.4e-05,-0.000325,0.000322,0.323191,0.065886,0.044742,-0.05724,-0.425018,-0.484594,-0.764543,0.310123,-0.871464,0.379963,-0.850401,-0.075611,0.520672,-0.001336,-0.003107,-0.00206,-6.6e-05,0.020461,-0.029513,-0.861377
619,0.055953,0.047106,0.367789,-0.360048,-0.520422,-0.774319,0.419102,-0.831734,0.364066,-0.833049,-0.192797,0.518543,0.00071,0.008433,-0.010016,0.033537,-0.124093,0.184573,-1.659928,-0.100062,0.065413,0.315813,0.804921,-0.191881,0.561494,-0.236335,0.764147,0.600133,-0.545215,-0.615511,0.56899,-0.011191,-0.009344,0.010306,0.11622,-0.094206,-0.160431,0.237069,0.039903,0.048831,-0.025499,-0.732692,0.143635,0.665229,0.310177,-0.799569,0.514274,0.605765,0.583144,0.541286,-0.000765,0.002989,0.002377,0.242617,-0.195466,-0.142261,0.219828,0.065863,0.044766,-0.057377,-0.420455,-0.471637,-0.775096,0.307059,-0.877834,0.367586,-0.853775,-0.083447,0.513911,-0.000533,-0.001243,-0.000825,-0.000388,-0.098924,0.166805,-0.864969
620,0.055935,0.047193,0.367659,-0.363208,-0.516595,-0.775406,0.413293,-0.835199,0.362772,-0.834573,-0.188071,0.517826,-0.000835,-0.001936,-0.001287,-0.009532,-0.199289,0.348344,-1.66004,-0.100106,0.065404,0.315968,0.803441,-0.191467,0.563751,-0.238133,0.764338,0.599178,-0.546614,-0.615403,0.567763,-0.001472,0.005801,0.004605,0.002264,-0.001699,-0.001629,0.196946,0.039878,0.048819,-0.025421,-0.73105,0.142541,0.667269,0.311879,-0.799993,0.512584,0.606875,0.582832,0.540379,0.000283,-0.002509,0.006077,-0.046275,-0.00571,0.013009,0.152062,0.065855,0.044812,-0.05744,-0.423159,-0.467755,-0.775977,0.301007,-0.880367,0.366534,-0.854593,-0.078473,0.513333,0.000376,0.004257,-0.004977,-0.081868,-0.057652,0.24178,-0.864316
621,0.055932,0.047346,0.367444,-0.364012,-0.515738,-0.7756,0.411809,-0.836019,0.362571,-0.834955,-0.186783,0.517676,-0.000502,-0.001164,-0.000774,-5.5e-05,-0.100974,0.169099,-1.65962,-0.100106,0.065556,0.316312,0.801613,-0.186663,0.567948,-0.241431,0.767858,0.593329,-0.547849,-0.612498,0.569711,-0.002047,0.008065,0.006382,0.039645,-0.045259,-0.003838,0.184556,0.039878,0.048893,-0.025257,-0.728738,0.137327,0.670881,0.314428,-0.803206,0.505957,0.608338,0.579655,0.542148,0.005103,0.005201,0.003328,0.024366,-0.051953,0.036169,0.088216,0.065855,0.044894,-0.057549,-0.423816,-0.466578,-0.776327,0.299319,-0.881104,0.366144,-0.854861,-0.077192,0.513082,-0.000265,-0.000621,-0.000414,0.001424,-0.104804,0.173607,-0.861377
622,0.0559,0.047422,0.367307,-0.364752,-0.517301,-0.77421,0.411589,-0.835412,0.364215,-0.83474,-0.185171,0.518602,-0.012824,0.001803,0.000982,-0.000984,0.014715,-0.029553,-1.658844,-0.100118,0.065586,0.316637,0.802622,-0.182395,0.567911,-0.241961,0.770532,0.589634,-0.546134,-0.610428,0.573566,0.00086,-0.006118,0.011262,-0.002762,-0.034088,-0.019329,0.175327,0.039871,0.048916,-0.025088,-0.72975,0.133051,0.670642,0.314518,-0.805609,0.502066,0.607077,0.577312,0.546047,-0.000648,0.002527,0.001994,0.00354,-0.005655,-0.005531,0.072213,0.06584,0.044934,-0.057616,-0.424702,-0.46786,-0.775069,0.299114,-0.880554,0.367633,-0.854492,-0.0757,0.513917,-0.00642,0.000879,0.000476,-0.000198,0.012728,-0.027258,-0.861867
623,0.055795,0.047428,0.367228,-0.364715,-0.517718,-0.773948,0.411895,-0.835144,0.364485,-0.834605,-0.185215,0.518803,-0.001145,-0.002653,-0.001767,-0.0,-0.0,-0.0,-1.658846,-0.100152,0.065558,0.316896,0.80323,-0.180232,0.567741,-0.242297,0.771693,0.587977,-0.545089,-0.609608,0.575429,0.001261,-0.0077,0.010012,0.013154,-0.03052,-0.055348,0.15819,0.039853,0.048903,-0.024958,-0.730352,0.131016,0.670388,0.314656,-0.806572,0.500431,0.606281,0.576433,0.547856,-0.006687,0.001023,0.001591,0.041367,-0.034589,-0.037442,0.051965,0.065789,0.04494,-0.057654,-0.42471,-0.46826,-0.774824,0.299452,-0.880334,0.367884,-0.85437,-0.075778,0.514108,-0.000679,-0.00157,-0.001045,3.6e-05,0.01474,-0.024734,-0.861703
624,0.05569,0.047398,0.367206,-0.364706,-0.517801,-0.773897,0.411923,-0.835098,0.364559,-0.834595,-0.185191,0.518828,-0.013176,0.001002,0.000445,-0.000984,0.014715,-0.029553,-1.658539,-0.100146,0.065551,0.317022,0.80324,-0.18018,0.567742,-0.242483,0.771524,0.588121,-0.54499,-0.609836,0.575281,-0.001079,0.004255,0.003351,0.000727,-0.000545,-0.00052,0.149835,0.039857,0.048893,-0.024894,-0.730332,0.131049,0.670403,0.31492,-0.806311,0.500686,0.606168,0.576791,0.547605,0.000529,-0.003469,0.005307,-0.042329,-0.005085,0.008351,0.041025,0.06574,0.044923,-0.057666,-0.424708,-0.468324,-0.774786,0.299478,-0.880302,0.36794,-0.854362,-0.075764,0.514124,-0.000723,-0.001674,-0.001113,6.6e-05,-4.6e-05,-3.4e-05,-0.864316
625,0.05539,0.047295,0.367134,-0.366553,-0.511299,-0.77734,0.40645,-0.839538,0.360481,-0.836464,-0.183185,0.516525,-0.002156,-0.004977,-0.003324,0.000337,-0.102294,0.170582,-1.658373,-0.100125,0.065616,0.317296,0.802081,-0.177637,0.570178,-0.244572,0.773147,0.585118,-0.545764,-0.608531,0.57593,-0.001734,0.006835,0.00537,0.003497,-0.018124,0.022145,0.144268,0.03987,0.048918,-0.024763,-0.728829,0.128345,0.672558,0.316685,-0.807704,0.497316,0.607056,0.575448,0.548033,0.000392,-0.00292,0.005736,-0.042487,-0.00739,0.010681,0.025186,0.065588,0.044878,-0.057698,-0.425704,-0.461721,-0.778196,0.293537,-0.883973,0.363904,-0.855927,-0.073514,0.511844,-0.007177,-0.000848,-0.000677,-0.002136,0.033081,-0.058904,-0.864153
626,0.05514,0.047109,0.366972,-0.366409,-0.510423,-0.777983,0.406171,-0.83999,0.35974,-0.836663,-0.183554,0.516072,-0.003087,-0.007113,-0.004763,0.000277,-0.087478,0.145856,-1.658672,-0.100112,0.065681,0.317559,0.8027,-0.175543,0.569956,-0.244772,0.774361,0.583425,-0.544762,-0.607597,0.577861,0.000857,-0.006102,0.011257,-0.033393,-0.011108,0.002647,0.146035,0.039874,0.048961,-0.024629,-0.729495,0.126309,0.672222,0.316637,-0.808787,0.495583,0.606282,0.574376,0.550012,-0.000666,0.002608,0.002045,-0.005903,0.004019,0.003883,0.022573,0.065462,0.044784,-0.05778,-0.42546,-0.460913,-0.778808,0.29322,-0.884367,0.3632,-0.856157,-0.073835,0.511412,-0.001482,-0.00342,-0.002286,5.2e-05,0.014837,-0.024872,-0.864479
627,0.055039,0.047033,0.366885,-0.363955,-0.510658,-0.77898,0.405285,-0.839826,0.361121,-0.838165,-0.183649,0.513595,-0.002278,-0.005245,-0.003516,-0.009516,-0.116771,0.161923,-1.659402,-0.100152,0.065708,0.317668,0.802622,-0.175454,0.570092,-0.245012,0.774271,0.583444,-0.544768,-0.607737,0.577708,-0.001146,0.004517,0.003538,4e-06,-3e-06,-3e-06,0.151991,0.039854,0.048972,-0.02457,-0.729397,0.126257,0.672338,0.316896,-0.808649,0.495644,0.606264,0.574583,0.549815,-0.000665,0.002606,0.002043,0.002099,-0.016987,0.023238,0.024206,0.065409,0.04474,-0.057827,-0.422815,-0.461581,-0.779852,0.292253,-0.884033,0.364792,-0.857796,-0.073675,0.508681,-0.007341,-0.001206,-0.000926,0.00751,0.036607,-0.051131,-0.864153
628,0.054948,0.046968,0.366723,-0.366813,-0.507893,-0.779447,0.400287,-0.842478,0.360518,-0.839316,-0.179135,0.51331,-0.00111,-0.002553,-0.001715,-0.387689,0.179314,0.255312,-1.661448,-0.100256,0.065674,0.317799,0.802263,-0.175174,0.570683,-0.245738,0.774157,0.58329,-0.544969,-0.607963,0.57728,-0.000128,0.000504,0.000395,0.0,-0.0,-0.0,0.169729,0.039801,0.048961,-0.0245,-0.728966,0.125953,0.672861,0.317594,-0.808511,0.495421,0.606417,0.574843,0.549375,-0.006107,-0.001219,-0.000178,-0.001997,0.015276,-0.029177,0.038412,0.065362,0.044703,-0.057911,-0.425254,-0.458481,-0.780354,0.287481,-0.885973,0.363873,-0.858202,-0.069599,0.508569,-0.000576,-0.001321,-0.000894,-1.305585,0.618854,0.836189,-0.863826
629,0.054967,0.047053,0.366686,-0.366716,-0.507625,-0.779668,0.400356,-0.842578,0.360209,-0.839326,-0.179426,0.513192,0.000843,0.001939,0.001302,-0.0,-0.0,-0.0,-1.663592,-0.100397,0.065469,0.317674,0.801528,-0.174742,0.571848,-0.246779,0.774274,0.582696,-0.545581,-0.60794,0.576726,-0.010502,-0.009226,-0.005677,-0.004915,0.032845,-0.05185,0.192377,0.039733,0.04887,-0.024555,-0.728121,0.125474,0.673866,0.318524,-0.808572,0.494725,0.606945,0.574862,0.548772,-0.005078,-0.005293,-0.00337,-0.004884,0.03288,-0.051798,0.060293,0.06537,0.044741,-0.057932,-0.425374,-0.457998,-0.780572,0.287071,-0.886236,0.363557,-0.858281,-0.069433,0.50846,0.000663,0.001523,0.001023,0.00017,-0.014886,0.024634,-0.862846
630,0.055036,0.047193,0.366826,-0.369076,-0.506517,-0.779274,0.400883,-0.843208,0.358141,-0.838036,-0.179593,0.515237,0.00271,0.006237,0.00418,0.013615,0.005189,0.03669,-1.665855,-0.100508,0.06493,0.317233,0.799169,-0.178788,0.573894,-0.243899,0.776013,0.581594,-0.550321,-0.604532,0.575804,0.004427,-0.017566,-0.013833,0.945758,0.999543,0.909453,0.206795,0.03967,0.048607,-0.024769,-0.72586,0.127978,0.675831,0.316911,-0.809819,0.49372,0.610486,0.57255,0.547258,-0.003799,-0.010634,-0.007496,3.1573,3.263648,3.113291,0.086746,0.065405,0.044812,-0.057862,-0.427817,-0.456497,-0.780116,0.287643,-0.886979,0.361286,-0.856874,-0.06983,0.510773,0.001442,0.003321,0.002224,-0.006615,-0.019393,0.023016,-0.863826
631,0.055118,0.047327,0.366987,-0.372087,-0.504018,-0.779462,0.395636,-0.84576,0.357957,-0.839193,-0.174572,0.515079,0.004321,0.00995,0.006656,-0.03468,0.001443,0.047918,-1.668179,-0.100566,0.064521,0.316869,0.797304,-0.183098,0.575128,-0.240288,0.777665,0.58089,-0.554604,-0.601105,0.575282,-0.006323,-0.026018,-0.018999,0.015104,0.094146,-0.071294,0.209844,0.039644,0.048408,-0.024947,-0.723595,0.133655,0.677159,0.311871,-0.811903,0.493507,0.615748,0.568286,0.545806,-0.003107,-0.013187,-0.009635,0.076579,0.155069,-0.010719,0.093768,0.065441,0.044869,-0.057788,-0.430238,-0.453799,-0.780358,0.282156,-0.888747,0.361267,-0.857485,-0.064752,0.510415,0.002376,0.005474,0.003661,-0.39598,0.159612,0.28057,-0.864316
632,0.055327,0.047684,0.367354,-0.374454,-0.502436,-0.77935,0.395823,-0.846671,0.355588,-0.838049,-0.174715,0.516891,0.00525,0.012111,0.008062,0.002313,-0.011469,0.026721,-1.670568,-0.1007,0.063566,0.315867,0.794218,-0.186828,0.578191,-0.237921,0.779807,0.578989,-0.560032,-0.597166,0.574125,-0.00439,-0.033991,-0.025558,-0.013501,0.085848,-0.1196,0.222777,0.039577,0.047931,-0.025448,-0.720193,0.137241,0.680063,0.309245,-0.813966,0.491756,0.621038,0.564466,0.543773,-0.003302,-0.01117,-0.016226,0.025837,0.061054,-0.07752,0.106504,0.065549,0.045055,-0.057599,-0.432552,-0.451799,-0.78024,0.282136,-0.889753,0.358801,-0.856327,-0.064934,0.512334,0.001908,0.001021,0.008489,-0.043459,-0.020033,0.02875,-0.864479
633,0.055517,0.048075,0.367672,-0.374364,-0.50124,-0.780164,0.395248,-0.847328,0.354663,-0.838361,-0.174968,0.516299,0.004432,0.010238,0.006784,4.8e-05,-0.01482,0.024718,-1.670893,-0.100783,0.062573,0.314491,0.792091,-0.185943,0.581385,-0.239797,0.780949,0.576672,-0.56224,-0.59595,0.573229,0.004692,-0.013377,-0.043498,0.06166,0.056971,-0.050928,0.261858,0.039535,0.047417,-0.026149,-0.717629,0.136124,0.682991,0.310914,-0.814929,0.489103,0.623169,0.563347,0.542494,0.002458,-0.007076,-0.022053,0.061469,0.056862,-0.051022,0.141285,0.065649,0.045262,-0.057433,-0.432143,-0.450678,-0.781114,0.281416,-0.890308,0.357988,-0.85677,-0.065116,0.511569,0.002199,0.005093,0.003372,1e-06,-0.015226,0.024398,-0.863663
634,0.05565,0.048269,0.36779,-0.377251,-0.498387,-0.7806,0.39,-0.849977,0.354134,-0.839519,-0.170223,0.516002,0.004546,0.010511,0.006951,-1.294154,0.572318,0.880227,-1.671069,-0.100802,0.062102,0.313698,0.790045,-0.190307,0.582755,-0.23574,0.783042,0.575505,-0.566822,-0.591808,0.573009,-0.005375,-0.027779,-0.0374,0.023045,0.079127,-0.099792,0.277652,0.039527,0.047191,-0.026519,-0.715546,0.14046,0.684297,0.306711,-0.816939,0.488403,0.627631,0.559357,0.541477,-0.002539,-0.0144,-0.019104,0.023734,0.078075,-0.100324,0.16235,0.065713,0.045354,-0.057377,-0.433844,-0.448274,-0.781555,0.277468,-0.891758,0.357459,-0.857198,-0.061775,0.511266,0.008219,0.003461,0.002302,-4.315493,1.908244,2.928377,-0.862193
635,0.055876,0.048471,0.36796,-0.377839,-0.499826,-0.779395,0.389919,-0.849393,0.35562,-0.839292,-0.168919,0.516801,0.002155,0.004992,0.003292,5e-05,-0.014819,0.024718,-1.671013,-0.100847,0.061436,0.312185,0.788595,-0.189942,0.584835,-0.236119,0.784494,0.573368,-0.568682,-0.590001,0.57303,0.003391,-0.008202,-0.039794,0.061648,0.05707,-0.050831,0.29299,0.039508,0.046843,-0.027289,-0.713848,0.139953,0.686173,0.306859,-0.818242,0.486125,0.629491,0.557577,0.541154,0.001701,-0.004034,-0.019831,0.061475,0.056947,-0.050945,0.195661,0.065831,0.045465,-0.057285,-0.435413,-0.448832,-0.780361,0.27586,-0.891666,0.35893,-0.856922,-0.058988,0.512058,0.000968,0.002248,0.00148,0.000538,-0.015653,0.025479,-0.86154
636,0.055922,0.048466,0.367945,-0.377797,-0.499467,-0.779646,0.389801,-0.849577,0.355311,-0.839365,-0.169057,0.516636,-0.001272,-0.002947,-0.001944,-5e-05,0.01482,-0.024718,-1.670282,-0.100922,0.061077,0.310958,0.787341,-0.189671,0.58661,-0.236298,0.785844,0.571443,-0.570344,-0.58829,0.573136,0.001124,0.000891,-0.032442,0.064522,0.039341,-0.028288,0.294199,0.039471,0.046643,-0.027924,-0.712329,0.139545,0.687832,0.306862,-0.819474,0.484042,0.631207,0.555867,0.540914,-0.004645,-0.006124,-0.012549,0.028647,0.043719,-0.054697,0.205785,0.065856,0.045468,-0.057289,-0.435317,-0.448479,-0.780618,0.275728,-0.891835,0.358613,-0.857013,-0.059128,0.511889,-0.000765,-0.001769,-0.001168,0.000111,0.014736,-0.0248,-0.861867
