frame,MLTx,MLTy,MLTz,MLTR1,MLTR2,MLTR3,MLTR4,MLTR5,MLTR6,MLTR7,MLTR8,MLTR9,MLTTVx,MLTTVy,MLTTVz,MLTRVx,MLTRVy,MLTRVz,MLGA,MRTx,MRTy,MRTz,MRTR1,MRTR2,MRTR3,MRTR4,MRTR5,MRTR6,MRTR7,MRTR8,MRTR9,MRTTVx,MRTTVy,MRTTVz,MRTRVx,MRTRVy,MRTRVz,MRGA,SLTx,SLTy,SLTz,SLTR1,SLTR2,SLTR3,SLTR4,SLTR5,SLTR6,SLTR7,SLTR8,SLTR9,SLTTVx,SLTTVy,SLTTVz,SLTRVx,SLTRVy,SLTRVz,SLGA,SRTx,SRTy,SRTz,SRTR1,SRTR2,SRTR3,SRTR4,SRTR5,SRTR6,SRTR7,SRTR8,SRTR9,SRTTVx,SRTTVy,SRTTVz,SRTRVx,SRTRVy,SRTRVz,SRGA
248,0.195707,-0.006638,0.354197,-0.52344,-0.053557,-0.850405,-0.254829,-0.942504,0.216146,-0.81244,0.329909,0.480758,-2e-06,8.7e-05,6.9e-05,0.0,0.0,0.0,-0.372756,-0.267622,-0.026141,0.352666,-0.361373,-0.919592,0.154114,0.890987,-0.292007,0.347575,-0.274175,0.264079,0.924637,-0.002404,-0.007869,-0.007384,-0.341452,-0.675031,0.288786,0.2927,-0.004878,0.03131,0.004883,0.254052,0.966316,0.041113,-0.870725,0.210001,0.444677,0.421064,-0.14877,0.894746,-0.001114,-0.003667,-0.003433,-0.005856,0.026423,-0.033567,0.193865,0.096498,0.036772,-0.040831,0.653651,0.086255,-0.751863,0.085595,0.978682,0.18669,0.751938,-0.186386,0.632334,-2e-06,5e-05,4.2e-05,2e-06,8e-06,9e-06,-0.524182
249,0.195707,-0.006638,0.354197,-0.52335,-0.053455,-0.850467,-0.254895,-0.942513,0.216032,-0.812478,0.329901,0.4807,-0.0,1e-06,1e-06,0.0,0.0,0.0,-0.372928,-0.267648,-0.026213,0.35257,-0.356575,-0.922342,0.148764,0.89123,-0.2882,0.35012,-0.279612,0.258592,0.924559,-0.001069,-0.003497,-0.003285,-0.001997,-0.004763,-0.012405,0.2981,-0.004895,0.031263,0.004825,0.248263,0.968106,0.033694,-0.869299,0.207308,0.448711,0.427415,-0.140689,0.893041,-0.000449,-0.001482,-0.001386,0.003047,0.005532,-0.014009,0.203172,0.096498,0.036772,-0.040831,0.653587,0.086139,-0.751932,0.085677,0.978694,0.186588,0.751984,-0.186375,0.632283,-0.0,-5e-06,-4e-06,-0.0,4e-06,7e-06,-0.524019
250,0.195717,-0.006644,0.354192,-0.523167,-0.053251,-0.850592,-0.255027,-0.94253,0.215801,-0.812554,0.329884,0.480583,0.0,-1.2e-05,-1e-05,0.0,0.0,0.0,-0.372436,-0.267639,-0.026213,0.352484,-0.355453,-0.923364,0.145062,0.891575,-0.288514,0.348982,-0.279942,0.254547,0.925582,-1.4e-05,-4.4e-05,-4.2e-05,0.000136,-9.4e-05,-5.7e-05,0.302372,-0.004889,0.031266,0.004785,0.246602,0.968646,0.030188,-0.86986,0.207505,0.44753,0.427234,-0.136621,0.893758,0.000187,0.005381,-0.004383,0.031315,-0.01249,0.017002,0.214113,0.096503,0.036768,-0.040834,0.653459,0.085904,-0.75207,0.085845,0.978719,0.186382,0.752077,-0.186354,0.632179,1e-06,-4e-06,-5e-06,-2e-06,2e-06,2e-06,-0.524018
251,0.195717,-0.006643,0.35418,-0.52308,-0.053152,-0.850651,-0.255069,-0.942547,0.215678,-0.812597,0.329851,0.480532,0.0,-1.7e-05,-1.4e-05,0.0,0.0,0.0,-0.372032,-0.267646,-0.026207,0.352505,-0.35486,-0.92349,0.145715,0.891833,-0.287761,0.348944,-0.279873,0.254946,0.925493,0.000228,0.000746,0.000701,0.0,-0.0,-0.0,0.302379,-0.004892,0.031272,0.004798,0.246177,0.968731,0.030928,-0.869984,0.206793,0.447619,0.427226,-0.137101,0.893688,0.0002,0.000652,0.000613,-4.1e-05,0.000934,0.00174,0.216889,0.096503,0.036769,-0.04084,0.653398,0.085792,-0.752137,0.085905,0.978736,0.186266,0.752124,-0.186318,0.632134,-0.0,-1e-06,-1e-06,6e-06,1e-06,1e-05,-0.524018
252,0.195718,-0.006651,0.354186,-0.523,-0.053063,-0.850707,-0.255148,-0.942546,0.215589,-0.812624,0.329869,0.480474,0.0,-0.0,-0.0,0.0,0.0,0.0,-0.372995,-0.267683,-0.026077,0.352641,-0.35413,-0.923643,0.146519,0.892152,-0.286835,0.348891,-0.279782,0.255437,0.925385,0.001521,0.004975,0.004668,0.001859,-0.01295,0.025675,0.300157,-0.004912,0.031332,0.004862,0.245591,0.96885,0.03183,-0.870174,0.20587,0.447676,0.427178,-0.137643,0.893628,-0.006419,0.003554,0.003355,-0.002024,0.015809,-0.028064,0.216072,0.096504,0.036765,-0.040837,0.653341,0.085689,-0.752198,0.085998,0.978742,0.186192,0.752162,-0.186335,0.632083,-3e-06,5e-06,5e-06,-1.2e-05,-1.7e-05,-6e-06,-0.523365
253,0.195707,-0.006645,0.354192,-0.522911,-0.052964,-0.850767,-0.255211,-0.942554,0.215478,-0.812661,0.329861,0.480417,-1e-06,7.4e-05,5.9e-05,0.0,0.0,0.0,-0.372794,-0.267713,-0.025954,0.352756,-0.353593,-0.923756,0.147104,0.892391,-0.286161,0.348833,-0.2797,0.255786,0.925313,-0.012367,0.008624,0.008122,-0.013016,0.091629,-0.180764,0.29634,-0.004921,0.031393,0.004919,0.245248,0.96892,0.032336,-0.870289,0.205342,0.447695,0.42714,-0.137938,0.893601,0.000951,0.003118,0.002923,0.001872,-0.012459,0.026652,0.214439,0.096498,0.036768,-0.040834,0.653278,0.085576,-0.752265,0.086078,0.978754,0.186093,0.752208,-0.186324,0.632032,-2e-06,4.3e-05,3.7e-05,0.006053,-0.093126,0.175647,-0.523529
254,0.195707,-0.00663,0.354191,-0.522797,-0.052837,-0.850845,-0.255272,-0.942574,0.215321,-0.812715,0.329826,0.48035,-0.0,2e-06,2e-06,0.0,0.0,0.0,-0.373143,-0.267803,-0.025608,0.353123,-0.351756,-0.924908,0.144241,0.892989,-0.285493,0.347848,-0.280109,0.252332,0.926137,0.003292,0.010763,0.010052,0.043849,-0.053771,0.034339,0.277743,-0.004972,0.031568,0.005104,0.242917,0.969592,0.029679,-0.871028,0.204552,0.446618,0.426966,-0.134343,0.894231,0.001695,0.00556,0.005192,0.018345,-0.0428,0.02967,0.20007,0.096498,0.036776,-0.040834,0.653198,0.08543,-0.752351,0.086163,0.978774,0.185948,0.752268,-0.186285,0.631972,-1e-06,-7e-06,-6e-06,-6e-06,4e-06,2e-06,-0.523855
255,0.195697,-0.006638,0.354198,-0.522731,-0.052765,-0.85089,-0.25534,-0.942571,0.215252,-0.812736,0.329845,0.480301,-0.0,0.0,0.0,0.006038,-0.093129,0.175637,-0.373622,-0.267878,-0.025057,0.353665,-0.350898,-0.925084,0.145195,0.893355,-0.284397,0.347806,-0.280019,0.252924,0.926003,0.004693,0.015344,0.014253,-0.009109,0.063452,-0.125854,0.266239,-0.005011,0.031837,0.005369,0.242169,0.969746,0.030761,-0.871147,0.20337,0.446927,0.42715,-0.135029,0.894041,-0.004763,0.008919,0.008315,0.000448,-0.009776,0.022718,0.181781,0.096493,0.036772,-0.040831,0.653215,0.085464,-0.752333,0.086159,0.978765,0.185993,0.752254,-0.186314,0.631981,2e-06,-4e-06,-4e-06,7e-06,1.7e-05,1.9e-05,-0.524018
256,0.195696,-0.00663,0.354191,-0.522721,-0.052753,-0.850896,-0.255326,-0.942581,0.215226,-0.812747,0.329819,0.4803,-0.0,0.0,0.0,0.0,0.0,0.0,-0.373569,-0.267889,-0.024701,0.354024,-0.350515,-0.925161,0.14563,0.893511,-0.283899,0.347813,-0.280002,0.253204,0.925932,-0.008908,0.019764,0.018351,-0.011164,0.078656,-0.155099,0.262121,-0.005013,0.032007,0.005542,0.241843,0.969811,0.031257,-0.87123,0.202853,0.447,0.427165,-0.135335,0.893987,-0.004347,0.010265,0.009533,0.001506,-0.010275,0.022753,0.175086,0.096493,0.036776,-0.040834,0.653144,0.085334,-0.752409,0.086231,0.978784,0.185863,0.752307,-0.186276,0.631928,3e-06,-4e-06,-5e-06,9e-06,2.2e-05,1.6e-05,-0.524018
257,0.195696,-0.006623,0.354196,-0.522708,-0.052738,-0.850905,-0.255335,-0.942582,0.21521,-0.812752,0.329818,0.480292,-0.0,4e-06,3e-06,0.0,0.0,0.0,-0.373752,-0.267922,-0.023999,0.354813,-0.349547,-0.925348,0.146765,0.893872,-0.282594,0.347949,-0.280063,0.253982,0.9257,0.005957,0.019503,0.017914,0.005587,-0.038817,0.077042,0.260122,-0.005034,0.032365,0.005935,0.241014,0.969976,0.03252,-0.871407,0.201527,0.447254,0.427272,-0.136133,0.893815,-0.004216,0.010656,0.009827,0.001656,-0.010437,0.022565,0.167575,0.096493,0.036779,-0.040831,0.653135,0.085318,-0.752419,0.086243,0.978785,0.185848,0.752313,-0.186275,0.631921,2e-06,-6e-06,-6e-06,-2e-06,-0.0,1.3e-05,-0.524182
258,0.195707,-0.006631,0.354203,-0.522613,-0.052632,-0.850971,-0.255426,-0.942582,0.215102,-0.812785,0.329835,0.480225,-0.0,0.0,0.0,0.0,0.0,0.0,-0.373708,-0.267867,-0.023365,0.355659,-0.34665,-0.926326,0.147465,0.895414,-0.280129,0.345971,-0.27874,0.253144,0.926329,0.006343,0.020804,0.018961,0.000585,0.044898,-0.103578,0.259968,-0.005002,0.032693,0.006376,0.238075,0.970668,0.033501,-0.872937,0.198729,0.445519,0.425793,-0.135311,0.894645,0.003179,0.010467,0.00954,-0.021976,0.054168,-0.106653,0.165289,0.096498,0.036775,-0.040828,0.653067,0.085195,-0.752491,0.08635,0.978793,0.185757,0.75236,-0.18629,0.631861,5e-06,-5e-06,-6e-06,1.2e-05,3.6e-05,1.6e-05,-0.524182
259,0.195707,-0.006644,0.35418,-0.522552,-0.052563,-0.851012,-0.255448,-0.942596,0.215012,-0.812817,0.329804,0.480191,2.3e-05,-0.001196,-0.000949,0.0,0.0,0.0,-0.37283,-0.267741,-0.022874,0.356607,-0.34505,-0.926228,0.151767,0.896466,-0.277496,0.345367,-0.277344,0.256393,0.925854,0.005487,0.018042,0.016318,0.003821,-0.025656,0.051328,0.259303,-0.004939,0.032938,0.006849,0.237048,0.970748,0.038159,-0.873645,0.195828,0.445414,0.424913,-0.138922,0.89451,0.002612,0.003884,0.012775,-0.035139,-0.014121,0.038969,0.163493,0.096498,0.036771,-0.040838,0.653025,0.085116,-0.752537,0.086387,0.978806,0.185671,0.752393,-0.186257,0.631832,1.5e-05,-0.000693,-0.000552,-0.000876,0.013498,-0.025452,-0.524018
260,0.195717,-0.006643,0.35418,-0.522537,-0.052546,-0.851022,-0.25546,-0.942598,0.214992,-0.812824,0.329803,0.480182,0.0,-1.7e-05,-1.4e-05,0.0,0.0,0.0,-0.373318,-0.267665,-0.022719,0.357079,-0.343289,-0.926966,0.151256,0.897467,-0.276417,0.343629,-0.276295,0.254883,0.926584,0.005372,0.00819,0.025875,-0.033817,0.059739,-0.119705,0.258814,-0.004902,0.033017,0.00708,0.235214,0.971216,0.03758,-0.874772,0.194689,0.443699,0.423612,-0.137239,0.895386,0.00246,0.0034,0.01231,-0.046239,-0.007903,0.028416,0.162513,0.096503,0.036769,-0.04084,0.653014,0.085096,-0.752548,0.086401,0.978808,0.185654,0.7524,-0.186256,0.631824,2e-06,3e-06,1e-06,3e-06,1e-06,-2e-06,-0.523855
261,0.195717,-0.006644,0.354192,-0.522444,-0.052441,-0.851086,-0.255548,-0.942598,0.214887,-0.812856,0.329819,0.480116,-0.0,2.4e-05,1.9e-05,0.0,0.0,0.0,-0.372349,-0.267493,-0.022562,0.358093,-0.339123,-0.928953,0.148439,0.900028,-0.274625,0.338327,-0.273103,0.249507,0.928991,0.00458,0.005627,0.023474,0.386115,-0.306513,-0.143356,0.257736,-0.004815,0.033099,0.00759,0.231718,0.972112,0.036118,-0.876813,0.192634,0.440556,0.421312,-0.133753,0.896998,0.002083,-0.002571,0.016131,0.382372,-0.325664,-0.196495,0.161043,0.096504,0.036768,-0.040834,0.652948,0.084976,-0.75262,0.086506,0.978816,0.185565,0.752445,-0.186271,0.631765,-2e-06,1.6e-05,1.2e-05,4e-06,0.0,3e-06,-0.523855
262,0.195717,-0.006636,0.354185,-0.522253,-0.052227,-0.851217,-0.255664,-0.942624,0.214633,-0.812942,0.329778,0.479998,-0.0,0.0,0.0,0.0,0.0,0.0,-0.373263,-0.267346,-0.02259,0.359076,-0.333954,-0.931497,0.144154,0.903308,-0.272742,0.331032,-0.268623,0.241942,0.932293,0.003051,-0.008895,0.028857,0.267262,-0.220404,-0.14946,0.23783,-0.004738,0.033092,0.008094,0.225137,0.973806,0.031828,-0.881332,0.189613,0.432781,0.41541,-0.125486,0.900936,0.001457,-0.004624,0.01427,0.32201,-0.246669,-0.147193,0.150266,0.096503,0.036772,-0.040837,0.652813,0.084731,-0.752764,0.086661,0.978846,0.185333,0.752544,-0.186223,0.631661,-1e-06,-2e-06,-1e-06,8e-06,-9e-06,4e-06,-0.523692
263,0.195707,-0.006637,0.354185,-0.522268,-0.052245,-0.851207,-0.255653,-0.942623,0.214652,-0.812936,0.329779,0.480008,-0.0,0.0,0.0,0.0,0.0,0.0,-0.373525,-0.267316,-0.02264,0.359541,-0.331542,-0.932715,0.141826,0.904857,-0.271977,0.32741,-0.266395,0.238061,0.93393,0.002821,-0.009649,0.028167,0.161286,-0.145113,-0.103958,0.223013,-0.004724,0.033068,0.008315,0.222058,0.974581,0.029664,-0.883369,0.18821,0.429226,0.412733,-0.121517,0.902709,0.001525,0.000352,0.009495,0.265362,-0.215725,-0.080093,0.135407,0.096498,0.036772,-0.040837,0.652823,0.084751,-0.752753,0.086647,0.978844,0.18535,0.752537,-0.186225,0.631669,-1e-06,-0.0,0.0,-1e-06,-1.1e-05,-4e-06,-0.523692
264,0.195707,-0.006637,0.354185,-0.522177,-0.052144,-0.851268,-0.255718,-0.942631,0.214538,-0.812974,0.329771,0.479949,-0.0,0.0,0.0,0.0,0.0,0.0,-0.373072,-0.267325,-0.022729,0.36022,-0.325214,-0.935463,0.138333,0.909588,-0.269602,0.316068,-0.257971,0.229798,0.938353,0.001613,-0.004147,0.01467,0.196129,-0.227446,0.069121,0.199992,-0.004728,0.033025,0.008662,0.214757,0.976295,0.026931,-0.889318,0.184077,0.418601,0.403721,-0.113848,0.90777,0.000896,-0.001739,0.007631,0.216139,-0.183307,-0.100826,0.106014,0.096498,0.036772,-0.040837,0.652759,0.084635,-0.752821,0.08673,0.978856,0.185248,0.752583,-0.186214,0.631617,-1e-06,-0.0,1e-06,2e-06,6e-06,-9e-06,-0.523692
265,0.195717,-0.006628,0.354179,-0.522062,-0.052013,-0.851347,-0.255781,-0.942651,0.214379,-0.813028,0.329736,0.479881,-0.0,0.0,0.0,0.0,0.0,0.0,-0.372872,-0.267395,-0.022795,0.36048,-0.319471,-0.93702,0.141154,0.914852,-0.266331,0.303396,-0.246298,0.227245,0.942104,4.6e-05,0.000151,0.000133,0.238083,-0.239846,0.081206,0.148166,-0.004762,0.032992,0.008799,0.209235,0.977384,0.030661,-0.895566,0.17894,0.407358,0.392659,-0.112692,0.912753,-0.007119,0.00093,0.000896,0.298554,-0.178215,-0.139945,0.059313,0.096503,0.036776,-0.04084,0.652678,0.084486,-0.752908,0.086816,0.978876,0.185101,0.752643,-0.186176,0.631557,0.0,-1e-06,0.0,1.4e-05,6e-06,5e-06,-0.523529
266,0.195717,-0.006635,0.354173,-0.521985,-0.051927,-0.851399,-0.255836,-0.942658,0.214281,-0.813061,0.329729,0.479831,0.0,-4e-06,-3e-06,0.0,0.0,0.0,-0.37262,-0.267621,-0.022759,0.360348,-0.31793,-0.933946,0.163269,0.920073,-0.262517,0.290664,-0.22821,0.24381,0.942518,-0.000919,-0.003038,-0.00269,0.023265,-0.069229,0.170427,0.051833,-0.00487,0.033008,0.008731,0.210394,0.976184,0.052884,-0.90199,0.172972,0.395591,0.377023,-0.130931,0.916901,-0.000583,0.002822,-0.006667,0.141877,0.208379,-0.090524,-0.034579,0.096503,0.036773,-0.040843,0.652624,0.084386,-0.752967,0.086887,0.978887,0.185013,0.752682,-0.186167,0.631513,-0.0,4e-06,3e-06,2e-06,-7e-06,-1.4e-05,-0.523365
267,0.195717,-0.006628,0.354179,-0.521881,-0.051811,-0.85147,-0.255911,-0.942667,0.21415,-0.813104,0.32972,0.479764,-1.6e-05,0.000847,0.000671,0.0,0.0,0.0,-0.372796,-0.267723,-0.022782,0.360219,-0.317033,-0.932051,0.175394,0.922825,-0.260664,0.28352,-0.218144,0.25292,0.942501,-0.001767,-0.005831,-0.005168,0.12222,0.131684,0.069169,-0.01236,-0.004926,0.032999,0.008669,0.211371,0.975243,0.064974,-0.905299,0.170285,0.389148,0.36845,-0.141075,0.91888,-0.000865,-0.002863,-0.002534,0.397786,0.75931,-0.324675,-0.103324,0.096503,0.036774,-0.040842,0.65255,0.084254,-0.753045,0.086981,0.9789,0.184897,0.752735,-0.186155,0.631454,-1.3e-05,0.000575,0.000458,8e-06,-1.5e-05,-3e-06,-0.523365
268,0.195706,-0.006622,0.354184,-0.521883,-0.051814,-0.851469,-0.255909,-0.942667,0.214153,-0.813103,0.32972,0.479765,-7e-06,0.000376,0.000298,0.0,0.0,0.0,-0.373447,-0.267847,-0.022941,0.359872,-0.331135,-0.922672,0.197526,0.923025,-0.273478,0.270496,-0.195151,0.273057,0.941923,-0.002572,-0.008476,-0.007534,0.331243,0.470477,1.546291,-0.199898,-0.00499,0.032915,0.008491,0.229007,0.969646,0.085676,-0.908938,0.181504,0.375348,0.348404,-0.163832,0.922915,-0.001336,-0.004422,-0.003928,0.341548,0.44387,1.577774,-0.265472,0.096498,0.036779,-0.040838,0.652551,0.084257,-0.753044,0.086979,0.9789,0.184899,0.752735,-0.186155,0.631454,-5e-06,0.000244,0.000193,4e-06,2e-06,-5e-06,-0.523529
269,0.195706,-0.006622,0.354184,-0.521792,-0.051713,-0.85153,-0.255974,-0.942675,0.214038,-0.813141,0.329712,0.479707,-0.0,0.0,0.0,0.0,0.0,0.0,-0.372947,-0.267847,-0.023132,0.359287,-0.359352,-0.90621,0.222802,0.918565,-0.301592,0.255371,-0.16378,0.29757,0.940474,-0.003017,-0.000446,-0.018811,0.067985,0.060107,-0.031298,-0.59272,-0.004989,0.032818,0.008204,0.262775,0.958811,0.107837,-0.910068,0.209174,0.3578,0.320506,-0.19216,0.927549,-0.001616,-0.000608,-0.009739,0.144961,0.211565,-0.080591,-0.536861,0.096498,0.03678,-0.040837,0.652487,0.084141,-0.753113,0.087061,0.978912,0.184797,0.752781,-0.186144,0.631402,2e-06,-6e-06,-5e-06,9e-06,1e-05,0.0,-0.523529
270,0.195706,-0.006629,0.354179,-0.521805,-0.051727,-0.851522,-0.255965,-0.942674,0.214055,-0.813136,0.329713,0.479715,2.6e-05,-0.001379,-0.001093,-0.000875,0.013496,-0.025449,-0.373402,-0.267847,-0.023196,0.358925,-0.368305,-0.900118,0.23266,0.917152,-0.311028,0.249053,-0.151359,0.306248,0.939769,-0.003193,-0.001021,-0.019346,0.144375,0.203961,-0.092516,-0.81347,-0.004991,0.032785,0.008015,0.273667,0.954714,0.116733,-0.910716,0.218174,0.350708,0.309358,-0.202288,0.92918,-0.001625,-0.00064,-0.009777,0.144748,0.211193,-0.094945,-0.69313,0.096498,0.03678,-0.040837,0.652487,0.084141,-0.753113,0.087061,0.978912,0.184797,0.752781,-0.186144,0.631402,3e-06,-4e-06,-5e-06,1.4e-05,2.5e-05,2e-06,-0.523529
271,0.195717,-0.006628,0.354179,-0.5217,-0.051609,-0.851593,-0.256041,-0.942684,0.213921,-0.813179,0.329704,0.479647,0.0,-0.0,-0.0,0.0,0.0,0.0,-0.372675,-0.267815,-0.023123,0.357979,-0.403157,-0.882456,0.242338,0.905946,-0.347717,0.241431,-0.128289,0.317993,0.939301,-0.002835,0.009661,-0.028261,0.07292,-0.015718,0.017761,-1.368697,-0.004975,0.032814,0.007549,0.311562,0.94227,0.1227,-0.905458,0.255231,0.339119,0.288225,-0.216757,0.932707,-0.001485,0.004562,-0.014366,0.086408,-0.101874,0.227347,-0.816577,0.096503,0.036776,-0.04084,0.652422,0.084022,-0.753182,0.087146,0.978925,0.184692,0.752827,-0.186134,0.63135,1e-06,4e-06,1e-06,2e-06,-8e-06,-1.1e-05,-0.523365
272,0.195717,-0.006635,0.354173,-0.521622,-0.051522,-0.851646,-0.256096,-0.942691,0.213824,-0.813212,0.329697,0.479597,0.0,-0.0,-0.0,0.0,0.0,0.0,-0.372501,-0.267921,-0.022414,0.35683,-0.405989,-0.882543,0.237238,0.903723,-0.349391,0.247274,-0.134838,0.315902,0.939089,-0.000707,0.026149,-0.031904,0.028896,0.005949,0.079707,-1.403718,-0.005031,0.033145,0.006981,0.31364,0.942287,0.117151,-0.90262,0.25756,0.344875,0.294797,-0.21391,0.931308,-0.007413,0.014197,-0.014883,0.011679,0.041825,0.06284,-0.793717,0.096503,0.036773,-0.040843,0.652368,0.083922,-0.753241,0.087217,0.978935,0.184605,0.752867,-0.186126,0.631306,-2e-06,7e-06,6e-06,-2e-06,-4e-06,-2.3e-05,-0.523202
273,0.195706,-0.006636,0.354173,-0.521546,-0.051438,-0.851698,-0.25615,-0.942698,0.213728,-0.813243,0.32969,0.479548,0.0,-0.0,-0.0,0.0,0.0,0.0,-0.373248,-0.268071,-0.021098,0.35541,-0.416785,-0.881737,0.220956,0.89484,-0.355482,0.269867,-0.158889,0.31131,0.936859,-0.013987,0.050152,-0.047099,-0.431514,0.34524,0.285069,-1.403782,-0.005105,0.033827,0.006252,0.321204,0.941835,0.098864,-0.892534,0.266176,0.364048,0.316558,-0.205173,0.926117,-0.006926,0.025223,-0.023415,-0.354418,0.331225,0.282788,-0.801718,0.096498,0.036773,-0.040843,0.652314,0.083826,-0.753298,0.087285,0.978945,0.18452,0.752905,-0.186117,0.631262,-3e-06,4e-06,6e-06,1e-05,-1.3e-05,-7e-06,-0.523202
274,0.195706,-0.006629,0.354179,-0.521533,-0.051424,-0.851707,-0.25616,-0.942699,0.213712,-0.813249,0.329689,0.47954,-8e-06,0.000442,0.00035,0.0,0.0,0.0,-0.373486,-0.268149,-0.020248,0.354583,-0.42213,-0.88101,0.213587,0.890394,-0.358911,0.279848,-0.169366,0.309421,0.935648,0.000468,0.048908,-0.04829,-0.132124,0.209389,0.029129,-1.403741,-0.005144,0.034252,0.005838,0.326545,0.940716,0.091768,-0.886585,0.271201,0.374721,0.327619,-0.203724,0.922584,0.000275,0.02451,-0.024092,-0.093054,0.213085,0.027456,-0.811515,0.096498,0.036775,-0.040841,0.652305,0.083809,-0.753308,0.087297,0.978946,0.184505,0.752912,-0.186115,0.631255,-9e-06,0.000295,0.000237,1.1e-05,-1.2e-05,-3e-06,-0.523365
275,0.195706,-0.00662,0.35416,-0.521436,-0.051314,-0.851773,-0.256187,-0.942725,0.213563,-0.813302,0.329631,0.479489,2e-06,-0.00012,-9.5e-05,0.0,0.0,0.0,-0.373357,-0.268209,-0.018223,0.352767,-0.436657,-0.876775,0.201463,0.878348,-0.367299,0.305825,-0.193599,0.311603,0.930208,0.001508,0.052249,-0.045189,-1.623079,-1.854041,1.180428,-1.404218,-0.005175,0.035243,0.004946,0.338899,0.937412,0.080032,-0.874001,0.282202,0.395579,0.348235,-0.20401,0.914937,0.000977,0.031493,-0.026986,-0.442701,0.388057,0.416187,-0.810535,0.096498,0.036781,-0.04085,0.652236,0.083683,-0.753381,0.087347,0.978969,0.184361,0.752966,-0.186053,0.631209,1e-06,-7.5e-05,-5.8e-05,8e-06,5e-06,-1.6e-05,-0.523365
276,0.195705,-0.006611,0.354141,-0.521339,-0.051204,-0.851839,-0.256215,-0.942752,0.213414,-0.813356,0.329573,0.479438,1.9e-05,-0.000996,-0.00079,0.0,0.0,0.0,-0.373766,-0.26815,-0.015852,0.350851,-0.443851,-0.875234,0.192233,0.868127,-0.367007,0.334058,-0.221274,0.316259,0.922432,0.002402,0.055113,-0.042505,-1.672696,-1.893498,1.414156,-1.404251,-0.005147,0.036403,0.004006,0.344595,0.936131,0.070083,-0.860654,0.285234,0.421801,0.374871,-0.205668,0.903975,0.001174,0.027362,-0.021428,-0.339864,0.06983,-0.185002,-0.817557,0.096497,0.036788,-0.040857,0.652168,0.083558,-0.753455,0.087397,0.978991,0.184217,0.753019,-0.18599,0.631164,1.2e-05,-0.000685,-0.000543,-0.000875,0.013484,-0.025469,-0.523529
277,0.195704,-0.006595,0.354128,-0.52132,-0.05118,-0.851852,-0.256187,-0.942771,0.213363,-0.813377,0.329521,0.479437,0.0,-1.5e-05,-1.2e-05,0.0,0.0,0.0,-0.374078,-0.268117,-0.014678,0.34996,-0.446425,-0.874291,0.190555,0.864172,-0.366187,0.345034,-0.231325,0.319807,0.918736,-0.011132,0.068406,-0.048804,-0.33972,0.290216,0.300512,-1.404142,-0.005124,0.037012,0.003545,0.348073,0.935138,0.066036,-0.853603,0.287026,0.434715,0.387564,-0.207681,0.898143,0.001408,0.028114,-0.020729,-0.510602,0.390146,0.353187,-0.824742,0.096497,0.036793,-0.040866,0.652154,0.083531,-0.753469,0.087376,0.979004,0.184161,0.753033,-0.185937,0.631163,-1e-06,-2e-06,1e-06,9e-06,-1.6e-05,-1.5e-05,-0.523692
278,0.195694,-0.006588,0.354134,-0.521231,-0.051082,-0.851913,-0.25625,-0.942779,0.213251,-0.813415,0.329514,0.479379,-0.0,2e-05,1.6e-05,0.0,0.0,0.0,-0.373715,-0.268033,-0.012228,0.34819,-0.447877,-0.872691,0.194439,0.857732,-0.358186,0.368689,-0.251547,0.333005,0.908677,0.003608,0.068401,-0.048787,-0.600104,0.521123,0.288807,-1.40397,-0.005088,0.038236,0.00266,0.349608,0.93433,0.069291,-0.843831,0.281883,0.456608,0.407091,-0.218104,0.886965,0.001564,0.028603,-0.020242,-0.713707,0.535602,0.487308,-0.838295,0.096492,0.036797,-0.040863,0.652091,0.083418,-0.753537,0.087457,0.979015,0.184061,0.753079,-0.185926,0.631112,-0.0,9e-06,8e-06,1.3e-05,7e-06,-1.3e-05,-0.523692
279,0.195673,-0.006596,0.354129,-0.521182,-0.05103,-0.851945,-0.256284,-0.942783,0.213192,-0.813435,0.329509,0.479348,7e-06,-0.000376,-0.000298,0.0,0.0,0.0,-0.374581,-0.267938,-0.010253,0.346783,-0.44642,-0.871927,0.201106,0.853972,-0.348202,0.386551,-0.26646,0.345402,0.899755,0.002175,0.044812,-0.033169,-0.37343,0.275846,0.28366,-1.403843,-0.005038,0.039239,0.001956,0.350071,0.933571,0.076767,-0.835804,0.274303,0.475593,0.422943,-0.230654,0.876308,0.001156,0.022541,-0.016464,-0.492737,0.348581,0.324296,-0.848419,0.096481,0.036793,-0.040865,0.652056,0.083358,-0.753573,0.0875,0.979021,0.184008,0.753103,-0.185921,0.631083,4e-06,-0.00021,-0.000166,5e-06,4e-06,-2.6e-05,-0.523692
280,0.195631,-0.006601,0.354088,-0.521083,-0.05092,-0.852012,-0.25629,-0.942818,0.213029,-0.813497,0.329426,0.4793,2.5e-05,-0.001326,-0.001052,0.0,0.0,0.0,-0.373558,-0.267865,-0.008819,0.345524,-0.450408,-0.867234,0.212198,0.847667,-0.340941,0.406391,-0.279525,0.364008,0.888384,0.000349,0.038817,-0.038515,-0.592589,0.454282,0.346116,-1.403811,-0.004998,0.039979,0.00132,0.355717,0.930513,0.087232,-0.826548,0.269657,0.494066,0.436213,-0.247849,0.865036,0.000124,0.019169,-0.019476,-0.716421,0.495208,0.344882,-0.852011,0.09646,0.036793,-0.040884,0.651986,0.083231,-0.753648,0.08753,0.979049,0.183847,0.753161,-0.185833,0.631041,1.6e-05,-0.000869,-0.000688,2e-06,-9e-06,-3.8e-05,-0.523692
281,0.19562,-0.006602,0.354022,-0.521037,-0.050865,-0.852044,-0.256218,-0.942866,0.212906,-0.813549,0.329298,0.479299,5.3e-05,-0.002806,-0.002227,-0.000875,0.013505,-0.025444,-0.37253,-0.267823,-0.008271,0.34486,-0.45186,-0.865525,0.216055,0.844538,-0.337217,0.415901,-0.286549,0.371487,0.883034,-0.001011,0.024947,-0.032629,-0.510911,0.369133,0.287372,-1.404055,-0.004976,0.040246,0.001002,0.357935,0.929303,0.090982,-0.821654,0.267179,0.503488,0.443584,-0.254972,0.859198,-0.000546,0.012265,-0.016506,-0.727067,0.47916,0.332457,-0.852991,0.096455,0.036791,-0.040911,0.651951,0.083165,-0.753685,0.087498,0.979075,0.183723,0.753194,-0.185725,0.631032,2.2e-05,-0.001074,-0.00085,2.2e-05,5e-06,-2.7e-05,-0.523365
282,0.195575,-0.006593,0.353824,-0.521545,-0.044621,-0.852082,-0.267069,-0.939913,0.212626,-0.809727,0.338509,0.479355,6e-05,-0.003189,-0.002533,-8e-06,2e-06,5e-06,-0.366567,-0.267669,-0.007298,0.343269,-0.465567,-0.854751,0.229432,0.834699,-0.33812,0.434611,-0.293325,0.394923,0.870551,0.011108,0.016853,-0.040044,-0.403111,1.128202,-0.019636,-1.403944,-0.004904,0.040735,0.000209,0.374102,0.921758,0.102021,-0.809869,0.271114,0.5202,0.451839,-0.277232,0.847928,0.005552,0.013035,-0.025075,0.17208,2.76163,-0.915672,-0.854624,0.096437,0.036794,-0.041011,0.653283,0.077047,-0.753182,0.098558,0.977688,0.185499,0.75067,-0.195416,0.631114,4.7e-05,-0.002281,-0.001813,0.000691,0.01339,-0.023963,-0.522059
283,0.195484,-0.006526,0.353467,-0.521961,-0.041688,-0.851976,-0.271844,-0.938592,0.212408,-0.807869,0.34252,0.47964,-0.000403,0.004801,-0.013458,0.034877,0.00374,-0.005499,-0.326786,-0.267376,-0.006356,0.341053,-0.48321,-0.839589,0.248172,0.82245,-0.338337,0.457208,-0.299294,0.426092,0.853658,0.008607,0.027537,-0.067273,-0.859166,0.519412,0.654254,-1.403727,-0.004755,0.041209,-0.000882,0.395158,0.910728,0.120095,-0.795709,0.274025,0.540145,0.459016,-0.309004,0.832958,0.004195,0.013306,-0.034056,-0.466653,0.267052,0.506449,-0.85691,0.096386,0.036832,-0.041193,0.65406,0.074202,-0.752793,0.10341,0.977063,0.186155,0.74934,-0.199603,0.631385,-0.000193,0.002315,-0.006794,0.035528,0.003656,-0.005364,-0.502464
284,0.195404,-0.006453,0.353217,-0.52063,-0.040777,-0.852835,-0.276858,-0.936822,0.213744,-0.807028,0.347441,0.477513,-0.00039,0.004069,-0.014044,0.028053,-0.015695,-0.015618,-0.31847,-0.267119,-0.005869,0.339651,-0.493088,-0.829655,0.261782,0.81644,-0.337576,0.468404,-0.299622,0.445736,0.843451,0.007902,0.034677,-0.079302,-0.852947,0.585558,0.649184,-1.40395,-0.004626,0.041448,-0.00158,0.407907,0.903294,0.132928,-0.788259,0.274948,0.5505,0.460715,-0.329335,0.824184,0.010486,0.009999,-0.03718,-1.044531,0.878637,0.631316,-0.860013,0.096347,0.036866,-0.041313,0.652836,0.073216,-0.753952,0.108382,0.976048,0.188631,0.749704,-0.20486,0.629264,-0.00019,0.002206,-0.006881,0.043697,0.008869,-0.006537,-0.492993
285,0.195167,-0.006222,0.35249,-0.518566,-0.033026,-0.854426,-0.2973,-0.929942,0.216319,-0.801071,0.366232,0.473484,-0.000845,0.011715,-0.025249,0.047953,-0.070513,-0.019278,-0.290007,-0.266246,-0.004943,0.336435,-0.512381,-0.805664,0.297261,0.806395,-0.332594,0.48892,-0.294394,0.491233,0.819687,0.019716,0.025492,-0.088131,-0.94094,0.801567,0.573876,-1.403874,-0.004196,0.041914,-0.003185,0.434487,0.885071,0.166938,-0.775225,0.27313,0.569583,0.458526,-0.376891,0.804801,0.016902,0.011752,-0.045023,-0.429798,1.080003,0.119331,-0.863932,0.096227,0.036985,-0.041681,0.652043,0.065241,-0.755369,0.12884,0.972265,0.195191,0.747154,-0.224594,0.625553,-0.000402,0.005695,-0.012744,0.07404,-0.03083,-0.00216,-0.473725
286,0.194747,-0.005758,0.351307,-0.51022,-0.021331,-0.859806,-0.333428,-0.916603,0.220539,-0.792176,0.399227,0.461631,-0.014593,0.006865,-0.028562,-0.188804,-0.326839,-0.140401,-0.262153,-0.264918,-0.004662,0.333044,-0.559944,-0.747386,0.357587,0.790404,-0.35273,0.500777,-0.24744,0.56398,0.787759,0.030475,-0.006636,-0.081513,-0.666343,1.187369,0.517313,-1.403863,-0.003535,0.042068,-0.004882,0.497113,0.838251,0.224082,-0.760081,0.296128,0.578432,0.418515,-0.457866,0.784348,0.022498,0.001177,-0.045945,-0.141786,2.459179,1.036537,-0.857563,0.096017,0.037218,-0.042271,0.646852,0.051615,-0.760866,0.165276,0.964506,0.205939,0.74449,-0.258965,0.615362,-0.007264,0.00317,-0.014481,-0.216457,-0.379713,-0.162915,-0.451681
287,0.19442,-0.005375,0.350484,-0.506279,-0.019193,-0.862183,-0.347744,-0.910324,0.2244,-0.788549,0.413447,0.45528,-0.029388,0.026138,-0.047172,-0.023669,-0.340344,-0.172133,-0.24259,-0.264041,-0.004886,0.33143,-0.582968,-0.71212,0.391184,0.782902,-0.363916,0.504543,-0.216206,0.60128,0.769143,0.043916,-0.02063,-0.076455,-0.634948,1.179649,0.247949,-1.403956,-0.003104,0.041956,-0.005696,0.529171,0.808813,0.256512,-0.753371,0.308761,0.580602,0.390397,-0.500487,0.772723,0.022023,-0.010223,-0.038156,-0.155912,1.938879,1.145936,-0.862135,0.095864,0.0374,-0.042666,0.643624,0.048902,-0.763777,0.179519,0.960469,0.212773,0.743989,-0.274058,0.609402,-0.007489,0.007057,-0.020029,-0.190603,-0.412973,-0.188863,-0.439761
288,0.19357,-0.004279,0.348381,-0.485482,-0.028423,-0.87381,-0.361043,-0.903743,0.229929,-0.795637,0.42714,0.42958,-0.029808,0.032361,-0.059529,-0.270295,-0.958191,-0.258297,-0.186213,-0.261822,-0.00595,0.328617,-0.617728,-0.642428,0.453529,0.772121,-0.386618,0.50427,-0.147842,0.662481,0.73425,0.058947,-0.030421,-0.067868,0.80108,3.873235,-1.213829,-1.40347,-0.002003,0.041416,-0.007116,0.581178,0.750311,0.315061,-0.744118,0.33326,0.578985,0.329422,-0.570937,0.752004,0.029174,-0.020738,-0.029948,1.787614,4.033434,3.350178,-0.866381,0.09544,0.037947,-0.043711,0.62532,0.053155,-0.778555,0.192467,0.956352,0.219879,0.756261,-0.287341,0.587795,-0.007947,0.015851,-0.030303,-0.41345,-0.333242,-0.017659,-0.406449
289,0.192424,-0.002755,0.345555,-0.451249,-0.03665,-0.891671,-0.386229,-0.89271,0.232092,-0.803955,0.449161,0.389792,-0.030672,0.04701,-0.082442,0.108823,-1.331203,0.431465,-0.135497,-0.259162,-0.007651,0.326577,-0.655343,-0.552432,0.515108,0.753485,-0.431935,0.495607,-0.050478,0.713603,0.698632,0.075098,-0.056619,-0.037033,-0.501824,1.503651,-0.393604,-1.40343,-0.000705,0.040581,-0.008141,0.637088,0.671654,0.378151,-0.734368,0.379887,0.562483,0.23414,-0.636054,0.735263,0.037693,-0.022551,-0.022532,2.705024,4.071305,3.07512,-0.873076,0.094867,0.038708,-0.045112,0.593256,0.057445,-0.80296,0.21804,0.948699,0.228968,0.774922,-0.310914,0.550297,-0.01503,0.017671,-0.037248,0.319063,-2.401645,1.726166,-0.362851
290,0.190993,-0.000973,0.34223,-0.404466,-0.060369,-0.912584,-0.402709,-0.884121,0.236912,-0.82064,0.463399,0.334424,-0.044886,0.053011,-0.094437,-0.120507,-1.397651,-0.330482,-0.097276,-0.256455,-0.009489,0.325356,-0.672626,-0.464726,0.575844,0.738622,-0.467089,0.486004,0.043949,0.752802,0.656674,0.078208,-0.047569,-0.028634,0.312988,2.158814,-0.04371,-1.403311,0.000699,0.039622,-0.008785,0.674033,0.59021,0.444218,-0.725278,0.41464,0.549586,0.14018,-0.692621,0.707547,0.039245,-0.023383,-0.013962,0.322506,2.156031,-0.031188,-0.875362,0.094157,0.039595,-0.046771,0.548377,0.071846,-0.833138,0.234732,0.94302,0.235824,0.802609,-0.324884,0.500266,-0.022368,0.025536,-0.047989,-0.157241,-1.536362,-0.444939,-0.329703
291,0.190107,5.9e-05,0.340231,-0.375095,-0.075339,-0.923944,-0.409291,-0.88082,0.237925,-0.831294,0.467496,0.300708,-0.045301,0.059585,-0.106544,-0.103167,-1.596634,-0.237631,-0.074948,-0.255046,-0.010378,0.324862,-0.681658,-0.412555,0.604261,0.725749,-0.485271,0.48758,0.092924,0.771411,0.629407,0.064924,-0.043031,-0.024243,2.559761,4.63537,3.088366,-1.403206,0.001405,0.03918,-0.00903,0.691824,0.544498,0.474236,-0.71617,0.433677,0.54683,0.092083,-0.717945,0.689981,0.032422,-0.021069,-0.011781,2.555376,4.625456,3.092102,-0.873239,0.09373,0.040094,-0.047727,0.52098,0.081151,-0.849702,0.241366,0.940836,0.237845,0.818731,-0.329002,0.47057,-0.022575,0.029697,-0.053314,-0.108258,-1.475979,-0.387053,-0.310434
292,0.188229,0.002064,0.336116,-0.309587,-0.103902,-0.945202,-0.413548,-0.880367,0.23217,-0.855869,0.462888,0.230761,-0.045712,0.065319,-0.119467,0.022706,-1.548085,-0.010513,-0.03422,-0.252219,-0.011764,0.324096,-0.694179,-0.306161,0.651438,0.69533,-0.518774,0.497315,0.186552,0.798562,0.572153,0.082599,-0.033519,-0.015136,2.978092,4.523295,2.969914,-1.40308,0.002785,0.038492,-0.009413,0.723352,0.447333,0.525978,-0.690478,0.467859,0.551677,0.0007,-0.762234,0.6473,0.034176,-0.015727,-0.006524,-0.129754,2.611527,0.600532,-0.882547,0.092774,0.04111,-0.049818,0.455391,0.100997,-0.884544,0.246371,0.940447,0.23422,0.855523,-0.324588,0.403388,-0.029474,0.026591,-0.055736,-0.114129,-1.8047,-0.227689,-0.276307
293,0.186104,0.004005,0.331655,-0.259478,-0.14436,-0.954923,-0.427799,-0.869283,0.247602,-0.865525,0.472937,0.164994,-0.059204,0.048563,-0.115878,-0.080132,-1.695537,-0.304846,0.005316,-0.249404,-0.012456,0.323436,-0.691493,-0.198091,0.694686,0.667326,-0.543101,0.509559,0.2772,0.816174,0.506837,0.070813,-0.00202,-0.022353,3.255217,6.191633,0.317345,-1.402946,0.004225,0.038137,-0.009746,0.742599,0.340462,0.576742,-0.662514,0.49955,0.558143,-0.098085,-0.796577,0.596526,0.035357,-0.000587,-0.010767,3.138442,6.252638,0.353411,-0.888915,0.091717,0.042087,-0.05205,0.40369,0.132479,-0.905252,0.258869,0.932486,0.251905,0.877507,-0.336034,0.342141,-0.029512,0.024112,-0.058032,-0.224796,-1.877053,-0.404505,-0.244302
294,0.184921,0.004866,0.329387,-0.235559,-0.165422,-0.957702,-0.431555,-0.865125,0.255522,-0.870514,0.473693,0.133594,-0.059298,0.046032,-0.118349,0.002089,-1.679019,-0.219931,0.023549,-0.247954,-0.012628,0.323213,-0.684064,-0.146615,0.714529,0.654946,-0.554418,0.51342,0.321716,0.81936,0.474353,0.071746,-0.008521,-0.009552,0.150108,2.56679,0.6787,-1.402949,0.004923,0.038053,-0.009854,0.744157,0.292002,0.600803,-0.651938,0.513535,0.557904,-0.145624,-0.806855,0.572518,0.035896,-0.003867,-0.004314,3.122074,4.316724,2.375936,-0.890221,0.091126,0.042518,-0.053183,0.377842,0.150074,-0.913625,0.261666,0.929238,0.260855,0.888124,-0.337627,0.311836,-0.036295,0.016769,-0.055384,-0.053248,-1.804851,-0.355667,-0.222911
295,0.182443,0.006259,0.324952,-0.196066,-0.211326,-0.957572,-0.442725,-0.852237,0.278673,-0.874732,0.478839,0.074729,-0.059204,0.032481,-0.113091,-0.205736,-1.715855,-0.574931,0.060303,-0.244921,-0.01284,0.323009,-0.653608,-0.073396,0.75326,0.650145,-0.563739,0.509357,0.388061,0.822725,0.415206,0.072972,-0.013587,0.00458,-0.713383,1.39395,-0.396716,-1.402683,0.006441,0.037954,-0.009956,0.729594,0.216791,0.648608,-0.647554,0.523989,0.55327,-0.21992,-0.823672,0.522683,0.0438,-0.001938,-0.002713,-0.697265,1.559321,-0.476147,-0.893651,0.089865,0.043229,-0.055448,0.332973,0.189331,-0.923732,0.269967,0.919484,0.285774,0.903463,-0.344533,0.25505,-0.029514,0.016011,-0.056695,-0.179103,-1.657333,-0.537847,-0.17523
296,0.179885,0.007022,0.320829,-0.163614,-0.24843,-0.954755,-0.454703,-0.83986,0.296399,-0.875299,0.48293,0.025642,-0.072859,0.008973,-0.098562,0.00899,-1.164552,-0.317007,0.098259,-0.241737,-0.012894,0.322924,-0.619983,-0.030224,0.784027,0.653665,-0.572411,0.494977,0.434585,0.819391,0.373628,0.088291,0.000132,-0.001554,-0.399192,1.003297,-0.499731,-1.402769,0.008028,0.037924,-0.009994,0.706179,0.172606,0.68667,-0.653818,0.53116,0.538878,-0.271719,-0.829503,0.487947,0.0443,0.005959,-0.004623,-0.344672,1.084764,-0.648316,-0.897243,0.088586,0.043607,-0.057513,0.294736,0.222995,-0.929194,0.280078,0.909525,0.307114,0.913611,-0.350765,0.205613,-0.036352,0.004349,-0.049355,0.014726,-1.15335,-0.307201,-0.120691
297,0.177287,0.00697,0.317233,-0.136778,-0.274219,-0.951914,-0.463196,-0.831704,0.30609,-0.875483,0.483126,-0.012071,-0.058901,-0.012081,-0.082996,0.048538,-0.679987,0.002751,0.109641,-0.238276,-0.012745,0.323012,-0.593045,-0.000527,0.805164,0.650774,-0.588986,0.479086,0.474702,0.808084,0.348599,0.089386,0.006401,0.004405,1.220818,1.303745,0.028305,-1.40241,0.009758,0.037995,-0.009954,0.68618,0.141474,0.713541,-0.655874,0.544573,0.522751,-0.31462,-0.826695,0.466465,0.05192,0.002433,0.001403,4.347866,3.139246,1.398113,-0.884506,0.087309,0.04358,-0.059285,0.26455,0.245215,-0.932674,0.287599,0.903062,0.319006,0.920488,-0.352629,0.168382,-0.036342,-0.005878,-0.041066,0.045161,-0.607993,-0.128741,-0.087379
298,0.17591,0.006688,0.315698,-0.127092,-0.282708,-0.950773,-0.46231,-0.831163,0.308884,-0.87742,0.479156,-0.023879,-0.07286,-0.021052,-0.073111,0.063571,-0.422086,0.078638,0.103893,-0.236396,-0.012598,0.323127,-0.580977,0.010591,0.813847,0.651066,-0.593849,0.472642,0.489016,0.804433,0.337067,0.103974,0.007079,0.004513,0.286781,0.742524,-0.344374,-1.402448,0.01066,0.038067,-0.009897,0.677122,0.130193,0.724261,-0.657538,0.548924,0.516067,-0.330376,-0.82567,0.457296,0.044874,0.004245,0.003292,4.33501,3.194912,1.353138,-0.8832,0.086625,0.043439,-0.060058,0.253618,0.252453,-0.933779,0.286173,0.902547,0.321735,0.924003,-0.34882,0.156657,-0.036342,-0.010086,-0.036084,0.098498,-0.371756,0.146421,-0.081501
299,0.172924,0.005752,0.313225,-0.117385,-0.280625,-0.952636,-0.476876,-0.825489,0.301876,-0.870965,0.490071,-0.035736,-0.086769,-0.033534,-0.048476,0.035043,-0.0665,0.050863,0.078386,-0.232652,-0.012066,0.323538,-0.5645,0.04599,0.824146,0.634416,-0.614423,0.46897,0.528629,0.787513,0.316603,0.105476,0.017164,0.014037,0.214173,0.681048,0.147381,-1.402594,0.01253,0.038317,-0.009706,0.666567,0.095166,0.739345,-0.644895,0.571089,0.507905,-0.373897,-0.815353,0.442041,0.052706,0.008098,0.006682,4.193802,3.268155,1.844561,-0.877811,0.085164,0.042978,-0.061296,0.245548,0.247973,-0.937131,0.30211,0.899006,0.317044,0.921105,-0.360966,0.145834,-0.043426,-0.011386,-0.028367,0.06127,-0.037591,0.057466,-0.103709
300,0.169734,0.00424,0.311836,-0.113426,-0.276795,-0.954235,-0.487723,-0.821222,0.29613,-0.865472,0.499331,-0.040662,-0.086764,-0.046581,-0.024372,-0.077904,-0.026023,0.013708,0.076975,-0.228911,-0.011167,0.324321,-0.549603,0.089773,0.830583,0.609888,-0.636194,0.472469,0.571494,0.766107,0.293833,0.106652,0.027358,0.023405,-0.212825,0.569152,0.067251,-1.401933,0.014434,0.038768,-0.009314,0.658214,0.049392,0.751208,-0.622565,0.596753,0.506259,-0.423281,-0.800903,0.42354,0.046309,0.014893,0.01306,-0.221528,0.738539,0.173733,-0.874872,0.083575,0.042229,-0.062011,0.242443,0.243218,-0.939183,0.314239,0.89619,0.313202,0.917863,-0.371062,0.140846,-0.043292,-0.022533,-0.011385,-0.518289,0.096557,0.011314,-0.118241
301,0.168056,0.003357,0.311498,-0.110257,-0.271085,-0.956243,-0.494739,-0.819458,0.289297,-0.861896,0.505321,-0.042574,-0.086638,-0.051195,-0.0103,-0.069262,0.068726,0.422015,0.079466,-0.22708,-0.010597,0.324902,-0.53865,0.115517,0.834568,0.594388,-0.649797,0.473711,0.597674,0.751062,0.280277,0.092823,0.021859,0.037212,4.313711,3.245852,1.5352,-1.401354,0.015355,0.039056,-0.009027,0.651588,0.026178,0.75812,-0.612223,0.608248,0.505189,-0.447901,-0.793314,0.412354,0.046434,0.016806,0.014727,-0.362931,0.859192,-0.100957,-0.874219,0.082736,0.041788,-0.062194,0.240317,0.238662,-0.940897,0.322319,0.894687,0.309265,0.915618,-0.377591,0.138083,-0.043286,-0.019577,-0.008645,-0.443483,-0.990343,2.704207,-0.120201
302,0.164719,0.001523,0.311335,-0.107085,-0.249639,-0.962423,-0.529778,-0.804782,0.267641,-0.841228,0.538839,-0.044874,-0.086782,-0.042623,-0.00237,-0.520517,0.185167,0.661063,0.089717,-0.223585,-0.009551,0.326324,-0.504131,0.156655,0.849295,0.577291,-0.670164,0.466422,0.642842,0.725219,0.246323,0.07819,0.025293,0.040245,4.282997,3.84991,0.587425,-1.401268,0.01711,0.039587,-0.008308,0.625964,-0.016677,0.779673,-0.598707,0.630363,0.494158,-0.499718,-0.776121,0.3846,0.046223,0.012277,0.019414,-0.476799,2.190705,-2.182312,-0.8703,0.081035,0.040852,-0.06228,0.241006,0.215795,-0.946228,0.362144,0.884552,0.293968,0.900426,-0.413519,0.135033,-0.043373,-0.027096,0.002687,-1.767416,0.45353,1.026443,-0.112526
303,0.161508,-0.000358,0.311692,-0.094503,-0.218369,-0.971303,-0.555896,-0.797796,0.233393,-0.825758,0.562269,-0.044786,-0.072449,-0.045811,0.012997,-0.013221,0.314207,0.695272,0.092474,-0.220401,-0.008708,0.328056,-0.474405,0.185929,0.860443,0.55684,-0.693544,0.457011,0.682295,0.695693,0.224383,0.063943,0.018068,0.051974,0.301727,0.578367,-0.330489,-1.401355,0.018708,0.040013,-0.007445,0.600761,-0.053187,0.797656,-0.579797,0.657956,0.480551,-0.550382,-0.751176,0.364437,0.046193,0.008469,0.024772,1.376296,1.027072,-0.063566,-0.869647,0.079425,0.039913,-0.062106,0.23437,0.182715,-0.954821,0.395132,0.879484,0.265287,0.888222,-0.439456,0.133928,-0.043344,-0.022723,0.006852,0.01821,0.481925,0.949939,-0.104198
304,0.158653,-0.002115,0.31243,-0.080143,-0.184493,-0.979584,-0.580187,-0.790459,0.196287,-0.810443,0.584299,-0.04247,-0.072359,-0.039691,0.018895,0.003644,0.330735,0.852034,0.111757,-0.217607,-0.008046,0.330107,-0.452181,0.204291,0.86821,0.5366,-0.715125,0.447874,0.712915,0.668135,0.212629,0.063725,0.008048,0.060452,-0.114309,0.218732,-0.317375,-1.401416,0.020106,0.040351,-0.006419,0.58224,-0.072887,0.809742,-0.563608,0.681627,0.466614,-0.585953,-0.728059,0.355791,0.031765,0.009799,0.026252,-0.062226,0.310564,-0.471202,-0.877975,0.077971,0.039021,-0.061728,0.226344,0.146349,-0.96299,0.426544,0.873921,0.233069,0.875687,-0.463511,0.135382,-0.036148,-0.01949,0.009855,0.036073,0.440412,0.917025,-0.094727
