frame,MLTx,MLTy,MLTz,MLTR1,MLTR2,MLTR3,MLTR4,MLTR5,MLTR6,MLTR7,MLTR8,MLTR9,MLTTVx,MLTTVy,MLTTVz,MLTRVx,MLTRVy,MLTRVz,MLGA,MRTx,MRTy,MRTz,MRTR1,MRTR2,MRTR3,MRTR4,MRTR5,MRTR6,MRTR7,MRTR8,MRTR9,MRTTVx,MRTTVy,MRTTVz,MRTRVx,MRTRVy,MRTRVz,MRGA,SLTx,SLTy,SLTz,SLTR1,SLTR2,SLTR3,SLTR4,SLTR5,SLTR6,SLTR7,SLTR8,SLTR9,SLTTVx,SLTTVy,SLTTVz,SLTRVx,SLTRVy,SLTRVz,SLGA,SRTx,SRTy,SRTz,SRTR1,SRTR2,SRTR3,SRTR4,SRTR5,SRTR6,SRTR7,SRTR8,SRTR9,SRTTVx,SRTTVy,SRTTVz,SRTRVx,SRTRVy,SRTRVz,SRGA
47,0.083178,0.02113,0.420385,-0.481196,0.2727,-0.833145,-0.457163,-0.888957,-0.02699,-0.747398,0.367551,0.55347,-5e-05,-0.000156,-7.9e-05,0.0,0.0,0.0,0.520607,-0.095604,-0.041335,0.39863,0.934889,0.019442,0.354396,0.090494,0.952505,-0.290651,-0.344389,0.303746,0.888255,-0.014127,-0.00228,-0.000104,0.056131,-0.161386,-0.302324,-0.41126,0.031713,0.023165,-0.009695,-0.94162,0.023721,0.335839,-0.125339,-0.95051,-0.284287,0.312475,-0.309784,0.897993,-0.007026,-0.001325,-0.000195,0.078141,-0.282234,-0.134504,-0.425333,0.087525,0.040816,-0.05187,-0.529874,0.247004,-0.811308,-0.395672,-0.918148,-0.021114,-0.750117,0.309824,0.584236,-2.7e-05,-8e-05,-4.1e-05,-2.4e-05,-7e-06,2e-06,0.515653
48,0.083169,0.021132,0.420386,-0.481214,0.272685,-0.833139,-0.457153,-0.888963,-0.026971,-0.747392,0.367548,0.55348,-1e-06,-2e-06,-1e-06,0.0,0.0,0.0,0.52033,-0.095827,-0.041293,0.398491,0.936826,0.020658,0.349174,0.088434,0.951901,-0.293253,-0.339614,0.305553,0.889473,0.000253,-0.001213,-0.000967,0.06145,-0.228621,-0.080772,-0.580415,0.031596,0.023184,-0.009765,-0.94352,0.022371,0.330558,-0.123044,-0.95002,-0.286914,0.307619,-0.311383,0.899116,-0.007541,0.002263,-0.006121,0.107688,-0.263364,-0.10443,-0.574581,0.087521,0.040817,-0.051869,-0.529891,0.246987,-0.811302,-0.395661,-0.918154,-0.021096,-0.750111,0.309822,0.584245,4e-06,1.4e-05,7e-06,-2.1e-05,-1.3e-05,8e-06,0.515816
49,0.083167,0.021124,0.420382,-0.481229,0.27267,-0.833135,-0.457144,-0.888968,-0.026954,-0.747388,0.367547,0.553486,-1e-06,-4e-06,-2e-06,0.0,0.0,0.0,0.520357,-0.09616,-0.041084,0.398062,0.938679,0.021492,0.34411,0.087028,0.951036,-0.296464,-0.334812,0.308178,0.890388,-0.001126,0.007623,-0.011497,0.042124,-0.026684,0.013858,-1.180194,0.031431,0.023281,-0.009979,-0.945425,0.02158,0.325121,-0.121465,-0.949224,-0.290205,0.30235,-0.313858,0.900042,-0.007539,0.002273,-0.006114,0.029336,0.030755,0.002068,-0.82017,0.08752,0.040814,-0.051871,-0.529905,0.246972,-0.811298,-0.395651,-0.918158,-0.021079,-0.750106,0.309821,0.584252,1e-06,1e-05,5e-06,-1.6e-05,-1.1e-05,1e-05,0.515653
50,0.083167,0.021124,0.420382,-0.481229,0.27267,-0.833135,-0.457144,-0.888968,-0.026954,-0.747388,0.367547,0.553486,0.000414,0.001283,0.000647,0.0,0.0,0.0,0.520876,-0.096353,-0.040841,0.397471,0.938794,0.048208,0.341076,0.058743,0.953317,-0.296092,-0.340607,0.297917,0.891681,-0.000534,0.004765,-0.013778,0.035265,-0.008777,-0.023754,-1.402363,0.031335,0.0234,-0.010263,-0.946581,-0.005137,0.322422,-0.093299,-0.952743,-0.289092,0.308671,-0.303731,0.90137,-0.000246,0.002344,-0.006916,-0.011563,0.049276,-0.109143,-0.762528,0.087519,0.040811,-0.051873,-0.529905,0.246972,-0.811298,-0.395651,-0.918158,-0.021079,-0.750106,0.309822,0.584252,0.000238,0.000749,0.000378,-1e-05,-8e-06,1.9e-05,0.515979
51,0.083176,0.021122,0.420381,-0.481211,0.272686,-0.833141,-0.457154,-0.888962,-0.026973,-0.747393,0.367549,0.553477,6e-06,1.9e-05,9e-06,0.0,0.0,0.0,0.520807,-0.096316,-0.040702,0.397167,0.939969,0.060673,0.335811,0.040879,0.957025,-0.286993,-0.339972,0.283389,0.896645,-0.000459,0.004401,-0.01407,-0.515084,0.177235,-1.575282,-1.403187,0.031352,0.023476,-0.01043,-0.947865,-0.017046,0.318214,-0.076527,-0.95717,-0.279227,0.309345,-0.289022,0.905964,-0.000218,0.002162,-0.007059,-0.489511,0.09417,-1.627964,-0.778367,0.087524,0.040813,-0.051872,-0.529888,0.246988,-0.811304,-0.395663,-0.918153,-0.021097,-0.750112,0.309824,0.584243,1e-06,9e-06,6e-06,-4e-06,6e-06,2.1e-05,0.515979
52,0.083185,0.02112,0.420379,-0.481193,0.272701,-0.833146,-0.457164,-0.888956,-0.026992,-0.747399,0.367552,0.553468,0.0,0.0,0.0,0.0,0.0,0.0,0.520665,-0.096263,-0.040187,0.396495,0.940435,0.082593,0.329775,0.007975,0.964469,-0.263949,-0.341039,0.250727,0.90592,-0.002846,0.018103,-0.020708,-1.813271,1.366008,-4.756707,-1.404414,0.031381,0.023719,-0.010764,-0.94959,-0.034121,0.31163,-0.049261,-0.965469,-0.255817,0.309598,-0.258273,0.915119,0.006311,0.005937,-0.004903,-0.196056,-0.096993,0.110476,-0.778694,0.087529,0.040812,-0.051873,-0.529871,0.247006,-0.81131,-0.395674,-0.918148,-0.021116,-0.750118,0.309825,0.584234,-2e-06,0.0,1e-06,-1.7e-05,-3e-06,5e-06,0.516142
53,0.083201,0.021108,0.420373,-0.481171,0.272718,-0.833153,-0.457176,-0.88895,-0.027012,-0.747406,0.367555,0.553456,-1e-06,-2e-06,-1e-06,0.0,0.0,0.0,0.520158,-0.096217,-0.03951,0.395765,0.939821,0.094741,0.328256,-0.006973,0.965958,-0.258478,-0.342749,0.240489,0.908048,-0.002734,0.017551,-0.021143,0.073425,-0.065144,0.220996,-1.405016,0.031402,0.024069,-0.011133,-0.949214,-0.051751,0.310344,-0.028976,-0.967809,-0.250011,0.313292,-0.246306,0.917158,-0.001347,0.008762,-0.01058,0.075688,-0.06458,0.221697,-0.78098,0.087537,0.040806,-0.051876,-0.529851,0.247024,-0.811317,-0.395687,-0.918141,-0.021136,-0.750126,0.309829,0.584222,2e-06,5e-06,3e-06,-8e-06,4e-06,8e-06,0.515979
54,0.083228,0.021101,0.420368,-0.481116,0.272765,-0.833169,-0.457206,-0.888933,-0.027069,-0.747423,0.367562,0.553429,-0.0,-0.0,-0.0,0.0,0.0,0.0,0.520293,-0.096098,-0.038845,0.394846,0.939384,0.101806,0.327393,-0.015444,0.966548,-0.255892,-0.34367,0.235171,0.909092,-0.002043,0.014227,-0.023796,0.070622,-0.002673,0.045708,-1.40546,0.031462,0.0244,-0.011581,-0.949063,-0.058859,0.309538,-0.020541,-0.968749,-0.247187,0.314415,-0.240955,0.918195,-0.0009,0.006623,-0.01229,0.081551,-0.058296,0.206025,-0.774285,0.08755,0.040802,-0.051878,-0.5298,0.247074,-0.811335,-0.39572,-0.918126,-0.021191,-0.750144,0.309835,0.584195,0.006003,-0.001461,-0.000927,0.00097,-0.014727,0.029554,0.515816
55,0.083225,0.021087,0.420372,-0.481147,0.272744,-0.833159,-0.457211,-0.888931,-0.027027,-0.7474,0.367581,0.553447,-8.2e-05,-0.000253,-0.000127,0.0,0.0,0.0,0.520776,-0.096159,-0.038552,0.394292,0.940096,0.10232,0.325179,-0.019279,0.968376,-0.248618,-0.341513,0.227302,0.911902,-0.001504,0.011642,-0.025867,-0.676879,-0.351166,0.391565,-1.405783,0.031436,0.024547,-0.011845,-0.949437,-0.060341,0.308103,-0.017032,-0.970012,-0.242458,0.313494,-0.235447,0.919937,-0.0008,0.006147,-0.012671,0.062242,0.020775,-0.023195,-0.774285,0.087549,0.040795,-0.051876,-0.529828,0.247051,-0.811323,-0.395724,-0.918125,-0.021149,-0.750122,0.309855,0.584213,-4.5e-05,-0.000133,-6.8e-05,-3e-06,-1.2e-05,1.6e-05,0.515979
56,0.083223,0.021072,0.420387,-0.481072,0.272833,-0.833173,-0.457299,-0.888884,-0.027097,-0.747395,0.367629,0.553422,-0.0,-0.0,-0.0,0.0,0.0,0.0,0.519867,-0.096322,-0.038154,0.39312,0.938739,0.11965,0.32318,-0.03989,0.969266,-0.242623,-0.343454,0.214692,0.914226,-0.001967,0.016078,-0.03993,0.100571,0.008689,0.029072,-1.405901,0.031349,0.02475,-0.012434,-0.949102,-0.076712,0.305481,0.00349,-0.972388,-0.233342,0.314947,-0.220399,0.923164,-0.000139,0.00299,-0.015209,0.061632,0.030241,-0.050431,-0.771183,0.087548,0.040788,-0.051869,-0.52976,0.247146,-0.811339,-0.395818,-0.918083,-0.021215,-0.750121,0.309904,0.584189,0.0,6e-06,2e-06,-1.1e-05,-2.2e-05,-3e-06,0.515979
57,0.083224,0.021058,0.420413,-0.481102,0.272829,-0.833157,-0.457349,-0.88886,-0.02704,-0.747345,0.367689,0.55345,1e-06,2e-06,1e-06,0.0,0.0,0.0,0.520087,-0.096225,-0.037886,0.391749,0.937798,0.131995,0.321096,-0.058921,0.972043,-0.227142,-0.343277,0.193903,0.918926,0.000441,0.00233,-0.033427,-2.970369,-0.582469,-0.894107,-1.406239,0.031396,0.024888,-0.013122,-0.948373,-0.088197,0.304645,0.020022,-0.975288,-0.220026,0.316522,-0.202567,0.926703,0.007185,0.002389,-0.016571,-1.680649,1.182483,-4.843221,-0.771999,0.087549,0.040781,-0.051856,-0.52979,0.24714,-0.811322,-0.395867,-0.918063,-0.021156,-0.750074,0.309967,0.584215,-4e-06,-3e-06,-1e-06,-6e-06,-1.1e-05,6e-06,0.515816
58,0.083232,0.021049,0.420419,-0.481099,0.272839,-0.833155,-0.457372,-0.888848,-0.027034,-0.747332,0.367711,0.553452,0.0,0.0,0.0,0.0,0.0,0.0,0.519446,-0.096188,-0.037794,0.390958,0.938606,0.132331,0.31859,-0.06248,0.973482,-0.219916,-0.34042,0.186318,0.921555,-0.000293,0.008079,-0.046485,0.103833,-0.045093,0.174363,-1.406236,0.031414,0.024934,-0.013511,-0.949398,-0.089479,0.301057,0.025506,-0.977357,-0.210052,0.313036,-0.191744,0.930184,0.00053,-0.000186,-0.017825,0.064805,0.008549,-0.011964,-0.770856,0.087553,0.040776,-0.051852,-0.529787,0.24715,-0.81132,-0.395891,-0.918053,-0.021149,-0.750063,0.30999,0.584217,-3e-06,-2e-06,-2e-06,-4e-06,-0.0,8e-06,0.515653
59,0.083247,0.021001,0.420461,-0.481153,0.272833,-0.833126,-0.457475,-0.888799,-0.026924,-0.747235,0.367835,0.553501,0.0,0.0,0.0,0.0,0.0,0.0,0.518831,-0.096174,-0.037559,0.389262,0.939501,0.134824,0.314883,-0.072576,0.976797,-0.201332,-0.335899,0.166105,0.927062,-0.000565,0.009397,-0.045511,0.09498,-0.022877,0.214965,-1.406162,0.031423,0.025042,-0.014367,-0.95025,-0.091937,0.29761,0.035044,-0.980937,-0.191137,0.30951,-0.171198,0.935358,-0.000235,0.004602,-0.022829,0.105216,-0.047921,0.208469,-0.775265,0.08756,0.040753,-0.051831,-0.529839,0.24714,-0.811289,-0.395992,-0.918012,-0.021035,-0.749973,0.31012,0.584265,-0.0,-2e-06,-1e-06,-3e-06,7e-06,1e-05,0.515
60,0.083281,0.02095,0.420512,-0.48117,0.272867,-0.833105,-0.457619,-0.888727,-0.026844,-0.747135,0.367984,0.553537,-0.000747,-0.009467,0.010008,-0.034876,0.017026,-0.016293,0.518178,-0.096155,-0.037416,0.387621,0.94013,0.142752,0.309465,-0.086411,0.978254,-0.188374,-0.330805,0.150152,0.931604,-0.000215,0.007737,-0.046978,-0.107694,-0.216488,0.42919,-1.405947,0.031432,0.025115,-0.015186,-0.951138,-0.100138,0.292073,0.048704,-0.982762,-0.17834,0.304897,-0.155401,0.93962,0.000731,-0.001124,-0.018711,-0.756233,-0.393412,0.338198,-0.770039,0.087577,0.040731,-0.05181,-0.529843,0.24718,-0.811274,-0.396126,-0.917956,-0.020974,-0.749899,0.310254,0.584288,2.1e-05,6.4e-05,3.2e-05,-0.0,7e-06,1e-05,0.514183
61,0.083315,0.020913,0.420536,-0.481157,0.272905,-0.8331,-0.457714,-0.888678,-0.026821,-0.747085,0.368072,0.553546,0.0,0.0,0.0,0.0,0.0,0.0,0.517516,-0.09618,-0.037679,0.386322,0.939984,0.149581,0.306672,-0.095926,0.97842,-0.182829,-0.328579,0.142227,0.933633,-0.011124,-0.014794,-0.028308,-0.007889,0.001169,-0.040725,-1.406389,0.031424,0.024992,-0.015842,-0.951307,-0.106573,0.289234,0.057739,-0.983329,-0.172417,0.302787,-0.147322,0.941602,0.001443,-0.005661,-0.013614,-0.108687,0.042995,-0.31428,-0.77053,0.087594,0.040708,-0.051794,-0.529847,0.247211,-0.811262,-0.396236,-0.917909,-0.020922,-0.749838,0.310367,0.584306,0.0,-4e-06,-4e-06,-3e-06,5e-06,4e-06,0.513856
62,0.083341,0.020899,0.420539,-0.481117,0.272945,-0.83311,-0.457759,-0.888654,-0.026853,-0.747084,0.368099,0.553529,0.0,0.0,0.0,0.0,0.0,0.0,0.517458,-0.096218,-0.037993,0.385834,0.940472,0.151067,0.304437,-0.099761,0.97906,-0.177265,-0.32602,0.136129,0.935437,0.004504,-0.021559,-0.017961,0.005651,-0.049761,0.13196,-1.405982,0.0314,0.024837,-0.016091,-0.951795,-0.10822,0.287009,0.0616,-0.984068,-0.166773,0.300485,-0.141054,0.943298,-0.005466,-0.007802,-0.014522,0.045632,-0.023032,0.097522,-0.771183,0.087607,0.040701,-0.051792,-0.52981,0.247255,-0.811273,-0.396283,-0.917888,-0.020952,-0.749839,0.310394,0.58429,0.006007,-0.001467,-0.000933,0.000992,-0.014707,0.029572,0.51353
63,0.083374,0.020854,0.420571,-0.481119,0.272977,-0.833098,-0.457867,-0.8886,-0.026805,-0.747016,0.368207,0.553549,0.0,0.0,0.0,0.0,0.0,0.0,0.517407,-0.096262,-0.03876,0.385058,0.94023,0.161125,0.299994,-0.114769,0.9794,-0.165944,-0.32173,0.12137,0.938947,-0.011531,-0.013147,-0.027132,0.038911,-0.036464,0.125518,-1.405835,0.031384,0.024447,-0.016479,-0.9519,-0.1183,0.282648,0.076351,-0.984942,-0.155108,0.296742,-0.126067,0.946599,0.002121,-0.010102,-0.008477,0.014173,-0.046435,0.131209,-0.771346,0.087624,0.040679,-0.051777,-0.529814,0.247286,-0.811261,-0.396393,-0.917842,-0.020899,-0.749778,0.310506,0.584308,2e-06,-1e-06,-3e-06,-6e-06,2e-05,1e-06,0.513203
64,0.083439,0.020818,0.420606,-0.481036,0.273085,-0.833111,-0.458024,-0.888518,-0.026849,-0.746974,0.368325,0.553528,7e-05,0.000216,0.000109,0.0,0.0,0.0,0.517392,-0.096263,-0.039281,0.384202,0.939837,0.167706,0.297609,-0.123753,0.979197,-0.160595,-0.319529,0.11387,0.940637,0.002292,-0.008783,-0.025412,-0.025413,-0.081407,0.170741,-1.405873,0.031379,0.024184,-0.016907,-0.951727,-0.124941,0.280364,0.085231,-0.985058,-0.149653,0.294873,-0.118533,0.948155,0.001155,-0.004369,-0.012684,-0.205397,-0.087992,0.027137,-0.77053,0.087656,0.040661,-0.051759,-0.529739,0.2474,-0.811275,-0.396557,-0.917771,-0.020936,-0.749745,0.310627,0.584287,3.6e-05,0.000107,5.2e-05,-2e-06,9e-06,6e-06,0.51304
65,0.083474,0.020795,0.420616,-0.480992,0.273135,-0.83312,-0.458091,-0.888482,-0.026875,-0.74696,0.368374,0.553513,1e-06,3e-06,1e-06,0.0,0.0,0.0,0.517323,-0.096281,-0.039405,0.383673,0.939325,0.169673,0.298112,-0.127803,0.979658,-0.154498,-0.319439,0.106788,0.941497,0.001908,-0.006944,-0.023901,-0.094949,0.115659,0.248789,-1.405591,0.03137,0.024119,-0.017161,-0.951466,-0.127187,0.280241,0.089368,-0.985552,-0.143872,0.294492,-0.111845,0.949086,0.000896,-0.003125,-0.01166,-0.903727,-0.054587,0.515568,-0.771509,0.087674,0.04065,-0.051754,-0.5297,0.247453,-0.811285,-0.396628,-0.917739,-0.020959,-0.749735,0.310676,0.584273,-3e-06,-9e-06,-6e-06,-5e-06,1e-06,3e-06,0.51304
66,0.083531,0.020729,0.420647,-0.48097,0.273192,-0.833114,-0.458235,-0.888409,-0.026842,-0.746887,0.368507,0.553524,0.01198,-0.003034,-0.001911,0.000984,-0.014715,0.029553,0.517508,-0.09633,-0.039351,0.382659,0.936797,0.183416,0.297927,-0.147109,0.97915,-0.139852,-0.31854,0.086933,0.943842,-0.014796,0.004477,-0.030401,-0.243137,0.553089,-0.327638,-1.405838,0.031352,0.02414,-0.01768,-0.949978,-0.140674,0.27884,0.108049,-0.985717,-0.129178,0.29303,-0.092588,0.951609,-0.000426,0.004335,-0.014348,-0.591954,0.678698,-1.17445,-0.773142,0.087698,0.040618,-0.051738,-0.529698,0.247495,-0.811273,-0.396764,-0.917682,-0.020902,-0.749665,0.310813,0.584291,-2e-05,-7e-05,-3.8e-05,-4e-06,-1e-06,-1e-06,0.51304
67,0.083585,0.020688,0.42068,-0.480919,0.27327,-0.833117,-0.458373,-0.888338,-0.026849,-0.746835,0.368622,0.553518,5.9e-05,0.000183,9.2e-05,0.0,0.0,0.0,0.516805,-0.096406,-0.038957,0.381496,0.93517,0.185011,0.302025,-0.151837,0.979826,-0.129692,-0.321097,0.075171,0.943986,-0.001121,0.009832,-0.027735,-0.205051,0.547194,0.260697,-1.40588,0.031309,0.02434,-0.018272,-0.948339,-0.142803,0.2833,0.113026,-0.986453,-0.118891,0.296441,-0.080729,0.951632,-0.000572,0.005065,-0.013737,-0.181519,0.493402,0.247522,-0.774285,0.087729,0.040596,-0.051722,-0.529636,0.247593,-0.811284,-0.396918,-0.917615,-0.020921,-0.749627,0.310933,0.584276,0.006046,-0.001344,-0.000871,0.000986,-0.014721,0.029557,0.512713
68,0.083621,0.020651,0.420715,-0.480906,0.273316,-0.83311,-0.458491,-0.888278,-0.026818,-0.746771,0.368731,0.553531,1e-06,2e-06,1e-06,0.0,0.0,0.0,0.516872,-0.096602,-0.038561,0.380309,0.933031,0.187423,0.307113,-0.156503,0.980048,-0.122256,-0.325067,0.065748,0.94333,-0.016532,0.014984,-0.03954,0.007279,0.135256,0.237507,-1.405959,0.031215,0.024539,-0.018846,-0.945904,-0.144788,0.290345,0.117168,-0.98695,-0.110452,0.302548,-0.070458,0.950526,-0.000319,0.003842,-0.014796,-0.121535,0.216708,-0.014917,-0.772489,0.087747,0.040578,-0.051704,-0.529626,0.24764,-0.811276,-0.397038,-0.917564,-0.020886,-0.74957,0.311046,0.584288,-3e-06,-9e-06,-7e-06,-3e-06,3e-06,1e-06,0.512387
69,0.08363,0.020627,0.420747,-0.480933,0.273322,-0.833092,-0.458564,-0.888242,-0.026756,-0.746709,0.368814,0.55356,1.2e-05,3.6e-05,1.8e-05,0.0,0.0,0.0,0.51662,-0.096694,-0.038395,0.379675,0.931034,0.192869,0.309787,-0.164458,0.979594,-0.115249,-0.326859,0.05609,0.943335,-0.000699,0.00779,-0.029528,-0.178724,0.316052,-0.347999,-1.405716,0.031164,0.024618,-0.019152,-0.944616,-0.148864,0.292471,0.123477,-0.986931,-0.103535,0.304062,-0.061688,0.950652,-0.007464,0.00214,-0.0153,-1.783607,1.01521,-4.907052,-0.771836,0.087751,0.040566,-0.051688,-0.529652,0.247643,-0.811258,-0.397111,-0.917533,-0.02082,-0.749513,0.311132,0.584316,3e-06,1.3e-05,5e-06,-3e-06,1e-06,0.0,0.512387
70,0.083651,0.020556,0.42081,-0.481014,0.273313,-0.833049,-0.458718,-0.888168,-0.02659,-0.746562,0.368999,0.553634,0.0,0.0,0.0,0.0,0.0,0.0,0.516823,-0.096896,-0.037909,0.378467,0.929266,0.199341,0.310998,-0.178925,0.979443,-0.092797,-0.324266,0.030317,0.945408,-0.001472,0.011515,-0.026337,-2.467909,-0.985074,0.844585,-1.405833,0.031064,0.024865,-0.019786,-0.942638,-0.156884,0.294653,0.138826,-0.986967,-0.081374,0.30358,-0.0358,0.952132,-0.00075,0.005921,-0.013071,-2.459,-0.971529,0.845564,-0.778041,0.087762,0.04053,-0.051657,-0.529731,0.247629,-0.811211,-0.397263,-0.917472,-0.020648,-0.749377,0.311327,0.584387,-3e-06,-5e-06,-5e-06,-5e-06,-1.1e-05,-6e-06,0.51206
71,0.083685,0.020491,0.420876,-0.481062,0.273334,-0.833014,-0.45889,-0.888083,-0.026461,-0.746426,0.369187,0.553692,0.000132,0.000412,0.000207,0.0,0.0,0.0,0.516799,-0.097169,-0.036759,0.376997,0.926657,0.200572,0.317912,-0.186778,0.979632,-0.073267,-0.327292,0.008243,0.944815,-0.005906,0.037338,-0.040298,-0.021184,0.348488,0.454727,-1.40613,0.03093,0.02542,-0.020511,-0.940436,-0.15844,0.300792,0.146793,-0.987278,-0.061091,0.306645,-0.013298,0.95173,-0.002972,0.018879,-0.019962,-0.069019,0.44243,0.68886,-0.780653,0.087778,0.040497,-0.051624,-0.529778,0.247647,-0.811175,-0.397436,-0.9174,-0.020511,-0.749252,0.311524,0.584442,8.6e-05,0.000268,0.000134,1e-06,-2e-06,-2e-06,0.511734
72,0.0837,0.02045,0.420911,-0.481101,0.273334,-0.832992,-0.458978,-0.88804,-0.026375,-0.746347,0.369291,0.55373,0.012022,-0.002911,-0.001849,0.000984,-0.014715,0.029553,0.516764,-0.097338,-0.035907,0.376147,0.924414,0.20349,0.322554,-0.19412,0.979048,-0.060964,-0.329358,-0.006534,0.94411,-0.007887,0.04912,-0.048237,-1.86182,0.886631,-4.649465,-1.406027,0.030846,0.025843,-0.020932,-0.939585,-0.15627,0.304564,0.14833,-0.987713,-0.049188,0.308509,-0.001041,0.95122,-0.004004,0.024964,-0.023761,-0.080877,0.511426,0.785976,-0.779184,0.087782,0.040478,-0.051606,-0.529833,0.247627,-0.811145,-0.397513,-0.917369,-0.020404,-0.749172,0.31163,0.584488,-0.000386,-0.00478,0.004983,-0.034897,0.016949,-0.016332,0.51157
73,0.083697,0.020394,0.420982,-0.481221,0.273293,-0.832935,-0.45911,-0.887978,-0.02617,-0.746188,0.36947,0.553825,3e-06,1e-05,5e-06,0.0,0.0,0.0,0.516757,-0.097623,-0.033875,0.374361,0.922815,0.202381,0.327789,-0.201225,0.978794,-0.037466,-0.329575,-0.031658,0.943526,-0.008675,0.052914,-0.044917,0.06452,0.139955,0.385799,-1.4061,0.030703,0.02686,-0.021824,-0.936559,-0.15974,0.311993,0.160205,-0.986784,-0.02432,0.311755,0.027206,0.949772,-0.00427,0.026287,-0.022597,0.054136,0.049805,0.449188,-0.777224,0.087785,0.040453,-0.051575,-0.529917,0.247602,-0.811098,-0.397639,-0.917318,-0.020237,-0.749046,0.3118,0.584559,-2e-06,-4e-06,-2e-06,1e-06,2e-06,-4e-06,0.511407
74,0.083695,0.020344,0.421045,-0.481327,0.273259,-0.832886,-0.459227,-0.887922,-0.02599,-0.746047,0.369629,0.553908,2e-06,5e-06,3e-06,0.0,0.0,0.0,0.51687,-0.097855,-0.031844,0.372638,0.921937,0.200706,0.331271,-0.204164,0.9786,-0.024361,-0.330225,-0.045444,0.942735,0.005591,0.055039,-0.044927,0.131994,0.005955,0.376503,-1.40559,0.030581,0.027881,-0.022681,-0.935737,-0.158007,0.315325,0.162793,-0.986595,-0.011282,0.31288,0.040776,0.948916,-0.004331,0.026567,-0.022335,0.150456,-0.036593,0.371812,-0.78147,0.087784,0.040424,-0.051539,-0.530032,0.247552,-0.811037,-0.397766,-0.917267,-0.020027,-0.748896,0.311989,0.584649,-4e-06,-8e-06,-4e-06,6e-06,2e-06,2e-06,0.511244
75,0.083689,0.020301,0.421079,-0.479515,0.274782,-0.833429,-0.459225,-0.887844,-0.028571,-0.747216,0.368684,0.552961,-0.000183,-0.00057,-0.000287,0.0,-0.0,0.0,0.517189,-0.098051,-0.029964,0.371055,0.923157,0.190528,0.333872,-0.198868,0.979951,-0.009007,-0.33005,-0.058339,0.942087,-0.006885,0.042004,-0.03614,-0.118725,0.483809,0.530139,-1.405419,0.030484,0.028843,-0.023487,-0.937185,-0.148533,0.315628,0.157395,-0.987532,0.002622,0.311304,0.052135,0.948879,-0.003409,0.020985,-0.018079,-0.078896,0.433511,0.515438,-0.778041,0.087781,0.040403,-0.051522,-0.528349,0.249204,-0.81163,-0.397865,-0.917165,-0.022609,-0.750033,0.310974,0.583733,-0.000122,-0.000383,-0.000193,-0.000253,0.000176,-0.000347,0.51157
76,0.083686,0.020286,0.421083,-0.479546,0.274761,-0.833419,-0.45923,-0.887843,-0.028529,-0.747193,0.368703,0.55298,-9.8e-05,-0.000306,-0.000154,0.0,-0.0,0.0,0.517879,-0.098106,-0.029157,0.370358,0.923965,0.183009,0.335838,-0.192519,0.981248,-0.004709,-0.331559,-0.060552,0.941417,-0.006582,0.040524,-0.037395,0.022461,0.181591,0.39472,-1.405602,0.030459,0.029234,-0.023819,-0.937259,-0.14051,0.319063,0.15082,-0.98853,0.007706,0.314321,0.055344,0.947701,0.004581,0.016715,-0.013655,-0.043113,0.244646,0.428097,-0.777551,0.08778,0.040395,-0.051521,-0.52838,0.249179,-0.811617,-0.397868,-0.917164,-0.022563,-0.75001,0.310995,0.583752,-6.2e-05,-0.000191,-9.5e-05,-3.4e-05,2.9e-05,-4.5e-05,0.512387
77,0.083721,0.020277,0.421066,-0.479472,0.274815,-0.833443,-0.459247,-0.887831,-0.028611,-0.74723,0.368691,0.552938,-1e-06,-2e-06,-1e-06,0.0,0.0,0.0,0.517107,-0.098136,-0.027987,0.369083,0.923533,0.174383,0.341567,-0.184411,0.982811,-0.002815,-0.337343,-0.060625,0.939355,0.01032,0.02749,-0.032402,-0.025782,0.261722,0.195665,-1.404677,0.030437,0.029829,-0.024455,-0.936744,-0.131867,0.324223,0.142485,-0.989754,0.009118,0.319699,0.054738,0.945936,-0.001891,0.012525,-0.016309,-0.09489,0.392864,0.231791,-0.777551,0.087797,0.04039,-0.051529,-0.528311,0.249238,-0.811644,-0.39789,-0.917153,-0.022645,-0.750046,0.310982,0.583712,3e-06,1.3e-05,5e-06,-1e-06,-2.1e-05,-1.2e-05,0.512713
78,0.083754,0.020253,0.421064,-0.479429,0.274857,-0.833455,-0.459293,-0.887807,-0.028645,-0.74723,0.368719,0.55292,-2e-06,-7e-06,-4e-06,0.0,0.0,0.0,0.514472,-0.097902,-0.027,0.367824,0.926359,0.130223,0.353402,-0.137303,0.990484,-0.004744,-0.351816,-0.044309,0.934947,-0.003976,0.025717,-0.03203,1.757144,0.596427,5.495889,-1.404125,0.030559,0.030324,-0.025103,-0.938086,-0.089687,0.334588,0.097102,-0.995259,0.005463,0.332512,0.037614,0.942348,-0.002119,0.012954,-0.015901,1.77221,0.544781,5.490733,-0.774775,0.087813,0.040378,-0.05153,-0.528272,0.249282,-0.811656,-0.397938,-0.917131,-0.022676,-0.750049,0.31101,0.583694,2e-06,8e-06,4e-06,0.0,-7e-06,-7e-06,0.511734
79,0.083764,0.020244,0.421081,-0.479425,0.274875,-0.833451,-0.459339,-0.887783,-0.028632,-0.747203,0.368762,0.552926,5.9e-05,0.000183,9.2e-05,0.0,0.0,0.0,0.512777,-0.097863,-0.026495,0.367336,0.924578,0.104062,0.366495,-0.104672,0.994312,-0.017947,-0.367435,-0.021917,0.929718,-0.003167,0.019597,-0.01923,2.337725,1.721663,-0.203543,-1.404239,0.030581,0.030564,-0.025345,-0.935647,-0.06073,0.34767,0.062953,-0.998004,-0.00491,0.347274,0.017293,0.937603,-0.001598,0.009951,-0.009481,0.587682,0.316995,1.772845,-0.773795,0.087818,0.040374,-0.051522,-0.528269,0.2493,-0.811652,-0.397985,-0.917111,-0.022661,-0.750025,0.311055,0.5837,3.7e-05,0.000121,6.1e-05,-8e-06,-1.3e-05,-1.8e-05,0.510264
80,0.083729,0.020204,0.421173,-0.479605,0.274794,-0.833374,-0.459462,-0.887728,-0.028361,-0.747013,0.368954,0.553056,-0.000659,-0.009216,0.010146,-0.034903,0.016932,-0.016333,0.513468,-0.097923,-0.025976,0.366791,0.913829,0.056827,0.402092,-0.034981,0.99748,-0.061186,-0.4057,0.041756,0.912977,-0.001074,0.007369,-0.011709,0.793616,0.527681,0.699519,-1.403446,0.030549,0.030833,-0.025609,-0.923776,-0.015499,0.382619,-0.004145,-0.998717,-0.050465,0.38291,-0.048205,0.922526,-0.0007,0.003937,-0.005584,2.211858,0.192965,5.393735,-0.775591,0.087801,0.040357,-0.051479,-0.528425,0.249215,-0.811577,-0.398088,-0.917072,-0.022411,-0.749861,0.311237,0.583814,-0.005939,0.00169,0.001041,-0.000987,0.014718,-0.029562,0.508304
81,0.083671,0.020129,0.421359,-0.47993,0.274664,-0.833229,-0.459726,-0.887608,-0.027856,-0.746642,0.369341,0.553299,0.000348,0.001086,0.000547,0.0,0.0,0.0,0.513256,-0.097448,-0.025503,0.366207,0.901744,0.01327,0.432056,0.037362,0.993391,-0.108223,-0.431766,0.113694,0.894715,0.025837,0.020875,-0.021905,1.289366,0.4904,2.033288,-1.403224,0.030776,0.031068,-0.025901,-0.910563,0.026934,0.41249,-0.075277,-0.991993,-0.1014,0.406457,-0.123382,0.9053,0.005836,0.009479,-0.010904,4.546917,1.28186,4.876995,-0.776081,0.087772,0.040316,-0.051383,-0.528749,0.249054,-0.811415,-0.398355,-0.91697,-0.02187,-0.749491,0.311668,0.584059,-0.000167,-0.004099,0.005329,-0.034901,0.016926,-0.016338,0.508141
82,0.083625,0.020011,0.421623,-0.480327,0.274538,-0.833042,-0.460149,-0.887409,-0.0272,-0.746125,0.369913,0.553614,-0.011947,-0.004006,0.013158,-0.035893,0.03163,-0.045892,0.511288,-0.09677,-0.024887,0.365593,0.885066,-0.030631,0.464449,0.110431,0.983164,-0.145352,-0.453285,0.179951,0.872934,0.000305,-0.001425,-0.001234,2.408634,1.82795,-0.206056,-1.403234,0.031126,0.031378,-0.026221,-0.891721,0.072968,0.446662,-0.149509,-0.979005,-0.138548,0.427175,-0.190327,0.883909,0.00016,-0.000639,-0.000618,2.405135,1.794746,-0.204031,-0.777224,0.087753,0.040257,-0.051257,-0.529097,0.248923,-0.811228,-0.398764,-0.916807,-0.02124,-0.749027,0.312251,0.584342,0.000493,0.001546,0.000779,0.00149,-0.010795,0.026671,0.506508
83,0.083612,0.019946,0.421769,-0.480514,0.274496,-0.832948,-0.4604,-0.887288,-0.026871,-0.74585,0.370231,0.553772,0.000842,0.002622,0.001319,0.0,0.0,0.0,0.511309,-0.096583,-0.024765,0.365495,0.871849,-0.05018,0.487189,0.147516,0.975455,-0.163281,-0.468129,0.214264,0.85721,0.01419,0.002125,-7e-05,3.037325,0.261744,4.426039,-1.402868,0.031215,0.031438,-0.026271,-0.879262,0.087033,0.468318,-0.180259,-0.970844,-0.158011,0.440912,-0.223351,0.869315,-0.000768,0.004715,-0.005,1.759035,2.524824,-0.730999,-0.777551,0.087742,0.040223,-0.051179,-0.529309,0.248844,-0.811115,-0.399012,-0.916708,-0.020856,-0.748746,0.312605,0.584514,0.000442,0.001386,0.000696,-5e-06,9e-06,-7e-06,0.505529
84,0.083625,0.019816,0.422058,-0.4808,0.27449,-0.832786,-0.46095,-0.88702,-0.026304,-0.745326,0.370879,0.554044,0.000747,0.002328,0.00117,0.0,0.0,0.0,0.511797,-0.096132,-0.024607,0.365501,0.837457,-0.089643,0.539092,0.227436,0.954149,-0.194438,-0.497993,0.28553,0.818742,0.027702,0.007383,0.002564,2.686703,0.310023,4.086779,-1.402494,0.031436,0.031514,-0.02627,-0.84451,0.125957,0.520516,-0.259161,-0.94668,-0.191393,0.468655,-0.296531,0.832124,0.006925,0.001811,0.000614,0.186748,1.929301,-0.745178,-0.778694,0.087749,0.04016,-0.051033,-0.529587,0.248816,-0.810942,-0.399558,-0.916483,-0.020267,-0.748258,0.313285,0.584774,0.000378,0.001188,0.000597,-3e-06,1.4e-05,-8e-06,0.505365
85,0.083638,0.019735,0.422273,-0.480979,0.274509,-0.832675,-0.46136,-0.886818,-0.025926,-0.744956,0.371347,0.554228,0.000927,0.002889,0.00145,0.001506,-0.010751,0.026696,0.51373,-0.095206,-0.024308,0.365561,0.787457,-0.147921,0.59835,0.334402,0.918021,-0.212949,-0.518784,0.367937,0.771588,0.02752,0.00815,0.00321,2.913561,0.84979,4.225661,-1.40272,0.031898,0.031664,-0.026239,-0.794576,0.182938,0.578948,-0.364076,-0.90664,-0.213193,0.485896,-0.38018,0.786998,0.00685,0.002214,0.000947,0.586304,1.760626,0.590106,-0.777388,0.087755,0.040117,-0.050927,-0.529777,0.248807,-0.81082,-0.399957,-0.916318,-0.019855,-0.74791,0.313774,0.584957,-0.000125,-0.003961,0.005403,-0.034918,0.016872,-0.016361,0.506182
86,0.083627,0.019713,0.422362,-0.481076,0.274496,-0.832624,-0.461506,-0.886747,-0.025752,-0.744803,0.371526,0.554313,0.000588,0.001833,0.00092,0.0,0.0,0.0,0.516791,-0.094866,-0.024201,0.365605,0.754105,-0.175797,0.632782,0.396748,0.889777,-0.22544,-0.524348,0.421254,0.739911,0.013476,0.005354,0.002708,4.483326,1.132411,4.255682,-1.4028,0.032073,0.03172,-0.026216,-0.760647,0.209945,0.614278,-0.424345,-0.876907,-0.225752,0.491269,-0.432384,0.756107,0.006917,0.002283,0.000749,5.16043,2.088792,2.483011,-0.77951,0.08775,0.040108,-0.050881,-0.529857,0.248803,-0.81077,-0.400111,-0.916255,-0.019692,-0.747772,0.313964,0.585032,0.000349,0.001102,0.000553,3e-06,-9e-06,-4e-06,0.508141
87,0.083597,0.01975,0.422549,-0.481278,0.274444,-0.832524,-0.461728,-0.886641,-0.025424,-0.744535,0.371818,0.554478,0.001114,0.003472,0.001739,0.0,0.0,0.0,0.521353,-0.094477,-0.023975,0.365755,0.687603,-0.189748,0.700849,0.478606,0.844324,-0.240804,-0.546913,0.501217,0.67047,0.012725,0.008703,0.005596,0.776747,2.179504,0.8114,-1.402545,0.032269,0.031827,-0.026146,-0.694097,0.225787,0.683555,-0.508771,-0.825629,-0.243902,0.509293,-0.517065,0.687941,0.006348,0.004399,0.00278,4.36108,0.815803,4.148067,-0.782123,0.087734,0.040126,-0.050788,-0.53005,0.248736,-0.810664,-0.400327,-0.916167,-0.019355,-0.747518,0.314272,0.58519,0.000577,0.001813,0.000909,-4e-06,-5e-06,-1.6e-05,0.514183
88,0.083518,0.019846,0.422645,-0.481362,0.274424,-0.832483,-0.461776,-0.886619,-0.025324,-0.744452,0.371884,0.554545,-0.011519,0.004461,0.002625,-0.000984,0.014715,-0.029553,0.521922,-0.093969,-0.023442,0.366105,0.622341,-0.21106,0.753748,0.552021,0.80106,-0.231322,-0.555755,0.560281,0.614073,0.011453,0.014278,0.010374,0.656152,1.748047,0.373016,-1.402906,0.032514,0.032084,-0.025978,-0.628997,0.243206,0.738384,-0.578329,-0.78111,-0.235375,0.519515,-0.57508,0.631969,0.005768,0.006979,0.005036,-1.879286,0.978659,0.974719,-0.784246,0.0877,0.040175,-0.05074,-0.530114,0.248727,-0.810625,-0.400383,-0.916144,-0.019271,-0.747443,0.314344,0.585247,0.000337,0.001054,0.000529,4e-06,0.0,2e-06,0.517122
89,0.083425,0.019899,0.422653,-0.479968,0.272336,-0.833972,-0.461502,-0.886797,-0.024045,-0.745521,0.372995,0.552359,-0.01177,0.003674,0.002231,-0.003283,0.001768,-0.034625,0.522576,-0.093657,-0.023168,0.366292,0.59308,-0.215069,0.775882,0.580739,0.781737,-0.227073,-0.558443,0.585497,0.587535,0.011664,0.013241,0.009462,4.021506,0.795461,2.62059,-1.402448,0.032679,0.032233,-0.025876,-0.599249,0.245336,0.762043,-0.605739,-0.761321,-0.231234,0.52343,-0.600166,0.604831,0.005747,0.006875,0.004958,-0.034481,2.170008,-0.557116,-0.783756,0.087654,0.040203,-0.050735,-0.528464,0.246571,-0.812359,-0.400044,-0.91632,-0.017885,-0.748792,0.315528,0.582882,0.000122,0.000381,0.000192,0.004153,0.014533,0.004531,0.518102
90,0.083131,0.019947,0.422698,-0.477263,0.271314,-0.835855,-0.460912,-0.887082,-0.02483,-0.747621,0.373063,0.549466,-0.012149,0.002501,0.001644,-0.005415,-0.010087,-0.039266,0.522864,-0.092966,-0.022632,0.366644,0.538849,-0.216135,0.814198,0.630455,0.744509,-0.219468,-0.559419,0.631816,0.536397,0.011974,0.01169,0.008099,1.133343,1.415754,0.289034,-1.402586,0.033023,0.032505,-0.025695,-0.544733,0.24669,0.801504,-0.657016,-0.719489,-0.225087,0.521147,-0.649213,0.554009,0.012985,0.007311,0.004216,4.288314,0.937456,2.452626,-0.783429,0.087507,0.040227,-0.050713,-0.525739,0.24573,-0.814379,-0.399465,-0.916557,-0.018678,-0.751016,0.315497,0.580031,-0.006125,0.001098,0.000749,0.000224,0.013416,-0.031616,0.519735
91,0.082828,0.020058,0.422708,-0.482504,0.257499,-0.837215,-0.439214,-0.898068,-0.023151,-0.757244,0.356221,0.547463,-0.012005,0.002944,0.001866,-0.001062,0.014282,-0.029723,0.52312,-0.09185,-0.021943,0.366985,0.482296,-0.232937,0.844466,0.687061,0.698611,-0.199558,-0.544075,0.676707,0.495898,0.039449,0.019085,0.010547,3.069894,-0.623306,4.402666,-1.402157,0.033572,0.032845,-0.025528,-0.490341,0.256993,0.832777,-0.70876,-0.673642,-0.209435,0.507171,-0.692935,0.512462,0.012676,0.008373,0.005221,-0.072942,1.845494,-0.220406,-0.784246,0.08735,0.040281,-0.050708,-0.530258,0.23169,-0.815564,-0.37693,-0.926066,-0.018012,-0.75944,0.29786,0.578384,-0.006001,0.001467,0.000938,-2.9e-05,0.023151,-0.026497,0.521041
92,0.082546,0.020212,0.422729,-0.485947,0.25135,-0.837092,-0.428172,-0.903395,-0.02276,-0.761347,0.347042,0.547667,-0.011366,0.004909,0.002848,-0.000984,0.014714,-0.029553,0.523328,-0.09066,-0.021317,0.367382,0.40735,-0.261466,0.875039,0.754721,0.635881,-0.161203,-0.514784,0.726372,0.455241,0.025787,0.014654,0.008636,1.459759,1.518736,1.329052,-1.402333,0.034171,0.033163,-0.025325,-0.415051,0.287425,0.863202,-0.776851,-0.605787,-0.171819,0.473532,-0.741894,0.474719,0.019827,0.008822,0.004527,5.128539,0.643353,3.020668,-0.785552,0.087213,0.040353,-0.050701,-0.533301,0.225371,-0.81535,-0.365545,-0.930616,-0.018138,-0.762867,0.288374,0.578682,0.000383,0.001176,0.000594,0.000622,-0.010518,0.027092,0.522184
93,0.082382,0.020269,0.422774,-0.48636,0.250976,-0.836965,-0.427958,-0.903508,-0.022307,-0.761204,0.347019,0.54788,-0.011765,0.003676,0.002231,-0.000984,0.014715,-0.029553,0.523695,-0.090122,-0.021111,0.367613,0.376829,-0.255869,0.890238,0.772357,0.617321,-0.149374,-0.511817,0.744159,0.429108,0.025851,0.014265,0.008286,0.357318,1.545612,0.829995,-1.40244,0.03444,0.033265,-0.02521,-0.383994,0.280443,0.879715,-0.794832,-0.585255,-0.16037,0.469883,-0.760807,0.44764,0.013796,0.002103,0.008783,1.355403,1.659252,1.434302,-0.785715,0.087132,0.040386,-0.050676,-0.53368,0.224977,-0.815212,-0.365322,-0.930712,-0.017693,-0.762709,0.288372,0.578892,-0.005861,0.001902,0.001154,-0.001644,0.014734,-0.029119,0.522511
94,0.082055,0.020332,0.422894,-0.486966,0.250497,-0.836756,-0.427774,-0.903611,-0.021623,-0.760919,0.347096,0.548227,-0.011917,0.003203,0.001995,-0.000984,0.014715,-0.029553,0.523399,-0.089083,-0.020804,0.36818,0.310615,-0.239365,0.919899,0.802564,0.58457,-0.118761,-0.509709,0.775434,0.372507,0.027435,0.004675,0.018015,-0.079602,1.592834,0.815753,-1.402249,0.034949,0.033419,-0.024939,-0.320078,0.261852,0.910485,-0.824219,-0.550829,-0.131335,0.467132,-0.792476,0.392132,0.012861,0.007288,0.004235,0.374149,1.503399,0.99513,-0.786042,0.086969,0.040418,-0.050615,-0.534238,0.224468,-0.814986,-0.365129,-0.9308,-0.017018,-0.76241,0.288484,0.579229,-0.000351,-0.004645,0.005069,-0.03533,0.017001,-0.015991,0.522837
95,0.081814,0.020392,0.422944,-0.487449,0.250068,-0.836603,-0.42752,-0.903744,-0.021104,-0.760752,0.347061,0.548481,0.0,1e-06,0.0,-0.0,-0.0,-0.0,0.5227,-0.088003,-0.020523,0.368879,0.254387,-0.233244,0.93855,0.828203,0.553609,-0.086775,-0.499671,0.799644,0.332807,0.026814,0.007069,0.019997,-0.047457,0.968459,0.531814,-1.402611,0.035501,0.033557,-0.024586,-0.262261,0.252149,0.931471,-0.849455,-0.518316,-0.098861,0.45787,-0.817171,0.350123,0.020288,0.005243,0.010466,0.030655,1.258811,0.541938,-0.787838,0.086843,0.040449,-0.05059,-0.534697,0.223997,-0.814814,-0.364852,-0.930918,-0.016492,-0.76222,0.288469,0.579486,-7e-06,-2.3e-05,-9e-06,-0.000297,-5e-06,0.000216,0.522348
96,0.081745,0.020386,0.422954,-0.487517,0.250023,-0.836577,-0.427506,-0.903752,-0.021032,-0.760716,0.347072,0.548524,-0.000947,-0.010032,0.009754,-0.034881,0.017032,-0.016277,0.522521,-0.087369,-0.020345,0.369273,0.227738,-0.231543,0.945788,0.839902,0.538093,-0.070387,-0.492912,0.810656,0.315811,0.040654,0.010073,0.020583,-0.090856,1.071452,0.623987,-1.402375,0.035812,0.033647,-0.024388,-0.236999,0.250148,0.938752,-0.860687,-0.502246,-0.083457,0.450609,-0.827752,0.334331,0.013307,0.003866,0.010247,-0.088631,1.194089,0.703791,-0.783103,0.086809,0.040446,-0.050585,-0.53476,0.223951,-0.814786,-0.364841,-0.930924,-0.01642,-0.762182,0.288487,0.579527,-0.000484,-0.005052,0.004862,-0.035124,0.017027,-0.016099,0.521531
97,0.081667,0.020335,0.422975,-0.485921,0.25145,-0.837077,-0.427397,-0.903745,-0.023436,-0.761799,0.346058,0.547662,-0.000305,-0.000931,-0.000466,0.0,-0.0,0.0,0.521424,-0.086143,-0.020079,0.370149,0.185386,-0.219858,0.95775,0.860776,0.506433,-0.05024,-0.474226,0.833965,0.281913,0.026726,0.007084,0.01993,5.191184,0.802132,2.119854,-1.402836,0.036419,0.033783,-0.023959,-0.197742,0.236334,0.951337,-0.877735,-0.474784,-0.064496,0.436438,-0.847776,0.301324,0.014126,-0.001005,0.015041,-0.118212,0.755239,0.42441,-0.786205,0.08677,0.04042,-0.050574,-0.533268,0.22551,-0.815334,-0.36483,-0.930882,-0.018852,-0.763232,0.287405,0.578683,-0.006191,0.000901,0.000648,-0.002769,0.015898,-0.031669,0.520551
98,0.08161,0.020327,0.422995,-0.480199,0.256578,-0.838821,-0.427354,-0.90351,-0.031781,-0.765446,0.342888,0.544561,0.000489,0.001494,0.000747,0.002555,-0.011524,0.028242,0.506501,-0.08532,-0.02007,0.371257,0.151531,-0.212582,0.965318,0.867456,0.496732,-0.02666,-0.47403,0.841645,0.258446,0.013593,-0.001848,0.032118,-0.122728,0.791337,0.4099,-1.402183,0.036848,0.033785,-0.023403,-0.162177,0.228252,0.959999,-0.887303,-0.459389,-0.040671,0.43173,-0.858407,0.277031,0.006797,-0.000988,0.015994,-0.130029,0.858856,0.414934,-0.786858,0.08674,0.04041,-0.050567,-0.527952,0.231066,-0.817235,-0.365108,-0.930565,-0.027242,-0.766786,0.283997,0.575658,-0.00599,0.001511,0.000954,-0.003399,0.016256,-0.032258,0.511897
99,0.081571,0.020279,0.423072,-0.465721,0.269723,-0.842851,-0.427747,-0.902358,-0.052475,-0.774134,0.335748,0.536671,1.4e-05,4.3e-05,2.1e-05,0.03811,-0.029213,0.05706,0.486822,-0.084599,-0.019727,0.372482,0.140774,-0.223248,0.964539,0.867241,0.497696,-0.01126,-0.477712,0.83832,0.262442,0.011771,0.005181,0.037873,-0.067472,-0.302602,-0.002794,-1.40286,0.037211,0.033948,-0.022797,-0.149188,0.236939,0.96,-0.887503,-0.460155,-0.02435,0.43598,-0.855637,0.278935,0.011737,0.009691,0.015,-0.061706,-0.586267,0.165785,-0.785879,0.086722,0.040392,-0.050526,-0.514561,0.245233,-0.821637,-0.366358,-0.929239,-0.047913,-0.775247,0.276359,0.567993,-0.00038,-0.004724,0.005025,0.107188,-0.157671,0.364692,0.486097
100,0.081557,0.020196,0.423175,-0.460445,0.27475,-0.844125,-0.428672,-0.901473,-0.059651,-0.776779,0.334039,0.533909,-0.000656,-0.00914,0.010204,-0.023287,-0.057723,0.169584,0.482393,-0.084206,-0.019304,0.37307,0.15289,-0.235943,0.95966,0.866975,0.498044,-0.015555,-0.474476,0.834643,0.279478,0.034762,0.035096,0.023337,0.085377,-1.096519,-0.281147,-1.402987,0.037399,0.034146,-0.0225,-0.159534,0.249081,0.955252,-0.887199,-0.460529,-0.028086,0.432926,-0.85198,0.294455,0.011254,0.011449,0.016411,0.06751,-1.332511,-0.446317,-0.788165,0.086715,0.040353,-0.050479,-0.509766,0.250529,-0.823026,-0.367532,-0.928385,-0.054958,-0.777854,0.274473,0.565337,7e-05,0.000223,0.000114,-0.003342,0.002194,-0.004083,0.476626
101,0.081525,0.019967,0.42346,-0.458011,0.277595,-0.844519,-0.430869,-0.900245,-0.0623,-0.777005,0.334992,0.532982,-0.000558,-0.008842,0.010357,-0.034888,0.017012,-0.016283,0.475231,-0.0832,-0.018243,0.374211,0.195616,-0.282959,0.938968,0.86569,0.499635,-0.029662,-0.460997,0.81898,0.341492,0.022484,0.022492,0.032295,0.147142,-2.142053,-0.583226,-1.40344,0.037904,0.03469,-0.021925,-0.199202,0.297198,0.933804,-0.885784,-0.462205,-0.041854,0.41917,-0.835487,0.355326,0.01721,0.017726,0.011686,0.142101,-1.704655,-0.556445,-0.791757,0.086699,0.040239,-0.050336,-0.507523,0.253585,-0.823477,-0.369979,-0.927257,-0.057519,-0.778161,0.275477,0.564426,-0.000255,-0.004336,0.00522,-0.024405,-0.056713,0.167985,0.46193
102,0.081454,0.019741,0.42386,-0.458999,0.277006,-0.844176,-0.431389,-0.900095,-0.060861,-0.776132,0.335883,0.533693,0.000204,-0.00652,0.011522,-0.033345,0.00633,0.01044,0.47229,-0.082537,-0.017227,0.375129,0.261993,-0.328263,0.907522,0.847599,0.527857,-0.053634,-0.461767,0.783648,0.415368,0.009502,0.01614,0.028803,0.126212,-2.205389,-0.660138,-1.403225,0.038238,0.035208,-0.021459,-0.263982,0.345959,0.900347,-0.868393,-0.491496,-0.065755,0.419769,-0.799213,0.430174,0.010824,0.014063,0.009552,0.03604,-1.931728,-0.763405,-0.794207,0.086662,0.040122,-0.050138,-0.508468,0.25291,-0.8231,-0.370446,-0.927161,-0.056042,-0.777321,0.276419,0.565122,-9.8e-05,-0.003856,0.005465,-0.045611,0.090601,-0.200767,0.456052
103,0.081433,0.019606,0.42407,-0.459648,0.276564,-0.843967,-0.431607,-0.900052,-0.05994,-0.775626,0.336362,0.534126,-9.4e-05,-0.00743,0.01107,-0.034898,0.01698,-0.016294,0.47208,-0.082293,-0.016808,0.375528,0.300619,-0.34422,0.889456,0.82989,0.553951,-0.065978,-0.470385,0.758387,0.451054,0.008451,0.023079,0.01682,-1.270225,-1.986556,-1.35537,-1.403427,0.03836,0.035418,-0.021253,-0.301255,0.364116,0.881285,-0.852399,-0.51708,-0.077741,0.427388,-0.774627,0.466145,0.004161,0.011714,0.008447,-4.750823,-1.464222,-2.970668,-0.798942,0.086653,0.040057,-0.050032,-0.509063,0.252439,-0.822877,-0.370642,-0.927137,-0.05513,-0.776838,0.276928,0.565536,2.8e-05,-0.003469,0.005658,-0.03494,0.016975,-0.016309,0.454745
