frame,MLTx,MLTy,MLTz,MLTR1,MLTR2,MLTR3,MLTR4,MLTR5,MLTR6,MLTR7,MLTR8,MLTR9,MLTTVx,MLTTVy,MLTTVz,MLTRVx,MLTRVy,MLTRVz,MLGA,MRTx,MRTy,MRTz,MRTR1,MRTR2,MRTR3,MRTR4,MRTR5,MRTR6,MRTR7,MRTR8,MRTR9,MRTTVx,MRTTVy,MRTTVz,MRTRVx,MRTRVy,MRTRVz,MRGA,SLTx,SLTy,SLTz,SLTR1,SLTR2,SLTR3,SLTR4,SLTR5,SLTR6,SLTR7,SLTR8,SLTR9,SLTTVx,SLTTVy,SLTTVz,SLTRVx,SLTRVy,SLTRVz,SLGA,SRTx,SRTy,SRTz,SRTR1,SRTR2,SRTR3,SRTR4,SRTR5,SRTR6,SRTR7,SRTR8,SRTR9,SRTTVx,SRTTVy,SRTTVz,SRTRVx,SRTRVy,SRTRVz,SRGA
255,0.155874,-0.046561,0.318177,-0.124562,0.347705,-0.929317,-0.324993,-0.89919,-0.29293,-0.937338,0.265096,0.226162,0.0,0.0,0.0,0.0,-0.0,-0.0,-0.407452,-0.179183,-0.02709,0.304675,-0.877474,-0.471117,-0.089889,0.251322,-0.611486,0.750238,-0.407296,0.63631,0.655045,0.015316,0.006547,0.006248,0.003819,-0.030089,0.053857,-1.405855,0.038225,0.029962,-0.01761,0.89648,0.433615,-0.091106,-0.222777,0.618846,0.753259,0.383005,-0.654985,0.651383,0.000111,0.002881,0.003317,-6.3e-05,6.4e-05,1.3e-05,-0.909326,0.076407,0.019261,-0.059062,0.155525,-0.340596,-0.927257,0.287604,0.913626,-0.287351,0.945037,-0.221993,0.240048,2e-06,-3e-06,-1e-05,-0.000195,-9.1e-05,6.8e-05,-0.546553
256,0.155862,-0.046552,0.318172,-0.124999,0.347298,-0.929411,-0.324917,-0.899379,-0.292434,-0.937305,0.264991,0.22642,0.0,0.0,0.0,0.0,-0.0,-0.0,-0.403259,-0.179049,-0.027026,0.304863,-0.87748,-0.47124,-0.089179,0.25175,-0.611038,0.750459,-0.407018,0.636649,0.654887,0.000243,0.006007,0.006913,-0.0,0.0,0.0,-1.405867,0.038297,0.029993,-0.017517,0.896494,0.433724,-0.090441,-0.223187,0.618435,0.753475,0.382732,-0.655301,0.651226,0.000135,0.003512,0.004037,-0.010474,0.087845,-0.145243,-0.909653,0.076402,0.019265,-0.059065,0.155942,-0.340169,-0.927343,0.287516,0.913809,-0.286856,0.944995,-0.221893,0.240305,3e-06,-2e-06,-5e-06,-0.000178,-2.6e-05,6.6e-05,-0.54492
257,0.155815,-0.046548,0.318161,-0.125827,0.346524,-0.929588,-0.324796,-0.89973,-0.291487,-0.937235,0.264813,0.226916,-4e-06,-3.7e-05,-4.4e-05,0.0,-0.0,-0.0,-0.395378,-0.178805,-0.026874,0.305254,-0.876657,-0.472919,-0.088384,0.254148,-0.611406,0.74935,-0.407302,0.63505,0.656262,0.016074,-0.004126,0.014911,-0.031238,-0.019786,0.035372,-1.405631,0.038414,0.030068,-0.01733,0.895723,0.435461,-0.089739,-0.22558,0.619034,0.752269,0.383135,-0.653582,0.652714,0.007642,0.003301,0.003133,-0.00873,-0.016162,0.027467,-0.910143,0.076378,0.019267,-0.059071,0.156735,-0.339358,-0.927507,0.287367,0.914152,-0.285911,0.944909,-0.221723,0.2408,-0.0,-1.8e-05,-2.3e-05,-0.005751,0.092714,-0.175783,-0.540511
258,0.155803,-0.046553,0.318155,-0.126293,0.346091,-0.929686,-0.324741,-0.899922,-0.290954,-0.937191,0.264726,0.2272,0.015512,-0.000685,-0.000858,0.000984,-0.014715,0.029553,-0.386597,-0.178614,-0.026764,0.305679,-0.876664,-0.473066,-0.087528,0.25455,-0.610692,0.749795,-0.407036,0.635628,0.655867,0.000276,0.007127,0.008155,0.001777,-0.014856,0.024628,-1.405099,0.038515,0.03012,-0.017113,0.895743,0.43562,-0.088759,-0.226044,0.618194,0.752821,0.382814,-0.654271,0.652213,0.000512,-0.002049,0.008108,-0.047241,0.099119,-0.163008,-0.910469,0.076366,0.019265,-0.059074,0.157198,-0.338886,-0.927601,0.287294,0.914348,-0.285357,0.944854,-0.221637,0.241093,2e-06,6e-06,9e-06,-0.000115,3e-06,9.2e-05,-0.534959
259,0.155814,-0.046554,0.318154,-0.126491,0.345908,-0.929727,-0.324718,-0.900004,-0.290728,-0.937172,0.264689,0.227321,-0.0,-0.0,-0.0,0.0,0.0,0.0,-0.382831,-0.178532,-0.026788,0.305912,-0.875827,-0.474663,-0.08726,0.256551,-0.611249,0.748659,-0.407581,0.6339,0.6572,0.001001,-0.005068,0.015104,0.118626,-0.09443,-0.059162,-1.405669,0.038556,0.030114,-0.016997,0.895222,0.436747,-0.08848,-0.227594,0.618824,0.751836,0.383116,-0.652922,0.653386,0.008004,-0.002563,0.006863,0.187834,-0.129653,-0.041413,-0.910796,0.076378,0.019265,-0.059074,0.157371,-0.338711,-0.927635,0.287267,0.91442,-0.285152,0.944833,-0.221604,0.241204,-0.0,4e-06,6e-06,-0.000104,-7e-06,9.5e-05,-0.532183
260,0.155838,-0.046547,0.318146,-0.126983,0.34545,-0.92983,-0.324635,-0.900213,-0.29017,-0.937134,0.264574,0.227613,-0.0,-0.0,-0.0,0.0,0.0,0.0,-0.37879,-0.178399,-0.026938,0.30639,-0.874987,-0.476315,-0.086685,0.258508,-0.611244,0.747989,-0.408148,0.632666,0.658037,0.000138,0.003619,0.004126,0.041779,-0.024768,-0.017952,-1.405862,0.038623,0.030039,-0.016751,0.894246,0.438852,-0.087937,-0.230001,0.619126,0.750854,0.383957,-0.651223,0.654587,0.000454,-0.003552,0.006381,-0.010509,-0.03379,-0.017497,-0.911286,0.07639,0.019268,-0.059078,0.157842,-0.338232,-0.92773,0.287167,0.914625,-0.284596,0.944785,-0.221492,0.241496,-2e-06,1e-06,3e-06,-9.4e-05,-1.2e-05,9.5e-05,-0.527937
261,0.155861,-0.04654,0.318138,-0.127475,0.344993,-0.929933,-0.324552,-0.900423,-0.289613,-0.937095,0.264459,0.227906,-0.0,-0.0,-0.0,0.0,0.0,0.0,-0.375555,-0.178293,-0.027224,0.306729,-0.874134,-0.47805,-0.085731,0.260738,-0.611041,0.747382,-0.408555,0.631555,0.658851,0.000782,-0.010818,0.008536,-0.028217,0.006118,-0.02149,-1.405862,0.038675,0.029903,-0.016581,0.893397,0.440765,-0.086987,-0.232327,0.618976,0.750261,0.384532,-0.650072,0.655393,-6e-06,-1.9e-05,-2.2e-05,-0.01411,-0.005105,-0.005885,-0.911449,0.076401,0.019272,-0.059082,0.158314,-0.337752,-0.927825,0.287066,0.91483,-0.28404,0.944737,-0.22138,0.241787,-1e-06,-0.0,3e-06,-8.2e-05,-1.1e-05,0.000102,-0.525488
262,0.155873,-0.046525,0.318124,-0.127755,0.344729,-0.929992,-0.324469,-0.900553,-0.289301,-0.937085,0.26436,0.22806,-0.0,-0.0,-0.0,0.0,0.0,0.0,-0.373945,-0.178272,-0.027379,0.306833,-0.870424,-0.484816,-0.085481,0.266343,-0.609997,0.746257,-0.41283,0.627397,0.660157,0.000742,-0.011892,0.007313,-0.016668,-0.010115,-0.034835,-1.405662,0.038686,0.029825,-0.016529,0.889979,0.447681,-0.086708,-0.237996,0.61822,0.749107,0.388965,-0.646054,0.656749,0.007879,-0.005997,0.002947,-0.03894,-0.050102,-0.030733,-0.911776,0.076407,0.019279,-0.059089,0.158582,-0.337476,-0.927879,0.286973,0.914955,-0.283729,0.944721,-0.221282,0.241942,-2e-06,1e-06,3e-06,-0.005698,0.092727,-0.175778,-0.524182
263,0.155931,-0.046479,0.318081,-0.127911,0.344574,-0.930028,-0.324301,-0.900662,-0.289149,-0.937122,0.26419,0.228107,-0.0,-0.0,-0.0,0.0,0.0,0.0,-0.365665,-0.178259,-0.027679,0.306914,-0.868685,-0.487985,-0.085145,0.270314,-0.611218,0.743826,-0.41391,0.623743,0.662938,-9.4e-05,-0.002496,-0.002847,0.34657,-0.193141,-0.174527,-1.405603,0.038692,0.02967,-0.016487,0.88892,0.449871,-0.086233,-0.240635,0.618816,0.74777,0.389762,-0.643957,0.658333,0.000352,-0.006399,0.003141,0.544905,-0.241903,-0.18401,-0.909,0.076436,0.019302,-0.059111,0.158731,-0.337314,-0.927913,0.286799,0.915056,-0.28358,0.944748,-0.221112,0.241989,-2e-06,-0.0,3e-06,-7.3e-05,-1e-05,6.5e-05,-0.520263
264,0.156092,-0.046394,0.317972,-0.127957,0.344514,-0.930044,-0.323974,-0.900778,-0.289158,-0.937229,0.263876,0.228031,0.015501,-0.000761,-0.000953,0.000984,-0.014715,0.029553,-0.359859,-0.178307,-0.027891,0.306975,-0.867801,-0.489628,-0.084726,0.272432,-0.611606,0.742733,-0.414375,0.622073,0.664215,-0.01432,-0.012511,0.007912,0.072046,-0.039898,-0.094784,-1.40566,0.038674,0.029564,-0.016465,0.887703,0.452327,-0.085924,-0.243727,0.61999,0.745794,0.390615,-0.641101,0.660612,-2.5e-05,-0.000617,-0.000703,0.138292,-0.079591,-0.056646,-0.905571,0.076517,0.019344,-0.059165,0.158773,-0.337253,-0.927928,0.28647,0.915155,-0.283594,0.944841,-0.220796,0.241914,0.007752,-0.000375,-0.000471,0.000935,-0.01474,0.029552,-0.514221
265,0.156267,-0.046247,0.317857,-0.12818,0.34428,-0.930101,-0.323501,-0.901004,-0.288984,-0.937362,0.263412,0.228022,9e-05,0.000826,0.00097,0.0,0.0,0.0,-0.360768,-0.178349,-0.02811,0.306933,-0.8669,-0.491384,-0.08378,0.275005,-0.611837,0.741595,-0.414562,0.620461,0.665605,-0.000153,-0.004022,-0.004594,0.474721,-0.270943,-0.23009,-1.405827,0.038648,0.029455,-0.016477,0.887518,0.452906,-0.084771,-0.244689,0.619156,0.746171,0.390432,-0.641499,0.660334,-6.8e-05,-0.001798,-0.002054,-0.002096,0.001498,0.001102,-0.905244,0.076604,0.019416,-0.059225,0.158985,-0.337008,-0.927981,0.285985,0.915358,-0.283428,0.944952,-0.220328,0.241908,4.5e-05,0.005874,-0.00377,0.0356,-0.0124,0.018625,-0.512261
266,0.156373,-0.046174,0.317798,-0.128319,0.344138,-0.930134,-0.32326,-0.901127,-0.288866,-0.937425,0.263175,0.228034,3e-05,0.000274,0.000322,0.0,0.0,0.0,-0.361736,-0.178384,-0.028237,0.306854,-0.863961,-0.496612,-0.083309,0.278925,-0.609907,0.741719,-0.418055,0.618199,0.665524,-0.000199,-0.005203,-0.00595,0.005188,0.010533,-0.027725,-1.405818,0.03863,0.029393,-0.016516,0.88399,0.45981,-0.084468,-0.250596,0.618576,0.74469,0.394666,-0.637132,0.662042,-9.3e-05,-0.002535,-0.002895,-0.013587,-0.003358,-0.00484,-0.90606,0.076651,0.019455,-0.059252,0.159135,-0.336841,-0.928015,0.285735,0.915478,-0.283293,0.945002,-0.220085,0.241932,5e-06,0.005524,-0.004183,0.03561,-0.012405,0.018659,-0.512262
267,0.156535,-0.046053,0.317683,-0.12851,0.343937,-0.930182,-0.322841,-0.901324,-0.288722,-0.937544,0.262763,0.228022,-5e-06,-4.3e-05,-5.1e-05,0.0,0.0,0.0,-0.364088,-0.178394,-0.028503,0.306549,-0.863932,-0.496848,-0.082193,0.279743,-0.609377,0.741848,-0.417569,0.618533,0.665519,-0.000291,-0.007557,-0.008668,-0.001776,0.014736,-0.0247,-1.405724,0.038625,0.029261,-0.016667,0.883993,0.460011,-0.083333,-0.251345,0.617955,0.744954,0.394184,-0.63759,0.661889,-0.000531,0.001647,-0.008584,0.033989,0.00506,-0.005613,-0.905571,0.076738,0.019515,-0.059309,0.1593,-0.33665,-0.928056,0.285308,0.915647,-0.283175,0.945104,-0.219672,0.241912,-2e-06,-3.4e-05,-4.2e-05,-2.8e-05,5e-06,1.3e-05,-0.512915
268,0.15665,-0.045968,0.31759,-0.130609,0.341904,-0.930639,-0.323142,-0.902049,-0.286107,-0.937147,0.26293,0.229456,-0.0,-3e-06,-3e-06,-0.0,0.0,-0.0,-0.364298,-0.178431,-0.028794,0.306154,-0.861836,-0.500696,-0.080835,0.282357,-0.606262,0.743408,-0.420128,0.618496,0.663941,-0.000322,-0.008297,-0.009549,-0.002766,0.015336,-0.02427,-1.405807,0.038607,0.029117,-0.016863,0.882112,0.463852,-0.081968,-0.253971,0.614907,0.746583,0.396707,-0.637753,0.660222,-0.000162,-0.004353,-0.005007,0.007805,0.016224,-0.022379,-0.904101,0.076796,0.019557,-0.059356,0.161321,-0.334511,-0.928481,0.285537,0.916386,-0.280542,0.944692,-0.219858,0.243347,2e-06,2e-06,-1e-06,0.000577,-0.000774,0.001485,-0.513731
269,0.156698,-0.045932,0.317568,-0.13047,0.342028,-0.930613,-0.32306,-0.902023,-0.286285,-0.937195,0.262861,0.22934,0.015508,-0.000606,-0.000783,0.000984,-0.014715,0.029553,-0.36434,-0.178461,-0.028919,0.305964,-0.861823,-0.500783,-0.080431,0.282687,-0.606116,0.743401,-0.419933,0.618569,0.663997,-0.000303,-0.007757,-0.008943,-0.001795,0.014752,-0.02469,-1.405568,0.038591,0.029046,-0.016967,0.882114,0.463925,-0.081528,-0.254354,0.614823,0.746522,0.396456,-0.637781,0.660345,-0.000145,-0.003884,-0.004476,-0.000375,0.01518,-0.024165,-0.902305,0.076819,0.019575,-0.059367,0.161178,-0.33465,-0.928455,0.285457,0.916353,-0.280733,0.94474,-0.219786,0.243224,0.007755,-0.000305,-0.000396,0.001029,-0.01481,0.029749,-0.513568
270,0.156721,-0.045894,0.317533,-0.130585,0.341912,-0.930639,-0.322922,-0.902107,-0.286175,-0.937226,0.262723,0.22937,0.0,0.0,0.0,0.0,0.0,0.0,-0.363909,-0.178546,-0.029053,0.305595,-0.86179,-0.500996,-0.079451,0.283563,-0.605872,0.743267,-0.419411,0.618636,0.664264,-0.000222,-0.005622,-0.006499,-0.001777,0.014751,-0.024691,-1.405759,0.038549,0.028978,-0.017152,0.882102,0.464116,-0.080569,-0.255218,0.614639,0.746379,0.395927,-0.63782,0.660625,-9.6e-05,-0.002589,-0.002991,-2e-05,0.000286,0.000243,-0.903448,0.076831,0.019595,-0.059384,0.161286,-0.33453,-0.92848,0.285312,0.91643,-0.280627,0.944766,-0.219645,0.243253,1e-06,-2e-06,-6e-06,-3.7e-05,1.4e-05,4.6e-05,-0.513894
271,0.156708,-0.045867,0.317501,-0.130889,0.34162,-0.930703,-0.322785,-0.902261,-0.285842,-0.937231,0.262573,0.229523,-0.0,-1e-06,-1e-06,0.0,0.0,0.0,-0.364046,-0.17864,-0.029065,0.305335,-0.862451,-0.499485,-0.081757,0.280195,-0.605902,0.744518,-0.420312,0.619827,0.662583,-7e-05,-0.001766,-0.002045,-0.000317,0.000192,0.000138,-1.405773,0.038502,0.028963,-0.017285,0.882721,0.462532,-0.082863,-0.251786,0.614471,0.747682,0.396744,-0.639131,0.658866,-3.8e-05,-0.001096,-0.001269,0.006546,0.001556,-0.000944,-0.903938,0.076825,0.019608,-0.059401,0.161578,-0.334225,-0.928539,0.285164,0.916578,-0.280297,0.944761,-0.219496,0.243407,1e-06,3e-06,4e-06,-3e-05,-1.5e-05,1.8e-05,-0.513568
272,0.156708,-0.045851,0.317487,-0.130971,0.341539,-0.930721,-0.322725,-0.90231,-0.285757,-0.93724,0.262511,0.229557,-0.0,-0.0,-0.0,0.0,0.0,0.0,-0.364129,-0.178652,-0.029077,0.305322,-0.862453,-0.49947,-0.081837,0.280138,-0.605939,0.744509,-0.420347,0.619802,0.662583,-5e-06,-0.000115,-0.000134,-5e-06,3e-06,2e-06,-1.405875,0.038496,0.02896,-0.017296,0.882723,0.462515,-0.082945,-0.251758,0.614561,0.747617,0.396759,-0.639057,0.658929,8e-06,0.000133,0.000154,0.000898,-2.5e-05,-0.000328,-0.904754,0.076825,0.019616,-0.059408,0.161656,-0.334141,-0.928556,0.2851,0.916623,-0.280212,0.944766,-0.219434,0.243441,2e-06,3e-06,3e-06,-2.6e-05,-9e-06,3.5e-05,-0.513731
273,0.156709,-0.045829,0.317481,-0.131253,0.341273,-0.93078,-0.322641,-0.90244,-0.285442,-0.937229,0.262412,0.229713,0.0,2e-06,2e-06,0.0,0.0,0.0,-0.363426,-0.178645,-0.029086,0.305438,-0.859467,-0.504669,-0.081341,0.283991,-0.603902,0.744705,-0.423854,0.61758,0.662424,7.9e-05,0.00199,0.002303,0.001092,-0.010001,-0.008896,-1.405701,0.038499,0.028958,-0.017235,0.879953,0.467856,-0.08242,-0.25571,0.612685,0.747815,0.400368,-0.636967,0.65877,4.8e-05,0.001145,0.001329,0.001195,-0.009968,-0.009179,-0.905407,0.076825,0.019627,-0.059411,0.161926,-0.333861,-0.92861,0.285005,0.916749,-0.279899,0.944749,-0.219335,0.243598,-1e-06,-3e-06,-4e-06,-2.9e-05,-6e-06,4.4e-05,-0.513405
274,0.156708,-0.045811,0.317454,-0.131553,0.340987,-0.930842,-0.322529,-0.902584,-0.285111,-0.937225,0.262287,0.229873,-0.0,-3e-06,-3e-06,0.0,0.0,0.0,-0.361716,-0.178578,-0.029124,0.305595,-0.859442,-0.504896,-0.0802,0.284669,-0.603144,0.74506,-0.423453,0.618136,0.662163,3e-05,0.000753,0.00087,-0.0,0.0,0.0,-1.405489,0.038533,0.028944,-0.017151,0.879938,0.468083,-0.081277,-0.256424,0.611954,0.74817,0.399943,-0.637502,0.65851,0.000401,-0.005111,0.004616,-0.048701,0.112763,-0.18842,-0.903775,0.076825,0.019636,-0.059424,0.162213,-0.333562,-0.928667,0.284882,0.916887,-0.27957,0.944737,-0.21921,0.243757,1e-06,2e-06,3e-06,-3.2e-05,3e-06,2.7e-05,-0.512915
275,0.156719,-0.045785,0.31742,-0.131714,0.34083,-0.930877,-0.32241,-0.90268,-0.284943,-0.937243,0.262163,0.22994,-0.0,-0.0,-0.0,0.0,0.0,0.0,-0.360565,-0.178553,-0.029165,0.305625,-0.8564,-0.510248,-0.078858,0.289149,-0.600716,0.745297,-0.426564,0.616108,0.662056,-0.0,-3e-06,-4e-06,-0.0,0.0,0.0,-1.405538,0.038546,0.028924,-0.017136,0.877124,0.473568,-0.079906,-0.261009,0.609712,0.748415,0.403144,-0.635597,0.658399,-0.0,-3.1e-05,-3.5e-05,-1.7e-05,8.2e-05,9.6e-05,-0.903121,0.07683,0.019649,-0.059441,0.162367,-0.333397,-0.928699,0.284756,0.916977,-0.279404,0.944748,-0.219087,0.243824,-2e-05,0.00533,-0.004405,0.035619,-0.012409,0.018652,-0.512262
276,0.156719,-0.045777,0.317414,-0.131809,0.340739,-0.930896,-0.322373,-0.902726,-0.284839,-0.937243,0.262123,0.22999,-0.0,-0.0,-0.0,0.0,0.0,0.0,-0.360205,-0.178565,-0.029157,0.305619,-0.853353,-0.515372,-0.078558,0.292929,-0.598862,0.745313,-0.43007,0.613647,0.662073,-0.0,-0.0,-0.0,0.039074,-0.370709,-0.329307,-1.405729,0.038539,0.028927,-0.017139,0.874549,0.478361,-0.079583,-0.264544,0.608158,0.748438,0.406422,-0.633493,0.658411,-0.000403,0.00553,-0.004148,0.167265,-1.259813,-1.091631,-0.901815,0.07683,0.019653,-0.059444,0.162458,-0.333302,-0.928717,0.284716,0.917021,-0.2793,0.944745,-0.219046,0.243874,0.0,3e-06,5e-06,-2.1e-05,-6e-06,2.4e-05,-0.511935
277,0.156718,-0.045783,0.317407,-0.131824,0.340725,-0.9309,-0.322371,-0.902732,-0.284821,-0.937241,0.26212,0.229999,-4e-06,-3.7e-05,-4.4e-05,0.0,0.0,0.0,-0.359142,-0.178634,-0.029168,0.305597,-0.853319,-0.515567,-0.077637,0.293609,-0.598423,0.745398,-0.429674,0.613911,0.662085,-1.7e-05,-0.000416,-0.000481,-0.0,0.0,0.0,-1.405848,0.038505,0.028922,-0.01715,0.874274,0.479017,-0.078656,-0.265566,0.607607,0.748524,0.406347,-0.633527,0.658426,-9e-06,-0.000268,-0.000308,-5.4e-05,0.000159,0.000121,-0.901815,0.07683,0.01965,-0.059448,0.162473,-0.333287,-0.92872,0.284714,0.917027,-0.279282,0.944743,-0.219044,0.243884,-4e-06,-1.6e-05,-1.7e-05,-1.9e-05,-1.1e-05,9e-06,-0.511282
278,0.156718,-0.045783,0.317407,-0.129825,0.338784,-0.931889,-0.322046,-0.903244,-0.283562,-0.937634,0.262871,0.227526,-0.0,-0.0,-0.0,0.000103,-0.001767,-0.000941,-0.357373,-0.178781,-0.02914,0.305626,-0.850215,-0.520789,-0.076843,0.29774,-0.59629,0.745469,-0.432967,0.61158,0.662097,7.3e-05,0.00183,0.002116,0.001776,-0.014746,0.024694,-1.405726,0.038431,0.028931,-0.017141,0.871391,0.484377,-0.077813,-0.269804,0.605636,0.748605,0.409733,-0.631334,0.658433,2.1e-05,0.000443,0.000518,-0.01225,0.102051,-0.170286,-0.901652,0.07683,0.01965,-0.059448,0.160294,-0.33134,-0.929795,0.284321,0.91755,-0.27796,0.945233,-0.219805,0.241285,-1e-06,2e-06,6e-06,-0.002011,0.012407,0.007131,-0.510465
279,0.156718,-0.045775,0.317401,-0.129812,0.338794,-0.931887,-0.322023,-0.903247,-0.283581,-0.937644,0.26285,0.22751,-0.0,-0.0,-0.0,2e-06,-2.6e-05,-1.4e-05,-0.356641,-0.178871,-0.029119,0.305657,-0.850205,-0.520821,-0.076737,0.297823,-0.596233,0.745481,-0.43293,0.611608,0.662096,-0.01506,0.000816,0.00225,-0.002045,0.015205,-0.029245,-1.405885,0.038392,0.028944,-0.017123,0.871388,0.484393,-0.07775,-0.269853,0.605605,0.748612,0.409709,-0.631351,0.658432,3.2e-05,0.000772,0.000897,-2.1e-05,0.000201,0.00016,-0.901815,0.07683,0.019654,-0.059451,0.160373,-0.331438,-0.929746,0.284325,0.917526,-0.278038,0.945219,-0.219761,0.241383,-2e-06,2e-06,5e-06,-0.000249,0.001961,0.001097,-0.509812
280,0.156707,-0.045774,0.317401,-0.129829,0.338777,-0.93189,-0.322021,-0.903254,-0.28356,-0.937642,0.262847,0.227521,-0.0,-0.0,-0.0,0.0,-0.0,-0.0,-0.354424,-0.179013,-0.029054,0.305778,-0.849974,-0.520827,-0.079215,0.29617,-0.596955,0.745561,-0.434512,0.610897,0.661716,0.000103,0.002519,0.002909,-5e-06,-3.6e-05,4e-05,-1.405682,0.038315,0.028976,-0.017064,0.871148,0.484416,-0.080261,-0.268145,0.606265,0.748693,0.411338,-0.6307,0.65804,-0.007491,0.001315,0.002173,0.000293,0.004554,-0.008868,-0.900019,0.076824,0.019654,-0.059451,0.160404,-0.331433,-0.929743,0.284324,0.91753,-0.278026,0.945214,-0.219752,0.24141,-4e-06,1e-06,4e-06,1.6e-05,5.5e-05,2.5e-05,-0.508506
281,0.156707,-0.045782,0.317408,-0.129843,0.338766,-0.931892,-0.322044,-0.903252,-0.283541,-0.937632,0.262868,0.227537,-0.0,-0.0,-0.0,0.0,-0.0,-0.0,-0.352404,-0.178983,-0.028974,0.305947,-0.846881,-0.525823,-0.079338,0.299552,-0.595174,0.745635,-0.43821,0.608355,0.661619,0.000164,0.004042,0.004661,0.001776,-0.014742,0.024697,-1.405552,0.03833,0.029014,-0.016981,0.86827,0.489552,-0.080278,-0.271657,0.604597,0.748774,0.4151,-0.62833,0.657944,7.1e-05,0.001789,0.002065,5e-06,0.000263,9.3e-05,-0.899855,0.076824,0.01965,-0.059447,0.160418,-0.331423,-0.929744,0.284347,0.917528,-0.278007,0.945204,-0.219773,0.241427,-5e-06,1e-06,5e-06,9e-06,1e-05,-2.6e-05,-0.507526
282,0.156706,-0.045794,0.317394,-0.129982,0.338637,-0.93192,-0.322027,-0.903308,-0.283381,-0.937619,0.262843,0.227623,-6.5e-05,-0.000604,-0.00071,0.0,-0.0,-0.0,-0.34647,-0.178853,-0.028959,0.306238,-0.843756,-0.530849,-0.079159,0.302977,-0.59302,0.745967,-0.441862,0.606094,0.661265,0.01603,-0.006467,0.012249,-0.032616,-0.018937,0.035985,-1.405679,0.038389,0.029027,-0.016836,0.865359,0.494715,-0.080063,-0.275192,0.602598,0.749095,0.418834,-0.626204,0.657605,7.2e-05,0.001833,0.00211,-0.012292,0.101895,-0.170301,-0.903121,0.076824,0.019646,-0.059453,0.160551,-0.331287,-0.92977,0.284325,0.917583,-0.277847,0.945189,-0.219748,0.241512,-4.3e-05,-0.000399,-0.000468,2e-05,-4e-06,-1e-05,-0.504587
283,0.156717,-0.045792,0.31738,-0.129967,0.338649,-0.931918,-0.322004,-0.903309,-0.283403,-0.937629,0.262822,0.227605,-1.8e-05,-0.000171,-0.000201,0.0,-0.0,-0.0,-0.341443,-0.178775,-0.028992,0.306414,-0.840586,-0.53593,-0.078652,0.306672,-0.590739,0.746266,-0.445336,0.603851,0.660987,0.000939,-0.006734,0.013241,-0.03466,-0.003734,0.006738,-1.405825,0.038434,0.029009,-0.01675,0.862405,0.499927,-0.079551,-0.278966,0.600482,0.749398,0.422413,-0.624093,0.657322,0.008016,-0.003136,0.006233,-0.032634,-0.018576,0.036218,-0.90606,0.076829,0.019645,-0.059461,0.160536,-0.3313,-0.929767,0.284303,0.917583,-0.27787,0.945198,-0.219727,0.241495,-1e-05,-9.8e-05,-0.000113,1.6e-05,3e-06,-3.7e-05,-0.501648
284,0.156736,-0.045809,0.317312,-0.130002,0.338612,-0.931926,-0.321925,-0.903346,-0.283377,-0.937651,0.262745,0.227603,-0.000139,-0.00129,-0.001517,0.0,-0.0,-0.0,-0.337682,-0.17864,-0.029077,0.306747,-0.837371,-0.54108,-0.077672,0.310515,-0.587974,0.746861,-0.448712,0.601958,0.66043,0.000144,0.003659,0.004203,0.00209,-0.017711,0.022059,-1.405901,0.038502,0.028968,-0.016582,0.859425,0.505169,-0.07869,-0.282807,0.597953,0.749981,0.42592,-0.622299,0.65676,0.00761,0.001863,0.001488,0.007385,-0.063162,0.024186,-0.905571,0.076839,0.01964,-0.059492,0.160569,-0.331261,-0.929775,0.284223,0.917616,-0.277845,0.945216,-0.21965,0.241493,-9.6e-05,-0.000898,-0.001056,-0.000792,0.013509,-0.025501,-0.496749
285,0.156753,-0.045803,0.317191,-0.130017,0.338582,-0.931935,-0.321725,-0.903412,-0.283392,-0.937718,0.262554,0.227548,-0.000159,-0.001477,-0.001737,0.0,-0.0,-0.0,-0.338202,-0.178519,-0.029155,0.307042,-0.836368,-0.542727,-0.076987,0.312756,-0.587992,0.745911,-0.449026,0.600457,0.661582,0.00013,0.003328,0.003817,0.005864,-0.003622,-0.00258,-1.405538,0.038562,0.02893,-0.016434,0.858477,0.506906,-0.077863,-0.285248,0.598123,0.74892,0.426204,-0.620721,0.658068,6e-05,0.001649,0.001888,-0.025492,0.09676,-0.176199,-0.904754,0.076847,0.019642,-0.059553,0.160584,-0.331231,-0.929784,0.28402,0.917673,-0.277863,0.945275,-0.219456,0.241439,-0.000126,0.004313,-0.005603,0.034854,0.001102,-0.006851,-0.495443
286,0.156761,-0.045797,0.317118,-0.130027,0.338563,-0.931941,-0.321599,-0.903454,-0.283401,-0.937759,0.262435,0.227514,-0.000194,-0.001807,-0.002126,0.0,-0.0,-0.0,-0.338358,-0.178452,-0.029192,0.307199,-0.835381,-0.544256,-0.076915,0.314712,-0.588504,0.744683,-0.449496,0.598569,0.662972,0.000135,0.003476,0.003983,0.109379,-0.067606,-0.048116,-1.405756,0.038595,0.028911,-0.016356,0.857783,0.508095,-0.077757,-0.286813,0.598662,0.747891,0.42655,-0.619227,0.65925,0.007609,0.001965,0.001596,0.174079,-0.112421,-0.038213,-0.904754,0.076851,0.019645,-0.05959,0.160578,-0.331226,-0.929786,0.283894,0.917703,-0.277892,0.945313,-0.219338,0.241396,-8e-05,0.004748,-0.00509,0.035667,-0.012411,0.018602,-0.495279
287,0.156744,-0.045762,0.316999,-0.130146,0.338431,-0.931972,-0.321336,-0.903578,-0.283304,-0.937833,0.262179,0.227506,-0.000178,0.009373,-0.010325,0.035641,-0.012415,0.018629,-0.338433,-0.178338,-0.029278,0.307578,-0.834591,-0.545881,-0.073913,0.31839,-0.587698,0.743755,-0.448375,0.597881,0.66435,0.000953,-0.006341,0.013667,-0.009323,-0.019425,-0.004406,-1.405728,0.038653,0.028867,-0.016167,0.856844,0.510126,-0.074753,-0.290944,0.598117,0.74673,0.425637,-0.618083,0.660912,7.6e-05,0.002143,0.002449,0.001292,-0.019704,-0.013932,-0.903774,0.076843,0.019657,-0.059648,0.160719,-0.331062,-0.92982,0.283645,0.917819,-0.277762,0.945364,-0.219098,0.241415,-7.2e-05,-0.000701,-0.000826,-0.000792,0.013531,-0.025483,-0.495279
288,0.156743,-0.045718,0.316939,-0.130084,0.338473,-0.931965,-0.321169,-0.903607,-0.283402,-0.937899,0.262026,0.227411,-3e-06,-2.9e-05,-3.4e-05,0.0,-0.0,-0.0,-0.339336,-0.178223,-0.029438,0.307936,-0.833816,-0.547394,-0.071434,0.32165,-0.587098,0.742827,-0.447493,0.597089,0.665656,0.000864,-0.00865,0.011023,-0.035279,0.010168,-0.018538,-1.405568,0.03871,0.028792,-0.015982,0.856081,0.511762,-0.072284,-0.294215,0.597524,0.745923,0.424926,-0.617304,0.662097,4.7e-05,0.001382,0.001578,-0.010937,-0.000256,0.000294,-0.903938,0.076842,0.019681,-0.059683,0.160647,-0.331118,-0.929813,0.283456,0.917842,-0.277882,0.945433,-0.21892,0.241305,4e-06,2.4e-05,2.6e-05,2e-05,2e-06,-4.7e-05,-0.495606
289,0.15679,-0.045698,0.31693,-0.13008,0.338476,-0.931965,-0.32112,-0.903619,-0.283418,-0.937916,0.261979,0.227393,0.0,5e-06,5e-06,0.0,-0.0,-0.0,-0.339962,-0.177996,-0.029621,0.308242,-0.832049,-0.550367,-0.069152,0.326836,-0.587345,0.740364,-0.447026,0.594106,0.668633,0.015921,-0.009012,0.009297,0.257046,-0.184715,-0.116487,-1.405392,0.038818,0.0287,-0.015829,0.855012,0.513882,-0.069849,-0.298364,0.597584,0.744225,0.424184,-0.615482,0.664265,0.000417,-0.004611,0.005182,0.440587,-0.212927,-0.159048,-0.904754,0.076865,0.019692,-0.059687,0.160643,-0.331121,-0.929812,0.283406,0.917852,-0.277898,0.945449,-0.218872,0.241288,2e-06,1.1e-05,9e-06,2.4e-05,-7e-06,-1e-06,-0.495769
290,0.156824,-0.0457,0.316928,-0.130028,0.338528,-0.931954,-0.321127,-0.903597,-0.28348,-0.937921,0.261988,0.227362,0.0,0.0,0.0,0.0,0.0,0.0,-0.340136,-0.177862,-0.029707,0.308368,-0.832244,-0.550415,-0.066368,0.328475,-0.586169,0.74057,-0.445462,0.595223,0.668683,0.015912,-0.009284,0.008984,-0.028005,0.008032,-0.00712,-1.40535,0.038885,0.028657,-0.015766,0.854643,0.514856,-0.067136,-0.301174,0.596908,0.743636,0.422939,-0.615324,0.665204,2.3e-05,0.000744,0.000845,-0.008474,0.048509,-0.05749,-0.905081,0.076883,0.019692,-0.059687,0.160593,-0.331175,-0.929802,0.283414,0.917831,-0.27796,0.945455,-0.21888,0.241256,-2e-06,5e-06,5e-06,1.7e-05,-1e-06,-5e-06,-0.496259
291,0.156929,-0.045696,0.316915,-0.129857,0.338692,-0.931917,-0.321123,-0.903534,-0.283687,-0.937946,0.261995,0.227251,0.0,0.0,0.0,0.0,0.0,0.0,-0.33995,-0.177552,-0.029845,0.308561,-0.829499,-0.554727,-0.064817,0.335317,-0.58765,0.736318,-0.445486,0.589734,0.673512,0.015894,-0.009887,0.00829,0.444988,-0.300682,-0.198224,-1.405394,0.03904,0.028588,-0.015669,0.852999,0.517803,-0.065363,-0.306124,0.597814,0.740882,0.422705,-0.611962,0.668447,1.1e-05,0.000369,0.000416,-0.019386,-0.006243,-0.001272,-0.906061,0.076935,0.019693,-0.059694,0.16043,-0.331347,-0.929769,0.283416,0.917768,-0.278167,0.945482,-0.218885,0.241146,-2e-06,3e-06,1e-06,1e-05,-1.3e-05,-1.2e-05,-0.495932
292,0.157069,-0.04567,0.316881,-0.129703,0.338838,-0.931886,-0.321043,-0.903499,-0.283889,-0.937995,0.261928,0.227127,0.015485,0.010235,-0.009388,0.036627,-0.027115,0.048189,-0.340077,-0.177156,-0.029971,0.308665,-0.83203,-0.551138,-0.06297,0.334814,-0.589635,0.734959,-0.441131,0.591114,0.675167,0.015048,-0.00071,-0.002136,0.00849,-0.005684,0.000885,-1.405181,0.039238,0.028524,-0.015611,0.854439,0.515622,-0.063768,-0.307404,0.600674,0.738032,0.41885,-0.611001,0.671744,0.007542,0.000173,-0.000471,-0.015603,-0.021142,0.026621,-0.906551,0.076999,0.019702,-0.059707,0.160311,-0.33147,-0.929745,0.28336,0.917735,-0.27833,0.945519,-0.218833,0.241049,1.6e-05,0.000151,0.000172,6e-06,3e-06,7e-06,-0.496096
293,0.15715,-0.045657,0.316864,-0.129662,0.338878,-0.931877,-0.320999,-0.903495,-0.28395,-0.938016,0.261887,0.227087,0.015505,-0.00064,-0.000833,0.000984,-0.014715,0.029553,-0.341051,-0.176935,-0.030042,0.308722,-0.834505,-0.547635,-0.060727,0.334681,-0.591543,0.733484,-0.43654,0.592458,0.676971,0.00083,-0.009868,0.009632,-0.004718,-0.022266,-0.006335,-1.405032,0.039348,0.028486,-0.015593,0.856829,0.511919,-0.061503,-0.307188,0.602645,0.736515,0.4141,-0.612174,0.673619,0.007545,0.000188,-0.000457,0.013186,-0.043038,0.013195,-0.906061,0.07704,0.019713,-0.059719,0.16026,-0.331523,-0.929735,0.283294,0.917731,-0.278411,0.945547,-0.21877,0.240994,-0.0,1e-06,-2e-06,3e-06,-1e-06,1.7e-05,-0.496096
294,0.157326,-0.045637,0.316854,-0.129558,0.338983,-0.931853,-0.320963,-0.903464,-0.284089,-0.938043,0.261857,0.227011,2e-05,0.000191,0.000225,0.0,0.0,0.0,-0.344928,-0.17639,-0.030215,0.308836,-0.851211,-0.522048,-0.05383,0.323734,-0.60323,0.728864,-0.411888,0.603644,0.682514,0.015093,0.00046,-0.000816,0.485683,-0.192042,-0.097401,-1.40508,0.039627,0.028398,-0.015531,0.87316,0.48437,-0.054547,-0.294264,0.613031,0.733213,0.388586,-0.624161,0.677807,0.007555,0.000214,-0.000428,0.451761,-0.193958,-0.092968,-0.914878,0.077133,0.019723,-0.059724,0.160144,-0.331651,-0.92971,0.283263,0.917692,-0.278571,0.945576,-0.218741,0.240907,1.1e-05,9.6e-05,0.000113,-4e-06,5e-06,3.6e-05,-0.497239
295,0.157559,-0.045657,0.316861,-0.129544,0.339018,-0.931843,-0.321015,-0.903438,-0.284114,-0.938027,0.261903,0.227023,0.015567,-3.8e-05,-0.000132,0.000984,-0.014715,0.029553,-0.378276,-0.175687,-0.030524,0.309049,-0.873144,-0.485336,-0.045383,0.305782,-0.61807,0.724169,-0.378403,0.619033,0.688094,0.015907,-0.010458,0.007608,0.131717,0.147612,0.448469,-1.40446,0.039972,0.028247,-0.015428,0.892844,0.447975,-0.046331,-0.277286,0.627863,0.727255,0.354882,-0.636478,0.684801,0.015098,0.000515,-0.000775,0.128725,1.044827,1.125926,-0.92092,0.077244,0.019712,-0.059722,0.160148,-0.331668,-0.929703,0.283313,0.917675,-0.278575,0.94556,-0.218783,0.24093,4e-05,0.000394,0.000459,-2.2e-05,1e-06,2.6e-05,-0.509649
296,0.157867,-0.04569,0.316964,-0.141199,0.338918,-0.930184,-0.306465,-0.908356,-0.284501,-0.941191,0.24447,0.233282,0.000227,0.002177,0.002561,0.002514,0.17146,0.086357,-0.383413,-0.174802,-0.030969,0.309372,-0.890072,-0.454194,-0.03836,0.291481,-0.632095,0.717934,-0.349195,0.628398,0.695013,0.031849,-0.02096,0.015134,0.111546,-0.107459,0.223208,-1.404747,0.040397,0.028033,-0.015271,0.908459,0.416105,-0.039449,-0.26241,0.641266,0.721053,0.325332,-0.644696,0.691754,0.007958,-0.005246,0.003764,0.149263,1.044466,1.078793,-0.915695,0.077398,0.019696,-0.059677,0.171444,-0.330744,-0.928016,0.268513,0.921989,-0.27899,0.947895,-0.201353,0.246879,0.007847,0.0006,0.000655,0.119529,0.319152,0.153383,-0.5201
297,0.158035,-0.045717,0.317075,-0.144807,0.339263,-0.929503,-0.307684,-0.90822,-0.283618,-0.940241,0.244496,0.237058,0.000387,-0.007458,0.012576,-0.040264,0.089,0.05487,-0.38485,-0.174309,-0.031197,0.309522,-0.899517,-0.435695,-0.032081,0.284034,-0.639281,0.714547,-0.330689,0.634179,0.698802,0.031033,-0.010455,0.006208,0.564694,2.102782,-1.674354,-1.405149,0.040656,0.027912,-0.015189,0.917133,0.396922,-0.036316,-0.252239,0.648534,0.718177,0.308613,-0.649504,0.694912,0.015924,-0.010811,0.00717,0.25983,1.007411,1.091988,-0.918471,0.077488,0.019682,-0.059622,0.175645,-0.331403,-0.926994,0.269814,0.921783,-0.278416,0.946756,-0.201214,0.251324,0.007884,0.000985,0.001106,0.000286,0.063121,0.076329,-0.522222
298,0.158552,-0.045777,0.317401,-0.158816,0.344871,-0.925141,-0.312196,-0.906445,-0.284365,-0.936467,0.243229,0.252775,0.016096,-0.006027,0.014139,-0.043966,0.143983,0.121506,-0.385263,-0.173219,-0.031686,0.309791,-0.914791,-0.40325,-0.023179,0.269756,-0.652916,0.707718,-0.299358,0.641664,0.706056,0.031054,-0.011004,0.005542,0.127632,-0.176535,0.180529,-1.404618,0.041201,0.027667,-0.015054,0.931114,0.363902,-0.024527,-0.239779,0.66142,0.710654,0.274831,-0.655819,0.703113,0.007975,-0.005939,0.00296,0.108374,-0.01037,0.046558,-0.926309,0.07774,0.019651,-0.059461,0.190124,-0.336584,-0.922259,0.274509,0.92015,-0.279224,0.9426,-0.200081,0.267338,0.007997,0.002172,0.002488,0.0064,0.006384,0.305103,-0.524182
299,0.159274,-0.045748,0.317796,-0.174385,0.352592,-0.91941,-0.31823,-0.903739,-0.286282,-0.931636,0.242216,0.270947,0.016119,0.00568,0.006523,-0.007255,0.090657,0.310842,-0.387645,-0.172023,-0.032102,0.309927,-0.926729,-0.375411,-0.015197,0.257982,-0.665504,0.700345,-0.271854,0.645576,0.713576,0.031072,-0.012037,0.004315,0.289403,-0.183751,-0.098483,-1.404307,0.041798,0.02746,-0.014985,0.942094,0.334932,-0.01668,-0.226793,0.672986,0.704027,0.247027,-0.659477,0.709976,0.015118,-0.000757,-0.002299,0.502994,-0.273566,0.038542,-0.929574,0.078102,0.019663,-0.059258,0.206066,-0.343494,-0.916268,0.280707,0.917761,-0.280923,0.937411,-0.199314,0.28554,0.008158,-0.001797,0.008467,-0.039005,0.156672,0.136172,-0.527448
300,0.15972,-0.04569,0.31802,-0.181648,0.356879,-0.916344,-0.321412,-0.902161,-0.2877,-0.929145,0.241814,0.27972,0.016328,-0.003455,0.017095,-0.062058,0.365239,0.239102,-0.389063,-0.171413,-0.032247,0.309938,-0.935092,-0.354275,-0.009143,0.2476,-0.671866,0.698015,-0.252245,0.650884,0.715952,0.031082,-0.012573,0.003677,0.000329,1.139996,1.167529,-1.404526,0.042103,0.027388,-0.014979,0.948691,0.316016,-0.010894,-0.218187,0.679164,0.700807,0.228865,-0.662472,0.713267,0.014899,-0.00032,-0.001901,-0.044815,3.839513,3.948549,-0.927778,0.078324,0.019695,-0.059151,0.212484,-0.34677,-0.913564,0.283758,0.916524,-0.281894,0.935056,-0.199333,0.293146,0.015877,0.003419,0.003847,-0.031059,0.389311,0.550649,-0.529734
301,0.160672,-0.04545,0.318464,-0.192401,0.36139,-0.912372,-0.326819,-0.900212,-0.287712,-0.925073,0.242369,0.292446,0.03183,0.008147,0.00917,-0.021334,0.252748,0.241843,-0.402383,-0.170215,-0.032428,0.309789,-0.942533,-0.334097,0.001071,0.241378,-0.679084,0.693192,-0.22967,0.65403,0.720666,0.030218,-0.003491,-0.006918,0.385646,1.951782,-1.868492,-1.40511,0.042703,0.027296,-0.015047,0.955827,0.293903,-0.003749,-0.208411,0.686676,0.696448,0.207262,-0.664903,0.717596,0.015125,-0.001618,-0.003329,-0.019491,-0.035285,0.056739,-0.930391,0.078795,0.019811,-0.058924,0.223436,-0.350785,-0.909409,0.289245,0.914833,-0.281811,0.930812,-0.200076,0.305869,0.008196,0.004585,0.005242,-0.03155,0.384426,0.284071,-0.536429
302,0.161544,-0.045113,0.318894,-0.206898,0.359224,-0.910053,-0.32661,-0.902126,-0.281899,-0.921996,0.238456,0.305106,0.01633,0.00889,0.010127,-0.124606,0.411574,-0.194148,-0.419354,-0.169131,-0.032537,0.309446,-0.952171,-0.305504,0.00535,0.223831,-0.68587,0.692399,-0.206652,0.660858,0.721405,0.030246,-0.003813,-0.007344,0.004113,-0.027621,0.061397,-1.405177,0.043244,0.027239,-0.015222,0.964303,0.264778,0.003392,-0.192512,0.692201,0.695555,0.18182,-0.671379,0.718464,0.015135,-0.002433,-0.004291,0.001436,-0.009359,0.047818,-0.927778,0.079237,0.019982,-0.058708,0.237603,-0.348288,-0.906774,0.288842,0.916614,-0.276382,0.927423,-0.196245,0.31839,0.008177,0.004649,0.005286,-0.394887,0.682942,-0.512019,-0.549818
303,0.162176,-0.044805,0.319242,-0.214679,0.358984,-0.908344,-0.329774,-0.902001,-0.278597,-0.919078,0.239287,0.313154,0.01616,0.007401,0.008358,-0.001795,0.012075,0.076425,-0.428815,-0.168193,-0.032641,0.309138,-0.962389,-0.271168,0.016327,0.206752,-0.692592,0.691017,-0.174853,0.668737,0.722552,0.030283,-0.002875,-0.006314,-0.008378,0.069165,-0.113091,-1.405171,0.043713,0.027184,-0.015379,0.973127,0.229834,0.014093,-0.174968,0.698262,0.694129,0.149694,-0.677942,0.719711,0.007579,-0.002144,-0.003233,-0.000166,-0.005149,0.010245,-0.928921,0.079553,0.020138,-0.058531,0.246156,-0.347946,-0.904621,0.292124,0.916572,-0.273053,0.924159,-0.197048,0.327263,0.00807,0.003661,0.004124,0.005632,-0.031043,0.061679,-0.558636
304,0.16242,-0.044682,0.319396,-0.219836,0.361414,-0.906145,-0.331553,-0.901203,-0.279065,-0.917211,0.238631,0.319072,0.016063,0.006461,0.007255,-0.009895,0.100697,0.123413,-0.432386,-0.167774,-0.032688,0.309025,-0.967023,-0.253766,0.021438,0.197801,-0.69589,0.690323,-0.159036,0.672112,0.723075,0.015139,-0.002685,-0.004606,0.00508,0.001627,0.014755,-1.405087,0.043923,0.027161,-0.015435,0.977032,0.212224,0.01921,-0.165936,0.701163,0.693423,0.133691,-0.680684,0.720274,0.014716,0.004547,-0.006794,0.077162,0.158813,-0.096272,-0.931697,0.079669,0.020198,-0.058456,0.25122,-0.349937,-0.902458,0.293896,0.915918,-0.273344,0.922232,-0.196559,0.332942,0.000283,0.003235,0.003721,-0.011847,0.152646,0.12002,-0.562392
305,0.162668,-0.044546,0.31963,-0.227038,0.365581,-0.90269,-0.333948,-0.899871,-0.280506,-0.914576,0.237306,0.327513,0.000321,0.003611,0.004155,-0.018885,0.207511,0.110395,-0.440596,-0.16708,-0.032741,0.308894,-0.973623,-0.226302,0.028928,0.183602,-0.702541,0.687503,-0.134026,0.674958,0.725487,0.015156,-0.001221,-0.002934,0.007388,-0.00439,0.001127,-1.405105,0.04427,0.027133,-0.015503,0.982481,0.18445,0.026618,-0.151509,0.707391,0.690393,0.108514,-0.682331,0.722944,0.007596,-8.3e-05,-0.00087,-0.012835,-0.019606,0.025545,-0.926962,0.079805,0.020271,-0.058334,0.258057,-0.353502,-0.899134,0.296261,0.914773,-0.274622,0.919584,-0.195511,0.340792,0.007865,0.001469,0.001586,-0.030339,0.328258,0.213831,-0.568597
306,0.1627,-0.04455,0.319814,-0.229475,0.366978,-0.901506,-0.334648,-0.899451,-0.281017,-0.913709,0.236738,0.330331,0.000153,0.001725,0.001982,-0.000956,0.010598,0.005633,-0.444255,-0.166603,-0.032712,0.308878,-0.982528,-0.181233,0.042241,0.160556,-0.711673,0.683869,-0.092633,0.678923,0.728248,5e-06,0.00155,0.001788,0.144071,-0.034049,-0.076754,-1.404995,0.044514,0.027143,-0.015517,0.989574,0.138466,0.039604,-0.127583,0.715275,0.687097,0.066812,-0.684987,0.725484,0.007605,0.000751,9.1e-05,0.355757,0.55485,-0.636265,-0.927778,0.079821,0.02027,-0.05824,0.260976,-0.355224,-0.897611,0.297124,0.914253,-0.275423,0.918481,-0.194823,0.344143,7.1e-05,0.000851,0.000978,0.002725,-0.03234,0.015335,-0.573006
307,0.162678,-0.044629,0.319882,-0.230071,0.366429,-0.901578,-0.334745,-0.899645,-0.280279,-0.913523,0.236853,0.330764,-9.6e-05,-0.001079,-0.00124,-0.000836,0.013586,-0.025403,-0.444847,-0.166466,-0.032683,0.308899,-0.984376,-0.169457,0.047738,0.155832,-0.713465,0.683095,-0.080449,0.680067,0.728629,0.015167,0.001961,0.000728,0.014532,0.037072,-0.022586,-1.404994,0.044583,0.027161,-0.015503,0.99086,0.127103,0.045165,-0.123255,0.717102,0.685982,0.054802,-0.685279,0.726215,1.7e-05,0.000819,0.000936,0.02286,0.189053,-0.182734,-0.927778,0.079816,0.020239,-0.058205,0.261314,-0.354524,-0.89779,0.297133,0.914487,-0.274633,0.918382,-0.194998,0.344309,-1.1e-05,-9e-05,-0.000103,-0.00525,0.08742,-0.178654,-0.573659
308,0.162572,-0.044857,0.32,-0.231295,0.365301,-0.901722,-0.335027,-0.90002,-0.278735,-0.913108,0.237171,0.331677,-0.015454,-0.011587,0.007943,-0.03666,0.026685,-0.048405,-0.445483,-0.166318,-0.032658,0.308912,-0.987964,-0.146099,0.05073,0.140957,-0.716927,0.682701,-0.062121,0.681811,0.728792,0.0,6e-06,7e-06,1e-06,6e-06,7e-06,-1.405216,0.044662,0.027177,-0.015492,0.993461,0.103572,0.04802,-0.108188,0.719838,0.685659,0.036448,-0.686371,0.726337,1.2e-05,-1.8e-05,-2.6e-05,-6.3e-05,-0.001335,-0.000401,-0.929248,0.079757,0.020116,-0.058148,0.26249,-0.353263,-0.897943,0.297377,0.914896,-0.273002,0.917967,-0.195367,0.345204,-0.007738,-0.005903,0.003847,-0.036746,0.026586,-0.048456,-0.574802
309,0.162525,-0.045076,0.320128,-0.234874,0.362599,-0.901888,-0.32992,-0.90245,-0.276964,-0.91405,0.232042,0.332712,-2.9e-05,-0.000326,-0.000375,-0.005699,0.09263,-0.175913,-0.444457,-0.166422,-0.032664,0.308884,-0.990813,-0.123245,0.055607,0.127712,-0.719824,0.682259,-0.042804,0.68324,0.728845,-0.015164,-0.000828,0.000581,-0.002045,0.015205,-0.029245,-1.404742,0.044616,0.027173,-0.015508,0.99536,0.080535,0.052648,-0.094675,0.722195,0.685178,0.017159,-0.686984,0.726469,1.1e-05,-5.1e-05,-5.8e-05,0.000124,-0.001783,-0.000243,-0.925982,0.079733,0.020003,-0.058088,0.265845,-0.350497,-0.89804,0.292151,0.917045,-0.27143,0.918679,-0.190205,0.34619,3.7e-05,-0.005493,0.004221,-0.035938,0.011968,-0.018806,-0.574965
310,0.162538,-0.045275,0.320294,-0.237959,0.360328,-0.901989,-0.324938,-0.904636,-0.27572,-0.915031,0.227027,0.333472,4.6e-05,0.00051,0.000587,9e-06,3e-06,-3e-06,-0.444085,-0.16664,-0.032661,0.308862,-0.992033,-0.112073,0.057468,0.120865,-0.721066,0.682195,-0.033762,0.683838,0.728759,-0.016089,0.009436,-0.008611,0.034412,0.005284,-0.010704,-1.404609,0.044508,0.027172,-0.015514,0.996094,0.069379,0.054612,-0.087927,0.72311,0.685113,0.008041,-0.687239,0.726386,5e-06,-0.00051,-0.000585,-0.012391,0.098599,-0.17282,-0.925165,0.07974,0.019902,-0.058006,0.268929,-0.347973,-0.898104,0.287013,0.919046,-0.270143,0.919402,-0.185118,0.34703,8.6e-05,-0.004947,0.004845,-0.03609,0.012056,-0.018863,-0.574802
311,0.162539,-0.045365,0.32038,-0.238522,0.359799,-0.902052,-0.325085,-0.904803,-0.274995,-0.914832,0.227198,0.333903,1.8e-05,0.000199,0.000229,-0.0,0.0,0.0,-0.444355,-0.166801,-0.03265,0.308843,-0.993753,-0.094833,0.058766,0.109216,-0.722982,0.682131,-0.020945,0.684398,0.728714,-0.0,-7.1e-05,-8.2e-05,0.008769,0.101785,0.108736,-1.404713,0.044427,0.02718,-0.015529,0.997064,0.052542,0.055684,-0.076436,0.724521,0.685,-0.004352,-0.687245,0.726411,-1.2e-05,-3.4e-05,-3.2e-05,0.09857,1.141157,1.220621,-0.922716,0.07974,0.019863,-0.057965,0.269455,-0.347431,-0.898156,0.287126,0.919217,-0.269437,0.919212,-0.185283,0.347444,1.2e-05,0.000155,0.000178,-0.005999,0.092432,-0.175913,-0.574638
