frame,MLTx,MLTy,MLTz,MLTR1,MLTR2,MLTR3,MLTR4,MLTR5,MLTR6,MLTR7,MLTR8,MLTR9,MLTTVx,MLTTVy,MLTTVz,MLTRVx,MLTRVy,MLTRVz,MLGA,MRTx,MRTy,MRTz,MRTR1,MRTR2,MRTR3,MRTR4,MRTR5,MRTR6,MRTR7,MRTR8,MRTR9,MRTTVx,MRTTVy,MRTTVz,MRTRVx,MRTRVy,MRTRVz,MRGA,SLTx,SLTy,SLTz,SLTR1,SLTR2,SLTR3,SLTR4,SLTR5,SLTR6,SLTR7,SLTR8,SLTR9,SLTTVx,SLTTVy,SLTTVz,SLTRVx,SLTRVy,SLTRVz,SLGA,SRTx,SRTy,SRTz,SRTR1,SRTR2,SRTR3,SRTR4,SRTR5,SRTR6,SRTR7,SRTR8,SRTR9,SRTTVx,SRTTVy,SRTTVz,SRTRVx,SRTRVy,SRTRVz,SRGA
213,0.23263,-0.06059,0.345873,-0.703972,0.580788,-0.408844,-0.649109,-0.759711,0.038327,-0.287473,0.291638,0.912323,-0.000138,0.001179,0.001293,0.0,0.0,0.0,0.445979,-0.244269,-0.0319,0.323013,-0.668369,0.652649,0.356823,-0.509246,-0.751048,0.420154,0.543043,0.098291,0.83385,0.016195,0.003694,0.003919,0.002057,-0.015221,0.029236,-0.067701,8.4e-05,0.0419,0.001417,0.593845,-0.651417,0.47223,0.508595,0.758717,0.407035,-0.623439,-0.001542,0.781869,0.000718,0.002989,0.003285,-0.001666,0.002024,0.001182,-0.208157,0.117935,0.023804,-0.033927,0.761839,-0.539967,-0.35782,0.577182,0.816608,-0.003413,0.294042,-0.203927,0.933783,-1.1e-05,9.6e-05,0.000105,-2.9e-05,-4e-06,8.2e-05,0.41033
214,0.232571,-0.060591,0.345893,-0.703935,0.580821,-0.408861,-0.649151,-0.759675,0.03833,-0.287468,0.291667,0.912315,-0.015672,-0.000254,0.00117,-0.000285,0.003349,-0.003078,0.44647,-0.244223,-0.031867,0.32308,-0.668561,0.651982,0.357682,-0.508542,-0.751662,0.419908,0.543467,0.098022,0.833605,0.000291,0.001205,0.001324,-0.011444,0.096687,-0.173412,-0.194846,0.000115,0.041929,0.001457,0.593965,-0.650744,0.473009,0.508008,0.759296,0.406689,-0.623805,-0.001266,0.781578,0.000147,0.000623,0.000682,6.8e-05,0.000557,0.000681,-0.264982,0.117912,0.023804,-0.033917,0.761885,-0.539921,-0.357791,0.577142,0.816636,-0.003363,0.294001,-0.203934,0.933794,-7e-06,5.5e-05,6.3e-05,-1.7e-05,1.3e-05,7e-05,0.41082
215,0.2325,-0.060591,0.345884,-0.703923,0.580838,-0.408859,-0.649158,-0.75967,0.038298,-0.287483,0.291646,0.912318,-0.0,0.0,0.0,0.0,0.0,0.0,0.446007,-0.244188,-0.031952,0.322878,-0.66523,0.653447,0.361204,-0.507687,-0.750496,0.423017,0.548335,0.097208,0.830508,-0.001609,-0.006663,-0.007333,-0.042085,0.066229,0.006716,-0.447843,0.000133,0.041892,0.001362,0.590074,-0.651687,0.476566,0.506544,0.758487,0.410011,-0.628668,-0.000535,0.777672,-0.000894,-0.003711,-0.004081,-0.011121,0.043186,0.001334,-0.520858,0.11787,0.023806,-0.033919,0.761779,-0.540038,-0.35784,0.577253,0.816557,-0.003446,0.294058,-0.203939,0.933775,2e-06,-1.8e-05,-1.6e-05,-8e-06,2.2e-05,5.8e-05,0.411147
216,0.232477,-0.060593,0.345884,-0.703852,0.580898,-0.408896,-0.649223,-0.759617,0.038258,-0.28751,0.291666,0.912303,1.9e-05,-0.000166,-0.000182,0.0,0.0,0.0,0.44693,-0.244437,-0.032238,0.322225,-0.658227,0.657397,0.366821,-0.507088,-0.747211,0.429501,0.55727,0.095877,0.824695,-0.00375,-0.015452,-0.017094,-0.088986,0.138955,0.017455,-0.682878,1.8e-05,0.041763,0.00105,0.58241,-0.654828,0.481661,0.505163,0.755777,0.416666,-0.636873,0.000647,0.770967,-0.00943,-0.002006,-0.012438,-0.067313,0.167811,0.027862,-0.708316,0.117858,0.023805,-0.033919,0.761714,-0.540107,-0.357874,0.577324,0.816507,-0.003481,0.294087,-0.203958,0.933762,1.7e-05,-0.000137,-0.000147,-0.0,2.1e-05,4.9e-05,0.41131
217,0.232512,-0.060588,0.345871,-0.703696,0.581024,-0.408984,-0.649354,-0.75951,0.038147,-0.287593,0.291692,0.912268,3e-06,-2.8e-05,-3.1e-05,0.0,0.0,0.0,0.447486,-0.245155,-0.032683,0.321364,-0.660653,0.653615,0.369209,-0.501908,-0.750222,0.430336,0.559091,0.098177,0.82319,-0.019478,-0.006168,-0.027442,0.039967,-0.054101,0.084959,-1.230706,-0.000345,0.041524,0.000609,0.584739,-0.651013,0.484005,0.500331,0.759065,0.41652,-0.638551,-0.001393,0.769577,-0.009677,-0.002887,-0.013486,0.039926,0.020129,-0.066474,-0.903121,0.117876,0.023807,-0.033926,0.761573,-0.540253,-0.357955,0.577467,0.816405,-0.003583,0.294173,-0.203979,0.933731,2e-06,-1.1e-05,-1.2e-05,-1.8e-05,-7e-06,3e-05,0.412126
218,0.232548,-0.060591,0.345865,-0.703659,0.581052,-0.409008,-0.649387,-0.759483,0.038127,-0.287611,0.291705,0.912258,1e-05,-8.8e-05,-9.7e-05,0.0,0.0,0.0,0.445417,-0.245644,-0.032687,0.320867,-0.664731,0.649224,0.369638,-0.497469,-0.753681,0.429445,0.558228,0.100771,0.823462,-0.033562,0.009794,-0.030284,0.075809,-0.068659,0.096288,-1.391924,-0.000586,0.041507,0.000352,0.589078,-0.646755,0.484452,0.49619,0.762686,0.414853,-0.637794,-0.004,0.770196,-0.009283,-0.001219,-0.011654,0.030008,0.026833,-0.064193,-0.866544,0.117894,0.023805,-0.033929,0.761538,-0.540287,-0.357978,0.577503,0.81638,-0.003601,0.294192,-0.203991,0.933722,6e-06,-4.7e-05,-5.2e-05,-1.3e-05,-4e-06,2.6e-05,0.411963
219,0.232588,-0.060634,0.345814,-0.706841,0.577078,-0.409149,-0.645101,-0.763134,0.037988,-0.28944,0.290072,0.912201,0.000229,-0.001951,-0.00214,0.0,-0.0,-0.0,0.424145,-0.246863,-0.032028,0.319887,-0.665811,0.648583,0.368817,-0.497804,-0.754257,0.428043,0.556639,0.100586,0.82456,-0.03154,0.017996,-0.021175,0.066102,0.014187,-0.051835,-1.405386,-0.001198,0.041825,-0.000152,0.590277,-0.646311,0.483584,0.496736,0.763064,0.413505,-0.636259,-0.003869,0.771465,-0.01562,0.014797,-0.014432,0.102131,-0.000498,-0.037238,-0.865891,0.117914,0.023787,-0.033951,0.764361,-0.536043,-0.358342,0.572895,0.819618,-0.00405,0.295875,-0.202196,0.93358,0.00015,-0.001267,-0.00139,-0.000329,0.000218,9.9e-05,0.398737
220,0.232631,-0.060781,0.345543,-0.706293,0.577541,-0.409442,-0.64555,-0.762779,0.03751,-0.289777,0.290085,0.91209,0.000769,-0.006552,-0.007203,-0.0007,0.011371,-0.026472,0.375036,-0.248191,-0.031007,0.319095,-0.671883,0.645655,0.362896,-0.490588,-0.754919,0.43515,0.555756,0.11353,0.823475,-0.045114,0.035458,-0.022318,0.060993,0.050758,-0.008833,-1.405709,-0.001874,0.042344,-0.000554,0.596938,-0.644202,0.478193,0.488725,0.764665,0.42004,-0.636248,-0.017033,0.771296,-0.022486,0.017956,-0.010876,0.092876,0.035539,-0.019823,-0.864095,0.117934,0.023719,-0.034081,0.763847,-0.536591,-0.358617,0.573404,0.81926,-0.004502,0.296217,-0.202194,0.933473,0.000394,-0.00332,-0.003648,-0.000748,0.01137,-0.026339,0.349423
221,0.232637,-0.060812,0.34534,-0.70603,0.577774,-0.409565,-0.645712,-0.762661,0.037095,-0.290054,0.289928,0.912051,0.000666,-0.005676,-0.006247,-0.000701,0.011379,-0.026469,0.35018,-0.248882,-0.030496,0.318753,-0.675015,0.643034,0.361737,-0.482852,-0.755624,0.442515,0.558735,0.123235,0.820056,-0.030217,0.03343,-0.024661,-0.034269,0.164237,0.100609,-1.406164,-0.002207,0.042591,-0.000711,0.600483,-0.641684,0.477137,0.480115,0.76649,0.426593,-0.639459,-0.027081,0.768346,-0.022652,0.012035,-0.007168,-0.066768,0.139288,0.217082,-0.863768,0.117938,0.023699,-0.034187,0.763608,-0.536857,-0.358728,0.573587,0.81913,-0.004906,0.296479,-0.202016,0.933428,-9.3e-05,0.002187,-0.007848,0.035432,-0.005681,0.022066,0.314805
222,0.232628,-0.06078,0.344976,-0.705518,0.574929,-0.414424,-0.64482,-0.763339,0.038639,-0.29326,0.293769,0.909795,0.000383,-0.003266,-0.003601,-0.08705,-0.278311,-0.117452,0.310892,-0.250303,-0.029658,0.318094,-0.671354,0.642742,0.368995,-0.466751,-0.753305,0.463259,0.576562,0.137977,0.805234,-0.030622,0.021324,-0.017557,-0.474335,0.707639,0.414608,-1.406514,-0.002916,0.043018,-0.001039,0.597732,-0.639637,0.483299,0.461921,0.767504,0.444484,-0.655243,-0.042436,0.754224,-0.022858,0.01118,-0.008168,-0.517213,0.7375,0.605007,-0.858543,0.117934,0.02371,-0.034375,0.762929,-0.534913,-0.36305,0.572879,0.81963,-0.003759,0.299578,-0.205116,0.931761,-0.0002,0.003095,-0.006855,-0.111589,-0.431531,-0.164573,0.250469
223,0.232606,-0.060587,0.344481,-0.705322,0.568432,-0.423617,-0.642285,-0.765274,0.042394,-0.299213,0.301273,0.905391,-0.000336,0.005561,-0.014411,-0.159155,-0.627437,-0.241292,0.280743,-0.251528,-0.028827,0.317518,-0.677533,0.636202,0.369035,-0.436925,-0.751671,0.493985,0.592515,0.172653,0.786754,-0.03027,0.022532,-0.016236,-0.533874,0.545856,0.752146,-1.406729,-0.00354,0.043441,-0.001334,0.603241,-0.633965,0.48393,0.429025,0.769435,0.473188,-0.672337,-0.077829,0.736141,-0.015112,0.011335,-0.008009,-0.580992,0.597047,0.767259,-0.851521,0.117923,0.023806,-0.034615,0.762424,-0.52984,-0.371453,0.570429,0.821346,-0.000737,0.305482,-0.211325,0.92845,-0.00011,0.002354,-0.007676,0.019461,-0.059812,-0.045347,0.203278
224,0.232523,-0.060212,0.343621,-0.705573,0.559743,-0.434626,-0.638414,-0.768246,0.046876,-0.306789,0.309845,0.899946,-0.000932,0.013336,-0.026399,-0.086595,-0.498844,-0.195,0.223648,-0.252777,-0.027696,0.316655,-0.687741,0.627786,0.36454,-0.402425,-0.74751,0.52841,0.605084,0.21592,0.766234,-0.045359,0.033731,-0.024491,-0.587636,0.681251,0.828011,-1.406912,-0.004147,0.043997,-0.001753,0.615052,-0.625832,0.479628,0.391288,0.770362,0.503423,-0.684546,-0.121959,0.718694,-0.015171,0.016162,-0.012978,-0.677475,0.852572,0.782615,-0.872913,0.117881,0.023993,-0.035039,0.762025,-0.521318,-0.384115,0.566009,0.824389,0.004019,0.314565,-0.220475,0.923275,-3.7e-05,0.001789,-0.008311,-0.208864,-0.726291,-0.284641,0.138125
225,0.232424,-0.059963,0.343163,-0.705935,0.554252,-0.441028,-0.635872,-0.770168,0.049803,-0.31119,0.314901,0.896675,-0.001052,0.014366,-0.025266,-0.028343,-0.312373,-0.116032,0.192235,-0.253429,-0.027066,0.316117,-0.688434,0.626467,0.365499,-0.389345,-0.744252,0.542617,0.612814,0.230464,0.755784,-0.030801,0.030588,-0.028015,-0.451298,0.50168,0.752717,-1.407126,-0.004478,0.044315,-0.002019,0.614722,-0.625075,0.481038,0.376572,0.768469,0.517347,-0.693043,-0.136879,0.70778,-0.015375,0.015359,-0.013896,-0.599791,0.660042,0.843041,-0.8832,0.117832,0.024114,-0.03527,0.761897,-0.515522,-0.392109,0.562989,0.826431,0.007386,0.320244,-0.226381,0.919888,-0.008311,0.006659,-0.012477,-0.043094,-0.255111,-0.350456,0.095832
226,0.231918,-0.059208,0.342142,-0.7013,0.543234,-0.461649,-0.636127,-0.769137,0.061176,-0.320972,0.33589,0.885541,-0.017882,0.026682,-0.030763,-0.223585,-0.932198,-0.580775,0.166566,-0.254596,-0.025986,0.314944,-0.688544,0.62487,0.368015,-0.361838,-0.735697,0.5725,0.629344,0.260244,0.732163,-0.032005,0.015941,-0.023826,-1.337609,-0.162157,-0.297504,-1.4067,-0.00506,0.044863,-0.002604,0.614795,-0.62361,0.482843,0.347769,0.763831,0.543708,-0.707872,-0.166351,0.686472,-0.008447,0.012219,-0.017546,-2.46233,-2.59368,-3.485377,-0.89708,0.117579,0.024492,-0.035796,0.756893,-0.507731,-0.411487,0.563619,0.825844,0.017724,0.330826,-0.245337,0.911242,-0.008932,0.013468,-0.015236,-0.218332,-0.92397,-0.581597,0.030026
227,0.231063,-0.058229,0.340999,-0.69827,0.530445,-0.480721,-0.634855,-0.769122,0.07337,-0.329951,0.355756,0.874413,-0.033303,0.024589,-0.031664,-0.419348,-0.706811,-0.135337,0.13618,-0.255645,-0.025043,0.313646,-0.692687,0.618993,0.370168,-0.332391,-0.729344,0.59792,0.640951,0.290351,0.710452,-0.031912,0.026462,-0.032822,-0.691422,0.233608,0.428675,-1.406583,-0.005586,0.045326,-0.003255,0.618674,-0.617805,0.485343,0.314635,0.760893,0.56749,-0.719893,-0.198385,0.665128,-0.016037,0.012872,-0.016799,-1.327379,-0.178563,-0.473445,-0.90753,0.117151,0.024987,-0.036362,0.753091,-0.495772,-0.432508,0.561736,0.826756,0.030417,0.342499,-0.265862,0.901115,-0.016637,0.012346,-0.015768,-0.479863,-0.83601,-0.161802,-0.005897
228,0.23052,-0.057729,0.340301,-0.699781,0.51785,-0.492121,-0.629034,-0.77315,0.080789,-0.337782,0.365447,0.867398,-0.033818,0.031909,-0.044185,-0.181377,-0.847983,-0.593657,0.107665,-0.25617,-0.024468,0.312979,-0.694091,0.616762,0.371259,-0.317488,-0.724995,0.611161,0.646966,0.305553,0.698523,-0.016604,0.02613,-0.033099,-2.529586,-2.812469,-3.251462,-1.406702,-0.005856,0.04561,-0.003592,0.616246,-0.619438,0.486351,0.302091,0.75623,0.580394,-0.727311,-0.210743,0.65315,-0.015747,0.013904,-0.015628,-0.632851,0.735808,0.676334,-0.913245,0.116891,0.025229,-0.036689,0.753658,-0.484712,-0.443906,0.555881,0.830438,0.036991,0.350707,-0.274638,0.895308,-0.016471,0.011008,-0.017267,-0.257047,-1.083534,-0.479403,-0.036106
229,0.229005,-0.056858,0.338557,-0.698321,0.490076,-0.521745,-0.618963,-0.779493,0.09616,-0.358708,0.389478,0.84833,-0.04858,0.023877,-0.051812,-0.288257,-1.104267,-0.748067,0.08674,-0.256981,-0.023371,0.31176,-0.680007,0.620089,0.391242,-0.292506,-0.718614,0.630847,0.673178,0.313758,0.669515,-0.016481,0.026512,-0.03269,-0.689487,0.60365,0.751113,-1.406935,-0.00626,0.04616,-0.004199,0.604685,-0.615823,0.505091,0.271186,0.755466,0.596429,-0.748874,-0.223678,0.623822,-0.008265,0.013117,-0.016484,-0.874747,0.720141,0.299981,-0.917001,0.116139,0.025673,-0.037554,0.750259,-0.459439,-0.47542,0.545135,0.836755,0.051649,0.374081,-0.297919,0.87824,-0.024182,0.011248,-0.026651,-0.141702,-0.577401,-0.779981,-0.087869
230,0.227127,-0.055924,0.336366,-0.692185,0.449966,-0.56432,-0.600051,-0.79323,0.103429,-0.40024,0.409648,0.819771,-0.048275,0.021025,-0.055199,-0.315183,-1.170036,-0.977516,0.072739,-0.257422,-0.022972,0.310436,-0.639006,0.63505,0.434021,-0.267012,-0.712177,0.649185,0.722156,0.298143,0.624071,-0.004931,0.003077,-0.038577,-0.520925,2.760602,-1.036337,-1.406054,-0.006482,0.046382,-0.004843,0.560493,-0.625889,0.542319,0.244316,0.75067,0.613843,-0.7913,-0.211558,0.57366,-0.002823,-0.004811,-0.016073,-1.059588,1.756874,0.495684,-0.904917,0.1152,0.026138,-0.038651,0.741277,-0.422933,-0.521186,0.524993,0.849154,0.057619,0.418198,-0.31633,0.851495,-0.024475,0.015395,-0.032467,-0.243007,-1.401585,-1.150547,-0.109097
231,0.226004,-0.055426,0.335171,-0.681232,0.43098,-0.591798,-0.593315,-0.798548,0.101342,-0.428061,0.419619,0.800444,-0.064515,0.028834,-0.065935,1.443646,-2.571723,0.099061,0.049832,-0.257452,-0.023061,0.309622,-0.615245,0.642188,0.457229,-0.246405,-0.70747,0.662347,0.749588,0.294032,0.592897,0.00857,-0.003538,-0.046184,-1.140853,1.689389,0.743333,-1.406473,-0.006502,0.046341,-0.005246,0.534274,-0.628325,0.565471,0.221757,0.749703,0.623513,-0.815705,-0.207729,0.539882,0.003985,-0.007934,-0.019675,-0.795262,2.754032,-0.831264,-0.903611,0.114621,0.026394,-0.039271,0.729748,-0.405978,-0.550135,0.517388,0.853905,0.056161,0.446963,-0.325617,0.833185,-0.032199,0.014215,-0.033158,1.469136,-2.467119,0.103906,-0.129182
232,0.222945,-0.054365,0.332666,-0.649417,0.38083,-0.658233,-0.569469,-0.817166,0.088978,-0.503198,0.432149,0.748376,-0.09565,0.027337,-0.065324,0.133268,-1.847776,-0.737799,-0.01164,-0.256944,-0.023467,0.30771,-0.548805,0.664535,0.507147,-0.201987,-0.693995,0.691019,0.811836,0.275959,0.514424,0.022204,-0.009973,-0.053898,-1.542877,1.594346,1.382628,-1.406816,-0.006254,0.046136,-0.006204,0.462459,-0.642641,0.610854,0.174307,0.741405,0.648024,-0.869337,-0.193208,0.454886,0.011084,-0.005134,-0.027116,-1.212791,2.633427,-0.471396,-0.905407,0.113091,0.02692,-0.040529,0.694285,-0.36305,-0.621419,0.492238,0.869446,0.042003,0.525041,-0.335048,0.782351,-0.047765,0.013612,-0.032692,0.123062,-1.964507,-0.747359,-0.20152
233,0.219221,-0.053661,0.330314,-0.584465,0.343524,-0.735144,-0.564974,-0.822548,0.064735,-0.581732,0.452741,0.675751,-0.109477,0.00274,-0.05077,-0.134402,-2.419115,0.290249,-0.041824,-0.255618,-0.023976,0.305218,-0.476537,0.674823,0.563487,-0.15057,-0.694007,0.704,0.866718,0.249787,0.431588,0.034748,-0.020743,-0.067114,-1.304366,2.655416,-1.45338,-1.406385,-0.005594,0.045891,-0.007437,0.383963,-0.647497,0.658269,0.122618,0.742357,0.658687,-0.91517,-0.172196,0.364433,0.024855,-0.006277,-0.039312,-1.394165,1.852189,0.183083,-0.917001,0.11127,0.027276,-0.041681,0.629355,-0.337673,-0.699919,0.487504,0.87295,0.017203,0.605186,-0.352041,0.714013,-0.047304,0.007186,-0.029801,1.169129,-3.210115,1.65842,-0.2492
234,0.214849,-0.053633,0.32807,-0.504395,0.322564,-0.800989,-0.576124,-0.816644,0.033859,-0.642581,0.478142,0.598747,-0.108672,-0.013352,-0.049032,0.926884,-2.155182,-0.111864,-0.052402,-0.253946,-0.024336,0.301519,-0.413578,0.675056,0.610937,-0.100887,-0.700752,0.706189,0.905329,0.229579,0.357122,0.047284,-0.011628,-0.100393,-1.047808,1.578359,-0.101679,-1.406664,-0.004763,0.04571,-0.009271,0.316481,-0.639606,0.70053,0.07347,0.752799,0.654137,-0.945748,-0.155554,0.285239,0.023681,-0.000659,-0.054783,-0.709494,1.263232,-0.23316,-0.917654,0.109084,0.027301,-0.042798,0.548576,-0.328264,-0.768964,0.500788,0.865483,-0.012207,0.669533,-0.378392,0.639174,-0.062498,-0.002095,-0.029061,3.996696,-2.445434,-2.489862,-0.267489
235,0.212512,-0.053806,0.326975,-0.471433,0.306256,-0.827045,-0.571261,-0.820464,0.021747,-0.67132,0.482326,0.562777,-0.125121,-0.005426,-0.060302,0.705247,-1.714894,-0.453325,-0.036135,-0.253059,-0.024352,0.299418,-0.386685,0.677101,0.626099,-0.082485,-0.701476,0.707857,0.918946,0.221222,0.326285,0.047952,0.000652,-0.107931,-0.812932,1.41303,-0.184845,-1.406468,-0.004323,0.045688,-0.01033,0.287685,-0.639555,0.712885,0.054733,0.754115,0.654457,-0.956159,-0.149259,0.251952,0.023995,0.00023,-0.054075,-0.904498,1.593244,-0.260784,-0.916674,0.107968,0.027215,-0.043324,0.513535,-0.319667,-0.796299,0.498818,0.866314,-0.026085,0.698184,-0.383813,0.604339,-0.054712,-0.002143,-0.029991,-0.417898,-2.626621,0.860509,-0.267326
236,0.207313,-0.054128,0.324581,-0.420153,0.249038,-0.872637,-0.527183,-0.84966,0.011284,-0.738119,0.464467,0.489364,-0.141847,0.001301,-0.073843,0.137727,-2.151565,0.274906,0.016474,-0.250616,-0.024474,0.29533,-0.283438,0.697533,0.658105,-0.055273,-0.696884,0.715004,0.957691,0.165408,0.235224,0.079166,-0.021137,-0.09213,-1.384821,2.366678,0.170391,-1.406176,-0.003145,0.045634,-0.012357,0.184506,-0.651091,0.736231,0.028711,0.752343,0.658145,-0.982411,-0.100294,0.157505,0.039828,-0.00462,-0.049692,-0.640909,3.964981,-0.063214,-0.902142,0.105381,0.027049,-0.044512,0.461592,-0.268102,-0.845608,0.448996,0.892727,-0.037948,0.765071,-0.362158,0.532453,-0.078427,-0.004962,-0.032176,3.484219,-1.144495,-4.127544,-0.230585
237,0.201664,-0.054521,0.321883,-0.396675,0.173327,-0.901472,-0.476989,-0.877935,0.041029,-0.783836,0.446047,0.432054,-0.157569,-0.01501,-0.072381,1.259427,-1.838859,-0.748308,0.033369,-0.247298,-0.025564,0.292051,-0.180385,0.720126,0.669978,0.012233,-0.679352,0.733666,0.98368,0.139633,0.11287,0.095713,-0.03048,-0.083161,-1.961594,2.913129,0.68962,-1.405939,-0.001464,0.045081,-0.014038,0.078423,-0.667521,0.740449,-0.041273,0.739926,0.67142,-0.996065,-0.083215,0.030477,0.047843,-0.020734,-0.037425,-1.980148,2.902362,0.659782,-0.911122,0.102509,0.026859,-0.045881,0.430176,-0.195694,-0.881278,0.396244,0.918085,-0.01045,0.811134,-0.344706,0.47248,-0.078804,-0.008142,-0.036819,4.415397,-2.014043,-3.33701,-0.195641
238,0.198596,-0.054791,0.320331,-0.370397,0.145754,-0.917392,-0.467062,-0.882891,0.048246,-0.802471,0.446163,0.39624,-0.15807,-0.018396,-0.07749,-0.214827,-2.004624,-0.589234,0.043292,-0.245355,-0.026226,0.290484,-0.129055,0.73687,0.663596,0.04377,-0.664201,0.746227,0.990764,0.124424,0.05261,0.111659,-0.030734,-0.084262,-0.860159,1.779947,3.043557,-1.406069,-0.000498,0.044751,-0.01482,0.024647,-0.681188,0.731692,-0.076629,0.728474,0.680773,-0.996754,-0.072848,-0.034244,0.048289,-0.014399,-0.040975,-1.569794,2.548048,0.432382,-0.92043,0.100916,0.02672,-0.046683,0.402056,-0.172118,-0.899291,0.384356,0.923171,-0.004849,0.831035,-0.343699,0.437322,-0.078949,-0.009632,-0.039181,-0.206176,-1.9621,-0.560511,-0.183884
239,0.192428,-0.055168,0.31682,-0.332678,0.089442,-0.938813,-0.446559,-0.891737,0.073229,-0.830217,0.443481,0.337773,-0.144006,-0.009676,-0.091836,-0.106755,-1.436575,-0.700734,0.05731,-0.24114,-0.027458,0.287315,-0.044405,0.760382,0.647949,0.090772,-0.642729,0.760653,0.994866,0.091639,-0.041314,0.11284,-0.029125,-0.084074,-1.200609,2.21694,0.254186,-1.405966,0.001609,0.044137,-0.016401,-0.058597,-0.704005,0.707773,-0.125139,0.708579,0.694446,-0.990406,-0.047877,-0.129619,0.056483,-0.014433,-0.041921,-1.040411,1.906088,0.286595,-0.920267,0.097886,0.026531,-0.048409,0.359692,-0.120871,-0.925208,0.362727,0.931695,0.019298,0.859679,-0.34254,0.378966,-0.072136,-0.000242,-0.051087,-0.100823,-1.598965,-0.790015,-0.158084
240,0.186824,-0.055375,0.313128,-0.298701,0.042333,-0.953431,-0.436196,-0.894606,0.096879,-0.848479,0.444763,0.286873,-0.129247,-0.005803,-0.090061,-0.057663,-1.270249,-0.593147,0.052586,-0.236897,-0.028444,0.284088,0.00554,0.772847,0.634561,0.108754,-0.631166,0.767943,0.993975,0.063787,-0.088361,0.099364,-0.022765,-0.077419,-0.391087,1.021766,-0.023933,-1.405829,0.003735,0.043635,-0.018025,-0.109476,-0.7158,0.689669,-0.145494,0.697906,0.701254,-0.983283,-0.023572,-0.180549,0.049721,-0.005763,-0.04279,-0.361836,1.17505,0.057853,-0.910796,0.095079,0.026416,-0.050268,0.322131,-0.078349,-0.943447,0.351693,0.935153,0.042422,0.878944,-0.345469,0.328797,-0.072659,0.001991,-0.049507,-0.017291,-1.412735,-0.685551,-0.14943
241,0.18139,-0.055141,0.309763,-0.273388,0.007667,-0.961897,-0.420895,-0.900103,0.112396,-0.864611,0.435571,0.250503,-0.129723,0.006637,-0.07627,-0.010789,-0.955332,-0.404821,0.045048,-0.232477,-0.028919,0.281383,0.036526,0.77493,0.630983,0.120868,-0.630088,0.767016,0.991879,0.047278,-0.117488,0.118843,-0.00821,-0.059143,-0.326697,0.694137,0.259325,-1.406172,0.005934,0.043378,-0.019405,-0.1391,-0.715608,0.68451,-0.156377,0.69843,0.698384,-0.977853,-0.009897,-0.209056,0.067309,-0.004192,-0.02983,-0.339374,0.703787,0.291468,-0.912919,0.092361,0.026514,-0.051974,0.294151,-0.046898,-0.954607,0.335601,0.940264,0.057218,0.8949,-0.337198,0.292318,-0.06494,0.00908,-0.041881,0.013537,-1.053763,-0.398814,-0.165269
242,0.178823,-0.054763,0.308287,-0.265283,-0.000854,-0.964193,-0.418499,-0.900778,0.115886,-0.8683,0.434253,0.239806,-0.129968,0.02501,-0.075975,0.102963,-0.525767,-0.127616,0.043984,-0.230031,-0.029009,0.280473,0.049386,0.773407,0.631976,0.129548,-0.632256,0.763808,0.990209,0.04318,-0.132228,0.136795,-0.009929,-0.038811,-0.245713,0.46547,0.115342,-1.406253,0.007149,0.043326,-0.019877,-0.152883,-0.713922,0.68333,-0.165464,0.70019,0.694517,-0.974293,-0.006887,-0.225175,0.060783,-0.004072,-0.018164,-0.375222,0.499528,0.119957,-0.909816,0.09103,0.026701,-0.052746,0.283975,-0.037831,-0.958084,0.333025,0.940906,0.061555,0.899139,-0.336546,0.279793,-0.064903,0.013089,-0.037157,0.111787,-0.469796,-0.098293,-0.166575
243,0.173882,-0.053456,0.305848,-0.270965,-0.027123,-0.962231,-0.410593,-0.900842,0.140961,-0.87031,0.433309,0.23416,-0.129254,0.040424,-0.057318,0.112763,-0.377033,-0.21261,0.035245,-0.224881,-0.029151,0.279482,0.084007,0.76884,0.633892,0.156495,-0.63832,0.753652,0.983923,0.034926,-0.174754,0.123815,-0.008435,-0.014131,-0.540161,0.871472,-0.043876,-1.406327,0.009732,0.043262,-0.020371,-0.18631,-0.707345,0.681873,-0.190361,0.706862,0.681254,-0.963872,-0.002877,-0.266347,0.069802,-0.004194,-0.007279,-1.011032,1.115482,-0.233066,-0.911612,0.088608,0.027335,-0.053949,0.288056,-0.011839,-0.957539,0.324763,0.941872,0.086053,0.900861,-0.335762,0.275156,-0.056601,0.020851,-0.027958,0.086096,-0.421673,-0.404974,-0.174087
244,0.168739,-0.051706,0.304081,-0.273977,-0.040978,-0.960887,-0.4029,-0.902299,0.153302,-0.872954,0.429188,0.231897,-0.1282,0.05198,-0.043396,0.148899,0.063073,-0.36511,0.064559,-0.219265,-0.029555,0.278671,0.119215,0.767798,0.629496,0.176225,-0.640208,0.747671,0.976884,0.020838,-0.212431,0.138611,-0.013155,-0.022267,-0.405192,0.916618,-0.003173,-1.405965,0.012482,0.043089,-0.020734,-0.220012,-0.704965,0.674254,-0.209002,0.709205,0.67331,-0.952844,0.007216,-0.303373,0.069329,-0.006586,-0.011221,-0.516671,1.094499,0.124396,-0.913898,0.086083,0.028195,-0.054819,0.288988,0.002378,-0.957329,0.31695,0.943363,0.098021,0.903342,-0.331753,0.271867,-0.063968,0.02097,-0.0168,0.119186,-0.020204,-0.208745,-0.168698
245,0.163772,-0.05019,0.302902,-0.278027,-0.04846,-0.959374,-0.396774,-0.903746,0.16058,-0.874472,0.425356,0.233235,-0.127486,0.031764,-0.025291,0.098216,0.09448,-0.205784,0.087671,-0.213843,-0.030127,0.277793,0.144646,0.76825,0.623587,0.197644,-0.63984,0.742614,0.969291,0.01487,-0.245185,0.13865,-0.013842,-0.024529,-0.435007,0.932608,0.006373,-1.406459,0.015251,0.0428,-0.021178,-0.242572,-0.704096,0.667387,-0.227367,0.710035,0.666449,-0.943112,0.00992,-0.332323,0.069402,-0.006567,-0.011856,-0.100029,0.393642,-0.041069,-0.910469,0.083553,0.02899,-0.05541,0.292707,0.010192,-0.956147,0.310388,0.944782,0.105091,0.904423,-0.327538,0.273381,-0.063747,0.021746,-0.016281,0.134869,0.094119,-0.180227,-0.123467
246,0.161049,-0.049545,0.302392,-0.270336,-0.046889,-0.961647,-0.395481,-0.905241,0.15526,-0.877472,0.42234,0.227374,-0.143283,0.031685,-0.025803,0.194643,-0.330841,0.469109,0.099245,-0.211387,-0.030307,0.277245,0.137737,0.77065,0.622188,0.221339,-0.636132,0.739107,0.965177,0.034947,-0.258987,0.123041,-0.01414,-0.024903,-0.390611,0.873887,-0.039146,-1.406216,0.016484,0.042711,-0.021451,-0.232474,-0.706194,0.668763,-0.247752,0.707916,0.661416,-0.940517,-0.011926,-0.339534,0.061309,-0.001799,-0.017028,-0.093729,0.423761,-0.111216,-0.912429,0.082246,0.029309,-0.055653,0.28694,0.009621,-0.957899,0.308847,0.945624,0.102013,0.906794,-0.325117,0.268366,-0.071604,0.016148,-0.012414,0.104264,0.05705,-0.158732,-0.112036
247,0.155604,-0.048756,0.301639,-0.239212,-0.035641,-0.970336,-0.396553,-0.90859,0.131078,-0.886019,0.416185,0.204422,-0.1434,0.019229,-0.020514,0.356215,-1.490152,2.244554,0.180329,-0.206776,-0.030426,0.275628,0.157195,0.772636,0.615073,0.229401,-0.634241,0.738273,0.960287,0.024078,-0.277726,0.106475,-0.008039,-0.040483,-0.302294,0.735273,0.230529,-1.406064,0.018751,0.042654,-0.022228,-0.247043,-0.705994,0.663732,-0.25099,0.708208,0.659882,-0.935934,-0.00357,-0.352156,0.061024,-0.00443,-0.02126,-0.10466,0.372577,0.041303,-0.912102,0.079524,0.029718,-0.056027,0.257443,-0.004774,-0.966281,0.310112,0.947499,0.077941,0.915179,-0.319721,0.245408,-0.071738,0.009202,-0.010692,0.059576,-0.253817,0.013206,-0.042148
248,0.15063,-0.048495,0.300836,-0.216257,-0.037314,-0.975646,-0.39807,-0.909064,0.122947,-0.89125,0.415005,0.182953,-0.112752,0.001128,-0.022307,0.001399,-0.393367,0.160124,0.182599,-0.202239,-0.030555,0.273832,0.175052,0.778888,0.60223,0.243308,-0.626818,0.740158,0.953732,0.015986,-0.300002,0.106834,-0.007353,-0.04061,-1.25494,-0.576403,0.705223,-1.406078,0.021018,0.042586,-0.023139,-0.260683,-0.71002,0.654151,-0.253544,0.704145,0.663245,-0.931535,0.007041,-0.36358,0.053401,-0.003963,-0.020765,0.03327,0.316969,0.444685,-0.913898,0.077026,0.029863,-0.056417,0.232877,-0.007041,-0.97248,0.312014,0.94765,0.067856,0.921094,-0.31923,0.222883,-0.064258,0.001047,-0.010488,-0.008836,-0.553693,0.264061,0.03019
249,0.148261,-0.048433,0.300347,-0.205546,-0.044141,-0.977675,-0.398722,-0.908526,0.124792,-0.893502,0.415521,0.170362,-0.12894,0.000832,-0.023378,-0.062255,-0.846615,0.065646,0.158809,-0.200213,-0.030567,0.273006,0.180072,0.784049,0.593997,0.259289,-0.620238,0.740275,0.948569,0.019731,-0.315738,0.091615,-0.004589,-0.036231,-3.589848,-3.332301,1.990752,-1.406209,0.022042,0.042568,-0.023559,-0.258754,-0.713769,0.65083,-0.26321,0.700381,0.663465,-0.92939,0.000369,-0.369098,0.045559,0.003132,-0.022464,0.046497,0.402727,0.211863,-0.914552,0.075842,0.029889,-0.056659,0.223361,-0.003012,-0.974731,0.312587,0.947401,0.068702,0.923254,-0.320033,0.212553,-0.064467,0.000264,-0.011788,0.017168,-0.430594,0.335552,0.020229
250,0.143293,-0.048172,0.299327,-0.197368,-0.059809,-0.978527,-0.386999,-0.912311,0.133765,-0.900482,0.405158,0.158134,-0.144977,0.003493,-0.021329,0.005751,-0.326649,0.080215,0.161576,-0.196877,-0.030189,0.271446,0.174352,0.792125,0.584919,0.308815,-0.607928,0.73143,0.934717,0.052111,-0.351356,0.0916,0.010415,-0.039578,-0.87212,1.100067,-0.436725,-1.405799,0.02375,0.042753,-0.024358,-0.238837,-0.718978,0.652707,-0.301555,0.693843,0.653946,-0.923049,-0.040641,-0.382527,0.037761,0.011216,-0.022743,-1.272939,0.076662,-2.30684,-0.905897,0.073321,0.030016,-0.05719,0.211804,0.01349,-0.977218,0.300462,0.950578,0.078245,0.929979,-0.310189,0.197283,-0.064431,0.00698,-0.01495,0.038848,-0.267143,-0.022612,-0.006877
251,0.13806,-0.047736,0.298299,-0.20413,-0.079969,-0.975695,-0.372582,-0.915299,0.152914,-0.905034,0.394835,0.158261,-0.12928,0.004245,-0.021193,1.559659,-0.039389,-1.205455,0.211826,-0.193981,-0.029662,0.269962,0.189249,0.791582,0.581011,0.310537,-0.609475,0.729411,0.931225,0.041392,-0.361896,0.076194,0.01283,-0.03557,-0.047584,0.342889,-0.025875,-1.405921,0.025204,0.043016,-0.025101,-0.254023,-0.716979,0.649163,-0.301263,0.696443,0.651311,-0.919082,-0.030121,-0.392912,0.030269,0.006178,-0.017615,-0.036885,0.303227,-0.035762,-0.906713,0.070698,0.030232,-0.057707,0.216723,0.032451,-0.975693,0.287213,0.953094,0.095495,0.933026,-0.300928,0.197236,-0.06468,0.007191,-0.015288,5.239407,0.093905,-3.343916,0.031333
252,0.135452,-0.047541,0.297753,-0.206785,-0.087854,-0.974457,-0.365375,-0.916964,0.160151,-0.907362,0.389263,0.158729,-0.129608,0.003717,-0.022518,0.00268,-0.117609,-0.216173,0.239726,-0.192762,-0.029392,0.26933,0.200114,0.79316,0.57519,0.314151,-0.607903,0.729175,0.927724,0.033784,-0.371552,0.060742,0.015079,-0.031372,-0.23593,0.730838,0.211407,-1.405531,0.025819,0.043148,-0.025421,-0.259726,-0.717235,0.646618,-0.301391,0.696356,0.651345,-0.917444,-0.025713,-0.39703,0.030398,0.007538,-0.015738,0.085353,0.400267,-0.032167,-0.905571,0.069443,0.030326,-0.057965,0.218927,0.041634,-0.974852,0.277983,0.955024,0.103215,0.935305,-0.293589,0.197507,-0.056849,0.001256,-0.011687,-0.017095,-0.235466,-0.254529,0.066767
253,0.130866,-0.047491,0.296906,-0.20729,-0.098195,-0.973362,-0.358049,-0.918295,0.168837,-0.910161,0.383627,0.156408,-0.11447,-0.008164,-0.015801,-0.012631,0.106083,-0.271247,0.259179,-0.191097,-0.028837,0.268307,0.212743,0.79648,0.565996,0.320874,-0.603972,0.729515,0.922585,0.025415,-0.384778,0.030235,0.006179,-0.017774,-0.050352,0.328854,-0.180572,-1.405878,0.026663,0.043429,-0.025938,-0.267989,-0.718956,0.641314,-0.301308,0.694816,0.653027,-0.915092,-0.018229,-0.40283,0.014866,0.009145,-0.012307,0.003124,0.248556,-0.083304,-0.909653,0.067096,0.03036,-0.058403,0.217784,0.052505,-0.974583,0.270373,0.956226,0.111935,0.937799,-0.287878,0.194055,-0.057304,-0.004545,-0.008436,0.000251,0.066433,-0.098381,0.118367
254,0.126666,-0.047881,0.296175,-0.207766,-0.108646,-0.97215,-0.362633,-0.914439,0.179643,-0.908236,0.389987,0.151802,-0.09953,-0.011354,-0.020374,-0.579663,-0.389801,-0.291817,0.295066,-0.18968,-0.028349,0.267657,0.215935,0.797812,0.562902,0.317122,-0.602446,0.732411,0.923136,0.019356,-0.383807,0.030596,0.010512,-0.011567,0.028551,0.069301,-0.088181,-1.405595,0.027383,0.043674,-0.026272,-0.272531,-0.721554,0.636464,-0.302788,0.692212,0.655103,-0.91326,-0.014178,-0.407127,0.015331,0.005455,-0.005526,-0.002851,0.13606,0.059107,-0.911939,0.064991,0.030169,-0.058764,0.219538,0.060875,-0.973702,0.274428,0.953899,0.121512,0.936211,-0.293888,0.192711,-0.049777,-0.005808,-0.010285,-1.633353,0.456694,0.009293,0.161965
255,0.123106,-0.048403,0.295224,-0.213297,-0.108192,-0.971002,-0.377935,-0.907335,0.184064,-0.900679,0.406366,0.153852,-0.084823,-0.015851,-0.026581,-5.3693,1.049456,0.775154,0.316716,-0.188309,-0.028028,0.267389,0.214154,0.799698,0.560904,0.315006,-0.599979,0.735343,0.924277,0.018209,-0.381109,0.030765,0.012966,-0.008073,0.040465,-0.043126,0.075418,-1.405445,0.028057,0.043831,-0.0264,-0.274139,-0.725025,0.631812,-0.304866,0.688613,0.657927,-0.912088,-0.012254,-0.409811,0.01573,0.000962,9.6e-05,-0.036563,0.038307,0.083049,-0.912755,0.063206,0.029911,-0.059234,0.222508,0.064062,-0.972823,0.285321,0.949871,0.12781,0.932245,-0.306006,0.193076,-0.042366,-0.007835,-0.013089,-0.006089,0.12059,-0.220145,0.197399
256,0.121571,-0.048718,0.294702,-0.213109,-0.108262,-0.971035,-0.377903,-0.907353,0.184044,-0.900738,0.406309,0.153663,-0.084916,-0.015097,-0.025938,-0.006879,0.116211,-0.222953,0.353949,-0.18785,-0.027962,0.267393,0.214779,0.798847,0.561876,0.316486,-0.601078,0.733808,0.923625,0.019219,-0.382635,0.015802,0.002032,0.001662,0.000646,-0.014869,0.027837,-1.4051,0.028293,0.04387,-0.0264,-0.274795,-0.724213,0.632457,-0.306402,0.689444,0.656341,-0.911375,-0.013427,-0.411356,0.007927,0.001268,0.001174,-0.023254,0.009483,0.055237,-0.911449,0.062437,0.02975,-0.059499,0.222975,0.062762,-0.972801,0.290888,0.948176,0.127848,0.930411,-0.311484,0.193163,-0.034554,-0.008749,-0.014088,-0.002549,0.020607,-0.049162,0.227445
257,0.119149,-0.049274,0.293729,-0.232556,-0.112009,-0.966135,-0.406573,-0.891188,0.20113,-0.883254,0.439714,0.162916,-0.052251,-0.01348,-0.022216,-0.02833,0.212896,-0.377516,0.432388,-0.187515,-0.027882,0.26748,0.211895,0.797942,0.564252,0.323035,-0.601988,0.7302,0.922027,0.026547,-0.386037,9.8e-05,0.001252,0.001817,-0.0,0.0,0.0,-1.405336,0.028467,0.043914,-0.026351,-0.276382,-0.721321,0.635065,-0.307533,0.692439,0.652648,-0.910513,-0.014923,-0.413208,6e-05,0.000761,0.001095,-0.060583,-0.065608,0.046392,-0.914225,0.061212,0.029464,-0.059998,0.241924,0.068564,-0.967869,0.320613,0.935822,0.146433,0.915794,-0.345737,0.204415,-0.018049,-0.00729,-0.011299,-0.088499,0.529394,-0.909729,0.33293
258,0.118112,-0.049677,0.292864,-0.259167,-0.12472,-0.95777,-0.416449,-0.88028,0.227263,-0.871134,0.457912,0.177395,-0.019293,-0.012116,-0.018356,-0.117716,1.414563,-2.47638,0.466905,-0.187765,-0.027776,0.267656,0.211623,0.800573,0.560616,0.323014,-0.598557,0.733025,0.922098,0.024958,-0.385975,-0.01539,0.003033,0.005687,-0.098722,0.213355,0.113728,-1.405131,0.028347,0.043964,-0.026268,-0.273059,-0.724317,0.633089,-0.30861,0.689271,0.655488,-0.911151,-0.016391,-0.411744,-0.00767,0.001869,0.003353,0.075949,-0.049456,0.183358,-0.916348,0.060681,0.029259,-0.060435,0.265142,0.082504,-0.960672,0.331408,0.927833,0.171151,0.905465,-0.363754,0.218665,-0.009586,-0.005871,-0.008881,-0.004136,0.132203,-0.238056,0.412616
259,0.117719,-0.049853,0.292519,-0.266139,-0.133028,-0.954735,-0.414256,-0.878522,0.23783,-0.870069,0.458962,0.179892,-0.03492,-0.008689,-0.014666,-0.023312,0.131658,-0.381374,0.465461,-0.188041,-0.027729,0.267767,0.203768,0.803942,0.558701,0.331405,-0.593517,0.733376,0.920898,0.034709,-0.388079,-0.015453,0.002187,0.00445,-0.054101,0.121285,0.047617,-1.405339,0.028209,0.043991,-0.026209,-0.268434,-0.72639,0.632693,-0.311697,0.686961,0.656451,-0.911475,-0.020995,-0.410818,-0.00771,0.001342,0.002588,-0.029499,-0.095911,0.064126,-0.917164,0.060491,0.029171,-0.060607,0.273084,0.093464,-0.957438,0.32868,0.926309,0.184172,0.904098,-0.364986,0.22224,-0.009373,-0.004902,-0.007542,-0.025579,0.217228,-0.509271,0.428945
