frame,MLTx,MLTy,MLTz,MLTR1,MLTR2,MLTR3,MLTR4,MLTR5,MLTR6,MLTR7,MLTR8,MLTR9,MLTTVx,MLTTVy,MLTTVz,MLTRVx,MLTRVy,MLTRVz,MLGA,MRTx,MRTy,MRTz,MRTR1,MRTR2,MRTR3,MRTR4,MRTR5,MRTR6,MRTR7,MRTR8,MRTR9,MRTTVx,MRTTVy,MRTTVz,MRTRVx,MRTRVy,MRTRVz,MRGA,SLTx,SLTy,SLTz,SLTR1,SLTR2,SLTR3,SLTR4,SLTR5,SLTR6,SLTR7,SLTR8,SLTR9,SLTTVx,SLTTVy,SLTTVz,SLTRVx,SLTRVy,SLTRVz,SLGA,SRTx,SRTy,SRTz,SRTR1,SRTR2,SRTR3,SRTR4,SRTR5,SRTR6,SRTR7,SRTR8,SRTR9,SRTTVx,SRTTVy,SRTTVz,SRTRVx,SRTRVy,SRTRVz,SRGA
261,0.135344,0.011777,0.313285,-0.147649,0.293768,-0.944428,-0.482369,-0.854967,-0.190585,-0.863266,0.427054,0.269115,-0.002166,-0.021626,-0.002021,-0.035494,0.032699,-0.040183,-1.913382,-0.132323,0.019258,0.319841,0.472056,0.062575,0.879339,-0.480906,0.854197,0.19751,-0.739336,-0.516194,0.432191,0.000312,-0.00054,0.052844,-0.096299,-0.121924,0.221844,-0.59507,0.053595,0.028743,-0.016664,-0.434216,-0.031729,0.900249,0.369577,-0.917671,0.145915,0.821503,0.396071,0.410194,-0.000631,0.005528,0.022684,-0.053062,-0.061414,0.044954,-0.724971,0.082744,0.030028,-0.083063,-0.29233,0.319351,-0.90142,-0.308604,-0.923668,-0.227153,-0.905155,0.211778,0.368569,-0.000733,-0.004351,-0.004147,0.000607,-0.094776,0.138215,-0.892565
262,0.135326,0.011473,0.313022,-0.146827,0.294266,-0.944402,-0.476854,-0.857492,-0.193106,-0.866465,0.421619,0.2674,-0.000993,-0.005854,-0.005599,0.0,0.0,-0.0,-1.913641,-0.132437,0.019797,0.321676,0.483163,0.040392,0.874593,-0.456564,0.863912,0.212459,-0.74757,-0.502011,0.434727,-0.001667,0.014769,0.048223,0.386077,-0.064178,0.464554,-0.80911,0.053539,0.029001,-0.015762,-0.442438,-0.009318,0.89675,0.346502,-0.924067,0.161354,0.827154,0.382115,0.412071,-0.008242,0.011909,0.02003,4.842796,0.903131,2.763541,-0.84597,0.082735,0.029868,-0.083194,-0.291691,0.319962,-0.901409,-0.302949,-0.92478,-0.230225,-0.907269,0.205926,0.366682,-0.000524,-0.003111,-0.002973,-0.001371,0.016874,-0.024655,-0.88489
263,0.135455,0.011267,0.312757,-0.144923,0.29532,-0.944367,-0.476164,-0.857421,-0.195115,-0.867168,0.421025,0.266055,-0.001077,-0.006363,-0.0061,-0.00038,0.016297,-0.023766,-1.913126,-0.132691,0.020399,0.323447,0.499818,0.020723,0.865877,-0.440402,0.866838,0.233604,-0.746336,-0.49812,0.441274,-0.001551,0.013945,0.047087,-0.053285,-0.148735,0.22873,-1.140473,0.05341,0.029314,-0.014853,-0.456801,0.01378,0.889462,0.329377,-0.926194,0.183507,0.826343,0.376795,0.418547,-0.007523,0.006292,0.023729,-0.039828,-0.154755,0.173948,-0.881567,0.0828,0.029768,-0.083323,-0.290057,0.321395,-0.901427,-0.30249,-0.924421,-0.232259,-0.907946,0.205305,0.365353,0.006453,-0.003546,-0.003337,0.000184,0.001693,0.00562,-0.883258
264,0.135747,0.010904,0.312592,-0.139394,0.29854,-0.944187,-0.469816,-0.859237,-0.202375,-0.871531,0.415008,0.261206,-0.000843,-0.005002,-0.004806,0.007363,-0.01194,0.017431,-1.912768,-0.132946,0.021089,0.325159,0.508452,0.004016,0.861076,-0.430362,0.867247,0.25021,-0.746373,-0.497799,0.441573,-0.003195,0.026698,0.040131,-0.203309,0.284141,0.589947,-1.39594,0.053284,0.029652,-0.013996,-0.464622,0.029189,0.885027,0.320168,-0.926303,0.198631,0.825602,0.375646,0.421035,-0.001561,0.012819,0.019624,0.010807,-0.29177,0.394921,-0.879118,0.082941,0.029588,-0.083404,-0.285336,0.325698,-0.901389,-0.296572,-0.924333,-0.240108,-0.911387,0.198815,0.360338,0.00628,-0.009056,0.000703,0.053983,-0.123517,0.195716,-0.881135
265,0.135956,0.010686,0.31254,-0.136847,0.30003,-0.944087,-0.469552,-0.85878,-0.204913,-0.87208,0.414879,0.259576,0.012546,-0.01826,0.001262,-0.034533,0.017905,-0.010672,-1.91293,-0.133044,0.021566,0.325985,0.514565,-0.008392,0.857405,-0.416897,0.871277,0.25886,-0.74983,-0.490639,0.443726,-0.00335,0.027983,0.040989,-0.076307,-0.025928,0.373659,-1.403375,0.053235,0.029889,-0.013585,-0.467938,0.044553,0.882636,0.306764,-0.928442,0.209498,0.828811,0.368794,0.420786,-0.001658,0.013619,0.020189,-0.096197,0.03372,0.374105,-0.885159,0.083045,0.029483,-0.083434,-0.283118,0.327722,-0.901355,-0.296633,-0.923648,-0.242655,-0.912059,0.198672,0.358714,0.006539,-0.003098,-0.002922,-0.00209,-0.011498,0.024819,-0.883421
266,0.136384,0.010329,0.312466,-0.134971,0.304619,-0.942887,-0.464068,-0.860159,-0.211519,-0.875304,0.408631,0.258633,0.013486,-0.00383,-0.00357,0.083544,-0.13992,0.228021,-1.912832,-0.133304,0.022704,0.327535,0.520332,-0.03033,0.85342,-0.401319,0.873372,0.275859,-0.754348,-0.485994,0.441172,-0.004892,0.039916,0.033246,-0.210482,0.427847,0.472964,-1.405177,0.053103,0.03047,-0.012792,-0.471703,0.066194,0.879269,0.291754,-0.929293,0.226478,0.832091,0.363361,0.419037,-0.002477,0.019965,0.016633,-0.297009,0.583612,0.574351,-0.890711,0.083258,0.029296,-0.083472,-0.282514,0.332515,-0.899788,-0.291686,-0.923361,-0.249643,-0.91384,0.191928,0.357853,0.006502,-0.007849,0.001853,0.278362,-0.499221,0.713204,-0.883094
267,0.136734,0.00995,0.312511,-0.136742,0.310438,-0.940731,-0.459598,-0.86109,-0.217408,-0.877383,0.402239,0.261594,0.013152,-0.014874,0.004508,-0.031716,0.024258,0.269416,-1.913193,-0.133718,0.024025,0.328926,0.524806,-0.061421,0.848997,-0.374813,0.878743,0.295398,-0.764827,-0.473165,0.437054,-0.017965,0.037441,0.032155,-0.560157,-1.507279,2.365012,-1.405641,0.052903,0.03112,-0.012107,-0.468995,0.097696,0.87778,0.266443,-0.931908,0.246079,0.842051,0.349289,0.411029,-0.002436,0.019772,0.016239,0.044435,0.105406,0.524775,-0.894957,0.083434,0.029112,-0.083451,-0.28502,0.337537,-0.897124,-0.287564,-0.922944,-0.255892,-0.914369,0.185046,0.360121,0.006546,-0.007609,0.002085,-0.037679,0.17537,0.125091,-0.885707
268,0.136926,0.009656,0.312594,-0.133964,0.312136,-0.940569,-0.459679,-0.860362,-0.220103,-0.877772,0.402481,0.25991,0.013062,-0.015489,0.003914,-0.034157,0.003453,0.014428,-1.912891,-0.13394,0.02477,0.329536,0.525136,-0.080969,0.847153,-0.360985,0.880194,0.308031,-0.771233,-0.467465,0.431901,-0.004665,0.038415,0.031304,0.18033,0.314916,1.007513,-1.405387,0.052787,0.031493,-0.011801,-0.469436,0.117104,0.875166,0.253038,-0.931751,0.260404,0.845932,0.343694,0.407765,-0.008985,0.018568,0.015865,0.948905,0.493119,2.1452,-0.893487,0.083535,0.028962,-0.083406,-0.282641,0.340001,-0.896946,-0.288133,-0.921983,-0.258697,-0.914928,0.185322,0.358556,0.006525,-0.00777,0.001926,-0.037044,-0.009323,-0.001095,-0.884564
269,0.137372,0.008891,0.312787,-0.128842,0.318834,-0.939037,-0.454733,-0.860451,-0.229815,-0.881114,0.397,0.257014,0.01293,-0.016481,0.002953,-0.032041,0.028807,0.03923,-1.912913,-0.134456,0.026294,0.330766,0.52603,-0.110592,0.843239,-0.348737,0.876182,0.332598,-0.776249,-0.468886,0.421244,-0.017687,0.036379,0.030593,-0.196295,0.224906,0.741316,-1.405641,0.052535,0.032242,-0.011197,-0.466544,0.146554,0.872271,0.242186,-0.927322,0.285339,0.850695,0.344375,0.397144,-0.008906,0.01849,0.015555,-0.249443,0.448025,0.657163,-0.902958,0.083749,0.028597,-0.083313,-0.278971,0.347649,-0.895162,-0.284145,-0.920311,-0.268864,-0.917298,0.179351,0.355523,-0.00052,-0.007663,0.001975,-0.007999,-0.118241,0.214161,-0.876073
270,0.137613,0.008105,0.313086,-0.125885,0.327211,-0.936553,-0.455826,-0.857534,-0.238391,-0.88098,0.396483,0.258267,0.013183,-0.015086,0.004301,-0.032248,0.077729,0.305474,-1.912784,-0.13488,0.027654,0.331815,0.525525,-0.140571,0.839079,-0.32685,0.877123,0.351792,-0.786062,-0.458952,0.413923,-0.017003,0.03139,0.02624,-0.090442,0.081128,0.364249,-1.405068,0.052321,0.032944,-0.010654,-0.461404,0.178058,0.869138,0.22116,-0.925641,0.307042,0.859182,0.33389,0.387715,-0.002763,0.022471,0.009449,-0.037409,-0.056068,0.611268,-0.915695,0.083874,0.02819,-0.083163,-0.277358,0.355728,-0.892484,-0.286532,-0.917283,-0.276567,-0.917044,0.179017,0.356344,-0.000637,-0.012905,0.006302,-0.076076,0.301783,0.143764,-0.871664
271,0.137669,0.007241,0.313546,-0.129399,0.341443,-0.930977,-0.458597,-0.852985,-0.249154,-0.879027,0.394274,0.268118,-0.000836,-0.023202,0.015153,-0.073194,0.385366,0.204656,-1.912912,-0.135318,0.028903,0.332741,0.523134,-0.156684,0.837719,-0.313044,0.878828,0.359998,-0.793248,-0.450373,0.409615,-0.0165,0.027834,0.023143,0.003953,-0.106386,0.224806,-1.405165,0.052101,0.03357,-0.01019,-0.456802,0.193789,0.868203,0.207575,-0.925819,0.315864,0.865011,0.324505,0.38269,-0.002494,0.020374,0.007651,0.071819,-0.169534,0.235508,-0.92141,0.083906,0.027759,-0.082939,-0.283121,0.368535,-0.885451,-0.291223,-0.912669,-0.286745,-0.9138,0.17668,0.365721,-0.000408,-0.011499,0.007672,-0.076075,0.510434,0.289338,-0.871991
272,0.137614,0.006806,0.313873,-0.132923,0.349101,-0.927634,-0.460612,-0.850435,-0.254103,-0.877442,0.393065,0.274996,-0.014492,-0.01987,0.018282,-0.071994,0.372538,0.430155,-1.912769,-0.135473,0.029454,0.333156,0.524777,-0.161093,0.835852,-0.31101,0.877671,0.364553,-0.792965,-0.451065,0.409402,-0.003204,0.027013,0.021057,-0.001511,-0.032211,0.082699,-1.405479,0.052019,0.033846,-0.009981,-0.458157,0.198405,0.866445,0.205843,-0.92459,0.320564,0.864708,0.32522,0.382767,-0.001575,0.013163,0.010269,0.033184,-0.175152,0.226522,-0.926635,0.083884,0.027538,-0.082779,-0.287606,0.374521,-0.881485,-0.29404,-0.910452,-0.290891,-0.911494,0.17553,0.371975,-0.000526,-0.016741,0.012012,-0.114768,0.705315,0.393584,-0.873134
273,0.137523,0.005778,0.314698,-0.137112,0.363262,-0.921567,-0.459441,-0.847498,-0.265767,-0.877406,0.38651,0.284246,-0.014861,-0.031053,0.026308,-0.106843,0.215365,0.261253,-1.91315,-0.135737,0.03035,0.333905,0.521659,-0.173293,0.835364,-0.299254,0.879687,0.3695,-0.79952,-0.442522,0.405961,-0.002657,0.022488,0.017374,-0.047927,0.056807,0.1453,-1.405417,0.051886,0.034296,-0.009606,-0.453608,0.209778,0.866159,0.194189,-0.925283,0.325793,0.869787,0.315981,0.378979,-0.007724,0.009698,0.008151,-0.048841,-0.006597,0.2748,-0.926962,0.083839,0.027032,-0.082366,-0.294663,0.387685,-0.873426,-0.294717,-0.906321,-0.302859,-0.909019,0.168172,0.381317,-0.000382,-0.015834,0.012911,-0.107641,0.26278,0.331525,-0.875583
274,0.137473,0.004459,0.315822,-0.139415,0.375468,-0.916315,-0.459109,-0.844342,-0.276182,-0.877214,0.381712,0.291235,-0.000854,-0.041387,0.0353,-0.141336,0.165581,0.238774,-1.91295,-0.13599,0.031067,0.334462,0.517978,-0.184901,0.835166,-0.288278,0.881419,0.374072,-0.805923,-0.434289,0.402175,-0.014914,0.015437,0.01314,-0.02695,0.039268,0.057935,-1.404679,0.051759,0.034663,-0.009321,-0.44827,0.221109,0.86612,0.183311,-0.925594,0.331166,0.8749,0.307221,0.374384,-0.007433,0.00743,0.006352,-0.005386,0.005093,0.03451,-0.926309,0.083809,0.026375,-0.081808,-0.298992,0.398726,-0.86696,-0.295976,-0.902463,-0.312981,-0.907194,0.163021,0.387842,-0.000168,-0.014486,0.014236,-0.110943,0.289019,0.142103,-0.877706
275,0.137456,0.003779,0.316506,-0.142377,0.383449,-0.912546,-0.462284,-0.840919,-0.281284,-0.875065,0.381326,0.298125,-0.000276,-0.037842,0.038752,-0.144774,0.33206,0.38185,-1.911682,-0.136109,0.031328,0.33467,0.514813,-0.193648,0.835141,-0.277659,0.883898,0.376251,-0.81166,-0.42534,0.400197,-0.014456,0.011669,0.010221,-0.028564,0.054061,0.033222,-1.40469,0.051704,0.034791,-0.009219,-0.443978,0.229304,0.8662,0.172549,-0.926728,0.333768,0.879266,0.297647,0.371881,-0.000789,0.006636,0.005082,-0.011604,0.00385,0.073605,-0.926145,0.0838,0.02603,-0.081472,-0.30277,0.405115,-0.862676,-0.300131,-0.899636,-0.317136,-0.904572,0.162896,0.39397,6.2e-05,-0.013053,0.01563,-0.115816,0.477146,0.506292,-0.879665
276,0.137443,0.002459,0.318253,-0.149095,0.405102,-0.902058,-0.469044,-0.832014,-0.29618,-0.870329,0.378437,0.315182,0.000762,-0.040488,0.055039,-0.156098,0.606035,0.644294,-1.891,-0.136307,0.031678,0.334953,0.511097,-0.208493,0.833848,-0.266175,0.883963,0.38431,-0.817833,-0.418107,0.39522,-0.000873,0.007467,0.005694,1.372701,0.64397,0.695192,-1.404166,0.051601,0.034964,-0.009078,-0.439865,0.240859,0.865161,0.166985,-0.924628,0.342312,0.882402,0.29504,0.366492,-0.000368,0.0031,0.002367,0.029247,-0.121411,0.150524,-0.923206,0.083792,0.02535,-0.080589,-0.312553,0.423948,-0.850045,-0.310005,-0.891406,-0.330591,-0.897889,0.160192,0.410038,0.000426,-0.019848,0.027902,-0.164249,0.747294,0.739613,-0.881951
277,0.137589,0.001216,0.320594,-0.159401,0.428075,-0.8896,-0.473322,-0.823881,-0.311699,-0.866164,0.370845,0.335052,0.002234,-0.031356,0.063708,-0.195498,0.740082,0.677753,-1.868941,-0.136392,0.031818,0.335104,0.50216,-0.227759,0.834238,-0.245406,0.887415,0.390134,-0.829777,-0.400351,0.388655,-0.000291,0.00249,0.001896,-0.045742,0.094909,0.067252,-1.403862,0.051558,0.035039,-0.008999,-0.426847,0.261404,0.865718,0.140805,-0.926423,0.349159,0.893294,0.270935,0.358634,-0.000148,0.001223,0.000936,-0.029997,0.08873,0.064555,-0.924512,0.083864,0.024751,-0.079467,-0.325669,0.442238,-0.835681,-0.316719,-0.883828,-0.344291,-0.890857,0.152551,0.427901,0.008006,-0.021554,0.03567,-0.217272,0.339291,0.431439,-0.876726
278,0.137878,-0.000158,0.323284,-0.16721,0.446769,-0.87891,-0.47355,-0.818238,-0.325897,-0.864558,0.361154,0.349478,0.002509,-0.038642,0.075364,4.643019,1.926633,-1.440605,-1.828138,-0.136371,0.031886,0.33514,0.498312,-0.235648,0.834354,-0.240172,0.887086,0.39412,-0.833618,-0.396488,0.384373,-0.000149,0.001273,0.000968,4.411545,2.556642,2.390687,-1.404012,0.051569,0.035067,-0.008985,-0.423847,0.266311,0.865696,0.137152,-0.925903,0.351981,0.895288,0.267919,0.355916,1.4e-05,0.00047,0.000327,4.2899,2.734899,2.51486,-0.922553,0.08401,0.024061,-0.078097,-0.335641,0.461422,-0.821239,-0.325422,-0.874935,-0.358592,-0.883993,0.146891,0.443822,0.008342,-0.019385,0.037663,-0.214975,0.205302,0.37742,-0.870521
279,0.138026,-0.000925,0.324824,-0.171992,0.457101,-0.872653,-0.47442,-0.814737,-0.33332,-0.863136,0.356102,0.358071,0.003003,-0.035503,0.078231,-0.185562,0.33708,0.629726,-1.819015,-0.136301,0.031879,0.33514,0.496987,-0.238678,0.834283,-0.234871,0.888456,0.394228,-0.835916,-0.391576,0.384417,0.013013,0.000412,-0.000967,0.036473,0.007975,0.050348,-1.404274,0.051603,0.035066,-0.008983,-0.420336,0.271409,0.865825,0.130381,-0.926247,0.353646,0.897952,0.261537,0.353949,0.006528,1e-06,-0.000639,0.049512,-0.013068,0.036001,-0.920757,0.084084,0.023675,-0.077329,-0.34336,0.467585,-0.814535,-0.32205,-0.873298,-0.36556,-0.882262,0.136803,0.450441,0.008336,-0.023944,0.042651,-0.145028,0.678899,0.563547,-0.869705
280,0.138177,-0.002478,0.328146,-0.182584,0.47399,-0.861418,-0.476146,-0.809121,-0.344353,-0.859992,0.346693,0.374492,0.003229,-0.04305,0.089546,-0.278463,0.665015,0.589635,-1.810112,-0.136112,0.031855,0.33514,0.4912,-0.249175,0.834641,-0.224726,0.889431,0.397925,-0.8421,-0.382714,0.379817,0.013062,1.1e-05,-0.001274,-0.076354,0.145225,0.107028,-1.404245,0.051693,0.035052,-0.008984,-0.413544,0.280582,0.866171,0.120343,-0.92614,0.357464,0.902495,0.252065,0.349234,0.006454,0.000635,-0.000158,-0.131472,0.224973,0.197738,-0.921247,0.08416,0.022905,-0.075669,-0.355255,0.480281,-0.801949,-0.325557,-0.86777,-0.375483,-0.876245,0.127688,0.464638,0.001616,-0.021272,0.045021,-0.249985,0.145313,0.268176,-0.87493
281,0.138222,-0.003807,0.331635,-0.192605,0.490337,-0.850011,-0.482521,-0.801538,-0.353103,-0.854223,0.341525,0.392035,0.004437,-0.026177,0.086294,-0.230297,0.363602,0.460268,-1.789861,-0.135885,0.031837,0.335129,0.486907,-0.256828,0.834836,-0.219736,0.888949,0.401771,-0.845899,-0.378747,0.375325,0.012971,0.000806,-0.000671,-0.143143,0.259638,0.22268,-1.404455,0.051807,0.03504,-0.008993,-0.408829,0.28692,0.866334,0.11551,-0.925388,0.360988,0.905271,0.247653,0.345183,5.7e-05,-0.0005,-0.000384,-0.255364,0.44688,0.312817,-0.913899,0.084182,0.022232,-0.073925,-0.368546,0.494355,-0.787264,-0.334631,-0.860655,-0.383788,-0.867291,0.121999,0.482618,0.002004,-0.018717,0.047218,-0.280148,0.615348,0.354858,-0.87493
282,0.138159,-0.004347,0.333372,-0.199042,0.496337,-0.845031,-0.482885,-0.799954,-0.356183,-0.852532,0.336535,0.399949,-0.009522,-0.024373,0.087703,-0.222695,0.2549,0.090028,-1.785306,-0.13579,0.031865,0.335128,0.485544,-0.259882,0.834686,-0.214308,0.890185,0.401964,-0.848072,-0.373726,0.375453,-6.1e-05,0.000512,0.00039,-0.002196,0.004872,0.003463,-1.404034,0.05186,0.035051,-0.008995,-0.406107,0.290847,0.866305,0.110171,-0.925501,0.362367,0.90716,0.242602,0.343809,-4.6e-05,0.000366,0.000276,0.011746,-0.015984,-0.010964,-0.915858,0.084153,0.021955,-0.073021,-0.376255,0.499283,-0.780478,-0.336075,-0.858555,-0.387215,-0.863414,0.116607,0.490833,-0.004776,-0.01198,0.044049,-0.215267,0.165796,0.033576,-0.875256
283,0.138005,-0.00528,0.336882,-0.20936,0.509085,-0.834893,-0.488254,-0.794129,-0.361856,-0.846974,0.331243,0.415859,0.004738,-0.024076,0.087564,-0.228141,0.336048,0.206488,-1.78308,-0.135583,0.031859,0.335128,0.474694,-0.278145,0.83504,-0.193787,0.892354,0.407535,-0.859075,-0.354927,0.368618,9.2e-05,-0.000773,-0.000589,-0.168321,0.406852,0.290041,-1.404076,0.051963,0.035051,-0.008993,-0.394409,0.305867,0.866536,0.089484,-0.925714,0.367484,0.914567,0.222481,0.33774,0.006494,0.000294,-0.000418,-0.094969,0.472799,0.38565,-0.912919,0.084075,0.021501,-0.071296,-0.387267,0.508041,-0.769361,-0.342577,-0.854026,-0.391509,-0.855958,0.111947,0.504779,-0.004714,-0.011594,0.044188,-0.237872,0.453163,0.238375,-0.873297
284,0.13795,-0.006083,0.339988,-0.2168,0.509404,-0.832797,-0.485678,-0.796244,-0.360673,-0.846575,0.325639,0.421067,0.004313,-0.017629,0.074788,-0.174327,0.018458,0.013977,-1.784566,-0.135398,0.031868,0.335116,0.466531,-0.291034,0.835248,-0.178347,0.893882,0.411218,-0.866852,-0.340447,0.364042,0.012881,0.001575,-8.9e-05,-0.016348,0.04621,0.073481,-1.404282,0.052056,0.035054,-0.009001,-0.382865,0.319262,0.866882,0.07456,-0.924643,0.373464,0.92079,0.207622,0.330209,0.006434,0.000811,-2.7e-05,0.008073,0.008771,0.047399,-0.916674,0.084049,0.021105,-0.069731,-0.394646,0.506809,-0.766419,-0.339593,-0.855514,-0.39086,-0.853774,0.10602,0.509734,0.001969,-0.014262,0.041662,-0.214076,0.10996,-0.189874,-0.874277
285,0.137879,-0.006726,0.34283,-0.225979,0.508427,-0.830952,-0.482069,-0.799555,-0.358181,-0.846226,0.318997,0.426813,-0.010152,-0.019442,0.07292,-0.17516,0.030918,-0.016876,-1.785448,-0.135314,0.031904,0.335098,0.461719,-0.298337,0.835345,-0.173388,0.893133,0.41495,-0.870423,-0.336057,0.359572,-4e-06,3.2e-05,2.4e-05,0.116781,0.076747,0.064097,-1.403922,0.052098,0.035072,-0.009009,-0.377228,0.325713,0.866953,0.070041,-0.923399,0.377395,0.923467,0.203087,0.325518,-4e-06,2.8e-05,1.9e-05,0.429823,0.195891,0.172308,-0.914552,0.084017,0.020788,-0.068333,-0.403094,0.503651,-0.7641,-0.335023,-0.858191,-0.388932,-0.85163,0.099215,0.514666,0.001789,-0.010862,0.035479,-0.18104,0.122297,-0.18954,-0.879665
286,0.137863,-0.007007,0.344039,-0.2277,0.508316,-0.83055,-0.47876,-0.801122,-0.359115,-0.847639,0.315227,0.426809,-0.010283,-0.011283,0.061912,-0.144289,0.127862,-0.198561,-1.784982,-0.135276,0.031909,0.335098,0.456521,-0.305971,0.835441,-0.163069,0.894238,0.41675,-0.875144,-0.326108,0.357267,-0.0,0.0,0.0,4.596387,2.342204,2.001923,-1.404383,0.052117,0.035075,-0.009009,-0.37315,0.330175,0.86703,0.065003,-0.92293,0.379438,0.92549,0.197947,0.322929,0.006436,0.000808,-2.9e-05,-0.003809,0.001754,0.041678,-0.914878,0.084007,0.020638,-0.067676,-0.404681,0.503141,-0.763597,-0.331746,-0.858917,-0.390133,-0.85216,0.095441,0.514503,-0.005214,-0.00585,0.030781,-0.147908,0.128191,-0.201323,-0.878686
287,0.137888,-0.00745,0.346233,-0.226747,0.509586,-0.830033,-0.482035,-0.799193,-0.359035,-0.84604,0.318056,0.427884,0.003349,-0.005555,0.048724,-0.109016,0.097469,-0.151327,-1.785496,-0.13523,0.031932,0.335086,0.445655,-0.316639,0.83733,-0.14873,0.896081,0.418153,-0.883253,-0.310494,0.35117,-0.0,0.0,0.0,0.02119,0.518825,-0.647364,-1.404375,0.05214,0.035087,-0.009015,-0.358745,0.341836,0.86859,0.045202,-0.923077,0.381949,0.93234,0.176284,0.315697,-6e-06,1e-06,4e-06,0.048951,0.533158,-0.745532,-0.916511,0.084017,0.020419,-0.066598,-0.403864,0.504632,-0.763045,-0.335348,-0.857698,-0.389737,-0.851137,0.098485,0.51562,0.001602,-0.003008,0.024171,-0.105077,0.001141,0.022716,-0.879176
288,0.137825,-0.007681,0.348011,-0.233974,0.511779,-0.82667,-0.481309,-0.799685,-0.358911,-0.844475,0.313266,0.434458,-0.011202,-0.008294,0.046288,-0.106194,0.037711,-0.027809,-1.785662,-0.135241,0.032018,0.335028,0.433145,-0.333026,0.837539,-0.133823,0.895089,0.425255,-0.89181,-0.295864,0.342057,-0.0,0.0,0.0,-0.050344,0.102813,0.072625,-1.404092,0.052134,0.035129,-0.009044,-0.343938,0.356293,0.86877,0.031031,-0.920397,0.38975,0.938479,0.161009,0.305503,-3e-06,2e-06,5e-06,-0.025659,0.084594,0.060762,-0.913735,0.083991,0.020304,-0.065708,-0.411304,0.505076,-0.758766,-0.334592,-0.857987,-0.389751,-0.847866,0.093571,0.521888,0.001363,-0.004567,0.022776,-0.102126,-0.019479,0.010404,-0.878032
289,0.137837,-0.007748,0.348779,-0.237243,0.515682,-0.823306,-0.483568,-0.797674,-0.360347,-0.842266,0.311989,0.439633,0.002782,-0.000131,0.035315,-0.087685,0.338858,-0.026595,-1.78478,-0.135248,0.032072,0.334971,0.426039,-0.338361,0.839043,-0.129823,0.894878,0.426934,-0.895808,-0.290396,0.336245,0.000188,-0.001562,-0.00119,-0.065473,0.052991,0.244787,-1.404213,0.05213,0.03516,-0.00907,-0.336164,0.360347,0.870139,0.027196,-0.919808,0.391423,0.94141,0.155247,0.299407,1.1e-05,-0.000103,-7.5e-05,-0.07815,0.14969,0.108259,-0.913572,0.083991,0.020267,-0.065321,-0.414462,0.507666,-0.755311,-0.337258,-0.856538,-0.390639,-0.845267,0.092829,0.526217,0.001375,1e-05,0.017722,-0.090514,0.334079,0.233037,-0.879502
290,0.137909,-0.00777,0.35014,-0.243708,0.52041,-0.818428,-0.488177,-0.79494,-0.360173,-0.837743,0.311109,0.448804,0.003038,0.01056,0.026433,-0.055645,0.316337,0.238578,-1.78447,-0.135207,0.032211,0.334801,0.409646,-0.347646,0.8434,-0.116927,0.896817,0.426593,-0.905166,-0.272936,0.325643,-0.001202,0.009138,-0.00943,-0.026958,0.277134,-0.118674,-1.403898,0.052151,0.035229,-0.009156,-0.318613,0.367179,0.873878,0.014041,-0.919995,0.391675,0.94778,0.137063,0.287967,-0.000601,0.004572,-0.00471,-0.018654,0.272512,-0.142285,-0.910143,0.084027,0.020246,-0.064641,-0.421153,0.510119,-0.749938,-0.342154,-0.855109,-0.38951,-0.839976,0.092551,0.534671,0.001273,-0.000654,0.017109,-0.111921,0.528651,0.290877,-0.883258
291,0.137826,-0.007616,0.351339,-0.251866,0.523801,-0.813782,-0.493202,-0.792913,-0.357787,-0.832362,0.310588,0.45906,-0.010991,0.010812,0.026569,-0.041196,0.115497,0.065041,-1.78224,-0.135157,0.032353,0.33457,0.390704,-0.357932,0.848072,-0.104732,0.897953,0.42737,-0.914962,-0.255351,0.312255,-0.001074,0.008069,-0.010243,-0.125978,0.455351,0.007477,-1.403893,0.052176,0.0353,-0.009271,-0.298789,0.374205,0.877892,0.001702,-0.919704,0.392607,0.954317,0.118801,0.274161,-0.000533,0.004019,-0.005129,-0.165025,0.522692,0.034477,-0.915205,0.08399,0.020323,-0.064042,-0.430193,0.512121,-0.743414,-0.347636,-0.853982,-0.387121,-0.833116,0.091901,0.545408,0.001306,-0.000446,0.017228,-0.06787,0.078476,0.094143,-0.885217
292,0.137745,-0.007486,0.351908,-0.256893,0.523303,-0.81253,-0.496279,-0.792802,-0.353757,-0.828984,0.311708,0.464381,0.002905,0.009696,0.025533,-0.178547,0.102596,-0.135287,-1.782146,-0.135109,0.032436,0.334468,0.378809,-0.362749,0.851415,-0.0967,0.899347,0.42633,-0.920817,-0.243379,0.304508,0.011579,0.011479,-0.008931,-0.011065,0.561699,-0.552813,-1.403766,0.0522,0.035337,-0.009325,-0.28538,0.378096,0.880682,-0.006239,-0.919609,0.392785,0.958393,0.106598,0.264797,0.005787,0.00576,-0.004445,0.024151,0.551643,-0.660376,-0.918471,0.083945,0.020388,-0.063758,-0.434773,0.510591,-0.7418,-0.350229,-0.854751,-0.383066,-0.829645,0.093253,0.550446,-0.005588,0.000383,0.017907,-0.600795,0.323381,-0.692072,-0.882441
293,0.137505,-0.007098,0.352964,-0.259981,0.524211,-0.810961,-0.49895,-0.791905,-0.352003,-0.826412,0.312458,0.468444,-0.011008,0.010403,0.026047,-0.034944,0.002457,0.003896,-1.776586,-0.134829,0.032621,0.334296,0.34656,-0.367548,0.863016,-0.078391,0.905388,0.417206,-0.935115,-0.211783,0.28385,8e-05,-0.000654,-0.000499,1.385852,1.006051,0.145348,-1.403588,0.05234,0.035429,-0.009412,-0.252343,0.377691,0.890882,-0.02512,-0.922924,0.38416,0.967311,0.074561,0.242381,4.3e-05,-0.000274,-0.000225,1.429262,0.966788,0.113906,-0.916348,0.08383,0.020583,-0.063229,-0.437683,0.510368,-0.740241,-0.352774,-0.854748,-0.38073,-0.827032,0.094499,0.554154,-0.0055,0.005343,0.013143,-0.030887,-0.010972,0.000864,-0.875257
294,0.137115,-0.006524,0.353879,-0.267132,0.519302,-0.811795,-0.50191,-0.794047,-0.342853,-0.822322,0.31521,0.473767,-0.010903,0.010802,0.026246,-0.514421,0.300937,-0.602308,-1.75572,-0.134304,0.032803,0.334146,0.30773,-0.359273,0.881031,-0.069582,0.914913,0.397524,-0.949245,-0.18319,0.255417,0.025846,0.002336,-0.000814,-0.235195,2.07204,-2.325884,-1.403112,0.052593,0.035521,-0.009485,-0.21683,0.365212,0.905319,-0.037595,-0.929819,0.366091,0.975484,0.045344,0.215343,0.006503,0.000269,-0.000443,-0.269417,0.648341,0.030966,-0.920267,0.083634,0.020869,-0.062773,-0.443122,0.50458,-0.740973,-0.3542,-0.857846,-0.372346,-0.823519,0.097458,0.558853,-0.005267,0.010957,0.008892,-1.598916,1.08031,-2.172973,-0.870031
295,0.136589,-0.005897,0.354728,-0.272285,0.515762,-0.81234,-0.503809,-0.795625,-0.336346,-0.819461,0.317036,0.477493,-0.024599,0.021146,0.017123,-0.04361,0.029229,-0.062793,-1.751731,-0.133626,0.032797,0.334085,0.26085,-0.351344,0.89917,-0.051451,0.924961,0.376476,-0.964268,-0.144034,0.222047,0.013161,-0.00069,-0.001834,1.271037,1.307423,0.135114,-1.402979,0.052936,0.03552,-0.009514,-0.169655,0.348101,0.921977,-0.055637,-0.93743,0.343698,0.983931,0.007014,0.178406,0.006717,-0.000627,-0.001342,4.669255,2.938916,1.073434,-0.922716,0.083377,0.021181,-0.062343,-0.447924,0.499555,-0.74149,-0.355291,-0.860501,-0.365109,-0.820446,0.099904,0.562926,-0.005575,0.004543,0.012379,-0.190842,0.097353,-0.190386,-0.87248
296,0.136284,-0.005616,0.355163,-0.272996,0.515314,-0.812385,-0.503973,-0.795861,-0.335541,-0.819122,0.317173,0.477982,-0.010854,0.0195,0.015679,0.000538,-0.012408,0.021283,-1.75032,-0.133237,0.032746,0.334081,0.238335,-0.337722,0.910567,-0.060741,0.930496,0.361138,-0.969513,-0.140966,0.20009,0.026034,0.000989,-0.001863,-0.302824,2.247969,-2.683823,-1.403029,0.053126,0.035494,-0.009516,-0.148983,0.334368,0.930592,-0.049808,-0.942438,0.33065,0.987584,0.002911,0.157061,0.006605,-0.000513,-0.001055,-0.223576,0.771185,-0.39991,-0.927778,0.083228,0.021317,-0.062135,-0.448421,0.499072,-0.741514,-0.355356,-0.86076,-0.364434,-0.820146,0.100082,0.563332,-0.005597,0.004346,0.012198,-0.034073,0.00125,0.004701,-0.879665
297,0.135723,-0.005164,0.355983,-0.278372,0.511654,-0.812874,-0.505967,-0.797436,-0.328731,-0.816073,0.319137,0.481875,-0.011283,0.007693,0.023482,-0.034871,0.001919,0.0036,-1.721225,-0.13233,0.032489,0.334127,0.189385,-0.31049,0.931515,-0.079776,0.940616,0.329866,-0.978825,-0.136403,0.152178,0.013516,-0.003243,-0.003806,-0.30586,1.432692,-1.212655,-1.402827,0.053574,0.035375,-0.009491,-0.105023,0.300027,0.948131,-0.034297,-0.953929,0.298062,0.993878,-0.001214,0.110474,0.013968,-0.006527,0.00188,-0.326523,1.03014,-0.450673,-0.930717,0.082938,0.021551,-0.061719,-0.453042,0.494273,-0.74192,-0.356289,-0.863259,-0.357547,-0.817196,0.102354,0.567197,-0.012552,0.004311,0.012153,-0.040029,0.109382,-0.200107,-0.875093
298,0.135314,-0.004794,0.356824,-0.282049,0.50626,-0.814981,-0.507656,-0.799502,-0.321019,-0.813755,0.322552,0.483519,0.00258,0.007103,0.022863,-0.511647,0.286873,-0.57382,-1.707188,-0.131374,0.03196,0.334161,0.145152,-0.280728,0.948743,-0.095588,0.950372,0.295955,-0.984893,-0.133305,0.109904,0.028339,-0.015655,0.001763,-0.184873,0.832261,-0.911493,-1.402874,0.054045,0.035116,-0.009475,-0.062092,0.263541,0.962647,-0.020689,-0.964641,0.262753,0.997855,-0.003601,0.065349,0.01409,-0.007728,0.000973,-0.376627,2.220234,-2.955035,-0.927288,0.082733,0.02173,-0.06131,-0.453891,0.490176,-0.744116,-0.356385,-0.865256,-0.35259,-0.816683,0.105155,0.567424,-0.005593,0.00413,0.011932,-0.0348,0.010548,0.00936,-0.876726
299,0.135108,-0.004586,0.357248,-0.284685,0.504478,-0.81517,-0.508687,-0.800201,-0.317628,-0.812189,0.323609,0.48544,-0.010803,0.010322,0.025425,-0.077096,0.015533,-0.0255,-1.672532,-0.130846,0.031617,0.334206,0.124933,-0.270386,0.954607,-0.102302,0.953445,0.283566,-0.986963,-0.132756,0.090239,0.030057,-0.02801,0.008713,-0.326688,1.068634,-0.473677,-1.402739,0.05432,0.034944,-0.009455,-0.0443,0.247603,0.967847,-0.015422,-0.968853,0.247154,0.998898,-0.003977,0.046739,0.014264,-0.008396,0.000419,-0.106644,0.517625,-0.81852,-0.929248,0.08263,0.021832,-0.061092,-0.457901,0.486066,-0.744355,-0.357337,-0.867308,-0.346534,-0.814025,0.107307,0.570831,-0.005521,0.004521,0.012217,-0.190349,0.099311,-0.190008,-0.871501
300,0.13463,-0.004087,0.358197,-0.289544,0.501195,-0.815483,-0.510897,-0.801332,-0.311164,-0.809074,0.325904,0.489095,-0.024379,0.01196,0.026662,-0.048737,0.024915,-0.042241,-1.588724,-0.129635,0.030764,0.334363,0.093618,-0.247462,0.964359,-0.112512,0.959721,0.257313,-0.989276,-0.132291,0.060777,0.030243,-0.028479,0.008322,-0.14369,0.482492,-0.636337,-1.402817,0.054915,0.034522,-0.009378,-0.014066,0.222201,0.974899,-0.006731,-0.974994,0.222125,0.999878,-0.003438,0.01521,0.015129,-0.01433,0.004072,-0.135202,0.439903,-0.663815,-0.935616,0.0824,0.02208,-0.060625,-0.461944,0.481888,-0.744573,-0.358657,-0.869308,-0.3401,-0.811154,0.10994,0.574404,-0.005305,0.005713,0.013097,-0.190858,0.098266,-0.191273,-0.851253
301,0.13423,-0.003653,0.359143,-0.290674,0.500561,-0.815471,-0.511607,-0.80146,-0.309664,-0.808218,0.326561,0.490069,-0.010614,0.01096,0.025694,-0.034064,-0.011255,0.029217,-1.553809,-0.128486,0.02996,0.334536,0.072061,-0.235892,0.969099,-0.119409,0.96254,0.243293,-0.990245,-0.132966,0.039961,0.030074,-0.026453,0.009867,-0.125637,0.303486,-0.244118,-1.403051,0.055501,0.034108,-0.009295,0.006169,0.206799,0.978363,-0.000883,-0.978381,0.206808,0.99998,-0.00214,-0.005854,0.01434,-0.008222,0.000515,-0.105182,0.407484,-0.422762,-0.936922,0.082192,0.022302,-0.060142,-0.462941,0.480998,-0.74453,-0.359183,-0.869704,-0.338529,-0.810353,0.110704,0.575387,-0.005436,0.004792,0.012322,-0.034829,0.002069,0.003898,-0.84962
302,0.133926,-0.003178,0.360039,-0.292519,0.499433,-0.815502,-0.511979,-0.802019,-0.307595,-0.807314,0.326917,0.49132,-0.01066,0.010462,0.025198,-0.03483,0.002245,0.003766,-1.545825,-0.127265,0.029235,0.334688,0.058844,-0.220781,0.973542,-0.124045,0.966002,0.226687,-0.990533,-0.133836,0.028219,0.041472,-0.012707,0.002558,-0.045679,0.073789,-0.103769,-1.402898,0.056107,0.03374,-0.009216,0.017224,0.189415,0.981745,0.002477,-0.981896,0.189401,0.999848,-0.00083,-0.017381,0.014341,-0.007874,0.000766,-0.049917,0.104433,-0.162298,-0.940678,0.08204,0.022541,-0.059693,-0.464486,0.479523,-0.744519,-0.35925,-0.870459,-0.33651,-0.809438,0.111165,0.576585,0.001645,0.009988,0.007707,-0.003894,0.065693,-0.124942,-0.858601
303,0.133843,-0.002919,0.360469,-0.293315,0.49895,-0.815512,-0.512146,-0.802255,-0.3067,-0.806919,0.327076,0.491863,0.003012,0.009424,0.024264,-0.039217,0.080011,-0.142684,-1.546735,-0.126732,0.028977,0.334733,0.049747,-0.210329,0.976359,-0.126671,0.968293,0.215163,-0.990687,-0.134127,0.020287,0.028304,-0.012879,0.003796,-0.054516,0.125361,-0.190141,-1.402997,0.056379,0.033609,-0.009196,0.024917,0.17774,0.983762,0.004225,-0.984077,0.17769,0.99968,-0.000271,-0.025271,0.007719,-0.007714,0.001579,-0.062334,0.144738,-0.228099,-0.940352,0.081993,0.02267,-0.059478,-0.465073,0.478971,-0.744508,-0.359331,-0.870733,-0.335713,-0.809066,0.111393,0.577064,-0.005274,0.005597,0.012856,-0.034907,0.002245,0.00379,-0.862846
304,0.133774,-0.002341,0.361295,-0.296552,0.4968,-0.815654,-0.513176,-0.803131,-0.302659,-0.805076,0.328197,0.494131,0.003083,0.009855,0.02448,-0.033837,-0.012406,0.033351,-1.553103,-0.125809,0.02871,0.334755,0.028139,-0.185527,0.982232,-0.131687,0.973318,0.187733,-0.990855,-0.134408,0.00171,0.028139,-0.011418,0.004916,-0.054545,0.125122,-0.190284,-1.403006,0.05684,0.033476,-0.009185,0.04324,0.150025,0.987735,0.007233,-0.988681,0.149852,0.999038,0.000664,-0.043836,0.006817,-0.001239,-0.001684,-0.025531,0.134522,-0.204031,-0.945904,0.081959,0.022963,-0.059056,-0.467888,0.47609,-0.744592,-0.35976,-0.87214,-0.331577,-0.80725,0.112733,0.579342,0.001534,0.004957,0.012268,-0.032052,-0.01335,0.035242,-0.867092
305,0.133753,-0.001594,0.362117,-0.3007,0.493948,-0.815867,-0.515008,-0.804053,-0.297046,-0.802359,0.330238,0.497181,0.003681,0.013465,0.02708,-0.03305,-0.025741,0.058888,-1.56234,-0.125257,0.028671,0.334716,0.009005,-0.161303,0.986859,-0.14685,0.975939,0.160975,-0.989057,-0.146178,-0.016151,9.8e-05,-0.000652,-0.00051,-0.029709,0.216692,-0.334615,-1.403321,0.057127,0.033451,-0.009204,0.059001,0.123472,0.990592,0.020695,-0.992259,0.122447,0.998043,0.013275,-0.061099,0.006527,0.000718,-0.000151,-0.011538,0.086944,-0.127569,-0.948516,0.081947,0.023327,-0.058658,-0.471391,0.472387,-0.744741,-0.360797,-0.873847,-0.325909,-0.804745,0.11507,0.582359,0.001956,0.011835,0.00895,0.004682,-0.028349,0.054267,-0.871501
306,0.133789,-0.001163,0.362506,-0.304105,0.491553,-0.816052,-0.516707,-0.804724,-0.292241,-0.799977,0.332171,0.499725,0.00402,0.024194,0.018209,-1.592111,0.957888,-1.94564,-1.564029,-0.125073,0.028707,0.334711,-0.002568,-0.150717,0.988569,-0.160553,0.975764,0.148464,-0.986948,-0.158158,-0.027957,0.012978,0.001897,7.6e-05,-0.183249,0.216204,-0.300923,-1.403399,0.057214,0.033469,-0.009206,0.069417,0.111548,0.991331,0.033607,-0.993426,0.109431,0.997021,0.025719,-0.07271,-1.4e-05,0.000117,8.5e-05,-0.522999,0.06615,-0.204394,-0.950639,0.081965,0.02354,-0.058459,-0.472589,0.4711,-0.744798,-0.361534,-0.874377,-0.32366,-0.803711,0.116312,0.583539,0.001802,0.006586,0.013393,-0.036729,0.078498,-0.140121,-0.877053
307,0.133919,-0.000295,0.363245,-0.301942,0.492808,-0.816098,-0.522687,-0.801437,-0.290635,-0.79691,0.338191,0.500588,0.003519,0.012586,0.026188,-1.386103,-0.507579,0.888853,-1.571163,-0.124861,0.028748,0.334757,-0.029045,-0.127657,0.991389,-0.187954,0.97477,0.120126,-0.98164,-0.182697,-0.053562,-0.000182,0.001197,0.000936,-0.042257,0.231894,-0.17273,-1.403548,0.057325,0.033491,-0.009183,0.092341,0.085378,0.99206,0.059695,-0.994999,0.080074,0.993936,0.051827,-0.096976,-0.00015,0.00096,0.000756,-0.15178,0.686553,-0.853253,-0.942638,0.082031,0.023982,-0.05809,-0.473106,0.470334,-0.744954,-0.366645,-0.873981,-0.318948,-0.801088,0.122237,0.585931,0.001719,0.011092,0.008158,-4.502517,-1.640949,2.825716,-0.885381
308,0.134081,0.000482,0.363985,-0.303808,0.491553,-0.816163,-0.523709,-0.801728,-0.28798,-0.795527,0.339324,0.502018,0.003764,0.022802,0.016871,-0.00385,0.065416,-0.125134,-1.572004,-0.124818,0.028855,0.334922,-0.058432,-0.11605,0.991519,-0.221778,0.969863,0.100561,-0.973199,-0.213885,-0.083663,-0.000684,0.004497,0.003512,-1.729352,0.321595,-0.101694,-1.4035,0.057346,0.033545,-0.009106,0.120123,0.069513,0.990322,0.086954,-0.994448,0.059256,0.988943,0.078995,-0.125501,-0.000382,0.002482,0.001946,-0.192997,0.938899,-0.694723,-0.918797,0.082112,0.024367,-0.057716,-0.473807,0.469554,-0.745,-0.369008,-0.873995,-0.316173,-0.799587,0.125106,0.587373,0.008653,0.011062,0.008126,0.003617,-0.054815,0.106313,-0.887177
309,0.134268,0.001206,0.364844,-0.304593,0.49112,-0.816131,-0.524039,-0.801858,-0.287016,-0.795009,0.339646,0.502622,0.003546,0.012928,0.026148,-0.039266,0.079653,-0.14287,-1.572361,-0.124855,0.029033,0.335061,-0.078278,-0.116269,0.990124,-0.242384,0.965549,0.094336,-0.966847,-0.232468,-0.105015,-0.000611,0.004019,0.003133,-0.06391,0.370398,0.0079,-1.403787,0.057327,0.033636,-0.009029,0.13952,0.067206,0.987935,0.113623,-0.99219,0.051449,0.983678,0.105074,-0.146067,-0.000361,0.002357,0.001846,-0.069859,0.413662,0.075032,-0.903448,0.082205,0.024732,-0.05729,-0.474463,0.468971,-0.744949,-0.369196,-0.874256,-0.31523,-0.79911,0.125467,0.587945,0.001986,0.012161,0.008917,0.002391,-0.039945,0.076586,-0.887666
310,0.134382,0.001522,0.365324,-0.302052,0.492738,-0.8161,-0.529102,-0.798719,-0.28648,-0.792626,0.34465,0.502978,0.004079,0.024874,0.018159,-0.000918,-0.041102,0.078666,-1.573034,-0.124866,0.029105,0.335143,-0.089064,-0.117626,0.989052,-0.261658,0.960843,0.090825,-0.960859,-0.250565,-0.117605,0.000967,-0.006968,0.011184,-0.165846,0.496686,0.072441,-1.403488,0.057321,0.033676,-0.008991,0.149854,0.066688,0.986456,0.132992,-0.990014,0.046726,0.979722,0.124189,-0.157227,0.006086,0.003509,0.002045,-0.238943,0.600824,0.261577,-0.900998,0.082261,0.024884,-0.057049,-0.472453,0.470964,-0.74497,-0.374696,-0.872395,-0.313893,-0.797741,0.130838,0.588634,0.001819,0.006843,0.013313,-0.043115,-0.029651,0.066522,-0.887667
311,0.134575,0.002009,0.366425,-0.306512,0.489893,-0.81615,-0.53164,-0.799274,-0.280166,-0.789204,0.347408,0.506449,0.003758,0.014372,0.026967,-0.033023,-0.025556,0.058983,-1.571486,-0.124878,0.029244,0.335312,-0.114706,-0.114067,0.986824,-0.294222,0.952673,0.076036,-0.948613,-0.281487,-0.144085,-0.000642,0.004224,0.003285,-5.550742,0.156759,0.938332,-1.403681,0.057316,0.033743,-0.008902,0.174613,0.059133,0.982859,0.163949,-0.986006,0.030195,0.970891,0.155866,-0.181865,-0.000288,0.002103,0.001416,-5.539337,0.29272,1.031102,-0.899202,0.08236,0.025138,-0.056491,-0.476173,0.467272,-0.744926,-0.376493,-0.873894,-0.307507,-0.794676,0.134033,0.592049,0.00186,0.007166,0.013469,-0.030813,-0.026561,0.061012,-0.888157
312,0.134846,0.002298,0.367611,-0.306208,0.490357,-0.815985,-0.533432,-0.798276,-0.279604,-0.788113,0.34904,0.507026,0.003277,0.002891,0.035098,-0.068426,-0.011233,0.041292,-1.57135,-0.124889,0.029379,0.335391,-0.131623,-0.111594,0.984994,-0.313275,0.94736,0.065584,-0.940261,-0.299808,-0.160897,-0.000325,0.002137,0.00166,-0.034187,0.213098,-0.104437,-1.40372,0.05731,0.033812,-0.008861,0.191691,0.055931,0.979859,0.18522,-0.982496,0.019846,0.963818,0.177685,-0.198695,-0.000187,0.00122,0.000956,-0.04172,0.202131,-0.118595,-0.895936,0.082496,0.025283,-0.055897,-0.475945,0.467794,-0.744744,-0.378386,-0.873341,-0.306753,-0.793914,0.135804,0.592669,0.001612,0.001385,0.017504,-0.068331,-0.011231,0.041259,-0.889463
313,0.13494,0.002441,0.368196,-0.306593,0.490233,-0.815915,-0.534155,-0.798056,-0.27885,-0.787473,0.349717,0.507554,0.00346,0.012717,0.025564,-0.03938,0.078877,-0.143268,-1.571183,-0.124882,0.0294,0.335419,-0.138301,-0.113817,0.983824,-0.320166,0.945132,0.06445,-0.936968,-0.305936,-0.168394,-0.000149,0.000981,0.000762,-0.05509,0.333099,0.21973,-1.403306,0.057313,0.033824,-0.008846,0.197669,0.056224,0.978655,0.191916,-0.981253,0.017609,0.961298,0.184339,-0.204753,-7.6e-05,0.000489,0.000386,-0.067144,0.611274,0.167543,-0.893161,0.082542,0.025351,-0.055614,-0.4762,0.46767,-0.744658,-0.379093,-0.873288,-0.306029,-0.793423,0.136564,0.59315,0.001768,0.006697,0.013021,-0.032945,-0.025362,0.059001,-0.892239
314,0.135068,0.002753,0.369343,-0.307208,0.490074,-0.815779,-0.535581,-0.797568,-0.277508,-0.786264,0.351048,0.508509,0.003126,0.002065,0.034319,-0.068412,-0.011132,0.041344,-1.56831,-0.124813,0.029467,0.335462,-0.150523,-0.112997,0.982123,-0.349857,0.935204,0.054095,-0.924372,-0.335324,-0.181541,-0.000263,0.001727,0.001341,-5.948807,1.257702,-1.223105,-1.403574,0.057348,0.033853,-0.008828,0.208884,0.055744,0.976349,0.216703,-0.976192,0.009372,0.953627,0.20962,-0.215991,-0.00096,0.006602,-0.003158,0.019574,0.100947,0.138018,-0.892671,0.082607,0.025511,-0.055031,-0.476841,0.467288,-0.744489,-0.380431,-0.873259,-0.304449,-0.792398,0.138053,0.594177,0.001533,0.000948,0.017098,-0.06838,-0.011113,0.041297,-0.891912
315,0.135162,0.003043,0.370482,-0.307705,0.489995,-0.815639,-0.53706,-0.797007,-0.276257,-0.785059,0.352428,0.509415,-0.010239,0.002915,0.034964,-0.069385,0.003657,0.011828,-1.568122,-0.12473,0.029582,0.335454,-0.158945,-0.111435,0.980974,-0.367383,0.92889,0.04611,-0.916118,-0.352929,-0.189819,-0.001787,0.012331,-0.007009,0.034125,0.005228,0.025761,-1.403278,0.057389,0.033912,-0.008831,0.218498,0.052132,0.974443,0.2404,-0.970672,-0.001975,0.945762,0.234688,-0.224623,-0.000893,0.00616,-0.003503,0.035923,-0.028146,0.01768,-0.889405,0.082658,0.025654,-0.054475,-0.477296,0.467087,-0.744323,-0.381827,-0.873129,-0.30307,-0.791451,0.139548,0.595088,0.001555,0.005444,0.012009,-0.03376,-0.012063,0.033478,-0.891912
