frame,MLTx,MLTy,MLTz,MLTR1,MLTR2,MLTR3,MLTR4,MLTR5,MLTR6,MLTR7,MLTR8,MLTR9,MLTTVx,MLTTVy,MLTTVz,MLTRVx,MLTRVy,MLTRVz,MLGA,MRTx,MRTy,MRTz,MRTR1,MRTR2,MRTR3,MRTR4,MRTR5,MRTR6,MRTR7,MRTR8,MRTR9,MRTTVx,MRTTVy,MRTTVz,MRTRVx,MRTRVy,MRTRVz,MRGA,SLTx,SLTy,SLTz,SLTR1,SLTR2,SLTR3,SLTR4,SLTR5,SLTR6,SLTR7,SLTR8,SLTR9,SLTTVx,SLTTVy,SLTTVz,SLTRVx,SLTRVy,SLTRVz,SLGA,SRTx,SRTy,SRTz,SRTR1,SRTR2,SRTR3,SRTR4,SRTR5,SRTR6,SRTR7,SRTR8,SRTR9,SRTTVx,SRTTVy,SRTTVz,SRTRVx,SRTRVy,SRTRVz,SRGA
806,0.094861,0.008514,0.30911,-0.760961,-0.260086,-0.594424,-0.093213,-0.862846,0.496771,-0.641155,0.43375,0.633094,-0.000694,-0.002281,-0.00238,0.0,0.0,0.0,-1.913299,-0.19838,-0.001912,0.323867,-0.96526,-0.179939,-0.189437,0.064209,-0.866383,0.495168,-0.251995,0.466031,0.848043,-0.038617,0.023588,0.043036,0.065302,-0.032318,-0.034903,-1.402178,0.029825,0.043551,-0.008948,0.919952,0.341254,-0.192958,-0.199624,0.831384,0.518603,0.337397,-0.438571,0.832956,-0.019096,0.006272,0.025667,-0.002528,0.080174,-0.242888,-1.023467,0.046215,0.044499,-0.063384,0.819838,0.322597,-0.47307,-0.096518,0.892223,0.441159,0.564401,-0.316019,0.762615,-0.000428,-0.00141,-0.00147,1e-06,1.4e-05,-3e-06,-1.05406
807,0.094933,0.0084,0.308968,-0.760898,-0.259988,-0.594547,-0.09329,-0.86291,0.496643,-0.641218,0.433679,0.633078,0.014248,0.006162,-0.01231,0.035293,-0.033893,0.044617,-1.913239,-0.199818,-0.001175,0.325738,-0.959333,-0.196575,-0.202559,0.074719,-0.869067,0.488952,-0.270931,0.454182,0.848633,-0.037819,0.01351,0.05166,0.18895,-0.289111,0.020833,-1.401835,0.029106,0.043925,-0.008013,0.911359,0.356723,-0.205359,-0.210173,0.832269,0.512986,0.353907,-0.424354,0.83347,-0.01893,0.006863,0.025965,0.176129,-0.77831,0.155366,-1.025589,0.046245,0.044439,-0.063451,0.819821,0.322508,-0.473161,-0.09644,0.892271,0.441078,0.564439,-0.315974,0.762605,-0.000504,-0.001657,-0.001732,-1.6e-05,0.016231,-0.023805,-1.054223
808,0.095045,0.008263,0.30882,-0.762404,-0.26097,-0.592182,-0.09202,-0.862092,0.498299,-0.639611,0.434718,0.633992,-0.000918,-0.00302,-0.003159,-0.0,0.0,-0.0,-1.913655,-0.201342,-0.000731,0.32792,-0.954856,-0.20925,-0.210847,0.085492,-0.873505,0.47918,-0.283228,0.439788,0.852192,-0.036996,0.004124,0.0609,0.344395,-0.231439,-0.217114,-1.401944,0.028344,0.044151,-0.006925,0.904889,0.368342,-0.213303,-0.221155,0.835039,0.503784,0.363681,-0.408697,0.837079,-0.025483,0.002471,0.03128,0.450477,-0.933759,0.22615,-1.020364,0.046307,0.044374,-0.063529,0.820756,0.32378,-0.470664,-0.09788,0.891398,0.442525,0.56283,-0.317137,0.763312,-0.000537,-0.001767,-0.001849,0.000722,0.014179,-0.022124,-1.054713
809,0.095133,0.008185,0.308744,-0.762408,-0.260928,-0.592196,-0.092048,-0.862106,0.498269,-0.639603,0.434715,0.634002,0.013044,-0.005727,-0.005107,0.000961,0.001521,0.005741,-1.913768,-0.20218,-0.000604,0.329087,-0.951867,-0.219124,-0.214305,0.095282,-0.876271,0.472234,-0.290053,0.429364,0.855207,-0.036841,0.00465,0.061124,1.657455,-2.766151,-4.884064,-1.401567,0.027925,0.044214,-0.006342,0.902461,0.37229,-0.21671,-0.226245,0.837738,0.496998,0.366574,-0.399492,0.840255,-0.025482,0.001898,0.030636,0.678095,-0.154909,-0.22215,-1.015792,0.046346,0.044337,-0.063564,0.820758,0.323734,-0.470692,-0.097843,0.891419,0.442491,0.562833,-0.317124,0.763314,-0.000443,-0.001461,-0.001531,8.3e-05,-0.000261,0.00023,-1.054223
810,0.095368,0.008052,0.308607,-0.762256,-0.260658,-0.592511,-0.092327,-0.862231,0.498002,-0.639744,0.434629,0.633918,0.013468,-0.004345,-0.003667,0.000984,-0.014715,0.029553,-1.91355,-0.203979,-0.000597,0.331453,-0.947649,-0.227657,-0.223885,0.103427,-0.882381,0.458955,-0.300829,0.412064,0.859981,-0.037025,0.000974,0.057419,0.305075,-0.094495,-0.141246,-1.401655,0.027012,0.044225,-0.005131,0.894328,0.386127,-0.226012,-0.241367,0.841726,0.482948,0.376719,-0.377362,0.845978,-0.01857,0.000334,0.028607,0.255915,-0.087914,-0.159439,-1.018404,0.046462,0.044267,-0.063637,0.8207,0.323443,-0.470993,-0.097551,0.891558,0.442274,0.562968,-0.317029,0.763255,-0.000331,-0.001102,-0.001159,8e-06,2e-06,2.9e-05,-1.051447
811,0.095689,0.00794,0.30851,-0.763501,-0.261272,-0.590635,-0.091507,-0.861557,0.499317,-0.638376,0.435597,0.634632,-0.000121,-0.000401,-0.00042,-0.0,0.0,-0.0,-1.913538,-0.205994,-0.000916,0.333758,-0.941512,-0.243032,-0.233412,0.119008,-0.888011,0.44408,-0.313998,0.39064,0.865257,-0.051423,-0.004963,0.052696,0.410922,-0.097749,-0.221719,-1.401703,0.026044,0.044079,-0.004017,0.885786,0.400243,-0.234921,-0.25724,0.844747,0.469285,0.386277,-0.355255,0.851224,-0.025784,-0.00276,0.026141,0.713287,-0.156916,-0.252743,-1.02069,0.046622,0.044209,-0.063687,0.821515,0.324309,-0.468973,-0.098514,0.890853,0.44348,0.561611,-0.318126,0.763798,0.006962,-0.001424,-0.001057,0.001258,-0.015521,0.030244,-1.05259
812,0.095855,0.007896,0.308489,-0.766052,-0.260034,-0.587871,-0.09044,-0.861859,0.49899,-0.635466,0.435738,0.637449,-9e-06,-3e-05,-3.1e-05,0.204203,0.248727,0.169089,-1.913343,-0.207025,-0.001181,0.334775,-0.939571,-0.247678,-0.236332,0.124487,-0.890401,0.437747,-0.317653,0.382192,0.867692,-0.052041,-0.010888,0.047423,0.321204,-0.057727,-0.224912,-1.401498,0.025529,0.043957,-0.003499,0.882969,0.40469,-0.237887,-0.263341,0.846525,0.46265,0.388607,-0.345861,0.854027,-0.026041,-0.005293,0.023879,0.536537,-0.105834,-0.258333,-1.020527,0.046705,0.044187,-0.063698,0.822811,0.324848,-0.46632,-0.099742,0.89034,0.444235,0.559492,-0.319009,0.764983,1.9e-05,5.4e-05,5.1e-05,0.467304,0.472769,0.285396,-1.052263
813,0.096198,0.007864,0.308461,-0.76723,-0.260585,-0.586088,-0.089683,-0.861222,0.500225,-0.634152,0.436669,0.638121,0.014139,-0.00213,-0.001359,0.001036,-0.014652,0.029596,-1.913101,-0.209132,-0.001819,0.336456,-0.934833,-0.257119,-0.244883,0.134749,-0.895094,0.424951,-0.327264,0.364591,0.871685,-0.066786,-0.018196,0.041736,0.305516,-0.027883,-0.275509,-1.401687,0.024462,0.043632,-0.002636,0.876513,0.413683,-0.246149,-0.274705,0.849764,0.449931,0.395297,-0.326752,0.85847,-0.026687,-0.004054,0.015946,0.44119,-0.19211,-0.05239,-1.022323,0.046877,0.044173,-0.06371,0.824452,0.324296,-0.463799,-0.100405,0.89035,0.444065,0.556953,-0.319543,0.766612,6.4e-05,0.000211,0.000215,-0.002432,-0.00369,0.000344,-1.048671
814,0.096509,0.00784,0.308425,-0.768366,-0.261115,-0.584361,-0.088946,-0.860607,0.501414,-0.632879,0.437567,0.638769,3e-06,1.1e-05,1.2e-05,0.0,0.0,-0.0,-1.913011,-0.211344,-0.002519,0.337829,-0.929841,-0.266617,-0.253581,0.145477,-0.899519,0.411869,-0.336726,0.346425,0.875482,-0.067743,-0.012003,0.02912,0.577009,-0.098913,-0.343364,-1.401972,0.023356,0.043276,-0.001948,0.870127,0.422144,-0.254308,-0.285419,0.852327,0.438263,0.401763,-0.30876,0.862121,-0.026787,-0.011501,0.018401,0.581757,-0.236435,-0.189867,-1.009424,0.047038,0.044161,-0.063727,0.825181,0.325062,-0.461964,-0.101253,0.8897,0.445176,0.555719,-0.320576,0.767076,0.007023,-0.001218,-0.00085,0.002079,-0.017705,0.03172,-1.047201
815,0.096693,0.007849,0.308387,-0.768164,-0.260848,-0.584746,-0.089211,-0.860772,0.501083,-0.633087,0.4374,0.638678,0.0,0.0,0.0,0.0,0.0,0.0,-1.913202,-0.213588,-0.003092,0.338921,-0.925391,-0.274516,-0.261311,0.153777,-0.902235,0.402813,-0.345163,0.332929,0.87743,-0.054317,-0.015359,0.025399,0.097746,-0.209453,-0.117077,-1.401637,0.022228,0.042988,-0.001404,0.863982,0.430101,-0.261816,-0.295579,0.854175,0.427805,0.407636,-0.292229,0.865121,-0.027301,-0.00211,0.008608,0.006271,-0.952688,0.316958,-1.014486,0.04713,0.044166,-0.063746,0.825068,0.324747,-0.462386,-0.100946,0.889889,0.444867,0.555942,-0.32037,0.767001,0.007022,-0.001219,-0.000851,0.001079,-0.014813,0.0295,-1.048181
816,0.096717,0.007869,0.308379,-0.768052,-0.260733,-0.584944,-0.089337,-0.86085,0.500928,-0.633205,0.437316,0.638619,7e-05,0.000234,0.000246,0.0,0.0,0.0,-1.913233,-0.21462,-0.003327,0.339351,-0.924681,-0.277967,-0.260175,0.158638,-0.90261,0.400081,-0.344866,0.329031,0.879016,-0.054444,-0.016029,0.024788,0.067076,0.027596,-0.162114,-1.402225,0.021712,0.042868,-0.00119,0.862601,0.433515,-0.260734,-0.300527,0.853734,0.425229,0.406941,-0.288446,0.866716,-0.027469,-0.003274,0.007588,0.079078,0.028049,-0.18646,-1.015792,0.047143,0.044175,-0.063751,0.825007,0.324609,-0.462592,-0.100805,0.889973,0.44473,0.556058,-0.320274,0.766957,4.5e-05,0.000146,0.000148,7e-05,-4.7e-05,-8.4e-05,-1.048998
817,0.096652,0.007945,0.308366,-0.767971,-0.260722,-0.585055,-0.089297,-0.860934,0.50079,-0.633308,0.437156,0.638625,-0.014029,0.002479,0.001732,-0.000984,0.014715,-0.029553,-1.913181,-0.216154,-0.003817,0.339746,-0.924914,-0.282455,-0.254449,0.163825,-0.900222,0.403354,-0.341811,0.331746,0.879189,-0.028434,-0.016303,0.005251,-0.247864,0.124685,-0.047547,-1.401859,0.020936,0.042632,-0.000978,0.861858,0.438459,-0.254859,-0.30581,0.850202,0.428528,0.404574,-0.291392,0.866838,-0.014374,-0.002897,-0.001752,-0.336958,0.234764,-0.203355,-1.019548,0.04711,0.044214,-0.063757,0.824948,0.324585,-0.462714,-0.100832,0.890044,0.444582,0.556141,-0.3201,0.766969,-0.007018,0.001226,0.00085,-0.000927,0.014687,-0.02961,-1.049488
818,0.096473,0.008036,0.308391,-0.768055,-0.260925,-0.584854,-0.089024,-0.8609,0.500898,-0.633245,0.437104,0.638724,-0.013902,0.002899,0.002169,-0.000984,0.014715,-0.029553,-1.913208,-0.216326,-0.00436,0.33927,-0.93074,-0.274765,-0.241285,0.158928,-0.89834,0.409464,-0.328076,0.343111,0.880059,0.010898,-0.009137,-0.02649,0.07737,0.905817,-0.471267,-1.401589,0.020836,0.042364,-0.001198,0.869106,0.430993,-0.24269,-0.299431,0.84898,0.435399,0.393693,-0.30574,0.866907,0.005583,-0.010002,-0.008977,0.434933,2.670693,-1.145336,-1.028039,0.04702,0.044259,-0.063745,0.82497,0.324809,-0.462517,-0.101117,0.889981,0.444643,0.556056,-0.320049,0.767052,-0.006951,0.001452,0.001089,-0.000968,0.014685,-0.0296,-1.049488
819,0.096406,0.008084,0.308407,-0.76807,-0.260987,-0.584807,-0.088934,-0.860899,0.500914,-0.63324,0.437067,0.638754,0.000232,0.000774,0.00081,0.0,0.0,0.0,-1.912907,-0.216071,-0.004659,0.338807,-0.931891,-0.274702,-0.236876,0.159789,-0.897278,0.411452,-0.324383,0.345931,0.880324,0.011161,-0.02009,-0.018128,-0.050349,0.029989,-0.007699,-1.401951,0.020952,0.042213,-0.00143,0.870654,0.430893,-0.237257,-0.300293,0.847626,0.437439,0.389595,-0.309611,0.867384,0.005363,-0.00531,-0.013911,0.00208,0.016511,0.032228,-1.03359,0.046987,0.044282,-0.063738,0.824969,0.324876,-0.462473,-0.101208,0.88997,0.444644,0.556041,-0.320012,0.767078,0.000173,0.000576,0.000606,4.3e-05,-3e-06,-4e-05,-1.049324
820,0.096393,0.008071,0.308408,-0.767583,-0.26046,-0.58568,-0.089667,-0.861132,0.500384,-0.633726,0.436922,0.638371,-0.00034,-0.001135,-0.001188,0.000217,-0.112142,0.16427,-1.913352,-0.215262,-0.004944,0.33796,-0.932222,-0.272141,-0.238522,0.156481,-0.89759,0.412044,-0.32504,0.347142,0.879605,0.012039,-0.001441,-0.019947,0.036306,-0.014184,0.021127,-1.402264,0.021363,0.042041,-0.001879,0.87153,0.428107,-0.239079,-0.296822,0.848706,0.437713,0.390296,-0.310517,0.866745,0.012984,-0.001105,-0.010671,0.043694,-0.014909,0.029035,-1.026242,0.046976,0.044281,-0.063732,0.824747,0.324348,-0.463237,-0.100545,0.890218,0.444299,0.55649,-0.319858,0.766817,-0.000249,-0.000829,-0.000867,-1.1e-05,0.01622,-0.023819,-1.049651
821,0.09687,0.007791,0.308205,-0.769737,-0.255746,-0.584931,-0.094981,-0.860202,0.501001,-0.630334,0.44151,0.638573,0.011226,-0.019845,-0.00027,-0.033409,0.020575,-0.00938,-1.912834,-0.214676,-0.004923,0.337338,-0.931501,-0.272117,-0.241351,0.155674,-0.898086,0.411268,-0.327479,0.345874,0.879199,-0.000858,-0.006255,-0.005473,-0.560261,-2.492222,0.995502,-1.402102,0.021656,0.04205,-0.002191,0.871544,0.427994,-0.239231,-0.297166,0.849166,0.436587,0.390003,-0.309414,0.867271,0.006409,0.001972,-0.007643,0.03648,-0.013827,0.0219,-1.027875,0.047207,0.044155,-0.063826,0.827266,0.319987,-0.461777,-0.095365,0.889999,0.445877,0.553657,-0.324821,0.766782,0.006183,-0.004039,-0.003811,0.002364,-0.017373,0.031704,-1.050467
822,0.09726,0.007574,0.308004,-0.76946,-0.255266,-0.585504,-0.095521,-0.860402,0.500557,-0.63059,0.4414,0.638397,0.025822,-0.01257,-0.011483,0.001928,-0.013181,0.035303,-1.912888,-0.214575,-0.004884,0.337163,-0.929342,-0.272358,-0.249272,0.152673,-0.898327,0.411866,-0.334917,0.345057,0.876715,-0.000617,0.008368,-0.010682,-0.523643,-2.520889,1.036502,-1.402162,0.021706,0.042064,-0.002283,0.869262,0.42816,-0.247107,-0.2943,0.849835,0.437227,0.397203,-0.307342,0.864737,-0.000207,-0.001577,-0.001388,0.001184,0.005546,-0.001797,-1.024446,0.047397,0.044045,-0.063922,0.827118,0.319379,-0.462462,-0.094685,0.89027,0.44548,0.553993,-0.324676,0.766599,0.005829,-0.005265,-0.005106,0.001203,0.001138,0.005947,-1.050631
823,0.098268,0.007036,0.307429,-0.773091,-0.254229,-0.581156,-0.093905,-0.860238,0.501142,-0.626379,0.442314,0.641899,0.024648,-0.016763,-0.015973,0.002225,0.003519,0.011807,-1.912869,-0.21492,-0.004594,0.337152,-0.927077,-0.27246,-0.257461,0.149511,-0.89869,0.412233,-0.342512,0.344029,0.874181,-0.013205,0.005853,0.005836,-0.000395,0.000655,-0.004426,-1.402166,0.021548,0.042205,-0.0023,0.866188,0.427933,-0.258049,-0.290023,0.851023,0.437773,0.406943,-0.304354,0.861257,-0.013622,0.009231,-0.000206,0.034571,0.006547,-0.018327,-1.026732,0.047896,0.04378,-0.064204,0.830058,0.318988,-0.457437,-0.096365,0.889959,0.44574,0.549287,-0.325909,0.769458,0.012793,-0.002814,-0.011998,0.029641,-0.023534,0.027092,-1.049651
824,0.099575,0.006344,0.30668,-0.77828,-0.256913,-0.572994,-0.089994,-0.857455,0.506601,-0.620503,0.446159,0.644938,0.038481,-0.020394,-0.019092,-0.178075,0.538267,-0.552078,-1.912564,-0.2158,-0.004269,0.337485,-0.926364,-0.273695,-0.258713,0.149909,-0.898249,0.41305,-0.344257,0.344203,0.873427,-0.026577,0.010178,0.010291,-0.002443,0.01586,-0.033671,-1.402098,0.021099,0.042377,-0.002126,0.865273,0.429069,-0.25923,-0.290343,0.850494,0.438588,0.408658,-0.304233,0.860487,-0.013257,0.005348,0.005382,-0.001843,0.019053,-0.034711,-1.029345,0.048572,0.043417,-0.064596,0.833278,0.322639,-0.448944,-0.100688,0.887033,0.450592,0.543607,-0.330265,0.771632,0.019228,-0.010279,-0.009655,-0.201306,0.597799,-0.602778,-1.051284
825,0.100979,0.005828,0.30601,-0.78699,-0.262314,-0.558465,-0.082089,-0.852596,0.516056,-0.610537,0.452297,0.650153,0.027133,-0.000595,-0.018839,0.034367,0.084863,-0.118387,-1.91162,-0.216724,-0.003864,0.338049,-0.924514,-0.276495,-0.262328,0.151463,-0.898235,0.412513,-0.348511,0.341996,0.872606,-0.012099,0.013206,0.012165,0.206801,-0.082545,-0.033697,-1.402016,0.020637,0.042581,-0.001842,0.863146,0.431235,-0.262706,-0.291406,0.850279,0.4383,0.412383,-0.301763,0.85958,-0.006038,0.006744,0.00622,0.249727,-0.08431,-0.026468,-1.030815,0.049261,0.043148,-0.064935,0.838643,0.329922,-0.433392,-0.109617,0.881632,0.45903,0.533537,-0.337456,0.775539,0.020226,-0.006941,-0.006168,0.002737,-0.025981,0.059137,-1.049324
826,0.101607,0.005772,0.305793,-0.795366,-0.2623,-0.546477,-0.076034,-0.85127,0.519163,-0.600389,0.454797,0.657814,0.027781,-0.006368,-0.005145,0.272297,0.488048,0.083839,-1.912156,-0.217096,-0.003668,0.338335,-0.924584,-0.277607,-0.260903,0.152818,-0.897699,0.41318,-0.347735,0.342506,0.872716,-0.012023,0.001063,0.019525,-0.044903,0.11373,-0.193118,-1.402269,0.020457,0.042684,-0.001702,0.862853,0.432587,-0.261441,-0.29307,0.849594,0.438519,0.411816,-0.301758,0.859853,-0.013018,0.006748,0.006556,-0.014697,0.016562,-0.039534,-1.030978,0.049562,0.043114,-0.06505,0.843498,0.333344,-0.42118,-0.116264,0.878846,0.462723,0.524398,-0.341338,0.78006,0.014381,0.002539,-0.00643,-0.182338,0.667435,-0.721753,-1.046875
827,0.10266,0.006079,0.305608,-0.811616,-0.253829,-0.526209,-0.078655,-0.84505,0.528844,-0.577902,0.470919,0.666552,0.031131,0.013783,-0.003596,0.044011,0.173131,-0.221661,-1.912314,-0.217494,-0.003492,0.338684,-0.924335,-0.281333,-0.257774,0.157875,-0.897114,0.412547,-0.346137,0.340998,0.873941,-0.013479,0.003403,0.003633,-0.012951,0.115331,-0.200731,-1.401632,0.02026,0.042784,-0.00151,0.862017,0.436192,-0.258191,-0.29798,0.848145,0.438014,0.410042,-0.30064,0.861092,0.000159,0.001139,0.000992,-0.016769,0.086586,-0.148171,-1.031631,0.050098,0.04326,-0.06515,0.858032,0.32602,-0.396851,-0.114306,0.874532,0.471303,0.500714,-0.359031,0.787643,0.008597,0.008352,-0.000664,0.021427,0.047884,-0.078392,-1.043283
828,0.103324,0.006632,0.305852,-0.82405,-0.254717,-0.50607,-0.070817,-0.839961,0.537981,-0.561089,0.479474,0.674767,0.017759,0.010915,0.012327,0.000525,0.065787,-0.087227,-1.91233,-0.217293,-0.003512,0.338386,-0.931439,-0.265197,-0.249168,0.142756,-0.896273,0.41982,-0.333469,0.355806,0.872962,-0.001414,0.002727,-0.015539,-0.242528,0.098603,0.069636,-1.400767,0.020356,0.04278,-0.001653,0.871584,0.421773,-0.249896,-0.283399,0.849406,0.44519,0.400032,-0.3172,0.859859,-0.000774,0.00085,-0.00821,-0.268847,0.09874,0.070645,-1.036693,0.050443,0.043544,-0.065027,0.866443,0.329631,-0.374991,-0.123019,0.868865,0.479519,0.483881,-0.369345,0.793374,0.008976,0.005805,0.006518,-0.000367,0.054245,-0.082689,-1.03871
829,0.103609,0.007152,0.306585,-0.827516,-0.257865,-0.498767,-0.065737,-0.837739,0.542075,-0.556592,0.48168,0.676918,0.004827,0.017509,0.018402,0.621892,-1.890967,1.994949,-1.912744,-0.21689,-0.00339,0.337068,-0.942365,-0.243952,-0.228967,0.123072,-0.889269,0.440439,-0.309859,0.387188,0.868295,0.010097,-0.001995,-0.038344,-0.978658,0.370602,0.270193,-1.333687,0.02055,0.042846,-0.002274,0.885247,0.403856,-0.230733,-0.264994,0.845606,0.463386,0.38225,-0.349068,0.85559,0.004823,0.003592,-0.024147,-0.7507,0.23987,0.368712,-1.022323,0.050588,0.043798,-0.064675,0.86878,0.334628,-0.365025,-0.129905,0.865324,0.484083,0.477853,-0.373144,0.795247,0.001888,0.002841,0.012837,-0.034274,0.096892,-0.13176,-1.041976
830,0.103595,0.007338,0.307084,-0.827623,-0.257887,-0.498578,-0.065937,-0.837441,0.54251,-0.556409,0.482185,0.676708,-0.010047,0.008806,0.028132,-0.035312,0.000715,0.002646,-1.912539,-0.216687,-0.003205,0.336028,-0.948111,-0.233334,-0.215945,0.113096,-0.882486,0.456466,-0.29587,0.408656,0.863322,0.009011,0.015484,-0.059116,-1.054778,0.29272,0.515858,-1.123857,0.020652,0.042927,-0.002784,0.89278,0.394442,-0.217619,-0.254083,0.839792,0.47978,0.372,-0.373045,0.849972,0.004391,0.006815,-0.030379,-1.577936,0.53095,0.597396,-0.956681,0.050582,0.043898,-0.064425,0.86817,0.333687,-0.36733,-0.128373,0.866001,0.483281,0.479373,-0.372415,0.794674,-0.005071,0.004278,0.013936,-0.035453,0.001471,0.001041,-1.041976
831,0.103505,0.007732,0.308072,-0.824259,-0.257834,-0.504147,-0.069815,-0.837293,0.542253,-0.560907,0.482471,0.67278,-0.008963,0.020708,0.020788,-0.338712,-0.435968,-0.231454,-1.91287,-0.216476,-0.002504,0.33328,-0.961787,-0.200996,-0.185901,0.083213,-0.861681,0.500516,-0.259564,0.466174,0.845678,0.007624,0.018316,-0.074929,-1.353394,2.730901,-0.278698,-0.630386,0.020763,0.043266,-0.004147,0.911068,0.365217,-0.191232,-0.220729,0.823924,0.521945,0.348184,-0.433317,0.831266,0.003716,0.008284,-0.038243,-1.768696,0.657962,0.791009,-0.765304,0.050539,0.044097,-0.063915,0.86701,0.330994,-0.372472,-0.124128,0.867403,0.481874,0.482581,-0.371555,0.793133,0.001934,0.003048,0.012958,-0.035406,-0.010546,0.028908,-1.041323
832,0.103293,0.008281,0.308913,-0.819373,-0.262855,-0.50949,-0.071838,-0.834656,0.546041,-0.567762,0.484335,0.665653,-0.009589,0.018315,0.018179,-0.126272,-0.167449,-0.083606,-1.913176,-0.216583,-0.001687,0.330122,-0.974451,-0.161245,-0.156321,0.049205,-0.832703,0.551469,-0.21785,0.529891,0.819524,-0.007406,0.024098,-0.087615,-1.730226,0.24627,1.109428,-0.312447,0.020711,0.04368,-0.005755,0.93176,0.326109,-0.15961,-0.181216,0.798645,0.573868,0.314615,-0.505784,0.803242,-0.00372,0.011671,-0.044145,-2.043439,0.515565,1.126046,-0.62863,0.050438,0.04437,-0.063495,0.861609,0.336664,-0.379848,-0.122509,0.864178,0.488043,0.492564,-0.373968,0.785829,0.001711,0.002238,0.012062,-0.218487,-0.230605,-0.115068,-1.040017
833,0.103203,0.008599,0.309218,-0.814839,-0.268364,-0.513872,-0.072841,-0.832022,0.549914,-0.574118,0.485852,0.659062,-0.009783,0.017553,0.017343,-0.220168,-0.279527,-0.159754,-1.912876,-0.216727,-0.001238,0.328406,-0.981492,-0.133273,-0.137488,0.029257,-0.814304,0.579643,-0.187959,0.565058,0.803271,-0.007474,0.023786,-0.08813,-1.898715,0.849623,0.847001,-0.191062,0.020638,0.0439,-0.006618,0.943482,0.299285,-0.142368,-0.157981,0.783751,0.600645,0.291346,-0.544207,0.786737,-0.003726,0.011592,-0.044329,-1.503014,2.606615,-0.568199,-0.571315,0.05039,0.044536,-0.063336,0.857393,0.34115,-0.385346,-0.121759,0.861941,0.49217,0.50005,-0.375064,0.780561,-0.004945,0.008624,0.00852,-0.282058,-0.342921,-0.202213,-1.039527
834,0.102931,0.009311,0.309767,-0.806151,-0.282659,-0.519874,-0.076619,-0.821324,0.565269,-0.585763,0.495872,0.641109,-0.010388,0.015227,0.014868,-0.482145,-0.300366,-0.37626,-1.91314,-0.217026,-0.000285,0.325053,-0.989173,-0.091941,-0.11435,-0.000688,-0.776885,0.62959,-0.145464,0.622962,0.768519,-0.007119,0.026529,-0.086056,-1.552867,0.006973,1.227384,-0.01158,0.020488,0.044367,-0.008302,0.958778,0.257835,-0.119435,-0.120673,0.749989,0.650349,0.257258,-0.609128,0.750187,-0.003389,0.00783,-0.038824,-1.795239,0.610775,0.894555,-0.457991,0.050255,0.044894,-0.063059,0.84858,0.35343,-0.393698,-0.119428,0.852893,0.508241,0.51541,-0.384265,0.765958,-0.005308,0.007241,0.007058,-0.837925,-0.344991,-0.094755,-1.04116
835,0.102569,0.010164,0.310161,-0.802838,-0.289,-0.521513,-0.091231,-0.804872,0.58637,-0.588216,0.518694,0.620472,-0.009974,0.016564,0.016152,-3.537654,2.565469,2.7586,-1.91332,-0.217305,0.000411,0.321831,-0.994626,-0.049593,-0.090838,-0.024488,-0.740754,0.67128,-0.099316,0.669952,0.735639,-0.007514,0.011671,-0.081898,-1.674541,3.236077,0.164612,0.051799,0.020349,0.044727,-0.009909,0.970903,0.217446,-0.100314,-0.089714,0.718677,0.689531,0.22203,-0.660469,0.717274,0.002925,0.005134,-0.041985,-1.760746,3.5981,4.976325,-0.200809,0.050068,0.045321,-0.062861,0.844651,0.359978,-0.396207,-0.108377,0.839801,0.531966,0.524231,-0.406386,0.748352,-0.005007,0.008222,0.008109,-3.485721,2.590406,2.758547,-1.033975
836,0.102313,0.010668,0.310352,-0.8022,-0.291512,-0.521097,-0.097826,-0.796804,0.596243,-0.588029,0.529642,0.611334,-0.009177,0.027294,0.007709,-1.346406,0.478365,0.448065,-1.913187,-0.217457,0.000454,0.320253,-0.997014,-0.012282,-0.076182,-0.043542,-0.726724,0.6855,-0.062518,0.686777,0.72408,-0.008021,-0.004001,-0.078429,-1.343704,6.289482,2.755864,0.064392,0.020274,0.044759,-0.010695,0.979058,0.184062,-0.086978,-0.070094,0.705908,0.704826,0.19113,-0.683969,0.704027,-0.004008,-0.002188,-0.039379,-1.296965,1.321594,1.551189,-0.145616,0.049944,0.045565,-0.062767,0.843446,0.362665,-0.396322,-0.102757,0.83303,0.543599,0.527293,-0.417772,0.739883,-0.011434,0.0152,0.005184,-3.366312,2.723785,2.7418,-1.034465
837,0.101732,0.011793,0.310787,-0.801273,-0.293769,-0.521254,-0.11585,-0.778558,0.616765,-0.586019,0.554947,0.59046,-0.008146,0.030705,0.01106,-3.167841,3.05967,2.931169,-1.913647,-0.217597,0.000161,0.31725,-0.99735,0.053322,-0.049402,-0.072749,-0.70506,0.705359,0.004044,0.707007,0.707098,0.006393,-0.002064,-0.07804,-0.834085,1.760798,0.821826,0.073627,0.020196,0.044599,-0.012208,0.991685,0.11381,-0.060044,-0.035468,0.690304,0.722649,0.123693,-0.714511,0.688601,-0.004002,-0.006727,-0.034742,-0.419634,4.784282,3.112828,-0.099895,0.049652,0.046121,-0.062556,0.839902,0.369287,-0.397731,-0.090057,0.817493,0.568853,0.535213,-0.441963,0.719871,-0.010966,0.016712,0.006557,-0.275316,-0.506368,-0.254118,-1.036751
838,0.100993,0.013158,0.311533,-0.798361,-0.303334,-0.520244,-0.12835,-0.75837,0.63904,-0.58739,0.577332,0.567175,-0.020894,0.028609,0.027217,-0.374506,-0.807757,-0.012444,-1.913406,-0.217595,-0.000331,0.314813,-0.994937,0.094574,-0.03389,-0.09056,-0.696407,0.711864,0.044982,0.711198,0.701453,0.00804,-0.016149,-0.054546,-0.036951,0.173718,-0.196148,0.072392,0.020196,0.044349,-0.013444,0.996529,0.069766,-0.045405,-0.014553,0.68309,0.730188,0.081958,-0.726993,0.681735,-0.002889,-0.00708,-0.025968,0.015553,0.30099,-0.351678,-0.091894,0.049293,0.046783,-0.062202,0.839371,0.373722,-0.394698,-0.076383,0.80003,0.595076,0.538164,-0.469342,0.700069,-0.01039,0.014524,0.013845,-0.743634,-0.556073,-0.820584,-1.045079
839,0.100039,0.014434,0.312727,-0.787662,-0.31717,-0.52824,-0.13971,-0.743108,0.654404,-0.599119,0.589641,0.54167,-0.033945,0.02508,0.041726,-0.569758,-0.354215,-0.740747,-1.913783,-0.217446,-0.000961,0.313158,-0.992281,0.12179,-0.023186,-0.102095,-0.695471,0.711218,0.07175,0.707931,0.70253,0.009777,-0.029868,-0.030342,-0.02592,0.510977,0.116598,0.073107,0.02027,0.044036,-0.014283,0.998445,0.043032,-0.035406,-0.003663,0.684669,0.728844,0.055605,-0.727582,0.683763,0.004946,-0.008446,-0.018295,-0.010329,1.306393,0.978616,-0.091077,0.048814,0.047439,-0.061603,0.827969,0.384712,-0.407999,-0.064797,0.788326,0.611835,0.557017,-0.480143,0.677638,-0.009348,0.017913,0.017053,-0.537898,-0.481709,-0.695436,-1.052917
840,0.099478,0.015013,0.313533,-0.784365,-0.32361,-0.529239,-0.144168,-0.734739,0.662832,-0.602379,0.596601,0.530315,-0.033041,0.027846,0.044232,-0.404626,-0.056044,-0.769352,-1.913338,-0.217331,-0.001362,0.312563,-0.99172,0.126922,-0.019334,-0.102975,-0.69537,0.71119,0.078077,0.707121,0.702671,0.010411,-0.02582,-0.026449,-0.012886,0.142345,-0.207892,0.071542,0.020327,0.043834,-0.014583,0.998795,0.037458,-0.031676,-0.002567,0.684741,0.728781,0.048989,-0.727822,0.684013,0.005213,-0.006813,-0.016739,0.03453,0.013338,-0.032029,-0.090914,0.048533,0.047727,-0.061201,0.823559,0.391663,-0.410304,-0.060935,0.780249,0.622492,0.563947,-0.487657,0.666447,-0.016472,0.01416,0.022374,-0.465345,-0.23084,-0.661966,-1.05406
841,0.098268,0.015642,0.315474,-0.786348,-0.336666,-0.518033,-0.149812,-0.709603,0.688471,-0.598408,0.619401,0.50821,-0.034404,0.014679,0.049786,-0.687519,-0.377441,-0.809239,-1.91293,-0.217006,-0.002198,0.311805,-0.990373,0.137701,-0.013809,-0.106588,-0.69441,0.711595,0.089652,0.706032,0.702385,-0.002242,-0.027519,-0.008426,-0.039097,0.046233,-0.064105,0.048492,0.020495,0.043415,-0.01497,0.999294,0.026808,-0.026299,0.000828,0.684391,0.729114,0.037545,-0.728621,0.683886,0.006003,-0.007907,-0.008293,-0.011118,0.12036,-0.190148,-0.107406,0.047932,0.048056,-0.060222,0.822887,0.404136,-0.399411,-0.057343,0.758414,0.649244,0.565303,-0.511352,0.647264,-0.017604,0.002147,0.029269,-0.313894,-0.001392,-0.552199,-1.058958
842,0.096852,0.01569,0.317732,-0.799988,-0.324247,-0.504905,-0.16752,-0.687347,0.706728,-0.575207,0.650356,0.496187,-0.037002,-0.010121,0.062947,-0.337063,-0.013519,-0.375325,-1.912252,-0.216529,-0.002714,0.31142,-0.990753,0.135269,-0.010175,-0.102771,-0.698623,0.708024,0.089919,0.702341,0.706042,0.013284,-0.007199,-0.007927,0.022565,0.086278,-0.143706,0.022936,0.020723,0.043152,-0.015161,0.99931,0.02941,-0.022662,-0.003807,0.688312,0.725404,0.036933,-0.724817,0.68795,0.006644,-0.003663,-0.004036,-0.011197,0.094824,-0.174842,-0.136962,0.047226,0.048094,-0.059095,0.834365,0.395975,-0.383455,-0.041164,0.738477,0.673019,0.549672,-0.545759,0.63246,-0.025322,-0.003672,0.0325,-0.364043,0.066202,-0.563747,-1.061081
843,0.096055,0.015484,0.318975,-0.80707,-0.318267,-0.497383,-0.171625,-0.679576,0.713227,-0.564006,0.661381,0.494469,-0.038102,-0.021651,0.070423,-2.946415,3.994204,2.64875,-1.912634,-0.216274,-0.002821,0.311312,-0.990889,0.134128,-0.011851,-0.103374,-0.700446,0.706132,0.087666,0.700744,0.70791,0.013655,-0.00475,-0.005456,0.042702,-0.011303,-0.002987,0.011678,0.020856,0.043097,-0.015216,0.999233,0.030727,-0.024254,-0.003663,0.690235,0.723575,0.038974,-0.722932,0.689818,0.006953,-0.001584,-0.001936,-0.000182,0.078127,-0.151995,-0.152964,0.046828,0.047993,-0.058477,0.838012,0.396397,-0.374971,-0.041832,0.73185,0.68018,0.544044,-0.554313,0.629882,-0.018711,-0.005683,0.030836,-0.104931,0.185345,-0.239271,-1.065
844,0.09428,0.014695,0.321592,-0.836343,-0.273164,-0.475349,-0.198048,-0.658014,0.726475,-0.510196,0.702063,0.496825,-0.053788,-0.03357,0.076829,-0.454999,0.636373,-0.089187,-1.912586,-0.215662,-0.002799,0.311249,-0.991188,0.132031,-0.01021,-0.101224,-0.704741,0.70216,0.086766,0.69683,0.711873,0.014683,0.002241,0.001615,0.045451,-0.041492,0.043696,0.005477,0.021161,0.043106,-0.01525,0.999202,0.032991,-0.022447,-0.006751,0.694189,0.71976,0.039328,-0.719035,0.693859,0.00733,0.001015,0.000689,0.012724,-0.029524,0.015443,-0.174355,0.045947,0.047605,-0.057169,0.870347,0.351917,-0.344455,-0.012032,0.714477,0.699554,0.49229,-0.604711,0.626077,-0.019617,-0.012557,0.033505,-1.019657,1.86105,0.008616,-1.067449
845,0.092253,0.013596,0.324456,-0.883302,-0.171769,-0.436254,-0.252595,-0.609625,0.751349,-0.393914,0.774076,0.495646,-0.053905,-0.033673,0.076582,-3.580838,5.513762,3.09161,-1.910614,-0.215032,-0.002621,0.311415,-0.991343,0.130959,-0.008952,-0.099816,-0.706852,0.700235,0.086628,0.694892,0.713781,0.015225,0.006117,0.005516,-0.004311,0.077468,-0.113233,0.00889,0.021471,0.043196,-0.015166,0.999188,0.034186,-0.021259,-0.008534,0.695949,0.718039,0.039342,-0.717276,0.695676,0.007604,0.002998,0.002685,-0.023991,0.076563,-0.114338,-0.176478,0.044953,0.047062,-0.055765,0.918201,0.267764,-0.291904,0.036074,0.677333,0.734791,0.394468,-0.685216,0.612269,-0.026858,-0.016353,0.038741,-0.897983,0.784193,-0.748795,-1.069246
846,0.090169,0.012509,0.327376,-0.90569,-0.093077,-0.413649,-0.294204,-0.564654,0.771091,-0.304216,0.820182,0.484541,-0.039528,-0.033655,0.077128,-0.53952,0.486308,-0.107726,-1.909694,-0.214475,-0.002396,0.311601,-0.991402,0.130637,-0.006866,-0.09813,-0.707023,0.700302,0.087885,0.69478,0.713737,0.014987,0.004618,0.003982,-0.008493,0.093951,-0.136663,0.00359,0.021757,0.04332,-0.015061,0.99922,0.034473,-0.019231,-0.010178,0.695705,0.718255,0.038139,-0.717499,0.695513,0.000445,0.003142,0.003158,0.001056,-0.016077,0.02374,-0.179418,0.04387,0.046493,-0.054254,0.948151,0.184602,-0.258711,0.085574,0.635671,0.767202,0.306083,-0.749562,0.586915,-0.019811,-0.016768,0.038615,-0.471891,0.50223,-0.095524,-1.070225
847,0.089192,0.011928,0.328939,-0.906919,-0.076236,-0.414406,-0.306361,-0.556026,0.772625,-0.288197,0.82776,0.481438,-0.03951,-0.033507,0.077194,-0.209747,0.099611,-0.088583,-1.90976,-0.214237,-0.002308,0.311679,-0.991442,0.130402,-0.005514,-0.097016,-0.707121,0.700358,0.088684,0.694724,0.713692,0.000618,0.004371,0.004402,-0.010548,0.109157,-0.165907,0.002239,0.021882,0.043366,-0.01502,0.999237,0.034677,-0.017896,-0.011275,0.695616,0.718324,0.037358,-0.717575,0.695477,0.007472,0.002202,0.001869,0.003478,-0.031246,0.053053,-0.181377,0.043417,0.046229,-0.05353,0.951319,0.168114,-0.258318,0.098092,0.629402,0.770863,0.292179,-0.758675,0.582272,-0.019781,-0.016649,0.038702,-0.178099,0.085418,-0.044657,-1.075777
848,0.087406,0.01068,0.331842,-0.892341,0.053402,-0.448243,-0.412825,-0.498384,0.762338,-0.18158,0.865245,0.46734,-0.053862,-0.032864,0.077006,-2.935443,4.752961,2.726204,-1.909202,-0.213829,-0.002159,0.31181,-0.991507,0.129987,-0.003144,-0.095063,-0.707294,0.700453,0.090081,0.694628,0.713612,0.014802,0.003463,0.002798,-0.006991,0.078136,-0.112621,-0.000925,0.02208,0.04344,-0.014955,0.999265,0.035058,-0.015472,-0.013275,0.695457,0.718444,0.035947,-0.717711,0.695412,0.007342,0.001326,0.000986,0.002006,-0.01536,0.029092,-0.18448,0.042511,0.045596,-0.052045,0.957593,0.041431,-0.285127,0.207545,0.587224,0.782363,0.199848,-0.808362,0.553723,-0.019742,-0.012572,0.033224,-1.015266,1.50098,0.816208,-1.072675
849,0.085657,0.009213,0.334724,-0.855375,0.249816,-0.453841,-0.517799,-0.383372,0.764776,0.018124,0.888858,0.457853,-0.041672,-0.039688,0.071437,-3.786104,6.099445,3.484922,-1.906523,-0.213519,-0.002092,0.311863,-0.99157,0.129542,-0.000727,-0.093056,-0.707468,0.700545,0.09149,0.694533,0.713524,0.014367,0.0004,-0.000286,-0.008536,0.093953,-0.136659,-0.011111,0.022236,0.043478,-0.014925,0.999285,0.035449,-0.013066,-0.01527,0.695297,0.718559,0.034557,-0.717847,0.695342,6.9e-05,0.000508,0.000504,-4e-05,-0.000102,-0.000104,-0.190195,0.041635,0.04487,-0.050597,0.94643,-0.156894,-0.28223,0.322741,0.487655,0.81119,0.01036,-0.858822,0.512167,-0.014067,-0.021916,0.034211,-3.743644,6.055814,3.412438,-1.071368
850,0.084995,0.008449,0.335957,-0.821868,0.337033,-0.459334,-0.558786,-0.319469,0.765291,0.112204,0.885219,0.45147,-0.028294,-0.035496,0.057692,-3.035912,3.429603,5.058132,-1.90618,-0.213401,-0.002091,0.311858,-0.991603,0.129287,0.000594,-0.091949,-0.707564,0.700595,0.092253,0.694484,0.713474,9e-06,6.3e-05,6.3e-05,0.0,-0.0,-0.0,-0.012675,0.0223,0.043478,-0.014927,0.999295,0.035696,-0.011616,-0.01648,0.695199,0.718627,0.033727,-0.717929,0.695298,-1.2e-05,-8.3e-05,-8.9e-05,-4.3e-05,-7.1e-05,-9.7e-05,-0.194767,0.041301,0.044491,-0.049972,0.925705,-0.249837,-0.283991,0.368816,0.429603,0.824266,-0.083928,-0.867768,0.489829,-0.014195,-0.017564,0.029004,-1.164984,1.798244,0.912493,-1.070715
851,0.084282,0.007536,0.337681,-0.7668,0.423706,-0.48222,-0.605576,-0.228176,0.762356,0.213934,0.87607,0.432159,0.000468,-0.021302,0.035428,-1.311937,1.085533,0.374699,-1.906149,-0.213276,-0.002115,0.311828,-0.991672,0.12871,0.003433,-0.089551,-0.707768,0.700699,0.093871,0.694383,0.713361,-0.000143,-0.001035,-0.00104,0.0,-0.0,-0.0,-0.005405,0.022363,0.043465,-0.014943,0.999305,0.036208,-0.008763,-0.01888,0.695003,0.718758,0.032115,-0.718094,0.695204,-0.0001,-0.000722,-0.000729,-0.01062,0.109101,-0.165971,-0.19542,0.04093,0.044025,-0.049106,0.883284,-0.349446,-0.312563,0.431028,0.34297,0.834617,-0.184454,-0.871927,0.453561,-0.006185,-0.004349,0.013887,-3.226647,3.997274,2.192556,-1.075451
852,0.084137,0.007656,0.338105,-0.684433,0.540326,-0.489536,-0.638237,-0.11933,0.760517,0.353359,0.832292,0.427146,0.002856,0.016208,-0.003641,-1.211705,0.900009,0.55469,-1.905971,-0.21329,-0.002139,0.311804,-0.991732,0.128153,0.006017,-0.087347,-0.707954,0.700789,0.095323,0.694298,0.713252,-0.00015,-0.001088,-0.001093,0.0,-0.0,-0.0,0.00245,0.022355,0.043451,-0.014957,0.999306,0.036705,-0.006166,-0.021085,0.694819,0.718874,0.03067,-0.718246,0.695112,-8.4e-05,-0.000605,-0.000609,-3.9e-05,-4.7e-05,-3.3e-05,-0.188235,0.040857,0.044074,-0.048877,0.817132,-0.476092,-0.325007,0.476094,0.239506,0.84615,-0.325004,-0.846151,0.422373,0.001904,0.013169,-0.006497,-2.715822,4.414218,2.303788,-1.083452
853,0.084681,0.008806,0.337248,-0.62009,0.616946,-0.484677,-0.637416,-0.035926,0.769663,0.458196,0.785436,0.41614,0.018182,0.041394,-0.034847,-0.560655,-0.108911,0.058945,-1.905676,-0.213353,-0.002211,0.311734,-0.991791,0.127529,0.008863,-0.084911,-0.708158,0.700883,0.096914,0.694206,0.713127,-0.000229,-0.00165,-0.001659,0.0,-0.0,-0.0,0.000947,0.022324,0.043415,-0.014992,0.999299,0.03726,-0.003305,-0.023522,0.694615,0.718995,0.029085,-0.718415,0.695005,-0.000142,-0.001025,-0.00103,-4.1e-05,-2.8e-05,-3.1e-05,-0.185296,0.041128,0.044654,-0.049308,0.761776,-0.560119,-0.325518,0.482324,0.154906,0.862187,-0.432503,-0.8138,0.388163,0.008967,0.02037,-0.017681,-0.626951,-0.146071,0.040186,-1.084105
854,0.085161,0.009698,0.336405,-0.60363,0.637014,-0.479467,-0.625538,-0.005464,0.780157,0.4951,0.770061,0.402379,0.01982,0.061637,-0.05294,-0.869204,-0.39611,-0.303443,-1.905598,-0.213337,-0.002249,0.311695,-0.991815,0.127236,0.010253,-0.083729,-0.708256,0.700925,0.097699,0.694159,0.713064,0.01404,-0.002005,-0.002707,0.002045,-0.015205,0.029245,-0.000106,0.022326,0.043396,-0.015012,0.999294,0.037498,-0.00203,-0.024601,0.694525,0.719047,0.028373,-0.71849,0.694958,-0.000137,-0.000992,-0.000999,-3.3e-05,-2e-05,-2.6e-05,-0.185786,0.04136,0.045076,-0.049711,0.746079,-0.582868,-0.321914,0.473445,0.124421,0.871991,-0.468203,-0.802983,0.368784,0.015968,0.023398,-0.023688,-1.66746,0.252347,0.272827,-1.078063
855,0.086439,0.012167,0.333991,-0.606321,0.650947,-0.456824,-0.587012,0.021254,0.809282,0.537262,0.758039,0.369803,0.034184,0.076906,-0.07463,-0.755618,-0.776934,-0.917813,-1.905625,-0.213278,-0.002297,0.311658,-0.991846,0.126815,0.012293,-0.081999,-0.708382,0.701003,0.098861,0.694109,0.712953,-4.8e-05,-0.00035,-0.000353,0.0,-0.0,-0.0,-0.000845,0.022361,0.043369,-0.015033,0.999281,0.037888,0.000143,-0.02643,0.694353,0.719148,0.027148,-0.718636,0.694855,-2.6e-05,-0.000199,-0.000199,-0.010624,0.109136,-0.165929,-0.186929,0.041993,0.046305,-0.050908,0.746173,-0.595113,-0.298436,0.433389,0.093925,0.896298,-0.505368,-0.798133,0.328,0.016523,0.0328,-0.033327,-0.949672,-1.047649,-0.858703,-1.082799
856,0.088106,0.01504,0.33096,-0.629755,0.646083,-0.431312,-0.543931,0.029722,0.838587,0.555398,0.761908,0.333251,0.046198,0.070249,-0.079688,-0.871457,-0.729959,-1.134951,-1.905278,-0.213162,-0.002323,0.31164,-0.991872,0.126387,0.014423,-0.080202,-0.708512,0.701079,0.100081,0.694054,0.712836,0.014234,-0.000625,-0.001322,-0.008555,0.093945,-0.136663,-0.009402,0.022414,0.043357,-0.015041,0.999265,0.038241,0.00216,-0.028121,0.694191,0.71924,0.026004,-0.718773,0.694757,7e-06,3.6e-05,3.6e-05,-1.9e-05,-2.4e-05,1e-06,-0.191338,0.042804,0.047714,-0.052388,0.763739,-0.58606,-0.270618,0.388065,0.081826,0.917992,-0.515855,-0.806125,0.289923,0.023737,0.040722,-0.043869,-0.765229,-0.685272,-1.050174,-1.085575
857,0.088979,0.016478,0.32933,-0.637311,0.646959,-0.418717,-0.525622,0.032478,0.850082,0.564359,0.761052,0.319886,0.046433,0.078983,-0.089775,-0.530608,-0.462908,-0.94571,-1.905615,-0.213043,-0.002324,0.311647,-0.991877,0.12626,0.015158,-0.079594,-0.708545,0.701115,0.100517,0.694044,0.712784,4.5e-05,0.000327,0.000329,0.0,0.0,0.0,-0.011141,0.022479,0.043356,-0.015038,0.999258,0.03837,0.003021,-0.028827,0.694114,0.719287,0.025502,-0.718841,0.694705,0.007149,-8.1e-05,-0.000433,0.002005,-0.015198,0.029212,-0.19493,0.043275,0.048491,-0.053264,0.770983,-0.583355,-0.255499,0.365765,0.077179,0.927501,-0.521343,-0.808541,0.272875,0.023171,0.039167,-0.045189,-0.528225,-0.475334,-0.951555,-1.090637
858,0.090934,0.019225,0.325975,-0.657752,0.638195,-0.400142,-0.490882,0.039828,0.870299,0.572175,0.768073,0.287587,0.045103,0.068058,-0.081282,-0.599029,-0.315951,-1.128266,-1.905567,-0.212699,-0.002344,0.311639,-0.991887,0.125946,0.017017,-0.078066,-0.708636,0.701195,0.101626,0.694009,0.712662,0.014235,-0.000605,-0.001308,0.002045,-0.015205,0.029245,-0.01087,0.022645,0.043348,-0.01504,0.99924,0.038641,0.004911,-0.030371,0.693947,0.719384,0.02439,-0.718987,0.694594,0.007117,-0.000313,-0.000669,-0.008602,0.093929,-0.136683,-0.197379,0.044233,0.049831,-0.054919,0.786278,-0.571275,-0.235395,0.330414,0.066835,0.941466,-0.522103,-0.818032,0.241308,0.029344,0.032739,-0.041521,-0.639941,-0.560121,-0.968732,-1.096352
859,0.092904,0.021588,0.322987,-0.670393,0.633094,-0.387054,-0.463089,0.050679,0.884846,0.580639,0.771651,0.259693,0.056204,0.043563,-0.066565,-0.602077,-0.421289,-0.745959,-1.90535,-0.212317,-0.002379,0.311585,-0.991891,0.125674,0.018709,-0.076689,-0.708751,0.70123,0.10264,0.693941,0.712583,0.014219,-0.000729,-0.001439,0.002045,-0.015205,0.029245,-0.011992,0.022836,0.04333,-0.015068,0.999222,0.038868,0.00661,-0.031748,0.693833,0.719435,0.023377,-0.719085,0.694527,-8e-06,-7.3e-05,-8e-05,-0.010654,0.109132,-0.165925,-0.198033,0.045197,0.050999,-0.056392,0.795669,-0.5639,-0.221195,0.30267,0.053806,0.951575,-0.524691,-0.824088,0.213487,0.028254,0.022098,-0.033021,-0.249122,-0.097531,-0.709902,-1.096842
860,0.093812,0.022468,0.321747,-0.676531,0.631216,-0.379365,-0.453534,0.048818,0.889885,0.581071,0.773308,0.25373,0.056206,0.043911,-0.066219,-0.299111,-0.182676,-0.589476,-1.905311,-0.212084,-0.002401,0.311551,-0.991889,0.125581,0.019399,-0.076141,-0.708798,0.701243,0.103067,0.69391,0.712551,0.01418,-0.001016,-0.001732,-0.008607,0.093934,-0.136667,-0.017629,0.022948,0.04332,-0.015083,0.999216,0.038921,0.007179,-0.032194,0.693796,0.71945,0.023021,-0.719118,0.694506,0.007077,-0.00061,-0.000977,0.002019,-0.015207,0.029232,-0.200319,0.045668,0.051459,-0.05704,0.800929,-0.560014,-0.211885,0.290919,0.05467,0.955184,-0.523332,-0.826677,0.206705,0.020914,0.017681,-0.028283,-0.504291,-0.114848,-0.876768,-1.091616
