frame,MLTx,MLTy,MLTz,MLTR1,MLTR2,MLTR3,MLTR4,MLTR5,MLTR6,MLTR7,MLTR8,MLTR9,MLTTVx,MLTTVy,MLTTVz,MLTRVx,MLTRVy,MLTRVz,MLGA,MRTx,MRTy,MRTz,MRTR1,MRTR2,MRTR3,MRTR4,MRTR5,MRTR6,MRTR7,MRTR8,MRTR9,MRTTVx,MRTTVy,MRTTVz,MRTRVx,MRTRVy,MRTRVz,MRGA,SLTx,SLTy,SLTz,SLTR1,SLTR2,SLTR3,SLTR4,SLTR5,SLTR6,SLTR7,SLTR8,SLTR9,SLTTVx,SLTTVy,SLTTVz,SLTRVx,SLTRVy,SLTRVz,SLGA,SRTx,SRTy,SRTz,SRTR1,SRTR2,SRTR3,SRTR4,SRTR5,SRTR6,SRTR7,SRTR8,SRTR9,SRTTVx,SRTTVy,SRTTVz,SRTRVx,SRTRVy,SRTRVz,SRGA
310,0.118149,-0.028506,0.428348,0.884847,0.375514,-0.275826,-0.440843,0.866228,-0.235115,0.149536,0.329178,0.932367,0.000461,0.002217,0.001374,-0.0,-0.0,-0.0,-0.687922,-0.0775,-0.017262,0.421947,-0.107385,0.95574,0.273899,-0.955022,-0.022479,-0.29557,-0.276169,-0.29452,0.914796,-0.012467,0.001289,-0.030262,-0.102928,0.476129,0.111479,-1.405339,0.056941,0.033322,-0.00074,0.238119,-0.9318,0.273945,0.934852,0.143414,-0.324782,0.263344,0.333435,0.905245,-0.006256,0.000783,-0.015041,-0.214524,0.805595,0.055676,-0.84597,0.068581,0.021738,-0.056856,0.919221,0.310115,-0.242609,-0.360539,0.910588,-0.202086,0.158247,0.273232,0.948842,0.000319,0.001534,0.00095,0.001637,-0.008632,0.027454,-0.723886
311,0.118209,-0.028423,0.428411,0.88498,0.375178,-0.275857,-0.440538,0.866359,-0.235202,0.149645,0.329216,0.932336,0.000591,0.002841,0.00176,0.001631,-0.008635,0.027446,-0.691611,-0.077657,-0.017177,0.420843,-0.118045,0.94868,0.293365,-0.953313,-0.025484,-0.300796,-0.277708,-0.316367,0.907003,0.000773,0.003501,-0.030163,0.713692,0.676291,-0.240783,-1.405712,0.056859,0.033366,-0.001316,0.248451,-0.922873,0.29424,0.932821,0.146111,-0.329386,0.26099,0.35631,0.897177,0.000418,0.001698,-0.015114,0.807364,0.665255,-0.275735,-0.845153,0.068616,0.02178,-0.056824,0.919332,0.309746,-0.242659,-0.360201,0.910704,-0.202167,0.15837,0.273265,0.948811,0.000287,0.001379,0.000852,0.001653,-0.00864,0.027438,-0.727315
312,0.118238,-0.028388,0.428445,0.88504,0.375027,-0.275869,-0.440399,0.866422,-0.235228,0.149698,0.32922,0.932326,0.000578,0.002782,0.001722,0.001631,-0.008634,0.027446,-0.691899,-0.077778,-0.017144,0.420269,-0.123145,0.945409,0.301708,-0.953514,-0.028372,-0.299899,-0.274786,-0.3258,0.90455,0.000545,0.004321,-0.029651,-0.133658,0.613511,0.014704,-1.405917,0.056799,0.033379,-0.001605,0.253507,-0.919334,0.300929,0.932337,0.149292,-0.329331,0.257839,0.364055,0.894975,0.000307,0.002097,-0.014863,-0.181385,0.747563,0.078417,-0.842541,0.06863,0.021797,-0.056808,0.919374,0.309612,-0.242675,-0.360075,0.910751,-0.202181,0.158419,0.273262,0.948805,0.006764,-0.004617,0.005089,-0.034837,-0.002836,0.010986,-0.728458
313,0.118267,-0.028353,0.428478,0.8851,0.374877,-0.275882,-0.44026,0.866486,-0.235253,0.149752,0.329224,0.932316,0.000117,0.000563,0.000349,0.0,0.0,0.0,-0.693352,-0.07797,-0.017002,0.419177,-0.124631,0.942408,0.310363,-0.953301,-0.026917,-0.30071,-0.274854,-0.334529,0.901337,2.3e-05,0.006215,-0.02845,0.050043,0.069665,0.010199,-1.406126,0.056704,0.033445,-0.002142,0.254782,-0.915614,0.311023,0.932573,0.147601,-0.329424,0.255718,0.373983,0.891483,0.000593,-0.000531,-0.00846,0.028089,0.071854,-0.199432,-0.837805,0.068646,0.021818,-0.056789,0.919427,0.309437,-0.242695,-0.359912,0.910809,-0.202208,0.158479,0.273265,0.948793,5.6e-05,0.000278,0.000171,1.6e-05,-2e-06,-1.3e-05,-0.729438
314,0.118292,-0.028366,0.428542,0.88512,0.374841,-0.275866,-0.440199,0.866553,-0.235121,0.149816,0.329088,0.932354,0.000125,0.000604,0.000374,0.0,0.0,0.0,-0.696255,-0.078109,-0.016723,0.418031,-0.125403,0.9394,0.31905,-0.953544,-0.025251,-0.300083,-0.273657,-0.343037,0.898499,2e-06,0.006288,-0.02842,0.051123,0.059612,0.037369,-1.405932,0.056634,0.033587,-0.002713,0.255433,-0.912483,0.319574,0.933027,0.146015,-0.328844,0.253402,0.382169,0.888669,5.3e-05,0.003017,-0.014287,0.063844,0.027611,-0.010028,-0.845153,0.068658,0.02181,-0.056758,0.919443,0.3094,-0.242681,-0.359848,0.910865,-0.202072,0.158529,0.273122,0.948826,7.1e-05,0.000343,0.000212,1.5e-05,3e-06,-1.2e-05,-0.731071
315,0.118293,-0.028392,0.428586,0.885104,0.374896,-0.275842,-0.440222,0.866579,-0.234983,0.149841,0.328958,0.932396,0.000137,0.000662,0.000409,0.0,0.0,0.0,-0.696754,-0.07819,-0.016547,0.417409,-0.124585,0.937556,0.324746,-0.953938,-0.023072,-0.299006,-0.272658,-0.348214,0.89681,-0.000122,0.006736,-0.028135,0.011495,0.170609,0.075942,-1.406378,0.056593,0.033675,-0.003025,0.254527,-0.910805,0.325038,0.933694,0.143916,-0.327875,0.251852,0.38694,0.887044,-0.000787,0.007664,-0.019395,0.040762,0.185494,0.10294,-0.844663,0.068659,0.021797,-0.056736,0.919432,0.309455,-0.242655,-0.359872,0.910886,-0.201933,0.158542,0.272989,0.948862,9.9e-05,0.000481,0.000297,4e-06,1.3e-05,-1.1e-05,-0.731887
316,0.118294,-0.028404,0.428615,0.885098,0.374922,-0.275828,-0.440229,0.866597,-0.234903,0.149858,0.328881,0.93242,1.4e-05,6.7e-05,4.2e-05,0.0,0.0,0.0,-0.697319,-0.078392,-0.016169,0.416209,-0.117189,0.934812,0.33524,-0.955549,-0.014095,-0.294383,-0.270293,-0.356008,0.894462,-0.013589,0.005153,-0.027853,-0.028429,0.286389,0.084435,-1.406017,0.056498,0.033863,-0.003626,0.247114,-0.909124,0.335302,0.936545,0.135298,-0.323383,0.248629,0.393938,0.88487,-0.000262,0.00417,-0.013546,-0.052413,0.356106,0.150106,-0.842704,0.068659,0.021792,-0.056721,0.919428,0.309479,-0.24264,-0.359879,0.910902,-0.201853,0.158552,0.27291,0.948883,5e-06,1.8e-05,1e-05,3e-05,-5e-06,-1.4e-05,-0.732377
317,0.118309,-0.02841,0.42866,0.882876,0.380133,-0.275817,-0.445313,0.86402,-0.234815,0.147949,0.329672,0.932445,7.5e-05,0.00036,0.000223,0.0,0.0,-0.0,-0.698091,-0.078567,-0.015811,0.414992,-0.117294,0.932612,0.341275,-0.955431,-0.012144,-0.294853,-0.270664,-0.361819,0.892015,-0.001673,0.015554,-0.03866,0.097783,0.026393,0.049688,-1.405905,0.056404,0.034047,-0.004242,0.247172,-0.90665,0.341893,0.936717,0.133298,-0.323716,0.247923,0.400271,0.882222,-0.000798,0.007698,-0.019378,0.111296,-0.013888,0.030924,-0.843847,0.068666,0.021788,-0.0567,0.917652,0.314873,-0.242423,-0.365179,0.908763,-0.201971,0.15671,0.273867,0.948914,4.3e-05,0.000213,0.000129,-0.000183,-0.000174,7.5e-05,-0.733194
318,0.118335,-0.02839,0.428684,0.88292,0.380023,-0.275827,-0.44521,0.864069,-0.234827,0.147992,0.329669,0.93244,0.000178,0.000856,0.000529,0.0,0.0,0.0,-0.697886,-0.078606,-0.01562,0.4139,-0.11647,0.93055,0.347135,-0.95554,-0.009578,-0.294594,-0.270637,-0.367179,0.88983,0.000226,0.005443,-0.029035,0.055853,0.05329,0.005124,-1.406324,0.056385,0.034141,-0.004777,0.246235,-0.904686,0.347722,0.937175,0.130769,-0.32342,0.247121,0.405514,0.880049,-2.1e-05,0.003279,-0.014146,0.066138,0.01475,0.017905,-0.843357,0.068679,0.021797,-0.056688,0.917688,0.314756,-0.242439,-0.365069,0.908806,-0.201977,0.156756,0.273859,0.948908,9.3e-05,0.000452,0.000279,-1.4e-05,-1.3e-05,0.000107,-0.734663
319,0.118366,-0.028394,0.428693,0.882948,0.37995,-0.275838,-0.445142,0.864105,-0.234825,0.14803,0.329661,0.932437,3.4e-05,0.000164,0.000101,0.0,0.0,0.0,-0.698742,-0.078582,-0.015576,0.413451,-0.114879,0.930004,0.349122,-0.956476,-0.00857,-0.291571,-0.267999,-0.368587,0.890046,0.001414,-0.002054,-0.017682,-0.003555,0.114371,0.034033,-1.406518,0.056397,0.034162,-0.005008,0.244634,-0.904417,0.349547,0.938292,0.129924,-0.320508,0.244458,0.406385,0.880392,-4.2e-05,0.00335,-0.014107,0.029946,0.127465,0.060382,-0.844663,0.068695,0.021797,-0.056682,0.91771,0.314679,-0.242453,-0.364996,0.908836,-0.201973,0.156793,0.273847,0.948906,1.1e-05,5.6e-05,3.4e-05,-1.8e-05,-7e-06,8.6e-05,-0.734827
320,0.118472,-0.028418,0.428749,0.883033,0.379732,-0.275864,-0.444925,0.864238,-0.234747,0.148169,0.329563,0.932449,0.013502,-0.001157,-0.000932,0.000984,-0.014715,0.029553,-0.699885,-0.078613,-0.015567,0.412644,-0.109297,0.928531,0.354788,-0.95675,-0.001384,-0.290792,-0.269354,-0.37239,0.888052,0.001312,-0.001681,-0.017461,0.02464,0.03579,0.005914,-1.406821,0.056382,0.034167,-0.005412,0.239054,-0.903513,0.355692,0.939564,0.122773,-0.319601,0.245094,0.410597,0.878258,0.0007,-0.000947,-0.008801,0.038419,-0.006337,-0.014964,-0.845643,0.068743,0.021784,-0.056655,0.917772,0.314476,-0.242481,-0.364788,0.908941,-0.201879,0.156915,0.273733,0.948918,0.000113,0.000548,0.000336,-9e-06,-2e-05,5.1e-05,-0.73548
321,0.118593,-0.028408,0.428814,0.883165,0.379397,-0.275904,-0.444609,0.864405,-0.234732,0.148334,0.329512,0.932441,0.000273,0.001323,0.000817,0.0,0.0,0.0,-0.699579,-0.078661,-0.015645,0.41194,-0.109091,0.927418,0.357753,-0.956752,-0.000244,-0.290793,-0.269435,-0.375166,0.886859,0.001101,-0.000909,-0.016972,0.033861,0.010072,-0.003361,-1.406911,0.056358,0.034127,-0.005758,0.238878,-0.90255,0.358246,0.939641,0.121776,-0.319756,0.24497,0.413005,0.877163,0.000576,-0.000505,-0.008519,0.041856,-0.062544,0.181518,-0.848746,0.068809,0.021789,-0.056623,0.917882,0.314109,-0.24254,-0.364437,0.909086,-0.201857,0.157086,0.273672,0.948908,0.000169,0.000815,0.000502,-8e-06,5e-06,3.8e-05,-0.735316
322,0.118657,-0.028401,0.428816,0.88323,0.37922,-0.275937,-0.444456,0.864469,-0.234786,0.148401,0.329548,0.932418,0.01339,-0.001685,-0.001259,0.000984,-0.014715,0.029553,-0.699407,-0.078631,-0.015658,0.411623,-0.108608,0.927424,0.357884,-0.95663,0.000465,-0.291194,-0.270063,-0.375151,0.886674,0.000988,-0.00049,-0.016702,0.033917,0.009918,-0.003416,-1.40719,0.056373,0.03412,-0.005923,0.23841,-0.902635,0.358343,0.939584,0.121052,-0.320198,0.245644,0.413032,0.876962,0.00049,-0.000193,-0.008317,0.034421,0.008859,-0.003371,-0.849072,0.068836,0.021795,-0.056619,0.917927,0.313951,-0.242574,-0.364298,0.909133,-0.2019,0.157146,0.273699,0.94889,7.8e-05,0.004464,-0.005295,0.035874,-0.011859,0.018611,-0.735316
323,0.118765,-0.028418,0.428792,0.883317,0.378974,-0.275997,-0.444252,0.864547,-0.234883,0.148495,0.329624,0.932375,-6e-05,-0.00029,-0.000179,0.0,0.0,0.0,-0.700763,-0.078661,-0.01559,0.410912,-0.107551,0.925371,0.363473,-0.956995,0.002797,-0.289978,-0.269192,-0.380189,0.884791,-0.000867,0.009463,-0.026439,0.030997,0.114758,0.058481,-1.407624,0.056359,0.034151,-0.006274,0.237185,-0.900648,0.364109,0.940325,0.118713,-0.318896,0.243989,0.418018,0.875059,0.000352,0.000314,-0.007985,-0.00774,0.124692,0.037134,-0.849562,0.068895,0.021785,-0.056633,0.918001,0.313679,-0.24265,-0.364065,0.909204,-0.201996,0.157257,0.273773,0.94885,-4.5e-05,-0.000211,-0.000133,-1.3e-05,-8e-06,2.7e-05,-0.73548
324,0.118885,-0.028448,0.428796,0.883406,0.378731,-0.276047,-0.444035,0.864653,-0.234907,0.148617,0.329629,0.932354,0.000186,0.000902,0.000557,0.0,0.0,0.0,-0.705582,-0.078757,-0.015304,0.410066,-0.106831,0.923188,0.369192,-0.957173,0.005079,-0.289359,-0.268847,-0.38545,0.882617,-0.001598,0.012145,-0.02464,0.063995,0.02315,0.025072,-1.407432,0.056317,0.034287,-0.006691,0.236378,-0.898441,0.370037,0.940858,0.116508,-0.318138,0.242716,0.423353,0.872846,4.2e-05,0.001463,-0.007216,0.040329,-0.011158,-0.015873,-0.850215,0.068949,0.021767,-0.056633,0.918063,0.313454,-0.242705,-0.36386,0.909285,-0.202005,0.157369,0.273764,0.948835,0.000148,0.000721,0.000444,-3.1e-05,2e-05,3.1e-05,-0.737766
325,0.118997,-0.028463,0.428797,0.881243,0.3837,-0.2761,-0.448923,0.86211,-0.23496,0.146775,0.330535,0.932326,7e-06,3.5e-05,2.2e-05,1e-06,1e-06,-3e-06,-0.708798,-0.0788,-0.014727,0.409097,-0.10317,0.920911,0.375859,-0.959134,0.008062,-0.282721,-0.263235,-0.390821,0.881947,-0.003822,0.023452,-0.033424,-0.023909,0.361585,0.174399,-1.407142,0.056291,0.034574,-0.007181,0.232745,-0.89713,0.375482,0.943172,0.114057,-0.312116,0.237182,0.426788,0.872694,0.005307,0.009344,-0.010812,-0.120734,0.598801,0.104177,-0.850542,0.06901,0.021762,-0.056631,0.916334,0.318581,-0.242564,-0.36894,0.907176,-0.202269,0.155609,0.274838,0.948814,1e-06,1.1e-05,4e-06,-0.000566,-0.000524,-4.3e-05,-0.739889
326,0.119047,-0.02847,0.428791,0.881284,0.383586,-0.276125,-0.448826,0.862151,-0.234994,0.146822,0.330559,0.93231,0.0,1e-06,0.0,0.0,0.0,-0.0,-0.710476,-0.078827,-0.014379,0.408639,-0.102046,0.9202,0.377903,-0.959861,0.00876,-0.28022,-0.261014,-0.392483,0.881869,-0.00265,0.016009,-0.022024,0.035506,0.094303,0.082422,-1.407274,0.056277,0.034751,-0.007415,0.23145,-0.896009,0.378943,0.944281,0.113213,-0.309056,0.234015,0.42936,0.872287,-0.001305,0.007989,-0.011021,0.044754,0.083941,0.041571,-0.850705,0.069035,0.021758,-0.056633,0.916366,0.318462,-0.242598,-0.368836,0.907213,-0.202294,0.155665,0.274855,0.9488,-1e-06,-7e-06,-8e-06,-9.9e-05,-0.000107,0.000129,-0.740868
327,0.119116,-0.028506,0.428816,0.881323,0.383487,-0.276141,-0.448724,0.862223,-0.234926,0.146904,0.330487,0.932322,0.0,0.0,0.0,0.0,0.0,0.0,-0.714821,-0.079,-0.013606,0.407676,-0.101814,0.917041,0.385566,-0.960729,0.010004,-0.277189,-0.257897,-0.399795,0.879498,-0.003136,0.017791,-0.020807,0.045074,0.119113,-0.120288,-1.407145,0.05619,0.035137,-0.007896,0.230903,-0.892817,0.386729,0.945432,0.111979,-0.305968,0.229868,0.436276,0.869955,-0.002388,0.013536,-0.015471,0.101512,0.004626,0.066228,-0.848582,0.06907,0.02174,-0.056621,0.916397,0.318358,-0.242619,-0.368727,0.907274,-0.202221,0.155743,0.274775,0.94881,2e-06,-3e-06,-5e-06,-6.8e-05,3e-06,0.000128,-0.743481
328,0.119135,-0.028536,0.428833,0.881316,0.383506,-0.276135,-0.448728,0.862243,-0.234846,0.146931,0.330413,0.932344,-1.9e-05,-9.3e-05,-5.7e-05,0.0,0.0,0.0,-0.718637,-0.079198,-0.01277,0.406696,-0.097144,0.914314,0.393174,-0.964143,0.011643,-0.265002,-0.246725,-0.405964,0.879877,-0.003306,0.018416,-0.020368,-0.042447,0.309281,0.165239,-1.406847,0.056093,0.035546,-0.008374,0.226329,-0.89121,0.393089,0.949196,0.111215,-0.294374,0.218632,0.439744,0.871105,-0.008202,0.007721,-0.010489,-0.121637,0.56044,0.234754,-0.849235,0.069079,0.021725,-0.056613,0.916392,0.318376,-0.242612,-0.368729,0.907291,-0.20214,0.155763,0.274698,0.948829,-9e-06,-5.2e-05,-3.5e-05,-6.3e-05,-5e-06,0.000108,-0.746257
329,0.119155,-0.028545,0.428839,0.879042,0.388687,-0.27614,-0.453795,0.859591,-0.234831,0.144995,0.331261,0.932347,-0.0,-1e-06,-1e-06,0.001113,0.000946,-0.003756,-0.720416,-0.079321,-0.012424,0.406284,-0.096615,0.912354,0.397828,-0.965086,0.011968,-0.261534,-0.243225,-0.410349,0.878816,-0.003308,0.018424,-0.020355,-0.112754,0.55889,0.048121,-1.406804,0.05603,0.03573,-0.008591,0.225798,-0.889624,0.396968,0.950122,0.111121,-0.291409,0.215133,0.442968,0.870342,-0.00165,0.009254,-0.010147,-0.111735,0.517061,0.236678,-0.850215,0.069089,0.02172,-0.05661,0.914568,0.323733,-0.242407,-0.374006,0.905083,-0.202342,0.153894,0.275718,0.948839,-1e-06,7e-06,-1e-06,0.011587,0.009888,-0.04224,-0.747563
330,0.119228,-0.02854,0.428841,0.879176,0.388352,-0.276186,-0.4535,0.859717,-0.234939,0.145106,0.331327,0.932306,5e-06,2.6e-05,1.6e-05,0.0,0.0,-0.0,-0.728266,-0.079714,-0.011811,0.405474,-0.090744,0.909973,0.404606,-0.966527,0.017497,-0.255837,-0.239745,-0.415418,0.87739,-0.016107,0.014296,-0.021732,0.026687,0.12989,0.062221,-1.406863,0.055837,0.036041,-0.008994,0.219641,-0.887099,0.405971,0.952757,0.105565,-0.284796,0.209786,0.449345,0.868376,-0.001454,0.008534,-0.010623,0.035,0.165348,-0.109177,-0.850542,0.069126,0.021723,-0.056609,0.91467,0.323394,-0.242474,-0.373704,0.905188,-0.20243,0.15402,0.275771,0.948803,1e-06,4e-06,1e-06,0.011176,-0.059429,0.189682,-0.751809
331,0.119288,-0.028562,0.428851,0.879158,0.388382,-0.276198,-0.453524,0.859722,-0.234875,0.145136,0.331279,0.932318,0.0,0.0,0.0,0.0,0.0,0.0,-0.731493,-0.080103,-0.011338,0.404841,-0.07993,0.908794,0.409507,-0.966958,0.029144,-0.253134,-0.241855,-0.417347,0.875894,-0.001493,0.008633,-0.010555,0.027504,0.020737,0.031767,-1.407104,0.055637,0.036282,-0.009319,0.208967,-0.887303,0.411127,0.954729,0.09409,-0.282201,0.211715,0.451486,0.866796,-0.000732,0.0043,-0.005284,0.041603,-0.019675,0.012199,-0.852501,0.069156,0.021712,-0.056604,0.914657,0.323421,-0.242486,-0.373725,0.905194,-0.202367,0.154047,0.275719,0.948813,0.006618,-0.005341,0.004638,-0.034932,-0.002922,0.011104,-0.755564
332,0.119352,-0.028555,0.428866,0.879229,0.388201,-0.276227,-0.453362,0.859798,-0.234907,0.145211,0.331293,0.932301,0.000214,0.001048,0.000647,0.0,0.0,0.0,-0.733553,-0.080603,-0.011119,0.404289,-0.068846,0.907162,0.4151,-0.966755,0.042107,-0.252083,-0.246046,-0.419791,0.873556,-0.013656,0.002158,-0.013531,-0.027307,0.193376,0.034088,-1.407269,0.055386,0.036396,-0.009592,0.197981,-0.887263,0.416613,0.956166,0.081262,-0.281322,0.215752,0.454048,0.864459,-0.006796,0.000998,-0.006814,-0.034273,0.211447,0.04257,-0.854461,0.069188,0.021714,-0.056597,0.914714,0.323233,-0.242522,-0.373553,0.905259,-0.202393,0.154125,0.275726,0.948799,0.000119,0.000579,0.000353,-1.4e-05,-2.6e-05,0.000114,-0.757361
333,0.119388,-0.028536,0.428889,0.879283,0.388068,-0.276242,-0.453241,0.859857,-0.234926,0.145264,0.331295,0.932292,0.000339,0.001661,0.001025,0.0,0.0,0.0,-0.735893,-0.080874,-0.011062,0.404035,-0.063254,0.907479,0.415298,-0.966343,0.048344,-0.252545,-0.249151,-0.418431,0.873328,-0.013848,0.00287,-0.013051,0.031142,0.02721,-0.031833,-1.407144,0.055262,0.036419,-0.009711,0.192445,-0.888215,0.417178,0.956599,0.075007,-0.281584,0.218817,0.453262,0.864101,-0.006994,0.001729,-0.00632,0.044553,-0.070465,0.17296,-0.852828,0.069206,0.021722,-0.056586,0.914758,0.323095,-0.242542,-0.373424,0.905309,-0.202406,0.154179,0.275724,0.94879,0.00022,0.001074,0.000662,6e-06,-1.8e-05,9.4e-05,-0.75834
334,0.119469,-0.028533,0.428974,0.877062,0.393056,-0.276252,-0.458105,0.857303,-0.234826,0.143438,0.332028,0.932314,0.000341,0.00167,0.00103,0.0,0.0,-0.0,-0.738621,-0.081308,-0.010954,0.403722,-0.057141,0.905402,0.420682,-0.966414,0.055649,-0.250762,-0.250354,-0.422015,0.871258,-0.012908,-0.003714,-0.00112,0.678932,-0.354026,1.433491,-1.40675,0.05504,0.036473,-0.00988,0.191497,-0.885766,0.422784,0.957259,0.073423,-0.279757,0.216758,0.458287,0.861968,-0.007256,0.002703,-0.00566,0.021268,0.044553,0.002511,-0.847113,0.069247,0.021725,-0.056543,0.912965,0.328261,-0.242358,-0.378499,0.903176,-0.202507,0.152417,0.276615,0.948816,0.000176,0.000881,0.000541,-0.000103,-7.7e-05,0.000181,-0.76079
335,0.119589,-0.028583,0.429099,0.874807,0.398048,-0.276252,-0.462945,0.854769,-0.234572,0.141669,0.332607,0.932378,0.013614,-0.000563,-0.000571,0.000984,-0.014715,0.029553,-0.738859,-0.081765,-0.010932,0.40344,-0.046406,0.902283,0.428629,-0.966332,0.068218,-0.247957,-0.252883,-0.426835,0.868173,-0.012176,-0.006479,-0.00299,-0.077552,0.240069,0.032003,-1.406507,0.054815,0.036489,-0.010012,0.175467,-0.885331,0.430579,0.959231,0.055321,-0.277152,0.221551,0.461657,0.858945,-0.006974,0.00164,-0.006381,-0.07104,0.35324,0.174495,-0.84499,0.069301,0.021705,-0.056484,0.911138,0.333442,-0.242162,-0.383562,0.901044,-0.202477,0.150685,0.277369,0.948872,0.000191,0.000951,0.000583,-0.000253,-0.000228,0.00022,-0.76177
336,0.119646,-0.028599,0.429172,0.874857,0.397941,-0.276249,-0.462818,0.854874,-0.234438,0.141774,0.332465,0.932413,0.013639,-0.000435,-0.000492,0.000984,-0.014715,0.029553,-0.739906,-0.082013,-0.010897,0.403243,-0.0365,0.898585,0.43727,-0.965459,0.081307,-0.24741,-0.257799,-0.432322,0.864002,-0.014165,0.004065,-0.012245,-0.20945,0.701935,0.264783,-1.406751,0.054683,0.036502,-0.010118,0.165678,-0.883513,0.438126,0.959847,0.042489,-0.277286,0.22637,0.466474,0.855077,-0.007072,0.002012,-0.006133,-0.20032,0.659239,0.245494,-0.84499,0.06933,0.021694,-0.056443,0.911176,0.33334,-0.242159,-0.383434,0.901138,-0.202305,0.150782,0.277188,0.94891,0.000171,0.000863,0.000529,-9e-05,-0.000101,0.000228,-0.762259
337,0.11972,-0.028613,0.429308,0.874932,0.397786,-0.276232,-0.462625,0.855044,-0.2342,0.141937,0.332213,0.932478,0.000297,0.001463,0.000901,0.0,0.0,0.0,-0.740364,-0.082565,-0.010839,0.402823,-0.020084,0.890047,0.455416,-0.962481,0.106126,-0.2496,-0.270436,-0.444458,0.853923,-0.014005,0.00346,-0.012655,-0.212188,0.772476,0.082988,-1.406846,0.054422,0.03653,-0.010318,0.148677,-0.877195,0.456534,0.960041,0.017347,-0.279321,0.237099,0.47982,0.844722,-0.006016,-0.00351,-0.001673,-0.04655,0.184502,0.043763,-0.844173,0.069372,0.021689,-0.05638,0.911252,0.333133,-0.24216,-0.383195,0.901288,-0.202091,0.150933,0.27695,0.948955,0.000211,0.001053,0.000648,-1.6e-05,-4e-05,0.000162,-0.763239
338,0.119784,-0.028579,0.429388,0.872764,0.402057,-0.276908,-0.467436,0.85169,-0.236852,0.139522,0.33566,0.931608,0.000433,0.00213,0.001311,0.041319,0.035342,-0.139011,-0.740947,-0.083178,-0.010907,0.40234,-0.010337,0.888134,0.459458,-0.959736,0.120229,-0.253745,-0.28056,-0.444694,0.850527,-0.012897,-0.000805,-0.015548,0.030867,0.028033,-0.031522,-1.406864,0.054103,0.036503,-0.01056,0.138819,-0.875451,0.462939,0.959312,0.002821,-0.282329,0.245859,0.483297,0.840224,-0.013018,-0.001807,-0.008022,0.034305,0.015527,-0.073154,-0.844337,0.069404,0.021702,-0.056336,0.909515,0.337482,-0.242667,-0.388095,0.898539,-0.204961,0.148875,0.280593,0.94821,0.000244,0.001213,0.000745,0.140591,0.111595,-0.440409,-0.763729
339,0.119821,-0.028559,0.429424,0.872823,0.401921,-0.276918,-0.467306,0.851762,-0.236849,0.139585,0.335641,0.931605,0.000379,0.001865,0.001147,0.0,0.0,-0.0,-0.741722,-0.083488,-0.010939,0.402032,-0.002773,0.887603,0.460591,-0.957354,0.13076,-0.257502,-0.288757,-0.442775,0.848783,-0.012768,-0.001328,-0.015908,0.037736,0.027727,-0.034678,-1.406984,0.053944,0.036485,-0.010721,0.131373,-0.875983,0.464106,0.958151,-0.007911,-0.286153,0.254336,0.482277,0.838284,-0.00635,-0.000768,-0.008016,0.032349,0.020885,-0.034376,-0.846623,0.069423,0.021713,-0.056318,0.909509,0.337485,-0.242683,-0.3881,0.898541,-0.204942,0.148896,0.280582,0.94821,0.006902,0.000215,1.6e-05,0.000659,-0.014867,0.029713,-0.763892
340,0.119913,-0.028538,0.429484,0.872942,0.401642,-0.276948,-0.467043,0.851908,-0.236843,0.139719,0.335605,0.931598,0.000435,0.002145,0.001319,0.001626,-0.008563,0.027469,-0.746749,-0.084054,-0.010967,0.401435,0.006282,0.884322,0.466826,-0.95515,0.143568,-0.258864,-0.295921,-0.445371,0.844948,-0.013063,-0.000241,-0.015179,0.07413,0.109998,-0.005261,-1.406798,0.053667,0.036467,-0.011017,0.122034,-0.873728,0.470857,0.957646,-0.021006,-0.287178,0.260806,0.48596,0.834159,-0.006357,-0.00077,-0.008025,0.241025,0.184134,-0.107532,-0.848092,0.069468,0.021722,-0.056289,0.9096,0.337213,-0.242722,-0.387838,0.89866,-0.204915,0.149025,0.280528,0.948206,7e-05,0.00035,0.000213,-6.7e-05,-3.6e-05,0.000173,-0.765689
341,0.12001,-0.028526,0.429513,0.873055,0.40137,-0.276989,-0.466798,0.852032,-0.236881,0.139837,0.335616,0.931576,0.00012,0.000591,0.000363,0.0,0.0,0.0,-0.758439,-0.08472,-0.010923,0.400613,0.016359,0.878544,0.477373,-0.953851,0.15693,-0.25588,-0.29971,-0.452257,0.839941,-0.012394,-0.002904,-0.017006,0.136063,0.289733,0.541942,-1.407077,0.053333,0.036494,-0.011425,0.112154,-0.869723,0.480626,0.958043,-0.033748,-0.284628,0.263767,0.492383,0.829448,-0.006989,0.003158,-0.013563,0.673668,0.177703,1.64245,-0.848256,0.069518,0.021731,-0.056272,0.909698,0.336908,-0.242776,-0.387558,0.898773,-0.204949,0.149152,0.280532,0.948184,5.1e-05,0.000261,0.000158,-2e-05,-2.5e-05,0.00012,-0.771404
342,0.120122,-0.028481,0.429539,0.873212,0.400986,-0.277048,-0.466463,0.852181,-0.237004,0.13997,0.335696,0.931528,0.000509,0.002516,0.001546,0.001624,-0.008561,0.02747,-0.763349,-0.085269,-0.010615,0.399571,0.026678,0.872461,0.487945,-0.952105,0.170956,-0.253383,-0.304491,-0.458909,0.834596,-0.014619,0.008691,-0.02552,0.010282,0.184036,0.08605,-1.407193,0.053065,0.036635,-0.011936,0.100881,-0.864429,0.492528,0.958352,-0.048513,-0.281437,0.267177,0.500407,0.823534,-0.007157,0.003806,-0.013121,-0.008442,0.242499,0.075424,-0.848419,0.069572,0.021749,-0.056262,0.909818,0.336532,-0.242848,-0.387224,0.898893,-0.205053,0.149288,0.280598,0.948143,0.006795,-0.000305,-0.000305,0.000982,-0.014723,0.029635,-0.776956
343,0.12018,-0.028458,0.429564,0.870906,0.405953,-0.277074,-0.471324,0.849491,-0.237043,0.138057,0.336536,0.93151,0.000496,0.002456,0.001508,0.012403,0.010611,-0.041699,-0.766868,-0.085504,-0.010428,0.399043,0.03189,0.869327,0.493198,-0.951136,0.178063,-0.252127,-0.307014,-0.462147,0.83188,-0.014268,0.007303,-0.026471,0.011874,0.186812,0.0565,-1.407183,0.052942,0.036735,-0.012208,0.095464,-0.861893,0.498021,0.958347,-0.055711,-0.280118,0.269177,0.504019,0.820675,-0.007133,0.003714,-0.013185,0.010756,0.184767,0.051619,-0.848909,0.069601,0.021761,-0.056249,0.907963,0.341628,-0.242677,-0.392248,0.896653,-0.205314,0.147457,0.281607,0.948131,0.000291,0.001451,0.000887,0.042861,0.02675,-0.112979,-0.778915
344,0.120332,-0.028391,0.429651,0.871194,0.405289,-0.277144,-0.470719,0.849793,-0.237166,0.138307,0.336578,0.931458,0.014031,0.001611,0.000757,0.002607,-0.023272,0.057024,-0.768029,-0.085914,-0.01001,0.398036,0.042003,0.864312,0.50119,-0.948826,0.191693,-0.25083,-0.312897,-0.46609,0.827477,-0.001666,0.012363,-0.024403,-0.040879,0.333642,0.152447,-1.406647,0.052733,0.036939,-0.012714,0.085292,-0.858935,0.50493,0.957674,-0.069161,-0.27942,0.274926,0.507392,0.816681,-0.00746,0.004996,-0.012308,-0.101962,0.533953,0.243534,-0.847929,0.069672,0.021795,-0.056205,0.908164,0.341025,-0.242772,-0.391693,0.896877,-0.205392,0.147693,0.281622,0.94809,0.000237,0.001181,0.000722,-4.8e-05,-5.2e-05,0.000168,-0.781854
345,0.120492,-0.028353,0.429756,0.868991,0.409954,-0.277195,-0.475285,0.84725,-0.237155,0.136547,0.33733,0.931445,0.000623,0.003099,0.001899,0.001622,-0.008552,0.027473,-0.768066,-0.08618,-0.009601,0.397106,0.047991,0.862297,0.504115,-0.947047,0.199741,-0.251275,-0.3174,-0.466442,0.825561,-0.001781,0.012817,-0.024086,0.003329,0.195067,0.127531,-1.407147,0.052599,0.037144,-0.013179,0.079139,-0.857364,0.508589,0.957014,-0.077463,-0.279503,0.279033,0.508847,0.81438,-0.006479,-0.000334,-0.007749,-0.06561,0.320066,0.09478,-0.847929,0.069758,0.021814,-0.056153,0.906372,0.345845,-0.24265,-0.396445,0.894743,-0.205581,0.14601,0.282531,0.94808,0.000186,0.00093,0.000567,-7.9e-05,-7e-05,0.000249,-0.782671
346,0.120571,-0.028331,0.429792,0.869097,0.409708,-0.277227,-0.475062,0.847367,-0.237186,0.136651,0.337335,0.931428,0.000517,0.002574,0.001577,0.0,0.0,-0.0,-0.768415,-0.086278,-0.009447,0.396678,0.049693,0.862532,0.503548,-0.947388,0.200365,-0.249484,-0.316117,-0.465739,0.82645,-0.001642,0.012265,-0.024465,0.069286,0.000809,0.047477,-1.40734,0.05255,0.037222,-0.013392,0.077423,-0.857496,0.508631,0.957572,-0.078088,-0.27741,0.277596,0.508529,0.815069,-0.00722,0.004038,-0.012966,0.073124,0.010143,-0.018392,-0.849235,0.069797,0.021826,-0.056134,0.906466,0.345568,-0.242694,-0.396189,0.89485,-0.205609,0.146123,0.282531,0.948062,0.000294,0.001471,0.000899,0.001594,-0.008602,0.027684,-0.782997
347,0.120685,-0.028298,0.429859,0.866815,0.414486,-0.277269,-0.479737,0.844723,-0.237207,0.134815,0.338122,0.93141,0.000392,0.001958,0.001199,0.0,0.0,-0.0,-0.768119,-0.08643,-0.009247,0.395867,0.05152,0.859795,0.508025,-0.947914,0.202253,-0.245942,-0.314248,-0.46997,0.824766,0.000562,0.000644,-0.016028,0.025845,0.033541,0.006344,-1.407258,0.052473,0.037329,-0.013799,0.075305,-0.854887,0.513319,0.958459,-0.079967,-0.273788,0.275106,0.512613,0.813353,-0.000542,0.005075,-0.012961,0.072229,0.002964,0.011999,-0.847929,0.069854,0.021844,-0.0561,0.904597,0.35053,-0.242552,-0.401079,0.892618,-0.205832,0.144356,0.283478,0.94805,0.006827,-0.004228,0.005319,-0.03341,-0.011732,0.038628,-0.783487
348,0.120812,-0.028277,0.429869,0.86697,0.414119,-0.277334,-0.479419,0.844871,-0.237323,0.13495,0.338204,0.931361,0.01338,-0.001571,-0.001197,0.000984,-0.014715,0.029553,-0.768974,-0.086587,-0.009025,0.395035,0.054675,0.858856,0.509282,-0.948871,0.203533,-0.241146,-0.310808,-0.471134,0.825405,-0.001167,0.010378,-0.025778,-0.017087,0.050084,0.078701,-1.407149,0.052395,0.037435,-0.014212,0.072128,-0.854432,0.514532,0.959699,-0.081031,-0.269092,0.271614,0.513205,0.814153,-0.006324,-0.000992,-0.008215,-0.212387,-0.019631,0.096835,-0.848256,0.069914,0.021857,-0.056093,0.904717,0.350169,-0.242627,-0.400759,0.89274,-0.205929,0.144492,0.283543,0.948011,1.7e-05,8.3e-05,4.7e-05,-6e-05,-4e-05,0.000204,-0.783651
349,0.120882,-0.028306,0.429886,0.867017,0.414006,-0.277355,-0.479311,0.844944,-0.237284,0.13503,0.338161,0.931365,0.0,0.0,0.0,0.0,0.0,0.0,-0.769244,-0.086778,-0.008801,0.394244,0.065035,0.856448,0.512112,-0.945963,0.216329,-0.24143,-0.317612,-0.469812,0.823567,0.000253,0.001853,-0.015211,-0.000957,0.112146,0.039573,-1.407699,0.0523,0.037549,-0.014612,0.061618,-0.853422,0.517563,0.958439,-0.094129,-0.269318,0.27856,0.512648,0.812154,-0.007337,0.004463,-0.012679,0.025842,0.144493,0.040467,-0.849725,0.069953,0.021841,-0.056086,0.904765,0.350025,-0.242658,-0.40062,0.892811,-0.205892,0.14458,0.283497,0.948011,-7e-06,-2.8e-05,-1.9e-05,-9e-05,-2.9e-05,0.000133,-0.783977
350,0.120902,-0.028309,0.429884,0.867035,0.413961,-0.277365,-0.479273,0.844961,-0.237298,0.135049,0.338172,0.931359,0.0,0.0,0.0,0.0,0.0,0.0,-0.770161,-0.086874,-0.008718,0.393891,0.065101,0.856336,0.51229,-0.945678,0.216849,-0.242082,-0.318448,-0.469775,0.823265,6.3e-05,0.00261,-0.014689,0.033549,0.010893,-0.003074,-1.407188,0.052252,0.037588,-0.014784,0.061599,-0.853294,0.517778,0.95822,-0.094618,-0.269927,0.279318,0.512773,0.811815,0.00013,0.000962,-0.00758,0.037481,-0.002339,-0.009987,-0.847439,0.069963,0.021839,-0.056087,0.904779,0.349978,-0.24267,-0.40058,0.892826,-0.205904,0.1446,0.283506,0.948005,-1e-06,-1.6e-05,-1.3e-05,-7.3e-05,4e-06,0.000132,-0.784304
351,0.120935,-0.028299,0.42989,0.867081,0.413855,-0.277382,-0.47918,0.845004,-0.237332,0.135086,0.338195,0.931345,5.4e-05,0.000269,0.000165,0.0,0.0,0.0,-0.769332,-0.086952,-0.008609,0.393258,0.065882,0.856138,0.512521,-0.945138,0.218277,-0.242904,-0.319887,-0.469474,0.822879,-0.001375,0.0112,-0.025219,0.069173,0.008359,0.019431,-1.407405,0.052212,0.037647,-0.01511,0.060822,-0.853263,0.517921,0.957817,-0.096113,-0.270826,0.280865,0.512546,0.811425,-0.000675,0.005587,-0.012618,0.069273,0.008104,0.019341,-0.845643,0.069979,0.021844,-0.056084,0.904817,0.349867,-0.242691,-0.400481,0.892864,-0.205934,0.144641,0.283526,0.947993,3.4e-05,0.000157,9.4e-05,-3.5e-05,-1.2e-05,0.000113,-0.784467
352,0.120962,-0.028271,0.429919,0.867139,0.413727,-0.277393,-0.479062,0.845066,-0.237351,0.135135,0.338197,0.931337,0.000128,0.000642,0.000393,0.0,0.0,0.0,-0.770546,-0.087129,-0.008564,0.392565,0.076387,0.855088,0.512817,-0.941947,0.230576,-0.243937,-0.3269,-0.465485,0.822389,-0.012522,-0.002703,-0.016985,0.031995,0.024794,-0.032772,-1.407449,0.052129,0.037671,-0.015449,0.050236,-0.853585,0.518524,0.956219,-0.108763,-0.271686,0.288304,0.509472,0.810751,0.000358,3.9e-05,-0.00824,0.03399,0.009355,-0.003542,-0.847113,0.069993,0.021857,-0.05607,0.904865,0.349731,-0.242706,-0.400353,0.892917,-0.205948,0.144691,0.283524,0.947986,7.9e-05,0.000386,0.000235,6e-06,-1.8e-05,7.7e-05,-0.784793
353,0.120965,-0.028256,0.429928,0.864692,0.418815,-0.277395,-0.484022,0.842231,-0.237365,0.13314,0.338999,0.931333,0.000108,0.000541,0.000331,0.0,0.0,-0.0,-0.771444,-0.087219,-0.008546,0.39218,0.076534,0.854975,0.512984,-0.941653,0.231146,-0.24453,-0.327711,-0.46541,0.822109,-0.000887,0.009245,-0.026605,0.069194,0.008277,0.019391,-1.407461,0.052079,0.037676,-0.015639,0.050126,-0.85349,0.518692,0.955991,-0.109319,-0.272266,0.289079,0.509513,0.81045,-0.006153,-0.001747,-0.008773,0.03182,0.024843,-0.033005,-0.847113,0.069995,0.021865,-0.056065,0.902855,0.355021,-0.24251,-0.40555,0.890515,-0.20618,0.142761,0.284501,0.947986,6.2e-05,0.000317,0.000192,-0.000471,-0.00041,5.3e-05,-0.785447
354,0.121004,-0.028216,0.429952,0.864774,0.418631,-0.277417,-0.483859,0.842308,-0.237426,0.133197,0.339037,0.931311,0.000222,0.001111,0.000679,0.0,0.0,-0.0,-0.772472,-0.08742,-0.00858,0.391474,0.076355,0.85333,0.515741,-0.941406,0.232157,-0.244524,-0.328462,-0.46792,0.820382,-0.012367,-0.003408,-0.017512,0.031869,0.02502,-0.032779,-1.407187,0.051983,0.037663,-0.015996,0.050133,-0.851785,0.521486,0.955879,-0.110403,-0.272224,0.28945,0.512125,0.808669,-0.006992,0.003001,-0.013721,0.068741,0.017991,-0.012812,-0.848582,0.070014,0.021884,-0.056054,0.902924,0.354824,-0.242542,-0.405373,0.890584,-0.206232,0.142828,0.284532,0.947966,0.000135,0.000687,0.00042,-2e-05,-6e-05,0.00015,-0.785773
355,0.121063,-0.028191,0.42999,0.864801,0.418566,-0.277431,-0.483796,0.842352,-0.237396,0.133249,0.339007,0.931314,0.00017,0.000854,0.000522,0.0,0.0,0.0,-0.773191,-0.087799,-0.008719,0.39085,0.085358,0.85077,0.518552,-0.938513,0.243431,-0.244679,-0.334478,-0.466849,0.818559,-0.012523,-0.002854,-0.017142,0.022622,0.059464,-0.049294,-1.407283,0.051789,0.037591,-0.016315,0.040925,-0.850242,0.524797,0.95448,-0.122044,-0.272161,0.295451,0.512047,0.806545,-0.006281,-0.001312,-0.008484,0.031001,0.029565,-0.065208,-0.851358,0.070043,0.021897,-0.056034,0.902947,0.354754,-0.242559,-0.405303,0.890623,-0.206199,0.142879,0.284497,0.947969,0.0001,0.000508,0.000308,-4.5e-05,-3.3e-05,9.8e-05,-0.78659
356,0.121151,-0.028178,0.430033,0.862484,0.423293,-0.277471,-0.488422,0.839662,-0.237453,0.131393,0.339803,0.931288,0.000292,0.001468,0.000897,0.0,0.0,-0.0,-0.774918,-0.088306,-0.008923,0.390356,0.087255,0.849852,0.51974,-0.936213,0.248283,-0.248584,-0.340386,-0.465963,0.816627,-0.012775,-0.001916,-0.016497,0.03196,0.024748,-0.032895,-1.407347,0.051536,0.037489,-0.016562,0.039035,-0.849729,0.525771,0.952677,-0.127095,-0.276136,0.301463,0.51167,0.804557,-0.006384,-0.000943,-0.008229,0.030577,0.022978,-0.032894,-0.850868,0.070087,0.021903,-0.056013,0.901037,0.359672,-0.242418,-0.41015,0.888341,-0.206459,0.141092,0.285455,0.947948,0.000153,0.000776,0.000471,-0.000196,-0.000157,0.000175,-0.787569
357,0.121187,-0.028159,0.430056,0.86248,0.423297,-0.277478,-0.488424,0.839668,-0.237424,0.131412,0.339781,0.931293,0.000289,0.001452,0.000887,0.0,0.0,-0.0,-0.775637,-0.088618,-0.009071,0.390139,0.089651,0.848995,0.520732,-0.934009,0.25324,-0.251855,-0.34578,-0.464854,0.814991,-0.024381,-0.014256,-0.007182,0.196686,0.150883,-0.180515,-1.407394,0.051389,0.03742,-0.016668,0.0364,-0.849231,0.526765,0.951092,-0.132362,-0.279111,0.306754,0.511162,0.802878,-0.00643,-0.000775,-0.008114,0.776994,0.428326,-0.3852,-0.851195,0.070105,0.021913,-0.056002,0.901034,0.359673,-0.242426,-0.410149,0.888349,-0.206429,0.141112,0.285431,0.947953,0.000179,0.000901,0.000548,-6.1e-05,-7.3e-05,0.00018,-0.788223
358,0.121252,-0.028091,0.430096,0.862618,0.42299,-0.277513,-0.488153,0.839797,-0.237527,0.131507,0.339845,0.931256,0.000447,0.002249,0.001372,0.0,0.0,0.0,-0.774616,-0.089381,-0.009329,0.389783,0.08746,0.848967,0.52115,-0.934039,0.251787,-0.253194,-0.346256,-0.465695,0.814308,-0.025348,-0.010427,-0.004477,-0.005356,0.04147,-0.085071,-1.40735,0.051009,0.037285,-0.01685,0.038689,-0.848882,0.527163,0.950844,-0.130935,-0.280626,0.307242,0.512108,0.802089,-0.012805,-0.004657,-0.001832,-0.004365,0.030404,-0.058583,-0.852501,0.070138,0.021946,-0.055982,0.90115,0.359352,-0.242473,-0.40986,0.888461,-0.206521,0.141215,0.285487,0.947921,0.000236,0.001188,0.000722,-3e-05,-2e-05,0.000131,-0.788712
359,0.121368,-0.028024,0.430135,0.860296,0.427653,-0.277575,-0.492734,0.837077,-0.237671,0.129637,0.340713,0.931201,0.013849,0.00087,0.000289,0.002599,-0.023254,0.05703,-0.775062,-0.090479,-0.009382,0.389417,0.095071,0.849289,0.519289,-0.930713,0.260945,-0.256155,-0.353148,-0.460021,0.814574,-0.027937,0.003016,-0.011552,0.031989,0.027992,-0.034858,-1.407382,0.050477,0.037252,-0.017027,0.031112,-0.850255,0.525449,0.948647,-0.140452,-0.283443,0.3148,0.507285,0.802223,-0.01395,0.00145,-0.0058,0.035712,0.03275,-0.020835,-0.854134,0.07019,0.021979,-0.055963,0.899215,0.364249,-0.24235,-0.4147,0.886134,-0.206855,0.139408,0.28651,0.947879,0.000164,0.000834,0.000507,-7.5e-05,-8.7e-05,0.000215,-0.788876
360,0.121415,-0.027992,0.430154,0.860381,0.427467,-0.277601,-0.49257,0.837156,-0.237732,0.129698,0.340754,0.931178,0.000396,0.001999,0.001218,0.0,0.0,0.0,-0.775091,-0.091081,-0.009351,0.389229,0.09902,0.848662,0.519576,-0.929067,0.2659,-0.257032,-0.356386,-0.458335,0.814114,-0.02817,0.004033,-0.010834,0.038221,0.025196,-0.024764,-1.406996,0.05016,0.037268,-0.017125,0.027175,-0.850093,0.52593,0.947631,-0.145571,-0.284261,0.318208,0.506112,0.801619,-0.014118,0.002164,-0.005294,0.054027,0.018167,0.001315,-0.854951,0.070219,0.021996,-0.055953,0.8993,0.36401,-0.242391,-0.414487,0.886218,-0.206923,0.139489,0.286554,0.947854,0.000241,0.001225,0.000747,-4.1e-05,-4.3e-05,0.000186,-0.788876
361,0.121532,-0.027923,0.430206,0.858038,0.432114,-0.277659,-0.497128,0.834423,-0.237854,0.127834,0.341589,0.93113,0.01373,0.000298,-6.1e-05,0.139088,0.103591,-0.433579,-0.774527,-0.092302,-0.009321,0.388908,0.111964,0.846719,0.520119,-0.924097,0.281212,-0.258647,-0.365378,-0.452744,0.813256,-0.041446,0.001417,-0.011251,0.05251,0.032173,-0.02859,-1.406938,0.049554,0.037288,-0.017283,0.014102,-0.849831,0.526866,0.94464,-0.161419,-0.285652,0.327803,0.501727,0.800508,-0.014099,0.002135,-0.005319,0.10915,-0.010127,0.08644,-0.855277,0.070278,0.022031,-0.055926,0.897418,0.368707,-0.242269,-0.419126,0.883956,-0.207252,0.13774,0.287533,0.947813,0.006867,0.000168,-2.2e-05,0.141282,0.1056,-0.437892,-0.788876
362,0.121615,-0.027873,0.430247,0.858184,0.431798,-0.277698,-0.496846,0.834567,-0.237934,0.127947,0.341635,0.931097,0.000399,0.002017,0.001228,0.0,0.0,-0.0,-0.775501,-0.093522,-0.009295,0.388632,0.114857,0.846012,0.520637,-0.922357,0.285475,-0.260184,-0.368864,-0.451391,0.812434,-0.028589,0.006036,-0.009433,0.032629,0.017288,-0.009236,-1.406787,0.048939,0.037297,-0.017423,0.011173,-0.849498,0.527472,0.943415,-0.165882,-0.28714,0.331423,0.500834,0.799576,-0.013322,-0.002471,-0.00029,-0.004418,0.030405,-0.058979,-0.851848,0.070319,0.022056,-0.055906,0.897481,0.368518,-0.242325,-0.418966,0.884017,-0.207317,0.137819,0.287589,0.947785,0.000225,0.001137,0.000689,0.001536,-0.008587,0.027698,-0.788876
363,0.121658,-0.027836,0.430317,0.858274,0.431615,-0.277704,-0.496666,0.834684,-0.237901,0.128042,0.34158,0.931104,0.000445,0.002254,0.001371,0.001613,-0.008535,0.027479,-0.775907,-0.094542,-0.009317,0.388539,0.128263,0.84237,0.523406,-0.917398,0.301297,-0.259875,-0.376745,-0.447897,0.810749,-0.028634,0.006344,-0.009227,0.027301,0.040738,-0.030442,-1.40747,0.048429,0.037288,-0.017469,-0.002574,-0.847438,0.530886,0.940577,-0.182325,-0.28648,0.339568,0.498603,0.79755,-0.006928,-5.4e-05,0.0007,0.000145,0.002171,-0.038426,-0.853481,0.070341,0.022073,-0.055872,0.897551,0.368341,-0.242335,-0.418788,0.884113,-0.207268,0.137906,0.287521,0.947793,3.1e-05,-0.003979,0.005591,-0.035905,0.011553,-0.018549,-0.789202
364,0.121652,-0.027819,0.430339,0.858287,0.431594,-0.277697,-0.496641,0.834704,-0.237886,0.128054,0.34156,0.93111,0.000163,0.000824,0.000501,0.0,0.0,0.0,-0.775577,-0.095075,-0.00935,0.388559,0.137169,0.840858,0.523579,-0.913913,0.311326,-0.260334,-0.382052,-0.443852,0.81049,-0.027379,-0.001629,0.001712,-0.000707,0.018363,-0.028619,-1.407312,0.048173,0.037273,-0.017464,-0.01159,-0.847218,0.531118,0.938378,-0.192696,-0.286905,0.345415,0.495064,0.797244,-0.014475,0.003894,-0.004087,0.055911,0.011564,-0.002703,-0.851848,0.070338,0.022084,-0.055859,0.89757,0.368296,-0.242331,-0.41874,0.884138,-0.207258,0.137922,0.287502,0.947797,0.000109,0.000553,0.000335,-1e-05,-3.8e-05,0.000113,-0.789202
365,0.121651,-0.02778,0.430376,0.858328,0.431515,-0.277694,-0.496563,0.834748,-0.237891,0.12808,0.341551,0.93111,0.000103,0.000523,0.000318,0.0,0.0,0.0,-0.775527,-0.096059,-0.009415,0.388605,0.144944,0.834804,0.531117,-0.910979,0.322117,-0.257473,-0.386176,-0.447566,0.806484,-0.02878,0.007184,-0.008654,-0.023192,0.198174,0.038286,-1.407076,0.04767,0.03724,-0.017434,-0.019856,-0.842227,0.538757,0.936935,-0.203741,-0.283974,0.348938,0.499142,0.793157,-0.006992,0.000268,0.000921,-0.071912,0.227044,0.095498,-0.847602,0.070338,0.022104,-0.055841,0.897606,0.368208,-0.24233,-0.418655,0.884178,-0.20726,0.137949,0.287491,0.947796,6.5e-05,0.000332,0.000202,7e-06,-2e-05,6.8e-05,-0.789202
