frame,MLTx,MLTy,MLTz,MLTR1,MLTR2,MLTR3,MLTR4,MLTR5,MLTR6,MLTR7,MLTR8,MLTR9,MLTTVx,MLTTVy,MLTTVz,MLTRVx,MLTRVy,MLTRVz,MLGA,MRTx,MRTy,MRTz,MRTR1,MRTR2,MRTR3,MRTR4,MRTR5,MRTR6,MRTR7,MRTR8,MRTR9,MRTTVx,MRTTVy,MRTTVz,MRTRVx,MRTRVy,MRTRVz,MRGA,SLTx,SLTy,SLTz,SLTR1,SLTR2,SLTR3,SLTR4,SLTR5,SLTR6,SLTR7,SLTR8,SLTR9,SLTTVx,SLTTVy,SLTTVz,SLTRVx,SLTRVy,SLTRVz,SLGA,SRTx,SRTy,SRTz,SRTR1,SRTR2,SRTR3,SRTR4,SRTR5,SRTR6,SRTR7,SRTR8,SRTR9,SRTTVx,SRTTVy,SRTTVz,SRTRVx,SRTRVy,SRTRVz,SRGA
808,0.166925,0.068212,0.175742,0.178973,-0.404952,-0.896676,0.226818,-0.86985,0.43805,-0.957587,-0.281285,-0.06271,0.00102,-0.028808,0.034564,0.00687,0.341089,0.485812,-1.916314,-0.201725,-0.047719,0.289094,-0.413763,0.605304,0.679999,-0.17953,-0.786423,0.590967,0.89298,0.121684,0.433178,0.0,0.0,0.0,0.0,0.0,0.0,0.072377,0.025813,0.030266,-0.012683,0.40811,-0.613398,0.676156,0.223016,0.785189,0.577703,-0.885273,-0.084973,0.457242,-2e-06,-1e-06,-2e-06,-7e-06,-8e-06,-6e-06,-0.086995,0.085935,0.084653,-0.117536,-0.209419,0.378982,-0.901396,-0.327895,0.841246,0.429871,0.92121,0.385587,-0.051906,-0.006597,-0.007726,0.015601,-0.077315,-0.006892,-0.031659,-0.966046
809,0.166691,0.067759,0.176457,0.177461,-0.407318,-0.895905,0.225763,-0.869218,0.439844,-0.958116,-0.279817,-0.061177,-0.013038,-0.026958,0.038507,-0.103829,0.032771,-0.026806,-1.91583,-0.201713,-0.047741,0.289099,-0.413751,0.605288,0.68002,-0.179472,-0.78643,0.590975,0.892997,0.121716,0.433133,-8e-06,-6.5e-05,-9e-05,0.0,0.0,0.0,0.072123,0.025819,0.030255,-0.012681,0.4081,-0.613382,0.676177,0.222959,0.785198,0.577713,-0.885292,-0.085005,0.457198,-5e-06,-3.1e-05,-4.5e-05,-1.1e-05,3e-06,-1.6e-05,-0.087158,0.085824,0.084426,-0.117179,-0.205775,0.380175,-0.901733,-0.327834,0.841428,0.429561,0.922052,0.384012,-0.048511,-0.006486,-0.013003,0.020278,-0.111841,-0.010476,-0.032619,-0.966209
810,0.166234,0.066638,0.178259,0.1723,-0.410378,-0.895516,0.223734,-0.86904,0.441232,-0.959527,-0.275878,-0.056803,-0.012657,-0.035795,0.051207,-0.140763,-0.000261,-0.009994,-1.915764,-0.2017,-0.047785,0.289108,-0.413721,0.605241,0.680081,-0.179346,-0.786458,0.590977,0.893036,0.121774,0.433036,-3e-06,-2.1e-05,-2.9e-05,0.0,0.0,0.0,0.072373,0.025825,0.030233,-0.012676,0.408073,-0.613333,0.676238,0.222834,0.78523,0.577718,-0.885336,-0.085062,0.457103,0.0,-1e-06,-3e-06,-1.7e-05,-1e-06,-1e-05,-0.087322,0.0856,0.083882,-0.116304,-0.201161,0.383883,-0.901203,-0.325857,0.841388,0.43114,0.923769,0.380392,-0.044163,-0.006304,-0.011099,0.024111,-0.110427,-0.030264,-0.000363,-0.966536
811,0.165831,0.065399,0.180383,0.16296,-0.40997,-0.897449,0.222953,-0.870769,0.438207,-0.961327,-0.270997,-0.049377,-0.012293,-0.032048,0.058455,-0.045817,0.304292,0.387367,-1.915922,-0.201714,-0.047808,0.289094,-0.41369,0.605176,0.680158,-0.179279,-0.786508,0.590929,0.893064,0.121767,0.43298,-8.1e-05,-0.00065,-0.000905,0.0,0.0,0.0,0.072435,0.025818,0.030223,-0.012681,0.408046,-0.613267,0.676315,0.222768,0.785283,0.577671,-0.885365,-0.085055,0.457048,-6.3e-05,-0.000502,-0.000699,-1.3e-05,4e-06,-2.4e-05,-0.087648,0.085394,0.083248,-0.115223,-0.193666,0.385484,-0.902161,-0.324372,0.842694,0.429707,0.925891,0.375856,-0.038161,-0.006184,-0.022435,0.031591,-0.073349,0.355679,0.421734,-0.966373
812,0.165657,0.064697,0.181618,0.157929,-0.412501,-0.897188,0.222494,-0.870352,0.439268,-0.962267,-0.268487,-0.044555,-0.012128,-0.042892,0.066842,-0.094839,0.257173,0.333447,-1.915633,-0.201726,-0.047813,0.289088,-0.413677,0.605147,0.680191,-0.17926,-0.786533,0.590903,0.893074,0.121756,0.432964,-2.3e-05,-0.000183,-0.000254,0.0,0.0,0.0,0.072675,0.025812,0.030219,-0.012686,0.408035,-0.613237,0.676348,0.222749,0.785307,0.577645,-0.885375,-0.085043,0.457031,-1.3e-05,-0.000102,-0.000143,-1.4e-05,3e-06,-2.7e-05,-0.087485,0.085307,0.0829,-0.114611,-0.188482,0.388344,-0.902032,-0.324115,0.842434,0.43041,0.92705,0.373488,-0.032916,-0.006055,-0.014793,0.031603,0.004292,0.404459,0.582001,-0.966699
813,0.165317,0.063149,0.184369,0.149221,-0.420357,-0.89503,0.220904,-0.868106,0.444482,-0.964011,-0.263526,-0.035565,-0.011862,-0.039948,0.07194,0.147101,0.626943,-0.447008,-1.915806,-0.201731,-0.047836,0.289039,-0.413645,0.605076,0.680274,-0.179236,-0.786595,0.590827,0.893094,0.121707,0.432937,-0.000172,-0.001374,-0.001913,-0.001711,0.014534,-0.024825,0.072661,0.02581,0.03021,-0.012707,0.408012,-0.613178,0.676415,0.222735,0.785358,0.577581,-0.885389,-0.084999,0.457012,-3e-05,-0.000242,-0.000338,-1.7e-05,-1e-06,-1.5e-05,-0.087322,0.085142,0.082142,-0.11326,-0.180509,0.394178,-0.901132,-0.322379,0.841861,0.432828,0.92924,0.368636,-0.024889,-0.005988,-0.026438,0.038251,-0.190127,0.090074,0.092674,-0.966046
814,0.16495,0.061438,0.187327,0.133125,-0.424709,-0.895514,0.222091,-0.867787,0.444515,-0.966073,-0.25754,-0.020083,-0.011719,-0.050511,0.080171,-0.127599,0.259311,0.177605,-1.915802,-0.201734,-0.047861,0.289004,-0.414687,0.606828,0.678075,-0.180151,-0.785069,0.592576,0.892427,0.122819,0.433996,-0.000149,-0.001195,-0.001664,-0.001711,0.014534,-0.024825,0.073334,0.025808,0.030196,-0.012726,0.40893,-0.614976,0.674225,0.223628,0.783828,0.579312,-0.88474,-0.086123,0.458057,-7e-05,-0.00057,-0.000795,-0.0017,0.014676,-0.025036,-0.087158,0.08495,0.081258,-0.111723,-0.163738,0.402497,-0.900658,-0.324031,0.840381,0.434468,0.931768,0.362981,-0.007181,-0.005886,-0.025123,0.040368,-0.129678,0.256835,0.190389,-0.966373
815,0.164389,0.059352,0.190675,0.111015,-0.427873,-0.897021,0.223051,-0.868838,0.441976,-0.968615,-0.248621,0.000103,-0.011599,-0.060978,0.088406,-0.151726,0.499136,0.273489,-1.915873,-0.201747,-0.047871,0.28899,-0.414668,0.606786,0.678125,-0.180122,-0.785105,0.592538,0.892441,0.122803,0.433971,-1e-05,-7.9e-05,-0.00011,0.0,0.0,0.0,0.073898,0.025807,0.030189,-0.012736,0.408919,-0.614948,0.674258,0.223611,0.783851,0.579287,-0.88475,-0.08611,0.458041,-3e-06,-3.3e-05,-4.7e-05,-2.1e-05,2.3e-05,-2.5e-05,-0.086342,0.084678,0.080256,-0.110114,-0.143586,0.408656,-0.901322,-0.324895,0.840815,0.43298,0.934786,0.355006,0.012041,-0.012985,-0.030481,0.044295,-0.143487,0.424214,0.464434,-0.966046
816,0.164063,0.058257,0.192333,0.102639,-0.430198,-0.896906,0.22162,-0.869106,0.442167,-0.969856,-0.243627,0.007256,-0.011614,-0.060703,0.088422,-0.195238,0.207332,0.170971,-1.915907,-0.201748,-0.047868,0.288977,-0.414668,0.606782,0.678129,-0.180143,-0.785111,0.592522,0.892437,0.122781,0.433985,-1e-05,-7.7e-05,-0.000108,0.0,0.0,0.0,0.075112,0.025801,0.030191,-0.012742,0.408913,-0.614927,0.67428,0.223621,0.78387,0.579257,-0.88475,-0.086083,0.458046,-3e-06,-2.8e-05,-4e-05,-2.4e-05,1.7e-05,-1.4e-05,-0.085852,0.084511,0.079692,-0.10925,-0.133892,0.411167,-0.901672,-0.323868,0.841749,0.431934,0.936579,0.349856,0.02046,-0.012935,-0.029733,0.04544,-0.189097,0.226118,0.182563,-0.966699
817,0.163211,0.055718,0.19596,0.080682,-0.43723,-0.895749,0.218827,-0.868975,0.443813,-0.972534,-0.231285,0.026685,-0.025909,-0.071518,0.095929,-0.106276,0.541915,0.172673,-1.91636,-0.201748,-0.04786,0.288971,-0.414674,0.606791,0.678117,-0.180173,-0.785107,0.592519,0.892429,0.122765,0.434007,-0.0,-0.0,-0.0,0.0,0.0,0.0,0.077456,0.025801,0.030196,-0.012745,0.408918,-0.614936,0.674268,0.223651,0.783865,0.579253,-0.88474,-0.086067,0.458068,0.0,7e-06,1e-05,-1.7e-05,1.4e-05,-2.1e-05,-0.084056,0.084091,0.078427,-0.107438,-0.114146,0.421007,-0.899845,-0.320677,0.841668,0.434465,0.940284,0.338153,0.038934,-0.012994,-0.035739,0.048046,0.168704,1.301615,-0.190694,-0.972904
818,0.162149,0.052905,0.199682,0.056255,-0.438171,-0.897155,0.214884,-0.872198,0.439396,-0.975099,-0.216965,0.04621,-0.040405,-0.071239,0.095419,-0.10857,0.639117,0.592856,-1.915859,-0.201774,-0.047845,0.288939,-0.415737,0.608573,0.675865,-0.181185,-0.783556,0.594261,0.89173,0.123839,0.435137,-1.6e-05,-0.000125,-0.000174,-0.0,-0.0,0.0,0.080127,0.025788,0.030203,-0.012761,0.409862,-0.616786,0.672002,0.224652,0.78229,0.580993,-0.884049,-0.087161,0.459193,-8e-06,-7e-05,-9.6e-05,8.3e-05,0.000729,-0.001056,-0.081116,0.083566,0.077023,-0.105573,-0.090942,0.425284,-0.900478,-0.31685,0.84488,0.431025,0.944105,0.324516,0.057916,-0.013107,-0.035929,0.0472,-0.228322,0.428936,0.050839,-0.980742
819,0.161551,0.051397,0.201597,0.047734,-0.439052,-0.897218,0.216935,-0.872237,0.438309,-0.975089,-0.215021,0.05473,-0.0262,-0.083563,0.100741,-0.227476,0.344905,0.257422,-1.916021,-0.201789,-0.047835,0.2889,-0.413605,0.609973,0.675911,-0.180523,-0.782492,0.595861,0.892852,0.123671,0.432877,-0.000595,0.010205,-0.009474,0.024683,0.004409,0.027909,0.080272,0.02578,0.030209,-0.012779,0.407488,-0.618203,0.672143,0.223828,0.781184,0.582796,-0.885354,-0.087038,0.456694,-0.0003,0.005067,-0.004784,0.048866,-0.014535,0.016538,-0.080137,0.083261,0.076272,-0.10462,-0.080498,0.425996,-0.901136,-0.319531,0.845329,0.428157,0.944149,0.322407,0.068072,-0.013079,-0.035275,0.048143,-0.165995,0.532083,0.215873,-0.985314
820,0.160149,0.048164,0.205657,0.027223,-0.441192,-0.897025,0.220841,-0.872522,0.435783,-0.974974,-0.209422,0.074801,-0.040526,-0.080816,0.10456,-0.251495,0.440404,0.008939,-1.915611,-0.201861,-0.04781,0.288743,-0.412454,0.612965,0.673904,-0.180871,-0.780035,0.598969,0.893313,0.124391,0.431719,-0.016211,-0.002133,-0.002074,-0.083993,0.132573,0.04529,0.079945,0.02575,0.030224,-0.012854,0.406589,-0.620985,0.67012,0.224271,0.778882,0.585699,-0.885656,-0.087851,0.455954,-0.000428,0.004051,-0.006203,-0.081874,0.161523,0.087663,-0.079647,0.082581,0.074688,-0.102635,-0.060345,0.429917,-0.900848,-0.323727,0.845282,0.425085,0.944223,0.317281,0.088168,-0.020298,-0.040308,0.052524,-0.219941,0.486126,0.110856,-0.994785
821,0.158631,0.044889,0.209729,0.009529,-0.438461,-0.898724,0.229021,-0.873909,0.428724,-0.973397,-0.209374,0.093211,-0.04068,-0.079847,0.105257,-0.121166,0.808337,0.409229,-1.915751,-0.201895,-0.047762,0.288455,-0.407789,0.618659,0.671536,-0.186225,-0.776261,0.602224,0.894349,0.11975,0.430885,-0.000953,0.007352,-0.013461,-0.032382,0.104405,0.057635,0.074363,0.025728,0.030245,-0.012994,0.401517,-0.626566,0.66798,0.229502,0.774918,0.588922,-0.886629,-0.083159,0.454941,-0.000202,-0.001633,-0.002276,-0.080543,0.133599,0.084635,-0.082749,0.081791,0.072987,-0.100516,-0.043836,0.430325,-0.901608,-0.330949,0.845264,0.419524,0.94263,0.316776,0.105363,-0.020398,-0.03993,0.052673,-0.154114,0.753469,0.344034,-1.007685
822,0.156893,0.041414,0.214086,-0.012149,-0.438445,-0.898701,0.232017,-0.875465,0.423913,-0.972631,-0.202826,0.113485,-0.041124,-0.103272,0.118088,-0.188774,0.840338,0.356764,-1.915766,-0.201927,-0.047688,0.288024,-0.386028,0.635078,0.669066,-0.209288,-0.766568,0.607046,0.89887,0.093516,0.42796,-0.001176,0.005594,-0.015933,0.020558,0.02236,0.0053,0.071178,0.025712,0.030283,-0.013207,0.378662,-0.642421,0.666265,0.252296,0.764254,0.593515,-0.890483,-0.056646,0.451474,-0.000335,-0.002665,-0.003723,0.027047,-0.090041,0.144909,-0.090098,0.080938,0.071287,-0.098383,-0.022665,0.432583,-0.901308,-0.334269,0.846375,0.414623,0.942204,0.310677,0.125416,-0.027696,-0.044727,0.057348,-0.321713,0.410286,-0.119844,-1.013237
823,0.15596,0.039606,0.216329,-0.020813,-0.439458,-0.898047,0.238816,-0.874415,0.4223,-0.970825,-0.205139,0.12427,-0.040965,-0.089608,0.113946,-0.099665,0.523639,0.094113,-1.915564,-0.201936,-0.047643,0.287748,-0.37724,0.642654,0.66684,-0.218864,-0.761411,0.610153,0.90031,0.083424,0.42702,-0.000783,-0.006212,-0.008705,-0.007097,0.022249,-0.019844,0.071776,0.025707,0.03031,-0.013348,0.369584,-0.649718,0.664284,0.261882,0.758754,0.596414,-0.891529,-0.046461,0.450573,-0.000641,0.002363,-0.008572,0.055938,-0.008933,-0.020486,-0.091077,0.080472,0.070379,-0.097259,-0.012287,0.433757,-0.900945,-0.341264,0.845096,0.411522,0.939886,0.312517,0.137641,-0.027759,-0.044447,0.057558,0.239228,0.284268,0.247662,-1.019442
824,0.153989,0.035855,0.220941,-0.05027,-0.436993,-0.898084,0.243438,-0.877451,0.413267,-0.96856,-0.197316,0.151611,-0.055931,-0.100593,0.120901,-0.107619,0.891808,0.624014,-1.915945,-0.20196,-0.047513,0.287108,-0.356222,0.657024,0.664392,-0.23635,-0.751171,0.616291,0.904417,0.061687,0.422005,-0.001342,0.004301,-0.017788,0.007358,0.041141,0.017357,0.07722,0.025695,0.03037,-0.013667,0.347886,-0.663323,0.662553,0.279019,0.747926,0.60229,-0.895054,-0.024663,0.445273,-0.000674,0.002095,-0.008963,0.039019,0.01961,0.001277,-0.087975,0.079492,0.068509,-0.094954,0.014873,0.435695,-0.89997,-0.345602,0.846836,0.40426,0.938262,0.305019,0.163172,-0.02801,-0.050234,0.060631,-0.23438,0.679242,0.129351,-1.031852
825,0.15196,0.031894,0.225717,-0.077113,-0.435762,-0.896777,0.246155,-0.879922,0.406346,-0.966071,-0.188877,0.176238,-0.056069,-0.098376,0.123521,-0.131948,0.791674,0.539461,-1.915781,-0.202015,-0.047359,0.286377,-0.343534,0.668505,0.659603,-0.245654,-0.74176,0.624004,0.906827,0.051498,0.418181,-0.001452,0.003456,-0.019016,-0.013597,0.07093,0.036541,0.084698,0.025668,0.030447,-0.014032,0.334656,-0.67438,0.65819,0.288112,0.738241,0.60991,-0.897215,-0.014478,0.441354,-0.000737,0.001583,-0.009707,0.017005,0.054979,0.02147,-0.079484,0.078478,0.066526,-0.092569,0.042163,0.43725,-0.89835,-0.34855,0.849097,0.396919,0.93634,0.296385,0.188204,-0.028158,-0.049668,0.061085,-0.30763,0.535721,-0.032245,-1.030056
826,0.150871,0.029804,0.228253,-0.087891,-0.435651,-0.89584,0.252093,-0.879761,0.40304,-0.963603,-0.189876,0.188266,-0.056556,-0.110629,0.129199,-0.148143,0.828623,0.494554,-1.915204,-0.202034,-0.047294,0.285966,-0.335151,0.673051,0.659293,-0.249061,-0.738063,0.627029,0.909022,0.045105,0.414134,-0.001627,0.002093,-0.020968,-0.226546,0.300379,0.385663,0.0922,0.025659,0.030481,-0.014227,0.328365,-0.677498,0.658158,0.292386,0.735477,0.611214,-0.898157,-0.008266,0.439596,-0.000782,0.001231,-0.010215,0.053549,4.2e-05,-0.008722,-0.073605,0.077955,0.065523,-0.091348,0.052428,0.438131,-0.89738,-0.35455,0.848239,0.393425,0.933565,0.29754,0.199811,-0.028142,-0.04876,0.062286,-0.129924,0.561757,0.015738,-1.036261
827,0.148773,0.025904,0.23313,-0.108737,-0.436157,-0.893302,0.25328,-0.881117,0.399317,-0.961135,-0.182299,0.207395,-0.042083,-0.109279,0.130795,-0.223039,0.637383,0.332417,-1.915154,-0.202011,-0.047311,0.285182,-0.316227,0.682014,0.65943,-0.260282,-0.7307,0.631082,0.912628,0.027076,0.407724,-0.001374,-0.010796,-0.015343,-0.278209,0.418851,0.201329,0.110456,0.02567,0.030475,-0.014633,0.308362,-0.686193,0.658826,0.303184,0.727352,0.61566,-0.90166,0.009899,0.432331,-0.000692,-0.0055,-0.007808,-0.411563,0.522943,0.266826,-0.05303,0.076879,0.063536,-0.088864,0.074297,0.440736,-0.894555,-0.355811,0.84971,0.389089,0.931599,0.289385,0.21995,-0.028232,-0.047875,0.063183,-0.089157,0.802207,0.521304,-1.043609
828,0.146748,0.022075,0.238103,-0.128746,-0.435621,-0.890901,0.254527,-0.882786,0.394812,-0.958305,-0.175393,0.225645,-0.041881,-0.095319,0.126339,-0.262922,0.563148,0.009525,-1.91593,-0.201967,-0.047557,0.284392,-0.29936,0.689406,0.659617,-0.271786,-0.724194,0.633726,0.91494,0.009577,0.403306,-0.001975,-0.000575,-0.024921,-0.004841,0.070556,0.002323,0.11991,0.025693,0.030354,-0.015015,0.289754,-0.693485,0.659636,0.313884,0.719938,0.619003,-0.904167,0.027691,0.426279,-0.000779,-0.006173,-0.008815,-0.026974,0.079228,-0.01606,-0.035069,0.075867,0.061617,-0.086375,0.095419,0.441805,-0.892021,-0.35743,0.851556,0.38353,0.929052,0.282239,0.239169,-0.028326,-0.047175,0.063782,-0.251908,0.48093,0.161019,-1.036261
829,0.145742,0.020237,0.240607,-0.138862,-0.435698,-0.889342,0.255365,-0.883414,0.392862,-0.956656,-0.172018,0.235046,-0.05646,-0.092723,0.129347,-0.279365,0.379228,0.102547,-1.915481,-0.20195,-0.047769,0.284031,-0.292868,0.692005,0.65981,-0.275082,-0.721773,0.635065,0.916047,0.003625,0.400883,-0.001643,-0.012855,-0.018436,-0.023105,0.057385,-0.03141,0.121587,0.0257,0.030245,-0.015209,0.283131,-0.695929,0.659938,0.317205,0.717319,0.620349,-0.905106,0.033696,0.423848,-0.000827,-0.006528,-0.009356,0.011552,0.028098,-0.049836,-0.03066,0.075369,0.060695,-0.085127,0.105734,0.443036,-0.890246,-0.358355,0.852086,0.381484,0.927578,0.278689,0.248858,-0.021026,-0.04729,0.063574,-0.286721,0.525902,-0.029558,-1.034465
830,0.143835,0.01679,0.245582,-0.162696,-0.43696,-0.88467,0.25877,-0.884116,0.389037,-0.951944,-0.165095,0.258019,-0.055985,-0.077806,0.125941,-0.051471,0.80195,0.497794,-1.915053,-0.202055,-0.048336,0.283254,-0.281977,0.695508,0.66087,-0.282143,-0.718376,0.635819,0.917303,-0.008041,0.397937,-0.017927,-0.014634,-0.020245,-0.005776,0.045112,-0.078375,0.122973,0.025654,0.029967,-0.01559,0.272392,-0.698964,0.661249,0.324386,0.713713,0.620794,-0.905856,0.045401,0.421144,-0.000985,-0.007728,-0.011157,0.002805,0.021524,-0.054408,-0.025598,0.074394,0.058936,-0.082592,0.127014,0.44799,-0.884969,-0.36096,0.851898,0.379442,0.923891,0.271245,0.269909,-0.028066,-0.038915,0.063021,-0.078308,0.759516,0.468432,-1.038057
831,0.142118,0.013685,0.250531,-0.183885,-0.439823,-0.879083,0.256623,-0.884785,0.388936,-0.948636,-0.153533,0.276665,-0.041163,-0.076773,0.126802,-0.195151,0.411588,0.189049,-1.915364,-0.20245,-0.049065,0.28236,-0.279905,0.696932,0.66025,-0.281037,-0.716997,0.637862,0.918274,-0.007884,0.395694,-0.018432,-0.017991,-0.025341,-0.007218,0.059451,-0.103335,0.123551,0.02545,0.029599,-0.016042,0.270338,-0.700251,0.660731,0.323251,0.712463,0.622819,-0.906876,0.045211,0.418963,-0.009222,-0.00914,-0.012871,-0.005113,0.056389,-0.107799,-0.023475,0.073551,0.057413,-0.080164,0.149325,0.45247,-0.879188,-0.359511,0.853147,0.378007,0.921115,0.259633,0.290064,-0.020708,-0.038747,0.062961,-0.135431,0.614102,0.072905,-1.037404
832,0.140729,0.010952,0.255388,-0.204776,-0.44232,-0.873193,0.255404,-0.885325,0.38851,-0.944652,-0.142916,0.295354,-0.040496,-0.062149,0.122652,-0.22882,0.39731,-0.060304,-1.91565,-0.203295,-0.050122,0.281403,-0.279901,0.696547,0.660658,-0.279997,-0.717376,0.637893,0.918593,-0.007304,0.394964,-0.034716,-0.032892,-0.022166,-0.047209,0.101651,-0.174627,0.11834,0.025041,0.029084,-0.016511,0.270464,-0.699927,0.661022,0.322266,0.712823,0.622917,-0.907189,0.044548,0.418356,-0.009276,-0.016429,-0.011473,-0.044482,0.071662,-0.12278,-0.021515,0.072856,0.056041,-0.077734,0.170239,0.456919,-0.873065,-0.358412,0.854025,0.377067,0.91791,0.248726,0.309154,-0.012991,-0.031871,0.060511,-0.243619,0.261323,0.090855,-1.040343
833,0.140135,0.009714,0.25778,-0.214882,-0.442882,-0.870475,0.25207,-0.886235,0.388614,-0.94329,-0.13537,0.30316,-0.025314,-0.050658,0.115087,-0.158465,0.455468,0.019498,-1.915679,-0.203903,-0.050756,0.280922,-0.281839,0.694317,0.66218,-0.279822,-0.719537,0.635531,0.918056,-0.007042,0.396216,-0.034978,-0.033925,-0.023933,0.021651,0.001747,-0.238706,0.109108,0.024737,0.028767,-0.016752,0.272393,-0.697794,0.662483,0.32221,0.714918,0.620541,-0.906632,0.044428,0.419575,-0.017465,-0.016912,-0.011868,0.044121,-0.0409,-0.232154,-0.029027,0.072553,0.055419,-0.076533,0.179416,0.458908,-0.870179,-0.354948,0.855149,0.377797,0.917508,0.241086,0.316316,-0.020266,-0.03062,0.061731,-0.155082,0.540986,0.056084,-1.040017
834,0.139105,0.007326,0.262501,-0.226564,-0.44648,-0.865661,0.255407,-0.884893,0.389492,-0.939638,-0.132302,0.3156,-0.025858,-0.062918,0.120486,0.170152,0.001547,-0.126655,-1.915403,-0.20542,-0.052016,0.279933,-0.278511,0.695588,0.662254,-0.289019,-0.718176,0.63295,0.916216,-0.015988,0.400195,-0.051869,-0.022482,-0.03136,0.142805,0.031477,0.001561,0.096698,0.023984,0.028128,-0.01725,0.269511,-0.698656,0.662753,0.33128,0.713479,0.617413,-0.904221,0.053157,0.423742,-0.017585,-0.016785,-0.011927,0.30809,0.350116,0.014711,-0.046826,0.072039,0.054232,-0.074171,0.191659,0.463502,-0.865119,-0.357935,0.85376,0.37812,0.913864,0.237186,0.329535,-0.012759,-0.02529,0.05711,1.192079,-0.388201,-0.665923,-1.036424
835,0.138124,0.004837,0.267088,-0.239447,-0.446668,-0.86209,0.25886,-0.885137,0.386649,-0.935475,-0.130029,0.328645,-0.026449,-0.065743,0.115926,-0.181067,0.377192,0.133392,-1.915458,-0.207225,-0.053158,0.278966,-0.279525,0.693805,0.663695,-0.299916,-0.719655,0.626163,0.912398,-0.02489,0.40838,-0.051865,-0.020246,-0.028539,0.204877,-0.311861,-0.182655,0.08599,0.023062,0.027545,-0.017752,0.269708,-0.697213,0.664191,0.341842,0.714151,0.610845,-0.900222,0.062299,0.430949,-0.025913,-0.010079,-0.014163,0.262748,-0.362803,-0.213583,-0.061195,0.071539,0.052968,-0.071827,0.203447,0.465554,-0.861317,-0.361468,0.853282,0.375831,0.909917,0.234877,0.341881,-0.013317,-0.033039,0.057778,-0.174253,0.387508,0.141057,-1.032015
836,0.137611,0.003511,0.269324,-0.245574,-0.446231,-0.860591,0.260388,-0.885502,0.384783,-0.933453,-0.129046,0.334725,-0.026852,-0.067725,0.113025,-0.149708,0.444998,0.182786,-1.915257,-0.208099,-0.053651,0.278478,-0.273582,0.695577,0.664317,-0.308831,-0.717523,0.624275,0.911217,-0.035238,0.410252,-0.051897,-0.019483,-0.027631,0.030947,0.048908,-0.187736,0.079946,0.022644,0.027305,-0.017986,0.264767,-0.698482,0.664846,0.350962,0.711966,0.608218,-0.898178,0.072299,0.433646,-0.017618,-0.015558,-0.010427,-0.011371,-0.00888,0.025105,-0.06887,0.071283,0.052307,-0.070707,0.209321,0.465894,-0.859724,-0.362971,0.853407,0.374096,0.907984,0.233749,0.347742,-0.013532,-0.034111,0.056225,-0.126203,0.479012,0.208599,-1.031362
837,0.136549,0.000571,0.273657,-0.255124,-0.446837,-0.857492,0.268315,-0.884714,0.38113,-0.928623,-0.132293,0.346676,-0.027879,-0.072797,0.106082,-0.032654,0.688249,0.358047,-1.915229,-0.209659,-0.054351,0.277525,-0.266719,0.700032,0.662425,-0.32384,-0.712358,0.622582,0.908026,-0.049338,0.415834,-0.035149,-0.015392,-0.022437,0.056143,-0.111452,0.018318,0.076506,0.021857,0.02695,-0.01847,0.257373,-0.702677,0.663327,0.365488,0.706245,0.606329,-0.894526,0.086385,0.438589,-0.017585,-0.007831,-0.011385,0.057133,-0.095474,-0.006207,-0.0803,0.070763,0.050866,-0.068577,0.21679,0.468134,-0.856651,-0.37049,0.851322,0.371463,0.903181,0.236852,0.357997,-0.006961,-0.043691,0.0551,-0.294623,0.129615,0.163835,-1.028586
838,0.13546,-0.002684,0.277747,-0.260513,-0.445182,-0.856733,0.274825,-0.884843,0.376159,-0.925211,-0.136909,0.353931,-0.029112,-0.078802,0.098304,-0.200624,0.365673,0.046778,-1.915496,-0.210601,-0.054715,0.276709,-0.264782,0.707685,0.655029,-0.330487,-0.704632,0.627859,0.906193,-0.051115,0.419601,-0.017995,-0.009914,-0.014792,0.007884,-0.071146,0.116983,0.064725,0.021379,0.026762,-0.018886,0.254938,-0.710348,0.656058,0.371773,0.698331,0.611651,-0.892631,0.087971,0.442119,-0.009201,0.000467,-0.011679,0.04157,-0.063646,0.103544,-0.091241,0.070208,0.049213,-0.066491,0.224636,0.466312,-0.855622,-0.377228,0.851214,0.364872,0.898463,0.240802,0.36712,-0.014679,-0.039747,0.048741,-0.211814,0.3582,0.030223,-1.024014
839,0.134348,-0.006188,0.281589,-0.267135,-0.439487,-0.857634,0.281514,-0.88673,0.366649,-0.921296,-0.142952,0.36167,-0.030335,-0.084513,0.091158,-0.01871,0.110634,0.865336,-1.915327,-0.21074,-0.054709,0.27609,-0.261682,0.714444,0.64891,-0.331179,-0.697885,0.634989,0.906837,-0.049631,0.418386,-0.0009,-0.005481,-0.008568,-0.113902,0.178821,0.080099,0.075059,0.021303,0.026763,-0.019199,0.251729,-0.716997,0.650036,0.372346,0.691715,0.618778,-0.893303,0.086274,0.441096,-0.000394,-0.002462,-0.003844,-0.139526,0.203669,0.090832,-0.091731,0.069663,0.047493,-0.064604,0.230281,0.462585,-0.856145,-0.383815,0.851643,0.356916,0.894235,0.24641,0.373664,-0.007875,-0.043625,0.044163,0.12879,-1.026581,2.421062,-1.022871
840,0.133811,-0.007885,0.283291,-0.266489,-0.438165,-0.85851,0.287318,-0.886324,0.363113,-0.919691,-0.149362,0.363161,-0.030911,-0.087116,0.087963,-0.123773,-0.191132,0.609009,-1.915266,-0.210559,-0.054597,0.275854,-0.257131,0.717093,0.647806,-0.330126,-0.695097,0.638584,0.908515,-0.050552,0.414617,0.015567,0.008487,-0.012961,-0.196352,0.229615,0.44662,0.083652,0.021387,0.026813,-0.019315,0.248078,-0.71902,0.649204,0.371591,0.68952,0.621676,-0.894637,0.087014,0.438236,0.007807,0.004329,-0.006344,-0.390144,0.505399,0.384324,-0.083076,0.069383,0.046612,-0.06372,0.231698,0.460116,-0.857092,-0.389694,0.851185,0.351599,0.891321,0.25254,0.376523,-0.015572,-0.043924,0.043555,-0.145318,-0.283068,0.645081,-1.023361
841,0.132753,-0.011435,0.286576,-0.27406,-0.433691,-0.858399,0.289224,-0.888406,0.356449,-0.916856,-0.150048,0.369983,-0.017013,-0.09292,0.081401,-0.258439,0.146258,0.087439,-1.915501,-0.209761,-0.054117,0.275516,-0.247618,0.72903,0.638115,-0.329333,-0.682641,0.652284,0.911429,-0.049544,0.408295,0.016456,0.014111,-0.004192,-0.237542,0.226926,0.539672,0.086607,0.021786,0.027051,-0.019487,0.237656,-0.730743,0.639948,0.37054,0.677206,0.635682,-0.897897,0.086052,0.431711,0.016394,0.006905,-0.002665,-0.400629,0.030856,1.20941,-0.071482,0.068861,0.044871,-0.06211,0.23976,0.456348,-0.85689,-0.391916,0.853015,0.344625,0.888209,0.253202,0.383369,-0.015829,-0.040128,0.037372,-0.255486,0.207831,-0.090491,-1.024014
842,0.131888,-0.014746,0.28938,-0.284117,-0.427822,-0.858074,0.29256,-0.890942,0.347279,-0.912716,-0.151845,0.379367,-0.017057,-0.074028,0.061164,0.034045,0.589735,0.400166,-1.914944,-0.208396,-0.053264,0.27537,-0.236878,0.745331,0.623187,-0.329346,-0.664962,0.670292,0.914261,-0.047397,0.402172,0.033126,0.030403,-0.005116,-0.307323,0.339634,0.712383,0.085742,0.022475,0.027484,-0.01956,0.226309,-0.746888,0.625252,0.370713,0.659643,0.65379,-0.900752,0.083831,0.426164,0.016614,0.015471,-0.002162,-0.242713,0.287676,0.695673,-0.071972,0.068421,0.043179,-0.060678,0.248257,0.452246,-0.856645,-0.394639,0.854834,0.336923,0.884662,0.254422,0.390693,-0.008619,-0.037247,0.03031,-0.008533,0.527925,0.359514,-1.02777
843,0.131545,-0.016326,0.290619,-0.287087,-0.427167,-0.857412,0.294215,-0.891131,0.345392,-0.91125,-0.152582,0.382582,-0.017452,-0.07584,0.058996,-0.125153,0.263193,0.18128,-1.915445,-0.207586,-0.052697,0.275336,-0.231156,0.752408,0.616799,-0.329173,-0.656959,0.678221,0.915779,-0.047199,0.398727,0.050025,0.020875,0.004728,-0.296912,0.30624,0.646025,0.086193,0.022862,0.027761,-0.019577,0.220158,-0.753652,0.619305,0.37039,0.65192,0.661672,-0.902408,0.083712,0.42267,0.016702,0.016321,-0.000895,-0.278253,0.47715,0.462754,-0.071809,0.068256,0.042418,-0.060081,0.252774,0.451532,-0.8557,-0.396806,0.854999,0.333945,0.882411,0.255135,0.395292,-0.008984,-0.043685,0.033335,-0.131299,0.319976,0.225639,-1.027607
844,0.131008,-0.01943,0.292798,-0.293369,-0.427067,-0.855332,0.298381,-0.890893,0.342419,-0.907882,-0.154236,0.389858,-0.002878,-0.070213,0.044705,-0.145824,0.247838,-0.036786,-1.915458,-0.205823,-0.051379,0.275386,-0.210209,0.767514,0.605579,-0.33584,-0.638309,0.692609,0.918376,-0.058744,0.391148,0.033623,0.03572,0.002779,-0.077892,0.130217,0.282802,0.086748,0.023763,0.028431,-0.019545,0.196381,-0.768808,0.608578,0.375941,0.632269,0.677424,-0.905594,0.095756,0.413192,0.016846,0.018058,0.001668,-0.027267,0.098215,0.260028,-0.071156,0.067982,0.040864,-0.058986,0.259232,0.451958,-0.85354,-0.400835,0.854393,0.330671,0.878709,0.256409,0.402646,-0.009177,-0.039861,0.027182,-0.179404,0.159919,0.111998,-1.022871
845,0.130687,-0.02214,0.294522,-0.299455,-0.426103,-0.853703,0.298037,-0.891748,0.340487,-0.905999,-0.151952,0.3951,-0.017703,-0.057918,0.037525,-0.112288,0.228519,-0.028606,-1.914905,-0.203996,-0.049948,0.275554,-0.185891,0.780344,0.597076,-0.339729,-0.621127,0.706201,0.922152,-0.072542,0.379786,0.049918,0.038055,0.005203,-0.231814,0.305272,0.472729,0.090515,0.024657,0.029133,-0.019461,0.172729,-0.78035,0.601014,0.380208,0.615716,0.690169,-0.908628,0.109298,0.403048,0.024956,0.018956,0.002466,-0.398273,0.468374,0.548167,-0.069686,0.067819,0.039477,-0.058114,0.265381,0.451786,-0.85174,-0.400423,0.85527,0.328897,0.87706,0.253773,0.407878,-0.00891,-0.0291,0.018597,-0.124891,0.209931,-0.03966,-1.0263
846,0.13052,-0.024594,0.29601,-0.310586,-0.422696,-0.851417,0.293861,-0.894517,0.336834,-0.9036,-0.145064,0.403102,-0.002627,-0.059641,0.035977,0.047643,0.545487,0.205223,-1.915166,-0.202195,-0.048551,0.275849,-0.175233,0.788092,0.59008,-0.33749,-0.611017,0.716025,0.925042,-0.074659,0.372272,0.050128,0.027195,0.013427,-0.178819,0.193154,0.374848,0.110005,0.025558,0.029839,-0.019312,0.161188,-0.787889,0.594347,0.377835,0.605605,0.700344,-0.911733,0.111678,0.395309,0.024802,0.018989,0.002321,-0.252944,0.292203,0.433459,-0.053031,0.067737,0.038293,-0.057399,0.274303,0.45023,-0.849734,-0.396187,0.858061,0.326749,0.876237,0.247026,0.413744,-0.001356,-0.029911,0.017879,-0.153256,0.13983,-0.044955,-1.030709
847,0.130491,-0.025654,0.296593,-0.316056,-0.420917,-0.850284,0.292278,-0.895816,0.334753,-0.902209,-0.142202,0.407215,-0.002471,-0.049647,0.026407,0.030767,0.43765,0.129482,-1.914918,-0.201323,-0.04794,0.276011,-0.170963,0.791125,0.587268,-0.336548,-0.606976,0.719895,0.926178,-0.075557,0.369254,0.049344,0.037174,0.003318,-0.01536,0.026008,0.255322,0.119047,0.025995,0.030143,-0.019223,0.155739,-0.791043,0.591604,0.376281,0.601265,0.704905,-0.913322,0.112828,0.391295,0.024947,0.013184,0.005965,-0.031882,0.118795,0.086135,-0.041274,0.067722,0.037756,-0.057099,0.280879,0.448863,-0.848308,-0.394923,0.859647,0.324102,0.874724,0.243983,0.418723,0.006302,-0.025759,0.01231,0.191231,0.706166,0.328485,-1.031689
848,0.130553,-0.027296,0.297399,-0.328579,-0.422517,-0.844725,0.291252,-0.896108,0.334865,-0.898044,-0.13548,0.418557,0.013648,-0.028165,0.009609,-0.028553,0.108104,0.043767,-1.915256,-0.199647,-0.04694,0.276348,-0.162943,0.798677,0.579273,-0.334719,-0.59694,0.729082,0.928274,-0.076093,0.363841,0.033147,0.023095,0.007766,-0.030282,0.110728,0.008813,0.129063,0.02684,0.030652,-0.019051,0.14726,-0.79848,0.583732,0.374452,0.591245,0.714292,-0.915477,0.113393,0.386059,0.024585,0.011238,0.002902,0.018963,-0.024426,0.194139,-0.021026,0.067746,0.036906,-0.056683,0.29507,0.451419,-0.842112,-0.394228,0.860356,0.323064,0.870355,0.236658,0.431827,-0.001088,-0.01939,0.008951,-0.103783,0.10636,-0.062793,-1.037077
849,0.130745,-0.028332,0.29779,-0.346981,-0.425655,-0.835743,0.293612,-0.895596,0.334175,-0.890301,-0.128909,0.436777,0.013797,-0.027565,0.010345,0.202325,0.653062,0.295659,-1.915107,-0.1983,-0.046337,0.276627,-0.161017,0.801022,0.576567,-0.33475,-0.593776,0.731646,0.928596,-0.0762,0.362995,0.033135,0.008434,0.01054,0.006982,-0.059864,0.107954,0.129515,0.027513,0.03096,-0.018911,0.145396,-0.800632,0.581246,0.374823,0.588272,0.716549,-0.915623,0.113681,0.385628,0.016232,0.00921,0.000291,0.039186,0.036759,-0.075285,-0.014168,0.067841,0.036387,-0.056489,0.310064,0.457308,-0.833503,-0.395905,0.859187,0.324123,0.86436,0.229489,0.447453,-0.000622,-0.007808,0.001315,-0.047631,0.389687,-0.357842,-1.030219
850,0.13105,-0.028832,0.297824,-0.360482,-0.430761,-0.827371,0.291001,-0.894656,0.33894,-0.885768,-0.118054,0.448894,0.014703,-0.004465,-0.005016,-4.482595,2.047923,2.617114,-1.91524,-0.197126,-0.045981,0.276765,-0.158745,0.802388,0.575296,-0.334134,-0.591855,0.733482,0.929206,-0.076792,0.361306,0.032634,0.004652,0.004822,0.004997,-0.044461,0.083676,0.131845,0.028113,0.031141,-0.018839,0.143149,-0.80196,0.579972,0.374147,0.58637,0.718459,-0.916254,0.114148,0.383989,0.016296,0.002135,0.002103,0.013755,-0.052901,0.077847,-0.012371,0.067998,0.036125,-0.056469,0.324089,0.463945,-0.824451,-0.395151,0.858211,0.327611,0.859547,0.219608,0.461465,0.007277,-0.002158,-0.002611,-4.483216,2.037873,2.621521,-1.031036
851,0.131188,-0.028917,0.297756,-0.366979,-0.43217,-0.823772,0.287299,-0.894904,0.341436,-0.8843,-0.110838,0.453602,0.014873,-0.003589,-0.003932,0.025163,0.149129,-0.103517,-1.915448,-0.196602,-0.045898,0.276816,-0.158775,0.802679,0.574883,-0.334287,-0.591475,0.733719,0.929146,-0.076683,0.361484,0.016388,0.003042,0.003456,0.002033,-0.015191,0.029255,0.137942,0.028369,0.031182,-0.018813,0.143256,-0.802218,0.579589,0.374328,0.586044,0.71863,-0.916163,0.114009,0.384247,0.016224,0.001581,0.001268,0.005878,-0.048341,0.081269,-0.008779,0.068067,0.036082,-0.056504,0.331536,0.465371,-0.820678,-0.390034,0.859668,0.329915,0.859044,0.210714,0.466521,0.007449,-0.001736,-0.001897,-0.000588,0.105851,-0.121899,-1.028096
852,0.131363,-0.028919,0.297612,-0.385722,-0.433343,-0.814542,0.275657,-0.896648,0.346422,-0.879998,-0.090379,0.466329,-0.000158,-0.000833,-0.001036,0.199847,0.540931,0.097761,-1.915003,-0.195688,-0.045784,0.276905,-0.16116,0.802432,0.574562,-0.33575,-0.591917,0.732694,0.92821,-0.075832,0.364058,0.016296,0.002355,0.002407,0.002533,-0.015823,0.028831,0.147857,0.028825,0.031236,-0.018774,0.145805,-0.802028,0.579216,0.375794,0.58649,0.717501,-0.91516,0.113051,0.386911,0.008168,0.001359,0.001456,-0.007269,-0.011803,0.032076,0.001835,0.068154,0.036081,-0.056577,0.34766,0.469189,-0.811783,-0.378237,0.862399,0.336457,0.857944,0.190074,0.477287,-7.8e-05,-0.000425,-0.000527,0.188938,0.588222,0.143711,-1.027933
853,0.131376,-0.028915,0.297618,-0.404255,-0.433003,-0.805687,0.263516,-0.898643,0.350675,-0.875367,-0.070017,0.478391,-0.000312,-0.0109,0.008481,0.029174,0.255563,-0.104355,-1.915174,-0.194903,-0.045643,0.27706,-0.161863,0.804864,0.570952,-0.336714,-0.588796,0.734763,0.92774,-0.074323,0.365566,0.016499,0.0044,0.005403,0.003812,-0.030568,0.054274,0.166249,0.029217,0.031301,-0.018704,0.146317,-0.804553,0.575573,0.376605,0.583325,0.719652,-0.914745,0.111466,0.388349,0.016243,0.002004,0.001844,0.004727,-0.043472,0.07854,0.020614,0.068161,0.036088,-0.056576,0.367947,0.47032,-0.80213,-0.366906,0.866087,0.339517,0.854397,0.169383,0.491237,4.3e-05,0.000221,0.000281,0.072927,0.142764,0.094238,-1.023688
854,0.131342,-0.028926,0.297652,-0.410531,-0.433065,-0.802474,0.259537,-0.899131,0.352387,-0.873626,-0.063074,0.482521,9.9e-05,0.000521,0.000647,0.008726,0.017347,0.010407,-1.915644,-0.194533,-0.045549,0.277173,-0.1625,0.80694,0.567832,-0.337556,-0.586113,0.736521,0.927324,-0.072999,0.366886,0.016576,0.005233,0.006615,0.003758,-0.030267,0.053759,0.1686,0.029408,0.031349,-0.018647,0.146816,-0.806698,0.572434,0.377386,0.580613,0.721433,-0.914343,0.110111,0.38968,0.008293,0.002681,0.003386,0.002865,-0.027858,0.048614,0.029595,0.068144,0.036079,-0.056555,0.374385,0.471123,-0.798672,-0.363022,0.867032,0.341277,0.853258,0.162167,0.495632,5.8e-05,0.000306,0.000386,-0.0193,-0.029082,-0.00812,-1.014054
855,0.131203,-0.02898,0.297712,-0.427986,-0.427321,-0.796411,0.240613,-0.903248,0.355275,-0.870642,-0.039048,0.490392,0.0,0.0,0.0,0.075749,0.149296,0.089843,-1.915475,-0.193833,-0.045283,0.277518,-0.165428,0.816134,0.55367,-0.341408,-0.573974,0.744263,0.925397,-0.066926,0.37286,0.01683,0.007971,0.0106,0.006105,-0.048692,0.084037,0.161574,0.029746,0.031474,-0.018485,0.149066,-0.816105,0.558347,0.380965,0.568466,0.729185,-0.912493,0.104014,0.395646,0.00838,0.003662,0.004809,0.009979,-0.064473,0.111941,0.03237,0.06808,0.036053,-0.056524,0.391425,0.467647,-0.792522,-0.34455,0.873072,0.345005,0.853271,0.13802,0.50287,1e-06,-1e-06,8e-06,0.145296,0.253592,0.155724,-1.010787
856,0.131039,-0.029002,0.29773,-0.440855,-0.42507,-0.790574,0.226311,-0.904952,0.360301,-0.868039,-0.019553,0.496139,-2e-06,-1.2e-05,-1.5e-05,-0.027705,0.038099,0.027853,-1.915473,-0.193271,-0.044946,0.277974,-0.169236,0.820005,0.546756,-0.344597,-0.568865,0.746712,0.923529,-0.063066,0.378126,0.016988,0.009896,0.013354,0.081637,-0.140037,0.014638,0.154251,0.030033,0.031645,-0.018254,0.15236,-0.820192,0.551425,0.384122,0.563217,0.731598,-0.910624,0.100349,0.400865,0.000476,0.004768,0.006973,0.101325,-0.133869,-0.058385,0.023389,0.067999,0.036042,-0.056516,0.404988,0.466659,-0.786265,-0.330868,0.876463,0.349769,0.852355,0.118498,0.509359,0.0,1e-06,8e-06,-0.420184,0.21994,0.192749,-1.011278
857,0.130958,-0.029003,0.297742,-0.445731,-0.421369,-0.789821,0.221398,-0.90678,0.358754,-0.866809,-0.014439,0.498458,-0.015294,0.001399,0.001206,0.032813,0.081134,0.010494,-1.91514,-0.193046,-0.044751,0.278263,-0.169918,0.822135,0.543334,-0.345486,-0.565946,0.748517,0.923073,-0.061556,0.379487,0.017026,0.010474,0.014155,0.004878,-0.031647,0.052825,0.155064,0.030145,0.031743,-0.018108,0.153192,-0.822327,0.548005,0.384916,0.560407,0.733336,-0.910149,0.098595,0.402377,0.000561,0.005678,0.008282,-0.00829,-0.023602,0.051155,0.021757,0.067958,0.036041,-0.056509,0.410203,0.463446,-0.785462,-0.326047,0.87886,0.348278,0.851719,0.113233,0.511616,2e-06,5e-06,1.5e-05,0.027628,0.05871,0.038356,-1.012747
858,0.130841,-0.029039,0.297775,-0.456086,-0.421249,-0.783951,0.212388,-0.906959,0.363716,-0.863661,-9.8e-05,0.5041,-1e-06,-7e-06,-9e-06,-0.13397,0.592943,-0.579899,-1.915105,-0.192773,-0.044296,0.278927,-0.174092,0.827072,0.534449,-0.349207,-0.559206,0.751849,0.920898,-0.056778,0.38547,0.001249,0.012669,0.018397,0.206322,-0.280698,-0.119346,0.154263,0.030288,0.031969,-0.017779,0.155595,-0.827855,0.538929,0.387805,0.552965,0.737452,-0.908513,0.094255,0.407086,0.00062,0.006383,0.009263,0.387128,-0.404232,-0.217798,0.022083,0.067894,0.036023,-0.056492,0.419291,0.462473,-0.781224,-0.31677,0.880965,0.351504,0.850794,0.100086,0.515879,-0.000184,-0.005581,0.004083,0.058318,0.184696,0.084982,-1.009481
859,0.130771,-0.029047,0.29778,-0.467866,-0.415935,-0.779836,0.197578,-0.909243,0.36635,-0.860859,0.017835,0.508559,-0.0,-1e-06,-1e-06,0.004081,0.008021,0.004835,-1.915508,-0.192631,-0.0439,0.27962,-0.175869,0.832509,0.525349,-0.351489,-0.551484,0.756475,0.919693,-0.052657,0.388915,0.00102,0.010442,0.015071,0.001764,-0.015107,0.024476,0.151531,0.03036,0.032178,-0.017416,0.158278,-0.833139,0.52993,0.390505,0.545757,0.741386,-0.906892,0.089595,0.411726,0.000497,0.005194,0.007493,-0.001151,-0.010901,0.021827,0.01947,0.067859,0.036019,-0.05649,0.432649,0.460551,-0.775052,-0.302746,0.883974,0.356276,0.84921,0.080502,0.521881,2e-06,6e-06,1.4e-05,-0.010438,-0.017962,-0.003358,-1.006706
860,0.13082,-0.029035,0.297797,-0.485147,-0.409566,-0.772614,0.183934,-0.911573,0.367663,-0.854275,0.036763,0.518547,9.9e-05,0.000519,0.000645,0.039384,0.084447,0.043331,-1.915164,-0.192754,-0.043965,0.280266,-0.185897,0.831394,0.523657,-0.350408,-0.55389,0.755219,0.918145,-0.044142,0.393604,-0.014976,-0.007576,0.01445,0.001779,-0.022301,-0.079877,0.142867,0.030304,0.032159,-0.017093,0.168344,-0.832396,0.527992,0.389749,0.548197,0.739982,-0.905403,0.081213,0.416711,-0.007515,-0.003944,0.007002,-0.00225,-0.032201,-0.086696,0.013429,0.067883,0.036025,-0.056482,0.450414,0.4562,-0.767468,-0.289561,0.887778,0.357776,0.844559,0.061081,0.531966,7.8e-05,0.000399,0.0005,0.025396,0.134034,0.001862,-1.004909
861,0.130891,-0.02903,0.297805,-0.493105,-0.405907,-0.769501,0.179669,-0.912943,0.366368,-0.850611,0.042901,0.524069,0.000127,0.000662,0.000823,0.209602,0.411763,0.24816,-1.91471,-0.192905,-0.044249,0.280505,-0.195321,0.828411,0.524954,-0.348563,-0.558843,0.752418,0.916902,-0.037055,0.397217,0.00049,-0.012236,0.006598,0.10814,-0.153607,-0.162832,0.134688,0.030224,0.03202,-0.01696,0.177501,-0.829847,0.529005,0.38793,0.553016,0.737348,-0.904435,0.074337,0.420084,-0.007423,-0.01159,0.008106,0.117769,-0.187702,-0.216946,0.006407,0.067919,0.036027,-0.056478,0.45683,0.454296,-0.7648,-0.285103,0.889178,0.35788,0.842628,0.054557,0.535725,8.3e-05,0.000425,0.00053,0.219091,0.441007,0.277079,-1.008502
862,0.131115,-0.029017,0.297828,-0.504386,-0.400845,-0.764829,0.170302,-0.914517,0.366917,-0.8459,0.055309,0.530491,0.000197,0.001032,0.001283,0.055468,0.109096,0.065754,-1.91502,-0.193336,-0.045305,0.280688,-0.220796,0.819366,0.529038,-0.35334,-0.572667,0.739687,0.909293,-0.024637,0.415261,-0.015948,-0.033987,0.000586,0.460338,-0.601525,-0.559429,0.133316,0.030015,0.031505,-0.01686,0.201529,-0.822248,0.532252,0.392338,0.565669,0.725319,-0.897472,0.06265,0.436598,-0.008018,-0.017376,-0.000252,0.554437,-0.823046,-0.467622,-0.004697,0.068031,0.036034,-0.056466,0.470217,0.449712,-0.759377,-0.276281,0.892194,0.357291,0.83819,0.041797,0.543772,0.007771,-4.1e-05,0.000211,0.064636,0.106352,0.107634,-0.999521
