frame,MLTx,MLTy,MLTz,MLTR1,MLTR2,MLTR3,MLTR4,MLTR5,MLTR6,MLTR7,MLTR8,MLTR9,MLTTVx,MLTTVy,MLTTVz,MLTRVx,MLTRVy,MLTRVz,MLGA,MRTx,MRTy,MRTz,MRTR1,MRTR2,MRTR3,MRTR4,MRTR5,MRTR6,MRTR7,MRTR8,MRTR9,MRTTVx,MRTTVy,MRTTVz,MRTRVx,MRTRVy,MRTRVz,MRGA,SLTx,SLTy,SLTz,SLTR1,SLTR2,SLTR3,SLTR4,SLTR5,SLTR6,SLTR7,SLTR8,SLTR9,SLTTVx,SLTTVy,SLTTVz,SLTRVx,SLTRVy,SLTRVz,SLGA,SRTx,SRTy,SRTz,SRTR1,SRTR2,SRTR3,SRTR4,SRTR5,SRTR6,SRTR7,SRTR8,SRTR9,SRTTVx,SRTTVy,SRTTVz,SRTRVx,SRTRVy,SRTRVz,SRGA
725,0.052079,0.023864,0.367454,-0.598187,-0.331782,-0.729478,0.323942,-0.932691,0.158496,-0.73222,-0.141092,0.666313,0.009448,0.009811,-0.042262,0.642176,1.017057,0.630006,-1.912838,-0.127694,0.063644,0.327717,0.779794,0.544577,0.308783,-0.623284,0.720744,0.30328,-0.058369,-0.429645,0.901033,0.024767,0.002857,-0.061639,-0.415325,1.127609,0.060211,0.338587,0.029526,0.050635,-0.01939,-0.695835,-0.633748,0.337899,0.715769,-0.650622,0.253703,0.059061,0.418393,0.906343,0.01247,0.001086,-0.031074,-0.493973,1.244748,0.060691,0.279429,0.063196,0.036817,-0.058124,-0.537362,-0.385156,-0.750264,0.429204,-0.890692,0.149837,-0.725965,-0.2415,0.643934,0.004718,0.004807,-0.021215,0.739419,1.17191,0.702973,-0.786916
726,0.052304,0.024133,0.366488,-0.6317,-0.298569,-0.715442,0.288901,-0.947043,0.140062,-0.718587,-0.11785,0.685399,0.008818,0.008359,-0.043382,-3.195772,2.038094,4.306039,-1.912706,-0.127253,0.063752,0.326403,0.775688,0.54643,0.315775,-0.628673,0.712126,0.312381,-0.055146,-0.44152,0.895479,0.011517,0.009631,-0.071227,-0.129954,1.000822,-0.092666,0.336968,0.029742,0.050686,-0.020019,-0.691671,-0.634914,0.344199,0.720245,-0.64155,0.263928,0.053249,0.43046,0.901037,0.011943,0.005028,-0.036076,0.247391,2.746245,-0.839144,0.27649,0.063302,0.036942,-0.05857,-0.571081,-0.360252,-0.73762,0.401561,-0.906307,0.131742,-0.715971,-0.220964,0.662238,0.010939,0.002602,-0.022614,0.749429,1.17596,0.750368,-0.786916
727,0.05268,0.024575,0.364882,-0.68859,-0.234994,-0.686052,0.232743,-0.967599,0.097752,-0.685938,-0.092078,0.72183,0.010567,0.012361,-0.040394,0.427646,1.316296,0.886431,-1.913122,-0.126353,0.063963,0.323558,0.769645,0.548317,0.327088,-0.636971,0.69333,0.33689,-0.043019,-0.468323,0.882432,0.024681,0.005794,-0.0758,-0.568856,0.50059,0.204055,0.3334,0.030186,0.050793,-0.02144,-0.684334,-0.636639,0.355493,0.72815,-0.622407,0.287064,0.038505,0.455301,0.889504,0.012455,0.002421,-0.038246,-0.808388,0.491939,0.452795,0.271754,0.06349,0.037161,-0.0594,-0.639387,-0.301035,-0.707502,0.344636,-0.934763,0.086277,-0.68732,-0.188667,0.701423,0.005419,0.006404,-0.020026,-0.294952,1.588821,1.860038,-0.786753
728,0.052725,0.024498,0.363901,-0.740094,-0.163295,-0.652411,0.162367,-0.984753,0.062209,-0.651703,-0.059694,0.75614,-0.006441,-0.014792,-0.011305,0.348235,1.32537,0.825681,-1.913031,-0.125425,0.06422,0.320497,0.759489,0.553113,0.342393,-0.649678,0.670009,0.359082,-0.031742,-0.495861,0.867743,0.025108,0.004323,-0.077591,-0.68429,0.608763,0.195732,0.325332,0.030652,0.050917,-0.022974,-0.672732,-0.64078,0.369906,0.739505,-0.598348,0.3084,0.023716,0.481018,0.876389,0.01178,0.007562,-0.042597,-0.713732,1.103698,-0.32947,0.264896,0.063522,0.037136,-0.059893,-0.69857,-0.237862,-0.674848,0.278718,-0.959094,0.049534,-0.659025,-0.153489,0.736292,0.003157,-0.009465,-0.006878,-2.847209,1.452839,4.784458,-0.789692
729,0.05254,0.024134,0.363534,-0.775096,-0.111546,-0.621956,0.12433,-0.991964,0.022878,-0.618547,-0.059464,0.783512,-0.003242,-0.007434,-0.005707,1.106732,0.653576,0.802666,-1.912853,-0.124356,0.064482,0.317255,0.757944,0.545471,0.357735,-0.651565,0.657565,0.378161,-0.029906,-0.520398,0.85332,0.036417,0.013859,-0.088254,-0.312777,0.392053,0.137085,0.322349,0.031181,0.051047,-0.024589,-0.671741,-0.632354,0.385863,0.740573,-0.585703,0.329396,0.017706,0.507029,0.861746,0.013106,-0.000208,-0.040996,-0.405246,0.32548,0.286326,0.256568,0.063423,0.03694,-0.060094,-0.742086,-0.190107,-0.64278,0.241156,-0.970447,0.008604,-0.625421,-0.148626,0.766001,-0.007789,-0.001417,-0.001449,2.317974,-0.456699,1.805563,-0.795571
730,0.052382,0.024073,0.363532,-0.788944,-0.085065,-0.608587,0.102413,-0.994709,0.006184,-0.604912,-0.057351,0.794241,-0.013554,0.001962,0.000909,0.138245,0.878213,0.617016,-1.912884,-0.123819,0.06456,0.315618,0.759297,0.537961,0.366139,-0.649849,0.654595,0.386181,-0.032871,-0.531837,0.846128,0.026221,-0.000289,-0.082377,-0.381623,0.317419,0.271453,0.322409,0.031454,0.051089,-0.025411,-0.673202,-0.625516,0.39437,0.739203,-0.583265,0.336717,0.0194,0.518198,0.855039,0.013184,-0.000317,-0.041321,-0.572222,0.51551,0.19165,0.255262,0.063346,0.036902,-0.0601,-0.759744,-0.165211,-0.628882,0.220572,-0.975316,-0.01025,-0.611666,-0.146501,0.777432,-0.000271,-0.000636,-0.000483,-0.495403,1.026176,1.655586,-0.79998
731,0.052017,0.024017,0.363914,-0.812854,-0.036399,-0.581367,0.06083,-0.997877,-0.022665,-0.578298,-0.05375,0.814069,-0.011948,-0.001402,0.015187,0.406239,0.811162,0.456265,-1.912632,-0.12271,0.064526,0.31249,0.757358,0.530728,0.38043,-0.651999,0.645125,0.398302,-0.034981,-0.550363,0.83411,0.027765,-0.00898,-0.074157,-0.366366,0.403591,0.09365,0.324223,0.032009,0.051067,-0.026984,-0.671328,-0.618442,0.408468,0.740918,-0.574063,0.348556,0.018924,0.536637,0.8436,0.014029,-0.005066,-0.037538,-0.564301,0.506964,0.151927,0.255752,0.063159,0.036877,-0.059907,-0.789902,-0.120209,-0.601335,0.179963,-0.982862,-0.03992,-0.586231,-0.139751,0.797998,-0.005821,-0.000322,0.007884,0.417834,0.827688,0.460328,-0.79802
732,0.051759,0.023935,0.36452,-0.833117,0.005926,-0.553107,0.026796,-0.998317,-0.051154,-0.551444,-0.057454,0.832247,-0.010449,0.002011,0.017791,0.546109,0.989179,0.548952,-1.91258,-0.121423,0.064196,0.309632,0.74479,0.54129,0.390236,-0.666718,0.625697,0.404875,-0.025945,-0.562403,0.826373,0.029634,-0.019196,-0.06717,-0.113761,0.289348,-0.095508,0.324162,0.032652,0.050906,-0.028416,-0.657546,-0.627133,0.417536,0.753373,-0.553036,0.355778,0.007793,0.548501,0.836112,0.01999,-0.002165,-0.036429,-0.074866,0.250932,-0.02293,0.256242,0.063036,0.036839,-0.059608,-0.814543,-0.081961,-0.574283,0.147154,-0.98678,-0.067887,-0.561128,-0.139805,0.815836,0.001663,0.003825,0.002926,0.327583,0.540856,0.32897,-0.799163
733,0.05164,0.024078,0.36481,-0.84001,0.022965,-0.542127,0.013722,-0.997865,-0.063628,-0.541387,-0.060923,0.838579,-0.007708,0.01527,0.011074,0.326437,0.538134,0.325317,-1.91279,-0.120718,0.06393,0.308326,0.744795,0.538274,0.394376,-0.666642,0.624116,0.407432,-0.027757,-0.567036,0.823142,0.031153,-0.028115,-0.058628,-0.084083,0.250037,-0.123091,0.327705,0.033005,0.050772,-0.029075,-0.6577,-0.624131,0.42177,0.753226,-0.551524,0.358427,0.008911,0.553426,0.83285,0.02084,-0.007083,-0.03253,-0.020162,0.217651,-0.081378,0.257058,0.062975,0.036905,-0.059461,-0.824856,-0.06539,-0.561547,0.134208,-0.987542,-0.082143,-0.54918,-0.143121,0.823356,-0.004777,0.002052,0.009688,0.34558,0.662547,0.330731,-0.806185
734,0.051445,0.024525,0.36536,-0.851705,0.06413,-0.520127,-0.023573,-0.996146,-0.084323,-0.522472,-0.059645,0.850584,-0.007153,0.016472,0.011942,0.240132,0.50177,0.089791,-1.91312,-0.11929,0.063261,0.306069,0.735325,0.546651,0.400576,-0.677325,0.609914,0.411303,-0.020395,-0.574446,0.818205,0.043928,-0.027828,-0.044334,-0.013238,0.174986,-0.144123,0.336621,0.033705,0.050435,-0.030198,-0.647034,-0.631507,0.427254,0.762461,-0.536269,0.362033,0.000497,0.560012,0.828483,0.021002,-0.007817,-0.025345,0.088535,0.022252,0.010501,0.264896,0.06288,0.037134,-0.059182,-0.841898,-0.02622,-0.538998,0.097345,-0.989811,-0.1039,-0.530783,-0.139943,0.835873,0.00262,0.005998,0.004558,0.250348,0.439772,0.313146,-0.810104
735,0.051504,0.024846,0.3658,-0.859472,0.099946,-0.501362,-0.050815,-0.992523,-0.110853,-0.507625,-0.069931,0.858751,0.002653,-0.00098,0.016017,0.586082,0.595082,0.502546,-1.91274,-0.117896,0.062559,0.304418,0.724373,0.563,0.397878,-0.689291,0.594513,0.413965,-0.004386,-0.574823,0.818183,0.030079,-0.020921,-0.03755,-0.630191,-0.652229,-1.367506,0.335381,0.034419,0.050073,-0.031046,-0.635408,-0.645554,0.423692,0.772046,-0.521062,0.36392,-0.014161,0.558348,0.829485,0.021178,-0.00897,-0.018453,-2.160344,-2.271904,-4.505149,0.270448,0.06291,0.037308,-0.058952,-0.85362,0.007355,-0.520842,0.070808,-0.98898,-0.130015,-0.516059,-0.147863,0.843693,0.001285,-0.000559,0.007948,0.671003,0.701004,0.568057,-0.811573
736,0.051606,0.025334,0.366027,-0.866858,0.137879,-0.479158,-0.08367,-0.987575,-0.132917,-0.490454,-0.075308,0.868222,-0.006282,0.025403,0.001868,-2.137151,0.030235,5.273998,-1.912874,-0.11644,0.061783,0.303242,0.711815,0.585855,0.387407,-0.701942,0.576977,0.417502,0.020182,-0.569856,0.821413,0.028603,-0.012174,-0.030476,-2.108507,-2.291498,-4.528774,0.333648,0.035158,0.049678,-0.031648,-0.620928,-0.666815,0.412075,0.782955,-0.502242,0.36706,-0.037799,0.550555,0.833942,0.014181,-0.005504,-0.014899,-2.109985,-2.289624,-4.526679,0.268162,0.062961,0.037537,-0.058843,-0.865804,0.038097,-0.498929,0.044166,-0.987387,-0.152038,-0.498428,-0.153671,0.853202,0.002143,0.004901,0.003691,0.19251,0.307998,0.20071,-0.817778
737,0.051693,0.025639,0.366118,-0.870282,0.153039,-0.468224,-0.096955,-0.985109,-0.141888,-0.481886,-0.078284,0.872746,0.004919,0.011209,0.008429,-2.126496,-0.028204,5.273187,-1.913163,-0.115733,0.0614,0.302819,0.706574,0.594462,0.383875,-0.706888,0.569952,0.418804,0.02929,-0.568018,0.822412,0.029779,-0.019488,-0.020102,0.016132,-0.121895,0.163342,0.333357,0.035501,0.049493,-0.031853,-0.613654,-0.675895,0.408158,0.788142,-0.493236,0.368168,-0.047524,0.547615,0.835378,0.021183,-0.008731,-0.010016,-0.007216,0.008682,0.008301,0.266366,0.063003,0.0377,-0.058796,-0.871408,0.056328,-0.487313,0.02671,-0.986463,-0.161787,-0.48983,-0.153999,0.858108,0.002642,0.005731,0.004368,-2.181046,-0.116175,5.218279,-0.816472
738,0.0521,0.026077,0.36628,-0.876872,0.178952,-0.446226,-0.118649,-0.979953,-0.159958,-0.464817,-0.087549,0.881083,0.016662,0.005355,0.004542,0.470377,0.754523,0.487235,-1.913327,-0.114399,0.060864,0.302235,0.697877,0.606192,0.381433,-0.714925,0.559102,0.419789,0.04034,-0.566416,0.823048,0.028149,-0.010637,-0.012597,-0.018568,-0.01257,-0.022494,0.336424,0.036158,0.049226,-0.032143,-0.604007,-0.68645,0.404921,0.794849,-0.481731,0.368985,-0.058226,0.54472,0.836593,0.013902,-0.004402,-0.00552,-0.189695,-0.22396,-0.376724,0.268815,0.063202,0.037921,-0.058713,-0.881202,0.082063,-0.46556,0.003412,-0.983687,-0.179851,-0.472725,-0.160074,0.866548,0.008305,0.002637,0.002234,0.191839,0.28806,0.228457,-0.814349
739,0.052672,0.026176,0.366509,-0.880297,0.219394,-0.420701,-0.156959,-0.97137,-0.178261,-0.446672,-0.091171,0.890056,0.016168,0.004296,0.003724,-2.010658,-0.390661,5.094332,-1.912769,-0.113419,0.060548,0.301903,0.694992,0.60988,0.380819,-0.717513,0.55541,0.420272,0.043936,-0.566093,0.823087,0.01449,-0.007114,-0.00791,-0.00076,0.003105,0.007172,0.335433,0.036663,0.049067,-0.032312,-0.600674,-0.689861,0.40408,0.797098,-0.477664,0.369418,-0.061833,0.543992,0.836808,0.013468,-0.002113,-0.003558,0.001424,-0.011713,0.036778,0.270448,0.063488,0.03797,-0.058599,-0.891499,0.116768,-0.437714,-0.029897,-0.979268,-0.200347,-0.452034,-0.165523,0.876508,0.007227,-0.0033,0.006108,0.335494,0.608732,0.391603,-0.809777
740,0.052952,0.026135,0.36665,-0.881044,0.241496,-0.4068,-0.175073,-0.965243,-0.193974,-0.438412,-0.099988,0.89321,0.013829,-0.008067,0.011137,0.26893,0.703347,0.710667,-1.912949,-0.112969,0.060449,0.301785,0.691594,0.613796,0.380713,-0.720571,0.551305,0.420445,0.047314,-0.565878,0.823047,0.026716,-0.003133,-0.00615,0.001278,-0.012102,0.036416,0.331624,0.036883,0.049019,-0.032369,-0.596855,-0.693376,0.403724,0.799699,-0.473224,0.369512,-0.065159,0.543403,0.836938,0.013287,-0.001182,-0.002755,0.00138,-0.011495,0.036754,0.268489,0.06363,0.037956,-0.05853,-0.89419,0.142874,-0.424276,-0.05337,-0.974969,-0.215838,-0.444494,-0.170357,0.879433,0.007924,0.001768,0.001567,0.128538,0.583369,1.983161,-0.8119
741,0.053294,0.026065,0.366945,-0.879057,0.286012,-0.381446,-0.214744,-0.951803,-0.218924,-0.424585,-0.110897,0.898585,0.013184,-0.009535,0.010035,-0.32635,0.280212,1.661232,-1.912874,-0.112056,0.060369,0.301761,0.685265,0.621525,0.379618,-0.726071,0.543454,0.421204,0.054628,-0.565044,0.823167,0.025226,0.004124,0.00018,0.00363,-0.03092,0.057496,0.320235,0.03735,0.048975,-0.032385,-0.589793,-0.700327,0.402102,0.804309,-0.464831,0.37016,-0.072324,0.541732,0.837433,0.012542,0.002411,0.000381,0.003518,-0.029513,0.057692,0.258038,0.063805,0.037918,-0.058378,-0.898588,0.187033,-0.396934,-0.093954,-0.965639,-0.242307,-0.428615,-0.180441,0.885284,0.006526,-0.004918,0.004901,-0.347113,0.263445,1.663889,-0.818105
742,0.053638,0.0257,0.36715,-0.875482,0.325429,-0.357315,-0.250459,-0.937752,-0.240549,-0.412268,-0.121516,0.902937,0.010764,-0.015147,0.005864,0.324143,0.73214,0.340832,-1.912591,-0.111134,0.060411,0.301992,0.681649,0.626526,0.377904,-0.729206,0.540335,0.419798,0.057968,-0.562509,0.824673,0.024141,0.009209,0.004616,0.117855,-0.103247,0.021073,0.308395,0.037811,0.048998,-0.032268,-0.58579,-0.704829,0.400082,0.806968,-0.461457,0.36859,-0.075172,0.53877,0.839092,0.012015,0.004861,0.002517,0.119438,-0.103632,0.019856,0.243342,0.063975,0.037746,-0.058275,-0.899693,0.226039,-0.37344,-0.130736,-0.955749,-0.263535,-0.416485,-0.188279,0.889432,0.005227,-0.007911,0.002674,0.21349,0.571536,0.841702,-0.819248
743,0.053933,0.025413,0.367137,-0.871382,0.35605,-0.337591,-0.280321,-0.925912,-0.253138,-0.401628,-0.126397,0.907053,0.012072,-0.00512,-0.00331,0.030029,0.275916,0.482117,-1.912689,-0.11019,0.060399,0.302477,0.678215,0.631543,0.375724,-0.732069,0.537084,0.418988,0.061967,-0.560011,0.826082,0.02548,0.000729,0.014148,0.100803,-0.104696,-0.008368,0.293147,0.038264,0.048994,-0.032035,-0.582012,-0.709253,0.39777,0.809345,-0.457791,0.367948,-0.078873,0.536084,0.840471,0.013788,-0.005597,0.010334,0.156421,-0.139487,-0.071876,0.227503,0.06412,0.037594,-0.058282,-0.900362,0.255378,-0.352321,-0.160232,-0.947354,-0.277209,-0.404566,-0.193136,0.893881,0.000467,0.004328,-0.005099,-1.523899,-0.925352,5.288792,-0.814512
744,0.054021,0.025439,0.367047,-0.869195,0.366137,-0.332399,-0.290494,-0.92196,-0.256078,-0.39914,-0.126484,0.908139,-0.000293,-0.000681,-0.000507,0.092953,0.149104,0.085938,-1.912891,-0.10975,0.060348,0.302781,0.677848,0.632745,0.374362,-0.732406,0.53778,0.417503,0.062002,-0.557981,0.827452,0.027459,-0.010603,0.021203,0.004036,-0.066933,0.005249,0.286136,0.038502,0.048971,-0.03187,-0.581389,-0.710668,0.396151,0.809843,-0.45857,0.365878,-0.078355,0.533538,0.842138,0.013687,-0.005134,0.010736,-0.032082,-0.053482,0.016586,0.217215,0.064167,0.037602,-0.05833,-0.899375,0.267124,-0.346076,-0.172377,-0.944161,-0.280794,-0.401758,-0.192884,0.895201,-0.000158,-0.000352,-0.000264,0.056706,0.09059,0.050856,-0.817452
745,0.054453,0.025504,0.366687,-0.862211,0.386571,-0.327414,-0.311314,-0.914133,-0.259647,-0.398603,-0.12243,0.90893,0.012898,0.003828,-0.013286,0.068113,0.018521,0.077993,-1.912676,-0.109023,0.060218,0.303459,0.67698,0.635228,0.371718,-0.733194,0.538961,0.414585,0.062169,-0.554004,0.830107,0.014757,-0.012246,0.021488,-0.009378,-0.046207,-0.017841,0.282471,0.03886,0.048914,-0.031536,-0.580387,-0.712995,0.393431,0.810606,-0.459612,0.362869,-0.077898,0.529522,0.844711,0.006265,3.5e-05,0.007622,0.00363,-0.046568,0.00635,0.206112,0.06438,0.037636,-0.058503,-0.894918,0.287971,-0.340871,-0.193777,-0.938901,-0.284452,-0.401958,-0.188508,0.896043,0.011822,-0.005701,-0.003753,0.020997,0.0026,0.088532,-0.821371
746,0.055115,0.025281,0.366175,-0.851064,0.417465,-0.318527,-0.341673,-0.900817,-0.26788,-0.39771,-0.119678,0.909688,0.01124,-6.1e-05,-0.016196,0.281626,0.271402,0.408418,-1.91235,-0.108485,0.059925,0.304292,0.6756,0.637905,0.369639,-0.734433,0.539338,0.411893,0.062544,-0.55055,0.832373,0.014154,-0.00952,0.023844,0.235877,-0.182521,-0.123292,0.278475,0.03913,0.048764,-0.031122,-0.579424,-0.71482,0.391535,0.81124,-0.459577,0.361493,-0.078462,0.527087,0.84618,0.007151,-0.005148,0.011576,0.431739,-0.245817,-0.220742,0.199743,0.064716,0.037527,-0.058763,-0.887467,0.319518,-0.332128,-0.225124,-0.929374,-0.292542,-0.402144,-0.184852,0.89672,0.005568,-0.000157,-0.008203,0.342879,0.367899,0.460047,-0.830188
747,0.055316,0.0252,0.365886,-0.846739,0.429562,-0.313932,-0.353383,-0.895102,-0.271816,-0.396714,-0.11976,0.910111,0.010689,-0.001368,-0.01718,0.132819,0.135649,0.105514,-1.911995,-0.108222,0.0597,0.304776,0.674887,0.639281,0.368563,-0.735052,0.539358,0.41076,0.06296,-0.548932,0.83341,0.014216,-0.009796,0.023599,0.066454,-0.083298,-0.057546,0.278165,0.039255,0.048658,-0.030887,-0.578206,-0.716534,0.390199,0.812147,-0.459703,0.35929,-0.078068,0.524643,0.847734,0.007123,-0.005029,0.011679,0.138747,-0.1167,-0.091969,0.197457,0.064809,0.037488,-0.058894,-0.885008,0.332215,-0.326178,-0.237556,-0.924753,-0.297317,-0.400408,-0.185642,0.897334,-0.001003,0.001152,-0.007475,0.158137,0.191043,0.095999,-0.83525
748,0.055535,0.025125,0.365329,-0.832987,0.463553,-0.302153,-0.386819,-0.878238,-0.281139,-0.394654,-0.11789,0.91125,-0.002107,0.00208,-0.01512,-0.16058,0.016332,1.770593,-1.912395,-0.107699,0.059355,0.305805,0.671729,0.644602,0.365048,-0.738028,0.540701,0.403598,0.061939,-0.541333,0.838442,0.015358,-0.017247,0.03403,0.191553,-0.170947,-0.136977,0.276181,0.039529,0.048473,-0.030359,-0.574753,-0.72137,0.386371,0.814788,-0.460604,0.352085,-0.07602,0.517172,0.852498,0.00762,-0.008438,0.017167,0.224724,-0.184324,-0.148651,0.195008,0.064925,0.037447,-0.059187,-0.875443,0.36638,-0.31522,-0.271686,-0.912444,-0.305993,-0.399731,-0.182238,0.898334,-0.00106,0.000984,-0.007608,-0.203097,-0.047919,1.750159,-0.846517
749,0.055608,0.025169,0.36483,-0.819401,0.489896,-0.297707,-0.413284,-0.864664,-0.285526,-0.396279,-0.111539,0.911344,-0.000799,0.005159,-0.012818,0.128995,0.139527,0.151292,-1.912733,-0.107086,0.059015,0.307015,0.668793,0.649849,0.361115,-0.740742,0.542,0.396826,0.061318,-0.533703,0.843365,0.027552,-0.013367,0.035609,-0.015438,-0.084497,0.001678,0.274249,0.039819,0.048317,-0.029778,-0.571067,-0.726574,0.382062,0.817583,-0.46159,0.344225,-0.073748,0.508943,0.857634,0.006394,-0.001836,0.014389,-0.016545,-0.067018,-0.004529,0.192232,0.064959,0.037464,-0.059441,-0.865331,0.394918,-0.308611,-0.300248,-0.901488,-0.31172,-0.401314,-0.177081,0.898659,-0.000383,0.002607,-0.006386,0.142466,0.160195,0.160944,-0.854682
750,0.055514,0.025259,0.364631,-0.810915,0.505144,-0.295452,-0.428741,-0.856397,-0.28764,-0.397319,-0.107215,0.911411,-0.000245,0.00646,-0.01184,0.058447,-0.074776,0.259973,-1.912355,-0.106797,0.058787,0.30763,0.667174,0.652501,0.359322,-0.742227,0.542415,0.393471,0.061005,-0.530031,0.8457,0.015082,-0.016038,0.035021,0.020884,-0.088007,-0.047265,0.273969,0.039978,0.048194,-0.029442,-0.569349,-0.728942,0.38011,0.818832,-0.461678,0.341124,-0.073171,0.505465,0.859738,0.007511,-0.007968,0.017547,-0.025773,-0.070261,-0.032992,0.190599,0.064917,0.037502,-0.059533,-0.859004,0.41092,-0.305377,-0.316426,-0.895038,-0.314293,-0.402474,-0.17335,0.898867,-9.7e-05,0.003284,-0.005875,-0.084304,-0.117275,0.49647,-0.859581
751,0.055178,0.025488,0.364402,-0.796284,0.530449,-0.290861,-0.454295,-0.841758,-0.2916,-0.398527,-0.100726,0.911623,-0.013574,0.001662,0.000729,0.064217,0.144036,0.202653,-1.912666,-0.106227,0.058251,0.308945,0.664991,0.656514,0.356046,-0.744127,0.542661,0.389523,0.061684,-0.524797,0.848909,0.015358,-0.017243,0.033976,-0.072678,-0.026202,-0.022799,0.273855,0.040252,0.047938,-0.028805,-0.566845,-0.732669,0.376671,0.820584,-0.461632,0.336953,-0.072992,0.50009,0.86289,0.007517,-0.008003,0.017506,-0.111216,-0.029125,0.010298,0.189619,0.064749,0.037621,-0.059656,-0.847405,0.437625,-0.300647,-0.343409,-0.883615,-0.318266,-0.404938,-0.166456,0.899064,-0.00606,0.006048,-0.004051,0.042451,0.095312,0.578808,-0.86252
752,0.054855,0.025857,0.364253,-0.780455,0.554581,-0.28875,-0.479028,-0.827095,-0.293969,-0.400887,-0.091807,0.911531,-0.012304,0.004625,0.002959,0.065014,0.119711,0.029045,-1.912469,-0.105739,0.057762,0.310108,0.662381,0.660552,0.353432,-0.746447,0.54266,0.385058,0.06173,-0.519703,0.852033,0.000996,-0.009225,0.02568,0.190524,-0.146324,-0.125242,0.277011,0.040506,0.047686,-0.0282,-0.56438,-0.735924,0.374019,0.82229,-0.461159,0.333421,-0.07289,0.495729,0.865412,0.000506,-0.004732,0.01273,0.257882,-0.172374,-0.145593,0.190926,0.064586,0.037804,-0.059732,-0.834616,0.463642,-0.297407,-0.369854,-0.871809,-0.32118,-0.408195,-0.158064,0.899106,0.001076,0.006025,-0.003802,0.117229,0.111078,0.085762,-0.856968
753,0.054879,0.026149,0.364034,-0.760101,0.585468,-0.281989,-0.509771,-0.806264,-0.300073,-0.4021,-0.085071,0.91165,0.001559,0.010667,-0.008662,-0.041118,-0.065616,0.526478,-1.912202,-0.105506,0.057363,0.311039,0.66138,0.662084,0.352439,-0.747224,0.541746,0.384839,0.063037,-0.518708,0.852544,0.001722,-0.012376,0.023016,-0.039797,-0.017912,-0.031816,0.275313,0.040622,0.047493,-0.027741,-0.562943,-0.73766,0.372761,0.823208,-0.460258,0.332398,-0.073631,0.493982,0.866348,0.000836,-0.006148,0.011537,-0.065456,-0.024872,-0.00126,0.192885,0.064596,0.037953,-0.059834,-0.818622,0.496257,-0.289111,-0.402337,-0.854741,-0.327933,-0.409855,-0.152133,0.899373,1.2e-05,2.5e-05,1.5e-05,-0.415172,-0.409987,1.576085,-0.854029
754,0.054889,0.02632,0.363923,-0.746722,0.605754,-0.274799,-0.529609,-0.791327,-0.30543,-0.401547,-0.083296,0.912057,0.000606,0.001414,0.001065,-1.205638,-1.19746,5.396647,-1.912744,-0.105451,0.057167,0.311434,0.660232,0.663515,0.351898,-0.748245,0.541442,0.38328,0.062955,-0.517194,0.85347,0.002091,-0.013972,0.021677,0.182854,-0.126772,-0.144666,0.271801,0.040649,0.047397,-0.027542,-0.5622,-0.738399,0.372421,0.823688,-0.45969,0.331997,-0.073948,0.493407,0.866648,0.006207,0.000156,0.007632,0.3879,-0.218439,-0.155144,0.191089,0.064604,0.038034,-0.059892,-0.810392,0.512647,-0.283649,-0.418576,-0.845346,-0.331937,-0.409949,-0.150271,0.899644,0.000806,0.00539,-0.004279,-0.083817,-0.139581,0.488814,-0.854519
755,0.054809,0.026767,0.363641,-0.725986,0.634529,-0.265257,-0.557706,-0.768797,-0.312869,-0.401556,-0.079998,0.912349,-0.01107,0.014481,-0.006307,-0.18088,-0.164909,1.699802,-1.912158,-0.10529,0.056881,0.312129,0.6583,0.666238,0.350372,-0.749972,0.541376,0.379985,0.062655,-0.51375,0.855569,0.000118,-0.002975,0.014183,0.010197,-0.03188,-0.019092,0.264505,0.040731,0.047247,-0.027194,-0.559515,-0.741436,0.370426,0.825646,-0.459532,0.327319,-0.072464,0.488981,0.869278,0.006317,-0.000312,0.007236,-0.02512,-0.033254,0.019774,0.183251,0.064562,0.038267,-0.060033,-0.790849,0.548387,-0.271713,-0.453943,-0.823383,-0.34055,-0.410478,-0.145981,0.900109,-0.005529,0.007234,-0.003162,-0.126792,-0.073964,1.765881,-0.853539
756,0.054928,0.026959,0.363339,-0.70306,0.663561,-0.25581,-0.585984,-0.744288,-0.32036,-0.402106,-0.076163,0.912435,0.011613,-0.006189,-0.004138,0.140119,0.210876,0.205563,-1.912384,-0.105072,0.056771,0.312671,0.655765,0.670038,0.347868,-0.75233,0.542399,0.373815,0.060968,-0.507689,0.859301,0.000325,-0.003873,0.013422,0.102815,-0.077182,-0.06567,0.257551,0.04084,0.04719,-0.026919,-0.556827,-0.74478,0.367757,0.82767,-0.460169,0.321256,-0.070035,0.483266,0.872667,0.000168,-0.002002,0.006654,0.089353,-0.072087,-0.061913,0.17525,0.064618,0.038367,-0.06018,-0.771615,0.580283,-0.260539,-0.485269,-0.801829,-0.348687,-0.411245,-0.142621,0.900297,9.2e-05,0.003713,-0.005536,0.188021,0.236951,0.321936,-0.843578
757,0.054995,0.026958,0.363179,-0.695789,0.673947,-0.248431,-0.595381,-0.734563,-0.32544,-0.400957,-0.079371,0.912667,-0.001756,-0.004101,-0.003094,0.251598,0.415589,0.2056,-1.912534,-0.104991,0.05671,0.312923,0.655887,0.670064,0.347589,-0.752171,0.542203,0.374418,0.061602,-0.507865,0.859152,0.000481,-0.004549,0.012856,-0.031816,-0.011327,0.00214,0.251973,0.04088,0.047161,-0.026797,-0.556889,-0.74486,0.367502,0.827568,-0.459909,0.321891,-0.070746,0.48339,0.872541,0.000287,-0.002521,0.00622,-0.051428,-0.003246,0.008818,0.170024,0.064657,0.038367,-0.06026,-0.765669,0.591135,-0.253593,-0.49557,-0.793458,-0.353317,-0.410074,-0.144851,0.900475,0.006379,0.001742,-0.006762,0.403611,0.550981,0.387873,-0.839659
758,0.055294,0.026978,0.362856,-0.691267,0.68449,-0.231664,-0.607378,-0.72398,-0.326979,-0.39068,-0.08618,0.916498,-0.000715,-0.001673,-0.001264,0.158451,0.357211,-0.027289,-1.912697,-0.104873,0.056585,0.313329,0.655688,0.670199,0.347704,-0.752275,0.541455,0.37529,0.062434,-0.508485,0.858725,0.001013,-0.006835,0.010955,-0.033813,-0.010354,0.003144,0.249983,0.040939,0.047098,-0.026589,-0.556751,-0.744894,0.367641,0.827571,-0.459141,0.322978,-0.071785,0.484068,0.87208,0.000533,-0.003565,0.005354,-0.033866,-0.009924,0.004022,0.16186,0.064803,0.03837,-0.060427,-0.762893,0.602082,-0.235563,-0.508934,-0.78396,-0.355517,-0.398723,-0.151335,0.904498,0.006721,0.002538,-0.006167,0.236458,0.277541,0.21982,-0.838843
759,0.055636,0.027062,0.362669,-0.687576,0.694511,-0.211989,-0.618755,-0.713094,-0.329562,-0.379203,-0.096299,0.920304,0.001677,0.010961,-0.00842,0.148483,0.262086,-0.053988,-1.91273,-0.10483,0.056484,0.313541,0.6541,0.671648,0.347897,-0.753726,0.540942,0.373112,0.061592,-0.507116,0.859594,-0.00043,0.001848,0.00153,0.13202,-0.064904,-0.066413,0.250229,0.040964,0.047053,-0.026485,-0.55525,-0.745953,0.367764,0.828662,-0.458553,0.321008,-0.070818,0.482992,0.872755,-0.000263,0.00111,0.000918,0.231831,-0.125918,-0.083464,0.160553,0.064973,0.038407,-0.060518,-0.760938,0.61217,-0.214989,-0.521527,-0.77421,-0.358617,-0.385982,-0.160763,0.908389,0.006439,-0.001625,-0.000964,0.104883,0.142474,0.118706,-0.83672
760,0.056067,0.027176,0.362458,-0.686588,0.700023,-0.196496,-0.622392,-0.705505,-0.338915,-0.375029,-0.111275,0.920325,0.014878,0.008525,-0.009734,0.172099,0.281037,-0.005206,-1.912603,-0.104832,0.056273,0.313695,0.652731,0.673076,0.347709,-0.754965,0.540633,0.371049,0.060946,-0.50555,0.860563,-0.012508,-0.002462,-0.000382,0.110165,-0.040079,-0.085698,0.24789,0.040959,0.046942,-0.026406,-0.553564,-0.747381,0.367405,0.829879,-0.458081,0.31853,-0.069762,0.481229,0.873813,-0.006233,-0.00134,-0.000282,0.109544,-0.040129,-0.08604,0.158757,0.065183,0.038464,-0.060623,-0.760962,0.617267,-0.199794,-0.52571,-0.767099,-0.367676,-0.380217,-0.174754,0.908237,0.006726,-0.000941,-0.000453,0.154345,0.311274,0.017775,-0.831005
761,0.056276,0.02724,0.362339,-0.687604,0.69976,-0.193862,-0.621774,-0.70525,-0.340576,-0.374193,-0.11452,0.920267,4.5e-05,0.000106,8e-05,0.031738,0.049376,0.027992,-1.912668,-0.104814,0.056122,0.313771,0.651623,0.674409,0.347205,-0.755982,0.540713,0.368855,0.060207,-0.503683,0.861708,0.002184,-0.011879,0.006786,0.060415,-0.040641,-0.068334,0.243114,0.040968,0.04687,-0.026372,-0.552317,-0.748612,0.366776,0.8308,-0.458061,0.316148,-0.068666,0.479331,0.874943,1.6e-05,-9.1e-05,-7.7e-05,0.100615,-0.051288,-0.054065,0.155655,0.065295,0.038503,-0.060684,-0.76209,0.616783,-0.196965,-0.525032,-0.766708,-0.369459,-0.378891,-0.178148,0.908132,0.007145,0.003564,-0.005398,0.036129,0.068742,-0.125732,-0.835414
762,0.056713,0.027253,0.36209,-0.68725,0.701417,-0.189067,-0.622557,-0.702725,-0.344342,-0.37354,-0.119822,0.919857,-0.000665,-0.001574,-0.001189,0.128287,0.199799,0.113438,-1.912673,-0.104672,0.055716,0.314024,0.648588,0.678305,0.345292,-0.758753,0.541215,0.362372,0.058112,-0.497875,0.86522,0.014665,-0.009242,0.00732,0.006008,-0.028062,-0.01068,0.234893,0.041034,0.046669,-0.026249,-0.548806,-0.752281,0.364533,0.833377,-0.458173,0.309127,-0.065532,0.473444,0.878382,0.001082,-0.005911,0.00342,-0.038898,0.00248,-0.030968,0.145857,0.065514,0.038511,-0.060807,-0.761999,0.618119,-0.193093,-0.525837,-0.764633,-0.3726,-0.377957,-0.182386,0.90768,-0.000363,-0.000869,-0.000664,0.161743,0.251886,0.14123,-0.843088
763,0.057068,0.02717,0.361892,-0.685575,0.704274,-0.184473,-0.624535,-0.699075,-0.348169,-0.37332,-0.124368,0.919343,0.000841,0.009031,-0.00987,0.21181,0.258135,0.173019,-1.912741,-0.104398,0.055223,0.314366,0.646779,0.680892,0.343592,-0.760345,0.541363,0.358798,0.057487,-0.494167,0.867385,0.004288,-0.023377,0.013925,-0.069255,0.012314,-0.041147,0.222095,0.041177,0.046414,-0.026073,-0.546859,-0.754546,0.362774,0.834723,-0.457918,0.305853,-0.06466,0.470075,0.880254,0.002141,-0.011702,0.006947,-0.094723,0.022825,-0.032978,0.132304,0.06569,0.038464,-0.060904,-0.760763,0.620873,-0.189091,-0.528013,-0.761482,-0.37596,-0.377413,-0.186174,0.907137,0.005906,-0.002872,-0.001921,0.293835,0.443823,0.28726,-0.845538
764,0.057235,0.027102,0.36181,-0.684168,0.705514,-0.184956,-0.623142,-0.697144,-0.354481,-0.378187,-0.128154,0.916831,0.012201,-0.00481,-0.003119,0.112371,0.158808,0.12834,-1.912197,-0.104217,0.054923,0.314587,0.645862,0.682197,0.342726,-0.761135,0.541318,0.357187,0.057342,-0.492412,0.868392,0.016467,-0.01936,0.0156,0.012831,-0.058601,-0.027795,0.214025,0.041268,0.046261,-0.025964,-0.545911,-0.755682,0.361834,0.835377,-0.457821,0.304211,-0.064232,0.468341,0.881209,0.008228,-0.00969,0.007786,-0.005453,-0.051334,-0.022527,0.122997,0.065769,0.038434,-0.060949,-0.759561,0.62245,-0.188737,-0.526797,-0.75891,-0.382804,-0.381511,-0.191338,0.904343,-0.000282,-0.000674,-0.000516,0.147966,0.247311,0.13772,-0.842435
765,0.057563,0.027064,0.361744,-0.678666,0.711345,-0.182884,-0.626098,-0.690419,-0.362348,-0.383182,-0.132301,0.914164,0.000204,0.000487,0.000368,0.031359,0.049224,0.027985,-1.912816,-0.103696,0.054334,0.315144,0.644061,0.684778,0.340963,-0.762666,0.541116,0.354214,0.057254,-0.489038,0.870303,0.015881,-0.01676,0.017771,0.014025,-0.059334,-0.028293,0.198406,0.041519,0.045973,-0.025698,-0.543947,-0.757995,0.359949,0.836707,-0.457444,0.301107,-0.063581,0.464958,0.883046,0.00794,-0.008415,0.00885,0.031644,-0.069549,-0.040323,0.102912,0.065937,0.038413,-0.060983,-0.754901,0.629001,-0.185689,-0.530513,-0.752123,-0.390979,-0.385588,-0.19664,0.901473,0.006492,-0.001476,-0.000864,0.011135,0.003727,0.039462,-0.841619
766,0.057851,0.026941,0.361712,-0.678349,0.714765,-0.170288,-0.628246,-0.684335,-0.370088,-0.380222,-0.144961,0.913479,0.012695,-0.003632,-0.002234,0.243042,0.366007,0.245945,-1.912864,-0.103028,0.053873,0.315835,0.641585,0.688472,0.33818,-0.764823,0.541511,0.348922,0.056294,-0.483377,0.873522,0.027579,-0.010584,0.021217,0.043158,-0.088076,-0.012353,0.191174,0.041854,0.045736,-0.025352,-0.541156,-0.761423,0.356908,0.838654,-0.457534,0.295498,-0.061701,0.459234,0.886169,0.007498,-0.006515,0.010424,0.023528,-0.067911,-0.041226,0.088052,0.066077,0.038354,-0.060997,-0.755204,0.631842,-0.174474,-0.532938,-0.746829,-0.397773,-0.381632,-0.207416,0.900741,2e-06,4e-06,-7e-06,0.368177,0.578708,0.328693,-0.837536
767,0.058047,0.026869,0.361678,-0.678257,0.71662,-0.162692,-0.629434,-0.68073,-0.374689,-0.378421,-0.15263,0.912978,-2e-06,-4e-06,-3e-06,0.131734,0.207364,0.117851,-1.912008,-0.102439,0.053431,0.316687,0.639288,0.692144,0.335019,-0.766789,0.541932,0.343917,0.055685,-0.477623,0.876721,0.016718,-0.022691,0.029552,0.081881,-0.104391,-0.099239,0.190493,0.042152,0.045522,-0.024927,-0.53889,-0.764521,0.3537,0.840191,-0.457597,0.291002,-0.060625,0.453994,0.888939,0.007192,-0.005219,0.011493,0.190795,-0.143652,-0.107221,0.082664,0.06618,0.038316,-0.061015,-0.755544,0.633679,-0.166144,-0.534572,-0.742977,-0.402761,-0.378662,-0.215488,0.900099,0.006354,-0.001801,-0.001111,0.185816,0.276096,0.194595,-0.847497
768,0.058158,0.02687,0.361645,-0.67805,0.717375,-0.160207,-0.62993,-0.679367,-0.376326,-0.377969,-0.155147,0.912741,0.000109,0.000262,0.000198,0.24505,0.386031,0.21944,-1.912132,-0.102164,0.053201,0.317165,0.637675,0.694588,0.333031,-0.768185,0.542267,0.340253,0.054948,-0.473675,0.878906,0.014218,-0.009633,0.023664,0.078446,-0.091484,-0.059556,0.190828,0.04229,0.045402,-0.024686,-0.536929,-0.76694,0.351437,0.841558,-0.45777,0.286749,-0.059042,0.449719,0.891216,0.007022,-0.004518,0.012068,0.08421,-0.112615,-0.043515,0.081684,0.066235,0.038317,-0.061031,-0.755378,0.6341,-0.165286,-0.534913,-0.742376,-0.403416,-0.378511,-0.216319,0.899963,0.006425,-0.001632,-0.000985,0.275065,0.416947,0.27503,-0.848477
769,0.058295,0.026918,0.361623,-0.67286,0.722204,-0.160393,-0.634613,-0.674825,-0.376629,-0.379409,-0.152535,0.912583,0.000159,0.000381,0.000288,4.4e-05,7e-05,4.1e-05,-1.912033,-0.101712,0.052831,0.318142,0.635565,0.698201,0.329491,-0.769963,0.542788,0.335369,0.054518,-0.467723,0.882114,0.01387,-0.00819,0.024832,-0.018416,-0.043609,-0.011853,0.191478,0.042511,0.045221,-0.024206,-0.534458,-0.770375,0.34767,0.843229,-0.45798,0.281455,-0.0576,0.443592,0.894375,0.000651,-0.005374,0.012193,-0.061082,-0.013613,-0.033707,0.081521,0.066304,0.038342,-0.061042,-0.750924,0.639885,-0.163278,-0.54044,-0.737543,-0.404913,-0.379522,-0.215817,0.899658,0.000107,0.000256,0.000194,-0.002457,-0.004389,-0.002692,-0.850273
770,0.058326,0.026865,0.361585,-0.671912,0.723609,-0.158016,-0.63571,-0.672837,-0.378332,-0.379253,-0.15466,0.912291,-0.000368,-0.000883,-0.000667,0.001334,0.002114,0.001202,-1.911953,-0.101479,0.052528,0.319087,0.633905,0.700748,0.327274,-0.771315,0.542555,0.332628,0.054734,-0.464168,0.883977,0.001141,-0.009959,0.02502,-0.056075,-0.010861,-0.023718,0.191239,0.042637,0.045069,-0.023723,-0.532715,-0.772634,0.345326,0.844337,-0.457487,0.278927,-0.057527,0.440161,0.896074,0.006705,-0.003217,0.013115,-0.089494,-0.027563,0.039383,0.080541,0.06632,0.038315,-0.061061,-0.750217,0.641351,-0.160754,-0.541737,-0.735624,-0.406666,-0.37907,-0.218001,0.899321,-0.000198,-0.000478,-0.000361,-0.007311,-0.011613,-0.00674,-0.850273
771,0.058298,0.02685,0.361573,-0.671666,0.723828,-0.158061,-0.635902,-0.672629,-0.378379,-0.379369,-0.154539,0.912263,-0.000254,-0.000609,-0.00046,1.9e-05,3.1e-05,1.8e-05,-1.912318,-0.101413,0.052405,0.31955,0.632924,0.70206,0.32636,-0.772122,0.542317,0.33114,0.0547,-0.46246,0.884874,-0.001024,0.001629,0.017864,0.150029,-0.101539,-0.086024,0.190989,0.042671,0.045004,-0.023488,-0.531988,-0.773472,0.344569,0.844784,-0.4571,0.278205,-0.057682,0.439089,0.896589,0.000471,-0.004635,0.012779,0.210342,-0.15325,-0.115631,0.080378,0.066306,0.038307,-0.061067,-0.749991,0.641575,-0.160911,-0.541929,-0.735495,-0.406643,-0.379242,-0.217776,0.899304,-0.00015,-0.000364,-0.000275,-0.001339,-0.002141,-0.001365,-0.847987
772,0.05816,0.026852,0.36157,-0.670989,0.724426,-0.158197,-0.636426,-0.672063,-0.378505,-0.379688,-0.154199,0.912188,-0.012747,0.00351,0.002144,-0.000984,0.014715,-0.029553,-1.91206,-0.101331,0.052223,0.320434,0.6309,0.706344,0.320992,-0.773715,0.542866,0.326492,0.055573,-0.455229,0.888561,0.001205,-0.010219,0.024769,0.260354,-0.167909,-0.176558,0.190272,0.04271,0.044919,-0.023048,-0.530049,-0.777194,0.33914,0.845997,-0.457441,0.273924,-0.057756,0.432106,0.899971,-0.000587,0.00106,0.009106,0.48602,-0.272469,-0.197259,0.079888,0.066241,0.038305,-0.061071,-0.749373,0.642264,-0.161043,-0.542524,-0.734991,-0.406761,-0.379614,-0.217447,0.899227,-8e-06,-1.9e-05,-1.2e-05,1.1e-05,4e-06,-0.000104,-0.847824
773,0.058064,0.026902,0.361603,-0.669814,0.725465,-0.158415,-0.637336,-0.671073,-0.378729,-0.380236,-0.153623,0.912057,4.2e-05,0.0001,7.6e-05,0.0,0.0,0.0,-1.911858,-0.101302,0.052023,0.321272,0.628909,0.710576,0.315509,-0.775272,0.543452,0.321786,0.056406,-0.447875,0.892238,-0.000759,0.000537,0.016906,0.281072,-0.166874,-0.148354,0.187882,0.042725,0.044816,-0.022624,-0.527871,-0.78114,0.333422,0.847368,-0.457753,0.269124,-0.057599,0.424595,0.903548,0.00065,-0.005365,0.012165,0.425887,-0.249498,-0.206952,0.078255,0.066189,0.038333,-0.061052,-0.748345,0.643419,-0.161212,-0.543522,-0.734129,-0.406986,-0.380213,-0.216945,0.899095,2.1e-05,5e-05,3.9e-05,1.7e-05,3.1e-05,-5.2e-05,-0.848314
774,0.058054,0.026883,0.361577,-0.668132,0.727501,-0.156166,-0.638981,-0.668458,-0.380578,-0.380436,-0.1554,0.911673,-0.000261,-0.000624,-0.000472,0.173188,0.277847,0.158048,-1.911938,-0.101359,0.051922,0.322012,0.631346,0.715431,0.299254,-0.772425,0.546499,0.323471,0.067091,-0.436275,0.897233,-0.000756,0.000533,0.016868,-0.660493,-2.584597,1.252192,0.182763,0.042697,0.044764,-0.022255,-0.529174,-0.786022,0.319597,0.846097,-0.460407,0.268597,-0.063978,0.412545,0.908687,-0.000444,0.000488,0.008612,-0.027295,-0.020936,0.012667,0.07303,0.066184,0.038324,-0.061065,-0.746893,0.645365,-0.160166,-0.545211,-0.732262,-0.408088,-0.38065,-0.217474,0.898782,-0.000163,-0.000394,-0.0003,0.298733,0.376764,0.442668,-0.847824
775,0.058071,0.026888,0.361544,-0.667755,0.727828,-0.156251,-0.639235,-0.668135,-0.380718,-0.380669,-0.155257,0.911599,-0.000174,-0.000416,-0.000315,0.002529,0.004062,0.002311,-1.91178,-0.10141,0.051963,0.322345,0.632582,0.715825,0.295679,-0.771138,0.547309,0.325166,0.070145,-0.434606,0.897809,-0.000985,0.00149,0.017611,-0.030725,-0.027772,0.026139,0.181864,0.042672,0.044782,-0.022091,-0.531527,-0.786922,0.313419,0.844224,-0.462007,0.271725,-0.069025,0.409025,0.909908,-0.001493,0.00615,0.004905,-0.004256,-0.004595,0.023474,0.069764,0.066192,0.038326,-0.061082,-0.746649,0.645996,-0.158754,-0.545744,-0.73131,-0.409082,-0.380364,-0.218802,0.898581,-0.000101,-0.000245,-0.000184,-0.00863,-0.013879,-0.007866,-0.846517
776,0.058145,0.026904,0.361459,-0.66375,0.73283,-0.149802,-0.644965,-0.6621,-0.381596,-0.37801,-0.157585,0.912307,0.001107,0.009697,-0.009366,0.063109,0.026499,0.041468,-1.911436,-0.101659,0.052168,0.322838,0.631863,0.716998,0.294372,-0.771758,0.547562,0.323263,0.069804,-0.432346,0.898926,-0.015159,0.008584,0.0084,0.353336,-0.17628,-0.174157,0.182168,0.042552,0.044886,-0.021838,-0.531541,-0.787218,0.312652,0.844192,-0.46215,0.271581,-0.069301,0.408295,0.910215,-0.000311,-4.7e-05,0.008156,0.603658,-0.304992,-0.248834,0.068131,0.06623,0.038335,-0.061124,-0.743424,0.651341,-0.151898,-0.552187,-0.725889,-0.410089,-0.37737,-0.220994,0.899306,0.000538,0.004807,-0.004712,0.043901,-0.009613,0.021562,-0.844395
777,0.058204,0.026908,0.361301,-0.66441,0.733024,-0.145879,-0.646071,-0.661352,-0.381021,-0.374955,-0.159824,0.913177,0.011622,-0.006209,-0.004188,0.002113,-0.012902,0.030586,-1.910939,-0.101984,0.052487,0.323194,0.632114,0.717693,0.29213,-0.77135,0.547545,0.324264,0.071979,-0.431211,0.899299,-0.015073,0.008341,0.008168,0.003296,-0.018659,0.017082,0.181058,0.042391,0.045039,-0.021665,-0.531087,-0.788606,0.309913,0.844391,-0.462209,0.270861,-0.070358,0.405538,0.911365,-0.00116,0.004825,0.003818,-0.000627,-0.014635,0.024608,0.067641,0.066255,0.03834,-0.0612,-0.74419,0.651309,-0.148242,-0.553322,-0.725412,-0.409402,-0.374184,-0.222649,0.900229,-0.000648,-0.00156,-0.001181,-0.008067,0.00104,-0.032457,-0.845048
778,0.058202,0.026915,0.361219,-0.664414,0.733009,-0.145934,-0.645983,-0.661348,-0.381176,-0.375098,-0.159906,0.913104,0.000589,0.008458,-0.010303,0.033498,-0.02108,0.014346,-1.910893,-0.102087,0.052621,0.323358,0.631949,0.71777,0.292299,-0.771483,0.547332,0.324307,0.072005,-0.431354,0.899229,-0.002197,0.009198,0.007256,0.002638,-0.016914,0.02318,0.179452,0.042334,0.045109,-0.02158,-0.530919,-0.788651,0.310085,0.844491,-0.461986,0.270928,-0.070413,0.405705,0.911287,-0.006232,-0.002577,0.006923,-0.036094,0.005275,-0.025321,0.066498,0.066258,0.03834,-0.061244,-0.744168,0.651289,-0.148439,-0.553222,-0.725443,-0.409482,-0.374376,-0.222604,0.90016,0.000278,0.004183,-0.005187,0.032253,-0.023153,0.013068,-0.84766
779,0.058168,0.026841,0.361088,-0.664163,0.733219,-0.146024,-0.646103,-0.661128,-0.381355,-0.375337,-0.159853,0.913015,-0.001441,-0.003452,-0.002618,-0.000265,0.014415,-0.024954,-1.911633,-0.10224,0.052787,0.323649,0.632013,0.720046,0.286504,-0.771099,0.548082,0.323956,0.075447,-0.426576,0.901224,-0.001671,0.00701,0.005514,0.004676,-0.024687,0.024076,0.171638,0.042256,0.045197,-0.021431,-0.531044,-0.790889,0.304114,0.844183,-0.462843,0.270427,-0.073121,0.400336,0.913445,-0.005898,-0.003948,0.005833,-0.055672,-0.003193,-0.016447,0.059966,0.066241,0.038304,-0.061308,-0.743943,0.651523,-0.148541,-0.553356,-0.725247,-0.409648,-0.374624,-0.222559,0.900068,-0.000715,-0.001716,-0.0013,-0.000261,0.014408,-0.025043,-0.849457
