frame,MLTx,MLTy,MLTz,MLTR1,MLTR2,MLTR3,MLTR4,MLTR5,MLTR6,MLTR7,MLTR8,MLTR9,MLTTVx,MLTTVy,MLTTVz,MLTRVx,MLTRVy,MLTRVz,MLGA,MRTx,MRTy,MRTz,MRTR1,MRTR2,MRTR3,MRTR4,MRTR5,MRTR6,MRTR7,MRTR8,MRTR9,MRTTVx,MRTTVy,MRTTVz,MRTRVx,MRTRVy,MRTRVz,MRGA,SLTx,SLTy,SLTz,SLTR1,SLTR2,SLTR3,SLTR4,SLTR5,SLTR6,SLTR7,SLTR8,SLTR9,SLTTVx,SLTTVy,SLTTVz,SLTRVx,SLTRVy,SLTRVz,SLGA,SRTx,SRTy,SRTz,SRTR1,SRTR2,SRTR3,SRTR4,SRTR5,SRTR6,SRTR7,SRTR8,SRTR9,SRTTVx,SRTTVy,SRTTVz,SRTRVx,SRTRVy,SRTRVz,SRGA
551,0.075476,0.014778,0.396562,-0.298332,0.609934,-0.734182,-0.954029,-0.167224,0.248669,0.029263,0.77386,0.632702,-0.000684,-0.001962,-0.001218,2e-06,-3e-06,4e-06,0.008247,-0.074641,-0.017107,0.366644,-0.300899,0.92203,0.243543,-0.709407,-0.045625,-0.703273,-0.636913,-0.385539,0.667506,-0.01765,0.0134,-0.004351,0.08912,-0.39796,-1.039079,-1.407825,0.041901,0.035716,-0.026114,0.234935,-0.937396,0.257088,0.720069,-0.009821,-0.693832,0.65292,0.348126,0.672682,-0.009697,0.011431,-0.007094,0.166858,-0.615835,-1.081417,-0.747179,0.083935,0.038395,-0.064378,-0.358104,0.586527,-0.726462,-0.933398,-0.244069,0.263055,-0.023018,0.772279,0.634865,-0.006616,0.000571,0.000375,-0.003691,0.017791,-0.033123,-0.193845
552,0.075246,0.014752,0.3967,-0.296816,0.609258,-0.735356,-0.954539,-0.166974,0.246873,0.027986,0.774446,0.632042,-0.000736,-0.009273,0.009958,-0.034514,0.018206,-0.015783,0.014378,-0.075779,-0.016427,0.366601,-0.317617,0.926372,0.20235,-0.68507,-0.076527,-0.724401,-0.655145,-0.369865,0.658671,-0.034174,0.019923,0.003276,0.065318,-0.379273,-1.035063,-1.407694,0.041329,0.036049,-0.026148,0.251928,-0.943543,0.215075,0.697851,0.02315,-0.715868,0.670474,0.330437,0.664285,-0.017193,0.010333,0.001971,0.079878,-0.653199,-0.971213,-0.750118,0.08382,0.038386,-0.064312,-0.356566,0.585987,-0.727652,-0.933952,-0.243856,0.261278,-0.024337,0.772756,0.634236,-0.006072,0.002146,0.001353,-0.001576,0.015234,-0.029922,-0.189599
553,0.075125,0.014629,0.396907,-0.296236,0.609301,-0.735555,-0.954704,-0.166152,0.246791,0.028518,0.77459,0.631842,-0.013425,-0.006535,0.011691,-0.035499,0.032917,-0.045337,0.019841,-0.077431,-0.015337,0.366441,-0.32846,0.930033,0.164752,-0.669538,-0.106115,-0.735113,-0.665748,-0.352928,0.657331,-0.038014,0.040906,-0.014784,0.130821,-0.483653,-0.599051,-1.407796,0.040502,0.036597,-0.026213,0.26309,-0.948349,0.177247,0.684496,0.054014,-0.727012,0.679888,0.312594,0.663352,-0.018121,0.015626,-0.00253,0.093123,-0.55176,-0.890724,-0.747832,0.083766,0.038328,-0.064207,-0.355972,0.586079,-0.727869,-0.934192,-0.243028,0.261191,-0.023814,0.772947,0.634022,6.6e-05,0.000197,0.000125,-0.000163,8.3e-05,0.000128,-0.181272
554,0.075039,0.01452,0.397052,-0.293308,0.608358,-0.737507,-0.955648,-0.164942,0.243933,0.02711,0.775589,0.630677,7e-06,2.1e-05,1.3e-05,0.007649,-0.083309,0.18044,0.021136,-0.0783,-0.013664,0.366174,-0.32914,0.935143,0.131024,-0.658307,-0.127645,-0.741804,-0.676518,-0.331582,0.65745,-0.011909,0.052824,-0.008846,0.139123,-0.640039,-0.350532,-1.407818,0.040058,0.037425,-0.026351,0.264077,-0.953656,0.144233,0.674927,0.075887,-0.733971,0.68901,0.291171,0.663689,-0.011881,0.019781,-9.5e-05,0.096573,-0.535868,-0.552078,-0.747179,0.083718,0.038272,-0.064129,-0.353144,0.585402,-0.729789,-0.935227,-0.241953,0.258471,-0.025265,0.773797,0.632929,-0.000495,-0.004987,0.004764,-0.036159,0.020136,-0.018258,-0.177353
555,0.074994,0.014478,0.397096,-0.293221,0.608381,-0.737523,-0.955671,-0.164772,0.243959,0.027254,0.775607,0.630649,-0.000262,-0.000748,-0.000464,0.0,-0.0,0.0,0.022512,-0.078719,-0.012731,0.366068,-0.330374,0.935973,0.121651,-0.652431,-0.133208,-0.746006,-0.681584,-0.327003,0.654504,-0.025874,0.050635,-0.008778,0.113504,-0.225127,-0.194451,-1.407456,0.039853,0.037894,-0.026402,0.26465,-0.955066,0.133446,0.669235,0.082262,-0.738482,0.694322,0.284747,0.660935,-0.012001,0.020308,0.000308,0.062976,-0.133067,-0.40459,-0.749792,0.083696,0.038252,-0.064106,-0.352949,0.585424,-0.729866,-0.935304,-0.241712,0.258419,-0.025133,0.773856,0.632862,-0.000181,-0.00051,-0.000313,-0.000285,0.000268,-0.000257,-0.176046
556,0.074916,0.01439,0.397195,-0.289519,0.606781,-0.740298,-0.956878,-0.164133,0.239618,0.024241,0.776995,0.629061,-0.000363,-0.001036,-0.000643,0.000266,-0.000322,0.000436,0.025328,-0.080019,-0.011122,0.365933,-0.326583,0.93921,0.105926,-0.646768,-0.140226,-0.749641,-0.688769,-0.314506,0.653105,-0.037391,0.036991,-0.000689,0.094946,-0.548033,-0.187824,-1.40732,0.039206,0.038709,-0.026468,0.261615,-0.957694,0.119907,0.664481,0.088612,-0.742031,0.700014,0.273803,0.659553,-0.011774,0.019754,-0.000249,0.090232,-0.510713,-0.324609,-0.746362,0.083657,0.038209,-0.064056,-0.349127,0.584121,-0.732742,-0.936647,-0.241147,0.254045,-0.028305,0.775016,0.631307,-0.00074,-0.005684,0.004336,-0.036976,0.021217,-0.019782,-0.172944
557,0.074798,0.014289,0.397322,-0.287934,0.6061,-0.741472,-0.957385,-0.163796,0.237816,0.023042,0.777598,0.628361,-0.001003,-0.010024,0.009499,-0.034517,0.018196,-0.015786,0.027487,-0.081344,-0.009768,0.365883,-0.302138,0.949763,0.081572,-0.642854,-0.139703,-0.753097,-0.703451,-0.281169,0.652658,-0.036728,0.035274,-0.00229,0.084042,-0.500187,-0.418361,-1.407879,0.038543,0.039389,-0.026491,0.236762,-0.967006,0.094031,0.660357,0.089177,-0.745637,0.712651,0.238633,0.659683,-0.018443,0.017924,-0.000889,0.101114,-0.746672,-0.307643,-0.745873,0.083598,0.038159,-0.063998,-0.34754,0.583581,-0.733926,-0.937198,-0.240863,0.252275,-0.029553,0.775511,0.630641,-1e-05,-2.2e-05,-1.1e-05,-0.000692,0.000824,-0.001089,-0.170168
558,0.074745,0.014226,0.397412,-0.285872,0.605285,-0.742935,-0.958035,-0.163271,0.235548,0.021623,0.778343,0.627488,8.4e-05,0.000239,0.000148,0.040574,-0.122862,0.234399,0.031709,-0.082127,-0.009139,0.365971,-0.295895,0.952971,0.065454,-0.641482,-0.147352,-0.75281,-0.707352,-0.265935,0.654824,-0.035928,0.029581,0.010499,0.06811,-0.943219,-0.621164,-1.407972,0.038153,0.039698,-0.026458,0.231369,-0.969582,0.079861,0.659789,0.096058,-0.745285,0.714944,0.225127,0.661945,-0.024799,0.013344,0.005028,0.063689,-0.549361,-0.24083,-0.746362,0.083571,0.038124,-0.06395,-0.345591,0.582965,-0.735334,-0.937873,-0.240446,0.250158,-0.030975,0.776103,0.629843,-0.000438,-0.00482,0.00487,0.083741,-0.1249,0.178181,-0.166902
559,0.074652,0.01405,0.397622,-0.284175,0.604649,-0.744103,-0.95856,-0.162657,0.233833,0.020701,0.778966,0.626745,3.7e-05,0.000106,6.6e-05,0.0,-0.0,0.0,0.036481,-0.083767,-0.007818,0.366396,-0.284576,0.958214,0.028877,-0.644378,-0.168775,-0.745806,-0.709373,-0.232048,0.665437,-0.036959,0.034453,0.014176,0.066033,-0.981141,-0.609116,-1.407851,0.03732,0.040369,-0.026242,0.219892,-0.974638,0.041561,0.663789,0.118269,-0.738508,0.714863,0.189979,0.672961,-0.018531,0.017398,0.007245,0.081755,-1.08189,-0.7053,-0.747505,0.083525,0.038037,-0.063844,-0.343717,0.582448,-0.736622,-0.938527,-0.239792,0.248325,-0.032,0.776694,0.629064,1.3e-05,5.1e-05,3.4e-05,-0.001627,0.001999,-0.002699,-0.158411
560,0.074507,0.013812,0.397923,-0.279579,0.60535,-0.745273,-0.959964,-0.161972,0.228484,0.017941,0.778563,0.627331,-0.000816,-0.009488,0.009841,0.092228,0.276494,0.096953,0.036438,-0.084924,-0.006622,0.36712,-0.267748,0.963477,-0.00394,-0.644077,-0.181907,-0.742973,-0.71618,-0.197602,0.669255,-0.020867,0.025347,0.022127,0.006024,-0.41986,-0.347254,-1.407829,0.036748,0.040967,-0.025881,0.202154,-0.979326,0.007256,0.664161,0.131645,-0.735907,0.719738,0.153586,0.677043,-0.017231,0.011264,0.010857,0.006115,-0.4784,-0.361364,-0.747669,0.083452,0.037921,-0.063698,-0.339575,0.582685,-0.738353,-0.939939,-0.239151,0.243555,-0.034662,0.776713,0.628899,-0.00039,-0.004679,0.004959,0.186367,0.443937,0.157575,-0.155798
561,0.074347,0.013516,0.398294,-0.276293,0.60405,-0.74755,-0.96095,-0.160969,0.225025,0.015931,0.779781,0.625871,-0.000813,-0.009476,0.009853,-0.034422,0.018119,-0.015646,0.036363,-0.086008,-0.006125,0.367947,-0.237271,0.971319,-0.015304,-0.648136,-0.169901,-0.742286,-0.723261,-0.167425,0.66987,-0.016352,0.005243,0.023229,-0.059442,-1.254013,1.103472,-1.407459,0.036212,0.041229,-0.025464,0.176563,-0.98428,-0.004127,0.666743,0.122684,-0.73512,0.72407,0.127044,0.677924,-0.014845,0.000791,0.011062,-0.048355,0.117311,-0.179076,-0.747505,0.083373,0.037773,-0.063512,-0.335821,0.582507,-0.740209,-0.941204,-0.238281,0.239493,-0.036872,0.777114,0.628277,-0.000394,-0.004689,0.004958,-0.039137,0.018802,-0.021709,-0.155145
562,0.074269,0.013353,0.398512,-0.274658,0.603423,-0.748658,-0.961433,-0.160407,0.223358,0.015024,0.780382,0.625144,-0.000728,-0.009236,0.010005,-0.034532,0.018151,-0.015804,0.0344,-0.08644,-0.006081,0.368344,-0.22586,0.973979,-0.018556,-0.645707,-0.163826,-0.74576,-0.729073,-0.157681,0.665922,-0.015541,0.002179,0.020752,0.211787,-0.138228,0.097391,-1.407403,0.035991,0.041256,-0.025268,0.15987,-0.987109,-0.007435,0.665246,0.1133,-0.737977,0.729307,0.113034,0.674784,-0.014491,-0.000532,0.009994,2.688757,-1.221826,1.183947,-0.748485,0.083339,0.037694,-0.063408,-0.334143,0.581988,-0.741374,-0.941761,-0.237752,0.23782,-0.037855,0.777664,0.627537,-0.000315,-0.00446,0.005102,-0.037224,0.020844,-0.020229,-0.155472
563,0.074141,0.013089,0.398903,-0.271222,0.602088,-0.750982,-0.962436,-0.159332,0.219777,0.013,0.781633,0.623624,-8.4e-05,-0.007405,0.011145,-0.033378,0.006217,0.010403,0.02156,-0.086545,-0.006312,0.369224,-0.216346,0.975715,-0.034163,-0.643563,-0.168718,-0.746522,-0.733847,-0.140749,0.66447,0.001601,-0.012162,0.0249,-0.056662,-0.578409,-0.28857,-1.407823,0.035926,0.041147,-0.024821,0.151194,-0.988269,-0.021532,0.662961,0.117534,-0.73937,0.733227,0.097514,0.672955,1.2e-05,-0.001556,0.007394,-0.0042,-0.892664,-0.264556,-0.750445,0.083268,0.037556,-0.06321,-0.330711,0.580952,-0.743723,-0.942886,-0.236762,0.234328,-0.039952,0.778741,0.626071,-0.00026,-0.004302,0.005203,-0.036539,0.020637,-0.019318,-0.164779
564,0.074003,0.012937,0.399305,-0.268618,0.603687,-0.750634,-0.963179,-0.158848,0.216855,0.012003,0.780496,0.625067,0.000651,-0.00532,0.012438,-0.03294,0.007109,0.010788,0.012425,-0.086321,-0.00688,0.36986,-0.208551,0.976698,-0.050582,-0.641199,-0.175481,-0.746996,-0.738167,-0.124583,0.662911,0.003898,-0.021189,0.01779,-0.063707,-0.309367,-0.192547,-1.407662,0.036038,0.040859,-0.024493,0.142951,-0.98893,-0.039768,0.660948,0.125294,-0.739897,0.73669,0.079484,0.671542,0.002046,-0.011025,0.008554,-0.065722,-0.286035,-0.17001,-0.752894,0.083198,0.037477,-0.06301,-0.328234,0.582848,-0.743337,-0.943713,-0.236357,0.231387,-0.04083,0.777446,0.627621,0.000208,-0.002973,0.006028,-0.040634,0.009146,-0.019754,-0.177842
565,0.073974,0.012893,0.399514,-0.267648,0.605939,-0.749165,-0.963448,-0.158815,0.215679,0.012036,0.778755,0.627234,0.001717,0.004868,0.003011,0.008066,0.01633,0.007022,0.010148,-0.086171,-0.007236,0.370163,-0.206526,0.976808,-0.056446,-0.641366,-0.178601,-0.746113,-0.738594,-0.119119,0.663441,0.01734,-0.018029,0.018547,-0.065618,-0.154599,-0.083294,-1.407553,0.036115,0.040674,-0.024346,0.140741,-0.988978,-0.045981,0.661308,0.128471,-0.73903,0.736791,0.073605,0.6721,0.008714,-0.009237,0.009096,-0.068899,-0.095859,-0.026626,-0.753384,0.083184,0.037453,-0.062901,-0.327366,0.585333,-0.741765,-0.944022,-0.236369,0.230108,-0.040641,0.775573,0.629946,0.000556,-0.001986,0.006639,-0.04176,-0.003782,0.008094,-0.183068
566,0.074047,0.012929,0.399984,-0.267441,0.611234,-0.744925,-0.963484,-0.158857,0.215489,0.013703,0.774595,0.63233,0.002355,-0.000485,0.015414,-1.275889,1.493442,-1.95792,0.005133,-0.085516,-0.007867,0.370763,-0.199228,0.97744,-0.070079,-0.643875,-0.184359,-0.742544,-0.738424,-0.104044,0.666158,0.0176,-0.018934,0.017839,-0.071917,-0.158995,-0.085579,-1.407788,0.036437,0.040362,-0.024056,0.133707,-0.989232,-0.059507,0.664182,0.134014,-0.73546,0.735516,0.058813,0.674949,0.015616,-0.00828,0.008974,-0.071387,-0.240891,0.151434,-0.756323,0.08322,0.03747,-0.062667,-0.326871,0.590454,-0.737914,-0.944259,-0.236352,0.229154,-0.039103,0.771687,0.634799,0.001239,-5.9e-05,0.007816,-1.298906,1.457837,-1.969688,-0.190416
567,0.074183,0.013105,0.400493,-0.265902,0.618503,-0.739456,-0.963895,-0.159091,0.213468,0.014713,0.768752,0.6394,0.004058,0.011528,0.007076,0.213287,0.418312,0.210188,0.004719,-0.084838,-0.00852,0.371214,-0.192914,0.977879,-0.080796,-0.644384,-0.188239,-0.741127,-0.739662,-0.092142,0.666537,0.01639,-0.011133,0.006721,-0.018531,-0.590029,-0.260468,-1.408022,0.036769,0.04004,-0.023832,0.128552,-0.989401,-0.067523,0.665096,0.136521,-0.734171,0.735608,0.04947,0.675597,0.008218,-0.005691,0.003252,-0.024619,-0.103274,0.205587,-0.756976,0.083286,0.037555,-0.062421,-0.327419,0.595842,-0.733326,-0.944169,-0.236388,0.229487,-0.036612,0.767523,0.639973,0.001407,0.000436,0.008113,-0.045821,-0.015111,0.005697,-0.193845
568,0.074344,0.013313,0.400914,-0.264375,0.620641,-0.738211,-0.964313,-0.1586,0.211936,0.014778,0.767127,0.641346,0.003509,0.009983,0.006103,0.049328,0.08595,0.067985,0.005142,-0.084114,-0.009087,0.371686,-0.18413,0.978426,-0.093653,-0.644747,-0.192033,-0.739837,-0.741592,-0.077077,0.666306,0.029415,-0.006092,0.00894,-0.015335,-0.580342,-0.218484,-1.408678,0.037145,0.039739,-0.023592,0.119672,-0.989418,-0.082037,0.66558,0.141265,-0.732834,0.736668,0.033097,0.675443,0.014693,-0.003008,0.004482,-0.009435,-0.656838,-0.292572,-0.761222,0.083371,0.037669,-0.062198,-0.325147,0.60011,-0.730853,-0.944949,-0.236195,0.226454,-0.036727,0.764251,0.643871,0.001742,0.004978,0.003042,0.042499,0.074865,0.064235,-0.194171
569,0.074412,0.013423,0.401099,-0.263976,0.620625,-0.738367,-0.96442,-0.158162,0.21178,0.014976,0.76723,0.641218,0.003155,0.008983,0.005481,0.0019,-0.010376,0.026873,0.005852,-0.083606,-0.009269,0.371963,-0.177613,0.978575,-0.104097,-0.646673,-0.195675,-0.737197,-0.741512,-0.064852,0.667696,0.030695,-0.013952,0.020017,-0.036377,-0.754249,-0.102919,-1.408499,0.0374,0.039647,-0.023455,0.1134,-0.989214,-0.092713,0.667694,0.144977,-0.730181,0.735747,0.020899,0.676933,0.015308,-0.006847,0.01009,-0.02814,-0.826455,-0.169532,-0.766121,0.083404,0.037722,-0.062107,-0.324754,0.600104,-0.731032,-0.945094,-0.235718,0.226347,-0.036486,0.764402,0.643705,0.001046,-0.000592,0.007464,-0.040393,-0.005605,0.006158,-0.194172
570,0.07454,0.013668,0.401388,-0.263052,0.620519,-0.738786,-0.96467,-0.157364,0.211236,0.015138,0.767481,0.640914,0.002603,0.007419,0.004511,0.001199,-0.011797,0.026267,0.022096,-0.082356,-0.00955,0.372612,-0.163275,0.978245,-0.127942,-0.654618,-0.204326,-0.727778,-0.737845,-0.036309,0.673891,0.028589,-0.002775,0.011548,-0.019893,-0.744369,-0.077104,-1.409095,0.038003,0.039511,-0.023137,0.100047,-0.988195,-0.116017,0.676113,0.153066,-0.720722,0.729973,-0.006334,0.683446,0.014211,-0.001095,0.005981,-0.256991,-0.919337,-0.16295,-0.761875,0.083468,0.037844,-0.061962,-0.323876,0.599964,-0.731536,-0.945401,-0.234924,0.22589,-0.03633,0.764756,0.643293,0.001424,0.004071,0.002474,0.00132,-0.012135,0.025944,-0.184048
571,0.074681,0.013845,0.401542,-0.262233,0.620378,-0.739196,-0.964893,-0.156784,0.210646,0.015105,0.767713,0.640637,0.001594,0.004549,0.002759,0.0,0.0,0.0,0.030963,-0.081235,-0.009561,0.373133,-0.146865,0.979036,-0.141106,-0.661313,-0.203151,-0.722031,-0.735339,-0.013962,0.677454,0.027626,0.000849,0.014406,-0.811019,-0.483478,0.142593,-1.408598,0.038586,0.0395,-0.02287,0.082397,-0.987943,-0.131064,0.682466,0.151772,-0.714985,0.726257,-0.030534,0.686744,0.013778,0.000528,0.007264,-0.897135,-0.455961,0.151961,-0.763345,0.083541,0.037939,-0.061881,-0.323044,0.599883,-0.731972,-0.945683,-0.234361,0.225293,-0.036397,0.764993,0.643008,0.000758,0.002172,0.001315,0.000186,-5.4e-05,-0.000169,-0.168535
572,0.074775,0.013956,0.401632,-0.261661,0.620274,-0.739486,-0.965049,-0.156395,0.21022,0.015061,0.767877,0.640441,0.000942,0.002691,0.00163,0.0,0.0,0.0,0.032968,-0.079984,-0.00929,0.373606,-0.120989,0.981183,-0.150442,-0.66824,-0.19246,-0.718574,-0.733818,0.012353,0.679133,0.02494,0.01381,0.007332,0.05296,-0.584722,0.273557,-1.408965,0.039202,0.039628,-0.022638,0.057207,-0.988466,-0.140219,0.688828,0.140743,-0.71113,0.722663,-0.055905,0.688935,0.020127,0.003543,0.008737,0.049372,-0.783056,0.398116,-0.76612,0.083587,0.037992,-0.061838,-0.322474,0.599823,-0.732271,-0.945875,-0.233992,0.224871,-0.036463,0.765153,0.642814,0.000494,0.001416,0.000857,0.001341,-0.011829,0.026169,-0.16184
573,0.074782,0.01397,0.401652,-0.261615,0.620271,-0.739505,-0.965061,-0.156348,0.2102,0.01508,0.767889,0.640427,0.000155,0.000443,0.000268,0.0,0.0,0.0,0.034713,-0.079372,-0.009039,0.373873,-0.10607,0.98228,-0.154492,-0.672559,-0.185191,-0.716451,-0.732196,0.02667,0.680471,0.02409,0.016799,0.009676,0.078999,-0.785308,0.400078,-1.409098,0.0395,0.039748,-0.022514,0.043382,-0.988726,-0.143309,0.692738,0.13313,-0.708794,0.719882,-0.068526,0.690704,0.012126,0.008096,0.004574,0.095004,-0.918797,0.366052,-0.763835,0.083591,0.038002,-0.061826,-0.322431,0.599823,-0.73229,-0.94589,-0.233949,0.224851,-0.036448,0.765166,0.642799,4.8e-05,0.000139,8.1e-05,9.8e-05,-3.8e-05,-9.4e-05,-0.16037
574,0.074727,0.013938,0.40168,-0.261414,0.62026,-0.739584,-0.965115,-0.156148,0.210103,0.015152,0.767937,0.640367,-0.000231,-0.00066,-0.000399,0.0,0.0,0.0,0.040916,-0.078379,-0.008631,0.374506,-0.091911,0.982073,-0.16455,-0.678472,-0.182599,-0.711525,-0.728664,0.045005,0.683291,0.012335,0.004014,0.018633,0.069515,-0.811605,0.064378,-1.409351,0.040009,0.039966,-0.022189,0.028853,-0.987767,-0.153242,0.698406,0.129599,-0.703869,0.715118,-0.086717,0.693602,0.012844,0.003781,0.009791,0.112309,-0.913166,0.22087,-0.758772,0.083563,0.037983,-0.061813,-0.322233,0.599828,-0.732373,-0.94596,-0.233758,0.224755,-0.036384,0.76522,0.642738,-0.000649,-0.005432,0.004518,-0.034495,0.018003,-0.015906,-0.151716
575,0.074651,0.013888,0.401732,-0.261549,0.620337,-0.739472,-0.965075,-0.156096,0.210324,0.015362,0.767886,0.640423,-3e-06,-8e-06,-5e-06,0.0,0.0,0.0,0.042338,-0.077705,-0.008594,0.375143,-0.079828,0.978011,-0.192649,-0.682861,-0.194329,-0.704181,-0.725998,0.074102,0.683593,0.013907,-0.00167,0.014148,-0.641697,-1.422889,-0.212802,-1.408979,0.040342,0.039995,-0.021862,0.018216,-0.983392,-0.180573,0.702889,0.141037,-0.697176,0.711065,-0.114223,0.693785,0.007808,-0.005509,0.011999,-2.593137,-0.955503,-0.740102,-0.766937,0.083524,0.037955,-0.061789,-0.322374,0.599892,-0.732259,-0.94592,-0.233706,0.224977,-0.036172,0.765186,0.642791,-2e-06,-3e-06,-2e-06,4.3e-05,-1e-05,-5.5e-05,-0.149267
576,0.074643,0.013883,0.401753,-0.261574,0.620355,-0.739448,-0.965067,-0.156072,0.210377,0.01542,0.767876,0.640434,0.000138,0.000393,0.000238,0.0,0.0,0.0,0.044383,-0.077364,-0.008668,0.375494,-0.0744,0.975861,-0.205309,-0.681341,-0.199957,-0.704077,-0.728005,0.086267,0.680022,0.015673,-0.01122,0.023899,0.083632,-1.005565,0.358089,-1.409056,0.040513,0.039958,-0.021693,0.013986,-0.981972,-0.188507,0.705822,0.143232,-0.693757,0.70825,-0.123349,0.695101,0.013507,0.001344,0.007873,-0.365813,-0.633837,0.371317,-0.76906,0.08352,0.037952,-0.061779,-0.3224,0.599908,-0.732234,-0.945914,-0.233683,0.225029,-0.036114,0.76518,0.642801,9.1e-05,0.000259,0.000156,4.5e-05,-1.1e-05,-4.2e-05,-0.147634
577,0.074614,0.013867,0.401791,-0.261403,0.62035,-0.739513,-0.965112,-0.155891,0.210305,0.015497,0.767917,0.640382,1e-06,4e-06,3e-06,0.0,0.0,0.0,0.045043,-0.076488,-0.008694,0.376199,-0.073997,0.975421,-0.207535,-0.679818,-0.201478,-0.705116,-0.729469,0.087675,0.678271,0.026954,0.002921,0.015937,0.030109,-0.457285,0.526644,-1.409163,0.040948,0.039938,-0.021339,0.009841,-0.981826,-0.189522,0.70652,0.14095,-0.693514,0.707624,-0.127076,0.695068,0.013559,0.001141,0.007704,-0.023405,-0.402465,0.535525,-0.770039,0.083506,0.037946,-0.06176,-0.322231,0.599916,-0.732302,-0.945974,-0.233506,0.224958,-0.036041,0.765228,0.642748,-4e-06,-9e-06,-4e-06,3.1e-05,1e-06,-5e-05,-0.144858
578,0.074577,0.013862,0.401823,-0.261503,0.620392,-0.739443,-0.965083,-0.155895,0.210433,0.015594,0.767883,0.640421,0.000138,0.000393,0.000238,0.0,0.0,0.0,0.038857,-0.075467,-0.008748,0.376735,-0.091126,0.974722,-0.203971,-0.6807,-0.210351,-0.701665,-0.726683,0.07367,0.682911,0.028366,-0.002012,0.012062,-2.518481,-0.575673,-0.558998,-1.409548,0.041456,0.039918,-0.021065,0.025803,-0.981656,-0.188905,0.703457,0.152093,-0.694273,0.710269,-0.114973,0.694477,0.014186,-0.001044,0.005984,0.016699,-0.093605,0.156,-0.771019,0.083487,0.037942,-0.061744,-0.322333,0.599949,-0.73223,-0.945943,-0.233509,0.225087,-0.035942,0.765201,0.642786,9e-05,0.000254,0.000153,3.5e-05,-5e-06,-2.3e-05,-0.146654
579,0.07457,0.013864,0.401836,-0.261517,0.620402,-0.739429,-0.965079,-0.155884,0.210461,0.015623,0.767877,0.640428,7.4e-05,0.000212,0.000128,0.0,0.0,0.0,0.039189,-0.074966,-0.00888,0.376971,-0.102356,0.973242,-0.205708,-0.675655,-0.219673,-0.703681,-0.729875,0.065732,0.680312,0.029094,-0.004494,0.010114,0.088113,-0.568707,0.181124,-1.409723,0.041706,0.039854,-0.020945,0.037443,-0.981133,-0.189671,0.701892,0.160923,-0.693866,0.711297,-0.107148,0.694675,0.015583,-0.007534,0.009522,-0.135092,-0.447008,0.321756,-0.772326,0.083483,0.037944,-0.061737,-0.322348,0.599958,-0.732216,-0.945939,-0.233499,0.225114,-0.035913,0.765198,0.642792,4.5e-05,0.000124,7.3e-05,1.2e-05,-1.7e-05,-3.8e-05,-0.148777
580,0.07458,0.013878,0.401879,-0.261456,0.620409,-0.739445,-0.965095,-0.155789,0.210461,0.015693,0.767891,0.64041,0.000565,0.001612,0.000976,0.001206,-0.011777,0.026275,0.039325,-0.074315,-0.009378,0.377274,-0.120737,0.970311,-0.209546,-0.669793,-0.235308,-0.704231,-0.732443,0.054099,0.678574,0.017384,-0.013634,0.004748,0.367335,0.854802,-0.850136,-1.410128,0.042042,0.039606,-0.020789,0.055272,-0.97991,-0.191626,0.698966,0.175025,-0.693406,0.713015,-0.095614,0.694598,0.008765,-0.007093,0.002145,0.367526,0.935307,-0.850475,-0.76808,0.083488,0.037948,-0.061717,-0.322289,0.599969,-0.732233,-0.945962,-0.233406,0.225115,-0.035846,0.765217,0.642773,0.000273,0.00078,0.000472,0.001224,-0.011782,0.026257,-0.150246
581,0.074596,0.01389,0.401898,-0.261389,0.620401,-0.739475,-0.965112,-0.155728,0.210424,0.015708,0.767909,0.640387,0.000332,0.000946,0.000573,0.0,0.0,0.0,0.037328,-0.073903,-0.009888,0.377329,-0.135208,0.969222,-0.205715,-0.663646,-0.242638,-0.707555,-0.735486,0.039631,0.676278,0.003601,-0.015736,0.004902,-0.025311,-0.079195,0.158708,-1.409785,0.042249,0.039347,-0.020771,0.074049,-0.979208,-0.188859,0.691966,0.186823,-0.697337,0.718121,-0.079047,0.691412,0.001957,-0.008413,0.002011,0.060322,-0.020538,-0.003954,-0.765794,0.083496,0.037955,-0.061707,-0.322223,0.599967,-0.732264,-0.945985,-0.233348,0.225078,-0.035833,0.765236,0.64275,0.000212,0.000602,0.000363,1.1e-05,-3e-06,-1.6e-05,-0.151063
582,0.07462,0.013899,0.401904,-0.261309,0.620383,-0.739518,-0.965134,-0.155679,0.21036,0.015695,0.767933,0.640359,3.3e-05,9.5e-05,5.7e-05,0.0,0.0,0.0,0.031825,-0.073817,-0.010176,0.377449,-0.150809,0.967018,-0.20524,-0.659905,-0.252943,-0.707446,-0.735801,0.027529,0.676537,-0.000212,0.000729,0.000574,0.0,-0.0,-0.0,-1.410009,0.042296,0.039187,-0.020717,0.087146,-0.978083,-0.189097,0.688389,0.196333,-0.698264,0.720087,-0.069321,0.690412,0.00075,-0.004263,0.005284,0.024894,-0.017986,-0.042648,-0.761712,0.083509,0.037962,-0.061703,-0.322142,0.599956,-0.732308,-0.946012,-0.2333,0.225015,-0.035849,0.765259,0.642722,1.5e-05,4.2e-05,2.4e-05,1e-05,-1.1e-05,-1.6e-05,-0.155798
583,0.074623,0.013914,0.401901,-0.261279,0.620371,-0.739539,-0.965143,-0.15568,0.210319,0.015663,0.767943,0.640348,2.8e-05,7.9e-05,4.8e-05,0.0,0.0,0.0,0.029311,-0.073742,-0.010215,0.377603,-0.163802,0.965397,-0.2029,-0.657758,-0.260049,-0.706868,-0.73493,0.016454,0.677843,0.000641,-0.00558,0.012897,-0.046392,0.089597,-0.17362,-1.409899,0.042334,0.039168,-0.020646,0.098437,-0.977034,-0.188979,0.685581,0.204227,-0.698762,0.721309,-0.060776,0.68994,0.006133,0.003705,0.001998,-0.005578,0.043569,-0.007352,-0.760732,0.08351,0.037969,-0.061704,-0.322111,0.599947,-0.73233,-0.946021,-0.233301,0.224974,-0.035881,0.765267,0.642711,8e-06,2.5e-05,1.3e-05,1.5e-05,-5e-06,-1.9e-05,-0.159391
584,0.074604,0.013919,0.401904,-0.261321,0.620381,-0.739515,-0.965131,-0.155706,0.210353,0.01567,0.76793,0.640364,0.0,0.0,0.0,0.0,0.0,0.0,0.025896,-0.073464,-0.010033,0.377781,-0.193467,0.96207,-0.19231,-0.660577,-0.272542,-0.699495,-0.725096,-0.009506,0.688483,0.00045,-0.004929,0.013405,-0.222321,0.741213,0.343506,-1.410691,0.042471,0.039264,-0.020553,0.124252,-0.97515,-0.183421,0.687087,0.217921,-0.693124,0.715871,-0.039904,0.697091,0.006067,0.003924,0.002168,-0.039741,0.268427,0.08832,-0.756486,0.083501,0.037971,-0.061703,-0.322154,0.599953,-0.732305,-0.946007,-0.233327,0.225008,-0.035873,0.765254,0.642727,-0.006247,0.001573,0.000986,-0.000968,0.014717,-0.02956,-0.164943
585,0.074604,0.013935,0.401937,-0.261159,0.620363,-0.739588,-0.965175,-0.155569,0.210256,0.015696,0.767972,0.640312,0.000669,0.001907,0.001154,0.001207,-0.011775,0.026276,0.024042,-0.073591,-0.009836,0.378022,-0.206808,0.961079,-0.183162,-0.657939,-0.275053,-0.700996,-0.723795,-0.025673,0.689437,-0.001765,0.006037,0.004735,-0.009274,-0.005287,0.214452,-1.410129,0.042413,0.039361,-0.020428,0.140818,-0.975105,-0.171287,0.684806,0.220882,-0.694443,0.71499,-0.019508,0.698862,-0.00774,0.00181,0.002328,-0.00336,0.091341,-0.038163,-0.757956,0.083499,0.037975,-0.061689,-0.322011,0.59995,-0.732371,-0.946056,-0.233205,0.224927,-0.035848,0.765294,0.642681,0.000102,0.000285,0.000172,1.3e-05,1.3e-05,-1e-05,-0.167718
586,0.074603,0.013952,0.401971,-0.261128,0.62037,-0.739593,-0.965182,-0.155511,0.210263,0.015744,0.767978,0.640303,0.000791,0.002255,0.001364,0.001207,-0.011774,0.026276,0.023219,-0.073818,-0.009771,0.378138,-0.213564,0.960109,-0.180482,-0.657104,-0.277765,-0.70071,-0.722584,-0.032261,0.690431,-0.002292,0.007856,0.006152,-0.001463,0.001169,0.030907,-1.410468,0.042295,0.039392,-0.02037,0.148261,-0.97445,-0.168714,0.68395,0.224255,-0.694205,0.714303,-0.012468,0.699724,-0.006933,-0.002628,0.00748,-0.020349,0.004728,-0.076148,-0.756976,0.083499,0.037984,-0.061672,-0.321962,0.599957,-0.732387,-0.946075,-0.233137,0.224919,-0.035805,0.765308,0.642666,0.000397,0.001133,0.000685,0.001215,-0.011785,0.026266,-0.168861
587,0.074585,0.013959,0.402104,-0.260999,0.620418,-0.739599,-0.965213,-0.155219,0.210338,0.016015,0.767998,0.640272,0.000822,0.002344,0.001416,0.0,0.0,0.0,0.023137,-0.074043,-0.009691,0.378713,-0.225131,0.957402,-0.180801,-0.654397,-0.285943,-0.699954,-0.721516,-0.040472,0.691115,-0.001186,0.000704,0.017772,-0.033743,-0.010589,0.003104,-1.410457,0.042182,0.039436,-0.02008,0.160907,-0.972331,-0.16935,0.681448,0.233572,-0.693593,0.713958,-0.003799,0.700177,-0.000635,0.000477,0.008988,-0.030649,0.0019,-0.010738,-0.753221,0.08349,0.037989,-0.061605,-0.321837,0.600015,-0.732394,-0.946127,-0.232849,0.224996,-0.035536,0.765351,0.64263,0.000479,0.001369,0.000829,0.001217,-0.011773,0.026275,-0.170005
588,0.074591,0.01393,0.402251,-0.260859,0.620479,-0.739597,-0.965245,-0.154862,0.210454,0.016365,0.768021,0.640237,-0.000448,-0.008434,0.01051,-0.034573,0.018027,-0.015857,0.023235,-0.07413,-0.009606,0.37948,-0.226887,0.957367,-0.178776,-0.655954,-0.285782,-0.69856,-0.719548,-0.042431,0.693046,-0.002,0.003511,0.019916,-0.032544,-0.021696,0.029673,-1.410226,0.04214,0.039475,-0.019712,0.163281,-0.972303,-0.167228,0.682813,0.233719,-0.692199,0.712112,-0.001162,0.702064,-6.5e-05,-0.003184,0.014724,-0.062928,-0.018501,-0.008277,-0.747669,0.083494,0.03798,-0.061534,-0.321691,0.60008,-0.732405,-0.946189,-0.232509,0.225089,-0.035219,0.765403,0.642586,0.000357,0.001022,0.000615,2e-06,1.1e-05,-2.3e-05,-0.170168
589,0.074597,0.013915,0.402311,-0.260851,0.620516,-0.739569,-0.965245,-0.154741,0.210546,0.016523,0.768016,0.640239,0.000471,0.001343,0.00081,0.0,0.0,0.0,0.022957,-0.074241,-0.009647,0.37991,-0.227102,0.957258,-0.179087,-0.656523,-0.286193,-0.697857,-0.718961,-0.042116,0.693674,0.000117,-0.007127,0.028831,-0.077756,0.069734,-0.202292,-1.4103,0.042082,0.039463,-0.01949,0.163543,-0.972205,-0.167538,0.683348,0.234123,-0.691535,0.711539,-0.001391,0.702644,-0.007682,-1.2e-05,0.009469,-0.032433,-0.000645,-0.007854,-0.749138,0.083497,0.037969,-0.0615,-0.321697,0.600125,-0.732366,-0.946194,-0.232375,0.225206,-0.035032,0.765409,0.642589,-0.000196,-0.004132,0.005307,-0.034568,0.018015,-0.015868,-0.170331
590,0.074598,0.013855,0.402416,-0.26065,0.620552,-0.739609,-0.965294,-0.154385,0.210581,0.016809,0.768058,0.640181,2.1e-05,5.9e-05,3.5e-05,0.0,0.0,0.0,0.022608,-0.074411,-0.009993,0.380802,-0.226221,0.956841,-0.182401,-0.65727,-0.288028,-0.696398,-0.718558,-0.038859,0.694282,0.015269,-0.009843,0.024948,-0.064828,-0.032569,0.005645,-1.41033,0.041989,0.0393,-0.019036,0.163175,-0.971632,-0.171181,0.684023,0.236451,-0.690074,0.710975,-0.004489,0.703202,0.001969,-0.011888,0.016562,-0.10944,0.018099,-0.061699,-0.750608,0.083499,0.037941,-0.061446,-0.3215,0.600177,-0.732409,-0.946271,-0.232024,0.225244,-0.034751,0.765474,0.642526,-1.2e-05,-3.1e-05,-1.8e-05,1.5e-05,1.7e-05,-6e-06,-0.171148
591,0.074581,0.013791,0.402471,-0.26065,0.620603,-0.739566,-0.96529,-0.15423,0.210711,0.017023,0.768048,0.640187,-0.000366,-0.001043,-0.000629,0.0,0.0,0.0,0.02297,-0.074279,-0.010681,0.381812,-0.225306,0.957355,-0.18083,-0.653912,-0.286061,-0.700358,-0.7219,-0.040754,0.690697,0.004377,-0.025177,0.032057,-0.10323,-0.008828,-0.043311,-1.410563,0.042059,0.038965,-0.018544,0.162509,-0.972062,-0.169366,0.680492,0.234709,-0.694148,0.714507,-0.002447,0.699623,0.001337,-0.008036,0.010959,-0.072385,0.005209,-0.050609,-0.751424,0.08349,0.03791,-0.061418,-0.321505,0.600227,-0.732366,-0.946277,-0.231872,0.225375,-0.034539,0.765481,0.64253,-0.000255,-0.000728,-0.000438,-3e-06,4e-06,1.7e-05,-0.171311
592,0.074579,0.013776,0.402485,-0.260673,0.620621,-0.739544,-0.965283,-0.154204,0.210762,0.01708,0.768039,0.640196,-0.0,-0.0,-0.0,0.0,0.0,0.0,0.023161,-0.074015,-0.011406,0.382742,-0.222844,0.958224,-0.179269,-0.652667,-0.283129,-0.702707,-0.723791,-0.040798,0.688713,0.003144,-0.01756,0.020789,-0.069998,0.001508,-0.046709,-1.410471,0.042192,0.038593,-0.018067,0.160025,-0.972742,-0.167822,0.679162,0.231875,-0.696399,0.71633,-0.002537,0.697756,0.008242,-0.007051,0.01084,-0.060535,-0.089486,0.162386,-0.751588,0.083488,0.0379,-0.061413,-0.321529,0.600243,-0.732343,-0.946271,-0.231847,0.225425,-0.034482,0.765477,0.642538,1e-06,-3e-06,-3e-06,-8e-06,5e-06,1.3e-05,-0.171311
593,0.074583,0.013791,0.402482,-0.260643,0.620608,-0.739565,-0.965292,-0.154205,0.210722,0.017048,0.768049,0.640186,0.000225,0.00064,0.000386,0.0,0.0,0.0,0.023271,-0.073958,-0.011736,0.383156,-0.222212,0.958482,-0.178678,-0.651815,-0.282208,-0.703868,-0.724753,-0.04115,0.68768,0.002904,-0.016734,0.021432,-0.069416,0.001505,-0.046533,-1.410536,0.042222,0.038424,-0.017863,0.15942,-0.972944,-0.167224,0.678219,0.231028,-0.697599,0.717358,-0.002203,0.6967,0.001389,-0.008203,0.010838,-0.073136,-0.008388,-0.023742,-0.751588,0.083489,0.037906,-0.061415,-0.321498,0.600233,-0.732365,-0.94628,-0.231848,0.225385,-0.034514,0.765484,0.642528,0.000128,0.00036,0.000218,-1e-06,2e-05,1.3e-05,-0.171148
594,0.074574,0.0138,0.402477,-0.260653,0.620605,-0.739564,-0.96529,-0.154231,0.210713,0.017023,0.768046,0.640189,0.0,0.0,0.0,0.0,0.0,0.0,0.022948,-0.073855,-0.012398,0.383999,-0.219984,0.957983,-0.18403,-0.650278,-0.284514,-0.70436,-0.726811,-0.036484,0.685768,-0.010717,-0.019378,0.021173,-0.007517,-0.250316,-0.160145,-1.410457,0.042279,0.038092,-0.017443,0.157812,-0.972333,-0.172231,0.676898,0.23351,-0.698055,0.718959,-0.006421,0.695021,0.001492,-0.00856,0.01057,0.023279,-0.352259,-0.220959,-0.750281,0.083485,0.037912,-0.061417,-0.321507,0.600229,-0.732364,-0.946276,-0.231873,0.225376,-0.034539,0.765479,0.642531,0.0,-6e-06,-5e-06,-3e-06,7e-06,9e-06,-0.171474
595,0.074548,0.013807,0.402493,-0.260709,0.620625,-0.739528,-0.965274,-0.154247,0.210774,0.017059,0.768027,0.640211,0.0,0.0,0.0,0.0,0.0,0.0,0.023367,-0.073826,-0.012965,0.384807,-0.216291,0.957922,-0.188669,-0.648878,-0.285311,-0.70533,-0.729171,-0.03134,0.683514,0.002099,-0.013962,0.023582,0.06507,-0.549502,-0.252158,-1.410577,0.042289,0.037804,-0.017042,0.154901,-0.97231,-0.174981,0.67609,0.233477,-0.698849,0.720352,-0.010051,0.693535,0.001091,-0.007176,0.011643,-0.068571,-0.061897,0.151215,-0.751914,0.083472,0.037915,-0.061409,-0.321564,0.600244,-0.732326,-0.946258,-0.231887,0.225437,-0.0345,0.765463,0.642553,-1e-06,-7e-06,-5e-06,-4e-06,3e-06,2e-06,-0.171311
596,0.074529,0.013812,0.402496,-0.260621,0.620609,-0.739572,-0.965298,-0.154193,0.210703,0.017044,0.76805,0.640184,0.0,0.0,0.0,0.0,0.0,0.0,0.023988,-0.073801,-0.013167,0.38523,-0.215953,0.957966,-0.188832,-0.649733,-0.285232,-0.704573,-0.728509,-0.030671,0.684249,-0.000202,-0.002658,0.015105,-0.031814,-0.018377,-0.000228,-1.410646,0.042303,0.037696,-0.016822,0.153426,-0.972035,-0.177783,0.676322,0.234467,-0.698293,0.72045,-0.013102,0.693382,-0.000155,-0.001193,0.007656,-0.040644,0.004949,0.018196,-0.752731,0.083463,0.037918,-0.061407,-0.321476,0.600236,-0.732372,-0.946288,-0.231836,0.225367,-0.034517,0.765485,0.642526,0.0,-4e-06,-3e-06,1e-06,6e-06,5e-06,-0.171311
597,0.074473,0.013834,0.402498,-0.260737,0.620631,-0.739512,-0.965267,-0.154285,0.210779,0.017037,0.768014,0.640227,0.0,0.0,0.0,0.0,0.0,0.0,0.026763,-0.073767,-0.013469,0.385925,-0.215125,0.957501,-0.192107,-0.650204,-0.287086,-0.703385,-0.728335,-0.027613,0.684564,0.000303,-0.004403,0.013764,-0.032289,-0.010192,-0.028018,-1.410177,0.042318,0.037553,-0.016476,0.152697,-0.971546,-0.181058,0.676878,0.236303,-0.697134,0.720082,-0.016104,0.6937,1e-06,-0.001726,0.007245,-0.03121,-0.076694,0.199509,-0.752078,0.083435,0.037928,-0.061407,-0.321592,0.600248,-0.73231,-0.946248,-0.231925,0.225442,-0.03452,0.765448,0.642569,2e-06,-3e-06,-1e-06,9e-06,9e-06,1.1e-05,-0.169515
598,0.074427,0.013846,0.402505,-0.260843,0.620656,-0.739454,-0.965238,-0.154351,0.210863,0.017056,0.767981,0.640267,0.0,0.0,0.0,0.0,0.0,0.0,0.031529,-0.073715,-0.013414,0.386456,-0.213304,0.957377,-0.194737,-0.65028,-0.287765,-0.703037,-0.728805,-0.024533,0.684182,-0.002623,0.009056,0.006906,0.001198,-0.011142,0.026549,-1.410159,0.042346,0.037571,-0.016211,0.15098,-0.971353,-0.183512,0.67708,0.236872,-0.696744,0.720254,-0.019058,0.693448,-0.000453,-0.000145,0.008445,-0.035176,-0.005455,0.005738,-0.75371,0.083412,0.037934,-0.061403,-0.321699,0.600264,-0.73225,-0.946212,-0.231989,0.225525,-0.034499,0.765416,0.642609,0.0,-2e-06,0.0,-2e-06,4e-06,6e-06,-0.164616
599,0.074375,0.013843,0.402504,-0.260856,0.620664,-0.739443,-0.965234,-0.15436,0.210873,0.017058,0.767973,0.640276,-2.8e-05,-7.9e-05,-4.8e-05,0.0,0.0,0.0,0.034493,-0.073566,-0.013053,0.386967,-0.212519,0.957581,-0.194595,-0.65078,-0.287136,-0.702832,-0.728589,-0.023933,0.684433,0.009741,0.015922,0.010362,0.004362,-0.03719,0.082471,-1.409773,0.04242,0.037753,-0.015954,0.150214,-0.971508,-0.18332,0.677541,0.236193,-0.696526,0.71998,-0.019579,0.693717,0.004834,0.008064,0.005256,0.004536,-0.036416,0.081827,-0.754853,0.083386,0.037933,-0.061404,-0.321713,0.60027,-0.732239,-0.946208,-0.231998,0.225535,-0.034497,0.765409,0.642618,-1.2e-05,-3.7e-05,-2.3e-05,-6e-06,-4e-06,8e-06,-0.159554
600,0.074344,0.013843,0.402504,-0.260939,0.620682,-0.739398,-0.965212,-0.154412,0.210939,0.017072,0.767947,0.640306,-8.5e-05,-0.000243,-0.000146,0.0,0.0,0.0,0.035382,-0.073535,-0.012849,0.387212,-0.212636,0.95739,-0.195403,-0.652776,-0.287869,-0.700678,-0.726768,-0.022641,0.68641,-0.001727,0.002585,0.019024,-0.033773,-0.010499,0.003141,-1.41,0.042436,0.037857,-0.015836,0.150383,-0.971328,-0.184136,0.679562,0.236838,-0.694336,0.718038,-0.020716,0.695695,0.00483,0.008053,0.005239,0.009413,-0.036125,0.083647,-0.755343,0.08337,0.037933,-0.061403,-0.321796,0.600282,-0.732193,-0.94618,-0.232048,0.2256,-0.03448,0.765384,0.642648,-5e-05,-0.000146,-8.6e-05,-8e-06,4e-06,8e-06,-0.158084
601,0.074281,0.013867,0.402519,-0.261068,0.620714,-0.739326,-0.965176,-0.154492,0.211042,0.017094,0.767905,0.640356,3e-06,9e-06,6e-06,0.0,0.0,0.0,0.03957,-0.073656,-0.012537,0.387592,-0.209949,0.956772,-0.201247,-0.653465,-0.290306,-0.699028,-0.726933,-0.016458,0.686412,-0.000868,-0.000367,0.016762,0.020706,-0.228402,-0.089159,-1.410145,0.042374,0.03802,-0.015642,0.148176,-0.970568,-0.189844,0.680358,0.239361,-0.692688,0.717742,-0.026522,0.695802,-0.001321,0.004532,0.003422,0.080754,-0.299445,-0.104712,-0.75616,0.083339,0.037945,-0.061396,-0.321926,0.600303,-0.732118,-0.946137,-0.232126,0.225702,-0.034454,0.765344,0.642697,1e-06,5e-06,5e-06,-7e-06,-3e-06,1e-05,-0.154655
602,0.074204,0.013879,0.402527,-0.260996,0.620707,-0.739357,-0.965196,-0.15445,0.210982,0.017082,0.76792,0.640339,-6.1e-05,-0.000174,-0.000105,0.0,0.0,0.0,0.045062,-0.073643,-0.012198,0.387948,-0.207166,0.956955,-0.203252,-0.653189,-0.28985,-0.699475,-0.727981,-0.013352,0.685368,-0.002739,0.009432,0.007093,0.002366,-0.015789,0.024582,-1.410142,0.042381,0.038184,-0.015461,0.145009,-0.970563,-0.192297,0.680009,0.238937,-0.693178,0.71872,-0.030247,0.69464,0.005306,0.006371,0.003939,-0.003273,-0.011681,0.069766,-0.75616,0.0833,0.037951,-0.061392,-0.321855,0.600302,-0.732151,-0.946161,-0.232085,0.225643,-0.034467,0.765358,0.642681,-3.8e-05,-0.000108,-6.4e-05,-1.3e-05,-4e-06,6e-06,-0.14796
603,0.074184,0.013876,0.402537,-0.26092,0.6207,-0.73939,-0.965216,-0.154385,0.210937,0.017096,0.767939,0.640316,-1e-06,-3e-06,-2e-06,0.008417,-0.08102,0.181444,0.046988,-0.073615,-0.012045,0.388105,-0.205396,0.956824,-0.205651,-0.652638,-0.290381,-0.699769,-0.728978,-0.01072,0.684354,-0.002386,0.008213,0.006166,0.051787,-0.211353,-0.0582,-1.410433,0.042394,0.038262,-0.015381,0.143677,-0.970412,-0.194051,0.679638,0.239288,-0.693421,0.719338,-0.032256,0.693909,-0.001145,0.003924,0.002945,0.081391,-0.298999,-0.115304,-0.755833,0.08329,0.037949,-0.061387,-0.321909,0.600316,-0.732116,-0.946144,-0.232099,0.225702,-0.03443,0.765343,0.6427,2e-06,5e-06,4e-06,-5e-06,1.2e-05,1.4e-05,-0.144531
604,0.074185,0.013884,0.40253,-0.260909,0.620691,-0.739401,-0.96522,-0.154397,0.210912,0.017067,0.767943,0.640312,-0.0,-0.0,-0.0,0.0,0.0,0.0,0.050735,-0.073425,-0.011816,0.388436,-0.204376,0.957102,-0.205368,-0.653069,-0.289479,-0.69974,-0.728879,-0.010097,0.684468,0.011535,0.009518,0.005437,0.003202,-0.02621,0.055854,-1.410067,0.042484,0.038377,-0.015215,0.142304,-0.970576,-0.194245,0.679931,0.238466,-0.693416,0.719334,-0.033398,0.69386,9.3e-05,-0.002016,0.006981,-0.035603,0.003246,-0.022245,-0.753057,0.083291,0.037953,-0.061391,-0.321767,0.600294,-0.732197,-0.94619,-0.232034,0.225573,-0.034485,0.76538,0.642653,-0.0,2e-06,2e-06,-1.1e-05,5e-06,7e-06,-0.139796
605,0.074175,0.013879,0.402539,-0.260941,0.620705,-0.739378,-0.96521,-0.154398,0.210954,0.017099,0.767932,0.640324,-0.0,-0.0,-0.0,0.0,0.0,0.0,0.057516,-0.073152,-0.011745,0.388745,-0.203534,0.957312,-0.205228,-0.653605,-0.288805,-0.699518,-0.728635,-0.009444,0.684736,-0.000908,0.003106,0.002323,0.0,-0.0,-0.0,-1.409864,0.042625,0.038418,-0.015057,0.141437,-0.970737,-0.194073,0.680423,0.237723,-0.693189,0.71904,-0.034009,0.694135,-0.000427,0.001441,0.001072,0.000112,0.000479,-0.000424,-0.753384,0.083286,0.037951,-0.061386,-0.3218,0.600305,-0.732173,-0.94618,-0.232034,0.225615,-0.034452,0.765371,0.642665,-1e-06,2e-06,1e-06,-1e-05,-3e-06,1.2e-05,-0.133101
606,0.074119,0.013893,0.402548,-0.261068,0.620735,-0.739308,-0.965176,-0.154477,0.211055,0.017121,0.767891,0.640372,-0.0,-0.0,-0.0,0.0,0.0,0.0,0.066864,-0.072779,-0.011803,0.389,-0.202925,0.95744,-0.205234,-0.654164,-0.288398,-0.699164,-0.728305,-0.008828,0.685097,0.015098,-0.006072,0.010746,-0.03284,-0.014842,0.005711,-1.409827,0.042805,0.038391,-0.014933,0.140852,-0.97082,-0.194081,0.680925,0.237301,-0.69284,0.718679,-0.034567,0.694481,0.007587,-0.00318,0.00526,-0.03275,-0.014549,0.00539,-0.753874,0.083258,0.037958,-0.061382,-0.321928,0.600324,-0.732101,-0.946137,-0.232111,0.225715,-0.034426,0.765333,0.642713,-0.006242,0.001591,0.001001,-0.000991,0.014723,-0.029533,-0.121997
