frame,MLTx,MLTy,MLTz,MLTR1,MLTR2,MLTR3,MLTR4,MLTR5,MLTR6,MLTR7,MLTR8,MLTR9,MLTTVx,MLTTVy,MLTTVz,MLTRVx,MLTRVy,MLTRVz,MLGA,MRTx,MRTy,MRTz,MRTR1,MRTR2,MRTR3,MRTR4,MRTR5,MRTR6,MRTR7,MRTR8,MRTR9,MRTTVx,MRTTVy,MRTTVz,MRTRVx,MRTRVy,MRTRVz,MRGA,SLTx,SLTy,SLTz,SLTR1,SLTR2,SLTR3,SLTR4,SLTR5,SLTR6,SLTR7,SLTR8,SLTR9,SLTTVx,SLTTVy,SLTTVz,SLTRVx,SLTRVy,SLTRVz,SLGA,SRTx,SRTy,SRTz,SRTR1,SRTR2,SRTR3,SRTR4,SRTR5,SRTR6,SRTR7,SRTR8,SRTR9,SRTTVx,SRTTVy,SRTTVz,SRTRVx,SRTRVy,SRTRVz,SRGA
3279,0.210964,0.042616,0.386113,-0.043877,-0.350644,-0.935505,-0.158265,-0.922127,0.352996,-0.98638,0.163976,-0.013867,-0.079918,-0.049013,-0.021662,-0.076693,-0.035396,-1.746323,-1.917063,-0.1199,0.029672,0.351023,0.345293,-0.422092,0.838214,0.210429,0.905154,0.369255,-0.914984,0.0494,0.400283,0.001568,-0.009337,-0.006587,-0.119146,0.216616,0.106145,0.538826,0.059632,0.036938,-0.00109,-0.240097,0.486707,0.839922,-0.348576,-0.850751,0.393339,0.906006,-0.198337,0.373918,-0.005542,-0.005805,-0.003462,-0.18316,0.324344,0.135877,0.522079,0.120187,0.044773,-0.047198,-0.109131,-0.237491,-0.965239,-0.157173,-0.954701,0.252668,-0.981522,0.179283,0.06686,-0.039864,-0.025128,-0.011086,0.291788,-0.590176,-1.976595,-0.812389
3280,0.207697,0.040546,0.384998,-0.031247,-0.414855,-0.909376,-0.134541,-0.899783,0.415044,-0.99039,0.135827,-0.026565,-0.092631,-0.053234,-0.038031,-0.127161,-0.096241,-1.638622,-1.916554,-0.120035,0.029386,0.350623,0.342454,-0.422054,0.839397,0.209619,0.905148,0.369731,-0.916233,0.049854,0.39736,0.001858,-0.011103,-0.007862,-0.003739,0.017734,-0.022738,0.5389,0.059564,0.036795,-0.00129,-0.236605,0.486413,0.841082,-0.347606,-0.850743,0.394215,0.907296,-0.199092,0.37037,-0.005372,-0.006857,-0.004217,0.007081,0.014944,-0.063376,0.521752,0.118528,0.04373,-0.047753,-0.096336,-0.305985,-0.947149,-0.128961,-0.939717,0.316701,-0.986958,0.152655,0.051068,-0.046234,-0.026946,-0.01912,-0.149541,-0.363089,-1.525643,-0.817452
3281,0.203839,0.038387,0.383225,-0.008699,-0.468134,-0.88364,-0.120411,-0.876746,0.465607,-0.992689,0.111027,-0.047639,-0.106121,-0.053458,-0.052785,-0.145796,-0.356175,-1.346548,-1.916554,-0.120283,0.02895,0.350153,0.341908,-0.420581,0.840358,0.20935,0.905797,0.368292,-0.916498,0.050521,0.396664,-0.012097,-0.004772,-0.018151,0.032199,0.023523,-0.033569,0.538825,0.059446,0.036574,-0.001521,-0.236486,0.484829,0.842029,-0.347553,-0.851483,0.392661,0.907348,-0.199791,0.369867,0.001236,-0.007381,-0.005245,-0.004158,0.02907,-0.049646,0.521916,0.116604,0.042648,-0.048636,-0.073876,-0.362161,-0.929182,-0.111175,-0.92293,0.368563,-0.99105,0.13053,0.027919,-0.052961,-0.027095,-0.026508,-0.222632,-0.514351,-1.572493,-0.825616
3282,0.201655,0.037315,0.382128,0.012352,-0.487903,-0.872836,-0.117676,-0.86754,0.483217,-0.993004,0.097344,-0.067041,-0.130947,-0.058482,-0.055064,-0.245517,-0.830084,-1.655588,-1.917493,-0.120485,0.028633,0.349953,0.341641,-0.419733,0.840891,0.208977,0.906182,0.367556,-0.916682,0.050668,0.396219,-0.010499,-0.015581,-0.009834,-0.004081,0.030007,-0.053886,0.538843,0.059344,0.036417,-0.001626,-0.236354,0.483967,0.842562,-0.3473,-0.851926,0.391922,0.907479,-0.19999,0.369438,-0.005178,-0.008186,-0.005192,0.007678,-0.057546,0.091396,0.521915,0.115521,0.042111,-0.049185,-0.054537,-0.382016,-0.922544,-0.106829,-0.916384,0.385781,-0.99278,0.119594,0.009167,-0.053268,-0.029325,-0.027914,-0.081109,-0.570859,-1.373423,-0.819575
3283,0.196672,0.035154,0.38008,0.039442,-0.511187,-0.858591,-0.121445,-0.855337,0.503609,-0.991876,0.085038,-0.094746,-0.120993,-0.049585,-0.051686,-0.061965,-0.131625,-0.782663,-1.916957,-0.120981,0.028006,0.3496,0.341172,-0.418152,0.841868,0.208215,0.906902,0.36621,-0.91703,0.05086,0.39539,-0.010755,-0.0143,-0.008961,-0.004078,0.030005,-0.053887,0.538552,0.059097,0.036101,-0.001805,-0.236134,0.482341,0.843556,-0.346708,-0.852789,0.390567,0.907763,-0.200242,0.368604,-0.005346,-0.007316,-0.004593,-0.006317,0.044723,-0.078616,0.522079,0.112982,0.040986,-0.050242,-0.024236,-0.409965,-0.911779,-0.10963,-0.905456,0.410036,-0.993676,0.109896,-0.022999,-0.060447,-0.024738,-0.025737,-0.008672,-0.001648,-0.730095,-0.824473
3284,0.191268,0.033527,0.37796,0.054804,-0.528145,-0.847411,-0.110736,-0.846662,0.520454,-0.992419,0.065967,-0.103827,-0.14779,-0.033361,-0.057386,-0.089096,-0.410369,-0.779892,-1.916498,-0.121459,0.027568,0.34934,0.340831,-0.416976,0.842589,0.207704,0.907432,0.365184,-0.917272,0.051053,0.394803,-0.011679,-0.008822,-0.005053,-0.004076,0.030006,-0.053887,0.538414,0.058864,0.035877,-0.001939,-0.23598,0.481154,0.844277,-0.34633,-0.853405,0.389555,0.907947,-0.200472,0.368024,-0.006632,0.000978,-0.006703,0.032071,0.02336,-0.033695,0.522079,0.110335,0.040181,-0.051283,-0.011641,-0.426131,-0.904585,-0.096606,-0.899936,0.425184,-0.995254,0.092338,-0.030691,-0.073605,-0.021885,-0.024163,0.066254,0.117078,-0.522379,-0.828719
3285,0.188325,0.032944,0.376947,0.058928,-0.535025,-0.842805,-0.107126,-0.842783,0.527458,-0.992584,0.059865,-0.105926,-0.16093,-0.025014,-0.05266,-0.026363,-0.143046,-0.649209,-1.917123,-0.121636,0.027448,0.349261,0.340757,-0.416697,0.842758,0.207608,0.907557,0.364929,-0.917321,0.051121,0.39468,-0.011958,-0.00714,-0.003847,-0.004075,0.030006,-0.053887,0.538624,0.058766,0.035811,-0.001981,-0.23594,0.480808,0.844485,-0.346244,-0.85358,0.389249,0.90799,-0.200559,0.367871,-0.006016,-0.003319,-0.001734,-0.004192,0.029958,-0.053942,0.521915,0.108869,0.039878,-0.051797,-0.005954,-0.434458,-0.900671,-0.092999,-0.896543,0.433082,-0.995648,0.08634,-0.035067,-0.074053,-0.017668,-0.021986,-0.116074,-0.283968,-0.7227,-0.828882
3286,0.182355,0.031938,0.375482,0.081893,-0.545061,-0.834414,-0.108499,-0.837124,0.536119,-0.990833,0.047301,-0.126651,-0.149423,-0.018034,-0.034886,-0.351507,-0.414988,0.123742,-1.916972,-0.12188,0.027374,0.349233,0.340703,-0.416436,0.842908,0.207498,0.907674,0.3647,-0.917366,0.051157,0.394571,-0.000161,0.001002,0.000721,-0.0,0.0,0.0,0.538673,0.05865,0.035771,-0.001998,-0.235931,0.480564,0.844626,-0.346166,-0.853708,0.389036,0.908022,-0.200595,0.367772,-0.000147,0.000919,0.000666,0.001946,-0.014839,0.024608,0.522079,0.105879,0.039364,-0.052541,0.017932,-0.447006,-0.89435,-0.093945,-0.89129,0.443592,-0.995415,0.076065,-0.057977,-0.080842,-0.00825,-0.016715,-1.027079,-1.182362,1.956999,-0.828229
3287,0.176119,0.031692,0.374252,0.102343,-0.530596,-0.84145,-0.121177,-0.846239,0.518814,-0.987481,0.049522,-0.149852,-0.162495,0.006552,-0.03558,-0.001878,-0.006534,-0.025393,-1.916168,-0.12201,0.027383,0.349253,0.341753,-0.418476,0.841471,0.207891,0.906792,0.366665,-0.916887,0.050137,0.395812,-0.012809,-0.001869,-5.8e-05,-0.002045,0.015205,-0.029245,0.53887,0.058584,0.035785,-0.001982,-0.236671,0.482736,0.843179,-0.346335,-0.852743,0.390998,0.907765,-0.199485,0.369008,-1.5e-05,0.0001,7.5e-05,-2e-06,0.000272,-0.000443,0.522079,0.102766,0.039235,-0.053153,0.038427,-0.431612,-0.901239,-0.108105,-0.898408,0.425646,-0.993395,0.081072,-0.081183,-0.075014,0.004021,-0.017479,-0.197793,-0.284143,0.79582,-0.825616
3288,0.17078,0.03202,0.372854,0.121191,-0.52162,-0.844554,-0.125665,-0.852037,0.508147,-0.984807,0.045191,-0.167754,-0.125646,0.008499,-0.035857,0.008036,-0.432985,0.045846,-1.915792,-0.122163,0.0273,0.349222,0.343762,-0.422337,0.83872,0.208566,0.905109,0.370421,-0.915985,0.048109,0.398146,0.000332,-0.002077,-0.001495,-2e-06,-1e-05,1.3e-05,0.539047,0.058501,0.035747,-0.001994,-0.238098,0.486864,0.840399,-0.346584,-0.850907,0.394759,0.907297,-0.197278,0.371339,-0.006182,-0.002326,-0.001027,-0.001502,0.018786,-0.034344,0.521752,0.100036,0.039416,-0.053857,0.056491,-0.422454,-0.904621,-0.113186,-0.902937,0.414599,-0.991966,0.078969,-0.098824,-0.062795,0.004473,-0.017721,0.001197,-0.448808,0.031309,-0.8248
3289,0.168323,0.032127,0.372257,0.130835,-0.522467,-0.84259,-0.126461,-0.851743,0.508443,-0.983481,0.040676,-0.176458,-0.125681,0.01113,-0.034426,-0.067881,-0.658789,-0.078047,-1.915815,-0.122272,0.027179,0.349172,0.341247,-0.423045,0.839389,0.20763,0.904787,0.371731,-0.917134,0.047948,0.395511,0.000791,-0.004963,-0.003574,-0.114705,0.214049,0.104417,0.538873,0.058446,0.035691,-0.002016,-0.236172,0.486897,0.840924,-0.34573,-0.850881,0.395564,0.908126,-0.197312,0.369289,-0.005229,-0.008755,0.002407,-0.227631,0.335555,0.15135,0.521752,0.098854,0.039465,-0.054142,0.064806,-0.42306,-0.90378,-0.113542,-0.902929,0.41452,-0.991417,0.075754,-0.106551,-0.062732,0.000813,-0.012448,-0.105439,-0.675199,-0.07948,-0.824963
3290,0.163668,0.032862,0.371031,0.148901,-0.511967,-0.846029,-0.12609,-0.858407,0.497203,-0.980978,0.033273,-0.191315,-0.100174,0.034224,-0.036704,-0.94848,-1.179281,2.677437,-1.914662,-0.122705,0.026803,0.34901,0.340666,-0.421197,0.840554,0.206698,0.905638,0.370176,-0.91756,0.04815,0.394497,-0.024485,-0.01114,-0.005463,-0.006137,0.04525,-0.083107,0.538585,0.05823,0.035499,-0.002099,-0.235138,0.485203,0.842192,-0.344833,-0.851765,0.394442,0.908735,-0.197668,0.367596,-0.012226,-0.005671,-0.002798,-0.00458,0.042989,-0.084568,0.521752,0.096516,0.039812,-0.054761,0.083279,-0.415842,-0.905615,-0.113846,-0.906792,0.405914,-0.990001,0.069296,-0.122859,-0.056241,0.012113,-0.013568,0.126053,-0.152505,0.293595,-0.825943
3291,0.160593,0.034399,0.369856,0.162569,-0.501842,-0.849571,-0.133306,-0.864295,0.484969,-0.977866,0.03503,-0.206346,-0.061829,0.044928,-0.031469,0.013321,-0.717965,0.194773,-1.912882,-0.123494,0.026373,0.348845,0.341138,-0.421303,0.84031,0.206133,0.905631,0.370506,-0.917513,0.047337,0.394706,-0.024701,-0.010023,-0.004673,-0.035931,-0.100287,0.116366,0.538573,0.057845,0.035284,-0.002183,-0.235575,0.485278,0.842027,-0.344277,-0.851896,0.394646,0.908833,-0.196922,0.367755,-0.012411,-0.004641,-0.002058,-0.113577,-0.490757,0.654049,0.521752,0.094964,0.040576,-0.055351,0.096005,-0.402164,-0.910519,-0.122108,-0.912594,0.390205,-0.987862,0.07372,-0.136722,-0.030869,0.022842,-0.015454,0.001063,-0.751722,0.173204,-0.828556
3292,0.159495,0.035271,0.369294,0.173116,-0.497494,-0.850044,-0.131124,-0.867028,0.480667,-0.976362,0.028863,-0.214269,-0.049019,0.048104,-0.029919,0.08808,-0.525653,0.372839,-1.911654,-0.123941,0.0262,0.348816,0.340826,-0.420214,0.840981,0.205562,0.906133,0.369596,-0.917756,0.04742,0.39413,-0.025221,-0.006744,-0.002307,-0.004089,0.030411,-0.058491,0.538586,0.057623,0.035191,-0.002203,-0.235483,0.484312,0.842608,-0.343839,-0.852433,0.393867,0.909022,-0.196973,0.367259,-0.012584,-0.003541,-0.001263,-0.004029,0.031184,-0.059654,0.521752,0.094411,0.041013,-0.05563,0.108241,-0.399075,-0.910506,-0.120949,-0.91437,0.38639,-0.986738,0.068301,-0.14724,-0.01835,0.023425,-0.015454,0.074376,-0.571778,0.351429,-0.831985
3293,0.158442,0.037089,0.368441,0.188743,-0.499183,-0.845718,-0.138094,-0.866124,0.480346,-0.972516,0.026742,-0.231353,-0.010847,0.047555,-0.016371,0.095641,-0.449711,-0.005706,-1.41458,-0.124869,0.025958,0.348845,0.342445,-0.422602,0.839125,0.205411,0.905122,0.372149,-0.917189,0.045442,0.39568,-0.011475,-0.011509,0.009131,-0.369362,-1.606881,2.193504,0.538362,0.05715,0.035065,-0.002191,-0.236503,0.486164,0.841255,-0.343345,-0.851774,0.395718,0.908944,-0.195253,0.368369,-0.005809,-0.005636,0.004679,-0.367451,-1.607642,2.192272,0.521752,0.093869,0.041917,-0.056064,0.124014,-0.401215,-0.907549,-0.127842,-0.913447,0.386354,-0.984009,0.06811,-0.164573,-0.011438,0.030583,-0.011422,0.291303,-0.266569,-0.622759,-0.751809
3294,0.158201,0.039436,0.367586,0.169752,-0.521508,-0.836217,-0.142581,-0.852596,0.502715,-0.975342,0.034535,-0.218043,0.001652,0.048754,-0.015986,-0.919337,1.076391,-0.970295,-0.608607,-0.125942,0.025753,0.349,0.343889,-0.424404,0.837623,0.204837,0.904378,0.374268,-0.916779,0.043389,0.396859,-0.026054,-0.001229,0.001659,-0.104405,-0.453139,0.607421,0.539012,0.056623,0.034967,-0.002111,-0.237678,0.488212,0.839736,-0.342594,-0.851087,0.397843,0.908921,-0.19313,0.369543,-0.018776,-0.006687,0.005188,-0.375191,-1.559673,2.110158,0.521752,0.093746,0.043106,-0.056482,0.106658,-0.423507,-0.899591,-0.129345,-0.902974,0.409764,-0.985846,0.072653,-0.151089,0.001043,0.030513,-0.011939,-3.276361,3.695518,-3.344235,-0.575292
3295,0.159245,0.041392,0.366644,0.157063,-0.532855,-0.83153,-0.135414,-0.845644,0.516258,-0.978469,0.032173,-0.203938,0.037771,0.042418,-0.020666,-4.421545,3.114761,-0.978857,-0.267316,-0.127044,0.025404,0.349261,0.344437,-0.424356,0.837422,0.203536,0.90447,0.374753,-0.916863,0.041886,0.396825,-0.024325,-0.013512,0.008946,-0.040426,0.037425,-0.078531,0.538877,0.05607,0.034802,-0.001979,-0.238459,0.488974,0.839071,-0.341412,-0.851053,0.398929,0.909161,-0.191341,0.369883,-0.012179,-0.006671,0.004553,-0.040296,0.038302,-0.079784,0.521915,0.094255,0.044095,-0.056945,0.096717,-0.435416,-0.895018,-0.117653,-0.897931,0.424119,-0.988333,0.064282,-0.138073,0.025042,0.026438,-0.014847,0.262305,0.395005,0.30662,-0.462784
3296,0.160051,0.042355,0.366218,0.138484,-0.536493,-0.832492,-0.157423,-0.841825,0.516256,-0.977958,0.060222,-0.199997,0.038123,0.058613,-0.025979,-4.538349,3.212376,-1.178845,-0.156548,-0.127544,0.025179,0.349405,0.345322,-0.4256,0.836426,0.203094,0.903949,0.376247,-0.916629,0.040467,0.397512,-0.024249,-0.014129,0.008499,-0.040428,0.037455,-0.078516,0.538964,0.055829,0.034696,-0.00191,-0.239164,0.490408,0.838033,-0.340881,-0.850552,0.40045,0.909175,-0.189896,0.370592,-0.012136,-0.007019,0.0043,-0.040082,0.039615,-0.081622,0.521752,0.094656,0.044561,-0.057162,0.07758,-0.43818,-0.895533,-0.139271,-0.894196,0.42546,-0.98721,0.091714,-0.130398,0.025207,0.024236,-0.008759,-0.236288,0.502782,0.110535,-0.423758
3297,0.16184,0.044804,0.365508,0.090804,-0.530643,-0.842744,-0.203634,-0.838249,0.505809,-0.974953,0.126336,-0.183122,0.050713,0.069213,-0.020244,0.222463,0.52537,0.18576,0.156994,-0.12837,0.024683,0.34962,0.345105,-0.424284,0.837184,0.201559,0.904603,0.375502,-0.91705,0.039674,0.396621,-0.023872,-0.017037,0.0064,-0.028709,-0.049354,0.067238,0.539166,0.055398,0.03444,-0.001794,-0.239127,0.488947,0.838897,-0.339418,-0.85155,0.399571,0.909732,-0.189189,0.369586,-0.011931,-0.008589,0.003164,-0.028729,-0.049319,0.067173,0.521915,0.095546,0.045775,-0.057523,0.026211,-0.431268,-0.901842,-0.191071,-0.887681,0.418943,-0.981225,0.161335,-0.10567,0.02538,0.029164,-0.00594,0.148939,0.65275,0.386229,-0.361218
3298,0.163909,0.04686,0.364891,0.070508,-0.539117,-0.839302,-0.195274,-0.832573,0.518327,-0.978311,0.128013,-0.162931,0.073592,0.047167,-0.018988,1.222599,1.025238,-2.177967,0.387534,-0.1291,0.02412,0.349813,0.344967,-0.423209,0.837784,0.200059,0.905145,0.374997,-0.91743,0.038763,0.395832,-0.010994,-0.015553,0.006215,-0.03839,0.022339,-0.049227,0.53901,0.055037,0.034162,-0.001702,-0.239157,0.487909,0.839493,-0.338085,-0.852324,0.399051,0.910221,-0.188385,0.368794,-0.01189,-0.009033,0.00284,-0.040442,0.037549,-0.078478,0.521915,0.096574,0.046834,-0.057818,0.006734,-0.437559,-0.899164,-0.182907,-0.884553,0.429079,-0.983106,0.161574,-0.08599,0.030738,0.017641,-0.005451,0.054528,-0.055492,0.030366,-0.19858
3299,0.165275,0.047593,0.36459,0.061075,-0.546578,-0.835206,-0.194506,-0.827241,0.527078,-0.979087,0.130936,-0.155794,0.08515,0.043326,-0.021533,0.081026,-0.022386,0.090339,0.439425,-0.129414,0.023822,0.349876,0.344943,-0.422827,0.837988,0.199414,0.905342,0.374865,-0.91758,0.038317,0.395528,-0.025203,-0.007731,-0.003074,-0.004089,0.030411,-0.058491,0.539302,0.054876,0.034008,-0.001667,-0.239187,0.487497,0.839723,-0.337453,-0.852653,0.398882,0.910447,-0.187959,0.368451,-0.012587,-0.004007,-0.001628,-0.004102,0.030431,-0.058521,0.521916,0.097252,0.047204,-0.057967,-0.003899,-0.447526,-0.894261,-0.180359,-0.879288,0.440818,-0.983592,0.163007,-0.077288,0.036572,0.016269,-0.006426,-0.033305,0.171421,-0.177324,-0.04819
3300,0.168259,0.048868,0.363989,0.034183,-0.556088,-0.830448,-0.223221,-0.814189,0.535948,-0.974224,0.16774,-0.150926,0.072478,0.028906,-0.014843,0.06577,0.093067,-0.126024,0.463341,-0.129889,0.023256,0.34986,0.344796,-0.421974,0.838478,0.198368,0.905763,0.374401,-0.917861,0.037752,0.394929,-0.010404,-0.020291,0.002784,-0.040365,0.037045,-0.073935,0.53935,0.054642,0.033734,-0.001675,-0.239178,0.486691,0.840193,-0.336551,-0.85322,0.398431,0.910783,-0.187472,0.367867,-0.005959,-0.004577,-0.002676,-0.004029,0.029859,-0.05398,0.521915,0.098749,0.047846,-0.05827,-0.030315,-0.456944,-0.888978,-0.208289,-0.866974,0.452737,-0.977597,0.198889,-0.068894,0.036286,0.015004,-0.007147,0.068394,0.084531,-0.090822,0.260266
3301,0.170823,0.049541,0.363743,0.014362,-0.56224,-0.826877,-0.239055,-0.80491,0.543088,-0.970931,0.190564,-0.144934,0.060387,0.006173,0.001564,2e-06,0.030923,-0.022032,0.468448,-0.130222,0.0228,0.349798,0.344643,-0.421248,0.838906,0.197592,0.906116,0.373958,-0.918086,0.037395,0.39444,-0.012188,-0.007244,-0.003997,-0.004013,0.029854,-0.053983,0.53942,0.054473,0.033492,-0.001709,-0.239129,0.485904,0.840663,-0.33582,-0.853739,0.397936,0.911066,-0.187154,0.36733,-0.006106,-0.00354,-0.001931,-0.00402,0.029834,-0.053982,0.521915,0.100058,0.048187,-0.058402,-0.050172,-0.463163,-0.884851,-0.223317,-0.858333,0.461944,-0.973453,0.220779,-0.060368,0.030197,0.003028,0.000713,-0.000805,0.026081,-0.014652,0.411473
3302,0.171884,0.049694,0.363794,0.004557,-0.571702,-0.820476,-0.233411,-0.79843,0.554979,-0.972387,0.189685,-0.136055,0.048378,0.007438,0.002643,1.116003,1.114877,-2.319267,0.487558,-0.1303,0.022644,0.34978,0.344668,-0.421217,0.838911,0.197412,0.906137,0.374002,-0.918115,0.037221,0.394388,0.000515,-0.003893,-0.002827,0.0,0.0,0.0,0.53947,0.054433,0.033416,-0.001717,-0.239162,0.485895,0.840658,-0.335651,-0.853781,0.397989,0.911119,-0.186983,0.367283,0.000978,-0.007288,0.002837,-0.036361,0.007202,-0.01996,0.522079,0.100557,0.048255,-0.05838,-0.057987,-0.471244,-0.880094,-0.218041,-0.854316,0.471807,-0.974215,0.219255,-0.053211,0.024243,-0.00223,0.005147,-0.009543,0.08045,-0.11942,0.436457
3303,0.173472,0.04973,0.364021,-0.021215,-0.596755,-0.802171,-0.21875,-0.780143,0.586087,-0.975538,0.188646,-0.112987,0.036382,-0.005822,0.009973,0.056798,0.273849,-0.474766,0.521381,-0.130298,0.02248,0.349724,0.344625,-0.421053,0.839011,0.197219,0.906218,0.373909,-0.918173,0.037126,0.394263,0.000447,-0.003382,-0.002458,-0.001967,0.014641,-0.024742,0.539185,0.054435,0.033333,-0.001746,-0.239141,0.48571,0.840771,-0.33547,-0.853903,0.397878,0.911191,-0.186905,0.367145,0.000211,-0.001595,-0.001157,-0.001975,0.014636,-0.024748,0.521752,0.101383,0.048281,-0.058263,-0.084965,-0.499843,-0.861937,-0.199672,-0.838976,0.50621,-0.976171,0.215115,-0.028521,0.018187,-0.00296,0.004928,0.056004,0.270886,-0.47056,0.493282
3304,0.175015,0.049496,0.364356,-0.033507,-0.606899,-0.794101,-0.217558,-0.771068,0.598409,-0.975444,0.193565,-0.105207,0.036312,-0.007691,0.008921,-0.048855,0.280336,-0.438215,0.516443,-0.130269,0.022411,0.349684,0.344577,-0.420924,0.839095,0.197137,0.906277,0.373808,-0.918208,0.037126,0.39418,0.000113,-0.000853,-0.00062,0.0,0.0,0.0,0.539624,0.054449,0.033296,-0.001767,-0.239113,0.485576,0.840856,-0.335403,-0.853978,0.397775,0.911223,-0.186912,0.367061,5.7e-05,-0.000422,-0.000306,-1e-05,7e-06,-9e-06,0.521915,0.102141,0.048167,-0.058099,-0.096537,-0.510301,-0.854559,-0.197559,-0.831663,0.518946,-0.975525,0.218924,-0.020529,0.018253,-0.009227,0.008616,-0.0786,0.173138,-0.261346,0.51255
3305,0.176598,0.049066,0.364851,-0.034342,-0.613931,-0.788641,-0.20259,-0.768452,0.606969,-0.978632,0.181375,-0.097,0.036407,-0.005321,0.010243,4.356741,-3.183029,0.527709,0.500274,-0.130313,0.022369,0.349658,0.34447,-0.420618,0.839293,0.196999,0.906417,0.37354,-0.918278,0.037182,0.394013,0.000117,-0.000888,-0.000646,0.0,0.0,0.0,0.539633,0.054427,0.033277,-0.001778,-0.239053,0.485259,0.841056,-0.335301,-0.854143,0.397507,0.911277,-0.186982,0.366893,-0.006398,-0.001371,-0.000366,-0.002056,0.015226,-0.029261,0.521752,0.102914,0.047947,-0.057859,-0.100809,-0.51794,-0.849455,-0.18638,-0.828858,0.527499,-0.977291,0.211497,-0.012978,0.024202,-0.002554,0.004961,0.0319,0.230377,0.051705,0.496221
3306,0.177433,0.049021,0.365024,-0.037902,-0.617686,-0.785541,-0.194194,-0.76657,0.612072,-0.980198,0.17651,-0.089915,0.048214,0.007294,0.002491,0.145292,0.298787,-0.164166,0.498699,-0.130424,0.022312,0.349616,0.344398,-0.420386,0.839438,0.196921,0.906522,0.373327,-0.918322,0.037245,0.393905,-0.012616,-0.004154,-0.001761,-0.002045,0.015205,-0.029245,0.539716,0.054371,0.033251,-0.001798,-0.239016,0.48502,0.841204,-0.335249,-0.854263,0.397293,0.911305,-0.187053,0.366785,-0.006299,-0.002148,-0.000931,-0.002057,0.015204,-0.029233,0.521915,0.103345,0.047916,-0.057767,-0.100575,-0.52218,-0.846883,-0.173233,-0.829007,0.53173,-0.979731,0.200187,-0.007082,0.018244,-0.001029,0.006007,0.389817,0.518848,-0.536165,0.491812
3307,0.179639,0.049119,0.365478,-0.044666,-0.633765,-0.772265,-0.167461,-0.757354,0.631145,-0.984825,0.158299,-0.071337,0.072463,0.000699,0.01237,-0.024906,0.023381,-0.004439,0.500273,-0.130868,0.022009,0.349442,0.34154,-0.420152,0.840722,0.19566,0.906626,0.373738,-0.919654,0.037363,0.390772,-0.024811,-0.011751,-0.006044,-0.006169,0.045272,-0.083093,0.539936,0.054158,0.03311,-0.001878,-0.236148,0.4844,0.842371,-0.334015,-0.854531,0.397755,0.912506,-0.187436,0.363592,-0.005913,-0.005145,-0.003114,-0.000472,0.024908,-0.057024,0.521915,0.104439,0.047968,-0.057544,-0.107431,-0.539644,-0.835009,-0.144983,-0.822389,0.550141,-0.983584,0.180164,0.010111,0.030242,0.000676,0.006533,-0.01613,-0.069706,0.09936,0.490016
3308,0.182141,0.04874,0.366001,-0.055998,-0.645087,-0.762084,-0.161815,-0.747334,0.644422,-0.985175,0.160202,-0.061583,0.0726,-0.020234,0.015108,-0.071275,0.038564,-0.030311,0.501003,-0.131689,0.021405,0.349088,0.339511,-0.421291,0.840974,0.194516,0.906128,0.375539,-0.920645,0.036599,0.388505,-0.023997,-0.018642,-0.011123,-0.046766,-0.065534,0.104645,0.539727,0.053746,0.032815,-0.002051,-0.233681,0.485106,0.842653,-0.332625,-0.854243,0.399535,0.913648,-0.186924,0.360978,-0.01199,-0.009384,-0.005593,-0.104697,-0.485631,0.658794,0.521915,0.10569,0.047803,-0.057274,-0.118106,-0.551854,-0.825534,-0.138431,-0.814084,0.564005,-0.983304,0.180892,0.019755,0.030292,-0.010349,0.007584,-0.075124,0.049623,-0.053466,0.494425
3309,0.183405,0.0482,0.366294,-0.05613,-0.644467,-0.7626,-0.164584,-0.747389,0.643657,-0.984709,0.162437,-0.063164,0.072984,-0.036583,0.020426,-0.107081,0.049814,-0.049473,0.490602,-0.132315,0.020958,0.348827,0.339063,-0.419844,0.841878,0.193884,0.90679,0.374266,-0.920943,0.036841,0.387775,-0.036645,-0.023519,-0.01348,0.003348,-0.025929,0.033672,0.539705,0.053452,0.032602,-0.002175,-0.233714,0.48372,0.84344,-0.332287,-0.854971,0.398257,0.913762,-0.187186,0.360552,-0.018274,-0.012055,-0.00694,-0.006174,0.070363,-0.141659,0.522079,0.106299,0.047552,-0.057132,-0.118132,-0.551064,-0.826058,-0.141216,-0.814105,0.563285,-0.982905,0.183195,0.018353,0.030473,-0.018654,0.010167,-0.107594,0.066014,-0.08144,0.4892
3310,0.18586,0.046733,0.367079,-0.057543,-0.641668,-0.764851,-0.16801,-0.748976,0.64092,-0.984047,0.166177,-0.063752,0.061671,-0.047554,0.029198,-0.119801,0.032128,0.106753,0.47735,-0.13378,0.01998,0.348247,0.339324,-0.425467,0.838945,0.193784,0.904274,0.380356,-0.920869,0.034032,0.388209,-0.036553,-0.025859,-0.015322,0.003336,-0.025969,0.03365,0.539392,0.052706,0.032099,-0.002474,-0.233109,0.489189,0.840448,-0.331537,-0.852458,0.404224,0.914189,-0.184412,0.3609,-0.024724,-0.014181,-0.00793,-0.008373,0.088073,-0.173379,0.521916,0.107554,0.0468,-0.056745,-0.119891,-0.547987,-0.827849,-0.144687,-0.815317,0.560645,-0.982187,0.186995,0.018463,0.036645,-0.018601,0.01001,-0.086201,-0.085615,0.296426,0.468462
3311,0.188271,0.044589,0.36836,-0.064198,-0.637437,-0.767852,-0.169775,-0.751253,0.637783,-0.983324,0.172095,-0.059032,0.050444,-0.062942,0.035632,-0.115247,0.093146,0.274252,0.461452,-0.135715,0.018885,0.347648,0.339917,-0.425578,0.838648,0.193346,0.904249,0.380638,-0.920742,0.033285,0.388572,-0.049987,-0.02631,-0.01453,0.001348,-0.010953,0.004288,0.539437,0.051768,0.031556,-0.002774,-0.233728,0.489382,0.840164,-0.331115,-0.85251,0.40446,0.914185,-0.183657,0.361297,-0.024945,-0.013454,-0.007457,-0.012103,0.090153,-0.166867,0.521916,0.10874,0.045763,-0.056117,-0.126533,-0.543719,-0.829673,-0.146478,-0.816986,0.557743,-0.981087,0.192102,0.023733,0.025195,-0.031396,0.017809,-0.090964,0.282746,0.163261,0.452949
3312,0.190286,0.041574,0.369795,-0.085649,-0.629375,-0.772397,-0.168692,-0.754898,0.633754,-0.981849,0.185357,-0.040549,0.039369,-0.086621,0.037515,-0.075948,0.41258,0.324353,0.44296,-0.138028,0.017859,0.347116,0.341377,-0.427187,0.837237,0.193108,0.903548,0.382419,-0.920254,0.031652,0.389864,-0.063531,-0.026268,-0.013377,-0.014093,0.105307,-0.195698,0.539613,0.05057,0.031021,-0.003052,-0.234967,0.491225,0.838741,-0.330699,-0.851823,0.406243,0.914017,-0.181917,0.362598,-0.031763,-0.013078,-0.006611,-0.01362,0.108664,-0.200738,0.521916,0.109776,0.044252,-0.055381,-0.147902,-0.53459,-0.832068,-0.145613,-0.820381,0.552964,-0.978223,0.202944,0.043493,0.025728,-0.042883,0.018739,-0.047845,0.584651,0.269974,0.426986
3313,0.191058,0.03983,0.370583,-0.103576,-0.624855,-0.773869,-0.166745,-0.75614,0.632788,-0.980431,0.195353,-0.024906,0.040075,-0.097836,0.045912,-0.00134,0.892513,0.371256,0.439867,-0.139418,0.017354,0.346875,0.343013,-0.429638,0.835311,0.193238,0.902443,0.384953,-0.91962,0.029897,0.391495,-0.064008,-0.023119,-0.011089,-0.012389,0.08952,-0.169334,0.539242,0.049928,0.030783,-0.003167,-0.23626,0.494089,0.836693,-0.330607,-0.850573,0.40893,0.913717,-0.180003,0.364306,-0.031965,-0.011823,-0.005702,-0.015926,0.097771,-0.185379,0.521915,0.110161,0.043376,-0.054995,-0.164364,-0.530601,-0.831532,-0.144003,-0.821058,0.552382,-0.975831,0.210534,0.058544,0.013923,-0.049663,0.022706,0.009062,1.014815,0.406385,0.417515
3314,0.192088,0.035716,0.37257,-0.138863,-0.610207,-0.780006,-0.168686,-0.761557,0.625737,-0.975682,0.219222,0.003794,0.016436,-0.109337,0.055283,-0.068399,0.922079,0.048458,0.440976,-0.142403,0.016604,0.346553,0.345261,-0.432469,0.83292,0.193167,0.901166,0.38797,-0.918796,0.027472,0.393602,-0.078062,-0.017334,-0.005617,-0.000957,0.004779,-0.029467,0.5392,0.048412,0.030391,-0.003338,-0.238044,0.497055,0.834428,-0.330166,-0.849373,0.411769,0.913414,-0.17748,0.366298,-0.039058,-0.008313,-0.002494,-0.013541,0.109789,-0.206001,0.521752,0.110686,0.041315,-0.05401,-0.200838,-0.513574,-0.834208,-0.146139,-0.826324,0.543903,-0.968662,0.231147,0.090904,0.014335,-0.054911,0.027252,-0.00453,0.975994,0.34429,0.410983
3315,0.192793,0.031514,0.374756,-0.162906,-0.590675,-0.790323,-0.148189,-0.777293,0.611414,-0.975262,0.21745,0.040083,0.028978,-0.106711,0.056745,0.038255,1.163514,0.207935,0.445261,-0.145803,0.016196,0.346507,0.348902,-0.43818,0.828406,0.193954,0.898504,0.393708,-0.917258,0.023845,0.397408,-0.092126,-0.009076,0.001691,-0.014384,0.106092,-0.204226,0.539529,0.046718,0.030182,-0.003366,-0.240849,0.50339,0.829813,-0.330337,-0.846453,0.417605,0.912616,-0.173537,0.370156,-0.046097,-0.004153,0.001189,-0.000441,0.010124,-0.041207,0.521916,0.111034,0.039209,-0.052921,-0.224309,-0.49313,-0.840539,-0.127113,-0.840344,0.526937,-0.966191,0.22504,0.125814,0.008272,-0.053651,0.0284,0.046554,1.241049,0.20563,0.414249
3316,0.193137,0.029388,0.375923,-0.179345,-0.580237,-0.794485,-0.145843,-0.782977,0.604689,-0.972708,0.225036,0.056793,0.016661,-0.104588,0.058614,0.07173,1.276163,0.251187,0.437869,-0.147538,0.016115,0.346545,0.350885,-0.441467,0.82582,0.194619,0.89694,0.396933,-0.916362,0.021985,0.399575,-0.092319,-0.006353,0.003659,-0.001463,0.004127,-0.03236,0.539538,0.04585,0.030143,-0.003346,-0.242308,0.506816,0.827299,-0.330577,-0.844814,0.420722,0.912142,-0.171542,0.372247,-0.046209,-0.002605,0.002315,-0.013971,0.109006,-0.208759,0.521752,0.111204,0.038181,-0.052361,-0.239467,-0.482643,-0.842443,-0.125543,-0.845012,0.519801,-0.962753,0.230238,0.14176,0.008297,-0.052269,0.029297,-0.031507,1.097285,-0.079682,0.412453
3317,0.193382,0.025389,0.378244,-0.20793,-0.567582,-0.796657,-0.135508,-0.789892,0.598064,-0.968469,0.23301,0.088326,0.004159,-0.098971,0.062718,0.059378,1.27178,-0.024751,0.426178,-0.150975,0.016169,0.346687,0.356348,-0.451383,0.818084,0.197226,0.892096,0.406449,-0.913699,0.017066,0.405865,-0.079431,0.000383,0.007362,-0.027292,-0.166701,0.221916,0.539612,0.044126,0.030169,-0.003275,-0.246202,0.517178,0.819701,-0.331965,-0.839576,0.43001,0.910594,-0.166243,0.37839,-0.046896,0.005261,-0.000138,-0.085116,-0.421235,0.554689,0.522079,0.111336,0.03617,-0.051208,-0.267584,-0.469249,-0.841547,-0.116099,-0.851331,0.51162,-0.956513,0.234604,0.173322,-0.00444,-0.044865,0.026744,0.051564,1.065357,-0.156072,0.395471
3318,0.19335,0.022194,0.380582,-0.228399,-0.560832,-0.795831,-0.11369,-0.796483,0.593853,-0.966638,0.226806,0.11915,0.002945,-0.064944,0.052732,4.509552,-2.164407,-0.694665,0.431647,-0.154039,0.016507,0.346903,0.359254,-0.456666,0.81387,0.199379,0.889436,0.411199,-0.912095,0.015106,0.409533,-0.080606,0.015507,0.002003,0.038989,-0.033943,0.038803,0.539446,0.042595,0.030335,-0.003163,-0.248352,0.522933,0.81539,-0.333457,-0.836468,0.434886,0.909465,-0.163893,0.382114,-0.039773,0.00257,0.005434,0.002962,-0.022703,0.016772,0.521916,0.111322,0.034515,-0.050017,-0.292381,-0.460521,-0.838112,-0.099463,-0.857012,0.505604,-0.951114,0.23119,0.20477,-0.004607,-0.037556,0.031175,0.082058,1.229361,-0.055095,0.390899
3319,0.193307,0.019596,0.382837,-0.249282,-0.557028,-0.792227,-0.105944,-0.797459,0.593976,-0.962324,0.232687,0.14077,0.00289,-0.062225,0.054586,0.009178,0.705032,-0.001581,0.445945,-0.156898,0.017111,0.347056,0.360834,-0.459227,0.811727,0.201194,0.888122,0.413153,-0.911075,0.0148,0.41181,-0.068333,0.028646,-0.00598,0.064568,0.042579,-0.083897,0.539334,0.041135,0.030647,-0.003082,-0.249552,0.525701,0.813241,-0.334987,-0.834827,0.43686,0.908574,-0.163406,0.384435,-0.034178,0.014394,-0.002886,0.064702,0.042942,-0.084355,0.521915,0.1113,0.033226,-0.048883,-0.310273,-0.457956,-0.833069,-0.087115,-0.858934,0.504621,-0.946647,0.229144,0.226609,-0.004898,-0.031023,0.027568,0.100363,0.98001,-0.069724,0.407228
3320,0.193288,0.018343,0.38394,-0.254999,-0.560758,-0.787763,-0.102208,-0.794503,0.598573,-0.961223,0.233844,0.146269,0.002888,-0.062295,0.054676,-0.151754,0.307994,-0.220382,0.447129,-0.158236,0.017549,0.347062,0.367318,-0.456624,0.810286,0.191854,0.889571,0.414475,-0.910506,0.003775,0.413314,-0.055126,0.031048,-0.005384,0.045025,-0.107911,0.121801,0.539313,0.040487,0.030853,-0.003078,-0.256392,0.524148,0.812115,-0.325922,-0.837876,0.437877,0.909965,-0.152418,0.385656,-0.033581,0.009019,0.001317,-0.093224,-0.009291,-0.167572,0.521916,0.111291,0.032603,-0.04833,-0.316989,-0.461293,-0.828689,-0.082858,-0.856939,0.508713,-0.944802,0.22992,0.233418,0.001412,-0.031038,0.027401,-0.185426,0.367101,-0.414792,0.413596
3321,0.1933,0.015992,0.386046,-0.259908,-0.56507,-0.783064,-0.096462,-0.791686,0.603241,-0.960496,0.233022,0.152237,0.002383,-0.050636,0.046508,-0.126779,0.058179,-0.089538,0.4449,-0.160733,0.018744,0.346896,0.379565,-0.455405,0.805313,0.173962,0.88998,0.421434,-0.90909,-0.019306,0.415987,-0.067954,0.031619,-0.003969,-0.054781,0.278545,0.074589,0.539156,0.039243,0.031452,-0.003161,-0.269931,0.524791,0.807298,-0.30828,-0.84139,0.443875,0.912194,-0.129059,0.3889,-0.027459,0.016661,-0.001854,-0.153498,0.389014,0.222335,0.521752,0.111297,0.031425,-0.047273,-0.321601,-0.466282,-0.824107,-0.076918,-0.854602,0.513553,-0.943745,0.228548,0.238975,0.001401,-0.030309,0.02795,-0.10658,-0.035134,-0.145181,0.415882
3322,0.193416,0.013831,0.38796,-0.251359,-0.568689,-0.783236,-0.083092,-0.793553,0.602778,-0.964024,0.217297,0.153193,0.002424,-0.05281,0.045427,-0.058574,-0.037243,-0.120953,0.43435,-0.163112,0.0203,0.346673,0.390541,-0.448525,0.803924,0.144412,0.892233,0.427783,-0.909628,-0.050417,0.412188,-0.068687,0.04709,-0.009078,0.029489,0.147578,0.069117,0.538501,0.038053,0.032221,-0.003272,-0.280787,0.52024,0.806541,-0.278851,-0.848318,0.450109,0.918368,-0.09852,0.383266,-0.027833,0.023931,-0.004743,0.026346,0.116059,0.149084,0.521915,0.111355,0.03035,-0.046313,-0.312995,-0.470137,-0.82523,-0.063731,-0.856532,0.512142,-0.947613,0.212891,0.238128,0.001188,-0.026551,0.022632,0.205526,-0.352112,-0.031973,0.407391
3323,0.193505,0.012941,0.388754,-0.254948,-0.56919,-0.78171,-0.084248,-0.792278,0.604293,-0.962976,0.220625,0.155014,0.001935,-0.041754,0.036687,-0.120792,0.08753,-0.057706,0.435118,-0.164357,0.02131,0.346471,0.388931,-0.447933,0.805034,0.13438,0.891992,0.431538,-0.911851,-0.059105,0.406076,-0.069448,0.05998,-0.016011,0.050117,0.187917,0.094175,0.538504,0.037405,0.032744,-0.003377,-0.278957,0.519456,0.80768,-0.268739,-0.84969,0.453657,0.921933,-0.090505,0.376625,-0.034731,0.030136,-0.007849,0.085385,0.150784,0.070452,0.521752,0.111399,0.029899,-0.045913,-0.316421,-0.470856,-0.823511,-0.064549,-0.855417,0.513901,-0.946419,0.215766,0.240279,0.001184,-0.026122,0.022913,-0.16377,-0.006007,0.097052,0.404288
3324,0.193421,0.011672,0.389989,-0.255188,-0.567958,-0.782527,-0.076951,-0.794828,0.601912,-0.963522,0.214519,0.160105,-0.011817,-0.018337,0.020314,-0.037346,0.114522,-0.033165,0.432477,-0.166961,0.023497,0.345987,0.385655,-0.455508,0.802355,0.110347,0.886075,0.450142,-0.916451,-0.084498,0.390947,-0.06884,0.058975,-0.016851,-0.061161,0.384864,0.222722,0.538197,0.036155,0.0338,-0.003601,-0.27523,0.526014,0.804709,-0.243311,-0.847899,0.471027,0.930079,-0.066154,0.361352,-0.027496,0.024791,-0.004202,-0.309296,0.516278,0.299229,0.521916,0.111362,0.029251,-0.045292,-0.316801,-0.469442,-0.824172,-0.057348,-0.857859,0.510674,-0.946756,0.209047,0.24485,0.000674,-0.013817,0.014862,-0.095999,0.068909,-0.011083,0.399553
3325,0.193469,0.011115,0.390695,-0.258408,-0.564643,-0.783868,-0.072458,-0.797815,0.598509,-0.963008,0.212155,0.166229,0.000427,-0.006999,0.011198,-0.016169,0.054715,0.000244,0.435278,-0.169454,0.025883,0.345088,0.39054,-0.454606,0.800502,0.066285,0.881103,0.468185,-0.918631,-0.12922,0.373206,-0.07001,0.076571,-0.03644,-4.459991,-2.177629,-1.564869,0.537815,0.034882,0.035014,-0.004046,-0.277361,0.527583,0.802948,-0.203579,-0.849033,0.487542,0.938949,-0.028239,0.342893,-0.034558,0.032707,-0.014127,-0.169518,0.576872,0.58144,0.522079,0.111382,0.028969,-0.04493,-0.320046,-0.465998,-0.824873,-0.053236,-0.860447,0.50675,-0.945904,0.206096,0.250575,0.000198,-0.003425,0.005643,-0.046689,0.011736,-0.01891,0.397267
3326,0.193409,0.011235,0.390732,-0.266758,-0.562336,-0.782729,-0.069186,-0.798892,0.597459,-0.96096,0.214226,0.175184,-0.000488,0.010839,-0.008973,0.063662,0.056647,0.04989,0.441655,-0.171928,0.028932,0.343529,0.387821,-0.463667,0.796617,0.052717,0.873917,0.483139,-0.920656,-0.1448,0.362338,-0.057373,0.085563,-0.046881,-1.358493,-0.354931,-0.006633,0.536701,0.03364,0.036535,-0.004821,-0.276299,0.534203,0.798927,-0.185426,-0.8453,0.501082,0.943013,-0.009694,0.332611,-0.034564,0.036565,-0.019512,-4.188716,-2.693709,-1.808153,0.522079,0.111351,0.02903,-0.044905,-0.328247,-0.463733,-0.822924,-0.050056,-0.861432,0.505399,-0.943264,0.207088,0.259549,-0.006378,0.000108,0.000289,0.002748,0.051216,-0.012353,0.407554
3327,0.193326,0.011394,0.39061,-0.268894,-0.560591,-0.783248,-0.06808,-0.800105,0.59596,-0.960441,0.214267,0.177958,-0.000486,0.010785,-0.009002,0.062055,0.052931,0.048255,0.43802,-0.173208,0.030465,0.342678,0.392934,-0.465873,0.792816,0.042175,0.870299,0.490646,-0.919035,-0.158775,0.360594,-0.069873,0.084135,-0.046792,-0.37298,-0.418417,0.959389,0.536808,0.033005,0.0373,-0.005248,-0.280711,0.536581,0.79579,-0.172785,-0.843833,0.508026,0.944111,0.005108,0.329586,-0.034553,0.035925,-0.019768,-1.50037,-1.91873,2.214995,0.522079,0.11131,0.029107,-0.044967,-0.330277,-0.461965,-0.823107,-0.049126,-0.862447,0.503756,-0.942604,0.206815,0.262152,-0.006611,0.00521,-0.004382,0.044326,0.048449,0.010424,0.407881
3328,0.1933,0.012035,0.390181,-0.268233,-0.559639,-0.784156,-0.066631,-0.80126,0.59457,-0.960728,0.212424,0.178616,-0.000545,0.014533,-0.006826,0.035739,-0.00888,0.020387,0.434494,-0.175991,0.033697,0.340869,0.389557,-0.48287,0.784266,0.053193,0.861823,0.504346,-0.919897,-0.154153,0.360402,-0.081906,0.082976,-0.046403,0.106044,0.178553,0.314519,0.536991,0.031618,0.038915,-0.006154,-0.274905,0.553495,0.786174,-0.181455,-0.832851,0.522907,0.944193,0.001095,0.32939,-0.03496,0.047758,-0.027127,0.077789,0.325073,0.282308,0.522405,0.111296,0.02942,-0.045186,-0.32938,-0.461097,-0.823952,-0.047983,-0.863346,0.502324,-0.942977,0.204992,0.262244,-0.000514,0.012867,-0.007789,0.072276,-0.032256,0.065838,0.404615
3329,0.193296,0.012876,0.389741,-0.270392,-0.556437,-0.785692,-0.069875,-0.802598,0.592389,-0.95989,0.215765,0.179118,-0.00056,0.015431,-0.006303,0.000563,0.017583,0.028379,0.428058,-0.178925,0.036941,0.339138,0.386265,-0.503914,0.772568,0.064894,0.850256,0.52229,-0.920531,-0.15098,0.360126,-0.080326,0.074293,-0.036514,-0.042301,0.337852,0.524498,0.536722,0.03015,0.040535,-0.007027,-0.26961,0.572847,0.774051,-0.190813,-0.819659,0.540137,0.943874,-0.002073,0.330295,-0.040515,0.042643,-0.02222,-0.013282,0.36384,0.554065,0.522569,0.111295,0.029833,-0.045399,-0.331477,-0.457814,-0.824941,-0.05127,-0.864342,0.500282,-0.942068,0.208127,0.263037,-0.000277,0.007942,-0.003017,-0.356943,0.292118,0.107249,0.399553
3330,0.193359,0.013268,0.389577,-0.272868,-0.553726,-0.78675,-0.074148,-0.803249,0.590987,-0.958866,0.220281,0.179107,0.011624,0.027796,-0.014823,0.073293,-0.044882,0.096325,0.42486,-0.180505,0.038416,0.338448,0.391965,-0.506939,0.767703,0.060087,0.846713,0.528583,-0.918451,-0.160425,0.36135,-0.079908,0.075722,-0.035439,0.109822,-1.52752,2.499308,0.536633,0.02939,0.041247,-0.007362,-0.272243,0.575592,0.771088,-0.184157,-0.817711,0.545375,0.944441,0.006474,0.328615,-0.039952,0.037601,-0.017854,-0.327122,-0.081464,0.134816,0.522406,0.111321,0.030026,-0.045483,-0.334048,-0.454929,-0.8255,-0.055758,-0.864738,0.499116,-0.940904,0.212757,0.263498,-0.000293,0.009021,-0.002394,0.037221,-0.02269,0.047354,0.395797
3331,0.193584,0.013979,0.389442,-0.280988,-0.546633,-0.78885,-0.088005,-0.803828,0.588292,-0.955334,0.235401,0.178746,0.012509,0.010136,0.005373,-1.306054,0.948345,0.351954,0.40397,-0.183724,0.04073,0.337589,0.40967,-0.503485,0.7607,0.037717,0.842432,0.537419,-0.911911,-0.190845,0.363124,-0.077772,0.055874,-0.017961,0.122753,-0.073022,0.099204,0.536257,0.02775,0.042434,-0.007811,-0.291288,0.577334,0.762781,-0.161832,-0.815605,0.555515,0.942847,0.038372,0.331007,-0.044838,0.022295,-0.004586,0.085579,0.00957,-0.14369,0.522242,0.111433,0.030393,-0.045561,-0.341129,-0.447984,-0.826402,-0.068282,-0.865004,0.497096,-0.937533,0.226003,0.264489,0.005871,0.010263,-0.002108,-4.327272,3.201422,1.057081,0.377345
3332,0.193872,0.014637,0.389592,-0.290606,-0.538408,-0.791018,-0.096385,-0.806021,0.583963,-0.951631,0.24661,0.183329,-0.000261,0.014617,0.008357,0.049019,0.104517,0.079701,0.386742,-0.187143,0.042412,0.337372,0.410963,-0.507294,0.757466,0.042016,0.840437,0.540218,-0.911143,-0.18955,0.365723,-0.088386,0.035858,9.4e-05,0.059957,0.064418,-0.147279,0.535953,0.026045,0.043283,-0.007926,-0.292444,0.581127,0.759451,-0.165964,-0.812961,0.558165,0.94177,0.03719,0.334192,-0.044181,0.018328,0.000383,0.065587,0.04352,-0.130814,0.522079,0.111583,0.030718,-0.045488,-0.351591,-0.438903,-0.82689,-0.078283,-0.866407,0.493163,-0.932874,0.238123,0.270262,0.006188,0.008103,0.00441,0.064389,0.105052,0.148604,0.347627
3333,0.194079,0.015248,0.389954,-0.296547,-0.532596,-0.792747,-0.094934,-0.809535,0.57932,-0.949935,0.247712,0.190495,0.012346,0.01563,0.008437,0.02244,0.008841,0.103769,0.400876,-0.190486,0.043072,0.337792,0.417856,-0.501591,0.757492,0.032093,0.841309,0.53954,-0.908414,-0.200514,0.366663,-0.086478,-0.00058,0.021308,-0.048983,0.103305,-0.197643,0.532789,0.024373,0.043632,-0.007719,-0.300341,0.57668,0.75976,-0.156419,-0.815529,0.557176,0.940919,0.048502,0.33514,-0.04351,0.005578,0.007004,-0.013505,0.092604,-0.18645,0.522079,0.111681,0.031028,-0.045304,-0.357967,-0.432543,-0.827505,-0.077059,-0.869524,0.487841,-0.930548,0.238398,0.27793,-0.000136,0.007218,0.004102,-0.009701,-0.003221,0.031007,0.344687
