frame,MLTx,MLTy,MLTz,MLTR1,MLTR2,MLTR3,MLTR4,MLTR5,MLTR6,MLTR7,MLTR8,MLTR9,MLTTVx,MLTTVy,MLTTVz,MLTRVx,MLTRVy,MLTRVz,MLGA,MRTx,MRTy,MRTz,MRTR1,MRTR2,MRTR3,MRTR4,MRTR5,MRTR6,MRTR7,MRTR8,MRTR9,MRTTVx,MRTTVy,MRTTVz,MRTRVx,MRTRVy,MRTRVz,MRGA,SLTx,SLTy,SLTz,SLTR1,SLTR2,SLTR3,SLTR4,SLTR5,SLTR6,SLTR7,SLTR8,SLTR9,SLTTVx,SLTTVy,SLTTVz,SLTRVx,SLTRVy,SLTRVz,SLGA,SRTx,SRTy,SRTz,SRTR1,SRTR2,SRTR3,SRTR4,SRTR5,SRTR6,SRTR7,SRTR8,SRTR9,SRTTVx,SRTTVy,SRTTVz,SRTRVx,SRTRVy,SRTRVz,SRGA
78,0.173186,-0.012058,0.330368,-0.766125,0.156886,-0.623285,-0.326435,-0.930337,0.166986,-0.552719,0.331193,0.764748,5.4e-05,0.001065,0.000993,-0.0,-0.0,-0.0,0.512173,-0.190485,-0.057831,0.295504,0.609946,-0.54449,0.57575,0.590233,0.796892,0.128536,-0.529564,0.262093,0.80668,-0.00013,-0.001418,-0.001982,-0.0,-0.0,-0.0,0.279839,0.031432,0.02521,-0.009478,-0.574502,0.57199,0.585469,-0.615302,-0.773512,0.151928,0.539769,-0.272957,0.796331,-0.000398,0.004516,-0.005536,0.03672,-0.010902,0.018471,0.209051,0.089067,0.044513,-0.040196,0.789241,-0.074925,-0.609494,0.218823,0.961688,0.165137,0.573771,-0.263705,0.775399,3.3e-05,0.000674,0.000629,-4e-05,1.9e-05,7.9e-05,0.506998
79,0.17322,-0.012033,0.33039,-0.766953,0.152454,-0.623367,-0.321026,-0.932234,0.166894,-0.554731,0.327922,0.764701,5.6e-05,0.001109,0.001034,0.0,-0.0,-0.0,0.512419,-0.190445,-0.057778,0.295379,0.616363,-0.537205,0.575759,0.580891,0.803767,0.128288,-0.532468,0.256039,0.806713,-0.000193,-0.00211,-0.002952,-3.183718,-0.695233,-4.483578,0.268238,0.031446,0.025239,-0.009537,-0.577858,0.568464,0.5856,-0.610839,-0.777104,0.1516,0.541252,-0.270105,0.796296,-0.00039,0.00461,-0.005407,0.036699,-0.010961,0.01854,0.195824,0.089078,0.044526,-0.040185,0.789588,-0.070394,-0.609585,0.213206,0.96298,0.16496,0.575406,-0.260218,0.775366,4.1e-05,0.000822,0.000767,-0.00022,5.9e-05,0.000157,0.506998
80,0.173288,-0.011963,0.330454,-0.766741,0.152708,-0.623565,-0.321279,-0.932186,0.166675,-0.554877,0.32794,0.764588,8.1e-05,0.001606,0.001497,0.0,0.0,0.0,0.512225,-0.190415,-0.057643,0.29512,0.619491,-0.533722,0.575642,0.576591,0.806927,0.12785,-0.533515,0.253362,0.806866,0.015284,0.008957,-0.012378,0.036143,-0.026687,0.044016,0.245595,0.031462,0.025301,-0.009665,-0.584444,0.561545,0.585741,-0.602013,-0.784077,0.151008,0.544063,-0.264368,0.796306,-9.3e-05,-0.001074,-0.001504,-0.009364,0.011862,-0.035516,0.167248,0.089117,0.044562,-0.040152,0.789398,-0.070696,-0.609797,0.213492,0.962956,0.164732,0.575562,-0.260225,0.775248,4.1e-05,0.000823,0.000767,-0.000108,3e-05,0.000148,0.506672
81,0.173378,-0.011889,0.330534,-0.766571,0.152919,-0.623723,-0.321501,-0.932139,0.166515,-0.554983,0.327978,0.764495,0.000106,0.002109,0.001964,0.0,0.0,0.0,0.512043,-0.190436,-0.057504,0.294816,0.619525,-0.533658,0.575665,0.576936,0.80678,0.127215,-0.533102,0.253962,0.80695,-0.000202,-0.002209,-0.003096,-0.0,-0.0,-0.0,0.20978,0.031457,0.025375,-0.00982,-0.58446,0.561527,0.585741,-0.602417,-0.783886,0.150381,0.543598,-0.264969,0.796424,-0.000444,0.004013,-0.006247,0.036671,-0.01093,0.018373,0.129855,0.089162,0.044598,-0.040113,0.789254,-0.07093,-0.609955,0.213726,0.96293,0.164576,0.575671,-0.260256,0.775157,6e-05,0.001206,0.001122,0.000735,-0.014443,0.024999,0.506508
82,0.173468,-0.011829,0.330616,-0.76634,0.153201,-0.623938,-0.32181,-0.932068,0.166313,-0.555124,0.328046,0.764363,7.3e-05,0.001463,0.001362,0.0,0.0,0.0,0.512163,-0.190458,-0.05738,0.294491,0.619537,-0.533665,0.575645,0.57733,0.806593,0.12662,-0.532661,0.254545,0.807057,-0.000827,0.008805,-0.011407,0.036417,-0.010997,0.018005,0.163559,0.031446,0.025431,-0.009982,-0.584468,0.561529,0.585731,-0.602807,-0.783696,0.149807,0.543156,-0.265525,0.79654,-0.000101,-0.001165,-0.001635,0.000168,2.5e-05,0.000253,0.071234,0.089207,0.044629,-0.040071,0.789059,-0.071243,-0.610171,0.21405,0.962892,0.164379,0.575819,-0.260312,0.775028,4.1e-05,0.000864,0.000803,-3.8e-05,1.7e-05,4.1e-05,0.506508
83,0.173524,-0.011799,0.330656,-0.766211,0.153359,-0.624058,-0.321981,-0.93203,0.166197,-0.555203,0.328081,0.764291,0.000119,0.00238,0.002213,0.000804,-0.014479,0.024905,0.512218,-0.190467,-0.057319,0.294363,0.619496,-0.533819,0.575546,0.577603,0.806424,0.126447,-0.532412,0.254757,0.807155,-0.000144,-0.001573,-0.00221,0.0,0.0,0.0,0.143371,0.031441,0.025466,-0.01005,-0.584419,0.561697,0.58562,-0.603106,-0.783502,0.149626,0.542879,-0.265747,0.796655,-0.000404,0.004458,-0.005627,0.036564,-0.010951,0.018195,0.042658,0.089235,0.044642,-0.040053,0.78896,-0.0714,-0.610281,0.214213,0.962873,0.164278,0.575894,-0.260339,0.774963,2.9e-05,0.000617,0.000571,-2.7e-05,1.1e-05,3.8e-05,0.506835
84,0.173634,-0.011751,0.330711,-0.765979,0.153644,-0.624272,-0.322276,-0.931967,0.165974,-0.555351,0.328124,0.764164,7.5e-05,0.001515,0.001409,0.0,0.0,0.0,0.512074,-0.190446,-0.057174,0.294154,0.619478,-0.533913,0.575477,0.577988,0.806217,0.126007,-0.532014,0.255214,0.807273,-0.000708,0.010107,-0.009581,0.036416,-0.011013,0.017996,0.093927,0.031452,0.025534,-0.010151,-0.584398,0.561781,0.585559,-0.603477,-0.783295,0.149207,0.542488,-0.266176,0.796779,-3.6e-05,-0.000434,-0.00061,9.6e-05,2.6e-05,0.000139,-0.018086,0.08929,0.044667,-0.040024,0.788754,-0.071725,-0.610508,0.214532,0.962841,0.164048,0.576056,-0.260367,0.774833,4.6e-05,0.000919,0.000852,-1.5e-05,2e-06,4.7e-05,0.506508
85,0.173733,-0.011715,0.330756,-0.766683,0.149347,-0.624451,-0.317003,-0.933807,0.165789,-0.557407,0.324869,0.764058,0.014322,0.000325,-0.000102,3.452031,-0.930949,-4.193033,0.512172,-0.190441,-0.057079,0.294054,0.619624,-0.535877,0.573492,0.57841,0.805597,0.12802,-0.531385,0.253045,0.80837,-0.00065,0.010739,-0.008693,0.036416,-0.01102,0.017993,0.033238,0.031455,0.025581,-0.010201,-0.584522,0.563747,0.583543,-0.603829,-0.782633,0.151241,0.541962,-0.263957,0.797874,5e-06,2e-05,2.8e-05,0.001485,0.00179,-0.001278,-0.090751,0.089334,0.044687,-0.04,0.788531,-0.072072,-0.610756,0.214872,0.962808,0.163799,0.576236,-0.260395,0.774691,1.4e-05,0.000303,0.00028,-2.1e-05,9e-06,4.6e-05,0.506182
86,0.173766,-0.011705,0.330779,-0.766616,0.14943,-0.624513,-0.317099,-0.933783,0.165738,-0.557444,0.324899,0.764019,3.1e-05,0.000633,0.000588,0.0,-0.0,-0.0,0.512063,-0.190431,-0.057052,0.29402,0.619795,-0.537735,0.571565,0.57864,0.805087,0.13017,-0.530935,0.25071,0.809392,-2e-06,-2.1e-05,-3e-05,-1e-06,-1e-06,1e-06,0.000717,0.031459,0.025599,-0.010221,-0.58467,0.565621,0.581578,-0.60401,-0.782075,0.153394,0.541601,-0.261594,0.798897,3e-06,1.6e-05,2.3e-05,0.002869,0.003539,-0.002646,-0.133696,0.089356,0.044692,-0.039989,0.788929,-0.067452,-0.61077,0.209172,0.964076,0.163717,0.577787,-0.256917,0.774696,1.7e-05,0.000351,0.000324,-0.000198,4.8e-05,0.000135,0.506508
87,0.173842,-0.011688,0.330806,-0.766486,0.149595,-0.624633,-0.317275,-0.933745,0.165618,-0.557523,0.324933,0.763946,4.1e-05,0.000839,0.000779,0.0,0.0,0.0,0.512016,-0.190325,-0.057003,0.293974,0.622336,-0.547007,0.559886,0.580033,0.802513,0.139527,-0.52642,0.23859,0.815978,-0.0,-0.0,-0.0,-0.028322,-0.146557,0.210444,-0.057544,0.031512,0.025624,-0.010243,-0.587258,0.574752,0.569902,-0.60499,-0.779441,0.16266,0.537694,-0.249262,0.805452,0.008054,5e-05,-0.000528,-0.144372,-0.188293,0.159859,-0.204401,0.089395,0.044699,-0.039976,0.788818,-0.067638,-0.610892,0.209362,0.964055,0.1636,0.577868,-0.256949,0.774625,2.1e-05,0.000433,0.000399,-9.7e-05,2.1e-05,0.000103,0.506672
88,0.173886,-0.0117,0.330835,-0.766437,0.149661,-0.624677,-0.317382,-0.933707,0.165624,-0.557529,0.32501,0.76391,4.6e-05,0.000937,0.00087,0.0,0.0,0.0,0.512132,-0.190132,-0.05702,0.293953,0.621951,-0.552861,0.554538,0.581961,0.800109,0.145189,-0.524742,0.233097,0.818642,0.016052,-0.000468,-0.001862,0.002045,-0.015205,0.029245,-0.11086,0.031603,0.025617,-0.010252,-0.586723,0.580622,0.564476,-0.606745,-0.776851,0.168413,0.536299,-0.243681,0.808085,-3.1e-05,-0.000364,-0.000511,0.001704,0.002217,-0.001444,-0.257797,0.089416,0.044692,-0.039963,0.788778,-0.067711,-0.610936,0.209475,0.964029,0.163608,0.577882,-0.257026,0.774589,0.000136,-0.004885,0.004764,-0.035756,0.012134,-0.018647,0.506345
89,0.173897,-0.011702,0.330847,-0.766339,0.149777,-0.624769,-0.317513,-0.933677,0.165543,-0.557589,0.325043,0.763851,5.4e-05,0.001109,0.00103,0.0,0.0,0.0,0.512155,-0.190063,-0.05706,0.293891,0.621824,-0.555554,0.551983,0.582779,0.799021,0.147882,-0.523984,0.23041,0.819888,0.015894,-0.002249,-0.004369,0.014138,-0.110897,0.203313,-0.147029,0.031637,0.0256,-0.010279,-0.586604,0.583188,0.561948,-0.607374,-0.775776,0.171075,0.535715,-0.24096,0.809288,-0.000128,-0.001454,-0.002046,0.001775,0.018231,-0.028441,-0.287516,0.089422,0.04469,-0.039958,0.788695,-0.067839,-0.611029,0.20961,0.964013,0.163529,0.577946,-0.257053,0.774532,3.1e-05,0.000631,0.000586,0.000753,-0.014446,0.025,0.506508
90,0.173899,-0.011714,0.330878,-0.766344,0.149775,-0.624764,-0.317554,-0.933652,0.165606,-0.55756,0.325116,0.763842,1.5e-05,0.000307,0.000285,0.0,0.0,0.0,0.511949,-0.189871,-0.057207,0.293669,0.622319,-0.560826,0.546063,0.58327,0.797416,0.154463,-0.522848,0.223066,0.822639,-0.000401,-0.004472,-0.006301,-0.450252,-0.56627,0.40534,-0.245162,0.03174,0.025528,-0.010388,-0.586945,0.588075,0.556473,-0.60774,-0.77414,0.177083,0.534926,-0.234253,0.811775,-0.000274,-0.002778,-0.003953,-1.499367,-1.869923,1.323645,-0.371611,0.089423,0.044686,-0.03994,0.788699,-0.067837,-0.611024,0.209653,0.963992,0.163594,0.577925,-0.257129,0.774523,6e-06,0.00015,0.000141,-5.4e-05,1.6e-05,7.9e-05,0.506345
91,0.173889,-0.011711,0.330909,-0.76634,0.149779,-0.624768,-0.317587,-0.933634,0.165642,-0.557546,0.325165,0.763831,2.2e-05,0.000446,0.000414,0.0,0.0,0.0,0.512049,-0.189667,-0.057429,0.293248,0.617292,-0.569518,0.542762,0.583997,0.793912,0.16907,-0.527969,0.213306,0.821956,0.015496,-0.006937,-0.011029,-1.642729,-1.668657,1.505514,-0.346545,0.031836,0.025417,-0.010597,-0.581831,0.595283,0.554175,-0.607828,-0.770995,0.190024,0.540385,-0.226282,0.810419,-0.00032,-0.003653,-0.005168,-0.208376,0.221242,0.320255,-0.470075,0.089418,0.044688,-0.039925,0.788696,-0.067842,-0.611027,0.209689,0.963978,0.16363,0.577917,-0.257181,0.774512,1.2e-05,0.000271,0.000252,-5.6e-05,7e-06,7e-05,0.506508
92,0.173911,-0.011705,0.330914,-0.766302,0.149827,-0.624803,-0.317634,-0.933626,0.165602,-0.557572,0.325168,0.763811,0.0,3e-06,3e-06,0.0,0.0,0.0,0.512432,-0.18937,-0.057622,0.292753,0.604966,-0.577916,0.547741,0.586394,0.788656,0.184654,-0.539454,0.210194,0.815274,-0.000637,-0.007178,-0.010188,-0.374207,0.44723,0.467044,-0.431119,0.031984,0.025322,-0.010844,-0.570486,0.604436,0.556059,-0.609633,-0.765324,0.206457,0.550356,-0.221212,0.805091,-0.000323,-0.003724,-0.00529,-0.030564,-0.00519,0.206294,-0.56315,0.089429,0.044691,-0.039922,0.788664,-0.067894,-0.611063,0.209738,0.963974,0.163591,0.577943,-0.257181,0.774492,-1e-06,-1.6e-05,-1.4e-05,-4e-05,2.6e-05,7.4e-05,0.506672
93,0.173921,-0.011711,0.330907,-0.7663,0.14983,-0.624804,-0.317637,-0.933625,0.165599,-0.557572,0.325168,0.763811,-2e-06,-3.6e-05,-3.3e-05,0.0,0.0,0.0,0.512239,-0.189216,-0.057705,0.292495,0.600438,-0.581175,0.549274,0.587863,0.786377,0.189636,-0.542902,0.209748,0.813097,-0.000619,-0.007008,-0.009967,-0.162243,0.154207,0.290867,-0.470077,0.032061,0.025274,-0.010971,-0.564616,0.607746,0.558437,-0.610745,-0.762752,0.212599,0.555156,-0.221027,0.80184,0.007764,-0.003513,-0.005619,-0.261952,0.26975,0.392294,-0.603973,0.089434,0.044688,-0.039925,0.788663,-0.067898,-0.611064,0.209741,0.963974,0.163588,0.577943,-0.257181,0.774492,-2e-06,-2.6e-05,-2.2e-05,-4e-05,2.2e-05,6.6e-05,0.506672
94,0.173953,-0.011712,0.330906,-0.766261,0.149882,-0.624841,-0.317687,-0.933616,0.165556,-0.557598,0.325171,0.76379,-0.0,-0.0,-0.0,0.0,0.0,0.0,0.512296,-0.188909,-0.057794,0.291983,0.593381,-0.586806,0.550954,0.590662,0.782373,0.197345,-0.5476,0.209049,0.810122,-0.000525,-0.005994,-0.008553,-0.024823,-0.03426,0.177425,-0.547511,0.03222,0.02523,-0.011238,-0.556592,0.613501,0.560197,-0.613383,-0.758246,0.220958,0.560326,-0.220631,0.798345,0.007504,0.00259,-0.008938,0.03716,-0.00067,0.037224,-0.682189,0.08945,0.044687,-0.039926,0.78863,-0.067954,-0.611101,0.209793,0.96397,0.163546,0.57797,-0.257182,0.774472,-1e-06,-0.0,1e-06,-3.7e-05,1.3e-05,6.5e-05,0.506508
95,0.173985,-0.011704,0.330899,-0.766212,0.149943,-0.624886,-0.317732,-0.933613,0.165484,-0.55764,0.32515,0.763769,-0.0,-0.0,-0.0,0.0,0.0,0.0,0.512403,-0.188694,-0.0577,0.291376,0.587462,-0.595684,0.54776,0.59279,0.777469,0.209943,-0.551663,0.202107,0.809126,-0.001086,0.005992,-0.015492,-0.038703,0.089777,0.07902,-0.645042,0.032328,0.025269,-0.011534,-0.550822,0.622057,0.556452,-0.615004,-0.753233,0.233257,0.564237,-0.213737,0.797465,-0.000555,0.002727,-0.008133,-0.068459,0.151657,0.074027,-0.769386,0.089466,0.044691,-0.03993,0.788588,-0.068021,-0.611146,0.20984,0.963972,0.163474,0.578009,-0.257157,0.774451,-0.0,-1e-06,2e-06,-3.1e-05,1.7e-05,6.1e-05,0.506508
96,0.173996,-0.011704,0.330898,-0.766198,0.14996,-0.624898,-0.317749,-0.93361,0.165469,-0.557648,0.325151,0.763762,-0.0,-0.0,-0.0,0.0,0.0,0.0,0.51228,-0.188643,-0.057542,0.291054,0.587683,-0.599544,0.543292,0.593853,0.775616,0.213758,-0.550281,0.197752,0.81114,-0.001732,0.017047,-0.023747,0.069777,-0.006267,0.011928,-0.690708,0.032353,0.025347,-0.011697,-0.550827,0.626081,0.551915,-0.616063,-0.751128,0.237215,0.563075,-0.20935,0.799448,0.007587,0.003502,-0.007659,0.065196,-0.11556,0.185305,-0.79584,0.089471,0.044691,-0.03993,0.788577,-0.06804,-0.611158,0.209857,0.96397,0.16346,0.578018,-0.257157,0.774444,-0.0,-1e-06,1e-06,-2.5e-05,1.2e-05,6.4e-05,0.506508
97,0.174007,-0.011704,0.330898,-0.766185,0.149977,-0.62491,-0.317765,-0.933607,0.165455,-0.557657,0.325152,0.763755,-0.0,-0.0,-0.0,0.0,0.0,0.0,0.512118,-0.188675,-0.056921,0.290279,0.588321,-0.606605,0.534696,0.596033,0.772095,0.220337,-0.547232,0.189816,0.815089,-0.002256,0.029522,-0.029976,0.10411,-0.023685,0.032327,-0.774586,0.032338,0.025652,-0.012082,-0.551575,0.633045,0.543155,-0.617927,-0.747509,0.243711,0.560294,-0.201206,0.803483,-0.000744,0.009771,-0.010091,0.066368,-0.030972,0.040851,-0.806617,0.089477,0.044691,-0.03993,0.788566,-0.068059,-0.611171,0.209874,0.963969,0.163446,0.578026,-0.257157,0.774438,0.0,-1e-06,-1e-06,-3.2e-05,1.3e-05,5.6e-05,0.506672
98,0.174018,-0.011698,0.330903,-0.76616,0.150008,-0.624934,-0.317796,-0.933601,0.165428,-0.557674,0.325154,0.763742,0.0,1e-06,1e-06,0.0,0.0,0.0,0.512119,-0.188808,-0.056002,0.289287,0.59084,-0.612315,0.525328,0.59422,0.770633,0.230133,-0.546491,0.176944,0.818475,-0.001657,0.017928,-0.022519,0.006121,0.047338,0.06577,-0.861021,0.032271,0.026119,-0.012577,-0.554135,0.638707,0.533842,-0.615686,-0.746084,0.253551,0.560236,-0.188177,0.806674,-0.001124,0.014613,-0.015208,0.018334,-0.001125,0.136604,-0.811515,0.089482,0.044695,-0.039927,0.788545,-0.068092,-0.611194,0.209905,0.963967,0.16342,0.578044,-0.257157,0.774425,1e-06,-6e-06,-5e-06,-3.1e-05,1.6e-05,6.1e-05,0.506672
99,0.174029,-0.011691,0.330909,-0.766135,0.150039,-0.624957,-0.317826,-0.933596,0.165402,-0.557692,0.325156,0.763729,3e-06,6.9e-05,6.4e-05,0.0,0.0,0.0,0.511841,-0.189067,-0.055051,0.28806,0.596471,-0.610501,0.521059,0.578896,0.776822,0.247708,-0.556744,0.154643,0.816079,-0.002562,0.02603,-0.035063,-0.083398,0.149862,0.367531,-0.944073,0.032142,0.026594,-0.013182,-0.560204,0.636771,0.529805,-0.599841,-0.752937,0.270694,0.57128,-0.166155,0.80376,-0.001272,0.012906,-0.017681,-0.141315,0.321175,0.22703,-0.824252,0.089488,0.044698,-0.039925,0.788524,-0.068126,-0.611218,0.209937,0.963964,0.163394,0.578062,-0.257157,0.774411,4e-06,3.5e-05,3.2e-05,-3.2e-05,1.7e-05,6e-05,0.506508
100,0.174029,-0.011679,0.330921,-0.765218,0.148066,-0.626548,-0.317527,-0.933388,0.16714,-0.559117,0.326655,0.762045,2.2e-05,0.00045,0.000418,-0.208458,-0.399028,-0.224797,0.512516,-0.189191,-0.05461,0.287341,0.596372,-0.612154,0.51923,0.57168,0.777905,0.26073,-0.564266,0.142098,0.813188,-0.002771,0.023678,-0.038494,-1.404385,-1.779803,1.80023,-0.987764,0.03208,0.026818,-0.013537,-0.559405,0.637002,0.53037,-0.592187,-0.754844,0.282001,0.579982,-0.156326,0.799488,-0.009412,0.011999,-0.018378,-0.079726,0.265797,0.16939,-0.829641,0.089488,0.044704,-0.039919,0.788341,-0.067874,-0.611481,0.209916,0.963928,0.163634,0.578318,-0.257359,0.774153,1.5e-05,0.000282,0.000262,-0.245398,-0.469366,-0.264353,0.506508
101,0.174031,-0.011646,0.330951,-0.765158,0.148135,-0.626605,-0.317597,-0.933375,0.167079,-0.55916,0.32666,0.762011,2.6e-05,0.000533,0.000494,-4.5e-05,-8.5e-05,-4.8e-05,0.512268,-0.189292,-0.053822,0.285897,0.588739,-0.614539,0.525091,0.562338,0.777949,0.280188,-0.581417,0.131081,0.802891,-0.002908,0.022205,-0.040716,-0.310239,0.30542,0.339732,-1.063917,0.032028,0.027219,-0.014276,-0.55221,0.640651,0.533507,-0.582684,-0.754254,0.30262,0.596274,-0.143756,0.789804,-0.001441,0.011005,-0.020491,-0.345074,0.341179,0.353798,-0.8574,0.089489,0.04472,-0.039904,0.787356,-0.066318,-0.612919,0.209692,0.963728,0.165095,0.579739,-0.258513,0.772704,1.6e-05,0.000315,0.000292,0.00232,0.003416,0.001395,0.506508
102,0.174033,-0.011601,0.330992,-0.765074,0.148233,-0.626685,-0.317694,-0.933357,0.166994,-0.559219,0.326667,0.761964,7.6e-05,0.001579,0.001464,-0.0,-0.0,-0.0,0.512437,-0.18926,-0.053165,0.28443,0.582653,-0.618374,0.527371,0.554084,0.776874,0.298984,-0.595313,0.118769,0.794581,0.013801,0.010567,-0.034656,-0.526115,0.181046,0.069828,-1.138801,0.032039,0.027542,-0.014998,-0.546016,0.644356,0.535415,-0.574335,-0.753178,0.32072,0.609922,-0.13239,0.781324,-0.001457,0.010809,-0.020841,-1.263931,-0.001561,-0.796482,-0.874872,0.08949,0.044741,-0.039885,0.7873,-0.06645,-0.612977,0.209796,0.963724,0.164986,0.579778,-0.258494,0.772681,4.4e-05,0.000912,0.000847,0.000759,-0.014372,0.025066,0.506835
103,0.174045,-0.011582,0.33101,-0.765025,0.148291,-0.626731,-0.317753,-0.933346,0.166943,-0.559254,0.326671,0.761937,8e-05,0.00167,0.001549,0.000807,-0.014471,0.02491,0.512053,-0.189212,-0.052872,0.283714,0.578074,-0.622578,0.527465,0.551965,0.77435,0.309275,-0.601713,0.11313,0.790573,0.013154,0.021624,-0.042981,-0.361068,0.480689,0.587531,-1.172748,0.032063,0.027683,-0.015354,-0.542488,0.647805,0.534841,-0.571617,-0.751202,0.330073,0.615597,-0.126664,0.777815,-0.001128,0.005407,-0.016546,-0.036768,0.080395,0.277055,-0.876178,0.089496,0.044751,-0.039876,0.787259,-0.066518,-0.613024,0.209861,0.963719,0.164936,0.579812,-0.258497,0.772656,4e-05,0.000803,0.000744,0.000735,-0.014436,0.025006,0.506672
104,0.174067,-0.011563,0.331027,-0.764962,0.148367,-0.62679,-0.317827,-0.933332,0.166878,-0.559297,0.326676,0.761904,2.8e-05,0.000588,0.000545,-0.0,-0.0,-0.0,0.51247,-0.189133,-0.052293,0.282401,0.572991,-0.626407,0.528476,0.546581,0.772473,0.323215,-0.611413,0.104431,0.784303,-0.002781,0.023831,-0.038574,-0.291299,0.379821,0.361743,-1.214477,0.032108,0.027968,-0.016018,-0.536787,0.651745,0.535805,-0.565978,-0.749125,0.344208,0.625721,-0.118488,0.770994,0.007011,0.006337,-0.015855,-0.395488,0.176486,0.659168,-0.893161,0.089507,0.044762,-0.039866,0.787206,-0.066602,-0.613082,0.20994,0.963712,0.164872,0.579855,-0.258498,0.772623,2e-05,0.000425,0.000394,-5.7e-05,6e-06,8.2e-05,0.506835
105,0.174099,-0.011563,0.331026,-0.764923,0.148418,-0.626826,-0.317877,-0.933323,0.166834,-0.559323,0.326679,0.761883,0.0,0.0,0.0,-0.0,-0.0,-0.0,0.511831,-0.189162,-0.051684,0.281099,0.566801,-0.630456,0.530333,0.544137,0.76973,0.333713,-0.619312,0.100206,0.778636,-0.0021,0.013185,-0.029773,-0.148057,0.259127,0.183799,-1.235813,0.032095,0.028268,-0.016657,-0.529743,0.655836,0.53782,-0.563018,-0.746158,0.355328,0.634336,-0.11457,0.76452,-0.001065,0.006182,-0.015492,-0.304246,0.440571,0.248997,-0.890875,0.089523,0.044762,-0.039866,0.787172,-0.066658,-0.613119,0.209991,0.963708,0.164829,0.579881,-0.258499,0.772602,-1e-06,-1.7e-05,-1.4e-05,-3.6e-05,3.5e-05,9.5e-05,0.506508
106,0.174153,-0.01157,0.331018,-0.764869,0.14849,-0.626875,-0.317946,-0.933311,0.166774,-0.559358,0.326683,0.761856,-0.0,-0.0,-0.0,-0.0,-0.0,-0.0,0.512331,-0.189261,-0.05098,0.279868,0.557779,-0.64001,0.528452,0.546004,0.762388,0.347242,-0.62582,0.095646,0.773992,-0.002677,0.025097,-0.036846,0.024881,0.092173,0.067755,-1.244548,0.032044,0.028625,-0.017284,-0.519299,0.665497,0.536135,-0.564112,-0.738199,0.369917,0.641953,-0.110343,0.758761,-0.000943,0.007556,-0.013485,0.064734,-0.050958,0.226634,-0.884506,0.08955,0.044758,-0.03987,0.787127,-0.066736,-0.613168,0.210062,0.963703,0.16477,0.579917,-0.258499,0.772576,1e-06,-2e-06,1e-06,-3.6e-05,3.6e-05,8.8e-05,0.506508
107,0.174185,-0.011571,0.331016,-0.764829,0.148541,-0.626911,-0.317995,-0.933301,0.166731,-0.559384,0.326685,0.761836,-0.0,-0.0,-0.0,-0.0,-0.0,-0.0,0.512424,-0.189343,-0.050572,0.279235,0.555498,-0.639621,0.531318,0.541966,0.763022,0.352141,-0.631337,0.093136,0.769806,-0.002639,0.025545,-0.03621,-0.036785,0.154742,0.142669,-1.244271,0.032003,0.028839,-0.017614,-0.517198,0.664924,0.538871,-0.560051,-0.739037,0.374387,0.647185,-0.108164,0.75462,-0.001297,0.012792,-0.018074,0.006622,0.120194,0.127314,-0.887282,0.089566,0.044758,-0.039871,0.787094,-0.066791,-0.613204,0.210113,0.963699,0.164728,0.579943,-0.258499,0.772556,1e-06,-1e-06,-0.0,-4.8e-05,5e-06,8.4e-05,0.506672
108,0.174238,-0.011571,0.331014,-0.764763,0.148627,-0.626972,-0.318078,-0.933286,0.166659,-0.559427,0.32669,0.761802,-0.0,-0.0,-0.0,-0.0,-0.0,-0.0,0.512381,-0.189424,-0.049777,0.27791,0.547743,-0.645148,0.532685,0.543643,0.758323,0.359628,-0.636644,0.093407,0.765391,-0.002102,0.013291,-0.029783,-0.005983,0.084417,0.071876,-1.23992,0.031963,0.029234,-0.018262,-0.509192,0.670201,0.539957,-0.561415,-0.734174,0.381838,0.652331,-0.108711,0.750096,-0.001376,0.011946,-0.019372,0.056821,0.069653,0.060082,-0.882873,0.089593,0.044758,-0.039872,0.787039,-0.066884,-0.613265,0.210198,0.963692,0.164657,0.579987,-0.258499,0.772522,2e-06,-1e-06,-2e-06,-4.6e-05,3.1e-05,8.1e-05,0.506345
109,0.174292,-0.011565,0.331018,-0.764685,0.148726,-0.627044,-0.318175,-0.933268,0.166574,-0.559479,0.326696,0.761761,5e-06,0.000113,0.000104,-0.0,-0.0,-0.0,0.511973,-0.189447,-0.049087,0.276533,0.53975,-0.648143,0.537189,0.544201,0.755417,0.364862,-0.642957,0.096208,0.759745,-0.002938,0.022379,-0.041119,-0.232214,0.401706,0.273985,-1.234885,0.031952,0.029578,-0.018943,-0.502789,0.672297,0.54334,-0.562125,-0.731807,0.385321,0.65667,-0.11169,0.74586,-0.001113,0.005744,-0.016284,-0.29112,0.45406,0.289799,-0.881077,0.089619,0.044761,-0.03987,0.786973,-0.066992,-0.613338,0.210297,0.963685,0.164574,0.58004,-0.258499,0.772483,4e-06,6.5e-05,5.9e-05,-4.5e-05,1.6e-05,8.3e-05,0.506508
110,0.174314,-0.011566,0.331017,-0.764658,0.14876,-0.627068,-0.318208,-0.933262,0.166545,-0.559497,0.326698,0.761748,0.0,2e-06,2e-06,-0.0,-0.0,-0.0,0.512228,-0.18945,-0.048767,0.275794,0.535744,-0.649561,0.539482,0.544419,0.754013,0.367432,-0.646113,0.097661,0.756877,0.013736,0.010238,-0.035794,-0.181745,0.384492,0.039088,-1.229675,0.031944,0.029743,-0.019313,-0.497861,0.673946,0.545829,-0.562055,-0.730048,0.388744,0.660475,-0.113245,0.742258,-0.001505,0.010563,-0.021531,-0.262105,0.404617,0.261561,-0.877648,0.08963,0.044761,-0.03987,0.786951,-0.067029,-0.613362,0.210331,0.963682,0.164546,0.580058,-0.258499,0.77247,1e-06,-7e-06,-6e-06,-4e-05,2.9e-05,8.4e-05,0.506182
111,0.174314,-0.011559,0.331023,-0.764646,0.148774,-0.627079,-0.318222,-0.93326,0.166533,-0.559505,0.326699,0.761741,1e-06,2.6e-05,2.4e-05,-0.0,-0.0,-0.0,0.51198,-0.189536,-0.048174,0.274173,0.522176,-0.658472,0.541976,0.544614,0.746416,0.382351,-0.656957,0.096331,0.747657,-0.003314,0.018432,-0.047321,-0.211632,0.388637,0.233609,-1.209487,0.031908,0.030038,-0.020117,-0.483781,0.682319,0.548084,-0.561276,-0.722388,0.403887,0.671509,-0.112234,0.732446,-0.001289,0.003861,-0.019242,-0.356797,0.503007,0.305129,-0.868504,0.08963,0.044764,-0.039867,0.786941,-0.067044,-0.613373,0.210346,0.963681,0.164534,0.580066,-0.258499,0.772463,2e-06,6e-06,4e-06,-4.6e-05,2.1e-05,8e-05,0.506508
112,0.174314,-0.011559,0.331023,-0.764563,0.14887,-0.627158,-0.318318,-0.933242,0.166449,-0.559564,0.326706,0.761695,0.0,0.0,0.0,0.0,0.0,0.0,0.511845,-0.189614,-0.047584,0.272311,0.498015,-0.673918,0.545716,0.548657,0.732118,0.403623,-0.672157,0.099238,0.733634,-0.003524,0.016317,-0.050793,0.636951,1.025136,1.67697,-1.153315,0.031867,0.030339,-0.021067,-0.45884,0.69682,0.551278,-0.563704,-0.707888,0.425594,0.686805,-0.115479,0.717608,-0.001741,0.008023,-0.025592,0.654908,1.031571,1.688978,-0.844663,0.08963,0.044764,-0.039867,0.78687,-0.067149,-0.613453,0.210445,0.963674,0.164452,0.580126,-0.2585,0.772418,4e-06,-6e-06,-7e-06,-3.4e-05,2.9e-05,8.9e-05,0.506345
113,0.174314,-0.011559,0.331023,-0.764563,0.14887,-0.627158,-0.318318,-0.933242,0.166449,-0.559564,0.326706,0.761695,0.0,0.0,0.0,0.0,0.0,0.0,0.512172,-0.189674,-0.047127,0.271267,0.454332,-0.700829,0.549919,0.577836,0.70158,0.416922,-0.678568,0.129213,0.722988,-0.004029,0.029069,-0.056618,0.408686,1.507777,2.093925,-1.133071,0.031838,0.030552,-0.021575,-0.417458,0.72075,0.553395,-0.590988,-0.677954,0.437161,0.690261,-0.144554,0.708973,-0.001928,0.014225,-0.028819,2.970269,2.970883,4.934264,-0.83405,0.08963,0.044764,-0.039867,0.78687,-0.067149,-0.613453,0.210445,0.963674,0.164452,0.580126,-0.2585,0.772418,5e-06,-5e-06,-7e-06,-3.8e-05,3e-05,8.6e-05,0.506508
114,0.174324,-0.011543,0.33101,-0.764531,0.148907,-0.627188,-0.318326,-0.933252,0.166376,-0.559603,0.326659,0.761686,0.0,0.0,0.0,0.0,0.0,0.0,0.511849,-0.189914,-0.045687,0.268905,0.296581,-0.777216,0.554946,0.68249,0.578858,0.446167,-0.66837,0.247386,0.701387,-0.005246,0.052326,-0.071723,0.876691,1.639978,2.33769,-1.142182,0.031719,0.031263,-0.022751,-0.255665,0.79208,0.554295,-0.689918,-0.551126,0.469332,0.677235,-0.262426,0.687374,-0.010178,0.02086,-0.030955,3.659172,4.169394,6.442731,-0.839112,0.089635,0.044772,-0.039874,0.786843,-0.06719,-0.613483,0.210453,0.963684,0.164379,0.580161,-0.25845,0.772409,5e-06,-4e-06,-4e-06,-3.4e-05,3.3e-05,8.4e-05,0.506508
115,0.174324,-0.011534,0.331004,-0.764521,0.148918,-0.627198,-0.318322,-0.933259,0.166347,-0.559619,0.326636,0.761685,0.0,0.0,0.0,0.0,0.0,0.0,0.51235,-0.190478,-0.04397,0.26628,0.040535,-0.820804,0.569763,0.797834,0.369753,0.476107,-0.601508,0.436296,0.669102,-0.020992,0.038579,-0.066621,0.718238,2.025787,2.377567,-1.213526,0.031436,0.032148,-0.024086,0.00395,0.827023,0.562152,-0.798249,-0.335989,0.499907,0.602313,-0.450713,0.658844,-0.0105,0.01913,-0.033454,0.642597,2.100157,2.425038,-0.876832,0.089635,0.044776,-0.039877,0.786835,-0.067201,-0.613493,0.210449,0.96369,0.164349,0.580173,-0.258425,0.772408,5e-06,-3e-06,-5e-06,-3.3e-05,3.1e-05,8.4e-05,0.506508
116,0.174334,-0.011533,0.330991,-0.766148,0.147824,-0.625469,-0.317808,-0.933012,0.168695,-0.557684,0.327835,0.762588,-1e-06,-1.2e-05,-1.1e-05,-0.0,0.0,-0.0,0.51235,-0.191114,-0.042211,0.263305,-0.15723,-0.771251,0.616799,0.842815,0.220587,0.490854,-0.51443,0.597979,0.61453,-0.005852,0.046405,-0.081749,0.84994,4.117822,0.647341,-1.39348,0.03112,0.033013,-0.025539,0.198111,0.773191,0.602434,-0.837675,-0.185592,0.513668,0.508971,-0.606407,0.610916,-0.010982,0.023451,-0.040359,3.681601,5.032521,5.218594,-0.923043,0.08964,0.044777,-0.039884,0.788302,-0.065925,-0.611745,0.209927,0.963402,0.166693,0.578367,-0.259826,0.773291,3e-06,-2e-06,-4e-06,0.000114,-0.000167,0.000239,0.506835
117,0.174345,-0.011531,0.330979,-0.766137,0.147838,-0.625479,-0.317807,-0.933019,0.168663,-0.557699,0.327811,0.762587,-2e-06,-4.3e-05,-4e-05,0.0,0.0,0.0,0.512307,-0.191394,-0.041334,0.261737,-0.228699,-0.73864,0.634113,0.84763,0.169095,0.502856,-0.478366,0.653407,0.586591,-0.022023,0.046074,-0.081275,2.768166,3.932573,4.005084,-1.402208,0.030985,0.033449,-0.026326,0.26745,0.736979,0.620751,-0.839466,-0.138053,0.525583,0.47304,-0.661667,0.581746,-0.002898,0.023063,-0.04101,-0.640993,1.61416,0.676553,-0.937413,0.089646,0.044777,-0.03989,0.788292,-0.065941,-0.611756,0.209926,0.963408,0.166659,0.578382,-0.2598,0.77329,0.0,-1.7e-05,-1.7e-05,-3e-05,-1.3e-05,8.7e-05,0.506998
118,0.174375,-0.011541,0.330941,-0.766127,0.147854,-0.625488,-0.317792,-0.933033,0.16861,-0.557723,0.327762,0.762591,-4.8e-05,-0.001021,-0.000946,0.0,0.0,0.0,0.512658,-0.191618,-0.039364,0.258374,-0.354643,-0.672117,0.649984,0.840836,0.074574,0.536066,-0.408324,0.737468,0.537843,-0.006653,0.056455,-0.092544,0.284188,1.612399,2.266647,-1.403768,0.030866,0.034429,-0.028002,0.393557,0.665393,0.634321,-0.829843,-0.039765,0.556577,0.395567,-0.745432,0.536522,-0.011375,0.028138,-0.045817,3.103314,2.458701,5.617947,-0.925982,0.089661,0.044775,-0.039907,0.788283,-0.065959,-0.611766,0.209912,0.96342,0.166606,0.578399,-0.25975,0.773293,0.007112,-0.000764,-0.000916,0.000132,-0.000243,0.004699,0.507488
119,0.174406,-0.011519,0.33089,-0.766075,0.147914,-0.625537,-0.317779,-0.933065,0.168457,-0.5578,0.327644,0.762585,-2.8e-05,-0.000597,-0.000554,0.0,0.0,0.0,0.513055,-0.192002,-0.037145,0.254651,-0.468096,-0.605671,0.64346,0.817464,-0.020504,0.575557,-0.334816,0.796163,0.503871,-0.022881,0.055712,-0.093179,-0.401794,0.996712,1.336001,-1.403871,0.030671,0.035557,-0.029902,0.506724,0.593636,0.62516,-0.801209,0.056572,0.595703,0.318264,-0.802742,0.504293,-0.011378,0.027722,-0.0467,-0.49356,1.015565,1.430011,-0.937249,0.089676,0.044784,-0.039934,0.788239,-0.066027,-0.611815,0.2099,0.963449,0.166452,0.578463,-0.259624,0.773288,-1.4e-05,-0.00031,-0.00029,-1.9e-05,3e-06,4.5e-05,0.507815
120,0.174405,-0.011495,0.330871,-0.766047,0.147945,-0.625564,-0.317767,-0.933085,0.16837,-0.557847,0.327573,0.762581,-0.0,-7e-06,-7e-06,0.0,0.0,0.0,0.512777,-0.192236,-0.035966,0.252706,-0.521316,-0.571866,0.633396,0.797372,-0.062301,0.600209,-0.303122,0.81865,0.48764,-0.006754,0.056121,-0.094126,3.135592,4.152054,4.180221,-1.403701,0.030565,0.036099,-0.030802,0.551926,0.561817,0.616229,-0.781528,0.090759,0.617231,0.290843,-0.822267,0.489168,-0.003455,0.027964,-0.047485,2.930934,4.163719,3.399785,-0.936596,0.089676,0.044795,-0.039944,0.788215,-0.066061,-0.611843,0.209887,0.963467,0.166364,0.578501,-0.259549,0.773285,2e-06,1.7e-05,1.5e-05,-2.6e-05,2e-06,3.6e-05,0.507978
121,0.174414,-0.011465,0.330815,-0.76597,0.14144,-0.62716,-0.311856,-0.934786,0.169977,-0.56127,0.325599,0.760912,-6.4e-05,-0.001369,-0.00127,-0.009476,-0.018201,-0.010268,0.514139,-0.192819,-0.03403,0.249067,-0.61006,-0.492394,0.620779,0.755167,-0.124517,0.643546,-0.238814,0.861992,0.44699,-0.006494,0.041956,-0.091694,0.343571,2.107114,1.767545,-1.403814,0.030274,0.037085,-0.03262,0.639297,0.480424,0.600409,-0.735536,0.154354,0.659667,0.224245,-0.863346,0.452047,-0.003171,0.021158,-0.045496,0.247373,2.008921,1.735409,-0.94574,0.089681,0.044814,-0.039969,0.787318,-0.059444,-0.613673,0.203821,0.964473,0.168069,0.581881,-0.257403,0.771463,-3.6e-05,-0.000806,-0.00075,0.00713,0.019421,-0.027351,0.508141
122,0.174441,-0.011483,0.330686,-0.764989,0.13285,-0.630228,-0.3055,-0.936259,0.173381,-0.566076,0.324998,0.757603,-0.000168,-0.003581,-0.003325,-0.183306,-0.335916,-0.22267,0.514692,-0.193401,-0.032562,0.245583,-0.683715,-0.402092,0.608972,0.712662,-0.189026,0.675511,-0.155649,0.896332,0.414999,-0.006632,0.0413,-0.093723,-0.191884,0.97933,0.950491,-1.403338,0.029974,0.037833,-0.034399,0.713335,0.382131,0.587475,-0.687955,0.221922,0.69099,0.133675,-0.897065,0.421193,-0.011038,0.014681,-0.042725,0.502899,1.870882,1.446693,-0.950639,0.089694,0.044808,-0.040031,0.786178,-0.052296,-0.615782,0.197512,0.965415,0.170179,0.585586,-0.255415,0.769318,-6.5e-05,-0.001456,-0.001354,-0.332234,-0.577685,-0.296553,0.509611
123,0.174497,-0.01151,0.330463,-0.764011,0.124155,-0.63318,-0.29895,-0.93774,0.176763,-0.570866,0.324178,0.754352,0.014086,-0.004614,-0.004704,-0.043389,-0.083793,-0.042552,0.514874,-0.193724,-0.0313,0.242496,-0.740111,-0.329728,0.586094,0.66756,-0.256228,0.699031,-0.079388,0.909007,0.408982,-0.004892,0.023738,-0.069677,3.261289,4.089042,2.633136,-1.403489,0.029811,0.038462,-0.035966,0.765346,0.310408,0.563818,-0.640685,0.283895,0.71339,0.061377,-0.907221,0.416152,-0.002633,0.017881,-0.038172,0.272877,0.477016,0.524657,-0.955701,0.089717,0.044793,-0.040143,0.78352,-0.042462,-0.619912,0.19057,0.966003,0.174697,0.59142,-0.255016,0.764975,-8.8e-05,-0.001965,-0.001827,-0.029721,-0.068882,-0.044851,0.509938
124,0.174502,-0.011511,0.330322,-0.763192,0.12199,-0.634587,-0.298331,-0.937615,0.178464,-0.572283,0.325362,0.752768,-0.000185,-0.003942,-0.003668,-0.018718,-0.035881,-0.02028,0.515242,-0.19383,-0.030799,0.241139,-0.761979,-0.287632,0.580213,0.646689,-0.293528,0.703966,-0.03122,0.911965,0.40891,-0.004175,0.013534,-0.06,3.541701,4.223886,2.637822,-1.403347,0.02976,0.038707,-0.036621,0.785073,0.268594,0.558136,-0.619234,0.319392,0.717311,0.014401,-0.90876,0.417069,-0.002398,0.013126,-0.032835,3.335908,3.855917,2.474392,-0.955864,0.089725,0.044788,-0.040211,0.782468,-0.040341,-0.621381,0.189909,0.965817,0.176439,0.593023,-0.256064,0.763383,-9.1e-05,-0.002042,-0.0019,0.001363,-0.011781,-0.013699,0.509774
125,0.174511,-0.011552,0.330004,-0.762135,0.113249,-0.637472,-0.291653,-0.939078,0.181775,-0.577106,0.324311,0.749532,-0.000282,-0.006018,-0.005612,-0.019139,-0.020583,-0.044747,0.513432,-0.193858,-0.030488,0.239114,-0.78763,-0.231252,0.571098,0.615262,-0.341623,0.710409,0.031802,0.911184,0.410604,0.013459,-0.006625,-0.04125,0.053747,-0.046865,0.168557,-1.402888,0.029738,0.038879,-0.037668,0.810219,0.205788,0.548813,-0.583513,0.37153,0.722134,-0.055294,-0.905326,0.421101,-0.001565,0.002566,-0.023609,0.173864,0.007058,0.173152,-0.95717,0.089729,0.044772,-0.040373,0.780523,-0.031811,-0.624316,0.183014,0.966574,0.179556,0.597736,-0.254406,0.760255,-0.000242,0.002598,-0.006898,0.036839,-0.021189,0.007787,0.509774
126,0.174484,-0.011745,0.329628,-0.760475,0.108875,-0.640211,-0.290493,-0.938742,0.185336,-0.579872,0.326779,0.746318,-0.00041,-0.008726,-0.008161,-0.035813,-0.052394,-0.06278,0.506775,-0.193652,-0.030915,0.237773,-0.799689,-0.212604,0.561505,0.597948,-0.364742,0.713691,0.054071,0.906729,0.41807,-0.001292,-0.02778,-0.021594,-0.036633,0.060258,-0.089291,-1.402771,0.029847,0.038674,-0.038344,0.821207,0.187324,0.539006,-0.565433,0.39432,0.724428,-0.076838,-0.899678,0.429738,0.00724,-0.007663,-0.01443,-0.013543,-0.080342,0.11218,-0.956517,0.089716,0.044678,-0.040558,0.778485,-0.027761,-0.627048,0.181877,0.966137,0.183028,0.600733,-0.25653,0.757173,-0.000318,0.000998,-0.008398,0.00735,-0.057365,-0.043439,0.505365
127,0.174453,-0.011925,0.329418,-0.760327,0.102102,-0.641501,-0.284334,-0.940242,0.187269,-0.583104,0.324655,0.744725,-0.000507,-0.010762,-0.010085,-0.074438,-0.23699,0.061124,0.504052,-0.193522,-0.031279,0.237317,-0.804694,-0.211757,0.554633,0.59106,-0.371693,0.71584,0.055575,0.904099,0.423531,-0.001043,-0.025651,-0.01788,-0.001746,-0.00887,-0.050263,-1.402659,0.029912,0.038481,-0.038582,0.825919,0.18642,0.532074,-0.558371,0.40098,0.726248,-0.077964,-0.896918,0.435269,-0.000469,-0.012614,-0.008562,-0.036879,0.00171,-0.047692,-0.952109,0.0897,0.04459,-0.040662,0.777875,-0.021256,-0.628058,0.175507,0.967007,0.184646,0.603412,-0.25386,0.755941,-0.000372,-0.000194,-0.009523,-0.079776,-0.189578,-0.143094,0.501936
128,0.174396,-0.012442,0.328919,-0.761819,0.09267,-0.641163,-0.272754,-0.943598,0.187617,-0.586669,0.31769,0.744929,-0.000692,-0.014601,-0.013755,0.094044,0.001038,-0.160921,0.498137,-0.193187,-0.03219,0.236923,-0.810694,-0.228829,0.538892,0.583766,-0.383745,0.715466,0.044092,0.894878,0.443973,-0.000434,-0.020476,-0.008622,0.360236,-0.856343,0.521461,-1.40248,0.03008,0.038032,-0.038778,0.831908,0.202235,0.516747,-0.550951,0.412079,0.7257,-0.066179,-0.88842,0.454234,0.008245,-0.015652,-0.000462,0.616675,-1.962024,1.872702,-0.950476,0.089672,0.044339,-0.040903,0.778137,-0.012003,-0.627979,0.164095,0.968977,0.184812,0.606279,-0.246857,0.755967,-0.000366,-0.007795,-0.007342,1.081201,-0.383609,-1.122642,0.494098
129,0.174364,-0.013147,0.328267,-0.760647,0.089474,-0.643006,-0.267826,-0.945489,0.185179,-0.590444,0.312953,0.743951,-0.000956,-0.020049,-0.019017,-0.00242,0.04359,-0.074627,0.494339,-0.193041,-0.033296,0.236786,-0.818612,-0.246787,0.518615,0.573523,-0.39609,0.71702,0.029493,0.88469,0.465098,0.000715,-0.044044,0.005713,0.007303,-0.255194,0.150779,-1.402882,0.030154,0.037492,-0.038842,0.839884,0.221433,0.495541,-0.540485,0.424808,0.726232,-0.049698,-0.877784,0.47647,0.000108,-0.015848,-0.000237,-0.035295,-0.14416,0.037521,-0.954231,0.089656,0.043994,-0.041223,0.776641,-0.008624,-0.629883,0.158563,0.970387,0.182222,0.609659,-0.241397,0.75501,-0.000467,-0.010005,-0.009485,0.002204,-0.069893,0.121869,0.487893
130,0.174323,-0.014028,0.327442,-0.75897,0.082233,-0.645948,-0.257026,-0.949276,0.181066,-0.597353,0.303341,0.742416,-0.001176,-0.024495,-0.023435,0.003382,-0.056749,0.09678,0.490867,-0.192869,-0.034969,0.237145,-0.831439,-0.261617,0.490161,0.555417,-0.406414,0.725447,0.010462,0.875719,0.482566,0.001646,-0.052791,0.018418,0.099096,-1.823348,2.438911,-1.402914,0.030239,0.036657,-0.038672,0.851208,0.235137,0.469206,-0.523913,0.433442,0.73324,-0.030962,-0.869964,0.492141,0.008702,-0.020343,0.00525,-0.084427,-0.227557,0.25839,-0.952925,0.089635,0.043547,-0.041641,0.7743,-0.001497,-0.632816,0.147356,0.972934,0.178001,0.615422,-0.231076,0.753564,-0.000582,-0.012411,-0.011868,-0.004811,0.046203,-0.077148,0.482668
131,0.174298,-0.014561,0.326931,-0.757308,0.074932,-0.648779,-0.246024,-0.952944,0.177036,-0.604046,0.293587,0.740919,-0.001362,-0.028253,-0.027174,1.075891,-0.239508,-1.323897,0.488876,-0.192683,-0.035874,0.237437,-0.839464,-0.269573,0.471828,0.54329,-0.412564,0.731137,-0.001383,0.870424,0.492163,0.017454,-0.040607,0.010601,0.052701,-0.453888,0.388243,-1.403278,0.030333,0.036186,-0.038516,0.860528,0.242907,0.447757,-0.509111,0.439792,0.739856,-0.017204,-0.864625,0.502121,0.008728,-0.020228,0.005438,0.020958,-0.442216,0.397141,-0.950312,0.089623,0.043285,-0.041893,0.771806,0.004067,-0.635844,0.13793,0.975098,0.173661,0.620717,-0.221735,0.752026,-0.000704,-0.013949,-0.013433,3.594862,-1.046097,-3.987742,0.479402
132,0.174197,-0.015801,0.325746,-0.755022,0.067557,-0.652245,-0.234155,-0.956874,0.17186,-0.61157,0.282395,0.739095,-0.00161,-0.032989,-0.032122,-0.003155,0.058095,-0.099585,0.48627,-0.192233,-0.037754,0.238234,-0.854975,-0.287481,0.431698,0.517745,-0.42688,0.741382,-0.027776,0.857717,0.513238,0.018578,-0.048201,0.025474,0.164566,-0.694438,0.459311,-1.40363,0.030551,0.03526,-0.038135,0.875607,0.25917,0.407604,-0.482926,0.452899,0.749442,0.009629,-0.853061,0.521721,0.001083,-0.024137,0.013329,0.277399,-1.011246,0.741491,-0.93235,0.089573,0.042678,-0.042472,0.76874,0.012438,-0.639439,0.124094,0.977909,0.168208,0.627406,-0.208659,0.750214,-0.000794,-0.016665,-0.016216,-0.002006,-0.037307,0.067712,0.474014
133,0.17412,-0.017176,0.324399,-0.750892,0.065724,-0.657181,-0.228079,-0.959622,0.16455,-0.6189,0.273361,0.736385,-0.001829,-0.037048,-0.036575,0.0058,-0.046276,0.076184,0.487209,-0.191765,-0.039455,0.239492,-0.866533,-0.30339,0.396315,0.496196,-0.439799,0.748532,-0.051708,0.845643,0.531109,0.002914,-0.042138,0.037967,-0.019703,-0.398234,0.400511,-1.403887,0.030791,0.034404,-0.037516,0.886589,0.275344,0.371676,-0.461235,0.465578,0.755313,0.034926,-0.841083,0.539775,0.009666,-0.020813,0.018784,-0.078928,-0.426673,0.475715,-0.919124,0.089534,0.041977,-0.043158,0.764605,0.013922,-0.644347,0.117749,0.979921,0.160898,0.63365,-0.198894,0.747614,-0.00092,-0.019092,-0.018838,0.001979,0.06476,-0.115447,0.472707
134,0.173959,-0.018663,0.322908,-0.749944,0.061308,-0.658689,-0.220966,-0.961721,0.161985,-0.622614,0.266946,0.735607,-0.001917,-0.038161,-0.038248,0.002339,-0.042154,0.072173,0.485114,-0.191603,-0.040984,0.241005,-0.876,-0.31708,0.363421,0.475749,-0.445535,0.75835,-0.077437,0.837595,0.540649,0.003133,-0.040168,0.041517,-0.099113,-0.453166,0.64472,-1.404021,0.030872,0.033643,-0.036753,0.895654,0.288291,0.33866,-0.4405,0.470013,0.764883,0.061334,-0.834252,0.547961,-0.006657,-0.019977,0.021631,-0.110465,-0.722826,1.018282,-0.913899,0.089453,0.04123,-0.043908,0.763227,0.018211,-0.645873,0.110504,0.981196,0.158248,0.63661,-0.192151,0.746863,-0.000963,-0.019661,-0.019697,-0.007289,0.075924,-0.126586,0.472054
