frame,MLTx,MLTy,MLTz,MLTR1,MLTR2,MLTR3,MLTR4,MLTR5,MLTR6,MLTR7,MLTR8,MLTR9,MLTTVx,MLTTVy,MLTTVz,MLTRVx,MLTRVy,MLTRVz,MLGA,MRTx,MRTy,MRTz,MRTR1,MRTR2,MRTR3,MRTR4,MRTR5,MRTR6,MRTR7,MRTR8,MRTR9,MRTTVx,MRTTVy,MRTTVz,MRTRVx,MRTRVy,MRTRVz,MRGA,SLTx,SLTy,SLTz,SLTR1,SLTR2,SLTR3,SLTR4,SLTR5,SLTR6,SLTR7,SLTR8,SLTR9,SLTTVx,SLTTVy,SLTTVz,SLTRVx,SLTRVy,SLTRVz,SLGA,SRTx,SRTy,SRTz,SRTR1,SRTR2,SRTR3,SRTR4,SRTR5,SRTR6,SRTR7,SRTR8,SRTR9,SRTTVx,SRTTVy,SRTTVz,SRTRVx,SRTRVy,SRTRVz,SRGA
95,0.046262,0.037267,0.378758,0.37675,0.093133,-0.921646,0.38078,-0.922544,0.062374,-0.844919,-0.374568,-0.381886,0.008312,-0.012318,-0.007948,0.00049,-0.00095,0.004428,0.161167,-0.119546,0.055405,0.327521,0.109161,-0.317102,0.942083,-0.752057,0.593292,0.286964,-0.650032,-0.739411,-0.174907,-0.0,0.0,0.0,0.0,-0.0,-0.0,-0.619693,0.029854,0.045798,-0.021028,0.020561,0.197571,0.980072,0.825959,-0.555718,0.094698,0.563354,0.807553,-0.174612,-0.0,-3e-06,-2e-06,-3.1e-05,1.3e-05,-3.9e-05,-0.801881,0.0606,0.040706,-0.053655,0.354024,0.156961,-0.92197,0.447391,-0.894124,0.019572,-0.821284,-0.41941,-0.386765,0.004109,-0.006266,-0.004045,0.004052,0.003471,-0.003796,0.076727
96,0.046235,0.037088,0.378604,0.377009,0.09606,-0.921239,0.380898,-0.922678,0.059612,-0.844751,-0.373501,-0.383301,0.007966,-0.013086,-0.008472,0.000558,-0.000866,0.004282,0.12472,-0.119546,0.055405,0.327521,0.109456,-0.317115,0.942045,-0.752014,0.593235,0.287195,-0.650032,-0.739452,-0.174734,-0.0,0.0,0.0,0.0,-0.0,-0.0,-0.613926,0.029854,0.045798,-0.021028,0.020264,0.197563,0.98008,0.825949,-0.555692,0.094938,0.563379,0.807573,-0.174437,-1e-06,-2e-06,-3e-06,-2.3e-05,-1.5e-05,1e-06,-0.797146,0.060586,0.040624,-0.053727,0.354078,0.159854,-0.921452,0.447481,-0.894134,0.016834,-0.821211,-0.418293,-0.388126,-0.001293,0.000593,-0.007537,0.034373,-0.005997,-0.015204,0.030843
97,0.046171,0.03675,0.378308,0.377251,0.09845,-0.920888,0.380891,-0.922826,0.057322,-0.844646,-0.372514,-0.384491,-0.004188,-0.009107,-0.00611,-0.000425,0.013853,-0.025269,0.068029,-0.119586,0.055415,0.327521,0.109838,-0.317121,0.941998,-0.751941,0.593183,0.287492,-0.650052,-0.73949,-0.174494,-0.012316,-0.002019,-0.000176,-0.002045,0.015205,-0.029245,-0.603403,0.029839,0.045804,-0.021028,0.019855,0.197544,0.980092,0.82592,-0.555678,0.095268,0.563435,0.807587,-0.174189,-7e-06,3.3e-05,2.5e-05,-1.2e-05,-2.7e-05,4.6e-05,-0.787675,0.060555,0.040448,-0.05388,0.354152,0.162206,-0.921013,0.447451,-0.894189,0.014574,-0.821196,-0.41727,-0.389258,0.003982,-0.006569,-0.004265,0.000686,-0.000685,0.004007,-0.061743
98,0.046146,0.036528,0.378018,0.377248,0.097103,-0.921032,0.380662,-0.922843,0.058565,-0.844751,-0.372824,-0.383959,-0.002942,-0.006397,-0.004305,-0.003337,0.109514,-0.199624,0.038376,-0.119678,0.055399,0.327519,0.110188,-0.3171,0.941965,-0.751889,0.593127,0.287744,-0.650054,-0.739544,-0.174261,-0.012305,-0.00208,-0.000221,-0.002045,0.015205,-0.029245,-0.590215,0.029793,0.045796,-0.021029,0.019506,0.197498,0.980108,0.825906,-0.555655,0.09553,0.563469,0.807615,-0.173954,-3e-06,-5e-06,-5e-06,0.016871,-0.116936,0.159964,-0.775265,0.06054,0.040332,-0.054028,0.354244,0.161014,-0.921186,0.447291,-0.894249,0.015701,-0.821243,-0.417601,-0.388803,-0.001329,-0.0029,-0.001952,-6e-06,6e-06,1.3e-05,-0.114976
99,0.046113,0.036517,0.37776,0.377343,0.095919,-0.921118,0.380659,-0.922765,0.059792,-0.84471,-0.373322,-0.383566,0.010805,-0.006974,-0.004405,0.000984,-0.014715,0.029553,0.018255,-0.119742,0.055388,0.327518,0.110904,-0.317106,0.941879,-0.751784,0.592996,0.288289,-0.650054,-0.739647,-0.173822,-0.0,0.0,0.0,0.0,-0.0,-0.0,-0.557347,0.029756,0.04579,-0.02103,0.018811,0.197449,0.980132,0.82588,-0.555599,0.096075,0.563531,0.807665,-0.173521,-4e-06,-4e-06,-4e-06,-1.5e-05,-2.5e-05,1e-06,-0.75518,0.060518,0.040324,-0.054159,0.354423,0.159651,-0.921354,0.44724,-0.89425,0.017088,-0.821194,-0.418123,-0.388346,-0.00076,-0.001662,-0.001119,-1.5e-05,2e-05,1.6e-05,-0.147797
100,0.046118,0.036544,0.377636,0.377405,0.095376,-0.921148,0.380705,-0.922707,0.060385,-0.844661,-0.373603,-0.3834,-0.001479,-0.003214,-0.002168,-0.000413,0.013881,-0.025254,0.005713,-0.119771,0.05539,0.327523,0.111295,-0.317112,0.941831,-0.751727,0.592923,0.288588,-0.650054,-0.739703,-0.173584,0.001841,-0.011605,0.007212,-0.036551,0.007864,-0.019323,-0.529553,0.029741,0.045795,-0.02103,0.018403,0.19743,0.980144,0.825851,-0.555585,0.096405,0.563587,0.807679,-0.173273,-1.3e-05,4.7e-05,3.3e-05,-1.7e-05,-2e-06,-6e-06,-0.734605,0.060526,0.040339,-0.05422,0.354524,0.159162,-0.9214,0.447306,-0.894206,0.017644,-0.821114,-0.418404,-0.388211,0.000404,0.004284,-0.005074,0.033084,-0.02196,0.013969,-0.16233
101,0.046228,0.036581,0.377389,0.378099,0.092494,-0.921157,0.375466,-0.924798,0.061197,-0.846696,-0.369125,-0.383249,-0.001034,-0.002249,-0.001519,-0.041235,0.002739,-0.017156,-0.027766,-0.119807,0.055377,0.327517,0.111841,-0.314311,0.942704,-0.751734,0.593579,0.287215,-0.649952,-0.740375,-0.171086,3.1e-05,-0.000169,-0.000125,2.4e-05,-0.000269,-0.000199,-0.47613,0.029724,0.045784,-0.02103,0.018209,0.194434,0.980746,0.825696,-0.556073,0.094912,0.563821,0.808071,-0.170669,2.2e-05,-0.00013,-9.7e-05,0.000116,0.006378,0.004558,-0.685455,0.060581,0.040358,-0.054343,0.355415,0.156337,-0.921541,0.442266,-0.896694,0.01845,-0.823456,-0.414123,-0.387841,0.006335,0.001944,-0.006499,-0.104537,-0.027042,-0.0146,-0.192375
102,0.046356,0.036686,0.377116,0.378762,0.088882,-0.921241,0.37008,-0.926869,0.062673,-0.848771,-0.36479,-0.38281,-0.000693,-0.001509,-0.00102,-0.041239,0.002806,-0.017136,-0.072222,-0.119779,0.055382,0.327517,0.112428,-0.311535,0.943555,-0.751737,0.594217,0.285888,-0.649849,-0.74104,-0.16858,0.0,-0.0,-0.0,-0.013088,0.075479,-0.190672,-0.412507,0.029737,0.045786,-0.02103,0.017804,0.191289,0.981371,0.825536,-0.556548,0.093505,0.564067,0.808494,-0.167825,0.0,3e-06,2e-06,0.005233,-0.023893,-0.018517,-0.627324,0.060645,0.04041,-0.05448,0.35634,0.152775,-0.921781,0.437027,-0.899227,0.019908,-0.82585,-0.409937,-0.387198,-0.000324,-0.000713,-0.000477,-0.041277,0.002769,-0.017582,-0.224053
103,0.046434,0.036754,0.376973,0.379335,0.085801,-0.921297,0.364612,-0.928973,0.063552,-0.85088,-0.360139,-0.382531,-0.001015,-0.002211,-0.001495,-0.015503,0.110867,-0.20449,-0.092447,-0.119752,0.055386,0.327518,0.112647,-0.311555,0.943523,-0.751705,0.594172,0.286066,-0.649848,-0.741067,-0.168461,0.012305,0.002078,0.00022,0.0021,-0.015811,0.028796,-0.375322,0.029747,0.045788,-0.02103,0.017754,0.191514,0.981328,0.825522,-0.556539,0.093677,0.564089,0.808446,-0.167981,-0.000928,0.005848,-0.003571,0.036713,0.000448,0.025289,-0.593849,0.060685,0.040447,-0.054549,0.357138,0.149915,-0.921941,0.431783,-0.90174,0.020633,-0.828259,-0.405448,-0.386777,0.006738,0.002823,-0.005902,-0.007064,-0.033904,0.025948,-0.239566
104,0.046603,0.036902,0.376682,0.380473,0.080129,-0.921339,0.353835,-0.933037,0.064915,-0.854916,-0.350809,-0.382202,0.000828,0.008637,-0.01009,-0.427842,0.106568,-0.350198,-0.123198,-0.119742,0.055388,0.327518,0.115682,-0.30892,0.944022,-0.750914,0.594823,0.286789,-0.650233,-0.741651,-0.164358,0.0,-0.0,-0.0,0.000125,-0.001366,-0.001012,-0.332881,0.029756,0.045789,-0.02103,0.014994,0.188549,0.981948,0.824898,-0.557339,0.094421,0.565081,0.808592,-0.16389,1e-06,1e-06,1e-06,0.000168,0.01159,0.007717,-0.535391,0.060769,0.040517,-0.054692,0.358618,0.144506,-0.922231,0.421776,-0.906433,0.021981,-0.832764,-0.396858,-0.386012,0.006458,0.002225,-0.006329,-1.51002,0.091942,-0.62189,-0.267162
105,0.04683,0.036967,0.376397,0.38097,0.082603,-0.920915,0.354298,-0.933005,0.062823,-0.854504,-0.350323,-0.383568,0.000725,0.008417,-0.010236,0.033099,-0.021949,0.01395,-0.159892,-0.119742,0.055388,0.327518,0.115905,-0.306113,0.944909,-0.750976,0.595525,0.285165,-0.650122,-0.742255,-0.162055,-0.000132,0.000729,0.000539,0.00024,-0.002617,-0.001938,-0.285138,0.029756,0.045788,-0.021031,0.015107,0.185605,0.982507,0.824748,-0.55785,0.092702,0.565297,0.808921,-0.161505,-8.9e-05,0.000496,0.000366,0.000443,0.013724,0.009706,-0.494405,0.060883,0.040549,-0.054834,0.358996,0.146677,-0.921741,0.421684,-0.906522,0.019981,-0.832648,-0.395857,-0.387289,0.005504,-0.003279,-0.002072,0.002638,-0.013137,0.026746,-0.292799
106,0.047058,0.036903,0.376121,0.382586,0.088765,-0.91967,0.349222,-0.935413,0.054935,-0.855872,-0.342306,-0.387731,-0.001778,-0.003889,-0.002637,-0.104262,-0.112724,0.196225,-0.218352,-0.119735,0.055396,0.327523,0.11632,-0.303315,0.94576,-0.751009,0.596187,0.283692,-0.65001,-0.742876,-0.159641,-1.2e-05,6.4e-05,4.7e-05,0.003817,-0.041452,-0.030702,-0.184876,0.02976,0.045794,-0.021027,0.015019,0.18257,0.983077,0.824603,-0.558328,0.09109,0.565511,0.809281,-0.158933,-5e-06,3.1e-05,2.4e-05,0.005082,-0.02372,-0.018241,-0.420598,0.060999,0.040524,-0.054974,0.360176,0.15273,-0.920296,0.416712,-0.908955,0.01224,-0.834639,-0.387907,-0.391028,0.005034,-0.004319,-0.002775,-0.376651,-0.415411,0.727744,-0.323334
107,0.047155,0.03686,0.375987,0.383196,0.086722,-0.919611,0.343941,-0.937372,0.054864,-0.857738,-0.337432,-0.387881,-0.001869,-0.004092,-0.002777,-0.000375,0.01398,-0.025199,-0.237792,-0.119736,0.055405,0.327518,0.116482,-0.303325,0.945736,-0.750967,0.596175,0.283826,-0.650029,-0.74288,-0.159541,-0.0,1e-06,1e-06,5.6e-05,-0.000606,-0.000449,-0.132457,0.029759,0.045798,-0.02103,0.014854,0.182791,0.983039,0.82457,-0.558332,0.091359,0.565562,0.809228,-0.159018,3e-06,-6e-06,-4e-06,4.9e-05,0.008335,0.005987,-0.368998,0.061047,0.040502,-0.055041,0.360947,0.150918,-0.920293,0.411568,-0.911299,0.011977,-0.836856,-0.383087,-0.391044,-0.000742,-0.001637,-0.001108,0.0012,0.000716,-0.001476,-0.347991
108,0.047209,0.036771,0.375773,0.383768,0.084163,-0.919611,0.338549,-0.93931,0.055259,-0.859628,-0.332653,-0.387827,-0.001694,-0.003709,-0.002521,-0.002564,0.096539,-0.173877,-0.244837,-0.119719,0.055415,0.327523,0.117139,-0.303361,0.945644,-0.750868,0.596053,0.284346,-0.650027,-0.742964,-0.15916,-3.1e-05,0.000169,0.000125,0.0,-0.0,-0.0,-0.055074,0.029768,0.045803,-0.021027,0.014187,0.182881,0.983032,0.824551,-0.558263,0.091958,0.565609,0.809256,-0.158715,-1.8e-05,0.000103,7.6e-05,-0.000145,0.000155,0.00016,-0.281311,0.061073,0.040455,-0.055149,0.361708,0.148523,-0.920384,0.406382,-0.91362,0.012275,-0.839059,-0.378468,-0.390821,-0.000985,-0.002164,-0.00147,8.3e-05,0.013989,-0.025047,-0.366933
109,0.047191,0.036682,0.375558,0.383757,0.083199,-0.919703,0.338471,-0.939282,0.056203,-0.859663,-0.332973,-0.387473,-0.001938,-0.004243,-0.00289,0.0,0.0,0.0,-0.255973,-0.119654,0.055479,0.32755,0.121296,-0.303617,0.945037,-0.749796,0.595762,0.287762,-0.650506,-0.743093,-0.156584,0.012176,0.002776,0.000735,0.002098,-0.015305,0.029387,0.039211,0.029796,0.045834,-0.021014,0.009938,0.182846,0.98309,0.824014,-0.558455,0.095537,0.566481,0.809131,-0.156218,-9.2e-05,0.000505,0.000372,-0.000746,0.002795,-0.003892,-0.193297,0.061064,0.040411,-0.055256,0.361754,0.147425,-0.920542,0.406283,-0.913649,0.01334,-0.839086,-0.378827,-0.390413,-0.000293,0.002773,-0.006095,0.03302,-0.007955,-0.011099,-0.37673
110,0.047157,0.036665,0.375463,0.383727,0.082462,-0.919782,0.33835,-0.939284,0.056889,-0.859724,-0.33315,-0.387187,-0.001512,-0.00331,-0.002256,0.0,0.0,0.0,-0.263342,-0.119629,0.055497,0.327561,0.121929,-0.300833,0.945846,-0.7498,0.596383,0.286462,-0.650384,-0.743729,-0.154046,-3.8e-05,0.00021,0.000155,0.001267,-0.013283,-0.009844,0.084843,0.029813,0.045845,-0.021007,0.009667,0.179643,0.983683,0.823858,-0.558949,0.09398,0.566712,0.809508,-0.153404,-1.3e-05,6.9e-05,5.1e-05,0.001431,0.013422,0.008236,-0.1319,0.061045,0.040399,-0.055306,0.361777,0.146693,-0.92065,0.406179,-0.913685,0.014028,-0.839127,-0.379024,-0.390134,-0.000741,-0.001633,-0.001113,0.000226,-1e-05,0.000116,-0.380486
111,0.047102,0.036614,0.375213,0.384142,0.084428,-0.91943,0.33843,-0.939363,0.055082,-0.859507,-0.332435,-0.388279,-0.002539,-0.005555,-0.003794,-0.000362,0.014012,-0.025182,-0.289777,-0.119588,0.055483,0.327546,0.124903,-0.301021,0.945398,-0.748922,0.596296,0.288931,-0.650835,-0.743723,-0.15216,0.000169,-0.00093,-0.000687,0.0,-3e-06,-2e-06,0.166016,0.029833,0.045839,-0.021014,0.006616,0.179923,0.983658,0.823373,-0.559192,0.096744,0.56746,0.809278,-0.151843,0.000112,-0.000619,-0.000458,-0.000915,0.003278,-0.003049,-0.022985,0.061021,0.04038,-0.055427,0.362054,0.148701,-0.920219,0.406251,-0.913679,0.012193,-0.838973,-0.378255,-0.391211,-0.000314,0.002727,-0.006132,0.033565,-0.021558,0.013299,-0.395346
112,0.047144,0.036512,0.374846,0.385053,0.08989,-0.918531,0.338919,-0.939467,0.05008,-0.858908,-0.330711,-0.391068,0.010611,-0.000635,-0.016107,0.033723,-0.022643,0.01834,-0.308568,-0.119546,0.05541,0.32749,0.13106,-0.301387,0.944447,-0.747107,0.596086,0.294017,-0.651717,-0.743742,-0.148242,0.000333,-0.001831,-0.001353,0.072893,-0.136987,0.194232,0.243766,0.029854,0.045802,-0.021043,0.000587,0.179877,0.983688,0.822418,-0.559689,0.101853,0.568881,0.808944,-0.148263,0.000209,-0.001152,-0.000853,0.259425,-0.505348,0.716563,0.079398,0.061037,0.040328,-0.055605,0.362573,0.154181,-0.919112,0.40664,-0.91356,0.007162,-0.83856,-0.376345,-0.393928,-0.001594,-0.003493,-0.002394,0.00189,0.016688,-0.030087,-0.411511
113,0.047268,0.036334,0.374323,0.386041,0.095462,-0.917554,0.339639,-0.939459,0.045097,-0.858181,-0.329173,-0.393951,0.009183,-0.003785,-0.018288,0.033719,-0.022637,0.018383,-0.329761,-0.119539,0.05537,0.327448,0.137239,-0.301747,0.943454,-0.745237,0.595892,0.299113,-0.652593,-0.743751,-0.144289,0.000505,-0.002777,-0.002054,0.242971,-0.456554,0.64749,0.281351,0.029857,0.045762,-0.02109,-0.012945,0.179745,0.983627,0.820182,-0.560776,0.113268,0.571955,0.808221,-0.140164,0.000283,-0.001556,-0.001153,-0.001648,0.005924,-0.008258,0.182598,0.061098,0.040248,-0.055861,0.363172,0.159785,-0.917918,0.407281,-0.9133,0.002159,-0.83799,-0.374635,-0.396763,-0.001684,-0.000279,-0.008207,0.03519,0.00956,-0.042627,-0.427351
114,0.047341,0.036211,0.374038,0.386886,0.100987,-0.916606,0.340003,-0.939561,0.039936,-0.857656,-0.327234,-0.3967,0.007106,-0.015204,-0.01013,-0.000106,-0.001577,0.006026,-0.336096,-0.11952,0.055272,0.327328,0.155206,-0.302757,0.94034,-0.739924,0.594956,0.313805,-0.654631,-0.744089,-0.132868,0.000747,-0.004106,-0.003041,0.016425,-0.103706,0.142021,0.357809,0.029867,0.045734,-0.021123,-0.024243,0.179634,0.983434,0.818349,-0.561463,0.12273,0.574208,0.807768,-0.133393,0.000378,-0.002074,-0.001539,0.013919,-0.09571,0.130858,0.235667,0.06114,0.040178,-0.056015,0.363639,0.165358,-0.916745,0.4076,-0.913155,-0.00303,-0.837631,-0.372564,-0.399459,0.003493,-0.007748,-0.005168,0.003669,0.003085,-0.002534,-0.434699
115,0.0475,0.035926,0.37338,0.387911,0.106608,-0.915535,0.340857,-0.93945,0.03497,-0.856855,-0.325773,-0.399623,0.008196,-0.006003,-0.019872,0.006081,-0.056808,0.078629,-0.339661,-0.119458,0.055146,0.327183,0.176013,-0.303837,0.936319,-0.734167,0.593007,0.330566,-0.655871,-0.745201,-0.119878,0.000799,-0.004386,-0.003254,0.016913,-0.116976,0.159937,0.426528,0.029898,0.045671,-0.021195,-0.045225,0.179388,0.982737,0.815224,-0.561945,0.140093,0.577376,0.807488,-0.120827,0.000479,-0.002615,-0.001941,0.030259,-0.213277,0.291528,0.332825,0.061216,0.040036,-0.056337,0.364259,0.170895,-0.915483,0.408342,-0.912794,-0.007919,-0.837001,-0.370946,-0.402277,0.003933,-0.003382,-0.010201,-0.0655,-0.131397,0.20949,-0.442047
116,0.047593,0.035736,0.372713,0.389607,0.10956,-0.914466,0.336134,-0.94131,0.030375,-0.857954,-0.319362,-0.402431,-0.003678,-0.001211,-0.016946,0.024149,-0.004005,-0.018239,-0.338542,-0.119377,0.055023,0.327038,0.195036,-0.304648,0.932278,-0.729674,0.589992,0.34557,-0.655526,-0.747259,-0.108407,0.000748,-0.0041,-0.003046,0.031388,-0.217031,0.296677,0.481898,0.029938,0.045609,-0.021268,-0.064032,0.17904,0.981755,0.813041,-0.561095,0.155353,0.578673,0.808156,-0.109639,0.006507,-0.000843,-0.001292,0.035945,-0.24902,0.34892,0.417246,0.061266,0.039937,-0.056674,0.36576,0.174021,-0.914295,0.403698,-0.914805,-0.012621,-0.838598,-0.364483,-0.404851,0.004583,-0.001969,-0.009234,0.004797,0.04139,-0.096616,-0.444822
117,0.047625,0.035702,0.37239,0.391475,0.107602,-0.913901,0.325453,-0.945126,0.028073,-0.861219,-0.308564,-0.403877,0.009122,-0.004012,-0.018538,-0.996517,-1.294158,2.246168,-0.336799,-0.119371,0.054995,0.32697,0.201356,-0.306142,0.930443,-0.724299,0.592848,0.351932,-0.659573,-0.744382,-0.103546,-0.001194,0.008024,-0.009871,0.067955,-0.224905,0.315982,0.498529,0.029942,0.045589,-0.021301,-0.071054,0.180191,0.981061,0.808909,-0.565066,0.162371,0.583623,0.805127,-0.105608,0.000237,-0.001292,-0.000963,0.034244,-0.236552,0.320005,0.449578,0.061276,0.03992,-0.056836,0.367558,0.169402,-0.914441,0.393294,-0.919331,-0.012224,-0.842745,-0.355152,-0.404533,-0.001591,-8.5e-05,-0.00811,0.021185,0.007066,-0.043164,-0.444986
118,0.047699,0.035751,0.371763,0.393632,0.105809,-0.913183,0.31541,-0.948585,0.025991,-0.863972,-0.298398,-0.405631,-0.00163,0.003286,-0.013835,0.020767,-0.021696,0.008632,-0.333422,-0.119434,0.05493,0.326859,0.216692,-0.306719,0.9268,-0.720643,0.590073,0.363896,-0.658734,-0.746345,-0.094348,0.000494,-0.002712,-0.002018,0.033843,-0.234068,0.319788,0.525801,0.02991,0.045562,-0.021359,-0.08666,0.179855,0.979868,0.807023,-0.564024,0.1749,0.584126,0.805933,-0.096269,0.000187,-0.001015,-0.000755,0.033881,-0.234126,0.319851,0.494646,0.061315,0.039939,-0.057158,0.370072,0.170482,-0.913225,0.38346,-0.923401,-0.01699,-0.84617,-0.343898,-0.407098,-0.000777,0.001705,-0.006869,0.023644,-0.0191,0.003248,-0.442863
119,0.047929,0.035902,0.371127,0.394641,0.109014,-0.91237,0.31686,-0.948161,0.023707,-0.862982,-0.298594,-0.407591,0.011765,0.001775,-0.014511,0.034079,-0.036686,0.043479,-0.330363,-0.119584,0.054813,0.326778,0.223725,-0.309703,0.924133,-0.71102,0.596548,0.372176,-0.666804,-0.739937,-0.087917,0.000605,-0.003332,-0.002482,0.014459,-0.100081,0.136722,0.532279,0.029835,0.045503,-0.021399,-0.094611,0.182513,0.97864,0.799217,-0.572191,0.183976,0.593548,0.799553,-0.091732,0.000299,-0.001638,-0.001218,0.014463,-0.101613,0.136835,0.512118,0.061425,0.040013,-0.057472,0.370847,0.173638,-0.912316,0.38482,-0.922791,-0.019206,-0.845213,-0.343955,-0.409034,0.006618,0.005914,-0.011802,0.065745,0.054089,-0.141553,-0.440414
120,0.048269,0.036232,0.370544,0.397074,0.108005,-0.911434,0.307365,-0.951343,0.021114,-0.865301,-0.288669,-0.409818,0.000857,0.008755,-0.009996,0.033091,-0.021981,0.013919,-0.327731,-0.119933,0.054632,0.326683,0.227789,-0.31118,0.922643,-0.706027,0.599646,0.376676,-0.670728,-0.736807,-0.084281,-0.011783,-0.00516,-0.002516,0.014835,-0.10184,0.130645,0.532343,0.029665,0.045413,-0.021446,-0.098829,0.183791,0.977984,0.79523,-0.576212,0.188648,0.598198,0.796366,-0.08921,-0.005846,-0.002828,-0.00144,-0.004749,0.031777,-0.052359,0.51571,0.0616,0.040176,-0.057764,0.373361,0.17279,-0.911451,0.375534,-0.926551,-0.021821,-0.848277,-0.334135,-0.410827,0.007464,0.007788,-0.01048,0.067576,-0.044362,0.032213,-0.439107
121,0.048497,0.036503,0.370244,0.398663,0.103344,-0.911281,0.296941,-0.954637,0.021586,-0.868209,-0.279339,-0.410133,0.001699,0.010615,-0.008684,-5.004927,0.195785,-2.425491,-0.325958,-0.120197,0.054508,0.326621,0.22945,-0.311155,0.92224,-0.705619,0.599358,0.377897,-0.670593,-0.737052,-0.083206,-0.0117,-0.005657,-0.00289,0.014813,-0.101844,0.130644,0.532341,0.029537,0.045355,-0.021476,-0.100576,0.183672,0.977828,0.794999,-0.576091,0.189982,0.598213,0.796481,-0.088078,-0.012036,-0.003772,-0.001477,0.01252,-0.086745,0.101445,0.516527,0.061707,0.040304,-0.057908,0.37449,0.170648,-0.911392,0.370874,-0.928435,-0.021448,-0.849828,-0.32998,-0.410979,0.007935,0.008834,-0.009741,0.067821,-0.058822,0.057469,-0.438617
122,0.048986,0.037189,0.369635,0.39125,0.09753,-0.915127,0.27854,-0.960265,0.016687,-0.877625,-0.261559,-0.401732,0.016751,0.019731,-0.018011,-1.454807,0.176006,-0.490163,-0.32096,-0.120768,0.054233,0.326482,0.231444,-0.311021,0.921787,-0.705134,0.599045,0.379295,-0.670419,-0.737363,-0.081837,-0.011605,-0.006277,-0.00336,0.012329,-0.08489,0.107476,0.532257,0.029252,0.045217,-0.021546,-0.102606,0.183419,0.977664,0.794728,-0.575975,0.191465,0.598229,0.796623,-0.08667,-0.011998,-0.004047,-0.001684,0.012554,-0.086698,0.101411,0.516853,0.061946,0.040644,-0.058209,0.367395,0.164157,-0.915462,0.352566,-0.935418,-0.026243,-0.860649,-0.313119,-0.401544,0.008275,0.009615,-0.00918,0.05634,0.339065,0.054475,-0.435352
123,0.049534,0.037949,0.368994,0.379353,0.092898,-0.920601,0.255936,-0.966647,0.007862,-0.889641,-0.238721,-0.389332,0.004354,0.023388,-0.015805,0.008971,0.622279,0.394238,-0.313316,-0.121426,0.054019,0.326383,0.233167,-0.310847,0.921411,-0.7047,0.598813,0.380468,-0.670281,-0.737625,-0.080601,-0.011939,-0.004446,-0.001997,-0.002045,0.015205,-0.029245,0.531867,0.028919,0.045105,-0.021598,-0.104454,0.183138,0.977521,0.794459,-0.575904,0.192788,0.598266,0.796739,-0.08534,-0.012131,-0.003352,-0.001169,0.010133,-0.069724,0.078235,0.51718,0.062233,0.041034,-0.058534,0.358617,0.156261,-0.920312,0.324545,-0.945257,-0.034031,-0.87525,-0.286479,-0.389699,0.00843,0.00999,-0.008899,-0.058859,0.061553,0.072639,-0.432249
124,0.049828,0.038306,0.368683,0.376367,0.089218,-0.92219,0.241218,-0.970446,0.004503,-0.895004,-0.224262,-0.385618,0.016797,0.019943,-0.017831,0.057236,0.312196,0.2716,-0.308065,-0.121756,0.053943,0.326363,0.233994,-0.310758,0.921232,-0.7045,0.598694,0.381025,-0.670205,-0.737759,-0.080009,-0.012241,-0.002732,-0.000718,-0.002045,0.015205,-0.029245,0.530766,0.028754,0.045064,-0.021611,-0.105291,0.183,0.977458,0.794344,-0.575865,0.193379,0.598273,0.796799,-0.084731,-0.01231,-0.002341,-0.000415,-0.004172,0.030388,-0.058463,0.51718,0.062375,0.041214,-0.058689,0.354388,0.15277,-0.922534,0.310319,-0.949869,-0.038089,-0.882105,-0.272781,-0.38403,0.008495,0.010157,-0.008777,0.039091,0.447327,0.377042,-0.430127
125,0.050464,0.038977,0.36801,0.374593,0.084719,-0.923335,0.222163,-0.974995,0.000615,-0.900664,-0.205474,-0.3829,0.016124,0.018518,-0.018809,0.066891,-0.050838,0.061926,-0.302629,-0.122491,0.053838,0.326363,0.241938,-0.311048,0.919079,-0.701608,0.598105,0.387235,-0.670427,-0.738113,-0.074697,-0.0248,-0.003623,-6.9e-05,0.012633,-0.086771,0.101537,0.5252,0.028391,0.045014,-0.021609,-0.113416,0.182857,0.976575,0.792445,-0.576244,0.19993,0.599304,0.796558,-0.079549,-0.006235,-0.000711,0.000143,0.013514,-0.098318,0.125611,0.517343,0.0627,0.041559,-0.059031,0.352066,0.148579,-0.924106,0.292013,-0.955475,-0.042372,-0.889256,-0.254934,-0.379778,0.008057,0.009218,-0.009431,0.075935,-0.086934,0.04405,-0.424248
126,0.051087,0.039569,0.367294,0.374384,0.079734,-0.923864,0.207641,-0.978191,-0.000336,-0.90421,-0.191813,-0.381627,0.013399,0.005617,-0.011761,0.028446,0.025026,0.07799,-0.302207,-0.12326,0.053764,0.32639,0.260267,-0.313836,0.913104,-0.690018,0.600933,0.403347,-0.675595,-0.734626,-0.061311,-0.024961,-0.002641,0.000654,0.084524,-0.220329,0.298286,0.527667,0.028011,0.044977,-0.021596,-0.131674,0.184706,0.973932,0.784019,-0.581815,0.216339,0.606608,0.792069,-0.068203,-0.012522,-0.001073,0.000527,0.812977,-1.582781,2.302466,0.517344,0.063013,0.041857,-0.059387,0.35229,0.14359,-0.924809,0.277675,-0.959701,-0.043231,-0.893749,-0.241567,-0.377965,0.006655,0.002681,-0.00597,0.035399,0.000795,0.0661,-0.423431
127,0.051372,0.039954,0.366895,0.370957,0.074989,-0.925642,0.192404,-0.981299,-0.002449,-0.908979,-0.17729,-0.377297,0.015697,0.01766,-0.019375,-0.410561,0.503838,0.20017,-0.299325,-0.123606,0.053723,0.326397,0.26924,-0.314371,0.910315,-0.686614,0.60004,0.410423,-0.675557,-0.735126,-0.055455,-0.024969,-0.002581,0.000694,0.012544,-0.086785,0.101536,0.528577,0.027834,0.044957,-0.021592,-0.141965,0.184812,0.972465,0.781458,-0.582091,0.224704,0.607592,0.791841,-0.061787,-0.006316,-0.000215,0.000508,0.031327,-0.229232,0.304148,0.518323,0.063148,0.04204,-0.059581,0.351699,0.137997,-0.925885,0.262646,-0.963893,-0.043895,-0.898512,-0.227742,-0.375245,0.001738,0.010733,-0.008556,-1.476065,-0.010631,-0.589392,-0.422125
128,0.051896,0.040841,0.366058,0.364222,0.066495,-0.92896,0.162178,-0.986722,-0.007101,-0.917553,-0.148161,-0.369015,0.015796,0.017945,-0.019145,-0.415454,0.660911,0.069668,-0.298367,-0.124314,0.053685,0.326431,0.294641,-0.315902,0.901878,-0.676827,0.597149,0.430409,-0.674862,-0.736818,-0.039015,-0.012729,0.000218,0.001467,0.052533,-0.258915,0.349735,0.531151,0.027485,0.044937,-0.021577,-0.167756,0.18511,0.968293,0.774952,-0.582352,0.245589,0.609349,0.79158,-0.045758,-0.006442,0.000561,0.001083,0.288711,-0.726227,1.038477,0.518976,0.063409,0.042483,-0.06,0.345403,0.129278,-0.929507,0.232803,-0.971309,-0.048583,-0.909119,-0.199611,-0.36559,0.008791,0.014374,-0.013819,-1.446181,0.00254,-0.497363,-0.419839
129,0.052399,0.041747,0.365199,0.352862,0.062546,-0.933607,0.133279,-0.990934,-0.01607,-0.92659,-0.118845,-0.356839,0.004819,0.031424,-0.026053,-1.472576,0.565382,-0.159193,-0.289418,-0.124965,0.053707,0.326502,0.30768,-0.31819,0.896705,-0.668565,0.598153,0.441779,-0.677292,-0.735016,-0.029833,-0.012807,0.000753,0.001859,0.047383,-0.336165,0.450381,0.531451,0.02715,0.044948,-0.021539,-0.181798,0.186866,0.965416,0.768605,-0.585371,0.258041,0.613346,0.788936,-0.037207,-0.006458,0.000697,0.001178,0.031319,-0.221076,0.290368,0.519629,0.063666,0.042933,-0.060426,0.333631,0.125126,-0.934362,0.205297,-0.977006,-0.057531,-0.920077,-0.172628,-0.351648,0.007569,0.008295,-0.010291,-5.110074,0.571272,-1.477883,-0.417227
130,0.052866,0.042659,0.364357,0.337617,0.058885,-0.939464,0.093439,-0.995193,-0.028855,-0.937071,-0.078122,-0.340328,0.00352,0.021654,-0.016841,-0.431661,0.722758,0.325988,-0.267081,-0.125681,0.053725,0.326589,0.314037,-0.324148,0.892356,-0.653938,0.607435,0.450912,-0.688575,-0.724726,-0.022353,-0.012815,0.000874,0.001941,0.034399,-0.217238,0.290414,0.531719,0.026792,0.044958,-0.021495,-0.189251,0.192746,0.962825,0.756216,-0.596863,0.268125,0.626355,0.778847,-0.032801,-0.006444,0.00064,0.001129,0.03005,-0.119096,0.153492,0.520772,0.063899,0.04339,-0.060852,0.318972,0.119973,-0.940139,0.164405,-0.983921,-0.06978,-0.933395,-0.132306,-0.333568,0.00787,0.00894,-0.00957,-1.502658,0.170602,-0.352951,-0.402694
131,0.053083,0.043045,0.363995,0.329415,0.06176,-0.942187,0.085018,-0.995729,-0.035601,-0.940776,-0.06846,-0.332088,0.003527,0.021677,-0.01681,0.033847,0.745038,0.501531,-0.26335,-0.126068,0.053708,0.326617,0.310753,-0.331746,0.890712,-0.637915,0.621798,0.454274,-0.704907,-0.708934,-0.019536,-0.025061,-0.001754,0.001272,1.509041,0.551134,0.228791,0.531464,0.026607,0.044951,-0.021481,-0.188449,0.198746,0.961762,0.74529,-0.608805,0.271841,0.639553,0.76802,-0.033395,-0.012454,-0.001383,0.000265,0.053516,-0.07321,0.100411,0.521099,0.064002,0.043576,-0.061026,0.310819,0.122006,-0.942605,0.15536,-0.98491,-0.076253,-0.937685,-0.122743,-0.325084,0.000894,0.005416,-0.004194,0.025779,0.349533,0.238965,-0.397305
132,0.053401,0.043639,0.363446,0.307113,0.058929,-0.949871,0.044413,-0.997864,-0.047603,-0.951033,-0.027648,-0.307894,0.01395,0.0071,-0.010657,-5.259174,0.278473,-1.080834,-0.231129,-0.126729,0.053622,0.326622,0.313969,-0.333093,0.889081,-0.628433,0.628918,0.457677,-0.711971,-0.701991,-0.013,-0.012371,-0.001869,-0.000105,0.032513,-0.225806,0.285384,0.529049,0.026262,0.044909,-0.021476,-0.190587,0.201696,0.960726,0.733485,-0.621183,0.275919,0.652438,0.757265,-0.029552,-0.006178,-0.001001,-9.2e-05,0.026117,-0.206024,0.301293,0.521262,0.064163,0.043886,-0.06131,0.286438,0.120292,-0.950516,0.120888,-0.988695,-0.088694,-0.950441,-0.089501,-0.297743,0.001783,0.010851,-0.008372,-0.035029,0.86141,0.560328,-0.382609
133,0.053589,0.044215,0.36306,0.28729,0.061153,-0.955913,0.014651,-0.998106,-0.059504,-0.958103,0.003006,-0.286454,0.00279,0.013177,-0.006748,0.010717,0.333276,0.227949,-0.212999,-0.127327,0.053496,0.326592,0.317818,-0.337549,0.886027,-0.617871,0.634969,0.463664,-0.719477,-0.694373,-0.007887,-0.012237,-0.002742,-0.000758,-0.002044,0.015204,-0.029246,0.526369,0.025964,0.044844,-0.021492,-0.195138,0.206365,0.958819,0.724439,-0.628682,0.282747,0.661141,0.749781,-0.026819,-0.006114,-0.001415,-0.000404,-0.002934,0.014303,-0.02942,0.521262,0.06426,0.044168,-0.061506,0.265814,0.120312,-0.956486,0.085489,-0.991214,-0.100922,-0.960225,-0.054942,-0.273765,0.001511,0.006831,-0.00319,0.010874,0.234794,0.441091,-0.361218
134,0.053622,0.044415,0.36296,0.275939,0.057603,-0.959471,-0.000947,-0.998168,-0.060254,-0.961532,0.017457,-0.274186,-0.0115,0.00526,0.003329,-0.162271,0.257768,0.307174,-0.212614,-0.127615,0.053395,0.326548,0.314608,-0.345651,0.884047,-0.600546,0.648657,0.467464,-0.735387,-0.677531,-0.004634,-0.011868,-0.005153,-0.002551,4.901305,2.500041,0.082316,0.527826,0.025828,0.044801,-0.02151,-0.194513,0.212892,0.957518,0.712445,-0.640311,0.287093,0.674229,0.738023,-0.027126,-0.012157,-0.003289,-0.001161,0.052996,-0.071178,0.100627,0.521262,0.064279,0.044276,-0.061557,0.254595,0.116118,-0.96005,0.070049,-0.99237,-0.10145,-0.964506,-0.041422,-0.260787,-0.005736,0.002652,0.001695,-0.150524,0.198587,0.289203,-0.357788
135,0.05367,0.044685,0.362826,0.246382,0.050513,-0.967879,-0.038075,-0.997348,-0.061798,-0.968744,0.052008,-0.242602,0.000852,0.00194,0.001356,-0.040022,0.366458,0.460272,-0.207426,-0.128171,0.053119,0.326404,0.311334,-0.360554,0.879241,-0.567857,0.671177,0.476438,-0.762267,-0.647149,0.003095,-0.011382,-0.008433,-0.004998,1.46989,0.705097,0.112608,0.530682,0.025545,0.044664,-0.021581,-0.191824,0.229912,0.954119,0.680652,-0.669213,0.298102,0.707047,0.706606,-0.028119,-0.011805,-0.005214,-0.002534,4.866007,2.581274,0.09203,0.521099,0.064302,0.044409,-0.061626,0.225686,0.106908,-0.968316,0.032736,-0.994231,-0.10214,-0.973649,-0.008648,-0.227884,0.001033,0.005754,-0.003938,-0.03046,0.454739,0.457423,-0.353217
136,0.053702,0.044843,0.362852,0.220435,0.0551,-0.973868,-0.064107,-0.995408,-0.070884,-0.97358,0.077982,-0.21468,0.001113,0.002533,0.00177,-0.016299,0.538989,0.269889,-0.210991,-0.12875,0.05274,0.326187,0.311807,-0.379339,0.871131,-0.526723,0.693949,0.490848,-0.791078,-0.611408,0.01546,-0.011191,-0.009875,-0.006089,1.456277,0.728515,0.133579,0.528003,0.025252,0.044469,-0.021693,-0.194496,0.24983,0.948554,0.643086,-0.697723,0.315627,0.740682,0.671391,-0.024958,-0.005577,-0.005047,-0.003116,1.459274,0.766738,0.130652,0.521262,0.064318,0.044488,-0.061612,0.199894,0.109907,-0.973633,0.006553,-0.993816,-0.11084,-0.979795,0.015777,-0.199379,0.000694,0.00158,0.001117,0.036309,0.904873,-0.043315,-0.353217
137,0.05373,0.044912,0.362995,0.187477,0.061426,-0.98037,-0.091382,-0.992606,-0.079722,-0.978256,0.104451,-0.179259,0.001756,0.003997,0.002788,-0.092388,0.427308,0.665807,-0.209723,-0.129193,0.052462,0.325969,0.321665,-0.391675,0.862041,-0.501151,0.701918,0.506057,-0.803664,-0.59429,0.028393,-0.013363,0.005041,-0.010855,0.120821,-0.241099,0.34919,0.524696,0.025031,0.044323,-0.021807,-0.206236,0.262355,0.942674,0.620519,-0.709831,0.333308,0.756585,0.653688,-0.016404,-0.006692,0.002578,-0.005378,0.123662,-0.255545,0.361666,0.521426,0.064331,0.044524,-0.061546,0.16658,0.113627,-0.979458,-0.020927,-0.992706,-0.118724,-0.985805,0.040274,-0.162988,0.000843,0.001921,0.001353,-0.486519,1.165373,0.055129,-0.35387
138,0.05374,0.045024,0.363084,0.173189,0.067123,-0.982622,-0.108266,-0.990312,-0.086784,-0.979148,0.121324,-0.163023,-0.009461,0.009856,0.006527,-0.11274,0.569385,0.568309,-0.209632,-0.129357,0.052414,0.325879,0.32256,-0.399501,0.858106,-0.485022,0.708637,0.512367,-0.813151,-0.580958,0.033714,-0.013526,0.006134,-0.010039,0.060424,-0.08791,0.128384,0.524519,0.024954,0.044296,-0.021849,-0.208176,0.270473,0.93995,0.606111,-0.718569,0.341008,0.767653,0.640704,-0.014348,0.000183,-0.001256,-0.000934,0.070918,-0.217201,0.318379,0.521589,0.064338,0.04457,-0.061502,0.152395,0.117778,-0.981276,-0.038009,-0.99144,-0.124901,-0.987588,0.056332,-0.146614,0.001516,0.003446,0.002415,-0.564173,0.564886,0.802316,-0.35387
139,0.053834,0.045284,0.363324,0.154861,0.07284,-0.98527,-0.125351,-0.987751,-0.092779,-0.980157,0.137775,-0.142609,0.0031,0.007062,0.004906,-0.044644,0.289198,0.405766,-0.211693,-0.129585,0.052484,0.325751,0.320528,-0.411515,0.853176,-0.454885,0.723071,0.51979,-0.831179,-0.554179,0.043482,-0.012361,-0.002173,-0.000348,0.141761,-0.025638,0.136177,0.528175,0.02484,0.044333,-0.021917,-0.207615,0.282677,0.936477,0.578969,-0.736139,0.35056,0.788473,0.614973,-0.010828,-0.00081,0.005735,-0.003657,1.483446,0.662377,0.427128,0.521589,0.064382,0.044703,-0.06138,0.133427,0.122535,-0.983453,-0.055276,-0.989861,-0.130833,-0.989515,0.071818,-0.125301,0.001844,0.004198,0.002926,-0.080218,0.429248,0.751856,-0.35387
140,0.053919,0.045422,0.36361,0.130374,0.068326,-0.989131,-0.138569,-0.986557,-0.086466,-0.981909,0.148244,-0.117923,0.002577,0.005875,0.00407,-0.041439,0.365396,0.195359,-0.211678,-0.129696,0.052595,0.325665,0.320609,-0.419496,0.84925,-0.438805,0.728687,0.525736,-0.839753,-0.540676,0.048461,0.0,-1e-06,-1e-06,0.142839,-0.038912,0.16697,0.527521,0.02478,0.044391,-0.021958,-0.208938,0.291307,0.933533,0.564162,-0.74383,0.358379,0.798789,0.601544,-0.00893,-1.2e-05,6.8e-05,5.3e-05,0.439248,0.150607,0.18612,0.521589,0.064428,0.044779,-0.061232,0.108841,0.117086,-0.987139,-0.068407,-0.989802,-0.124945,-0.991702,0.081126,-0.099722,0.000613,-0.001998,0.006566,-0.083218,0.483969,0.228911,-0.355176
141,0.053943,0.045527,0.363729,0.117904,0.06936,-0.990623,-0.15118,-0.984657,-0.086989,-0.981609,0.159926,-0.104377,0.00292,0.006659,0.004607,-0.06265,0.612784,0.171827,-0.212522,-0.129736,0.052676,0.325633,0.323083,-0.420284,0.847921,-0.43767,0.72794,0.527715,-0.8394,-0.541069,0.050155,-0.000235,0.001598,0.001196,0.018455,-0.134404,0.182856,0.522846,0.02476,0.044429,-0.021976,-0.211751,0.292084,0.932656,0.563184,-0.743452,0.360696,0.798739,0.601635,-0.00707,-0.000125,0.000841,0.000632,0.016939,-0.135733,0.182766,0.521589,0.064439,0.04483,-0.061174,0.097051,0.11697,-0.988381,-0.081088,-0.988839,-0.124986,-0.99197,0.092276,-0.086483,-0.004724,0.004927,0.003255,-0.09365,0.83098,0.278537,-0.355176
142,0.054009,0.045691,0.363973,0.09908,0.080257,-0.991861,-0.170226,-0.980663,-0.096409,-0.980547,0.178286,-0.082269,0.002738,0.006247,0.004311,-1.694059,0.35809,-0.021513,-0.21428,-0.129716,0.052872,0.325536,0.327103,-0.418783,0.847122,-0.435956,0.728364,0.528548,-0.838739,-0.541663,0.054595,0.012406,0.001811,7.8e-05,0.009565,-0.035723,0.013381,0.516986,0.024769,0.044532,-0.02202,-0.215853,0.290024,0.932359,0.561665,-0.744198,0.361526,0.798711,0.60171,-0.002259,0.006205,0.000893,2.9e-05,-0.001766,-0.009898,0.03387,0.517017,0.064472,0.044912,-0.061052,0.076547,0.127407,-0.988892,-0.098809,-0.98595,-0.134676,-0.992157,0.10802,-0.062883,0.001147,0.00278,0.001693,-5.540271,-0.044434,-0.113653,-0.356646
143,0.054104,0.045743,0.364176,0.069627,0.091923,-0.993352,-0.196152,-0.975025,-0.10403,-0.978198,0.201971,-0.048622,0.001815,0.004145,0.002855,-0.089687,0.758993,0.459459,-0.214099,-0.129639,0.053003,0.325362,0.328478,-0.41648,0.847725,-0.43522,0.729721,0.527281,-0.838586,-0.541616,0.057352,0.000428,-0.002902,-0.002173,0.014426,-0.039287,-0.030417,0.513109,0.024807,0.044602,-0.022104,-0.216969,0.287552,0.932865,0.560859,-0.745436,0.360224,0.798974,0.601364,0.00046,-0.000569,0.00409,-0.004889,0.041164,-0.014364,-0.021474,0.511465,0.06452,0.044941,-0.060948,0.047524,0.135728,-0.989605,-0.126899,-0.981876,-0.140762,-0.990775,0.132269,-0.029439,0.000149,-0.003067,0.005822,-0.130817,0.907334,0.330907,-0.356809
144,0.054142,0.045762,0.364403,0.041577,0.101637,-0.993975,-0.222318,-0.968912,-0.108427,-0.974152,0.225354,-0.016452,0.001823,0.004165,0.002864,-0.121363,0.691496,0.453999,-0.214324,-0.129582,0.053012,0.325125,0.32837,-0.416531,0.847742,-0.434795,0.730007,0.527235,-0.838849,-0.541191,0.057522,-0.000815,0.005951,-0.011449,0.050434,-0.109374,0.155235,0.510951,0.024835,0.044605,-0.022218,-0.216652,0.287855,0.932845,0.560565,-0.745632,0.360275,0.799267,0.600975,0.000181,0.000398,-0.002661,-0.001995,-0.003335,0.018028,-0.022189,0.508199,0.064539,0.044951,-0.060835,0.018236,0.143876,-0.989427,-0.153532,-0.977452,-0.144964,-0.987975,0.154552,0.004265,0.000879,0.002007,0.001388,-0.132867,0.782937,0.517226,-0.356645
145,0.054146,0.045745,0.36451,0.031394,0.107357,-0.993747,-0.229214,-0.966925,-0.111754,-0.972922,0.23115,-0.004512,-0.000439,-0.00781,0.010469,-0.097132,0.739702,0.187462,-0.213974,-0.129578,0.052987,0.324998,0.328201,-0.416506,0.84782,-0.434654,0.730182,0.527109,-0.838988,-0.540974,0.057526,0.000901,-0.006094,-0.004576,-0.002344,0.017053,-0.023111,0.50798,0.024837,0.044595,-0.022285,-0.216622,0.287887,0.932842,0.560366,-0.745778,0.360283,0.799415,0.600778,0.00023,-0.000418,0.003071,-0.005653,0.033756,0.008278,-0.004148,0.505913,0.064542,0.044946,-0.060784,0.008315,0.148576,-0.988865,-0.160504,-0.975879,-0.147975,-0.986999,0.159947,0.015733,0.000747,0.001705,0.001178,-0.058016,0.694563,0.221391,-0.356646
146,0.054193,0.045744,0.364652,0.024208,0.107058,-0.993981,-0.241488,-0.964159,-0.10978,-0.970145,0.242553,0.003749,0.000879,0.002008,0.001378,-0.000387,0.105634,-0.168561,-0.215937,-0.129593,0.053035,0.324713,0.326784,-0.413131,0.850015,-0.435439,0.732329,0.52347,-0.839132,-0.540664,0.058332,-0.001102,0.007888,-0.009998,0.036814,-0.009356,0.018377,0.504535,0.024831,0.044611,-0.022434,-0.214657,0.284323,0.934388,0.560713,-0.747451,0.356253,0.799701,0.600397,0.001022,-0.000549,0.003959,-0.004987,0.033629,-0.001993,0.025011,0.501178,0.064565,0.044942,-0.06071,6.9e-05,0.148677,-0.988885,-0.172983,-0.973976,-0.146448,-0.984924,0.17107,0.025651,0.005671,-0.006135,0.003858,-0.027185,0.080629,-0.17244,-0.356809
147,0.054229,0.045779,0.364677,0.021268,0.104157,-0.994356,-0.24157,-0.964534,-0.106253,-0.97019,0.242331,0.005884,5.5e-05,0.000126,8.7e-05,-0.000112,0.102799,-0.170273,-0.219186,-0.129623,0.053253,0.324411,0.329159,-0.408302,0.851431,-0.43425,0.735119,0.520539,-0.838822,-0.540553,0.063576,-0.001432,0.010123,-0.008312,0.10996,-0.208366,-0.136518,0.501895,0.024817,0.04471,-0.02258,-0.216128,0.280149,0.935309,0.559423,-0.749585,0.353789,0.800208,0.599698,0.005284,0.00016,-0.001064,-0.000801,0.140748,-0.38038,-0.296089,0.497748,0.064584,0.044962,-0.060696,-0.002493,0.145246,-0.989392,-0.172913,-0.974554,-0.142632,-0.984933,0.170722,0.027545,-1.6e-05,-3.7e-05,-2.4e-05,0.000533,0.102333,-0.170643,-0.359095
148,0.054232,0.045796,0.364664,0.020354,0.103228,-0.994472,-0.241546,-0.964663,-0.105131,-0.970214,0.242216,0.006536,1e-06,2e-06,1e-06,-0.000109,0.102807,-0.170268,-0.219472,-0.129641,0.053386,0.324284,0.330413,-0.405904,0.852092,-0.433644,0.73648,0.519119,-0.838644,-0.54051,0.066234,-0.001439,0.010172,-0.008272,0.050127,-0.045552,-0.009827,0.5006,0.024807,0.044782,-0.022646,-0.217547,0.276187,0.936158,0.55852,-0.751354,0.351456,0.800454,0.599322,0.009199,0.000137,-0.000892,-0.000672,-0.00084,-8.7e-05,0.000151,0.495626,0.064585,0.044969,-0.060703,-0.003337,0.144255,-0.989534,-0.172851,-0.974728,-0.141514,-0.984941,0.17057,0.028187,-2.6e-05,-6.2e-05,-4e-05,0.000371,0.102816,-0.170314,-0.360075
149,0.054221,0.045777,0.364639,0.023212,0.101915,-0.994545,-0.241151,-0.964825,-0.104551,-0.970252,0.24213,0.003419,-0.000275,-0.000629,-0.000432,0.012093,-0.034908,-0.253453,-0.222554,-0.129703,0.053691,0.324062,0.335357,-0.39614,0.854752,-0.432146,0.741422,0.513301,-0.83746,-0.541011,0.076357,-0.001658,0.011656,-0.007148,0.197735,-0.445371,-0.322117,0.494609,0.024777,0.044929,-0.022755,-0.22048,0.268556,0.937692,0.556772,-0.754689,0.347057,0.80087,0.5986,0.016869,4e-06,2e-06,1e-06,0.016412,-0.046174,-0.035906,0.490564,0.064579,0.044958,-0.060716,-0.000411,0.143376,-0.989668,-0.172415,-0.974857,-0.141159,-0.985024,0.170575,0.025121,-0.000184,-0.00042,-0.000285,0.017765,-0.188817,-0.115334,-0.361218
