frame,MLTx,MLTy,MLTz,MLTR1,MLTR2,MLTR3,MLTR4,MLTR5,MLTR6,MLTR7,MLTR8,MLTR9,MLTTVx,MLTTVy,MLTTVz,MLTRVx,MLTRVy,MLTRVz,MLGA,MRTx,MRTy,MRTz,MRTR1,MRTR2,MRTR3,MRTR4,MRTR5,MRTR6,MRTR7,MRTR8,MRTR9,MRTTVx,MRTTVy,MRTTVz,MRTRVx,MRTRVy,MRTRVz,MRGA,SLTx,SLTy,SLTz,SLTR1,SLTR2,SLTR3,SLTR4,SLTR5,SLTR6,SLTR7,SLTR8,SLTR9,SLTTVx,SLTTVy,SLTTVz,SLTRVx,SLTRVy,SLTRVz,SLGA,SRTx,SRTy,SRTz,SRTR1,SRTR2,SRTR3,SRTR4,SRTR5,SRTR6,SRTR7,SRTR8,SRTR9,SRTTVx,SRTTVy,SRTTVz,SRTRVx,SRTRVy,SRTRVz,SRGA
420,0.122586,-0.037414,0.273402,-0.558532,-0.118243,-0.821039,-0.59908,-0.62712,0.49779,-0.573062,0.770046,0.280456,0.000452,0.011208,-0.008098,-0.009685,-0.139337,-0.061196,0.210548,-0.188116,-0.021779,0.26206,-0.177482,0.717236,0.673843,-0.280466,-0.693081,0.664012,0.94348,-0.072033,0.323295,-0.016213,0.01118,-0.006815,-0.07444,0.084123,0.147183,-1.40328,0.030333,0.040874,-0.043946,0.195798,-0.703554,0.683135,0.227918,0.710192,0.666093,-0.95379,0.025279,0.299407,-0.008108,0.005565,-0.003428,-0.099082,-0.006851,0.319351,-0.839438,0.061994,0.028982,-0.086418,0.548805,0.125107,-0.826535,0.600094,0.629387,0.493718,0.581979,-0.766954,0.270335,0.000225,0.005612,-0.004033,0.009378,-0.116691,-0.046328,-0.050313
421,0.121923,-0.037244,0.273387,-0.555798,-0.137346,-0.819921,-0.582535,-0.639307,0.501909,-0.592431,0.756761,0.276341,-0.015892,0.001658,0.001371,0.103781,-0.10421,-0.098679,0.358804,-0.189101,-0.021283,0.261764,-0.181738,0.728321,0.66069,-0.273021,-0.682733,0.677694,0.944858,-0.058128,0.322066,-0.031727,0.011147,-0.00563,-0.045297,0.005388,0.208919,-1.408652,0.029858,0.041117,-0.044093,0.200624,-0.714642,0.670101,0.220382,0.699398,0.679906,-0.954558,0.011272,0.29781,-0.008397,0.011501,-0.006981,-0.005048,-0.032116,0.320538,-0.838458,0.061675,0.029066,-0.086426,0.545951,0.144069,-0.825336,0.583779,0.641178,0.498087,0.600947,-0.753746,0.265948,-0.007702,0.00648,-0.003263,1.41021,-0.869328,-0.492554,0.165068
422,0.121212,-0.037047,0.273353,-0.554722,-0.146487,-0.819067,-0.577421,-0.641003,0.50564,-0.598411,0.753617,0.272018,-0.015496,0.012549,-0.007227,-0.019308,-0.134821,-0.097472,0.451114,-0.190341,-0.020681,0.261348,-0.188232,0.739226,0.646611,-0.254078,-0.672515,0.695055,0.948871,-0.034381,0.313568,-0.048003,0.020697,-0.014966,-3.662362,-4.007431,-0.682885,-1.408628,0.029233,0.041422,-0.044294,0.204146,-0.725717,0.657006,0.205597,0.687956,0.69602,-0.957106,-0.007011,0.289649,-0.016246,0.010686,-0.007492,0.103335,-1.099203,2.807181,-0.841724,0.061313,0.029162,-0.086439,0.544862,0.153069,-0.824435,0.578402,0.643241,0.501687,0.607104,-0.750206,0.261943,-0.008013,0.000547,0.000259,-0.066595,-0.145995,-0.13148,0.339952
423,0.120414,-0.036661,0.273202,-0.555536,-0.146934,-0.818434,-0.576285,-0.641521,0.506278,-0.598748,0.753089,0.272736,-0.031255,0.01469,-0.005194,0.033116,0.013107,-0.042558,0.514874,-0.191894,-0.019983,0.260764,-0.194376,0.752479,0.629273,-0.235467,-0.658439,0.714805,0.952434,-0.010173,0.30435,-0.048109,0.018954,-0.017658,-0.398406,0.407256,0.479102,-1.408987,0.028438,0.04178,-0.044591,0.216378,-0.737839,0.639353,0.183723,0.673941,0.715575,-0.958866,-0.037371,0.281384,-0.024056,0.009373,-0.008939,-0.506461,0.489435,0.539026,-0.850542,0.060908,0.029359,-0.086518,0.545671,0.153559,-0.823808,0.577142,0.643889,0.502307,0.607576,-0.74955,0.262726,-0.015624,0.007353,-0.002575,0.033399,0.015942,-0.040788,0.46046
424,0.120087,-0.036457,0.273091,-0.555327,-0.147052,-0.818556,-0.57602,-0.641944,0.506044,-0.599197,0.752706,0.272807,-0.015592,0.012064,-0.007993,0.034104,-0.001612,-0.013004,0.519894,-0.192856,-0.019628,0.2604,-0.198957,0.760962,0.617531,-0.227674,-0.648672,0.72617,0.953388,0.002929,0.301505,-0.063706,0.017846,-0.018215,-0.251116,0.13197,0.771598,-1.409167,0.027999,0.041945,-0.044758,0.221671,-0.745274,0.62883,0.175963,0.66486,0.725946,-0.959113,-0.050271,0.27852,-0.024119,0.009038,-0.009382,0.125918,-1.023359,3.009281,-0.860992,0.060757,0.029454,-0.086564,0.545562,0.153646,-0.823865,0.576871,0.644252,0.502152,0.607931,-0.74922,0.262846,-0.007704,0.00641,-0.003413,0.03321,-0.000644,-0.01243,0.491486
425,0.119723,-0.036241,0.272828,-0.552764,-0.146766,-0.820339,-0.57705,-0.642808,0.50377,-0.600575,0.752024,0.271655,-0.016385,-0.000415,-0.001832,-0.000984,0.014715,-0.029553,0.52019,-0.194893,-0.0189,0.259554,-0.213343,0.771393,0.599524,-0.200994,-0.635073,0.7458,0.956289,0.037644,0.289752,-0.06383,0.016322,-0.02071,-0.432938,0.337964,0.641813,-1.409114,0.026963,0.042315,-0.045189,0.237342,-0.755583,0.610542,0.14992,0.649461,0.745468,-0.959787,-0.085398,0.267421,-0.024169,0.007984,-0.011112,-0.537433,0.430807,0.5172,-0.880097,0.060563,0.029571,-0.086702,0.542882,0.153315,-0.825695,0.577923,0.645163,0.499769,0.60933,-0.748504,0.261643,-0.008204,-0.000276,-0.00101,-0.001642,0.016184,-0.030936,0.510917
426,0.119602,-0.036076,0.272486,-0.549057,-0.152475,-0.821787,-0.573829,-0.646122,0.503208,-0.607025,0.748043,0.26829,-0.00028,0.008006,-0.012951,0.034018,-0.003166,-0.006846,0.521178,-0.197242,-0.018148,0.258553,-0.225695,0.784394,0.577737,-0.180574,-0.616336,0.766457,0.957543,0.067677,0.279991,-0.064074,0.014035,-0.024401,-0.387713,0.346306,0.628796,-1.409059,0.025764,0.042698,-0.045696,0.250403,-0.768502,0.588813,0.129692,0.629335,0.766235,-0.959415,-0.115504,0.257256,-0.032037,0.006907,-0.012305,-0.485905,0.412402,0.681522,-0.889732,0.060503,0.029651,-0.086867,0.539051,0.159112,-0.827107,0.574725,0.648378,0.499295,0.615722,-0.744505,0.258063,-0.000346,-0.001455,-0.002203,0.007137,0.009654,0.005922,0.515163
427,0.119618,-0.035996,0.272289,-0.548998,-0.152522,-0.821817,-0.573569,-0.646458,0.503073,-0.607323,0.747744,0.26845,-0.000311,0.00788,-0.013146,0.034649,-0.000765,-0.0077,0.52121,-0.198601,-0.017749,0.258012,-0.240371,0.787932,0.566901,-0.166079,-0.608686,0.775792,0.956613,0.091337,0.276429,-0.079564,0.01429,-0.023206,-3.557444,-3.906157,-0.846471,-1.408633,0.025138,0.042881,-0.045949,0.261599,-0.77213,0.57912,0.119386,0.621293,0.774429,-0.957764,-0.133451,0.254711,-0.032025,0.007085,-0.012116,0.080468,-0.353248,1.158692,-0.891364,0.06051,0.02969,-0.086967,0.539063,0.159061,-0.827109,0.574429,0.648757,0.499143,0.615987,-0.744186,0.258352,-9.9e-05,0.004151,-0.006252,0.035671,-0.013908,0.016887,0.516469
428,0.119665,-0.035882,0.271997,-0.54899,-0.152597,-0.821808,-0.573146,-0.646939,0.502939,-0.60773,0.747313,0.26873,-0.000457,-0.001893,-0.002874,-0.0,-0.0,-0.0,0.520463,-0.201357,-0.016924,0.257015,-0.264009,0.796904,0.543355,-0.147791,-0.590002,0.793719,0.953405,0.128243,0.27283,-0.064309,0.027571,-0.029554,-0.187166,0.107718,0.48458,-1.408928,0.02376,0.04329,-0.046453,0.289728,-0.779264,0.555702,0.097334,0.601583,0.792857,-0.952147,-0.175624,0.250144,-0.031916,0.008006,-0.010933,-0.49353,0.294822,0.421496,-0.896753,0.060534,0.029748,-0.087121,0.539074,0.159111,-0.827092,0.573992,0.649247,0.499009,0.616385,-0.743748,0.258664,-3e-06,0.004552,-0.005644,0.034614,-0.016093,0.016675,0.517775
429,0.119719,-0.035805,0.271817,-0.548611,-0.152577,-0.822066,-0.573084,-0.647311,0.502529,-0.608131,0.746994,0.26871,-9.2e-05,-0.000383,-0.000582,-0.0,-0.0,-0.0,0.520238,-0.204114,-0.016127,0.256127,-0.292494,0.801632,0.521368,-0.125998,-0.572652,0.810017,0.94824,0.170223,0.267818,-0.063613,0.017782,-0.019713,0.033024,-0.304011,1.13346,-1.408799,0.022351,0.043695,-0.046913,0.318355,-0.782593,0.534974,0.075449,0.583463,0.808626,-0.944964,-0.217068,0.244794,-0.039752,0.014937,-0.01267,0.48863,-1.137322,2.809422,-0.903121,0.06056,0.029785,-0.087214,0.538695,0.159079,-0.827345,0.573936,0.64961,0.498601,0.616769,-0.743438,0.258641,-3.2e-05,-0.000146,-0.000221,-0.000325,0.000196,0.000101,0.517775
430,0.119727,-0.03575,0.271843,-0.548461,-0.152562,-0.822168,-0.573115,-0.647394,0.502387,-0.608236,0.746925,0.268663,0.00031,0.001285,0.001952,-0.0,-0.0,-0.0,0.519506,-0.206758,-0.01525,0.255303,-0.330107,0.800218,0.500671,-0.104815,-0.558082,0.823099,0.938464,0.218222,0.267444,-0.063468,0.018607,-0.018805,0.041078,-0.305777,1.129515,-1.408994,0.021029,0.044134,-0.047323,0.356717,-0.779152,0.515435,0.055056,0.568306,0.820972,-0.932588,-0.264478,0.245621,-0.031751,0.0093,-0.00928,0.405842,-0.976084,2.698681,-0.899692,0.060564,0.029811,-0.087202,0.538546,0.159057,-0.827446,0.573973,0.649686,0.498459,0.616864,-0.743376,0.258592,0.000194,0.000805,0.001225,0.000204,-0.015536,0.024251,0.517286
431,0.119723,-0.035715,0.271895,-0.548237,-0.152527,-0.822324,-0.573239,-0.647432,0.502197,-0.608322,0.746899,0.268539,-0.015329,0.00396,0.004802,-0.00057,-0.000963,-0.005374,0.519039,-0.207985,-0.014801,0.254898,-0.355062,0.793301,0.494567,-0.091334,-0.555828,0.826225,0.930761,0.247188,0.269159,-0.06338,0.019088,-0.018233,-0.077801,-0.226645,0.24026,-1.40937,0.020392,0.044366,-0.047532,0.381185,-0.771934,0.508738,0.041878,0.564139,0.824616,-0.923549,-0.293027,0.247369,-0.031683,0.00958,-0.009003,-0.049701,-0.239753,0.216812,-0.906387,0.060567,0.029826,-0.087179,0.538319,0.159015,-0.827602,0.574099,0.649724,0.498264,0.616944,-0.743352,0.258469,0.00024,0.000995,0.001512,-0.000179,0.000111,4.9e-05,0.516306
432,0.119755,-0.035539,0.272049,-0.548504,-0.149754,-0.822656,-0.573556,-0.648533,0.50041,-0.607783,0.746501,0.270859,0.000939,0.003899,0.00591,0.00048,-0.015517,0.024282,0.515947,-0.21019,-0.013762,0.254055,-0.419103,0.769075,0.482563,-0.064062,-0.555097,0.829275,0.906147,0.315663,0.281277,-0.063467,0.031889,-0.024178,0.386824,-2.932297,1.505844,-1.408932,0.019332,0.044867,-0.047937,0.437183,-0.74765,0.499889,0.0152,0.561883,0.827076,-0.899244,-0.353985,0.257009,-0.023984,0.015943,-0.012366,0.09545,0.006582,-0.073859,-0.909,0.060578,0.029915,-0.087101,0.538635,0.15619,-0.827934,0.574392,0.650839,0.496467,0.616396,-0.742975,0.260851,0.000441,0.00184,0.002789,-0.003182,-0.003992,-0.002648,0.51451
433,0.119838,-0.035292,0.272275,-0.547661,-0.149632,-0.82324,-0.573888,-0.648829,0.499646,-0.608229,0.746268,0.270496,0.001246,0.005184,0.007838,0.000413,-0.015686,0.024174,0.500804,-0.211918,-0.012642,0.252986,-0.487573,0.733714,0.473211,-0.036052,-0.558334,0.828793,0.872897,0.386105,0.298057,-0.032974,0.028214,-0.031194,-2.264947,-5.020379,-1.937075,-1.408899,0.018439,0.04544,-0.048468,0.506252,-0.709692,0.489944,-0.010243,0.563138,0.826299,-0.862324,-0.423334,0.27782,-0.024161,0.014617,-0.014461,0.429797,-0.94439,-0.373476,-0.905244,0.060619,0.030039,-0.086988,0.537779,0.156109,-0.828506,0.574717,0.651115,0.49573,0.616841,-0.742751,0.260437,0.000869,0.008207,-0.000113,0.0355,-0.032213,0.040601,0.500467
434,0.119877,-0.035158,0.272424,-0.547436,-0.149601,-0.823395,-0.573962,-0.648925,0.499437,-0.608363,0.746192,0.270409,0.001287,0.00536,0.00809,0.000413,-0.015688,0.024172,0.498081,-0.212561,-0.012047,0.252352,-0.529482,0.709592,0.464885,-0.020531,-0.558438,0.829253,0.848684,0.428628,0.309638,-0.017565,0.027551,-0.032857,-2.237486,-4.937951,-1.676807,-1.409053,0.018112,0.045736,-0.048786,0.547965,-0.682944,0.483032,-0.025621,0.56347,0.825738,-0.836108,-0.464852,0.291265,-0.016663,0.019722,-0.019618,0.534513,-0.779354,0.477589,-0.908183,0.060639,0.030108,-0.086912,0.537552,0.156079,-0.828659,0.574787,0.651212,0.495521,0.616973,-0.742672,0.260348,0.00064,0.002672,0.004035,5.5e-05,-3e-05,-1.8e-05,0.493445
435,0.119935,-0.034817,0.272805,-0.547507,-0.146799,-0.823852,-0.57437,-0.650067,0.497478,-0.607914,0.745749,0.27263,0.002031,0.008477,0.012745,0.001708,-0.029171,0.04976,0.497024,-0.213301,-0.010769,0.250872,-0.598854,0.660007,0.453604,0.003426,-0.564147,0.825627,0.801552,0.495143,0.33498,-0.002602,0.037582,-0.043376,0.429758,-0.507368,-0.332043,-1.409283,0.017736,0.046371,-0.049521,0.618736,-0.627325,0.472893,-0.053101,0.567179,0.82188,-0.783802,-0.533638,0.317622,-0.008882,0.013146,-0.017411,0.427158,-1.030779,-0.44562,-0.913899,0.060667,0.030273,-0.086728,0.537687,0.153129,-0.829121,0.575154,0.652433,0.493485,0.616513,-0.742214,0.262732,0.000943,0.003955,0.005948,-0.008611,-0.026019,0.017297,0.487567
436,0.119976,-0.034377,0.273293,-0.550444,-0.144557,-0.82229,-0.573035,-0.650882,0.497951,-0.606517,0.745473,0.276466,0.002248,0.009402,0.014064,0.000586,-0.015253,0.024432,0.496135,-0.213356,-0.009365,0.249178,-0.674629,0.592739,0.439917,0.032179,-0.571641,0.819832,0.738252,0.56648,0.365988,-0.00272,0.036923,-0.044455,0.893365,-2.275172,2.014673,-1.40951,0.017703,0.047059,-0.050351,0.689283,-0.556855,0.463464,-0.083391,0.574477,0.814261,-0.719676,-0.599906,0.349541,-0.001272,0.018484,-0.02186,-1.718287,-5.26125,-2.30358,-0.903938,0.060687,0.030491,-0.086487,0.54071,0.150968,-0.82755,0.5738,0.653181,0.494071,0.61513,-0.741998,0.266557,-0.006764,0.005657,0.007877,-0.006026,-0.01096,-0.004797,0.485444
437,0.120072,-0.033957,0.273882,-0.559165,-0.140533,-0.817086,-0.568932,-0.651841,0.50139,-0.602382,0.7454,0.285555,0.00265,0.011119,0.016539,0.02443,0.037771,0.066174,0.485343,-0.21295,-0.008087,0.247478,-0.724143,0.540177,0.42874,0.049507,-0.579206,0.813636,0.68873,0.609721,0.392115,0.01273,0.036988,-0.045012,-0.212703,-2.178106,0.087243,-1.409496,0.017904,0.047709,-0.051222,0.738003,-0.50125,0.451774,-0.099405,0.581436,0.807496,-0.667436,-0.640843,0.379274,0.006516,0.01187,-0.0198,-1.594471,-6.366585,0.118882,-0.894793,0.060736,0.030704,-0.086188,0.549555,0.146843,-0.82245,0.569655,0.654243,0.49745,0.61113,-0.74189,0.275893,0.001287,0.005439,0.008091,0.01359,0.054045,0.019349,0.478259
438,0.120122,-0.033747,0.274193,-0.562349,-0.141135,-0.814794,-0.567005,-0.651427,0.504103,-0.601232,0.745648,0.287324,0.002611,0.010971,0.01627,0.001157,-0.030561,0.048868,0.479303,-0.212616,-0.007455,0.246668,-0.746451,0.513308,0.423457,0.059491,-0.582175,0.810843,0.663661,0.629788,0.403464,0.028527,0.02583,-0.037491,-0.268859,-1.82392,-0.680655,-1.40946,0.018065,0.048027,-0.051633,0.759154,-0.474282,0.445803,-0.108908,0.582685,0.805367,-0.641734,-0.65995,0.390694,0.006445,0.018851,-0.021659,-1.74021,-5.035296,-2.345228,-0.889568,0.060762,0.030815,-0.086024,0.552664,0.147566,-0.820234,0.56788,0.653667,0.50023,0.609978,-0.742255,0.277459,0.001302,0.00551,0.00817,-0.005532,-0.042138,0.047476,0.469768
439,0.120206,-0.033282,0.274861,-0.571302,-0.142844,-0.808242,-0.561462,-0.650282,0.511728,-0.597978,0.746325,0.292317,0.002782,0.011729,0.017284,-0.002012,0.076949,-0.118439,0.468797,-0.211753,-0.00627,0.245201,-0.785475,0.462192,0.411582,0.075914,-0.587887,0.805332,0.615155,0.663217,0.426134,0.013343,0.027679,-0.034104,0.640747,-0.537503,-0.379383,-1.410044,0.018502,0.048619,-0.052367,0.7963,-0.421171,0.434188,-0.126298,0.586203,0.800258,-0.591569,-0.692084,0.413601,0.014365,0.013558,-0.017848,0.265151,-0.327774,0.069238,-0.882057,0.060802,0.031039,-0.085703,0.5616,0.14941,-0.813806,0.562454,0.652422,0.507925,0.606835,-0.74298,0.282364,0.001598,0.011348,0.004419,0.032658,0.073209,-0.122229,0.453929
440,0.12031,-0.03284,0.27551,-0.577255,-0.141132,-0.804303,-0.558358,-0.650515,0.514819,-0.595157,0.746445,0.297717,0.002802,0.011853,0.01736,0.025183,0.144005,-0.075368,0.456849,-0.210787,-0.005232,0.244055,-0.815561,0.418466,0.399672,0.086715,-0.594317,0.799501,0.573109,0.686158,0.44788,0.029477,0.01882,-0.023051,0.33796,-0.300442,-0.148654,-1.410176,0.018978,0.049139,-0.052948,0.825107,-0.374359,0.423147,-0.137189,0.593791,0.792837,-0.548066,-0.712227,0.438583,0.0147,0.015838,-0.014319,0.425429,-0.51245,-0.029449,-0.879934,0.060855,0.031264,-0.085371,0.567578,0.147612,-0.809978,0.559318,0.652798,0.510899,0.604167,-0.743011,0.287951,0.001364,0.005811,0.008512,0.022839,0.03567,0.095035,0.43809
441,0.120361,-0.032627,0.27584,-0.579661,-0.141594,-0.80249,-0.556834,-0.650194,0.516873,-0.594245,0.746639,0.299052,0.002718,0.011516,0.016815,0.001219,-0.030418,0.04896,0.449381,-0.210232,-0.004734,0.243599,-0.831716,0.391453,0.393706,0.094361,-0.598957,0.795161,0.548115,0.697991,0.460697,0.0295,0.032861,-0.026719,0.302315,-0.537186,-0.002559,-1.410667,0.019256,0.049383,-0.053175,0.839975,-0.346397,0.41767,-0.145033,0.598399,0.787961,-0.522882,-0.722444,0.452402,0.014883,0.010278,-0.010227,0.11518,-0.675393,-0.37998,-0.877648,0.060882,0.031376,-0.085199,0.570076,0.148112,-0.80813,0.55786,0.652329,0.513086,0.603162,-0.743323,0.289252,0.001346,0.005743,0.008385,-0.005675,-0.040045,0.045099,0.428782
442,0.120438,-0.032186,0.276461,-0.58203,-0.139219,-0.80119,-0.555939,-0.65093,0.516908,-0.592764,0.74644,0.302466,0.00258,0.010964,0.015914,0.038398,0.061429,0.107956,0.432581,-0.209062,-0.003824,0.242914,-0.856102,0.346686,0.383262,0.101998,-0.613472,0.78306,0.507663,0.709021,0.489318,0.030123,0.023622,-0.015625,0.432824,-0.495044,-0.03278,-1.41054,0.019853,0.049851,-0.053527,0.862438,-0.300433,0.407357,-0.152974,0.612454,0.775563,-0.482492,-0.731191,0.482245,0.015107,0.011972,-0.007603,0.391837,-0.477491,-0.020895,-0.879118,0.060921,0.031597,-0.084887,0.57245,0.14579,-0.806873,0.556877,0.653157,0.513101,0.60182,-0.743055,0.292713,0.00127,0.005441,0.007897,0.032764,0.056409,0.105024,0.407391
443,0.120494,-0.031787,0.277018,-0.583657,-0.139559,-0.799945,-0.55484,-0.650768,0.51829,-0.592191,0.746518,0.303393,0.002156,0.009182,0.013257,-0.002411,0.092672,-0.142589,0.422852,-0.20787,-0.00305,0.242416,-0.880603,0.292484,0.372805,0.119304,-0.624342,0.771944,0.459637,0.723871,0.5144,0.030376,0.011798,-0.008594,-1.720301,-4.690785,-2.843129,-1.410661,0.020426,0.050228,-0.053762,0.882757,-0.250684,0.39736,-0.167153,0.622847,0.764277,-0.439087,-0.741092,0.507921,0.022879,0.005846,-0.004784,0.467383,-0.540315,-0.068407,-0.879118,0.060948,0.031795,-0.08461,0.573985,0.146152,-0.805716,0.555955,0.652857,0.514481,0.60121,-0.743247,0.293477,0.0011,0.004725,0.006821,-0.000103,-0.033323,0.047582,0.389429
444,0.120565,-0.031445,0.277547,-0.583705,-0.13387,-0.800882,-0.556166,-0.65273,0.514388,-0.590901,0.74584,0.307549,0.002071,0.008843,0.012705,0.061244,0.135689,0.121409,0.417431,-0.206793,-0.002376,0.241977,-0.899215,0.247808,0.360548,0.129644,-0.635933,0.760734,0.418923,0.73048,0.539226,0.02992,0.023272,-0.016292,-1.529926,-4.595473,-3.189899,-1.410526,0.020976,0.050572,-0.05398,0.89973,-0.205518,0.385028,-0.177468,0.633691,0.752953,-0.398735,-0.745786,0.533678,0.007461,0.005574,-0.004488,0.548836,-0.553789,-0.176303,-0.876178,0.060983,0.031966,-0.084347,0.574098,0.140852,-0.806579,0.55702,0.654821,0.51082,0.600116,-0.742542,0.297474,0.001074,0.004619,0.006638,0.096737,0.194307,0.159442,0.377345
445,0.120619,-0.031261,0.277811,-0.583173,-0.133772,-0.801287,-0.556491,-0.652813,0.51393,-0.591121,0.745784,0.307262,0.00227,0.009707,0.013912,0.001708,-0.029185,0.049752,0.417268,-0.20623,-0.00207,0.241734,-0.908606,0.223688,0.352689,0.135775,-0.640146,0.756116,0.396042,0.734603,0.550792,0.029903,0.023382,-0.01615,0.2453,-1.177349,0.255224,-1.410308,0.021269,0.050733,-0.054109,0.909352,-0.174927,0.377461,-0.187674,0.637253,0.747452,-0.371288,-0.750538,0.546659,0.014966,0.011679,-0.00813,0.192649,-1.212019,0.340293,-0.878628,0.06101,0.032055,-0.084219,0.573688,0.140249,-0.806976,0.557468,0.654969,0.51014,0.600091,-0.742526,0.297564,0.001055,0.004537,0.006503,-0.009121,-0.026291,0.017207,0.37457
446,0.120698,-0.03093,0.278302,-0.582696,-0.130833,-0.802118,-0.55746,-0.653857,0.511548,-0.590679,0.745387,0.309069,0.001926,0.008257,0.01178,0.003166,-0.008796,0.0286,0.415071,-0.205078,-0.001527,0.241294,-0.92696,0.167181,0.335837,0.152835,-0.648978,0.745253,0.343703,0.741924,0.575569,0.030064,0.010487,-0.010811,0.392039,-0.458656,-0.033836,-1.410634,0.021845,0.051006,-0.054327,0.925326,-0.117743,0.360427,-0.20473,0.644947,0.736293,-0.31915,-0.755102,0.57268,0.015047,0.005181,-0.005536,0.360452,-0.439164,-0.031472,-0.875362,0.06105,0.032223,-0.083969,0.573219,0.13724,-0.807826,0.558404,0.656074,0.507691,0.59967,-0.742112,0.299439,0.000984,0.004254,0.00607,-0.012017,-0.026627,0.016949,0.370161
447,0.120732,-0.030679,0.278803,-0.582222,-0.127874,-0.802939,-0.558542,-0.654754,0.509215,-0.590125,0.745109,0.310793,0.001179,-0.004027,0.018286,-0.020715,0.035819,0.030207,0.41356,-0.203898,-0.001073,0.240804,-0.943698,0.102123,0.314636,0.173155,-0.6576,0.733154,0.282959,0.746215,0.602462,0.029945,0.009876,-0.011842,0.59206,-0.762307,-0.30384,-1.410726,0.022424,0.051229,-0.054568,0.939137,-0.053724,0.339315,-0.224635,0.651259,0.724845,-0.259923,-0.756951,0.599553,0.014972,0.004752,-0.006242,0.005243,-0.665808,-0.240266,-0.866871,0.061068,0.032354,-0.083721,0.572747,0.134255,-0.808663,0.559407,0.65707,0.505295,0.599186,-0.741778,0.301231,-0.006967,0.004503,0.00588,-0.002762,0.018646,0.006987,0.368691
448,0.120751,-0.030571,0.279027,-0.581819,-0.127789,-0.803245,-0.558853,-0.654737,0.508895,-0.590228,0.745138,0.310528,0.001595,0.006854,0.009718,0.000615,-0.015178,0.0245,0.411994,-0.203337,-0.00087,0.24057,-0.950775,0.071462,0.301515,0.181475,-0.659925,0.72904,0.252269,0.747768,0.614057,0.029953,0.010048,-0.011606,0.411869,-0.481855,-0.027797,-1.410608,0.022715,0.051333,-0.054691,0.945126,-0.021146,0.326019,-0.23352,0.654161,0.719402,-0.228482,-0.756059,0.613327,0.015001,0.004992,-0.005881,0.399906,-0.465759,-0.032602,-0.867851,0.061077,0.032404,-0.083605,0.572325,0.134327,-0.808949,0.559781,0.656888,0.505117,0.59924,-0.741926,0.300759,0.000777,0.003372,0.00478,-0.004565,-0.022249,0.019918,0.366895
449,0.120733,-0.030354,0.279365,-0.581739,-0.12493,-0.803752,-0.559592,-0.655677,0.506869,-0.589608,0.744792,0.312528,-0.014276,0.007396,0.009433,0.022041,0.056176,0.031303,0.410007,-0.202286,-0.000642,0.240114,-0.961641,0.001756,0.274292,0.203745,-0.664441,0.718985,0.184722,0.747277,0.638215,0.014391,0.00814,-0.013776,-1.153466,-4.480867,-3.421936,-1.410785,0.023236,0.051447,-0.054909,0.953285,0.043297,0.29895,-0.25217,0.658923,0.708681,-0.166301,-0.750962,0.63906,0.015065,-0.001971,-0.004026,0.341543,-0.401551,-0.072284,-0.873076,0.061073,0.032512,-0.083437,0.572253,0.131388,-0.809482,0.560419,0.657983,0.502979,0.598711,-0.741481,0.3029,0.00062,0.002693,0.003805,0.013998,0.037075,0.057912,0.362649
450,0.120643,-0.030156,0.2796,-0.582017,-0.122164,-0.803976,-0.56004,-0.656631,0.505136,-0.588907,0.744407,0.314759,-0.014807,0.005071,0.006134,0.000994,0.019719,-0.02634,0.409493,-0.201384,-0.000562,0.239682,-0.967648,-0.056944,0.245776,0.219319,-0.670648,0.708565,0.125698,0.739605,0.661095,0.030085,-0.003929,-0.008061,-0.104908,-3.563285,1.084518,-1.41072,0.023675,0.051486,-0.055126,0.95654,0.101758,0.273267,-0.269891,0.663759,0.697553,-0.110402,-0.740991,0.662376,0.015048,-0.002131,-0.004309,0.428261,-0.443503,-0.111262,-0.8703,0.061029,0.032613,-0.083316,0.572543,0.12857,-0.80973,0.560924,0.658882,0.501235,0.597961,-0.741176,0.305121,0.000435,0.001888,0.002665,-0.012023,-0.028108,0.016095,0.360527
451,0.120473,-0.030009,0.279795,-0.586752,-0.111683,-0.802057,-0.559763,-0.659795,0.501307,-0.584456,0.743242,0.325622,0.00066,0.002832,0.003987,0.182533,0.461277,0.296128,0.408168,-0.200643,-0.000742,0.239271,-0.969532,-0.105097,0.221255,0.233443,-0.66884,0.705756,0.075032,0.736025,0.672681,0.014425,-0.006998,-0.012032,-0.04103,-1.702983,-0.997041,-1.4107,0.024063,0.051401,-0.055334,0.95705,0.154797,0.245136,-0.284844,0.659585,0.695565,-0.054017,-0.735516,0.675349,0.007187,-0.003641,-0.006261,0.063819,-1.743222,-1.014449,-0.874709,0.060938,0.032686,-0.08322,0.57699,0.120306,-0.807841,0.560225,0.661443,0.498637,0.594331,-0.740282,0.314248,-0.007422,0.00244,0.002931,0.187236,0.507807,0.3273,0.35971
452,0.120346,-0.029938,0.279886,-0.590883,-0.106794,-0.799686,-0.558531,-0.661132,0.50092,-0.581464,0.742765,0.332004,-0.01501,0.004155,0.004825,0.14357,0.378856,0.204216,0.407643,-0.200339,-0.000917,0.239032,-0.970667,-0.118592,0.209122,0.23366,-0.668485,0.70602,0.057289,0.734313,0.676288,0.014344,-0.007758,-0.013273,0.097005,-2.119825,2.076329,-1.410864,0.024215,0.051313,-0.055455,0.957412,0.16945,0.233768,-0.286418,0.65952,0.69498,-0.03641,-0.732338,0.679966,0.007177,-0.004017,-0.006862,0.081889,-2.101972,2.076511,-0.875362,0.060881,0.032721,-0.083175,0.58136,0.114422,-0.805559,0.559038,0.66319,0.497649,0.591181,-0.739652,0.321586,0.000336,0.001444,0.002038,0.241099,0.516344,0.336533,0.358567
453,0.119993,-0.029731,0.280081,-0.605089,-0.088829,-0.791216,-0.557876,-0.661726,0.500865,-0.567313,0.744576,0.351837,-0.014124,0.01694,-0.001057,0.102313,0.633614,0.197272,0.405058,-0.199902,-0.001404,0.238419,-0.972549,-0.151849,0.176299,0.232338,-0.667228,0.707645,0.011403,0.729361,0.683934,-0.001417,-0.011479,-0.018319,-0.321002,-3.078968,0.818302,-1.410909,0.024429,0.051081,-0.055743,0.959208,0.196879,0.202869,-0.282678,0.659685,0.696353,0.003267,-0.725295,0.688429,-0.000687,-0.005721,-0.009131,-0.02053,-0.13739,0.131772,-0.873892,0.060703,0.032817,-0.083079,0.595688,0.096721,-0.79737,0.558286,0.663857,0.497603,0.577469,-0.741577,0.341454,-0.007379,0.002587,0.003129,-0.095738,1.026779,0.406055,0.354648
454,0.119525,-0.029427,0.280348,-0.618196,-0.065001,-0.78336,-0.558996,-0.664296,0.496191,-0.551873,0.744718,0.37531,-0.014168,0.00763,0.009658,-1.011601,1.745913,0.73766,0.405184,-0.199619,-0.001829,0.237717,-0.975636,-0.171682,0.136564,0.217101,-0.669031,0.710774,-0.029429,0.723311,0.689795,0.014053,-0.010567,-0.017965,-0.035977,-2.100043,2.196189,-1.411088,0.024569,0.050858,-0.056111,0.961284,0.222116,0.163081,-0.271384,0.660544,0.700021,0.047763,-0.717178,0.69525,-0.000678,-0.005679,-0.009121,-0.009455,-0.26215,0.280888,-0.875362,0.060469,0.03297,-0.082953,0.608614,0.074882,-0.789924,0.558202,0.667116,0.49332,0.563912,-0.74118,0.364217,-0.007034,0.003739,0.004935,-4.274916,3.079154,2.028531,0.353342
455,0.119274,-0.029246,0.280513,-0.623634,-0.051045,-0.780077,-0.562219,-0.664062,0.492853,-0.542407,0.745996,0.38641,-0.014041,0.008125,0.010331,-4.057018,3.443585,2.356675,0.404962,-0.199473,-0.002057,0.237359,-0.97666,-0.183375,0.111806,0.207251,-0.669646,0.713131,-0.054665,0.719879,0.691845,0.013976,-0.011301,-0.019211,0.000262,-0.315527,0.289958,-1.410959,0.024643,0.050745,-0.056288,0.962852,0.233596,0.13545,-0.25953,0.662072,0.703068,0.074556,-0.712104,0.698103,-0.00066,-0.005537,-0.008922,-0.014633,-0.951364,0.813376,-0.876832,0.060338,0.033064,-0.082866,0.61466,0.059767,-0.786524,0.56143,0.667254,0.489455,0.554065,-0.742427,0.37658,-0.006913,0.004087,0.005404,-3.996967,3.528126,2.401171,0.353015
456,0.11881,-0.028852,0.280956,-0.631326,-0.022599,-0.775217,-0.570408,-0.663726,0.483813,-0.524686,0.74766,0.407106,-0.01339,0.010764,0.013961,0.285973,0.744555,0.297807,0.405598,-0.199081,-0.002447,0.236699,-0.974777,-0.21596,0.056242,0.190449,-0.674383,0.713352,-0.114892,0.706333,0.698396,0.014273,-0.009107,-0.015777,0.112944,-1.741939,-0.793234,-1.410934,0.024838,0.050546,-0.056625,0.961435,0.263158,0.079932,-0.24133,0.667815,0.704117,0.131914,-0.696253,0.705569,0.006873,-0.004641,-0.00819,-0.006169,-5.102472,-2.922192,-0.876178,0.060111,0.033255,-0.082653,0.622424,0.031175,-0.782058,0.570779,0.66561,0.480805,0.535535,-0.745647,0.396498,-0.006774,0.005097,0.006587,0.044136,0.230735,-0.002045,0.353179
457,0.118435,-0.028419,0.281528,-0.633148,0.008568,-0.774012,-0.588323,-0.655161,0.473932,-0.502261,0.755426,0.420823,0.00242,0.010134,0.014056,-4.116748,3.021796,2.470275,0.406727,-0.198666,-0.002702,0.236196,-0.970165,-0.241621,0.019752,0.18347,-0.679044,0.710755,-0.15709,0.693469,0.703055,0.014719,-0.005612,-0.010166,0.169932,-1.054934,0.688054,-1.411368,0.025051,0.050412,-0.056888,0.955992,0.290223,0.042977,-0.235773,0.67279,0.701258,0.174607,-0.680532,0.711609,0.007401,-0.002639,-0.004809,0.186217,-1.113581,0.741774,-0.872749,0.059917,0.033474,-0.082363,0.624701,0.002293,-0.780859,0.585047,0.660931,0.469988,0.517173,-0.750442,0.411543,-0.006467,0.006325,0.008255,0.251507,0.407158,0.364481,0.353668
458,0.118311,-0.028184,0.281841,-0.632225,0.01782,-0.77461,-0.59367,-0.653569,0.469441,-0.497115,0.756631,0.424751,0.002696,0.011278,0.0156,0.048363,0.228114,0.072254,0.408271,-0.198477,-0.002753,0.23608,-0.966603,-0.256213,0.004983,0.184349,-0.68217,0.707527,-0.176652,0.685131,0.706578,-0.000296,-0.002459,-0.004008,0.197965,-0.493672,0.351653,-1.411132,0.025145,0.050385,-0.056949,0.952062,0.304598,0.028237,-0.236951,0.675929,0.697834,0.193473,-0.671072,0.715702,0.007574,-0.001214,-0.002496,0.201093,-0.246129,0.026648,-0.871933,0.059855,0.03359,-0.082208,0.623908,-0.011508,-0.781412,0.594406,0.656139,0.464932,0.507365,-0.754551,0.416211,-0.006454,0.006357,0.008271,-0.018727,0.193254,0.247088,0.355138
459,0.118215,-0.027749,0.282463,-0.633159,0.030423,-0.773454,-0.601414,-0.648394,0.466752,-0.486521,0.760654,0.429801,0.002521,0.010547,0.014508,-0.38177,0.336207,0.078507,0.413467,-0.198005,-0.00256,0.236024,-0.957609,-0.287198,-0.022222,0.190346,-0.689166,0.699109,-0.214881,0.665598,0.714611,0.000405,0.003414,0.005562,0.163351,-0.249509,0.085072,-1.410769,0.025381,0.050476,-0.056984,0.942167,0.335142,0.000315,-0.24311,0.682794,0.688976,0.23069,-0.649208,0.724783,0.007704,0.007904,-0.000824,0.183086,-0.281069,0.092657,-0.871606,0.059808,0.033811,-0.081892,0.624911,-0.02387,-0.78033,0.601974,0.651181,0.462158,0.497104,-0.758546,0.421299,0.001332,0.005601,0.007719,-1.314493,0.844418,0.586204,0.360037
460,0.118346,-0.027339,0.28301,-0.634099,0.040483,-0.772221,-0.608697,-0.642039,0.466097,-0.476145,0.765548,0.432724,0.017766,0.007917,0.011846,0.001726,-0.029575,0.054261,0.419358,-0.197314,-0.00228,0.236275,-0.939551,-0.338214,-0.053361,0.210876,-0.694649,0.687697,-0.268461,0.635294,0.724012,0.031425,0.005749,0.007195,0.362079,-0.788313,-0.314959,-1.410954,0.025715,0.05062,-0.056851,0.922795,0.383994,-0.03155,-0.262764,0.687116,0.677366,0.281783,-0.61678,0.734968,0.008021,0.003006,0.004323,0.480816,-2.102126,-0.78778,-0.874709,0.059868,0.034019,-0.081615,0.626064,-0.033949,-0.779031,0.609475,0.644483,0.461715,0.486398,-0.763863,0.42418,0.001186,0.005019,0.006867,-0.0034,-0.041428,0.0416,0.367875
461,0.118562,-0.026978,0.283512,-0.631803,0.048277,-0.773654,-0.61747,-0.634719,0.46458,-0.467844,0.771169,0.431795,0.002139,0.009015,0.012275,0.000389,-0.0157,0.024165,0.421975,-0.196562,-0.002026,0.236595,-0.920502,-0.382118,-0.081565,0.234377,-0.70726,0.666922,-0.311359,0.595264,0.740662,0.03134,0.005404,0.006559,0.727177,-0.561404,-0.307408,-1.411267,0.026104,0.050755,-0.05668,0.902405,0.42658,-0.060761,-0.286078,0.698596,0.655836,0.322214,-0.574449,0.752453,0.01568,0.002697,0.003268,0.767639,-0.564828,-0.320868,-0.875362,0.059983,0.034203,-0.08136,0.623759,-0.041599,-0.780508,0.618235,0.637244,0.460112,0.478234,-0.769537,0.423205,0.001051,0.004474,0.006086,0.003034,-0.017398,0.022535,0.37359
462,0.118647,-0.026818,0.283732,-0.630549,0.052161,-0.774424,-0.621867,-0.631012,0.463764,-0.463702,0.773949,0.43129,0.001988,0.008395,0.011407,0.000389,-0.0157,0.024165,0.424069,-0.196147,-0.001919,0.236738,-0.910715,-0.402438,-0.092911,0.247466,-0.711999,0.657079,-0.329427,0.575923,0.7481,0.031314,0.00537,0.006466,0.546991,-0.594804,-0.185625,-1.410848,0.026299,0.050806,-0.05661,0.891691,0.446835,-0.072278,-0.299784,0.702626,0.645326,0.339139,-0.553764,0.760479,0.00797,0.00257,0.003593,0.653757,-0.864222,-0.547593,-0.874709,0.060025,0.03428,-0.081254,0.622539,-0.045462,-0.781266,0.622612,0.633595,0.459249,0.474128,-0.772327,0.422743,0.000992,0.004227,0.005741,0.003235,-0.032786,0.046961,0.375876
463,0.117987,-0.025984,0.284392,-0.624884,0.078246,-0.776816,-0.649096,-0.604977,0.461138,-0.433102,0.792287,0.429802,0.001444,0.014969,-0.002995,0.035388,-0.032408,0.040511,0.424667,-0.191799,0.001682,0.241489,-0.79767,-0.56587,-0.208581,0.362492,-0.726394,0.583855,-0.480878,0.390832,0.784774,0.002011,0.021838,0.033636,0.030876,-0.06959,0.052287,-1.410881,0.028485,0.052603,-0.054242,0.772969,0.604709,-0.191948,-0.414202,0.710163,0.569301,0.480576,-0.360548,0.799406,0.001007,0.011142,0.017155,-0.002575,-0.064748,0.050374,-0.884343,0.059694,0.034689,-0.080925,0.617043,-0.07141,-0.783681,0.649816,0.607928,0.456246,0.443842,-0.790773,0.421522,-0.007322,0.002482,0.002859,-0.000808,0.014627,-0.029639,0.380448
464,0.117612,-0.025745,0.284637,-0.624995,0.078123,-0.77674,-0.648956,-0.60504,0.461253,-0.433153,0.792252,0.429817,-0.014136,0.007013,0.008446,-0.000607,-0.001001,-0.005398,0.424273,-0.191539,0.00267,0.243005,-0.790902,-0.57461,-0.21045,0.36987,-0.722985,0.583458,-0.486402,0.384347,0.784573,0.002388,0.026519,0.040268,-0.004662,0.053823,-0.063809,-1.411004,0.028615,0.053087,-0.0535,0.765876,0.613002,-0.194063,-0.421157,0.706315,0.568985,0.485859,-0.354042,0.799121,0.001198,0.013535,0.020563,0.004056,-0.070396,0.092609,-0.885976,0.059512,0.034811,-0.080808,0.617121,-0.071284,-0.783632,0.649682,0.608013,0.456324,0.44393,-0.79072,0.42153,-0.007091,0.003421,0.004115,-0.000496,-0.001069,-0.005457,0.380285
465,0.117201,-0.025478,0.284966,-0.625069,0.078003,-0.776691,-0.648874,-0.605037,0.461372,-0.433167,0.792266,0.429776,-0.014043,0.007334,0.008848,-0.00061,-0.001001,-0.005398,0.424117,-0.191482,0.003809,0.24476,-0.789842,-0.576295,-0.209821,0.372538,-0.722714,0.582095,-0.48609,0.382327,0.785752,0.002812,0.031741,0.047421,0.076321,-0.007068,-0.083435,-1.410881,0.028643,0.053652,-0.052628,0.76503,0.614247,-0.193463,-0.423464,0.706147,0.567479,0.485186,-0.352214,0.800336,-0.006145,0.015953,0.024447,0.08266,0.001104,-0.120852,-0.888425,0.059307,0.034947,-0.080641,0.617196,-0.071161,-0.783584,0.649598,0.608012,0.456444,0.443948,-0.790731,0.421489,-0.007036,0.003628,0.00438,-0.000904,0.014675,-0.029584,0.379958
466,0.11682,-0.025196,0.285333,-0.625036,0.077902,-0.776729,-0.648879,-0.605006,0.461407,-0.433209,0.7923,0.429671,-0.013815,0.008206,0.009983,-0.000613,-0.001,-0.005397,0.424379,-0.191604,0.004989,0.246728,-0.788761,-0.578474,-0.207885,0.375935,-0.721663,0.581214,-0.485232,0.381021,0.786916,0.002912,0.033224,0.048762,0.148763,-0.046176,-0.121747,-1.410746,0.028582,0.054246,-0.051637,0.764022,0.616109,-0.19152,-0.426392,0.704945,0.566782,0.484211,-0.351371,0.801297,-0.0058,0.010534,0.028255,0.171414,-0.033764,-0.175399,-0.892834,0.059116,0.035087,-0.080458,0.617161,-0.071059,-0.78362,0.649602,0.607983,0.456478,0.443992,-0.790763,0.421383,-0.006917,0.004087,0.004976,-0.000569,-0.001041,-0.005419,0.379958
467,0.116651,-0.025067,0.285511,-0.625004,0.077861,-0.776758,-0.648899,-0.604979,0.461413,-0.433225,0.792325,0.42961,-0.013898,0.007833,0.009467,-0.000614,-0.000999,-0.005397,0.42406,-0.191715,0.005563,0.247709,-0.787665,-0.58039,-0.206694,0.378912,-0.721016,0.580083,-0.484698,0.379328,0.788062,0.002877,0.032918,0.047892,0.246058,-0.098873,-0.173324,-1.410836,0.028527,0.054536,-0.051143,0.763041,0.617698,-0.190304,-0.428866,0.704132,0.565925,0.48357,-0.35021,0.802192,-0.005814,0.01026,0.027638,0.338381,-0.100045,-0.227242,-0.893814,0.059027,0.035156,-0.080363,0.617131,-0.071014,-0.783648,0.649619,0.607957,0.456488,0.444008,-0.790787,0.421322,-0.006953,0.003917,0.00474,-0.000576,-0.001023,-0.005422,0.379958
468,0.116425,-0.024846,0.28584,-0.624813,0.077824,-0.776916,-0.649045,-0.604899,0.461315,-0.433283,0.79239,0.429431,0.001245,0.005124,0.006834,0.000369,-0.015712,0.024158,0.424264,-0.191993,0.006565,0.249619,-0.787636,-0.581554,-0.203508,0.380637,-0.719134,0.581288,-0.483394,0.381118,0.787999,0.003191,0.018272,0.050066,-0.039269,0.049886,-0.057352,-1.410762,0.028388,0.055047,-0.050182,0.762281,0.619569,-0.187246,-0.431452,0.702053,0.566541,0.482468,-0.351076,0.802477,-0.006192,0.014833,0.021819,-0.009911,0.070754,-0.091364,-0.892344,0.058914,0.035266,-0.080199,0.616954,-0.070975,-0.783791,0.649752,0.60788,0.456402,0.444058,-0.79085,0.42115,0.000274,-0.003279,0.007143,-0.034952,0.016794,-0.016313,0.379958
469,0.116339,-0.024695,0.286118,-0.6244,0.077852,-0.777245,-0.649373,-0.604763,0.461031,-0.433386,0.792491,0.429141,0.000916,0.003766,0.005011,0.0,0.0,0.0,0.424026,-0.192407,0.007393,0.251263,-0.786438,-0.583741,-0.201875,0.383757,-0.718007,0.58063,-0.482881,0.379898,0.788903,-0.012637,0.025368,0.036933,0.008856,0.060446,-0.101413,-1.410827,0.028187,0.055462,-0.04935,0.761011,0.621586,-0.185718,-0.434454,0.700912,0.56566,0.481778,-0.349788,0.803453,-0.006123,0.006145,0.021092,-0.036774,-0.052249,0.029633,-0.899202,0.058871,0.035341,-0.08006,0.616539,-0.071004,-0.784115,0.650077,0.607749,0.456114,0.444159,-0.790948,0.420859,0.000171,-0.003699,0.00657,-0.034961,0.016802,-0.016303,0.379795
470,0.116355,-0.024644,0.286221,-0.624208,0.077878,-0.777397,-0.649525,-0.604708,0.460888,-0.433434,0.79253,0.42902,0.000762,0.003136,0.004169,0.0,0.0,0.0,0.424065,-0.192622,0.00777,0.251956,-0.786373,-0.583951,-0.201521,0.383942,-0.717694,0.580894,-0.482839,0.380167,0.788799,-0.01287,0.022386,0.032527,-0.008014,0.087289,-0.115315,-1.410763,0.028081,0.055654,-0.048999,0.760898,0.621833,-0.185357,-0.434581,0.700504,0.566068,0.481843,-0.350167,0.803249,-0.006466,0.011144,0.016205,-0.002246,-0.038949,0.037454,-0.905244,0.058879,0.035369,-0.080006,0.616328,-0.071032,-0.784278,0.65024,0.607694,0.455954,0.444214,-0.790987,0.420727,0.000425,0.001758,0.002338,0.000383,-0.015722,0.024166,0.379795
471,0.116446,-0.024599,0.286389,-0.623835,0.077954,-0.777688,-0.649853,-0.604558,0.460623,-0.433481,0.792636,0.428776,0.015739,-0.000133,0.000821,0.000984,-0.014715,0.029553,0.42453,-0.193118,0.00839,0.253111,-0.786241,-0.584667,-0.199954,0.384873,-0.716653,0.581563,-0.482314,0.381033,0.788702,-0.028142,0.016482,0.025108,-0.011837,0.121087,-0.166506,-1.410841,0.027838,0.055968,-0.048416,0.760737,0.62248,-0.183834,-0.43538,0.699456,0.566748,0.481374,-0.351109,0.803119,-0.006439,0.002071,0.015146,-0.034017,-0.024602,0.022721,-0.910469,0.058919,0.035394,-0.07992,0.615972,-0.071105,-0.784551,0.650552,0.607549,0.455703,0.444251,-0.791092,0.420491,0.000222,0.000929,0.001232,1.1e-05,-1.9e-05,5e-06,0.380121
472,0.116526,-0.024609,0.2865,-0.623628,0.078018,-0.777848,-0.650083,-0.604399,0.460506,-0.433433,0.792751,0.428612,0.0002,0.000824,0.001093,0.0,0.0,0.0,0.424466,-0.193624,0.008797,0.254084,-0.78613,-0.585786,-0.197093,0.386493,-0.714906,0.582638,-0.4812,0.382597,0.788625,-0.013407,0.015221,0.022065,0.001103,-0.021771,0.014852,-1.411238,0.027579,0.056165,-0.047937,0.760522,0.623625,-0.180822,-0.436998,0.69757,0.567828,0.480247,-0.352827,0.803041,-0.006478,0.001434,0.01417,-0.044662,0.102769,-0.129857,-0.902141,0.058965,0.035387,-0.079866,0.615745,-0.071174,-0.784723,0.650795,0.607392,0.455566,0.44421,-0.791207,0.420318,0.000126,0.000525,0.000696,3e-06,-6e-06,-1.3e-05,0.380121
473,0.116551,-0.024642,0.286561,-0.623603,0.078049,-0.777865,-0.650177,-0.604273,0.460539,-0.433329,0.792844,0.428545,7.5e-05,0.000311,0.000413,0.0,0.0,0.0,0.424224,-0.194081,0.009109,0.255073,-0.786552,-0.58771,-0.189537,0.390606,-0.711369,0.584222,-0.47718,0.386231,0.789296,-0.012896,0.002786,0.028039,0.36711,2.362886,-1.714283,-1.41085,0.027349,0.056317,-0.047457,0.76027,0.625193,-0.176412,-0.439321,0.694886,0.569324,0.478523,-0.355339,0.802962,-0.006443,0.00164,0.01437,-0.046161,0.12098,-0.152271,-0.900019,0.058977,0.03537,-0.079836,0.615719,-0.071205,-0.78474,0.65089,0.607266,0.455597,0.444106,-0.7913,0.420253,3.4e-05,0.000144,0.000189,8e-06,-4e-06,3e-06,0.380448
474,0.116539,-0.024657,0.286574,-0.623649,0.078049,-0.777828,-0.650171,-0.604235,0.460598,-0.433271,0.792874,0.428549,1e-06,5e-06,6e-06,0.0,0.0,0.0,0.424322,-0.194333,0.009275,0.255633,-0.788104,-0.587659,-0.183139,0.391831,-0.708552,0.586818,-0.473606,0.391459,0.788873,-0.012636,0.005447,0.031567,-0.33065,0.263769,0.024899,-1.410493,0.027228,0.056398,-0.047189,0.761234,0.626537,-0.16725,-0.443432,0.691115,0.570725,0.47317,-0.360292,0.803927,-0.006571,0.008941,0.012721,-0.576178,0.323218,0.079103,-0.902468,0.058971,0.035362,-0.079829,0.615766,-0.071206,-0.784703,0.650885,0.607228,0.455656,0.444049,-0.79133,0.420257,-1.1e-05,-3.6e-05,-4.9e-05,-4e-06,-1.2e-05,-1.3e-05,0.380121
