frame,MLTx,MLTy,MLTz,MLTR1,MLTR2,MLTR3,MLTR4,MLTR5,MLTR6,MLTR7,MLTR8,MLTR9,MLTTVx,MLTTVy,MLTTVz,MLTRVx,MLTRVy,MLTRVz,MLGA,MRTx,MRTy,MRTz,MRTR1,MRTR2,MRTR3,MRTR4,MRTR5,MRTR6,MRTR7,MRTR8,MRTR9,MRTTVx,MRTTVy,MRTTVz,MRTRVx,MRTRVy,MRTRVz,MRGA,SLTx,SLTy,SLTz,SLTR1,SLTR2,SLTR3,SLTR4,SLTR5,SLTR6,SLTR7,SLTR8,SLTR9,SLTTVx,SLTTVy,SLTTVz,SLTRVx,SLTRVy,SLTRVz,SLGA,SRTx,SRTy,SRTz,SRTR1,SRTR2,SRTR3,SRTR4,SRTR5,SRTR6,SRTR7,SRTR8,SRTR9,SRTTVx,SRTTVy,SRTTVz,SRTRVx,SRTRVy,SRTRVz,SRGA
1058,0.212898,0.147996,0.314451,-0.610549,0.788105,0.078518,-0.602209,-0.526273,0.600294,0.515174,0.318242,0.79583,-0.04119,-0.082796,0.003958,0.048637,-0.074103,0.120339,-1.905992,-0.177907,-0.001898,0.343606,0.667416,-0.458206,0.587022,-0.04056,0.764625,0.643146,-0.744366,-0.452475,0.490967,-1.4e-05,-0.000601,-0.000495,0.0,0.0,0.0,0.537491,0.030716,0.020118,-0.004946,-0.527794,0.586111,0.614741,-0.084822,-0.756512,0.648455,0.845126,0.290107,0.448998,-8e-06,-0.000422,-0.000351,-6e-06,5e-06,5e-06,0.521589,0.121959,0.098781,-0.082591,-0.686334,0.705885,0.175131,-0.483247,-0.622575,0.615525,0.543522,0.337825,0.768412,-0.019858,-0.048663,0.003958,0.112051,-0.548901,0.500617,-0.883094
1059,0.211151,0.144476,0.314661,-0.610702,0.788213,0.07621,-0.60299,-0.525182,0.600465,0.514076,0.319768,0.795927,-0.04213,-0.082916,0.004008,-0.150643,0.169944,-0.250052,-1.905848,-0.177764,-0.001949,0.343553,0.667417,-0.458227,0.587004,-0.040541,0.764613,0.643162,-0.744366,-0.452474,0.490969,-2.9e-05,-0.00131,-0.001079,0.0,0.0,0.0,0.537495,0.030787,0.020092,-0.004973,-0.527792,0.586132,0.614722,-0.084838,-0.756496,0.648471,0.845125,0.290107,0.448999,-1.7e-05,-0.000832,-0.000686,5e-06,5e-06,-1.2e-05,0.521752,0.121071,0.096983,-0.082488,-0.686141,0.706694,0.172607,-0.484573,-0.620963,0.616111,0.542585,0.339098,0.768513,-0.021046,-0.041576,0.001964,-0.171151,0.176791,-0.255924,-0.883584
1060,0.210333,0.142772,0.31481,-0.612589,0.787414,0.06898,-0.604033,-0.522565,0.601699,0.510593,0.325946,0.795664,-0.042931,-0.079405,0.006039,-0.149682,0.15217,-0.239829,-1.906092,-0.177702,-0.001967,0.343533,0.667448,-0.458268,0.586937,-0.040487,0.764581,0.643204,-0.744342,-0.452487,0.490993,-2.3e-05,-0.001062,-0.000875,0.0,0.0,0.0,0.537539,0.030818,0.020082,-0.004983,-0.527817,0.586178,0.614657,-0.084882,-0.756453,0.648515,0.845105,0.290124,0.449025,-1.3e-05,-0.000658,-0.000543,-3e-06,6e-06,-4e-06,0.521426,0.120662,0.096124,-0.082417,-0.688594,0.706023,0.165432,-0.485736,-0.61848,0.617691,0.538421,0.344983,0.768822,-0.021474,-0.039579,0.003115,-0.155659,0.164221,-0.252484,-0.887993
1061,0.208829,0.139621,0.315077,-0.645299,0.762674,0.044309,-0.590439,-0.534626,0.60459,0.485595,0.363028,0.795258,-0.033585,-0.07952,0.005707,-0.364332,-1.68464,-1.210604,-1.90641,-0.177579,-0.002,0.343509,0.667519,-0.458363,0.586783,-0.040381,0.764494,0.643313,-0.744284,-0.452537,0.491035,-1.4e-05,-0.000627,-0.000516,0.0,0.0,0.0,0.537441,0.03088,0.020065,-0.004996,-0.527875,0.586285,0.614505,-0.084962,-0.756347,0.648629,0.845061,0.290185,0.449069,0.006863,-0.000197,-0.000699,0.002042,-0.015198,0.029249,0.521752,0.119922,0.094585,-0.082283,-0.718326,0.680878,0.142868,-0.472547,-0.628229,0.618082,0.510592,0.376473,0.773021,-0.022214,-0.034012,-0.00011,-0.376393,-5.56365,-3.211201,-0.880808
1062,0.207468,0.1369,0.315,-0.664368,0.746976,0.026211,-0.579151,-0.536567,0.61372,0.473322,0.391624,0.789065,-0.03582,-0.059441,-0.007567,-0.058588,-2.261683,1.233955,-1.906667,-0.177505,-0.002007,0.343524,0.66752,-0.458374,0.586772,-0.040409,0.764464,0.643348,-0.744281,-0.452577,0.491002,1e-06,3.2e-05,2.7e-05,0.0,0.0,0.0,0.537441,0.030917,0.020061,-0.004989,-0.527874,0.586297,0.614494,-0.084927,-0.756323,0.648662,0.845065,0.290225,0.449036,-0.0,3e-05,2.4e-05,-0.012269,0.09816,-0.172509,0.521589,0.119242,0.093223,-0.082312,-0.737951,0.662691,0.127542,-0.45797,-0.630578,0.626605,0.495671,0.403993,0.768829,-0.017884,-0.029931,-0.003878,-0.609229,-0.141562,-0.487296,-0.872154
1063,0.206147,0.134268,0.31467,-0.695221,0.718751,0.010487,-0.55479,-0.545716,0.627992,0.457956,0.429879,0.778144,-0.034857,-0.079097,-0.006578,-0.070203,-2.239698,1.179613,-1.907113,-0.17741,-0.002046,0.34355,0.667572,-0.458444,0.586658,-0.040414,0.764349,0.643484,-0.744234,-0.4527,0.49096,0.0,0.0,0.0,0.0,0.0,0.0,0.537252,0.030964,0.020042,-0.004975,-0.527917,0.586376,0.614383,-0.084891,-0.756212,0.648796,0.845042,0.290355,0.448995,0.006871,0.000182,-0.000387,0.002057,-0.015211,0.029246,0.521752,0.118581,0.091919,-0.082476,-0.767244,0.631385,0.112639,-0.430761,-0.637423,0.638855,0.475162,0.441637,0.761036,-0.01741,-0.039552,-0.003263,-0.463996,-0.354202,-0.865056,-0.863173
1064,0.205427,0.132593,0.31458,-0.722542,0.691338,-0.005491,-0.536579,-0.555677,0.635041,0.436874,0.460928,0.772473,-0.034229,-0.092619,-0.001944,-0.302237,-2.750051,0.998544,-1.907157,-0.177327,-0.002045,0.343557,0.667649,-0.458539,0.586496,-0.040304,0.76426,0.643596,-0.744171,-0.452753,0.491007,2e-06,8.6e-05,7.1e-05,0.0,0.0,0.0,0.537467,0.031006,0.020043,-0.004972,-0.527981,0.586485,0.614223,-0.084975,-0.756102,0.648913,0.844994,0.29042,0.449043,1e-06,4.2e-05,3.3e-05,-4e-06,5e-06,6e-06,0.521752,0.118221,0.091083,-0.082525,-0.792108,0.602521,0.097626,-0.41202,-0.645813,0.642778,0.450336,0.468926,0.759805,-0.022202,-0.046792,-0.001048,-0.606295,-1.426522,-1.761799,-0.855825
1065,0.203521,0.128752,0.314622,-0.778786,0.625313,-0.050204,-0.508676,-0.582541,0.63393,0.368126,0.518453,0.771827,-0.055257,-0.104641,0.004479,0.497032,-5.248774,-2.901668,-1.906206,-0.17715,-0.002036,0.343577,0.667762,-0.458686,0.586253,-0.040147,0.76412,0.643773,-0.744079,-0.452842,0.491065,4e-06,0.000211,0.000174,0.0,0.0,0.0,0.537248,0.031094,0.020047,-0.004962,-0.528073,0.586652,0.613985,-0.08509,-0.755932,0.649095,0.844925,0.290526,0.449105,0.006872,0.0003,-0.000292,0.002052,-0.015204,0.029245,0.521752,0.117277,0.089159,-0.082511,-0.843033,0.535217,0.053254,-0.383126,-0.667047,0.638953,0.377501,0.518256,0.767399,-0.027637,-0.052008,0.002475,-0.051858,0.215242,-0.270069,-0.840802
1066,0.20081,0.124404,0.314846,-0.808617,0.583382,-0.076485,-0.493845,-0.60218,0.627271,0.320884,0.544265,0.775136,-0.076888,-0.120907,0.008565,0.059627,-0.109751,0.061689,-1.906368,-0.176973,-0.002028,0.343596,0.667814,-0.458767,0.586131,-0.040083,0.764035,0.643878,-0.744035,-0.452903,0.491075,4e-06,0.000211,0.000174,0.0,0.0,0.0,0.53741,0.031183,0.020052,-0.004952,-0.528114,0.586741,0.613864,-0.08513,-0.755836,0.649202,0.844895,0.290595,0.449116,0.006871,0.000296,-0.000296,-0.010246,0.082917,-0.143306,0.521752,0.115958,0.087041,-0.082401,-0.873324,0.48641,0.026613,-0.363384,-0.686875,0.629407,0.32443,0.540006,0.776619,-0.038398,-0.060422,0.004351,0.080937,0.469379,-0.495727,-0.842109
1067,0.199294,0.122008,0.315032,-0.815375,0.572317,-0.087534,-0.491785,-0.604739,0.626426,0.306591,0.553106,0.774663,-0.087661,-0.135871,0.013059,0.23926,-1.618487,1.282092,-1.906248,-0.17688,-0.002026,0.343603,0.667901,-0.458874,0.585948,-0.039957,0.763936,0.644002,-0.743964,-0.452961,0.491129,0.013741,0.00043,-0.00072,0.002045,-0.015205,0.029245,0.537266,0.031224,0.020053,-0.004948,-0.528178,0.586851,0.613705,-0.085213,-0.755726,0.649319,0.844847,0.29066,0.449165,1e-06,9e-06,3e-06,-4e-06,3e-06,6e-06,0.521589,0.115143,0.085754,-0.082301,-0.879667,0.475365,0.014535,-0.361797,-0.688719,0.628305,0.308685,0.547441,0.77783,-0.043798,-0.068169,0.006438,0.249178,-1.586294,1.271222,-0.841292
1068,0.195756,0.116424,0.315529,-0.841204,0.527849,-0.117459,-0.475159,-0.617697,0.626615,0.259248,0.582263,0.770575,-0.09019,-0.140148,0.010672,0.096506,-1.914116,1.226114,-1.906578,-0.176693,-0.002029,0.343599,0.668003,-0.45901,0.585725,-0.039796,0.763817,0.644154,-0.743881,-0.453024,0.491196,-8e-06,-0.000432,-0.000356,0.0,0.0,0.0,0.537299,0.031323,0.020052,-0.00495,-0.528268,0.587018,0.613466,-0.085352,-0.755563,0.64949,0.844776,0.290745,0.449243,0.006865,-0.000111,-0.000633,0.002041,-0.015198,0.029248,0.521589,0.113445,0.083075,-0.082061,-0.902298,0.430871,-0.014356,-0.344124,-0.699781,0.626006,0.259682,0.569785,0.779685,-0.045012,-0.069798,0.005542,0.05383,-1.452761,-1.12359,-0.847334
1069,0.191911,0.110429,0.316088,-0.866161,0.473487,-0.160066,-0.461385,-0.63417,0.620423,0.193328,0.610647,0.767959,-0.114257,-0.159751,0.012914,0.826681,-3.669467,-4.160582,-1.906446,-0.17657,-0.002039,0.34358,0.667918,-0.458933,0.585882,-0.039913,0.763886,0.644065,-0.743951,-0.452985,0.491126,0.013732,-6.4e-05,-0.00113,-0.010253,0.082909,-0.143303,0.537567,0.031379,0.020046,-0.004959,-0.528237,0.586989,0.613521,-0.085319,-0.755594,0.649458,0.844799,0.290723,0.449214,-5e-06,-0.000288,-0.00024,1e-06,6e-06,-7e-06,0.521752,0.111494,0.080032,-0.081773,-0.922753,0.380732,-0.059742,-0.333668,-0.711684,0.618199,0.19285,0.590379,0.783747,-0.051597,-0.080595,0.005865,0.180073,-1.680219,1.302372,-0.842272
1070,0.187354,0.103932,0.316285,-0.873287,0.449824,-0.18728,-0.461577,-0.640427,0.613818,0.157255,0.621921,0.767145,-0.107039,-0.173637,0.00354,0.189947,-1.924288,1.290526,-1.906266,-0.176539,-0.002074,0.343563,0.667845,-0.458857,0.586024,-0.040043,0.763939,0.643994,-0.744009,-0.452972,0.491049,-2.5e-05,-0.001366,-0.001125,0.0,0.0,0.0,0.537519,0.0314,0.020031,-0.004966,-0.528138,0.586848,0.613741,-0.085155,-0.755723,0.64933,0.844877,0.290673,0.449099,-2e-06,-0.000138,-0.000113,-3e-06,-2e-06,5e-06,0.521589,0.109257,0.076862,-0.081663,-0.931681,0.353143,-0.085203,-0.328841,-0.720171,0.610914,0.154379,0.597195,0.787098,-0.059128,-0.080817,-0.001017,0.519263,-2.672797,-0.004786,-0.839986
1071,0.185163,0.10079,0.316202,-0.876514,0.438125,-0.199536,-0.461016,-0.64429,0.610186,0.139866,0.626279,0.766968,-0.120554,-0.167663,-0.006408,0.079932,-0.139225,-0.00327,-1.906955,-0.176539,-0.002089,0.343563,0.66783,-0.458841,0.586054,-0.040085,0.763941,0.643989,-0.744021,-0.452986,0.49102,-3e-06,-0.000163,-0.000134,0.0,0.0,0.0,0.537516,0.0314,0.02002,-0.004969,-0.528117,0.586818,0.613788,-0.085103,-0.755744,0.649312,0.844895,0.290679,0.449062,0.0,-5.7e-05,-4.7e-05,3e-06,-8e-06,5e-06,0.521752,0.108122,0.075228,-0.081701,-0.93469,0.341004,-0.100345,-0.329035,-0.723198,0.607222,0.134496,0.600582,0.788169,-0.054597,-0.084501,-0.003758,0.394995,-1.677921,1.210597,-0.845701
1072,0.180478,0.093732,0.315825,-0.887701,0.395621,-0.235617,-0.452563,-0.65491,0.605187,0.086219,0.643363,0.760709,-0.125047,-0.19215,-0.009546,-0.198087,0.025453,-0.18624,-1.907248,-0.176539,-0.002089,0.343563,0.66777,-0.458776,0.586174,-0.040179,0.763996,0.643918,-0.744069,-0.452959,0.490971,2.1e-05,0.001154,0.000951,0.0,0.0,0.0,0.53751,0.0314,0.020017,-0.004971,-0.528066,0.586742,0.613905,-0.085026,-0.755818,0.649237,0.844935,0.290642,0.44901,1.2e-05,0.000697,0.000569,0.001762,-0.014193,0.024999,0.521752,0.105782,0.071709,-0.081888,-0.943963,0.299726,-0.138188,-0.320529,-0.732687,0.600358,0.078695,0.61101,0.787701,-0.062547,-0.090161,-0.00787,-0.114683,-0.551261,0.266301,-0.851416
1073,0.175383,0.086651,0.315214,-0.882248,0.373413,-0.286788,-0.469413,-0.649723,0.597899,0.038025,0.66165,0.748866,-0.130404,-0.167719,-0.023575,-0.114821,-0.897619,0.690863,-1.908333,-0.176529,-0.002102,0.343552,0.667642,-0.458637,0.586428,-0.040377,0.764113,0.643766,-0.744173,-0.452902,0.490866,-1.4e-05,-0.000753,-0.000621,0.0,0.0,0.0,0.537555,0.031405,0.020015,-0.004974,-0.527957,0.58658,0.614154,-0.084865,-0.755973,0.649077,0.84502,0.290565,0.448901,-8e-06,-0.000418,-0.000347,3e-06,-1.1e-05,5e-06,0.521752,0.103236,0.068145,-0.082197,-0.940814,0.280867,-0.189688,-0.337687,-0.72908,0.595323,0.028909,0.624143,0.780774,-0.070844,-0.090235,-0.008579,0.050404,-2.456652,1.995435,-0.8506
1074,0.172739,0.08325,0.314814,-0.879675,0.370561,-0.298163,-0.474985,-0.651179,0.591884,0.026263,0.661826,0.749216,-0.13276,-0.179679,-0.018145,0.098957,-0.169832,0.368142,-1.908079,-0.176498,-0.002135,0.343522,0.667567,-0.458559,0.586574,-0.04049,0.76418,0.64368,-0.744235,-0.452868,0.490804,-3.7e-05,-0.002025,-0.001669,0.0,0.0,0.0,0.537427,0.03142,0.020001,-0.004986,-0.527892,0.586488,0.614297,-0.084772,-0.756062,0.648986,0.845069,0.290519,0.448837,0.006848,-0.001131,-0.001473,0.002044,-0.01521,0.02925,0.521752,0.101915,0.066445,-0.082402,-0.939021,0.278323,-0.201924,-0.343455,-0.73082,0.589863,0.016602,0.623246,0.781848,-0.066321,-0.083843,-0.012172,0.250965,-0.131551,0.409326,-0.848804
1075,0.16751,0.076587,0.314083,-0.878191,0.360998,-0.313857,-0.478359,-0.655632,0.584202,0.006211,0.662725,0.748855,-0.125146,-0.17059,-0.013892,-0.125441,-0.424995,0.494555,-1.908204,-0.176454,-0.002371,0.343258,0.667169,-0.458131,0.587361,-0.041004,0.764602,0.643146,-0.744563,-0.452591,0.490562,0.013543,-0.011083,-0.010243,-0.00152,0.013232,-0.020757,0.537569,0.031442,0.019893,-0.00511,-0.527551,0.585987,0.615067,-0.084384,-0.75658,0.648432,0.845321,0.29018,0.448583,0.006768,-0.005894,-0.005413,-0.001533,0.013243,-0.020763,0.521752,0.099296,0.063093,-0.082781,-0.937783,0.270445,-0.217762,-0.347207,-0.7357,0.581542,-0.002933,0.62097,0.783828,-0.068435,-0.079025,-0.009731,-0.134125,-0.56633,0.635832,-0.85011
1076,0.16244,0.07062,0.313794,-0.879783,0.342243,-0.329997,-0.47511,-0.659189,0.582848,-0.016963,0.669136,0.742965,-0.127391,-0.146465,0.002474,-0.056549,-0.173428,0.296695,-1.908732,-0.176378,-0.003086,0.342592,0.665073,-0.456236,0.591201,-0.043516,0.766527,0.640684,-0.746292,-0.45125,0.489167,-0.000449,-0.024271,-0.020209,-0.005347,0.042666,-0.074998,0.538129,0.031481,0.019562,-0.005422,-0.525717,0.583739,0.618764,-0.082491,-0.758949,0.645903,0.846649,0.288521,0.447146,-0.000233,-0.013063,-0.010875,-0.005604,0.040441,-0.071472,0.521752,0.096809,0.060128,-0.082947,-0.93878,0.251942,-0.23498,-0.343441,-0.738196,0.580614,-0.027181,0.625771,0.779532,-0.063554,-0.067243,-0.001956,0.135257,-0.239863,0.483164,-0.840802
1077,0.157776,0.065825,0.313953,-0.882131,0.326273,-0.33976,-0.46952,-0.667645,0.577731,-0.037247,0.66875,0.742572,-0.103753,-0.103686,0.002094,0.150685,-0.046418,0.320027,-1.908358,-0.176317,-0.004365,0.341513,0.651924,-0.466789,0.597574,-0.034347,0.768956,0.638326,-0.758272,-0.436074,0.484484,-0.000693,-0.03688,-0.031084,0.002623,-0.037782,0.074007,0.537842,0.031511,0.018933,-0.005952,-0.510174,0.591419,0.624455,-0.09196,-0.759399,0.644093,0.85514,0.271175,0.441812,-0.000337,-0.018446,-0.015532,0.019947,-0.051373,0.069351,0.521426,0.094463,0.057706,-0.082873,-0.940209,0.235988,-0.245592,-0.33727,-0.745612,0.574726,-0.047489,0.623194,0.780623,-0.058007,-0.056924,0.005264,0.355705,0.085659,0.344378,-0.832638
1078,0.155623,0.063753,0.314218,-0.881273,0.3252,-0.342999,-0.470664,-0.670737,0.573201,-0.042564,0.666177,0.744596,-0.11641,-0.105582,0.016457,0.370957,0.10544,0.405987,-1.908383,-0.176287,-0.005184,0.340884,0.644872,-0.470177,0.602548,-0.033286,0.770234,0.63684,-0.764322,-0.430142,0.480263,0.013092,-0.040669,-0.035633,-0.031816,0.087043,-0.076863,0.537865,0.031521,0.018508,-0.006279,-0.502282,0.593342,0.629013,-0.093265,-0.760362,0.642767,0.859659,0.264185,0.437254,-0.000385,-0.020813,-0.017662,0.003494,-0.028426,0.090857,0.521589,0.093387,0.056667,-0.082748,-0.939644,0.234552,-0.249104,-0.338113,-0.748076,0.571017,-0.052415,0.620779,0.782231,-0.051954,-0.052518,0.008396,-0.16684,-0.174118,0.233666,-0.833781
1079,0.151463,0.060131,0.315115,-0.878818,0.325419,-0.349037,-0.47467,-0.671743,0.568702,-0.048306,0.665056,0.745248,-0.103961,-0.088944,0.028846,-0.021877,-0.177771,0.281735,-1.908391,-0.176162,-0.006971,0.339354,0.620515,-0.486401,0.615115,-0.013103,0.777738,0.628399,-0.784812,-0.397377,0.47542,-0.000956,-0.049337,-0.042613,0.356816,0.768564,-0.42298,0.537616,0.031589,0.01763,-0.007024,-0.47679,0.604606,0.638061,-0.114786,-0.762489,0.636736,0.871489,0.230349,0.432948,0.006656,-0.024297,-0.021586,3.384718,3.439259,2.729002,0.521589,0.091297,0.054841,-0.082305,-0.937502,0.236778,-0.254998,-0.3432,-0.750164,0.565213,-0.057461,0.617405,0.784543,-0.051866,-0.043598,0.015167,0.208001,-0.276103,-0.182914,-0.842272
1080,0.147811,0.057036,0.316517,-0.879482,0.317716,-0.354419,-0.472491,-0.673043,0.56898,-0.056675,0.66747,0.742496,-0.090864,-0.074404,0.039976,-0.198314,-0.140968,0.148325,-1.90829,-0.176011,-0.008954,0.337596,0.589865,-0.508588,0.627207,0.017245,0.784374,0.619995,-0.808008,-0.354256,0.470625,0.012979,-0.053015,-0.047805,1.050474,1.044609,0.77258,0.537523,0.031658,0.016619,-0.007925,-0.440465,0.618599,0.650635,-0.145327,-0.764294,0.628278,0.885929,0.18218,0.426544,-0.000375,-0.027173,-0.024015,3.482328,3.573897,2.428569,0.521589,0.089432,0.053262,-0.081598,-0.937663,0.229552,-0.260945,-0.341162,-0.751178,0.5651,-0.066296,0.618898,0.782667,-0.045335,-0.036305,0.020745,-0.238868,-0.154205,0.141779,-0.847987
1081,0.146125,0.055525,0.317457,-0.877629,0.319324,-0.357554,-0.475903,-0.670412,0.569242,-0.056847,0.669344,0.740792,-0.090918,-0.079879,0.051935,-0.225008,-0.134433,0.160651,-1.908245,-0.175927,-0.010023,0.336628,0.577302,-0.51557,0.633167,0.028057,0.787397,0.615754,-0.816724,-0.337062,0.468203,0.012172,-0.044417,-0.058825,0.068475,-0.010576,0.09051,0.53766,0.031701,0.01608,-0.008406,-0.425339,0.623629,0.655875,-0.158036,-0.764741,0.624655,0.891128,0.162039,0.42383,-0.000555,-0.028427,-0.02527,0.094531,0.08469,0.077008,0.521752,0.08859,0.052511,-0.081131,-0.936296,0.231492,-0.264121,-0.34479,-0.748988,0.565805,-0.066844,0.620827,0.781091,-0.038948,-0.033938,0.022546,-0.224026,-0.17729,0.201569,-0.847987
1082,0.143029,0.052545,0.319531,-0.877066,0.314122,-0.363494,-0.475911,-0.671735,0.567673,-0.064765,0.670484,0.73911,-0.078438,-0.075159,0.055745,-0.018539,0.076928,0.147236,-1.908412,-0.175782,-0.012308,0.334516,0.556895,-0.520674,0.647115,0.039581,0.794757,0.605582,-0.830289,-0.310977,0.462359,0.012898,-0.062115,-0.05767,1.073369,1.008251,0.76283,0.537525,0.031773,0.014948,-0.009459,-0.404746,0.62365,0.66876,-0.170025,-0.769914,0.615079,0.898483,0.135245,0.417655,-0.000473,-0.031061,-0.028344,3.579688,3.259668,2.730518,0.521915,0.087038,0.05103,-0.080086,-0.935755,0.226135,-0.270597,-0.344527,-0.749954,0.564685,-0.075241,0.621635,0.779684,-0.033003,-0.038391,0.027235,0.077199,-0.000375,0.337175,-0.848477
1083,0.140309,0.049394,0.321748,-0.881274,0.295477,-0.368912,-0.464981,-0.682246,0.564186,-0.083892,0.668369,0.739103,-0.066749,-0.077526,0.054151,0.082801,-0.363315,-0.088748,-1.908301,-0.175623,-0.014902,0.332052,0.519433,-0.546672,0.656758,0.075976,0.794977,0.601808,-0.851731,-0.262014,0.453614,-0.001499,-0.070923,-0.066209,0.058622,0.704525,0.41297,0.537834,0.031857,0.01363,-0.01071,-0.362575,0.641421,0.676105,-0.207771,-0.762844,0.612289,0.908498,0.081526,0.409857,-0.000743,-0.03588,-0.033474,-0.104411,0.834001,0.50603,0.521752,0.085676,0.049468,-0.078967,-0.938204,0.208192,-0.276454,-0.333229,-0.7591,0.559218,-0.093432,0.616784,0.781567,-0.033639,-0.044692,0.030653,0.493762,-1.004842,-0.962027,-0.854355
1084,0.137943,0.045661,0.324125,-0.885574,0.275655,-0.373923,-0.453067,-0.690499,0.563838,-0.10167,0.668387,0.736851,-0.055821,-0.093898,0.058121,-0.228254,0.00776,0.073462,-1.908033,-0.175444,-0.017803,0.329299,0.47926,-0.572638,0.665123,0.105664,0.789858,0.604064,-0.871843,-0.218507,0.438187,0.012757,-0.075412,-0.07365,-0.399217,0.490123,0.276759,0.537918,0.031941,0.012205,-0.012062,-0.31756,0.658633,0.682171,-0.235686,-0.751656,0.616006,0.91848,0.03484,0.393927,-0.000821,-0.03828,-0.036732,-0.407659,0.453688,0.457569,0.521752,0.08449,0.047614,-0.077775,-0.940703,0.187979,-0.282383,-0.320348,-0.766104,0.55719,-0.111595,0.614611,0.780896,-0.027896,-0.046668,0.029312,-0.273678,-0.023272,0.092757,-0.855498
1085,0.136944,0.043798,0.325274,-0.890297,0.257036,-0.375964,-0.440107,-0.698033,0.564825,-0.116151,0.668004,0.735056,-0.043866,-0.106485,0.064888,0.221386,0.047811,0.343588,-1.908277,-0.175337,-0.019278,0.327816,0.455377,-0.586082,0.670173,0.118501,0.785854,0.606898,-0.8829,-0.196217,0.426438,-0.001717,-0.077083,-0.075171,-0.511387,0.693053,0.367628,0.537895,0.032,0.011465,-0.012806,-0.291677,0.6667,0.685882,-0.247447,-0.745246,0.619175,0.923955,0.01088,0.382344,0.006394,-0.038786,-0.038387,-0.098589,0.346369,0.20125,0.521589,0.083986,0.046685,-0.077205,-0.943625,0.16738,-0.285576,-0.305904,-0.770562,0.559157,-0.126462,0.614993,0.778324,-0.028406,-0.053106,0.03262,-0.14044,-0.295506,-0.333792,-0.84864
1086,0.134981,0.039561,0.327755,-0.890113,0.237475,-0.389036,-0.434834,-0.698399,0.568445,-0.135607,0.674849,0.725408,-0.058013,-0.109695,0.063085,-0.313425,-0.117095,0.20004,-1.908258,-0.17491,-0.022051,0.32452,0.411742,-0.610491,0.67658,0.140971,0.776066,0.61464,-0.900798,-0.156931,0.40472,0.012094,-0.06493,-0.086004,-0.232295,0.468523,0.054512,0.538093,0.032204,0.010091,-0.014424,-0.242151,0.682388,0.689716,-0.266032,-0.730326,0.629165,0.933053,-0.031134,0.358386,0.00606,-0.032912,-0.043382,-0.067238,0.830686,0.49646,0.521916,0.083011,0.044573,-0.075959,-0.94227,0.150083,-0.299335,-0.300892,-0.771761,0.56022,-0.146936,0.617947,0.772366,-0.022959,-0.061704,0.034434,-0.35437,-0.111312,0.207824,-0.846354
1087,0.132996,0.034772,0.330276,-0.890591,0.220494,-0.397839,-0.428691,-0.699362,0.571916,-0.151025,0.679617,0.717872,-0.047354,-0.128192,0.065778,-0.328933,-0.081937,0.200748,-1.907821,-0.17407,-0.024241,0.32104,0.339751,-0.64704,0.682568,0.188423,0.757754,0.624692,-0.921824,-0.08282,0.378477,0.04098,-0.050836,-0.09606,3.205262,4.296157,2.460336,0.537851,0.032617,0.008963,-0.016195,-0.169765,0.701537,0.692116,-0.305244,-0.705204,0.639931,0.937019,-0.102627,0.333859,0.013142,-0.025777,-0.047706,-0.254045,0.556353,0.083382,0.521915,0.082014,0.042187,-0.074698,-0.941637,0.133635,-0.308965,-0.294306,-0.772355,0.562895,-0.163408,0.620973,0.766608,-0.023745,-0.064337,0.032722,-0.358505,-0.106743,0.220258,-0.848967
1088,0.131947,0.032289,0.331527,-0.8908,0.209478,-0.403286,-0.423597,-0.704229,0.569735,-0.163554,0.678088,0.716571,-0.047929,-0.129417,0.065135,-0.224498,-0.018095,0.243697,-1.907913,-0.173441,-0.025222,0.319016,0.305168,-0.658788,0.68765,0.203062,0.750405,0.628961,-0.930728,-0.051481,0.361881,0.040381,-0.04083,-0.106735,0.562019,1.958624,0.945255,0.538249,0.032932,0.008472,-0.0172,-0.130272,0.706917,0.695195,-0.320656,-0.693528,0.645133,0.938194,-0.138876,0.317024,0.013365,-0.025632,-0.048473,3.477024,4.155286,1.966611,0.521752,0.08149,0.040944,-0.074074,-0.941096,0.122793,-0.315052,-0.288789,-0.776542,0.559984,-0.175889,0.617983,0.766263,-0.030536,-0.064298,0.032932,-0.22623,-0.001303,0.213472,-0.846517
1089,0.129761,0.027253,0.334078,-0.887364,0.18291,-0.42329,-0.415292,-0.716042,0.56106,-0.199369,0.673424,0.711885,-0.062182,-0.130189,0.065127,-0.268334,-0.188641,0.37456,-1.908303,-0.171863,-0.02671,0.314855,0.234483,-0.677138,0.69749,0.231785,0.735646,0.636423,-0.944323,0.013281,0.328541,0.040067,-0.028857,-0.116562,0.804385,1.7993,0.636903,0.537919,0.033736,0.007712,-0.019322,-0.053602,0.711033,0.701111,-0.344762,-0.672123,0.655277,0.937158,-0.206593,0.281164,0.020075,-0.014506,-0.058366,0.826602,1.802978,0.630275,0.521915,0.080379,0.038378,-0.072774,-0.936416,0.098168,-0.336877,-0.280277,-0.786882,0.549781,-0.211112,0.609243,0.764364,-0.031168,-0.065314,0.032421,-0.345713,-0.213579,0.359439,-0.84864
1090,0.128015,0.022114,0.336505,-0.884384,0.1584,-0.439112,-0.405263,-0.727442,0.55368,-0.230629,0.667422,0.708085,-0.036735,-0.134271,0.062408,0.794429,-0.842523,-0.603887,-1.908091,-0.169648,-0.027371,0.310044,0.161083,-0.687406,0.708178,0.253487,0.722195,0.643516,-0.953978,0.07671,0.289664,0.069792,-0.012065,-0.123923,-0.35907,0.742037,0.258396,0.537746,0.034816,0.00738,-0.021686,0.020494,0.705898,0.708016,-0.363565,-0.654422,0.662987,0.931342,-0.270997,0.243227,0.026993,-0.000782,-0.065644,-0.461739,0.813015,0.540862,0.521916,0.079519,0.035856,-0.071586,-0.932055,0.074912,-0.354486,-0.270425,-0.794973,0.543034,-0.241127,0.602,0.761217,-0.018124,-0.062217,0.026739,2.540817,-3.054887,-3.171874,-0.840965
1091,0.127306,0.019583,0.33763,-0.881807,0.152852,-0.446203,-0.405794,-0.728115,0.552405,-0.239358,0.667989,0.704646,-0.023197,-0.124961,0.053094,-0.12683,-0.107316,0.520975,-1.908097,-0.168387,-0.027339,0.307535,0.126992,-0.692342,0.710301,0.263288,0.71384,0.64888,-0.956423,0.105472,0.272018,0.068356,0.01398,-0.137233,-0.373437,0.917963,0.189546,0.537807,0.035473,0.007389,-0.022989,0.054939,0.703606,0.708462,-0.37135,-0.64424,0.66862,0.926866,-0.299821,0.22589,0.034225,0.007194,-0.068376,-0.440915,0.971725,0.235719,0.522079,0.07916,0.034586,-0.071021,-0.929711,0.069419,-0.361686,-0.269739,-0.797006,0.540389,-0.250753,0.599967,0.759711,-0.018712,-0.068182,0.03049,-0.099136,-0.020752,0.470412,-0.84864
1092,0.126075,0.014639,0.339676,-0.879131,0.126291,-0.459591,-0.393203,-0.737202,0.549451,-0.268331,0.663592,0.698334,-0.023992,-0.127612,0.051261,0.523076,-1.073832,-0.705284,-1.907947,-0.165485,-0.026473,0.302309,0.062736,-0.699574,0.711794,0.279828,0.696821,0.660356,-0.958016,0.15862,0.238555,0.083031,0.035077,-0.13762,-0.202399,0.790881,0.205447,0.537863,0.036892,0.007805,-0.025556,0.119591,0.697611,0.706424,-0.38289,-0.624081,0.681114,0.916019,-0.351939,0.192474,0.041566,0.018004,-0.068255,-0.230032,0.872194,0.517155,0.522242,0.078545,0.032116,-0.069996,-0.925242,0.045983,-0.376579,-0.257959,-0.8041,0.53561,-0.278179,0.592711,0.755849,-0.011936,-0.064159,0.025439,2.266709,-3.197032,-3.415384,-0.851253
1093,0.124985,0.009572,0.341659,-0.876116,0.104824,-0.470614,-0.383059,-0.74414,0.54726,-0.291751,0.659603,0.6927,-0.038142,-0.127936,0.051149,-0.239396,-0.075851,0.217684,-1.908229,-0.162328,-0.024689,0.297064,-0.004741,-0.705488,0.708699,0.288327,0.677543,0.676563,-0.95745,0.208419,0.199283,0.082274,0.059121,-0.132236,0.040662,1.212945,0.477609,0.538222,0.03844,0.008663,-0.028142,0.184141,0.689691,0.700298,-0.385979,-0.604507,0.696843,0.903942,-0.398618,0.154891,0.033702,0.029259,-0.066076,3.408283,4.88388,1.625816,0.522079,0.078014,0.029628,-0.06902,-0.920936,0.024057,-0.388969,-0.245829,-0.810329,0.531914,-0.302397,0.585479,0.752176,-0.012394,-0.065041,0.024734,-0.044263,-0.33258,-0.090481,-0.844884
1094,0.123979,0.005066,0.343169,-0.871468,0.086842,-0.482751,-0.373394,-0.755715,0.538,-0.317021,0.648994,0.691615,-0.024161,-0.109316,0.031759,-0.037744,-0.025596,0.398394,-1.907491,-0.15932,-0.022348,0.292448,-0.062152,-0.709385,0.702069,0.281885,0.662209,0.694229,-0.957288,0.241929,0.157901,0.0821,0.071176,-0.118812,-0.486711,1.089633,0.576194,0.537724,0.039976,0.009845,-0.030503,0.24167,0.681414,0.690847,-0.377102,-0.590037,0.713897,0.894085,-0.433048,0.114368,0.041633,0.03046,-0.054856,-0.223566,0.732727,0.328715,0.522079,0.077496,0.027323,-0.068242,-0.915231,0.007016,-0.402866,-0.235893,-0.819916,0.521623,-0.326657,0.572439,0.752069,-0.012374,-0.060145,0.020085,0.022517,-0.208182,0.702658,-0.856478
1095,0.123527,0.002847,0.343794,-0.868013,0.081535,-0.489848,-0.373079,-0.758141,0.534796,-0.326693,0.646857,0.689112,-0.023952,-0.099391,0.022413,-0.122697,-0.171141,0.4906,-1.907492,-0.15783,-0.02104,0.290302,-0.090297,-0.711577,0.696775,0.282291,0.652546,0.703156,-0.954888,0.261067,0.141049,0.067878,0.063642,-0.104953,-0.466339,1.05561,0.524893,0.537811,0.040726,0.010504,-0.03158,0.269331,0.677795,0.684144,-0.375178,-0.580424,0.722736,0.886961,-0.451332,0.097967,0.041027,0.038285,-0.056358,-0.106211,0.709711,0.287194,0.521915,0.07727,0.026209,-0.067925,-0.911947,0.002768,-0.410298,-0.235583,-0.822255,0.51807,-0.335936,0.569112,0.750505,-0.012298,-0.055326,0.015302,-0.182902,-0.05811,0.300325,-0.858274
1096,0.122777,-0.001227,0.34458,-0.859068,0.079852,-0.50564,-0.381635,-0.758274,0.528534,-0.340144,0.646913,0.682519,-0.024508,-0.092806,0.010002,-0.165735,-0.130448,0.278386,-1.907979,-0.155144,-0.018126,0.286491,-0.136596,-0.718897,0.681557,0.28255,0.631045,0.722413,-0.949236,0.292142,0.116046,0.067264,0.076713,-0.089289,-0.004762,1.142334,0.685854,0.53794,0.04207,0.011952,-0.033496,0.31518,0.675471,0.666633,-0.369735,-0.559538,0.741763,0.874046,-0.480266,0.07339,0.026145,0.038518,-0.043605,0.712481,2.205084,0.720783,0.521915,0.076899,0.024207,-0.06753,-0.904393,0.002805,-0.42669,-0.244481,-0.822972,0.512781,-0.349716,0.568073,0.744976,-0.005675,-0.052873,0.008468,-0.208747,-0.142517,0.278781,-0.861867
1097,0.122384,-0.004584,0.344765,-0.851621,0.081014,-0.517902,-0.391255,-0.755795,0.525037,-0.347837,0.649661,0.676,-0.009417,-0.071185,-0.007455,-0.095487,-0.174747,0.343405,-1.90803,-0.152763,-0.014888,0.283618,-0.17686,-0.728346,0.661985,0.284619,0.605894,0.742845,-0.941892,0.320694,0.099288,0.052252,0.08155,-0.059531,-0.112004,0.42883,0.704734,0.537884,0.043247,0.013532,-0.03493,0.356149,0.675685,0.645451,-0.365528,-0.534961,0.761711,0.859969,-0.507213,0.056456,0.026146,0.041394,-0.028967,0.582816,-0.418156,2.964413,0.521915,0.076691,0.022479,-0.067433,-0.898099,0.005547,-0.439755,-0.254967,-0.821299,0.51035,-0.35834,0.570469,0.739023,-0.004876,-0.040541,0.000977,-0.130643,-0.173198,0.351501,-0.863173
1098,0.122149,-0.00604,0.344733,-0.848058,0.083728,-0.52329,-0.397363,-0.75384,0.523259,-0.349614,0.651583,0.673228,-0.023081,-0.068074,-0.005138,-0.100814,-0.062203,0.140733,-1.9076,-0.151861,-0.013328,0.282665,-0.190438,-0.732504,0.653577,0.278345,0.598038,0.751537,-0.941102,0.325947,0.089156,0.037867,0.076054,-0.042488,-0.327609,0.658546,0.562784,0.537918,0.043724,0.014345,-0.035435,0.369623,0.677507,0.635894,-0.35767,-0.527885,0.77033,0.857584,-0.512172,0.047206,0.01839,0.04423,-0.024512,-0.334966,0.73607,0.59586,0.521915,0.076578,0.021748,-0.067451,-0.89529,0.009004,-0.445391,-0.261533,-0.819989,0.509134,-0.360632,0.572307,0.736483,-0.00445,-0.03423,-0.002645,-0.094752,-0.187888,0.369174,-0.860887
1099,0.121713,-0.008517,0.344469,-0.840974,0.088873,-0.53377,-0.40883,-0.750612,0.519049,-0.353483,0.654614,0.668249,-0.007757,-0.054349,-0.011426,-0.063203,-0.11979,0.23809,-1.907918,-0.150308,-0.010204,0.281554,-0.214539,-0.737972,0.639813,0.272553,0.583697,0.764818,-0.937575,0.33938,0.075085,0.037922,0.078549,-0.017484,-0.015835,0.207231,0.271059,0.537719,0.044501,0.015908,-0.035998,0.39546,0.677612,0.620043,-0.346831,-0.514923,0.783939,0.850481,-0.525067,0.031386,0.01899,0.039542,-0.008444,0.020136,0.102158,0.394544,0.522079,0.07635,0.020479,-0.06759,-0.889746,0.015524,-0.45619,-0.273751,-0.817883,0.506088,-0.365254,0.575173,0.731959,-0.003855,-0.027058,-0.005604,-0.06315,-0.119689,0.238234,-0.856151
1100,0.121452,-0.010514,0.344072,-0.832849,0.09374,-0.545546,-0.420344,-0.748393,0.513021,-0.359161,0.656466,0.663387,-0.006509,-0.048193,-0.00629,-0.063097,-0.11919,0.238419,-1.907106,-0.149126,-0.00718,0.281301,-0.231815,-0.738705,0.632904,0.277165,0.573386,0.770936,-0.932074,0.355048,0.071006,0.023333,0.074788,0.001409,1.181179,1.269759,0.192362,0.537747,0.045097,0.017428,-0.036124,0.410766,0.675372,0.612489,-0.34844,-0.504501,0.789979,0.842531,-0.537912,0.028095,0.011641,0.037779,0.000741,3.664917,4.234591,0.413583,0.522079,0.076224,0.019508,-0.067785,-0.8834,0.021766,-0.468112,-0.285716,-0.816794,0.501211,-0.371442,0.576518,0.727776,-0.003214,-0.023921,-0.002983,-0.064009,-0.116672,0.236145,-0.86203
1101,0.121337,-0.01182,0.343622,-0.825832,0.084165,-0.557641,-0.421204,-0.749603,0.510544,-0.374016,0.656396,0.655197,0.009964,-0.021683,-0.019175,0.000384,-0.186536,0.323395,-1.907298,-0.148352,-0.004235,0.28169,-0.246787,-0.737881,0.628187,0.290022,0.562171,0.774457,-0.924269,0.374226,0.074454,0.02382,0.06976,0.016431,0.434345,0.257016,0.243389,0.538305,0.045482,0.018882,-0.035934,0.424515,0.671472,0.607381,-0.358972,-0.491032,0.793741,0.831219,-0.554989,0.032589,0.003835,0.041065,0.005547,3.6096,4.254656,0.469064,0.522569,0.076159,0.018841,-0.068007,-0.876448,0.013411,-0.481308,-0.286605,-0.817767,0.499113,-0.386905,0.575392,0.720574,-0.002343,-0.015498,-0.004706,-0.006027,-0.121923,0.256842,-0.866276
1102,0.121307,-0.012342,0.343416,-0.823145,0.072332,-0.563246,-0.416325,-0.751445,0.511836,-0.385207,0.655716,0.649369,-0.004174,-0.02849,-0.007228,-0.00759,-0.285841,0.152294,-1.907594,-0.148128,-0.002924,0.282044,-0.253148,-0.737543,0.62605,0.293005,0.558165,0.776231,-0.921597,0.380849,0.073996,0.010095,0.058654,0.026109,-0.255145,0.383291,0.327932,0.538262,0.045605,0.019593,-0.03574,0.429803,0.66957,0.60576,-0.363642,-0.485711,0.794889,0.826458,-0.561925,0.034724,0.005031,0.029585,0.013367,-0.25758,0.379047,0.326342,0.522895,0.076148,0.018573,-0.068117,-0.872871,0.002406,-0.487944,-0.281732,-0.818951,0.499945,-0.3984,0.573857,0.715517,-0.002029,-0.013982,-0.003379,0.220322,-0.354079,-0.2458,-0.867745
1103,0.121289,-0.013199,0.34306,-0.817589,0.062242,-0.572469,-0.415007,-0.752909,0.510752,-0.398214,0.655084,0.64212,-0.003241,-0.024001,-0.003268,-0.041357,-0.076178,0.126834,-1.907615,-0.147819,-0.000608,0.283063,-0.254694,-0.741091,0.621214,0.293631,0.552683,0.779908,-0.92097,0.381962,0.076039,-0.003507,0.046607,0.03429,0.031883,-0.076816,0.148673,0.538293,0.045761,0.02074,-0.035236,0.433782,0.672396,0.599762,-0.360876,-0.480272,0.799441,0.825591,-0.563223,0.034318,0.004935,0.029646,0.013141,0.078053,-0.004801,0.015426,0.523222,0.07614,0.018153,-0.068294,-0.867114,-0.006758,-0.498062,-0.280017,-0.820337,0.498635,-0.411949,0.571839,0.709434,-0.001362,-0.00655,-0.005918,0.028206,-0.067717,0.151217,-0.867908
1104,0.121246,-0.013849,0.342983,-0.816457,0.064358,-0.573848,-0.418167,-0.751255,0.510612,-0.397232,0.656774,0.641,-0.001314,-0.006309,-0.005716,0.004088,-0.081505,0.149216,-1.90813,-0.148006,0.001113,0.284298,-0.258926,-0.743138,0.617005,0.291393,0.548812,0.783473,-0.920496,0.383572,0.073646,-0.00331,0.043479,0.030032,0.02035,-0.049024,0.134197,0.538036,0.045668,0.021608,-0.034609,0.438068,0.673587,0.595295,-0.357637,-0.476962,0.802871,0.824737,-0.564612,0.031958,-0.008952,0.021125,0.015249,0.025296,0.066556,-0.075035,0.523385,0.076116,0.017809,-0.068336,-0.866351,-0.004115,-0.499417,-0.283475,-0.81923,0.4985,-0.411189,0.573449,0.708575,-0.000783,-0.007975,0.001992,-0.029471,-0.079984,0.15988,-0.867908
1105,0.121206,-0.014034,0.343038,-0.815003,0.065317,-0.575803,-0.420206,-0.750872,0.5095,-0.398066,0.657116,0.640132,-0.000492,-0.00236,-0.002139,0.004795,-0.095241,0.174542,-1.907757,-0.148153,0.001789,0.284929,-0.258207,-0.747094,0.612512,0.29228,0.543772,0.786649,-0.920417,0.383068,0.077163,-0.001904,0.0294,0.034268,0.021013,0.02172,-0.003563,0.538449,0.045594,0.021955,-0.034292,0.437736,0.677736,0.590812,-0.357523,-0.47172,0.806012,0.824962,-0.56405,0.035817,-0.008215,0.013809,0.01704,0.108045,-0.140046,0.261728,0.523385,0.076096,0.017715,-0.06831,-0.865198,-0.002879,-0.50142,-0.285644,-0.819037,0.49758,-0.412115,0.573733,0.707807,-0.000435,-0.00631,0.003501,-0.036175,0.029639,-0.041469,-0.867908
1106,0.121151,-0.014196,0.343236,-0.812329,0.067052,-0.579371,-0.423874,-0.750239,0.50739,-0.399638,0.657662,0.63859,0.000292,0.001398,0.001267,0.004814,-0.095127,0.174603,-1.907333,-0.1485,0.002641,0.286158,-0.257004,-0.750682,0.60862,0.291949,0.539922,0.78942,-0.92086,0.381499,0.079611,-0.015963,0.021871,0.02706,0.004139,-0.035348,0.04061,0.537901,0.045425,0.022387,-0.03367,0.437007,0.681447,0.587071,-0.356341,-0.468121,0.80863,0.82586,-0.562575,0.038255,-0.000123,0.005446,0.016656,-0.031527,-0.04123,0.050933,0.523548,0.076069,0.017638,-0.068208,-0.863065,-0.000638,-0.50509,-0.289561,-0.818729,0.495818,-0.413849,0.574178,0.706432,-1.2e-05,-0.004262,0.005359,-0.0307,-0.079393,0.157972,-0.868398
1107,0.12104,-0.014356,0.343421,-0.810451,0.063724,-0.582369,-0.422548,-0.752164,0.505643,-0.404811,0.655796,0.637249,-0.00041,-0.010393,0.009026,-0.030392,-0.079642,0.157501,-1.907968,-0.149123,0.003032,0.287273,-0.252034,-0.751106,0.610173,0.294763,0.540863,0.787728,-0.921344,0.37932,0.084293,-0.014416,0.006241,0.029578,0.007522,-0.071431,-0.01457,0.538347,0.045108,0.022588,-0.033106,0.432079,0.682934,0.588988,-0.35963,-0.468444,0.806985,0.827026,-0.5605,0.043198,-0.007211,0.002862,0.014501,-0.015893,-0.057019,0.002142,0.523548,0.076015,0.017568,-0.068113,-0.86109,-0.003563,-0.508438,-0.288193,-0.82041,0.493833,-0.418888,0.571763,0.705421,-0.007051,0.001094,0.000874,-0.001297,0.015032,-0.029141,-0.869868
1108,0.120699,-0.014426,0.343601,-0.808483,0.064975,-0.584961,-0.425201,-0.751711,0.50409,-0.405967,0.656191,0.636107,-0.01417,0.001834,0.001421,-0.000984,0.014715,-0.029553,-1.907207,-0.149706,0.00344,0.288195,-0.24685,-0.752052,0.611125,0.297769,0.541147,0.786402,-0.921787,0.377028,0.089564,-0.01425,0.004308,0.02721,-0.01952,-0.039802,0.010697,0.537999,0.044822,0.022787,-0.032659,0.427156,0.684958,0.590228,-0.36272,-0.468138,0.805778,0.828233,-0.558281,0.04848,-0.0005,0.00795,0.009026,-0.01069,-0.031019,0.054527,0.523385,0.07585,0.01753,-0.068018,-0.859444,-0.001872,-0.511225,-0.291155,-0.820179,0.492477,-0.420219,0.572102,0.704353,-0.000236,-0.005321,0.004406,-0.030536,-0.079332,0.157854,-0.870358
1109,0.120567,-0.014438,0.343602,-0.807085,0.06582,-0.586793,-0.426928,-0.751591,0.502808,-0.406934,0.656242,0.635435,-0.000215,-0.001021,-0.000925,-0.0,-0.0,-0.0,-1.907475,-0.149943,0.003649,0.28863,-0.244249,-0.752582,0.611517,0.299291,0.541207,0.785782,-0.92199,0.37588,0.09226,-0.014184,0.003551,0.026279,-0.023053,-0.035654,0.014005,0.537867,0.044709,0.022886,-0.032449,0.42473,0.686026,0.590738,-0.364232,-0.467891,0.80524,0.828817,-0.557176,0.051146,0.000101,0.002329,0.012883,-0.047082,-0.034663,0.061774,0.523385,0.075784,0.017527,-0.068015,-0.858387,-0.00084,-0.513,-0.292886,-0.820197,0.49142,-0.421174,0.57208,0.703801,-0.000174,-0.000812,-0.000732,0.004727,-0.094752,0.174959,-0.871501
1110,0.120416,-0.014235,0.343355,-0.806735,0.066507,-0.587198,-0.427575,-0.75162,0.502213,-0.40695,0.656139,0.635532,0.000286,0.009769,-0.009591,0.035213,-0.015426,0.017135,-1.907295,-0.150442,0.003844,0.289432,-0.235203,-0.755243,0.611784,0.292103,0.545301,0.785657,-0.926646,0.364428,0.091561,-0.013835,-0.001803,0.020147,-0.036576,0.008936,-0.023889,0.537952,0.044459,0.022993,-0.032037,0.416649,0.690535,0.591239,-0.357701,-0.473382,0.804958,0.835734,-0.546872,0.049771,-0.006956,-0.000486,0.010556,-0.034851,-0.007065,0.000104,0.522895,0.075703,0.017618,-0.068134,-0.858206,-0.000118,-0.513304,-0.293543,-0.820232,0.490969,-0.421087,0.57203,0.703894,0.000103,0.004681,-0.004976,0.036652,-0.018812,0.020867,-0.871011
1111,0.12056,-0.01383,0.342853,-0.807851,0.062176,-0.586137,-0.425628,-0.749487,0.507033,-0.406776,0.659003,0.632673,0.000393,0.018701,-0.019933,-0.055258,-0.160931,-0.03329,-1.90714,-0.151074,0.003743,0.289904,-0.235244,-0.754628,0.612526,0.291461,0.54632,0.785187,-0.926837,0.364172,0.090633,-0.013337,-0.010291,0.010598,-0.038614,0.025755,-0.047208,0.538352,0.044137,0.022955,-0.031786,0.41661,0.689933,0.591968,-0.357303,-0.474496,0.804479,0.835924,-0.546667,0.048836,-0.007269,0.000558,0.001513,-0.001873,0.015478,-0.029235,0.523549,0.075775,0.017823,-0.068383,-0.858694,-0.004304,-0.512469,-0.291667,-0.818121,0.495588,-0.421395,0.575029,0.70126,0.006995,0.002842,-0.006524,-0.134381,-0.193394,-0.060181,-0.874604
1112,0.120725,-0.01353,0.342477,-0.809011,0.054998,-0.585254,-0.419678,-0.751203,0.509448,-0.410624,0.657696,0.631547,0.01441,0.016198,-0.021957,2.913863,-3.03236,-3.812757,-1.907771,-0.151373,0.003567,0.289974,-0.235346,-0.754159,0.613064,0.291206,0.54697,0.784829,-0.926891,0.364168,0.090095,-0.014267,-0.003463,-0.002134,-0.004072,0.031963,-0.052601,0.537973,0.043988,0.022866,-0.031745,0.416642,0.689455,0.592502,-0.357185,-0.475193,0.80412,0.835958,-0.546664,0.048278,-0.006544,-0.00754,0.002627,-0.038457,0.025993,-0.047208,0.523385,0.075852,0.017975,-0.068569,-0.859429,-0.005411,-0.511225,-0.29012,-0.818188,0.496385,-0.420965,0.574924,0.701604,0.007299,0.008488,-0.010629,-0.53117,0.143187,-0.812973,-0.87493
