frame,MLTx,MLTy,MLTz,MLTR1,MLTR2,MLTR3,MLTR4,MLTR5,MLTR6,MLTR7,MLTR8,MLTR9,MLTTVx,MLTTVy,MLTTVz,MLTRVx,MLTRVy,MLTRVz,MLGA,MRTx,MRTy,MRTz,MRTR1,MRTR2,MRTR3,MRTR4,MRTR5,MRTR6,MRTR7,MRTR8,MRTR9,MRTTVx,MRTTVy,MRTTVz,MRTRVx,MRTRVy,MRTRVz,MRGA,SLTx,SLTy,SLTz,SLTR1,SLTR2,SLTR3,SLTR4,SLTR5,SLTR6,SLTR7,SLTR8,SLTR9,SLTTVx,SLTTVy,SLTTVz,SLTRVx,SLTRVy,SLTRVz,SLGA,SRTx,SRTy,SRTz,SRTR1,SRTR2,SRTR3,SRTR4,SRTR5,SRTR6,SRTR7,SRTR8,SRTR9,SRTTVx,SRTTVy,SRTTVz,SRTRVx,SRTRVy,SRTRVz,SRGA
785,0.08984,-0.020084,0.310429,0.35157,-0.396603,-0.848028,0.129213,-0.87662,0.463481,-0.927656,-0.272036,-0.255888,1.1e-05,0.008152,-0.011664,0.037522,-0.01582,0.010163,-0.09058,-0.216045,-0.003021,0.291448,-0.293591,-0.165333,0.94152,-0.836695,-0.431921,-0.336629,0.46269,-0.886351,-0.012711,-0.00015,0.011812,-0.00725,0.039612,-0.064717,-0.019693,-1.133751,0.018082,0.052162,-0.012338,0.294054,0.175734,0.939494,0.825156,0.449368,-0.342323,-0.482337,0.875891,-0.01287,-8e-05,0.005864,-0.003671,0.054622,-0.064218,-0.015525,-0.930717,0.047546,0.040675,-0.051391,-0.368909,0.380088,-0.848197,-0.177588,0.866929,0.465721,0.912341,0.322438,-0.252319,1.7e-05,0.004108,-0.005792,0.065187,0.005869,-0.042923,-0.422452
786,0.089833,-0.020034,0.310106,0.353701,-0.397238,-0.846843,0.136377,-0.873783,0.466773,-0.92582,-0.280101,-0.253828,-0.000417,0.006819,-0.013236,0.034222,-0.003211,-0.008923,0.05913,-0.216428,-0.002531,0.291122,-0.292588,-0.162574,0.942313,-0.837799,-0.43147,-0.334455,0.461324,-0.887084,-0.011149,-0.000227,0.011278,-0.007857,-0.013035,-0.159167,0.21239,-1.254353,0.01789,0.052402,-0.0125,0.293233,0.173777,0.940114,0.826359,0.448433,-0.340642,-0.480775,0.87676,-0.012107,-0.00017,0.005542,-0.004045,-0.506923,-1.614944,2.202821,-0.962722,0.047543,0.040701,-0.05155,-0.371133,0.380443,-0.847066,-0.18465,0.863764,0.468844,0.910034,0.330415,-0.250323,-0.000229,0.003333,-0.006707,0.031087,-0.005355,-0.003538,-0.244791
787,0.089814,-0.020027,0.30994,0.353813,-0.397105,-0.846859,0.136679,-0.873746,0.466754,-0.925733,-0.280404,-0.25381,-0.001521,-0.00474,-0.005574,-0.000355,0.014911,-0.02466,0.123008,-0.216654,-0.002219,0.290912,-0.291543,-0.159947,0.943086,-0.838636,-0.431497,-0.332315,0.460461,-0.887551,-0.009526,-0.014936,0.010895,-0.0077,0.019253,-0.043196,0.04537,-1.296116,0.017777,0.052568,-0.012609,0.291898,0.170311,0.941163,0.827389,0.448681,-0.337804,-0.479814,0.877313,-0.009945,-0.007563,0.011152,-0.007696,0.018284,-0.15387,0.189914,-0.961906,0.047534,0.040708,-0.051638,-0.371254,0.380248,-0.847101,-0.184968,0.863732,0.468778,0.909921,0.330723,-0.25033,-0.00024,0.003298,-0.006748,0.03396,-0.018328,0.016445,-0.159227
788,0.089758,-0.020002,0.309537,0.353712,-0.397706,-0.846619,0.137093,-0.873305,0.467457,-0.92571,-0.280923,-0.253319,-0.001853,-0.005764,-0.006796,-0.000351,0.014929,-0.02465,0.261775,-0.217296,-0.001437,0.290386,-0.287951,-0.15113,0.94564,-0.840853,-0.432696,-0.325075,0.458669,-0.888522,-0.003675,-0.01503,0.022801,-0.014833,0.069985,-0.015235,0.001933,-1.373789,0.017456,0.052953,-0.012872,0.288498,0.161354,0.943786,0.82964,0.44994,-0.33053,-0.477979,0.878361,-0.004059,-0.014795,0.011595,-0.006894,0.061722,0.121005,-0.19694,-0.980521,0.047506,0.04072,-0.051839,-0.371185,0.380849,-0.846861,-0.185353,0.863273,0.469471,0.909871,0.331229,-0.249842,-0.00044,0.002673,-0.007492,0.034414,-0.018067,0.015714,0.030517
789,0.089722,-0.02009,0.30899,0.355961,-0.3962,-0.846383,0.142703,-0.87203,0.468159,-0.924001,-0.286942,-0.252814,-0.003043,-0.009458,-0.011191,-0.000694,0.029893,-0.049278,0.373308,-0.218185,-0.000533,0.289727,-0.285143,-0.143653,0.947654,-0.842813,-0.433288,-0.319157,0.456817,-0.889482,0.001282,-0.015328,0.020716,-0.017224,0.06995,-0.015458,0.001781,-1.402398,0.017012,0.053408,-0.013198,0.285883,0.153835,0.945835,0.831633,0.450546,-0.324644,-0.476084,0.879398,0.000869,-0.01497,0.01034,-0.008337,0.069027,0.020434,-0.056456,-0.980358,0.047489,0.040681,-0.052107,-0.373363,0.379204,-0.846642,-0.190902,0.861701,0.470135,0.90783,0.337157,-0.249336,-0.00093,0.001143,-0.009309,0.034039,-0.002995,-0.008927,0.212422
790,0.089785,-0.02027,0.308231,0.358189,-0.394755,-0.846118,0.148445,-0.870633,0.468971,-0.922235,-0.293098,-0.252196,0.010603,-0.015918,-0.017611,0.000327,0.015208,-0.019689,0.448574,-0.219215,0.000227,0.288924,-0.283013,-0.134144,0.949685,-0.847373,-0.428876,-0.312982,0.44964,-0.893109,0.00651,-0.030685,0.028528,-0.028508,0.102421,0.000819,-0.035347,-1.403228,0.016503,0.053789,-0.01359,0.283753,0.144455,0.947953,0.836017,0.446909,-0.31835,-0.469637,0.882838,0.006045,-0.015258,0.002235,-0.007268,0.039174,0.030214,-0.0824,-0.983134,0.047516,0.040596,-0.052482,-0.37551,0.377665,-0.84638,-0.196561,0.859985,0.470943,0.905734,0.34321,-0.248699,-0.001679,-0.001181,-0.0121,0.033756,0.012111,-0.03339,0.345994
791,0.089859,-0.020404,0.307779,0.360503,-0.392859,-0.846017,0.153961,-0.869495,0.469304,-0.92043,-0.298957,-0.251915,0.0112,-0.005952,-0.027215,0.034965,-0.002959,-0.003936,0.476777,-0.219787,0.000501,0.288448,-0.280877,-0.132313,0.950575,-0.850941,-0.423733,-0.310297,0.444203,-0.895835,0.005227,-0.031105,0.013625,-0.024887,0.049913,0.322583,0.382755,-1.403901,0.016217,0.053934,-0.013827,0.283749,0.141744,0.948363,0.839066,0.442046,-0.317116,-0.46417,0.885722,0.006497,-0.015512,0.006881,-0.012338,0.05101,0.485363,0.276511,-0.981501,0.047552,0.040524,-0.052705,-0.377715,0.375662,-0.846291,-0.20199,0.858554,0.471257,0.90362,0.348943,-0.248409,-0.002354,-0.007354,-0.008768,-0.000664,0.030255,-0.049066,0.39743
792,0.090065,-0.020714,0.306747,0.360368,-0.393613,-0.845724,0.154705,-0.868858,0.470238,-0.920357,-0.299814,-0.25116,0.010593,-0.0079,-0.029681,0.034885,-0.002849,-0.003931,0.512992,-0.220764,0.000898,0.28747,-0.282396,-0.127651,0.950763,-0.856842,-0.412112,-0.30971,0.431715,-0.901916,0.005803,-0.016852,0.011478,-0.027969,0.549398,-0.253173,0.118347,-1.404397,0.015722,0.05413,-0.014319,0.282817,0.138761,0.949083,0.844947,0.432258,-0.314985,-0.453957,0.891009,0.005005,-0.015754,0.006224,-0.013165,1.68168,-0.51922,-0.080837,-0.993094,0.047655,0.040368,-0.053222,-0.377613,0.376426,-0.845996,-0.202691,0.857878,0.472185,0.903506,0.34978,-0.247648,0.005231,-0.004201,-0.015139,0.034282,0.012294,-0.028594,0.471891
793,0.090507,-0.021205,0.305678,0.360618,-0.393113,-0.84585,0.155679,-0.868772,0.470076,-0.920096,-0.300717,-0.25104,0.010344,-0.008777,-0.030903,0.034563,0.012249,-0.028482,0.515623,-0.221559,0.000988,0.286517,-0.287302,-0.123673,0.949818,-0.861592,-0.399875,-0.312561,0.41883,-0.907962,0.007132,-0.017106,-0.001974,-0.022777,0.031402,0.029878,-0.063079,-1.405415,0.015325,0.054178,-0.0148,0.288107,0.13475,0.948069,0.849819,0.42034,-0.317994,-0.441362,0.897304,0.00659,-0.008525,-0.001027,-0.011414,0.067944,0.03136,-0.066496,-1.000606,0.047875,0.040121,-0.053758,-0.377839,0.375899,-0.84613,-0.203658,0.85775,0.472004,0.903194,0.350663,-0.247537,0.004836,-0.009571,-0.010911,0.000142,0.015459,-0.01964,0.499324
794,0.090771,-0.021502,0.305187,0.360711,-0.392837,-0.845939,0.156029,-0.868794,0.469919,-0.92,-0.301014,-0.251034,0.010071,-0.017875,-0.020358,0.000316,0.015359,-0.019615,0.515296,-0.221794,0.000932,0.28608,-0.290586,-0.120334,0.949248,-0.863755,-0.393859,-0.314223,0.412052,-0.911038,0.009314,-0.016979,-0.001128,-0.021842,0.047201,-0.194801,0.053905,-1.405721,0.015207,0.054147,-0.015022,0.291483,0.131765,0.947456,0.851986,0.414568,-0.319767,-0.43492,0.900428,0.008578,-0.001272,-0.007496,-0.008752,0.038404,-0.088857,-0.137763,-0.99832,0.048003,0.039978,-0.054005,-0.377926,0.375608,-0.84622,-0.20403,0.857748,0.471846,0.903074,0.350978,-0.24753,0.01296,-0.004804,-0.015321,0.035745,-0.017379,0.02565,0.502753
795,0.091433,-0.021995,0.304366,0.361107,-0.391666,-0.846313,0.156907,-0.869083,0.469091,-0.919695,-0.301704,-0.251322,0.027131,-0.005889,-0.026232,0.038214,-0.121251,0.195323,0.51533,-0.222015,0.000568,0.285389,-0.303266,-0.110196,0.946509,-0.868531,-0.376688,-0.322016,0.39241,-0.919553,0.017335,-0.002133,-0.01218,-0.014324,5.237929,-1.919515,-0.078862,-1.406192,0.01509,0.053966,-0.015373,0.303826,0.123558,0.944681,0.854711,0.402704,-0.327561,-0.4209,0.906952,0.016746,-0.000984,-0.005766,-0.006775,0.049334,-0.192125,-0.171965,-1.005504,0.04833,0.039717,-0.054426,-0.378189,0.374612,-0.846544,-0.204823,0.857938,0.471157,0.902784,0.351578,-0.247734,0.005745,-0.006826,-0.007672,0.000544,0.00038,0.004979,0.505202
796,0.092358,-0.022358,0.303686,0.357,-0.394303,-0.846831,0.147694,-0.871331,0.467912,-0.922816,-0.291634,-0.251772,0.027567,-0.012868,-0.013078,-4.678403,2.571561,-1.356889,0.509079,-0.221999,0.00013,0.285029,-0.327139,-0.102918,0.939351,-0.865048,-0.367517,-0.341406,0.380782,-0.924104,0.030016,-0.001071,-0.01824,-0.000394,0.019135,-0.646302,-0.59301,-1.406494,0.015097,0.053736,-0.015565,0.327115,0.116053,0.93783,0.854022,0.388531,-0.345962,-0.404526,0.914097,0.027983,-0.000482,-0.008939,1.7e-05,0.077123,-0.592702,-0.545996,-1.005178,0.048792,0.039536,-0.054772,-0.376479,0.375097,-0.847091,-0.200894,0.859554,0.4699,0.90438,0.347083,-0.24825,0.014289,-0.000749,-0.010482,0.036451,-0.032209,0.050327,0.504385
797,0.092821,-0.022512,0.303443,0.353015,-0.392729,-0.849229,0.143912,-0.874065,0.463975,-0.924939,-0.285523,-0.250981,0.028374,-0.010356,-0.010025,0.125672,0.320522,0.2717,0.503318,-0.22196,-8.4e-05,0.284981,-0.339527,-0.098651,0.935404,-0.863927,-0.360583,-0.351489,0.372399,-0.9273,0.036021,0.013871,-0.016973,0.000624,-0.004294,-0.536015,-0.690281,-1.406275,0.015111,0.053636,-0.015589,0.339231,0.112114,0.933997,0.853149,0.381615,-0.355675,-0.396304,0.917496,0.033806,-0.000269,-0.001652,-0.001955,0.092873,-0.137778,-0.188381,-1.006648,0.049023,0.039457,-0.054897,-0.371821,0.376269,-0.848628,-0.191238,0.863514,0.466659,0.908392,0.335804,-0.249116,0.006599,-0.004189,-0.004477,0.223788,0.619204,0.375878,0.498344
798,0.09361,-0.02272,0.303162,0.33934,-0.397978,-0.852354,0.126535,-0.878563,0.46053,-0.932553,-0.263641,-0.24671,0.030523,0.004732,-0.013363,0.113671,0.183057,0.212952,0.50205,-0.221941,-0.00053,0.2852,-0.361804,-0.085728,0.928299,-0.861719,-0.349231,-0.367983,0.3562,-0.932927,0.051309,0.00021,-0.010943,0.008228,-0.003896,-0.700802,-0.541075,-1.407192,0.015126,0.053411,-0.015483,0.361798,0.099887,0.926889,0.851249,0.369977,-0.372144,-0.3801,0.923655,0.048828,0.000179,-0.005115,0.00453,0.022613,-0.101795,-0.340602,-1.002892,0.049417,0.039348,-0.055036,-0.357119,0.382082,-0.852337,-0.174746,0.869068,0.462799,0.917566,0.314217,-0.243594,0.007335,-0.00185,-0.001608,0.109123,0.215519,0.395263,0.490669
799,0.094379,-0.022762,0.303077,0.30954,-0.40092,-0.862261,0.105469,-0.886716,0.450092,-0.945419,-0.229772,-0.231114,0.015469,-0.001067,6e-06,0.149672,0.453223,0.307523,0.502244,-0.22198,-0.001142,0.285715,-0.388943,-0.06726,0.918799,-0.859168,-0.333509,-0.38799,0.333021,-0.940187,0.07077,-0.014322,-0.021904,0.01692,-0.040073,-0.846025,-0.711708,-1.406785,0.015113,0.053116,-0.01522,0.389228,0.08222,0.917464,0.849081,0.354163,-0.391956,-0.357158,0.931562,0.068039,0.000168,-0.011244,0.00787,-0.015155,-0.322058,-0.530811,-1.004361,0.049808,0.039331,-0.055081,-0.327483,0.386619,-0.862136,-0.154114,0.878376,0.452442,0.932203,0.281034,-0.22807,0.007835,-0.000219,0.000395,0.181469,0.630622,0.399816,0.488547
800,0.095122,-0.02283,0.303105,0.270119,-0.397211,-0.8771,0.076932,-0.899136,0.430823,-0.960099,-0.183363,-0.211221,0.015403,-0.001254,-0.000242,0.076862,0.445795,0.711951,0.502636,-0.222067,-0.001904,0.286167,-0.424033,-0.041323,0.904699,-0.848872,-0.330051,-0.412816,0.316198,-0.942932,0.103733,-0.0003,-0.013847,0.00481,-0.04566,-0.790346,-0.759621,-1.407038,0.015065,0.052737,-0.014983,0.426374,0.055813,0.902822,0.838587,0.349758,-0.41766,-0.339081,0.935175,0.102323,-0.000165,-0.013081,0.005709,-0.141221,-1.124904,-0.852644,-1.00975,0.050175,0.039307,-0.055064,-0.2885,0.385477,-0.876455,-0.126221,0.892077,0.433895,0.949123,0.235806,-0.20871,0.007786,-0.000334,0.000225,-1.241658,1.323699,0.361796,0.490016
801,0.095469,-0.022869,0.303118,0.248704,-0.392624,-0.885459,0.063932,-0.905524,0.419418,-0.966791,-0.160439,-0.199003,0.015479,-0.000993,7e-05,0.083194,0.475743,0.72587,0.502802,-0.222125,-0.002286,0.286257,-0.444288,-0.026721,0.895481,-0.841001,-0.332095,-0.42704,0.309363,-0.94276,0.123943,-0.000864,-0.017045,0.001028,-0.058052,-0.990283,-1.184606,-1.406806,0.015037,0.052544,-0.014932,0.446481,0.041982,0.893807,0.830931,0.351143,-0.431566,-0.331972,0.93538,0.121895,-0.000467,-0.00873,0.000267,-0.011956,-0.940044,-1.133667,-1.01122,0.050354,0.039283,-0.055054,-0.265646,0.381732,-0.885274,-0.113724,0.899448,0.421969,0.957338,0.212772,-0.195523,0.015312,-0.001556,-0.000603,-0.170926,0.773204,0.781826,0.490832
802,0.096184,-0.022933,0.303097,0.197879,-0.374508,-0.905888,0.029925,-0.921409,0.387403,-0.980029,-0.103309,-0.169991,0.015361,-0.001357,-0.000394,-4.725509,2.820627,-0.021882,0.501575,-0.222304,-0.002951,0.285951,-0.479328,0.002541,0.877627,-0.827133,-0.335713,-0.450647,0.294099,-0.941889,0.16191,-0.002473,-0.013986,-0.016618,-1.170631,-2.052855,0.822541,-1.407097,0.01495,0.05223,-0.015065,0.482318,0.014951,0.875867,0.817231,0.352359,-0.456043,-0.315438,0.935745,0.157731,-0.001261,-0.007202,-0.008552,-0.002253,-0.490036,-0.896879,-1.013179,0.050706,0.039252,-0.055064,-0.217262,0.366181,-0.904824,-0.084993,0.916349,0.391253,0.972405,0.161908,-0.167965,0.007759,-0.000448,0.000103,0.186423,0.401524,0.743001,0.491159
803,0.096789,-0.02299,0.303142,0.156497,-0.344312,-0.925745,0.004367,-0.937027,0.34919,-0.987876,-0.058268,-0.143984,0.014913,-0.011127,0.009427,-0.25332,0.695885,0.990734,0.498953,-0.222386,-0.003481,0.284981,-0.503523,0.030188,0.863449,-0.82129,-0.327081,-0.46737,0.268953,-0.944476,0.188395,0.010817,-0.022546,-0.027467,-0.404816,-0.43217,-0.192291,-1.406658,0.014903,0.051963,-0.015551,0.508789,-0.015572,0.860749,0.811148,0.343613,-0.473253,-0.288395,0.938982,0.187458,-0.002046,-0.005329,-0.017093,-1.188853,-1.43392,1.218164,-1.028039,0.051008,0.039225,-0.055048,-0.172121,0.339253,-0.924813,-0.056637,0.933863,0.353114,0.983445,0.113158,-0.141524,0.000218,0.000977,0.000942,-4.802379,2.716688,0.382271,0.48871
804,0.097037,-0.023009,0.303187,0.134686,-0.328664,-0.934818,-0.0087,-0.943753,0.330495,-0.991031,-0.035978,-0.128804,0.015801,0.000141,0.001422,-1.275595,1.134676,1.113423,0.496024,-0.222433,-0.003737,0.28432,-0.513618,0.041847,0.856993,-0.820268,-0.317056,-0.475993,0.252453,-0.94746,0.196088,-0.004214,-0.011532,-0.035323,-0.005681,0.04025,-0.679223,-1.406467,0.014884,0.051827,-0.015883,0.518567,-0.027703,0.854587,0.810692,0.333624,-0.481116,-0.271783,0.942298,0.195465,-0.002144,-0.006208,-0.018198,0.021459,-0.100776,-0.507205,-1.029671,0.051138,0.039211,-0.055022,-0.14947,0.324601,-0.933965,-0.043988,0.941458,0.334245,0.987787,0.091043,-0.126441,0.007904,0.000354,0.000823,-4.864678,2.494228,0.70496,0.48626
805,0.097312,-0.022994,0.303421,0.092764,-0.299888,-0.949477,-0.037544,-0.953945,0.297576,-0.995108,0.008409,-0.098567,0.000589,-0.006334,0.014032,0.347084,1.993488,-1.360876,0.491461,-0.222407,-0.004168,0.282922,-0.530052,0.069833,0.84508,-0.819711,-0.297439,-0.489425,0.217861,-0.952195,0.213833,0.01067,-0.011373,-0.035867,4.655308,-2.816655,0.579022,-1.40682,0.01489,0.051602,-0.016593,0.535596,-0.05197,0.842873,0.808814,0.318549,-0.494313,-0.242807,0.94648,0.212647,-0.001994,-0.005336,-0.017293,-0.016798,-0.152524,-0.665061,-1.030978,0.05128,0.039219,-0.054912,-0.10618,0.295362,-0.949466,-0.01434,0.95431,0.298473,0.994243,0.045307,-0.097093,0.000679,0.002282,0.002796,-1.330602,1.28862,1.024384,0.479239
806,0.097197,-0.022888,0.303911,0.040968,-0.278183,-0.959678,-0.086761,-0.957826,0.273887,-0.99545,0.072382,-0.06218,-0.013246,4.6e-05,0.020557,-1.507642,1.047062,0.715107,0.484185,-0.222158,-0.004353,0.281579,-0.555376,0.090251,0.826682,-0.809281,-0.287574,-0.512152,0.192221,-0.953534,0.231705,0.011581,-0.006396,-0.030005,-0.039194,-0.365664,-0.758916,-1.406387,0.015013,0.051499,-0.017276,0.56065,-0.074585,0.824686,0.800532,0.303446,-0.516786,-0.211703,0.949924,0.229835,0.005772,0.002589,-0.018767,-0.019847,-0.659687,-0.70644,-1.035713,0.051227,0.039266,-0.054674,-0.052187,0.278737,-0.958948,0.032989,0.960213,0.27731,0.998091,-0.017162,-0.059307,0.001104,0.004,0.004664,-5.24404,2.415775,0.458358,0.471564
807,0.096884,-0.022702,0.304608,-0.00615,-0.260864,-0.96538,-0.129413,-0.95705,0.259382,-0.991577,0.126845,-0.02667,-0.011871,0.012877,0.014397,-1.451917,1.228262,0.436432,0.48093,-0.221879,-0.004431,0.28059,-0.583824,0.120692,0.802854,-0.79694,-0.27425,-0.538153,0.15598,-0.95413,0.255283,0.012862,0.000694,-0.021385,-0.082818,-0.843979,-1.062145,-1.406644,0.015152,0.051456,-0.017776,0.587932,-0.102959,0.80233,0.78944,0.289335,-0.541358,-0.176405,0.951674,0.251389,0.006536,0.000772,-0.01019,0.04995,-0.82524,-0.719565,-1.033754,0.051067,0.039362,-0.054314,-0.004128,0.263775,-0.964575,0.07698,0.961805,0.262688,0.997023,-0.073169,-0.024276,-0.005899,0.006601,0.007408,-1.446857,1.302671,0.486505,0.462583
808,0.096707,-0.022558,0.305008,-0.024618,-0.252829,-0.967221,-0.149793,-0.955637,0.253559,-0.988394,0.151433,-0.013141,-0.012216,0.003406,0.024537,-0.040621,0.787322,0.455705,0.481276,-0.221737,-0.004466,0.280346,-0.597847,0.132977,0.790498,-0.78883,-0.273231,-0.550478,0.143554,-0.952804,0.267246,-0.001065,-0.005988,-0.007409,-0.11957,-0.841551,-0.890771,-1.406528,0.015227,0.051435,-0.017911,0.60322,-0.115648,0.789145,0.780666,0.288258,-0.554496,-0.163351,0.950543,0.264166,0.006963,-0.002905,-0.00384,-0.128421,-0.888369,-1.083702,-1.033591,0.050983,0.039432,-0.054125,0.014008,0.25731,-0.966226,0.097932,0.961322,0.257424,0.995094,-0.09823,-0.011733,0.001789,0.005976,0.007257,-0.340975,0.898583,0.498395,0.461603
809,0.096409,-0.02225,0.305847,-0.049528,-0.239688,-0.969609,-0.193345,-0.950114,0.24469,-0.979832,0.19988,0.001924,-0.011938,0.004263,0.025477,-5.353458,1.571247,0.145669,0.484527,-0.221321,-0.004446,0.280226,-0.627904,0.164928,0.760609,-0.771904,-0.257312,-0.581282,0.10065,-0.952281,0.287914,0.015315,0.002271,0.002349,-0.103524,-0.593336,-1.057961,-1.406279,0.015429,0.051439,-0.017977,0.634129,-0.147595,0.759008,0.763879,0.271749,-0.585355,-0.119865,0.950982,0.285069,0.007693,0.001248,0.001287,0.004582,-0.941973,-0.751454,-1.037509,0.050834,0.039588,-0.053702,0.039707,0.244519,-0.96883,0.135931,0.959259,0.247674,0.989921,-0.141528,0.004852,-0.005566,0.007623,0.008585,0.038732,0.202705,0.117759,0.4634
810,0.096215,-0.021935,0.306668,-0.067802,-0.231081,-0.970592,-0.225832,-0.944005,0.240472,-0.971734,0.235777,0.01303,0.002895,0.001368,0.023121,-0.145852,0.20227,0.1434,0.489974,-0.220819,-0.004289,0.280569,-0.655463,0.194092,0.729855,-0.752932,-0.243971,-0.611151,0.060286,-0.950329,0.305129,0.016167,0.007252,0.008475,-0.117972,-0.564033,-1.033584,-1.406639,0.015681,0.051522,-0.017801,0.662068,-0.176264,0.728419,0.745235,0.25769,-0.614996,-0.079304,0.950014,0.301967,0.008207,-0.001868,0.008315,-0.062227,-0.80675,-0.890456,-1.034244,0.050732,0.039749,-0.053288,0.059425,0.237004,-0.969688,0.174273,0.954024,0.243856,0.982902,-0.183482,0.015389,-0.005671,0.007252,0.008088,-0.447403,0.320148,0.124344,0.469441
811,0.096118,-0.021801,0.307057,-0.074452,-0.230007,-0.97036,-0.236551,-0.941193,0.241188,-0.968684,0.247777,0.016875,-0.012339,0.002843,0.023644,-0.021039,0.079335,0.042398,0.492452,-0.220474,-0.004151,0.28081,-0.669418,0.206462,0.713613,-0.741725,-0.240526,-0.626039,0.043249,-0.948614,0.313248,0.016545,0.009547,0.011271,-0.189757,-0.749605,-1.164635,-1.406442,0.015847,0.051588,-0.017684,0.675128,-0.18735,0.713512,0.735012,0.25332,-0.628956,-0.062912,0.949067,0.308728,0.008344,-0.001015,0.009352,-0.217471,-0.524196,-1.073055,-1.032447,0.050689,0.039813,-0.053097,0.066294,0.23619,-0.969442,0.185216,0.951781,0.244553,0.980458,-0.195769,0.019351,-0.006201,0.001351,0.011753,-0.015644,0.109425,-0.018567,0.473034
812,0.096054,-0.021682,0.307747,-0.089458,-0.227251,-0.969742,-0.263524,-0.933525,0.243019,-0.960399,0.277567,0.024833,0.002102,-0.001253,0.019903,-0.03642,0.221525,0.168958,0.495572,-0.219657,-0.003912,0.281257,-0.690616,0.227835,0.686391,-0.723185,-0.232376,-0.650337,0.012218,-0.945775,0.324381,0.016228,0.007973,0.009271,-0.131731,-0.341332,-0.893796,-1.406496,0.016257,0.051717,-0.017448,0.697609,-0.20956,0.685146,0.715813,0.24502,-0.653893,-0.030844,0.946599,0.320934,0.015585,-0.002035,0.007813,-0.082945,-0.74823,-0.75903,-1.029508,0.050653,0.039878,-0.052744,0.08058,0.23495,-0.968661,0.212577,0.945412,0.246994,0.973815,-0.225818,0.026236,0.000878,-0.001172,0.009317,-0.107886,0.379022,0.222982,0.479076
813,0.096034,-0.021663,0.308357,-0.105161,-0.224459,-0.968816,-0.290236,-0.924854,0.245723,-0.951044,0.307299,0.03332,0.001392,-0.003604,0.017081,-1.627087,0.48317,0.107912,0.495928,-0.218692,-0.00366,0.281515,-0.711506,0.243525,0.659126,-0.702664,-0.233159,-0.672186,-0.009099,-0.941682,0.336177,0.0306,0.00537,0.005513,-0.15653,-0.548754,-0.767971,-1.406578,0.016741,0.05185,-0.017312,0.718973,-0.224616,0.657741,0.694971,0.245354,-0.675881,-0.009565,0.943052,0.332505,0.007915,0.002921,0.00328,-0.157076,-0.593996,-0.817435,-1.020201,0.050643,0.03989,-0.052437,0.096723,0.232394,-0.9678,0.237889,0.938779,0.2492,0.966463,-0.254333,0.035517,0.00057,-0.001966,0.008227,-5.379292,1.400321,0.226407,0.481198
814,0.096026,-0.021686,0.30863,-0.112826,-0.217638,-0.96951,-0.295302,-0.924285,0.241797,-0.948593,0.313845,0.041222,0.000989,-0.004941,0.015489,0.047556,0.444292,0.274313,0.495575,-0.218139,-0.003512,0.281611,-0.721617,0.249992,0.645572,-0.69202,-0.2317,-0.683636,-0.020398,-0.940354,0.339382,0.030634,0.00576,0.005955,0.007242,-0.5298,-0.962879,-1.406515,0.017006,0.05192,-0.017267,0.728347,-0.230958,0.64511,0.685206,0.243797,-0.686334,0.001238,0.941924,0.335822,0.015285,0.002826,0.002874,1.900054,0.600501,-2.255888,-1.015465,0.050639,0.039882,-0.052305,0.103516,0.227444,-0.968273,0.244833,0.937721,0.246442,0.964022,-0.262576,0.041384,0.00081,0.002713,0.003213,0.100832,0.668088,0.169944,0.481525
815,0.096048,-0.021801,0.309085,-0.132172,-0.20374,-0.970086,-0.315902,-0.91896,0.235989,-0.939392,0.337891,0.058308,0.001316,0.004381,0.005165,-5.263628,1.810959,0.660024,0.495967,-0.216998,-0.003192,0.281829,-0.739934,0.264525,0.61848,-0.671239,-0.228917,-0.70496,-0.043948,-0.937072,0.346161,0.030695,0.006539,0.006829,0.109916,-1.026287,-0.686487,-1.406538,0.017576,0.052078,-0.017161,0.74765,-0.242931,0.618063,0.663692,0.241041,-0.708104,0.023042,0.939618,0.341446,0.015169,0.003198,0.003603,3.310953,-4.246393,1.265665,-1.014975,0.05065,0.039818,-0.052068,0.122978,0.214679,-0.96891,0.260031,0.935241,0.240223,0.957736,-0.281489,0.059191,0.000124,-0.003695,0.006301,0.118856,0.76802,0.435937,0.481852
816,0.096067,-0.022042,0.309489,-0.154607,-0.184294,-0.970658,-0.325156,-0.918224,0.226075,-0.93276,0.350792,0.083249,-9.3e-05,-0.008536,0.011234,0.072619,0.58941,0.326303,0.495826,-0.215978,-0.002915,0.28211,-0.75615,0.274759,0.593916,-0.651601,-0.231318,-0.722386,-0.060127,-0.933542,0.353194,0.016132,0.008449,0.009653,-0.100629,-0.358715,-0.39092,-1.406559,0.018103,0.052217,-0.017021,0.764834,-0.256021,0.591169,0.642828,0.242873,-0.726487,0.042416,0.935663,0.350335,0.015341,0.003414,0.00353,-0.126655,-0.303029,-0.580487,-1.006484,0.05066,0.039699,-0.051865,0.148476,0.19485,-0.969529,0.274709,0.933683,0.229716,0.949994,-0.300446,0.085102,-6.9e-05,-0.004332,0.005545,0.079829,0.61165,0.340566,0.481852
817,0.096056,-0.022391,0.309892,-0.177708,-0.159614,-0.971076,-0.340516,-0.915827,0.212793,-0.923088,0.368676,0.109609,-0.000363,-0.009436,0.010175,0.04132,0.655962,0.364161,0.4959,-0.215223,-0.002531,0.282513,-0.773556,0.288357,0.564316,-0.62869,-0.236348,-0.740825,-0.079254,-0.928181,0.363403,0.016444,0.01077,0.012389,-0.070346,-0.42334,-0.496935,-1.406197,0.018486,0.05241,-0.016818,0.782499,-0.269322,0.56139,0.619586,0.247464,-0.744898,0.061693,0.930713,0.360509,0.008235,0.005474,0.006283,-0.060475,-0.400783,-0.470776,-1.010077,0.050654,0.039527,-0.051668,0.172267,0.172064,-0.969905,0.290234,0.93205,0.216898,0.941322,-0.318865,0.110622,-0.000146,-0.004596,0.005235,-0.007586,0.90355,0.50976,0.481852
818,0.096067,-0.022623,0.310116,-0.186663,-0.149773,-0.970964,-0.345878,-0.915014,0.207582,-0.919309,0.374764,0.120207,-0.001254,-0.020634,0.01828,0.012312,0.580322,0.061191,0.495851,-0.215046,-0.002304,0.282764,-0.780987,0.298655,0.548503,-0.617671,-0.238699,-0.749293,-0.09185,-0.924327,0.370198,0.001823,0.011852,0.014257,-0.125889,-0.469584,-0.527622,-1.406059,0.018575,0.05252,-0.016697,0.789875,-0.279235,0.546007,0.608768,0.249375,-0.753135,0.074141,0.927275,0.366964,0.000884,0.005768,0.006924,-0.135386,-0.44254,-0.83581,-1.009423,0.05066,0.039415,-0.05156,0.182271,0.161855,-0.969834,0.295635,0.931695,0.211052,0.93775,-0.325186,0.121971,-0.000178,-0.004691,0.00512,0.067578,0.544678,0.297819,0.482178
819,0.096044,-0.023191,0.310629,-0.204029,-0.129574,-0.970376,-0.357035,-0.91308,0.196938,-0.9113,0.386795,0.141242,-0.000455,-0.009744,0.009816,0.022878,0.31625,0.161066,0.49527,-0.21498,-0.001799,0.28337,-0.794886,0.313637,0.519404,-0.596715,-0.248369,-0.763006,-0.109282,-0.916802,0.38392,0.002207,0.014402,0.017225,1.954316,0.036776,-2.237868,-1.406378,0.018607,0.05277,-0.016397,0.802512,-0.294534,0.518865,0.589732,0.259698,-0.764703,0.090483,0.919676,0.382108,-0.006216,0.007599,0.009389,-0.281434,-0.678499,-0.985593,-1.003871,0.050648,0.039126,-0.051301,0.201137,0.142311,-0.96917,0.306904,0.93042,0.200315,0.930243,-0.337734,0.143466,-0.00061,-0.010241,0.009234,-0.015591,0.332424,0.144137,0.481688
820,0.096005,-0.023849,0.311227,-0.218466,-0.112527,-0.969359,-0.363342,-0.912524,0.187762,-0.905426,0.393363,0.159678,-0.001219,-0.020522,0.018421,-0.016925,0.305283,0.127276,0.492321,-0.215117,-0.001211,0.284144,-0.804033,0.332856,0.492676,-0.579651,-0.253748,-0.774306,-0.131684,-0.908536,0.396339,0.002502,0.016332,0.019396,-0.145101,-0.278435,-0.616565,-1.406618,0.018539,0.053064,-0.01601,0.813353,-0.313428,0.49012,0.570354,0.263533,-0.777975,0.114677,0.912311,0.393111,0.001283,0.008428,0.010006,-0.162815,-0.482558,-0.516862,-1.002729,0.050628,0.038792,-0.051,0.216415,0.126125,-0.96812,0.313297,0.930204,0.19122,0.924667,-0.344692,0.161795,-0.000611,-0.010238,0.009239,-0.030459,0.252449,0.096294,0.479076
821,0.095976,-0.024203,0.311576,-0.224982,-0.104376,-0.96878,-0.369422,-0.910873,0.183874,-0.901354,0.399382,0.167579,-0.016031,-0.017619,0.020677,-0.023497,0.290434,0.079868,0.490138,-0.21525,-0.000903,0.284597,-0.809085,0.343977,0.476501,-0.569307,-0.257057,-0.780862,-0.145071,-0.903461,0.403207,-0.011932,0.018048,0.021955,-0.199131,-0.467969,-0.756097,-1.406191,0.018482,0.053211,-0.015792,0.818066,-0.323461,0.47554,0.560871,0.265766,-0.784086,0.127239,0.908152,0.398834,0.001289,0.008478,0.010027,-0.24058,-0.805871,-0.725082,-1.003545,0.05062,0.038628,-0.050841,0.222948,0.118671,-0.967579,0.319418,0.928873,0.187524,0.921013,-0.35087,0.169185,-2.7e-05,-0.004169,0.005735,0.031795,0.33447,0.203522,0.477279
822,0.095909,-0.024808,0.312266,-0.235951,-0.09023,-0.96759,-0.381525,-0.907126,0.177574,-0.893462,0.411166,0.180818,-0.000523,-0.018199,0.021152,-0.043906,0.148301,0.067515,0.487466,-0.215585,-0.000228,0.285443,-0.81767,0.36372,0.446223,-0.551147,-0.270263,-0.789385,-0.165467,-0.891818,0.420885,0.002734,0.017757,0.020845,-0.268918,-0.845971,-0.777058,-1.406607,0.018305,0.053558,-0.015358,0.82708,-0.342629,0.445581,0.542394,0.278526,-0.79261,0.147465,0.897233,0.416204,-0.005877,0.009537,0.0115,-0.143247,-0.410982,-0.492233,-1.002729,0.05058,0.038317,-0.050491,0.235082,0.104698,-0.966319,0.331742,0.925839,0.181016,0.91361,-0.363122,0.182915,-0.007827,-0.008131,0.011137,-0.059627,0.129386,-0.014916,0.472544
823,0.095784,-0.02529,0.312982,-0.248104,-0.073415,-0.965971,-0.393415,-0.903555,0.169663,-0.884961,0.422209,0.196497,-0.015208,-0.014821,0.023951,0.008397,0.43192,0.19407,0.486316,-0.21599,0.000551,0.286296,-0.82591,0.378324,0.418013,-0.532259,-0.278295,-0.799491,-0.185075,-0.883244,0.430684,-0.011846,0.018029,0.02159,0.518301,-0.336762,-0.985948,-1.405751,0.018109,0.05395,-0.014929,0.835491,-0.358499,0.416451,0.523162,0.287122,-0.80241,0.16809,0.888278,0.427441,-0.005913,0.009233,0.011047,2.05777,-0.209869,-2.168375,-0.999463,0.050523,0.038076,-0.050133,0.247183,0.089684,-0.964809,0.343867,0.922779,0.173876,0.9059,-0.374745,0.197256,0.000221,-0.003342,0.006704,0.084396,0.573722,0.306503,0.469115
824,0.09569,-0.025668,0.313614,-0.256239,-0.060976,-0.964712,-0.405246,-0.899284,0.164423,-0.877264,0.433149,0.206924,-0.000462,-0.017979,0.021403,-0.045456,0.156241,0.038122,0.486102,-0.216569,0.001291,0.287152,-0.82761,0.394866,0.398916,-0.522745,-0.282989,-0.804108,-0.203562,-0.874486,0.440114,-0.011781,0.01809,0.021489,-0.17502,-0.554404,-0.563294,-1.406389,0.017819,0.05432,-0.014501,0.837454,-0.374145,0.398351,0.513737,0.290349,-0.807323,0.186395,0.880745,0.435367,-0.013118,0.009595,0.011681,0.038412,-0.239831,-0.004572,-0.994564,0.050471,0.03789,-0.049813,0.256749,0.076658,-0.963432,0.355899,0.9193,0.167992,0.898562,-0.386017,0.208747,0.000266,-0.003187,0.006878,-0.020744,0.089444,0.059019,0.468298
825,0.095642,-0.025804,0.313897,-0.262367,-0.057978,-0.963248,-0.405256,-0.899274,0.164454,-0.875439,0.433577,0.213645,0.000428,-0.00679,0.013266,-0.015147,0.099122,0.064437,0.486384,-0.216908,0.001648,0.287579,-0.830364,0.395835,0.392176,-0.517083,-0.284739,-0.807145,-0.206761,-0.87348,0.44062,-0.011823,0.01763,0.020875,-0.063979,-0.23393,-0.136166,-1.406116,0.017649,0.054499,-0.014287,0.840604,-0.376224,0.389666,0.50692,0.29298,-0.810675,0.190831,0.878987,0.436996,-0.013145,0.009292,0.011287,-0.083098,-0.12346,-0.337386,-0.991135,0.050446,0.03782,-0.049674,0.263008,0.07409,-0.961944,0.355889,0.919283,0.168108,0.896754,-0.38656,0.215411,0.000198,-0.003413,0.006615,-0.020594,0.085263,0.060047,0.468298
826,0.095554,-0.025993,0.314319,-0.271802,-0.050054,-0.961074,-0.41586,-0.894477,0.164141,-0.867543,0.444344,0.223504,0.000805,0.002682,0.003125,0.020886,0.220576,-0.102327,0.486384,-0.217399,0.002321,0.288313,-0.831836,0.408739,0.375463,-0.507588,-0.286271,-0.812612,-0.223593,-0.867025,0.445126,-0.012245,0.014662,0.017336,-0.078139,-0.281075,-0.169862,-1.406621,0.017409,0.054834,-0.013921,0.842289,-0.38874,0.373403,0.49752,0.294112,-0.81607,0.207417,0.873143,0.441133,0.001032,0.006596,0.007547,-0.130496,-0.404426,-0.264706,-0.984767,0.050403,0.037724,-0.049457,0.272448,0.066952,-0.959837,0.366808,0.915011,0.167943,0.889507,-0.397831,0.224734,-0.007552,-0.003081,0.006427,-0.001655,0.195397,0.049659,0.468625
827,0.095504,-0.026115,0.31457,-0.275327,-0.048824,-0.960133,-0.41587,-0.894374,0.16468,-0.866423,0.444688,0.227138,0.000279,0.000929,0.001081,-0.002466,0.104372,-0.169377,0.486482,-0.21778,0.002746,0.288816,-0.831835,0.419114,0.363849,-0.501151,-0.28511,-0.817003,-0.237611,-0.862453,0.446743,-0.013119,0.008969,0.010778,-0.093475,-0.311346,-0.226798,-1.4062,0.017214,0.055055,-0.013659,0.842284,-0.398676,0.362784,0.491642,0.292255,-0.820288,0.221004,0.869277,0.442168,-0.006591,0.004342,0.00523,-0.194322,-0.526505,-0.43359,-0.977909,0.050379,0.037662,-0.049325,0.276078,0.06582,-0.958878,0.366847,0.914907,0.168423,0.888371,-0.39826,0.22844,-0.000236,-0.004875,0.004908,-0.039511,-0.001099,-0.026642,0.468788
828,0.095471,-0.02615,0.314638,-0.276157,-0.049362,-0.959868,-0.415803,-0.894243,0.16556,-0.86619,0.444893,0.227624,-0.000715,-0.010594,0.008829,-0.034765,0.01742,-0.016116,0.486318,-0.217903,0.002869,0.288961,-0.832789,0.420185,0.360414,-0.498226,-0.284772,-0.818907,-0.240386,-0.862044,0.446046,0.00079,0.004953,0.005629,-0.015249,-0.052586,-0.037857,-1.405993,0.017149,0.055123,-0.01358,0.843457,-0.400696,0.3578,0.487892,0.292663,-0.82238,0.22481,0.86821,0.442346,0.000414,0.00263,0.002994,-0.001124,-0.040734,0.025097,-0.974643,0.050363,0.037649,-0.049294,0.276838,0.066669,-0.9586,0.366729,0.91475,0.169529,0.888183,-0.398479,0.228788,2.1e-05,8.7e-05,0.000104,0.000169,-0.00383,-0.002332,0.468625
829,0.095439,-0.026166,0.31468,-0.277192,-0.050059,-0.959533,-0.415605,-0.894131,0.166653,-0.865953,0.44504,0.228238,4e-06,1.4e-05,1.7e-05,0.0,0.0,0.0,0.486642,-0.217893,0.002985,0.289001,-0.833847,0.42337,0.354189,-0.493322,-0.283371,-0.822355,-0.246721,-0.860951,0.444697,0.014435,-0.000639,-0.001295,-0.002848,-0.050466,0.000241,-1.406132,0.017148,0.055182,-0.013559,0.84458,-0.403731,0.351688,0.483024,0.291111,-0.825797,0.23102,0.867326,0.440878,-3.9e-05,-0.000236,-0.000265,0.016416,-0.010828,-0.004162,-0.977745,0.050345,0.037636,-0.049271,0.277823,0.067469,-0.958259,0.366518,0.914625,0.170659,0.887962,-0.398632,0.229375,-1.4e-05,-4.1e-05,-4.5e-05,0.000856,-0.000228,-0.000235,0.468788
830,0.095403,-0.026166,0.314677,-0.277503,-0.05028,-0.959432,-0.415517,-0.894111,0.166984,-0.865896,0.445057,0.228422,-1e-06,-4e-06,-5e-06,0.0,0.0,0.0,0.486308,-0.217808,0.002906,0.288783,-0.834645,0.423098,0.352631,-0.490519,-0.279478,-0.825359,-0.249581,-0.862357,0.440356,-0.000994,-0.006243,-0.007102,-0.001383,0.016996,-0.023231,-1.405869,0.017196,0.055147,-0.013663,0.845262,-0.403286,0.350557,0.480574,0.286912,-0.828691,0.233621,0.868931,0.436325,-0.000583,0.002594,-0.007364,0.039668,-0.112434,0.154528,-0.975622,0.050327,0.037634,-0.049274,0.278119,0.067715,-0.958156,0.366402,0.914609,0.170991,0.887917,-0.398627,0.229559,-4e-06,-1.3e-05,-1.5e-05,0.000594,-0.000116,-0.000116,0.468462
831,0.095336,-0.026166,0.314705,-0.277512,-0.050286,-0.959429,-0.41556,-0.894086,0.167006,-0.865871,0.445105,0.22842,-0.015619,-0.007931,0.010783,-0.035762,0.032074,-0.045705,0.486213,-0.21776,0.002605,0.288297,-0.835246,0.42454,0.34946,-0.487882,-0.278701,-0.827182,-0.252703,-0.861901,0.439467,-0.001699,-0.010665,-0.012183,-0.020983,-0.049625,-0.070831,-1.405891,0.01722,0.054995,-0.013908,0.846005,-0.404602,0.347232,0.477799,0.286318,-0.830499,0.236603,0.868514,0.435545,0.006285,-0.006273,-0.007449,-0.017584,-0.067361,-0.038566,-0.974153,0.050299,0.037636,-0.049265,0.278093,0.067704,-0.958164,0.366416,0.914607,0.170973,0.88792,-0.398634,0.229538,0.0001,0.000331,0.000383,0.0004,-7.3e-05,-0.000145,0.468625
832,0.095314,-0.026173,0.314726,-0.277684,-0.050396,-0.959373,-0.415559,-0.894053,0.16719,-0.865817,0.445161,0.228518,4.3e-05,0.000142,0.000166,-0.003406,0.099743,-0.172043,0.486363,-0.217748,0.002418,0.28794,-0.835835,0.425991,0.34627,-0.485226,-0.277929,-0.829003,-0.255834,-0.861436,0.438567,-0.002234,-0.014012,-0.016053,0.000264,-0.105585,0.09793,-1.405849,0.017222,0.054905,-0.014073,0.846785,-0.405972,0.343715,0.474851,0.285707,-0.832398,0.239729,0.868076,0.434709,-0.001109,-0.007009,-0.008027,0.00186,0.029665,-0.033239,-0.972356,0.050283,0.037631,-0.049249,0.278178,0.067759,-0.958136,0.366457,0.914572,0.171072,0.887876,-0.398704,0.229583,-0.000373,-0.005352,0.004349,-0.034438,0.017292,-0.01623,0.468462
833,0.095247,-0.026147,0.314813,-0.280224,-0.052083,-0.958545,-0.415188,-0.893718,0.169883,-0.865174,0.445641,0.230012,0.000489,0.001625,0.001891,-0.0,0.0,-0.0,0.486265,-0.217705,0.00202,0.287103,-0.837949,0.431158,0.334567,-0.476644,-0.279305,-0.833507,-0.264848,-0.85842,0.439129,-0.002691,-0.016847,-0.019431,-0.01468,-0.008371,-0.077123,-1.405781,0.017248,0.054703,-0.014503,0.848872,-0.411436,0.331868,0.466226,0.286903,-0.836851,0.249097,0.865105,0.435366,-0.001456,-0.002908,-0.013758,0.041042,0.011009,-0.007304,-0.973989,0.050248,0.037641,-0.049209,0.280738,0.069673,-0.957251,0.366048,0.914204,0.173893,0.887239,-0.399218,0.231149,0.000288,0.000966,0.001123,0.000791,-0.014916,0.025583,0.468298
834,0.09518,-0.026081,0.314948,-0.28707,-0.053176,-0.956457,-0.414233,-0.893379,0.173941,-0.863377,0.446191,0.235628,-0.014095,0.005329,0.005049,0.011713,0.075874,0.005412,0.485886,-0.217837,0.001572,0.286053,-0.839215,0.436509,0.324299,-0.470736,-0.284263,-0.835186,-0.2713,-0.854081,0.443628,-0.003269,-0.007781,-0.02998,-0.075426,-0.32858,-0.315422,-1.405782,0.01718,0.054471,-0.015038,0.850094,-0.415905,0.323052,0.460962,0.291008,-0.838348,0.254662,0.86159,0.439101,-0.001638,-0.003998,-0.015111,-0.121911,-0.40304,-0.412952,-0.975459,0.050215,0.037674,-0.049142,0.287722,0.070933,-0.955083,0.365034,0.91385,0.177838,0.885418,-0.399806,0.237042,-0.007017,0.002771,0.002649,0.005003,0.049719,-0.001502,0.468135
835,0.095133,-0.026013,0.315053,-0.290613,-0.053627,-0.955361,-0.41887,-0.890543,0.17735,-0.859945,0.451775,0.237532,0.001107,0.003674,0.004267,0.000138,0.000852,0.000282,0.485993,-0.217844,0.001412,0.285487,-0.839044,0.438487,0.322067,-0.469718,-0.284822,-0.835569,-0.273575,-0.852883,0.444536,-0.003175,-0.007156,-0.029343,-0.097653,-0.555092,-0.233919,-1.40552,0.017177,0.05439,-0.015314,0.849838,-0.417121,0.322156,0.460627,0.290794,-0.838606,0.25612,0.861074,0.439265,-0.001525,-0.003295,-0.014335,0.043358,0.034003,-0.009587,-0.975949,0.050196,0.037704,-0.049093,0.29102,0.071611,-0.954032,0.369897,0.911224,0.181232,0.882316,-0.405636,0.238696,0.000197,-0.003441,0.006572,-0.037057,0.004738,-0.01666,0.467972
836,0.094971,-0.025783,0.315334,-0.29782,-0.053046,-0.953171,-0.422805,-0.887851,0.181461,-0.855535,0.45711,0.243181,0.001724,0.005717,0.006624,-0.002899,0.102053,-0.170716,0.4859,-0.217793,0.00126,0.284356,-0.837356,0.442162,0.321433,-0.471261,-0.285608,-0.834431,-0.276072,-0.850722,0.447123,-0.002747,-0.004453,-0.026326,0.042051,-0.101621,0.127203,-1.405696,0.017202,0.054309,-0.015886,0.848396,-0.422293,0.319205,0.460958,0.292869,-0.837702,0.260271,0.857843,0.443128,0.005909,-0.00262,-0.013903,0.04344,0.015814,0.012391,-0.976439,0.05011,0.037821,-0.048951,0.298233,0.071328,-0.951823,0.37397,0.908745,0.185274,0.878181,-0.411208,0.244343,-0.006824,-0.000704,0.009166,-0.039425,0.003115,-0.026548,0.468135
837,0.094712,-0.025514,0.315731,-0.303794,-0.051616,-0.951363,-0.426909,-0.885299,0.184299,-0.851382,0.462194,0.2481,-0.012684,0.009906,0.010304,-0.041419,0.131175,-0.152395,0.486053,-0.217768,0.001254,0.283345,-0.835442,0.448772,0.317226,-0.472965,-0.292845,-0.830952,-0.278934,-0.844785,0.456506,0.01256,-0.000489,-0.022302,-0.035853,-0.262348,-0.158475,-1.405489,0.017209,0.054299,-0.01639,0.846523,-0.428227,0.316257,0.46317,0.299596,-0.834095,0.262432,0.852562,0.451957,-0.001036,0.006074,-0.01397,-0.078772,-0.444999,-0.356748,-0.975785,0.049985,0.037954,-0.048754,0.304335,0.070084,-0.949982,0.378138,0.906456,0.188012,0.874294,-0.416443,0.249365,-0.006325,0.005025,0.005242,-0.151096,0.125442,-0.14039,0.467972
838,0.094367,-0.025255,0.316203,-0.307583,-0.052119,-0.950117,-0.431349,-0.882367,0.187988,-0.847773,0.467714,0.250104,-0.012623,0.010045,0.010429,-0.000834,0.000356,-0.004518,0.486043,-0.217763,0.001259,0.282698,-0.835708,0.4563,0.305573,-0.468046,-0.300454,-0.831021,-0.286308,-0.838058,0.464273,-0.001361,0.004178,-0.016253,-0.077649,-0.382275,-0.286101,-1.405423,0.017216,0.0543,-0.016724,0.847068,-0.435825,0.304189,0.45775,0.307413,-0.834243,0.270072,0.845904,0.459899,-0.000574,-0.003616,-0.004305,-0.169378,-0.499082,-0.430832,-0.985256,0.049809,0.038089,-0.048513,0.308016,0.071114,-0.948718,0.382769,0.90367,0.192009,0.870983,-0.422282,0.251125,-0.006309,0.005052,0.005256,-0.000554,-0.000301,-0.005315,0.467808
839,0.094146,-0.02516,0.316466,-0.312961,-0.052132,-0.948359,-0.430619,-0.882175,0.190544,-0.846169,0.468074,0.254819,-0.012763,0.009555,0.009848,0.018696,0.084612,0.043747,0.484992,-0.217781,0.001286,0.28249,-0.83535,0.459647,0.301508,-0.467251,-0.304476,-0.830003,-0.288631,-0.834773,0.468733,-0.000761,-0.004697,-0.005593,-0.037202,-0.10524,-0.111928,-1.405122,0.017206,0.054315,-0.016834,0.84679,-0.440038,0.29885,0.456267,0.312073,-0.833324,0.273431,0.842007,0.465036,-0.000347,0.004088,-0.005751,0.025343,-0.114739,-0.030721,-0.986726,0.049704,0.038134,-0.048383,0.313486,0.071323,-0.94691,0.38197,0.903473,0.194507,0.869381,-0.422667,0.255983,-0.006822,-0.000736,0.009097,-0.018149,0.207733,-0.136833,0.467319
