frame,MLTx,MLTy,MLTz,MLTR1,MLTR2,MLTR3,MLTR4,MLTR5,MLTR6,MLTR7,MLTR8,MLTR9,MLTTVx,MLTTVy,MLTTVz,MLTRVx,MLTRVy,MLTRVz,MLGA,MRTx,MRTy,MRTz,MRTR1,MRTR2,MRTR3,MRTR4,MRTR5,MRTR6,MRTR7,MRTR8,MRTR9,MRTTVx,MRTTVy,MRTTVz,MRTRVx,MRTRVy,MRTRVz,MRGA,SLTx,SLTy,SLTz,SLTR1,SLTR2,SLTR3,SLTR4,SLTR5,SLTR6,SLTR7,SLTR8,SLTR9,SLTTVx,SLTTVy,SLTTVz,SLTRVx,SLTRVy,SLTRVz,SLGA,SRTx,SRTy,SRTz,SRTR1,SRTR2,SRTR3,SRTR4,SRTR5,SRTR6,SRTR7,SRTR8,SRTR9,SRTTVx,SRTTVy,SRTTVz,SRTRVx,SRTRVy,SRTRVz,SRGA
2966,0.133529,-0.007641,0.382423,0.7675,-0.401973,-0.499406,0.539883,0.825336,0.165285,0.344788,-0.395972,0.85109,0.001644,-0.007333,0.027807,-0.063364,-0.068301,0.170477,-1.88991,-0.13523,0.012528,0.330758,0.534245,0.275991,0.799001,-0.621671,0.76868,0.150301,-0.573341,-0.577358,0.581206,-0.014152,0.002716,-0.013728,0.032388,0.022295,-0.034214,0.12358,0.062197,0.054032,-0.029179,-0.47525,-0.367091,0.799612,0.744151,-0.652592,0.142689,0.469441,0.662846,0.583316,-0.006374,-0.004146,-0.002771,-0.001616,0.015892,-0.030018,-0.002874,0.081331,0.04861,-0.035411,-0.739038,0.344698,-0.578795,-0.494581,-0.860979,0.118758,-0.457395,0.374028,0.806778,0.000803,-0.00367,0.013901,-0.065058,-0.06888,0.170357,-1.06425
2967,0.133444,-0.007862,0.383024,0.768226,-0.398386,-0.501161,0.536373,0.827877,0.163994,0.348616,-0.394294,0.850309,-0.012392,-0.018342,0.036793,-0.106633,0.042758,-0.057867,-1.890167,-0.135613,0.012444,0.330558,0.535553,0.275918,0.798151,-0.621644,0.768444,0.151614,-0.57215,-0.577708,0.582033,-0.027611,0.000549,-0.014106,0.030277,0.037362,-0.063348,0.1233,0.062001,0.053992,-0.029283,-0.476568,-0.36724,0.79876,0.744085,-0.652378,0.144008,0.468208,0.662975,0.58416,-0.013796,0.000247,-0.007063,0.032772,0.041208,-0.067721,-0.00418,0.081294,0.04851,-0.035122,-0.73928,0.341076,-0.58063,-0.490781,-0.863287,0.117764,-0.461084,0.372023,0.805605,0.000601,-0.004888,0.013054,-0.065282,-0.065569,0.169873,-1.0667
2968,0.133265,-0.008485,0.384211,0.767368,-0.394031,-0.505897,0.530396,0.833384,0.155321,0.359455,-0.387018,0.849138,0.000766,-0.012655,0.024125,2.74048,-0.842606,-4.717254,-1.890357,-0.136325,0.012263,0.330195,0.536197,0.276161,0.797634,-0.621888,0.76812,0.152256,-0.571281,-0.578023,0.582573,-0.012819,-0.008078,-0.005422,-0.004053,0.030469,-0.053604,0.120808,0.061656,0.053901,-0.02946,-0.477203,-0.367574,0.798227,0.744263,-0.652024,0.144692,0.467278,0.663139,0.584719,-0.006371,-0.004354,-0.002967,-0.002065,0.033518,-0.057082,-0.00663,0.081204,0.048204,-0.034537,-0.735647,0.34159,-0.584927,-0.488683,-0.865612,0.109098,-0.469054,0.366102,0.803714,0.000443,-0.005849,0.012393,0.094607,-0.148369,0.118139,-1.074374
2969,0.133023,-0.009119,0.385391,0.762939,-0.395622,-0.511325,0.53228,0.833266,0.149389,0.366024,-0.385645,0.846954,0.000671,-0.021866,0.034218,-0.105279,0.027557,-0.028065,-1.890204,-0.136896,0.012118,0.329963,0.534957,0.276752,0.798261,-0.622454,0.767897,0.151058,-0.571825,-0.578037,0.582025,-0.013095,-0.005667,-0.003373,-0.002045,0.015205,-0.029245,0.120696,0.06136,0.053825,-0.029585,-0.475792,-0.367964,0.798889,0.744796,-0.651699,0.143407,0.467867,0.663242,0.584132,-0.00655,-0.002782,-0.001634,-0.002026,0.015264,-0.029308,-0.007609,0.081078,0.047879,-0.03394,-0.732782,0.338672,-0.590196,-0.484851,-0.868432,0.103655,-0.47744,0.362114,0.800577,-0.006312,-0.005414,0.012785,-0.077462,0.034482,-0.044301,-1.076171
2970,0.132928,-0.00943,0.385979,0.762012,-0.395938,-0.512461,0.532905,0.832986,0.148725,0.367044,-0.385926,0.846385,0.000617,-0.022187,0.034007,-0.106698,0.039625,-0.05467,-1.890318,-0.137148,0.012066,0.329867,0.536633,0.276517,0.797216,-0.622309,0.767676,0.15277,-0.570411,-0.578442,0.583009,-0.013206,-0.00467,-0.002524,-1.078014,-1.668451,1.880793,0.120817,0.061244,0.053797,-0.029628,-0.475153,-0.36814,0.799188,0.745058,-0.651522,0.142851,0.4681,0.663318,0.583858,-0.006545,-0.002844,-0.001689,-0.004065,0.030507,-0.053606,-0.007936,0.081031,0.047716,-0.033633,-0.731821,0.339027,-0.591183,-0.485449,-0.868168,0.103063,-0.478305,0.362413,0.799924,0.000296,-0.011066,0.017026,-0.10959,0.041933,-0.056373,-1.080253
2971,0.13281,-0.009983,0.38708,0.759614,-0.39918,-0.513505,0.535281,0.832146,0.144844,0.368552,-0.384394,0.846426,0.000893,-0.011901,0.024659,-0.050484,0.050858,0.005129,-1.890256,-0.137556,0.012019,0.329674,0.535676,0.276955,0.797708,-0.622666,0.767583,0.15178,-0.57092,-0.578357,0.582595,-0.014603,0.006643,-0.010421,0.034413,0.00684,-0.009956,0.12001,0.061035,0.053774,-0.029724,-0.476478,-0.368281,0.798333,0.744963,-0.651343,0.144152,0.466901,0.663415,0.584707,-0.006589,-0.002479,-0.001379,-0.003974,0.03062,-0.05374,-0.008916,0.080971,0.047443,-0.033092,-0.729631,0.342617,-0.59182,-0.48744,-0.86756,0.098696,-0.479625,0.360488,0.800004,0.000394,-0.006158,0.012191,-0.067694,0.034097,-0.003871,-1.082865
2972,0.132674,-0.01029,0.387905,0.760318,-0.395743,-0.51512,0.531949,0.834424,0.144006,0.371899,-0.383011,0.845589,0.000778,-0.012589,0.024189,-0.070117,0.014624,-0.010168,-1.890363,-0.137877,0.012016,0.329456,0.534575,0.274722,0.799217,-0.622511,0.767527,0.152697,-0.572119,-0.579493,0.580285,0.000389,-0.003747,-0.003213,-0.013615,0.044932,-0.004742,0.118361,0.060869,0.053779,-0.029834,-0.475754,-0.365631,0.799982,0.744801,-0.651281,0.14527,0.467898,0.66494,0.582172,-0.007308,0.003418,-0.005124,0.036232,0.015462,-0.001323,-0.010059,0.080903,0.04729,-0.032679,-0.72985,0.338959,-0.593653,-0.483911,-0.869562,0.098436,-0.482853,0.35912,0.798676,0.000452,-0.001512,0.007166,-0.038305,0.014087,-0.019878,-1.084335
2973,0.132494,-0.010291,0.388423,0.758132,-0.395064,-0.518851,0.532976,0.833806,0.14379,0.374876,-0.385051,0.843345,-0.012463,-0.001541,0.015509,-0.227101,-0.325531,-0.195442,-1.889259,-0.138113,0.012074,0.3292,0.534107,0.2749,0.799469,-0.622406,0.767758,0.151962,-0.572672,-0.579102,0.580131,-0.001045,0.008054,-0.010683,0.036459,-0.008422,0.019258,0.117737,0.060751,0.053806,-0.029964,-0.475266,-0.365986,0.800109,0.744721,-0.651583,0.144318,0.46852,0.664448,0.582233,-0.000516,0.003999,-0.00536,0.036908,-0.009395,0.01865,-0.012508,0.080818,0.047285,-0.032417,-0.727688,0.33962,-0.595925,-0.485075,-0.869071,0.097041,-0.484944,0.359685,0.797154,0.000681,0.004115,0.0028,-0.348358,-0.632598,-0.218176,-1.083519
2974,0.132439,-0.010169,0.388582,0.757831,-0.395374,-0.519053,0.533367,0.833576,0.143674,0.374927,-0.38523,0.84324,0.001435,0.008562,0.005817,0.005465,-0.096744,0.206163,-1.889847,-0.138181,0.01211,0.329066,0.53397,0.274938,0.799547,-0.622284,0.767915,0.151669,-0.572932,-0.578875,0.5801,-0.001023,0.00784,-0.010868,0.036463,-0.00844,0.019247,0.117486,0.060718,0.053821,-0.030026,-0.47511,-0.366015,0.800188,0.744647,-0.651733,0.144022,0.468796,0.664285,0.582197,0.000207,-0.00198,-0.001698,-0.002015,0.015173,-0.024464,-0.012508,0.080784,0.04734,-0.032336,-0.727018,0.338506,-0.597376,-0.485272,-0.868823,0.098262,-0.485752,0.361329,0.795918,-0.006002,0.004943,0.003453,0.009391,0.018239,0.001486,-1.086294
2975,0.132354,-0.009941,0.388861,0.758685,-0.390168,-0.521739,0.529428,0.835915,0.144649,0.378753,-0.385476,0.841416,0.000877,-0.003381,0.014056,-0.018052,-0.111148,0.141455,-1.889581,-0.138277,0.012208,0.328763,0.533669,0.27501,0.799723,-0.621989,0.768283,0.15101,-0.573532,-0.578352,0.580029,-0.013215,-0.004782,-0.002644,-0.002045,0.015205,-0.029245,0.11739,0.060674,0.053873,-0.030182,-0.474834,-0.366027,0.800347,0.744388,-0.652173,0.143373,0.469486,0.663848,0.58214,-0.000479,0.003651,-0.005664,0.036399,-0.008466,0.019203,-0.013325,0.080743,0.047462,-0.032197,-0.727174,0.33321,-0.600157,-0.481336,-0.870846,0.099707,-0.489422,0.361381,0.793642,0.000492,0.002976,0.002019,0.079923,-0.023727,-0.129538,-1.09103
2976,0.13224,-0.009872,0.389106,0.755315,-0.39051,-0.526353,0.531384,0.834964,0.142959,0.382724,-0.387184,0.838831,0.000531,-0.005438,0.01266,0.037022,-0.402654,0.238862,-1.889699,-0.138304,0.012323,0.328441,0.532004,0.278106,0.799763,-0.626038,0.765081,0.150539,-0.570661,-0.581117,0.580097,-0.000994,0.007566,-0.011104,0.036466,-0.008479,0.019223,0.117521,0.060656,0.053927,-0.030339,-0.472627,-0.368812,0.800375,0.747872,-0.64828,0.142897,0.466165,0.666115,0.582219,0.000225,-0.002143,-0.001848,-0.001871,0.015328,-0.024325,-0.013651,0.080686,0.047496,-0.032075,-0.724127,0.334225,-0.603268,-0.483142,-0.87005,0.097906,-0.492151,0.36236,0.791505,-0.006476,-0.002267,0.006724,1.58509,-1.878417,1.237995,-1.091683
2977,0.132181,-0.009897,0.389286,0.754864,-0.390991,-0.526642,0.532048,0.834547,0.142927,0.38269,-0.387598,0.838655,0.000515,-0.005536,0.012592,-0.03702,0.010414,-0.019385,-1.889528,-0.138301,0.012373,0.328271,0.531631,0.275517,0.800906,-0.625484,0.765227,0.152088,-0.571616,-0.582153,0.578115,-0.000885,0.0065,-0.012024,-0.001642,0.099172,0.056355,0.117423,0.060657,0.053954,-0.030422,-0.472679,-0.366175,0.801554,0.747404,-0.648461,0.144509,0.466861,0.667392,0.580195,-0.000469,0.003564,-0.005742,-0.006118,0.102002,0.093058,-0.013488,0.080656,0.047486,-0.031989,-0.72288,0.334449,-0.604638,-0.483906,-0.869673,0.097487,-0.493233,0.36306,0.790511,-0.006325,0.00293,0.002074,0.006706,0.029803,-0.025612,-1.091683
2978,0.132112,-0.010041,0.389729,0.754411,-0.393735,-0.525245,0.533729,0.833711,0.141528,0.381245,-0.386614,0.839767,-0.012882,-0.004184,0.013692,0.023687,0.141578,-0.000594,-1.889718,-0.138358,0.012471,0.327897,0.531472,0.27551,0.801013,-0.625025,0.765724,0.151474,-0.572266,-0.581502,0.578127,-0.000857,0.006231,-0.012259,0.036462,-0.008488,0.019218,0.117113,0.060629,0.054003,-0.03061,-0.472543,-0.366147,0.801647,0.746977,-0.649103,0.143843,0.467684,0.666784,0.580232,0.000314,-0.002999,-0.002589,-0.001063,0.013624,-0.025288,-0.014304,0.080627,0.047411,-0.031764,-0.722816,0.337307,-0.603125,-0.485477,-0.868981,0.09583,-0.49178,0.362071,0.791868,0.000302,-0.002469,0.006498,0.043721,0.148633,0.068798,-1.092336
2979,0.131923,-0.010306,0.390349,0.754241,-0.396276,-0.523575,0.535354,0.832794,0.140794,0.379304,-0.385993,0.840931,0.00059,-0.005097,0.012887,0.080696,0.219813,0.09827,-1.890191,-0.138568,0.012555,0.327461,0.530601,0.273104,0.802414,-0.624393,0.766078,0.152289,-0.573763,-0.582167,0.575969,-0.014324,0.003802,-0.012891,0.031019,0.025657,-0.031933,0.113398,0.060523,0.054047,-0.030832,-0.472096,-0.36348,0.803123,0.746392,-0.64957,0.144764,0.469065,0.667788,0.577958,-0.007156,0.001908,-0.006438,0.040589,0.008975,-0.04139,-0.01659,0.080527,0.047278,-0.031454,-0.722842,0.339407,-0.601915,-0.487044,-0.868155,0.095359,-0.490191,0.362089,0.792845,-0.006589,-0.007208,0.011561,0.122652,0.306806,0.252821,-1.092826
2980,0.131634,-0.010678,0.391021,0.751874,-0.3943,-0.52845,0.53286,0.835393,0.134725,0.387411,-0.382391,0.838878,0.000369,-0.006403,0.012011,-0.028171,-0.065813,0.164164,-1.889854,-0.13891,0.012627,0.327056,0.530677,0.275964,0.801385,-0.628257,0.76266,0.153546,-0.569454,-0.585303,0.577066,-0.014475,0.005256,-0.011639,-1.294232,-0.247953,-0.966838,0.112901,0.060358,0.054078,-0.031033,-0.472352,-0.365611,0.802004,0.748487,-0.646893,0.145931,0.465457,0.669221,0.579216,-0.00656,-0.003463,-0.002144,-4.435184,-0.808545,-3.239645,-0.018713,0.080383,0.047094,-0.031116,-0.720082,0.338014,-0.605993,-0.483742,-0.870655,0.089177,-0.497468,0.357359,0.790454,-0.00657,-0.007068,0.011663,-0.078911,0.042775,-0.07127,-1.093479
2981,0.13145,-0.010874,0.391382,0.749497,-0.395201,-0.531146,0.533537,0.83554,0.131085,0.391061,-0.381137,0.837754,-0.012886,-0.004191,0.013688,-0.035103,0.016028,-0.021086,-1.889701,-0.139106,0.0127,0.326848,0.532656,0.275583,0.800201,-0.627673,0.762795,0.155255,-0.568249,-0.585306,0.57825,-0.014518,0.005681,-0.011273,0.034432,0.006593,-0.010102,0.112395,0.06026,0.054112,-0.031133,-0.473758,-0.366426,0.800801,0.749106,-0.645777,0.147684,0.463024,0.669852,0.580435,-0.006573,-0.002776,-0.001669,-0.00045,0.017532,-0.032033,-0.019366,0.080296,0.046994,-0.030938,-0.717399,0.33916,-0.60853,-0.484131,-0.870817,0.0854,-0.500954,0.355874,0.788921,-0.006651,-0.007533,0.011353,-0.077344,0.044872,-0.070455,-1.097398
2982,0.131094,-0.011199,0.39205,0.747783,-0.395577,-0.533276,0.533889,0.835696,0.128634,0.393847,-0.380404,0.836782,-0.012847,-0.003956,0.013845,-0.036569,0.027749,-0.04783,-1.889609,-0.139536,0.01282,0.326467,0.531763,0.275932,0.800676,-0.627593,0.763122,0.153965,-0.569173,-0.584716,0.577938,-0.014451,0.005008,-0.011863,0.018528,0.128892,-0.201494,0.112462,0.060045,0.054177,-0.031325,-0.472931,-0.366591,0.801215,0.748999,-0.646182,0.146453,0.464042,0.669372,0.580176,-0.007253,0.002851,-0.005619,0.034451,0.006577,-0.010149,-0.020183,0.080113,0.046829,-0.030599,-0.715539,0.339629,-0.610455,-0.484221,-0.871001,0.08299,-0.503521,0.354978,0.787691,-0.006425,-0.001919,0.006968,-0.0406,0.031249,-0.051132,-1.106216
2983,0.13071,-0.011283,0.392563,0.748862,-0.391773,-0.53457,0.529648,0.838596,0.127281,0.397497,-0.377958,0.836164,-0.012696,-0.0031,0.014415,-0.03549,0.016439,-0.021355,-1.889968,-0.140096,0.012816,0.326166,0.530544,0.276467,0.801299,-0.627917,0.763132,0.152592,-0.569953,-0.584451,0.577437,-0.014482,0.005302,-0.011616,0.032427,0.021989,-0.03437,0.111429,0.059765,0.054175,-0.031476,-0.471504,-0.366942,0.801895,0.749376,-0.646076,0.144984,0.464885,0.669282,0.579605,-0.006598,-0.002608,-0.001526,-0.002053,0.015216,-0.02923,-0.020836,0.079926,0.046788,-0.030348,-0.716227,0.33574,-0.611798,-0.479656,-0.873605,0.082115,-0.506901,0.352266,0.786739,0.000379,0.002253,0.001516,-0.000945,0.00077,-0.000476,-1.109155
2984,0.130541,-0.011257,0.392693,0.747471,-0.3924,-0.536054,0.530046,0.838678,0.125069,0.399575,-0.377126,0.835549,0.000592,0.003422,0.00229,0.0,-0.0,0.0,-1.889419,-0.140403,0.012785,0.326065,0.532299,0.276232,0.800215,-0.627696,0.762968,0.154309,-0.568559,-0.584775,0.578483,-0.028204,0.005354,-0.010107,0.032395,0.021665,-0.039422,0.111689,0.059617,0.054156,-0.031529,-0.473301,-0.366999,0.80081,0.749134,-0.645963,0.146724,0.463446,0.669359,0.580667,-0.006614,-0.002491,-0.001426,-0.001092,0.016694,-0.03093,-0.020999,0.079836,0.046802,-0.030276,-0.714746,0.336454,-0.613136,-0.479824,-0.873719,0.079894,-0.508828,0.351302,0.785926,-0.006362,0.002666,0.001882,-0.001758,0.004945,-0.004385,-1.107686
2985,0.130274,-0.011219,0.392869,0.744578,-0.393729,-0.539097,0.530851,0.838846,0.120441,0.403877,-0.375364,0.834273,0.000376,0.002163,0.001446,0.01477,-0.012414,0.011327,-1.889918,-0.141022,0.012676,0.325906,0.533832,0.279072,0.798206,-0.632033,0.758707,0.157579,-0.562276,-0.588962,0.580374,-0.014634,0.006869,-0.010264,0.005863,-0.039271,0.041436,0.112091,0.059297,0.054106,-0.031612,-0.474342,-0.370058,0.798784,0.752705,-0.64104,0.15,0.456544,0.672401,0.582617,-0.007315,0.003435,-0.005121,0.006364,-0.038804,0.040862,-0.020673,0.079703,0.046821,-0.030188,-0.711634,0.337988,-0.615906,-0.480146,-0.873961,0.075173,-0.51287,0.349221,0.784223,0.000177,0.001045,0.000703,0.010979,-0.009092,0.008253,-1.107849
2986,0.130169,-0.011237,0.392981,0.746911,-0.389343,-0.539056,0.525989,0.841873,0.12065,0.405918,-0.373164,0.83427,8.1e-05,-0.00805,0.010912,-0.035593,0.013076,-0.018266,-1.88961,-0.141387,0.012611,0.325836,0.532991,0.279464,0.798631,-0.632488,0.758481,0.15684,-0.562561,-0.589068,0.579989,-0.028178,0.005014,-0.010426,0.030393,0.0371,-0.063665,0.112903,0.058932,0.05404,-0.031669,-0.475158,-0.370404,0.798138,0.752958,-0.640506,0.151012,0.455277,0.67272,0.58324,-0.006662,-0.002126,-0.001114,-0.002954,0.032342,-0.055202,-0.019366,0.079651,0.046816,-0.030136,-0.713673,0.33342,-0.616036,-0.475107,-0.876644,0.075938,-0.514725,0.346878,0.784048,-0.006509,0.001789,0.001292,-0.001234,0.015835,-0.029411,-1.102787
2987,0.129772,-0.011421,0.393463,0.746196,-0.386526,-0.542064,0.522366,0.844685,0.116668,0.411855,-0.369727,0.832889,-0.013218,-0.006128,0.012384,-0.028314,-0.050129,0.13407,-1.890193,-0.142191,0.012498,0.325744,0.533811,0.279707,0.797998,-0.632868,0.75796,0.15782,-0.561355,-0.589623,0.580593,-0.028361,0.007024,-0.008691,0.0324,0.021519,-0.039499,0.115001,0.058499,0.053989,-0.031707,-0.475726,-0.370829,0.797602,0.753347,-0.639851,0.151844,0.454039,0.673108,0.583757,-0.013528,-0.002076,-0.000348,-0.002912,0.032187,-0.060462,-0.01806,0.079457,0.046724,-0.029901,-0.712516,0.330573,-0.618903,-0.470823,-0.879251,0.072405,-0.520236,0.342983,0.782122,-0.006549,-0.002685,0.006448,-0.029868,0.01794,-0.033728,-1.092989
2988,0.129642,-0.011539,0.393643,0.744658,-0.387345,-0.543593,0.523027,0.844562,0.114582,0.413794,-0.369152,0.832183,-0.000133,-0.009252,0.010115,-0.027966,-0.064604,0.164672,-1.889654,-0.143088,0.0124,0.32569,0.534275,0.280105,0.797548,-0.633476,0.757303,0.158537,-0.560226,-0.590279,0.581017,-0.01351,-0.00231,-0.000573,-0.002045,0.015205,-0.029245,0.114354,0.058264,0.053967,-0.03172,-0.474563,-0.371145,0.798148,0.753896,-0.639425,0.150914,0.454345,0.673339,0.583252,-0.006758,-0.001122,-0.000243,-0.001878,0.015444,-0.029463,-0.01806,0.079387,0.046666,-0.029804,-0.710923,0.331475,-0.62025,-0.471264,-0.879185,0.070302,-0.522012,0.342281,0.781246,-0.006762,-0.003893,0.005643,-0.038606,0.029654,-0.049116,-1.096745
2989,0.129445,-0.011878,0.394055,0.744282,-0.384192,-0.546338,0.519007,0.84752,0.110966,0.419479,-0.365661,0.830877,-1.7e-05,-0.008587,0.010563,-0.034267,0.011951,-0.017243,-1.88976,-0.143958,0.012334,0.325659,0.532685,0.280884,0.798337,-0.634388,0.756828,0.157155,-0.560707,-0.59052,0.580308,-0.013578,-0.001545,8.7e-05,-0.002045,0.015205,-0.029245,0.113553,0.057844,0.053936,-0.031736,-0.472922,-0.371626,0.798897,0.754673,-0.638822,0.149579,0.454766,0.673646,0.582569,-0.00679,-0.000768,6.3e-05,-0.002039,0.015207,-0.029215,-0.018713,0.079294,0.046495,-0.029605,-0.709908,0.328477,-0.623002,-0.4668,-0.881822,0.066976,-0.527377,0.338365,0.779346,3.6e-05,-0.003996,0.005484,-0.024724,0.004087,-0.009774,-1.10344
2990,0.129228,-0.012147,0.3946,0.745098,-0.385854,-0.544051,0.519654,0.847149,0.11077,0.41723,-0.364767,0.8324,-0.012814,-0.003788,0.013949,-0.020113,0.058922,-0.035414,-1.889823,-0.144734,0.012259,0.325609,0.530972,0.281688,0.799194,-0.635361,0.756313,0.155693,-0.561228,-0.590797,0.579522,-0.027055,-0.004349,-0.000941,-0.004089,0.030411,-0.058491,0.112406,0.057451,0.053902,-0.031757,-0.471071,-0.372138,0.799752,0.755547,-0.638133,0.1481,0.455235,0.674017,0.581774,-0.006719,-0.001635,-0.000698,-0.004031,0.030752,-0.053426,-0.01953,0.079184,0.046353,-0.029332,-0.711216,0.330255,-0.620566,-0.467446,-0.881508,0.066605,-0.525037,0.337452,0.781319,-0.006327,-0.001386,0.007315,-0.032343,0.024952,-0.016753,-1.109482
2991,0.129126,-0.012194,0.394888,0.744951,-0.386097,-0.544079,0.520144,0.846796,0.111167,0.416881,-0.365328,0.832329,0.000995,-0.002861,0.014378,-0.034239,0.002338,0.008455,-1.889191,-0.145101,0.012207,0.325576,0.532489,0.281577,0.798223,-0.635365,0.755973,0.157319,-0.559783,-0.591285,0.58042,-0.013447,-0.003183,-0.001354,-0.002045,0.015205,-0.029245,0.11156,0.057262,0.053874,-0.031774,-0.472595,-0.372286,0.798784,0.755508,-0.637797,0.149735,0.453718,0.674253,0.582685,-0.013501,-0.002512,-0.000755,-0.002783,0.032419,-0.060784,-0.020346,0.079128,0.046328,-0.029189,-0.711035,0.330344,-0.620726,-0.467988,-0.881181,0.067119,-0.5248,0.338216,0.781148,-0.0062,-0.000679,0.007783,-0.033203,-0.05673,0.13284,-1.109482
2992,0.128941,-0.01214,0.395489,0.746518,-0.391438,-0.538082,0.521288,0.846597,0.107248,0.412634,-0.360067,0.836727,-0.011738,0.002204,0.017913,0.017947,0.117802,0.018797,-1.889003,-0.145766,0.012143,0.325444,0.535802,0.281219,0.79613,-0.635084,0.755499,0.160695,-0.556934,-0.592061,0.582366,-0.014673,0.007585,-0.009693,0.005687,-0.039368,0.04138,0.112214,0.05693,0.053838,-0.031837,-0.475902,-0.372489,0.796723,0.755191,-0.637373,0.153105,0.45078,0.674541,0.584627,-0.006681,-0.002159,-0.001166,-0.10531,-0.147792,0.15653,-0.021326,0.07904,0.046352,-0.02889,-0.713638,0.335733,-0.614821,-0.46874,-0.88109,0.062945,-0.52058,0.333111,0.78615,0.000848,0.000594,0.008529,0.015936,0.099092,0.04785,-1.109318
2993,0.128741,-0.012048,0.39609,0.749593,-0.399583,-0.52772,0.522247,0.846834,0.100507,0.405804,-0.350438,0.844123,-0.011852,0.001487,0.017416,0.067952,0.30366,-0.12163,-1.888902,-0.146335,0.012119,0.325216,0.534565,0.28177,0.796766,-0.635542,0.755387,0.159405,-0.5576,-0.591942,0.58185,-0.014597,0.006616,-0.010547,0.034454,0.005976,-0.010433,0.112217,0.056645,0.053826,-0.031951,-0.474579,-0.372826,0.797355,0.755617,-0.637179,0.151806,0.45146,0.674539,0.584105,-0.006645,-0.002655,-0.001603,-0.003947,0.03089,-0.053553,-0.020999,0.078941,0.046403,-0.028586,-0.718266,0.34385,-0.604863,-0.469072,-0.881383,0.055971,-0.513871,0.323927,0.794358,0.000859,0.004878,0.003226,0.11762,0.211234,0.115631,-1.109645
2994,0.128459,-0.011988,0.396731,0.753355,-0.408981,-0.51501,0.523201,0.847159,0.092486,0.397538,-0.338615,0.852836,0.001503,-4.9e-05,0.016191,0.178988,0.40468,0.166507,-1.889326,-0.146814,0.012111,0.324952,0.533494,0.282234,0.79732,-0.635848,0.755381,0.158207,-0.558276,-0.59173,0.581418,-0.014597,0.006609,-0.01056,0.034456,0.005929,-0.010459,0.112027,0.056406,0.053821,-0.032084,-0.47344,-0.373103,0.797901,0.755911,-0.637114,0.150607,0.452163,0.674446,0.583669,-0.006643,-0.002719,-0.001667,-0.002051,0.015218,-0.029245,-0.021163,0.078795,0.046435,-0.028264,-0.72377,0.3523,-0.59333,-0.469065,-0.881826,0.048586,-0.506097,0.313476,0.803491,-0.005924,0.000767,0.008715,0.265066,0.579343,0.197175,-1.109482
2995,0.128307,-0.01199,0.397086,0.754931,-0.411757,-0.51047,0.523313,0.84732,0.090351,0.394395,-0.334828,0.855786,0.0015,-8e-05,0.016162,0.066405,0.191895,0.082732,-1.889419,-0.146972,0.012112,0.32481,0.533109,0.282391,0.797522,-0.635899,0.755439,0.157726,-0.558585,-0.591581,0.581272,-0.00093,0.007147,-0.011501,0.034527,0.006283,-0.005387,0.111926,0.056327,0.053824,-0.032153,-0.473052,-0.37319,0.798091,0.75596,-0.637167,0.150138,0.452488,0.674348,0.58353,-0.000467,0.003638,-0.005687,0.036488,-0.009286,0.018787,-0.021163,0.078723,0.046433,-0.028094,-0.726206,0.355472,-0.588441,-0.468968,-0.882019,0.045942,-0.502686,0.309324,0.807232,-0.005927,0.000747,0.0087,0.100268,0.272795,0.079651,-1.106542
2996,0.127911,-0.012061,0.397872,0.756821,-0.414322,-0.505573,0.523556,0.847283,0.089279,0.390437,-0.331744,0.858797,-0.0119,-0.00739,0.027754,-0.064426,0.042202,-0.034638,-1.890097,-0.147151,0.012098,0.324522,0.532542,0.282604,0.797826,-0.635905,0.755595,0.15696,-0.55912,-0.591281,0.581063,-0.013199,-0.006862,-0.004612,-0.004019,0.030796,-0.053399,0.112141,0.056236,0.053824,-0.032297,-0.472469,-0.373301,0.798384,0.755968,-0.637338,0.149366,0.453083,0.674125,0.583327,-0.000391,0.00265,-0.006559,0.034522,0.006283,-0.005396,-0.020836,0.07853,0.046398,-0.027706,-0.728762,0.358064,-0.58369,-0.469155,-0.881983,0.044709,-0.498796,0.306424,0.810743,-0.005919,-0.003456,0.01404,-0.085539,0.004571,-0.047905,-1.10246
2997,0.127514,-0.012101,0.398704,0.757533,-0.415972,-0.503146,0.524366,0.84678,0.089308,0.387967,-0.330963,0.860216,-0.011587,-0.005734,0.028816,-0.068827,0.020831,-0.012062,-1.889355,-0.147259,0.01197,0.324222,0.534154,0.282379,0.796827,-0.635632,0.755501,0.158507,-0.557892,-0.591508,0.582012,-0.013086,-0.008522,-0.006083,-0.004252,0.030438,-0.052974,0.111639,0.056183,0.05376,-0.032447,-0.474154,-0.373346,0.797364,0.755681,-0.637301,0.150967,0.451798,0.674136,0.584309,0.000269,-0.003546,-0.003115,1e-05,0.018602,-0.027609,-0.020999,0.078327,0.046377,-0.027285,-0.729774,0.359482,-0.58155,-0.469987,-0.881532,0.044862,-0.496528,0.30606,0.812272,-0.005801,0.001371,0.009088,-0.034998,-0.072493,0.15768,-1.102787
2998,0.127332,-0.012081,0.399145,0.757615,-0.416025,-0.502979,0.524709,0.846483,0.090096,0.387344,-0.331653,0.860231,-0.011029,0.005682,0.020061,-0.034242,0.005911,0.005474,-1.889632,-0.147308,0.011902,0.32406,0.534043,0.282418,0.796887,-0.635577,0.755589,0.158302,-0.558059,-0.591376,0.581985,-0.014336,0.002878,-0.013861,0.032484,0.021469,-0.034642,0.110203,0.056159,0.053721,-0.032526,-0.473978,-0.373372,0.797456,0.75567,-0.637373,0.150722,0.452002,0.674053,0.584247,0.000263,-0.00347,-0.003052,-0.001602,0.016201,-0.024808,-0.021326,0.078236,0.046381,-0.027063,-0.729846,0.359439,-0.581486,-0.470431,-0.881251,0.045721,-0.496001,0.306919,0.812269,-0.005596,0.002475,0.009801,-0.036609,0.014448,-0.022217,-1.10295
2999,0.127017,-0.012016,0.400054,0.75819,-0.419898,-0.498877,0.52637,0.845664,0.088084,0.383958,-0.328851,0.862821,0.002255,0.003935,0.018687,0.066066,0.17821,0.106806,-1.88896,-0.147319,0.011843,0.323769,0.534051,0.282387,0.796893,-0.635298,0.755877,0.158047,-0.55837,-0.591023,0.582046,0.000352,-0.004743,-0.004186,0.0,0.0,0.0,0.107782,0.056148,0.05369,-0.032679,-0.473957,-0.373349,0.797479,0.755445,-0.637709,0.150424,0.4524,0.673747,0.584292,-0.000412,0.002924,-0.006331,0.034531,0.006271,-0.005392,-0.025898,0.078074,0.046418,-0.026605,-0.731004,0.362975,-0.577825,-0.471884,-0.88057,0.043826,-0.492908,0.304703,0.814982,-0.005738,-0.002559,0.014591,0.079288,0.309679,0.065913,-1.103113
3000,0.12674,-0.011992,0.400874,0.757327,-0.42444,-0.496339,0.528296,0.844933,0.083445,0.383018,-0.324876,0.864743,-0.011254,0.004236,0.019052,0.039199,0.144281,0.058418,-1.889075,-0.147358,0.011865,0.323483,0.533692,0.282489,0.797097,-0.635157,0.756122,0.157442,-0.558873,-0.59066,0.581931,-0.000889,0.006607,-0.012001,0.034528,0.006265,-0.005395,0.10894,0.056129,0.053698,-0.032817,-0.47359,-0.373391,0.797678,0.755354,-0.637955,0.149836,0.452936,0.673491,0.584172,0.000153,-0.002005,-0.001773,-0.013639,0.107856,-0.166499,-0.025898,0.077941,0.046431,-0.026194,-0.730826,0.367888,-0.574935,-0.473385,-0.880007,0.038644,-0.491731,0.300408,0.817285,0.000867,0.000606,0.008457,0.051137,0.174165,0.069842,-1.100991
3001,0.126657,-0.011982,0.401268,0.757801,-0.426134,-0.49416,0.528868,0.844664,0.082532,0.381292,-0.323353,0.866075,0.001883,0.001859,0.017304,0.050847,0.163169,0.069698,-1.889283,-0.14741,0.011842,0.323362,0.533459,0.282575,0.797222,-0.635173,0.75617,0.157145,-0.559077,-0.590558,0.581839,0.000312,-0.004224,-0.003737,0.0,0.0,0.0,0.108811,0.056103,0.05369,-0.032882,-0.47334,-0.373436,0.797805,0.755367,-0.638014,0.14952,0.453175,0.673411,0.584079,-0.006636,-0.003099,-0.002034,-0.004022,0.030844,-0.053364,-0.025571,0.077898,0.046437,-0.026002,-0.731549,0.369342,-0.573081,-0.473871,-0.879778,0.037902,-0.490185,0.299293,0.818621,0.000881,-0.003518,0.013851,0.072897,0.284641,0.090695,-1.099684
3002,0.126529,-0.011916,0.40199,0.75844,-0.427729,-0.491794,0.529542,0.844269,0.08226,0.379083,-0.322278,0.867445,0.001776,0.00127,0.0169,-0.030564,0.009492,0.011187,-1.889139,-0.147551,0.011753,0.323138,0.532967,0.28277,0.797482,-0.635286,0.756192,0.156583,-0.559418,-0.590436,0.581634,-0.013309,-0.005884,-0.003794,-0.00402,0.03085,-0.053365,0.108542,0.056037,0.053648,-0.032993,-0.472861,-0.373536,0.798042,0.755459,-0.638031,0.148988,0.453523,0.673339,0.583891,0.000146,-0.001941,-0.001716,-4e-06,5e-06,-6e-06,-0.025571,0.077835,0.046471,-0.025641,-0.732696,0.371241,-0.570381,-0.474564,-0.879433,0.037221,-0.487794,0.297954,0.820535,0.000915,0.00085,0.008591,-0.044608,-0.015731,0.002538,-1.100337
3003,0.126421,-0.011853,0.4026,0.756908,-0.428724,-0.493286,0.530547,0.843796,0.080618,0.380734,-0.322194,0.866753,-0.011813,0.001031,0.016938,-0.035403,0.016941,-0.021117,-1.889377,-0.147724,0.011689,0.322978,0.532394,0.283008,0.797781,-0.635493,0.756139,0.156001,-0.559728,-0.590391,0.581382,0.000179,-0.002451,-0.002175,0.0,0.0,0.0,0.108705,0.055946,0.053611,-0.033076,-0.472214,-0.373685,0.798356,0.755671,-0.637922,0.148375,0.453844,0.673359,0.583618,-0.006719,-0.002056,-0.00111,-0.002051,0.015189,-0.029243,-0.025571,0.077777,0.046506,-0.025322,-0.731021,0.372174,-0.571922,-0.475448,-0.879019,0.035694,-0.489446,0.298012,0.81953,-0.005937,0.000408,0.008403,-0.036048,0.016622,-0.021691,-1.101807
3004,0.126412,-0.011915,0.403115,0.753771,-0.430592,-0.496452,0.532026,0.843268,0.076277,0.384865,-0.32108,0.86534,0.000637,-0.004905,0.012936,-0.03563,0.012941,-0.01829,-1.889413,-0.147978,0.011615,0.322873,0.531698,0.283317,0.798136,-0.635839,0.755978,0.155372,-0.559997,-0.59045,0.581064,-0.01349,-0.003558,-0.00174,-0.002045,0.015205,-0.029245,0.108907,0.055824,0.053577,-0.033127,-0.471495,-0.373866,0.798696,0.75597,-0.637711,0.147763,0.454094,0.67346,0.583309,-0.006734,-0.001909,-0.000981,-0.00403,0.030853,-0.053354,-0.025245,0.077773,0.046482,-0.025071,-0.727694,0.37425,-0.574801,-0.476483,-0.878631,0.031153,-0.49338,0.296553,0.817699,0.000289,-0.002569,0.006395,-0.038066,0.014929,-0.020135,-1.107849
3005,0.126446,-0.011959,0.403316,0.75358,-0.430846,-0.496522,0.532454,0.842975,0.076535,0.384649,-0.321509,0.865277,0.013962,-0.00606,0.011985,-0.033434,-0.012478,0.037993,-1.888757,-0.148153,0.011596,0.322807,0.53129,0.283499,0.798342,-0.636011,0.755915,0.154971,-0.560188,-0.590443,0.580887,0.000171,-0.002399,-0.002131,0.0,0.0,0.0,0.109216,0.055731,0.053567,-0.033159,-0.471039,-0.373984,0.79891,0.756138,-0.637608,0.147344,0.454287,0.673491,0.583122,-0.006729,-0.001988,-0.001052,-0.004035,0.030853,-0.05334,-0.024755,0.077784,0.046453,-0.024969,-0.727558,0.374482,-0.574823,-0.47694,-0.878373,0.03143,-0.49314,0.297023,0.817673,0.000324,-0.002381,0.006514,-0.026324,-0.071296,0.192675,-1.107522
3006,0.126481,-0.012007,0.403646,0.753468,-0.433115,-0.494715,0.533618,0.842364,0.075135,0.383256,-0.320057,0.866433,0.0004,-0.006186,0.01212,0.044022,0.074809,0.217013,-1.889168,-0.14859,0.011579,0.322636,0.532652,0.283438,0.797456,-0.635912,0.755727,0.156289,-0.559006,-0.590713,0.58175,-0.013453,-0.004204,-0.002323,-0.002045,0.015205,-0.029245,0.109403,0.055518,0.05356,-0.033244,-0.472433,-0.374143,0.798011,0.756001,-0.637457,0.148694,0.453065,0.673547,0.584009,-0.007318,0.003319,-0.005284,0.033244,0.022539,-0.036009,-0.024265,0.077807,0.04643,-0.024804,-0.727791,0.376488,-0.573215,-0.477895,-0.877898,0.030162,-0.491869,0.295888,0.818849,0.000136,-0.003407,0.005862,0.08716,0.2449,0.067574,-1.106379
3007,0.126486,-0.012064,0.403766,0.752686,-0.433966,-0.495158,0.534607,0.841766,0.074805,0.383413,-0.320475,0.866208,-0.000205,-0.00947,0.010037,-0.035621,0.012932,-0.018294,-1.889472,-0.149164,0.011575,0.322369,0.533845,0.283455,0.796652,-0.635781,0.755621,0.157333,-0.558017,-0.590841,0.58257,-0.014535,0.005116,-0.011942,0.032496,0.021346,-0.034705,0.108164,0.055231,0.053557,-0.033372,-0.473633,-0.374358,0.797199,0.755866,-0.637364,0.149775,0.452037,0.673515,0.584841,-0.006673,-0.002899,-0.001865,-0.000375,0.017766,-0.032181,-0.024755,0.07781,0.046405,-0.024741,-0.727009,0.377707,-0.573406,-0.479015,-0.877312,0.029441,-0.491937,0.296074,0.818741,-1.4e-05,-5.9e-05,-3.9e-05,-0.001267,-0.002412,-0.000863,-1.107032
3008,0.126463,-0.012162,0.403873,0.752282,-0.436486,-0.493555,0.535894,0.84112,0.072846,0.382412,-0.318746,0.867288,0.0,0.0,0.0,0.060247,0.115386,0.043125,-1.889095,-0.149974,0.011537,0.322056,0.53767,0.285847,0.793217,-0.63932,0.751489,0.162689,-0.550241,-0.594949,0.585775,-0.026982,-0.007871,-0.00421,-0.003933,-0.065649,0.077169,0.108177,0.05482,0.053539,-0.033534,-0.477025,-0.377353,0.793757,0.75868,-0.632719,0.155149,0.443679,0.676218,0.588113,-0.013486,-0.003954,-0.002112,-0.000163,-0.060215,0.070661,-0.025898,0.077798,0.04635,-0.024686,-0.72698,0.380262,-0.571751,-0.480127,-0.876772,0.027353,-0.490894,0.294399,0.81997,-1.1e-05,-4.7e-05,-3e-05,0.061218,0.117254,0.043914,-1.107686
3009,0.126437,-0.012172,0.403927,0.751963,-0.436837,-0.493731,0.536295,0.840876,0.072703,0.382477,-0.318907,0.8672,0.000351,0.001904,0.001207,0.002101,-0.008962,0.027382,-1.88923,-0.150491,0.011489,0.321906,0.539319,0.285712,0.792146,-0.639086,0.751346,0.16426,-0.548899,-0.595194,0.586786,-0.028164,0.003098,-0.012365,0.030454,0.036448,-0.063987,0.108603,0.054562,0.053515,-0.033609,-0.478657,-0.377497,0.792705,0.758438,-0.632626,0.1567,0.442333,0.676224,0.589119,-0.014075,0.001514,-0.006199,0.03317,0.040423,-0.068476,-0.026878,0.077784,0.04634,-0.024662,-0.726698,0.380669,-0.571839,-0.480527,-0.876559,0.027139,-0.49092,0.294506,0.819916,-7e-05,-0.004545,0.005141,-0.042233,0.000706,-0.022498,-1.107849
3010,0.126369,-0.012221,0.40403,0.751298,-0.43757,-0.494095,0.537139,0.840362,0.072417,0.382602,-0.319255,0.867017,7e-06,3.7e-05,2.3e-05,0.00844,-0.073439,0.184642,-1.889128,-0.151848,0.011303,0.321597,0.54194,0.285766,0.790335,-0.639075,0.750774,0.166903,-0.546325,-0.595891,0.588478,-0.040682,-0.009666,-0.004479,-0.006134,0.045616,-0.087736,0.108175,0.053914,0.053429,-0.033761,-0.481384,-0.377944,0.790839,0.758264,-0.632147,0.159451,0.439663,0.676423,0.590886,-0.014051,0.000946,-0.00672,0.046197,-0.068786,0.098308,-0.027041,0.077751,0.046324,-0.024612,-0.726079,0.381287,-0.572214,-0.481285,-0.876151,0.026889,-0.491094,0.294921,0.819663,-5e-06,-1.6e-05,-1e-05,-0.000115,-0.000282,-0.00013,-1.109155
3011,0.12637,-0.012271,0.404107,0.75051,-0.438411,-0.494546,0.538082,0.839795,0.071999,0.382824,-0.319592,0.866795,-0.00015,-0.009166,0.010233,-0.035639,0.01289,-0.018309,-1.889072,-0.153454,0.010994,0.321349,0.543746,0.286188,0.788941,-0.639715,0.749741,0.169076,-0.543774,-0.596988,0.589727,-0.040697,-0.010534,-0.005318,-0.008076,0.061345,-0.111803,0.109822,0.053096,0.053271,-0.033886,-0.48302,-0.378675,0.789491,0.758766,-0.631008,0.161562,0.436995,0.677077,0.592115,-0.020351,-0.005147,-0.002526,-0.006783,0.063276,-0.113961,-0.026551,0.077751,0.046297,-0.024574,-0.725216,0.382283,-0.572644,-0.482314,-0.875603,0.026288,-0.491359,0.295259,0.819382,4.4e-05,0.00025,0.000159,3.2e-05,-6e-06,-2.4e-05,-1.110625
3012,0.12637,-0.012321,0.404171,0.75001,-0.43895,-0.494826,0.538704,0.839414,0.071784,0.382926,-0.319853,0.866654,-0.000193,-0.009396,0.010088,-0.03564,0.012886,-0.01831,-1.88917,-0.154404,0.010792,0.321225,0.544398,0.286523,0.788369,-0.640221,0.749102,0.16999,-0.542523,-0.597631,0.590228,-0.040715,-0.010974,-0.005749,-0.008069,0.061347,-0.111802,0.112767,0.052641,0.053175,-0.033946,-0.483721,-0.379085,0.788865,0.759104,-0.630343,0.162564,0.43563,0.677466,0.592675,-0.020362,-0.005323,-0.002698,-0.006439,0.063787,-0.114571,-0.025245,0.077751,0.046273,-0.024541,-0.72473,0.382854,-0.572877,-0.482937,-0.875269,0.026007,-0.491464,0.295511,0.819228,1.5e-05,9.4e-05,6e-05,3e-05,-6e-06,-2.2e-05,-1.111278
3013,0.126392,-0.012395,0.40428,0.749674,-0.441381,-0.493171,0.539898,0.838808,0.069875,0.381907,-0.318092,0.867751,0.000236,0.001278,0.00081,0.008485,0.016458,0.006132,-1.889149,-0.156458,0.01035,0.321009,0.549902,0.286426,0.784575,-0.640502,0.747424,0.176206,-0.536608,-0.599775,0.593452,-0.054541,-0.011712,-0.005147,0.002925,-0.032394,0.025459,0.11927,0.051599,0.052948,-0.034058,-0.489022,-0.379945,0.785174,0.759223,-0.628589,0.168685,0.429461,0.678613,0.595857,-0.027271,-0.005744,-0.002438,-0.006527,0.081865,-0.1472,-0.018876,0.077761,0.04623,-0.024484,-0.724835,0.385461,-0.570993,-0.483968,-0.874761,0.023836,-0.490294,0.29362,0.820608,0.000128,0.000704,0.000447,-0.006588,-0.011705,-0.003574,-1.111604
3014,0.126388,-0.012493,0.404471,0.750767,-0.441073,-0.491781,0.540196,0.838381,0.072637,0.379333,-0.319638,0.868312,0.000162,0.000879,0.000557,2e-06,4e-06,1e-06,-1.888991,-0.158838,0.009906,0.32079,0.563494,0.284532,0.775569,-0.638284,0.745875,0.190258,-0.525029,-0.602597,0.600904,-0.054693,-0.010667,-0.004321,0.002334,-0.051847,0.053778,0.12575,0.050409,0.052724,-0.03417,-0.50284,-0.380337,0.776205,0.756838,-0.627514,0.182815,0.417548,0.679389,0.603393,-0.034189,-0.006431,-0.002451,-0.013296,0.089509,-0.167847,-0.011039,0.07776,0.046183,-0.024388,-0.725967,0.384919,-0.56992,-0.48458,-0.874337,0.02674,-0.48801,0.295584,0.821264,9.4e-05,0.000524,0.000331,0.001641,-0.002455,0.001166,-1.111768
3015,0.126381,-0.012549,0.40458,0.750766,-0.441112,-0.491748,0.540338,0.838268,0.072892,0.379134,-0.319882,0.868309,0.000136,-0.007619,0.011218,-0.035644,0.01286,-0.018321,-1.889516,-0.160165,0.009698,0.320691,0.572704,0.282908,0.769392,-0.635936,0.745494,0.199393,-0.517864,-0.60383,0.605862,-0.068498,-0.011379,-0.003718,0.00073,-0.017225,-0.003799,0.1261,0.049772,0.052624,-0.034218,-0.512236,-0.380255,0.770077,0.754497,-0.627598,0.191971,0.410301,0.679356,0.60838,-0.034257,-0.005316,-0.001481,0.007965,-0.025148,0.011158,-0.007936,0.077756,0.046155,-0.024339,-0.725959,0.384954,-0.569906,-0.484738,-0.874244,0.026944,-0.487864,0.295815,0.821267,-2.6e-05,-0.0043,0.005299,-0.035411,0.012548,-0.018197,-1.111931
3016,0.126322,-0.012614,0.404901,0.751315,-0.442685,-0.489491,0.540792,0.838049,0.072034,0.377399,-0.318278,0.869653,0.000608,-0.005062,0.012835,-0.035556,0.013023,-0.01826,-1.88921,-0.162677,0.009347,0.320575,0.579891,0.281575,0.764482,-0.633193,0.746133,0.205637,-0.51321,-0.603663,0.609976,-0.068649,-0.009567,-0.002226,0.000865,-0.016878,-0.004222,0.131862,0.048495,0.052444,-0.034278,-0.519475,-0.380144,0.765268,0.751954,-0.628741,0.198112,0.405844,0.678361,0.612467,-0.034332,-0.00446,-0.00078,0.003873,-0.030986,0.017962,-0.001894,0.077726,0.04612,-0.02418,-0.726843,0.386538,-0.567702,-0.485131,-0.874054,0.025997,-0.486154,0.294306,0.822822,0.000393,-0.002025,0.006738,-0.037082,-0.002765,0.006715,-1.111768
3017,0.126272,-0.012576,0.405288,0.750953,-0.443163,-0.489614,0.541531,0.837541,0.072392,0.377062,-0.318948,0.869554,0.001111,0.006005,0.003789,0.001238,-0.010555,0.026788,-1.88878,-0.165351,0.009059,0.320496,0.581729,0.281506,0.76311,-0.632173,0.74673,0.206601,-0.512387,-0.602955,0.611366,-0.068759,-0.008225,-0.001164,0.002618,-0.03265,0.019832,0.138463,0.047158,0.0523,-0.034318,-0.521268,-0.380386,0.763927,0.75107,-0.629502,0.199044,0.405181,0.677519,0.613836,-0.041256,-0.004856,-0.000586,-0.001253,-0.001661,-0.033502,0.00676,0.077706,0.046138,-0.023988,-0.726581,0.386907,-0.567787,-0.48584,-0.873649,0.026386,-0.485838,0.295025,0.822752,0.000471,-0.001599,0.007005,-0.034436,0.002181,0.008395,-1.110625
3018,0.126192,-0.012586,0.405632,0.74966,-0.445879,-0.489129,0.542721,0.837089,0.068618,0.377922,-0.316341,0.870132,-0.012309,0.006571,0.004362,0.000347,0.004353,-0.002693,-1.889506,-0.168254,0.008726,0.320406,0.580528,0.282945,0.763492,-0.63396,0.745395,0.205949,-0.511538,-0.603935,0.611109,-0.068848,-0.008632,-0.001695,-0.010223,0.076026,-0.146226,0.138776,0.045707,0.052135,-0.034361,-0.519977,-0.381578,0.764213,0.752528,-0.627934,0.198494,0.404134,0.678304,0.613659,-0.041309,-0.005153,-0.00095,-0.01345,0.107973,-0.200665,0.010026,0.077666,0.046134,-0.023809,-0.725463,0.389836,-0.567212,-0.486766,-0.873244,0.022405,-0.48658,0.292354,0.823266,0.000259,-0.002746,0.006279,-0.039611,0.008813,-0.020992,-1.109808
3019,0.126156,-0.012584,0.40579,0.749527,-0.446062,-0.489165,0.543016,0.836883,0.06879,0.377762,-0.316625,0.870099,0.000832,0.004488,0.002825,1e-06,3e-06,1e-06,-1.88951,-0.169741,0.008551,0.320381,0.582195,0.283372,0.762063,-0.634655,0.744149,0.208299,-0.508772,-0.605271,0.612095,-0.082684,-0.009001,-0.000908,-0.02292,0.093508,-0.18398,0.140445,0.044968,0.052047,-0.034374,-0.521643,-0.382261,0.762735,0.752977,-0.62662,0.200926,0.401139,0.679134,0.614706,-0.034451,-0.003891,-0.000455,-0.038694,0.032406,-0.095962,0.010842,0.077644,0.046136,-0.02373,-0.725337,0.389999,-0.567261,-0.48709,-0.873059,0.022585,-0.486445,0.292689,0.823227,0.000479,0.002621,0.001651,0.000719,-0.011114,0.026404,-1.109808
3020,0.126126,-0.012483,0.406082,0.749866,-0.447804,-0.48705,0.54356,0.836631,0.067544,0.376307,-0.314828,0.87138,-0.012206,-0.001269,0.01543,-0.029284,0.028945,-0.016697,-1.889391,-0.172617,0.008247,0.320345,0.583858,0.287131,0.75938,-0.636919,0.741925,0.209323,-0.504012,-0.606235,0.615073,-0.068994,-0.007745,-0.00114,-0.00807,0.068997,-0.150801,0.146718,0.043525,0.051895,-0.034392,-0.522626,-0.386449,0.759945,0.754866,-0.624068,0.20178,0.39628,0.679113,0.617872,-0.041396,-0.004623,-0.000616,-0.021573,0.12528,-0.20097,0.016884,0.077633,0.046185,-0.02359,-0.72608,0.39188,-0.56501,-0.487517,-0.872859,0.021097,-0.484907,0.29077,0.824813,0.000557,0.003028,0.001901,-0.006122,-0.023852,0.022649,-1.111115
