frame,MLTx,MLTy,MLTz,MLTR1,MLTR2,MLTR3,MLTR4,MLTR5,MLTR6,MLTR7,MLTR8,MLTR9,MLTTVx,MLTTVy,MLTTVz,MLTRVx,MLTRVy,MLTRVz,MLGA,MRTx,MRTy,MRTz,MRTR1,MRTR2,MRTR3,MRTR4,MRTR5,MRTR6,MRTR7,MRTR8,MRTR9,MRTTVx,MRTTVy,MRTTVz,MRTRVx,MRTRVy,MRTRVz,MRGA,SLTx,SLTy,SLTz,SLTR1,SLTR2,SLTR3,SLTR4,SLTR5,SLTR6,SLTR7,SLTR8,SLTR9,SLTTVx,SLTTVy,SLTTVz,SLTRVx,SLTRVy,SLTRVz,SLGA,SRTx,SRTy,SRTz,SRTR1,SRTR2,SRTR3,SRTR4,SRTR5,SRTR6,SRTR7,SRTR8,SRTR9,SRTTVx,SRTTVy,SRTTVz,SRTRVx,SRTRVy,SRTRVz,SRGA
92,0.143299,-0.01484,0.329122,-0.44344,0.413667,-0.795165,-0.412519,-0.88175,-0.228728,-0.795208,0.226073,0.562639,0.001607,0.077799,-0.057993,0.248469,-0.095752,0.126063,0.456059,-0.150713,0.032779,0.34362,0.362463,-0.256522,0.895995,0.533747,0.8452,0.026187,-0.764457,0.469037,0.442123,0.013426,-0.003207,0.012523,-0.023073,-0.102861,0.184122,-1.403169,0.042795,0.034689,-0.014245,-0.37227,0.205332,0.905125,-0.515249,-0.85686,-0.017535,0.771966,-0.472893,0.424781,0.013032,-0.000511,0.00647,-0.006781,-0.180875,0.207425,-0.913898,0.08287,0.018806,-0.082704,-0.45757,0.441507,-0.771815,-0.404246,-0.876416,-0.261686,-0.791968,0.192264,0.579499,0.000897,0.039267,-0.028636,0.243136,-0.11877,0.109589,0.428129
93,0.143225,-0.013309,0.328006,-0.442132,0.414275,-0.795575,-0.409131,-0.882423,-0.232196,-0.797683,0.222312,0.560631,0.001496,0.067408,-0.048928,0.207959,0.014355,-0.065862,0.455237,-0.150387,0.032746,0.343867,0.359483,-0.262451,0.895479,0.535529,0.843853,0.032465,-0.764614,0.468186,0.442752,0.013385,-0.002693,0.012882,-0.023257,-0.108926,0.214515,-1.403061,0.042953,0.034671,-0.014129,-0.369539,0.211132,0.90491,-0.517023,-0.855894,-0.011441,0.772093,-0.472087,0.425446,0.006721,-0.001795,0.00611,-0.017155,-0.122856,0.17165,-0.911939,0.082833,0.019549,-0.083241,-0.456151,0.442036,-0.772353,-0.401011,-0.876896,-0.265032,-0.794428,0.188827,0.577258,-0.00624,0.040118,-0.027784,0.246674,-0.103979,0.116533,0.429109
94,0.143126,-0.010241,0.325841,-0.433495,0.420207,-0.797216,-0.400893,-0.882166,-0.24706,-0.80656,0.21197,0.551866,0.001913,0.07959,-0.055971,0.24782,-0.101878,0.122528,0.443087,-0.149916,0.032465,0.344405,0.359116,-0.270932,0.893097,0.537346,0.842392,0.039611,-0.76351,0.46599,0.446955,0.013571,-0.005211,0.011099,-0.020982,-0.11225,0.177969,-1.403669,0.043194,0.034532,-0.013853,-0.369728,0.219889,0.902745,-0.518941,-0.854798,-0.004328,0.770714,-0.470072,0.430152,0.007362,-0.007922,0.009728,-0.055674,-0.119468,0.182423,-0.917981,0.082784,0.021111,-0.084339,-0.447602,0.448083,-0.773869,-0.392792,-0.875961,-0.280009,-0.803347,0.178637,0.568086,0.001041,0.040083,-0.027706,0.245877,-0.100796,0.121044,0.423067
95,0.143053,-0.007088,0.32361,-0.432195,0.423364,-0.796251,-0.394331,-0.882753,-0.255386,-0.810483,0.203078,0.549458,-0.012704,0.068551,-0.047491,0.212219,-0.063636,0.080949,0.427243,-0.149516,0.031938,0.345064,0.356079,-0.274826,0.893124,0.537997,0.841724,0.044645,-0.76447,0.464918,0.44643,0.014776,-0.016149,0.019274,-0.074171,-0.033545,0.20436,-1.403817,0.043394,0.034269,-0.013529,-0.36659,0.223842,0.903053,-0.519631,-0.854389,0.000838,0.771747,-0.468948,0.429526,0.007343,-0.007623,0.009947,-0.085304,0.054931,0.061555,-0.923043,0.082754,0.022696,-0.085454,-0.446455,0.451408,-0.772598,-0.386375,-0.876036,-0.288573,-0.807088,0.169678,0.565524,0.000948,0.03932,-0.028332,0.242293,-0.014231,-0.056792,0.399716
96,0.143024,-0.005665,0.322612,-0.431249,0.423695,-0.796588,-0.391015,-0.883395,-0.258248,-0.81259,0.199576,0.547626,0.00174,0.06864,-0.047296,0.212817,-0.104059,0.128588,0.424256,-0.149319,0.031668,0.345443,0.355996,-0.277432,0.892351,0.53796,0.84161,0.04717,-0.764534,0.463578,0.447712,0.001978,-0.016303,0.020282,-0.059777,-0.086382,0.130825,-1.403812,0.043497,0.034133,-0.013341,-0.366643,0.226519,0.902364,-0.519633,-0.854382,0.00334,0.771721,-0.467674,0.43096,0.006682,-0.001339,0.006436,-0.029743,-0.031612,0.028424,-0.924676,0.082733,0.023405,-0.085955,-0.445435,0.451586,-0.773083,-0.383026,-0.876586,-0.291354,-0.809245,0.166331,0.563431,-0.006174,0.03978,-0.027855,0.246078,-0.094361,0.088841,0.392695
97,0.142932,-0.002924,0.320691,-0.434724,0.429067,-0.79181,-0.385614,-0.883186,-0.266937,-0.813314,0.188749,0.550382,0.001364,0.056447,-0.039992,0.220151,0.554431,0.245912,0.422545,-0.148917,0.031164,0.346274,0.353152,-0.282274,0.891962,0.537689,0.841404,0.053517,-0.766039,0.461026,0.447775,0.01449,-0.012258,0.022035,-0.055595,-0.11739,0.184085,-1.404014,0.043699,0.033872,-0.01292,-0.36397,0.231545,0.902171,-0.519398,-0.854476,0.009759,0.773143,-0.465034,0.431268,0.007223,-0.006037,0.011077,-0.054281,-0.122332,0.180862,-0.925165,0.082689,0.024803,-0.086932,-0.447784,0.455506,-0.769417,-0.37727,-0.87641,-0.299284,-0.810651,0.156263,0.564291,0.000711,0.028182,-0.020034,0.216983,0.51621,0.221919,0.385184
98,0.142686,-0.000544,0.319066,-0.439238,0.436636,-0.785152,-0.381928,-0.881761,-0.276767,-0.812623,0.177756,0.555044,0.001133,0.04526,-0.03179,0.164366,0.345957,0.091733,0.414981,-0.148563,0.030663,0.347123,0.353106,-0.285391,0.890988,0.536734,0.841781,0.057046,-0.76673,0.458412,0.449273,0.014487,-0.01218,0.022099,-0.068966,-0.012388,0.015726,-1.403986,0.043876,0.033623,-0.012494,-0.364037,0.234701,0.901327,-0.518449,-0.855005,0.013243,0.773748,-0.462472,0.432934,0.007227,-0.00605,0.011072,-0.069073,-0.012469,0.015574,-0.92092,0.082565,0.025993,-0.087745,-0.453314,0.463959,-0.761082,-0.374081,-0.874044,-0.310012,-0.809054,0.144174,0.569775,0.000593,0.0226,-0.015919,0.166459,0.370993,0.108211,0.379958
99,0.142281,0.001139,0.317903,-0.446529,0.450958,-0.772848,-0.382361,-0.877014,-0.290891,-0.808429,0.165048,0.565003,-0.013247,0.034929,-0.022871,0.143768,0.418373,0.311237,0.403789,-0.148278,0.030355,0.347886,0.350345,-0.288408,0.891107,0.536124,0.841834,0.061809,-0.768419,0.456424,0.448411,0.001601,-0.011392,0.023755,-0.073541,0.01261,-0.007251,-1.403962,0.044018,0.033471,-0.012123,-0.361071,0.237794,0.90171,-0.517902,-0.855247,0.018157,0.775502,-0.460442,0.431959,0.006523,0.000657,0.00783,-0.02556,-0.050578,0.050728,-0.925492,0.082363,0.026833,-0.088327,-0.460697,0.477726,-0.74802,-0.374758,-0.868675,-0.323973,-0.804558,0.131073,0.579227,-0.006601,0.017467,-0.011427,0.145911,0.444296,0.328385,0.364446
100,0.142019,0.001667,0.317551,-0.45046,0.459324,-0.765606,-0.383932,-0.873796,-0.298408,-0.805495,0.158942,0.570912,-0.01359,0.023136,-0.015395,0.113853,0.359013,0.483773,0.411181,-0.148149,0.030303,0.348255,0.347681,-0.29294,0.890671,0.536094,0.841408,0.067598,-0.769646,0.454322,0.448442,0.0003,0.000589,0.016254,-0.04254,0.0247,0.025168,-1.404287,0.044078,0.03344,-0.011942,-0.358425,0.242393,0.901541,-0.517893,-0.855108,0.024011,0.776735,-0.458296,0.432025,0.0001,0.000799,0.008474,-0.032154,-0.007803,0.034626,-0.927778,0.082237,0.02709,-0.088497,-0.464592,0.485407,-0.74063,-0.376362,-0.865313,-0.331034,-0.801564,0.124949,0.584707,-0.006792,0.011471,-0.007787,0.12287,0.622454,0.418278,0.363302
101,0.141451,0.002126,0.317328,-0.452879,0.480678,-0.750929,-0.393647,-0.863454,-0.315373,-0.799428,0.152171,0.581193,-0.014055,0.001317,0.001222,0.043466,0.370141,0.443962,0.434777,-0.14806,0.030409,0.348867,0.339696,-0.305189,0.889638,0.536651,0.839647,0.083256,-0.772807,0.4495,0.447863,0.000301,0.000547,0.016195,-0.065574,0.111413,0.080392,-1.404431,0.044127,0.033498,-0.011627,-0.350795,0.254902,0.901092,-0.518554,-0.85412,0.039741,0.779771,-0.453324,0.431801,-0.000495,0.006079,0.004214,-0.013205,0.008395,0.266226,-0.928595,0.081954,0.027326,-0.088615,-0.467114,0.506243,-0.724929,-0.386384,-0.854318,-0.34763,-0.795306,0.117718,0.594668,-0.007015,0.00069,0.00065,0.060339,0.501089,0.538769,0.383387
102,0.141024,0.001948,0.317537,-0.45063,0.505708,-0.735689,-0.410714,-0.849092,-0.332158,-0.792087,0.151842,0.591243,-0.000308,-0.011285,0.007949,0.57673,0.248358,1.097878,0.449453,-0.148008,0.030566,0.349339,0.3342,-0.320686,0.886263,0.538648,0.83657,0.099716,-0.773807,0.444435,0.45118,0.013243,-0.001288,0.013806,-0.029229,-0.08844,0.227207,-1.404612,0.044148,0.033582,-0.011387,-0.345452,0.270487,0.898609,-0.520672,-0.8519,0.056266,0.780744,-0.448444,0.435126,-0.000332,0.004062,0.002804,0.018694,-0.112028,0.19377,-0.925492,0.081736,0.027243,-0.088513,-0.464769,0.529225,-0.709866,-0.403683,-0.840197,-0.362088,-0.788054,0.118274,0.604136,-0.007178,-0.005078,0.00448,1.841338,-1.115643,1.873832,0.409024
103,0.140912,0.001669,0.317776,-0.445713,0.518491,-0.729762,-0.424518,-0.840082,-0.337664,-0.787587,0.158645,0.595453,-0.000458,-0.021513,0.016922,-0.042434,0.297904,0.375521,0.454118,-0.147973,0.030651,0.349525,0.328519,-0.325608,0.886592,0.539997,0.834844,0.106642,-0.775291,0.444107,0.448951,-0.000711,0.008853,0.006108,-0.058977,0.146973,0.362881,-1.404943,0.04417,0.033618,-0.011293,-0.340939,0.275391,0.898843,-0.522067,-0.850604,0.062586,0.781796,-0.447918,0.433777,-0.000348,0.004258,0.002937,-0.101384,0.278778,0.443431,-0.923043,0.081679,0.027105,-0.088399,-0.460259,0.543345,-0.702094,-0.417846,-0.830348,-0.36868,-0.783304,0.123679,0.60921,-4.3e-05,-0.004894,0.004706,-0.001663,0.374198,0.450663,0.417188
104,0.140859,0.00099,0.318378,-0.439926,0.542323,-0.715818,-0.440961,-0.824773,-0.35394,-0.781797,0.15926,0.602874,-0.000249,-0.020134,0.018266,0.540268,0.085151,0.94273,0.456383,-0.147869,0.030917,0.349756,0.319851,-0.338895,0.884781,0.543294,0.83061,0.121873,-0.776599,0.442115,0.448655,-0.000526,0.006519,0.004485,-0.090781,0.193564,0.594055,-1.405058,0.044222,0.033754,-0.011175,-0.33329,0.288794,0.897505,-0.525522,-0.847245,0.077468,0.782779,-0.445839,0.434146,0.006035,0.004363,0.002455,-0.180301,0.508081,0.620514,-0.922226,0.081653,0.026764,-0.088098,-0.454746,0.565771,-0.687829,-0.434709,-0.815058,-0.383024,-0.777324,0.124827,0.61659,-6.3e-05,-0.009786,0.009374,1.898087,-0.417519,2.059994,0.427476
105,0.140915,0.000125,0.319057,-0.446816,0.566082,-0.692785,-0.45122,-0.811208,-0.371906,-0.771972,0.145716,0.618751,-0.0008,-0.023801,0.01476,-0.021866,0.840275,0.685445,0.450308,-0.147823,0.031165,0.349897,0.303001,-0.35238,0.885444,0.546108,0.825585,0.141808,-0.781348,0.440997,0.441452,-0.000363,0.004485,0.003079,-0.060972,0.139169,0.324322,-1.405452,0.044245,0.03388,-0.011103,-0.314493,0.303004,0.899601,-0.528551,-0.843086,0.099191,0.788497,-0.44429,0.425297,-0.000177,0.002155,0.001478,-0.033647,0.072058,0.283053,-0.923859,0.081682,0.026341,-0.08775,-0.460783,0.588405,-0.664423,-0.444882,-0.80092,-0.400756,-0.767957,0.110928,0.630821,0.006738,-0.011909,0.007392,-0.012168,0.830093,0.983066,0.425353
106,0.14097,-0.000441,0.319403,-0.45412,0.58103,-0.675444,-0.458577,-0.802359,-0.381969,-0.763325,0.135555,0.631654,-0.00079,-0.023758,0.014813,-0.019428,0.931591,0.775774,0.448167,-0.147815,0.031287,0.349932,0.289636,-0.359859,0.886907,0.552167,0.81965,0.152378,-0.782139,0.446014,0.434963,-0.001615,0.01577,-0.004917,-0.028766,0.133418,0.380058,-1.405283,0.04425,0.033939,-0.011087,-0.301137,0.310687,0.901548,-0.534791,-0.837783,0.11008,0.789502,-0.448991,0.41844,-0.0008,0.007762,-0.002542,0.003955,0.051789,0.331467,-0.923533,0.081709,0.026056,-0.08758,-0.468291,0.602726,-0.646083,-0.452547,-0.791637,-0.410499,-0.758883,0.10015,0.643479,0.006476,-0.018313,0.010654,-0.046753,1.048302,0.859767,0.421597
107,0.140929,-0.001584,0.320084,-0.465022,0.623718,-0.628312,-0.483368,-0.773405,-0.410087,-0.741146,0.112225,0.661918,-0.015403,-0.034948,0.022867,-0.041747,1.577978,0.879207,0.444581,-0.147721,0.031525,0.349979,0.260351,-0.376258,0.889179,0.568515,0.804042,0.1739,-0.780683,0.460684,0.422099,-0.000312,0.003827,0.002622,4.824136,1.110139,2.899587,-1.405251,0.044296,0.034056,-0.011065,-0.275264,0.325661,0.904529,-0.546752,-0.826929,0.131336,0.790753,-0.458401,0.40568,0.006151,0.002801,0.001378,-0.12405,0.29721,0.499046,-0.920593,0.081694,0.025488,-0.087243,-0.478736,0.643058,-0.597735,-0.477884,-0.761993,-0.437025,-0.736503,0.076429,0.672101,-0.000514,-0.012621,0.006703,-0.017733,1.147272,0.870482,0.417025
108,0.140746,-0.002702,0.320718,-0.479919,0.669812,-0.566636,-0.509045,-0.738567,-0.442001,-0.713965,0.07548,0.696121,-0.000949,-0.024801,0.013854,0.011084,1.753664,1.283158,0.44577,-0.147612,0.031695,0.350026,0.245959,-0.384197,0.889881,0.569567,0.800083,0.188131,-0.784555,0.461032,0.41447,-0.000155,0.001896,0.001297,-0.03177,0.029952,0.254981,-1.405378,0.044351,0.034144,-0.011039,-0.258264,0.335788,0.905839,-0.552909,-0.820274,0.14643,0.792206,-0.46303,0.397507,-7.1e-05,0.000864,0.000592,-0.0051,-0.033805,0.215585,-0.925329,0.081597,0.024922,-0.086925,-0.493645,0.686243,-0.534213,-0.504224,-0.726337,-0.46711,-0.708571,0.038777,0.704572,-0.007764,-0.017722,0.011207,-0.043847,1.676791,0.932355,0.415066
109,0.140527,-0.003714,0.321328,-0.489095,0.715342,-0.499116,-0.537221,-0.697793,-0.473762,-0.686579,0.035526,0.726205,-0.00081,-0.023848,0.014791,-2.544913,-1.117998,5.042247,0.436051,-0.147435,0.031755,0.350063,0.24005,-0.388985,0.889415,0.570294,0.797879,0.19516,-0.785848,0.460844,0.412223,0.012637,0.001425,-0.00011,0.000466,-0.010609,0.032199,-1.404703,0.044434,0.034174,-0.011021,-0.25292,0.340684,0.905519,-0.553809,-0.818422,0.153231,0.793301,-0.46273,0.395669,-2e-06,5e-06,2e-06,0.02331,-0.127966,0.15408,-0.926962,0.081487,0.024406,-0.086616,-0.504809,0.729135,-0.462091,-0.532771,-0.684349,-0.497815,-0.679207,-0.005113,0.733928,-0.000439,-0.011685,0.00739,-2.525704,-1.070821,5.074859,0.409187
110,0.140462,-0.004076,0.321574,-0.492456,0.733737,-0.468149,-0.546358,-0.679249,-0.489985,-0.676904,0.013563,0.735965,-0.000622,-0.022607,0.015995,2.430172,0.56837,1.818273,0.429854,-0.147366,0.031737,0.350068,0.234396,-0.390849,0.890105,0.570133,0.796825,0.199882,-0.787663,0.461093,0.408465,8.6e-05,-0.001044,-0.000714,-0.167828,0.485422,0.311936,-1.404959,0.044469,0.034167,-0.011016,-0.250082,0.342341,0.905682,-0.55392,-0.817791,0.156167,0.794122,-0.462622,0.394145,6.5e-05,-0.000797,-0.000546,0.006254,-0.0036,-0.035975,-0.926472,0.081454,0.024232,-0.086501,-0.507742,0.746067,-0.430791,-0.544542,-0.665413,-0.510586,-0.667586,-0.024662,0.744123,-0.000158,-0.005618,0.004032,0.02776,1.637403,0.993416,0.402656
111,0.140409,-0.004544,0.321959,-0.497372,0.761781,-0.415158,-0.565026,-0.647504,-0.511327,-0.657723,-0.020697,0.752993,-8.8e-05,-0.009835,0.009418,-0.038096,1.174901,0.895853,0.415585,-0.147295,0.031685,0.350027,0.231461,-0.393024,0.889916,0.570399,0.795788,0.203225,-0.788334,0.461037,0.407231,0.000201,-0.002422,-0.001658,-0.008977,0.025747,0.016551,-1.404445,0.044509,0.034142,-0.011037,-0.244378,0.344913,0.906263,-0.55397,-0.81673,0.161457,0.795861,-0.462587,0.390663,7.4e-05,-0.00091,-0.000624,0.01459,-0.100466,0.17193,-0.921736,0.081428,0.023993,-0.086306,-0.511088,0.771861,-0.378178,-0.56208,-0.633,-0.53233,-0.650272,-0.059501,0.757367,0.006967,-0.006092,0.003616,-0.209839,0.55138,0.881842,0.384857
112,0.140539,-0.004731,0.322162,-0.495626,0.77841,-0.385329,-0.579368,-0.626752,-0.521043,-0.646481,-0.035968,0.762099,0.00031,0.002045,0.00197,0.024344,0.518225,0.320962,0.395551,-0.1473,0.031629,0.349966,0.228638,-0.39391,0.890254,0.570343,0.795239,0.20552,-0.789195,0.46123,0.405342,0.000112,-0.001359,-0.000931,-0.014602,0.041748,0.026845,-1.404514,0.044507,0.034109,-0.011071,-0.241667,0.345813,0.906647,-0.553925,-0.816312,0.163708,0.79672,-0.462652,0.38883,8.3e-05,-0.000984,-0.000673,-0.010417,0.035035,0.022997,-0.920594,0.081492,0.023896,-0.0862,-0.509643,0.787735,-0.346028,-0.57728,-0.611288,-0.541363,-0.637974,-0.076147,0.766283,0.000197,0.001324,0.001281,0.029101,0.616551,0.383453,0.361506
113,0.140589,-0.00473,0.322262,-0.499083,0.78153,-0.374397,-0.581998,-0.622334,-0.523403,-0.641441,-0.044301,0.76591,0.000562,0.003707,0.00357,0.025913,0.514925,0.352662,0.384933,-0.147307,0.031593,0.34993,0.228648,-0.393783,0.890307,0.57033,0.795277,0.205408,-0.789202,0.461272,0.405281,0.000171,-0.00207,-0.001419,-0.000251,0.000718,0.000462,-1.404535,0.044503,0.034091,-0.011089,-0.241855,0.34568,0.906647,-0.553955,-0.816338,0.163475,0.796642,-0.462705,0.388927,0.000107,-0.001287,-0.000883,0.00352,-0.008895,-0.005607,-0.924839,0.081517,0.023893,-0.086154,-0.51268,0.789881,-0.33652,-0.579536,-0.607556,-0.54315,-0.633479,-0.083436,0.769247,0.000262,0.001744,0.00168,0.03316,0.622674,0.412435,0.347627
114,0.140625,-0.004623,0.322492,-0.488781,0.793081,-0.363538,-0.593615,-0.607632,-0.527613,-0.638736,-0.043077,0.768236,0.000867,0.005724,0.005502,0.773623,0.055326,0.156639,0.36928,-0.147265,0.031542,0.349856,0.228643,-0.393699,0.890346,0.57037,0.795272,0.205315,-0.789174,0.461352,0.405243,0.000257,-0.003098,-0.002124,-0.001938,0.015064,-0.024489,-1.404651,0.044524,0.034067,-0.011125,-0.241954,0.345587,0.906657,-0.553999,-0.81634,0.163318,0.796581,-0.462772,0.388972,0.000129,-0.001551,-0.001066,-0.002188,0.014826,-0.02472,-0.929901,0.081535,0.023946,-0.086038,-0.502954,0.801507,-0.323452,-0.592327,-0.592168,-0.546336,-0.629431,-0.083193,0.772589,0.000542,0.003544,0.003391,2.57747,-0.525197,0.889618,0.323296
115,0.140625,-0.004462,0.322902,-0.483497,0.801243,-0.352541,-0.60306,-0.596742,-0.529329,-0.633903,-0.044327,0.772159,0.001267,0.008368,0.008018,0.006815,0.284891,-0.023798,0.360701,-0.14721,0.03146,0.349796,0.223118,-0.393813,0.891696,0.569712,0.79488,0.208632,-0.791221,0.46193,0.400566,0.000135,-0.001623,-0.001114,-0.142233,0.407194,0.261878,-1.404244,0.044552,0.034023,-0.011157,-0.238671,0.345633,0.907509,-0.5536,-0.816218,0.165269,0.797848,-0.462953,0.386151,8e-05,-0.000956,-0.000658,-0.162779,0.468051,0.301274,-0.931207,0.081535,0.024026,-0.085835,-0.497251,0.809355,-0.312545,-0.601465,-0.581197,-0.548132,-0.625284,-0.084575,0.7758,0.000501,-0.001304,0.008181,-0.022703,0.220199,0.142876,0.305171
116,0.14048,-0.004418,0.323522,-0.484398,0.807813,-0.335922,-0.610425,-0.587071,-0.531695,-0.626124,-0.053506,0.777903,-0.013024,-0.000434,0.01834,-0.013907,0.412782,0.223166,0.35632,-0.147109,0.031392,0.349717,0.207707,-0.39846,0.893353,0.582932,0.783745,0.214167,-0.785746,0.476755,0.393917,0.012833,-0.00073,-0.001593,4.841944,1.446145,2.384906,-1.404335,0.044598,0.033989,-0.011196,-0.223975,0.349302,0.909847,-0.562141,-0.808921,0.172173,0.796135,-0.4729,0.377535,9.9e-05,-0.001178,-0.000807,-0.144644,0.396566,0.253612,-0.93186,0.081463,0.024053,-0.085519,-0.498084,0.815144,-0.295721,-0.608941,-0.571604,-0.549961,-0.617334,-0.093851,0.781082,-0.006507,-0.00015,0.009242,-0.013173,0.422703,0.229594,0.29619
117,0.140311,-0.004485,0.323937,-0.48857,0.809844,-0.324803,-0.612873,-0.583408,-0.532911,-0.620467,-0.062314,0.78177,0.000964,-0.01214,0.026004,-0.046125,0.434439,0.248089,0.349683,-0.147011,0.031357,0.349685,0.199715,-0.400433,0.894292,0.587034,0.779588,0.218103,-0.784753,0.481899,0.389614,0.012832,-0.000696,-0.001571,-0.069084,0.18752,0.159677,-1.404318,0.044647,0.033972,-0.011212,-0.213079,0.352707,0.91115,-0.571023,-0.801671,0.17679,0.792798,-0.482617,0.372223,9.7e-05,-0.001164,-0.000799,-0.085954,0.243924,0.156972,-0.931207,0.081379,0.024024,-0.085322,-0.50212,0.816645,-0.284545,-0.611412,-0.567927,-0.551029,-0.611596,-0.102709,0.784474,-0.006434,0.000347,0.009706,-0.010357,0.635147,0.12748,0.291781
118,0.139869,-0.004945,0.325018,-0.485561,0.823322,-0.29397,-0.629729,-0.562578,-0.535649,-0.605795,-0.075998,0.792,-0.013549,-0.022351,0.034996,-0.056491,0.825484,0.420345,0.340182,-0.146742,0.031346,0.349595,0.189118,-0.404916,0.894577,0.596108,0.771218,0.223187,-0.780511,0.491539,0.386076,0.000196,-0.002326,-0.0016,4.928913,1.275791,2.160917,-1.404064,0.044786,0.033968,-0.011256,-0.204631,0.356259,0.911704,-0.575662,-0.797112,0.182274,0.791667,-0.487535,0.368199,0.00645,-0.000713,-0.001039,0.011886,-0.091628,0.182545,-0.930064,0.081163,0.023801,-0.084782,-0.498624,0.828679,-0.254289,-0.628335,-0.547627,-0.552538,-0.597133,-0.11573,0.793749,-0.006614,-0.005444,0.013567,-0.008349,1.20828,0.461204,0.277412
119,0.139195,-0.005834,0.326353,-0.486988,0.834693,-0.257246,-0.646034,-0.542374,-0.537068,-0.587212,-0.096399,0.803689,-0.013809,-0.023904,0.033528,-0.040106,1.069138,0.330711,0.348361,-0.146401,0.031456,0.349451,0.177999,-0.408544,0.895209,0.600431,0.765778,0.230218,-0.779797,0.49702,0.380461,-0.001189,0.010269,-0.008685,0.007635,0.108512,0.097823,-1.40412,0.044952,0.034016,-0.011326,-0.191563,0.361202,0.912598,-0.584764,-0.788772,0.189444,0.78826,-0.497365,0.362317,0.005756,0.005604,-0.004571,0.11665,0.168171,0.207776,-0.927125,0.080827,0.023359,-0.084113,-0.499606,0.83853,-0.217396,-0.644912,-0.527597,-0.552928,-0.578344,-0.136045,0.804368,-0.01403,-0.011458,0.017218,-0.032468,1.181095,0.353389,0.273656
120,0.138758,-0.006404,0.327049,-0.486765,0.839868,-0.240262,-0.654343,-0.532707,-0.536685,-0.578136,-0.105075,0.809163,-0.028375,-0.024973,0.032464,-0.046336,1.097357,0.040448,0.359005,-0.146214,0.031586,0.349358,0.172592,-0.41076,0.895254,0.605111,0.761309,0.232775,-0.777384,0.502043,0.378801,0.012688,0.001039,-0.000383,-0.023018,0.054508,0.074241,-1.404068,0.045045,0.034084,-0.011377,-0.185907,0.363551,0.912835,-0.58959,-0.784465,0.19235,0.786016,-0.502439,0.360183,-0.000625,0.005506,-0.004086,0.020591,0.041029,0.052676,-0.926635,0.080614,0.023077,-0.083762,-0.499171,0.843149,-0.199815,-0.653503,-0.517747,-0.55215,-0.568999,-0.145038,0.809445,-0.014291,-0.017631,0.020758,-0.076142,1.131951,0.058203,0.282147
121,0.137792,-0.007501,0.328356,-0.487347,0.846315,-0.215151,-0.665294,-0.519379,-0.536286,-0.565012,-0.119276,0.816432,-0.028579,-0.025888,0.031608,-0.053744,0.855375,-0.108985,0.371954,-0.145823,0.031947,0.349049,0.155858,-0.413319,0.897144,0.608805,0.75535,0.242356,-0.778012,0.508905,0.368206,0.011529,0.010822,-0.009395,-0.180246,0.579578,0.439024,-1.404191,0.045241,0.034264,-0.011526,-0.171931,0.366366,0.914447,-0.593816,-0.779209,0.200537,0.786016,-0.508535,0.351524,0.005789,0.005198,-0.004846,0.000177,0.090186,0.122975,-0.926472,0.080131,0.022527,-0.08311,-0.499608,0.84848,-0.174563,-0.664535,-0.504674,-0.551086,-0.555683,-0.159324,0.815985,-0.007145,-0.01321,0.015614,-0.05764,0.80657,-0.078836,0.301579
122,0.13686,-0.008424,0.329518,-0.47863,0.852283,-0.21112,-0.669741,-0.509801,-0.539928,-0.567212,-0.118094,0.815077,-0.014032,-0.015718,0.022551,-1.173248,-2.762269,4.134135,0.359055,-0.145506,0.032349,0.348656,0.136672,-0.415962,0.899048,0.616819,0.745823,0.251429,-0.775275,0.520683,0.357352,-0.001071,0.008797,-0.009683,-0.1672,0.549826,0.381921,-1.404227,0.0454,0.034462,-0.011718,-0.152534,0.369336,0.916692,-0.602058,-0.770294,0.210172,0.783747,-0.519844,0.339857,0.005199,0.010146,-0.009307,0.060082,0.033005,0.077024,-0.927288,0.079659,0.022059,-0.082528,-0.496245,0.851554,-0.169102,-0.666265,-0.498416,-0.554681,-0.556625,-0.162592,0.814697,-0.007239,-0.013693,0.01517,0.136495,0.18128,-0.413877,0.308437
123,0.136378,-0.009255,0.33053,-0.471054,0.856205,-0.212286,-0.672065,-0.504151,-0.542338,-0.570798,-0.11387,0.813172,-0.014483,-0.027413,0.030278,-0.106979,0.059488,-0.081559,0.316797,-0.145228,0.032741,0.348189,0.128278,-0.417769,0.899447,0.621736,0.740389,0.255347,-0.772766,0.526962,0.353563,0.011769,0.007969,-0.011353,0.023084,0.027974,0.047884,-1.404765,0.045538,0.034664,-0.011954,-0.141656,0.371293,0.917646,-0.606773,-0.765002,0.215864,0.782151,-0.526224,0.333657,-0.000468,0.003715,-0.005312,0.0407,-0.011135,0.018209,-0.934637,0.079418,0.021649,-0.082024,-0.48387,0.85837,-0.170497,-0.671582,-0.48912,-0.55654,-0.561112,-0.154791,0.813137,7.9e-05,-0.0085,0.010744,-0.076209,0.015732,-0.011375,0.266798
124,0.1362,-0.009644,0.331048,-0.47287,0.855928,-0.209346,-0.672924,-0.504103,-0.541318,-0.56828,-0.116169,0.81461,0.000368,-0.015821,0.02255,-0.059461,0.087449,0.032197,0.30017,-0.145129,0.032946,0.347907,0.125323,-0.418172,0.899676,0.622066,0.739475,0.257185,-0.772981,0.527926,0.351649,-0.000873,0.006554,-0.011223,-0.004059,0.101466,0.091111,-1.404404,0.045593,0.034766,-0.012096,-0.139165,0.371759,0.917838,-0.607195,-0.764212,0.217469,0.782269,-0.527043,0.332082,0.005939,0.003462,-0.006041,-0.012536,0.122818,0.109747,-0.9348,0.079323,0.021446,-0.081765,-0.485708,0.857954,-0.167339,-0.672503,-0.489063,-0.555478,-0.558414,-0.157265,0.814518,-0.006963,-0.007383,0.011743,-0.061722,0.11676,-0.024913,0.242304
125,0.13592,-0.010151,0.332211,-0.474706,0.857038,-0.200465,-0.675986,-0.500802,-0.540567,-0.563096,-0.122169,0.817328,-0.012645,-0.00712,0.030584,-0.035669,0.270747,0.099774,0.275842,-0.144902,0.033276,0.347402,0.125008,-0.419227,0.899229,0.623479,0.738146,0.257582,-0.771893,0.528951,0.352499,-0.000835,0.006126,-0.011516,0.036461,-0.008712,0.019115,-1.404401,0.045706,0.03493,-0.012349,-0.13893,0.372844,0.917434,-0.608669,-0.762922,0.217878,0.781165,-0.528144,0.332931,0.00596,0.003233,-0.006198,0.036886,-0.011132,0.022252,-0.936106,0.079187,0.021182,-0.081194,-0.487357,0.858617,-0.158932,-0.675519,-0.486059,-0.554453,-0.553314,-0.162855,0.816897,0.000901,-0.00344,0.015456,-0.020631,0.334691,0.212829,0.199685
126,0.136039,-0.010259,0.333298,-0.478218,0.857891,-0.188085,-0.681866,-0.497577,-0.536141,-0.55295,-0.129215,0.823151,0.00197,0.00299,0.021382,0.004201,0.416373,0.24208,0.27141,-0.144754,0.03352,0.346893,0.119216,-0.419424,0.899924,0.623722,0.736778,0.260889,-0.772604,0.530701,0.348284,0.011959,0.005856,-0.012815,-0.071463,0.282685,0.215727,-1.404537,0.045775,0.035053,-0.012602,-0.134463,0.373153,0.917973,-0.609142,-0.761806,0.220445,0.781578,-0.529535,0.329738,-0.000361,0.002545,-0.006119,-0.157723,0.490283,0.31069,-0.936923,0.079242,0.021132,-0.080638,-0.49069,0.85878,-0.147374,-0.68125,-0.483569,-0.549598,-0.543249,-0.169284,0.822327,0.001058,0.00205,0.011204,-0.018142,0.730776,0.231285,0.183193
127,0.136148,-0.010255,0.33372,-0.48129,0.858101,-0.179079,-0.68464,-0.495491,-0.534537,-0.546827,-0.135735,0.826187,0.016003,0.000655,0.019264,0.05218,0.671651,0.234691,0.26974,-0.144689,0.033606,0.346675,0.116333,-0.419504,0.900264,0.62373,0.736174,0.26257,-0.773033,0.531477,0.346143,0.01194,0.006085,-0.012659,-0.005638,0.104988,0.098887,-1.403961,0.045807,0.035096,-0.012712,-0.130113,0.373239,0.918565,-0.608894,-0.761241,0.223065,0.782507,-0.530286,0.32631,-0.000376,0.002704,-0.00601,-0.01105,0.131659,0.077319,-0.937576,0.079292,0.021137,-0.080425,-0.493483,0.858574,-0.139011,-0.683954,-0.481808,-0.547783,-0.537289,-0.175245,0.82499,0.000657,-0.004915,0.014029,0.035909,0.6843,0.370428,0.178784
128,0.136293,-0.010145,0.334352,-0.490072,0.85667,-0.161218,-0.688474,-0.493759,-0.531203,-0.534066,-0.150404,0.831973,0.001703,0.010446,0.009631,0.048868,0.421233,0.045161,0.26969,-0.144629,0.033705,0.346275,0.11343,-0.419475,0.900648,0.624043,0.735383,0.264038,-0.773208,0.532593,0.344029,-0.000738,0.005072,-0.012252,0.033351,0.009635,-0.003214,-1.404122,0.045842,0.035144,-0.012912,-0.127188,0.373282,0.918957,-0.609268,-0.760494,0.224588,0.782697,-0.531327,0.324154,0.000265,-0.002807,-0.001957,0.007289,-0.015797,-0.010195,-0.937902,0.079371,0.021195,-0.0801,-0.502417,0.856438,-0.118702,-0.688169,-0.47921,-0.544775,-0.52345,-0.192017,0.830137,0.000828,0.005155,0.00475,0.046286,0.397403,0.028326,0.174539
129,0.136434,-0.009783,0.334768,-0.489574,0.858981,-0.150046,-0.692407,-0.487483,-0.531889,-0.529425,-0.157579,0.83361,0.002125,0.022099,0.001788,0.034555,0.214682,-0.276165,0.265041,-0.144603,0.033682,0.345949,0.1134,-0.419243,0.90076,0.624536,0.735106,0.263644,-0.772814,0.53316,0.344037,0.00062,-0.006754,-0.004716,-0.00198,0.01534,-0.024314,-1.403722,0.045855,0.035139,-0.013078,-0.127364,0.373065,0.919021,-0.609828,-0.760196,0.224077,0.782232,-0.531905,0.324327,-0.000361,0.002523,-0.006139,0.034349,0.00608,-0.005604,-0.937902,0.07944,0.021373,-0.079895,-0.501907,0.858254,-0.107178,-0.692196,-0.47288,-0.545204,-0.518607,-0.199454,0.831423,0.001063,0.01108,0.000928,0.023506,0.143695,-0.323815,0.16964
130,0.13668,-0.009285,0.335141,-0.480784,0.864868,-0.144554,-0.699088,-0.477515,-0.53219,-0.52871,-0.155892,0.83438,0.016082,0.010619,0.00976,-0.801062,-2.86693,4.495774,0.260952,-0.144522,0.033515,0.345707,0.113571,-0.416171,0.902162,0.624719,0.735908,0.260961,-0.772642,0.534456,0.342409,0.00069,-0.007501,-0.00525,-0.001059,0.01925,-0.029696,-1.403862,0.045895,0.035056,-0.013198,-0.127487,0.36986,0.920298,-0.609971,-0.760895,0.221299,0.7821,-0.533143,0.322608,0.000334,-0.003584,-0.00251,-9e-06,0.025054,-0.03766,-0.938229,0.079563,0.021622,-0.079708,-0.494621,0.86309,-0.1021,-0.698022,-0.464493,-0.544987,-0.517798,-0.198294,0.832204,0.007857,0.00567,0.00471,-0.793657,-2.874605,4.492215,0.164415
131,0.136782,-0.00906,0.335361,-0.482378,0.86445,-0.141715,-0.698977,-0.477283,-0.532544,-0.527403,-0.158912,0.834638,0.001709,0.001568,0.019862,-0.031506,0.00025,0.04065,0.258835,-0.144446,0.033409,0.345603,0.110776,-0.41589,0.902638,0.624231,0.735766,0.262523,-0.773438,0.53487,0.339958,0.01332,-0.005702,-0.005121,-0.034359,0.093028,0.06642,-1.403919,0.045929,0.035001,-0.01325,-0.124631,0.369642,0.920777,-0.609441,-0.760839,0.222945,0.782973,-0.533374,0.320099,0.000304,-0.003248,-0.002278,-0.043234,0.125826,0.050115,-0.938555,0.079613,0.021732,-0.079607,-0.494666,0.863407,-0.099162,-0.698781,-0.462976,-0.545304,-0.516729,-0.200451,0.832351,0.000942,0.005852,0.005342,-0.006315,0.070401,-0.158873,0.161475
132,0.13693,-0.008644,0.335822,-0.478704,0.867934,-0.132582,-0.704669,-0.469812,-0.531686,-0.523169,-0.162178,0.836672,0.001914,0.011912,0.01081,-0.208187,0.230695,0.129755,0.258027,-0.144318,0.033171,0.345403,0.110789,-0.415574,0.902782,0.624221,0.735867,0.262262,-0.773444,0.534975,0.339777,0.000737,-0.007969,-0.005599,-0.001989,0.015368,-0.024295,-1.404025,0.045997,0.034885,-0.013349,-0.124675,0.369357,0.920885,-0.609472,-0.760894,0.222672,0.782942,-0.533493,0.319978,0.006704,-0.003224,-0.002831,0.000706,-0.001677,0.003718,-0.938719,0.079688,0.021938,-0.079371,-0.490815,0.866546,-0.090539,-0.704393,-0.45582,-0.544112,-0.512768,-0.203283,0.834112,0.000996,0.006224,0.005652,-0.85522,0.516418,0.008963,0.15772
133,0.136989,-0.00838,0.336281,-0.474543,0.871566,-0.123396,-0.710622,-0.461979,-0.530625,-0.518898,-0.165205,0.838737,0.001117,-0.002066,0.016481,0.025176,0.341332,0.202107,0.251822,-0.144168,0.032895,0.34515,0.110959,-0.412503,0.904169,0.624282,0.736745,0.259637,-0.77337,0.536139,0.338107,0.000793,-0.008539,-0.006018,-0.001982,0.015354,-0.024311,-1.404048,0.046072,0.034746,-0.013476,-0.124809,0.366175,0.922137,-0.6095,-0.76166,0.219956,0.782899,-0.534591,0.318246,0.000395,-0.004209,-0.002967,-0.002872,0.01228,-0.020096,-0.938229,0.079718,0.022079,-0.07914,-0.486551,0.869802,-0.081917,-0.710439,-0.448483,-0.542343,-0.508471,-0.20568,0.836152,0.000687,0.004317,0.003905,0.097839,0.501618,0.32914,0.153147
134,0.136999,-0.008345,0.336506,-0.470721,0.874497,-0.117142,-0.715714,-0.456041,-0.528915,-0.515377,-0.166224,0.840703,0.00091,-0.003348,0.015313,0.042552,0.56216,0.32518,0.24892,-0.144105,0.032824,0.345011,0.108506,-0.413013,0.904234,0.628754,0.73299,0.259475,-0.770085,0.540879,0.338057,0.000636,-0.006837,-0.004825,0.001659,0.016401,-0.022942,-1.403736,0.046104,0.034704,-0.01355,-0.122359,0.366748,0.922238,-0.614056,-0.757991,0.219961,0.779719,-0.539392,0.317951,0.000315,-0.003333,-0.002352,0.001598,0.015055,-0.022587,-0.938555,0.079723,0.022097,-0.079027,-0.482588,0.872464,-0.076905,-0.715373,-0.443305,-0.540111,-0.50532,-0.205636,0.838071,0.000562,0.003531,0.003194,-0.075206,0.101528,-0.152605,0.148575
135,0.136976,-0.0086,0.337059,-0.468677,0.877134,-0.104998,-0.72166,-0.448646,-0.527158,-0.508919,-0.172389,0.843392,0.000163,-0.017032,0.021298,-0.004752,0.377544,0.196066,0.257473,-0.143939,0.032756,0.344734,0.103189,-0.413485,0.90464,0.632942,0.728816,0.26105,-0.767374,0.54614,0.335757,0.011883,0.007316,-0.011858,0.034373,-0.012737,0.055766,-1.403842,0.046183,0.034666,-0.013685,-0.116779,0.367269,0.922753,-0.618255,-0.754013,0.221864,0.777253,-0.544588,0.315119,0.000288,-0.003033,-0.002145,0.004616,0.002754,-0.03209,-0.938882,0.079712,0.021975,-0.078753,-0.480542,0.874694,-0.063155,-0.72161,-0.435309,-0.538316,-0.498354,-0.21311,0.840372,0.000151,-0.003529,0.005987,0.060805,0.539784,0.287933,0.147596
136,0.136977,-0.009195,0.337609,-0.466419,0.879351,-0.096133,-0.725746,-0.442472,-0.526767,-0.505176,-0.177024,0.844681,-0.000589,-0.021729,0.017079,-0.016544,0.325493,0.302984,0.267874,-0.143841,0.032789,0.344414,0.103305,-0.410726,0.905883,0.63355,0.729197,0.258496,-0.766856,0.547708,0.334383,-0.000855,0.006331,-0.011419,0.034489,0.006621,-0.005213,-1.403401,0.046237,0.034684,-0.013845,-0.117121,0.364504,0.923806,-0.61891,-0.754271,0.219145,0.77668,-0.546087,0.313937,0.000192,-0.001989,-0.001411,-4.7e-05,-0.001045,-5.7e-05,-0.940841,0.079713,0.021681,-0.078475,-0.478319,0.876461,-0.055009,-0.72556,-0.429702,-0.53751,-0.494745,-0.217189,0.84146,-0.000181,-0.005611,0.004108,0.02714,0.362489,0.765903,0.163108
137,0.137091,-0.009988,0.338187,-0.462361,0.881782,-0.09343,-0.728105,-0.437619,-0.527565,-0.505515,-0.177,0.844483,-0.000595,-0.021798,0.017034,-0.069123,0.038032,-0.030076,0.266461,-0.143769,0.032971,0.344069,0.103173,-0.410931,0.905805,0.634372,0.728524,0.258375,-0.766193,0.54845,0.334685,-0.001025,0.008139,-0.010135,0.03648,-0.008778,0.019062,-1.403544,0.046273,0.03477,-0.014015,-0.117011,0.364684,0.923749,-0.619715,-0.753643,0.219029,0.776055,-0.546833,0.314184,-0.000458,0.003549,-0.005439,0.034311,0.006566,-0.005256,-0.943944,0.079769,0.02128,-0.07819,-0.474263,0.878937,-0.050423,-0.728317,-0.423878,-0.538405,-0.494597,-0.218622,0.841175,0.006756,-0.011588,0.00792,-0.077717,-0.00369,-0.018647,0.165558
138,0.137111,-0.010432,0.338543,-0.462968,0.881734,-0.090837,-0.727548,-0.436476,-0.529277,-0.505761,-0.180051,0.843691,-0.000525,-0.021372,0.017426,-0.063744,0.067101,-0.01381,0.26747,-0.143764,0.033079,0.343893,0.100324,-0.410789,0.906189,0.63429,0.72804,0.259936,-0.766635,0.549199,0.332437,0.00038,-0.004035,-0.002866,-0.079372,0.224375,0.115007,-1.403202,0.046275,0.034831,-0.014103,-0.115206,0.364657,0.923987,-0.61984,-0.753259,0.219994,0.776225,-0.547379,0.312809,0.005862,0.004603,-0.00526,-0.122638,0.396578,0.292503,-0.943617,0.07978,0.021064,-0.07802,-0.474814,0.878787,-0.047788,-0.727785,-0.422598,-0.540128,-0.494853,-0.221681,0.840224,-0.000258,-0.010617,0.008778,-0.071452,0.052364,-0.025224,0.165558
139,0.137079,-0.011323,0.339281,-0.464381,0.881218,-0.0886,-0.725831,-0.435931,-0.532076,-0.506929,-0.183878,0.842164,-0.000513,-0.021304,0.017506,-0.070695,0.029417,-0.034921,0.268368,-0.14381,0.033375,0.343544,0.100196,-0.411017,0.9061,0.635278,0.727241,0.259763,-0.765834,0.550088,0.332814,-0.001131,0.009263,-0.009329,0.036464,-0.00876,0.019075,-1.403259,0.046253,0.034975,-0.014281,-0.114004,0.364833,0.924066,-0.620669,-0.752429,0.220495,0.775739,-0.548403,0.31222,-0.000546,0.004479,-0.004774,0.037621,-0.011653,0.017191,-0.944434,0.079763,0.020611,-0.077644,-0.476245,0.878116,-0.04584,-0.72605,-0.42211,-0.542838,-0.496025,-0.225242,0.838585,-0.000262,-0.010622,0.00878,-0.078316,0.021591,-0.040221,0.167844
140,0.137075,-0.012252,0.340027,-0.460071,0.883409,-0.08926,-0.726406,-0.432232,-0.534305,-0.510026,-0.182083,0.840682,-0.000562,-0.021622,0.017238,-0.070793,0.028883,-0.035218,0.274898,-0.143858,0.033697,0.343237,0.097296,-0.410914,0.906463,0.635683,0.72638,0.261175,-0.765867,0.551301,0.330722,-0.001226,0.010278,-0.008601,0.036414,-0.008644,0.019153,-1.403283,0.046228,0.035136,-0.014435,-0.111078,0.364773,0.924446,-0.621096,-0.751646,0.22196,0.775822,-0.549515,0.31005,5.7e-05,-0.000549,-0.000388,0.00218,-0.005067,-0.003337,-0.944107,0.079762,0.020155,-0.077277,-0.471925,0.880408,-0.046546,-0.726682,-0.418332,-0.544913,-0.499218,-0.223334,0.837199,0.006795,-0.011461,0.008051,-0.073229,0.014508,-0.005645,0.172906
141,0.137075,-0.01265,0.340343,-0.460409,0.883197,-0.089614,-0.725338,-0.432404,-0.535616,-0.511238,-0.182705,0.83981,-0.000557,-0.021602,0.017265,-0.070801,0.028829,-0.035248,0.27623,-0.143874,0.033831,0.343093,0.097247,-0.410962,0.906446,0.636095,0.72606,0.261063,-0.765531,0.551688,0.330855,-0.001116,0.009107,-0.009431,0.034486,0.00665,-0.005195,-1.40316,0.04622,0.035206,-0.014504,-0.11108,0.364844,0.924418,-0.621527,-0.751324,0.221844,0.775477,-0.549909,0.310217,-0.000618,0.005253,-0.004215,0.03669,-0.009607,0.01853,-0.944924,0.079761,0.019939,-0.077106,-0.472326,0.880174,-0.046899,-0.725656,-0.418507,-0.546144,-0.50033,-0.223926,0.836376,-0.00029,-0.010812,0.008622,-0.073621,0.029268,-0.03514,0.175682
142,0.137172,-0.013429,0.34095,-0.460446,0.88311,-0.090282,-0.723435,-0.432171,-0.538369,-0.513891,-0.183679,0.837977,0.013652,-0.022817,0.016219,-0.064881,-0.082186,0.168261,0.279603,-0.143895,0.03409,0.342883,0.097136,-0.411253,0.906326,0.636807,0.72544,0.261051,-0.764954,0.552287,0.331192,2e-06,-2.1e-05,-1.5e-05,-0.0,0.0,0.0,-1.403521,0.04621,0.035332,-0.014612,-0.110986,0.365123,0.924319,-0.622247,-0.75073,0.221837,0.774912,-0.550535,0.310517,0.0,5.1e-05,3.5e-05,-7.7e-05,-3.2e-05,-2.8e-05,-0.94525,0.079804,0.019558,-0.076809,-0.472495,0.880047,-0.047589,-0.7237,-0.418237,-0.54894,-0.502997,-0.224931,0.834505,-0.000283,-0.010783,0.008656,-0.073791,0.029195,-0.03516,0.179764
143,0.137322,-0.014126,0.341453,-0.460354,0.883136,-0.090496,-0.723023,-0.432065,-0.539008,-0.514552,-0.183807,0.837543,0.013895,-0.012324,0.007307,-0.034253,-0.000448,0.011865,0.285056,-0.143899,0.034287,0.342747,0.094232,-0.411469,0.906535,0.636808,0.724771,0.2629,-0.765312,0.553005,0.32916,4.3e-05,-0.000456,-0.000325,-0.056106,0.150452,0.101281,-1.403888,0.046207,0.035437,-0.014681,-0.108405,0.365413,0.924511,-0.622321,-0.750166,0.223531,0.775218,-0.551111,0.308726,-0.000631,0.005363,-0.004134,-0.047887,0.209395,0.165452,-0.946557,0.079879,0.019206,-0.076555,-0.472289,0.880146,-0.047795,-0.723345,-0.417994,-0.549592,-0.5037,-0.224994,0.834064,-0.000306,-0.010952,0.008509,-0.076809,0.029579,-0.03503,0.186785
144,0.137553,-0.014696,0.341877,-0.459578,0.883521,-0.090691,-0.722715,-0.431305,-0.540029,-0.515677,-0.183745,0.836864,0.01396,-0.011994,0.007606,-0.029386,-0.095969,0.186232,0.290513,-0.143901,0.034384,0.34266,0.091415,-0.411211,0.90694,0.636532,0.724454,0.264438,-0.765879,0.553613,0.326811,-0.001318,0.011244,-0.0079,-0.138472,0.460373,0.335121,-1.403224,0.046207,0.03548,-0.014722,-0.108046,0.365282,0.924604,-0.622519,-0.749995,0.223554,0.77511,-0.55143,0.308429,4e-06,-2e-05,-1.5e-05,0.000943,-0.002251,-0.001487,-0.947536,0.079995,0.018924,-0.076346,-0.471636,0.880485,-0.047994,-0.722995,-0.417287,-0.55059,-0.504814,-0.224979,0.833394,0.006974,-0.00599,0.003806,-0.040133,0.000434,0.012151,0.19348
145,0.137676,-0.014925,0.342043,-0.459463,0.88359,-0.09059,-0.723153,-0.431284,-0.539457,-0.515165,-0.183454,0.837243,-0.000258,-0.01074,0.008708,-0.035427,0.014221,-0.017727,0.291586,-0.143905,0.034418,0.342636,0.091417,-0.411132,0.906975,0.636602,0.724427,0.264344,-0.76582,0.553707,0.326789,0.0,-1e-06,-1e-06,-0.003008,0.00807,0.005438,-1.403326,0.046205,0.035502,-0.014737,-0.104998,0.365096,0.925029,-0.622044,-0.749852,0.225349,0.775909,-0.551749,0.305839,-0.000662,0.005666,-0.00392,0.043731,-0.022948,0.009813,-0.947373,0.080061,0.018809,-0.076263,-0.47137,0.880635,-0.047868,-0.723522,-0.417169,-0.549986,-0.504307,-0.224614,0.833799,0.006978,-0.005987,0.003807,-0.035192,-0.000383,0.011885,0.196746
146,0.137946,-0.015273,0.342295,-0.458851,0.883879,-0.090874,-0.722386,-0.43058,-0.541046,-0.516784,-0.183717,0.836187,-0.000249,-0.010705,0.008743,-0.035433,0.014179,-0.017749,0.291627,-0.143919,0.034459,0.342607,0.091403,-0.411179,0.906955,0.63671,0.724332,0.264344,-0.765732,0.553796,0.326844,9.7e-05,-0.001032,-0.000734,-1e-06,1e-06,1e-06,-1.40329,0.046197,0.035526,-0.014749,-0.105245,0.365157,0.924977,-0.622217,-0.749757,0.225187,0.775737,-0.551837,0.306115,6.8e-05,-0.000715,-0.00051,-0.001839,0.014959,-0.024578,-0.946883,0.080191,0.018636,-0.076137,-0.470787,0.880931,-0.048151,-0.722764,-0.416407,-0.551557,-0.505935,-0.224864,0.832745,-3e-06,1.5e-05,9e-06,-0.001743,0.000263,0.000101,0.198379
