frame,MLTx,MLTy,MLTz,MLTR1,MLTR2,MLTR3,MLTR4,MLTR5,MLTR6,MLTR7,MLTR8,MLTR9,MLTTVx,MLTTVy,MLTTVz,MLTRVx,MLTRVy,MLTRVz,MLGA,MRTx,MRTy,MRTz,MRTR1,MRTR2,MRTR3,MRTR4,MRTR5,MRTR6,MRTR7,MRTR8,MRTR9,MRTTVx,MRTTVy,MRTTVz,MRTRVx,MRTRVy,MRTRVz,MRGA,SLTx,SLTy,SLTz,SLTR1,SLTR2,SLTR3,SLTR4,SLTR5,SLTR6,SLTR7,SLTR8,SLTR9,SLTTVx,SLTTVy,SLTTVz,SLTRVx,SLTRVy,SLTRVz,SLGA,SRTx,SRTy,SRTz,SRTR1,SRTR2,SRTR3,SRTR4,SRTR5,SRTR6,SRTR7,SRTR8,SRTR9,SRTTVx,SRTTVy,SRTTVz,SRTRVx,SRTRVy,SRTRVz,SRGA
822,-0.013517,0.00107,0.38267,-0.162657,0.536485,-0.828113,-0.426497,0.718607,0.54925,0.889956,0.441867,0.112957,-0.024329,0.014434,0.009387,-0.001969,0.029429,-0.059106,-0.036708,-0.211023,0.010605,0.354906,-0.170939,-0.767452,0.61789,0.173702,0.593713,0.785663,-0.969564,0.242582,0.031022,-0.000112,-0.000938,-0.000686,-0.0,0.0,-0.0,-1.407438,0.024113,0.052875,-0.016955,0.078581,0.76437,0.63997,-0.207287,-0.615396,0.760472,0.975118,-0.192416,0.110085,-8.5e-05,-0.000715,-0.000529,0.005877,-0.012363,0.028688,-0.862762,0.007689,0.053412,-0.035072,0.151102,-0.551501,-0.820374,0.40965,-0.720352,0.559713,-0.899641,-0.42064,0.117075,-0.00541,0.004608,0.00331,0.000829,0.002427,-0.003412,-0.256942
823,-0.013818,0.001268,0.382803,-0.162643,0.537029,-0.827763,-0.426388,0.718305,0.54973,0.890011,0.441697,0.113191,-0.011409,0.008326,0.005742,0.000269,0.002588,-0.00344,-0.038222,-0.210899,0.010579,0.354855,-0.170866,-0.767608,0.617716,0.173731,0.59353,0.785794,-0.969572,0.242535,0.031146,-0.000184,-0.001548,-0.001132,0.0,0.0,0.0,-1.407265,0.024175,0.052863,-0.01698,0.078684,0.764588,0.639697,-0.207158,-0.615139,0.760715,0.975137,-0.192375,0.109989,-0.000139,-0.001168,-0.000862,0.005977,-0.010915,0.016932,-0.864232,0.007539,0.053512,-0.035004,0.151079,-0.552056,-0.820005,0.409552,-0.720026,0.560203,-0.899689,-0.420469,0.117315,-0.0125,0.006721,0.004229,-0.001587,0.029189,-0.059146,-0.257758
824,-0.014419,0.001584,0.383014,-0.159414,0.539059,-0.827072,-0.421895,0.72023,0.550677,0.892729,0.436059,0.113645,-0.012659,0.00648,0.00398,-0.000984,0.014715,-0.029553,-0.048223,-0.210745,0.010555,0.354691,-0.170866,-0.767591,0.617738,0.174015,0.593482,0.785768,-0.969521,0.24271,0.031369,-0.000424,-0.003566,-0.002612,-0.001684,0.014271,-0.024978,-1.407043,0.024257,0.052853,-0.017061,0.078894,0.764674,0.639568,-0.206956,-0.615027,0.760861,0.975163,-0.19239,0.109731,-0.000156,-0.001324,-0.000974,0.006232,-0.007921,0.008137,-0.863578,0.007236,0.053675,-0.034895,0.147804,-0.554003,-0.819288,0.405015,-0.721836,0.561172,-0.902283,-0.414768,0.117689,-0.006325,0.003249,0.002012,-0.000573,0.01452,-0.029567,-0.26184
825,-0.014863,0.001839,0.383164,-0.159401,0.539915,-0.826516,-0.421745,0.719738,0.551436,0.892802,0.435813,0.114013,-0.012235,0.007098,0.00456,-0.000984,0.014715,-0.029553,-0.078506,-0.21077,0.010619,0.354504,-0.170825,-0.767585,0.617757,0.174503,0.593381,0.785737,-0.969441,0.242977,0.031784,-0.000243,-0.002044,-0.001498,0.0,0.0,0.0,-1.407344,0.024244,0.052881,-0.017158,0.079017,0.764725,0.639493,-0.206897,-0.614949,0.76094,0.975165,-0.192437,0.109628,-0.000277,0.004328,-0.005071,-0.015868,0.012698,0.014058,-0.864395,0.007012,0.0538,-0.034822,0.147778,-0.554848,-0.818721,0.404886,-0.721324,0.561923,-0.902346,-0.414529,0.118054,0.000549,0.000803,0.000774,0.000236,-0.000177,-3.7e-05,-0.275393
826,-0.014978,0.001974,0.383211,-0.156239,0.5411,-0.826345,-0.417507,0.722028,0.551667,0.895346,0.43053,0.114137,0.001551,0.002272,0.002155,-9e-05,6e-05,1.2e-05,-0.129505,-0.210805,0.010666,0.354429,-0.170808,-0.767572,0.617777,0.174735,0.593344,0.785712,-0.969401,0.243107,0.031976,-0.000203,-0.001702,-0.001248,0.0,0.0,0.0,-1.407192,0.024226,0.052904,-0.017196,0.079098,0.764752,0.63945,-0.206882,-0.614901,0.760983,0.975162,-0.192483,0.109576,-0.000106,-0.000919,-0.000672,0.006322,0.00985,-0.021765,-0.865538,0.006949,0.053868,-0.034798,0.144584,-0.555979,-0.818524,0.400583,-0.723508,0.562199,-0.90478,-0.409172,0.118108,0.000827,0.00121,0.001159,0.000462,0.000105,0.000142,-0.294499
827,-0.015321,0.002292,0.383359,-0.153072,0.542635,-0.825931,-0.413228,0.724059,0.552226,0.89787,0.42516,0.114431,-0.011197,0.0086,0.005976,0.000242,0.002599,-0.003439,-0.23736,-0.210823,0.010692,0.354325,-0.170798,-0.767546,0.617813,0.174995,0.593316,0.785676,-0.969356,0.243259,0.032182,-0.000251,-0.002107,-0.001545,0.0,0.0,0.0,-1.406645,0.024218,0.05292,-0.017246,0.07923,0.764771,0.639411,-0.20691,-0.614842,0.761023,0.975145,-0.192597,0.109525,-7.1e-05,-0.00062,-0.000453,0.00465,-0.001166,0.0031,-0.866681,0.006778,0.054027,-0.034724,0.14138,-0.557433,-0.818094,0.396257,-0.725437,0.562778,-0.907188,-0.403742,0.118324,-0.005605,0.004294,0.002992,0.000803,0.002595,-0.003332,-0.370592
828,-0.015722,0.002604,0.383577,-0.153038,0.543181,-0.825578,-0.413129,0.723751,0.552703,0.897922,0.424986,0.114674,-0.011112,0.008712,0.006073,-0.000984,0.014715,-0.029553,-0.320926,-0.210795,0.010623,0.354234,-0.170839,-0.767461,0.617907,0.175084,0.593389,0.785601,-0.969333,0.243351,0.032198,-0.000217,-0.001828,-0.001342,0.0,0.0,0.0,-1.406561,0.024231,0.052882,-0.017293,0.079323,0.764643,0.639552,-0.207122,-0.61493,0.760894,0.975093,-0.192822,0.109597,-0.000129,-0.001098,-0.000806,0.006068,-0.004154,0.004,-0.865865,0.006586,0.054178,-0.034619,0.141341,-0.557948,-0.81775,0.396181,-0.725129,0.56323,-0.907227,-0.403585,0.118558,-0.005611,0.004279,0.002974,-0.000731,0.014549,-0.029586,-0.435255
829,-0.015912,0.002898,0.383779,-0.149822,0.544201,-0.825496,-0.408862,0.726089,0.55281,0.900411,0.419666,0.114751,0.002789,0.00406,0.003838,-0.011086,0.007424,0.001541,-0.435233,-0.210721,0.010577,0.354195,-0.170824,-0.767504,0.617857,0.175078,0.593339,0.78564,-0.969337,0.243333,0.032219,0.013167,-0.000999,-0.00152,0.002045,-0.015205,0.029245,-1.406268,0.024268,0.052857,-0.017314,0.079377,0.764672,0.639511,-0.207143,-0.614879,0.760929,0.975084,-0.19287,0.109589,0.006593,-0.000434,-0.000713,-0.017454,0.013958,0.009958,-0.865865,0.006481,0.054329,-0.034515,0.138107,-0.558915,-0.817643,0.39186,-0.727353,0.563384,-0.909599,-0.398209,0.118564,-0.004864,0.005357,0.003987,-0.036489,0.027737,0.001929,-0.506613
830,-0.015978,0.003078,0.383884,-0.143212,0.543437,-0.827171,-0.400434,0.732505,0.550509,0.905253,0.409398,0.113742,0.003629,0.00528,0.004986,-0.009855,-0.004745,0.027636,-0.517759,-0.210652,0.010573,0.354189,-0.170774,-0.767615,0.617733,0.175062,0.593219,0.785735,-0.969349,0.243278,0.032277,0.01321,-0.000639,-0.001257,0.002045,-0.015205,0.029245,-1.405986,0.024298,0.052856,-0.017316,0.079448,0.76475,0.639409,-0.207066,-0.614784,0.761027,0.975094,-0.192863,0.109511,7e-06,5.2e-05,3.6e-05,0.000993,-0.001791,0.007571,-0.865701,0.006447,0.054418,-0.034465,0.131499,-0.558017,-0.819344,0.38327,-0.733629,0.561152,-0.914227,-0.387821,0.117399,-0.004791,0.005458,0.004081,-0.03711,0.040918,-0.027272,-0.556906
831,-0.015941,0.00354,0.384051,-0.133755,0.545174,-0.827612,-0.387855,0.739706,0.549887,0.912141,0.393872,0.113543,0.005206,0.007575,0.007131,0.001245,-0.012147,0.026104,-0.746417,-0.210502,0.010573,0.35418,-0.170658,-0.767865,0.617454,0.175026,0.592946,0.785949,-0.969376,0.243153,0.032408,8e-06,6.4e-05,4.7e-05,0.0,0.0,0.0,-1.405226,0.024378,0.052857,-0.01732,0.079628,0.764986,0.639104,-0.206836,-0.614507,0.761314,0.975129,-0.192812,0.109294,0.006612,-0.000257,-0.000585,-0.018049,0.012029,0.015779,-0.865865,0.006464,0.054647,-0.034382,0.12198,-0.559567,-0.819759,0.370506,-0.740552,0.560631,-0.920785,-0.372111,0.11699,-0.002938,0.011651,0.000496,0.033477,-0.021312,0.00973,-0.69554
832,-0.015798,0.004054,0.384195,-0.11789,0.547948,-0.828191,-0.36644,0.751143,0.549069,0.923099,0.367537,0.113273,0.007208,0.017515,-0.002352,-0.090147,0.046019,0.056103,-1.053514,-0.210373,0.010582,0.354166,-0.17055,-0.768094,0.6172,0.175019,0.592691,0.786142,-0.969396,0.243053,0.032551,-0.000296,0.010923,-0.008478,0.036233,-0.013216,0.016849,-1.382285,0.024443,0.052862,-0.017327,0.079764,0.765224,0.638803,-0.206618,-0.614234,0.761593,0.975164,-0.192736,0.109116,-0.000148,0.005457,-0.004245,-0.021871,0.014674,0.015613,-0.864885,0.006536,0.054903,-0.034305,0.106106,-0.561979,-0.820317,0.348904,-0.75148,0.559949,-0.931131,-0.345627,0.11634,0.002726,0.003966,0.003731,-0.41389,0.26325,0.083065,-0.901776
833,-0.015676,0.004336,0.384231,-0.111639,0.548599,-0.828625,-0.357977,0.755658,0.548457,0.927181,0.357182,0.113061,0.007863,0.018474,-0.001468,0.030083,-0.03372,0.039648,-1.217784,-0.210293,0.01061,0.354145,-0.170512,-0.768169,0.617117,0.175085,0.592591,0.786203,-0.969391,0.243059,0.032655,0.000102,0.000867,0.000637,0.0,0.0,0.0,-1.307194,0.024482,0.052874,-0.017339,0.079917,0.765264,0.638735,-0.206463,-0.614181,0.761678,0.975184,-0.192747,0.108915,0.006524,0.00573,-0.00444,-0.042181,0.029972,0.02847,-0.850189,0.006597,0.055042,-0.034288,0.099747,-0.562507,-0.820753,0.340216,-0.75587,0.559385,-0.935041,-0.33503,0.115978,0.003147,0.00458,0.004299,-0.008312,-0.004916,0.02782,-1.0022
834,-0.015343,0.004984,0.384305,-0.092724,0.550605,-0.829627,-0.331969,0.768448,0.547042,0.938847,0.325456,0.112568,0.00921,0.020455,0.000342,-0.00374,-0.011482,0.044214,-1.599939,-0.210023,0.010762,0.354066,-0.170115,-0.768923,0.616286,0.175336,0.591693,0.786823,-0.969416,0.242863,0.033369,0.013465,0.001599,0.000383,0.002045,-0.015205,0.029245,-0.949507,0.024612,0.052948,-0.017379,0.080435,0.765929,0.637873,-0.205821,-0.613392,0.762487,0.975278,-0.192618,0.108306,0.00661,0.006492,-0.003881,-0.043021,0.027595,0.045934,-0.696042,0.006765,0.055372,-0.034253,0.080786,-0.564053,-0.821776,0.31393,-0.768111,0.558079,-0.946002,-0.303065,0.115021,0.004706,0.010367,0.000313,-0.001938,-0.011449,0.044532,-1.035838
835,-0.014893,0.005885,0.384443,-0.070565,0.553112,-0.83014,-0.301051,0.7816,0.546298,0.951091,0.287783,0.112399,0.012106,0.024716,0.004222,-0.097609,0.117646,-0.097919,-1.886183,-0.209629,0.010966,0.354007,-0.169673,-0.769782,0.615335,0.175598,0.590671,0.787532,-0.969447,0.242631,0.034157,0.013283,0.013674,-0.007249,0.039966,-0.042701,0.071064,-0.565029,0.024809,0.053046,-0.017406,0.081164,0.766805,0.636727,-0.204898,-0.612353,0.76357,0.975411,-0.192438,0.107416,0.006739,0.000884,0.000246,-0.019335,0.007504,0.04327,-0.53961,0.006984,0.055811,-0.034188,0.05863,-0.565965,-0.822341,0.282793,-0.780598,0.557399,-0.957387,-0.265233,0.114284,0.006147,0.012486,0.002243,-0.380587,0.225457,0.121802,-1.031919
836,-0.014409,0.006857,0.38464,-0.06487,0.552383,-0.831089,-0.293062,0.785573,0.544942,0.953981,0.27823,0.111961,0.012414,0.025206,0.004573,-1.343388,0.855152,0.250808,-1.895525,-0.20919,0.011094,0.353926,-0.169365,-0.770404,0.61464,0.175817,0.589917,0.788049,-0.969461,0.242489,0.034745,0.01321,-0.000497,-0.001161,0.002045,-0.015205,0.029245,-0.299427,0.025029,0.053121,-0.017444,0.081898,0.767535,0.635752,-0.203984,-0.611483,0.764512,0.975541,-0.192296,0.106485,0.006443,0.00514,-0.004875,-0.038072,0.023046,0.042333,-0.435267,0.007229,0.056301,-0.034085,0.053853,-0.56515,-0.823227,0.276036,-0.783872,0.55619,-0.959637,-0.257193,0.113787,0.006191,0.012697,0.002122,-4.55926,2.954252,0.670478,-1.041226
837,-0.014141,0.007266,0.384783,-0.065125,0.553483,-0.830337,-0.293715,0.78461,0.545976,0.953763,0.278758,0.112506,0.010532,0.015472,0.014164,0.002362,-0.024536,0.052101,-1.895698,-0.208968,0.011146,0.353814,-0.169246,-0.770631,0.614389,0.176066,0.589602,0.788228,-0.969436,0.242535,0.035101,0.012734,0.009015,-0.010668,0.038289,-0.028342,0.046133,-0.186545,0.025141,0.053144,-0.017496,0.082267,0.767789,0.635398,-0.203585,-0.611168,0.764869,0.975594,-0.192281,0.106031,-0.000102,-0.000928,-0.000688,0.007741,-0.012406,0.028985,-0.397221,0.007364,0.056509,-0.034016,0.053116,-0.566347,-0.822452,0.275342,-0.783381,0.557225,-0.959877,-0.256054,0.114329,0.012691,0.009747,0.000636,0.036505,-0.064973,0.097439,-1.040736
838,-0.013629,0.007948,0.385021,-0.047412,0.554536,-0.830835,-0.278899,0.791341,0.544028,0.959218,0.256829,0.118179,0.008004,0.011792,0.010726,0.037247,0.034625,0.078393,-1.896967,-0.208523,0.011275,0.353484,-0.16175,-0.771975,0.614721,0.174512,0.590618,0.787813,-0.971005,0.235664,0.038393,0.012737,-0.004714,-0.004262,0.002827,-0.006802,0.000731,0.011748,0.025363,0.053215,-0.017663,0.082379,0.768469,0.634561,-0.202107,-0.610613,0.765705,0.975892,-0.191327,0.105011,0.00625,0.003448,-0.00612,-0.069708,-0.030136,0.03596,-0.288796,0.007625,0.056858,-0.033891,0.03504,-0.566947,-0.823008,0.260621,-0.789834,0.55519,-0.964804,-0.233948,0.120082,0.004608,0.010284,0.000109,0.053665,0.002873,0.05847,-1.037797
839,-0.013287,0.008626,0.385178,-0.033827,0.552671,-0.83274,-0.274557,0.796021,0.53939,0.961028,0.246199,0.125854,0.007597,0.011213,0.010146,0.032351,0.026487,0.074847,-1.897431,-0.208311,0.011456,0.352983,-0.137963,-0.77533,0.616296,0.164078,0.595647,0.786268,-0.976509,0.210561,0.044242,-0.000951,0.005294,-0.012602,-0.953599,-1.392698,-0.102535,0.115601,0.025474,0.053298,-0.017907,0.073807,0.769731,0.634086,-0.194109,-0.612572,0.766209,0.978198,-0.179634,0.1042,-0.000506,0.002305,-0.006555,-0.102071,-0.099805,-0.020238,-0.098562,0.007792,0.05719,-0.033818,0.021404,-0.564782,-0.824961,0.256239,-0.79449,0.550569,-0.966375,-0.223172,0.127714,0.004613,0.010297,9.5e-05,0.047555,-0.004848,0.052823,-1.029143
840,-0.01316,0.008892,0.385305,-0.030784,0.5522,-0.83317,-0.270073,0.797964,0.538781,0.962396,0.240922,0.125611,0.007067,0.010439,0.009423,0.001672,-0.011432,0.026424,-1.89784,-0.208292,0.011573,0.352696,-0.132709,-0.77471,0.618227,0.16719,0.597199,0.784433,-0.976716,0.208426,0.049472,-0.001143,0.003565,-0.013877,0.112037,-0.182764,-0.119821,0.144441,0.025484,0.053361,-0.018053,0.068598,0.76999,0.634357,-0.189352,-0.614248,0.766057,0.979509,-0.172667,0.103663,-0.000554,0.001867,-0.006877,-0.11372,-0.097523,-0.063976,-0.041084,0.007858,0.057328,-0.033751,0.018681,-0.564251,-0.825391,0.25149,-0.796341,0.550084,-0.967679,-0.217854,0.127026,0.003629,0.005363,0.004842,-0.004964,-0.037183,0.046586,-1.027673
841,-0.0129,0.009319,0.385578,-0.024627,0.551187,-0.834045,-0.260884,0.801845,0.537547,0.965096,0.230148,0.125091,0.005439,0.008046,0.00723,0.001063,-0.012257,0.026043,-1.898275,-0.208225,0.011867,0.351989,-0.122361,-0.772416,0.623212,0.172912,0.601626,0.779796,-0.977084,0.204137,0.059139,0.011541,0.012163,-0.024849,0.262545,-0.474947,-0.235207,0.187742,0.025512,0.053504,-0.018403,0.065074,0.768073,0.637046,-0.184677,-0.618102,0.764096,0.980641,-0.16737,0.101623,-0.000675,0.000755,-0.0077,-0.083785,-0.100606,0.003127,0.03452,0.00799,0.057544,-0.033612,0.012693,-0.563122,-0.826275,0.242153,-0.800013,0.548944,-0.970154,-0.207052,0.126207,0.002648,0.003922,0.003527,0.002165,-0.01278,0.025954,-1.028326
842,-0.012707,0.009567,0.385804,-0.015681,0.550405,-0.834777,-0.25278,0.805576,0.535837,0.967426,0.21874,0.127543,0.003891,0.005763,0.005163,0.027086,0.134496,0.05506,-1.89863,-0.208268,0.011981,0.351242,-0.113576,-0.772288,0.625031,0.166698,0.60526,0.778335,-0.979233,0.193552,0.059189,-0.014944,-0.00114,-0.01659,0.030896,0.030911,-0.06215,0.208775,0.025495,0.053567,-0.018785,0.053582,0.767551,0.638743,-0.174459,-0.622628,0.762822,0.983205,-0.152308,0.100544,-0.007473,-0.000686,-0.008378,-0.040903,-0.090367,-0.02451,0.081874,0.008088,0.057671,-0.033496,0.003751,-0.562114,-0.827051,0.234076,-0.803586,0.547227,-0.97221,-0.195645,0.128563,0.001896,0.00281,0.002521,0.028881,0.136594,0.055875,-1.034368
843,-0.012611,0.009715,0.385922,-0.009986,0.549576,-0.83541,-0.249421,0.807675,0.534249,0.968366,0.213027,0.130054,0.001583,0.002346,0.002099,-0.000895,0.010606,0.034809,-1.898801,-0.208441,0.011902,0.350606,-0.104714,-0.772873,0.625854,0.160772,0.607772,0.777625,-0.981221,0.18301,0.059806,-0.014911,-0.000685,-0.016287,0.002842,-0.003775,-0.064752,0.215301,0.025409,0.053524,-0.019106,0.042503,0.767891,0.639167,-0.165913,-0.625438,0.76243,0.985223,-0.138452,0.10082,-0.007443,-0.000327,-0.008121,-0.023617,-0.059742,-0.036179,0.099346,0.008137,0.057746,-0.033436,-0.002163,-0.56113,-0.827724,0.230777,-0.805663,0.545571,-0.973003,-0.18984,0.131238,0.000637,0.000944,0.000845,-0.019443,-0.016464,0.022652,-1.039267
844,-0.012581,0.009694,0.385935,-0.007427,0.549046,-0.835785,-0.250739,0.808083,0.533013,0.968045,0.212846,0.132711,5.9e-05,8.8e-05,7.8e-05,0.015038,0.025838,0.011539,-1.89937,-0.208537,0.011898,0.350322,-0.097667,-0.772747,0.627148,0.158909,0.609858,0.776373,-0.982259,0.176447,0.062423,-0.001394,0.001375,-0.01556,0.041182,-0.014341,-0.017617,0.234399,0.02536,0.053516,-0.019246,0.038191,0.767591,0.639801,-0.162452,-0.626981,0.761907,0.985976,-0.133035,0.100752,-0.007295,0.001034,-0.007115,-0.037089,-0.064472,-0.036132,0.110286,0.008153,0.057737,-0.033429,-0.004767,-0.560535,-0.828116,0.23214,-0.806123,0.544312,-0.972669,-0.189644,0.133965,-9.8e-05,-0.000144,-0.000128,0.003119,-0.087005,0.178447,-1.039593
845,-0.012563,0.009671,0.385904,0.001632,0.548693,-0.836049,-0.242522,0.811306,0.531918,0.970152,0.201216,0.135439,-0.00049,-0.000727,-0.00065,0.020539,0.035507,0.015847,-1.899995,-0.208826,0.011962,0.349774,-0.081572,-0.773273,0.628797,0.150443,0.614009,0.774786,-0.985076,0.158762,0.065436,-0.001333,0.001956,-0.015141,0.034991,3.4e-05,-0.008733,0.278077,0.025216,0.05355,-0.019519,0.023518,0.767563,0.640541,-0.150584,-0.630688,0.761285,0.988317,-0.114359,0.10075,-0.007269,0.001332,-0.006894,-0.031409,-0.058224,-0.028686,0.165805,0.00816,0.057722,-0.033447,-0.013757,-0.559981,-0.82839,0.223816,-0.809172,0.543273,-0.974533,-0.177934,0.136465,-0.00036,-0.000536,-0.000475,0.006266,0.016107,0.006925,-1.039593
846,-0.012557,0.009662,0.385844,0.007374,0.548154,-0.836372,-0.239151,0.813088,0.530722,0.970955,0.195431,0.138133,-0.000476,-0.000705,-0.000631,0.000222,0.000382,0.000171,-1.899803,-0.209243,0.011856,0.349331,-0.070401,-0.772557,0.631023,0.145063,0.61783,0.772772,-0.986758,0.146904,0.067759,-0.014403,-0.009504,-0.006353,-0.095385,-0.091402,-0.067786,0.283415,0.025013,0.053503,-0.019742,0.012792,0.766693,0.641885,-0.142599,-0.633978,0.760089,0.989697,-0.101255,0.10122,-0.007207,-0.004865,-0.003251,-0.323815,-0.422814,-0.156767,0.191115,0.008161,0.057715,-0.033479,-0.019284,-0.559352,-0.828705,0.220266,-0.810872,0.542189,-0.975249,-0.17208,0.138843,-0.000307,-0.000458,-0.000406,-0.004441,-0.007808,-0.003429,-1.035348
847,-0.01252,0.009654,0.385815,0.013112,0.547477,-0.836745,-0.235721,0.814923,0.529441,0.971725,0.189622,0.140783,-0.000139,-0.000206,-0.000185,0.046454,0.079896,0.035704,-1.899456,-0.209537,0.011708,0.349149,-0.05449,-0.772424,0.632758,0.135302,0.622035,0.771168,-0.989168,0.128597,0.069799,-0.02784,-0.010343,-0.006213,-3.400689,-4.45021,-0.646895,0.2858,0.02486,0.053428,-0.019834,-0.000704,0.766035,0.642798,-0.132379,-0.637212,0.759233,0.991198,-0.084558,0.101856,-0.013877,-0.005107,-0.003327,-3.608653,-4.344364,-0.667069,0.196667,0.008179,0.05771,-0.033495,-0.025046,-0.558536,-0.829101,0.216872,-0.812646,0.540899,-0.975878,-0.166261,0.141485,-7.6e-05,-0.000116,-0.0001,0.050019,0.086678,0.038747,-1.036328
848,-0.012403,0.009633,0.385784,0.015585,0.54678,-0.837158,-0.237106,0.815398,0.52809,0.971349,0.189591,0.143399,0.00026,0.000386,0.000346,0.00131,0.002255,0.001008,-1.899702,-0.210224,0.011464,0.348803,-0.041037,-0.770342,0.636302,0.130381,0.627157,0.767859,-0.990495,0.115433,0.073879,-0.014717,0.001756,-0.014566,0.075392,-0.08678,-0.101051,0.300629,0.024522,0.053301,-0.020005,-0.011344,0.763898,0.645237,-0.125219,-0.641284,0.757016,0.992063,-0.072209,0.102929,-0.013847,-0.00436,-0.002495,-0.008012,-0.085556,-0.117649,0.208587,0.008237,0.057699,-0.03351,-0.027536,-0.557785,-0.829528,0.218243,-0.813178,0.539546,-0.975505,-0.166181,0.144124,0.006601,-0.002603,-0.00141,-0.008479,-0.028631,0.023229,-1.039267
849,-0.012317,0.009617,0.385767,0.026557,0.542522,-0.839648,-0.229835,0.820754,0.522982,0.972844,0.178423,0.147537,9.8e-05,0.000145,0.00013,0.105751,0.182395,0.081541,-1.899078,-0.211103,0.011255,0.348456,-0.012417,-0.768831,0.639325,0.120906,0.633421,0.76426,-0.992503,0.087747,0.084265,-0.028221,0.000763,-0.014574,0.078956,-0.178626,-0.212963,0.308945,0.024078,0.053201,-0.020181,-0.038257,0.761043,0.647571,-0.1109,-0.647276,0.754144,0.993094,-0.042965,0.109163,-0.014108,0.000374,-0.007265,4.6e-05,-0.199266,-0.210284,0.228019,0.008281,0.057692,-0.033518,-0.037914,-0.553401,-0.832051,0.210647,-0.818365,0.534701,-0.976826,-0.154996,0.1476,0.006483,-0.002779,-0.001563,0.157578,0.244737,0.145784,-1.0409
850,-0.01223,0.009595,0.385718,0.028973,0.54163,-0.840144,-0.231226,0.82133,0.521464,0.972442,0.178487,0.150085,0.012448,-0.006327,-0.00382,0.106873,0.168151,0.111331,-1.898939,-0.211611,0.011139,0.348259,0.004144,-0.766309,0.642453,0.11657,0.638342,0.760832,-0.993112,0.072694,0.091143,-0.027934,-0.00987,-0.005959,0.144789,-0.320016,-0.309055,0.306134,0.023834,0.053145,-0.020279,-0.054643,0.758013,0.649946,-0.10506,-0.65167,0.751191,0.992963,-0.027236,0.115246,-0.014125,0.00034,-0.007305,0.232489,-0.491474,-0.388271,0.229978,0.008325,0.057682,-0.033541,-0.040501,-0.552426,-0.832577,0.212139,-0.819018,0.533109,-0.976399,-0.155031,0.150362,0.00619,-0.003215,-0.001958,0.123769,0.19166,0.122124,-1.038777
851,-0.012011,0.009562,0.385581,0.04792,0.535467,-0.843223,-0.221724,0.82883,0.513664,0.973881,0.161689,0.159497,0.002335,0.010445,-0.009002,0.213454,0.378695,0.190105,-1.899116,-0.212512,0.011068,0.347728,0.040343,-0.760381,0.648216,0.109057,0.648113,0.753651,-0.9932,0.041238,0.108234,-0.015024,-8.8e-05,-0.016054,0.215233,-0.499331,-0.123495,0.303009,0.023389,0.053106,-0.020535,-0.091683,0.750212,0.654809,-0.095732,-0.661173,0.7441,0.991175,0.005535,0.132437,-0.007466,0.000279,-0.007752,0.337233,-0.757032,-0.288654,0.226223,0.008426,0.05766,-0.033609,-0.057771,-0.546236,-0.835636,0.201814,-0.826142,0.526078,-0.977718,-0.138251,0.157965,0.000383,0.000565,0.000506,-0.15727,0.730623,0.291065,-1.042206
852,-0.011776,0.009607,0.38547,0.064642,0.531878,-0.844377,-0.21108,0.834284,0.509299,0.975258,0.144654,0.167254,0.01346,-0.004812,-0.002471,-0.339563,0.376633,0.174606,-1.899529,-0.213339,0.011097,0.347103,0.063322,-0.754749,0.652943,0.113079,0.655364,0.746757,-0.99158,0.027491,0.126001,-0.01504,3.6e-05,-0.015996,0.154718,-0.351857,-0.032572,0.317728,0.022965,0.053119,-0.020854,-0.116648,0.742724,0.659358,-0.098842,-0.669276,0.736409,0.988242,0.020728,0.151482,-0.014316,0.005628,-0.01169,0.158315,-0.39022,-0.054893,0.233571,0.008545,0.057688,-0.033667,-0.076028,-0.541902,-0.836995,0.192299,-0.831634,0.520964,-0.978386,-0.121346,0.167434,0.000377,0.000565,0.000492,-1.329632,1.002455,0.346999,-1.04041
853,-0.011631,0.009638,0.385364,0.077496,0.525528,-0.847266,-0.204838,0.84008,0.502274,0.975636,0.13398,0.17381,-0.000102,-0.000152,-0.000135,0.169182,0.196276,0.305842,-1.898958,-0.214168,0.011009,0.346525,0.08841,-0.749468,0.656104,0.111884,0.661882,0.741166,-0.989827,0.008818,0.141522,-0.014963,-0.011908,-0.008419,0.101642,-0.296288,-0.023443,0.338176,0.022545,0.053076,-0.021148,-0.142271,0.736132,0.661715,-0.096449,-0.675644,0.73089,0.985117,0.040163,0.167124,-0.007482,-0.006011,-0.004233,0.061325,-0.282825,-0.005419,0.259207,0.008624,0.057703,-0.033719,-0.088543,-0.535347,-0.839978,0.185257,-0.837427,0.514194,-0.978693,-0.110084,0.173325,-6.6e-05,-0.000106,-9.2e-05,0.200203,0.240039,0.32531,-1.042369
854,-0.011546,0.009656,0.385281,0.087795,0.519831,-0.849772,-0.197149,0.845255,0.496637,0.976335,0.123289,0.177755,-7e-05,-0.000105,-9.4e-05,0.053304,0.179906,0.086117,-1.899747,-0.214563,0.010954,0.346238,0.100822,-0.746474,0.657725,0.111145,0.665302,0.73821,-0.988739,-0.000391,0.149193,-0.015163,-0.000511,-0.016479,0.235395,-0.466142,-0.338641,0.345584,0.022353,0.053047,-0.021286,-0.153006,0.7333,0.662464,-0.094556,-0.678145,0.728818,0.98369,0.048874,0.173098,-0.014276,-0.000221,-0.007822,0.218628,-0.600672,-0.214277,0.268678,0.008666,0.057712,-0.033761,-0.099457,-0.529195,-0.84265,0.177835,-0.842668,0.508217,-0.979021,-0.099307,0.177918,-3.6e-05,-5.9e-05,-5.2e-05,0.026473,0.142651,0.061298,-1.041716
855,-0.011399,0.009704,0.385108,0.105297,0.511342,-0.852929,-0.193175,0.851871,0.486797,0.975377,0.112876,0.189543,-0.000117,-0.000175,-0.000157,0.083443,0.146564,0.066587,-1.899428,-0.215148,0.010746,0.345665,0.113206,-0.743235,0.659376,0.110682,0.668841,0.735075,-0.987465,-0.009304,0.157126,-0.015415,-0.002149,-0.017795,0.066385,-0.053319,-0.114825,0.375596,0.022061,0.052947,-0.02157,-0.167426,0.72852,0.664248,-0.094053,-0.682488,0.724819,0.981387,0.058879,0.182786,-0.000882,-0.006645,-0.005139,0.015193,-0.164052,0.105057,0.297254,0.008739,0.057735,-0.033848,-0.116566,-0.520403,-0.845927,0.1736,-0.849297,0.498555,-0.977893,-0.088738,0.189341,-7.7e-05,-0.000119,-0.000105,0.105055,0.186219,0.083448,-1.03845
856,-0.011304,0.009691,0.385122,0.110469,0.508711,-0.853847,-0.189212,0.854152,0.48435,0.975574,0.107426,0.191679,0.000261,0.00039,0.000348,0.000501,0.000885,0.000398,-1.899443,-0.215386,0.010374,0.34522,0.120404,-0.739672,0.662103,0.113312,0.672731,0.731113,-0.986324,-0.01208,0.163956,-0.001614,-0.011978,-0.009332,0.064044,-0.141205,-0.12236,0.398882,0.021936,0.05276,-0.021798,-0.17417,0.724729,0.666657,-0.096094,-0.686282,0.720959,0.980015,0.061508,0.189171,-0.000822,-0.006144,-0.00478,0.082942,-0.166533,-0.173152,0.333668,0.008787,0.057729,-0.033841,-0.121534,-0.517767,-0.846844,0.169452,-0.851467,0.496274,-0.978015,-0.083185,0.191219,0.006593,-0.002605,-0.001417,-0.006178,-0.027874,0.023517,-1.041226
857,-0.01127,0.009676,0.38514,0.118717,0.505625,-0.854573,-0.180147,0.857338,0.482173,0.976312,0.096084,0.193935,0.000472,0.000705,0.00063,-0.053675,0.202762,0.087788,-1.899393,-0.215436,0.01013,0.345057,0.122577,-0.738191,0.663355,0.113934,0.674339,0.729534,-0.985988,-0.012923,0.165905,-0.001604,-0.011882,-0.009277,0.085829,-0.182573,-0.182173,0.405907,0.021911,0.05264,-0.021879,-0.175936,0.723332,0.66771,-0.096377,-0.687689,0.719579,0.979672,0.062248,0.190702,-0.000604,-0.01082,2.1e-05,0.116911,-0.266173,-0.234003,0.346241,0.008803,0.05772,-0.033833,-0.129064,-0.51481,-0.847533,0.160631,-0.854247,0.494427,-0.978539,-0.072328,0.192947,0.000353,0.000531,0.000465,-1.30345,1.025657,0.422656,-1.041716
858,-0.0112,0.009858,0.385003,0.139643,0.498534,-0.855575,-0.171161,0.863181,0.474968,0.975133,0.079501,0.206936,0.001911,0.009827,-0.009551,0.191012,0.258605,0.140379,-1.898613,-0.21546,0.009681,0.344767,0.129482,-0.734269,0.66639,0.115943,0.678544,0.725306,-0.984879,-0.015733,0.172131,-0.001382,-0.010225,-0.008014,0.015357,-0.025851,-0.050109,0.408192,0.021899,0.052413,-0.022025,-0.183779,0.7185,0.670806,-0.098325,-0.692444,0.714739,0.978037,0.065397,0.197903,-0.000695,-0.005177,-0.004056,-0.026791,0.002168,-0.024754,0.358161,0.00884,0.057813,-0.033899,-0.150553,-0.506912,-0.848748,0.151355,-0.860231,0.486922,-0.976947,-0.055154,0.206234,0.000934,0.004877,-0.004805,0.188223,0.253515,0.13774,-1.045145
859,-0.011135,0.010061,0.384762,0.152673,0.493107,-0.856494,-0.158669,0.867634,0.471176,0.975276,0.063356,0.211776,0.00186,0.009751,-0.009618,0.034844,-0.019008,0.01525,-1.899361,-0.21533,0.009317,0.344433,0.138333,-0.728115,0.671345,0.117999,0.685047,0.718832,-0.983441,-0.01931,0.179813,-0.001374,-0.010186,-0.008013,0.012891,-0.019992,-0.046446,0.410419,0.021964,0.052229,-0.022194,-0.192501,0.711773,0.675515,-0.099767,-0.699019,0.708108,0.976211,0.068918,0.205574,-0.000684,-0.005108,-0.00402,-0.032108,0.016103,-0.012116,0.363387,0.008871,0.05791,-0.034017,-0.163578,-0.501171,-0.849746,0.13867,-0.864477,0.483165,-0.976735,-0.038799,0.210907,0.000931,0.004869,-0.004811,0.01602,-0.050247,0.001343,-1.044982
860,-0.01109,0.010479,0.384401,0.159641,0.487094,-0.858661,-0.143915,0.872,0.467842,0.976441,0.048288,0.21038,0.004483,0.020638,-0.018215,0.064261,-0.04771,0.026119,-1.899145,-0.215249,0.008862,0.344067,0.146399,-0.720441,0.677881,0.118978,0.693011,0.710995,-0.982165,-0.022536,0.186295,-0.001556,-0.011542,-0.009118,0.0689,-0.154101,-0.130441,0.403332,0.022005,0.052007,-0.022372,-0.199842,0.703826,0.681682,-0.100095,-0.706741,0.700355,0.974701,0.071728,0.211686,-0.0008,-0.005972,-0.004717,0.075769,-0.170131,-0.1657,0.362244,0.00889,0.058109,-0.034193,-0.170125,-0.495132,-0.851998,0.123625,-0.868495,0.480034,-0.977636,-0.023663,0.208963,0.001447,0.005636,-0.004127,0.034706,-0.03677,0.037001,-1.041226
861,-0.011001,0.010757,0.384171,0.167323,0.483974,-0.858963,-0.135473,0.87426,0.466142,0.976353,0.037774,0.212922,0.003418,0.012078,-0.007535,0.038549,-0.024319,0.044485,-1.898901,-0.215227,0.008638,0.3439,0.150588,-0.716806,0.680811,0.119507,0.696711,0.707281,-0.981473,-0.024251,0.189699,-0.001294,-0.022254,-0.00057,0.081078,-0.33128,-0.03994,0.401015,0.022016,0.051899,-0.02246,-0.203453,0.70005,0.684496,-0.100258,-0.71034,0.696681,0.973937,0.073116,0.214706,-0.000767,-0.005727,-0.004536,0.15145,-0.299693,-0.277482,0.359141,0.008935,0.058254,-0.034317,-0.177954,-0.491757,-0.852353,0.115318,-0.870632,0.478227,-0.977258,-0.01319,0.211641,0.008801,0.007669,-0.010558,0.054373,-0.072467,0.050792,-1.040083
862,-0.010849,0.011469,0.383622,0.182094,0.477849,-0.859388,-0.125195,0.878146,0.461691,0.975063,0.022931,0.220803,0.004712,0.020976,-0.0179,0.276867,0.33576,0.201884,-1.89894,-0.21517,0.008207,0.343487,0.161526,-0.70845,0.687023,0.121502,0.705042,0.698632,-0.979501,-0.028487,0.199072,0.011779,-0.013082,-0.011137,0.175128,-0.416573,-0.256016,0.396538,0.022041,0.051682,-0.022654,-0.212938,0.691667,0.690111,-0.101179,-0.718122,0.688522,0.971812,0.076788,0.222898,-0.000808,-0.006041,-0.004804,0.190164,-0.521729,-0.345296,0.354406,0.009013,0.05861,-0.034583,-0.191072,-0.485886,-0.85288,0.104297,-0.874019,0.474564,-0.976019,0.001723,0.217677,-0.003959,0.013465,-0.007196,0.418906,0.580049,0.277701,-1.039104
863,-0.010753,0.012128,0.383092,0.196786,0.470382,-0.860268,-0.108217,0.882476,0.457709,0.974222,0.002446,0.225637,0.004794,0.021092,-0.017787,0.035369,-0.009926,0.044199,-1.899495,-0.215204,0.007768,0.343071,0.176073,-0.700796,0.691284,0.125249,0.712396,0.690463,-0.976536,-0.034114,0.212313,0.011889,-0.012386,-0.010626,0.170208,-0.402914,-0.247584,0.383469,0.022023,0.051463,-0.022868,-0.227762,0.683083,0.693917,-0.104693,-0.725695,0.680003,0.968071,0.082231,0.2368,-0.00073,-0.005456,-0.004358,0.337211,-0.730581,-0.266619,0.339546,0.009059,0.058935,-0.034847,-0.207265,-0.477459,-0.853857,0.088083,-0.878373,0.469787,-0.974311,0.02216,0.224111,-0.004305,0.012933,-0.007665,-0.384405,0.174698,0.100153,-1.038287
864,-0.010737,0.012417,0.38289,0.20149,0.467968,-0.860496,-0.10478,0.883761,0.456025,0.97363,-0.002297,0.228178,0.003256,0.011827,-0.007749,0.042023,-0.020439,0.046368,-1.899467,-0.215207,0.007604,0.342926,0.186611,-0.697089,0.692268,0.128407,0.715806,0.686343,-0.974179,-0.038316,0.222192,-0.001088,-0.008054,-0.006444,0.167457,-0.384163,-0.274675,0.38208,0.022025,0.051369,-0.02295,-0.238914,0.678385,0.694776,-0.107932,-0.729614,0.675287,0.965023,0.086347,0.247535,-0.000509,-0.003807,-0.003044,0.222802,-0.588859,-0.135326,0.335301,0.009068,0.059085,-0.034956,-0.21185,-0.47493,-0.854143,0.084475,-0.879608,0.468137,-0.973644,0.027021,0.226465,0.001292,0.005398,-0.004333,0.020967,-0.040878,0.005236,-1.040736
865,-0.010678,0.012909,0.382552,0.207487,0.46155,-0.862534,-0.096026,0.887065,0.451516,0.973266,-0.011426,0.229453,0.002801,0.011144,-0.008355,0.032196,-0.023736,0.013115,-1.899602,-0.215175,0.007486,0.3427,0.224457,-0.682551,0.695511,0.122666,0.727734,0.674752,-0.966955,-0.065284,0.24617,0.01303,-0.004034,-0.003966,0.19638,-0.542879,-0.06747,0.37913,0.022041,0.051306,-0.023067,-0.276689,0.661486,0.697049,-0.101424,-0.741419,0.663332,0.955591,0.112839,0.272233,0.006544,-0.001813,-0.001815,0.15276,-0.511039,-0.040701,0.329259,0.009099,0.059334,-0.035122,-0.217403,-0.468505,-0.856293,0.07552,-0.882719,0.46379,-0.973155,0.036162,0.227288,0.001503,0.005715,-0.00405,0.029235,-0.031305,0.009367,-1.044329
866,-0.010594,0.013164,0.382437,0.224065,0.45054,-0.864207,-0.078075,0.892191,0.444826,0.971175,-0.032751,0.236165,0.000909,0.001358,0.001209,0.153279,0.159115,0.3483,-1.898882,-0.215228,0.007596,0.342507,0.265204,-0.666813,0.696433,0.117996,0.739213,0.663005,-0.957219,-0.092822,0.273821,-0.0002,-0.001477,-0.001185,0.268677,-0.686609,-0.197277,0.394877,0.022014,0.051366,-0.023159,-0.314854,0.644357,0.6969,-0.095197,-0.75198,0.652274,0.944353,0.139028,0.298105,-0.000222,0.004695,-0.004806,0.325988,-0.847524,-0.300755,0.340199,0.009142,0.059465,-0.035184,-0.233109,-0.458255,-0.857707,0.057301,-0.886946,0.458303,-0.97076,0.057687,0.233013,0.001686,0.005876,-0.003873,0.375978,-0.7324,2.729331,-1.046125
867,-0.010496,0.01323,0.382421,0.241074,0.441017,-0.864542,-0.066207,0.896203,0.438645,0.967958,-0.04905,0.24633,0.000766,0.001146,0.001019,-4.567116,2.806024,1.539218,-1.898872,-0.215406,0.007732,0.342291,0.311467,-0.648607,0.69447,0.104229,0.749632,0.653545,-0.944857,-0.130362,0.300188,-0.014027,0.009319,-0.008951,-3.429595,-4.589891,-1.820031,0.402093,0.021931,0.051433,-0.023262,-0.355956,0.626282,0.693588,-0.084924,-0.760809,0.643395,0.930635,0.170118,0.324001,-0.000211,-0.001536,-0.001218,0.119812,-0.416171,-0.024943,0.355712,0.009191,0.059498,-0.035191,-0.246826,-0.449229,-0.858644,0.050456,-0.890814,0.451556,-0.967744,0.068132,0.242543,0.000466,0.000691,0.000616,0.345716,0.501379,0.451823,-1.046615
868,-0.010466,0.013209,0.382433,0.249606,0.432765,-0.866289,-0.056807,0.899598,0.432976,0.966382,-0.059395,0.250211,6.8e-05,0.000102,9e-05,-1.17491,1.092717,0.809362,-1.89898,-0.215498,0.007808,0.342151,0.32586,-0.642544,0.693501,0.103105,0.753217,0.64959,-0.940132,-0.139367,0.310793,-0.000618,0.008087,-0.01067,0.275584,-0.610163,-0.125404,0.399575,0.021881,0.051472,-0.023331,-0.375126,0.616636,0.692127,-0.079306,-0.765263,0.638812,0.923574,0.184746,0.335973,-0.000345,0.003793,-0.00552,0.370121,-0.825449,-0.058823,0.358325,0.009207,0.059489,-0.035184,-0.254411,-0.441356,-0.86051,0.040654,-0.893882,0.446453,-0.966241,0.0786,0.245356,1.1e-05,1.9e-05,1.8e-05,0.017374,-0.062444,0.189916,-1.050044
869,-0.010477,0.013159,0.382431,0.265468,0.420896,-0.867421,-0.043987,0.904041,0.425142,0.962798,-0.075224,0.259592,-0.000302,-0.000452,-0.000402,0.267494,0.417287,0.41448,-1.899093,-0.215597,0.008074,0.341828,0.364782,-0.617864,0.696542,0.08538,0.767036,0.635846,-0.927572,-0.171701,0.33165,-0.000408,0.009626,-0.00943,0.323882,-0.76812,-0.282506,0.384838,0.021831,0.051602,-0.023495,-0.411842,0.590665,0.693902,-0.060253,-0.777464,0.626033,0.90926,0.216018,0.355782,-0.000222,0.004709,-0.004784,-0.094368,0.113916,-0.728742,0.348691,0.009201,0.059463,-0.035186,-0.273335,-0.427161,-0.86187,0.022755,-0.898611,0.438154,-0.961649,0.100151,0.255342,-0.000166,-0.00025,-0.000221,0.362004,0.564184,0.482183,-1.046125
870,-0.010495,0.013137,0.382398,0.287218,0.402789,-0.869087,-0.027015,0.910349,0.412924,0.95714,-0.095616,0.273436,-0.000404,-0.000605,-0.000538,0.337917,0.527483,0.46519,-1.898559,-0.215599,0.008521,0.341453,0.402898,-0.587372,0.701896,0.055771,0.781125,0.621825,-0.913993,-0.21065,0.346562,-0.000229,0.010931,-0.008374,-1.080369,-0.002211,-2.931743,0.376158,0.02183,0.051825,-0.023683,-0.450207,0.559336,0.696029,-0.032343,-0.789197,0.613286,0.892337,0.253594,0.373393,7.5e-05,0.005538,-0.004336,-3.652946,-4.000209,-1.758326,0.333178,0.009192,0.059452,-0.035203,-0.294299,-0.408973,-0.863787,0.005542,-0.904529,0.426374,-0.955697,0.120695,0.268468,-0.000245,-0.000369,-0.000328,0.373247,0.596994,0.497619,-1.051677
871,-0.010502,0.013158,0.382334,0.297791,0.393461,-0.869801,-0.018464,0.913329,0.406769,0.954095,-0.105555,0.280333,-0.000552,-0.000826,-0.000735,0.242083,0.452317,0.211028,-1.898752,-0.215626,0.00872,0.341266,0.416847,-0.578254,0.701322,0.049112,0.784653,0.617934,-0.908117,-0.222416,0.354568,-0.000378,0.009838,-0.00925,-0.079857,-0.938673,-0.083499,0.375674,0.021816,0.051927,-0.023774,-0.462159,0.548013,0.697201,-0.022842,-0.793297,0.608405,0.886502,0.265254,0.379147,-0.000191,0.004772,-0.00475,-0.779486,-1.82282,-0.580261,0.329586,0.009188,0.059462,-0.035234,-0.305465,-0.398818,-0.864658,-0.002763,-0.907685,0.41964,-0.952198,0.130575,0.276164,0.000639,0.004431,-0.005193,0.389859,0.52518,0.487794,-1.053473
872,-0.010534,0.013201,0.382179,0.312664,0.374919,-0.872767,0.001183,0.918665,0.395,0.949488,-0.124995,0.28788,-0.000961,-0.001437,-0.00128,0.070597,0.033729,0.235145,-1.899141,-0.215686,0.009027,0.340898,0.446556,-0.553316,0.703151,0.023969,0.792873,0.608861,-0.894939,-0.254342,0.366411,-0.000397,-0.002906,-0.00234,0.135875,0.070906,-0.703466,0.363166,0.021786,0.052087,-0.023959,-0.491967,0.521389,0.697224,0.002667,-0.799936,0.600079,0.870609,0.297079,0.392151,-0.000363,0.003796,-0.005495,0.176417,1.037143,-2.382992,0.320441,0.009172,0.059484,-0.035312,-0.320985,-0.379479,-0.867734,-0.022152,-0.912958,0.407451,-0.946824,0.150007,0.284639,0.000385,0.004055,-0.005529,0.093973,-0.005203,0.240923,-1.05331
873,-0.010602,0.013149,0.38205,0.32791,0.357108,-0.874639,0.027179,0.921866,0.386519,0.943925,-0.150954,0.293676,-0.002227,-0.003327,-0.002969,-4.787499,2.139224,1.812094,-1.898914,-0.215661,0.009394,0.340431,0.477583,-0.527686,0.702462,-0.005136,0.797745,0.602918,-0.879114,-0.290888,0.377367,-0.000551,0.008565,-0.010266,-3.710869,-3.676908,-2.046403,0.340219,0.021799,0.052264,-0.024191,-0.518075,0.496798,0.696268,0.027904,-0.803779,0.594272,0.854879,0.327306,0.402555,-0.000318,0.004007,-0.005344,0.222742,-0.409778,0.005888,0.297417,0.009141,0.059462,-0.035373,-0.333788,-0.363259,-0.869843,-0.042748,-0.915983,0.398932,-0.941678,0.170343,0.290216,-0.000884,-0.001319,-0.001178,0.02858,-0.042368,0.199231,-1.051187
874,-0.010716,0.013028,0.381858,0.355465,0.32944,-0.874734,0.048968,0.92799,0.369336,0.93298,-0.174524,0.314829,-0.003723,-0.005557,-0.004969,0.433211,0.758683,0.543005,-1.89898,-0.215618,0.009814,0.339903,0.487871,-0.514512,0.70516,-0.013246,0.803265,0.59542,-0.87337,-0.299182,0.384158,-0.000695,0.007509,-0.011112,0.161865,-0.323779,0.049759,0.326457,0.02182,0.052479,-0.024458,-0.53075,0.480203,0.698361,0.041069,-0.808458,0.587119,0.846532,0.340295,0.409367,-0.000355,0.003689,-0.005604,0.187909,-0.346991,0.045549,0.274067,0.009084,0.059401,-0.035469,-0.361012,-0.334073,-0.870669,-0.070694,-0.921142,0.382751,-0.929877,0.19973,0.308927,-0.001922,-0.002872,-0.002569,0.407541,0.713029,0.521552,-1.049554
875,-0.010787,0.012938,0.381737,0.371314,0.30919,-0.875541,0.068585,0.931229,0.357882,0.925526,-0.193314,0.325666,-0.004214,-0.006287,-0.005629,-1.067433,1.262028,1.041012,-1.899817,-0.215615,0.009986,0.339629,0.49486,-0.505722,0.706647,-0.022509,0.805365,0.592296,-0.869245,-0.308373,0.386242,-0.000888,0.006096,-0.012253,0.057613,-0.028976,-0.054296,0.32219,0.021822,0.052562,-0.024585,-0.537763,0.470622,0.699518,0.050451,-0.810252,0.583906,0.841585,0.349294,0.41198,-0.000552,0.008553,-0.010261,0.06811,0.106937,-0.234104,0.266555,0.00905,0.059358,-0.035528,-0.376143,-0.31408,-0.871705,-0.088593,-0.924293,0.371256,-0.922316,0.216872,0.319841,-0.002074,-0.003198,-0.002783,-4.43949,2.795693,2.137494,-1.0538
876,-0.01097,0.012733,0.381468,0.399911,0.27059,-0.875727,0.09668,0.937653,0.333815,0.910961,-0.218492,0.349911,-0.004624,-0.006892,-0.006189,0.30519,0.612905,0.483852,-1.899215,-0.215602,0.010258,0.339098,0.510591,-0.489967,0.706555,-0.0396,0.807371,0.588658,-0.859493,-0.327927,0.391916,-0.000947,0.005662,-0.012606,0.012845,-0.043263,-0.037353,0.31339,0.021829,0.052699,-0.024855,-0.552558,0.454185,0.698852,0.067665,-0.811267,0.580745,0.830722,0.368184,0.41754,-0.000438,0.003095,-0.006084,-0.085257,-0.095151,-0.038577,0.252513,0.008957,0.059254,-0.035664,-0.405007,-0.273754,-0.872369,-0.118245,-0.930429,0.34687,-0.906634,0.243638,0.34446,-0.001304,0.001538,-0.007795,0.362603,0.942088,0.459741,-1.051514
