frame,MLTx,MLTy,MLTz,MLTR1,MLTR2,MLTR3,MLTR4,MLTR5,MLTR6,MLTR7,MLTR8,MLTR9,MLTTVx,MLTTVy,MLTTVz,MLTRVx,MLTRVy,MLTRVz,MLGA,MRTx,MRTy,MRTz,MRTR1,MRTR2,MRTR3,MRTR4,MRTR5,MRTR6,MRTR7,MRTR8,MRTR9,MRTTVx,MRTTVy,MRTTVz,MRTRVx,MRTRVy,MRTRVz,MRGA,SLTx,SLTy,SLTz,SLTR1,SLTR2,SLTR3,SLTR4,SLTR5,SLTR6,SLTR7,SLTR8,SLTR9,SLTTVx,SLTTVy,SLTTVz,SLTRVx,SLTRVy,SLTRVz,SLGA,SRTx,SRTy,SRTz,SRTR1,SRTR2,SRTR3,SRTR4,SRTR5,SRTR6,SRTR7,SRTR8,SRTR9,SRTTVx,SRTTVy,SRTTVz,SRTRVx,SRTRVy,SRTRVz,SRGA
328,0.155632,-0.03198,0.333034,-0.424592,-0.131614,-0.895793,-0.094111,-0.977601,0.188181,-0.899971,0.164361,0.403813,0.030613,-0.003779,0.015507,-0.018771,0.140776,-0.069002,-0.948588,-0.130241,-0.041779,0.312674,0.158201,-0.968479,0.192386,0.945733,0.204503,0.25239,-0.283986,0.143236,0.947997,-0.012224,-0.027592,0.012193,0.098733,-0.244836,0.207041,-1.368024,0.062268,0.023564,-0.025275,-0.137961,0.967245,0.213082,-0.958742,-0.184409,0.216345,0.248553,-0.174444,0.95278,-0.014466,-0.009414,0.001767,0.115244,0.002608,-0.205073,-0.955538,0.078639,0.022499,-0.058494,0.469797,0.200224,-0.859767,-0.033324,0.977266,0.209378,0.882144,-0.069714,0.46579,0.022711,-0.002406,0.007142,-0.028967,0.113426,-0.042928,-0.958045
329,0.157105,-0.032281,0.333566,-0.429427,-0.12859,-0.893925,-0.095248,-0.97784,0.186357,-0.897549,0.165325,0.408779,0.030323,-0.006384,0.012818,-0.024619,0.002185,0.082899,-0.948911,-0.13128,-0.042174,0.312975,0.140142,-0.969133,0.202814,0.951667,0.188254,0.242536,-0.273416,0.160241,0.948383,-0.031207,0.000869,0.005594,0.047853,-0.015546,0.121602,-1.310815,0.061768,0.023353,-0.025129,-0.120511,0.967095,0.224062,-0.963755,-0.168094,0.207173,0.238019,-0.190974,0.952299,-0.015599,0.000282,0.002632,0.429423,0.70372,-0.122951,-0.948516,0.079392,0.022347,-0.058223,0.474801,0.197951,-0.857542,-0.032117,0.977625,0.207888,0.879506,-0.071164,0.470535,0.015117,-0.003535,0.006038,-0.03969,-0.015634,0.043746,-0.957065
330,0.158173,-0.032563,0.334046,-0.43313,-0.123877,-0.892803,-0.097044,-0.978341,0.182765,-0.895572,0.16595,0.412841,0.015355,-0.006713,0.01262,-0.016819,-0.062906,0.23584,-0.949059,-0.132727,-0.041785,0.312873,0.110629,-0.971519,0.209532,0.957187,0.160766,0.240585,-0.267567,0.175167,0.947411,-0.049018,0.019096,-0.013357,-0.154988,0.215844,0.105046,-1.188622,0.061037,0.023554,-0.025154,-0.091588,0.968569,0.231266,-0.968595,-0.140562,0.205097,0.231157,-0.205219,0.951026,-0.024547,0.009852,-0.006284,-0.291789,0.332047,0.267348,-0.890385,0.079931,0.022204,-0.057985,0.478966,0.193797,-0.856173,-0.030239,0.97839,0.204544,0.877311,-0.07208,0.474476,0.015063,-0.004067,0.005487,-0.03556,0.001101,0.052498,-0.957392
331,0.158515,-0.032686,0.334256,-0.43488,-0.121397,-0.892293,-0.097925,-0.978617,0.180808,-0.894626,0.166152,0.414806,0.015318,-0.00708,0.012244,-0.02443,-0.093177,0.220169,-0.947042,-0.133651,-0.041491,0.312564,0.09449,-0.971881,0.215661,0.959701,0.146387,0.239746,-0.264704,0.185539,0.94624,-0.048599,0.015172,-0.018104,0.33259,0.595105,1.358135,-1.173001,0.060575,0.02371,-0.025298,-0.076592,0.968128,0.238454,-0.970284,-0.127427,0.205696,0.229526,-0.215613,0.949119,-0.024227,0.008046,-0.008594,1.174108,1.48553,5.055553,-0.880097,0.080102,0.022142,-0.057881,0.480958,0.191508,-0.855571,-0.029237,0.978812,0.202659,0.876255,-0.072456,0.476367,0.007612,-0.003953,0.005689,-0.046756,-0.023241,0.002938,-0.957228
332,0.159024,-0.032995,0.334583,-0.447391,-0.124328,-0.88568,-0.097903,-0.977528,0.186616,-0.888427,0.170349,0.426271,0.014987,-0.010564,0.008732,0.04307,0.321313,0.170419,-0.94412,-0.135704,-0.040641,0.311606,0.056832,-0.971397,0.230542,0.965359,0.112231,0.235413,-0.254635,0.210398,0.943799,-0.049735,0.025204,-0.027693,1.41397,2.319291,-0.895548,-1.162396,0.059573,0.02412,-0.025767,-0.037264,0.967012,0.251988,-0.974821,-0.090653,0.203727,0.21985,-0.238051,0.946042,-0.024897,0.01294,-0.013395,0.237728,0.12685,0.446887,-0.905244,0.080357,0.021992,-0.057713,0.491278,0.19648,-0.848552,-0.029585,0.977426,0.209192,0.870499,-0.077667,0.486001,4.5e-05,-0.005047,0.004685,0.117854,0.527994,0.223824,-0.955105
333,0.159408,-0.033352,0.334907,-0.461903,-0.142795,-0.875386,-0.084323,-0.975414,0.203545,-0.882358,0.168005,0.439598,0.000103,-0.010153,0.009334,0.026952,0.374887,-0.056114,-0.942186,-0.137781,-0.040054,0.310771,0.030553,-0.970263,0.240101,0.968928,0.087597,0.231168,-0.245374,0.226798,0.942453,-0.048199,0.012175,-0.021937,0.067802,0.04754,-0.060632,-1.123154,0.058509,0.024429,-0.026194,-0.011795,0.964214,0.264861,-0.977923,-0.066388,0.198134,0.208627,-0.256677,0.94371,-0.031144,2.3e-05,-0.006372,0.041946,0.054286,-0.056731,-0.912102,0.080554,0.02181,-0.057554,0.50292,0.21594,-0.836923,-0.043978,0.973427,0.224734,0.863213,-0.076216,0.499052,1.4e-05,0.000202,0.000198,0.133166,0.414984,0.213124,-0.953309
334,0.159468,-0.033484,0.335081,-0.463934,-0.141132,-0.874582,-0.084131,-0.975746,0.202024,-0.881309,0.167474,0.4419,0.000249,-0.008619,0.010877,0.839347,-1.030492,2.1796,-0.942036,-0.138832,-0.039968,0.310422,0.015439,-0.97014,0.242036,0.970485,0.07266,0.22981,-0.240564,0.232564,0.942288,-0.062236,-0.000866,-0.014009,0.148866,0.16775,0.372586,-1.113617,0.057989,0.024476,-0.026373,0.002733,0.963644,0.267173,-0.979016,-0.051861,0.19707,0.203761,-0.262105,0.943282,-0.023378,-0.0003,-0.007877,0.418772,0.536407,1.313426,-0.914715,0.080584,0.021741,-0.057471,0.506443,0.216529,-0.834643,-0.044565,0.973236,0.225442,0.86112,-0.076977,0.502538,0.000111,0.001238,0.001241,0.096867,0.432475,-0.006944,-0.952166
335,0.159484,-0.033601,0.335477,-0.466655,-0.140582,-0.873221,-0.083702,-0.975835,0.201772,-0.879909,0.167417,0.444701,0.000512,0.005423,0.005442,0.003536,-0.002851,0.030901,-0.941374,-0.14081,-0.039972,0.309801,-0.024154,-0.966299,0.256271,0.974608,0.03417,0.221147,-0.22243,0.25632,0.940579,-0.046827,-0.000428,-0.015743,0.146724,0.263176,0.199694,-1.068398,0.056995,0.024472,-0.026685,0.041828,0.958336,0.282562,-0.981845,-0.012943,0.189241,0.185014,-0.285348,0.940396,-0.023403,-0.0002,-0.007818,0.459573,0.434537,1.480953,-0.916674,0.080592,0.021676,-0.057272,0.508662,0.213642,-0.834037,-0.044441,0.973947,0.222376,0.859818,-0.076049,0.504905,0.000259,0.002824,0.002833,-0.011184,-0.027965,0.015355,-0.952166
336,0.15946,-0.033515,0.335798,-0.468789,-0.138801,-0.872363,-0.084134,-0.97607,0.200453,-0.878731,0.167531,0.446982,0.000578,-0.005125,0.014371,-0.031935,0.026527,-0.011422,-0.94205,-0.142488,-0.03984,0.309166,-0.075057,-0.956933,0.280422,0.978629,-0.01687,0.204778,-0.191144,0.291002,0.93736,-0.032824,0.013798,-0.022359,0.933,1.031406,1.27126,-0.97601,0.056151,0.024529,-0.027005,0.090474,0.947255,0.307443,-0.983947,0.03734,0.174505,0.153821,-0.318296,0.935427,-0.015719,0.001302,-0.007505,2.907462,3.309589,4.427861,-0.893977,0.08058,0.021722,-0.057109,0.510934,0.21214,-0.833031,-0.043971,0.974251,0.221133,0.858494,-0.076355,0.507107,0.000293,-0.002459,0.007292,-0.044962,-0.000725,-0.022808,-0.951677
337,0.159393,-0.03344,0.335947,-0.468586,-0.138459,-0.872526,-0.084418,-0.976103,0.200171,-0.878812,0.16762,0.446789,0.000527,0.00557,0.005571,0.006608,-0.104695,0.202109,-0.942437,-0.143201,-0.039636,0.308776,-0.095692,-0.952128,0.290323,0.979567,-0.038427,0.197244,-0.176536,0.304463,0.935949,-0.032844,0.014232,-0.02187,0.669555,0.544462,1.45251,-0.946652,0.055782,0.024636,-0.027208,0.111658,0.941283,0.318619,-0.984114,0.060205,0.167014,0.138025,-0.332206,0.933053,-0.016412,0.007117,-0.010896,0.672315,0.555848,1.465147,-0.885486,0.080546,0.021758,-0.057036,0.510662,0.212022,-0.833229,-0.0437,0.974265,0.221127,0.858669,-0.076509,0.506786,0.00024,0.002599,0.002599,-0.00197,-0.005511,-0.002584,-0.951677
338,0.159188,-0.03334,0.336226,-0.472004,-0.147251,-0.869238,-0.078037,-0.975104,0.207499,-0.877568,0.16595,0.449846,0.000375,0.00394,0.003934,1.441155,-0.344016,-0.74584,-0.938617,-0.144385,-0.039067,0.30809,-0.108705,-0.94561,0.306587,0.979702,-0.049849,0.193993,-0.168034,0.32264,0.931414,-0.016529,0.00905,-0.008632,-0.057053,0.079038,0.037192,-0.940815,0.055196,0.024912,-0.027553,0.124411,0.93387,0.335273,-0.983754,0.07202,0.164439,0.129418,-0.350285,0.927658,-0.016544,0.009376,-0.008205,-0.018451,0.072295,0.031084,-0.901978,0.080444,0.021812,-0.056893,0.513067,0.220224,-0.829616,-0.048654,0.972433,0.228046,0.856968,-0.076639,0.509638,0.000115,-0.003049,0.006565,4.769737,-1.163047,-2.476757,-0.95184
339,0.159128,-0.033223,0.336489,-0.479805,-0.152957,-0.863966,-0.071535,-0.974588,0.212208,-0.873876,0.163806,0.457749,-0.014275,-0.004571,0.01509,0.0067,0.178777,0.061285,-0.939307,-0.144978,-0.038537,0.307668,-0.132586,-0.934264,0.331004,0.979284,-0.072123,0.189037,-0.152582,0.350384,0.92402,-0.001195,0.011029,-0.00828,1.401529,2.334456,-0.219343,-0.939531,0.054894,0.025185,-0.027762,0.147272,0.921432,0.359546,-0.982491,0.094343,0.160654,0.114111,-0.376911,0.919193,-0.00061,0.005589,-0.004068,1.433013,2.29444,-0.222944,-0.925492,0.080414,0.021868,-0.056763,0.519291,0.22759,-0.823734,-0.05728,0.970988,0.232165,0.852675,-0.073377,0.517262,-0.007141,-0.002285,0.007549,0.018386,0.195665,0.07586,-0.948737
340,0.15902,-0.033376,0.336893,-0.487931,-0.150252,-0.85988,-0.072062,-0.974778,0.211158,-0.869315,0.165176,0.46587,0.000213,-0.008941,0.010541,0.08257,0.470012,0.214112,-0.955782,-0.145214,-0.038154,0.307459,-0.168195,-0.919686,0.354795,0.978214,-0.111554,0.174891,-0.121067,0.377636,0.917931,-9.9e-05,0.001644,0.001977,0.014303,0.021433,0.005254,-0.94334,0.054775,0.025376,-0.027866,0.181562,0.905036,0.384634,-0.980026,0.134257,0.146706,0.081135,-0.403588,0.911335,-5.3e-05,0.0009,0.001108,0.016049,-0.008085,0.005833,-0.943454,0.080361,0.021801,-0.056559,0.525869,0.226609,-0.819822,-0.05673,0.971054,0.232022,0.848671,-0.075505,0.523502,0.000103,-0.004454,0.00529,0.083,0.509489,0.240551,-0.956085
341,0.159011,-0.033623,0.337114,-0.4894,-0.15173,-0.858785,-0.066933,-0.975307,0.210399,-0.868898,0.160632,0.468232,6.5e-05,-0.010495,0.008996,0.452239,0.142433,-0.132423,-0.957963,-0.145218,-0.038096,0.307513,-0.181027,-0.911799,0.36857,0.97793,-0.127437,0.165369,-0.103599,0.391516,0.914246,-0.000158,0.002633,0.003164,1.292026,2.254155,-0.905899,-0.947553,0.054774,0.025404,-0.027841,0.194465,0.897334,0.396199,-0.978742,0.150668,0.139149,0.065169,-0.414836,0.907558,-5.7e-05,0.000927,0.001137,0.001784,-0.002098,-0.002721,-0.954721,0.080356,0.021679,-0.056447,0.528383,0.227204,-0.818039,-0.061299,0.971221,0.230155,0.846789,-0.071465,0.527104,1e-06,-0.005409,0.004327,1.511013,-0.002057,-0.62904,-0.960331
342,0.159114,-0.034087,0.337511,-0.495529,-0.150983,-0.855395,-0.067771,-0.975054,0.211301,-0.865347,0.162858,0.474004,0.000155,-0.009563,0.009927,-0.049734,0.088014,-0.059204,-0.972596,-0.145192,-0.03812,0.307545,-0.216603,-0.890729,0.399595,0.974122,-0.170601,0.148035,-0.06343,0.422437,0.904094,-0.001133,0.010023,-0.009488,2.111807,1.386167,4.701184,-0.956991,0.054787,0.025395,-0.027813,0.222193,0.875482,0.429139,-0.974688,0.188279,0.120554,0.024745,-0.445064,0.895156,3.2e-05,-0.000602,-0.000703,0.017066,1.2185,-0.472853,-0.97105,0.080407,0.021441,-0.056255,0.534917,0.226834,-0.813884,-0.060909,0.971133,0.230629,0.842705,-0.073795,0.533292,8.2e-05,-0.004667,0.005077,-0.132689,0.150096,-0.227518,-0.967189
343,0.159241,-0.034432,0.337851,-0.505724,-0.14659,-0.850176,-0.068633,-0.975498,0.208962,-0.859352,0.164203,0.484334,0.014933,-0.01109,0.008214,0.020046,0.208202,0.117,-1.07521,-0.145328,-0.03798,0.307228,-0.235655,-0.872718,0.427575,0.971267,-0.197355,0.132756,-0.031193,0.447669,0.893579,-0.001018,0.00813,-0.011766,-0.011122,0.54565,0.038747,-0.972719,0.054718,0.025465,-0.027971,0.244784,0.854966,0.457289,-0.969525,0.220715,0.106323,-0.010028,-0.46938,0.882939,-0.000532,0.004448,-0.005424,0.32524,0.897655,1.014336,-0.972847,0.080466,0.021271,-0.056082,0.54479,0.223822,-0.80815,-0.060053,0.97166,0.228624,0.836418,-0.07602,0.542792,2.4e-05,-0.005291,0.004456,0.036582,0.27584,0.114612,-1.004583
344,0.159362,-0.034906,0.338165,-0.51172,-0.145243,-0.846813,-0.063948,-0.976434,0.206056,-0.856153,0.159769,0.49143,3.8e-05,-0.010828,0.008673,-0.022427,0.062857,0.006693,-1.141595,-0.145489,-0.037779,0.307052,-0.249206,-0.864918,0.435667,0.968247,-0.214903,0.127468,-0.016324,0.454684,0.890427,-0.001237,0.011822,-0.007325,2.45679,1.093514,4.408468,-0.984307,0.054543,0.025699,-0.028147,0.266299,0.837668,0.47686,-0.963121,0.250996,0.096941,-0.038485,-0.485089,0.873616,-0.000676,0.00694,-0.002402,-0.432925,0.755476,-0.41182,-0.990972,0.080531,0.021027,-0.055924,0.55115,0.222704,-0.804136,-0.064447,0.972206,0.225079,0.831912,-0.072228,0.550185,1.5e-05,-0.005404,0.004344,-0.051223,0.006324,-0.014523,-1.044752
345,0.159387,-0.035062,0.33833,-0.516234,-0.142312,-0.844567,-0.064392,-0.976857,0.2039,-0.853401,0.159815,0.496178,0.000258,-0.008505,0.010984,0.012261,0.179313,0.097263,-1.157661,-0.145917,-0.037113,0.306672,-0.272699,-0.846343,0.457526,0.96195,-0.246283,0.11802,0.013123,0.473363,0.880692,-0.017757,0.021732,-0.014953,0.146902,0.45229,-0.004396,-0.995082,0.054437,0.025886,-0.02825,0.27981,0.826836,0.487901,-0.958572,0.268843,0.094136,-0.053334,-0.494029,0.867807,-0.00121,0.011964,-0.007278,2.379071,1.076431,4.493793,-0.989502,0.080543,0.020948,-0.05585,0.555398,0.220544,-0.801805,-0.064004,0.972667,0.223207,0.829117,-0.07265,0.554333,4.4e-05,0.000521,0.000515,0.055648,0.214372,0.107683,-1.046058
346,0.159362,-0.035376,0.338718,-0.524609,-0.14415,-0.839078,-0.053812,-0.977976,0.201593,-0.849008,0.151083,0.506346,0.00013,-0.009858,0.00964,0.096563,0.518008,0.233995,-1.20864,-0.146357,-0.036452,0.306207,-0.298144,-0.815597,0.495886,0.953176,-0.281378,0.110524,0.049747,0.506641,0.860641,-0.016561,0.010844,-0.006514,0.580355,1.018689,1.027856,-1.024681,0.05421,0.026225,-0.028488,0.302743,0.794604,0.52626,-0.948796,0.303518,0.087533,-0.090176,-0.525814,0.845805,-0.00064,0.006401,-0.00326,2.699139,2.049412,4.218216,-0.99881,0.080531,0.020797,-0.05565,0.561581,0.224181,-0.796472,-0.074539,0.972389,0.221139,0.824056,-0.064819,0.562786,6.4e-05,-0.00489,0.004857,0.095623,0.553724,0.263931,-1.061734
347,0.159393,-0.035953,0.339107,-0.534584,-0.148824,-0.831936,-0.043031,-0.978302,0.202594,-0.843374,0.144281,0.517619,-2.6e-05,-0.022747,0.01627,0.008007,0.754311,0.063306,-1.230295,-0.14694,-0.035951,0.305941,-0.33024,-0.77591,0.537491,0.938803,-0.328778,0.102407,0.097654,0.539389,0.836293,-0.016564,0.011254,-0.006035,1.940169,2.991847,-0.24255,-1.039666,0.053912,0.02648,-0.028623,0.333706,0.752291,0.568065,-0.932534,0.351608,0.082174,-0.137917,-0.557162,0.81887,-0.008302,0.00567,-0.002991,1.956088,2.964163,-0.237126,-1.002565,0.080547,0.020515,-0.055456,0.569987,0.22982,-0.788858,-0.085371,0.971454,0.221331,0.817206,-0.058811,0.573336,-6.6e-05,-0.006324,0.003433,-0.335547,0.529842,-0.751189,-1.063367
348,0.159527,-0.03623,0.339311,-0.538236,-0.149208,-0.829508,-0.037944,-0.978916,0.200639,-0.84129,0.139645,0.522262,0.015023,-0.021756,0.017058,0.045762,0.40578,0.182999,-1.230382,-0.147292,-0.035795,0.305817,-0.352115,-0.750465,0.559293,0.927318,-0.360489,0.100312,0.126764,0.554903,0.822117,-0.015305,-0.001249,0.000467,-0.293789,1.178763,-0.138701,-1.065133,0.053741,0.026562,-0.028682,0.35382,0.726571,0.588986,-0.920042,0.383697,0.079366,-0.168327,-0.569973,0.804236,-0.008234,0.00476,-0.004054,0.461153,1.388578,1.007207,-1.002239,0.080608,0.020373,-0.055358,0.5746,0.230043,-0.785438,-0.090367,0.971649,0.218473,0.813429,-0.054557,0.579099,2.5e-05,-0.005334,0.004418,0.171092,0.666443,0.052637,-1.06549
349,0.159908,-0.036786,0.3397,-0.549156,-0.141607,-0.823663,-0.039732,-0.980002,0.194912,-0.834112,0.139932,0.533576,0.014854,-0.01247,0.006842,0.084665,0.450245,0.234557,-1.26663,-0.14799,-0.035784,0.305726,-0.381365,-0.707144,0.595399,0.907253,-0.409703,0.09471,0.177424,0.577181,0.797023,-0.015299,-0.001369,0.000309,-0.288143,1.140375,-0.109419,-1.150191,0.053393,0.026565,-0.02873,0.38076,0.681836,0.624596,-0.898443,0.432547,0.075512,-0.21868,-0.589916,0.777288,-0.00707,-0.006148,0.004381,0.762898,0.841848,0.570943,-1.007627,0.080793,0.020099,-0.05516,0.585288,0.223976,-0.779276,-0.088323,0.972983,0.213314,0.805999,-0.056022,0.589258,0.007435,-0.011751,0.007656,0.056465,0.576635,0.250786,-1.068756
350,0.160679,-0.037501,0.339939,-0.56011,-0.138695,-0.816753,-0.035893,-0.980896,0.191119,-0.826964,0.136529,0.545452,0.029414,-0.017353,0.001745,0.041045,0.282789,0.155868,-1.287601,-0.148573,-0.035802,0.30594,-0.39479,-0.6835,0.61397,0.89345,-0.441268,0.083445,0.214368,0.58235,0.784078,-0.015517,0.003023,0.005559,-0.055265,0.319715,-0.503419,-1.164427,0.053102,0.026548,-0.028631,0.393605,0.655662,0.644345,-0.883221,0.464107,0.067265,-0.254942,-0.595575,0.76177,-0.007753,0.001384,0.002652,-0.033667,0.394847,-0.721733,-1.007464,0.081179,0.019742,-0.055031,0.597286,0.221377,-0.77087,-0.091863,0.973708,0.20845,0.796749,-0.05369,0.601919,0.014703,-0.008664,0.000875,0.060215,0.331623,0.212286,-1.080839
351,0.161274,-0.037797,0.339912,-0.563445,-0.138701,-0.814455,-0.030877,-0.981582,0.188458,-0.824896,0.131499,0.549802,0.029336,-0.007047,-0.007484,0.051928,0.160614,0.152476,-1.292541,-0.148835,-0.0358,0.306073,-0.400284,-0.675312,0.61945,0.887191,-0.454732,0.077743,0.229667,0.581534,0.780342,-0.00015,0.00301,0.003602,3.387266,0.725798,3.799061,-1.164428,0.052965,0.026555,-0.028557,0.396974,0.648291,0.649714,-0.877456,0.475701,0.061465,-0.269223,-0.594496,0.757688,-7.8e-05,0.001581,0.001857,3.391474,0.715432,3.791049,-1.007627,0.081476,0.019588,-0.055044,0.600641,0.221571,-0.768202,-0.096637,0.973906,0.205344,0.793656,-0.049101,0.606381,0.014654,-0.009415,0.000109,0.01262,0.197845,0.116873,-1.082146
352,0.162424,-0.03811,0.33974,-0.573862,-0.140593,-0.806822,-0.024923,-0.981699,0.188727,-0.817879,0.12858,0.560863,0.029582,-0.004627,-0.00511,0.032038,0.084558,0.115072,-1.324311,-0.149183,-0.035995,0.306289,-0.418403,-0.660493,0.623441,0.872462,-0.482973,0.074033,0.252713,0.575731,0.777517,0.001147,-0.011085,0.008215,0.984501,0.229788,1.097607,-1.165564,0.05279,0.026466,-0.028447,0.414658,0.632968,0.653765,-0.861857,0.503713,0.058953,-0.291995,-0.587897,0.754396,0.000579,-0.00565,0.003937,3.395004,0.512935,4.10252,-0.993748,0.082051,0.019425,-0.055136,0.610361,0.224357,-0.759686,-0.102499,0.973357,0.205109,0.785463,-0.047323,0.617096,0.014771,-0.002551,-0.00281,0.008289,0.159387,-0.092186,-1.081329
353,0.163719,-0.038358,0.339468,-0.582294,-0.139349,-0.800975,-0.025224,-0.981629,0.189049,-0.811883,0.130452,0.569082,0.044256,-0.008915,-0.009716,0.034694,0.092692,0.123757,-1.317171,-0.149342,-0.036634,0.3066,-0.450971,-0.637769,0.624393,0.846945,-0.526415,0.074202,0.281913,0.563089,0.776736,-0.014071,-0.014405,0.006162,3.412476,0.433939,4.244464,-1.159955,0.052711,0.026141,-0.02829,0.446414,0.60942,0.655226,-0.835344,0.546332,0.060992,-0.320802,-0.574568,0.752966,-0.007036,-0.007271,0.002953,3.411337,0.429743,4.241352,-0.990808,0.08271,0.019307,-0.055266,0.618248,0.223975,-0.753394,-0.102142,0.973305,0.205532,0.779317,-0.050117,0.624622,0.022118,-0.004609,-0.005033,0.023859,0.068357,0.116914,-1.076431
354,0.165352,-0.038752,0.339012,-0.5803,-0.140292,-0.802257,-0.020875,-0.982165,0.186786,-0.813434,0.125306,0.568024,0.029266,-0.009711,-0.010338,0.120829,-0.044388,-0.051403,-1.319016,-0.149293,-0.037239,0.307004,-0.455196,-0.63682,0.622294,0.844021,-0.53111,0.074061,0.283896,0.559739,0.778434,0.001113,-0.01043,0.009002,0.018718,-0.061233,-0.062904,-1.164791,0.052736,0.025833,-0.028094,0.451694,0.607767,0.653139,-0.831371,0.552363,0.060963,-0.323718,-0.570538,0.754779,0.000546,-0.005122,0.004617,0.007739,-0.049949,-0.058016,-0.990972,0.083515,0.019111,-0.055494,0.616077,0.2247,-0.754955,-0.106096,0.973385,0.203134,0.780507,-0.045049,0.623521,0.022116,-0.0052,-0.005682,0.407408,-0.127424,-0.222701,-1.06598
355,0.166027,-0.038913,0.338835,-0.581074,-0.141373,-0.801506,-0.021166,-0.981839,0.188459,-0.812873,0.126643,0.56853,0.029442,-0.007761,-0.008407,0.001112,-0.016543,0.033343,-1.325488,-0.149231,-0.037503,0.3072,-0.465689,-0.630594,0.620867,0.834963,-0.545454,0.07246,0.293527,0.552936,0.779723,0.002291,-0.0222,0.016399,3.376865,0.394178,4.256039,-1.162651,0.052766,0.025712,-0.027999,0.458373,0.604309,0.651693,-0.825214,0.561668,0.05959,-0.330024,-0.565101,0.756138,0.000573,-0.005727,0.00389,-0.043942,0.015668,-0.017292,-0.990319,0.083852,0.019025,-0.055587,0.616616,0.225989,-0.75413,-0.106077,0.973027,0.204852,0.780083,-0.046319,0.623957,0.022231,-0.00388,-0.004373,0.004542,-0.033578,0.064073,-1.06696
356,0.167497,-0.039119,0.338551,-0.587449,-0.141272,-0.796863,-0.022493,-0.981414,0.190505,-0.808238,0.130005,0.574349,0.044624,-0.006071,-0.007075,-0.354533,0.375495,-0.564838,-1.318237,-0.149349,-0.038098,0.30746,-0.480475,-0.613265,0.62693,0.817126,-0.572572,0.066332,0.318867,0.544921,0.775401,-0.014139,-0.013665,0.007049,3.426506,0.390365,4.237042,-1.158437,0.052713,0.025416,-0.027869,0.472614,0.586202,0.658028,-0.80661,0.588514,0.055054,-0.354986,-0.556792,0.750977,-0.007063,-0.007093,0.003215,-0.042175,0.035076,-0.06961,-0.986726,0.084581,0.018922,-0.055729,0.622552,0.225816,-0.749289,-0.104808,0.972896,0.206124,0.775527,-0.049792,0.629346,0.022297,0.002507,-0.00778,-1.162493,1.2614,-1.996885,-1.064347
357,0.16936,-0.03913,0.338114,-0.589672,-0.144228,-0.794689,-0.017613,-0.981395,0.191116,-0.806738,0.126866,0.577153,0.04448,0.004578,-0.016028,0.037904,-0.042037,0.082344,-1.311229,-0.149792,-0.038142,0.307691,-0.490746,-0.604828,0.627171,0.807241,-0.586432,0.066289,0.328295,0.539568,0.775211,-0.015546,0.003196,0.005741,0.002321,0.001373,-0.001057,-1.15962,0.052499,0.025375,-0.02776,0.486175,0.574576,0.658404,-0.792908,0.606763,0.055985,-0.367327,-0.549273,0.750579,-0.00779,0.001864,0.0032,0.027205,0.00384,0.028861,-0.986236,0.085513,0.018914,-0.055942,0.624374,0.229688,-0.746592,-0.109789,0.972107,0.207251,0.773371,-0.047435,0.632176,0.022269,0.002653,-0.007673,0.036874,-0.051732,0.082433,-1.064837
358,0.170264,-0.039087,0.33787,-0.591398,-0.146869,-0.792921,-0.017519,-0.980702,0.19465,-0.805474,0.129183,0.578403,0.044547,0.005575,-0.015064,-0.321912,0.344949,-0.521698,-1.308235,-0.150129,-0.038098,0.307768,-0.497345,-0.599148,0.627425,0.800514,-0.595618,0.065957,0.334792,0.535818,0.775033,-0.015485,0.00201,0.00431,0.093415,0.010948,0.111467,-1.161587,0.052324,0.025404,-0.027713,0.492491,0.568798,0.658726,-0.786037,0.615629,0.056089,-0.373627,-0.545407,0.750288,-0.015401,5.7e-05,0.001983,0.309235,0.063815,0.330246,-0.982644,0.085965,0.018934,-0.056066,0.625345,0.231874,-0.745102,-0.109949,0.971489,0.210047,0.772563,-0.049429,0.633009,0.022303,0.002452,-0.007907,-1.161285,1.290326,-2.015971,-1.062877
359,0.171867,-0.038912,0.337313,-0.592337,-0.147847,-0.792037,-0.017829,-0.980374,0.196269,-0.804777,0.130556,0.579065,0.029544,0.005805,-0.01453,0.036816,-0.027459,0.05267,-1.298231,-0.150923,-0.038161,0.307792,-0.51709,-0.58337,0.626329,0.779486,-0.62316,0.0633,0.354005,0.52168,0.77614,-0.015303,-0.002083,-0.000603,0.014155,0.006071,-0.025019,-1.160195,0.051926,0.025379,-0.027692,0.511911,0.552634,0.657679,-0.764094,0.642787,0.054619,-0.392564,-0.530489,0.751315,-0.015314,-0.001859,-0.00032,0.01494,0.044245,-0.019066,-0.982644,0.086772,0.019022,-0.056344,0.626341,0.233578,-0.743731,-0.109851,0.97098,0.212436,0.771769,-0.051358,0.633824,0.014802,0.003268,-0.006921,0.041618,-0.044244,0.08331,-1.062388
360,0.172944,-0.038688,0.336817,-0.593664,-0.149668,-0.790701,-0.017615,-0.9799,0.198639,-0.803803,0.132032,0.580083,0.014539,0.006031,-0.013939,0.035779,-0.012602,0.023061,-1.268942,-0.151881,-0.038191,0.307842,-0.539711,-0.561916,0.62686,0.753642,-0.654248,0.062583,0.375614,0.506912,0.775769,-0.015396,0.000221,0.002133,0.091722,0.024564,0.086792,-1.159977,0.051448,0.025359,-0.027674,0.533849,0.53043,0.658519,-0.737496,0.673046,0.055743,-0.413646,-0.515414,0.750496,-0.015379,-0.000282,0.00155,0.309581,0.06263,0.331237,-0.982807,0.087316,0.019136,-0.056591,0.627337,0.235498,-0.742285,-0.110184,0.970431,0.214758,0.770912,-0.052938,0.634736,0.014796,0.003237,-0.006964,0.041184,-0.043843,0.08302,-1.059612
361,0.17355,-0.038752,0.336469,-0.592953,-0.14815,-0.79152,-0.018176,-0.980218,0.197017,-0.804315,0.131386,0.579519,0.014745,-0.005227,-0.005727,0.000984,-0.014715,0.029553,-1.268529,-0.15288,-0.038142,0.307877,-0.564217,-0.534548,0.629214,0.722655,-0.688238,0.063496,0.399796,0.491203,0.773786,-0.030694,-0.001848,0.001488,1.01411,0.17974,1.261613,-1.161816,0.05096,0.025383,-0.027651,0.554515,0.505499,0.661047,-0.709734,0.702034,0.058514,-0.434499,-0.501615,0.748059,-0.015349,-0.000868,0.000831,0.055846,0.083358,0.083206,-0.983134,0.087619,0.01911,-0.056766,0.626877,0.234003,-0.743146,-0.109648,0.970835,0.213205,0.771363,-0.052169,0.634252,0.007364,-0.00289,-0.003157,0.000397,-0.001863,0.003769,-1.061081
362,0.173623,-0.038857,0.33636,-0.592971,-0.148186,-0.7915,-0.018153,-0.980211,0.197049,-0.804302,0.131391,0.579535,-0.000286,-0.005424,-0.005527,-0.000854,0.012993,-0.02571,-1.268781,-0.153353,-0.038156,0.307886,-0.576056,-0.521366,0.629547,0.706568,-0.704785,0.06304,0.411532,0.481789,0.773553,-0.030688,-0.002003,0.001284,0.004105,0.031912,-0.04743,-1.16148,0.050729,0.02538,-0.02765,0.5691,0.488642,0.661326,-0.688973,0.722369,0.059145,-0.448821,-0.489296,0.747762,-0.007676,-0.00041,0.000451,0.101411,0.01681,0.08224,-0.981827,0.087662,0.019055,-0.056823,0.626844,0.233896,-0.743208,-0.109583,0.970862,0.213116,0.771399,-0.052147,0.63421,-0.000128,-0.002518,-0.002573,0.000185,-4.4e-05,-0.000129,-1.062224
363,0.173392,-0.038958,0.336249,-0.592958,-0.148165,-0.791513,-0.018145,-0.980218,0.197016,-0.804312,0.131362,0.579528,-8e-05,-0.001488,-0.001518,0.005893,-0.089676,0.177431,-1.255766,-0.154297,-0.03821,0.307951,-0.598622,-0.492373,0.631833,0.673349,-0.736486,0.06421,0.434453,0.464503,0.771589,-0.030693,-0.001796,0.001494,1.042584,0.141575,1.226639,-1.169019,0.050245,0.025352,-0.027618,0.589893,0.459993,0.663649,-0.6563,0.751933,0.062174,-0.470421,-0.472229,0.745454,-0.00769,-0.000282,0.000558,3.508215,0.354961,4.234659,-0.979378,0.087546,0.018998,-0.056886,0.626876,0.234023,-0.743142,-0.109688,0.970832,0.213198,0.771359,-0.052135,0.63426,-0.007549,-0.000679,-0.000492,-0.000877,0.014662,-0.029659,-1.063041
364,0.172779,-0.038977,0.336158,-0.592894,-0.148055,-0.791582,-0.018087,-0.980258,0.196825,-0.804361,0.131192,0.5795,-0.015149,-0.002073,-0.00172,0.004906,-0.074989,0.147863,-1.233877,-0.154911,-0.038127,0.308107,-0.612368,-0.476771,0.630624,0.6518,-0.755836,0.061678,0.447991,0.449413,0.772784,-0.000117,0.003861,0.004601,3.485343,0.340625,4.270663,-1.191092,0.049927,0.025389,-0.027544,0.603223,0.444329,0.662338,-0.634246,0.770754,0.060579,-0.483583,-0.456628,0.74675,-7.9e-05,0.002111,0.002494,3.481069,0.342349,4.271335,-0.991298,0.087245,0.018993,-0.056927,0.626823,0.233891,-0.743227,-0.109728,0.970873,0.212988,0.771396,-0.051952,0.63423,-0.007582,-0.001195,-0.001017,-0.001749,0.027685,-0.055312,-1.062714
365,0.172504,-0.038989,0.336079,-0.590751,-0.14951,-0.79291,-0.017808,-0.980027,0.197993,-0.805943,0.131265,0.57728,-0.0152,-0.002912,-0.002583,-0.00348,0.004225,-0.034773,-1.222557,-0.155041,-0.03804,0.308226,-0.617929,-0.469517,0.630642,0.642836,-0.763475,0.061647,0.453291,0.444087,0.772772,-0.015473,0.003657,0.006153,0.000549,0.001167,-0.003254,-1.191678,0.049862,0.025433,-0.027484,0.609395,0.435781,0.662368,-0.623712,0.779259,0.061145,-0.48951,-0.450389,0.746678,-0.007741,0.001883,0.003153,-0.000835,0.001735,-0.005328,-0.991625,0.087102,0.018987,-0.056966,0.624404,0.235108,-0.744878,-0.109959,0.970586,0.214174,0.773322,-0.051825,0.63189,-0.007602,-0.001531,-0.001361,0.009545,0.028441,-0.027519,-1.061408
366,0.172195,-0.038857,0.335645,-0.587727,-0.154664,-0.794168,-0.016206,-0.979112,0.202608,-0.808187,0.132134,0.573936,-0.000488,0.005887,-0.01372,-0.029111,-0.283602,-0.116663,-1.211241,-0.155148,-0.037911,0.308424,-0.623564,-0.460092,0.63204,0.633517,-0.771041,0.063925,0.458681,0.440852,0.771444,-9e-05,0.003014,0.003582,-0.046089,0.059935,0.037157,-1.192344,0.049809,0.025501,-0.02738,0.614673,0.426058,0.663814,-0.614318,0.786452,0.06407,-0.494761,-0.447175,0.745147,-5.4e-05,0.001708,0.002035,-0.044443,0.04472,0.060212,-0.989502,0.086948,0.019052,-0.057177,0.621812,0.239357,-0.745692,-0.111577,0.969513,0.21816,0.775176,-0.052453,0.629562,-0.000265,0.002467,-0.007339,-0.092277,-0.427009,-0.197017,-1.061571
367,0.172217,-0.038631,0.334986,-0.586776,-0.158255,-0.794163,-0.014391,-0.978524,0.20556,-0.808912,0.132237,0.572889,-0.000652,0.003017,-0.016673,0.024073,-0.043266,-0.029094,-1.222818,-0.155113,-0.037842,0.308582,-0.634368,-0.445147,0.631991,0.615079,-0.785815,0.06408,0.46888,0.429938,0.771471,-5.5e-05,0.001827,0.002169,0.094293,0.009575,0.115124,-1.223941,0.049826,0.025538,-0.027298,0.625057,0.411001,0.663612,-0.595546,0.800682,0.065052,-0.504606,-0.435873,0.745242,-2.8e-05,0.000848,0.001008,0.095418,0.008381,0.113995,-0.994074,0.086959,0.019169,-0.057503,0.619506,0.24343,-0.746292,-0.113681,0.968501,0.221543,0.776716,-0.052409,0.627666,-0.00032,0.001454,-0.00839,0.040182,-0.026585,-0.020335,-1.06353
368,0.172678,-0.038607,0.334374,-0.587683,-0.159719,-0.793198,-0.013534,-0.978246,0.206941,-0.808267,0.132542,0.573728,0.014416,0.003267,-0.016832,0.035856,-0.012689,0.023199,-1.240083,-0.155242,-0.037794,0.308621,-0.636812,-0.441502,0.63209,0.610532,-0.789366,0.063917,0.471511,0.427174,0.771403,-1e-06,4.3e-05,5.1e-05,-0.0,0.0,0.0,-1.244514,0.049761,0.025562,-0.027278,0.627396,0.4073,0.663686,-0.590899,0.804113,0.065109,-0.50716,-0.433021,0.745171,2e-06,-8e-05,-9.3e-05,-0.000718,-9.3e-05,-0.001164,-0.99685,0.087184,0.019176,-0.057813,0.620374,0.244892,-0.745092,-0.114723,0.968119,0.222674,0.775869,-0.052662,0.628691,0.014743,0.00166,-0.00859,0.037745,-0.026683,0.054692,-1.065327
369,0.173133,-0.038622,0.334167,-0.588553,-0.161053,-0.792283,-0.01339,-0.977882,0.208661,-0.807636,0.133611,0.574369,0.014572,0.006007,-0.014025,0.03671,-0.025751,0.048874,-1.265416,-0.155463,-0.037806,0.308536,-0.638792,-0.436065,0.633864,0.606029,-0.792692,0.065592,0.474639,0.426592,0.769805,-0.016291,0.006825,-0.011501,0.019638,0.025467,0.001727,-1.246109,0.04965,0.025559,-0.027317,0.629129,0.401548,0.665549,-0.586377,0.807241,0.067253,-0.510254,-0.432573,0.743317,-0.008138,0.003175,-0.006028,0.038439,0.000636,-0.014531,-0.997013,0.087416,0.019165,-0.057927,0.621024,0.24627,-0.744096,-0.114947,0.967707,0.224342,0.775316,-0.05379,0.629277,0.0073,0.003097,-0.006925,0.037339,-0.026504,0.050834,-1.066796
370,0.174092,-0.038634,0.334128,-0.594509,-0.160608,-0.787914,-0.014083,-0.977621,0.209836,-0.803247,0.136039,0.579928,0.03023,0.002461,0.001703,0.030958,0.077559,0.145085,-1.363263,-0.156134,-0.037962,0.308221,-0.64777,-0.416406,0.637958,0.583493,-0.809531,0.064252,0.490487,0.414393,0.766527,-0.015168,-0.007063,-0.006625,0.078813,0.055275,0.070226,-1.248186,0.049321,0.025482,-0.027474,0.637389,0.381616,0.669405,-0.563451,0.823421,0.067085,-0.525602,-0.419937,0.739861,-0.007579,-0.003515,-0.003282,0.319195,0.053558,0.328076,-0.994401,0.087884,0.019152,-0.057953,0.62668,0.246573,-0.739237,-0.114499,0.96746,0.225632,0.770818,-0.056758,0.634521,0.007586,0.001123,0.000937,0.039941,0.131635,0.109335,-1.074144
371,0.175095,-0.03855,0.334333,-0.606905,-0.160908,-0.778345,-0.014951,-0.976808,0.213526,-0.7939,0.141421,0.591397,0.030335,0.00509,0.004372,0.071849,0.255341,0.233838,-1.478947,-0.156832,-0.037906,0.307886,-0.653929,-0.40034,0.641947,0.564998,-0.822668,0.062679,0.503818,0.404195,0.76332,-0.016321,0.007751,-0.010437,0.339808,0.136565,0.197627,-1.284819,0.048972,0.025496,-0.027651,0.642947,0.365597,0.67302,-0.544825,0.835917,0.066395,-0.538315,-0.409367,0.736637,-0.007634,-0.001676,-0.001102,1.077067,0.107933,1.246066,-1.001586,0.088386,0.019197,-0.057847,0.63789,0.248363,-0.728979,-0.113928,0.966588,0.229624,0.761653,-0.063424,0.644872,0.015164,0.002519,0.002143,0.121475,0.382568,0.263947,-1.081982
372,0.175721,-0.038425,0.334429,-0.614463,-0.16353,-0.771841,-0.014607,-0.97576,0.218294,-0.788067,0.145605,0.598144,0.03038,0.00651,0.005804,0.057562,0.361943,0.043248,-1.509899,-0.157175,-0.037839,0.307795,-0.655537,-0.397003,0.64238,0.560564,-0.825755,0.061891,0.506681,0.401171,0.76302,-0.015325,-0.00129,0.000223,-0.002057,0.015231,-0.029223,-1.299439,0.048801,0.025531,-0.027702,0.64457,0.362031,0.673395,-0.539909,0.839159,0.065649,-0.541319,-0.405888,0.736361,-0.00818,0.004909,-0.003977,0.03543,0.004116,-0.012927,-1.004851,0.088699,0.01926,-0.0578,0.644638,0.251523,-0.721926,-0.114382,0.96543,0.234224,0.755882,-0.068414,0.651122,0.022705,0.003212,0.00262,0.082302,0.482332,0.086069,-1.086065
373,0.17711,-0.038128,0.334705,-0.635249,-0.16387,-0.754752,-0.013886,-0.974652,0.223231,-0.771414,0.152485,0.617815,0.030402,0.008397,0.007673,0.071233,0.532779,-0.093209,-1.590646,-0.15799,-0.037801,0.307708,-0.660905,-0.375663,0.649672,0.537315,-0.841178,0.060384,0.524616,0.389465,0.75694,-0.030643,-0.002975,-5.7e-05,3.465422,0.524302,4.224558,-1.30367,0.048399,0.025556,-0.02774,0.647037,0.344634,0.680125,-0.521248,0.850949,0.064695,-0.556456,-0.396374,0.730235,-0.007653,-0.001082,-0.000404,-0.184139,0.246947,0.120433,-1.000116,0.089394,0.01941,-0.05766,0.664438,0.253465,-0.703048,-0.115371,0.964241,0.238596,0.738384,-0.077421,0.66992,0.015205,0.004353,0.003975,0.066327,0.529664,0.086029,-1.084432
374,0.178423,-0.037841,0.335148,-0.662955,-0.157656,-0.731902,-0.012742,-0.975062,0.221503,-0.74775,0.156362,0.645328,0.045753,0.000836,0.01911,-1.280613,1.945098,-1.989126,-1.654274,-0.158841,-0.037858,0.307753,-0.656575,-0.36386,0.660686,0.525064,-0.849294,0.05424,0.542186,0.382979,0.747814,-0.0307,-6.1e-05,0.003381,-0.021653,0.123025,-0.200579,-1.299366,0.047974,0.025522,-0.027723,0.644102,0.328087,0.691007,-0.503477,0.861918,0.060066,-0.575885,-0.386595,0.720347,-0.007676,4.7e-05,0.000935,0.010627,-0.010037,-0.041423,-0.992115,0.090044,0.019555,-0.057444,0.690331,0.247849,-0.679716,-0.116007,0.965255,0.234148,0.714132,-0.082787,0.695097,0.015209,0.005379,0.004983,0.126136,0.604379,0.196426,-1.085085
375,0.18076,-0.037411,0.335682,-0.68083,-0.160468,-0.714678,-0.009009,-0.973802,0.227158,-0.731563,0.161288,0.662442,0.060433,0.01592,0.014085,-0.373698,0.698772,-0.674973,-1.698691,-0.159351,-0.037762,0.307862,-0.655958,-0.356605,0.66524,0.517197,-0.854232,0.052239,0.550444,0.378782,0.743908,-0.016375,0.012114,-0.005295,0.348777,0.134927,0.190185,-1.300688,0.047707,0.025574,-0.027663,0.64301,0.321068,0.695306,-0.495678,0.86655,0.058254,-0.583815,-0.382106,0.716347,-0.00819,0.006115,-0.002566,0.364446,0.115627,0.182351,-0.991625,0.091207,0.019761,-0.057178,0.707177,0.253276,-0.660114,-0.119676,0.963043,0.241297,0.696833,-0.09164,0.711353,0.037923,0.002876,0.011405,-1.399678,1.721434,-2.20963,-1.090147
376,0.182163,-0.037074,0.335988,-0.686186,-0.160841,-0.709453,-0.007066,-0.973734,0.227516,-0.726562,0.161326,0.667914,0.07534,0.018446,0.015966,0.063948,0.344996,-0.022905,-1.722507,-0.159524,-0.037752,0.307908,-0.654793,-0.357517,0.665897,0.518196,-0.853677,0.051392,0.55089,0.379173,0.743378,-0.015348,0.000324,0.002095,-0.002102,0.015283,-0.029197,-1.300624,0.047626,0.02558,-0.027639,0.641955,0.322029,0.695838,-0.496523,0.866135,0.057234,-0.584259,-0.382241,0.715914,-0.007676,0.000197,0.001095,-0.011021,0.095364,-0.179846,-0.988686,0.091931,0.019936,-0.05702,0.712007,0.255008,-0.654229,-0.121846,0.962458,0.242545,0.691519,-0.092978,0.716348,0.03767,0.009487,0.008208,0.069644,0.350011,-0.021094,-1.092106
377,0.1846,-0.036289,0.336597,-0.703684,-0.16388,-0.691388,-0.002485,-0.972469,0.232958,-0.709658,0.165845,0.684769,0.060096,0.018088,0.015876,-1.275525,1.986234,-1.618099,-1.728084,-0.159672,-0.03777,0.307921,-0.656552,-0.353915,0.666089,0.513445,-0.856558,0.051149,0.553246,0.376034,0.743223,-2.2e-05,0.001382,0.001643,0.014387,-0.111859,0.197796,-1.298681,0.047546,0.025568,-0.027635,0.64347,0.318532,0.696048,-0.491826,0.86882,0.057076,-0.586561,-0.379061,0.715722,-3e-06,0.000136,0.000166,-0.000497,-9.1e-05,-0.000637,-0.976929,0.09315,0.020335,-0.056707,0.726654,0.259812,-0.63598,-0.126891,0.96056,0.247428,0.675182,-0.099094,0.730963,0.030067,0.009068,0.007908,-1.194807,2.119576,-1.586053,-1.091617
378,0.186933,-0.035625,0.336992,-0.717767,-0.165445,-0.676376,0.000406,-0.971467,0.237116,-0.695416,0.170118,0.6982,0.05979,0.011999,0.009566,0.13112,0.490458,0.202889,-1.723561,-0.159602,-0.037716,0.308025,-0.65861,-0.347707,0.667325,0.508001,-0.859646,0.053624,0.555825,0.374764,0.741938,-3.5e-05,0.002162,0.002569,-0.062211,0.083804,0.051984,-1.30155,0.047581,0.025594,-0.027584,0.645443,0.312165,0.697105,-0.48629,0.871743,0.059882,-0.589004,-0.377645,0.714463,0.007635,0.002023,0.001549,-0.090829,0.097799,0.13265,-0.977255,0.094272,0.020663,-0.056505,0.739024,0.263336,-0.620077,-0.129821,0.958852,0.252483,0.661051,-0.106092,0.742801,0.029895,0.006305,0.005051,-0.02559,-0.025252,0.003647,-1.081819
379,0.188075,-0.035421,0.337148,-0.722186,-0.168669,-0.670853,0.001871,-0.970294,0.241864,-0.690823,0.173619,0.701888,0.060116,-9e-06,0.016967,-0.134433,0.278304,-0.159431,-1.726124,-0.159515,-0.03775,0.308152,-0.660691,-0.343779,0.667304,0.503038,-0.862546,0.053862,0.557874,0.371705,0.74194,0.00097,-0.008586,0.011203,-0.037518,0.010702,-0.018002,-1.302573,0.047625,0.025583,-0.027521,0.647388,0.308058,0.697129,-0.481243,0.874499,0.060469,-0.591011,-0.374635,0.71439,0.007636,0.00189,0.001391,0.009409,-0.025571,0.021966,-0.978072,0.094866,0.020778,-0.05643,0.744139,0.265658,-0.612929,-0.131202,0.957775,0.255834,0.655013,-0.109959,0.747573,0.029849,0.005157,0.003859,-0.465198,0.594105,-0.585674,-1.07692
380,0.190246,-0.035126,0.337419,-0.735355,-0.162665,-0.657905,-0.002653,-0.970076,0.242732,-0.67679,0.180435,0.713741,0.05958,0.00676,0.004115,0.18803,0.701799,0.278712,-1.736898,-0.159444,-0.037979,0.308421,-0.658604,-0.344488,0.668999,0.50386,-0.862166,0.052247,0.559596,0.371932,0.740529,0.001007,-0.010792,0.008584,-0.036447,0.009239,-0.018908,-1.299823,0.04766,0.025473,-0.027382,0.645281,0.308902,0.698706,-0.482038,0.874181,0.0587,-0.592664,-0.374681,0.712995,0.000502,-0.005474,0.004199,-0.037338,0.00794,-0.018577,-0.976765,0.095934,0.02092,-0.056291,0.755171,0.262459,-0.600692,-0.127319,0.957624,0.25835,0.643043,-0.118619,0.756586,0.022561,-0.001944,0.006773,-0.023035,0.236725,0.053814,-1.079696
381,0.191978,-0.03499,0.337504,-0.745014,-0.161089,-0.64734,-0.002156,-0.969824,0.243738,-0.666146,0.183178,0.722996,0.044656,0.001773,-0.000269,0.025379,0.033091,0.127219,-1.737251,-0.159476,-0.038116,0.308584,-0.658515,-0.341325,0.670707,0.499383,-0.86488,0.050336,0.563707,0.368522,0.739114,-2.2e-05,0.001344,0.001595,-0.0,0.0,0.0,-1.300208,0.047645,0.025397,-0.027302,0.645044,0.305713,0.700326,-0.477457,0.876803,0.057016,-0.596618,-0.371154,0.711541,-1.5e-05,0.000714,0.000848,-0.000563,-0.000415,-2.4e-05,-0.971867,0.096822,0.020994,-0.056244,0.766296,0.260195,-0.587441,-0.127389,0.957704,0.258021,0.62973,-0.122886,0.767031,0.022324,0.000678,-0.000373,-0.016309,0.060849,-0.053544,-1.080513
382,0.193883,-0.034817,0.337439,-0.750668,-0.165939,-0.639536,-0.000911,-0.967694,0.252071,-0.659772,0.190004,0.727067,0.059026,0.01452,-0.007811,0.039411,-0.067929,0.137962,-1.747831,-0.159588,-0.038107,0.308688,-0.65844,-0.341398,0.670744,0.499528,-0.864794,0.05037,0.563666,0.368657,0.739078,-2.6e-05,0.001622,0.001923,0.001819,-0.014109,0.025061,-1.296704,0.047589,0.025401,-0.02725,0.644968,0.305796,0.70036,-0.477617,0.876713,0.057046,-0.596571,-0.371298,0.711506,-1.5e-05,0.000768,0.000912,0.001609,-0.01414,0.024866,-0.974153,0.097769,0.021067,-0.056283,0.77038,0.265688,-0.579589,-0.128784,0.955145,0.266667,0.624443,-0.130793,0.770041,0.022311,0.00196,0.00086,0.001375,0.019423,-0.061626,-1.084105
