frame,MLTx,MLTy,MLTz,MLTR1,MLTR2,MLTR3,MLTR4,MLTR5,MLTR6,MLTR7,MLTR8,MLTR9,MLTTVx,MLTTVy,MLTTVz,MLTRVx,MLTRVy,MLTRVz,MLGA,MRTx,MRTy,MRTz,MRTR1,MRTR2,MRTR3,MRTR4,MRTR5,MRTR6,MRTR7,MRTR8,MRTR9,MRTTVx,MRTTVy,MRTTVz,MRTRVx,MRTRVy,MRTRVz,MRGA,SLTx,SLTy,SLTz,SLTR1,SLTR2,SLTR3,SLTR4,SLTR5,SLTR6,SLTR7,SLTR8,SLTR9,SLTTVx,SLTTVy,SLTTVz,SLTRVx,SLTRVy,SLTRVz,SLGA,SRTx,SRTy,SRTz,SRTR1,SRTR2,SRTR3,SRTR4,SRTR5,SRTR6,SRTR7,SRTR8,SRTR9,SRTTVx,SRTTVy,SRTTVz,SRTRVx,SRTRVy,SRTRVz,SRGA
249,0.124676,0.008877,0.321666,-0.288983,0.60429,-0.742541,-0.724137,-0.645264,-0.243376,-0.625853,0.466615,0.624984,-0.026256,0.026931,-0.012269,0.065465,0.104727,-0.19291,-1.815378,-0.141913,0.046663,0.311379,0.443086,0.036206,0.895743,-0.680822,0.663524,0.310083,-0.58365,-0.747269,0.317498,0.015909,-0.024439,0.011846,0.06103,-0.209394,-0.279391,-1.405337,0.048648,0.042576,-0.021036,-0.3802,0.013723,0.924802,0.601497,-0.755895,0.258501,0.702601,0.654548,0.279136,0.001498,-0.012561,0.006311,0.241018,0.073026,-1.177001,-0.878465,0.077913,0.028924,-0.078863,-0.400697,0.633297,-0.662099,-0.683275,-0.68799,-0.244548,-0.61039,0.354406,0.708392,-0.013382,0.007975,-0.002016,0.033989,0.121528,-0.208784,-0.867255
250,0.123718,0.009631,0.321466,-0.286391,0.606098,-0.742072,-0.730735,-0.639056,-0.240014,-0.619349,0.472763,0.626841,-0.026164,0.018686,-0.001547,0.033223,-0.003206,-0.018886,-1.9128,-0.141667,0.045664,0.311893,0.43636,0.039391,0.898905,-0.685154,0.662008,0.303716,-0.58364,-0.748456,0.314708,0.003018,-0.025033,0.012741,-0.065173,0.003607,-0.049688,-1.405787,0.048777,0.042065,-0.020776,-0.373884,0.00744,0.927445,0.605593,-0.755419,0.250194,0.702472,0.655198,0.277934,0.001512,-0.012647,0.006256,-0.078524,0.02578,-0.025397,-0.877811,0.077423,0.029304,-0.078973,-0.398458,0.635197,-0.66163,-0.689971,-0.682868,-0.240061,-0.604293,0.360852,0.710362,-0.013134,0.009069,-0.001011,0.039023,0.010296,-0.040816,-0.869051
251,0.122678,0.01054,0.321284,-0.276291,0.606684,-0.745415,-0.743993,-0.625943,-0.233756,-0.608067,0.489241,0.62524,-0.026107,0.018632,-0.001622,0.018336,0.039221,-0.262917,-1.913619,-0.141478,0.044568,0.312398,0.42927,0.050962,0.901732,-0.69016,0.662413,0.291242,-0.58299,-0.747413,0.318369,0.003164,-0.026397,0.011636,0.014049,-0.0676,-0.371077,-1.40602,0.048873,0.041509,-0.020518,-0.368189,-0.004721,0.929738,0.609668,-0.756208,0.237597,0.701955,0.654313,0.281306,0.001579,-0.013268,0.005755,0.02106,-0.088038,-0.377956,-0.876995,0.076894,0.029769,-0.079062,-0.388689,0.636811,-0.665876,-0.703739,-0.671664,-0.231555,-0.594702,0.378601,0.709217,-0.013031,0.009394,-0.000719,0.030953,0.057595,-0.248416,-0.869868
252,0.122121,0.011094,0.321166,-0.273115,0.608787,-0.74487,-0.750857,-0.618885,-0.230579,-0.601031,0.495557,0.627067,-0.02517,0.031211,-0.008344,0.0545,0.08569,-0.162272,-1.913947,-0.141426,0.043973,0.312686,0.428304,0.053958,0.902017,-0.691728,0.661761,0.288994,-0.581838,-0.747784,0.319602,0.003077,-0.025571,0.012347,-0.005442,-0.121353,-0.150475,-1.406458,0.048898,0.041219,-0.02038,-0.367715,-0.00778,0.929905,0.611094,-0.755768,0.235323,0.700963,0.654792,0.282662,0.002268,-0.018913,0.009479,-0.023403,-0.151093,-0.199242,-0.879281,0.076624,0.030033,-0.079118,-0.385615,0.639284,-0.665293,-0.710958,-0.665464,-0.227366,-0.588081,0.38532,0.711117,-0.019512,0.016223,-0.003715,0.039916,0.011797,-0.021657,-0.869215
253,0.12105,0.012246,0.320959,-0.269921,0.604665,-0.749379,-0.75999,-0.611607,-0.219826,-0.590918,0.50943,0.625559,-0.025541,0.020703,0.000248,-0.013277,-0.312049,-0.220149,-1.913846,-0.141316,0.042738,0.313379,0.423704,0.060043,0.903804,-0.695882,0.66021,0.282497,-0.580244,-0.7487,0.320357,0.004322,-0.035578,0.020912,-0.091488,-0.008767,-0.085509,-1.406866,0.048953,0.040604,-0.020039,-0.363992,-0.014925,0.931282,0.614927,-0.754829,0.228247,0.699552,0.655751,0.28393,0.001422,-0.011796,0.007022,-0.068778,0.009015,-0.044692,-0.880587,0.076089,0.030615,-0.079224,-0.382631,0.636742,-0.669442,-0.719912,-0.659623,-0.215925,-0.579068,0.39932,0.71079,-0.012463,0.015893,-0.003897,-0.019808,-0.507184,-0.330579,-0.866112
254,0.120308,0.013202,0.320768,-0.262801,0.605834,-0.750963,-0.768442,-0.602037,-0.216841,-0.583158,0.519329,0.6247,-0.024966,0.031273,-0.008314,-0.046115,0.055885,-0.075964,-1.913074,-0.141192,0.041629,0.314062,0.419582,0.068833,0.905099,-0.699795,0.659497,0.274379,-0.578524,-0.748583,0.323721,0.004224,-0.034644,0.021754,-0.095341,-0.001046,-0.079133,-1.407211,0.049015,0.04005,-0.019697,-0.361074,-0.024355,0.932218,0.618327,-0.754564,0.219781,0.698066,0.655773,0.287513,0.001365,-0.011257,0.007493,-0.07901,0.030298,-0.027158,-0.881404,0.075718,0.03109,-0.079315,-0.375681,0.637758,-0.672404,-0.728593,-0.65164,-0.21099,-0.572726,0.410645,0.709475,-0.006039,0.008734,-0.001219,-0.343875,0.012671,0.138753,-0.868725
255,0.119949,0.0137,0.320657,-0.257396,0.608304,-0.750839,-0.774485,-0.594479,-0.216195,-0.577558,0.525107,0.625074,-0.024827,0.03172,-0.007908,-4.081526,-1.21615,3.451292,-1.912724,-0.14113,0.041115,0.314406,0.415745,0.074331,0.906434,-0.705905,0.654689,0.270211,-0.573843,-0.752277,0.323492,0.004186,-0.03428,0.022088,-0.143491,0.002966,-0.080988,-1.407347,0.049046,0.039793,-0.019525,-0.357888,-0.030197,0.933276,0.624737,-0.75057,0.215285,0.693988,0.6601,0.287485,0.001345,-0.011058,0.007669,-0.21907,-0.00655,-0.066457,-0.882057,0.075538,0.031338,-0.079371,-0.374018,0.638946,-0.672203,-0.731353,-0.648904,-0.20987,-0.570292,0.413122,0.709997,-0.005613,0.014747,-0.004822,0.068894,0.092924,-0.162068,-0.872807
256,0.119186,0.014845,0.320392,-0.254251,0.611149,-0.749599,-0.784016,-0.58401,-0.210291,-0.565984,0.533468,0.62857,-0.024575,0.032432,-0.007264,-1.721017,1.336478,-1.611322,-1.912829,-0.141078,0.040205,0.315061,0.411645,0.077537,0.908035,-0.709166,0.652943,0.265862,-0.572771,-0.753474,0.322603,0.00258,-0.020858,0.016429,-0.053268,-0.035572,-0.043495,-1.407282,0.049073,0.039332,-0.019196,-0.354165,-0.033861,0.934569,0.627958,-0.749146,0.210828,0.69299,0.661538,0.286584,0.001332,-0.010952,0.007776,-0.063362,-0.002503,-0.052516,-0.88222,0.075147,0.031921,-0.079508,-0.366952,0.643983,-0.67129,-0.745005,-0.635584,-0.202482,-0.557057,0.425813,0.713,-0.012278,0.016232,-0.003607,-1.717471,1.337074,-1.610914,-0.874767
257,0.118584,0.015876,0.320176,-0.253908,0.611768,-0.74921,-0.786558,-0.581336,-0.208197,-0.562603,0.535671,0.629731,-0.011748,0.018452,-0.00159,0.033817,-0.002861,-0.013688,-1.912456,-0.14102,0.039574,0.315564,0.408336,0.080596,0.909262,-0.711602,0.651887,0.261914,-0.572113,-0.754072,0.322375,0.001137,-0.008963,0.009451,-0.005542,-0.069545,-0.044001,-1.407117,0.049102,0.039013,-0.018941,-0.351217,-0.03728,0.935551,0.630262,-0.748336,0.206787,0.692398,0.66227,0.286325,0.000614,-0.005024,0.004271,-0.008797,-0.050408,-0.065075,-0.88222,0.074851,0.032432,-0.079613,-0.367274,0.644457,-0.670658,-0.747715,-0.633431,-0.199212,-0.5532,0.428296,0.714514,-0.005398,0.015427,-0.004201,0.070093,0.073998,-0.13805,-0.87542
258,0.118148,0.016796,0.320066,-0.250113,0.613948,-0.748703,-0.792689,-0.573813,-0.2058,-0.555663,0.54125,0.631121,-0.011345,0.020076,-0.000117,0.033799,-0.002935,-0.01373,-1.91272,-0.140987,0.03914,0.315902,0.408524,0.083482,0.908917,-0.712517,0.651437,0.260543,-0.570838,-0.754151,0.324444,0.00135,-0.011001,0.007757,-0.03647,0.0095,-0.018535,-1.406739,0.049118,0.038804,-0.018771,-0.351845,-0.039968,0.935204,0.631106,-0.747988,0.205469,0.69131,0.662506,0.2884,0.000653,-0.005379,0.003978,-0.040182,0.017508,-0.012266,-0.8832,0.074633,0.03289,-0.07967,-0.363647,0.646937,-0.670248,-0.75425,-0.626738,-0.195717,-0.546687,0.434363,0.715864,-0.005135,0.016486,-0.003239,0.069184,0.074545,-0.138637,-0.875583
259,0.118035,0.017213,0.320062,-0.248955,0.615048,-0.748186,-0.796199,-0.569757,-0.203509,-0.55115,0.544273,0.632477,0.002535,0.019444,-0.000408,0.034884,-0.033773,0.039544,-1.912477,-0.140976,0.038974,0.316031,0.408538,0.083532,0.908906,-0.712839,0.65102,0.260704,-0.570425,-0.754505,0.324345,0.001281,-0.010346,0.008307,-0.036607,0.009789,-0.018309,-1.406838,0.049124,0.038715,-0.018706,-0.351841,-0.039939,0.935207,0.631519,-0.747586,0.205662,0.690934,0.662962,0.288253,-9.8e-05,0.000881,0.000735,-0.000526,0.001112,0.000839,-0.883037,0.074572,0.033104,-0.079673,-0.362588,0.648083,-0.669714,-0.757886,-0.623248,-0.192793,-0.542345,0.437663,0.717155,0.001285,0.009784,-0.00014,0.04026,-0.036549,0.042183,-0.876236
260,0.117964,0.017937,0.320066,-0.247739,0.616098,-0.747726,-0.799397,-0.565964,-0.201545,-0.547057,0.547031,0.63365,0.002586,0.019649,-0.000237,0.034045,-0.034145,0.040343,-1.912444,-0.14092,0.038686,0.316323,0.409044,0.083575,0.908675,-0.713283,0.650251,0.261407,-0.569506,-0.755163,0.324428,-0.000202,0.001934,0.001613,0.0,-0.0,-0.0,-1.407176,0.049152,0.038566,-0.018558,-0.352347,-0.039901,0.935018,0.632139,-0.746875,0.20634,0.690109,0.663765,0.288382,0.000584,-0.004689,0.004558,-0.021524,-0.10759,0.141474,-0.8832,0.074536,0.03346,-0.079671,-0.361483,0.649185,-0.669244,-0.761221,-0.619965,-0.19022,-0.538396,0.440682,0.71828,0.001298,0.009837,-0.000104,0.036329,0.074526,-0.11888,-0.877053
261,0.11804,0.018797,0.320099,-0.24697,0.619351,-0.745289,-0.802576,-0.561683,-0.200888,-0.542737,0.547765,0.636724,0.003228,0.022512,0.002334,0.033962,0.080833,-0.122868,-1.913046,-0.140911,0.038449,0.316534,0.406404,0.083698,0.909847,-0.714531,0.649633,0.259528,-0.569828,-0.755682,0.322651,0.001376,-0.011252,0.007561,-0.036606,0.009758,-0.018332,-1.407141,0.049155,0.038459,-0.018456,-0.349698,-0.040395,0.93599,0.633281,-0.746445,0.204387,0.690409,0.664219,0.286612,-3.6e-05,0.00031,0.000258,-7e-05,-0.000332,0.000374,-0.882873,0.074571,0.033877,-0.079658,-0.360707,0.652454,-0.666478,-0.764737,-0.615963,-0.189116,-0.533916,0.441465,0.721138,0.001961,0.016847,-0.002793,0.066474,0.0449,-0.115121,-0.879829
262,0.118125,0.019246,0.320141,-0.249532,0.6213,-0.742809,-0.802896,-0.561532,-0.200031,-0.541088,0.545709,0.639885,0.016923,0.021425,0.001613,0.039475,-0.026579,0.084217,-1.913015,-0.140905,0.038317,0.316603,0.406438,0.08373,0.909829,-0.714736,0.649358,0.259653,-0.569547,-0.755914,0.322601,0.001447,-0.011938,0.006992,-0.036605,0.009752,-0.018337,-1.407178,0.049159,0.038389,-0.018418,-0.349728,-0.040427,0.935978,0.633553,-0.746184,0.204497,0.690145,0.664511,0.286574,1.4e-05,-0.000171,-0.000142,0.015053,-0.117254,0.159986,-0.88222,0.07461,0.034112,-0.079635,-0.363358,0.654019,-0.663497,-0.764945,-0.615969,-0.188255,-0.531816,0.439135,0.724106,0.001775,0.01198,0.001812,0.032035,0.053643,-0.098534,-0.880972
263,0.118354,0.020079,0.320286,-0.255137,0.625147,-0.73766,-0.803562,-0.561346,-0.197866,-0.537468,0.541492,0.646484,0.002584,0.011581,0.010414,0.024241,0.254139,-0.032218,-1.91234,-0.140934,0.037983,0.316764,0.403335,0.086684,0.910932,-0.716321,0.649255,0.25551,-0.569758,-0.755674,0.322793,0.001438,-0.011863,0.00706,-0.035483,0.007317,-0.020226,-1.407143,0.049145,0.038215,-0.018337,-0.346996,-0.043973,0.936834,0.634864,-0.746256,0.200121,0.690318,0.664204,0.286865,0.000716,-0.005925,0.003536,-0.042159,0.020454,-0.007787,-0.880914,0.074731,0.034535,-0.079563,-0.368682,0.656568,-0.65802,-0.765379,-0.616134,-0.18594,-0.527511,0.435082,0.729681,0.008488,0.010918,0.000969,0.074974,0.145934,0.235557,-0.883584
264,0.118562,0.020839,0.320525,-0.262329,0.62651,-0.733972,-0.803831,-0.56264,-0.193038,-0.533584,0.538568,0.652119,0.002791,0.012546,0.011227,1.2e-05,0.103393,-0.135321,-1.913641,-0.140919,0.037687,0.316913,0.402858,0.09234,0.910588,-0.717239,0.649788,0.251551,-0.56894,-0.754552,0.326835,0.001554,-0.012973,0.006138,0.018808,-0.110475,-0.11137,-1.406549,0.049152,0.038075,-0.018262,-0.347328,-0.049394,0.936441,0.635407,-0.746813,0.196282,0.689652,0.663196,0.290775,7.2e-05,-0.000712,-0.000592,0.070848,-0.141914,-0.146115,-0.880914,0.074835,0.034914,-0.079445,-0.375581,0.657271,-0.6534,-0.76524,-0.617646,-0.181436,-0.522823,0.431865,0.734947,0.001859,0.012417,0.002153,0.029566,0.042389,-0.108121,-0.885707
265,0.118684,0.02115,0.32071,-0.259825,0.627853,-0.733715,-0.806786,-0.558619,-0.192391,-0.530345,0.541179,0.6526,0.002889,0.013013,0.011615,0.000213,-0.016216,0.023824,-1.913573,-0.140947,0.037517,0.317005,0.402641,0.095186,0.910391,-0.71773,0.649998,0.249597,-0.568473,-0.754021,0.328866,-0.012962,-0.001723,-6.4e-05,0.045713,-0.088526,-0.109427,-1.406686,0.049143,0.037983,-0.018216,-0.347566,-0.052449,0.936186,0.635734,-0.747087,0.194166,0.68923,0.662652,0.293006,0.000723,-0.006005,0.003473,0.018337,-0.109566,-0.11058,-0.880751,0.074896,0.035069,-0.079352,-0.373281,0.658622,-0.653358,-0.76842,-0.6141,-0.180029,-0.519798,0.434852,0.735331,0.008272,0.00604,0.005517,0.000119,0.060891,-0.089201,-0.885544
266,0.119022,0.021624,0.32119,-0.255787,0.629499,-0.733723,-0.810208,-0.553581,-0.192568,-0.527087,0.544426,0.652539,0.00218,0.001779,0.019412,-0.034563,0.001442,0.008009,-1.912509,-0.140985,0.037081,0.317198,0.399,0.095446,0.911965,-0.719516,0.649015,0.247,-0.568778,-0.754835,0.326463,0.00147,-0.012191,0.006801,-0.036588,0.009686,-0.018391,-1.406987,0.049119,0.037768,-0.018123,-0.343832,-0.053123,0.937526,0.637448,-0.746317,0.191491,0.68952,0.663466,0.290471,0.000734,-0.006115,0.003387,-0.038093,0.008961,-0.013307,-0.877648,0.075066,0.035313,-0.079107,-0.369393,0.660607,-0.653564,-0.772266,-0.609413,-0.179497,-0.516868,0.43842,0.735278,0.001095,0.000933,0.009743,-0.03364,0.001581,0.007661,-0.88685
267,0.119277,0.022021,0.321663,-0.254431,0.634217,-0.730122,-0.811024,-0.551114,-0.196172,-0.526488,0.541444,0.655496,0.002473,0.011249,0.009938,0.015907,0.079303,0.089259,-1.906357,-0.141056,0.036601,0.317397,0.398294,0.095658,0.912251,-0.72052,0.647993,0.24676,-0.568001,-0.755687,0.325845,0.001655,-0.014008,0.00529,-0.036596,0.009695,-0.018385,-1.406362,0.049083,0.037532,-0.01802,-0.343179,-0.053405,0.93775,0.63856,-0.745432,0.191235,0.688817,0.664438,0.289919,-0.005657,-0.007966,0.00253,-0.040881,0.041751,-0.070829,-0.878954,0.075187,0.035506,-0.078874,-0.368303,0.665098,-0.649612,-0.773498,-0.606866,-0.182791,-0.515802,0.435152,0.737963,0.001319,0.006022,0.005318,0.023546,0.105193,0.141388,-0.889136
268,0.119283,0.022552,0.322064,-0.244053,0.647262,-0.722174,-0.821125,-0.534064,-0.201246,-0.515651,0.543074,0.662723,0.002934,0.013348,0.011738,0.062324,0.341866,0.304417,-1.839603,-0.14114,0.035954,0.317562,0.398085,0.095854,0.912322,-0.721449,0.646882,0.246959,-0.566965,-0.756613,0.325498,-0.011106,-0.018084,0.003265,-0.040801,0.041732,-0.070923,-1.406365,0.049045,0.037218,-0.017937,-0.343052,-0.05361,0.937784,0.639608,-0.744486,0.191416,0.687906,0.665481,0.289686,0.000965,-0.008394,0.001489,-0.038785,0.026548,-0.04173,-0.879607,0.075195,0.03577,-0.078676,-0.358457,0.677436,-0.64233,-0.785285,-0.59087,-0.184929,-0.504812,0.438123,0.743782,0.001398,0.006375,0.005605,0.117451,0.695042,0.245941,-0.876889
269,0.119276,0.022791,0.322299,-0.240916,0.650776,-0.720066,-0.824327,-0.528763,-0.202157,-0.512011,0.544055,0.664737,0.002537,0.011541,0.010125,0.006979,0.024267,0.05156,-1.789736,-0.141208,0.035604,0.317625,0.397981,0.095963,0.912356,-0.721915,0.646326,0.247053,-0.566444,-0.757075,0.325332,0.001977,-0.017217,0.002613,-0.038752,0.026505,-0.041695,-1.406595,0.049007,0.037036,-0.017904,-0.342926,-0.053746,0.937823,0.640185,-0.74398,0.191454,0.687433,0.666035,0.289537,-0.00555,-0.009154,0.00154,-0.038659,0.024874,-0.04768,-0.880098,0.075193,0.035894,-0.078554,-0.355367,0.682445,-0.638735,-0.789284,-0.585155,-0.186072,-0.500743,0.43802,0.746588,0.001319,0.006025,0.005287,-0.008885,0.085691,-0.137571,-0.861214
270,0.119339,0.023132,0.322689,-0.234364,0.659957,-0.713846,-0.830853,-0.517164,-0.205418,-0.504459,0.544136,0.670421,0.002133,0.009718,0.008491,0.012258,0.054984,0.072585,-1.753288,-0.14137,0.034854,0.317712,0.397325,0.098998,0.912318,-0.723141,0.64574,0.244991,-0.565338,-0.757188,0.326988,-0.01102,-0.019337,0.002214,-0.020304,-0.09866,0.107442,-1.406158,0.048926,0.036652,-0.017862,-0.342711,-0.057104,0.937703,0.641357,-0.743568,0.189121,0.686447,0.666217,0.291452,-0.0055,-0.009771,0.001021,-0.029748,-0.077223,0.123795,-0.879444,0.075224,0.036065,-0.078358,-0.349124,0.691535,-0.632369,-0.797029,-0.574029,-0.187707,-0.492804,0.438484,0.751581,-0.005628,0.005761,0.004927,0.002491,0.157292,-0.131663,-0.852559
271,0.119345,0.023599,0.323069,-0.228529,0.668867,-0.707415,-0.836923,-0.506124,-0.208253,-0.497057,0.543627,0.676336,0.00263,0.011985,0.010428,0.037536,0.320841,0.013603,-1.734223,-0.141496,0.034203,0.317712,0.396221,0.102027,0.912464,-0.724339,0.645338,0.242498,-0.564577,-0.757132,0.328429,0.000737,-0.0073,-0.006138,-0.00085,0.013893,-0.025524,-1.406195,0.048863,0.03633,-0.017859,-0.342043,-0.060197,0.937753,0.642417,-0.743287,0.186607,0.685787,0.666257,0.292908,0.001057,-0.009367,0.00067,-0.044623,0.039916,-0.031503,-0.879444,0.075226,0.036294,-0.078173,-0.343469,0.699831,-0.62631,-0.80418,-0.563614,-0.188763,-0.4851,0.438833,0.756374,0.001382,0.006316,0.005495,0.062897,0.403343,0.095035,-0.86154
272,0.119365,0.02388,0.323312,-0.225321,0.672248,-0.705237,-0.839893,-0.500818,-0.209124,-0.493506,0.544365,0.67834,0.003059,0.013948,0.012102,0.06013,0.432099,0.124755,-1.726175,-0.141571,0.033892,0.317693,0.395608,0.10493,0.912401,-0.72498,0.645463,0.24024,-0.564182,-0.756634,0.330252,0.002156,-0.019195,0.000938,0.000661,-0.060992,-0.108199,-1.406207,0.048825,0.036179,-0.017871,-0.341846,-0.063062,0.937637,0.642861,-0.743461,0.184373,0.68547,0.665798,0.29469,0.001066,-0.009484,0.000567,0.007212,-0.075497,-0.1192,-0.878954,0.075236,0.036431,-0.078054,-0.340435,0.70246,-0.625022,-0.807544,-0.558932,-0.188331,-0.48164,0.440618,0.757547,0.001488,0.006798,0.005898,0.129037,0.588975,0.404851,-0.865786
273,0.119467,0.024266,0.323818,-0.227014,0.677679,-0.699472,-0.844208,-0.494972,-0.205639,-0.485302,0.542972,0.68534,0.002931,0.013389,0.01156,0.013617,0.162838,-0.059726,-1.708211,-0.141592,0.033366,0.317642,0.392643,0.105095,0.913662,-0.726258,0.644833,0.23806,-0.564607,-0.757147,0.328344,0.001972,-0.017389,0.002452,-0.028216,0.056776,-0.075672,-1.40627,0.048815,0.035912,-0.0179,-0.338818,-0.063573,0.938701,0.644064,-0.742967,0.182154,0.685844,0.666301,0.292676,0.000333,-0.003333,-0.002811,0.041989,0.072751,-0.066875,-0.880261,0.075287,0.036627,-0.077798,-0.342065,0.708588,-0.617165,-0.812258,-0.553199,-0.184951,-0.47247,0.438033,0.764786,0.001007,0.000601,0.009296,-0.022504,0.182816,-0.100799,-0.871991
274,0.119585,0.024578,0.324389,-0.225072,0.686542,-0.69141,-0.851494,-0.483466,-0.202954,-0.473338,0.542197,0.694263,0.002706,0.012391,0.010645,0.000531,0.034552,0.069706,-1.684386,-0.141537,0.032948,0.317519,0.391911,0.105196,0.913964,-0.726821,0.64436,0.237624,-0.564389,-0.757537,0.327819,0.002128,-0.018945,0.001126,-0.038728,0.026377,-0.0418,-1.406082,0.048842,0.035707,-0.017958,-0.338106,-0.063755,0.938945,0.644652,-0.742566,0.181712,0.685644,0.666731,0.292166,0.000353,-0.003485,-0.002947,-0.002223,0.016652,-0.023234,-0.880914,0.075346,0.036785,-0.077517,-0.34021,0.717027,-0.608381,-0.820261,-0.542644,-0.180856,-0.459813,0.437502,0.772762,0.008159,0.006016,0.005266,-0.103294,0.060153,0.045042,-0.871338
275,0.119818,0.024808,0.324981,-0.223768,0.691895,-0.686479,-0.854429,-0.478068,-0.203403,-0.468648,0.540171,0.699008,0.015256,-0.000823,0.016941,-0.032005,0.115414,-0.115413,-1.661811,-0.141464,0.03254,0.317312,0.391849,0.105216,0.913989,-0.727012,0.644129,0.237663,-0.564186,-0.75773,0.327722,0.000846,-0.008424,-0.007148,-0.002144,0.016725,-0.023368,-1.405903,0.048879,0.035499,-0.018058,-0.338032,-0.063789,0.938969,0.6449,-0.742344,0.181735,0.685447,0.666974,0.292074,0.001125,-0.010051,6.4e-05,-0.038754,0.02636,-0.041825,-0.88124,0.075459,0.036906,-0.077217,-0.338892,0.722,-0.603214,-0.823715,-0.537486,-0.180557,-0.454582,0.435688,0.776872,0.00103,0.000742,0.009365,-0.041207,-0.034416,0.024989,-0.872154
276,0.119928,0.024883,0.325269,-0.224893,0.693927,-0.684057,-0.854543,-0.477719,-0.203747,-0.4679,0.53787,0.701279,0.015101,-0.001487,0.016352,-0.027151,0.141477,-0.097661,-1.63877,-0.141425,0.032356,0.317192,0.392059,0.105196,0.9139,-0.726974,0.644102,0.237854,-0.564089,-0.757756,0.327829,0.000762,-0.007587,-0.006448,-0.002144,0.016723,-0.02337,-1.405913,0.048898,0.035412,-0.018121,-0.338277,-0.063729,0.938885,0.644849,-0.742336,0.181949,0.685373,0.666989,0.292211,0.000362,-0.003571,-0.003035,0.014774,-0.115401,0.161264,-0.877158,0.075514,0.036944,-0.077072,-0.340016,0.72368,-0.600562,-0.823858,-0.537168,-0.180852,-0.453482,0.433286,0.778856,0.000951,0.000403,0.009064,-0.034956,0.017685,0.024693,-0.870194
277,0.120074,0.024942,0.325947,-0.227064,0.699402,-0.677734,-0.858934,-0.47175,-0.199138,-0.458724,0.53604,0.708703,0.001948,0.000958,0.018214,-0.024659,0.156462,-0.092266,-1.577822,-0.141348,0.03209,0.316986,0.389229,0.105242,0.915104,-0.72775,0.644055,0.235596,-0.565045,-0.757789,0.326102,0.001913,-0.01677,0.002938,-0.036582,0.00963,-0.018446,-1.405869,0.048937,0.035274,-0.018228,-0.335382,-0.064191,0.939892,0.645473,-0.74236,0.179624,0.686208,0.666918,0.290408,0.000275,-0.002701,-0.002303,-7.2e-05,-0.000212,0.000254,-0.878301,0.075592,0.036971,-0.076735,-0.34216,0.728372,-0.593632,-0.828345,-0.532058,-0.175377,-0.443587,0.431725,0.785393,0.000485,-0.005762,0.01251,-0.063446,0.168121,-0.138067,-0.857621
278,0.120093,0.024897,0.326717,-0.222736,0.706198,-0.6721,-0.865621,-0.460331,-0.196894,-0.448165,0.537049,0.714671,0.002016,0.001283,0.018448,-0.025605,0.044031,0.075071,-1.555964,-0.141224,0.031859,0.31683,0.38933,0.105207,0.915066,-0.727766,0.643991,0.235724,-0.564956,-0.757849,0.326118,0.000524,-0.005192,-0.004432,0.0,-0.0,-0.0,-1.405673,0.049,0.035152,-0.018304,-0.335448,-0.064152,0.939871,0.645538,-0.742278,0.179732,0.686116,0.667014,0.290408,0.000265,-0.002611,-0.002232,-1.8e-05,-1.1e-05,3e-06,-0.878954,0.075601,0.036948,-0.076351,-0.338096,0.735043,-0.587709,-0.83575,-0.521611,-0.171588,-0.43268,0.433165,0.790667,0.000531,-0.005539,0.012688,-0.074475,0.165697,-0.129973,-0.855009
279,0.120067,0.02472,0.327205,-0.223287,0.708313,-0.669687,-0.866203,-0.459206,-0.196962,-0.446765,0.535223,0.716913,0.00119,-0.010571,0.025785,-0.053296,0.08489,0.071393,-1.558613,-0.141202,0.031738,0.316739,0.389275,0.105211,0.915089,-0.727802,0.643962,0.235691,-0.564947,-0.757873,0.326078,0.00052,-0.005153,-0.004404,0.0,-0.0,-0.0,-1.405666,0.049011,0.035096,-0.018346,-0.335412,-0.064159,0.939883,0.645568,-0.742256,0.179713,0.686104,0.667037,0.290381,0.000278,-0.002731,-0.002335,0.012648,-0.098658,0.137916,-0.879281,0.075589,0.036864,-0.076109,-0.338625,0.736818,-0.585175,-0.836397,-0.520599,-0.171507,-0.431011,0.431363,0.792561,0.000474,-0.005785,0.012472,-0.05638,0.095784,0.047668,-0.861213
280,0.120059,0.023849,0.328383,-0.223454,0.714766,-0.662739,-0.868212,-0.454944,-0.198005,-0.442766,0.530262,0.723054,-0.000997,-0.036788,0.038431,-0.106415,0.221823,0.072649,-1.5609,-0.141203,0.031464,0.316573,0.389557,0.105207,0.914969,-0.727771,0.643905,0.235943,-0.564793,-0.757922,0.326231,0.000627,-0.006216,-0.005324,-0.002144,0.016715,-0.023375,-1.40553,0.04901,0.034959,-0.018429,-0.335699,-0.064114,0.939784,0.645563,-0.742199,0.179966,0.685969,0.667105,0.290545,0.000999,-0.008772,0.001128,-0.021781,-0.105757,0.142873,-0.879607,0.075586,0.036443,-0.075521,-0.338797,0.742486,-0.577865,-0.838777,-0.516594,-0.171992,-0.426224,0.42643,0.797802,-0.00017,-0.012771,0.015272,-0.063529,0.241554,0.112239,-0.868562
281,0.119978,0.02254,0.329832,-0.224104,0.723218,-0.653282,-0.870775,-0.449557,-0.199052,-0.437375,0.523353,0.731322,-0.000965,-0.036663,0.038613,-0.088808,0.309909,0.129687,-1.564511,-0.141207,0.031041,0.316449,0.389511,0.105268,0.914981,-0.728069,0.643537,0.236029,-0.56444,-0.758226,0.326134,0.002055,-0.018177,0.001701,-0.038724,0.026318,-0.04184,-1.405694,0.049007,0.034754,-0.018492,-0.335676,-0.064175,0.939788,0.645891,-0.741896,0.180039,0.685671,0.667436,0.290487,0.000366,-0.003619,-0.003106,-0.002148,0.016698,-0.023386,-0.88075,0.075545,0.035772,-0.074784,-0.339467,0.750046,-0.56762,-0.841889,-0.511411,-0.172278,-0.419504,0.419391,0.805063,-0.000515,-0.018388,0.019261,-0.086202,0.319352,0.134756,-0.872154
282,0.120027,0.020358,0.331676,-0.225299,0.73178,-0.64326,-0.874195,-0.443267,-0.198165,-0.429877,0.516777,0.740388,-0.003152,-0.063053,0.051387,-0.171817,0.274361,0.049146,-1.560494,-0.141181,0.030693,0.316281,0.389395,0.105303,0.915026,-0.728268,0.643318,0.23601,-0.564263,-0.758407,0.326021,0.002139,-0.019017,0.000965,-0.038723,0.026308,-0.041848,-1.404762,0.04902,0.03458,-0.018577,-0.335563,-0.064227,0.939825,0.646117,-0.741707,0.180007,0.685513,0.667641,0.290388,0.000359,-0.003554,-0.003059,-0.002146,0.016708,-0.023402,-0.878791,0.075572,0.034708,-0.073879,-0.340455,0.757752,-0.556688,-0.845744,-0.505499,-0.170839,-0.410859,0.412653,0.812964,0.004966,-0.032885,0.024627,-0.16936,0.29393,0.070139,-0.871664
283,0.120062,0.019096,0.332666,-0.226634,0.735989,-0.637968,-0.875921,-0.440385,-0.196965,-0.425641,0.513254,0.74527,-0.003008,-0.062476,0.051985,-0.171405,0.274453,0.048095,-1.567859,-0.141157,0.030471,0.316193,0.389236,0.105335,0.915091,-0.728453,0.643133,0.235944,-0.564134,-0.758559,0.325889,0.00224,-0.020027,8.7e-05,-0.038722,0.026299,-0.041854,-1.405013,0.049033,0.034462,-0.01862,-0.335372,-0.064292,0.939889,0.646351,-0.741526,0.179908,0.685386,0.667835,0.290242,0.00113,-0.010093,-2.6e-05,-0.038718,0.026319,-0.041883,-0.878138,0.075588,0.034073,-0.073387,-0.341701,0.761377,-0.550949,-0.847614,-0.50289,-0.169268,-0.405943,0.409153,0.817191,-0.00197,-0.037341,0.029574,-0.204697,0.309394,0.04703,-0.87395
284,0.119954,0.016331,0.33505,-0.23088,0.74233,-0.629036,-0.879432,-0.435756,-0.191538,-0.416011,0.508048,0.754221,-0.00285,-0.069965,0.063381,-0.222905,0.205897,-0.02473,-1.609152,-0.141095,0.029991,0.316038,0.390379,0.100767,0.915119,-0.721127,0.651305,0.236032,-0.5727,-0.752174,0.325748,0.000765,-0.007613,-0.006581,0.453028,0.134081,0.138623,-1.405238,0.049064,0.03422,-0.018699,-0.335844,-0.059656,0.940026,0.63808,-0.748522,0.180465,0.692864,0.660421,0.289452,0.000382,-0.00379,-0.003277,0.456927,0.136748,0.141798,-0.878465,0.075533,0.032662,-0.07218,-0.345714,0.766658,-0.541032,-0.851157,-0.498924,-0.163111,-0.394985,0.404114,0.825032,-0.001431,-0.03487,0.031786,-0.23511,0.166768,-0.041963,-0.895341
285,0.119576,0.013417,0.337828,-0.234813,0.750519,-0.617761,-0.88339,-0.429872,-0.186559,-0.40529,0.500982,0.764711,-0.016293,-0.0763,0.075683,-0.23512,0.329422,0.018387,-1.614419,-0.141029,0.02947,0.31586,0.390325,0.100815,0.915136,-0.721475,0.650878,0.236146,-0.572299,-0.752537,0.325616,0.000887,-0.008826,-0.007655,-0.002139,0.016668,-0.023409,-1.405121,0.049096,0.033972,-0.018784,-0.335863,-0.059647,0.940019,0.638339,-0.748269,0.180595,0.692616,0.660707,0.289391,0.000449,-0.004453,-0.003862,-0.002334,0.016594,-0.023479,-0.879444,0.07535,0.031233,-0.07082,-0.34938,0.773246,-0.529172,-0.855058,-0.494063,-0.157402,-0.383155,0.39748,0.833786,-0.008294,-0.038671,0.037415,-0.222062,0.286008,0.189995,-0.88636
286,0.119283,0.011836,0.339385,-0.237189,0.754549,-0.611917,-0.885452,-0.426986,-0.183384,-0.399365,0.497386,0.770156,-0.016746,-0.086375,0.084924,-0.286823,0.265092,-0.049085,-1.620021,-0.140991,0.029207,0.315748,0.390938,0.098516,0.915125,-0.71774,0.654964,0.236233,-0.576565,-0.749286,0.325586,0.002383,-0.021436,-0.001189,0.017009,-0.078179,0.134261,-1.405057,0.049115,0.033842,-0.018838,-0.335999,-0.057369,0.940113,0.634245,-0.751691,0.180809,0.696302,0.657014,0.288953,0.000523,-0.005185,-0.004507,0.456881,0.136898,0.141682,-0.880261,0.07521,0.030475,-0.070073,-0.351413,0.776767,-0.522629,-0.85709,-0.491532,-0.154247,-0.376703,0.393735,0.83849,-0.00814,-0.037883,0.038157,-0.251369,0.283259,-0.038886,-0.883421
287,0.11883,0.008776,0.342479,-0.22965,0.762034,-0.605485,-0.885455,-0.421769,-0.195068,-0.403745,0.490383,0.772361,-0.015515,-0.072364,0.079457,-0.008185,0.385185,0.231361,-1.629003,-0.140909,0.028718,0.315502,0.388113,0.096411,0.91655,-0.715035,0.658854,0.233602,-0.581811,-0.74614,0.323472,0.002312,-0.020719,-0.000591,-0.038715,0.026224,-0.041908,-1.405711,0.049157,0.03359,-0.018968,-0.332925,-0.055619,0.941311,0.630686,-0.755244,0.178437,0.700996,0.653078,0.286518,0.000459,-0.004537,-0.003957,-0.002685,0.015207,-0.022148,-0.881077,0.074977,0.02891,-0.068497,-0.344384,0.783317,-0.517506,-0.858403,-0.485948,-0.164309,-0.380188,0.387643,0.839755,-0.008153,-0.041883,0.043741,0.516522,0.458538,0.434906,-0.895831
288,0.118305,0.005942,0.345719,-0.223477,0.765056,-0.603981,-0.88297,-0.421282,-0.207017,-0.412556,0.486081,0.770422,-0.014641,-0.068129,0.083224,1.83019,-1.053519,1.234956,-1.640982,-0.140903,0.028275,0.315212,0.386833,0.093805,0.917361,-0.715538,0.657963,0.234573,-0.582044,-0.747254,0.320467,0.002391,-0.021529,-0.001328,-0.038764,0.026331,-0.041827,-1.405464,0.04916,0.033363,-0.019112,-0.331217,-0.0532,0.942053,0.631414,-0.754408,0.179395,0.701149,0.654245,0.283464,0.001202,-0.010799,-0.000696,-0.037438,0.022532,-0.044718,-0.877321,0.074708,0.027465,-0.066848,-0.338709,0.787766,-0.514489,-0.857286,-0.483723,-0.176271,-0.387731,0.38136,0.839183,-0.007328,-0.033888,0.041769,1.805844,-1.084074,1.212066,-0.896974
289,0.117923,0.003464,0.348883,-0.223972,0.764318,-0.604731,-0.881576,-0.423375,-0.208684,-0.415259,0.485424,0.769383,-0.013482,-0.054549,0.077125,-0.228292,0.089439,-0.086069,-1.642801,-0.140898,0.027829,0.314865,0.386136,0.093904,0.917645,-0.71586,0.657803,0.234038,-0.58211,-0.747382,0.320047,0.001072,-0.010691,-0.009393,-0.002137,0.016648,-0.023424,-1.405509,0.049162,0.033144,-0.019282,-0.33055,-0.053438,0.942274,0.631715,-0.754292,0.178828,0.701194,0.65436,0.283088,0.000565,-0.005588,-0.004909,-0.00228,0.016525,-0.023494,-0.881567,0.074523,0.026248,-0.065294,-0.338571,0.786881,-0.515932,-0.855684,-0.485548,-0.179013,-0.391373,0.380867,0.837715,5e-05,-0.027973,0.038063,-0.200503,0.138374,-0.186141,-0.897954
290,0.117893,0.002366,0.350374,-0.223187,0.764023,-0.605394,-0.880893,-0.423957,-0.21038,-0.417126,0.485381,0.7684,-0.013412,-0.054208,0.077475,-0.248054,0.195675,-0.269246,-1.65344,-0.140881,0.027574,0.314707,0.385819,0.093954,0.917773,-0.716063,0.657659,0.233822,-0.58207,-0.747503,0.319838,0.002446,-0.022112,-0.001893,-0.038712,0.026214,-0.041916,-1.405437,0.049171,0.033011,-0.019365,-0.330215,-0.05354,0.942385,0.63193,-0.754169,0.178583,0.701157,0.654492,0.282871,0.001228,-0.01107,-0.000958,-0.03884,0.026183,-0.041967,-0.88222,0.074503,0.02568,-0.064517,-0.337937,0.786692,-0.516637,-0.855137,-0.485932,-0.180584,-0.393114,0.380769,0.836944,-0.006731,-0.027013,0.038817,-0.259917,0.202425,-0.276415,-0.90024
291,0.117941,0.000684,0.353114,-0.221559,0.763569,-0.606564,-0.87992,-0.424586,-0.213167,-0.420038,0.485547,0.766707,0.001763,-0.040654,0.071241,-0.208163,0.146808,-0.196565,-1.68755,-0.140866,0.027043,0.314362,0.383161,0.094671,0.918812,-0.713288,0.662234,0.229344,-0.587211,-0.743362,0.320092,0.001196,-0.011963,-0.010577,0.003388,0.004135,-0.03282,-1.405694,0.049178,0.032752,-0.019532,-0.327672,-0.054931,0.943192,0.628216,-0.758312,0.174083,0.705672,0.649572,0.282986,0.000635,-0.006299,-0.005569,0.006088,-0.072424,0.124388,-0.883527,0.074525,0.024851,-0.063177,-0.336246,0.786505,-0.518022,-0.854322,-0.486209,-0.183668,-0.396323,0.3808,0.835415,0.00108,-0.015142,0.031127,-0.165032,0.032636,-0.003112,-0.902689
292,0.118088,-0.000246,0.355404,-0.222814,0.765503,-0.603659,-0.881352,-0.422756,-0.210874,-0.416356,0.484097,0.769627,0.003362,-0.016965,0.055531,-0.130082,0.053993,0.025329,-1.703385,-0.140865,0.02645,0.314055,0.382553,0.092601,0.919277,-0.710066,0.665969,0.228531,-0.5915,-0.740278,0.319343,0.001052,-0.01055,-0.009368,-0.002132,0.016627,-0.023439,-1.40589,0.049179,0.032447,-0.019693,-0.326691,-0.052681,0.943661,0.624465,-0.761498,0.173675,0.709447,0.646022,0.281672,0.000527,-0.00524,-0.004652,-0.00268,0.016956,-0.023084,-0.883036,0.074598,0.024379,-0.062025,-0.337678,0.788197,-0.514507,-0.855693,-0.484777,-0.18105,-0.392125,0.379124,0.838154,0.001917,-0.003138,0.023386,-0.103955,0.014358,0.032084,-0.89975
293,0.118262,-0.000437,0.356351,-0.222536,0.765776,-0.603415,-0.882357,-0.421374,-0.209432,-0.414372,0.484868,0.770212,0.017612,-0.007537,0.045787,-0.102242,-0.008128,0.054884,-1.711442,-0.140832,0.026146,0.313957,0.382204,0.092673,0.919414,-0.710409,0.665664,0.228349,-0.591312,-0.740542,0.319077,0.000906,-0.009083,-0.00808,-0.002133,0.016622,-0.023443,-1.405888,0.049196,0.032297,-0.01974,-0.326367,-0.052794,0.943767,0.624831,-0.761239,0.173491,0.709273,0.646318,0.281431,0.001147,-0.010289,-0.000309,-0.039018,0.026183,-0.041954,-0.8832,0.074687,0.024278,-0.061529,-0.337392,0.788352,-0.514458,-0.85674,-0.48361,-0.179214,-0.390081,0.380291,0.838579,0.008796,-0.00366,0.022974,-0.104633,-0.015903,0.051152,-0.903506
294,0.118645,-0.000411,0.357945,-0.220534,0.766397,-0.603361,-0.884096,-0.418295,-0.208267,-0.411732,0.486545,0.77057,0.018182,0.003512,0.037121,-0.067202,-0.024264,0.071659,-1.750199,-0.140749,0.025572,0.313882,0.379811,0.088485,0.920818,-0.703973,0.673331,0.225791,-0.600485,-0.734089,0.316849,0.000571,-0.005726,-0.005108,0.0,0.0,-0.0,-1.405841,0.049238,0.032004,-0.019783,-0.323263,-0.049008,0.945038,0.617225,-0.76791,0.171307,0.71731,0.638679,0.278486,0.000274,-0.002743,-0.002449,-0.000839,-0.002777,0.002746,-0.882873,0.074872,0.024292,-0.060744,-0.335514,0.789087,-0.514559,-0.858592,-0.480901,-0.177633,-0.38762,0.382198,0.838853,0.002544,0.007958,0.014804,-0.032872,-0.025296,0.058753,-0.915426
295,0.119076,0.000111,0.359045,-0.217797,0.768723,-0.601394,-0.885208,-0.415048,-0.210034,-0.410802,0.485656,0.771626,0.005069,0.023888,0.018535,0.096324,0.328302,0.270883,-1.758978,-0.140624,0.025093,0.313899,0.374121,0.086782,0.923306,-0.70214,0.676821,0.221014,-0.606175,-0.731074,0.312962,0.001798,-0.015653,0.003755,-0.024171,0.012486,-0.014324,-1.406017,0.0493,0.031767,-0.019773,-0.31722,-0.048145,0.947128,0.614597,-0.771036,0.166652,0.722247,0.634968,0.274178,0.000891,-0.007742,0.001952,-0.024735,0.008604,-0.011486,-0.879444,0.075086,0.024546,-0.060193,-0.333048,0.790095,-0.514614,-0.859945,-0.478373,-0.177915,-0.386747,0.383285,0.83876,0.002521,0.01196,0.009271,0.132744,0.470151,0.345275,-0.911834
296,0.119436,0.000907,0.359699,-0.214969,0.772685,-0.597319,-0.885762,-0.411812,-0.214027,-0.411099,0.482111,0.773688,0.018582,0.030435,0.006452,0.052852,0.100084,-0.011685,-1.757497,-0.140519,0.02471,0.313935,0.373427,0.086924,0.923573,-0.702876,0.676166,0.220679,-0.605747,-0.731664,0.312412,0.001686,-0.014516,0.004772,-0.036569,0.009499,-0.01854,-1.405958,0.049352,0.031576,-0.019754,-0.316578,-0.048392,0.94733,0.615395,-0.770476,0.166294,0.721849,0.635628,0.273696,0.000837,-0.007196,0.002439,-0.036925,0.009385,-0.01862,-0.88222,0.075267,0.024946,-0.059852,-0.329989,0.795621,-0.508027,-0.861332,-0.473996,-0.182847,-0.38628,0.377243,0.841708,0.002125,0.010132,0.007794,0.011924,0.023786,0.082686,-0.911507
297,0.119642,0.001339,0.359942,-0.213803,0.774601,-0.595253,-0.885897,-0.41047,-0.216036,-0.411418,0.480179,0.77472,0.004637,0.030186,0.006165,0.04642,-0.003696,0.088491,-1.760152,-0.140497,0.024514,0.313959,0.373663,0.084785,0.923677,-0.699212,0.67999,0.220566,-0.609832,-0.72836,0.312186,0.001723,-0.014887,0.004439,-0.036559,0.009493,-0.018542,-1.405906,0.049363,0.031485,-0.019742,-0.316514,-0.046228,0.94746,0.611203,-0.773777,0.166428,0.72543,0.631768,0.273166,0.000185,-0.001862,-0.00167,-0.002327,0.015643,-0.023906,-0.88173,0.075376,0.025164,-0.059729,-0.3289,0.797454,-0.505855,-0.861734,-0.472556,-0.184671,-0.386313,0.375175,0.842618,0.008781,0.008847,0.006795,0.000125,-0.041042,0.086122,-0.911017
298,0.120102,0.002201,0.360385,-0.212815,0.774707,-0.595471,-0.88589,-0.410021,-0.216919,-0.411947,0.480392,0.774306,0.004023,0.019262,0.014661,0.001439,-0.027202,0.050797,-1.757722,-0.140477,0.024243,0.31397,0.373466,0.08486,0.92375,-0.699603,0.679598,0.220538,-0.609504,-0.728718,0.311991,0.000277,-0.002765,-0.002479,0.012546,-0.097619,0.13868,-1.405642,0.049378,0.031347,-0.019732,-0.31622,-0.046373,0.947551,0.611708,-0.773407,0.166291,0.725132,0.63221,0.272933,9.5e-05,-0.000968,-0.000868,-0.000308,-8e-05,-9.3e-05,-0.88418,0.075605,0.025596,-0.059513,-0.327908,0.797424,-0.506546,-0.86183,-0.472121,-0.185334,-0.386941,0.375785,0.842057,0.008732,0.008762,0.006673,0.002147,-0.043429,0.079386,-0.905955
299,0.12049,0.002892,0.360769,-0.211256,0.774903,-0.59577,-0.88605,-0.409098,-0.218004,-0.412406,0.480862,0.77377,0.002934,0.014134,0.010692,0.000718,-0.013612,0.025392,-1.757181,-0.140524,0.024109,0.313951,0.373858,0.084837,0.923593,-0.699573,0.679515,0.220885,-0.609298,-0.728797,0.312208,0.000161,-0.001607,-0.001441,0.0,-0.0,-0.0,-1.406021,0.04935,0.031278,-0.019743,-0.31671,-0.046272,0.947392,0.611692,-0.773329,0.166715,0.724932,0.632313,0.273225,0.000782,-0.006661,0.002921,-0.024229,-0.088142,0.120081,-0.885486,0.075801,0.025949,-0.059315,-0.326392,0.797782,-0.506962,-0.862159,-0.47113,-0.186322,-0.38749,0.376268,0.841589,0.008217,0.006392,0.004834,0.002572,-0.041919,0.08012,-0.907425
300,0.120687,0.003177,0.360921,-0.209889,0.775081,-0.59602,-0.88624,-0.408225,-0.218866,-0.412696,0.481314,0.773334,0.016169,0.011552,0.008723,0.002419,-0.041946,0.080334,-1.751107,-0.140571,0.02408,0.313957,0.37431,0.087588,0.923153,-0.699544,0.680077,0.219243,-0.609054,-0.727951,0.314649,1.3e-05,-0.000134,-0.00012,0.14094,-0.32424,-0.241009,-1.40597,0.049327,0.031261,-0.019742,-0.317054,-0.046627,0.947259,0.611624,-0.773397,0.166645,0.724838,0.632203,0.273727,-0.006716,-0.000758,7.2e-05,0.192787,-0.433692,-0.36284,-0.885649,0.075894,0.02609,-0.05924,-0.325119,0.798095,-0.507287,-0.86248,-0.470249,-0.187064,-0.387846,0.376707,0.841229,0.001238,0.006003,0.004524,0.000872,-0.013589,0.025216,-0.906772
301,0.121246,0.003697,0.361085,-0.207009,0.775442,-0.596558,-0.886552,-0.406487,-0.220827,-0.413483,0.482201,0.772361,0.015513,0.008571,0.006438,0.001701,-0.028342,0.054937,-1.72075,-0.140591,0.024075,0.313969,0.374134,0.087623,0.923221,-0.699629,0.680034,0.219106,-0.609065,-0.727987,0.314545,-6.5e-05,0.000648,0.000582,3e-05,-6.9e-05,-5.2e-05,-1.405807,0.049317,0.031259,-0.019736,-0.317405,-0.049029,0.947021,0.611555,-0.773825,0.164907,0.724744,0.631498,0.2756,-5.3e-05,0.000539,0.000484,-0.016127,0.117517,-0.159726,-0.886139,0.076174,0.026351,-0.059158,-0.32232,0.79877,-0.508011,-0.863106,-0.468385,-0.188845,-0.388789,0.377599,0.840393,0.008001,0.009566,-0.001226,0.037006,-0.043838,0.071911,-0.905629
302,0.121685,0.004184,0.361122,-0.205015,0.775656,-0.596969,-0.886613,-0.405473,-0.222443,-0.414347,0.48271,0.771579,0.001581,0.007755,0.005809,0.000714,-0.013645,0.025375,-1.696389,-0.140649,0.024146,0.314011,0.37443,0.090387,0.922835,-0.699593,0.680647,0.21731,-0.608925,-0.72708,0.316906,-0.014919,0.011148,-0.006291,0.039165,-0.00497,-0.018639,-1.406012,0.049293,0.031293,-0.019711,-0.318171,-0.051967,0.946607,0.611319,-0.774423,0.16296,0.724606,0.630529,0.278168,-0.006775,-0.000117,0.000647,-0.006419,0.027365,-0.020021,-0.888262,0.076398,0.026594,-0.059139,-0.320374,0.799206,-0.508555,-0.863392,-0.467239,-0.190368,-0.389761,0.378093,0.83972,0.007671,0.00803,-0.00239,0.036963,-0.043853,0.071942,-0.896647
303,0.121794,0.004469,0.361235,-0.204044,0.777531,-0.594858,-0.886691,-0.404256,-0.22434,-0.41466,0.480711,0.772658,0.000525,0.00258,0.001929,0.000217,0.000904,0.00048,-1.642512,-0.141088,0.024228,0.313905,0.376259,0.090413,0.922088,-0.699037,0.6808,0.218614,-0.608437,-0.726933,0.318178,-0.013393,-0.001787,-0.000106,-0.345732,-1.597702,1.940655,-1.406556,0.049068,0.031339,-0.019765,-0.319143,-0.05163,0.946298,0.610978,-0.774516,0.163798,0.724466,0.630444,0.278726,-0.006697,-0.000915,-6.6e-05,-0.345195,-1.596974,1.941427,-0.891038,0.076454,0.026745,-0.059077,-0.319377,0.801049,-0.506279,-0.863742,-0.465843,-0.192194,-0.389804,0.375912,0.840679,0.000205,0.001017,0.000757,-0.002842,-0.009663,-0.003996,-0.88881
