frame,MLTx,MLTy,MLTz,MLTR1,MLTR2,MLTR3,MLTR4,MLTR5,MLTR6,MLTR7,MLTR8,MLTR9,MLTTVx,MLTTVy,MLTTVz,MLTRVx,MLTRVy,MLTRVz,MLGA,MRTx,MRTy,MRTz,MRTR1,MRTR2,MRTR3,MRTR4,MRTR5,MRTR6,MRTR7,MRTR8,MRTR9,MRTTVx,MRTTVy,MRTTVz,MRTRVx,MRTRVy,MRTRVz,MRGA,SLTx,SLTy,SLTz,SLTR1,SLTR2,SLTR3,SLTR4,SLTR5,SLTR6,SLTR7,SLTR8,SLTR9,SLTTVx,SLTTVy,SLTTVz,SLTRVx,SLTRVy,SLTRVz,SLGA,SRTx,SRTy,SRTz,SRTR1,SRTR2,SRTR3,SRTR4,SRTR5,SRTR6,SRTR7,SRTR8,SRTR9,SRTTVx,SRTTVy,SRTTVz,SRTRVx,SRTRVy,SRTRVz,SRGA
182,0.097996,0.01016,0.39373,-0.010456,0.806097,-0.59173,-0.725504,-0.413289,-0.550282,-0.68813,0.422544,0.589882,0.000107,0.000389,0.00024,0.0,0.0,0.0,-0.893541,-0.098576,0.018051,0.343848,0.53407,0.607185,0.588291,-0.566267,0.77363,-0.284205,-0.628331,-0.182121,0.756237,-0.012805,-0.004159,-0.001664,1.088368,-0.985228,1.366116,-0.694529,0.041258,0.027496,-0.012904,-0.488837,-0.618778,0.61494,0.57561,-0.758462,-0.305625,0.655523,0.204565,0.72694,-0.006277,-0.002213,-0.001027,3.400465,-2.154583,4.004405,-0.729543,0.086927,0.029296,-0.046791,-0.059889,0.831387,-0.552455,-0.709365,-0.424829,-0.562424,-0.702291,0.35821,0.6152,6.6e-05,0.000239,0.000148,2e-06,6e-06,1.8e-05,-0.784304
183,0.097992,0.010184,0.393745,-0.010559,0.806076,-0.591757,-0.725505,-0.413367,-0.550221,-0.688127,0.422508,0.589912,0.000459,0.001669,0.001032,0.001051,-0.012086,0.026142,-0.893288,-0.0988,0.017992,0.343829,0.541325,0.606607,0.582225,-0.565112,0.775244,-0.282096,-0.623143,-0.177093,0.761704,-0.013074,-0.00299,-0.000729,0.090058,-0.373626,-0.034458,-0.841537,0.041147,0.027464,-0.012915,-0.497763,-0.617697,0.608835,0.573242,-0.761099,-0.303514,0.650864,0.197932,0.732937,-0.00655,-0.001443,-0.000316,0.139266,-0.585897,0.062339,-0.847113,0.086924,0.029305,-0.046786,-0.060012,0.831357,-0.552488,-0.709361,-0.424925,-0.562355,-0.702285,0.358166,0.615233,3.7e-05,0.000131,8.3e-05,4e-06,3e-06,1e-05,-0.783814
184,0.098004,0.010197,0.393741,-0.010921,0.805996,-0.591859,-0.725493,-0.413655,-0.550019,-0.688133,0.422378,0.589997,2e-06,7e-06,4e-06,0.0,0.0,0.0,-0.893317,-0.099364,0.017939,0.343819,0.570866,0.593304,0.567532,-0.54427,0.79102,-0.279271,-0.615315,-0.150225,0.773746,-0.013381,-0.001636,0.000351,3.222108,-1.937394,4.461361,-1.137153,0.040864,0.027438,-0.01292,-0.524791,-0.609151,0.594583,0.557717,-0.773744,-0.30045,0.643075,0.173936,0.745788,-0.006733,-0.000642,0.00033,0.077185,-0.301056,0.006381,-0.832743,0.086931,0.029315,-0.046785,-0.06035,0.831268,-0.552584,-0.709333,-0.425206,-0.562179,-0.702284,0.358039,0.615307,-5e-06,-2.1e-05,-1.4e-05,1e-06,0.0,7e-06,-0.783814
185,0.098006,0.010219,0.39372,-0.011434,0.805878,-0.59201,-0.725448,-0.414085,-0.549755,-0.688171,0.422183,0.590092,0.0,0.0,0.0,0.0,0.0,0.0,-0.893813,-0.100129,0.017961,0.343815,0.592065,0.583923,0.555413,-0.530152,0.801306,-0.277094,-0.607579,-0.131145,0.78327,-0.028706,0.007881,-0.007404,0.081205,-0.244465,0.262446,-1.393136,0.040498,0.027448,-0.012919,-0.550246,-0.597416,0.583371,0.539572,-0.787584,-0.297611,0.637251,0.151012,0.755714,-0.00693,0.000248,0.001042,0.040961,-0.23466,0.316146,-0.885159,0.086932,0.029326,-0.046796,-0.060856,0.83113,-0.552736,-0.709263,-0.425644,-0.561936,-0.702311,0.357838,0.615393,2e-06,-9e-06,-7e-06,-3e-06,2e-06,-1.3e-05,-0.78414
186,0.098027,0.010246,0.393689,-0.011881,0.805769,-0.59215,-0.725385,-0.414481,-0.54954,-0.68823,0.422003,0.590152,0.000706,0.010051,-0.009472,0.035,-0.016397,0.016667,-0.89275,-0.101074,0.018067,0.343847,0.609546,0.575524,0.545177,-0.526103,0.808138,-0.264693,-0.593658,-0.126216,0.794671,-0.02965,0.012311,-0.003885,0.058569,-0.197828,0.329273,-1.405782,0.040016,0.027493,-0.012908,-0.568495,-0.589168,0.57419,0.536137,-0.794702,-0.284613,0.623995,0.146043,0.767659,-0.007292,0.001923,0.002373,0.011725,-0.183833,0.354901,-0.907204,0.086942,0.029335,-0.046808,-0.061316,0.831003,-0.552877,-0.709194,-0.426046,-0.561718,-0.702341,0.357655,0.615466,5e-06,-5e-06,-5e-06,2e-06,1.8e-05,-0.0,-0.784141
187,0.098047,0.010257,0.393672,-0.012081,0.805718,-0.592214,-0.725353,-0.414661,-0.549447,-0.68826,0.421922,0.590175,0.0,0.0,0.0,0.0,0.0,0.0,-0.893378,-0.10161,0.018181,0.343872,0.616613,0.572121,0.540794,-0.523321,0.811086,-0.261168,-0.588802,-0.122704,0.798823,-0.027713,0.001307,0.004309,0.028259,-0.182739,0.276054,-1.406328,0.039747,0.027557,-0.012896,-0.57585,-0.586001,0.570086,0.53356,-0.797708,-0.281023,0.619443,0.142348,0.772028,-0.014961,0.006837,-0.001391,0.062285,-0.170102,0.336188,-0.890548,0.086952,0.029345,-0.04682,-0.061496,0.830946,-0.552942,-0.709134,-0.426228,-0.561656,-0.702386,0.35757,0.615464,0.000358,0.005023,-0.004739,0.034994,-0.016376,0.016661,-0.784141
188,0.098102,0.010323,0.393607,-0.01249,0.805597,-0.592371,-0.7252,-0.4151,-0.549316,-0.688413,0.421723,0.59014,0.0,1e-06,1e-06,0.0,0.0,0.0,-0.894163,-0.102835,0.018478,0.34388,0.626563,0.566151,0.535615,-0.517906,0.816037,-0.256499,-0.583064,-0.117413,0.803812,-0.027735,0.001675,0.004565,0.03403,-0.208067,0.294148,-1.406674,0.039134,0.027708,-0.01289,-0.586148,-0.58036,0.565342,0.528516,-0.802762,-0.276121,0.614085,0.136944,0.777267,-0.021344,0.00489,-0.002145,0.046997,-0.054056,0.103599,-0.892834,0.08698,0.029378,-0.046853,-0.061901,0.830811,-0.5531,-0.708957,-0.426664,-0.561548,-0.702529,0.357364,0.615421,2e-06,-6e-06,-5e-06,-4e-06,-8e-06,-2e-05,-0.784467
189,0.098197,0.010435,0.393475,-0.012685,0.805489,-0.592513,-0.724904,-0.415493,-0.54941,-0.688721,0.421542,0.589909,0.0,0.0,0.0,0.0,0.0,0.0,-0.895282,-0.104174,0.018909,0.343838,0.639284,0.557611,0.529507,-0.516026,0.821632,-0.242016,-0.570793,-0.119239,0.812306,-0.030021,0.014959,-0.001879,-0.603175,-0.505673,0.45945,-1.407592,0.038466,0.027916,-0.01291,-0.598958,-0.572138,0.560273,0.527119,-0.808394,-0.261998,0.602821,0.138404,0.785779,-0.021599,0.006319,-0.00105,-2.118024,-1.454021,1.132801,-0.888262,0.087027,0.029433,-0.046919,-0.062092,0.8307,-0.553246,-0.708642,-0.427036,-0.561663,-0.70283,0.357179,0.615184,5e-06,-3e-06,-5e-06,1.4e-05,1.8e-05,1.4e-05,-0.784304
190,0.098278,0.010488,0.393401,-0.012761,0.805437,-0.592583,-0.724747,-0.415681,-0.549475,-0.688885,0.421457,0.589778,0.013426,0.007602,-0.01111,0.035984,-0.031114,0.04622,-0.895961,-0.104848,0.019181,0.343836,0.646511,0.550812,0.527845,-0.509348,0.826764,-0.238664,-0.568654,-0.115266,0.814377,-0.030198,0.016043,-0.001049,0.048406,-0.090798,0.157789,-1.408232,0.038118,0.028058,-0.012912,-0.606972,-0.565255,0.558632,0.520858,-0.813855,-0.257576,0.600242,0.134627,0.788406,-0.015121,0.00812,-0.000422,0.053694,-0.087286,0.154849,-0.885976,0.087068,0.02946,-0.046956,-0.062166,0.830647,-0.553317,-0.708476,-0.427212,-0.561738,-0.702991,0.357091,0.615051,0.006718,0.003799,-0.005561,0.035991,-0.03111,0.046211,-0.783161
191,0.098498,0.010591,0.393238,-0.012472,0.805418,-0.592614,-0.724409,-0.415741,-0.549875,-0.689246,0.421434,0.589373,0.013424,0.007614,-0.011101,0.035985,-0.031107,0.046223,-0.898296,-0.106223,0.019767,0.343915,0.653686,0.545408,0.52461,-0.506306,0.830445,-0.232271,-0.563143,-0.114483,0.818307,-0.043729,0.016249,0.000617,0.032075,0.025467,-0.042166,-1.408326,0.037447,0.028344,-0.012874,-0.614436,-0.560057,0.555701,0.518197,-0.81759,-0.251032,0.594928,0.13372,0.792576,-0.014487,0.00427,0.004948,0.016678,-0.098708,0.16006,-0.884016,0.087173,0.029508,-0.047033,-0.061918,0.830638,-0.553357,-0.708157,-0.427255,-0.562108,-0.703334,0.357059,0.614677,0.006364,-0.001227,-0.000828,0.001,-0.014713,0.029569,-0.782834
192,0.098824,0.010681,0.393056,-0.011764,0.80548,-0.592545,-0.724048,-0.415502,-0.55053,-0.689638,0.421551,0.58883,0.012719,-0.002442,-0.00164,0.000984,-0.014715,0.029553,-0.902849,-0.107617,0.020296,0.344163,0.661077,0.540369,0.520548,-0.505024,0.833566,-0.223724,-0.555615,-0.115686,0.823269,-0.042212,0.00751,0.010496,-0.001999,0.016198,-0.038346,-1.408055,0.03676,0.028608,-0.012757,-0.622057,-0.555312,0.551971,0.517446,-0.820645,-0.242465,0.587617,0.134788,0.797833,-0.015523,0.010648,0.001488,0.05582,-0.10244,0.179364,-0.886139,0.087336,0.029557,-0.047128,-0.061197,0.830735,-0.553293,-0.707799,-0.426966,-0.562778,-0.703757,0.35718,0.614122,6e-06,1e-06,-7e-06,4e-06,1.2e-05,2.2e-05,-0.784467
193,0.099229,0.010787,0.392846,-0.011075,0.805523,-0.592499,-0.723635,-0.415323,-0.551209,-0.690084,0.421645,0.588241,0.01342,0.007652,-0.011075,0.035992,-0.031074,0.04624,-0.910697,-0.108832,0.020735,0.344572,0.665836,0.537207,0.517747,-0.504449,0.835455,-0.217899,-0.550428,-0.116783,0.826592,-0.029052,0.010033,0.010833,-0.002066,0.015671,-0.033779,-1.4079,0.036147,0.02883,-0.012551,-0.627006,-0.552312,0.549375,0.517198,-0.822505,-0.236621,0.582553,0.135773,0.801371,-0.01459,0.005292,0.005653,0.005131,0.004444,-0.01173,-0.887935,0.087538,0.029607,-0.047229,-0.060529,0.830812,-0.553251,-0.707421,-0.426735,-0.563428,-0.704194,0.357279,0.613564,0.006361,-0.001221,-0.000828,0.001002,-0.014721,0.029567,-0.786263
194,0.099436,0.010832,0.392742,-0.01081,0.80553,-0.592494,-0.723438,-0.415285,-0.551495,-0.690295,0.421668,0.587976,0.000698,0.010081,-0.009441,0.03501,-0.016349,0.016692,-0.917668,-0.109388,0.020925,0.34479,0.66644,0.536707,0.517489,-0.503981,0.835818,-0.217592,-0.550127,-0.116483,0.826834,-0.028989,0.009961,0.010733,3.7e-05,0.000988,-0.009106,-1.408075,0.035869,0.028926,-0.01244,-0.627714,-0.551751,0.549131,0.516657,-0.822944,-0.236279,0.582271,0.135397,0.801639,-0.007993,0.00622,0.005594,0.002805,-0.01368,0.019694,-0.888425,0.087646,0.029632,-0.047285,-0.060223,0.830839,-0.553244,-0.707213,-0.426655,-0.56375,-0.70443,0.357311,0.613275,0.000351,0.005036,-0.004729,0.035024,-0.016365,0.016683,-0.7861
195,0.099926,0.010915,0.39253,-0.009926,0.805615,-0.592395,-0.723039,-0.414947,-0.552273,-0.690727,0.421839,0.587345,0.013112,-0.00095,-0.000721,0.002008,-0.026894,0.055652,-0.932159,-0.11031,0.021233,0.345163,0.666652,0.536608,0.517318,-0.503901,0.835894,-0.217481,-0.549943,-0.116384,0.826971,-0.015153,0.008578,0.008103,1.5e-05,0.000495,-0.004552,-1.408386,0.035391,0.029089,-0.012245,-0.627908,-0.551685,0.548975,0.516604,-0.823004,-0.236186,0.582109,0.1353,0.801774,-0.014107,0.003154,0.003939,-0.002051,0.015714,-0.033849,-0.889405,0.087886,0.029671,-0.047393,-0.059388,0.830955,-0.55316,-0.70684,-0.426294,-0.56449,-0.704875,0.357472,0.612669,0.00671,0.003837,-0.005537,0.035993,-0.031032,0.046259,-0.787896
196,0.100519,0.011011,0.392311,-0.010011,0.805439,-0.592633,-0.7242,-0.414447,-0.551126,-0.689509,0.422664,0.588184,0.02591,-0.003024,-0.002142,0.002987,-0.041624,0.085199,-0.948191,-0.111048,0.021494,0.345441,0.670635,0.53252,0.516393,-0.500022,0.838767,-0.215365,-0.548642,-0.114462,0.828102,-0.01458,0.005806,0.005936,1.2e-05,0.000495,-0.004552,-1.408446,0.035022,0.029221,-0.012105,-0.632053,-0.547701,0.548207,0.512894,-0.825978,-0.233878,0.580903,0.133349,0.802975,-0.007239,0.002601,0.002751,0.00109,0.001226,-0.005302,-0.888752,0.088178,0.02972,-0.047501,-0.059492,0.83078,-0.553411,-0.708014,-0.425929,-0.563293,-0.703688,0.358312,0.613543,0.006752,0.004018,-0.005427,0.036431,-0.03112,0.046551,-0.789202
197,0.100852,0.01104,0.392208,-0.00899,0.805601,-0.592429,-0.724009,-0.41383,-0.55184,-0.689724,0.422959,0.587718,0.025623,-0.004078,-0.002796,0.001969,-0.029429,0.059106,-0.955538,-0.11132,0.021596,0.345547,0.671881,0.531943,0.515367,-0.500694,0.838974,-0.212982,-0.546499,-0.115628,0.829357,-0.001411,0.007374,0.005652,0.002055,-0.014711,0.024693,-1.408162,0.034881,0.02927,-0.012053,-0.633349,-0.547177,0.547234,0.513696,-0.826142,-0.231523,0.578778,0.134477,0.80432,-0.007155,0.002203,0.002436,0.002457,0.002205,-0.005926,-0.888915,0.088345,0.029738,-0.047551,-0.058456,0.830991,-0.553203,-0.707862,-0.425253,-0.563994,-0.703926,0.358623,0.613087,0.006475,-0.000773,-0.000557,0.001052,-0.014725,0.029609,-0.789202
198,0.101611,0.011029,0.39204,-0.007117,0.805909,-0.592035,-0.723752,-0.412626,-0.553077,-0.690018,0.423546,0.586951,0.026194,0.00565,-0.012452,0.037009,-0.045646,0.075865,-0.973572,-0.111699,0.02168,0.345651,0.673147,0.531358,0.514318,-0.501349,0.839186,-0.210593,-0.544335,-0.116777,0.830617,-0.013427,-0.00011,0.001384,-0.002045,0.015205,-0.029245,-1.408223,0.034695,0.029318,-0.011997,-0.634698,-0.546609,0.546238,0.514433,-0.826343,-0.229161,0.576642,0.135555,0.805672,-0.006719,-4.5e-05,0.000705,-0.001211,0.015846,-0.029779,-0.887935,0.088725,0.029729,-0.047631,-0.056615,0.831379,-0.552812,-0.707701,-0.423982,-0.565152,-0.704239,0.35923,0.612372,0.01276,-0.002228,-0.00153,0.001997,-0.029443,0.059118,-0.789366
199,0.102407,0.010852,0.392014,-0.005636,0.806208,-0.591644,-0.723873,-0.411419,-0.553818,-0.689907,0.424149,0.586646,0.025817,-0.003296,-0.002324,0.001969,-0.029429,0.059106,-0.998564,-0.111914,0.021633,0.345727,0.674364,0.530823,0.513275,-0.502142,0.83934,-0.208075,-0.542091,-0.118101,0.831897,-0.013122,-0.001705,0.000162,-0.002045,0.015205,-0.029245,-1.408744,0.034583,0.029291,-0.01196,-0.635954,-0.546131,0.545254,0.515356,-0.826448,-0.226696,0.57443,0.136832,0.807035,-0.006538,-0.000984,-1.5e-05,-0.001769,0.015447,-0.029481,-0.888425,0.089122,0.029641,-0.047649,-0.055128,0.831739,-0.552422,-0.707876,-0.422748,-0.565857,-0.704181,0.359852,0.612073,0.012961,-0.001447,-0.00105,-0.005026,0.054802,-0.120947,-0.789529
200,0.103135,0.010596,0.3922,-0.010104,0.808144,-0.588936,-0.722046,-0.413284,-0.554814,-0.691763,0.418626,0.588425,0.013092,-0.008495,0.010267,-0.058891,0.524813,0.289927,-1.020929,-0.112031,0.021483,0.34584,0.675968,0.531986,0.50995,-0.503745,0.838661,-0.206933,-0.538591,-0.11769,0.834225,-6.1e-05,0.000321,0.000246,0.020566,-0.120287,0.159075,-1.408364,0.034525,0.029214,-0.011906,-0.637777,-0.547506,0.541734,0.517036,-0.825656,-0.225753,0.570888,0.136116,0.809665,-2.3e-05,0.000115,9e-05,0.014217,-0.08866,0.172052,-0.889078,0.089485,0.029516,-0.047566,-0.058654,0.831816,-0.551942,-0.705756,-0.425581,-0.566381,-0.706021,0.356317,0.612022,0.01288,-0.005529,0.004254,-0.0333,-0.013398,0.042327,-0.789366
201,0.10345,0.010455,0.392366,-0.009366,0.808362,-0.588651,-0.722428,-0.412425,-0.554956,-0.691375,0.419053,0.588577,0.013173,-0.008179,0.010462,-0.034481,0.009156,0.016375,-1.029082,-0.112112,0.021356,0.345941,0.67631,0.53375,0.507648,-0.504694,0.837766,-0.208243,-0.53727,-0.116058,0.835305,-0.000164,0.000868,0.000663,0.151173,-0.407307,-0.254782,-1.408134,0.034485,0.029152,-0.01186,-0.637502,-0.547609,0.541955,0.517395,-0.8255,-0.2255,0.57087,0.136649,0.809588,-0.005758,-0.005977,0.004478,-0.039986,0.027632,-0.04694,-0.889242,0.089643,0.029446,-0.047483,-0.05898,0.83369,-0.549074,-0.70639,-0.423502,-0.567149,-0.70536,0.35441,0.613888,0.006604,-0.004011,0.005266,-0.029669,-0.011159,0.001048,-0.789366
202,0.104018,0.010215,0.392775,-0.013869,0.810331,-0.585847,-0.72093,-0.414034,-0.555705,-0.692857,0.413637,0.590661,0.01375,-0.005911,0.011855,-0.033846,0.004132,0.045801,-1.044243,-0.112257,0.021108,0.34627,0.68239,0.535863,0.497178,-0.508091,0.836705,-0.20421,-0.526258,-0.11395,0.842574,-0.012005,-0.00935,0.010945,-0.140851,-0.35779,-0.121985,-1.408322,0.034418,0.029024,-0.011699,-0.644511,-0.551352,0.52973,0.521245,-0.823715,-0.22315,0.559382,0.132297,0.818283,-0.00045,0.002377,0.00182,-0.591496,-0.814538,0.132275,-0.888425,0.089932,0.029322,-0.047275,-0.063566,0.835307,-0.546095,-0.704836,-0.424967,-0.567986,-0.706516,0.348804,0.615768,0.006831,-0.003107,0.005825,-0.029448,-0.007764,0.001927,-0.789366
203,0.10446,0.010006,0.393263,-0.014021,0.812289,-0.583125,-0.72198,-0.411629,-0.556127,-0.691758,0.412196,0.592952,0.001009,-0.003627,0.013411,-0.034288,0.007904,0.011134,-1.056932,-0.112472,0.020848,0.346723,0.687678,0.537519,0.48802,-0.508844,0.836324,-0.203893,-0.518585,-0.108805,0.847994,-0.01234,-0.007557,0.012311,-0.001582,-0.149225,0.111548,-1.408019,0.03431,0.028896,-0.011478,-0.650135,-0.553823,0.520196,0.522367,-0.82296,-0.22331,0.551775,0.126552,0.824335,-0.006217,-0.003565,0.006322,-0.029417,-0.015448,-0.043857,-0.888425,0.090159,0.02922,-0.04703,-0.063761,0.837074,-0.543359,-0.705994,-0.422653,-0.568274,-0.705341,0.347374,0.617918,0.006802,-0.003197,0.005767,-0.030598,-0.012955,0.001764,-0.790345
204,0.10466,0.009872,0.393542,-0.019518,0.81396,-0.580632,-0.720205,-0.414196,-0.556523,-0.693467,0.406297,0.595024,0.013814,-0.005616,0.012028,0.052624,0.089852,-0.041782,-1.063262,-0.112639,0.02074,0.346947,0.68984,0.537504,0.484976,-0.50826,0.836639,-0.20406,-0.516281,-0.106418,0.849701,-0.012289,-0.007824,0.012105,-0.018832,-0.094001,0.112084,-1.408293,0.034231,0.028845,-0.011364,-0.652397,-0.553811,0.517368,0.521774,-0.823322,-0.223364,0.549662,0.124228,0.826097,-0.006197,-0.003668,0.006244,-0.033004,-0.069783,0.15739,-0.886466,0.090254,0.029158,-0.046899,-0.068907,0.838433,-0.540629,-0.704309,-0.424684,-0.568851,-0.70654,0.341572,0.61978,0.006748,-0.003396,0.005645,0.950503,0.926224,-0.990057,-0.790672
205,0.104959,0.009614,0.394071,-0.019091,0.814238,-0.580256,-0.721259,-0.413069,-0.555996,-0.692383,0.406886,0.595883,0.013512,-0.006792,0.011305,-0.034145,0.001114,0.012609,-1.070797,-0.11307,0.020566,0.34735,0.692547,0.537016,0.481647,-0.507431,0.837246,-0.203634,-0.513463,-0.104068,0.851697,-0.012217,-0.008186,0.011823,-0.038039,0.020554,-0.050224,-1.408198,0.034011,0.028758,-0.011156,-0.655375,-0.553049,0.514411,0.52079,-0.824162,-0.222563,0.547047,0.122037,0.828158,-0.006195,-0.003669,0.006239,-0.039816,0.015453,-0.020038,-0.884833,0.090404,0.029027,-0.046624,-0.068868,0.838504,-0.540524,-0.705159,-0.424178,-0.568174,-0.705695,0.342027,0.620491,0.000497,-0.001801,0.006706,-0.034302,0.002518,0.008971,-0.790835
206,0.105161,0.009374,0.394602,-0.020547,0.815181,-0.578881,-0.716649,-0.415671,-0.560004,-0.697111,0.402332,0.593457,0.000546,-0.005442,0.012298,-0.029811,0.014304,-0.013163,-1.079645,-0.11369,0.020457,0.347647,0.694322,0.537931,0.478058,-0.508903,0.836713,-0.202144,-0.509591,-0.103625,0.854074,-0.026959,0.000582,0.003316,0.110495,-0.278104,-0.215908,-1.408105,0.033696,0.028699,-0.011004,-0.65707,-0.553413,0.511851,0.522129,-0.823868,-0.220503,0.543727,0.122366,0.830292,-0.013476,0.00023,0.001621,0.163181,-0.399216,-0.281911,-0.885486,0.09051,0.02891,-0.046363,-0.070302,0.839307,-0.539091,-0.700413,-0.426333,-0.572416,-0.710266,0.337345,0.617833,0.006629,-0.003861,0.005363,0.02393,-0.01547,0.054868,-0.790998
207,0.105266,0.009243,0.395001,-0.020542,0.815315,-0.578692,-0.717386,-0.415112,-0.559474,-0.696352,0.402637,0.594141,0.000813,-0.004379,0.012944,-0.034084,0.003777,0.009213,-1.085966,-0.114419,0.020473,0.347775,0.699195,0.533338,0.476096,-0.505808,0.839679,-0.197564,-0.505996,-0.103364,0.85624,-0.026928,0.000544,0.003269,-0.00253,0.015469,-0.033553,-1.408241,0.033342,0.028706,-0.010942,-0.662395,-0.549519,0.509177,0.519507,-0.826636,-0.216297,0.539763,0.121247,0.833038,-0.006895,0.001012,0.001492,0.001723,0.021543,-0.029852,-0.886302,0.090562,0.028837,-0.046156,-0.070329,0.839427,-0.538902,-0.701253,-0.42582,-0.571769,-0.709434,0.337695,0.618598,0.000396,-0.002208,0.006458,-0.03447,0.003556,0.009386,-0.789692
208,0.105269,0.009237,0.395196,-0.020699,0.815338,-0.578655,-0.717693,-0.415,-0.559164,-0.696031,0.402706,0.59447,0.000975,-0.003737,0.013333,-0.034083,0.003781,0.009215,-1.086866,-0.114799,0.020518,0.347836,0.700797,0.534295,0.472657,-0.506997,0.839175,-0.196656,-0.502577,-0.102507,0.858354,-0.026869,0.000296,0.003072,0.016854,-0.088757,0.101025,-1.407966,0.033152,0.028729,-0.010911,-0.664094,-0.550762,0.505607,0.520823,-0.825974,-0.215661,0.536397,0.120112,0.835374,-0.007005,0.001652,0.001974,0.0015,0.011679,-0.005341,-0.886466,0.090562,0.028835,-0.046069,-0.070466,0.839437,-0.538867,-0.701528,-0.425748,-0.571485,-0.709148,0.337761,0.61889,-0.005522,0.004505,0.002825,-0.000128,0.00254,-0.003145,-0.789856
209,0.105231,0.009314,0.395514,-0.020942,0.815365,-0.578607,-0.718106,-0.41487,-0.55873,-0.695597,0.402785,0.594925,0.001498,0.005951,0.003611,-0.0,0.0,0.0,-1.088181,-0.115587,0.020652,0.348007,0.707689,0.531465,0.465524,-0.503879,0.841549,-0.194511,-0.496008,-0.097599,0.862736,-0.014259,0.004889,0.005099,0.011887,-0.03059,-0.023811,-1.40776,0.032748,0.028794,-0.010826,-0.671467,-0.548157,0.498652,0.517818,-0.828443,-0.213413,0.530089,0.114911,0.840119,-0.007143,0.002498,0.002604,-0.000896,0.012639,-0.005199,-0.884996,0.090544,0.028871,-0.045901,-0.070713,0.839453,-0.53881,-0.701985,-0.425638,-0.571006,-0.708672,0.337859,0.619382,0.000582,-0.001473,0.006903,-0.034216,0.003651,0.009374,-0.790182
210,0.105111,0.009483,0.395841,-0.023307,0.814844,-0.57925,-0.720044,-0.415568,-0.555708,-0.693513,0.403118,0.597128,0.001284,-0.002509,0.014061,-0.034077,0.003808,0.009227,-1.090778,-0.116376,0.020801,0.348201,0.710696,0.532908,0.459251,-0.504745,0.841019,-0.194556,-0.490795,-0.094221,0.866086,-0.027281,0.003034,0.005086,0.004052,-0.000284,-0.04367,-1.408,0.032363,0.028868,-0.01073,-0.674709,-0.549683,0.49256,0.518661,-0.827905,-0.213455,0.525126,0.111451,0.843694,-0.013614,0.00134,0.002424,-0.00564,0.036607,-0.028818,-0.877485,0.090484,0.028956,-0.045737,-0.073067,0.838834,-0.539461,-0.703871,-0.42658,-0.567973,-0.706558,0.338211,0.6216,0.000643,-0.00123,0.007047,-0.030803,0.0029,0.011514,-0.790672
211,0.105044,0.00955,0.396012,-0.023368,0.814873,-0.579208,-0.72024,-0.41546,-0.555535,-0.693307,0.403171,0.597331,0.001663,0.006594,0.003985,0.001074,-0.011925,0.026214,-1.090496,-0.11677,0.020873,0.348295,0.712455,0.531743,0.457874,-0.504739,0.841654,-0.19181,-0.488243,-0.095136,0.867428,-0.014298,0.005356,0.005418,-0.000432,9e-05,-0.004424,-1.408422,0.032162,0.028903,-0.010684,-0.676472,-0.548435,0.491531,0.518781,-0.828579,-0.210528,0.522734,0.112581,0.845029,-0.013626,0.001463,0.002511,0.013583,-0.075028,0.138886,-0.874382,0.09045,0.02899,-0.045657,-0.073113,0.838859,-0.539416,-0.704036,-0.426498,-0.567831,-0.70639,0.338253,0.621769,-0.005468,0.004665,0.002913,0.00048,0.002593,-0.002952,-0.790509
212,0.104897,0.009671,0.396345,-0.025353,0.814448,-0.579721,-0.722218,-0.41582,-0.55269,-0.691174,0.403658,0.599471,0.001093,-0.003272,0.013588,-0.034071,0.003836,0.00924,-1.090237,-0.117539,0.021028,0.348489,0.713117,0.531149,0.457533,-0.504152,0.84207,-0.191528,-0.487883,-0.094769,0.86767,-0.027113,0.0024,0.004571,-0.002083,0.015835,-0.033713,-1.408191,0.031782,0.028984,-0.010584,-0.677138,-0.54782,0.4913,0.518174,-0.829034,-0.21023,0.522473,0.112224,0.845237,-0.007027,0.002025,0.002224,-0.001885,0.015361,-0.029072,-0.869973,0.090381,0.029049,-0.045492,-0.075093,0.838348,-0.539937,-0.705984,-0.427096,-0.564955,-0.704234,0.338763,0.623933,0.000695,0.002773,0.001672,0.004208,-0.001085,0.002825,-0.78659
213,0.104733,0.009749,0.396687,-0.025817,0.81444,-0.579711,-0.722663,-0.415826,-0.552105,-0.690691,0.403668,0.600021,0.000855,-0.004217,0.013014,-0.034065,0.003856,0.009251,-1.090711,-0.118194,0.021173,0.348664,0.71517,0.530255,0.455358,-0.505489,0.842344,-0.186736,-0.483467,-0.097315,0.869857,-0.014069,0.004326,0.004607,-0.000527,0.000324,-0.004278,-1.408289,0.031449,0.029056,-0.010497,-0.679332,-0.546987,0.489195,0.519751,-0.829246,-0.205447,0.51804,0.114693,0.847631,-0.007001,0.001935,0.002143,0.002803,0.018238,-0.031243,-0.87128,0.090295,0.029093,-0.045317,-0.075532,0.838323,-0.539915,-0.706396,-0.427144,-0.564403,-0.703774,0.338764,0.624452,0.000632,0.002516,0.001516,3.7e-05,-5.3e-05,9.6e-05,-0.787733
214,0.104678,0.009784,0.396837,-0.025912,0.81446,-0.579679,-0.722858,-0.415745,-0.551909,-0.690483,0.40371,0.600232,-0.011418,0.007293,0.00457,-0.000984,0.014715,-0.029553,-1.088845,-0.118499,0.021261,0.34876,0.716054,0.529947,0.454328,-0.506281,0.842383,-0.184402,-0.481324,-0.098659,0.870894,-0.014212,0.005239,0.005279,-4.2e-05,0.000629,-0.004468,-1.408076,0.031297,0.029097,-0.010451,-0.680261,-0.546711,0.488212,0.520638,-0.82925,-0.20317,0.515926,0.115973,0.848745,-0.007079,0.002442,0.002517,0.00449,0.003449,-0.006319,-0.871769,0.090273,0.029107,-0.045239,-0.075599,0.838347,-0.539869,-0.706614,-0.427048,-0.564204,-0.703549,0.338825,0.624672,0.000428,-0.002086,0.00652,-0.034083,0.003807,0.009275,-0.786916
215,0.104585,0.009864,0.397097,-0.026448,0.814409,-0.579728,-0.723179,-0.415906,-0.551369,-0.690127,0.403649,0.600683,0.001269,0.005001,0.002999,0.001087,-0.011874,0.026237,-1.090063,-0.118944,0.02141,0.34894,0.719049,0.525871,0.454334,-0.501464,0.84525,-0.184446,-0.481907,-0.095884,0.870881,-0.013748,0.002579,0.003284,-0.002045,0.015205,-0.029245,-1.408014,0.031074,0.029178,-0.010356,-0.683363,-0.542707,0.488348,0.51587,-0.83226,-0.203025,0.516616,0.113184,0.848702,-0.000444,0.002631,0.001965,0.002059,-0.014512,0.024679,-0.871933,0.090221,0.029148,-0.045108,-0.076154,0.838263,-0.53992,-0.706918,-0.427268,-0.563655,-0.703183,0.338755,0.625122,0.000613,0.002435,0.001463,0.001056,-0.011893,0.026247,-0.788223
216,0.104591,0.009874,0.397371,-0.026851,0.814398,-0.579725,-0.723589,-0.415901,-0.550834,-0.68968,0.403677,0.601176,0.000566,-0.005356,0.012321,-0.034059,0.003882,0.009263,-1.088788,-0.11927,0.021506,0.34908,0.723037,0.521286,0.453288,-0.49727,0.848244,-0.182042,-0.480286,-0.094456,0.871933,-0.000613,0.003688,0.002737,0.0,-0.0,0.0,-1.407823,0.030905,0.029226,-0.010286,-0.68751,-0.538244,0.487464,0.511877,-0.83535,-0.200429,0.515083,0.111725,0.849827,-0.000304,0.001804,0.001346,0.000615,0.000384,-0.00049,-0.872259,0.090224,0.029154,-0.044976,-0.076558,0.838226,-0.539919,-0.707303,-0.427323,-0.563129,-0.702751,0.338775,0.625596,0.000251,-0.002783,0.006099,-0.035165,0.015726,-0.016974,-0.789039
217,0.104629,0.009863,0.397621,-0.026923,0.814455,-0.579641,-0.723981,-0.415656,-0.550504,-0.689266,0.403812,0.60156,0.001101,0.004344,0.002597,0.001095,-0.011843,0.026251,-1.088308,-0.119403,0.021582,0.349185,0.723466,0.522761,0.450898,-0.497932,0.847552,-0.183445,-0.47895,-0.092474,0.872879,-0.000343,0.002067,0.001532,7.5e-05,-0.000196,-0.000121,-1.40782,0.030839,0.029264,-0.010233,-0.688006,-0.539785,0.485056,0.512476,-0.834628,-0.201901,0.513825,0.10967,0.850856,-0.000195,0.001164,0.000866,-0.00236,0.005336,0.002547,-0.872259,0.090243,0.029148,-0.044852,-0.07663,0.838277,-0.539832,-0.707704,-0.427115,-0.562784,-0.70234,0.338915,0.625982,0.000478,0.001904,0.00114,0.001079,-0.011858,0.026244,-0.790182
218,0.104639,0.009847,0.397728,-0.027215,0.814423,-0.579672,-0.724159,-0.415744,-0.550202,-0.689067,0.403786,0.601806,0.000714,0.002816,0.001682,0.0,0.0,0.0,-1.088749,-0.119396,0.021595,0.349219,0.72352,0.522709,0.450871,-0.497907,0.847582,-0.183375,-0.478894,-0.09249,0.872908,-0.000265,0.001596,0.001183,1e-06,-2e-06,-2e-06,-1.407961,0.030838,0.029268,-0.010217,-0.688019,-0.539744,0.485084,0.51248,-0.834645,-0.20182,0.513804,0.10974,0.850859,-2.5e-05,0.000149,0.000114,-0.000335,0.000773,0.000349,-0.872096,0.090249,0.029141,-0.044792,-0.076917,0.838235,-0.539856,-0.707893,-0.427212,-0.562474,-0.702118,0.338897,0.626241,0.000112,-0.003331,0.00577,-0.042731,0.097414,-0.198182,-0.789529
219,0.104613,0.009839,0.397933,-0.027461,0.814431,-0.579648,-0.724479,-0.415685,-0.549825,-0.68872,0.403829,0.602173,0.000572,0.002257,0.001347,0.0,0.0,0.0,-1.08494,-0.119251,0.021558,0.349275,0.723584,0.522652,0.450834,-0.497952,0.847602,-0.183163,-0.478751,-0.092634,0.872971,-0.0,2e-06,1e-06,0.0,-0.0,-0.0,-1.407798,0.030914,0.029256,-0.010191,-0.688126,-0.539641,0.485044,0.512479,-0.834697,-0.201604,0.513659,0.109847,0.850932,0.006492,0.000959,3e-05,0.002036,-0.015185,0.029237,-0.872096,0.090236,0.029139,-0.044693,-0.077145,0.838231,-0.53983,-0.708194,-0.427185,-0.562115,-0.70179,0.33894,0.626585,0.000372,0.001478,0.000881,0.001087,-0.011824,0.026255,-0.791162
220,0.104475,0.009812,0.398059,-0.027922,0.814377,-0.579703,-0.72469,-0.41587,-0.549406,-0.688478,0.40375,0.602503,1.4e-05,5.7e-05,3.4e-05,0.0,0.0,0.0,-1.075603,-0.118974,0.021505,0.349319,0.723694,0.522539,0.450789,-0.497958,0.847655,-0.182899,-0.478578,-0.092785,0.87305,0.013095,0.001276,-0.000416,-0.011745,0.085274,-0.141821,-1.407767,0.031049,0.029224,-0.010166,-0.688318,-0.539462,0.484971,0.512446,-0.834795,-0.20128,0.513436,0.109977,0.851051,0.007391,-0.00497,0.003837,-0.034209,-0.008941,0.008802,-0.872423,0.090167,0.029125,-0.044625,-0.07762,0.838153,-0.539882,-0.708408,-0.427401,-0.56168,-0.701521,0.33886,0.62693,-2.3e-05,-7.7e-05,-4.3e-05,-1.8e-05,-1.1e-05,-2.3e-05,-0.789692
221,0.104347,0.00979,0.398106,-0.028337,0.814307,-0.57978,-0.724778,-0.416115,-0.549105,-0.688368,0.403637,0.602704,-0.012812,0.001728,0.001227,-0.000984,0.014715,-0.029553,-1.066477,-0.118811,0.021481,0.349346,0.723892,0.522336,0.450706,-0.497827,0.847778,-0.182685,-0.478415,-0.092803,0.873138,0.013013,0.001775,-4.6e-05,0.002045,-0.015205,0.029245,-1.407645,0.03113,0.029215,-0.010157,-0.688431,-0.539352,0.484934,0.512397,-0.834862,-0.20113,0.513333,0.110015,0.851107,0.006518,0.000817,-8e-05,0.002046,-0.015197,0.029237,-0.872749,0.090108,0.029113,-0.044602,-0.078008,0.838071,-0.539953,-0.708481,-0.427646,-0.561402,-0.701405,0.338753,0.627118,-0.000112,-0.000432,-0.000255,-1.8e-05,-3e-06,-1.5e-05,-0.789202
222,0.104121,0.009762,0.398174,-0.029044,0.814185,-0.579917,-0.7249,-0.416553,-0.548612,-0.68821,0.403434,0.603021,-1.5e-05,-5.9e-05,-3.5e-05,0.0,0.0,0.0,-1.032729,-0.118459,0.021455,0.349401,0.724361,0.52185,0.450515,-0.497476,0.848079,-0.182242,-0.478069,-0.092785,0.873329,0.012977,0.001996,0.000115,0.002045,-0.015205,0.029245,-1.407751,0.031307,0.029197,-0.010127,-0.688911,-0.538892,0.484763,0.512099,-0.835159,-0.200654,0.512986,0.110014,0.851317,0.007312,-0.004466,0.004207,-0.034195,-0.008979,0.008774,-0.872259,0.089989,0.029097,-0.044569,-0.078732,0.837912,-0.540095,-0.708572,-0.428131,-0.560917,-0.701231,0.338534,0.627429,-1e-05,-3.2e-05,-1.5e-05,-1.1e-05,2e-06,-4e-06,-0.784957
223,0.103928,0.009728,0.398192,-0.027867,0.814534,-0.579485,-0.723377,-0.416461,-0.550688,-0.689861,0.402825,0.601541,-0.013219,0.000153,0.000286,-0.00209,0.026521,-0.05582,-0.955467,-0.118151,0.021463,0.349424,0.723445,0.522219,0.451559,-0.496792,0.847989,-0.184515,-0.480166,-0.091518,0.872312,0.000146,-0.00086,-0.000638,0.0,0.0,-0.0,-1.406907,0.03146,0.029203,-0.010113,-0.687922,-0.53924,0.48578,0.511306,-0.835095,-0.202928,0.5151,0.108784,0.850197,0.000115,-0.000679,-0.000509,-0.003364,-0.00213,0.001401,-0.87177,0.089898,0.029083,-0.044559,-0.077524,0.838314,-0.539646,-0.707079,-0.427826,-0.563031,-0.702872,0.337924,0.625921,-0.000106,-0.000409,-0.00024,-0.000783,0.000185,-0.000495,-0.77124
224,0.103781,0.0096,0.398082,-0.026765,0.810361,-0.585359,-0.717318,-0.423343,-0.55336,-0.696203,0.404068,0.593344,-0.001687,-0.006588,-0.003938,0.02272,-0.500099,-0.257737,-0.676896,-0.117949,0.021451,0.349407,0.721873,0.519449,0.457234,-0.494636,0.849402,-0.183805,-0.484743,-0.094151,0.869496,0.000235,-0.001379,-0.001023,-0.113772,0.294164,0.181872,-1.406532,0.031566,0.029198,-0.010122,-0.686404,-0.537115,0.49026,0.509485,-0.836232,-0.202831,0.518915,0.110556,0.847645,0.006633,0.000151,-0.000579,-0.202706,0.482757,0.323048,-0.872749,0.089822,0.029025,-0.04461,-0.077115,0.835412,-0.544185,-0.700717,-0.43369,-0.566487,-0.709258,0.337635,0.618832,-0.000832,-0.003263,-0.001949,0.013492,-0.55608,-0.243345,-0.711639
225,0.103726,0.009439,0.397951,-0.041556,0.803158,-0.594353,-0.706474,-0.444204,-0.550953,-0.706473,0.395998,0.586608,-0.002481,-0.009682,-0.005799,3.315841,2.377524,-3.575933,-0.442324,-0.117868,0.021443,0.349392,0.72206,0.519251,0.457164,-0.494448,0.849533,-0.183707,-0.484656,-0.094066,0.869554,0.000201,-0.001178,-0.000874,-0.001665,0.0043,0.002659,-1.406329,0.031607,0.029192,-0.01013,-0.68636,-0.536069,0.491466,0.508999,-0.836763,-0.201858,0.519451,0.111608,0.84718,0.000106,-0.000621,-0.000465,0.006574,-0.015977,-0.007158,-0.873566,0.089796,0.028948,-0.044667,-0.087251,0.828502,-0.553145,-0.691546,-0.450045,-0.564997,-0.717042,0.333229,0.612215,-0.001296,-0.005077,-0.003039,0.008283,-0.252505,-0.146773,-0.642241
226,0.103658,0.009057,0.39764,-0.060031,0.783831,-0.618102,-0.68549,-0.482428,-0.545289,-0.725537,0.389991,0.567036,-0.002791,-0.010884,-0.006546,3.462176,2.081789,-3.587508,-0.120773,-0.117705,0.021426,0.349363,0.720814,0.518029,0.460504,-0.492979,0.85021,-0.184521,-0.488001,-0.094682,0.867613,0.000134,-0.000784,-0.000582,-0.000629,0.00162,0.001002,-1.405927,0.031688,0.029183,-0.010146,-0.685012,-0.534823,0.494693,0.507515,-0.837474,-0.202643,0.522671,0.112252,0.845111,0.006564,0.000583,-0.000256,0.006436,-0.028394,0.023547,-0.875688,0.089759,0.028752,-0.044832,-0.10506,0.809048,-0.578275,-0.668551,-0.487942,-0.561204,-0.736206,0.327647,0.592153,-0.001439,-0.005653,-0.003406,0.046724,-1.133983,-0.314212,-0.426697
227,0.103588,0.008638,0.397364,-0.064231,0.760519,-0.646167,-0.665401,-0.515132,-0.540234,-0.743647,0.394312,0.53994,-0.003094,-0.012056,-0.007282,0.095329,-1.039258,-0.13226,0.064492,-0.117535,0.021425,0.349345,0.720596,0.516306,0.462776,-0.492142,0.851042,-0.182913,-0.489169,-0.096611,0.866743,9.4e-05,-0.000549,-0.000408,-0.006119,0.015757,0.009744,-1.405669,0.031774,0.029182,-0.010155,-0.684704,-0.533004,0.497077,0.506764,-0.838349,-0.200895,0.523803,0.114347,0.844129,5.5e-05,-0.00032,-0.000241,0.005353,-0.010115,-0.002915,-0.877322,0.089723,0.028538,-0.044973,-0.11228,0.785304,-0.608842,-0.643461,-0.524361,-0.557675,-0.757198,0.329151,0.564189,-0.001541,-0.006044,-0.003652,0.09513,-1.069488,-0.14748,-0.216869
228,0.103557,0.008398,0.397218,-0.066418,0.747407,-0.661072,-0.651546,-0.534207,-0.538593,-0.755623,0.394014,0.523272,-0.003297,-0.012842,-0.007775,1.166258,-0.125729,-0.955763,0.118617,-0.117429,0.021449,0.349351,0.72069,0.5162,0.462747,-0.492043,0.851111,-0.182859,-0.489129,-0.096573,0.866769,0.012938,0.002262,0.000306,0.001955,-0.014975,0.029388,-1.401817,0.031822,0.029193,-0.010152,-0.684849,-0.533033,0.496846,0.506705,-0.838364,-0.200985,0.523669,0.11411,0.844244,-2.2e-05,0.000133,9.5e-05,0.002442,-0.005697,-0.003011,-0.878301,0.089709,0.028423,-0.045042,-0.112897,0.772922,-0.624376,-0.629567,-0.541799,-0.556864,-0.768699,0.330218,0.547774,-0.001579,-0.005997,-0.003648,3.744067,1.742382,-3.043387,-0.129998
229,0.103473,0.007882,0.396893,-0.05295,0.723218,-0.68862,-0.632168,-0.558028,-0.537532,-0.772964,0.405958,0.487598,-0.00362,-0.01409,-0.008574,0.105107,-1.225548,0.034689,0.202682,-0.117226,0.021492,0.349336,0.720939,0.515922,0.462669,-0.491758,0.851296,-0.182764,-0.489049,-0.096425,0.866831,0.000107,-0.000621,-0.000461,-0.0,0.0,0.0,-1.370112,0.031928,0.029217,-0.010158,-0.685137,-0.532779,0.496721,0.506426,-0.838552,-0.200901,0.523563,0.113908,0.844337,-0.000762,0.005057,-0.00446,0.036209,-0.00621,0.020336,-0.873239,0.089667,0.028166,-0.045205,-0.100185,0.750986,-0.652672,-0.608102,-0.565414,-0.557241,-0.787511,0.341064,0.513322,-0.001693,-0.006631,-0.00404,0.140905,-1.449199,-0.27647,0.011901
230,0.103375,0.007438,0.396504,-0.036686,0.699926,-0.713305,-0.617857,-0.576833,-0.534311,-0.785397,0.420245,0.454502,-0.002738,-0.003053,-0.01753,0.159145,-1.220879,0.091408,0.24081,-0.117017,0.021497,0.349318,0.720682,0.514224,0.464953,-0.490954,0.852101,-0.181166,-0.490235,-0.098371,0.865942,6.3e-05,-0.000363,-0.00027,-0.082607,0.212133,0.131224,-1.291882,0.032032,0.029218,-0.010168,-0.684933,-0.531501,0.498371,0.5059,-0.839164,-0.19967,0.52434,0.115365,0.843657,3.6e-05,-0.000207,-0.00016,-0.136626,0.34032,0.200825,-0.852991,0.089617,0.027936,-0.045398,-0.083107,0.730004,-0.678369,-0.593024,-0.583302,-0.555049,-0.800883,0.356162,0.481387,-0.001729,-0.006759,-0.004134,0.102594,-1.180268,-0.137805,0.089628
231,0.103154,0.006987,0.396194,-0.02752,0.680759,-0.732022,-0.611389,-0.59076,-0.526477,-0.790826,0.432212,0.433375,-0.003395,-0.013165,-0.008091,0.091196,-0.781367,0.234854,0.301583,-0.116802,0.021524,0.349327,0.720586,0.512354,0.467161,-0.490006,0.853008,-0.179458,-0.491326,-0.100258,0.865107,0.012856,0.00274,0.000657,-0.009742,0.015009,0.047936,-1.175806,0.03214,0.029231,-0.010165,-0.684595,-0.529012,0.501472,0.504839,-0.840358,-0.197318,0.525801,0.11808,0.842371,0.00642,0.001429,0.00037,0.004192,-0.016471,0.032179,-0.798779,0.089507,0.027715,-0.045556,-0.072396,0.711558,-0.698887,-0.585758,-0.59748,-0.547635,-0.807245,0.369732,0.460056,-0.007932,-0.004844,-0.002893,0.105863,-0.805351,0.007097,0.163108
232,0.103046,0.006754,0.396063,-0.026949,0.67119,-0.740825,-0.606935,-0.599785,-0.521401,-0.79427,0.434744,0.424452,-0.003224,-0.012485,-0.007691,-0.042163,-0.771621,-0.196415,0.329105,-0.116696,0.021548,0.349334,0.72033,0.510645,0.469422,-0.489203,0.853804,-0.177853,-0.492502,-0.102189,0.864212,-5e-05,0.000284,0.000211,-0.0434,0.111143,0.068759,-1.133368,0.032193,0.029244,-0.01016,-0.684313,-0.527403,0.503547,0.504181,-0.841111,-0.195785,0.526797,0.119901,0.841491,-2.7e-05,0.000157,0.000114,-0.040539,0.105189,0.066129,-0.787185,0.089452,0.027597,-0.045622,-0.07176,0.70341,-0.707151,-0.580919,-0.605795,-0.54364,-0.810791,0.371787,0.452096,-0.001424,-0.00555,-0.00342,-0.462577,-0.616032,-0.650325,0.203931
233,0.102917,0.00644,0.395728,-0.019456,0.659913,-0.751121,-0.607835,-0.604229,-0.515184,-0.793809,0.44571,0.413807,-0.002693,-0.010414,-0.006441,-0.003358,-0.311449,0.197477,0.361948,-0.116462,0.021579,0.349332,0.720354,0.50863,0.471569,-0.488118,0.85479,-0.17609,-0.493545,-0.10399,0.863401,0.012962,0.002128,0.0002,0.000356,-0.010892,0.031914,-1.069552,0.03231,0.02926,-0.010161,-0.684312,-0.525303,0.50574,0.503145,-0.842159,-0.193935,0.527789,0.121749,0.840604,0.006482,0.001067,9.8e-05,0.009615,-0.031939,0.021106,-0.786695,0.089386,0.027434,-0.045794,-0.062695,0.691942,-0.719224,-0.581484,-0.611018,-0.537152,-0.811138,0.384541,0.440661,-0.001331,-0.005165,-0.00319,-0.022381,-0.240828,0.24562,0.269084
234,0.102783,0.006392,0.395203,-0.011975,0.651604,-0.758494,-0.602879,-0.609814,-0.514427,-0.797736,0.450307,0.401083,-0.001895,0.00028,-0.015574,0.097261,-0.436391,0.010929,0.389926,-0.116285,0.0216,0.349341,0.720538,0.508428,0.471505,-0.487942,0.854917,-0.175963,-0.493451,-0.103935,0.863462,0.0,-0.0,-0.0,-0.0,1e-06,1e-06,-1.024954,0.032398,0.02927,-0.010157,-0.684553,-0.525218,0.505501,0.503006,-0.842245,-0.193922,0.527608,0.12152,0.84075,1e-06,-0.0,-1e-06,9.5e-05,-0.00043,-0.000439,-0.791594,0.08932,0.027411,-0.04605,-0.05561,0.685157,-0.726268,-0.576351,-0.615997,-0.536996,-0.815307,0.388724,0.429147,-0.000931,0.00017,-0.007765,0.120184,-0.473943,-0.234262,0.308927
235,0.102785,0.006511,0.394804,-0.008376,0.647851,-0.76175,-0.601338,-0.611845,-0.513818,-0.798948,0.452957,0.395648,-0.00121,0.010521,-0.024966,0.090611,-0.153985,-0.054105,0.396971,-0.116226,0.021603,0.349336,0.720622,0.508337,0.471475,-0.487857,0.854975,-0.175917,-0.493413,-0.103899,0.863488,1.1e-05,-6.4e-05,-4.7e-05,-0.0,0.0,0.0,-1.010818,0.032428,0.029272,-0.010159,-0.684639,-0.525135,0.505471,0.502929,-0.842303,-0.193874,0.52757,0.121483,0.84078,0.006488,0.001036,7.6e-05,0.001982,-0.015225,0.029051,-0.797799,0.089321,0.027467,-0.046245,-0.051173,0.681104,-0.730395,-0.574554,-0.618279,-0.5363,-0.816865,0.392208,0.42297,-0.000895,0.000306,-0.007685,0.038462,-0.099808,-0.044353,0.326072
236,0.103122,0.007047,0.393645,-0.001301,0.633838,-0.773494,-0.592627,-0.62346,-0.509963,-0.805482,0.456939,0.377402,0.012256,0.018305,-0.035999,0.165242,-0.42307,-0.118786,0.408595,-0.116148,0.021617,0.349326,0.720747,0.508199,0.471432,-0.487714,0.855067,-0.175868,-0.49337,-0.103823,0.863521,0.0,-1e-06,-1e-06,-0.0,0.0,0.0,-0.979725,0.032467,0.029278,-0.010164,-0.684768,-0.525005,0.505433,0.502796,-0.842395,-0.193819,0.52753,0.121409,0.840815,0.0,9e-06,5e-06,-5.5e-05,2.5e-05,-0.000113,-0.806127,0.089485,0.027734,-0.04682,-0.044031,0.66851,-0.742397,-0.565257,-0.6294,-0.533234,-0.823738,0.396167,0.405594,0.006144,0.009149,-0.018004,0.184622,-0.515997,-0.165642,0.34779
