frame,MLTx,MLTy,MLTz,MLTR1,MLTR2,MLTR3,MLTR4,MLTR5,MLTR6,MLTR7,MLTR8,MLTR9,MLTTVx,MLTTVy,MLTTVz,MLTRVx,MLTRVy,MLTRVz,MLGA,MRTx,MRTy,MRTz,MRTR1,MRTR2,MRTR3,MRTR4,MRTR5,MRTR6,MRTR7,MRTR8,MRTR9,MRTTVx,MRTTVy,MRTTVz,MRTRVx,MRTRVy,MRTRVz,MRGA,SLTx,SLTy,SLTz,SLTR1,SLTR2,SLTR3,SLTR4,SLTR5,SLTR6,SLTR7,SLTR8,SLTR9,SLTTVx,SLTTVy,SLTTVz,SLTRVx,SLTRVy,SLTRVz,SLGA,SRTx,SRTy,SRTz,SRTR1,SRTR2,SRTR3,SRTR4,SRTR5,SRTR6,SRTR7,SRTR8,SRTR9,SRTTVx,SRTTVy,SRTTVz,SRTRVx,SRTRVy,SRTRVz,SRGA
14,0.173935,-0.017111,0.375186,-0.605876,0.649634,-0.459277,-0.732563,-0.680669,0.003492,-0.309599,0.337753,0.888874,-0.01331,-0.004518,0.013985,-0.03585,0.012939,-0.023078,0.517162,-0.205496,-0.052048,0.324092,-0.978018,-0.143273,0.151475,0.20365,-0.810696,0.548847,0.045399,0.567808,0.821825,0.000704,0.005569,0.006476,0.001807,-0.012942,0.025683,0.190552,0.025074,0.017483,-0.007901,0.983678,0.10105,0.148883,-0.167487,0.816621,0.552338,-0.065767,-0.568259,0.820216,0.000542,-0.002793,0.007349,-0.034975,-0.002378,0.008988,-0.029843,0.085444,0.03399,-0.030562,0.642616,-0.620446,-0.449544,0.699999,0.713981,0.015225,0.31152,-0.324464,0.893128,-0.006681,-0.002675,0.006686,-0.039617,0.025799,-0.047725,0.079503
15,0.173768,-0.017184,0.375442,-0.609993,0.642779,-0.463453,-0.72431,-0.689448,-0.003003,-0.320705,0.333048,0.88671,0.0003,-0.008909,0.010321,0.146479,-0.129935,0.074896,0.520626,-0.205323,-0.052125,0.324504,-0.977637,-0.143159,0.15402,0.204997,-0.810535,0.548583,0.047537,0.568067,0.821525,0.001034,-0.006119,0.01407,-0.034586,-0.001531,0.007888,0.280014,0.025161,0.017445,-0.007695,0.983305,0.100919,0.151414,-0.168814,0.816523,0.552079,-0.067918,-0.568423,0.819927,0.000497,-0.00317,0.006905,-0.035148,-0.002888,0.009194,0.122833,0.085355,0.033959,-0.03043,0.646543,-0.61341,-0.453551,0.69148,0.722341,0.008776,0.322236,-0.319295,0.891186,2.1e-05,0.000556,0.000417,0.670401,-0.516315,0.350205,0.389919
16,0.173684,-0.017189,0.375416,-0.607577,0.643041,-0.466255,-0.724057,-0.689676,-0.007771,-0.325813,0.33207,0.885213,-4.9e-05,-0.001047,-0.000775,4e-06,-3e-06,2e-06,0.521124,-0.205149,-0.052189,0.324786,-0.977601,-0.143217,0.154194,0.205173,-0.810163,0.549067,0.04752,0.568583,0.821169,0.000778,-0.008162,0.011696,-0.036396,0.011367,-0.017818,0.333549,0.025248,0.017417,-0.007557,0.983278,0.100963,0.151557,-0.168972,0.816173,0.552548,-0.06791,-0.568917,0.819585,0.000156,0.001295,0.001498,5e-06,7.2e-05,0.000137,0.216562,0.085318,0.033952,-0.03044,0.64403,-0.613851,-0.45652,0.691355,0.722504,0.003819,0.327494,-0.318077,0.889704,-0.000164,0.004162,-0.005374,0.029947,-0.006242,0.018402,0.497364
17,0.173651,-0.017209,0.375377,-0.606331,0.643192,-0.467667,-0.723933,-0.689775,-0.010195,-0.328395,0.331574,0.884445,-0.013902,-0.001904,-0.001003,-0.000983,0.014714,-0.029553,0.52077,-0.205037,-0.052177,0.324858,-0.977609,-0.143198,0.154166,0.205146,-0.810109,0.549157,0.047486,0.568665,0.821114,0.000249,0.001997,0.002313,0.0,-0.0,-0.0,0.353466,0.025304,0.017419,-0.007518,0.983281,0.100948,0.151544,-0.168961,0.816101,0.552658,-0.067886,-0.569023,0.819513,0.007884,0.000936,0.000671,0.002075,-0.015136,0.029349,0.251343,0.085302,0.033942,-0.030459,0.642806,-0.614072,-0.457946,0.691282,0.722582,0.001403,0.330042,-0.317472,0.888978,-6.2e-05,-0.001315,-0.000974,-0.005674,0.015271,-0.027257,0.508141
18,0.173626,-0.017278,0.375301,-0.605063,0.643354,-0.469085,-0.723814,-0.689859,-0.012629,-0.330981,0.331084,0.883664,-9.4e-05,-0.002007,-0.001488,0.0,-0.0,0.0,0.520958,-0.204749,-0.052104,0.324927,-0.977517,-0.143414,0.154544,0.205539,-0.810035,0.549118,0.047668,0.568715,0.821069,0.01571,0.001391,0.000784,-0.010439,0.073836,-0.148141,0.386603,0.025442,0.017454,-0.007484,0.983224,0.101102,0.151816,-0.169243,0.816061,0.552631,-0.068019,-0.569054,0.819482,0.000129,0.001055,0.001219,-1e-05,5.8e-05,6e-05,0.304412,0.085284,0.033905,-0.030499,0.641581,-0.6143,-0.459356,0.691211,0.722651,-0.000993,0.332564,-0.316875,0.888251,-6.5e-05,-0.001393,-0.001032,-0.002744,0.013124,-0.026185,0.514836
19,0.173643,-0.017327,0.375238,-0.608832,0.639776,-0.469101,-0.719718,-0.69413,-0.012692,-0.332986,0.329093,0.883654,-0.000298,0.008934,-0.010304,0.035753,-0.010237,0.019705,0.521558,-0.204344,-0.052026,0.32498,-0.977449,-0.14358,0.154822,0.205834,-0.809995,0.549068,0.047802,0.568731,0.82105,0.015761,0.001861,0.001319,-0.010437,0.073841,-0.148139,0.411326,0.025644,0.017491,-0.00746,0.983164,0.101268,0.152094,-0.169537,0.816033,0.552581,-0.068155,-0.569064,0.819463,0.007902,0.001105,0.000856,0.00386,-0.028083,0.054992,0.346215,0.085292,0.033877,-0.030533,0.645183,-0.610556,-0.459302,0.686931,0.72672,-0.001103,0.334458,-0.314798,0.888278,-0.000146,0.004485,-0.005139,0.035332,-0.010251,0.020332,0.517122
20,0.173642,-0.01734,0.375203,-0.608637,0.639896,-0.469189,-0.719833,-0.694008,-0.012849,-0.333092,0.329117,0.883605,-0.000316,0.008534,-0.010601,0.035753,-0.010238,0.019705,0.521572,-0.204083,-0.051986,0.325011,-0.977473,-0.14353,0.154714,0.205731,-0.810014,0.549078,0.047744,0.568717,0.821064,0.015786,0.002101,0.00159,0.002045,-0.015205,0.029245,0.416772,0.025774,0.017511,-0.007445,0.983159,0.101287,0.152114,-0.169564,0.816029,0.552579,-0.068161,-0.569066,0.819461,0.007919,0.001262,0.001031,0.003854,-0.02809,0.05499,0.360095,0.085292,0.033869,-0.030545,0.645001,-0.610685,-0.459387,0.687064,0.726595,-0.001227,0.334538,-0.314837,0.888234,-0.006949,-0.000869,-0.000441,-0.001282,0.014717,-0.029005,0.517286
21,0.173618,-0.017351,0.375132,-0.611919,0.636592,-0.469415,-0.716009,-0.697945,-0.01325,-0.335306,0.327201,0.88348,-5.5e-05,-0.001181,-0.000877,0.0,0.0,-0.0,0.521083,-0.20351,-0.051868,0.325117,-0.977604,-0.143245,0.154155,0.205177,-0.810117,0.549133,0.047456,0.568641,0.821132,0.016002,0.004002,0.003771,0.003852,-0.028108,0.054948,0.416782,0.026055,0.017565,-0.007397,0.983267,0.101018,0.151594,-0.169046,0.816103,0.552628,-0.067891,-0.569007,0.819524,0.008014,0.002113,0.002005,-0.008607,0.06095,-0.122416,0.370055,0.08528,0.033867,-0.030585,0.648115,-0.607243,-0.459566,0.683072,0.730348,-0.001716,0.336685,-0.312805,0.888141,-3.8e-05,-0.000856,-0.000637,0.005871,-0.082775,0.181254,0.517612
22,0.173554,-0.017362,0.375087,-0.611611,0.636788,-0.469551,-0.716196,-0.697749,-0.013497,-0.335469,0.327239,0.883404,-6.3e-05,-0.001349,-0.001002,0.0,0.0,0.0,0.521377,-0.202917,-0.05168,0.325302,-0.977821,-0.142756,0.153225,0.204244,-0.810291,0.549224,0.046984,0.568516,0.821246,0.016228,0.006075,0.006138,0.003852,-0.028108,0.054948,0.411942,0.026351,0.017656,-0.007308,0.983457,0.100534,0.15068,-0.168124,0.816235,0.552715,-0.067424,-0.568905,0.819634,0.008095,0.002883,0.002881,0.003867,-0.0281,0.05496,0.368749,0.085248,0.033862,-0.030607,0.647807,-0.607464,-0.459708,0.683285,0.730148,-0.001961,0.336846,-0.312842,0.888067,-3.5e-05,-0.000743,-0.000551,-0.001065,0.011994,-0.025846,0.517612
23,0.173492,-0.017354,0.375095,-0.611239,0.637025,-0.469714,-0.716454,-0.69748,-0.013712,-0.335597,0.327351,0.883314,1.1e-05,0.000236,0.000175,0.0,0.0,0.0,0.5213,-0.202353,-0.051399,0.325562,-0.978026,-0.142297,0.152345,0.203362,-0.810484,0.549267,0.046547,0.568354,0.821383,0.016378,0.007598,0.007856,0.003851,-0.028109,0.054948,0.401391,0.026645,0.017802,-0.007172,0.983656,0.100026,0.149718,-0.167152,0.816402,0.552763,-0.066939,-0.568754,0.819778,0.008199,0.003906,0.004041,0.003899,-0.028113,0.054957,0.361238,0.085217,0.033863,-0.030604,0.647442,-0.607725,-0.459877,0.683567,0.729884,-0.002171,0.336976,-0.312951,0.887979,8e-06,0.00015,0.000115,-0.000113,1.5e-05,0.000235,0.517775
24,0.173461,-0.017354,0.375096,-0.61118,0.637063,-0.469739,-0.716495,-0.697437,-0.013746,-0.335617,0.327367,0.883301,0.0,3e-06,3e-06,0.0,0.0,0.0,0.521313,-0.20209,-0.05123,0.325727,-0.978139,-0.14204,0.151855,0.202869,-0.81059,0.549292,0.046304,0.568267,0.821457,0.016523,0.008991,0.009432,0.005658,-0.041015,0.08065,0.394143,0.026776,0.017886,-0.007091,0.983757,0.099765,0.149226,-0.166654,0.816488,0.552787,-0.066693,-0.568677,0.819852,0.008266,0.004563,0.004784,0.005679,-0.041011,0.080654,0.354053,0.085201,0.033864,-0.030603,0.647383,-0.60777,-0.459902,0.683614,0.72984,-0.002205,0.336995,-0.312969,0.887966,1e-06,8e-06,6e-06,-9.7e-05,2e-06,0.000192,0.517449
25,0.173409,-0.017346,0.375092,-0.610793,0.637309,-0.46991,-0.716754,-0.697166,-0.013993,-0.33577,0.327466,0.883206,0.0,0.0,0.0,0.0,0.0,0.0,0.521174,-0.201629,-0.050846,0.326142,-0.978373,-0.141503,0.150846,0.201852,-0.810778,0.54939,0.045796,0.568132,0.821579,0.001232,0.010853,0.01239,0.001806,-0.012905,0.025702,0.378974,0.027007,0.018075,-0.006887,0.983961,0.099233,0.148234,-0.165649,0.81663,0.552879,-0.066188,-0.568566,0.81997,0.008371,0.005649,0.005997,0.005644,-0.041003,0.080654,0.336091,0.085175,0.033869,-0.030606,0.647006,-0.608037,-0.460079,0.683894,0.729577,-0.002447,0.337152,-0.313062,0.887873,-3e-06,3e-06,5e-06,-7e-05,-1.5e-05,0.000134,0.517939
26,0.173377,-0.017329,0.375067,-0.610593,0.637434,-0.47,-0.716865,-0.697049,-0.014177,-0.335896,0.327473,0.883155,-1e-06,-2.4e-05,-1.8e-05,0.0,0.0,0.0,0.521164,-0.201256,-0.050391,0.326609,-0.978492,-0.141233,0.150326,0.20133,-0.810904,0.549396,0.045541,0.56802,0.821671,0.016685,0.011052,0.011666,0.00385,-0.028111,0.054947,0.373931,0.027188,0.018305,-0.00665,0.984062,0.098971,0.147734,-0.165144,0.81673,0.552882,-0.065939,-0.568468,0.820058,0.00067,0.006036,0.006852,0.003619,-0.025815,0.051415,0.323517,0.085159,0.033877,-0.030618,0.646811,-0.608174,-0.460173,0.684017,0.729461,-0.00263,0.337278,-0.313065,0.887825,0.0,-7e-06,-3e-06,-3.3e-05,1.2e-05,9.7e-05,0.517939
27,0.173356,-0.017321,0.37506,-0.610619,0.637418,-0.469987,-0.716838,-0.697076,-0.014185,-0.335906,0.327446,0.883162,-0.0,-0.0,-0.0,0.0,0.0,0.0,0.521449,-0.201093,-0.050138,0.326841,-0.978525,-0.141163,0.15018,0.201186,-0.810975,0.549344,0.045479,0.567936,0.821733,0.001199,0.010766,0.0122,-0.010655,0.076175,-0.151667,0.373541,0.027269,0.018429,-0.006537,0.984114,0.098839,0.147478,-0.164884,0.816811,0.55284,-0.065819,-0.568374,0.820132,0.000659,0.005973,0.006762,0.003603,-0.025807,0.051401,0.321395,0.085149,0.033881,-0.030621,0.646834,-0.608159,-0.46016,0.683991,0.729485,-0.002639,0.337285,-0.313038,0.887831,-1e-06,5e-06,8e-06,-3.5e-05,3e-06,6.5e-05,0.517775
28,0.173325,-0.017299,0.375053,-0.610398,0.637557,-0.470086,-0.716972,-0.696934,-0.014359,-0.33602,0.327476,0.883106,1e-06,1.3e-05,9e-06,0.0,0.0,0.0,0.521129,-0.200785,-0.049667,0.327232,-0.978764,-0.139209,0.150448,0.199825,-0.810018,0.551248,0.046362,0.569777,0.820407,0.001155,0.010477,0.01182,-0.327984,0.205603,0.191397,0.373194,0.027429,0.018668,-0.006337,0.984206,0.098131,0.147333,-0.164258,0.816562,0.553394,-0.066002,-0.568855,0.819785,0.000514,0.004728,0.005328,-0.598326,0.338868,0.188359,0.319925,0.085133,0.033892,-0.030625,0.646621,-0.608308,-0.460262,0.684135,0.729349,-0.00281,0.337401,-0.313064,0.887778,-1e-06,4e-06,4e-06,-2.1e-05,-5e-06,5.8e-05,0.518102
29,0.173314,-0.017291,0.375046,-0.610286,0.637627,-0.470136,-0.71704,-0.696862,-0.014446,-0.336078,0.327493,0.883078,0.0,0.0,0.0,0.0,0.0,0.0,0.521075,-0.200502,-0.049236,0.327484,-0.979007,-0.137241,0.150669,0.198423,-0.809151,0.553025,0.047252,0.571481,0.81917,0.00085,0.007791,0.008758,-0.280267,0.183637,0.144718,0.361837,0.027571,0.01889,-0.006204,0.984384,0.095701,0.147743,-0.162674,0.815262,0.555773,-0.067262,-0.571129,0.818099,0.000411,0.003803,0.004272,-0.400646,0.229636,0.144566,0.31225,0.085128,0.033896,-0.030628,0.646513,-0.608384,-0.460314,0.684208,0.729281,-0.002896,0.33746,-0.313078,0.887751,2e-06,-3e-06,-0.0,-1.5e-05,1.6e-05,5.8e-05,0.517939
30,0.173314,-0.017291,0.375046,-0.610168,0.637701,-0.470189,-0.717121,-0.696777,-0.014514,-0.33612,0.327529,0.883049,0.0,0.0,0.0,0.0,0.0,0.0,0.521384,-0.200378,-0.049035,0.327531,-0.979203,-0.135371,0.151085,0.197222,-0.808197,0.554846,0.048231,0.573272,0.81786,2.9e-05,0.015689,-0.003159,-0.11435,0.093857,0.081558,0.353657,0.027633,0.018987,-0.006176,0.984504,0.093395,0.148416,-0.161362,0.813819,0.558265,-0.068645,-0.573563,0.816279,0.007997,0.002807,0.002696,-0.197569,0.10607,0.131761,0.304086,0.085128,0.033896,-0.030628,0.646399,-0.608463,-0.460368,0.684294,0.729199,-0.002963,0.337503,-0.313112,0.887722,1e-06,-2e-06,-0.0,-1.6e-05,1.2e-05,5.5e-05,0.518102
31,0.173294,-0.017291,0.375047,-0.610207,0.637677,-0.47017,-0.717095,-0.696805,-0.014492,-0.336105,0.327516,0.88306,0.0,0.0,0.0,0.0,0.0,0.0,0.52136,-0.200144,-0.048693,0.32748,-0.979589,-0.131632,0.151889,0.194814,-0.806346,0.558378,0.05021,0.576734,0.815303,0.015612,0.002166,0.001519,-0.023975,0.002868,0.040217,0.332794,0.02775,0.019164,-0.006203,0.984761,0.089107,0.149347,-0.158702,0.811643,0.562182,-0.071122,-0.577316,0.813416,0.007793,0.000948,0.000604,0.020807,-0.012884,0.041457,0.280245,0.085117,0.033896,-0.030628,0.646437,-0.608438,-0.460349,0.684266,0.729226,-0.002941,0.337488,-0.3131,0.887732,2e-06,-2e-06,-1e-06,-2.2e-05,8e-06,5.1e-05,0.517939
32,0.173263,-0.017283,0.375054,-0.610249,0.637653,-0.470149,-0.717066,-0.696835,-0.014468,-0.336089,0.327501,0.883071,2e-06,3.4e-05,2.5e-05,0.0,0.0,0.0,0.521395,-0.199986,-0.048335,0.327201,-0.980023,-0.127763,0.152389,0.192122,-0.804762,0.561589,0.052122,0.579805,0.813002,0.014802,0.010209,-0.010222,0.016971,-0.011431,0.056257,0.315831,0.027824,0.019334,-0.006337,0.985025,0.085225,0.149868,-0.156096,0.809924,0.565381,-0.073197,-0.580309,0.811099,-0.00028,0.005109,-0.004654,0.046771,-0.004733,0.031274,0.258528,0.085102,0.0339,-0.030624,0.646477,-0.608412,-0.460328,0.684237,0.729253,-0.002918,0.337471,-0.313086,0.887744,2e-06,1.3e-05,1.1e-05,-2.3e-05,-0.0,4e-05,0.518102
33,0.173211,-0.017282,0.375056,-0.610229,0.637668,-0.470155,-0.717081,-0.696819,-0.014481,-0.336094,0.327505,0.883068,-0.01381,0.000226,0.000573,-0.000984,0.014715,-0.029553,0.521461,-0.199977,-0.04789,0.32678,-0.980378,-0.124067,0.153158,0.189723,-0.803346,0.564423,0.054249,0.582559,0.810892,-0.001092,0.020874,-0.018109,0.069688,-0.020105,0.0372,0.293449,0.027834,0.019553,-0.006551,0.985241,0.081445,0.150549,-0.153639,0.808511,0.56807,-0.075455,-0.582816,0.809092,-0.000273,0.005158,-0.004598,0.056895,-0.018031,0.018712,0.232565,0.085081,0.033901,-0.030623,0.646439,-0.60844,-0.460344,0.684266,0.729225,-0.002941,0.337484,-0.313096,0.887735,3e-06,-4e-06,-3e-06,-1.4e-05,2.5e-05,4.6e-05,0.518265
34,0.17319,-0.017289,0.375051,-0.610286,0.637633,-0.470128,-0.717043,-0.696859,-0.014449,-0.336074,0.327487,0.883082,-4e-06,-8.9e-05,-6.6e-05,0.0,0.0,0.0,0.521045,-0.199992,-0.047621,0.326537,-0.980993,-0.122158,0.150736,0.186878,-0.802442,0.566654,0.052973,0.584203,0.809792,-0.001083,0.02096,-0.018012,0.01774,-0.055511,0.093971,0.281299,0.027826,0.019687,-0.006674,0.985757,0.079588,0.148143,-0.150905,0.807411,0.570363,-0.074219,-0.584596,0.807922,-0.000265,0.005227,-0.004519,-0.047515,-0.199006,0.192575,0.216236,0.085066,0.033897,-0.030625,0.646511,-0.608391,-0.460306,0.684212,0.729276,-0.002899,0.337455,-0.313073,0.887755,-1e-06,-5.4e-05,-3.9e-05,-1.2e-05,7e-06,4e-05,0.518102
35,0.173138,-0.017288,0.375054,-0.610384,0.637574,-0.470081,-0.716977,-0.696929,-0.014394,-0.336037,0.327454,0.883108,-0.01381,0.000228,0.000574,-0.000984,0.014715,-0.029553,0.521746,-0.200009,-0.047011,0.326038,-0.981978,-0.121804,0.144482,0.182921,-0.803159,0.56693,0.048226,0.583292,0.810746,-0.000494,0.010922,-0.00851,0.036397,-0.011192,0.017915,0.272089,0.027818,0.019987,-0.006921,0.986726,0.079244,0.141744,-0.146842,0.80812,0.570419,-0.069344,-0.583661,0.80903,-0.000228,0.005569,-0.004135,0.039615,-0.00693,0.012184,0.193212,0.085045,0.033897,-0.030625,0.646587,-0.60834,-0.460267,0.684156,0.729329,-0.002856,0.337424,-0.313048,0.887775,0.0,3e-06,5e-06,-2.2e-05,4e-06,3.4e-05,0.518102
36,0.173118,-0.017288,0.375055,-0.610423,0.63755,-0.470062,-0.71695,-0.696956,-0.014371,-0.336023,0.327441,0.883119,-0.0,-0.0,-0.0,0.0,0.0,0.0,0.521604,-0.199978,-0.046426,0.325569,-0.984182,-0.121034,0.129334,0.173549,-0.803067,0.569998,0.036117,0.583577,0.81117,-0.000527,0.01062,-0.008848,-0.733582,-2.123508,1.625372,0.260338,0.027833,0.020289,-0.007161,0.988479,0.078549,0.129378,-0.139141,0.808002,0.572514,-0.059568,-0.58392,0.809622,-0.000525,0.010562,-0.008913,0.074667,-0.017924,0.030817,0.180638,0.085029,0.033898,-0.030624,0.646644,-0.608302,-0.460238,0.684113,0.729369,-0.002823,0.337401,-0.31303,0.88779,-1e-06,1e-06,3e-06,-1.9e-05,6e-06,3.7e-05,0.518265
37,0.173118,-0.017281,0.37506,-0.610406,0.637561,-0.47007,-0.716962,-0.696944,-0.014381,-0.336029,0.327447,0.883114,6e-06,0.000123,9.2e-05,0.0,0.0,0.0,0.520756,-0.199967,-0.046125,0.325345,-0.984693,-0.120643,0.125762,0.171143,-0.803464,0.570166,0.033502,0.583111,0.811617,-0.000456,0.011283,-0.008104,0.036397,-0.011259,0.017892,0.242586,0.027838,0.020438,-0.007274,0.989331,0.078101,0.122974,-0.135076,0.807945,0.573565,-0.05456,-0.584058,0.809875,-0.000478,0.011005,-0.008415,0.07503,-0.016948,0.0303,0.164962,0.08503,0.033901,-0.030621,0.646627,-0.608314,-0.460246,0.684126,0.729357,-0.002833,0.337407,-0.313035,0.887786,2e-06,7.5e-05,5.7e-05,-2.3e-05,-9e-06,2.8e-05,0.518265
38,0.173107,-0.01728,0.375048,-0.614075,0.633996,-0.470113,-0.712879,-0.701118,-0.014459,-0.338013,0.325462,0.883091,-6e-06,-0.000123,-9.2e-05,0.0,0.0,-0.0,0.521005,-0.199938,-0.045622,0.325018,-0.985224,-0.120184,0.121987,0.168548,-0.80421,0.569887,0.030856,0.582176,0.812393,-0.000325,0.012522,-0.006716,0.0364,-0.011274,0.017868,0.219238,0.027853,0.020687,-0.00744,0.98982,0.077667,0.11926,-0.132516,0.808587,0.573259,-0.051909,-0.583228,0.810648,-0.000137,0.006455,-0.003143,0.038369,-0.024225,0.042395,0.131814,0.085024,0.033902,-0.030627,0.65014,-0.604571,-0.460229,0.679844,0.73335,-0.002972,0.339306,-0.310952,0.887794,-4e-06,-7.8e-05,-5.6e-05,-0.000132,-2.8e-05,0.000168,0.518265
39,0.173087,-0.017287,0.375056,-0.614128,0.633964,-0.470087,-0.712853,-0.701146,-0.014406,-0.337975,0.325463,0.883105,-0.0,-0.0,-0.0,0.0,0.0,0.0,0.521005,-0.199908,-0.045144,0.324852,-0.98518,-0.12035,0.122179,0.16876,-0.80486,0.568907,0.031113,0.581243,0.813051,0.000497,0.004671,0.005225,0.001786,-0.013234,0.025536,0.209964,0.027867,0.020927,-0.007531,0.98978,0.07786,0.119464,-0.13273,0.809261,0.572257,-0.052122,-0.582266,0.811325,-3.7e-05,0.007409,-0.002076,0.038125,-0.024777,0.043032,0.108464,0.085014,0.033898,-0.030623,0.650186,-0.604541,-0.460203,0.67982,0.733372,-0.002919,0.339265,-0.310957,0.887808,-1e-06,2e-06,4e-06,-6.7e-05,-0.0,0.000129,0.517939
40,0.173087,-0.017272,0.375054,-0.614097,0.633983,-0.470101,-0.712864,-0.701133,-0.014446,-0.338005,0.325454,0.883097,0.0,1e-06,1e-06,0.0,0.0,0.0,0.521093,-0.199869,-0.044585,0.32479,-0.98504,-0.120776,0.122886,0.169483,-0.80541,0.567913,0.031627,0.580393,0.813638,0.000136,0.01688,-0.001859,0.038181,-0.024582,0.043366,0.202642,0.027887,0.021202,-0.007558,0.989657,0.07831,0.120189,-0.133461,0.809825,0.571288,-0.052594,-0.58142,0.811901,6.4e-05,0.00839,-0.000987,0.025815,0.066778,-0.132989,0.09834,0.085014,0.033906,-0.030624,0.650154,-0.604565,-0.460218,0.679837,0.733356,-0.00296,0.339293,-0.310949,0.8878,-0.0,-4e-06,-2e-06,-3.9e-05,-1e-06,8.2e-05,0.518102
41,0.173087,-0.017272,0.375054,-0.614097,0.633983,-0.470101,-0.712864,-0.701133,-0.014446,-0.338005,0.325454,0.883097,0.0,0.0,0.0,0.0,0.0,0.0,0.521364,-0.199853,-0.044282,0.324787,-0.985099,-0.119251,0.123898,0.168886,-0.804472,0.569417,0.033012,0.582004,0.812431,0.00018,0.017302,-0.001399,-0.003247,0.086912,-0.1203,0.198455,0.027895,0.021361,-0.007559,0.98965,0.076757,0.121245,-0.132923,0.808701,0.573004,-0.05407,-0.58319,0.810533,0.0001,0.008726,-0.000617,0.026033,0.077999,-0.118199,0.092625,0.085014,0.033906,-0.030624,0.650153,-0.604565,-0.460218,0.679838,0.733356,-0.00296,0.339293,-0.31095,0.8878,0.0,-3e-06,-2e-06,-3.3e-05,1.2e-05,7.4e-05,0.518102
42,0.173076,-0.017272,0.375042,-0.617864,0.630321,-0.470091,-0.708675,-0.705367,-0.014456,-0.339936,0.323421,0.883102,-0.0,-1e-06,-1e-06,0.0,0.0,-0.0,0.521025,-0.199677,-0.04361,0.324826,-0.985713,-0.117148,0.120989,0.165541,-0.803781,0.571372,0.031558,0.583381,0.811501,0.000392,0.019389,0.000895,-0.087641,0.061018,0.096997,0.190906,0.027983,0.021689,-0.00754,0.990148,0.074995,0.118238,-0.129822,0.808049,0.574632,-0.052448,-0.584322,0.809824,0.008109,0.004488,0.004525,-0.169426,0.08243,0.118869,0.080704,0.085009,0.033906,-0.03063,0.653756,-0.600722,-0.460147,0.675447,0.737401,-0.003033,0.341135,-0.308822,0.887837,1e-06,3e-06,5e-06,-0.000135,-8e-06,0.000187,0.518265
43,0.173045,-0.017272,0.375056,-0.617919,0.630287,-0.470064,-0.708647,-0.705397,-0.014402,-0.339897,0.323421,0.883117,2e-06,4e-05,2.9e-05,0.0,0.0,0.0,0.521221,-0.199377,-0.042785,0.324967,-0.986681,-0.114921,0.115091,0.160363,-0.802894,0.574091,0.027676,0.585042,0.810447,0.015933,0.022417,0.003277,-0.243595,0.152769,0.193619,0.187632,0.028127,0.0221,-0.007472,0.990993,0.073376,0.112011,-0.124948,0.807517,0.576458,-0.048153,-0.585262,0.809412,0.000412,0.011855,0.002808,-0.464616,0.33676,0.02903,0.075152,0.084993,0.033906,-0.030623,0.653805,-0.60069,-0.460119,0.675421,0.737425,-0.002979,0.341093,-0.308826,0.887852,0.0,1.5e-05,1.2e-05,-7.7e-05,4e-06,0.000145,0.517939
44,0.173004,-0.017271,0.375058,-0.617879,0.630315,-0.470079,-0.708675,-0.705368,-0.014426,-0.339909,0.323431,0.883109,-0.01381,0.000233,0.000576,-0.000984,0.014715,-0.029553,0.52146,-0.199234,-0.042323,0.325083,-0.986771,-0.114687,0.114549,0.159838,-0.803359,0.573586,0.027486,0.584448,0.810881,0.016096,0.024236,0.005244,0.037846,-0.050466,0.099784,0.181319,0.028198,0.022329,-0.007415,0.991098,0.072104,0.111914,-0.123891,0.807239,0.577075,-0.048732,-0.585803,0.808986,0.000443,0.01219,0.00316,0.055781,-0.041137,0.07127,0.070417,0.084978,0.033906,-0.030622,0.653746,-0.600734,-0.460144,0.675468,0.737383,-0.003013,0.341113,-0.308843,0.887838,-1e-06,-4e-06,-2e-06,-6.4e-05,-4e-06,0.00012,0.518102
45,0.172921,-0.01727,0.375061,-0.618035,0.630218,-0.470004,-0.708568,-0.705478,-0.014337,-0.33985,0.32338,0.88315,0.0,0.0,0.0,0.0,0.0,0.0,0.521134,-0.1989,-0.041434,0.325365,-0.986776,-0.114715,0.114481,0.159791,-0.804039,0.572646,0.027602,0.583507,0.811555,0.016,0.023822,0.0047,0.040216,-0.039953,0.072525,0.176818,0.028366,0.022779,-0.007269,0.991108,0.072169,0.111778,-0.123798,0.808032,0.575983,-0.048752,-0.5847,0.809782,0.000739,0.007273,0.007966,-0.00836,0.065016,-0.125384,0.058987,0.084931,0.033907,-0.030621,0.653912,-0.600621,-0.460056,0.675343,0.737496,-0.002915,0.341041,-0.30879,0.887884,1e-06,-3e-06,2e-06,-2.4e-05,1.5e-05,7.8e-05,0.518265
46,0.172838,-0.017268,0.375052,-0.618078,0.630194,-0.46998,-0.708531,-0.705515,-0.014337,-0.339851,0.323345,0.883163,-0.0,-2e-06,-2e-06,0.0,0.0,0.0,0.520503,-0.198531,-0.040748,0.32571,-0.986921,-0.111554,0.116335,0.158424,-0.801869,0.576057,0.03027,0.58709,0.808871,0.016221,0.010498,0.010514,-0.389143,0.237687,0.222897,0.187226,0.028551,0.023132,-0.007093,0.991092,0.070425,0.113026,-0.123219,0.806885,0.577713,-0.050514,-0.586495,0.808375,0.000551,0.005533,0.006026,-0.455862,0.297898,0.222831,0.062416,0.084889,0.033908,-0.030625,0.653952,-0.600596,-0.460032,0.675306,0.737531,-0.002916,0.34104,-0.308756,0.887896,0.0,4e-06,5e-06,-2.7e-05,8e-06,5.8e-05,0.518102
47,0.172817,-0.017267,0.375053,-0.618117,0.63017,-0.469961,-0.708504,-0.705543,-0.014315,-0.339836,0.323332,0.883173,-0.0,-0.0,-0.0,0.0,0.0,0.0,0.521474,-0.198194,-0.040386,0.326008,-0.987091,-0.108261,0.11799,0.156877,-0.799401,0.579898,0.032787,0.591054,0.80588,0.015798,0.006529,0.006158,-0.139303,0.152654,-0.064858,0.19214,0.028726,0.023319,-0.006938,0.991149,0.065859,0.11526,-0.121203,0.803124,0.583353,-0.054149,-0.59216,0.803998,0.007874,0.003054,0.002842,-0.127993,0.150651,-0.062506,0.071723,0.084879,0.033908,-0.030625,0.653989,-0.60057,-0.460013,0.675277,0.737557,-0.002894,0.341024,-0.308744,0.887906,-1e-06,2e-06,5e-06,-3.1e-05,2e-06,5.6e-05,0.517939
48,0.172817,-0.01726,0.375046,-0.617986,0.630254,-0.470021,-0.708586,-0.705458,-0.014413,-0.339902,0.323354,0.88314,-0.0,-0.0,-0.0,0.0,0.0,0.0,0.520709,-0.198061,-0.040304,0.326089,-0.987238,-0.106426,0.118434,0.155735,-0.798176,0.58189,0.033849,0.593038,0.804377,0.000402,0.004069,0.004417,-0.077473,0.040295,0.059376,0.184935,0.028792,0.02336,-0.006897,0.991226,0.063835,0.115736,-0.119992,0.801775,0.585454,-0.055422,-0.594205,0.802401,0.00017,0.001762,0.001907,-0.045894,0.031213,0.061608,0.070091,0.084879,0.033912,-0.030628,0.653863,-0.60066,-0.460074,0.675365,0.737477,-0.002991,0.341091,-0.308762,0.887874,-3e-06,2e-06,3e-06,-3.5e-05,-6e-06,5.3e-05,0.517939
49,0.172827,-0.017245,0.375032,-0.61794,0.630282,-0.470043,-0.708599,-0.705443,-0.014486,-0.339957,0.323333,0.883127,-0.0,-0.0,-0.0,0.0,0.0,0.0,0.521092,-0.197822,-0.040302,0.326077,-0.987593,-0.101101,0.120124,0.152706,-0.794401,0.587828,0.037243,0.599001,0.799796,0.014958,-0.001905,-0.003011,-0.057652,0.025214,0.054787,0.175669,0.028906,0.023365,-0.006899,0.991361,0.058407,0.117434,-0.117065,0.797795,0.591455,-0.059144,-0.600093,0.79774,-7.1e-05,-0.000728,-0.000795,-0.039363,0.043212,0.037694,0.058823,0.084884,0.033919,-0.030635,0.65382,-0.60069,-0.460098,0.67538,0.737463,-0.003063,0.341145,-0.308738,0.887862,-2e-06,1e-06,4e-06,-2.5e-05,1e-05,5.8e-05,0.517612
50,0.172827,-0.017238,0.375037,-0.617923,0.630292,-0.470051,-0.708611,-0.705431,-0.014495,-0.339963,0.323338,0.883123,1e-06,1.5e-05,1.1e-05,0.0,0.0,0.0,0.521224,-0.197615,-0.04033,0.325956,-0.987846,-0.097465,0.121046,0.150523,-0.791955,0.591679,0.039442,0.602826,0.796811,-0.000121,-0.001242,-0.001349,-0.021465,0.014518,0.009178,0.172233,0.029014,0.023342,-0.006969,0.991473,0.054609,0.118315,-0.114834,0.795313,0.595222,-0.061593,-0.603733,0.794802,-7.8e-05,-0.000814,-0.000888,0.013709,0.004494,0.011341,0.050822,0.084884,0.033923,-0.030633,0.653803,-0.600702,-0.460105,0.675393,0.73745,-0.003073,0.341151,-0.308743,0.887858,-2e-06,4e-06,5e-06,-3.4e-05,-7e-06,4.3e-05,0.518102
51,0.172817,-0.017238,0.375037,-0.617943,0.63028,-0.470042,-0.708598,-0.705445,-0.014484,-0.339955,0.323331,0.883128,0.0,0.0,0.0,0.0,0.0,0.0,0.521231,-0.197518,-0.040321,0.325883,-0.987875,-0.097388,0.120871,0.150351,-0.792058,0.591585,0.03937,0.602703,0.796908,0.015028,-0.001229,-0.002284,0.001731,-0.014993,0.029379,0.17112,0.029057,0.023345,-0.007007,0.991503,0.054568,0.118081,-0.114633,0.795594,0.594886,-0.061483,-0.603367,0.795089,-6e-05,-0.000641,-0.000702,0.007672,-0.003723,-0.00144,0.048373,0.084879,0.033923,-0.030632,0.653821,-0.600689,-0.460096,0.675379,0.737463,-0.003062,0.341143,-0.308737,0.887863,-0.0,-5e-06,-2e-06,-1.6e-05,1.4e-05,5.1e-05,0.517939
52,0.172764,-0.017236,0.375027,-0.617927,0.630293,-0.470046,-0.708601,-0.705441,-0.014518,-0.339978,0.323316,0.883125,-0.0,-1e-06,-1e-06,0.0,0.0,0.0,0.520834,-0.197438,-0.04025,0.325724,-0.987824,-0.097544,0.121161,0.150635,-0.792254,0.59125,0.039565,0.60242,0.797112,-0.000118,-0.001215,-0.001321,-0.0,0.0,0.0,0.167331,0.029103,0.023381,-0.007086,0.99146,0.054808,0.11833,-0.114947,0.795842,0.594494,-0.061589,-0.603019,0.795345,-0.000347,0.004561,-0.005236,0.036333,-0.012414,0.016411,0.044454,0.084853,0.033923,-0.030638,0.653805,-0.600703,-0.460101,0.675384,0.737459,-0.003095,0.341165,-0.308721,0.88786,0.0,3e-06,4e-06,-1.3e-05,8e-06,4e-05,0.517939
53,0.172702,-0.017235,0.37503,-0.618044,0.63022,-0.46999,-0.70852,-0.705523,-0.014451,-0.339934,0.323277,0.883156,-0.0,-0.0,-0.0,0.0,0.0,0.0,0.521129,-0.197452,-0.040085,0.325507,-0.987682,-0.097963,0.121981,0.151439,-0.79255,0.590648,0.040061,0.601964,0.797432,-0.015728,0.010334,-0.008201,0.034353,0.003897,-0.011395,0.160945,0.029095,0.023462,-0.007197,0.991335,0.055289,0.119151,-0.115786,0.796167,0.593895,-0.062028,-0.602545,0.79567,-0.007858,0.005201,-0.004064,0.034184,0.003164,-0.012356,0.038575,0.084822,0.033924,-0.030636,0.653917,-0.600626,-0.460042,0.675299,0.737537,-0.00303,0.341119,-0.308685,0.887891,-1e-06,2e-06,5e-06,-2.5e-05,-8e-06,2.9e-05,0.517939
54,0.17264,-0.017227,0.375038,-0.618143,0.630159,-0.469941,-0.708451,-0.705593,-0.014395,-0.339895,0.323244,0.883183,-0.013808,0.000247,0.000584,-0.000984,0.014715,-0.029553,0.521134,-0.197503,-0.039815,0.325252,-0.98763,-0.096656,0.123438,0.151331,-0.791712,0.591799,0.041773,0.603275,0.796353,-0.000563,0.01053,-0.008936,-0.204628,0.152167,0.121594,0.148158,0.029071,0.023593,-0.007321,0.991211,0.055038,0.12029,-0.116291,0.795953,0.594083,-0.063048,-0.602851,0.795358,-0.000277,0.005275,-0.004457,-0.471693,0.360343,-0.016756,0.027798,0.084796,0.033928,-0.030632,0.653994,-0.600573,-0.460002,0.67524,0.737591,-0.002985,0.341086,-0.30866,0.887912,-0.0,-3e-06,-1e-06,-1.8e-05,-3e-06,2.7e-05,0.517775
55,0.17262,-0.017226,0.375039,-0.618182,0.630134,-0.469922,-0.708424,-0.705621,-0.014372,-0.339881,0.323231,0.883193,0.0,0.0,0.0,0.0,0.0,0.0,0.520874,-0.197522,-0.039669,0.325121,-0.9876,-0.096757,0.1236,0.15149,-0.791989,0.591388,0.041915,0.602895,0.796633,-3e-06,-3.5e-05,-3.8e-05,-0.003523,0.00239,0.001518,0.143845,0.029061,0.023666,-0.007387,0.991198,0.054078,0.120832,-0.115909,0.795469,0.594805,-0.063952,-0.603575,0.794736,-0.000271,0.005327,-0.004398,0.051858,-0.014499,0.020359,0.01996,0.084781,0.033929,-0.030632,0.654051,-0.600534,-0.459973,0.675198,0.73763,-0.002953,0.341063,-0.308642,0.887927,-0.0,-4e-06,-2e-06,-1e-05,9e-06,3.1e-05,0.517939
56,0.172557,-0.017232,0.375036,-0.618199,0.630126,-0.469911,-0.708414,-0.705632,-0.014364,-0.339872,0.323223,0.883199,-0.0,-7e-06,-5e-06,0.0,0.0,0.0,0.520776,-0.197495,-0.03936,0.324827,-0.987674,-0.095097,0.124293,0.150637,-0.791332,0.592483,0.043261,0.604018,0.79571,-0.000596,0.010192,-0.009302,-0.309363,0.308011,-0.013448,0.144733,0.029074,0.023825,-0.007536,0.991195,0.053472,0.121127,-0.115599,0.795558,0.594747,-0.064562,-0.603512,0.794735,-0.000295,0.005089,-0.00466,-0.471214,0.360194,-0.015966,0.014082,0.084749,0.033925,-0.030633,0.654067,-0.600526,-0.459961,0.675187,0.73764,-0.002944,0.341054,-0.308634,0.887933,-0.006902,0.000123,0.000293,-0.00099,0.01473,-0.029525,0.517939
57,0.172537,-0.017225,0.375043,-0.618221,0.630113,-0.469899,-0.708399,-0.705647,-0.014352,-0.339864,0.323216,0.883205,3e-06,6.4e-05,4.8e-05,0.0,0.0,0.0,0.520712,-0.197479,-0.039009,0.324534,-0.987782,-0.093341,0.124768,0.149575,-0.79075,0.593529,0.044507,0.605052,0.794855,-0.0,-0.0,-0.0,-0.01299,0.008799,0.005615,0.150713,0.029082,0.023997,-0.007679,0.991235,0.050639,0.122017,-0.114058,0.794069,0.597029,-0.066657,-0.605713,0.792885,-0.000269,0.005341,-0.004384,0.03843,0.084495,-0.148411,0.016368,0.084739,0.033929,-0.03063,0.654088,-0.600512,-0.45995,0.675171,0.737654,-0.002932,0.341045,-0.308627,0.887939,2e-06,4.4e-05,3.4e-05,-1.9e-05,-8e-06,1.8e-05,0.517612
58,0.172537,-0.017233,0.37505,-0.618234,0.630105,-0.469893,-0.708399,-0.705647,-0.014321,-0.33984,0.32323,0.883209,0.0,1e-06,1e-06,0.0,0.0,0.0,0.521016,-0.197488,-0.038833,0.32439,-0.987991,-0.089753,0.12574,0.147496,-0.788521,0.597004,0.046813,0.608488,0.792094,-0.00055,0.010669,-0.008782,-0.258446,0.188091,0.145285,0.151696,0.029078,0.024085,-0.007752,0.991286,0.048015,0.122656,-0.112563,0.792405,0.599519,-0.068407,-0.608102,0.790905,-0.00027,0.00534,-0.004383,-0.439291,0.26525,0.167221,0.018654,0.084739,0.033925,-0.030626,0.6541,-0.600503,-0.459943,0.675171,0.737655,-0.002902,0.341022,-0.308642,0.887943,0.0,-4e-06,-3e-06,-8e-06,9e-06,2.4e-05,0.517939
59,0.172516,-0.017232,0.37505,-0.618273,0.630081,-0.469874,-0.708372,-0.705675,-0.014299,-0.339825,0.323217,0.88322,0.0,0.0,0.0,0.0,0.0,0.0,0.521079,-0.197503,-0.038385,0.324112,-0.988349,-0.084206,0.126755,0.143994,-0.785459,0.601875,0.050127,0.613216,0.788237,-0.00039,0.012316,-0.006988,-0.324564,0.232098,0.173889,0.161695,0.02907,0.024306,-0.007893,0.991417,0.042603,0.123595,-0.10924,0.789316,0.60419,-0.071815,-0.612506,0.787196,-0.000167,0.006401,-0.00323,-0.54876,0.326361,0.200604,0.025349,0.084729,0.033926,-0.030626,0.654138,-0.600477,-0.459923,0.675142,0.737681,-0.00288,0.341006,-0.30863,0.887953,1e-06,-3e-06,-3e-06,-8e-06,1.1e-05,2.4e-05,0.517775
60,0.172465,-0.017224,0.375058,-0.618353,0.630032,-0.469835,-0.708316,-0.705731,-0.014254,-0.339794,0.32319,0.883241,1e-05,0.000201,0.000149,0.0,0.0,0.0,0.519935,-0.197531,-0.037735,0.323796,-0.988753,-0.078484,0.127281,0.140073,-0.782674,0.606412,0.053274,0.617513,0.784667,-0.0002,0.014273,-0.004862,-0.086925,0.07139,0.071098,0.164868,0.029056,0.024635,-0.008055,0.991576,0.035766,0.124488,-0.104909,0.78546,0.609955,-0.075965,-0.617877,0.782596,-8.2e-05,0.007263,-0.002291,-0.045899,0.060383,0.07326,0.03482,0.084703,0.033929,-0.030622,0.654215,-0.600424,-0.459883,0.675084,0.737735,-0.002835,0.340974,-0.308605,0.887975,9e-06,0.000125,9.4e-05,-7e-06,5e-06,2.5e-05,0.517775
61,0.172434,-0.017224,0.375072,-0.618408,0.629999,-0.469807,-0.708288,-0.705761,-0.014199,-0.339754,0.32319,0.883257,3.2e-05,0.00063,0.000468,0.0,0.0,0.0,0.520209,-0.197537,-0.037321,0.32365,-0.989356,-0.074655,0.12487,0.135801,-0.780391,0.610313,0.053134,0.620863,0.782029,-0.000599,0.026502,-0.011949,-0.35589,0.350423,0.040928,0.167598,0.029053,0.024831,-0.008124,0.99205,0.033095,0.12141,-0.101092,0.784158,0.612271,-0.074942,-0.619677,0.78127,3.5e-05,0.008494,-0.000957,-0.399144,0.290873,0.252525,0.037596,0.084688,0.033929,-0.030616,0.654267,-0.600389,-0.459855,0.675054,0.737763,-0.002782,0.340934,-0.308606,0.887989,1.9e-05,0.000348,0.000259,-6e-06,3e-06,2.3e-05,0.517286
62,0.172352,-0.017209,0.375086,-0.618529,0.629924,-0.469747,-0.708204,-0.705846,-0.014131,-0.339707,0.323149,0.88329,7e-06,0.000129,9.6e-05,0.0,0.0,0.0,0.520079,-0.197546,-0.036389,0.323377,-0.990169,-0.068642,0.121841,0.129497,-0.777569,0.615265,0.053757,0.625076,0.778623,0.000118,0.017579,-0.001295,-0.380349,0.251788,0.224951,0.178235,0.029048,0.025301,-0.008263,0.992586,0.0271,0.118478,-0.094993,0.78107,0.617175,-0.075815,-0.623854,0.777854,-0.000214,0.014114,-0.005045,-0.365392,0.275665,0.273296,0.04674,0.084647,0.033938,-0.030608,0.654384,-0.600309,-0.459792,0.674965,0.737844,-0.002714,0.340885,-0.308568,0.888021,3e-06,6.3e-05,4.9e-05,-1.2e-05,1e-06,1.6e-05,0.517286
63,0.172248,-0.017206,0.375078,-0.618611,0.629876,-0.469705,-0.70814,-0.705911,-0.014109,-0.339693,0.323101,0.883313,-1.7e-05,-0.000327,-0.000243,0.0,0.0,0.0,0.521156,-0.197555,-0.035493,0.323113,-0.990889,-0.062788,0.119109,0.12352,-0.774602,0.620216,0.054571,0.629351,0.775114,-0.000578,0.026733,-0.011718,-0.248608,0.189917,0.174315,0.190528,0.029045,0.025751,-0.008386,0.993034,0.020788,0.11597,-0.089,0.777345,0.622746,-0.077203,-0.62873,0.77378,2.9e-05,0.00844,-0.001032,-0.455655,0.260803,0.204823,0.060783,0.084595,0.033939,-0.030612,0.654462,-0.600257,-0.459749,0.674898,0.737906,-0.002693,0.340868,-0.308521,0.888044,-9e-06,-0.000223,-0.000165,2e-06,5e-06,2.1e-05,0.517449
64,0.172175,-0.017212,0.375076,-0.618764,0.629781,-0.469631,-0.708034,-0.70602,-0.014021,-0.339636,0.323051,0.883353,-0.0,-6e-06,-4e-06,0.0,0.0,0.0,0.520598,-0.197577,-0.034785,0.322858,-0.991199,-0.057071,0.119406,0.119566,-0.771627,0.624683,0.057737,0.633528,0.771473,-0.000242,0.013855,-0.005335,-0.181898,0.132479,0.112012,0.225459,0.029034,0.026111,-0.008514,0.993098,0.014645,0.116365,-0.084948,0.773911,0.62757,-0.080866,-0.633123,0.769814,-0.000102,0.007071,-0.002513,-0.267797,0.158557,0.153924,0.088542,0.084558,0.033935,-0.030614,0.654609,-0.600155,-0.459672,0.674786,0.738008,-0.002607,0.340807,-0.308474,0.888083,1e-06,4e-06,6e-06,-1.1e-05,-1e-06,5e-06,0.517286
65,0.172154,-0.017204,0.37507,-0.61879,0.629764,-0.469619,-0.708007,-0.706046,-0.01403,-0.339645,0.323024,0.883359,-0.0,-0.0,-0.0,0.0,0.0,0.0,0.520613,-0.197573,-0.034538,0.322714,-0.991295,-0.053511,0.120261,0.117593,-0.769258,0.627971,0.060159,0.636708,0.768666,-0.000374,0.012486,-0.00681,-0.275631,0.181459,0.17856,0.248833,0.029035,0.026236,-0.008586,0.993051,0.011424,0.117126,-0.083241,0.771719,0.630491,-0.083186,-0.63586,0.767308,-0.000253,0.005508,-0.004198,-0.441108,0.262889,0.177095,0.114995,0.084548,0.033939,-0.030617,0.654634,-0.600138,-0.45966,0.674758,0.738034,-0.002616,0.340815,-0.308447,0.88809,-0.0,5e-06,6e-06,-7e-06,-4e-06,8e-06,0.517286
66,0.172154,-0.017204,0.37507,-0.61879,0.629764,-0.469619,-0.708007,-0.706046,-0.01403,-0.339645,0.323024,0.883359,-0.0,-0.0,-0.0,0.0,0.0,0.0,0.520472,-0.197579,-0.034221,0.322447,-0.991389,-0.049935,0.12102,0.115548,-0.767092,0.630993,0.062576,0.6396,0.766067,-0.000544,0.010719,-0.008712,0.010228,0.005582,0.02899,0.286422,0.029033,0.026393,-0.00872,0.992977,0.006828,0.118106,-0.080742,0.76878,0.634394,-0.086466,-0.639475,0.763933,-0.000275,0.005275,-0.004446,0.046843,-0.001406,0.032714,0.167085,0.084548,0.03394,-0.030617,0.654634,-0.600138,-0.45966,0.674758,0.738034,-0.002616,0.340815,-0.308447,0.88809,-3e-06,2e-06,5e-06,-6e-06,-5e-06,9e-06,0.517449
67,0.172154,-0.017196,0.375063,-0.618777,0.629772,-0.469626,-0.708007,-0.706046,-0.01406,-0.339669,0.32301,0.883355,-0.0,-0.0,-0.0,0.0,0.0,0.0,0.520359,-0.197592,-0.033954,0.322233,-0.991828,-0.046279,0.118857,0.111633,-0.764488,0.634846,0.062737,0.642979,0.763221,5e-06,5.4e-05,5.8e-05,-0.013262,0.008722,0.005742,0.32342,0.029026,0.026529,-0.008832,0.993258,0.00316,0.115878,-0.076881,0.766103,0.638102,-0.086759,-0.642709,0.761181,5e-06,7e-06,8e-06,0.020697,-0.001551,0.004113,0.219501,0.084548,0.033943,-0.03062,0.654622,-0.600146,-0.459667,0.674758,0.738033,-0.002647,0.340838,-0.308431,0.888086,-3e-06,2e-06,5e-06,-1.1e-05,1e-06,5e-06,0.517449
68,0.172144,-0.017196,0.375063,-0.618796,0.62976,-0.469616,-0.707993,-0.70606,-0.014049,-0.339661,0.323004,0.883361,-0.0,-0.0,-0.0,0.0,0.0,0.0,0.520333,-0.197598,-0.033811,0.322129,-0.992189,-0.044492,0.116506,0.108909,-0.763018,0.637084,0.061804,0.644846,0.76172,-0.000535,0.01081,-0.008613,-0.02052,0.048751,-0.095146,0.334919,0.029023,0.026596,-0.008881,0.993548,0.001389,0.113403,-0.074161,0.764474,0.640374,-0.085804,-0.644652,0.759645,4e-06,-5e-06,-5e-06,-0.054354,-0.18483,0.188103,0.240403,0.084543,0.033943,-0.03062,0.65464,-0.600133,-0.459657,0.674744,0.738046,-0.002636,0.34083,-0.308425,0.888091,-0.006908,0.000131,0.000299,-0.000993,0.014711,-0.029546,0.517449
69,0.172134,-0.017181,0.375062,-0.618668,0.629842,-0.469674,-0.708074,-0.705976,-0.014146,-0.339725,0.323024,0.883328,0.0,4e-06,3e-06,0.0,0.0,0.0,0.520273,-0.197645,-0.033557,0.321918,-0.9929,-0.040872,0.111667,0.103324,-0.760034,0.641566,0.059903,0.648594,0.758684,-0.0,-3e-06,-4e-06,-0.12805,0.082378,0.056665,0.346415,0.028999,0.026727,-0.00899,0.994093,-0.00181,0.10851,-0.068968,0.76146,0.644532,-0.083793,-0.648209,0.756837,-0.000265,0.005393,-0.004318,-0.128299,0.09253,0.081465,0.266366,0.084538,0.033951,-0.03062,0.654517,-0.600221,-0.459717,0.67483,0.737968,-0.002732,0.340896,-0.308443,0.88806,-0.006906,0.000126,0.000294,-0.000987,0.014709,-0.029542,0.517285
70,0.172133,-0.017188,0.375057,-0.618685,0.629831,-0.469666,-0.708062,-0.705989,-0.014136,-0.33972,0.323019,0.883332,-0.0,-3e-06,-3e-06,0.0,0.0,0.0,0.520677,-0.197716,-0.033212,0.32167,-0.993938,-0.038761,0.102841,0.096157,-0.758391,0.644617,0.054263,0.65064,0.757355,-0.000417,0.01202,-0.007306,-0.514077,-2.04925,1.842218,0.358628,0.028964,0.026888,-0.009111,0.994703,-0.004231,0.102695,-0.063576,0.759755,0.647093,-0.08076,-0.650195,0.755462,-0.000261,0.005413,-0.004297,0.053544,-0.012949,0.014772,0.282205,0.084537,0.033947,-0.030623,0.654534,-0.60021,-0.459709,0.674818,0.737979,-0.002722,0.34089,-0.308438,0.888064,-1e-06,2e-06,4e-06,-4e-06,-0.0,7e-06,0.517285
71,0.172133,-0.017173,0.375042,-0.618659,0.629847,-0.46968,-0.708062,-0.705987,-0.014198,-0.339767,0.322991,0.883324,-0.0,-0.0,-0.0,0.0,0.0,0.0,0.520847,-0.197905,-0.032803,0.321347,-0.995069,-0.029137,0.094766,0.083849,-0.75591,0.649232,0.053975,0.654006,0.75447,-0.016057,0.021651,-0.016244,-0.48272,-2.020064,1.81833,0.366051,0.028875,0.027096,-0.009269,0.99542,-0.013881,0.094574,-0.051373,0.756666,0.651779,-0.080609,-0.653653,0.752488,-0.00027,0.005293,-0.004421,0.05444,-0.007868,0.021643,0.297881,0.084537,0.033955,-0.03063,0.654508,-0.600227,-0.459723,0.674819,0.737978,-0.002783,0.340936,-0.308408,0.888057,-2e-06,2e-06,4e-06,-7e-06,-2e-06,4e-06,0.517285
