frame,MLTx,MLTy,MLTz,MLTR1,MLTR2,MLTR3,MLTR4,MLTR5,MLTR6,MLTR7,MLTR8,MLTR9,MLTTVx,MLTTVy,MLTTVz,MLTRVx,MLTRVy,MLTRVz,MLGA,MRTx,MRTy,MRTz,MRTR1,MRTR2,MRTR3,MRTR4,MRTR5,MRTR6,MRTR7,MRTR8,MRTR9,MRTTVx,MRTTVy,MRTTVz,MRTRVx,MRTRVy,MRTRVz,MRGA,SLTx,SLTy,SLTz,SLTR1,SLTR2,SLTR3,SLTR4,SLTR5,SLTR6,SLTR7,SLTR8,SLTR9,SLTTVx,SLTTVy,SLTTVz,SLTRVx,SLTRVy,SLTRVz,SLGA,SRTx,SRTy,SRTz,SRTR1,SRTR2,SRTR3,SRTR4,SRTR5,SRTR6,SRTR7,SRTR8,SRTR9,SRTTVx,SRTTVy,SRTTVz,SRTRVx,SRTRVy,SRTRVz,SRGA
8834,0.184974,0.092884,0.369971,-0.056061,0.992264,-0.110974,-0.985923,-0.037434,0.162869,0.157518,0.117308,0.980538,-0.020898,-0.022561,0.003839,-0.18351,-0.456104,-0.439001,-0.445796,-0.105043,0.069777,0.396955,0.426469,0.402,0.810254,-0.798279,0.588389,0.128385,-0.425646,-0.702058,0.570791,-3e-06,1.2e-05,5e-06,0.0,0.0,0.0,0.532105,0.037004,0.052778,0.013871,-0.291267,-0.508768,0.810134,0.843413,-0.536218,-0.033516,0.451461,0.673515,0.585285,-0.0,2e-06,2e-06,-3e-06,6e-06,1e-05,0.523712,0.129949,0.068425,-0.057849,-0.13948,0.987434,-0.074279,-0.976794,-0.124888,0.173997,0.162534,0.096824,0.98194,-0.010628,-0.005715,-0.001988,-0.20649,-0.499735,-0.656143,-0.542307
8835,0.18446,0.092512,0.369993,-0.070263,0.989809,-0.12404,-0.985684,-0.04974,0.16101,0.15328,0.132346,0.979294,-0.031589,-0.022675,0.004134,-0.071787,-0.775457,-0.820254,-0.445415,-0.105023,0.069765,0.396959,0.42648,0.402002,0.810247,-0.798286,0.588375,0.128405,-0.425622,-0.702069,0.570796,1.7e-05,-7.2e-05,-3e-05,0.0,0.0,0.0,0.532026,0.037014,0.052771,0.013873,-0.291279,-0.508771,0.810128,0.843421,-0.536206,-0.033495,0.451437,0.673523,0.585294,1.1e-05,-4.2e-05,-1.8e-05,4e-06,4e-06,-5e-06,0.523712,0.129703,0.068245,-0.05784,-0.152134,0.98466,-0.085431,-0.975714,-0.135842,0.17184,0.157599,0.1095,0.981413,-0.015791,-0.01144,0.002028,2.302763,-1.391003,-0.175731,-0.541164
8836,0.183352,0.091625,0.370104,-0.096635,0.984271,-0.148046,-0.984789,-0.072924,0.157625,0.144463,0.159802,0.976535,-0.031749,-0.026614,0.002509,-0.264115,-0.669339,-0.648657,-0.436673,-0.105014,0.069726,0.396962,0.426393,0.402031,0.810278,-0.798349,0.588298,0.128365,-0.425591,-0.702116,0.570761,3e-05,-0.000126,-5.2e-05,0.0,0.0,0.0,0.531939,0.037019,0.052751,0.013875,-0.291187,-0.508796,0.810145,0.843474,-0.536121,-0.033535,0.451398,0.673572,0.585268,0.000964,-0.005268,0.004422,-0.035663,0.003222,-0.022103,0.523548,0.129141,0.067799,-0.057781,-0.179553,0.977505,-0.110645,-0.972887,-0.159777,0.167218,0.145778,0.13767,0.979691,-0.015871,-0.012906,0.001431,-0.36422,-0.836202,-0.883658,-0.534632
8837,0.181951,0.090409,0.370229,-0.125015,0.97634,-0.176571,-0.983818,-0.098919,0.149294,0.128445,0.191163,0.973132,-0.042691,-0.030521,0.001224,-0.15685,-0.365806,-0.690682,-0.426798,-0.105006,0.069727,0.396963,0.42655,0.401997,0.810213,-0.798279,0.588368,0.128484,-0.425566,-0.702078,0.570827,-7.4e-05,0.000312,0.000127,0.0,0.0,0.0,0.532192,0.037023,0.052751,0.013875,-0.291353,-0.508767,0.810103,0.843424,-0.536207,-0.033416,0.451384,0.673525,0.585333,0.005365,0.001401,0.000325,0.00204,-0.015208,0.029252,0.523548,0.128445,0.067193,-0.057719,-0.20868,0.967876,-0.140236,-0.969673,-0.186115,0.158413,0.127224,0.169041,0.977362,-0.021196,-0.021043,0.004477,-0.062613,-0.535623,-0.716933,-0.525815
8838,0.181142,0.089751,0.370273,-0.142379,0.971191,-0.191209,-0.98223,-0.114717,0.148445,0.122404,0.207738,0.970509,-0.042844,-0.031042,0.000993,-0.350104,-0.741624,-0.934213,-0.422612,-0.104999,0.069729,0.396973,0.426577,0.401995,0.810199,-0.798278,0.588361,0.128517,-0.425538,-0.702084,0.570839,-5.5e-05,0.000232,9.5e-05,0.0,0.0,0.0,0.532081,0.037026,0.052753,0.01388,-0.291382,-0.508767,0.810093,0.843428,-0.536203,-0.033383,0.451358,0.673528,0.585348,-3.4e-05,0.000147,6e-05,7e-06,1.8e-05,-5e-06,0.523548,0.128041,0.066861,-0.057697,-0.224462,0.962378,-0.153115,-0.967125,-0.200729,0.156126,0.119517,0.183126,0.975796,-0.021433,-0.016531,0.0001,-0.194503,-0.271755,-0.70703,-0.522386
8839,0.179304,0.088242,0.370373,-0.171552,0.961234,-0.215973,-0.979671,-0.143255,0.140341,0.104168,0.234462,0.966542,-0.043299,-0.037229,-0.001649,2.124806,-1.545901,0.023345,-0.400683,-0.104975,0.069735,0.396984,0.42665,0.401984,0.810166,-0.798258,0.588374,0.128584,-0.425504,-0.70208,0.570871,-0.0,2e-06,1e-06,0.0,0.0,0.0,0.531997,0.037038,0.052756,0.013886,-0.291458,-0.508758,0.810071,0.843417,-0.536223,-0.033315,0.451329,0.673519,0.585383,2e-06,-1e-05,-4e-06,8e-06,-4e-06,-4e-06,0.523548,0.127122,0.066115,-0.057644,-0.255495,0.950253,-0.178157,-0.961426,-0.230302,0.1504,0.101889,0.209712,0.972439,-0.026901,-0.024042,0.00339,-0.278653,-0.199515,-0.93173,-0.510629
8840,0.177156,0.086235,0.370497,-0.200117,0.94967,-0.24109,-0.975932,-0.17139,0.134738,0.086879,0.261069,0.961417,-0.065436,-0.05709,0.00319,0.255543,-1.043876,-0.806449,-0.374277,-0.104938,0.069719,0.397005,0.426697,0.401989,0.810139,-0.798273,0.588337,0.128657,-0.425429,-0.702108,0.570892,0.010829,0.002369,0.000475,0.002045,-0.015205,0.029245,0.532029,0.037053,0.052747,0.013897,-0.291484,-0.508768,0.810056,0.843447,-0.536181,-0.033258,0.451257,0.673545,0.585407,-3e-06,-5e-06,-5e-06,1.1e-05,1e-06,-1.1e-05,0.523548,0.126056,0.065124,-0.057582,-0.281447,0.938041,-0.202152,-0.95623,-0.256594,0.140651,0.080065,0.232889,0.969201,-0.032722,-0.029186,0.001346,1.994406,-1.564282,-0.052232,-0.492014
8841,0.175915,0.085051,0.370547,-0.212669,0.943496,-0.254231,-0.974208,-0.184593,0.129675,0.075676,0.274078,0.958739,-0.065958,-0.060802,0.001529,1.850514,-1.96729,-0.230905,-0.367559,-0.10492,0.069714,0.397013,0.426727,0.401987,0.810124,-0.798272,0.588331,0.128693,-0.425401,-0.702114,0.570906,-0.0,0.0,0.0,0.0,0.0,0.0,0.531638,0.037066,0.052746,0.0139,-0.29154,-0.508763,0.810039,0.843442,-0.536191,-0.033205,0.451229,0.673541,0.585434,0.005411,0.001181,0.000232,0.002049,-0.015205,0.029239,0.523712,0.125436,0.064532,-0.057557,-0.294352,0.931303,-0.214545,-0.953153,-0.26971,0.136947,0.069675,0.244805,0.967065,-0.03297,-0.030522,0.000749,-0.190746,-0.155924,-0.718009,-0.483849
8842,0.172994,0.082436,0.370647,-0.241502,0.927918,-0.284061,-0.968861,-0.214014,0.124414,0.054947,0.304107,0.951066,-0.088985,-0.065251,0.000156,1.732322,-2.066289,-0.262462,-0.35137,-0.104881,0.069723,0.397034,0.426849,0.40197,0.810068,-0.798241,0.588347,0.128811,-0.425336,-0.70211,0.570959,-2.4e-05,0.000101,4.1e-05,0.0,0.0,0.0,0.531897,0.037085,0.052751,0.013911,-0.291669,-0.50875,0.81,0.843428,-0.53622,-0.033087,0.451172,0.673527,0.585494,-1.1e-05,4e-05,1.4e-05,-1e-05,-1e-05,2e-05,0.523548,0.123984,0.063223,-0.057508,-0.322243,0.914474,-0.244733,-0.945518,-0.298243,0.130555,0.046399,0.273471,0.96076,-0.038971,-0.038955,0.003571,-0.518938,-0.757675,-1.187484,-0.471929
8843,0.16962,0.079506,0.370846,-0.270806,0.906796,-0.323158,-0.962288,-0.245911,0.116194,0.026226,0.341308,0.9396,-0.090369,-0.078474,0.006987,0.242523,-0.764967,-0.861343,-0.330962,-0.104843,0.069699,0.397062,0.426881,0.401983,0.810045,-0.798275,0.588285,0.128885,-0.42524,-0.702155,0.570975,0.010829,0.002372,0.000476,0.002045,-0.015205,0.029245,0.532228,0.037101,0.052738,0.013925,-0.29168,-0.508767,0.809986,0.843475,-0.536151,-0.033027,0.451078,0.67357,0.585517,-2e-06,-8e-06,-6e-06,8e-06,-6e-06,-1e-05,0.523385,0.122264,0.061729,-0.057411,-0.351136,0.891111,-0.287441,-0.936243,-0.330137,0.120234,0.012247,0.311334,0.950221,-0.045192,-0.039505,0.003423,0.311648,-0.758756,-0.844826,-0.4556
8844,0.165851,0.076352,0.37123,-0.301408,0.878466,-0.370804,-0.953427,-0.282402,0.105816,-0.011393,0.384335,0.923138,-0.102889,-0.07592,0.008323,1.595957,-1.7762,-0.31087,-0.327897,-0.104818,0.069656,0.397103,0.426975,0.401992,0.809991,-0.798305,0.588212,0.129032,-0.425089,-0.702211,0.571018,-0.0,0.0,0.0,0.0,0.0,0.0,0.532079,0.037117,0.052717,0.013946,-0.291803,-0.508774,0.809938,0.843512,-0.536102,-0.032862,0.450929,0.673604,0.585593,-4e-06,-4e-06,-4e-06,6e-06,-6e-06,-7e-06,0.523548,0.120418,0.060174,-0.057225,-0.38028,0.86225,-0.33453,-0.924478,-0.364924,0.110318,-0.026957,0.351218,0.935905,-0.051456,-0.043908,0.008058,-0.354609,-0.300887,-1.353158,-0.448415
8845,0.163771,0.074759,0.371532,-0.317942,0.862649,-0.393441,-0.947639,-0.302247,0.102958,-0.029711,0.404501,0.91407,-0.103561,-0.083921,0.017726,-0.337404,-0.273579,-1.256344,-0.327047,-0.104796,0.069628,0.39713,0.426963,0.402015,0.809987,-0.798359,0.58813,0.129073,-0.425001,-0.702267,0.571015,0.01083,0.002373,0.000477,0.002045,-0.015205,0.029245,0.532005,0.037128,0.052703,0.013959,-0.29179,-0.508795,0.809929,0.843565,-0.536021,-0.032819,0.450838,0.673653,0.585608,0.005411,0.001183,0.000233,0.002052,-0.015206,0.029233,0.523548,0.119378,0.059376,-0.05708,-0.39476,0.845772,-0.358933,-0.91744,-0.383976,0.104233,-0.049665,0.370447,0.927524,-0.057335,-0.041692,0.009236,0.079506,-0.789905,-1.113174,-0.446619
8846,0.159285,0.071542,0.372358,-0.34691,0.8283,-0.44002,-0.935187,-0.341124,0.09504,-0.070956,0.44344,0.893506,-0.116248,-0.07925,0.020228,-0.050469,-0.805797,-1.102956,-0.321255,-0.104754,0.069581,0.397198,0.429336,0.399524,0.809965,-0.794972,0.592675,0.129187,-0.428948,-0.699858,0.571021,-0.000321,0.001357,0.000553,8e-06,1e-06,6e-06,0.531396,0.037149,0.052676,0.013992,-0.294292,-0.506486,0.810471,0.840505,-0.540811,-0.032771,0.45491,0.671561,0.58486,-0.000191,0.00079,0.00032,0.001484,-0.015091,0.025655,0.523712,0.11714,0.057766,-0.056668,-0.421382,0.811496,-0.404858,-0.901992,-0.421324,0.094305,-0.094048,0.404918,0.909502,-0.058142,-0.04496,0.014322,1.279858,-2.070362,-0.527256,-0.44368
8847,0.154405,0.068114,0.373606,-0.368346,0.796752,-0.479117,-0.923128,-0.374541,0.086747,-0.109882,0.473247,0.874066,-0.117683,-0.083146,0.031809,-0.135357,-0.655167,-1.203753,-0.318178,-0.10472,0.069532,0.397246,0.429303,0.399567,0.809961,-0.795072,0.592527,0.12925,-0.428796,-0.699959,0.571012,-0.0,0.0,0.0,0.0,0.0,0.0,0.531801,0.037166,0.052655,0.014017,-0.294264,-0.506537,0.810449,0.840605,-0.540659,-0.032702,0.454742,0.671646,0.584894,-2e-06,-9e-06,-5e-06,-8.8e-05,-4.5e-05,-4.5e-05,0.523712,0.114748,0.056084,-0.056065,-0.44082,0.780605,-0.443094,-0.887463,-0.452998,0.084853,-0.134484,0.430635,0.892449,-0.064525,-0.041657,0.016127,0.106562,-0.362812,-0.888984,-0.439924
8848,0.149439,0.064648,0.375197,-0.37598,0.775135,-0.507789,-0.915955,-0.393795,0.076968,-0.139844,0.493085,0.858684,-0.130903,-0.089913,0.042663,-0.465574,-0.20268,-1.067867,-0.316803,-0.104715,0.069467,0.39727,0.429286,0.399595,0.809956,-0.795141,0.592424,0.1293,-0.428686,-0.70003,0.571007,0.000109,-0.000458,-0.000187,0.0,0.0,0.0,0.531648,0.037168,0.052623,0.014029,-0.294244,-0.506564,0.810439,0.840675,-0.540554,-0.032651,0.454626,0.671709,0.584911,6.7e-05,-0.000287,-0.000116,-5.5e-05,5e-06,-3.3e-05,0.523548,0.112222,0.054323,-0.055257,-0.446936,0.758789,-0.4738,-0.878569,-0.472033,0.072797,-0.168412,0.448802,0.877617,-0.065346,-0.044033,0.021839,0.305369,-0.201368,-0.491903,-0.438291
8849,0.146835,0.062837,0.37615,-0.376103,0.766946,-0.519987,-0.913373,-0.401244,0.068726,-0.155471,0.499835,0.852068,-0.13191,-0.097818,0.052599,-0.04031,-0.64888,-0.381166,-0.314477,-0.104718,0.069442,0.397269,0.42921,0.399617,0.809985,-0.795187,0.592372,0.129255,-0.428675,-0.700062,0.570976,-0.010618,-0.003285,-0.000849,-0.002045,0.015205,-0.029245,0.531678,0.037166,0.05261,0.014029,-0.294164,-0.506584,0.810456,0.840712,-0.540493,-0.032695,0.454609,0.671744,0.584885,-0.005301,-0.001678,-0.000438,-0.002077,0.015212,-0.029297,0.523548,0.110921,0.05342,-0.054785,-0.447276,0.751038,-0.485679,-0.87525,-0.479298,0.064873,-0.184063,0.454107,0.871725,-0.065932,-0.048806,0.026413,1.093582,-2.018123,0.413795,-0.437638
8850,0.141673,0.05902,0.378254,-0.363389,0.757143,-0.542888,-0.914598,-0.40083,0.053079,-0.176973,0.51487,0.838818,-0.133835,-0.095624,0.054034,0.241945,-0.666648,0.516071,-0.307961,-0.104721,0.069416,0.397259,0.429264,0.399605,0.809963,-0.795163,0.592396,0.129296,-0.428667,-0.700049,0.570999,0.00015,-0.000635,-0.000259,0.0,0.0,0.0,0.532002,0.037165,0.052597,0.014024,-0.294219,-0.506574,0.810442,0.840696,-0.54052,-0.032654,0.454603,0.671729,0.584907,9.1e-05,-0.00039,-0.00016,-4.1e-05,-7e-06,-1e-06,0.523548,0.108341,0.051513,-0.053732,-0.435179,0.741963,-0.510009,-0.876394,-0.478871,0.051144,-0.206282,0.469225,0.858647,-0.061166,-0.048413,0.0266,1.37363,-1.98594,1.364347,-0.433555
8851,0.136554,0.05514,0.380712,-0.340396,0.752197,-0.564248,-0.922276,-0.383927,0.044477,-0.182759,0.534595,0.825126,-0.123244,-0.097371,0.067041,-0.270177,-0.297716,0.551169,-0.306635,-0.10472,0.069374,0.397243,0.429144,0.399632,0.810013,-0.795217,0.592343,0.129206,-0.428686,-0.700078,0.570948,0.000409,-0.001728,-0.000705,0.0,0.0,0.0,0.531614,0.037166,0.052578,0.014016,-0.294092,-0.506597,0.810474,0.840735,-0.540454,-0.032745,0.454613,0.671764,0.584858,0.000223,-0.000943,-0.000386,-2.5e-05,0.0,-3e-06,0.523385,0.105826,0.0496,-0.052538,-0.412411,0.739503,-0.532026,-0.885386,-0.462866,0.042953,-0.214493,0.488764,0.845637,-0.061647,-0.048879,0.033491,-0.257223,-0.254872,0.535659,-0.43078
8852,0.134224,0.053447,0.381998,-0.340653,0.745141,-0.573381,-0.920388,-0.388762,0.041503,-0.191567,0.540943,0.818968,-0.122856,-0.089729,0.07106,-0.028928,-0.493019,0.307346,-0.303319,-0.104722,0.069349,0.397233,0.429198,0.39962,0.809991,-0.795193,0.592367,0.129246,-0.428678,-0.700065,0.570971,0.000369,-0.001561,-0.000637,0.0,0.0,0.0,0.531848,0.037164,0.052565,0.014011,-0.294149,-0.506587,0.81046,0.840718,-0.540483,-0.032704,0.454608,0.671749,0.58488,0.000236,-0.000994,-0.000406,-1.9e-05,-1.6e-05,-5e-06,0.523548,0.10461,0.048708,-0.051874,-0.411598,0.733117,-0.54141,-0.883544,-0.466652,0.039811,-0.223464,0.494746,0.839814,-0.06123,-0.039552,0.031259,0.674604,-0.444103,-0.839939,-0.429636
8853,0.129699,0.050226,0.384936,-0.345465,0.732288,-0.586902,-0.914862,-0.402053,0.036771,-0.208616,0.548725,0.809572,-0.110105,-0.07669,0.077683,-0.236505,-0.319229,0.606781,-0.292043,-0.104717,0.069291,0.397209,0.429039,0.399656,0.810057,-0.795264,0.592297,0.129126,-0.428703,-0.700104,0.570904,0.000276,-0.001167,-0.000477,0.0,0.0,0.0,0.532115,0.037167,0.052535,0.013999,-0.293981,-0.506617,0.810502,0.840769,-0.540396,-0.032824,0.454622,0.671796,0.584815,0.0002,-0.000845,-0.000345,-1.3e-05,-2e-06,-7e-06,0.523548,0.1023,0.04706,-0.05038,-0.415415,0.720314,-0.555497,-0.876987,-0.479284,0.034345,-0.241502,0.501431,0.830808,-0.054995,-0.037768,0.039198,-0.232843,-0.310763,0.611906,-0.422288
8854,0.12559,0.047455,0.38816,-0.350349,0.720199,-0.598845,-0.907837,-0.418362,0.027891,-0.230019,0.552528,0.801144,-0.10893,-0.065116,0.083982,-0.1809,-0.12071,0.179952,-0.288629,-0.104706,0.069243,0.39719,0.429056,0.399652,0.81005,-0.795257,0.592304,0.129139,-0.4287,-0.7001,0.570911,0.000266,-0.001123,-0.000459,0.0,0.0,0.0,0.532109,0.037173,0.05251,0.013989,-0.293999,-0.506614,0.810497,0.840764,-0.540405,-0.032811,0.45462,0.671791,0.584822,0.000134,-0.000565,-0.000233,-1.5e-05,9e-06,0.0,0.523548,0.100288,0.045703,-0.048798,-0.419561,0.708312,-0.567681,-0.868668,-0.494779,0.024664,-0.263407,0.503475,0.822879,-0.048751,-0.037728,0.046337,-0.002275,-0.234508,0.110504,-0.418043
8855,0.123693,0.04621,0.389828,-0.352934,0.713372,-0.605461,-0.90469,-0.425226,0.026258,-0.238294,0.556134,0.796215,-0.096554,-0.061511,0.085637,-0.301213,-0.341971,0.442015,-0.287046,-0.104702,0.069228,0.397183,0.429017,0.399661,0.810066,-0.795274,0.592287,0.12911,-0.428707,-0.700109,0.570895,9e-05,-0.000382,-0.000156,0.0,0.0,0.0,0.531813,0.037181,0.052494,0.013982,-0.291374,-0.506564,0.811475,0.840849,-0.540119,-0.035249,0.45615,0.672058,0.583322,2.7e-05,-0.000113,-4.7e-05,-0.001637,-0.00195,0.002154,0.523385,0.098436,0.044501,-0.047117,-0.422375,0.696059,-0.580603,-0.861026,-0.508274,0.017029,-0.283253,0.507107,0.814008,-0.042199,-0.029586,0.043383,-0.245593,-0.148348,0.390877,-0.415267
8856,0.120206,0.044018,0.39318,-0.355369,0.700771,-0.618609,-0.897711,-0.440228,0.016919,-0.260038,0.560472,0.786307,-0.084012,-0.056677,0.088115,-0.058508,-0.367589,0.363837,-0.287093,-0.104696,0.069204,0.397174,0.426424,0.399705,0.811412,-0.795739,0.592202,0.126608,-0.430426,-0.700156,0.569542,1.1e-05,-4.8e-05,-2e-05,0.0,0.0,-0.0,0.531906,0.037178,0.052489,0.01398,-0.291209,-0.506599,0.811513,0.840906,-0.540023,-0.035361,0.45615,0.672109,0.583263,-5e-06,2e-05,8e-06,-0.000209,-0.00025,0.000271,0.523385,0.097588,0.043988,-0.046285,-0.423444,0.689074,-0.588107,-0.856883,-0.515342,0.01315,-0.294016,0.509507,0.808675,-0.041614,-0.02244,0.039933,0.607946,-0.804619,0.460407,-0.415104
8857,0.117261,0.042385,0.396263,-0.35595,0.693232,-0.626717,-0.892777,-0.450381,0.008797,-0.275728,0.561786,0.779998,-0.070062,-0.03188,0.071859,-0.18925,-0.199444,0.479968,-0.287974,-0.104698,0.069212,0.397177,0.426578,0.39967,0.811349,-0.79567,0.59227,0.126725,-0.430401,-0.700119,0.569607,-0.000231,0.000977,0.0004,0.0,0.0,0.0,0.531796,0.037177,0.052492,0.013981,-0.291375,-0.50657,0.811471,0.840858,-0.540106,-0.035241,0.456133,0.672064,0.583328,-0.000135,0.000573,0.000235,-9e-06,-2e-06,2.5e-05,0.523548,0.09611,0.043165,-0.044736,-0.423581,0.681835,-0.596388,-0.85115,-0.524903,0.004415,-0.310036,0.509486,0.802683,-0.029199,-0.01683,0.035338,-0.185659,-0.211317,0.503381,-0.415757
8858,0.115023,0.0415,0.398922,-0.356334,0.69027,-0.629761,-0.889549,-0.456801,0.002554,-0.285476,0.560253,0.77759,-0.044105,-0.016909,0.064235,0.059098,0.245966,0.604721,-0.289001,-0.104694,0.069229,0.397184,0.426639,0.399656,0.811323,-0.795643,0.592297,0.126771,-0.430392,-0.700104,0.569633,-2.5e-05,0.000105,4.3e-05,0.0,0.0,0.0,0.531793,0.037179,0.052504,0.013986,-0.29144,-0.506559,0.811455,0.840838,-0.540139,-0.035195,0.456127,0.672046,0.583353,-9e-06,4.1e-05,1.7e-05,9e-06,5e-06,-4e-06,0.523875,0.094964,0.042706,-0.043381,-0.423546,0.677883,-0.600901,-0.847651,-0.530552,-0.001054,-0.319524,0.508909,0.799321,-0.022023,-0.00812,0.032313,0.172437,0.451009,0.695142,-0.416247
8859,0.114147,0.04133,0.400051,-0.358534,0.687497,-0.631543,-0.887012,-0.461715,0.00086,-0.290564,0.559638,0.776147,-0.043077,-0.005122,0.055749,0.188028,-0.084585,-0.134293,-0.289413,-0.104696,0.069237,0.397187,0.426659,0.399651,0.811315,-0.795634,0.592306,0.126787,-0.430388,-0.700099,0.569641,-0.000273,0.001151,0.000471,0.0,0.0,0.0,0.531909,0.037179,0.052505,0.013986,-0.29146,-0.506555,0.81145,0.840832,-0.54015,-0.03518,0.456126,0.67204,0.583361,-0.000182,0.000767,0.000313,-9e-06,-1e-05,2.6e-05,0.523712,0.094526,0.042624,-0.042815,-0.425269,0.676427,-0.601324,-0.844884,-0.534931,-0.004221,-0.324523,0.506254,0.798993,-0.021523,-0.002307,0.028029,0.178671,-0.105676,-0.144891,-0.416573
8860,0.112806,0.041559,0.401836,-0.36499,0.681454,-0.634388,-0.882625,-0.470039,0.002817,-0.295821,0.560106,0.773821,-0.029177,0.016632,0.037311,-0.193493,-0.302441,0.015216,-0.289047,-0.104701,0.069261,0.397197,0.426718,0.399638,0.811291,-0.795608,0.592331,0.126831,-0.430379,-0.700085,0.569665,-0.000322,0.001359,0.000555,0.0,0.0,0.0,0.531984,0.037176,0.052517,0.013991,-0.291522,-0.506544,0.811435,0.840814,-0.540182,-0.035136,0.45612,0.672023,0.583384,-0.000212,0.000889,0.000363,-3e-06,-1.9e-05,1.3e-05,0.523712,0.093867,0.042735,-0.041935,-0.431369,0.670423,-0.603699,-0.839693,-0.543051,-0.003075,-0.329901,0.505596,0.797205,-0.014572,0.008525,0.018779,-0.284128,-0.470361,-0.055851,-0.416737
8861,0.111839,0.042409,0.403188,-0.375088,0.672467,-0.638076,-0.876297,-0.481684,0.007396,-0.301919,0.561081,0.770753,-0.016008,0.027699,0.02778,-0.084945,-0.193729,0.126333,-0.288748,-0.104696,0.069312,0.397217,0.42688,0.399601,0.811224,-0.795535,0.592403,0.126953,-0.430353,-0.700045,0.569734,-0.000319,0.001347,0.00055,0.0,0.0,0.0,0.531989,0.037178,0.052544,0.014002,-0.291693,-0.506513,0.811392,0.840762,-0.54027,-0.035013,0.456106,0.671975,0.583451,-0.000201,0.000846,0.000347,-1e-05,-1.2e-05,2.3e-05,0.523548,0.093379,0.043158,-0.041254,-0.440809,0.659777,-0.608589,-0.832309,-0.554308,0.001922,-0.336078,0.507381,0.793483,-0.014079,0.010213,0.019466,-0.121394,-0.066385,-0.097295,-0.416573
8862,0.11141,0.042992,0.403754,-0.381874,0.664583,-0.642298,-0.871236,-0.490731,0.010149,-0.307983,0.56264,0.767208,-0.027115,0.031531,0.029895,-0.147955,-0.218507,-0.108881,-0.288132,-0.104696,0.069346,0.39723,0.42698,0.399579,0.811182,-0.79549,0.592447,0.127029,-0.430337,-0.700021,0.569776,-0.000451,0.001903,0.000777,0.0,0.0,0.0,0.531941,0.037178,0.052559,0.014008,-0.291799,-0.506495,0.811366,0.84073,-0.540324,-0.034937,0.456097,0.671946,0.583492,-0.000258,0.00109,0.000446,0.001764,-0.013203,0.02557,0.523712,0.093168,0.043447,-0.040972,-0.446818,0.651815,-0.612771,-0.826533,-0.562874,0.00395,-0.342339,0.508241,0.790249,-0.007872,0.014323,0.014072,-0.172457,-0.367054,0.045073,-0.416573
8863,0.110514,0.044436,0.404705,-0.39457,0.64403,-0.655428,-0.857798,-0.513834,0.011418,-0.328944,0.565926,0.75601,-0.01426,0.041164,0.019605,-0.111065,-0.448239,-0.265731,-0.288902,-0.104691,0.069397,0.397251,0.427141,0.399542,0.811115,-0.795417,0.592518,0.127152,-0.43031,-0.699981,0.569844,-0.000173,0.000732,0.000299,0.0,0.0,0.0,0.531605,0.03718,0.052588,0.014019,-0.291971,-0.506464,0.811324,0.840679,-0.540412,-0.034815,0.456082,0.671898,0.583558,-0.000119,0.000499,0.000203,8e-06,-4e-06,-4e-06,0.523548,0.092715,0.044167,-0.040492,-0.45785,0.631433,-0.625831,-0.811275,-0.584652,0.003633,-0.3636,0.509385,0.779949,-0.012991,0.021342,0.010403,0.013063,-0.710658,-0.502042,-0.416247
8864,0.109628,0.046106,0.405529,-0.406244,0.61102,-0.67946,-0.838509,-0.544743,0.011387,-0.362675,0.573597,0.734493,-0.025341,0.044044,0.02111,1.089311,-0.752783,-0.89702,-0.28977,-0.104684,0.069441,0.397267,0.427284,0.39951,0.811056,-0.795353,0.59258,0.12726,-0.430287,-0.699947,0.569904,-4.2e-05,0.000175,7.2e-05,0.0,0.0,0.0,0.531985,0.037183,0.052611,0.014028,-0.292121,-0.506437,0.811286,0.840633,-0.54049,-0.034707,0.456069,0.671856,0.583617,-1.1e-05,4.6e-05,1.9e-05,1e-06,-2e-06,4e-06,0.523548,0.092277,0.045004,-0.04008,-0.466561,0.597886,-0.651806,-0.790291,-0.612719,0.003657,-0.397188,0.516824,0.758375,-0.012803,0.021665,0.010421,4.090312,-1.119846,-3.590001,-0.41641
8865,0.108674,0.04783,0.40636,-0.419988,0.568561,-0.707386,-0.814455,-0.579943,0.017353,-0.399863,0.582712,0.707519,-0.02463,0.045735,0.021568,0.876558,-1.000495,-0.95893,-0.29077,-0.104705,0.06942,0.39727,0.427183,0.399538,0.811095,-0.795411,0.592517,0.127196,-0.430281,-0.699985,0.569862,0.000238,-0.001004,-0.00041,0.0,0.0,0.0,0.531681,0.037173,0.052601,0.01403,-0.292015,-0.506461,0.81131,0.840678,-0.540417,-0.03477,0.456056,0.671898,0.58358,0.000165,-0.000696,-0.000283,-4e-06,-7e-06,7e-06,0.523875,0.091799,0.045863,-0.039665,-0.477332,0.556216,-0.680277,-0.76324,-0.646072,0.007296,-0.43545,0.522698,0.732918,-0.012403,0.022635,0.010707,3.515954,-1.312827,-3.828302,-0.418533
8866,0.10814,0.048773,0.406836,-0.424695,0.546734,-0.721639,-0.801475,-0.59771,0.018764,-0.420551,0.585662,0.692939,-0.023886,0.048064,0.022416,0.062149,-1.087553,0.047939,-0.289893,-0.104719,0.069408,0.397266,0.429477,0.397016,0.811122,-0.791918,0.597188,0.127147,-0.434429,-0.69744,0.569835,6.7e-05,-0.000281,-0.000115,0.0,0.0,0.0,0.531814,0.037166,0.052593,0.014027,-0.294437,-0.504124,0.81189,0.837499,-0.545324,-0.034881,0.460327,0.669687,0.582767,3.5e-05,-0.000151,-6.2e-05,-0.000233,-0.001171,1.3e-05,0.523712,0.091541,0.046318,-0.03944,-0.48111,0.534961,-0.694513,-0.74853,-0.663054,0.007799,-0.456328,0.523616,0.719436,-0.011973,0.024063,0.011252,3.581998,-1.326344,-3.723921,-0.418369
8867,0.107208,0.050628,0.407831,-0.435205,0.498173,-0.749978,-0.767369,-0.640886,0.019517,-0.470393,0.583381,0.662135,-0.034146,0.053192,0.024785,3.98329,-0.880176,-3.40942,-0.290486,-0.104769,0.069364,0.39725,0.429243,0.39707,0.81122,-0.792023,0.597086,0.12697,-0.434467,-0.697497,0.569736,0.000402,-0.0017,-0.000694,-0.001768,0.013202,-0.025554,0.531394,0.037141,0.052574,0.01402,-0.294213,-0.504173,0.81194,0.83757,-0.545203,-0.035043,0.46034,0.669747,0.582687,9e-06,-4.3e-05,-1.8e-05,-8.3e-05,-1.5e-05,-5.5e-05,0.523548,0.09107,0.047258,-0.038932,-0.485367,0.487246,-0.725954,-0.714065,-0.700038,0.007566,-0.504509,0.522051,0.6877,-0.011738,0.02069,0.016456,-0.146459,-0.847905,0.188867,-0.41739
8868,0.106276,0.052347,0.408979,-0.443671,0.458007,-0.770345,-0.734736,-0.678039,0.019966,-0.512635,0.574286,0.638302,-0.023058,0.041645,0.032607,-0.107906,-0.659805,0.181493,-0.288747,-0.104824,0.069343,0.397245,0.429067,0.397111,0.811293,-0.792103,0.597009,0.126837,-0.434496,-0.69754,0.569662,7e-06,-2.8e-05,-1.1e-05,0.0,0.0,0.0,0.531468,0.037114,0.05256,0.014016,-0.294006,-0.504212,0.811991,0.837634,-0.545095,-0.03519,0.460356,0.669806,0.582607,-1e-06,7e-06,2e-06,-5.2e-05,-1e-06,-4.5e-05,0.523712,0.0906,0.048125,-0.038359,-0.493603,0.444892,-0.747279,-0.674247,-0.738483,0.005708,-0.549314,0.506668,0.664484,-0.011443,0.021224,0.016492,0.01506,-0.676502,-0.221645,-0.417553
8869,0.105775,0.053153,0.409634,-0.451636,0.434683,-0.779179,-0.711104,-0.70278,0.020048,-0.538323,0.562589,0.627479,-0.023134,0.04073,0.032041,4.083543,-1.030067,-3.272723,-0.286203,-0.104864,0.069334,0.397243,0.428955,0.397136,0.811339,-0.792153,0.59696,0.126752,-0.434514,-0.697567,0.569614,-0.010767,-0.002667,-0.000596,-0.002045,0.015205,-0.029245,0.531284,0.037098,0.052557,0.014016,-0.293911,-0.50423,0.812014,0.837664,-0.545046,-0.035258,0.460364,0.669833,0.58257,4.4e-05,-0.000187,-7.6e-05,-5.2e-05,-3e-06,-2.4e-05,0.523712,0.09035,0.048531,-0.03803,-0.497873,0.425343,-0.75578,-0.65302,-0.757329,0.003964,-0.570689,0.495514,0.654812,-0.011931,0.015465,0.020787,0.040894,-0.316218,0.391321,-0.416573
8870,0.1047,0.054534,0.411064,-0.459773,0.396969,-0.794399,-0.672717,-0.739618,0.019686,-0.579172,0.54296,0.608096,-0.024069,0.028886,0.040365,1.034336,-0.856655,-0.985701,-0.282325,-0.104918,0.069306,0.397234,0.431104,0.394636,0.81142,-0.788693,0.601555,0.126604,-0.438669,-0.69503,0.569532,0.000378,-0.001602,-0.000654,-0.001768,0.013202,-0.025554,0.531483,0.037066,0.052545,0.014012,-0.296179,-0.501912,0.812626,0.834502,-0.549861,-0.035465,0.464632,0.667635,0.581704,-0.005421,-0.001177,-0.000234,-0.002239,0.014567,-0.029307,0.523712,0.089805,0.049239,-0.037302,-0.504799,0.384823,-0.772715,-0.607735,-0.794137,0.001529,-0.613054,0.470378,0.63475,-0.012067,0.014367,0.020173,0.98774,-1.02249,-1.060678,-0.413144
8871,0.103585,0.055486,0.412754,-0.469678,0.355836,-0.807978,-0.62178,-0.782999,0.016541,-0.626183,0.509707,0.590018,-0.036939,0.016509,0.049185,0.179827,-0.653686,-0.065338,-0.268811,-0.10495,0.069299,0.397233,0.431149,0.394625,0.811402,-0.788673,0.601574,0.126638,-0.438662,-0.695019,0.56955,0.0,-0.0,-0.0,0.0,0.0,0.0,0.531714,0.037051,0.052538,0.01401,-0.296206,-0.501912,0.812616,0.834498,-0.549869,-0.035445,0.464623,0.667628,0.581719,-2e-06,1.1e-05,8e-06,-0.000102,4e-06,-4.3e-05,0.524038,0.089263,0.049714,-0.036474,-0.511558,0.342825,-0.787895,-0.553119,-0.833095,-0.003367,-0.657546,0.434077,0.615799,-0.012863,0.007368,0.023963,1.086702,-0.794419,-0.982978,-0.407756
8872,0.102541,0.055924,0.414576,-0.479179,0.298688,-0.825359,-0.543538,-0.839286,0.011769,-0.688607,0.453877,0.565546,-0.026573,0.010765,0.046166,4.38479,-1.003642,-3.038594,-0.248958,-0.104946,0.069317,0.39724,0.431211,0.39461,0.811376,-0.788645,0.601601,0.126685,-0.438652,-0.695004,0.569576,-0.000149,0.000632,0.000258,0.0,0.0,0.0,0.531257,0.037053,0.052546,0.014013,-0.29627,-0.5019,0.8126,0.834479,-0.5499,-0.035398,0.464615,0.667611,0.581744,-9.6e-05,0.000415,0.000172,-6.8e-05,-1e-05,-3.5e-05,0.524038,0.088736,0.049933,-0.035563,-0.51562,0.289103,-0.80657,-0.475285,-0.879756,-0.011498,-0.712909,0.377422,0.591026,-0.01398,-0.000686,0.027428,0.046318,-0.897345,-0.378568,-0.395509
8873,0.101974,0.056011,0.415571,-0.48492,0.258981,-0.83536,-0.492365,-0.870226,0.015961,-0.722222,0.418715,0.550545,-0.028033,-0.001949,0.054542,1.109688,-1.065978,-1.141638,-0.228258,-0.104939,0.069326,0.397243,0.431118,0.394632,0.811414,-0.788687,0.601561,0.126614,-0.438667,-0.695026,0.569537,-3.5e-05,0.000147,6e-05,0.0,0.0,0.0,0.531218,0.037056,0.052552,0.014016,-0.296171,-0.50192,0.812624,0.83451,-0.549849,-0.035468,0.464623,0.667639,0.581706,-2.1e-05,9.3e-05,3.8e-05,-4.8e-05,1.1e-05,-4.4e-05,0.524202,0.088468,0.049979,-0.035085,-0.51906,0.25029,-0.81727,-0.421972,-0.906557,-0.009634,-0.743314,0.339864,0.576173,-0.01373,0.003662,0.022418,1.119082,-0.882839,-0.988746,-0.384895
8874,0.100908,0.056037,0.417486,-0.468365,0.189363,-0.863031,-0.412783,-0.910493,0.024178,-0.780628,0.367328,0.505685,-0.028576,-0.004344,0.053593,4.285233,-1.671723,-3.181529,-0.22053,-0.104926,0.069338,0.397257,0.431187,0.394621,0.811383,-0.788668,0.601572,0.12668,-0.438633,-0.695023,0.569567,-3.9e-05,0.000165,6.7e-05,0.0,0.0,0.0,0.531412,0.037063,0.052558,0.014023,-0.296244,-0.501911,0.812603,0.834501,-0.549866,-0.035403,0.464592,0.667631,0.58174,-2e-05,8.6e-05,3.5e-05,-3.7e-05,-2e-06,-2.7e-05,0.524038,0.087909,0.049993,-0.034091,-0.497353,0.180125,-0.848642,-0.33523,-0.942129,-0.003503,-0.800162,0.282748,0.528955,-0.014457,-0.002411,0.026668,4.284016,-1.637038,-3.165812,-0.368076
8875,0.09982,0.055675,0.41945,-0.441581,0.129793,-0.88781,-0.342995,-0.938732,0.033302,-0.828549,0.319052,0.460151,-0.030879,-0.012943,0.050375,1.116802,-1.427027,-0.661964,-0.224265,-0.104927,0.069346,0.39726,0.431207,0.394616,0.811375,-0.788659,0.60158,0.126694,-0.43863,-0.695018,0.569575,-0.000231,0.000977,0.000399,0.0,0.0,0.0,0.531361,0.037063,0.05256,0.014023,-0.296264,-0.501907,0.812598,0.834495,-0.549877,-0.035388,0.46459,0.667625,0.581747,-0.000132,0.000547,0.000222,-1.6e-05,-8e-06,-5.7e-05,0.524038,0.087367,0.049819,-0.033106,-0.465594,0.122514,-0.876477,-0.262,-0.965058,0.004281,-0.845327,0.23163,0.481424,-0.015573,-0.006888,0.025057,1.09982,-1.533545,-0.711075,-0.366933
8876,0.099159,0.0554,0.420377,-0.43106,0.108425,-0.89581,-0.315324,-0.948252,0.036901,-0.844922,0.298236,0.44406,-0.043243,-0.015437,0.05015,4.675253,-1.150478,-2.446838,-0.22598,-0.104929,0.069354,0.397264,0.431227,0.394612,0.811367,-0.78865,0.601589,0.126709,-0.438626,-0.695013,0.569584,-0.000145,0.000612,0.00025,0.0,0.0,0.0,0.5314,0.037061,0.052565,0.014025,-0.296284,-0.501903,0.812593,0.834489,-0.549886,-0.035373,0.464588,0.66762,0.581756,-0.000112,0.000467,0.000188,-3.9e-05,-1.6e-05,-5e-06,0.524038,0.087054,0.049691,-0.03266,-0.453337,0.104564,-0.885184,-0.23867,-0.971071,0.007523,-0.85879,0.214677,0.465179,-0.015746,-0.004044,0.019492,-0.209939,-1.229641,-0.094978,-0.368076
8877,0.097822,0.054501,0.422121,-0.419816,0.079545,-0.904142,-0.26364,-0.963875,0.037556,-0.867975,0.254029,0.426749,-0.024618,-0.03219,0.042666,0.000372,-0.231348,0.321314,-0.219468,-0.104935,0.069378,0.397273,0.431285,0.394598,0.811343,-0.788623,0.601614,0.126754,-0.438617,-0.694999,0.569608,-9.5e-05,0.000403,0.000164,0.0,0.0,0.0,0.531708,0.037058,0.052578,0.014031,-0.296345,-0.501892,0.812577,0.834471,-0.549917,-0.035329,0.464582,0.667604,0.58178,-6.8e-05,0.000284,0.000116,-2.4e-05,-1e-06,-1e-06,0.523875,0.08638,0.049253,-0.031784,-0.439114,0.073634,-0.895408,-0.180247,-0.983592,0.007509,-0.880164,0.164692,0.445181,-0.017933,-0.015245,0.022023,0.328949,-0.044083,0.010683,-0.366933
8878,0.096653,0.053129,0.423786,-0.413918,0.076165,-0.907147,-0.244235,-0.969237,0.030004,-0.876446,0.233875,0.420918,-0.036698,-0.033096,0.04316,-0.125199,-0.047124,0.21007,-0.218317,-0.104939,0.069394,0.39728,0.431323,0.394588,0.811327,-0.788606,0.601631,0.126783,-0.43861,-0.69499,0.569625,-3e-06,1.3e-05,5e-06,0.0,0.0,0.0,0.531497,0.037056,0.052586,0.014034,-0.296386,-0.501884,0.812567,0.834459,-0.549937,-0.035299,0.464578,0.667592,0.581796,5e-06,-2.1e-05,-9e-06,-1.3e-05,-3e-06,-1e-05,0.524038,0.085807,0.048569,-0.030971,-0.43385,0.0715,-0.898143,-0.160482,-0.987037,-0.001056,-0.886577,0.143677,0.439701,-0.013038,-0.018444,0.020556,-0.12767,-0.051919,0.246037,-0.362361
8879,0.095595,0.052001,0.425241,-0.41969,0.089187,-0.9033,-0.238932,-0.970905,0.015092,-0.875155,0.222044,0.429915,-0.024478,-0.024192,0.032535,0.002006,0.496166,0.284259,-0.216419,-0.104941,0.069402,0.397283,0.431343,0.394584,0.811319,-0.788597,0.60164,0.126798,-0.438607,-0.694985,0.569633,-0.0,2e-06,1e-06,0.0,0.0,0.0,0.531269,0.037055,0.05259,0.014036,-0.296407,-0.50188,0.812562,0.834453,-0.549948,-0.035284,0.464576,0.667587,0.581804,2e-06,-1.6e-05,-7e-06,-1e-05,-6e-06,-8e-06,0.524038,0.085252,0.047971,-0.030214,-0.440121,0.084061,-0.893994,-0.155765,-0.987661,-0.016184,-0.884324,0.13213,0.447784,-0.012273,-0.012136,0.016277,0.012889,0.594694,0.31948,-0.362687
8880,0.095126,0.051489,0.42589,-0.424022,0.095946,-0.90058,-0.235873,-0.971741,0.00747,-0.873891,0.215464,0.435794,-0.024613,-0.02455,0.032445,0.001717,0.502412,0.285095,-0.212306,-0.104936,0.06942,0.39729,0.431404,0.394569,0.811293,-0.788569,0.601666,0.126844,-0.438597,-0.69497,0.569659,-0.000207,0.000875,0.000357,0.0,0.0,0.0,0.531262,0.037058,0.052597,0.014038,-0.296471,-0.501868,0.812546,0.834433,-0.54998,-0.035238,0.46457,0.667569,0.581829,-0.000135,0.000569,0.00023,-3e-06,1.4e-05,-1.4e-05,0.524038,0.085027,0.047724,-0.029902,-0.444748,0.090122,-0.891109,-0.152731,-0.987983,-0.023692,-0.882537,0.125563,0.453168,-0.012348,-0.01236,0.016211,0.047774,0.647695,0.55886,-0.361381
8881,0.094684,0.0505,0.427044,-0.434396,0.110686,-0.89392,-0.241284,-0.970435,-0.002969,-0.867285,0.214255,0.449375,-0.001992,-0.027777,0.029936,-0.017442,0.378346,0.302596,-0.199997,-0.104944,0.069451,0.397303,0.431482,0.39455,0.811261,-0.788533,0.601701,0.126904,-0.438584,-0.694951,0.569692,-0.000119,0.000506,0.000206,0.0,0.0,0.0,0.531259,0.037054,0.052614,0.014045,-0.296554,-0.501853,0.812526,0.834408,-0.550022,-0.035179,0.464562,0.667546,0.581861,-8.4e-05,0.000356,0.000145,-9e-06,-7e-06,1e-06,0.524038,0.084801,0.047233,-0.029333,-0.456297,0.103587,-0.883777,-0.158416,-0.986791,-0.033871,-0.875612,0.124549,0.46668,-0.000499,-0.008637,0.010219,0.069355,0.647711,0.44015,-0.354849
8882,0.094571,0.049732,0.427911,-0.438661,0.110228,-0.891892,-0.228329,-0.973536,-0.008078,-0.868639,0.199957,0.453332,-0.001472,-0.019023,0.019804,-0.02685,0.050189,-0.046407,-0.194045,-0.104953,0.069491,0.397319,0.431579,0.394527,0.811221,-0.788489,0.601743,0.126977,-0.438568,-0.694928,0.569733,-0.000133,0.000562,0.000229,0.0,0.0,0.0,0.531339,0.037049,0.052635,0.014054,-0.296656,-0.501833,0.812501,0.834376,-0.550075,-0.035105,0.464553,0.667518,0.581901,-9e-05,0.000386,0.000158,1e-06,1.3e-05,-1.3e-05,0.524038,0.08474,0.046844,-0.028887,-0.46137,0.103588,-0.881139,-0.145577,-0.988538,-0.039989,-0.875182,0.109823,0.471162,0.004777,-0.010815,0.009078,0.067754,-0.084391,0.100018,-0.348644
8883,0.094696,0.049276,0.428265,-0.43962,0.106068,-0.891925,-0.218399,-0.975809,-0.008457,-0.870703,0.190939,0.453262,0.008798,-0.024356,0.017137,-0.068708,0.019435,-0.003057,-0.195041,-0.104967,0.069513,0.397329,0.431615,0.394518,0.811206,-0.788473,0.601759,0.127005,-0.438562,-0.694919,0.569748,-0.000163,0.00069,0.000281,0.0,0.0,0.0,0.531142,0.037042,0.052646,0.014058,-0.296695,-0.501826,0.812491,0.834365,-0.550094,-0.035077,0.46455,0.667507,0.581916,-9.4e-05,0.000399,0.000164,-2e-06,-6e-06,-4e-06,0.524038,0.0848,0.046622,-0.028707,-0.461691,0.099118,-0.881486,-0.13543,-0.989963,-0.040382,-0.876641,0.100736,0.47048,0.004296,-0.012495,0.008453,-0.073697,0.023875,-0.032192,-0.347338
8884,0.095224,0.048486,0.428668,-0.451331,0.109531,-0.885635,-0.209104,-0.977773,-0.014424,-0.866973,0.178537,0.465307,0.009337,-0.015611,0.00695,1.539093,0.591517,-0.526779,-0.19771,-0.104976,0.069553,0.397345,0.431713,0.394495,0.811165,-0.788429,0.601801,0.127079,-0.438546,-0.694896,0.569789,-0.000352,0.001492,0.000607,0.0,0.0,0.0,0.531174,0.037038,0.052664,0.014066,-0.296798,-0.501806,0.812466,0.834333,-0.550146,-0.035003,0.46454,0.667479,0.581956,-0.000189,0.000799,0.000326,0.0,0.0,-4e-06,0.524038,0.085067,0.046215,-0.028499,-0.473119,0.101375,-0.875146,-0.126719,-0.990858,-0.046272,-0.871837,0.089005,0.48164,0.004616,-0.007927,0.00341,1.571722,0.676742,-0.492431,-0.347828
8885,0.095628,0.048186,0.42866,-0.47914,0.133518,-0.86755,-0.211716,-0.976744,-0.033455,-0.85125,0.167472,0.497347,0.010937,-0.003092,-0.001845,0.19049,1.026345,0.455533,-0.174568,-0.104964,0.069572,0.397352,0.431796,0.394475,0.81113,-0.788391,0.601838,0.127142,-0.438533,-0.694876,0.569824,-7.7e-05,0.000326,0.000133,0.0,0.0,0.0,0.531288,0.037044,0.052675,0.01407,-0.296886,-0.501789,0.812444,0.834306,-0.550191,-0.03494,0.464532,0.667454,0.58199,-4.2e-05,0.000176,7.1e-05,-8e-06,-7e-06,1.3e-05,0.523875,0.085262,0.046059,-0.028506,-0.502076,0.121739,-0.856211,-0.129208,-0.989489,-0.064922,-0.855116,0.078034,0.512529,0.005492,-0.001472,-0.0009,0.218961,1.056602,0.682908,-0.342113
8886,0.096192,0.048248,0.42863,-0.509363,0.153063,-0.846857,-0.216038,-0.975268,-0.046393,-0.832384,0.159125,0.530889,0.013068,0.004371,0.000951,0.123121,0.551131,0.500821,-0.123152,-0.10496,0.06959,0.397359,0.431857,0.394461,0.811105,-0.788363,0.601864,0.127189,-0.438523,-0.694861,0.56985,-4e-06,1.8e-05,7e-06,0.0,0.0,0.0,0.531125,0.037046,0.052685,0.014074,-0.29695,-0.501777,0.812428,0.834287,-0.550224,-0.034893,0.464527,0.667437,0.582015,3e-06,-1.8e-05,-7e-06,6e-06,4e-06,-4e-06,0.523875,0.085537,0.046079,-0.028524,-0.534642,0.138303,-0.833684,-0.133849,-0.987922,-0.078053,-0.834411,0.069857,0.546697,0.00642,0.001783,0.000316,0.133064,0.965707,0.366005,-0.31468
8887,0.09643,0.048397,0.428674,-0.521743,0.157454,-0.838473,-0.217556,-0.974864,-0.047755,-0.824273,0.157297,0.543929,0.014517,0.009489,0.002857,0.128563,0.683157,0.375754,-0.098408,-0.104968,0.069588,0.397358,0.431835,0.394466,0.811114,-0.788373,0.601854,0.127172,-0.438526,-0.694866,0.569841,-0.0,0.0,0.0,0.0,0.0,0.0,0.531148,0.037042,0.052683,0.014073,-0.296927,-0.501781,0.812434,0.834294,-0.550212,-0.03491,0.464529,0.667443,0.582006,3e-06,-1.7e-05,-8e-06,2e-06,-3e-06,-3e-06,0.524038,0.085664,0.046153,-0.028503,-0.546874,0.141414,-0.825184,-0.135516,-0.987585,-0.079434,-0.826173,0.068385,0.559249,0.007358,0.005096,0.001554,0.146218,0.74642,0.411973,-0.296391
8888,0.096943,0.048936,0.428955,-0.531554,0.154819,-0.832783,-0.212739,-0.976024,-0.045723,-0.819238,0.152662,0.552784,0.015952,0.007663,0.015591,-0.028968,-0.007261,0.071494,-0.073054,-0.104962,0.069565,0.397359,0.431782,0.394484,0.811134,-0.78841,0.601812,0.127144,-0.438513,-0.694893,0.569819,3.4e-05,-0.000143,-5.8e-05,0.0,0.0,0.0,0.531545,0.037045,0.052671,0.014073,-0.296871,-0.501797,0.812445,0.834324,-0.550166,-0.034938,0.464511,0.66747,0.581989,1.6e-05,-6.8e-05,-2.8e-05,1e-06,-2e-06,-9e-06,0.524038,0.085915,0.04642,-0.028368,-0.556838,0.138061,-0.819066,-0.130596,-0.988376,-0.077814,-0.820289,0.063637,0.568396,0.008423,0.008925,0.002954,-0.011338,-0.008426,-0.114369,-0.26504
8889,0.097589,0.049332,0.429526,-0.543911,0.154924,-0.824745,-0.214786,-0.975756,-0.041705,-0.810539,0.15426,0.565029,0.016769,0.010769,0.016666,-0.446314,0.567149,-0.631577,-0.070391,-0.104973,0.069537,0.397348,0.431679,0.394508,0.811177,-0.788456,0.601767,0.127066,-0.43853,-0.694918,0.569775,0.000133,-0.000565,-0.00023,0.0,0.0,0.0,0.531218,0.037039,0.052658,0.014068,-0.296762,-0.501817,0.812472,0.834357,-0.55011,-0.035016,0.464521,0.6675,0.581947,9.8e-05,-0.00042,-0.000171,2e-06,8e-06,-1.3e-05,0.523875,0.086237,0.046617,-0.028088,-0.567496,0.138915,-0.811573,-0.132573,-0.98822,-0.076449,-0.812633,0.064208,0.579227,0.008209,0.004778,0.008104,0.015612,0.234329,0.174351,-0.256222
8890,0.09786,0.049543,0.429894,-0.554122,0.161866,-0.816575,-0.216229,-0.975213,-0.046645,-0.8032,0.150512,0.576405,0.01647,0.002771,0.027109,0.03154,0.552787,0.276091,-0.063053,-0.104992,0.069508,0.397337,0.431554,0.394538,0.811229,-0.788513,0.601713,0.126971,-0.43855,-0.694948,0.569723,0.000191,-0.00081,-0.00033,0.0,0.0,0.0,0.531656,0.03703,0.052643,0.014063,-0.29663,-0.501842,0.812504,0.834397,-0.550042,-0.035111,0.464532,0.667537,0.581895,-0.005275,-0.001779,-0.000479,-0.002042,0.015222,-0.029256,0.523875,0.086373,0.046725,-0.027908,-0.578515,0.142073,-0.803203,-0.13403,-0.987886,-0.078205,-0.804584,0.06241,0.590549,0.008574,0.006134,0.00858,0.124157,0.977076,0.258336,-0.253446
