frame,MLTx,MLTy,MLTz,MLTR1,MLTR2,MLTR3,MLTR4,MLTR5,MLTR6,MLTR7,MLTR8,MLTR9,MLTTVx,MLTTVy,MLTTVz,MLTRVx,MLTRVy,MLTRVz,MLGA,MRTx,MRTy,MRTz,MRTR1,MRTR2,MRTR3,MRTR4,MRTR5,MRTR6,MRTR7,MRTR8,MRTR9,MRTTVx,MRTTVy,MRTTVz,MRTRVx,MRTRVy,MRTRVz,MRGA,SLTx,SLTy,SLTz,SLTR1,SLTR2,SLTR3,SLTR4,SLTR5,SLTR6,SLTR7,SLTR8,SLTR9,SLTTVx,SLTTVy,SLTTVz,SLTRVx,SLTRVy,SLTRVz,SLGA,SRTx,SRTy,SRTz,SRTR1,SRTR2,SRTR3,SRTR4,SRTR5,SRTR6,SRTR7,SRTR8,SRTR9,SRTTVx,SRTTVy,SRTTVz,SRTRVx,SRTRVy,SRTRVz,SRGA
516,-0.001881,0.020635,0.374393,0.294677,-0.015595,-0.955493,0.766847,0.600459,0.226642,0.569841,-0.799483,0.190091,-0.030322,-0.010768,0.023459,1.522138,-0.298965,-0.400881,-0.864965,-0.217084,0.013913,0.343983,0.443799,-0.492053,0.748945,0.283504,0.869846,0.403643,-0.85062,0.033799,0.524564,0.001281,0.009175,0.007095,0.001584,-0.014978,0.024568,-1.405301,0.02127,0.054246,-0.021883,-0.500679,0.374487,0.780435,-0.075156,-0.916979,0.39179,0.862363,0.137507,0.487257,0.000644,0.004658,0.003605,0.00188,-0.014805,0.024845,-0.894114,0.013942,0.062719,-0.039262,-0.16803,-0.003412,-0.985775,-0.749741,-0.648826,0.130043,-0.640041,0.760928,0.106465,-0.009913,-0.013374,0.014697,5.193626,-1.168463,-1.120423,-0.978196
517,-0.003026,0.01966,0.375616,0.29492,0.014067,-0.955442,0.701321,0.675925,0.226376,0.648633,-0.73685,0.19067,-0.022601,-0.037689,0.037655,5.302428,-1.265731,-0.987543,-0.645423,-0.217165,0.014259,0.344269,0.446691,-0.489293,0.749034,0.278255,0.871579,0.403558,-0.850843,0.02876,0.524502,0.001172,0.008385,0.006463,0.001584,-0.014977,0.024568,-1.405209,0.021226,0.054426,-0.021733,-0.50292,0.371179,0.780575,-0.069669,-0.917565,0.391433,0.86152,0.142477,0.487321,0.000563,0.004071,0.00314,0.001867,-0.014821,0.024862,-0.895584,0.013367,0.062242,-0.038655,-0.16667,-0.031963,-0.985493,-0.682887,-0.717225,0.138754,-0.711256,0.696107,0.097713,-0.016884,-0.011414,0.015484,0.392682,-0.009021,-0.189882,-0.810333
518,-0.004015,0.018672,0.376647,0.29314,0.038919,-0.955301,0.654838,0.719834,0.230212,0.69626,-0.693098,0.186718,-0.020004,-0.019676,0.017295,-0.096789,-0.183201,0.008812,-0.571464,-0.217262,0.014541,0.344531,0.4466,-0.488901,0.749344,0.277965,0.871798,0.403284,-0.850985,0.028787,0.524269,0.00092,0.006571,0.00505,0.001583,-0.014975,0.024569,-1.405271,0.021177,0.054567,-0.021602,-0.502729,0.370817,0.78087,-0.069366,-0.917712,0.391142,0.861656,0.142473,0.487082,-0.006134,0.003918,0.003374,-0.011144,0.103683,-0.174096,-0.896563,0.012881,0.061755,-0.03814,-0.163141,-0.05811,-0.984889,-0.630026,-0.762081,0.149323,-0.759244,0.644867,0.087716,-0.009707,-0.009341,0.009083,0.289744,-0.316698,-0.279581,-0.700602
519,-0.004362,0.018264,0.377009,0.290697,0.050401,-0.95551,0.639562,0.732509,0.233158,0.711317,-0.678947,0.181895,-0.019652,-0.019095,0.017803,-0.31056,-0.56018,-0.143065,-0.569231,-0.217315,0.014646,0.344641,0.446608,-0.488909,0.749334,0.277924,0.871795,0.403318,-0.850995,0.028735,0.524257,0.000808,0.005765,0.004426,0.0,-0.0,-0.0,-1.405474,0.021151,0.054623,-0.021545,-0.502745,0.37084,0.780848,-0.069339,-0.917694,0.391188,0.861648,0.142525,0.48708,-0.006155,0.003735,0.003231,-0.000283,0.000317,-0.004549,-0.89738,0.012698,0.061537,-0.037951,-0.160868,-0.067704,-0.98465,-0.613901,-0.774306,0.153537,-0.772816,0.629178,0.082998,-0.010134,-0.009989,0.008514,-0.043605,0.063494,-0.087056,-0.681171
520,-0.005092,0.017682,0.377482,0.286722,0.066612,-0.955719,0.611172,0.75549,0.235957,0.737405,-0.651842,0.177096,-0.018195,-0.009835,0.007812,-0.049651,-0.083177,0.08685,-0.570015,-0.217423,0.014835,0.344857,0.449465,-0.486114,0.749444,0.272563,0.873507,0.403274,-0.851228,0.023612,0.524135,-0.012443,0.006401,0.005628,-0.000462,0.000234,-0.004673,-1.40566,0.021102,0.054715,-0.021439,-0.504946,0.367508,0.781003,-0.063745,-0.918235,0.390871,0.860793,0.147584,0.487086,0.00042,-0.003121,0.005973,-0.0359,0.014345,-0.016118,-0.896237,0.012339,0.061246,-0.037714,-0.154655,-0.086043,-0.984214,-0.585471,-0.794453,0.161452,-0.795804,0.601199,0.07249,-0.002887,-0.007889,0.002132,-0.044495,0.022618,-0.043884,-0.6717
521,-0.005601,0.017515,0.377454,0.28179,0.081454,-0.956036,0.585381,0.774865,0.238503,0.759883,-0.626952,0.17186,-0.016916,-0.000879,-0.002458,-0.079341,-0.129289,-0.13254,-0.566842,-0.217529,0.015002,0.344992,0.449427,-0.485899,0.749606,0.272439,0.873625,0.4031,-0.851287,0.023657,0.524036,0.000538,0.003827,0.002928,0.001582,-0.014971,0.024572,-1.405398,0.021044,0.054801,-0.021369,-0.504845,0.36729,0.781171,-0.063603,-0.918329,0.390674,0.860863,0.147545,0.486974,0.000186,0.001342,0.001026,0.000149,7.5e-05,8.5e-05,-0.89738,0.012078,0.061157,-0.03772,-0.149003,-0.099873,-0.983779,-0.558926,-0.812204,0.167109,-0.81572,0.57476,0.0652,-0.002013,-0.003076,-0.002707,-0.096949,-0.288621,0.049519,-0.66974
522,-0.005759,0.017467,0.377094,0.278981,0.098765,-0.955228,0.547495,0.80084,0.242646,0.78861,-0.590795,0.170537,-0.00362,-0.005543,-0.004893,0.003985,-0.009012,-0.030055,-0.501708,-0.217643,0.015051,0.345036,0.452182,-0.482756,0.74998,0.266989,0.875481,0.402719,-0.851558,0.018729,0.523794,-0.013213,0.000856,0.001377,-0.002045,0.015205,-0.029245,-1.405515,0.020993,0.054829,-0.021345,-0.506878,0.363663,0.781551,-0.057925,-0.918973,0.390039,0.860068,0.152431,0.486873,-2.1e-05,-0.000124,-9.2e-05,0.000127,7.8e-05,0.000263,-0.897706,0.011993,0.061131,-0.037896,-0.145013,-0.117416,-0.982437,-0.52052,-0.835371,0.176671,-0.841445,0.536998,0.060022,-0.00205,-0.003136,-0.002771,0.127357,0.113467,-0.279836,-0.645573
523,-0.005754,0.017395,0.376903,0.280098,0.110502,-0.953614,0.527542,0.812197,0.24901,0.801697,-0.572953,0.17039,0.01078,-0.001595,-0.017876,-0.073437,1.229198,-2.442668,-0.472084,-0.217683,0.015055,0.345029,0.453167,-0.484781,0.748076,0.26755,0.874389,0.404714,-0.85086,0.017342,0.524977,-0.000163,0.011094,-0.008228,0.036098,-0.01427,0.016272,-1.4055,0.020967,0.054825,-0.021347,-0.508358,0.365469,0.779746,-0.058579,-0.918053,0.392103,0.85915,0.153652,0.488108,-1.6e-05,-0.000105,-7.8e-05,0.000968,0.002846,-0.003387,-0.898033,0.011991,0.061098,-0.037989,-0.143128,-0.127718,-0.981428,-0.501128,-0.84577,0.183147,-0.853454,0.518035,0.05705,-0.001785,-0.002731,-0.00242,0.047489,-0.078342,0.191601,-0.621896
524,-0.005725,0.017134,0.376653,0.282809,0.132915,-0.949946,0.491918,0.830097,0.26254,0.823098,-0.541706,0.170561,-0.003378,-0.005174,-0.004586,-0.014327,-0.03427,-0.02456,-0.414265,-0.217733,0.015075,0.345022,0.456055,-0.482127,0.748037,0.262433,0.875938,0.404717,-0.850914,0.012331,0.52503,3e-06,1.9e-05,1.5e-05,-0.0,-0.0,-0.0,-1.405526,0.020942,0.054837,-0.021354,-0.510613,0.362252,0.779773,-0.053273,-0.9185,0.391814,0.858157,0.158524,0.488296,-4e-06,-1.5e-05,-1e-05,0.000208,0.000135,7.3e-05,-0.896563,0.012008,0.060965,-0.038123,-0.147328,-0.151886,-0.977355,-0.466136,-0.86086,0.204047,-0.872359,0.485643,0.056029,-0.001988,-0.003036,-0.002698,-0.004474,0.008771,-0.033501,-0.578461
525,-0.005748,0.016839,0.376449,0.291039,0.156061,-0.94392,0.447921,0.849569,0.278514,0.845036,-0.504051,0.178533,-0.003894,-0.005963,-0.005298,1.569627,-0.537983,-0.146294,-0.353946,-0.21777,0.015098,0.345042,0.456053,-0.482098,0.748057,0.262416,0.875953,0.404694,-0.85092,0.012334,0.52502,0.000147,0.001038,0.000793,0.0,0.0,0.0,-1.405823,0.020923,0.054847,-0.021346,-0.510601,0.362228,0.779792,-0.053262,-0.918511,0.39179,0.858165,0.158515,0.488285,8e-05,0.000572,0.000439,0.000134,7.6e-05,6.8e-05,-0.89591,0.011998,0.060819,-0.038223,-0.155386,-0.174833,-0.972259,-0.424902,-0.876688,0.225555,-0.891803,0.448163,0.061938,-0.001832,-0.002908,-0.002529,5.217857,-1.627177,-0.825632,-0.533066
526,-0.005909,0.016464,0.376404,0.287832,0.173606,-0.941838,0.412011,0.865326,0.28536,0.864185,-0.470395,0.178716,-0.018285,-0.009844,0.007729,-0.061782,-0.104557,0.068866,-0.320121,-0.217768,0.015112,0.345053,0.45603,-0.482018,0.748122,0.26237,0.875997,0.40463,-0.850947,0.012356,0.524976,0.000105,0.000743,0.000568,0.0,0.0,0.0,-1.405318,0.020924,0.054854,-0.02134,-0.510557,0.362156,0.779854,-0.053215,-0.918542,0.391722,0.858195,0.158496,0.48824,6.8e-05,0.000478,0.000366,8.3e-05,5.8e-05,5.5e-05,-0.89738,0.011916,0.060629,-0.038248,-0.150685,-0.192705,-0.969617,-0.387692,-0.890726,0.237276,-0.909388,0.411668,0.059509,-0.009116,-0.004872,0.003906,-0.060029,-0.086194,0.090779,-0.497632
527,-0.006053,0.016194,0.376486,0.281989,0.179687,-0.942465,0.398163,0.871806,0.285292,0.872566,-0.455923,0.175471,-0.005504,-0.015378,0.004538,0.42034,-0.238336,0.02993,-0.304283,-0.217767,0.015119,0.345058,0.456035,-0.482035,0.748109,0.262379,0.875988,0.404643,-0.850941,0.012351,0.524985,8.9e-05,0.000627,0.000479,0.0,0.0,0.0,-1.405682,0.020925,0.054858,-0.021338,-0.510565,0.362172,0.779842,-0.053228,-0.918536,0.391736,0.858189,0.158497,0.48825,5.6e-05,0.0004,0.000305,7.6e-05,3.3e-05,4.5e-05,-0.89787,0.011846,0.060499,-0.038209,-0.144437,-0.198408,-0.969418,-0.374076,-0.896038,0.239125,-0.91608,0.397175,0.055201,-0.010021,-0.009736,0.008699,1.494086,-0.435131,-0.371719,-0.484569
528,-0.006318,0.015389,0.376916,0.258845,0.193379,-0.946387,0.380731,0.880011,0.283894,0.887415,-0.43404,0.155342,-0.006512,-0.023883,0.01521,4.879906,-2.224998,-1.00746,-0.277041,-0.217777,0.015112,0.345065,0.456025,-0.482004,0.748134,0.26234,0.876005,0.404633,-0.850959,0.012337,0.524957,0.0,0.0,0.0,0.0,0.0,0.0,-1.405741,0.02092,0.054855,-0.021333,-0.510546,0.362146,0.779866,-0.053188,-0.918543,0.391723,0.858202,0.158513,0.488221,-3e-06,-1.1e-05,-9e-06,5.9e-05,8e-06,3.1e-05,-0.898359,0.011715,0.060107,-0.038005,-0.122926,-0.207095,-0.970566,-0.359888,-0.90211,0.238069,-0.924861,0.378561,0.036362,-0.003282,-0.011969,0.007582,-0.184451,-0.294343,0.018011,-0.461055
529,-0.006524,0.014427,0.377663,0.234055,0.211686,-0.948922,0.364712,0.885618,0.287466,0.90095,-0.413625,0.131263,-0.006036,-0.030132,0.027927,0.162829,-0.627067,-0.153207,-0.2501,-0.217804,0.015119,0.345085,0.456016,-0.481968,0.748163,0.262296,0.876025,0.404617,-0.850977,0.012322,0.524929,4.1e-05,0.000291,0.000222,0.0,0.0,0.0,-1.405898,0.020906,0.054858,-0.021324,-0.510529,0.362113,0.779893,-0.053144,-0.918554,0.391705,0.858216,0.15853,0.488192,2.4e-05,0.000177,0.000133,3.7e-05,2.2e-05,1.4e-05,-0.898686,0.011607,0.059616,-0.037634,-0.094155,-0.227023,-0.969327,-0.340108,-0.907738,0.245634,-0.93566,0.352803,0.008256,-0.001935,-0.009914,0.009433,1.258892,-1.104164,-0.366612,-0.440643
530,-0.006614,0.013943,0.378189,0.21895,0.223019,-0.949931,0.355035,0.888591,0.290394,0.908597,-0.401113,0.116563,-0.004652,-0.028023,0.029827,-0.324657,-0.633974,0.061609,-0.229805,-0.217831,0.015142,0.345104,0.456019,-0.481959,0.748167,0.26229,0.87603,0.40461,-0.850978,0.012321,0.524928,-0.013084,0.001752,0.002061,-0.002045,0.015205,-0.029245,-1.405278,0.020897,0.054868,-0.021315,-0.510537,0.362122,0.779883,-0.053151,-0.91855,0.391714,0.85821,0.158533,0.488201,8.3e-05,0.00059,0.000449,3e-05,1.1e-05,1.6e-05,-0.898686,0.011562,0.059373,-0.037372,-0.078414,-0.23746,-0.968227,-0.330206,-0.910207,0.249973,-0.940645,0.339316,-0.007038,-0.002071,-0.0136,0.015282,-0.382622,-0.683719,-0.178928,-0.428397
531,-0.00677,0.012851,0.37941,0.178832,0.248205,-0.952081,0.327557,0.89744,0.29543,0.927547,-0.364998,0.080377,-0.004077,-0.027155,0.030632,-0.392636,-0.795166,-0.012826,-0.18979,-0.217876,0.015171,0.345142,0.455984,-0.48182,0.748278,0.262187,0.876107,0.404512,-0.851028,0.012332,0.524846,5.9e-05,0.000415,0.000317,0.0,0.0,0.0,-1.405588,0.020871,0.054885,-0.021295,-0.51046,0.361974,0.780003,-0.053028,-0.918608,0.391593,0.858264,0.158531,0.488108,3.2e-05,0.000226,0.000174,2.1e-05,1.1e-05,7e-06,-0.899666,0.011484,0.05882,-0.036747,-0.036453,-0.259893,-0.964949,-0.303256,-0.917181,0.258484,-0.952211,0.302049,-0.045381,-0.001988,-0.013469,0.015411,-0.405438,-0.819371,-0.021293,-0.396065
532,-0.006889,0.011737,0.380725,0.148614,0.257521,-0.954799,0.336032,0.8949,0.293614,0.929883,-0.364794,0.04765,-0.002831,-0.025263,0.032348,-0.267535,-0.549816,0.138546,-0.167561,-0.21794,0.015193,0.345188,0.456001,-0.481857,0.748244,0.262163,0.876087,0.40457,-0.851026,0.012272,0.52485,0.000111,0.000781,0.000596,0.0,0.0,0.0,-1.405317,0.020838,0.054895,-0.021272,-0.510485,0.362008,0.779971,-0.053006,-0.918586,0.391651,0.858251,0.158589,0.488113,0.000143,-0.005092,0.004462,-0.036088,0.014295,-0.016243,-0.899666,0.011426,0.058272,-0.036102,-0.005591,-0.267545,-0.963528,-0.311847,-0.915026,0.255887,-0.950115,0.301904,-0.078317,-0.001571,-0.012837,0.01599,-0.292954,-0.680182,0.263471,-0.373694
533,-0.006928,0.011216,0.381375,0.133317,0.260994,-0.956114,0.342777,0.893026,0.291513,0.929759,-0.366917,0.030785,-0.002709,-0.02508,0.032522,-0.407991,-1.003705,0.145635,-0.162926,-0.217988,0.015195,0.345204,0.45598,-0.481766,0.748316,0.262087,0.876138,0.40451,-0.851061,0.012269,0.524794,-0.013171,0.001116,0.001573,-0.002045,0.015205,-0.029245,-1.405477,0.020819,0.054897,-0.021264,-0.510451,0.36194,0.780025,-0.052937,-0.91861,0.391603,0.858275,0.158602,0.488065,2e-05,0.000149,0.000115,1.6e-05,-1.3e-05,1e-05,-0.899666,0.011407,0.058013,-0.035776,0.008055,-0.268483,-0.96325,-0.317609,-0.914088,0.252124,-0.948187,0.303907,-0.092636,-0.001525,-0.012769,0.016059,-0.215289,-0.386019,0.181724,-0.366346
534,-0.006891,0.010211,0.382543,0.107149,0.26325,-0.958783,0.347777,0.893473,0.284129,0.931316,-0.364209,0.005378,0.009653,-0.031455,0.02862,-0.346718,-0.89897,0.202636,-0.153129,-0.218095,0.015207,0.345232,0.456917,-0.48356,0.746585,0.262483,0.875166,0.406353,-0.850437,0.010892,0.525835,-0.013204,0.000882,0.001393,-0.002045,0.015205,-0.029245,-1.405605,0.020766,0.054903,-0.02125,-0.511826,0.363528,0.778383,-0.053441,-0.917774,0.393488,0.857424,0.1598,0.489169,-0.0,2e-06,4e-06,5.8e-05,0.000162,-0.000197,-0.899666,0.011423,0.057515,-0.035188,0.034387,-0.269017,-0.96252,-0.321705,-0.91481,0.244188,-0.946214,0.301251,-0.118002,-0.001443,-0.012651,0.016174,-0.148975,-0.259,0.275723,-0.358182
535,-0.006682,0.009328,0.38351,0.072665,0.267468,-0.960846,0.325558,0.904243,0.276277,0.94265,-0.333214,-0.020172,0.012227,-0.02055,0.020039,-0.208625,-0.584608,0.18743,-0.143189,-0.218237,0.015195,0.345231,0.456848,-0.483241,0.746834,0.262296,0.875341,0.406096,-0.850532,0.010963,0.52568,-3.6e-05,-0.000254,-0.000194,0.0,0.0,0.0,-1.405056,0.02069,0.054897,-0.021251,-0.51167,0.363207,0.778635,-0.053221,-0.91791,0.3932,0.857531,0.159749,0.488998,-1.9e-05,-0.00013,-9.8e-05,1e-06,1.4e-05,1e-06,-0.899503,0.011525,0.057067,-0.034704,0.070533,-0.27212,-0.959674,-0.298569,-0.923723,0.239982,-0.951777,0.269603,-0.1464,-0.000505,-0.007727,0.011416,-0.245855,-0.667853,0.082867,-0.350834
536,-0.006279,0.008415,0.384579,0.036491,0.276161,-0.960442,0.316016,0.908554,0.273193,0.94802,-0.313823,-0.05292,0.012641,-0.02691,0.032665,-0.27569,-0.673552,0.124026,-0.133224,-0.2184,0.015186,0.34522,0.456772,-0.482877,0.747115,0.262106,0.87554,0.405788,-0.850631,0.011066,0.525517,-8e-05,-0.000556,-0.000425,0.0,0.0,0.0,-1.40532,0.020608,0.054892,-0.021256,-0.511506,0.362863,0.778903,-0.053009,-0.918059,0.39288,0.857642,0.159672,0.488828,-0.006655,7.9e-05,0.000422,-0.002041,0.015209,-0.029247,-0.899829,0.011723,0.05661,-0.034177,0.107027,-0.278488,-0.954457,-0.288406,-0.927393,0.238251,-0.951507,0.249772,-0.179574,0.006416,-0.01328,0.016483,-0.318564,-0.795557,0.067831,-0.341363
537,-0.006,0.00796,0.385182,0.020325,0.282449,-0.95909,0.322515,0.906135,0.273633,0.946334,-0.315229,-0.071481,0.015305,-0.015808,0.02422,-0.252321,-0.735373,0.120829,-0.132101,-0.21848,0.015184,0.345223,0.456736,-0.482706,0.747248,0.262006,0.875634,0.405651,-0.850681,0.011103,0.525435,-0.013246,0.000605,0.001179,-0.002045,0.015205,-0.029245,-1.405439,0.020568,0.05489,-0.021255,-0.511428,0.362702,0.77903,-0.052898,-0.918128,0.392736,0.857695,0.159647,0.488743,-0.006621,0.000316,0.000601,-0.002046,0.015203,-0.029238,-0.899829,0.011862,0.056378,-0.033872,0.123421,-0.283838,-0.950895,-0.295158,-0.925355,0.237904,-0.947442,0.251302,-0.197986,0.006927,-0.012492,0.017172,-0.333289,-0.734458,-0.122247,-0.338914
538,-0.005499,0.007211,0.386315,-0.021961,0.298134,-0.954295,0.320439,0.906247,0.275693,0.947054,-0.300105,-0.114247,0.00181,-0.011162,0.026605,4.978007,-2.401536,0.653325,-0.111015,-0.218587,0.015127,0.345197,0.456653,-0.482372,0.747514,0.261788,0.875817,0.405395,-0.850793,0.011161,0.525253,-0.000319,-0.002218,-0.001695,-0.001577,0.014968,-0.024574,-1.405042,0.020515,0.054866,-0.021265,-0.511273,0.362403,0.779271,-0.05267,-0.91825,0.39248,0.857802,0.15962,0.488564,-7.2e-05,-0.000496,-0.000377,-3e-06,-7e-06,7e-06,-0.900319,0.012122,0.056008,-0.033301,0.163818,-0.296801,-0.940783,-0.298728,-0.923815,0.239431,-0.940172,0.241815,-0.24,0.006471,-0.013198,0.016541,-0.381806,-1.03758,-0.036241,-0.332872
539,-0.005132,0.00665,0.387066,-0.060465,0.322295,-0.94473,0.290705,0.911101,0.292161,0.954988,-0.257368,-0.147605,0.000416,-0.00634,0.012633,-0.199055,-0.966059,-0.071055,-0.014843,-0.218616,0.015065,0.345151,0.456602,-0.482187,0.747664,0.261681,0.875919,0.405245,-0.850853,0.011208,0.525155,-0.000277,-0.001922,-0.001469,0.0,0.0,0.0,-1.404886,0.020501,0.054833,-0.021289,-0.511169,0.362215,0.779426,-0.05254,-0.918331,0.392309,0.857872,0.159585,0.488453,-0.000159,-0.001104,-0.000843,-0.001575,0.014954,-0.024568,-0.901135,0.01231,0.055731,-0.032915,0.202977,-0.317598,-0.926245,-0.265403,-0.928371,0.260166,-0.942528,0.193021,-0.27273,0.006705,-0.005849,0.004795,-0.04964,-0.800313,-0.618724,-0.284864
540,-0.004916,0.006383,0.387231,-0.06256,0.340634,-0.938136,0.283292,0.907359,0.310511,0.957081,-0.246759,-0.152094,0.013369,-0.00482,-0.002573,0.075456,-0.551546,-0.461304,0.013128,-0.218631,0.01504,0.34512,0.45658,-0.482097,0.747736,0.261651,0.875968,0.405158,-0.850874,0.011253,0.52512,-0.000301,-0.002091,-0.001599,0.0,0.0,0.0,-1.404799,0.020493,0.054821,-0.021305,-0.511125,0.36213,0.779494,-0.052505,-0.918371,0.39222,0.8579,0.159547,0.488416,-0.000174,-0.001211,-0.000925,-0.001583,0.014964,-0.024561,-0.901462,0.012413,0.055599,-0.032826,0.206006,-0.335678,-0.919174,-0.261063,-0.92413,0.278978,-0.943083,0.182491,-0.278009,0.005709,-0.007481,0.003395,0.494721,-0.063977,-2.332154,-0.25139
541,-0.004582,0.006211,0.387124,-0.063408,0.360046,-0.930802,0.277667,0.9022,0.330011,0.958674,-0.237971,-0.15602,0.001067,0.008659,-0.010604,-0.008578,-0.40005,0.276894,0.039711,-0.218631,0.014969,0.345066,0.456537,-0.481954,0.747854,0.261568,0.876046,0.405042,-0.850922,0.011292,0.52504,-0.000359,-0.002489,-0.001905,-0.001577,0.014969,-0.024574,-1.404949,0.020493,0.054786,-0.021331,-0.511056,0.362013,0.779594,-0.052424,-0.918421,0.392113,0.857946,0.159522,0.488343,-9.1e-05,-0.000637,-0.000487,-9e-06,1.7e-05,-1e-06,-0.901952,0.012582,0.055504,-0.03288,0.207111,-0.355691,-0.911366,-0.258629,-0.918329,0.299634,-0.943512,0.173648,-0.282188,-0.000517,-0.000799,-0.000708,-0.069777,-0.347153,0.078894,-0.204852
542,-0.004623,0.006505,0.386494,-0.070407,0.361921,-0.929571,0.276576,0.902415,0.330343,0.95851,-0.234283,-0.162476,-0.000572,0.013089,-0.024916,0.054469,-0.068238,-0.014833,0.112062,-0.218611,0.014898,0.345009,0.456502,-0.481849,0.747943,0.261508,0.876104,0.404958,-0.85096,0.011323,0.524979,0.012945,-0.002778,-0.002843,0.002045,-0.015205,0.029245,-1.404779,0.020498,0.054749,-0.02136,-0.510978,0.361883,0.779706,-0.052334,-0.918477,0.391994,0.857998,0.159495,0.48826,-0.000156,-0.001088,-0.000833,-0.001575,0.014971,-0.024583,-0.902115,0.012565,0.055651,-0.033181,0.214588,-0.356908,-0.909158,-0.257739,-0.91854,0.299757,-0.942083,0.170001,-0.289097,-0.000264,0.006568,-0.012436,0.069885,-0.13191,0.205623,-0.137086
543,-0.004732,0.006743,0.385637,-0.081697,0.371129,-0.925005,0.278746,0.899562,0.336245,0.956998,-0.230827,-0.175789,-0.002094,0.010719,-0.027016,-0.05255,-0.459846,-0.194051,0.160212,-0.218605,0.014861,0.344993,0.456481,-0.481793,0.747993,0.261453,0.876135,0.404926,-0.850988,0.011318,0.524934,-1.1e-05,-7.7e-05,-5.9e-05,0.0,0.0,0.0,-1.404977,0.020505,0.054727,-0.021371,-0.510952,0.36185,0.779738,-0.052287,-0.918488,0.391975,0.858017,0.15951,0.488224,4e-06,2.2e-05,1.6e-05,-3e-06,7e-06,1e-06,-0.901952,0.012509,0.055769,-0.033611,0.224498,-0.364406,-0.903774,-0.260225,-0.916186,0.30477,-0.939085,0.166765,-0.30051,-0.001258,0.005009,-0.013813,-0.132824,-0.796037,-0.342575,-0.036009
544,-0.004767,0.006798,0.385252,-0.088364,0.376482,-0.922225,0.280407,0.897791,0.339582,0.955927,-0.229054,-0.183751,-0.003607,0.001369,-0.017036,-0.1055,-0.511114,-0.241992,0.158191,-0.218604,0.014868,0.344998,0.456486,-0.481809,0.74798,0.261462,0.876126,0.404939,-0.850983,0.011314,0.524942,3.9e-05,0.000272,0.000208,0.0,0.0,0.0,-1.404694,0.020506,0.054731,-0.021368,-0.51096,0.361865,0.779726,-0.052298,-0.918482,0.391989,0.858011,0.159513,0.488233,3.1e-05,0.000217,0.000165,1e-05,-2e-06,-1.6e-05,-0.902442,0.012488,0.055798,-0.033822,0.231722,-0.369742,-0.899774,-0.262599,-0.914387,0.308119,-0.936667,0.164882,-0.308977,-0.001823,0.000633,-0.008561,-0.123286,-0.595638,-0.278319,-0.017558
545,-0.004908,0.006918,0.384762,-0.105883,0.39016,-0.914663,0.28585,0.892937,0.347744,0.95255,-0.225116,-0.204934,-0.000433,0.006321,-0.012671,-0.14427,-0.652284,-0.307595,0.151866,-0.218591,0.014889,0.345013,0.456504,-0.481877,0.747924,0.261502,0.876089,0.404994,-0.850961,0.011296,0.524978,2.2e-05,0.000152,0.000117,0.0,0.0,0.0,-1.404824,0.020513,0.054743,-0.021359,-0.510995,0.361928,0.779673,-0.052342,-0.918455,0.392046,0.857988,0.159524,0.48827,1.1e-05,7.3e-05,5.6e-05,-6e-06,8e-06,1e-06,-0.901135,0.012412,0.055848,-0.034069,0.248392,-0.381803,-0.89024,-0.269116,-0.910063,0.315217,-0.930525,0.16128,-0.328802,-0.007189,0.001623,0.00059,-0.186891,-0.635734,-0.332407,-0.018537
546,-0.005303,0.007282,0.384779,-0.118753,0.404552,-0.906797,0.290628,0.887411,0.357784,0.949598,-0.22155,-0.221827,-0.011189,0.008232,0.005582,-0.131025,-0.475017,-0.223313,0.185059,-0.218562,0.01488,0.345005,0.456511,-0.481919,0.747893,0.261527,0.876065,0.405028,-0.850949,0.011288,0.524997,-3.9e-05,-0.000273,-0.000209,0.0,0.0,0.0,-1.404963,0.020527,0.054739,-0.021363,-0.511012,0.361968,0.779643,-0.052369,-0.918438,0.392081,0.857976,0.15953,0.488289,-2.7e-05,-0.00018,-0.000142,-1.3e-05,1.8e-05,6e-06,-0.901789,0.012217,0.056026,-0.03407,0.26162,-0.395784,-0.880289,-0.275778,-0.904685,0.324792,-0.924932,0.157793,-0.345833,-0.005736,0.003892,0.002598,-0.176191,-0.635577,-0.321425,0.001711
547,-0.005589,0.007488,0.384879,-0.120055,0.414008,-0.902346,0.285098,0.884999,0.368059,0.951111,-0.213579,-0.223157,-0.010973,0.008559,0.005867,-0.060791,-0.239917,-0.138119,0.236855,-0.218542,0.014878,0.345003,0.456519,-0.481957,0.747863,0.261549,0.876044,0.405059,-0.850938,0.01128,0.525015,-1e-06,-4e-06,-3e-06,0.0,0.0,0.0,-1.404732,0.020537,0.054738,-0.021365,-0.51103,0.362005,0.779615,-0.052394,-0.918423,0.392114,0.857964,0.159535,0.488309,0.0,2e-06,-2e-06,-7e-06,6e-06,5e-06,-0.901952,0.012076,0.056132,-0.034018,0.26346,-0.405611,-0.875253,-0.272066,-0.901718,0.335981,-0.925509,0.149609,-0.34792,-0.012134,0.006763,0.004283,-0.058436,-0.230362,-0.246963,0.039594
548,-0.006107,0.007735,0.385188,-0.111362,0.431725,-0.89513,0.276616,0.87859,0.389275,0.954656,-0.204788,-0.216148,-0.013116,-0.001752,0.014996,0.921818,0.970812,-2.671075,0.316758,-0.218535,0.014857,0.344986,0.454317,-0.483259,0.748364,0.261036,0.87533,0.406931,-0.852271,0.011071,0.522853,-0.000224,-0.001558,-0.001193,-0.001676,0.01512,-0.024475,-1.404806,0.020541,0.054731,-0.02137,-0.509097,0.363782,0.780052,-0.051959,-0.917627,0.39403,0.859138,0.160068,0.486064,-1.4e-05,-9.7e-05,-7.4e-05,0.003482,-0.004082,-0.002478,-0.902115,0.011821,0.056264,-0.033863,0.25672,-0.421475,-0.869743,-0.267115,-0.895792,0.355254,-0.92884,0.141121,-0.34255,-0.005505,0.004255,0.002914,0.000186,0.020975,0.015862,0.166308
549,-0.00647,0.007911,0.385414,-0.108934,0.433759,-0.894445,0.278323,0.877108,0.391395,0.954437,-0.206843,-0.215156,0.000786,0.001212,0.00107,-0.008023,0.084816,-0.179535,0.328507,-0.218556,0.014805,0.344921,0.454277,-0.483099,0.748492,0.260988,0.875417,0.406773,-0.852307,0.011155,0.522793,-0.000435,-0.00302,-0.002315,-0.001578,0.014969,-0.024573,-1.404678,0.020531,0.054705,-0.021402,-0.509046,0.363587,0.780177,-0.051905,-0.91772,0.39382,0.859172,0.159978,0.486034,-0.000223,-0.00155,-0.001188,-0.001586,0.014858,-0.02466,-0.900156,0.011636,0.056354,-0.033742,0.252629,-0.425628,-0.868918,-0.268843,-0.893563,0.359537,-0.929462,0.142773,-0.340167,-0.006007,0.003473,0.002219,-0.005967,0.101579,-0.213629,0.224112
550,-0.00671,0.008238,0.385484,-0.124327,0.408729,-0.904173,0.285652,0.887395,0.361808,0.950401,-0.2138,-0.225955,-0.0091,0.018389,-0.003716,-0.053673,-0.092097,0.239901,0.365869,-0.218589,0.014709,0.344849,0.454203,-0.482832,0.748709,0.260834,0.875563,0.406557,-0.852393,0.011225,0.52265,-0.013536,-0.001268,-0.000258,-0.002045,0.015205,-0.029245,-1.404777,0.020514,0.054653,-0.021442,-0.508908,0.363337,0.780383,-0.051732,-0.917827,0.393593,0.859264,0.159933,0.485886,-0.006769,-0.000654,-0.000141,-0.002097,0.015194,-0.02928,-0.899339,0.011514,0.056514,-0.033709,0.267319,-0.399433,-0.876922,-0.271549,-0.904385,0.329164,-0.924554,0.150135,-0.350225,-0.004554,0.009199,-0.001855,-0.053271,-0.113859,0.219432,0.249259
551,-0.006939,0.008549,0.385434,-0.143229,0.382005,-0.913019,0.285637,0.899212,0.331362,0.947764,-0.213801,-0.23677,-0.009645,0.017533,-0.004473,-0.874483,-0.603258,3.085398,0.443988,-0.218593,0.014681,0.344828,0.454184,-0.482767,0.748762,0.260797,0.875599,0.406505,-0.852415,0.011242,0.522615,-0.000178,-0.001235,-0.000948,-0.0,0.0,0.0,-1.405591,0.020511,0.054638,-0.021453,-0.508874,0.363276,0.780434,-0.051689,-0.917853,0.393538,0.859287,0.159922,0.485849,-8.4e-05,-0.000587,-0.000448,-3.5e-05,-4.2e-05,-1.5e-05,-0.899666,0.011405,0.056665,-0.033731,0.285635,-0.375347,-0.881774,-0.267577,-0.914751,0.302708,-0.920225,0.149478,-0.36172,-0.011627,0.010993,-0.001115,-0.154169,0.227813,1.040112,0.31033
552,-0.007425,0.009297,0.385141,-0.183463,0.321095,-0.929131,0.278611,0.923381,0.264037,0.942957,-0.210819,-0.25771,0.001908,0.009897,-0.009496,-0.845708,-0.975083,3.165537,0.516901,-0.218603,0.014682,0.344829,0.45418,-0.482748,0.748777,0.260786,0.875609,0.406489,-0.85242,0.011246,0.522605,5.4e-05,0.000376,0.000289,-0.0,0.0,0.0,-1.404863,0.020506,0.054638,-0.021453,-0.508866,0.363257,0.780448,-0.051675,-0.917861,0.393522,0.859292,0.15992,0.48584,3.7e-05,0.000257,0.000197,-2.6e-05,-2.3e-05,-1.1e-05,-0.900156,0.011159,0.057044,-0.033874,0.321772,-0.310873,-0.894326,-0.249682,-0.938986,0.236563,-0.913302,0.147179,-0.379759,-0.005524,0.007681,-0.003192,0.048019,-0.066627,0.856874,0.467089
553,-0.007184,0.009702,0.38463,-0.196549,0.291842,-0.936078,0.36702,0.907167,0.205708,0.909465,-0.303485,-0.284249,0.014689,0.004193,-0.012814,-6.556553,-0.134724,1.645125,0.519326,-0.218588,0.014708,0.344861,0.454202,-0.482838,0.748706,0.260815,0.87556,0.406576,-0.8524,0.011202,0.52264,0.000216,0.001499,0.00115,-0.0,0.0,0.0,-1.405104,0.020514,0.054649,-0.021438,-0.50891,0.363341,0.78038,-0.051709,-0.917821,0.393611,0.859264,0.15996,0.485876,0.000154,0.001069,0.000819,0.00156,-0.014978,0.024562,-0.899829,0.011267,0.057241,-0.034122,0.334777,-0.279726,-0.89982,-0.32381,-0.93092,0.168921,-0.884912,0.23482,-0.402229,0.007291,0.001968,-0.006647,-5.603911,0.794722,-0.801516,0.508891
554,-0.006853,0.009877,0.3843,-0.200054,0.285245,-0.937368,0.410766,0.892963,0.184009,0.889779,-0.348577,-0.294643,0.02977,0.009019,-0.025075,-0.332956,-0.756907,1.660394,0.517841,-0.218583,0.014742,0.344887,0.454225,-0.482919,0.748639,0.260862,0.875516,0.406642,-0.852373,0.01118,0.522684,0.000284,0.001973,0.001513,-0.0,0.0,0.0,-1.405092,0.020516,0.054668,-0.021424,-0.508953,0.363416,0.780316,-0.051761,-0.917788,0.39368,0.859235,0.159975,0.485922,0.000154,0.001073,0.000824,-1.9e-05,-8e-06,-1e-06,-0.900319,0.011432,0.057331,-0.034291,0.337446,-0.272548,-0.901025,-0.372156,-0.917816,0.13825,-0.864655,0.28867,-0.411145,0.007629,0.002446,-0.006036,-1.379168,-1.296766,3.187807,0.5133
555,-0.006046,0.01021,0.383429,-0.226757,0.262125,-0.938039,0.43954,0.886984,0.14155,0.869418,-0.38053,-0.315177,0.028327,0.006865,-0.026983,-0.198809,-0.628167,1.343504,0.498038,-0.218548,0.014845,0.344965,0.454272,-0.483089,0.748501,0.260961,0.875422,0.40678,-0.852318,0.011137,0.522775,0.000413,0.002867,0.002196,-0.0,0.0,0.0,-1.404911,0.020534,0.054719,-0.021386,-0.509041,0.363575,0.780185,-0.051869,-0.91772,0.393825,0.859177,0.160005,0.486016,0.000243,0.0017,0.001301,0.001577,-0.014971,0.024554,-0.900809,0.011833,0.057501,-0.034717,0.360784,-0.24941,-0.898681,-0.395845,-0.913432,0.094588,-0.844476,0.321613,-0.42828,0.007947,0.006528,-0.011614,0.095182,-0.317587,0.584439,0.50236
556,-0.00565,0.010734,0.382513,-0.239824,0.252993,-0.937296,0.438463,0.88959,0.127871,0.866465,-0.380613,-0.323107,0.001077,0.015617,-0.022647,0.070747,-0.121041,0.178827,0.376678,-0.218535,0.014942,0.345039,0.454305,-0.483205,0.748406,0.261027,0.875359,0.406873,-0.85228,0.011105,0.522838,0.000279,0.001939,0.001485,-0.0,0.0,0.0,-1.404785,0.020541,0.05477,-0.021346,-0.509103,0.363682,0.780095,-0.051943,-0.917674,0.393922,0.859136,0.160027,0.486082,0.000166,0.001159,0.000887,-9e-06,4e-06,-6e-06,-0.901462,0.012048,0.057763,-0.035181,0.375562,-0.236834,-0.896025,-0.392311,-0.916534,0.07782,-0.839668,0.322295,-0.437129,0.000685,0.008017,-0.011146,0.071903,-0.135563,0.208723,0.404875
557,-0.005746,0.011048,0.382066,-0.231895,0.257466,-0.938073,0.457022,0.880105,0.128522,0.858988,-0.399232,-0.320593,-0.013557,0.018413,-0.021877,-0.06929,0.063321,-0.04668,0.323662,-0.218531,0.01497,0.34506,0.454324,-0.48327,0.748352,0.261065,0.875323,0.406926,-0.852258,0.011088,0.522874,0.000206,0.001431,0.001095,-0.0,0.0,0.0,-1.405022,0.020543,0.054785,-0.021335,-0.509138,0.363742,0.780044,-0.051984,-0.917648,0.393978,0.859113,0.160039,0.486119,9.9e-05,0.000694,0.00053,-8e-06,-6e-06,6e-06,-0.901625,0.012007,0.057921,-0.035402,0.368112,-0.241466,-0.897879,-0.411227,-0.908384,0.075696,-0.833897,0.341368,-0.433685,-0.000401,0.006343,-0.012614,-0.398492,0.085122,-0.127651,0.32176
558,-0.006503,0.011605,0.381392,-0.20999,0.272932,-0.93886,0.50672,0.85159,0.13417,0.836412,-0.4479,-0.315957,-0.02898,0.013069,-0.010118,-5.155022,0.814686,-1.793115,0.301325,-0.218491,0.014968,0.345056,0.45434,-0.483347,0.748293,0.26111,0.875281,0.406988,-0.852236,0.011071,0.52291,-5.4e-05,-0.000376,-0.000288,-0.0,0.0,0.0,-1.404874,0.020563,0.054785,-0.021336,-0.509173,0.363815,0.779987,-0.052034,-0.917617,0.394043,0.859089,0.16005,0.486157,0.00656,-0.000768,-0.000946,0.002038,-0.0152,0.029245,-0.902768,0.011642,0.058193,-0.035744,0.349249,-0.256818,-0.901149,-0.457868,-0.88585,0.075007,-0.817546,0.386411,-0.426971,-0.014542,0.006447,-0.005122,0.00423,0.07589,-0.059609,0.21905
559,-0.007688,0.012233,0.381302,-0.200216,0.280321,-0.938818,0.522376,0.841176,0.139706,0.82913,-0.462789,-0.313682,-0.039076,0.015915,0.008886,-0.009641,0.131443,-0.267256,0.343462,-0.218442,0.014957,0.345046,0.454355,-0.483427,0.748232,0.261157,0.875237,0.407053,-0.852213,0.011055,0.522947,-1e-06,-8e-06,-6e-06,0.0,0.0,0.0,-1.405308,0.020587,0.054778,-0.021343,-0.509207,0.363891,0.779929,-0.052086,-0.917585,0.394111,0.859065,0.160061,0.486195,-1e-06,-9e-06,-8e-06,-3e-06,2e-06,-1e-06,-0.903748,0.011036,0.058499,-0.03581,0.338728,-0.266378,-0.902388,-0.479857,-0.873886,0.077841,-0.80932,0.406651,-0.423833,-0.01847,0.013075,-0.000123,0.031678,0.017988,-0.07696,0.237502
560,-0.008781,0.01287,0.381656,-0.185428,0.290109,-0.938881,0.5627,0.814613,0.140523,0.80583,-0.502608,-0.313128,-0.023,0.015217,0.009993,-1.558696,0.262425,-0.578294,0.384683,-0.218421,0.014963,0.345049,0.454368,-0.483482,0.748188,0.261189,0.875206,0.407097,-0.852197,0.011042,0.522975,0.000104,0.000725,0.000555,0.0,0.0,0.0,-1.404991,0.020597,0.054778,-0.021343,-0.509233,0.363943,0.779888,-0.052121,-0.917563,0.394157,0.859048,0.160069,0.486223,8.1e-05,0.000573,0.000438,-2e-06,-1.6e-05,1.4e-05,-0.903911,0.010483,0.058818,-0.035634,0.325132,-0.276843,-0.904238,-0.520174,-0.850893,0.073474,-0.789751,0.446472,-0.42066,-0.011104,0.008043,0.005381,-5.1815,0.773684,-1.771438,0.288775
561,-0.00919,0.013129,0.381931,-0.181693,0.292271,-0.938941,0.568088,0.810551,0.14232,0.80289,-0.507902,-0.312138,-0.023773,0.00707,0.020996,-0.033075,0.040741,-0.046241,0.405919,-0.21843,0.014971,0.345055,0.454369,-0.483479,0.74819,0.261187,0.875208,0.407095,-0.852197,0.011042,0.522974,4.8e-05,0.000332,0.000254,0.0,0.0,0.0,-1.405008,0.020593,0.054784,-0.021338,-0.509233,0.36394,0.779889,-0.052119,-0.917564,0.394155,0.859048,0.16007,0.486223,3.5e-05,0.000248,0.000187,4e-06,-1.3e-05,1e-06,-0.904565,0.010272,0.058955,-0.035491,0.32105,-0.279648,-0.904833,-0.527507,-0.846287,0.074385,-0.786551,0.453424,-0.419217,-0.011773,0.003723,0.010683,-0.030643,0.040173,-0.046764,0.32127
562,-0.009838,0.013541,0.382518,-0.170554,0.298616,-0.939034,0.5788,0.801589,0.149726,0.79765,-0.518344,-0.308385,-0.008457,0.012146,0.008995,-8e-06,0.002084,-0.003667,0.414613,-0.21842,0.014977,0.34506,0.454378,-0.483515,0.748162,0.261207,0.875189,0.407124,-0.852186,0.011034,0.522992,0.0,3e-06,2e-06,0.0,0.0,0.0,-1.404674,0.020599,0.054788,-0.021336,-0.509251,0.363973,0.779862,-0.052142,-0.91755,0.394185,0.859036,0.160076,0.486242,-2e-06,-1.2e-05,-1.1e-05,-1.1e-05,1.5e-05,6e-06,-0.904401,0.00995,0.059165,-0.035194,0.310464,-0.286711,-0.906315,-0.539618,-0.838073,0.080273,-0.782574,0.464143,-0.414907,-0.004188,0.006151,0.004581,0.001037,0.001474,-0.002329,0.360787
563,-0.010019,0.0137,0.383054,-0.168232,0.299513,-0.939167,0.579809,0.800547,0.151389,0.797407,-0.519438,-0.307169,0.004714,0.007069,0.006243,0.000987,-0.012611,0.025895,0.39879,-0.218417,0.014998,0.345076,0.454392,-0.483563,0.748121,0.261236,0.875162,0.407163,-0.85217,0.011021,0.523019,0.00013,0.000907,0.000694,0.0,0.0,0.0,-1.405108,0.0206,0.054796,-0.021329,-0.509277,0.364019,0.779824,-0.052173,-0.91753,0.394226,0.859019,0.160085,0.486269,8.5e-05,0.000593,0.000453,-2e-06,1.8e-05,-1.1e-05,-0.904401,0.009858,0.059242,-0.034927,0.308247,-0.287752,-0.906742,-0.540867,-0.837121,0.08179,-0.782589,0.465216,-0.413676,0.001357,-0.001427,0.00785,-0.030109,0.011306,0.013333,0.353439
564,-0.010217,0.013831,0.383711,-0.165755,0.300352,-0.93934,0.581029,0.799354,0.153008,0.797036,-0.520791,-0.305841,-0.009258,0.003959,0.019926,-0.032026,0.026142,-0.016633,0.39114,-0.218424,0.015028,0.345086,0.454408,-0.483604,0.748086,0.261281,0.875139,0.407182,-0.852147,0.01103,0.523056,1.2e-05,8.4e-05,6.4e-05,0.0,0.0,0.0,-1.404839,0.020597,0.054814,-0.021322,-0.509303,0.364055,0.77979,-0.052222,-0.917518,0.394248,0.859,0.16007,0.486306,2e-06,1.5e-05,1.1e-05,-2e-06,4e-06,3e-06,-0.904075,0.009764,0.059309,-0.034604,0.305924,-0.288728,-0.907218,-0.542305,-0.836051,0.083207,-0.782505,0.466534,-0.412347,-0.003668,0.006908,0.005217,-0.005268,0.076337,-0.156228,0.340539
565,-0.010433,0.013901,0.384117,-0.163106,0.301477,-0.939443,0.582026,0.798233,0.155053,0.79685,-0.521862,-0.304495,-0.009421,0.003706,0.01969,-0.038996,0.112899,-0.195469,0.38775,-0.218423,0.015035,0.345092,0.454413,-0.48362,0.748072,0.26129,0.87513,0.407195,-0.852141,0.011026,0.523064,7e-06,4.7e-05,3.6e-05,0.0,0.0,0.0,-1.404803,0.020597,0.054817,-0.021319,-0.509312,0.36407,0.779778,-0.052232,-0.917512,0.394261,0.858995,0.160073,0.486316,0.0,-1e-06,-1e-06,-2e-06,6e-06,-1e-06,-0.904238,0.009657,0.059346,-0.0344,0.303519,-0.28994,-0.90764,-0.543576,-0.835046,0.084975,-0.782559,0.46758,-0.411058,-0.005673,-0.003045,0.014632,-0.063555,0.050134,-0.029359,0.335313
566,-0.010723,0.014031,0.385026,-0.159705,0.302563,-0.939679,0.58375,0.796551,0.157209,0.796274,-0.523803,-0.302665,-0.009298,-0.003069,0.031863,-0.064028,0.050227,-0.029584,0.388348,-0.218419,0.015071,0.345107,0.454438,-0.483696,0.748008,0.261357,0.875088,0.407243,-0.852108,0.011027,0.523119,0.000183,0.001277,0.000977,0.0,0.0,0.0,-1.405033,0.020599,0.054832,-0.021314,-0.509355,0.36414,0.779717,-0.052303,-0.917485,0.394313,0.858965,0.160064,0.486372,0.000119,0.000831,0.000635,2e-06,6e-06,-6e-06,-0.904401,0.00951,0.05941,-0.033952,0.300158,-0.291323,-0.908314,-0.54568,-0.833465,0.086993,-0.782391,0.469537,-0.409141,0.002919,0.000911,0.009868,-0.029637,-0.001064,0.039018,0.329271
567,-0.010757,0.014208,0.386051,-0.157582,0.302878,-0.939935,0.585283,0.795254,0.158076,0.795568,-0.525591,-0.301417,0.008683,0.006044,0.023334,-0.029931,-0.000967,0.038916,0.398527,-0.218411,0.015143,0.345137,0.452229,-0.484953,0.748532,0.260857,0.874394,0.40905,-0.853433,0.010873,0.520958,0.000259,0.001806,0.00138,-0.032744,0.037676,0.058892,-1.405054,0.020602,0.054868,-0.021299,-0.507278,0.365922,0.780236,-0.051746,-0.916675,0.396267,0.860226,0.160643,0.483945,3e-05,0.000211,0.000161,-0.026563,0.046904,0.031417,-0.904565,0.009484,0.059491,-0.03344,0.298059,-0.291798,-0.908853,-0.54742,-0.832251,0.087677,-0.781978,0.471392,-0.407796,-0.002831,0.001196,0.018281,-0.062746,0.037736,-0.003538,0.33711
568,-0.010695,0.014347,0.386617,-0.154076,0.304599,-0.93996,0.58568,0.794305,0.161339,0.795958,-0.526033,-0.299611,0.010387,0.008605,0.025498,-0.036222,0.07264,-0.114272,0.39503,-0.218411,0.01516,0.345125,0.452241,-0.484974,0.748511,0.260914,0.874382,0.40904,-0.853409,0.01091,0.520996,-0.000132,-0.000922,-0.000705,-0.000502,0.00077,0.000502,-1.404974,0.020603,0.054883,-0.0213,-0.507376,0.365909,0.780178,-0.05191,-0.916703,0.396181,0.860158,0.160514,0.484108,-0.000156,0.004988,-0.00454,0.041463,-0.007178,-0.013033,-0.904565,0.009514,0.059559,-0.033158,0.294795,-0.293691,-0.909308,-0.548258,-0.831368,0.090774,-0.782629,0.471775,-0.406101,0.005015,0.004057,0.01254,-0.030916,-0.001922,0.041399,0.339395
569,-0.010411,0.014476,0.387879,-0.152527,0.304351,-0.940293,0.587419,0.79302,0.161339,0.794973,-0.528112,-0.298568,0.008582,-0.000984,0.035118,-0.061944,0.023098,0.025955,0.375813,-0.218438,0.015154,0.345059,0.450035,-0.486205,0.749042,0.260462,0.873699,0.410784,-0.85471,0.010829,0.51886,-0.000343,-0.002387,-0.001825,-0.04196,0.076904,0.015817,-1.404853,0.02059,0.054881,-0.021333,-0.505417,0.367609,0.780651,-0.051458,-0.91594,0.398001,0.861338,0.160986,0.481848,-9.1e-05,-0.000643,-0.000491,-0.03723,0.061865,0.040975,-0.900972,0.009661,0.059633,-0.032525,0.293224,-0.293599,-0.909845,-0.550074,-0.830184,0.090616,-0.781944,0.473912,-0.404931,0.004472,-0.000196,0.017813,-0.060759,0.010649,0.052026,0.325189
570,-0.010041,0.01449,0.38916,-0.151021,0.303979,-0.940657,0.589283,0.791671,0.161168,0.793878,-0.530348,-0.297517,0.008297,-0.001362,0.034673,-0.061934,0.023116,0.025963,0.378989,-0.218479,0.015145,0.344966,0.450017,-0.486061,0.749147,0.260535,0.873777,0.410571,-0.854697,0.011015,0.518878,-0.000304,-0.002117,-0.00162,-0.001585,0.014993,-0.024558,-1.404819,0.020569,0.054874,-0.021381,-0.505469,0.367398,0.780717,-0.051641,-0.916077,0.397662,0.861297,0.160689,0.482021,-5.7e-05,-0.000403,-0.000308,0.001024,-0.001395,-0.000889,-0.898196,0.00985,0.059642,-0.03187,0.291756,-0.2933,-0.910413,-0.552012,-0.828947,0.090154,-0.781127,0.476256,-0.403756,0.004149,-0.000652,0.017358,-0.061862,0.023116,0.025977,0.312779
571,-0.009853,0.014537,0.389765,-0.149642,0.304206,-0.940804,0.590251,0.790826,0.161771,0.793418,-0.531477,-0.296728,0.007898,-0.001939,0.034124,-0.06193,0.023125,0.025967,0.390142,-0.218471,0.015139,0.344948,0.450017,-0.486058,0.749148,0.260557,0.873778,0.410555,-0.854691,0.011038,0.518888,-0.000139,-0.000967,-0.00074,-0.0,0.0,0.0,-1.405117,0.020573,0.054869,-0.021392,-0.505471,0.367371,0.780728,-0.051654,-0.916093,0.397624,0.861295,0.16066,0.482034,-0.000171,0.004875,-0.004628,0.036131,-0.01457,0.016037,-0.897543,0.009938,0.059664,-0.031588,0.290537,-0.293585,-0.910711,-0.553019,-0.828231,0.09057,-0.780869,0.477327,-0.40299,0.004097,-0.000721,0.017271,-0.060725,0.01079,0.051991,0.318005
