frame,MLTx,MLTy,MLTz,MLTR1,MLTR2,MLTR3,MLTR4,MLTR5,MLTR6,MLTR7,MLTR8,MLTR9,MLTTVx,MLTTVy,MLTTVz,MLTRVx,MLTRVy,MLTRVz,MLGA,MRTx,MRTy,MRTz,MRTR1,MRTR2,MRTR3,MRTR4,MRTR5,MRTR6,MRTR7,MRTR8,MRTR9,MRTTVx,MRTTVy,MRTTVz,MRTRVx,MRTRVy,MRTRVz,MRGA,SLTx,SLTy,SLTz,SLTR1,SLTR2,SLTR3,SLTR4,SLTR5,SLTR6,SLTR7,SLTR8,SLTR9,SLTTVx,SLTTVy,SLTTVz,SLTRVx,SLTRVy,SLTRVz,SLGA,SRTx,SRTy,SRTz,SRTR1,SRTR2,SRTR3,SRTR4,SRTR5,SRTR6,SRTR7,SRTR8,SRTR9,SRTTVx,SRTTVy,SRTTVz,SRTRVx,SRTRVy,SRTRVz,SRGA
403,0.086276,0.000821,0.399885,-0.524753,-0.403429,-0.749617,0.264695,-0.914255,0.306669,-0.808408,-0.036999,0.587481,-0.000926,-0.002984,-0.001918,0.026178,-0.034165,0.169399,-0.042304,-0.097463,0.017528,0.358572,0.817414,-0.445722,0.364909,0.371788,0.89199,0.257022,-0.441083,-0.073873,0.894344,-3.1e-05,0.000134,9.9e-05,0.0,0.0,0.0,-0.477761,0.045302,0.031213,-0.001293,-0.804844,0.366007,0.467187,-0.265718,-0.926114,0.267779,0.530678,0.091381,0.842632,-1.4e-05,5.8e-05,4.4e-05,-4e-06,-1e-06,1e-06,-0.657042,0.079785,0.023596,-0.039901,-0.442343,-0.272295,-0.854509,0.070746,-0.960419,0.269422,-0.89405,0.058724,0.444099,-0.000292,-0.000941,-0.000604,0.003172,-0.091371,0.176755,-0.21099
404,0.086264,0.000716,0.399818,-0.528773,-0.397053,-0.750196,0.26337,-0.916973,0.299616,-0.806215,-0.038663,0.590381,-0.000884,-0.002847,-0.001832,0.271674,0.487894,0.197345,-0.072302,-0.097473,0.017526,0.358571,0.818078,-0.446455,0.362516,0.372115,0.891446,0.258433,-0.439571,-0.075969,0.894913,-0.0,0.0,0.0,-2.1e-05,-4.5e-05,2.2e-05,-0.467436,0.045298,0.031211,-0.001294,-0.805849,0.366757,0.46486,-0.265938,-0.925619,0.269265,0.529039,0.093363,0.843445,1e-06,-1.1e-05,-9e-06,0.002181,0.004829,-0.002771,-0.651001,0.079778,0.023541,-0.039937,-0.442862,-0.266361,-0.856109,0.069434,-0.962172,0.263443,-0.893896,0.057225,0.444604,-0.000461,-0.001489,-0.000959,0.268024,0.481366,0.194723,-0.232381
405,0.086236,0.00063,0.399751,-0.52375,-0.399803,-0.752257,0.272424,-0.915274,0.296699,-0.806491,-0.049046,0.589231,-0.000468,-0.001506,-0.00097,4.157423,-1.639611,-3.256359,-0.109668,-0.097502,0.01752,0.35857,0.818088,-0.446399,0.362564,0.372059,0.891475,0.258414,-0.439601,-0.075958,0.894899,-2.4e-05,0.000103,7.6e-05,-0.0,-0.0,0.0,-0.465924,0.045283,0.031208,-0.001294,-0.805832,0.366679,0.464952,-0.265873,-0.925655,0.269209,0.529099,0.093319,0.843412,-1.4e-05,6.2e-05,4.5e-05,3.2e-05,9.5e-05,-5.7e-05,-0.645449,0.079763,0.023496,-0.039972,-0.441743,-0.265414,-0.856981,0.074153,-0.962769,0.259953,-0.894071,0.051285,0.444978,-0.000266,-0.000861,-0.000555,0.006562,-0.082703,0.181178,-0.258018
406,0.086214,0.000597,0.399717,-0.523629,-0.398384,-0.753092,0.271711,-0.915873,0.295503,-0.80681,-0.049401,0.588765,0.000149,0.007884,-0.010971,0.034957,-0.016639,0.016518,-0.129611,-0.097513,0.017526,0.358563,0.818086,-0.446394,0.362573,0.372066,0.89148,0.258389,-0.439598,-0.075932,0.894903,-0.0,2e-06,1e-06,0.0,0.0,0.0,-0.465758,0.045277,0.031211,-0.001298,-0.805829,0.366674,0.464962,-0.265881,-0.92566,0.269185,0.5291,0.093292,0.843415,1e-06,-4e-06,-4e-06,-2e-06,1.1e-05,-1e-05,-0.644469,0.079752,0.023476,-0.039984,-0.439409,-0.267464,-0.857543,0.07908,-0.962455,0.259665,-0.894799,0.046285,0.444062,-0.000351,-0.001137,-0.000731,0.008448,-0.079035,0.182976,-0.272388
407,0.086209,0.000559,0.399669,-0.518056,-0.399665,-0.756262,0.280941,-0.914587,0.290815,-0.807253,-0.061316,0.587036,0.000585,0.009286,-0.010067,0.043663,-0.095425,0.198934,-0.197418,-0.09756,0.017509,0.358557,0.818122,-0.446174,0.362764,0.371845,0.891594,0.258312,-0.439719,-0.075887,0.894848,-0.01293,-0.002709,-0.000514,-0.002045,0.015205,-0.029245,-0.462192,0.045259,0.031203,-0.001301,-0.805824,0.366466,0.465133,-0.265681,-0.925745,0.269089,0.529207,0.093262,0.843351,5e-06,-2.3e-05,-1.8e-05,-8e-06,4e-06,-5e-06,-0.642999,0.079749,0.023456,-0.04001,-0.433635,-0.269548,-0.859827,0.089134,-0.962361,0.25674,-0.896668,0.034692,0.44134,-6.8e-05,-0.000228,-0.000144,-0.001373,0.002973,-0.002995,-0.310271
408,0.086287,0.000556,0.39957,-0.507119,-0.404582,-0.761045,0.300827,-0.910541,0.283532,-0.807044,-0.084661,0.584414,0.012352,-0.004654,-0.003018,0.702395,-0.586398,0.368932,-0.377973,-0.097646,0.017484,0.358548,0.818153,-0.44599,0.362921,0.371662,0.891689,0.258247,-0.439817,-0.07585,0.894802,0.0,-1e-06,-1e-06,0.0,0.0,0.0,-0.436449,0.045211,0.03119,-0.001306,-0.805821,0.366257,0.465302,-0.26548,-0.92583,0.268992,0.529312,0.093232,0.843288,-2e-06,8e-06,7e-06,-1e-05,-9e-06,1e-06,-0.629446,0.079785,0.023463,-0.040059,-0.423336,-0.276163,-0.862855,0.10985,-0.961028,0.253688,-0.899287,0.012611,0.437174,6e-05,0.003825,-0.005623,2.379959,-1.99993,1.265329,-0.398938
409,0.086389,0.000556,0.399485,-0.501065,-0.403847,-0.765432,0.310204,-0.90949,0.276719,-0.807283,-0.09829,0.581946,0.012527,-0.004094,-0.002657,4.2314,-1.544321,-3.186126,-0.511763,-0.097704,0.017472,0.358546,0.818189,-0.445767,0.363114,0.371439,0.891805,0.258169,-0.439938,-0.075805,0.894747,0.0,-0.0,-0.0,0.0,0.0,0.0,-0.40907,0.045182,0.031184,-0.001307,-0.805817,0.366027,0.46549,-0.265258,-0.925924,0.268887,0.529429,0.093198,0.843218,-0.00647,-0.001326,-0.000232,-0.002046,0.015201,-0.02925,-0.611974,0.079835,0.023461,-0.040103,-0.417924,-0.272424,-0.866674,0.115315,-0.962171,0.246834,-0.901133,0.003217,0.433529,0.000131,0.004116,-0.00537,0.041265,-0.089684,0.192976,-0.479277
410,0.08674,0.000501,0.399341,-0.501348,-0.377934,-0.778371,0.305818,-0.918904,0.249124,-0.808778,-0.112678,0.577243,0.01281,-0.003185,-0.002072,0.211661,0.101966,0.578296,-0.856626,-0.097863,0.017454,0.358551,0.818285,-0.445166,0.363632,0.37084,0.892115,0.257959,-0.440265,-0.075684,0.894596,-0.013065,-0.002127,-8.7e-05,-0.015175,0.110401,-0.203359,-0.307379,0.045108,0.031175,-0.001305,-0.805808,0.365543,0.465886,-0.264792,-0.926123,0.268663,0.529676,0.093128,0.843071,-7.9e-05,0.000346,0.000259,-1.5e-05,-1.3e-05,6e-06,-0.542249,0.080005,0.023433,-0.040176,-0.4092,-0.250506,-0.877383,0.119627,-0.968003,0.220586,-0.904568,-0.014695,0.426074,-5.3e-05,-0.000228,-0.000149,0.681183,-0.005803,1.313551,-0.694331
411,0.087205,0.00055,0.399191,-0.520629,-0.353687,-0.777108,0.302597,-0.92752,0.219349,-0.797717,-0.120519,0.59089,0.014512,0.009778,-0.009765,0.543252,0.777891,0.837202,-1.224937,-0.09818,0.017418,0.358561,0.843294,-0.394975,0.364473,0.316391,0.912943,0.257615,-0.435554,-0.101442,0.894352,-0.000207,0.000898,0.00066,-0.197744,-0.139768,-0.485228,-0.130492,0.044944,0.031156,-0.0013,-0.82622,0.313624,0.467974,-0.209478,-0.942174,0.261582,0.522952,0.118094,0.844141,-0.006605,-0.000751,0.000193,-0.657542,-0.454246,-1.6691,-0.404269,0.080241,0.023447,-0.040251,-0.423768,-0.223677,-0.877717,0.119969,-0.974351,0.190382,-0.89779,-0.024621,0.439733,0.006748,-0.000492,-0.000334,0.318549,0.333955,0.815537,-0.777772
412,0.087821,0.000728,0.399111,-0.571197,-0.299035,-0.764433,0.260262,-0.949203,0.176773,-0.777754,-0.097616,0.620965,0.014474,0.002301,0.001457,0.266817,1.161337,1.431869,-1.554488,-0.09862,0.017344,0.358544,0.878677,-0.309999,0.363069,0.227636,0.940436,0.252378,-0.420784,-0.138731,0.896414,-0.012528,-0.00446,-0.001807,-0.372028,-0.557188,-1.661182,0.030245,0.044727,0.031126,-0.001303,-0.853891,0.227465,0.46811,-0.120868,-0.961513,0.246742,0.50622,0.154112,0.848522,-0.006509,-0.001685,-0.000393,-1.640654,-1.664853,-5.186543,-0.230527,0.08055,0.023541,-0.040294,-0.467653,-0.162565,-0.868833,0.083456,-0.986671,0.139693,-0.879963,-0.007182,0.474987,0.013897,0.000345,0.0002,-0.507488,1.709672,2.173991,-0.758994
413,0.088226,0.000778,0.399118,-0.608118,-0.255401,-0.751671,0.213174,-0.964592,0.155214,-0.763942,-0.065537,0.641969,0.014558,0.002616,0.001654,-3.493642,2.15652,4.605149,-1.739401,-0.098872,0.017251,0.358481,0.890742,-0.272708,0.363593,0.187838,0.949256,0.252119,-0.415016,-0.155943,0.896274,-0.025108,-0.008722,-0.003472,-0.186369,-0.100808,-0.518003,0.075511,0.044606,0.031082,-0.001334,-0.863426,0.18757,0.468308,-0.079618,-0.96734,0.240651,0.498152,0.170498,0.850161,-0.005969,-0.003502,-0.001839,-0.633643,-0.394635,-1.59431,-0.153291,0.080742,0.023568,-0.040289,-0.497971,-0.118468,-0.859063,0.04428,-0.992805,0.111244,-0.866061,0.017357,0.499634,0.007316,0.001376,0.000868,0.295064,1.352765,1.352696,-0.767485
414,0.089138,0.000829,0.399147,-0.665359,-0.178659,-0.724861,0.135046,-0.983722,0.118428,-0.733394,-0.018878,0.679561,0.028126,0.002115,0.001284,0.372414,0.960876,0.808231,-1.9131,-0.099646,0.01691,0.358262,0.910768,-0.194813,0.364062,0.106531,0.962615,0.248914,-0.400086,-0.187683,0.896978,-0.024428,-0.011848,-0.005787,-0.625708,-0.379801,-1.611222,0.116577,0.044209,0.030908,-0.001445,-0.876763,0.108234,0.468584,0.001776,-0.97361,0.228208,0.480918,0.200917,0.853433,-0.012173,-0.006062,-0.002988,-0.626183,-0.380806,-1.626857,-0.059072,0.081203,0.023591,-0.040276,-0.550473,-0.029566,-0.834328,-0.033814,-0.997762,0.057666,-0.834167,0.059955,0.548242,0.00759,0.002344,0.001475,0.217846,1.254092,1.115374,-0.7603
415,0.090165,0.001039,0.39917,-0.709104,-0.106465,-0.697053,0.058294,-0.993996,0.092441,-0.70183,0.025042,0.711923,0.029156,0.013208,-0.007642,-3.390784,1.446569,4.456348,-1.915068,-0.100902,0.016557,0.357964,0.929046,-0.090587,0.358691,-0.002876,0.96765,0.252149,-0.371093,-0.235184,0.898243,-0.037864,-0.01253,-0.004844,-0.21111,-0.110758,-0.569893,0.150074,0.043596,0.030731,-0.001597,-0.886972,0.003019,0.461811,0.110894,-0.969329,0.219323,0.44831,0.245745,0.859434,-0.019743,-0.001362,-0.00704,-0.651097,-0.465205,-1.717395,-0.008289,0.081716,0.023694,-0.04026,-0.586313,0.042445,-0.808971,-0.10012,-0.994766,0.02037,-0.803872,0.092938,0.587494,0.014225,0.001688,0.001015,0.42637,1.087711,0.356033,-0.790509
416,0.090701,0.001208,0.399143,-0.722897,-0.073603,-0.687058,0.022804,-0.996303,0.082662,-0.689705,0.044173,0.722761,0.029357,0.014017,-0.007139,0.08692,0.880878,0.833152,-1.915333,-0.101591,0.016435,0.35778,0.93665,-0.025633,0.349314,-0.069527,0.963745,0.25748,-0.344423,-0.265432,0.900434,-0.037949,-0.012222,-0.004631,-0.725538,-0.722704,-1.448093,0.171024,0.043252,0.030669,-0.001689,-0.890169,-0.061022,0.451524,0.176094,-0.960063,0.217416,0.420224,0.273048,0.865364,-0.019899,-0.00116,-0.006834,-2.454746,-2.25053,-5.169528,0.015715,0.081984,0.023778,-0.040273,-0.596358,0.08012,-0.798709,-0.138628,-0.990335,0.004165,-0.790656,0.113207,0.601701,0.014352,0.002175,0.001322,-0.987051,0.436756,1.436083,-0.801286
417,0.091724,0.001618,0.399088,-0.739846,-0.020875,-0.672485,-0.036892,-0.996747,0.071449,-0.670872,0.07769,0.73751,0.029548,0.014947,-0.006577,0.155287,0.454261,0.419673,-1.914915,-0.103019,0.01646,0.357349,0.943371,0.117901,0.310067,-0.208597,0.937458,0.278558,-0.259015,-0.327618,0.908538,-0.029532,0.016021,-0.018245,-3.007585,-4.27499,-4.189365,0.27583,0.042536,0.030665,-0.001903,-0.889365,-0.199839,0.41121,0.310688,-0.924004,0.222911,0.335414,0.326007,0.883864,-0.020366,0.001592,-0.004877,-0.899344,-1.325026,-1.236185,0.110586,0.082496,0.023984,-0.0403,-0.608052,0.134472,-0.782424,-0.195118,-0.980633,-0.016904,-0.769545,0.142387,0.622515,0.014477,0.002703,0.001641,-0.040189,0.672893,0.743182,-0.804878
418,0.092728,0.002056,0.398953,-0.751272,0.023873,-0.659595,-0.089904,-0.993723,0.066353,-0.65294,0.109113,0.749527,0.028761,0.012515,-0.008147,-0.78619,0.793392,1.40909,-1.914528,-0.104445,0.01697,0.356809,0.933234,0.252128,0.255925,-0.324549,0.896881,0.300344,-0.15498,-0.363675,0.918469,-0.043053,0.016429,-0.016502,-1.45539,-2.181255,-4.684173,0.379257,0.041827,0.030923,-0.002173,-0.876052,-0.331968,0.349755,0.424901,-0.874374,0.234365,0.228015,0.353928,0.907051,-0.015079,0.009856,-0.007744,-0.438435,-1.093011,0.077582,0.254119,0.083,0.024209,-0.040364,-0.613995,0.177762,-0.769031,-0.244022,-0.969328,-0.029233,-0.750641,0.169712,0.638541,0.014556,0.006923,-0.00368,-3.575173,0.417756,4.280244,-0.814839
419,0.093562,0.002515,0.398749,-0.758234,0.08242,-0.646787,-0.158615,-0.985484,0.060285,-0.63149,0.148191,0.761109,0.015592,0.014324,-0.00694,0.106583,0.451864,0.176181,-1.913211,-0.105795,0.017831,0.356019,0.904642,0.370639,0.210338,-0.421102,0.852641,0.309213,-0.065873,-0.368773,0.927109,-0.042519,0.014355,-0.018032,0.100063,-1.09724,-1.081521,0.429563,0.04115,0.031361,-0.002562,-0.841956,-0.449678,0.298158,0.521385,-0.820265,0.235205,0.138802,0.353488,0.925083,-0.015796,0.013795,-0.01312,-0.463962,-2.384512,-4.956317,0.354706,0.083421,0.024437,-0.040467,-0.615282,0.2383,-0.751425,-0.310252,-0.949487,-0.047072,-0.724687,0.204169,0.658136,0.014165,0.005598,-0.004511,-0.081826,0.577688,0.496748,-0.813533
420,0.093908,0.00274,0.398626,-0.761673,0.119533,-0.636876,-0.198293,-0.978673,0.053382,-0.615969,0.166793,0.769928,0.014561,0.003306,0.002003,-0.098442,0.593849,0.472175,-1.910859,-0.106578,0.018327,0.355462,0.88436,0.422944,0.197528,-0.465456,0.829848,0.307631,-0.034918,-0.364536,0.930461,-0.04382,0.02301,-0.028097,-0.919744,-1.999586,-4.709296,0.449095,0.040776,0.031596,-0.002821,-0.820691,-0.497356,0.281249,0.560564,-0.796152,0.227835,0.110602,0.344641,0.932196,-0.015271,0.012164,-0.014244,0.036906,-0.423658,-0.019158,0.387527,0.083584,0.02455,-0.040528,-0.614828,0.27346,-0.739733,-0.34535,-0.936604,-0.059202,-0.709027,0.219068,0.67029,0.007645,0.006593,-0.003836,-3.149729,1.153384,4.495545,-0.805368
421,0.094616,0.003043,0.398347,-0.762111,0.189686,-0.619073,-0.272072,-0.96142,0.040267,-0.586606,0.198877,0.785091,0.014512,0.010708,-0.009228,0.146182,0.369257,0.064886,-1.908472,-0.108044,0.019157,0.354135,0.856965,0.48314,0.179383,-0.515236,0.806171,0.290782,-0.005201,-0.34223,0.939529,-0.041815,0.013412,-0.035154,0.303732,-0.212632,-0.133117,0.463597,0.040023,0.032037,-0.003489,-0.788229,-0.558956,0.257412,0.609906,-0.765257,0.205899,0.081898,0.319293,0.94411,-0.015306,0.013453,-0.02149,0.29068,-0.446166,-0.220365,0.428187,0.083949,0.024703,-0.040667,-0.608361,0.343834,-0.715313,-0.413928,-0.906455,-0.083674,-0.67717,0.245185,0.693775,0.013492,0.003366,-0.005922,0.0874,0.274585,0.316144,-0.811083
422,0.095262,0.003254,0.39813,-0.755185,0.274855,-0.595144,-0.360911,-0.932184,0.027366,-0.546327,0.235112,0.803914,0.014046,0.001638,0.000939,0.114258,1.063053,0.727052,-1.905099,-0.109317,0.019866,0.352455,0.845461,0.511024,0.155051,-0.533745,0.801473,0.269612,0.012447,-0.311356,0.95014,-0.029476,0.02086,-0.047514,0.55307,-0.47745,-0.159389,0.464376,0.039372,0.032393,-0.004344,-0.777468,-0.58486,0.231261,0.625225,-0.758558,0.183525,0.068089,0.287276,0.955424,-0.014633,0.010069,-0.023994,0.587362,-0.505985,-0.159333,0.437657,0.084271,0.024807,-0.040782,-0.591926,0.423183,-0.685958,-0.493652,-0.863114,-0.106494,-0.637127,0.275588,0.719805,0.007234,0.005288,-0.004665,-0.796142,0.687794,1.57367,-0.817615
423,0.095502,0.003373,0.398072,-0.748074,0.321136,-0.580776,-0.408949,-0.912271,0.022225,-0.521762,0.253728,0.814501,0.001354,0.004808,0.003024,0.03091,0.923794,0.400004,-1.905393,-0.109892,0.020228,0.351497,0.842747,0.520024,0.139085,-0.537613,0.801337,0.262232,0.023855,-0.296432,0.954684,-0.028954,0.018183,-0.04951,0.630784,-0.613457,-0.01813,0.464559,0.039095,0.032566,-0.004805,-0.775936,-0.59286,0.215496,0.628098,-0.757762,0.176882,0.058429,0.272602,0.96035,-0.014351,0.008617,-0.025082,0.373858,-1.175477,0.125536,0.438801,0.084396,0.024865,-0.040813,-0.581215,0.46816,-0.665592,-0.536753,-0.835327,-0.118839,-0.611624,0.288188,0.736792,0.007355,0.005707,-0.004407,-0.516979,1.106259,1.701013,-0.819248
424,0.096068,0.003724,0.397895,-0.728171,0.414032,-0.546251,-0.500069,-0.86591,0.010193,-0.467883,0.280065,0.838258,0.014626,0.003807,0.00229,-0.627089,0.843172,1.413457,-1.904088,-0.110972,0.021051,0.349213,0.832197,0.543892,0.1078,-0.552007,0.794996,0.251403,0.049989,-0.269417,0.961654,-0.02944,0.022397,-0.062894,0.634249,-0.490788,-0.542548,0.465918,0.038555,0.032978,-0.005941,-0.76746,-0.614583,0.18246,0.64012,-0.750302,0.165203,0.035369,0.243583,0.969234,-0.014642,0.01086,-0.031691,0.515445,-0.847791,-1.685513,0.441576,0.084667,0.025034,-0.040899,-0.556836,0.551081,-0.621483,-0.612391,-0.777868,-0.14106,-0.561168,0.302043,0.770622,0.007493,0.00628,-0.004048,0.211537,1.194985,0.59018,-0.823657
425,0.096781,0.004394,0.397525,-0.694886,0.499007,-0.517853,-0.583592,-0.81203,0.000518,-0.419395,0.301948,0.856132,0.016703,0.026435,-0.015223,-0.580041,0.630718,1.365545,-1.903636,-0.111954,0.021741,0.346756,0.819236,0.566654,0.088018,-0.568983,0.784539,0.246356,0.069515,-0.252628,0.964992,-0.028428,0.016866,-0.067178,-0.007831,-0.698393,-1.439574,0.464515,0.038064,0.033324,-0.007168,-0.755257,-0.635544,0.160215,0.65516,-0.739034,0.156821,0.018738,0.223406,0.974544,-0.014302,0.008528,-0.033618,-0.643784,-2.245101,-4.964801,0.442883,0.085022,0.025354,-0.041075,-0.517092,0.628392,-0.581152,-0.684606,-0.711172,-0.159838,-0.51374,0.31521,0.797943,0.008031,0.008296,-0.002785,0.115566,1.037649,0.059401,-0.827249
426,0.097447,0.005513,0.396915,-0.652218,0.581017,-0.486904,-0.664727,-0.747067,-0.001161,-0.36362,0.322174,0.874078,0.016968,0.027603,-0.014496,-0.54568,0.68067,1.551566,-1.902528,-0.112793,0.022312,0.344039,0.821203,0.564783,0.081468,-0.565883,0.788073,0.242178,0.071543,-0.245701,0.966631,-0.014423,0.01352,-0.07141,0.168735,0.059208,-0.049578,0.457025,0.037639,0.033611,-0.008525,-0.757211,-0.634807,0.153787,0.652956,-0.741715,0.15332,0.016738,0.216511,0.976136,-0.007222,0.007038,-0.035462,0.171868,0.051103,-0.020733,0.437984,0.085362,0.025927,-0.041385,-0.466712,0.703195,-0.536372,-0.756633,-0.631481,-0.169517,-0.457913,0.326722,0.82678,0.008888,0.01897,-0.011979,-2.494562,0.821505,5.326099,-0.830352
427,0.097826,0.006289,0.396412,-0.631528,0.619504,-0.466296,-0.700528,-0.713605,0.000576,-0.331615,0.326242,0.885226,0.030549,0.035611,-0.025402,-2.215098,0.70131,4.961386,-1.902683,-0.113094,0.022583,0.342642,0.821173,0.565395,0.077421,-0.565567,0.788596,0.241213,0.074295,-0.242586,0.96721,-0.014498,0.013795,-0.071331,0.075234,-0.176583,0.037832,0.451931,0.037484,0.033746,-0.009254,-0.757617,-0.635272,0.149815,0.652537,-0.742301,0.152258,0.014483,0.213113,0.976919,-0.007165,0.006669,-0.03582,0.069241,-0.190543,0.04549,0.432759,0.085547,0.026312,-0.041632,-0.447317,0.734713,-0.510002,-0.784534,-0.596131,-0.170685,-0.429433,0.323764,0.843067,0.009267,0.02416,-0.016582,0.382183,0.936189,0.01542,-0.831985
428,0.098709,0.008337,0.394948,-0.584511,0.694133,-0.420203,-0.766014,-0.642792,0.003585,-0.266894,0.32311,0.907962,0.032078,0.056733,-0.043719,-2.301607,2.321778,0.494763,-1.901779,-0.113422,0.023286,0.339829,0.820919,0.565879,0.076581,-0.565986,0.788906,0.239209,0.073917,-0.240438,0.967775,-0.001977,0.018763,-0.069192,-0.312347,0.297471,0.212239,0.44102,0.037322,0.034089,-0.010667,-0.756949,-0.636501,0.147964,0.653286,-0.742491,0.148062,0.015621,0.208739,0.977846,-0.000955,0.00943,-0.034547,-0.31094,0.300133,0.214705,0.419042,0.085999,0.02735,-0.042373,-0.394331,0.801148,-0.450181,-0.841385,-0.511752,-0.17372,-0.369557,0.310273,0.875875,0.016088,0.028424,-0.021837,-2.286225,2.330189,0.515628,-0.830352
429,0.099508,0.010888,0.392988,-0.516021,0.766889,-0.381641,-0.83296,-0.553113,0.014662,-0.199211,0.324501,0.924685,0.020102,0.077411,-0.062014,-1.801577,1.030153,4.903379,-1.900495,-0.113552,0.024238,0.337064,0.82149,0.564373,0.081409,-0.565849,0.789644,0.237088,0.06849,-0.241552,0.967897,-0.002327,0.020661,-0.067877,0.035706,0.10483,0.063972,0.437228,0.037257,0.034558,-0.012023,-0.75761,-0.634301,0.153908,0.65239,-0.743227,0.148324,0.020306,0.212781,0.976888,0.005382,0.011626,-0.033664,-0.001886,0.209515,-0.060242,0.411694,0.086392,0.0286,-0.043327,-0.328098,0.856877,-0.397633,-0.893289,-0.418335,-0.164409,-0.307223,0.301259,0.902694,0.009697,0.033502,-0.026381,-0.685445,0.850366,-0.512299,-0.832474
430,0.099831,0.012292,0.391856,-0.488592,0.790614,-0.369123,-0.855268,-0.517638,0.023222,-0.172112,0.326059,0.929565,0.019611,0.075716,-0.06293,-0.548864,0.789229,-0.255953,-1.900137,-0.113607,0.02471,0.335731,0.822471,0.562437,0.084833,-0.564709,0.790014,0.23857,0.066128,-0.244842,0.967234,-0.002584,0.022055,-0.066847,0.002239,0.12332,0.079156,0.433923,0.03723,0.034792,-0.012691,-0.758376,-0.632499,0.15751,0.651435,-0.743732,0.14998,0.022284,0.216349,0.976061,-0.001312,0.011363,-0.033148,-0.024281,0.139205,0.095921,0.408102,0.086561,0.029333,-0.043915,-0.295346,0.878288,-0.376004,-0.913474,-0.374894,-0.158173,-0.279884,0.296754,0.913017,0.009798,0.037655,-0.031581,-0.636238,0.763164,-0.302269,-0.828555
431,0.100524,0.014987,0.389447,-0.414397,0.844352,-0.339692,-0.90284,-0.428403,0.036382,-0.114297,0.320712,0.94027,0.017173,0.059392,-0.057109,-2.222594,1.07519,4.796225,-1.857875,-0.113645,0.025613,0.333301,0.825709,0.5566,0.09161,-0.560379,0.791275,0.244525,0.062576,-0.253953,0.965119,-0.001797,0.016213,-0.054756,-0.283372,0.252783,0.195989,0.42435,0.037212,0.035241,-0.013914,-0.76106,-0.627529,0.1643,0.648196,-0.745486,0.155213,0.025083,0.224625,0.974122,-0.001757,0.013744,-0.031293,-0.46198,0.355135,0.270129,0.399448,0.086903,0.030664,-0.045095,-0.224933,0.915796,-0.332749,-0.94723,-0.285566,-0.145625,-0.228384,0.282434,0.931702,0.008934,0.034499,-0.033401,-1.821051,1.978043,-0.405437,-0.841292
432,0.100967,0.01732,0.386968,-0.367,0.876819,-0.310716,-0.927748,-0.369327,0.053416,-0.067471,0.306777,0.949401,0.002335,0.053545,-0.06033,-0.450793,0.631199,-0.354262,-1.806121,-0.113544,0.026561,0.331152,0.830445,0.548435,0.097828,-0.553586,0.793239,0.253473,0.060368,-0.265352,0.962189,0.010285,0.023909,-0.050147,-0.415937,0.309601,0.2871,0.415013,0.03726,0.035703,-0.014973,-0.765476,-0.620364,0.170862,0.642932,-0.748176,0.163923,0.026143,0.235332,0.971563,-0.001397,0.010981,-0.025076,-0.007302,0.10518,0.094215,0.388017,0.087131,0.031837,-0.046331,-0.173722,0.940406,-0.292327,-0.967324,-0.218613,-0.128416,-0.18467,0.260467,0.947656,0.007829,0.030419,-0.035765,-1.989795,1.713345,-0.529511,-0.830515
433,0.101111,0.018285,0.38573,-0.337087,0.892333,-0.300266,-0.940244,-0.335346,0.058784,-0.047826,0.301027,0.952429,0.000983,0.048457,-0.063368,-3.5588,2.036842,4.533499,-1.797028,-0.113498,0.026985,0.330273,0.832812,0.544301,0.100754,-0.550103,0.794066,0.258419,0.059605,-0.271334,0.960566,-0.003324,0.024417,-0.048156,-0.510001,0.359495,0.325066,0.412343,0.037287,0.035923,-0.015432,-0.767893,-0.616441,0.174182,0.640037,-0.749498,0.169128,0.026292,0.241355,0.97008,-0.001638,0.01226,-0.024037,0.001595,0.100406,0.091162,0.383282,0.087204,0.032342,-0.046971,-0.145887,0.949904,-0.276401,-0.975009,-0.185371,-0.122444,-0.167547,0.251631,0.953209,0.00038,0.023888,-0.032027,-3.574369,1.979264,4.510664,-0.828066
434,0.101368,0.019777,0.383281,-0.309408,0.907299,-0.284817,-0.950619,-0.30276,0.068053,-0.024109,0.290678,0.956531,-0.001537,0.031513,-0.05819,-0.456941,0.536138,-0.353565,-1.804868,-0.113434,0.027792,0.32869,0.838148,0.534753,0.107411,-0.542059,0.79535,0.271154,0.058518,-0.286173,0.956317,-0.002428,0.01797,-0.036416,-0.499543,0.338588,0.285354,0.407079,0.037319,0.036322,-0.016214,-0.773232,-0.607531,0.181707,0.633605,-0.75177,0.182714,0.025598,0.256412,0.966228,-0.001296,0.009571,-0.017725,-0.101638,0.114079,0.151273,0.374628,0.087329,0.033062,-0.048153,-0.117136,0.95937,-0.256686,-0.982108,-0.150277,-0.113491,-0.147454,0.2388,0.959807,-0.000875,0.015171,-0.029452,0.133043,0.034475,-0.036224,-0.844231
435,0.10156,0.020843,0.381024,-0.299296,0.913324,-0.276236,-0.954141,-0.28846,0.079859,-0.006381,0.286332,0.958123,0.010312,0.026342,-0.061495,-1.56149,0.498464,5.246675,-1.81557,-0.113516,0.028521,0.32747,0.843295,0.52524,0.113875,-0.534095,0.796011,0.284682,0.05782,-0.301561,0.95162,-0.003324,0.022734,-0.032458,-0.227878,0.19039,0.163131,0.40466,0.037278,0.036692,-0.016839,-0.778989,-0.597573,0.189951,0.626574,-0.753473,0.199204,0.024084,0.274196,0.961371,-0.000893,0.006562,-0.011665,-0.301809,0.205384,0.193305,0.368586,0.087423,0.033603,-0.049305,-0.114636,0.962465,-0.246003,-0.984793,-0.142642,-0.099166,-0.130534,0.230895,0.964182,-0.001438,0.009348,-0.025295,-0.546475,0.494092,-0.235746,-0.863663
436,0.101784,0.021859,0.378621,-0.305432,0.911849,-0.274386,-0.95221,-0.291193,0.092055,0.004414,0.288254,0.957558,0.00995,0.024954,-0.06235,0.095912,-0.155743,0.005725,-1.844764,-0.113772,0.029176,0.326545,0.849645,0.513086,0.121814,-0.523937,0.795739,0.303683,0.057815,-0.322499,0.94473,-0.015421,0.013538,-0.021352,-0.612107,0.382512,0.296818,0.402378,0.037149,0.037029,-0.017313,-0.785118,-0.586698,0.19843,0.618959,-0.754592,0.217899,0.021894,0.293897,0.955585,-0.007735,0.006999,-0.010485,-0.75367,0.445495,0.318087,0.36336,0.087538,0.034116,-0.050533,-0.115848,0.962753,-0.244304,-0.986243,-0.140693,-0.08677,-0.11791,0.230891,0.965808,0.004961,0.012266,-0.031307,0.131659,-0.131232,0.012443,-0.879665
437,0.101904,0.022385,0.377372,-0.309411,0.910535,-0.274292,-0.950885,-0.293252,0.098963,0.010051,0.290306,0.956895,-0.002622,0.027393,-0.060695,0.067815,-0.222357,-0.053031,-1.85149,-0.113898,0.029484,0.326157,0.852399,0.507649,0.125298,-0.519456,0.79541,0.312127,0.057716,-0.33179,0.941513,-0.00256,0.017001,-0.020079,-0.508059,0.31197,0.279976,0.402041,0.037085,0.037185,-0.017506,-0.788044,-0.581335,0.20257,0.615267,-0.754836,0.227304,0.020768,0.303761,0.952521,-0.001303,0.008701,-0.00987,-0.584584,0.345933,0.292152,0.361891,0.087598,0.034366,-0.051136,-0.119927,0.962149,-0.244713,-0.986444,-0.143293,-0.079964,-0.112003,0.231806,0.966291,0.004863,0.011892,-0.031542,0.06337,-0.258816,-0.065535,-0.880319
438,0.102395,0.023699,0.374677,-0.32083,0.906388,-0.27491,-0.946773,-0.298723,0.119825,0.026878,0.297591,0.954329,0.011126,0.036809,-0.070338,-2.025176,1.299178,-0.914306,-1.877364,-0.114222,0.030093,0.32546,0.857425,0.494917,0.140961,-0.511979,0.793636,0.328564,0.049662,-0.354518,0.933656,-0.002975,0.019236,-0.018191,-0.717116,0.409367,0.400505,0.402111,0.036925,0.037483,-0.017847,-0.791906,-0.570158,0.21864,0.610075,-0.754154,0.243022,0.026328,0.325838,0.945058,-0.007982,0.008329,-0.009356,-0.236313,0.181422,0.144655,0.362217,0.087837,0.035017,-0.052481,-0.130477,0.95968,-0.248975,-0.986737,-0.150154,-0.061667,-0.096565,0.237627,0.966543,0.012014,0.017629,-0.035715,-0.0492,-0.537542,-0.106564,-0.877543
439,0.103415,0.025505,0.37162,-0.334132,0.900454,-0.278538,-0.941697,-0.306422,0.138866,0.040101,0.307577,0.950692,0.026389,0.059644,-0.086793,0.10548,-0.307171,-0.17741,-1.900495,-0.114809,0.030761,0.324845,0.861394,0.480953,0.163329,-0.506584,0.791326,0.342215,0.03426,-0.378133,0.925044,-0.014599,0.007662,-0.009102,-0.710561,0.404321,0.330332,0.401312,0.036635,0.037822,-0.018157,-0.794577,-0.556906,0.241871,0.60593,-0.752694,0.257486,0.038659,0.351149,0.935521,-0.008206,0.009574,-0.008307,-0.753191,0.344704,0.547422,0.361238,0.088341,0.035908,-0.054006,-0.144976,0.956262,-0.254055,-0.986284,-0.160143,-0.039957,-0.078894,0.244778,0.966364,0.012793,0.02435,-0.039124,0.075053,-0.31227,-0.211551,-0.881788
440,0.104075,0.026609,0.369971,-0.34792,0.894819,-0.279815,-0.936427,-0.317127,0.15002,0.04593,0.313107,0.948621,0.026824,0.061477,-0.085442,0.081858,-0.342966,-0.198779,-1.900344,-0.115157,0.031122,0.32454,0.863844,0.472755,0.173974,-0.502849,0.790145,0.350354,0.027081,-0.390735,0.92003,-0.016457,0.019396,-0.016406,-0.806225,0.464002,0.409483,0.400857,0.036462,0.038,-0.018306,-0.796342,-0.549468,0.25283,0.603228,-0.752051,0.265582,0.044213,0.364008,0.930345,-0.008204,0.009614,-0.008263,-0.348514,0.113008,0.382776,0.360911,0.08867,0.036458,-0.054831,-0.159045,0.952958,-0.258021,-0.984637,-0.172183,-0.028996,-0.072059,0.249445,0.965703,0.019779,0.029652,-0.043479,0.081815,-0.387782,-0.191276,-0.877706
441,0.105703,0.029167,0.366475,-0.405759,0.866258,-0.291551,-0.912884,-0.36833,0.175918,0.045502,0.336453,0.940615,0.053653,0.071636,-0.094198,-0.124724,-0.565155,-0.54163,-1.901845,-0.115833,0.031784,0.323982,0.868018,0.457268,0.193499,-0.496204,0.787869,0.36466,0.013205,-0.413127,0.910503,-0.016619,0.020455,-0.015503,-0.600031,0.348864,0.313803,0.399852,0.036129,0.038327,-0.018582,-0.799601,-0.534676,0.273419,0.598001,-0.750658,0.2809,0.055053,0.388113,0.919965,-0.008301,0.010232,-0.007736,-0.199451,0.035303,0.323853,0.359605,0.089474,0.037733,-0.056576,-0.217146,0.934848,-0.280901,-0.973767,-0.227501,-0.004376,-0.067996,0.272583,0.959726,0.020257,0.031793,-0.041897,-0.364685,-0.704532,-0.628261,-0.874767
442,0.107968,0.032075,0.362696,-0.487874,0.813009,-0.317871,-0.872554,-0.443367,0.205057,0.02638,0.376388,0.926101,0.065919,0.069696,-0.095045,0.166825,-1.270911,-2.403888,-1.902181,-0.116583,0.032342,0.323516,0.880669,0.422269,0.214715,-0.473452,0.796436,0.37612,-0.013289,-0.43343,0.901014,-0.02968,0.018583,-0.015455,0.048909,2.6838,-0.693961,0.403296,0.035753,0.038611,-0.018817,-0.81365,-0.501361,0.294295,0.576362,-0.761865,0.295579,0.076022,0.410119,0.908857,-0.007412,0.004671,-0.003825,-0.166875,0.000715,0.274244,0.359931,0.090583,0.039167,-0.058426,-0.294335,0.899858,-0.321904,-0.952636,-0.303203,0.023469,-0.076484,0.313566,0.946481,0.033084,0.035024,-0.047435,-0.260654,-0.918109,-0.66513,-0.879339
443,0.110429,0.034831,0.359032,-0.536287,0.774216,-0.336201,-0.843945,-0.485205,0.228703,0.0146,0.40542,0.914029,0.079314,0.080369,-0.103166,-0.068653,-0.62073,-0.421112,-1.903064,-0.117486,0.03286,0.3231,0.886138,0.399148,0.23544,-0.462032,0.798717,0.385372,-0.035342,-0.450779,0.891859,-0.029751,0.019291,-0.014862,0.462759,2.546867,-1.10726,0.403418,0.035302,0.03887,-0.019026,-0.81925,-0.477945,0.316853,0.565507,-0.764949,0.308307,0.095023,0.431764,0.896966,-0.007472,0.005074,-0.003488,-0.22305,0.023359,0.290166,0.361891,0.091858,0.040596,-0.06033,-0.351155,0.866689,-0.354314,-0.932586,-0.357494,0.049804,-0.0835,0.347918,0.933798,0.039734,0.040189,-0.051597,-0.011512,-0.559769,-0.39954,-0.855335
444,0.111839,0.036283,0.35718,-0.553066,0.761143,-0.338856,-0.833032,-0.497911,0.241068,0.015449,0.414656,0.909862,0.078756,0.071628,-0.09311,-0.247115,-0.340537,-0.700128,-1.902976,-0.117893,0.033084,0.32296,0.887507,0.392247,0.241795,-0.459054,0.796772,0.392884,-0.039663,-0.46018,0.886862,-0.013266,-0.000785,0.000931,-0.557028,0.188876,0.388151,0.402313,0.035088,0.038989,-0.019101,-0.819222,-0.471945,0.325794,0.564564,-0.763467,0.313662,0.100702,0.44089,0.891893,-0.006637,-0.00034,0.000522,-0.684475,0.229433,0.421976,0.361238,0.092533,0.041293,-0.061222,-0.368359,0.857193,-0.359902,-0.926151,-0.372058,0.061769,-0.080957,0.356077,0.930942,0.033278,0.037108,-0.045688,-0.781261,-0.172073,-0.876415,-0.833781
445,0.114664,0.039293,0.353526,-0.590866,0.72543,-0.353093,-0.806768,-0.527303,0.266549,0.007905,0.441454,0.897264,0.07854,0.073015,-0.091663,-0.315566,-0.818358,-0.803982,-1.902973,-0.118491,0.033441,0.322824,0.888185,0.383263,0.253433,-0.456891,0.794018,0.400899,-0.048695,-0.472348,0.879988,-0.015224,0.011833,-0.005608,-0.454142,0.250449,0.206823,0.401788,0.034794,0.039163,-0.019167,-0.819234,-0.46366,0.33745,0.563201,-0.761326,0.321224,0.107972,0.453211,0.884839,-0.000264,0.001523,0.00128,-0.50319,0.248905,0.236845,0.359278,0.093946,0.042801,-0.063047,-0.407457,0.829355,-0.382294,-0.909526,-0.40617,0.088241,-0.082093,0.383661,0.919817,0.033188,0.037765,-0.045003,-0.552834,-1.231913,-0.811072,-0.83574
446,0.117782,0.042063,0.350102,-0.63457,0.671072,-0.383444,-0.772665,-0.562978,0.293286,-0.01827,0.481547,0.876245,0.090191,0.062638,-0.082725,1.885855,-2.378921,-5.342646,-1.903465,-0.118776,0.033584,0.32291,0.892042,0.371472,0.257411,-0.448334,0.798236,0.40218,-0.057195,-0.474638,0.878243,-0.013686,0.001756,0.003036,-0.015875,0.134083,-0.179857,0.404049,0.034646,0.039238,-0.019126,-0.823938,-0.451363,0.342632,0.554725,-0.765966,0.324925,0.115785,0.457785,0.881491,-0.006858,0.000969,0.001601,0.003708,0.123226,-0.187395,0.360748,0.095501,0.044188,-0.064764,-0.449173,0.786461,-0.423936,-0.888374,-0.443622,0.118277,-0.095047,0.429741,0.897935,0.038843,0.031737,-0.041081,-0.30993,-0.840428,-0.633505,-0.829535
447,0.119389,0.043306,0.348482,-0.646538,0.653809,-0.39315,-0.762415,-0.572363,0.30182,-0.026893,0.494065,0.869024,0.089032,0.050961,-0.07491,-0.158919,-0.576838,-0.416406,-1.903534,-0.118857,0.03364,0.323004,0.891353,0.372157,0.258806,-0.44961,0.797609,0.402002,-0.057938,-0.475158,0.877913,-0.000878,0.005059,0.004212,-0.013661,0.096468,-0.139377,0.404655,0.034607,0.039263,-0.019082,-0.823072,-0.452079,0.343767,0.555882,-0.765308,0.324496,0.11639,0.458177,0.881207,-0.000395,0.002277,0.001902,0.002062,-0.002421,-0.003308,0.362054,0.096305,0.044816,-0.065576,-0.466325,0.768773,-0.437639,-0.878549,-0.460307,0.127544,-0.103397,0.443965,0.890058,0.038634,0.031379,-0.041226,-0.185889,-0.651916,-0.514027,-0.821207
448,0.122333,0.045507,0.345594,-0.678958,0.610395,-0.408018,-0.732986,-0.595627,0.328529,-0.041654,0.521368,0.852331,0.077041,0.056822,-0.070566,-0.31446,-0.902827,-0.774832,-1.903616,-0.118855,0.033793,0.323255,0.889697,0.373752,0.262182,-0.452649,0.796069,0.401642,-0.059717,-0.476489,0.877072,0.000698,-0.005323,0.012597,-0.050115,0.104009,-0.15898,0.408963,0.034602,0.039342,-0.01896,-0.820951,-0.45364,0.34677,0.5587,-0.763534,0.323832,0.117868,0.459591,0.880274,-0.000598,0.003427,0.002849,0.001617,-0.01701,0.021835,0.366136,0.097781,0.045909,-0.067025,-0.500945,0.733014,-0.460156,-0.858343,-0.488907,0.155615,-0.110906,0.472926,0.874093,0.038144,0.022446,-0.031653,-0.437602,-1.292483,-1.240188,-0.824963
449,0.125375,0.047449,0.343062,-0.705024,0.563254,-0.430965,-0.706087,-0.614508,0.351841,-0.065784,0.551653,0.831492,0.076263,0.04741,-0.061259,-0.419631,-0.979388,-0.860336,-1.90356,-0.118585,0.034017,0.323493,0.887922,0.375375,0.265857,-0.455857,0.794469,0.401181,-0.061736,-0.477885,0.876172,-0.00087,0.004982,0.004129,-0.015961,0.112728,-0.163056,0.414021,0.034737,0.039453,-0.018835,-0.818529,-0.455304,0.350297,0.561861,-0.761541,0.323059,0.119675,0.461252,0.879161,-0.000473,0.002685,0.002223,-0.016489,0.112284,-0.164263,0.370382,0.099302,0.046885,-0.068293,-0.529071,0.692588,-0.490309,-0.839089,-0.513148,0.180575,-0.126538,0.50695,0.852635,0.044325,0.022701,-0.031423,-0.003162,-0.759094,-0.890864,-0.822351
450,0.128389,0.049159,0.340821,-0.72991,0.516305,-0.448001,-0.677221,-0.63537,0.371011,-0.092189,0.573556,0.81398,0.075605,0.038187,-0.051947,0.904353,-2.540339,0.998401,-1.904397,-0.1184,0.034158,0.323674,0.885871,0.377247,0.270017,-0.459524,0.792645,0.400606,-0.064011,-0.479441,0.875158,-0.000677,0.003859,0.003193,-0.013655,0.096366,-0.139447,0.417614,0.034834,0.039528,-0.018742,-0.81587,-0.457111,0.354126,0.565291,-0.759384,0.32215,0.12166,0.463017,0.877959,-0.000246,0.00139,0.001149,-0.016346,0.112389,-0.163898,0.376913,0.10081,0.047744,-0.069417,-0.559664,0.650149,-0.513889,-0.816139,-0.54004,0.205602,-0.143849,0.534473,0.832853,0.037838,0.019048,-0.026055,-0.437942,-0.761699,-0.649835,-0.818758
451,0.129908,0.049984,0.33978,-0.746213,0.485646,-0.455366,-0.656762,-0.649005,0.383964,-0.108141,0.58498,0.803823,0.076361,0.051221,-0.058402,-0.258421,-0.607527,-0.53953,-1.904175,-0.118329,0.034207,0.323731,0.884292,0.377822,0.274354,-0.462076,0.791773,0.399394,-0.067436,-0.480431,0.874358,-0.000473,0.002692,0.002227,0.0,0.0,-0.0,0.417384,0.034869,0.039553,-0.018712,-0.813687,-0.457703,0.358358,0.567716,-0.758206,0.320656,0.124944,0.46436,0.876788,0.006232,0.002524,0.001305,-0.01252,0.078961,-0.109921,0.37871,0.101569,0.048152,-0.069935,-0.577198,0.62245,-0.528579,-0.801145,-0.556984,0.218935,-0.158134,0.549838,0.820164,0.037894,0.019877,-0.025454,-0.376272,-0.725053,-0.66577,-0.824146
452,0.133198,0.051907,0.337563,-0.770783,0.426892,-0.472971,-0.620737,-0.670507,0.406297,-0.142732,0.606224,0.782399,0.088372,0.050919,-0.058574,2.226931,-3.014199,-4.937725,-1.906004,-0.118186,0.034305,0.323806,0.88561,0.373373,0.276184,-0.458967,0.793732,0.399089,-0.071318,-0.480669,0.873919,0.012753,0.00341,0.001257,0.002145,-0.015061,0.029562,0.414244,0.034935,0.039602,-0.018675,-0.81514,-0.45344,0.360468,0.564783,-0.760398,0.320646,0.128705,0.464958,0.875927,-0.000121,0.000688,0.000565,0.00136,-0.000653,0.000276,0.377403,0.10321,0.049116,-0.071042,-0.603292,0.574434,-0.553229,-0.776608,-0.580953,0.243664,-0.181431,0.576644,0.796595,0.044545,0.031267,-0.033053,-0.378461,-0.72998,-0.822562,-0.826596
453,0.136449,0.054209,0.335222,-0.791885,0.370869,-0.485201,-0.585599,-0.686626,0.430802,-0.172401,0.624815,0.761519,0.088417,0.054804,-0.055673,-0.319671,-0.674412,-0.73825,-1.906851,-0.118212,0.034392,0.323867,0.886609,0.36922,0.278555,-0.456371,0.795466,0.398613,-0.075517,-0.481005,0.873381,-0.000354,0.002013,0.001662,0.0,0.0,0.0,0.406833,0.034933,0.039644,-0.018647,-0.816306,-0.449377,0.362911,0.562171,-0.762417,0.320439,0.132692,0.465595,0.874993,-0.00024,0.00136,0.001124,0.002173,-0.016569,0.023097,0.370382,0.104835,0.050262,-0.072215,-0.633133,0.518797,-0.574448,-0.745672,-0.607884,0.272855,-0.207642,0.601104,0.771724,0.038481,0.034314,-0.030733,-0.347726,-1.065957,-0.845165,-0.826433
454,0.138135,0.055543,0.334066,-0.803317,0.333065,-0.493754,-0.56272,-0.69607,0.445875,-0.194187,0.635608,0.747209,0.089314,0.070928,-0.059766,-0.142542,-1.851711,-0.859726,-1.907851,-0.118254,0.034465,0.323905,0.885987,0.369787,0.279778,-0.45746,0.794983,0.39833,-0.076233,-0.481369,0.873118,-0.01356,0.001212,0.002558,-0.018026,0.127899,-0.192322,0.406074,0.034912,0.039678,-0.01863,-0.815501,-0.449925,0.364039,0.563186,-0.761831,0.320053,0.133337,0.466025,0.874666,-0.001245,0.007754,-0.00208,0.038595,-0.024,0.042811,0.367443,0.105677,0.050918,-0.072795,-0.648133,0.486228,-0.586093,-0.72794,-0.621621,0.289292,-0.223666,0.614141,0.756838,0.044724,0.035369,-0.030029,1.193449,-3.543453,-0.354724,-0.825943
455,0.141594,0.0587,0.331492,-0.816276,0.284788,-0.502628,-0.534464,-0.702576,0.469794,-0.218331,0.651762,0.726337,0.077131,0.09493,-0.073185,-0.217537,-0.545607,-0.681485,-1.908167,-0.118315,0.034641,0.324015,0.886989,0.365605,0.282088,-0.454802,0.796766,0.39781,-0.08043,-0.48161,0.872609,-0.000764,0.004344,0.00358,0.002316,-0.016331,0.023629,0.40503,0.034877,0.039765,-0.018575,-0.81647,-0.445967,0.366727,0.560777,-0.763741,0.319731,0.137495,0.466703,0.87366,-0.000318,0.001809,0.001492,-0.015616,0.112172,-0.163594,0.36483,0.107412,0.052497,-0.074071,-0.66672,0.438323,-0.60279,-0.704793,-0.633816,0.318657,-0.242384,0.637297,0.731505,0.044518,0.041304,-0.033353,-0.373637,-0.58152,-0.90461,-0.823657
456,0.144919,0.062645,0.328478,-0.830683,0.221142,-0.510987,-0.496787,-0.708831,0.500733,-0.250441,0.669524,0.699317,0.088905,0.106985,-0.07953,-0.620979,-1.091489,-1.040834,-1.90865,-0.118342,0.03479,0.324176,0.887921,0.361471,0.284475,-0.452232,0.79843,0.397404,-0.084597,-0.481969,0.872016,-0.000882,0.005018,0.00413,0.006136,-0.010992,0.035341,0.40397,0.034864,0.039838,-0.018496,-0.817523,-0.441963,0.369221,0.558256,-0.76564,0.319599,0.141439,0.4674,0.872657,-0.000451,0.002558,0.002106,0.045466,0.043527,0.154502,0.362871,0.109037,0.054424,-0.075546,-0.687717,0.381862,-0.617435,-0.675545,-0.648065,0.351637,-0.265862,0.658932,0.703651,0.044287,0.047427,-0.036426,-0.530374,-0.933931,-0.965666,-0.819738
457,0.148122,0.0668,0.325438,-0.840578,0.161738,-0.517025,-0.459674,-0.71801,0.522622,-0.285659,0.676763,0.67854,0.063643,0.108803,-0.076962,-0.134169,-0.434896,-0.636643,-1.909194,-0.118387,0.034989,0.324353,0.886996,0.362318,0.286279,-0.453856,0.797677,0.397064,-0.085607,-0.482582,0.871578,-0.001065,0.006062,0.004979,0.002315,-0.016329,0.02363,0.402673,0.034841,0.039938,-0.018407,-0.816267,-0.4428,0.370991,0.559842,-0.764706,0.31906,0.14242,0.468135,0.872103,-0.000488,0.002771,0.002276,0.00219,-0.016438,0.023323,0.361401,0.110682,0.056543,-0.077095,-0.706064,0.321289,-0.631067,-0.643208,-0.663759,0.381714,-0.296236,0.675423,0.675312,0.038147,0.059999,-0.042327,-0.173583,-0.447495,-0.798962,-0.828555
