frame,MLTx,MLTy,MLTz,MLTR1,MLTR2,MLTR3,MLTR4,MLTR5,MLTR6,MLTR7,MLTR8,MLTR9,MLTTVx,MLTTVy,MLTTVz,MLTRVx,MLTRVy,MLTRVz,MLGA,MRTx,MRTy,MRTz,MRTR1,MRTR2,MRTR3,MRTR4,MRTR5,MRTR6,MRTR7,MRTR8,MRTR9,MRTTVx,MRTTVy,MRTTVz,MRTRVx,MRTRVy,MRTRVz,MRGA,SLTx,SLTy,SLTz,SLTR1,SLTR2,SLTR3,SLTR4,SLTR5,SLTR6,SLTR7,SLTR8,SLTR9,SLTTVx,SLTTVy,SLTTVz,SLTRVx,SLTRVy,SLTRVz,SLGA,SRTx,SRTy,SRTz,SRTR1,SRTR2,SRTR3,SRTR4,SRTR5,SRTR6,SRTR7,SRTR8,SRTR9,SRTTVx,SRTTVy,SRTTVz,SRTRVx,SRTRVy,SRTRVz,SRGA
2309,0.188613,-0.001897,0.324839,-0.968184,0.215448,-0.127468,-0.246866,-0.73659,0.629655,0.042969,0.640818,0.766508,-0.0,-0.0,-0.0,0.006034,-0.104581,0.169069,-0.499896,-0.112032,0.019831,0.317282,-0.875197,0.46998,-0.11463,-0.402278,-0.575156,0.712252,0.269921,0.668867,0.692548,-0.001073,0.007427,-0.011268,-0.438433,0.19561,0.202203,-1.402421,0.072985,0.05443,-0.012217,0.939326,-0.315361,-0.134959,0.311049,0.6172,0.722711,-0.144618,-0.72084,0.677845,-0.007227,0.002269,-0.006024,-0.498258,0.264833,0.183671,-0.905081,0.09309,0.039292,-0.055521,0.993576,-0.098386,0.055911,0.0444,0.793387,0.607095,-0.104089,-0.600713,0.792659,-2e-06,2e-06,-0.0,0.000381,-0.001389,0.001025,-0.611542
2310,0.188612,-0.001904,0.324833,-0.968104,0.215571,-0.127868,-0.247217,-0.736521,0.629599,0.042749,0.640857,0.766488,-1e-06,-0.0003,-0.000276,-0.0,0.0,-0.0,-0.501196,-0.112114,0.019972,0.317068,-0.874491,0.471341,-0.114427,-0.402571,-0.573451,0.71346,0.271771,0.669371,0.691336,-0.001124,0.007699,-0.011017,-0.024574,0.034047,0.018632,-1.402334,0.072944,0.054498,-0.01232,0.938472,-0.317973,-0.134765,0.312046,0.613542,0.725391,-0.147971,-0.722812,0.675015,-0.007361,0.002991,-0.005358,-0.001604,0.063123,0.002626,-0.905407,0.09309,0.03929,-0.055524,0.993586,-0.098593,0.055361,0.044897,0.79335,0.607107,-0.103777,-0.600727,0.792689,-2e-06,-0.000194,-0.000179,6.7e-05,-0.000191,0.000129,-0.611705
2311,0.188612,-0.001895,0.324827,-0.967875,0.215921,-0.129003,-0.248215,-0.736339,0.629418,0.042118,0.640947,0.766447,-0.0,-0.0,-0.0,0.0,0.0,0.0,-0.502945,-0.112209,0.020263,0.316705,-0.876485,0.46762,-0.114446,-0.399837,-0.574384,0.714246,0.269368,0.671182,0.690521,-0.001318,0.008729,-0.010066,0.03584,-0.006802,0.020112,-1.402391,0.072896,0.054646,-0.012506,0.939748,-0.31421,-0.1347,0.309422,0.614226,0.725936,-0.14536,-0.723876,0.674442,0.000311,-0.001606,-0.00148,0.009967,-0.000633,-0.000486,-0.905407,0.09309,0.039293,-0.055527,0.993605,-0.099027,0.05423,0.045927,0.793287,0.607112,-0.103141,-0.60074,0.792762,-2e-06,4e-06,5e-06,2.9e-05,-8e-06,-1.3e-05,-0.613338
2312,0.188612,-0.001889,0.324833,-0.967997,0.21631,-0.127426,-0.247475,-0.736089,0.630002,0.043681,0.641103,0.766229,0.0,6e-06,6e-06,0.006034,-0.104585,0.169067,-0.50385,-0.112217,0.020406,0.316346,-0.875808,0.469006,-0.113952,-0.400013,-0.572932,0.715313,0.271307,0.671454,0.689497,0.000887,-0.004695,-0.004331,-0.002831,0.001206,0.001092,-1.402601,0.072891,0.054726,-0.012684,0.939322,-0.315673,-0.134251,0.309836,0.612781,0.72698,-0.147221,-0.724465,0.673406,-0.000373,0.002878,-0.006404,0.047349,0.0103,-0.002599,-0.904917,0.09309,0.039297,-0.055524,0.993485,-0.099261,0.055976,0.044996,0.792985,0.607575,-0.104696,-0.601099,0.792286,-1e-06,-1e-06,-1e-06,0.000201,-0.000692,0.000509,-0.614155
2313,0.188602,-0.001895,0.324827,-0.967922,0.216423,-0.127803,-0.247804,-0.736023,0.629949,0.043472,0.64114,0.76621,-1e-06,-0.000353,-0.000325,-0.0,0.0,-0.0,-0.505399,-0.112209,0.020443,0.316161,-0.8751,0.470358,-0.113822,-0.400271,-0.571029,0.716689,0.273211,0.672126,0.688088,-0.000881,0.006411,-0.012207,-0.049561,0.029538,0.053069,-1.402041,0.072896,0.054739,-0.012774,0.938938,-0.316863,-0.134138,0.310237,0.610984,0.72832,-0.148821,-0.725462,0.671979,-0.000339,0.0027,-0.006572,-0.058227,0.053681,0.036643,-0.906061,0.093085,0.039294,-0.055526,0.993495,-0.099456,0.055454,0.045466,0.79295,0.607587,-0.104401,-0.601114,0.792314,-1e-06,-0.000234,-0.000216,4e-05,-9e-05,5.4e-05,-0.614645
2314,0.188602,-0.001902,0.324821,-0.967701,0.216761,-0.128903,-0.24877,-0.73583,0.629794,0.042867,0.641247,0.766155,-1e-06,-0.000415,-0.000382,0.0,0.0,0.0,-0.508163,-0.112222,0.020566,0.315744,-0.873659,0.473081,-0.113605,-0.400865,-0.56732,0.719298,0.276941,0.673351,0.685395,-0.000845,0.006223,-0.012386,-0.052901,0.046046,0.029735,-1.402472,0.07289,0.054798,-0.012979,0.937971,-0.319774,-0.133991,0.311452,0.607317,0.730865,-0.152337,-0.727262,0.66924,0.000519,-0.00271,-0.00251,-0.111367,0.069398,0.024632,-0.906877,0.093085,0.039291,-0.055529,0.993513,-0.099875,0.05436,0.04646,0.792872,0.607613,-0.103786,-0.601146,0.79237,-2e-06,-0.000271,-0.00025,0.006063,-0.104598,0.169069,-0.616441
2315,0.188612,-0.001915,0.324809,-0.967829,0.217139,-0.127289,-0.247996,-0.735585,0.630385,0.044452,0.641399,0.765937,-1e-06,-0.000431,-0.000397,-0.0,0.0,-0.0,-0.511978,-0.112265,0.020816,0.315202,-0.874253,0.472002,-0.113527,-0.398543,-0.564005,0.723185,0.27842,0.676882,0.681304,-0.000487,0.004327,-0.014149,-0.170525,0.095939,0.075388,-1.402317,0.072867,0.054929,-0.013251,0.938457,-0.318379,-0.133909,0.309668,0.603863,0.734475,-0.152979,-0.730741,0.665292,-0.001162,0.007953,-0.010785,-0.197636,0.105174,0.109805,-0.90802,0.09309,0.039284,-0.055536,0.993394,-0.10015,0.056012,0.045616,0.792562,0.608082,-0.105292,-0.60151,0.791895,-1e-06,-0.000272,-0.000251,0.000425,-0.001487,0.001117,-0.618727
2316,0.188602,-0.001921,0.324803,-0.967726,0.217296,-0.127806,-0.248449,-0.735495,0.630312,0.044166,0.64145,0.765911,-1e-06,-0.000306,-0.000282,-0.0,0.0,-0.0,-0.514928,-0.112283,0.020964,0.314862,-0.873487,0.473423,-0.113501,-0.399032,-0.562371,0.724187,0.280122,0.677247,0.680244,-0.002091,0.01457,-0.022813,-0.126119,0.085331,0.092225,-1.402217,0.072858,0.055,-0.013418,0.937923,-0.319952,-0.133898,0.310466,0.60237,0.735364,-0.154626,-0.731286,0.664312,-0.0001,0.001464,-0.007726,-0.237472,0.106467,0.085181,-0.90802,0.093085,0.03928,-0.055539,0.993404,-0.100344,0.055483,0.046091,0.792526,0.608092,-0.10499,-0.601524,0.791924,0.0,-0.000185,-0.00017,7e-05,-0.000193,0.000149,-0.620523
2317,0.18858,-0.001926,0.324786,-0.967949,0.217522,-0.12572,-0.247256,-0.73535,0.630949,0.046,0.641538,0.765729,-1e-06,-0.000257,-0.000237,-0.0,0.0,-0.0,-0.515995,-0.112304,0.021243,0.314002,-0.873364,0.473714,-0.113235,-0.396951,-0.557282,0.729247,0.283455,0.681235,0.67486,-0.001336,0.010579,-0.02655,-0.333195,0.178908,0.140002,-1.402293,0.072847,0.055139,-0.013834,0.938074,-0.319616,-0.133644,0.309091,0.59796,0.73953,-0.156452,-0.735043,0.659722,0.000265,-0.00043,-0.009508,-0.451105,0.155559,0.090307,-0.908673,0.093074,0.039278,-0.055547,0.993275,-0.100432,0.057588,0.044826,0.792266,0.608526,-0.106741,-0.601853,0.791441,-0.0,-0.000182,-0.000167,9.8e-05,-0.000337,0.000266,-0.624279
2318,0.18857,-0.001933,0.32478,-0.96779,0.217764,-0.126518,-0.247954,-0.73521,0.630839,0.045559,0.641616,0.76569,-1e-06,-0.000353,-0.000325,0.0,0.0,0.0,-0.514398,-0.112303,0.021595,0.312999,-0.869603,0.480543,-0.113409,-0.398703,-0.547673,0.735543,0.292448,0.684226,0.667961,0.012392,0.011778,-0.027374,-0.333941,0.173479,0.179323,-1.402449,0.072842,0.055316,-0.014347,0.935406,-0.327212,-0.133962,0.312501,0.58787,0.746157,-0.1654,-0.739824,0.652151,-0.000577,0.004894,-0.01366,-0.491108,0.200874,0.201781,-0.909653,0.093069,0.039275,-0.05555,0.993291,-0.100733,0.056792,0.045547,0.79221,0.608546,-0.106292,-0.601876,0.791483,-2e-06,-0.000222,-0.000206,9e-06,-2.2e-05,2.2e-05,-0.624769
2319,0.188559,-0.001933,0.32478,-0.967543,0.21814,-0.127756,-0.249038,-0.734992,0.630666,0.044877,0.641738,0.765628,-0.0,-0.0,-0.0,0.0,0.0,0.0,-0.512927,-0.112242,0.022088,0.311937,-0.867827,0.483571,-0.114136,-0.397731,-0.538157,0.743056,0.298994,0.689614,0.659468,-0.001475,0.011323,-0.025909,-0.241708,0.132932,0.13816,-1.402513,0.072879,0.055558,-0.014883,0.934005,-0.33086,-0.134778,0.313349,0.577475,0.753879,-0.171597,-0.746359,0.64304,-0.000673,0.005421,-0.013183,-0.300955,0.176029,0.138967,-0.912102,0.093063,0.039274,-0.05555,0.993313,-0.101203,0.05556,0.046664,0.792121,0.608577,-0.1056,-0.601914,0.791547,-2e-06,8e-06,8e-06,2.1e-05,-0.0,-1e-05,-0.624279
2320,0.188559,-0.001925,0.324774,-0.967775,0.218354,-0.125616,-0.2478,-0.734856,0.631312,0.046742,0.64182,0.765447,-0.0,-0.0,-0.0,-0.0,0.0,-0.0,-0.513719,-0.112198,0.022312,0.311439,-0.865523,0.487621,-0.114403,-0.398663,-0.532164,0.746863,0.304399,0.691405,0.655107,-0.00157,0.011825,-0.025448,-0.131089,0.08631,0.094951,-1.402541,0.072901,0.055669,-0.015133,0.932256,-0.335604,-0.135153,0.31546,0.571107,0.757839,-0.177148,-0.749136,0.638289,-0.000716,0.005651,-0.012972,-0.103659,0.108674,0.112337,-0.916185,0.093063,0.039278,-0.055553,0.99318,-0.101275,0.057755,0.045331,0.791861,0.609016,-0.107412,-0.602244,0.791052,-3e-06,5e-06,5e-06,0.000924,-0.003243,0.002427,-0.624116
2321,0.188547,-0.001901,0.324768,-0.967574,0.21866,-0.126626,-0.248687,-0.734711,0.631131,0.046173,0.641881,0.765431,0.0,5.9e-05,5.4e-05,-0.0,0.0,-0.0,-0.514235,-0.112038,0.022632,0.310573,-0.860829,0.497396,-0.107534,-0.395288,-0.520224,0.756999,0.321673,0.693511,0.64454,0.013555,0.003958,-0.016537,-0.323283,0.036967,0.335313,-1.402324,0.072976,0.055831,-0.015571,0.929484,-0.345844,-0.128254,0.313958,0.559263,0.767238,-0.193617,-0.753402,0.628407,-0.000881,0.006501,-0.012179,-0.400824,0.180773,0.197764,-0.923859,0.093058,0.03929,-0.055556,0.993201,-0.101656,0.056714,0.046269,0.791823,0.608995,-0.106816,-0.60223,0.791144,-2e-06,3.3e-05,3.1e-05,0.00606,-0.104669,0.169102,-0.624116
2322,0.188547,-0.001893,0.324762,-0.967859,0.218788,-0.124206,-0.247201,-0.734625,0.631815,0.048192,0.641937,0.76526,0.0,0.0,0.0,-0.0,0.0,-0.0,-0.513901,-0.111675,0.022778,0.309984,-0.858499,0.503529,-0.097104,-0.38898,-0.515771,0.763288,0.335337,0.692403,0.63874,0.015015,-0.005404,-0.007105,-0.293333,1.738247,-1.874116,-1.402412,0.073163,0.055905,-0.015872,0.927996,-0.353061,-0.119041,0.309644,0.5531,0.773434,-0.207228,-0.754604,0.622598,0.007496,-0.00258,-0.003441,-0.284601,1.733616,-1.868257,-0.918961,0.093057,0.039294,-0.055559,0.993062,-0.101622,0.059152,0.044704,0.791585,0.609421,-0.108755,-0.602549,0.790637,0.0,-2e-06,-3e-06,0.000107,-0.00028,0.0002,-0.624279
2323,0.188547,-0.001901,0.324768,-0.967806,0.218869,-0.124471,-0.247432,-0.734561,0.631799,0.048053,0.641982,0.765231,0.0,0.0,0.0,-0.0,0.0,-0.0,-0.513793,-0.111457,0.022808,0.309802,-0.85795,0.505197,-0.093218,-0.386575,-0.515129,0.764941,0.339509,0.691665,0.637336,0.014566,-0.003032,-0.004857,-0.067384,0.060779,0.029847,-1.402405,0.073267,0.055918,-0.015963,0.927785,-0.355154,-0.114362,0.306875,0.552009,0.775314,-0.212228,-0.754421,0.621134,0.006421,0.00393,-0.006439,-0.049297,0.610112,-0.644087,-0.917818,0.093058,0.03929,-0.055556,0.993068,-0.101722,0.058886,0.044942,0.79155,0.609448,-0.108606,-0.602577,0.790635,1e-06,-1e-06,-5e-06,2.8e-05,-3.9e-05,1.9e-05,-0.624442
2324,0.188558,-0.001908,0.324762,-0.967611,0.219171,-0.125454,-0.248296,-0.734386,0.631663,0.047513,0.642078,0.765183,-1e-06,-0.000415,-0.000382,0.0,0.0,0.0,-0.51314,-0.110958,0.02285,0.309618,-0.851636,0.517304,-0.084292,-0.386887,-0.511718,0.767071,0.354749,0.685208,0.636008,0.013982,4e-05,-0.001939,-0.000575,-0.01201,0.029404,-1.402005,0.073522,0.055938,-0.016057,0.923623,-0.368457,-0.105637,0.307834,0.548838,0.777183,-0.228381,-0.750343,0.620343,0.00697,0.000172,-0.000837,0.017048,-0.02177,0.033681,-0.919124,0.093063,0.039288,-0.055558,0.993087,-0.102097,0.057909,0.04583,0.791479,0.609475,-0.108059,-0.602608,0.790687,1e-06,-0.000275,-0.000255,2.5e-05,-1.4e-05,3e-06,-0.624442
2325,0.188558,-0.001914,0.324756,-0.96745,0.221139,-0.123218,-0.248452,-0.735491,0.630315,0.049963,0.640134,0.766655,-1e-06,-0.000217,-0.0002,0.006348,-0.10439,0.169158,-0.5133,-0.110483,0.02289,0.309574,-0.845731,0.527735,-0.078904,-0.389426,-0.509108,0.767523,0.365945,0.679164,0.636148,0.013682,0.001602,-0.000455,-0.053716,0.480244,0.183329,-1.402087,0.073754,0.05596,-0.016077,0.919824,-0.379198,-0.100657,0.310555,0.54695,0.777432,-0.239747,-0.74636,0.620859,0.006823,0.000821,-0.000202,-0.126125,1.262429,1.097887,-0.918634,0.093063,0.039284,-0.055562,0.992744,-0.103945,0.060436,0.045969,0.792569,0.608047,-0.111103,-0.600858,0.791597,-0.0,-0.00016,-0.000147,-0.005261,-0.006086,0.00479,-0.624116
2326,0.188547,-0.001925,0.324732,-0.967326,0.221331,-0.12385,-0.249006,-0.735395,0.630208,0.049607,0.640178,0.766641,-1e-06,-0.000275,-0.000253,0.0,0.0,0.0,-0.512845,-0.110065,0.022903,0.30954,-0.836766,0.543106,-0.069649,-0.3923,-0.505675,0.768328,0.383118,0.669534,0.636246,0.013736,0.001347,-0.000704,-0.001226,0.035271,-0.025737,-1.402313,0.073962,0.055969,-0.016091,0.913477,-0.396442,-0.091605,0.314094,0.543934,0.778125,-0.258654,-0.739573,0.621392,0.006891,0.000598,-0.000441,-0.009057,0.161423,-0.170409,-0.924186,0.093057,0.039278,-0.055574,0.992766,-0.104224,0.059595,0.046695,0.792492,0.608092,-0.110606,-0.60091,0.791626,0.0,-0.000159,-0.000146,-9.9e-05,-0.000321,-0.000213,-0.623789
2327,0.188558,-0.001938,0.32472,-0.967273,0.221413,-0.124112,-0.249238,-0.735347,0.630172,0.049465,0.640204,0.766628,-4e-06,-0.001174,-0.001082,0.0,0.0,0.0,-0.512735,-0.109888,0.022911,0.309508,-0.827272,0.558145,-0.063916,-0.397508,-0.50094,0.768753,0.3981,0.660656,0.636328,0.013946,0.000294,-0.001714,-0.04213,0.541578,0.130412,-1.402017,0.074056,0.055976,-0.016105,0.906725,-0.412815,-0.086207,0.31993,0.540166,0.778373,-0.274758,-0.733351,0.621854,0.006977,0.000186,-0.000836,-0.041821,0.552943,0.119104,-0.929084,0.093063,0.039274,-0.055578,0.992772,-0.10432,0.059333,0.046929,0.792472,0.6081,-0.110457,-0.60092,0.79164,-3e-06,-0.000671,-0.000618,-0.000881,0.014967,-0.024737,-0.623626
2328,0.188568,-0.001944,0.324714,-0.967049,0.22176,-0.125235,-0.250224,-0.735145,0.630017,0.048849,0.640316,0.766574,-0.0,-4e-06,-4e-06,0.0,0.0,0.0,-0.512779,-0.109519,0.022972,0.309388,-0.820058,0.569523,-0.056032,-0.39819,-0.497324,0.770745,0.412124,0.653634,0.63465,0.012246,0.010851,-0.010044,-0.050415,0.029065,0.058937,-1.401815,0.07424,0.056008,-0.016164,0.901629,-0.425315,-0.078555,0.3211,0.536569,0.780376,-0.289755,-0.728834,0.620356,0.006134,0.005411,-0.00505,-0.036537,0.026356,0.063212,-0.939698,0.093068,0.039268,-0.055584,0.992794,-0.10474,0.058217,0.047936,0.792388,0.60813,-0.109826,-0.600958,0.791699,0.0,1.7e-05,1.5e-05,2.5e-05,-0.000137,-0.000161,-0.623462
2329,0.188558,-0.001932,0.324726,-0.967219,0.222059,-0.123379,-0.249232,-0.734939,0.63065,0.050567,0.640448,0.766353,1e-06,0.000434,0.0004,0.0,0.0,0.0,-0.511704,-0.109155,0.023074,0.309182,-0.790811,0.610586,-0.042357,-0.412101,-0.479822,0.774517,0.453579,0.629167,0.631092,-0.00122,0.008113,-0.010664,-0.031502,0.070041,0.04918,-1.401338,0.074422,0.056057,-0.016268,0.879628,-0.4711,-0.065707,0.337751,0.521341,0.783662,-0.334927,-0.711525,0.617701,-0.000594,0.004077,-0.005342,0.004738,0.065717,0.055236,-0.950802,0.093063,0.039274,-0.055578,0.992664,-0.104912,0.060094,0.046871,0.792092,0.608599,-0.111449,-0.601318,0.791199,1e-06,0.000284,0.000262,7.3e-05,-0.000337,8.1e-05,-0.623299
2330,0.188558,-0.001932,0.324726,-0.967108,0.22223,-0.12394,-0.249724,-0.734838,0.630574,0.050259,0.640504,0.766326,0.0,6e-06,6e-06,0.0,0.0,0.0,-0.5099,-0.108948,0.023155,0.309089,-0.764171,0.644365,-0.028795,-0.422938,-0.466687,0.776698,0.487998,0.604881,0.629157,0.012049,0.011825,-0.009118,-0.095765,1.462055,0.936042,-1.401724,0.074521,0.056091,-0.016313,0.859968,-0.507596,-0.052917,0.349773,0.510708,0.785388,-0.371635,-0.693918,0.616736,0.006842,-0.000136,-0.000816,-0.279144,4.909764,2.853773,-0.949006,0.093063,0.039275,-0.055577,0.992675,-0.105122,0.059534,0.047376,0.79205,0.608614,-0.111133,-0.601336,0.791229,0.0,-5e-06,-4e-06,1.2e-05,-0.000113,-5.2e-05,-0.623136
2331,0.188579,-0.001944,0.324714,-0.966827,0.222665,-0.125345,-0.250959,-0.734583,0.63038,0.049489,0.640645,0.766259,-4e-06,-0.001353,-0.001247,0.005159,-0.08945,0.144557,-0.506557,-0.108423,0.02333,0.309051,-0.71758,0.696456,-0.004437,-0.436311,-0.444395,0.782355,0.543804,0.562446,0.622732,0.013392,0.003095,0.000948,-0.471466,0.710317,0.319783,-1.401873,0.074774,0.056177,-0.016338,0.823638,-0.566327,-0.029868,0.367442,0.492792,0.788759,-0.431978,-0.660627,0.613975,0.006557,0.001562,0.000883,-0.147677,5.889063,1.528325,-0.949006,0.093073,0.039272,-0.05558,0.992699,-0.105612,0.058257,0.048536,0.791953,0.608649,-0.110417,-0.601378,0.791297,1e-06,-4.1e-05,-3.8e-05,1.3e-05,-5.1e-05,-5.4e-05,-0.621503
2332,0.188653,-0.001949,0.324706,-0.966942,0.223061,-0.123749,-0.250207,-0.734327,0.630978,0.051076,0.6408,0.766024,-0.0,-1.9e-05,-1.8e-05,-0.0,0.0,-0.0,-0.50548,-0.107773,0.023436,0.309124,-0.666936,0.744764,0.022646,-0.446698,-0.423822,0.787889,0.597223,0.514404,0.615285,0.013455,0.00278,0.000638,-0.214167,0.968978,-0.241491,-1.40121,0.075098,0.056233,-0.016298,0.781542,-0.623825,-0.005765,0.382071,0.471321,0.794906,-0.493165,-0.623456,0.606703,0.006587,0.001208,0.000558,-0.149585,4.411971,3.795999,-0.943781,0.09311,0.039266,-0.055588,0.992571,-0.105897,0.059899,0.0477,0.791636,0.609127,-0.111923,-0.601745,0.790806,-0.0,0.0,-1e-06,0.000146,-0.00052,0.00033,-0.620197
2333,0.188737,-0.001954,0.324698,-0.967131,0.223337,-0.121755,-0.249106,-0.734142,0.631628,0.052882,0.640916,0.765805,-0.0,-6.9e-05,-6.4e-05,-0.0,0.0,-0.0,-0.505939,-0.107135,0.023442,0.309147,-0.636114,0.770687,0.037306,-0.450506,-0.410077,0.792979,0.62723,0.486634,0.607974,0.014,0.000164,-0.001881,-0.080253,0.161717,-0.142513,-1.400998,0.075431,0.056243,-0.016283,0.754133,-0.656628,0.010998,0.387353,0.458271,0.799964,-0.53032,-0.59902,0.599945,0.007039,-3.7e-05,-0.001103,-0.027502,0.165046,-0.156694,-0.94721,0.093153,0.039264,-0.055592,0.992435,-0.106096,0.061775,0.046653,0.791337,0.609597,-0.11356,-0.602104,0.7903,-2e-06,-2.5e-05,-2.3e-05,0.000254,-0.000879,0.000621,-0.619707
2334,0.18879,-0.001957,0.324679,-0.967028,0.223504,-0.122263,-0.249562,-0.734064,0.631538,0.052604,0.640946,0.765799,-1e-06,-0.000475,-0.000438,-0.0,0.0,-0.0,-0.506051,-0.106849,0.023434,0.309111,-0.626693,0.778245,0.039774,-0.454125,-0.40607,0.792977,0.634063,0.477897,0.607818,0.014018,9.8e-05,-0.001951,0.001026,-0.014443,0.029149,-1.401168,0.075575,0.056238,-0.016302,0.746075,-0.665727,0.013383,0.391797,0.455159,0.799578,-0.538392,-0.591301,0.600412,0.007036,-2.2e-05,-0.001082,0.01671,-0.02572,0.033591,-0.948516,0.093179,0.039263,-0.055601,0.992444,-0.106299,0.061262,0.047127,0.791313,0.609591,-0.113276,-0.602098,0.790344,-0.0,-0.000296,-0.000275,4.6e-05,-0.000136,7e-05,-0.61938
2335,0.188895,-0.002024,0.324598,-0.967135,0.223906,-0.120667,-0.248813,-0.733822,0.632114,0.054188,0.641082,0.765574,-5e-06,-0.002131,-0.001966,-1.3e-05,4e-05,-3.5e-05,-0.507277,-0.10641,0.023278,0.309067,-0.588627,0.806718,0.052118,-0.466464,-0.391458,0.793162,0.660993,0.441537,0.606628,0.002585,-0.01455,0.004476,0.251804,4.393576,3.33509,-1.401013,0.075795,0.056158,-0.016326,0.714664,-0.69901,0.025287,0.405591,0.443586,0.799203,-0.569868,-0.560906,0.600527,0.001262,-0.007645,0.002318,0.240445,4.361628,3.352237,-0.936759,0.093231,0.039232,-0.055638,0.992307,-0.106601,0.062935,0.046284,0.791005,0.610055,-0.114814,-0.60245,0.789854,0.007048,-0.001368,-0.001558,0.001434,-0.004238,0.008502,-0.61987
2336,0.189021,-0.002147,0.324452,-0.966911,0.224275,-0.121783,-0.249815,-0.733649,0.631921,0.05358,0.641153,0.765559,0.014098,-0.004926,-0.005146,0.000107,0.000446,0.005059,-0.511033,-0.106035,0.023122,0.309074,-0.565145,0.822458,0.064548,-0.472804,-0.386874,0.791656,0.676777,0.415834,0.607386,0.013973,0.000411,-0.001666,-0.009163,0.155859,-0.220044,-1.400846,0.075977,0.056084,-0.016326,0.693076,-0.719908,0.037105,0.413787,0.439458,0.797281,-0.590275,-0.537223,0.602466,0.006878,0.000751,-0.000343,-0.066043,0.533762,-0.699948,-0.942964,0.093289,0.039174,-0.055708,0.992332,-0.107048,0.061771,0.04735,0.790953,0.61004,-0.114162,-0.602438,0.789958,-2e-06,-0.002381,-0.002202,-0.000838,0.015051,-0.024417,-0.621666
2337,0.189116,-0.002238,0.324336,-0.966761,0.224518,-0.122512,-0.250473,-0.733545,0.63178,0.053179,0.641185,0.765559,0.014102,-0.00608,-0.00622,0.000107,0.000447,0.00506,-0.512249,-0.105919,0.02306,0.309108,-0.551459,0.831455,0.067578,-0.479355,-0.382006,0.790079,0.683415,0.402243,0.609103,0.000138,-0.000654,-0.00063,0.126925,1.304399,1.004429,-1.400711,0.07604,0.056051,-0.01631,0.685447,-0.726997,0.040452,0.418098,0.438471,0.795573,-0.596117,-0.528411,0.604505,0.00685,0.000872,-0.000222,-0.014258,-0.02986,0.028039,-0.931534,0.093336,0.039129,-0.055765,0.992345,-0.107345,0.061046,0.048031,0.790927,0.610021,-0.113766,-0.60242,0.790029,-2e-06,-0.003091,-0.002864,-0.00084,0.015139,-0.024484,-0.622809
2338,0.189388,-0.002456,0.323969,-0.966741,0.225142,-0.121523,-0.250298,-0.733354,0.632072,0.054388,0.641184,0.765475,0.014117,-0.008685,-0.008659,0.000105,0.000454,0.005064,-0.500145,-0.105781,0.02292,0.309234,-0.522276,0.849014,0.079959,-0.488011,-0.374323,0.788455,0.699988,0.37169,0.609693,0.0019,-0.01124,0.007666,-0.192415,1.714828,-2.186195,-1.400681,0.076109,0.055981,-0.016247,0.655586,-0.753489,0.049595,0.432062,0.428166,0.793723,-0.619297,-0.498926,0.606254,-4.7e-05,0.000239,0.000195,-0.00825,0.02998,0.03065,-0.925165,0.093472,0.039021,-0.055948,0.99222,-0.107915,0.062076,0.047819,0.790729,0.610295,-0.114945,-0.602578,0.789738,1e-06,-0.004686,-0.004354,-0.000442,0.013789,-0.023451,-0.621666
2339,0.189733,-0.002737,0.323457,-0.966793,0.225664,-0.120138,-0.249798,-0.733332,0.632295,0.055787,0.641025,0.765508,0.014142,-0.011689,-0.0115,0.000103,0.000465,0.005071,-0.455896,-0.105696,0.022779,0.309394,-0.493805,0.864955,0.089451,-0.499404,-0.366175,0.78514,0.712477,0.341934,0.612634,-0.000134,0.000633,0.00061,0.028595,-0.010407,-0.010234,-1.400215,0.076152,0.055912,-0.016167,0.630127,-0.77402,0.061902,0.443123,0.423917,0.789896,-0.637637,-0.470305,0.610108,-0.000106,0.000494,0.000447,-4.5e-05,-0.017584,-0.004741,-0.934963,0.093645,0.038882,-0.056203,0.992083,-0.108353,0.063482,0.047293,0.790656,0.61043,-0.116334,-0.602595,0.789521,0.006858,-0.000674,-0.010203,0.035376,0.002845,0.000553,-0.602235
2340,0.190107,-0.00302,0.322828,-0.967895,0.220335,-0.121155,-0.246444,-0.735024,0.631647,0.051326,0.640948,0.765884,0.013731,-0.002367,-0.021411,0.034982,0.004191,-0.000408,-0.390454,-0.105556,0.022623,0.309601,-0.459292,0.88216,0.104103,-0.510817,-0.358053,0.781536,0.727281,0.304655,0.614908,0.001512,-0.009397,0.009446,0.103343,0.366761,0.248454,-1.399647,0.076222,0.055831,-0.016065,0.599446,-0.796755,0.076445,0.455362,0.418016,0.78607,-0.658261,-0.436397,0.613391,-0.000273,0.001262,0.001221,0.283196,1.143607,1.170428,-0.941331,0.093837,0.038735,-0.056522,0.992733,-0.102975,0.062266,0.043938,0.791882,0.609091,-0.112028,-0.601928,0.790652,0.006873,-0.001283,-0.010805,0.034196,0.004364,-0.00027,-0.560596
2341,0.190284,-0.003148,0.322504,-0.96902,0.214885,-0.121944,-0.24283,-0.736562,0.631254,0.047032,0.641039,0.766084,2.3e-05,-0.012545,-0.011778,-0.000885,0.015204,-0.024466,-0.354157,-0.10546,0.022535,0.30974,-0.443119,0.889348,0.112683,-0.513444,-0.354694,0.781346,0.735403,0.287244,0.613626,0.00135,-0.008631,0.010183,-0.045494,0.144786,-0.191031,-1.39956,0.076271,0.055787,-0.015997,0.58451,-0.806947,0.084756,0.458708,0.414802,0.785828,-0.669278,-0.420446,0.612609,0.007526,-0.003464,0.004848,-0.094826,0.556067,-0.700519,-0.945577,0.093926,0.038672,-0.056683,0.99335,-0.097469,0.061265,0.040306,0.79293,0.607977,-0.107838,-0.601465,0.791586,0.006877,-0.000858,-0.010421,0.034139,0.00447,-0.000154,-0.536265
2342,0.190562,-0.003286,0.321901,-0.971176,0.20396,-0.123546,-0.235586,-0.739671,0.630364,0.038392,0.641043,0.766562,-0.000427,0.001844,-0.016907,0.03488,0.00375,-0.005468,-0.285725,-0.105067,0.02241,0.310076,-0.399582,0.907535,0.129252,-0.523081,-0.341396,0.780877,0.753291,0.243264,0.610932,0.014547,-0.004494,0.012092,0.182161,1.274961,1.041222,-1.399848,0.076462,0.055721,-0.015831,0.546184,-0.83149,0.101517,0.469435,0.404202,0.785016,-0.693768,-0.381108,0.611099,0.007432,-0.002796,0.005815,0.669323,4.296972,3.396789,-0.953741,0.094065,0.038593,-0.056988,0.994492,-0.086431,0.059277,0.032996,0.795038,0.605661,-0.099475,-0.600369,0.793511,0.006881,0.001125,-0.008577,0.034731,-0.010538,0.024462,-0.485155
2343,0.190677,-0.003234,0.321384,-0.973175,0.193042,-0.125347,-0.228455,-0.742802,0.629305,0.029583,0.640817,0.767141,-0.000436,0.00516,-0.013794,0.034881,0.003758,-0.005468,-0.201672,-0.104322,0.022403,0.310552,-0.365298,0.91776,0.155772,-0.525358,-0.341273,0.779401,0.768911,0.201715,0.606588,0.027894,-0.001099,0.013263,-0.032475,-0.018567,0.033899,-1.399484,0.076824,0.05572,-0.015595,0.512882,-0.848839,0.128157,0.472434,0.403737,0.783455,-0.716769,-0.341275,0.60809,0.013863,-0.000213,0.006923,-0.014424,-0.108813,0.186534,-0.954558,0.094123,0.038614,-0.057243,0.995516,-0.075433,0.057068,0.025826,0.797177,0.603192,-0.090994,-0.599013,0.795551,-0.000212,0.002449,-0.007025,0.038975,-0.100935,0.163596,-0.428167
2344,0.190692,-0.003161,0.321173,-0.974338,0.185953,-0.127013,-0.224066,-0.742975,0.630679,0.02412,0.642719,0.76574,-0.00044,0.006722,-0.012318,-0.021329,-0.049029,-0.002332,-0.158958,-0.103942,0.022362,0.310775,-0.342703,0.924676,0.165891,-0.529707,-0.335913,0.778786,0.776268,0.177848,0.604682,0.026188,0.009123,0.004596,0.278166,1.275599,1.044217,-1.399686,0.07703,0.055701,-0.015471,0.492305,-0.859383,0.138185,0.477395,0.399335,0.782703,-0.727825,-0.31936,0.60686,0.013093,0.004549,0.002271,0.285903,1.274715,1.067948,-0.958803,0.09413,0.038652,-0.057355,0.99613,-0.068509,0.055052,0.021419,0.796746,0.603934,-0.085237,-0.600417,0.79513,-0.000214,0.003123,-0.006387,-0.01654,-0.037252,-0.035545,-0.395835
2345,0.190636,-0.002916,0.320818,-0.977205,0.165821,-0.132741,-0.212365,-0.74473,0.632654,0.007266,0.646212,0.763141,-0.000449,0.009971,-0.009241,-0.28832,-0.291949,-0.062233,-0.06638,-0.103055,0.022174,0.311185,-0.315098,0.931076,0.183854,-0.534994,-0.334148,0.775925,0.784263,0.144954,0.603144,0.015129,-0.007112,0.009556,0.239467,-0.053008,-0.139534,-1.39939,0.077473,0.055609,-0.015265,0.465469,-0.87118,0.156151,0.482765,0.397782,0.780196,-0.741806,-0.287773,0.605731,0.007566,-0.003617,0.004694,0.341542,-0.074354,-0.150807,-0.953905,0.094102,0.038777,-0.057537,0.997597,-0.049222,0.048755,0.009912,0.797892,0.602718,-0.068568,-0.600787,0.796462,-0.000223,0.005162,-0.004457,-0.429422,-0.327911,-0.039612,-0.326274
2346,0.19056,-0.002607,0.320609,-0.978432,0.156865,-0.13457,-0.206722,-0.743744,0.635676,0.000846,0.649586,0.760306,-2e-06,0.000782,0.000741,-0.079562,-0.052488,-0.029948,0.024034,-0.101958,0.021948,0.311542,-0.280205,0.937274,0.20735,-0.539149,-0.332258,0.773858,0.79455,0.103862,0.598135,0.02904,-0.006115,0.008403,0.310406,1.272965,1.01242,-1.399573,0.077999,0.055501,-0.015092,0.438037,-0.880801,0.179756,0.485104,0.399951,0.777632,-0.756833,-0.253431,0.602474,0.014524,-0.003126,0.004113,-0.049381,0.130634,-0.16039,-0.943617,0.094064,0.038933,-0.05764,0.998152,-0.039475,0.046178,0.003435,0.795573,0.605847,-0.060653,-0.604569,0.794239,-0.000226,0.006239,-0.003431,-0.03982,-0.069328,-0.020813,-0.2492
2347,0.19051,-0.002363,0.32052,-0.979876,0.143796,-0.138608,-0.199419,-0.745239,0.636257,-0.010587,0.650912,0.759097,-5e-06,0.001909,0.001808,0.000605,-0.015518,0.024279,0.071584,-0.100857,0.021779,0.311786,-0.260994,0.933708,0.245076,-0.534307,-0.351048,0.768905,0.804281,0.068555,0.590166,0.0274,0.0038,-0.000585,-0.169457,1.906875,-2.440215,-1.399632,0.078571,0.055412,-0.014964,0.413885,-0.884085,0.217006,0.479858,0.414454,0.773281,-0.773586,-0.215917,0.595771,0.013706,0.001741,-0.000454,-0.168768,1.892187,-2.422745,-0.949822,0.094039,0.039056,-0.057684,0.99879,-0.026251,0.041569,-0.004248,0.796274,0.604921,-0.04898,-0.604366,0.795199,-2e-06,0.0004,0.000376,0.005671,0.00403,0.000172,-0.172291
2348,0.190498,-0.002289,0.32052,-0.980362,0.136484,-0.142508,-0.196429,-0.745217,0.637212,-0.018012,0.652518,0.757577,-5e-06,0.002201,0.002083,-0.057587,-0.414231,0.272227,0.086329,-0.100329,0.021709,0.311861,-0.260578,0.931313,0.25445,-0.53133,-0.358272,0.767634,0.806385,0.063657,0.587838,0.029424,-0.007572,0.006966,-0.065853,0.200111,-0.288563,-1.39998,0.078835,0.055375,-0.014928,0.41317,-0.881865,0.227161,0.475425,0.42164,0.772132,-0.776698,-0.211024,0.59347,0.014722,-0.003851,0.003401,-0.066349,0.194222,-0.284513,-0.952762,0.094033,0.039093,-0.057683,0.999097,-0.019577,0.037676,-0.007226,0.796014,0.605234,-0.041839,-0.60496,0.795155,-5e-06,0.000564,0.000533,0.057497,-0.870149,0.423784,-0.142245
2349,0.190476,-0.002204,0.320588,-0.980983,0.130949,-0.143426,-0.192816,-0.746297,0.637052,-0.022398,0.652426,0.757539,-6e-06,0.002259,0.002137,-2.7e-05,-1.8e-05,-1e-05,0.102039,-0.099279,0.021779,0.311932,-0.24347,0.931116,0.271544,-0.532567,-0.362211,0.764925,0.810882,0.040447,0.583693,0.026913,0.006007,0.001492,-0.045352,0.308775,-0.429487,-1.399656,0.079352,0.055403,-0.014897,0.396543,-0.885006,0.24396,0.47613,0.425482,0.769587,-0.78489,-0.189018,0.5901,0.013414,0.003167,0.000883,-0.043483,0.314762,-0.425422,-0.962559,0.094022,0.039137,-0.057649,0.999254,-0.013699,0.036088,-0.01091,0.796554,0.604468,-0.037026,-0.604411,0.795811,-6e-06,0.001329,0.001256,0.008555,-0.118976,0.194028,-0.104362
2350,0.190476,-0.002123,0.320678,-0.981377,0.125729,-0.145381,-0.190117,-0.747229,0.63677,-0.027353,0.652392,0.757406,-7e-06,0.002696,0.002548,0.000888,-0.015333,0.024386,0.112924,-0.098218,0.022017,0.311962,-0.227028,0.928382,0.294206,-0.525201,-0.370996,0.765807,0.820381,0.018172,0.571409,0.027322,0.00426,-0.000213,-0.602241,0.55465,-0.238053,-1.399979,0.07988,0.055529,-0.014876,0.38142,-0.885014,0.266959,0.468745,0.434079,0.76932,-0.796741,-0.168298,0.580412,0.013511,0.002765,0.000484,-0.030938,0.202131,-0.258939,-0.962396,0.094022,0.039177,-0.057603,0.999388,-0.008633,0.03388,-0.013578,0.79714,0.603641,-0.032218,-0.603732,0.796535,-5e-06,0.000827,0.00078,0.004738,-0.104457,0.169629,-0.085093
2351,0.190475,-0.002082,0.320702,-0.981118,0.126148,-0.146763,-0.191333,-0.74712,0.636534,-0.028133,0.652436,0.757339,-3e-06,0.001421,0.001343,-0.0,-0.0,-0.0,0.119985,-0.097743,0.022122,0.311973,-0.218245,0.927893,0.302283,-0.521428,-0.372586,0.767611,0.825147,0.00874,0.56473,0.013518,0.002736,0.00047,-0.601853,0.457786,-0.066919,-1.399538,0.080124,0.055579,-0.014874,0.372746,-0.886174,0.275236,0.464614,0.434988,0.771309,-0.803239,-0.159624,0.573869,0.013512,0.002753,0.000469,-0.050648,0.333306,-0.410796,-0.964519,0.094022,0.0392,-0.057589,0.999425,-0.009139,0.03263,-0.012418,0.797164,0.603634,-0.031528,-0.603692,0.796593,-4e-06,0.001006,0.00095,-0.000115,0.000939,0.001191,-0.076112
2352,0.190486,-0.002057,0.320726,-0.981272,0.121266,-0.149815,-0.189598,-0.747973,0.636051,-0.033707,0.65239,0.757151,-0.0,8e-05,7.5e-05,-0.0,-0.0,-0.0,0.126878,-0.09673,0.02233,0.312009,-0.208929,0.925216,0.316724,-0.516037,-0.379299,0.767966,0.830916,-0.004156,0.55626,0.027004,0.005613,0.00105,-0.127111,0.24935,-0.219113,-1.3994,0.080635,0.055684,-0.014856,0.362025,-0.885928,0.289945,0.456623,0.439712,0.7734,-0.812669,-0.147595,0.563722,0.013499,0.002814,0.000513,-0.098903,0.242774,-0.226644,-0.966478,0.094027,0.039215,-0.057575,0.999564,-0.004529,0.029162,-0.013972,0.797768,0.602802,-0.025994,-0.602947,0.797357,-2e-06,-1.9e-05,-2e-05,0.006019,-0.105083,0.169191,-0.060273
2353,0.190475,-0.002055,0.320715,-0.980794,0.122022,-0.152314,-0.191797,-0.74777,0.63563,-0.035116,0.65248,0.757009,0.0,-9.5e-05,-9e-05,-0.0,-0.0,-0.0,0.126076,-0.09587,0.022469,0.312004,-0.206522,0.921137,0.329917,-0.510717,-0.388977,0.766681,0.834793,-0.011316,0.550324,0.02739,0.004046,-0.000479,-0.035863,0.19248,-0.260383,-1.399481,0.081054,0.055754,-0.014856,0.359155,-0.882731,0.30297,0.449968,0.448191,0.772432,-0.81764,-0.141096,0.558171,0.007002,0.000382,-0.000741,0.005568,0.082302,-0.125273,-0.966805,0.094021,0.039214,-0.057582,0.999628,-0.005506,0.02668,-0.011694,0.797822,0.602779,-0.024605,-0.602867,0.797461,0.0,-7.7e-05,-7.6e-05,5.9e-05,0.000466,0.000611,-0.054885
2354,0.190464,-0.002068,0.320703,-0.980425,0.122597,-0.154215,-0.19347,-0.747602,0.635321,-0.036185,0.652565,0.756886,0.0,-7e-05,-6.6e-05,-0.0,-0.0,-0.0,0.124424,-0.095258,0.022496,0.311907,-0.206591,0.920305,0.332188,-0.509925,-0.390914,0.766222,0.835259,-0.012254,0.549595,0.014283,-0.000345,-0.002531,-0.01504,0.096802,-0.134189,-1.399503,0.081365,0.05577,-0.014904,0.359232,-0.881865,0.305393,0.448978,0.450187,0.771848,-0.81815,-0.140158,0.557659,0.007225,-0.000504,-0.001597,-0.03494,0.22823,-0.328272,-0.972683,0.094016,0.039207,-0.057589,0.999672,-0.006244,0.024792,-0.009965,0.79785,0.602772,-0.023544,-0.602822,0.797527,-1e-06,-3.6e-05,-3.4e-05,0.006185,-0.105504,0.168706,-0.055865
2355,0.190475,-0.002068,0.320702,-0.980256,0.122861,-0.155079,-0.194233,-0.747525,0.635179,-0.036668,0.652603,0.75683,0.0,-1e-06,-1e-06,-0.0,-0.0,-0.0,0.123835,-0.095094,0.022481,0.311852,-0.206628,0.920052,0.332867,-0.509689,-0.391503,0.766079,0.835395,-0.012523,0.549383,0.000691,-0.002808,-0.002708,-0.017094,0.11201,-0.163434,-1.399621,0.081453,0.05576,-0.014933,0.359243,-0.881573,0.306225,0.448581,0.450853,0.77169,-0.818363,-0.139857,0.557423,0.000359,-0.001453,-0.00141,-0.017674,0.1136,-0.167571,-0.973989,0.094021,0.039207,-0.057589,0.999691,-0.006581,0.023933,-0.009178,0.797863,0.602768,-0.023062,-0.602802,0.797557,-1e-06,6e-06,4e-06,1.6e-05,0.000247,0.000352,-0.056354
2356,0.190486,-0.002061,0.320708,-0.980573,0.117669,-0.157084,-0.191573,-0.748492,0.634847,-0.041656,0.652458,0.756697,-0.0,8.1e-05,7.6e-05,0.006131,-0.105822,0.168292,0.122831,-0.094977,0.022442,0.311785,-0.205082,0.919954,0.334091,-0.507419,-0.39171,0.767479,0.837154,-0.013286,0.546681,0.000243,-0.000985,-0.000951,-0.007243,0.00351,0.003193,-1.399618,0.081512,0.055739,-0.01497,0.357663,-0.881795,0.307429,0.446131,0.450552,0.773284,-0.820392,-0.139421,0.554542,0.000162,-0.000649,-0.00063,0.016761,0.001584,-0.007673,-0.975459,0.094027,0.03921,-0.057586,0.999761,-0.001447,0.021777,-0.011955,0.798467,0.601919,-0.018259,-0.602036,0.798259,-1e-06,5.7e-05,5.3e-05,-6.8e-05,0.000277,0.000327,-0.057008
2357,0.190476,-0.002078,0.320721,-0.980906,0.112398,-0.158853,-0.188698,-0.749439,0.634591,-0.046505,0.652307,0.756544,-0.0,0.0,0.0,0.079011,-0.315638,-0.376295,0.120948,-0.095252,0.022347,0.311726,-0.205568,0.920972,0.330974,-0.508087,-0.389366,0.768229,0.83663,-0.011399,0.547524,-0.01344,-0.003118,-0.000806,-0.002046,0.015205,-0.029243,-1.399854,0.08138,0.055692,-0.015,0.358362,-0.882603,0.304281,0.44737,0.448419,0.773808,-0.819412,-0.141178,0.555546,-0.006731,-0.001516,-0.000361,-0.001908,0.017754,-0.034286,-0.977419,0.094022,0.039202,-0.05758,0.999801,0.003517,0.019577,-0.014581,0.799032,0.60111,-0.013528,-0.601277,0.798925,-2e-06,-2e-06,-3e-06,0.086175,-0.320554,-0.378801,-0.058477
2358,0.190465,-0.002078,0.320721,-0.98069,0.112731,-0.159951,-0.189665,-0.749351,0.634407,-0.047124,0.65235,0.756469,-0.0,0.0,0.0,0.00613,-0.105813,0.168297,0.12092,-0.095488,0.022316,0.311706,-0.205854,0.921626,0.328968,-0.508569,-0.387844,0.768679,0.836267,-0.010227,0.548102,-0.013621,-0.002376,-9.2e-05,-0.002044,0.015202,-0.029241,-1.399587,0.081262,0.055675,-0.01501,0.35874,-0.883146,0.302253,0.448101,0.446992,0.774211,-0.818846,-0.142301,0.556093,-0.006844,-0.001053,9e-05,-0.002433,0.018241,-0.034419,-0.978235,0.094016,0.039202,-0.05758,0.999823,0.003254,0.018481,-0.013711,0.799059,0.601095,-0.012811,-0.601243,0.798963,-2e-06,0.0,-1e-06,0.005732,-0.10551,0.168555,-0.059783
2359,0.190465,-0.002051,0.320733,-0.98034,0.113268,-0.161709,-0.191213,-0.749227,0.634088,-0.048116,0.652399,0.756364,-1e-06,0.000605,0.000572,-0.0,-0.0,-0.0,0.120226,-0.096162,0.022262,0.311637,-0.207029,0.925007,0.318581,-0.511122,-0.379809,0.770995,0.83442,-0.00438,0.550988,-0.013516,-0.002798,-0.000509,0.016336,-0.110233,0.152052,-1.399548,0.080924,0.055651,-0.015042,0.360327,-0.885988,0.291871,0.451924,0.43952,0.776264,-0.816044,-0.147806,0.55877,-0.013516,-0.002789,-0.000491,0.000109,-0.011851,-0.002602,-0.978562,0.094016,0.039215,-0.057575,0.999856,0.002575,0.016734,-0.012117,0.799112,0.601058,-0.011824,-0.601175,0.799029,-3e-06,0.000391,0.000369,7e-06,0.000157,0.000205,-0.0606
2360,0.190464,-0.002019,0.320763,-0.98126,0.102199,-0.16349,-0.183901,-0.751313,0.633783,-0.056841,0.651842,0.75624,-2e-06,0.000943,0.00089,0.0,-1e-06,-1e-06,0.11776,-0.096933,0.022202,0.311618,-0.229625,0.921554,0.313053,-0.503482,-0.387623,0.772133,0.833181,0.018524,0.552566,-0.013863,-0.001339,0.000888,-0.157753,-0.368844,-0.304085,-1.399366,0.080534,0.055619,-0.015053,0.381898,-0.878786,0.28616,0.44318,0.445839,0.7777,-0.811014,-0.170182,0.559726,-0.006951,-0.000602,0.000523,-0.159832,-0.369828,-0.3108,-0.978072,0.094016,0.039231,-0.05756,0.999804,0.013587,0.014331,-0.019466,0.80025,0.599349,-0.003325,-0.599511,0.800358,-6e-06,0.000596,0.000562,-0.001567,0.000539,0.000216,-0.063212
2361,0.190444,-0.001921,0.320884,-0.982071,0.09109,-0.165179,-0.176482,-0.753302,0.633531,-0.065501,0.651208,0.756085,-1e-05,0.004107,0.003873,0.001088,-0.016097,0.023473,0.115475,-0.097741,0.022069,0.31162,-0.247043,0.919766,0.304946,-0.498617,-0.390383,0.773897,0.831145,0.037976,0.554635,-0.027146,-0.00507,-0.000551,0.014196,-0.095076,0.122783,-1.39947,0.08014,0.055557,-0.01505,0.398835,-0.873865,0.278009,0.437839,0.447842,0.779572,-0.805745,-0.189198,0.561228,-0.006824,-0.001128,1e-05,0.003045,-0.027427,0.02848,-0.976276,0.094006,0.039273,-0.057505,0.999624,0.024628,0.012018,-0.026927,0.801278,0.597685,0.005091,-0.597784,0.80164,-1e-05,0.002026,0.001909,0.00666,-0.12891,0.18264,-0.065825
2362,0.190422,-0.001845,0.320957,-0.981894,0.091363,-0.166078,-0.177272,-0.753248,0.633375,-0.06601,0.651232,0.75602,-1.1e-05,0.004592,0.004328,0.000888,-0.015332,0.024387,0.115425,-0.098138,0.021995,0.311613,-0.263716,0.915858,0.302736,-0.492191,-0.397561,0.774356,0.829873,0.054052,0.555205,-0.013775,-0.001674,0.000548,-0.047218,-0.100341,-0.112091,-1.399494,0.079937,0.055516,-0.015056,0.414508,-0.867294,0.275651,0.430424,0.453717,0.780304,-0.801821,-0.204796,0.561374,-0.013671,-0.002141,0.000112,-0.154086,-0.370484,-0.318731,-0.977582,0.093995,0.039313,-0.057467,0.999642,0.024282,0.011129,-0.026118,0.801302,0.597688,0.005595,-0.597766,0.80165,-8e-06,0.002059,0.001939,0.005775,-0.105435,0.168685,-0.066805
2363,0.190347,-0.001637,0.32117,-0.981486,0.091983,-0.168134,-0.179076,-0.753106,0.633036,-0.067174,0.651308,0.755852,-1.3e-05,0.006131,0.005765,0.000887,-0.015331,0.024387,0.115352,-0.098943,0.021848,0.311586,-0.303529,0.908554,0.287039,-0.480057,-0.405926,0.777627,0.823399,0.097091,0.558973,-0.027058,-0.005429,-0.000927,0.001791,-0.580945,0.520948,-1.399021,0.079545,0.055442,-0.015064,0.451708,-0.852658,0.26255,0.416079,0.461655,0.783422,-0.7892,-0.244636,0.563306,-0.013523,-0.002742,-0.000469,-0.494673,-1.265852,-1.004695,-0.980521,0.093958,0.039415,-0.057363,0.999679,0.023555,0.009245,-0.024409,0.801363,0.597679,0.00667,-0.597713,0.801681,-0.007081,0.002533,0.002692,-0.000952,0.014931,-0.029274,-0.067785
2364,0.190252,-0.001457,0.321371,-0.981658,0.086705,-0.169928,-0.176185,-0.754019,0.632761,-0.072046,0.650983,0.755684,-1e-05,0.005118,0.004803,0.007006,-0.121125,0.192697,0.116212,-0.099698,0.021719,0.311568,-0.342843,0.898941,0.272682,-0.467658,-0.414957,0.780411,0.815111,0.138901,0.562285,-0.027353,-0.004143,0.000291,-0.013461,-0.024786,-0.05462,-1.399494,0.079152,0.055376,-0.01508,0.4896,-0.836735,0.245287,0.403343,0.466736,0.787065,-0.773049,-0.286412,0.566005,-0.013685,-0.002067,0.000155,-0.012276,-0.015074,-0.0659,-0.988359,0.09391,0.039512,-0.057255,0.999565,0.028648,0.006946,-0.02713,0.801899,0.596842,0.011528,-0.596771,0.802327,-8e-06,0.002522,0.002367,0.006556,-0.12079,0.192944,-0.067458
