frame,MLTx,MLTy,MLTz,MLTR1,MLTR2,MLTR3,MLTR4,MLTR5,MLTR6,MLTR7,MLTR8,MLTR9,MLTTVx,MLTTVy,MLTTVz,MLTRVx,MLTRVy,MLTRVz,MLGA,MRTx,MRTy,MRTz,MRTR1,MRTR2,MRTR3,MRTR4,MRTR5,MRTR6,MRTR7,MRTR8,MRTR9,MRTTVx,MRTTVy,MRTTVz,MRTRVx,MRTRVy,MRTRVz,MRGA,SLTx,SLTy,SLTz,SLTR1,SLTR2,SLTR3,SLTR4,SLTR5,SLTR6,SLTR7,SLTR8,SLTR9,SLTTVx,SLTTVy,SLTTVz,SLTRVx,SLTRVy,SLTRVz,SLGA,SRTx,SRTy,SRTz,SRTR1,SRTR2,SRTR3,SRTR4,SRTR5,SRTR6,SRTR7,SRTR8,SRTR9,SRTTVx,SRTTVy,SRTTVz,SRTRVx,SRTRVy,SRTRVz,SRGA
135,0.151168,-0.011635,0.291104,0.002876,-0.459402,-0.888249,0.000803,-0.888243,0.459342,-1.000012,-0.001469,-0.001077,0.028049,-0.046205,0.009228,0.392511,0.059072,0.156976,-1.005996,-0.161823,-0.032992,0.311104,-0.638979,0.42051,0.644102,-0.090015,-0.872371,0.480417,0.764703,0.248473,0.594436,-0.032298,0.024921,-0.010128,-0.270172,0.504234,0.285676,-0.33804,0.046482,0.027956,-0.026032,0.606356,-0.453709,0.653054,0.09714,0.857364,0.505459,-0.789236,-0.24305,0.563942,-0.024208,0.017757,-0.008623,-0.34378,0.547204,0.558726,-0.537187,0.076408,0.032701,-0.079457,0.007082,0.477906,-0.878381,-0.134883,0.870832,0.472712,0.990835,0.115131,0.070629,0.013886,-0.023637,0.003691,4.940432,-2.027464,0.291226,-0.982865
136,0.152136,-0.013814,0.291509,-0.000767,-0.452532,-0.891773,0.002014,-0.891764,0.452466,-1.00001,-0.000892,0.002708,0.012719,-0.060638,0.0133,-0.072319,0.398424,0.12748,-1.009877,-0.162999,-0.031764,0.310552,-0.62629,0.435738,0.64644,-0.082717,-0.861571,0.500788,0.775936,0.259622,0.57479,-0.017091,0.026215,-0.010289,-3.959221,-2.198359,-2.574366,-0.30684,0.045895,0.028555,-0.026308,0.591482,-0.471225,0.654289,0.094185,0.846276,0.524351,-0.800797,-0.248521,0.54494,-0.009027,0.018857,-0.009003,-0.136428,0.269734,0.476654,-0.51547,0.076904,0.031624,-0.079255,0.010734,0.471402,-0.881852,-0.137611,0.874209,0.46564,0.990427,0.116354,0.074254,0.006366,-0.030202,0.006774,0.032044,0.550358,0.473948,-0.986457
137,0.152499,-0.014988,0.291794,-0.000661,-0.44559,-0.895262,0.004117,-0.895247,0.44552,-1.000003,-0.002844,0.003544,0.013035,-0.058628,0.015674,4.823314,-2.276098,0.087074,-1.009545,-0.163305,-0.031154,0.310305,-0.626422,0.435747,0.646307,-0.06944,-0.856948,0.510638,0.77713,0.27445,0.566224,-0.002937,0.038531,-0.01871,-0.422775,0.706722,0.552924,-0.278774,0.045737,0.028855,-0.02643,0.594408,-0.467446,0.654349,0.075467,0.842536,0.533326,-0.800614,-0.267632,0.536087,-0.000985,0.01409,-0.004802,-0.244035,0.283702,0.487717,-0.495222,0.077084,0.031031,-0.079121,0.015903,0.464361,-0.885502,-0.134784,0.878527,0.458282,0.990746,0.112064,0.07656,0.006478,-0.029567,0.007524,-0.323748,-0.18372,0.835432,-0.99005
138,0.153243,-0.017222,0.292499,-0.005747,-0.43292,-0.901439,0.015544,-0.901374,0.432731,-0.999868,-0.010993,0.013035,0.028577,-0.056122,0.018668,-0.056704,0.436567,0.248249,-1.008155,-0.163383,-0.030196,0.309705,-0.620127,0.433957,0.653541,-0.049081,-0.852796,0.519869,0.783699,0.289764,0.549287,-0.001919,0.020524,-0.01834,-0.251804,0.35466,0.502224,-0.241755,0.04569,0.029367,-0.026729,0.586406,-0.467239,0.661675,0.05473,0.837854,0.543143,-0.808165,-0.282289,0.516895,-0.00095,0.009942,-0.009526,-0.28759,0.379021,0.530062,-0.454235,0.077461,0.029887,-0.078769,0.019316,0.452314,-0.891649,-0.150875,0.882921,0.444619,0.988363,0.125939,0.085298,0.006761,-0.027723,0.009722,-0.017787,0.573005,0.358782,-0.991519
139,0.153734,-0.019548,0.293318,-0.009354,-0.419921,-0.907538,0.037433,-0.907077,0.419264,-0.999256,-0.029534,0.025336,0.01362,-0.05571,0.019133,-0.585593,-0.753728,2.627239,-1.01015,-0.163557,-0.029474,0.308661,-0.600007,0.440011,0.668112,-0.03937,-0.850277,0.524798,0.799732,0.288028,0.526623,-0.002834,0.025142,-0.033939,-0.458815,0.520684,0.493745,-0.223778,0.045604,0.029718,-0.027239,0.566661,-0.471991,0.675365,0.045173,0.836231,0.546512,-0.82271,-0.279179,0.495181,-0.008451,0.006354,-0.012837,-0.37298,0.045082,-0.152848,-0.421088,0.077712,0.028726,-0.078356,0.025121,0.44268,-0.896327,-0.172778,0.885039,0.432263,0.984639,0.144007,0.098718,-0.000805,-0.033371,0.013693,-0.075741,0.780093,0.086509,-0.991683
140,0.154003,-0.022001,0.294487,-0.019515,-0.408782,-0.912448,0.048187,-0.911934,0.407463,-0.998636,-0.035514,0.038633,0.01424,-0.061834,0.033367,0.02493,0.85807,0.217796,-1.006501,-0.16368,-0.028364,0.307439,-0.580024,0.434815,0.688839,-0.01729,-0.851902,0.523353,0.815094,0.291103,0.500744,-0.002852,0.027715,-0.030999,-0.247147,0.911223,0.122769,-0.223607,0.045543,0.030265,-0.02786,0.546268,-0.467231,0.695187,0.023184,0.838081,0.545052,-0.837289,-0.281627,0.46865,-0.001414,0.014069,-0.01526,-0.068672,2.227286,-1.516337,-0.416352,0.077851,0.027473,-0.077772,0.03566,0.430541,-0.901865,-0.182267,0.890105,0.41772,0.982601,0.149485,0.110215,0.007133,-0.030661,0.016989,-0.007837,0.802294,0.166102,-0.985968
141,0.154161,-0.023198,0.295245,-0.026015,-0.406301,-0.913393,0.051089,-0.913037,0.40463,-0.998335,-0.035639,0.04565,0.014697,-0.058268,0.037707,-0.047068,0.528251,0.242183,-1.003458,-0.163675,-0.027858,0.306852,-0.570557,0.435462,0.696296,-0.004195,-0.849279,0.527865,0.821911,0.29771,0.485482,-0.002849,0.027167,-0.031624,-0.450129,1.215111,0.08321,-0.220328,0.045545,0.030518,-0.028153,0.537224,-0.467312,0.702145,0.010116,0.835989,0.548651,-0.843378,-0.287646,0.453841,-0.001412,0.013626,-0.015764,0.014029,1.889951,-1.478966,-0.413576,0.077925,0.026894,-0.07741,0.043174,0.428576,-0.902473,-0.185328,0.891073,0.414296,0.981727,0.149367,0.117898,-0.000262,-0.03426,0.023471,0.012147,0.840619,0.141898,-0.986621
142,0.154273,-0.025518,0.296919,-0.042229,-0.39541,-0.917558,0.056975,-0.917823,0.392844,-0.997442,-0.035203,0.062433,-0.000113,-0.054672,0.042116,-0.100987,0.480018,0.052373,-1.002232,-0.163454,-0.026978,0.305693,-0.543392,0.442123,0.713613,0.010375,-0.846369,0.532434,0.840042,0.296171,0.454395,-0.001878,0.014872,-0.024802,-0.15377,2.174864,-1.855611,-0.224877,0.045655,0.030963,-0.028734,0.509135,-0.476104,0.717012,-0.004245,0.83167,0.555252,-0.860675,-0.285742,0.421411,0.006602,0.007834,-0.012737,-0.501502,0.689845,0.5095,-0.41374,0.077987,0.025715,-0.076555,0.062335,0.41915,-0.905774,-0.191106,0.895759,0.401364,0.979587,0.14808,0.135939,-6.6e-05,-0.027213,0.021207,-0.129809,0.432241,0.014523,-0.992989
143,0.154352,-0.027931,0.298873,-0.0639,-0.382664,-0.9217,0.06422,-0.923236,0.378792,-0.995821,-0.034517,0.08472,0.000319,-0.061778,0.055232,-0.419354,-0.66204,2.449792,-0.996669,-0.16292,-0.02629,0.304454,-0.507302,0.436334,0.743135,0.041152,-0.848993,0.526737,0.861363,0.297249,0.411776,0.012224,0.023076,-0.037952,-1.497035,1.506068,-2.819693,-0.224128,0.045912,0.031303,-0.029334,0.470488,-0.472622,0.745163,-0.029253,0.835649,0.548483,-0.88192,-0.279853,0.379338,0.006622,0.005804,-0.015098,-0.559196,1.015523,0.189219,-0.414883,0.078026,0.02453,-0.075601,0.085546,0.411793,-0.907252,-0.198456,0.899386,0.38951,0.976368,0.146728,0.158662,0.007768,-0.031148,0.027299,-0.02473,0.736134,0.326591,-0.991683
144,0.154485,-0.028942,0.30002,-0.073758,-0.379215,-0.922389,0.074227,-0.924416,0.374056,-0.99443,-0.040412,0.097482,0.001288,-0.042694,0.056629,0.005497,0.709097,0.364493,-0.998485,-0.162697,-0.026064,0.30382,-0.489119,0.42804,0.759957,0.064103,-0.851203,0.520843,0.870411,0.302934,0.387917,0.013227,0.009763,-0.032356,-0.391139,2.459771,-2.164069,-0.224107,0.046033,0.03143,-0.029675,0.452662,-0.460747,0.763419,-0.058061,0.839109,0.540855,-0.889789,-0.28915,0.353082,0.006621,0.004706,-0.016383,-0.449243,2.509655,-2.098748,-0.414556,0.078091,0.024008,-0.075038,0.093993,0.407503,-0.908353,-0.207366,0.900395,0.382475,0.973737,0.152411,0.169133,0.000629,-0.026619,0.03278,-0.054968,0.846896,0.185077,-0.991193
145,0.15413,-0.030321,0.302829,-0.096101,-0.371648,-0.923411,0.094899,-0.926885,0.363112,-0.990729,-0.05228,0.125496,-0.027492,-0.026161,0.076253,0.001058,0.79418,0.167272,-0.998011,-0.162061,-0.025714,0.302348,-0.464126,0.422,0.778777,0.096409,-0.849828,0.518104,0.881025,0.315018,0.352736,0.013311,0.004466,-0.038641,-0.279037,0.8178,-0.387966,-0.224996,0.046346,0.031606,-0.030393,0.426891,-0.454801,0.781614,-0.090317,0.838563,0.537266,-0.899781,-0.299947,0.316899,0.014213,0.002098,-0.020299,-0.348857,0.907678,-0.320679,-0.414882,0.077929,0.023316,-0.073677,0.116842,0.402291,-0.908024,-0.22748,0.900821,0.369829,0.966746,0.163346,0.196766,-0.013761,-0.012869,0.038409,0.03064,0.863903,0.432024,-0.994295
146,0.153146,-0.031019,0.305904,-0.120053,-0.360902,-0.924869,0.092912,-0.931587,0.351406,-0.988273,-0.043302,0.146526,-0.026322,-0.006009,0.078162,-0.004766,0.602562,0.108681,-0.992827,-0.160796,-0.025849,0.300727,-0.440235,0.411208,0.798181,0.116697,-0.855124,0.505052,0.890752,0.314972,0.327439,0.044655,-0.010982,-0.039164,-0.073735,0.491333,-0.586281,-0.209135,0.046983,0.031541,-0.031217,0.401835,-0.444064,0.800833,-0.110252,0.844723,0.523723,-0.90905,-0.298744,0.29048,0.022356,-0.005814,-0.019977,-0.018329,0.426273,-0.628933,-0.407861,0.077433,0.022955,-0.072106,0.143155,0.394214,-0.9078,-0.225135,0.906171,0.358004,0.963752,0.153128,0.218474,-0.013183,-0.008106,0.043775,0.009225,0.644516,0.334324,-0.993152
147,0.152752,-0.031098,0.307502,-0.126321,-0.358876,-0.924823,0.097347,-0.93226,0.348408,-0.987056,-0.045578,0.153854,-0.025679,0.009533,0.0747,0.019787,0.25424,0.195829,-0.975568,-0.160016,-0.026184,0.300021,-0.427022,0.405668,0.808132,0.124688,-0.85867,0.497064,0.896072,0.312514,0.315046,0.045796,-0.023007,-0.032307,-0.111821,0.42238,-0.419189,-0.205188,0.047356,0.03138,-0.031561,0.388943,-0.438378,0.810276,-0.117606,0.848706,0.515621,-0.913724,-0.295841,0.278542,0.022927,-0.012001,-0.016755,-0.114319,0.527122,-0.61657,-0.401003,0.077236,0.022911,-0.071304,0.150217,0.392905,-0.907226,-0.229337,0.906456,0.354598,0.961685,0.154794,0.226273,-0.012905,-0.000658,0.041666,0.080104,0.37537,-0.017692,-0.987764
148,0.151603,-0.030904,0.310589,-0.138223,-0.361836,-0.921962,0.101202,-0.931169,0.35022,-0.985056,-0.044452,0.166478,-0.040865,0.008845,0.073015,0.028856,0.909302,-0.688021,-0.965036,-0.157958,-0.027266,0.298788,-0.405801,0.375882,0.833084,0.158016,-0.868842,0.469125,0.900637,0.321541,0.292109,0.062339,-0.034544,-0.026935,-0.075225,0.333098,-0.525623,-0.207426,0.048403,0.030827,-0.032193,0.367607,-0.408084,0.835662,-0.149811,0.860859,0.48629,-0.917835,-0.303955,0.255322,0.031189,-0.017361,-0.013605,-0.067234,0.310516,-0.515642,-0.397574,0.076669,0.023025,-0.069741,0.159538,0.396751,-0.903955,-0.232606,0.90501,0.356161,0.959396,0.153444,0.23667,-0.020424,0.004497,0.036672,0.18444,2.069658,-2.253527,-0.973557
149,0.149712,-0.030652,0.313099,-0.153865,-0.361166,-0.919744,0.100787,-0.931694,0.34894,-0.982758,-0.038567,0.180904,-0.056727,0.012242,0.055264,0.011786,0.422892,-0.058799,-0.897979,-0.155367,-0.028829,0.297947,-0.388985,0.3253,0.861895,0.214822,-0.877673,0.42834,0.896261,0.351364,0.270412,0.063886,-0.045379,-0.019092,-0.419593,0.433856,-1.68065,-0.178691,0.049674,0.03006,-0.032608,0.351677,-0.359368,0.864394,-0.204197,0.871694,0.445479,-0.913579,-0.333171,0.233173,0.031889,-0.022535,-0.009321,-1.358015,0.841198,-3.701333,-0.386143,0.075709,0.023165,-0.068446,0.176685,0.398252,-0.900098,-0.232667,0.905467,0.354957,0.956371,0.146708,0.252643,-0.028451,0.005796,0.027295,0.005997,0.412156,-0.064564,-0.950697
150,0.147805,-0.030099,0.314928,-0.162633,-0.358518,-0.919272,0.106426,-0.932598,0.344829,-0.980739,-0.041315,0.190975,-0.041859,0.017934,0.04047,0.012484,0.289289,-0.104786,-0.831923,-0.153052,-0.030578,0.297152,-0.376784,0.289612,0.879858,0.23888,-0.887275,0.39448,0.895366,0.358452,0.263999,0.064387,-0.045442,-0.019829,0.100202,0.08523,-1.156606,-0.169995,0.050832,0.029185,-0.033006,0.339505,-0.32351,0.883219,-0.22755,0.882852,0.410844,-0.912664,-0.34046,0.226118,0.024542,-0.02316,-0.009535,0.221761,-0.111809,-1.322384,-0.368671,0.074755,0.02344,-0.067533,0.185691,0.396559,-0.899032,-0.238005,0.905851,0.350408,0.953347,0.148907,0.262591,-0.020996,0.008724,0.019994,0.000808,0.26869,-0.12111,-0.895994
151,0.146776,-0.02972,0.315732,-0.162416,-0.358211,-0.91943,0.105644,-0.932742,0.344677,-0.98086,-0.040713,0.190482,-0.04194,0.01646,0.038614,-0.040664,0.105103,-0.183312,-0.792962,-0.151962,-0.031508,0.296794,-0.373644,0.265552,0.888743,0.256077,-0.891294,0.374104,0.891915,0.367037,0.263884,0.049243,-0.044774,-0.017401,0.138095,-0.025643,-1.230877,-0.163648,0.051358,0.028733,-0.033183,0.336689,-0.300556,0.892359,-0.243843,0.887531,0.390932,-0.909494,-0.349218,0.225533,0.024616,-0.022533,-0.008902,0.195856,-0.233325,-1.363742,-0.362956,0.074277,0.023612,-0.067158,0.18541,0.396094,-0.899295,-0.237084,0.906159,0.350237,0.953631,0.148271,0.261918,-0.028534,0.008692,0.019816,-0.052334,-0.024734,-0.012186,-0.873134
152,0.144779,-0.029009,0.316831,-0.158706,-0.350755,-0.922946,0.103708,-0.935528,0.337645,-0.981678,-0.041701,0.186002,-0.057777,0.020072,0.021652,-0.002536,0.029207,-0.06647,-0.751692,-0.150206,-0.033311,0.296404,-0.374542,0.213897,0.902196,0.29353,-0.895552,0.334307,0.879911,0.389766,0.271479,0.035092,-0.051222,-0.001897,-1.388689,-0.696721,-1.578993,-0.158552,0.052266,0.027811,-0.0334,0.338807,-0.248166,0.907536,-0.278185,0.895036,0.348601,-0.898789,-0.370571,0.234208,0.017591,-0.02529,-0.000511,-4.791741,-2.245791,-2.555471,-0.352669,0.073264,0.023983,-0.066585,0.182596,0.38848,-0.903184,-0.234946,0.909254,0.343593,0.954703,0.149461,0.257298,-0.021461,0.009134,0.009921,-0.000847,0.017013,-0.043493,-0.826269
153,0.142702,-0.028348,0.31751,-0.155462,-0.344466,-0.925861,0.102635,-0.9378,0.331617,-0.982314,-0.04305,0.182302,-0.05817,0.016196,0.017166,-0.002542,0.030193,-0.068225,-0.749288,-0.148715,-0.035104,0.296579,-0.382885,0.154433,0.910792,0.318873,-0.903162,0.287316,0.867415,0.400244,0.295395,0.034892,-0.042369,0.009006,0.229454,-0.588359,-1.100747,-0.158082,0.052999,0.026921,-0.033326,0.348253,-0.189864,0.917971,-0.303401,0.903732,0.302021,-0.886943,-0.383693,0.257122,0.017423,-0.021086,0.004605,0.362008,-0.912724,-1.303484,-0.35022,0.072241,0.024303,-0.066256,0.180296,0.381939,-0.906429,-0.233762,0.911767,0.337691,0.95543,0.151004,0.253671,-0.021661,0.007211,0.007718,0.003984,-0.080265,0.127458,-0.812553
154,0.141811,-0.028064,0.317782,-0.15299,-0.339478,-0.928113,0.101849,-0.939567,0.326822,-0.982786,-0.044111,0.179478,-0.043374,0.013506,0.014289,-0.006668,-0.376788,0.658744,-0.74863,-0.148222,-0.035783,0.296729,-0.390736,0.128441,0.911493,0.321966,-0.90853,0.266168,0.862767,0.397312,0.312473,0.019359,-0.040481,0.013388,0.353532,-0.927333,-1.347123,-0.155117,0.053264,0.026566,-0.033249,0.356063,-0.164416,0.919884,-0.305937,0.909636,0.281004,-0.882962,-0.381482,0.273586,0.009077,-0.014491,0.002839,0.259213,-0.607168,-1.125363,-0.34875,0.071773,0.024451,-0.066114,0.178832,0.37761,-0.908531,-0.233019,0.9134,0.333767,0.955886,0.152017,0.251336,-0.021639,0.006762,0.007222,-0.009419,-1.420306,2.513948,-0.810104
155,0.140098,-0.027564,0.318219,-0.148701,-0.330915,-0.931895,0.100633,-0.942526,0.318575,-0.983575,-0.046002,0.174618,-0.043832,0.009972,0.010312,0.002058,-0.105741,0.173813,-0.746751,-0.147891,-0.036602,0.296926,-0.415699,0.093259,0.904703,0.324408,-0.914027,0.243408,0.850117,0.394564,0.348546,0.001311,-0.013907,0.004615,-0.131,-2.42925,1.443337,-0.145928,0.053437,0.026148,-0.033146,0.380402,-0.127322,0.916014,-0.308061,0.916466,0.255316,-0.872004,-0.379311,0.309403,0.000646,-0.006829,0.002453,0.113226,-0.265374,-0.705988,-0.340585,0.070917,0.024703,-0.065894,0.175632,0.368056,-0.913064,-0.231477,0.916917,0.325084,0.956854,0.154259,0.246236,-0.01451,0.004028,0.004234,-0.001426,-0.114764,0.195178,-0.806511
156,0.138496,-0.027288,0.318499,-0.144689,-0.316172,-0.937628,0.099173,-0.947442,0.304122,-0.984326,-0.048598,0.16961,-0.029451,0.005032,0.005054,0.007603,-0.171114,0.29205,-0.745133,-0.147927,-0.036799,0.29715,-0.441114,0.06688,0.894951,0.32894,-0.915704,0.23069,0.835465,0.396065,0.380781,-0.000173,0.00338,0.004283,-0.238309,-0.692544,-0.510783,-0.128806,0.05342,0.026043,-0.033034,0.40982,-0.101674,0.906481,-0.311196,0.918562,0.24372,-0.85744,-0.381975,0.344804,-0.007823,0.001035,0.002349,-1.254883,-1.030057,-1.092277,-0.330461,0.070111,0.024842,-0.065752,0.173883,0.35314,-0.919268,-0.229618,0.922298,0.310871,0.957621,0.157026,0.241459,-0.014719,0.002603,0.002648,-0.001345,-0.083361,0.11888,-0.804715
157,0.137899,-0.027176,0.318583,-0.1429,-0.312617,-0.939093,0.098792,-0.948578,0.300685,-0.984628,-0.049425,0.167607,-0.029557,0.004329,0.004268,0.002715,-0.069509,0.113369,-0.739798,-0.148128,-0.036737,0.297272,-0.454919,0.056314,0.888746,0.327235,-0.91754,0.225768,0.828718,0.393467,0.397836,-0.01572,0.003846,0.006924,0.186365,-0.511156,-0.318958,-0.118881,0.053319,0.026077,-0.032969,0.424497,-0.090588,0.900886,-0.309755,0.920415,0.238508,-0.850795,-0.3803,0.362653,-0.007875,0.002189,0.003803,0.157613,-0.440933,-0.289376,-0.319521,0.069812,0.024897,-0.065711,0.172532,0.349424,-0.920942,-0.229102,0.923557,0.307496,0.957989,0.157937,0.239397,-0.007182,0.007068,-0.00258,0.043685,-0.198059,0.330655,-0.802429
158,0.137208,-0.027031,0.318578,-0.138141,-0.302914,-0.942977,0.097915,-0.951598,0.291283,-0.9854,-0.051724,0.162291,-0.015087,0.000279,7.5e-05,0.008331,-0.183268,0.315339,-0.725161,-0.148831,-0.036451,0.297659,-0.490207,0.041491,0.870613,0.326056,-0.917544,0.227449,0.808852,0.395318,0.435138,-0.015907,0.008239,0.01242,0.25747,-0.785685,-0.23065,-0.118682,0.052967,0.026222,-0.032774,0.460154,-0.077278,0.884469,-0.308681,0.92013,0.240988,-0.83245,-0.38391,0.399547,-0.007975,0.004396,0.006569,0.289589,-0.828294,-0.276291,-0.31005,0.069461,0.02497,-0.065712,0.169252,0.339513,-0.925248,-0.22795,0.926822,0.298393,0.958849,0.160406,0.234258,6e-06,0.004711,-0.005039,0.040494,-0.113575,0.189896,-0.790345
159,0.137109,-0.027068,0.318354,-0.132445,-0.291016,-0.94753,0.096832,-0.955157,0.279768,-0.986296,-0.054343,0.155867,-0.000516,0.006217,-0.013597,0.036565,-0.507496,0.886449,-0.727115,-0.149111,-0.035857,0.298171,-0.541504,0.009441,0.84064,0.351459,-0.905749,0.236703,0.764299,0.423617,0.486065,-0.000652,0.013597,0.017042,-0.040391,-1.269361,-0.394705,-0.119044,0.052827,0.026514,-0.032523,0.512623,-0.046682,0.857342,-0.334289,0.908881,0.249367,-0.790864,-0.414432,0.450309,-0.000354,0.00691,0.008679,-0.893929,-1.880086,-1.128464,-0.30956,0.069406,0.02495,-0.065818,0.165518,0.327835,-0.930122,-0.226571,0.930545,0.287665,0.959827,0.163125,0.2283,0.007155,-0.002912,-0.003007,-0.000621,-1.472204,2.607215,-0.787406
160,0.137595,-0.027084,0.318053,-0.130034,-0.285965,-0.9494,0.096873,-0.956592,0.274808,-0.986616,-0.055888,0.153276,0.014669,-0.002867,-0.002897,0.005635,-0.113846,0.201919,-0.728066,-0.148831,-0.035238,0.298838,-0.595547,-0.029981,0.802755,0.371539,-0.896203,0.242309,0.712892,0.442601,0.543832,0.01584,0.004565,0.025676,0.009128,-1.49752,-0.085869,-0.080095,0.052956,0.026826,-0.032193,0.568012,-0.00852,0.822975,-0.354191,0.90008,0.253779,-0.742906,-0.43564,0.508239,-0.000356,0.007096,0.008894,-4.220684,-2.586903,-2.479773,-0.296497,0.069636,0.024938,-0.06598,0.163618,0.321875,-0.932537,-0.226339,0.932308,0.282084,0.960208,0.164916,0.225395,0.007418,0.003734,-0.006011,0.041471,-0.129969,0.222121,-0.78708
888,0.120883,0.055107,0.31388,-0.377096,-0.465127,-0.800937,-0.330044,-0.74053,0.585371,-0.864926,0.485661,0.12674,0.061477,-0.007118,-0.021732,4.439821,-3.36727,-0.606469,-1.907619,-0.159487,0.009091,0.334937,-0.662773,0.370341,0.650823,-0.005109,-0.871251,0.490745,0.749589,0.321464,0.578482,-0.054123,0.064728,0.127965,-0.109749,-0.108317,0.084115,-0.579173,0.047661,0.048992,-0.014161,0.631063,-0.404632,0.66184,0.012637,0.85843,0.512774,-0.775629,-0.315229,0.546836,-0.033951,0.031852,0.064248,-0.146983,-0.073636,0.090754,-0.76661,0.061249,0.066037,-0.068058,0.379719,0.522633,-0.763325,0.20416,0.75744,0.620163,0.902291,-0.391328,0.180914,0.023972,-0.008791,-0.006941,-0.004137,-0.072346,0.037693,-1.076104
889,0.122925,0.054273,0.313378,-0.358564,-0.48185,-0.799561,-0.308697,-0.747129,0.588622,-0.880562,0.458477,0.120148,0.060085,-0.022034,-0.017488,4.414081,-3.322253,-0.585159,-1.907739,-0.16246,0.012155,0.339182,-0.670478,0.377684,0.638596,-0.009733,-0.865028,0.501563,0.742662,0.329598,0.582822,-0.095809,0.090732,0.09732,-0.032621,-0.07736,0.08829,-0.578965,0.046154,0.050545,-0.011994,0.638778,-0.412225,0.649639,0.016543,0.851519,0.524061,-0.769212,-0.324012,0.550752,-0.047983,0.044962,0.048381,-0.03095,-0.068078,0.079926,-0.76661,0.062313,0.065621,-0.068313,0.35706,0.538435,-0.763279,0.178764,0.76265,0.621617,0.916815,-0.358402,0.176059,0.029914,-0.011176,-0.009004,4.438172,-3.301887,-0.55841,-1.069409
890,0.12553,0.052474,0.312842,-0.329578,-0.489813,-0.80716,-0.289535,-0.7613,0.580141,-0.898247,0.425508,0.110099,0.082025,-0.05931,-0.014902,0.115772,-0.860254,0.879202,-1.907601,-0.166098,0.015832,0.342409,-0.679469,0.395714,0.617837,-0.020273,-0.851782,0.523442,0.734233,0.342641,0.585971,-0.095331,0.099405,0.067172,-0.174208,0.017038,0.365257,-0.577963,0.04437,0.052362,-0.010395,0.648065,-0.42964,0.628825,0.025724,0.837556,0.545744,-0.76115,-0.337502,0.553843,-0.040669,0.044572,0.037527,-0.365719,-0.453182,1.10162,-0.767427,0.063587,0.064755,-0.068566,0.328131,0.543828,-0.772385,0.157037,0.774875,0.612296,0.931487,-0.322207,0.168859,0.040985,-0.029856,-0.007668,0.557708,-2.549351,2.318505,-1.06451
891,0.127268,0.05137,0.312554,-0.315223,-0.484498,-0.816053,-0.293396,-0.768018,0.569246,-0.902154,0.419465,0.100968,0.095991,-0.056503,-0.012692,-0.282851,-0.48181,0.83088,-1.907607,-0.167914,0.017579,0.343611,-0.679784,0.40939,0.60851,-0.025819,-0.842437,0.538115,0.733768,0.349577,0.582446,-0.094187,0.087419,0.056876,-0.398392,0.372233,0.601826,-0.573909,0.043462,0.05325,-0.009782,0.649314,-0.441931,0.61894,0.03064,0.828379,0.559329,-0.759902,-0.344216,0.551419,-0.040576,0.043517,0.02783,-0.4831,0.423087,0.652414,-0.766447,0.064484,0.064166,-0.068728,0.314345,0.536716,-0.783021,0.16096,0.782756,0.601152,0.935562,-0.315005,0.159665,0.04799,-0.028301,-0.006437,-0.303908,-0.518952,0.89101,-1.062061
892,0.130446,0.050032,0.312324,-0.305855,-0.467993,-0.829144,-0.303572,-0.777487,0.550754,-0.902023,0.420735,0.096765,0.075426,-0.02221,-0.001369,0.027417,0.186297,0.11117,-1.90787,-0.171328,0.020752,0.345197,-0.66179,0.438881,0.607791,-0.038135,-0.829275,0.557479,0.749507,0.345204,0.564744,-0.080263,0.075615,0.029113,-0.227942,0.261427,0.436568,-0.568381,0.041784,0.054819,-0.008986,0.629411,-0.471997,0.6173,0.041455,0.813656,0.579866,-0.775965,-0.339384,0.53169,-0.039752,0.031768,0.018343,-0.424641,0.551318,0.365123,-0.759262,0.066017,0.063494,-0.068864,0.307715,0.519455,-0.797168,0.17117,0.793929,0.583418,0.935955,-0.315978,0.155388,0.037776,-0.010772,-0.000456,0.051832,0.251434,0.148027,-1.054386
893,0.133307,0.048829,0.3125,-0.30448,-0.459383,-0.834448,-0.302335,-0.784135,0.541939,-0.902905,0.417861,0.100909,0.087058,-0.047513,0.011055,-0.088695,-0.030815,0.175499,-1.907845,-0.174346,0.023088,0.346159,-0.638449,0.469536,0.609845,-0.052225,-0.816847,0.574427,0.768649,0.334303,0.545237,-0.065471,0.049932,0.024885,0.724589,1.258814,1.317136,-0.572409,0.040235,0.056014,-0.0085,0.605974,-0.501151,0.617772,0.053584,0.80055,0.596864,-0.793677,-0.328582,0.511966,-0.03269,0.024085,0.011869,2.991216,3.561354,3.523832,-0.762038,0.06747,0.062907,-0.068764,0.308373,0.510566,-0.802637,0.169862,0.800643,0.574558,0.935976,-0.313516,0.160171,0.037481,-0.017032,0.002655,-0.084547,-0.049798,0.106388,-1.046385
894,0.135025,0.047972,0.312732,-0.292289,-0.458072,-0.839513,-0.298552,-0.790268,0.535084,-0.90819,0.407604,0.095278,0.100704,-0.045117,0.012967,-0.095451,-0.082184,0.213033,-1.908392,-0.175645,0.024004,0.346494,-0.632789,0.477582,0.609495,-0.052381,-0.811624,0.58177,0.773301,0.33561,0.537804,-0.065209,0.041314,0.018458,-0.320439,0.447359,0.234987,-0.567183,0.039585,0.056475,-0.00833,0.599651,-0.509923,0.616762,0.05522,0.795229,0.603788,-0.798353,-0.328005,0.505018,-0.03263,0.020039,0.00883,-0.460634,0.483381,0.496146,-0.760895,0.068361,0.062458,-0.068646,0.296499,0.508184,-0.808601,0.166185,0.806303,0.567677,0.940462,-0.302693,0.154615,0.05038,-0.022369,0.006576,-0.100445,-0.08457,0.20116,-1.045895
895,0.138516,0.046407,0.313316,-0.268544,-0.455098,-0.849008,-0.278757,-0.806954,0.520664,-0.921736,0.37705,0.090901,0.076162,-0.038006,0.018725,4.630228,-2.842207,-0.279257,-1.909026,-0.177499,0.025355,0.346744,-0.625045,0.487125,0.609933,-0.052717,-0.805828,0.589742,0.779547,0.335849,0.528559,-0.026362,0.024357,0.003233,-0.098975,0.164049,0.092703,-0.541956,0.038643,0.057158,-0.008199,0.590851,-0.520024,0.616821,0.055066,0.788759,0.61223,-0.804898,-0.327771,0.494675,-0.020023,0.017054,-0.002419,-0.04917,0.069075,0.259829,-0.741954,0.070078,0.06169,-0.068361,0.276897,0.501498,-0.81965,0.150295,0.819901,0.552424,0.949072,-0.276155,0.151656,0.044756,-0.013687,0.005296,-0.0269,0.029768,0.242986,-1.044589
896,0.141157,0.04496,0.314235,-0.269283,-0.444098,-0.854581,-0.272353,-0.816017,0.509816,-0.923432,0.37058,0.099856,0.063415,-0.046269,0.02868,0.020582,0.37077,0.409141,-1.909428,-0.178137,0.026206,0.346505,-0.610089,0.49622,0.617696,-0.053642,-0.803564,0.59274,0.791236,0.327865,0.516055,-0.000716,0.013829,-0.006194,-0.384552,0.490411,0.360894,-0.527452,0.038314,0.057582,-0.008324,0.576691,-0.52756,0.623784,0.05631,0.787393,0.613873,-0.815019,-0.318889,0.48379,-0.000367,0.006229,-0.003569,-0.33226,0.446993,0.341201,-0.729217,0.071428,0.060958,-0.06789,0.275858,0.492645,-0.82535,0.138852,0.829237,0.541374,0.951116,-0.263944,0.160347,0.03171,-0.023069,0.014346,0.069662,0.440436,0.467581,-1.02777
897,0.143525,0.0431,0.315128,-0.270068,-0.443016,-0.854896,-0.253302,-0.823919,0.506921,-0.928607,0.353996,0.111365,0.04975,-0.052667,0.023476,0.022421,0.416592,0.3631,-1.909459,-0.177951,0.026593,0.346199,-0.600447,0.504205,0.62067,-0.051534,-0.798842,0.599274,0.79871,0.327212,0.504833,0.012851,-0.000511,-0.001327,-0.30581,0.34864,0.278917,-0.498201,0.038407,0.057762,-0.008486,0.566109,-0.536015,0.626265,0.053545,0.782032,0.620932,-0.822589,-0.317981,0.471416,0.006425,-0.000579,-0.000889,-0.376584,0.396555,0.314475,-0.701947,0.072595,0.060059,-0.067443,0.276158,0.4925,-0.825336,0.119439,0.834487,0.537926,0.953661,-0.24713,0.171626,0.03126,-0.027216,0.01092,0.010962,0.422053,0.414221,-1.02679
898,0.144583,0.041934,0.315583,-0.265029,-0.4455,-0.855181,-0.234726,-0.830405,0.505275,-0.934923,0.335195,0.11658,0.049117,-0.067483,0.028111,1.387821,-0.447637,0.119982,-1.909551,-0.177573,0.026729,0.346087,-0.595251,0.506223,0.624024,-0.049463,-0.798098,0.600438,0.802717,0.325908,0.499291,0.024957,0.01192,-0.009472,-0.051506,-0.019736,0.323858,-0.490395,0.038586,0.05782,-0.008542,0.559867,-0.538595,0.629653,0.050981,0.780868,0.622612,-0.827012,-0.316479,0.46464,0.012864,0.0002,-0.000829,-0.065355,0.084898,0.122385,-0.691497,0.073106,0.059504,-0.067224,0.273579,0.493118,-0.825826,0.105297,0.838066,0.535309,0.956068,-0.233406,0.177353,0.024706,-0.028072,0.010275,0.021681,0.465919,0.399298,-1.026627
899,0.146032,0.039024,0.316682,-0.262473,-0.431539,-0.863091,-0.222564,-0.843254,0.489243,-0.938612,0.321039,0.126365,0.035347,-0.084581,0.031116,-0.231425,-0.035788,0.900974,-1.909236,-0.17654,0.027101,0.345886,-0.576104,0.515368,0.634422,-0.041234,-0.793399,0.607249,0.817011,0.32303,0.477501,0.024938,0.01324,-0.008539,-0.219496,0.274268,0.266955,-0.46068,0.039103,0.058002,-0.008645,0.540477,-0.547222,0.639087,0.042344,0.776318,0.628917,-0.840292,-0.312854,0.442753,0.012476,0.006722,-0.004211,-0.238648,0.240751,0.433648,-0.666187,0.073855,0.058036,-0.066667,0.272262,0.479419,-0.834283,0.08706,0.851208,0.517556,0.958275,-0.213544,0.190014,0.010933,-0.048171,0.019193,-0.610843,-0.97078,2.456641,-1.021402
900,0.147442,0.035357,0.31805,-0.275308,-0.411121,-0.86904,-0.207034,-0.8574,0.471141,-0.938474,0.310136,0.152019,0.03536,-0.097561,0.037567,0.121025,1.04167,0.609725,-1.908915,-0.175769,0.027735,0.345458,-0.545516,0.52657,0.652018,-0.026196,-0.788199,0.614809,0.838324,0.317645,0.442919,0.01205,0.011949,-0.008478,-0.488008,0.975362,-0.033889,-0.429578,0.039493,0.058321,-0.008858,0.510329,-0.557388,0.654891,0.027523,0.771715,0.635371,-0.859538,-0.306224,0.409169,0.012051,0.011765,-0.008625,-0.443905,2.215018,-1.694198,-0.638754,0.074559,0.056201,-0.065991,0.28522,0.462128,-0.839694,0.071933,0.863293,0.499549,0.955758,-0.202883,0.212986,0.024418,-0.04295,0.015031,0.006958,0.623328,0.407743,-1.021075
901,0.148145,0.033415,0.318852,-0.280145,-0.399376,-0.872963,-0.195143,-0.866688,0.459069,-0.939584,0.29945,0.165953,0.022857,-0.0938,0.040994,-0.00914,0.527617,1.001966,-1.909636,-0.17541,0.02824,0.345067,-0.526856,0.528586,0.665591,-0.015565,-0.788854,0.614329,0.85042,0.312638,0.422973,0.023261,0.033604,-0.026028,-0.502341,0.774262,0.390038,-0.397453,0.039668,0.058566,-0.009047,0.491177,-0.558658,0.668316,0.016867,0.773201,0.633937,-0.870896,-0.300103,0.389201,0.005625,0.010745,-0.008851,-0.616395,1.264072,-0.118739,-0.617363,0.074901,0.055262,-0.065614,0.293788,0.452236,-0.842122,0.058642,0.870813,0.488102,0.954069,-0.192782,0.229314,0.017957,-0.047471,0.019926,0.591049,1.032483,0.465882,-1.023361
902,0.149013,0.029237,0.320858,-0.285666,-0.379284,-0.880105,-0.161779,-0.886097,0.434317,-0.944237,0.266919,0.192866,0.022877,-0.11547,0.057593,0.381341,0.557572,0.243971,-1.908926,-0.175045,0.02941,0.343934,-0.476477,0.522297,0.707225,0.016566,-0.79883,0.601273,0.879571,0.297552,0.371054,-0.002452,0.026308,-0.029197,-0.713621,1.230762,0.117015,-0.367786,0.03986,0.05916,-0.009608,0.44039,-0.551641,0.708341,-0.014008,0.784651,0.619779,-0.897696,-0.282867,0.337825,0.004797,0.018955,-0.018957,-0.450862,1.272499,-0.561142,-0.572295,0.075349,0.053141,-0.0646,0.302164,0.429866,-0.850829,0.026427,0.888431,0.458248,0.952889,-0.160951,0.257092,0.004805,-0.057206,0.029283,1.471215,0.198679,0.078027,-1.024341
903,0.14974,0.024637,0.323527,-0.299204,-0.362575,-0.882645,-0.14941,-0.895797,0.418565,-0.942064,0.257558,0.214956,0.011437,-0.102261,0.069442,-0.175859,0.454275,0.137076,-1.909888,-0.175098,0.030486,0.342504,-0.448753,0.515978,0.729643,0.057775,-0.797911,0.599945,0.892287,0.310733,0.32731,-0.002487,0.018717,-0.034568,-0.532244,1.123448,-0.170662,-0.369534,0.039834,0.059704,-0.010319,0.411398,-0.546213,0.729658,-0.055471,0.784054,0.618208,-0.909765,-0.294804,0.292259,-0.001625,0.015061,-0.021195,-0.53382,1.163345,-0.110565,-0.560864,0.075715,0.050819,-0.063284,0.318143,0.414683,-0.852538,0.01392,0.897121,0.441564,0.94794,-0.152348,0.279641,0.012221,-0.057414,0.037982,-0.227506,0.479332,0.129158,-1.02532
904,0.150055,0.020973,0.326558,-0.314925,-0.344641,-0.884359,-0.147007,-0.902801,0.404118,-0.937288,0.257697,0.234755,-0.000504,-0.100171,0.089201,-0.000329,0.979931,0.446931,-1.909393,-0.174709,0.031221,0.341014,-0.422906,0.513114,0.746898,0.08976,-0.796359,0.598071,0.902183,0.319324,0.289762,0.010301,0.014163,-0.038825,-0.476473,1.107576,-0.175874,-0.37931,0.040023,0.060073,-0.011063,0.385411,-0.542794,0.746212,-0.087137,0.783664,0.615042,-0.918621,-0.302067,0.254735,0.011575,0.007752,-0.019422,-0.122039,0.653087,-0.425169,-0.566743,0.075877,0.048985,-0.061777,0.333236,0.400802,-0.853411,0.012338,0.903215,0.42901,0.942762,-0.153491,0.296038,-0.00014,-0.044018,0.041019,-0.129274,0.588729,0.171668,-1.025974
905,0.149879,0.01928,0.328182,-0.317497,-0.334569,-0.887302,-0.147605,-0.906861,0.3947,-0.936324,0.256697,0.23965,-0.026925,-0.085341,0.084849,-0.157107,-0.867672,2.480988,-1.910002,-0.174411,0.031494,0.340234,-0.406609,0.515557,0.754229,0.097439,-0.796275,0.59698,0.908836,0.31558,0.272563,0.010306,0.013104,-0.039614,-0.519609,1.17204,-0.093999,-0.384401,0.040172,0.060206,-0.011454,0.369263,-0.544513,0.753093,-0.094516,0.78416,0.613319,-0.924505,-0.297655,0.238096,0.005174,0.006007,-0.020204,-0.245579,0.815593,-0.347659,-0.569029,0.0758,0.04814,-0.060957,0.340498,0.391688,-0.854775,0.011943,0.907223,0.420479,0.940168,-0.153381,0.30423,-0.006766,-0.042871,0.042179,-0.046128,0.773845,0.247885,-1.027117
906,0.148911,0.016338,0.331392,-0.328397,-0.31248,-0.891379,-0.145928,-0.915587,0.374669,-0.932808,0.253501,0.25619,-0.025919,-0.056817,0.074285,0.091806,0.808542,0.555938,-1.909276,-0.173848,0.032001,0.338587,-0.382838,0.513927,0.767662,0.126239,-0.793973,0.594647,0.915561,0.323916,0.238095,0.010322,0.010035,-0.041915,-0.247502,0.738786,-0.189973,-0.402135,0.040454,0.060459,-0.012278,0.343291,-0.544221,0.765489,-0.12434,0.781512,0.611373,-0.930961,-0.30506,0.200617,0.011594,0.005457,-0.021138,-0.318505,0.772444,-0.112822,-0.583072,0.075316,0.04666,-0.059348,0.351177,0.370389,-0.859933,0.011892,0.916591,0.399648,0.936232,-0.150573,0.317481,-0.012942,-0.027853,0.037616,-0.101701,0.351202,0.29299,-1.036588
907,0.147582,0.015157,0.334177,-0.336401,-0.307605,-0.890089,-0.127959,-0.921463,0.366749,-0.932584,0.237647,0.271732,-0.036849,-0.007211,0.063413,-0.009621,0.249912,0.067731,-1.909472,-0.172598,0.032087,0.336986,-0.35902,0.497984,0.789371,0.169721,-0.796727,0.579962,0.918148,0.341564,0.200506,0.036926,-0.007196,-0.040616,-0.21791,0.632081,-0.329291,-0.41687,0.041069,0.060515,-0.013074,0.319357,-0.527945,0.786945,-0.167017,0.786074,0.59514,-0.932799,-0.321496,0.162863,0.025325,-0.008895,-0.016653,-0.410126,0.706878,-0.421079,-0.602177,0.074654,0.046041,-0.057959,0.36201,0.364547,-0.857935,-0.006275,0.921292,0.38882,0.932153,-0.135373,0.335805,-0.025135,-0.002613,0.03262,0.057398,0.202439,-0.004781,-1.042139
908,0.146575,0.015144,0.335391,-0.341915,-0.301317,-0.890139,-0.129203,-0.923143,0.362058,-0.930399,0.239171,0.277817,-0.049751,0.006599,0.057434,0.168364,-1.061845,2.491684,-1.909806,-0.171696,0.031664,0.336261,-0.34198,0.488219,0.802922,0.179259,-0.804759,0.565829,0.922808,0.336819,0.186662,0.038812,-0.036673,-0.030255,-0.140673,0.657378,-0.827069,-0.408635,0.041519,0.060321,-0.013436,0.302086,-0.518586,0.799882,-0.175784,0.794391,0.581413,-0.936932,-0.316243,0.148816,0.025422,-0.012899,-0.019714,-0.170279,0.836414,-1.218234,-0.602503,0.074137,0.046039,-0.057322,0.367605,0.360412,-0.857303,-0.004786,0.92257,0.385798,0.929969,-0.137718,0.340867,-0.02482,0.003697,0.029087,0.212614,-0.997756,2.528319,-1.040343
909,0.144265,0.01551,0.337436,-0.341221,-0.305029,-0.889141,-0.132227,-0.920914,0.366614,-0.93023,0.243038,0.275013,-0.0633,0.013753,0.045822,-0.19172,-0.339277,-0.120316,-1.909792,-0.169837,0.029853,0.335014,-0.32076,0.469773,0.822446,0.190604,-0.818457,0.541971,0.928113,0.330014,0.171931,0.053127,-0.0538,-0.028403,-0.011506,0.243489,-0.563707,-0.399978,0.042443,0.059414,-0.014065,0.280895,-0.499583,0.819459,-0.185757,0.809391,0.557118,-0.94159,-0.308712,0.134553,0.026581,-0.027993,-0.015042,-0.007032,0.337426,-0.774635,-0.593196,0.073008,0.046235,-0.056304,0.367576,0.362186,-0.856568,-0.001704,0.921308,0.388829,0.929991,-0.141465,0.339267,-0.02481,0.012268,0.018679,-0.27632,-0.46444,-0.363309,-1.041323
910,0.142322,0.016693,0.338427,-0.335149,-0.311511,-0.889203,-0.133373,-0.91858,0.372013,-0.932278,0.243657,0.267425,-0.049646,0.039569,0.014937,-0.086105,-0.286977,-0.203564,-1.909665,-0.167441,0.027718,0.334023,-0.316805,0.432725,0.844023,0.213879,-0.834259,0.508135,0.924385,0.340955,0.170663,0.066732,-0.049228,-0.026617,0.313472,-0.324683,-0.961778,-0.396245,0.043662,0.058314,-0.014581,0.276191,-0.463495,0.841956,-0.207936,0.826466,0.523177,-0.938339,-0.319569,0.131885,0.033367,-0.024528,-0.013268,0.4129,-0.471737,-1.054842,-0.589603,0.072032,0.046823,-0.055791,0.360062,0.368429,-0.857096,-0.000431,0.918782,0.394764,0.932927,-0.14177,0.330977,-0.024935,0.019179,0.007017,-0.150759,-0.392833,-0.301683,-1.044425
911,0.140218,0.017993,0.338982,-0.332172,-0.317443,-0.888221,-0.132576,-0.916615,0.377111,-0.933459,0.243412,0.263498,-0.050728,0.02118,0.017124,-0.016731,0.011955,-0.113352,-1.910239,-0.164874,0.025693,0.333017,-0.327513,0.365947,0.871097,0.256051,-0.852985,0.454739,0.909824,0.371519,0.184545,0.054429,-0.052461,-0.028658,0.371579,-0.467288,-1.104071,-0.365836,0.044924,0.057327,-0.015068,0.288683,-0.397356,0.871073,-0.247444,0.847934,0.468806,-0.924896,-0.350878,0.146461,0.033746,-0.02578,-0.014555,0.498809,-0.615826,-1.410707,-0.574907,0.07098,0.047483,-0.055512,0.355418,0.374619,-0.85635,-0.001375,0.916379,0.400309,0.934705,-0.141099,0.326213,-0.025156,0.016517,0.004815,0.045731,0.016166,-0.051188,-1.047202
912,0.139228,0.0185,0.339201,-0.330364,-0.31597,-0.889419,-0.132856,-0.917364,0.375186,-0.934063,0.2425,0.262196,-0.050521,0.030633,0.007604,0.032163,0.01217,-0.052752,-1.90966,-0.163663,0.024699,0.332425,-0.330459,0.328276,0.884886,0.2693,-0.865705,0.421859,0.904921,0.377295,0.196542,0.067889,-0.051887,-0.029673,0.270165,0.878715,-3.715257,-0.355924,0.045524,0.056828,-0.015365,0.294021,-0.362406,0.884428,-0.258476,0.860702,0.438612,-0.920185,-0.357565,0.159391,0.027372,-0.02637,-0.014629,0.552434,-0.885037,-1.337314,-0.560374,0.070485,0.04773,-0.055402,0.354171,0.372784,-0.857668,-0.001206,0.917296,0.398203,0.935179,-0.139998,0.32533,-0.018915,0.008451,0.006829,0.003808,0.039049,-0.061442,-1.047202
913,0.137628,0.019525,0.339728,-0.32825,-0.314457,-0.890738,-0.132993,-0.918194,0.3731,-0.934791,0.241318,0.260689,-0.036124,0.035318,0.011047,0.033284,-0.002254,-0.023002,-1.910738,-0.16149,0.022998,0.331183,-0.343274,0.2643,0.901277,0.286688,-0.88423,0.368621,0.894764,0.384592,0.226606,0.040907,-0.035714,-0.031983,0.530709,-0.806966,-1.546758,-0.355894,0.046637,0.055946,-0.016006,0.305477,-0.297546,0.904516,-0.274855,0.881935,0.382943,-0.911667,-0.365591,0.187629,0.020444,-0.017634,-0.015836,0.507287,-0.770856,-1.519132,-0.548127,0.069677,0.048225,-0.055152,0.352434,0.371034,-0.859141,-0.001069,0.918205,0.396104,0.935835,-0.138682,0.324003,-0.018215,0.012414,0.009866,-0.001843,0.015004,-0.042038,-1.048998
914,0.13633,0.020507,0.340579,-0.324449,-0.310931,-0.893364,-0.134601,-0.919654,0.368906,-0.935891,0.24032,0.257645,-0.022629,0.025946,0.020278,-0.000467,-0.016626,0.014052,-1.911834,-0.159934,0.021797,0.33007,-0.351213,0.205094,0.913552,0.328618,-0.886564,0.325497,0.877091,0.414271,0.242805,0.027759,-0.030724,-0.027209,-0.168448,-0.570827,-1.152438,-0.36202,0.047415,0.055346,-0.016563,0.315361,-0.237924,0.918661,-0.315109,0.886878,0.337864,-0.895127,-0.396028,0.204715,0.013878,-0.015175,-0.013475,-0.145333,-0.625821,-1.191393,-0.548617,0.069023,0.04872,-0.054729,0.349262,0.367168,-0.862092,0.000621,0.91994,0.392057,0.937024,-0.137466,0.321072,-0.018183,0.007751,0.014538,-0.03391,-0.073821,0.107095,-1.049488
915,0.135816,0.020892,0.341082,-0.323456,-0.310011,-0.894044,-0.135383,-0.919937,0.367911,-0.936123,0.240421,0.256705,-0.022408,0.026882,0.020911,0.00296,-0.122466,0.182411,-1.911867,-0.15944,0.021173,0.329522,-0.349377,0.183694,0.918794,0.331769,-0.892738,0.304767,0.876635,0.411076,0.249782,0.027909,-0.032054,-0.028471,0.263658,-0.302594,-1.233096,-0.36715,0.047662,0.05504,-0.016833,0.313742,-0.216907,0.9244,-0.317615,0.8935,0.317454,-0.89481,-0.393202,0.211435,0.013953,-0.015934,-0.014178,0.308766,-0.393071,-1.294855,-0.552536,0.068766,0.048912,-0.054477,0.348529,0.366293,-0.86276,0.001381,0.920275,0.391268,0.937296,-0.137559,0.320237,-0.011461,0.007671,0.014385,-0.036108,0.014934,-0.027772,-1.046875
916,0.135228,0.021936,0.342064,-0.32075,-0.307347,-0.895937,-0.136811,-0.920946,0.364846,-0.936849,0.239975,0.254464,-0.00823,0.031126,0.023859,0.000497,-0.03128,0.043642,-1.911436,-0.159085,0.020095,0.328637,-0.346987,0.151297,0.925582,0.337122,-0.900748,0.273744,0.875537,0.406831,0.260357,0.000893,-0.021899,-0.018001,0.123807,-0.078927,-0.846203,-0.374549,0.04784,0.054493,-0.017282,0.312663,-0.184518,0.931769,-0.321532,0.902479,0.286611,-0.893788,-0.389207,0.222843,0.000454,-0.010832,-0.008913,0.180868,-0.291065,-0.755362,-0.561028,0.068466,0.049429,-0.05399,0.346231,0.363301,-0.864948,0.002928,0.92155,0.388247,0.938144,-0.136955,0.318005,-0.004053,0.016038,0.012309,0.000582,-0.031306,0.043626,-1.043772
