frame,MLTx,MLTy,MLTz,MLTR1,MLTR2,MLTR3,MLTR4,MLTR5,MLTR6,MLTR7,MLTR8,MLTR9,MLTTVx,MLTTVy,MLTTVz,MLTRVx,MLTRVy,MLTRVz,MLGA,MRTx,MRTy,MRTz,MRTR1,MRTR2,MRTR3,MRTR4,MRTR5,MRTR6,MRTR7,MRTR8,MRTR9,MRTTVx,MRTTVy,MRTTVz,MRTRVx,MRTRVy,MRTRVz,MRGA,SLTx,SLTy,SLTz,SLTR1,SLTR2,SLTR3,SLTR4,SLTR5,SLTR6,SLTR7,SLTR8,SLTR9,SLTTVx,SLTTVy,SLTTVz,SLTRVx,SLTRVy,SLTRVz,SLGA,SRTx,SRTy,SRTz,SRTR1,SRTR2,SRTR3,SRTR4,SRTR5,SRTR6,SRTR7,SRTR8,SRTR9,SRTTVx,SRTTVy,SRTTVz,SRTRVx,SRTRVy,SRTRVz,SRGA
1,0.121607,0.052625,0.39955,0.110026,-0.550274,-0.827731,-0.046623,-0.834726,0.548662,-0.992984,-0.021098,-0.116463,-0.01411,0.003379,-0.02527,0.066585,0.009619,-0.047246,0.153699,-0.187289,0.025134,0.329025,0.648261,0.759289,0.056825,-0.627114,0.574892,-0.52551,-0.432479,0.304051,0.848751,0.000297,0.006449,0.005154,0.0,-0.0,-0.0,0.439615,0.02617,0.033667,-0.012245,-0.768369,-0.631653,0.103066,0.485505,-0.680199,-0.549194,0.417006,-0.371945,0.829314,0.006742,0.003601,0.0024,0.003823,-0.03104,0.052806,0.411858,0.076596,0.050694,-0.040166,0.080413,-0.496757,-0.864155,0.063958,-0.862605,0.501817,-0.994707,-0.095623,-0.037593,-0.007242,-0.003051,-0.007885,0.035609,-0.070722,0.134717,0.013534
2,0.121346,0.052419,0.399078,0.113065,-0.545921,-0.8302,-0.044913,-0.83751,0.544547,-0.992726,-0.023609,-0.118175,-0.001927,-0.009365,-0.004114,0.004764,-0.077207,0.151464,0.141115,-0.187108,0.025288,0.329223,0.648322,0.759233,0.056875,-0.627127,0.575021,-0.525353,-0.432366,0.303949,0.848845,0.000814,-0.006912,0.011307,-0.034666,-0.003357,0.006905,0.425374,0.026255,0.033743,-0.012152,-0.76839,-0.631619,0.103115,0.485522,-0.680294,-0.54906,0.416946,-0.371828,0.829397,8.8e-05,0.002004,0.001596,0.001667,-0.015941,0.023653,0.40206,0.076461,0.050594,-0.04041,0.082698,-0.49235,-0.866459,0.065479,-0.864874,0.497699,-0.994421,-0.097894,-0.039285,-0.001009,-0.004958,-0.002171,0.003243,-0.076201,0.151337,0.003573
3,0.121288,0.052233,0.399059,0.11152,-0.543955,-0.831698,-0.049586,-0.83892,0.541966,-0.992676,-0.018529,-0.11949,-0.001222,-0.005935,-0.002611,0.005487,-0.090203,0.177131,0.126406,-0.186987,0.025335,0.329265,0.648666,0.758939,0.056891,-0.626872,0.575319,-0.525332,-0.432222,0.30412,0.848857,9.3e-05,0.002062,0.001643,0.0,-0.0,-0.0,0.408162,0.026316,0.033766,-0.012126,-0.768675,-0.631267,0.103146,0.485229,-0.680553,-0.548998,0.416761,-0.371952,0.829433,5.6e-05,0.001284,0.00102,-3e-06,0.000115,-0.000164,0.389487,0.076432,0.050498,-0.040421,0.080906,-0.490347,-0.867763,0.060695,-0.866578,0.495336,-0.994871,-0.092744,-0.04035,-0.000622,-0.003049,-0.001336,0.003124,-0.076653,0.15224,-0.00802
4,0.121266,0.051934,0.399203,0.111764,-0.538677,-0.835094,-0.048393,-0.842309,0.536791,-0.992708,-0.018917,-0.119166,-0.00031,-0.008962,0.009707,-0.034061,0.003429,0.009048,0.107882,-0.186718,0.025369,0.329297,0.649094,0.758751,0.054459,-0.626777,0.57415,-0.526722,-0.431716,0.306778,0.848158,1e-05,0.000233,0.000186,0.000346,-0.000437,-0.00032,0.359646,0.026456,0.033782,-0.012111,-0.769211,-0.631016,0.100659,0.48527,-0.679353,-0.550446,0.415724,-0.374563,0.828779,0.006576,4.6e-05,-0.000444,-0.003117,-0.008669,0.034059,0.341479,0.07642,0.050349,-0.040354,0.080418,-0.484753,-0.870945,0.061735,-0.869675,0.489747,-0.994847,-0.093152,-0.040012,6.4e-05,0.000311,0.000139,0.000785,-0.097346,0.173138,-0.038066
5,0.121311,0.051861,0.399467,0.110561,-0.535576,-0.837245,-0.047633,-0.844295,0.533732,-0.992878,-0.018469,-0.117812,0.00088,0.004275,0.00188,0.000221,0.000541,0.000267,0.105633,-0.186438,0.025228,0.329303,0.649371,0.75885,0.049557,-0.62712,0.571366,-0.529334,-0.430798,0.311675,0.846838,-6e-05,-0.001384,-0.001104,0.195873,-0.247619,-0.181028,0.301301,0.026595,0.03371,-0.012109,-0.769704,-0.63098,0.097054,0.485721,-0.677471,-0.552364,0.414282,-0.378016,0.827933,0.000267,-0.006695,0.003064,0.29519,-0.405369,-0.326201,0.276163,0.076444,0.050318,-0.040214,0.078789,-0.481653,-0.872812,0.062322,-0.871442,0.486522,-0.99494,-0.092728,-0.038642,0.00049,0.002397,0.001054,-0.004317,-0.007094,-0.003879,-0.050802
6,0.121336,0.051892,0.399573,0.105239,-0.53474,-0.838465,-0.051644,-0.844945,0.532327,-0.993249,-0.012061,-0.11549,0.001137,0.00553,0.002428,-0.406934,0.274472,-0.020524,0.106859,-0.186309,0.025167,0.329296,0.649465,0.758661,0.051186,-0.625416,0.571397,-0.531314,-0.433132,0.312077,0.845499,-6.3e-05,-0.001473,-0.001175,0.002865,-0.003619,-0.002646,0.245402,0.02666,0.033679,-0.012114,-0.769738,-0.6309,0.097302,0.484184,-0.676344,-0.555088,0.416015,-0.38016,0.82608,0.00654,-0.000897,-0.001196,-0.010528,-0.003851,0.038389,0.22538,0.076457,0.050333,-0.040162,0.073371,-0.481053,-0.873615,0.058824,-0.872363,0.485304,-0.995567,-0.086997,-0.035708,0.000203,-0.002708,0.005612,-1.440457,0.913059,-0.225606,-0.051456
7,0.121365,0.052004,0.399673,0.105601,-0.534143,-0.8388,-0.051676,-0.845321,0.531726,-0.993209,-0.012146,-0.115822,0.000622,0.003024,0.001326,2e-06,5e-06,2e-06,0.104982,-0.186155,0.025086,0.329371,0.649602,0.758381,0.053529,-0.620613,0.569766,-0.538646,-0.439796,0.315704,0.840698,0.013215,0.001354,0.000123,0.019176,-0.036812,0.013457,0.175516,0.026732,0.033633,-0.01208,-0.769678,-0.630622,0.099549,0.479384,-0.673846,-0.562247,0.421646,-0.385028,0.820955,0.000344,-0.004935,0.004474,-0.03881,0.008715,-0.01822,0.103402,0.076473,0.050397,-0.040108,0.073666,-0.48057,-0.873856,0.058143,-0.872677,0.484823,-0.995586,-0.086524,-0.036345,0.000347,0.001695,0.000743,0.000294,-0.013971,0.025234,-0.052599
8,0.121373,0.052051,0.399683,0.105667,-0.53405,-0.838851,-0.051635,-0.845379,0.531639,-0.993205,-0.012204,-0.115857,9e-06,4.2e-05,1.9e-05,0.0,0.0,0.0,0.098986,-0.186004,0.025051,0.329547,0.650146,0.757913,0.053564,-0.620386,0.570367,-0.538273,-0.439313,0.315745,0.840935,0.000134,0.0032,0.002549,0.001711,-0.016057,0.023867,0.143408,0.026812,0.033614,-0.011993,-0.770122,-0.630028,0.099875,0.479031,-0.674587,-0.561658,0.421235,-0.384703,0.821318,0.006626,0.001181,0.00046,0.001259,-0.014288,0.029844,0.047067,0.076478,0.050424,-0.040101,0.073729,-0.480472,-0.873904,0.058175,-0.872725,0.484732,-0.995579,-0.086579,-0.036394,-2e-05,-9.1e-05,-4.1e-05,-2.6e-05,-2.2e-05,-1.4e-05,-0.057987
9,0.121353,0.051997,0.39966,0.10558,-0.534183,-0.838777,-0.051657,-0.845295,0.53177,-0.993212,-0.012157,-0.115793,-0.000319,-0.001553,-0.000681,0.0,0.0,0.0,0.096838,-0.186026,0.025009,0.329668,0.64964,0.758346,0.05358,-0.620901,0.570061,-0.538003,-0.439333,0.31526,0.841107,6.8e-05,0.001622,0.001292,0.0,-0.0,-0.0,0.108547,0.026801,0.033597,-0.01193,-0.769713,-0.630528,0.09988,0.479592,-0.674392,-0.561413,0.421346,-0.384226,0.821485,3.6e-05,0.000884,0.000703,0.001668,-0.015993,0.023831,-0.000778,0.076468,0.050396,-0.040114,0.073659,-0.480616,-0.873831,0.058158,-0.87265,0.484869,-0.995585,-0.086536,-0.036327,-0.000179,-0.000875,-0.000383,-6e-06,9e-06,2e-06,-0.063866
10,0.121348,0.051973,0.39965,0.103135,-0.533222,-0.839692,-0.050527,-0.845909,0.530901,-0.993524,-0.01167,-0.113136,-0.000199,-0.000966,-0.000424,0.055397,0.135852,0.067085,0.09724,-0.186024,0.025041,0.329706,0.649727,0.758272,0.053578,-0.620848,0.570139,-0.537981,-0.439281,0.315297,0.84112,0.000128,0.00306,0.002436,0.001707,-0.016044,0.023877,0.07777,0.026802,0.033609,-0.011914,-0.76977,-0.630457,0.099882,0.479543,-0.674448,-0.561388,0.421297,-0.384243,0.821502,5e-05,0.001234,0.000982,-1.4e-05,3.2e-05,-4.9e-05,-0.029027,0.076465,0.050382,-0.040119,0.071381,-0.479899,-0.874414,0.059178,-0.873068,0.483992,-0.995691,-0.086295,-0.033921,-0.000146,-0.000721,-0.000316,0.098288,0.23069,0.115034,-0.064356
11,0.121343,0.051909,0.399611,0.099978,-0.533828,-0.839689,-0.05551,-0.845592,0.530909,-0.993577,-0.00581,-0.113125,-0.00046,-0.002239,-0.000983,1.4e-05,3.4e-05,1.7e-05,0.094898,-0.185947,0.025116,0.329823,0.649791,0.75855,0.048627,-0.621313,0.567044,-0.540707,-0.438525,0.320153,0.839679,0.013251,0.002436,0.000979,0.078119,-0.111143,-0.040729,0.01472,0.026836,0.033651,-0.011851,-0.770147,-0.630783,0.09479,0.480447,-0.671392,-0.564271,0.419574,-0.389031,0.820129,0.000368,-0.00437,0.004924,0.049771,-0.096219,-0.095981,-0.112468,0.076462,0.050351,-0.040138,0.067956,-0.480657,-0.87427,0.054273,-0.873218,0.484297,-0.99621,-0.080361,-0.033254,-0.000269,-0.001304,-0.00057,-0.001867,0.010631,-0.026834,-0.066152
12,0.121355,0.051833,0.399587,0.099916,-0.533913,-0.839642,-0.055549,-0.845539,0.53099,-0.993581,-0.005755,-0.113092,-0.000369,-0.001794,-0.000788,0.0,0.0,0.0,0.080755,-0.185887,0.025113,0.329993,0.650357,0.758591,0.039579,-0.623421,0.562932,-0.542575,-0.434671,0.327212,0.838962,0.000126,0.003034,0.002409,0.080156,-0.210624,0.127526,-0.043311,0.026871,0.033648,-0.011768,-0.771127,-0.630905,0.085565,0.483287,-0.667521,-0.566434,0.414483,-0.395441,0.819652,3.8e-05,0.000937,0.000745,0.0594,-0.074482,-0.053109,-0.180397,0.076468,0.050312,-0.040151,0.06793,-0.480757,-0.874218,0.054231,-0.873167,0.484393,-0.996214,-0.080315,-0.033242,-0.000204,-0.000995,-0.000435,-0.000714,0.012924,-0.025706,-0.076439
13,0.121369,0.051815,0.399578,0.099918,-0.533908,-0.839645,-0.055548,-0.845542,0.530985,-0.993581,-0.005756,-0.113094,-0.000124,-0.000602,-0.000265,0.0,0.0,0.0,0.071579,-0.185885,0.02513,0.330032,0.650671,0.758565,0.0346,-0.623668,0.559987,-0.545332,-0.433844,0.332271,0.837399,8.4e-05,0.002036,0.001617,0.151831,-0.190996,-0.139221,-0.087572,0.026872,0.033657,-0.011748,-0.771757,-0.630678,0.081456,0.483639,-0.665286,-0.568758,0.412895,-0.399548,0.81846,2.1e-05,0.000533,0.000421,0.271656,-0.436427,-0.075323,-0.218444,0.076475,0.050301,-0.040156,0.067934,-0.480751,-0.87422,0.054234,-0.87317,0.484388,-0.996214,-0.080319,-0.033245,-7.9e-05,-0.000394,-0.000172,0.000104,-5.5e-05,4e-06,-0.085583
14,0.121371,0.051831,0.399575,0.099867,-0.533994,-0.839596,-0.055535,-0.845488,0.531072,-0.993587,-0.005751,-0.113044,0.000123,0.000597,0.000262,0.0,0.0,0.0,0.06291,-0.185863,0.025185,0.330075,0.651464,0.758244,0.025531,-0.625427,0.555935,-0.547458,-0.430101,0.339701,0.836349,6.4e-05,0.001558,0.001236,0.09865,-0.123785,-0.090248,-0.198551,0.026883,0.033686,-0.011726,-0.773034,-0.630313,0.07157,0.486126,-0.661094,-0.571519,0.407551,-0.407012,0.81746,3.2e-05,0.000781,0.000619,0.080768,-0.099476,-0.071596,-0.316255,0.076476,0.050308,-0.040158,0.067895,-0.480843,-0.874173,0.054253,-0.873119,0.484477,-0.996215,-0.080321,-0.033194,7.6e-05,0.000366,0.000159,6.6e-05,-4.4e-05,-1.4e-05,-0.103872
15,0.121365,0.051832,0.399596,0.097517,-0.532862,-0.840591,-0.054439,-0.846205,0.530042,-0.993878,-0.00527,-0.110478,5.5e-05,0.000267,0.000117,7.1e-05,0.000173,8.6e-05,0.059722,-0.185689,0.025325,0.330173,0.653282,0.757064,0.008304,-0.630101,0.549888,-0.548206,-0.420396,0.35192,0.836231,0.000166,0.004072,0.003227,0.084846,-0.105832,-0.077201,-0.321083,0.026964,0.033749,-0.011681,-0.775537,-0.628977,0.054126,0.49187,-0.655769,-0.572738,0.395733,-0.417557,0.817949,8.6e-05,0.002129,0.001686,0.095932,-0.206743,0.095502,-0.430722,0.076473,0.05031,-0.040147,0.06534,-0.479838,-0.87492,0.05533,-0.873703,0.483302,-0.996327,-0.079988,-0.030538,3.5e-05,0.000168,7.4e-05,-0.002426,-0.004805,-0.002496,-0.11024
16,0.121373,0.051823,0.399602,0.097517,-0.532854,-0.840596,-0.054463,-0.84621,0.530032,-0.993877,-0.005248,-0.110491,-4.4e-05,-0.000215,-9.4e-05,0.0,0.0,0.0,0.04459,-0.185523,0.025556,0.330332,0.656207,0.754501,-0.010561,-0.635372,0.545095,-0.546906,-0.407691,0.364617,0.837081,0.013382,0.006299,0.004023,-0.377803,-0.888655,-0.306204,-0.529542,0.027047,0.033866,-0.011601,-0.778844,-0.626063,0.03801,0.497129,-0.653125,-0.571217,0.382444,-0.425994,0.819917,0.000116,0.002924,0.00231,-2.001305,-1.631732,-1.120031,-0.579969,0.076477,0.050307,-0.040143,0.065387,-0.479846,-0.874912,0.055283,-0.8737,0.483313,-0.996327,-0.07997,-0.030601,-3.1e-05,-0.000149,-6.6e-05,4.1e-05,-0.000135,-4.8e-05,-0.12216
17,0.12137,0.051807,0.399595,0.097495,-0.532887,-0.840578,-0.054468,-0.84619,0.530064,-0.993879,-0.005237,-0.110475,-0.0001,-0.000487,-0.000214,0.0,0.0,0.0,0.027034,-0.185471,0.025715,0.330404,0.658057,0.752819,-0.01468,-0.635714,0.545191,-0.546413,-0.404156,0.367929,0.837346,0.000259,0.006475,0.005115,0.106627,-0.240959,0.105214,-0.725994,0.027079,0.033948,-0.011563,-0.780761,-0.624022,0.031743,0.498213,-0.652403,-0.571097,0.377086,-0.430076,0.820267,0.00013,0.003272,0.002583,0.097866,-0.22013,0.120138,-0.724481,0.076475,0.050299,-0.040147,0.065371,-0.479882,-0.874893,0.055281,-0.873681,0.483347,-0.996328,-0.079962,-0.030585,-6.4e-05,-0.000309,-0.000136,5.8e-05,-6.4e-05,-1e-06,-0.13751
18,0.121359,0.0518,0.399592,0.097472,-0.532922,-0.840558,-0.054474,-0.846168,0.530098,-0.993881,-0.005224,-0.110459,-0.0,-1e-06,-0.0,0.0,0.0,0.0,7.7e-05,-0.185296,0.026106,0.330586,0.661716,0.749291,-0.026192,-0.639434,0.54593,-0.541311,-0.392114,0.373971,0.840389,0.000359,0.009139,0.007199,0.137538,-0.277899,0.07806,-1.20985,0.027166,0.034138,-0.011476,-0.784266,-0.620069,0.020981,0.502014,-0.654093,-0.565811,0.364566,-0.433214,0.824267,0.00674,0.004771,0.003276,0.191364,-0.246128,-0.103709,-0.960926,0.07647,0.050294,-0.040149,0.065353,-0.479919,-0.874874,0.055279,-0.873661,0.483383,-0.996329,-0.079953,-0.030567,-0.005703,0.000906,0.000642,-0.000952,0.014656,-0.029559,-0.178985
19,0.121342,0.051803,0.399594,0.097374,-0.533073,-0.840474,-0.054497,-0.846073,0.530247,-0.993889,-0.005172,-0.110386,-0.0,-0.0,-0.0,0.0,0.0,0.0,-0.009888,-0.185045,0.026525,0.330886,0.663874,0.747191,-0.03113,-0.642291,0.548523,-0.535274,-0.383694,0.37438,0.844086,0.000394,0.010274,0.008062,0.001235,-0.016343,0.023666,-1.399944,0.027286,0.034345,-0.011328,-0.78635,-0.617578,0.015805,0.504694,-0.656951,-0.560088,0.356281,-0.432449,0.828281,0.000525,-0.00031,0.008095,-0.034002,0.000272,0.009268,-0.898386,0.076462,0.050296,-0.040148,0.065335,-0.47996,-0.874853,0.055277,-0.87364,0.483422,-0.99633,-0.079943,-0.030549,-4e-06,8e-06,6e-06,6e-06,-6e-05,-1e-05,-0.198744
20,0.121341,0.051803,0.399584,0.097375,-0.533078,-0.840471,-0.054472,-0.84607,0.530255,-0.99389,-0.005194,-0.110375,-3.9e-05,-0.000191,-8.4e-05,0.0,0.0,0.0,-0.012301,-0.184929,0.026756,0.331047,0.664288,0.746753,-0.032766,-0.643447,0.549146,-0.533243,-0.381025,0.374343,0.845311,0.013559,0.012569,0.008885,0.005461,-0.047294,0.076997,-1.401125,0.027344,0.034462,-0.011247,-0.786771,-0.617079,0.014227,0.505808,-0.657769,-0.558119,0.353762,-0.431917,0.829638,0.000215,0.005767,0.004513,-0.004509,0.098184,-0.138576,-0.908837,0.076461,0.050296,-0.040153,0.065278,-0.480087,-0.874788,0.055289,-0.873571,0.483545,-0.996333,-0.079931,-0.030481,0.000277,0.005096,-0.004585,0.035113,-0.015953,0.016908,-0.202989
21,0.121347,0.051802,0.399562,0.097465,-0.532957,-0.840537,-0.054402,-0.846145,0.530142,-0.993885,-0.005286,-0.110414,-9e-05,-0.000436,-0.000192,0.0,0.0,0.0,-0.015679,-0.18475,0.027392,0.331356,0.664537,0.746298,-0.037699,-0.647531,0.550109,-0.527274,-0.373583,0.373838,0.848849,0.000498,0.013412,0.010454,-0.013982,0.075593,-0.119153,-1.402915,0.027439,0.034781,-0.011091,-0.787321,-0.616472,0.009301,0.509868,-0.659505,-0.552346,0.346641,-0.430132,0.833562,-9.2e-05,0.012062,0.001091,0.026265,-0.03501,0.036188,-0.928595,0.076464,0.050295,-0.040163,0.065353,-0.479956,-0.874854,0.055355,-0.873635,0.483422,-0.996325,-0.080021,-0.030527,-4.8e-05,-0.000228,-9.9e-05,1.9e-05,-5e-06,-6e-06,-0.207561
22,0.121322,0.051765,0.399547,0.097387,-0.533077,-0.84047,-0.05442,-0.84607,0.53026,-0.993892,-0.005245,-0.110357,-0.011796,-9.7e-05,0.000441,-0.000984,0.014715,-0.029553,-0.018889,-0.184744,0.028056,0.331586,0.664442,0.746297,-0.039363,-0.648841,0.550102,-0.525668,-0.371469,0.373849,0.849771,-0.000259,0.02191,0.00043,0.038097,-0.0286,0.040909,-1.403551,0.027442,0.035112,-0.010971,-0.787217,-0.616627,0.007659,0.511342,-0.659647,-0.550811,0.344698,-0.429692,0.834593,-0.000127,0.011114,0.000337,0.030782,0.084735,-0.122163,-0.921573,0.076456,0.050279,-0.04017,0.0653,-0.480064,-0.874798,0.055344,-0.873578,0.483526,-0.996329,-0.07999,-0.030476,-0.000229,-0.001109,-0.000489,-0.000811,0.013019,-0.025686,-0.210501
23,0.121273,0.051675,0.39955,0.098418,-0.530851,-0.841758,-0.055198,-0.847471,0.527937,-0.993749,-0.00484,-0.111657,-0.000987,-0.012255,0.008266,-0.035102,0.015925,-0.016909,-0.026709,-0.184794,0.028779,0.331578,0.663661,0.746902,-0.041017,-0.650455,0.549314,-0.524496,-0.370033,0.3738,0.850419,-0.000367,0.018963,-0.001868,0.038096,-0.028655,0.040873,-1.404036,0.027418,0.035487,-0.010971,-0.786686,-0.617323,0.005997,0.513063,-0.659163,-0.549789,0.34335,-0.429436,0.835281,-0.00019,0.009319,-0.00106,0.03915,-0.028029,0.041238,-0.922226,0.076428,0.050238,-0.040172,0.066054,-0.477689,-0.876041,0.054501,-0.874921,0.481188,-0.996325,-0.079529,-0.031758,-0.000238,-0.001156,-0.000506,0.006242,-0.089059,0.175116,-0.214583
24,0.121258,0.051645,0.399537,0.100651,-0.526198,-0.844411,-0.05651,-0.850371,0.523113,-0.993454,-0.004285,-0.114272,-0.000248,-0.001203,-0.000529,-0.000637,-0.000631,0.001804,-0.031322,-0.184806,0.029177,0.331465,0.663404,0.747037,-0.042677,-0.651772,0.549073,-0.523111,-0.368167,0.373882,0.851192,0.012585,0.017507,-0.003945,0.040139,-0.043898,0.070092,-1.403571,0.027407,0.035679,-0.011026,-0.786512,-0.617559,0.004323,0.51453,-0.659135,-0.548451,0.34155,-0.429139,0.83617,-0.000552,0.013902,-0.005779,0.064274,0.070796,-0.106006,-0.92092,0.076419,0.050217,-0.040176,0.067704,-0.472692,-0.878622,0.052966,-0.877698,0.476276,-0.996298,-0.078783,-0.034387,-0.000147,-0.000713,-0.000312,0.000247,0.001515,-0.003201,-0.218012
25,0.12119,0.051582,0.399491,0.104826,-0.517971,-0.848978,-0.058209,-0.855409,0.514645,-0.992929,-0.003892,-0.11876,-0.000577,-0.002798,-0.001233,-0.000818,0.013032,-0.025691,-0.042124,-0.184857,0.030058,0.330994,0.663175,0.747091,-0.045226,-0.655169,0.550408,-0.517433,-0.362494,0.371811,0.854527,-0.001309,0.022246,-0.015828,0.052851,0.086308,-0.130117,-1.404247,0.027386,0.036124,-0.011253,-0.786555,-0.617516,0.00191,0.517823,-0.66125,-0.542776,0.336436,-0.425934,0.839874,-0.000663,0.010706,-0.008234,0.070526,-0.044276,0.021259,-0.922063,0.076386,0.050188,-0.040198,0.07083,-0.463956,-0.883021,0.05095,-0.882407,0.467719,-0.996186,-0.078119,-0.038863,-0.000145,-0.000699,-0.000308,0.006972,-0.088031,0.172437,-0.226503
26,0.121092,0.051509,0.399514,0.105954,-0.510967,-0.853072,-0.064228,-0.859621,0.506851,-0.992439,0.001718,-0.122833,-0.00011,-0.000532,-0.000234,0.00565,-0.089918,0.177317,-0.049885,-0.18492,0.030818,0.330307,0.663603,0.746652,-0.046177,-0.656522,0.551853,-0.51417,-0.35924,0.370554,0.856445,-0.001425,0.019051,-0.01827,0.070933,-0.023186,0.035519,-1.40467,0.027355,0.036495,-0.011591,-0.786856,-0.617135,0.000999,0.519176,-0.66283,-0.539548,0.333636,-0.424028,0.841954,-0.00071,0.009316,-0.009298,0.086809,-0.03536,0.027572,-0.921083,0.076336,0.050147,-0.040189,0.070991,-0.456828,-0.886717,0.044599,-0.886617,0.460347,-0.996479,-0.072227,-0.042568,-5.3e-05,-0.000259,-0.000111,0.006982,-0.088304,0.173014,-0.233851
27,0.121046,0.051484,0.399536,0.106975,-0.509397,-0.853883,-0.064053,-0.860553,0.50529,-0.992343,0.001268,-0.12362,-1.9e-05,-9.3e-05,-4.1e-05,-0.0,-0.0,0.0,-0.054887,-0.184966,0.031146,0.329956,0.663697,0.746566,-0.046223,-0.656,0.551434,-0.515285,-0.360023,0.371348,0.855772,-0.002123,0.02892,-0.027121,0.095596,0.090454,-0.136634,-1.404733,0.027332,0.036662,-0.01177,-0.787035,-0.616907,0.000826,0.518567,-0.6623,-0.540782,0.334159,-0.425186,0.841162,-0.007214,0.008777,-0.009232,0.071446,0.004088,-0.020517,-0.922226,0.076313,0.050134,-0.040178,0.071868,-0.45505,-0.88756,0.044734,-0.887495,0.458639,-0.99641,-0.072666,-0.043426,2e-06,7e-06,5e-06,0.006014,-0.089742,0.17676,-0.23728
28,0.120961,0.051425,0.399575,0.108413,-0.507165,-0.85503,-0.063846,-0.861871,0.503065,-0.992202,0.000676,-0.124751,-2.2e-05,-0.000107,-4.7e-05,0.0,0.0,0.0,-0.068916,-0.185035,0.031872,0.329158,0.663641,0.746507,-0.047952,-0.656433,0.550598,-0.515626,-0.359333,0.372701,0.855474,-0.001525,0.016261,-0.020395,0.071043,-0.00919,0.010109,-1.40537,0.027296,0.037033,-0.012181,-0.786986,-0.616969,-0.000947,0.519205,-0.66145,-0.54121,0.333284,-0.426417,0.840886,-0.000755,0.008023,-0.010281,0.074531,-0.007218,0.011259,-0.929901,0.076271,0.050106,-0.040158,0.07303,-0.452659,-0.888687,0.044856,-0.888674,0.456338,-0.99632,-0.07319,-0.044596,-6e-06,-2.4e-05,-9e-06,0.000153,-5.1e-05,-2.3e-05,-0.245608
29,0.120886,0.051389,0.399592,0.10862,-0.506827,-0.855204,-0.063868,-0.862069,0.502722,-0.992178,0.000639,-0.124941,-4.2e-05,-0.000202,-8.9e-05,0.0,0.0,0.0,-0.079101,-0.185035,0.032568,0.328369,0.663491,0.746358,-0.052166,-0.66094,0.552197,-0.508104,-0.351239,0.370634,0.859724,-0.001452,0.018213,-0.018858,0.07094,-0.009108,0.010171,-1.404864,0.027292,0.037361,-0.012566,-0.787015,-0.616911,-0.005137,0.523843,-0.663841,-0.533762,0.325874,-0.42277,0.845618,-0.00071,0.009198,-0.009359,0.081719,-0.009164,0.009923,-0.935943,0.076234,0.050088,-0.040149,0.073198,-0.452297,-0.888858,0.044825,-0.888856,0.455987,-0.996309,-0.07322,-0.044788,-2.1e-05,-9.5e-05,-4.1e-05,0.000101,-4e-05,3e-06,-0.254099
30,0.120873,0.051359,0.39959,0.108487,-0.507022,-0.855105,-0.063926,-0.861955,0.502911,-0.992188,0.000729,-0.124855,-0.000248,-0.001198,-0.000528,0.0,0.0,0.0,-0.082543,-0.185,0.032896,0.328075,0.663835,0.74593,-0.053873,-0.661646,0.552364,-0.507003,-0.349249,0.371245,0.860271,-0.001346,0.021098,-0.016602,0.072745,-0.025658,0.033692,-1.405207,0.027314,0.037527,-0.012724,-0.787392,-0.616414,-0.006845,0.524514,-0.664085,-0.532799,0.32388,-0.423112,0.846213,0.006132,0.004755,-0.005031,0.042212,-0.026644,0.046737,-0.940678,0.076227,0.050075,-0.040149,0.073089,-0.452506,-0.88876,0.044777,-0.888756,0.456186,-0.996319,-0.073138,-0.044697,-0.000157,-0.000762,-0.000334,7.7e-05,-4.5e-05,8e-06,-0.257038
31,0.120878,0.051262,0.399618,0.108369,-0.507143,-0.855048,-0.064126,-0.861883,0.503008,-0.992188,0.000945,-0.124855,-0.000761,-0.01113,0.008763,-0.035098,0.015941,-0.016901,-0.091742,-0.184977,0.033477,0.327632,0.664929,0.74494,-0.054087,-0.663875,0.556453,-0.499563,-0.342867,0.367116,0.864599,-0.000682,0.010303,-0.008482,-0.140173,0.195156,0.175124,-1.404737,0.027326,0.037825,-0.012946,-0.788239,-0.615319,-0.007731,0.526591,-0.667969,-0.52585,0.318402,-0.418567,0.850541,0.00614,0.005256,-0.004636,-0.235171,0.321109,0.263933,-0.945087,0.07623,0.050029,-0.040139,0.072998,-0.452627,-0.888706,0.044611,-0.88871,0.456293,-0.996333,-0.072955,-0.044683,-8.8e-05,-0.000423,-0.000185,5.8e-05,-1.8e-05,-1e-06,-0.26259
32,0.120862,0.0512,0.399643,0.10826,-0.507267,-0.854989,-0.064274,-0.86181,0.503114,-0.99219,0.001112,-0.124837,-2.2e-05,-0.000107,-4.7e-05,0.0,0.0,0.0,-0.094065,-0.185058,0.033638,0.327453,0.665886,0.744299,-0.051059,-0.667538,0.564026,-0.486006,-0.333756,0.356744,0.872469,-0.013085,-0.004028,-0.002188,-0.168448,0.225509,0.094879,-1.403296,0.027285,0.037917,-0.013033,-0.788951,-0.614442,-0.003878,0.529388,-0.676509,-0.51194,0.311935,-0.405949,0.859012,-0.00654,-0.002096,-0.001158,-0.168494,0.236988,0.102366,-0.945087,0.076221,0.049994,-0.040124,0.072895,-0.452774,-0.88864,0.044441,-0.888651,0.456425,-0.996348,-0.072763,-0.044657,-3e-06,-1.5e-05,-6e-06,4.7e-05,6e-06,3e-06,-0.267326
33,0.12083,0.051198,0.399674,0.108194,-0.507343,-0.854952,-0.064364,-0.861766,0.503179,-0.992192,0.001212,-0.124825,4.7e-05,0.000228,0.000101,0.0,0.0,0.0,-0.086056,-0.185412,0.032739,0.327547,0.671613,0.740001,-0.036416,-0.659007,0.574365,-0.485539,-0.339211,0.349135,0.873444,-0.012104,-0.033568,0.007807,-0.205693,0.14261,0.225866,-0.933053,0.027113,0.037482,-0.012987,-0.792975,-0.609156,0.010847,0.519181,-0.684951,-0.511166,0.31881,-0.399711,0.859413,-0.006065,-0.017118,0.003647,-0.231501,0.344073,0.122335,-0.857563,0.076205,0.049993,-0.040108,0.072839,-0.452856,-0.888602,0.044355,-0.888616,0.4565,-0.996356,-0.072665,-0.044639,3.7e-05,0.000178,7.9e-05,2.5e-05,-1.2e-05,-0.0,-0.266673
34,0.120823,0.0512,0.399685,0.108105,-0.507471,-0.854887,-0.064411,-0.86169,0.503302,-0.992198,0.00128,-0.124772,4.7e-05,0.000229,0.000101,0.0,0.0,0.0,-0.080867,-0.185641,0.032048,0.327808,0.672576,0.739345,-0.031649,-0.65845,0.578538,-0.481322,-0.338382,0.343607,0.875954,-0.011322,-0.040286,0.019123,-0.253692,0.221981,0.047531,-0.407607,0.026998,0.037128,-0.01287,-0.793643,-0.608177,0.015841,0.517999,-0.689162,-0.506686,0.319073,-0.393922,0.861984,-0.005992,-0.014692,0.00555,-0.239544,0.147962,0.230321,-0.756813,0.076202,0.049994,-0.040102,0.072765,-0.452994,-0.888538,0.044314,-0.888552,0.45663,-0.996364,-0.072602,-0.044582,3e-05,0.00014,6.2e-05,2.2e-05,-5e-06,6e-06,-0.26406
35,0.120827,0.051167,0.399691,0.10807,-0.507507,-0.85487,-0.064468,-0.861669,0.503331,-0.992198,0.001342,-0.124771,0.011229,-0.002742,-0.001692,0.000984,-0.014715,0.029553,-0.079826,-0.186108,0.030886,0.328729,0.662985,0.748461,-0.015761,-0.664823,0.579119,-0.471769,-0.34479,0.322285,0.881542,-0.010869,-0.027914,0.028857,-0.479402,0.447254,0.315218,0.172851,0.026764,0.03653,-0.012424,-0.784835,-0.618983,0.02989,0.525088,-0.689848,-0.498389,0.329114,-0.375458,0.866437,-0.005434,-0.013704,0.014635,-0.51257,0.751639,-0.134188,-0.618506,0.0762,0.049981,-0.040098,0.072725,-0.453054,-0.888511,0.044257,-0.888526,0.456685,-0.996369,-0.072535,-0.044568,-0.000153,-0.000744,-0.000329,1.7e-05,-3e-06,-1e-05,-0.260794
36,0.120824,0.05111,0.399665,0.108006,-0.507604,-0.854821,-0.064483,-0.861612,0.503427,-0.992204,0.001374,-0.124724,-0.000383,-0.001849,-0.000817,0.0,0.0,0.0,-0.081889,-0.186561,0.030112,0.329929,0.657797,0.753159,0.0068,-0.662354,0.582889,-0.470597,-0.359208,0.304079,0.882252,-0.010508,-0.018954,0.035862,-0.363578,0.223401,0.365761,0.351782,0.026538,0.036139,-0.011826,-0.779256,-0.624435,0.05329,0.521896,-0.69366,-0.496446,0.346964,-0.359048,0.866429,-0.005269,-0.009255,0.018116,-0.469548,0.334245,0.444335,-0.523634,0.076203,0.049952,-0.040111,0.072684,-0.453138,-0.888472,0.044248,-0.888486,0.456765,-0.996373,-0.072512,-0.044528,-0.000245,-0.001188,-0.000526,1e-05,-4e-06,5e-06,-0.260794
37,0.120806,0.051072,0.399639,0.108016,-0.507597,-0.854823,-0.064457,-0.861616,0.503424,-0.992205,0.001347,-0.124719,-0.000565,-0.002725,-0.001204,0.0,0.0,0.0,-0.081668,-0.18676,0.029747,0.330731,0.659901,0.751233,0.013071,-0.65985,0.587922,-0.467845,-0.359958,0.299135,0.883635,-0.010323,-0.01466,0.039182,-0.204281,0.021984,0.251027,0.405013,0.026438,0.035956,-0.011426,-0.78068,-0.621997,0.060467,0.518514,-0.698713,-0.492891,0.348826,-0.353437,0.867987,-0.004897,-0.013377,0.023187,-0.234198,0.034583,0.203504,-0.482158,0.076194,0.049933,-0.040124,0.072693,-0.45313,-0.888475,0.044274,-0.888487,0.456759,-0.996371,-0.07254,-0.044525,-0.000304,-0.001468,-0.000649,1e-05,0.0,-1.8e-05,-0.260957
38,0.120762,0.050981,0.39961,0.107846,-0.507848,-0.854696,-0.064523,-0.861468,0.503668,-0.992219,0.001455,-0.124607,-0.000441,-0.002126,-0.00094,0.0,0.0,0.0,-0.081183,-0.187438,0.028927,0.332249,0.662663,0.748444,0.026485,-0.657143,0.598205,-0.458528,-0.359842,0.285478,0.888189,-0.023521,-0.019136,0.036642,-0.377477,0.252074,0.34321,0.49678,0.026105,0.035564,-0.010653,-0.78218,-0.618814,0.072545,0.514814,-0.707485,-0.484179,0.350942,-0.341369,0.871955,-0.011505,-0.015676,0.021875,-0.567239,0.544856,0.274422,-0.293231,0.076172,0.049886,-0.040139,0.072554,-0.4534,-0.888349,0.044218,-0.888358,0.457016,-0.996383,-0.07244,-0.044406,-0.000247,-0.00119,-0.000526,-0.000822,0.013001,-0.025694,-0.260794
39,0.12074,0.050968,0.399595,0.107801,-0.507925,-0.854656,-0.06451,-0.861422,0.503748,-0.992224,0.001455,-0.124562,-1.2e-05,-5.7e-05,-2.5e-05,0.0,0.0,0.0,-0.082043,-0.188352,0.02812,0.33347,0.662505,0.747969,0.040255,-0.656421,0.605765,-0.449548,-0.361449,0.270436,0.892234,-0.024415,-0.013853,0.024205,-0.055319,0.387207,0.145742,0.533239,0.025639,0.03516,-0.010023,-0.781263,-0.618051,0.087401,0.512974,-0.715504,-0.474247,0.355645,-0.325678,0.876042,-0.01224,-0.007152,0.011943,-0.03332,0.391139,0.145845,0.017021,0.07616,0.049876,-0.040148,0.072519,-0.453482,-0.888309,0.044235,-0.888315,0.457097,-0.996385,-0.072442,-0.04436,8e-06,3.6e-05,1.6e-05,3e-06,1e-06,5e-06,-0.260794
40,0.12068,0.050978,0.399601,0.107715,-0.508059,-0.854587,-0.064532,-0.861344,0.503879,-0.992232,0.001499,-0.124498,-0.0,-0.0,-0.0,0.0,0.0,0.0,-0.090391,-0.18914,0.027563,0.334403,0.670419,0.739863,0.055967,-0.643207,0.617258,-0.453003,-0.370532,0.266747,0.889615,-0.024488,-0.01508,0.023264,2.12474,1.595219,0.560761,0.53379,0.025264,0.03489,-0.009577,-0.787017,-0.60848,0.101759,0.499021,-0.724864,-0.474919,0.362741,-0.32299,0.874125,-0.01223,-0.006908,0.012132,-0.146381,0.110639,-0.014776,0.322375,0.076131,0.049883,-0.040144,0.072449,-0.453626,-0.888242,0.044219,-0.888246,0.457235,-0.996391,-0.072403,-0.044294,6e-06,2.3e-05,9e-06,-6e-06,-1.1e-05,1.4e-05,-0.262917
41,0.120652,0.050958,0.399614,0.107641,-0.508154,-0.85454,-0.064599,-0.861287,0.503968,-0.992236,0.001581,-0.124469,-0.000328,-0.001581,-0.0007,-0.000823,0.013008,-0.025704,-0.096315,-0.189538,0.027188,0.334876,0.673981,0.736486,0.057703,-0.639312,0.620759,-0.453731,-0.370817,0.267963,0.889131,-0.024575,-0.016532,0.02216,-0.075925,0.041348,-0.067514,0.533814,0.025055,0.034698,-0.00933,-0.789636,-0.604493,0.10518,0.493114,-0.727224,-0.477475,0.36512,-0.325166,0.872326,-0.005535,-0.01438,0.014211,-0.108049,0.037032,-0.090478,0.444842,0.076117,0.049877,-0.040136,0.072396,-0.453712,-0.888202,0.044157,-0.888208,0.457314,-0.996397,-0.072328,-0.044268,0.0,1.3e-05,7e-06,-1.1e-05,-2.1e-05,-4e-06,-0.265856
42,0.12064,0.050897,0.39967,0.107527,-0.508261,-0.854491,-0.064822,-0.861224,0.504047,-0.992233,0.001817,-0.124485,-0.000614,-0.010408,0.009086,-0.035097,0.015947,-0.016898,-0.103997,-0.190213,0.026012,0.335887,0.676002,0.734607,0.058014,-0.638956,0.623691,-0.450199,-0.367735,0.266317,0.890903,-0.024351,-0.033205,0.025968,-0.113115,0.068701,-0.109381,0.534628,0.024722,0.034132,-0.008833,-0.791346,-0.602219,0.105363,0.492398,-0.729968,-0.474014,0.362372,-0.323229,0.87419,-0.012194,-0.016622,0.012982,-0.113095,0.068762,-0.110357,0.505586,0.076111,0.049847,-0.040113,0.072297,-0.453835,-0.888147,0.043963,-0.888162,0.457421,-0.996413,-0.072116,-0.04426,-2e-06,1.1e-05,7e-06,-1.1e-05,-1.9e-05,-1.2e-05,-0.272388
43,0.120627,0.050851,0.399702,0.10744,-0.508351,-0.854448,-0.064965,-0.86117,0.50412,-0.992233,0.001973,-0.124483,-2e-06,-1e-05,-5e-06,0.0,0.0,0.0,-0.112899,-0.190698,0.024825,0.336839,0.672005,0.737806,0.063581,-0.639162,0.621361,-0.453118,-0.374648,0.262906,0.889035,-0.011268,-0.031622,0.026324,0.570536,0.491787,0.093542,0.534842,0.024475,0.033525,-0.008361,-0.787901,-0.606054,0.109133,0.494266,-0.728096,-0.474948,0.367304,-0.320272,0.87322,0.000903,-0.015353,0.013064,-0.125348,0.127008,-0.195217,0.51571,0.076104,0.04982,-0.040094,0.072211,-0.453946,-0.888097,0.043795,-0.88812,0.457518,-0.996426,-0.071932,-0.044251,-2e-06,6e-06,5e-06,3e-06,8e-06,-8e-06,-0.277123
44,0.120616,0.050821,0.399719,0.107379,-0.50842,-0.854415,-0.065053,-0.86113,0.504178,-0.992234,0.002071,-0.124475,-5.5e-05,-0.000265,-0.000117,0.0,0.0,0.0,-0.123452,-0.190805,0.02438,0.337278,0.670713,0.738744,0.066279,-0.636534,0.619304,-0.459589,-0.381391,0.265108,0.885506,0.001363,-0.018007,0.019299,0.171919,0.107979,-0.01588,0.534194,0.024412,0.033286,-0.008135,-0.78634,-0.607347,0.113123,0.490524,-0.725109,-0.483323,0.375572,-0.324567,0.868101,-0.005838,-0.008467,0.010521,0.706998,0.462251,0.120462,0.517997,0.076098,0.049805,-0.040085,0.072158,-0.454021,-0.888064,0.04371,-0.88809,0.457586,-0.996434,-0.071835,-0.044238,-3.7e-05,-0.000161,-7e-05,0.0,5e-06,-9e-06,-0.282022
45,0.120618,0.050757,0.399752,0.107293,-0.508499,-0.854378,-0.06522,-0.861082,0.504237,-0.992232,0.002248,-0.124486,-2.2e-05,-0.000104,-4.6e-05,0.0,0.0,0.0,-0.142456,-0.191054,0.023574,0.338234,0.669987,0.738847,0.072202,-0.630963,0.618122,-0.46877,-0.391804,0.267558,0.880208,-0.011065,-0.027545,0.029489,0.074746,-0.279842,-0.036669,0.533335,0.024288,0.032878,-0.007648,-0.785234,-0.607468,0.119954,0.484564,-0.723463,-0.49173,0.385493,-0.327998,0.862445,-0.00555,-0.013749,0.014769,0.127937,-0.358381,-0.08943,0.519629,0.076099,0.049773,-0.040069,0.072082,-0.454108,-0.888025,0.043545,-0.888059,0.457661,-0.996447,-0.071658,-0.044239,-1.1e-05,-4.4e-05,-1.8e-05,4e-06,1e-05,-6e-06,-0.296228
46,0.120612,0.050695,0.399786,0.107195,-0.508598,-0.854332,-0.065391,-0.861024,0.504315,-0.992232,0.002432,-0.124489,-0.000172,-0.000827,-0.000366,0.0,0.0,0.0,-0.146813,-0.191243,0.022695,0.339069,0.66999,0.738508,0.075563,-0.629079,0.618976,-0.470173,-0.394823,0.266521,0.879172,0.001196,-0.020804,0.017235,-0.072653,0.025217,-0.034154,0.533779,0.024192,0.032461,-0.007238,-0.785055,-0.607171,0.122604,0.482567,-0.723595,-0.493497,0.388352,-0.328258,0.861062,0.000598,-0.010137,0.008822,-0.076498,0.026659,-0.033033,0.519956,0.076097,0.049744,-0.040051,0.071996,-0.454217,-0.887976,0.043378,-0.888018,0.457755,-0.99646,-0.071475,-0.044231,-0.000134,-0.00064,-0.000284,5e-06,8e-06,-1.4e-05,-0.303576
47,0.120607,0.050663,0.399783,0.10715,-0.508659,-0.854301,-0.065426,-0.860988,0.504372,-0.992234,0.002477,-0.124468,-0.000181,-0.000873,-0.000387,0.0,0.0,0.0,-0.152885,-0.191305,0.021797,0.339758,0.672497,0.736197,0.075851,-0.627987,0.621988,-0.467651,-0.392289,0.265909,0.880491,0.001095,-0.022539,0.015951,-0.072688,0.025158,-0.034191,0.532485,0.024162,0.032004,-0.006887,-0.787082,-0.604457,0.123009,0.481134,-0.726378,-0.490798,0.386018,-0.327115,0.862545,0.000799,-0.017045,0.01186,-0.108981,0.037945,-0.051584,0.519793,0.076094,0.049727,-0.040053,0.071958,-0.454282,-0.887946,0.043345,-0.887988,0.457817,-0.996464,-0.071431,-0.044207,-0.000116,-0.000558,-0.000247,3e-06,5e-06,-1e-05,-0.307168
48,0.120607,0.050663,0.399783,0.10715,-0.508659,-0.854301,-0.065426,-0.860988,0.504372,-0.992234,0.002477,-0.124468,-3e-06,-1.3e-05,-6e-06,0.0,0.0,0.0,-0.155379,-0.191294,0.021341,0.34007,0.671089,0.737374,0.076875,-0.626755,0.619798,-0.47219,-0.396653,0.267746,0.877976,0.001067,-0.023028,0.015595,0.035646,0.006613,-0.058463,0.528191,0.024167,0.031775,-0.006732,-0.785849,-0.605897,0.123809,0.480086,-0.723912,-0.495445,0.389816,-0.329907,0.859769,0.000513,-0.011662,0.007689,0.191663,0.107787,-0.018441,0.520119,0.076094,0.049725,-0.040054,0.071958,-0.454282,-0.887946,0.043345,-0.887988,0.457817,-0.996464,-0.071431,-0.044207,4e-06,1.7e-05,7e-06,1e-06,2e-06,-7e-06,-0.310108
49,0.120624,0.050661,0.399781,0.107175,-0.508621,-0.854321,-0.06542,-0.86101,0.504334,-0.992232,0.002464,-0.124486,-0.0,-0.0,-0.0,0.0,0.0,0.0,-0.158475,-0.191156,0.020706,0.340511,0.669574,0.738014,0.083649,-0.62239,0.619101,-0.47883,-0.405995,0.267595,0.873742,0.013672,-0.011311,0.007053,-0.028751,0.000811,0.013488,0.497845,0.024231,0.031451,-0.00651,-0.784048,-0.606778,0.130721,0.475526,-0.722553,-0.501787,0.398927,-0.331263,0.855056,0.000264,-0.005656,0.00398,-0.028925,0.019279,-0.01393,0.507546,0.076102,0.049724,-0.040055,0.071978,-0.454241,-0.887965,0.04335,-0.888008,0.457777,-0.996463,-0.071443,-0.044226,-2e-06,1e-05,7e-06,-1.1e-05,-2.3e-05,-2.4e-05,-0.31321
50,0.120639,0.05065,0.399775,0.107189,-0.508599,-0.854332,-0.065416,-0.861023,0.504313,-0.992231,0.002457,-0.124496,-0.0,-1e-06,-0.0,0.0,0.0,0.0,-0.159696,-0.191134,0.020359,0.340694,0.664377,0.740631,0.100302,-0.610424,0.615275,-0.498751,-0.43192,0.269175,0.860728,0.000393,-0.014009,0.005922,2.254878,1.589458,0.36236,0.438975,0.024248,0.031277,-0.006413,-0.778571,-0.61017,0.146694,0.463761,-0.716903,-0.520552,0.422791,-0.337256,0.841133,0.000187,-0.007066,0.002909,2.2356,1.575753,0.35934,0.45317,0.07611,0.049719,-0.040057,0.071989,-0.454218,-0.887976,0.043352,-0.88802,0.457755,-0.996462,-0.071449,-0.044237,-2e-06,1.1e-05,5e-06,-0.0,-3e-06,-9e-06,-0.315007
51,0.120639,0.05065,0.399775,0.107189,-0.508599,-0.854332,-0.065416,-0.861023,0.504313,-0.992231,0.002457,-0.124496,-0.0,-0.0,-0.0,0.0,0.0,0.0,-0.159733,-0.191097,0.020302,0.34066,0.659626,0.744058,0.10613,-0.60582,0.610063,-0.510627,-0.445492,0.271565,0.853025,-0.000154,-0.00267,-0.002024,0.007398,0.084863,-0.182641,0.390319,0.024266,0.031247,-0.006431,-0.774183,-0.614312,0.152514,0.458997,-0.71078,-0.53302,0.435845,-0.342652,0.832242,0.006471,-0.001629,-0.001689,-0.026498,0.092663,-0.166219,0.409735,0.07611,0.049719,-0.040057,0.071989,-0.454218,-0.887976,0.043352,-0.88802,0.457755,-0.996462,-0.071449,-0.044236,-4e-06,8e-06,5e-06,-1.5e-05,-3e-05,-1.6e-05,-0.315496
52,0.12063,0.050643,0.399783,0.107163,-0.508629,-0.854317,-0.065447,-0.861005,0.504339,-0.992232,0.002492,-0.12449,-0.0,-0.0,-0.0,0.0,0.0,0.0,-0.15821,-0.190945,0.020238,0.340426,0.660179,0.743676,0.105362,-0.598508,0.605735,-0.52422,-0.454482,0.282057,0.844839,-0.00035,-0.006114,-0.004644,0.12255,0.034588,-0.49191,0.155596,0.024342,0.03122,-0.006545,-0.774792,-0.613661,0.152038,0.451753,-0.705622,-0.545907,0.442283,-0.354282,0.823934,-0.000448,0.002668,-0.00625,0.187401,0.050679,-0.661722,0.208888,0.076106,0.049716,-0.040053,0.071967,-0.454251,-0.887961,0.043323,-0.888006,0.457785,-0.996465,-0.071415,-0.044228,-0.000311,-0.005197,0.00455,-0.035115,0.015906,-0.016916,-0.315496
53,0.120632,0.050636,0.39981,0.107147,-0.508629,-0.85432,-0.065524,-0.861006,0.504329,-0.992228,0.002568,-0.124515,0.000336,0.001619,0.000717,0.000828,-0.012986,0.025715,-0.159744,-0.190592,0.020184,0.340097,0.674436,0.733073,0.087929,-0.588471,0.605778,-0.535414,-0.446592,0.30841,0.839823,0.012885,-0.004622,-0.004433,0.356018,-0.306905,-0.66905,-0.083663,0.024518,0.031184,-0.006716,-0.787649,-0.600978,0.135767,0.441399,-0.70415,-0.556182,0.429854,-0.378149,0.819895,0.006445,-0.002229,-0.002149,0.430245,-0.403095,-0.745556,-0.105937,0.076106,0.049709,-0.040041,0.071942,-0.45427,-0.887954,0.043243,-0.888003,0.457798,-0.99647,-0.071333,-0.044241,-0.000305,-0.005184,0.004556,-0.035107,0.015921,-0.016904,-0.315496
54,0.120623,0.050629,0.399818,0.107122,-0.508659,-0.854305,-0.065555,-0.860988,0.504356,-0.992229,0.002603,-0.124509,0.0,0.0,0.0,0.0,0.0,0.0,-0.159569,-0.190179,0.020474,0.339778,0.692671,0.717826,0.070171,-0.57532,0.608718,-0.546263,-0.435689,0.337079,0.834515,-0.000598,0.010681,-0.008435,0.199271,-0.149015,-0.315987,-0.459019,0.024725,0.031322,-0.006875,-0.804095,-0.582777,0.117478,0.427481,-0.704119,-0.566988,0.413146,-0.405693,0.815305,0.006276,0.005397,-0.004622,0.196663,-0.068774,-0.458337,-0.394961,0.076102,0.04971,-0.040036,0.07193,-0.454284,-0.887947,0.043216,-0.887998,0.457811,-0.996472,-0.071304,-0.044242,-3e-06,-9e-06,-1e-06,1.2e-05,2.8e-05,9e-06,-0.315823
55,0.120614,0.050631,0.399819,0.10711,-0.508678,-0.854295,-0.065558,-0.860977,0.504375,-0.99223,0.002609,-0.1245,0.0,0.0,0.0,0.0,0.0,0.0,-0.159863,-0.190079,0.020707,0.339637,0.689957,0.721483,0.058416,-0.580704,0.600034,-0.55016,-0.432832,0.344729,0.832875,-0.001044,0.024201,-0.0147,0.466738,-0.48775,-0.522436,-0.708922,0.02477,0.031426,-0.006942,-0.802538,-0.586725,0.108099,0.433566,-0.698038,-0.569879,0.409821,-0.410481,0.814586,-0.000257,0.006071,-0.003655,0.141101,-0.063378,-0.255006,-0.542412,0.076098,0.04971,-0.040035,0.07192,-0.454305,-0.887937,0.043213,-0.887988,0.457831,-0.996473,-0.071298,-0.044232,-1e-06,-7e-06,-1e-06,7e-06,1.9e-05,2.2e-05,-0.315986
56,0.120587,0.050635,0.399812,0.107074,-0.508741,-0.854262,-0.065542,-0.86094,0.50444,-0.992235,0.002604,-0.124462,-0.0,-0.0,-0.0,0.0,0.0,0.0,-0.159729,-0.189958,0.02138,0.339245,0.688442,0.724086,0.041698,-0.592564,0.594829,-0.543121,-0.418917,0.34826,0.838503,-0.001009,0.02493,-0.014125,0.116617,-0.090303,-0.010411,-1.323673,0.024835,0.03177,-0.007139,-0.802525,-0.589956,0.088904,0.447249,-0.693512,-0.564808,0.394868,-0.413511,0.820419,0.006077,0.012725,-0.007323,0.106176,-0.082951,0.069763,-0.828661,0.076084,0.049712,-0.040039,0.071892,-0.454372,-0.887905,0.043231,-0.887953,0.457897,-0.996474,-0.071305,-0.044194,0.0,4e-06,3e-06,0.0,3e-06,7e-06,-0.315986
