frame,MLTx,MLTy,MLTz,MLTR1,MLTR2,MLTR3,MLTR4,MLTR5,MLTR6,MLTR7,MLTR8,MLTR9,MLTTVx,MLTTVy,MLTTVz,MLTRVx,MLTRVy,MLTRVz,MLGA,MRTx,MRTy,MRTz,MRTR1,MRTR2,MRTR3,MRTR4,MRTR5,MRTR6,MRTR7,MRTR8,MRTR9,MRTTVx,MRTTVy,MRTTVz,MRTRVx,MRTRVy,MRTRVz,MRGA,SLTx,SLTy,SLTz,SLTR1,SLTR2,SLTR3,SLTR4,SLTR5,SLTR6,SLTR7,SLTR8,SLTR9,SLTTVx,SLTTVy,SLTTVz,SLTRVx,SLTRVy,SLTRVz,SLGA,SRTx,SRTy,SRTz,SRTR1,SRTR2,SRTR3,SRTR4,SRTR5,SRTR6,SRTR7,SRTR8,SRTR9,SRTTVx,SRTTVy,SRTTVz,SRTRVx,SRTRVy,SRTRVz,SRGA
171,0.16883,-0.019131,0.331655,-0.740394,0.055877,-0.669881,-0.370435,-0.865492,0.337155,-0.560021,0.497701,0.662342,0.000108,0.001672,0.0016,0.000802,-0.014115,0.025114,0.475181,-0.174332,-0.046088,0.261792,-0.873576,-0.43631,0.215612,0.379938,-0.334882,0.862227,-0.302885,0.835673,0.458013,-0.000282,0.023396,0.011788,-1.408643,-4.697442,-2.60035,-1.404899,0.039857,0.03114,-0.026253,0.900257,0.395014,0.183028,-0.336401,0.364304,0.868399,0.276352,-0.843353,0.460851,0.007603,0.017762,0.001706,-0.341122,-0.331361,0.020617,-0.886629,0.086856,0.040898,-0.039416,0.74962,0.026016,-0.661355,0.261727,0.906131,0.332301,0.60792,-0.422194,0.672445,0.000109,-0.00497,0.004723,-0.036297,0.0125,-0.018079,0.452623
172,0.168814,-0.01908,0.331761,-0.739671,0.056495,-0.670626,-0.371255,-0.865397,0.336496,-0.560432,0.497796,0.661923,0.000152,0.002346,0.002242,0.0,0.0,0.0,0.474557,-0.174186,-0.044811,0.262011,-0.823244,-0.5179,0.232468,0.422707,-0.286188,0.859855,-0.377742,0.806771,0.454198,-0.001136,0.034757,0.003807,-1.258445,-4.827994,-2.663685,-1.404504,0.03993,0.031777,-0.026135,0.854873,0.47861,0.200309,-0.381171,0.317428,0.868301,0.351994,-0.818639,0.453793,-0.000117,0.011683,0.005841,-0.057695,-0.487087,-0.162153,-0.881077,0.086848,0.040927,-0.03936,0.748974,0.025275,-0.662115,0.262601,0.906121,0.331638,0.608339,-0.422261,0.672024,0.000112,0.001723,0.001646,0.00038,-0.013886,0.02556,0.453112
173,0.168807,-0.019047,0.331835,-0.739332,0.056786,-0.670975,-0.371657,-0.865337,0.336206,-0.560613,0.497866,0.661717,0.000187,0.002887,0.002758,0.0,0.0,0.0,0.474578,-0.174155,-0.044244,0.262097,-0.794717,-0.556493,0.242348,0.441081,-0.255449,0.860307,-0.415835,0.79128,0.448131,0.015003,0.033857,0.000478,-1.845179,-4.167394,-2.8772,-1.404774,0.039945,0.032077,-0.026086,0.825578,0.523515,0.210597,-0.403586,0.286966,0.868773,0.394382,-0.802235,0.448196,0.007371,0.016999,9.3e-05,-1.826873,-4.133901,-2.940733,-0.874872,0.086845,0.040947,-0.03932,0.748677,0.024933,-0.662465,0.263021,0.906104,0.331353,0.608525,-0.422318,0.671821,9.8e-05,0.001549,0.00148,-0.00034,0.000174,0.00037,0.453439
174,0.168772,-0.018958,0.331978,-0.738739,0.057291,-0.671586,-0.372338,-0.865249,0.335678,-0.560944,0.49796,0.661366,-0.014318,0.003012,0.003213,-0.000984,0.014715,-0.029553,0.472917,-0.174043,-0.043213,0.262192,-0.733899,-0.630175,0.253501,0.470495,-0.202659,0.858777,-0.488869,0.750304,0.444875,-0.000502,0.019161,0.004678,-0.423584,-1.471137,-0.703928,-1.405012,0.040002,0.032576,-0.026036,0.771906,0.595507,0.222557,-0.432988,0.236133,0.86992,0.46549,-0.767862,0.440119,0.007883,0.010101,0.002324,-0.095013,-0.455063,-0.154642,-0.876179,0.086833,0.040993,-0.039247,0.748142,0.024328,-0.663092,0.263745,0.906089,0.330818,0.608869,-0.422386,0.671467,0.000104,0.001654,0.00158,-0.000229,0.000117,0.000253,0.452459
175,0.168714,-0.018873,0.332103,-0.738278,0.057678,-0.672059,-0.372862,-0.865182,0.335269,-0.561202,0.498031,0.661093,0.000175,0.002687,0.00256,0.0,0.0,0.0,0.47063,-0.173777,-0.042284,0.262142,-0.655565,-0.704663,0.271436,0.500858,-0.136935,0.854591,-0.56419,0.697063,0.442332,-0.000591,0.017381,0.001782,-0.546936,-1.172956,-1.478346,-1.404723,0.040134,0.033053,-0.026061,0.695266,0.677145,0.240993,-0.467028,0.170751,0.867598,0.546341,-0.715763,0.434964,0.007266,0.014774,-0.003691,-1.886416,-3.781341,-5.117958,-0.877485,0.086798,0.041036,-0.039183,0.747748,0.023893,-0.663551,0.264271,0.906077,0.33043,0.609124,-0.422436,0.671204,8.8e-05,0.001372,0.001308,-0.000156,8.5e-05,0.000184,0.45001
176,0.168652,-0.018843,0.332162,-0.738116,0.05781,-0.672226,-0.373058,-0.865146,0.335144,-0.561285,0.498078,0.660987,-0.014354,0.002356,0.002582,-0.000984,0.014715,-0.029553,0.470214,-0.173606,-0.041834,0.26202,-0.611494,-0.740332,0.279241,0.512512,-0.1019,0.852574,-0.601948,0.665376,0.441357,-0.001536,0.026538,-0.009593,-0.161391,-0.071076,-0.884257,-1.404831,0.040214,0.033271,-0.026114,0.653283,0.715456,0.247674,-0.479318,0.137604,0.866786,0.586066,-0.684972,0.432826,-0.000882,0.013314,-0.005078,-1.496701,-4.885124,-2.427895,-0.881077,0.086773,0.04105,-0.039155,0.747592,0.023723,-0.663733,0.264491,0.906063,0.330292,0.60922,-0.422475,0.671091,8.7e-05,0.001362,0.001298,0.000657,-0.014035,0.02526,0.44903
177,0.168505,-0.018819,0.332274,-0.737791,0.058075,-0.67256,-0.37348,-0.865048,0.334928,-0.561433,0.498218,0.660756,0.000109,0.001666,0.001586,0.0,0.0,0.0,0.469702,-0.173277,-0.041285,0.261743,-0.560471,-0.775675,0.290158,0.52374,-0.060744,0.849671,-0.640723,0.629147,0.439901,0.01529,0.012238,-0.008269,-0.459192,-1.337108,-0.85619,-1.404799,0.040385,0.03356,-0.026257,0.602989,0.753351,0.26242,-0.494058,0.094384,0.86429,0.626346,-0.650809,0.429112,0.007652,0.005935,-0.004417,-0.464817,-1.350233,-0.852811,-0.879281,0.086694,0.041064,-0.039098,0.747317,0.023429,-0.664053,0.264914,0.906011,0.330096,0.609374,-0.422604,0.67087,-0.007178,0.001157,0.001271,-0.001081,0.014762,-0.029459,0.447724
178,0.168335,-0.018844,0.332382,-0.737398,0.058398,-0.672963,-0.374017,-0.864906,0.334695,-0.561592,0.498426,0.660464,5.4e-05,0.000815,0.000775,0.005527,-0.097268,0.173398,0.469657,-0.172666,-0.041202,0.26163,-0.517079,-0.797061,0.311954,0.538822,-0.020098,0.842141,-0.664301,0.604531,0.439442,0.032199,-0.000352,-0.00425,-0.45172,-1.554465,-0.580371,-1.405563,0.040678,0.033601,-0.026313,0.562265,0.776105,0.285513,-0.511445,0.055051,0.85755,0.649831,-0.628196,0.427887,0.008386,-0.005726,0.002498,-1.748221,-4.699182,-2.498759,-0.884996,0.086614,0.041051,-0.039044,0.747036,0.023126,-0.66438,0.265394,0.905926,0.329944,0.60951,-0.422803,0.670622,3.5e-05,0.000556,0.000531,-6.2e-05,2.7e-05,5.7e-05,0.447234
179,0.168206,-0.018893,0.332451,-0.737091,0.058652,-0.673278,-0.374452,-0.864782,0.334529,-0.561705,0.498611,0.660228,1e-06,1.3e-05,1.2e-05,0.0,0.0,0.0,0.470332,-0.171855,-0.041797,0.261797,-0.454247,-0.823681,0.339412,0.555394,0.035905,0.830772,-0.69589,0.566908,0.440699,0.033055,-0.01302,0.001443,0.118979,-0.242646,-0.199416,-1.405492,0.041084,0.033306,-0.026234,0.500563,0.80664,0.314273,-0.530595,-0.000979,0.847625,0.684036,-0.591042,0.427509,0.008904,-0.012376,0.00532,-0.067694,-0.118921,-1.125976,-0.890548,0.086545,0.041028,-0.039008,0.746698,0.022761,-0.664772,0.265923,0.905856,0.32971,0.609693,-0.422972,0.670349,-5e-06,-3.7e-05,-3.3e-05,-4.5e-05,1.4e-05,3.5e-05,0.447397
180,0.168152,-0.018924,0.33248,-0.736936,0.058781,-0.673436,-0.374671,-0.86472,0.334444,-0.561762,0.498703,0.66011,-0.014485,0.000334,0.000649,-0.000984,0.014715,-0.029553,0.470973,-0.171376,-0.042255,0.262007,-0.423013,-0.834047,0.354143,0.563944,0.063434,0.823332,-0.708614,0.549035,0.443045,0.017846,-0.023837,0.012004,-0.083564,1.199919,-2.526316,-1.405717,0.041336,0.033069,-0.026134,0.470159,0.81895,0.329043,-0.540464,-0.027588,0.840914,0.697744,-0.573199,0.429643,0.008924,-0.011994,0.005974,-0.093779,1.19227,-2.50661,-0.891854,0.086523,0.041011,-0.038995,0.746549,0.022597,-0.664945,0.266165,0.90582,0.329612,0.60977,-0.423057,0.670225,-3e-06,-2.5e-05,-2.2e-05,-3.7e-05,1e-05,4.5e-05,0.447724
181,0.168132,-0.018974,0.332532,-0.736576,0.059093,-0.673802,-0.375153,-0.864605,0.334199,-0.561913,0.498865,0.65986,0.0,4e-06,4e-06,0.0,0.0,0.0,0.470303,-0.170505,-0.043465,0.262807,-0.351959,-0.855977,0.378708,0.578752,0.118829,0.806759,-0.73511,0.504189,0.453067,0.019767,-0.043317,0.032817,-1.717657,-4.674429,-2.948215,-1.405583,0.041764,0.032476,-0.025754,0.406575,0.841461,0.355863,-0.558097,-0.079641,0.825944,0.723342,-0.534415,0.437237,0.009421,-0.01635,0.011931,0.648892,-0.451781,-0.37213,-0.895283,0.086507,0.040986,-0.038969,0.746245,0.022257,-0.665298,0.266645,0.90576,0.329389,0.609932,-0.423204,0.669985,-1e-06,-1.1e-05,-1e-05,-2.6e-05,4e-06,4.5e-05,0.44854
182,0.168154,-0.018987,0.332562,-0.736282,0.059347,-0.6741,-0.375507,-0.864547,0.333952,-0.562061,0.498934,0.65968,2.6e-05,0.000383,0.000364,0.0,0.0,0.0,0.466119,-0.169821,-0.044917,0.264045,-0.304606,-0.860647,0.408035,0.593601,0.163351,0.787965,-0.744414,0.4833,0.460578,0.019003,-0.029266,0.029239,0.314977,-0.159079,-0.379485,-1.406067,0.042107,0.031744,-0.025134,0.355,0.851119,0.386742,-0.575417,-0.127109,0.807921,0.736796,-0.509351,0.444625,0.001827,-0.020709,0.018893,0.400624,-0.077581,-0.673676,-0.8961,0.086518,0.040979,-0.038954,0.745988,0.021966,-0.665596,0.267007,0.905742,0.329147,0.610089,-0.423258,0.669807,1.7e-05,0.000238,0.000225,-2.8e-05,1.3e-05,1.7e-05,0.445438
183,0.168156,-0.018968,0.33258,-0.736153,0.059457,-0.674232,-0.375641,-0.864539,0.333823,-0.562141,0.498935,0.659612,4.2e-05,0.000624,0.000593,0.0,0.0,0.0,0.466399,-0.169613,-0.045719,0.264832,-0.285985,-0.860861,0.42086,0.60037,0.1812,0.778881,-0.746393,0.476492,0.464453,0.003752,-0.039448,0.040854,0.346579,-0.085038,-0.636423,-1.406176,0.042216,0.031346,-0.024746,0.337165,0.852296,0.399886,-0.582809,-0.144621,0.799635,0.739359,-0.502667,0.447965,0.010412,-0.024891,0.024215,0.527172,-0.187669,-0.709797,-0.901488,0.086519,0.040989,-0.038945,0.745874,0.02184,-0.665728,0.267143,0.905748,0.329018,0.610168,-0.423251,0.66974,2.6e-05,0.000384,0.000365,-7e-06,1.8e-05,2e-05,0.444295
184,0.16817,-0.018933,0.332641,-0.736609,0.061985,-0.673505,-0.376176,-0.865115,0.331723,-0.561186,0.497625,0.661413,5.6e-05,0.000839,0.000797,0.076627,0.124914,0.067429,0.466847,-0.169366,-0.047596,0.267004,-0.247061,-0.863485,0.43971,0.612083,0.212585,0.76164,-0.750815,0.458386,0.475418,0.005717,-0.055911,0.066323,0.53537,-0.312978,-0.714459,-1.40673,0.04234,0.03041,-0.023675,0.299997,0.856656,0.419692,-0.595406,-0.17559,0.784002,0.745314,-0.485085,0.457381,0.002378,-0.022202,0.029398,0.148786,-0.148717,-0.324596,-0.906387,0.086526,0.041006,-0.038914,0.746558,0.019591,-0.66503,0.267515,0.906365,0.327011,0.609167,-0.422039,0.671414,3.3e-05,0.000499,0.000473,0.108866,0.170226,0.089411,0.443641
185,0.168185,-0.018938,0.332721,-0.736566,0.062031,-0.673548,-0.376315,-0.865033,0.331778,-0.561149,0.497761,0.661341,2.9e-05,0.000429,0.000408,1.4e-05,2.3e-05,1.2e-05,0.467324,-0.169417,-0.049463,0.269609,-0.219627,-0.862457,0.455985,0.62209,0.236104,0.746453,-0.751153,0.448679,0.484065,0.005826,-0.051416,0.073188,0.151484,-0.045995,-0.569851,-1.407125,0.042318,0.029495,-0.022401,0.271873,0.857582,0.436619,-0.608404,-0.198355,0.768439,0.745606,-0.474559,0.467829,-0.005702,-0.020392,0.033105,0.412026,-0.273957,-0.506608,-0.909489,0.086534,0.041005,-0.038873,0.746589,0.01931,-0.665004,0.267791,0.906302,0.326961,0.609009,-0.422188,0.671464,9e-05,-0.005156,0.004542,-0.037199,0.010265,-0.019556,0.443805
186,0.16822,-0.018964,0.332795,-0.736441,0.06215,-0.673675,-0.376556,-0.864932,0.331766,-0.561152,0.497921,0.661218,9.3e-05,0.001398,0.001328,0.000802,-0.01407,0.025139,0.467789,-0.169779,-0.051265,0.272461,-0.197304,-0.861496,0.467854,0.631867,0.252997,0.732578,-0.749216,0.441235,0.493812,-0.010379,-0.049288,0.07809,0.314798,-0.255027,-0.510861,-1.407295,0.04214,0.028577,-0.020945,0.250547,0.857373,0.449596,-0.618474,-0.21553,0.755669,0.744792,-0.467394,0.476262,-0.005684,-0.019055,0.035031,0.362642,-0.295928,-0.51298,-0.903938,0.086551,0.040989,-0.038839,0.746482,0.019206,-0.665127,0.268028,0.906225,0.32698,0.609035,-0.422358,0.671333,1e-06,3.1e-05,2.7e-05,5.6e-05,-7.9e-05,-9e-05,0.444621
187,0.168221,-0.01899,0.332827,-0.736379,0.062207,-0.673736,-0.376682,-0.864876,0.331772,-0.561149,0.498012,0.661153,1.3e-05,0.000199,0.000189,0.0,0.0,0.0,0.468193,-0.170057,-0.052078,0.273856,-0.192527,-0.859951,0.472661,0.633581,0.258749,0.72908,-0.749018,0.440907,0.494405,-0.027555,-0.039209,0.070002,-0.07833,0.055841,-0.305015,-1.406823,0.042007,0.028169,-0.020239,0.244232,0.856539,0.454631,-0.622138,-0.221219,0.751003,0.743837,-0.466262,0.478857,-0.0057,-0.01936,0.034465,-0.142943,0.066513,-0.256798,-0.902958,0.086552,0.040979,-0.03882,0.746417,0.019131,-0.665202,0.268171,0.906185,0.326974,0.609052,-0.422448,0.671262,8e-05,-0.00531,0.004395,-0.035609,0.012135,-0.018791,0.444785
188,0.168233,-0.019003,0.33287,-0.736188,0.062376,-0.673931,-0.376944,-0.86481,0.331644,-0.561224,0.498105,0.661019,2.4e-05,0.000354,0.000336,0.0,0.0,0.0,0.469761,-0.17082,-0.053274,0.276048,-0.183039,-0.857336,0.481106,0.638053,0.268573,0.721589,-0.747612,0.440117,0.497229,-0.01324,-0.021792,0.044109,0.003658,0.038437,-0.295171,-1.406388,0.04162,0.027574,-0.019119,0.235365,0.854326,0.463389,-0.626709,-0.231012,0.744223,0.742858,-0.465574,0.481042,-0.014782,-0.010907,0.022975,0.012005,0.031504,-0.304861,-0.90655,0.086558,0.040971,-0.038799,0.746249,0.018941,-0.665397,0.268438,0.90615,0.326851,0.609141,-0.42253,0.671129,1.3e-05,0.000206,0.000193,4.6e-05,-3.2e-05,-4.5e-05,0.445601
189,0.168233,-0.019011,0.332877,-0.735928,0.062597,-0.674193,-0.377229,-0.864779,0.3314,-0.561373,0.49813,0.660873,0.0,0.0,0.0,0.0,0.0,0.0,0.469912,-0.171775,-0.053561,0.277085,-0.182206,-0.856643,0.482654,0.636601,0.271194,0.721891,-0.749053,0.439857,0.495287,-0.032278,0.005313,0.011738,-0.014694,0.116375,-0.204836,-1.406354,0.041149,0.027423,-0.018585,0.234646,0.853675,0.464951,-0.625098,-0.233787,0.744711,0.744441,-0.465384,0.478773,-0.016171,0.002387,0.005473,-0.016066,0.12305,-0.205391,-0.914389,0.086558,0.040968,-0.038796,0.74602,0.018689,-0.66566,0.268727,0.906151,0.32661,0.609294,-0.422538,0.670985,-1e-06,-1.3e-05,-9e-06,5.7e-05,7e-06,-4.2e-05,0.446254
190,0.168244,-0.019012,0.332876,-0.735823,0.062687,-0.674299,-0.377338,-0.864772,0.331294,-0.561437,0.498131,0.660818,0.0,0.0,0.0,0.0,0.0,0.0,0.470535,-0.172302,-0.053431,0.277173,-0.181904,-0.856569,0.482901,0.636694,0.271516,0.721689,-0.749048,0.439804,0.495342,-0.033245,0.012888,-0.001882,0.019942,0.120607,-0.211311,-1.406241,0.040886,0.027487,-0.018534,0.234422,0.853594,0.465212,-0.625188,-0.234083,0.744543,0.744436,-0.465382,0.478782,-0.016638,0.00639,-0.001005,0.022795,0.110348,-0.187284,-0.912102,0.086563,0.040967,-0.038797,0.745928,0.018587,-0.665766,0.268837,0.906157,0.326505,0.609358,-0.422532,0.670931,2e-06,-9e-06,-7e-06,5.5e-05,1.6e-05,-4.5e-05,0.446744
191,0.168233,-0.01901,0.332864,-0.73557,0.062899,-0.674555,-0.377585,-0.864768,0.331024,-0.561603,0.498111,0.660692,-9e-06,-0.000131,-0.000124,0.0,0.0,0.0,0.471997,-0.17343,-0.05292,0.27679,-0.185685,-0.856715,0.4812,0.633926,0.269596,0.724839,-0.750462,0.440702,0.492396,-0.034238,0.019355,-0.017226,-0.305073,0.297984,0.175918,-1.406502,0.040309,0.027744,-0.01873,0.237016,0.853763,0.463584,-0.623366,-0.232347,0.746611,0.745142,-0.465942,0.477137,-0.017128,0.009401,-0.009015,-0.492552,0.388231,0.235455,-0.909,0.086558,0.040968,-0.038802,0.745705,0.018345,-0.666023,0.269084,0.90618,0.326237,0.609522,-0.422493,0.670807,-3e-06,-9.9e-05,-9.5e-05,3.2e-05,-1.9e-05,-4e-05,0.448214
192,0.168233,-0.019003,0.33287,-0.735287,0.063139,-0.674842,-0.377878,-0.864749,0.330739,-0.561777,0.498113,0.660543,0.0,5e-06,5e-06,0.0,0.0,0.0,0.472565,-0.174364,-0.05242,0.276348,-0.18934,-0.855273,0.482338,0.631777,0.269796,0.726638,-0.751354,0.443375,0.488619,-0.033345,0.008978,-0.007989,0.021352,0.028325,-0.034457,-1.406303,0.039854,0.027985,-0.018958,0.242177,0.851772,0.46458,-0.619804,-0.232575,0.7495,0.746453,-0.46946,0.471607,-0.008557,0.004616,-0.004649,0.064126,-0.002784,-0.016874,-0.905897,0.086558,0.040971,-0.0388,0.745455,0.018071,-0.66631,0.269381,0.906193,0.325956,0.609696,-0.422477,0.670658,2e-06,-2e-06,-2e-06,3.7e-05,6e-06,-3.8e-05,0.449193
193,0.168233,-0.019003,0.33287,-0.735107,0.063291,-0.675024,-0.378065,-0.864737,0.330558,-0.561887,0.498115,0.660447,0.0,0.0,0.0,0.005534,-0.097062,0.173512,0.472809,-0.174839,-0.052279,0.276255,-0.191422,-0.855822,0.48054,0.629973,0.268178,0.728799,-0.752337,0.4433,0.487173,-0.033261,0.010627,-0.005497,0.02347,0.026559,-0.035443,-1.406149,0.039617,0.02805,-0.019011,0.244226,0.852232,0.462659,-0.617927,-0.230924,0.751557,0.74734,-0.46944,0.47022,-0.008094,0.00014,0.001084,0.023306,-0.002289,-0.014234,-0.905897,0.086558,0.040971,-0.0388,0.745375,0.017984,-0.666401,0.269475,0.906197,0.325866,0.609752,-0.422472,0.670611,1e-06,-3e-06,-4e-06,3.4e-05,0.0,-3.7e-05,0.449683
194,0.168222,-0.019003,0.332871,-0.734941,0.06343,-0.675191,-0.378235,-0.864725,0.330393,-0.561989,0.498117,0.660359,0.0,0.0,0.0,0.0,0.0,0.0,0.47327,-0.175637,-0.05221,0.276466,-0.191148,-0.855309,0.48156,0.6301,0.269123,0.728341,-0.752301,0.443717,0.48685,-0.015218,-0.007584,0.015251,-0.036703,0.011215,-0.02264,-1.406137,0.039205,0.028087,-0.018912,0.243806,0.851739,0.463787,-0.618413,-0.231846,0.750874,0.747076,-0.46988,0.470201,-0.007608,-0.003677,0.007816,-0.03593,0.011053,-0.02292,-0.905897,0.086552,0.040971,-0.038799,0.74515,0.017738,-0.66666,0.269742,0.906209,0.325613,0.60991,-0.422457,0.670477,3e-06,-2e-06,-4e-06,3.1e-05,4e-06,-4.2e-05,0.45099
195,0.168212,-0.019003,0.332871,-0.734685,0.063645,-0.67545,-0.378499,-0.864708,0.330136,-0.562146,0.49812,0.660223,0.0,0.0,0.0,0.0,0.0,0.0,0.474233,-0.176222,-0.05219,0.276973,-0.191169,-0.856109,0.480129,0.629375,0.268319,0.729265,-0.752902,0.442659,0.486882,-0.015949,0.004924,0.009155,-0.002044,0.015175,-0.0292,-1.406016,0.038925,0.028099,-0.018665,0.243832,0.852565,0.462253,-0.617631,-0.230971,0.751787,0.747714,-0.468812,0.470252,-0.007953,0.003068,0.005513,-0.012636,0.104977,-0.180294,-0.901162,0.086547,0.040971,-0.038799,0.744924,0.017492,-0.666919,0.270009,0.90622,0.325359,0.610067,-0.422443,0.670343,3e-06,-1e-06,-2e-06,3.5e-05,-3e-06,-3.3e-05,0.451643
196,0.168201,-0.019003,0.332872,-0.734429,0.06386,-0.675708,-0.378764,-0.86469,0.32988,-0.562303,0.498123,0.660087,0.0,0.0,0.0,0.0,0.0,0.0,0.473889,-0.176523,-0.052107,0.277546,-0.191026,-0.855808,0.480721,0.629021,0.269109,0.729278,-0.753234,0.44276,0.486277,0.000413,0.008205,0.012433,-0.008761,0.071801,-0.121312,-1.406183,0.038762,0.028135,-0.018376,0.243697,0.852279,0.462851,-0.617295,-0.231784,0.751812,0.748035,-0.46893,0.469623,0.000179,0.003773,0.005722,0.001803,-0.014545,0.024684,-0.901325,0.086542,0.040972,-0.038799,0.744698,0.017246,-0.667178,0.270276,0.906232,0.325105,0.610225,-0.422428,0.670208,-0.007239,0.000165,0.000321,-0.000945,0.014713,-0.029584,0.451806
197,0.168201,-0.019003,0.332872,-0.734339,0.063936,-0.675799,-0.378857,-0.864684,0.329789,-0.562358,0.498124,0.66004,0.0,0.0,0.0,0.0,0.0,0.0,0.473898,-0.176532,-0.052056,0.277871,-0.191001,-0.855745,0.480843,0.62878,0.269367,0.729391,-0.753442,0.442724,0.485988,0.000423,0.008415,0.012722,0.003575,-0.029282,0.049512,-1.405903,0.038758,0.028162,-0.018211,0.243652,0.852153,0.463106,-0.617086,-0.232165,0.751866,0.748222,-0.468971,0.469285,0.000587,-0.001665,0.00998,-0.034631,-0.003875,0.006631,-0.901162,0.086542,0.040972,-0.038799,0.744618,0.017159,-0.667269,0.270371,0.906236,0.325016,0.61028,-0.422423,0.670161,1e-06,-0.0,-1e-06,2.1e-05,-1e-05,-4.1e-05,0.452133
198,0.1682,-0.019009,0.332866,-0.73408,0.064154,-0.676059,-0.379123,-0.864666,0.32953,-0.562516,0.498127,0.659903,-0.0,-3e-06,-3e-06,0.0,0.0,0.0,0.47474,-0.176458,-0.052025,0.278362,-0.190793,-0.855126,0.482026,0.628462,0.270677,0.729181,-0.75376,0.443121,0.485131,0.017241,-0.00571,0.014675,-0.032613,-0.019129,0.035886,-1.405828,0.038789,0.028187,-0.01796,0.243456,0.851564,0.464292,-0.616851,-0.233467,0.751656,0.74848,-0.469394,0.468449,0.000524,-0.002947,0.008024,-0.046972,0.097039,-0.164271,-0.901652,0.086541,0.040968,-0.038802,0.744391,0.016911,-0.667529,0.270639,0.906247,0.32476,0.610439,-0.422408,0.670026,1e-06,4e-06,3e-06,2.4e-05,-8e-06,-2.4e-05,0.452949
199,0.168211,-0.019016,0.332859,-0.733808,0.064386,-0.676333,-0.379405,-0.864647,0.329255,-0.562681,0.498129,0.65976,-1e-06,-1.9e-05,-1.8e-05,0.0,0.0,0.0,0.476792,-0.176273,-0.051979,0.278674,-0.195714,-0.853532,0.482877,0.629892,0.26785,0.728989,-0.751294,0.447896,0.484571,0.000183,0.003733,0.005614,2.670419,4.014163,2.702766,-1.405675,0.038888,0.028209,-0.017797,0.246836,0.850188,0.465027,-0.617706,-0.231708,0.751498,0.746665,-0.472747,0.467973,8.2e-05,0.001961,0.002509,2.661349,4.015728,2.713429,-0.900509,0.086547,0.040965,-0.038806,0.744151,0.016647,-0.667803,0.270923,0.906259,0.324488,0.610605,-0.422392,0.669884,1e-06,-3e-06,-2e-06,3.1e-05,1e-05,-1.3e-05,0.454419
200,0.168221,-0.019022,0.332853,-0.733716,0.064465,-0.676425,-0.3795,-0.86464,0.329162,-0.562737,0.49813,0.659712,-5.2e-05,-0.000783,-0.000744,0.0,0.0,0.0,0.478043,-0.176142,-0.051977,0.278833,-0.1957,-0.853453,0.483024,0.629733,0.268078,0.729044,-0.751431,0.447912,0.484344,0.000989,-0.00737,0.013801,-0.036446,0.010671,-0.018141,-1.405811,0.038953,0.028212,-0.017724,0.248335,0.8497,0.465121,-0.618007,-0.230769,0.751539,0.745919,-0.474082,0.467813,0.008191,0.002387,0.00276,0.003784,-0.029871,0.05384,-0.899855,0.086552,0.040963,-0.038807,0.74407,0.016557,-0.667895,0.27102,0.906264,0.324396,0.610661,-0.422387,0.669837,-3.6e-05,-0.000523,-0.000495,1.9e-05,-1.3e-05,-1.3e-05,0.455562
201,0.168253,-0.019029,0.332845,-0.733504,0.064647,-0.676637,-0.379721,-0.864626,0.328948,-0.562864,0.498132,0.659602,-2e-06,-3.6e-05,-3.4e-05,0.0,0.0,0.0,0.480181,-0.175934,-0.052107,0.279234,-0.205688,-0.850733,0.48367,0.632309,0.261552,0.729184,-0.746573,0.456872,0.483487,0.000955,-0.008074,0.012733,-0.036446,0.010642,-0.018157,-1.405728,0.03905,0.02815,-0.017527,0.258222,0.846525,0.465526,-0.620319,-0.224128,0.751644,0.740624,-0.482866,0.467242,0.00047,-0.004066,0.006325,-0.036604,0.010527,-0.018648,-0.900182,0.086568,0.040958,-0.038813,0.743884,0.01635,-0.668108,0.271242,0.906273,0.324184,0.61079,-0.422374,0.669728,-1e-06,-1.5e-05,-1.3e-05,2.1e-05,2e-06,1e-06,0.458501
202,0.168285,-0.019036,0.332838,-0.733383,0.064753,-0.676758,-0.379848,-0.864617,0.328824,-0.562937,0.498133,0.659539,-6e-06,-9.5e-05,-9e-05,0.0,0.0,0.0,0.48183,-0.175799,-0.052373,0.279774,-0.219026,-0.848522,0.481694,0.637268,0.249302,0.729158,-0.738505,0.467728,0.485494,0.001035,-0.006387,0.015245,2.630579,3.982017,2.750195,-1.405669,0.039124,0.02801,-0.017259,0.266324,0.845231,0.463309,-0.623535,-0.21547,0.751515,0.735034,-0.489037,0.469646,0.000909,-0.008863,0.011547,-0.084939,-0.137546,0.215309,-0.913245,0.086584,0.040954,-0.038816,0.743777,0.01623,-0.668229,0.27137,0.906279,0.324061,0.610862,-0.422367,0.669666,-6e-06,-5e-05,-4.6e-05,1.2e-05,-1.2e-05,7e-06,0.46095
203,0.168296,-0.019045,0.332844,-0.733289,0.064835,-0.676853,-0.379961,-0.864597,0.328744,-0.562983,0.498157,0.659482,-0.0,-0.0,-0.0,0.0,0.0,0.0,0.482883,-0.175725,-0.052789,0.280452,-0.2251,-0.846898,0.481752,0.642493,0.242555,0.726846,-0.732119,0.474188,0.488888,0.001828,-0.017843,0.022887,-0.01853,-0.0349,-0.039683,-1.405622,0.03916,0.027811,-0.016926,0.277295,0.84184,0.463047,-0.630003,-0.204555,0.749167,0.725398,-0.499462,0.47364,0.000499,-0.003314,0.007441,0.011458,-0.051179,-0.025496,-0.92043,0.08659,0.04095,-0.038813,0.743694,0.016136,-0.668324,0.271486,0.906272,0.323983,0.610912,-0.422385,0.669609,-3e-06,7e-06,8e-06,-6e-06,-1.8e-05,-1.1e-05,0.46291
204,0.168307,-0.019045,0.332843,-0.733183,0.064925,-0.676958,-0.38007,-0.86459,0.328638,-0.563047,0.498158,0.659427,-0.0,-0.0,-0.0,0.0,0.0,0.0,0.483193,-0.175715,-0.052971,0.280756,-0.233105,-0.844635,0.481918,0.646581,0.235403,0.72557,-0.72598,0.481783,0.490613,0.001015,-0.006772,0.014646,0.128432,-0.131551,-0.079609,-1.405457,0.039166,0.02771,-0.01676,0.285544,0.839097,0.463012,-0.633415,-0.197322,0.74823,0.7192,-0.506932,0.475152,0.000497,-0.003402,0.007311,0.159471,-0.147513,-0.091487,-0.924186,0.086595,0.04095,-0.038814,0.743601,0.016033,-0.66843,0.271596,0.906276,0.323878,0.610975,-0.42238,0.669554,-4e-06,4e-06,6e-06,-4e-06,-1e-05,-1.5e-05,0.4634
205,0.168308,-0.019032,0.332855,-0.733157,0.064947,-0.676985,-0.380097,-0.864588,0.328612,-0.563063,0.498158,0.659413,4e-06,5.8e-05,5.6e-05,0.0,0.0,0.0,0.483433,-0.175657,-0.053253,0.281224,-0.246068,-0.840847,0.482099,0.651609,0.224569,0.724506,-0.71714,0.493463,0.492004,0.000911,-0.008975,0.011353,0.18739,-0.166286,-0.137384,-1.405654,0.039195,0.027576,-0.016525,0.298848,0.834553,0.462827,-0.637441,-0.186353,0.747622,0.71018,-0.518451,0.476288,0.000454,-0.004355,0.005885,0.348172,-0.253616,-0.197691,-0.917981,0.086595,0.040957,-0.038807,0.743578,0.016007,-0.668456,0.271624,0.906277,0.323852,0.610991,-0.422379,0.669541,0.0,2.7e-05,2.7e-05,6e-06,3e-06,-1.9e-05,0.46389
206,0.168297,-0.019032,0.332856,-0.733081,0.06501,-0.677061,-0.380174,-0.864582,0.328536,-0.563109,0.498159,0.659372,0.0,0.0,0.0,0.0,0.0,0.0,0.482742,-0.175505,-0.053394,0.281483,-0.260979,-0.836345,0.482087,0.655005,0.21329,0.724851,-0.708709,0.50598,0.491507,6.1e-05,0.001318,0.001962,0.021628,0.03241,0.021977,-1.405959,0.039272,0.027501,-0.016394,0.312688,0.829675,0.462454,-0.640977,-0.174993,0.747345,0.70098,-0.530109,0.477085,0.008532,-0.004475,0.00488,0.035356,0.105555,0.085441,-0.90851,0.08659,0.040957,-0.038807,0.743511,0.015936,-0.668532,0.271702,0.906281,0.323778,0.611038,-0.422374,0.6695,2e-06,-4e-06,-7e-06,7e-06,-5e-06,-1.1e-05,0.46389
207,0.168297,-0.019032,0.332856,-0.732991,0.065086,-0.677151,-0.380267,-0.864576,0.328445,-0.563164,0.498161,0.659324,0.0,0.0,0.0,0.0,0.0,0.0,0.482801,-0.175374,-0.05349,0.281586,-0.265892,-0.834691,0.482269,0.656034,0.209748,0.724955,-0.705921,0.510182,0.491176,0.01702,-0.010165,0.007918,-0.034386,-0.004692,0.011016,-1.405404,0.039331,0.027458,-0.016343,0.317581,0.827779,0.462518,-0.641857,-0.171371,0.747429,0.697968,-0.53424,0.476892,0.008505,-0.005125,0.003906,-0.034888,-0.004471,0.010604,-0.909816,0.08659,0.040957,-0.038807,0.743431,0.015849,-0.668623,0.271796,0.906285,0.323688,0.611093,-0.422369,0.669453,2e-06,-3e-06,-6e-06,1.2e-05,-3e-06,-6e-06,0.46389
208,0.168298,-0.019026,0.332862,-0.732977,0.065097,-0.677164,-0.380281,-0.864575,0.328432,-0.563172,0.498161,0.659317,1e-06,1.1e-05,1.1e-05,0.0,0.0,0.0,0.482994,-0.175039,-0.053761,0.281762,-0.27373,-0.831897,0.482712,0.659771,0.202632,0.723586,-0.699405,0.517579,0.492755,0.016166,-5e-05,-0.001744,0.163505,-0.143388,-0.056776,-1.405748,0.039499,0.027318,-0.016253,0.325761,0.824452,0.462771,-0.644999,-0.164083,0.74636,0.691271,-0.541622,0.478319,0.000389,-0.005917,0.003552,0.21836,-0.172128,-0.141367,-0.911123,0.08659,0.04096,-0.038804,0.74342,0.015836,-0.668637,0.27181,0.906285,0.323675,0.611101,-0.422369,0.669446,1e-06,-1e-06,-3e-06,6e-06,-6e-06,-1.5e-05,0.464216
209,0.168309,-0.019026,0.332861,-0.732872,0.065187,-0.67727,-0.38039,-0.864568,0.328326,-0.563236,0.498162,0.659262,0.0,0.0,0.0,0.0,0.0,0.0,0.483506,-0.174614,-0.054103,0.28197,-0.281644,-0.829226,0.482755,0.663191,0.19523,0.722494,-0.692992,0.524675,0.494309,-3e-05,-0.000695,-0.001035,0.137267,-0.109067,-0.073026,-1.405709,0.039717,0.027146,-0.016151,0.333397,0.821494,0.462594,-0.648263,-0.156515,0.745156,0.684544,-0.548315,0.480363,0.008492,-0.005651,0.003102,0.167834,-0.1538,-0.089261,-0.915858,0.086595,0.04096,-0.038804,0.743327,0.015733,-0.668742,0.27192,0.90629,0.323569,0.611165,-0.422363,0.669392,4e-06,-4e-06,-8e-06,1.1e-05,-3e-06,-9e-06,0.464379
210,0.168308,-0.019032,0.332855,-0.732795,0.065253,-0.677347,-0.380469,-0.864562,0.328248,-0.563283,0.498163,0.659221,-4e-06,-5.8e-05,-5.5e-05,0.0,0.0,0.0,0.484037,-0.174165,-0.054438,0.282149,-0.289612,-0.826626,0.4825,0.66649,0.187495,0.721506,-0.686505,0.531565,0.495997,0.017014,-0.011011,0.006619,-0.032668,-0.006225,0.010009,-1.405777,0.039935,0.026981,-0.016065,0.340793,0.818706,0.462146,-0.651551,-0.148699,0.743887,0.677746,-0.554624,0.482753,-1.8e-05,-0.000402,-0.000597,-0.015864,0.006077,0.003871,-0.920104,0.086595,0.040957,-0.038807,0.743259,0.015659,-0.66882,0.272,0.906293,0.323493,0.611213,-0.422358,0.669351,2e-06,-3.3e-05,-3.4e-05,1.1e-05,-6e-06,2e-06,0.464869
211,0.168308,-0.019032,0.332855,-0.732704,0.065329,-0.677438,-0.380562,-0.864556,0.328157,-0.563338,0.498164,0.659173,-0.0,-1e-06,-1e-06,0.005536,-0.097058,0.173515,0.484022,-0.173962,-0.054568,0.282212,-0.294538,-0.82493,0.482419,0.667296,0.183681,0.721742,-0.683615,0.535521,0.495732,0.017035,-0.010627,0.007182,-0.034379,-0.004888,0.010904,-1.405676,0.040036,0.026915,-0.016035,0.34571,0.816759,0.461939,-0.652072,-0.144889,0.744183,0.674748,-0.558489,0.482497,0.000412,-0.00561,0.004002,-0.039156,0.011348,-0.017843,-0.922063,0.086595,0.040956,-0.038807,0.743179,0.015572,-0.668911,0.272094,0.906297,0.323403,0.611268,-0.422353,0.669304,3e-06,4e-06,1e-06,0.005553,-0.097055,0.173508,0.465359
212,0.168319,-0.019041,0.332861,-0.7327,0.065335,-0.677442,-0.380583,-0.864542,0.328169,-0.563329,0.498186,0.659164,-0.0,-0.0,-0.0,0.0,0.0,0.0,0.48511,-0.173585,-0.054706,0.28232,-0.297531,-0.82388,0.482379,0.669819,0.179754,0.720393,-0.679839,0.538468,0.497728,0.016218,0.000742,-0.000605,0.192052,-0.166248,-0.071494,-1.405625,0.040225,0.026842,-0.015978,0.349268,0.815305,0.461832,-0.653964,-0.140888,0.743291,0.671075,-0.56163,0.483972,0.000424,-0.005364,0.004365,0.278543,-0.211043,-0.166365,-0.928595,0.086601,0.040952,-0.038804,0.743176,0.015565,-0.668914,0.272117,0.906286,0.323415,0.611262,-0.422377,0.669294,-0.0,1e-06,1e-06,6e-06,-2e-06,-8e-06,0.466176
213,0.168319,-0.019041,0.332861,-0.732609,0.065411,-0.677532,-0.380676,-0.864536,0.328078,-0.563385,0.498187,0.659116,-0.0,-0.0,-0.0,0.0,0.0,0.0,0.485584,-0.173263,-0.054786,0.282353,-0.302426,-0.822091,0.482385,0.67069,0.175921,0.720528,-0.676809,0.542458,0.497526,-9e-06,-0.000233,-0.000348,4.1e-05,-3.2e-05,-2.2e-05,-1.405694,0.040392,0.026803,-0.015961,0.353446,0.813578,0.461699,-0.65514,-0.137019,0.742978,0.667732,-0.56508,0.484579,0.008101,0.000157,-0.000631,-0.000849,-0.014066,0.029992,-0.928921,0.086601,0.040952,-0.038804,0.743096,0.015478,-0.669005,0.272211,0.90629,0.323325,0.611317,-0.422372,0.669247,-1e-06,1e-06,-1e-06,6e-06,-1e-05,-7e-06,0.466829
214,0.168319,-0.019041,0.332861,-0.732609,0.065411,-0.677532,-0.380676,-0.864536,0.328078,-0.563385,0.498187,0.659116,-0.0,-0.0,-0.0,0.0,0.0,0.0,0.485715,-0.173091,-0.054812,0.282369,-0.302471,-0.822143,0.482269,0.670587,0.175872,0.720635,-0.676891,0.542396,0.497483,-0.0,-3e-06,-5e-06,1e-06,-0.0,-0.0,-1.405458,0.040479,0.02679,-0.015953,0.353499,0.813621,0.461581,-0.655014,-0.136983,0.743096,0.667828,-0.565026,0.48451,0.008107,0.000312,-0.000402,0.001617,-0.015109,0.029318,-0.930391,0.086601,0.040952,-0.038804,0.743096,0.015478,-0.669005,0.272211,0.90629,0.323325,0.611317,-0.422372,0.669247,-1e-06,1e-06,-1e-06,6e-06,-1e-05,-7e-06,0.467155
215,0.16833,-0.019043,0.332873,-0.732877,0.061166,-0.67764,-0.375677,-0.866755,0.327986,-0.566379,0.494866,0.659051,0.014484,-0.00031,-0.000628,0.000984,-0.014715,0.029553,0.486273,-0.172775,-0.054916,0.282497,-0.302458,-0.822076,0.482392,0.670311,0.17621,0.72081,-0.67717,0.542388,0.497111,0.000891,-0.009896,0.009969,-0.03645,0.010237,-0.018381,-1.40565,0.040636,0.026737,-0.015891,0.353487,0.813557,0.461705,-0.654743,-0.137332,0.743269,0.668099,-0.565034,0.484126,0.000445,-0.004894,0.005059,-0.036468,0.010199,-0.018424,-0.930881,0.086601,0.040952,-0.038798,0.742875,0.019756,-0.669138,0.266953,0.907906,0.323175,0.6139,-0.418707,0.669186,-1e-06,6e-06,5e-06,-0.000142,0.000125,7.9e-05,0.467645
216,0.168331,-0.019051,0.33288,-0.732887,0.061158,-0.677629,-0.375682,-0.866742,0.328013,-0.566362,0.494889,0.659049,0.0,0.0,0.0,0.0,-0.0,-0.0,0.486487,-0.172491,-0.055012,0.282733,-0.300506,-0.822696,0.482555,0.671756,0.176457,0.719403,-0.67661,0.541365,0.498985,9.3e-05,0.002499,0.003719,0.002843,-0.015134,0.024399,-1.405761,0.040778,0.026687,-0.015776,0.351485,0.81429,0.461939,-0.656333,-0.137529,0.741829,0.667595,-0.563929,0.486106,0.00046,-0.004517,0.00562,-0.047669,0.014832,-0.015316,-0.930881,0.086607,0.040947,-0.038795,0.742872,0.019747,-0.669141,0.266978,0.907894,0.323188,0.613892,-0.418733,0.669177,1e-06,-2e-06,-4e-06,-8.2e-05,2.8e-05,0.000124,0.468625
217,0.16832,-0.019059,0.332887,-0.732822,0.061214,-0.677695,-0.375764,-0.866725,0.327965,-0.566392,0.494912,0.659005,0.0,0.0,0.0,0.0,0.0,0.0,0.485994,-0.172313,-0.055112,0.283029,-0.296737,-0.82422,0.482285,0.674835,0.176205,0.716577,-0.675213,0.539121,0.503287,0.000113,0.003092,0.004595,0.032081,-0.025537,-0.01696,-1.405798,0.040867,0.026637,-0.015628,0.347678,0.816032,0.461747,-0.659666,-0.137075,0.738952,0.666303,-0.561516,0.490651,0.000494,-0.003577,0.007018,-0.03218,-0.018866,-0.003221,-0.930391,0.086601,0.040943,-0.038792,0.742815,0.019683,-0.669207,0.267062,0.907886,0.32314,0.613925,-0.418753,0.669134,2e-06,-2e-06,-4e-06,-7.5e-05,2.8e-05,0.000127,0.468788
218,0.16832,-0.019059,0.332887,-0.732822,0.061214,-0.677695,-0.375764,-0.866725,0.327965,-0.566392,0.494912,0.659005,0.0,0.0,0.0,0.0,0.0,0.0,0.486262,-0.17229,-0.05514,0.283227,-0.294862,-0.825008,0.482089,0.676349,0.176046,0.715188,-0.674523,0.537967,0.505444,0.001006,-0.006831,0.01451,0.127271,-0.132979,-0.078978,-1.405782,0.040878,0.026625,-0.015535,0.346526,0.816603,0.461604,-0.660556,-0.136965,0.738176,0.666021,-0.560714,0.49195,0.000504,-0.003243,0.007509,0.271555,-0.221459,-0.137555,-0.930881,0.086601,0.040943,-0.038792,0.742815,0.019683,-0.669207,0.267062,0.907886,0.32314,0.613925,-0.418753,0.669134,2e-06,-2e-06,-4e-06,-8.1e-05,2.8e-05,0.000122,0.468788
219,0.16832,-0.019059,0.332887,-0.732732,0.06129,-0.677786,-0.375857,-0.866719,0.327874,-0.566447,0.494913,0.658958,0.0,0.0,0.0,0.0,0.0,0.0,0.486257,-0.172346,-0.055128,0.283586,-0.292972,-0.825782,0.481916,0.677779,0.17599,0.713846,-0.673913,0.536795,0.507499,0.000156,0.004284,0.006346,0.263093,-0.209414,-0.138837,-1.40554,0.040851,0.02663,-0.015349,0.3451,0.817278,0.461478,-0.661522,-0.136991,0.737306,0.665803,-0.559722,0.493372,-0.007587,-0.003186,0.008455,0.43343,-0.309941,-0.235129,-0.930717,0.086601,0.040943,-0.038792,0.742735,0.019596,-0.669298,0.267156,0.90789,0.323051,0.61398,-0.418748,0.669087,2e-06,-2e-06,-2e-06,-7.5e-05,3.6e-05,0.000121,0.469115
220,0.16832,-0.019059,0.332887,-0.732732,0.06129,-0.677786,-0.375857,-0.866719,0.327874,-0.566447,0.494913,0.658958,0.0,0.0,0.0,0.0,0.0,0.0,0.48621,-0.172467,-0.054977,0.283971,-0.291625,-0.827944,0.479015,0.678599,0.173715,0.713625,-0.673674,0.534198,0.510547,0.000226,0.006152,0.009084,0.191957,-0.165556,-0.075289,-1.405889,0.04079,0.026705,-0.015155,0.343205,0.819713,0.458562,-0.662832,-0.134536,0.736581,0.665478,-0.556749,0.497159,0.000109,0.003142,0.00464,0.254435,-0.193341,-0.097368,-0.932024,0.086601,0.040943,-0.038792,0.742735,0.019596,-0.669298,0.267156,0.90789,0.323051,0.61398,-0.418748,0.669087,2e-06,-2e-06,-2e-06,-7.5e-05,3.6e-05,0.000121,0.469278
221,0.16832,-0.019059,0.332887,-0.732642,0.061367,-0.677876,-0.37595,-0.866713,0.327783,-0.566502,0.494914,0.65891,0.0,0.0,0.0,0.0,0.0,0.0,0.486646,-0.172523,-0.054864,0.284163,-0.291684,-0.82805,0.478796,0.67853,0.173542,0.713733,-0.673719,0.53409,0.510602,0.000235,0.006384,0.00941,0.004576,-0.016468,0.023513,-1.405478,0.040763,0.026763,-0.015059,0.342726,0.820027,0.458359,-0.663167,-0.134395,0.736306,0.665392,-0.55632,0.497755,0.000112,0.00324,0.004779,-0.012883,-0.007925,0.028611,-0.933003,0.086601,0.040943,-0.038792,0.742656,0.019508,-0.669388,0.267251,0.907894,0.322961,0.614035,-0.418743,0.66904,3e-06,-2e-06,-3e-06,-7.4e-05,2.4e-05,0.000126,0.469441
222,0.168309,-0.019058,0.332887,-0.732566,0.06143,-0.677952,-0.376027,-0.866708,0.327707,-0.566549,0.494915,0.658869,0.0,0.0,0.0,0.0,0.0,0.0,0.487829,-0.172609,-0.054681,0.284534,-0.290298,-0.830135,0.476019,0.679434,0.171346,0.713403,-0.673408,0.531554,0.513648,-0.015961,0.005263,0.009453,0.003976,0.086113,-0.185412,-1.405105,0.040726,0.026853,-0.014874,0.341349,0.82223,0.455432,-0.664036,-0.131974,0.735961,0.665234,-0.553643,0.500941,0.0001,0.002865,0.004214,-0.008456,-0.014161,0.019946,-0.93382,0.086596,0.040944,-0.038791,0.742589,0.019436,-0.669465,0.267329,0.907898,0.322886,0.614082,-0.418739,0.669,3e-06,-1e-06,-4e-06,-7.4e-05,3.1e-05,0.00012,0.470095
223,0.168309,-0.019065,0.332881,-0.732399,0.061573,-0.67812,-0.3762,-0.866697,0.327538,-0.566651,0.494916,0.65878,-0.0,-0.0,-0.0,0.0,0.0,0.0,0.488152,-0.172555,-0.054612,0.284924,-0.288947,-0.832255,0.473131,0.680116,0.169219,0.713261,-0.673303,0.528912,0.516506,0.017176,-0.006076,0.013821,0.009655,-0.040061,-0.012354,-1.405267,0.040746,0.026892,-0.014672,0.34,0.824302,0.452687,-0.664662,-0.12991,0.735762,0.665299,-0.551044,0.503713,0.00858,-0.003065,0.006868,-0.017031,-0.025802,-0.008927,-0.932514,0.086596,0.04094,-0.038795,0.742441,0.019271,-0.669633,0.267505,0.907905,0.322719,0.614183,-0.41873,0.668912,2e-06,4e-06,3e-06,-6e-05,2.4e-05,0.000104,0.470584
224,0.168309,-0.019065,0.332881,-0.732308,0.061649,-0.678211,-0.376293,-0.866691,0.327447,-0.566706,0.494917,0.658732,-0.0,-0.0,-0.0,0.0,0.0,0.0,0.488897,-0.172477,-0.05461,0.285288,-0.287091,-0.833053,0.472855,0.681482,0.169136,0.711975,-0.672718,0.527679,0.518526,0.000138,0.003802,0.005559,0.033482,0.048944,-0.170661,-1.405439,0.040786,0.02689,-0.014495,0.33824,0.825191,0.452384,-0.666016,-0.129711,0.734572,0.664842,-0.549757,0.505717,0.00049,-0.003576,0.006972,0.005537,-0.043837,-0.019928,-0.931697,0.086596,0.04094,-0.038795,0.742362,0.019183,-0.669724,0.267599,0.907909,0.322629,0.614238,-0.418725,0.668864,-1e-06,1e-06,4e-06,-6.4e-05,1.5e-05,0.0001,0.471727
225,0.168309,-0.019065,0.332881,-0.732218,0.061726,-0.678301,-0.376386,-0.866685,0.327356,-0.566761,0.494918,0.658684,-0.0,-0.0,-0.0,0.0,0.0,0.0,0.490079,-0.172407,-0.054638,0.285442,-0.285195,-0.833784,0.472716,0.683039,0.169051,0.710502,-0.671948,0.526551,0.520666,0.000956,-0.008077,0.012592,0.081156,-0.083335,-0.08021,-1.405093,0.040821,0.02688,-0.014413,0.33649,0.825892,0.45241,-0.667528,-0.12967,0.733206,0.664213,-0.548713,0.507674,0.000471,-0.004083,0.006231,0.083433,-0.085465,-0.08157,-0.931697,0.086596,0.04094,-0.038794,0.742282,0.019095,-0.669814,0.267694,0.907914,0.322539,0.614293,-0.41872,0.668817,-0.0,1e-06,2e-06,-5.8e-05,1.8e-05,0.000101,0.472054
226,0.168309,-0.019065,0.332881,-0.732128,0.061803,-0.678392,-0.376479,-0.866679,0.327265,-0.566816,0.494918,0.658637,-0.0,-0.0,-0.0,0.0,0.0,0.0,0.490587,-0.172266,-0.054733,0.285747,-0.283863,-0.835913,0.469746,0.683542,0.167012,0.7105,-0.672002,0.523815,0.523349,0.000935,-0.00866,0.011734,-0.026214,0.001993,-0.023811,-1.405352,0.040891,0.026835,-0.014265,0.334917,0.828154,0.449433,-0.66809,-0.127636,0.733051,0.664443,-0.545774,0.510534,0.008121,0.001622,0.001503,-0.01568,-0.010993,0.031173,-0.931371,0.086596,0.04094,-0.038795,0.742203,0.019008,-0.669905,0.267788,0.907918,0.322449,0.614348,-0.418715,0.66877,-2e-06,0.0,3e-06,-5.9e-05,1.4e-05,0.000101,0.473524
227,0.168309,-0.019065,0.332881,-0.731947,0.061956,-0.678572,-0.376665,-0.866667,0.327083,-0.566926,0.49492,0.658541,-0.0,-0.0,-0.0,0.0,0.0,0.0,0.490742,-0.172126,-0.054838,0.286038,-0.282021,-0.836721,0.469418,0.684805,0.166974,0.709292,-0.671494,0.522535,0.525276,0.000943,-0.008447,0.012039,-0.032642,-0.005683,0.005508,-1.404873,0.040961,0.026781,-0.014123,0.333149,0.829006,0.449176,-0.669295,-0.127625,0.731953,0.66412,-0.544481,0.512331,0.008104,0.001124,0.000775,-0.012283,-0.009014,0.033174,-0.930554,0.086596,0.04094,-0.038795,0.742043,0.018832,-0.670086,0.267976,0.907926,0.322269,0.614458,-0.418705,0.668675,-2e-06,0.0,3e-06,-5.4e-05,1.3e-05,0.000103,0.474503
228,0.168309,-0.019073,0.332887,-0.731867,0.062026,-0.678652,-0.376762,-0.866649,0.32702,-0.566964,0.494944,0.65849,-0.0,-0.0,-0.0,0.0,0.0,0.0,0.490976,-0.172045,-0.05489,0.286155,-0.280599,-0.838705,0.466721,0.685621,0.165004,0.708965,-0.671259,0.519971,0.528113,0.016218,0.002346,0.001694,0.035514,-1.73103,2.203086,-1.405459,0.040995,0.026752,-0.014059,0.331669,0.829603,0.449169,-0.670615,-0.127544,0.730757,0.663527,-0.54359,0.514042,0.00046,-0.004429,0.005716,0.167025,-0.138252,-0.115689,-0.930064,0.086596,0.040936,-0.038791,0.741973,0.018753,-0.670166,0.268076,0.907919,0.322206,0.614499,-0.418724,0.668625,-2e-06,-0.0,3e-06,-5.9e-05,1.3e-05,9.7e-05,0.474667
