frame,MLTx,MLTy,MLTz,MLTR1,MLTR2,MLTR3,MLTR4,MLTR5,MLTR6,MLTR7,MLTR8,MLTR9,MLTTVx,MLTTVy,MLTTVz,MLTRVx,MLTRVy,MLTRVz,MLGA,MRTx,MRTy,MRTz,MRTR1,MRTR2,MRTR3,MRTR4,MRTR5,MRTR6,MRTR7,MRTR8,MRTR9,MRTTVx,MRTTVy,MRTTVz,MRTRVx,MRTRVy,MRTRVz,MRGA,SLTx,SLTy,SLTz,SLTR1,SLTR2,SLTR3,SLTR4,SLTR5,SLTR6,SLTR7,SLTR8,SLTR9,SLTTVx,SLTTVy,SLTTVz,SLTRVx,SLTRVy,SLTRVz,SLGA,SRTx,SRTy,SRTz,SRTR1,SRTR2,SRTR3,SRTR4,SRTR5,SRTR6,SRTR7,SRTR8,SRTR9,SRTTVx,SRTTVy,SRTTVz,SRTRVx,SRTRVy,SRTRVz,SRGA
43,0.099702,0.007413,0.356766,-0.620523,0.421646,-0.661219,-0.564063,-0.82571,0.002728,-0.54406,0.374133,0.751033,-0.009796,0.022989,0.000661,0.034306,-0.016771,0.011743,-1.606102,-0.080258,0.04588,0.339735,0.079154,0.588595,0.804539,-0.842238,0.471232,-0.261744,-0.533253,-0.657628,0.532006,-0.003247,-0.053143,0.058819,0.004707,-0.44564,-1.143904,-1.405827,0.052847,0.043222,-0.010729,0.122202,-0.656926,0.743985,0.821982,-0.353126,-0.446818,0.556246,0.666145,0.496829,-0.001565,-0.026913,0.029135,-0.010332,-0.368337,-1.058812,-0.860013,0.086731,0.025669,-0.061278,-0.507437,0.553187,-0.660674,-0.71784,-0.695516,-0.031015,-0.476667,0.458521,0.750031,0.001825,0.010483,-0.000341,0.042393,-0.121364,0.218599,-0.879339
44,0.099773,0.008263,0.356878,-0.623968,0.413248,-0.663276,-0.551406,-0.834219,-0.001105,-0.553004,0.364526,0.749222,0.004904,0.025529,0.002824,0.035892,-0.045466,0.066494,-1.62114,-0.08054,0.044418,0.341305,0.073812,0.606235,0.791847,-0.827802,0.480053,-0.290219,-0.55613,-0.634827,0.536261,-0.007464,-0.029457,0.028114,0.006295,-0.207298,-0.721017,-1.405863,0.052707,0.042508,-0.00995,0.126352,-0.673519,0.728289,0.803259,-0.361329,-0.473515,0.582073,0.644835,0.495355,-0.010024,-0.016151,0.013785,0.054649,-0.341583,-0.803733,-0.857074,0.08676,0.026088,-0.061227,-0.512518,0.545702,-0.662973,-0.707003,-0.706351,-0.034851,-0.48731,0.450862,0.747831,0.002415,0.012627,0.001309,0.039431,-0.141599,0.240927,-0.887993
45,0.099912,0.009202,0.357158,-0.631578,0.399716,-0.664366,-0.53236,-0.846495,-0.003287,-0.562917,0.351104,0.74825,0.00575,0.028632,0.005154,3.703579,0.06947,-4.242451,-1.696448,-0.081187,0.043144,0.342042,0.088086,0.612438,0.78559,-0.79944,0.513973,-0.310902,-0.594259,-0.601412,0.533875,-0.019244,-0.031677,0.011875,-0.036547,-0.03174,-0.418507,-1.406029,0.052387,0.041873,-0.009575,0.111746,-0.680844,0.723853,0.774712,-0.396508,-0.492546,0.62236,0.615819,0.48315,-0.009644,-0.015819,0.005953,-0.02973,-0.101489,-0.421595,-0.854461,0.08683,0.026558,-0.061087,-0.519472,0.537221,-0.664485,-0.695062,-0.71799,-0.037103,-0.497027,0.442585,0.746378,-0.004151,0.010303,0.007855,-0.000568,-0.012945,0.021596,-0.900893
46,0.099777,0.01017,0.357619,-0.641173,0.379784,-0.666864,-0.507441,-0.861665,-0.002912,-0.574927,0.33605,0.746027,-0.007978,0.021607,0.016375,-0.084289,-0.193736,-0.080875,-1.792,-0.081865,0.041953,0.342239,0.08212,0.615029,0.784211,-0.77504,0.534119,-0.337585,-0.626557,-0.580842,0.519531,-0.019176,-0.028931,-0.002306,0.010686,-0.039846,-0.209281,-1.405206,0.052048,0.041276,-0.009472,0.117846,-0.682721,0.721112,0.747842,-0.416745,-0.516773,0.653332,0.600178,0.461456,-0.003396,-0.012763,-0.000666,0.060457,-0.078657,-0.174491,-0.85887,0.086768,0.027048,-0.060858,-0.536056,0.516774,-0.667523,-0.669349,-0.742029,-0.036931,-0.514407,0.427009,0.743672,-0.003504,0.016404,0.004034,-0.092963,-0.304729,-0.121255,-0.884238
47,0.099641,0.010633,0.357956,-0.648512,0.363151,-0.669028,-0.487246,-0.873247,-0.001776,-0.584071,0.324373,0.744091,-0.007782,0.022229,0.01679,3.676575,-0.047598,-4.115827,-1.837381,-0.082148,0.04145,0.342082,0.084836,0.620389,0.779687,-0.757942,0.54815,-0.35354,-0.64679,-0.561742,0.515725,-0.007846,-0.018771,-0.01256,0.546792,-0.675746,-0.20416,-1.405129,0.051909,0.041028,-0.009543,0.116194,-0.686213,0.71806,0.730988,-0.430367,-0.529566,0.672424,0.586426,0.451607,-0.003901,-0.009474,-0.006298,4.501102,-1.826296,2.578774,-0.855277,0.086704,0.027275,-0.060698,-0.543531,0.504614,-0.670773,-0.656315,-0.753667,-0.035159,-0.523282,0.421129,0.740827,-0.003773,0.011568,0.008749,-0.008541,-0.034383,0.005368,-0.891749
48,0.099182,0.011358,0.358728,-0.654598,0.344535,-0.672936,-0.46695,-0.884267,0.001413,-0.593759,0.314719,0.74056,-0.020957,0.024523,0.018229,0.092725,-0.013115,-0.127072,-1.90344,-0.082607,0.040645,0.341435,0.099078,0.61924,0.77892,-0.721587,0.583743,-0.372142,-0.685225,-0.525966,0.503676,-0.006222,-0.024476,-0.016977,3.011282,0.915601,-0.808382,-1.404472,0.051673,0.040615,-0.009872,0.099394,-0.688606,0.71829,0.696228,-0.467604,-0.544621,0.710905,0.554226,0.43295,-0.002857,-0.013049,-0.009073,4.289639,-1.974256,2.706764,-0.858053,0.086476,0.027643,-0.060303,-0.555936,0.484475,-0.675439,-0.634363,-0.772377,-0.03188,-0.537139,0.41075,0.736725,-0.004296,0.005779,0.012706,0.314547,0.010935,-0.329842,-0.897464
49,0.09833,0.012071,0.359593,-0.653915,0.326741,-0.682408,-0.446433,-0.894801,-0.000721,-0.610047,0.303765,0.731845,-0.021512,0.022155,0.016324,-0.094311,-0.393835,-0.192074,-1.916455,-0.082945,0.039491,0.340661,0.116723,0.613112,0.78132,-0.680131,0.622656,-0.386853,-0.72379,-0.487018,0.488676,-0.005043,-0.028767,-0.020419,0.108027,0.020877,-0.02386,-1.405181,0.051511,0.040047,-0.010253,0.083489,-0.684076,0.724616,0.654551,-0.510647,-0.557495,0.751393,0.520844,0.405129,-0.002538,-0.014289,-0.010124,1.336543,-0.52845,0.679245,-0.865075,0.086052,0.028006,-0.059866,-0.558997,0.468468,-0.684148,-0.616298,-0.786727,-0.035149,-0.554704,0.401992,0.728494,-0.01783,0.006783,0.013231,-0.059982,-0.792653,-0.184886,-0.893545
50,0.097824,0.012384,0.359972,-0.655688,0.315338,-0.686062,-0.431536,-0.902078,-0.002274,-0.618788,0.294171,0.728418,-0.023267,0.008161,0.022506,-0.063616,-0.148953,0.067492,-1.916983,-0.083019,0.039023,0.340303,0.119083,0.61239,0.78153,-0.665766,0.633232,-0.394597,-0.736652,-0.474098,0.482118,0.006443,-0.021985,-0.016938,-0.003788,0.030702,-0.047804,-1.404965,0.051466,0.039789,-0.010449,0.081039,-0.683822,0.725134,0.639839,-0.522136,-0.563897,0.764224,0.509667,0.395222,-0.002952,-0.012937,-0.009128,-0.021348,0.03065,-0.07696,-0.869157,0.085801,0.028171,-0.059675,-0.562645,0.456259,-0.689389,-0.602953,-0.796991,-0.035373,-0.565576,0.395767,0.723526,-0.017728,0.010849,0.007892,-0.004283,-0.144097,0.063027,-0.893055
51,0.09678,0.012647,0.360594,-0.65219,0.295522,-0.698112,-0.408967,-0.912524,-0.004296,-0.637507,0.282329,0.71687,-0.025345,0.000678,0.016859,-0.104347,-0.23849,0.01901,-1.917422,-0.082983,0.03821,0.3397,0.123783,0.608874,0.783544,-0.636541,0.654503,-0.407892,-0.761308,-0.449036,0.467589,0.005302,-0.018111,-0.014057,0.02654,-0.063907,0.106596,-1.404624,0.051486,0.039377,-0.010755,0.076713,-0.681058,0.728199,0.610881,-0.54511,-0.574176,0.787996,0.48889,0.374229,-0.003701,-0.010452,-0.007268,0.030784,0.074181,-0.122115,-0.87079,0.085281,0.028309,-0.05936,-0.562929,0.436534,-0.701817,-0.582886,-0.811695,-0.037344,-0.585964,0.388058,0.711376,-0.012867,-0.000314,0.00796,-0.093721,-0.35238,0.156526,-0.887014
52,0.095623,0.012459,0.361153,-0.648394,0.287356,-0.705022,-0.399315,-0.916776,-0.006498,-0.647413,0.276949,0.710058,-0.027558,-0.006993,0.011107,-0.03408,-0.157279,0.266411,-1.917113,-0.082968,0.037524,0.339251,0.131868,0.607316,0.783435,-0.607408,0.674117,-0.420187,-0.783443,-0.421222,0.456784,0.004057,-0.013876,-0.010833,0.044057,0.055272,-0.066955,-1.404626,0.051496,0.039026,-0.010986,0.06857,-0.680427,0.7296,0.582002,-0.566698,-0.583202,0.81029,0.46462,0.357152,0.001985,-0.00677,-0.005285,0.034473,0.04976,-0.066177,-0.871933,0.084693,0.028216,-0.059073,-0.560605,0.427895,-0.708961,-0.574295,-0.817699,-0.039404,-0.596578,0.385063,0.704144,-0.013905,-0.003906,0.005266,-0.018744,-0.120645,0.287359,-0.887503
53,0.09438,0.011826,0.361794,-0.648312,0.281515,-0.707451,-0.389087,-0.921131,-0.010058,-0.653685,0.268383,0.707597,-0.029214,-0.019983,0.018105,0.284693,-0.025742,-0.268729,-1.917381,-0.082846,0.036872,0.338885,0.138051,0.603922,0.784991,-0.576379,0.693565,-0.432074,-0.80552,-0.393569,0.442835,0.006226,-0.024554,-0.002644,4.812352,-1.92082,1.927213,-1.404441,0.051554,0.038712,-0.011165,0.06542,-0.678044,0.732103,0.555503,-0.584729,-0.591191,0.828936,0.445362,0.338402,-0.004282,-0.008577,-0.005875,1.690324,1.507831,-1.677764,-0.875525,0.084092,0.027909,-0.058771,-0.561198,0.423382,-0.711198,-0.566371,-0.823025,-0.043037,-0.603556,0.378651,0.701671,-0.014686,-0.01015,0.008942,3.842591,0.023503,-3.824397,-0.892729
54,0.0938,0.011452,0.362134,-0.648901,0.279049,-0.707887,-0.38554,-0.922618,-0.010357,-0.655197,0.265845,0.707156,-0.029394,-0.020451,0.017754,-0.067461,-0.01663,0.057835,-1.917103,-0.082749,0.036524,0.338698,0.139347,0.599347,0.788262,-0.561027,0.703763,-0.435776,-0.816071,-0.382272,0.433312,0.004273,-0.014604,-0.011494,1.37725,-0.245485,0.732732,-1.404266,0.0516,0.038543,-0.011248,0.06349,-0.675145,0.734947,0.540387,-0.595872,-0.594069,0.839017,0.434873,0.327008,0.003324,-0.012987,-0.001898,1.559487,2.061914,-1.238957,-0.873729,0.08379,0.027712,-0.058596,-0.562814,0.420193,-0.711812,-0.561859,-0.826092,-0.043404,-0.606261,0.37551,0.701026,-0.021191,-0.008637,0.009986,-0.068636,-0.01515,0.054484,-0.895178
55,0.092757,0.010742,0.362945,-0.647391,0.280723,-0.708608,-0.382982,-0.923601,-0.016073,-0.658183,0.260623,0.706327,-0.027759,-0.014678,0.022091,-0.003205,0.221476,-0.007547,-1.916301,-0.082588,0.035714,0.338342,0.144914,0.594537,0.790897,-0.530913,0.721276,-0.444777,-0.835038,-0.356197,0.419164,0.007429,-0.028658,-0.005983,-0.034398,0.114149,-0.029121,-1.404356,0.05168,0.038143,-0.011429,0.056062,-0.669487,0.740704,0.507015,-0.620008,-0.59877,0.860112,0.409116,0.304681,0.002596,-0.008861,-0.007014,0.037382,0.104415,-0.046618,-0.873076,0.083265,0.027345,-0.0582,-0.560759,0.421434,-0.7127,-0.559495,-0.827381,-0.049032,-0.610338,0.371257,0.699752,-0.007238,-0.008391,0.010382,0.029975,0.171707,0.258024,-0.895178
56,0.091822,0.010206,0.363862,-0.647358,0.278583,-0.709482,-0.379579,-0.924989,-0.016936,-0.660181,0.257989,0.705429,-0.013413,-0.0132,0.023425,-0.069572,0.036788,-0.036072,-1.915813,-0.082356,0.034786,0.337946,0.153143,0.582496,0.798271,-0.492324,0.745417,-0.449337,-0.85694,-0.324936,0.399916,0.004953,-0.01691,-0.013482,-0.137114,0.608922,0.328551,-1.404281,0.051795,0.03768,-0.011626,0.046832,-0.660985,0.748935,0.470048,-0.646978,-0.600394,0.881397,0.380154,0.280396,0.002437,-0.008317,-0.006628,0.029225,0.128434,0.00019,-0.86883,0.082802,0.027078,-0.057752,-0.561334,0.419517,-0.713379,-0.556365,-0.829433,-0.049979,-0.612667,0.368844,0.698994,-0.013456,-0.005809,0.012211,-0.07355,0.063235,-0.091801,-0.895831
57,0.091396,0.010018,0.364318,-0.647282,0.27616,-0.710498,-0.375012,-0.926817,-0.018669,-0.662857,0.254012,0.704362,-0.013119,-0.012199,0.024177,-0.069572,0.036806,-0.036066,-1.914876,-0.082238,0.034349,0.337761,0.159695,0.577216,0.800818,-0.467422,0.758773,-0.453557,-0.869606,-0.302624,0.389957,0.007278,-0.02812,-0.005688,4.753068,-1.491713,1.94365,-1.404241,0.051857,0.037455,-0.011723,0.043312,-0.656881,0.752748,0.450892,-0.659504,-0.601456,0.891526,0.36546,0.267618,0.002458,-0.00839,-0.006711,1.619648,1.510028,-1.707018,-0.867361,0.082579,0.026981,-0.057514,-0.56163,0.417199,-0.714503,-0.552291,-0.832045,-0.051707,-0.616072,0.365574,0.697717,-0.01316,-0.0048,0.012966,-0.069991,-0.027395,0.082619,-0.896974
58,0.090663,0.009635,0.365353,-0.646526,0.272074,-0.712759,-0.366566,-0.930102,-0.02261,-0.668291,0.246311,0.701958,-0.025513,-0.006994,0.027842,0.288464,-0.03112,-0.239486,-1.913176,-0.082094,0.033674,0.337288,0.171856,0.563932,0.807737,-0.423309,0.782684,-0.456234,-0.889669,-0.264235,0.3722,0.002097,-0.003863,-0.019967,1.2517,-0.188679,0.708193,-1.403529,0.051931,0.037106,-0.011956,0.029982,-0.64471,0.763838,0.406263,-0.690353,-0.598633,0.913263,0.328268,0.241223,0.002199,-0.007255,-0.005912,4.359876,-1.906801,2.466923,-0.865564,0.082218,0.026789,-0.056997,-0.561543,0.413329,-0.716818,-0.544969,-0.836617,-0.055488,-0.622637,0.359485,0.695048,-0.006625,-0.009991,0.017576,1.087218,0.089127,-1.230161,-0.896648
59,0.090189,0.009155,0.366519,-0.645151,0.26887,-0.715217,-0.358959,-0.932947,-0.027001,-0.673722,0.238974,0.699298,-0.012435,-0.017377,0.03707,-0.099509,-0.038637,0.12354,-1.912716,-0.081938,0.033189,0.336845,0.182028,0.548548,0.816059,-0.377844,0.805258,-0.456867,-0.907946,-0.225882,0.352809,0.003872,-0.013195,-0.010673,0.019728,0.395975,0.289542,-1.403072,0.05201,0.036863,-0.012185,0.01959,-0.630725,0.775758,0.362563,-0.718611,-0.593418,0.931752,0.292886,0.214599,0.001896,-0.006465,-0.005224,0.021808,0.433299,0.345882,-0.869647,0.081976,0.026552,-0.056418,-0.560998,0.409647,-0.719353,-0.537507,-0.841134,-0.059815,-0.629576,0.353102,0.692063,-0.005659,-0.003058,0.014364,-0.071349,0.025431,-0.011381,-0.897301
60,0.090043,0.008956,0.367134,-0.647407,0.267834,-0.713564,-0.35532,-0.934299,-0.028383,-0.673484,0.234829,0.70093,-0.011057,-0.005378,0.029242,-0.065305,0.046857,-0.030865,-1.91012,-0.081852,0.032931,0.336635,0.185862,0.54183,0.819675,-0.351229,0.815762,-0.459462,-0.917809,-0.203191,0.340884,0.003918,-0.013345,-0.010822,1.753721,0.012627,0.193328,-1.402832,0.052051,0.036741,-0.012285,0.016479,-0.624309,0.781003,0.338908,-0.731382,-0.591795,0.940674,0.274441,0.199531,0.001908,-0.006342,-0.005257,5.999514,-0.676724,0.36391,-0.873566,0.081902,0.026448,-0.056107,-0.563459,0.409317,-0.717615,-0.534271,-0.843081,-0.061381,-0.630133,0.348815,0.693728,0.001181,-0.003524,0.014118,-0.070141,-0.09815,0.187856,-0.898607
61,0.089854,0.008812,0.368275,-0.64731,0.26629,-0.714231,-0.347283,-0.937103,-0.034715,-0.677752,0.225232,0.699965,0.003062,-0.004872,0.029784,-0.061443,-0.080149,0.196867,-1.904757,-0.081713,0.032384,0.336218,0.202357,0.524693,0.826886,-0.289893,0.838637,-0.461067,-0.935597,-0.147083,0.32076,0.004196,-0.014283,-0.011642,4.517616,-2.265139,1.897553,-1.402522,0.05212,0.036469,-0.012491,0.003088,-0.610515,0.791997,0.283571,-0.758955,-0.586151,0.958945,0.226397,0.170781,0.00202,-0.006884,-0.0056,-0.070253,0.380892,0.005481,-0.876995,0.081802,0.026376,-0.055536,-0.563767,0.407639,-0.718329,-0.526705,-0.847364,-0.067489,-0.636197,0.3403,0.692422,-0.004613,0.004089,0.011262,-0.043714,-0.007122,-0.004053,-0.897954
62,0.089784,0.009053,0.369088,-0.648068,0.263751,-0.714484,-0.343555,-0.938469,-0.03489,-0.678923,0.22252,0.699697,-0.008544,0.017707,0.012782,0.000508,-0.012073,0.021385,-1.887255,-0.081525,0.031728,0.335771,0.204427,0.519577,0.829603,-0.245148,0.847699,-0.470364,-0.947868,-0.10789,0.299614,0.004564,-0.015524,-0.012729,-0.000154,0.073667,-0.018923,-1.402126,0.052215,0.036136,-0.012719,-0.001509,-0.604971,0.796245,0.23467,-0.774225,-0.587797,0.972073,0.185968,0.143136,0.002286,-0.007777,-0.006368,-0.029435,0.016436,-0.066947,-0.890711,0.081773,0.026494,-0.05512,-0.56486,0.405257,-0.718817,-0.523438,-0.849382,-0.067539,-0.637921,0.338106,0.691909,0.00173,0.001998,0.00979,-0.03458,0.004469,0.009805,-0.895015
63,0.089852,0.009705,0.36945,-0.646443,0.257153,-0.718352,-0.338164,-0.940513,-0.032442,-0.683162,0.221623,0.695844,0.004893,0.023524,0.00054,0.013763,-0.082676,0.015065,-1.866753,-0.081249,0.031173,0.335337,0.204966,0.520843,0.828675,-0.221501,0.849401,-0.478946,-0.953558,-0.086057,0.288415,0.003651,-0.012392,-0.010218,-0.001021,0.016416,-0.025372,-1.401683,0.052353,0.035857,-0.012937,-0.002407,-0.606659,0.794958,0.210319,-0.777486,-0.592689,0.977629,0.165769,0.129463,0.008323,-0.004766,-0.004861,-0.004741,0.004476,-0.022539,-0.903285,0.081803,0.026821,-0.054931,-0.564382,0.398284,-0.723078,-0.518634,-0.852538,-0.064785,-0.642255,0.338449,0.687721,-0.004503,0.008077,0.005795,-0.012265,-0.039929,0.00812,-0.889463
64,0.089851,0.010077,0.369496,-0.643387,0.254154,-0.722153,-0.338024,-0.940645,-0.029969,-0.686111,0.224501,0.69201,-0.009119,0.023149,6.9e-05,-0.020929,-0.252815,0.114011,-1.863813,-0.081011,0.030994,0.33519,0.201284,0.523575,0.827855,-0.219206,0.847829,-0.482771,-0.954867,-0.084972,0.284377,0.015605,-0.005956,-0.006802,0.462408,0.342896,-0.363488,-1.401208,0.052463,0.035764,-0.013012,-0.00065,-0.607804,0.794086,0.208819,-0.776662,-0.594297,0.977953,0.165435,0.127426,0.007755,-0.002808,-0.003261,-0.001511,-0.005271,0.007912,-0.905081,0.081809,0.027011,-0.054906,-0.562036,0.394861,-0.726773,-0.518538,-0.85278,-0.06232,-0.644385,0.341833,0.684044,0.001472,0.004845,0.003524,-0.066797,-0.173021,-0.055869,-0.889953
65,0.089681,0.010648,0.369373,-0.638121,0.250255,-0.728162,-0.338042,-0.940725,-0.027141,-0.691003,0.228512,0.685802,0.001248,0.011528,-0.008199,0.007419,-0.187545,0.152163,-1.861001,-0.080513,0.03081,0.335052,0.206758,0.521394,0.827883,-0.207721,0.850303,-0.483499,-0.956272,-0.072674,0.283062,0.016529,-0.01233,0.005014,-0.036233,0.004128,-0.016619,-1.401384,0.052717,0.035672,-0.013088,-0.004436,-0.60737,0.794406,0.195999,-0.779533,-0.594904,0.980593,0.153064,0.122502,0.006922,3.8e-05,-0.000918,0.001208,-0.018508,0.031056,-0.904264,0.081722,0.027308,-0.054959,-0.557392,0.389908,-0.732997,-0.518659,-0.852922,-0.059298,-0.64831,0.347123,0.677641,-0.006476,0.001536,0.001027,-0.019546,-0.027869,-0.050661,-0.8893
66,0.089444,0.010716,0.369208,-0.634094,0.242949,-0.73413,-0.333209,-0.942528,-0.024183,-0.697029,0.228976,0.67952,-0.002487,-0.015563,0.005264,-0.080965,-0.157855,-0.170084,-1.863793,-0.080144,0.030743,0.335025,0.209704,0.519848,0.828114,-0.201038,0.851808,-0.483674,-0.957063,-0.065726,0.282088,0.013746,0.000422,-0.001549,0.010786,-0.006344,0.008767,-1.401697,0.052902,0.035639,-0.013095,-0.007457,-0.606175,0.795296,0.189557,-0.781754,-0.594076,0.981841,0.146324,0.120734,0.00667,0.000894,-0.000211,0.055523,-0.145324,0.208562,-0.905244,0.081604,0.02735,-0.055048,-0.55485,0.382768,-0.738667,-0.514471,-0.855616,-0.056925,-0.653804,0.348438,0.671662,-0.007271,-0.001074,-0.00087,0.005344,-0.322282,-0.117174,-0.892402
67,0.089054,0.010327,0.369307,-0.633342,0.244038,-0.734418,-0.334547,-0.942043,-0.024597,-0.697072,0.229809,0.679194,-0.0156,-0.012937,0.006984,-0.030803,-0.060119,0.130397,-1.864769,-0.079923,0.030663,0.334932,0.220475,0.51369,0.829159,-0.173185,0.85722,-0.484886,-0.960098,-0.037357,0.276909,0.0012,-0.004014,-0.003334,4.581289,-2.673868,1.534406,-1.401099,0.053016,0.035605,-0.013138,-0.015202,-0.602166,0.798225,0.167307,-0.788594,-0.591714,0.985787,0.124554,0.112735,0.000712,-0.002386,-0.001979,0.003392,-0.101633,0.130959,-0.903774,0.081412,0.027146,-0.055005,-0.553932,0.383425,-0.739015,-0.515583,-0.854934,-0.05711,-0.653707,0.349388,0.671263,-0.00798,-0.007051,0.003074,-0.035249,0.049191,-0.069131,-0.894525
68,0.088808,0.010084,0.369401,-0.633488,0.241239,-0.735215,-0.329001,-0.943948,-0.026321,-0.699571,0.224906,0.678266,-0.002729,-0.016298,0.004722,4.027917,0.176763,-3.789848,-1.862713,-0.07992,0.030552,0.334831,0.219698,0.508531,0.832539,-0.156223,0.860748,-0.484398,-0.963182,-0.024299,0.267494,0.001741,-0.005826,-0.004844,-0.047497,0.356454,0.224893,-1.401321,0.053016,0.035552,-0.013186,-0.018463,-0.596858,0.802134,0.145604,-0.795323,-0.588438,0.98917,0.105929,0.101588,0.000823,-0.002769,-0.002294,0.047551,0.416303,0.398428,-0.898223,0.081283,0.027019,-0.054956,-0.553866,0.381852,-0.739878,-0.512084,-0.856912,-0.058913,-0.656507,0.34625,0.670155,-0.001422,-0.008229,0.002291,4.026103,0.177422,-3.791314,-0.894851
69,0.088181,0.00968,0.369622,-0.630654,0.240682,-0.73783,-0.323319,-0.945727,-0.032216,-0.70476,0.217932,0.675164,-0.027202,0.00219,0.0012,0.078968,-0.102484,0.131811,-1.862635,-0.07987,0.030246,0.334582,0.227362,0.494219,0.839074,-0.10835,0.869161,-0.482445,-0.967979,0.018134,0.250101,0.002599,-0.0087,-0.007254,4.558976,-2.303539,1.587813,-1.401,0.053041,0.035402,-0.013308,-0.022686,-0.58464,0.810974,0.104778,-0.808106,-0.579642,0.994236,0.071823,0.07959,0.001333,-0.004481,-0.003727,-0.08732,0.437356,0.270463,-0.910469,0.080977,0.02681,-0.054851,-0.551868,0.379725,-0.742462,-0.505174,-0.860592,-0.064648,-0.663506,0.339396,0.66676,-0.007616,-0.00579,0.003994,0.228296,-0.107856,0.01318,-0.896648
70,0.087409,0.009304,0.370048,-0.629239,0.2393,-0.739486,-0.318284,-0.947305,-0.03579,-0.708305,0.212542,0.673169,-0.027504,-0.006099,0.011764,-0.031587,-0.044798,0.101203,-1.860689,-0.07976,0.029784,0.334161,0.223492,0.479217,0.84876,-0.066239,0.876272,-0.477174,-0.972665,0.049799,0.226509,0.00359,-0.01201,-0.010062,-0.130341,0.742918,0.474363,-1.401552,0.053095,0.035172,-0.013512,-0.023154,-0.570199,0.821179,0.059869,-0.820716,-0.568189,0.997937,0.036007,0.05314,0.002021,-0.006776,-0.005662,0.30854,0.24004,0.095206,-0.90753,0.080597,0.026632,-0.054649,-0.550652,0.378142,-0.74417,-0.500405,-0.863093,-0.068294,-0.668113,0.334781,0.664488,-0.007258,-0.004584,0.004876,-0.035307,-0.055251,0.126841,-0.895015
71,0.087031,0.009041,0.370363,-0.627128,0.238705,-0.741469,-0.313495,-0.948718,-0.040346,-0.7123,0.206842,0.670725,-0.0273,-0.005386,0.012284,1.92723,-1.444915,1.263967,-1.860061,-0.079662,0.029654,0.333928,0.222182,0.470979,0.853702,-0.051379,0.880056,-0.472012,-0.973862,0.060396,0.218651,0.016197,-0.007582,-0.008308,-0.141462,0.671946,0.208899,-1.401144,0.053141,0.0351,-0.013639,-0.020738,-0.561477,0.827231,0.046778,-0.827048,-0.56018,0.998689,0.02708,0.043416,0.000528,-8.4e-05,-0.008683,-0.08677,0.746206,0.50574,-0.907367,0.080402,0.026493,-0.054485,-0.550396,0.376517,-0.745182,-0.496587,-0.865131,-0.070342,-0.671166,0.331332,0.663139,-0.007572,-0.009266,0.009771,1.171359,0.020067,-1.015351,-0.891749
72,0.086283,0.008105,0.37123,-0.622294,0.241437,-0.74465,-0.311392,-0.949076,-0.047563,-0.717444,0.201973,0.666714,-0.016724,-0.030896,0.027156,-0.094441,-0.114291,0.275867,-1.858496,-0.079377,0.02983,0.333451,0.225305,0.446102,0.866153,0.000261,0.889012,-0.457811,-0.974506,0.102789,0.199088,-0.000915,0.006441,-0.011841,4.802642,-1.926982,1.595238,-1.400598,0.053292,0.035176,-0.013882,-0.021158,-0.53942,0.84177,0.004825,-0.842004,-0.539449,0.999764,-0.007352,0.020417,0.00608,0.00465,-0.005679,0.313051,0.758216,0.572936,-0.911939,0.080032,0.02605,-0.054064,-0.543493,0.378775,-0.749095,-0.493528,-0.866056,-0.079845,-0.679003,0.326304,0.657632,-0.00852,-0.015923,0.013243,-0.106006,-0.004772,0.068864,-0.895178
73,0.085673,0.006768,0.372282,-0.617483,0.240139,-0.749062,-0.299767,-0.952219,-0.058229,-0.72649,0.188283,0.660899,-0.004333,-0.035927,0.023736,-0.055937,-0.064058,0.148966,-1.84379,-0.079371,0.03012,0.333002,0.220243,0.421709,0.879571,0.051692,0.895426,-0.442124,-0.974288,0.142287,0.174301,-0.001066,0.006943,-0.011417,-0.109437,0.864298,0.343133,-1.400481,0.053294,0.035328,-0.014107,-0.018165,-0.514365,0.857378,-0.047444,-0.856111,-0.514609,0.998708,-0.050025,-0.008852,-0.000577,0.003606,-0.005575,-0.104597,0.899978,0.368968,-0.914552,0.079715,0.025361,-0.053516,-0.538732,0.376832,-0.753501,-0.482731,-0.87108,-0.090495,-0.690462,0.314986,0.651187,-0.002194,-0.018,0.011851,-0.059604,-0.06091,0.146707,-0.890932
74,0.0854,0.006046,0.372865,-0.616874,0.240005,-0.749607,-0.291665,-0.954255,-0.06558,-0.730293,0.177874,0.659591,-0.017138,-0.031988,0.026424,0.389248,-0.438947,0.586273,-1.82635,-0.07942,0.030333,0.332756,0.216641,0.410409,0.885789,0.077587,0.897255,-0.434567,-0.973373,0.16233,0.161421,-0.001363,0.007932,-0.01058,0.341946,0.439909,0.265604,-1.400042,0.05327,0.035432,-0.014226,-0.013683,-0.502946,0.864209,-0.070622,-0.861645,-0.502572,0.997408,-0.067909,-0.023729,-0.002021,0.01014,-0.008711,1.404729,-0.113975,0.734586,-0.915858,0.079578,0.024997,-0.053226,-0.538447,0.37668,-0.753781,-0.475032,-0.874528,-0.097691,-0.696001,0.305469,0.649822,-0.008569,-0.015942,0.013262,0.428747,-0.510322,0.623111,-0.88636
75,0.084894,0.004624,0.374135,-0.615708,0.242654,-0.749712,-0.281712,-0.95629,-0.078228,-0.735163,0.162729,0.658089,-0.016105,-0.028627,0.028942,-0.043972,0.00297,0.33922,-1.798097,-0.079613,0.030994,0.332183,0.201267,0.386918,0.899877,0.123507,0.901342,-0.415044,-0.971911,0.194163,0.132487,-0.001961,0.00992,-0.008891,1.296434,0.444968,0.757174,-1.327679,0.053173,0.035762,-0.014513,-0.000288,-0.480573,0.876954,-0.11089,-0.87153,-0.477637,0.993832,-0.097383,-0.053041,-0.002057,0.010613,-0.00853,4.873609,-1.553648,0.983661,-0.896753,0.07933,0.024293,-0.052605,-0.536691,0.378847,-0.753947,-0.4652,-0.878319,-0.110193,-0.703953,0.291597,0.647626,-0.008513,-0.019414,0.019101,-0.072849,0.128417,0.161215,-0.869868
76,0.084488,0.003448,0.375301,-0.614643,0.247823,-0.748894,-0.277312,-0.95663,-0.089038,-0.737721,0.152636,0.657645,-0.015871,-0.027809,0.029588,1.926738,-1.406412,1.461612,-1.753829,-0.079885,0.031853,0.331588,0.19105,0.360471,0.912991,0.162276,0.905745,-0.391442,-0.968254,0.222462,0.113394,-0.002651,0.012222,-0.006934,-0.128812,0.918215,0.164451,-1.157187,0.053037,0.03619,-0.014812,0.010466,-0.453194,0.89135,-0.145286,-0.882629,-0.447055,0.989334,-0.124822,-0.075081,-0.002556,0.011909,-0.007176,-0.045224,0.995101,0.48171,-0.824905,0.079128,0.023707,-0.052021,-0.536442,0.383051,-0.751998,-0.461509,-0.87917,-0.118609,-0.706568,0.283428,0.648405,-0.001337,-0.01526,0.01392,1.152788,-0.005368,-0.810924,-0.860234
77,0.084092,0.0026,0.376118,-0.614089,0.249249,-0.748876,-0.271695,-0.95757,-0.095986,-0.740266,0.144206,0.656687,-0.015579,-0.01939,0.019042,-0.064047,-0.037525,0.116798,-1.720134,-0.080011,0.032585,0.331154,0.181908,0.331964,0.925581,0.20483,0.907862,-0.365741,-0.961916,0.255673,0.095983,-0.00242,0.011447,-0.007578,1.427761,0.151398,0.458484,-1.002139,0.052973,0.03656,-0.015025,0.019794,-0.425354,0.90481,-0.180314,-0.891667,-0.41523,0.983409,-0.154931,-0.094347,-0.001124,0.005785,-0.003963,4.993886,-0.961556,0.782173,-0.742117,0.078931,0.023284,-0.051605,-0.533771,0.38499,-0.752907,-0.455261,-0.881137,-0.127803,-0.712618,0.274552,0.645597,-0.007888,-0.009961,0.009333,-0.070581,-0.044665,0.110213,-0.851743
78,0.083854,0.002257,0.376378,-0.612433,0.247295,-0.750877,-0.262165,-0.959574,-0.10227,-0.745056,0.133906,0.653443,-0.002349,-0.014731,0.005944,-0.018142,-0.057203,0.128848,-1.706063,-0.080028,0.032826,0.330952,0.176335,0.320542,0.930672,0.217741,0.909376,-0.35434,-0.960109,0.264698,0.089385,-0.001975,0.009964,-0.008826,-0.099985,0.734833,0.064452,-0.967455,0.052964,0.036683,-0.015125,0.024896,-0.413292,0.910257,-0.192203,-0.895531,-0.401349,0.981039,-0.164962,-0.101731,-0.000919,0.004761,-0.004576,-0.11939,0.832642,0.17336,-0.736892,0.078808,0.023114,-0.051468,-0.532441,0.382735,-0.754995,-0.446171,-0.88487,-0.133923,-0.71933,0.265551,0.641907,-0.008169,-0.010822,0.008706,-0.033457,-0.03276,0.086139,-0.852233
79,0.08341,0.001677,0.376526,-0.607785,0.243787,-0.755785,-0.247925,-0.962371,-0.111119,-0.753683,0.119532,0.646298,-0.016382,-0.00688,-0.005317,4.177455,0.543494,-3.45373,-1.700883,-0.079896,0.033092,0.330736,0.171823,0.294194,0.940169,0.243046,0.912213,-0.329742,-0.954834,0.284764,0.084049,3e-05,-9.9e-05,-8.4e-05,-0.326099,0.164346,0.831532,-0.916021,0.05303,0.036816,-0.015239,0.028248,-0.388633,0.920959,-0.212371,-0.902626,-0.374383,0.97678,-0.185009,-0.108032,0.005243,0.007219,-0.003501,-0.795939,-0.647974,2.341237,-0.752241,0.078593,0.022832,-0.051388,-0.526295,0.381421,-0.759954,-0.437787,-0.887734,-0.142371,-0.728941,0.257769,0.634192,-0.001717,-0.005308,-0.003902,-0.003173,0.028979,-0.020019,-0.852069
80,0.082944,0.001189,0.376235,-0.60005,0.236952,-0.764094,-0.232287,-0.965561,-0.117082,-0.76478,0.106932,0.635378,-0.018323,-0.012745,-0.0097,-0.020393,-0.115997,0.064889,-1.701091,-0.079494,0.033276,0.33084,0.176831,0.268609,0.946875,0.253132,0.917271,-0.307363,-0.951299,0.293669,0.093012,0.02469,0.010175,0.004679,-0.099436,0.071193,-0.059198,-0.890638,0.053223,0.0369,-0.015192,0.023371,-0.363204,0.931416,-0.216909,-0.911319,-0.349924,0.975911,-0.193854,-0.100081,0.006923,-0.001653,0.006249,-0.29615,-0.450943,0.549222,-0.788491,0.07836,0.022584,-0.05153,-0.521789,0.370044,-0.768636,-0.41771,-0.896442,-0.148011,-0.743809,0.243837,0.622325,-0.009169,-0.006409,-0.004867,-0.018289,-0.073925,0.082758,-0.866112
81,0.082653,0.000948,0.375978,-0.596314,0.228742,-0.769501,-0.215677,-0.96893,-0.120957,-0.772523,0.093544,0.62808,-0.019036,-0.014845,-0.0113,1.28405,0.00352,-0.950947,-1.700665,-0.079081,0.033392,0.33104,0.183081,0.252361,0.950151,0.25005,0.922754,-0.293145,-0.95094,0.290909,0.104635,0.026,0.002412,0.015344,-0.786472,-1.526646,2.125196,-0.844694,0.05343,0.036957,-0.015098,0.016922,-0.350715,0.936329,-0.211492,-0.916529,-0.339477,0.977233,-0.192281,-0.089683,0.00653,-0.00035,0.007336,-0.092237,-0.175776,0.215681,-0.790451,0.078207,0.022458,-0.051663,-0.519408,0.361701,-0.774199,-0.402516,-0.902753,-0.151714,-0.753786,0.232826,0.614488,-0.00961,-0.007714,-0.005861,1.305517,0.049432,-0.938246,-0.869868
82,0.081997,0.000488,0.375373,-0.581239,0.218747,-0.783809,-0.194533,-0.972594,-0.127243,-0.789443,0.078238,0.60884,-0.005996,-0.018296,-0.013691,-0.214435,-0.72828,-0.202178,-1.700292,-0.078171,0.03366,0.331573,0.195881,0.219075,0.955839,0.244107,0.933148,-0.26378,-0.949949,0.284693,0.128099,0.025166,0.005054,0.017539,-0.1131,-0.077269,0.095914,-0.725578,0.053885,0.037093,-0.01483,0.000989,-0.317303,0.948323,-0.198879,-0.929442,-0.310778,0.980022,-0.188294,-0.064025,0.0113,0.008419,0.005114,-0.235744,-0.449418,0.629329,-0.761712,0.077879,0.022229,-0.051965,-0.507957,0.350421,-0.786882,-0.381776,-0.910473,-0.159011,-0.772156,0.219642,0.596263,-0.009205,-0.002683,-0.010593,0.021376,-0.269493,0.202887,-0.869705
83,0.081266,0.000201,0.374727,-0.561006,0.221249,-0.797727,-0.180142,-0.973135,-0.143278,-0.807302,0.063042,0.586785,-0.017487,-0.002311,-0.019005,-0.003772,-0.307464,0.214492,-1.687984,-0.077138,0.033935,0.332246,0.214041,0.178445,0.960383,0.231303,0.945947,-0.227194,-0.949258,0.270517,0.15998,0.037669,0.009409,0.019196,-0.74884,-1.884576,1.926576,-0.634646,0.054396,0.037232,-0.014492,-0.016935,-0.281044,0.959545,-0.179128,-0.943303,-0.279448,0.983679,-0.176614,-0.034368,0.013496,-0.002218,0.013348,-0.14783,-0.662067,-0.350269,-0.752078,0.077516,0.022072,-0.052291,-0.48583,0.347295,-0.802093,-0.367456,-0.913791,-0.17309,-0.793059,0.210642,0.571564,-0.008637,-0.000871,-0.009273,0.004103,-0.272587,0.258475,-0.872154
84,0.080453,0.000158,0.37412,-0.553592,0.211347,-0.805552,-0.17473,-0.975186,-0.13584,-0.813588,0.065284,0.577788,-0.016487,0.000847,-0.016678,-0.590502,-0.299835,-0.496465,-1.625769,-0.075865,0.034026,0.333119,0.23583,0.148765,0.960335,0.176665,0.965173,-0.192779,-0.95584,0.214908,0.200116,0.027317,-0.005493,0.025798,-1.907165,-0.315702,-0.112533,-0.492829,0.055036,0.037286,-0.014056,-0.043846,-0.252349,0.966642,-0.118702,-0.959402,-0.255843,0.991961,-0.12596,0.012111,0.018877,0.0047,0.009234,-6.169237,-0.82778,0.759555,-0.723175,0.077108,0.022048,-0.052597,-0.481519,0.338487,-0.808433,-0.362713,-0.916674,-0.167768,-0.797858,0.212446,0.56417,-0.014914,0.001786,-0.007466,-1.501056,1.261925,-1.540486,-0.849783
85,0.08001,0.000204,0.373865,-0.551656,0.211217,-0.806913,-0.177489,-0.974953,-0.133927,-0.814308,0.069067,0.576333,-0.015675,0.003333,-0.014812,-0.072181,-0.545789,0.132935,-1.593834,-0.07526,0.033913,0.333644,0.254305,0.135142,0.957631,0.146903,0.973289,-0.176243,-0.956164,0.185304,0.226443,0.027464,-0.005952,0.025403,-1.384421,-1.897986,1.634586,-0.421544,0.055337,0.037231,-0.013792,-0.061912,-0.242476,0.968179,-0.085021,-0.965233,-0.247175,0.994453,-0.097619,0.039144,0.014917,-0.008485,0.016657,-1.952906,-0.616667,-0.648397,-0.67974,0.076886,0.022068,-0.052726,-0.479842,0.337201,-0.809967,-0.365606,-0.916067,-0.164779,-0.797548,0.217061,0.56285,-0.014922,-0.001863,-0.001736,-0.159503,-0.761738,-0.037,-0.843415
86,0.079248,0.000313,0.373536,-0.554335,0.209905,-0.805418,-0.18247,-0.974761,-0.128518,-0.811382,0.075454,0.579649,-0.015478,-0.003422,-0.002951,-1.538383,1.283945,-1.696267,-1.494743,-0.074433,0.033575,0.334661,0.291317,0.128311,0.947978,0.066042,0.985888,-0.153616,-0.95465,0.107174,0.277526,0.014441,-0.008738,0.025026,-0.847754,-0.545171,-0.430802,-0.329936,0.055757,0.037061,-0.013285,-0.102657,-0.237355,0.965983,-4.7e-05,-0.971112,-0.23862,0.994716,-0.024541,0.09968,0.00714,-0.004208,0.012617,-2.601001,-1.718961,0.958266,-0.560048,0.076505,0.022126,-0.052895,-0.479875,0.337154,-0.809966,-0.370335,-0.914773,-0.161371,-0.795343,0.222521,0.563837,-0.0074,0.002985,-0.006403,0.044356,-0.078685,0.146572,-0.825943
87,0.078865,0.000241,0.373294,-0.558303,0.20841,-0.803061,-0.180528,-0.975236,-0.127653,-0.809089,0.07344,0.583103,-0.015209,-0.002575,-0.00232,0.111719,0.311214,0.303985,-1.4531,-0.073745,0.033424,0.335627,0.33515,0.137223,0.932113,-0.004833,0.989559,-0.143819,-0.942511,0.043503,0.331126,0.011474,0.004047,0.018499,-6.136184,-1.50444,-0.365252,-0.301919,0.056107,0.036981,-0.012793,-0.147074,-0.249515,0.957136,0.070351,-0.967847,-0.241497,0.98662,0.031818,0.159899,0.005815,0.002011,0.009009,-6.125972,-1.550848,-0.441263,-0.506488,0.076309,0.022091,-0.053015,-0.485142,0.334215,-0.808044,-0.368964,-0.916026,-0.157354,-0.79278,0.221801,0.567716,-0.007547,-0.001141,-0.001041,0.150512,0.474947,0.401274,-0.826269
88,0.078802,0.000182,0.373248,-0.559817,0.205267,-0.802817,-0.17612,-0.976148,-0.12684,-0.809012,0.070122,0.583617,-0.000908,-0.00268,-0.002047,0.007514,-0.083065,0.180665,-1.440398,-0.073426,0.033311,0.33609,0.355421,0.146407,0.923164,-0.0466,0.989188,-0.138812,-0.933926,0.006114,0.357223,0.014306,-0.008337,0.025335,-2.592522,-2.30881,0.868168,-0.278503,0.05626,0.03693,-0.012569,-0.164988,-0.26048,0.951277,0.111415,-0.963243,-0.244433,0.979982,0.065658,0.187945,0.005997,0.001441,0.008614,-5.145658,0.065271,-2.289487,-0.4882,0.076276,0.02206,-0.053039,-0.488287,0.332316,-0.806933,-0.364769,-0.917728,-0.157218,-0.792791,0.217577,0.569333,-0.000482,-0.001435,-0.001088,0.000439,-0.018277,-0.005071,-0.832148
89,0.079046,6e-05,0.3732,-0.565294,0.193379,-0.80193,-0.160294,-0.979332,-0.123231,-0.808488,0.058636,0.585607,0.013554,-0.002328,-0.001422,0.000983,-0.014704,0.029537,-1.396283,-0.072841,0.033123,0.336876,0.390779,0.166781,0.905244,-0.132394,0.983389,-0.123899,-0.911335,-0.071659,0.405212,0.012862,-0.000302,0.014878,-5.070692,-0.276827,-2.169964,-0.23821,0.056552,0.036837,-0.01217,-0.205044,-0.281144,0.937504,0.19432,-0.950481,-0.242536,0.959268,0.132446,0.249523,0.006504,-0.000447,0.007208,-0.368627,-1.046059,-0.172463,-0.441499,0.076398,0.021997,-0.053064,-0.495851,0.321674,-0.806632,-0.349989,-0.924111,-0.153378,-0.794756,0.20626,0.570804,0.006854,-0.00094,-0.000541,0.004183,-0.01816,0.034562,-0.835904
90,0.079729,2.4e-05,0.373163,-0.575888,0.181922,-0.797059,-0.144626,-0.982199,-0.119751,-0.803943,0.046079,0.592941,0.027934,-0.002154,-0.000947,0.019555,0.033106,0.089531,-1.385766,-0.072329,0.033208,0.337225,0.420122,0.197876,0.885626,-0.213147,0.970133,-0.115515,-0.882533,-0.140501,0.448617,0.011749,0.006691,0.003567,-0.306334,-0.989199,0.119119,-0.232637,0.056802,0.036881,-0.011993,-0.232289,-0.315006,0.920223,0.277815,-0.928177,-0.247601,0.932126,0.198137,0.303119,-0.000315,0.001135,0.000847,-4.771914,-0.441357,-2.243834,-0.4237,0.076724,0.02198,-0.053082,-0.508856,0.312537,-0.802112,-0.33528,-0.930144,-0.149724,-0.792875,0.192745,0.578097,0.007366,0.000592,0.000618,0.025488,0.049451,0.06736,-0.843578
91,0.080444,0.000161,0.373308,-0.588754,0.168731,-0.790534,-0.123748,-0.985235,-0.118193,-0.798077,0.028023,0.601926,0.016311,0.006009,0.004908,0.443459,0.204873,-0.159432,-1.363676,-0.071999,0.033221,0.33734,0.438706,0.23024,0.868629,-0.288262,0.951575,-0.106506,-0.851612,-0.20397,0.482718,0.000436,-0.001333,-0.001097,-1.327399,-0.626854,-0.382204,-0.206377,0.056976,0.036889,-0.011929,-0.252128,-0.348405,0.902798,0.352083,-0.902024,-0.249779,0.90137,0.254884,0.350092,0.000294,-0.000931,-0.000762,-1.337378,-0.584312,-0.361651,-0.400676,0.077097,0.022047,-0.05301,-0.524098,0.302148,-0.796258,-0.315627,-0.937283,-0.147914,-0.791011,0.173799,0.586595,0.008235,0.003239,0.002625,0.448397,0.196963,-0.161978,-0.85158
92,0.080825,0.000264,0.37342,-0.594663,0.160568,-0.787807,-0.113459,-0.986786,-0.115548,-0.795214,0.020465,0.606006,0.016504,0.006652,0.00538,0.010305,0.002723,0.070022,-1.309666,-0.071871,0.033128,0.337352,0.445346,0.25295,0.85888,-0.333355,0.937122,-0.103008,-0.831462,-0.240768,0.500564,0.003321,-0.013763,0.005731,-4.735723,-0.484247,-2.613579,-0.196862,0.057034,0.036847,-0.011926,-0.257498,-0.367062,0.893845,0.390534,-0.885654,-0.251194,0.883842,0.284395,0.371404,0.00068,-0.002107,-0.001729,-1.359288,-0.496396,-0.376653,-0.390879,0.077288,0.022101,-0.052952,-0.531867,0.295345,-0.793654,-0.305748,-0.940964,-0.145268,-0.789705,0.165395,0.590769,0.008306,0.003485,0.002804,0.00218,-0.051541,0.048977,-0.841945
93,0.081533,0.000587,0.373537,-0.60941,0.145537,-0.779413,-0.099293,-0.989258,-0.107153,-0.785881,0.011901,0.618286,0.016029,0.005332,0.00435,-0.098552,0.109284,0.113483,-1.208934,-0.071613,0.033081,0.33724,0.459566,0.290943,0.839132,-0.416283,0.90515,-0.08571,-0.785026,-0.310301,0.536013,0.000673,-0.002051,-0.001691,-4.73052,-0.508257,-2.487871,-0.179579,0.057167,0.036811,-0.011985,-0.271896,-0.405664,0.872644,0.471951,-0.846477,-0.246451,0.83865,0.344836,0.421607,0.006854,0.00034,-0.000695,-2.592596,-2.478923,1.167132,-0.371447,0.077638,0.022267,-0.052891,-0.549411,0.283205,-0.786093,-0.292475,-0.94647,-0.136569,-0.782691,0.15488,0.602831,0.008444,0.007683,-0.002529,-0.430962,0.49507,-0.500526,-0.810757
94,0.082026,0.000919,0.373415,-0.618589,0.133831,-0.774262,-0.084815,-0.990982,-0.103597,-0.780379,0.001412,0.625327,0.013796,-0.001396,-0.000746,0.011119,-0.088553,0.214494,-1.177248,-0.071309,0.033181,0.33725,0.479089,0.326797,0.814659,-0.489694,0.869736,-0.060768,-0.728971,-0.370238,0.575663,0.012666,0.003901,0.001263,0.096841,-1.119717,0.39319,-0.170787,0.05732,0.036857,-0.011983,-0.290794,-0.442779,0.848165,0.550479,-0.802483,-0.230198,0.782566,0.399958,0.477098,0.007499,-0.003436,0.004731,-0.247741,-0.986049,-0.021174,-0.359364,0.077883,0.022441,-0.052939,-0.561047,0.273364,-0.781343,-0.278728,-0.951166,-0.132637,-0.779446,0.143367,0.609843,0.000735,0.005951,-0.003995,0.044065,-0.129104,0.188518,-0.818431
95,0.082166,0.001006,0.373293,-0.622938,0.124317,-0.772359,-0.068631,-0.992149,-0.104409,-0.778504,-0.012195,0.627542,0.000677,0.009505,-0.009782,0.054761,-0.09047,0.192649,-1.170155,-0.071114,0.033211,0.33731,0.484645,0.348713,0.802191,-0.532532,0.845147,-0.045512,-0.694421,-0.405579,0.594263,0.01507,-0.00702,0.009331,-1.388506,-0.692947,-0.308993,-0.149279,0.057411,0.036876,-0.011956,-0.298668,-0.463358,0.834323,0.58813,-0.777855,-0.221461,0.751598,0.424547,0.504835,0.006257,0.002163,0.000807,-1.696812,-1.19355,0.300347,-0.34777,0.077958,0.022485,-0.053,-0.567205,0.264892,-0.779813,-0.263111,-0.955525,-0.133203,-0.780416,0.129624,0.611675,0.000185,0.00427,-0.005261,0.15545,-0.110155,0.09533,-0.826433
96,0.082235,0.001057,0.373028,-0.62664,0.110841,-0.771416,-0.051733,-0.993547,-0.100803,-0.776834,-0.023405,0.629292,-0.000287,0.006563,-0.012005,0.033776,-0.004963,-0.009803,-1.167146,-0.070549,0.033232,0.337449,0.483005,0.403497,0.777102,-0.615287,0.787816,-0.026482,-0.62348,-0.46586,0.627782,0.012802,0.003498,0.000924,-0.114756,-1.251552,0.286686,-0.099631,0.057699,0.036886,-0.011881,-0.294178,-0.515316,0.804927,0.671765,-0.710554,-0.209388,0.679846,0.479125,0.5552,0.006395,0.001744,0.000454,-1.2777,-0.714683,-0.175634,-0.308254,0.077997,0.022506,-0.053136,-0.573217,0.252331,-0.779584,-0.246944,-0.960368,-0.129271,-0.781307,0.118413,0.61281,-0.007155,-0.000106,-0.000233,-5.2e-05,0.011904,-0.02554,-0.839986
97,0.082095,0.001026,0.372913,-0.630577,0.098616,-0.769866,-0.039596,-0.994671,-0.09505,-0.774355,-0.029582,0.632081,-0.001028,-0.003134,-0.002372,-0.000847,0.012879,-0.025768,-1.158769,-0.070083,0.033175,0.337668,0.478184,0.444312,0.757573,-0.676927,0.735993,-0.004224,-0.560021,-0.511361,0.651727,0.002117,-0.010011,0.008823,-1.163323,-0.721964,-0.171647,-0.069098,0.057936,0.036861,-0.011775,-0.290215,-0.554914,0.779644,0.730348,-0.654874,-0.194243,0.618357,0.513039,0.595335,0.006209,0.002377,0.000956,-4.101665,-0.578797,-2.804992,-0.263349,0.077931,0.02249,-0.0532,-0.579506,0.241166,-0.778466,-0.23545,-0.964023,-0.123376,-0.780214,0.111792,0.61544,-0.000416,-0.001279,-0.000965,-2.9e-05,-0.001267,0.002636,-0.842762
