frame,MLTx,MLTy,MLTz,MLTR1,MLTR2,MLTR3,MLTR4,MLTR5,MLTR6,MLTR7,MLTR8,MLTR9,MLTTVx,MLTTVy,MLTTVz,MLTRVx,MLTRVy,MLTRVz,MLGA,MRTx,MRTy,MRTz,MRTR1,MRTR2,MRTR3,MRTR4,MRTR5,MRTR6,MRTR7,MRTR8,MRTR9,MRTTVx,MRTTVy,MRTTVz,MRTRVx,MRTRVy,MRTRVz,MRGA,SLTx,SLTy,SLTz,SLTR1,SLTR2,SLTR3,SLTR4,SLTR5,SLTR6,SLTR7,SLTR8,SLTR9,SLTTVx,SLTTVy,SLTTVz,SLTRVx,SLTRVy,SLTRVz,SLGA,SRTx,SRTy,SRTz,SRTR1,SRTR2,SRTR3,SRTR4,SRTR5,SRTR6,SRTR7,SRTR8,SRTR9,SRTTVx,SRTTVy,SRTTVz,SRTRVx,SRTRVy,SRTRVz,SRGA
166,0.12244,-0.009416,0.369173,0.503405,-0.674849,-0.539635,0.838535,0.532201,0.116587,0.207896,-0.510352,0.834474,0.003821,0.002497,0.036065,-0.061903,-0.096262,0.221018,-1.897639,-0.236603,-0.008579,0.348206,0.551267,0.540319,0.635729,-0.729885,0.681387,0.053969,-0.40469,-0.494441,0.769166,-0.013453,-0.007364,0.012089,-0.038047,0.029886,-0.045363,-1.40832,0.011333,0.043285,-0.020311,-0.537393,-0.575447,0.616496,0.763134,-0.642955,0.065071,0.358935,0.505438,0.784663,0.000241,-0.004168,0.005383,-0.034122,0.015732,-0.015093,-0.905055,0.075657,0.048167,-0.041834,-0.487421,0.678989,-0.548993,-0.850529,-0.511438,0.122599,-0.197533,0.526692,0.826786,0.008689,0.000199,0.017226,-0.067299,-0.015465,0.040622,-1.199618
167,0.123061,-0.009454,0.370664,0.4989,-0.676487,-0.541765,0.8416,0.527386,0.116381,0.206375,-0.513169,0.833123,0.017604,0.001671,0.03529,-0.060849,-0.110449,0.250826,-1.897899,-0.237127,-0.008801,0.348639,0.548044,0.546106,0.633567,-0.73566,0.675095,0.054636,-0.398549,-0.496721,0.770902,-0.013353,-0.006846,0.012526,0.024514,-0.139761,-0.109926,-1.40851,0.011071,0.043172,-0.020096,-0.533958,-0.580706,0.614547,0.7684,-0.636541,0.066146,0.352773,0.507538,0.786101,-0.006806,-0.004019,0.005764,0.060785,-0.193173,-0.170114,-0.907667,0.075963,0.048153,-0.041084,-0.483018,0.680381,-0.551157,-0.853384,-0.506717,0.122359,-0.19603,0.52945,0.825381,0.00854,-0.004558,0.022066,-0.101243,0.003098,0.025459,-1.203374
168,0.123851,-0.009542,0.372253,0.494349,-0.6799,-0.541665,0.844835,0.522464,0.11514,0.204108,-0.513689,0.833361,0.017858,-0.005003,0.04709,-0.097368,0.00285,0.059974,-1.898273,-0.237653,-0.008964,0.349003,0.546624,0.548743,0.632515,-0.737211,0.673535,0.052954,-0.397629,-0.495934,0.771883,-0.013433,0.003473,0.003452,0.005293,-0.003687,-0.040107,-1.408838,0.010803,0.043089,-0.019909,-0.532271,-0.583758,0.613117,0.770035,-0.63477,0.064122,0.351757,0.506252,0.787384,-0.006718,0.001762,0.001757,-0.010939,0.026257,-0.028435,-0.906687,0.076358,0.048108,-0.040297,-0.47832,0.68384,-0.550974,-0.856516,-0.501789,0.120778,-0.19388,0.529689,0.825735,0.009125,0.002773,0.01901,-0.075355,-0.036226,0.069847,-1.2037
169,0.124222,-0.009525,0.373064,0.492112,-0.684211,-0.538263,0.846576,0.520179,0.112669,0.202299,-0.510273,0.835897,0.017907,-0.004567,0.047325,-0.030617,0.160342,0.133137,-1.898437,-0.237966,-0.008997,0.349174,0.545857,0.551154,0.631079,-0.738156,0.672634,0.051211,-0.396926,-0.494483,0.773175,-0.027283,0.004932,0.005187,0.047384,-0.102517,-0.134839,-1.408917,0.010646,0.043073,-0.019823,-0.531407,-0.585851,0.61187,0.770888,-0.633888,0.062581,0.351194,0.504939,0.788478,-0.013644,0.002484,0.002617,0.050716,-0.109003,-0.137509,-0.906851,0.076544,0.048118,-0.03989,-0.476146,0.687883,-0.547815,-0.858091,-0.499654,0.118423,-0.192257,0.526462,0.828175,0.00914,0.002962,0.019103,0.025731,0.189645,0.168133,-1.203537
170,0.12482,-0.009403,0.374698,0.48709,-0.698044,-0.524903,0.8506,0.515449,0.103752,0.197538,-0.496149,0.845484,0.018224,-0.002563,0.048615,0.142553,0.558247,0.347494,-1.897986,-0.238712,-0.009029,0.349469,0.544164,0.553941,0.6301,-0.739735,0.671056,0.04908,-0.396308,-0.493513,0.774111,-0.027418,0.00428,0.004618,-0.0032,0.028098,-0.059816,-1.408523,0.010274,0.043057,-0.019675,-0.529474,-0.588695,0.610814,0.77252,-0.632107,0.060429,0.350526,0.503862,0.789463,-0.013718,0.002125,0.002307,-0.011908,0.044876,-0.052873,-0.909627,0.076842,0.048179,-0.039074,-0.471219,0.70091,-0.535422,-0.861738,-0.495272,0.110056,-0.188041,0.513254,0.837382,0.002181,-0.001068,0.024481,0.273337,0.846639,0.382412,-1.20566
171,0.125391,-0.009287,0.37642,0.481043,-0.709295,-0.515309,0.854029,0.511903,0.092529,0.197567,-0.483715,0.852651,0.01837,-0.001414,0.049246,-0.041795,0.120597,0.145243,-1.898909,-0.239517,-0.009153,0.349876,0.542191,0.556798,0.629282,-0.741604,0.669133,0.047091,-0.395514,-0.492912,0.7749,-0.0134,-0.006972,0.012399,-0.036349,0.025642,-0.047802,-1.408796,0.009871,0.042994,-0.019473,-0.527348,-0.591442,0.609998,0.774322,-0.630082,0.058493,0.349754,0.503182,0.790239,-0.006699,-0.003443,0.006249,-0.046395,0.044725,-0.040202,-0.910606,0.077128,0.048236,-0.038213,-0.46442,0.713659,-0.524408,-0.865401,-0.491491,0.097544,-0.188129,0.499125,0.84586,0.002455,0.004671,0.020186,-0.059688,0.153981,-0.086753,-1.207456
172,0.125637,-0.00925,0.377339,0.476167,-0.714482,-0.512665,0.855662,0.51086,0.082676,0.202244,-0.477145,0.855252,0.004862,0.000567,0.050653,0.598285,-0.156867,0.539882,-1.897858,-0.239911,-0.009275,0.350161,0.542935,0.559014,0.626671,-0.742727,0.667826,0.047941,-0.392369,-0.492179,0.776962,-0.013222,-0.006123,0.013115,-0.024223,-0.00629,-0.066032,-1.408841,0.009679,0.042934,-0.019336,-0.528001,-0.593725,0.607211,0.775301,-0.628798,0.059332,0.346586,0.502099,0.792322,-0.013483,-0.002024,0.00769,-0.03575,0.020862,-0.064944,-0.91126,0.077257,0.048255,-0.037753,-0.459982,0.718219,-0.522088,-0.86686,-0.490562,0.088891,-0.192274,0.493466,0.848245,0.009236,-0.000229,0.02491,1.988645,-1.04143,1.355495,-1.207129
173,0.126072,-0.009376,0.379377,0.471662,-0.717632,-0.51243,0.857003,0.509838,0.074716,0.207058,-0.4735,0.856126,0.004636,-0.000455,0.04971,-0.095831,0.01905,0.032272,-1.898561,-0.240651,-0.009576,0.350816,0.540963,0.561761,0.62592,-0.744861,0.665539,0.046623,-0.391042,-0.492152,0.777647,-0.012979,-0.01547,0.023016,0.00945,-0.185904,-0.159473,-1.408751,0.009303,0.04278,-0.019005,-0.525897,-0.595722,0.607079,0.777235,-0.626481,0.058538,0.345451,0.502628,0.792481,-0.006496,-0.007712,0.011541,0.042941,-0.248633,-0.183212,-0.911913,0.077475,0.048197,-0.036731,-0.454745,0.721496,-0.522158,-0.868365,-0.489433,0.079978,-0.197858,0.489794,0.849089,0.008915,-0.005961,0.029028,-0.16224,0.067639,-0.150981,-1.205823
174,0.126522,-0.009714,0.381642,0.465949,-0.717922,-0.517228,0.858858,0.507491,0.069199,0.212237,-0.475573,0.853706,0.004622,-0.008746,0.060248,0.038844,-0.108228,0.124804,-1.897983,-0.241345,-0.009796,0.351431,0.539061,0.562398,0.626988,-0.746526,0.663665,0.046721,-0.39049,-0.493956,0.776781,-0.013002,-0.005068,0.013994,-0.037991,0.030036,-0.045294,-1.408849,0.008962,0.042675,-0.018701,-0.523917,-0.596707,0.607824,0.778914,-0.624405,0.058404,0.344678,0.504041,0.79192,-0.006433,-0.002172,0.007318,-0.03739,0.019169,-0.018438,-0.912892,0.077699,0.048028,-0.035604,-0.449212,0.721336,-0.527145,-0.870103,-0.48715,0.074861,-0.202799,0.492299,0.84647,0.009081,-0.004898,0.029694,0.516077,-0.477131,0.494916,-1.2037
175,0.126712,-0.010052,0.383903,0.459893,-0.720427,-0.519161,0.861436,0.503805,0.063873,0.214975,-0.4757,0.852949,0.004109,-0.011415,0.058199,-0.138081,0.020975,0.007697,-1.89853,-0.241908,-0.00988,0.351942,0.537549,0.562912,0.627824,-0.747806,0.662221,0.04671,-0.390119,-0.495309,0.776105,-0.012839,-0.004329,0.014608,-0.03629,0.016447,-0.019941,-1.408387,0.00868,0.042632,-0.018446,-0.522397,-0.597126,0.608721,0.780113,-0.622902,0.058446,0.344274,0.505403,0.791228,-0.006476,0.002834,0.002633,-0.001786,0.015302,-0.028849,-0.911749,0.077796,0.047865,-0.034469,-0.442999,0.723729,-0.529119,-0.872587,-0.483532,0.06919,-0.205771,0.492353,0.845721,0.002004,-0.005811,0.029025,-0.151654,0.011846,-0.001719,-1.205986
176,0.126706,-0.010244,0.384972,0.455255,-0.720625,-0.52296,0.862578,0.502521,0.058342,0.220196,-0.476756,0.851025,-0.009609,-0.011203,0.058406,0.038555,-0.092291,0.095529,-1.898405,-0.242132,-0.009916,0.352146,0.536917,0.563126,0.628172,-0.748336,0.661624,0.046693,-0.389973,-0.495863,0.775824,-0.012963,0.005521,0.005116,-0.000328,0.001559,-0.003922,-1.408511,0.008568,0.042611,-0.018339,-0.521755,-0.597309,0.609092,0.780621,-0.622264,0.058463,0.344096,0.505973,0.790941,0.000299,-0.003817,0.005685,-0.035727,0.014944,-0.015696,-0.913219,0.077794,0.047765,-0.033912,-0.438388,0.723699,-0.532986,-0.873702,-0.482256,0.063815,-0.210853,0.493647,0.843713,-0.004864,-0.005747,0.029099,0.047212,-0.100693,0.100149,-1.206313
177,0.126754,-0.010746,0.387137,0.45633,-0.715584,-0.528912,0.858514,0.5103,0.050198,0.233422,-0.476093,0.847866,0.003581,-0.014216,0.056077,0.455184,-0.388298,0.376208,-1.898149,-0.242563,-0.009979,0.35259,0.535593,0.563572,0.628903,-0.749446,0.660368,0.046666,-0.38966,-0.497032,0.775234,0.001125,-0.005329,0.01329,-0.034235,0.0013,0.009335,-1.408748,0.008347,0.042581,-0.018122,-0.520428,-0.597691,0.609851,0.781652,-0.620969,0.05845,0.343764,0.507111,0.790356,-0.006415,-0.002116,0.007347,-0.037843,0.030148,-0.045047,-0.911259,0.077817,0.047519,-0.032852,-0.440091,0.718568,-0.538496,-0.869704,-0.49033,0.05648,-0.223456,0.493189,0.840732,0.001856,-0.006579,0.028405,1.841237,-1.375622,1.322773,-1.209906
178,0.126923,-0.01137,0.389434,0.459179,-0.717123,-0.524342,0.857759,0.511429,0.051596,0.230599,-0.472556,0.850613,0.003557,-0.014291,0.055932,-0.058094,0.212224,0.087499,-1.898058,-0.242986,-0.010153,0.353193,0.534123,0.564014,0.629756,-0.750811,0.658796,0.046956,-0.389047,-0.498618,0.774523,-0.012689,-0.003677,0.015135,-0.037998,0.030133,-0.045244,-1.40832,0.008141,0.042496,-0.01782,-0.519004,-0.598046,0.610716,0.782897,-0.619364,0.058813,0.343083,0.508653,0.789661,-0.006269,-0.006639,0.012428,-0.072122,0.031499,-0.035768,-0.91028,0.0779,0.047215,-0.031729,-0.442614,0.719763,-0.53482,-0.868885,-0.491675,0.057386,-0.221654,0.490097,0.843014,0.001766,-0.007027,0.028047,0.015029,0.369173,0.142068,-1.20566
179,0.126962,-0.011657,0.390445,0.460716,-0.718308,-0.521364,0.856238,0.514326,0.047924,0.23316,-0.467595,0.852654,0.003439,-0.006518,0.044784,0.011223,0.280141,0.138748,-1.898184,-0.243187,-0.010313,0.353599,0.533411,0.566283,0.628321,-0.751932,0.657593,0.045868,-0.387854,-0.497634,0.775753,-0.012553,-0.013431,0.024707,-0.006377,-0.140709,-0.165217,-1.408652,0.008045,0.042419,-0.017627,-0.5183,-0.599639,0.609752,0.783769,-0.618322,0.058151,0.342154,0.508045,0.790456,-0.00618,-0.006226,0.012767,0.068016,-0.315759,-0.213482,-0.911096,0.077923,0.047059,-0.031176,-0.444141,0.721396,-0.531343,-0.867472,-0.494588,0.053611,-0.224122,0.484737,0.845457,0.001646,-0.003461,0.022252,0.019046,0.301595,0.144659,-1.205823
180,0.126993,-0.012334,0.39242,0.453005,-0.729107,-0.513063,0.859303,0.510351,0.033359,0.236963,-0.455079,0.858358,-0.010837,-0.009611,0.042786,0.701997,0.092454,0.542047,-1.89789,-0.243536,-0.010621,0.354473,0.532308,0.566478,0.62908,-0.753337,0.655902,0.047002,-0.386637,-0.499643,0.775069,-0.011963,-0.010801,0.026896,-0.072203,0.031479,-0.035889,-1.408559,0.00787,0.042265,-0.017197,-0.517067,-0.600429,0.610021,0.785236,-0.616389,0.058886,0.340653,0.509458,0.790193,-0.005944,2e-06,0.009102,-0.037577,0.019348,-0.018727,-0.909137,0.077941,0.046735,-0.030222,-0.437823,0.731267,-0.523028,-0.870199,-0.490897,0.042094,-0.225971,0.473569,0.851274,0.001044,-0.010962,0.025334,0.085,0.603698,0.222201,-1.206313
181,0.127134,-0.013119,0.394172,0.455021,-0.733013,-0.505661,0.857714,0.513363,0.027534,0.238846,-0.445327,0.862939,0.001654,-0.024618,0.048856,-0.049193,0.247218,0.067534,-1.898214,-0.243942,-0.010942,0.355417,0.530945,0.566756,0.629981,-0.754943,0.653972,0.048106,-0.385372,-0.501856,0.774269,-0.011936,-0.010688,0.026976,-0.072212,0.031552,-0.03585,-1.408378,0.007663,0.042103,-0.016713,-0.51569,-0.600626,0.610991,0.786738,-0.614354,0.060093,0.339272,0.51168,0.789352,-0.005946,-1.5e-05,0.009077,-0.036176,0.016706,-0.019686,-0.9093,0.078008,0.046339,-0.029329,-0.438056,0.736295,-0.515728,-0.868925,-0.49384,0.033014,-0.23038,0.462592,0.856115,0.000807,-0.008044,0.019119,-0.000567,0.288098,0.074559,-1.194719
182,0.127261,-0.014041,0.395955,0.456582,-0.735457,-0.500681,0.856306,0.515933,0.022916,0.240903,-0.438282,0.865969,0.001727,-0.015806,0.038435,0.56209,-0.279709,0.411028,-1.898048,-0.24446,-0.011233,0.356378,0.527407,0.56744,0.632334,-0.756864,0.651865,0.046488,-0.386459,-0.503824,0.772447,-0.011855,-4.8e-05,0.018103,-0.034955,0.017785,-0.020924,-1.408204,0.007409,0.041958,-0.016239,-0.512156,-0.601149,0.613445,0.788568,-0.61216,0.058473,0.340375,0.513691,0.787569,-0.005973,-0.005295,0.013528,-0.061658,0.040478,-0.044973,-0.912729,0.07807,0.045881,-0.028455,-0.440988,0.738983,-0.509345,-0.867525,-0.496434,0.030846,-0.230062,0.455473,0.860008,0.000653,-0.013127,0.023889,-0.083332,0.092719,0.190434,-1.191127
183,0.127282,-0.014458,0.396829,0.45959,-0.734508,-0.499319,0.853969,0.519865,0.021183,0.243454,-0.435223,0.866797,0.001608,-0.024885,0.048702,-0.008224,0.357864,0.078098,-1.897973,-0.244745,-0.011337,0.356819,0.526817,0.567555,0.632722,-0.757557,0.651026,0.046964,-0.385905,-0.504779,0.772101,-0.011953,-0.010775,0.02688,-0.072196,0.031634,-0.035809,-1.408408,0.007266,0.041906,-0.016018,-0.511609,-0.601233,0.613819,0.789199,-0.611293,0.059026,0.339735,0.514624,0.787236,-0.012909,-0.004612,0.014322,-0.074918,0.046258,-0.06439,-0.912076,0.07808,0.045669,-0.02802,-0.442653,0.736942,-0.510856,-0.865238,-0.500601,0.027574,-0.235415,0.454218,0.859223,0.000778,-0.012436,0.02435,0.133704,0.679448,0.176852,-1.189821
184,0.127479,-0.01493,0.398446,0.458314,-0.734817,-0.500038,0.855014,0.518101,0.022204,0.242191,-0.4368,0.866358,0.016391,-0.010424,0.041807,-0.103505,0.002418,0.027991,-1.89727,-0.24533,-0.01146,0.357601,0.522017,0.56834,0.635987,-0.759031,0.649604,0.042683,-0.389516,-0.50573,0.769661,-0.011989,-0.000705,0.017525,-0.036226,0.016797,-0.019762,-1.408455,0.006969,0.041842,-0.015616,-0.506815,-0.601809,0.617223,0.790731,-0.609704,0.054808,0.34334,0.515835,0.784876,-0.012933,0.000379,0.009605,-0.04038,0.030291,-0.047184,-0.910606,0.078178,0.045411,-0.027183,-0.441257,0.738225,-0.510211,-0.866405,-0.498557,0.027949,-0.233737,0.454382,0.859594,0.008216,-0.004971,0.021059,-0.105572,-0.001086,0.026269,-1.188678
185,0.127853,-0.014866,0.399962,0.460558,-0.737747,-0.49362,0.854024,0.519829,0.019799,0.241425,-0.429762,0.870084,0.004483,0.007945,0.037729,0.1101,0.40353,0.189494,-1.897297,-0.245938,-0.011608,0.358309,0.520543,0.568733,0.636843,-0.760424,0.647945,0.043088,-0.388767,-0.507416,0.76893,-0.012647,-0.003581,0.01514,-0.037998,0.030128,-0.045249,-1.408408,0.006666,0.041772,-0.015258,-0.505382,-0.602123,0.618089,0.792012,-0.607994,0.055301,0.342497,0.517483,0.784159,-0.006252,-0.001425,0.007881,-0.03624,0.016827,-0.019697,-0.905871,0.078363,0.045436,-0.026442,-0.443684,0.740341,-0.505013,-0.865276,-0.500603,0.02632,-0.233325,0.448654,0.862709,0.008928,0.003305,0.018323,0.247054,0.645589,0.26977,-1.187208
186,0.127989,-0.014709,0.400685,0.459198,-0.741415,-0.489372,0.855191,0.517987,0.017586,0.239886,-0.425658,0.872523,0.004575,0.008515,0.03802,0.179482,0.588173,0.271125,-1.897084,-0.246253,-0.011659,0.358635,0.519747,0.57107,0.6354,-0.761449,0.646832,0.041691,-0.387821,-0.506212,0.7702,-0.012516,-0.003027,0.015589,-0.022814,-0.013298,-0.068881,-1.408279,0.006503,0.041743,-0.015091,-0.504433,-0.6046,0.616445,0.793021,-0.606816,0.053768,0.341561,0.515977,0.785559,-0.006268,-0.001505,0.007812,-0.03716,0.013793,-0.059902,-0.905708,0.078433,0.045521,-0.026064,-0.442264,0.743847,-0.501091,-0.866392,-0.498772,0.024276,-0.231873,0.444879,0.865053,0.002302,0.004463,0.019136,0.1552,0.538516,0.258292,-1.186065
187,0.128525,-0.014482,0.40209,0.462095,-0.744438,-0.482001,0.854426,0.519267,0.017035,0.237038,-0.418777,0.876621,0.030881,0.0036,0.034261,0.006178,0.138528,0.168816,-1.89726,-0.246808,-0.011717,0.359256,0.518412,0.57144,0.636158,-0.762648,0.645402,0.041928,-0.387249,-0.50762,0.769561,-0.012501,-0.002985,0.01561,-0.03799,0.030148,-0.045239,-1.408533,0.006226,0.041714,-0.014781,-0.503055,-0.604733,0.61744,0.794164,-0.605279,0.054218,0.340936,0.517624,0.784746,-0.006258,-0.001477,0.007829,-0.038517,0.031364,-0.044686,-0.906524,0.078691,0.045641,-0.025369,-0.444996,0.748149,-0.492189,-0.86574,-0.499976,0.022744,-0.229067,0.436229,0.87019,0.008711,0.002337,0.017576,0.017431,0.196242,0.125392,-1.186228
188,0.129444,-0.014526,0.403598,0.463392,-0.75147,-0.469687,0.856843,0.515118,0.021088,0.225528,-0.411283,0.883182,0.016826,-0.006984,0.043676,0.024877,0.317611,0.146054,-1.897257,-0.247386,-0.011753,0.359763,0.520401,0.568787,0.63691,-0.759956,0.64857,0.041919,-0.389871,-0.506554,0.768938,-0.012916,0.005372,0.004846,-0.002045,0.015205,-0.029245,-1.408041,0.005937,0.041698,-0.014526,-0.505206,-0.60218,0.618179,0.791632,-0.608596,0.054115,0.343634,0.51671,0.784172,-0.006486,0.002607,0.002369,-0.002085,0.015214,-0.029224,-0.908973,0.079163,0.045624,-0.024599,-0.446144,0.755259,-0.480144,-0.86809,-0.495674,0.02693,-0.217656,0.428823,0.876776,0.008377,-0.003575,0.021774,0.047772,0.346693,0.159195,-1.189168
189,0.130226,-0.01485,0.405095,0.468278,-0.759792,-0.451085,0.856311,0.51606,0.019598,0.217321,-0.394498,0.892843,0.015822,-0.012505,0.040081,0.056686,0.395089,0.173798,-1.89724,-0.247951,-0.01176,0.360173,0.519195,0.569169,0.637554,-0.760913,0.647453,0.041826,-0.389611,-0.507555,0.76841,-0.012721,0.006158,0.005478,-0.000243,0.002028,-0.003682,-1.408063,0.005663,0.04169,-0.014332,-0.504035,-0.602495,0.618827,0.792503,-0.607467,0.054059,0.343347,0.51767,0.783664,-0.0064,0.002943,0.002638,-0.000266,0.002038,-0.003681,-0.909137,0.079542,0.045472,-0.023875,-0.450966,0.763749,-0.461861,-0.867471,-0.496836,0.025422,-0.210054,0.412116,0.886587,0.007786,-0.006851,0.019645,0.154231,0.629786,0.22357,-1.189984
190,0.130569,-0.015061,0.405775,0.467787,-0.764306,-0.443911,0.857238,0.514606,0.0172,0.214718,-0.387631,0.896474,0.015833,-0.003826,0.029497,0.016831,0.197173,0.122966,-1.897318,-0.248223,-0.011736,0.360347,0.518657,0.569346,0.637834,-0.761317,0.646984,0.041735,-0.389537,-0.507956,0.768183,-0.012862,0.005548,0.004974,-0.002045,0.015205,-0.029245,-1.407893,0.005523,0.041701,-0.014238,-0.50348,-0.602649,0.619129,0.7929,-0.606953,0.053994,0.343243,0.518093,0.78343,-0.006412,-0.002167,0.007249,-0.036183,0.017063,-0.019649,-0.906687,0.079719,0.04536,-0.023521,-0.450188,0.769093,-0.45368,-0.868507,-0.49517,0.022393,-0.207427,0.404105,0.890883,0.014373,-0.007928,0.018839,-0.050569,0.221921,-0.055599,-1.189984
191,0.131373,-0.015557,0.407195,0.466922,-0.770355,-0.43426,0.858874,0.511933,0.015207,0.210023,-0.379114,0.901216,0.015441,-0.023081,0.049409,-0.121755,0.056941,0.024718,-1.897324,-0.248756,-0.011643,0.360665,0.517433,0.569774,0.638445,-0.762163,0.646012,0.041354,-0.389509,-0.508714,0.767695,-0.012805,0.005744,0.005124,-0.000239,0.002046,-0.003672,-1.408332,0.005256,0.041747,-0.014079,-0.502233,-0.603026,0.619774,0.793713,-0.605922,0.053635,0.343192,0.51886,0.782944,-0.00657,-0.002835,0.006699,-0.037994,0.030262,-0.045188,-0.905871,0.080121,0.045115,-0.022821,-0.449059,0.775172,-0.444357,-0.870149,-0.492363,0.02044,-0.20294,0.395836,0.895616,0.014442,-0.003122,0.013829,-0.079795,-0.032851,0.051102,-1.182636
192,0.132252,-0.015981,0.408814,0.469248,-0.770011,-0.432359,0.857934,0.513466,0.01655,0.208681,-0.377741,0.902104,0.016838,-0.00595,0.044096,-0.101854,-0.007538,0.054875,-1.897267,-0.24933,-0.011569,0.36093,0.516312,0.570169,0.639,-0.762921,0.645141,0.040972,-0.389511,-0.509379,0.767254,-0.027007,0.005637,0.005466,-0.004089,0.030411,-0.058491,-1.407878,0.00498,0.041785,-0.013947,-0.501167,-0.603347,0.620324,0.794401,-0.605048,0.053317,0.343158,0.519507,0.782531,0.000268,-0.003894,0.005615,-0.03414,0.001933,0.00966,-0.904728,0.080558,0.044884,-0.022018,-0.451444,0.774618,-0.442905,-0.86922,-0.493928,0.022122,-0.201627,0.394969,0.896295,0.014935,-0.00864,0.026372,-0.135999,-0.08611,0.220205,-1.182636
193,0.132704,-0.016107,0.409724,0.472209,-0.767954,-0.432796,0.856148,0.516401,0.017687,0.209333,-0.377931,0.901873,0.017205,-0.003545,0.045545,-0.095056,-0.069004,0.213299,-1.897316,-0.249559,-0.011569,0.361057,0.515814,0.570334,0.639254,-0.763283,0.64472,0.040862,-0.389462,-0.509726,0.767047,-0.013152,0.004265,0.003908,-0.000236,0.002062,-0.003665,-1.408015,0.00485,0.041787,-0.013882,-0.500604,-0.603511,0.620619,0.794777,-0.604566,0.053182,0.343109,0.519878,0.782305,-0.006602,0.002044,0.001891,-0.000254,0.002061,-0.003676,-0.907014,0.080784,0.044822,-0.021562,-0.454593,0.772497,-0.443387,-0.867428,-0.49701,0.023428,-0.20227,0.395257,0.896023,0.015362,-0.001598,0.022739,-0.102001,-0.026179,0.082643,-1.182636
194,0.13366,-0.016267,0.411585,0.477041,-0.765601,-0.431662,0.853172,0.521285,0.018183,0.210511,-0.376002,0.902405,0.017305,-0.002457,0.046086,-0.091986,-0.060807,0.21615,-1.897359,-0.24996,-0.011611,0.361286,0.518227,0.567587,0.639748,-0.760166,0.648403,0.040685,-0.392352,-0.508113,0.766645,-0.013564,0.002566,0.002521,-0.001813,0.01522,-0.028967,-1.408417,0.004655,0.041767,-0.013766,-0.503196,-0.600884,0.621072,0.791841,-0.60843,0.0529,0.346093,0.51841,0.781965,9.3e-05,0.000398,0.000331,0.000538,-0.000153,0.000919,-0.907994,0.081264,0.044749,-0.020627,-0.459528,0.770349,-0.442035,-0.864533,-0.502006,0.023884,-0.203505,0.39313,0.896679,0.015375,-0.001164,0.022933,-0.109418,-0.040186,0.081486,-1.181983
195,0.134476,-0.016477,0.413437,0.477496,-0.770085,-0.423098,0.853525,0.520802,0.015222,0.208041,-0.367433,0.906498,0.016806,-0.005143,0.044319,-0.036091,0.173927,0.087477,-1.897371,-0.250338,-0.011635,0.361437,0.520691,0.564827,0.64019,-0.756929,0.652196,0.040399,-0.395344,-0.506325,0.766291,-0.000112,-0.010454,0.009046,-0.035911,0.015144,-0.015891,-1.408408,0.004461,0.041759,-0.013694,-0.505807,-0.598263,0.621481,0.788806,-0.612398,0.052468,0.349204,0.516767,0.781669,-0.006889,0.000858,0.000918,-0.002266,0.015111,-0.029408,-0.912239,0.081679,0.04465,-0.01968,-0.459822,0.775082,-0.43337,-0.864913,-0.501489,0.020794,-0.201214,0.38439,0.900975,0.00836,-0.002666,0.02209,-0.053366,0.136754,0.080856,-1.18035
196,0.135057,-0.01693,0.415345,0.480038,-0.776283,-0.408649,0.853154,0.521507,0.011394,0.203678,-0.353141,0.913145,0.016192,-0.017486,0.052635,0.050032,0.499385,0.175123,-1.896743,-0.25072,-0.0116,0.361504,0.519883,0.565147,0.640565,-0.757408,0.651668,0.039949,-0.395491,-0.506649,0.766001,-0.00033,-0.001341,-0.00109,-0.001813,0.013122,-0.025592,-1.407825,0.00427,0.041775,-0.013655,-0.504993,-0.598544,0.621872,0.789277,-0.611825,0.052061,0.349317,0.51712,0.781385,-0.006881,0.000886,0.000941,-0.002164,0.015187,-0.02939,-0.911586,0.081964,0.044431,-0.018745,-0.462391,0.780744,-0.420275,-0.864411,-0.502478,0.017582,-0.197453,0.37142,0.907225,0.008099,-0.004167,0.021137,0.17637,0.787606,0.068512,-1.181003
197,0.135363,-0.017253,0.416369,0.477029,-0.779473,-0.406092,0.854307,0.519709,0.005853,0.205901,-0.348747,0.914334,0.016259,-0.016969,0.052929,0.046111,0.299709,0.144301,-1.896899,-0.250898,-0.011575,0.361504,0.519514,0.565302,0.640726,-0.757599,0.651462,0.039682,-0.395608,-0.50674,0.765879,-0.000212,-0.000857,-0.000697,0.0,-0.0,-0.0,-1.408185,0.00418,0.041785,-0.013657,-0.5046,-0.598691,0.62205,0.789476,-0.611592,0.051789,0.349435,0.517227,0.781262,-0.007016,0.000341,0.000497,-0.00215,0.015204,-0.029363,-0.911259,0.082116,0.044266,-0.018235,-0.459208,0.7843,-0.417132,-0.865593,-0.500611,0.011647,-0.199687,0.366415,0.90877,0.008114,-0.008404,0.026502,0.249537,0.326019,0.24638,-1.181656
198,0.136132,-0.017993,0.418489,0.477436,-0.780059,-0.404485,0.853023,0.521845,0.000349,0.210219,-0.344229,0.915064,0.02932,-0.018968,0.051394,-0.090207,0.121849,0.07916,-1.897075,-0.251297,-0.01147,0.361457,0.518768,0.565641,0.641031,-0.757922,0.651127,0.038993,-0.395968,-0.506792,0.765659,-0.014147,0.000213,0.000594,-0.003856,0.028336,-0.054833,-1.407922,0.003986,0.041838,-0.01368,-0.503882,-0.598982,0.622352,0.789779,-0.611255,0.051136,0.349787,0.517287,0.781064,-3.9e-05,-0.000156,-0.00012,-7.9e-05,-2.6e-05,-7.6e-05,-0.910443,0.082496,0.043897,-0.017174,-0.459527,0.785168,-0.415145,-0.864408,-0.502754,0.005956,-0.204039,0.361592,0.909735,0.00803,-0.008828,0.026231,-0.090592,0.15062,0.0536,-1.182309
199,0.13682,-0.018678,0.42044,0.480147,-0.780429,-0.400544,0.851667,0.524056,-0.000291,0.209544,-0.340017,0.916792,0.002651,-0.009165,0.041998,-0.091278,0.049811,0.008792,-1.896811,-0.25176,-0.011313,0.361442,0.521321,0.562924,0.641352,-0.754393,0.655257,0.038257,-0.399349,-0.504484,0.765428,-0.01374,0.001852,0.001923,-0.002045,0.015205,-0.029245,-1.40769,0.003754,0.041913,-0.013691,-0.506566,-0.596407,0.622646,0.786493,-0.61555,0.050258,0.353296,0.515166,0.780887,-0.006866,0.000944,0.000981,-0.002181,0.015164,-0.029408,-0.907341,0.082844,0.043555,-0.01621,-0.46221,0.785796,-0.410956,-0.863118,-0.504975,0.005194,-0.203441,0.357105,0.911639,0.007805,-0.010229,0.025383,-0.143665,0.021355,-0.013295,-1.17839
200,0.13701,-0.018832,0.42121,0.488878,-0.776269,-0.398058,0.846198,0.532842,1.5e-05,0.211489,-0.335875,0.917871,0.016065,-6.3e-05,0.031259,2.141372,0.013405,-5.018728,-1.896996,-0.252044,-0.01123,0.361466,0.526015,0.559713,0.64033,-0.750636,0.65943,0.040399,-0.400281,-0.50261,0.766174,-0.013502,0.0028,0.002692,-0.002045,0.015205,-0.029245,-1.407973,0.003622,0.041951,-0.013682,-0.511465,-0.593408,0.621505,0.782875,-0.619974,0.052317,0.354272,0.513319,0.78166,-0.006682,0.001678,0.001579,0.000265,0.017107,-0.031631,-0.906851,0.082939,0.043467,-0.015808,-0.466388,0.784612,-0.408492,-0.860886,-0.508765,0.005689,-0.203363,0.354319,0.912743,0.001386,-0.003973,0.021343,-0.112794,0.000343,-0.001992,-1.178717
201,0.137149,-0.01874,0.422401,0.493781,-0.771343,-0.401567,0.840778,0.541321,-0.006069,0.22145,-0.333669,0.916326,0.002865,0.00117,0.032234,-0.007365,-0.028823,0.043082,-1.897188,-0.2526,-0.011137,0.361612,0.526924,0.559759,0.639541,-0.751104,0.658769,0.042433,-0.398198,-0.503426,0.766723,-0.026937,0.005845,0.005572,-0.002278,0.017272,-0.032907,-1.408517,0.003339,0.041997,-0.013609,-0.5123,-0.593513,0.620717,0.783287,-0.61928,0.054336,0.352149,0.514036,0.782148,-0.006753,0.001394,0.001347,-0.00054,0.016465,-0.030827,-0.91077,0.083014,0.043513,-0.015213,-0.476066,0.776765,-0.412304,-0.852602,-0.52256,-2.8e-05,-0.215476,0.351518,0.911045,0.001416,0.005055,0.010858,0.186168,-0.124141,0.130911,-1.180187
202,0.137252,-0.018312,0.423337,0.494278,-0.76527,-0.412427,0.837715,0.546003,-0.009284,0.231683,-0.339953,0.911473,0.003064,0.011373,0.022376,-0.077301,-0.123144,-0.001501,-1.896997,-0.253147,-0.011064,0.361913,0.529173,0.557011,0.640083,-0.747962,0.662352,0.042149,-0.401127,-0.501763,0.766286,-0.012855,0.005322,0.004728,0.316325,0.03617,0.351896,-1.408072,0.00306,0.042035,-0.013457,-0.514373,-0.591158,0.621249,0.780676,-0.622604,0.053925,0.354914,0.512733,0.781754,-0.0064,-0.002139,0.007249,1.037632,0.09995,1.236885,-0.911586,0.083063,0.043718,-0.01475,-0.476517,0.770458,-0.423467,-0.849711,-0.527237,-0.003098,-0.225655,0.358349,0.905905,0.001529,0.00578,0.011242,-0.088934,-0.139413,-0.013689,-1.180513
203,0.13734,-0.017858,0.424192,0.503315,-0.754064,-0.422028,0.830939,0.556329,-0.003167,0.236556,-0.348144,0.907118,0.003133,0.01187,0.022577,-0.052179,-0.106396,-0.036735,-1.897033,-0.253717,-0.010941,0.362294,0.53134,0.554272,0.640665,-0.744869,0.665844,0.041886,-0.404014,-0.500166,0.765814,-0.012254,0.007631,0.006588,-0.000228,0.002092,-0.00365,-1.408025,0.002774,0.042094,-0.013269,-0.516991,-0.58828,0.621808,0.77745,-0.626662,0.053524,0.358176,0.511097,0.781337,-0.006251,-0.001571,0.007697,-0.038227,0.030454,-0.045236,-0.911749,0.083108,0.043949,-0.014315,-0.485949,0.759144,-0.433073,-0.843107,-0.537733,0.003442,-0.230266,0.3668,0.901351,0.001568,0.006049,0.011353,0.009645,-0.068868,-0.12684,-1.179533
204,0.137414,-0.017624,0.424679,0.502831,-0.752978,-0.424536,0.831254,0.555866,-0.001478,0.23648,-0.351213,0.905955,0.003297,0.012991,0.023175,-0.044566,-0.037315,0.025956,-1.897054,-0.253995,-0.010841,0.362503,0.530937,0.554409,0.640881,-0.745188,0.665491,0.04183,-0.403956,-0.500484,0.765636,-0.011913,0.008929,0.007629,-0.000227,0.002098,-0.003647,-1.408169,0.002631,0.042146,-0.013162,-0.516581,-0.588403,0.622033,0.777756,-0.626285,0.05348,0.358103,0.511417,0.781162,-0.005936,0.004568,0.003908,-0.000439,0.00207,-0.003882,-0.911423,0.083147,0.04407,-0.014063,-0.485535,0.758032,-0.43548,-0.843385,-0.537284,0.005084,-0.230123,0.369746,0.900183,0.001643,0.006562,0.011624,-0.022748,0.013523,0.037209,-1.180023
205,0.13759,-0.017249,0.425728,0.509836,-0.748,-0.42498,0.826123,0.563465,-0.000795,0.239428,-0.349747,0.905747,0.00312,0.011888,0.022443,-0.027441,-0.007358,0.023308,-1.896861,-0.254511,-0.01061,0.36293,0.530029,0.554729,0.641355,-0.745875,0.664734,0.041635,-0.403879,-0.501137,0.765249,-0.011898,-0.000896,0.017166,-0.036074,0.017554,-0.01938,-1.407839,0.002378,0.042264,-0.012953,-0.51568,-0.588683,0.622515,0.778396,-0.625506,0.053297,0.358012,0.512048,0.78079,-0.005895,0.004694,0.003999,-0.000372,0.002097,-0.003807,-0.913382,0.083234,0.044257,-0.013545,-0.492703,0.75342,-0.435431,-0.838404,-0.545019,0.005641,-0.233069,0.367847,0.900203,0.001533,0.001437,0.016463,-0.049421,0.005035,-0.023234,-1.181983
206,0.137759,-0.017074,0.426692,0.511804,-0.746295,-0.425613,0.824629,0.565649,-0.000343,0.240374,-0.349866,0.905451,0.0023,0.006483,0.019297,-0.034507,0.00179,0.00818,-1.897215,-0.254961,-0.01034,0.3634,0.532634,0.551799,0.641725,-0.742486,0.668519,0.041606,-0.406695,-0.499327,0.764941,-0.011362,0.010902,0.009171,-0.000221,0.002121,-0.003635,-1.408575,0.002148,0.042399,-0.012712,-0.518429,-0.585896,0.622861,0.775223,-0.629446,0.053156,0.360914,0.510415,0.780523,-0.005673,0.005514,0.004644,-0.000479,0.001989,-0.003806,-0.917791,0.083319,0.044351,-0.013058,-0.494688,0.751767,-0.436038,-0.836971,-0.547212,0.006107,-0.234015,0.367973,0.899906,0.001162,-0.00101,0.015034,-0.059854,-0.059195,0.205741,-1.182963
207,0.137828,-0.017088,0.427175,0.510325,-0.748466,-0.423569,0.825886,0.563811,-0.00136,0.239203,-0.348192,0.906406,0.001816,-0.005605,0.028026,0.09851,0.465128,0.13048,-1.897151,-0.255177,-0.010217,0.363703,0.532183,0.551935,0.641981,-0.742889,0.668068,0.041648,-0.406548,-0.499781,0.764723,-0.011256,0.001491,0.019044,-0.036061,0.017618,-0.019348,-1.408021,0.002043,0.042459,-0.012575,-0.517987,-0.586017,0.623115,0.775582,-0.629002,0.053176,0.360779,0.510822,0.780319,-0.005466,0.006286,0.005257,-0.000391,0.002106,-0.003816,-0.92073,0.083354,0.044352,-0.012819,-0.493202,0.752728,-0.436063,-0.838043,-0.545568,0.0061,-0.233311,0.368448,0.899895,0.000895,0.001647,0.008731,0.17331,0.471597,0.363798,-1.182799
208,0.137958,-0.017257,0.427989,0.509602,-0.747287,-0.426513,0.824514,0.565782,-0.006287,0.245384,-0.347529,0.905006,0.001006,-0.011016,0.024957,-0.060574,-0.041314,0.151166,-1.896574,-0.255547,-0.010095,0.364351,0.534592,0.548987,0.642507,-0.739803,0.671462,0.041998,-0.409013,-0.498472,0.764262,0.002386,-0.000605,0.016933,-0.034008,0.002452,0.009918,-1.408206,0.001855,0.042523,-0.012242,-0.520544,-0.583204,0.623623,0.772683,-0.632539,0.053424,0.363308,0.509673,0.779896,-0.005617,0.000798,0.009555,-0.036328,0.017526,-0.019521,-0.924323,0.08342,0.044265,-0.012401,-0.492404,0.752739,-0.436944,-0.836879,-0.547386,0.000101,-0.239101,0.36572,0.899487,0.000453,-0.005747,0.012341,-0.068823,-0.041796,0.147781,-1.183289
209,0.138034,-0.017691,0.428819,0.510339,-0.746397,-0.427189,0.821846,0.569527,-0.013404,0.252672,-0.343311,0.904611,0.013071,-0.009932,0.00964,2.250731,-1.119724,1.048846,-1.89667,-0.255859,-0.010176,0.365148,0.533813,0.55124,0.641225,-0.741272,0.669877,0.041408,-0.407365,-0.49812,0.765371,0.002036,-0.011699,0.025463,0.014063,-0.244869,-0.145147,-1.40831,0.001699,0.042488,-0.011845,-0.519725,-0.584566,0.62303,0.773864,-0.631094,0.053417,0.361965,0.509903,0.780371,-0.005735,0.000339,0.009174,0.121207,-0.416115,-0.227109,-0.919914,0.083454,0.044056,-0.011987,-0.49445,0.751808,-0.436238,-0.834315,-0.551269,-0.004405,-0.243797,0.361782,0.899819,9.1e-05,-0.008179,0.010974,-0.071184,0.040495,-0.031331,-1.180513
210,0.138417,-0.018262,0.429211,0.515675,-0.740874,-0.430384,0.815178,0.578846,-0.019838,0.263189,-0.339685,0.90298,0.012456,-0.005272,-0.003323,0.001147,-0.014701,0.02923,-1.896249,-0.256146,-0.01037,0.366087,0.533156,0.553365,0.639941,-0.742827,0.668158,0.041288,-0.405383,-0.498075,0.766452,-0.011248,-0.008342,0.028522,0.088407,-0.471057,-0.301042,-1.407928,0.001561,0.042388,-0.011379,-0.518962,-0.585378,0.622904,0.77514,-0.629454,0.054261,0.360327,0.510998,0.780413,-0.005525,0.001127,0.009787,-0.03564,0.007792,0.007359,-0.915505,0.083645,0.043764,-0.01179,-0.498664,0.746376,-0.440746,-0.827796,-0.560872,-0.013227,-0.257074,0.358252,0.897534,0.006125,-0.007725,0.003259,-0.042501,0.006642,-0.020554,-1.182473
211,0.1386,-0.018519,0.429329,0.515943,-0.742132,-0.427888,0.815371,0.578554,-0.020406,0.262065,-0.337433,0.90415,0.01239,-0.014687,0.006959,0.009409,0.12848,0.020695,-1.896349,-0.25628,-0.01052,0.366559,0.53598,0.55238,0.63843,-0.739949,0.671393,0.040487,-0.406926,-0.494803,0.767753,-0.011616,-0.009752,0.027396,0.383958,-0.382927,0.117333,-1.407674,0.001494,0.042316,-0.01114,-0.521481,-0.585262,0.620907,0.77285,-0.632368,0.053028,0.361607,0.507521,0.782087,0.000989,-0.005931,0.01267,1.154751,-0.404208,1.016727,-0.915832,0.083736,0.043635,-0.011736,-0.498925,0.747648,-0.438285,-0.827971,-0.560601,-0.013773,-0.256001,0.356016,0.898729,-0.000285,-0.006345,0.00421,0.022255,0.170374,0.028982,-1.185575
212,0.138945,-0.01875,0.429329,0.515391,-0.743761,-0.425719,0.815932,0.577718,-0.021643,0.261408,-0.335275,0.905142,0.012787,-0.003121,-0.002113,0.168411,0.439272,0.167977,-1.896516,-0.256504,-0.010811,0.36751,0.535584,0.556507,0.635169,-0.741828,0.669393,0.039209,-0.40401,-0.492888,0.77052,0.002273,-0.001078,0.016483,0.028586,-0.195458,-0.093644,-1.407892,0.001377,0.042166,-0.010661,-0.521044,-0.590473,0.616322,0.774563,-0.630452,0.050811,0.358559,0.503855,0.785852,-0.005777,-0.004702,0.013833,0.018452,-0.237481,-0.170773,-0.914362,0.083907,0.043508,-0.011737,-0.498312,0.748144,-0.438137,-0.828416,-0.559939,-0.013936,-0.255756,0.356015,0.898799,0.006371,-0.001707,-0.001148,0.196884,0.517123,0.192251,-1.188025
213,0.139211,-0.018708,0.42924,0.514297,-0.744266,-0.426158,0.816462,0.57694,-0.0224,0.261907,-0.335493,0.904918,0.000223,0.001533,0.000867,3.6e-05,9.7e-05,3e-05,-1.896265,-0.256649,-0.011043,0.368426,0.535588,0.560457,0.631683,-0.743402,0.667711,0.03807,-0.401097,-0.490691,0.773438,0.002386,-0.01036,0.026473,-0.060622,-0.01117,-0.020954,-1.407878,0.001304,0.042052,-0.010208,-0.520689,-0.594963,0.612291,0.776216,-0.628532,0.049346,0.355486,0.500964,0.78909,-0.005503,0.001182,0.009796,-0.048071,0.031382,-0.021647,-0.915995,0.084044,0.043524,-0.011784,-0.497179,0.749839,-0.436524,-0.82908,-0.558906,-0.015779,-0.255808,0.354068,0.899554,0.006686,0.000446,7.3e-05,-0.000744,-0.018785,0.028831,-1.188841
214,0.139299,-0.018681,0.429312,0.518303,-0.741407,-0.426288,0.813285,0.581407,-0.022483,0.263878,-0.334115,0.904855,0.000571,-0.005033,0.012762,-0.03452,0.001718,0.008137,-1.89633,-0.256686,-0.011101,0.368889,0.535685,0.564517,0.627975,-0.744504,0.666595,0.036038,-0.398914,-0.487546,0.776549,0.00292,-0.008332,0.028053,0.018738,-0.269589,-0.122755,-1.407889,0.001286,0.042016,-0.009969,-0.520538,-0.598287,0.609172,0.777177,-0.627458,0.047852,0.353601,0.498344,0.791591,0.001459,-0.004111,0.014072,0.045192,-0.327686,-0.142802,-0.918771,0.084088,0.043537,-0.011749,-0.501258,0.747044,-0.436651,-0.825994,-0.563456,-0.015779,-0.257822,0.352762,0.899491,0.000302,-0.002395,0.006444,-0.034828,0.00117,0.00832,-1.189331
215,0.139393,-0.018769,0.429587,0.521122,-0.739186,-0.426709,0.810919,0.584695,-0.022648,0.265595,-0.333302,0.904653,0.000281,-0.007029,0.011635,-0.026371,-0.05054,0.169772,-1.896411,-0.256747,-0.011114,0.369791,0.535772,0.568436,0.624355,-0.745882,0.665125,0.034686,-0.396209,-0.484996,0.779526,0.003501,0.003583,0.020059,0.067971,-0.327492,-0.128393,-1.408027,0.001254,0.042009,-0.009525,-0.520302,-0.601664,0.60604,0.778453,-0.625947,0.046895,0.351134,0.496174,0.794049,0.001584,-0.003626,0.014432,0.111908,-0.493484,-0.244591,-0.918118,0.084136,0.043502,-0.011612,-0.504245,0.744816,-0.437019,-0.823629,-0.566905,-0.015856,-0.259558,0.351947,0.899312,0.000162,0.001141,0.000642,-0.000131,-2.5e-05,0.000346,-1.189494
216,0.139397,-0.018855,0.42962,0.523822,-0.735587,-0.429613,0.808247,0.588404,-0.022109,0.268405,-0.334734,0.903293,-0.000202,-0.001393,-0.000787,-0.109552,-0.389738,0.089008,-1.89595,-0.256763,-0.010974,0.370629,0.534276,0.570565,0.623695,-0.74669,0.664349,0.032066,-0.396706,-0.483558,0.780166,0.003669,0.004234,0.020511,-0.028795,-0.02035,0.030501,-1.407663,0.001246,0.04208,-0.009105,-0.518554,-0.604808,0.604407,0.779529,-0.624851,0.043535,0.351334,0.493728,0.795484,0.001759,0.001879,0.010074,-0.046897,0.018801,0.016324,-0.916974,0.084138,0.043459,-0.011589,-0.507034,0.741951,-0.438661,-0.821133,-0.570515,-0.015847,-0.262021,0.352164,0.898512,-0.000138,-0.00095,-0.00054,-0.211096,-0.563179,-0.157037,-1.188678
217,0.139386,-0.018733,0.429221,0.523281,-0.734397,-0.432299,0.80805,0.588676,-0.022063,0.270044,-0.336858,0.902014,-0.000882,0.011858,-0.024513,-0.00262,-0.214176,-0.050574,-1.895981,-0.256753,-0.010674,0.37133,0.533241,0.572556,0.622756,-0.747036,0.664088,0.029284,-0.397447,-0.481558,0.781025,0.00354,0.00376,0.020087,-0.031892,-0.010459,0.035599,-1.407757,0.001251,0.042232,-0.008752,-0.517368,-0.606589,0.603638,0.779927,-0.624533,0.040877,0.352197,0.491943,0.796209,-0.005043,0.007673,0.006149,-0.006972,0.008474,0.002598,-0.916158,0.084133,0.04352,-0.011777,-0.506368,0.740321,-0.44217,-0.820985,-0.570741,-0.015404,-0.263769,0.355215,0.896798,-0.000402,0.001685,-0.006854,-0.078432,-0.30668,-0.096018,-1.189167
218,0.139414,-0.01856,0.428756,0.522988,-0.734469,-0.432531,0.807849,0.588904,-0.023326,0.271208,-0.336304,0.901872,-0.001259,0.009255,-0.025985,0.069353,-0.015259,0.010208,-1.895967,-0.256773,-0.010485,0.371582,0.533352,0.572472,0.622737,-0.747039,0.664074,0.029525,-0.397291,-0.481678,0.781031,0.003256,0.012371,0.009533,0.003838,-0.025331,0.051625,-1.408182,0.001242,0.042326,-0.008621,-0.517498,-0.60645,0.603667,0.779927,-0.624511,0.041208,0.352006,0.492142,0.79617,0.001453,0.005558,0.004285,0.001413,-0.011712,0.027247,-0.917138,0.084148,0.043609,-0.012009,-0.506092,0.740035,-0.442964,-0.82073,-0.57108,-0.016376,-0.265087,0.355267,0.896389,-0.000636,0.004509,-0.013058,0.076692,0.003177,0.014528,-1.189984
219,0.139526,-0.017969,0.427341,0.527163,-0.73363,-0.428873,0.807421,0.589724,-0.016438,0.264327,-0.336699,0.903765,-0.001593,0.015903,-0.037822,0.044821,0.008081,0.001778,-1.896285,-0.256884,-0.010165,0.371873,0.533155,0.574638,0.620909,-0.747576,0.663535,0.028018,-0.396544,-0.479839,0.782541,0.00141,0.005352,0.004112,4.7e-05,-0.00015,-7.7e-05,-1.40806,0.001189,0.042496,-0.008468,-0.517192,-0.608585,0.601776,0.780445,-0.62396,0.039727,0.351307,0.4902,0.797675,-0.005941,0.009032,-0.001409,0.033926,-0.008043,0.014419,-0.915178,0.084203,0.043899,-0.012713,-0.510336,0.739418,-0.439109,-0.820336,-0.571803,-0.009461,-0.25808,0.355389,0.898383,-0.000814,0.012152,-0.024334,-0.07278,0.075444,-0.050146,-1.189494
220,0.139635,-0.016947,0.425517,0.536899,-0.730937,-0.421325,0.805471,0.592609,-0.001794,0.250332,-0.337489,0.907448,0.012242,0.028972,-0.046302,0.116807,0.014789,-0.090545,-1.895987,-0.256984,-0.010027,0.371919,0.532561,0.574922,0.621156,-0.747884,0.663208,0.027555,-0.396762,-0.479952,0.782361,-0.000135,-0.000512,-0.000393,0.0,-0.0,-0.0,-1.407492,0.00114,0.042569,-0.008442,-0.516601,-0.608797,0.60207,0.78073,-0.62363,0.039301,0.351542,0.490358,0.797474,-0.000175,-0.000655,-0.000502,0.000283,0.000107,0.000454,-0.916811,0.084251,0.044382,-0.013612,-0.519975,0.737145,-0.431559,-0.8186,-0.574338,0.005286,-0.243964,0.356023,0.902069,-0.000403,0.014946,-0.022719,-0.077132,0.127762,-0.209267,-1.188351
