frame,MLTx,MLTy,MLTz,MLTR1,MLTR2,MLTR3,MLTR4,MLTR5,MLTR6,MLTR7,MLTR8,MLTR9,MLTTVx,MLTTVy,MLTTVz,MLTRVx,MLTRVy,MLTRVz,MLGA,MRTx,MRTy,MRTz,MRTR1,MRTR2,MRTR3,MRTR4,MRTR5,MRTR6,MRTR7,MRTR8,MRTR9,MRTTVx,MRTTVy,MRTTVz,MRTRVx,MRTRVy,MRTRVz,MRGA,SLTx,SLTy,SLTz,SLTR1,SLTR2,SLTR3,SLTR4,SLTR5,SLTR6,SLTR7,SLTR8,SLTR9,SLTTVx,SLTTVy,SLTTVz,SLTRVx,SLTRVy,SLTRVz,SLGA,SRTx,SRTy,SRTz,SRTR1,SRTR2,SRTR3,SRTR4,SRTR5,SRTR6,SRTR7,SRTR8,SRTR9,SRTTVx,SRTTVy,SRTTVz,SRTRVx,SRTRVy,SRTRVz,SRGA
170,0.073825,0.007454,0.351179,-0.485701,0.435471,-0.757962,-0.633748,-0.772595,-0.037843,-0.601479,0.46143,0.652175,0.110625,0.020685,-0.065916,-4.078948,-0.573877,3.808605,0.108258,-0.101819,0.040088,0.316779,0.580398,0.698832,0.418047,-0.8073,0.427037,0.407235,0.105344,-0.574722,0.811456,-0.016694,0.013582,0.013561,-0.703467,0.476616,0.327166,-1.340811,0.04313,0.04249,-0.022194,-0.470117,-0.754621,0.457751,0.880462,-0.36487,0.302745,-0.061438,0.545358,0.835947,-0.013918,0.000344,0.01076,-0.83484,0.687775,0.254376,-0.765141,0.073556,0.026908,-0.064255,-0.279223,0.548399,-0.78822,-0.72374,-0.659668,-0.202578,-0.631057,0.513903,0.581093,0.055328,0.010322,-0.033052,-4.068104,-0.568931,3.811039,-0.105831
171,0.076076,0.007722,0.350005,-0.472158,0.446457,-0.760125,-0.648156,-0.760219,-0.043974,-0.596913,0.471358,0.649265,0.123305,0.008668,-0.057903,0.140522,-0.099175,0.128545,0.154438,-0.102163,0.040181,0.317121,0.56058,0.707803,0.429834,-0.817861,0.392341,0.42084,0.128531,-0.588343,0.798245,-0.029192,0.009326,0.01164,-0.952973,0.239662,-0.038052,-1.304548,0.042962,0.04254,-0.02202,-0.448528,-0.762261,0.466667,0.889603,-0.330401,0.315342,-0.086186,0.556589,0.826304,-0.00719,0.000571,0.01004,-1.730119,-0.065621,-0.991076,-0.751588,0.074635,0.027037,-0.064822,-0.263255,0.557911,-0.78704,-0.736121,-0.643475,-0.209918,-0.623556,0.524095,0.580088,0.061753,0.00449,-0.028891,0.152355,-0.195164,0.334089,-0.055701
172,0.080629,0.008016,0.347858,-0.458211,0.454124,-0.764107,-0.65451,-0.753981,-0.055687,-0.600848,0.47403,0.643665,0.109051,0.002909,-0.046039,0.11026,-0.160461,0.257457,0.176715,-0.102527,0.040112,0.317833,0.538072,0.721954,0.435031,-0.826303,0.35028,0.440978,0.165311,-0.597647,0.784445,0.001532,-0.011661,0.024394,-0.477917,0.337653,0.032612,-1.250317,0.042769,0.042513,-0.021669,-0.424517,-0.774734,0.468584,0.896719,-0.288178,0.335928,-0.12522,0.562795,0.817056,-0.000327,0.000109,0.008713,-0.564216,0.393494,0.105965,-0.721216,0.076917,0.027185,-0.065901,-0.248114,0.563509,-0.787969,-0.739173,-0.635878,-0.221993,-0.626148,0.527366,0.574302,0.048499,0.008602,-0.026167,0.148847,-0.177694,0.265007,0.026924
173,0.083606,0.008602,0.346691,-0.459906,0.456258,-0.761814,-0.654171,-0.754189,-0.05684,-0.599921,0.471644,0.646277,0.0591,0.019527,-0.016635,-1.435384,1.775682,-1.774663,0.165643,-0.102551,0.040097,0.318594,0.517146,0.74906,0.414079,-0.829879,0.320779,0.456438,0.208425,-0.580616,0.78696,-0.000674,0.000418,0.017519,-2.855507,-4.746096,-2.778023,-1.216486,0.042759,0.042499,-0.021294,-0.407784,-0.795645,0.44795,0.898648,-0.262847,0.351202,-0.16169,0.545764,0.82219,-0.000479,0.000775,0.009259,-0.037876,-0.033861,-0.012041,-0.724318,0.078418,0.027454,-0.066511,-0.247154,0.565754,-0.786662,-0.738098,-0.635913,-0.225442,-0.627794,0.524915,0.57475,0.023053,0.0118,-0.006915,0.162953,0.269306,0.167285,0.016637
174,0.084385,0.009054,0.346595,-0.466355,0.453871,-0.759315,-0.652876,-0.755739,-0.050821,-0.596337,0.471469,0.649712,0.033394,0.021688,0.001752,0.031518,0.029239,-0.050072,0.22457,-0.102558,0.04007,0.318943,0.49758,0.766059,0.406889,-0.836122,0.299013,0.459809,0.229954,-0.569958,0.788753,-0.000609,0.000139,0.017262,-0.731252,-0.810868,-1.326953,-1.183127,0.042755,0.042485,-0.021113,-0.385567,-0.813659,0.43508,0.903844,-0.238279,0.355369,-0.185479,0.530264,0.827294,-0.000374,0.000377,0.008724,-2.331325,-2.810303,-4.248891,-0.723338,0.078817,0.027676,-0.066569,-0.256926,0.564428,-0.78448,-0.738557,-0.63821,-0.217302,-0.623315,0.523553,0.580835,0.010753,0.018325,-0.001934,0.05952,0.111848,-0.251291,0.041783
175,0.08496,0.009906,0.347297,-0.481648,0.448605,-0.752871,-0.651344,-0.757956,-0.035009,-0.585755,0.472954,0.658203,0.007904,0.024284,0.020368,-0.001526,0.056688,-0.097138,0.328286,-0.102361,0.039963,0.319687,0.389993,0.836227,0.385515,-0.867162,0.192918,0.459071,0.309027,-0.514384,0.799859,0.001588,-0.011899,0.024127,-0.281373,-1.483271,-1.429822,-1.122372,0.042853,0.042437,-0.020745,-0.27668,-0.873515,0.400523,0.925386,-0.129835,0.356092,-0.25905,0.469163,0.844262,0.006303,0.000675,0.007963,-1.958454,-4.019397,-4.485048,-0.699988,0.079118,0.028111,-0.066218,-0.273677,0.561147,-0.781162,-0.740025,-0.641636,-0.201655,-0.61438,0.522891,0.590864,0.003514,0.007043,0.014692,-0.028594,0.084477,-0.132804,0.176988
176,0.084804,0.010322,0.348551,-0.481059,0.452365,-0.750995,-0.659201,-0.751334,-0.030381,-0.5774,0.479876,0.660572,-0.008372,0.003232,0.037231,-0.18052,0.004456,0.112924,0.36533,-0.102041,0.039753,0.320366,0.295329,0.893201,0.339063,-0.882483,0.119228,0.454909,0.36553,-0.434684,0.822982,0.000447,-0.004455,0.013323,0.4014,-0.60951,0.055825,-1.091827,0.043012,0.042333,-0.020397,-0.180677,-0.922462,0.341202,0.935004,-0.05346,0.350581,-0.305157,0.382367,0.872165,0.007758,-0.00701,0.010338,0.332855,-1.29707,0.500427,-0.701458,0.079047,0.028341,-0.065572,-0.27292,0.564643,-0.778904,-0.747414,-0.634208,-0.197863,-0.60571,0.528164,0.595111,-0.004201,0.001611,0.018614,-0.180519,0.003466,0.112211,0.274636
177,0.084147,0.009749,0.350008,-0.475492,0.46042,-0.749644,-0.673697,-0.738519,-0.026338,-0.565169,0.491933,0.662278,-0.014636,-0.023431,0.032601,-0.103988,0.071202,-0.075871,0.331486,-0.101702,0.039177,0.320937,0.291622,0.914348,0.280917,-0.883711,0.145311,0.444829,0.365543,-0.37912,0.850005,0.00368,-0.020891,0.016532,0.396386,-0.668759,0.405831,-1.110568,0.04318,0.042051,-0.020112,-0.181184,-0.942,0.282501,0.937532,-0.078696,0.338879,-0.296992,0.326254,0.897414,0.001842,-0.010507,0.008235,0.375956,-0.562539,0.239865,-0.732319,0.078732,0.028086,-0.064838,-0.266433,0.571629,-0.776049,-0.760338,-0.619481,-0.195264,-0.592367,0.538035,0.599682,-0.007894,-0.017162,0.020549,-0.133764,-0.024201,0.104447,0.276432
178,0.083682,0.008993,0.350734,-0.47643,0.462975,-0.747472,-0.675347,-0.737019,-0.026112,-0.562404,0.491782,0.664739,-0.018392,-0.042266,0.034549,0.006854,0.509259,0.14594,0.29468,-0.101673,0.038883,0.32123,0.302703,0.91684,0.260322,-0.883254,0.167399,0.437921,0.357547,-0.363643,0.860109,0.003116,-0.018474,0.018585,0.613414,-0.795396,0.328991,-1.139308,0.043197,0.041896,-0.019973,-0.195177,-0.944597,0.263896,0.937458,-0.100602,0.333243,-0.288232,0.312433,0.905155,0.000586,-0.003849,0.00531,0.635892,-0.787998,0.291963,-0.757793,0.078502,0.027719,-0.064472,-0.26701,0.572298,-0.775357,-0.761843,-0.618074,-0.193851,-0.590169,0.538941,0.601033,-0.016202,-0.020597,0.017479,0.034916,0.513623,0.304965,0.250142
179,0.082281,0.006904,0.352119,-0.476117,0.467922,-0.744585,-0.676919,-0.735451,-0.029404,-0.560779,0.489438,0.667836,-0.036482,-0.0605,0.036528,-0.147569,0.213013,-0.119503,0.199501,-0.101604,0.038299,0.321766,0.318995,0.922237,0.218433,-0.876406,0.199468,0.438246,0.360196,-0.332395,0.871571,0.001936,-0.010863,0.007931,-0.098297,-1.168905,1.020167,-1.226759,0.04323,0.041608,-0.019695,-0.214135,-0.95072,0.224223,0.934142,-0.132217,0.331505,-0.285522,0.280443,0.916421,0.002026,-0.011353,0.007518,-0.606684,-2.759839,1.960364,-0.824252,0.077807,0.026676,-0.063785,-0.26677,0.579222,-0.770282,-0.762447,-0.61571,-0.198933,-0.589497,0.53423,0.60588,-0.025284,-0.029744,0.01845,-0.155616,0.219772,-0.194813,0.142044
180,0.080149,0.004567,0.353658,-0.48612,0.478623,-0.7312,-0.677673,-0.734713,-0.030461,-0.551204,0.480108,0.682421,-0.065077,-0.065914,0.048573,-0.098336,0.493657,-0.067699,0.119389,-0.101386,0.037495,0.322207,0.371649,0.91363,0.164769,-0.851799,0.265155,0.451735,0.368563,-0.309389,0.876529,0.017554,-0.02242,0.013548,0.820658,1.945381,5.451867,-1.386989,0.043341,0.0412,-0.019473,-0.272334,-0.946042,0.175603,0.916458,-0.199429,0.346888,-0.29315,0.255402,0.92132,0.008881,-0.011234,0.006514,0.846779,1.932449,5.462346,-0.814455,0.076747,0.025496,-0.063032,-0.277134,0.590368,-0.758063,-0.762934,-0.614798,-0.199881,-0.58406,0.522959,0.620795,-0.025494,-0.029756,0.018447,-0.038854,0.543695,-0.010318,0.023168
181,0.078914,0.003412,0.354517,-0.492655,0.483356,-0.723673,-0.677866,-0.734584,-0.029246,-0.54513,0.47554,0.690451,-0.064873,-0.064536,0.049724,-0.117659,0.435953,-0.100607,0.102447,-0.101269,0.037118,0.322498,0.382,0.915357,0.127236,-0.837967,0.285163,0.465217,0.389076,-0.285488,0.875774,0.003447,-0.019895,0.017446,-0.475466,-0.983912,1.029894,-1.400113,0.043402,0.041001,-0.019336,-0.287918,-0.947437,0.139519,0.905874,-0.222187,0.360588,-0.310635,0.230207,0.92223,0.001684,-0.009827,0.008831,-0.546533,-1.009146,1.060076,-0.795023,0.076104,0.024889,-0.062588,-0.284421,0.596031,-0.750899,-0.763306,-0.61469,-0.198794,-0.580058,0.516625,0.629785,-0.032493,-0.032375,0.024813,-0.130137,0.388532,-0.132101,-0.021083
182,0.076248,0.001109,0.356487,-0.498915,0.499025,-0.708592,-0.687433,-0.725721,-0.027145,-0.527173,0.472942,0.706004,-0.063927,-0.060275,0.053312,-0.152427,0.23179,0.013307,0.077705,-0.100999,0.036866,0.323433,0.399486,0.914249,0.06747,-0.816461,0.321492,0.47955,0.416233,-0.247816,0.874758,0.010372,0.010939,0.02453,-0.062196,-0.447348,0.749952,-1.401304,0.043541,0.040857,-0.018883,-0.312622,-0.946306,0.082289,0.888867,-0.260896,0.376625,-0.334934,0.190886,0.922702,0.004994,0.006232,0.012906,-0.034466,-0.435314,0.746101,-0.803187,0.074793,0.023755,-0.061628,-0.29077,0.611695,-0.735717,-0.771571,-0.604622,-0.197759,-0.5658,0.510156,0.647772,-0.031965,-0.030083,0.026747,-0.166241,0.283681,-0.191416,-0.071377
183,0.073898,-0.000951,0.358419,-0.507899,0.500753,-0.70095,-0.687912,-0.725501,-0.019916,-0.517888,0.47145,0.71383,-0.06307,-0.056622,0.056415,-0.204952,0.094645,-0.059583,0.038229,-0.10064,0.037188,0.324804,0.428257,0.901657,0.060021,-0.804283,0.35018,0.480038,0.41127,-0.254994,0.875042,0.010858,0.006105,0.037369,0.358808,2.225429,-0.795619,-1.400992,0.04371,0.041024,-0.018217,-0.342607,-0.93637,0.076359,0.879035,-0.290822,0.377781,-0.331536,0.196553,0.92274,0.005328,0.003426,0.01897,-0.010133,0.814546,1.773305,-0.808413,0.073617,0.022722,-0.060664,-0.300596,0.613918,-0.729894,-0.773183,-0.604929,-0.190385,-0.558416,0.507113,0.656511,-0.024102,-0.024287,0.023068,-0.181835,0.114945,-0.180569,-0.113016
184,0.071732,-0.002541,0.36022,-0.516307,0.500176,-0.695195,-0.68756,-0.726013,-0.011789,-0.509982,0.471275,0.719615,-0.045886,-0.034116,0.040471,-0.131164,0.141875,-0.139121,0.029157,-0.10035,0.037329,0.326247,0.476378,0.875663,0.079179,-0.787256,0.384857,0.481714,0.390744,-0.292919,0.872571,-0.00211,0.003787,0.036986,-0.022942,0.79963,1.509847,-1.401257,0.043862,0.041106,-0.017474,-0.38928,-0.915245,0.103863,0.86599,-0.325224,0.379855,-0.313881,0.237814,0.919196,0.00532,0.003568,0.018742,0.307806,2.501548,5.107554,-0.805637,0.072527,0.021917,-0.059759,-0.309783,0.614435,-0.725605,-0.774381,-0.605851,-0.182422,-0.551696,0.505384,0.663488,-0.029774,-0.015468,0.021286,-0.140068,0.131321,-0.184416,-0.156125
185,0.070723,-0.003135,0.360957,-0.520702,0.505322,-0.68816,-0.687731,-0.725835,-0.012687,-0.505261,0.466031,0.726329,-0.046355,-0.035103,0.039633,0.083064,0.668067,0.128277,0.030387,-0.100178,0.037336,0.326989,0.489332,0.867768,0.086745,-0.781004,0.391941,0.486158,0.387256,-0.306737,0.869373,0.011446,0.003382,0.034876,-0.181177,0.013109,0.082581,-1.401588,0.043945,0.041119,-0.017083,-0.403626,-0.907897,0.113169,0.860181,-0.334418,0.385036,-0.311727,0.252756,0.915936,0.005705,0.001663,0.017433,-0.131027,-0.014229,0.087655,-0.807107,0.072024,0.021625,-0.059385,-0.314154,0.618129,-0.720571,-0.774538,-0.605784,-0.181978,-0.548996,0.500941,0.669074,-0.022725,-0.012537,0.015169,0.154317,0.647044,0.331123,-0.157105
186,0.069145,-0.004049,0.362029,-0.520929,0.51793,-0.678547,-0.688535,-0.724764,-0.024689,-0.503932,0.453694,0.735011,-0.0319,-0.028237,0.028271,1.80596,-0.958289,1.636806,-0.006314,-0.099815,0.037291,0.328267,0.508221,0.856824,0.086924,-0.768077,0.405437,0.495592,0.388751,-0.319717,0.864012,0.010585,0.009488,0.022889,-0.051351,-0.032087,0.065606,-1.402149,0.044125,0.041101,-0.01644,-0.423432,-0.898519,0.11562,0.849455,-0.349434,0.395375,-0.31485,0.265629,0.911213,0.005328,0.0045,0.011253,0.00302,-0.047259,0.062094,-0.811189,0.071231,0.021168,-0.058843,-0.316519,0.631018,-0.708258,-0.773545,-0.603858,-0.192308,-0.549038,0.487001,0.679253,-0.015246,-0.008467,0.010018,0.16472,0.661021,0.213164,-0.182741
187,0.068111,-0.004697,0.362801,-0.51781,0.5313,-0.670552,-0.689257,-0.72334,-0.04095,-0.506156,0.440313,0.741591,-0.016113,-0.018147,0.019658,0.092013,0.442156,0.134314,-0.065366,-0.099349,0.03741,0.32908,0.542434,0.835424,0.088453,-0.750799,0.435004,0.496998,0.376041,-0.337053,0.863048,0.01217,0.002718,0.017335,0.457037,2.72124,4.802175,-1.40216,0.044353,0.041163,-0.016037,-0.453685,-0.882928,0.12086,0.837274,-0.375869,0.397105,-0.305188,0.281354,0.909779,0.006112,0.001184,0.008532,-0.044233,0.066444,-0.110623,-0.809883,0.070706,0.020836,-0.058457,-0.31077,0.643393,-0.699618,-0.770684,-0.601371,-0.210705,-0.556297,0.473704,0.682741,-0.007503,-0.003856,0.005333,0.178691,0.48793,0.404503,-0.223237
188,0.067782,-0.004961,0.363165,-0.514226,0.534554,-0.670722,-0.689869,-0.722393,-0.046908,-0.508968,0.43792,0.741083,-0.015418,-0.016265,0.021258,-0.03949,0.017618,0.145896,-0.078272,-0.099167,0.037509,0.329297,0.556677,0.826152,0.087031,-0.742544,0.448036,0.497821,0.37158,-0.342793,0.862719,0.010982,0.010269,0.006639,0.13203,0.905003,1.319369,-1.402561,0.04444,0.041207,-0.015926,-0.468794,-0.874952,0.121201,0.830301,-0.389679,0.398433,-0.30138,0.287417,0.909153,0.006671,-0.001152,0.006638,-0.048601,0.103964,-0.1563,-0.809066,0.070541,0.020702,-0.058277,-0.30716,0.646799,-0.69807,-0.769943,-0.60002,-0.217166,-0.55932,0.47077,0.682302,-0.007062,-0.002671,0.006337,-0.025692,-0.051635,0.124284,-0.242995
189,0.06738,-0.005359,0.363775,-0.509813,0.538933,-0.670587,-0.692439,-0.719584,-0.051963,-0.509921,0.437175,0.740868,3.1e-05,-0.007329,0.011672,-0.028002,-0.084155,0.187506,-0.112339,-0.098736,0.037765,0.329468,0.575935,0.812744,0.087966,-0.730802,0.463813,0.500739,0.365445,-0.353705,0.860933,0.011803,0.006787,0.003814,-0.023301,-0.019929,0.06356,-1.402622,0.04466,0.041335,-0.015841,-0.493924,-0.860402,0.125484,0.818005,-0.410875,0.402553,-0.294799,0.301477,0.906755,0.006057,0.002729,0.001375,-0.014405,0.100843,-0.126828,-0.80727,0.070334,0.0205,-0.057967,-0.302327,0.649909,-0.697291,-0.771172,-0.59673,-0.221821,-0.560259,0.47067,0.681599,-0.006957,-0.002382,0.006575,-0.033703,-0.063804,0.127989,-0.267162
190,0.067143,-0.005776,0.364404,-0.505516,0.541589,-0.671699,-0.695773,-0.716214,-0.053926,-0.509665,0.439412,0.73972,-1e-06,-0.007413,0.011603,-0.033518,0.005787,0.010198,-0.158468,-0.098285,0.037947,0.32954,0.584058,0.807307,0.084402,-0.721825,0.469173,0.508704,0.370342,-0.359055,0.856615,0.012553,0.003655,0.001281,-0.514315,0.195599,0.224718,-1.40291,0.044885,0.041426,-0.015805,-0.501798,-0.856261,0.122535,0.811542,-0.417025,0.409253,-0.299327,0.304805,0.904155,0.006293,0.001746,0.000573,-0.569752,0.224526,0.256683,-0.808249,0.070217,0.020295,-0.057651,-0.297387,0.651912,-0.697545,-0.773655,-0.592667,-0.22406,-0.55948,0.473027,0.680607,-0.00756,-0.007681,0.011022,-0.064784,-0.037871,0.117408,-0.30129
191,0.067072,-0.006013,0.364749,-0.504308,0.542449,-0.671913,-0.697011,-0.714993,-0.054162,-0.509173,0.440338,0.739508,-0.000616,-0.016448,0.021836,-0.067842,0.024579,-0.005311,-0.164402,-0.09807,0.038058,0.329587,0.591247,0.802013,0.084809,-0.715727,0.473503,0.513287,0.370758,-0.365192,0.853836,0.012004,0.005899,0.00309,-0.204122,0.068844,0.10723,-1.402721,0.044995,0.041475,-0.015787,-0.510099,-0.851075,0.124379,0.805372,-0.421847,0.416436,-0.30195,0.312595,0.900616,-0.000453,0.001859,0.001499,-0.216057,0.077439,0.115629,-0.806943,0.07018,0.020172,-0.057475,-0.296032,0.652592,-0.697487,-0.774667,-0.591223,-0.224378,-0.558798,0.473897,0.680562,-0.000295,-0.008169,0.010969,-0.068391,0.024383,-0.004786,-0.312394
192,0.066937,-0.006503,0.365654,-0.504548,0.542896,-0.671372,-0.698377,-0.713788,-0.05243,-0.507061,0.441738,0.740124,-0.000357,-0.023172,0.03403,-0.102188,0.043301,-0.020854,-0.181051,-0.097739,0.038404,0.329764,0.600618,0.79483,0.086577,-0.702569,0.473155,0.531465,0.3807,-0.381037,0.842462,-0.001573,0.006427,0.005177,-0.364717,0.148055,0.137611,-1.402696,0.045165,0.041647,-0.0157,-0.519794,-0.844733,0.127433,0.79423,-0.422901,0.436294,-0.31466,0.327995,0.890734,-0.000827,0.003381,0.002719,-0.309595,0.136464,0.137193,-0.816577,0.070112,0.019924,-0.057024,-0.296274,0.653048,-0.696957,-0.776135,-0.589894,-0.222798,-0.556629,0.474923,0.681624,-0.000126,-0.011421,0.017158,-0.102565,0.043172,-0.020518,-0.324151
193,0.066949,-0.007162,0.366773,-0.505914,0.547287,-0.666764,-0.700191,-0.711952,-0.05318,-0.503186,0.439273,0.744224,0.000983,-0.012223,0.025406,0.023947,0.254336,0.105908,-0.223775,-0.097372,0.038894,0.329997,0.610348,0.78733,0.087052,-0.688619,0.473232,0.549355,0.390555,-0.396236,0.83086,-0.002204,0.008954,0.007191,-0.244438,0.083436,0.116545,-1.402764,0.045349,0.041891,-0.015584,-0.530295,-0.837902,0.129251,0.782181,-0.42471,0.455866,-0.327077,0.342842,0.880613,-0.001131,0.00459,0.003681,-0.146187,0.061366,0.111363,-0.819516,0.070119,0.019602,-0.056472,-0.297585,0.657032,-0.69264,-0.777577,-0.587744,-0.223451,-0.55391,0.472085,0.685797,-4.3e-05,-0.011187,0.017355,0.026477,0.380247,0.150194,-0.349134
194,0.066944,-0.008008,0.368149,-0.510461,0.553181,-0.65838,-0.698933,-0.71288,-0.05715,-0.500333,0.430299,0.751357,0.000396,-0.021188,0.035713,-0.03305,0.217029,0.062315,-0.237939,-0.097081,0.039219,0.330211,0.616569,0.782778,0.084212,-0.678499,0.47423,0.560961,0.398391,-0.403997,0.823367,0.012111,0.005267,0.002561,-0.138518,0.041168,0.08188,-1.402599,0.045487,0.042065,-0.015467,-0.537187,-0.833822,0.127162,0.773654,-0.427041,0.468074,-0.335987,0.349823,0.874491,0.006053,0.002636,0.001277,-0.10721,0.040819,0.084821,-0.814945,0.070117,0.019183,-0.055788,-0.302708,0.663793,-0.683919,-0.775751,-0.588482,-0.227811,-0.553694,0.461591,0.693077,0.000244,-0.010421,0.018003,-0.024358,0.12569,0.233769,-0.370199
195,0.066933,-0.008385,0.368887,-0.514889,0.556452,-0.652147,-0.696288,-0.715182,-0.060579,-0.499479,0.422195,0.756504,0.00155,-0.018134,0.038268,0.070315,0.462638,0.210666,-0.236271,-0.096864,0.039235,0.330209,0.619412,0.78141,0.07563,-0.671421,0.477528,0.566653,0.405887,-0.402756,0.820309,0.013374,0.000171,-0.001526,-0.211603,-0.142996,0.240952,-1.40247,0.045594,0.042079,-0.015463,-0.540908,-0.83261,0.119069,0.767797,-0.43101,0.474045,-0.343375,0.347835,0.872412,0.00684,-0.000527,-0.00126,-0.311262,-0.656765,0.598266,-0.813311,0.07011,0.01899,-0.055423,-0.307418,0.666362,-0.679304,-0.772989,-0.591208,-0.23013,-0.55496,0.454349,0.696839,-0.006158,-0.007633,0.019989,0.144432,0.607358,0.447092,-0.373301
196,0.066946,-0.00897,0.370463,-0.525814,0.557885,-0.642129,-0.69034,-0.720882,-0.061097,-0.496336,0.410463,0.764982,0.002764,-0.014907,0.040925,-0.021281,0.162327,0.03147,-0.227592,-0.096253,0.038997,0.33001,0.62028,0.7834,0.039108,-0.653663,0.488867,0.57764,0.432617,-0.38485,0.815228,0.028213,-0.005364,-0.007666,-0.351537,-0.670323,0.759495,-1.402339,0.045893,0.041963,-0.01556,-0.545253,-0.834125,0.083275,0.753094,-0.443796,0.485688,-0.368167,0.327537,0.870156,0.007683,-0.003835,-0.003932,-0.718276,-2.067062,1.712254,-0.809392,0.070116,0.018696,-0.054635,-0.319852,0.669897,-0.670023,-0.767824,-0.59759,-0.230937,-0.555104,0.440594,0.705503,-0.004946,-0.000716,0.016845,0.077428,0.148424,-0.075817,-0.371342
197,0.067,-0.009362,0.371787,-0.527136,0.562093,-0.637357,-0.692174,-0.719064,-0.061761,-0.492367,0.407902,0.768907,-0.010994,-0.004476,0.031119,-0.063097,0.053677,-0.028158,-0.227896,-0.095682,0.038754,0.329638,0.611708,0.790953,0.014102,-0.646069,0.489361,0.585708,0.455589,-0.368392,0.810302,0.015563,-0.008361,-0.008445,-0.28553,0.008451,0.281131,-1.402596,0.046186,0.041833,-0.015753,-0.538965,-0.840428,0.056534,0.74627,-0.4453,0.49476,-0.390635,0.308848,0.867188,0.007888,-0.004586,-0.004551,-0.420811,0.057412,0.294501,-0.811678,0.070152,0.018506,-0.053962,-0.32138,0.673894,-0.665267,-0.769185,-0.595545,-0.231687,-0.552329,0.437255,0.709745,0.00138,-0.003691,0.014685,-0.072777,-0.010069,0.006194,-0.370035
198,0.067024,-0.009523,0.372331,-0.531085,0.561011,-0.635028,-0.688681,-0.722364,-0.062295,-0.493016,0.403546,0.770788,0.002043,-0.009389,0.027694,-0.0587,0.047558,0.005364,-0.228859,-0.09549,0.038556,0.329447,0.605138,0.796056,0.009692,-0.646075,0.484086,0.590069,0.464267,-0.36434,0.807202,0.015817,-0.009303,-0.009232,-0.362252,0.035257,0.305578,-1.402337,0.046287,0.04173,-0.015853,-0.532546,-0.844849,0.051215,0.746291,-0.440152,0.499314,-0.399302,0.304129,0.864905,0.007956,-0.004818,-0.00475,-0.438764,0.055564,0.303582,-0.803841,0.070159,0.018428,-0.053687,-0.325808,0.673291,-0.663722,-0.766171,-0.599342,-0.231884,-0.553922,0.432975,0.711127,0.001044,-0.004586,0.013935,-0.068507,0.016223,-0.012744,-0.370199
199,0.067101,-0.009621,0.373126,-0.535271,0.559843,-0.63254,-0.685262,-0.725599,-0.062404,-0.493248,0.399352,0.772821,0.002611,-0.000464,0.017312,-0.031668,0.010473,0.012367,-0.223893,-0.095236,0.03823,0.32916,0.588334,0.808611,-0.00159,-0.644082,0.469954,0.603519,0.488011,-0.355068,0.797268,0.001898,-0.007503,-0.006097,-0.639237,0.057174,0.35089,-1.402642,0.046416,0.041561,-0.016001,-0.515532,-0.856038,0.037753,0.74543,-0.426322,0.512428,-0.422563,0.292315,0.857899,0.00088,-0.003457,-0.002805,-0.738798,-0.43788,0.782846,-0.807433,0.070196,0.018374,-0.053294,-0.330488,0.672545,-0.662162,-0.763291,-0.603111,-0.231606,-0.555124,0.42888,0.712669,0.001342,-9.7e-05,0.008766,-0.038532,-0.00971,0.001152,-0.370035
200,0.06706,-0.009411,0.373451,-0.54058,0.556094,-0.63133,-0.681189,-0.729665,-0.059521,-0.493093,0.397184,0.774036,0.001723,0.00458,0.003755,-0.000413,0.00031,-0.000313,-0.214095,-0.09516,0.038043,0.329043,0.578189,0.815809,-0.012004,-0.640446,0.463059,0.61265,0.504627,-0.347569,0.790196,0.000378,-0.001495,-0.001217,-0.059529,0.004781,0.034796,-1.4024,0.046456,0.041461,-0.016066,-0.507302,-0.861367,0.026253,0.740706,-0.420263,0.524149,-0.440451,0.285348,0.851221,0.000203,-0.000793,-0.00064,-0.013605,-0.190316,0.190047,-0.80678,0.070183,0.018479,-0.053118,-0.336416,0.669481,-0.662282,-0.760478,-0.607929,-0.228241,-0.555424,0.426868,0.713643,0.000827,0.00222,0.00182,-0.000672,-0.000654,0.000578,-0.365953
201,0.066869,-0.009288,0.37345,-0.54108,0.555767,-0.63119,-0.680802,-0.730045,-0.059283,-0.493078,0.396944,0.774169,-0.000863,-0.00229,-0.001877,0.0,0.0,0.0,-0.199462,-0.095224,0.037845,0.329197,0.577774,0.815944,-0.020121,-0.637032,0.466361,0.613704,0.509395,-0.342795,0.789223,0.001755,-0.009761,0.008896,0.340613,-0.142,-0.15866,-1.40223,0.046423,0.041367,-0.01599,-0.508655,-0.860777,0.018215,0.736892,-0.424313,0.526258,-0.445262,0.281106,0.850129,-0.00667,-0.000323,0.000595,0.6786,-0.203986,-0.171911,-0.807433,0.070085,0.01855,-0.053111,-0.336908,0.669245,-0.662271,-0.760206,-0.608349,-0.228027,-0.555498,0.426638,0.713722,-0.007427,2e-05,-0.000297,-0.002453,0.02689,-0.054882,-0.357625
202,0.066778,-0.009351,0.373396,-0.541418,0.55557,-0.631074,-0.68061,-0.730244,-0.059041,-0.492972,0.396855,0.774282,-0.015334,-0.001226,-0.00164,-0.001978,0.027136,-0.055539,-0.198209,-0.095248,0.037648,0.329348,0.577379,0.815975,-0.028447,-0.633505,0.469836,0.614702,0.514211,-0.337926,0.788198,0.001901,-0.010341,0.008428,-0.033426,-0.013969,-0.008763,-1.402373,0.04641,0.041277,-0.015914,-0.508276,-0.86114,0.00962,0.735098,-0.428008,0.525775,-0.448648,0.274311,0.850569,0.000866,-0.004848,0.004478,-0.073074,-0.200891,0.130782,-0.804004,0.070044,0.018517,-0.05314,-0.337232,0.66912,-0.662232,-0.760112,-0.608551,-0.227804,-0.555431,0.426548,0.713829,-0.000848,-0.002246,-0.00184,-0.000456,-0.000167,0.000492,-0.35387
203,0.066581,-0.009577,0.373272,-0.547497,0.551254,-0.629613,-0.67593,-0.73484,-0.055695,-0.492692,0.394392,0.775717,-0.002298,-0.006081,-0.005001,-0.000995,0.012418,-0.025988,-0.201119,-0.095195,0.037163,0.329867,0.576642,0.816028,-0.039658,-0.628287,0.474092,0.616786,0.521381,-0.33178,0.786096,0.000955,-0.006599,0.011477,-0.036212,0.005405,-0.020711,-1.40192,0.046438,0.041027,-0.015655,-0.508709,-0.860936,-0.001574,0.730467,-0.432584,0.528476,-0.455665,0.267692,0.848945,0.001392,-0.008363,0.010044,-0.069518,0.002667,-0.02467,-0.797799,0.069939,0.018401,-0.053205,-0.34406,0.665735,-0.662131,-0.756799,-0.614024,-0.224114,-0.555766,0.423992,0.71509,-0.008411,-0.006267,0.003378,-0.036664,0.045794,-0.070447,-0.352237
204,0.066312,-0.009719,0.373198,-0.548653,0.550589,-0.629188,-0.675319,-0.735468,-0.054796,-0.492242,0.394149,0.776126,-0.001281,-0.003382,-0.002786,0.0,0.0,0.0,-0.209636,-0.095131,0.036767,0.330605,0.570978,0.819574,-0.047698,-0.626991,0.472973,0.618961,0.529115,-0.324543,0.783946,-0.000222,-0.001932,0.015258,-0.050552,0.099341,-0.161799,-1.40219,0.046471,0.040825,-0.015289,-0.503694,-0.863819,-0.010363,0.729336,-0.431644,0.530803,-0.462991,0.259805,0.847431,0.007283,-0.004966,0.01195,-0.067689,-0.016769,0.008037,-0.811515,0.069801,0.018322,-0.053248,-0.345364,0.665242,-0.661948,-0.756458,-0.614787,-0.223173,-0.555422,0.423661,0.715553,-0.007536,-0.000234,-0.000514,-0.002281,0.027035,-0.055213,-0.355666
205,0.066152,-0.009745,0.37321,-0.54909,0.550348,-0.629018,-0.675111,-0.735686,-0.054434,-0.492041,0.394079,0.776289,-0.001755,-0.012026,0.007803,-0.034448,0.018409,-0.015692,-0.209784,-0.095068,0.036629,0.331016,0.570552,0.819733,-0.050004,-0.625624,0.473409,0.620009,0.531186,-0.3235,0.782977,0.014281,-0.008699,0.024888,-0.08466,0.089341,-0.153465,-1.402278,0.046497,0.040759,-0.015086,-0.503501,-0.863901,-0.01269,0.728161,-0.432202,0.53196,-0.465045,0.258602,0.846674,0.00064,-0.005399,0.012446,-0.067195,-0.017962,0.003231,-0.809556,0.069721,0.018311,-0.053247,-0.345832,0.665068,-0.661878,-0.756344,-0.615053,-0.222827,-0.555286,0.423548,0.715726,-0.007182,0.000706,0.000261,-0.002242,0.027055,-0.055275,-0.357462
206,0.065867,-0.009699,0.373301,-0.549577,0.550092,-0.628816,-0.674903,-0.735908,-0.054004,-0.491781,0.394022,0.776482,0.000315,0.000829,0.000683,0.0,0.0,0.0,-0.210011,-0.094969,0.03625,0.332025,0.569489,0.820419,-0.050849,-0.624195,0.472004,0.622516,0.533998,-0.323814,0.780932,0.000848,-0.008986,0.026334,-0.067537,-0.021005,0.006263,-1.402076,0.046551,0.040571,-0.014581,-0.502414,-0.86452,-0.013539,0.726977,-0.430854,0.534665,-0.468062,0.258781,0.844954,0.001536,-0.010373,0.016827,-0.12232,0.112937,-0.206882,-0.80776,0.069578,0.018329,-0.053199,-0.346387,0.664885,-0.661772,-0.756267,-0.615316,-0.222363,-0.555045,0.423453,0.715968,0.000202,0.000532,0.000444,-0.000171,-4.8e-05,0.000177,-0.358279
207,0.065624,-0.009659,0.373455,-0.550092,0.549846,-0.628581,-0.674753,-0.736085,-0.05347,-0.491411,0.394035,0.77671,0.00063,0.001653,0.001362,0.0,0.0,0.0,-0.215798,-0.094879,0.035843,0.333164,0.564754,0.822925,-0.061963,-0.624553,0.475406,0.619562,0.538589,-0.312242,0.78249,0.000376,-0.007114,0.027805,0.475935,-0.137969,-0.364077,-1.402377,0.046596,0.040368,-0.014011,-0.499997,-0.865665,-0.025001,0.725699,-0.434559,0.533401,-0.472612,0.248556,0.845492,0.007674,-0.007961,0.017917,-0.094699,-0.040956,-0.009897,-0.816251,0.069456,0.018349,-0.053121,-0.34696,0.664714,-0.661643,-0.756243,-0.615538,-0.221827,-0.554719,0.423399,0.716253,-0.006394,0.002783,0.001967,-0.001104,0.014662,-0.029442,-0.359911
208,0.065408,-0.009592,0.373671,-0.552395,0.549088,-0.627223,-0.67479,-0.736271,-0.050349,-0.488771,0.394744,0.778015,0.001285,0.003366,0.002769,0.001004,-0.012395,0.025998,-0.219711,-0.094822,0.035406,0.334269,0.559555,0.826405,-0.062818,-0.630993,0.474057,0.614046,0.536515,-0.304999,0.786759,0.000942,-0.00935,0.025994,0.176212,-0.104918,-0.107346,-1.402216,0.046623,0.040156,-0.013453,-0.493732,-0.869202,-0.026724,0.732886,-0.432449,0.525227,-0.468086,0.239736,0.850541,-0.006021,-0.005757,0.012967,0.217229,-0.125355,-0.133068,-0.819027,0.069348,0.018382,-0.053014,-0.349569,0.664249,-0.660736,-0.756844,-0.615899,-0.218758,-0.552257,0.423604,0.718032,-0.006318,0.002976,0.002125,-0.000356,0.014172,-0.028974,-0.363341
209,0.065271,-0.009539,0.373774,-0.552632,0.548978,-0.62711,-0.674726,-0.736347,-0.050097,-0.488592,0.394755,0.778122,-0.01267,0.005849,0.004155,-0.000984,0.014715,-0.029553,-0.220662,-0.094812,0.035161,0.334817,0.555695,0.828707,-0.06664,-0.634872,0.474862,0.609408,0.535955,-0.297385,0.790049,0.00098,-0.0095,0.025866,0.634564,-0.29658,-0.269753,-1.402356,0.046628,0.040034,-0.01318,-0.491126,-0.870547,-0.03069,0.73471,-0.432905,0.522295,-0.467968,0.233965,0.852211,0.000397,-0.004449,0.013173,0.131563,-0.121369,-0.065992,-0.81968,0.069286,0.01841,-0.052961,-0.349786,0.664191,-0.66068,-0.756849,-0.615969,-0.218541,-0.552113,0.423593,0.71815,0.00057,0.001496,0.001236,2.3e-05,-7.5e-05,0.000134,-0.364484
210,0.065049,-0.009403,0.37398,-0.554703,0.54833,-0.625846,-0.674812,-0.736458,-0.047224,-0.48612,0.395447,0.779317,0.001669,0.00436,0.003581,0.00097,-0.012358,0.025974,-0.21985,-0.094772,0.034734,0.335807,0.550448,0.831855,-0.070824,-0.640088,0.475094,0.603744,0.535173,-0.288049,0.794028,0.001604,-0.011976,0.023894,0.160963,-0.161956,-0.059769,-1.402238,0.046647,0.039824,-0.012682,-0.484958,-0.873802,-0.035842,0.740896,-0.432279,0.51401,-0.464637,0.222718,0.857034,0.00078,-0.00597,0.01196,0.18503,-0.336344,0.03681,-0.820333,0.069169,0.018476,-0.05286,-0.352192,0.66379,-0.659804,-0.757443,-0.616252,-0.215665,-0.549762,0.423809,0.719823,0.000718,0.00188,0.001548,0.0041,-0.003045,0.00294,-0.3653
211,0.0649,-0.009235,0.37424,-0.554808,0.546204,-0.62761,-0.67449,-0.736884,-0.045139,-0.486448,0.39759,0.778022,0.002153,0.005617,0.004604,0.000583,-0.013429,0.025523,-0.220986,-0.094813,0.034485,0.336605,0.548897,0.832855,-0.071108,-0.641096,0.474172,0.603399,0.53556,-0.286671,0.794265,-0.000734,0.000117,0.016745,-0.048369,0.096131,-0.164108,-1.402472,0.046628,0.039691,-0.012283,-0.482924,-0.874903,-0.036447,0.741959,-0.430938,0.513603,-0.465059,0.22099,0.857253,0.000611,-0.005289,0.012492,-0.086459,-0.001566,-0.017246,-0.817557,0.069094,0.018559,-0.052731,-0.352246,0.661737,-0.661835,-0.757545,-0.616854,-0.213577,-0.549588,0.426138,0.71858,0.000493,-0.002398,0.006874,-0.031231,0.028565,-0.009561,-0.365953
212,0.064794,-0.0091,0.374475,-0.55482,0.546259,-0.627551,-0.674631,-0.736765,-0.044966,-0.486238,0.397734,0.77808,0.001535,0.004002,0.003275,0.001012,-0.012374,0.026008,-0.224673,-0.094822,0.034616,0.3373,0.548481,0.833193,-0.07036,-0.640872,0.473065,0.604505,0.536253,-0.287523,0.79349,-0.001393,0.002738,0.01876,-0.047538,0.081055,-0.139507,-1.402149,0.046625,0.039751,-0.011946,-0.482502,-0.875166,-0.035704,0.741668,-0.429906,0.514886,-0.46596,0.221953,0.856514,-0.001773,0.006995,0.005478,0.004196,-0.029534,0.050673,-0.816904,0.069042,0.018631,-0.052609,-0.352271,0.661871,-0.661687,-0.757697,-0.616699,-0.213485,-0.549362,0.426154,0.718744,0.000589,0.001545,0.001265,0.000107,0.000215,8.2e-05,-0.367586
213,0.064734,-0.009081,0.374554,-0.554808,0.546298,-0.627529,-0.674713,-0.736695,-0.044893,-0.486139,0.397811,0.778102,-0.012698,0.005717,0.00403,2.9e-05,0.002344,-0.003544,-0.225727,-0.094854,0.03475,0.337591,0.547992,0.833355,-0.072223,-0.64003,0.473446,0.605099,0.537756,-0.286419,0.792872,-0.001261,0.002217,0.018327,-0.049875,0.096352,-0.163618,-1.402102,0.046608,0.039822,-0.011791,-0.482262,-0.875215,-0.037702,0.740871,-0.430445,0.515582,-0.467474,0.220714,0.856009,-0.001797,0.007101,0.005546,0.00516,-0.024704,0.047336,-0.81674,0.069018,0.018642,-0.052569,-0.352235,0.661916,-0.661661,-0.757786,-0.616607,-0.213437,-0.549263,0.426218,0.718782,0.000164,0.000436,0.000358,0.00704,-0.085317,0.179486,-0.368566
214,0.064635,-0.009125,0.374632,-0.555123,0.546162,-0.627368,-0.67466,-0.736766,-0.044516,-0.485853,0.397865,0.778253,-9.8e-05,-0.000255,-0.000209,-0.0,-0.0,-0.0,-0.230295,-0.094939,0.035071,0.338175,0.547224,0.83377,-0.07325,-0.639419,0.473049,0.606055,0.539262,-0.285865,0.792048,-0.003291,0.013089,0.01017,-0.013718,0.091343,-0.142781,-1.402444,0.046566,0.039979,-0.011495,-0.481638,-0.875511,-0.038782,0.740312,-0.430146,0.516634,-0.469001,0.22012,0.855327,-0.000683,0.00128,0.009273,-0.031119,-0.02201,0.026817,-0.817067,0.068964,0.018622,-0.052528,-0.352594,0.661822,-0.661564,-0.757807,-0.61671,-0.213062,-0.549002,0.426215,0.718982,-9.8e-05,-0.000249,-0.000201,2.6e-05,8e-06,-2.2e-05,-0.371015
215,0.064564,-0.009185,0.3747,-0.555273,0.546125,-0.627268,-0.674704,-0.736742,-0.044258,-0.48562,0.397961,0.778349,-1e-06,-1e-06,-1e-06,-0.0,-0.0,-0.0,-0.234104,-0.094992,0.035289,0.338752,0.545586,0.834917,-0.07239,-0.641457,0.471752,0.604911,0.538504,-0.284653,0.793,-0.000951,0.000996,0.017288,-0.030386,-0.026342,0.026994,-1.402339,0.046538,0.040094,-0.011215,-0.479779,-0.876566,-0.037982,0.742232,-0.428575,0.515183,-0.467871,0.218983,0.856237,-0.000376,7e-05,0.008314,-0.060976,0.098092,-0.164747,-0.81723,0.068928,0.01859,-0.052496,-0.352763,0.661804,-0.661493,-0.757891,-0.616693,-0.212813,-0.548779,0.426267,0.719122,-7e-06,-1.7e-05,-1.6e-05,1.2e-05,5e-06,-2.3e-05,-0.373954
216,0.064522,-0.009205,0.374747,-0.55541,0.546073,-0.627192,-0.674697,-0.736759,-0.044075,-0.485474,0.398001,0.77842,3.7e-05,9.7e-05,7.9e-05,-0.0,-0.0,-0.0,-0.233913,-0.094988,0.03531,0.339013,0.545287,0.835179,-0.071614,-0.641567,0.47093,0.605434,0.538675,-0.285247,0.792671,-0.000251,-0.001785,0.015127,-0.033766,-0.010443,0.003171,-1.402303,0.046539,0.040109,-0.011075,-0.479398,-0.876806,-0.037262,0.742261,-0.427756,0.515822,-0.468215,0.219626,0.855884,-0.000101,-0.001024,0.007464,-0.035676,-0.009525,0.004022,-0.817394,0.068907,0.018579,-0.052472,-0.352917,0.661769,-0.661445,-0.757918,-0.616722,-0.212634,-0.548643,0.426279,0.719219,-0.00677,0.001766,0.001121,-0.000968,0.014731,-0.029565,-0.374934
217,0.064467,-0.009254,0.374825,-0.555504,0.546069,-0.627112,-0.674774,-0.736702,-0.043857,-0.485259,0.398112,0.778497,2.3e-05,6e-05,4.9e-05,-0.0,-0.0,-0.0,-0.233336,-0.095021,0.03519,0.339445,0.543369,0.836274,-0.073397,-0.642489,0.470663,0.604664,0.539516,-0.282457,0.793097,0.000824,-0.006063,0.011822,0.068202,-0.053144,-0.033849,-1.402534,0.046522,0.040051,-0.010857,-0.477858,-0.877557,-0.03929,0.742965,-0.427622,0.514919,-0.468672,0.216867,0.856337,0.00054,-0.003576,0.005491,0.085881,-0.046334,-0.066315,-0.8187,0.068879,0.018555,-0.052434,-0.353023,0.661776,-0.661381,-0.758022,-0.616665,-0.212427,-0.54843,0.42635,0.719338,1.2e-05,3.2e-05,2.6e-05,2.2e-05,-2e-06,-1.6e-05,-0.375097
218,0.064454,-0.00929,0.374874,-0.555595,0.546049,-0.627049,-0.674808,-0.73668,-0.043691,-0.485107,0.39818,0.778557,7.1e-05,0.000186,0.000152,-0.0,-0.0,-0.0,-0.232687,-0.094971,0.03523,0.339702,0.541926,0.837241,-0.073042,-0.644455,0.469898,0.603164,0.538624,-0.280857,0.794271,-0.001243,0.004945,0.003801,0.022397,-0.023843,0.016943,-1.402452,0.046549,0.040061,-0.01073,-0.476093,-0.878522,-0.039157,0.74488,-0.426537,0.513048,-0.467426,0.215092,0.857465,0.005752,0.003768,0.002106,9.8e-05,-0.037661,0.04004,-0.819027,0.068873,0.018537,-0.052409,-0.353125,0.661768,-0.661335,-0.758081,-0.616647,-0.212267,-0.548283,0.426389,0.719427,3.4e-05,9.3e-05,7.8e-05,1.4e-05,-2e-06,-2.2e-05,-0.375261
219,0.064449,-0.009303,0.374863,-0.555508,0.546101,-0.62708,-0.674859,-0.736629,-0.043754,-0.485135,0.398202,0.778529,-0.000533,-0.001385,-0.001133,-0.001021,0.012345,-0.026021,-0.23326,-0.094893,0.035315,0.339792,0.541749,0.837413,-0.072377,-0.644703,0.469361,0.603318,0.538505,-0.281245,0.794214,0.013523,-0.003255,0.012393,-0.047321,0.080532,-0.13501,-1.402391,0.046588,0.040106,-0.010683,-0.475794,-0.878713,-0.038496,0.745005,-0.425887,0.513406,-0.467532,0.215596,0.857281,0.006772,-0.001682,0.006154,-0.05427,0.082112,-0.134778,-0.81968,0.068871,0.018534,-0.052412,-0.353008,0.661815,-0.66135,-0.758119,-0.616573,-0.212347,-0.548306,0.426423,0.71939,-2.1e-05,-5.3e-05,-4.4e-05,1.7e-05,-1e-06,-7e-06,-0.375261
220,0.064431,-0.00932,0.374849,-0.5538,0.546584,-0.62817,-0.674688,-0.736634,-0.046234,-0.48732,0.397531,0.777506,-6.8e-05,-0.000177,-0.000145,3e-06,-3e-06,3e-06,-0.234758,-0.094749,0.035541,0.339942,0.541488,0.837676,-0.071281,-0.645165,0.468534,0.603467,0.538216,-0.281843,0.794198,-0.001311,0.005199,0.003987,-0.013626,0.090913,-0.143065,-1.402237,0.04666,0.040216,-0.01061,-0.475472,-0.878928,-0.037546,0.745321,-0.425134,0.513572,-0.467355,0.216205,0.857224,0.00577,0.00367,0.002024,0.001856,-0.014737,0.029985,-0.820823,0.068861,0.018521,-0.052422,-0.351075,0.662076,-0.662118,-0.757508,-0.616479,-0.214785,-0.550387,0.426155,0.717959,-3.4e-05,-9.1e-05,-7.6e-05,-0.003646,0.002691,-0.002563,-0.376077
221,0.064416,-0.009331,0.37484,-0.553855,0.54655,-0.62815,-0.674656,-0.736667,-0.046194,-0.487302,0.397516,0.777524,-0.000263,-0.000683,-0.000559,0.0,-0.0,0.0,-0.236686,-0.094408,0.035743,0.340259,0.541346,0.83781,-0.070779,-0.645143,0.46801,0.603897,0.538385,-0.282315,0.793916,0.012948,-0.001051,0.014064,-0.031729,-0.025685,0.0324,-1.402567,0.046826,0.040317,-0.010457,-0.475231,-0.879085,-0.036925,0.745361,-0.424531,0.514012,-0.467536,0.216752,0.856987,-0.000897,0.003524,0.002691,0.002273,-0.01508,0.024757,-0.822293,0.068854,0.018517,-0.052426,-0.351169,0.662046,-0.662098,-0.757498,-0.61652,-0.214704,-0.550341,0.426141,0.718002,-0.000171,-0.000443,-0.000361,-5.2e-05,4e-05,-4.3e-05,-0.376894
590,0.076364,0.038406,0.348619,-0.802177,-0.129023,-0.583018,-0.073822,-0.947472,0.311159,-0.591544,0.292799,0.751246,0.040977,0.021277,-0.032183,-3.796167,0.859365,4.05231,0.293052,-0.116744,0.044092,0.326609,0.762595,-0.460488,0.454303,0.21124,0.840967,0.498082,-0.612364,-0.283291,0.737983,-0.033019,0.04045,0.001739,0.067514,-0.024439,0.01785,-1.403832,0.035676,0.044472,-0.017282,-0.741773,0.383362,0.550278,-0.083651,-0.866993,0.491247,0.665413,0.318362,0.675181,-0.016606,0.020711,0.001264,0.055296,-0.049811,0.016281,-0.780817,0.074788,0.042358,-0.065514,-0.700703,0.028702,-0.712874,-0.259438,-0.941036,0.217121,-0.664609,0.337085,0.666834,0.020678,0.011107,-0.015769,-0.826109,-1.038899,-0.07831,0.088321
591,0.07836,0.039697,0.347052,-0.781674,-0.113856,-0.613244,-0.121339,-0.936668,0.328483,-0.610836,0.331313,0.719123,0.068492,0.029747,-0.041494,-0.545155,-0.753626,0.047321,0.367443,-0.118121,0.045898,0.326481,0.783856,-0.430918,0.447069,0.177518,0.845339,0.50381,-0.596003,-0.315011,0.738521,-0.034452,0.051097,-0.00643,-2.466893,-2.713388,-3.96067,-1.403792,0.034986,0.045378,-0.017338,-0.759104,0.356948,0.544379,-0.05405,-0.867933,0.49373,0.648721,0.345369,0.678144,-0.017277,0.025806,-0.002996,-0.033171,0.085671,0.114552,-0.787675,0.075797,0.043013,-0.066308,-0.672894,0.046091,-0.738301,-0.312742,-0.922199,0.227465,-0.670377,0.383958,0.634957,0.028799,0.022147,-0.023683,-0.911256,-0.368764,-0.377464,0.241651
592,0.080878,0.041413,0.345193,-0.772365,-0.069791,-0.631369,-0.206702,-0.91225,0.353618,-0.599688,0.40371,0.690956,0.0702,0.042905,-0.047912,-1.55839,-0.368851,1.109091,0.382277,-0.119744,0.047744,0.326211,0.811362,-0.391363,0.434185,0.1284,0.843841,0.520941,-0.571272,-0.366431,0.734329,-0.047857,0.056778,-0.016954,-2.811764,-2.494029,-3.709769,-1.40382,0.034178,0.046305,-0.017463,-0.785754,0.314017,0.5329,-0.003506,-0.863794,0.503831,0.618528,0.39402,0.679831,-0.02296,0.022254,-0.005074,-0.222334,-0.282817,-0.06018,-0.784246,0.077056,0.043869,-0.067233,-0.65467,0.088461,-0.75072,-0.395096,-0.886717,0.24006,-0.644441,0.453767,0.615459,0.0352,0.021644,-0.023835,-4.263727,0.700264,3.880328,0.305498
