frame,MLTx,MLTy,MLTz,MLTR1,MLTR2,MLTR3,MLTR4,MLTR5,MLTR6,MLTR7,MLTR8,MLTR9,MLTTVx,MLTTVy,MLTTVz,MLTRVx,MLTRVy,MLTRVz,MLGA,MRTx,MRTy,MRTz,MRTR1,MRTR2,MRTR3,MRTR4,MRTR5,MRTR6,MRTR7,MRTR8,MRTR9,MRTTVx,MRTTVy,MRTTVz,MRTRVx,MRTRVy,MRTRVz,MRGA,SLTx,SLTy,SLTz,SLTR1,SLTR2,SLTR3,SLTR4,SLTR5,SLTR6,SLTR7,SLTR8,SLTR9,SLTTVx,SLTTVy,SLTTVz,SLTRVx,SLTRVy,SLTRVz,SLGA,SRTx,SRTy,SRTz,SRTR1,SRTR2,SRTR3,SRTR4,SRTR5,SRTR6,SRTR7,SRTR8,SRTR9,SRTTVx,SRTTVy,SRTTVz,SRTRVx,SRTRVy,SRTRVz,SRGA
239,0.150241,0.01575,0.416804,-0.077786,0.867598,-0.49119,-0.93996,-0.22797,-0.253922,-0.33219,0.440868,0.833853,-0.013346,-0.009072,-0.003928,-0.021092,-0.07845,-0.109639,0.4654,-0.195632,0.03829,0.392356,0.697274,0.638594,0.325573,-0.678781,0.734161,0.014067,-0.230904,-0.231616,0.944934,-0.000911,0.004124,-0.012092,-1.762892,-0.089064,-5.20436,0.507252,-0.004422,0.03772,0.013305,-0.623502,-0.698187,0.351822,0.735996,-0.675967,-0.037111,0.263731,0.235801,0.93533,-0.000441,0.002159,-0.005996,0.024018,0.07886,-0.158776,0.190109,0.112385,0.032564,-0.033284,-0.159508,0.869016,-0.468366,-0.903963,-0.319248,-0.284484,-0.396746,0.378009,0.836481,-0.000555,-0.005045,-0.002408,0.008656,-0.163604,0.081832,0.177478
240,0.149772,0.015401,0.416717,-0.087384,0.868279,-0.488365,-0.942464,-0.230791,-0.241802,-0.322562,0.438057,0.839099,-0.013029,-0.015454,0.007535,0.213172,0.072377,-0.281832,0.502853,-0.195641,0.038581,0.392053,0.68268,0.65505,0.323805,-0.695902,0.717931,0.015171,-0.223377,-0.236528,0.945526,-0.000363,0.012773,-0.007893,0.023701,-0.02505,0.001146,0.523351,-0.004427,0.037869,0.013144,-0.603531,-0.717077,0.34864,0.755663,-0.653922,-0.036849,0.254407,0.241215,0.936531,-0.000151,0.006785,-0.003751,0.023396,-0.023837,0.001783,0.234034,0.112155,0.032388,-0.033335,-0.167752,0.869008,-0.465491,-0.907004,-0.321059,-0.272511,-0.386265,0.376488,0.842053,-0.006565,-0.003297,-0.001332,2.716661,1.28501,-4.503136,0.247693
241,0.149548,0.015278,0.416709,-0.088506,0.868777,-0.487277,-0.944025,-0.229162,-0.23722,-0.317655,0.437925,0.841037,-0.012804,-0.004006,-0.001507,-2.347822,0.989116,-1.112224,0.514493,-0.19561,0.038792,0.391941,0.678656,0.659192,0.323858,-0.700144,0.713806,0.014628,-0.222369,-0.237514,0.945517,-0.000291,0.013917,-0.007336,0.038159,-0.024394,0.043359,0.529659,-0.004411,0.037974,0.013093,-0.599124,-0.720872,0.348413,0.759528,-0.64939,-0.037529,0.25331,0.242145,0.936589,9.1e-05,0.001373,0.000666,-0.000398,0.000815,0.000777,0.256242,0.112038,0.032318,-0.033337,-0.168898,0.869035,-0.465027,-0.907482,-0.321231,-0.270713,-0.384641,0.376281,0.842889,-0.006428,-0.00227,-0.000874,0.008955,-0.049855,0.130034,0.283127
242,0.149105,0.015225,0.416677,-0.085899,0.868944,-0.487445,-0.944188,-0.227096,-0.238554,-0.317888,0.438667,0.840562,-0.012288,0.009883,-0.00937,0.04231,-0.071002,0.173826,0.519,-0.195478,0.039018,0.391745,0.662384,0.675425,0.324098,-0.717087,0.6968,0.01378,-0.217343,-0.242394,0.945447,-0.000123,-0.001952,-0.000946,-0.173606,0.083284,-0.647091,0.531015,-0.004344,0.038107,0.012999,-0.581644,-0.735511,0.347437,0.774735,-0.631081,-0.038992,0.24794,0.246492,0.936891,-6.5e-05,-0.001106,-0.000537,-0.174725,0.081664,-0.651236,0.288083,0.111816,0.032284,-0.033351,-0.167913,0.869483,-0.464545,-0.908584,-0.319326,-0.269266,-0.382464,0.376865,0.843618,-0.006144,0.000267,0.000348,-0.000811,0.014567,-0.029275,0.326889
243,0.148765,0.015295,0.416647,-0.086414,0.868946,-0.48735,-0.944094,-0.227574,-0.238471,-0.318028,0.438416,0.840641,1.3e-05,0.000114,5.5e-05,-0.0,-0.0,-0.0,0.519569,-0.19529,0.038878,0.391461,0.663832,0.67395,0.324208,-0.716403,0.697421,0.017454,-0.215167,-0.244708,0.945349,-0.000629,-0.010101,-0.00491,-0.001926,0.013252,-0.025517,0.531126,-0.004249,0.038048,0.012863,-0.583161,-0.734199,0.347669,0.774373,-0.631747,-0.035217,0.245495,0.248689,0.936955,-0.000584,-9.4e-05,-0.007091,0.041652,-0.000277,-0.009753,0.312904,0.111642,0.032327,-0.033368,-0.168282,0.86945,-0.464474,-0.908451,-0.319687,-0.269285,-0.382617,0.376637,0.843651,-0.006097,0.000664,0.000539,-0.001052,0.014677,-0.029444,0.350892
244,0.148664,0.015361,0.416595,-0.086998,0.868919,-0.487296,-0.943987,-0.22813,-0.238365,-0.318187,0.438182,0.840702,0.0,2e-06,1e-06,-0.0,-0.0,-0.0,0.520159,-0.195254,0.038742,0.391275,0.665856,0.673773,0.320401,-0.716132,0.697582,0.021671,-0.209728,-0.244737,0.946563,-0.000712,-0.011449,-0.005578,-0.054642,-0.036041,-0.006545,0.530964,-0.004232,0.037978,0.012769,-0.585415,-0.734158,0.343946,0.774347,-0.631999,-0.03103,0.240155,0.248168,0.938476,-0.000629,-0.000828,-0.007454,-0.152205,-0.173289,0.059878,0.324007,0.111592,0.032362,-0.033393,-0.168859,0.869359,-0.464436,-0.908288,-0.32023,-0.269191,-0.38275,0.376386,0.843702,-0.00609,0.005375,-0.004471,0.034687,0.003151,-0.010482,0.360363
245,0.14857,0.015525,0.416393,-0.087351,0.868877,-0.487307,-0.943743,-0.228724,-0.238759,-0.318811,0.437956,0.840584,-2.5e-05,0.009085,-0.010173,0.035743,-0.011556,0.018982,0.517762,-0.195327,0.038577,0.390752,0.669899,0.673391,0.312684,-0.715365,0.698075,0.029612,-0.199165,-0.244378,0.948934,-0.001229,-0.001006,-0.014609,-0.018231,-0.047427,0.011217,0.518752,-0.004268,0.037885,0.012513,-0.589853,-0.734019,0.336584,0.774078,-0.632666,-0.023162,0.229947,0.24688,0.941368,-0.000624,-0.000768,-0.007433,-0.611139,-0.599003,0.223444,0.343765,0.111545,0.032442,-0.033489,-0.169219,0.869279,-0.464454,-0.907982,-0.320782,-0.269566,-0.383317,0.3761,0.843573,-3.8e-05,-0.000341,-0.000161,-2.8e-05,-2e-05,7.2e-05,0.377182
246,0.148613,0.015801,0.416045,-0.087507,0.867385,-0.48993,-0.943478,-0.229924,-0.238655,-0.319552,0.440275,0.83909,-6e-06,0.009251,-0.010088,0.027859,0.061515,-0.165838,0.514151,-0.195439,0.038791,0.389982,0.673242,0.672877,0.306551,-0.714176,0.699074,0.034374,-0.192006,-0.24293,0.950779,-0.001709,0.009993,-0.023338,0.066239,-0.014109,0.011711,0.516402,-0.004325,0.037986,0.012125,-0.593647,-0.733717,0.330517,0.773256,-0.633831,-0.018187,0.222836,0.244778,0.943624,-0.000847,0.00495,-0.011689,0.061516,-0.018697,0.013768,0.357808,0.111566,0.032575,-0.03366,-0.169021,0.86781,-0.467264,-0.907624,-0.321871,-0.269474,-0.384251,0.378554,0.842049,-6e-06,0.00456,-0.005075,0.038479,0.001396,0.024776,0.386653
247,0.148727,0.016286,0.415544,-0.086991,0.865879,-0.492678,-0.943063,-0.230882,-0.239367,-0.320913,0.442726,0.837278,0.012372,0.018896,-0.02039,0.062832,0.027787,-0.120267,0.507082,-0.195491,0.039513,0.388821,0.678628,0.669396,0.302266,-0.711261,0.701523,0.04367,-0.183655,-0.245478,0.951774,-0.002207,0.020616,-0.032193,0.034458,-0.042968,0.062598,0.522368,-0.00435,0.038344,0.011548,-0.599544,-0.730517,0.326942,0.771094,-0.636663,-0.008531,0.214384,0.246988,0.945005,-0.001092,0.010219,-0.01614,-0.076134,-0.195081,0.104099,0.377403,0.111618,0.032817,-0.03391,-0.168307,0.86639,-0.470148,-0.907091,-0.322809,-0.270145,-0.385819,0.381001,0.840226,7.2e-05,0.0052,-0.004764,0.039016,0.004642,0.0266,0.394001
248,0.148811,0.016629,0.415183,-0.088035,0.864583,-0.494764,-0.9435,-0.2316,-0.23694,-0.31934,0.444875,0.83674,0.012311,0.018426,-0.020604,0.024703,-0.154683,0.008798,0.501317,-0.195523,0.04003,0.388058,0.681114,0.666159,0.303821,-0.709053,0.703511,0.04743,-0.182989,-0.248578,0.951098,-0.00283,0.02923,-0.042018,0.082499,0.050232,0.093219,0.521402,-0.004368,0.038613,0.011156,-0.602217,-0.727477,0.328802,0.769267,-0.63891,-0.004641,0.213451,0.250142,0.944387,-0.001403,0.014466,-0.021082,0.121651,0.011686,0.079857,0.388017,0.111661,0.03299,-0.03409,-0.169347,0.865152,-0.47205,-0.907488,-0.32371,-0.267721,-0.384428,0.383043,0.839935,5.8e-05,0.009708,-0.009854,-0.027547,-0.152685,-0.054107,0.394001
249,0.148969,0.017445,0.414296,-0.089324,0.861981,-0.499055,-0.944236,-0.232653,-0.232945,-0.316798,0.449346,0.835317,2e-05,0.028107,-0.030002,0.082091,-0.143717,0.012932,0.495906,-0.195476,0.041196,0.386243,0.685608,0.656605,0.314331,-0.703287,0.70883,0.053677,-0.188412,-0.258703,0.947331,-0.003064,0.025411,-0.043815,-0.01777,0.195181,0.145144,0.518103,-0.004343,0.039189,0.010266,-0.606813,-0.718596,0.339702,0.764452,-0.644677,0.001815,0.217694,0.260787,0.94053,0.004166,0.01802,-0.026736,0.013068,0.171681,0.234843,0.397815,0.111744,0.033396,-0.034529,-0.17025,0.862436,-0.476672,-0.908219,-0.325005,-0.263644,-0.382298,0.388038,0.838614,-2.1e-05,0.009021,-0.010172,0.052847,-0.135521,-0.002352,0.394491
250,0.149041,0.018268,0.413363,-0.092389,0.859796,-0.502256,-0.946326,-0.232653,-0.224301,-0.309598,0.453505,0.835769,-0.000127,0.017524,-0.020556,0.058139,-0.190991,0.18424,0.491228,-0.195332,0.042294,0.384198,0.690611,0.645318,0.326516,-0.696722,0.714647,0.061573,-0.194465,-0.270836,0.942706,0.008361,0.018614,-0.047975,-0.056801,0.232634,0.207396,0.500315,-0.004275,0.039745,0.009248,-0.612075,-0.707993,0.352291,0.75888,-0.651155,0.009874,0.222406,0.273391,0.935837,0.00393,0.014114,-0.028634,-0.049876,0.273805,0.226808,0.398794,0.11178,0.033812,-0.034999,-0.173116,0.860003,-0.480025,-0.910467,-0.325609,-0.255005,-0.375606,0.392901,0.839373,-6.7e-05,0.0086,-0.010357,0.058804,-0.099746,-0.018878,0.396777
251,0.149022,0.018649,0.412938,-0.094189,0.858694,-0.503803,-0.94736,-0.232785,-0.219755,-0.305871,0.455516,0.836047,-0.000174,0.017106,-0.020744,0.005474,-0.293179,-0.104598,0.490938,-0.195207,0.042727,0.383205,0.692817,0.640345,0.331595,-0.693767,0.71723,0.06482,-0.197181,-0.275773,0.940708,0.00836,0.018499,-0.048016,-0.021084,0.184046,0.179528,0.487,-0.004212,0.039957,0.008749,-0.614487,-0.703188,0.357674,0.756284,-0.654107,0.013325,0.224587,0.278691,0.933751,0.004184,0.008811,-0.024231,-0.030744,0.212453,0.170299,0.392589,0.111771,0.034003,-0.035211,-0.174584,0.859397,-0.480578,-0.911602,-0.325547,-0.250995,-0.372156,0.394276,0.840264,1e-05,0.009272,-0.010027,-0.025303,-0.47456,-0.145892,0.400043
252,0.148944,0.01917,0.412312,-0.096329,0.857545,-0.505355,-0.948144,-0.233489,-0.215584,-0.302756,0.457315,0.836199,-0.000173,0.0078,-0.010726,0.03023,-0.036339,0.008796,0.487809,-0.194728,0.043376,0.381551,0.697007,0.631552,0.339581,-0.688345,0.721892,0.070628,-0.2014,-0.283781,0.937427,0.021049,0.01317,-0.037392,0.019198,0.080694,0.132424,0.464554,-0.003978,0.040272,0.007912,-0.61908,-0.694739,0.366165,0.751513,-0.659431,0.01943,0.227962,0.287207,0.930346,0.010577,0.006995,-0.018495,0.044675,0.054035,0.128502,0.371035,0.111732,0.034265,-0.035529,-0.176527,0.857438,-0.483359,-0.912393,-0.326785,-0.246475,-0.369292,0.397504,0.840007,-0.000103,0.003668,-0.005475,0.041576,-0.007277,0.023943,0.405595
253,0.148899,0.019272,0.41197,-0.096714,0.857483,-0.505386,-0.947826,-0.234246,-0.216165,-0.303631,0.457044,0.83603,-0.000525,0.004777,-0.012187,0.035708,-0.011855,0.018863,0.487331,-0.193946,0.043917,0.380461,0.700966,0.623939,0.345454,-0.683511,0.72591,0.076158,-0.204119,-0.290299,0.934839,0.022304,0.01512,-0.022225,-0.007049,0.055213,0.159982,0.466034,-0.003597,0.040523,0.007364,-0.623256,-0.687765,0.372196,0.747443,-0.663858,0.024907,0.229955,0.293719,0.927819,0.011441,0.002373,-0.006702,-0.05838,0.089415,0.160643,0.365646,0.11171,0.03432,-0.035698,-0.176873,0.857517,-0.483093,-0.911967,-0.327392,-0.247244,-0.370177,0.396834,0.839934,-0.000352,-0.003074,-0.001487,-0.000746,0.012243,-0.026027,0.410004
254,0.148939,0.019076,0.411841,-0.096926,0.857465,-0.505375,-0.947785,-0.234452,-0.216121,-0.30369,0.456972,0.836048,-0.000661,-0.005674,-0.002755,-0.001047,0.011185,-0.026539,0.491066,-0.193067,0.044254,0.379986,0.702714,0.61831,0.351962,-0.680434,0.728483,0.079092,-0.208366,-0.295852,0.932158,0.023106,0.009761,-0.010805,-0.085436,0.124075,0.175931,0.486194,-0.003153,0.040706,0.007117,-0.625023,-0.682761,0.378395,0.744822,-0.666703,0.027306,0.233634,0.298904,0.92524,0.011579,0.005087,-0.005312,-0.166955,0.245294,0.226658,0.388344,0.11173,0.034225,-0.035767,-0.177044,0.857486,-0.483085,-0.911901,-0.327572,-0.247248,-0.370258,0.396753,0.839937,-0.000285,-0.002475,-0.001202,-7e-06,1.7e-05,2.2e-05,0.417678
255,0.148983,0.018977,0.411791,-0.097184,0.857451,-0.505351,-0.947765,-0.234655,-0.21599,-0.303671,0.456896,0.836097,-0.000477,-0.004099,-0.001992,-0.0,-0.0,-0.0,0.493466,-0.192645,0.044305,0.379886,0.702792,0.616304,0.355309,-0.679429,0.729434,0.078971,-0.211375,-0.297692,0.930894,0.023582,-0.001884,-0.002622,-0.029579,0.047514,0.089654,0.496321,-0.002941,0.04074,0.007071,-0.625245,-0.680401,0.382258,0.743774,-0.667851,0.027819,0.236364,0.301707,0.923636,0.011846,-0.0001,-0.000895,0.13477,0.215209,0.018931,0.404183,0.111751,0.034173,-0.035793,-0.177321,0.85744,-0.483065,-0.911858,-0.327793,-0.247112,-0.37023,0.39667,0.839989,0.005773,-0.003317,-0.001825,-9.4e-05,-0.003539,0.003017,0.422414
256,0.149091,0.018816,0.411675,-0.097414,0.857426,-0.505347,-0.947722,-0.234877,-0.215934,-0.303729,0.456827,0.836113,-0.000497,-0.004286,-0.002087,-0.0,-0.0,-0.0,0.495212,-0.19193,0.044218,0.37979,0.701901,0.612276,0.363928,-0.677693,0.731245,0.077115,-0.219775,-0.301538,0.927705,0.02352,-0.003278,-0.003338,-0.020686,0.001561,0.077956,0.508788,-0.002579,0.040706,0.007023,-0.624219,-0.676391,0.390954,0.742074,-0.669813,0.02599,0.244287,0.30634,0.920042,0.005833,-0.00182,-0.001362,-0.005132,-0.003137,0.016395,0.433575,0.111805,0.034092,-0.035851,-0.177546,0.857391,-0.483069,-0.911794,-0.328011,-0.247061,-0.37028,0.396595,0.840002,-0.000257,0.002417,-0.006087,0.034655,-0.000636,-0.007649,0.431395
257,0.149196,0.018776,0.411499,-0.097383,0.857398,-0.505401,-0.947612,-0.235035,-0.216245,-0.304082,0.456799,0.836,-0.000281,0.006886,-0.011172,0.03571,-0.011829,0.018876,0.492661,-0.19148,0.04401,0.379629,0.701728,0.610388,0.367418,-0.676911,0.731967,0.077129,-0.222729,-0.303609,0.926324,0.011525,-0.006535,-0.004189,-0.012904,0.004004,0.040968,0.515543,-0.002349,0.040606,0.006944,-0.624043,-0.674591,0.39433,0.74136,-0.670601,0.026017,0.246887,0.308577,0.9186,0.005729,-0.003994,-0.002478,0.005113,-0.005061,0.007617,0.45219,0.111857,0.034066,-0.035936,-0.177527,0.857367,-0.483118,-0.911668,-0.328147,-0.247345,-0.3706,0.396534,0.83989,0.005919,-0.002103,-0.001234,-5e-05,-0.003516,0.003041,0.436947
258,0.149265,0.018826,0.411379,-0.097233,0.85738,-0.505461,-0.947519,-0.235086,-0.216596,-0.304419,0.456806,0.835873,0.012035,-0.002469,-0.001621,0.000984,-0.014715,0.029553,0.488977,-0.191427,0.043878,0.379514,0.701577,0.610494,0.36753,-0.677024,0.73188,0.076974,-0.222865,-0.303606,0.926292,-0.000431,-0.008648,-0.004454,-0.001967,0.014246,-0.024975,0.518104,-0.002319,0.040542,0.006887,-0.62391,-0.674775,0.394224,0.74143,-0.670537,0.025681,0.247014,0.308313,0.918654,-0.000484,0.001114,-0.006518,0.039217,-0.003498,-0.010639,0.459212,0.111887,0.034093,-0.036001,-0.177383,0.857365,-0.483175,-0.911551,-0.328194,-0.247713,-0.370956,0.396499,0.839749,-6.2e-05,0.004098,-0.005267,0.035702,-0.011827,0.018884,0.43662
259,0.149428,0.019084,0.411052,-0.096896,0.855842,-0.508126,-0.947309,-0.235843,-0.216692,-0.305179,0.459291,0.834233,0.01226,0.008838,-0.010629,0.034627,-0.035765,0.044608,0.481811,-0.191687,0.043672,0.379073,0.700669,0.609863,0.370299,-0.677477,0.731388,0.077655,-0.224342,-0.306055,0.925129,-0.012984,-0.000426,-0.013585,0.019953,0.114772,-0.209741,0.517299,-0.002439,0.040433,0.006673,-0.623037,-0.674015,0.396897,0.741799,-0.670098,0.026483,0.24811,0.310918,0.91748,-0.006501,-0.000526,-0.006952,0.040107,0.008664,-0.040611,0.46607,0.111973,0.034222,-0.036164,-0.1768,0.855827,-0.486108,-0.911265,-0.328969,-0.247739,-0.371936,0.399174,0.838047,0.006146,0.004514,-0.005271,0.040316,-0.009993,0.055528,0.432374
260,0.149572,0.01951,0.410656,-0.099422,0.856172,-0.507079,-0.948164,-0.236027,-0.212717,-0.301691,0.45858,0.835891,0.012397,0.010112,-0.01,-2.278754,1.045943,-1.279592,0.477758,-0.1922,0.043857,0.378649,0.697541,0.616842,0.364601,-0.684862,0.723464,0.086588,-0.211229,-0.310884,0.926605,-0.012542,0.008235,-0.009099,0.033282,0.004314,-0.011288,0.517032,-0.002701,0.040509,0.006448,-0.619508,-0.680722,0.390929,0.749084,-0.661541,0.03514,0.234695,0.314609,0.919749,-0.006263,0.004141,-0.00453,0.048183,0.00202,-0.019177,0.470316,0.112041,0.034431,-0.036358,-0.177746,0.85598,-0.485493,-0.911516,-0.329138,-0.246588,-0.370869,0.398705,0.838743,0.000131,0.005758,-0.004453,0.036114,-0.011308,0.019261,0.430252
261,0.14963,0.019779,0.410394,-0.099662,0.854622,-0.50964,-0.947946,-0.237159,-0.212425,-0.302293,0.460878,0.834408,0.00016,0.020082,-0.019228,0.061868,0.043393,-0.149633,0.473781,-0.192539,0.044121,0.378501,0.695634,0.621182,0.360856,-0.688809,0.719293,0.089958,-0.204543,-0.311929,0.927753,-0.024103,0.01383,-0.005364,0.017824,0.003073,-0.033763,0.5166,-0.002862,0.040629,0.006372,-0.617415,-0.684876,0.386966,0.752855,-0.657072,0.038275,0.228051,0.314961,0.921298,-0.012046,0.006946,-0.002659,-0.137783,-0.166096,0.042475,0.472275,0.112074,0.034561,-0.036481,-0.179293,0.854365,-0.487763,-0.911904,-0.330373,-0.243483,-0.369168,0.401139,0.838333,0.006167,0.004732,-0.005158,0.04128,-0.012826,0.05513,0.429109
262,0.149708,0.020307,0.409887,-0.104058,0.853376,-0.510848,-0.948591,-0.239459,-0.206897,-0.298767,0.461995,0.83506,7.9e-05,0.010033,-0.009608,0.033934,-0.019722,0.015564,0.466823,-0.193297,0.044758,0.378299,0.679564,0.638301,0.361602,-0.706381,0.702271,0.088179,-0.198499,-0.316163,0.927632,-0.012062,0.016363,-0.004879,0.035927,-0.010807,0.013033,0.514077,-0.00325,0.040959,0.006272,-0.599815,-0.700587,0.386521,0.768806,-0.638479,0.035784,0.221716,0.318624,0.921585,-0.011964,0.008049,-0.002084,0.031249,0.019622,-0.041655,0.474561,0.112114,0.034833,-0.036742,-0.18363,0.852693,-0.489075,-0.912395,-0.332999,-0.238006,-0.365807,0.402525,0.839141,7.8e-05,0.009952,-0.009648,0.080063,-0.008451,0.047047,0.424047
263,0.149738,0.0208,0.409376,-0.106815,0.848653,-0.518096,-0.948062,-0.243886,-0.204133,-0.29947,0.468327,0.831273,2.3e-05,0.009545,-0.009837,-0.019694,-0.145617,-0.253248,0.459746,-0.194189,0.045325,0.378209,0.673271,0.643963,0.363329,-0.712429,0.696378,0.086235,-0.198316,-0.317724,0.927138,-0.023317,0.006232,0.004871,-0.016057,0.127753,-0.231499,0.505859,-0.003691,0.041251,0.006226,-0.593126,-0.705613,0.387699,0.774085,-0.632185,0.033665,0.221343,0.32008,0.92117,-0.01187,0.009182,-0.001496,0.03395,0.004478,-0.015622,0.471459,0.112129,0.03508,-0.036997,-0.185518,0.848174,-0.496167,-0.911465,-0.337203,-0.235634,-0.367168,0.408525,0.835639,1.4e-05,0.004723,-0.004943,-0.029679,-0.299017,-0.102075,0.417352
264,0.149727,0.021206,0.408912,-0.109005,0.8439,-0.525353,-0.947637,-0.247745,-0.20144,-0.300021,0.474836,0.827372,-0.000141,0.008099,-0.010534,-0.062853,-0.331985,-0.332579,0.457035,-0.195225,0.045732,0.378334,0.662874,0.653612,0.365214,-0.722793,0.685784,0.084877,-0.195802,-0.321066,0.926521,-0.03507,0.006784,0.005972,-0.018078,0.143026,-0.260708,0.491909,-0.004196,0.041455,0.006287,-0.581871,-0.714325,0.388799,0.783376,-0.620724,0.031959,0.218508,0.323172,0.920767,-0.017516,0.003754,0.003187,-0.006329,0.04606,-0.087205,0.462478,0.112123,0.035285,-0.037228,-0.186999,0.844106,-0.502509,-0.910684,-0.340767,-0.233521,-0.368355,0.413959,0.832437,-7.8e-05,0.003898,-0.005345,-0.115529,-0.653123,-0.283524,0.413269
265,0.149726,0.021383,0.408705,-0.114481,0.841637,-0.527812,-0.945972,-0.254535,-0.200798,-0.303212,0.475261,0.825964,-4.9e-05,0.008903,-0.010138,0.042088,0.031502,-0.219441,0.456609,-0.195766,0.045875,0.378447,0.65759,0.658388,0.366184,-0.727975,0.680343,0.084369,-0.194397,-0.322889,0.926183,-0.034974,0.00791,0.006544,-0.004405,0.031501,-0.062673,0.481424,-0.004475,0.041527,0.006345,-0.575985,-0.718711,0.389478,0.788136,-0.614707,0.031215,0.216981,0.324942,0.920505,-0.011607,0.003512,0.002649,-0.014519,0.114253,-0.205791,0.452844,0.112123,0.035371,-0.037333,-0.192151,0.840275,-0.506965,-0.908332,-0.347838,-0.23225,-0.371497,0.415866,0.830087,-2.9e-05,0.004341,-0.005122,0.116549,0.024541,-0.10319,0.412126
266,0.149711,0.02164,0.408353,-0.114927,0.836884,-0.535222,-0.945819,-0.256829,-0.19859,-0.303522,0.482359,0.821725,-0.000161,0.00792,-0.010613,0.011068,-0.119305,-0.026884,0.456648,-0.197014,0.046137,0.378714,0.642556,0.671862,0.368394,-0.742495,0.664602,0.083302,-0.189663,-0.327909,0.925401,-0.034862,0.008746,0.006959,-0.004853,0.031403,-0.063789,0.452725,-0.00509,0.041654,0.006475,-0.559746,-0.730839,0.390586,0.801142,-0.597738,0.029662,0.21179,0.329518,0.920088,-0.017472,0.00387,0.003241,-0.009891,0.031329,-0.074268,0.426391,0.112115,0.035501,-0.037508,-0.192093,0.83586,-0.514233,-0.907945,-0.350244,-0.230139,-0.372472,0.422688,0.826195,-0.000139,-0.001257,-0.000613,-0.023942,-0.104013,-0.044224,0.41229
267,0.149695,0.021823,0.408062,-0.116717,0.833877,-0.539511,-0.946253,-0.258283,-0.194593,-0.301476,0.486764,0.819878,-0.000125,0.008227,-0.010459,-0.068677,-0.465032,-0.174968,0.45915,-0.198267,0.046467,0.378974,0.635399,0.677473,0.370528,-0.74885,0.657577,0.082161,-0.188774,-0.330534,0.924648,-0.034737,0.009619,0.007388,-0.004411,0.031504,-0.06267,0.421979,-0.005726,0.041822,0.006607,-0.552002,-0.73583,0.392233,0.806796,-0.59015,0.028308,0.210647,0.332079,0.919429,-0.017385,0.004688,0.003652,-0.004349,0.031682,-0.062038,0.392099,0.112107,0.035591,-0.037654,-0.19344,0.834242,-0.516352,-0.908322,-0.351214,-0.227154,-0.370852,0.425074,0.825699,-0.000111,-0.001028,-0.000506,-0.116064,-0.525478,-0.221585,0.415392
268,0.149692,0.021888,0.407942,-0.116746,0.833856,-0.539537,-0.946138,-0.258493,-0.194872,-0.301825,0.486689,0.819794,-0.00014,0.008096,-0.010521,0.034394,-0.017678,0.01638,0.460714,-0.198916,0.046674,0.379126,0.625646,0.685882,0.37165,-0.757846,0.647265,0.081556,-0.185391,-0.333549,0.92425,-0.034601,0.01096,0.008061,-0.02105,0.027853,-0.104044,0.40916,-0.006038,0.041919,0.00668,-0.541777,-0.743216,0.392563,0.81463,-0.579329,0.027463,0.207012,0.334673,0.919314,-0.017309,0.00548,0.004052,-0.190692,-0.011132,-0.526687,0.374628,0.112106,0.035625,-0.037714,-0.193475,0.832824,-0.518624,-0.908173,-0.352024,-0.226494,-0.371198,0.42718,0.824456,-0.000101,0.003745,-0.005409,0.039597,0.017074,0.000388,0.417841
269,0.149687,0.021968,0.407796,-0.117169,0.832228,-0.541954,-0.946039,-0.259486,-0.194034,-0.301972,0.488939,0.8184,-6.3e-05,-0.000551,-0.00027,-0.000352,-0.001534,-0.000656,0.461631,-0.200034,0.047084,0.379438,0.622651,0.687523,0.373642,-0.760082,0.644767,0.080528,-0.186316,-0.335012,0.923535,-0.034359,0.013127,0.009134,-0.014554,0.114775,-0.210597,0.388628,-0.00661,0.042126,0.006837,-0.538384,-0.744712,0.394391,0.816693,-0.576469,0.026347,0.207734,0.336282,0.918564,-0.011364,0.005653,0.003712,-0.002227,0.016343,-0.032902,0.346215,0.112103,0.035665,-0.037792,-0.193641,0.831298,-0.521004,-0.907978,-0.352996,-0.225762,-0.371588,0.429344,0.823155,-2.8e-05,-0.000274,-0.000135,0.003003,0.012966,0.005545,0.42176
270,0.149682,0.021958,0.407737,-0.118954,0.832416,-0.541276,-0.946546,-0.259627,-0.191355,-0.299677,0.488544,0.819479,-0.00018,-0.001574,-0.000771,-0.0,-0.0,-0.0,0.462094,-0.201,0.047522,0.379815,0.620379,0.688757,0.375146,-0.761799,0.642815,0.079904,-0.186881,-0.336229,0.922978,-0.022386,0.014601,0.009017,-0.000658,0.0022,-0.00835,0.372622,-0.007097,0.042344,0.007026,-0.535804,-0.745811,0.395825,0.818269,-0.574263,0.025617,0.208203,0.337617,0.917967,-0.011048,0.001351,0.008542,-0.038573,0.028938,-0.05025,0.321231,0.112101,0.035663,-0.03782,-0.195464,0.831353,-0.520235,-0.908536,-0.353236,-0.223125,-0.369262,0.42904,0.82436,-9.8e-05,-0.000871,-0.000427,0.002186,0.010386,-0.024617,0.423557
271,0.14967,0.021927,0.407734,-0.118911,0.83242,-0.541279,-0.946558,-0.259582,-0.191357,-0.299655,0.488562,0.819476,-5.2e-05,-0.000458,-0.000224,-0.0,-0.0,-0.0,0.46281,-0.201776,0.047864,0.380352,0.618624,0.689684,0.37634,-0.763224,0.641113,0.079978,-0.186881,-0.337582,0.922484,-0.021949,0.003696,0.017513,-0.038667,0.02899,-0.050548,0.376476,-0.007485,0.042524,0.007294,-0.533951,-0.746578,0.396884,0.819512,-0.572487,0.025632,0.208075,0.338938,0.91751,-0.01115,0.007546,0.004625,-0.000593,0.002244,-0.00811,0.314536,0.112095,0.035646,-0.037823,-0.195403,0.831363,-0.520242,-0.908546,-0.35319,-0.223159,-0.36927,0.429059,0.824346,-2.9e-05,-0.000253,-0.000123,2.1e-05,-3.7e-05,5e-05,0.42568
272,0.149679,0.021919,0.407729,-0.118761,0.832426,-0.541303,-0.946573,-0.259468,-0.191436,-0.299668,0.488612,0.819442,-5.8e-05,-0.00051,-0.00025,-0.0,-0.0,-0.0,0.463379,-0.202065,0.047988,0.380636,0.617829,0.690093,0.376896,-0.763895,0.640292,0.080154,-0.186773,-0.338305,0.922241,-0.010558,0.014434,0.008043,0.001386,-0.012941,0.020931,0.382819,-0.007638,0.042587,0.007442,-0.533061,-0.746935,0.397409,0.82014,-0.571579,0.025799,0.207881,0.339684,0.917278,-0.005293,0.007174,0.004012,0.001437,-0.012944,0.02111,0.318292,0.112099,0.035642,-0.037825,-0.195253,0.831386,-0.520262,-0.908572,-0.353076,-0.223236,-0.369287,0.429109,0.824312,-3.3e-05,-0.000303,-0.000148,1.2e-05,-8e-06,4.7e-05,0.426823
273,0.149697,0.021925,0.407721,-0.123624,0.831708,-0.541317,-0.945018,-0.265034,-0.191491,-0.302586,0.486847,0.819419,-0.0,-0.0,-0.0,-0.0,-0.0,-0.0,0.465662,-0.202498,0.04812,0.381187,0.616578,0.690719,0.377796,-0.765006,0.638889,0.080752,-0.186354,-0.339682,0.921819,-0.010795,0.011258,0.006429,-0.000328,0.001161,-0.004141,0.384874,-0.00785,0.042654,0.007718,-0.53172,-0.747455,0.398226,0.821151,-0.5701,0.026363,0.207324,0.341021,0.916908,-0.00523,0.000138,0.00748,-0.036581,0.013868,-0.021152,0.325314,0.112108,0.035645,-0.037829,-0.200023,0.830149,-0.520424,-0.906421,-0.358455,-0.223406,-0.372009,0.427037,0.824164,-0.0,1.9e-05,8e-06,-0.000196,9e-06,0.000127,0.429599
274,0.149715,0.021923,0.407719,-0.123575,0.831709,-0.541327,-0.945023,-0.264998,-0.191516,-0.30259,0.486865,0.819407,-0.0,-0.0,-0.0,-0.0,-0.0,-0.0,0.468374,-0.202759,0.048126,0.381737,0.611728,0.694701,0.378378,-0.769542,0.633295,0.081702,-0.183622,-0.342038,0.921497,0.001208,-0.000846,0.013543,-0.034573,-0.00131,0.007991,0.385335,-0.007985,0.04266,0.007989,-0.526503,-0.751014,0.398461,0.825235,-0.564136,0.02714,0.204404,0.343113,0.916782,-0.005263,-0.000316,0.007244,-0.036922,0.014432,-0.020921,0.327926,0.112118,0.035644,-0.03783,-0.19997,0.830158,-0.520432,-0.906432,-0.358413,-0.22343,-0.372012,0.427057,0.824153,-6e-06,1e-05,5e-06,-0.000103,-8.2e-05,7.9e-05,0.433681
275,0.149714,0.021915,0.407715,-0.123596,0.831708,-0.541324,-0.945021,-0.265014,-0.191505,-0.302589,0.486858,0.819412,-3e-05,-0.000263,-0.000129,-0.0,-0.0,-0.0,0.469847,-0.202798,0.048066,0.382015,0.611392,0.694845,0.378658,-0.769914,0.632767,0.082289,-0.183179,-0.342725,0.921329,0.00145,-0.013095,0.02144,-0.070858,0.011393,-0.009123,0.383738,-0.008004,0.042636,0.008126,-0.526156,-0.751123,0.398714,0.825577,-0.563608,0.027699,0.203913,0.343743,0.916656,0.000516,-0.001351,0.006314,-0.036268,0.012779,-0.016941,0.328253,0.112117,0.035641,-0.037831,-0.199989,0.830154,-0.520429,-0.906429,-0.358426,-0.223419,-0.372008,0.427051,0.824158,-2.5e-05,-0.00016,-7.9e-05,-8.3e-05,-5.9e-05,6.8e-05,0.43515
276,0.149713,0.0219,0.407708,-0.123639,0.831706,-0.541317,-0.945017,-0.265046,-0.191482,-0.302585,0.486844,0.819422,-4.2e-05,-0.000369,-0.000181,-0.0,-0.0,-0.0,0.47262,-0.202813,0.047896,0.382605,0.61101,0.694976,0.379035,-0.770476,0.631896,0.083714,-0.182086,-0.344067,0.921046,0.001121,-0.001875,0.013026,-0.034568,-0.001286,0.008012,0.378472,-0.008012,0.042544,0.008423,-0.525737,-0.751224,0.399076,0.826148,-0.562698,0.029127,0.202678,0.34501,0.916454,0.000533,-0.001137,0.006417,-0.034515,-0.001294,0.008112,0.324171,0.112116,0.035633,-0.037835,-0.200028,0.830148,-0.520424,-0.906423,-0.358456,-0.223397,-0.372002,0.427039,0.824167,-2.7e-05,-0.000225,-0.00011,-4.6e-05,-4e-06,6.2e-05,0.438253
277,0.14972,0.021883,0.407699,-0.123657,0.831704,-0.541315,-0.945015,-0.26506,-0.191472,-0.302583,0.486839,0.819425,-1e-05,-8.8e-05,-4.3e-05,-0.0,-0.0,-0.0,0.477916,-0.202776,0.047661,0.383211,0.610633,0.695096,0.37942,-0.771053,0.630985,0.085262,-0.180897,-0.345498,0.920745,0.01313,-0.013623,0.020367,-0.068817,-0.003855,0.020098,0.384128,-0.007998,0.042431,0.008719,-0.525321,-0.751321,0.399441,0.826725,-0.561772,0.030606,0.2014,0.346306,0.916247,0.000489,-0.001679,0.006148,-0.034551,-0.00127,0.008091,0.32564,0.11212,0.035624,-0.03784,-0.200045,0.830145,-0.520423,-0.90642,-0.358468,-0.223387,-0.371999,0.427035,0.82417,-4e-06,-4.2e-05,-2.2e-05,-1.5e-05,-0.0,5.8e-05,0.444295
278,0.149754,0.021857,0.407685,-0.123477,0.83171,-0.541347,-0.945034,-0.264925,-0.191567,-0.302599,0.486902,0.819382,-8.3e-05,-0.00073,-0.000358,-0.0,-0.0,-0.0,0.482075,-0.202716,0.047353,0.383823,0.610185,0.695248,0.379864,-0.771696,0.629976,0.086881,-0.179654,-0.347034,0.92041,0.000968,-0.003685,0.012137,-0.034566,-0.001269,0.008021,0.392123,-0.007964,0.042279,0.009025,-0.524879,-0.751421,0.399835,0.827345,-0.560768,0.03222,0.200004,0.347713,0.91602,0.000493,-0.001613,0.00618,-0.03455,-0.00127,0.008054,0.332825,0.112137,0.035612,-0.037846,-0.199864,0.830172,-0.52045,-0.906452,-0.358331,-0.223478,-0.372019,0.427098,0.824128,0.006033,-0.000939,-0.000668,0.000967,-0.014721,0.029588,0.451479
279,0.14978,0.021847,0.407679,-0.123425,0.831711,-0.541359,-0.945039,-0.264887,-0.191593,-0.302603,0.486922,0.819369,0.01215,-0.001153,-0.000978,0.000984,-0.014715,0.029553,0.483698,-0.202703,0.047213,0.384121,0.610054,0.695278,0.380018,-0.771945,0.62956,0.087688,-0.17903,-0.347728,0.92027,0.00101,-0.003188,0.012381,-0.034566,-0.001264,0.008024,0.394452,-0.007957,0.042202,0.009181,-0.524713,-0.751449,0.399999,0.827624,-0.560307,0.033059,0.19928,0.348396,0.915918,0.000662,-0.00719,0.010424,-0.072577,0.025159,-0.034366,0.337561,0.112145,0.035606,-0.037849,-0.199836,0.830175,-0.520455,-0.906457,-0.35831,-0.223492,-0.372022,0.427109,0.824121,-1.2e-05,-0.000103,-5.1e-05,-1e-05,-7e-06,2.8e-05,0.454092
280,0.149848,0.021809,0.407636,-0.123327,0.831707,-0.541386,-0.945033,-0.264842,-0.191685,-0.302662,0.486953,0.819329,-0.000149,-0.001309,-0.000642,0.0,-0.0,0.0,0.483651,-0.202666,0.046924,0.384754,0.609813,0.695324,0.380319,-0.772441,0.628709,0.089405,-0.177698,-0.349176,0.91998,0.001432,-0.013359,0.021359,-0.070868,0.011276,-0.009187,0.391967,-0.007939,0.042061,0.009494,-0.524468,-0.751472,0.400276,0.828127,-0.559461,0.034744,0.19783,0.349702,0.915735,0.000497,-0.001554,0.006207,-0.034545,-0.001264,0.008027,0.339846,0.112184,0.035589,-0.03787,-0.199712,0.830186,-0.520485,-0.906458,-0.358243,-0.223594,-0.372085,0.427144,0.824075,-9.3e-05,-0.000828,-0.000406,-3e-06,1.8e-05,2.7e-05,0.456705
281,0.149952,0.021761,0.407598,-0.123147,0.831706,-0.541429,-0.945044,-0.264723,-0.191798,-0.302703,0.487019,0.819274,-0.00019,-0.001676,-0.000822,0.0,0.0,0.0,0.483222,-0.202626,0.046596,0.385441,0.609411,0.695445,0.380744,-0.773081,0.627658,0.091234,-0.176282,-0.350826,0.919624,0.001478,-0.012827,0.021632,-0.070871,0.011244,-0.009204,0.390609,-0.007918,0.041896,0.009837,-0.524035,-0.751561,0.400676,0.828775,-0.558385,0.036554,0.196259,0.351226,0.915489,0.000525,-0.001233,0.006367,-0.034556,-0.001235,0.008021,0.33903,0.112236,0.035565,-0.037889,-0.199532,0.830206,-0.520523,-0.906479,-0.358122,-0.223704,-0.372131,0.427207,0.824021,0.005981,-0.00142,-0.000905,-2.7e-05,-0.003184,0.003176,0.457684
282,0.150005,0.021741,0.407586,-0.123044,0.831707,-0.541451,-0.945054,-0.264646,-0.191851,-0.302711,0.487059,0.819247,0.011982,-0.002678,-0.001726,-1.9e-05,-0.003178,0.003163,0.482496,-0.202606,0.046431,0.385832,0.609278,0.695466,0.380918,-0.773371,0.627149,0.092283,-0.175465,-0.351697,0.919448,0.001612,-0.011246,0.022406,-0.070873,0.011227,-0.009214,0.390631,-0.007909,0.041811,0.010026,-0.523888,-0.751576,0.400842,0.829075,-0.557872,0.037569,0.195383,0.352011,0.915376,0.000795,-0.005606,0.011209,-0.070875,0.011246,-0.009223,0.338867,0.112258,0.035556,-0.037894,-0.199432,0.830218,-0.520541,-0.906496,-0.358047,-0.223754,-0.372143,0.427245,0.823996,-4e-06,-4.8e-05,-2.4e-05,-7e-06,-1e-05,5e-06,0.457684
283,0.150096,0.021726,0.407576,-0.122823,0.831711,-0.541495,-0.945077,-0.264482,-0.191966,-0.302731,0.487142,0.819191,-1e-06,-1.1e-05,-5e-06,0.0,0.0,0.0,0.483086,-0.202547,0.046103,0.386624,0.609056,0.695485,0.381238,-0.77392,0.626152,0.094419,-0.173798,-0.353435,0.919098,0.001727,-0.009886,0.023073,-0.070876,0.01119,-0.009234,0.389175,-0.007879,0.041646,0.010427,-0.523655,-0.751575,0.401148,0.829657,-0.556858,0.039717,0.193532,0.353614,0.915151,0.000868,-0.004731,0.011637,-0.070875,0.011203,-0.009254,0.338377,0.112308,0.035545,-0.037902,-0.199208,0.830247,-0.520581,-0.906534,-0.35788,-0.223865,-0.37217,0.427329,0.823941,5e-06,2.8e-05,1.1e-05,1.2e-05,1e-05,1.7e-05,0.457848
284,0.15016,0.021721,0.407571,-0.122652,0.831714,-0.541529,-0.945094,-0.264355,-0.192054,-0.302745,0.487205,0.819148,0.012179,-0.000939,-0.000873,0.000984,-0.014715,0.029553,0.48446,-0.202473,0.045784,0.387482,0.607882,0.695348,0.383356,-0.774646,0.62523,0.094575,-0.174674,-0.355336,0.918198,0.001745,-0.009676,0.023181,-0.070879,0.011148,-0.009256,0.385936,-0.007843,0.041492,0.010848,-0.522385,-0.751363,0.403195,0.830294,-0.555902,0.039803,0.194231,0.355563,0.914247,0.000883,-0.004539,0.011733,-0.071101,0.010921,-0.009164,0.336254,0.112335,0.035543,-0.037903,-0.199062,0.830267,-0.520605,-0.906559,-0.357771,-0.223939,-0.372187,0.427382,0.823905,-2e-06,1.4e-05,6e-06,-1.8e-05,-3.6e-05,-1.5e-05,0.458828
285,0.150196,0.021718,0.407568,-0.127478,0.830976,-0.541548,-0.943523,-0.269874,-0.192104,-0.305633,0.48544,0.819124,-0.0,-0.0,-0.0,0.0,0.0,-0.0,0.485804,-0.202445,0.045596,0.38826,0.604628,0.694995,0.3891,-0.775706,0.624579,0.090078,-0.181166,-0.35717,0.916226,0.001872,-0.008158,0.023908,0.479502,0.54888,-0.27155,0.383424,-0.007829,0.041393,0.011245,-0.519191,-0.750855,0.408234,0.831021,-0.555076,0.035954,0.199605,0.357919,0.912168,0.000671,0.000549,0.007215,1.792418,1.834772,-0.950784,0.332662,0.112358,0.035542,-0.037905,-0.203771,0.829016,-0.520776,-0.9044,-0.363087,-0.224116,-0.374883,0.425322,0.823749,-4e-06,8e-06,3e-06,-0.00029,0.000112,9e-05,0.460787
286,0.150215,0.021717,0.407567,-0.127429,0.830977,-0.541557,-0.943528,-0.269838,-0.192129,-0.305637,0.485458,0.819111,-0.0,-0.0,-0.0,0.0,0.0,-0.0,0.486355,-0.202425,0.045555,0.388606,0.604924,0.694811,0.388967,-0.775652,0.624507,0.091039,-0.180405,-0.357655,0.916188,0.001403,0.001514,0.014621,-0.034559,-0.001194,0.008061,0.384699,-0.007818,0.041371,0.011423,-0.519143,-0.750652,0.408668,0.83106,-0.554997,0.036286,0.199572,0.358466,0.91196,0.000704,0.000938,0.007397,-0.035774,-0.002398,0.008657,0.332335,0.112367,0.035541,-0.037906,-0.203721,0.829024,-0.520783,-0.90441,-0.363048,-0.224139,-0.374886,0.42534,0.823738,-4e-06,6e-06,3e-06,-0.000127,-3.1e-05,0.000119,0.461767
287,0.15025,0.021706,0.40756,-0.127353,0.830978,-0.541573,-0.943536,-0.269782,-0.192169,-0.305644,0.485487,0.819092,-1e-06,-9e-06,-4e-06,0.0,0.0,0.0,0.488359,-0.202398,0.0456,0.389171,0.604988,0.694726,0.389019,-0.775837,0.624088,0.092326,-0.179388,-0.358551,0.916037,0.0013,0.000287,0.01402,-0.034559,-0.001185,0.008066,0.385429,-0.007805,0.041392,0.011705,-0.519201,-0.750581,0.408725,0.831289,-0.554568,0.037575,0.198463,0.359278,0.911883,0.000642,0.000168,0.007021,-0.034575,-0.001216,0.00807,0.334458,0.112385,0.035535,-0.037909,-0.20364,0.829035,-0.520797,-0.904425,-0.362986,-0.224176,-0.374892,0.425371,0.823719,-1e-06,5e-06,3e-06,-5.8e-05,-4.3e-05,8.4e-05,0.464706
288,0.150287,0.021703,0.407558,-0.127256,0.830981,-0.541592,-0.943547,-0.26971,-0.192219,-0.305653,0.485523,0.819067,-0.0,-0.0,-0.0,0.0,0.0,0.0,0.489672,-0.202445,0.045777,0.389553,0.60484,0.694772,0.389168,-0.776066,0.623711,0.092951,-0.178895,-0.35912,0.915911,0.000833,0.009976,0.004719,0.001769,-0.013442,0.025428,0.384313,-0.007828,0.041481,0.011901,-0.519047,-0.750613,0.408863,0.831521,-0.554175,0.038219,0.197894,0.359816,0.911794,0.000593,-0.00045,0.006722,-0.034568,-0.001175,0.008081,0.333968,0.112403,0.035534,-0.03791,-0.203542,0.829049,-0.520814,-0.904443,-0.362911,-0.224225,-0.374903,0.425408,0.823696,-3e-06,6e-06,3e-06,-5.5e-05,-2.4e-05,5.6e-05,0.466665
289,0.150306,0.02171,0.40756,-0.127186,0.830983,-0.541605,-0.943554,-0.269657,-0.192255,-0.305659,0.485548,0.81905,3e-06,2.7e-05,1.3e-05,0.0,0.0,0.0,0.48942,-0.202478,0.045874,0.389727,0.604754,0.694803,0.389246,-0.77618,0.62353,0.09321,-0.178691,-0.359374,0.915851,0.000791,0.009456,0.004465,0.001769,-0.013434,0.025432,0.383652,-0.007844,0.04153,0.011988,-0.518954,-0.750637,0.408936,0.831633,-0.55399,0.038475,0.197665,0.360052,0.91175,0.000567,-0.000774,0.006567,-0.034554,-0.001168,0.00807,0.333478,0.112413,0.035538,-0.037909,-0.203471,0.829059,-0.520825,-0.904456,-0.362858,-0.22426,-0.374911,0.425433,0.823679,-1e-06,1.2e-05,5e-06,-3.8e-05,-1.8e-05,5.6e-05,0.467155
290,0.150333,0.021707,0.407558,-0.127113,0.830985,-0.541619,-0.943562,-0.269603,-0.192293,-0.305665,0.485574,0.819032,0.0,0.0,0.0,0.0,0.0,0.0,0.489625,-0.202494,0.046098,0.390034,0.604737,0.694792,0.389291,-0.776275,0.623344,0.093665,-0.178331,-0.35972,0.915785,0.000798,0.009547,0.00449,0.001771,-0.013421,0.025439,0.379291,-0.007852,0.04164,0.012141,-0.518937,-0.750625,0.40898,0.831737,-0.553802,0.038928,0.197273,0.360366,0.911711,0.000383,0.00464,0.002181,0.00177,-0.013412,0.025435,0.330539,0.112427,0.035537,-0.03791,-0.203399,0.829069,-0.520837,-0.904468,-0.362804,-0.224296,-0.374919,0.42546,0.823661,-1e-06,-1e-06,-2e-06,-3.4e-05,-4e-06,6e-05,0.467319
291,0.150361,0.021705,0.407556,-0.127041,0.830987,-0.541634,-0.94357,-0.269549,-0.192331,-0.305672,0.485601,0.819014,0.0,0.0,0.0,0.0,0.0,0.0,0.488752,-0.202453,0.0462,0.390434,0.604659,0.694796,0.389406,-0.776479,0.622969,0.094462,-0.177702,-0.360362,0.915655,0.001134,-0.001679,0.013044,-0.034556,-0.001156,0.008081,0.37883,-0.007832,0.041697,0.012338,-0.518866,-0.750619,0.409081,0.83194,-0.553442,0.0397,0.196603,0.36093,0.911633,0.000552,-0.000958,0.006466,-0.036336,0.012252,-0.017373,0.328416,0.11244,0.035536,-0.037911,-0.203326,0.829079,-0.52085,-0.904481,-0.36275,-0.224333,-0.374928,0.425486,0.823643,-0.0,-0.0,-2e-06,-3.9e-05,-2e-06,5.6e-05,0.467482
292,0.150361,0.021705,0.407556,-0.127041,0.830987,-0.541634,-0.94357,-0.269549,-0.192331,-0.305672,0.485601,0.819014,0.0,0.0,0.0,0.0,0.0,0.0,0.488986,-0.202431,0.046192,0.39068,0.604644,0.694778,0.38946,-0.776595,0.622737,0.095039,-0.177246,-0.360797,0.915572,0.001188,-0.001037,0.01334,-0.034556,-0.001153,0.008083,0.377549,-0.007828,0.041667,0.01259,-0.518678,-0.750641,0.40928,0.832297,-0.55282,0.040864,0.195584,0.361838,0.911492,-0.005247,-0.000608,0.007046,-0.036602,0.014057,-0.02117,0.32564,0.11244,0.035536,-0.037911,-0.203326,0.829079,-0.52085,-0.904481,-0.36275,-0.224333,-0.374928,0.425486,0.823643,-0.0,-0.0,-2e-06,-3.7e-05,4e-06,5.8e-05,0.467319
293,0.15037,0.021705,0.407556,-0.127016,0.830987,-0.541639,-0.943572,-0.269531,-0.192344,-0.305674,0.48561,0.819008,0.0,0.0,0.0,0.0,0.0,0.0,0.49046,-0.202499,0.046069,0.391242,0.604302,0.694889,0.389795,-0.777095,0.621913,0.096343,-0.176217,-0.362007,0.915293,-0.010464,-0.001093,0.014145,-0.036599,0.01407,-0.021154,0.36767,-0.007851,0.041629,0.012741,-0.518502,-0.750677,0.409437,0.832554,-0.552381,0.041572,0.194958,0.362434,0.91139,0.000744,-0.006253,0.010905,-0.070884,0.011081,-0.009303,0.320415,0.112445,0.035535,-0.037911,-0.203302,0.829083,-0.520854,-0.904485,-0.362732,-0.224345,-0.374931,0.425495,0.823637,-1e-06,-0.0,-3e-06,-4e-05,-1e-06,5.7e-05,0.467972
294,0.150406,0.021694,0.40756,-0.126935,0.83099,-0.541653,-0.943589,-0.269458,-0.192365,-0.305656,0.485646,0.818993,0.01218,-0.000932,-0.00087,0.000984,-0.014715,0.029553,0.493458,-0.202668,0.04592,0.391872,0.603928,0.695007,0.390164,-0.777645,0.620996,0.097804,-0.175061,-0.363355,0.914981,-0.010349,0.000189,0.014735,-0.036596,0.014097,-0.021139,0.361768,-0.007939,0.041552,0.01306,-0.518085,-0.750771,0.409792,0.833117,-0.551418,0.043037,0.193656,0.363702,0.911162,-0.00518,0.000152,0.007397,-0.0366,0.014102,-0.02116,0.31225,0.112459,0.03553,-0.037908,-0.203245,0.829091,-0.520862,-0.904505,-0.362678,-0.224352,-0.374914,0.425524,0.823631,-0.0,1e-06,-5e-06,-3.5e-05,-7e-06,5.6e-05,0.470421
