frame,MLTx,MLTy,MLTz,MLTR1,MLTR2,MLTR3,MLTR4,MLTR5,MLTR6,MLTR7,MLTR8,MLTR9,MLTTVx,MLTTVy,MLTTVz,MLTRVx,MLTRVy,MLTRVz,MLGA,MRTx,MRTy,MRTz,MRTR1,MRTR2,MRTR3,MRTR4,MRTR5,MRTR6,MRTR7,MRTR8,MRTR9,MRTTVx,MRTTVy,MRTTVz,MRTRVx,MRTRVy,MRTRVz,MRGA,SLTx,SLTy,SLTz,SLTR1,SLTR2,SLTR3,SLTR4,SLTR5,SLTR6,SLTR7,SLTR8,SLTR9,SLTTVx,SLTTVy,SLTTVz,SLTRVx,SLTRVy,SLTRVz,SLGA,SRTx,SRTy,SRTz,SRTR1,SRTR2,SRTR3,SRTR4,SRTR5,SRTR6,SRTR7,SRTR8,SRTR9,SRTTVx,SRTTVy,SRTTVz,SRTRVx,SRTRVy,SRTRVz,SRGA
41,0.149886,-0.053697,0.304009,-0.121391,0.278972,-0.95262,-0.413575,-0.886612,-0.206997,-0.902206,0.3685,0.224188,-2e-06,-1.3e-05,-1.7e-05,0.0,0.0,0.0,0.023479,-0.163562,-0.039896,0.288718,-0.560533,-0.184203,0.80738,0.642302,-0.711996,0.283626,0.523288,0.677788,0.516368,0.013752,0.030139,-0.007549,-0.092351,-0.005563,0.636525,0.265834,0.044831,0.021971,-0.024365,0.598467,0.213342,0.772219,-0.606008,0.751013,0.262171,-0.524014,-0.624871,0.578743,-0.000487,0.009223,0.000827,-0.425161,-0.171314,1.17975,0.016205,0.074002,0.015459,-0.06576,0.247873,-0.313925,-0.91652,0.391509,0.89781,-0.201633,0.886159,-0.308847,0.345447,-2e-06,-1e-06,0.0,-3e-06,-1.1e-05,9e-06,-0.203969
42,0.149884,-0.053697,0.303975,-0.121414,0.278951,-0.952624,-0.413524,-0.886639,-0.20698,-0.902226,0.368451,0.224188,-3.5e-05,-0.000264,-0.000349,0.0,0.0,0.0,0.034779,-0.163229,-0.038611,0.288524,-0.603832,-0.185669,0.775181,0.637825,-0.695684,0.330358,0.478681,0.694136,0.537496,0.013692,0.034648,-0.001571,-0.051767,-0.311059,0.94993,0.441242,0.044997,0.022608,-0.024469,0.640179,0.210583,0.738799,-0.600328,0.737201,0.310065,-0.479349,-0.642019,0.59836,0.006847,0.017281,-0.000853,-0.308477,-0.612689,1.472771,0.282205,0.074001,0.015459,-0.065777,0.247895,-0.313902,-0.916522,0.391456,0.897836,-0.201623,0.886177,-0.308797,0.345447,-2.2e-05,-0.000159,-0.00021,-1.2e-05,-7e-06,-2e-06,-0.197437
43,0.14983,-0.053654,0.303843,-0.121485,0.278866,-0.952639,-0.413254,-0.886774,-0.206941,-0.90234,0.368189,0.224157,-0.000197,-0.001473,-0.001946,0.0,0.0,0.0,0.090793,-0.162724,-0.037197,0.288459,-0.632283,-0.184516,0.752438,0.632752,-0.683254,0.364312,0.44766,0.706679,0.547786,0.013612,0.03445,-0.001927,-4.216225,-2.074048,-1.965543,0.522812,0.04525,0.023322,-0.024492,0.668418,0.204025,0.715255,-0.590503,0.73027,0.343526,-0.452242,-0.65198,0.608603,0.006806,0.017016,-0.001252,-0.189047,0.156258,1.141421,0.460518,0.073974,0.015482,-0.065841,0.247963,-0.313814,-0.916533,0.391176,0.897958,-0.201623,0.886281,-0.308531,0.345417,-0.000108,0.004406,-0.005626,0.035595,-0.012924,0.018396,-0.150736
44,0.149521,-0.053481,0.303552,-0.122157,0.278255,-0.952731,-0.412465,-0.887288,-0.206312,-0.902609,0.367415,0.224345,-0.016165,0.00955,-0.010457,0.034608,0.001778,-0.011187,0.218626,-0.162352,-0.036396,0.288322,-0.647332,-0.172731,0.742373,0.622817,-0.68118,0.384743,0.440027,0.711627,0.547565,0.014593,0.013637,-0.00665,-0.14162,0.036462,1.026182,0.526017,0.045435,0.023744,-0.024541,0.681673,0.195152,0.705149,-0.584007,0.725699,0.363725,-0.440744,-0.659754,0.60866,-1e-06,0.000578,0.000755,-0.177135,0.194566,0.829124,0.510975,0.073826,0.015564,-0.065984,0.248606,-0.313179,-0.916577,0.39032,0.898444,-0.201116,0.886479,-0.307759,0.345599,-0.008109,0.004533,-0.005549,0.034595,0.001781,-0.011184,-0.024023
45,0.149275,-0.053406,0.303391,-0.120745,0.275724,-0.953647,-0.411724,-0.888011,-0.204673,-0.903139,0.367578,0.221932,-0.016303,-0.001877,-0.002665,0.001432,-0.01807,-0.04733,0.290177,-0.162272,-0.036408,0.288244,-0.65348,-0.165313,0.738666,0.616458,-0.68236,0.392809,0.439902,0.712247,0.546858,1.7e-05,-0.003387,-0.00449,-0.0589,-0.108541,0.605105,0.52511,0.045481,0.023745,-0.024579,0.687777,0.185152,0.701912,-0.576499,0.726921,0.37314,-0.441147,-0.661288,0.6067,1.5e-05,-0.002105,-0.002797,-0.027292,-0.146326,0.594348,0.517017,0.073703,0.015606,-0.066067,0.246965,-0.310542,-0.917916,0.389291,0.899252,-0.19949,0.887389,-0.30807,0.342975,-0.008162,0.004153,-0.006053,0.035982,0.007191,-0.041755,0.077707
46,0.148692,-0.05336,0.303051,-0.118084,0.270534,-0.955465,-0.410403,-0.889422,-0.201169,-0.904094,0.368029,0.217243,-0.016506,0.007094,-0.013743,0.035521,-0.011011,-0.018128,0.381435,-0.162204,-0.036956,0.287958,-0.654815,-0.150181,0.740712,0.611024,-0.681849,0.402075,0.445474,0.716058,0.537287,0.001042,-0.022647,-0.007181,-0.206474,0.351634,0.285691,0.527295,0.045515,0.023471,-0.024723,0.688743,0.171169,0.704509,-0.570835,0.727104,0.381401,-0.446968,-0.664846,0.598497,0.000525,-0.011744,-0.004152,-0.271933,0.420648,0.326338,0.519466,0.073411,0.015627,-0.066232,0.244275,-0.305539,-0.920312,0.387496,0.900752,-0.196194,0.888918,-0.308692,0.338427,-0.016306,-0.001853,-0.002648,-0.002612,0.065532,-0.073111,0.235283
47,0.147834,-0.053484,0.302721,-0.117814,0.267078,-0.95647,-0.409701,-0.890407,-0.198221,-0.904448,0.368176,0.215514,-0.01692,-0.006051,-0.00827,-0.00172,0.027755,-0.055254,0.464461,-0.162275,-0.037741,0.287387,-0.651975,-0.141566,0.744902,0.609986,-0.681306,0.404565,0.451034,0.718315,0.52958,6.7e-05,-0.016034,-0.021488,-0.000721,-0.123531,0.290088,0.532722,0.045479,0.023074,-0.025014,0.685735,0.161634,0.709676,-0.569373,0.726513,0.384697,-0.453408,-0.667871,0.590226,4.1e-05,-0.00828,-0.011092,0.04087,-0.177837,0.271653,0.520772,0.072982,0.015571,-0.066397,0.244106,-0.302373,-0.921402,0.386419,0.901784,-0.193561,0.889433,-0.308797,0.336973,-0.01644,-0.002673,-0.003764,-0.003065,0.053113,-0.079207,0.367058
48,0.147372,-0.053593,0.302553,-0.11873,0.266333,-0.956564,-0.409583,-0.890686,-0.197208,-0.90438,0.368042,0.216027,-0.017094,-0.00715,-0.009763,-0.002546,0.042119,-0.080237,0.502943,-0.162269,-0.038096,0.287014,-0.650367,-0.135972,0.747346,0.609296,-0.680756,0.406528,0.454281,0.719909,0.524618,6.2e-05,-0.015576,-0.020955,-0.029214,0.003225,0.162426,0.532691,0.045482,0.022898,-0.025199,0.683939,0.156371,0.712583,-0.568743,0.726017,0.386562,-0.456901,-0.669661,0.585486,4.1e-05,-0.008132,-0.010933,0.002795,-0.021792,0.144116,0.520936,0.072751,0.015518,-0.066479,0.245031,-0.301666,-0.921388,0.386187,0.90208,-0.192643,0.88928,-0.308624,0.337537,-0.01645,-0.002653,-0.003756,-0.002913,0.044624,-0.083622,0.426169
49,0.146467,-0.053864,0.302214,-0.120886,0.264605,-0.956773,-0.409408,-0.891291,-0.194823,-0.904172,0.367825,0.217267,-0.017079,-0.006762,-0.009307,-0.001764,0.02842,-0.054893,0.521428,-0.162126,-0.038637,0.286232,-0.655554,-0.12922,0.744004,0.604236,-0.680543,0.414359,0.453589,0.721342,0.523246,5.3e-05,-0.013077,-0.017718,0.003803,-0.063958,0.126486,0.533221,0.045554,0.022619,-0.025601,0.688864,0.14935,0.709337,-0.563268,0.726231,0.394103,-0.456284,-0.671031,0.584398,3.7e-05,-0.006373,-0.008633,0.027847,-0.090866,0.112331,0.521099,0.072292,0.015376,-0.066657,0.24717,-0.299801,-0.921426,0.385692,0.902793,-0.190278,0.888903,-0.308355,0.338774,-0.008538,-0.003414,-0.004682,-0.001866,0.028426,-0.054844,0.500957
50,0.145777,-0.054159,0.301895,-0.122826,0.263068,-0.95695,-0.409323,-0.891797,-0.192676,-0.903947,0.367704,0.218406,-0.017009,-0.006059,-0.008418,-0.001763,0.028417,-0.054895,0.521308,-0.162089,-0.039021,0.285707,-0.656737,-0.126238,0.743473,0.60281,-0.680096,0.417161,0.453778,0.722287,0.521776,3e-05,-0.007771,-0.010581,-0.002292,0.015765,-0.024036,0.526713,0.045573,0.022419,-0.025874,0.690037,0.146477,0.708796,-0.561678,0.726005,0.396779,-0.45647,-0.671908,0.583243,2.3e-05,-0.003744,-0.005097,0.004865,0.006195,-0.029676,0.521426,0.071953,0.015229,-0.066815,0.249004,-0.298201,-0.921451,0.385338,0.903375,-0.188222,0.888544,-0.308202,0.339852,-0.008497,-0.003008,-0.004166,-0.001843,0.028403,-0.054867,0.51451
51,0.145406,-0.054411,0.30162,-0.124085,0.262079,-0.957059,-0.409284,-0.892114,-0.191286,-0.903791,0.367642,0.219153,-0.000954,-0.016569,0.000858,-0.03634,0.026909,-0.043574,0.521654,-0.162229,-0.039173,0.285534,-0.66934,-0.124947,0.732369,0.595703,-0.679169,0.428721,0.444658,0.723381,0.528075,2e-06,-0.000523,-0.000714,-0.000119,-0.000369,0.000464,0.516531,0.045503,0.022336,-0.02597,0.702216,0.144169,0.697214,-0.554143,0.725522,0.408095,-0.447009,-0.672928,0.589363,4e-06,8.9e-05,0.000124,0.00267,0.008088,-0.011081,0.51816,0.071762,0.015107,-0.066957,0.250221,-0.297144,-0.921463,0.385095,0.90376,-0.186864,0.888307,-0.308093,0.340568,-0.008399,-0.002272,-0.003197,-0.001823,0.028418,-0.054876,0.516959
52,0.145358,-0.054501,0.301516,-0.124312,0.261903,-0.957078,-0.409283,-0.892168,-0.191036,-0.903759,0.367637,0.219291,-0.000546,-0.003677,-0.004958,0.0,-0.0,-0.0,0.521268,-0.162311,-0.039157,0.285566,-0.678398,-0.123885,0.724168,0.590214,-0.678711,0.43696,0.438203,0.723993,0.532613,-5e-06,0.001554,0.002119,-0.049015,-0.1518,0.190869,0.51588,0.045462,0.022346,-0.025953,0.710743,0.142328,0.688902,-0.548461,0.725355,0.415991,-0.440492,-0.673499,0.593603,-0.007856,0.000799,0.002028,-0.171164,-0.642895,0.831265,0.515057,0.071737,0.015054,-0.067011,0.25047,-0.296934,-0.921462,0.385079,0.903826,-0.18658,0.888244,-0.308104,0.340724,-0.000299,-0.002037,-0.002741,-0.000831,0.013693,-0.025333,0.517449
53,0.145476,-0.054605,0.301394,-0.124643,0.261662,-0.957101,-0.409272,-0.892248,-0.190688,-0.903719,0.367616,0.219494,0.015765,-0.00254,-0.003131,0.000206,-0.001016,0.004209,0.521347,-0.162581,-0.039048,0.285781,-0.691657,-0.12466,0.71138,0.582022,-0.679232,0.44702,0.428319,0.723371,0.541424,-0.015712,0.003587,0.006745,0.081066,-0.143454,-0.098468,0.515298,0.045332,0.022401,-0.025845,0.723477,0.141294,0.675734,-0.539699,0.726118,0.426001,-0.430471,-0.672895,0.601586,-0.007859,0.001509,0.002991,0.160173,-0.229079,-0.190982,0.510159,0.071791,0.015002,-0.067071,0.25079,-0.296674,-0.921459,0.385023,0.90392,-0.186237,0.888178,-0.308077,0.34092,-2.7e-05,-0.000196,-0.000266,-3.9e-05,-7e-06,7e-06,0.517286
54,0.145697,-0.054595,0.301429,-0.12433,0.261924,-0.95707,-0.40933,-0.892146,-0.191037,-0.903736,0.367675,0.219325,0.000165,0.001118,0.001508,0.0,-0.0,-0.0,0.521062,-0.162933,-0.038917,0.286054,-0.701056,-0.123127,0.702389,0.575347,-0.679407,0.455319,0.42201,0.723467,0.546229,-0.0157,0.004221,0.007583,0.008087,-0.116788,0.18189,0.511456,0.045157,0.022471,-0.025701,0.732465,0.139511,0.666356,-0.532935,0.726561,0.433692,-0.423643,-0.672789,0.606531,-0.007855,0.001999,0.003646,-0.003951,-0.145952,0.221389,0.508036,0.071907,0.015006,-0.067055,0.250486,-0.296955,-0.921451,0.38513,0.903805,-0.186574,0.888217,-0.308145,0.340757,0.008116,0.000313,0.000564,0.00096,-0.014713,0.029557,0.517449
55,0.145809,-0.054578,0.301471,-0.12596,0.264258,-0.956215,-0.409689,-0.891665,-0.192507,-0.903345,0.367169,0.221767,0.000228,0.001546,0.002085,-0.003823,0.062843,0.034085,0.521194,-0.163192,-0.038851,0.286192,-0.70288,-0.126959,0.69988,0.5776,-0.675937,0.457624,0.415842,0.726056,0.547522,-0.015692,0.003986,0.007249,-0.549376,-1.693067,2.109363,0.509869,0.045027,0.022506,-0.02563,0.732408,0.143484,0.665574,-0.536567,0.723401,0.434495,-0.419134,-0.675353,0.606814,-0.007851,0.001812,0.003383,0.000274,0.001561,-0.006182,0.505913,0.071963,0.015015,-0.067033,0.252283,-0.29934,-0.920189,0.385709,0.903246,-0.188081,0.887457,-0.307475,0.343332,0.008147,0.000545,0.000875,-0.003433,0.039189,0.05936,0.517286
56,0.145964,-0.054549,0.3016,-0.125548,0.264601,-0.956174,-0.409855,-0.891495,-0.192943,-0.903328,0.367334,0.221563,0.000204,-0.008788,0.011338,-0.035567,0.013182,-0.018244,0.520446,-0.163894,-0.038807,0.286422,-0.703791,-0.139394,0.696591,0.587641,-0.665039,0.460799,0.399895,0.733817,0.549054,-0.015681,0.001309,0.003595,-0.002047,0.015204,-0.029247,0.507314,0.04467,0.022534,-0.025506,0.735612,0.155262,0.659369,-0.545435,0.712992,0.440615,-0.401714,-0.683765,0.609171,-0.007845,0.000588,0.001716,0.000217,0.019273,-0.034001,0.501831,0.072041,0.015035,-0.06697,0.251713,-0.299541,-0.920279,0.385895,0.903099,-0.1884,0.887538,-0.307709,0.342913,0.008161,0.000646,0.001011,0.001823,-0.030013,0.054068,0.517449
57,0.145973,-0.054526,0.301717,-0.125534,0.264625,-0.95617,-0.409976,-0.89144,-0.192942,-0.903275,0.367451,0.221585,0.000153,0.001042,0.001402,-0.0,0.0,0.0,0.52132,-0.164682,-0.038824,0.286491,-0.711321,-0.147322,0.687248,0.589526,-0.657279,0.469445,0.383432,0.739252,0.55349,-0.015684,-0.000826,0.000685,-0.553522,-1.676779,2.085272,0.504908,0.044282,0.022526,-0.025472,0.741126,0.16267,0.65136,-0.548667,0.705878,0.447995,-0.386905,-0.689401,0.612396,-0.015685,-0.00094,0.00054,-0.003471,0.034466,-0.067836,0.498402,0.072046,0.015045,-0.066905,0.251703,-0.299545,-0.92028,0.386035,0.903049,-0.188353,0.88748,-0.307852,0.342935,8.6e-05,0.000599,0.000807,1.7e-05,-1.5e-05,-2.3e-05,0.517286
58,0.145953,-0.054547,0.301794,-0.125574,0.264608,-0.956169,-0.410115,-0.89139,-0.192876,-0.903207,0.367585,0.221644,5e-06,3.2e-05,4.4e-05,-0.0,0.0,0.0,0.520884,-0.165581,-0.038832,0.286479,-0.718648,-0.155463,0.677767,0.591128,-0.649679,0.477932,0.366918,0.744296,0.557904,-0.015685,-0.000936,0.000515,0.009258,-0.092187,0.145375,0.502164,0.043827,0.022519,-0.025481,0.750304,0.169607,0.638966,-0.548727,0.698827,0.458845,-0.368703,-0.694891,0.6174,-0.007843,-0.000495,0.000234,0.013588,-0.082502,0.13474,0.495463,0.072035,0.015036,-0.066865,0.251742,-0.299525,-0.920276,0.386167,0.90301,-0.188269,0.887411,-0.307985,0.342993,-8e-06,-4.1e-05,-5.3e-05,1.6e-05,-1.5e-05,-6e-06,0.517286
59,0.145952,-0.054576,0.301806,-0.125634,0.264569,-0.956172,-0.41018,-0.891376,-0.192801,-0.903168,0.367646,0.221698,-4.9e-05,-0.000335,-0.00045,-0.0,0.0,0.0,0.520869,-0.166079,-0.038798,0.286478,-0.722531,-0.163776,0.671653,0.594678,-0.642477,0.483234,0.353272,0.748764,0.560727,-0.031361,-0.000882,0.002344,-0.257202,-0.652315,0.66187,0.499555,0.043589,0.022535,-0.025484,0.753586,0.177387,0.632962,-0.552743,0.692159,0.464102,-0.355784,-0.699606,0.619651,-0.007836,7.1e-05,0.000994,-0.889691,-1.912006,1.799487,0.493176,0.072035,0.015021,-0.066859,0.251801,-0.299483,-0.920274,0.386223,0.903004,-0.188187,0.88737,-0.308046,0.343045,-3.4e-05,-0.00022,-0.000298,6e-06,-8e-06,-2.1e-05,0.517449
60,0.145995,-0.054627,0.301774,-0.12569,0.264536,-0.956174,-0.410222,-0.89137,-0.192738,-0.903141,0.367684,0.221744,-0.000154,-0.001053,-0.001418,-0.0,0.0,0.0,0.520875,-0.167116,-0.038606,0.286488,-0.730668,-0.172016,0.660701,0.594635,-0.635599,0.492298,0.336162,0.752787,0.565836,-0.03225,0.012025,-0.003463,0.017454,-0.025682,0.016836,0.493073,0.043059,0.022629,-0.025481,0.762192,0.184651,0.620457,-0.552145,0.685772,0.474186,-0.337933,-0.704003,0.624644,-0.016121,0.006113,-0.00158,0.020859,-0.019894,0.01054,0.485992,0.072057,0.014996,-0.066875,0.251854,-0.299447,-0.920271,0.386258,0.903003,-0.188119,0.88734,-0.308084,0.343089,-9e-05,-0.000611,-0.000825,-0.00077,0.013667,-0.025358,0.517612
61,0.146149,-0.054636,0.30173,-0.125464,0.264717,-0.956153,-0.410199,-0.891324,-0.192999,-0.903183,0.367665,0.221606,-2.8e-05,-0.000189,-0.000255,-0.0,0.0,0.0,0.520704,-0.168335,-0.038213,0.286596,-0.737696,-0.202116,0.644163,0.608729,-0.611492,0.505431,0.292659,0.765217,0.573286,-0.032142,0.015823,0.001583,-1.049489,-0.879476,-0.909863,0.481444,0.042479,0.022815,-0.025436,0.770455,0.209062,0.602238,-0.562952,0.666412,0.488855,-0.299138,-0.715672,0.631132,-0.01607,0.007887,0.00078,-0.153815,-0.556331,0.661812,0.474561,0.072133,0.014989,-0.0669,0.251637,-0.299639,-0.920268,0.386268,0.902945,-0.188378,0.887397,-0.308068,0.342955,-1.4e-05,-9.9e-05,-0.000134,1e-05,-2e-06,0.0,0.517449
62,0.146243,-0.054652,0.30171,-0.125346,0.264817,-0.956141,-0.410213,-0.891289,-0.193134,-0.903194,0.367678,0.22154,0.015954,-0.001225,-0.001375,0.000984,-0.014715,0.029553,0.52044,-0.168978,-0.037948,0.286727,-0.74078,-0.228448,0.631702,0.621182,-0.590589,0.515045,0.256334,0.774212,0.578577,-0.032054,0.018677,0.00537,-1.016303,-1.015771,-0.726505,0.476465,0.04214,0.022945,-0.025371,0.773375,0.237576,0.587748,-0.578328,0.644152,0.500604,-0.259667,-0.727066,0.635568,-0.023509,0.003168,0.006862,-3.558455,-2.973085,-3.075541,0.466233,0.072174,0.014982,-0.06691,0.251541,-0.299728,-0.920265,0.386294,0.902911,-0.188487,0.887413,-0.308081,0.342902,-2.2e-05,-0.000154,-0.000209,9e-06,3e-06,6e-06,0.517286
63,0.146411,-0.05467,0.301705,-0.125093,0.265028,-0.956116,-0.410265,-0.891205,-0.193413,-0.903206,0.367731,0.221405,9.3e-05,0.000641,0.000863,-0.0,0.0,0.0,0.520426,-0.17041,-0.0373,0.287212,-0.750738,-0.291813,0.592646,0.639958,-0.543273,0.543362,0.164342,0.787545,0.593824,-0.030968,0.012177,0.01957,-3.505785,-3.807562,-2.405464,0.475808,0.041423,0.023271,-0.025134,0.784644,0.29486,0.545334,-0.595773,0.601881,0.531783,-0.171425,-0.742156,0.647932,-0.023291,0.005943,0.010439,-0.819935,-2.163199,2.097453,0.458232,0.072264,0.014971,-0.066914,0.25128,-0.299967,-0.920259,0.386388,0.902811,-0.188775,0.887446,-0.308141,0.342762,0.008062,-2.4e-05,9.7e-05,0.000984,-0.014717,0.029538,0.517449
64,0.146497,-0.054664,0.301714,-0.125043,0.265073,-0.95611,-0.41027,-0.891189,-0.193473,-0.90321,0.367736,0.221378,2e-06,1.3e-05,1.7e-05,-0.0,0.0,0.0,0.52067,-0.171995,-0.036717,0.288036,-0.74984,-0.370564,0.5481,0.659168,-0.488133,0.571977,0.056527,0.790634,0.609562,-0.030775,0.015031,0.023135,-3.605547,-5.381348,-0.698019,0.481212,0.040619,0.023571,-0.024711,0.783809,0.374002,0.495745,-0.618119,0.546684,0.564858,-0.059758,-0.749171,0.659674,-0.015527,0.007819,0.011912,-3.614734,-5.360108,-0.710668,0.461335,0.072307,0.014976,-0.066907,0.251232,-0.300015,-0.920256,0.386401,0.902793,-0.188834,0.887454,-0.308147,0.342737,-0.0,-1e-06,-4e-06,3e-06,-1e-06,-7e-06,0.517286
65,0.146508,-0.054665,0.301713,-0.125024,0.265089,-0.956108,-0.410272,-0.891183,-0.193495,-0.903212,0.367738,0.221368,-3.2e-05,-0.000224,-0.000302,-0.0,0.0,0.0,0.52089,-0.17294,-0.036469,0.288583,-0.74505,-0.402533,0.531844,0.666745,-0.466608,0.581087,0.015187,0.788037,0.61533,-0.04627,0.014937,0.024437,-0.219466,-0.690928,0.329533,0.485165,0.040181,0.02369,-0.024456,0.779303,0.405229,0.47799,-0.626386,0.525717,0.575553,-0.018057,-0.747937,0.663523,-0.031039,0.007876,0.013507,-2.921826,-3.623355,-2.798123,0.464927,0.072313,0.014976,-0.066907,0.251214,-0.300032,-0.920256,0.386406,0.902786,-0.188854,0.887457,-0.30815,0.342726,-2.6e-05,-0.000185,-0.000251,8e-06,-5e-06,6e-06,0.517286
66,0.146484,-0.054669,0.301708,-0.125197,0.264953,-0.956122,-0.410253,-0.891233,-0.193307,-0.903196,0.367717,0.221468,-3e-06,-1.8e-05,-2.4e-05,-0.0,0.0,0.0,0.520907,-0.175031,-0.036125,0.289693,-0.7372,-0.440784,0.512091,0.674795,-0.444258,0.589254,-0.031311,0.780496,0.624267,-0.061665,0.01393,0.024292,0.078941,-0.421113,0.370507,0.485876,0.039125,0.023867,-0.023884,0.771805,0.443463,0.455693,-0.635136,0.503528,0.585713,0.030288,-0.741485,0.670285,-0.030451,0.000841,0.015541,-0.000237,-0.377039,0.07788,0.471132,0.072301,0.014973,-0.066911,0.251381,-0.299888,-0.920257,0.386362,0.902843,-0.188673,0.887429,-0.308124,0.342822,-0.0,-4e-06,-8e-06,-0.0,6e-06,4e-06,0.517286
67,0.146448,-0.054675,0.301717,-0.125269,0.264897,-0.956128,-0.410269,-0.891243,-0.193224,-0.903179,0.367731,0.221514,-0.0,-0.0,-0.0,0.0,0.0,0.0,0.520193,-0.177531,-0.035928,0.290791,-0.717761,-0.474758,0.509328,0.693155,-0.419202,0.586293,-0.063938,0.774446,0.629292,-0.076227,0.002015,0.032487,0.209545,-0.495298,0.028363,0.475926,0.037881,0.02397,-0.02334,0.75407,0.476721,0.451791,-0.653768,0.478859,0.585901,0.062967,-0.737177,0.672758,-0.030385,0.000643,0.015099,0.387146,-0.55482,-0.210271,0.46509,0.072283,0.01497,-0.066906,0.25145,-0.299828,-0.920257,0.386368,0.902858,-0.188589,0.887407,-0.308137,0.342868,-2e-06,2e-06,4e-06,9e-06,-2.1e-05,1.3e-05,0.517122
68,0.146448,-0.054669,0.301724,-0.125252,0.264911,-0.956127,-0.410271,-0.891238,-0.193242,-0.90318,0.367733,0.221504,0.0,0.0,0.0,0.0,0.0,0.0,0.520542,-0.180024,-0.03565,0.291911,-0.689961,-0.506355,0.517252,0.718499,-0.393362,0.573551,-0.08609,0.767996,0.634534,-0.061238,0.014442,0.024153,0.229713,-0.386614,-0.13562,0.462323,0.036628,0.024104,-0.022777,0.727641,0.510164,0.458551,-0.680602,0.45357,0.575373,0.08555,-0.730756,0.677255,-0.030248,0.001841,0.016456,0.305212,-0.374983,-0.43799,0.450884,0.072283,0.014973,-0.066903,0.251433,-0.299843,-0.920257,0.386372,0.902852,-0.188607,0.88741,-0.30814,0.342858,-1e-06,-3e-06,-3e-06,-2e-06,-1e-06,-1.2e-05,0.516959
69,0.14646,-0.05467,0.301723,-0.125233,0.264926,-0.956125,-0.410273,-0.891233,-0.193264,-0.903182,0.367736,0.221494,0.0,0.0,0.0,0.0,0.0,0.0,0.521225,-0.181185,-0.035483,0.292502,-0.675382,-0.527039,0.51583,0.729659,-0.376834,0.570551,-0.105475,0.762369,0.638381,-0.060334,0.004477,0.033623,0.021757,-0.106528,-0.195692,0.455588,0.036048,0.02419,-0.022487,0.713286,0.532369,0.455855,-0.69287,0.437614,0.573082,0.105602,-0.724621,0.681007,-0.030534,0.008071,0.013128,-0.012103,-0.290665,-0.056758,0.442066,0.072289,0.014973,-0.066903,0.251415,-0.299859,-0.920257,0.386377,0.902846,-0.188627,0.887413,-0.308143,0.342848,-0.0,-2e-06,-3e-06,-0.0,1.3e-05,1e-06,0.517286
70,0.146519,-0.054684,0.301705,-0.125172,0.264978,-0.956119,-0.41028,-0.891214,-0.193334,-0.903188,0.367742,0.22146,-5e-06,-3.5e-05,-4.7e-05,0.0,0.0,0.0,0.520359,-0.183334,-0.035117,0.29375,-0.622694,-0.591942,0.51171,0.764366,-0.320834,0.559236,-0.166082,0.740098,0.651563,-0.045275,0.017959,0.026746,-0.57658,-1.333611,-1.366455,0.446216,0.034967,0.024367,-0.021861,0.664379,0.59665,0.450121,-0.72874,0.383419,0.567387,0.165946,-0.704981,0.689538,-0.030176,0.003262,0.017764,-2.471227,-3.60992,-4.0433,0.426227,0.072318,0.014965,-0.066912,0.251356,-0.299914,-0.920255,0.386393,0.902825,-0.188695,0.887423,-0.308151,0.342815,-1e-06,-1.3e-05,-1.9e-05,0.0,7e-06,1e-05,0.517122
71,0.146591,-0.05468,0.301694,-0.125043,0.265081,-0.956107,-0.410271,-0.891187,-0.193481,-0.90321,0.367735,0.221381,0.015995,-0.000941,-0.001001,0.000984,-0.014715,0.029553,0.520692,-0.185305,-0.034786,0.295091,-0.567542,-0.648142,0.50774,0.793265,-0.265656,0.547806,-0.21946,0.714478,0.664245,-0.044401,0.006892,0.034644,0.035557,-0.283786,-0.272009,0.440158,0.033998,0.024537,-0.021203,0.60971,0.656357,0.444352,-0.761001,0.327975,0.559739,0.221652,-0.679431,0.699458,-0.029938,0.003345,0.01787,-0.731818,-1.170578,-1.366822,0.41398,0.072348,0.014968,-0.066917,0.251251,-0.300006,-0.920254,0.386397,0.902797,-0.18882,0.887451,-0.308142,0.34275,-2e-06,3e-06,5e-06,-2e-06,-1.3e-05,-2e-06,0.516959
72,0.146628,-0.05468,0.301712,-0.124966,0.265146,-0.956099,-0.410303,-0.891154,-0.193563,-0.903206,0.367767,0.221344,0.000129,0.000892,0.001201,0.0,0.0,0.0,0.52041,-0.187026,-0.034617,0.296396,-0.5112,-0.698834,0.500297,0.816479,-0.213387,0.536435,-0.267481,0.683575,0.679002,-0.044403,0.004972,0.031932,-0.019054,-0.887952,-0.53705,0.441688,0.033121,0.024628,-0.020533,0.555626,0.707619,0.436524,-0.78596,0.275771,0.553368,0.271193,-0.650557,0.709386,-0.022227,0.002622,0.016153,-0.618262,-2.220783,-0.773817,0.411204,0.072373,0.014965,-0.066911,0.251158,-0.300092,-0.920251,0.386446,0.902757,-0.188917,0.887456,-0.308179,0.342704,7.5e-05,0.000521,0.0007,0.000785,-0.013689,0.02536,0.517122
73,0.146628,-0.05468,0.301712,-0.124966,0.265146,-0.956099,-0.410303,-0.891154,-0.193563,-0.903206,0.367767,0.221344,2e-06,1.1e-05,1.5e-05,0.0,0.0,0.0,0.52092,-0.187888,-0.034586,0.297069,-0.47752,-0.725438,0.495686,0.826474,-0.179668,0.533473,-0.297343,0.665316,0.684692,-0.044414,0.004026,0.030613,-0.099188,-0.511001,-0.576312,0.446119,0.032701,0.024647,-0.020209,0.523022,0.735222,0.431155,-0.79733,0.243303,0.552328,0.301183,-0.632653,0.713468,-0.022298,0.002276,0.01544,-2.523169,-3.329818,-4.118259,0.41349,0.072373,0.014968,-0.066908,0.251158,-0.300092,-0.920251,0.386446,0.902756,-0.188917,0.887456,-0.308179,0.342703,-1e-06,0.0,1e-06,-1e-06,-1e-06,-6e-06,0.516959
74,0.146603,-0.054681,0.301693,-0.125024,0.265097,-0.956105,-0.410273,-0.891181,-0.193502,-0.903212,0.367737,0.221371,-2.2e-05,-0.000151,-0.000204,0.0,0.0,0.0,0.520832,-0.189398,-0.034644,0.298257,-0.413873,-0.773511,0.47998,0.83864,-0.119096,0.531444,-0.353394,0.623443,0.697348,-0.044593,0.000584,0.026127,-0.697978,-1.162544,-1.190512,0.457668,0.031946,0.024619,-0.019606,0.463348,0.782984,0.415022,-0.811271,0.186344,0.55418,0.356577,-0.593474,0.721554,-0.021989,-0.005239,0.017266,-0.027191,-0.486901,-0.172762,0.424431,0.07236,0.014967,-0.066918,0.251214,-0.30004,-0.920253,0.386407,0.902784,-0.188862,0.887457,-0.308148,0.342729,-1.6e-05,-0.000111,-0.000149,-4e-06,-3e-06,-1.5e-05,0.517122
75,0.14659,-0.054686,0.301687,-0.12506,0.265068,-0.956109,-0.410269,-0.891192,-0.193463,-0.903208,0.367733,0.221391,-1e-06,-9e-06,-1.3e-05,0.0,0.0,0.0,0.520033,-0.190662,-0.034877,0.29927,-0.378075,-0.799081,0.467463,0.844889,-0.09161,0.526977,-0.377797,0.595185,0.709145,-0.028846,-0.01399,0.028804,0.273826,-0.595513,-0.26045,0.464314,0.031298,0.024509,-0.019089,0.424958,0.810627,0.402856,-0.818591,0.15416,0.553301,0.386417,-0.564904,0.729084,-0.014752,-0.001595,0.010156,-0.09355,-0.199293,-0.037961,0.436678,0.072354,0.014964,-0.066921,0.251249,-0.300009,-0.920254,0.386398,0.902796,-0.188823,0.887451,-0.308142,0.342749,0.0,4e-06,5e-06,-5e-06,-1e-06,2e-06,0.517122
76,0.146591,-0.05468,0.301694,-0.125043,0.265081,-0.956107,-0.410271,-0.891187,-0.193481,-0.90321,0.367735,0.221381,9.3e-05,0.000642,0.000864,0.0,0.0,0.0,0.52003,-0.191233,-0.035042,0.299717,-0.35208,-0.814044,0.461913,0.847439,-0.067932,0.526465,-0.396744,0.577814,0.713153,-0.029005,-0.015921,0.02639,0.024205,-0.350709,-0.174906,0.465364,0.031012,0.024428,-0.018863,0.398086,0.827078,0.396821,-0.822737,0.130568,0.553222,0.405746,-0.54671,0.732445,-0.007102,-0.00203,0.009041,-0.054539,-0.621459,-0.382665,0.440434,0.072354,0.014966,-0.06692,0.251232,-0.300023,-0.920254,0.386402,0.902791,-0.188841,0.887454,-0.308145,0.342739,6.1e-05,0.000438,0.000592,-8e-06,1.7e-05,-4e-06,0.517122
77,0.146591,-0.05468,0.301694,-0.125043,0.265081,-0.956107,-0.410271,-0.891187,-0.193481,-0.90321,0.367735,0.221381,0.0,0.0,0.0,0.0,0.0,0.0,0.521008,-0.192245,-0.035423,0.300491,-0.313061,-0.835708,0.451194,0.85023,-0.035098,0.525177,-0.422664,0.549073,0.720929,-0.029756,-0.006529,0.016004,0.028318,-0.067361,-0.112626,0.464613,0.030512,0.024233,-0.018482,0.358938,0.849747,0.386123,-0.826888,0.097624,0.553827,0.432918,-0.518071,0.737688,-0.014894,-0.003341,0.007951,0.036192,-0.178493,0.036331,0.44223,0.072354,0.014967,-0.066918,0.251232,-0.300023,-0.920254,0.386402,0.902791,-0.188841,0.887454,-0.308145,0.342739,-1e-06,-2e-06,-1e-06,-7e-06,1.9e-05,-5e-06,0.517122
78,0.14659,-0.054683,0.301673,-0.125063,0.265064,-0.95611,-0.410245,-0.891203,-0.193463,-0.903219,0.367709,0.221386,-4.1e-05,-0.000285,-0.000384,0.0,0.0,0.0,0.520489,-0.192911,-0.035746,0.301079,-0.291432,-0.847262,0.444079,0.852959,-0.020178,0.521524,-0.432539,0.531827,0.727965,-0.014483,-0.007609,0.013575,0.197009,-0.303808,-0.259441,0.462619,0.030173,0.02407,-0.018189,0.33908,0.860664,0.379845,-0.829337,0.082867,0.552569,0.444099,-0.502384,0.741879,-0.007256,-0.00386,0.006746,0.245495,-0.393527,-0.333936,0.44125,0.072354,0.014967,-0.066927,0.251251,-0.300004,-0.920255,0.386373,0.902806,-0.188827,0.887461,-0.308119,0.342744,-3.2e-05,-0.000219,-0.000295,5e-06,-2e-06,1.2e-05,0.517285
79,0.146589,-0.054688,0.301666,-0.12508,0.26505,-0.956111,-0.410243,-0.891208,-0.193445,-0.903218,0.367707,0.221396,-0.00011,-0.00076,-0.001024,0.0,0.0,0.0,0.52023,-0.193139,-0.035844,0.301303,-0.285225,-0.85117,0.440621,0.852862,-0.015793,0.521833,-0.436851,0.525691,0.729845,-0.014493,-0.007721,0.013431,0.059935,-0.196823,0.044758,0.461233,0.030048,0.024015,-0.018068,0.331538,0.865406,0.375705,-0.830163,0.0784,0.55198,0.448232,-0.494899,0.74442,-0.007257,-0.003894,0.006699,0.048134,-0.181047,0.046711,0.439617,0.072354,0.014965,-0.066929,0.251267,-0.29999,-0.920254,0.386369,0.902812,-0.18881,0.887458,-0.308116,0.342754,-7.4e-05,-0.000505,-0.000681,0.0,-1.5e-05,0.0,0.517285
80,0.146588,-0.054701,0.301666,-0.125111,0.265029,-0.956113,-0.410263,-0.891206,-0.193408,-0.903204,0.367726,0.221421,-3e-06,-1.8e-05,-2.4e-05,0.0,0.0,0.0,0.520427,-0.19341,-0.035854,0.301573,-0.282171,-0.858939,0.427311,0.848852,-0.016157,0.528322,-0.446536,0.512873,0.733096,0.000276,0.003091,0.003774,-0.267434,-0.571652,0.576964,0.460126,0.029913,0.024007,-0.017935,0.327876,0.872263,0.362842,-0.82621,0.078506,0.557865,0.458119,-0.482694,0.746413,8.8e-05,0.001084,0.00135,-0.923998,-1.822075,1.848102,0.437494,0.072353,0.014957,-0.066932,0.251298,-0.299967,-0.920254,0.386385,0.902813,-0.18877,0.887443,-0.308135,0.342778,0.0,1e-06,1e-06,-3e-06,-3e-06,5e-06,0.517122
81,0.146586,-0.054709,0.301638,-0.125148,0.264998,-0.956117,-0.410235,-0.891227,-0.193372,-0.903211,0.367698,0.221436,-5.1e-05,-0.000353,-0.000476,0.0,0.0,0.0,0.520701,-0.193453,-0.035757,0.301613,-0.274358,-0.865163,0.419776,0.846074,-0.009869,0.532913,-0.456567,0.50245,0.734135,0.015386,0.000216,-0.000794,-0.060791,-0.095127,-0.079895,0.460382,0.029885,0.02406,-0.01791,0.320594,0.878366,0.354529,-0.822994,0.073008,0.563338,0.468933,-0.472379,0.746296,1e-06,1.9e-05,3.2e-05,-0.20893,-0.257955,-0.369818,0.436841,0.072352,0.014953,-0.066945,0.251333,-0.299934,-0.920255,0.386352,0.902834,-0.188739,0.887447,-0.308106,0.342792,-3.1e-05,-0.000218,-0.000296,-5e-06,-7e-06,4e-06,0.517122
82,0.146572,-0.054724,0.301618,-0.125218,0.264942,-0.956123,-0.410228,-0.891247,-0.193296,-0.903205,0.367689,0.221477,-6e-05,-0.000413,-0.000557,0.0,0.0,0.0,0.52025,-0.193399,-0.035732,0.301557,-0.270622,-0.868628,0.41502,0.844268,-0.007159,0.535812,-0.462108,0.496475,0.734733,-9e-05,-0.001013,-0.001237,-0.0,-0.0,-0.0,0.456855,0.029918,0.024072,-0.017938,0.3168,0.881654,0.349748,-0.821176,0.070415,0.566313,0.474664,-0.466613,0.746301,-5.7e-05,-0.000634,-0.000771,0.001555,0.019303,-0.024345,0.434228,0.072345,0.014946,-0.066955,0.251401,-0.299876,-0.920255,0.386334,0.902857,-0.188665,0.887435,-0.308095,0.342831,-3.7e-05,-0.000255,-0.000344,-1.1e-05,1e-06,-2e-06,0.517285
83,0.146559,-0.054728,0.301611,-0.125254,0.264914,-0.956126,-0.410224,-0.891257,-0.193256,-0.903202,0.367685,0.221497,-2.2e-05,-0.000155,-0.000208,0.0,0.0,0.0,0.520017,-0.193365,-0.035716,0.301542,-0.27122,-0.869501,0.412795,0.843372,-0.008163,0.537208,-0.46339,0.494926,0.734971,-1e-06,-1.5e-05,-1.8e-05,-0.912495,-1.83584,1.853848,0.456659,0.029935,0.024077,-0.01795,0.316698,0.881562,0.350071,-0.821293,0.070219,0.566168,0.474531,-0.466815,0.746259,-2e-06,-2.1e-05,-2.4e-05,0.001404,0.002227,0.002166,0.433085,0.072338,0.014943,-0.066959,0.251436,-0.299845,-0.920256,0.386325,0.902869,-0.188627,0.88743,-0.30809,0.342851,-1.1e-05,-8e-05,-0.00011,-8e-06,-6e-06,1e-06,0.517122
84,0.146546,-0.054733,0.301605,-0.12529,0.264885,-0.956129,-0.41022,-0.891268,-0.193216,-0.903198,0.367681,0.221518,-1e-06,-8e-06,-1.1e-05,0.0,0.0,0.0,0.520118,-0.193277,-0.035647,0.301473,-0.270867,-0.869323,0.413401,0.84363,-0.007718,0.536808,-0.463126,0.495246,0.734921,-0.0,-0.0,-1e-06,0.0,-0.0,-0.0,0.45437,0.029979,0.024111,-0.017985,0.317154,0.882175,0.348109,-0.820482,0.071146,0.567226,0.475627,-0.465515,0.746373,1e-06,1e-06,1e-06,0.000856,0.001435,0.001554,0.430636,0.072332,0.014941,-0.066962,0.251471,-0.299814,-0.920257,0.386315,0.902881,-0.188588,0.887424,-0.308085,0.342871,1e-06,9e-06,1.1e-05,-6e-06,-8e-06,6e-06,0.516632
85,0.146533,-0.054743,0.301592,-0.125344,0.264843,-0.956134,-0.410214,-0.891283,-0.193158,-0.903194,0.367674,0.221548,-2.5e-05,-0.000176,-0.000237,0.0,0.0,0.0,0.519043,-0.193201,-0.035509,0.301407,-0.262975,-0.87214,0.412563,0.841983,0.001168,0.539441,-0.470617,0.490319,0.733465,0.000111,0.001258,0.001535,-0.264895,-0.184068,-0.310634,0.450943,0.030017,0.024178,-0.018021,0.309629,0.885138,0.347362,-0.818977,0.06264,0.570396,0.48312,-0.461092,0.744303,0.007454,0.006276,-0.003785,-0.730534,-0.833923,-1.092288,0.42737,0.072325,0.014936,-0.066969,0.251522,-0.29977,-0.920257,0.386302,0.902898,-0.188532,0.887415,-0.308077,0.3429,-1.5e-05,-0.000103,-0.000138,-1.1e-05,7e-06,2e-06,0.515816
86,0.146533,-0.054743,0.301592,-0.125344,0.264843,-0.956134,-0.410214,-0.891283,-0.193158,-0.903194,0.367674,0.221548,-0.0,-3e-06,-3e-06,0.0,0.0,0.0,0.518765,-0.19318,-0.035382,0.301365,-0.258493,-0.874626,0.410126,0.841157,0.004814,0.540708,-0.474564,0.485841,0.733901,-0.000408,0.013052,-0.005852,0.037234,-0.025326,0.043046,0.450462,0.030027,0.024236,-0.01804,0.304984,0.887661,0.345024,-0.818199,0.05882,0.571918,0.487375,-0.456724,0.744222,-0.000242,0.006076,-0.00347,0.037247,0.087943,-0.155158,0.425737,0.072325,0.014936,-0.066969,0.251522,-0.29977,-0.920257,0.386302,0.902898,-0.188532,0.887415,-0.308077,0.3429,-1e-06,9e-06,1.2e-05,-7e-06,-7e-06,9e-06,0.515489
87,0.146532,-0.054748,0.301585,-0.125361,0.26483,-0.956135,-0.410212,-0.891288,-0.19314,-0.903192,0.367672,0.221558,-0.0,-1e-06,-1e-06,0.0,0.0,0.0,0.517673,-0.193132,-0.035088,0.301228,-0.252819,-0.879713,0.402713,0.837307,0.009455,0.546591,-0.484331,0.476482,0.733656,2.5e-05,0.000282,0.000344,-0.001673,0.002358,0.001519,0.450929,0.030051,0.024392,-0.018105,0.299277,0.892481,0.337505,-0.814261,0.054492,0.577934,0.497404,-0.44778,0.743021,1.1e-05,8.9e-05,0.000114,0.014301,-0.00194,-0.001794,0.424104,0.072325,0.014933,-0.066973,0.251538,-0.299756,-0.920257,0.386298,0.902903,-0.188515,0.887412,-0.308075,0.34291,-1e-06,7e-06,1.2e-05,-1.4e-05,1.3e-05,-2e-06,0.514999
88,0.146531,-0.054753,0.301578,-0.125378,0.264816,-0.956137,-0.41021,-0.891293,-0.193122,-0.90319,0.36767,0.221568,-0.0,-1e-06,-1e-06,0.0,0.0,0.0,0.517555,-0.193145,-0.034818,0.300871,-0.247636,-0.881759,0.401457,0.834488,0.01625,0.550726,-0.491818,0.472492,0.731252,-0.000912,0.00735,-0.012808,-0.079566,0.151192,0.122804,0.451083,0.030045,0.024529,-0.018273,0.293484,0.894883,0.336228,-0.811734,0.04751,0.58209,0.504929,-0.443763,0.740351,-0.000496,0.003155,-0.007035,-0.140318,0.221352,0.123274,0.424268,0.072324,0.014931,-0.066976,0.251555,-0.299742,-0.920257,0.386294,0.902909,-0.188497,0.88741,-0.308072,0.342919,-1e-06,7e-06,1.1e-05,-1.3e-05,6e-06,-4e-06,0.514183
89,0.14653,-0.054766,0.301577,-0.125409,0.264795,-0.956139,-0.410231,-0.891291,-0.193084,-0.903177,0.367689,0.221593,-7.1e-05,-0.010706,0.008754,-0.035572,0.013123,-0.018274,0.516939,-0.193181,-0.034789,0.300203,-0.251466,-0.879499,0.404027,0.833083,0.015652,0.552866,-0.49225,0.476713,0.728215,-0.001056,-0.011932,-0.014619,-0.047608,0.091728,-0.009124,0.450324,0.030028,0.024553,-0.018604,0.298028,0.89234,0.33898,-0.809919,0.048448,0.584537,0.505183,-0.448754,0.737162,-0.00055,-0.006326,-0.007748,-0.017708,0.076598,-0.009819,0.424104,0.072324,0.014928,-0.06698,0.251571,-0.299728,-0.920257,0.386289,0.902915,-0.188479,0.887407,-0.30807,0.342929,-2e-06,6e-06,1e-05,-1.5e-05,1.4e-05,-2e-06,0.513856
90,0.146543,-0.054762,0.301584,-0.125373,0.264823,-0.956135,-0.410235,-0.891281,-0.193124,-0.90318,0.367693,0.221572,6e-06,4e-05,5.5e-05,0.0,0.0,0.0,0.517962,-0.193214,-0.034898,0.299725,-0.250301,-0.878808,0.406246,0.831205,0.01994,0.555548,-0.496003,0.477826,0.724932,-0.001372,-0.015454,-0.018996,-0.205406,0.310061,0.130873,0.449721,0.030011,0.024505,-0.018835,0.295853,0.892342,0.340876,-0.808635,0.043995,0.586662,0.508506,-0.44921,0.734595,-0.001009,-0.002669,-0.01421,-0.305297,0.402659,0.186602,0.423778,0.07233,0.014927,-0.066973,0.25155,-0.299749,-0.920256,0.386319,0.902898,-0.188496,0.8874,-0.308096,0.342923,1e-06,2.8e-05,4.1e-05,-8e-06,4e-06,2e-06,0.51402
91,0.146567,-0.054763,0.301582,-0.125335,0.264855,-0.956132,-0.410239,-0.89127,-0.193167,-0.903183,0.367697,0.221551,0.0,0.0,0.0,0.0,0.0,0.0,0.517773,-0.193294,-0.035314,0.298437,-0.253042,-0.875828,0.410958,0.82765,0.023829,0.560678,-0.500529,0.483098,0.718296,-0.00268,-0.012332,-0.037304,-0.941699,-0.484096,-0.979261,0.446781,0.029971,0.024291,-0.019486,0.298948,0.889483,0.345612,-0.805121,0.040682,0.591713,0.512259,-0.455152,0.728303,-0.001362,-0.006599,-0.019191,-1.084065,-0.413363,-0.975184,0.421002,0.072342,0.014926,-0.066973,0.251514,-0.299782,-0.920255,0.386329,0.902886,-0.188537,0.887406,-0.308102,0.342902,-1e-06,-2e-06,-1e-06,-1.1e-05,1.8e-05,1e-06,0.51402
92,0.14658,-0.054767,0.301595,-0.125314,0.264875,-0.956129,-0.410265,-0.891253,-0.193187,-0.903174,0.367723,0.221545,0.0,2e-06,3e-06,0.0,0.0,0.0,0.517832,-0.193405,-0.035927,0.296694,-0.245371,-0.875729,0.415792,0.823868,0.037516,0.56548,-0.510494,0.482403,0.711721,-0.003398,-0.019945,-0.047254,-0.130422,0.274665,0.066854,0.443673,0.029916,0.023993,-0.020339,0.291871,0.889728,0.35099,-0.801098,0.026918,0.597928,0.522545,-0.455695,0.720616,-0.002018,-0.004995,-0.028435,-0.142969,0.332272,0.091078,0.416756,0.072349,0.014924,-0.066967,0.251493,-0.299804,-0.920254,0.386358,0.90287,-0.188554,0.887399,-0.308128,0.342897,-2e-06,-4e-06,-6e-06,-5e-06,-5e-06,1e-06,0.514183
93,0.14658,-0.054767,0.301595,-0.125314,0.264875,-0.956129,-0.410265,-0.891253,-0.193187,-0.903174,0.367723,0.221545,0.0,0.0,0.0,0.0,0.0,0.0,0.517767,-0.193607,-0.036687,0.294497,-0.240507,-0.874915,0.420322,0.818738,0.049584,0.571964,-0.520955,0.482787,0.703837,-0.00407,-0.026685,-0.056509,-0.076983,0.211504,-0.008175,0.442788,0.029814,0.023604,-0.021456,0.287814,0.889064,0.355986,-0.795823,0.015249,0.605337,0.532755,-0.457527,0.711926,-0.002045,-0.013771,-0.028779,-0.026328,0.186072,-0.011888,0.413817,0.072349,0.014924,-0.066967,0.251493,-0.299804,-0.920254,0.386358,0.90287,-0.188554,0.887399,-0.308128,0.342897,0.0,-1e-06,-6e-06,-6e-06,-4e-06,0.0,0.514346
94,0.14658,-0.054761,0.301602,-0.125296,0.264888,-0.956128,-0.410267,-0.891248,-0.193206,-0.903176,0.367725,0.221535,6e-06,4e-05,5.5e-05,0.0,0.0,0.0,0.518318,-0.193722,-0.037196,0.293204,-0.231433,-0.876085,0.422972,0.81503,0.062639,0.575966,-0.530794,0.479125,0.69897,-0.005248,-0.021593,-0.072972,-0.114213,0.242244,0.205521,0.44218,0.029758,0.023363,-0.022069,0.278205,0.891023,0.358717,-0.792742,0.002119,0.609553,0.542365,-0.453952,0.706941,-0.002293,-0.016281,-0.032247,-0.22517,0.408325,0.078245,0.413491,0.072349,0.014927,-0.066963,0.251476,-0.299818,-0.920254,0.386363,0.902864,-0.188571,0.887402,-0.308131,0.342887,4e-06,1.9e-05,2.4e-05,-8e-06,1.7e-05,-4e-06,0.514346
95,0.146569,-0.054772,0.301623,-0.125328,0.264868,-0.956129,-0.410311,-0.891237,-0.193165,-0.903151,0.367768,0.221565,0.000109,0.000755,0.001017,0.0,0.0,0.0,0.51726,-0.19392,-0.038405,0.290245,-0.226723,-0.875158,0.427418,0.806596,0.077101,0.585996,-0.545504,0.478704,0.687845,0.010448,-0.036955,-0.072772,-1.002313,-0.537523,-0.759176,0.437889,0.029655,0.022767,-0.023528,0.277404,0.889546,0.362979,-0.785368,-0.007659,0.618981,0.553392,-0.45678,0.696496,-0.002913,-0.013758,-0.040998,-0.33666,0.512665,0.63228,0.410878,0.072343,0.01492,-0.066956,0.251506,-0.299796,-0.920253,0.386403,0.902857,-0.188525,0.887376,-0.308173,0.342916,7.8e-05,0.00052,0.000697,0.00078,-0.013669,0.025356,0.51402
96,0.146569,-0.054788,0.301636,-0.125357,0.264851,-0.95613,-0.410356,-0.891224,-0.193127,-0.903127,0.36781,0.221594,0.0,0.0,0.0,0.0,0.0,0.0,0.515476,-0.194031,-0.039542,0.287163,-0.230764,-0.872957,0.429751,0.799822,0.081187,0.594666,-0.553713,0.48204,0.678898,-0.006007,-0.027533,-0.083706,-0.32219,0.532382,0.361306,0.429473,0.029603,0.022181,-0.0251,0.27643,0.888899,0.365301,-0.778217,-0.015986,0.627791,0.563882,-0.457824,0.687337,0.00492,-0.013404,-0.041858,0.015907,0.047418,0.117937,0.400917,0.072343,0.014914,-0.066946,0.251535,-0.299778,-0.920251,0.386443,0.902849,-0.188481,0.88735,-0.308215,0.342945,2e-06,-4e-06,-9e-06,3e-06,-1e-06,1e-05,0.513367
97,0.146558,-0.054782,0.301644,-0.125358,0.264849,-0.95613,-0.410356,-0.891225,-0.193124,-0.903127,0.36781,0.221594,1.1e-05,7.8e-05,0.000105,0.0,0.0,0.0,0.515231,-0.194084,-0.040078,0.285572,-0.230329,-0.872651,0.430603,0.797668,0.083995,0.597163,-0.556989,0.482111,0.676162,-0.00591,-0.026039,-0.082476,-0.02029,0.195402,-0.061021,0.425061,0.029576,0.021908,-0.025902,0.27843,0.887715,0.366657,-0.774764,-0.018032,0.631992,0.56764,-0.460039,0.682749,-0.002917,-0.013099,-0.041305,0.046468,0.07638,0.111994,0.395202,0.072338,0.014917,-0.066942,0.251536,-0.299775,-0.920251,0.386443,0.902849,-0.188478,0.88735,-0.308216,0.342945,9e-06,4.2e-05,5.6e-05,-0.0,1e-06,-1e-06,0.512387
