frame,MLTx,MLTy,MLTz,MLTR1,MLTR2,MLTR3,MLTR4,MLTR5,MLTR6,MLTR7,MLTR8,MLTR9,MLTTVx,MLTTVy,MLTTVz,MLTRVx,MLTRVy,MLTRVz,MLGA,MRTx,MRTy,MRTz,MRTR1,MRTR2,MRTR3,MRTR4,MRTR5,MRTR6,MRTR7,MRTR8,MRTR9,MRTTVx,MRTTVy,MRTTVz,MRTRVx,MRTRVy,MRTRVz,MRGA,SLTx,SLTy,SLTz,SLTR1,SLTR2,SLTR3,SLTR4,SLTR5,SLTR6,SLTR7,SLTR8,SLTR9,SLTTVx,SLTTVy,SLTTVz,SLTRVx,SLTRVy,SLTRVz,SLGA,SRTx,SRTy,SRTz,SRTR1,SRTR2,SRTR3,SRTR4,SRTR5,SRTR6,SRTR7,SRTR8,SRTR9,SRTTVx,SRTTVy,SRTTVz,SRTRVx,SRTRVy,SRTRVz,SRGA
246,0.142628,-0.05672,0.310528,-0.190387,0.143051,-0.971254,-0.199351,-0.974328,-0.104481,-0.961035,0.173544,0.215225,-0.000134,-0.000866,-0.001122,-0.000341,-0.004717,-0.002427,0.498247,-0.175583,-0.048859,0.278271,-0.956667,0.062957,0.284283,0.091009,-0.862533,0.497683,0.277737,0.501909,0.819031,0.00094,-0.008396,0.012224,0.335072,-0.285678,-0.189605,-1.404006,0.038353,0.029444,-0.018565,0.959926,-0.099507,0.261989,-0.043868,0.869964,0.491158,-0.276795,-0.482969,0.830737,4.6e-05,0.001184,0.001758,-0.010955,0.005624,0.002004,-0.98444,0.074047,0.022129,-0.050495,0.215353,-0.135442,-0.967097,0.122939,0.986215,-0.110743,0.968766,-0.095045,0.229036,-9.9e-05,-0.000649,-0.000842,-0.000127,0.016349,0.008797,0.482995
247,0.142737,-0.056864,0.310497,-0.190506,0.142938,-0.971247,-0.199557,-0.974305,-0.104301,-0.960968,0.173765,0.215344,0.015659,-0.002814,-0.003332,0.000984,-0.014716,0.029553,0.502131,-0.17562,-0.049076,0.278565,-0.957365,0.063066,0.281897,0.090201,-0.861571,0.499492,0.275578,0.503543,0.818757,0.00087,-0.009914,0.009966,-0.036369,0.010699,-0.018128,-1.404301,0.038335,0.029334,-0.018411,0.960961,-0.09793,0.258771,-0.043535,0.870098,0.490952,-0.273235,-0.483052,0.831867,0.000436,-0.004812,0.005199,-0.037558,0.001085,0.006612,-0.98297,0.074101,0.022058,-0.05051,0.215655,-0.135452,-0.967029,0.123163,0.986195,-0.11067,0.96867,-0.095236,0.22936,-0.000218,-0.006374,0.003042,-0.035505,0.013504,-0.018119,0.4892
248,0.14296,-0.057176,0.310538,-0.190748,0.142738,-0.971229,-0.200173,-0.974219,-0.103918,-0.960791,0.174408,0.215612,0.015373,-0.014662,0.003915,-0.035418,0.011489,-0.014397,0.506923,-0.175777,-0.049247,0.278719,-0.95912,0.061516,0.276218,0.088646,-0.861403,0.500062,0.269901,0.504026,0.82035,-0.016107,-0.000532,0.000856,0.014764,0.00236,-0.038162,-1.403988,0.038263,0.029246,-0.01833,0.962655,-0.096513,0.25294,-0.041869,0.869982,0.4913,-0.267471,-0.483544,0.833453,0.000401,-0.005588,0.004049,-0.044512,0.011384,-0.028005,-0.981991,0.074213,0.021908,-0.050489,0.215861,-0.135266,-0.967008,0.123759,0.98616,-0.110319,0.968549,-0.095862,0.229614,0.007709,-0.007184,0.002143,-0.035371,0.011499,-0.014413,0.494588
249,0.143143,-0.057355,0.310563,-0.19288,0.144731,-0.970513,-0.200665,-0.973957,-0.105419,-0.960261,0.174228,0.218107,0.015453,-0.01419,0.004521,-0.032191,0.031441,0.028215,0.511046,-0.175917,-0.049323,0.278768,-0.960159,0.059828,0.272959,0.088102,-0.861931,0.499247,0.266346,0.503329,0.821939,-0.01611,-0.000567,0.0008,0.137185,-0.091276,-0.103122,-1.404313,0.038187,0.029207,-0.018307,0.963605,-0.095255,0.249781,-0.041181,0.870317,0.490765,-0.264137,-0.48319,0.83472,-0.00806,-0.00031,0.000364,0.158318,-0.099043,-0.107525,-0.979378,0.07431,0.021811,-0.050478,0.218422,-0.13726,-0.966152,0.12435,0.985901,-0.111953,0.967898,-0.095687,0.232411,0.007717,-0.007146,0.002188,-0.032462,0.000646,0.011831,0.498997
250,0.143736,-0.057741,0.310599,-0.192649,0.145164,-0.970494,-0.201521,-0.973749,-0.105702,-0.960128,0.175025,0.218053,0.031519,-0.014619,0.004243,-0.033619,-0.016503,0.040723,0.515247,-0.176372,-0.049391,0.278844,-0.963963,0.047407,0.261763,0.093868,-0.859819,0.501832,0.25007,0.508257,0.824016,-0.01608,8.2e-05,0.001751,-9.4e-05,0.007016,-0.027542,-1.403817,0.037965,0.029171,-0.018272,0.967702,-0.082728,0.238132,-0.047143,0.868568,0.493321,-0.247646,-0.488614,0.836616,-0.008036,0.000139,0.001022,-0.022577,0.014193,-0.023067,-0.980358,0.074594,0.021621,-0.050464,0.217973,-0.137494,-0.96622,0.125153,0.98579,-0.112045,0.967896,-0.096503,0.232084,0.007793,-0.001724,-0.002102,0.000967,-0.015885,0.028899,0.507815
251,0.144622,-0.058068,0.310631,-0.196499,0.149668,-0.969037,-0.202514,-0.973147,-0.109292,-0.959134,0.174575,0.222738,0.031752,-0.003187,-0.003593,0.006509,0.034861,0.091969,0.515483,-0.177026,-0.049364,0.278877,-0.971082,0.001805,0.238719,0.123378,-0.851953,0.508811,0.205517,0.523546,0.826756,-0.016098,-0.000293,0.001176,-1.385606,-3.098323,-4.299183,-1.40413,0.037638,0.029186,-0.018254,0.97571,-0.043338,0.214736,-0.071973,0.862403,0.501079,-0.206905,-0.504363,0.838336,-0.016094,-0.000383,0.001041,-0.284321,-0.685199,0.410301,-0.981174,0.075037,0.021453,-0.050446,0.222444,-0.141854,-0.96457,0.126309,0.985213,-0.115761,0.966728,-0.096084,0.237072,0.015826,-0.006938,0.002567,-0.028436,0.029333,0.06358,0.509938
252,0.145148,-0.058185,0.310656,-0.198036,0.1524,-0.968298,-0.203033,-0.972772,-0.111634,-0.958706,0.174293,0.224791,0.031923,-0.00205,-0.002137,0.010478,0.093407,0.121859,0.514977,-0.177415,-0.049329,0.278875,-0.974049,-0.023815,0.225064,0.139857,-0.844812,0.516397,0.179064,0.534501,0.825898,-0.016896,0.010705,-0.007193,-0.627236,-1.461063,-0.893013,-1.403961,0.037449,0.029199,-0.018252,0.978952,-0.017742,0.203315,-0.090076,0.856371,0.508442,-0.183135,-0.516055,0.836749,-0.008038,-0.000168,0.000552,-0.049222,0.047775,-0.039719,-0.985583,0.0753,0.021393,-0.050435,0.223969,-0.144308,-0.963852,0.126881,0.984877,-0.117972,0.966301,-0.095872,0.238892,0.015939,-0.00621,0.0035,-0.017516,0.038152,0.291822,0.509938
253,0.146418,-0.058347,0.310669,-0.202931,0.160135,-0.966034,-0.204097,-0.971766,-0.118266,-0.95745,0.172959,0.231086,0.032004,-0.011643,0.007986,-0.027113,0.082472,0.091261,0.504543,-0.178272,-0.049108,0.278639,-0.975751,-0.082841,0.202582,0.180683,-0.826701,0.532778,0.124567,0.556564,0.82133,-0.033108,0.008012,-0.00964,-0.515757,-0.247539,0.064263,-1.404576,0.037028,0.029311,-0.01836,0.982997,0.046339,0.177677,-0.134584,0.840092,0.525481,-0.124915,-0.540459,0.832045,-0.008599,0.004295,-0.005081,-2.365673,-4.794029,-2.555269,-0.985093,0.075923,0.021317,-0.050431,0.22976,-0.151795,-0.961336,0.128113,0.983884,-0.124736,0.964777,-0.0945,0.245504,0.016062,-0.000313,-0.000189,0.011026,0.070341,0.109316,0.503732
254,0.14774,-0.05847,0.310694,-0.212063,0.171651,-0.962086,-0.20548,-0.970257,-0.127872,-0.955162,0.170353,0.242224,0.032055,-0.001065,-0.000979,0.026987,0.374482,0.265256,0.501363,-0.179112,-0.048636,0.277935,-0.973228,-0.134336,0.186476,0.216946,-0.803884,0.55375,0.076743,0.579545,0.811234,-0.017959,0.016294,-0.023654,-0.643172,0.077769,0.08517,-1.404591,0.036595,0.029548,-0.018709,0.982107,0.09907,0.160153,-0.171953,0.818524,0.548133,-0.076786,-0.565865,0.820914,-0.008955,0.008114,-0.011863,-0.93868,-0.540076,-0.787595,-0.968601,0.076596,0.021252,-0.050414,0.238793,-0.161946,-0.957471,0.129734,0.982477,-0.13382,0.962365,-0.092261,0.255618,0.016042,-0.00043,-0.000377,0.032643,0.543906,0.353417,0.495405
255,0.149112,-0.058617,0.310772,-0.224747,0.187729,-0.956186,-0.207683,-0.967926,-0.141274,-0.951765,0.166593,0.257717,0.048135,-0.001124,-0.000951,0.03097,0.452024,0.341741,0.500461,-0.179945,-0.047811,0.276656,-0.966493,-0.187554,0.17523,0.254985,-0.777339,0.57503,0.029582,0.600676,0.798859,-0.018967,0.023225,-0.038164,-0.557028,0.049673,0.047751,-1.404747,0.036172,0.029969,-0.019354,0.977163,0.151705,0.148786,-0.210181,0.79299,0.57183,-0.031236,-0.590043,0.806766,-0.009456,0.011428,-0.019346,-0.595177,0.077488,0.047616,-0.963049,0.077294,0.021178,-0.050375,0.253144,-0.177328,-0.951037,0.132376,0.980159,-0.147523,0.958328,-0.08855,0.271596,0.024074,-0.000512,-0.000434,0.031796,0.485528,0.35931,0.492139
256,0.14981,-0.058681,0.310798,-0.231682,0.197213,-0.952615,-0.209078,-0.966424,-0.149278,-0.949787,0.164334,0.266321,0.048053,-0.00169,-0.001737,0.033892,0.541239,0.387202,0.497565,-0.180309,-0.047285,0.275814,-0.962985,-0.20938,0.169738,0.269337,-0.763424,0.587005,0.00789,0.611253,0.791309,-0.019075,0.021431,-0.040911,-0.753726,0.507396,0.553477,-1.404746,0.035997,0.030224,-0.019759,0.974146,0.175121,0.142729,-0.225725,0.780596,0.582852,-0.009344,-0.600001,0.799944,-0.009881,0.016212,-0.02463,-0.343079,0.175129,0.296871,-0.956517,0.077625,0.021148,-0.05036,0.260083,-0.185665,-0.947567,0.133911,0.978792,-0.155028,0.956255,-0.086569,0.279429,0.016051,-0.000334,-0.000302,0.044571,0.704036,0.658934,0.489853
257,0.151135,-0.058727,0.310814,-0.248924,0.22069,-0.943068,-0.212683,-0.962359,-0.169122,-0.94459,0.158195,0.287665,0.032169,-8e-06,0.000233,0.05049,0.853346,0.732654,0.495278,-0.18081,-0.046235,0.27386,-0.951994,-0.258646,0.163709,0.303691,-0.733036,0.608575,-0.036199,0.629398,0.776152,-0.003204,0.018436,-0.047115,-0.80276,-0.664327,-0.792189,-1.40453,0.03574,0.03075,-0.020734,0.965447,0.221754,0.136878,-0.25866,0.751518,0.606889,0.031714,-0.621325,0.78291,-0.010162,0.014268,-0.027654,-1.618888,-2.906853,-3.783709,-0.950639,0.078294,0.021123,-0.050354,0.277987,-0.206822,-0.938054,0.137969,0.975017,-0.174085,0.950624,-0.081029,0.299577,0.016101,0.000125,0.00026,0.032941,0.362127,0.51344,0.485117
258,0.152416,-0.058702,0.310836,-0.27315,0.24388,-0.930568,-0.219171,-0.957642,-0.186699,-0.936349,0.152647,0.31619,0.032283,0.001045,0.001536,0.046077,0.809954,0.966483,0.491023,-0.180976,-0.045364,0.271763,-0.935471,-0.318518,0.153074,0.340505,-0.697319,0.630664,-0.092955,0.642486,0.760549,0.012711,0.016148,-0.052358,-1.463978,-3.833828,-3.229958,-1.404645,0.035651,0.031185,-0.021782,0.952247,0.277722,0.126864,-0.29359,0.718766,0.630222,0.083841,-0.637373,0.765979,-0.001641,0.007836,-0.025764,-1.152304,-1.733097,2.17522,-0.94721,0.078934,0.021134,-0.050345,0.30421,-0.227907,-0.924939,0.145018,0.970721,-0.191492,0.941501,-0.075879,0.328354,0.016094,0.000144,0.000257,0.0309,0.415345,0.515842,0.480382
259,0.153093,-0.058694,0.310866,-0.284363,0.256338,-0.923837,-0.22364,-0.954721,-0.196127,-0.931932,0.150511,0.329964,0.032283,0.001141,0.001627,0.035984,0.495009,0.9962,0.487458,-0.180898,-0.044989,0.270734,-0.925597,-0.347046,0.151063,0.359223,-0.680371,0.63874,-0.117724,0.645913,0.754189,-0.003324,0.016838,-0.04991,-0.586957,-0.985593,-0.711273,-1.404995,0.035694,0.031374,-0.022323,0.94231,0.310991,0.123838,-0.315391,0.70089,0.63975,0.112159,-0.641901,0.75854,-0.001621,0.00832,-0.025098,-0.561082,-0.998773,-0.722054,-0.943454,0.079285,0.021139,-0.050328,0.317786,-0.2408,-0.917074,0.150181,0.967786,-0.202075,0.936192,-0.07351,0.343713,0.016154,0.000639,0.000882,0.040064,0.521001,1.019166,0.476463
260,0.154562,-0.058711,0.311086,-0.30118,0.278953,-0.911878,-0.234514,-0.948528,-0.212767,-0.923924,0.149414,0.35223,0.048519,0.002869,0.003826,0.004469,0.51091,0.828448,0.47394,-0.180551,-0.044348,0.268807,-0.902397,-0.405634,0.145372,0.395241,-0.645283,0.653704,-0.170217,0.647862,0.742405,0.013624,0.007353,-0.040985,-0.536387,-0.951055,-0.868031,-1.40506,0.035858,0.031682,-0.023256,0.923162,0.36579,0.118184,-0.349241,0.66962,0.655468,0.160625,-0.646379,0.745917,-0.001564,0.009102,-0.024011,-0.48736,0.268204,0.155611,-0.934636,0.079989,0.02113,-0.050228,0.335126,-0.260142,-0.905547,0.161122,0.962791,-0.216958,0.928293,-0.073195,0.364572,0.024294,0.001767,0.002323,-0.0878,0.065232,0.356033,0.464053
261,0.156076,-0.058607,0.311389,-0.304656,0.283154,-0.909425,-0.243278,-0.946227,-0.213173,-0.92051,0.15594,0.358291,0.032711,0.005492,0.007089,-0.094802,-0.023512,0.063768,0.460083,-0.179929,-0.043819,0.26715,-0.876414,-0.461891,0.136185,0.425988,-0.612126,0.666161,-0.223222,0.642421,0.733029,0.013007,0.020791,-0.045819,-0.521893,0.226305,0.271768,-1.405067,0.036178,0.031955,-0.024122,0.896878,0.428779,0.108432,-0.385059,0.636409,0.668366,0.217574,-0.641196,0.735886,0.006566,0.010465,-0.022786,-0.432348,0.209351,0.266636,-0.929248,0.080764,0.021179,-0.050072,0.340074,-0.265773,-0.90206,0.170525,0.960758,-0.21878,0.924808,-0.079422,0.37205,0.016358,0.002802,0.003593,-0.360877,0.108336,-0.31475,0.444785
262,0.157374,-0.058361,0.311619,-0.306457,0.280724,-0.909573,-0.248735,-0.945917,-0.208195,-0.91845,0.162084,0.360841,0.03262,0.005185,0.006607,0.008363,-0.13276,0.261298,0.449067,-0.178944,-0.043191,0.265525,-0.841608,-0.524884,0.127219,0.461267,-0.576327,0.674548,-0.279673,0.627041,0.726956,0.029186,0.022076,-0.045629,-0.515987,-0.00535,-0.027141,-1.40519,0.03666,0.032262,-0.024915,0.864336,0.492958,0.09957,-0.421665,0.602453,0.677677,0.27408,-0.627727,0.728586,0.015019,0.005383,-0.018862,-0.211961,-1.104213,-1.151929,-0.928105,0.081413,0.021305,-0.049954,0.341441,-0.262813,-0.902411,0.175852,0.961019,-0.213345,0.923305,-0.085847,0.374348,0.016298,0.002516,0.003186,0.014202,-0.139263,0.27176,0.426333
263,0.157888,-0.058225,0.31169,-0.309198,0.277256,-0.909709,-0.250644,-0.94647,-0.203328,-0.917008,0.164794,0.363272,0.016568,0.005099,0.006507,-0.001654,-0.109354,0.213946,0.4465,-0.17833,-0.04286,0.264704,-0.822145,-0.55626,0.121014,0.477642,-0.558653,0.678011,-0.308503,0.61592,0.724798,0.029202,0.02234,-0.045336,-0.445103,-0.933305,-0.971491,-1.405292,0.036978,0.032436,-0.025341,0.846475,0.524132,0.093615,-0.437712,0.584949,0.682819,0.303127,-0.618966,0.724564,0.014644,0.011198,-0.022632,-0.507887,-0.925085,-0.986851,-0.925166,0.081682,0.021376,-0.049914,0.343765,-0.259318,-0.90254,0.177699,0.961713,-0.208636,0.922088,-0.088659,0.376684,0.008276,0.002512,0.003189,0.003871,-0.11476,0.224466,0.419311
264,0.158732,-0.058018,0.311834,-0.317813,0.270824,-0.908677,-0.253617,-0.947676,-0.193803,-0.913229,0.16852,0.371001,0.016428,0.004017,0.005084,-0.032845,0.076817,0.032746,0.436471,-0.176882,-0.042263,0.263046,-0.786704,-0.607246,0.111086,0.503498,-0.527284,0.684394,-0.356023,0.595107,0.720388,0.04612,0.010921,-0.039554,-0.157625,-0.000114,0.072791,-1.405308,0.037685,0.032732,-0.026153,0.812739,0.576529,0.08408,-0.464628,0.554279,0.690575,0.351533,-0.600323,0.718356,0.022704,0.01101,-0.023897,-0.203682,-0.225425,-0.154695,-0.925166,0.082098,0.021478,-0.049844,0.351986,-0.25234,-0.901348,0.180436,0.963204,-0.199195,0.918449,-0.092521,0.384565,0.008185,0.001761,0.00221,-0.112547,0.162855,-0.145648,0.407064
265,0.159368,-0.057913,0.311981,-0.32525,0.261685,-0.908724,-0.254779,-0.949639,-0.182335,-0.910274,0.171887,0.376673,0.016247,0.00242,0.003016,-0.004901,0.075897,-0.147589,0.426332,-0.174951,-0.041835,0.261404,-0.73975,-0.664332,0.106883,0.53614,-0.486159,0.690028,-0.405505,0.568584,0.71564,0.046983,-0.000942,-0.032903,-0.304472,-1.095293,-1.080367,-1.40495,0.038627,0.032947,-0.02696,0.771714,0.630867,0.0804,-0.495675,0.517443,0.697537,0.398451,-0.578151,0.712023,0.031187,0.005148,-0.021347,-0.188538,-0.231578,-0.170691,-0.92141,0.082416,0.021532,-0.049768,0.35843,-0.24266,-0.901467,0.181302,0.965335,-0.187765,0.915782,-0.096137,0.390001,0.00814,0.001395,0.001733,0.005853,-0.033509,0.062116,0.392858
266,0.159589,-0.057862,0.312046,-0.331423,0.254108,-0.908644,-0.25532,-0.951247,-0.172954,-0.907887,0.174351,0.381275,0.016252,0.002513,0.003127,-0.107809,0.162175,-0.324581,0.423227,-0.173888,-0.041665,0.260653,-0.71513,-0.691782,0.100085,0.54851,-0.466834,0.69364,-0.432215,0.551808,0.713135,0.062344,0.011017,-0.041808,-0.533947,-3.050155,0.897654,-1.40521,0.039199,0.033036,-0.027363,0.744666,0.663241,0.074717,-0.511776,0.495544,0.701797,0.428435,-0.560843,0.708446,0.031204,0.005496,-0.020935,-0.496756,-3.061404,0.877656,-0.91896,0.082533,0.021558,-0.049736,0.364028,-0.234528,-0.901376,0.181535,0.967083,-0.17831,0.913525,-0.098721,0.39462,0.008114,0.001175,0.001449,-0.11346,0.166882,-0.335051,0.385673
267,0.159898,-0.057754,0.312148,-0.345858,0.236429,-0.908036,-0.255245,-0.954922,-0.151476,-0.902492,0.179082,0.391745,0.000208,0.002054,0.002625,-0.02097,0.190073,-0.372223,0.416748,-0.171463,-0.041384,0.259164,-0.664516,-0.742658,0.082883,0.567144,-0.429176,0.702916,-0.485607,0.515037,0.706248,0.062441,0.011215,-0.042019,-0.240646,-0.005501,0.172988,-1.404718,0.040388,0.033173,-0.028091,0.69497,0.716756,0.057245,-0.531923,0.458917,0.711654,0.483812,-0.525028,0.700193,0.031719,0.000213,-0.016606,-0.426687,-0.347173,0.084341,-0.910796,0.082688,0.021612,-0.049685,0.376879,-0.215928,-0.900742,0.180952,0.970874,-0.157029,0.908415,-0.10381,0.404974,0.008083,0.000919,0.001121,-0.031363,0.101066,-0.199076,0.375713
268,0.160013,-0.057689,0.312246,-0.357361,0.22243,-0.907118,-0.252146,-0.958118,-0.135661,-0.898862,0.179963,0.399608,0.000221,0.002184,0.002789,-0.010781,0.167938,-0.328353,0.409079,-0.168904,-0.041166,0.257754,-0.611572,-0.788297,0.067508,0.581931,-0.390532,0.713285,-0.535135,0.4765,0.697453,0.063498,0.001545,-0.031959,-0.247421,-0.245233,-0.142126,-1.404807,0.041667,0.033283,-0.028804,0.643982,0.763848,0.042673,-0.547316,0.42102,0.723316,0.534538,-0.489159,0.689196,0.031326,0.006426,-0.019965,-0.31435,-1.081363,-0.947507,-0.906877,0.082745,0.021642,-0.049639,0.387155,-0.201148,-0.899805,0.177365,0.973933,-0.141405,0.904793,-0.104848,0.412739,5.8e-05,0.000601,0.000766,-0.011379,0.180583,-0.353024,0.362976
269,0.160028,-0.057671,0.312287,-0.362289,0.216421,-0.906617,-0.24988,-0.959594,-0.129273,-0.897516,0.179436,0.402858,0.000163,0.001614,0.00206,-0.011624,0.181046,-0.354005,0.407192,-0.167645,-0.04108,0.257076,-0.577097,-0.814249,0.062843,0.589948,-0.362588,0.721405,-0.563879,0.454418,0.689499,0.063566,0.001783,-0.031834,-0.864673,-3.792226,-3.557918,-1.404832,0.042297,0.033326,-0.029143,0.61399,0.788376,0.038458,-0.555066,0.396621,0.731158,0.561175,-0.470271,0.681122,0.031827,0.000811,-0.016027,-0.752802,0.022812,0.05429,-0.907367,0.082752,0.021652,-0.049617,0.391565,-0.194788,-0.899295,0.174907,0.975273,-0.135088,0.903373,-0.104397,0.415953,8.9e-05,0.000888,0.001131,-0.010976,0.167875,-0.328213,0.357914
270,0.160067,-0.057647,0.312333,-0.370146,0.206761,-0.905697,-0.24616,-0.961876,-0.119042,-0.895327,0.17862,0.40806,0.015995,0.000138,7.6e-05,-0.004828,0.075804,-0.147452,0.405623,-0.165245,-0.04099,0.255905,-0.512881,-0.856616,0.056153,0.596766,-0.308891,0.740534,-0.61635,0.414393,0.669518,0.064672,-0.008099,-0.02204,-1.333476,-3.623287,-2.988911,-1.404516,0.043497,0.033374,-0.029733,0.550125,0.83443,0.032973,-0.565412,0.343127,0.750048,0.614549,-0.431264,0.66056,0.023789,0.001296,-0.014395,-0.679939,0.290597,0.286799,-0.901652,0.082766,0.021665,-0.049593,0.398715,-0.184386,-0.898347,0.170821,0.977367,-0.124789,0.901024,-0.103701,0.421188,3.8e-05,0.000389,0.000496,-0.00606,0.09051,-0.176977,0.353015
271,0.160176,-0.057627,0.312342,-0.374622,0.201214,-0.905106,-0.243953,-0.963143,-0.113203,-0.894064,0.178139,0.411029,1.7e-05,0.000172,0.000219,-0.005812,0.090523,-0.177003,0.403332,-0.163094,-0.041137,0.255065,-0.454058,-0.889452,0.051955,0.597838,-0.26105,0.757877,-0.659946,0.3763,0.650179,0.064845,-0.004867,-0.017077,-0.546885,-0.102044,0.023358,-1.404904,0.044573,0.033297,-0.03016,0.489959,0.871231,0.02992,-0.567346,0.292627,0.769731,0.661859,-0.394112,0.637665,0.024335,-0.00302,-0.008393,-0.726375,-0.901325,-0.752247,-0.902305,0.082826,0.021675,-0.049589,0.402712,-0.17852,-0.897748,0.168452,0.978498,-0.119013,0.899692,-0.103299,0.424125,0.007969,-0.000206,-0.000314,-0.005027,0.075807,-0.147418,0.350729
272,0.160333,-0.057616,0.312354,-0.376151,0.199317,-0.904891,-0.2432,-0.963566,-0.111204,-0.893625,0.177986,0.412047,2.6e-05,0.000265,0.000338,0.0,0.0,0.0,0.399512,-0.161199,-0.041373,0.254624,-0.382198,-0.922663,0.051072,0.602884,-0.207215,0.770407,-0.699748,0.3264,0.635358,0.048717,-0.00246,-0.011061,-0.269879,-0.265201,-0.134826,-1.404356,0.045545,0.033176,-0.030389,0.420204,0.90692,0.030383,-0.57353,0.239489,0.783394,0.7032,-0.346612,0.62078,0.024381,-0.001095,-0.005267,-0.196232,-0.271448,-0.140542,-0.895446,0.082905,0.02168,-0.049583,0.404165,-0.176383,-0.897517,0.167594,0.978899,-0.116907,0.8992,-0.103168,0.425198,1.6e-05,0.000147,0.000183,-0.000133,-1.1e-05,6.5e-05,0.34632
273,0.160442,-0.057598,0.312377,-0.376239,0.199211,-0.904878,-0.243158,-0.963589,-0.111092,-0.893599,0.177977,0.412107,9.2e-05,0.000923,0.001176,0.0,0.0,0.0,0.396663,-0.160542,-0.041534,0.254544,-0.354429,-0.933559,0.053285,0.604003,-0.185192,0.775125,-0.713296,0.308087,0.629408,0.017271,-0.014563,0.000118,-0.600058,-4.11252,-3.364049,-1.404506,0.045873,0.033097,-0.030428,0.394327,0.918371,0.033147,-0.575394,0.218615,0.788116,0.716538,-0.329848,0.614632,0.008605,-0.006942,0.000182,-0.580441,-4.120312,-3.347577,-0.894957,0.082953,0.021688,-0.049574,0.404258,-0.176252,-0.897502,0.167543,0.978924,-0.116776,0.899168,-0.103162,0.425267,7e-05,0.000692,0.000879,-0.00012,-1.3e-05,1.9e-05,0.343544
274,0.16063,-0.057504,0.312478,-0.375863,0.199683,-0.904931,-0.243322,-0.963489,-0.1116,-0.893713,0.177988,0.411854,0.000344,0.00347,0.00442,0.000842,-0.013117,0.025647,0.39274,-0.159732,-0.041716,0.254586,-0.320631,-0.945195,0.061594,0.606611,-0.155088,0.779683,-0.726981,0.288545,0.622979,0.017284,-0.009249,0.009019,-0.096458,1.75142,-2.122724,-1.404789,0.046272,0.033005,-0.030416,0.359974,0.932136,0.039247,-0.578542,0.190025,0.793207,0.731919,-0.308241,0.607684,0.008132,0.001391,0.001185,-0.038674,-0.023412,0.062538,-0.903774,0.083053,0.021731,-0.049528,0.403918,-0.176757,-0.897555,0.167726,0.978832,-0.117282,0.899286,-0.103171,0.425015,0.000147,0.001507,0.001916,-5.3e-05,-2e-05,7.5e-05,0.338646
275,0.160775,-0.057375,0.312658,-0.375355,0.200321,-0.905,-0.243598,-0.963343,-0.112259,-0.893852,0.178064,0.411521,0.000427,0.004334,0.00551,0.000843,-0.013117,0.025648,0.387977,-0.159387,-0.041752,0.25492,-0.288542,-0.955257,0.064952,0.609994,-0.131241,0.78142,-0.737554,0.266296,0.620454,0.001022,-0.007175,0.014856,-0.037896,-0.040082,-0.021711,-1.404947,0.046452,0.032985,-0.030242,0.328407,0.943404,0.046223,-0.583903,0.164309,0.795021,0.742431,-0.288081,0.604817,0.00051,-0.003435,0.007712,-0.028699,-0.045009,-0.024555,-0.911286,0.083126,0.021797,-0.049435,0.403452,-0.177453,-0.897627,0.168035,0.978698,-0.117955,0.899438,-0.103243,0.424676,0.000215,0.002216,0.002814,0.000805,-0.013141,0.025623,0.332767
276,0.16082,-0.057289,0.312766,-0.375187,0.200531,-0.905023,-0.243681,-0.963296,-0.112481,-0.8939,0.17808,0.411409,0.000496,0.005049,0.006412,0.000843,-0.013117,0.025648,0.384969,-0.15938,-0.041757,0.255114,-0.273153,-0.959696,0.066054,0.610187,-0.119895,0.783091,-0.743251,0.255418,0.618226,0.001022,-0.00721,0.014788,-0.059973,0.115183,-0.187392,-1.4051,0.046455,0.032988,-0.030146,0.313173,0.948508,0.047479,-0.584365,0.153051,0.796926,0.748624,-0.277322,0.602206,-1.3e-05,0.002608,0.004404,0.015161,-0.047985,-0.002325,-0.915368,0.083148,0.02184,-0.049382,0.403301,-0.177678,-0.897651,0.168126,0.978656,-0.118175,0.899489,-0.103259,0.424565,0.000253,0.002594,0.003291,0.000826,-0.013118,0.025638,0.329338
277,0.160922,-0.057102,0.313003,-0.374701,0.201139,-0.90509,-0.243922,-0.96316,-0.11312,-0.894039,0.178128,0.411087,0.000518,0.005289,0.006702,0.000843,-0.013117,0.025648,0.383492,-0.159456,-0.041809,0.255626,-0.242092,-0.967794,0.068978,0.609874,-0.096617,0.786545,-0.754229,0.233704,0.613502,0.001019,-0.006557,0.015855,-0.099049,0.011716,-0.231428,-1.40505,0.046417,0.032962,-0.029881,0.282392,0.957929,0.051244,-0.584853,0.129577,0.800722,0.760395,-0.256087,0.59684,0.000503,-0.003279,0.007964,-0.065321,0.008753,-0.235741,-0.918797,0.083199,0.021933,-0.049264,0.402878,-0.178303,-0.897717,0.168378,0.978538,-0.118791,0.899632,-0.103297,0.424253,0.000238,0.002472,0.003133,0.000839,-0.013124,0.025679,0.324113
278,0.16106,-0.056918,0.313252,-0.374167,0.201808,-0.905162,-0.24421,-0.963005,-0.113814,-0.894184,0.178207,0.410736,0.000477,0.004898,0.006192,0.000843,-0.013116,0.025648,0.381864,-0.159536,-0.042134,0.256206,-0.208702,-0.975773,0.065589,0.603563,-0.075863,0.793657,-0.769175,0.206455,0.604656,0.001023,-0.008078,0.013298,-0.535143,0.264764,0.222138,-1.405125,0.046376,0.032813,-0.0296,0.247604,0.967644,0.04855,-0.581181,0.108248,0.806542,0.77519,-0.227919,0.589179,0.000502,-0.004116,0.006557,-0.06215,-0.387414,-0.270081,-0.917981,0.083262,0.022025,-0.049139,0.402413,-0.178993,-0.897788,0.168678,0.978404,-0.11946,0.899783,-0.103365,0.423915,0.000254,0.002639,0.003338,0.000837,-0.01312,0.025691,0.32101
279,0.16128,-0.056762,0.313496,-0.373762,0.202324,-0.905214,-0.244483,-0.962875,-0.114324,-0.894279,0.178322,0.410478,0.000492,0.005096,0.006428,0.000843,-0.013114,0.025649,0.378551,-0.159505,-0.042834,0.256831,-0.167525,-0.983804,0.063694,0.598386,-0.050244,0.79959,-0.783213,0.173306,0.596997,0.002065,-0.022124,0.016643,-0.399302,-1.168402,-0.919247,-1.405246,0.046393,0.032455,-0.029271,0.208335,0.976898,0.047607,-0.575159,0.083,0.813819,0.791067,-0.196928,0.579164,0.001023,-0.011176,0.008135,-0.424279,-1.173809,-0.931024,-0.925655,0.083378,0.022104,-0.049016,0.402037,-0.179561,-0.897843,0.168978,0.978289,-0.119985,0.899895,-0.103477,0.42365,0.008163,0.00206,0.002528,0.00182,-0.027838,0.05521,0.317418
280,0.161443,-0.056688,0.313605,-0.373451,0.202716,-0.905255,-0.244661,-0.962783,-0.114725,-0.894361,0.178378,0.410277,0.01628,0.003666,0.004483,0.000984,-0.014715,0.029553,0.376513,-0.159458,-0.043359,0.257179,-0.15173,-0.986322,0.064328,0.595972,-0.039491,0.801993,-0.788276,0.161269,0.593697,0.00207,-0.023656,0.014087,-0.15341,-0.040321,-0.11562,-1.405344,0.046414,0.032215,-0.029109,0.193077,0.979983,0.048518,-0.572857,0.072443,0.816447,0.796589,-0.185432,0.575377,0.001024,-0.011469,0.007637,-0.246409,-1.261283,-0.989612,-0.925329,0.083454,0.022141,-0.048961,0.401773,-0.179957,-0.897882,0.16916,0.978211,-0.120363,0.899979,-0.103527,0.42346,0.008148,0.001947,0.002383,0.001822,-0.027829,0.055216,0.315132
281,0.161792,-0.056556,0.313801,-0.374899,0.200943,-0.905051,-0.245041,-0.962965,-0.112357,-0.893649,0.179396,0.411382,0.016236,0.003329,0.004041,-0.004837,0.075776,-0.147466,0.37152,-0.159272,-0.04463,0.258,-0.112274,-0.991433,0.066686,0.592144,-0.01298,0.805687,-0.797761,0.131197,0.58841,0.003105,-0.034604,0.022575,-0.143066,-0.369773,-0.347386,-1.405093,0.046508,0.031567,-0.028699,0.154091,0.986693,0.051873,-0.570178,0.045922,0.820236,0.806939,-0.155968,0.569667,0.00154,-0.017404,0.011112,-0.214567,-1.318915,-1.045444,-0.928595,0.083628,0.022209,-0.04886,0.402984,-0.178204,-0.897689,0.169547,0.978417,-0.118118,0.899364,-0.1046,0.4245,0.00021,0.002236,0.002806,0.001419,-0.013701,0.026771,0.309253
282,0.162221,-0.056438,0.313945,-0.374599,0.201329,-0.90509,-0.245193,-0.96288,-0.112762,-0.893734,0.179425,0.411185,0.016164,0.002687,0.003218,0.000984,-0.014715,0.029553,0.35795,-0.158897,-0.046195,0.259088,-0.072642,-0.994948,0.069225,0.586307,0.013431,0.809937,-0.806668,0.10068,0.582249,0.004147,-0.045132,0.03174,-0.355185,-0.251424,-0.278294,-1.405304,0.046696,0.030787,-0.028161,0.113944,0.991942,0.055367,-0.565757,0.018976,0.824353,0.81666,-0.125255,0.563361,0.001538,-0.016896,0.011951,-0.49659,-1.186292,-0.926748,-0.931044,0.083843,0.022269,-0.048788,0.402792,-0.1785,-0.897716,0.169662,0.978362,-0.118411,0.899429,-0.104613,0.424362,0.00017,0.00183,0.002292,0.000843,-0.013124,0.025678,0.29668
283,0.16244,-0.0564,0.314024,-0.376163,0.199408,-0.904867,-0.245512,-0.963091,-0.110236,-0.892988,0.180434,0.412363,0.016136,0.002442,0.002903,0.000984,-0.014715,0.029553,0.348886,-0.158663,-0.04713,0.259775,-0.048896,-0.996299,0.070632,0.583399,0.028794,0.811634,-0.810587,0.082151,0.57971,0.021523,-0.054818,0.039929,-0.572939,-4.448623,-3.26526,-1.40511,0.046805,0.030339,-0.027833,0.096304,0.993709,0.057154,-0.563057,0.007038,0.826387,0.820787,-0.111765,0.560193,0.010216,-0.021644,0.016245,-0.129556,0.025949,-0.044996,-0.936596,0.083953,0.022288,-0.048749,0.404206,-0.176444,-0.897487,0.169926,0.978621,-0.115865,0.898744,-0.105673,0.425547,0.008148,-0.003823,0.006202,-0.032932,-0.017106,0.037981,0.287046
284,0.162832,-0.056315,0.314176,-0.375876,0.199781,-0.904903,-0.245729,-0.962994,-0.110595,-0.893049,0.180537,0.412186,0.000278,0.003028,0.003794,0.0,0.0,0.0,0.33425,-0.158024,-0.049058,0.261325,-0.007273,-0.997292,0.073127,0.576411,0.055459,0.815235,-0.817058,0.049341,0.574321,0.021565,-0.052215,0.044172,-0.299776,-1.332353,-0.990973,-1.405562,0.047125,0.029371,-0.027065,0.054754,0.996652,0.060708,-0.55732,-0.019943,0.830057,0.82849,-0.079283,0.554362,0.01075,-0.026155,0.022043,-0.17762,0.017036,-0.041048,-0.937086,0.084155,0.02233,-0.048674,0.403926,-0.176875,-0.897528,0.170164,0.978533,-0.116258,0.898825,-0.105767,0.425353,0.008088,0.001526,0.001819,0.001834,-0.027845,0.055246,0.265981
285,0.16312,-0.056214,0.314382,-0.375402,0.200386,-0.904966,-0.246086,-0.962836,-0.111177,-0.893151,0.180708,0.41189,0.00033,0.003636,0.004548,0.0,0.0,0.0,0.31979,-0.157336,-0.051006,0.263094,0.026614,-0.996776,0.075629,0.566519,0.077256,0.820379,-0.823595,0.022272,0.56662,0.021599,-0.049858,0.04798,-0.191931,-0.102096,-0.122473,-1.405429,0.04747,0.028379,-0.02617,0.015204,0.997816,0.064269,-0.547775,-0.04546,0.835388,0.836486,-0.047906,0.545888,0.002565,-0.025511,0.024255,-0.204997,-0.375334,-0.354289,-0.945577,0.084298,0.022379,-0.048572,0.403502,-0.177517,-0.897592,0.17054,0.978399,-0.116833,0.898944,-0.105933,0.42506,0.008119,0.001915,0.002301,0.001827,-0.027812,0.055241,0.246876
286,0.163317,-0.056064,0.314667,-0.374926,0.200992,-0.905029,-0.246467,-0.962672,-0.111748,-0.893246,0.180906,0.411596,0.000667,-0.004617,0.016344,-0.034852,-0.001492,0.006619,0.293523,-0.156603,-0.052927,0.265116,0.058506,-0.994578,0.085929,0.553169,0.103835,0.826533,-0.831031,0.000434,0.556103,0.004142,-0.03713,0.044774,-0.440335,0.086407,0.00125,-1.405822,0.047843,0.027414,-0.025158,-0.017569,0.996989,0.075523,-0.536301,-0.073146,0.84085,0.843843,-0.02573,0.535972,0.010763,-0.02331,0.026625,-0.703637,-0.16477,-0.137864,-0.952272,0.084396,0.022455,-0.048437,0.403079,-0.178155,-0.897656,0.170917,0.978265,-0.117405,0.899063,-0.106101,0.424768,0.008178,0.002641,0.003201,0.001828,-0.027823,0.05519,0.217321
287,0.163374,-0.055979,0.314822,-0.374722,0.201252,-0.905056,-0.24664,-0.9626,-0.11199,-0.893284,0.181002,0.411471,0.016378,0.005531,0.006709,0.001829,-0.027814,0.05521,0.279201,-0.156364,-0.053745,0.26611,0.074378,-0.992963,0.092107,0.546246,0.117724,0.829271,-0.834356,-0.01011,0.551009,0.004133,-0.036205,0.046238,-0.388827,0.180789,0.063382,-1.405285,0.047964,0.026992,-0.024642,-0.033119,0.996071,0.082124,-0.529206,-0.087183,0.844002,0.847846,-0.015508,0.530015,0.002021,-0.017995,0.023315,-0.457337,0.187358,0.080501,-0.951619,0.084425,0.022496,-0.048352,0.402894,-0.178436,-0.897683,0.171125,0.9782,-0.117637,0.899105,-0.106221,0.424646,0.008189,0.00281,0.003408,0.001832,-0.027796,0.05518,0.197073
288,0.16344,-0.055847,0.315134,-0.374355,0.201723,-0.905103,-0.247038,-0.962452,-0.112387,-0.893329,0.181265,0.411259,0.000608,-0.00525,0.015529,-0.034852,-0.001497,0.006617,0.261955,-0.156022,-0.054951,0.267902,0.099958,-0.989048,0.108553,0.532855,0.14523,0.833611,-0.840356,-0.024233,0.541366,0.003046,-0.022567,0.042107,-0.138291,0.020095,-0.018553,-1.405921,0.048134,0.026396,-0.023764,-0.057591,0.993392,0.099268,-0.51616,-0.114741,0.848771,0.854553,-0.002357,0.519358,0.009703,-0.010775,0.020694,-0.088117,-0.097689,0.125813,-0.957824,0.084459,0.022566,-0.0482,0.402568,-0.178931,-0.897731,0.171514,0.978085,-0.118034,0.899177,-0.106457,0.424435,0.000209,0.002398,0.002982,0.000856,-0.01309,0.025641,0.163598
289,0.1635,-0.055772,0.315343,-0.374048,0.202117,-0.905142,-0.247357,-0.96233,-0.112726,-0.893369,0.181471,0.41108,0.000267,0.00299,0.003712,0.000846,-0.013089,0.025662,0.260022,-0.155624,-0.05549,0.269382,0.119451,-0.985531,0.12021,0.521471,0.165192,0.837086,-0.844966,-0.036059,0.533475,0.001966,-0.010346,0.035629,-0.078772,-0.003197,0.014603,-1.405687,0.048333,0.026123,-0.023019,-0.076817,0.990795,0.111454,-0.505588,-0.135056,0.852138,0.859347,0.009109,0.511309,0.000419,0.000354,0.013707,-0.011362,-0.017741,0.036629,-0.961579,0.084489,0.022603,-0.048088,0.402304,-0.179334,-0.897769,0.171865,0.977985,-0.118343,0.899229,-0.106685,0.424269,8.7e-05,0.001018,0.001263,5e-06,6e-06,-1.1e-05,0.150862
290,0.163551,-0.055758,0.315409,-0.373926,0.202275,-0.905158,-0.24749,-0.96228,-0.112859,-0.893384,0.181559,0.41101,0.015999,0.001506,0.001678,0.000984,-0.014715,0.029553,0.259793,-0.155507,-0.055503,0.269897,0.12923,-0.984038,0.122314,0.516751,0.171988,0.838643,-0.846439,-0.043928,0.530542,0.000903,0.000513,0.027013,-0.107036,-0.108338,-0.022525,-1.405766,0.048392,0.026114,-0.022756,-0.08658,0.989725,0.113785,-0.501098,-0.141978,0.853664,0.861048,0.016893,0.508242,0.000424,0.000208,0.013439,-0.134647,-0.401944,-0.202671,-0.966315,0.084508,0.022611,-0.048054,0.402197,-0.179499,-0.897784,0.172003,0.977946,-0.118471,0.89925,-0.106772,0.424201,8.8e-05,0.001034,0.001283,0.000857,-0.013092,0.025649,0.149065
291,0.163638,-0.055754,0.31548,-0.374961,0.200262,-0.905177,-0.241962,-0.963665,-0.11303,-0.894462,0.176381,0.41092,4e-05,0.000456,0.000565,0.0,0.0,-0.0,0.25335,-0.155249,-0.055111,0.27067,0.138892,-0.982034,0.127709,0.511852,0.181468,0.83965,-0.847898,-0.050011,0.527667,0.015166,0.023648,0.009668,0.021124,-0.040004,0.107291,-1.405534,0.048516,0.026303,-0.022361,-0.096207,0.988162,0.119498,-0.496472,-0.151695,0.854694,0.862704,0.0229,0.505189,-0.000104,0.005638,0.009097,0.010493,-0.018789,0.062902,-0.970887,0.084558,0.022613,-0.048018,0.403058,-0.17742,-0.897811,0.166374,0.978885,-0.118751,0.899924,-0.101509,0.424066,1.7e-05,0.000193,0.000241,-0.000218,0.000182,2.7e-05,0.143513
292,0.163723,-0.055771,0.315523,-0.374767,0.200515,-0.905201,-0.242156,-0.963591,-0.113252,-0.894491,0.176501,0.410805,1.3e-05,0.000141,0.000175,0.0,0.0,-0.0,0.251177,-0.154987,-0.054566,0.271154,0.150719,-0.979953,0.130262,0.503083,0.189343,0.843203,-0.851136,-0.060315,0.521338,0.016244,0.009411,0.012688,-0.259807,0.142571,0.176096,-1.405719,0.048646,0.026585,-0.022113,-0.108867,0.986498,0.122345,-0.488532,-0.160284,0.857697,0.865727,0.033606,0.499386,-8.1e-05,0.004148,0.00666,-0.399162,0.286976,0.038274,-0.96958,0.0846,0.022604,-0.047998,0.402885,-0.17769,-0.897835,0.166582,0.978823,-0.118968,0.899963,-0.101632,0.423954,4e-06,5.7e-05,6.8e-05,-0.000112,-1e-05,6.7e-05,0.136818
293,0.163736,-0.055782,0.315543,-0.374853,0.200411,-0.905189,-0.242162,-0.963605,-0.11312,-0.894454,0.176543,0.410869,6e-06,7.2e-05,8.9e-05,0.0,0.0,0.0,0.251153,-0.15484,-0.054307,0.271291,0.164435,-0.977793,0.1299,0.49638,0.195713,0.845717,-0.852549,-0.073348,0.517342,-0.000111,0.00658,0.010532,-0.482909,-1.240773,-0.708214,-1.405698,0.04872,0.026709,-0.022043,-0.116979,0.985584,0.122227,-0.483166,-0.164003,0.86003,0.867678,0.04155,0.495386,-6.4e-05,0.003216,0.005154,-0.476522,0.245543,0.215517,-0.968601,0.084606,0.022598,-0.047988,0.402963,-0.177579,-0.897822,0.166585,0.978839,-0.118836,0.899927,-0.101677,0.424018,-1e-06,8e-06,1e-05,-9.2e-05,-1.3e-05,8e-05,0.135349
294,0.163727,-0.055795,0.315625,-0.374855,0.200419,-0.905186,-0.242305,-0.963576,-0.113062,-0.894414,0.176694,0.410891,0.000145,0.001643,0.002037,0.000847,-0.013076,0.025669,0.251132,-0.15453,-0.053771,0.271378,0.180061,-0.974451,0.134216,0.484369,0.206475,0.850111,-0.856313,-0.086828,0.508971,0.016267,0.005822,0.006882,-0.460906,0.669939,-0.461099,-1.405801,0.04888,0.026986,-0.021997,-0.138538,0.982195,0.126883,-0.470813,-0.178033,0.864082,0.871287,0.05997,0.487094,0.008127,0.002764,0.003219,-0.616016,0.734973,-0.512953,-0.966641,0.084602,0.022588,-0.047951,0.402965,-0.177589,-0.89782,0.166734,0.978821,-0.118777,0.899899,-0.101834,0.42404,7.2e-05,0.000819,0.001016,0.000779,-0.013076,0.02571,0.134859
295,0.16371,-0.055852,0.315802,-0.374906,0.200381,-0.905173,-0.242642,-0.963515,-0.112857,-0.894301,0.177067,0.410976,0.000302,-0.008683,0.011251,-0.0357,0.011559,-0.019062,0.252761,-0.154188,-0.05321,0.271361,0.195468,-0.97162,0.133186,0.480055,0.2131,0.850923,-0.855384,-0.101161,0.507885,0.016255,0.00527,0.005976,-0.000646,-0.013797,0.030285,-1.405538,0.049051,0.027264,-0.022008,-0.152783,0.980145,0.126378,-0.465832,-0.184208,0.865486,0.871583,0.07336,0.484727,0.008123,0.00262,0.002971,0.020955,-0.017504,0.026115,-0.965988,0.084594,0.022561,-0.047861,0.403012,-0.17755,-0.897806,0.167076,0.978788,-0.118567,0.899814,-0.102218,0.424127,0.000154,-0.004289,0.00569,-0.035744,0.011569,-0.01908,0.135186
296,0.163686,-0.055943,0.316103,-0.376065,0.198228,-0.905167,-0.237548,-0.964807,-0.112655,-0.89518,0.172402,0.411046,0.000257,0.002895,0.003582,0.0,0.0,-0.0,0.252919,-0.153884,-0.052925,0.271516,0.201138,-0.970309,0.134298,0.478826,0.216876,0.850662,-0.854766,-0.105567,0.508029,-8.1e-05,0.00394,0.006259,-0.018176,-0.141643,-0.051097,-1.406013,0.049203,0.027405,-0.021933,-0.158535,0.979065,0.12766,-0.46492,-0.188088,0.865143,0.871043,0.077804,0.485005,-4.4e-05,0.001921,0.003056,-0.017727,-0.144062,-0.053533,-0.964845,0.084581,0.022514,-0.047713,0.403999,-0.175304,-0.897804,0.16188,0.979675,-0.118446,0.900321,-0.097484,0.424166,0.000221,-0.003512,0.00665,-0.035026,-0.001517,0.006634,0.135512
297,0.163694,-0.056003,0.316293,-0.377251,0.196003,-0.905158,-0.232208,-0.966126,-0.112484,-0.896079,0.1675,0.411113,0.000431,-0.007213,0.013062,-0.023545,0.013049,-0.024593,0.25306,-0.153768,-0.052912,0.271695,0.201113,-0.970191,0.135182,0.478419,0.217588,0.850708,-0.855,-0.105187,0.507715,-8.6e-05,0.004077,0.006469,-0.012863,0.101481,-0.170548,-1.405717,0.049261,0.02741,-0.021847,-0.158574,0.978962,0.128402,-0.464561,-0.188731,0.865195,0.871227,0.077546,0.484715,0.000486,-0.0031,0.007968,-0.034665,-0.006511,0.005162,-0.962069,0.084585,0.02249,-0.047626,0.404987,-0.17301,-0.897804,0.156437,0.980566,-0.118392,0.900839,-0.092503,0.424181,0.000147,0.001692,0.002093,0.136203,0.017328,-0.061786,0.135675
298,0.163721,-0.056103,0.316679,-0.377235,0.19608,-0.905148,-0.232967,-0.965974,-0.112222,-0.895889,0.168284,0.411207,0.000442,-0.007091,0.013206,-0.035702,0.011521,-0.019081,0.252163,-0.153554,-0.053057,0.272267,0.202911,-0.969591,0.136796,0.478865,0.219997,0.849838,-0.854327,-0.105707,0.508738,0.000972,-0.005824,0.016509,-0.013545,-0.019177,-0.003922,-1.405833,0.049368,0.02734,-0.021566,-0.16041,0.978419,0.130246,-0.465363,-0.191336,0.864191,0.870462,0.078013,0.486012,0.00048,-0.003,0.008112,-0.039742,-0.020344,-0.002277,-0.965172,0.084599,0.022441,-0.047431,0.404988,-0.173072,-0.897791,0.157165,0.980483,-0.118117,0.900712,-0.093265,0.424284,0.008057,0.001513,0.001767,0.000776,-0.014742,0.029644,0.135676
299,0.163746,-0.056194,0.317012,-0.377228,0.196138,-0.905138,-0.233624,-0.965843,-0.111985,-0.895721,0.168967,0.411293,0.000375,-0.007848,0.012267,-0.035703,0.011505,-0.019089,0.252893,-0.153406,-0.053438,0.272961,0.204756,-0.968984,0.138336,0.478754,0.222297,0.849301,-0.853951,-0.106444,0.509215,0.000987,-0.006523,0.015381,-0.033902,-0.005842,0.005553,-1.405756,0.049442,0.027151,-0.021217,-0.162342,0.977889,0.131825,-0.465168,-0.193666,0.863777,0.870208,0.078907,0.486323,0.009188,-0.008307,0.011357,-0.08115,0.003891,-0.007325,-0.966152,0.084612,0.022395,-0.047258,0.404982,-0.173139,-0.897781,0.157859,0.980401,-0.117863,0.900593,-0.093991,0.424376,0.000127,0.001485,0.001829,0.000703,-0.013003,0.025757,0.135512
300,0.163775,-0.056229,0.317133,-0.377203,0.196189,-0.905137,-0.233878,-0.965788,-0.111928,-0.895665,0.169222,0.41131,0.000179,0.002034,0.002505,0.0,0.0,0.0,0.252667,-0.153346,-0.053727,0.273387,0.206609,-0.968513,0.138879,0.479366,0.223821,0.848555,-0.853164,-0.107519,0.510308,0.000997,-0.007018,0.01459,-0.025476,0.001984,-0.023998,-1.406071,0.049471,0.027014,-0.021011,-0.164231,0.977495,0.132403,-0.466066,-0.195193,0.862949,0.869373,0.080015,0.487634,0.001025,-0.008834,0.011725,-0.085701,-0.00351,-0.016038,-0.968437,0.08462,0.022374,-0.047194,0.404996,-0.173141,-0.897774,0.158122,0.980374,-0.11774,0.900541,-0.094274,0.424425,0.000127,-0.004551,0.005359,-0.035816,0.011478,-0.019033,0.135512
