frame,MLTx,MLTy,MLTz,MLTR1,MLTR2,MLTR3,MLTR4,MLTR5,MLTR6,MLTR7,MLTR8,MLTR9,MLTTVx,MLTTVy,MLTTVz,MLTRVx,MLTRVy,MLTRVz,MLGA,MRTx,MRTy,MRTz,MRTR1,MRTR2,MRTR3,MRTR4,MRTR5,MRTR6,MRTR7,MRTR8,MRTR9,MRTTVx,MRTTVy,MRTTVz,MRTRVx,MRTRVy,MRTRVz,MRGA,SLTx,SLTy,SLTz,SLTR1,SLTR2,SLTR3,SLTR4,SLTR5,SLTR6,SLTR7,SLTR8,SLTR9,SLTTVx,SLTTVy,SLTTVz,SLTRVx,SLTRVy,SLTRVz,SLGA,SRTx,SRTy,SRTz,SRTR1,SRTR2,SRTR3,SRTR4,SRTR5,SRTR6,SRTR7,SRTR8,SRTR9,SRTTVx,SRTTVy,SRTTVz,SRTRVx,SRTRVy,SRTRVz,SRGA
1,0.095263,0.049918,0.432923,-0.559508,0.550073,-0.620013,-0.599038,-0.785313,-0.156232,-0.572154,0.283309,0.769678,-0.000115,-0.000398,-0.000142,-0.0,-0.0,-0.0,0.312146,-0.117392,0.035459,0.354099,-0.022755,0.469054,0.882871,-0.933857,0.305286,-0.186132,-0.356778,-0.829284,0.429955,-0.000748,0.004191,0.002829,-0.127291,0.498127,0.343894,-0.500884,0.03083,0.035615,-0.007559,0.166913,-0.5492,0.818851,0.918756,-0.214753,-0.331312,0.357807,0.807626,0.468736,-0.000385,0.002138,0.001442,-0.139084,0.615475,0.437385,-0.672882,0.085084,0.046925,-0.026375,-0.613879,0.521909,-0.592252,-0.533309,-0.827345,-0.176297,-0.582008,0.207628,0.786228,-4.5e-05,-0.000156,-5.4e-05,9e-06,1.5e-05,-2.1e-05,0.236099
2,0.095239,0.049898,0.432916,-0.559712,0.549912,-0.619972,-0.59891,-0.785443,-0.156073,-0.572089,0.283262,0.769743,-3.6e-05,-0.000125,-4.4e-05,-0.0,-0.0,-0.0,0.308283,-0.11757,0.035644,0.354249,-0.008864,0.44906,0.893453,-0.92837,0.32827,-0.174075,-0.371424,-0.831546,0.412843,-0.013792,0.005306,0.004767,-0.009034,0.543523,0.411283,-0.49674,0.030748,0.0357,-0.00749,0.153449,-0.531834,0.832829,0.91637,-0.238779,-0.321323,0.369753,0.812487,0.450716,-0.000606,0.003373,0.002276,1.315983,0.436774,1.153557,-0.670922,0.085073,0.046916,-0.026377,-0.614068,0.52173,-0.592214,-0.533167,-0.827469,-0.176144,-0.581939,0.207585,0.786292,-1.1e-05,-3.7e-05,-1.2e-05,2e-06,-6e-06,-2.3e-05,0.230874
3,0.095205,0.049865,0.432916,-0.558071,0.550676,-0.620772,-0.59849,-0.785251,-0.158628,-0.574126,0.28231,0.768575,-0.00033,-0.001137,-0.000405,-0.0,-0.0,-0.0,0.305854,-0.1177,0.035879,0.354532,0.008496,0.426288,0.904543,-0.920988,0.35565,-0.158831,-0.38939,-0.832244,0.394474,-0.0017,0.009562,0.00642,4.87715,-0.392129,2.515778,-0.474125,0.030676,0.035823,-0.007343,0.136581,-0.509982,0.849271,0.913426,-0.266968,-0.307212,0.383401,0.817707,0.429369,-0.000898,0.004771,0.003325,4.879663,-0.387544,2.507769,-0.656716,0.085056,0.046902,-0.026376,-0.612511,0.522656,-0.593009,-0.532804,-0.827155,-0.178698,-0.583908,0.206503,0.785115,-0.000175,-0.000602,-0.000214,-0.000237,0.000148,-0.000152,0.226628
4,0.095176,0.049802,0.432884,-0.555657,0.549784,-0.623721,-0.597927,-0.785452,-0.15975,-0.577046,0.283485,0.765951,-0.000909,-0.003134,-0.001119,0.045878,-0.043722,0.002812,0.300251,-0.117752,0.036036,0.354873,0.016732,0.404599,0.914336,-0.914485,0.375908,-0.149481,-0.404178,-0.834138,0.375123,0.000327,-0.003211,0.013415,-0.103535,0.371103,0.012583,-0.470118,0.03065,0.035908,-0.007174,0.127506,-0.489691,0.862521,0.909035,-0.290147,-0.299112,0.39673,0.822202,0.408151,-0.000655,0.003674,0.002456,-0.037497,0.250855,0.205386,-0.644143,0.085043,0.046873,-0.026391,-0.609954,0.521917,-0.596287,-0.532206,-0.827317,-0.179728,-0.587122,0.207721,0.782392,-0.000463,-0.001588,-0.000564,0.05513,-0.013907,0.016757,0.22124
5,0.095169,0.049751,0.432856,-0.555509,0.549896,-0.623754,-0.598002,-0.785367,-0.159883,-0.577111,0.283501,0.765896,-0.000896,-0.003088,-0.001103,-0.000107,-0.000296,-0.000115,0.29545,-0.117758,0.036058,0.355051,0.023165,0.393518,0.91902,-0.90877,0.391375,-0.144553,-0.416565,-0.832309,0.365511,-0.001301,0.007326,0.004897,-0.067912,0.328453,0.243414,-0.470801,0.030647,0.035916,-0.007082,0.121297,-0.479927,0.868882,0.904918,-0.306274,-0.295497,0.407933,0.822111,0.397144,0.000251,-0.002118,0.006357,-0.10755,0.474714,0.092508,-0.642673,0.085039,0.046848,-0.026406,-0.609913,0.522168,-0.596109,-0.532326,-0.827194,-0.179937,-0.587056,0.207578,0.782481,-0.000531,-0.001836,-0.000656,-0.000398,0.017869,-0.024288,0.216831
6,0.095131,0.049617,0.432757,-0.550003,0.548595,-0.629749,-0.597222,-0.78539,-0.162668,-0.58316,0.285945,0.760386,-0.001475,-0.005083,-0.001819,-0.072877,-0.186645,-0.103382,0.285014,-0.117717,0.035942,0.355449,0.03868,0.371403,0.92766,-0.896995,0.421974,-0.131419,-0.440277,-0.827476,0.348286,0.000989,-0.006942,0.010918,-0.090621,0.409882,0.24811,-0.471221,0.030666,0.035867,-0.006882,0.105713,-0.460219,0.881489,0.896828,-0.338808,-0.284442,0.429561,0.820613,0.376921,0.000433,-0.003157,0.005657,-0.028157,0.583018,0.172578,-0.642673,0.085021,0.046783,-0.026454,-0.604582,0.521796,-0.601838,-0.531572,-0.827003,-0.18302,-0.593221,0.209269,0.777363,-0.000618,-0.002135,-0.000764,-0.107775,-0.291214,-0.121235,0.203441
7,0.095046,0.049469,0.432656,-0.546638,0.548407,-0.632836,-0.597152,-0.785044,-0.164579,-0.586387,0.287248,0.757407,-0.001481,-0.005101,-0.00183,-0.028595,-0.167286,0.117182,0.275912,-0.117628,0.035663,0.355818,0.054492,0.350317,0.93504,-0.878168,0.46247,-0.121966,-0.475192,-0.814903,0.331646,0.001292,-0.008645,0.009787,-0.104679,0.350054,0.230428,-0.472115,0.030711,0.035726,-0.006698,0.089776,-0.441247,0.892883,0.881931,-0.381317,-0.277115,0.462748,0.81234,0.354917,0.000785,-0.005127,0.004347,-0.096739,0.43726,0.270566,-0.643163,0.084978,0.046708,-0.026505,-0.601234,0.521668,-0.605292,-0.531482,-0.826713,-0.184581,-0.596694,0.210725,0.774306,-0.000726,-0.002504,-0.000897,-0.055822,-0.152765,-0.060641,0.189725
8,0.095005,0.049407,0.432605,-0.546355,0.548619,-0.632897,-0.597273,-0.784894,-0.164856,-0.586527,0.287256,0.757296,-0.000471,0.005388,-0.011457,0.044289,-0.093719,0.19959,0.273019,-0.117574,0.035493,0.355959,0.060059,0.341189,0.938069,-0.870743,0.477363,-0.117753,-0.48802,-0.81016,0.324562,0.001683,-0.010837,0.008329,-0.100977,0.341983,0.191269,-0.47305,0.030738,0.035644,-0.006626,0.084093,-0.433025,0.89745,0.876061,-0.397024,-0.273656,0.474809,0.809234,0.345969,0.006233,0.000985,5.8e-05,-0.050406,0.400178,0.309317,-0.643979,0.084956,0.046669,-0.026528,-0.600929,0.521835,-0.605452,-0.531654,-0.826569,-0.184733,-0.596848,0.21088,0.774145,-0.000699,-0.002411,-0.000864,0.002378,0.023894,-0.020545,0.184336
9,0.094898,0.04932,0.432498,-0.543979,0.547616,-0.635805,-0.596532,-0.785215,-0.166008,-0.589483,0.288287,0.754605,-0.001206,-0.004148,-0.001493,-0.008755,-0.009375,-0.034527,0.268961,-0.117481,0.035263,0.35615,0.067594,0.328833,0.941961,-0.860397,0.497166,-0.111695,-0.505095,-0.803311,0.315332,0.001707,-0.010972,0.008244,-0.055001,0.088365,0.029945,-0.477674,0.030785,0.035526,-0.006533,0.076389,-0.421013,0.903831,0.868004,-0.417984,-0.268063,0.490645,0.805007,0.333511,0.006235,0.000995,6.7e-05,-0.020949,0.017788,0.043139,-0.646755,0.084903,0.046632,-0.026585,-0.598327,0.521161,-0.6086,-0.530959,-0.82674,-0.185964,-0.600071,0.211874,0.771377,-0.005638,0.004319,-0.00478,0.031639,0.001514,-0.010391,0.177151
10,0.094823,0.049334,0.432335,-0.538432,0.546186,-0.64173,-0.595486,-0.785391,-0.168909,-0.595601,0.29051,0.748926,-0.000224,0.006238,-0.011152,0.011757,-0.081123,-0.008657,0.262194,-0.117449,0.035186,0.35619,0.079735,0.317973,0.944736,-0.842783,0.527585,-0.106319,-0.532304,-0.788118,0.308846,6e-06,-3.5e-05,-2.3e-05,1.563793,-0.203707,0.72805,-0.483801,0.030801,0.035481,-0.006511,0.064849,-0.411753,0.908984,0.85397,-0.448358,-0.264022,0.516263,0.793368,0.322549,1.4e-05,-0.000221,-5e-05,5.20754,-0.530093,1.73022,-0.651981,0.084865,0.046633,-0.026663,-0.592793,0.52035,-0.614679,-0.529928,-0.826754,-0.18882,-0.606441,0.213805,0.765842,-0.006054,-0.000616,0.00014,-0.022155,-0.01644,-0.071239,0.168987
11,0.094767,0.049374,0.43208,-0.53401,0.540799,-0.649935,-0.590245,-0.788788,-0.17145,-0.604723,0.291387,0.741235,-0.000737,0.004474,-0.011788,0.012643,-0.222206,0.134212,0.255513,-0.117557,0.035084,0.356157,0.097127,0.307703,0.946507,-0.813755,0.572067,-0.102349,-0.573049,-0.76066,0.304752,0.000589,-0.003312,-0.002208,5.244748,-0.440398,1.743762,-0.492114,0.030746,0.035436,-0.006524,0.048359,-0.403767,0.913582,0.830661,-0.491671,-0.261268,0.554673,0.771512,0.311617,-0.006019,-0.002226,-0.000901,0.106286,0.133013,0.102515,-0.659655,0.084838,0.046657,-0.026789,-0.58817,0.515568,-0.623092,-0.524365,-0.829674,-0.191524,-0.615707,0.21408,0.758335,-0.000242,0.002658,-0.005739,0.038779,-0.18254,0.006132,0.159679
12,0.094753,0.049389,0.431904,-0.53413,0.535256,-0.65441,-0.585933,-0.79233,-0.169906,-0.608794,0.292017,0.737647,-0.001124,0.003145,-0.012268,-0.046156,-0.228975,-0.097513,0.251118,-0.117676,0.034996,0.356123,0.10715,0.302415,0.94713,-0.800438,0.591275,-0.098116,-0.589788,-0.747976,0.304212,0.000529,-0.002983,-0.00199,0.015929,0.111981,0.085125,-0.496933,0.030687,0.035389,-0.006543,0.036337,-0.398846,0.916297,0.816175,-0.517246,-0.257514,0.57666,0.757216,0.306733,-0.005898,-0.002921,-0.001367,0.107926,0.13072,0.096056,-0.662921,0.084832,0.046667,-0.026877,-0.587945,0.51042,-0.627527,-0.519812,-0.832801,-0.190361,-0.61977,0.214275,0.754964,-0.00049,0.0018,-0.00605,-0.055883,-0.371138,0.089135,0.154291
13,0.094686,0.049427,0.431456,-0.530036,0.526336,-0.664889,-0.576532,-0.798605,-0.172668,-0.621212,0.291149,0.727568,-0.012856,0.003269,-0.011507,-0.017479,-0.236314,0.07729,0.244555,-0.117999,0.034807,0.356041,0.11863,0.29233,0.948927,-0.775647,0.623906,-0.095114,-0.619962,-0.725107,0.29955,-0.011827,-0.005739,-0.002654,1.563797,-0.104168,0.457192,-0.510167,0.03053,0.035296,-0.006583,0.025132,-0.389751,0.920576,0.795101,-0.550387,-0.254728,0.605954,0.738354,0.296059,-0.005968,-0.002553,-0.001046,5.238714,-0.513768,1.611364,-0.673861,0.084802,0.046686,-0.027101,-0.583202,0.501931,-0.638701,-0.509879,-0.838271,-0.193193,-0.632374,0.21299,0.744806,-0.000902,0.000372,-0.006568,-0.031444,-0.172739,-0.07436,0.143677
14,0.094584,0.049395,0.430891,-0.526287,0.513866,-0.677503,-0.562929,-0.807666,-0.175382,-0.63667,0.28844,0.715179,-0.002903,-0.002945,-0.014497,0.012568,-0.784603,0.077213,0.233146,-0.118435,0.034595,0.356014,0.136254,0.279295,0.950485,-0.738285,0.668349,-0.090436,-0.660651,-0.68975,0.296053,-0.01211,-0.004175,-0.001612,0.133699,0.028829,0.031592,-0.512054,0.030313,0.035186,-0.0066,0.006669,-0.378158,0.925716,0.760528,-0.599148,-0.250233,0.649269,0.705703,0.283604,-0.006021,-0.002288,-0.000942,0.464997,-0.036675,0.112019,-0.681536,0.084748,0.046674,-0.027381,-0.579803,0.491425,-0.649868,-0.495637,-0.845802,-0.197388,-0.646662,0.207653,0.733967,-0.001143,0.003038,-0.012311,0.712882,-0.510827,0.667664,0.131593
15,0.094512,0.049361,0.430588,-0.527635,0.506352,-0.682096,-0.55433,-0.813618,-0.175263,-0.64306,0.284996,0.71083,-0.00291,-0.002961,-0.014513,-0.100414,-0.502312,0.005801,0.226299,-0.118695,0.034484,0.355977,0.146508,0.270909,0.951386,-0.710246,0.698216,-0.089323,-0.688622,-0.662966,0.293494,-0.011946,-0.005143,-0.002261,0.476833,0.001247,0.140121,-0.511796,0.030178,0.035131,-0.006617,-0.003822,-0.370712,0.928739,0.73475,-0.631038,-0.24886,0.678326,0.681441,0.274793,-0.005966,-0.002618,-0.00116,0.476651,-0.038731,0.11587,-0.682353,0.08471,0.046653,-0.02754,-0.579819,0.483456,-0.655803,-0.486568,-0.851088,-0.197228,-0.653498,0.204736,0.728712,-0.00148,-0.001606,-0.007299,-0.129524,-0.599369,-0.042876,0.122612
16,0.094273,0.049253,0.429941,-0.523409,0.5002,-0.689847,-0.546115,-0.818328,-0.179083,-0.653454,0.282375,0.702346,-0.003597,-0.005285,-0.015394,0.021259,-0.147334,0.147222,0.217516,-0.119289,0.034243,0.355899,0.167951,0.259901,0.950913,-0.664109,0.742678,-0.085571,-0.728639,-0.617461,0.296125,-0.012146,-0.004044,-0.001529,0.010734,0.014061,-0.025262,-0.526294,0.029891,0.035011,-0.006657,-0.025947,-0.361753,0.931912,0.69226,-0.679032,-0.244315,0.721181,0.638787,0.268046,-0.012256,-0.003422,-0.00111,0.13592,0.01132,-0.017755,-0.689048,0.084593,0.046603,-0.027852,-0.574815,0.477094,-0.664806,-0.477962,-0.855198,-0.200465,-0.664182,0.202522,0.719614,-0.006927,0.003447,-0.011814,0.060906,-0.112425,0.154971,0.107263
17,0.093929,0.049128,0.429282,-0.516187,0.49181,-0.701227,-0.530979,-0.826111,-0.188609,-0.671416,0.274363,0.688443,-0.004453,-0.008156,-0.016494,-0.115295,-0.689873,-0.118757,0.212725,-0.119948,0.0341,0.355855,0.177251,0.25449,0.950688,-0.642282,0.761802,-0.084056,-0.745817,-0.596028,0.297273,-0.012487,-0.002073,-0.000213,-0.000895,0.015104,-0.028886,-0.531349,0.029552,0.034935,-0.006682,-0.035475,-0.357129,0.93338,0.672035,-0.699787,-0.24221,0.739668,0.618672,0.264828,-0.006265,-0.000917,-1.6e-05,-0.004203,0.011525,-0.030343,-0.700804,0.084421,0.046542,-0.028186,-0.568337,0.471438,-0.674342,-0.462466,-0.860895,-0.212092,-0.680527,0.191321,0.707303,-0.007675,-0.002554,-0.007322,0.165981,-0.132647,0.028292,0.097955
18,0.093724,0.049022,0.428927,-0.511897,0.49114,-0.704832,-0.525893,-0.827875,-0.195014,-0.678661,0.270223,0.682953,-0.00506,-0.010184,-0.017277,-0.059395,-0.405718,0.014092,0.212408,-0.120324,0.034048,0.355844,0.185437,0.249595,0.950425,-0.624384,0.776754,-0.082043,-0.758923,-0.578528,0.29867,-0.024997,-0.004008,-0.000336,5.248804,-0.423029,1.592227,-0.529793,0.029373,0.034912,-0.006686,-0.042432,-0.353815,0.934351,0.659824,-0.712158,-0.239712,0.75022,0.606336,0.263674,-0.006264,-0.000928,-2.5e-05,-0.003625,0.012039,-0.031948,-0.700967,0.084319,0.046491,-0.028363,-0.563437,0.470544,-0.679063,-0.457321,-0.862174,-0.217975,-0.688037,0.187734,0.70097,-0.008063,-0.00384,-0.007816,-0.100842,-0.576359,-0.107372,0.095016
19,0.093253,0.048689,0.428171,-0.503307,0.487775,-0.713304,-0.516396,-0.831589,-0.204367,-0.692241,0.264876,0.671319,-0.017132,-0.010814,-0.016896,0.006377,-0.181563,0.071556,0.210359,-0.121077,0.033945,0.355823,0.188407,0.247477,0.950394,-0.615101,0.784118,-0.082121,-0.765747,-0.569426,0.298746,-0.012675,-0.000936,0.000543,0.153697,-0.098365,0.185893,-0.529899,0.028997,0.034859,-0.006698,-0.04673,-0.351123,0.935161,0.647216,-0.723739,-0.239399,0.760872,0.594065,0.261073,-0.012622,-0.001242,0.000353,1.593193,-0.096422,0.473224,-0.701131,0.084088,0.046324,-0.028741,-0.554044,0.467446,-0.68886,-0.447668,-0.864939,-0.226875,-0.701874,0.182682,0.688475,-0.003134,-0.00714,-0.009433,0.0125,-0.182148,0.118277,0.090444
20,0.092627,0.048232,0.427433,-0.497808,0.485062,-0.718991,-0.50727,-0.835206,-0.212321,-0.702881,0.258419,0.662725,-0.017977,-0.013418,-0.017982,0.033984,-0.062763,0.083393,0.208362,-0.121762,0.033969,0.35575,0.191416,0.248765,0.949456,-0.609912,0.788028,-0.083387,-0.769148,-0.563435,0.301356,-0.014153,0.009098,-0.008338,0.034646,0.008402,-0.008993,-0.529759,0.02865,0.03487,-0.006728,-0.05,-0.352493,0.934477,0.641801,-0.72823,-0.240355,0.765238,0.587731,0.262642,-0.012508,-0.001928,-0.000111,0.009092,-0.066962,0.116172,-0.701131,0.083775,0.046096,-0.02911,-0.54842,0.465451,-0.694686,-0.438491,-0.867456,-0.235042,-0.712011,0.175712,0.679826,-0.008861,-0.006327,-0.008833,0.040891,-0.029101,0.131689,0.086362
21,0.091852,0.047714,0.426778,-0.486982,0.486622,-0.725323,-0.501353,-0.835692,-0.224133,-0.714615,0.253883,0.65184,-0.029064,-0.010309,-0.016219,0.033011,-0.064058,0.078372,0.207541,-0.122442,0.033961,0.355609,0.197518,0.247123,0.948635,-0.590785,0.802207,-0.085848,-0.782431,-0.543793,0.303238,-0.01223,-0.003637,-0.001269,0.139581,0.002065,0.0158,-0.525336,0.028309,0.034873,-0.0068,-0.056201,-0.351257,0.93459,0.623517,-0.743438,-0.24192,0.779786,0.569137,0.260796,-0.01314,0.002449,-0.00498,0.507917,-0.009415,0.120189,-0.699008,0.08339,0.045832,-0.02944,-0.537863,0.468186,-0.701073,-0.432743,-0.867018,-0.247006,-0.723488,0.170529,0.668942,-0.009077,-0.006904,-0.009105,0.032939,-0.02716,0.097497,0.084729
22,0.091411,0.04742,0.426489,-0.479818,0.491445,-0.726843,-0.50016,-0.833796,-0.233657,-0.720278,0.250808,0.646778,-0.018908,-0.023028,-0.008288,0.17224,-0.151815,0.247404,0.208753,-0.1228,0.033924,0.355489,0.200755,0.247685,0.947809,-0.581071,0.809016,-0.088218,-0.788861,-0.533346,0.305128,-0.01189,-0.005774,-0.0027,0.0002,0.005168,-0.035403,-0.525156,0.028125,0.034855,-0.006859,-0.059562,-0.352163,0.934041,0.613912,-0.750746,-0.243907,0.787123,0.558892,0.260913,-0.005918,-0.003056,-0.00145,-0.00121,0.026565,-0.018627,-0.697702,0.083166,0.045689,-0.029587,-0.531425,0.473761,-0.702237,-0.431937,-0.864668,-0.256471,-0.728708,0.167027,0.664142,-0.014734,-0.005761,-0.008359,0.650974,-0.428904,0.60097,0.084729
23,0.09044,0.046784,0.425955,-0.459247,0.505185,-0.730703,-0.496059,-0.82816,-0.260863,-0.736358,0.242037,0.631841,-0.018424,-0.014098,-0.01853,1.899554,-1.28705,1.759029,0.207099,-0.123438,0.03397,0.355204,0.201802,0.246669,0.947851,-0.5757,0.812781,-0.088828,-0.792526,-0.528063,0.30482,-0.013816,0.007134,-0.009653,0.034249,0.008595,-0.008991,-0.527828,0.027812,0.034869,-0.007002,-0.06059,-0.351011,0.934408,0.608793,-0.754846,-0.244082,0.791011,0.554073,0.25943,-0.006072,-0.002095,-0.000811,-0.003631,0.016081,-0.029257,-0.698682,0.082674,0.045362,-0.029857,-0.512469,0.489163,-0.705757,-0.428901,-0.857834,-0.283131,-0.74392,0.157604,0.649416,-0.009214,-0.007134,-0.009294,1.885548,-1.274958,1.743817,0.084729
24,0.089346,0.046117,0.425523,-0.445209,0.515657,-0.732073,-0.496321,-0.822537,-0.277615,-0.744765,0.2391,0.623044,-0.030178,-0.019746,-0.006572,0.012558,-0.092655,0.226908,0.204527,-0.124048,0.034148,0.354898,0.205051,0.244036,0.947836,-0.565069,0.820209,-0.08881,-0.799321,-0.51769,0.304873,-0.013835,0.007316,-0.009529,0.034257,0.00853,-0.009027,-0.528526,0.027507,0.034959,-0.007154,-0.063951,-0.348637,0.935073,0.598759,-0.763006,-0.243533,0.798372,0.544309,0.257545,-0.006886,0.003477,-0.004875,0.032774,0.008138,-0.009503,-0.699988,0.082148,0.045037,-0.030066,-0.499252,0.500848,-0.707034,-0.429611,-0.851728,-0.299988,-0.75245,0.153981,0.640397,-0.014994,-0.009599,-0.003159,0.010609,-0.101845,0.250636,0.081463
25,0.088185,0.045544,0.425192,-0.437974,0.521585,-0.732239,-0.497979,-0.818833,-0.285483,-0.747947,0.238951,0.619278,-0.029742,-0.017839,-0.005902,0.180176,-0.200902,0.375192,0.205009,-0.124602,0.03434,0.354642,0.206153,0.246524,0.946952,-0.564154,0.820632,-0.0907,-0.799685,-0.515839,0.307046,-0.012396,-0.002604,-0.000588,-0.001436,0.012477,-0.030931,-0.531082,0.027225,0.035057,-0.007286,-0.065037,-0.351269,0.934012,0.597646,-0.763268,-0.245439,0.799117,0.542247,0.259576,-0.006199,-0.001269,-0.000262,-0.001709,0.027641,-0.020098,-0.701131,0.081556,0.044746,-0.030238,-0.492537,0.507418,-0.70706,-0.431826,-0.847864,-0.307655,-0.755601,0.153795,0.63672,-0.020209,-0.006693,-0.00172,0.62457,-0.409348,0.586512,0.08081
26,0.08757,0.045308,0.425033,-0.435069,0.523669,-0.732482,-0.49759,-0.817776,-0.289169,-0.749901,0.238011,0.617274,-0.029553,-0.016993,-0.005602,0.004642,-0.015605,0.045358,0.205532,-0.124873,0.034421,0.354521,0.207452,0.245358,0.946971,-0.558961,0.824149,-0.090962,-0.802991,-0.510759,0.30691,-0.01394,0.008083,-0.009012,0.034277,0.008399,-0.009102,-0.531458,0.027089,0.035099,-0.007346,-0.066344,-0.350079,0.934367,0.592684,-0.767157,-0.245347,0.802697,0.537507,0.258382,-0.006967,0.004041,-0.004497,0.033205,0.010333,-0.007771,-0.702274,0.081249,0.044628,-0.030317,-0.489554,0.509977,-0.707289,-0.431585,-0.846527,-0.311648,-0.757673,0.152687,0.63452,-0.014054,-0.00274,-0.007321,0.028873,0.035119,-0.096677,0.080483
27,0.086327,0.044909,0.42465,-0.427811,0.528091,-0.733582,-0.494,-0.816213,-0.299556,-0.756426,0.233573,0.610975,-0.04082,-0.013759,-0.003734,0.044652,0.034393,-0.097089,0.207873,-0.12538,0.034552,0.354327,0.207899,0.248201,0.946132,-0.558417,0.824245,-0.093401,-0.803254,-0.509232,0.308753,-0.012481,-0.002029,-0.000206,-0.001904,0.014574,-0.029637,-0.532178,0.026841,0.035164,-0.007444,-0.06676,-0.352914,0.93327,0.591847,-0.76704,-0.247718,0.80328,0.535816,0.260079,-0.007037,0.00453,-0.004168,0.033973,0.016536,-0.00331,-0.70358,0.080617,0.044424,-0.03051,-0.482687,0.515059,-0.708326,-0.428309,-0.844292,-0.322057,-0.763913,0.147929,0.628133,-0.020415,-0.00691,-0.001861,0.041452,0.036372,-0.099633,0.082443
28,0.085184,0.044482,0.424163,-0.422681,0.531041,-0.734425,-0.49076,-0.815336,-0.307172,-0.761405,0.229925,0.606155,-0.029385,-0.008624,-0.016129,0.039274,-0.044028,0.086502,0.208933,-0.125902,0.034594,0.354145,0.211495,0.244883,0.946199,-0.543425,0.834106,-0.094285,-0.812552,-0.494557,0.308279,-0.026248,0.005024,-0.009909,1.600994,-0.132783,0.472732,-0.531578,0.026574,0.035187,-0.007533,-0.070301,-0.349908,0.934142,0.577916,-0.777574,-0.247769,0.813061,0.522438,0.256882,-0.013102,0.002412,-0.005014,1.620788,-0.110264,0.487103,-0.703907,0.080057,0.044216,-0.030747,-0.47791,0.518395,-0.709131,-0.425272,-0.842919,-0.32959,-0.768598,0.14406,0.623299,-0.015242,-0.009512,-0.003285,-0.011329,0.066812,-0.142777,0.084892
29,0.084651,0.044229,0.423894,-0.418905,0.533324,-0.734935,-0.488845,-0.81447,-0.312477,-0.764719,0.227702,0.602813,-0.029603,-0.009085,-0.01637,0.029999,0.034375,-0.096051,0.209723,-0.126159,0.034517,0.354049,0.212327,0.243975,0.946248,-0.538516,0.837214,-0.094905,-0.8156,-0.489727,0.307941,-0.011746,-0.006931,-0.003497,0.038295,0.025785,-0.040087,-0.531977,0.02645,0.035155,-0.007577,-0.071339,-0.348961,0.934417,0.57278,-0.781278,-0.248042,0.816597,0.517521,0.255614,-0.005908,-0.003229,-0.001581,0.139245,-0.000217,0.017026,-0.703744,0.079791,0.044089,-0.030882,-0.474248,0.521109,-0.7096,-0.42358,-0.841643,-0.334986,-0.771795,0.141706,0.619879,-0.015369,-0.009782,-0.003424,-0.002013,-0.01179,0.039811,0.085709
30,0.083641,0.043635,0.423279,-0.411072,0.538095,-0.735879,-0.484982,-0.812548,-0.323312,-0.771405,0.223309,0.595898,-0.019337,-0.014735,-0.019462,0.030991,0.030155,-0.091748,0.209767,-0.126692,0.034304,0.353817,0.215719,0.24072,0.946314,-0.523556,0.846541,-0.095871,-0.824409,-0.475072,0.307439,-0.011692,-0.007407,-0.003825,-0.002045,0.015205,-0.029245,-0.536027,0.026184,0.035045,-0.007696,-0.074892,-0.346015,0.935234,0.558397,-0.791588,-0.248153,0.826185,0.503648,0.252498,-0.012807,0.000343,-0.006408,0.02891,0.037388,-0.06364,-0.705703,0.079282,0.043796,-0.031187,-0.466846,0.526566,-0.710479,-0.420051,-0.839023,-0.345826,-0.77821,0.13699,0.612879,-0.015708,-0.010596,-0.003829,0.001205,-0.024633,0.068106,0.087178
31,0.08268,0.043068,0.422616,-0.405445,0.541361,-0.736606,-0.481563,-0.811359,-0.331309,-0.776511,0.219716,0.590577,-0.019722,-0.015571,-0.01995,0.02964,0.031036,-0.092938,0.208646,-0.12714,0.034094,0.353602,0.218092,0.238459,0.946343,-0.513411,0.852671,-0.096415,-0.83015,-0.465138,0.307182,-0.011632,-0.00792,-0.00418,-0.00406,0.030048,-0.053863,-0.544859,0.02596,0.03494,-0.007803,-0.077389,-0.343948,0.935794,0.548674,-0.798384,-0.248069,0.832446,0.494248,0.250501,-0.005868,-0.003606,-0.001843,-0.005319,0.029001,-0.054444,-0.711745,0.078802,0.043512,-0.031519,-0.461546,0.530304,-0.711162,-0.416879,-0.837281,-0.353794,-0.783062,0.133177,0.607517,-0.015442,-0.006096,-0.008944,0.031901,-0.02959,0.055123,0.086198
32,0.081656,0.042571,0.421876,-0.398642,0.545105,-0.737557,-0.476692,-0.810145,-0.341177,-0.783016,0.214897,0.583723,-0.030823,-0.011485,-0.017751,0.595875,-0.396948,0.552508,0.206079,-0.127471,0.033929,0.35343,0.220412,0.236177,0.946377,-0.503244,0.858649,-0.096957,-0.835749,-0.455188,0.306905,-0.013405,0.004505,-0.01143,5.262461,-0.512806,1.662287,-0.556997,0.02579,0.034853,-0.007892,-0.079332,-0.342253,0.936252,0.540393,-0.803997,-0.248118,0.837664,0.486261,0.248734,-0.006612,0.00217,-0.005808,5.266011,-0.499687,1.660175,-0.722359,0.078293,0.043259,-0.031891,-0.455729,0.534143,-0.71204,-0.412475,-0.835594,-0.36283,-0.78878,0.128346,0.601125,-0.009603,-0.00691,-0.00966,1.888983,-1.188112,1.570898,0.083749
33,0.081093,0.042366,0.421505,-0.397439,0.545518,-0.7379,-0.474892,-0.810293,-0.343328,-0.78472,0.213286,0.582023,-0.018923,-0.012648,-0.01889,0.040013,-0.059714,0.115626,0.205838,-0.127595,0.033863,0.353362,0.222806,0.237497,0.945486,-0.498066,0.861443,-0.098895,-0.838216,-0.449182,0.309019,0.000509,-0.003497,-0.00236,0.475171,-0.071744,0.139689,-0.558,0.025728,0.034819,-0.007926,-0.082143,-0.343688,0.935484,0.534198,-0.807608,-0.249801,0.841358,0.479215,0.249937,-0.006754,0.002649,-0.005445,1.627171,-0.118133,0.498045,-0.725951,0.078017,0.043158,-0.032071,-0.454008,0.535103,-0.712418,-0.410509,-0.835278,-0.365776,-0.790795,0.126389,0.598888,-0.015123,-0.004808,-0.008482,0.025254,0.037151,-0.099816,0.082443
34,0.079971,0.042037,0.420849,-0.388299,0.550775,-0.738861,-0.474305,-0.806808,-0.352233,-0.789644,0.212983,0.575437,-0.02985,-0.007944,-0.016379,0.029974,0.034239,-0.096083,0.207859,-0.127804,0.033781,0.353245,0.222243,0.240346,0.944899,-0.492657,0.863976,-0.103767,-0.841556,-0.442756,0.309216,0.000388,-0.002676,-0.001808,0.032252,-0.143736,-0.123167,-0.560785,0.025624,0.034779,-0.007984,-0.081355,-0.345784,0.934779,0.528041,-0.810399,-0.253819,0.845312,0.472953,0.248519,9e-05,-0.000616,-0.000411,0.038798,-0.227309,-0.145456,-0.730033,0.077449,0.042987,-0.032406,-0.44528,0.541216,-0.713308,-0.410375,-0.831404,-0.374644,-0.795811,0.125902,0.592309,-0.014964,-0.004122,-0.008235,0.022292,0.049718,-0.127856,0.083422
35,0.078741,0.041661,0.420331,-0.380361,0.555089,-0.739761,-0.468335,-0.805285,-0.363524,-0.79704,0.20749,0.567187,-0.029823,-0.007447,-0.016255,0.080051,0.001109,-0.051965,0.212145,-0.127979,0.033731,0.353181,0.224589,0.238013,0.944934,-0.482447,0.869659,-0.104264,-0.846836,-0.432767,0.30894,0.000342,-0.002368,-0.001601,-0.002006,0.014823,-0.02463,-0.561219,0.025536,0.034756,-0.008015,-0.084006,-0.343907,0.935237,0.518065,-0.816811,-0.253825,0.851205,0.463191,0.246783,-0.006204,-0.001379,-0.00035,-0.003329,0.016111,-0.028294,-0.732809,0.076835,0.042801,-0.032664,-0.437767,0.546198,-0.714162,-0.404728,-0.829002,-0.385939,-0.802841,0.12009,0.583971,-0.015455,-0.008784,-0.003316,0.178674,-0.131127,0.198049,0.086199
36,0.078128,0.041413,0.420107,-0.371683,0.560471,-0.740114,-0.469911,-0.801076,-0.37072,-0.80021,0.209295,0.562038,-0.031189,-0.018089,-0.006957,0.561106,-0.395536,0.561008,0.214574,-0.128068,0.033682,0.353145,0.224415,0.238134,0.944945,-0.482478,0.86962,-0.104446,-0.846864,-0.43278,0.308846,0.000341,-0.002372,-0.001604,0.0,-0.0,-0.0,-0.560869,0.025492,0.034731,-0.008033,-0.0838,-0.344016,0.935216,0.51809,-0.816738,-0.254011,0.851211,0.46324,0.246674,0.000211,-0.001468,-0.000987,-0.000949,0.000341,-9e-05,-0.733136,0.076518,0.042676,-0.032782,-0.429733,0.552175,-0.714444,-0.406786,-0.824777,-0.392768,-0.806135,0.121841,0.579051,-0.015608,-0.009118,-0.003491,0.616814,-0.429602,0.606265,0.090444
37,0.07694,0.040716,0.419666,-0.35783,0.56919,-0.740288,-0.46992,-0.794781,-0.384018,-0.806507,0.209749,0.552791,-0.031272,-0.010943,-0.017995,0.206003,-0.156047,0.232985,0.218811,-0.128321,0.033574,0.353003,0.226782,0.235755,0.944977,-0.4721,0.875239,-0.104938,-0.852072,-0.422626,0.308584,0.000585,-0.004086,-0.002766,-0.002013,0.014863,-0.024605,-0.56126,0.02537,0.034677,-0.008098,-0.086303,-0.341824,0.935792,0.508128,-0.823044,-0.253778,0.856946,0.453601,0.244722,0.000274,-0.001913,-0.001289,-0.001,-0.000385,-0.000395,-0.733299,0.075948,0.042343,-0.032991,-0.417161,0.561665,-0.714498,-0.407743,-0.818274,-0.405182,-0.812232,0.122305,0.570367,-0.010557,-0.012382,-0.005296,1.85754,-1.250306,1.702464,0.095669
38,0.075857,0.039828,0.419244,-0.346459,0.574165,-0.741853,-0.466897,-0.791403,-0.394536,-0.813209,0.208959,0.543188,-0.03352,-0.023742,-0.009789,0.003064,-0.016061,0.043634,0.224835,-0.128627,0.033568,0.35278,0.225033,0.233575,0.945935,-0.471836,0.875515,-0.103818,-0.852679,-0.423262,0.306023,-0.013563,0.005512,-0.010762,0.031488,0.026712,-0.03153,-0.5615,0.025217,0.034671,-0.008211,-0.084491,-0.339449,0.936821,0.508052,-0.823467,-0.252556,0.857171,0.454616,0.242033,0.000196,-0.001362,-0.000918,-0.002679,-0.013219,-0.010742,-0.733952,0.075396,0.041897,-0.033207,-0.405636,0.568043,-0.71609,-0.40491,-0.814047,-0.416382,-0.819454,0.121053,0.560213,-0.011049,-0.013543,-0.005892,-0.00307,-0.020145,0.071085,0.103997
39,0.07532,0.039323,0.419029,-0.337902,0.577201,-0.743443,-0.464541,-0.789203,-0.401662,-0.818153,0.208914,0.535731,-0.033754,-0.024127,-0.010056,-0.00744,-0.055191,0.027433,0.226885,-0.128816,0.033619,0.352632,0.223303,0.231372,0.946886,-0.471657,0.87575,-0.102638,-0.853231,-0.423981,0.303479,-0.001008,0.007314,-0.010696,0.009864,0.122305,0.066758,-0.562208,0.025118,0.034696,-0.008286,-0.082895,-0.337398,0.937705,0.507954,-0.823843,-0.251525,0.857386,0.45546,0.239675,-0.006087,-0.002226,-0.000927,-0.032123,0.159922,0.061284,-0.734442,0.075115,0.041634,-0.033319,-0.397267,0.571707,-0.717864,-0.402774,-0.811494,-0.423378,-0.824592,0.120943,0.552648,-0.016907,-0.012166,-0.005056,-0.016447,-0.023426,0.039884,0.10759
40,0.074271,0.038203,0.418549,-0.323448,0.584286,-0.744336,-0.460772,-0.784252,-0.415464,-0.826101,0.207856,0.523813,-0.034543,-0.025776,-0.011021,-0.021141,-0.104146,0.006133,0.229569,-0.129195,0.033859,0.352287,0.217219,0.222009,0.950537,-0.471205,0.876642,-0.096949,-0.855043,-0.427122,0.293824,-0.013882,0.007823,-0.009191,-0.093173,0.606397,0.364533,-0.563605,0.024934,0.034812,-0.008461,-0.078114,-0.330021,0.940735,0.508008,-0.825096,-0.247271,0.857802,0.458587,0.232105,-0.006924,0.003827,-0.004646,0.004822,0.100265,0.044025,-0.735748,0.074611,0.041094,-0.033551,-0.38374,0.580031,-0.718544,-0.399586,-0.805795,-0.437063,-0.83251,0.119401,0.540988,-0.011674,-0.014983,-0.006706,-0.03758,-0.149878,0.015618,0.112652
41,0.073236,0.037124,0.418069,-0.307506,0.589729,-0.746797,-0.456924,-0.779873,-0.427774,-0.834302,0.208948,0.510205,-0.034773,-0.025854,-0.011264,-0.021137,-0.219259,0.173074,0.234286,-0.129542,0.03436,0.351901,0.207821,0.208011,0.955789,-0.47076,0.877768,-0.088552,-0.857608,-0.43181,0.279124,-0.00326,0.023579,-0.015293,0.006959,0.295988,0.234486,-0.563634,0.024755,0.035064,-0.008659,-0.067561,-0.313224,0.947272,0.50894,-0.827445,-0.237305,0.858146,0.466072,0.215315,-0.001647,0.011951,-0.007529,0.001075,0.251658,0.200356,-0.736892,0.074085,0.040542,-0.033796,-0.368398,0.586817,-0.72106,-0.396285,-0.800738,-0.449194,-0.840976,0.120263,0.527537,-0.011644,-0.014682,-0.006674,-0.045329,-0.159899,-0.020561,0.118204
42,0.072162,0.036099,0.417576,-0.282607,0.593003,-0.754007,-0.451337,-0.775745,-0.441005,-0.84609,0.214938,0.487812,-0.022586,-0.026944,-0.012442,0.427729,-0.840042,0.393923,0.241362,-0.129768,0.035028,0.35144,0.195376,0.185994,0.962926,-0.47101,0.878973,-0.074092,-0.860378,-0.439309,0.258109,-0.015644,0.020781,-0.016015,-0.031394,0.526267,0.107083,-0.561943,0.024648,0.035395,-0.00888,-0.05599,-0.291324,0.954984,0.511145,-0.829999,-0.223229,0.857668,0.475637,0.19538,-0.000785,0.005739,-0.003919,-0.070194,0.489379,0.327528,-0.735422,0.073555,0.040036,-0.03404,-0.346854,0.591651,-0.727764,-0.392028,-0.796357,-0.460574,-0.852059,0.125552,0.508163,-0.011262,-0.013418,-0.006176,-0.167216,-0.793135,-0.308797,0.125388
43,0.071607,0.035725,0.417325,-0.268215,0.591964,-0.760056,-0.449364,-0.774691,-0.444857,-0.851821,0.221483,0.474735,-0.033359,-0.021149,-0.009296,-0.147874,-0.671977,-0.186545,0.244409,-0.129822,0.035427,0.35116,0.189855,0.16974,0.967024,-0.471702,0.879562,-0.06166,-0.861228,-0.444657,0.245825,-0.001541,0.011166,-0.00805,-0.777772,-0.755654,2.483538,-0.560678,0.024616,0.03559,-0.009017,-0.049247,-0.278051,0.959302,0.512801,-0.831249,-0.214611,0.857093,0.481363,0.183521,-0.001532,0.011131,-0.008072,-0.13928,0.97719,0.421398,-0.734769,0.073268,0.039834,-0.034172,-0.330543,0.593334,-0.733959,-0.389069,-0.794181,-0.466798,-0.859863,0.131264,0.493359,-0.010549,-0.007908,-0.010787,-0.10639,-1.042619,-0.110404,0.130613
44,0.070511,0.035092,0.416732,-0.246928,0.577421,-0.778239,-0.41284,-0.789204,-0.454635,-0.876404,0.208302,0.434226,-0.021194,-0.022572,-0.010567,2.821295,-1.468514,1.197727,0.25036,-0.129891,0.03628,0.350516,0.174668,0.14252,0.974254,-0.473164,0.879849,-0.043761,-0.863618,-0.453519,0.219877,-0.002974,0.021549,-0.0166,-0.129649,1.016086,0.484402,-0.559459,0.02458,0.03603,-0.009348,-0.037444,-0.249267,0.96771,0.51713,-0.833472,-0.19468,0.855087,0.493142,0.160112,-0.001474,0.010738,-0.008325,-0.13377,0.955158,0.427913,-0.731503,0.072715,0.039519,-0.034468,-0.308993,0.579453,-0.754159,-0.353584,-0.806116,-0.474504,-0.882893,0.120041,0.453969,-0.010316,-0.006849,-0.010458,4.108785,1.361861,-2.589509,0.139594
45,0.069675,0.034504,0.416017,-0.237052,0.543431,-0.805316,-0.341003,-0.822685,-0.454839,-0.909406,0.166114,0.381331,-0.020364,-0.013154,-0.020609,1.093331,-1.03926,-0.641819,0.24764,-0.130005,0.037184,0.349794,0.16573,0.11175,0.979815,-0.47533,0.879547,-0.019797,-0.864179,-0.462597,0.197639,-0.004468,0.03237,-0.024816,-0.502118,-0.810402,2.31172,-0.559032,0.024524,0.036469,-0.009699,-0.02649,-0.217884,0.975615,0.522294,-0.835169,-0.172337,0.852353,0.504993,0.135923,-0.001431,0.01047,-0.008488,-0.067491,0.804703,0.073562,-0.730523,0.072297,0.039225,-0.03482,-0.296636,0.54917,-0.781293,-0.277664,-0.832369,-0.47965,-0.913733,0.074655,0.399395,-0.004621,-0.008818,-0.011681,4.222258,0.478908,-2.283258,0.14335
46,0.069412,0.034134,0.415619,-0.232355,0.522966,-0.8201,-0.291521,-0.841798,-0.454272,-0.927644,0.132867,0.34907,-0.009288,-0.01804,-0.023502,4.330919,0.297274,-1.956883,0.235978,-0.130079,0.037654,0.349436,0.160741,0.094897,0.98242,-0.476433,0.879146,-0.006852,-0.864508,-0.467077,0.185277,-0.002987,0.021639,-0.016486,-0.192889,0.355033,0.776556,-0.559519,0.024487,0.036707,-0.009882,-0.024392,-0.20068,0.979352,0.525268,-0.836093,-0.158242,0.850586,0.510563,0.125805,-0.007736,0.009892,-0.008298,-0.531736,-0.429758,2.250293,-0.731177,0.072163,0.039045,-0.035017,-0.289376,0.53093,-0.796476,-0.230097,-0.84626,-0.480517,-0.929147,0.044217,0.367053,-0.005084,-0.013724,-0.006772,0.105413,-1.735423,-0.280934,0.137145
47,0.069126,0.033115,0.414811,-0.20271,0.493616,-0.845753,-0.201461,-0.866172,-0.45731,-0.958055,0.077065,0.276076,-0.011143,-0.029868,-0.014995,0.213523,-1.980947,0.086162,0.210021,-0.130299,0.0387,0.348682,0.15183,0.057035,0.986755,-0.47825,0.877886,0.022961,-0.865105,-0.475475,0.159311,-0.00309,0.022398,-0.015932,-0.136849,1.3306,0.283528,-0.559568,0.024376,0.037238,-0.010266,-0.018656,-0.163956,0.986291,0.530828,-0.837573,-0.129193,0.847273,0.521141,0.102658,-0.001537,0.011219,-0.00795,-0.138123,1.289653,0.23118,-0.731177,0.072025,0.038551,-0.035418,-0.260391,0.502906,-0.824185,-0.134609,-0.864205,-0.484798,-0.956073,-0.015295,0.292727,0.000734,-0.011799,-0.013533,4.885007,0.356983,-1.475007,0.102527
48,0.068636,0.032016,0.414358,-0.169992,0.476269,-0.862737,-0.123788,-0.878807,-0.460811,-0.977443,0.027863,0.209418,-0.021689,-0.023124,-0.011387,0.317788,-1.748083,0.449129,0.220244,-0.13064,0.0398,0.347894,0.144895,0.017699,0.989284,-0.478934,0.876114,0.054588,-0.865907,-0.481735,0.134163,-0.017117,0.032168,-0.023663,-0.046251,1.20197,0.127507,-0.559581,0.024205,0.037788,-0.010659,-0.013432,-0.123536,0.992248,0.535623,-0.838845,-0.097187,0.844349,0.530167,0.077436,-0.008546,0.016095,-0.01182,-0.042704,1.30631,0.162518,-0.731013,0.071778,0.037982,-0.035654,-0.224295,0.48839,-0.843306,-0.055823,-0.870373,-0.489217,-0.97292,-0.062654,0.222483,-0.005134,-0.013771,-0.006964,1.318896,-1.472454,-0.139584,0.097792
49,0.067846,0.031021,0.414106,-0.1585,0.449146,-0.879313,-0.053911,-0.893122,-0.446542,-0.985703,-0.023938,0.166865,-0.032693,-0.024253,0.002972,-0.019328,-1.235973,0.28684,0.252177,-0.130935,0.040918,0.347105,0.14175,-0.030879,0.989416,-0.476449,0.873945,0.09565,-0.867793,-0.484926,0.107911,-0.003099,0.022544,-0.01575,-0.06454,0.5215,1.137805,-0.559357,0.024059,0.038339,-0.011048,-0.01261,-0.075532,0.997063,0.538367,-0.840787,-0.056885,0.842615,0.536069,0.051266,-0.002339,0.016894,-0.011809,-0.117561,-0.266746,2.931591,-0.730687,0.071384,0.03748,-0.035789,-0.209879,0.462961,-0.861171,0.014875,-0.879175,-0.476265,-0.977613,-0.112769,0.177634,-0.009837,-0.008803,-0.004311,0.057793,-0.944512,-0.538683,0.123919
50,0.067332,0.030645,0.414101,-0.147619,0.435592,-0.887982,-0.045153,-0.899794,-0.43394,-0.987843,-0.024511,0.153598,-0.030401,-0.011083,-0.005042,-0.29429,-0.871474,-0.307639,0.266311,-0.130974,0.041482,0.346704,0.135006,-0.054259,0.989354,-0.474484,0.872976,0.11274,-0.869934,-0.484586,0.090854,0.007834,0.035053,-0.023893,0.015617,0.90785,0.702783,-0.558957,0.024035,0.038617,-0.011245,-0.008152,-0.051991,0.998613,0.538644,-0.841609,-0.03942,0.842493,0.537577,0.034865,-0.001495,0.010955,-0.008074,-0.041427,0.996052,0.679256,-0.730523,0.071127,0.037285,-0.035789,-0.197895,0.451396,-0.870102,0.024206,-0.885136,-0.4647,-0.979924,-0.113024,0.164238,-0.015484,-0.009865,0.002645,-0.999708,-0.236793,-2.068049,0.143513
51,0.066012,0.030249,0.414272,-0.131199,0.414085,-0.900758,-0.039848,-0.910025,-0.4126,-0.990405,-0.018761,0.137014,-0.039335,0.000241,0.0011,-0.241352,-0.649058,-0.424824,0.319587,-0.131063,0.04255,0.345947,0.12143,-0.100994,0.987444,-0.470417,0.870083,0.146956,-0.874118,-0.482229,0.05689,-0.003107,0.022576,-0.015665,-0.023788,0.920133,0.889153,-0.559636,0.023995,0.039154,-0.011627,0.002088,-0.004882,0.999985,0.538876,-0.842368,-0.005237,0.842382,0.538879,0.000872,-0.002325,0.016948,-0.011734,-0.022406,1.149457,0.81805,-0.731503,0.07047,0.037081,-0.035707,-0.180966,0.432511,-0.88328,0.02997,-0.895266,-0.44452,-0.983032,-0.106915,0.149051,-0.020034,-0.00438,0.00563,-0.910014,0.118922,-2.092602,0.194297
52,0.064424,0.030318,0.414483,-0.121405,0.404742,-0.906361,-0.033714,-0.914215,-0.403791,-0.991893,-0.018975,0.125761,-0.04977,0.007537,0.005191,0.012264,-0.458755,0.056265,0.362956,-0.131317,0.043718,0.345181,0.117511,-0.152761,0.981247,-0.464703,0.864718,0.190388,-0.877699,-0.478168,0.029379,-0.003334,0.024243,-0.014491,-0.01936,0.836026,0.841566,-0.560482,0.023868,0.039736,-0.012012,0.002092,0.047932,0.998848,0.538603,-0.841643,0.03926,0.842556,0.537901,-0.027578,-0.008661,0.017179,-0.010973,-0.02438,1.276526,0.866832,-0.731993,0.069682,0.037118,-0.0356,-0.169863,0.423689,-0.889737,0.036397,-0.899545,-0.435308,-0.984794,-0.106326,0.137378,-0.018781,0.00253,0.001823,0.042327,-0.66061,0.260756,0.265328
53,0.063658,0.030412,0.414541,-0.116261,0.40433,-0.907219,-0.022708,-0.914201,-0.40459,-0.992828,-0.026948,0.116594,-0.038263,0.003332,0.002681,0.046693,-0.389394,-0.107355,0.372237,-0.131412,0.044342,0.344782,0.114964,-0.17494,0.97784,-0.461973,0.861965,0.208641,-0.879472,-0.4755,0.017035,-0.00477,0.034692,-0.022836,0.027946,0.686073,0.529304,-0.560466,0.023821,0.040047,-0.012206,0.003236,0.071664,0.997423,0.538249,-0.840741,0.05866,0.842779,0.536673,-0.041294,-0.00238,0.017408,-0.011373,0.026941,0.717859,0.776738,-0.730686,0.069296,0.037172,-0.035567,-0.16474,0.423958,-0.890572,0.047422,-0.89846,-0.436486,-0.985196,-0.11414,0.127907,-0.018988,0.002031,0.001564,0.168676,-0.528671,0.011727,0.287699
54,0.062219,0.030429,0.414586,-0.101101,0.396466,-0.912491,-0.005383,-0.91734,-0.398034,-0.994749,-0.03583,0.096011,-0.040219,-0.0014,0.000193,0.000276,-0.717737,-0.456226,0.382741,-0.131526,0.045454,0.344027,0.105839,-0.220204,0.96969,-0.457652,0.854898,0.244206,-0.882859,-0.469349,-0.011527,-0.003037,0.022083,-0.01589,-0.054936,1.015858,0.968017,-0.561021,0.023762,0.040617,-0.012591,0.007621,0.116301,0.993184,0.537952,-0.83772,0.093968,0.84294,0.53357,-0.068949,-0.001502,0.010974,-0.007986,-0.052277,0.95979,0.92862,-0.732646,0.068581,0.037191,-0.035539,-0.150658,0.418069,-0.895834,0.065257,-0.899995,-0.430985,-0.986429,-0.123391,0.10831,-0.014333,-0.002819,-0.001132,-0.006772,-0.890906,-0.306377,0.313825
55,0.061105,0.030095,0.41439,-0.082913,0.380501,-0.921081,0.028985,-0.922897,-0.383919,-0.996045,-0.05901,0.066636,-0.029893,-0.001552,-0.015094,0.502255,-0.973624,-0.441218,0.382653,-0.131627,0.046329,0.343415,0.092639,-0.262756,0.9604,-0.455635,0.84638,0.275631,-0.885368,-0.462794,-0.042533,-0.003107,0.022586,-0.015515,-0.071956,1.042729,0.991887,-0.561477,0.023712,0.041053,-0.012898,0.016881,0.160512,0.986889,0.539509,-0.832473,0.126168,0.84181,0.530306,-0.100651,-0.001549,0.011291,-0.007753,-0.067953,0.978742,0.949972,-0.732809,0.06801,0.037027,-0.035635,-0.130974,0.4037,-0.905467,0.100576,-0.903212,-0.417243,-0.986271,-0.145716,0.077695,-0.015056,-0.001077,-0.007672,0.564758,-1.142392,-0.535114,0.322806
