frame,MLTx,MLTy,MLTz,MLTR1,MLTR2,MLTR3,MLTR4,MLTR5,MLTR6,MLTR7,MLTR8,MLTR9,MLTTVx,MLTTVy,MLTTVz,MLTRVx,MLTRVy,MLTRVz,MLGA,MRTx,MRTy,MRTz,MRTR1,MRTR2,MRTR3,MRTR4,MRTR5,MRTR6,MRTR7,MRTR8,MRTR9,MRTTVx,MRTTVy,MRTTVz,MRTRVx,MRTRVy,MRTRVz,MRGA,SLTx,SLTy,SLTz,SLTR1,SLTR2,SLTR3,SLTR4,SLTR5,SLTR6,SLTR7,SLTR8,SLTR9,SLTTVx,SLTTVy,SLTTVz,SLTRVx,SLTRVy,SLTRVz,SLGA,SRTx,SRTy,SRTz,SRTR1,SRTR2,SRTR3,SRTR4,SRTR5,SRTR6,SRTR7,SRTR8,SRTR9,SRTTVx,SRTTVy,SRTTVz,SRTRVx,SRTRVy,SRTRVz,SRGA
54,0.055485,0.012149,0.36607,-0.056257,0.468721,-0.881579,-0.676992,-0.666842,-0.311407,-0.733775,0.578718,0.355931,0.001745,0.004137,0.003281,1.462195,0.502694,-0.56472,0.269415,-0.116138,0.031193,0.3152,0.423296,0.485567,0.764877,-0.808186,0.583845,0.076771,-0.409801,-0.651264,0.638578,0.000314,-0.00173,-0.001534,-0.0,0.0,0.0,-0.969973,0.036018,0.037453,-0.022685,-0.254578,-0.560208,0.788261,0.881249,-0.470056,-0.049454,0.398232,0.682065,0.613349,0.006811,-5e-05,-0.000915,-0.00022,0.001459,0.005923,-0.775265,0.064526,0.028988,-0.056776,0.041109,0.474548,-0.879268,-0.77882,-0.536046,-0.32572,-0.625898,0.698182,0.347551,0.000666,0.001472,0.001216,4.877603,1.7126,-1.961097,0.237406
55,0.05556,0.012257,0.366196,-0.073913,0.468782,-0.880242,-0.652505,-0.690178,-0.312831,-0.754089,0.550654,0.357991,0.001505,0.003571,0.002828,4.904049,1.867772,-1.905593,0.091373,-0.115974,0.031189,0.315163,0.421757,0.482818,0.767463,-0.808113,0.583931,0.076889,-0.411528,-0.653226,0.635455,5.9e-05,-0.000324,-0.000288,-0.000323,0.000542,0.000417,-0.94832,0.036101,0.037448,-0.022706,-0.253113,-0.55727,0.790811,0.881207,-0.470154,-0.049264,0.399256,0.6844,0.610073,2.5e-05,-0.000129,-0.000118,0.003984,-0.007694,-0.005491,-0.771836,0.064564,0.029042,-0.056713,0.025778,0.477526,-0.878238,-0.761235,-0.560068,-0.32687,-0.647963,0.676973,0.349072,0.000875,0.002087,0.001648,0.048473,0.175788,0.128953,0.062031
56,0.055548,0.012389,0.366476,-0.095617,0.469669,-0.877675,-0.627885,-0.712584,-0.31298,-0.772303,0.520565,0.364124,-0.011956,-0.000846,0.015888,0.070379,0.286857,0.065081,-0.02054,-0.115794,0.031212,0.31516,0.422899,0.478055,0.769812,-0.80766,0.583975,0.08119,-0.411246,-0.656677,0.632073,0.0132,0.002218,0.00023,-0.0408,0.056711,0.084571,-0.920585,0.03619,0.037461,-0.022707,-0.254631,-0.552587,0.793605,0.881312,-0.470407,-0.044773,0.398059,0.688013,0.606782,0.006595,0.001144,0.000143,-0.029056,0.035725,0.067727,-0.767264,0.064557,0.029107,-0.056574,0.001701,0.482185,-0.876067,-0.737581,-0.590966,-0.326698,-0.675255,0.646727,0.354645,-0.005927,-0.000283,0.008052,0.070554,0.320812,0.092083,-0.142408
57,0.055442,0.012399,0.366787,-0.109335,0.474078,-0.873694,-0.620463,-0.719195,-0.31266,-0.776453,0.507317,0.373867,-0.01118,0.000987,0.017327,1.562146,1.074606,-0.356598,-0.049346,-0.115696,0.031233,0.315179,0.423148,0.478003,0.769708,-0.807562,0.584085,0.08138,-0.411183,-0.656618,0.632175,0.013127,0.002614,0.00058,0.001512,-0.014312,0.029933,-0.886991,0.036234,0.03747,-0.022698,-0.254822,-0.552717,0.793453,0.881264,-0.470502,-0.044727,0.398043,0.687845,0.606984,0.006544,0.001427,0.000394,0.008127,-0.025951,0.020706,-0.760079,0.064512,0.02911,-0.056433,-0.007826,0.487312,-0.873192,-0.735331,-0.59457,-0.325228,-0.677662,0.639541,0.362988,0.000883,-0.001469,0.007438,0.011656,0.098686,0.057379,-0.187966
58,0.055345,0.012364,0.367535,-0.128632,0.484731,-0.865179,-0.619824,-0.72027,-0.31145,-0.773979,0.49559,0.394174,0.00344,0.001002,0.017951,0.059526,0.227534,0.381982,-0.057258,-0.115466,0.031254,0.315193,0.423768,0.477875,0.769446,-0.807313,0.584365,0.081844,-0.411035,-0.656461,0.632434,0.00187,-0.01177,0.007162,-0.0365,0.007581,-0.019531,-0.827457,0.036353,0.037487,-0.022691,-0.25549,-0.552778,0.793196,0.881089,-0.470865,-0.044345,0.398002,0.687547,0.607348,2.3e-05,-0.000123,-0.000113,0.000235,-0.000233,-0.0001,-0.734116,0.064453,0.02909,-0.056054,-0.028672,0.503142,-0.863727,-0.73108,-0.599833,-0.325148,-0.681688,0.622132,0.385035,0.00154,0.0001,0.008663,0.08129,0.29285,0.390825,-0.225197
59,0.055509,0.012356,0.368238,-0.152074,0.494488,-0.855804,-0.606983,-0.730026,-0.314016,-0.779855,0.471086,0.412228,0.016197,-0.00334,0.015137,0.092169,0.372441,0.434921,-0.06977,-0.115273,0.031256,0.315196,0.424259,0.477773,0.769239,-0.807118,0.58458,0.082219,-0.410909,-0.656343,0.632638,0.0,-3e-06,-2e-06,-0.0,0.0,0.0,-0.783572,0.036451,0.037483,-0.022688,-0.256,-0.552742,0.793057,0.880987,-0.471093,-0.043957,0.3979,0.687421,0.607558,0.006598,0.001129,0.000126,0.002124,-0.015219,0.029286,-0.73134,0.064532,0.029093,-0.055697,-0.049959,0.515718,-0.8553,-0.720114,-0.611995,-0.326951,-0.692054,0.59958,0.40195,0.00164,0.00034,0.008829,0.115583,0.60916,0.515566,-0.236137
60,0.055841,0.012314,0.368843,-0.16465,0.49963,-0.850474,-0.592491,-0.739391,-0.319729,-0.788382,0.45063,0.418825,0.015819,-0.004186,0.014445,-0.427053,0.454799,-0.280974,-0.10998,-0.115137,0.031232,0.315237,0.42493,0.475385,0.770347,-0.806914,0.584532,0.084532,-0.410618,-0.658116,0.630983,0.013194,0.002261,0.000261,0.001663,-0.014568,0.029735,-0.734819,0.036514,0.037471,-0.022667,-0.256834,-0.550417,0.794403,0.881082,-0.471131,-0.041575,0.397152,0.689257,0.605966,-2e-06,1.1e-05,7e-06,0.00442,-0.007805,-0.00624,-0.7284,0.064699,0.029074,-0.055393,-0.061143,0.524067,-0.849478,-0.706786,-0.623674,-0.33389,-0.70478,0.579985,0.408536,0.001428,-0.000147,0.008434,-1.439586,1.44045,-1.640718,-0.258345
61,0.056037,0.012293,0.369128,-0.166664,0.502068,-0.848644,-0.588619,-0.7411,-0.322908,-0.790852,0.445082,0.420097,0.015971,-0.003799,0.014731,-0.018536,0.046927,0.068865,-0.133914,-0.115092,0.031202,0.315271,0.425101,0.475372,0.770261,-0.806897,0.584529,0.084724,-0.410475,-0.658129,0.631063,-0.000126,0.000681,0.000604,-6e-06,9e-06,7e-06,-0.698449,0.036542,0.037455,-0.022652,-0.257019,-0.550495,0.794289,0.881081,-0.471146,-0.041433,0.397035,0.689185,0.606124,0.000836,-0.005336,0.004065,-0.035749,0.006342,-0.020485,-0.724645,0.064797,0.029062,-0.055251,-0.06344,0.526926,-0.847539,-0.703463,-0.626003,-0.336539,-0.707893,0.574863,0.410387,0.001497,2e-05,0.008556,-0.017524,0.015821,0.042855,-0.274347
62,0.056391,0.012476,0.369497,-0.168909,0.501589,-0.848483,-0.584684,-0.743964,-0.323471,-0.793288,0.44083,0.419988,0.017259,0.006494,0.005611,0.001928,-0.028035,0.054888,-0.241307,-0.11499,0.031139,0.315322,0.427744,0.47337,0.770031,-0.806591,0.584315,0.088999,-0.408325,-0.659758,0.630757,0.0132,0.002242,0.000243,0.001969,-0.01508,0.029342,-0.556349,0.036587,0.037424,-0.022625,-0.259904,-0.548842,0.794494,0.881304,-0.471087,-0.037128,0.394654,0.690542,0.606134,0.0,-5e-06,-6e-06,0.002878,-0.003143,-0.003833,-0.69166,0.064973,0.029149,-0.055064,-0.065643,0.526434,-0.847677,-0.700091,-0.629629,-0.336805,-0.711028,0.571343,0.409883,0.002148,0.005161,0.003992,-0.005189,0.063828,-0.125039,-0.323334
63,0.056965,0.01283,0.369546,-0.183572,0.496302,-0.848546,-0.562013,-0.761153,-0.323666,-0.806289,0.416856,0.41971,0.015882,0.003274,0.003094,0.000688,0.066035,-0.12247,-0.515069,-0.11499,0.031132,0.315395,0.433397,0.46702,0.770747,-0.805641,0.583961,0.099327,-0.40422,-0.664574,0.62834,-0.000359,0.001939,0.00172,-0.191903,0.320894,0.246573,-0.263535,0.036592,0.037418,-0.022591,-0.265954,-0.544547,0.795446,0.881594,-0.471187,-0.027808,0.389947,0.693865,0.605384,-0.00022,0.001168,0.001035,-0.305476,0.51458,0.427612,-0.572131,0.065262,0.029333,-0.055035,-0.08085,0.523802,-0.847994,-0.680786,-0.650428,-0.336858,-0.728006,0.550067,0.409184,0.008521,0.006609,-0.003141,0.043172,-0.030818,0.040227,-0.466703
64,0.057355,0.012991,0.369479,-0.196195,0.494018,-0.847053,-0.543302,-0.773835,-0.325538,-0.816064,0.395718,0.421276,0.015808,0.003137,0.002979,0.049307,0.233481,-0.040537,-0.704868,-0.115009,0.031178,0.315424,0.438274,0.463024,0.7704,-0.804867,0.583624,0.107263,-0.400487,-0.667655,0.627462,-0.000414,0.002238,0.001984,-0.160735,0.26916,0.206851,-0.100266,0.036583,0.037441,-0.022577,-0.271461,-0.540763,0.796168,0.881818,-0.471191,-0.019372,0.385623,0.696817,0.604764,-0.001077,0.006611,-0.002941,-0.255267,0.584991,0.216184,-0.447214,0.065457,0.029411,-0.05507,-0.093524,0.523504,-0.846873,-0.664683,-0.666113,-0.338362,-0.741248,0.531257,0.410262,0.008462,0.006492,-0.003235,0.119524,0.201005,0.182968,-0.583783
65,0.057983,0.013345,0.369288,-0.220914,0.491096,-0.842654,-0.509195,-0.794918,-0.329846,-0.831559,0.355593,0.426721,0.003094,0.014651,-0.005729,4.77963,2.161267,-2.155633,-1.130658,-0.115062,0.031187,0.315452,0.452392,0.453358,0.767983,-0.802458,0.58255,0.128957,-0.389471,-0.675176,0.626348,-0.0132,-0.002219,-0.000223,-0.126973,0.225335,0.13232,0.132242,0.036561,0.037452,-0.022558,-0.287282,-0.532035,0.796497,0.882073,-0.471099,0.003467,0.373385,0.703564,0.604632,8e-06,-4.7e-05,-4e-05,-0.132544,0.241973,0.170938,-0.158026,0.065776,0.029586,-0.055161,-0.115265,0.525417,-0.843,-0.638958,-0.689,-0.342068,-0.760556,0.499213,0.415137,0.008153,0.005773,-0.003793,0.134838,0.553365,0.178438,-0.776139
66,0.05849,0.013736,0.368968,-0.25355,0.496458,-0.830233,-0.486787,-0.807113,-0.334034,-0.835617,0.31883,0.447345,0.001885,0.011737,-0.007967,0.585737,0.604191,0.257692,-1.619789,-0.115215,0.03113,0.315409,0.4684,0.435839,0.768529,-0.797848,0.582202,0.156246,-0.379908,-0.686895,0.619441,-0.012836,-0.004202,-0.001984,-0.384316,0.628109,0.467386,0.337918,0.036484,0.037426,-0.022577,-0.304697,-0.518767,0.798774,0.880997,-0.472206,0.029385,0.361942,0.712672,0.600912,0.000225,-0.001216,-0.001076,-0.120026,0.039424,0.323613,0.117608,0.06603,0.029783,-0.055319,-0.149704,0.535884,-0.830912,-0.615382,-0.708269,-0.345915,-0.773881,0.459544,0.435804,0.007426,0.004024,-0.005145,1.593989,1.237298,-0.306109,-0.73646
67,0.059044,0.013913,0.36864,-0.287118,0.511428,-0.80997,-0.483608,-0.807232,-0.338335,-0.826517,0.293924,0.480109,0.014581,0.007467,-0.010705,0.235127,0.727324,0.664746,-1.911794,-0.115566,0.030826,0.315166,0.481547,0.415024,0.771919,-0.792767,0.581673,0.181963,-0.374069,-0.700089,0.60812,-0.011488,-0.011632,-0.008594,-0.287517,0.50443,0.310516,0.465956,0.036306,0.037284,-0.02269,-0.320328,-0.498646,0.805445,0.879181,-0.473094,0.056763,0.352747,0.726314,0.589945,-0.00567,-0.006224,-0.004657,-0.355696,0.539475,0.577963,0.346705,0.066301,0.02987,-0.055484,-0.180435,0.5557,-0.811566,-0.611956,-0.709388,-0.349681,-0.770034,0.433548,0.468063,0.006628,-0.001488,-0.000885,0.239425,0.81975,0.672782,-0.775486
68,0.059321,0.013972,0.36853,-0.301268,0.520324,-0.79909,-0.483347,-0.805658,-0.342438,-0.821604,0.28242,0.49521,0.014688,0.007748,-0.01049,0.052269,0.710752,0.440795,-1.915617,-0.115811,0.030546,0.314941,0.487311,0.403176,0.774576,-0.790147,0.581083,0.194795,-0.372147,-0.707453,0.600733,-0.010761,-0.015729,-0.012264,-0.23407,0.339487,0.397404,0.497385,0.036183,0.037147,-0.022799,-0.32725,-0.487174,0.809672,0.878179,-0.473143,0.070252,0.348866,0.734027,0.582662,-0.005366,-0.007921,-0.006177,-0.287252,0.508316,0.309045,0.417899,0.066439,0.029899,-0.05554,-0.193178,0.567629,-0.800299,-0.611182,-0.7077,-0.354423,-0.767553,0.420662,0.483636,0.006702,-0.001292,-0.000734,-0.338204,1.156587,0.304298,-0.774506
69,0.059953,0.013832,0.368359,-0.32683,0.531604,-0.781425,-0.476266,-0.806752,-0.349704,-0.815921,0.257206,0.517828,0.02544,-0.008459,-0.005434,-1.601863,1.517053,-0.870077,-1.916671,-0.116348,0.029782,0.314373,0.506768,0.38029,0.773665,-0.782132,0.580115,0.227311,-0.362986,-0.720771,0.590418,-0.009854,-0.021075,-0.017131,-1.139126,-1.537304,2.490683,0.526567,0.035915,0.036766,-0.023083,-0.346672,-0.467784,0.813016,0.874784,-0.474021,0.100274,0.33848,0.745977,0.57354,-0.010561,-0.017865,-0.00539,-0.356333,0.528721,0.43084,0.493176,0.066762,0.029834,-0.055628,-0.216294,0.583436,-0.782827,-0.603794,-0.710024,-0.36235,-0.767235,0.394292,0.505849,0.01268,-0.004333,-0.002804,-1.59047,1.549929,-0.828757,-0.771404
70,0.060641,0.013526,0.368153,-0.350732,0.526775,-0.7743,-0.454734,-0.818543,-0.350965,-0.818247,0.228345,0.527595,0.012267,-0.005365,-0.003596,4.293661,1.774567,-2.517635,-1.916445,-0.116914,0.028709,0.313532,0.538921,0.3686,0.757423,-0.769024,0.582073,0.26406,-0.344201,-0.725238,0.596171,-0.008522,-0.029049,-0.024491,-0.408874,-0.426479,1.022421,0.531967,0.035631,0.036235,-0.023498,-0.383876,-0.460076,0.800604,0.86655,-0.478978,0.140246,0.318949,0.747602,0.582548,-0.010802,-0.016153,-0.012818,-1.035469,-1.622124,2.363741,0.511792,0.0671,0.02968,-0.055732,-0.23877,0.584318,-0.775603,-0.588906,-0.722199,-0.36279,-0.772125,0.370134,0.516548,0.006057,-0.002882,-0.001959,0.018962,-0.225414,0.370634,-0.776139
71,0.060919,0.013414,0.368065,-0.358131,0.525387,-0.771852,-0.450039,-0.821391,-0.350362,-0.817629,0.221229,0.531571,0.012066,-0.005872,-0.003989,0.018297,-0.134029,0.3824,-1.916306,-0.117147,0.028121,0.31299,0.558976,0.367733,0.743175,-0.760073,0.585295,0.282228,-0.331876,-0.723079,0.605705,-0.009888,-0.020197,-0.034443,-0.744503,-2.116138,2.273722,0.532711,0.035515,0.035936,-0.023767,-0.404069,-0.460271,0.790492,0.860848,-0.483553,0.158479,0.309301,0.74453,0.591613,-0.004047,-0.015814,-0.013469,0.031757,-0.234638,0.398278,0.516037,0.067239,0.029625,-0.055775,-0.249625,0.582561,-0.773503,-0.580492,-0.729376,-0.361991,-0.775058,0.358651,0.520243,0.006283,-0.002325,-0.00153,0.022525,-0.084721,0.2233,-0.779731
72,0.061266,0.013206,0.367971,-0.370402,0.523278,-0.767481,-0.435374,-0.827614,-0.354225,-0.820083,0.202279,0.535327,0.010904,-0.015957,0.005238,0.002821,0.110487,0.295352,-1.916712,-0.11739,0.026942,0.311891,0.592956,0.368488,0.715968,-0.742161,0.594867,0.308649,-0.3129,-0.714834,0.625275,-0.008155,-0.031922,-0.027539,-0.17608,-0.954816,1.072044,0.532629,0.035394,0.035343,-0.024326,-0.442119,-0.465757,0.76655,0.847626,-0.496462,0.187229,0.29336,0.732526,0.614284,-0.004117,-0.015682,-0.0135,-0.706332,-2.316528,2.363096,0.519956,0.067413,0.029524,-0.055826,-0.261595,0.582222,-0.769795,-0.567131,-0.738081,-0.36551,-0.780979,0.340959,0.523274,0.00603,-0.002964,-0.002022,0.040251,0.259776,0.18981,-0.779078
73,0.061591,0.012964,0.3678,-0.384773,0.518532,-0.763623,-0.416479,-0.835784,-0.357747,-0.823254,0.179731,0.538495,0.011342,-0.007717,-0.00542,0.007649,0.044943,0.028545,-1.91644,-0.117697,0.025871,0.310846,0.618057,0.367079,0.695162,-0.726223,0.60499,0.326375,-0.30152,-0.707014,0.639593,-0.008767,-0.028927,-0.025041,0.039593,-0.278571,0.385758,0.5259,0.035242,0.0348,-0.024855,-0.470356,-0.467386,0.748541,0.835353,-0.509287,0.206908,0.284516,0.722617,0.629979,-0.004352,-0.014544,-0.012585,0.057004,-0.390264,0.54431,0.521915,0.067576,0.029402,-0.055906,-0.276778,0.58063,-0.765677,-0.549964,-0.749118,-0.369271,-0.787992,0.318888,0.526665,-0.000695,-0.001747,-0.001347,0.001484,0.109552,-0.170273,-0.780874
74,0.061759,0.012765,0.367642,-0.402985,0.518469,-0.754213,-0.402077,-0.840537,-0.363046,-0.821678,0.156299,0.548127,-0.001429,-0.003576,-0.002759,0.063522,0.416237,0.187906,-1.917097,-0.11775,0.024941,0.309912,0.647603,0.35859,0.67232,-0.70263,0.622211,0.345106,-0.295371,-0.696328,0.654023,0.00396,-0.022835,-0.02141,-0.077339,-0.849063,1.074631,0.509446,0.035211,0.034329,-0.025327,-0.502682,-0.462307,0.730467,0.817148,-0.52985,0.226995,0.282097,0.711006,0.64412,0.002062,-0.011815,-0.01107,-0.359094,-2.080788,2.533501,0.514567,0.067664,0.0293,-0.055987,-0.294005,0.582702,-0.75764,-0.536605,-0.756591,-0.373663,-0.790958,0.296695,0.535122,-0.000618,-0.001565,-0.001211,0.085326,0.802291,0.224182,-0.788386
75,0.061703,0.012728,0.367625,-0.409621,0.518803,-0.750399,-0.397369,-0.841848,-0.365186,-0.820678,0.147947,0.551929,-0.013789,0.001623,0.000724,0.021655,0.156329,0.045464,-1.917328,-0.117659,0.024542,0.309507,0.66274,0.350262,0.661879,-0.687805,0.634041,0.353342,-0.296714,-0.68985,0.660251,0.003561,-0.02052,-0.01932,0.044238,-0.31149,0.440473,0.499549,0.035257,0.034127,-0.025532,-0.520764,-0.455881,0.721786,0.804855,-0.544065,0.237065,0.284626,0.704389,0.650248,0.001808,-0.010342,-0.009736,0.047886,-0.290965,0.41275,0.503954,0.067639,0.029275,-0.056,-0.301467,0.585492,-0.752538,-0.53226,-0.758174,-0.376654,-0.791084,0.286998,0.540199,-0.001087,-0.006317,0.003636,-0.009448,0.119819,0.028598,-0.792305
76,0.061572,0.012581,0.367598,-0.43487,0.51248,-0.740471,-0.38133,-0.849668,-0.364176,-0.815252,0.123351,0.56584,-0.014516,-0.000178,-0.00067,-0.006019,0.271675,0.034361,-1.917017,-0.117424,0.024248,0.308712,0.701296,0.324565,0.634691,-0.64845,0.66008,0.379132,-0.296761,-0.67785,0.672544,0.00045,-0.001221,-0.019464,3.540599,1.893166,4.078018,0.472188,0.035376,0.033967,-0.025935,-0.563288,-0.438488,0.70031,0.776111,-0.57157,0.266379,0.283473,0.693567,0.662274,0.006099,0.006274,-0.013303,0.0981,-0.37018,0.558985,0.473418,0.067576,0.029207,-0.05601,-0.327333,0.583188,-0.743468,-0.517801,-0.768866,-0.375134,-0.790401,0.262175,0.553651,-0.000883,-0.002216,-0.001706,-0.105955,0.40268,-0.073347,-0.793775
77,0.061559,0.012233,0.367435,-0.457357,0.50166,-0.734307,-0.359098,-0.859534,-0.363623,-0.813014,0.096752,0.574173,-0.003155,-0.007883,-0.006106,4.065289,2.067023,-3.176347,-1.916994,-0.117167,0.024782,0.307964,0.741777,0.29337,0.60307,-0.606988,0.675843,0.418014,-0.285867,-0.676491,0.678604,-0.003034,0.020092,-0.01756,-0.441504,0.055719,1.161983,0.446181,0.035507,0.034222,-0.026313,-0.612726,-0.41066,0.675221,0.73979,-0.598576,0.307273,0.277987,0.687796,0.670566,0.005219,0.011308,-0.00853,-0.286324,-0.791031,1.324979,0.438147,0.067565,0.029036,-0.056089,-0.35075,0.577259,-0.73739,-0.498978,-0.781532,-0.374469,-0.792461,0.236597,0.562162,-0.00173,-0.004126,-0.003293,4.071351,2.00351,-3.199612,-0.792142
78,0.061555,0.012066,0.367295,-0.466561,0.498982,-0.730331,-0.349458,-0.862459,-0.366082,-0.811975,0.083793,0.577671,-0.003182,-0.007951,-0.006169,0.062885,0.409153,0.183029,-1.917208,-0.117049,0.0253,0.307632,0.756436,0.282267,0.590018,-0.592322,0.677982,0.435235,-0.278107,-0.679056,0.679266,0.009932,0.025228,-0.014551,-0.436342,0.340881,0.903063,0.430119,0.035561,0.034482,-0.026478,-0.630515,-0.40116,0.66447,0.72774,-0.603223,0.326367,0.269898,0.689341,0.672281,0.004009,0.018839,-0.010526,-0.067282,-0.175294,0.822078,0.419206,0.067564,0.028953,-0.056158,-0.36033,0.574386,-0.735012,-0.488424,-0.787471,-0.375938,-0.794735,0.223536,0.564293,0.004952,-0.005718,-0.00416,0.08003,0.628557,0.360534,-0.792795
79,0.061655,0.011772,0.366884,-0.489064,0.479816,-0.728449,-0.31304,-0.875991,-0.366904,-0.813558,0.047991,0.579524,-0.002237,0.001602,-0.015841,1.24214,0.728336,-1.129382,-1.917424,-0.116866,0.026515,0.307047,0.778504,0.254771,0.573597,-0.563993,0.684701,0.461551,-0.27612,-0.683138,0.675976,-0.00403,0.025634,-0.012244,-0.404838,0.207352,0.986879,0.409734,0.035656,0.035097,-0.026764,-0.657855,-0.376159,0.65248,0.704176,-0.614491,0.355719,0.267136,0.693473,0.669128,0.003744,0.020207,-0.009199,-0.011361,-0.084356,0.565755,0.384588,0.067613,0.028801,-0.056361,-0.385666,0.561231,-0.732312,-0.456493,-0.805829,-0.377165,-0.801795,0.188836,0.566979,0.004656,-0.006259,-0.0047,4.034179,2.028358,-3.189036,-0.792305
80,0.061767,0.011453,0.36658,-0.5096,0.461161,-0.726418,-0.282343,-0.887081,-0.365159,-0.81216,0.018434,0.583166,0.009928,-0.011415,-0.008357,1.20579,0.610719,-0.959317,-1.917326,-0.116751,0.027763,0.306488,0.795308,0.23063,0.560612,-0.540087,0.689285,0.482831,-0.276055,-0.687061,0.672015,0.009317,0.028248,-0.011617,-0.888079,-1.740151,2.664423,0.402055,0.035708,0.035725,-0.027039,-0.6774,-0.353968,0.644853,0.685102,-0.62281,0.377812,0.267888,0.69772,0.664396,-0.003001,0.019123,-0.009259,-0.000352,-0.011163,0.365846,0.367279,0.067664,0.028646,-0.056517,-0.409278,0.546269,-0.730808,-0.428156,-0.822287,-0.374866,-0.805713,0.159476,0.570433,-0.001628,-0.003861,-0.003127,4.017517,2.010712,-3.248597,-0.793448
81,0.06181,0.011211,0.366448,-0.51601,0.460382,-0.722376,-0.277756,-0.887621,-0.36736,-0.809685,0.010503,0.586793,0.009,-0.013763,-0.010206,0.034479,0.227948,0.092896,-1.916745,-0.116634,0.028401,0.3062,0.801413,0.22486,0.554226,-0.532335,0.69034,0.489882,-0.273446,-0.687907,0.672216,0.007408,0.040283,-0.01844,-0.037645,-0.000835,0.413252,0.400418,0.035767,0.036039,-0.02718,-0.687505,-0.347183,0.637809,0.676731,-0.624871,0.389318,0.263384,0.699284,0.664552,-0.001999,0.012736,-0.006176,-0.088529,0.059315,0.352531,0.36287,0.067687,0.02853,-0.056579,-0.416454,0.54571,-0.727162,-0.422325,-0.824408,-0.376818,-0.805112,0.150171,0.573795,-0.0018,-0.004529,-0.00354,0.039734,0.298293,0.131692,-0.793611
82,0.061906,0.010633,0.366071,-0.535841,0.453565,-0.712179,-0.258465,-0.891051,-0.373089,-0.803146,-0.016414,0.595578,0.007614,-0.017299,-0.013026,0.064477,0.358501,0.151346,-1.917243,-0.116252,0.029765,0.30566,0.816447,0.214078,0.536261,-0.514168,0.691879,0.506823,-0.263544,-0.689784,0.674245,0.007102,0.041602,-0.017139,0.044167,-0.072834,0.317684,0.399143,0.035958,0.03672,-0.027451,-0.706106,-0.337862,0.622304,0.661117,-0.629355,0.408455,0.253649,0.699829,0.667758,0.0044,0.015401,-0.004582,0.041418,-0.091689,0.303147,0.357809,0.067739,0.028238,-0.056769,-0.437436,0.542583,-0.717113,-0.403937,-0.831035,-0.382379,-0.803419,0.122403,0.582694,0.003753,-0.00881,-0.006633,0.063959,0.371702,0.160995,-0.792468
83,0.062011,0.010026,0.365529,-0.555875,0.451987,-0.697679,-0.245455,-0.891052,-0.381772,-0.793537,-0.041538,0.607125,0.007286,-0.018196,-0.0138,0.075972,0.483941,0.228503,-1.917432,-0.115689,0.031176,0.305357,0.823087,0.220255,0.523457,-0.512677,0.68437,0.518395,-0.245084,-0.695318,0.675522,0.02139,0.036652,-0.005489,-0.850691,-0.861993,-0.948293,0.404655,0.036232,0.037416,-0.027611,-0.715201,-0.340126,0.610574,0.656697,-0.626057,0.420476,0.23924,0.701687,0.671117,0.010664,0.018567,-0.002528,0.011767,0.01077,0.17892,0.359605,0.067788,0.027938,-0.057038,-0.457378,0.544278,-0.703254,-0.391005,-0.83336,-0.390673,-0.798699,0.09629,0.593975,-0.002861,-0.00721,-0.0057,0.09604,0.545686,0.492832,-0.792795
84,0.061943,0.009355,0.365082,-0.56676,0.461197,-0.682734,-0.249567,-0.885779,-0.39126,-0.784499,-0.051944,0.617973,-0.005898,-0.014787,-0.011761,0.042103,0.179039,0.254639,-1.917,-0.114806,0.032338,0.305418,0.81955,0.241022,0.519846,-0.527753,0.670521,0.521357,-0.22393,-0.701922,0.676035,0.02266,0.027478,0.003976,0.018571,0.055887,-0.067134,0.412924,0.036663,0.037998,-0.027584,-0.707692,-0.364852,0.605023,0.673525,-0.607028,0.421757,0.213387,0.705974,0.675326,0.012296,0.007788,0.005436,-0.063352,-0.13133,-0.026416,0.369565,0.06776,0.027605,-0.057259,-0.467442,0.555566,-0.687636,-0.394032,-0.827244,-0.400505,-0.79135,0.083738,0.6056,0.003842,-0.008649,-0.006575,0.052599,0.294984,0.154764,-0.795571
85,0.061862,0.009092,0.364887,-0.572997,0.466179,-0.67409,-0.251844,-0.882793,-0.396515,-0.779221,-0.058023,0.62408,-0.005138,-0.012874,-0.010266,0.111364,0.720341,0.348925,-1.917299,-0.114144,0.03271,0.305613,0.82025,0.240596,0.518936,-0.526791,0.670909,0.52183,-0.22363,-0.701696,0.676369,0.037758,0.018205,0.011442,0.008611,-0.062682,0.110822,0.413299,0.037001,0.038201,-0.027486,-0.70849,-0.36459,0.604247,0.672748,-0.607575,0.42221,0.213192,0.705638,0.675739,0.018827,0.009408,0.005989,-0.005472,0.037049,-0.026915,0.372505,0.067716,0.027463,-0.057364,-0.471304,0.560419,-0.68103,-0.395423,-0.824479,-0.404812,-0.78836,0.078505,0.610183,-0.00268,-0.00673,-0.005364,0.034599,0.085295,0.19502,-0.795571
86,0.06162,0.008585,0.36457,-0.581676,0.468066,-0.665292,-0.249342,-0.881049,-0.401938,-0.773569,-0.068502,0.63002,-0.018145,-0.008851,-0.007719,0.102391,0.536773,0.14392,-1.916891,-0.112561,0.033102,0.306263,0.819916,0.237557,0.520861,-0.526623,0.669438,0.523885,-0.225253,-0.704129,0.673296,0.052736,0.00943,0.019299,-0.046016,0.035617,-0.011206,0.411305,0.037807,0.038405,-0.027155,-0.708395,-0.361449,0.606242,0.672591,-0.606117,0.424549,0.214001,0.708503,0.672478,0.026367,0.004709,0.009617,-0.026242,0.020416,-0.020666,0.373321,0.0676,0.02721,-0.057522,-0.479782,0.563859,-0.672213,-0.39252,-0.823148,-0.41031,-0.784689,0.066998,0.616258,-0.002269,-0.00569,-0.004557,0.187045,0.478837,0.310537,-0.796387
87,0.061457,0.007992,0.364279,-0.583491,0.465725,-0.665345,-0.243385,-0.881821,-0.40389,-0.774096,-0.074317,0.628713,0.008286,-0.015843,-0.012116,0.00039,-0.001061,0.004179,-1.917323,-0.110869,0.033251,0.307065,0.816083,0.251127,0.520515,-0.537777,0.659464,0.525203,-0.212385,-0.708837,0.672537,0.052835,0.008619,0.018433,-0.103519,-0.148634,0.020287,0.412656,0.038618,0.038476,-0.026765,-0.702896,-0.374173,0.604921,0.68227,-0.595121,0.424661,0.201104,0.711213,0.673596,0.019841,0.002783,0.008717,-0.888761,-0.951401,-1.036478,0.373321,0.06751,0.026917,-0.057666,-0.483009,0.562576,-0.670976,-0.386843,-0.824554,-0.412869,-0.785527,0.060142,0.615896,-0.003234,-0.011714,-0.000743,-0.038848,0.041419,-0.068965,-0.796877
88,0.061415,0.007649,0.36411,-0.584167,0.464585,-0.665548,-0.236342,-0.881773,-0.408156,-0.775763,-0.081719,0.625732,-0.005467,-0.013649,-0.011019,0.947966,-0.101381,0.078958,-1.917264,-0.110068,0.03332,0.307433,0.815116,0.257828,0.518751,-0.541447,0.657077,0.524422,-0.206664,-0.708657,0.674507,0.052917,0.008085,0.017887,0.026955,-0.120357,0.078088,0.415444,0.039033,0.038514,-0.026574,-0.701153,-0.381119,0.602603,0.685715,-0.592039,0.423419,0.195392,0.710096,0.676449,0.019797,0.00298,0.008884,0.020676,-0.104979,0.046506,0.374627,0.067494,0.026747,-0.057749,-0.483958,0.561483,-0.671208,-0.380596,-0.825725,-0.416322,-0.787991,0.053977,0.613314,0.003985,-0.008328,-0.006438,3.172319,-0.425869,0.421061,-0.796387
89,0.061251,0.007086,0.363761,-0.589918,0.460277,-0.663466,-0.230643,-0.883413,-0.407869,-0.773118,-0.088165,0.628126,-0.004616,-0.011509,-0.009338,-0.000374,0.015033,-0.024645,-1.916942,-0.108402,0.033493,0.308161,0.814364,0.261381,0.518153,-0.542866,0.658382,0.521308,-0.205897,-0.706143,0.677371,0.039612,0.005701,0.017502,0.079384,-0.136982,-0.006854,0.417253,0.039886,0.038603,-0.026204,-0.700066,-0.384446,0.601753,0.686838,-0.593057,0.420161,0.195345,0.707448,0.679232,0.019799,0.002852,0.008722,0.072348,-0.138366,-0.001569,0.378873,0.067408,0.026456,-0.057932,-0.490315,0.558389,-0.669173,-0.374601,-0.828282,-0.41668,-0.786934,0.046368,0.615292,-0.002286,-0.005714,-0.004634,-0.002432,0.00255,-0.031936,-0.797857
90,0.061072,0.006761,0.363468,-0.595091,0.456601,-0.661383,-0.225153,-0.884658,-0.408238,-0.770764,-0.094602,0.63008,-0.00326,-0.008115,-0.006609,-0.000579,0.013755,-0.02532,-1.91721,-0.107074,0.03366,0.308834,0.812477,0.267611,0.517936,-0.547341,0.655667,0.520051,-0.201435,-0.706344,0.678502,0.024305,0.015047,0.010066,-2.850279,-2.926539,-3.672429,0.405733,0.040541,0.038679,-0.025872,-0.699507,-0.385987,0.601417,0.687439,-0.59337,0.418734,0.195237,0.706346,0.680409,0.013125,0.00179,0.008678,-0.044611,-0.047853,0.092513,0.371851,0.067318,0.026291,-0.05808,-0.496032,0.555638,-0.667246,-0.369417,-0.830476,-0.41694,-0.7858,0.039677,0.617205,-0.001569,-0.003916,-0.003185,-0.001912,0.007836,-0.027954,-0.797204
91,0.061054,0.006467,0.363168,-0.594273,0.457396,-0.661569,-0.223838,-0.884066,-0.410238,-0.771777,-0.096285,0.628583,-0.003044,-0.007576,-0.006189,-0.000612,0.013546,-0.025431,-1.91727,-0.106371,0.033889,0.309329,0.80996,0.279049,0.515836,-0.55459,0.650108,0.519348,-0.191435,-0.707072,0.680636,0.01338,-0.000571,0.015467,0.070197,-0.120395,-0.048011,0.396466,0.040896,0.038802,-0.025625,-0.693778,-0.40112,0.598142,0.696987,-0.583075,0.41741,0.18133,0.706487,0.6841,0.005685,0.005498,0.004093,0.147452,-0.159784,-0.054442,0.361727,0.067311,0.026149,-0.058225,-0.495012,0.556294,-0.667457,-0.368023,-0.830103,-0.418911,-0.787096,0.038274,0.61564,-0.000795,0.001641,-0.007404,0.031947,-0.006568,-0.010198,-0.795081
92,0.061111,0.006334,0.362999,-0.596181,0.458002,-0.65943,-0.224007,-0.883562,-0.411231,-0.770255,-0.098028,0.630179,-0.002927,-0.007287,-0.005961,0.002681,0.033627,-0.014814,-1.916779,-0.106192,0.034053,0.309503,0.807776,0.285984,0.515463,-0.559303,0.647629,0.517388,-0.186871,-0.706585,0.682407,-0.001793,0.008304,0.007656,0.361188,-0.251943,-0.434453,0.389101,0.040992,0.03888,-0.025536,-0.691481,-0.405876,0.597593,0.7004,-0.579248,0.417025,0.176894,0.70692,0.684815,0.005713,0.005346,0.003951,-0.007308,-0.02318,0.058079,0.353073,0.06734,0.026083,-0.058309,-0.496952,0.557395,-0.665092,-0.368196,-0.829459,-0.420034,-0.785792,0.036147,0.617432,0.00527,-0.005199,-0.003911,0.002661,-0.005797,-0.002801,-0.794754
93,0.061247,0.006094,0.362748,-0.595214,0.459027,-0.659591,-0.222828,-0.882849,-0.413398,-0.771344,-0.099663,0.628588,-0.002052,-0.005115,-0.004194,-0.00061,0.013556,-0.025425,-1.916574,-0.106226,0.034458,0.309801,0.805334,0.292958,0.515368,-0.564206,0.645174,0.515127,-0.182596,-0.705983,0.684186,-0.015186,0.00675,0.008124,0.007017,-0.007787,-0.0112,0.387209,0.04098,0.039082,-0.025389,-0.687333,-0.414645,0.596357,0.705397,-0.576807,0.411955,0.173168,0.703819,0.688948,-0.001026,0.004733,0.004345,-0.016309,-0.004935,0.030355,0.342622,0.067407,0.025961,-0.058436,-0.495659,0.558086,-0.665478,-0.366793,-0.829049,-0.422067,-0.787264,0.034892,0.615628,0.005786,-0.003927,-0.002877,-0.001661,-0.014761,0.027987,-0.792305
94,0.061506,0.005823,0.362568,-0.595545,0.461657,-0.657453,-0.222676,-0.881143,-0.417102,-0.771131,-0.102585,0.628378,-0.001735,-0.004333,-0.003559,-0.000533,0.014029,-0.025175,-1.917019,-0.106619,0.03476,0.310071,0.802211,0.302243,0.514876,-0.570098,0.643487,0.510732,-0.177951,-0.703617,0.687837,-0.015004,0.006025,0.007426,0.358023,-0.236278,-0.463355,0.383808,0.040777,0.039236,-0.02525,-0.683774,-0.421519,0.595628,0.709798,-0.573534,0.408956,0.169231,0.70241,0.691361,-0.007507,0.003007,0.003711,0.348346,-0.228535,-0.45761,0.339683,0.067537,0.025826,-0.058525,-0.495599,0.560761,-0.66327,-0.366319,-0.82736,-0.425775,-0.787522,0.031955,0.615456,0.005964,-0.003489,-0.002523,-0.000354,-0.021775,0.024239,-0.792958
95,0.061641,0.005724,0.362482,-0.597129,0.462761,-0.655237,-0.223245,-0.880382,-0.418403,-0.769741,-0.104145,0.629825,0.011884,-0.007091,-0.005134,0.009111,0.052077,0.03228,-1.916624,-0.10686,0.034872,0.310217,0.79968,0.309277,0.514636,-0.574991,0.640847,0.508562,-0.173513,-0.702979,0.689621,-0.01491,0.00565,0.007066,0.201274,-0.189828,-0.1652,0.380884,0.040663,0.03929,-0.025179,-0.680043,-0.429167,0.594437,0.714288,-0.570641,0.405166,0.165327,0.700131,0.694609,-0.007445,0.002755,0.003476,0.324028,-0.28309,-0.236448,0.336744,0.0676,0.025778,-0.058568,-0.497087,0.562233,-0.660906,-0.366819,-0.82643,-0.427149,-0.78635,0.030103,0.617046,-0.000504,-0.001264,-0.001043,0.009464,0.039916,0.016753,-0.792795
96,0.061802,0.005628,0.362348,-0.599065,0.463298,-0.653086,-0.223388,-0.879889,-0.419363,-0.768192,-0.105917,0.631418,-0.000437,-0.001093,-0.000899,-0.004038,0.094636,-0.174895,-1.916241,-0.107301,0.035004,0.310462,0.798086,0.313881,0.514324,-0.577344,0.642187,0.504185,-0.173033,-0.699712,0.693056,-0.001186,0.005577,0.005084,0.103953,-0.097594,-0.082501,0.378607,0.040436,0.039361,-0.025052,-0.677653,-0.43419,0.593518,0.71645,-0.571759,0.399738,0.165787,0.69611,0.69853,-0.000589,0.002749,0.002512,0.097931,-0.093781,-0.079875,0.332172,0.067684,0.025725,-0.058639,-0.498883,0.562979,-0.658915,-0.366771,-0.825991,-0.428037,-0.785234,0.02813,0.618558,-0.000174,-0.000442,-0.000366,-0.004843,0.082872,-0.182753,-0.795571
97,0.061899,0.005698,0.36229,-0.600895,0.463936,-0.650949,-0.22352,-0.879334,-0.420456,-0.766722,-0.107734,0.632896,0.000155,0.000389,0.00032,2.2e-05,0.00013,6.9e-05,-1.916059,-0.107627,0.035012,0.310727,0.796761,0.318442,0.513574,-0.579425,0.643449,0.500175,-0.172175,-0.696489,0.696507,-0.00083,0.003921,0.003567,0.122225,-0.114876,-0.096994,0.37641,0.040273,0.039364,-0.02492,-0.67592,-0.438307,0.592467,0.718082,-0.572547,0.395659,0.165795,0.692874,0.701737,-0.006042,-0.004885,0.00539,0.128329,-0.144284,-0.150251,0.32809,0.067733,0.025761,-0.058667,-0.500571,0.56388,-0.656861,-0.366769,-0.825443,-0.429096,-0.784161,0.026124,0.620006,0.000761,0.005542,-0.004218,0.033432,-0.024382,0.012271,-0.796714
98,0.061903,0.005763,0.362212,-0.602626,0.464694,-0.648804,-0.223714,-0.878712,-0.421652,-0.765306,-0.109537,0.634299,-0.000198,-0.000496,-0.000408,2.2e-05,0.00013,6.9e-05,-1.915865,-0.107611,0.034887,0.311,0.795612,0.322907,0.512566,-0.581336,0.644545,0.496532,-0.171029,-0.693418,0.699845,0.014687,-0.006982,0.009544,0.020784,-0.059976,-0.034235,0.377321,0.040275,0.039306,-0.024786,-0.674184,-0.44292,0.591013,0.719769,-0.573395,0.391344,0.16555,0.689231,0.705374,0.000734,-0.004602,0.004702,-0.001683,-0.033294,-0.056796,0.328906,0.067736,0.025797,-0.058703,-0.502172,0.564922,-0.65474,-0.366836,-0.824791,-0.43029,-0.783105,0.024103,0.621421,-0.000121,-0.000307,-0.000253,-0.000523,-0.004424,-0.002669,-0.796061
99,0.061871,0.005799,0.362161,-0.604459,0.465322,-0.646645,-0.223912,-0.878159,-0.422696,-0.7638,-0.111297,0.635807,0.000893,0.009515,-0.009723,0.040354,0.018654,0.035379,-1.916045,-0.107494,0.034728,0.311189,0.795118,0.325135,0.511924,-0.582251,0.64492,0.494971,-0.170208,-0.69203,0.701418,0.00152,-0.00939,0.009236,-0.003038,-0.024314,-0.046195,0.374017,0.040339,0.039226,-0.024692,-0.673482,-0.445083,0.590188,0.720529,-0.573594,0.389649,0.165103,0.68767,0.707001,0.007297,-0.003284,0.00496,-0.030797,-0.020305,-0.00427,0.327763,0.06772,0.025815,-0.058729,-0.504012,0.566016,-0.652378,-0.367022,-0.8241,-0.431453,-0.781835,0.021979,0.623097,0.000434,0.004725,-0.004889,0.039283,-0.009211,0.015437,-0.795897
100,0.061767,0.005892,0.362114,-0.606662,0.465356,-0.644555,-0.223684,-0.877893,-0.42337,-0.762117,-0.113251,0.637478,7.7e-05,0.000194,0.000159,0.027696,0.165918,0.087947,-1.91563,-0.107134,0.034266,0.311662,0.794087,0.329631,0.510648,-0.584211,0.645305,0.492152,-0.168285,-0.689544,0.704324,0.016583,-0.01806,0.017261,-0.044624,-0.040206,-0.005747,0.370675,0.04052,0.038988,-0.024455,-0.672029,-0.449341,0.588615,0.722164,-0.573566,0.386652,0.163871,0.684919,0.709951,0.008299,-0.009096,0.008568,-0.076801,-0.01754,0.01009,0.322211,0.067667,0.02586,-0.058754,-0.505935,0.566241,-0.650691,-0.366704,-0.823994,-0.431927,-0.780741,0.020084,0.624531,5.3e-05,0.000133,0.00011,0.029251,0.190898,0.105083,-0.796714
101,0.061593,0.005969,0.362129,-0.607181,0.464542,-0.644653,-0.223116,-0.878292,-0.42284,-0.76187,-0.113493,0.637731,-0.013681,0.002593,0.001436,-0.000978,0.01475,-0.029534,-1.915876,-0.106674,0.033819,0.312122,0.792523,0.336231,0.50877,-0.586955,0.646509,0.487281,-0.166073,-0.685222,0.709051,0.014655,-0.006704,0.009802,0.24598,-0.286925,-0.186009,0.368273,0.04075,0.038765,-0.024225,-0.670285,-0.454515,0.586628,0.724025,-0.573943,0.382589,0.162799,0.681178,0.713787,0.007331,-0.003415,0.004836,0.363432,-0.36939,-0.242817,0.319435,0.067587,0.025901,-0.058744,-0.506715,0.565565,-0.650673,-0.366169,-0.82447,-0.431473,-0.780486,0.019623,0.624864,-0.000252,-0.000629,-0.000515,-0.000398,-0.002505,-0.001373,-0.796551
102,0.061544,0.00599,0.36213,-0.607317,0.464327,-0.64468,-0.222961,-0.878398,-0.422703,-0.761807,-0.11356,0.637794,-0.013317,0.003502,0.002183,-0.000984,0.014715,-0.029553,-1.915675,-0.10644,0.033636,0.312314,0.791116,0.335998,0.511109,-0.588424,0.64577,0.486489,-0.167586,-0.686033,0.70791,0.001646,-0.009937,0.008759,-0.028741,0.020308,-0.036968,0.36584,0.040861,0.038681,-0.024135,-0.668228,-0.455195,0.588445,0.72563,-0.573269,0.380556,0.16411,0.681292,0.713378,0.007344,-0.003454,0.004802,0.000917,0.187059,-0.131302,0.316823,0.067561,0.025909,-0.058746,-0.506871,0.565369,-0.650721,-0.366039,-0.824605,-0.431325,-0.780446,0.019563,0.624916,-2e-06,-6e-06,-1e-06,-0.000278,-0.000481,1.9e-05,-0.796551
103,0.061422,0.006053,0.362149,-0.605264,0.466844,-0.644792,-0.227449,-0.877596,-0.421976,-0.762116,-0.109337,0.638163,-0.013249,0.00367,0.00232,-0.003582,0.013014,-0.026982,-1.916258,-0.106011,0.033376,0.31265,0.790316,0.340298,0.509499,-0.589954,0.646681,0.483417,-0.165962,-0.683054,0.711166,0.014855,-0.007566,0.009022,-0.025211,-0.016925,0.002193,0.36689,0.041071,0.038546,-0.023964,-0.667036,-0.459365,0.586554,0.726899,-0.573881,0.377197,0.163341,0.67797,0.716711,0.000764,-0.004716,0.004604,-0.05611,0.017884,-0.013733,0.314536,0.0675,0.02594,-0.058736,-0.504391,0.567509,-0.650786,-0.370352,-0.823022,-0.430665,-0.780018,0.023796,0.625303,3.5e-05,8.5e-05,7.7e-05,-0.009099,-0.005947,0.008244,-0.794101
104,0.061307,0.006124,0.362136,-0.605941,0.465791,-0.644918,-0.226691,-0.878113,-0.421309,-0.761804,-0.109678,0.638477,-6e-06,-1.6e-05,-1.3e-05,0.0,0.0,0.0,-1.915651,-0.105689,0.033212,0.312873,0.788314,0.342202,0.511322,-0.592282,0.646675,0.480569,-0.16719,-0.682109,0.711785,-0.000164,0.000756,0.000685,0.001494,-0.001407,-0.00117,0.366816,0.041237,0.038466,-0.023851,-0.664616,-0.460887,0.588105,0.728797,-0.573404,0.374246,0.164737,0.67734,0.716987,-0.000113,0.000499,0.000447,-0.013861,0.004975,0.009413,0.315843,0.067437,0.025977,-0.058742,-0.505252,0.566572,-0.650934,-0.3697,-0.823678,-0.42997,-0.77977,0.023408,0.625627,-6e-06,-1.4e-05,-9e-06,-4.9e-05,-1.2e-05,1.2e-05,-0.795081
105,0.061266,0.006199,0.362102,-0.606316,0.465171,-0.645014,-0.226162,-0.878408,-0.420978,-0.761662,-0.109953,0.638599,9e-06,2.2e-05,1.8e-05,0.0,0.0,0.0,-1.915666,-0.105544,0.03313,0.313033,0.787861,0.344359,0.510572,-0.59308,0.647174,0.478912,-0.166494,-0.680551,0.713437,-0.000253,0.001163,0.001053,0.31832,-0.300242,-0.249013,0.351576,0.041315,0.038421,-0.023769,-0.664723,-0.461093,0.587822,0.728813,-0.573191,0.374542,0.164236,0.67738,0.717065,-0.000154,0.000691,0.00062,0.374682,-0.352762,-0.292149,0.308821,0.067417,0.026015,-0.058758,-0.505727,0.566027,-0.651039,-0.369239,-0.824062,-0.429632,-0.779681,0.023112,0.62575,2e-06,5e-06,7e-06,-2.9e-05,-1.2e-05,1e-05,-0.795571
106,0.061283,0.006196,0.362075,-0.60352,0.468781,-0.645022,-0.231337,-0.877034,-0.421029,-0.762331,-0.105472,0.638557,-0.000325,-0.000811,-0.000667,-0.0,-0.0,0.0,-1.916055,-0.105557,0.033131,0.313089,0.787796,0.344392,0.51065,-0.593175,0.647064,0.478942,-0.166461,-0.680639,0.713361,-0.000414,0.001904,0.001723,0.004653,-0.00439,-0.00364,0.340638,0.041309,0.03842,-0.023742,-0.663942,-0.46299,0.587214,0.729489,-0.57366,0.372504,0.164396,0.675688,0.718623,-0.00026,0.001185,0.001071,-0.014606,0.009267,0.005735,0.296901,0.067421,0.026016,-0.05877,-0.502349,0.569091,-0.650984,-0.3741,-0.821809,-0.429742,-0.779547,0.027653,0.625732,-0.000255,-0.000641,-0.000525,7e-06,4e-06,-0.000278,-0.794754
107,0.061381,0.006122,0.361994,-0.600652,0.472456,-0.645018,-0.236554,-0.875588,-0.421141,-0.762998,-0.100972,0.638488,-0.000574,-0.001431,-0.001178,-0.008662,-0.005656,0.008575,-1.9162,-0.105658,0.033269,0.31321,0.787313,0.346535,0.509944,-0.59391,0.647905,0.476889,-0.166117,-0.678751,0.715238,-0.000851,0.00392,0.003542,0.008916,-0.008409,-0.006973,0.328027,0.041259,0.038486,-0.023684,-0.663271,-0.465051,0.586343,0.730061,-0.574361,0.370296,0.164566,0.673673,0.720473,-0.0071,0.001108,0.001946,-0.013541,0.006005,-0.002193,0.276,0.067475,0.025977,-0.058812,-0.498865,0.572232,-0.650909,-0.378993,-0.819458,-0.429943,-0.77942,0.032207,0.625671,-0.000359,-0.000901,-0.000742,-0.029272,-0.019089,0.028222,-0.794101
108,0.061483,0.006045,0.361936,-0.599408,0.477076,-0.642771,-0.242292,-0.873412,-0.422397,-0.762178,-0.09805,0.639921,-5.3e-05,-0.000133,-0.000109,-0.008589,-0.005424,0.008726,-1.915555,-0.105791,0.033449,0.313399,0.786818,0.348692,0.509237,-0.59467,0.648698,0.474861,-0.165741,-0.676888,0.717088,-0.001144,0.005282,0.004762,8.2e-05,-7.7e-05,-6.4e-05,0.310914,0.041193,0.038574,-0.023592,-0.662718,-0.466952,0.585456,0.730559,-0.574944,0.368402,0.164579,0.671858,0.722163,-0.00064,0.002951,0.002664,-0.00162,-0.013304,0.025963,0.256568,0.06752,0.025937,-0.058843,-0.496937,0.576556,-0.648564,-0.384219,-0.816312,-0.431287,-0.778093,0.034868,0.62718,-1.1e-05,-3e-05,-2.4e-05,-0.097168,-0.069537,0.091699,-0.795571
