frame,MLTx,MLTy,MLTz,MLTR1,MLTR2,MLTR3,MLTR4,MLTR5,MLTR6,MLTR7,MLTR8,MLTR9,MLTTVx,MLTTVy,MLTTVz,MLTRVx,MLTRVy,MLTRVz,MLGA,MRTx,MRTy,MRTz,MRTR1,MRTR2,MRTR3,MRTR4,MRTR5,MRTR6,MRTR7,MRTR8,MRTR9,MRTTVx,MRTTVy,MRTTVz,MRTRVx,MRTRVy,MRTRVz,MRGA,SLTx,SLTy,SLTz,SLTR1,SLTR2,SLTR3,SLTR4,SLTR5,SLTR6,SLTR7,SLTR8,SLTR9,SLTTVx,SLTTVy,SLTTVz,SLTRVx,SLTRVy,SLTRVz,SLGA,SRTx,SRTy,SRTz,SRTR1,SRTR2,SRTR3,SRTR4,SRTR5,SRTR6,SRTR7,SRTR8,SRTR9,SRTTVx,SRTTVy,SRTTVz,SRTRVx,SRTRVy,SRTRVz,SRGA
367,0.050377,0.028533,0.384289,-0.073916,0.895518,-0.438895,-0.778287,-0.326909,-0.53607,-0.623456,0.300847,0.72168,0.001024,0.002326,0.001546,0.000141,-0.064013,-0.000711,0.307093,-0.126056,0.048997,0.342379,0.213303,0.218535,0.952227,-0.758292,0.651544,0.020452,-0.616185,-0.726694,0.303474,-0.012272,-0.001822,-8.3e-05,-0.001927,0.014581,-0.029655,-1.386169,0.026503,0.042388,-0.013417,-0.073301,-0.324368,0.943086,0.793753,-0.591492,-0.141746,0.603806,0.738188,0.300825,-0.006972,0.004783,-0.003862,0.036326,0.019801,-0.008926,-0.765141,0.062642,0.036236,-0.05069,-0.156103,0.90041,-0.406069,-0.756416,-0.373348,-0.537071,-0.635189,0.223319,0.739365,0.000194,0.000437,0.000291,-0.004692,0.012832,0.0181,0.172579
368,0.050375,0.028574,0.384268,-0.072832,0.892996,-0.444183,-0.778056,-0.329439,-0.534856,-0.623873,0.305532,0.719346,4.7e-05,0.000108,7.2e-05,-0.000532,-0.048819,-0.025293,0.312363,-0.126276,0.049092,0.342313,0.217106,0.222269,0.950501,-0.762031,0.647086,0.022861,-0.610217,-0.729544,0.308649,-0.000151,0.000965,0.000655,0.030356,-0.154416,-0.10618,-1.398247,0.026388,0.042433,-0.013451,-0.077021,-0.327825,0.941593,0.797546,-0.586994,-0.13913,0.59832,0.740248,0.306666,-0.007066,0.005409,-0.003433,0.078149,-0.209566,-0.171059,-0.76612,0.062643,0.03626,-0.050698,-0.154875,0.8982,-0.4114,-0.755967,-0.375837,-0.535966,-0.636024,0.227997,0.737217,-2.8e-05,-6.7e-05,-4.4e-05,-0.004185,0.009984,0.015745,0.203768
369,0.050363,0.028523,0.384234,-0.071357,0.889155,-0.452059,-0.777802,-0.333269,-0.532849,-0.624362,0.312482,0.715929,-0.000989,-0.002246,-0.001494,-0.00163,-0.145574,-0.075422,0.326005,-0.126741,0.049313,0.342168,0.222704,0.228827,0.947646,-0.765767,0.642583,0.024919,-0.603488,-0.731504,0.317123,-0.014092,0.010652,-0.006993,0.076264,-0.207861,-0.157997,-1.404132,0.026155,0.042544,-0.013523,-0.08251,-0.334431,0.938801,0.801226,-0.58245,-0.137069,0.592645,0.740882,0.316013,-0.007051,0.005359,-0.003467,0.084768,-0.2517,-0.198296,-0.774448,0.062637,0.036235,-0.050715,-0.153327,0.894998,-0.41889,-0.755404,-0.379444,-0.534215,-0.637067,0.234522,0.734264,-0.000565,-0.001283,-0.000854,-0.002037,-0.137392,-0.070116,0.229241
370,0.050338,0.028327,0.384093,-0.089153,0.884659,-0.457686,-0.7746,-0.350388,-0.526493,-0.626031,0.306482,0.717064,-0.002859,-0.00649,-0.004325,0.222299,-0.104984,-0.579272,0.360562,-0.12723,0.049574,0.341996,0.229901,0.236572,0.944018,-0.773029,0.633627,0.029594,-0.591413,-0.736845,0.327343,-0.014026,0.010334,-0.007207,0.042572,-0.035774,-0.039365,-1.404078,0.025921,0.042668,-0.013603,-0.08972,-0.343096,0.935005,0.808461,-0.573366,-0.132817,0.581669,0.744,0.328822,-0.006207,-0.000382,0.000324,0.008663,0.000113,-0.051702,-0.776245,0.062628,0.036144,-0.05078,-0.169732,0.890518,-0.422098,-0.751643,-0.393988,-0.528965,-0.637356,0.227485,0.736225,-0.001415,-0.003041,-0.002106,2.536062,2.395733,-4.214797,0.262716
371,0.050333,0.028172,0.383991,-0.095859,0.883865,-0.457864,-0.774035,-0.355334,-0.524004,-0.625732,0.303071,0.718773,0.009078,-0.011261,-0.007271,0.000233,-0.007975,0.000564,0.385534,-0.127469,0.04973,0.341879,0.235252,0.239069,0.942069,-0.772718,0.633879,0.032224,-0.589719,-0.735825,0.332651,-0.013935,0.009793,-0.007572,0.038764,-0.015178,-0.025346,-1.40387,0.025802,0.042747,-0.01366,-0.095078,-0.345785,0.933484,0.808493,-0.573911,-0.130243,0.580773,0.742333,0.334131,-0.006966,0.004903,-0.003774,0.039004,0.02125,-0.008916,-0.779347,0.062619,0.036065,-0.050833,-0.177403,0.887824,-0.424612,-0.74966,-0.401441,-0.526169,-0.637602,0.224971,0.736783,-0.001653,-0.003764,-0.002508,0.002085,0.01505,0.012845,0.290475
372,0.050383,0.027751,0.383678,-0.098938,0.883329,-0.458244,-0.777,-0.356209,-0.518998,-0.621561,0.303607,0.722158,0.008014,-0.013719,-0.008939,0.000297,-0.001453,0.003975,0.411271,-0.127901,0.050121,0.341639,0.24436,0.243948,0.938493,-0.778958,0.625727,0.040295,-0.577688,-0.74119,0.341728,-0.014089,0.01091,-0.00681,-0.028874,-0.140389,0.180097,-1.404596,0.025581,0.042944,-0.013785,-0.104017,-0.350709,0.930689,0.815184,-0.566156,-0.122235,0.569784,0.745969,0.344783,-0.007066,0.005621,-0.003285,-0.208128,-0.509224,0.702268,-0.787348,0.062641,0.035859,-0.050987,-0.180459,0.88715,-0.424734,-0.752482,-0.402609,-0.521225,-0.633407,0.225544,0.740219,-0.001542,-5.7e-05,-0.00804,0.034447,-0.007452,-0.010394,0.343218
373,0.050531,0.027261,0.383319,-0.099742,0.883177,-0.458361,-0.776889,-0.35688,-0.518701,-0.62157,0.303259,0.722296,-0.004683,-0.010652,-0.007169,-0.000686,0.013265,-0.025576,0.43218,-0.128355,0.050607,0.341336,0.253323,0.247539,0.93517,-0.780998,0.622721,0.046849,-0.571042,-0.742535,0.349881,-0.014026,0.01063,-0.006994,-0.164981,-0.590037,0.790833,-1.403966,0.025348,0.043192,-0.013938,-0.113078,-0.354557,0.928171,0.817856,-0.563673,-0.115683,0.564201,0.74603,0.353716,-0.00701,0.00532,-0.003488,-0.195345,-0.627308,0.861929,-0.790124,0.062721,0.035605,-0.051171,-0.181226,0.886944,-0.424836,-0.752303,-0.403259,-0.52098,-0.6334,0.22519,0.740333,0.003751,-0.007479,-0.004902,0.000391,-0.001353,0.003825,0.371304
374,0.050798,0.026735,0.382926,-0.100382,0.883054,-0.45846,-0.776774,-0.357431,-0.518495,-0.62161,0.302972,0.722382,0.007953,-0.013977,-0.009175,0.000298,-0.001447,0.003978,0.452735,-0.1288,0.051103,0.34104,0.260886,0.248391,0.932862,-0.782567,0.620181,0.053843,-0.565467,-0.744376,0.354986,-0.014145,0.011556,-0.00636,0.049572,-0.104544,0.154632,-1.404162,0.025131,0.043434,-0.014085,-0.12091,-0.355637,0.926769,0.820209,-0.561674,-0.108528,0.559139,0.747023,0.359608,-0.007091,0.005927,-0.003073,0.039416,-0.004909,0.0097,-0.786859,0.062849,0.035341,-0.051369,-0.181884,0.886763,-0.424934,-0.752133,-0.403829,-0.520785,-0.633414,0.224884,0.740413,0.003944,-0.007077,-0.00465,0.000361,-0.001374,0.003883,0.404125
375,0.050998,0.026464,0.3827,-0.100507,0.88302,-0.458497,-0.776698,-0.357575,-0.518509,-0.621684,0.3029,0.722349,0.008026,-0.013847,-0.009103,0.000299,-0.001445,0.00398,0.459622,-0.129069,0.051346,0.340905,0.266253,0.245178,0.932196,-0.78109,0.6215,0.059756,-0.565013,-0.744337,0.355789,-0.014204,0.012032,-0.006036,0.046991,-0.090952,0.163453,-1.404284,0.024997,0.043555,-0.014153,-0.126503,-0.352483,0.927227,0.819597,-0.563701,-0.102471,0.558799,0.746991,0.360204,-0.007131,0.00623,-0.002864,0.055949,-0.127638,0.164735,-0.793063,0.062945,0.035207,-0.051475,-0.18203,0.886718,-0.424965,-0.752058,-0.403974,-0.52078,-0.633461,0.224801,0.740399,0.010146,-0.009015,-0.005836,0.001336,-0.01611,0.03345,0.416535
376,0.051483,0.026014,0.382323,-0.100634,0.88298,-0.458545,-0.776573,-0.357751,-0.518575,-0.62182,0.302808,0.72227,0.009536,-0.010454,-0.006822,0.0003,-0.00144,0.003982,0.464303,-0.129684,0.051854,0.340701,0.272615,0.247659,0.929698,-0.785648,0.615017,0.066667,-0.555582,-0.748891,0.361046,-0.014453,0.013919,-0.004758,0.049741,-0.104638,0.153872,-1.404355,0.024689,0.043808,-0.014256,-0.132914,-0.355482,0.925184,0.824607,-0.557541,-0.095758,0.549868,0.750186,0.367238,-0.00729,0.007415,-0.002064,0.053023,-0.12004,0.176616,-0.801881,0.063189,0.034974,-0.051674,-0.182136,0.88667,-0.425019,-0.751904,-0.404133,-0.52088,-0.633613,0.224702,0.740298,0.011132,-0.006801,-0.004349,-0.002726,0.06223,-0.117424,0.430252
377,0.052257,0.02578,0.382001,-0.099909,0.884454,-0.455857,-0.776541,-0.355692,-0.520037,-0.621978,0.300933,0.722918,0.024752,-0.007887,-0.004805,0.002399,0.003735,0.076327,0.462759,-0.130362,0.052222,0.340583,0.274983,0.256151,0.926694,-0.791204,0.607829,0.06689,-0.546454,-0.751909,0.368625,-0.02472,-0.001255,0.001398,0.04007,-0.212946,0.012552,-1.403928,0.024359,0.043998,-0.014311,-0.135163,-0.363667,0.92167,0.829695,-0.550013,-0.095346,0.541605,0.751818,0.376074,-0.006307,0.000578,0.00096,0.060717,-0.321185,0.009796,-0.799922,0.063578,0.03485,-0.051841,-0.181525,0.888249,-0.421973,-0.752116,-0.401848,-0.52234,-0.633537,0.222555,0.741012,0.012506,-0.003656,-0.002218,0.003992,-0.024867,0.05688,0.43466
378,0.052811,0.025779,0.381817,-0.098601,0.884635,-0.455791,-0.77638,-0.354838,-0.52086,-0.622388,0.301407,0.722366,0.027251,0.004879,-0.012232,0.035555,-0.049761,0.07388,0.46073,-0.130673,0.052306,0.34053,0.275004,0.263322,0.924676,-0.794515,0.603755,0.064485,-0.541614,-0.752724,0.374065,-0.012281,-0.001151,0.000344,-5.030314,-0.709131,-2.356008,-1.404321,0.024189,0.044046,-0.014339,-0.135604,-0.3694,0.919322,0.831409,-0.547093,-0.097196,0.538859,0.751154,0.38131,-0.006078,-0.000856,8.1e-05,-5.005208,-0.808956,-2.438068,-0.796329,0.063845,0.034848,-0.051927,-0.180292,0.888415,-0.422153,-0.752006,-0.401144,-0.523038,-0.634019,0.223163,0.740416,0.020074,0.001063,-0.006928,0.036985,-0.072363,0.098213,0.433844
379,0.054152,0.025938,0.381419,-0.095556,0.885025,-0.455683,-0.775891,-0.352934,-0.522879,-0.623476,0.302493,0.720973,0.041107,0.004588,-0.012178,0.031948,0.027062,-0.073087,0.452153,-0.131177,0.052312,0.340431,0.265495,0.284762,0.921094,-0.805367,0.590637,0.049663,-0.530195,-0.755351,0.384969,-0.011928,-0.003619,-0.001323,-4.72576,-0.38954,-2.978188,-1.404201,0.023941,0.04405,-0.014387,-0.1273,-0.388557,0.912588,0.837285,-0.535349,-0.111143,0.531739,0.749949,0.393483,-0.005916,-0.002159,-0.000891,0.962332,0.801526,-2.46995,-0.793717,0.064511,0.03493,-0.052124,-0.177159,0.889053,-0.422136,-0.751719,-0.399082,-0.525024,-0.635242,0.224315,0.739019,0.014645,0.004875,-0.004486,0.036286,-0.063657,0.099189,0.427312
380,0.05591,0.026247,0.380899,-0.091662,0.885488,-0.455581,-0.775143,-0.350581,-0.525564,-0.624993,0.303863,0.719081,0.054627,0.003763,-0.012523,0.03824,-0.092875,0.158338,0.448989,-0.131362,0.052172,0.340263,0.259357,0.312577,0.913795,-0.812798,0.581617,0.031866,-0.521815,-0.751377,0.403738,0.000948,-0.006691,-0.004521,0.163721,-0.695177,-0.526737,-1.404203,0.023843,0.043982,-0.014469,-0.117911,-0.416757,0.901338,0.844871,-0.519064,-0.129479,0.521813,0.746247,0.413309,0.000497,-0.003544,-0.002395,0.185034,-0.817125,-0.607473,-0.799595,0.065386,0.035086,-0.052383,-0.173504,0.889793,-0.422095,-0.751188,-0.396736,-0.527556,-0.636877,0.22554,0.737237,0.027341,0.001921,-0.006263,0.033751,-0.000706,-0.017788,0.420291
381,0.058238,0.026701,0.380147,-0.097093,0.886336,-0.4528,-0.77001,-0.355085,-0.530067,-0.630486,0.29609,0.717527,0.069051,0.012458,-0.022515,0.068557,-0.035298,0.026692,0.443617,-0.131352,0.05197,0.339979,0.252554,0.343199,0.904667,-0.826838,0.562102,0.017712,-0.502725,-0.752908,0.424572,-0.000426,0.003197,-0.013136,0.171344,-0.670877,-0.247608,-1.403933,0.023849,0.043877,-0.014614,-0.110481,-0.446448,0.887962,0.855691,-0.497188,-0.14351,0.505554,0.743967,0.436952,-0.000199,0.001499,-0.006638,0.181218,-0.710144,-0.277685,-0.801718,0.066544,0.035311,-0.052754,-0.178884,0.890119,-0.419151,-0.745787,-0.400544,-0.53232,-0.641717,0.217374,0.73549,0.034614,0.006403,-0.011174,0.072792,-0.13249,0.199875,0.413923
382,0.059584,0.02694,0.379716,-0.104256,0.885593,-0.452659,-0.765178,-0.362104,-0.532311,-0.635199,0.289765,0.71595,0.081392,0.009048,-0.024633,0.294805,0.214957,-0.299761,0.441945,-0.131263,0.051871,0.339791,0.248397,0.35968,0.8994,-0.833731,0.552027,0.009626,-0.493315,-0.75269,0.435845,0.001512,-0.010664,-0.00724,0.10068,-0.58583,-0.469392,-1.404361,0.023893,0.043834,-0.014704,-0.106122,-0.461436,0.880803,0.860831,-0.486004,-0.150893,0.497701,0.74221,0.448794,-6e-06,0.000122,-0.007584,0.105471,-0.919781,-0.485679,-0.796492,0.067214,0.035434,-0.052968,-0.185526,0.888834,-0.418989,-0.74062,-0.406713,-0.53485,-0.645802,0.211083,0.733745,0.034534,0.006416,-0.011191,0.836368,0.762513,-0.994203,0.410493
383,0.062557,0.02729,0.378828,-0.107916,0.88536,-0.452259,-0.759798,-0.366764,-0.536808,-0.641014,0.284592,0.712836,0.080766,0.008416,-0.025151,0.0699,-0.0491,0.056688,0.439159,-0.130885,0.051592,0.339282,0.241856,0.390726,0.888161,-0.843756,0.53663,-0.006184,-0.479306,-0.748376,0.458325,0.012937,-0.002926,-0.018485,0.160709,-0.514829,-0.370717,-1.404436,0.024077,0.043695,-0.014952,-0.099063,-0.491301,0.865337,0.867742,-0.468283,-0.166533,0.487041,0.734393,0.472712,0.007282,-0.007257,-0.00553,0.173392,-0.764292,-0.295718,-0.803677,0.068702,0.035612,-0.053409,-0.189632,0.888172,-0.418556,-0.734708,-0.411151,-0.53959,-0.651338,0.205193,0.730515,0.040348,0.00407,-0.012715,0.073007,-0.142812,0.23249,0.405921
384,0.065685,0.027317,0.377987,-0.122297,0.88517,-0.448957,-0.750535,-0.378404,-0.541737,-0.649272,0.269602,0.711187,0.078165,-0.004464,-0.017922,0.042098,-0.116394,0.216541,0.430815,-0.130209,0.051143,0.338629,0.238101,0.422418,0.874564,-0.850077,0.526113,-0.022549,-0.469916,-0.738598,0.483234,0.013606,-0.007223,-0.02152,0.202215,-0.720401,-0.274484,-1.404691,0.024414,0.043471,-0.015278,-0.095054,-0.520691,0.848437,0.871237,-0.455821,-0.182132,0.48157,0.721878,0.496973,0.013802,-0.008875,-0.007266,0.200638,-0.818205,-0.573769,-0.804494,0.070268,0.035633,-0.05383,-0.204081,0.886674,-0.414919,-0.72455,-0.421826,-0.545059,-0.658314,0.189394,0.728527,0.039592,0.002545,-0.013784,0.079237,-0.135445,0.187436,0.399553
385,0.067246,0.027141,0.377636,-0.12986,0.885659,-0.445859,-0.746233,-0.383326,-0.544213,-0.652743,0.26094,0.711241,0.077394,-0.006226,-0.019148,0.03687,0.01971,0.063837,0.42671,-0.129749,0.050889,0.338276,0.231845,0.437874,0.868623,-0.855882,0.516141,-0.03161,-0.462437,-0.73665,0.493318,0.027661,-0.017771,-0.014585,1.278564,1.012048,-2.109233,-1.404419,0.02464,0.043345,-0.015459,-0.091239,-0.535826,0.839384,0.87554,-0.444753,-0.188742,0.474451,0.717694,0.509716,0.013079,-0.003534,-0.01133,0.176256,-0.765971,-0.292373,-0.801065,0.071078,0.035544,-0.054012,-0.211456,0.886523,-0.411536,-0.719932,-0.426054,-0.547882,-0.661047,0.180426,0.728328,0.038626,-0.003337,-0.009774,0.037741,-0.010064,0.043612,0.393838
386,0.070308,0.026417,0.377053,-0.144963,0.887898,-0.436656,-0.738472,-0.390744,-0.5495,-0.658348,0.241694,0.712873,0.086921,-0.024238,-0.015209,0.000521,0.07726,0.303115,0.430073,-0.128602,0.050341,0.337587,0.224884,0.46295,0.857377,-0.860874,0.506524,-0.047568,-0.456559,-0.727969,0.511351,0.02799,-0.019051,-0.015617,0.108256,-0.404712,-0.324158,-1.404549,0.025213,0.04307,-0.015803,-0.081726,-0.558774,0.825282,0.87736,-0.433169,-0.206404,0.47282,0.707202,0.525648,0.020084,-0.008175,-0.007475,0.149375,-0.641462,-0.191035,-0.796656,0.072609,0.035184,-0.054302,-0.226501,0.887098,-0.402185,-0.711655,-0.432647,-0.5535,-0.665014,0.160849,0.729303,0.043385,-0.012341,-0.007808,-4.6e-05,0.069624,0.298011,0.391388
387,0.073252,0.025392,0.37654,-0.165472,0.887574,-0.429973,-0.72839,-0.403854,-0.553464,-0.664689,0.220499,0.71386,0.073346,-0.024115,-0.015365,0.216688,0.255722,-0.17361,0.430937,-0.127171,0.049696,0.336903,0.221251,0.489012,0.843746,-0.863244,0.500687,-0.063685,-0.453846,-0.714873,0.53183,0.040653,-0.018272,-0.016434,0.172602,-0.70549,-0.210974,-1.404363,0.025924,0.042746,-0.016146,-0.078184,-0.582696,0.80892,0.8773,-0.425617,-0.221795,0.47353,0.692325,0.544476,0.020408,-0.009638,-0.008595,0.200202,-0.757039,-0.527627,-0.797636,0.074054,0.03468,-0.054553,-0.246591,0.884946,-0.395047,-0.700792,-0.444389,-0.558039,-0.66939,0.139238,0.729745,0.036738,-0.011882,-0.007616,0.73183,0.864384,-1.006911,0.393511
388,0.075946,0.024398,0.376054,-0.176735,0.888535,-0.423456,-0.722881,-0.409096,-0.556825,-0.667781,0.206591,0.715133,0.060903,-0.020945,-0.013453,0.000915,0.005135,0.157245,0.429131,-0.125263,0.048898,0.336166,0.214136,0.530839,0.819968,-0.869157,0.486595,-0.087895,-0.445892,-0.694518,0.564525,0.053974,-0.020677,-0.01959,0.349579,-1.334452,-0.657,-1.404553,0.026852,0.04236,-0.016503,-0.071804,-0.619108,0.782015,0.879347,-0.409324,-0.243314,0.470735,0.670192,0.573802,0.027005,-0.0105,-0.009945,0.307149,-1.145551,-0.770892,-0.796982,0.075382,0.034191,-0.054798,-0.258308,0.88453,-0.388435,-0.694638,-0.449492,-0.561635,-0.671382,0.124747,0.730536,0.03041,-0.010606,-0.006858,0.001906,-0.001162,0.150211,0.393021
389,0.077061,0.024002,0.375821,-0.185466,0.88825,-0.420308,-0.718768,-0.414225,-0.558356,-0.669839,0.19744,0.715793,0.048535,-0.017382,-0.011209,0.000449,0.005355,0.152506,0.426321,-0.124281,0.048475,0.335775,0.213945,0.55,0.807292,-0.869022,0.48456,-0.099679,-0.446246,-0.680912,0.580592,0.042078,-0.024501,-0.021224,0.265144,-1.004991,-0.461505,-1.404722,0.027368,0.042142,-0.016705,-0.071843,-0.63947,0.765451,0.877319,-0.405604,-0.256506,0.474498,0.653117,0.590159,0.027298,-0.011715,-0.010889,0.330491,-1.255397,-0.601916,-0.79486,0.075966,0.033978,-0.054918,-0.266849,0.88343,-0.385152,-0.690168,-0.454112,-0.563426,-0.67265,0.11547,0.730894,0.030391,-0.010727,-0.006953,0.002535,-0.017234,0.140988,0.391715
390,0.079029,0.023377,0.37538,-0.188394,0.891759,-0.411484,-0.718072,-0.410844,-0.561739,-0.669765,0.188535,0.718259,0.036508,-0.012844,-0.008315,-0.001896,0.03915,0.100619,0.424387,-0.122171,0.047445,0.334875,0.214233,0.595788,0.774036,-0.871352,0.474654,-0.124034,-0.441539,-0.648628,0.61983,0.055612,-0.026952,-0.024607,0.34618,-1.301908,-0.426794,-1.404915,0.028438,0.041619,-0.017162,-0.073775,-0.681874,0.727739,0.875817,-0.393309,-0.279734,0.47697,0.616729,0.626213,0.027844,-0.013683,-0.012496,0.36747,-1.363802,-0.477675,-0.793553,0.076954,0.033661,-0.055141,-0.269881,0.886447,-0.375998,-0.689883,-0.450421,-0.566728,-0.671732,0.106446,0.733105,0.024753,-0.007371,-0.004777,0.004311,-0.024942,0.129971,0.387633
391,0.080571,0.022984,0.375055,-0.196711,0.892716,-0.405473,-0.714447,-0.413668,-0.564284,-0.67124,0.177575,0.719674,0.037376,-0.01033,-0.006654,0.002504,-0.037247,0.092359,0.422465,-0.119983,0.046235,0.333755,0.214839,0.641326,0.73657,-0.872258,0.465238,-0.150508,-0.439447,-0.610946,0.658403,0.057376,-0.034226,-0.030422,0.402961,-1.414367,-0.545252,-1.405459,0.02951,0.041031,-0.017708,-0.076272,-0.722454,0.687198,0.872807,-0.381589,-0.304295,0.482067,0.576583,0.659668,0.028681,-0.017112,-0.015256,0.464631,-1.620834,-0.657194,-0.795676,0.077724,0.033462,-0.055306,-0.278164,0.886379,-0.370076,-0.685998,-0.453004,-0.569379,-0.672332,0.095491,0.734064,0.012394,-0.00366,-0.00239,0.003642,-0.040044,0.0172,0.384857
392,0.081211,0.022858,0.374962,-0.201277,0.893033,-0.402524,-0.712616,-0.415376,-0.565344,-0.671827,0.17194,0.720494,0.02552,-0.005084,-0.003232,0.001363,-0.020385,0.063959,0.422036,-0.11885,0.045628,0.333104,0.211597,0.662823,0.718251,-0.876078,0.454395,-0.161077,-0.433374,-0.595989,0.675905,0.057757,-0.034789,-0.031141,0.327892,-1.145254,-0.317735,-1.405595,0.030098,0.040711,-0.018048,-0.074094,-0.743444,0.66468,0.874316,-0.369013,-0.315278,0.479667,0.557781,0.677347,0.028944,-0.017709,-0.015841,0.321279,-1.119263,-0.298301,-0.797636,0.078038,0.033397,-0.055354,-0.282706,0.886191,-0.36707,-0.684045,-0.454531,-0.570511,-0.672427,0.089806,0.734694,0.01919,-0.003683,-0.002361,0.000728,0.03099,-0.100063,0.38404
393,0.08212,0.022716,0.374848,-0.205885,0.891988,-0.40251,-0.711991,-0.418654,-0.56371,-0.671087,0.169412,0.721782,0.025944,-0.003777,-0.002365,-0.017731,-0.039718,0.075774,0.421268,-0.116626,0.04447,0.331747,0.205769,0.699594,0.684265,-0.881833,0.435723,-0.180137,-0.424404,-0.567216,0.705698,0.056139,-0.0215,-0.037881,-3.372856,-0.271198,-4.041492,-1.405254,0.031191,0.040131,-0.018718,-0.074396,-0.773886,0.62894,0.874341,-0.353921,-0.332063,0.479574,0.525204,0.702971,0.02908,-0.016902,-0.015536,0.200328,-0.754819,0.173926,-0.801718,0.078502,0.033325,-0.055412,-0.287113,0.884656,-0.367354,-0.683096,-0.457941,-0.568918,-0.671524,0.087594,0.735786,0.006459,-0.001042,-0.000671,-0.071551,0.088474,-0.174365,0.382897
394,0.082596,0.022636,0.374821,-0.210786,0.890892,-0.402401,-0.709603,-0.422512,-0.563843,-0.672088,0.165584,0.721739,0.000144,0.000438,0.000294,-0.0,0.0,0.0,0.420197,-0.114521,0.043531,0.330543,0.199297,0.732052,0.651438,-0.889411,0.414201,-0.19318,-0.411467,-0.541813,0.7328,0.042675,-0.016839,-0.033423,-3.220605,-0.040628,-4.118303,-1.405249,0.03225,0.039652,-0.019327,-0.070379,-0.803017,0.591785,0.878897,-0.330506,-0.343954,0.471789,0.495911,0.729031,0.028497,-0.012595,-0.012536,0.435831,-1.354942,-0.237074,-0.799432,0.078752,0.033288,-0.055423,-0.291786,0.883186,-0.36721,-0.680397,-0.461487,-0.569288,-0.67225,0.083739,0.735572,6.5e-05,0.00019,0.000117,-0.000346,-0.000675,0.000872,0.381101
395,0.082792,0.022584,0.374775,-0.211448,0.890689,-0.402503,-0.709464,-0.42306,-0.563607,-0.672026,0.165277,0.721867,-0.000512,-0.001555,-0.001043,-0.000631,0.013589,-0.025407,0.422914,-0.112341,0.042795,0.329492,0.186352,0.765444,0.615922,-0.900851,0.383321,-0.203631,-0.392172,-0.517867,0.760183,0.054793,-0.010135,-0.030097,0.412731,-1.147051,-0.028186,-1.405555,0.033335,0.039282,-0.019854,-0.055809,-0.832313,0.551489,0.889153,-0.292696,-0.351761,0.454194,0.470726,0.756389,0.022065,-0.012091,-0.011616,0.399309,-1.170588,-0.123145,-0.799921,0.078851,0.033265,-0.055444,-0.292377,0.88295,-0.367307,-0.680231,-0.461987,-0.569081,-0.672162,0.083467,0.735684,-3.4e-05,-0.000109,-7.8e-05,-0.000296,-0.000441,0.000579,0.382571
396,0.082796,0.022568,0.374764,-0.212169,0.890464,-0.402622,-0.709332,-0.423658,-0.563323,-0.671937,0.164963,0.722021,-0.000458,-0.001392,-0.000934,-0.0,0.0,0.0,0.423693,-0.111311,0.042487,0.328983,0.181778,0.779141,0.599907,-0.907896,0.367338,-0.201796,-0.377798,-0.508948,0.773372,0.041568,-0.008805,-0.02775,0.306397,-0.903889,0.070627,-1.405741,0.033835,0.039131,-0.020105,-0.052203,-0.843991,0.53381,0.89538,-0.276269,-0.349239,0.44223,0.459732,0.770115,0.027235,-0.0038,-0.014187,0.09646,-0.952795,-0.350527,-0.796003,0.078853,0.033256,-0.055451,-0.293085,0.882664,-0.367428,-0.680046,-0.462588,-0.568814,-0.67204,0.083157,0.73583,-0.00027,-0.000822,-0.000553,-0.005199,0.107029,-0.200255,0.383551
397,0.082694,0.022544,0.374795,-0.213917,0.889923,-0.402893,-0.709084,-0.425077,-0.562566,-0.671643,0.164232,0.722461,-0.000243,-0.000739,-0.000496,-0.0,0.0,0.0,0.426967,-0.109483,0.042115,0.328304,0.177156,0.799001,0.574634,-0.915339,0.348309,-0.201914,-0.361676,-0.491217,0.792313,0.041508,-0.009508,-0.012043,0.328861,-1.069051,0.237454,-1.405557,0.034772,0.038931,-0.020463,-0.049932,-0.860797,0.506493,0.901561,-0.257061,-0.348003,0.429759,0.439258,0.788897,0.027146,-0.003765,-0.006044,0.271786,-0.969063,-0.030292,-0.789145,0.078801,0.033242,-0.055436,-0.294768,0.881993,-0.367695,-0.679676,-0.463992,-0.568111,-0.671678,0.082452,0.736239,-0.000704,-0.005747,0.004126,-0.034502,0.018506,-0.015196,0.386816
398,0.082539,0.022547,0.374844,-0.215481,0.889435,-0.403135,-0.708867,-0.426347,-0.561879,-0.67137,0.163585,0.722862,-4.5e-05,-0.000136,-9.1e-05,-0.0,0.0,0.0,0.428776,-0.107846,0.041867,0.327909,0.164709,0.817099,0.55246,-0.923867,0.323995,-0.203548,-0.345494,-0.477899,0.807534,0.040788,-0.005395,-0.008908,0.001041,-0.68482,-0.196479,-1.40527,0.035589,0.038814,-0.020655,-0.039773,-0.87604,0.480594,0.908025,-0.232424,-0.348522,0.417021,0.42253,0.804711,0.020224,-0.001856,-0.003832,-0.572799,-0.650241,-1.24823,-0.790941,0.078723,0.033242,-0.055413,-0.296277,0.881387,-0.367934,-0.679348,-0.465253,-0.567472,-0.671346,0.081826,0.736613,-2.2e-05,-6.7e-05,-4.1e-05,-0.000143,-0.000157,0.000217,0.390082
399,0.082501,0.022556,0.37485,-0.215995,0.889271,-0.403223,-0.708771,-0.426775,-0.561675,-0.671305,0.163364,0.722972,-1e-06,-2e-06,-1e-06,-0.0,0.0,0.0,0.427798,-0.107121,0.041813,0.327794,0.160906,0.825179,0.541462,-0.927757,0.313638,-0.202066,-0.33674,-0.470867,0.815324,0.039821,-0.000663,-0.005194,-0.624452,-0.456187,-1.110214,-1.405012,0.035968,0.038782,-0.020718,-0.037407,-0.882837,0.468186,0.91139,-0.22229,-0.346344,0.409838,0.413744,0.812925,0.019829,9.1e-05,-0.0023,-0.603256,-0.539031,-1.176166,-0.798452,0.078704,0.033247,-0.05541,-0.296772,0.881185,-0.36802,-0.679216,-0.465674,-0.567285,-0.671261,0.081611,0.736714,1e-06,6e-06,7e-06,-0.000102,-0.00013,0.000182,0.390409
400,0.08246,0.02258,0.374878,-0.21691,0.888982,-0.40337,-0.708618,-0.427526,-0.561296,-0.671171,0.162975,0.723184,0.000212,0.000641,0.00043,-0.0,0.0,0.0,0.423958,-0.105815,0.041813,0.327775,0.159603,0.837645,0.522368,-0.932325,0.301857,-0.198964,-0.324517,-0.456313,0.82845,0.027938,-0.00888,0.006374,0.116538,-0.54967,-0.042689,-1.405714,0.03661,0.038788,-0.020729,-0.037255,-0.893269,0.447973,0.915692,-0.21002,-0.342634,0.400149,0.397441,0.825784,0.012749,0.002265,0.000201,0.051976,-0.639524,-0.391989,-0.798289,0.078683,0.033258,-0.055396,-0.297654,0.880826,-0.368165,-0.678998,-0.466417,-0.566935,-0.67109,0.081233,0.736911,0.000138,0.000417,0.00028,-0.004427,0.093662,-0.175234,0.387633
401,0.082467,0.02257,0.374872,-0.217609,0.888759,-0.403483,-0.708486,-0.428106,-0.56102,-0.671082,0.162671,0.723335,-1.8e-05,-5.4e-05,-3.7e-05,-0.0,0.0,0.0,0.422554,-0.104778,0.041907,0.327896,0.151282,0.855957,0.494411,-0.937275,0.283143,-0.203172,-0.31406,-0.433738,0.844453,0.025344,0.005221,0.000992,0.249091,-0.530894,-0.071531,-1.405505,0.037129,0.038835,-0.020662,-0.031323,-0.908528,0.416647,0.918766,-0.190308,-0.345906,0.393557,0.371966,0.840686,0.012634,0.00278,0.000611,0.316602,-0.708953,0.035,-0.799268,0.078687,0.033254,-0.055399,-0.29833,0.880551,-0.368278,-0.678816,-0.466989,-0.566681,-0.670974,0.080935,0.737049,-1.1e-05,-3.6e-05,-2.4e-05,-0.004399,0.093705,-0.17526,0.385184
402,0.082448,0.022575,0.374875,-0.218498,0.888475,-0.40363,-0.708319,-0.428843,-0.560669,-0.67097,0.162286,0.723526,-0.0,-0.0,-0.0,-0.0,0.0,0.0,0.421739,-0.104189,0.042085,0.327887,0.139109,0.870244,0.472563,-0.943725,0.26112,-0.202814,-0.300043,-0.41885,0.856973,0.012688,0.002533,0.00043,0.14631,-0.427891,0.20014,-1.405107,0.037427,0.038929,-0.020664,-0.021043,-0.919686,0.392088,0.923794,-0.167852,-0.344136,0.38231,0.354967,0.853133,0.005311,0.007035,-0.003496,0.180146,-0.438195,0.183593,-0.799922,0.078677,0.033256,-0.055397,-0.299189,0.880198,-0.368423,-0.678585,-0.467718,-0.566359,-0.670826,0.080558,0.737226,1e-06,-0.0,0.0,-2.2e-05,-2.8e-05,6.1e-05,0.383224
403,0.082437,0.022569,0.374883,-0.21896,0.888329,-0.403699,-0.70825,-0.429217,-0.56047,-0.670891,0.162092,0.723642,-0.0,-0.0,-0.0,-0.004362,0.093737,-0.175366,0.421795,-0.104066,0.042122,0.327863,0.133391,0.87458,0.466163,-0.945475,0.253346,-0.204518,-0.29711,-0.414563,0.860073,0.000235,-0.001041,-0.000828,-0.546758,-0.108455,-1.516365,-1.404994,0.037492,0.03895,-0.020673,-0.016987,-0.922494,0.385637,0.924894,-0.161022,-0.344444,0.379844,0.350822,0.855945,0.000133,-0.000565,-0.000464,-0.511297,-0.216104,-1.593621,-0.803187,0.078672,0.033254,-0.055393,-0.299501,0.880073,-0.368469,-0.678518,-0.467976,-0.566225,-0.670754,0.080428,0.737305,1e-06,-1e-06,2e-06,-4.8e-05,-8e-06,5.8e-05,0.382897
404,0.082427,0.022563,0.374891,-0.219702,0.888094,-0.403814,-0.708127,-0.429825,-0.560159,-0.670778,0.161776,0.723818,-0.0,-0.0,-0.0,0.0,0.0,0.0,0.421716,-0.104046,0.042033,0.327793,0.138936,0.878572,0.456946,-0.943745,0.257311,-0.207533,-0.300059,-0.403511,0.864295,0.000837,-0.003703,-0.002948,0.162686,-0.328374,-0.036545,-1.40504,0.037501,0.038911,-0.020705,-0.022843,-0.926072,0.376652,0.923106,-0.164197,-0.347726,0.383865,0.339747,0.858614,0.000336,-0.001485,-0.001184,0.220144,-0.343547,-0.253967,-0.80482,0.078667,0.033251,-0.055389,-0.300359,0.879723,-0.368605,-0.678302,-0.468696,-0.565887,-0.670589,0.080057,0.737496,-1e-06,-1e-06,1e-06,-7.1e-05,-1.3e-05,3.5e-05,0.382408
405,0.082416,0.022566,0.374881,-0.22057,0.887811,-0.403963,-0.707943,-0.430552,-0.559832,-0.670686,0.161393,0.723989,-0.0,-1e-06,-0.0,0.0,0.0,0.0,0.42119,-0.104213,0.041798,0.327657,0.13743,0.880549,0.453583,-0.942615,0.256975,-0.213015,-0.304277,-0.399386,0.864737,0.001106,-0.004906,-0.003912,0.084611,-0.119476,-0.126609,-1.405442,0.037418,0.038792,-0.020774,-0.021729,-0.927752,0.372564,0.921147,-0.163428,-0.353241,0.388608,0.33551,0.858147,-0.005859,-0.003441,-0.001948,0.111903,-0.172384,-0.165475,-0.80482,0.078662,0.033252,-0.055395,-0.3012,0.879374,-0.368752,-0.678054,-0.469416,-0.565588,-0.670462,0.079678,0.737651,1e-06,5e-06,6e-06,-2.5e-05,-2.6e-05,2.7e-05,0.381918
406,0.082428,0.022571,0.374884,-0.220947,0.88769,-0.404023,-0.707871,-0.430865,-0.559683,-0.670637,0.161229,0.72407,1.1e-05,3.4e-05,2.3e-05,-0.004362,0.093737,-0.175366,0.419959,-0.104336,0.041674,0.327626,0.132981,0.881894,0.452294,-0.941139,0.255481,-0.22118,-0.310751,-0.397368,0.863363,-0.012046,-0.005458,-0.002763,0.346389,-0.083932,-0.28031,-1.405201,0.037363,0.038726,-0.020793,-0.017637,-0.928527,0.370844,0.918659,-0.16145,-0.360552,0.394655,0.33432,0.855847,0.000372,-0.00165,-0.001314,0.914145,0.223547,-0.495669,-0.804331,0.078668,0.033255,-0.055393,-0.30143,0.87928,-0.368789,-0.677991,-0.46961,-0.565502,-0.670422,0.079576,0.737699,5e-06,1.6e-05,1.2e-05,-3.1e-05,-1.9e-05,2.4e-05,0.380938
407,0.082431,0.022586,0.374882,-0.221751,0.887427,-0.40416,-0.707699,-0.431539,-0.559382,-0.670553,0.160873,0.724228,0.0,1e-06,1e-06,0.0,0.0,0.0,0.419508,-0.104321,0.041518,0.327529,0.124414,0.892903,0.432708,-0.937389,0.24879,-0.243597,-0.325293,-0.376432,0.867379,0.001279,-0.005689,-0.004544,0.469848,-0.803442,-0.396841,-1.405532,0.037363,0.038655,-0.020836,-0.011065,-0.936524,0.350428,0.911784,-0.153326,-0.380973,0.41052,0.315299,0.855604,0.000588,-0.002615,-0.002089,0.171902,-0.261198,-0.234673,-0.805473,0.078669,0.033262,-0.055393,-0.302346,0.878899,-0.368947,-0.677721,-0.470392,-0.565176,-0.670283,0.079164,0.73787,-4e-06,-7e-06,-6e-06,-0.004362,0.093728,-0.17534,0.379795
408,0.082456,0.022565,0.37488,-0.22242,0.887214,-0.404259,-0.707588,-0.432084,-0.559101,-0.670447,0.160587,0.724389,-9.2e-05,-0.000278,-0.000186,0.0,0.0,0.0,0.417721,-0.104252,0.041252,0.32734,0.126023,0.901053,0.414984,-0.934678,0.248067,-0.254504,-0.332398,-0.356937,0.872909,0.001168,-0.005193,-0.004158,0.162419,-0.421074,0.177314,-1.405169,0.037399,0.038516,-0.020935,-0.01373,-0.943878,0.330008,0.907143,-0.150585,-0.392957,0.420597,0.29397,0.8583,0.00069,-0.003058,-0.002448,0.12655,-0.267597,0.007151,-0.810046,0.078682,0.033252,-0.055394,-0.302997,0.878634,-0.369046,-0.677561,-0.470935,-0.564917,-0.670152,0.078883,0.738019,-6.9e-05,-0.000215,-0.000145,-2.2e-05,-1.4e-05,9e-06,0.378815
409,0.082473,0.022553,0.374872,-0.222815,0.887087,-0.404322,-0.707512,-0.43241,-0.558945,-0.670396,0.160414,0.724474,-0.000208,-0.00063,-0.000423,0.0,0.0,0.0,0.417364,-0.104134,0.041168,0.327273,0.123525,0.905141,0.406758,-0.934648,0.243896,-0.258613,-0.333417,-0.34937,0.875578,0.000958,-0.00425,-0.003406,0.175164,-0.350432,-0.017818,-1.405383,0.037551,0.03844,-0.021,-0.011376,-0.94852,0.316512,0.906446,-0.143421,-0.397223,0.422168,0.282382,0.861414,0.000495,-0.002187,-0.00176,0.347866,-0.587255,-0.228751,-0.810046,0.0787,0.033245,-0.055399,-0.303996,0.87822,-0.369208,-0.677284,-0.471779,-0.564544,-0.669978,0.078439,0.738224,0.000166,0.0005,0.000334,-0.004365,0.093748,-0.17534,0.376203
410,0.082497,0.022571,0.374872,-0.223973,0.886708,-0.404513,-0.707269,-0.433376,-0.558504,-0.670265,0.159904,0.724708,0.000112,0.000339,0.000227,0.0,0.0,0.0,0.413872,-0.103684,0.041073,0.327156,0.125296,0.909065,0.397358,-0.933994,0.243208,-0.261607,-0.334589,-0.339497,0.879008,0.026363,0.001107,-0.002334,0.068972,-0.200573,0.141595,-1.405311,0.037674,0.038423,-0.021028,-0.014975,-0.949948,0.312046,0.905325,-0.145361,-0.399069,0.424455,0.276528,0.862188,0.000339,-0.001488,-0.001201,0.036562,-0.05314,-0.041407,-0.811515,0.078702,0.033254,-0.055399,-0.304504,0.878007,-0.369297,-0.677125,-0.472215,-0.56437,-0.669909,0.078207,0.738312,7.3e-05,0.000219,0.000145,-0.004364,0.093744,-0.175347,0.374243
411,0.082508,0.022568,0.374882,-0.224928,0.886399,-0.40466,-0.707101,-0.434159,-0.558109,-0.670122,0.159495,0.724931,2e-06,6e-06,4e-06,0.0,0.0,0.0,0.412744,-0.103067,0.041013,0.327221,0.129246,0.908977,0.396293,-0.933582,0.246304,-0.26018,-0.334242,-0.33749,0.879912,0.014805,-0.008958,0.007857,-0.034291,-0.008964,0.008963,-1.405364,0.037988,0.038394,-0.021002,-0.019286,-0.949923,0.311887,0.905375,-0.148936,-0.397635,0.424174,0.274706,0.862909,0.012705,0.002677,0.000523,0.002936,-0.028594,0.060592,-0.811025,0.078708,0.033253,-0.055393,-0.305432,0.877624,-0.369442,-0.676886,-0.472993,-0.564006,-0.669728,0.077805,0.738519,-4e-06,-9e-06,-6e-06,-0.004366,0.093741,-0.175353,0.371141
412,0.082493,0.02254,0.374888,-0.224466,0.886609,-0.404457,-0.705458,-0.434108,-0.560223,-0.672006,0.158471,0.72341,-4.1e-05,-0.000124,-8.3e-05,0.0,-0.0,0.0,0.410818,-0.102187,0.041043,0.327472,0.124515,0.907356,0.40149,-0.92984,0.247969,-0.271743,-0.346255,-0.340627,0.874039,0.026719,-0.002789,0.011184,2.070191,1.718231,-0.390313,-1.40578,0.038424,0.038405,-0.020878,-0.015154,-0.948983,0.314961,0.901133,-0.149459,-0.406965,0.433277,0.277654,0.857425,0.012211,0.004806,0.002222,-0.006039,-0.047241,0.086408,-0.812495,0.0787,0.033239,-0.055391,-0.304984,0.877865,-0.369238,-0.675281,-0.472729,-0.566146,-0.67155,0.076674,0.73698,-2.4e-05,-7.2e-05,-4.9e-05,-0.00109,0.000152,-0.000401,0.369508
413,0.082493,0.02254,0.374888,-0.224746,0.886517,-0.404503,-0.705404,-0.434341,-0.560112,-0.671969,0.158349,0.723471,-1e-06,-2e-06,-1e-06,-0.004366,0.093728,-0.17537,0.410152,-0.101691,0.041116,0.327666,0.116696,0.907509,0.403487,-0.928751,0.243699,-0.279223,-0.351847,-0.343297,0.870755,0.025976,0.000391,0.013728,-0.60371,0.323929,-1.47097,-1.405855,0.038673,0.038437,-0.020785,-0.007573,-0.948067,0.317978,0.897586,-0.146608,-0.415746,0.440773,0.282264,0.852082,0.013082,5.3e-05,0.006759,-2.101518,1.38707,-4.883767,-0.813801,0.0787,0.033239,-0.055391,-0.305123,0.877807,-0.369261,-0.675248,-0.472847,-0.566088,-0.67152,0.076617,0.737014,3e-06,6e-06,3e-06,-0.000149,1.4e-05,-4.1e-05,0.367385
414,0.082496,0.022546,0.374904,-0.225003,0.886435,-0.404538,-0.705371,-0.434546,-0.559994,-0.671916,0.158244,0.723543,2.1e-05,6.5e-05,4.3e-05,0.0,0.0,0.0,0.405935,-0.100591,0.041033,0.328275,0.105434,0.91519,0.388976,-0.929688,0.229601,-0.287918,-0.352914,-0.332422,0.874534,0.028141,-0.011341,0.020967,0.410326,-0.804127,-0.294365,-1.405115,0.03921,0.038407,-0.020482,0.003438,-0.952788,0.303614,0.897516,-0.130946,-0.42109,0.440967,0.273946,0.854693,0.014177,-0.006146,0.010086,0.192596,-0.391284,-0.264276,-0.807596,0.078702,0.033242,-0.055383,-0.305509,0.877648,-0.369319,-0.67516,-0.473167,-0.565925,-0.671433,0.076454,0.73711,7e-06,2.4e-05,1.7e-05,-2e-06,-1.5e-05,6e-06,0.364446
415,0.082466,0.022537,0.374921,-0.225948,0.88613,-0.404681,-0.705223,-0.435313,-0.559585,-0.671755,0.157848,0.723779,-0.000285,-0.000864,-0.00058,0.0,0.0,0.0,0.404017,-0.09941,0.040681,0.329002,0.094632,0.922531,0.37413,-0.93055,0.21557,-0.295873,-0.353695,-0.321309,0.878364,0.028247,-0.011656,0.020713,0.125298,-0.393646,0.018052,-1.405328,0.0398,0.038237,-0.020121,0.013136,-0.958632,0.284343,0.895778,-0.115075,-0.429347,0.444307,0.260348,0.85721,0.014062,-0.005625,0.010498,0.193946,-0.401447,-0.235084,-0.809392,0.078687,0.03324,-0.055372,-0.306426,0.877269,-0.36946,-0.67494,-0.473933,-0.565546,-0.671236,0.076065,0.73733,-0.000196,-0.000593,-0.000398,-1.2e-05,-1.6e-05,0.0,0.36167
416,0.082464,0.022513,0.374941,-0.225512,0.885003,-0.407381,-0.704809,-0.436821,-0.55893,-0.672334,0.159977,0.722773,-4e-06,-1.1e-05,-7e-06,0.000444,-0.008969,-0.004803,0.403327,-0.098889,0.040498,0.329405,0.096358,0.923563,0.371132,-0.930369,0.216147,-0.296019,-0.353705,-0.317929,0.879589,0.027995,-0.01056,0.021588,-0.033465,-0.080827,0.006552,-1.404984,0.040062,0.038139,-0.019918,0.011235,-0.959673,0.280893,0.895461,-0.115356,-0.429932,0.444997,0.25636,0.858054,0.013869,-0.004803,0.011156,-0.057982,-0.045847,0.032635,-0.810862,0.078685,0.033226,-0.055364,-0.305889,0.87618,-0.372478,-0.674324,-0.475569,-0.564908,-0.6721,0.078372,0.7363,-2e-06,-6e-06,-4e-06,-0.002301,0.012717,0.011108,0.360363
417,0.082467,0.022465,0.374969,-0.225878,0.884898,-0.407407,-0.704828,-0.437081,-0.558703,-0.672191,0.15985,0.722934,-2.9e-05,-8.9e-05,-6e-05,0.0,-2e-06,-1e-06,0.403134,-0.097902,0.040108,0.33025,0.097961,0.926575,0.363116,-0.929799,0.215356,-0.298376,-0.354763,-0.309563,0.882144,0.015112,-0.012483,0.021695,-0.02181,-0.084602,-0.036736,-1.405516,0.04057,0.037946,-0.019489,0.008538,-0.961978,0.272991,0.894584,-0.114637,-0.431944,0.446815,0.247902,0.859592,0.01393,-0.005017,0.010987,-0.038632,-0.073327,0.012179,-0.812495,0.078687,0.033201,-0.055351,-0.306287,0.876143,-0.372237,-0.674388,-0.475687,-0.564731,-0.671854,0.078062,0.736558,-1.7e-05,-5e-05,-3.3e-05,-4.6e-05,0.000699,0.000394,0.358894
418,0.082451,0.022484,0.37497,-0.226586,0.88466,-0.40753,-0.704671,-0.437676,-0.558435,-0.672117,0.159538,0.723072,2.9e-05,8.9e-05,6e-05,0.0,-0.0,-0.0,0.401512,-0.097077,0.039644,0.331059,0.095399,0.927601,0.361173,-0.928361,0.213908,-0.303848,-0.3592,-0.30748,0.881075,0.015435,-0.013731,0.020711,2.09807,1.668799,-0.300941,-1.405735,0.040987,0.037711,-0.019075,0.010513,-0.962713,0.27032,0.892716,-0.112755,-0.436284,0.450496,0.245905,0.858244,0.007713,-0.006917,0.010278,2.074544,1.69869,-0.279978,-0.812005,0.078679,0.033211,-0.05535,-0.306978,0.875852,-0.372352,-0.674177,-0.476274,-0.564488,-0.67175,0.077745,0.736686,1.7e-05,5.5e-05,3.7e-05,1.4e-05,4.4e-05,-3.7e-05,0.356934
419,0.082446,0.0225,0.37498,-0.227548,0.884341,-0.407686,-0.704481,-0.438473,-0.55805,-0.671991,0.159121,0.723281,2e-06,7e-06,5e-06,0.0,-0.0,-0.0,0.400811,-0.096462,0.039297,0.33176,0.092864,0.927142,0.363008,-0.926265,0.214252,-0.309938,-0.365221,-0.308628,0.878194,0.002746,-0.016528,0.02014,0.042707,-0.159258,-0.133321,-1.405541,0.041289,0.037545,-0.018737,0.013404,-0.961817,0.273364,0.889772,-0.11326,-0.442128,0.456208,0.249157,0.85428,0.007659,-0.006663,0.010507,0.148863,-0.302052,-0.206401,-0.811679,0.078677,0.03322,-0.055344,-0.307914,0.875458,-0.372507,-0.673914,-0.477066,-0.564134,-0.671586,0.077333,0.736879,-4e-06,-1e-05,-6e-06,1e-05,4e-05,-1.3e-05,0.355138
420,0.082445,0.022492,0.374987,-0.227985,0.884199,-0.40775,-0.704412,-0.438826,-0.557859,-0.671914,0.158938,0.723393,0.0,0.0,0.0,0.0,-0.0,-0.0,0.400857,-0.096252,0.039099,0.332055,0.090858,0.928605,0.359762,-0.92499,0.212605,-0.314843,-0.368938,-0.30534,0.87779,0.016112,-0.016377,0.018625,0.059003,-0.098846,-0.32869,-1.40516,0.041393,0.037449,-0.018581,0.014971,-0.962948,0.269269,0.887671,-0.111154,-0.446859,0.460233,0.245712,0.853117,0.00056,-0.003667,0.005396,0.157524,-0.275107,-0.226427,-0.811026,0.078676,0.033215,-0.055341,-0.30834,0.875281,-0.37257,-0.673812,-0.47742,-0.563956,-0.671493,0.077152,0.736982,-3e-06,-8e-06,-8e-06,-1.5e-05,2.6e-05,-1.9e-05,0.354811
421,0.082451,0.022484,0.37497,-0.228964,0.88387,-0.407914,-0.704199,-0.439644,-0.557483,-0.671803,0.158507,0.72359,-2e-06,-7e-06,-5e-06,0.0,-0.0,-0.0,0.400364,-0.096097,0.038723,0.332444,0.087322,0.932893,0.349394,-0.922574,0.208116,-0.324775,-0.375777,-0.295157,0.878372,-0.011094,-0.01202,0.008745,0.220261,-0.353546,-0.29081,-1.40573,0.041481,0.037257,-0.018385,0.017399,-0.965753,0.258876,0.883955,-0.106138,-0.455365,0.467247,0.236758,0.851836,0.000994,-0.005392,0.004033,0.348591,-0.534155,-0.419908,-0.812659,0.078679,0.033211,-0.05535,-0.309291,0.874876,-0.372733,-0.673524,-0.47823,-0.563613,-0.671344,0.076724,0.737163,2e-06,6e-06,6e-06,-2e-06,3e-05,1e-06,0.354158
422,0.082453,0.022491,0.374974,-0.230063,0.883503,-0.408091,-0.703979,-0.440554,-0.557043,-0.671657,0.158031,0.72383,1.3e-05,3.9e-05,2.6e-05,0.0,-0.0,-0.0,0.398424,-0.096292,0.038451,0.332534,0.080063,0.938454,0.335983,-0.922647,0.197409,-0.33119,-0.377205,-0.28466,0.88122,-0.012142,-0.005088,-0.002393,0.040157,-0.199078,-0.501224,-1.405148,0.041383,0.037122,-0.018333,0.022949,-0.96966,0.243375,0.882254,-0.094855,-0.461117,0.470212,0.225301,0.85331,-0.005977,-0.002903,-0.001482,-0.326146,0.215897,-1.796271,-0.812822,0.07868,0.033215,-0.055348,-0.310358,0.874423,-0.372908,-0.673222,-0.479132,-0.563208,-0.671155,0.076254,0.737384,5e-06,1.7e-05,1.1e-05,-2.8e-05,1.6e-05,-7e-06,0.352525
