frame,MLTx,MLTy,MLTz,MLTR1,MLTR2,MLTR3,MLTR4,MLTR5,MLTR6,MLTR7,MLTR8,MLTR9,MLTTVx,MLTTVy,MLTTVz,MLTRVx,MLTRVy,MLTRVz,MLGA,MRTx,MRTy,MRTz,MRTR1,MRTR2,MRTR3,MRTR4,MRTR5,MRTR6,MRTR7,MRTR8,MRTR9,MRTTVx,MRTTVy,MRTTVz,MRTRVx,MRTRVy,MRTRVz,MRGA,SLTx,SLTy,SLTz,SLTR1,SLTR2,SLTR3,SLTR4,SLTR5,SLTR6,SLTR7,SLTR8,SLTR9,SLTTVx,SLTTVy,SLTTVz,SLTRVx,SLTRVy,SLTRVz,SLGA,SRTx,SRTy,SRTz,SRTR1,SRTR2,SRTR3,SRTR4,SRTR5,SRTR6,SRTR7,SRTR8,SRTR9,SRTTVx,SRTTVy,SRTTVz,SRTRVx,SRTRVy,SRTRVz,SRGA
873,0.020149,0.029383,0.355872,0.200193,0.491729,-0.84745,0.622864,0.603801,0.49743,0.75605,-0.628038,-0.184346,0.014712,-0.008128,0.012066,-0.153716,-0.397476,0.041889,-1.891273,-0.203637,0.014076,0.311523,0.211044,-0.454145,0.865565,-0.016649,0.883632,0.467816,-0.977534,-0.112577,0.177814,0.014005,0.002053,0.001107,-0.298252,0.636102,0.262259,0.138413,0.027979,0.054336,-0.038104,-0.261357,0.383341,0.885856,0.223158,-0.868894,0.44184,0.939091,0.313164,0.141545,0.007046,0.001453,0.000944,-0.105074,0.267596,0.026206,0.007576,0.024939,0.067091,-0.048519,-0.05605,-0.503726,-0.862042,-0.641353,-0.643545,0.417749,-0.765195,0.576289,-0.286996,0.00725,-0.004241,0.005876,-0.221292,-0.557073,-0.082812,-1.139037
874,0.020715,0.02956,0.356196,0.183208,0.494745,-0.849534,0.62892,0.605201,0.48802,0.755364,-0.624312,-0.199217,0.019084,0.006684,0.007049,-0.046013,-0.245552,0.158124,-1.891889,-0.203171,0.014189,0.311588,0.180265,-0.464713,0.866913,-0.003317,0.880978,0.473075,-0.983772,-0.087579,0.156157,0.014031,0.002402,0.001427,-0.164484,0.395075,0.084562,0.137751,0.028212,0.054392,-0.038073,-0.231939,0.401745,0.885891,0.210428,-0.868439,0.448924,0.949696,0.290539,0.116887,0.000188,0.001895,0.001772,-0.243443,0.63426,0.009599,0.00823,0.025219,0.067171,-0.048358,-0.038288,-0.506033,-0.861663,-0.646265,-0.645142,0.407592,-0.762151,0.572469,-0.302331,0.003407,0.006095,0.005242,-0.046955,-0.243209,0.149878,-1.137078
875,0.021211,0.029924,0.356557,0.169125,0.498483,-0.850268,0.634161,0.605366,0.480982,0.754282,-0.621172,-0.212675,0.00589,0.010557,0.009046,-0.15102,-0.394288,-0.197942,-1.891479,-0.202772,0.014344,0.311723,0.151327,-0.472539,0.868216,0.004514,0.878571,0.477521,-0.988597,-0.067758,0.133972,0.014252,0.004713,0.00358,1.309307,1.22063,0.084945,0.12796,0.028417,0.054467,-0.038008,-0.205612,0.415507,0.886045,0.204185,-0.86725,0.454076,0.957095,0.274281,0.093476,0.00732,0.002862,0.002073,4.684987,2.936066,0.787139,0.000555,0.025475,0.067356,-0.048173,-0.024442,-0.507349,-0.861393,-0.650084,-0.646526,0.399241,-0.759468,0.569736,-0.314017,0.00941,0.00315,0.003326,-0.226385,-0.752626,-0.130744,-1.132832
876,0.021481,0.030033,0.356733,0.163361,0.499306,-0.850912,0.636447,0.605692,0.477539,0.753633,-0.620192,-0.217774,0.005851,0.010507,0.008982,-0.439546,-0.652982,0.748896,-1.891063,-0.202594,0.014475,0.311835,0.135677,-0.479282,0.867106,0.011411,0.875816,0.482443,-0.990791,-0.054969,0.123187,0.000754,0.007525,0.007031,-0.25849,0.574686,0.511326,0.132064,0.028511,0.054528,-0.037956,-0.192565,0.423677,0.885108,0.194894,-0.867507,0.457654,0.961735,0.260631,0.084479,0.007244,0.003658,0.003002,0.117562,-0.137604,0.589887,-0.001568,0.02561,0.067411,-0.048085,-0.019237,-0.508732,-0.86071,-0.651754,-0.646439,0.396652,-0.758186,0.568601,-0.319133,0.009337,0.003035,0.003215,-1.270219,-1.375549,2.197451,-1.130383
877,0.022025,0.030275,0.357011,0.148366,0.507524,-0.848794,0.64338,0.602288,0.472528,0.750861,-0.616834,-0.236113,0.018476,0.005791,0.006157,-1.309238,-1.325627,2.166532,-1.891799,-0.202201,0.014803,0.312105,0.110311,-0.482166,0.869102,0.020973,0.875292,0.483071,-0.993747,-0.034464,0.105554,0.000847,0.008575,0.007987,4.621591,3.118436,0.701917,0.147487,0.028707,0.054695,-0.037819,-0.170197,0.431646,0.885841,0.190865,-0.867492,0.459376,0.966748,0.247261,0.065259,0.00729,0.004221,0.003512,-0.265064,0.684667,0.087195,0.010516,0.025876,0.067532,-0.047947,-0.005585,-0.516726,-0.856132,-0.657511,-0.643152,0.392469,-0.753423,0.565109,-0.336162,0.002996,0.005403,0.004592,-0.199116,-0.571145,-0.265533,-1.126301
878,0.022391,0.030724,0.357362,0.137888,0.517537,-0.844504,0.647601,0.598033,0.472168,0.749242,-0.61265,-0.251643,0.009089,0.023362,0.002189,-0.097226,-0.389681,-0.134803,-1.891421,-0.20175,0.015176,0.312453,0.082735,-0.485849,0.870113,0.035936,0.873913,0.484685,-0.99596,-0.008232,0.088649,0.001086,0.011177,0.010371,-0.110024,0.308547,0.015554,0.168903,0.028933,0.054878,-0.037647,-0.140703,0.442917,0.885452,0.171192,-0.869994,0.462388,0.975138,0.216642,0.046586,0.007421,0.00577,0.004934,-0.117558,0.298912,0.08409,0.03305,0.026061,0.067747,-0.047772,0.007239,-0.525012,-0.851064,-0.662919,-0.639707,0.388989,-0.748655,0.56137,-0.352671,0.003373,0.006101,0.005162,-0.174445,-0.497907,-0.254647,-1.130056
879,0.022577,0.031387,0.357714,0.12343,0.523475,-0.84308,0.653701,0.596312,0.465896,0.746478,-0.609277,-0.267542,0.007386,0.013363,0.01125,-1.286705,-1.074471,2.270091,-1.891248,-0.20128,0.015626,0.312911,0.056385,-0.490627,0.869539,0.044899,0.871208,0.488789,-0.997402,0.012086,0.07004,0.014967,0.013103,0.011253,-0.215753,0.537403,0.222106,0.191702,0.029163,0.055103,-0.037418,-0.117198,0.451931,0.88432,0.161541,-0.869922,0.465982,0.979881,0.197467,0.028948,0.007528,0.007104,0.006138,-0.203003,0.527217,0.245856,0.060156,0.026155,0.068084,-0.047599,0.01976,-0.531846,-0.84661,-0.667581,-0.637375,0.384821,-0.744274,0.557577,-0.367645,-0.001697,0.014152,0.002549,-0.026036,-0.170791,-0.087845,-1.120912
880,0.022613,0.031732,0.357914,0.120009,0.527834,-0.840854,0.654799,0.594546,0.46661,0.746077,-0.607243,-0.273225,0.00783,0.014169,0.011895,-0.035988,-0.124655,-0.006373,-1.891014,-0.201016,0.015855,0.313176,0.042008,-0.493296,0.868842,0.051929,0.869431,0.491251,-0.997752,0.02509,0.061028,0.015408,0.002373,0.019509,-0.197177,0.415551,0.143003,0.19635,0.029294,0.055222,-0.037288,-0.102852,0.458437,0.882754,0.154804,-0.86927,0.469471,0.982576,0.184941,0.018438,0.007492,0.006877,0.005908,-0.210262,0.513027,0.205983,0.072076,0.026173,0.068255,-0.0475,0.025544,-0.535146,-0.844372,-0.669863,-0.636134,0.382904,-0.742044,0.555833,-0.374724,-0.001461,0.014568,0.002887,0.005904,-0.086205,-0.002862,-1.123361
881,0.022685,0.03249,0.358444,0.110045,0.5379,-0.835822,0.658902,0.590114,0.46646,0.74401,-0.602725,-0.288442,0.008653,0.015662,0.013061,-0.113515,-0.333768,-0.129275,-1.890932,-0.200344,0.016255,0.313749,0.014405,-0.495162,0.868676,0.059762,0.867558,0.493666,-0.998059,0.045413,0.040979,0.01494,0.013657,0.011653,-0.167607,0.434925,0.147706,0.207775,0.02962,0.05542,-0.037003,-0.076944,0.465562,0.881664,0.146587,-0.869393,0.471875,0.9862,0.165549,-0.001351,0.007485,0.007082,0.006056,-0.300978,0.782188,0.194878,0.088732,0.02621,0.068626,-0.04724,0.034992,-0.543437,-0.83872,-0.673832,-0.632609,0.381778,-0.738054,0.551798,-0.388322,-0.00205,0.010016,0.007782,-0.180444,-0.633476,-0.108003,-1.126954
882,0.02259,0.033194,0.35907,0.10877,0.545486,-0.831059,0.659385,0.586037,0.470897,0.743772,-0.599884,-0.294905,-0.004244,0.019689,0.015189,-0.010084,-0.038989,0.005751,-1.890884,-0.199546,0.016596,0.314379,-0.003738,-0.497267,0.867585,0.058824,0.865897,0.496686,-0.998188,0.053504,0.024906,0.01551,0.004568,0.021355,-0.096573,0.656048,0.021533,0.220522,0.030019,0.055585,-0.036692,-0.060566,0.471052,0.880023,0.147537,-0.867732,0.474627,0.987199,0.158582,-0.016943,0.007754,0.002202,0.010573,1.198003,1.396352,0.296327,0.105224,0.026169,0.06898,-0.046926,0.036459,-0.551939,-0.833086,-0.675513,-0.62795,0.386469,-0.736445,0.548671,-0.395737,-0.002341,0.009467,0.007285,0.000949,0.01157,0.031839,-1.132179
883,0.022484,0.033505,0.359384,0.113333,0.547226,-0.829304,0.656894,0.584956,0.475698,0.745287,-0.599357,-0.29214,-0.004251,0.019644,0.015114,0.115816,0.062381,-0.18567,-1.890859,-0.199114,0.016792,0.314721,-0.007287,-0.497107,0.867654,0.057352,0.865959,0.49675,-0.99825,0.053993,0.021091,0.029237,0.005801,0.021558,-0.071242,0.134983,-0.021918,0.223686,0.03024,0.055688,-0.036517,-0.055042,0.472998,0.879342,0.149294,-0.866878,0.475638,0.987258,0.157461,-0.022902,0.014629,0.003104,0.010954,-0.052355,0.097055,-0.050349,0.113226,0.026114,0.069142,-0.046764,0.031802,-0.553501,-0.83224,-0.673708,-0.626947,0.391221,-0.738312,0.548245,-0.392837,-0.009542,0.006653,0.013069,0.403265,0.317643,-0.77027,-1.13071
884,0.022325,0.034052,0.359917,0.117963,0.548976,-0.827499,0.654434,0.583776,0.480514,0.746726,-0.598908,-0.289373,-0.007588,0.013565,0.010053,-0.000985,0.00012,-0.004701,-1.89107,-0.198079,0.017387,0.315493,-0.010467,-0.497776,0.867238,0.05573,0.865564,0.497621,-0.998309,0.054153,0.017574,0.028979,0.020739,0.016931,-0.002345,0.034279,-0.033235,0.253547,0.030747,0.055972,-0.036136,-0.052396,0.4739,0.879018,0.150705,-0.866394,0.476076,0.987188,0.157417,-0.026024,0.007894,0.004631,0.012696,-0.03808,0.068802,-0.110151,0.135433,0.026044,0.069422,-0.046492,0.026951,-0.555516,-0.831068,-0.67187,-0.625652,0.396419,-0.740177,0.547686,-0.390097,0.00238,0.00431,0.003545,-0.000505,-0.015478,0.027396,-1.133322
885,0.022067,0.034353,0.36021,0.118661,0.551599,-0.825653,0.654899,0.581549,0.482575,0.746207,-0.598667,-0.291205,-0.023168,0.012665,0.008205,-0.002812,0.127841,-0.231972,-1.89144,-0.196944,0.018162,0.316131,-0.011775,-0.501082,0.865315,0.054821,0.863667,0.501006,-0.998344,0.053954,0.016195,0.028685,0.018985,0.015201,0.007234,-0.063181,0.105797,0.283365,0.031315,0.056367,-0.03581,-0.05188,0.477316,0.877198,0.151377,-0.864473,0.479344,0.987113,0.157656,-0.027406,0.014369,0.009871,0.007923,-0.002193,0.045169,-0.060634,0.176582,0.025922,0.069576,-0.046342,0.026473,-0.558259,-0.829243,-0.672768,-0.623505,0.398275,-0.739379,0.547345,-0.392086,-0.005552,0.003607,0.002415,0.002698,0.028963,-0.022187,-1.133649
886,0.021801,0.034445,0.360365,0.118882,0.554082,-0.823957,0.655452,0.579547,0.48423,0.745685,-0.598318,-0.293249,-0.011146,0.007116,0.004741,-0.010768,-0.025973,-0.019999,-1.891063,-0.196387,0.018502,0.316412,-0.014675,-0.501488,0.865035,0.053098,0.863434,0.501594,-0.998395,0.05391,0.012853,0.028499,0.017481,0.013793,-0.009492,-0.028288,0.104669,0.289334,0.031594,0.05654,-0.035667,-0.048967,0.478504,0.876718,0.153163,-0.863791,0.480004,0.986986,0.157785,-0.030992,0.014468,0.002878,0.010572,-0.114576,0.201466,-0.29222,0.192258,0.025784,0.069626,-0.046268,0.02627,-0.560901,-0.827465,-0.673664,-0.621496,0.399897,-0.738569,0.546929,-0.394186,-0.012188,0.005255,0.003221,-0.00723,0.02546,-0.06384,-1.133812
887,0.021402,0.034471,0.360485,0.121604,0.557473,-0.821269,0.654676,0.576875,0.488452,0.745925,-0.597755,-0.293789,-0.013724,0.002495,0.000948,-0.009328,-0.007444,-0.042536,-1.890824,-0.195262,0.019065,0.316907,-0.018371,-0.500679,0.865433,0.050556,0.863924,0.501012,-0.998461,0.053573,0.008336,0.028221,0.015365,0.011808,-0.003576,-0.039146,0.123232,0.274611,0.032156,0.056823,-0.035418,-0.04513,0.47844,0.876959,0.155762,-0.863747,0.479247,0.986762,0.158226,-0.035542,0.014073,0.007228,0.005482,-0.005238,0.070054,-0.06995,0.193238,0.025586,0.069639,-0.046202,0.023316,-0.564481,-0.825116,-0.673632,-0.618714,0.404241,-0.738698,0.5464,-0.394678,-0.000564,-0.001006,-0.000819,-0.0042,0.000177,-0.000735,-1.133812
888,0.020904,0.034431,0.360622,0.114928,0.563689,-0.81798,0.648992,0.580808,0.491369,0.751933,-0.588034,-0.298059,-0.013587,0.002761,0.00116,-0.123643,-0.344707,-0.232055,-1.890588,-0.194117,0.019657,0.317314,-0.020179,-0.497948,0.866967,0.049224,0.865515,0.498392,-0.99849,0.053346,0.005939,0.02804,0.014385,0.010851,0.007176,-0.063014,0.1052,0.270875,0.032729,0.057119,-0.035215,-0.04296,0.475929,0.878433,0.157155,-0.86508,0.47638,0.986638,0.158516,-0.037631,0.014026,0.007319,0.005516,-0.003341,0.048603,-0.057022,0.187196,0.025329,0.069614,-0.046138,0.029254,-0.568698,-0.822025,-0.667612,-0.623173,0.407368,-0.743933,0.536877,-0.3979,-0.007952,-0.004128,0.004725,-0.206508,-0.581981,-0.39737,-1.134139
889,0.020419,0.034318,0.360793,0.113142,0.564558,-0.817629,0.645839,0.58357,0.49225,0.754914,-0.584453,-0.297568,-0.003755,-0.013569,0.006175,-0.032161,0.038395,-0.037883,-1.890502,-0.193078,0.020209,0.317716,-0.019147,-0.4999,0.865866,0.04936,0.864414,0.500286,-0.998505,0.052934,0.007018,0.027952,0.014561,0.010923,0.00736,-0.063313,0.105697,0.261732,0.033248,0.057396,-0.035019,-0.044487,0.477676,0.877408,0.15684,-0.864047,0.478354,0.986621,0.158894,-0.03648,0.007193,0.006727,0.005421,0.003475,-0.03188,0.052977,0.179685,0.025083,0.069564,-0.046053,0.031568,-0.570783,-0.820493,-0.664857,-0.624938,0.409164,-0.746302,0.532595,-0.399218,-0.006831,0.001331,0.000541,3.3e-05,0.019784,-0.026397,-1.135282
890,0.020267,0.03427,0.360846,0.11604,0.564954,-0.81695,0.639195,0.587086,0.496721,0.760108,-0.580531,-0.291971,-0.013504,0.002938,0.001297,1.628156,1.25482,-1.984764,-1.890527,-0.192636,0.020472,0.317917,-0.020734,-0.502434,0.864362,0.048369,0.862949,0.502905,-0.998519,0.052855,0.005306,0.027891,0.014316,0.01067,0.000574,-0.048536,0.116475,0.256713,0.03349,0.057535,-0.034907,-0.043443,0.480818,0.875742,0.157754,-0.862272,0.481248,0.986521,0.159058,-0.038392,0.01394,0.007125,0.005288,0.013166,-0.073378,0.097996,0.173643,0.025009,0.069531,-0.046027,0.031662,-0.572463,-0.819318,-0.660453,-0.627252,0.412742,-0.750199,0.528053,-0.397945,-0.001621,-0.006317,0.003475,0.376406,-0.213055,0.111886,-1.133975
891,0.02009,0.03434,0.360838,0.122693,0.567217,-0.814406,0.629605,0.589856,0.505609,0.767027,-0.575493,-0.283735,-0.000284,-0.000504,-0.000415,0.051152,0.132382,0.076951,-1.890799,-0.191816,0.02098,0.318305,-0.019362,-0.504741,0.863048,0.048497,0.861637,0.505137,-0.998543,0.052258,0.006693,0.027606,0.011134,0.007826,0.005735,-0.046859,0.082095,0.263041,0.033885,0.057785,-0.034715,-0.04546,0.482542,0.874691,0.157365,-0.861205,0.483281,0.986493,0.159615,-0.036785,0.013824,0.005956,0.004235,0.00599,-0.047693,0.081577,0.169234,0.024915,0.069566,-0.046032,0.021747,-0.574174,-0.818444,-0.650141,-0.630026,0.424715,-0.759501,0.522868,-0.386996,-0.000154,-0.000269,-0.00022,0.062046,0.177505,0.113522,-1.132179
892,0.020048,0.034332,0.360662,0.130979,0.570909,-0.810526,0.623844,0.587951,0.514882,0.770345,-0.573789,-0.278138,0.012056,0.001358,-0.015097,0.043788,-0.117788,0.170803,-1.890629,-0.191259,0.021413,0.31859,-0.020403,-0.508061,0.861074,0.047642,0.859698,0.508511,-0.998562,0.052025,0.005565,0.013991,0.009112,0.006968,-0.205643,0.415704,0.379613,0.262433,0.034169,0.058003,-0.034572,-0.047207,0.48429,0.873632,0.156997,-0.86014,0.485294,0.986469,0.160067,-0.035427,0.000269,0.00447,0.003869,0.001572,-0.016525,0.023594,0.179032,0.024894,0.069569,-0.046108,0.013154,-0.578308,-0.815712,-0.645748,-0.627765,0.434648,-0.763436,0.521027,-0.381699,-0.000287,0.002926,-0.006261,0.156926,0.06744,-0.230274,-1.134628
893,0.020109,0.034279,0.360523,0.135418,0.572821,-0.808444,0.620854,0.586843,0.519737,0.771986,-0.573019,-0.275161,-0.002262,-0.00402,-0.003313,0.035532,0.022527,-0.061661,-1.890485,-0.191097,0.021586,0.318729,-0.016936,-0.508874,0.860669,0.042593,0.859561,0.50919,-0.998859,0.045909,0.006017,0.013962,0.008842,0.006719,0.000627,-0.025123,0.057621,0.25563,0.034254,0.058088,-0.034504,-0.048675,0.486311,0.872428,0.163003,-0.857886,0.487299,0.985423,0.165928,-0.037512,0.006971,0.004323,0.003267,0.011102,-0.044602,0.043173,0.17397,0.024923,0.069544,-0.046183,0.008939,-0.580413,-0.814272,-0.643557,-0.626589,0.439567,-0.765345,0.520102,-0.37913,-0.000158,0.003154,-0.006075,0.470038,0.249402,-0.739725,-1.135608
894,0.020255,0.034247,0.360226,0.147954,0.575502,-0.804333,0.612647,0.585125,0.531286,0.776215,-0.572093,-0.265004,0.000375,0.00755,-0.011128,0.102216,0.238966,-0.086054,-1.89048,-0.190858,0.021877,0.318978,-0.016195,-0.509999,0.860018,0.042634,0.858913,0.510279,-0.99887,0.045559,0.006735,0.013827,0.006919,0.005035,0.003699,-0.031657,0.052847,0.246934,0.034374,0.058238,-0.034375,-0.049857,0.487114,0.871913,0.162774,-0.857364,0.488293,0.985402,0.16627,-0.036544,0.000188,0.003216,0.002773,0.000334,-0.000521,-0.000372,0.16009,0.024997,0.069517,-0.046333,-0.003859,-0.584219,-0.811586,-0.637067,-0.624142,0.452317,-0.770797,0.51878,-0.369779,-0.000993,-0.001772,-0.001463,0.113644,0.261718,0.054013,-1.130873
895,0.020328,0.03416,0.360049,0.168504,0.578283,-0.798273,0.600664,0.581886,0.548254,0.781348,-0.572595,-0.248307,0.010919,-0.007562,-0.005112,0.444312,0.480729,-0.746661,-1.890776,-0.190593,0.022079,0.319161,-0.009437,-0.511236,0.859383,0.032481,0.858728,0.511336,-0.999347,0.03337,0.007404,0.000257,0.004381,0.003778,-0.427446,-0.254332,-0.003683,0.247088,0.034507,0.058339,-0.034284,-0.055867,0.487089,0.871563,0.171211,-0.855322,0.488988,0.983648,0.17654,-0.035611,0.000202,0.002143,0.001627,-4.741332,-2.930413,0.128078,0.156008,0.02503,0.06948,-0.046424,-0.024263,-0.587678,-0.808731,-0.627869,-0.620557,0.469774,-0.777939,0.519176,-0.353929,-0.000904,-0.001633,-0.001343,1.354123,1.119652,-2.381789,-1.124015
896,0.020512,0.033889,0.359824,0.187588,0.579385,-0.793201,0.592167,0.57759,0.561872,0.78346,-0.575827,-0.233754,-0.003259,-0.005808,-0.004809,0.014744,0.152119,-0.174786,-1.891177,-0.19041,0.022295,0.319321,-0.000548,-0.510772,0.859711,0.023461,0.859384,0.510726,-0.999655,0.02108,0.010414,0.013753,0.00616,0.004355,0.003974,-0.032228,0.052429,0.25248,0.034598,0.058436,-0.034207,-0.065392,0.484494,0.872347,0.181657,-0.85383,0.487826,0.981185,0.190368,-0.032178,0.000145,0.002563,0.002207,-0.003795,0.008376,0.00611,0.158457,0.025126,0.069352,-0.04653,-0.04417,-0.590016,-0.806182,-0.621131,-0.615819,0.484727,-0.782459,0.522156,-0.339277,-0.001842,-0.003287,-0.002723,0.002301,0.124085,-0.184088,-1.121239
897,0.020566,0.033727,0.359687,0.186602,0.582963,-0.790809,0.584228,0.581317,0.566321,0.78963,-0.568414,-0.231121,-0.003598,-0.006414,-0.005318,4.370746,-2.913265,0.909706,-1.891247,-0.190353,0.022421,0.319427,0.00276,-0.511154,0.85948,0.018405,0.85928,0.511109,-0.999761,0.015039,0.010681,0.000434,0.007512,0.006457,0.001664,-0.016462,0.023594,0.25436,0.034632,0.058503,-0.034158,-0.0687,0.484274,0.872215,0.186597,-0.852614,0.488088,0.980031,0.196284,-0.03179,0.00021,0.003705,0.003187,0.001572,-0.014851,0.02458,0.160743,0.025156,0.069266,-0.046602,-0.046692,-0.592927,-0.803901,-0.61732,-0.615575,0.48988,-0.785325,0.519138,-0.337283,0.004488,-0.005531,-0.004017,-0.00357,0.075957,-0.146543,-1.120259
898,0.020648,0.033431,0.359294,0.194346,0.586822,-0.786076,0.578473,0.578632,0.574913,0.791986,-0.567185,-0.226024,0.010004,-0.002354,-0.018227,0.033179,0.076695,-0.153846,-1.890778,-0.190211,0.02274,0.319744,0.011799,-0.510681,0.859684,0.009262,0.859679,0.510684,-0.999833,0.002568,0.013775,0.000548,0.009564,0.008194,0.015112,-0.044602,0.003021,0.264658,0.034697,0.058658,-0.034003,-0.077587,0.481673,0.872909,0.195489,-0.851201,0.487071,0.977631,0.208435,-0.02812,0.000282,0.005042,0.00432,0.008163,-0.031195,0.013705,0.166948,0.025192,0.069116,-0.046794,-0.051353,-0.598313,-0.799614,-0.60933,-0.615598,0.499755,-0.791251,0.512893,-0.332958,-0.002361,-0.004217,-0.003512,-0.000419,0.116336,-0.195456,-1.113564
899,0.020856,0.033241,0.358786,0.195075,0.594048,-0.780447,0.568716,0.5798,0.583408,0.798841,-0.558398,-0.223766,-0.003999,-0.007142,-0.00596,-0.004824,0.104065,-0.202976,-1.89075,-0.190035,0.023133,0.320122,0.021626,-0.511382,0.859076,-0.006008,0.859112,0.511688,-0.999706,-0.015595,0.014409,0.000645,0.011415,0.009741,-1.422646,-0.864812,-0.000291,0.278657,0.034791,0.058858,-0.033811,-0.086321,0.480775,0.872584,0.208961,-0.847634,0.4877,0.974105,0.224435,-0.027295,0.007106,0.005962,0.004413,-4.745997,-2.864589,0.004443,0.182951,0.025296,0.06902,-0.047048,-0.052213,-0.605817,-0.793888,-0.600761,-0.615978,0.509564,-0.797721,0.503543,-0.33179,0.005441,-0.000406,-0.008489,0.034771,0.074412,-0.117718,-1.108502
900,0.021018,0.033174,0.358462,0.191213,0.600158,-0.77672,0.559926,0.583256,0.588446,0.805956,-0.548169,-0.223548,0.009739,-0.002854,-0.018678,0.268766,-0.560783,-0.245822,-1.89127,-0.18994,0.023318,0.320338,0.025122,-0.511849,0.858703,-0.011159,0.858693,0.512303,-0.999584,-0.021819,0.014764,0.000641,0.011411,0.009717,0.001569,-0.0165,0.023604,0.283686,0.034838,0.058952,-0.033702,-0.090737,0.480277,0.87241,0.21544,-0.845813,0.488041,0.972291,0.232235,-0.026725,0.007007,0.006049,0.00468,0.004177,-0.031064,0.053143,0.189646,0.025377,0.068987,-0.04721,-0.049634,-0.610077,-0.790785,-0.592233,-0.619571,0.51516,-0.804236,0.493899,-0.330556,0.004807,-0.001586,-0.009442,1.069055,-1.527477,-0.145594,-1.108176
901,0.021291,0.03311,0.357723,0.187252,0.611322,-0.768939,0.55116,0.582586,0.597317,0.812901,-0.536416,-0.226885,-0.00273,0.00202,-0.0158,-0.044854,-0.428745,-0.404196,-1.891064,-0.189786,0.02369,0.32084,0.032125,-0.512688,0.857968,-0.021579,0.857772,0.513513,-0.999222,-0.034376,0.015396,0.000704,0.012692,0.010756,-0.001792,-0.018504,0.02355,0.301006,0.034915,0.059138,-0.033451,-0.097785,0.479642,0.871998,0.225477,-0.842735,0.488831,0.969328,0.244416,-0.025741,0.000369,0.006802,0.00577,-0.009113,-0.022802,0.023556,0.209894,0.025516,0.068951,-0.047582,-0.045769,-0.62095,-0.782512,-0.584505,-0.618595,0.525064,-0.810097,0.481414,-0.334636,0.004915,-0.001372,-0.009309,0.210949,-0.687277,-0.315021,-1.109482
902,0.021566,0.033166,0.356989,0.185195,0.618252,-0.76388,0.541119,0.584723,0.604369,0.820087,-0.526043,-0.225306,0.010685,-0.001186,-0.017322,0.027216,-0.037343,0.009818,-1.890517,-0.189618,0.024058,0.321414,0.048215,-0.512614,0.857259,-0.047354,0.856035,0.51468,-0.997704,-0.064774,0.015904,0.000792,0.014456,0.012187,0.001573,-0.016478,0.02362,0.302504,0.034999,0.05932,-0.033165,-0.113547,0.4762,0.871974,0.250382,-0.835608,0.488944,0.961465,0.273845,-0.024351,0.000695,0.002003,0.010331,-0.03211,-0.018935,0.030834,0.220997,0.025652,0.068978,-0.047957,-0.043094,-0.629384,-0.775898,-0.575866,-0.618979,0.53408,-0.816407,0.469829,-0.335767,0.005401,-0.0005,-0.008594,0.039788,-0.004442,0.029805,-1.111115
903,0.021922,0.03289,0.356473,0.195639,0.625644,-0.755209,0.528247,0.581605,0.618598,0.826019,-0.520735,-0.215766,0.008106,-0.012756,-0.009572,0.001508,0.101576,-0.166415,-1.890983,-0.189428,0.024395,0.322166,0.075285,-0.513031,0.855057,-0.087582,0.850689,0.518257,-0.993332,-0.113267,0.018019,0.001531,0.0063,0.022494,-0.441567,-0.315119,0.083905,0.3026,0.035094,0.059489,-0.032796,-0.139957,0.471046,0.870934,0.288315,-0.82209,0.49096,0.947251,0.319817,-0.020753,0.000762,0.003281,0.011354,-1.400682,-1.025591,0.219075,0.22312,0.025829,0.068848,-0.048209,-0.054172,-0.637202,-0.768789,-0.565059,-0.615221,0.549735,-0.823269,0.464192,-0.32673,0.00406,-0.006374,-0.004793,-0.005639,0.09979,-0.155508,-1.105726
904,0.022115,0.032678,0.356227,0.194804,0.630724,-0.751188,0.517389,0.58458,0.624937,0.833057,-0.51118,-0.211513,0.02048,-0.017877,-0.012712,0.002417,0.086851,-0.13669,-1.890759,-0.189358,0.024588,0.322608,0.09086,-0.511016,0.854751,-0.113207,0.847352,0.518761,-0.989451,-0.143262,0.018048,0.00166,0.008802,0.024531,-4.758601,-2.905095,-0.045582,0.302444,0.035129,0.059583,-0.032577,-0.152184,0.466859,0.871138,0.308361,-0.81498,0.490632,0.939016,0.343291,-0.019935,0.007427,0.003994,0.011466,-0.040931,-0.039768,0.058792,0.2241,0.02592,0.068743,-0.04833,-0.053526,-0.642226,-0.764643,-0.554955,-0.617466,0.557458,-0.830156,0.454181,-0.323357,0.003909,-0.006654,-0.005038,-0.003973,0.101557,-0.15693,-1.104093
905,0.022341,0.03214,0.355812,0.192949,0.634539,-0.74845,0.509345,0.587204,0.629072,0.83843,-0.503385,-0.208963,-0.005269,-0.009499,-0.008071,5.4e-05,0.014717,-0.024779,-1.89074,-0.189228,0.02497,0.323526,0.122923,-0.503067,0.855456,-0.163466,0.83987,0.517525,-0.978943,-0.202825,0.019912,0.001662,0.009068,0.024632,-1.450594,-0.8948,0.021124,0.303013,0.035194,0.059778,-0.032115,-0.183875,0.451541,0.873097,0.359229,-0.79593,0.487286,0.914955,0.403242,-0.015855,0.000905,0.003918,0.011674,-4.780152,-2.74903,-0.231836,0.22508,0.026041,0.068477,-0.048535,-0.051709,-0.645852,-0.761708,-0.547406,-0.619606,0.562524,-0.835267,0.446051,-0.321505,0.003508,-0.007401,-0.005686,0.000562,0.102752,-0.165577,-1.107196
906,0.022563,0.031648,0.355446,0.192545,0.634199,-0.748841,0.504797,0.590403,0.629742,0.841268,-0.500054,-0.205527,-0.004099,-0.007402,-0.006311,0.003533,0.01316,-0.023369,-1.891142,-0.189129,0.025305,0.324414,0.159707,-0.4909,0.856447,-0.223195,0.827073,0.515818,-0.961727,-0.272919,0.021428,0.001559,0.007283,0.023048,-0.49025,-0.314006,0.008365,0.303791,0.035244,0.05995,-0.031667,-0.217954,0.43143,0.875421,0.415746,-0.770486,0.483224,0.882978,0.469274,-0.011435,0.00048,0.009487,0.007808,-1.560313,-0.969581,0.008873,0.227692,0.026149,0.068229,-0.048726,-0.051469,-0.645459,-0.762058,-0.542739,-0.622469,0.563884,-0.838322,0.442621,-0.318279,0.004438,-0.005741,-0.004287,0.029498,-0.036609,0.00962,-1.107522
907,0.02262,0.031467,0.355344,0.192546,0.634152,-0.748881,0.50486,0.590406,0.62969,0.84123,-0.500111,-0.205542,0.009651,-0.010092,-0.00738,0.001042,1.8e-05,0.004783,-1.890971,-0.189109,0.025446,0.324863,0.182858,-0.482867,0.856384,-0.262728,0.815302,0.515936,-0.947537,-0.318732,0.021128,0.00153,0.006801,0.022604,-1.581587,-0.952818,-0.00772,0.303744,0.035254,0.060021,-0.031442,-0.238216,0.419308,0.876032,0.450988,-0.751097,0.482143,0.860152,0.509934,-0.01018,0.000894,0.003242,0.011064,-5.204112,-3.106075,-0.083768,0.228182,0.026174,0.06813,-0.048779,-0.051463,-0.645474,-0.762045,-0.542848,-0.622402,0.563853,-0.838252,0.442692,-0.318364,-0.002335,-0.007693,0.002248,-0.033576,0.022786,-0.013939,-1.108829
908,0.022744,0.031179,0.355263,0.186844,0.637298,-0.747653,0.496462,0.59548,0.631585,0.847496,-0.489981,-0.204198,0.011278,-0.007169,-0.004889,0.001091,-0.014768,0.02953,-1.890413,-0.189185,0.02576,0.325677,0.215442,-0.467799,0.85717,-0.315629,0.797217,0.514545,-0.924292,-0.380812,0.023008,-0.012348,0.016221,0.01415,-1.407156,-0.89927,-0.040325,0.303446,0.035222,0.060176,-0.03103,-0.267057,0.3975,0.87788,0.498924,-0.722342,0.478849,0.824472,0.565876,-0.005416,0.000814,0.001976,0.010036,-4.785843,-2.72272,-0.279306,0.228999,0.026236,0.067985,-0.04882,-0.045823,-0.6483,-0.760004,-0.53443,-0.62686,0.566947,-0.843969,0.432148,-0.317747,0.005613,-0.003629,-0.002491,-0.002162,0.000417,0.011622,-1.108665
909,0.022946,0.03098,0.355184,0.183023,0.641547,-0.74496,0.486242,0.599529,0.635693,0.854231,-0.479373,-0.201289,-0.000584,-0.001057,-0.000904,8e-06,-6e-06,1e-06,-1.890366,-0.189267,0.025985,0.326378,0.237204,-0.456996,0.857251,-0.354026,0.780995,0.514438,-0.904871,-0.424938,0.022371,0.001285,0.00213,0.018653,-4.808995,-2.885589,-0.093944,0.300879,0.035175,0.060295,-0.030681,-0.28428,0.384038,0.878463,0.530174,-0.700452,0.477787,0.79881,0.601565,-0.004483,0.000588,0.000532,0.008901,-0.160413,-0.078305,0.003406,0.228019,0.026342,0.067884,-0.04886,-0.042091,-0.65228,-0.756808,-0.524587,-0.630239,0.572369,-0.850315,0.421103,-0.31565,0.00604,-0.002859,-0.001834,-0.002484,-0.014195,0.036034,-1.10393
910,0.023028,0.030933,0.355178,0.182881,0.64147,-0.745061,0.486311,0.599624,0.635551,0.854223,-0.479357,-0.201363,0.012669,-0.00466,-0.002748,0.000984,-0.014715,0.029553,-1.890654,-0.189277,0.026046,0.32667,0.253313,-0.448304,0.857232,-0.381977,0.767683,0.514481,-0.889012,-0.4572,0.022127,0.000562,0.010734,0.008677,-5.162539,-3.115625,-0.109556,0.297153,0.035171,0.060325,-0.030529,-0.298088,0.372419,0.878889,0.554488,-0.681909,0.477013,0.776972,0.629526,-0.003233,0.000548,-0.000465,0.008084,-1.465313,-0.868515,-0.034395,0.22557,0.026378,0.067862,-0.048863,-0.041946,-0.652168,-0.756912,-0.524661,-0.630342,0.572187,-0.850276,0.421124,-0.315727,5.2e-05,9.8e-05,7.8e-05,-0.000935,0.000424,0.000645,-1.106216
911,0.023191,0.030896,0.355161,0.178574,0.642352,-0.745346,0.482838,0.602845,0.635152,0.857104,-0.4741,-0.201568,0.013233,-0.003635,-0.001873,0.000984,-0.014715,0.029553,-1.890823,-0.189227,0.026104,0.327121,0.262099,-0.438291,0.859765,-0.407901,0.757005,0.510387,-0.874841,-0.483914,0.018532,0.000336,0.006444,0.005193,-0.019594,0.03542,-0.062642,0.292946,0.035196,0.060359,-0.030299,-0.306884,0.358553,0.881624,0.581674,-0.662528,0.471923,0.75331,0.657643,-0.005242,0.00014,0.00305,0.002458,-0.016012,0.03671,-0.062016,0.217895,0.026459,0.067844,-0.048871,-0.037594,-0.652761,-0.756629,-0.520971,-0.633323,0.572267,-0.852745,0.415696,-0.316261,0.000382,0.000697,0.000591,-0.000489,0.00045,-8.3e-05,-1.111115
912,0.023326,0.030949,0.355228,0.176358,0.644391,-0.744112,0.477712,0.604948,0.637025,0.86043,-0.468616,-0.200216,0.001997,0.003627,0.003098,0.00023,-0.014937,0.024858,-1.890663,-0.18914,0.026209,0.327377,0.262012,-0.438289,0.859792,-0.40824,0.756846,0.510351,-0.874708,-0.484163,0.018277,0.000849,-0.006145,0.011926,-0.04623,0.108683,-0.157024,0.296866,0.035239,0.060407,-0.030174,-0.306808,0.358621,0.881623,0.581861,-0.662363,0.471922,0.753196,0.657772,-0.00545,0.000408,-0.003227,0.005837,-0.043931,0.109799,-0.156893,0.218058,0.026531,0.067867,-0.04884,-0.03541,-0.654659,-0.755094,-0.516008,-0.635083,0.574808,-0.855851,0.409989,-0.315321,0.001044,0.001904,0.001622,-0.000142,-0.013242,0.026821,-1.118299
913,0.023338,0.030998,0.355411,0.171101,0.647249,-0.742858,0.475105,0.606334,0.637656,0.862937,-0.462843,-0.202839,0.001548,0.002813,0.002399,-0.019455,-0.041215,-0.024439,-1.890859,-0.188976,0.02631,0.32746,0.262588,-0.438583,0.859467,-0.408061,0.756581,0.510887,-0.87462,-0.484311,0.018602,5e-05,0.000966,0.000776,0.0,-0.0,-0.0,0.304902,0.035321,0.060461,-0.03013,-0.30742,0.358818,0.881329,0.581603,-0.662198,0.472473,0.753146,0.657832,-0.005117,0.006593,0.000397,-0.000152,0.003575,-0.014386,0.029229,0.225243,0.026539,0.067895,-0.048745,-0.030049,-0.657365,-0.752972,-0.513532,-0.636137,0.575858,-0.857543,0.40398,-0.318463,-0.005437,0.003963,0.002763,-0.011987,-0.023056,-0.017489,-1.121075
914,0.02329,0.030972,0.355543,0.169945,0.64916,-0.741455,0.476065,0.60471,0.638482,0.862638,-0.462293,-0.205348,-0.000663,-0.008146,0.010691,-0.059486,-0.033955,-0.047223,-1.890698,-0.188908,0.02635,0.327449,0.265514,-0.437178,0.859284,-0.412351,0.754049,0.511186,-0.871723,-0.489498,0.018842,9e-06,0.000179,0.000143,-0.0,-0.0,-0.0,0.304627,0.035355,0.060479,-0.030137,-0.309988,0.356838,0.881233,0.585263,-0.658832,0.472657,0.749247,0.662272,-0.004614,-0.000293,0.005718,-0.003838,0.037732,-0.012227,0.0167,0.227692,0.026516,0.067886,-0.048682,-0.028932,-0.659212,-0.7514,-0.514697,-0.634577,0.576539,-0.856883,0.403424,-0.320935,-0.005533,0.003785,0.002614,-0.020072,-0.041064,-0.028771,-1.124178
915,0.023129,0.030877,0.355843,0.167894,0.653008,-0.738537,0.478085,0.601253,0.640236,0.861925,-0.461385,-0.210323,-0.001317,-0.00933,0.009683,-0.04457,-0.002349,-0.028463,-1.890626,-0.188823,0.026397,0.327392,0.269645,-0.436437,0.858374,-0.42152,0.747861,0.512795,-0.866054,-0.499539,0.016593,-5e-06,-0.000103,-8.3e-05,-0.000279,0.000571,0.00041,0.303345,0.035397,0.060495,-0.030166,-0.313865,0.355364,0.880457,0.593015,-0.650829,0.474081,0.741499,0.670922,-0.006464,-8e-06,-0.00012,-9.8e-05,0.005482,-0.007465,-0.005984,0.229162,0.026436,0.067838,-0.048526,-0.027016,-0.66297,-0.748158,-0.517206,-0.631197,0.578003,-0.855433,0.402568,-0.32584,-0.000692,-0.004718,0.004798,-0.025829,0.035526,-0.00553,-1.129893
916,0.023003,0.030685,0.356106,0.163272,0.655839,-0.737063,0.475899,0.602083,0.641083,0.864025,-0.456253,-0.212889,0.000232,0.000421,0.000358,-0.004415,0.091575,-0.17691,-1.890651,-0.188769,0.026517,0.32732,0.267313,-0.441149,0.856693,-0.42219,0.745456,0.515738,-0.866447,-0.498989,0.011927,0.0,6e-06,5e-06,-0.096992,0.198558,0.14264,0.299342,0.035424,0.060558,-0.030205,-0.312859,0.359787,0.879017,0.593174,-0.648787,0.476674,0.741797,0.670542,-0.010437,-1e-06,-1.5e-05,-1.3e-05,-0.153788,0.310386,0.223646,0.225896,0.026373,0.067741,-0.048395,-0.022382,-0.665343,-0.746201,-0.51505,-0.632043,0.579003,-0.856867,0.39729,-0.328539,-0.007266,-0.002824,0.005802,-0.02594,0.053088,-0.033634,-1.126954
917,0.022945,0.030585,0.356216,0.159622,0.656748,-0.737054,0.472629,0.604667,0.64107,0.866502,-0.451497,-0.212959,2.2e-05,4.1e-05,3.5e-05,-6.6e-05,-0.00014,-8.2e-05,-1.890656,-0.188774,0.026608,0.327241,0.267317,-0.44114,0.856696,-0.421918,0.745617,0.515727,-0.866578,-0.498757,0.012097,-0.000663,0.009819,-0.008965,0.033249,0.00617,-0.00486,0.299019,0.035421,0.060603,-0.030239,-0.312633,0.360588,0.878769,0.593039,-0.648585,0.477117,0.742,0.670307,-0.011074,-1.1e-05,-0.000254,-0.000204,0.007896,-0.013029,-0.00988,0.224753,0.026344,0.067691,-0.04834,-0.018946,-0.665907,-0.745793,-0.511549,-0.634443,0.579481,-0.859044,0.392489,-0.328624,-0.001053,-0.005371,0.004244,-0.030361,0.028975,-0.009787,-1.123198
918,0.022918,0.030426,0.356307,0.157629,0.655407,-0.738674,0.47465,0.605678,0.638619,0.865765,-0.45209,-0.214693,-0.00015,-0.000272,-0.000231,-0.0,-0.0,-0.0,-1.890834,-0.188919,0.026799,0.327025,0.270047,-0.44549,0.853583,-0.419206,0.743589,0.520841,-0.867052,-0.497912,0.012961,-0.000107,-0.002106,-0.001693,-0.00845,0.017319,0.012474,0.298534,0.035349,0.060701,-0.030351,-0.316366,0.364448,0.875836,0.590165,-0.647225,0.482497,0.742709,0.669534,-0.010325,-0.00692,0.004511,-0.004332,0.035539,0.016002,-0.04601,0.223447,0.02633,0.067611,-0.048296,-0.016879,-0.664393,-0.747192,-0.513161,-0.635611,0.576769,-0.858125,0.393165,-0.330212,-8.6e-05,-0.000152,-0.00013,0.000511,0.000632,-0.001242,-1.122708
919,0.022965,0.030419,0.356279,0.15625,0.657326,-0.737261,0.475351,0.604272,0.639428,0.865632,-0.451184,-0.217121,0.012258,-0.005407,-0.003383,0.000877,-0.014942,0.029419,-1.890587,-0.189209,0.02697,0.326841,0.280932,-0.451258,0.847016,-0.411165,0.740772,0.531163,-0.867458,-0.496909,0.021482,-3.8e-05,-0.000737,-0.000593,-0.010996,0.111365,-0.16203,0.298647,0.035203,0.060782,-0.030447,-0.328795,0.367666,0.869893,0.582068,-0.646462,0.493236,0.743699,0.668512,-0.001453,-0.006874,0.005366,-0.003642,0.032691,0.005716,-0.020399,0.223447,0.026349,0.06761,-0.048308,-0.01558,-0.666272,-0.745546,-0.514075,-0.6342,0.577508,-0.857603,0.392265,-0.332633,-0.000282,-0.000509,-0.000434,0.002513,0.005548,0.003153,-1.126954
920,0.023068,0.030424,0.356226,0.15444,0.659112,-0.736047,0.476053,0.603174,0.639943,0.865573,-0.450048,-0.219698,-0.0,-0.0,-0.0,-0.01018,-0.02154,-0.012693,-1.890517,-0.189523,0.027134,0.326755,0.293028,-0.454928,0.840932,-0.402076,0.739251,0.540163,-0.867731,-0.495823,0.03263,8e-05,0.001506,0.001211,0.788496,-1.318257,2.098627,0.294853,0.035047,0.060861,-0.030493,-0.339122,0.368153,0.865713,0.574736,-0.647457,0.500477,0.744764,0.667279,0.007976,-0.006564,0.00011,0.000557,0.047734,-0.0003,-0.299183,0.221814,0.026404,0.067609,-0.048337,-0.013696,-0.668096,-0.743948,-0.515008,-0.633026,0.577964,-0.857075,0.391056,-0.335406,2e-06,5e-06,3e-06,0.001766,0.002392,0.001831,-1.129403
921,0.023089,0.030425,0.356215,0.152999,0.660997,-0.734657,0.476791,0.601801,0.640686,0.865425,-0.449122,-0.222164,-0.0,-0.0,-0.0,-0.189885,-0.401843,-0.23681,-1.890887,-0.189613,0.027198,0.32675,0.294593,-0.456022,0.839792,-0.400143,0.739077,0.541835,-0.868097,-0.495077,0.034179,5.2e-05,0.00097,0.00078,0.068081,-0.11942,0.207151,0.292536,0.035002,0.060895,-0.030493,-0.342705,0.369208,0.86385,0.571902,-0.647519,0.503632,0.745305,0.666635,0.010757,4e-05,0.000755,0.000617,0.730991,-1.185883,2.15013,0.218875,0.026415,0.06761,-0.048342,-0.013554,-0.668182,-0.743873,-0.515038,-0.632995,0.577971,-0.857059,0.390957,-0.33556,2e-06,0.0,3e-06,-0.22042,-0.465811,-0.274742,-1.131853
922,0.023094,0.030439,0.356214,0.149044,0.661886,-0.734668,0.473202,0.604643,0.64067,0.868085,-0.443956,-0.222169,2e-06,4e-06,4e-06,-4.1e-05,-8.6e-05,-5.1e-05,-1.890421,-0.189676,0.027323,0.326842,0.2948,-0.456577,0.839417,-0.398779,0.73942,0.542373,-0.868655,-0.494053,0.034834,0.000184,0.003455,0.002775,-0.011512,0.112419,-0.163649,0.291125,0.03497,0.060956,-0.030448,-0.343727,0.370041,0.863087,0.570255,-0.64797,0.504918,0.746096,0.665734,0.011707,0.000111,0.002104,0.001691,0.000283,-0.01339,0.019477,0.215119,0.026417,0.067617,-0.048342,-0.008481,-0.670323,-0.74202,-0.512078,-0.634453,0.579002,-0.858896,0.384883,-0.337877,-0.0,-1e-06,-3e-06,0.001484,0.003674,0.002148,-1.135118
923,0.023076,0.030454,0.356212,0.14374,0.664655,-0.733224,0.470359,0.606009,0.641473,0.870526,-0.437909,-0.224602,0.002058,0.010679,-0.00854,0.031935,-0.053816,0.003399,-1.890682,-0.189584,0.027554,0.327035,0.298141,-0.458437,0.837221,-0.396313,0.738383,0.545583,-0.868647,-0.493879,0.037387,0.013492,0.006943,0.004636,0.002045,-0.015205,0.029245,0.287246,0.035011,0.061069,-0.030354,-0.347308,0.371161,0.861171,0.567847,-0.647584,0.508118,0.746275,0.665487,0.014149,0.000223,0.004267,0.003418,0.001023,-0.014818,0.021294,0.21218,0.026408,0.06762,-0.048341,-0.003131,-0.672942,-0.739687,-0.50941,-0.635447,0.580264,-0.860517,0.378621,-0.340814,-1e-06,3e-06,3e-06,0.034931,-0.025009,0.014245,-1.134139
924,0.022997,0.030476,0.356223,0.14081,0.665495,-0.733031,0.472697,0.605387,0.64034,0.869742,-0.437494,-0.228417,-3e-06,-6e-06,-5e-06,-0.001451,-0.003067,-0.001808,-1.890685,-0.189428,0.027905,0.327305,0.299058,-0.458848,0.836668,-0.395965,0.737972,0.546391,-0.868492,-0.49411,0.037938,0.000479,0.009144,0.007305,0.00167,-0.016289,0.023713,0.283364,0.035094,0.061241,-0.030222,-0.348276,0.371375,0.860687,0.567473,-0.647281,0.50892,0.746107,0.665662,0.014686,0.000243,0.004679,0.003737,0.001749,-0.016204,0.023666,0.206138,0.026373,0.067633,-0.048339,-0.000207,-0.673479,-0.739205,-0.511551,-0.635092,0.578767,-0.859252,0.378261,-0.344388,1e-06,3e-06,3e-06,0.007552,0.015091,0.008557,-1.124668
925,0.022933,0.030484,0.356225,0.140841,0.665514,-0.733007,0.472695,0.605357,0.64037,0.869738,-0.437505,-0.22841,-0.00045,-0.000815,-0.000694,-2.5e-05,-5.3e-05,-3.1e-05,-1.890611,-0.189362,0.028072,0.327422,0.299589,-0.459078,0.836352,-0.395742,0.73775,0.546851,-0.868411,-0.494227,0.038275,0.000412,0.007908,0.006308,0.001671,-0.016289,0.023713,0.282496,0.035128,0.061335,-0.030155,-0.348895,0.371502,0.860382,0.567217,-0.647109,0.509425,0.746014,0.665759,0.01505,0.000202,0.00393,0.003133,0.001758,-0.016255,0.023727,0.204342,0.026338,0.067641,-0.048336,-0.000349,-0.673397,-0.73928,-0.511492,-0.635134,0.578774,-0.859287,0.378338,-0.344216,-0.000296,-0.000537,-0.000457,0.001308,0.003098,0.001634,-1.120585
926,0.022877,0.030404,0.356207,0.13693,0.666316,-0.73302,0.46919,0.608107,0.640343,0.872262,-0.432435,-0.228444,-0.003226,-0.012791,0.006741,-0.029308,0.021091,-0.012153,-1.890168,-0.189328,0.028385,0.327645,0.299222,-0.461766,0.835003,-0.395774,0.736107,0.549038,-0.868523,-0.49417,0.036436,0.000389,0.00751,0.005974,-0.004189,-0.003702,0.03278,0.270483,0.035144,0.061489,-0.030046,-0.349072,0.374495,0.859012,0.567054,-0.645382,0.511791,0.746054,0.665758,0.012926,0.000182,0.003555,0.002828,0.009293,-0.025247,0.01615,0.1983,0.026311,0.067606,-0.048347,0.003584,-0.673941,-0.738776,-0.507803,-0.637665,0.579239,-0.861465,0.373077,-0.344515,-0.000701,-0.001269,-0.001082,0.009897,0.007888,-0.019442,-1.124994
927,0.022833,0.030324,0.356139,0.133682,0.667009,-0.732989,0.471574,0.607725,0.638953,0.871484,-0.431903,-0.232386,-0.001112,-0.002014,-0.001719,-0.068377,-0.086494,0.022544,-1.890452,-0.189287,0.02859,0.327818,0.297611,-0.460883,0.836066,-0.397024,0.736577,0.547503,-0.868504,-0.494295,0.035162,0.000257,0.004986,0.003958,-0.756178,1.294038,-2.286897,0.243974,0.035165,0.061593,-0.029958,-0.349783,0.374358,0.858782,0.566784,-0.645326,0.51216,0.745926,0.66589,0.013543,0.00012,0.002373,0.001885,0.002057,-0.016949,0.023237,0.170377,0.026288,0.067561,-0.048378,0.006764,-0.674572,-0.738178,-0.510011,-0.637293,0.577707,-0.86014,0.372571,-0.34835,-0.00036,-0.000658,-0.000559,-0.495445,-0.320404,0.711158,-1.12728
