frame,MLTx,MLTy,MLTz,MLTR1,MLTR2,MLTR3,MLTR4,MLTR5,MLTR6,MLTR7,MLTR8,MLTR9,MLTTVx,MLTTVy,MLTTVz,MLTRVx,MLTRVy,MLTRVz,MLGA,MRTx,MRTy,MRTz,MRTR1,MRTR2,MRTR3,MRTR4,MRTR5,MRTR6,MRTR7,MRTR8,MRTR9,MRTTVx,MRTTVy,MRTTVz,MRTRVx,MRTRVy,MRTRVz,MRGA,SLTx,SLTy,SLTz,SLTR1,SLTR2,SLTR3,SLTR4,SLTR5,SLTR6,SLTR7,SLTR8,SLTR9,SLTTVx,SLTTVy,SLTTVz,SLTRVx,SLTRVy,SLTRVz,SLGA,SRTx,SRTy,SRTz,SRTR1,SRTR2,SRTR3,SRTR4,SRTR5,SRTR6,SRTR7,SRTR8,SRTR9,SRTTVx,SRTTVy,SRTTVz,SRTRVx,SRTRVy,SRTRVz,SRGA
2499,0.198439,0.032521,0.385863,-0.675153,0.034107,-0.73692,-0.08935,-0.995346,0.03572,-0.731435,0.089911,0.675978,-0.012577,0.005219,-0.011337,0.252408,-1.12136,-0.724525,0.349624,-0.172767,0.064265,0.369497,0.775008,0.059494,0.629138,-0.373064,0.846516,0.379694,-0.510944,-0.529049,0.677427,8.6e-05,-0.006269,-0.003095,0.000206,0.000392,-0.000412,0.325458,0.031773,0.05043,-0.001304,-0.776895,-0.10568,0.620697,0.389273,-0.855444,0.341586,0.494873,0.506997,0.705729,0.005336,0.002036,-0.006187,0.032222,-0.017641,0.027639,0.109607,0.110447,0.042529,-0.054339,-0.684472,0.057519,-0.726765,-0.077583,-0.996968,-0.005834,-0.724898,0.052391,0.68686,-0.006536,0.007242,-0.010485,1.400504,-2.228305,0.645202,0.174865
2500,0.198227,0.032673,0.385548,-0.66052,0.022933,-0.750488,-0.083185,-0.995604,0.042718,-0.745391,0.09061,0.660461,-0.013064,0.013606,-0.021416,0.2582,-1.121212,-0.685633,0.370597,-0.172604,0.06424,0.36931,0.770219,0.061207,0.634829,-0.375431,0.84804,0.373916,-0.516426,-0.526408,0.675323,0.010681,0.003154,-0.012824,0.320054,0.527056,-0.541007,0.352832,0.031851,0.050417,-0.001393,-0.772627,-0.107359,0.625716,0.391432,-0.856523,0.336375,0.499827,0.504818,0.703797,0.005338,0.001672,-0.006372,0.978519,1.776754,-1.850813,0.210357,0.110341,0.042602,-0.054493,-0.669807,0.047075,-0.74104,-0.071289,-0.997454,0.001072,-0.739104,0.053546,0.671459,-0.006213,0.000657,-0.006702,1.289461,-2.125445,0.491749,0.247856
2501,0.197829,0.032995,0.384785,-0.626349,-0.005978,-0.77955,-0.066385,-0.995919,0.060908,-0.775957,0.089901,0.624369,-0.013002,0.011774,-0.022374,-0.27232,-0.850353,-1.321024,0.391099,-0.172166,0.064182,0.368902,0.763283,0.068052,0.642464,-0.383438,0.847951,0.365906,-0.52082,-0.52572,0.672479,0.011564,-0.00893,-0.005221,0.007649,0.014391,-0.01063,0.401252,0.032069,0.05039,-0.0016,-0.765048,-0.114675,0.633679,0.399825,-0.855965,0.327813,0.504816,0.504154,0.700705,0.011069,0.001434,-0.006887,0.060829,0.01838,0.003463,0.309148,0.110142,0.042761,-0.054876,-0.635442,0.020596,-0.771873,-0.054316,-0.998359,0.018076,-0.770235,0.053411,0.635518,-0.00648,0.005958,-0.011142,-0.291513,-1.133565,-1.21396,0.315132
2502,0.197328,0.03334,0.383994,-0.5928,-0.034888,-0.804622,-0.052378,-0.995268,0.081678,-0.80293,0.090599,0.589171,-0.012986,0.011252,-0.022641,-0.228098,-0.896088,-0.698991,0.392542,-0.171406,0.064212,0.368444,0.758249,0.07106,0.648075,-0.388867,0.847037,0.362278,-0.524136,-0.5268,0.669049,0.033575,0.00305,-0.01447,0.039119,-0.038314,0.08323,0.449045,0.032453,0.050402,-0.001831,-0.759959,-0.117725,0.639219,0.405274,-0.854697,0.324414,0.508148,0.505601,0.697246,0.016797,0.001476,-0.007271,0.048843,-0.056853,0.082046,0.380833,0.109887,0.042936,-0.055281,-0.601007,-0.008316,-0.799199,-0.039472,-0.998416,0.040072,-0.798267,0.05563,0.599727,-0.006477,0.005581,-0.011335,-0.248657,-0.932182,-0.72615,0.3344
2503,0.197018,0.033435,0.383663,-0.579379,-0.046699,-0.813747,-0.049862,-0.994449,0.092505,-0.812832,0.094222,0.57485,-0.01246,0.001252,-0.01344,-0.191897,-0.860872,-0.260732,0.401518,-0.170879,0.064265,0.368187,0.756786,0.075539,0.649277,-0.393613,0.845564,0.360589,-0.522701,-0.528546,0.668794,0.023027,-0.007805,-0.005474,0.002248,-0.015144,0.034119,0.469088,0.032709,0.050429,-0.001959,-0.758436,-0.122341,0.640161,0.410009,-0.853075,0.32273,0.506622,0.507242,0.697164,0.016791,0.002158,-0.006938,0.040642,-0.046934,0.083593,0.410715,0.109737,0.042981,-0.055442,-0.587792,-0.019643,-0.808772,-0.036762,-0.998023,0.050957,-0.808175,0.059684,0.585908,-0.006496,0.006087,-0.011064,-0.225932,-0.974674,-0.515629,0.339625
2504,0.196091,0.033969,0.382978,-0.556862,-0.063297,-0.828217,-0.046704,-0.993122,0.107238,-0.828619,0.09847,0.55111,-0.037573,0.018912,-0.017687,-0.086178,-0.500934,-0.318662,0.412612,-0.169517,0.064318,0.367717,0.751848,0.082312,0.654172,-0.403239,0.842273,0.357642,-0.522481,-0.532782,0.665597,0.045046,0.0042,-0.014695,0.041797,-0.05207,0.11124,0.499696,0.033381,0.050452,-0.002189,-0.753277,-0.129181,0.644891,0.419679,-0.849365,0.320074,0.506401,0.511752,0.694022,0.017266,-0.003673,-0.003047,0.01476,-0.042988,0.060582,0.461008,0.109283,0.043231,-0.055789,-0.565046,-0.035358,-0.824301,-0.033446,-0.997278,0.065704,-0.824381,0.064695,0.562325,-0.012693,0.009888,-0.008811,-0.119234,-0.62437,-0.343827,0.36069
2505,0.194735,0.034807,0.382318,-0.538969,-0.078715,-0.838667,-0.042773,-0.991776,0.12051,-0.840589,0.100914,0.532216,-0.037547,0.021418,-0.016324,-0.156634,-0.7345,-0.441236,0.405751,-0.167921,0.06418,0.367197,0.745266,0.075623,0.662458,-0.402646,0.842856,0.356935,-0.532284,-0.532842,0.657736,0.033813,-0.001232,-0.016661,0.849876,1.920211,-1.702075,0.509684,0.034196,0.05039,-0.002452,-0.747492,-0.122598,0.652857,0.418867,-0.849793,0.320003,0.515562,0.51266,0.686566,0.01692,-0.000847,-0.008474,0.855018,1.912481,-1.69858,0.488767,0.10859,0.043662,-0.056123,-0.548075,-0.049448,-0.834965,-0.029346,-0.996499,0.078277,-0.835913,0.067404,0.544706,-0.018766,0.010883,-0.008051,-0.217318,-0.889436,-0.51297,0.36069
2506,0.193474,0.035659,0.381708,-0.522522,-0.091921,-0.847683,-0.039651,-0.990471,0.131783,-0.851072,0.102579,0.514956,-0.025309,0.021943,-0.016437,-0.048664,-0.386984,-0.225747,0.405436,-0.16642,0.064027,0.366572,0.739831,0.069991,0.669136,-0.405191,0.840206,0.360288,-0.537907,-0.537767,0.649096,0.033923,-0.001909,-0.017043,-0.066506,0.096608,0.130865,0.511428,0.034934,0.05031,-0.00276,-0.741567,-0.117194,0.660563,0.421643,-0.847271,0.323029,0.521819,0.51807,0.677722,0.022715,-0.001107,-0.009024,-0.113706,0.093296,0.039637,0.497095,0.107979,0.044077,-0.056413,-0.530741,-0.062584,-0.845219,-0.026228,-0.995579,0.090186,-0.847127,0.070034,0.526753,-0.012653,0.01131,-0.00802,-0.106717,-0.570491,-0.319457,0.357587
2507,0.192927,0.036082,0.381409,-0.514195,-0.098501,-0.852025,-0.038216,-0.98976,0.137425,-0.856201,0.10334,0.506229,-0.037416,0.021735,-0.016118,-0.032814,-0.315218,-0.226174,0.408303,-0.165664,0.064,0.366227,0.740593,0.063638,0.668928,-0.401907,0.839638,0.365259,-0.539326,-0.539433,0.646532,0.045429,-0.001202,-0.017497,0.003118,-0.07594,0.336794,0.515515,0.035307,0.050295,-0.002933,-0.742349,-0.110689,0.660806,0.418367,-0.846937,0.328125,0.523341,0.520043,0.675032,0.017008,-0.001369,-0.008769,0.021985,0.028497,0.104263,0.501178,0.1077,0.044297,-0.056568,-0.521846,-0.069231,-0.850225,-0.0247,-0.995056,0.096184,-0.852681,0.071194,0.517557,-0.012874,0.016536,-0.012468,0.00466,-0.350847,-0.184671,0.358894
2508,0.191734,0.037409,0.380497,-0.497489,-0.111893,-0.86025,-0.0342,-0.988341,0.14827,-0.866195,0.103316,0.488936,-0.025695,0.03577,-0.023468,0.007827,-0.325456,-0.170891,0.407911,-0.164161,0.064145,0.365297,0.733479,0.05844,0.677189,-0.404754,0.83783,0.366264,-0.54687,-0.542814,0.6373,0.033172,0.006237,-0.026657,0.240435,0.640665,-0.409247,0.522871,0.036046,0.050366,-0.003383,-0.737418,-0.105381,0.667164,0.420151,-0.84496,0.330929,0.528854,0.524343,0.667365,0.016586,0.003423,-0.013197,-0.033931,0.12453,0.227275,0.512608,0.107109,0.044934,-0.057012,-0.505444,-0.081882,-0.858964,-0.020676,-0.994052,0.106926,-0.862611,0.071805,0.500745,-0.012838,0.017936,-0.01169,-0.029507,-0.448656,-0.23562,0.362323
2509,0.190608,0.039336,0.379277,-0.479707,-0.123714,-0.868689,-0.029823,-0.987135,0.15699,-0.876343,0.101363,0.47093,-0.026503,0.061487,-0.038521,0.054433,-0.331696,-0.318933,0.412512,-0.163039,0.064651,0.363978,0.730798,0.056167,0.680273,-0.409668,0.833134,0.371475,-0.546795,-0.550228,0.630974,0.020903,0.012587,-0.036346,-0.089914,0.299569,0.256632,0.521107,0.036616,0.050617,-0.004033,-0.733244,-0.10512,0.67179,0.426135,-0.840932,0.33353,0.529869,0.530832,0.661404,0.00993,0.012472,-0.021872,-0.245449,0.518277,0.447815,0.515384,0.106546,0.045884,-0.057619,-0.487821,-0.092848,-0.867991,-0.016338,-0.993182,0.115421,-0.87279,0.070486,0.482978,-0.019268,0.030319,-0.01927,-8.3e-05,-0.598715,-0.271747,0.363139
2510,0.190016,0.040431,0.378615,-0.4707,-0.129599,-0.872749,-0.027428,-0.986522,0.161226,-0.881299,0.099982,0.461891,-0.025969,0.052154,-0.029017,0.02555,-0.414438,-0.164476,0.418694,-0.1626,0.064934,0.363224,0.730197,0.054865,0.681024,-0.411694,0.830703,0.374666,-0.546072,-0.55402,0.628275,0.031506,0.021665,-0.0462,0.065045,0.088608,0.177138,0.520021,0.036844,0.050763,-0.004419,-0.732341,-0.102207,0.673223,0.427845,-0.838209,0.33816,0.52974,0.535684,0.657584,0.010543,0.004965,-0.018883,0.055513,0.080714,0.148372,0.514731,0.10624,0.046454,-0.057964,-0.47851,-0.098742,-0.872511,-0.013761,-0.992691,0.119889,-0.877973,0.069375,0.473654,-0.019212,0.031432,-0.018637,0.043405,-0.469084,-0.206385,0.368854
2511,0.188571,0.043139,0.377106,-0.451551,-0.15005,-0.879563,-0.020712,-0.983727,0.178393,-0.89146,0.098951,0.442193,-0.038164,0.067621,-0.034602,-0.012073,-0.667289,-0.286121,0.433397,-0.161766,0.065575,0.36153,0.724333,0.044294,0.68802,-0.412005,0.827836,0.380622,-0.5536,-0.559218,0.616981,0.019987,0.022193,-0.045111,0.00148,0.121123,0.180324,0.518136,0.037258,0.051065,-0.005255,-0.726758,-0.092,0.680704,0.428068,-0.835681,0.344083,0.537196,0.541453,0.646721,0.010541,0.005517,-0.018607,-0.37966,0.007866,-0.075904,0.513261,0.105541,0.047771,-0.058701,-0.460584,-0.117595,-0.879791,-0.007089,-0.990665,0.136126,-0.887587,0.068934,0.455451,-0.019274,0.039089,-0.021654,-0.025265,-0.738737,-0.557253,0.387633
2512,0.186789,0.046249,0.375423,-0.433886,-0.174624,-0.883909,-0.017585,-0.979208,0.202023,-0.900273,0.103409,0.422897,-0.061992,0.078777,-0.041952,-0.757049,0.793397,-2.83233,0.443456,-0.160945,0.066353,0.359971,0.720064,0.032703,0.69313,-0.410926,0.824876,0.388141,-0.559939,-0.56435,0.606498,0.032346,0.015715,-0.03552,-0.451858,0.010483,0.211283,0.516049,0.037672,0.051459,-0.006058,-0.722892,-0.081141,0.686179,0.42666,-0.833556,0.350919,0.543495,0.546442,0.637191,0.009919,0.013271,-0.021406,-1.356497,-0.209538,-0.588927,0.510322,0.104659,0.049327,-0.059538,-0.441559,-0.139013,-0.886397,-0.004226,-0.987591,0.156989,-0.897221,0.073066,0.435492,-0.025208,0.045741,-0.02494,0.122458,-0.364402,-0.337754,0.402492
2513,0.184492,0.049301,0.373738,-0.423753,-0.193559,-0.88488,-0.030467,-0.973303,0.227431,-0.904755,0.123569,0.407648,-0.061358,0.075953,-0.043162,-0.157715,-0.283554,-0.629279,0.459475,-0.160035,0.067079,0.358638,0.717653,0.020541,0.696092,-0.409351,0.820967,0.397969,-0.564177,-0.570573,0.59667,0.032102,0.020398,-0.033007,-0.238049,0.397641,0.651711,0.516369,0.038127,0.051818,-0.006727,-0.720982,-0.070653,0.689342,0.425504,-0.830297,0.359934,0.546928,0.552824,0.628692,0.010298,0.01037,-0.016021,0.066431,0.050299,0.16379,0.509342,0.103491,0.050891,-0.060392,-0.43093,-0.161157,-0.887877,-0.016346,-0.982367,0.186241,-0.902236,0.09477,0.420698,-0.030647,0.037834,-0.021625,-0.669005,0.034256,-1.092412,0.419801
2514,0.183166,0.050749,0.372887,-0.413773,-0.204996,-0.887026,-0.031635,-0.970494,0.238983,-0.909332,0.127194,0.396186,-0.072887,0.073376,-0.043968,-0.019189,-0.56561,-0.628566,0.466544,-0.159569,0.067368,0.358124,0.715721,0.019512,0.698107,-0.412436,0.818367,0.400133,-0.564381,-0.574329,0.59286,0.033039,0.011834,-0.023758,-0.010136,0.094885,0.168271,0.515653,0.03836,0.051965,-0.006988,-0.718671,-0.067176,0.692097,0.428076,-0.827094,0.364233,0.547961,0.558034,0.623165,0.010744,0.006427,-0.011214,0.026453,0.060611,0.153167,0.509342,0.102806,0.051647,-0.060833,-0.42107,-0.172517,-0.89047,-0.017377,-0.98003,0.198085,-0.906861,0.098882,0.409663,-0.036414,0.036534,-0.022031,-0.033446,-0.602025,-0.645791,0.429435
2515,0.180361,0.05346,0.371281,-0.390318,-0.232086,-0.890973,-0.029422,-0.964071,0.263957,-0.91974,0.129523,0.370578,-0.072199,0.073299,-0.043738,-1.555346,-0.295267,-0.08553,0.477334,-0.158568,0.067843,0.357431,0.712312,0.013046,0.701735,-0.41409,0.81496,0.405344,-0.567475,-0.579326,0.584993,0.022226,0.00698,-0.011713,0.0151,-0.079695,0.257573,0.51751,0.038865,0.052201,-0.00734,-0.71539,-0.060931,0.696063,0.429582,-0.824025,0.369378,0.551067,0.563266,0.615674,0.016832,0.004614,-0.005681,0.040138,-0.039025,0.131559,0.509342,0.10143,0.05297,-0.061622,-0.397652,-0.199044,-0.895686,-0.013408,-0.974821,0.222583,-0.917438,0.10052,0.38497,-0.03606,0.030704,-0.01809,-5.156012,0.339326,1.30759,0.44903
2516,0.177396,0.056241,0.369655,-0.366916,-0.255683,-0.894452,-0.039887,-0.956283,0.289661,-0.928958,0.14227,0.341793,-0.083184,0.073941,-0.042733,-0.302503,-1.026566,-0.665315,0.479118,-0.157583,0.06802,0.357184,0.709692,0.010365,0.704431,-0.413672,0.81538,0.404927,-0.571055,-0.578785,0.582038,0.023125,-0.000644,-0.001986,0.003869,-0.030033,0.058699,0.521946,0.039357,0.052297,-0.007465,-0.713049,-0.058641,0.698657,0.428998,-0.82467,0.368616,0.554546,0.562565,0.613187,0.011575,-0.000382,-0.001041,0.007994,-0.042776,0.057685,0.514241,0.099951,0.054358,-0.062436,-0.375536,-0.2208,-0.900121,-0.025111,-0.968426,0.248032,-0.926467,0.115748,0.358134,-0.035611,0.030951,-0.017658,-0.523749,-0.423668,-0.498491,0.454909
2517,0.175972,0.05762,0.368838,-0.352665,-0.266168,-0.897122,-0.043314,-0.953028,0.299723,-0.934324,0.144885,0.32569,-0.070957,0.061537,-0.035468,-0.198185,-0.796166,-0.770706,0.48563,-0.157143,0.067942,0.357163,0.709899,0.010116,0.704225,-0.413473,0.815318,0.405255,-0.570941,-0.578877,0.582058,0.024329,-0.012807,0.005297,-0.045929,0.089781,-0.124893,0.52289,0.039585,0.052261,-0.007474,-0.713345,-0.058447,0.69837,0.42877,-0.82464,0.368949,0.554341,0.562629,0.613314,0.012166,-0.00634,0.002666,-0.046572,0.087526,-0.126064,0.516364,0.099208,0.055078,-0.06286,-0.359577,-0.232177,-0.903768,-0.028663,-0.965343,0.2594,-0.932674,0.119179,0.34046,-0.035453,0.030595,-0.017779,-0.237605,-0.874997,-0.822038,0.458174
2518,0.17346,0.060055,0.367171,-0.313278,-0.28636,-0.905483,-0.048241,-0.947431,0.316258,-0.948061,0.143108,0.284125,-0.059246,0.064648,-0.047863,-0.115426,-0.892323,-0.615344,0.505241,-0.156454,0.067689,0.357144,0.709446,0.010165,0.704681,-0.414036,0.815039,0.405241,-0.571096,-0.579268,0.581516,0.012975,-0.015294,0.004774,-0.034478,-0.005184,0.010889,0.52346,0.03993,0.052139,-0.007482,-0.712897,-0.058561,0.698818,0.429376,-0.824325,0.368948,0.554448,0.563078,0.612804,0.006495,-0.007726,0.002333,-0.035417,-0.005716,0.010076,0.518813,0.097953,0.056304,-0.063689,-0.319397,-0.251989,-0.913502,-0.033623,-0.960374,0.276675,-0.947023,0.119084,0.298268,-0.029604,0.032036,-0.024042,-0.116967,-0.895167,-0.623939,0.480382
2519,0.171787,0.062569,0.365298,-0.263079,-0.319819,-0.910247,-0.04965,-0.937727,0.343765,-0.963183,0.136023,0.231954,-0.035711,0.076746,-0.055853,-0.280644,-1.643387,-0.721968,0.509476,-0.15607,0.067525,0.357039,0.70878,0.010403,0.705347,-0.414617,0.814974,0.404777,-0.571501,-0.579355,0.581032,0.000253,-0.00371,-0.002006,-0.0,0.0,0.0,0.522982,0.040122,0.052054,-0.007536,-0.712228,-0.058847,0.699476,0.429993,-0.824208,0.368491,0.55483,0.56322,0.612328,0.000127,-0.001834,-0.000998,-0.000651,-0.000325,-0.000567,0.519303,0.097129,0.057522,-0.064608,-0.271547,-0.282846,-0.919923,-0.034554,-0.952357,0.303018,-0.961804,0.114071,0.248837,-0.011983,0.032272,-0.024338,-0.239734,-1.278713,-0.750578,0.497201
2520,0.170995,0.065319,0.363284,-0.211234,-0.355753,-0.91042,-0.051972,-0.926017,0.373848,-0.975804,0.126723,0.178253,-0.012378,0.075845,-0.056642,-0.287355,-1.586961,-0.862697,0.513873,-0.155906,0.0674,0.35695,0.708307,0.010605,0.705819,-0.415021,0.814955,0.404402,-0.571793,-0.579379,0.58072,0.000234,-0.003417,-0.001851,-0.0,0.0,0.0,0.52465,0.040204,0.051994,-0.00758,-0.711752,-0.059082,0.699941,0.430423,-0.82415,0.36812,0.555107,0.563282,0.61202,0.000135,-0.001938,-0.001054,-0.002415,0.015742,-0.024323,0.520119,0.096725,0.058898,-0.065614,-0.218961,-0.318257,-0.92237,-0.036684,-0.941956,0.333723,-0.975043,0.106909,0.194577,-0.00613,0.031795,-0.0246,-0.231595,-1.291505,-0.735183,0.503079
2521,0.170901,0.066641,0.362209,-0.188544,-0.373175,-0.908425,-0.052475,-0.919852,0.388703,-0.980441,0.121416,0.154985,-0.001029,0.07118,-0.05921,-0.176567,-1.283808,-0.672966,0.517222,-0.155894,0.067356,0.356904,0.707933,0.010801,0.706191,-0.415343,0.814958,0.404065,-0.572022,-0.579372,0.580502,-0.000937,0.008044,-0.009516,0.034558,0.005969,-0.005543,0.524324,0.04021,0.051968,-0.007599,-0.711379,-0.059294,0.700302,0.430767,-0.824111,0.367804,0.555318,0.563316,0.611797,7.2e-05,-0.001023,-0.000557,-0.000374,-0.000191,-0.000309,0.520119,0.096673,0.059567,-0.066147,-0.194837,-0.336392,-0.921345,-0.037299,-0.936127,0.349677,-0.980126,0.102495,0.169845,-0.000482,0.035477,-0.029657,-0.210366,-1.413622,-0.752743,0.509121
2522,0.171306,0.069201,0.359885,-0.15363,-0.412529,-0.897921,-0.055596,-0.90365,0.424614,-0.986386,0.115662,0.117013,0.021636,0.065081,-0.062673,-0.090629,-1.073175,-0.533745,0.522566,-0.155986,0.06729,0.356834,0.707137,0.011255,0.706982,-0.416051,0.814961,0.40333,-0.572493,-0.57936,0.58005,0.000129,-0.001897,-0.001029,-0.0,0.0,0.0,0.52309,0.040164,0.051937,-0.007638,-0.710572,-0.05978,0.70108,0.431482,-0.82407,0.367056,0.555797,0.563323,0.611356,7.5e-05,-0.001104,-0.000598,-0.000259,-0.000127,-0.000211,0.520283,0.096868,0.060851,-0.067307,-0.159074,-0.376066,-0.912835,-0.04015,-0.921379,0.386583,-0.986449,0.098146,0.131468,0.005128,0.032875,-0.030979,-0.078875,-1.093916,-0.60075,0.517122
2523,0.172557,0.071761,0.357292,-0.11891,-0.445918,-0.887166,-0.053039,-0.889368,0.454074,-0.991353,0.101597,0.083211,0.044223,0.061915,-0.064607,-0.015945,-0.796682,-0.462035,0.523438,-0.156072,0.067268,0.356818,0.706848,0.011437,0.707267,-0.416324,0.814955,0.40306,-0.57265,-0.579365,0.57989,1e-06,-1.7e-05,-9e-06,-0.0,0.0,0.0,0.522959,0.040121,0.051925,-0.007647,-0.710281,-0.059977,0.701358,0.431765,-0.824041,0.366789,0.555949,0.563345,0.611197,-4e-06,7.3e-05,4.1e-05,-0.013711,0.109953,-0.165238,0.51914,0.097468,0.062106,-0.068579,-0.123825,-0.409485,-0.903873,-0.037591,-0.908294,0.416637,-0.991591,0.085567,0.097077,0.022121,0.030094,-0.032775,-0.172433,-1.180324,-0.747059,0.521368
2524,0.17347,0.072942,0.356018,-0.099583,-0.457383,-0.883702,-0.05345,-0.884367,0.463691,-0.993482,0.093974,0.064725,0.055422,0.059541,-0.066011,-0.036414,-0.859453,-0.505342,0.523544,-0.15609,0.067282,0.356827,0.706746,0.011498,0.707368,-0.416423,0.814947,0.402973,-0.572703,-0.579374,0.579828,-0.000118,0.00173,0.000939,0.001964,-0.015947,0.023922,0.523583,0.040112,0.051929,-0.007644,-0.710164,-0.060051,0.70147,0.431882,-0.824023,0.366691,0.556008,0.563363,0.611127,-1e-05,0.000165,9.1e-05,-0.000145,-5.7e-05,-0.000128,0.51914,0.097936,0.06272,-0.06924,-0.10399,-0.420821,-0.901163,-0.037855,-0.903744,0.426394,-0.993857,0.078454,0.07805,0.027746,0.02952,-0.03316,-0.120875,-1.193017,-0.492385,0.522184
2525,0.17588,0.075475,0.353236,-0.062848,-0.477487,-0.876414,-0.053251,-0.875288,0.480632,-0.996536,0.077465,0.030678,0.066267,0.07023,-0.07386,-0.036419,-1.007016,-0.553696,0.520116,-0.156108,0.067295,0.356846,0.706353,0.011716,0.707757,-0.416813,0.814903,0.402659,-0.572904,-0.579432,0.579571,-6e-06,9.3e-05,5.1e-05,-0.0,0.0,0.0,0.524297,0.040103,0.051942,-0.007632,-0.709782,-0.060276,0.701837,0.432264,-0.823955,0.366394,0.556198,0.563439,0.610884,-2e-06,4.3e-05,2.3e-05,-0.000102,-5.3e-05,-7.8e-05,0.519629,0.099137,0.063978,-0.07063,-0.068047,-0.44,-0.895415,-0.037248,-0.895749,0.442995,-0.996986,0.063496,0.044564,0.033177,0.034785,-0.037141,0.131133,-0.544927,-0.229817,0.521041
2526,0.178799,0.078366,0.350321,-0.048803,-0.490849,-0.869903,-0.05687,-0.868156,0.492993,-0.99714,0.074136,0.01554,0.077175,0.0739,-0.071674,-0.23848,-0.093674,-0.048234,0.515243,-0.156101,0.067319,0.356858,0.706115,0.011841,0.707992,-0.417036,0.814885,0.402463,-0.573035,-0.579455,0.579419,-1.4e-05,0.000204,0.00011,-0.0,0.0,0.0,0.524024,0.040106,0.051954,-0.007625,-0.709542,-0.06041,0.702068,0.432492,-0.823921,0.366201,0.556327,0.563474,0.610734,-7e-06,0.000105,5.8e-05,-7.2e-05,-3.3e-05,-5.6e-05,0.519629,0.100592,0.065416,-0.072091,-0.051449,-0.454993,-0.889007,-0.040866,-0.888481,0.457089,-0.997839,0.059847,0.027118,0.044213,0.042945,-0.039649,-1.205057,0.488572,0.042486,0.515326
2527,0.181755,0.081601,0.347502,-0.067936,-0.510759,-0.857062,-0.077523,-0.853743,0.514864,-0.994602,0.10205,0.019475,0.076292,0.092569,-0.074475,-3.683633,4.126376,-2.227601,0.514988,-0.156053,0.067377,0.356886,0.706211,0.011773,0.707898,-0.416937,0.814892,0.402553,-0.57299,-0.579446,0.579472,-0.000117,0.001721,0.000933,0.0,0.0,0.0,0.522067,0.040131,0.05198,-0.007613,-0.709638,-0.060341,0.701976,0.432394,-0.823933,0.366289,0.55628,0.563464,0.610786,-7.5e-05,0.001101,0.000595,-4.7e-05,-4e-05,-2.6e-05,0.518976,0.10207,0.067022,-0.073502,-0.066098,-0.47382,-0.878136,-0.057769,-0.876768,0.47743,-0.996139,0.082286,0.030581,0.038354,0.040234,-0.033781,0.241521,-0.043636,-0.072829,0.512223
2528,0.183227,0.083304,0.346149,-0.082328,-0.518428,-0.851175,-0.083473,-0.847484,0.524191,-0.993015,0.114845,0.027561,0.076202,0.083442,-0.065516,0.474348,0.470478,-0.679035,0.511857,-0.155987,0.06743,0.356909,0.706323,0.01169,0.707787,-0.416818,0.814901,0.402659,-0.572938,-0.579436,0.579534,-0.000191,0.002798,0.001515,0.0,0.0,0.0,0.521345,0.040164,0.052005,-0.007602,-0.709752,-0.060256,0.701869,0.432276,-0.823949,0.366394,0.556227,0.563451,0.610847,-0.000115,0.001682,0.000909,0.001934,-0.015949,0.023875,0.51816,0.102806,0.067876,-0.074182,-0.084614,-0.482804,-0.87163,-0.067905,-0.86994,0.488459,-0.994097,0.100518,0.040824,0.038027,0.047643,-0.036336,0.995123,1.524569,-2.185086,0.511244
2529,0.185662,0.086731,0.343565,-0.12546,-0.522245,-0.843543,-0.118442,-0.836293,0.53531,-0.984861,0.167715,0.044119,0.042207,0.07361,-0.055572,-4.429723,3.186382,-0.011347,0.467541,-0.155817,0.067598,0.356997,0.706646,0.011458,0.707469,-0.416496,0.814909,0.402975,-0.572774,-0.579429,0.579702,-0.000371,0.005388,0.002914,0.001966,-0.015945,0.023922,0.518427,0.040249,0.052086,-0.007559,-0.710064,-0.060025,0.701573,0.431967,-0.823976,0.366696,0.556069,0.563435,0.611005,-0.000166,0.002398,0.001294,-1.7e-05,-1.7e-05,-2.5e-05,0.516527,0.104017,0.069565,-0.075453,-0.125162,-0.488028,-0.863806,-0.097873,-0.860333,0.500247,-0.987296,0.147155,0.059916,0.020988,0.042781,-0.031295,0.230869,0.234977,-0.231454,0.480382
2530,0.186516,0.089904,0.341308,-0.18251,-0.516428,-0.836683,-0.144527,-0.827639,0.542308,-0.972312,0.220538,0.07746,-0.003094,0.087449,-0.059294,0.441761,1.031134,0.426412,0.428439,-0.155583,0.067852,0.357106,0.707229,0.01106,0.706893,-0.415883,0.814966,0.403492,-0.572501,-0.579355,0.580046,-0.00159,0.017368,-0.004475,0.036523,-0.009946,0.018395,0.511666,0.040362,0.052208,-0.007502,-0.710626,-0.059634,0.701037,0.431395,-0.824053,0.367198,0.555795,0.563365,0.611319,0.005519,0.003719,0.001593,0.00401,-0.031174,0.053158,0.510648,0.104478,0.07115,-0.076585,-0.182601,-0.484972,-0.855253,-0.129012,-0.850538,0.509843,-0.974685,0.203435,0.092742,-0.001301,0.037135,-0.026586,-0.95378,1.768745,0.192215,0.420128
2531,0.186249,0.091333,0.340292,-0.21885,-0.506308,-0.834147,-0.158053,-0.825186,0.542272,-0.962616,0.251141,0.101611,-0.024502,0.061809,-0.045547,-4.104551,4.009975,0.893039,0.417994,-0.155387,0.068016,0.35718,0.707679,0.01075,0.706447,-0.415419,0.814999,0.403904,-0.572282,-0.579315,0.580302,0.010985,0.008065,0.003525,0.002045,-0.015205,0.029245,0.507347,0.040456,0.052293,-0.007469,-0.711074,-0.059317,0.70061,0.430922,-0.824129,0.367583,0.555589,0.563287,0.611578,0.005452,0.004591,0.002059,0.004013,-0.031151,0.053149,0.506566,0.104361,0.071879,-0.077096,-0.216852,-0.475868,-0.852363,-0.137755,-0.849486,0.509309,-0.966435,0.227862,0.118659,-0.012202,0.030926,-0.022767,0.412875,0.810508,0.178845,0.398737
2532,0.184502,0.093339,0.33863,-0.2907,-0.461502,-0.838186,-0.191601,-0.830193,0.523489,-0.937091,0.313345,0.153961,-0.056801,0.032088,-0.033771,-4.112479,4.141836,1.469086,0.391109,-0.154906,0.068439,0.35737,0.708807,0.009973,0.705326,-0.414254,0.81508,0.404936,-0.571731,-0.579214,0.580946,0.022137,0.013083,0.005389,-0.007565,0.063687,-0.08268,0.492646,0.040704,0.052508,-0.007372,-0.712258,-0.058482,0.699476,0.429707,-0.824289,0.368643,0.555012,0.563139,0.612238,0.011054,0.006716,0.00278,-0.007558,0.063681,-0.082692,0.49236,0.10352,0.072917,-0.077936,-0.290146,-0.432608,-0.853618,-0.170841,-0.854246,0.490995,-0.941609,0.288294,0.173949,-0.028323,0.015893,-0.016919,-0.054281,-0.06437,2.440023,0.360037
2533,0.181291,0.094143,0.337636,-0.352558,-0.398115,-0.846908,-0.223232,-0.843107,0.489194,-0.908356,0.362017,0.20943,-0.100335,0.00967,-0.017961,-0.778014,2.583164,0.647699,0.35853,-0.154381,0.068958,0.357628,0.709911,0.009194,0.704226,-0.413131,0.815127,0.405987,-0.571174,-0.579159,0.581548,0.011647,0.003106,0.014635,-0.03052,-0.037262,0.058635,0.483585,0.040962,0.052766,-0.007248,-0.713339,-0.057697,0.698439,0.428598,-0.824421,0.369638,0.554482,0.563027,0.612821,0.005262,0.006744,0.00319,-0.009619,0.078868,-0.111928,0.478154,0.101943,0.073329,-0.078449,-0.3523,-0.369552,-0.859834,-0.203118,-0.866646,0.455704,-0.913579,0.335192,0.230257,-0.044603,0.004968,-0.009043,0.652858,1.648554,0.563405,0.321337
2534,0.17932,0.094232,0.337363,-0.383569,-0.362007,-0.84963,-0.23353,-0.852071,0.468412,-0.893042,0.378528,0.243351,-0.111174,-0.000831,-0.010104,0.667378,2.118485,0.734253,0.337898,-0.154115,0.069214,0.357765,0.709993,0.006294,0.704175,-0.412222,0.814324,0.408513,-0.571729,-0.580322,0.579841,0.01049,0.01368,0.006484,-0.073938,0.083332,0.136004,0.479984,0.041096,0.052894,-0.007175,-0.713508,-0.055023,0.698482,0.427798,-0.823724,0.37211,0.554882,0.564313,0.611273,0.005219,0.007152,0.0034,-0.107114,0.124257,0.163648,0.472602,0.100924,0.073378,-0.078597,-0.386723,-0.332086,-0.860327,-0.218084,-0.873517,0.435208,-0.896037,0.355929,0.265386,-0.055676,0.005393,-0.008448,0.347412,2.00656,0.859164,0.294884
2535,0.174372,0.093943,0.337222,-0.45424,-0.282905,-0.844793,-0.251117,-0.869147,0.426022,-0.854214,0.406006,0.324815,-0.144417,-0.008334,5.7e-05,1.004036,2.228059,1.198758,0.328706,-0.153568,0.069672,0.358102,0.711367,0.005383,0.702795,-0.411009,0.814216,0.409949,-0.570895,-0.580482,0.580503,0.010339,0.015096,0.007204,0.004015,-0.031114,0.053192,0.473205,0.041373,0.053127,-0.007005,-0.714901,-0.053804,0.697152,0.426401,-0.823736,0.373684,0.554164,0.564414,0.611832,0.005157,0.00767,0.003658,0.005533,-0.032721,0.052132,0.463131,0.098463,0.073234,-0.078673,-0.458214,-0.255136,-0.851436,-0.235982,-0.88862,0.393276,-0.856943,0.381128,0.346971,-0.06659,-0.010225,0.003237,0.855713,2.175571,0.914641,0.258307
2536,0.168335,0.093019,0.33753,-0.524227,-0.19039,-0.83005,-0.282119,-0.880833,0.380149,-0.802865,0.43369,0.409081,-0.167464,-0.034175,0.013003,-3.654624,4.298611,3.256322,0.350519,-0.152956,0.07026,0.358541,0.712547,0.001797,0.701616,-0.409216,0.813236,0.413672,-0.570713,-0.581872,0.57929,0.00984,0.020707,0.010119,0.003825,-0.043852,0.07943,0.471673,0.041676,0.053408,-0.006792,-0.716073,-0.050083,0.696225,0.424618,-0.822904,0.377527,0.554019,0.565968,0.610526,0.01122,0.005294,0.008833,-0.016104,-0.06319,0.081895,0.455946,0.095454,0.072792,-0.078519,-0.528787,-0.166009,-0.83236,-0.262105,-0.900813,0.346173,-0.807269,0.401218,0.432827,-0.078124,-0.010891,0.003163,0.918095,2.053973,0.987425,0.267124
2537,0.16173,0.09144,0.337997,-0.58107,-0.105076,-0.80707,-0.310869,-0.887796,0.339338,-0.751452,0.448198,0.484216,-0.169582,-0.052029,0.0163,-0.533259,2.493003,1.550971,0.35953,-0.152336,0.070884,0.359181,0.713409,0.002639,0.700737,-0.412811,0.809509,0.417392,-0.567029,-0.587042,0.577688,0.010693,0.013173,0.019762,-0.14628,-0.083455,-0.015911,0.483202,0.041986,0.053723,-0.006475,-0.716907,-0.050707,0.695321,0.427985,-0.819309,0.381523,0.550337,0.571104,0.609071,0.010991,0.007544,0.009974,-0.368939,-0.282339,-0.176766,0.462315,0.092152,0.072016,-0.078283,-0.587692,-0.079789,-0.80514,-0.295178,-0.905391,0.305182,-0.753317,0.417013,0.508539,-0.090355,-0.020398,0.004788,-3.748087,3.61789,3.208228,0.290638
2538,0.158316,0.090368,0.338309,-0.601706,-0.072378,-0.79546,-0.318614,-0.89148,0.322056,-0.731703,0.447313,0.514343,-0.170839,-0.054276,0.01495,0.551774,1.490431,0.363774,0.354055,-0.152052,0.071163,0.359582,0.713611,-0.000267,0.700536,-0.412195,0.808286,0.42036,-0.567224,-0.588726,0.575779,0.0219,0.015666,0.020214,-0.034478,-0.043908,0.094092,0.489972,0.042124,0.053863,-0.006274,-0.717146,-0.047887,0.695275,0.427448,-0.818177,0.384543,0.550444,0.572968,0.607221,0.005219,0.00785,0.010505,-0.010129,-0.067107,0.07537,0.469173,0.090446,0.071481,-0.078126,-0.60966,-0.044674,-0.791402,-0.304851,-0.908404,0.286122,-0.731696,0.415697,0.540199,-0.091118,-0.033,0.011202,0.636436,1.772592,0.51536,0.291781
2539,0.151441,0.087874,0.339197,-0.63241,-0.011347,-0.77458,-0.34112,-0.893654,0.291533,-0.694732,0.448603,0.562253,-0.184405,-0.061738,0.024473,0.533907,1.526841,0.324796,0.321596,-0.151517,0.07161,0.36053,0.710149,-0.004922,0.704028,-0.413588,0.806204,0.422984,-0.570545,-0.591548,0.569572,0.010311,0.016595,0.02137,-0.034825,-0.031149,0.063053,0.494596,0.042396,0.054088,-0.005799,-0.713787,-0.043327,0.699021,0.428755,-0.816228,0.387221,0.553784,0.576102,0.60119,0.005712,0.003292,0.014896,-0.049034,-0.062906,0.060515,0.481093,0.087013,0.070227,-0.077691,-0.639917,0.013172,-0.76833,-0.327825,-0.908982,0.257452,-0.695008,0.416626,0.585992,-0.086552,-0.031173,0.012018,0.247389,1.212736,0.179468,0.268757
2540,0.144655,0.085416,0.340374,-0.644114,0.039747,-0.763926,-0.367048,-0.892236,0.262989,-0.670354,0.449738,0.590246,-0.174352,-0.053331,0.028875,0.028242,0.907429,0.641385,0.249242,-0.150929,0.071969,0.36167,0.704042,-0.006335,0.710124,-0.417258,0.805334,0.421031,-0.57542,-0.592716,0.563421,0.011193,0.008832,0.030834,-0.065597,-0.042914,0.064534,0.488513,0.042689,0.054269,-0.005234,-0.707764,-0.042203,0.705186,0.432389,-0.815277,0.385177,0.558667,0.57753,0.595272,0.011226,0.00505,0.015343,-0.056686,-0.073088,0.094106,0.482236,0.083616,0.068985,-0.07711,-0.652799,0.064399,-0.754788,-0.353588,-0.907083,0.228417,-0.669946,0.415995,0.614914,-0.08742,-0.032605,0.018015,-0.57531,0.989193,1.897635,0.194787
2541,0.138068,0.083312,0.341704,-0.647176,0.078447,-0.758324,-0.384458,-0.892528,0.235707,-0.657535,0.443985,0.60873,-0.164387,-0.057415,0.039998,0.141089,0.663185,0.036496,0.206897,-0.150456,0.072297,0.363051,0.698439,-0.005181,0.715645,-0.421598,0.804937,0.41745,-0.57907,-0.593267,0.559084,0.000625,0.002132,0.041581,-0.101539,-0.034994,0.04,0.46489,0.04293,0.054432,-0.004549,-0.702216,-0.043587,0.710628,0.436709,-0.814671,0.38157,0.562297,0.578283,0.591109,0.005313,0.00706,0.016666,-0.066732,-0.048646,0.068234,0.464437,0.080318,0.067931,-0.076451,-0.656266,0.103709,-0.747367,-0.371753,-0.906384,0.200663,-0.656592,0.409525,0.633383,-0.081887,-0.022933,0.016521,0.222316,0.724511,0.132096,0.12
2542,0.134889,0.082378,0.342471,-0.644997,0.093758,-0.758441,-0.391937,-0.892564,0.222905,-0.655261,0.440913,0.613397,-0.164324,-0.051476,0.043443,0.196036,0.339623,0.297803,0.164512,-0.150336,0.072358,0.363853,0.697041,-0.004797,0.717009,-0.423432,0.804114,0.41718,-0.579415,-0.594386,0.557536,0.011874,0.003229,0.041283,-0.101489,-0.034506,0.045163,0.434248,0.042986,0.054466,-0.004146,-0.700835,-0.044009,0.711964,0.438525,-0.81379,0.381367,0.562606,0.579489,0.589631,0.000235,0.001622,0.021023,-0.102691,-0.037612,0.042326,0.44174,0.078728,0.067459,-0.076071,-0.654426,0.118524,-0.746777,-0.379212,-0.905898,0.188537,-0.654158,0.406571,0.637789,-0.082119,-0.025462,0.021986,0.48177,-0.017785,0.788837,0.082606
2543,0.128613,0.080397,0.344364,-0.639356,0.121713,-0.759247,-0.413691,-0.886757,0.206142,-0.647387,0.445736,0.618253,-0.152824,-0.042925,0.048223,0.283862,-0.367264,0.758861,0.084417,-0.150294,0.072427,0.365551,0.697055,0.000527,0.717011,-0.426828,0.803696,0.414517,-0.576897,-0.594978,0.559512,0.000334,0.005264,0.042874,-0.052259,-0.091787,-0.034929,0.348907,0.043011,0.054499,-0.003298,-0.700839,-0.049513,0.711598,0.441823,-0.81332,0.378552,0.560014,0.579705,0.591883,5.9e-05,0.003556,0.021892,-0.060716,-0.102849,-0.009336,0.35193,0.075643,0.066485,-0.075147,-0.651185,0.145332,-0.744872,-0.400364,-0.899589,0.174489,-0.644721,0.411845,0.643985,-0.076477,-0.02179,0.024025,0.131651,0.512229,0.159649,-0.031861
2544,0.1229,0.078772,0.346466,-0.637188,0.140434,-0.757836,-0.426356,-0.883333,0.194721,-0.641289,0.447002,0.623671,-0.140717,-0.034851,0.052769,-0.073174,0.08039,0.171221,0.056408,-0.150332,0.0729,0.36735,0.701047,0.009657,0.713044,-0.428471,0.804871,0.410523,-0.570806,-0.593322,0.567462,-0.000557,0.015243,0.047443,-0.042554,-0.130541,0.008532,0.22543,0.042993,0.054731,-0.002386,-0.704694,-0.058846,0.707066,0.443584,-0.814318,0.374324,0.553749,0.577427,0.599948,-0.000338,0.007972,0.023895,-0.088833,-0.085698,0.034659,0.219011,0.072724,0.06565,-0.074076,-0.647435,0.165566,-0.743918,-0.413768,-0.896091,0.160671,-0.640017,0.411834,0.648668,-0.070724,-0.02266,0.03046,-0.129579,-0.062233,0.319161,-0.091625
2545,0.120125,0.078032,0.347601,-0.634233,0.155038,-0.757468,-0.43642,-0.880475,0.185131,-0.637446,0.447792,0.627034,-0.141418,-0.042786,0.062274,0.032907,0.294583,0.33402,0.025881,-0.150392,0.073168,0.368273,0.703484,0.016692,0.710509,-0.429588,0.806286,0.406561,-0.566952,-0.591251,0.573455,-0.000418,0.013696,0.046522,0.132478,-0.277351,-0.368927,0.136661,0.042962,0.054868,-0.001938,-0.706715,-0.064264,0.704572,0.444519,-0.815088,0.371527,0.550413,0.57576,0.604602,-0.000295,0.00745,0.023555,0.296714,-0.568189,-0.283807,0.12267,0.071284,0.065269,-0.073487,-0.644396,0.179471,-0.743332,-0.423991,-0.89282,0.151995,-0.636383,0.413111,0.651424,-0.070685,-0.021122,0.031393,0.053945,0.319837,0.347315,-0.122487
2546,0.114881,0.076372,0.350283,-0.631547,0.181012,-0.753942,-0.456396,-0.872845,0.172676,-0.626038,0.452919,0.634798,-0.118175,-0.047338,0.073495,0.083606,0.407817,0.497026,-0.069888,-0.150504,0.073795,0.37011,0.708192,0.028025,0.705457,-0.43114,0.808307,0.400863,-0.559863,-0.58807,0.5836,-0.001935,0.027783,0.039534,0.178321,-0.385172,-0.175285,0.029283,0.042907,0.055177,-0.001016,-0.71112,-0.075865,0.698964,0.446287,-0.816897,0.365383,0.543262,0.571771,0.61477,-0.000447,0.00917,0.024179,0.26019,-0.528029,-0.256103,-0.060705,0.06875,0.064471,-0.072203,-0.64171,0.203596,-0.739429,-0.443711,-0.884942,0.141411,-0.625562,0.418838,0.658214,-0.064208,-0.016614,0.033978,-0.124031,0.042703,0.225139,-0.209031
2547,0.110681,0.07494,0.352979,-0.631011,0.213824,-0.745754,-0.476027,-0.865739,0.154488,-0.611816,0.452212,0.649009,-0.093378,-0.033777,0.066998,0.299773,0.651755,0.770983,-0.145688,-0.150567,0.074915,0.371718,0.712193,0.041673,0.70074,-0.432495,0.8122,0.391426,-0.553705,-0.581885,0.595553,-0.001924,0.027534,0.038968,0.142724,-0.345387,-0.112031,-0.043058,0.042876,0.055732,-0.000224,-0.714772,-0.089612,0.693592,0.447853,-0.820378,0.355536,0.537148,0.564755,0.626516,-0.001562,0.018705,0.015184,0.312671,-0.508486,-0.226694,-0.163578,0.066598,0.063737,-0.070822,-0.641471,0.235866,-0.729987,-0.463633,-0.877314,0.123946,-0.611194,0.417954,0.672127,-0.05296,-0.021464,0.038122,0.010621,0.409739,0.288869,-0.273367
2548,0.10713,0.073346,0.355822,-0.637226,0.239929,-0.732409,-0.484348,-0.863852,0.138342,-0.598713,0.442593,0.667593,-0.07157,-0.047258,0.073258,0.127312,0.551071,0.498574,-0.296955,-0.150736,0.075867,0.372985,0.71576,0.047889,0.696696,-0.432482,0.813583,0.388558,-0.549093,-0.579479,0.602133,-0.000946,0.0166,0.033666,0.095712,-0.253593,-0.118265,-0.216174,0.042789,0.056225,0.000422,-0.718104,-0.095373,0.689369,0.447996,-0.82138,0.353033,0.532565,0.562349,0.632563,-0.006003,0.007738,0.016934,0.250334,-0.432934,-0.234212,-0.295354,0.064847,0.062967,-0.069427,-0.648041,0.262026,-0.715111,-0.472031,-0.875048,0.10713,-0.597686,0.406979,0.690751,-0.035766,-0.023434,0.036797,0.217554,0.808646,0.44481,-0.358769
2549,0.105801,0.072445,0.357211,-0.641407,0.260363,-0.721702,-0.497797,-0.856992,0.133169,-0.583028,0.444348,0.680191,-0.060262,-0.04923,0.072093,-0.12638,1.37866,-0.016829,-0.409009,-0.150828,0.076305,0.3735,0.717031,0.049913,0.695245,-0.432453,0.813992,0.387731,-0.547454,-0.578735,0.604337,-0.002104,0.026688,0.025016,0.024985,-0.126041,0.028292,-0.332021,0.042744,0.056446,0.00069,-0.719587,-0.098489,0.687381,0.448071,-0.822093,0.351273,0.530495,0.560768,0.635698,-0.001007,0.012618,0.012187,0.006623,-0.097545,0.010025,-0.389573,0.064148,0.062503,-0.068702,-0.65158,0.282065,-0.704188,-0.48594,-0.868025,0.101947,-0.582498,0.40862,0.702655,-0.035869,-0.023475,0.036864,-0.913778,2.675615,-0.964043,-0.422452
2550,0.103881,0.070761,0.359849,-0.657178,0.295011,-0.693635,-0.508204,-0.853012,0.118621,-0.555874,0.430092,0.711374,-0.035277,-0.038208,0.063994,-0.816748,3.055032,-0.957346,-0.73406,-0.150933,0.077448,0.374282,0.720893,0.05842,0.690573,-0.431934,0.816994,0.381951,-0.542768,-0.573699,0.613299,0.007969,0.034592,0.014599,0.132395,-0.231967,-0.013548,-0.703675,0.042687,0.057014,0.001085,-0.723229,-0.106737,0.682309,0.447579,-0.824852,0.345385,0.525939,0.55518,0.644331,-0.001494,0.016642,0.007353,0.136737,-0.232348,-0.055416,-0.661778,0.063177,0.061652,-0.067382,-0.665982,0.315035,-0.67618,-0.496659,-0.863592,0.086817,-0.556593,0.39365,0.731602,-0.023515,-0.018424,0.032536,0.276052,0.89543,0.351071,-0.625422
2551,0.102692,0.069501,0.362422,-0.672464,0.330508,-0.66227,-0.520369,-0.847395,0.105405,-0.525536,0.41509,0.742657,-0.021781,-0.032806,0.066909,-0.127026,0.795015,0.710501,-1.066636,-0.150935,0.07867,0.374822,0.725619,0.068897,0.684633,-0.430812,0.821195,0.37413,-0.537334,-0.566508,0.624663,-0.002792,0.031237,0.013621,0.24875,-0.377173,-0.151645,-1.257648,0.04269,0.057621,0.001353,-0.727461,-0.115891,0.676289,0.446539,-0.82831,0.338384,0.520962,0.548152,0.654314,-0.001386,0.015379,0.006705,0.395712,-0.540597,-0.249502,-0.929248,0.06258,0.061025,-0.066121,-0.684117,0.348774,-0.640577,-0.507351,-0.858521,0.074397,-0.524002,0.375894,0.76428,-0.010771,-0.015863,0.033725,-3.270314,1.805351,4.449626,-0.853376
2552,0.102478,0.068995,0.363618,-0.672239,0.355749,-0.649293,-0.53665,-0.838282,0.096237,-0.509224,0.412691,0.755251,-0.009405,-0.031689,0.067304,-0.761217,1.154233,1.56265,-1.237723,-0.150886,0.079316,0.375105,0.728649,0.074987,0.680763,-0.429923,0.823709,0.369601,-0.533933,-0.562077,0.631545,0.007837,0.034982,0.014482,0.413672,-0.611867,-0.271404,-1.386133,0.042715,0.057949,0.001497,-0.730271,-0.121225,0.672315,0.445601,-0.830483,0.334269,0.517825,0.543692,0.660496,0.003899,0.017576,0.007272,0.375699,-0.574383,-0.250622,-0.932187,0.062464,0.060763,-0.065501,-0.68396,0.372895,-0.627014,-0.523911,-0.849174,0.066475,-0.507656,0.373966,0.776166,-0.003922,-0.009453,0.030079,-3.200534,1.557229,4.574061,-0.874114
2553,0.102738,0.068137,0.366182,-0.683437,0.382353,-0.621904,-0.547768,-0.831699,0.090544,-0.481773,0.402061,0.778633,0.017518,-0.014524,0.061982,0.125293,0.683761,0.004503,-1.660738,-0.150759,0.080636,0.375668,0.732277,0.084636,0.675721,-0.432772,0.823834,0.365977,-0.52661,-0.560534,0.63902,0.008038,0.031902,0.012966,-0.161724,-0.466683,-0.367383,-1.4033,0.042775,0.058593,0.001772,-0.733858,-0.130218,0.666704,0.447286,-0.831295,0.329972,0.511261,0.540361,0.668297,0.004032,0.015582,0.006349,-3.40957,-2.468352,-3.711323,-0.903611,0.062577,0.060331,-0.064246,-0.69452,0.400054,-0.597994,-0.53686,-0.841494,0.060564,-0.47898,0.363102,0.799208,0.008228,-0.012529,0.03517,0.262386,0.936474,0.137328,-0.852396
