frame,MLTx,MLTy,MLTz,MLTR1,MLTR2,MLTR3,MLTR4,MLTR5,MLTR6,MLTR7,MLTR8,MLTR9,MLTTVx,MLTTVy,MLTTVz,MLTRVx,MLTRVy,MLTRVz,MLGA,MRTx,MRTy,MRTz,MRTR1,MRTR2,MRTR3,MRTR4,MRTR5,MRTR6,MRTR7,MRTR8,MRTR9,MRTTVx,MRTTVy,MRTTVz,MRTRVx,MRTRVy,MRTRVz,MRGA,SLTx,SLTy,SLTz,SLTR1,SLTR2,SLTR3,SLTR4,SLTR5,SLTR6,SLTR7,SLTR8,SLTR9,SLTTVx,SLTTVy,SLTTVz,SLTRVx,SLTRVy,SLTRVz,SLGA,SRTx,SRTy,SRTz,SRTR1,SRTR2,SRTR3,SRTR4,SRTR5,SRTR6,SRTR7,SRTR8,SRTR9,SRTTVx,SRTTVy,SRTTVz,SRTRVx,SRTRVy,SRTRVz,SRGA
636,0.189796,-0.020186,0.292671,-0.406235,0.913429,0.025813,-0.833664,-0.381974,0.39884,0.374673,0.139364,0.916638,1.5e-05,0.003011,0.003625,-0.0,-0.0,-0.0,-1.631916,-0.145946,-0.04227,0.304535,-0.866499,-0.232813,0.441553,0.46711,-0.68965,0.553286,0.176788,0.685961,0.705739,0.01389,-0.009996,-0.102528,0.391433,1.152209,1.696178,0.112844,0.055139,0.022407,-0.017535,0.865327,0.226825,0.446942,-0.466464,0.690685,0.552597,-0.183354,-0.686661,0.703475,-0.000735,-0.005858,-0.05125,-0.545855,0.405904,0.593612,-0.002247,0.093135,0.032447,-0.071692,0.414193,-0.909937,0.021395,0.828742,0.386744,0.404492,-0.376337,-0.149808,0.91429,6e-06,0.00147,0.001774,0.006161,-0.108299,0.167011,-1.062877
637,0.189795,-0.020062,0.292756,-0.40507,0.913999,0.023853,-0.834529,-0.380198,0.398726,0.374003,0.140466,0.916743,1.2e-05,0.002377,0.002858,0.000888,-0.015708,0.024146,-1.633139,-0.145385,-0.042688,0.300918,-0.885291,-0.157457,0.43756,0.408289,-0.71324,0.569669,0.223493,0.683164,0.695126,0.014665,-0.011996,-0.084364,0.614138,1.008762,1.592372,-0.100183,0.055425,0.022179,-0.01941,0.884411,0.147213,0.442881,-0.404252,0.71586,0.569318,-0.23323,-0.682547,0.692626,0.015587,-0.010628,-0.037947,2.29713,3.272329,4.380244,-0.147576,0.093135,0.032512,-0.071647,0.413031,-0.910509,0.019425,0.829629,0.384968,0.404369,-0.37566,-0.150901,0.914389,2e-06,0.000691,0.000831,0.006171,-0.108306,0.166873,-1.061734
638,0.189806,-0.020039,0.292783,-0.404347,0.91435,0.022643,-0.835039,-0.379089,0.398713,0.373645,0.141171,0.916781,7e-06,0.001411,0.001697,0.0,0.0,0.0,-1.632715,-0.144944,-0.042833,0.299544,-0.892669,-0.1138,0.4361,0.371327,-0.733788,0.568863,0.256384,0.669878,0.696702,0.015219,-0.010972,-0.061143,0.474425,0.724647,0.123709,-0.32899,0.055646,0.022091,-0.020123,0.891884,0.102123,0.440582,-0.365428,0.73669,0.568989,-0.266466,-0.668474,0.694361,0.014871,0.000889,-0.034668,1.444054,2.883173,-0.477288,-0.296497,0.09314,0.032525,-0.071632,0.412301,-0.910865,0.018192,0.830158,0.383845,0.40435,-0.375291,-0.151612,0.914422,3e-06,0.000743,0.000895,0.007072,-0.124025,0.190984,-1.061898
639,0.189806,-0.020044,0.292776,-0.40853,0.912475,0.023215,-0.832651,-0.382911,0.400053,0.374432,0.142966,0.916182,-6e-06,-0.001183,-0.001422,-0.000917,0.015738,-0.024194,-1.632823,-0.143804,-0.042837,0.298263,-0.89793,-0.069721,0.43457,0.324546,-0.77157,0.547068,0.298281,0.632349,0.714861,0.030369,0.008506,-0.015939,0.976047,-0.15611,0.122875,-0.802905,0.056213,0.022062,-0.020807,0.896255,0.057026,0.439856,-0.31808,0.773779,0.547804,-0.309113,-0.630882,0.711643,0.015785,-0.000316,-0.002633,1.60449,1.030031,0.260741,-0.58895,0.09314,0.032525,-0.071631,0.416473,-0.908952,0.018841,0.827708,0.387657,0.405733,-0.376096,-0.153382,0.913796,-4e-06,-0.000639,-0.000764,0.002052,0.011069,-0.021849,-1.062387
640,0.189781,-0.020011,0.292721,-0.407803,0.91283,0.021979,-0.833232,-0.381813,0.399895,0.373931,0.143626,0.916283,-3e-06,-0.000663,-0.000797,0.006131,-0.108435,0.16662,-1.633096,-0.142677,-0.042482,0.298879,-0.890886,-0.097316,0.443671,0.338761,-0.792807,0.506589,0.303558,0.601729,0.738673,0.031208,0.010573,0.031687,1.435718,1.457721,-2.237115,-0.926515,0.056778,0.02224,-0.020514,0.890869,0.084517,0.446326,-0.329993,0.795635,0.508004,-0.312178,-0.59985,0.736697,0.015551,0.006257,0.017074,1.136525,-0.887302,-0.415016,-0.882057,0.093128,0.03254,-0.071662,0.415819,-0.909275,0.017677,0.828267,0.386658,0.405547,-0.375589,-0.153993,0.913902,-0.000222,0.005255,-0.004443,0.035851,-0.011908,0.018937,-1.061408
641,0.189767,-0.019965,0.292647,-0.407202,0.913122,0.020964,-0.833739,-0.38092,0.39969,0.373453,0.144137,0.916397,-5e-06,-0.000944,-0.001135,0.0,0.0,0.0,-1.634173,-0.141592,-0.042179,0.300829,-0.88751,-0.127916,0.442668,0.350611,-0.810602,0.468966,0.299948,0.571575,0.763673,0.032742,0.000239,0.062829,0.606997,-0.47831,-0.416298,-0.894491,0.05732,0.022413,-0.019529,0.886633,0.116313,0.447607,-0.34324,0.814153,0.468337,-0.309947,-0.56888,0.761779,0.008513,0.000178,0.032595,0.761381,-0.502012,-0.670552,-0.994891,0.093121,0.032563,-0.071698,0.415146,-0.909603,0.016532,0.82884,0.385652,0.405334,-0.375069,-0.15457,0.914018,-0.000223,0.005085,-0.004649,0.035788,-0.011872,0.018845,-1.062551
642,0.189766,-0.019942,0.29261,-0.406747,0.913342,0.020198,-0.834102,-0.380236,0.399583,0.373137,0.144543,0.916462,-3e-06,-0.000685,-0.000823,0.0,0.0,0.0,-1.634795,-0.14117,-0.042135,0.302113,-0.886858,-0.139922,0.440337,0.355179,-0.815778,0.456384,0.296466,0.56132,0.772587,0.016854,0.002646,0.067791,0.360478,-0.303828,-0.303081,-0.908689,0.057536,0.022439,-0.018881,0.886148,0.129066,0.445063,-0.347972,0.819603,0.455153,-0.306031,-0.558203,0.771202,0.008371,0.001729,0.034414,0.37317,-0.225846,-0.530345,-0.970397,0.09312,0.032573,-0.071718,0.414693,-0.909824,0.015763,0.82921,0.384971,0.405225,-0.374751,-0.154973,0.91408,-1e-06,-0.000431,-0.000518,4.2e-05,4.5e-05,0.000107,-1.062877
643,0.189786,-0.019884,0.292549,-0.411115,0.911422,0.018467,-0.832656,-0.38362,0.399365,0.371581,0.147672,0.916596,-0.0,-4.5e-05,-5.4e-05,-0.0,-0.0,-0.0,-1.634773,-0.140672,-0.042052,0.305188,-0.884387,-0.158333,0.439069,0.364177,-0.822246,0.437288,0.29289,0.546829,0.784256,0.000692,0.009078,0.077213,0.418329,-0.337253,-0.361375,-1.103644,0.057792,0.022485,-0.01734,0.883742,0.146522,0.444444,-0.356962,0.825202,0.437742,-0.302618,-0.545501,0.781569,0.008595,0.0008,0.043872,0.373341,-0.370677,-0.341129,-1.019384,0.09313,0.032601,-0.07175,0.419063,-0.907847,0.014062,0.827729,0.388354,0.405025,-0.373162,-0.158091,0.914196,1e-06,-1.1e-05,-1.2e-05,0.006175,-0.108502,0.166856,-1.063694
644,0.18976,-0.019808,0.292465,-0.409975,0.911972,0.01654,-0.833582,-0.381914,0.399068,0.370761,0.148684,0.916764,-2e-06,-0.000449,-0.00054,0.006131,-0.108571,0.166532,-1.63282,-0.140624,-0.041753,0.308584,-0.879097,-0.168007,0.446042,0.373718,-0.823578,0.426601,0.296775,0.541927,0.786194,-0.015281,0.014659,0.085088,0.425575,0.450692,-0.707417,-1.358392,0.057822,0.022634,-0.015642,0.87889,0.15663,0.450575,-0.36628,0.826702,0.427085,-0.305597,-0.540397,0.783951,0.000626,0.002754,0.046779,1.094005,1.836357,-1.886294,-1.026079,0.093117,0.03264,-0.071791,0.418001,-0.908363,0.012251,0.828621,0.386765,0.404723,-0.372373,-0.159023,0.914357,0.0,-0.000276,-0.000333,3e-05,7e-05,0.000157,-1.063041
645,0.189724,-0.019794,0.292403,-0.409364,0.912265,0.015497,-0.83407,-0.380993,0.398929,0.370337,0.149244,0.916844,-8e-06,-0.001625,-0.001956,0.00613,-0.108593,0.166517,-1.632614,-0.14075,-0.04144,0.31031,-0.875297,-0.171528,0.452133,0.379304,-0.823276,0.42223,0.300898,0.541288,0.785068,-8.6e-05,0.019461,0.088102,-0.042808,0.059045,-0.268834,-1.388746,0.057753,0.02279,-0.014779,0.874781,0.160947,0.457005,-0.372265,0.826982,0.421329,-0.310124,-0.538698,0.783343,-0.007823,0.009244,0.044547,-0.060559,-0.015988,-0.112043,-1.025916,0.093099,0.03265,-0.071819,0.417383,-0.908661,0.011186,0.829126,0.38583,0.404578,-0.371941,-0.159589,0.914434,-1e-06,-0.000487,-0.000587,5.3e-05,6.1e-05,0.000124,-1.063204
646,0.189688,-0.019814,0.292299,-0.413658,0.910313,0.016227,-0.831644,-0.384984,0.40016,0.371027,0.150899,0.916294,-1.2e-05,-0.002187,-0.002634,-0.0012,0.016215,-0.024328,-1.633401,-0.141201,-0.04056,0.313632,-0.864725,-0.177479,0.469832,0.393819,-0.819966,0.415326,0.312613,0.544394,0.778313,-0.016602,0.028703,0.078344,-0.099715,0.218213,-0.415291,-1.400825,0.057527,0.023247,-0.013073,0.864088,0.166848,0.474882,-0.386961,0.823551,0.414757,-0.321888,-0.542147,0.776185,-0.008362,0.014388,0.03923,-0.102636,0.216638,-0.410422,-1.024936,0.093081,0.032639,-0.071871,0.42159,-0.906708,0.011876,0.826689,0.3897,0.405856,-0.372621,-0.161287,0.913859,-2e-06,-0.000638,-0.000765,0.002541,-0.00377,0.001902,-1.062387
647,0.189675,-0.019822,0.29221,-0.412768,0.910742,0.014719,-0.832336,-0.383639,0.400011,0.370463,0.151725,0.916386,-5e-06,-0.001018,-0.001227,-0.0,0.0,-0.0,-1.634964,-0.141769,-0.039807,0.316659,-0.857744,-0.187139,0.478796,0.407229,-0.815585,0.411,0.314654,0.547746,0.775133,-0.0149,0.012725,0.079683,-0.123547,0.226946,-0.468137,-1.400848,0.057248,0.023627,-0.01158,0.857442,0.176469,0.483374,-0.399959,0.819582,0.410264,-0.323766,-0.545108,0.773325,-0.008096,0.011499,0.03528,-0.11027,0.239521,-0.443963,-1.014485,0.093075,0.032632,-0.07192,0.420715,-0.907133,0.010325,0.827411,0.388358,0.405671,-0.372008,-0.162129,0.91396,-2e-06,-0.0006,-0.000722,8e-05,-3.4e-05,0.000178,-1.058468
648,0.189684,-0.01981,0.292127,-0.411818,0.911196,0.013124,-0.833077,-0.382212,0.399835,0.369851,0.15259,0.91649,-3e-06,-0.000503,-0.000606,0.006129,-0.108663,0.166472,-1.636,-0.142131,-0.039301,0.319338,-0.85927,-0.201939,0.469965,0.413682,-0.814536,0.40661,0.301764,0.544057,0.782818,-0.015389,0.014285,0.059723,0.380636,-0.558036,-0.272071,-1.401099,0.057066,0.023888,-0.010224,0.858904,0.189561,0.475762,-0.40633,0.817699,0.407755,-0.311736,-0.543539,0.779349,0.000445,0.002678,0.034246,0.236172,-1.066317,-0.084053,-1.006648,0.093079,0.032638,-0.071962,0.419843,-0.907553,0.008847,0.828113,0.387047,0.40549,-0.371428,-0.162916,0.914056,0.007551,-9.3e-05,-0.000487,0.001014,-0.014684,0.029656,-1.058142
649,0.189695,-0.019809,0.292094,-0.416618,0.909026,0.012134,-0.831247,-0.386248,0.399766,0.368597,0.155329,0.916535,-3e-06,-0.000534,-0.000644,0.006129,-0.108671,0.166466,-1.635602,-0.142225,-0.039139,0.320531,-0.861839,-0.208577,0.462299,0.414262,-0.815166,0.404753,0.293503,0.540606,0.788329,-2.2e-05,0.013344,0.056425,0.23685,-0.300503,-0.065312,-1.400949,0.057013,0.023967,-0.009629,0.861716,0.197732,0.467276,-0.407081,0.81915,0.404077,-0.302871,-0.538418,0.786367,0.000599,0.000578,0.031731,0.268962,-0.236625,-0.330196,-1.006484,0.093085,0.032638,-0.071978,0.424641,-0.905326,0.007892,0.826239,0.39108,0.405443,-0.370144,-0.165648,0.914085,-1e-06,-0.000297,-0.000354,7e-06,-2.2e-05,0.000298,-1.058305
650,0.189682,-0.019769,0.292046,-0.415643,0.909492,0.010486,-0.832013,-0.384783,0.399584,0.367965,0.156225,0.916636,-2e-06,-0.000307,-0.00037,0.0,0.0,0.0,-1.63733,-0.142265,-0.038847,0.322705,-0.867903,-0.223035,0.443838,0.412176,-0.821815,0.393275,0.278122,0.524544,0.80459,0.000315,0.008443,0.050478,0.37403,-0.387206,-0.185513,-1.401004,0.056993,0.024113,-0.008541,0.868007,0.211964,0.449035,-0.404828,0.825741,0.392765,-0.287535,-0.522706,0.802559,0.000103,0.004475,0.025522,0.529331,-0.596322,-0.044349,-1.014159,0.093078,0.032659,-0.072001,0.423596,-0.90583,0.006111,0.827078,0.389504,0.40525,-0.369468,-0.166609,0.914184,0.0,-0.000175,-0.00021,3.1e-05,6.7e-05,0.000165,-1.058468
651,0.189669,-0.019746,0.292009,-0.414387,0.910087,0.008368,-0.832961,-0.382883,0.399436,0.367236,0.157416,0.916725,-1e-06,-0.000274,-0.000331,0.0,0.0,0.0,-1.640646,-0.142322,-0.03869,0.324502,-0.868258,-0.24966,0.428709,0.424356,-0.821167,0.381499,0.25788,0.513479,0.818353,0.000884,0.000304,0.041204,0.288736,-0.385448,0.014963,-1.401738,0.056964,0.024198,-0.00765,0.868658,0.238811,0.434052,-0.41717,0.825168,0.380874,-0.267209,-0.511924,0.816414,0.00042,0.000103,0.020553,0.479686,-0.550122,-0.052928,-1.017262,0.093072,0.03267,-0.072019,0.422422,-0.906389,0.004108,0.827991,0.387721,0.405096,-0.368767,-0.16772,0.914264,-1e-06,-0.000193,-0.000233,4e-05,5.5e-05,0.000106,-1.058142
652,0.189669,-0.019749,0.29199,-0.419117,0.907928,0.007268,-0.831165,-0.38682,0.399383,0.365939,0.160215,0.916759,-7e-06,-0.001211,-0.001461,-0.000888,0.015753,-0.024116,-1.64213,-0.142376,-0.038692,0.325198,-0.871514,-0.260369,0.415527,0.42597,-0.821522,0.378928,0.243792,0.507571,0.826317,-0.013972,-0.004473,0.037764,0.461398,-0.450479,-0.272284,-1.401558,0.056942,0.024199,-0.007286,0.872223,0.24878,0.42111,-0.418505,0.825209,0.379319,-0.253136,-0.507088,0.823882,-4.8e-05,0.003556,0.01408,0.51149,-0.623018,-0.051635,-1.017751,0.093072,0.032671,-0.072027,0.427078,-0.904209,0.002919,0.826207,0.391543,0.405061,-0.367402,-0.170581,0.914284,-3e-06,-0.00059,-0.000709,-0.000855,0.015636,-0.023748,-1.058468
653,0.189668,-0.01978,0.291937,-0.423001,0.906142,0.004764,-0.829966,-0.389482,0.399289,0.364189,0.163816,0.916819,-6e-06,-0.001106,-0.001335,-0.020201,-2.315404,-4.900393,-1.63981,-0.142454,-0.038678,0.326431,-0.87679,-0.30283,0.373532,0.443347,-0.809599,0.384614,0.187035,0.503211,0.843599,3.5e-05,0.005984,0.026809,0.303426,-0.631406,0.104833,-1.401877,0.056898,0.024195,-0.006665,0.878227,0.292205,0.378594,-0.436257,0.81384,0.383854,-0.195951,-0.502275,0.842212,1.8e-05,0.002822,0.013219,0.333949,-0.627731,0.087873,-1.023303,0.093071,0.032655,-0.072054,0.42567,-0.904877,0.000527,0.82727,0.389398,0.404959,-0.366644,-0.171943,0.914334,-3e-06,-0.000693,-0.000837,4.1e-05,8e-05,0.000179,-1.055856
654,0.189667,-0.019844,0.291843,-0.421503,0.906849,0.002244,-0.831076,-0.387213,0.399188,0.363392,0.165264,0.916876,-8e-06,-0.001441,-0.001741,0.006128,-0.108728,0.166429,-1.638159,-0.14271,-0.038417,0.327368,-0.875216,-0.358149,0.325143,0.469757,-0.789176,0.395552,0.116025,0.499384,0.858497,-0.014919,0.003289,0.025627,0.163411,-0.415882,0.444626,-1.401611,0.056776,0.024323,-0.006208,0.87717,0.348337,0.330503,-0.463632,0.793528,0.394152,-0.124966,-0.498971,0.85756,-0.000516,0.007419,0.008007,0.20319,-0.537332,0.63319,-1.00877,0.093071,0.032622,-0.072101,0.429546,-0.903042,-0.001967,0.82606,0.392047,0.404873,-0.364847,-0.175536,0.91437,-4e-06,-0.001052,-0.001271,3.3e-05,8.7e-05,0.000263,-1.056019
655,0.189677,-0.01986,0.291726,-0.420231,0.907442,0.000116,-0.832061,-0.385314,0.398974,0.362608,0.166433,0.916975,-1e-05,-0.001755,-0.002122,0.006129,-0.108755,0.166411,-1.640071,-0.143297,-0.038024,0.328223,-0.879258,-0.373011,0.296242,0.468315,-0.789971,0.395678,0.087532,0.487109,0.868865,-0.016128,0.014883,0.017755,0.18301,-0.691495,-0.010486,-1.402473,0.056489,0.02451,-0.005792,0.882045,0.360922,0.30287,-0.460894,0.794422,0.395562,-0.09784,-0.488495,0.867063,-0.008257,0.007606,0.009004,-1.045812,-2.851558,-4.442803,-0.991298,0.093076,0.032611,-0.072156,0.428277,-0.903637,-0.004107,0.827059,0.390143,0.404673,-0.364075,-0.17671,0.914451,-1e-06,-0.000535,-0.000647,3e-05,7.1e-05,0.000173,-1.05308
656,0.189687,-0.019857,0.291681,-0.425081,0.90518,-0.000745,-0.830173,-0.38947,0.398872,0.361285,0.169042,0.91702,-5e-06,-0.00089,-0.001076,0.0,-0.0,-0.0,-1.64046,-0.143644,-0.03786,0.328652,-0.883097,-0.370164,0.288288,0.461773,-0.79384,0.395626,0.083516,0.482967,0.871569,-0.014919,0.004278,0.026499,0.166685,-0.310738,0.277786,-1.402185,0.05631,0.024598,-0.00557,0.885439,0.359878,0.294082,-0.455438,0.797947,0.394785,-0.092588,-0.483495,0.870436,-0.015564,0.00671,0.00898,0.268254,-0.341878,0.253314,-0.992441,0.093081,0.032614,-0.072185,0.433052,-0.901354,-0.005054,0.82519,0.394191,0.404565,-0.362664,-0.179369,0.914494,0.0,-0.000415,-0.000499,2.3e-05,-1.1e-05,0.000374,-1.053407
657,0.189686,-0.019923,0.291567,-0.423963,0.905701,-0.002619,-0.831014,-0.38779,0.398757,0.360661,0.170106,0.917068,-1.6e-05,-0.002865,-0.003468,-0.000888,0.015762,-0.024111,-1.639677,-0.14466,-0.037451,0.329507,-0.872863,-0.398933,0.280988,0.483942,-0.780604,0.395464,0.062671,0.481671,0.87403,-0.031022,0.013624,0.017987,0.000501,-0.105512,0.129377,-1.402428,0.055819,0.024794,-0.005146,0.875608,0.388863,0.286522,-0.47768,0.785098,0.394261,-0.071635,-0.482084,0.87319,-0.015522,0.006841,0.009046,-0.156061,-0.183985,-0.441261,-0.998973,0.09308,0.032586,-0.072235,0.431926,-0.901881,-0.006956,0.82606,0.392494,0.404441,-0.362027,-0.180434,0.914537,-5e-06,-0.001274,-0.001542,0.006159,-0.108682,0.166624,-1.054386
658,0.189674,-0.020011,0.291447,-0.428172,0.903712,-0.00455,-0.829566,-0.390976,0.398661,0.359023,0.173343,0.917105,-1.6e-05,-0.002903,-0.003517,-0.000888,0.015762,-0.024111,-1.637289,-0.145953,-0.037023,0.330094,-0.865282,-0.42605,0.26412,0.500261,-0.765721,0.40416,0.031136,0.482379,0.875331,-0.030696,0.009997,0.014019,-0.090169,-0.197851,0.108362,-1.402551,0.05516,0.025019,-0.00484,0.868459,0.416003,0.269663,-0.494136,0.770332,0.40301,-0.040077,-0.483249,0.874564,-0.015325,0.004533,0.006547,-0.325665,-0.710909,0.390805,-1.004035,0.093074,0.032541,-0.072298,0.436134,-0.899837,-0.008855,0.824578,0.395678,0.404362,-0.360356,-0.183658,0.914555,-4e-06,-0.001064,-0.001285,0.006158,-0.108811,0.166802,-1.056019
659,0.189662,-0.020061,0.291386,-0.427688,0.903936,-0.005365,-0.829925,-0.390246,0.398629,0.358768,0.173815,0.917116,-1.8e-05,-0.003294,-0.003994,-0.000888,0.015762,-0.024111,-1.637269,-0.146736,-0.03682,0.330278,-0.8614,-0.442492,0.249364,0.507761,-0.756866,0.411419,0.007767,0.481573,0.876294,-0.045463,0.006229,0.011728,-0.155173,-0.232609,-0.462041,-1.40253,0.054757,0.025126,-0.004742,0.865003,0.432352,0.254636,-0.501493,0.761649,0.410358,-0.016524,-0.48266,0.875651,-0.022722,0.002928,0.005694,-0.146811,-0.213359,-0.474851,-0.998646,0.093068,0.032516,-0.072327,0.43565,-0.900063,-0.009676,0.824947,0.394946,0.404326,-0.360098,-0.184127,0.914563,-5e-06,-0.001322,-0.001601,2.9e-05,9.3e-05,0.000266,-1.057325
660,0.189673,-0.020204,0.291228,-0.426527,0.904471,-0.007304,-0.830772,-0.388495,0.398575,0.358188,0.174943,0.917128,-1.9e-05,-0.003505,-0.004256,0.0,0.0,0.0,-1.637473,-0.148636,-0.036398,0.330277,-0.860032,-0.460721,0.219254,0.508946,-0.745712,0.42991,-0.033487,0.481906,0.875505,-0.046071,0.008933,-0.005489,-0.092746,-0.219818,0.248794,-1.402352,0.053824,0.02534,-0.004733,0.863864,0.450687,0.224987,-0.503125,0.750204,0.429019,0.024567,-0.483811,0.874826,-0.031054,0.008927,-0.007154,-0.274825,-0.64593,0.380318,-0.990971,0.093074,0.032444,-0.072407,0.434504,-0.900594,-0.011604,0.825805,0.393212,0.404264,-0.359515,-0.185237,0.914567,-1e-05,-0.002086,-0.002531,-0.000869,0.015845,-0.023937,-1.059285
661,0.189673,-0.020394,0.291029,-0.430888,0.902386,-0.008959,-0.829175,-0.391913,0.398554,0.35667,0.178035,0.917125,-2.6e-05,-0.004653,-0.005661,-0.000888,0.01576,-0.024112,-1.63642,-0.151243,-0.035861,0.329466,-0.852185,-0.484749,0.196954,0.517966,-0.729064,0.447336,-0.072181,0.483841,0.872096,-0.062727,0.019853,-0.032372,-1.537367,-2.990337,-4.207101,-1.402375,0.052555,0.025601,-0.005113,0.858366,0.470343,0.204898,-0.509731,0.736607,0.444503,0.058139,-0.48599,0.872028,-0.038802,0.009024,-0.016257,-0.376516,0.281509,0.188483,-0.983787,0.093074,0.032356,-0.072506,0.438914,-0.898432,-0.013136,0.824141,0.39671,0.404241,-0.357972,-0.188253,0.914557,-1e-05,-0.002483,-0.003021,-0.000858,0.015867,-0.023854,-1.062224
662,0.18964,-0.020583,0.290851,-0.43549,0.900161,-0.010206,-0.827368,-0.395695,0.398572,0.355278,0.180895,0.917105,-2.2e-05,-0.003756,-0.004578,0.0,-0.0,-0.0,-1.631276,-0.154058,-0.035012,0.327706,-0.847612,-0.499969,0.177696,0.519901,-0.716166,0.465557,-0.104437,0.487626,0.866704,-0.063378,0.020254,-0.052122,-0.313349,-0.091989,-0.158468,-1.402619,0.051119,0.026035,-0.005995,0.852217,0.490083,0.183151,-0.51439,0.720936,0.464385,0.095546,-0.489968,0.866488,-0.03964,0.014175,-0.030919,-0.645881,-0.701367,-1.092423,-0.982154,0.093057,0.032253,-0.072598,0.443454,-0.89618,-0.014443,0.822329,0.400395,0.404299,-0.356542,-0.191165,0.914512,-1e-05,-0.002191,-0.002668,-0.000881,0.015813,-0.023741,-1.059775
663,0.18964,-0.020664,0.290768,-0.440367,0.897776,-0.010953,-0.825341,-0.399915,0.398563,0.353983,0.183435,0.917102,-2.1e-05,-0.003575,-0.004361,0.017273,-0.645043,-1.544629,-1.632615,-0.155595,-0.034462,0.326419,-0.845601,-0.50712,0.166671,0.518873,-0.707994,0.479009,-0.123848,0.492171,0.861564,-0.080277,0.035423,-0.07468,-0.315099,0.222108,0.167848,-1.40262,0.050356,0.026305,-0.00663,0.850056,0.497827,0.171964,-0.513912,0.712489,0.477757,0.115317,-0.494495,0.861495,-0.039552,0.011858,-0.033451,-0.578119,0.130228,-0.09306,-0.982154,0.093057,0.032212,-0.072639,0.446709,-0.894549,-0.015181,0.820995,0.403118,0.404304,-0.35555,-0.19307,0.914498,2.5e-05,-0.001201,-0.001786,0.061168,-2.300452,-4.911767,-1.059122
664,0.18964,-0.020778,0.290677,-0.439227,0.898309,-0.012865,-0.82618,-0.398193,0.398548,0.353438,0.184562,0.917085,-8e-06,-0.00135,-0.001649,0.006127,-0.108737,0.166423,-1.63372,-0.15871,-0.033138,0.323123,-0.845173,-0.515748,0.140274,0.507818,-0.693373,0.511163,-0.165303,0.503905,0.847714,-0.066196,0.038857,-0.093169,-1.651568,-2.609924,0.691501,-1.403181,0.048793,0.026963,-0.008273,0.849849,0.505749,0.148233,-0.504184,0.698291,0.508122,0.153472,-0.506564,0.848432,-0.040631,0.018435,-0.046851,-1.476154,-2.278414,-4.010371,-0.974643,0.093057,0.032152,-0.072689,0.447257,-0.894244,-0.016951,0.821062,0.402991,0.404295,-0.354707,-0.194742,0.914471,-3e-06,-0.000729,-0.000889,1.1e-05,0.000117,0.000323,-1.063857
665,0.189585,-0.020864,0.290672,-0.44372,0.896113,-0.011818,-0.823404,-0.402381,0.400084,0.354313,0.186139,0.916429,-0.014719,-0.011963,0.00788,-0.076539,0.084302,-0.073905,-1.633712,-0.16155,-0.031927,0.319563,-0.846612,-0.517362,0.124804,0.496142,-0.682729,0.536338,-0.191204,0.516642,0.834497,-0.080271,0.023872,-0.088158,-1.105537,-2.756003,-3.943101,-1.403496,0.047378,0.027567,-0.010063,0.854372,0.50298,0.130606,-0.487749,0.689451,0.535497,0.179298,-0.521217,0.834377,-0.033065,0.016983,-0.049449,-0.526654,0.300324,0.741191,-0.97252,0.09303,0.032109,-0.072691,0.451658,-0.892048,-0.015947,0.818276,0.40705,0.405873,-0.355566,-0.196365,0.913789,-0.007359,-0.005903,0.00404,-0.076505,0.08407,-0.073335,-1.061245
666,0.189529,-0.020877,0.290692,-0.443354,0.896285,-0.012462,-0.823672,-0.401813,0.400103,0.354146,0.186534,0.916413,-0.015156,-8.4e-05,0.000648,-0.000984,0.014715,-0.029553,-1.63302,-0.162835,-0.031437,0.317794,-0.851548,-0.511133,0.116619,0.484411,-0.682356,0.547421,-0.199153,0.52329,0.828474,-0.06539,0.024138,-0.089755,-0.297669,0.121711,0.618997,-1.403259,0.04673,0.027809,-0.01095,0.856525,0.501347,0.122536,-0.479818,0.686082,0.54687,0.190102,-0.527202,0.828201,-0.03263,0.012057,-0.04482,-0.391321,0.287499,0.485152,-0.975622,0.093007,0.032103,-0.072681,0.451275,-0.892229,-0.016653,0.818579,0.406448,0.405866,-0.355356,-0.196789,0.91378,0.0,0.000222,0.000274,0.000695,-0.000899,0.000779,-1.061734
667,0.18935,-0.020928,0.290803,-0.442852,0.89652,-0.013393,-0.823981,-0.400981,0.400302,0.354055,0.187192,0.916314,-0.015152,0.000412,0.001249,-0.000984,0.014715,-0.029553,-1.632704,-0.165193,-0.030819,0.314695,-0.853318,-0.509651,0.109985,0.474661,-0.672406,0.567892,-0.214393,0.537438,0.815512,-0.048727,0.006227,-0.070715,-0.945444,-2.956117,-4.092366,-1.403409,0.045545,0.028117,-0.012514,0.861444,0.494458,0.115866,-0.465996,0.678901,0.567397,0.201893,-0.542774,0.81525,-0.031813,0.003106,-0.034556,-0.400209,0.232591,0.449484,-0.972846,0.092918,0.032079,-0.072624,0.450768,-0.892466,-0.017598,0.818903,0.405606,0.406054,-0.355252,-0.197448,0.913679,0.0,0.000477,0.000584,3.2e-05,8.7e-05,0.000206,-1.060918
668,0.189104,-0.020983,0.290927,-0.442137,0.896852,-0.014712,-0.824449,-0.399814,0.400506,0.353858,0.18809,0.916206,-0.015151,0.000547,0.001408,0.005115,-0.093896,0.136953,-1.632792,-0.167283,-0.030704,0.312379,-0.854734,-0.508512,0.104103,0.465616,-0.66282,0.586349,-0.228083,0.550282,0.803138,-0.048012,0.003011,-0.0542,-0.161181,0.135535,0.152781,-1.403832,0.044482,0.028168,-0.013709,0.860403,0.497619,0.109913,-0.460389,0.666523,0.586334,0.218512,-0.555086,0.802577,-0.023959,0.001815,-0.026707,-0.035152,0.105392,0.149481,-0.977419,0.092795,0.032052,-0.072561,0.450128,-0.892765,-0.018798,0.819327,0.404546,0.406258,-0.355089,-0.19827,0.913564,2e-06,0.000532,0.000654,1.3e-05,7.1e-05,0.000132,-1.062061
669,0.188777,-0.021041,0.291003,-0.446558,0.89463,-0.016349,-0.822705,-0.403276,0.400621,0.352366,0.191235,0.91613,-0.015158,-0.000298,0.00037,0.00583,-0.111795,0.095966,-1.633142,-0.169182,-0.030838,0.310933,-0.859083,-0.503127,0.093973,0.45167,-0.65916,0.601196,-0.239447,0.559553,0.793365,-0.046299,-0.008009,-0.025452,-0.104378,0.050259,0.112708,-1.403431,0.043568,0.0281,-0.014421,0.864775,0.492185,0.099583,-0.446541,0.66301,0.600847,0.229703,-0.564066,0.793136,-0.023115,-0.003843,-0.012504,-0.08604,0.068554,0.128141,-0.979378,0.092637,0.032024,-0.072521,0.454391,-0.890567,-0.020416,0.817619,0.407854,0.406389,-0.35359,-0.201352,0.913471,-2e-06,-2.5e-05,-2.5e-05,0.007895,-0.201522,-0.460273,-1.06304
670,0.188619,-0.021076,0.291017,-0.446128,0.89483,-0.017145,-0.823023,-0.402592,0.400655,0.352166,0.191738,0.916102,-0.0,-1.9e-05,-2.3e-05,0.006074,-0.108563,0.166539,-1.632779,-0.17005,-0.030914,0.310539,-0.857415,-0.506942,0.088545,0.450817,-0.657225,0.603948,-0.246887,0.558387,0.791905,-0.046292,-0.002738,-0.019569,0.022692,-0.038871,0.085176,-1.403123,0.043117,0.028055,-0.014631,0.863275,0.495861,0.09421,-0.44568,0.66127,0.603398,0.236903,-0.562887,0.791854,-0.023119,-0.0012,-0.009554,0.069482,0.063256,-0.121018,-0.980031,0.092552,0.032006,-0.072515,0.454118,-0.890688,-0.021201,0.817871,0.407318,0.406421,-0.353359,-0.201903,0.913439,-2e-06,-3.1e-05,-3e-05,1.2e-05,9e-06,0.00027,-1.063204
671,0.188291,-0.021151,0.29104,-0.445514,0.895113,-0.018326,-0.82347,-0.401591,0.400742,0.351899,0.192511,0.916042,-1e-05,-0.000975,-0.00119,0.006058,-0.108537,0.166556,-1.633218,-0.171973,-0.031092,0.310115,-0.851599,-0.518513,0.076903,0.452627,-0.653664,0.606454,-0.263107,0.551915,0.791219,-0.045406,-0.007555,-0.004337,-0.006548,0.044072,-0.086509,-1.403604,0.042155,0.027973,-0.014844,0.857516,0.507837,0.082255,-0.44776,0.65801,0.605419,0.253329,-0.555988,0.791644,-0.030242,-0.004244,-0.001955,-0.007517,0.076118,-0.152297,-0.983134,0.092383,0.031971,-0.072501,0.453518,-0.890965,-0.022368,0.818319,0.406334,0.406504,-0.353092,-0.202661,0.913374,-0.007587,-0.000722,-0.000512,-0.001841,0.030505,-0.053524,-1.062387
672,0.187997,-0.021224,0.291062,-0.44493,0.89538,-0.01944,-0.823888,-0.400642,0.40083,0.351656,0.193241,0.915982,-2e-06,-0.000174,-0.000212,0.0,0.0,0.0,-1.63067,-0.174068,-0.031078,0.310077,-0.848522,-0.525613,0.061103,0.448341,-0.653049,0.610288,-0.279797,0.545898,0.789666,-0.06035,-0.000304,0.005173,-0.059412,-0.129856,0.03438,-1.403534,0.041114,0.027976,-0.014867,0.854468,0.515212,0.066633,-0.443776,0.657201,0.609219,0.270086,-0.550129,0.790197,-0.023025,0.006121,-0.001357,-0.154314,-0.675721,0.501747,-0.989502,0.092236,0.031931,-0.072493,0.452862,-0.891267,-0.02361,0.818807,0.405274,0.406581,-0.352803,-0.203458,0.913309,-0.007583,-0.000239,7.3e-05,-0.000971,0.014752,-0.029446,-1.061571
673,0.187873,-0.021275,0.291088,-0.444546,0.895555,-0.02014,-0.824148,-0.400024,0.400915,0.351533,0.193707,0.91593,0.000414,-0.011451,0.007758,-0.029723,-0.096446,0.147941,-1.630021,-0.175191,-0.031048,0.310151,-0.848366,-0.526579,0.054606,0.445034,-0.653747,0.611959,-0.285471,0.544128,0.788857,-0.045252,-0.000143,0.003914,-0.177676,-0.589451,0.416914,-1.40334,0.040547,0.027998,-0.014821,0.854266,0.516261,0.06085,-0.440954,0.657665,0.610766,0.275295,-0.548589,0.789469,-0.030164,1.7e-05,0.002781,-0.577854,-2.050613,1.553846,-0.987053,0.092174,0.03191,-0.072484,0.452546,-0.891412,-0.024202,0.81903,0.404759,0.406644,-0.352691,-0.203848,0.913265,-0.007583,-0.000157,0.00017,-0.000943,0.014752,-0.029467,-1.061408
674,0.187649,-0.021376,0.291139,-0.443822,0.895883,-0.021455,-0.824629,-0.398858,0.401087,0.351317,0.194586,0.915827,-0.014756,-0.011738,0.008118,-0.030717,-0.081677,0.118421,-1.628205,-0.177625,-0.030994,0.310354,-0.846596,-0.530091,0.047654,0.443948,-0.654194,0.61227,-0.292311,0.540168,0.789074,-0.075371,0.000377,0.006995,-0.062284,-0.114734,0.00466,-1.403021,0.039341,0.028029,-0.014717,0.852529,0.519963,0.05321,-0.439594,0.658212,0.611157,0.282755,-0.54442,0.789718,-0.030134,0.00068,0.003441,-0.205551,-0.652203,0.458831,-0.983297,0.092067,0.031859,-0.072458,0.451813,-0.891746,-0.025541,0.819533,0.403573,0.406809,-0.352463,-0.204733,0.913155,-2e-06,-2.2e-05,-2.1e-05,8e-06,2.3e-05,4.8e-05,-1.062224
675,0.187492,-0.021462,0.291189,-0.443066,0.896224,-0.02279,-0.825137,-0.39766,0.401232,0.351077,0.195459,0.915733,-0.0,-2e-06,-2e-06,0.0,0.0,0.0,-1.626672,-0.180256,-0.030864,0.31051,-0.841577,-0.538775,0.038222,0.445429,-0.652493,0.613009,-0.304267,0.533596,0.789024,-0.060981,0.012108,-0.002037,-0.147318,-0.600232,0.427792,-1.402971,0.037998,0.028095,-0.014635,0.847558,0.528888,0.043841,-0.441267,0.656424,0.611875,0.294835,-0.537945,0.789738,-0.030494,0.006038,-0.000991,-0.174129,-0.659138,0.473841,-0.98395,0.091983,0.031812,-0.07243,0.451012,-0.89211,-0.026973,0.820084,0.402294,0.406965,-0.352206,-0.205666,0.913044,-1e-06,1.1e-05,1.7e-05,0.006038,-0.108385,0.166693,-1.061898
676,0.187368,-0.021501,0.291228,-0.44236,0.896541,-0.024025,-0.825639,-0.396564,0.401283,0.350785,0.19623,0.91568,2e-06,0.000187,0.000228,0.0,0.0,0.0,-1.625758,-0.183129,-0.030711,0.310579,-0.83973,-0.542391,0.025612,0.4412,-0.654277,0.614164,-0.315295,0.527714,0.788651,-0.076163,0.008761,-0.004823,0.030375,0.062119,-0.130049,-1.403069,0.036618,0.028176,-0.014593,0.845852,0.53253,0.030733,-0.436759,0.658354,0.613033,0.306225,-0.531959,0.789458,-0.037705,-0.000696,0.002296,-0.022588,0.086316,-0.159069,-0.984767,0.091921,0.031793,-0.07241,0.450312,-0.892424,-0.028213,0.820596,0.401201,0.407011,-0.351908,-0.206433,0.912987,1e-06,0.000146,0.000179,0.006029,-0.108373,0.166706,-1.061898
677,0.187335,-0.021519,0.291241,-0.447273,0.894082,-0.024687,-0.82356,-0.400854,0.401294,0.349445,0.198705,0.915659,0.000406,-0.011388,0.007836,-0.035756,0.012063,-0.018646,-1.62353,-0.184514,-0.030659,0.31061,-0.839156,-0.543419,0.022445,0.439948,-0.654178,0.615167,-0.318546,0.52678,0.787969,-0.075394,-0.001109,0.004684,-0.064895,-0.114488,0.004048,-1.403196,0.035869,0.028201,-0.014582,0.845235,0.533662,0.02793,-0.435739,0.657998,0.614141,0.309366,-0.531264,0.7887,-0.037702,-0.0006,0.002338,-0.071544,-0.125965,0.013374,-0.985256,0.091904,0.031789,-0.072406,0.455215,-0.889913,-0.028851,0.818485,0.405482,0.407019,-0.350513,-0.208896,0.912963,-1e-06,-5e-06,1e-06,3e-06,-0.000254,0.000319,-1.061734
678,0.187335,-0.021502,0.291261,-0.44627,0.894535,-0.026361,-0.824331,-0.399364,0.401195,0.348906,0.199657,0.915657,1.6e-05,0.001236,0.001509,0.00688,-0.12408,0.190812,-1.623221,-0.187256,-0.030601,0.310719,-0.83691,-0.54701,0.0188,0.440955,-0.653724,0.614928,-0.32302,0.523617,0.788255,-0.075396,-0.001001,0.00456,-0.198796,-0.46484,0.177941,-1.403059,0.034498,0.02823,-0.014528,0.843026,0.537316,0.024438,-0.436933,0.657617,0.6137,0.31368,-0.528043,0.78916,-0.037704,-0.000541,0.00228,-0.241931,-0.525392,0.226845,-0.988522,0.091905,0.031791,-0.072396,0.454225,-0.890363,-0.030521,0.819258,0.404,0.406938,-0.349993,-0.209846,0.912945,8e-06,0.000611,0.000749,0.006912,-0.124005,0.190974,-1.061898
679,0.187347,-0.021479,0.291288,-0.44554,0.894863,-0.027573,-0.82489,-0.398282,0.401122,0.348517,0.200345,0.915655,7e-06,0.000523,0.000638,0.0,0.0,0.0,-1.629305,-0.18941,-0.030816,0.310762,-0.833285,-0.552299,0.02434,0.449311,-0.651156,0.611596,-0.320878,0.521265,0.790686,-0.045711,-0.006684,-0.004263,0.464951,-0.249256,-0.326786,-1.403365,0.033438,0.028133,-0.014495,0.840379,0.541153,0.030269,-0.443556,0.654573,0.612202,0.311482,-0.527908,0.790121,-0.022553,-0.008984,0.001929,-0.070843,0.170309,-0.309473,-0.991951,0.091911,0.031804,-0.07238,0.453497,-0.890691,-0.031738,0.819829,0.40292,0.406859,-0.349598,-0.210529,0.912938,3e-06,0.000266,0.000325,1e-06,4.3e-05,9.2e-05,-1.062388
680,0.187347,-0.021463,0.291309,-0.450499,0.892359,-0.028126,-0.822774,-0.402669,0.401088,0.347145,0.202719,0.915654,1e-05,0.000756,0.000922,0.0,-4e-06,-9e-06,-1.627942,-0.190075,-0.031082,0.310666,-0.831402,-0.554989,0.027364,0.453595,-0.649636,0.610048,-0.319738,0.520305,0.791778,-0.030328,-0.021411,-0.001265,0.071673,-0.018693,-0.152961,-1.403262,0.033089,0.027999,-0.014542,0.837669,0.54519,0.032804,-0.449389,0.653846,0.608715,0.310417,-0.524644,0.792709,-0.015193,-0.011086,-0.001032,0.04723,-0.01485,-0.15751,-0.992115,0.091911,0.031812,-0.07237,0.458452,-0.888132,-0.032252,0.817666,0.407303,0.406849,-0.3482,-0.212892,0.912925,6e-06,0.000468,0.000574,0.006026,-0.108591,0.167055,-1.062551
681,0.187314,-0.02143,0.291382,-0.449864,0.892645,-0.0292,-0.823251,-0.401712,0.40107,0.346839,0.203353,0.91563,1.7e-05,0.00131,0.001598,0.0,-0.0,-0.0,-1.625729,-0.190195,-0.031873,0.310195,-0.836483,-0.545706,0.049929,0.461558,-0.652749,0.600679,-0.294143,0.526189,0.79779,0.014516,-0.027175,-0.011181,0.191028,0.333545,0.318542,-1.403651,0.033018,0.02762,-0.014765,0.841647,0.537229,0.05489,-0.457994,0.656246,0.599651,0.286129,-0.529834,0.798376,0.007029,-0.013886,-0.006107,1.091769,5.39701,2.588631,-0.995871,0.091894,0.031831,-0.072337,0.457807,-0.888425,-0.033348,0.81817,0.406336,0.406801,-0.347862,-0.213521,0.912907,1.3e-05,0.000974,0.00119,2.6e-05,7.1e-05,0.000175,-1.062061
682,0.187236,-0.021345,0.291506,-0.45462,0.890202,-0.030107,-0.821264,-0.40579,0.401038,0.345349,0.205936,0.915615,-0.015119,0.002723,0.004016,-0.000114,-0.000987,-0.005403,-1.627231,-0.188799,-0.033031,0.309486,-0.856417,-0.502816,0.117123,0.469517,-0.664528,0.581282,-0.213363,0.553442,0.80501,0.060218,-0.045581,-0.014902,1.483918,5.876509,2.591539,-1.404552,0.033704,0.027045,-0.015121,0.858812,0.498102,0.119726,-0.467482,0.666406,0.580829,0.209526,-0.554793,0.805172,0.022238,-0.017139,-0.010891,0.709273,2.170738,-1.471277,-0.999463,0.091861,0.031868,-0.072275,0.462557,-0.885928,-0.034207,0.816129,0.410406,0.406816,-0.34637,-0.216093,0.912868,1.4e-05,0.001144,0.001397,7e-06,9.9e-05,0.000263,-1.060755
683,0.187191,-0.021282,0.291569,-0.454412,0.890373,-0.028114,-0.820469,-0.405966,0.402485,0.34751,0.204851,0.915041,-0.015115,0.002799,0.004104,0.004794,-0.107819,0.160558,-1.627947,-0.187551,-0.033879,0.309074,-0.861551,-0.484582,0.151331,0.475369,-0.665845,0.574985,-0.176776,0.567925,0.803787,0.090673,-0.047753,-0.019978,-0.214525,0.556807,0.382989,-1.404246,0.034316,0.02662,-0.015327,0.86542,0.475885,0.156785,-0.472318,0.670395,0.572264,0.167224,-0.569301,0.804942,0.030103,-0.024731,-0.009839,0.214828,2.374211,-1.102149,-0.996034,0.091838,0.0319,-0.072243,0.462412,-0.886085,-0.032033,0.815246,0.410683,0.408304,-0.348636,-0.21492,0.912283,1.4e-05,0.00117,0.001427,9.8e-05,-6.2e-05,0.000319,-1.062387
684,0.187079,-0.021189,0.29172,-0.453985,0.890567,-0.028881,-0.820795,-0.405305,0.402487,0.347297,0.205318,0.915017,3.8e-05,0.002779,0.003378,0.005996,-0.108359,0.166675,-1.625244,-0.18374,-0.035952,0.308133,-0.873613,-0.434629,0.218838,0.47681,-0.675485,0.562411,-0.095517,0.596217,0.797035,0.122385,-0.063966,-0.021117,-0.066215,0.493617,0.689501,-1.404084,0.036209,0.025589,-0.015797,0.876792,0.425011,0.224946,-0.473153,0.67904,0.561276,0.0858,-0.598556,0.796471,0.053167,-0.027261,-0.015072,0.521876,2.755249,-0.601757,-1.006648,0.091777,0.031948,-0.072165,0.461985,-0.886278,-0.032859,0.815603,0.410008,0.408269,-0.348367,-0.215414,0.912269,2e-05,0.001623,0.001974,0.000932,-0.015744,0.024326,-1.06451
685,0.186992,-0.021187,0.29189,-0.458682,0.888124,-0.029876,-0.818748,-0.409246,0.402667,0.345958,0.208049,0.914907,0.000431,-0.00927,0.010409,-0.029763,-0.096231,0.148074,-1.626397,-0.178845,-0.038408,0.30694,-0.885422,-0.357049,0.297546,0.464631,-0.687659,0.557832,0.006549,0.632611,0.774354,0.123432,-0.070085,-0.029964,1.655317,5.816318,2.957722,-1.404701,0.038656,0.024365,-0.016387,0.886165,0.352548,0.3007,-0.463246,0.688994,0.557395,-0.010671,-0.633242,0.773879,0.069375,-0.035556,-0.016306,-0.25906,2.229042,-0.682776,-1.00877,0.091733,0.031955,-0.072082,0.466666,-0.883785,-0.033835,0.813531,0.413933,0.408443,-0.346971,-0.218132,0.912156,1.5e-05,0.001192,0.001451,0.000877,-0.01562,0.024406,-1.064184
686,0.186949,-0.02116,0.292021,-0.458118,0.888382,-0.030842,-0.819144,-0.408371,0.402751,0.345767,0.208663,0.91484,2.4e-05,0.001706,0.00207,0.0,0.0,0.0,-1.627994,-0.173315,-0.041261,0.305403,-0.875002,-0.293404,0.385067,0.472683,-0.688879,0.549499,0.105136,0.663191,0.740937,0.14039,-0.075384,-0.03998,0.179538,1.681985,0.523321,-1.404555,0.041414,0.022939,-0.017153,0.875832,0.283825,0.390333,-0.468877,0.692011,0.548885,-0.114328,-0.66375,0.739164,0.077755,-0.03738,-0.02042,1.756236,4.192617,3.213628,-1.018894,0.091712,0.031963,-0.072014,0.466035,-0.884076,-0.034916,0.813982,0.41295,0.408539,-0.346761,-0.218815,0.912072,1.4e-05,0.001136,0.001381,0.000882,-0.015612,0.024312,-1.065327
687,0.18695,-0.021141,0.292061,-0.457774,0.888538,-0.031417,-0.819406,-0.407858,0.402738,0.3456,0.208998,0.914827,2.2e-05,0.001528,0.001853,0.0,0.0,0.0,-1.626886,-0.170164,-0.042661,0.304537,-0.860358,-0.278642,0.426772,0.489282,-0.685533,0.539056,0.143439,0.672937,0.725565,0.156973,-0.072239,-0.038979,0.071848,1.578679,-1.268427,-1.404621,0.042925,0.022253,-0.017577,0.862944,0.268507,0.428053,-0.4825,0.689451,0.540231,-0.150066,-0.672726,0.724513,0.078343,-0.035985,-0.019355,2.107338,3.64038,2.930927,-1.020854,0.091712,0.031973,-0.071994,0.465703,-0.884229,-0.035475,0.814242,0.412452,0.408525,-0.346597,-0.219137,0.912057,3e-06,0.000339,0.000411,9e-06,5.9e-05,0.00013,-1.06647
688,0.186939,-0.021141,0.292093,-0.462432,0.886087,-0.032421,-0.817436,-0.411809,0.402721,0.344065,0.211629,0.9148,2e-06,0.000121,0.000147,0.0,-0.0,-0.0,-1.626716,-0.164118,-0.044759,0.302721,-0.849279,-0.244533,0.467888,0.48996,-0.694755,0.526487,0.197385,0.676682,0.709228,0.156994,-0.044001,-0.050417,0.619418,1.768121,-0.417765,-1.405082,0.046006,0.021161,-0.01851,0.849971,0.234683,0.471669,-0.484807,0.698816,0.525944,-0.20618,-0.675706,0.70775,0.0706,-0.022103,-0.02454,2.420697,3.768448,2.349792,-1.0122,0.091707,0.031975,-0.071975,0.470344,-0.881729,-0.036463,0.812238,0.416381,0.408527,-0.345028,-0.221765,0.912017,0.0,1.7e-05,2.5e-05,2e-06,1.7e-05,0.000292,-1.06696
689,0.18694,-0.021128,0.292126,-0.462108,0.88632,-0.030623,-0.816711,-0.411789,0.40421,0.34622,0.210694,0.914203,7e-06,0.000501,0.000607,-0.0,0.0,-0.0,-1.627396,-0.158287,-0.045692,0.300912,-0.844969,-0.240497,0.477681,0.496615,-0.683933,0.534362,0.199244,0.689039,0.6967,0.156044,-0.00493,-0.047397,-0.753406,-1.327594,1.004324,-1.404621,0.048981,0.020662,-0.019454,0.844947,0.22942,0.483145,-0.491797,0.688335,0.533225,-0.210233,-0.688157,0.694435,0.078052,-0.001794,-0.022952,-0.718143,-1.316116,0.968877,-1.014812,0.091707,0.03198,-0.07196,0.470005,-0.881982,-0.034666,0.811512,0.416336,0.410016,-0.347194,-0.220841,0.911419,4e-06,0.000295,0.000359,0.000224,-0.000224,0.000294,-1.067449
690,0.186929,-0.021122,0.292133,-0.461963,0.886387,-0.030872,-0.816827,-0.411572,0.404195,0.346137,0.210835,0.914202,2e-06,0.000122,0.000148,-0.0,0.0,-0.0,-1.627093,-0.155472,-0.04562,0.300084,-0.849113,-0.227839,0.476539,0.488521,-0.681448,0.544895,0.201648,0.695754,0.689295,0.1394,0.014188,-0.044136,-0.431374,-0.08657,0.281796,-1.404713,0.05029,0.020683,-0.019842,0.848312,0.217022,0.482978,-0.484484,0.686165,0.542634,-0.213639,-0.694318,0.687225,0.070265,0.00176,-0.017779,-0.504868,0.74895,-0.420318,-1.016445,0.091702,0.031983,-0.071956,0.469859,-0.88205,-0.034919,0.811633,0.416117,0.409997,-0.347108,-0.220982,0.911417,-0.0,4.7e-05,5.7e-05,3.9e-05,1.6e-05,0.000146,-1.065817
691,0.186928,-0.021125,0.292114,-0.461457,0.88662,-0.031723,-0.817241,-0.410828,0.404116,0.345834,0.211302,0.914209,-1.9e-05,-0.001353,-0.00164,-0.000868,0.015689,-0.024159,-1.625873,-0.15079,-0.044842,0.298755,-0.84434,-0.215479,0.490561,0.492401,-0.672658,0.552274,0.21203,0.708122,0.673401,0.10775,0.023737,-0.028732,-0.122835,0.050382,0.321711,-1.404581,0.05269,0.021077,-0.020524,0.844046,0.204222,0.49586,-0.487756,0.67666,0.551565,-0.222888,-0.707406,0.670743,0.053332,0.018016,-0.017771,-0.075118,0.129104,0.171186,-1.018241,0.091701,0.031984,-0.071963,0.469354,-0.882285,-0.035773,0.812055,0.415374,0.409914,-0.346802,-0.221445,0.911422,-1.1e-05,-0.000696,-0.000843,-0.000857,0.015727,-0.024074,-1.066796
