frame,MLTx,MLTy,MLTz,MLTR1,MLTR2,MLTR3,MLTR4,MLTR5,MLTR6,MLTR7,MLTR8,MLTR9,MLTTVx,MLTTVy,MLTTVz,MLTRVx,MLTRVy,MLTRVz,MLGA,MRTx,MRTy,MRTz,MRTR1,MRTR2,MRTR3,MRTR4,MRTR5,MRTR6,MRTR7,MRTR8,MRTR9,MRTTVx,MRTTVy,MRTTVz,MRTRVx,MRTRVy,MRTRVz,MRGA,SLTx,SLTy,SLTz,SLTR1,SLTR2,SLTR3,SLTR4,SLTR5,SLTR6,SLTR7,SLTR8,SLTR9,SLTTVx,SLTTVy,SLTTVz,SLTRVx,SLTRVy,SLTRVz,SLGA,SRTx,SRTy,SRTz,SRTR1,SRTR2,SRTR3,SRTR4,SRTR5,SRTR6,SRTR7,SRTR8,SRTR9,SRTTVx,SRTTVy,SRTTVz,SRTRVx,SRTRVy,SRTRVz,SRGA
613,0.080102,-0.002113,0.372212,-0.265504,0.676839,-0.686616,-0.708979,-0.619625,-0.336728,-0.653032,0.396549,0.645232,0.021773,0.022066,0.017474,0.003604,-0.053085,0.106986,-0.842115,-0.074548,0.029736,0.35489,0.365202,0.750617,0.550631,-0.744269,0.59075,-0.311468,-0.559509,-0.29702,0.773687,-0.03707,-0.012731,-0.004572,-0.008364,0.049755,-0.085206,-0.85567,0.053771,0.033268,-0.006597,-0.339938,-0.74825,0.569705,0.728855,-0.592436,-0.343203,0.594316,0.298565,0.746757,-0.012159,-0.004876,-0.001974,-0.019426,0.123798,-0.266019,-0.852664,0.078019,0.024211,-0.057612,-0.312852,0.708136,-0.632981,-0.676366,-0.633981,-0.37496,-0.666822,0.310821,0.677302,0.017075,0.004302,0.012281,-0.028218,-0.051325,0.12224,-0.830515
614,0.08125,-0.001387,0.372882,-0.269128,0.676268,-0.685767,-0.708414,-0.621324,-0.33478,-0.652158,0.394864,0.647148,0.021461,0.02154,0.016874,0.003608,-0.053071,0.106993,-0.849323,-0.075842,0.029355,0.354728,0.361322,0.749874,0.55419,-0.739227,0.592654,-0.319749,-0.568641,-0.295091,0.767745,-0.037823,-0.010354,-0.002827,2.065969,1.683268,-0.903154,-0.855587,0.053111,0.03307,-0.006683,-0.336377,-0.747664,0.572579,0.723779,-0.59424,-0.350745,0.602489,0.296439,0.741033,-0.018945,-0.005068,-0.001312,2.064506,1.681195,-0.902623,-0.852011,0.078594,0.024577,-0.057274,-0.316428,0.707294,-0.632145,-0.675681,-0.635782,-0.373143,-0.665828,0.309055,0.679084,0.017349,0.009116,0.007328,0.005733,-0.056519,0.112509,-0.833781
615,0.082422,-0.000705,0.373525,-0.278608,0.673655,-0.684552,-0.705144,-0.627338,-0.330441,-0.65171,0.389804,0.650657,0.033525,0.007674,0.023492,-0.02999,-0.049996,0.120449,-0.855543,-0.077242,0.0291,0.35458,0.365579,0.745196,0.557697,-0.732286,0.600163,-0.321708,-0.574876,-0.291729,0.764379,-0.038102,-0.00942,-0.002158,-0.00622,0.045775,-0.087637,-0.852171,0.052425,0.032948,-0.006754,-0.340027,-0.742907,0.576601,0.716396,-0.601832,-0.35295,0.609226,0.293063,0.736855,-0.01908,-0.00462,-0.000987,-0.007266,0.038754,-0.090102,-0.852665,0.079188,0.024927,-0.056945,-0.325675,0.704077,-0.631039,-0.672037,-0.641853,-0.369309,-0.665057,0.303807,0.682202,0.016734,0.003771,0.011675,-0.025852,-0.052744,0.123838,-0.837047
616,0.083005,-0.000347,0.373845,-0.278262,0.674212,-0.684144,-0.706731,-0.626016,-0.329556,-0.650137,0.390961,0.651535,0.020761,0.020009,0.01544,0.002737,-0.040271,0.081187,-0.856013,-0.078,0.028986,0.354505,0.363414,0.742831,0.562248,-0.733198,0.600417,-0.319145,-0.575083,-0.2972,0.762112,-0.038293,-0.008762,-0.001683,-0.258565,0.512279,0.201365,-0.850096,0.052061,0.03289,-0.006788,-0.338102,-0.741891,0.579036,0.71716,-0.601514,-0.351939,0.6094,0.29627,0.735428,-0.019231,-0.004106,-0.000612,-0.00267,0.034279,-0.099414,-0.851358,0.079459,0.025094,-0.056795,-0.325511,0.704548,-0.630597,-0.673643,-0.640797,-0.368213,-0.66351,0.30494,0.683201,0.017076,0.008676,0.006851,0.007724,-0.057673,0.113846,-0.837863
617,0.084054,0.000281,0.374435,-0.282189,0.673402,-0.683333,-0.706067,-0.627939,-0.327313,-0.649161,0.389274,0.653515,0.020041,0.018127,0.013874,0.002739,-0.04026,0.081192,-0.856248,-0.079389,0.028813,0.354352,0.360999,0.738863,0.568992,-0.728999,0.604122,-0.321763,-0.581905,-0.299575,0.755979,-0.038352,-0.008504,-0.001518,-0.087568,0.197404,0.006326,-0.848433,0.051351,0.032805,-0.006867,-0.335006,-0.736545,0.587598,0.713028,-0.605846,-0.352902,0.615923,0.30075,0.728139,-0.019217,-0.004113,-0.000632,-0.113954,0.23603,0.036323,-0.855277,0.079998,0.025416,-0.056493,-0.329265,0.703506,-0.629812,-0.672872,-0.642763,-0.366195,-0.66244,0.303208,0.685008,0.016696,0.007734,0.006062,0.007969,-0.07003,0.139262,-0.83868
618,0.084941,0.000801,0.374962,-0.286909,0.672224,-0.682527,-0.70522,-0.630359,-0.324473,-0.648007,0.387398,0.655771,0.019098,0.015455,0.011763,-0.013365,-0.030068,0.069475,-0.857678,-0.08074,0.028704,0.354167,0.362278,0.731286,0.577899,-0.721344,0.612659,-0.322872,-0.590593,-0.300822,0.748711,-0.03818,-0.009017,-0.001923,-0.05075,0.173944,-0.023479,-0.84832,0.050675,0.032753,-0.006959,-0.335808,-0.728696,0.596854,0.705351,-0.614492,-0.353379,0.624269,0.302324,0.720338,-0.020191,0.000883,-0.005134,0.02151,0.19895,-0.024974,-0.854297,0.080442,0.025678,-0.056228,-0.333906,0.701997,-0.629051,-0.671861,-0.645327,-0.36353,-0.661141,0.30125,0.687123,0.009053,0.002457,0.010375,-0.085287,0.010661,0.026749,-0.839169
619,0.085342,0.001034,0.375204,-0.291555,0.67063,-0.682127,-0.702838,-0.633851,-0.322838,-0.648516,0.384462,0.656995,0.018215,0.012789,0.009737,0.006191,-0.020095,0.043034,-0.857186,-0.081376,0.028677,0.354076,0.362727,0.726678,0.583404,-0.71754,0.617278,-0.32255,-0.594939,-0.302539,0.744567,-0.025892,-0.004479,-0.000156,1.784044,2.13509,-0.625532,-0.84795,0.050343,0.032733,-0.007007,-0.336789,-0.725372,0.600339,0.701744,-0.618476,-0.35361,0.627795,0.302193,0.717322,-0.012937,-0.002274,-8.1e-05,1.800998,2.092714,-0.661186,-0.853807,0.080636,0.025793,-0.056109,-0.338459,0.700098,-0.628734,-0.669268,-0.648788,-0.362149,-0.661456,0.298219,0.688142,0.00874,0.001513,0.009654,0.011429,0.147676,-0.250332,-0.839496
620,0.085959,0.001364,0.375632,-0.29527,0.669448,-0.681689,-0.700841,-0.636629,-0.32171,-0.648992,0.381928,0.658003,0.017031,0.0092,0.007022,-0.021366,0.020659,-0.013249,-0.855658,-0.082587,0.028719,0.353821,0.365685,0.718827,0.591231,-0.71036,0.62603,-0.321573,-0.601715,-0.303304,0.738789,-0.027805,0.005472,-0.009179,-0.064956,0.211824,0.07945,-0.847217,0.049758,0.032752,-0.007126,-0.338683,-0.716577,0.609762,0.694422,-0.627652,-0.351894,0.634878,0.304252,0.710182,-0.013962,0.002936,-0.004421,-0.115731,0.316956,0.166455,-0.852338,0.080952,0.025965,-0.055889,-0.341992,0.698717,-0.628358,-0.6671,-0.651468,-0.361337,-0.661828,0.295604,0.688912,0.001912,0.006086,0.00448,-0.091412,0.15683,-0.213347,-0.840149
621,0.086359,0.001478,0.376061,-0.29435,0.669977,-0.681567,-0.701569,-0.635694,-0.321974,-0.648624,0.382556,0.658,0.015635,0.004841,0.003782,0.001872,-0.02745,0.055391,-0.856038,-0.083642,0.028847,0.353522,0.364024,0.711387,0.601171,-0.706844,0.631353,-0.3189,-0.606842,-0.309749,0.731889,-0.027537,0.004648,-0.009798,-0.108535,0.295615,0.130727,-0.846818,0.04923,0.032818,-0.007274,-0.336647,-0.709377,0.619234,0.690982,-0.632858,-0.349332,0.639696,0.310278,0.703217,-0.012675,-0.003116,-0.000724,-0.237765,0.487789,0.24592,-0.850052,0.081153,0.026026,-0.055679,-0.341115,0.699282,-0.628207,-0.667855,-0.65058,-0.361544,-0.661521,0.296223,0.688941,0.000851,-0.001002,0.007642,-0.034,0.004514,0.010069,-0.839986
622,0.086497,0.0014,0.376483,-0.295467,0.671803,-0.679282,-0.702073,-0.634843,-0.322551,-0.647568,0.380764,0.660076,0.000516,-0.005822,0.01249,0.067327,0.391662,0.164185,-0.854098,-0.084569,0.029011,0.353124,0.368115,0.698067,0.614154,-0.694909,0.645442,-0.316923,-0.618068,-0.311003,0.721895,-0.029282,0.014096,-0.019173,0.865211,-0.076294,1.447944,-0.847201,0.048757,0.032898,-0.007472,-0.338906,-0.696881,0.632059,0.68023,-0.645612,-0.347088,0.649944,0.312315,0.692842,-0.007083,0.002946,-0.005267,3.117034,-1.120057,4.394653,-0.858706,0.081227,0.025989,-0.055467,-0.341655,0.699868,-0.62726,-0.668482,-0.650102,-0.361245,-0.660607,0.295891,0.68996,0.000741,0.002384,0.00174,0.155982,0.633343,0.371725,-0.839333
623,0.086533,0.001294,0.376682,-0.295575,0.671859,-0.67918,-0.702436,-0.634632,-0.322174,-0.647125,0.381015,0.660366,0.000227,-0.006743,0.011815,-0.032341,0.010207,0.012318,-0.853793,-0.085011,0.029136,0.352911,0.367566,0.691681,0.621663,-0.690882,0.650593,-0.315191,-0.622894,-0.31452,0.7162,-0.014718,0.007358,-0.009357,1.803656,2.183154,-0.870399,-0.847066,0.048531,0.032961,-0.007585,-0.341257,-0.68952,0.63883,0.676138,-0.652192,-0.342756,0.652977,0.314969,0.688776,-0.013693,0.00213,-0.005033,-0.189333,0.609698,0.488506,-0.859196,0.081245,0.025931,-0.055364,-0.342425,0.701067,-0.625498,-0.668838,-0.649449,-0.361761,-0.659848,0.294481,0.691288,3.6e-05,-0.003599,0.005738,-0.035728,-0.009763,-0.000659,-0.839822
624,0.086511,0.001058,0.377037,-0.295961,0.671889,-0.678982,-0.703081,-0.634345,-0.321331,-0.646248,0.381439,0.66098,-0.012749,0.004356,0.002977,-0.000984,0.014716,-0.029553,-0.854687,-0.08579,0.029504,0.352445,0.366927,0.677191,0.637784,-0.683988,0.661109,-0.308269,-0.630834,-0.323983,0.704944,-0.029634,0.015566,-0.018081,-0.179877,0.507566,0.289066,-0.844804,0.048147,0.033141,-0.007815,-0.337881,-0.675089,0.655812,0.668553,-0.6626,-0.337633,0.662474,0.324365,0.675213,-0.007409,0.003905,-0.004498,-0.316628,0.785117,0.26683,-0.857563,0.081239,0.02581,-0.055189,-0.342741,0.700942,-0.625465,-0.669478,-0.649317,-0.360813,-0.659034,0.29507,0.691813,-0.000177,-0.004282,0.00524,-0.035003,0.016845,-0.016303,-0.839006
625,0.086528,0.0009,0.377323,-0.295079,0.674177,-0.677096,-0.702562,-0.633315,-0.324486,-0.647217,0.379111,0.661372,-0.000177,-0.008037,0.01087,0.003848,0.158684,0.051447,-0.857492,-0.086531,0.029942,0.35194,0.366278,0.659903,0.656018,-0.674305,0.674088,-0.301416,-0.64155,-0.332791,0.691033,-0.014561,0.006926,-0.009669,-0.170642,0.491052,0.060426,-0.833721,0.04777,0.033366,-0.008069,-0.336326,-0.657022,0.67469,0.659212,-0.675884,-0.329575,0.67255,0.333919,0.660434,-0.008304,0.008739,-0.009088,-0.187832,0.663962,-0.040206,-0.852501,0.081241,0.025732,-0.055052,-0.3418,0.702991,-0.623679,-0.669109,-0.64805,-0.363762,-0.659897,0.292975,0.691881,2.7e-05,-0.00364,0.00571,0.027154,0.24396,0.130702,-0.839822
626,0.086548,0.000868,0.377438,-0.295085,0.674226,-0.677045,-0.702756,-0.633179,-0.32433,-0.647003,0.37925,0.661501,0.000798,0.002552,0.001866,0.000664,0.00243,0.001163,-0.859401,-0.086924,0.030175,0.351663,0.367129,0.648624,0.666705,-0.668333,0.682482,-0.295775,-0.647293,-0.337816,0.683195,-0.014662,0.00733,-0.009369,0.027509,0.618477,0.57331,-0.825243,0.047574,0.033481,-0.008208,-0.33669,-0.647043,0.684086,0.653706,-0.683516,-0.324766,0.677722,0.337847,0.653109,-0.014714,0.007542,-0.009201,0.788941,0.4517,1.234508,-0.849725,0.081251,0.025713,-0.05499,-0.342031,0.703269,-0.623238,-0.669266,-0.647877,-0.363782,-0.659619,0.292688,0.692268,5.1e-05,-0.00356,0.005771,-0.036647,0.004587,-0.025017,-0.839986
627,0.086687,0.000851,0.377703,-0.298862,0.672663,-0.676943,-0.699445,-0.636916,-0.324171,-0.648849,0.375762,0.661683,0.000715,-0.00518,0.012956,-0.03475,0.017367,-0.016203,-0.874394,-0.087618,0.030602,0.351096,0.363553,0.63176,0.684617,-0.658927,0.693904,-0.290253,-0.658856,-0.346391,0.667671,-0.016293,0.016432,-0.018955,1.664099,2.29413,-1.014641,-0.819686,0.047227,0.033693,-0.008486,-0.334474,-0.629157,0.701632,0.645249,-0.695519,-0.31608,0.686862,0.347007,0.638596,-0.007018,0.002558,-0.00549,-0.322017,0.856867,0.278995,-0.848582,0.081319,0.025704,-0.054864,-0.345669,0.701382,-0.623358,-0.665707,-0.651483,-0.363874,-0.661322,0.289193,0.692112,0.000955,0.003069,0.002239,0.000367,-0.012929,0.025816,-0.840639
628,0.086939,0.000944,0.378012,-0.29826,0.673018,-0.676855,-0.699948,-0.636286,-0.324322,-0.648585,0.37619,0.661699,0.002544,0.008172,0.00595,0.000922,-0.012612,0.025897,-0.883808,-0.088259,0.030973,0.350533,0.357989,0.618533,0.699465,-0.654277,0.700636,-0.284542,-0.66649,-0.356565,0.654611,-0.013964,0.004862,-0.011184,-0.096266,0.358369,-0.022273,-0.817894,0.046906,0.033883,-0.008771,-0.325802,-0.615248,0.717859,0.640091,-0.702343,-0.311443,0.695798,0.358027,0.62264,-0.006896,0.002134,-0.005799,-0.106497,0.376173,-0.053809,-0.852338,0.081444,0.025743,-0.054709,-0.345115,0.701752,-0.623248,-0.666262,-0.650881,-0.363933,-0.661051,0.289648,0.69218,0.007464,-0.002382,0.006722,-0.033037,-0.010071,0.039426,-0.841455
629,0.087338,0.001088,0.378321,-0.301408,0.671687,-0.676783,-0.696683,-0.639681,-0.324672,-0.650636,0.372806,0.661601,0.016063,0.00641,0.004843,0.001909,-0.027316,0.055455,-0.892818,-0.088809,0.031165,0.350015,0.354382,0.608427,0.710085,-0.648937,0.706778,-0.281567,-0.673601,-0.36179,0.644386,-0.013498,0.003141,-0.012458,-0.018923,0.19547,-0.125414,-0.81438,0.046631,0.03398,-0.00903,-0.321572,-0.605025,0.728378,0.634998,-0.708415,-0.308097,0.702401,0.363444,0.611996,-0.006605,0.001061,-0.006594,-0.005664,0.154811,-0.198843,-0.854134,0.081645,0.02582,-0.054551,-0.348167,0.700244,-0.623247,-0.662814,-0.654038,-0.364569,-0.662915,0.286166,0.691846,0.008057,0.003299,0.002484,0.001549,-0.027348,0.055626,-0.842762
630,0.087594,0.001209,0.378462,-0.30088,0.671941,-0.676766,-0.6969,-0.639289,-0.324979,-0.650649,0.373019,0.661467,0.016256,0.007082,0.005315,0.001909,-0.027314,0.055456,-0.903601,-0.089047,0.031156,0.349792,0.356769,0.599846,0.716165,-0.641868,0.71442,-0.278467,-0.679098,-0.361096,0.638982,-0.013284,0.002336,-0.013057,-0.062285,0.417986,0.372613,-0.813258,0.046512,0.033975,-0.009141,-0.324057,-0.598222,0.732882,0.628012,-0.715402,-0.306267,0.707522,0.361011,0.607522,-0.005421,-0.004876,-0.002838,0.121917,0.454507,0.37942,-0.853808,0.081767,0.025879,-0.054482,-0.347692,0.700507,-0.623217,-0.663047,-0.653664,-0.364817,-0.662931,0.286378,0.691743,0.008169,0.003689,0.00276,0.001712,-0.027407,0.055653,-0.844068
631,0.088239,0.001553,0.378729,-0.303778,0.670636,-0.676765,-0.693418,-0.642698,-0.325703,-0.653013,0.369503,0.661111,0.016959,0.009505,0.007026,0.001909,-0.027313,0.055457,-0.918997,-0.089453,0.030899,0.349461,0.348014,0.595067,0.724412,-0.637058,0.717023,-0.282791,-0.688107,-0.363832,0.627693,-0.010716,-0.010325,-0.006134,-0.195113,0.45858,0.217955,-0.813503,0.046304,0.033847,-0.009311,-0.314901,-0.593243,0.740877,0.622871,-0.718152,-0.310302,0.716147,0.363757,0.595661,-0.005345,-0.005204,-0.003091,-0.242151,0.596154,0.342803,-0.853808,0.082095,0.026052,-0.054347,-0.350474,0.699056,-0.623287,-0.659391,-0.65678,-0.365845,-0.665109,0.282771,0.691135,0.008518,0.004888,0.003602,0.001292,-0.027163,0.05553,-0.844395
632,0.089019,0.001966,0.379045,-0.308102,0.669029,-0.676401,-0.690991,-0.646012,-0.324301,-0.653554,0.366634,0.662173,0.017658,0.011979,0.008748,0.002154,-0.027194,0.055217,-0.921171,-0.089784,0.03047,0.349205,0.341534,0.591504,0.73039,-0.63164,0.71993,-0.287518,-0.696296,-0.363896,0.618558,-0.010358,-0.011768,-0.007227,-0.083634,0.209184,0.059919,-0.813327,0.046142,0.033638,-0.009436,-0.307936,-0.588905,0.747238,0.617313,-0.721305,-0.314073,0.723946,0.364565,0.585655,-0.005165,-0.005925,-0.003637,-0.112594,0.274041,0.115653,-0.852501,0.082478,0.026254,-0.054192,-0.354761,0.697145,-0.623003,-0.656753,-0.660078,-0.364652,-0.665446,0.279794,0.692022,0.015608,0.005253,0.003914,0.000487,0.031312,-0.066702,-0.839169
633,0.089479,0.002204,0.379219,-0.308724,0.669107,-0.67604,-0.692286,-0.645413,-0.32273,-0.651889,0.367542,0.66331,0.018174,0.013801,0.010015,0.002829,-0.039907,0.081358,-0.921531,-0.089948,0.030247,0.349089,0.339831,0.590783,0.731766,-0.626088,0.722734,-0.29258,-0.70212,-0.359472,0.614549,-0.01046,-0.011428,-0.006983,0.042707,0.076695,-0.088472,-0.813049,0.046056,0.033521,-0.009497,-0.305926,-0.587917,0.74884,0.611657,-0.724121,-0.318628,0.729578,0.360557,0.581131,-0.005219,-0.005747,-0.00351,0.045826,0.057314,-0.100141,-0.853318,0.082708,0.026371,-0.054107,-0.35541,0.69715,-0.622627,-0.658066,-0.659681,-0.363,-0.663801,0.280716,0.693228,0.015648,0.005471,0.004047,0.007953,-0.05714,0.113876,-0.838353
634,0.090545,0.002747,0.379625,-0.31326,0.667725,-0.675319,-0.691246,-0.647873,-0.320019,-0.650824,0.365728,0.665356,0.03207,0.013909,0.010131,-0.050424,-0.02175,0.071693,-0.922042,-0.090217,0.029887,0.34885,0.330529,0.588916,0.737508,-0.624513,0.722379,-0.296791,-0.707931,-0.363233,0.605606,-0.011126,-0.008979,-0.005167,-0.041369,0.108827,0.028434,-0.812038,0.045927,0.033342,-0.009616,-0.296523,-0.586095,0.754032,0.609764,-0.723849,-0.322845,0.735024,0.364051,0.572018,-0.005487,-0.004763,-0.002783,-0.053444,0.172298,0.026266,-0.856094,0.083236,0.026643,-0.053903,-0.359843,0.695455,-0.621976,-0.65683,-0.662275,-0.360507,-0.662636,0.278806,0.695111,0.00952,0.008499,0.006084,-0.193095,0.07759,-0.058427,-0.8377
635,0.091822,0.003376,0.380103,-0.316637,0.666845,-0.674614,-0.690539,-0.649584,-0.31807,-0.649935,0.364302,0.667005,0.045999,0.014507,0.010529,0.005592,-0.08185,0.166279,-0.921461,-0.09049,0.029623,0.348668,0.322044,0.588885,0.741278,-0.622592,0.721615,-0.302629,-0.713505,-0.364801,0.598074,-0.01157,-0.007343,-0.003951,-0.006196,0.024728,-0.023216,-0.810229,0.045791,0.033207,-0.00971,-0.287752,-0.585898,0.757576,0.607666,-0.723103,-0.328425,0.740229,0.365849,0.564104,-0.005707,-0.003962,-0.002189,-0.007793,0.011645,-0.063394,-0.85691,0.083869,0.026957,-0.053665,-0.363241,0.694291,-0.621301,-0.656005,-0.66412,-0.35861,-0.661598,0.277315,0.696694,0.016326,0.008199,0.005862,0.009351,-0.057861,0.114804,-0.838026
636,0.093277,0.004019,0.380621,-0.323301,0.664344,-0.673921,-0.686201,-0.654924,-0.316504,-0.65124,0.359288,0.66845,0.046545,0.017147,0.012206,0.00572,-0.081917,0.166377,-0.923749,-0.09079,0.029333,0.348519,0.308826,0.583579,0.751035,-0.620703,0.721983,-0.305618,-0.720943,-0.372527,0.584232,-0.011516,-0.007602,-0.004152,-0.141635,0.336401,0.174333,-0.807751,0.045636,0.033061,-0.009784,-0.274398,-0.581075,0.766196,0.605427,-0.723431,-0.33182,0.747103,0.372826,0.550307,-0.005755,-0.003816,-0.002086,-0.163273,0.393427,0.233027,-0.85593,0.084614,0.027284,-0.053401,-0.369615,0.691424,-0.620738,-0.651367,-0.669223,-0.357576,-0.662649,0.272163,0.697726,0.023297,0.008675,0.006152,0.00921,-0.084061,0.169351,-0.838026
637,0.09409,0.004362,0.380924,-0.328191,0.66266,-0.673214,-0.685054,-0.657606,-0.313412,-0.649995,0.357501,0.670617,0.046968,0.019064,0.013436,0.286168,0.106189,-0.206714,-0.923569,-0.090964,0.029185,0.348432,0.30518,0.579292,0.755829,-0.615608,0.725582,-0.307395,-0.72684,-0.372218,0.57708,-0.011347,-0.008278,-0.004664,-0.148617,0.364431,0.157669,-0.802403,0.045553,0.032992,-0.009825,-0.270658,-0.57695,0.770631,0.600181,-0.727018,-0.333506,0.752679,0.372252,0.543047,-0.005755,-0.003827,-0.002093,-0.200039,0.493314,0.303378,-0.853808,0.085003,0.027447,-0.053255,-0.374157,0.689542,-0.62011,-0.65035,-0.671788,-0.354604,-0.661098,0.270611,0.699798,0.023478,0.009539,0.0067,0.94847,0.55036,-1.092123,-0.837373
638,0.095912,0.00503,0.381524,-0.332195,0.663868,-0.670053,-0.685998,-0.65755,-0.311458,-0.646955,0.355361,0.674681,0.059223,0.007191,0.021406,-0.028147,-0.077502,0.180121,-0.924451,-0.091406,0.028907,0.348246,0.294927,0.569798,0.767033,-0.606252,0.732076,-0.310574,-0.73883,-0.374142,0.560367,-0.011474,-0.007852,-0.004352,-0.219731,0.601494,0.073575,-0.793691,0.045336,0.032855,-0.009917,-0.260464,-0.568232,0.780557,0.590488,-0.733385,-0.336852,0.763859,0.373172,0.526555,-0.005747,-0.003884,-0.002136,-0.054301,0.164286,-0.211152,-0.850215,0.08591,0.027789,-0.052956,-0.378613,0.690159,-0.616711,-0.650909,-0.672248,-0.352702,-0.658004,0.267885,0.703752,0.02346,0.009962,0.006878,0.009337,-0.097424,0.162204,-0.836067
639,0.097896,0.005775,0.382156,-0.33894,0.66143,-0.669085,-0.683106,-0.661971,-0.308433,-0.646508,0.35169,0.677029,0.059573,0.009695,0.02286,-0.028361,-0.07988,0.179296,-0.924682,-0.091856,0.028608,0.348095,0.286403,0.562478,0.775618,-0.597839,0.737533,-0.313954,-0.748964,-0.374491,0.546509,-0.011518,-0.007739,-0.004275,-0.05415,0.170948,0.044799,-0.782188,0.045107,0.032703,-0.009994,-0.25055,-0.55922,0.79025,0.582326,-0.739158,-0.338438,0.773382,0.375388,0.510845,-0.005855,-0.003498,-0.001847,-0.052995,0.240409,-0.088937,-0.845806,0.086902,0.02816,-0.052641,-0.385159,0.68717,-0.615994,-0.6477,-0.676759,-0.349972,-0.657371,0.264184,0.70574,0.023709,0.011436,0.00776,0.011019,-0.085349,0.170563,-0.836883
640,0.098934,0.006176,0.382463,-0.343191,0.659879,-0.66845,-0.682055,-0.664318,-0.305703,-0.64537,0.35018,0.678895,0.047247,0.02287,0.015438,0.0008,-0.079046,0.162825,-0.923363,-0.092124,0.02847,0.348014,0.277142,0.561013,0.780032,-0.597634,0.736348,-0.317111,-0.752594,-0.379,0.538353,-0.011599,-0.007456,-0.004065,1.600888,1.902676,-1.607386,-0.777751,0.044973,0.032634,-0.010035,-0.243551,-0.55723,0.793837,0.582973,-0.738233,-0.339342,0.775129,0.380138,0.504647,-0.005902,-0.003322,-0.001716,-0.071284,0.159969,0.059878,-0.84597,0.087426,0.028357,-0.052484,-0.389316,0.685329,-0.615431,-0.646507,-0.679224,-0.347393,-0.656095,0.262635,0.707503,0.030194,0.010472,0.007037,-0.003168,-0.091037,0.189201,-0.836067
641,0.101101,0.00698,0.383058,-0.351583,0.658867,-0.665079,-0.680258,-0.66782,-0.302055,-0.642737,0.345404,0.683822,0.04678,0.022452,0.014896,0.011734,-0.053692,0.179834,-0.924862,-0.092752,0.028192,0.347886,0.268436,0.556855,0.786032,-0.593972,0.738099,-0.319906,-0.758616,-0.381713,0.527883,-0.012193,-0.005178,-0.002351,-0.169984,0.427371,0.23121,-0.770262,0.044665,0.032493,-0.010101,-0.233174,-0.555636,0.798058,0.577899,-0.739216,-0.34582,0.782088,0.380561,0.493467,-0.012402,-0.004353,-0.001718,-0.009415,0.023045,-0.098521,-0.843684,0.088487,0.028754,-0.052189,-0.397792,0.683707,-0.611804,-0.64445,-0.682852,-0.344087,-0.653027,0.257403,0.712248,0.023445,0.011428,0.007554,0.016206,-0.074878,0.172462,-0.836393
642,0.103151,0.007726,0.383642,-0.359767,0.655641,-0.663889,-0.678171,-0.672375,-0.296594,-0.640401,0.342706,0.687362,0.046298,0.021869,0.01427,0.000773,-0.079088,0.162819,-0.924882,-0.093426,0.027971,0.347804,0.258145,0.557745,0.788843,-0.592324,0.736441,-0.326713,-0.763451,-0.383618,0.519465,-0.025421,-0.00631,-0.001656,-0.01318,0.057116,-0.043466,-0.760634,0.044329,0.03238,-0.010143,-0.221648,-0.554587,0.802063,0.576335,-0.737988,-0.351013,0.78658,0.384455,0.483201,-0.006321,-0.001715,-0.000505,-0.0109,0.014321,-0.034216,-0.846949,0.089535,0.029136,-0.051891,-0.405569,0.67981,-0.611041,-0.64204,-0.687683,-0.338933,-0.650613,0.254852,0.715369,0.029607,0.009733,0.006282,-0.003744,-0.092124,0.188494,-0.838026
643,0.105065,0.008393,0.384237,-0.368536,0.651967,-0.662696,-0.675894,-0.677295,-0.290534,-0.637808,0.340025,0.691094,0.045286,0.019067,0.01222,-2.037467,1.043111,-1.349383,-0.925191,-0.094175,0.027809,0.347761,0.251225,0.557565,0.791201,-0.591202,0.735633,-0.330541,-0.766614,-0.385427,0.513431,-0.0257,-0.005198,-0.000825,-0.004639,0.03178,-0.057626,-0.740681,0.043959,0.0323,-0.010164,-0.214601,-0.554622,0.803952,0.575107,-0.737058,-0.354959,0.789428,0.386184,0.477141,-0.012892,-0.002433,-0.000276,-0.004213,0.016707,-0.066038,-0.840744,0.090493,0.029473,-0.051591,-0.412252,0.676375,-0.61038,-0.638638,-0.692342,-0.335861,-0.64976,0.251353,0.717378,0.022761,0.010013,0.006394,0.00929,-0.083986,0.170022,-0.839333
644,0.105922,0.008686,0.384553,-0.371399,0.650603,-0.662439,-0.673876,-0.679634,-0.28976,-0.63828,0.337971,0.691666,0.044582,0.009116,0.02159,-0.029234,-0.065542,0.149257,-0.9263,-0.094532,0.027738,0.347751,0.24722,0.556498,0.793211,-0.590843,0.735418,-0.33166,-0.768188,-0.387376,0.509599,-0.012856,-0.002572,-0.000394,-0.025006,0.07258,0.006974,-0.733759,0.04377,0.032265,-0.010168,-0.210632,-0.553393,0.805846,0.574581,-0.736999,-0.355931,0.790879,0.388054,0.473205,-0.012846,-0.00262,-0.00042,-0.031326,0.077667,-0.029495,-0.836825,0.090922,0.029621,-0.051438,-0.416837,0.67401,-0.609881,-0.637225,-0.695153,-0.332723,-0.648221,0.24994,0.719262,0.016059,0.010385,0.006637,0.010504,-0.069255,0.140604,-0.839659
645,0.107385,0.009184,0.385198,-0.374353,0.649493,-0.661864,-0.673566,-0.680965,-0.287345,-0.636877,0.337428,0.693222,0.03141,0.018625,0.011785,-0.050469,-0.037426,0.096477,-0.926641,-0.095318,0.02756,0.347725,0.238969,0.551566,0.799162,-0.585255,0.738554,-0.334587,-0.775038,-0.388457,0.498277,-0.025531,-0.005877,-0.001352,-0.179037,0.470563,0.219233,-0.722186,0.043381,0.032179,-0.01018,-0.202938,-0.550016,0.810122,0.568475,-0.739813,-0.359877,0.797277,0.387502,0.462806,-0.006347,-0.001622,-0.00044,-0.208059,0.493577,0.269126,-0.837805,0.091659,0.029868,-0.051111,-0.419658,0.672727,-0.609363,-0.636828,-0.696596,-0.330458,-0.646788,0.249381,0.720745,0.015213,0.0035,0.010064,-0.230926,0.067024,-0.049606,-0.841129
646,0.108531,0.009536,0.385806,-0.377157,0.650376,-0.6594,-0.672406,-0.681838,-0.287992,-0.636445,0.333953,0.695299,0.016585,0.005538,0.019251,-0.032097,-0.022939,0.06495,-0.925864,-0.096172,0.027372,0.347674,0.231196,0.546062,0.805206,-0.574325,0.744658,-0.339954,-0.785496,-0.384547,0.48475,-0.025617,-0.005528,-0.0011,-0.073233,0.207068,0.05239,-0.714466,0.042955,0.032083,-0.010206,-0.19414,-0.542918,0.817037,0.557517,-0.746362,-0.36348,0.807145,0.384946,0.447585,-0.012811,-0.002758,-0.000532,-0.092063,0.227667,0.071401,-0.839112,0.092238,0.030053,-0.050808,-0.422448,0.673362,-0.606728,-0.635653,-0.697282,-0.331272,-0.646127,0.245724,0.722591,0.014643,0.0014,0.008669,-0.033155,-0.036674,0.063507,-0.838353
647,0.108991,0.009675,0.386104,-0.381339,0.648271,-0.659068,-0.670009,-0.684964,-0.286154,-0.636476,0.331649,0.696372,0.01676,0.0141,0.00886,0.002858,-0.039687,0.081468,-0.92527,-0.096627,0.02729,0.347667,0.229587,0.541205,0.808936,-0.564694,0.751034,-0.342056,-0.792916,-0.378957,0.47701,-0.025799,-0.00477,-0.000534,0.019399,0.20178,0.010806,-0.709466,0.042737,0.032043,-0.01021,-0.192489,-0.537996,0.820675,0.54801,-0.752687,-0.364892,0.814022,0.3795,0.439711,-0.006539,-0.000836,0.000153,0.855423,0.568651,-0.188535,-0.835356,0.092457,0.030118,-0.050661,-0.426542,0.670897,-0.606595,-0.633019,-0.700466,-0.329597,-0.646025,0.243399,0.723469,0.008076,0.001965,0.009077,-0.031216,-0.02639,0.065481,-0.837863
648,0.1096,0.009848,0.386611,-0.384022,0.646746,-0.659009,-0.666974,-0.687807,-0.286425,-0.638045,0.32874,0.696316,0.002811,0.011771,0.007467,0.030441,0.000353,-0.005205,-0.926121,-0.097485,0.02716,0.347671,0.220474,0.531998,0.817534,-0.555751,0.757336,-0.342808,-0.801764,-0.37944,0.461588,-0.025991,-0.003936,8.3e-05,-0.178091,0.543436,0.03039,-0.69967,0.042289,0.031975,-0.010209,-0.183176,-0.529492,0.828301,0.538696,-0.758861,-0.365972,0.822345,0.379166,0.42424,-0.013013,-0.001917,9.3e-05,-0.1908,0.617819,0.105788,-0.841234,0.092778,0.030207,-0.050401,-0.428988,0.669294,-0.606641,-0.62991,-0.702998,-0.33016,-0.647442,0.240495,0.723173,0.007515,-0.000299,0.007622,0.065306,0.031776,-0.066117,-0.83623
649,0.109879,0.009994,0.387091,-0.384828,0.646428,-0.65885,-0.667263,-0.687976,-0.285343,-0.637256,0.32901,0.696911,0.001868,0.000138,0.015848,-0.034201,0.003273,0.008969,-0.925248,-0.098356,0.027088,0.347706,0.210127,0.523429,0.825748,-0.547002,0.762998,-0.344319,-0.810501,-0.379999,0.44559,-0.026314,-0.002508,0.001144,-0.072501,0.319149,-0.132394,-0.672684,0.041864,0.031939,-0.010192,-0.172076,-0.519838,0.836754,0.530037,-0.764843,-0.366162,0.83033,0.380503,0.407145,-0.013225,-0.000982,0.000793,-0.039389,0.221344,0.013982,-0.835519,0.092917,0.03028,-0.050166,-0.429778,0.668915,-0.6065,-0.630153,-0.703274,-0.329109,-0.646682,0.240744,0.72377,0.001207,0.005106,0.003218,-0.005947,0.073292,-0.152929,-0.834924
650,0.109982,0.010094,0.387497,-0.385138,0.646369,-0.658727,-0.667665,-0.687863,-0.284675,-0.636647,0.329361,0.697301,0.001259,-0.002413,0.014224,-0.034201,0.003273,0.008969,-0.924057,-0.099313,0.026999,0.34775,0.199326,0.513014,0.834912,-0.539996,0.768497,-0.343149,-0.817883,-0.383102,0.429142,-0.026091,-0.003391,0.000465,0.052372,0.452053,-0.268062,-0.645637,0.041389,0.031898,-0.010168,-0.16166,-0.509206,0.845324,0.523433,-0.770412,-0.36398,0.83659,0.38363,0.39108,-0.013144,-0.001297,0.000551,1.407208,1.948124,-1.76815,-0.828008,0.092973,0.030327,-0.049966,-0.430068,0.668839,-0.606378,-0.630566,-0.70322,-0.328432,-0.646086,0.241113,0.724179,0.000511,-0.001671,0.006818,-0.035376,0.015591,-0.016747,-0.834597
651,0.109997,0.010128,0.38766,-0.385161,0.646403,-0.65868,-0.66787,-0.687747,-0.284473,-0.636418,0.329537,0.697427,0.000948,-0.003722,0.013396,-0.034201,0.003276,0.00897,-0.923347,-0.099796,0.02695,0.34777,0.196157,0.507133,0.839244,-0.537444,0.771487,-0.340435,-0.820324,-0.384912,0.422818,-0.026324,-0.002349,0.00124,-0.144886,0.465282,0.014545,-0.638531,0.041148,0.031871,-0.01016,-0.158156,-0.504699,0.848683,0.520512,-0.772996,-0.362689,0.839078,0.384389,0.384956,-0.013076,-0.001572,0.000336,-0.20253,0.716972,0.168889,-0.824905,0.092976,0.030347,-0.049877,-0.430088,0.668874,-0.606325,-0.630798,-0.703117,-0.328205,-0.645846,0.241312,0.724327,0.000429,-0.002024,0.006592,-0.03439,0.003179,0.009182,-0.83525
652,0.110007,0.010192,0.387913,-0.385266,0.646416,-0.658606,-0.668153,-0.687618,-0.284121,-0.636059,0.32978,0.697641,0.001042,0.004388,0.002755,0.0,0.0,0.0,-0.922532,-0.100745,0.026874,0.347821,0.188668,0.503043,0.843411,-0.534384,0.773156,-0.341464,-0.824063,-0.38692,0.413613,-0.026325,-0.002266,0.001286,-0.027507,0.156543,-0.213429,-0.620407,0.040668,0.031833,-0.010133,-0.14967,-0.499505,0.853283,0.517872,-0.774761,-0.362702,0.842262,0.387606,0.374638,-0.013242,-0.000795,0.000913,-0.013341,0.008311,-0.082123,-0.808249,0.092981,0.030377,-0.049751,-0.430185,0.66888,-0.606249,-0.631089,-0.703025,-0.327842,-0.645496,0.241565,0.724555,0.000581,0.002463,0.001544,0.000828,-0.012475,0.026138,-0.835414
653,0.11001,0.010236,0.388058,-0.385428,0.646366,-0.65856,-0.66827,-0.687615,-0.283852,-0.635836,0.329884,0.697794,0.000605,0.00255,0.001599,0.000955,-0.0124,0.025998,-0.921384,-0.101647,0.026859,0.347912,0.184014,0.49741,0.84777,-0.525136,0.778855,-0.342856,-0.831027,-0.382736,0.403448,-0.026709,-0.000455,0.002625,-0.171007,0.501808,0.264846,-0.611948,0.040218,0.031823,-0.01009,-0.146024,-0.496363,0.855745,0.508072,-0.77985,-0.365644,0.848845,0.381388,0.366065,-0.013282,-0.000569,0.001074,0.006967,0.022401,-0.082056,-0.793717,0.092982,0.030399,-0.049678,-0.430358,0.668809,-0.606205,-0.631201,-0.703057,-0.32756,-0.645272,0.241669,0.724719,0.00011,0.000478,0.000299,-8.2e-05,-5.6e-05,9.4e-05,-0.834924
654,0.110016,0.010242,0.388098,-0.3854,0.646393,-0.65855,-0.668334,-0.687564,-0.283825,-0.635786,0.329937,0.697814,0.000374,0.001576,0.000988,0.0,0.0,0.0,-0.920353,-0.102094,0.026878,0.347976,0.183634,0.497676,0.847696,-0.525234,0.778632,-0.343214,-0.831049,-0.382845,0.4033,-0.014099,0.003142,0.003825,-0.002087,0.006475,-0.000803,-0.608937,0.04,0.031831,-0.01006,-0.144453,-0.49446,0.857112,0.508651,-0.780098,-0.364307,0.848768,0.383346,0.364195,-0.007102,0.001784,0.002089,-0.00149,-0.015139,-0.018282,-0.790287,0.092985,0.030402,-0.049659,-0.430311,0.66885,-0.606194,-0.631277,-0.702997,-0.327541,-0.645229,0.241731,0.724737,0.000225,0.000955,0.000597,0.000887,-0.012433,0.026081,-0.83574
655,0.110043,0.01026,0.388132,-0.385555,0.646315,-0.658535,-0.668312,-0.687644,-0.283684,-0.635715,0.329923,0.697885,0.000109,0.00046,0.000288,0.0,0.0,0.0,-0.920074,-0.102817,0.027008,0.348174,0.186905,0.496507,0.847666,-0.520582,0.781832,-0.343025,-0.833248,-0.377798,0.403521,-0.014595,0.0055,0.005564,0.014539,-0.101131,0.165774,-0.576553,0.039629,0.031894,-0.009961,-0.147682,-0.4936,0.857058,0.504007,-0.783159,-0.364194,0.850979,0.378179,0.364436,-0.007297,0.002722,0.002777,0.001811,-0.000795,-0.004292,-0.773795,0.092999,0.030412,-0.049641,-0.430459,0.668764,-0.606183,-0.631251,-0.703083,-0.327407,-0.645156,0.241718,0.724806,3.6e-05,0.000161,0.0001,-4.2e-05,-3.3e-05,5.1e-05,-0.836557
656,0.110084,0.010261,0.388144,-0.385577,0.646306,-0.658532,-0.668321,-0.687648,-0.283653,-0.635692,0.329933,0.697902,0.012985,-0.001338,-0.000994,0.000984,-0.014715,0.029553,-0.920298,-0.103463,0.027301,0.348457,0.190629,0.495036,0.847698,-0.515746,0.785275,-0.342467,-0.835415,-0.372541,0.403928,-0.015405,0.009346,0.008388,0.002148,-0.014243,0.020118,-0.513413,0.039307,0.032037,-0.009822,-0.151548,-0.492062,0.857267,0.499114,-0.786691,-0.363319,0.85318,0.372814,0.364817,-0.007608,0.004212,0.003865,0.001136,-3.2e-05,-0.0041,-0.726114,0.093014,0.03041,-0.049637,-0.4305,0.668741,-0.606179,-0.631252,-0.703103,-0.327361,-0.645127,0.241723,0.72483,0.000111,0.000473,0.000297,-2.8e-05,-1.7e-05,3.3e-05,-0.837373
657,0.110131,0.010246,0.388134,-0.385618,0.646282,-0.658532,-0.668306,-0.687675,-0.283623,-0.635684,0.329923,0.697914,-3e-06,-1.3e-05,-8e-06,0.0,0.0,0.0,-0.919689,-0.104199,0.027644,0.348783,0.202892,0.485027,0.850632,-0.493052,0.80116,-0.339081,-0.846176,-0.351227,0.400609,-0.028134,0.006771,0.007878,4.67011,-1.777812,2.230639,-0.462395,0.038942,0.032214,-0.009656,-0.160854,-0.483017,0.860708,0.481125,-0.799806,-0.358925,0.861767,0.356374,0.361043,-0.007749,0.004954,0.004392,-0.035205,0.08559,0.045252,-0.669289,0.093042,0.030402,-0.049642,-0.430516,0.668729,-0.606181,-0.631245,-0.703115,-0.327348,-0.645123,0.24172,0.724835,0.006397,-0.00107,-0.000749,0.000962,-0.014726,0.029575,-0.83721
658,0.110169,0.01024,0.388129,-0.385661,0.646258,-0.658531,-0.66829,-0.687704,-0.283591,-0.635675,0.329911,0.697928,-0.0,-0.0,-0.0,0.0,0.0,0.0,-0.919922,-0.104577,0.027817,0.34896,0.205938,0.478608,0.853531,-0.484419,0.807734,-0.335914,-0.850422,-0.344898,0.397102,-0.013574,-0.001057,0.016951,-0.152793,0.42163,0.262614,-0.449665,0.038748,0.032303,-0.009571,-0.167625,-0.476954,0.862795,0.467557,-0.808952,-0.356352,0.867923,0.343673,0.358604,-0.014195,0.004001,0.004392,-0.054488,0.422001,0.336698,-0.648878,0.093061,0.030399,-0.049644,-0.430558,0.668702,-0.606182,-0.631227,-0.703145,-0.327318,-0.645113,0.241709,0.724848,1e-06,-6e-06,-5e-06,-7e-06,-1e-05,2.1e-05,-0.837047
659,0.110274,0.010215,0.388124,-0.385568,0.646309,-0.658535,-0.668342,-0.687634,-0.283638,-0.635677,0.329956,0.697905,-0.0,-0.0,-0.0,0.0,0.0,0.0,-0.920104,-0.105261,0.028206,0.349335,0.210485,0.468822,0.857842,-0.471273,0.817482,-0.330997,-0.85668,-0.335206,0.391918,-0.015679,0.01116,0.009595,-0.061591,0.162951,0.131279,-0.433502,0.038407,0.032493,-0.009381,-0.170983,-0.465588,0.868327,0.454868,-0.819066,-0.349606,0.87399,0.335198,0.351828,-0.007763,0.005177,0.004517,-0.077659,0.206915,0.122236,-0.624711,0.093114,0.030386,-0.049647,-0.430467,0.668759,-0.606183,-0.631284,-0.703074,-0.32736,-0.645118,0.241756,0.724828,0.006406,-0.001053,-0.000743,0.000974,-0.014709,0.029571,-0.83672
660,0.110406,0.01017,0.388118,-0.385444,0.64638,-0.658538,-0.668423,-0.687534,-0.283691,-0.635667,0.330027,0.69788,0.012805,-0.002099,-0.001472,0.000984,-0.014715,0.029553,-0.920096,-0.105858,0.028622,0.349706,0.220211,0.454002,0.863354,-0.455364,0.830581,-0.320488,-0.862831,-0.323145,0.388539,-0.015437,0.010234,0.008863,-0.047345,0.13274,0.078461,-0.425956,0.038108,0.032704,-0.009193,-0.18029,-0.45046,0.874403,0.439527,-0.832175,-0.338081,0.879949,0.323371,0.348022,-0.007779,0.005355,0.004618,-0.067098,0.211412,-0.088755,-0.612627,0.093175,0.030365,-0.04965,-0.430368,0.668824,-0.606181,-0.631363,-0.70299,-0.327391,-0.645107,0.241822,0.724816,3e-06,4e-06,-1e-06,2e-06,-2e-06,1.2e-05,-0.83672
661,0.110474,0.010151,0.388129,-0.385435,0.64639,-0.658533,-0.668461,-0.687507,-0.283664,-0.635632,0.330061,0.697896,0.000212,0.000898,0.000563,0.0,0.0,0.0,-0.920645,-0.106126,0.028802,0.349886,0.227683,0.442582,0.867337,-0.443809,0.840013,-0.312003,-0.866914,-0.31446,0.386574,-0.015233,0.00936,0.008203,-0.089479,0.627644,0.241667,-0.413953,0.037974,0.032795,-0.009102,-0.189029,-0.440902,0.877424,0.428054,-0.841166,-0.330465,0.883762,0.313118,0.347734,-0.00767,0.00489,0.00427,0.399402,-0.090978,0.210789,-0.607076,0.093208,0.030353,-0.049646,-0.43036,0.668835,-0.606175,-0.631403,-0.702967,-0.327362,-0.645073,0.241858,0.724833,0.000169,0.00072,0.000447,-1.7e-05,-1.4e-05,-7e-06,-0.837373
662,0.1106,0.010099,0.388165,-0.38534,0.64646,-0.658519,-0.668602,-0.687382,-0.283635,-0.635541,0.330184,0.697921,4.4e-05,0.000185,0.000116,0.0,0.0,0.0,-0.920636,-0.106584,0.029175,0.350269,0.244321,0.423291,0.872424,-0.41356,0.85926,-0.300955,-0.877305,-0.287812,0.38388,-0.015452,0.01057,0.009033,-0.098578,0.348929,-0.017795,-0.400653,0.037745,0.032978,-0.008912,-0.204372,-0.420042,0.884192,0.398487,-0.860728,-0.316788,0.894113,0.287597,0.34329,-0.001445,0.006822,0.004952,-0.086778,0.286321,0.250021,-0.58797,0.093277,0.030329,-0.049626,-0.430248,0.668922,-0.606159,-0.63156,-0.702839,-0.327336,-0.644995,0.24199,0.724859,2.4e-05,0.000104,6.2e-05,4e-06,-6e-06,8e-06,-0.837373
663,0.110726,0.010055,0.388195,-0.385098,0.646607,-0.658517,-0.66878,-0.687172,-0.283724,-0.6355,0.330334,0.697887,5e-06,2.2e-05,1.4e-05,0.0,0.0,0.0,-0.920416,-0.106829,0.029557,0.350744,0.26275,0.401688,0.877269,-0.388962,0.876168,-0.284556,-0.883235,-0.266973,0.385337,-0.001011,0.002723,0.018084,0.002157,0.065334,0.244956,-0.401176,0.037619,0.033167,-0.008682,-0.222009,-0.39856,0.889865,0.375092,-0.877319,-0.29936,0.900009,0.267321,0.34427,-0.007773,0.005544,0.004685,0.951132,-0.754086,1.40564,-0.582582,0.09334,0.030308,-0.049611,-0.430015,0.669082,-0.606147,-0.631751,-0.702633,-0.327408,-0.644963,0.242144,0.724836,-2e-06,-6e-06,-5e-06,8e-06,-3e-06,8e-06,-0.836883
664,0.110785,0.010046,0.3882,-0.385095,0.64661,-0.658515,-0.668799,-0.68716,-0.283709,-0.635483,0.330352,0.697895,1.9e-05,7.9e-05,4.9e-05,0.0,0.0,0.0,-0.920123,-0.106913,0.029704,0.350988,0.267895,0.392957,0.879664,-0.381341,0.881727,-0.277613,-0.885018,-0.261586,0.38494,-0.002786,0.013321,0.00957,-0.014025,0.416993,0.178502,-0.40169,0.037576,0.033243,-0.008553,-0.228117,-0.390589,0.891853,0.367441,-0.882806,-0.292643,0.901637,0.260946,0.344901,-0.000377,0.000684,0.008556,0.246678,0.447585,0.587949,-0.582582,0.093369,0.030302,-0.049609,-0.430011,0.669086,-0.606145,-0.63177,-0.702623,-0.327392,-0.644946,0.242163,0.724845,1e-05,3.9e-05,2.1e-05,-2e-06,1e-06,3e-06,-0.836883
665,0.110907,0.009995,0.388202,-0.388701,0.644445,-0.658519,-0.664853,-0.690937,-0.283811,-0.63742,0.326695,0.697849,-2e-06,-8e-06,-5e-06,2.1e-05,9e-06,-2.3e-05,-0.919718,-0.107,0.029876,0.351525,0.282388,0.378431,0.881498,-0.366375,0.891791,-0.265351,-0.886852,-0.248514,0.389355,-0.000426,-5.9e-05,0.016035,-0.05731,0.107751,-0.14934,-0.399652,0.037531,0.033337,-0.008278,-0.241439,-0.374904,0.895071,0.353285,-0.893021,-0.278749,0.903822,0.248914,0.348058,-0.000211,-0.000101,0.007974,-0.050166,0.074708,-0.191137,-0.582419,0.09343,0.030277,-0.049608,-0.433495,0.666711,-0.60628,-0.627598,-0.70616,-0.327808,-0.646685,0.238397,0.724544,0.0,-5e-06,-6e-06,-0.000854,0.000603,-0.000309,-0.837046
666,0.111039,0.009935,0.388221,-0.388476,0.644584,-0.658516,-0.665026,-0.690739,-0.283889,-0.637377,0.326841,0.697821,0.012238,-0.012261,0.007877,-0.03419,0.000871,0.012481,-0.919047,-0.107111,0.029972,0.352,0.299958,0.356286,0.884917,-0.32804,0.909589,-0.254895,-0.896071,-0.214291,0.388586,-0.000119,-0.001519,0.01497,-0.070481,0.106777,0.078381,-0.396577,0.037476,0.033384,-0.008041,-0.258896,-0.352813,0.899163,0.315258,-0.910788,-0.266602,0.913008,0.214446,0.347026,-6.1e-05,-0.000831,0.007443,-0.067523,0.088793,0.052769,-0.578826,0.093492,0.030251,-0.049601,-0.433285,0.666858,-0.606269,-0.627771,-0.705975,-0.327875,-0.646658,0.238535,0.724523,1e-06,1e-06,-5e-06,-9.7e-05,-4.6e-05,7.8e-05,-0.8377
667,0.111153,0.009886,0.388236,-0.388278,0.644704,-0.658515,-0.665171,-0.690568,-0.283962,-0.637346,0.326963,0.697792,-0.0,-0.0,-0.0,0.0,0.0,0.0,-0.919367,-0.107182,0.029912,0.352458,0.31929,0.333688,0.886959,-0.28799,0.925854,-0.244521,-0.903159,-0.177796,0.390583,0.000554,-0.004743,0.012666,0.39777,-0.094045,0.187334,-0.391473,0.037439,0.033359,-0.007815,-0.277836,-0.330355,0.902037,0.276227,-0.926824,-0.254353,0.920057,0.178499,0.348758,0.000179,-0.001935,0.006643,1.446272,-0.421652,0.648041,-0.573764,0.093553,0.030222,-0.049591,-0.433087,0.666997,-0.606258,-0.62795,-0.705794,-0.327922,-0.646617,0.238681,0.724511,1e-06,2e-06,-5e-06,-5e-05,-2.2e-05,6.9e-05,-0.836883
