frame,MLTx,MLTy,MLTz,MLTR1,MLTR2,MLTR3,MLTR4,MLTR5,MLTR6,MLTR7,MLTR8,MLTR9,MLTTVx,MLTTVy,MLTTVz,MLTRVx,MLTRVy,MLTRVz,MLGA,MRTx,MRTy,MRTz,MRTR1,MRTR2,MRTR3,MRTR4,MRTR5,MRTR6,MRTR7,MRTR8,MRTR9,MRTTVx,MRTTVy,MRTTVz,MRTRVx,MRTRVy,MRTRVz,MRGA,SLTx,SLTy,SLTz,SLTR1,SLTR2,SLTR3,SLTR4,SLTR5,SLTR6,SLTR7,SLTR8,SLTR9,SLTTVx,SLTTVy,SLTTVz,SLTRVx,SLTRVy,SLTRVz,SLGA,SRTx,SRTy,SRTz,SRTR1,SRTR2,SRTR3,SRTR4,SRTR5,SRTR6,SRTR7,SRTR8,SRTR9,SRTTVx,SRTTVy,SRTTVz,SRTRVx,SRTRVy,SRTRVz,SRGA
2692,0.177102,-0.00903,0.361915,-0.578289,0.531928,-0.618611,-0.750821,-0.643602,0.148378,-0.3185,0.549607,0.772345,0.00114,-0.022293,0.034063,0.082917,0.348035,0.127558,-1.297892,-0.199067,-0.044216,0.321099,-0.968089,0.014691,0.25016,0.117988,-0.85368,0.507192,0.222224,0.520503,0.824353,0.001787,0.001309,0.022401,0.155518,-0.117628,-0.034305,-1.400198,0.028591,0.021421,-0.009353,0.966476,-0.026474,0.255384,-0.111001,0.853829,0.50858,-0.231518,-0.519879,0.822267,0.000606,0.005906,0.006714,0.338956,-0.102437,-0.229035,-0.987216,0.086789,0.038041,-0.037076,0.585494,-0.522386,-0.619926,0.744278,0.649477,0.155653,0.321317,-0.552532,0.769066,0.007289,-0.006095,0.012157,0.185495,0.429274,0.224484,-1.027443
2693,0.177112,-0.009399,0.362528,-0.578461,0.53786,-0.613298,-0.751796,-0.643264,0.144866,-0.315882,0.544203,0.777232,0.000877,-0.011634,0.025184,0.123697,0.345772,0.15037,-1.291143,-0.199035,-0.044171,0.321495,-0.968163,0.01105,0.250059,0.119997,-0.855948,0.50288,0.220811,0.516861,0.827019,0.001825,0.001702,0.022814,0.252055,-0.170536,-0.069011,-1.399889,0.028608,0.021443,-0.00914,0.966585,-0.022705,0.255336,-0.113012,0.856303,0.503956,-0.230088,-0.515973,0.825124,0.000898,0.000833,0.011384,0.299424,-0.187708,-0.074574,-0.988196,0.086794,0.037851,-0.036767,0.585707,-0.528442,-0.614569,0.745284,0.649168,0.152091,0.318588,-0.547109,0.774062,0.000551,-0.01112,0.01705,0.147413,0.454193,0.175323,-1.031199
2694,0.177089,-0.010004,0.363703,-0.58185,0.546203,-0.602626,-0.749922,-0.647056,0.137507,-0.314109,0.531249,0.786853,0.001218,-0.02015,0.035714,-0.003994,0.182272,0.077651,-1.232012,-0.19898,-0.044296,0.322527,-0.969582,0.003542,0.244724,0.121413,-0.860927,0.49396,0.213658,0.508642,0.833964,0.002384,-0.008695,0.031836,0.412523,-0.267201,-0.157181,-1.399704,0.028635,0.021383,-0.008636,0.968053,-0.015749,0.250249,-0.114133,0.860968,0.495689,-0.223263,-0.508415,0.831665,0.001151,-0.004576,0.015659,0.654871,-0.36064,-0.231564,-0.987379,0.086782,0.037547,-0.036187,0.589086,-0.537515,-0.603368,0.743493,0.653023,0.144144,0.316534,-0.533514,0.784326,0.000429,-0.005525,0.012813,0.006154,0.154604,0.065095,-1.030219
2695,0.177127,-0.010389,0.364826,-0.588272,0.550986,-0.591944,-0.744211,-0.655227,0.129615,-0.315716,0.516091,0.796242,0.001052,-0.006795,0.028844,0.145372,0.368585,0.190495,-1.187682,-0.199073,-0.044708,0.323931,-0.970636,-0.004943,0.240483,0.12393,-0.866843,0.482865,0.207295,0.498495,0.841662,-0.012233,-0.017779,0.043253,0.480928,-0.299549,-0.241535,-1.40003,0.028593,0.021187,-0.007955,0.969169,-0.007838,0.246269,-0.116341,0.866502,0.485426,-0.217198,-0.499111,0.838875,-0.006367,-0.003192,0.017641,0.116234,-0.099235,-0.092349,-0.993421,0.086801,0.037347,-0.035625,0.595558,-0.541321,-0.593532,0.737634,0.661116,0.137192,0.318129,-0.519515,0.79303,0.0005,-0.003657,0.014222,0.238051,0.529427,0.226556,-1.029403
2696,0.17718,-0.010487,0.365987,-0.591196,0.555359,-0.584901,-0.742072,-0.658612,0.12462,-0.315285,0.50702,0.802218,0.001216,-0.002174,0.032282,-0.020288,0.0815,0.053249,-1.174777,-0.199288,-0.045258,0.325574,-0.971495,-0.013687,0.236644,0.127185,-0.872247,0.472168,0.201171,0.488824,0.84879,-0.012007,-0.015653,0.045525,0.236092,-0.250539,0.026985,-1.399798,0.028487,0.020903,-0.00712,0.970282,0.002216,0.241963,-0.119877,0.873023,0.472715,-0.210192,-0.487673,0.847345,0.001616,-0.007863,0.022267,0.285896,-0.208447,-0.142321,-0.991625,0.086828,0.037293,-0.035035,0.598419,-0.546728,-0.585647,0.735662,0.664485,0.131379,0.317325,-0.509458,0.799848,0.000598,-0.000869,0.016305,-0.068656,0.010973,0.028487,-1.042956
2697,0.177214,-0.01049,0.36662,-0.590746,0.561282,-0.579678,-0.743317,-0.658015,0.120285,-0.313195,0.501241,0.806656,0.001257,-0.00099,0.033131,0.237821,0.530179,0.265038,-1.160889,-0.199452,-0.045551,0.326488,-0.972064,-0.019436,0.233892,0.129197,-0.875983,0.464646,0.197077,0.481909,0.853691,-0.011899,-0.014648,0.046578,0.528086,-0.327166,-0.256759,-1.399761,0.0284,0.020751,-0.006646,0.970877,0.007308,0.239461,-0.121604,0.876232,0.466293,-0.206416,-0.481833,0.851603,-0.005972,-0.007242,0.023387,0.676753,-0.3857,-0.272652,-0.991788,0.086844,0.037294,-0.03473,0.598075,-0.550708,-0.582258,0.736678,0.663865,0.128797,0.315611,-0.505967,0.802736,0.000619,-0.000208,0.016784,-0.074638,-0.000601,0.022355,-1.048835
2698,0.177261,-0.010487,0.367904,-0.590358,0.567147,-0.57434,-0.744938,-0.656756,0.117092,-0.310065,0.496266,0.81093,0.001253,-0.001003,0.033031,-0.042137,0.043743,0.035119,-1.101705,-0.19996,-0.046073,0.328344,-0.972931,-0.029578,0.229175,0.133112,-0.882115,0.451762,0.19002,0.470078,0.861848,-0.011789,-0.013718,0.04746,0.394397,-0.254678,-0.208612,-1.399702,0.028151,0.020497,-0.005734,0.971912,0.017609,0.234683,-0.125405,0.882582,0.453124,-0.199148,-0.469827,0.86,-0.006172,-0.001389,0.019493,0.637416,-0.361869,-0.233979,-0.999136,0.086868,0.0373,-0.034085,0.597627,-0.558508,-0.575247,0.738575,0.662687,0.123905,0.312007,-0.498912,0.80854,0.000613,-0.000375,0.016613,-0.077687,-0.007611,0.0181,-1.041323
2699,0.177296,-0.010402,0.369118,-0.589941,0.571111,-0.57083,-0.746309,-0.655502,0.115378,-0.307559,0.493368,0.813648,0.001284,-5.7e-05,0.033641,-0.063096,0.007305,0.017994,-1.071495,-0.200689,-0.04644,0.329991,-0.973611,-0.039978,0.224668,0.137466,-0.888285,0.438164,0.183277,0.457537,0.870019,-0.012473,-0.004821,0.036578,0.237287,-0.159647,-0.12216,-1.39937,0.027787,0.020312,-0.004903,0.972794,0.028621,0.229891,-0.129809,0.889268,0.438577,-0.191883,-0.456488,0.868791,-0.01363,-0.007551,0.023365,0.234794,-0.156513,-0.187134,-0.996523,0.086885,0.037341,-0.033478,0.597209,-0.562305,-0.571973,0.739973,0.661407,0.122393,0.309485,-0.496338,0.811089,0.000489,0.005272,0.012328,-0.047627,-0.047406,0.052249,-1.03969
2700,0.177308,-0.010354,0.369709,-0.589474,0.571346,-0.571077,-0.746974,-0.654634,0.116001,-0.306843,0.494245,0.813385,0.000948,0.008646,0.023199,-0.033929,-0.014564,0.032284,-1.034488,-0.201142,-0.04653,0.330675,-0.973849,-0.044498,0.222778,0.139448,-0.890922,0.432142,0.180473,0.451965,0.87351,-0.028414,0.004195,0.026799,0.302042,-0.172812,-0.144043,-1.399392,0.027556,0.020268,-0.004545,0.973078,0.033128,0.22808,-0.131796,0.891824,0.432756,-0.189071,-0.451166,0.872181,-0.014251,0.001952,0.013253,0.301403,-0.17254,-0.143694,-0.996197,0.086891,0.037366,-0.033189,0.596756,-0.562335,-0.572416,0.740615,0.660537,0.123203,0.308821,-0.497462,0.810654,0.000593,-0.000875,0.016174,-0.073077,-0.010218,0.009747,-1.038057
2701,0.177357,-0.010099,0.370715,-0.588221,0.571952,-0.571762,-0.748316,-0.653002,0.116545,-0.305978,0.495698,0.812827,0.000695,0.01975,0.014474,0.001734,-0.025034,0.05189,-0.982534,-0.202079,-0.046597,0.331765,-0.973933,-0.051093,0.220987,0.143024,-0.89421,0.424108,0.177165,0.444726,0.877892,-0.013519,0.000497,0.021799,0.209396,-0.1241,-0.107908,-1.39925,0.027092,0.020236,-0.004006,0.973228,0.039644,0.226394,-0.13532,0.895025,0.42499,-0.18578,-0.444248,0.876429,-0.01438,0.000527,0.011655,0.269907,-0.056741,-0.331546,-0.998157,0.086916,0.037483,-0.032681,0.595554,-0.562876,-0.573135,0.741946,0.658922,0.123841,0.307944,-0.49899,0.810048,0.007448,-0.000276,0.016356,-0.068378,-0.019197,0.041477,-1.008012
2702,0.177411,-0.009587,0.371503,-0.586861,0.572592,-0.572519,-0.749462,-0.651724,0.116336,-0.305787,0.496639,0.812324,0.000728,0.020852,0.015172,0.001735,-0.024989,0.051911,-0.940129,-0.202923,-0.046524,0.332538,-0.973748,-0.054988,0.220865,0.145743,-0.89567,0.420081,0.175948,0.441314,0.879857,-0.013702,-0.001332,0.019759,0.034643,-0.026492,-0.046508,-1.399415,0.02667,0.020272,-0.00362,0.973107,0.043821,0.226144,-0.138119,0.896681,0.420578,-0.184349,-0.440502,0.878619,-0.007128,0.004482,0.005292,0.052538,-0.031005,-0.028505,-0.998156,0.086943,0.03774,-0.032279,0.594195,-0.563519,-0.573914,0.743111,0.657647,0.123635,0.307763,-0.499946,0.809528,0.000355,0.010595,0.007709,0.002934,-0.037553,0.07743,-0.975517
2703,0.17743,-0.008688,0.372142,-0.590239,0.569751,-0.57188,-0.746332,-0.655089,0.117548,-0.306931,0.495482,0.812599,0.000858,0.024699,0.017823,0.002569,-0.037453,0.077838,-0.912533,-0.203519,-0.046418,0.333071,-0.973327,-0.05786,0.221984,0.148477,-0.896222,0.417941,0.175989,0.439828,0.880592,-0.013934,-0.003474,0.017411,-0.034656,0.012512,-0.02208,-1.399545,0.026372,0.020325,-0.003354,0.972699,0.046662,0.227326,-0.140868,0.897181,0.418595,-0.184421,-0.43919,0.879261,-0.007263,0.003178,0.003862,-0.015407,0.009653,-0.000422,-0.99832,0.086952,0.038184,-0.031964,0.597616,-0.560618,-0.573202,0.739904,0.661012,0.124917,0.308864,-0.498767,0.809835,0.000412,0.01221,0.008814,-0.000518,0.057692,-0.124267,-0.947757
2704,0.177437,-0.008166,0.372493,-0.590922,0.570073,-0.570853,-0.746617,-0.654466,0.119202,-0.304921,0.495935,0.81308,0.000915,0.02641,0.018968,-0.003418,0.048784,-0.101286,-0.894813,-0.203685,-0.046399,0.333283,-0.973145,-0.060073,0.222194,0.15016,-0.897002,0.415659,0.175563,0.43794,0.881617,0.001076,-0.005481,0.014394,-0.02645,0.086934,-0.203522,-1.399397,0.026284,0.020336,-0.003245,0.972584,0.048772,0.227374,-0.142331,0.898073,0.416179,-0.183901,-0.437132,0.880394,-0.007283,0.002967,0.003625,-0.007285,0.002149,-0.008457,-0.998646,0.086956,0.038445,-0.031789,0.598183,-0.560996,-0.57224,0.740264,0.660308,0.126492,0.306894,-0.499275,0.810271,0.000444,0.013146,0.009444,0.006832,-0.041469,0.081267,-0.93698
2705,0.177526,-0.007022,0.373309,-0.595106,0.568171,-0.568398,-0.745903,-0.653739,0.127381,-0.298476,0.499065,0.813556,0.014585,0.030685,0.021375,-0.002468,0.033918,-0.07176,-0.845202,-0.203794,-0.046481,0.33366,-0.973502,-0.064059,0.219501,0.151975,-0.898194,0.412413,0.17196,0.434927,0.883816,0.000838,-0.007526,0.012189,0.109832,0.008909,-0.252049,-1.39924,0.02623,0.020293,-0.003052,0.972956,0.052561,0.224928,-0.144107,0.899146,0.413242,-0.180522,-0.43448,0.882404,0.000399,-0.003867,0.005987,0.125396,0.003165,-0.253469,-0.99734,0.086995,0.039014,-0.031382,0.602363,-0.559027,-0.569777,0.739504,0.659537,0.134703,0.300487,-0.502492,0.810684,0.000671,0.010691,0.015871,-0.026332,-0.026961,0.062972,-0.906935
2706,0.17765,-0.005758,0.374211,-0.598466,0.567877,-0.565154,-0.745134,-0.653671,0.132141,-0.293647,0.499488,0.815052,0.001126,0.033489,0.023518,0.00347,-0.049983,0.10382,-0.784451,-0.203699,-0.046742,0.334045,-0.973505,-0.069057,0.217967,0.154702,-0.900581,0.406146,0.169475,0.429195,0.887093,0.015901,-0.009024,0.009732,0.290347,-0.190082,-0.104133,-1.399203,0.026276,0.02016,-0.002862,0.973001,0.057215,0.223595,-0.146635,0.901378,0.40745,-0.178231,-0.429236,0.885431,0.007937,-0.004573,0.0048,0.377925,-0.227602,-0.112281,-0.994564,0.087062,0.039659,-0.030922,0.605734,-0.558733,-0.566482,0.738691,0.659463,0.139434,0.295668,-0.502915,0.812191,0.000554,0.016849,0.011833,0.005097,-0.051426,0.105218,-0.863173
2707,0.177742,-0.005119,0.374681,-0.597975,0.568105,-0.565445,-0.745475,-0.653339,0.131856,-0.293782,0.499662,0.814896,0.001073,0.032254,0.022514,-0.003384,0.048744,-0.101261,-0.751982,-0.203641,-0.046943,0.334251,-0.973579,-0.072153,0.216629,0.156189,-0.90219,0.401984,0.167661,0.425293,0.889314,0.000586,-0.009691,0.009862,0.518509,-0.307382,-0.215256,-1.399214,0.026305,0.020064,-0.002761,0.973049,0.059513,0.22278,-0.14784,0.90244,0.404653,-0.176964,-0.426684,0.886917,0.000536,-0.010059,0.009466,-0.048195,0.000677,-0.058264,-0.995381,0.087108,0.039959,-0.030701,0.605236,-0.558964,-0.566786,0.739039,0.659138,0.139132,0.295821,-0.503085,0.812031,0.007248,0.015923,0.010904,0.003821,-0.052392,0.107634,-0.841455
2708,0.177991,-0.003979,0.375478,-0.59878,0.565748,-0.566954,-0.743297,-0.656153,0.130172,-0.297626,0.498653,0.81412,0.01432,0.028028,0.018926,0.003586,-0.052196,0.107421,-0.697042,-0.203578,-0.047347,0.33459,-0.973737,-0.076596,0.214382,0.158213,-0.904488,0.395986,0.1648,0.419604,0.892545,0.000495,-0.010478,0.009019,0.19987,-0.124765,-0.101871,-1.399103,0.026337,0.01986,-0.002593,0.973361,0.064933,0.219889,-0.150073,0.905501,0.396919,-0.173337,-0.419345,0.891124,0.000234,-0.005296,0.004447,0.28454,-0.167644,-0.120924,-0.990319,0.087233,0.04056,-0.030281,0.606034,-0.55658,-0.568278,0.736831,0.661955,0.137456,0.299669,-0.502029,0.811273,0.007142,0.013831,0.009334,0.003516,-0.05217,0.107596,-0.793938
2709,0.178321,-0.003158,0.37613,-0.598338,0.56398,-0.569178,-0.74198,-0.658106,0.127804,-0.301763,0.498084,0.812945,0.013966,0.018773,0.012427,0.00272,-0.039691,0.081468,-0.676061,-0.203588,-0.047676,0.334847,-0.973877,-0.081046,0.2121,0.160227,-0.906853,0.389715,0.161984,0.413624,0.895845,-3.9e-05,-0.000339,-0.000364,0.150299,-0.086638,-0.05338,-1.396127,0.026332,0.019691,-0.002463,0.973582,0.069703,0.217436,-0.15215,0.908088,0.390159,-0.170256,-0.412935,0.894704,-2.6e-05,-0.000186,-0.0002,0.122484,-0.074858,-0.051384,-0.990482,0.087393,0.040972,-0.029954,0.605648,-0.554766,-0.570459,0.735458,0.663957,0.135134,0.303792,-0.501393,0.810132,0.000268,0.008934,0.006116,0.001571,-0.02496,0.052191,-0.767485
2710,0.178491,-0.002968,0.376365,-0.599898,0.561271,-0.570212,-0.739322,-0.661284,0.126804,-0.305161,0.496939,0.812377,0.000649,0.001423,0.017237,-0.034861,-0.002205,0.00624,-0.663946,-0.203594,-0.047798,0.334944,-0.973869,-0.082672,0.211506,0.161114,-0.907589,0.387631,0.16114,0.411686,0.89689,-1.5e-05,-0.000128,-0.000137,0.061475,-0.035479,-0.021838,-1.38695,0.026329,0.01963,-0.002415,0.973594,0.071445,0.216813,-0.153098,0.908857,0.387992,-0.169332,-0.410941,0.895797,0.000242,-0.005252,0.004496,-0.007861,-0.011484,-0.03962,-0.989992,0.087484,0.041079,-0.029834,0.607147,-0.55205,-0.5715,0.732791,0.66711,0.134092,0.307228,-0.500204,0.809571,0.006843,0.005455,0.003506,0.007653,-0.11331,0.235003,-0.758504
2711,0.178821,-0.002919,0.376607,-0.600825,0.558858,-0.571605,-0.737134,-0.663954,0.125576,-0.3086,0.496101,0.811589,0.00031,-0.009726,0.00962,-0.035747,0.010246,-0.019712,-0.632755,-0.203622,-0.047951,0.335071,-0.973835,-0.084363,0.210995,0.162116,-0.908264,0.385627,0.160332,0.409853,0.897874,-0.0,-1e-06,-1e-06,0.000545,-0.000315,-0.000194,-1.350345,0.026315,0.019553,-0.002351,0.973557,0.073096,0.216432,-0.154161,0.909393,0.386312,-0.168584,-0.409463,0.896615,0.000253,-0.005168,0.004586,-0.046614,0.01635,-0.015596,-0.976112,0.087649,0.041108,-0.02971,0.608043,-0.549625,-0.572883,0.730594,0.66976,0.132864,0.310669,-0.499332,0.808796,0.006667,-0.000307,-0.000433,0.006715,-0.10071,0.209187,-0.738582
2712,0.179122,-0.003332,0.376644,-0.605991,0.552402,-0.572426,-0.730399,-0.671428,0.125193,-0.314439,0.493275,0.81107,0.013414,-0.019253,0.002677,-0.029646,-0.077986,0.163118,-0.596972,-0.203618,-0.048028,0.33514,-0.973446,-0.085491,0.212336,0.163739,-0.907974,0.385626,0.161053,0.410264,0.897557,0.000509,-0.010353,0.009154,-0.049008,0.098452,-0.196166,-1.321909,0.026316,0.019518,-0.00232,0.973206,0.074034,0.217687,-0.155587,0.909115,0.386395,-0.169297,-0.409912,0.896275,-1e-06,4e-06,5e-06,7.1e-05,0.00065,0.001299,-0.968601,0.087799,0.040896,-0.029689,0.613179,-0.543098,-0.573632,0.723778,0.677184,0.132539,0.316473,-0.496453,0.808318,0.006689,-0.010175,0.000959,-0.03003,-0.077916,0.163674,-0.71066
2713,0.179449,-0.004069,0.376592,-0.614957,0.541942,-0.572863,-0.719201,-0.683355,0.125486,-0.322704,0.488495,0.810716,0.013356,-0.022553,0.000387,-0.035423,0.007827,-0.016483,-0.574661,-0.203604,-0.048069,0.335186,-0.972932,-0.088592,0.213416,0.166629,-0.90855,0.38302,0.161191,0.408329,0.898414,0.00052,-0.010263,0.009251,0.00627,-0.013808,-0.033219,-1.308497,0.026324,0.019494,-0.002293,0.97271,0.077237,0.218786,-0.158504,0.909835,0.383504,-0.169438,-0.407717,0.897249,0.000258,-0.005133,0.004626,-0.022633,-0.00118,-0.030957,-0.969744,0.087957,0.040527,-0.029721,0.622064,-0.532535,-0.57397,0.712446,0.689036,0.132848,0.32474,-0.491562,0.808027,-3.4e-05,-0.01172,0.000105,-0.037427,0.034919,-0.071916,-0.690738
2714,0.179559,-0.004501,0.376597,-0.621424,0.536519,-0.570986,-0.711478,-0.691591,0.124389,-0.327385,0.482872,0.812208,-3.2e-05,-0.022387,0.000923,0.920131,-0.164946,-1.383772,-0.55806,-0.203603,-0.048093,0.335207,-0.972592,-0.089566,0.214555,0.167997,-0.908356,0.382884,0.161822,0.408551,0.898199,0.00051,-0.01035,0.009157,-0.035882,0.01081,-0.01813,-1.292049,0.026324,0.019486,-0.002286,0.972396,0.078099,0.219877,-0.159784,0.909591,0.383552,-0.170044,-0.408097,0.896961,-2e-06,-4e-06,-4e-06,-0.008913,0.004202,0.001294,-0.969581,0.088017,0.040306,-0.029722,0.627546,-0.528374,-0.571844,0.705892,0.695992,0.131568,0.328482,-0.486226,0.809742,0.006672,-0.011567,4e-06,3.117574,-0.760858,-4.348973,-0.680777
2715,0.179663,-0.005437,0.376758,-0.628255,0.530804,-0.568848,-0.703731,-0.699461,0.124449,-0.331054,0.477838,0.813696,0.000337,-0.03046,0.011678,-0.045406,0.082221,-0.043189,-0.506644,-0.203638,-0.048184,0.335233,-0.97214,-0.092457,0.215374,0.170597,-0.908928,0.380369,0.161815,0.406635,0.89907,-0.000149,-0.001281,-0.001375,0.112866,-0.066522,-0.040677,-1.27248,0.026307,0.019439,-0.002268,0.971944,0.080886,0.220863,-0.16235,0.910156,0.381126,-0.170193,-0.406291,0.897753,-9.8e-05,-0.000841,-0.0009,0.133383,0.002598,-0.22801,-0.969417,0.088069,0.039835,-0.02965,0.635271,-0.521464,-0.569653,0.696808,0.705072,0.131647,0.332998,-0.480571,0.811272,1.2e-05,-0.010088,0.001208,-0.020319,0.05839,-0.025683,-0.649915
2716,0.179571,-0.006496,0.377121,-0.635297,0.526808,-0.564727,-0.696205,-0.707125,0.123466,-0.333506,0.470944,0.816708,0.000343,-0.030037,0.011965,0.012255,0.188048,0.004028,-0.413736,-0.203742,-0.04835,0.335273,-0.971837,-0.094902,0.215682,0.172607,-0.909499,0.378091,0.161503,0.404795,0.899956,-0.014921,-0.011744,0.008505,0.145131,-0.082318,-0.113519,-1.258033,0.02626,0.01936,-0.002251,0.971653,0.082972,0.221368,-0.164195,0.910538,0.37942,-0.170082,-0.405012,0.898351,-6.5e-05,-0.000546,-0.000586,0.348,-0.192927,-0.100658,-0.970234,0.088028,0.039317,-0.029473,0.642305,-0.516933,-0.565882,0.689097,0.712711,0.131099,0.335541,-0.474153,0.813996,0.000168,-0.014987,0.006003,0.084761,0.297729,0.039585,-0.598316
2717,0.179437,-0.007068,0.377369,-0.642084,0.520878,-0.562547,-0.688125,-0.715027,0.123259,-0.337241,0.465593,0.818241,-0.013139,-0.029992,0.012436,-0.041542,0.090369,-0.085908,-0.328882,-0.20381,-0.048434,0.335308,-0.971732,-0.096786,0.215317,0.17381,-0.910222,0.375792,0.160837,0.402719,0.901006,-0.015351,-0.000704,8.7e-05,0.216952,-0.11464,-0.108463,-1.246723,0.026226,0.019312,-0.002233,0.971573,0.084931,0.220976,-0.165407,0.911329,0.376986,-0.169365,-0.402821,0.899472,0.000175,-0.005835,0.003874,0.285239,-0.089642,-0.297085,-0.970071,0.087961,0.039021,-0.029344,0.648983,-0.511602,-0.563101,0.681095,0.720494,0.130372,0.339013,-0.468135,0.816038,0.000162,-0.015015,0.005985,-0.047229,0.037511,-0.090339,-0.555044
2718,0.179067,-0.008471,0.377958,-0.652794,0.514378,-0.556165,-0.67629,-0.726477,0.1218,-0.340584,0.454996,0.822805,0.000547,-0.042536,0.0197,-0.039231,0.074353,0.146616,-0.247845,-0.204037,-0.048644,0.335414,-0.972259,-0.100001,0.211434,0.174645,-0.911382,0.372579,0.156663,0.399299,0.903261,-0.000119,-0.001008,-0.001084,0.090654,-0.060883,-0.030803,-1.210648,0.026107,0.019206,-0.00218,0.972207,0.08865,0.216686,-0.166346,0.912845,0.372883,-0.164745,-0.398565,0.902221,-6e-05,-0.000495,-0.000527,0.048127,-0.035373,-0.031252,-0.967458,0.087771,0.038327,-0.02905,0.659736,-0.504793,-0.556715,0.66902,0.731936,0.129153,0.342284,-0.45766,0.820601,-0.006647,-0.016397,0.005245,-0.010864,0.181934,-0.062793,-0.458702
2719,0.178698,-0.010006,0.378641,-0.652133,0.516078,-0.555366,-0.673541,-0.730615,0.111875,-0.347217,0.446373,0.824753,-0.012988,-0.041347,0.020975,1.68594,-1.484312,1.311507,-0.21971,-0.204332,-0.048859,0.335673,-0.972348,-0.10439,0.208884,0.176616,-0.913624,0.366105,0.153847,0.393009,0.906498,-0.014604,-0.008896,0.011558,0.098066,-0.054952,-0.096603,-1.140198,0.025965,0.0191,-0.002057,0.972339,0.092892,0.214304,-0.168229,0.915016,0.366665,-0.162032,-0.392575,0.905333,-0.007283,-0.004256,0.005993,0.132064,-0.155302,0.072452,-0.945577,0.087592,0.037555,-0.028712,0.660502,-0.506517,-0.554235,0.666119,0.735918,0.12128,0.346441,-0.449292,0.823476,0.000265,-0.020823,0.010168,-0.118726,0.049592,-0.0808,-0.424575
2720,0.178167,-0.011509,0.379401,-0.650224,0.513991,-0.559525,-0.665871,-0.740125,0.09382,-0.365093,0.432932,0.824199,-0.013051,-0.041122,0.021143,0.08037,-0.03376,0.032908,-0.167157,-0.20463,-0.049121,0.336047,-0.972397,-0.110348,0.205567,0.179452,-0.916495,0.357447,0.150181,0.384614,0.910704,0.000615,-0.009374,0.010208,0.326083,-0.205248,-0.149155,-1.077005,0.025816,0.018975,-0.001871,0.972407,0.097999,0.211708,-0.170757,0.917312,0.359693,-0.158953,-0.385918,0.908735,0.000328,-0.004468,0.005345,0.413416,-0.26433,-0.19491,-0.923206,0.087326,0.036805,-0.028331,0.657075,-0.504699,-0.559936,0.658737,0.745561,0.101003,0.366491,-0.435218,0.822355,-0.013326,-0.020562,0.010794,0.473197,-0.420034,0.295281,-0.391916
2721,0.17784,-0.012277,0.379803,-0.654577,0.504754,-0.562848,-0.653387,-0.752193,0.085223,-0.379545,0.422911,0.822873,-0.013345,-0.029992,0.01243,-0.043505,0.0466,-0.089171,-0.135712,-0.204756,-0.049264,0.336237,-0.97236,-0.111944,0.20488,0.180371,-0.917058,0.355534,0.149311,0.382807,0.911608,-0.01463,-0.009039,0.011397,0.010186,-0.002744,-0.064788,-1.049517,0.025753,0.018901,-0.001772,0.972465,0.100751,0.210145,-0.172034,0.918641,0.355671,-0.157214,-0.38203,0.910679,0.000305,-0.004653,0.005147,-0.038388,0.004077,-0.03402,-0.917328,0.087168,0.03643,-0.028136,0.661188,-0.49542,-0.563372,0.646237,0.757537,0.092275,0.38106,-0.425083,0.821033,-0.013335,-0.020032,0.011169,0.123046,-0.109587,-0.145681,-0.368729
2722,0.177182,-0.013607,0.380503,-0.653571,0.498515,-0.569538,-0.644215,-0.761357,0.072759,-0.396543,0.413834,0.819465,-0.013062,-0.038238,0.023193,-0.029089,-0.071378,0.066531,-0.121656,-0.204931,-0.04954,0.336575,-0.972339,-0.116471,0.202442,0.182679,-0.919017,0.349241,0.146595,0.376715,0.914582,0.000566,-0.009758,0.009796,0.149111,-0.100026,-0.08508,-1.005565,0.02566,0.01876,-0.001598,0.972476,0.10499,0.208003,-0.174229,0.920405,0.349997,-0.154701,-0.376604,0.913365,0.000275,-0.004901,0.004878,0.171708,-0.110622,-0.086942,-0.910633,0.086828,0.035737,-0.027775,0.660275,-0.488785,-0.570196,0.636939,0.766718,0.080314,0.397924,-0.416209,0.817572,-0.006538,-0.019005,0.011687,-0.036195,-0.074298,0.062652,-0.337704
2723,0.176538,-0.014547,0.381043,-0.652742,0.495581,-0.573038,-0.641445,-0.763961,0.069875,-0.402344,0.412563,0.817275,-0.013479,-0.012966,0.007863,-0.030612,-0.056689,0.131992,-0.095121,-0.20498,-0.04973,0.336739,-0.972234,-0.118237,0.201923,0.183846,-0.919504,0.347342,0.145823,0.374975,0.91542,0.000485,-0.010422,0.009083,-0.035366,0.010473,-0.018324,-0.962152,0.025636,0.018665,-0.001516,0.972382,0.107016,0.20741,-0.175566,0.920941,0.347914,-0.15378,-0.374719,0.914295,0.000236,-0.005235,0.004518,-0.049172,0.017597,-0.015732,-0.912919,0.086511,0.035266,-0.027512,0.659566,-0.485717,-0.573629,0.634066,0.769375,0.077595,0.403647,-0.414898,0.81543,-0.006613,-0.011578,0.00864,-0.061051,-0.128025,0.29431,-0.318272
2724,0.176215,-0.014761,0.381238,-0.652727,0.493834,-0.574562,-0.639512,-0.765725,0.068283,-0.40543,0.411391,0.816341,-0.013376,-0.010031,0.00994,3.144728,-0.433919,-4.379472,-0.090441,-0.20498,-0.049759,0.336753,-0.972233,-0.119728,0.20105,0.184549,-0.920249,0.34499,0.144934,0.37267,0.916501,-1.1e-05,-9.1e-05,-9.7e-05,0.009827,-0.005901,-0.003558,-0.947308,0.025636,0.01865,-0.00151,0.972413,0.108524,0.206481,-0.176217,0.921754,0.345421,-0.152838,-0.372277,0.91545,-1e-05,-5.9e-05,-6.2e-05,-0.017531,0.007043,-0.000966,-0.914388,0.08635,0.035157,-0.027416,0.656631,-0.487856,-0.575179,0.636696,0.76736,0.076,0.404292,-0.416118,0.814488,-0.006686,-0.004738,0.005174,-0.024926,-0.137617,0.314299,-0.311741
2725,0.175567,-0.014714,0.381417,-0.650951,0.495838,-0.574851,-0.642098,-0.763546,0.068412,-0.4042,0.413023,0.816126,-0.013499,0.003649,0.002999,-0.000984,0.014715,-0.029553,-0.075599,-0.204938,-0.049804,0.336718,-0.971983,-0.120454,0.20182,0.185516,-0.920095,0.34488,0.145375,0.372816,0.916372,-0.000125,-0.001034,-0.001111,-0.012682,0.086271,-0.178736,-0.941269,0.025657,0.018628,-0.001526,0.97219,0.109048,0.207255,-0.177039,0.921537,0.34558,-0.153309,-0.372662,0.915215,-7.9e-05,-0.000658,-0.000706,-0.000431,0.000773,0.001273,-0.928105,0.086026,0.035179,-0.027321,0.657678,-0.486069,-0.575496,0.634843,0.768884,0.076094,0.405504,-0.415395,0.814256,-0.006734,0.002306,0.001848,0.006725,-0.078979,0.179723,-0.301127
2726,0.175059,-0.01443,0.381435,-0.651462,0.496884,-0.573367,-0.643683,-0.761981,0.070925,-0.400849,0.414649,0.816954,-8.8e-05,0.01414,-0.006616,0.036653,-0.02173,0.046125,-0.074267,-0.204921,-0.049844,0.336658,-0.971615,-0.12152,0.20295,0.186926,-0.919893,0.344659,0.146031,0.372971,0.916205,-7.2e-05,-0.0006,-0.000646,0.0,-0.0,-0.0,-0.939767,0.025665,0.018606,-0.001559,0.971798,0.110172,0.208492,-0.178541,0.921338,0.345338,-0.154046,-0.372824,0.915025,-4e-05,-0.00034,-0.000366,0.000155,0.000307,0.000837,-0.948679,0.085767,0.035321,-0.027306,0.658244,-0.487101,-0.573975,0.636424,0.767315,0.078683,0.402094,-0.417084,0.815083,-0.00675,0.001706,0.001422,0.008199,-0.06923,0.154932,-0.295575
2727,0.174725,-0.014212,0.38145,-0.656481,0.496112,-0.568289,-0.643869,-0.760991,0.079357,-0.392282,0.417379,0.819718,0.000133,0.003099,0.002184,-0.000396,0.000337,-0.000307,-0.073624,-0.204935,-0.049862,0.336639,-0.971179,-0.12277,0.20428,0.188584,-0.919642,0.344425,0.146801,0.373182,0.915995,-0.00015,-0.001242,-0.001335,-0.014521,0.098779,-0.204631,-0.933951,0.025658,0.0186,-0.001565,0.971412,0.111281,0.209702,-0.180023,0.921132,0.345118,-0.154758,-0.373003,0.914832,-0.0,-1e-06,0.0,9.7e-05,0.000225,0.000556,-0.956027,0.085599,0.035436,-0.0273,0.663222,-0.486344,-0.568864,0.636609,0.766251,0.087106,0.393529,-0.419914,0.817805,-0.006736,0.001885,0.001542,0.004945,-0.001562,0.001152,-0.293779
2728,0.174614,-0.014138,0.381468,-0.656471,0.494091,-0.570057,-0.64343,-0.761175,0.081133,-0.393015,0.419435,0.818316,9.8e-05,0.002264,0.001595,-0.036926,0.021853,-0.206946,-0.073525,-0.204947,-0.049867,0.336634,-0.971041,-0.124651,0.203796,0.189786,-0.920325,0.341931,0.146158,0.370869,0.917037,-3.1e-05,-0.000253,-0.000272,0.036966,0.056106,-0.196883,-0.928168,0.025652,0.018595,-0.00157,0.971316,0.113157,0.209142,-0.181128,0.92193,0.342397,-0.15407,-0.370457,0.915982,-2e-05,-0.000166,-0.000178,0.048972,-0.032847,-0.024334,-0.955701,0.085544,0.035475,-0.027289,0.662984,-0.484281,-0.570897,0.636292,0.76631,0.088882,0.39444,-0.422185,0.816195,-0.006755,0.001438,0.001226,-0.025022,-0.03748,-0.053139,-0.293615
2729,0.174565,-0.014139,0.381531,-0.659793,0.489914,-0.569827,-0.638644,-0.765152,0.081537,-0.395244,0.417101,0.818435,1e-06,2e-05,1.4e-05,0.00229,-0.000339,-0.003302,-0.071957,-0.204958,-0.049854,0.336634,-0.971416,-0.125087,0.201731,0.18958,-0.919957,0.343034,0.143897,0.371636,0.917084,8e-06,6.4e-05,6.9e-05,1.1e-05,-1.2e-05,-3e-06,-0.908014,0.025646,0.018602,-0.00157,0.97166,0.113711,0.20723,-0.181137,0.921441,0.343708,-0.151867,-0.371504,0.915925,5e-06,4.7e-05,5.1e-05,0.0005,0.005348,-0.001515,-0.956191,0.08552,0.035481,-0.027259,0.666419,-0.480118,-0.570413,0.631344,0.770355,0.089196,0.396596,-0.41957,0.816499,-5e-06,-8.7e-05,-5.8e-05,0.032508,-0.083409,0.145253,-0.292799
2730,0.174597,-0.014184,0.381573,-0.662591,0.486065,-0.569877,-0.634238,-0.768801,0.081598,-0.397641,0.414895,0.818395,0.0,0.0,0.0,-0.0,-0.0,-0.0,-0.071928,-0.204944,-0.049838,0.336666,-0.971299,-0.12542,0.202086,0.190025,-0.919879,0.342997,0.144098,0.371717,0.917019,5.6e-05,0.000465,0.0005,0.0,-0.0,-0.0,-0.870728,0.025654,0.01861,-0.001554,0.971537,0.114026,0.207634,-0.181584,0.92137,0.343661,-0.152121,-0.371583,0.915852,3.4e-05,0.00029,0.000311,7.9e-05,0.00022,0.000311,-0.951455,0.085536,0.035452,-0.027237,0.669206,-0.476231,-0.570407,0.626893,0.773971,0.089289,0.398957,-0.417338,0.816493,-3e-06,-3.1e-05,-2.1e-05,-0.000313,5.6e-05,0.000429,-0.292473
2731,0.174607,-0.014185,0.381573,-0.665439,0.482145,-0.569888,-0.62969,-0.772532,0.081585,-0.400099,0.412538,0.818389,0.0,0.0,0.0,2e-06,-0.0,-2e-06,-0.070209,-0.20493,-0.04982,0.336684,-0.971181,-0.125758,0.202444,0.190473,-0.91981,0.342934,0.144305,0.371775,0.916964,9.4e-05,0.000777,0.000836,0.0,-0.0,-0.0,-0.847489,0.025661,0.018618,-0.001545,0.971422,0.114358,0.207992,-0.182027,0.921307,0.343596,-0.152332,-0.371637,0.915795,4.9e-05,0.000409,0.00044,5.8e-05,0.000123,0.000279,-0.948026,0.085541,0.035452,-0.027237,0.672026,-0.472278,-0.57038,0.622301,0.777668,0.089286,0.401399,-0.414951,0.816513,-2e-06,-1.6e-05,-1.1e-05,-0.00042,4e-06,0.000497,-0.292146
2732,0.174639,-0.014156,0.381591,-0.668054,0.478362,-0.570016,-0.625288,-0.776117,0.081416,-0.402627,0.410216,0.818316,4.9e-05,0.001128,0.000794,0.283519,-0.040496,-0.40702,-0.063505,-0.204929,-0.049814,0.336691,-0.970767,-0.126935,0.203692,0.192032,-0.919567,0.342715,0.145027,0.371977,0.916768,-4.5e-05,-0.000374,-0.000402,-0.012683,0.086277,-0.178733,-0.813397,0.025661,0.018623,-0.00154,0.97105,0.115428,0.209135,-0.183447,0.921103,0.343388,-0.152999,-0.371812,0.915612,-3.4e-05,-0.000274,-0.000295,9e-06,7.7e-05,0.00019,-0.94672,0.085557,0.035464,-0.027229,0.674354,-0.46883,-0.570476,0.618287,0.780882,0.089126,0.40369,-0.412821,0.816463,2.9e-05,0.00073,0.000516,0.954687,-0.135357,-1.371159,-0.288063
2733,0.174629,-0.014164,0.381599,-0.667975,0.478422,-0.570059,-0.625364,-0.77606,0.081379,-0.402641,0.410254,0.81829,0.0,0.0,0.0,-0.0,-0.0,-0.0,-0.053134,-0.204941,-0.049814,0.336692,-0.970409,-0.127943,0.204763,0.193369,-0.919358,0.342525,0.145648,0.372151,0.916599,4.6e-05,0.00038,0.000408,0.0,-0.0,-0.0,-0.787089,0.025655,0.018621,-0.001542,0.970664,0.116531,0.210311,-0.18491,0.920891,0.343172,-0.153684,-0.371994,0.915424,2.9e-05,0.000252,0.000269,2.3e-05,3.8e-05,0.000138,-0.948189,0.085552,0.035462,-0.027224,0.674521,-0.468541,-0.570517,0.617959,0.781146,0.08909,0.403915,-0.412649,0.816438,-0.0,-1.4e-05,-1e-05,-0.000256,5.1e-05,0.000376,-0.282838
2734,0.174638,-0.014178,0.381589,-0.6707,0.474529,-0.570113,-0.620836,-0.779694,0.081308,-0.405103,0.407885,0.818259,-4e-06,-9.2e-05,-6.5e-05,0.0,-0.0,-0.0,-0.04073,-0.204919,-0.04982,0.336683,-0.970062,-0.128917,0.205795,0.19466,-0.919154,0.342341,0.146244,0.37232,0.916435,-0.000122,-0.001015,-0.001091,-0.012683,0.086277,-0.178733,-0.748367,0.025667,0.018621,-0.001543,0.970323,0.117504,0.211343,-0.186199,0.920702,0.342981,-0.154282,-0.372154,0.915258,-7.2e-05,-0.000588,-0.000634,-0.01265,0.086285,-0.178624,-0.947536,0.085556,0.035454,-0.02723,0.677214,-0.46462,-0.570534,0.613396,0.784741,0.089028,0.406357,-0.410254,0.816434,-1e-06,-4.2e-05,-2.8e-05,-0.000275,3.4e-05,0.000398,-0.274021
2735,0.174638,-0.014193,0.381578,-0.670623,0.474586,-0.570156,-0.620899,-0.77965,0.08125,-0.405134,0.407903,0.818235,-2.5e-05,-0.000568,-0.0004,-0.0,-0.0,-0.0,-0.033939,-0.204896,-0.049827,0.336675,-0.969855,-0.129494,0.206405,0.195424,-0.919032,0.342231,0.146596,0.37242,0.916338,-3e-05,-0.00025,-0.000269,0.0,-0.0,-0.0,-0.730013,0.025677,0.018615,-0.001549,0.97012,0.118081,0.211953,-0.186963,0.920591,0.342867,-0.154636,-0.372249,0.915159,-1.6e-05,-0.00013,-0.000141,-1.8e-05,4.3e-05,8.5e-05,-0.943128,0.085556,0.035448,-0.027234,0.677133,-0.464684,-0.570577,0.613466,0.784692,0.08897,0.406385,-0.410275,0.816409,-1.5e-05,-0.000361,-0.000256,-0.000222,2.6e-05,0.000334,-0.268959
2736,0.174637,-0.014214,0.381563,-0.670561,0.474632,-0.570191,-0.62095,-0.779614,0.081204,-0.405158,0.407917,0.818216,-1.2e-05,-0.000268,-0.000188,-0.0,-0.0,-0.0,-0.018835,-0.204876,-0.049859,0.336654,-0.969485,-0.13052,0.207494,0.196788,-0.918805,0.342058,0.147221,0.372623,0.916155,-2.4e-05,-0.000199,-0.000214,0.0,-0.0,-0.0,-0.707475,0.025687,0.018599,-0.00156,0.969755,0.119106,0.213042,-0.188325,0.920379,0.342687,-0.155264,-0.372444,0.914974,-1.1e-05,-0.000102,-0.000109,0.0,2.1e-05,5.3e-05,-0.915205,0.085556,0.035436,-0.027242,0.677066,-0.464738,-0.570612,0.613527,0.78465,0.088924,0.406405,-0.410294,0.81639,-7e-06,-0.000178,-0.000124,-0.000156,2.6e-05,0.000223,-0.258345
2737,0.174637,-0.014221,0.381558,-0.670577,0.47462,-0.570182,-0.620937,-0.779624,0.081216,-0.405152,0.407914,0.81822,-0.0,-1e-06,-1e-06,-0.0,-0.0,-0.0,0.01141,-0.204887,-0.049853,0.336662,-0.969125,-0.131512,0.208548,0.198104,-0.918594,0.341866,0.147831,0.372797,0.915987,1.7e-05,0.000144,0.000155,0.0,-0.0,-0.0,-0.685553,0.025682,0.018602,-0.001556,0.969401,0.120098,0.214096,-0.189641,0.920183,0.342488,-0.155875,-0.37261,0.914802,1.2e-05,0.0001,0.000106,-0.012694,0.086291,-0.178699,-0.892507,0.085555,0.035432,-0.027245,0.677078,-0.464732,-0.570603,0.613521,0.784654,0.088936,0.406395,-0.410294,0.816395,3e-06,1.6e-05,1e-05,-9.3e-05,2.9e-05,0.000165,-0.241362
2738,0.174627,-0.014221,0.381571,-0.670482,0.474692,-0.570233,-0.621025,-0.779558,0.081166,-0.405173,0.407955,0.81819,3.2e-05,0.000751,0.000529,-0.0,-0.0,-0.0,0.038731,-0.204886,-0.049855,0.336675,-0.969576,-0.131747,0.20629,0.197647,-0.918243,0.343073,0.145445,0.37358,0.91605,2.4e-05,0.000202,0.000217,-0.012684,0.086268,-0.178737,-0.679688,0.025683,0.018601,-0.001549,0.969908,0.120229,0.211713,-0.189053,0.919842,0.343727,-0.153417,-0.373409,0.914892,1.5e-05,0.000129,0.000137,0.000995,0.002209,-0.001035,-0.883363,0.085551,0.035431,-0.02724,0.676983,-0.464807,-0.570656,0.613612,0.784587,0.088886,0.406415,-0.410336,0.816364,2.1e-05,0.000514,0.000361,-9.1e-05,2e-06,0.000129,-0.215889
2739,0.174616,-0.014228,0.381566,-0.673098,0.470853,-0.570335,-0.61655,-0.783117,0.081028,-0.407655,0.405591,0.818132,-1.4e-05,-0.000333,-0.000234,0.085103,-0.012091,-0.122079,0.063507,-0.204895,-0.049872,0.336703,-0.969937,-0.132215,0.204284,0.197505,-0.91782,0.344284,0.143197,0.374453,0.916047,1e-06,8e-06,8e-06,-0.0,-0.0,0.0,-0.677872,0.025678,0.018593,-0.001535,0.970251,0.120794,0.209811,-0.18905,0.919396,0.344921,-0.151236,-0.374325,0.914881,-2e-06,-5e-06,-6e-06,0.001189,0.002595,-0.001241,-0.875362,0.085545,0.03543,-0.02724,0.679549,-0.460965,-0.570721,0.609131,0.788086,0.088757,0.408864,-0.407959,0.816332,-9e-06,-0.000182,-0.000128,0.085734,-0.012147,-0.12322,-0.166902
2740,0.174625,-0.014257,0.381545,-0.675919,0.466824,-0.570311,-0.611865,-0.786779,0.081062,-0.410032,0.40316,0.818146,-6.6e-05,-0.001539,-0.001084,-0.000894,0.011763,-0.026294,0.078707,-0.204895,-0.049887,0.336717,-0.969751,-0.132728,0.204836,0.198196,-0.91769,0.344235,0.143506,0.374593,0.915942,0.000122,0.001013,0.001089,-0.0,-0.0,0.0,-0.675077,0.025678,0.018583,-0.001531,0.970062,0.121309,0.210388,-0.18975,0.919276,0.344856,-0.151571,-0.374453,0.914773,7.2e-05,0.000598,0.000642,0.001851,-0.01244,0.02588,-0.872749,0.08555,0.035418,-0.027249,0.682346,-0.456881,-0.570667,0.60438,0.791732,0.088788,0.41125,-0.405484,0.816366,-3e-06,-5.1e-05,-3.6e-05,-0.00028,0.0,0.000316,-0.138163
2741,0.174624,-0.014279,0.38153,-0.675966,0.466788,-0.570284,-0.611826,-0.786806,0.081098,-0.410013,0.403149,0.818161,-1.2e-05,-0.000274,-0.000193,0.0,-0.0,-0.0,0.085278,-0.204892,-0.049912,0.336751,-0.969489,-0.133442,0.205608,0.199164,-0.917495,0.344195,0.143933,0.374817,0.915783,0.000503,-0.010285,0.00923,-0.036415,0.011088,-0.017952,-0.657565,0.025679,0.018573,-0.001511,0.969804,0.122025,0.21116,-0.190721,0.919092,0.344811,-0.152001,-0.374672,0.914612,0.00025,-0.005153,0.004603,-0.036423,0.011089,-0.017945,-0.862462,0.085549,0.035403,-0.027259,0.682403,-0.456842,-0.570631,0.604337,0.79176,0.088836,0.411219,-0.405476,0.816386,-6e-06,-0.000144,-0.000102,-0.000169,1.9e-05,0.000231,-0.12216
2742,0.174624,-0.014294,0.381532,-0.678638,0.46284,-0.570329,-0.607235,-0.790359,0.081059,-0.412409,0.400753,0.818134,-3e-06,-6e-05,-4.2e-05,6.2e-05,-9e-06,-8.9e-05,0.087937,-0.204892,-0.04992,0.336758,-0.969269,-0.134044,0.206252,0.199969,-0.917354,0.344104,0.1443,0.374948,0.915672,0.0,0.0,0.0,0.0,0.0,0.0,-0.645198,0.02568,0.018569,-0.001507,0.969588,0.122627,0.211805,-0.191527,0.91896,0.344715,-0.152369,-0.374798,0.914499,-3e-06,-6e-06,-7e-06,-1.2e-05,-1.5e-05,7e-06,-0.853971,0.085549,0.035396,-0.027258,0.685048,-0.452857,-0.570638,0.599701,0.795281,0.088805,0.413602,-0.403049,0.816384,-1e-06,-5e-06,-3e-06,-0.000113,-3.9e-05,2.8e-05,-0.117425
2743,0.174624,-0.014308,0.381522,-0.678669,0.462816,-0.570311,-0.607208,-0.790376,0.081082,-0.412396,0.400746,0.818143,-1e-06,-3e-05,-2.1e-05,0.0,-0.0,-0.0,0.100474,-0.204898,-0.049967,0.336706,-0.969456,-0.134991,0.204755,0.200448,-0.916853,0.345158,0.142356,0.375834,0.915613,-0.000214,-0.001776,-0.00191,-0.0,-0.0,0.0,-0.609009,0.025677,0.018548,-0.00153,0.969794,0.123573,0.210305,-0.192014,0.918463,0.345768,-0.150429,-0.375706,0.914448,-0.000129,-0.001068,-0.001148,-0.001617,0.013025,-0.026164,-0.823272,0.085549,0.035389,-0.027263,0.685072,-0.452842,-0.570621,0.599686,0.795289,0.088829,0.413583,-0.403048,0.816394,-1e-06,7e-06,5e-06,-0.00018,2.1e-05,0.000251,-0.103545
2744,0.174644,-0.014308,0.381509,-0.678637,0.462839,-0.570332,-0.607224,-0.790369,0.081037,-0.412427,0.400734,0.818134,-0.0,-2e-06,-1e-06,0.0,0.0,0.0,0.120486,-0.204906,-0.050039,0.336629,-0.969797,-0.135502,0.202792,0.200343,-0.916447,0.346297,0.140144,0.376642,0.915622,-0.000274,-0.002277,-0.00245,-0.001838,0.012493,-0.025902,-0.592883,0.025673,0.018512,-0.001569,0.970158,0.124068,0.208326,-0.191898,0.918056,0.346912,-0.148214,-0.376537,0.914468,-7.6e-05,-0.000638,-0.000688,0.000383,0.000874,-0.000435,-0.797146,0.085559,0.035389,-0.027269,0.685036,-0.452872,-0.570641,0.599709,0.795277,0.088784,0.41361,-0.403039,0.816385,-0.0,1.4e-05,1e-05,-0.000123,1e-06,0.000173,-0.081011
2745,0.174674,-0.014316,0.381503,-0.681327,0.458839,-0.570355,-0.602564,-0.79393,0.081009,-0.41481,0.398295,0.81812,0.01362,-0.000363,-0.000671,0.000984,-0.014715,0.029553,0.130542,-0.204932,-0.050055,0.336599,-0.969696,-0.135779,0.203088,0.200708,-0.916395,0.346221,0.14032,0.376667,0.915585,-0.000125,-0.001035,-0.001114,-0.0,-0.0,0.0,-0.588195,0.025659,0.018501,-0.001588,0.970052,0.12436,0.208645,-0.192286,0.918006,0.346827,-0.148406,-0.37656,0.914427,-7.2e-05,-0.000604,-0.00065,4e-05,0.000113,-6.7e-05,-0.790614,0.085569,0.035386,-0.027272,0.687716,-0.448823,-0.570616,0.59499,0.798815,0.088778,0.415971,-0.400565,0.816403,-5e-06,-9.8e-05,-7.3e-05,-0.000239,1e-05,0.000291,-0.066805
2746,0.174746,-0.014324,0.381507,-0.683919,0.454881,-0.570424,-0.597957,-0.797412,0.080947,-0.417196,0.39588,0.818079,-0.0,-0.0,-0.0,0.0,-0.0,-0.0,0.135891,-0.204937,-0.05009,0.33656,-0.969485,-0.136357,0.203708,0.201479,-0.916268,0.346112,0.140676,0.376771,0.915487,-0.000122,-0.001012,-0.00109,0.0,0.0,0.0,-0.579916,0.025657,0.018484,-0.001606,0.969843,0.12494,0.209266,-0.193058,0.917887,0.346714,-0.148764,-0.376659,0.914328,-7.3e-05,-0.000619,-0.000665,-1.4e-05,-1e-06,-2e-06,-0.78147,0.08561,0.035381,-0.02727,0.690259,-0.444848,-0.570658,0.590361,0.802248,0.08871,0.418347,-0.398128,0.816381,-3e-06,9e-06,6e-06,-0.000279,2e-06,0.000338,-0.046557
2747,0.174859,-0.014311,0.381512,-0.686374,0.450996,-0.57056,-0.593416,-0.800814,0.080778,-0.419634,0.393458,0.818,4e-06,9.1e-05,6.4e-05,0.007662,-0.001085,-0.010985,0.141192,-0.204941,-0.050126,0.336522,-0.969056,-0.137526,0.204962,0.203037,-0.916007,0.345891,0.141397,0.376981,0.91529,-0.000213,-0.001769,-0.001905,-0.001838,0.012494,-0.025902,-0.562954,0.025655,0.018468,-0.001623,0.969426,0.126097,0.210504,-0.1946,0.917647,0.346487,-0.149478,-0.376857,0.91413,-4e-05,-0.00033,-0.000355,-0.012701,0.086207,-0.178755,-0.768896,0.085667,0.035388,-0.027267,0.692682,-0.440936,-0.570758,0.585786,0.805613,0.088548,0.420766,-0.395679,0.816328,1e-06,4e-05,2.6e-05,0.007373,-0.001101,-0.010731,-0.042148
