frame,MLTx,MLTy,MLTz,MLTR1,MLTR2,MLTR3,MLTR4,MLTR5,MLTR6,MLTR7,MLTR8,MLTR9,MLTTVx,MLTTVy,MLTTVz,MLTRVx,MLTRVy,MLTRVz,MLGA,MRTx,MRTy,MRTz,MRTR1,MRTR2,MRTR3,MRTR4,MRTR5,MRTR6,MRTR7,MRTR8,MRTR9,MRTTVx,MRTTVy,MRTTVz,MRTRVx,MRTRVy,MRTRVz,MRGA,SLTx,SLTy,SLTz,SLTR1,SLTR2,SLTR3,SLTR4,SLTR5,SLTR6,SLTR7,SLTR8,SLTR9,SLTTVx,SLTTVy,SLTTVz,SLTRVx,SLTRVy,SLTRVz,SLGA,SRTx,SRTy,SRTz,SRTR1,SRTR2,SRTR3,SRTR4,SRTR5,SRTR6,SRTR7,SRTR8,SRTR9,SRTTVx,SRTTVy,SRTTVz,SRTRVx,SRTRVy,SRTRVz,SRGA
407,0.034865,0.011456,0.370512,0.237208,0.693757,-0.680058,-0.811175,-0.243667,-0.531596,-0.534809,0.676882,0.505803,0.001261,0.002552,0.002095,0.09389,0.023932,-0.071593,0.195073,-0.123115,0.044004,0.313859,0.307398,0.581452,0.753267,-0.898969,0.436927,0.029742,-0.312193,-0.687028,0.656042,1.9e-05,-0.000117,-9.9e-05,-0.0,0.0,0.0,-0.498579,0.028198,0.04001,-0.027885,-0.145695,-0.688291,0.710652,0.916962,-0.363622,-0.164189,0.371419,0.62772,0.684115,-0.006411,-0.00108,-0.000133,-0.001618,0.015227,-0.028862,-0.656226,0.054967,0.028051,-0.057885,0.177665,0.734331,-0.655127,-0.802368,-0.277346,-0.528473,-0.569771,0.619545,0.539929,-0.006164,0.002871,0.001883,0.329848,0.277726,-0.269087,0.00194
408,0.034581,0.011591,0.370666,0.219948,0.689208,-0.690406,-0.809737,-0.265623,-0.523203,-0.544266,0.673268,0.500511,-0.013697,-0.004117,0.013205,0.192999,-0.294653,-0.597015,0.283095,-0.12344,0.043937,0.313856,0.302989,0.583307,0.753619,-0.901841,0.431009,0.029128,-0.308183,-0.689195,0.655665,9.7e-05,-0.000592,-0.0005,-0.0,0.0,0.0,-0.499554,0.028031,0.039977,-0.027886,-0.141166,-0.689813,0.710091,0.919333,-0.357452,-0.164482,0.367285,0.629591,0.684628,-0.006362,-0.001389,-0.000394,-0.001675,0.015259,-0.028909,-0.663737,0.054831,0.028121,-0.057813,0.161247,0.730684,-0.6634,-0.799278,-0.297625,-0.522085,-0.578923,0.614426,0.536028,-0.00629,0.002467,0.001592,3.7925,2.766403,-2.627288,0.117714
409,0.034395,0.011693,0.3708,0.209123,0.685799,-0.697132,-0.815829,-0.270627,-0.511034,-0.539398,0.674757,0.503766,0.001295,0.002611,0.00214,-0.061547,-0.02726,-0.03941,0.344705,-0.123759,0.043894,0.313859,0.29878,0.585141,0.753878,-0.904604,0.425214,0.028628,-0.304161,-0.691241,0.65539,-0.012899,-0.00168,0.000125,-0.002045,0.015205,-0.029245,-0.507684,0.027872,0.039954,-0.027886,-0.136874,-0.691324,0.709461,0.92162,-0.351436,-0.164646,0.363154,0.631318,0.685241,-0.006453,-0.000819,8.6e-05,-0.001422,0.016166,-0.028987,-0.668636,0.054731,0.028169,-0.057742,0.149741,0.725079,-0.672188,-0.804822,-0.305515,-0.508843,-0.574315,0.617186,0.537811,-0.00612,0.002955,0.001946,-0.202491,0.13053,-0.15488,0.223199
410,0.034187,0.011848,0.370961,0.203604,0.679255,-0.705126,-0.81912,-0.27624,-0.502699,-0.536507,0.67909,0.501024,0.00163,0.003281,0.002687,-0.08572,-0.470204,-0.212618,0.38598,-0.124028,0.043846,0.31385,0.294637,0.586934,0.754114,-0.907305,0.419449,0.028181,-0.300119,-0.693244,0.655138,3.6e-05,-0.000223,-0.000188,-0.0,-0.0,-0.0,-0.511902,0.027737,0.039931,-0.027889,-0.132649,-0.692788,0.708836,0.923855,-0.345464,-0.164756,0.359019,0.633008,0.685861,-0.006402,-0.001134,-0.000183,-0.001713,0.015256,-0.028966,-0.675168,0.054631,0.028243,-0.057664,0.144231,0.720666,-0.678113,-0.807075,-0.310837,-0.502004,-0.57256,0.619693,0.536799,-0.005785,0.003622,0.002491,0.026451,0.052446,-0.030937,0.291781
411,0.034045,0.011947,0.371043,0.191873,0.680635,-0.707083,-0.814624,-0.291279,-0.501513,-0.547553,0.671388,0.499452,0.001408,0.002833,0.002318,3.821385,2.310685,-2.965032,0.408121,-0.124177,0.043793,0.313837,0.294191,0.586952,0.754275,-0.907445,0.419164,0.027905,-0.300133,-0.693401,0.654964,-0.012638,-0.003302,-0.001248,-0.002045,0.015205,-0.029245,-0.5123,0.027666,0.039908,-0.027893,-0.132232,-0.692787,0.708914,0.923922,-0.345175,-0.164987,0.359001,0.633165,0.685725,-0.006406,-0.001117,-0.00017,-0.001798,0.01517,-0.02901,-0.67778,0.054561,0.028294,-0.057621,0.136474,0.720556,-0.679833,-0.803562,-0.320825,-0.501356,-0.579363,0.61471,0.535227,0.000537,0.001086,0.000893,-0.002457,0.019895,0.017696,0.322153
412,0.033835,0.012129,0.371148,0.184102,0.676457,-0.713132,-0.812808,-0.303111,-0.497431,-0.552886,0.670377,0.494913,-0.012069,0.006207,0.00412,-0.060483,-0.289976,-0.186344,0.441955,-0.124426,0.043739,0.313835,0.29355,0.586985,0.754499,-0.907643,0.418763,0.027496,-0.300162,-0.693615,0.654724,-0.012853,-0.001972,-0.000128,-0.002045,0.015205,-0.029245,-0.51275,0.027543,0.039877,-0.027898,-0.131549,-0.692791,0.709037,0.924025,-0.344712,-0.165377,0.358985,0.633413,0.685504,-3e-06,1.7e-05,2e-05,0.000164,-4.5e-05,0.000155,-0.679087,0.054457,0.028388,-0.057567,0.124933,0.715617,-0.687228,-0.799091,-0.337982,-0.497213,-0.588085,0.611276,0.529618,0.000554,0.00112,0.000916,-0.074126,-0.336794,-0.417617,0.377999
413,0.033651,0.012296,0.371241,0.180458,0.671083,-0.719115,-0.812669,-0.31006,-0.493359,-0.554287,0.672599,0.490309,0.000699,0.001401,0.001144,-0.034399,-0.175398,-0.090265,0.47309,-0.124677,0.043705,0.313849,0.292967,0.587023,0.754695,-0.907823,0.418396,0.027123,-0.300185,-0.693805,0.654513,-5.9e-05,0.000372,0.000314,-0.0,0.0,0.0,-0.513165,0.027412,0.03986,-0.02789,-0.130923,-0.692805,0.70914,0.924122,-0.344281,-0.165738,0.358967,0.633633,0.68531,-3.3e-05,0.000204,0.000178,0.000105,-3.8e-05,0.000106,-0.679413,0.054361,0.028474,-0.057518,0.121663,0.709749,-0.693867,-0.798541,-0.345202,-0.49312,-0.589516,0.614076,0.524766,-0.006093,0.002991,0.00197,-0.042655,-0.194606,-0.137203,0.421271
414,0.033505,0.012384,0.371263,0.177271,0.665623,-0.724959,-0.812392,-0.316751,-0.489549,-0.555716,0.674906,0.485497,-0.012902,0.004525,0.002741,-0.104543,-0.512362,-0.300849,0.493019,-0.124783,0.043687,0.313859,0.29285,0.587052,0.754719,-0.907867,0.418305,0.027052,-0.300167,-0.693835,0.654489,-0.012914,-0.00159,0.000192,-0.002045,0.015205,-0.029245,-0.513582,0.027364,0.039851,-0.027885,-0.130828,-0.692826,0.709137,0.924144,-0.344198,-0.165787,0.358945,0.633655,0.685302,-3.7e-05,0.000234,0.000201,8.8e-05,-1.2e-05,9.2e-05,-0.680556,0.054294,0.028518,-0.057507,0.118372,0.706019,-0.698228,-0.797357,-0.351488,-0.490588,-0.591784,0.61481,0.521343,-0.00567,0.007357,-0.00322,-0.112741,-0.733169,-0.387225,0.446091
415,0.033222,0.012621,0.371133,0.17058,0.658779,-0.732774,-0.810398,-0.32916,-0.484644,-0.560694,0.67569,0.478636,-0.0137,0.002929,0.001433,-0.03852,-0.175893,-0.127805,0.517981,-0.124932,0.043692,0.313881,0.296822,0.588455,0.75207,-0.907785,0.418195,0.031215,-0.296493,-0.692713,0.657346,-8.7e-05,0.000549,0.000463,-0.000283,-0.00041,0.000343,-0.516639,0.027285,0.039853,-0.027874,-0.135108,-0.694242,0.706946,0.924739,-0.344568,-0.161645,0.355812,0.631902,0.688546,-5.3e-05,0.000333,0.000285,0.003417,0.003352,-0.00211,-0.681536,0.054152,0.028637,-0.057572,0.11242,0.697058,-0.708146,-0.794859,-0.364579,-0.485057,-0.596288,0.617407,0.513077,0.000377,0.004276,-0.005253,-0.014723,-0.203354,-0.101294,0.490996
416,0.033045,0.013029,0.370911,0.164517,0.651645,-0.740498,-0.807917,-0.341587,-0.480167,-0.566056,0.676446,0.471198,-0.011159,0.015039,-0.006173,-0.031169,-0.33284,-0.184737,0.520618,-0.125029,0.043745,0.313936,0.294617,0.593156,0.749239,-0.910329,0.412607,0.031463,-0.290826,-0.69206,0.660558,-0.000296,0.001867,0.001575,0.150529,-0.31283,-0.250136,-0.518347,0.027237,0.039878,-0.027848,-0.133628,-0.697089,0.704421,0.927027,-0.339223,-0.159836,0.350376,0.631659,0.69155,-0.000191,0.001186,0.000999,0.272748,-0.552168,-0.435217,-0.684312,0.054061,0.028833,-0.057682,0.106582,0.690581,-0.715358,-0.791348,-0.376681,-0.481538,-0.602003,0.617421,0.506342,0.000942,0.005401,-0.004337,-0.038333,-0.469007,-0.238557,0.509448
417,0.032863,0.013497,0.37062,0.161439,0.647803,-0.744536,-0.806246,-0.348432,-0.478053,-0.569313,0.676649,0.466963,0.001634,0.010303,-0.009078,0.028707,-0.044371,0.002343,0.520729,-0.125077,0.043798,0.313998,0.291186,0.594914,0.749185,-0.91274,0.40724,0.031526,-0.286686,-0.69373,0.660614,-0.000155,0.000977,0.000824,3.2e-05,-6.7e-05,-5.3e-05,-0.518419,0.027212,0.039907,-0.027815,-0.129566,-0.699856,0.702434,0.928998,-0.333342,-0.160762,0.346661,0.63173,0.693354,-9e-05,0.000557,0.00047,-0.001312,0.003242,0.002462,-0.686271,0.053966,0.029069,-0.057827,0.10398,0.685922,-0.720207,-0.789421,-0.383556,-0.479269,-0.604981,0.618381,0.501599,-0.005662,0.007333,-0.003234,0.024996,0.01083,0.006229,0.51304
418,0.032732,0.013769,0.370462,0.157508,0.646314,-0.746669,-0.804385,-0.354572,-0.476671,-0.573031,0.674885,0.464964,0.00164,0.010308,-0.009071,0.025479,-0.060587,-0.006102,0.521016,-0.12508,0.043815,0.314026,0.291114,0.59491,0.749216,-0.912768,0.407179,0.0315,-0.286669,-0.69377,0.660581,-0.000205,0.001298,0.001093,0.0,-1e-06,-1e-06,-0.518278,0.027211,0.039915,-0.027802,-0.129503,-0.699825,0.702475,0.929018,-0.333287,-0.160763,0.346632,0.631793,0.693312,-0.000126,0.000786,0.000662,-5.4e-05,0.000405,0.000464,-0.685945,0.0539,0.029205,-0.057905,0.100089,0.684347,-0.722253,-0.787097,-0.389593,-0.478221,-0.608654,0.616348,0.499654,-0.005656,0.007339,-0.003229,0.021227,-0.019843,-0.013425,0.513857
419,0.032304,0.01438,0.370151,0.153376,0.640076,-0.752877,-0.803241,-0.362949,-0.472276,-0.575748,0.676381,0.459403,-0.011341,0.014607,-0.006521,-0.035353,-0.344818,-0.191566,0.520724,-0.125067,0.043793,0.314069,0.28746,0.596621,0.749267,-0.915237,0.401599,0.031507,-0.282446,-0.695555,0.660523,-1.7e-05,0.000107,9e-05,0.0,-0.0,-0.0,-0.519572,0.027217,0.039905,-0.027779,-0.125793,-0.701229,0.701749,0.931113,-0.32756,-0.16041,0.34235,0.63323,0.694129,-4e-06,1.6e-05,1.3e-05,0.00031,0.000367,0.000161,-0.686108,0.053691,0.029509,-0.058062,0.095974,0.679199,-0.727651,-0.785053,-0.397774,-0.474833,-0.611947,0.616817,0.495032,-0.00484,0.012462,-0.007784,-0.009598,-0.539784,-0.300324,0.513856
420,0.03188,0.014941,0.369892,0.14644,0.639635,-0.754631,-0.793738,-0.379229,-0.475539,-0.590539,0.667821,0.453106,-0.011268,0.014722,-0.006426,1.278543,0.732943,-0.786362,0.520894,-0.125079,0.043741,0.314078,0.283778,0.598314,0.749321,-0.91767,0.396011,0.031483,-0.278236,-0.697306,0.660463,4.7e-05,-0.000295,-0.000248,-0.000272,-1.1e-05,-0.000239,-0.519809,0.027211,0.039878,-0.027775,-0.122061,-0.702625,0.701012,0.933168,-0.321823,-0.160081,0.338079,0.634622,0.69495,2.5e-05,-0.000169,-0.000143,0.00065,0.002156,-0.000209,-0.686761,0.053479,0.029789,-0.058192,0.090536,0.677114,-0.730286,-0.775487,-0.412149,-0.47828,-0.624837,0.60963,0.487778,-0.005655,0.007192,-0.003319,4.206776,2.582803,-2.507012,0.51451
421,0.031687,0.015251,0.369748,0.149088,0.636959,-0.756375,-0.792457,-0.380477,-0.476677,-0.591601,0.669668,0.448977,-0.010788,0.015652,-0.005664,0.025429,-0.040429,-0.032974,0.521277,-0.125123,0.043705,0.314066,0.284691,0.601236,0.746631,-0.917846,0.395595,0.031571,-0.276717,-0.695026,0.663497,0.000179,-0.00113,-0.000952,-0.017115,-0.088366,0.011859,-0.520137,0.027189,0.039862,-0.02778,-0.123122,-0.705479,0.697954,0.93331,-0.32136,-0.160185,0.337302,0.631685,0.697997,-0.006308,-0.001718,-0.000684,-0.12123,-0.187956,0.101562,-0.687088,0.053385,0.029936,-0.058264,0.092159,0.674835,-0.73219,-0.773413,-0.414626,-0.479495,-0.627166,0.610476,0.483715,-0.005297,0.00801,-0.002674,0.017187,-0.03175,0.009326,0.51451
422,0.031446,0.015886,0.369428,0.147385,0.633357,-0.759725,-0.78518,-0.392112,-0.479283,-0.601646,0.666371,0.440452,-0.008915,0.026327,-0.014412,0.054054,-0.084472,-0.03069,0.520697,-0.125321,0.043649,0.314031,0.284254,0.601255,0.746782,-0.917965,0.395345,0.031263,-0.276775,-0.695152,0.663342,-0.012693,-0.002964,-0.000972,-0.002041,0.015197,-0.029252,-0.520602,0.027095,0.039834,-0.027798,-0.12278,-0.705275,0.69822,0.933373,-0.321142,-0.160256,0.337252,0.632024,0.697715,0.000102,-0.000647,-0.000542,-0.000351,0.001223,0.000945,-0.687741,0.053261,0.030256,-0.058421,0.09056,0.671235,-0.735691,-0.765419,-0.425692,-0.482616,-0.637127,0.606818,0.475226,0.00125,0.005963,-0.003858,0.015855,-0.052663,0.007459,0.515979
423,0.031385,0.016608,0.369073,0.140641,0.632271,-0.761905,-0.779961,-0.403179,-0.478623,-0.609987,0.660783,0.437389,-0.00814,0.0278,-0.013197,1.322742,0.848697,-0.907121,0.520354,-0.12565,0.043609,0.314024,0.285561,0.602011,0.745674,-0.91809,0.394919,0.03291,-0.275005,-0.694741,0.664508,-0.01288,-0.001774,2.8e-05,-0.002045,0.015205,-0.029245,-0.521413,0.026931,0.039811,-0.027804,-0.124214,-0.705989,0.697243,0.933735,-0.320913,-0.158593,0.33572,0.631342,0.69907,-0.006446,-0.000843,5.7e-05,-0.001599,0.015594,-0.029407,-0.688884,0.053229,0.030617,-0.0586,0.085182,0.669739,-0.737695,-0.760279,-0.434848,-0.482579,-0.643987,0.601961,0.472147,0.001678,0.006681,-0.003253,4.246818,2.631795,-2.380131,0.516632
424,0.031394,0.0175,0.36861,0.141125,0.62703,-0.766135,-0.779792,-0.406308,-0.476246,-0.610091,0.663855,0.432565,0.003683,0.014244,-0.005825,0.018674,-0.109329,0.000172,0.520299,-0.126068,0.043565,0.314049,0.285842,0.604982,0.743157,-0.91845,0.39411,0.032587,-0.273508,-0.692618,0.667336,-0.012928,-0.001451,0.000296,-0.00178,0.014652,-0.029687,-0.524055,0.026722,0.03979,-0.027791,-0.124692,-0.708727,0.694375,0.933982,-0.320029,-0.158924,0.334854,0.628718,0.701844,-0.006473,-0.000667,0.000204,-0.005203,0.023558,-0.024097,-0.689864,0.05323,0.031067,-0.058834,0.084554,0.664868,-0.742159,-0.759003,-0.439591,-0.480284,-0.645572,0.603911,0.467468,-0.003915,0.014155,-0.006385,0.045492,-0.098217,-0.031978,0.516632
425,0.031445,0.018,0.368346,0.141524,0.624362,-0.768237,-0.779602,-0.407899,-0.475195,-0.610241,0.665394,0.429981,0.005666,0.025146,-0.014368,0.063271,-0.057699,0.020597,0.520121,-0.126292,0.043545,0.314059,0.28742,0.605732,0.741937,-0.918499,0.393836,0.034438,-0.27168,-0.692119,0.668599,-0.012958,-0.001253,0.00046,-1.318409,-1.852124,1.526762,-0.528667,0.02661,0.03978,-0.027786,-0.124193,-0.708669,0.694524,0.934055,-0.319692,-0.159177,0.334838,0.628955,0.701639,-0.006494,-0.000541,0.000308,-0.002483,0.016441,-0.028369,-0.69215,0.053254,0.031313,-0.058963,0.085183,0.662215,-0.744456,-0.758763,-0.441149,-0.479234,-0.645772,0.605688,0.464886,-0.003355,0.015237,-0.005499,0.059865,-0.024748,0.043873,0.516306
426,0.031626,0.019073,0.367817,0.14382,0.61441,-0.775797,-0.780112,-0.411892,-0.470895,-0.609055,0.672168,0.421034,0.006527,0.026824,-0.012991,0.010713,-0.333514,-0.094783,0.51977,-0.126818,0.043501,0.314084,0.289659,0.609441,0.738018,-0.918785,0.39301,0.036222,-0.268315,-0.689329,0.672827,-0.013018,-0.000842,0.000802,-0.120611,-0.153932,0.109422,-0.538411,0.026347,0.039757,-0.027774,-0.128849,-0.712829,0.689399,0.934817,-0.319304,-0.155438,0.330929,0.624434,0.707507,-0.006532,-0.000282,0.000526,-0.438997,-0.709546,0.641361,-0.697539,0.053347,0.031859,-0.059233,0.087821,0.653058,-0.752197,-0.758734,-0.445429,-0.475305,-0.645453,0.61246,0.456379,0.003297,0.013457,-0.00646,0.009926,-0.350107,-0.106537,0.515816
427,0.031925,0.02026,0.36723,0.138224,0.60383,-0.785066,-0.777219,-0.425109,-0.463881,-0.614024,0.673536,0.411523,0.007306,0.028351,-0.011744,-0.04333,-0.603854,-0.24211,0.520172,-0.127378,0.043487,0.314137,0.287045,0.613904,0.735336,-0.91941,0.391926,0.031852,-0.268982,-0.68598,0.675976,-0.01313,-6.9e-05,0.001445,0.03256,-0.057772,-0.08748,-0.541295,0.026062,0.03975,-0.027747,-0.126529,-0.716863,0.685636,0.93466,-0.317677,-0.159661,0.332266,0.620635,0.710218,-0.006572,1e-05,0.000769,0.022886,-0.039118,-0.074096,-0.704887,0.053496,0.032452,-0.059527,0.082518,0.643324,-0.761133,-0.754662,-0.458484,-0.469336,-0.650903,0.613127,0.447659,0.003707,0.014259,-0.005811,-0.034949,-0.72735,-0.339712,0.515979
428,0.032135,0.020924,0.366873,0.141256,0.596389,-0.790198,-0.77756,-0.427138,-0.461439,-0.612904,0.678864,0.404374,0.009025,0.038729,-0.020682,-0.018484,-0.670594,-0.253727,0.519627,-0.127685,0.043497,0.314181,0.288052,0.616884,0.732442,-0.919557,0.391567,0.032008,-0.267394,-0.683509,0.679102,-0.026069,-0.001355,0.001859,0.01757,-0.015265,-0.094937,-0.541906,0.025918,0.039755,-0.027726,-0.127828,-0.719658,0.68246,0.9348,-0.317329,-0.159532,0.331373,0.617571,0.7133,-0.006653,0.000557,0.001226,0.008461,-0.004432,-0.050177,-0.707663,0.053598,0.03277,-0.059697,0.08578,0.636789,-0.76625,-0.754777,-0.460488,-0.467183,-0.650347,0.618424,0.441133,0.010891,0.017099,-0.011712,-0.044336,-0.736659,-0.234353,0.516306
429,0.032691,0.022338,0.36608,0.137346,0.583258,-0.800619,-0.775381,-0.439597,-0.453333,-0.616539,0.682322,0.392865,0.009585,0.039854,-0.019749,0.054954,-0.315635,-0.066577,0.52006,-0.128371,0.043473,0.314278,0.2885,0.619933,0.729687,-0.919891,0.390794,0.031846,-0.265755,-0.681191,0.682068,-0.026115,-0.000955,0.00218,0.000451,0.008606,-0.039164,-0.541279,0.025575,0.039743,-0.027678,-0.128535,-0.722263,0.679569,0.935073,-0.316518,-0.159541,0.330326,0.61494,0.716052,-0.006549,-0.000121,0.000656,-0.009546,0.031196,-0.018972,-0.707499,0.053876,0.033476,-0.060094,0.083017,0.621949,-0.778643,-0.751994,-0.473607,-0.458475,-0.65392,0.623597,0.428385,0.011219,0.017796,-0.011138,0.049935,-0.322608,-0.022571,0.517286
430,0.033495,0.023902,0.365114,0.137964,0.564893,-0.813577,-0.772129,-0.453053,-0.445569,-0.620472,0.688955,0.374676,0.022405,0.035721,-0.022138,0.090166,-0.726716,-0.346517,0.520513,-0.129142,0.043424,0.314326,0.290819,0.623691,0.725553,-0.92016,0.390003,0.03373,-0.262274,-0.678209,0.686374,-0.013064,-0.00039,0.001155,-0.001744,0.014541,-0.029757,-0.542089,0.025185,0.03972,-0.027652,-0.13132,-0.725608,0.67546,0.935609,-0.31595,-0.157511,0.327703,0.611283,0.720376,-0.01298,-0.000975,0.000678,-0.00491,0.04283,-0.054832,-0.708806,0.054264,0.034244,-0.060563,0.084256,0.606419,-0.790667,-0.747651,-0.486082,-0.452483,-0.658724,0.629268,0.412434,0.011229,0.017871,-0.011066,1.413087,0.440161,-0.626265,0.518102
431,0.033935,0.024642,0.364626,0.139508,0.55967,-0.816916,-0.772812,-0.454198,-0.443212,-0.619276,0.692458,0.370171,0.023995,0.045926,-0.031166,0.097646,-0.307636,0.003992,0.520144,-0.129589,0.043388,0.314347,0.292121,0.624475,0.724353,-0.920278,0.389573,0.035437,-0.260404,-0.677735,0.687553,-0.026001,-0.001622,0.001595,-0.410016,-0.544158,0.423144,-0.542402,0.024976,0.039702,-0.027643,-0.130617,-0.725571,0.675636,0.935705,-0.315474,-0.157896,0.327711,0.611572,0.720127,-0.006493,-0.000475,0.000355,-0.002152,0.017005,-0.028525,-0.708152,0.054493,0.034629,-0.060815,0.086536,0.599167,-0.795933,-0.748371,-0.488267,-0.448926,-0.65761,0.634501,0.406146,0.01109,0.01764,-0.011251,0.056122,-0.267662,0.021399,0.518265
432,0.035045,0.026049,0.363608,0.142933,0.549179,-0.823418,-0.774074,-0.45634,-0.438788,-0.616918,0.69942,0.360903,0.034604,0.030697,-0.025249,0.094937,-0.143161,0.106989,0.519323,-0.130458,0.043345,0.314386,0.292418,0.625288,0.723532,-0.920674,0.388541,0.03647,-0.258663,-0.677578,0.688363,-0.01313,0.000153,0.001596,-0.018196,0.133999,-0.187918,-0.543193,0.024527,0.039679,-0.027623,-0.133279,-0.727013,0.673562,0.936446,-0.314905,-0.154599,0.324504,0.610151,0.72278,-0.013847,0.005323,-0.002509,0.03366,0.022485,-0.04053,-0.709948,0.055044,0.035339,-0.061325,0.090687,0.589238,-0.802853,-0.749527,-0.490438,-0.44461,-0.655731,0.642081,0.397173,0.010901,0.017357,-0.011469,0.092579,-0.077441,0.127042,0.517776
433,0.036247,0.027166,0.362742,0.136899,0.546393,-0.826292,-0.778199,-0.456732,-0.431014,-0.613076,0.701345,0.363703,0.032385,0.01955,-0.016991,0.067289,-0.074325,0.085924,0.519083,-0.13139,0.043328,0.314464,0.29456,0.62681,0.721343,-0.921017,0.387419,0.039609,-0.254983,-0.676815,0.690484,-0.026169,-0.000207,0.002741,-0.005076,0.008693,-0.031778,-0.544611,0.024066,0.039669,-0.027586,-0.135553,-0.728431,0.671574,0.937248,-0.314046,-0.151456,0.32123,0.608903,0.725291,-0.013023,-0.000569,0.000998,-0.011301,0.019352,-0.048706,-0.710765,0.055647,0.035902,-0.06176,0.084759,0.586707,-0.80535,-0.753452,-0.491162,-0.437114,-0.652016,0.643843,0.400425,0.017426,0.0157,-0.01236,0.108985,-0.109222,0.135586,0.517286
434,0.037751,0.027969,0.362072,0.130775,0.546369,-0.827299,-0.78219,-0.455801,-0.424731,-0.609315,0.701969,0.368785,0.033588,0.022287,-0.014844,0.06786,-0.088699,0.111413,0.51914,-0.132299,0.043366,0.314572,0.29488,0.62763,0.720499,-0.921397,0.386404,0.040663,-0.25323,-0.676636,0.691304,-0.026322,0.001095,0.003806,-0.00177,0.013193,-0.0355,-0.545667,0.023612,0.039687,-0.027533,-0.135924,-0.729155,0.670713,0.937723,-0.313141,-0.150391,0.319686,0.608502,0.726309,-0.006697,0.001114,0.00167,-0.000849,0.016452,-0.030063,-0.711092,0.056409,0.036307,-0.062105,0.078673,0.58637,-0.806213,-0.75728,-0.490798,-0.430862,-0.648333,0.644427,0.405434,0.016848,0.011223,-0.007382,0.075709,-0.092498,0.117529,0.516142
435,0.038644,0.028338,0.361718,0.129167,0.546344,-0.827568,-0.783506,-0.455245,-0.422897,-0.607963,0.702349,0.370289,0.046021,0.017818,-0.017593,0.068892,-0.103416,0.141006,0.519036,-0.132727,0.043415,0.314635,0.29245,0.630137,0.7193,-0.923752,0.380555,0.042353,-0.24739,-0.677624,0.69245,-0.026347,0.00139,0.00404,-0.001775,0.013191,-0.035501,-0.546422,0.023398,0.039712,-0.027501,-0.133578,-0.731313,0.668833,0.939966,-0.307346,-0.14833,0.314039,0.608867,0.728464,-0.006713,0.001266,0.001791,0.000424,0.018681,-0.030604,-0.712725,0.056839,0.036486,-0.062274,0.076933,0.586248,-0.806469,-0.758611,-0.490462,-0.4289,-0.646985,0.644793,0.407002,0.02306,0.00898,-0.008764,0.074977,-0.106305,0.145542,0.516306
436,0.040784,0.029203,0.360861,0.129578,0.546132,-0.827644,-0.784429,-0.454041,-0.422481,-0.606684,0.703292,0.370597,0.061248,0.026542,-0.027018,0.102832,-0.140454,0.184279,0.51911,-0.133435,0.043577,0.314783,0.289631,0.632673,0.718214,-0.926156,0.374507,0.043745,-0.241642,-0.678634,0.69349,-0.013568,0.003824,0.004612,0.000262,-0.002019,-0.006258,-0.54829,0.023039,0.039793,-0.027426,-0.130783,-0.73346,0.667031,0.942191,-0.301308,-0.146583,0.308495,0.609301,0.730466,-0.006755,0.00167,0.002119,-0.000933,0.016585,-0.029696,-0.713704,0.057903,0.036914,-0.062699,0.077306,0.586077,-0.806558,-0.75958,-0.489387,-0.428411,-0.645802,0.645765,0.40734,0.037121,0.011529,-0.014526,0.107267,-0.156587,0.216157,0.515489
437,0.043684,0.030478,0.359621,0.13211,0.543154,-0.829202,-0.784699,-0.453743,-0.4223,-0.605791,0.705787,0.367299,0.089824,0.033456,-0.037172,0.109583,-0.282472,-0.026805,0.517509,-0.133816,0.043717,0.314952,0.289053,0.632726,0.7184,-0.926333,0.374111,0.043381,-0.241655,-0.678803,0.69332,-0.013471,0.003194,0.004076,0.000258,-0.002019,-0.006258,-0.550948,0.022848,0.039865,-0.02734,-0.130176,-0.733481,0.667127,0.942279,-0.300868,-0.146926,0.308485,0.609494,0.73031,-0.000273,0.002078,0.001734,9.5e-05,-2e-06,0.000105,-0.7155,0.059341,0.037547,-0.063317,0.079853,0.583791,-0.807967,-0.759748,-0.489078,-0.428468,-0.645295,0.648065,0.40448,0.038964,0.019457,-0.016855,0.114202,-0.479685,0.078907,0.515326
438,0.045447,0.031378,0.35878,0.12712,0.543577,-0.829705,-0.783187,-0.458225,-0.420261,-0.608802,0.702561,0.368504,0.092102,0.046188,-0.044206,-0.283278,0.267024,-0.445618,0.512506,-0.133804,0.043771,0.315007,0.290205,0.630601,0.719803,-0.926059,0.374554,0.045384,-0.241328,-0.680533,0.691736,0.012523,0.004099,0.00198,-0.008705,0.008189,0.047861,-0.550546,0.022844,0.039895,-0.027308,-0.131275,-0.73142,0.669171,0.942383,-0.301587,-0.14477,0.307702,0.611611,0.728869,-0.000177,0.001344,0.001121,0.001517,0.001324,0.003954,-0.717297,0.060186,0.037974,-0.063719,0.077145,0.5834,-0.808512,-0.756936,-0.493529,-0.42834,-0.648918,0.645037,0.403524,0.04603,0.022948,-0.02226,0.174538,-0.220773,0.312052,0.514183
439,0.049263,0.033184,0.356838,0.116075,0.543111,-0.831626,-0.789843,-0.457129,-0.408844,-0.602361,0.703633,0.376945,0.102724,0.039999,-0.048455,-1.340677,1.096066,-1.603573,0.505249,-0.133371,0.043835,0.31505,0.289291,0.629863,0.720816,-0.925885,0.375155,0.043935,-0.243087,-0.680885,0.690774,0.012829,0.001732,1.2e-05,0.002043,-0.015201,0.029249,-0.551161,0.02305,0.039927,-0.027286,-0.130117,-0.730936,0.669926,0.941995,-0.301961,-0.1465,0.309374,0.612005,0.727829,0.006431,0.000743,-0.0001,0.017221,-0.136318,0.188155,-0.718276,0.062128,0.038905,-0.064698,0.066104,0.582389,-0.810218,-0.763449,-0.493309,-0.416882,-0.642475,0.646118,0.412015,0.052398,0.02566,-0.028296,0.207175,-0.265266,0.339697,0.503243
440,0.053686,0.034745,0.354586,0.098911,0.543146,-0.833819,-0.801381,-0.453204,-0.390341,-0.590034,0.706139,0.391476,0.124948,0.02813,-0.05653,-0.318688,0.067834,-0.094088,0.5,-0.132413,0.043923,0.315015,0.289588,0.629086,0.721375,-0.925335,0.376592,0.043212,-0.244823,-0.680809,0.690235,0.025761,0.002722,-0.00061,0.004089,-0.030411,0.058491,-0.559345,0.023534,0.039969,-0.027305,-0.130393,-0.730267,0.670602,0.941423,-0.303356,-0.147295,0.310996,0.612114,0.727046,0.019316,0.002101,-0.000422,0.005667,-0.046191,0.088096,-0.720073,0.064334,0.039695,-0.065817,0.046995,0.581266,-0.812354,-0.775733,-0.491116,-0.396286,-0.629308,0.648794,0.427828,0.056031,0.015468,-0.027549,-1.463676,1.078636,-1.571795,0.494752
441,0.05873,0.035575,0.352264,0.078531,0.546708,-0.83366,-0.812819,-0.448995,-0.371079,-0.577287,0.706075,0.410151,0.132677,0.008385,-0.054723,0.008324,-0.225421,0.573105,0.49654,-0.130873,0.044056,0.314964,0.28568,0.642399,0.711127,-0.929372,0.366618,0.04233,-0.233856,-0.673793,0.70084,0.051709,0.004246,-0.002273,0.183381,-0.42092,-0.206691,-0.569401,0.024295,0.040037,-0.027328,-0.12779,-0.741413,0.658768,0.944667,-0.293315,-0.146864,0.302114,0.603549,0.737872,0.019374,0.001708,-0.000785,0.278627,-0.590155,-0.345999,-0.725135,0.066854,0.04012,-0.066976,0.025654,0.583447,-0.811745,-0.787393,-0.488503,-0.376,-0.615916,0.648808,0.446871,0.073364,0.007543,-0.032927,-0.309881,0.057282,0.182313,0.489036
442,0.061473,0.035621,0.351146,0.070499,0.549623,-0.83246,-0.820854,-0.442141,-0.361499,-0.566849,0.708129,0.421025,0.143895,0.002425,-0.05896,-0.351652,0.042621,0.141524,0.493267,-0.129783,0.044124,0.31491,0.279146,0.663005,0.694617,-0.935684,0.350251,0.041878,-0.215856,-0.662457,0.717231,0.064716,0.004957,-0.003186,0.318795,-0.925229,-0.235036,-0.570145,0.024815,0.04007,-0.027353,-0.122954,-0.758441,0.640037,0.949866,-0.27675,-0.145473,0.287463,0.590064,0.754445,0.032361,0.00246,-0.001646,-0.234713,-1.24173,0.421382,-0.729544,0.068221,0.040146,-0.067533,0.018035,0.585974,-0.810128,-0.795433,-0.482504,-0.366709,-0.605772,0.651017,0.457401,0.070895,-0.004934,-0.025968,-1.535934,0.932141,-1.19077,0.485281
443,0.067267,0.034873,0.349144,0.055707,0.5684,-0.820892,-0.829774,-0.430851,-0.354703,-0.555372,0.700207,0.448663,0.151343,-0.027018,-0.048316,-1.505159,1.134728,-0.800741,0.483447,-0.127319,0.044331,0.314785,0.251409,0.707018,0.660992,-0.950277,0.309832,0.030206,-0.183736,-0.6366,0.748896,0.064701,0.005508,-0.002848,0.355857,-0.951702,-0.057613,-0.573409,0.026067,0.040172,-0.027419,-0.097533,-0.797378,0.595546,0.959841,-0.233523,-0.155471,0.263043,0.556466,0.788132,0.032408,0.002372,-0.001788,0.436877,-1.204321,-0.069914,-0.732483,0.071115,0.039782,-0.068538,0.003866,0.603045,-0.797697,-0.80428,-0.472154,-0.360837,-0.594237,0.642967,0.483191,0.075542,-0.01389,-0.024555,0.060398,0.05342,1.181282,0.474993
444,0.073174,0.033231,0.347602,0.011331,0.604558,-0.79651,-0.818307,-0.452121,-0.354871,-0.574681,0.655057,0.490581,0.148574,-0.048886,-0.032467,4.361659,2.887804,-1.485618,0.471436,-0.124732,0.044398,0.314729,0.230653,0.73637,0.636042,-0.961083,0.27439,0.031033,-0.151942,-0.619365,0.770171,0.066646,-0.006989,0.003448,0.043351,-0.588314,0.654711,-0.577271,0.027359,0.04021,-0.027449,-0.078294,-0.822425,0.563459,0.968488,-0.196788,-0.152657,0.236431,0.533752,0.811916,0.03241,0.002681,-0.001587,-0.040654,-0.515574,0.67603,-0.747669,0.074067,0.038963,-0.06932,-0.040752,0.633161,-0.772946,-0.795193,-0.48895,-0.3586,-0.604984,0.600028,0.523411,0.07415,-0.024828,-0.016646,-0.032715,0.587573,0.981031,0.461114
445,0.075942,0.032139,0.347128,-0.007859,0.623245,-0.782016,-0.820858,-0.45058,-0.350917,-0.571067,0.638389,0.516109,0.135356,-0.054863,-0.021109,-0.114052,1.093127,0.750232,0.468335,-0.123441,0.04439,0.314736,0.224823,0.747497,0.625055,-0.96463,0.261171,0.034814,-0.137486,-0.611706,0.778959,0.064784,0.005842,-0.002762,0.121114,-0.641779,0.697318,-0.579584,0.028006,0.0402,-0.027445,-0.073824,-0.831288,0.550916,0.97184,-0.183924,-0.1473,0.223775,0.524528,0.821458,0.026925,-0.004323,0.001725,0.030066,-0.450487,0.45904,-0.749302,0.075455,0.038415,-0.069565,-0.064185,0.650763,-0.756562,-0.794746,-0.491836,-0.355632,-0.603537,0.578449,0.54876,0.067643,-0.027556,-0.010765,-0.224293,1.300579,0.726965,0.454582
446,0.081078,0.029783,0.346705,-0.049823,0.66761,-0.742873,-0.827638,-0.44387,-0.343464,-0.558985,0.596886,0.575578,0.124199,-0.055846,-0.005998,-0.113635,1.803678,0.271059,0.465983,-0.120883,0.044352,0.31487,0.227565,0.757294,0.612136,-0.96587,0.255216,0.043518,-0.123538,-0.602091,0.788725,0.066202,-0.003093,0.006527,0.013635,-0.314342,0.436791,-0.585079,0.029285,0.040181,-0.027384,-0.078358,-0.839559,0.537586,0.974082,-0.17925,-0.137957,0.212185,0.512843,0.831846,0.032212,0.004248,-0.000373,0.033018,-0.300415,0.475518,-0.754364,0.078025,0.03723,-0.069789,-0.107656,0.690447,-0.715326,-0.801767,-0.485737,-0.348177,-0.587858,0.536042,0.605871,0.062059,-0.028074,-0.003226,-0.148686,1.982153,0.548112,0.447397
447,0.085487,0.027695,0.346904,-0.091875,0.71288,-0.695274,-0.828572,-0.441932,-0.343711,-0.552182,0.543618,0.63214,0.100966,-0.050948,0.01354,-0.08249,2.174804,-0.023778,0.465106,-0.118426,0.044403,0.31511,0.216306,0.77018,0.600022,-0.969749,0.240482,0.041103,-0.112891,-0.591722,0.798113,0.05295,-0.002274,0.008686,-3.007087,-0.893701,-4.557227,-0.588045,0.030519,0.040205,-0.027265,-0.074437,-0.84789,0.52492,0.97564,-0.170847,-0.137613,0.206362,0.501889,0.839953,0.032841,0.000165,0.004603,0.03013,-0.247988,0.230232,-0.758283,0.080236,0.036177,-0.069702,-0.151368,0.730874,-0.665514,-0.8028,-0.483708,-0.348621,-0.576713,0.481505,0.659964,0.056945,-0.026819,0.00581,-0.086851,1.735749,-0.055865,0.445438
448,0.0897,0.02549,0.347701,-0.132977,0.746325,-0.652197,-0.82983,-0.443591,-0.338499,-0.541782,0.49527,0.679122,0.114697,-0.059376,0.023872,-0.083873,1.447711,-0.236663,0.465756,-0.116005,0.044432,0.315509,0.196239,0.787161,0.584687,-0.975049,0.219537,0.031891,-0.103484,-0.577339,0.809836,0.052544,0.000213,0.010694,0.322463,-0.687905,-0.174207,-0.62204,0.031729,0.040219,-0.027066,-0.051232,-0.862767,0.502998,0.979087,-0.142683,-0.145013,0.196882,0.48505,0.852034,0.032601,0.001584,0.005735,0.457869,-0.832458,-0.469368,-0.774938,0.082339,0.035083,-0.069304,-0.194091,0.761173,-0.618823,-0.804039,-0.484832,-0.344177,-0.562004,0.430757,0.706115,0.057422,-0.029413,0.012061,-0.070456,1.547731,0.056756,0.444295
449,0.091962,0.02424,0.34833,-0.151858,0.75823,-0.634091,-0.830261,-0.445877,-0.334413,-0.536108,0.474733,0.698028,0.102096,-0.063478,0.037068,-0.104731,1.295531,-0.132189,0.462124,-0.114853,0.044435,0.315763,0.183703,0.797568,0.57457,-0.977803,0.207973,0.024135,-0.100458,-0.567245,0.817315,0.065043,0.004146,0.012346,0.313468,-0.590147,-0.260516,-0.63703,0.032301,0.040218,-0.026941,-0.039721,-0.871188,0.489339,0.979789,-0.130043,-0.15199,0.196047,0.473412,0.858746,0.027116,-0.005144,0.009336,0.414923,-0.840799,-0.299398,-0.790777,0.083432,0.034482,-0.069008,-0.212686,0.770132,-0.601382,-0.804171,-0.487568,-0.339977,-0.555042,0.411306,0.723017,0.058094,-0.02743,0.013533,-0.105191,0.888049,-0.344934,0.443315
450,0.096031,0.022005,0.349814,-0.181623,0.768322,-0.613792,-0.829315,-0.45503,-0.324279,-0.528227,0.449173,0.720589,0.104629,-0.05564,0.042913,0.497933,0.357846,-0.104761,0.434865,-0.112765,0.044474,0.316435,0.16888,0.822885,0.542522,-0.981924,0.187956,0.020786,-0.085059,-0.537254,0.839039,0.051095,0.007689,0.01686,0.250625,-0.679139,0.179211,-0.652209,0.033352,0.040232,-0.02661,-0.028019,-0.891728,0.451703,0.98204,-0.1089,-0.154069,0.186578,0.439274,0.878764,0.020215,-0.003639,0.011394,0.241578,-0.686387,0.069418,-0.802371,0.085508,0.033335,-0.068257,-0.244035,0.778546,-0.578196,-0.802853,-0.496617,-0.329844,-0.543941,0.383713,0.746251,0.052442,-0.027314,0.021766,2.001587,-0.428358,0.822056,0.423393
451,0.099742,0.020222,0.351654,-0.199834,0.769578,-0.606516,-0.825238,-0.465848,-0.319279,-0.528014,0.435758,0.728933,0.094086,-0.044356,0.051083,-0.157591,0.343451,-0.46931,0.412243,-0.110812,0.044409,0.317328,0.15273,0.848072,0.507384,-0.986388,0.162142,0.026129,-0.060283,-0.505529,0.860622,0.040132,-0.005705,0.024117,-1.267485,-2.814088,0.961772,-0.671592,0.034331,0.040211,-0.026161,-0.015756,-0.909691,0.414985,0.985637,-0.083922,-0.146543,0.168135,0.406716,0.897948,0.026389,-0.001394,0.012432,0.032683,-0.483755,0.455928,-0.803841,0.087368,0.032439,-0.06734,-0.261631,0.777897,-0.571334,-0.797586,-0.507599,-0.32588,-0.543511,0.370428,0.753244,0.041076,-0.015139,0.022385,-0.09406,0.298291,-0.477468,0.387633
452,0.101515,0.019515,0.352678,-0.209685,0.76762,-0.605672,-0.820794,-0.474751,-0.317619,-0.531101,0.429574,0.730359,0.082961,-0.027065,0.047175,-0.139633,0.243258,-0.325469,0.406391,-0.109836,0.044257,0.317879,0.151317,0.855315,0.495511,-0.987026,0.157592,0.029621,-0.052926,-0.494635,0.867409,0.05279,-0.002714,0.024945,-0.140928,-0.489534,-0.155168,-0.692647,0.034814,0.040134,-0.025886,-0.016671,-0.916776,0.399051,0.986606,-0.079851,-0.142233,0.16226,0.391335,0.905829,0.020948,-0.008169,0.016017,-0.743823,-0.672129,-1.054965,-0.808086,0.088259,0.03208,-0.066826,-0.271482,0.775064,-0.570588,-0.792483,-0.516434,-0.324445,-0.546137,0.364101,0.754429,0.041176,-0.018383,0.028196,-0.18031,0.147225,-0.153886,0.37408
453,0.104616,0.018455,0.354739,-0.226719,0.76114,-0.607709,-0.807585,-0.495634,-0.31957,-0.544165,0.417375,0.727812,0.070988,-0.019685,0.052243,-0.132046,-0.057458,0.148425,0.405696,-0.108028,0.043818,0.319039,0.156082,0.858389,0.488669,-0.986068,0.163888,0.027304,-0.056827,-0.487197,0.871363,0.054443,-0.012522,0.033604,-0.060007,-0.290818,0.398369,-0.737911,0.035718,0.039918,-0.025309,-0.021686,-0.919369,0.392798,0.985717,-0.085292,-0.145209,0.167003,0.384039,0.908088,0.020729,-0.007065,0.016933,-0.083941,-0.272345,0.410524,-0.815271,0.089815,0.031551,-0.065794,-0.288541,0.767185,-0.572861,-0.777771,-0.536747,-0.327069,-0.558405,0.351182,0.751568,0.041831,-0.015433,0.030253,-0.166474,0.06357,0.018266,0.364609
454,0.107368,0.017668,0.357073,-0.238459,0.756071,-0.60954,-0.798938,-0.509495,-0.319509,-0.55184,0.409851,0.726307,0.05838,-0.022232,0.066424,-0.16776,-0.046236,0.160973,0.405546,-0.106027,0.043269,0.320502,0.148226,0.86445,0.480362,-0.987234,0.157654,0.02116,-0.057608,-0.478448,0.876146,0.053906,-0.009871,0.035753,0.095141,-0.282602,0.082888,-0.778687,0.036718,0.039643,-0.024578,-0.015368,-0.923804,0.382555,0.985473,-0.078711,-0.150486,0.169131,0.374685,0.911595,0.027809,-0.010076,0.022017,0.192015,-0.169233,0.005923,-0.809066,0.091174,0.031162,-0.064655,-0.300165,0.761387,-0.574621,-0.768092,-0.550129,-0.327706,-0.565627,0.342996,0.749945,0.029573,-0.005676,0.028925,-0.132406,-0.032346,0.161042,0.362649
455,0.109312,0.017359,0.359405,-0.246394,0.753964,-0.608993,-0.794064,-0.51725,-0.319196,-0.555366,0.403991,0.726902,0.034069,-0.002114,0.064102,-0.134663,-0.032363,0.119091,0.405085,-0.103912,0.042717,0.322159,0.130886,0.87757,0.461227,-0.989617,0.143251,0.00852,-0.058741,-0.458652,0.886595,0.054819,-0.016205,0.047301,0.380578,-0.710451,-0.393253,-0.804219,0.037777,0.039364,-0.023758,-0.001804,-0.932529,0.361089,0.985099,-0.063756,-0.159733,0.171977,0.35542,0.918748,0.026454,-0.002778,0.01959,0.092848,-0.307887,-0.094679,-0.80678,0.09219,0.030995,-0.063443,-0.307755,0.758923,-0.573865,-0.762901,-0.557244,-0.327809,-0.568566,0.336918,0.750478,0.017073,-0.000792,0.032213,-0.135862,-0.032201,0.119675,0.361017
456,0.110029,0.017363,0.360623,-0.249367,0.753249,-0.608669,-0.792805,-0.519672,-0.318393,-0.555835,0.402219,0.727526,0.034128,-0.00138,0.064387,-0.134691,-0.032435,0.119093,0.405426,-0.103013,0.042458,0.323034,0.118112,0.884789,0.450765,-0.991479,0.129909,0.005056,-0.054215,-0.44863,0.891995,0.03987,-0.006726,0.039909,-0.020273,-0.523544,-0.48387,-0.809191,0.038246,0.039232,-0.023301,0.010405,-0.93819,0.345962,0.985312,-0.049354,-0.163473,0.170444,0.342581,0.923897,0.019872,-0.003197,0.020058,-0.047164,-0.500901,-0.474876,-0.80629,0.092549,0.031001,-0.062831,-0.310669,0.757995,-0.573522,-0.761469,-0.559603,-0.327121,-0.568901,0.335093,0.751041,0.017075,-0.000528,0.032285,-0.135629,-0.032649,0.119707,0.360363
457,0.111074,0.017514,0.363049,-0.255686,0.751613,-0.608068,-0.790054,-0.524886,-0.316672,-0.556871,0.398501,0.728779,0.021061,0.001094,0.065656,-0.135671,-0.01773,0.089549,0.409597,-0.10146,0.041919,0.32477,0.10171,0.898239,0.427567,-0.993385,0.114475,-0.003914,-0.052571,-0.425466,0.90337,0.027224,-0.009834,0.038967,0.156097,-0.469528,-0.078874,-0.816487,0.039011,0.038971,-0.022443,0.023849,-0.947357,0.319288,0.984823,-0.032656,-0.170455,0.171908,0.318507,0.932201,0.014596,-0.010508,0.023286,0.103196,-0.401011,-0.399781,-0.808739,0.093065,0.03108,-0.06164,-0.316911,0.755875,-0.572904,-0.758263,-0.564765,-0.325691,-0.569739,0.331198,0.752133,0.010488,0.000492,0.032779,-0.136597,-0.017969,0.090135,0.363629
458,0.111648,0.017712,0.365382,-0.258701,0.75293,-0.605157,-0.790226,-0.5252,-0.315719,-0.555229,0.395595,0.731609,0.007631,0.009182,0.054727,-0.101836,-0.002313,0.05319,0.414445,-0.100495,0.041206,0.326354,0.097745,0.90216,0.420171,-0.993619,0.112108,-0.009287,-0.055587,-0.417713,0.906801,0.015375,-0.016234,0.035405,0.179714,-0.368648,-0.249218,-0.830353,0.039492,0.038628,-0.02166,0.02592,-0.949425,0.312921,0.984336,-0.030365,-0.173665,0.174383,0.312521,0.933766,0.008859,-0.014468,0.020906,-0.172568,0.02295,-0.010333,-0.810862,0.093359,0.031184,-0.060464,-0.319942,0.756998,-0.569728,-0.758449,-0.565019,-0.324819,-0.567795,0.328186,0.754918,0.010285,0.003757,0.026762,-0.104056,-0.035658,0.073426,0.367548
459,0.111794,0.017803,0.36647,-0.258269,0.753316,-0.60486,-0.791603,-0.523852,-0.314507,-0.553468,0.396642,0.732376,0.006993,0.006559,0.052744,-0.102289,-0.005519,0.051429,0.419874,-0.1002,0.040876,0.326983,0.096911,0.90151,0.421757,-0.993696,0.11141,-0.009535,-0.055687,-0.419304,0.906061,0.015753,-0.017814,0.034128,-0.097088,-0.035525,0.010813,-0.837927,0.03965,0.03845,-0.021319,0.027979,-0.94951,0.312486,0.984057,-0.028763,-0.175507,0.175634,0.312415,0.933567,0.0079,-0.009102,0.016894,-0.121708,-0.014694,0.027362,-0.80825,0.093435,0.031234,-0.059898,-0.319464,0.75733,-0.569554,-0.759943,-0.563806,-0.323433,-0.566064,0.329504,0.755643,0.003403,0.003026,0.02619,-0.103099,-0.008467,0.05043,0.371304
460,0.111933,0.017902,0.368379,-0.262438,0.754177,-0.601988,-0.791096,-0.52532,-0.313334,-0.552226,0.393059,0.73524,-0.007316,0.010273,0.039043,0.258045,0.357307,-0.247093,0.435281,-0.099633,0.040346,0.328073,0.09112,0.903115,0.419609,-0.993947,0.108248,-0.016865,-0.060748,-0.416665,0.906952,0.014335,-0.009249,0.024321,0.011102,-0.128309,-0.035673,-0.879283,0.039929,0.038188,-0.020783,0.033304,-0.95042,0.30918,0.982898,-0.024911,-0.182451,0.181107,0.309969,0.933337,0.008401,-0.011169,0.015231,-0.038813,-0.095828,-0.077027,-0.80874,0.093509,0.031287,-0.058954,-0.323162,0.757643,-0.567046,-0.759547,-0.565076,-0.322143,-0.564494,0.326594,0.758077,0.002307,-0.001589,0.022926,0.954096,0.829685,-1.040536,0.386653
461,0.11192,0.017921,0.369843,-0.262717,0.756304,-0.599191,-0.793082,-0.522897,-0.312364,-0.549238,0.392201,0.737931,-0.009414,0.001251,0.032824,-0.067837,0.03273,-0.005426,0.446226,-0.099125,0.040018,0.328852,0.087791,0.908773,0.407939,-0.994285,0.104729,-0.019049,-0.060126,-0.405076,0.912229,0.002158,-0.014238,0.021957,0.095802,-0.2048,-0.171023,-0.901456,0.040188,0.038019,-0.020386,0.034762,-0.954319,0.296761,0.982734,-0.021353,-0.183783,0.181725,0.298026,0.937099,0.001086,-0.007212,0.010893,0.112317,-0.213599,-0.177804,-0.811515,0.0935,0.031302,-0.058206,-0.324022,0.75995,-0.563458,-0.761482,-0.562928,-0.321337,-0.561386,0.324943,0.761089,-0.004852,0.000118,0.01607,-0.072416,0.002718,-0.020972,0.404615
