frame,MLTx,MLTy,MLTz,MLTR1,MLTR2,MLTR3,MLTR4,MLTR5,MLTR6,MLTR7,MLTR8,MLTR9,MLTTVx,MLTTVy,MLTTVz,MLTRVx,MLTRVy,MLTRVz,MLGA,MRTx,MRTy,MRTz,MRTR1,MRTR2,MRTR3,MRTR4,MRTR5,MRTR6,MRTR7,MRTR8,MRTR9,MRTTVx,MRTTVy,MRTTVz,MRTRVx,MRTRVy,MRTRVz,MRGA,SLTx,SLTy,SLTz,SLTR1,SLTR2,SLTR3,SLTR4,SLTR5,SLTR6,SLTR7,SLTR8,SLTR9,SLTTVx,SLTTVy,SLTTVz,SLTRVx,SLTRVy,SLTRVz,SLGA,SRTx,SRTy,SRTz,SRTR1,SRTR2,SRTR3,SRTR4,SRTR5,SRTR6,SRTR7,SRTR8,SRTR9,SRTTVx,SRTTVy,SRTTVz,SRTRVx,SRTRVy,SRTRVz,SRGA
456,0.030331,0.048914,0.382519,-0.391907,-0.443918,-0.805848,0.587131,-0.79501,0.152344,-0.707796,-0.412889,0.573214,-0.017262,-0.012733,0.007088,0.063969,-0.193719,0.280172,0.319134,-0.140617,0.073747,0.343881,0.633469,-0.094766,0.767937,-0.321695,0.870278,0.37291,-0.704432,-0.483149,0.519813,-0.000112,0.000926,0.000546,-0.0,0.0,-0.0,-0.908092,0.019622,0.052989,-0.011466,-0.537339,0.034573,0.842656,0.36839,-0.889175,0.271393,0.758653,0.456257,0.465053,-7.7e-05,0.000646,0.000382,6.1e-05,4.8e-05,7e-05,-0.836009,0.053067,0.045694,-0.050007,-0.441977,-0.392001,-0.806839,0.479557,-0.86339,0.156781,-0.758077,-0.317632,0.569586,-0.001778,-0.0034,-0.002192,0.349616,-0.532589,0.613582,0.235119
457,0.030143,0.048502,0.382474,-0.392342,-0.426879,-0.814792,0.58574,-0.798913,0.136448,-0.708705,-0.423199,0.564505,0.006135,-0.021842,0.001731,-0.021032,-0.087224,0.180719,0.301836,-0.140612,0.073784,0.343913,0.633362,-0.094699,0.768034,-0.321804,0.870272,0.372832,-0.704479,-0.483174,0.519726,-0.000243,0.002008,0.001184,-0.0,0.0,0.0,-0.899598,0.019625,0.053007,-0.01145,-0.53722,0.034503,0.842735,0.368485,-0.889163,0.271303,0.758691,0.456286,0.464962,-0.000146,0.001203,0.000709,0.00227,-0.016798,0.0233,-0.837315,0.052961,0.045485,-0.050032,-0.440142,-0.374882,-0.815927,0.477763,-0.867149,0.140692,-0.760274,-0.327896,0.560774,-0.001747,-0.003327,-0.002151,0.026327,-0.120821,0.193609,0.223036
458,0.030093,0.04829,0.382467,-0.392733,-0.414791,-0.820826,0.584614,-0.801563,0.125278,-0.709418,-0.430157,0.558317,-0.005127,-0.016437,0.004952,0.065558,-0.208104,0.310533,0.295362,-0.140607,0.073815,0.343931,0.633235,-0.094624,0.768148,-0.321909,0.870279,0.372725,-0.704545,-0.483176,0.519634,-0.000167,0.001379,0.000813,-0.015299,0.116178,-0.160682,-0.887992,0.019627,0.053025,-0.01144,-0.53719,0.03449,0.842755,0.368502,-0.889163,0.271281,0.758704,0.456287,0.46494,-0.000105,0.000861,0.000506,4.3e-05,1.5e-05,2.5e-05,-0.837152,0.052939,0.045375,-0.050038,-0.438976,-0.363001,-0.821906,0.476354,-0.869639,0.129664,-0.76183,-0.334599,0.554668,-0.001449,-0.00277,-0.001797,0.350556,-0.636585,0.808701,0.213075
459,0.029943,0.04796,0.382498,-0.391691,-0.395034,-0.831006,0.586217,-0.803243,0.105462,-0.708672,-0.445358,0.547236,-0.003665,-0.013647,0.006763,-0.026945,-0.073405,0.158511,0.306726,-0.140625,0.073821,0.343999,0.633264,-0.094617,0.768125,-0.32201,0.870203,0.372814,-0.704473,-0.483314,0.519605,-0.000165,0.001364,0.000803,-0.0,0.0,0.0,-0.874815,0.019618,0.053028,-0.011405,-0.537112,0.034417,0.842808,0.368685,-0.889092,0.271266,0.758671,0.456432,0.464853,-0.000102,0.000832,0.000491,2.9e-05,4e-06,1.9e-05,-0.836172,0.052861,0.045205,-0.050026,-0.435339,-0.343513,-0.832152,0.477846,-0.871554,0.109795,-0.762982,-0.349843,0.543568,-0.000925,-0.001753,-0.001134,0.010663,-0.080261,0.137353,0.208503
460,0.029609,0.04789,0.382586,-0.386167,-0.394579,-0.833803,0.597518,-0.795614,0.09971,-0.702246,-0.459224,0.54405,-0.012454,0.003184,0.001779,0.001084,-0.081695,0.144403,0.354007,-0.140603,0.073788,0.344084,0.633202,-0.094556,0.768184,-0.322261,0.870081,0.372883,-0.704414,-0.483546,0.519469,-0.000238,0.001965,0.001156,0.002216,-0.016824,0.02329,-0.871938,0.019624,0.053014,-0.011366,-0.537021,0.03434,0.842869,0.368936,-0.888983,0.27128,0.758613,0.456648,0.464733,-3.4e-05,0.000281,0.000166,1.9e-05,1e-06,1.6e-05,-0.837315,0.052702,0.045162,-0.049981,-0.429779,-0.34396,-0.834853,0.490127,-0.865396,0.104228,-0.75833,-0.364389,0.540513,-0.006327,0.001407,0.000777,0.000552,-0.081532,0.144808,0.248673
461,0.029364,0.047908,0.38264,-0.384164,-0.395262,-0.834405,0.601568,-0.79271,0.098483,-0.699888,-0.463634,0.543349,-0.012485,0.003132,0.001743,-0.000984,0.014715,-0.029553,0.374905,-0.14059,0.073752,0.344125,0.633089,-0.094473,0.768287,-0.322474,0.870012,0.372858,-0.704417,-0.483686,0.519334,-8.9e-05,0.000734,0.000432,0.0,0.0,0.0,-0.871236,0.019635,0.052995,-0.011341,-0.536918,0.034267,0.842937,0.369149,-0.888899,0.271268,0.758582,0.456819,0.464617,-5.2e-05,0.00042,0.000247,1.8e-05,1.2e-05,-2e-06,-0.837642,0.052576,0.045174,-0.049952,-0.427889,-0.344645,-0.835541,0.494426,-0.863116,0.102818,-0.756605,-0.369119,0.53972,-0.006289,0.001482,0.000828,0.000507,-0.081582,0.14486,0.280841
462,0.028988,0.047995,0.3827,-0.381758,-0.395416,-0.835435,0.606361,-0.789303,0.096437,-0.697067,-0.469275,0.54213,-0.00031,-0.000587,-0.000383,0.0,-0.0,-0.0,0.395037,-0.140574,0.0737,0.344221,0.631109,-0.09359,0.770022,-0.323636,0.870299,0.371179,-0.705658,-0.483342,0.517966,-0.000156,0.00129,0.000759,0.0,0.0,-0.0,-0.865687,0.019643,0.052968,-0.011294,-0.534732,0.033292,0.844365,0.370104,-0.889058,0.269439,0.75966,0.456581,0.463086,-9.7e-05,0.000793,0.000467,-0.000209,-0.000761,0.000815,-0.838622,0.052383,0.045219,-0.049921,-0.425515,-0.345122,-0.836556,0.499632,-0.860353,0.100801,-0.754522,-0.375078,0.538527,-0.006044,0.00195,0.001128,-0.002124,0.015683,-0.030225,0.324113
463,0.028679,0.047941,0.382729,-0.374835,-0.393251,-0.839582,0.62057,-0.779197,0.087848,-0.688278,-0.487609,0.537158,-0.013941,0.000404,-4.2e-05,0.096478,-0.118543,0.120095,0.403046,-0.140598,0.073612,0.34431,0.630984,-0.093457,0.77014,-0.324013,0.870145,0.371209,-0.705597,-0.483645,0.517768,-8.8e-05,0.000726,0.000427,0.0,0.0,0.0,-0.862186,0.019631,0.052924,-0.011249,-0.534601,0.033157,0.844453,0.370479,-0.888901,0.269443,0.75957,0.456897,0.462923,-5.4e-05,0.00043,0.000252,-8e-06,-7e-06,1e-05,-0.839928,0.052238,0.045203,-0.049905,-0.418399,-0.344538,-0.840377,0.515087,-0.852089,0.092892,-0.748081,-0.394002,0.53398,-0.006879,0.00028,1.6e-05,1.082417,-1.602383,1.883787,0.340115
464,0.028332,0.047863,0.382684,-0.368432,-0.387469,-0.845086,0.634382,-0.76925,0.076064,-0.679094,-0.507608,0.530275,-0.014176,-1.3e-05,-0.000321,0.001866,-0.082826,0.145858,0.421407,-0.14061,0.073574,0.344341,0.630921,-0.093395,0.770199,-0.324172,0.870087,0.371207,-0.70558,-0.483761,0.517682,-1e-06,7e-06,4e-06,0.0,0.0,0.0,-0.861781,0.019625,0.052906,-0.011233,-0.534531,0.033092,0.8445,0.370636,-0.888841,0.269426,0.759542,0.457019,0.462848,3e-06,-2.5e-05,-1.5e-05,-3e-06,1e-05,-1e-05,-0.843847,0.052062,0.045157,-0.049927,-0.411187,-0.339027,-0.846159,0.530183,-0.844048,0.080542,-0.741506,-0.415502,0.526808,-0.007338,-0.000474,-0.000458,-0.005243,0.033527,-0.05967,0.361343
465,0.028128,0.04782,0.382652,-0.368723,-0.382327,-0.847299,0.634356,-0.769736,0.07121,-0.678961,-0.510765,0.527408,-0.014531,-0.000665,-0.000753,0.095458,-0.118426,0.120756,0.429068,-0.140616,0.07355,0.344328,0.630862,-0.093354,0.770253,-0.324223,0.870091,0.371153,-0.705609,-0.483762,0.517641,-0.011322,-0.003055,-0.000894,-0.002045,0.015205,-0.029245,-0.861202,0.019626,0.052898,-0.011238,-0.534483,0.033063,0.844532,0.370668,-0.88884,0.269384,0.759561,0.457022,0.462815,0.000117,-0.000981,-0.000579,-0.002211,0.016806,-0.023322,-0.8445,0.051961,0.045135,-0.049943,-0.410848,-0.333974,-0.84833,0.530042,-0.844577,0.075796,-0.741794,-0.41851,0.524014,-0.001234,-0.002331,-0.001518,0.354088,-0.539738,0.645029,0.372773
466,0.027687,0.047736,0.382671,-0.364681,-0.381074,-0.849609,0.643125,-0.762888,0.066063,-0.672875,-0.521846,0.524349,-0.01367,0.000983,0.00032,0.001092,-0.08161,0.144467,0.435073,-0.140629,0.07351,0.344306,0.630759,-0.093281,0.770346,-0.324314,0.870098,0.371058,-0.70566,-0.483764,0.517571,0.000118,-0.00098,-0.000577,0.0,0.0,0.0,-0.859723,0.019616,0.052874,-0.011251,-0.534353,0.032971,0.844618,0.370759,-0.888839,0.26926,0.759608,0.45703,0.462729,7.4e-05,-0.000617,-0.000363,0.0,1.7e-05,-2.2e-05,-0.845643,0.051738,0.045089,-0.049936,-0.406632,-0.333242,-0.850646,0.539704,-0.838885,0.070642,-0.737135,-0.430372,0.52097,-0.007973,-0.004971,0.00444,-0.036909,0.056285,-0.072024,0.390245
467,0.027282,0.047585,0.382869,-0.362427,-0.384035,-0.849241,0.647424,-0.759166,0.066942,-0.66997,-0.525087,0.524835,-0.012295,0.003579,0.002021,-0.000976,0.014714,-0.029558,0.425284,-0.140649,0.07346,0.344289,0.630631,-0.093186,0.770462,-0.324448,0.870094,0.37095,-0.705712,-0.48379,0.517476,0.000151,-0.00125,-0.000735,0.0,0.0,0.0,-0.84855,0.019606,0.05285,-0.011259,-0.534211,0.03287,0.844711,0.370879,-0.888826,0.269138,0.759648,0.457063,0.46263,9.6e-05,-0.000793,-0.000467,-7e-06,-4e-06,6e-06,-0.845969,0.051533,0.045011,-0.049839,-0.404801,-0.336376,-0.850286,0.544379,-0.835788,0.071474,-0.734702,-0.433945,0.521444,-0.00715,-0.003413,0.005458,-0.033982,0.038489,-0.042279,0.388286
468,0.027065,0.047419,0.383039,-0.360312,-0.384597,-0.849886,0.651796,-0.755541,0.06551,-0.666868,-0.529877,0.52397,-0.003331,-0.012884,0.007254,-0.032577,0.037554,-0.038375,0.422832,-0.140648,0.073453,0.344285,0.630617,-0.093177,0.770475,-0.32446,0.870095,0.370937,-0.705719,-0.48379,0.517465,2.8e-05,-0.000233,-0.000137,0.0,0.0,0.0,-0.847121,0.019606,0.052844,-0.011262,-0.534195,0.03286,0.844722,0.37089,-0.888826,0.269124,0.759655,0.457064,0.462619,1.3e-05,-0.000108,-6.3e-05,-5e-06,1e-06,3e-06,-0.845969,0.051424,0.044938,-0.049753,-0.40276,-0.337178,-0.850937,0.549205,-0.832748,0.070024,-0.732227,-0.439137,0.520578,-0.007229,-0.003549,0.00537,-0.035014,0.039992,-0.044022,0.385347
469,0.026655,0.047077,0.383407,-0.361197,-0.375942,-0.853376,0.651388,-0.756543,0.057518,-0.666787,-0.534644,0.51921,-0.01409,-0.006394,0.011191,-0.033247,0.038342,-0.042699,0.424292,-0.140655,0.073435,0.344286,0.630477,-0.093083,0.7706,-0.3246,0.870091,0.370825,-0.70578,-0.483816,0.517359,0.0,-1e-06,-0.0,0.0,0.0,0.0,-0.838504,0.019603,0.052835,-0.011262,-0.534152,0.032827,0.84475,0.370942,-0.888814,0.269093,0.75966,0.45709,0.462585,-2e-06,2.2e-05,1.4e-05,-6e-06,-6e-06,8e-06,-0.846296,0.051222,0.044765,-0.049576,-0.402512,-0.328422,-0.854471,0.5487,-0.833718,0.061971,-0.732742,-0.443905,0.515787,-0.007077,-0.003244,0.005573,-0.034353,-0.053119,0.126611,0.381265
470,0.026252,0.046839,0.38382,-0.35994,-0.370929,-0.856095,0.655142,-0.753758,0.051077,-0.663785,-0.542026,0.515387,-0.012895,-0.004149,0.012671,-0.032903,0.024482,-0.017435,0.437116,-0.140687,0.073414,0.344297,0.630498,-0.093074,0.770584,-0.324631,0.870066,0.370855,-0.705747,-0.483862,0.517362,0.0,-0.0,-0.0,0.0,0.0,0.0,-0.82398,0.019587,0.052825,-0.011256,-0.534064,0.032751,0.844809,0.37105,-0.888789,0.269023,0.759668,0.457143,0.462518,0.0,8e-06,5e-06,-4e-06,-1e-05,1.3e-05,-0.846296,0.051014,0.044638,-0.049363,-0.400622,-0.323708,-0.857154,0.552791,-0.83146,0.055638,-0.7307,-0.451538,0.512044,-0.006428,-0.002023,0.006377,-0.034685,0.026499,-0.019517,0.390409
471,0.026026,0.046767,0.384027,-0.360197,-0.368966,-0.856836,0.65494,-0.754051,0.04932,-0.663845,-0.54296,0.514326,-0.013169,-0.004649,0.012344,-0.033242,0.03835,-0.042697,0.442358,-0.140668,0.073398,0.344308,0.63051,-0.093083,0.770574,-0.324658,0.87004,0.370894,-0.705724,-0.483907,0.517349,0.0,-0.0,-0.0,0.0,0.0,0.0,-0.822766,0.019601,0.052818,-0.011251,-0.533982,0.032708,0.844862,0.371142,-0.888764,0.268982,0.759681,0.457195,0.462445,3e-06,4e-06,5e-06,-5e-06,-3e-06,1.4e-05,-0.846623,0.05079,0.044596,-0.049178,-0.400646,-0.322509,-0.857595,0.552526,-0.831702,0.054646,-0.730887,-0.45195,0.511413,-0.005776,0.002523,0.001496,-0.001544,0.015073,-0.029774,0.403798
472,0.025533,0.046749,0.384321,-0.359939,-0.370705,-0.856193,0.655024,-0.753868,0.050971,-0.663902,-0.542027,0.515236,-0.011779,0.004604,0.002686,-0.000984,0.014715,-0.029553,0.446013,-0.140641,0.0734,0.344317,0.63046,-0.093061,0.770617,-0.324713,0.870029,0.370871,-0.705743,-0.483931,0.517301,-4e-06,3.1e-05,1.8e-05,0.0,0.0,0.0,-0.820957,0.019609,0.052818,-0.011245,-0.534022,0.032737,0.844836,0.371134,-0.888752,0.269032,0.759658,0.457217,0.462463,1e-06,1.3e-05,8e-06,0.0,0.0,4e-06,-0.846949,0.050666,0.044595,-0.049111,-0.40061,-0.323455,-0.857255,0.552623,-0.831579,0.055517,-0.730834,-0.451499,0.511888,-0.006908,-0.002905,0.005801,-0.033541,0.03844,-0.042586,0.407391
473,0.025004,0.04675,0.384474,-0.359495,-0.37264,-0.855539,0.65541,-0.753413,0.052695,-0.663762,-0.54133,0.516149,-0.013065,0.002246,0.001132,-0.000984,0.014715,-0.029553,0.450863,-0.140657,0.073387,0.344343,0.63043,-0.093026,0.770646,-0.324803,0.869994,0.370874,-0.705728,-0.484001,0.517256,-5e-06,4.3e-05,2.5e-05,0.0,0.0,0.0,-0.819713,0.019602,0.052812,-0.011233,-0.533989,0.0327,0.844858,0.371223,-0.888716,0.269027,0.759637,0.457289,0.462425,-1e-06,1.6e-05,9e-06,-2e-06,-8e-06,1.4e-05,-0.847439,0.050398,0.0446,-0.049032,-0.40042,-0.32545,-0.856589,0.553056,-0.831173,0.057263,-0.73061,-0.450813,0.512811,-0.00667,0.000872,0.000411,-0.00153,0.028565,-0.054725,0.412943
474,0.024546,0.046815,0.384552,-0.359549,-0.368922,-0.857127,0.655804,-0.753316,0.049081,-0.663345,-0.544009,0.513863,-0.012699,0.002934,0.001581,-0.0002,0.013526,-0.02813,0.458071,-0.140648,0.073386,0.344362,0.630456,-0.09304,0.770623,-0.32482,0.869967,0.370922,-0.705698,-0.484047,0.517255,-5.9e-05,0.000485,0.000286,0.0,0.0,0.0,-0.817215,0.019606,0.05281,-0.011223,-0.534017,0.032716,0.84484,0.371246,-0.888692,0.269075,0.759606,0.457334,0.462431,-4.4e-05,0.000367,0.000215,2e-06,-1e-06,4e-06,-0.847766,0.050168,0.04463,-0.048994,-0.399987,-0.321695,-0.858208,0.55347,-0.831142,0.053592,-0.730533,-0.453557,0.510495,-0.006407,0.001366,0.00073,0.000831,-0.066493,0.119361,0.421924
475,0.024363,0.046862,0.384602,-0.35941,-0.36943,-0.856967,0.655935,-0.753172,0.049526,-0.663291,-0.543862,0.514089,-6.8e-05,-0.000124,-8.2e-05,0.0,-0.0,0.0,0.456872,-0.140631,0.073388,0.344362,0.630486,-0.093067,0.770595,-0.324791,0.869964,0.370955,-0.705684,-0.484046,0.517274,0.011522,0.00144,-5.6e-05,0.002045,-0.015205,0.029245,-0.815117,0.01961,0.052812,-0.011223,-0.534034,0.03273,0.844829,0.371233,-0.888692,0.269093,0.759601,0.457333,0.462441,1e-06,-1e-05,-7e-06,3e-06,-1e-06,1e-06,-0.847766,0.05007,0.044652,-0.04897,-0.399914,-0.322293,-0.858017,0.553623,-0.831007,0.054109,-0.730457,-0.45338,0.510761,0.0,4e-06,8e-06,-0.000491,0.000583,-0.000643,0.42421
476,0.024024,0.046895,0.384745,-0.359165,-0.370593,-0.856567,0.656119,-0.752942,0.050583,-0.663241,-0.543389,0.514652,-0.011771,0.004644,0.002704,-0.000984,0.014715,-0.029553,0.449011,-0.140583,0.073357,0.344393,0.628439,-0.09218,0.772372,-0.325848,0.870338,0.369146,-0.707021,-0.483545,0.515916,-0.0,2e-06,1e-06,0.0,0.0,-0.0,-0.813008,0.019639,0.052797,-0.011207,-0.531787,0.031761,0.846281,0.372058,-0.888931,0.267156,0.760772,0.456936,0.460906,-0.0,-1.1e-05,-8e-06,-0.000332,-0.001184,0.001267,-0.847929,0.049906,0.044668,-0.048899,-0.399828,-0.32346,-0.857618,0.553819,-0.830808,0.055153,-0.730357,-0.452914,0.511319,1.4e-05,2.8e-05,2.5e-05,-8.6e-05,3e-05,2.5e-05,0.420781
477,0.023737,0.046958,0.384872,-0.358833,-0.371965,-0.856111,0.656428,-0.75259,0.051788,-0.663115,-0.542936,0.515291,-0.01133,0.00545,0.003234,-0.000984,0.014715,-0.029553,0.443382,-0.140559,0.073311,0.34445,0.628538,-0.092227,0.772286,-0.325923,0.870232,0.36933,-0.706898,-0.483727,0.515914,0.001402,-0.010848,0.007734,-0.036586,0.009241,-0.018636,-0.81091,0.01965,0.052777,-0.011183,-0.531919,0.031827,0.846196,0.372122,-0.888847,0.267347,0.760648,0.457096,0.460951,-7.9e-05,0.000645,0.000378,-1.4e-05,-2.5e-05,1.7e-05,-0.849072,0.049762,0.044698,-0.048836,-0.399679,-0.324861,-0.857158,0.554162,-0.830498,0.05636,-0.730178,-0.452479,0.511959,0.000292,0.000534,0.000358,-6e-05,1.3e-05,2.3e-05,0.414249
478,0.023578,0.04707,0.384917,-0.358546,-0.372855,-0.855844,0.656758,-0.752251,0.05252,-0.662944,-0.542796,0.51566,-0.011159,0.00576,0.003436,-0.000984,0.014715,-0.029553,0.443068,-0.140558,0.0733,0.344475,0.628538,-0.092219,0.772286,-0.325983,0.870194,0.369366,-0.706869,-0.483796,0.515888,0.001356,-0.01047,0.007957,-0.036586,0.00924,-0.018637,-0.808876,0.019652,0.052764,-0.011159,-0.531905,0.031801,0.846206,0.372261,-0.888775,0.267395,0.76059,0.457238,0.460906,-1.3e-05,9.7e-05,5.7e-05,-7e-06,-3e-06,-6e-06,-0.850868,0.049597,0.044802,-0.048779,-0.3994,-0.326486,-0.85667,0.554761,-0.830006,0.057682,-0.729875,-0.45221,0.512627,-0.005598,0.002851,0.001704,-0.00103,0.014713,-0.029533,0.41131
479,0.023239,0.047195,0.385037,-0.358264,-0.373884,-0.855513,0.657025,-0.751955,0.053422,-0.662833,-0.542497,0.516117,-0.012029,0.004175,0.002391,-0.000984,0.014715,-0.029553,0.445515,-0.140547,0.073281,0.344506,0.628444,-0.092152,0.772371,-0.326141,0.870149,0.369333,-0.70688,-0.48389,0.515784,-1.6e-05,0.000135,7.9e-05,0.0,0.0,0.0,-0.806715,0.019657,0.05276,-0.011151,-0.531806,0.031739,0.84627,0.372367,-0.888749,0.267331,0.760607,0.457292,0.460824,-8e-06,5.8e-05,3.3e-05,-6e-06,1.8e-05,-1.9e-05,-0.851521,0.049515,0.044821,-0.048751,-0.399364,-0.326835,-0.856555,0.554826,-0.829942,0.057996,-0.729846,-0.452077,0.512786,-0.001219,-0.005544,0.004234,-0.032201,0.023819,-0.013041,0.412126
480,0.022999,0.047184,0.385036,-0.358042,-0.374639,-0.855276,0.657256,-0.751707,0.054065,-0.662724,-0.542319,0.516443,-0.001242,-0.002257,-0.001486,0.0,0.0,0.0,0.439223,-0.140583,0.073293,0.344505,0.628508,-0.092179,0.772316,-0.326076,0.87016,0.369365,-0.706853,-0.483866,0.515844,-0.0,4e-06,2e-06,0.0,0.0,0.0,-0.80125,0.019639,0.052765,-0.011151,-0.531876,0.031768,0.846225,0.372307,-0.888763,0.26737,0.760588,0.457263,0.460884,2e-06,-1.6e-05,-9e-06,-4e-06,7e-06,-1.2e-05,-0.851848,0.049391,0.044818,-0.04875,-0.399238,-0.327634,-0.856308,0.55509,-0.829718,0.058659,-0.729713,-0.45191,0.513122,-0.000801,-0.001454,-0.000954,-3.8e-05,5e-06,-2e-06,0.41033
481,0.022835,0.047144,0.384995,-0.358077,-0.37267,-0.856121,0.657471,-0.751655,0.052144,-0.662492,-0.543747,0.515238,-0.000676,-0.001227,-0.000809,0.0,-0.0,0.0,0.428442,-0.140566,0.073295,0.344505,0.628438,-0.092143,0.772377,-0.32613,0.870163,0.36931,-0.706891,-0.483867,0.515791,0.011523,0.001435,-6e-05,0.002045,-0.015205,0.029245,-0.797175,0.019643,0.052766,-0.011152,-0.531782,0.031715,0.846286,0.372366,-0.888762,0.267291,0.760625,0.45727,0.460818,-3e-06,-7e-06,-6e-06,-2e-06,-9e-06,-1.2e-05,-0.852011,0.049307,0.044795,-0.048773,-0.399015,-0.325663,-0.857163,0.555319,-0.8297,0.056724,-0.729662,-0.453366,0.51191,-0.006345,0.001494,0.000807,-0.001783,0.015946,-0.030992,0.399553
482,0.022765,0.047155,0.385,-0.358015,-0.372868,-0.856061,0.657536,-0.751586,0.052312,-0.662461,-0.543706,0.515321,-0.000102,-0.000185,-0.000122,0.0,-0.0,0.0,0.423631,-0.140541,0.073306,0.344509,0.628498,-0.092193,0.772322,-0.326073,0.870158,0.369371,-0.706863,-0.483866,0.51583,-0.000155,0.001282,0.000754,0.0,0.0,0.0,-0.795161,0.01966,0.052768,-0.011151,-0.531866,0.031782,0.846231,0.372304,-0.888762,0.267376,0.760597,0.457264,0.460869,0.005668,0.001467,0.000407,0.004252,-0.032001,0.052558,-0.852011,0.049271,0.044798,-0.048772,-0.39898,-0.325882,-0.857096,0.555392,-0.829638,0.056906,-0.729625,-0.453321,0.512002,-0.005891,0.002317,0.001349,-0.0011,0.014883,-0.029734,0.392858
483,0.02256,0.047188,0.385028,-0.358053,-0.370935,-0.856885,0.657726,-0.751548,0.05044,-0.662252,-0.545081,0.514136,-0.001055,-0.001911,-0.001261,0.002605,-0.003977,0.004739,0.422522,-0.140508,0.073326,0.344518,0.628588,-0.092265,0.77224,-0.325989,0.870151,0.369461,-0.706822,-0.483865,0.515888,-2.7e-05,0.000226,0.000133,0.0,0.0,0.0,-0.788061,0.019676,0.052781,-0.011145,-0.531965,0.031858,0.846166,0.372232,-0.888762,0.267476,0.760562,0.457258,0.460932,-1.7e-05,0.000128,7.3e-05,-5e-06,8e-06,-7e-06,-0.852011,0.049172,0.04482,-0.048754,-0.398763,-0.323904,-0.857947,0.555594,-0.829633,0.054982,-0.729591,-0.454746,0.510786,-0.006505,0.001215,0.000622,0.005169,0.018643,-0.043053,0.385183
484,0.022328,0.047167,0.384985,-0.358097,-0.368869,-0.857757,0.657927,-0.751504,0.048442,-0.662029,-0.546543,0.51287,-0.001474,-0.002665,-0.00176,0.0,-0.0,0.0,0.416779,-0.140526,0.073331,0.344522,0.628572,-0.092248,0.772255,-0.326007,0.870153,0.369442,-0.706828,-0.483865,0.51588,-0.0,0.0,0.0,0.0,0.0,0.0,-0.786161,0.019667,0.052784,-0.011143,-0.531948,0.03184,0.846177,0.372247,-0.888762,0.267454,0.760567,0.457259,0.460923,1e-06,-1.5e-05,-8e-06,0.0,1e-06,-1.4e-05,-0.852011,0.049055,0.044806,-0.048772,-0.39855,-0.321885,-0.858805,0.555787,-0.829631,0.053024,-0.729559,-0.456181,0.509549,-0.000597,-0.00108,-0.00071,-0.00105,0.00163,-0.001932,0.382571
485,0.022285,0.047128,0.384959,-0.358043,-0.369053,-0.8577,0.657988,-0.75144,0.048595,-0.661997,-0.546506,0.512951,-0.001133,-0.002047,-0.001353,0.0,-0.0,0.0,0.411322,-0.140526,0.073331,0.344522,0.628572,-0.092248,0.772255,-0.326007,0.870153,0.369442,-0.706828,-0.483865,0.51588,-0.0,0.0,0.0,0.0,0.0,0.0,-0.785364,0.019667,0.052784,-0.011143,-0.531947,0.03184,0.846178,0.372247,-0.888762,0.267454,0.760567,0.457259,0.460923,-2e-06,-9e-06,-7e-06,2e-06,-2.1e-05,-9e-06,-0.852175,0.049033,0.044788,-0.04879,-0.398511,-0.322098,-0.858743,0.555876,-0.829561,0.053191,-0.729513,-0.456158,0.509636,-0.000762,-0.00138,-0.00091,-0.000498,0.014021,-0.025547,0.376692
486,0.022222,0.047014,0.38493,-0.358198,-0.366872,-0.858571,0.658043,-0.751522,0.046531,-0.661858,-0.547861,0.511683,-0.001799,-0.003251,-0.00215,-0.000359,0.0138,-0.025294,0.403065,-0.140509,0.073333,0.344522,0.628603,-0.092275,0.772227,-0.325977,0.87015,0.369474,-0.706815,-0.483864,0.515899,-0.0,0.0,0.0,0.0,0.0,0.0,-0.784333,0.019676,0.052785,-0.011143,-0.531981,0.031869,0.846155,0.372221,-0.888762,0.26749,0.760556,0.457257,0.460943,-5e-06,-5e-06,-6e-06,3e-06,-2.1e-05,-1.3e-05,-0.852175,0.049002,0.044732,-0.048803,-0.398378,-0.319882,-0.859633,0.555931,-0.829656,0.051093,-0.729544,-0.457543,0.50835,-0.0009,-0.001627,-0.001074,-0.002205,0.016695,-0.028711,0.362159
487,0.022019,0.046924,0.384856,-0.358433,-0.362403,-0.860369,0.658282,-0.751565,0.042268,-0.661493,-0.550772,0.509022,-0.002316,-0.004179,-0.002769,1.071059,-1.638141,1.949255,0.402454,-0.14052,0.073348,0.344521,0.628612,-0.092279,0.772219,-0.325952,0.870163,0.369467,-0.706819,-0.483841,0.515915,-4e-06,3.1e-05,1.8e-05,0.0,0.0,0.0,-0.782623,0.01967,0.052793,-0.011143,-0.531991,0.031873,0.846149,0.372195,-0.888775,0.267485,0.760562,0.457233,0.460957,-5e-06,8e-06,4e-06,-6e-06,-1.2e-05,2e-06,-0.852338,0.048901,0.044689,-0.04884,-0.398148,-0.317987,-0.860442,0.556178,-0.829603,0.049233,-0.729481,-0.458957,0.507163,-0.001397,-0.00252,-0.001666,-0.001174,0.015076,-0.026808,0.357914
488,0.02175,0.046795,0.3848,-0.358573,-0.360178,-0.861245,0.65834,-0.751628,0.040179,-0.661359,-0.552145,0.507707,-0.002663,-0.004796,-0.003184,-0.00036,0.013801,-0.025298,0.401803,-0.140495,0.073359,0.344526,0.628672,-0.092329,0.772165,-0.325895,0.870158,0.369528,-0.706791,-0.48384,0.515954,-0.0,3e-06,2e-06,0.0,0.0,0.0,-0.781312,0.019683,0.052798,-0.011141,-0.532057,0.031926,0.846105,0.372147,-0.888775,0.267553,0.760539,0.457229,0.460998,-1e-06,-1e-05,-8e-06,-2e-06,-1.4e-05,-0.0,-0.852175,0.048766,0.044622,-0.048869,-0.397879,-0.313226,-0.862311,0.556244,-0.829812,0.044764,-0.729578,-0.461845,0.504395,-0.001333,-0.002399,-0.001587,-0.001109,0.014985,-0.0267,0.355791
489,0.021643,0.046732,0.384768,-0.358537,-0.360318,-0.861201,0.658368,-0.751598,0.040306,-0.661351,-0.552096,0.507772,-0.014132,0.000473,-7.9e-05,-0.001345,0.028515,-0.054852,0.400751,-0.14046,0.073364,0.344525,0.628733,-0.092383,0.772109,-0.325835,0.870153,0.369593,-0.706765,-0.483839,0.515991,-0.0,0.0,0.0,0.0,0.0,0.0,-0.781529,0.0197,0.0528,-0.011141,-0.532125,0.031983,0.846061,0.372095,-0.888775,0.267624,0.760517,0.457225,0.461038,0.005759,0.000712,-3.6e-05,0.002048,-0.015214,0.029235,-0.852338,0.048717,0.044589,-0.048885,-0.39787,-0.31334,-0.862274,0.556259,-0.829796,0.044868,-0.729571,-0.461797,0.504449,-0.000949,-0.001706,-0.00113,-0.000106,0.000163,-0.00021,0.354811
490,0.021441,0.046666,0.384709,-0.358237,-0.361297,-0.860915,0.65871,-0.751254,0.041118,-0.661174,-0.551922,0.508191,-0.001491,-0.00268,-0.001783,0.0,0.0,0.0,0.388986,-0.140407,0.073361,0.344531,0.628814,-0.092456,0.772033,-0.325774,0.870133,0.369693,-0.70672,-0.48386,0.516032,2.6e-05,-0.00021,-0.000124,0.015268,-0.115828,0.160937,-0.780412,0.019727,0.052799,-0.011139,-0.532104,0.031992,0.846073,0.372119,-0.888761,0.267635,0.76052,0.457251,0.461009,1.6e-05,-0.000142,-8.5e-05,-0.0,6e-06,-1.5e-05,-0.852338,0.04861,0.044555,-0.048916,-0.397692,-0.314395,-0.861972,0.556654,-0.829485,0.045719,-0.729367,-0.461639,0.504889,-0.006713,0.000878,0.000388,-0.001351,0.028517,-0.05487,0.347627
491,0.021285,0.046672,0.38472,-0.35806,-0.361913,-0.86073,0.658894,-0.751063,0.041643,-0.661086,-0.551777,0.508462,0.000504,0.000904,0.000602,0.0,0.0,0.0,0.37943,-0.140399,0.073362,0.34453,0.628829,-0.092469,0.772019,-0.32576,0.870132,0.369709,-0.706714,-0.48386,0.516041,0.0,-0.0,-0.0,0.0,0.0,0.0,-0.779979,0.019731,0.052799,-0.011139,-0.532232,0.032073,0.84599,0.372034,-0.888763,0.26775,0.760472,0.457242,0.461096,0.0,1e-06,0.0,-4e-06,1e-05,-9e-06,-0.852501,0.048529,0.044553,-0.048914,-0.397596,-0.315028,-0.861785,0.556859,-0.829317,0.046245,-0.729262,-0.461507,0.50516,0.000358,0.000643,0.000432,0.000355,-0.013799,0.025295,0.333094
492,0.021217,0.046699,0.384748,-0.357974,-0.362231,-0.860633,0.658981,-0.750972,0.041916,-0.661047,-0.551692,0.508605,0.000113,0.000202,0.000135,0.0,0.0,0.0,0.375211,-0.140381,0.073364,0.34453,0.62886,-0.092496,0.771991,-0.32573,0.870129,0.369741,-0.7067,-0.483859,0.51606,0.0,-0.0,-0.0,0.0,0.0,0.0,-0.779616,0.01974,0.0528,-0.011139,-0.532266,0.032102,0.845968,0.372008,-0.888763,0.267786,0.760462,0.45724,0.461116,-0.0,0.0,-1e-06,-0.0,-2e-06,-6e-06,-0.852501,0.048497,0.04457,-0.048898,-0.397551,-0.315353,-0.861686,0.556955,-0.829238,0.046519,-0.729213,-0.461428,0.505303,9.3e-05,0.000173,0.000117,-1.2e-05,0.0,-1.2e-05,0.327379
493,0.021073,0.046707,0.384808,-0.357886,-0.362678,-0.860481,0.659037,-0.7509,0.042328,-0.661039,-0.551497,0.508828,-0.000219,-0.000393,-0.000262,0.0,0.0,0.0,0.367811,-0.140346,0.073361,0.344526,0.628805,-0.092479,0.772038,-0.325766,0.870131,0.369706,-0.706732,-0.48386,0.516016,4e-06,-3.6e-05,-2.1e-05,0.0,0.0,0.0,-0.778467,0.019757,0.052799,-0.011141,-0.532206,0.032082,0.846006,0.37204,-0.888761,0.267746,0.760488,0.457245,0.461069,3e-06,-1.8e-05,-1.1e-05,-4e-06,2e-06,-3e-06,-0.852665,0.048426,0.044577,-0.048866,-0.397522,-0.315808,-0.861533,0.557018,-0.829172,0.046931,-0.729181,-0.461234,0.505526,-0.00016,-0.000286,-0.000187,-2e-06,4e-06,1e-06,0.317744
494,0.020915,0.046621,0.384878,-0.35785,-0.363165,-0.860291,0.658998,-0.750907,0.042809,-0.661097,-0.551166,0.50911,-0.014343,-0.006519,0.011093,-0.033078,0.038651,-0.042556,0.363844,-0.140344,0.073346,0.344517,0.628776,-0.09246,0.772064,-0.325791,0.870132,0.36968,-0.706746,-0.483861,0.515995,1.4e-05,-0.000118,-6.9e-05,0.0,0.0,0.0,-0.778048,0.019758,0.052791,-0.011146,-0.532174,0.032062,0.846027,0.372061,-0.888761,0.267718,0.7605,0.457247,0.461046,6e-06,-4.6e-05,-2.7e-05,-3e-06,4e-06,-2e-06,-0.852501,0.048353,0.044536,-0.048835,-0.397547,-0.316255,-0.861358,0.556981,-0.829172,0.047372,-0.729196,-0.460928,0.505783,-0.000315,-0.000563,-0.000373,-4e-06,1e-06,0.0,0.310396
495,0.020772,0.046513,0.384957,-0.357801,-0.363779,-0.860052,0.658964,-0.750902,0.043407,-0.661157,-0.550768,0.509463,-0.000174,-0.000312,-0.000208,0.0,0.0,0.0,0.354237,-0.140344,0.073347,0.344507,0.628771,-0.09246,0.772068,-0.325775,0.870145,0.369665,-0.706758,-0.483838,0.516,0.0,-0.0,-0.0,0.0,0.0,0.0,-0.777998,0.019758,0.052791,-0.011151,-0.532168,0.032061,0.84603,0.372044,-0.888773,0.267703,0.760512,0.457224,0.461049,-0.0,1.3e-05,8e-06,-6e-06,-2.2e-05,2e-05,-0.852664,0.048275,0.044478,-0.048792,-0.397581,-0.316909,-0.861101,0.55694,-0.829163,0.048009,-0.729208,-0.460495,0.50616,-6.2e-05,-0.000107,-6.9e-05,-1.3e-05,1e-06,-1.3e-05,0.302395
496,0.020688,0.046464,0.385006,-0.35777,-0.364119,-0.85992,0.658949,-0.750896,0.043737,-0.661189,-0.550551,0.509657,-0.012259,0.003886,0.002183,-0.000984,0.014715,-0.029553,0.349204,-0.140344,0.073346,0.344517,0.628776,-0.09246,0.772064,-0.325791,0.870132,0.36968,-0.706746,-0.483861,0.515995,-1.6e-05,0.000132,7.7e-05,0.0,0.0,0.0,-0.777981,0.019758,0.052791,-0.011146,-0.532174,0.032062,0.846027,0.372062,-0.888761,0.267718,0.7605,0.457247,0.461046,-1.1e-05,0.000103,6e-05,-0.0,7e-06,-6e-06,-0.852664,0.048238,0.044453,-0.048768,-0.3976,-0.317226,-0.860976,0.556916,-0.829161,0.04832,-0.729217,-0.46028,0.506343,-0.00029,-0.000515,-0.000339,-9e-06,4e-06,-5e-06,0.295374
497,0.020517,0.046409,0.38506,-0.358132,-0.359521,-0.861703,0.658983,-0.751104,0.039436,-0.660959,-0.553284,0.506987,-0.0008,-0.001428,-0.000953,0.000234,-0.000359,0.000426,0.344484,-0.140327,0.073348,0.344517,0.628806,-0.092487,0.772036,-0.325761,0.87013,0.369713,-0.706733,-0.48386,0.516014,-0.0,0.0,0.0,0.0,0.0,0.0,-0.77768,0.019767,0.052792,-0.011146,-0.532208,0.03209,0.846005,0.372036,-0.888761,0.267754,0.760489,0.457245,0.461067,1e-06,-1e-06,-0.0,-1e-06,6e-06,-1e-06,-0.852664,0.048149,0.044429,-0.048739,-0.397352,-0.312591,-0.862784,0.556953,-0.829378,0.043985,-0.729325,-0.463053,0.503654,-0.000449,-0.000798,-0.00053,-0.002307,0.01683,-0.028926,0.285413
498,0.020502,0.046439,0.385079,-0.358127,-0.359529,-0.861701,0.658985,-0.751102,0.039445,-0.660959,-0.553283,0.506989,0.001088,0.001944,0.001296,0.000372,-0.013772,0.025314,0.322161,-0.140316,0.073333,0.344518,0.628798,-0.092483,0.772044,-0.325786,0.870117,0.36972,-0.706729,-0.483884,0.515997,5e-05,-0.000411,-0.000242,0.0,0.0,0.0,-0.77747,0.019772,0.052785,-0.011145,-0.532198,0.032086,0.846011,0.372062,-0.888748,0.267758,0.760483,0.457269,0.461052,2.8e-05,-0.000228,-0.000134,-1e-06,-2e-06,0.0,-0.852828,0.048138,0.044438,-0.048734,-0.397348,-0.312677,-0.862755,0.556963,-0.829367,0.044064,-0.729319,-0.463014,0.503697,0.00024,0.000428,0.000288,-4.5e-05,9.1e-05,-9.1e-05,0.266635
499,0.020529,0.046445,0.385095,-0.358125,-0.359579,-0.861681,0.658984,-0.7511,0.039491,-0.660962,-0.553252,0.507019,0.000399,0.000713,0.000475,0.0,0.0,0.0,0.304947,-0.140315,0.073324,0.344523,0.626795,-0.091616,0.773774,-0.32673,0.870539,0.367889,-0.708071,-0.48329,0.514713,1e-06,-6e-06,-4e-06,0.0,0.0,-0.0,-0.777164,0.019773,0.05278,-0.011143,-0.529974,0.03112,0.847442,0.372789,-0.889037,0.265782,0.761679,0.456775,0.459565,-1e-06,4e-06,1e-06,-0.000632,-0.002214,0.002414,-0.852828,0.048154,0.044444,-0.048723,-0.397356,-0.312707,-0.862741,0.556954,-0.829371,0.044094,-0.729321,-0.462986,0.503719,0.0003,0.000537,0.00036,-5e-06,1.4e-05,-1.6e-05,0.249652
500,0.020529,0.046411,0.385109,-0.358143,-0.359628,-0.861653,0.658946,-0.751131,0.03955,-0.66099,-0.553179,0.507062,-0.000236,-0.000421,-0.000281,0.0,0.0,0.0,0.251138,-0.140288,0.073249,0.344562,0.626735,-0.091563,0.773829,-0.326938,0.870442,0.367935,-0.708027,-0.483476,0.514598,0.0,-1e-06,-1e-06,0.0,0.0,-0.0,-0.776608,0.019786,0.052742,-0.011123,-0.529931,0.031074,0.847471,0.372994,-0.888937,0.265831,0.761609,0.456973,0.459485,-1e-06,8e-06,4e-06,-2e-05,-2.8e-05,3.2e-05,-0.853318,0.048155,0.04443,-0.048715,-0.39738,-0.312754,-0.862713,0.556912,-0.829396,0.044153,-0.72934,-0.46291,0.503762,-0.001188,-0.005449,0.004292,-0.032089,0.023937,-0.013,0.192664
501,0.020548,0.046312,0.385127,-0.358195,-0.359715,-0.861595,0.658848,-0.751211,0.039663,-0.66106,-0.553014,0.507152,-0.000244,-0.000436,-0.000291,0.0,0.0,0.0,0.158941,-0.140249,0.073155,0.344632,0.626682,-0.091506,0.773879,-0.32722,0.870293,0.368036,-0.707944,-0.483754,0.514451,0.011412,0.00237,0.00049,0.002045,-0.015205,0.029245,-0.775682,0.019802,0.052693,-0.01109,-0.529855,0.031002,0.84752,0.373297,-0.888792,0.26589,0.761512,0.457261,0.459358,0.000678,-0.005212,0.003994,-0.036589,0.009198,-0.018661,-0.853971,0.048164,0.04438,-0.048706,-0.397443,-0.312833,-0.862655,0.556804,-0.829463,0.044265,-0.729388,-0.462737,0.503851,-0.000182,-0.000321,-0.000214,0.0,-4e-06,0.0,0.094526
502,0.020597,0.046118,0.385168,-0.358311,-0.359846,-0.861492,0.658639,-0.751385,0.039853,-0.661205,-0.552692,0.507313,-0.003344,-0.012643,0.007422,-0.032101,0.023923,-0.013011,0.089662,-0.1402,0.073044,0.344712,0.626624,-0.091446,0.773932,-0.327543,0.87012,0.368159,-0.707845,-0.484078,0.514283,-3.1e-05,0.000253,0.000149,0.0,0.0,0.0,-0.775733,0.01983,0.05264,-0.011048,-0.529809,0.030952,0.847551,0.373619,-0.888622,0.266003,0.761386,0.457593,0.459235,-2e-05,0.000157,9.2e-05,-8e-06,-9e-06,9e-06,-0.855114,0.048192,0.04429,-0.048687,-0.397568,-0.312932,-0.862561,0.556587,-0.829599,0.044434,-0.729485,-0.462425,0.503996,-0.000791,-0.001416,-0.000944,-0.000376,0.01376,-0.02532,-0.025982
503,0.020559,0.046019,0.385173,-0.358552,-0.357429,-0.862398,0.658581,-0.75155,0.037614,-0.661132,-0.554035,0.505942,-0.00143,-0.002556,-0.001707,0.0,-0.0,0.0,0.073651,-0.140168,0.073002,0.344749,0.626628,-0.091442,0.773929,-0.327656,0.870043,0.36824,-0.70779,-0.484216,0.514229,0.001482,-0.011458,0.007384,-0.036583,0.009187,-0.018669,-0.775394,0.019846,0.052624,-0.011032,-0.529823,0.030958,0.847542,0.373712,-0.888562,0.266075,0.761331,0.45771,0.459211,0.005747,0.00085,4.6e-05,0.002041,-0.015181,0.029227,-0.855441,0.04817,0.044234,-0.048682,-0.397499,-0.310509,-0.863468,0.556506,-0.82977,0.042202,-0.729585,-0.46375,0.502633,-0.000761,-0.001361,-0.000908,-0.000671,0.001041,-0.001253,-0.063049
504,0.020169,0.046005,0.385188,-0.354624,-0.355381,-0.864865,0.667856,-0.743599,0.031647,-0.653916,-0.565947,0.50212,-0.024979,0.007026,0.003858,0.094285,-0.118185,0.116253,0.055461,-0.140148,0.072985,0.344769,0.626644,-0.091452,0.773915,-0.327698,0.870004,0.368295,-0.707755,-0.484285,0.514212,-0.0,1e-06,1e-06,0.0,0.0,0.0,-0.774665,0.019856,0.052611,-0.011019,-0.529831,0.03096,0.847537,0.373789,-0.888513,0.266128,0.761288,0.457803,0.45919,0.0,-1.3e-05,-8e-06,5e-06,-8e-06,-1.5e-05,-0.855767,0.047984,0.044223,-0.048678,-0.393328,-0.309128,-0.86587,0.566768,-0.823072,0.03639,-0.723924,-0.476435,0.498942,-0.006743,0.00086,0.000367,0.352699,-0.528349,0.616299,-0.107791
505,0.019272,0.046196,0.385312,-0.354266,-0.354671,-0.865303,0.668424,-0.74312,0.030869,-0.653529,-0.56702,0.501413,-0.026023,0.005219,0.002636,-0.002349,0.043178,-0.084433,0.058353,-0.140139,0.072979,0.344765,0.626645,-0.091456,0.773914,-0.327696,0.870003,0.368298,-0.707756,-0.484285,0.514211,0.0,-1e-06,-1e-06,0.0,0.0,0.0,-0.774316,0.019861,0.052608,-0.011022,-0.529832,0.030964,0.847536,0.373787,-0.888513,0.266131,0.761288,0.457803,0.459189,-1e-06,1e-06,-0.0,-4e-06,-6e-06,-1e-06,-0.856257,0.047538,0.044322,-0.048613,-0.392882,-0.308282,-0.866374,0.567382,-0.822691,0.035443,-0.723686,-0.47764,0.498134,-0.012839,0.00292,0.001539,-0.000194,-0.064472,0.114643,-0.117262
506,0.018752,0.046269,0.385357,-0.354601,-0.349983,-0.867073,0.668555,-0.743171,0.026497,-0.653214,-0.569863,0.498594,-0.026837,0.003819,0.001687,0.002868,-0.055692,0.095087,0.063906,-0.140139,0.07298,0.344755,0.62664,-0.091456,0.773918,-0.32768,0.870016,0.368282,-0.707768,-0.484262,0.514216,7e-06,-5.8e-05,-3.4e-05,0.0,0.0,0.0,-0.773427,0.019861,0.052608,-0.011027,-0.529826,0.030964,0.84754,0.373769,-0.888525,0.266117,0.761301,0.45778,0.459191,4e-06,-3.5e-05,-2.2e-05,-3e-06,-4e-06,-4e-06,-0.856257,0.047288,0.044359,-0.048591,-0.392589,-0.303636,-0.868146,0.567556,-0.822746,0.031099,-0.723707,-0.480513,0.495332,-0.013602,0.001585,0.00064,0.025557,0.00011,-0.033174,-0.115302
507,0.018009,0.046174,0.385261,-0.355257,-0.344108,-0.869153,0.668333,-0.743543,0.021143,-0.653083,-0.572952,0.495211,-0.01716,-0.004616,-0.003561,-0.001362,0.028462,-0.05488,0.067836,-0.140164,0.072968,0.344761,0.626585,-0.091406,0.773969,-0.327752,0.870008,0.368237,-0.707783,-0.484286,0.514172,0.0,-0.0,-0.0,0.0,0.0,0.0,-0.772129,0.019848,0.052602,-0.011024,-0.529765,0.030911,0.84758,0.373836,-0.888513,0.266064,0.761311,0.457808,0.459148,-0.005765,-0.000719,3.1e-05,-0.002043,0.015186,-0.029244,-0.856257,0.046904,0.044317,-0.048635,-0.392488,-0.297693,-0.870247,0.567284,-0.823119,0.025722,-0.723975,-0.483582,0.491942,-0.008711,-0.002541,-0.001924,-0.000229,-0.064271,0.117438,-0.10877
508,0.017501,0.045967,0.385121,-0.355348,-0.342003,-0.869946,0.668468,-0.743474,0.019173,-0.652896,-0.5743,0.493896,-0.004344,-0.007603,-0.005138,-0.000377,0.013747,-0.025327,0.049085,-0.140213,0.072939,0.344748,0.62645,-0.091298,0.774091,-0.327878,0.870018,0.368102,-0.707845,-0.484289,0.514085,3.6e-05,-0.000291,-0.000171,0.0,0.0,0.0,-0.771652,0.019824,0.052587,-0.011031,-0.529616,0.030796,0.847678,0.373944,-0.888512,0.265914,0.761362,0.457817,0.459054,2.2e-05,-0.000168,-9.7e-05,-6e-06,-5e-06,6e-06,-0.856584,0.04664,0.044206,-0.04871,-0.392299,-0.295663,-0.871024,0.567449,-0.823063,0.023811,-0.723949,-0.484921,0.490661,-0.002148,-0.00376,-0.002532,-0.000698,0.014137,-0.025755,-0.115629
509,0.017096,0.045772,0.385123,-0.354993,-0.343541,-0.869486,0.668753,-0.743182,0.020538,-0.652798,-0.57376,0.494652,-0.014553,4.1e-05,-0.00045,-0.000984,0.014715,-0.029553,-0.054955,-0.140212,0.072932,0.344743,0.626435,-0.091288,0.774104,-0.32789,0.870019,0.368089,-0.707852,-0.484289,0.514074,0.0,-1e-06,-0.0,0.0,0.0,0.0,-0.761677,0.019824,0.052583,-0.011033,-0.529599,0.030786,0.847688,0.373955,-0.888512,0.2659,0.761368,0.457818,0.459043,-3e-06,1.5e-05,9e-06,-6e-06,7e-06,1e-06,-0.856584,0.046436,0.044106,-0.048711,-0.392147,-0.297236,-0.870557,0.56776,-0.822808,0.025182,-0.723787,-0.484393,0.49142,-0.007252,6.3e-05,-0.00019,-0.001051,0.014737,-0.029556,-0.185191
510,0.01699,0.045619,0.385125,-0.354962,-0.343953,-0.869335,0.668726,-0.743195,0.020934,-0.652843,-0.573496,0.4949,-0.004713,-0.014888,0.005877,-0.031987,0.024127,-0.012914,-0.107696,-0.140213,0.072939,0.344748,0.626348,-0.091234,0.77418,-0.327962,0.870023,0.368014,-0.707895,-0.484291,0.514013,-3.1e-05,0.000252,0.000148,0.0,0.0,0.0,-0.746255,0.019824,0.052587,-0.011031,-0.529504,0.030729,0.84775,0.374017,-0.88851,0.265817,0.761403,0.457825,0.458977,-2e-05,0.00017,0.000101,-7e-06,8e-06,2e-06,-0.853644,0.046385,0.044036,-0.048711,-0.392162,-0.297631,-0.870416,0.567742,-0.822809,0.025558,-0.723793,-0.484149,0.491653,-0.00151,-0.002634,-0.001783,-0.000431,0.013737,-0.025317,-0.226013
511,0.017059,0.045194,0.385144,-0.357157,-0.342243,-0.869111,0.663994,-0.747413,0.021393,-0.65646,-0.569026,0.495275,0.008315,-0.017633,0.004497,-0.031018,0.009384,0.016625,-0.245387,-0.140225,0.072962,0.344751,0.627533,-0.088922,0.77349,-0.327892,0.870783,0.366275,-0.706878,-0.483359,0.516285,-1.6e-05,0.000134,7.9e-05,0.022053,-0.036991,-0.02867,-0.730332,0.019818,0.052599,-0.011028,-0.53086,0.028205,0.846989,0.3737,-0.889236,0.263832,0.760615,0.456578,0.46152,-9e-06,7.2e-05,4.2e-05,0.010646,-0.022444,-0.018073,-0.846949,0.046414,0.043823,-0.048702,-0.394124,-0.295666,-0.870199,0.562499,-0.826388,0.026017,-0.726815,-0.479232,0.492011,0.005108,-0.003819,-0.00235,0.001093,-0.014692,0.029447,-0.317456
512,0.017566,0.044661,0.385272,-0.359782,-0.339617,-0.869058,0.658688,-0.7521,0.02116,-0.660355,-0.564411,0.495377,0.010767,-0.013374,0.007392,-0.030647,-0.004375,0.041948,-0.431599,-0.140206,0.072957,0.344747,0.627649,-0.089004,0.773386,-0.327791,0.870776,0.366382,-0.706822,-0.483356,0.516365,3e-06,-2.2e-05,-1.3e-05,5e-06,-8e-06,-6e-06,-0.709214,0.019827,0.052596,-0.011031,-0.530884,0.028525,0.846963,0.373662,-0.889154,0.26416,0.760616,0.456717,0.461379,2e-06,-9e-06,-6e-06,-0.000665,0.001022,0.000781,-0.845806,0.046669,0.043547,-0.048638,-0.396408,-0.292709,-0.870161,0.556601,-0.830379,0.025763,-0.730105,-0.474121,0.492092,0.005457,-0.006556,0.003779,-0.030418,-0.004312,0.041742,-0.444333
513,0.017812,0.044401,0.385382,-0.36007,-0.33953,-0.868973,0.658244,-0.752488,0.021203,-0.66064,-0.563947,0.495526,0.010743,-0.013426,0.007358,-0.031071,0.009288,0.016578,-0.508914,-0.140206,0.072957,0.344747,0.627649,-0.089004,0.773386,-0.327791,0.870776,0.366382,-0.706822,-0.483356,0.516365,0.0,-0.0,-0.0,0.0,-0.0,-0.0,-0.706436,0.019827,0.052596,-0.011031,-0.53088,0.028534,0.846965,0.373662,-0.889151,0.264168,0.760619,0.456721,0.461371,-1e-06,2e-06,1e-06,-5.6e-05,0.000152,0.000139,-0.846133,0.046793,0.04342,-0.048581,-0.396683,-0.292587,-0.870077,0.556115,-0.830704,0.025804,-0.730327,-0.473627,0.492238,0.005452,-0.006569,0.003771,-0.030859,0.009282,0.016452,-0.510465
