frame,MLTx,MLTy,MLTz,MLTR1,MLTR2,MLTR3,MLTR4,MLTR5,MLTR6,MLTR7,MLTR8,MLTR9,MLTTVx,MLTTVy,MLTTVz,MLTRVx,MLTRVy,MLTRVz,MLGA,MRTx,MRTy,MRTz,MRTR1,MRTR2,MRTR3,MRTR4,MRTR5,MRTR6,MRTR7,MRTR8,MRTR9,MRTTVx,MRTTVy,MRTTVz,MRTRVx,MRTRVy,MRTRVz,MRGA,SLTx,SLTy,SLTz,SLTR1,SLTR2,SLTR3,SLTR4,SLTR5,SLTR6,SLTR7,SLTR8,SLTR9,SLTTVx,SLTTVy,SLTTVz,SLTRVx,SLTRVy,SLTRVz,SLGA,SRTx,SRTy,SRTz,SRTR1,SRTR2,SRTR3,SRTR4,SRTR5,SRTR6,SRTR7,SRTR8,SRTR9,SRTTVx,SRTTVy,SRTTVz,SRTRVx,SRTRVy,SRTRVz,SRGA
1388,0.252546,0.117032,0.320212,-0.869361,0.404066,0.284584,-0.011421,-0.591996,0.805843,0.49517,0.696813,0.518927,-0.069976,-0.093952,0.000484,-0.125008,-0.057472,-0.085969,-1.906446,-0.171563,-0.004271,0.340776,0.907643,-0.059164,0.415542,-0.249876,0.719043,0.648439,-0.338291,-0.692301,0.637293,5e-06,0.00112,0.000948,-0.012389,0.098293,-0.17244,0.219543,0.033887,0.018927,-0.006364,-0.853572,0.245254,0.459635,0.129298,-0.75493,0.642932,0.504674,0.608219,0.612676,0.006928,0.001132,0.000384,0.002073,-0.015179,0.029281,0.113689,0.141793,0.083298,-0.079711,-0.880683,0.28472,0.378588,0.127145,-0.627804,0.767915,0.456321,0.724427,0.516697,-0.036061,-0.040645,-0.002532,-0.112744,0.074848,-0.207707,-0.850273
1389,0.251119,0.115276,0.320192,-0.882725,0.378848,0.278058,0.001082,-0.58995,0.807421,0.47103,0.712559,0.520016,-0.070811,-0.093388,0.000834,-1.609381,-4.63359,-2.736392,-1.906551,-0.171491,-0.004242,0.340795,0.907627,-0.059159,0.415578,-0.249904,0.719043,0.648428,-0.338313,-0.692301,0.637281,6e-06,0.001485,0.001257,0.0,-0.0,-0.0,0.218986,0.033924,0.018942,-0.006355,-0.853501,0.245194,0.459798,0.129439,-0.754962,0.642866,0.504757,0.608203,0.612623,3e-06,0.00085,0.000716,0.001819,-0.014217,0.025011,0.113689,0.141081,0.082418,-0.079723,-0.890006,0.263682,0.371967,0.136153,-0.624891,0.768747,0.435144,0.734835,0.520256,-0.041833,-0.041358,-0.002667,-0.079136,-0.397726,0.533723,-0.853865
1390,0.247782,0.112364,0.320047,-0.891792,0.362199,0.271228,0.005133,-0.591165,0.806517,0.453571,0.720186,0.525007,-0.099265,-0.065657,-0.00776,0.087748,-1.196892,2.011168,-1.907357,-0.171383,-0.004209,0.34068,0.907495,-0.059076,0.415878,-0.250083,0.719228,0.648154,-0.338535,-0.692116,0.637363,-0.000868,0.008116,-0.010824,0.03645,-0.010154,0.018427,0.214561,0.033978,0.018965,-0.006406,-0.853373,0.245087,0.460092,0.129561,-0.75518,0.642585,0.504942,0.607976,0.612697,-0.000435,0.003883,-0.005563,0.03647,-0.010132,0.018437,0.112056,0.139425,0.080944,-0.079798,-0.898581,0.240392,0.367099,0.145792,-0.625506,0.766476,0.413877,0.742261,0.527021,-0.044241,-0.031768,-0.003482,0.172308,0.310224,-0.276661,-0.855172
1391,0.24384,0.10937,0.319737,-0.92648,0.280715,0.250755,0.045197,-0.578274,0.814572,0.374823,0.765668,0.522768,-0.095027,-0.098764,-0.00146,-1.651116,-4.70404,-3.056542,-1.907838,-0.171312,-0.00424,0.340408,0.907397,-0.059018,0.4161,-0.250119,0.719558,0.647774,-0.338772,-0.691779,0.637604,-2e-05,-0.005549,-0.004708,0.0,-0.0,-0.0,0.213109,0.034013,0.018952,-0.006541,-0.853278,0.24501,0.46031,0.129509,-0.75551,0.642207,0.505116,0.607596,0.61293,-0.000439,0.002008,-0.007153,0.034669,0.004118,-0.006544,0.10879,0.137449,0.079477,-0.079945,-0.925237,0.163656,0.342273,0.178376,-0.608583,0.77318,0.334838,0.776428,0.533892,-0.053783,-0.044611,-0.004196,-0.362749,-0.759206,0.050168,-0.86203
1392,0.239854,0.105402,0.319675,-0.965968,0.148044,0.212212,0.100846,-0.539682,0.83579,0.239464,0.828562,0.50613,-0.107965,-0.100519,-0.00206,-1.264531,-2.136345,1.587431,-1.910862,-0.171419,-0.004362,0.340046,0.906913,-0.058659,0.417205,-0.250961,0.719932,0.647032,-0.339447,-0.69142,0.637635,-0.013895,-0.008626,-0.006189,-0.003841,0.02948,-0.054214,0.213547,0.033965,0.018892,-0.006721,-0.852838,0.244578,0.461354,0.13018,-0.756042,0.641445,0.505687,0.607108,0.612943,-1.2e-05,-0.004091,-0.003477,-0.001812,0.014285,-0.024945,0.108137,0.135464,0.077486,-0.07998,-0.953011,0.025791,0.301834,0.234798,-0.566679,0.789775,0.191412,0.823534,0.533996,-0.053023,-0.05673,0.00181,-1.088147,-1.777791,-0.947609,-0.867908
1393,0.237571,0.103357,0.319675,-0.975744,0.088598,0.200296,0.125347,-0.523761,0.842576,0.180774,0.847135,0.49971,-0.131277,-0.10337,-0.002722,-0.509905,-0.524289,-0.248407,-1.910444,-0.171551,-0.004431,0.339852,0.906733,-0.058518,0.417616,-0.251247,0.720137,0.646693,-0.339716,-0.691219,0.637709,-3.9e-05,-0.00857,-0.0073,-0.001796,0.014281,-0.024964,0.211758,0.033894,0.018857,-0.006818,-0.852662,0.244393,0.461777,0.130419,-0.756305,0.641086,0.505922,0.606855,0.612999,-0.007376,0.000823,-0.007597,0.032606,0.019311,-0.035794,0.107647,0.134282,0.076424,-0.079981,-0.95789,-0.036185,0.284844,0.25781,-0.545125,0.797729,0.12641,0.837572,0.531499,-0.065656,-0.051818,-0.001405,-0.447833,-0.568485,-0.22045,-0.873297
1394,0.232265,0.098751,0.319695,-0.986163,-0.015792,0.16516,0.151031,-0.496771,0.854623,0.069779,0.867761,0.492085,-0.141296,-0.134669,0.005464,-0.633418,-2.925396,1.736864,-1.912231,-0.171769,-0.004565,0.339568,0.906503,-0.058332,0.418141,-0.251616,0.720397,0.64626,-0.340058,-0.690964,0.637803,-0.000874,0.006859,-0.01191,0.03645,-0.010213,0.018395,0.205153,0.03379,0.018777,-0.006965,-0.852451,0.244168,0.462285,0.130711,-0.756619,0.640657,0.506202,0.606555,0.613065,-7e-06,-0.001912,-0.001629,-1.4e-05,1.1e-05,9e-06,0.102912,0.131681,0.07418,-0.079969,-0.958887,-0.138476,0.247705,0.283331,-0.51647,0.808073,0.016033,0.845033,0.534472,-0.071126,-0.061557,-0.000369,-1.258626,-5.842649,-0.945628,-0.882115
1395,0.226743,0.093188,0.320123,-0.983721,-0.136008,0.117643,0.168611,-0.470975,0.865867,-0.061133,0.871777,0.486102,-0.15431,-0.155509,0.020763,-0.404563,-1.688248,1.960546,-1.91155,-0.171866,-0.004555,0.339519,0.906415,-0.05826,0.418341,-0.251761,0.72049,0.6461,-0.340184,-0.690873,0.637834,3e-06,0.000493,0.000421,0.0,0.0,0.0,0.205162,0.033736,0.018781,-0.006997,-0.852359,0.244068,0.462507,0.130835,-0.756761,0.640464,0.506324,0.606418,0.6131,4e-06,0.000566,0.000486,-4e-06,2e-06,7e-06,0.09834,0.128927,0.071392,-0.07977,-0.947133,-0.256531,0.192689,0.299155,-0.489077,0.819334,-0.115944,0.833663,0.539964,-0.071338,-0.077666,0.010197,-0.532006,-2.806784,0.793248,-0.885544
1396,0.2238,0.090294,0.320597,-0.973601,-0.208266,0.09366,0.181895,-0.459664,0.86925,-0.136771,0.863597,0.485304,-0.157479,-0.146944,0.026525,-0.352445,-1.433898,-0.839639,-1.912405,-0.171866,-0.004513,0.339541,0.906405,-0.058253,0.418363,-0.251772,0.720508,0.646075,-0.340202,-0.690855,0.637845,8e-06,0.001444,0.001232,0.0,0.0,0.0,0.20808,0.033736,0.018803,-0.006985,-0.85235,0.244059,0.462529,0.130841,-0.756781,0.640438,0.506338,0.606396,0.61311,8e-06,0.001207,0.001032,-4e-06,8e-06,-3e-06,0.09883,0.127399,0.069876,-0.079532,-0.93159,-0.325916,0.160988,0.309071,-0.477042,0.822742,-0.191347,0.816215,0.54514,-0.078794,-0.073097,0.013565,-0.377759,-1.462837,-0.796507,-0.886197
1397,0.21763,0.084414,0.32215,-0.940417,-0.336377,0.050115,0.206171,-0.446865,0.870504,-0.269252,0.829388,0.489536,-0.16074,-0.156922,0.049248,0.146574,-5.808554,-0.649585,-1.912786,-0.171823,-0.004454,0.339614,0.906465,-0.0583,0.418227,-0.251663,0.720471,0.64616,-0.340124,-0.69089,0.637848,9e-06,0.001647,0.001405,0.0,0.0,0.0,0.211785,0.033758,0.018835,-0.006945,-0.852405,0.244117,0.462396,0.130746,-0.756722,0.640528,0.50627,0.606447,0.613117,0.006941,0.001411,0.000628,0.003833,-0.029488,0.054201,0.103075,0.12443,0.067049,-0.078795,-0.889673,-0.443065,0.110331,0.331279,-0.460077,0.82376,-0.314219,0.769428,0.556098,-0.080331,-0.078575,0.024569,0.715367,-2.324579,1.287537,-0.885054
1398,0.211336,0.078028,0.324177,-0.919548,-0.392909,0.009947,0.208456,-0.466231,0.859736,-0.332017,0.793131,0.510622,-0.163812,-0.170344,0.055678,0.594501,-5.007284,-1.984716,-1.913414,-0.171718,-0.004438,0.339632,0.90652,-0.058351,0.4181,-0.251548,0.720451,0.646226,-0.340061,-0.690906,0.637864,0.01387,0.000541,-0.000686,0.002045,-0.015205,0.029245,0.213804,0.033805,0.018847,-0.006933,-0.852447,0.244169,0.462292,0.130661,-0.756683,0.64059,0.506222,0.606474,0.613129,-0.0,-4e-05,-3.7e-05,-1e-05,5e-06,5e-06,0.106504,0.121226,0.06382,-0.077754,-0.866673,-0.494773,0.063845,0.333747,-0.479914,0.811353,-0.370796,0.724486,0.581058,-0.087707,-0.086081,0.027558,0.706523,-1.042617,2.375481,-0.8893
1399,0.20792,0.074475,0.325402,-0.908659,-0.417432,-0.011621,0.207238,-0.475049,0.855191,-0.361374,0.775188,0.518188,-0.165587,-0.178838,0.065202,0.246079,-0.894598,0.631478,-1.913629,-0.171667,-0.004448,0.339606,0.906548,-0.058377,0.418036,-0.251477,0.720468,0.646234,-0.340039,-0.690885,0.637898,-4e-06,-0.000751,-0.000641,0.0,0.0,0.0,0.214993,0.033836,0.018843,-0.006945,-0.852481,0.24421,0.462208,0.130569,-0.756681,0.640612,0.506189,0.60646,0.61317,0.006934,-0.000242,-0.000782,0.002049,-0.015207,0.029248,0.107484,0.119581,0.062106,-0.077169,-0.853276,-0.519762,0.042026,0.336779,-0.487757,0.805401,-0.398119,0.701384,0.591237,-0.082664,-0.089955,0.032499,0.577941,-4.690934,-2.674948,-0.882931
1400,0.201493,0.067849,0.327957,-0.873194,-0.48528,-0.045606,0.226929,-0.487661,0.843007,-0.430249,0.726363,0.536012,-0.169636,-0.185438,0.07668,0.632879,-1.455228,-0.515084,-1.913528,-0.171658,-0.004513,0.339537,0.906472,-0.058323,0.418209,-0.251626,0.720488,0.646154,-0.340133,-0.69087,0.637865,-1.2e-05,-0.002366,-0.00202,0.0,0.0,0.0,0.218151,0.03384,0.018812,-0.006979,-0.852409,0.244141,0.462378,0.130707,-0.756731,0.640525,0.506275,0.606425,0.613134,-6e-06,-0.001423,-0.001216,-0.001799,0.014297,-0.024952,0.110587,0.116306,0.058734,-0.075874,-0.813712,-0.581265,-0.001367,0.354009,-0.49744,0.791978,-0.461029,0.643959,0.610547,-0.085184,-0.086924,0.035021,0.935359,-4.861475,-2.457789,-0.868562
1401,0.194454,0.060707,0.330827,-0.831813,-0.549994,-0.075095,0.2517,-0.494368,0.831997,-0.493683,0.673849,0.549757,-0.18719,-0.176958,0.068942,0.830577,-4.864937,-2.373102,-1.913406,-0.171775,-0.004673,0.339369,0.906161,-0.058085,0.418915,-0.252256,0.720549,0.645841,-0.340495,-0.690827,0.637719,-2.9e-05,-0.005506,-0.004708,-0.001795,0.014296,-0.024956,0.22327,0.033782,0.018735,-0.00706,-0.852125,0.243853,0.463051,0.131277,-0.756917,0.640189,0.506603,0.60631,0.612976,-1.1e-05,-0.002601,-0.002222,-3.1e-05,1.5e-05,9e-06,0.115812,0.112793,0.055171,-0.074428,-0.771043,-0.635702,-0.037066,0.376748,-0.502337,0.778278,-0.513373,0.586122,0.626823,-0.093271,-0.094613,0.037932,0.63887,-0.216082,0.661748,-0.86105
1402,0.187145,0.05356,0.333447,-0.81615,-0.569537,-0.097842,0.260741,-0.51411,0.817116,-0.514664,0.642085,0.568222,-0.19241,-0.183168,0.065358,0.744604,-0.384858,0.294749,-1.91418,-0.171814,-0.004784,0.339117,0.906454,-0.055857,0.418583,-0.2527,0.722155,0.64387,-0.339379,-0.689335,0.639924,-2.8e-05,-0.005067,-0.004341,0.122353,-0.12192,-0.078845,0.228303,0.033762,0.018674,-0.007191,-0.852787,0.242011,0.462799,0.131136,-0.758536,0.638299,0.505525,0.605023,0.615134,-1.1e-05,-0.002609,-0.002234,0.147038,-0.137128,-0.086881,0.121527,0.10914,0.051608,-0.073112,-0.751701,-0.656503,-0.06284,0.388587,-0.517883,0.7621,-0.532864,0.548452,0.644402,-0.096162,-0.092172,0.032362,1.012756,-1.287235,-0.318536,-0.859091
1403,0.183407,0.049999,0.334607,-0.808872,-0.578512,-0.10533,0.268041,-0.522259,0.809549,-0.522337,0.627308,0.577645,-0.195575,-0.176508,0.054705,0.665388,-0.281667,0.109872,-1.913625,-0.171821,-0.00481,0.338975,0.906095,-0.061216,0.418612,-0.248364,0.723802,0.643708,-0.343529,-0.687142,0.640068,0.013015,0.0071,-0.012867,0.045905,-0.018573,0.055073,0.229501,0.033754,0.018656,-0.007259,-0.85145,0.246784,0.462741,0.126738,-0.75938,0.638183,0.50889,0.602028,0.615297,-9e-06,-0.002524,-0.002166,0.004726,0.049068,0.005858,0.12414,0.107273,0.04983,-0.072525,-0.744363,-0.663931,-0.071537,0.396107,-0.525243,0.753138,-0.537607,0.532272,0.65396,-0.097575,-0.094635,0.030756,0.821046,-1.292511,-0.376398,-0.860071
1404,0.175655,0.042885,0.336717,-0.778,-0.613507,-0.135534,0.285629,-0.537564,0.793356,-0.55862,0.579281,0.593637,-0.201397,-0.178263,0.053384,1.422731,-4.369164,-2.661834,-1.913416,-0.171843,-0.004776,0.338764,0.906053,-0.061188,0.418707,-0.248286,0.724129,0.64337,-0.343696,-0.6868,0.640345,-1e-05,-0.001742,-0.001496,0.0,-0.0,-0.0,0.227979,0.033748,0.018673,-0.007372,-0.851388,0.246842,0.462825,0.126564,-0.759608,0.637947,0.509037,0.601718,0.61548,-0.0,-0.000772,-0.000662,-0.0002,0.000244,0.000163,0.125283,0.103323,0.046197,-0.071456,-0.713504,-0.692519,-0.106431,0.412663,-0.538118,0.73494,-0.566233,0.480463,0.669728,-0.100806,-0.089815,0.026417,1.293848,-4.374312,-2.670927,-0.861214
1405,0.167713,0.036385,0.338577,-0.754372,-0.634174,-0.16968,0.290981,-0.554765,0.779448,-0.5875,0.539407,0.603251,-0.207102,-0.152734,0.039385,0.449429,-0.389178,0.123003,-1.913932,-0.171843,-0.004657,0.338639,0.906083,-0.061215,0.418638,-0.248066,0.724436,0.64311,-0.343776,-0.686474,0.640652,0.013892,0.000517,-0.000707,0.002045,-0.015205,0.029245,0.233043,0.033742,0.018733,-0.007433,-0.851404,0.24687,0.462779,0.12629,-0.759866,0.637693,0.509077,0.60138,0.615777,3e-06,8.8e-05,7.7e-05,5.6e-05,4.6e-05,9.7e-05,0.126263,0.09943,0.043,-0.070544,-0.690259,-0.709213,-0.143385,0.419686,-0.553854,0.719102,-0.589412,0.43619,0.67995,-0.109867,-0.082071,0.02385,0.84814,-1.442178,-0.283788,-0.86154
1406,0.16354,0.033313,0.339401,-0.756945,-0.627509,-0.182514,0.286117,-0.569371,0.770665,-0.586576,0.53191,0.610759,-0.22268,-0.151796,0.039945,0.691233,0.082483,0.585346,-1.913548,-0.171838,-0.004591,0.338588,0.906084,-0.061219,0.418636,-0.247991,0.72458,0.642976,-0.34383,-0.686321,0.640787,-0.000852,0.010934,-0.008424,0.024058,0.088699,-0.153691,0.237904,0.033751,0.018764,-0.007455,-0.851461,0.246932,0.462642,0.126069,-0.759948,0.637639,0.509038,0.60125,0.615936,4e-06,5.5e-05,4.8e-05,4.3e-05,6.6e-05,5.3e-05,0.131324,0.097349,0.041464,-0.070133,-0.693858,-0.703098,-0.155606,0.415435,-0.567335,0.711016,-0.588195,0.4287,0.685741,-0.104894,-0.076495,0.019506,0.17581,-0.119115,0.514481,-0.859254
1407,0.155474,0.027805,0.340736,-0.757897,-0.619081,-0.205856,0.278948,-0.592795,0.755483,-0.588792,0.515923,0.622233,-0.201392,-0.12519,0.025383,0.322815,-0.220363,0.757214,-1.913252,-0.171823,-0.004475,0.338552,0.906147,-0.06127,0.418491,-0.247764,0.72476,0.642862,-0.343826,-0.686128,0.640996,6e-06,0.001018,0.000874,0.0,-0.0,-0.0,0.249424,0.033758,0.018826,-0.007476,-0.85147,0.24695,0.462614,0.125892,-0.760117,0.637473,0.509066,0.60103,0.616128,6e-06,0.000674,0.000577,1.6e-05,4.5e-05,4.7e-05,0.141612,0.093308,0.038695,-0.069464,-0.698566,-0.693117,-0.177742,0.410626,-0.591745,0.693702,-0.585995,0.411611,0.697986,-0.100734,-0.068448,0.016641,0.40331,-0.048231,0.594348,-0.858438
1408,0.147898,0.023064,0.341749,-0.739025,-0.634768,-0.225736,0.289113,-0.601511,0.744695,-0.607572,0.485873,0.62834,-0.192078,-0.120633,0.027357,0.051069,-0.108795,0.399968,-1.913302,-0.171857,-0.004443,0.338528,0.905347,-0.068781,0.419056,-0.24311,0.724898,0.64448,-0.349231,-0.685258,0.639001,-5e-06,-0.000819,-0.000703,-0.012573,0.012516,0.008125,0.2598,0.033741,0.018846,-0.007484,-0.849046,0.254279,0.463101,0.121478,-0.75911,0.639526,0.514163,0.599244,0.61363,-1e-06,-0.000665,-0.000573,0.011397,0.002955,0.004529,0.157614,0.089516,0.03632,-0.06896,-0.680084,-0.705267,-0.200207,0.420494,-0.598941,0.681508,-0.600558,0.379297,0.703891,-0.095869,-0.054624,0.009843,0.126928,-0.210997,0.59448,-0.858111
1409,0.140793,0.018816,0.342646,-0.728269,-0.636719,-0.253493,0.283428,-0.616655,0.734423,-0.623033,0.4638,0.629878,-0.16805,-0.103375,0.022415,0.507285,-0.129683,0.80274,-1.913815,-0.171899,-0.004443,0.338518,0.905365,-0.068789,0.419016,-0.243067,0.724916,0.644476,-0.349215,-0.685239,0.63903,-1e-06,-0.00019,-0.000163,-3e-06,3e-06,2e-06,0.272579,0.03372,0.018844,-0.007491,-0.849119,0.254184,0.463019,0.121323,-0.759302,0.639327,0.514079,0.59904,0.6139,0.0,-0.000119,-0.000103,0.000717,-0.000652,-0.000406,0.172474,0.085953,0.034183,-0.068514,-0.670746,-0.705462,-0.228956,0.414617,-0.612605,0.672909,-0.614972,0.356422,0.703399,-0.084017,-0.051863,0.011198,0.034141,-0.770689,1.154305,-0.858927
1410,0.137635,0.016982,0.343045,-0.729583,-0.630795,-0.264295,0.277533,-0.626306,0.728483,-0.624146,0.458921,0.632346,-0.155502,-0.099456,0.024843,0.245449,0.018482,0.414888,-1.913282,-0.171879,-0.004496,0.338471,0.904837,-0.074073,0.419255,-0.238989,0.726348,0.644389,-0.353387,-0.683162,0.638961,-1.9e-05,-0.003269,-0.002808,-0.012391,0.099021,-0.172022,0.279459,0.03373,0.018822,-0.00751,-0.847502,0.25925,0.463172,0.117031,-0.759866,0.639457,0.517729,0.596147,0.613648,-1e-05,-0.001818,-0.001565,-0.011792,0.098614,-0.172714,0.180475,0.084369,0.033262,-0.068317,-0.674259,-0.698652,-0.239289,0.410077,-0.623685,0.665471,-0.614174,0.350573,0.707027,-0.0775,-0.043925,0.00863,0.450932,-0.034185,0.626925,-0.858438
1411,0.131924,0.013645,0.343716,-0.732534,-0.620026,-0.281082,0.274678,-0.647039,0.711242,-0.621948,0.44457,0.644644,-0.129444,-0.074057,0.009914,0.456811,0.042782,0.554141,-1.912956,-0.171807,-0.00478,0.338221,0.900598,-0.100122,0.422955,-0.220175,0.733692,0.64277,-0.375799,-0.671866,0.63815,-0.000901,0.00232,-0.015842,0.07407,0.164657,-0.192378,0.286837,0.033766,0.018681,-0.007627,-0.837875,0.283947,0.466194,0.096914,-0.763104,0.638967,0.537188,0.580556,0.611867,-2e-05,-0.004494,-0.003881,0.143934,0.604852,-0.713627,0.194518,0.081504,0.031587,-0.067973,-0.679743,-0.687684,-0.255027,0.408073,-0.643516,0.647581,-0.609446,0.33612,0.718052,-0.071535,-0.041438,0.010095,0.654464,0.047016,0.744591,-0.86056
1412,0.127096,0.010739,0.344465,-0.735955,-0.609161,-0.29553,0.26556,-0.661273,0.701546,-0.621865,0.438581,0.648812,-0.116431,-0.076524,0.024377,-0.047228,-0.191954,0.467966,-1.914186,-0.171873,-0.005145,0.337884,0.892584,-0.122002,0.434051,-0.209728,0.739635,0.639444,-0.400167,-0.661627,0.634018,-6.1e-05,-0.010307,-0.00891,0.434733,1.689472,-1.928927,0.287312,0.033733,0.018496,-0.007805,-0.825176,0.303954,0.476126,0.084973,-0.766502,0.636594,0.558447,0.56576,0.606672,-2.9e-05,-0.005303,-0.004593,0.450734,1.678312,-1.928132,0.202356,0.079084,0.030128,-0.067609,-0.686364,-0.675993,-0.26821,0.400252,-0.659038,0.636762,-0.607207,0.329699,0.722908,-0.064568,-0.03141,0.00917,-0.073328,-0.12279,0.306147,-0.856315
1413,0.124828,0.00941,0.344956,-0.736393,-0.605707,-0.301477,0.260395,-0.665036,0.699924,-0.623527,0.437667,0.647835,-0.115911,-0.070027,0.029355,-0.148529,-0.152161,0.295832,-1.913136,-0.171913,-0.005446,0.337681,0.889566,-0.126628,0.438895,-0.208614,0.74193,0.637145,-0.40742,-0.658174,0.632992,-0.014021,-0.015357,-0.012151,0.432739,1.716978,-1.984473,0.283643,0.033718,0.018358,-0.007897,-0.821908,0.308214,0.479031,0.082225,-0.767962,0.635195,0.563654,0.56146,0.605851,-3.9e-05,-0.007383,-0.006405,-0.002311,0.022056,-0.046275,0.201213,0.077949,0.029458,-0.067368,-0.687712,-0.672269,-0.274053,0.39515,-0.6633,0.635522,-0.609022,0.328764,0.721807,-0.05761,-0.029114,0.010899,-0.172314,-0.087253,0.134357,-0.853866
1414,0.120563,0.007312,0.346261,-0.738573,-0.598397,-0.310606,0.252724,-0.672879,0.695224,-0.624102,0.435717,0.648594,-0.098839,-0.040812,0.035455,0.010646,-0.040204,0.258829,-1.91352,-0.172064,-0.006167,0.337053,0.881096,-0.152342,0.447718,-0.18899,0.754199,0.628809,-0.434561,-0.638456,0.635132,-0.000145,-0.020949,-0.018281,0.588511,1.628485,-2.022906,0.271967,0.033637,0.018008,-0.0082,-0.807736,0.331993,0.487178,0.060069,-0.775717,0.628214,0.586475,0.536696,0.606632,-0.000487,-0.004961,-0.013315,0.484083,0.045326,0.314415,0.191905,0.075845,0.028399,-0.066742,-0.691193,-0.665158,-0.282515,0.388034,-0.671397,0.631391,-0.609655,0.326788,0.72217,-0.049253,-0.019562,0.018482,0.080239,-0.006536,0.275657,-0.863173
1415,0.117368,0.006229,0.347841,-0.741985,-0.590265,-0.317948,0.247532,-0.681954,0.688214,-0.622132,0.432674,0.652513,-0.067779,-0.015906,0.038404,0.078794,0.007826,0.224223,-1.913563,-0.171977,-0.007021,0.336052,0.869237,-0.179937,0.460479,-0.166793,0.769888,0.615944,-0.466431,-0.611973,0.638588,-0.00022,-0.031148,-0.027445,0.537134,1.809028,-2.170136,0.271725,0.03368,0.017584,-0.008698,-0.790086,0.356178,0.498899,0.034337,-0.786877,0.616152,0.612032,0.503944,0.609471,-0.000522,-0.010198,-0.01802,0.151667,-0.02883,0.152805,0.184067,0.074173,0.027828,-0.065924,-0.69625,-0.656908,-0.289322,0.383137,-0.680956,0.624101,-0.606993,0.323681,0.725802,-0.033724,-0.007062,0.019981,0.051774,-0.002471,0.221095,-0.861377
1416,0.115172,0.006185,0.349586,-0.74228,-0.585399,-0.326149,0.240222,-0.686849,0.685932,-0.624637,0.431531,0.650874,-0.049044,0.013375,0.044662,-0.059654,-0.045086,0.098762,-1.913635,-0.171882,-0.008016,0.334657,0.861561,-0.184855,0.472793,-0.161258,0.783271,0.600347,-0.482374,-0.593238,0.644396,-0.001094,-0.022544,-0.038289,0.820662,1.465017,-2.13289,0.253785,0.033728,0.017073,-0.009401,-0.78021,0.36051,0.511178,0.025763,-0.797996,0.60211,0.624986,0.482942,0.613318,-0.00053,-0.011427,-0.019281,0.549946,-0.505286,-0.140657,0.177536,0.073093,0.027796,-0.065072,-0.697869,-0.651688,-0.29712,0.376199,-0.686536,0.622206,-0.609469,0.322443,0.724277,-0.024326,0.007704,0.023195,-0.084141,-0.170276,0.292012,-0.861867
1417,0.114431,0.006564,0.350462,-0.741806,-0.583387,-0.3308,0.236232,-0.688988,0.685173,-0.626716,0.430843,0.64933,-0.033378,0.028562,0.039551,-0.031591,-0.09498,0.167602,-1.914212,-0.171765,-0.008459,0.333894,0.85731,-0.195865,0.476075,-0.148869,0.790783,0.593662,-0.493817,-0.579573,0.648154,0.012979,-0.022661,-0.039774,0.709232,0.41154,-0.164819,0.22578,0.033781,0.016849,-0.009784,-0.773059,0.369028,0.515943,0.013192,-0.803833,0.594707,0.634196,0.466551,0.616542,-0.000511,-0.011714,-0.019652,1.733297,2.389138,-1.063375,0.156798,0.072718,0.027985,-0.064627,-0.697956,-0.649505,-0.301662,0.372332,-0.688938,0.621877,-0.611739,0.321725,0.72268,-0.016908,0.009467,0.024579,-0.067226,-0.180322,0.321653,-0.86301
1418,0.113612,0.007635,0.352072,-0.742635,-0.580852,-0.333392,0.231847,-0.690037,0.685615,-0.62737,0.432585,0.647537,-0.018795,0.030749,0.041009,-0.14714,0.40894,-0.401906,-1.913631,-0.171312,-0.009442,0.332414,0.850927,-0.207708,0.482465,-0.13283,0.803396,0.580384,-0.509219,-0.557683,0.655399,0.013063,-0.021204,-0.038857,0.242487,-0.264191,0.02363,0.204472,0.034003,0.01636,-0.010514,-0.763643,0.379131,0.522596,-0.005749,-0.813388,0.581692,0.645611,0.441201,0.623318,0.006977,-0.016645,-0.015749,0.354747,-0.321519,-0.062355,0.111403,0.072306,0.028535,-0.06381,-0.699137,-0.646774,-0.304778,0.367828,-0.690894,0.622388,-0.613114,0.323029,0.720931,-0.002453,0.019468,0.015268,-0.382628,1.628434,-1.836506,-0.86301
1419,0.11345,0.008967,0.353477,-0.747707,-0.583736,-0.316593,0.23833,-0.680929,0.692464,-0.618864,0.44303,0.648659,0.009117,0.039425,0.030544,-0.03274,0.08862,-0.062718,-1.913314,-0.17059,-0.010287,0.330995,0.835695,-0.221024,0.502746,-0.119018,0.820643,0.55885,-0.537133,-0.526582,0.658834,0.02734,-0.018197,-0.037683,0.705214,1.568586,-1.718811,0.204015,0.034363,0.015924,-0.011242,-0.746536,0.38937,0.539512,-0.025104,-0.826783,0.561958,0.66487,0.405978,0.626999,0.013689,-0.009377,-0.019109,0.169517,-0.162613,0.031852,0.098666,0.072216,0.029205,-0.063097,-0.702416,-0.651297,-0.287094,0.374158,-0.681002,0.629476,-0.605488,0.334736,0.722035,-0.002229,0.020313,0.015701,-0.128516,0.535505,-0.602493,-0.86301
1420,0.113588,0.009712,0.354128,-0.748879,-0.584612,-0.312177,0.240251,-0.678523,0.69416,-0.616702,0.445565,0.648982,0.009012,0.039055,0.030028,0.002308,-0.056886,0.100239,-1.913897,-0.17006,-0.010753,0.330295,0.826706,-0.237989,0.509813,-0.101909,0.827657,0.551844,-0.55431,-0.507865,0.6593,0.028293,-0.031555,-0.031712,0.158288,0.066972,0.215371,0.20658,0.034628,0.015702,-0.011589,-0.732918,0.402973,0.548127,-0.042358,-0.831161,0.554415,0.678997,0.383123,0.626242,0.014166,-0.015652,-0.015758,0.414344,0.726084,0.001799,0.09834,0.072282,0.029567,-0.06278,-0.703068,-0.652536,-0.282648,0.375955,-0.678456,0.631153,-0.603615,0.337481,0.722326,0.004425,0.019266,0.014826,-8.3e-05,0.034761,-0.067292,-0.861867
1421,0.114128,0.011167,0.35534,-0.75029,-0.586344,-0.305469,0.243708,-0.674827,0.696554,-0.613626,0.448899,0.6496,0.008451,0.029014,0.038752,-0.03665,0.057824,-0.089264,-1.913807,-0.168875,-0.012265,0.328791,0.809707,-0.251604,0.530152,-0.090723,0.838752,0.536841,-0.580742,-0.482462,0.655616,0.028521,-0.04343,-0.043407,0.536521,1.834297,-1.869792,0.211356,0.03522,0.014965,-0.012323,-0.713447,0.414161,0.56521,-0.057447,-0.838483,0.541889,0.698349,0.35414,0.622006,0.021405,-0.022035,-0.022652,0.023385,-0.118565,0.247089,0.102096,0.072548,0.0303,-0.062175,-0.703651,-0.654696,-0.276128,0.379104,-0.674598,0.633399,-0.60096,0.341011,0.72288,0.004502,0.019739,0.014956,-0.00091,0.037978,-0.070107,-0.861213
1422,0.114735,0.012201,0.356533,-0.751401,-0.586488,-0.302449,0.244153,-0.672957,0.698205,-0.612089,0.451515,0.649237,0.019643,0.018515,0.03056,-0.151353,0.489398,-0.537696,-1.913888,-0.167116,-0.014144,0.326916,0.782515,-0.272097,0.560022,-0.065423,0.858417,0.508698,-0.620118,-0.434359,0.653183,0.058532,-0.060147,-0.044055,0.331852,0.451128,-0.755636,0.210576,0.036088,0.01403,-0.013261,-0.680148,0.428121,0.595071,-0.087227,-0.853244,0.514164,0.727866,0.297802,0.617676,0.028797,-0.025102,-0.026716,0.812351,1.776438,-2.140939,0.101116,0.072858,0.030849,-0.061554,-0.704361,-0.654935,-0.273741,0.379188,-0.673162,0.634876,-0.600075,0.343383,0.722493,0.003215,0.010229,0.015979,-0.428928,1.737899,-2.02773,-0.862357
1423,0.115147,0.012494,0.357799,-0.751978,-0.585573,-0.302785,0.24186,-0.672397,0.699542,-0.612289,0.453534,0.647639,0.003269,-0.009199,0.043002,-0.103191,0.007,0.025501,-1.913494,-0.164803,-0.016656,0.324791,0.757407,-0.2635,0.597406,-0.057038,0.884642,0.462699,-0.651348,-0.384196,0.654219,0.059428,-0.07289,-0.057942,1.07279,1.691172,-2.67457,0.221293,0.037244,0.012787,-0.01431,-0.655832,0.416349,0.629711,-0.103771,-0.87596,0.471088,0.747739,0.24361,0.617688,0.029725,-0.036939,-0.029464,0.712815,-0.530124,-0.715408,0.108464,0.073071,0.031007,-0.060925,-0.705141,-0.654318,-0.273208,0.377368,-0.67251,0.636649,-0.600306,0.345828,0.721134,0.008348,-0.000985,0.015885,-0.067604,-0.010741,0.047046,-0.863989
1424,0.115191,0.012334,0.358527,-0.752766,-0.585874,-0.300234,0.241875,-0.670352,0.701496,-0.611314,0.456169,0.646708,0.002366,-0.013193,0.040017,-0.099611,-0.076159,0.173815,-1.914006,-0.163422,-0.018133,0.323516,0.742268,-0.264045,0.615881,-0.04332,0.898156,0.437461,-0.669585,-0.351064,0.654426,0.07352,-0.064072,-0.070867,1.066202,0.47551,-1.004173,0.219837,0.037901,0.012069,-0.014923,-0.640544,0.41324,0.647252,-0.119735,-0.886299,0.447365,0.758529,0.209059,0.617193,0.037307,-0.038493,-0.032169,3.513581,2.607963,2.881001,0.112383,0.073093,0.030929,-0.06056,-0.705656,-0.654889,-0.270497,0.377409,-0.670495,0.638746,-0.599675,0.348648,0.7203,0.00108,-0.006957,0.019739,-0.103428,0.01967,0.001689,-0.863336
1425,0.115014,0.01137,0.360117,-0.750835,-0.588151,-0.300616,0.24284,-0.669092,0.702365,-0.613303,0.455088,0.645586,-0.013877,-0.032755,0.042202,-0.117059,-0.018886,0.108644,-1.913654,-0.16011,-0.020694,0.320909,0.713284,-0.269119,0.647141,-0.012763,0.918105,0.396046,-0.701608,-0.29042,0.650588,0.089271,-0.060156,-0.070506,0.369251,0.941995,-1.247356,0.217548,0.039579,0.010743,-0.016266,-0.609597,0.410808,0.677958,-0.15721,-0.900904,0.404543,0.776965,0.140026,0.613772,0.051926,-0.029745,-0.035676,1.011922,2.458901,-2.244794,0.10977,0.073012,0.03046,-0.059762,-0.703575,-0.65684,-0.271187,0.378455,-0.669343,0.639336,-0.601459,0.347189,0.719518,-0.007093,-0.016964,0.020667,-0.145942,-0.013552,0.08194,-0.861703
1426,0.114427,0.009735,0.361665,-0.744623,-0.592664,-0.307136,0.251034,-0.675017,0.693763,-0.617564,0.440224,0.651801,-0.016057,-0.042211,0.035359,0.296147,0.34323,0.027696,-1.913583,-0.155996,-0.022843,0.318253,0.681202,-0.277649,0.677396,0.006359,0.927412,0.373899,-0.732877,-0.25005,0.632636,0.119929,-0.05201,-0.06733,0.624176,1.57816,0.530271,0.221351,0.04167,0.009639,-0.017627,-0.575354,0.410879,0.707209,-0.178181,-0.906859,0.381912,0.798259,0.093724,0.594975,0.059988,-0.025835,-0.033545,0.626945,1.578818,0.551738,0.115159,0.072719,0.029644,-0.058987,-0.696758,-0.660824,-0.278995,0.386026,-0.673266,0.630631,-0.604574,0.331698,0.724199,-0.008307,-0.026202,0.022238,0.499161,0.32754,0.285604,-0.862683
1427,0.114024,0.008822,0.362414,-0.739583,-0.596434,-0.311976,0.257241,-0.678815,0.687757,-0.621056,0.429139,0.655863,-0.017123,-0.054635,0.042893,0.129569,0.093745,0.150231,-1.913359,-0.153611,-0.023747,0.316948,0.659674,-0.29228,0.692383,0.021492,0.92815,0.371496,-0.752028,-0.229825,0.617655,0.135339,-0.04664,-0.064386,0.589115,1.544409,0.794759,0.222306,0.042812,0.009201,-0.018259,-0.551039,0.42058,0.720741,-0.192257,-0.904452,0.380793,0.81203,0.071264,0.579248,0.060337,-0.023782,-0.031893,3.181385,3.086463,3.229635,0.115649,0.072517,0.029188,-0.058619,-0.692369,-0.663338,-0.283913,0.392777,-0.676565,0.622883,-0.605268,0.319751,0.728977,-0.015027,-0.021655,0.017295,0.295195,-0.306466,0.609989,-0.865622
1428,0.113059,0.006897,0.363753,-0.733694,-0.601345,-0.316422,0.269135,-0.684792,0.677198,-0.623001,0.412441,0.664672,-0.031151,-0.047651,0.031462,0.153956,0.190848,-0.047082,-1.91366,-0.148259,-0.025211,0.314335,0.612727,-0.324131,0.72076,0.035565,0.92232,0.384699,-0.790216,-0.209682,0.575721,0.150345,-0.027289,-0.067706,3.301649,3.236055,3.164783,0.246145,0.045432,0.008472,-0.019539,-0.499033,0.440447,0.746305,-0.200451,-0.896518,0.395062,0.84308,0.047551,0.53568,0.067729,-0.014045,-0.033454,-0.938228,1.419943,0.143294,0.130835,0.072046,0.028239,-0.057957,-0.686326,-0.667263,-0.289337,0.403827,-0.680493,0.611433,-0.604879,0.3028,0.736499,-0.015669,-0.024142,0.015505,0.594878,-0.5867,0.303291,-0.862357
1429,0.111881,0.005324,0.364781,-0.735922,-0.596893,-0.319662,0.26752,-0.69006,0.672475,-0.621066,0.410113,0.667916,-0.029591,-0.024538,0.015179,0.156005,0.192681,-0.02272,-1.913457,-0.142691,-0.026096,0.311725,0.551425,-0.36986,0.747747,0.065993,0.912789,0.402982,-0.832255,-0.172411,0.526772,0.150417,-0.01299,-0.074608,-0.271667,1.429401,0.110077,0.267501,0.048266,0.008018,-0.020861,-0.424622,0.476002,0.77014,-0.231493,-0.879441,0.415923,0.875274,-0.001671,0.483621,0.075853,-0.012076,-0.03332,0.401921,2.033388,0.997295,0.161043,0.071447,0.027415,-0.057434,-0.689256,-0.662967,-0.292229,0.402198,-0.685608,0.606776,-0.602628,0.30069,0.739204,-0.015307,-0.01831,0.011493,0.22396,0.173223,0.13408,-0.863989
1430,0.1105,0.004306,0.365491,-0.733722,-0.597405,-0.323735,0.269224,-0.693095,0.668663,-0.62293,0.404196,0.669785,-0.042693,-0.021067,0.017682,0.047356,0.052791,0.086505,-1.913344,-0.13664,-0.026221,0.308748,0.486898,-0.407101,0.772781,0.091656,0.903586,0.418409,-0.869199,-0.132389,0.476266,0.149694,0.006925,-0.075088,3.600316,3.588157,2.809627,0.274472,0.05123,0.007938,-0.022329,-0.357051,0.496525,0.791186,-0.250015,-0.866914,0.431221,0.900003,-0.043841,0.433672,0.074844,0.003685,-0.037353,-0.406592,1.123582,0.105471,0.181455,0.070772,0.026911,-0.057088,-0.687538,-0.662978,-0.296226,0.404144,-0.688289,0.602431,-0.603289,0.294477,0.741164,-0.014778,-0.011883,0.007892,0.102852,0.087617,0.100698,-0.8635
1431,0.109883,0.003943,0.36576,-0.73319,-0.596267,-0.327022,0.266781,-0.694562,0.66812,-0.624603,0.403354,0.668733,-0.028614,-0.011895,0.007795,-0.030635,-0.032202,0.075285,-1.913126,-0.133658,-0.025881,0.307212,0.459168,-0.419393,0.783112,0.098528,0.900061,0.424401,-0.883395,-0.117195,0.453587,0.148434,0.021939,-0.079765,-0.23976,1.479134,0.4223,0.284814,0.052722,0.008096,-0.023095,-0.324971,0.504462,0.799944,-0.259331,-0.860965,0.437591,0.909473,-0.065246,0.410611,0.074334,0.011054,-0.039982,3.83359,3.4133,2.596787,0.188803,0.070447,0.026717,-0.056944,-0.687596,-0.661463,-0.299459,0.401748,-0.690127,0.601931,-0.60482,0.293579,0.740271,-0.014546,-0.010821,0.008677,-0.084125,-0.032496,0.07732,-0.863826
1432,0.10869,0.003492,0.366213,-0.729716,-0.59957,-0.328751,0.268515,-0.693468,0.668561,-0.627919,0.400327,0.667445,-0.027912,-0.008746,0.010116,-0.036993,0.045708,-0.075837,-1.913231,-0.128081,-0.024358,0.304051,0.412443,-0.448842,0.792731,0.101469,0.887331,0.449757,-0.90578,-0.104506,0.410492,0.129818,0.053829,-0.084202,-0.55517,1.034795,0.629091,0.285831,0.05558,0.008849,-0.024711,-0.270632,0.524122,0.807499,-0.259091,-0.847506,0.463255,0.927162,-0.083844,0.365157,0.072378,0.028468,-0.04152,-0.695899,0.846252,1.095203,0.203989,0.06985,0.026489,-0.05672,-0.683879,-0.664268,-0.301755,0.403267,-0.688826,0.602406,-0.608017,0.290286,0.738951,-0.020638,-0.003353,0.005795,-0.033715,-0.018767,0.044618,-0.86154
1433,0.107642,0.003339,0.366522,-0.726096,-0.602628,-0.331164,0.270311,-0.69303,0.668291,-0.631335,0.396473,0.666523,-0.013441,0.001689,0.00117,-0.000984,0.014715,-0.029553,-1.913416,-0.122832,-0.021297,0.300884,0.371276,-0.491274,0.787906,0.100631,0.864765,0.491924,-0.923465,-0.102742,0.369485,0.139211,0.095791,-0.080576,-0.657027,0.907128,1.450278,0.275111,0.058202,0.010355,-0.026305,-0.222665,0.556239,0.800636,-0.251646,-0.826216,0.504024,0.941856,-0.089248,0.323944,0.062131,0.046993,-0.040219,-0.531953,-0.430369,2.785239,0.193375,0.06932,0.026408,-0.056562,-0.680141,-0.666804,-0.304596,0.405002,-0.688119,0.60205,-0.611049,0.286117,0.738075,-0.013706,-0.003264,0.005891,-0.031686,-0.046286,0.100179,-0.857785
1434,0.107232,0.003287,0.366645,-0.726045,-0.601913,-0.332575,0.269088,-0.69377,0.668017,-0.631916,0.396263,0.666097,-0.014075,-0.008648,0.010258,-0.030784,-0.060813,0.130073,-1.913277,-0.120481,-0.019292,0.299316,0.352019,-0.514634,0.78181,0.099417,0.851019,0.515574,-0.931085,-0.103127,0.349727,0.121548,0.110129,-0.082755,-0.521526,1.191258,0.884967,0.277047,0.059429,0.011399,-0.027114,-0.197886,0.576453,0.792806,-0.245897,-0.812131,0.529128,0.94888,-0.090242,0.302458,0.060757,0.055668,-0.040788,-0.591436,1.278122,0.918257,0.191089,0.069116,0.026388,-0.056502,-0.680279,-0.666091,-0.305848,0.40395,-0.688907,0.601854,-0.611591,0.285882,0.737717,-0.006692,0.000986,0.000704,0.004331,-0.077306,0.146569,-0.856315
1435,0.106613,0.003083,0.366893,-0.721917,-0.606947,-0.33241,0.271361,-0.690217,0.670773,-0.635661,0.394791,0.663402,-0.014477,-0.010191,0.00911,-0.034496,-0.062924,0.129089,-1.913575,-0.116523,-0.014588,0.296198,0.297132,-0.578749,0.759443,0.117633,0.811401,0.572473,-0.947878,-0.080044,0.308192,0.087567,0.127008,-0.079249,-0.405505,-0.259554,3.47233,0.271276,0.061374,0.013707,-0.028639,-0.132361,0.625197,0.76916,-0.25236,-0.771672,0.583811,0.958537,-0.116832,0.259914,0.050397,0.070597,-0.043191,-0.707617,1.439774,1.342745,0.188966,0.068808,0.02629,-0.056375,-0.675525,-0.670677,-0.306361,0.405969,-0.685159,0.604769,-0.615511,0.284163,0.735116,-0.007304,-0.005341,0.004386,-0.019567,0.036426,-0.045091,-0.855825
1436,0.106172,0.002589,0.367203,-0.722653,-0.607033,-0.330651,0.270904,-0.688834,0.672376,-0.635019,0.397071,0.662655,-0.001452,-0.013554,0.006706,-0.034999,0.016389,-0.016678,-1.913355,-0.113496,-0.009143,0.292926,0.236093,-0.641393,0.729977,0.139178,0.765691,0.627917,-0.961949,-0.045851,0.269098,0.052805,0.149196,-0.09006,-0.138,1.300515,1.697948,0.253919,0.0629,0.016429,-0.030262,-0.062605,0.675684,0.734527,-0.26144,-0.721374,0.641302,0.963187,-0.151886,0.221812,0.034771,0.069682,-0.041641,0.99396,1.425124,2.360469,0.171984,0.068582,0.026044,-0.056219,-0.676152,-0.670837,-0.304623,0.405533,-0.684063,0.606299,-0.615109,0.286416,0.734578,-0.007468,-0.005944,0.003932,-0.036307,0.044484,-0.071446,-0.855335
1437,0.10607,0.00227,0.367406,-0.722754,-0.606739,-0.33097,0.270016,-0.68875,0.67282,-0.635283,0.397668,0.662045,-0.001329,-0.01306,0.007076,-0.035001,0.016376,-0.016685,-1.913609,-0.1123,-0.006298,0.291178,0.20694,-0.670216,0.712726,0.139906,0.741181,0.656514,-0.968498,-0.035308,0.246225,0.054265,0.136333,-0.083994,-0.294967,-0.037019,3.829306,0.251923,0.063476,0.017813,-0.031098,-0.0302,0.695203,0.718178,-0.256693,-0.699802,0.666621,0.96602,-0.164219,0.199588,0.02724,0.068007,-0.042254,-0.776444,1.390325,1.4633,0.16284,0.068531,0.025883,-0.056119,-0.676317,-0.670537,-0.304915,0.404682,-0.68411,0.606815,-0.615488,0.287006,0.73403,-0.00108,-0.012049,0.007835,-0.069975,0.032888,-0.033229,-0.854519
1438,0.106062,0.001508,0.367696,-0.719316,-0.61012,-0.332241,0.271908,-0.687387,0.673451,-0.638369,0.394841,0.660766,0.011099,-0.018985,0.002761,-0.033469,0.012095,-0.015428,-1.913159,-0.110742,-0.001012,0.287871,0.140925,-0.718049,0.68157,0.144646,0.695884,0.70339,-0.979512,0.000358,0.201048,0.024255,0.131665,-0.083883,-0.056118,-0.043124,3.687999,0.250523,0.064278,0.020457,-0.032747,0.043251,0.728841,0.683315,-0.249419,-0.65442,0.713809,0.967429,-0.201304,0.153482,0.012142,0.066117,-0.041641,-0.577776,1.186493,1.291003,0.16137,0.068524,0.025515,-0.05597,-0.672631,-0.673492,-0.306553,0.40655,-0.682494,0.607386,-0.61829,0.283918,0.732875,-0.00157,-0.014007,0.006372,-0.0559,0.016129,-0.08913,-0.855172
1439,0.106113,0.000635,0.367941,-0.711587,-0.61663,-0.336833,0.276164,-0.686306,0.672822,-0.645167,0.386514,0.659085,-0.003308,-0.028753,0.012192,-0.020048,-0.204078,0.303468,-1.91354,-0.110072,0.004529,0.284637,0.091039,-0.752437,0.652336,0.15629,0.657629,0.736906,-0.983557,0.035806,0.176623,0.00597,0.14825,-0.081991,3.281805,4.840456,2.021909,0.239506,0.06463,0.023266,-0.03441,0.094356,0.755154,0.648721,-0.247538,-0.613367,0.750003,0.964272,-0.23135,0.129055,0.010285,0.075238,-0.041031,0.012842,0.303286,0.908556,0.14798,0.068552,0.025063,-0.055846,-0.664643,-0.67879,-0.312237,0.410512,-0.68093,0.606476,-0.624282,0.274913,0.731227,-0.001673,-0.014442,0.006047,-0.01592,-0.21722,0.31718,-0.854192
1440,0.106175,-0.000223,0.36816,-0.706158,-0.62097,-0.340268,0.282736,-0.687897,0.668453,-0.64828,0.376597,0.661766,-0.002302,-0.016974,0.004146,-0.012232,0.03043,-0.010253,-1.913281,-0.109859,0.009921,0.281666,0.062523,-0.782948,0.618931,0.151972,0.620274,0.76948,-0.986419,0.046929,0.156965,-0.004961,0.121923,-0.067935,-0.479894,0.847889,1.073357,0.255757,0.064739,0.02598,-0.035892,0.130487,0.778643,0.613748,-0.238233,-0.57628,0.781757,0.962402,-0.248224,0.110302,-0.003267,0.06629,-0.038164,-0.194888,0.564489,0.885839,0.154838,0.068583,0.024636,-0.055741,-0.659193,-0.68221,-0.31631,0.417032,-0.681689,0.601152,-0.625738,0.264364,0.733868,-0.001301,-0.009065,0.001637,-0.045556,-0.057071,0.135516,-0.849946
1441,0.10615,-0.000562,0.368248,-0.703111,-0.622752,-0.343307,0.285612,-0.689477,0.665596,-0.65033,0.370707,0.66308,-0.002047,-0.015959,0.004905,0.000801,-0.041554,0.143588,-1.913568,-0.110066,0.012306,0.280309,0.049164,-0.791859,0.608714,0.148489,0.608365,0.7796,-0.987688,0.053049,0.146702,-0.019402,0.119848,-0.067493,-0.141698,0.469694,0.696507,0.246448,0.064634,0.027217,-0.036596,0.147398,0.7852,0.601443,-0.229921,-0.564226,0.792959,0.961982,-0.255165,0.097368,-0.009641,0.059868,-0.033814,-0.095244,0.433945,0.658018,0.158431,0.068571,0.024471,-0.055701,-0.656221,-0.683542,-0.319596,0.419886,-0.682705,0.598003,-0.626951,0.258229,0.735016,-0.001024,-0.007965,0.002461,-0.02678,-0.045722,0.140427,-0.854519
1442,0.1061,-0.000991,0.36842,-0.700056,-0.623911,-0.347421,0.287546,-0.69164,0.662513,-0.652769,0.36467,0.66403,-0.001031,-0.011916,0.007944,-0.031837,0.018113,-0.015941,-1.9132,-0.110719,0.017009,0.277939,0.027168,-0.80727,0.589549,0.143365,0.586707,0.796966,-0.989265,0.063878,0.130909,-0.018713,0.114165,-0.052768,0.006772,0.258519,0.500886,0.239574,0.064316,0.02952,-0.03777,0.170909,0.795543,0.581292,-0.219652,-0.544362,0.809581,0.96049,-0.266047,0.081706,-0.00935,0.057267,-0.026166,-0.002889,0.17469,0.686918,0.14896,0.068544,0.024247,-0.055616,-0.653421,-0.684152,-0.324,0.421641,-0.684398,0.594825,-0.628696,0.25206,0.735667,-0.000555,-0.006105,0.00386,-0.052965,0.011237,-0.020449,-0.853212
