frame,MLTx,MLTy,MLTz,MLTR1,MLTR2,MLTR3,MLTR4,MLTR5,MLTR6,MLTR7,MLTR8,MLTR9,MLTTVx,MLTTVy,MLTTVz,MLTRVx,MLTRVy,MLTRVz,MLGA,MRTx,MRTy,MRTz,MRTR1,MRTR2,MRTR3,MRTR4,MRTR5,MRTR6,MRTR7,MRTR8,MRTR9,MRTTVx,MRTTVy,MRTTVz,MRTRVx,MRTRVy,MRTRVz,MRGA,SLTx,SLTy,SLTz,SLTR1,SLTR2,SLTR3,SLTR4,SLTR5,SLTR6,SLTR7,SLTR8,SLTR9,SLTTVx,SLTTVy,SLTTVz,SLTRVx,SLTRVy,SLTRVz,SLGA,SRTx,SRTy,SRTz,SRTR1,SRTR2,SRTR3,SRTR4,SRTR5,SRTR6,SRTR7,SRTR8,SRTR9,SRTTVx,SRTTVy,SRTTVz,SRTRVx,SRTRVy,SRTRVz,SRGA
62,0.133737,0.038495,0.403467,-0.574237,-0.391831,-0.718864,-0.06074,-0.85525,0.514616,-0.81574,0.339658,0.468217,-0.013675,-0.010327,-0.004293,-0.001923,0.027071,-0.055572,-0.021014,-0.181562,0.016193,0.328591,0.902066,-0.04565,0.429168,0.079919,0.994845,-0.061893,-0.42526,0.090167,0.900492,-0.001915,0.00611,-0.029485,-0.127446,0.3128,-0.037516,-1.104067,0.02889,0.029165,-0.01242,-0.850328,0.230443,0.473115,-0.285701,-0.957151,-0.047285,0.441946,-0.175377,0.87973,0.005771,0.003022,-0.015278,-0.239943,0.40336,0.09875,-0.775755,0.082368,0.043995,-0.038083,-0.588046,-0.42108,-0.690573,0.082201,-0.880488,0.466885,-0.804639,0.217784,0.552382,-0.006858,-0.005325,-0.002211,0.004012,-0.05781,0.124442,-0.216216
63,0.133109,0.038168,0.40336,-0.572057,-0.389361,-0.721938,-0.062094,-0.85709,0.511382,-0.81717,0.337848,0.467032,-0.013292,-0.007804,-0.00315,-0.00066,0.023693,-0.04991,-0.020738,-0.181367,0.016883,0.327329,0.898687,-0.03956,0.436794,0.073169,0.995473,-0.060121,-0.433564,0.086019,0.896932,0.011759,0.014298,-0.023697,0.000357,0.054647,0.096689,-1.39897,0.02898,0.029493,-0.013084,-0.847555,0.223778,0.48122,-0.279066,-0.959194,-0.045461,0.451411,-0.172823,0.875419,0.005908,0.007419,-0.011626,-0.002675,0.155442,-0.072164,-0.780164,0.082054,0.043828,-0.038139,-0.586424,-0.418167,-0.693716,0.08074,-0.882347,0.46362,-0.805969,0.215867,0.551193,-0.006608,-0.003684,-0.001465,0.000327,0.019459,-0.041243,-0.217849
64,0.132781,0.038039,0.403301,-0.571099,-0.388345,-0.723242,-0.062554,-0.857898,0.50997,-0.817806,0.336964,0.466558,-0.013241,-0.007402,-0.002972,-0.001891,0.026979,-0.05542,-0.019608,-0.181262,0.017304,0.326864,0.895406,-0.040946,0.443354,0.073282,0.995717,-0.055782,-0.440292,0.082468,0.893982,0.011865,0.018065,-0.020536,-0.274583,0.434094,0.163687,-1.402482,0.029033,0.029699,-0.013319,-0.844489,0.223952,0.4865,-0.278853,-0.959396,-0.042405,0.457251,-0.171472,0.87265,-0.000768,0.008745,-0.010001,-0.465258,0.659074,0.237021,-0.781633,0.08189,0.043764,-0.038168,-0.585712,-0.416978,-0.695031,0.080242,-0.883133,0.462207,-0.806536,0.21495,0.550722,-0.012457,-0.002729,-0.000806,-0.005063,0.045926,-0.090456,-0.217359
65,0.132149,0.037767,0.403092,-0.566043,-0.38652,-0.728178,-0.064777,-0.859715,0.506622,-0.821145,0.334415,0.46251,-0.013703,-0.009944,-0.004166,0.506428,-1.368406,2.274008,-0.018454,-0.181296,0.018094,0.325718,0.88708,-0.042097,0.459682,0.071457,0.99633,-0.046404,-0.457152,0.074045,0.886224,-0.002564,0.019266,-0.035813,-0.480668,0.735189,0.300571,-1.40378,0.029023,0.030109,-0.013855,-0.835999,0.2231,0.501329,-0.276719,-0.960346,-0.034078,0.473847,-0.167216,0.864584,-0.001255,0.009937,-0.017649,-0.238776,0.468594,0.102989,-0.784246,0.08157,0.043629,-0.038271,-0.581537,-0.415052,-0.699675,0.078186,-0.884593,0.459761,-0.809753,0.212663,0.546875,-0.006826,-0.005071,-0.002117,0.524866,-1.346838,2.277366,-0.216379
66,0.131577,0.037429,0.402765,-0.562502,-0.386611,-0.730869,-0.065667,-0.860286,0.505537,-0.823506,0.332835,0.45944,-0.014179,-0.012505,-0.005388,-0.00335,0.024919,-0.056543,-0.02596,-0.181369,0.018736,0.324017,0.877864,-0.043613,0.476912,0.068464,0.99702,-0.034607,-0.475079,0.063066,0.877602,-0.002882,0.008687,-0.04481,-2.019522,-1.422147,1.01501,-1.403326,0.028985,0.030447,-0.014711,-0.824297,0.221778,0.52091,-0.273534,-0.961576,-0.023453,0.495694,-0.161819,0.853288,0.004932,0.009821,-0.02697,-0.375647,0.762986,0.115782,-0.778531,0.081289,0.043466,-0.038433,-0.577982,-0.41397,-0.703253,0.076982,-0.885594,0.458036,-0.81241,0.210599,0.543725,-0.006959,-0.001514,-0.007513,0.042398,0.038618,-0.062833,-0.218502
67,0.131031,0.037064,0.402379,-0.561858,-0.386215,-0.731573,-0.065213,-0.860921,0.504513,-0.823982,0.331648,0.459445,-0.014452,-0.013833,-0.00605,-0.002858,0.039494,-0.08156,-0.031882,-0.181425,0.019428,0.321763,0.871515,-0.047068,0.488095,0.066288,0.997527,-0.02193,-0.486945,0.051507,0.871834,0.008942,0.025141,-0.066855,-0.237234,0.558281,0.197956,-1.403539,0.028956,0.030793,-0.015857,-0.817373,0.22521,0.530265,-0.270761,-0.962608,-0.008532,0.508516,-0.150549,0.847788,0.004488,0.012173,-0.033759,-0.321529,0.656564,0.253357,-0.785879,0.081011,0.043278,-0.038628,-0.57759,-0.413444,-0.703884,0.0775,-0.886135,0.456899,-0.812639,0.209349,0.543865,-0.00722,-0.00692,-0.003019,-0.002941,0.040076,-0.081569,-0.223564
68,0.130773,0.036892,0.40219,-0.562016,-0.38652,-0.73129,-0.064755,-0.860851,0.504691,-0.82391,0.331475,0.459699,-0.014273,-0.012677,-0.005527,-0.00192,0.027112,-0.055553,-0.033269,-0.181408,0.019816,0.320474,0.868817,-0.049859,0.492608,0.067109,0.997565,-0.01716,-0.491639,0.048011,0.869396,0.008875,0.022767,-0.069007,-0.088128,0.291367,0.247652,-1.403488,0.028964,0.030985,-0.016503,-0.813408,0.227782,0.535241,-0.271445,-0.962449,-0.002928,0.514475,-0.14767,0.844694,0.00446,0.011021,-0.034809,-0.088172,0.29642,0.247928,-0.791431,0.080886,0.043194,-0.038722,-0.577679,-0.413743,-0.703635,0.077936,-0.886038,0.457013,-0.812534,0.209168,0.544092,-0.006982,-0.001507,-0.007542,0.032358,0.025241,-0.063791,-0.22487
69,0.130261,0.036606,0.401881,-0.560954,-0.385459,-0.732664,-0.064884,-0.861822,0.503016,-0.824624,0.330182,0.45935,-0.013304,0.001028,-0.013219,0.033457,0.012633,-0.037937,-0.036013,-0.181426,0.020465,0.317823,0.85988,-0.059209,0.507043,0.072234,0.997338,-0.00581,-0.506424,0.041678,0.861197,0.009507,0.008579,-0.064062,-0.121691,0.300473,0.230991,-1.403201,0.028955,0.031304,-0.017833,-0.801777,0.23524,0.549377,-0.275843,-0.96116,0.008989,0.530154,-0.144335,0.835526,0.004786,0.004053,-0.032231,-0.091749,0.269752,0.211649,-0.791267,0.080629,0.043041,-0.038876,-0.57688,-0.412502,-0.705017,0.077746,-0.886926,0.45532,-0.813119,0.207852,0.543721,-0.000913,-0.005231,-0.002464,-0.001181,0.012738,-0.026262,-0.227156
70,0.129828,0.036459,0.401752,-0.559933,-0.384387,-0.734008,-0.065244,-0.862692,0.501476,-0.82529,0.329156,0.458889,-0.000764,-0.004324,-0.002049,0.0,-0.0,0.0,-0.043063,-0.181513,0.020952,0.315302,0.848623,-0.072291,0.524028,0.078346,0.996835,0.010861,-0.524213,0.031911,0.850909,-0.003865,0.012128,-0.060216,-0.273608,0.486189,0.335654,-1.40361,0.028913,0.031532,-0.01908,-0.787809,0.245272,0.564976,-0.280696,-0.959467,0.025126,0.548239,-0.138792,0.824724,-0.001889,0.006255,-0.02993,-0.417804,0.643952,0.448175,-0.802534,0.080407,0.042964,-0.038947,-0.576115,-0.411269,-0.706363,0.077381,-0.887753,0.453768,-0.813697,0.206763,0.543273,-0.000339,-0.001931,-0.000907,-0.000419,0.000746,-0.000959,-0.231728
71,0.129608,0.036432,0.401768,-0.560189,-0.384748,-0.733623,-0.06501,-0.862468,0.50189,-0.825135,0.329319,0.459051,-0.012444,-0.009856,0.00991,-0.036351,0.029261,-0.047136,-0.04385,-0.181582,0.02117,0.314204,0.842698,-0.078447,0.532633,0.08068,0.996519,0.019337,-0.533348,0.026759,0.845392,-0.017284,0.014948,-0.05678,-0.181688,0.394414,0.225489,-1.404027,0.028883,0.031637,-0.019634,-0.77978,0.250513,0.573746,-0.282574,-0.958624,0.034513,0.558653,-0.135213,0.818305,-0.001484,0.002302,-0.02463,-0.260405,0.429657,0.304886,-0.807923,0.080302,0.042953,-0.038943,-0.576283,-0.411654,-0.706001,0.077628,-0.887541,0.454141,-0.813554,0.206908,0.54343,-0.005985,0.00037,0.000397,-0.001108,0.01485,-0.029653,-0.233361
72,0.129306,0.036449,0.40183,-0.560022,-0.384438,-0.733913,-0.065319,-0.862603,0.501619,-0.825224,0.329329,0.458884,3e-05,0.00017,8.1e-05,-0.0,-0.0,-0.0,-0.044551,-0.181811,0.021702,0.312228,0.829103,-0.091615,0.551531,0.08461,0.995641,0.038403,-0.553679,0.014922,0.832515,-0.016446,0.008633,-0.044792,-0.330932,0.523051,0.338165,-1.404108,0.028768,0.031905,-0.020627,-0.763369,0.260196,0.59124,-0.285234,-0.956997,0.052886,0.579576,-0.12827,0.804759,-0.001768,0.010554,-0.026232,-0.457336,0.777471,0.343798,-0.812495,0.080152,0.042963,-0.038906,-0.576189,-0.411321,-0.706272,0.077296,-0.887686,0.453914,-0.813653,0.206948,0.543268,4.4e-05,0.000248,0.000122,-4.2e-05,1.6e-05,5.1e-05,-0.234014
73,0.129183,0.03648,0.401828,-0.559469,-0.383595,-0.734775,-0.065909,-0.863094,0.500696,-0.825552,0.329025,0.458512,0.0,0.0,0.0,-0.0,-0.0,-0.0,-0.052224,-0.181942,0.022195,0.310688,0.817086,-0.101156,0.567565,0.086245,0.994812,0.053343,-0.571034,0.005474,0.820825,-0.001962,0.005727,-0.030679,-0.166368,0.382187,0.028775,-1.40451,0.028697,0.03215,-0.021418,-0.747861,0.267799,0.607442,-0.286048,-0.955715,0.069167,0.599065,-0.12203,0.791345,-0.000941,0.003246,-0.014991,-0.095443,0.309052,-0.020649,-0.810046,0.080086,0.042983,-0.038905,-0.575821,-0.410394,-0.70711,0.076697,-0.888188,0.453032,-0.813969,0.206633,0.542914,6e-06,3.5e-05,2e-05,-2.4e-05,1.5e-05,3.7e-05,-0.237933
74,0.129139,0.036509,0.401812,-0.55912,-0.383079,-0.73531,-0.066234,-0.86341,0.500107,-0.825762,0.328794,0.458298,0.0,0.0,0.0,-0.0,-0.0,-0.0,-0.05194,-0.182008,0.022685,0.309571,0.79815,-0.109399,0.592436,0.086505,0.99395,0.067194,-0.597196,-0.002261,0.802007,-0.00176,0.01195,-0.025046,-0.300592,0.858402,0.187339,-1.404431,0.028664,0.032396,-0.021975,-0.727116,0.271365,0.630604,-0.285308,-0.954924,0.081955,0.62442,-0.120326,0.771764,-0.000848,0.006286,-0.012237,-0.335948,0.91742,0.211544,-0.811352,0.080065,0.042998,-0.038913,-0.575583,-0.409815,-0.70764,0.076358,-0.888512,0.452454,-0.81417,0.206391,0.542705,0.0,1.2e-05,7e-06,-3.1e-05,-2e-06,2.3e-05,-0.240546
75,0.129149,0.036523,0.401797,-0.557125,-0.384521,-0.736071,-0.067036,-0.862649,0.501312,-0.827047,0.329111,0.455748,0.0,0.0,0.0,-0.051088,-0.077314,-0.03503,-0.050883,-0.181986,0.022873,0.309146,0.785859,-0.119897,0.606666,0.091395,0.992723,0.077993,-0.612579,-0.005711,0.790303,-0.001721,0.013176,-0.023933,-0.648983,0.944019,0.514308,-1.40495,0.028675,0.032494,-0.022184,-0.712959,0.278542,0.643508,-0.289261,-0.952823,0.09195,0.638762,-0.120585,0.759895,-0.000834,0.006807,-0.011768,-0.607881,0.893496,0.485256,-0.807596,0.080069,0.043005,-0.03892,-0.573447,-0.410992,-0.708691,0.075458,-0.887877,0.45385,-0.815759,0.206782,0.540163,-2e-06,7e-06,5e-06,-0.054266,-0.08564,-0.039596,-0.240383
76,0.129129,0.036533,0.40177,-0.557072,-0.384461,-0.736142,-0.06702,-0.862711,0.501209,-0.827084,0.329019,0.455748,-9.3e-05,-0.000517,-0.000245,-1.1e-05,-1.7e-05,-7e-06,-0.044191,-0.181759,0.023156,0.308614,0.757881,-0.129271,0.63945,0.085977,0.991364,0.098694,-0.647627,-0.019674,0.761614,0.012777,0.010094,-0.009819,-0.545299,0.88226,0.261007,-1.404624,0.028784,0.032625,-0.022453,-0.68137,0.282693,0.675143,-0.282758,-0.952459,0.113442,0.675115,-0.113607,0.728911,0.006754,-0.000636,-0.001122,-0.746359,1.083476,0.390712,-0.799432,0.08006,0.04301,-0.038933,-0.573458,-0.410919,-0.708725,0.075604,-0.887959,0.453665,-0.815738,0.206576,0.540274,-5.1e-05,-0.000278,-0.00013,0.001138,0.001438,0.000588,-0.23679
77,0.129077,0.036563,0.401755,-0.556919,-0.384246,-0.73637,-0.067118,-0.862859,0.500939,-0.827179,0.32888,0.455675,-0.0,-0.0,-0.0,-0.0,-0.0,-0.0,-0.041183,-0.181295,0.023348,0.308604,0.731321,-0.145423,0.666344,0.082722,0.98865,0.125147,-0.677886,-0.036234,0.73418,0.01362,0.003265,0.001921,-0.462938,0.770358,0.146652,-1.404422,0.029016,0.032729,-0.022457,-0.650192,0.293536,0.700774,-0.277738,-0.950344,0.140383,0.707184,-0.103355,0.699433,0.006832,0.002149,0.001427,-0.546494,0.96646,0.082314,-0.787348,0.080034,0.043025,-0.038941,-0.573364,-0.410667,-0.708947,0.075501,-0.888109,0.453387,-0.815814,0.20643,0.540216,-1e-06,1e-05,5e-06,-6.4e-05,6.4e-05,6.9e-05,-0.234014
78,0.129039,0.03656,0.401744,-0.556721,-0.383948,-0.736676,-0.06732,-0.863036,0.500608,-0.827296,0.328765,0.455545,-0.00026,-0.001451,-0.000688,-0.0,-0.0,-0.0,-0.041467,-0.181017,0.023415,0.30867,0.71825,-0.158702,0.677438,0.08404,0.986243,0.142111,-0.691561,-0.044954,0.720823,0.013671,0.005211,0.0037,-0.759111,0.834195,0.508412,-1.404822,0.029155,0.032762,-0.022424,-0.635389,0.302781,0.710354,-0.277773,-0.947961,0.1556,0.720501,-0.098451,0.686429,0.006827,0.002443,0.001689,-1.112748,0.454039,0.952143,-0.787838,0.080015,0.043026,-0.038945,-0.573229,-0.410331,-0.709249,0.07529,-0.888292,0.453064,-0.815928,0.20631,0.540089,-0.000153,-0.000847,-0.000399,-0.000987,0.01247,-0.02593,-0.233688
79,0.128871,0.036493,0.401697,-0.555097,-0.38194,-0.738941,-0.068474,-0.864373,0.498139,-0.828293,0.327584,0.454583,-0.01261,-0.002785,-0.000891,-0.001918,0.027136,-0.055541,-0.033362,-0.180299,0.023703,0.30889,0.700429,-0.180539,0.690504,0.078302,0.981015,0.177234,-0.710259,-0.069858,0.700368,0.013718,0.0078,0.006047,-1.627164,-1.198857,2.03087,-1.404899,0.029504,0.032905,-0.022314,-0.612067,0.318762,0.723715,-0.269241,-0.944485,0.188295,0.74356,-0.079605,0.663912,0.006882,0.004654,0.003703,-0.402823,0.726718,0.135331,-0.787838,0.079936,0.042998,-0.038967,-0.572025,-0.407983,-0.711572,0.074046,-0.889665,0.450569,-0.816886,0.205048,0.53912,-0.006293,-0.001322,-0.000407,-0.001976,0.016852,-0.032561,-0.230912
80,0.128509,0.036297,0.401531,-0.551382,-0.377711,-0.74388,-0.070528,-0.867367,0.492618,-0.830602,0.32455,0.452542,-0.013674,-0.008589,-0.003659,-0.001885,0.02705,-0.055386,-0.02966,-0.179298,0.024205,0.309037,0.676368,-0.202625,0.708139,0.071054,0.974817,0.211228,-0.73394,-0.09231,0.67281,0.026461,0.020983,-0.000994,-1.806247,0.490036,-0.307432,-1.40449,0.03001,0.033157,-0.022233,-0.583331,0.338007,0.738563,-0.260698,-0.939102,0.22388,0.769259,-0.061946,0.635925,0.013301,0.010563,-0.000544,-4.654985,-0.066302,-2.965153,-0.788818,0.079756,0.042905,-0.039048,-0.569242,-0.403074,-0.716584,0.071844,-0.89263,0.445027,-0.819024,0.201846,0.537081,-0.006883,-0.004551,-0.001946,-0.004408,0.032517,-0.063206,-0.22585
81,0.127861,0.035952,0.401174,-0.545026,-0.370482,-0.752153,-0.073835,-0.872405,0.483146,-0.834505,0.319318,0.44907,-0.014684,-0.006021,-0.016652,0.038931,-0.060994,0.11533,-0.031854,-0.17803,0.025357,0.308889,0.653893,-0.211992,0.726275,0.032194,0.966799,0.253371,-0.756679,-0.142041,0.638063,0.026388,0.023557,0.001305,-1.182487,0.959835,0.68899,-1.404324,0.030644,0.033731,-0.022309,-0.559092,0.341523,0.755497,-0.217593,-0.93972,0.263776,0.800042,-0.016916,0.599704,0.019567,0.018244,-0.003009,-2.167326,0.967888,-0.015642,-0.789308,0.079433,0.042735,-0.039219,-0.564548,-0.394851,-0.724829,0.068344,-0.897501,0.435683,-0.822565,0.196426,0.533668,-0.013492,-0.007391,-0.003104,-0.006562,0.060372,-0.119806,-0.225687
82,0.127403,0.035721,0.400928,-0.540751,-0.365468,-0.757672,-0.076189,-0.875731,0.476721,-0.837074,0.315963,0.446657,-0.027543,-0.017505,-0.007569,0.006614,-0.042876,0.087106,-0.030422,-0.177394,0.025934,0.308782,0.637359,-0.22618,0.736619,0.019972,0.960406,0.277769,-0.771062,-0.162052,0.615683,0.026266,0.020319,-0.001651,-0.878011,1.245661,0.876961,-1.404885,0.030962,0.034028,-0.022355,-0.539488,0.351968,0.764899,-0.202613,-0.936011,0.287801,0.817251,0.000287,0.57628,0.019469,0.016132,-0.004908,-1.011238,1.425861,1.04018,-0.787022,0.079209,0.042622,-0.039346,-0.56135,-0.389067,-0.730419,0.065819,-0.900791,0.429233,-0.824957,0.192874,0.531267,-0.013612,-0.003989,-0.00859,0.043013,0.00618,-0.036554,-0.225687
83,0.126194,0.0351,0.400335,-0.534926,-0.362198,-0.763356,-0.079075,-0.87805,0.471961,-0.840546,0.313272,0.442007,-0.028958,-0.024255,-0.010946,-0.089735,-0.253291,0.153911,-0.00983,-0.176033,0.02675,0.308439,0.608769,-0.23531,0.757642,-0.04727,0.942464,0.330847,-0.792647,-0.236935,0.561636,0.038757,0.028618,-0.013115,-0.97628,1.363843,1.034736,-1.405078,0.031624,0.034422,-0.022517,-0.509893,0.353892,0.784072,-0.130825,-0.932759,0.335925,0.850231,0.068709,0.521905,0.019765,0.007968,-0.003395,-1.333394,1.196388,0.735235,-0.790451,0.07862,0.042319,-0.039634,-0.556921,-0.384728,-0.736085,0.062925,-0.903244,0.424488,-0.828178,0.190088,0.527245,-0.020345,-0.010953,-0.004674,-0.182392,-0.275986,-0.082405,-0.218665
84,0.124731,0.034368,0.399713,-0.529735,-0.359438,-0.768265,-0.081904,-0.879876,0.468062,-0.843562,0.311315,0.437623,-0.041261,-0.015708,-0.020803,-0.221569,-0.412808,-0.149775,0.02169,-0.174825,0.027731,0.308057,0.576846,-0.258696,0.7748,-0.099172,0.919244,0.380907,-0.811472,-0.296242,0.503603,0.026026,0.015303,-0.00623,-0.912941,1.4487,0.761562,-1.405912,0.032257,0.034935,-0.022717,-0.47019,0.372613,0.80005,-0.071973,-0.919674,0.386028,0.879625,0.123925,0.45924,0.013008,0.007535,-0.003229,-0.926156,1.467673,0.777217,-0.788165,0.077877,0.041942,-0.039951,-0.553767,-0.380138,-0.740834,0.060419,-0.905707,0.419575,-0.830476,0.187586,0.524518,-0.020901,-0.013229,-0.005862,-0.295097,-0.548758,-0.022125,-0.195151
85,0.12392,0.033976,0.399372,-0.521636,-0.359005,-0.773987,-0.079965,-0.882615,0.463216,-0.848784,0.303963,0.432665,-0.041426,-0.015876,-0.020977,0.128052,-0.222304,0.124997,0.032914,-0.174455,0.027919,0.307914,0.56087,-0.268038,0.783308,-0.132708,0.90471,0.404749,-0.817836,-0.330629,0.47084,0.012566,0.00977,-0.010105,-1.125931,1.562791,0.752921,-1.405536,0.032437,0.035032,-0.022779,-0.453932,0.377205,0.807255,-0.035759,-0.912956,0.406487,0.890318,0.155651,0.427909,0.006692,-0.000799,-0.001298,-1.259534,1.177048,0.398963,-0.791267,0.077471,0.041742,-0.040123,-0.544353,-0.379882,-0.747909,0.061364,-0.907227,0.41614,-0.836608,0.180632,0.517163,-0.020732,-0.008111,-0.010547,0.425002,-0.264419,-0.19425,-0.179312
86,0.122185,0.03322,0.398617,-0.492721,-0.36501,-0.789961,-0.069375,-0.888428,0.453712,-0.866824,0.278806,0.413413,-0.054506,-0.025986,-0.011437,-0.251332,-0.483537,-0.017829,0.055948,-0.174137,0.02815,0.307599,0.562666,-0.238166,0.791629,-0.256369,0.86002,0.441107,-0.786555,-0.450844,0.421821,-0.000831,0.011181,-0.007686,-6.220078,-2.37036,-2.621232,-1.405032,0.032597,0.035126,-0.022944,-0.456213,0.355544,0.815755,0.08577,-0.894876,0.437995,0.885726,0.269787,0.377759,-0.000436,0.005476,-0.003933,-1.247916,0.862907,0.420069,-0.789145,0.076624,0.041374,-0.040496,-0.517947,-0.380842,-0.765956,0.072412,-0.911729,0.404357,-0.852341,0.153971,0.499805,-0.020905,-0.008308,-0.010735,-0.247721,-0.718997,0.215101,-0.148287
87,0.120641,0.032413,0.39781,-0.464541,-0.374665,-0.802417,-0.058312,-0.891201,0.449813,-0.88307,0.256208,0.393156,-0.043339,-0.030216,-0.014184,-0.216979,-0.537222,0.172579,0.066215,-0.173681,0.02931,0.306934,0.587439,-0.131552,0.798499,-0.43507,0.780525,0.448807,-0.683004,-0.610878,0.400245,0.024256,0.037076,-0.022092,-6.085525,-2.861104,-3.759399,-1.406025,0.03283,0.035718,-0.023285,-0.504985,0.252538,0.825356,0.285924,-0.853303,0.436028,0.814393,0.456177,0.358699,0.012209,0.018399,-0.011068,-6.016448,-2.914126,-3.909091,-0.783756,0.075816,0.040955,-0.040912,-0.48887,-0.387127,-0.781752,0.082877,-0.912696,0.400143,-0.86841,0.130829,0.478274,-0.021671,-0.015204,-0.00711,-0.236657,-0.561308,0.159964,-0.119548
88,0.119932,0.031975,0.397389,-0.450246,-0.378918,-0.808545,-0.05287,-0.892609,0.447689,-0.890796,0.244785,0.382872,-0.030729,-0.02083,-0.024386,-0.108401,-0.469954,0.295691,0.064164,-0.173199,0.029752,0.30665,0.590937,-0.054737,0.804853,-0.528806,0.727041,0.437846,-0.609847,-0.684273,0.39965,0.025899,0.0127,-0.008584,-4.678572,-2.980005,-3.101579,-1.405968,0.033061,0.035935,-0.023423,-0.522991,0.181744,0.832736,0.384725,-0.821475,0.420908,0.760569,0.540506,0.359703,0.012907,0.006341,-0.004298,-1.463198,-1.408934,-1.650679,-0.783756,0.075472,0.040741,-0.041115,-0.474542,-0.389857,-0.789189,0.088254,-0.913124,0.398012,-0.875796,0.119224,0.467723,-0.021434,-0.009887,-0.011702,-0.123102,-0.470086,0.224157,-0.116282
89,0.118543,0.031156,0.396525,-0.426431,-0.383921,-0.819027,-0.045373,-0.895252,0.443211,-0.902868,0.226633,0.365368,-0.043266,-0.027789,-0.013295,0.112735,-0.825472,-0.229185,0.054534,-0.172833,0.030301,0.306365,0.579429,0.066796,0.812275,-0.637215,0.658368,0.400553,-0.508726,-0.749759,0.422992,-0.000847,0.014344,-0.004785,-0.827393,-1.444004,-1.829809,-1.405364,0.033253,0.036205,-0.02357,-0.53815,0.057279,0.840899,0.506514,-0.775456,0.376974,0.673674,0.628797,0.3883,0.005815,0.013631,-0.005901,-4.453251,-2.863384,-3.261811,-0.796166,0.074782,0.040331,-0.041553,-0.453377,-0.390145,-0.801395,0.095799,-0.915234,0.391368,-0.886155,0.100664,0.452322,-0.015344,-0.00984,-0.011999,1.44547,-0.921695,-0.203162,-0.122324
90,0.117233,0.03052,0.395603,-0.414666,-0.38822,-0.823032,-0.031695,-0.897735,0.439362,-0.908923,0.208752,0.360985,-0.029868,-0.007207,-0.032317,0.067891,-0.104445,0.188933,0.036823,-0.172732,0.031464,0.305951,0.567305,0.182666,0.802988,-0.722081,0.578973,0.378581,-0.396448,-0.794809,0.459316,-0.001702,0.028389,-0.009816,-4.336621,-3.638782,-2.978733,-1.405719,0.033303,0.036783,-0.023773,-0.550634,-0.056113,0.832858,0.601907,-0.717989,0.349569,0.578368,0.693788,0.429125,-0.000847,0.013933,-0.005169,-1.374831,-2.945933,0.65369,-0.8058,0.074122,0.040004,-0.042007,-0.439663,-0.394084,-0.807089,0.109229,-0.915391,0.387463,-0.891496,0.082196,0.445509,-0.021257,-0.007844,-0.010868,0.017361,0.039257,-0.017024,-0.140939
91,0.116067,0.02989,0.394584,-0.405378,-0.384575,-0.829347,-0.02921,-0.901309,0.432159,-0.913194,0.199885,0.355174,-0.018167,-0.010309,-0.0345,0.078858,-0.153917,0.28377,0.025077,-0.17307,0.032486,0.305448,0.545316,0.305205,0.780686,-0.799437,0.469142,0.375152,-0.252423,-0.829055,0.498812,-0.001692,0.025662,-0.012253,-1.256261,-2.130075,-1.044728,-1.406127,0.033134,0.037298,-0.02402,-0.555652,-0.183317,0.810953,0.703183,-0.624039,0.340745,0.443602,0.759585,0.475654,-0.000977,0.01301,-0.005844,-5.433081,-5.433171,-2.270116,-0.822129,0.073547,0.039701,-0.042504,-0.431649,-0.389151,-0.81378,0.111513,-0.918255,0.379962,-0.895121,0.073263,0.43976,-0.015027,-0.003743,-0.016303,0.079763,-0.132953,0.257217,-0.160534
92,0.115573,0.029618,0.394032,-0.396552,-0.387609,-0.832197,-0.019866,-0.902672,0.429837,-0.91732,0.187462,0.351296,-0.017972,-0.009164,-0.033987,4.633868,-2.609868,-1.695652,0.019981,-0.173137,0.032954,0.305303,0.518827,0.358183,0.776218,-0.832785,0.416509,0.364587,-0.193348,-0.836015,0.513379,-0.000836,0.017199,-0.002176,-4.222768,-3.01453,-3.489386,-1.405861,0.0331,0.03753,-0.024102,-0.542455,-0.239124,0.805333,0.743576,-0.582778,0.327815,0.390942,0.776652,0.493938,-0.000847,0.015254,-0.003963,-0.730428,-1.609434,-1.616519,-0.826375,0.073299,0.039558,-0.042779,-0.425379,-0.388927,-0.817182,0.115315,-0.918881,0.377303,-0.897638,0.066263,0.435722,-0.009322,-0.009997,-0.012506,-0.025303,-0.161836,0.035705,-0.168045
93,0.114733,0.029204,0.392898,-0.386607,-0.389041,-0.836198,-0.010019,-0.904861,0.425555,-0.921724,0.173379,0.346974,-0.017492,-0.00658,-0.032766,0.061564,-0.381094,-0.065883,0.009069,-0.173274,0.034429,0.304994,0.451345,0.461661,0.763641,-0.888927,0.306658,0.340154,-0.077695,-0.832911,0.547801,-0.015774,0.045104,-0.011226,-0.70971,-1.650605,-1.522976,-1.405385,0.033037,0.038257,-0.024253,-0.497883,-0.356006,0.790804,0.822364,-0.483344,0.300159,0.275372,0.799773,0.533415,-0.001321,0.023148,-0.005625,-4.26825,-2.791155,-3.552117,-0.820333,0.072867,0.039344,-0.04336,-0.414048,-0.390252,-0.822353,0.130294,-0.919539,0.37077,-0.900881,0.046369,0.43158,-0.014754,-0.002054,-0.015536,0.261972,-0.762955,-0.108432,-0.181435
94,0.113968,0.028908,0.391699,-0.377609,-0.391157,-0.839317,-0.005236,-0.905494,0.424292,-0.925495,0.165092,0.340924,-0.017306,-0.005383,-0.032264,-0.049506,-0.195231,-0.1768,0.000196,-0.173543,0.036169,0.304445,0.390208,0.560878,0.730167,-0.919357,0.195406,0.341369,0.048308,-0.805178,0.590947,-0.002505,0.042373,-0.014767,-0.773592,-1.757138,-1.06635,-1.405174,0.032897,0.039137,-0.02452,-0.460266,-0.46635,0.755427,0.875277,-0.38068,0.298281,0.148472,0.798498,0.5834,-0.001349,0.020954,-0.007658,-3.977732,-3.596391,-3.335845,-0.814944,0.072484,0.039197,-0.043959,-0.404689,-0.391281,-0.826514,0.134909,-0.919489,0.36924,-0.904447,0.037923,0.424895,-0.008579,-0.002468,-0.015992,-0.107404,-0.39942,-0.020915,-0.195641
95,0.11361,0.028786,0.391072,-0.374341,-0.391273,-0.840725,-0.005345,-0.905709,0.423833,-0.926825,0.163633,0.338004,-0.017572,-0.006382,-0.032885,0.027835,-0.151162,0.064525,0.000504,-0.173595,0.037056,0.304132,0.370154,0.602402,0.70717,-0.924291,0.163199,0.344942,0.091929,-0.782054,0.616282,0.010697,0.044361,-0.014085,-3.924693,-5.06099,-1.934534,-1.405181,0.032866,0.039575,-0.02468,-0.451174,-0.507534,0.734064,0.885999,-0.353348,0.300251,0.106993,0.785846,0.609096,-0.001636,0.027828,-0.010198,0.165819,-0.941624,-0.314289,-0.816251,0.072299,0.039137,-0.044283,-0.400804,-0.391373,-0.82836,0.134594,-0.919506,0.369313,-0.906222,0.03653,0.421219,-0.008764,-0.003189,-0.016427,0.047977,-0.119507,0.078886,-0.199233
96,0.112932,0.028516,0.389797,-0.360908,-0.397318,-0.843759,0.004454,-0.905449,0.424399,-0.932157,0.1499,0.329608,-0.017859,-0.007285,-0.033543,-0.000886,-0.206378,0.037466,0.00527,-0.173604,0.0392,0.303753,0.284303,0.679968,0.675876,-0.941025,0.063372,0.332251,0.182739,-0.731314,0.657,-0.002486,0.054123,-0.004212,-3.565447,-3.210316,-3.849343,-1.404803,0.032867,0.040633,-0.024884,-0.386245,-0.603811,0.697298,0.922349,-0.260422,0.285396,0.009267,0.753386,0.657512,0.004912,0.033803,-0.005431,-0.720122,-2.190479,-1.157823,-0.824579,0.071967,0.039006,-0.044907,-0.387314,-0.395621,-0.832749,0.144347,-0.918132,0.369049,-0.910577,0.022733,0.412712,-0.002798,-0.00471,-0.017492,-0.009916,-0.23927,0.057283,-0.197601
97,0.112385,0.028104,0.388557,-0.349309,-0.401052,-0.846868,0.014537,-0.905999,0.422996,-0.936474,0.135938,0.323363,-0.005654,-0.009277,-0.035111,0.061427,-0.105977,0.12268,0.000944,-0.173296,0.041526,0.303586,0.176796,0.764138,0.620345,-0.945129,-0.043909,0.323631,0.274322,-0.644469,0.713632,0.010539,0.058427,-0.00156,-2.521171,-3.681127,-3.742583,-1.404899,0.03302,0.041821,-0.024965,-0.299907,-0.709942,0.63721,0.948774,-0.152372,0.276783,-0.099407,0.687578,0.719273,0.005222,0.029571,-0.000641,-2.574093,-3.641993,-3.696365,-0.818047,0.071687,0.038796,-0.04554,-0.375414,-0.397862,-0.837119,0.154263,-0.917404,0.366839,-0.913929,0.00858,0.405782,-0.002809,-0.004661,-0.017553,0.085733,-0.065634,0.140437,-0.195151
98,0.111882,0.027625,0.387473,-0.345003,-0.399535,-0.849347,0.014417,-0.907043,0.420757,-0.938076,0.133408,0.319754,-0.018045,-0.015001,-0.023269,0.036367,-0.054063,0.086601,-0.008893,-0.172848,0.043487,0.30406,0.07189,0.834524,0.546254,-0.938714,-0.128337,0.319813,0.336912,-0.536805,0.773431,0.011236,0.057389,0.014632,-1.003077,-4.429372,0.704499,-1.404785,0.03324,0.042772,-0.024742,-0.213208,-0.799649,0.56134,0.960722,-0.067134,0.269267,-0.177635,0.596702,0.782554,0.006033,0.023017,0.010783,-2.353948,-3.644597,-4.383519,-0.813965,0.071441,0.038559,-0.046075,-0.37183,-0.395681,-0.839749,0.154139,-0.918367,0.364474,-0.915414,0.006084,0.402466,-0.00277,-0.008168,-0.012136,0.045425,-0.054361,0.123121,-0.204622
99,0.111647,0.027332,0.387027,-0.344176,-0.398306,-0.850259,0.014556,-0.907728,0.419274,-0.938378,0.132417,0.319279,-0.01768,-0.013292,-0.022368,0.037993,-0.065594,0.113027,-0.007404,-0.172556,0.044441,0.304517,0.005651,0.861987,0.50689,-0.931447,-0.179747,0.316278,0.363737,-0.475002,0.801206,0.011997,0.048804,0.024163,-2.530623,-4.204896,-3.798602,-1.404691,0.033386,0.043255,-0.024514,-0.160788,-0.8403,0.517728,0.963559,-0.020028,0.266741,-0.213774,0.541751,0.812899,0.012433,0.025198,0.01213,-0.829384,-4.552298,0.500302,-0.812495,0.071323,0.03841,-0.046299,-0.371359,-0.394281,-0.840615,0.154256,-0.918975,0.362889,-0.915585,0.005092,0.40209,-0.003101,-0.013304,-0.007598,-0.001963,0.041638,-0.075635,-0.206092
100,0.111304,0.026562,0.386272,-0.341624,-0.394157,-0.853217,0.013857,-0.909836,0.414702,-0.939324,0.130333,0.31735,-0.005792,-0.024612,-0.014214,0.003145,-0.051005,0.10015,0.003664,-0.171993,0.046334,0.305703,-0.09364,0.904225,0.416655,-0.91198,-0.245661,0.328446,0.399467,-0.350354,0.847078,0.011783,0.055164,0.029154,-0.419148,-2.246961,-0.054512,-1.404459,0.033668,0.044201,-0.023922,-0.072326,-0.903544,0.422345,0.958814,0.053629,0.278925,-0.274671,0.425124,0.862452,0.006342,0.021815,0.017932,-2.4736,-4.014449,-3.493284,-0.811189,0.071155,0.038039,-0.046675,-0.369608,-0.389746,-0.843496,0.153416,-0.920916,0.358295,-0.916434,0.003023,0.400171,-0.002838,-0.012114,-0.006988,-0.002455,0.027287,-0.052384,-0.202336
101,0.111087,0.02573,0.385767,-0.340479,-0.386915,-0.856981,0.012863,-0.913255,0.40715,-0.939755,0.128078,0.316992,-0.004759,-0.020169,-0.011747,0.002817,0.03349,-0.045491,0.00715,-0.171814,0.048138,0.307193,-0.175368,0.918189,0.355201,-0.886655,-0.30399,0.348377,0.428077,-0.254996,0.866943,-0.000333,0.046941,0.039553,-0.49723,-1.675106,-0.126525,-1.404375,0.033763,0.045091,-0.023192,-0.001694,-0.933418,0.358786,0.947139,0.113607,0.300033,-0.320817,0.340329,0.883884,-0.000193,0.024072,0.020352,-0.082398,-1.291354,0.92533,-0.800575,0.07104,0.037617,-0.04693,-0.369821,-0.382004,-0.846938,0.152177,-0.92416,0.350385,-0.916555,0.000695,0.399906,-0.002339,-0.009948,-0.005788,-0.010583,0.005944,-0.042604,-0.195478
102,0.110995,0.025295,0.385604,-0.339904,-0.385781,-0.85772,0.012256,-0.913748,0.406063,-0.939972,0.127984,0.316386,-0.004405,-0.018647,-0.010901,0.004017,-0.063938,0.12589,0.002525,-0.171896,0.049011,0.307969,-0.212067,0.917666,0.336017,-0.875272,-0.331169,0.352364,0.434901,-0.220531,0.872978,-0.000326,0.04549,0.038003,-0.471426,-1.553234,-0.294144,-1.403925,0.033727,0.045536,-0.022797,0.032727,-0.940783,0.337424,0.941895,0.141956,0.304436,-0.334308,0.307854,0.890765,-0.00019,0.022868,0.019163,-0.048037,-1.072393,0.730312,-0.794043,0.070993,0.037392,-0.047016,-0.369292,-0.380941,-0.847647,0.151466,-0.924598,0.349535,-0.916886,0.000691,0.399147,0.003741,-0.015246,-0.001447,-0.033038,-0.065822,0.135988,-0.195151
103,0.110845,0.024576,0.385353,-0.340537,-0.376017,-0.861795,0.011222,-0.918124,0.396099,-0.939754,0.125677,0.317952,-0.003318,-0.014023,-0.008246,0.047906,0.109743,0.021902,-0.009608,-0.172006,0.050498,0.309386,-0.276201,0.907383,0.316798,-0.842993,-0.386918,0.373619,0.46194,-0.165002,0.871349,0.000575,0.028073,0.039698,-0.557566,-0.405413,0.317865,-1.403457,0.033667,0.046321,-0.022052,0.100993,-0.944385,0.312947,0.921941,0.207064,0.327334,-0.373929,0.255461,0.89158,0.000259,0.013762,0.01965,-0.571982,-0.391803,0.335954,-0.796819,0.070917,0.037029,-0.047143,-0.371467,-0.370948,-0.851122,0.150088,-0.928651,0.339233,-0.916234,-0.00173,0.400638,-0.00168,-0.007118,-0.004184,0.053233,0.041866,0.17288,-0.202499
104,0.110701,0.024082,0.385075,-0.33998,-0.369595,-0.864788,0.010312,-0.920959,0.389487,-0.939967,0.123954,0.318,-0.015203,-0.009571,-0.005435,-0.000651,0.030063,-0.054104,-0.011167,-0.171806,0.051667,0.310537,-0.327134,0.899179,0.290607,-0.807859,-0.425544,0.407688,0.490663,-0.102529,0.865217,-0.000259,0.030216,0.024555,-0.72585,0.165792,0.619323,-1.403081,0.033767,0.046913,-0.021471,0.151446,-0.946847,0.283802,0.897416,0.252069,0.362084,-0.414376,0.199852,0.887891,-0.000154,0.014692,0.011954,-0.841162,0.235116,0.653026,-0.798942,0.07085,0.036783,-0.047282,-0.37191,-0.36435,-0.853774,0.14885,-0.931255,0.332575,-0.916256,-0.003397,0.400577,-0.001388,-0.005874,-0.00347,-0.004631,-0.09012,0.142639,-0.207725
105,0.110482,0.023797,0.384771,-0.338792,-0.367553,-0.866124,0.009863,-0.921887,0.387297,-0.940403,0.123121,0.317035,-0.001677,0.00052,-0.01494,0.039776,-0.093444,0.168221,-0.000499,-0.171352,0.052684,0.311529,-0.352482,0.895737,0.270931,-0.785967,-0.44039,0.433873,0.508396,-0.061135,0.858871,0.012324,0.029575,0.022726,-0.797588,-0.698626,-0.970446,-1.403165,0.033989,0.047403,-0.020989,0.173168,-0.949001,0.263458,0.880709,0.268947,0.389895,-0.440867,0.164513,0.882366,0.00035,0.0084,0.014904,-1.950736,-2.299591,-4.292843,-0.7929,0.070735,0.036638,-0.047429,-0.370995,-0.362364,-0.855017,0.148297,-0.932027,0.330655,-0.916717,-0.004125,0.399514,-0.007374,-0.003797,-0.002142,-0.001899,0.027422,-0.055477,-0.205928
106,0.110369,0.023678,0.384645,-0.338525,-0.367122,-0.866411,0.009828,-0.92209,0.386813,-0.940499,0.122881,0.316842,-0.014539,-0.006644,-0.003735,0.003776,-0.062418,0.121948,0.003644,-0.171111,0.053098,0.312049,-0.370682,0.889931,0.265722,-0.771531,-0.454219,0.445374,0.517515,-0.041039,0.854609,0.012289,0.028483,0.021733,-1.938593,-2.400096,-4.25024,-1.402813,0.03411,0.047609,-0.020729,0.188265,-0.947811,0.257312,0.871552,0.282004,0.401084,-0.452715,0.148751,0.879159,0.00657,0.008067,0.0141,-0.723545,0.124359,0.435173,-0.79388,0.070684,0.036581,-0.047497,-0.370786,-0.361861,-0.85532,0.148255,-0.932221,0.330126,-0.916808,-0.0044,0.399302,-0.000979,-0.004126,-0.002449,-0.000747,0.012983,-0.025732,-0.202009
107,0.110261,0.023553,0.3844,-0.338598,-0.367419,-0.866257,0.010296,-0.922014,0.386983,-0.940468,0.122563,0.317057,-0.000656,0.004821,-0.012399,0.034201,-0.003272,-0.008969,-7e-06,-0.170646,0.053806,0.312819,-0.430118,0.864303,0.260709,-0.729282,-0.50276,0.46402,0.532669,0.008367,0.846202,0.01235,0.017586,0.012907,-1.920041,-2.43396,-4.491397,-1.402705,0.034338,0.047972,-0.020337,0.251034,-0.935383,0.249075,0.84173,0.338005,0.421002,-0.477988,0.103968,0.872191,-0.00012,0.007734,0.006134,-1.19801,-0.400959,-1.046363,-0.783266,0.070624,0.036514,-0.047617,-0.370782,-0.362082,-0.855229,0.14867,-0.932133,0.330187,-0.916742,-0.00472,0.399449,-0.000541,-0.002289,-0.001362,5.7e-05,-2e-05,-3.3e-05,-0.199234
108,0.110197,0.023577,0.384151,-0.338637,-0.367742,-0.866104,0.010966,-0.921954,0.387107,-0.940446,0.122042,0.317322,-0.000343,0.006134,-0.011618,0.034201,-0.003272,-0.008969,-0.001853,-0.170265,0.05417,0.313074,-0.469914,0.844804,0.255888,-0.690451,-0.532277,0.489789,0.550569,0.052418,0.833061,0.01247,0.006762,0.004301,-1.129877,-0.45533,-0.964413,-1.403084,0.034528,0.048162,-0.020202,0.294833,-0.924493,0.241629,0.811521,0.37576,0.447478,-0.504485,0.064156,0.861032,-5.5e-05,0.002757,0.002179,-0.416916,0.144533,0.12094,-0.785226,0.070593,0.036528,-0.047739,-0.37077,-0.362416,-0.855092,0.149339,-0.932001,0.330258,-0.916639,-0.005249,0.399681,-0.000109,0.003313,-0.005662,0.035037,-0.016393,0.016681,-0.201846
109,0.110158,0.023633,0.38399,-0.338573,-0.36781,-0.8661,0.011399,-0.921983,0.387025,-0.940464,0.121614,0.317433,-0.000364,0.006046,-0.01167,0.034999,-0.016379,0.016685,-0.000216,-0.170078,0.054276,0.313143,-0.491575,0.831907,0.257443,-0.668137,-0.549786,0.50126,0.559157,0.073353,0.825728,-7.8e-05,0.005075,0.004012,-0.706286,0.049063,-0.092559,-1.402873,0.034631,0.048214,-0.02017,0.322638,-0.915021,0.242157,0.790962,0.401162,0.462003,-0.519886,0.042477,0.853178,-4.9e-05,0.00216,0.001704,-0.709678,0.05565,-0.089772,-0.786369,0.070574,0.036557,-0.04782,-0.370704,-0.362495,-0.855087,0.149772,-0.931968,0.330156,-0.916595,-0.005678,0.399775,-0.000263,0.002669,-0.006044,0.034237,-0.003289,-0.008962,-0.201846
110,0.110078,0.023708,0.383612,-0.333983,-0.371414,-0.866344,0.017098,-0.921342,0.38834,-0.942023,0.115342,0.315145,-0.000882,0.003881,-0.012967,0.033894,-0.00389,-0.009275,0.006866,-0.169688,0.054258,0.313156,-0.530597,0.806827,0.259787,-0.62591,-0.57951,0.52186,0.572265,0.113279,0.812123,0.012608,-0.002457,-0.002995,-0.70571,0.064055,-0.09256,-1.402926,0.034821,0.048209,-0.02016,0.366144,-0.898525,0.242055,0.757592,0.438874,0.483159,-0.540363,0.006473,0.841407,0.006296,-0.001076,-0.001386,-0.992394,-0.552822,-0.986738,-0.79143,0.070535,0.036599,-0.048006,-0.36568,-0.365547,-0.855951,0.155441,-0.930715,0.331069,-0.917668,-0.011985,0.397164,-0.000365,0.002234,-0.006305,0.038983,0.004949,-0.005148,-0.198254
111,0.109922,0.023797,0.383232,-0.331592,-0.373065,-0.866554,0.017374,-0.920765,0.389694,-0.942865,0.114621,0.312882,-0.000566,0.005204,-0.012177,0.034726,-0.016959,0.016397,0.013272,-0.169101,0.054077,0.31295,-0.574477,0.775355,0.262284,-0.578765,-0.611256,0.539751,0.57954,0.157298,0.799533,0.025282,-0.006975,-0.007645,-0.490069,0.158386,0.155577,-1.402672,0.035109,0.048118,-0.020263,0.415475,-0.876775,0.242169,0.718504,0.479604,0.503717,-0.557792,-0.035282,0.829229,0.006354,-0.00408,-0.00377,-0.726143,0.050201,-0.103811,-0.793717,0.070455,0.036639,-0.048199,-0.363156,-0.36691,-0.856442,0.155778,-0.930169,0.332441,-0.918613,-0.012687,0.394953,-0.000383,0.002156,-0.006353,0.038761,0.004523,-0.005209,-0.189273
112,0.109667,0.023935,0.382859,-0.327249,-0.377617,-0.866233,0.029468,-0.920326,0.390004,-0.944085,0.102566,0.313385,-0.014018,-0.004294,-0.002383,-0.001756,0.027894,-0.055172,0.018575,-0.168432,0.053647,0.312761,-0.606822,0.747594,0.269928,-0.535483,-0.635367,0.556328,0.58817,0.192109,0.785502,0.012721,-0.006195,-0.005991,-0.455959,0.224876,0.205908,-1.40252,0.035449,0.047892,-0.020366,0.453214,-0.856224,0.247943,0.681983,0.512171,0.52209,-0.574016,-0.067526,0.816054,0.013111,-0.008661,0.000178,-0.663302,0.209034,0.215274,-0.792574,0.070334,0.036714,-0.048387,-0.358352,-0.370858,-0.856765,0.167784,-0.928355,0.331668,-0.918385,-0.024897,0.394902,-0.006572,0.003413,-0.005498,0.0329,0.01257,-0.03893,-0.184537
113,0.109506,0.023982,0.382672,-0.327329,-0.377994,-0.866038,0.030056,-0.920216,0.39022,-0.944039,0.102164,0.313657,-0.00101,0.003367,-0.013285,0.034195,-0.003299,-0.008982,0.032293,-0.168034,0.053339,0.312788,-0.620036,0.733539,0.278328,-0.516487,-0.648544,0.559075,0.591388,0.201971,0.780597,0.026242,-0.01586,0.001527,-0.120935,0.102051,0.011926,-1.402369,0.035642,0.047738,-0.020358,0.468471,-0.845653,0.255745,0.666015,0.528236,0.526677,-0.58048,-0.076403,0.810681,0.013105,-0.007516,0.001082,-0.017128,0.193083,-0.11113,-0.793553,0.070249,0.036736,-0.048476,-0.358398,-0.371286,-0.856561,0.168355,-0.928174,0.331885,-0.918263,-0.02526,0.395163,-0.006682,0.002968,-0.005766,0.032857,0.011684,-0.03843,-0.177026
114,0.109121,0.023995,0.382283,-0.325331,-0.380385,-0.865744,0.030509,-0.919281,0.392382,-0.944717,0.101708,0.311758,-0.01405,0.003215,-0.013195,-0.074141,-0.202982,-0.145881,0.070767,-0.16718,0.052638,0.312992,-0.653127,0.696771,0.296525,-0.468821,-0.679457,0.564341,0.595508,0.228692,0.770022,0.027243,-0.026507,0.009346,-0.352309,-0.176553,-0.324035,-1.402488,0.03606,0.047398,-0.020259,0.508321,-0.817137,0.27184,0.627383,0.567626,0.533094,-0.589914,-0.100435,0.801195,0.006897,-0.007445,0.001703,-1.829311,-2.949028,-4.151957,-0.79339,0.070062,0.036744,-0.048664,-0.35704,-0.373,-0.856383,0.169066,-0.927474,0.333477,-0.918661,-0.02572,0.394207,-0.007381,-0.003666,-0.002112,-0.220583,-0.386083,-0.259937,-0.140122
115,0.108696,0.02398,0.381773,-0.323191,-0.382609,-0.865565,0.031116,-0.918439,0.394302,-0.945434,0.100971,0.309818,-0.014553,0.001225,-0.01442,0.011999,-0.030836,-0.059753,0.11936,-0.166254,0.051697,0.313109,-0.668034,0.67409,0.315156,-0.435097,-0.697302,0.569557,0.604526,0.242511,0.758683,0.013876,-0.020874,-0.00142,-0.589652,-0.048891,-0.182257,-1.402819,0.036526,0.04694,-0.020191,0.52956,-0.797385,0.289381,0.598814,0.59303,0.538271,-0.600822,-0.111762,0.791531,0.013338,-0.01045,-0.001269,-2.268232,-2.861883,-3.897708,-0.791268,0.069855,0.036736,-0.048919,-0.353476,-0.375453,-0.85679,0.16939,-0.926467,0.336102,-0.919978,-0.026328,0.391083,-0.001498,-0.00618,-0.003739,-0.015371,-0.020916,-0.043295,-0.077255
116,0.108492,0.023944,0.381501,-0.320946,-0.384371,-0.86562,0.031029,-0.917734,0.395946,-0.946203,0.10069,0.307551,-0.014853,4.7e-05,-0.015149,-0.014947,-0.084338,-0.086694,0.136396,-0.165844,0.051228,0.313155,-0.671505,0.666959,0.32286,-0.422656,-0.702509,0.572518,0.609497,0.24715,0.753189,0.014846,-0.030892,0.006927,-0.790414,-0.154678,-1.636513,-1.402866,0.036748,0.046679,-0.020173,0.534893,-0.791139,0.296629,0.586615,0.600398,0.543512,-0.608088,-0.116713,0.785242,0.007419,-0.015547,0.003381,-0.792541,-0.103175,-1.691071,-0.79192,0.069747,0.036719,-0.04906,-0.351183,-0.376907,-0.857094,0.169427,-0.925868,0.33773,-0.92085,-0.02661,0.389007,-0.001247,-0.001367,-0.008501,-0.018184,-0.09475,-0.087463,-0.050639
