frame,MLTx,MLTy,MLTz,MLTR1,MLTR2,MLTR3,MLTR4,MLTR5,MLTR6,MLTR7,MLTR8,MLTR9,MLTTVx,MLTTVy,MLTTVz,MLTRVx,MLTRVy,MLTRVz,MLGA,MRTx,MRTy,MRTz,MRTR1,MRTR2,MRTR3,MRTR4,MRTR5,MRTR6,MRTR7,MRTR8,MRTR9,MRTTVx,MRTTVy,MRTTVz,MRTRVx,MRTRVy,MRTRVz,MRGA,SLTx,SLTy,SLTz,SLTR1,SLTR2,SLTR3,SLTR4,SLTR5,SLTR6,SLTR7,SLTR8,SLTR9,SLTTVx,SLTTVy,SLTTVz,SLTRVx,SLTRVy,SLTRVz,SLGA,SRTx,SRTy,SRTz,SRTR1,SRTR2,SRTR3,SRTR4,SRTR5,SRTR6,SRTR7,SRTR8,SRTR9,SRTTVx,SRTTVy,SRTTVz,SRTRVx,SRTRVy,SRTRVz,SRGA
80,0.082166,0.002396,0.35859,-0.018568,0.10331,-0.994498,-0.110143,-0.988786,-0.100713,-0.993733,0.107532,0.030976,0.027438,0.003189,-0.013931,-1.680039,0.63578,0.560807,0.381389,-0.109523,0.011202,0.341624,0.353656,-0.146596,0.923812,0.260646,0.963927,0.053305,-0.898726,0.222098,0.377925,-0.054197,-0.005925,0.001716,-0.014648,0.048462,-0.099449,0.524694,0.036337,0.023913,-0.013371,-0.315365,0.140895,0.938452,-0.256379,-0.964792,0.058694,0.913682,-0.222089,0.340384,-0.02717,-0.002622,0.001185,-0.038208,0.113979,-0.219503,0.512118,0.079294,0.026588,-0.064581,-0.036425,0.175026,-0.983889,-0.055048,-0.983399,-0.172901,-0.997818,0.047864,0.045455,0.013739,0.0016,-0.006957,-1.690016,0.643429,0.57508,0.32199
81,0.082423,0.002388,0.358436,-0.036816,0.114456,-0.992768,-0.141259,-0.984021,-0.108262,-0.989256,0.136103,0.05363,0.012567,-0.005638,-0.004132,-0.09096,1.018921,0.555147,0.3822,-0.11052,0.01109,0.34172,0.353249,-0.163486,0.921129,0.281805,0.957433,0.061983,-0.892476,0.237866,0.383104,-0.054604,-0.003633,0.003564,5.066516,0.347979,2.085216,0.524912,0.035839,0.023854,-0.013327,-0.316039,0.155658,0.935889,-0.271514,-0.960029,0.067986,0.909064,-0.232621,0.34567,-0.019725,-0.006246,0.006014,-0.117139,0.01431,-0.080213,0.513751,0.079424,0.026586,-0.064656,-0.054645,0.184729,-0.981268,-0.086893,-0.979888,-0.179631,-0.994717,0.07545,0.069598,0.006317,-0.002797,-0.002031,-0.091968,1.091915,0.607276,0.324276
82,0.082653,0.002049,0.358443,-0.065689,0.146463,-0.987055,-0.209659,-0.969093,-0.129899,-0.975498,0.198224,0.095594,0.011484,-0.016455,0.004519,-5.580475,0.491075,1.193472,0.389808,-0.112332,0.01108,0.341978,0.357061,-0.191067,0.914326,0.297425,0.951119,0.082732,-0.885869,0.24262,0.395264,-0.042199,0.004424,0.008471,-0.806103,-1.503083,2.134676,0.524877,0.03493,0.02384,-0.013203,-0.318433,0.182727,0.930167,-0.291978,-0.952446,0.087148,0.901858,-0.243838,0.356642,-0.01435,0.002978,0.004098,0.010447,-0.085443,0.13834,0.515547,0.079534,0.026422,-0.064654,-0.084609,0.2132,-0.973337,-0.150157,-0.968413,-0.199068,-0.985034,0.129311,0.11395,-0.00107,-0.007044,0.003006,-0.085251,0.785635,0.364994,0.333094
83,0.082371,0.001632,0.358686,-0.093198,0.180527,-0.979168,-0.266695,-0.951992,-0.150186,-0.959163,0.246912,0.138088,-0.014255,0.000582,-3e-06,-0.5722,1.032557,0.628559,0.39996,-0.113762,0.011443,0.342449,0.358435,-0.215607,0.908311,0.315689,0.943593,0.099532,-0.878967,0.251317,0.405117,-0.030023,0.01398,0.014566,0.013649,-0.098662,0.162659,0.525015,0.034199,0.024021,-0.012967,-0.320867,0.209788,0.923597,-0.309497,-0.94485,0.107093,0.895128,-0.251488,0.3681,-0.01509,0.007373,0.007631,0.016029,-0.091536,0.151088,0.516037,0.079403,0.026205,-0.064533,-0.113727,0.245748,-0.962638,-0.213591,-0.952316,-0.217879,-0.97028,0.180832,0.160794,-0.007712,-0.005224,0.004253,-1.770939,0.998521,0.832259,0.342401
84,0.082006,0.001474,0.35886,-0.104482,0.200053,-0.974221,-0.291873,-0.94257,-0.162305,-0.950618,0.267136,0.158084,-0.015209,-0.009766,0.009038,-0.26151,1.136694,0.554565,0.414897,-0.114384,0.011739,0.342795,0.35913,-0.226038,0.905496,0.322586,0.940443,0.106947,-0.876175,0.253954,0.409497,-0.030559,0.017394,0.017259,0.013695,-0.098575,0.162583,0.525418,0.0339,0.024163,-0.0128,-0.321664,0.220069,0.920924,-0.316032,-0.941792,0.114671,0.892555,-0.254156,0.37249,-0.015418,0.009394,0.009226,0.017462,-0.107864,0.178425,0.516527,0.079215,0.026127,-0.064445,-0.126578,0.264786,-0.955963,-0.239914,-0.943275,-0.229505,-0.962506,0.200299,0.182923,-0.007563,-0.004781,0.004624,-0.272674,1.247221,0.607117,0.354975
85,0.081057,0.001344,0.359221,-0.118408,0.230293,-0.965914,-0.340388,-0.923184,-0.178433,-0.932667,0.307366,0.188903,-0.02809,-0.004921,0.012507,-0.096585,0.730996,0.295581,0.436122,-0.115457,0.012504,0.343661,0.361481,-0.245415,0.899497,0.331905,0.935362,0.121946,-0.871718,0.254752,0.418415,-0.01803,0.024928,0.021565,0.017504,-0.128511,0.217115,0.527973,0.033351,0.024555,-0.012358,-0.324332,0.239578,0.915101,-0.324757,-0.936798,0.130157,0.888448,-0.254972,0.381638,-0.009079,0.012746,0.011035,0.018921,-0.12402,0.209945,0.517343,0.07874,0.02606,-0.064266,-0.142606,0.293902,-0.945137,-0.289633,-0.92549,-0.244091,-0.946454,0.238934,0.217103,-0.01402,-0.002391,0.006334,-0.093403,0.741893,0.297834,0.388123
86,0.079868,0.001558,0.359498,-0.124066,0.248243,-0.960743,-0.380643,-0.906011,-0.185002,-0.916222,0.342434,0.208092,-0.026587,0.007055,0.004769,-0.17726,0.49029,0.233789,0.448435,-0.116414,0.013193,0.344791,0.360771,-0.27113,0.89237,0.352449,0.925442,0.138817,-0.86391,0.264752,0.428286,-0.030042,0.014829,0.031814,-0.11103,-0.661273,1.073542,0.531372,0.032884,0.024897,-0.011802,-0.323744,0.264158,0.90852,-0.344386,-0.927265,0.146889,0.881241,-0.265327,0.391169,-0.008397,0.008036,0.015692,-0.365339,-1.591397,2.564452,0.517997,0.078155,0.026165,-0.064129,-0.148406,0.310231,-0.939005,-0.330463,-0.910494,-0.248583,-0.932078,0.273415,0.237643,-0.019971,0.0052,0.003527,-0.53458,0.647935,0.388538,0.40935
87,0.078387,0.001926,0.359693,-0.121447,0.254671,-0.959395,-0.412841,-0.891895,-0.184548,-0.902534,0.373343,0.21465,-0.040462,0.008873,0.00571,-0.046352,0.043245,-0.075104,0.46755,-0.117368,0.013623,0.346105,0.361573,-0.287189,0.887005,0.360974,0.920245,0.150936,-0.860046,0.26595,0.435264,-0.029581,0.012966,0.030076,-0.042233,-0.147831,0.225347,0.531621,0.032394,0.025124,-0.011127,-0.325022,0.281392,0.902872,-0.352633,-0.921914,0.160383,0.877501,-0.266255,0.39887,-0.014809,0.006456,0.015037,-0.042691,-0.147737,0.224473,0.518323,0.077406,0.026354,-0.064029,-0.146954,0.31749,-0.936805,-0.363592,-0.89812,-0.247344,-0.919893,0.304267,0.247419,-0.020239,0.004416,0.002865,-0.038781,0.003518,-0.096904,0.432048
88,0.077568,0.002082,0.359777,-0.120379,0.257664,-0.95873,-0.428723,-0.884497,-0.183938,-0.895245,0.388562,0.218134,-0.041059,0.007171,0.004291,-0.146647,0.027348,-0.050399,0.477933,-0.117897,0.013757,0.346811,0.360686,-0.294426,0.884992,0.367476,0.916921,0.15541,-0.85766,0.269506,0.437777,-0.016195,0.014555,0.029719,-0.018779,-0.121077,0.196695,0.531787,0.032146,0.025186,-0.010799,-0.324151,0.288177,0.901043,-0.358866,-0.918736,0.164733,0.875294,-0.269956,0.401226,-0.01473,0.006179,0.014762,-0.020944,-0.105408,0.165747,0.51865,0.077013,0.026432,-0.063986,-0.145988,0.320487,-0.935934,-0.379726,-0.891755,-0.246129,-0.913506,0.319467,0.251882,-0.020605,0.003369,0.002,-0.480304,-0.053551,-0.018276,0.445274
89,0.075886,0.002298,0.359944,-0.117048,0.257959,-0.959063,-0.45439,-0.872557,-0.179291,-0.882949,0.414478,0.220538,-0.041578,0.005801,0.003114,-5.30324,-0.946713,1.13015,0.495143,-0.119019,0.013889,0.348042,0.357062,-0.310836,0.88084,0.384954,0.908113,0.164544,-0.85148,0.280699,0.442778,-0.027165,-0.001536,0.035322,-0.045345,-0.096923,0.153218,0.531646,0.031579,0.025261,-0.01017,-0.320781,0.304914,0.89673,-0.376062,-0.909941,0.17488,0.869296,-0.281128,0.406559,-0.014334,0.00417,0.013102,0.018868,-0.097553,0.185655,0.518976,0.076172,0.026539,-0.063903,-0.143901,0.319989,-0.936428,-0.400714,-0.884069,-0.240519,-0.904831,0.34063,0.255442,-0.027645,0.004079,0.002283,-0.001625,0.071639,-0.144491,0.471401
90,0.074151,0.002425,0.360047,-0.119602,0.261577,-0.957767,-0.475058,-0.862119,-0.176187,-0.871654,0.433593,0.228567,-0.042661,0.002935,0.000698,-0.16355,0.409404,0.122335,0.504737,-0.120214,0.013937,0.34915,0.35664,-0.321534,0.877163,0.391124,0.903995,0.172476,-0.84884,0.28195,0.447033,-0.028061,0.005615,0.023901,-0.023006,-0.090514,0.143125,0.531782,0.030971,0.025286,-0.009601,-0.320558,0.31574,0.893056,-0.381907,-0.905864,0.183184,0.866826,-0.282344,0.410965,-0.01403,0.002666,0.011864,-0.02339,-0.090518,0.142301,0.519303,0.075305,0.026606,-0.063849,-0.144103,0.322796,-0.935433,-0.426899,-0.87309,-0.235519,-0.892743,0.365397,0.263616,-0.021285,0.001589,0.000482,-0.522651,0.623665,0.351159,0.490016
91,0.073297,0.002456,0.360105,-0.120246,0.266957,-0.956201,-0.490723,-0.853225,-0.176553,-0.862844,0.447664,0.234788,-0.043512,-0.006715,0.010288,-1.633855,0.035351,0.426979,0.505453,-0.12081,0.013966,0.349611,0.355577,-0.328594,0.874976,0.396848,0.900604,0.177077,-0.846624,0.284659,0.44951,-0.027704,0.003674,0.022355,-0.02305,-0.090314,0.143241,0.53175,0.030683,0.025299,-0.009379,-0.319585,0.32271,0.890911,-0.387427,-0.902538,0.187945,0.864733,-0.285099,0.413464,-0.013845,0.001657,0.011064,-0.022979,-0.089481,0.141035,0.519303,0.074878,0.026622,-0.063826,-0.146401,0.328992,-0.932914,-0.441798,-0.865542,-0.235903,-0.885088,0.377623,0.272065,-0.021482,0.001225,9.9e-05,-5.298914,-0.577046,1.3734,0.495405
92,0.07164,0.002494,0.360175,-0.12756,0.287491,-0.949275,-0.517661,-0.835643,-0.183571,-0.845879,0.467625,0.256599,-0.042782,0.002946,0.00061,-0.040554,0.698247,0.233084,0.513897,-0.122011,0.014055,0.350317,0.355101,-0.339527,0.870986,0.40294,0.89625,0.185228,-0.843941,0.285585,0.453947,-0.039944,-0.00372,0.01803,-0.029027,-0.064335,0.094407,0.532019,0.030086,0.02535,-0.009022,-0.319316,0.333755,0.886929,-0.393196,-0.898223,0.196445,0.862225,-0.286009,0.418048,-0.01419,0.004571,0.004887,0.007956,-0.105312,0.175539,0.519466,0.074049,0.026637,-0.063788,-0.15389,0.34818,-0.924709,-0.471309,-0.848398,-0.241011,-0.868437,0.398735,0.29466,-0.021346,0.001582,0.000423,-0.078968,0.849934,0.585589,0.503406
93,0.070024,0.002497,0.36023,-0.131427,0.318598,-0.938758,-0.559318,-0.805633,-0.195169,-0.818319,0.499013,0.285248,-0.043186,0.002092,-0.000163,-0.171337,0.836403,0.359964,0.515793,-0.123148,0.014149,0.350668,0.354323,-0.349358,0.867408,0.409208,0.891929,0.192212,-0.841246,0.287262,0.457874,-0.02739,0.003249,0.005214,-0.004089,0.03041,-0.05849,0.532117,0.029513,0.025396,-0.008841,-0.31872,0.343697,0.883339,-0.399193,-0.893932,0.203785,0.859687,-0.287673,0.422115,-0.012987,-0.00342,0.007137,-0.024095,-0.072666,0.113876,0.519303,0.073241,0.02664,-0.063759,-0.159362,0.378005,-0.911983,-0.514634,-0.820149,-0.250013,-0.842469,0.429495,0.325234,-0.022143,-0.004139,0.004465,-0.532982,0.835853,0.466242,0.511407
94,0.068555,0.002321,0.360339,-0.136966,0.348679,-0.927205,-0.590479,-0.780237,-0.206243,-0.795189,0.518809,0.313907,-0.029776,-0.001053,-0.002188,-1.555879,0.227287,0.716519,0.51579,-0.123639,0.014197,0.350766,0.354929,-0.353445,0.865501,0.40991,0.890821,0.19582,-0.840648,0.285698,0.459945,-0.027198,0.002104,0.004333,0.011142,-0.082045,0.138903,0.531849,0.029053,0.025434,-0.008765,-0.318045,0.354126,0.879455,-0.405538,-0.889289,0.211427,0.856962,-0.289409,0.426446,-0.006884,0.001089,0.001522,0.434806,0.104176,0.224009,0.51914,0.072501,0.026551,-0.063705,-0.167919,0.40792,-0.897442,-0.546147,-0.796384,-0.259797,-0.820686,0.446511,0.356513,-0.022227,-0.004106,0.004427,-5.173041,-0.468526,1.927706,0.51255
95,0.067817,0.002148,0.360442,-0.138712,0.362542,-0.921611,-0.605704,-0.767263,-0.210717,-0.783347,0.528541,0.327169,-0.031308,-0.012347,0.006048,-0.50801,0.411383,0.304685,0.515856,-0.124448,0.014213,0.350886,0.354016,-0.364445,0.861304,0.416876,0.885829,0.20361,-0.837601,0.287412,0.464416,-0.013484,0.000356,0.001632,-0.023371,-0.026832,0.028611,0.532011,0.028858,0.025426,-0.008732,-0.31869,0.358757,0.877342,-0.406383,-0.887932,0.21547,0.856323,-0.287869,0.428768,-0.013328,-0.00074,0.00082,-0.067,-0.218666,0.321601,0.519303,0.072149,0.02647,-0.063655,-0.170093,0.420915,-0.891009,-0.562085,-0.784111,-0.263114,-0.809399,0.45607,0.369961,-0.015726,-0.006282,0.002935,-5.139627,-0.548953,2.235112,0.512877
96,0.066446,0.001716,0.360778,-0.142851,0.384159,-0.912173,-0.626386,-0.748612,-0.217239,-0.766148,0.539859,0.348707,-0.030703,-0.010501,0.007546,-0.042998,0.325421,0.039807,0.515467,-0.125053,0.01407,0.35098,0.352106,-0.36981,0.859799,0.42317,0.882217,0.206289,-0.835243,0.291648,0.466019,-0.011551,-0.013298,0.007958,-0.025047,-0.076409,0.122888,0.531904,0.02856,0.02536,-0.008688,-0.316842,0.364027,0.875839,-0.412556,-0.884379,0.218331,0.854053,-0.292156,0.43039,-0.00573,-0.006988,0.003738,-0.025141,-0.076504,0.122281,0.519303,0.071458,0.026258,-0.063497,-0.175014,0.442292,-0.879629,-0.585277,-0.765162,-0.268287,-0.79172,0.467873,0.392777,-0.02223,-0.003954,0.004535,-0.035668,0.29174,0.207708,0.512713
97,0.064987,0.001202,0.361265,-0.145295,0.403447,-0.903418,-0.646584,-0.72981,-0.221987,-0.748711,0.551377,0.368025,-0.045163,-0.016739,0.0193,-0.079202,0.506132,0.104358,0.515836,-0.125537,0.01365,0.35113,0.347885,-0.37487,0.859325,0.433218,0.877072,0.207364,-0.831846,0.300586,0.466415,-0.011339,-0.014892,0.006758,-0.025081,-0.076238,0.122985,0.532203,0.028313,0.025146,-0.008615,-0.312652,0.369074,0.875232,-0.422569,-0.879267,0.219825,0.850696,-0.301117,0.430864,-0.005623,-0.007804,0.003122,-0.038625,0.021606,-0.049968,0.519466,0.070722,0.025995,-0.063252,-0.178008,0.459742,-0.870028,-0.606419,-0.747556,-0.270951,-0.774963,0.479371,0.411867,-0.015453,-0.005371,0.003675,-0.047004,0.630146,0.200555,0.512877
98,0.064199,0.000905,0.361566,-0.140916,0.413944,-0.899354,-0.655239,-0.719933,-0.228754,-0.741999,0.55654,0.373801,-0.03062,-0.009894,0.007994,-0.042725,0.433622,0.095891,0.515484,-0.12578,0.013368,0.351234,0.345735,-0.376333,0.859553,0.437666,0.874911,0.20715,-0.83041,0.30503,0.466089,-0.011309,-0.015187,0.006536,-0.038319,0.021792,-0.049541,0.531877,0.028188,0.024998,-0.008562,-0.310506,0.370636,0.875336,-0.427043,-0.877086,0.219893,0.849246,-0.305529,0.430618,-0.005648,-0.007683,0.003212,-0.03871,0.021659,-0.049926,0.519466,0.070323,0.025845,-0.063096,-0.174264,0.470399,-0.865075,-0.615717,-0.737645,-0.277075,-0.768455,0.484357,0.418178,-0.022582,-0.008256,0.009759,-0.08152,0.560189,0.124683,0.512713
99,0.062331,0.000348,0.3623,-0.137948,0.437865,-0.88842,-0.673933,-0.698768,-0.239809,-0.72564,0.565106,0.392591,-0.058675,-0.012727,0.021843,-4.990124,-0.578545,2.328123,0.515011,-0.126428,0.01288,0.351388,0.339132,-0.380132,0.860512,0.451473,0.868204,0.205736,-0.825718,0.319182,0.464946,-0.026023,-0.00615,-0.001938,-0.004089,0.030411,-0.05849,0.532106,0.027874,0.024755,-0.008485,-0.303869,0.374489,0.876025,-0.440946,-0.870374,0.219122,0.844529,-0.319696,0.429609,-0.012241,-0.008684,0.003137,-0.042742,0.050956,-0.104467,0.520119,0.0694,0.025568,-0.062734,-0.174713,0.491928,-0.852925,-0.631247,-0.720764,-0.286399,-0.755646,0.488369,0.436455,-0.022512,-0.007876,0.010053,-0.082038,0.887106,0.525923,0.512387
100,0.060073,-0.000105,0.363098,-0.131424,0.465458,-0.875284,-0.686805,-0.679403,-0.258229,-0.71471,0.56663,0.410058,-0.058728,-0.012322,0.02209,-0.075329,0.735061,0.157139,0.515695,-0.1274,0.012696,0.351275,0.335273,-0.386881,0.859015,0.461129,0.862433,0.208576,-0.821943,0.326651,0.466446,-0.026126,-0.0055,-0.00146,0.009944,-0.067464,0.115211,0.531846,0.027398,0.024659,-0.008539,-0.300094,0.381226,0.874419,-0.45043,-0.86467,0.222391,0.840865,-0.327127,0.431198,-0.019604,-0.004064,-0.001031,0.00573,0.049256,-0.084649,0.520283,0.068298,0.025345,-0.062345,-0.166893,0.519508,-0.838007,-0.649679,-0.697269,-0.302873,-0.741662,0.493889,0.453882,-0.029455,-0.006372,0.0109,-0.03876,0.770705,0.46074,0.512713
101,0.058921,-0.000323,0.363534,-0.128261,0.477699,-0.869137,-0.690993,-0.67163,-0.267233,-0.711243,0.565695,0.417312,-0.058647,-0.011861,0.022433,-0.070365,0.464162,0.23479,0.51573,-0.127989,0.01265,0.351163,0.336198,-0.393384,0.855694,0.461191,0.860893,0.214709,-0.821532,0.322926,0.469753,-0.039143,-0.008647,-0.002502,-0.01255,0.033059,-0.070346,0.531612,0.027098,0.024642,-0.008596,-0.301184,0.387905,0.871101,-0.450304,-0.863102,0.22865,0.840544,-0.323395,0.434627,-0.013666,0.001665,-0.005706,0.010544,0.000556,-0.012512,0.520283,0.067695,0.025233,-0.062118,-0.165133,0.532713,-0.830028,-0.654545,-0.688729,-0.311806,-0.737768,0.491801,0.462416,-0.035967,-0.003869,0.012593,-0.073456,0.545608,0.264486,0.51304
102,0.056333,-0.000706,0.364513,-0.121042,0.504777,-0.854748,-0.699419,-0.654341,-0.287442,-0.704248,0.562404,0.433316,-0.071967,-0.007266,0.025386,-0.075159,0.828246,0.381667,0.514513,-0.12942,0.012575,0.35084,0.3359,-0.412696,0.846667,0.467447,0.853364,0.230645,-0.818109,0.318795,0.478467,-0.040526,0.001487,-0.01153,0.046678,0.007152,0.011768,0.532029,0.026368,0.024601,-0.00876,-0.301307,0.407224,0.862195,-0.455871,-0.855704,0.244847,0.837492,-0.319277,0.443472,-0.020245,0.000654,-0.005807,0.04998,0.013656,0.001673,0.520283,0.066406,0.02504,-0.061629,-0.158536,0.557319,-0.815022,-0.663951,-0.671131,-0.329775,-0.730776,0.488853,0.476431,-0.035864,-0.003313,0.013006,-0.063864,0.166973,0.283593,0.51255
103,0.053484,-0.00093,0.365524,-0.115859,0.530066,-0.84003,-0.713626,-0.632623,-0.300828,-0.690745,0.563952,0.45261,-0.071721,-0.006078,0.026246,-4.719204,-0.817596,2.888955,0.510973,-0.131243,0.012486,0.350432,0.337629,-0.431426,0.836582,0.470342,0.847122,0.247177,-0.815736,0.310547,0.487852,-0.040393,0.000389,-0.012398,0.041418,-0.045413,0.079819,0.531776,0.025471,0.024556,-0.008959,-0.303489,0.425904,0.852349,-0.458048,-0.849611,0.261442,0.835515,-0.311072,0.452932,-0.026828,-0.000378,-0.005942,0.057559,-0.135267,0.237266,0.519303,0.064982,0.024927,-0.061125,-0.157843,0.580887,-0.798533,-0.675548,-0.653338,-0.341733,-0.720221,0.485508,0.495542,-0.035697,-0.002628,0.01351,-0.068813,0.846764,0.640784,0.507651
104,0.050502,-0.000956,0.366593,-0.107558,0.55521,-0.824754,-0.730702,-0.606623,-0.313139,-0.674047,0.568276,0.471966,-0.070553,-0.002848,0.028839,-0.485821,0.60227,0.60803,0.505607,-0.133352,0.012504,0.349905,0.337608,-0.438202,0.833061,0.474285,0.843593,0.25167,-0.813457,0.310673,0.491561,-0.066921,-0.002161,-0.011746,0.052405,-0.128124,0.218303,0.531933,0.024427,0.024564,-0.009224,-0.303616,0.432484,0.848984,-0.461759,-0.846202,0.265931,0.833423,-0.311285,0.456625,-0.026793,-0.000694,-0.006204,0.039356,-0.030523,0.050058,0.51914,0.063489,0.02491,-0.060594,-0.148199,0.606419,-0.781211,-0.697921,-0.623797,-0.351827,-0.700673,0.493083,0.515679,-0.042048,0.000437,0.015592,-1.460327,0.295925,1.142323,0.503569
105,0.048953,-0.000898,0.367146,-0.10199,0.566599,-0.817685,-0.738315,-0.593938,-0.319532,-0.666582,0.570413,0.479922,-0.069028,0.008088,0.020159,-0.075649,0.506154,0.298276,0.504259,-0.134529,0.012562,0.349577,0.33759,-0.44089,0.831649,0.476177,0.842053,0.253249,-0.812358,0.311051,0.493138,-0.053581,-0.001564,-0.012638,0.039411,-0.030866,0.050149,0.531746,0.023859,0.024592,-0.009379,-0.303665,0.435124,0.847616,-0.463522,-0.844719,0.267576,0.832426,-0.311635,0.458201,-0.026755,-0.001025,-0.006465,0.039348,-0.03087,0.050093,0.51914,0.062746,0.024935,-0.060325,-0.14315,0.618079,-0.772972,-0.706579,-0.610704,-0.357473,-0.693004,0.494993,0.524144,-0.03527,-0.001265,0.014561,-0.498237,0.701402,0.664506,0.499814
106,0.046108,-0.000749,0.368186,-0.089093,0.586329,-0.805187,-0.756871,-0.565295,-0.327961,-0.647359,0.579473,0.495141,-0.070011,-0.001005,0.030182,-0.191279,0.409743,0.293117,0.496632,-0.136808,0.012732,0.348889,0.337867,-0.445109,0.829286,0.478742,0.83981,0.255847,-0.810734,0.311111,0.495766,-0.053528,-0.002093,-0.013101,0.02629,0.067611,-0.122122,0.53179,0.022693,0.024681,-0.00973,-0.304054,0.439671,0.845127,-0.466136,-0.84234,0.270517,0.830823,-0.311692,0.461063,-0.034069,0.003849,-0.010488,0.073821,-0.023507,0.040052,0.51914,0.061292,0.025015,-0.059796,-0.131441,0.637888,-0.758829,-0.726894,-0.5825,-0.363753,-0.674052,0.503777,0.540241,-0.035019,-0.000498,0.015143,-0.481741,0.431094,0.535793,0.494425
107,0.043509,-0.000798,0.369204,-0.072504,0.604571,-0.793273,-0.764073,-0.544819,-0.34545,-0.640957,0.580319,0.502425,-0.06947,0.007782,0.019607,-4.415631,-1.581613,2.95976,0.479917,-0.139035,0.012967,0.34813,0.33845,-0.449044,0.826923,0.480519,0.837977,0.258515,-0.809438,0.310402,0.49832,-0.054808,0.008278,-0.021957,0.041426,0.016944,-0.045182,0.531759,0.021581,0.024795,-0.010106,-0.304745,0.443616,0.842813,-0.467779,-0.840536,0.273277,0.829645,-0.310971,0.463664,-0.027404,0.004248,-0.010858,0.000257,-0.192397,0.274639,0.51914,0.059968,0.024992,-0.059273,-0.116912,0.656531,-0.745183,-0.734507,-0.562183,-0.380065,-0.668454,0.502908,0.547953,-0.034837,0.003731,0.009705,-4.415843,-1.609372,2.939417,0.475646
108,0.042282,-0.000912,0.369736,-0.062952,0.616384,-0.784954,-0.764469,-0.535336,-0.359129,-0.641505,0.576697,0.505883,-0.057674,-0.006792,0.026055,1.628232,-0.435,2.243407,0.47256,-0.140069,0.013102,0.347742,0.338744,-0.450598,0.825957,0.481267,0.837239,0.259513,-0.808871,0.310143,0.499402,-0.041615,0.010238,-0.021763,0.064742,0.044272,-0.073347,0.531937,0.021043,0.024864,-0.010309,-0.305088,0.445134,0.841888,-0.468501,-0.839814,0.274259,0.829112,-0.310752,0.464762,-0.020796,0.00511,-0.010849,0.066549,0.048314,-0.07896,0.51914,0.059376,0.024938,-0.059017,-0.108788,0.666888,-0.737173,-0.737522,-0.55136,-0.389952,-0.666502,0.50126,0.551826,-0.028968,-0.003653,0.012845,-0.090286,0.747875,0.366887,0.465849
109,0.039926,-0.00132,0.370815,-0.034918,0.64374,-0.764476,-0.76136,-0.512592,-0.39693,-0.647349,0.567379,0.508968,-0.060248,-0.019022,0.033465,0.428542,0.617805,1.247959,0.454524,-0.14197,0.013489,0.346912,0.340668,-0.467604,0.815648,0.48416,0.830851,0.274243,-0.806334,0.302046,0.508386,-0.054883,0.009454,-0.021128,0.073961,-0.044803,0.073674,0.530659,0.020113,0.025053,-0.010717,-0.307482,0.462243,0.831736,-0.470738,-0.833524,0.28921,0.826958,-0.302603,0.473889,-0.020833,0.005687,-0.010426,0.0762,-0.058551,0.100533,0.519303,0.0582,0.024741,-0.058478,-0.080043,0.693397,-0.716095,-0.73531,-0.526105,-0.427237,-0.672987,0.492355,0.551973,-0.02972,-0.005031,0.011607,1.678074,-0.401366,2.171126,0.443315
110,0.037871,-0.002136,0.371908,-0.012188,0.671918,-0.740556,-0.758863,-0.488428,-0.43074,-0.651124,0.555893,0.516767,-0.048294,-0.025747,0.028684,-0.102162,0.544535,0.716369,0.426327,-0.143612,0.013995,0.346084,0.341137,-0.475837,0.810677,0.488049,0.826651,0.279982,-0.803787,0.300716,0.513185,-0.028531,0.013886,-0.020278,0.0819,-0.086702,0.151355,0.529364,0.019282,0.025302,-0.011132,-0.308157,0.470301,0.826955,-0.474368,-0.829445,0.294948,0.824629,-0.301391,0.478696,-0.020828,0.005822,-0.010341,0.078529,-0.05572,0.095818,0.51914,0.057169,0.024337,-0.057929,-0.058892,0.722663,-0.688687,-0.734396,-0.498648,-0.460448,-0.676161,0.478652,0.560087,-0.024211,-0.012979,0.014283,-0.12528,0.760184,0.821318,0.410167
111,0.03599,-0.003161,0.373105,-0.000112,0.701296,-0.712902,-0.763524,-0.460375,-0.452833,-0.64578,0.543393,0.536394,-0.047609,-0.023862,0.030253,-0.13257,0.941842,0.68613,0.410995,-0.145026,0.014639,0.345176,0.341541,-0.485096,0.804999,0.492644,0.821743,0.286312,-0.800806,0.299381,0.518598,-0.028415,0.012901,-0.021032,0.079457,-0.074101,0.127643,0.527717,0.018585,0.025623,-0.011576,-0.308821,0.47956,0.821371,-0.47864,-0.824622,0.301497,0.821907,-0.300033,0.484197,-0.014234,0.006939,-0.010116,0.064027,0.00406,-0.007508,0.519303,0.056226,0.023818,-0.057335,-0.047745,0.749625,-0.660137,-0.740861,-0.469851,-0.479961,-0.669958,0.466155,0.577802,-0.023751,-0.011789,0.015284,-0.096185,0.335038,0.633547,0.379305
112,0.035089,-0.003642,0.373751,0.002544,0.713129,-0.701061,-0.765063,-0.45,-0.460599,-0.643955,0.536639,0.545315,-0.048037,-0.03172,0.04152,-0.150606,0.5037,0.478222,0.408945,-0.145604,0.01493,0.344761,0.341483,-0.486575,0.80413,0.494405,0.820549,0.286698,-0.799744,0.300256,0.519729,-0.028434,0.013288,-0.020736,0.080044,-0.073278,0.125905,0.526749,0.018286,0.025772,-0.011792,-0.308795,0.481087,0.820487,-0.480464,-0.82339,0.301963,0.820852,-0.30097,0.485404,-0.014844,0.012382,-0.014298,0.105594,0.005639,-0.001495,0.51963,0.055773,0.023577,-0.057019,-0.046365,0.762272,-0.645593,-0.743166,-0.458183,-0.487618,-0.667498,0.457175,0.587738,-0.023478,-0.011122,0.015845,-0.111812,0.491121,0.682121,0.371304
113,0.033394,-0.004497,0.375034,0.016032,0.740162,-0.672271,-0.770607,-0.41921,-0.48,-0.637129,0.52483,0.564489,-0.044538,-0.009878,0.024191,-0.079694,0.575238,0.57656,0.407344,-0.146558,0.015432,0.344015,0.341946,-0.492577,0.80027,0.497169,0.817416,0.29084,-0.797831,0.299017,0.523371,-0.027254,0.003152,-0.011811,0.030448,0.036562,-0.063962,0.525752,0.017814,0.02602,-0.012162,-0.30943,0.487125,0.816676,-0.483044,-0.820288,0.306259,0.819097,-0.299725,0.489125,-0.014228,0.00708,-0.010014,0.067501,0.029231,-0.046354,0.520283,0.054925,0.023143,-0.05637,-0.033985,0.787545,-0.615319,-0.750644,-0.42659,-0.504533,-0.659832,0.444739,0.605663,-0.016335,-0.012261,0.015412,-0.088176,0.738217,0.679208,0.364935
114,0.031875,-0.005219,0.376144,0.027351,0.767299,-0.640741,-0.775339,-0.388233,-0.498094,-0.630986,0.509459,0.585095,-0.044804,-0.01015,0.023913,-0.136522,1.069956,0.541412,0.403216,-0.147212,0.01576,0.343447,0.342182,-0.494835,0.798775,0.498705,0.81605,0.292044,-0.79677,0.299023,0.524981,-0.014059,0.004796,-0.011789,0.032496,0.021319,-0.034737,0.525355,0.017482,0.026188,-0.012448,-0.30973,0.489498,0.815143,-0.4846,-0.818867,0.307601,0.818064,-0.299746,0.490839,-0.007024,0.002452,-0.005839,0.032644,0.021527,-0.034943,0.520609,0.054167,0.022784,-0.055813,-0.023173,0.811643,-0.583692,-0.757213,-0.395462,-0.519842,-0.652755,0.429933,0.623752,-0.015469,-0.00681,0.011068,-0.09189,0.484124,0.541605,0.359384
115,0.0312,-0.005486,0.376622,0.034348,0.775619,-0.630302,-0.777127,-0.375761,-0.504826,-0.628447,0.506199,0.590631,-0.044261,-0.008955,0.024931,-0.083266,0.300077,0.424862,0.400961,-0.147446,0.015863,0.343246,0.342182,-0.494365,0.799065,0.49902,0.816103,0.291356,-0.796573,0.299654,0.524921,-0.014161,0.006142,-0.010755,0.034408,0.006486,-0.010103,0.525044,0.01736,0.026239,-0.012555,-0.309716,0.488999,0.815448,-0.484956,-0.818922,0.306891,0.817858,-0.300408,0.490776,-0.007054,0.002833,-0.005548,0.032558,0.021366,-0.034749,0.520936,0.053829,0.022649,-0.055575,-0.017649,0.821435,-0.570027,-0.759944,-0.38151,-0.526245,-0.649748,0.423902,0.630978,-0.016181,-0.011787,0.015813,-0.113395,0.382923,0.208098,0.356934
116,0.029889,-0.005921,0.377516,0.044568,0.79207,-0.608839,-0.776592,-0.355837,-0.519862,-0.628478,0.495002,0.600012,-0.030443,-0.012473,0.023047,-0.088504,0.326343,0.252863,0.396337,-0.147682,0.015968,0.342959,0.342444,-0.496067,0.797898,0.499509,0.815334,0.29267,-0.796154,0.298938,0.525963,-0.000973,0.007828,-0.010689,0.034543,0.006087,-0.005505,0.525109,0.017237,0.026292,-0.012698,-0.31003,0.490709,0.8143,-0.485393,-0.81816,0.30823,0.81748,-0.299695,0.491841,8.3e-05,-0.001014,-0.000774,0.000202,0.00043,-0.000498,0.521262,0.053168,0.022433,-0.055127,-0.007907,0.836363,-0.548118,-0.760583,-0.360885,-0.539697,-0.649191,0.412622,0.638978,-0.014606,-0.0014,0.006672,-0.054786,0.265838,0.461608,0.352036
117,0.028695,-0.006286,0.378249,0.057664,0.801066,-0.59583,-0.772319,-0.342327,-0.535076,-0.63268,0.490029,0.599679,-0.030591,-0.012627,0.022891,-0.082266,0.230921,-0.012694,0.384923,-0.1477,0.01592,0.342836,0.342709,-0.498189,0.796461,0.499665,0.81453,0.294635,-0.795943,0.297597,0.527044,0.013386,-0.000886,-0.001916,0.002045,-0.015205,0.029245,0.524594,0.017223,0.026271,-0.012762,-0.310358,0.492828,0.812894,-0.485483,-0.817367,0.310185,0.817301,-0.298378,0.492937,0.000116,-0.001488,-0.001144,0.000693,0.001532,-0.002019,0.521426,0.052571,0.022251,-0.05476,0.004888,0.845096,-0.534591,-0.757197,-0.346058,-0.553981,-0.653167,0.407499,0.638213,-0.014698,-0.001532,0.006544,-0.047194,0.130578,0.17443,0.339625
118,0.027446,-0.006492,0.378973,0.065236,0.805489,-0.589048,-0.769458,-0.335185,-0.543652,-0.635435,0.48771,0.598656,-0.041313,0.004478,0.018341,-0.046071,0.078932,-0.085108,0.37627,-0.147641,0.015804,0.342755,0.342712,-0.497735,0.796743,0.499459,0.814775,0.294305,-0.79607,0.297685,0.526801,0.000265,-0.003508,-0.002706,-0.001911,0.014843,-0.024626,0.525282,0.017257,0.026217,-0.0128,-0.310345,0.492393,0.813163,-0.485306,-0.817596,0.309859,0.817412,-0.29847,0.492698,9.6e-05,-0.001251,-0.000965,3.4e-05,5.2e-05,-3.6e-05,0.521426,0.051949,0.022138,-0.054399,0.012206,0.849457,-0.527515,-0.754852,-0.338158,-0.562002,-0.65578,0.405056,0.637087,-0.014529,-0.004739,0.012826,-0.104639,0.116824,-0.258562,0.327379
119,0.026806,-0.006496,0.379389,0.06306,0.809182,-0.584204,-0.768696,-0.333883,-0.545527,-0.636573,0.482468,0.601686,-0.039927,0.007198,0.020689,-0.047368,0.209836,-0.003495,0.372538,-0.147607,0.015752,0.342711,0.342712,-0.497525,0.796874,0.499374,0.814885,0.294147,-0.796124,0.297737,0.526691,0.00019,-0.002512,-0.001939,0.0,0.0,0.0,0.525258,0.017274,0.026189,-0.012823,-0.310339,0.492164,0.813304,-0.485221,-0.817714,0.309682,0.817465,-0.298526,0.492576,0.00013,-0.00171,-0.00132,-0.00189,0.014851,-0.024624,0.521262,0.051627,0.022132,-0.054195,0.010013,0.852522,-0.522594,-0.754237,-0.336691,-0.563706,-0.656525,0.399804,0.639632,-0.014077,-0.003841,0.013605,-0.085785,0.248754,-0.008694,0.320194
120,0.025279,-0.006523,0.380522,0.07345,0.819769,-0.568004,-0.776884,-0.310029,-0.548001,-0.625432,0.480503,0.6148,-0.042169,-0.011358,0.040838,-0.136235,0.569875,0.083924,0.384172,-0.147541,0.015664,0.3426,0.342706,-0.497128,0.797125,0.499276,0.815066,0.293808,-0.796187,0.297901,0.526501,0.013499,-0.002218,-0.002952,0.000133,-0.000361,0.00462,0.524844,0.017302,0.026146,-0.012878,-0.310323,0.491762,0.813553,-0.485137,-0.817895,0.309336,0.817521,-0.298691,0.492383,9.3e-05,-0.001205,-0.000933,1.4e-05,7e-06,-4e-06,0.521099,0.050866,0.02213,-0.053633,0.020372,0.86232,-0.505952,-0.763845,-0.31309,-0.56437,-0.645077,0.397967,0.652301,-0.020135,-0.000251,0.016078,-0.119667,0.663261,0.187678,0.319541
121,0.023736,-0.006845,0.381916,0.085237,0.836922,-0.540686,-0.783052,-0.279215,-0.555735,-0.616189,0.469712,0.632225,-0.027689,-0.006676,0.027977,-0.385153,0.553084,0.827009,0.390954,-0.147509,0.015622,0.342527,0.340056,-0.497441,0.798064,0.499037,0.814674,0.295298,-0.79747,0.298451,0.524244,7.8e-05,-0.001032,-0.000798,-0.001194,0.003084,0.001954,0.524641,0.017324,0.026121,-0.012917,-0.307455,0.492107,0.814433,-0.48479,-0.817491,0.310943,0.818809,-0.299228,0.48991,5.3e-05,-0.000678,-0.000525,0.009982,-0.01252,-0.006355,0.520936,0.050108,0.021975,-0.052943,0.030515,0.877165,-0.479218,-0.771212,-0.284331,-0.569549,-0.635845,0.386959,0.667804,-0.014704,-0.008507,0.018597,-3.122129,-2.544989,3.794814,0.334727
122,0.023052,-0.007166,0.382655,0.090855,0.845277,-0.52659,-0.780926,-0.267593,-0.564376,-0.618087,0.461452,0.636441,-0.030054,-0.01824,0.036092,0.04389,0.57631,0.311199,0.389858,-0.147501,0.015641,0.342503,0.340048,-0.497485,0.79804,0.499118,0.814627,0.295292,-0.797422,0.298508,0.524284,8e-06,-0.000105,-8.2e-05,-2.1e-05,5.3e-05,3.4e-05,0.524807,0.017327,0.02613,-0.01293,-0.307591,0.492133,0.814365,-0.484928,-0.81745,0.310837,0.818676,-0.299298,0.490089,-1e-06,2.8e-05,2.2e-05,0.001677,-0.002665,-0.001477,0.520609,0.049752,0.021817,-0.052559,0.036515,0.885977,-0.462288,-0.770612,-0.269563,-0.577487,-0.636256,0.377333,0.672902,-0.022389,-0.011568,0.024386,0.512101,0.438053,0.890777,0.337176
123,0.021837,-0.008173,0.384258,0.103803,0.861357,-0.497327,-0.777851,-0.241239,-0.580279,-0.619939,0.446009,0.645583,-0.018952,-0.034263,0.04165,-0.16751,0.341052,0.5011,0.386288,-0.147537,0.015697,0.342461,0.340043,-0.49739,0.798101,0.499228,0.81462,0.295126,-0.797356,0.298685,0.524284,-0.01324,-0.001213,0.000301,-0.002045,0.015205,-0.029245,0.525104,0.017314,0.02616,-0.01295,-0.307611,0.492054,0.814406,-0.485056,-0.817436,0.310672,0.818593,-0.299467,0.490126,-2e-06,4.3e-05,3.3e-05,-8.1e-05,-0.00011,-7.7e-05,0.520283,0.04914,0.021319,-0.051759,0.048502,0.90054,-0.432057,-0.769016,-0.242368,-0.591499,-0.637386,0.360948,0.680775,-0.016247,-0.014866,0.022167,-0.239397,0.433731,0.3738,0.336196
124,0.020817,-0.009429,0.385942,0.115834,0.872865,-0.474062,-0.772794,-0.220574,-0.595071,-0.624135,0.434195,0.649583,-0.018894,-0.034041,0.041868,0.081748,0.108704,0.490743,0.381156,-0.147572,0.015737,0.34242,0.340039,-0.497263,0.798182,0.499303,0.814638,0.294948,-0.79731,0.298846,0.524262,4e-05,-0.000524,-0.000405,-0.0,0.0,0.0,0.525254,0.017292,0.026181,-0.012969,-0.307608,0.491904,0.814498,-0.485127,-0.817467,0.31048,0.818552,-0.299629,0.490096,2.4e-05,-0.000286,-0.000222,-7.9e-05,-3.7e-05,-3.7e-05,0.520446,0.048629,0.020689,-0.05092,0.05974,0.911104,-0.407823,-0.765441,-0.220427,-0.604574,-0.640725,0.348282,0.684228,-0.016192,-0.014671,0.022338,0.655248,0.074089,0.565756,0.328685
125,0.020371,-0.010073,0.386809,0.118327,0.877969,-0.463913,-0.770474,-0.213476,-0.600641,-0.626534,0.427412,0.651767,-0.032011,-0.028665,0.045236,-0.15264,0.368409,0.214391,0.379665,-0.147583,0.015746,0.342402,0.34004,-0.497124,0.798268,0.499289,0.814695,0.294815,-0.797319,0.298923,0.524205,2.5e-05,-0.000329,-0.000255,-0.0,0.0,0.0,0.524935,0.017286,0.026185,-0.012978,-0.307606,0.491764,0.814583,-0.485117,-0.817523,0.310346,0.818558,-0.299704,0.490038,1.6e-05,-0.000202,-0.000158,-6.7e-05,-2.5e-05,-3.1e-05,0.520283,0.048399,0.020354,-0.05047,0.062501,0.915302,-0.397888,-0.763462,-0.212926,-0.609743,-0.64282,0.341883,0.685491,-0.016025,-0.014319,0.022647,-0.163217,0.373077,0.21346,0.326235
126,0.019551,-0.011369,0.388517,0.126627,0.885717,-0.446673,-0.767277,-0.197875,-0.610003,-0.628841,0.418863,0.655087,-0.018094,-0.032414,0.043322,-0.153756,0.326233,0.014324,0.381654,-0.147584,0.015751,0.342356,0.337383,-0.497749,0.799005,0.499194,0.814131,0.296529,-0.798503,0.299421,0.522114,2.4e-05,-0.000312,-0.000241,-0.000104,0.000269,0.000171,0.525218,0.017286,0.026187,-0.013002,-0.304856,0.492404,0.81523,-0.484948,-0.816957,0.312099,0.819687,-0.300199,0.487844,1.4e-05,-0.000173,-0.000133,0.003616,-0.005403,-0.002954,0.520446,0.048001,0.019728,-0.04965,0.07058,0.922227,-0.380151,-0.761152,-0.196526,-0.618081,-0.64472,0.332977,0.688084,-0.009334,-0.016693,0.021253,-0.158819,0.321165,0.237602,0.324929
127,0.018812,-0.012406,0.389964,0.138242,0.892485,-0.429424,-0.76967,-0.175998,-0.613681,-0.623459,0.414241,0.663122,-0.003923,-0.028663,0.029724,-0.782321,-0.513439,1.285852,0.385471,-0.147581,0.015799,0.342279,0.337368,-0.497693,0.799047,0.499362,0.814087,0.296368,-0.798404,0.299635,0.522142,3.6e-05,-0.000476,-0.000369,-0.0,0.0,0.0,0.52491,0.017287,0.026211,-0.01304,-0.304898,0.492338,0.815254,-0.485137,-0.816918,0.311905,0.819559,-0.300411,0.487928,2.3e-05,-0.000281,-0.000219,-9.1e-05,-0.000169,-0.000132,0.520119,0.047622,0.019199,-0.048903,0.080686,0.928221,-0.363173,-0.764562,-0.176127,-0.620018,-0.639478,0.327696,0.695472,-0.008798,-0.012101,0.016135,-2.288861,-2.736557,4.010838,0.329011
128,0.018312,-0.013369,0.391075,0.14175,0.900471,-0.411222,-0.765557,-0.163574,-0.622205,-0.627727,0.401891,0.666685,-0.003475,-0.020682,0.01846,-0.091717,0.368589,0.112136,0.382615,-0.147589,0.015868,0.342207,0.337351,-0.497666,0.79907,0.499563,0.814019,0.296215,-0.798286,0.299864,0.522193,-0.001218,0.011057,-0.008196,0.036456,-0.008772,0.019111,0.525181,0.017284,0.026245,-0.013077,-0.304885,0.492309,0.815277,-0.48534,-0.816853,0.31176,0.819445,-0.300635,0.487983,-0.00061,0.005556,-0.004078,0.036351,-0.008798,0.019043,0.520283,0.047372,0.018716,-0.048342,0.085353,0.935171,-0.343757,-0.76163,-0.161199,-0.627641,-0.642366,0.315387,0.698495,-0.008624,-0.008183,0.010444,-0.105583,0.442697,0.103447,0.330154
129,0.01821,-0.013789,0.391472,0.147001,0.903808,-0.401953,-0.763497,-0.154613,-0.627008,-0.629034,0.397936,0.667825,-0.003218,-0.020209,0.018874,-0.103627,0.516905,0.174972,0.378915,-0.147602,0.015901,0.342183,0.334695,-0.498215,0.799845,0.499434,0.813494,0.297873,-0.799481,0.30038,0.520063,-0.00122,0.011092,-0.008169,-0.013654,0.120712,0.101341,0.524728,0.017277,0.026258,-0.013086,-0.302412,0.492775,0.815915,-0.485016,-0.816446,0.313328,0.820552,-0.300978,0.485907,-1e-06,1.7e-05,1.1e-05,-0.073718,0.176334,0.110265,0.520283,0.047318,0.018496,-0.048138,0.0906,0.93786,-0.334976,-0.760174,-0.152171,-0.631647,-0.64337,0.311868,0.69915,-0.001635,-0.01012,0.009426,-0.124077,0.586058,0.223909,0.327379
130,0.018263,-0.014339,0.391923,0.14976,0.90683,-0.394052,-0.756963,-0.151171,-0.635709,-0.636244,0.392358,0.664286,-9.9e-05,-0.000182,-0.000159,-0.000583,0.007667,0.003276,0.370948,-0.147607,0.015944,0.342141,0.334682,-0.498405,0.799732,0.499637,0.813345,0.297939,-0.79936,0.300468,0.520199,-0.001181,0.01057,-0.008572,0.036446,-0.00875,0.019125,0.524929,0.017274,0.026284,-0.013109,-0.302166,0.493057,0.815837,-0.485349,-0.816181,0.313503,0.820445,-0.301236,0.485926,-0.000585,0.005258,-0.004305,0.037501,-0.010628,0.017999,0.520119,0.047344,0.01822,-0.047914,0.092717,0.940777,-0.326101,-0.753902,-0.147608,-0.640189,-0.65041,0.305205,0.695568,0.006049,-0.007236,0.003493,-0.044824,0.055837,-0.191992,0.317091
131,0.018321,-0.01445,0.392104,0.148453,0.907002,-0.39415,-0.755825,-0.152897,-0.636649,-0.637899,0.391292,0.663326,0.001452,0.002678,0.002328,0.001603,-0.011184,0.026512,0.369325,-0.147589,0.015962,0.342128,0.334676,-0.498349,0.79977,0.499657,0.813358,0.29787,-0.799349,0.300527,0.52018,0.0,-0.0,-0.0,-0.0,0.0,0.0,0.524696,0.017283,0.026293,-0.013116,-0.302181,0.492995,0.815869,-0.485371,-0.816199,0.313422,0.820427,-0.301289,0.485925,3e-06,7e-06,9e-06,-0.000137,-7.7e-05,-0.000103,0.519956,0.04737,0.01816,-0.047827,0.091485,0.94073,-0.326582,-0.752716,-0.149387,-0.641172,-0.651958,0.304481,0.694436,-0.000129,-0.003801,0.005808,-0.04615,0.095362,-0.196363,0.310886
132,0.018307,-0.014387,0.392155,0.151638,0.906147,-0.394903,-0.757122,-0.150295,-0.635727,-0.635611,0.394263,0.663763,0.00168,0.003098,0.002692,-0.205884,-0.250195,0.173698,0.368035,-0.147579,0.015956,0.342123,0.334675,-0.498351,0.799769,0.499658,0.813356,0.297873,-0.799349,0.300527,0.52018,3e-06,-3.9e-05,-3e-05,-0.0,0.0,0.0,0.524628,0.017288,0.02629,-0.013119,-0.302181,0.492996,0.815868,-0.48537,-0.816199,0.313425,0.820428,-0.301287,0.485926,3e-06,-1.4e-05,-8e-06,-0.000124,-5e-05,-7.8e-05,0.519956,0.047363,0.018192,-0.047801,0.09442,0.940168,-0.327365,-0.754045,-0.147162,-0.640124,-0.65,0.307289,0.695034,0.000631,0.001164,0.001011,-0.672817,-1.066568,1.109981,0.309743
133,0.018259,-0.014274,0.392244,0.151703,0.905342,-0.396721,-0.758989,-0.150355,-0.633483,-0.633365,0.396082,0.664827,0.001,0.001842,0.001599,-0.011071,0.077194,-0.18296,0.357747,-0.147578,0.015949,0.342117,0.334675,-0.498333,0.79978,0.49965,0.813366,0.297859,-0.799354,0.300532,0.520171,5e-06,-6.3e-05,-4.9e-05,-0.0,0.0,0.0,0.524686,0.017289,0.026286,-0.013121,-0.302184,0.492976,0.815879,-0.485359,-0.816211,0.31341,0.820433,-0.301287,0.485916,5e-06,-2.9e-05,-2e-05,-8.5e-05,-3.8e-05,-4.6e-05,0.520119,0.047342,0.018253,-0.047753,0.095109,0.939442,-0.329243,-0.755993,-0.147011,-0.637857,-0.647632,0.309572,0.69623,0.00061,0.001127,0.000977,-0.011208,0.076314,-0.182066,0.305171
134,0.018074,-0.014098,0.392414,0.159521,0.905262,-0.393826,-0.762693,-0.14021,-0.631358,-0.626969,0.399958,0.668558,0.00178,0.003276,0.002841,-0.022957,0.392637,0.168154,0.312487,-0.147567,0.015938,0.342095,0.334672,-0.498313,0.799793,0.499664,0.813368,0.297831,-0.799347,0.300559,0.520166,7.9e-05,-0.001037,-0.000803,-0.0,0.0,0.0,0.52438,0.017294,0.026283,-0.013131,-0.302182,0.492955,0.815892,-0.485371,-0.816214,0.313383,0.820427,-0.301312,0.485911,5.3e-05,-0.000682,-0.000527,-6.7e-05,-3.6e-05,-7e-06,0.520119,0.047248,0.018338,-0.04767,0.103491,0.938943,-0.328137,-0.760303,-0.138023,-0.634734,-0.64127,0.315174,0.699597,-0.005661,0.004388,0.003133,-0.071491,0.724196,0.154545,0.266145
