frame,MLTx,MLTy,MLTz,MLTR1,MLTR2,MLTR3,MLTR4,MLTR5,MLTR6,MLTR7,MLTR8,MLTR9,MLTTVx,MLTTVy,MLTTVz,MLTRVx,MLTRVy,MLTRVz,MLGA,MRTx,MRTy,MRTz,MRTR1,MRTR2,MRTR3,MRTR4,MRTR5,MRTR6,MRTR7,MRTR8,MRTR9,MRTTVx,MRTTVy,MRTTVz,MRTRVx,MRTRVy,MRTRVz,MRGA,SLTx,SLTy,SLTz,SLTR1,SLTR2,SLTR3,SLTR4,SLTR5,SLTR6,SLTR7,SLTR8,SLTR9,SLTTVx,SLTTVy,SLTTVz,SLTRVx,SLTRVy,SLTRVz,SLGA,SRTx,SRTy,SRTz,SRTR1,SRTR2,SRTR3,SRTR4,SRTR5,SRTR6,SRTR7,SRTR8,SRTR9,SRTTVx,SRTTVy,SRTTVz,SRTRVx,SRTRVy,SRTRVz,SRGA
1,0.088563,0.056832,0.411113,-0.236706,0.635323,-0.735106,-0.519568,-0.722046,-0.456806,-0.820712,0.273014,0.501919,-0.00178,-0.005657,-0.002343,-0.000959,0.012531,-0.025935,0.489988,-0.123732,0.014753,0.345751,0.263144,0.425548,0.865826,-0.389534,0.867926,-0.308059,-0.882866,-0.256751,0.393052,-0.002102,0.014593,-0.00548,0.036616,-0.006797,0.020376,-0.702682,0.027763,0.025462,-0.011915,-0.093405,-0.542218,0.835029,0.392863,-0.790714,-0.469498,0.91484,0.284199,0.286874,-0.000347,0.002291,0.001787,-0.001479,-0.019601,0.021295,-0.827028,0.08175,0.050486,-0.037479,-0.293968,0.64542,-0.704992,-0.473087,-0.739149,-0.479422,-0.830524,0.192589,0.522626,-0.0063,-0.001022,-0.000119,-0.002838,0.015405,-0.031041,0.477769
2,0.088409,0.056667,0.411029,-0.233997,0.634397,-0.73677,-0.517955,-0.722597,-0.457763,-0.822508,0.273705,0.498591,-0.001477,-0.004685,-0.001945,-1e-06,-0.000114,-5.5e-05,0.490085,-0.123788,0.015148,0.345642,0.276953,0.413505,0.867353,-0.357687,0.882168,-0.306224,-0.892092,-0.225963,0.391119,-0.002015,0.014012,-0.005931,0.027031,0.024209,0.039078,-0.704012,0.027733,0.025669,-0.011969,-0.107473,-0.531443,0.840248,0.362639,-0.807871,-0.464581,0.925711,0.254777,0.279546,-0.00102,0.007072,-0.002907,0.018868,0.001048,0.014679,-0.827028,0.081673,0.050403,-0.037522,-0.291213,0.644729,-0.706766,-0.471458,-0.739562,-0.480389,-0.832419,0.193315,0.519333,-0.0064,-0.001328,-0.000249,-0.003842,0.031656,-0.054027,0.477116
3,0.088322,0.056595,0.410993,-0.238088,0.632775,-0.736855,-0.513568,-0.725893,-0.457492,-0.824078,0.26871,0.498716,-0.011497,0.00833,-0.009497,0.399927,0.223735,-0.261974,0.490503,-0.123834,0.015395,0.34557,0.280525,0.407946,0.868837,-0.346787,0.887126,-0.304433,-0.895281,-0.216426,0.389224,-0.015313,0.012749,-0.005494,0.024243,0.044922,0.013919,-0.704899,0.02771,0.025792,-0.012005,-0.111067,-0.526367,0.842971,0.352535,-0.813926,-0.461782,0.929183,0.245889,0.275962,-0.00767,0.006459,-0.002676,0.015361,0.016178,-0.015944,-0.825232,0.081633,0.050362,-0.037537,-0.294874,0.642988,-0.706834,-0.467269,-0.742276,-0.480295,-0.833491,0.188655,0.519327,-0.000848,-0.00266,-0.001115,1.238702,0.775937,-0.85726,0.477116
4,0.088097,0.056472,0.41091,-0.235616,0.631688,-0.73858,-0.511857,-0.726625,-0.458247,-0.825854,0.269287,0.495457,-0.001506,-0.004762,-0.001983,0.004421,-0.002464,0.004414,0.49141,-0.124023,0.016011,0.34524,0.283026,0.393846,0.874514,-0.325089,0.897224,-0.298731,-0.902612,-0.200255,0.380859,-0.001753,0.012272,-0.007273,-0.034339,0.238652,0.172981,-0.704397,0.027617,0.026091,-0.012159,-0.114234,-0.513741,0.850306,0.332515,-0.826315,-0.454574,0.936154,0.230812,0.265219,-0.00091,0.006355,-0.003461,-0.025209,0.37183,0.29339,-0.822293,0.081517,0.050306,-0.037581,-0.292624,0.641995,-0.708669,-0.465069,-0.743103,-0.481152,-0.835512,0.188784,0.516022,-0.000352,0.00229,-0.005825,0.043403,-0.006606,0.00461,0.477769
5,0.087794,0.056332,0.410762,-0.234774,0.632158,-0.738446,-0.510264,-0.726682,-0.45993,-0.827079,0.268033,0.494091,-0.002663,-0.008394,-0.003507,-0.00092,0.012524,-0.025893,0.492985,-0.124272,0.016637,0.344697,0.283462,0.371566,0.88407,-0.292939,0.911376,-0.288987,-0.913422,-0.177542,0.366061,-0.015964,0.017828,-0.018322,-0.146799,0.784956,0.261525,-0.703275,0.027496,0.026413,-0.01243,-0.115698,-0.493676,0.861914,0.302857,-0.843955,-0.442736,0.945986,0.209813,0.247158,-0.000569,0.004072,-0.005225,-0.214568,0.789334,0.468585,-0.822946,0.081367,0.050243,-0.037652,-0.291834,0.642559,-0.708484,-0.463528,-0.742945,-0.482881,-0.836645,0.187481,0.514661,-0.006332,0.002348,-0.005507,0.028342,0.010674,-0.043719,0.479402
6,0.087629,0.056243,0.41066,-0.231812,0.631362,-0.740061,-0.508597,-0.727119,-0.461083,-0.828942,0.268719,0.490584,-0.001917,0.000789,-0.013254,0.039681,-0.546638,-0.252866,0.493699,-0.124462,0.016987,0.344355,0.277618,0.363301,0.889343,-0.287612,0.914711,-0.283754,-0.916897,-0.177482,0.357298,-0.002739,0.019431,-0.018477,-0.085981,0.525091,0.339495,-0.703532,0.027396,0.026586,-0.012602,-0.108591,-0.484711,0.867907,0.298863,-0.848598,-0.436534,0.948097,0.211982,0.237012,-0.00803,0.009295,-0.008854,-0.112191,0.680386,0.44565,-0.822783,0.081283,0.050194,-0.037705,-0.29025,0.64328,-0.70848,-0.462125,-0.742524,-0.484868,-0.83797,0.186674,0.512793,-0.000992,0.000279,-0.006673,0.035184,-0.544566,-0.257001,0.480382
7,0.087244,0.05594,0.410321,-0.232969,0.629898,-0.740944,-0.495568,-0.732395,-0.466885,-0.836472,0.25763,0.483703,-0.004004,-0.005732,-0.016022,0.032201,-0.033384,-0.055047,0.494825,-0.1249,0.017885,0.343576,0.258722,0.345779,0.901937,-0.289051,0.918663,-0.269149,-0.921936,-0.19152,0.336479,-0.004486,0.031784,-0.025626,-0.128596,0.795086,0.357866,-0.704929,0.027178,0.027026,-0.012992,-0.089791,-0.467741,0.879292,0.302882,-0.853867,-0.423287,0.948788,0.228315,0.218339,-0.00879,0.014793,-0.012958,-0.208763,0.847962,0.383685,-0.826865,0.081094,0.05005,-0.037866,-0.289755,0.640333,-0.711347,-0.448428,-0.747434,-0.490157,-0.845549,0.176963,0.503716,-0.008045,-0.006402,-0.002395,-0.008503,-0.073599,0.116143,0.482341
8,0.086923,0.055492,0.409698,-0.227458,0.628624,-0.743734,-0.473956,-0.738591,-0.479397,-0.850399,0.242668,0.466863,-0.00653,-0.013585,-0.019417,4.141277,2.362084,-2.78531,0.495286,-0.125408,0.019139,0.342598,0.235602,0.324714,0.915993,-0.291801,0.922676,-0.251904,-0.927225,-0.20836,0.310971,-0.017912,0.031985,-0.024012,-0.095932,0.811387,0.075222,-0.706274,0.026932,0.027633,-0.013471,-0.065885,-0.445844,0.892682,0.308788,-0.85982,-0.406642,0.948846,0.248858,0.19432,-0.008978,0.016241,-0.011808,-0.15088,1.13954,0.291825,-0.827845,0.080938,0.049835,-0.038164,-0.281493,0.641754,-0.713381,-0.431259,-0.74874,-0.503392,-0.857191,0.165951,0.487527,-0.00322,-0.006689,-0.009653,0.085041,-0.547481,-0.273262,0.483974
9,0.086596,0.055006,0.408755,-0.206817,0.628473,-0.749863,-0.453259,-0.740709,-0.49586,-0.866815,0.236544,0.438984,-0.008678,-0.020211,-0.022381,0.044686,-0.723873,-0.184144,0.490032,-0.125909,0.02071,0.341539,0.209827,0.298621,0.931015,-0.296678,0.926764,-0.23027,-0.931825,-0.228283,0.281871,-0.005101,0.036198,-0.022075,-0.146678,1.07502,0.049649,-0.706045,0.026674,0.028433,-0.014015,-0.039689,-0.419319,0.90697,0.317245,-0.86601,-0.3865,0.947512,0.272392,0.167398,-0.009915,0.023042,-0.014859,-0.12408,1.182366,0.376021,-0.819517,0.080773,0.049593,-0.038645,-0.265199,0.642095,-0.719292,-0.406085,-0.750994,-0.520674,-0.874507,0.154011,0.459908,-0.009484,-0.003957,-0.015095,0.085867,-0.809813,-0.193919,0.480709
10,0.086395,0.054763,0.40816,-0.196865,0.629682,-0.751525,-0.437188,-0.742417,-0.507598,-0.877332,0.227842,0.422379,-0.008277,-0.012086,-0.032651,1.799601,-1.403461,1.885199,0.487463,-0.126189,0.021636,0.340982,0.188573,0.284542,0.93993,-0.316874,0.923536,-0.215884,-0.92969,-0.257498,0.263123,-0.020082,0.047814,-0.028342,-0.444843,1.409801,0.501016,-0.706907,0.02654,0.02889,-0.014292,-0.019501,-0.406245,0.913555,0.3386,-0.862418,-0.376277,0.940727,0.301993,0.154372,-0.003461,0.02467,-0.01427,-0.918425,0.76784,0.686261,-0.80629,0.080671,0.049466,-0.03894,-0.255907,0.641668,-0.72303,-0.390964,-0.752736,-0.529655,-0.884114,0.147136,0.4435,-0.004284,-0.006555,-0.016533,0.059825,-0.592962,0.092161,0.477279
11,0.085992,0.054175,0.406792,-0.178675,0.623297,-0.761329,-0.398836,-0.753178,-0.523091,-0.899242,0.209402,0.384113,-0.009538,-0.009056,-0.045275,1.791212,-2.161998,1.772491,0.479391,-0.126675,0.023745,0.339934,0.134697,0.258452,0.956583,-0.36736,0.909604,-0.193911,-0.920362,-0.325624,0.216251,-0.007853,0.05574,-0.023507,-0.296333,1.798425,0.598355,-0.708391,0.026294,0.029937,-0.014822,0.033983,-0.378475,0.924987,0.390943,-0.84674,-0.360822,0.919786,0.373879,0.119187,-0.003858,0.027456,-0.012059,-0.323563,1.747273,0.262633,-0.784082,0.080471,0.049173,-0.039618,-0.239577,0.63813,-0.731705,-0.352428,-0.759407,-0.546896,-0.904653,0.12685,0.406832,-0.005368,-0.00988,-0.018098,0.103688,-0.721106,-0.031829,0.468135
12,0.085554,0.053414,0.405244,-0.173621,0.610999,-0.772386,-0.356867,-0.769965,-0.528934,-0.917679,0.18304,0.352686,-0.01108,-0.013674,-0.047628,4.397878,1.935859,-2.082777,0.472038,-0.127085,0.025966,0.338903,0.087535,0.228212,0.969664,-0.407098,0.896593,-0.174146,-0.909211,-0.379797,0.170158,-0.009031,0.06429,-0.033414,-5.468227,2.36179,-0.737631,-0.714211,0.026087,0.031055,-0.015325,0.080576,-0.343609,0.935649,0.428187,-0.835739,-0.343793,0.90009,0.428335,0.079788,-0.003698,0.0264,-0.012827,-0.275668,1.516713,0.210668,-0.78147,0.080252,0.048791,-0.040393,-0.22779,0.628778,-0.74347,-0.312947,-0.77031,-0.555594,-0.922049,0.106108,0.372244,-0.005948,-0.011607,-0.019021,0.06984,-1.055227,-0.142426,0.456378
13,0.085257,0.05299,0.404453,-0.16752,0.602734,-0.780189,-0.340817,-0.777924,-0.527873,-0.924892,0.176718,0.336708,-0.011697,-0.015467,-0.048615,0.146268,-1.264205,-0.27587,0.472045,-0.127217,0.027055,0.338298,0.067776,0.21272,0.974755,-0.432249,0.886798,-0.163352,-0.899209,-0.410538,0.150816,-0.008607,0.061327,-0.035616,-5.464165,2.231119,-0.91179,-0.712747,0.026023,0.031586,-0.015613,0.099147,-0.327322,0.939696,0.454316,-0.825287,-0.335405,0.885305,0.460174,0.066882,-0.003478,0.024887,-0.013962,-0.399923,0.459606,0.481551,-0.782613,0.080103,0.048579,-0.040788,-0.225755,0.620576,-0.750946,-0.291816,-0.778528,-0.555641,-0.929449,0.093699,0.356851,-0.006317,-0.012695,-0.0196,0.106644,-0.842275,-0.065975,0.453602
14,0.084498,0.052082,0.402818,-0.162689,0.584822,-0.794709,-0.303086,-0.796058,-0.523835,-0.938787,0.154911,0.307747,-0.02358,-0.013936,-0.04782,0.25485,-0.800617,-0.356986,0.476327,-0.127344,0.028958,0.337019,0.044475,0.190431,0.980688,-0.484856,0.862393,-0.145354,-0.873438,-0.46927,0.129443,-0.00613,0.043741,-0.032455,-0.483887,1.027271,-0.499542,-0.704364,0.025956,0.032567,-0.016261,0.123876,-0.303153,0.944855,0.512753,-0.795657,-0.322509,0.849551,0.524429,0.056879,-0.003767,0.027052,-0.0205,-1.615829,1.24491,-0.556125,-0.775591,0.079726,0.048119,-0.041609,-0.218469,0.603053,-0.767201,-0.252811,-0.794327,-0.552386,-0.942527,0.073277,0.325994,-0.012576,-0.012898,-0.019657,0.472805,-0.717234,-0.325663,0.455235
15,0.083557,0.051052,0.40124,-0.153367,0.56855,-0.808254,-0.268059,-0.811139,-0.51978,-0.950942,0.13623,0.27781,-0.037874,-0.026077,-0.039516,0.238757,-1.017273,-0.55927,0.481465,-0.127318,0.030626,0.335576,0.024175,0.183956,0.982633,-0.536591,0.831704,-0.142382,-0.843446,-0.524061,0.11757,0.007743,0.038807,-0.03749,-5.353606,1.18494,-0.996831,-0.700375,0.025966,0.03342,-0.016993,0.144436,-0.295102,0.944485,0.561312,-0.761627,-0.323808,0.814902,0.576921,0.055637,0.004017,0.018894,-0.019156,-5.343915,1.163172,-1.044923,-0.766937,0.079262,0.047612,-0.042399,-0.209378,0.588809,-0.780682,-0.217025,-0.806448,-0.550036,-0.953446,0.054262,0.296639,-0.013337,-0.014917,-0.020841,0.510648,-0.518857,-0.241998,0.46144
16,0.082319,0.049712,0.399799,-0.13816,0.563536,-0.814484,-0.2344,-0.817552,-0.525963,-0.962116,0.117542,0.246057,-0.039873,-0.037922,-0.031672,4.688907,2.172625,-1.254094,0.478991,-0.127101,0.032053,0.334046,0.003755,0.18178,0.983328,-0.582518,0.799651,-0.145484,-0.812733,-0.572486,0.107646,0.008188,0.035534,-0.039923,0.067236,0.244958,-0.218822,-0.701318,0.026072,0.034116,-0.017745,0.164554,-0.291476,0.942317,0.605197,-0.724546,-0.3298,0.778882,0.624558,0.057173,0.004175,0.017355,-0.020278,-0.021502,0.149527,-0.104876,-0.769549,0.078643,0.046944,-0.043124,-0.188807,0.584902,-0.788822,-0.187618,-0.809958,-0.555667,-0.963924,0.043083,0.262664,-0.020045,-0.019386,-0.016007,0.522248,-1.095869,0.529404,0.462747
17,0.08157,0.048944,0.399175,-0.126886,0.562099,-0.817307,-0.219616,-0.819377,-0.529492,-0.967157,0.111603,0.228428,-0.041524,-0.04908,-0.023253,1.521303,-0.095238,-0.450932,0.476128,-0.126942,0.032688,0.333299,-0.004884,0.176384,0.984305,-0.604333,0.783693,-0.143317,-0.796629,-0.595766,0.10152,0.008168,0.035577,-0.039852,-0.034192,0.302153,0.038044,-0.702471,0.026152,0.03443,-0.018122,0.172754,-0.286024,0.94252,0.625629,-0.707217,-0.329288,0.760751,0.646555,0.05677,0.004971,0.011697,-0.016393,-0.393958,0.306086,0.188547,-0.772489,0.078269,0.046563,-0.04344,-0.181094,0.584394,-0.791004,-0.169619,-0.810809,-0.560193,-0.968727,0.032722,0.245957,-0.020118,-0.019045,-0.016211,4.959957,2.315492,-0.646691,0.46046
18,0.079843,0.047359,0.39817,-0.111573,0.561358,-0.820045,-0.204753,-0.820417,-0.53382,-0.97231,0.107643,0.207494,-0.052019,-0.041624,-0.019741,0.043782,-0.554498,-0.087689,0.471787,-0.12668,0.033866,0.331827,-0.017332,0.155142,0.987736,-0.638257,0.758681,-0.130248,-0.769525,-0.632877,0.08462,0.009795,0.023986,-0.032283,0.056891,0.535036,0.441372,-0.708022,0.026286,0.035029,-0.018875,0.184032,-0.264703,0.946606,0.659087,-0.681232,-0.318631,0.729202,0.682534,0.049093,0.004924,0.011959,-0.016173,0.080861,0.614141,0.500206,-0.776244,0.077388,0.045744,-0.043955,-0.165499,0.584341,-0.794452,-0.153342,-0.81101,-0.564577,-0.974215,0.028386,0.223826,-0.025946,-0.020698,-0.009781,0.067484,-0.612032,-0.140011,0.454419
19,0.077581,0.045754,0.397517,-0.105794,0.560031,-0.821717,-0.203323,-0.821018,-0.533441,-0.973262,0.109937,0.201746,-0.063209,-0.035586,-0.016839,-0.000973,0.0095,-0.049574,0.473557,-0.1265,0.03512,0.330351,-0.030064,0.116955,0.992678,-0.654947,0.747897,-0.107836,-0.754959,-0.653533,0.052858,0.007976,0.036544,-0.038953,0.055953,0.919611,0.733913,-0.713309,0.026377,0.035654,-0.019615,0.194699,-0.226356,0.954387,0.677995,-0.672078,-0.297713,0.708812,0.705034,0.022615,0.003998,0.018314,-0.019449,0.078645,1.018724,0.806974,-0.78196,0.07628,0.044953,-0.044276,-0.15878,0.583205,-0.796656,-0.152046,-0.81171,-0.563921,-0.975536,0.031589,0.217557,-0.031803,-0.018421,-0.008702,-0.016179,0.060298,-0.054056,0.452786
20,0.076265,0.044987,0.397282,-0.105168,0.560984,-0.821147,-0.20128,-0.820583,-0.534884,-0.973755,0.108324,0.200233,-0.076203,-0.042115,-0.005663,-0.042886,0.158245,-0.291384,0.475183,-0.126442,0.035769,0.32964,-0.039363,0.091302,0.995041,-0.659569,0.745648,-0.094395,-0.750483,-0.660122,0.02961,0.007784,0.037736,-0.037978,0.024214,1.245847,0.721238,-0.713953,0.026402,0.035962,-0.019957,0.202171,-0.201667,0.958361,0.684276,-0.67099,-0.285548,0.700637,0.713513,0.002342,-0.001701,0.012204,-0.01525,-0.041174,1.466434,0.804772,-0.778367,0.075627,0.044574,-0.044397,-0.15836,0.584512,-0.795781,-0.150146,-0.810833,-0.565689,-0.975898,0.029901,0.216166,-0.031554,-0.017198,-0.008193,-0.009412,0.122474,-0.223713,0.453929
21,0.073373,0.043677,0.396869,-0.10225,0.564789,-0.818904,-0.194803,-0.818588,-0.540313,-0.975386,0.10357,0.194739,-0.074338,-0.027756,-0.013137,0.000354,0.033082,-0.067855,0.472656,-0.12635,0.037078,0.328256,-0.063884,0.03852,0.997209,-0.66498,0.743415,-0.071202,-0.743967,-0.667713,-0.023138,0.007662,0.038365,-0.037395,0.034513,1.227807,0.474562,-0.721131,0.026448,0.036618,-0.020648,0.223297,-0.146191,0.963725,0.693398,-0.671055,-0.262457,0.685082,0.726851,-0.048476,-0.00174,0.012498,-0.014987,-0.074809,1.411825,0.288089,-0.772162,0.07418,0.043912,-0.044602,-0.155916,0.588344,-0.793435,-0.14379,-0.808222,-0.571052,-0.977247,0.025052,0.210613,-0.037851,-0.019223,-0.002053,-0.036313,0.156842,-0.284355,0.454908
22,0.070278,0.042614,0.396455,-0.095947,0.568228,-0.817285,-0.187895,-0.816591,-0.545752,-0.977386,0.100488,0.18613,-0.074883,-0.027045,-0.013182,0.107304,-0.050438,0.100298,0.469907,-0.126258,0.038379,0.326919,-0.081679,-0.012584,0.996575,-0.6665,0.744094,-0.045115,-0.740838,-0.667879,-0.070423,0.007552,0.03891,-0.036874,0.021552,1.593525,0.278892,-0.736721,0.026495,0.037269,-0.021317,0.236688,-0.09545,0.966885,0.699068,-0.674388,-0.237703,0.674745,0.732181,-0.092893,-0.001778,0.012771,-0.014741,-0.007979,1.194904,-0.014797,-0.773632,0.072606,0.043375,-0.044811,-0.149888,0.592014,-0.791866,-0.137025,-0.805623,-0.576362,-0.979161,0.022116,0.201874,-0.0374,-0.013434,-0.006496,0.109856,-0.044086,0.116088,0.451153
23,0.067283,0.041609,0.395965,-0.073604,0.575534,-0.814486,-0.19411,-0.80929,-0.554386,-0.978137,0.116573,0.172294,-0.075453,-0.026469,-0.013301,1.217176,-1.211615,2.075391,0.474906,-0.126179,0.039765,0.325714,-0.083495,-0.056171,0.99492,-0.675412,0.737245,-0.014943,-0.732519,-0.673148,-0.100751,0.006711,0.044196,-0.032594,0.135812,0.485454,0.524958,-0.732868,0.026537,0.037943,-0.021916,0.23786,-0.049841,0.970019,0.712409,-0.669884,-0.20911,0.660224,0.74079,-0.123832,0.004182,0.016527,-0.01244,0.038026,1.189242,-0.023238,-0.767917,0.071138,0.042884,-0.045051,-0.129717,0.59902,-0.790156,-0.144624,-0.799797,-0.582586,-0.980946,0.038704,0.19038,-0.037861,-0.013639,-0.006815,-0.00342,-0.126396,-0.202888,0.452622
24,0.065894,0.041076,0.395661,-0.063093,0.575231,-0.815582,-0.19018,-0.809105,-0.556015,-0.979655,0.119305,0.161458,-0.064364,-0.030685,-0.016061,0.041934,-0.578155,-0.528551,0.48157,-0.126123,0.04047,0.325213,-0.085332,-0.075051,0.993517,-0.683468,0.729927,-0.003447,-0.724793,-0.679228,-0.114836,0.008087,0.034427,-0.023744,-0.424139,1.012372,0.218045,-0.732701,0.026566,0.038323,-0.022188,0.236342,-0.0313,0.971165,0.721736,-0.663533,-0.197027,0.650567,0.747491,-0.13423,0.004032,0.017397,-0.011733,-0.41058,1.069692,0.261311,-0.767753,0.07044,0.04262,-0.045201,-0.119798,0.602456,-0.78911,-0.13988,-0.797147,-0.587357,-0.982894,0.040016,0.179768,-0.031377,-0.009909,-0.012394,0.13299,-0.245395,0.113148,0.456378
25,0.063639,0.039788,0.394951,-0.028619,0.577305,-0.816055,-0.180105,-0.805946,-0.563902,-0.983209,0.130113,0.128053,-0.053462,-0.034923,-0.019088,1.147378,-1.808885,2.115503,0.500361,-0.1259,0.042036,0.324298,-0.081243,-0.101416,0.991517,-0.68939,0.724129,0.017695,-0.719642,-0.681967,-0.129997,0.007457,0.038166,-0.020702,0.081949,0.836465,0.006259,-0.729549,0.026678,0.039107,-0.022644,0.230128,-0.005759,0.973143,0.730687,-0.65945,-0.176695,0.642757,0.751726,-0.14755,0.003715,0.019282,-0.0102,0.110522,0.943306,0.050414,-0.770203,0.069308,0.041978,-0.045554,-0.085635,0.603974,-0.79239,-0.130476,-0.79526,-0.592061,-0.987746,0.052687,0.146906,-0.021078,-0.019917,-0.010964,0.027373,-0.747376,-0.416097,0.47581
26,0.062166,0.03813,0.394089,-0.018357,0.568608,-0.822432,-0.12128,-0.817702,-0.562696,-0.992439,0.088701,0.084991,-0.030486,-0.042877,-0.024415,1.455136,-0.37125,-0.350728,0.513907,-0.125588,0.043505,0.323635,-0.068055,-0.121002,0.990312,-0.707388,0.705771,0.037739,-0.703379,-0.697803,-0.134877,0.006837,0.041725,-0.017817,-1.532581,0.600394,0.386817,-0.727548,0.026831,0.039826,-0.02297,0.215572,0.011389,0.976421,0.749177,-0.643273,-0.157899,0.626307,0.765551,-0.147204,0.004341,0.014636,-0.005567,-5.39497,0.507347,0.913572,-0.778041,0.068562,0.041151,-0.045984,-0.07408,0.59875,-0.797502,-0.071306,-0.800832,-0.594627,-0.994699,0.012817,0.10202,-0.015297,-0.021409,-0.012321,4.714244,1.739486,-0.938037,0.50063
27,0.061678,0.037236,0.393633,-0.017915,0.562684,-0.826506,-0.086226,-0.824368,-0.559424,-0.996106,0.060538,0.064311,-0.01835,-0.045629,-0.026374,0.467437,-0.818231,-0.084101,0.517003,-0.125334,0.044224,0.323398,-0.059604,-0.129385,0.989797,-0.718281,0.694076,0.047591,-0.693041,-0.707942,-0.135555,0.008273,0.03156,-0.009372,0.458661,-1.046846,2.462634,-0.725749,0.026951,0.040172,-0.023085,0.209372,0.018397,0.977662,0.761544,-0.630221,-0.15123,0.613362,0.776197,-0.14596,0.004053,0.016406,-0.004204,-0.002254,0.228875,-0.213538,-0.781633,0.068313,0.040703,-0.046212,-0.072303,0.592038,-0.802659,-0.034438,-0.805768,-0.591229,-0.996787,-0.015105,0.078648,-0.009726,-0.027664,-0.008396,1.429239,-0.329476,-0.27807,0.508468
28,0.060852,0.035576,0.392736,-0.004078,0.550638,-0.834762,-0.02434,-0.834516,-0.55042,-0.999703,0.017382,0.01784,-0.028213,-0.03654,-0.021421,0.216027,-1.390966,-0.47352,0.518728,-0.124684,0.045463,0.323188,-0.051331,-0.141273,0.988634,-0.740683,0.669357,0.057308,-0.669746,-0.729133,-0.140246,0.009473,0.022709,7.7e-05,0.045719,0.047021,0.134309,-0.711702,0.027282,0.040814,-0.023199,0.197794,0.032601,0.979701,0.783856,-0.605387,-0.13811,0.588596,0.795262,-0.145297,0.011054,0.012472,0.000199,0.043225,0.009478,0.138636,-0.777224,0.06789,0.03985,-0.046674,-0.059049,0.582069,-0.810992,0.028214,-0.811112,-0.584209,-0.997855,-0.057379,0.031473,-0.013999,-0.018063,-0.010553,0.172275,-1.33817,-0.433878,0.515653
29,0.060061,0.034234,0.391919,-0.002175,0.53465,-0.845098,0.040545,-0.844298,-0.534311,-0.999185,-0.036098,-0.018794,-0.025281,-0.02895,-0.017247,-0.165816,0.159765,-2.514196,0.515877,-0.123963,0.046327,0.323233,-0.038419,-0.155236,0.987125,-0.747144,0.66038,0.074889,-0.66342,-0.73444,-0.142602,0.011143,0.011113,0.007324,0.014128,0.075715,0.157248,-0.711938,0.027633,0.041244,-0.023176,0.183991,0.045243,0.981885,0.792296,-0.598036,-0.120909,0.581733,0.80019,-0.14588,0.004694,0.011454,9.6e-05,0.089574,-0.045766,0.390291,-0.78245,0.067507,0.039193,-0.047068,-0.055247,0.568667,-0.820709,0.092613,-0.815503,-0.571294,-0.994167,-0.107571,-0.007612,-0.006849,-0.016692,-0.010152,4.765714,1.918768,0.116036,0.515326
30,0.059406,0.033319,0.391268,-0.016077,0.50722,-0.861693,0.112813,-0.855323,-0.505636,-0.993478,-0.105977,-0.042401,-0.021682,-0.019877,-0.011986,4.871043,1.910973,0.002822,0.50217,-0.123337,0.046965,0.323445,-0.02655,-0.168566,0.985328,-0.749853,0.655128,0.091989,-0.660954,-0.736184,-0.145038,0.010781,0.01306,0.008822,0.034206,0.288772,0.374218,-0.710118,0.027959,0.041574,-0.023069,0.170923,0.056319,0.983673,0.797179,-0.594634,-0.104473,0.579042,0.80202,-0.146533,0.005366,0.00667,0.004509,0.058434,0.401803,0.449159,-0.788164,0.067172,0.03872,-0.047409,-0.064031,0.538535,-0.840166,0.161997,-0.825118,-0.541236,-0.984711,-0.17076,-0.034408,-0.00439,-0.010798,-0.006478,0.203722,-1.056874,-0.246536,0.505039
31,0.059064,0.033015,0.391061,-0.020088,0.492617,-0.87004,0.152672,-0.858441,-0.489635,-0.988059,-0.143287,-0.056886,-0.019251,-0.013849,-0.008388,0.541138,-0.88101,-0.004765,0.501441,-0.123012,0.04729,0.32362,-0.020891,-0.17222,0.984833,-0.753297,0.650309,0.097858,-0.657237,-0.739597,-0.144562,0.010497,0.014614,0.010016,0.008587,-0.008768,0.104686,-0.708797,0.028109,0.041724,-0.02299,0.165186,0.061099,0.984367,0.801267,-0.590253,-0.097824,0.57505,0.804901,-0.146459,0.005272,0.007172,0.00489,-0.001147,-0.025186,0.048457,-0.789471,0.067001,0.03857,-0.047512,-0.070711,0.523706,-0.848958,0.205618,-0.825158,-0.52615,-0.976073,-0.211766,-0.049335,-0.008659,-0.000945,-0.008457,4.945294,1.356847,-0.019361,0.498017
32,0.058327,0.032782,0.390978,-0.019594,0.462461,-0.886448,0.223847,-0.862025,-0.454727,-0.974413,-0.207921,-0.085531,-0.014793,-0.002897,-0.001764,0.161856,-0.838898,-0.780714,0.500715,-0.122408,0.047905,0.323998,-0.009024,-0.17934,0.983742,-0.760049,0.640454,0.109902,-0.649705,-0.74646,-0.14333,0.010335,0.015282,0.01049,-1.623689,-0.22158,0.321001,-0.703532,0.02842,0.042039,-0.022796,0.153083,0.066998,0.985939,0.808113,-0.582733,-0.085874,0.568786,0.809896,-0.143349,0.011564,0.008013,0.004926,-5.42821,-0.649287,0.854848,-0.789634,0.066629,0.038443,-0.047559,-0.068255,0.494926,-0.866249,0.279054,-0.824147,-0.492859,-0.957846,-0.27537,-0.08186,-0.013028,0.001293,0.000818,0.294818,-0.120391,-2.653016,0.494098
33,0.05765,0.032978,0.391029,-0.008815,0.437464,-0.899218,0.28759,-0.860095,-0.421308,-0.957711,-0.262872,-0.117113,-0.011263,0.005647,0.003436,0.601013,-1.017104,-0.185796,0.505164,-0.121832,0.0485,0.324386,-0.003571,-0.185803,0.982576,-0.763521,0.634968,0.117413,-0.645681,-0.74955,-0.145373,0.010424,0.014473,0.009817,0.007565,-0.02667,0.091804,-0.699352,0.028711,0.042345,-0.022596,0.146768,0.073081,0.986467,0.813358,-0.576469,-0.078306,0.562945,0.813844,-0.144048,0.005219,0.007177,0.00485,0.003512,-0.060944,0.066026,-0.7929,0.066286,0.038542,-0.047533,-0.055428,0.470839,-0.880475,0.342868,-0.819232,-0.459673,-0.937746,-0.327366,-0.116028,-0.00545,0.003223,0.002012,0.641644,-1.097254,-0.223677,0.494751
34,0.057359,0.033154,0.391102,0.000126,0.425072,-0.905184,0.31501,-0.859061,-0.403428,-0.949097,-0.285627,-0.132887,-0.022509,0.011314,0.006879,0.239645,-1.368135,-0.358053,0.511006,-0.121588,0.048766,0.32456,-0.001349,-0.18899,0.981974,-0.763358,0.634456,0.121175,-0.645884,-0.749182,-0.146364,0.023173,0.01519,0.00896,0.007557,-0.011318,0.107702,-0.697943,0.028824,0.042475,-0.02251,0.144351,0.07611,0.986595,0.813729,-0.576438,-0.07459,0.563034,0.813588,-0.145143,0.005283,0.00674,0.004504,0.001538,-0.023769,0.058628,-0.793716,0.066151,0.038629,-0.047497,-0.047741,0.459266,-0.887014,0.37016,-0.816664,-0.442764,-0.92774,-0.349476,-0.131013,-0.005251,0.003696,0.002295,0.211643,-0.635576,-0.707048,0.49965
35,0.056721,0.033547,0.391365,0.014897,0.388637,-0.921295,0.364442,-0.860071,-0.356975,-0.931133,-0.330932,-0.153305,-0.02178,0.012998,0.007893,0.279006,-0.795885,-0.090149,0.511732,-0.12116,0.049255,0.324881,0.003194,-0.203962,0.978969,-0.766651,0.627988,0.133456,-0.641971,-0.750683,-0.155599,0.010885,0.011485,0.007459,-5.375327,-0.310054,1.489073,-0.696662,0.029039,0.042717,-0.022351,0.139823,0.088293,0.986232,0.814845,-0.576139,-0.063946,0.562561,0.812568,-0.152502,0.005446,0.005704,0.003691,0.000316,0.052234,0.114111,-0.796003,0.065842,0.038827,-0.047365,-0.028492,0.424698,-0.904886,0.420004,-0.81638,-0.396383,-0.907074,-0.39135,-0.155115,-0.004733,0.004971,0.003021,1.714648,0.594914,-2.445042,0.505692
36,0.056006,0.034014,0.391637,0.031196,0.348275,-0.936897,0.404644,-0.861453,-0.306813,-0.913987,-0.36998,-0.166639,-0.020375,0.023113,-0.00138,0.238142,0.218789,-2.368377,0.515221,-0.120812,0.049642,0.32511,0.011399,-0.219166,0.975617,-0.765351,0.625916,0.149668,-0.643436,-0.748105,-0.161837,0.01134,0.008738,0.005328,0.008424,0.299082,0.257277,-0.694544,0.029216,0.042918,-0.022232,0.128669,0.105071,0.986105,0.819517,-0.571198,-0.04607,0.558421,0.814059,-0.159604,-0.001584,0.009684,-0.000648,0.051485,0.386964,0.332237,-0.800411,0.065478,0.039066,-0.047219,-0.010085,0.388461,-0.921409,0.461152,-0.815809,-0.348988,-0.887262,-0.42843,-0.170913,-0.011027,0.006127,0.003754,0.261465,-1.272872,-0.102773,0.508958
37,0.05553,0.034241,0.391776,0.043617,0.332483,-0.942124,0.417748,-0.862641,-0.285148,-0.907576,-0.381555,-0.17535,-0.022662,0.010799,0.006541,0.328559,-0.004986,-2.597747,0.515624,-0.120653,0.049837,0.325202,0.018053,-0.228362,0.973404,-0.764122,0.624647,0.160833,-0.644751,-0.746401,-0.16445,-0.001161,0.006609,0.00507,0.010411,0.580302,0.41989,-0.68974,0.0293,0.043017,-0.022185,0.121159,0.112414,0.986247,0.819915,-0.571376,-0.035599,0.559516,0.812952,-0.161398,-0.000581,0.00328,0.002512,-0.000923,0.509324,0.359434,-0.803024,0.065243,0.039188,-0.047151,0.001468,0.373942,-0.92745,0.474278,-0.816765,-0.328564,-0.880373,-0.439388,-0.178552,-0.011249,0.005583,0.003419,0.174401,-0.820883,-0.056328,0.510917
38,0.054698,0.034426,0.391935,0.06201,0.314084,-0.947391,0.448746,-0.856589,-0.254665,-0.891589,-0.409745,-0.192885,-0.015044,-0.01017,0.009222,5.385972,1.124059,0.37291,0.516461,-0.120412,0.050345,0.325338,0.024272,-0.240503,0.97034,-0.762787,0.622864,0.173578,-0.646133,-0.744059,-0.169561,0.011119,0.009798,0.006118,0.011146,0.495094,0.434562,-0.687776,0.029417,0.043264,-0.022122,0.113871,0.123617,0.985774,0.820475,-0.571213,-0.023147,0.560226,0.811439,-0.166469,0.004675,0.010568,-0.000669,0.050903,-0.162375,0.228388,-0.804494,0.064827,0.039296,-0.047067,0.026104,0.35529,-0.934391,0.500941,-0.81353,-0.29534,-0.865087,-0.460366,-0.199216,-0.013045,0.001312,0.000816,0.311256,0.442643,-2.286741,0.512877
39,0.05418,0.034155,0.391967,0.090545,0.30342,-0.948569,0.470186,-0.852618,-0.227903,-0.878031,-0.425754,-0.218686,-0.004777,-0.018017,0.004461,0.473482,0.434834,-2.701493,0.518835,-0.120322,0.0509,0.325428,0.032455,-0.246964,0.968477,-0.761246,0.621708,0.184166,-0.647598,-0.742901,-0.169047,-0.003068,0.01867,-0.001843,0.05371,-0.042833,0.238887,-0.687051,0.029466,0.043547,-0.022074,0.104964,0.132126,0.985659,0.820716,-0.571233,-0.010826,0.561611,0.810083,-0.168397,-0.001541,0.009367,-0.000902,0.050676,-0.073202,0.216696,-0.806616,0.064563,0.039161,-0.04705,0.051689,0.34911,-0.935654,0.526934,-0.805406,-0.271403,-0.848332,-0.479,-0.225589,-0.007711,-0.00208,-0.001243,0.356764,-0.91694,-0.288865,0.51451
40,0.053992,0.03379,0.391849,0.114943,0.296114,-0.948236,0.495154,-0.844555,-0.203771,-0.861319,-0.446477,-0.24252,-0.00342,-0.007986,-0.004869,0.18918,-0.718893,-0.402905,0.516917,-0.120419,0.051415,0.325521,0.041692,-0.250191,0.967294,-0.763428,0.616493,0.19248,-0.644505,-0.746155,-0.166524,-0.001205,0.006804,0.005177,-0.001173,0.00484,0.003895,-0.686212,0.029418,0.043805,-0.022027,0.095443,0.134485,0.986308,0.823844,-0.566809,-0.002437,0.558721,0.812797,-0.164893,-0.000608,0.003426,0.002606,-0.002562,-0.014425,-0.01246,-0.809882,0.064466,0.038969,-0.047109,0.076844,0.340983,-0.936923,0.551706,-0.79727,-0.244908,-0.83049,-0.498087,-0.249388,-0.001674,-0.003921,-0.002371,0.175973,-0.738188,-0.405455,0.515
41,0.054038,0.0336,0.391699,0.121328,0.29432,-0.947998,0.511641,-0.836901,-0.194402,-0.850747,-0.461823,-0.250948,-0.003763,-0.008792,-0.00537,5.349757,0.724513,0.950489,0.514826,-0.12052,0.051673,0.325566,0.044583,-0.250387,0.967114,-0.762947,0.61634,0.194861,-0.644884,-0.746215,-0.164777,-0.001344,0.007598,0.005773,0.019157,-0.133565,0.183398,-0.685265,0.029369,0.043922,-0.022008,0.092783,0.134256,0.986593,0.823735,-0.566974,-0.000313,0.559331,0.81272,-0.163197,-0.006828,0.002389,0.002499,0.017835,-0.121721,0.151288,-0.809719,0.064489,0.038875,-0.047184,0.086199,0.339323,-0.936711,0.563141,-0.792196,-0.23515,-0.821852,-0.507231,-0.259374,0.004148,-0.006296,-0.003819,0.146529,-0.564741,-0.2832,0.513366
42,0.054303,0.033086,0.391292,0.132282,0.295017,-0.946315,0.523459,-0.831463,-0.186095,-0.841891,-0.471116,-0.263242,0.019102,-0.019374,-0.011824,0.107136,-0.42966,-0.179652,0.514705,-0.120708,0.052048,0.325684,0.049391,-0.253547,0.966057,-0.762152,0.615475,0.20062,-0.645478,-0.745858,-0.164064,-0.001286,0.007289,0.005523,0.01915,-0.132856,0.183915,-0.684564,0.029274,0.044116,-0.021949,0.087635,0.137171,0.986662,0.823778,-0.566883,0.005643,0.560097,0.812297,-0.162678,-0.000608,0.003434,0.002605,0.018899,-0.143111,0.176459,-0.812495,0.064611,0.038629,-0.04738,0.093637,0.340971,-0.935398,0.578997,-0.782962,-0.227445,-0.809934,-0.520296,-0.270736,0.003983,-0.003292,-0.00973,0.152824,-0.510293,-0.26679,0.511407
43,0.054689,0.032408,0.390853,0.133062,0.279958,-0.95077,0.523481,-0.83438,-0.17248,-0.841756,-0.475116,-0.256396,0.00614,-0.017777,-0.010925,0.115544,0.501189,-0.915428,0.51395,-0.120872,0.052389,0.325834,0.053684,-0.259527,0.964238,-0.761386,0.614046,0.207781,-0.646044,-0.744971,-0.165855,-0.001173,0.006662,0.005036,0.013747,0.06357,0.292014,-0.685231,0.029191,0.044289,-0.021873,0.082726,0.142341,0.986354,0.823993,-0.566458,0.012637,0.560527,0.811704,-0.164149,-0.000698,0.003952,0.002991,0.004553,0.253486,0.219905,-0.814455,0.064812,0.038284,-0.047603,0.097029,0.327244,-0.939944,0.579618,-0.786308,-0.213922,-0.80909,-0.524052,-0.265971,0.009309,-0.010408,-0.006391,0.406369,1.320171,-2.336547,0.510917
44,0.054881,0.032022,0.39065,0.133759,0.266653,-0.954489,0.523218,-0.836924,-0.160543,-0.84181,-0.478272,-0.250278,0.006321,-0.017405,-0.010721,0.121696,0.39789,-0.712454,0.508573,-0.120911,0.05256,0.325928,0.056228,-0.259678,0.964052,-0.761082,0.613728,0.209823,-0.64619,-0.745179,-0.164347,-0.00137,0.007781,0.005873,0.019108,-0.131128,0.185181,-0.685495,0.029172,0.044371,-0.021828,0.080175,0.14296,0.986475,0.824052,-0.566311,0.015095,0.56081,0.811697,-0.163211,-0.000663,0.003764,0.002845,0.001331,-0.031033,0.013147,-0.814618,0.064907,0.038088,-0.047706,0.09859,0.314012,-0.944285,0.579717,-0.789387,-0.201975,-0.80883,-0.527506,-0.259864,0.002337,-0.014197,-0.001008,0.368091,1.452688,-2.585367,0.508958
45,0.055247,0.031306,0.390208,0.135136,0.244546,-0.960198,0.522156,-0.841132,-0.14079,-0.842251,-0.48266,-0.240165,0.006562,-0.016937,-0.01048,-0.005183,0.08829,-0.173437,0.498866,-0.120954,0.052861,0.326106,0.063607,-0.262984,0.962696,-0.759821,0.612561,0.217657,-0.646997,-0.744976,-0.162075,-0.001255,0.007129,0.005367,0.002416,-0.016557,0.023466,-0.686376,0.029151,0.044523,-0.021738,0.07232,0.145641,0.98669,0.823967,-0.566162,0.023175,0.562002,0.811325,-0.160948,-0.000589,0.003334,0.00251,0.018948,-0.140511,0.17747,-0.815108,0.065091,0.037721,-0.047933,0.101545,0.29155,-0.95115,0.579323,-0.794584,-0.18171,-0.808747,-0.532572,-0.249588,0.003272,-0.008499,-0.005265,-0.006349,0.083964,-0.165627,0.494752
46,0.055408,0.030789,0.38977,0.136578,0.227465,-0.964184,0.520269,-0.844694,-0.125633,-0.843188,-0.484768,-0.232512,0.009012,-0.004314,-0.018218,0.023115,0.157711,-0.336079,0.494197,-0.12099,0.053115,0.326284,0.070275,-0.266233,0.961339,-0.758634,0.611414,0.224902,-0.647707,-0.74476,-0.160222,-0.001075,0.006106,0.004587,0.002422,-0.016812,0.023278,-0.685371,0.029133,0.044652,-0.021648,0.065319,0.148404,0.986766,0.823863,-0.565962,0.030582,0.563011,0.810963,-0.159233,-0.00049,0.002771,0.002082,1e-05,-0.003757,-0.00392,-0.816251,0.065167,0.03746,-0.048147,0.104093,0.275131,-0.955754,0.577957,-0.798796,-0.167001,-0.8094,-0.535002,-0.242163,-0.002297,-0.005454,-0.003413,-0.011585,0.192898,-0.379738,0.488546
47,0.055398,0.030619,0.389384,0.139287,0.211671,-0.967388,0.513499,-0.850699,-0.112259,-0.846891,-0.481388,-0.225981,-0.001209,0.004033,-0.013077,0.022991,0.159591,-0.339842,0.494565,-0.121035,0.053375,0.326467,0.073947,-0.269295,0.96021,-0.758099,0.610305,0.229665,-0.647928,-0.744564,-0.160237,-0.001178,0.00669,0.005013,0.002346,-0.014697,0.024831,-0.685422,0.02911,0.04478,-0.021558,0.061325,0.151377,0.986571,0.824013,-0.565454,0.035541,0.563241,0.810768,-0.159414,-0.000543,0.00307,0.002301,0.018297,-0.146734,0.173975,-0.820823,0.065164,0.037369,-0.048344,0.107886,0.259729,-0.959635,0.57184,-0.805817,-0.153809,-0.813239,-0.532164,-0.23546,-0.000751,0.001654,-0.006765,0.027649,0.08251,-0.188436,0.483974
48,0.055363,0.030631,0.389228,0.139875,0.205467,-0.96864,0.51285,-0.851807,-0.106682,-0.847188,-0.482109,-0.223317,-0.000586,0.005508,-0.012153,0.022269,0.172774,-0.36546,0.497271,-0.121067,0.0535,0.32655,0.075561,-0.272239,0.959254,-0.757796,0.609499,0.232789,-0.648099,-0.744151,-0.161461,-0.0011,0.006252,0.00468,0.016143,-0.053928,0.241858,-0.685148,0.029094,0.044844,-0.021516,0.059541,0.154271,0.986232,0.824129,-0.565081,0.038637,0.563262,0.810483,-0.160785,-0.000511,0.002883,0.002158,-0.004269,0.084989,0.062616,-0.821149,0.065147,0.037376,-0.048422,0.108899,0.253659,-0.961143,0.571367,-0.807186,-0.148291,-0.813437,-0.533017,-0.232834,-0.000734,-0.001755,-0.001102,-0.005311,0.090193,-0.177139,0.484954
49,0.055201,0.030882,0.388998,0.147856,0.194382,-0.969742,0.507326,-0.856552,-0.094396,-0.849167,-0.478269,-0.224056,-0.012355,0.003318,0.002004,0.091368,-0.414732,-0.474784,0.499956,-0.121098,0.053734,0.326712,0.077843,-0.280921,0.956564,-0.757214,0.607376,0.240113,-0.648511,-0.742647,-0.166648,-0.000927,0.005264,0.003932,0.015003,-0.033521,0.256882,-0.683813,0.029078,0.044962,-0.021433,0.056281,0.163231,0.984981,0.824577,-0.563849,0.046325,0.562942,0.809586,-0.166331,-0.00131,0.008084,-0.001906,0.029504,0.08027,0.084784,-0.820006,0.06507,0.037502,-0.048543,0.114893,0.242844,-0.963237,0.566154,-0.81277,-0.13738,-0.816252,-0.529557,-0.230869,0.000698,0.005084,-0.004605,0.025962,0.078508,-0.158622,0.48969
50,0.054901,0.031391,0.388765,0.158053,0.178308,-0.971221,0.491661,-0.867157,-0.079246,-0.856528,-0.465217,-0.223517,-0.010377,0.014845,-0.006358,0.046997,0.034389,-0.441715,0.498932,-0.121097,0.053887,0.326811,0.079764,-0.283883,0.955531,-0.756871,0.606464,0.243478,-0.648681,-0.742262,-0.167698,-0.00057,0.003236,0.002414,0.018862,-0.126814,0.188358,-0.683552,0.029078,0.045041,-0.021382,0.053854,0.165953,0.984661,0.824736,-0.563317,0.049833,0.562947,0.809402,-0.167205,-0.000262,0.001479,0.001103,0.017702,-0.151161,0.170925,-0.817067,0.064921,0.037756,-0.048654,0.129307,0.228055,-0.965023,0.551806,-0.825138,-0.121059,-0.823886,-0.516852,-0.232539,-0.005107,0.007602,-0.003057,0.051237,-0.060527,-0.265519,0.490669
51,0.054711,0.031698,0.388618,0.166403,0.168197,-0.97163,0.481375,-0.873788,-0.068873,-0.860791,-0.456476,-0.225159,-0.010582,0.01434,-0.006673,0.044367,-0.092897,-0.286414,0.496624,-0.121088,0.053948,0.326843,0.080715,-0.283943,0.955433,-0.756739,0.606322,0.244241,-0.648718,-0.742355,-0.167141,-0.000513,0.002914,0.002173,0.002422,-0.016833,0.023263,-0.683069,0.029083,0.04507,-0.021367,0.052925,0.165712,0.984752,0.824714,-0.563292,0.050466,0.563067,0.809469,-0.166478,-0.000143,0.000797,0.000595,0.000199,-0.004212,-0.003091,-0.816088,0.064827,0.037912,-0.048726,0.138436,0.218426,-0.965984,0.542171,-0.83295,-0.110645,-0.828785,-0.508411,-0.233735,-0.005264,0.007214,-0.003294,0.007489,-0.014767,-0.469725,0.4892
52,0.054312,0.032392,0.388209,0.188571,0.155737,-0.969656,0.476456,-0.877849,-0.048389,-0.858982,-0.453076,-0.238534,-0.010884,0.013588,-0.007138,0.117085,-0.429216,-0.682763,0.492668,-0.121072,0.054015,0.32689,0.082531,-0.286891,0.954397,-0.756421,0.605392,0.247512,-0.648863,-0.741977,-0.168254,-0.00018,0.001019,0.00076,0.015996,-0.10117,0.171576,-0.682347,0.029091,0.045105,-0.021343,0.050898,0.168882,0.98432,0.824848,-0.562777,0.053905,0.563057,0.809172,-0.167947,-0.000119,0.000665,0.000494,-0.002585,-0.00654,-0.004203,-0.81821,0.064632,0.038252,-0.048923,0.159149,0.20774,-0.96515,0.537795,-0.838072,-0.091707,-0.827917,-0.504458,-0.2451,-0.005492,0.006659,-0.003641,0.045131,-0.05903,-0.267661,0.483974
53,0.053989,0.033218,0.38765,0.216414,0.14473,-0.965538,0.471708,-0.881342,-0.026436,-0.855065,-0.449919,-0.257805,0.002925,0.020556,-0.018242,0.15215,-0.570163,-0.470885,0.49009,-0.121045,0.054025,0.326906,0.084698,-0.287009,0.954171,-0.756171,0.605001,0.249224,-0.648877,-0.74225,-0.166993,-3e-06,1.6e-05,1.2e-05,-0.0,4e-06,3e-06,-0.682932,0.029104,0.04511,-0.021334,0.048578,0.168509,0.984501,0.824844,-0.562618,0.055599,0.563267,0.809361,-0.166325,9e-06,-5.4e-05,-4.1e-05,0.000277,-0.000847,-0.000649,-0.818047,0.064461,0.03867,-0.049205,0.18928,0.198414,-0.961667,0.53372,-0.842853,-0.06885,-0.824205,-0.500229,-0.265434,-0.004589,0.012168,-0.007967,0.181686,-0.670832,-0.783396,0.480382
54,0.053865,0.034227,0.386858,0.249921,0.13526,-0.958796,0.467103,-0.884182,-0.003033,-0.848471,-0.447275,-0.282964,0.002882,0.020422,-0.018294,0.170415,-0.742274,-0.56337,0.483597,-0.121055,0.05403,0.326911,0.08632,-0.287088,0.954002,-0.755969,0.604726,0.250502,-0.648901,-0.742443,-0.166037,-0.012354,-0.002039,-0.000196,0.014706,-0.101665,0.130786,-0.683122,0.029104,0.045112,-0.021333,0.047074,0.168465,0.984582,0.824825,-0.562525,0.056813,0.563423,0.809434,-0.165435,4e-06,-2.5e-05,-1.8e-05,0.000234,-0.0,-3.9e-05,-0.819516,0.064402,0.039162,-0.049592,0.221972,0.191202,-0.956121,0.529673,-0.84693,-0.046398,-0.81864,-0.496134,-0.28927,0.001432,0.010156,-0.009174,0.11696,-0.377326,-0.372588,0.473197
55,0.053875,0.034775,0.386385,0.265585,0.129985,-0.955308,0.4621,-0.886778,0.007753,-0.846469,-0.443677,-0.294393,0.004304,0.03057,-0.027454,0.185048,-0.74013,-0.542336,0.482119,-0.121055,0.05403,0.326911,0.086763,-0.28711,0.953956,-0.755913,0.604651,0.250852,-0.648907,-0.742496,-0.165776,-0.0,0.0,0.0,-0.0,0.0,0.0,-0.682506,0.029099,0.045111,-0.021333,0.046506,0.168448,0.984612,0.824817,-0.56249,0.057272,0.563482,0.809462,-0.165098,3e-06,-1.5e-05,-1e-05,0.000208,-1.2e-05,2.1e-05,-0.820333,0.064402,0.039434,-0.049824,0.237998,0.187076,-0.953078,0.525087,-0.850295,-0.035778,-0.817091,-0.491935,-0.3006,0.002121,0.015172,-0.01379,0.000862,-0.36438,-0.386207,0.470421
