frame,MLTx,MLTy,MLTz,MLTR1,MLTR2,MLTR3,MLTR4,MLTR5,MLTR6,MLTR7,MLTR8,MLTR9,MLTTVx,MLTTVy,MLTTVz,MLTRVx,MLTRVy,MLTRVz,MLGA,MRTx,MRTy,MRTz,MRTR1,MRTR2,MRTR3,MRTR4,MRTR5,MRTR6,MRTR7,MRTR8,MRTR9,MRTTVx,MRTTVy,MRTTVz,MRTRVx,MRTRVy,MRTRVz,MRGA,SLTx,SLTy,SLTz,SLTR1,SLTR2,SLTR3,SLTR4,SLTR5,SLTR6,SLTR7,SLTR8,SLTR9,SLTTVx,SLTTVy,SLTTVz,SLTRVx,SLTRVy,SLTRVz,SLGA,SRTx,SRTy,SRTz,SRTR1,SRTR2,SRTR3,SRTR4,SRTR5,SRTR6,SRTR7,SRTR8,SRTR9,SRTTVx,SRTTVy,SRTTVz,SRTRVx,SRTRVy,SRTRVz,SRGA
50,0.235899,-0.054,0.345146,-0.650965,0.452497,-0.609538,-0.605137,-0.794084,0.056681,-0.457572,0.405184,0.791505,-0.047228,0.016613,-0.058667,0.075826,-0.11554,-0.122962,-0.178797,-0.234089,-0.035332,0.298475,-0.758648,-0.424946,0.493827,0.635098,-0.650943,0.415763,0.145721,0.629576,0.763062,0.021945,0.02552,-0.102082,-0.367429,0.574295,0.913942,0.181821,0.004708,0.039517,-0.011993,0.740138,0.423524,0.522323,-0.629058,0.710583,0.315209,-0.237656,-0.56187,0.792351,0.010981,0.01259,-0.051244,-0.527245,1.035294,1.053051,0.029758,0.119642,0.026763,-0.035102,0.667614,-0.462417,-0.58349,0.562379,0.826795,-0.011777,0.487873,-0.32028,0.812033,-0.031193,0.007095,-0.029875,0.090759,0.035614,-0.347549,-0.37673
51,0.233233,-0.053682,0.342779,-0.653509,0.432581,-0.621165,-0.595704,-0.800183,0.069387,-0.466224,0.414833,0.781394,-0.077523,0.00924,-0.064068,-0.204448,-0.772271,-0.51568,-0.172504,-0.233491,-0.034469,0.294425,-0.784262,-0.364306,0.502201,0.596131,-0.666378,0.447774,0.172507,0.651002,0.739122,0.021231,0.022286,-0.107276,-0.400595,0.588549,0.89238,0.204694,0.005007,0.039955,-0.014018,0.761801,0.362088,0.537168,-0.59167,0.726556,0.349346,-0.263789,-0.583958,0.767728,0.010626,0.010955,-0.053863,-0.59552,0.869262,1.093179,0.066335,0.118349,0.026926,-0.036263,0.669717,-0.445962,-0.593797,0.553296,0.832983,-0.001561,0.495319,-0.3275,0.804612,-0.031029,0.005373,-0.031889,-0.089754,-0.39492,-0.525754,-0.368729
52,0.23166,-0.053601,0.341672,-0.65516,0.42454,-0.624961,-0.59143,-0.802889,0.074516,-0.46933,0.417907,0.777888,-0.077004,0.001403,-0.052449,-0.072915,-0.338306,-0.350674,-0.174289,-0.233243,-0.034119,0.292458,-0.7966,-0.330976,0.505839,0.575165,-0.67213,0.46622,0.186675,0.662742,0.725113,0.021106,0.021725,-0.108574,-0.677424,0.927795,1.123607,0.215599,0.005133,0.040133,-0.01504,0.771976,0.329301,0.543704,-0.572009,0.732936,0.368253,-0.277234,-0.595286,0.754171,0.002855,0.005577,-0.049728,-0.515294,0.791847,0.729904,0.084623,0.117569,0.026959,-0.036825,0.670326,-0.436614,-0.600025,0.548728,0.835987,0.004705,0.499559,-0.332405,0.799966,-0.038432,0.000487,-0.026408,-0.188947,-0.6108,-0.462166,-0.369709
53,0.228298,-0.053504,0.33996,-0.665765,0.402569,-0.628284,-0.581192,-0.807804,0.098184,-0.467182,0.430015,0.772564,-0.092546,-0.002501,-0.035363,-0.212156,-0.466188,-0.657501,-0.119203,-0.233058,-0.033829,0.288966,-0.812239,-0.291154,0.505458,0.550094,-0.67022,0.498132,0.194748,0.683011,0.703869,-0.008196,-0.002639,-0.072757,-0.45117,0.525126,0.739757,0.204179,0.00523,0.040272,-0.016844,0.785882,0.286176,0.548171,-0.548464,0.732019,0.404147,-0.285615,-0.618264,0.732238,-0.003992,-0.0011,-0.036089,-0.444347,0.520503,0.737531,0.096707,0.115825,0.027003,-0.037734,0.680177,-0.414744,-0.604438,0.538266,0.842318,0.027745,0.497622,-0.34422,0.796168,-0.046271,-0.000984,-0.017343,-0.163204,-0.389717,-0.621379,-0.349134
54,0.224741,-0.053587,0.338925,-0.688681,0.388152,-0.612456,-0.570447,-0.811422,0.127107,-0.446772,0.436423,0.780998,-0.076306,-0.014668,-0.009492,-1.734605,1.537435,-1.766146,-0.04575,-0.233254,-0.034169,0.286961,-0.826691,-0.259993,0.498976,0.527183,-0.667417,0.525895,0.197328,0.698124,0.688148,-0.00442,-0.008334,-0.034578,-0.37597,0.2175,0.825994,0.204205,0.005133,0.040095,-0.017848,0.798641,0.255197,0.545019,-0.528487,0.73062,0.432313,-0.287878,-0.633299,0.718371,-0.002117,-0.009639,-0.013063,-0.490218,0.360599,0.911229,0.083154,0.114111,0.026968,-0.038243,0.700197,-0.397955,-0.592752,0.527986,0.847488,0.054715,0.480576,-0.351276,0.803523,-0.038559,-0.002021,-0.009105,0.049855,0.093527,-0.13722,-0.297044
55,0.223244,-0.053775,0.33874,-0.696675,0.383774,-0.606141,-0.566695,-0.812467,0.136842,-0.439092,0.438351,0.784266,-0.076601,-0.012062,-0.006782,-0.16098,0.217052,-0.316828,-0.022008,-0.233315,-0.034467,0.286714,-0.832509,-0.249152,0.494816,0.518131,-0.665945,0.536648,0.196852,0.703449,0.68284,-0.001902,-0.019955,-0.003788,-0.278186,0.12181,0.503107,0.224145,0.005098,0.039936,-0.018003,0.804478,0.242225,0.542347,-0.519694,0.729182,0.445208,-0.28763,-0.640015,0.712494,-0.000744,-0.009171,-0.0008,-0.277516,0.039489,0.691404,0.091808,0.113328,0.026871,-0.038342,0.709763,-0.391844,-0.5854,0.523831,0.849207,0.066688,0.470995,-0.353984,0.807996,-0.038332,-0.005595,-0.002858,-0.571173,0.555707,-0.66194,-0.274184
56,0.220635,-0.054215,0.338768,-0.694216,0.393971,-0.602409,-0.581565,-0.800121,0.146834,-0.423295,0.45178,0.78533,-0.045514,-0.014235,0.008603,-0.058518,0.026208,-0.111439,0.027036,-0.232854,-0.034566,0.28731,-0.859769,-0.191226,0.47352,0.460334,-0.691299,0.556896,0.221924,0.697012,0.681754,0.034797,0.014388,0.019222,2.575435,2.738429,4.251897,0.287095,0.005314,0.039864,-0.017726,0.829141,0.186393,0.52705,-0.466231,0.750766,0.467951,-0.308469,-0.633725,0.709393,0.009838,0.008685,0.011687,-0.123456,-0.902263,1.041212,0.157288,0.112012,0.026652,-0.038334,0.707871,-0.401704,-0.580991,0.539497,0.8384,0.077637,0.455916,-0.3684,0.810197,-0.030866,-0.002444,-0.000157,-0.020597,-0.023295,0.095517,-0.225687
57,0.218965,-0.054475,0.338956,-0.682405,0.417178,-0.600276,-0.608676,-0.779001,0.150478,-0.403996,0.467538,0.786271,-0.04646,-0.001718,0.001737,-0.012977,-0.03837,0.108472,0.064828,-0.231066,-0.033481,0.28868,-0.905605,-0.128859,0.404061,0.364004,-0.724721,0.584991,0.218583,0.677006,0.702672,0.05443,0.033699,0.044392,0.662737,-0.072857,2.080624,0.342004,0.006202,0.040403,-0.017044,0.877149,0.113581,0.466592,-0.36782,0.783571,0.500723,-0.308736,-0.610831,0.729086,0.027268,0.023115,0.019126,1.863499,0.60101,6.388574,0.229789,0.111177,0.02652,-0.038233,0.697508,-0.425419,-0.576628,0.567715,0.819088,0.082428,0.437243,-0.384854,0.812838,-0.015108,-0.005765,0.005165,-0.090007,0.077598,-0.112017,-0.173923
58,0.218055,-0.054614,0.339199,-0.689506,0.423238,-0.58779,-0.615182,-0.770537,0.166723,-0.381498,0.476023,0.792394,-0.015586,0.000785,0.002043,-0.044796,0.060691,-0.069675,0.149556,-0.229007,-0.032037,0.290594,-0.943465,-0.115255,0.310776,0.291049,-0.736217,0.610908,0.159573,0.666959,0.727712,0.039311,0.02721,0.057837,0.158557,-0.646695,0.628707,0.35595,0.007243,0.041152,-0.016059,0.921676,0.090197,0.377329,-0.29529,0.793916,0.531507,-0.251628,-0.601298,0.758368,0.019703,0.013881,0.029269,0.111921,-0.75317,0.687796,0.281225,0.11071,0.026455,-0.038106,0.705044,-0.430354,-0.563656,0.574925,0.81219,0.09903,0.415178,-0.39388,0.820051,-0.015536,7.8e-05,0.001292,-0.168502,0.147959,-0.207623,-0.094074
59,0.217778,-0.054648,0.33926,-0.70167,0.418841,-0.576434,-0.611141,-0.769683,0.184568,-0.365499,0.481264,0.796757,-0.01547,-0.000743,0.000372,-1.735008,1.496641,-1.626683,0.209857,-0.228394,-0.031578,0.291676,-0.949425,-0.12562,0.287757,0.283439,-0.736601,0.614016,0.136022,0.664674,0.734554,0.022549,0.0106,0.058712,-1.573733,-3.911478,-3.329994,0.35092,0.007551,0.041397,-0.015515,0.92996,0.093757,0.355505,-0.284662,0.795567,0.534827,-0.232684,-0.598566,0.766535,0.011282,0.0113,0.025817,-0.047642,-0.600467,0.658147,0.28792,0.110577,0.026442,-0.038072,0.715442,-0.425108,-0.554459,0.571608,0.812479,0.114636,0.401754,-0.398949,0.824277,-0.007739,-0.000352,0.000221,-0.156561,0.14206,-0.173261,-0.020757
60,0.217595,-0.05486,0.339396,-0.720056,0.421561,-0.551226,-0.613587,-0.757793,0.221883,-0.323288,0.497466,0.805009,0.000796,-0.011141,0.008285,-2.685456,1.94668,-0.461908,0.311591,-0.228214,-0.031548,0.293373,-0.919144,-0.27592,0.281128,0.393071,-0.685872,0.612379,0.025006,0.673709,0.738481,0.003138,-0.007997,0.034693,-1.927047,-4.250699,-5.488423,0.308951,0.007661,0.041451,-0.014607,0.910486,0.242714,0.334818,-0.394787,0.751189,0.529016,-0.123112,-0.613844,0.779767,-0.006359,-0.009845,0.021252,-1.226502,-2.006721,-6.140597,0.260814,0.110474,0.026339,-0.038006,0.734888,-0.423613,-0.529613,0.573837,0.80461,0.152684,0.361453,-0.416117,0.834384,0.000396,-0.005827,0.003935,-3.128952,1.320192,4.212845,0.129144
61,0.21759,-0.05512,0.339636,-0.728412,0.435925,-0.528612,-0.623693,-0.741248,0.248053,-0.282799,0.509831,0.81248,0.000694,-0.009775,0.009776,-2.967702,1.467569,4.288584,0.407568,-0.229261,-0.032081,0.294227,-0.874975,-0.385971,0.292296,0.481124,-0.627118,0.612517,-0.052008,0.677046,0.734008,-0.030978,-0.010732,0.009252,-1.784615,-3.263488,-3.928068,0.228315,0.007138,0.041182,-0.014168,0.870305,0.361477,0.334519,-0.490686,0.694826,0.525778,-0.042376,-0.621731,0.782083,-0.015759,-0.006214,0.003547,-1.82384,-3.243937,-3.913069,0.187007,0.110471,0.026206,-0.03789,0.747361,-0.432104,-0.504713,0.58139,0.793013,0.181973,0.321613,-0.429436,0.843889,0.00034,-0.004827,0.004952,-0.062505,0.163064,-0.377101,0.279371
62,0.217612,-0.055433,0.339953,-0.720189,0.460296,-0.519135,-0.645819,-0.718178,0.259055,-0.252699,0.52126,0.815143,0.00075,-0.010525,0.008957,-0.118553,0.128168,-0.080562,0.451405,-0.231025,-0.032268,0.294084,-0.842317,-0.444259,0.305168,0.530246,-0.582389,0.616114,-0.094928,0.681329,0.725701,-0.048133,0.005411,-0.014863,-2.098938,-2.998328,-3.874031,0.118692,0.006272,0.041076,-0.014248,0.841372,0.41981,0.34037,-0.540452,0.655678,0.527254,-0.001826,-0.627571,0.778556,-0.024167,-0.00365,-0.004323,-0.030875,-0.026799,-0.206711,0.045924,0.110482,0.026048,-0.037725,0.738177,-0.460416,-0.493062,0.609396,0.768607,0.194626,0.289362,-0.444139,0.847944,0.000374,-0.005303,0.004429,-0.115674,0.125399,-0.079344,0.383061
63,0.217675,-0.055673,0.340133,-0.71034,0.478428,-0.516302,-0.662048,-0.703221,0.259122,-0.238225,0.525284,0.816917,0.001551,-0.021721,0.017181,-2.83559,1.645329,4.528201,0.456477,-0.231895,-0.032197,0.293801,-0.815751,-0.480765,0.321569,0.566456,-0.552355,0.611527,-0.115354,0.681606,0.722475,-0.032557,0.005375,-0.015198,-1.673148,-2.721554,-4.611047,0.085812,0.005829,0.041101,-0.014403,0.81683,0.457094,0.351928,-0.576568,0.626887,0.524004,0.0189,-0.630933,0.775606,-0.024012,0.002918,-0.007167,0.48219,1.950914,-2.040303,-0.014167,0.110514,0.025929,-0.037634,0.730141,-0.477195,-0.489057,0.624974,0.755726,0.195662,0.276225,-0.44851,0.850022,0.000804,-0.010907,0.008594,-2.811411,1.68041,4.534707,0.406574
64,0.217702,-0.05623,0.340691,-0.68561,0.515994,-0.51355,-0.696694,-0.669674,0.25715,-0.210376,0.533447,0.81927,0.000591,-0.008388,0.011288,0.070646,0.140496,0.294934,0.465452,-0.23311,-0.031678,0.293166,-0.751504,-0.545193,0.371481,0.643758,-0.483438,0.593125,-0.142835,0.685557,0.713774,-0.016581,0.018484,-0.021098,0.61584,2.03248,-2.19221,0.056117,0.00522,0.04134,-0.01472,0.751484,0.532835,0.389047,-0.657693,0.558501,0.505484,0.052056,-0.635737,0.770147,-0.015837,0.004611,-0.005117,0.018942,0.859124,-2.989702,-0.089444,0.110528,0.025648,-0.037366,0.706777,-0.516824,-0.483071,0.662558,0.722926,0.195944,0.247956,-0.458552,0.853374,0.000682,-0.009732,0.009815,0.078358,0.354482,0.121485,0.425353
65,0.217567,-0.056807,0.341501,-0.674343,0.536617,-0.507297,-0.711673,-0.655556,0.252467,-0.196251,0.530608,0.824602,-0.014445,-0.015808,0.0248,0.06721,0.30829,0.080652,0.493207,-0.233462,-0.03119,0.292293,-0.718897,-0.552111,0.422318,0.684663,-0.458124,0.566827,-0.118576,0.697321,0.706786,-0.002344,0.012146,-0.029499,0.668992,1.797075,-1.635412,0.098858,0.005034,0.041603,-0.015149,0.714832,0.545622,0.43739,-0.698767,0.533012,0.477097,0.027181,-0.646678,0.762277,-0.00111,0.000567,-0.010561,0.106901,0.107531,-0.045829,-0.082586,0.110461,0.025353,-0.03696,0.696616,-0.537746,-0.474924,0.678311,0.709293,0.191826,0.233707,-0.455776,0.858864,-0.007247,-0.00774,0.012575,0.088862,0.339974,0.086122,0.456868
66,0.217346,-0.057168,0.342443,-0.667243,0.552273,-0.499828,-0.721337,-0.646404,0.248611,-0.184965,0.525738,0.83031,0.000814,-0.011796,0.027964,0.001317,0.152877,0.0487,0.515266,-0.23341,-0.031302,0.291023,-0.70477,-0.544107,0.455235,0.703678,-0.455443,0.545292,-0.088481,0.705319,0.70325,0.010673,-0.011173,-0.037479,0.568433,0.096065,-0.468543,0.125127,0.005058,0.041565,-0.015769,0.697678,0.539037,0.471893,-0.716399,0.52872,0.455221,-0.004119,-0.655662,0.755042,0.005273,-0.011663,-0.015301,0.98652,1.319263,-1.675392,-0.033109,0.11035,0.025175,-0.036487,0.690382,-0.553589,-0.465737,0.688536,0.700363,0.188174,0.222014,-0.450589,0.864683,0.000381,-0.005756,0.014141,-0.022607,0.114971,0.041565,0.491812
67,0.217344,-0.05733,0.342863,-0.659584,0.564281,-0.49657,-0.730427,-0.637061,0.246175,-0.176619,0.524376,0.832984,0.000307,-0.004532,0.015456,0.059531,0.207227,0.064967,0.516915,-0.233387,-0.031564,0.290235,-0.704225,-0.541819,0.458794,0.704877,-0.457197,0.542267,-0.083169,0.705943,0.703271,-0.005633,-0.014076,-0.041309,0.066235,-0.275179,0.419115,0.115148,0.005075,0.041434,-0.016163,0.695532,0.538617,0.475526,-0.718422,0.530761,0.449624,-0.010216,-0.654357,0.756116,0.004851,-0.007891,-0.021838,0.034018,-0.20287,0.325067,-0.029353,0.110349,0.025101,-0.036269,0.683402,-0.565505,-0.461696,0.69806,0.691323,0.186505,0.213712,-0.44975,0.867209,0.000139,-0.00228,0.007714,0.058978,0.202802,0.063905,0.502263
68,0.217488,-0.05772,0.343425,-0.646128,0.578677,-0.497691,-0.744282,-0.622163,0.242755,-0.168371,0.526551,0.83332,0.016163,-0.008676,0.009795,-0.034352,-0.007087,0.008586,0.517644,-0.233399,-0.032018,0.288066,-0.710141,-0.5442,0.446696,0.698452,-0.465516,0.543501,-0.086939,0.698634,0.710082,0.007952,-0.01207,-0.062316,0.078757,-0.076274,0.106022,0.123384,0.005063,0.041205,-0.017241,0.70282,0.53975,0.46337,-0.711339,0.53899,0.451094,-0.006274,-0.646652,0.762759,-0.003793,-0.005763,-0.030708,0.06381,-0.045293,0.077826,-0.0287,0.110414,0.024914,-0.035986,0.670578,-0.58075,-0.461576,0.712801,0.676794,0.184021,0.205522,-0.452412,0.867803,0.000351,-0.005105,0.004646,-0.041403,-0.005593,-0.026019,0.509284
69,0.21759,-0.057852,0.343534,-0.642122,0.582732,-0.498145,-0.748463,-0.617122,0.242769,-0.165154,0.528002,0.833046,0.000759,-0.010681,0.00879,-0.035597,0.006915,-0.021352,0.517526,-0.233394,-0.032196,0.286821,-0.712111,-0.547165,0.439886,0.69605,-0.469251,0.54337,-0.090004,0.693802,0.714424,0.007978,-0.011933,-0.062508,-0.053321,-0.698792,0.639638,0.121721,0.005067,0.041104,-0.017896,0.705417,0.542102,0.45663,-0.708783,0.542721,0.450643,-0.003529,-0.641544,0.767077,0.003967,-0.006201,-0.031555,-0.10231,-0.746484,0.699289,-0.024618,0.110471,0.024846,-0.035934,0.66679,-0.584951,-0.46176,0.717224,0.672,0.184406,0.202435,-0.454146,0.867623,3.6e-05,-0.000597,-0.00065,0.006205,-0.083089,0.17852,0.510264
70,0.217679,-0.057792,0.34347,-0.641439,0.583054,-0.498648,-0.748957,-0.616761,0.242159,-0.165563,0.528068,0.832923,-0.000737,0.010366,-0.009131,0.040932,-0.087406,0.203152,0.518028,-0.233443,-0.032572,0.284564,-0.702033,-0.560448,0.439363,0.706188,-0.469087,0.530274,-0.090212,0.683239,0.724506,-0.006377,-0.016931,-0.046529,-0.58767,-0.924325,-1.348116,0.143413,0.005042,0.04091,-0.019024,0.697173,0.554681,0.454177,-0.716886,0.543628,0.436512,-0.004779,-0.629918,0.776646,-0.003257,-0.002702,-0.027137,-2.308681,-2.968238,-4.125256,-0.010738,0.110517,0.024864,-0.035965,0.666322,-0.585175,-0.46215,0.71755,0.671775,0.183952,0.202817,-0.454188,0.867512,0.007719,0.000786,0.000263,0.002155,-0.015214,0.02736,0.51206
71,0.217733,-0.057563,0.343269,-0.639254,0.584096,-0.500232,-0.750522,-0.615651,0.240131,-0.16692,0.52821,0.832562,-0.000799,0.011186,-0.008242,0.036376,-0.0186,0.047686,0.517496,-0.233472,-0.032629,0.282917,-0.692272,-0.576343,0.434257,0.716282,-0.476474,0.509752,-0.086013,0.664655,0.742091,0.011891,0.005525,-0.039598,0.452844,-0.317395,-0.240277,0.137746,0.005018,0.040861,-0.019867,0.688097,0.571339,0.447317,-0.725573,0.548618,0.415405,-0.00807,-0.6104,0.792051,-0.001576,-0.001378,-0.013681,0.517456,-0.381254,-0.313601,-0.002084,0.110544,0.024975,-0.036068,0.664133,-0.586448,-0.463686,0.719172,0.670589,0.181934,0.204248,-0.454298,0.867118,4e-06,-1.2e-05,-1.4e-05,0.006191,-0.080938,0.180274,0.511897
72,0.217657,-0.057477,0.343231,-0.636819,0.585231,-0.502008,-0.752351,-0.614096,0.238383,-0.167985,0.528762,0.831997,-0.015495,-0.000731,0.000378,0.00436,-0.065969,0.152161,0.517065,-0.233216,-0.032429,0.282183,-0.681242,-0.596839,0.423891,0.727242,-0.4863,0.48432,-0.082071,0.638955,0.764764,0.015263,-0.002479,-0.003528,0.692976,-0.585772,-0.381324,0.145401,0.005144,0.040957,-0.020257,0.679451,0.590792,0.435097,-0.733618,0.556909,0.38943,-0.012238,-0.583794,0.811809,-2.2e-05,0.005581,-0.004088,0.767608,-0.639868,-0.447481,-0.000124,0.110511,0.025025,-0.036088,0.661839,-0.587769,-0.46529,0.72097,0.669099,0.180297,0.205352,-0.454788,0.8666,-1.5e-05,0.000227,0.000246,0.000563,-0.000227,-0.001002,0.511734
73,0.217622,-0.057469,0.343257,-0.63571,0.585739,-0.50282,-0.753202,-0.613318,0.237699,-0.168374,0.529101,0.831703,-6.8e-05,0.000915,0.000991,0.005344,-0.080679,0.181716,0.517285,-0.233075,-0.032433,0.282283,-0.678427,-0.607799,0.412684,0.729543,-0.491942,0.475073,-0.084884,0.624132,0.776607,0.000982,-0.007117,0.013758,0.500801,-0.546391,-0.132448,0.159531,0.00522,0.040958,-0.020212,0.677622,0.601922,0.422513,-0.735346,0.56215,0.378488,-0.009696,-0.567165,0.823546,0.000587,0.002576,0.003558,0.641849,-0.538974,-0.367591,0.010816,0.110487,0.025028,-0.036076,0.660781,-0.588372,-0.466031,0.721825,0.668345,0.179672,0.205756,-0.455117,0.866332,-4.3e-05,0.000578,0.000628,0.000475,-0.000175,-0.000822,0.51206
74,0.217527,-0.057455,0.34331,-0.634318,0.586377,-0.503834,-0.75427,-0.612331,0.236856,-0.168843,0.529536,0.831331,-5.6e-05,0.00076,0.000823,0.005345,-0.080669,0.181721,0.517019,-0.232827,-0.032491,0.283085,-0.669535,-0.626898,0.398389,0.737908,-0.500831,0.45232,-0.083196,0.597603,0.797378,0.002786,0.000968,0.024862,0.419248,-0.482555,-0.058538,0.17956,0.005347,0.040932,-0.019797,0.670668,0.620788,0.405987,-0.741669,0.569674,0.354115,-0.01145,-0.538602,0.842481,0.001495,0.000964,0.013092,0.374908,-0.456469,-0.048209,0.033513,0.11044,0.025035,-0.036048,0.659432,-0.589137,-0.466974,0.722915,0.667376,0.17889,0.206257,-0.455549,0.865986,-3.5e-05,0.000461,0.000501,0.000314,-0.000116,-0.000568,0.51255
75,0.217551,-0.05746,0.343304,-0.632599,0.587155,-0.505088,-0.75557,-0.611149,0.235762,-0.169475,0.530038,0.830882,5.4e-05,-0.000732,-0.000793,0.0,0.0,0.0,0.516778,-0.23282,-0.032233,0.283845,-0.643085,-0.661642,0.385568,0.759274,-0.485974,0.432742,-0.09814,0.57187,0.814369,-0.013232,0.011457,0.015803,0.395483,-0.450851,-0.10722,0.221296,0.005358,0.041072,-0.019403,0.647286,0.655522,0.388986,-0.762237,0.55416,0.334514,0.003721,-0.513027,0.858364,0.001224,0.005525,0.007568,0.443688,-0.488896,-0.354746,0.088706,0.110452,0.025036,-0.036049,0.657646,-0.590147,-0.468217,0.724339,0.666121,0.177802,0.20696,-0.456079,0.865539,3.9e-05,-0.000515,-0.000557,0.005618,-0.080726,0.181363,0.512713
76,0.217575,-0.057468,0.343277,-0.631578,0.587615,-0.50583,-0.756335,-0.610461,0.235089,-0.169868,0.53032,0.830622,7.5e-05,-0.001022,-0.001107,0.005345,-0.080674,0.181718,0.516624,-0.232925,-0.031994,0.284138,-0.629873,-0.679958,0.375378,0.768521,-0.476235,0.427211,-0.11093,0.558427,0.82202,-0.013088,0.01205,0.016571,0.545642,-0.475635,-0.287418,0.221758,0.005301,0.041196,-0.01925,0.636302,0.673168,0.37678,-0.77125,0.544293,0.330026,0.017084,-0.500588,0.865516,-0.006545,0.006045,0.008321,0.434617,-0.395178,-0.261718,0.102259,0.110464,0.025031,-0.036062,0.656759,-0.590647,-0.46883,0.72504,0.665509,0.177239,0.207326,-0.456324,0.865322,5.9e-05,-0.000803,-0.000868,0.005555,-0.080736,0.181415,0.512713
77,0.217615,-0.057531,0.343206,-0.629887,0.588372,-0.507057,-0.757605,-0.6093,0.234011,-0.170486,0.530815,0.830179,0.000162,-0.002199,-0.002383,0.0,0.0,0.0,0.515122,-0.233111,-0.031347,0.284495,-0.616523,-0.703525,0.353473,0.77544,-0.465281,0.426779,-0.135014,0.538098,0.831916,0.001953,0.020221,0.004152,0.258973,-0.232668,-0.083087,0.226094,0.005208,0.041515,-0.019069,0.625685,0.696119,0.352044,-0.778972,0.533566,0.329408,0.041469,-0.480338,0.876102,-0.006755,0.010771,0.003042,0.35132,-0.337174,-0.106608,0.11173,0.110484,0.025,-0.036097,0.654993,-0.591639,-0.470049,0.726439,0.664267,0.176166,0.208012,-0.456849,0.864881,9.9e-05,-0.001323,-0.001435,-0.000627,0.011637,-0.026537,0.511734
78,0.217659,-0.057658,0.343111,-0.628347,0.589054,-0.508174,-0.758769,-0.608201,0.233096,-0.17099,0.531316,0.829755,0.015702,-0.001979,-0.003319,0.00021,-0.003027,0.003221,0.511355,-0.233295,-0.030618,0.284805,-0.600234,-0.726005,0.335599,0.782852,-0.447675,0.432047,-0.162679,0.522964,0.836605,0.002149,0.009626,0.013016,-0.099355,-0.12515,-0.049655,0.228737,0.005115,0.041882,-0.018919,0.61181,0.718332,0.331188,-0.787971,0.516844,0.334622,0.069197,-0.465692,0.882236,-0.006625,0.011274,0.003693,-0.320888,-0.795991,0.39211,0.117935,0.1105,0.024937,-0.036143,0.653487,-0.592479,-0.471086,0.727644,0.663172,0.175319,0.208538,-0.457352,0.864488,0.000102,-0.001379,-0.001495,0.000107,-2.4e-05,-0.000145,0.508794
79,0.217655,-0.057756,0.343082,-0.627522,0.591237,-0.506657,-0.759601,-0.607793,0.231445,-0.170329,0.529355,0.831143,5.1e-05,-0.000693,-0.000752,7.8e-05,0.000175,7.5e-05,0.51048,-0.233483,-0.029939,0.285097,-0.584929,-0.741744,0.328125,0.790482,-0.431078,0.435022,-0.180496,0.514764,0.838035,0.002053,0.009188,0.012368,0.001457,-0.015623,0.024188,0.239049,0.00502,0.042214,-0.018775,0.598178,0.734079,0.321417,-0.79658,0.500929,0.338423,0.087422,-0.458472,0.884398,-0.006738,0.00499,0.006786,0.003561,0.009811,-0.004424,0.127569,0.110504,0.024883,-0.036164,0.652787,-0.59462,-0.469357,0.728491,0.662678,0.173659,0.207771,-0.455285,0.865763,3.3e-05,-0.000431,-0.000467,-0.003131,-0.005171,-0.001008,0.505039
80,0.217656,-0.05777,0.343083,-0.627438,0.591273,-0.506719,-0.759668,-0.607722,0.231414,-0.170341,0.529397,0.831114,4e-06,-5.8e-05,-6.3e-05,1e-06,3e-06,1e-06,0.513033,-0.2335,-0.029653,0.28529,-0.580042,-0.74529,0.328765,0.793474,-0.425991,0.434586,-0.183115,0.513879,0.83801,-0.013237,0.022434,0.007106,0.035361,-0.015655,0.010649,0.240339,0.005014,0.042367,-0.018673,0.593459,0.737852,0.321526,-0.799822,0.495997,0.33804,0.089948,-0.457777,0.884504,-0.006608,0.011276,0.003639,0.037132,-0.012345,0.013845,0.133121,0.110504,0.024876,-0.036164,0.652704,-0.594637,-0.469451,0.728559,0.662604,0.173659,0.207796,-0.455371,0.865712,-5e-06,4.7e-05,5e-05,-0.000299,-0.000745,-0.000378,0.505365
81,0.217749,-0.057775,0.34307,-0.62613,0.593664,-0.505539,-0.760833,-0.607045,0.229351,-0.169955,0.527494,0.832402,0.015552,0.000109,-0.001056,0.225444,0.488561,0.24597,0.515027,-0.233325,-0.029183,0.285918,-0.573949,-0.748923,0.331191,0.797377,-0.419357,0.433894,-0.185347,0.514057,0.83741,0.018612,0.013252,0.017555,-0.003655,0.045718,-0.065069,0.245841,0.0051,0.042596,-0.018367,0.587504,0.741874,0.323204,-0.803959,0.489634,0.337502,0.092132,-0.458127,0.884098,0.009329,0.006758,0.008957,-0.002632,0.047182,-0.062402,0.138346,0.110545,0.024877,-0.036166,0.651829,-0.595115,-0.47006,0.729243,0.661988,0.173132,0.20814,-0.455641,0.865487,4.3e-05,-0.000566,-0.000614,-0.000647,0.011649,-0.026505,0.508468
82,0.217904,-0.057809,0.343053,-0.624968,0.594169,-0.506383,-0.7617,-0.606217,0.22866,-0.170344,0.527876,0.83208,0.000105,-0.001408,-0.00153,-0.000725,0.01179,-0.026288,0.515457,-0.233084,-0.028599,0.286867,-0.57219,-0.749118,0.333784,0.798794,-0.417188,0.433377,-0.184684,0.515539,0.836645,0.004328,0.008177,0.033744,-0.041653,0.076127,-0.110058,0.263745,0.005218,0.042883,-0.017908,0.5857,0.742274,0.325552,-0.805357,0.487661,0.337025,0.091406,-0.459581,0.883418,0.002162,0.009859,0.013046,0.005051,-0.046071,0.074452,0.152389,0.110628,0.024861,-0.036175,0.650377,-0.597655,-0.468846,0.730657,0.660991,0.170968,0.207723,-0.453759,0.866574,7e-06,-0.000104,-0.000117,-0.002276,-0.003909,-0.000879,0.510101
83,0.217939,-0.057814,0.34306,-0.62481,0.594235,-0.506499,-0.761821,-0.606095,0.228582,-0.170384,0.527941,0.832031,1e-06,-1.8e-05,-1.9e-05,1e-06,1e-06,1e-06,0.515105,-0.232968,-0.028174,0.287427,-0.572264,-0.749743,0.332251,0.79834,-0.417012,0.434382,-0.186406,0.514771,0.836736,0.00465,0.021161,0.027856,-0.029644,0.002505,-0.054507,0.276763,0.005275,0.043084,-0.017634,0.585923,0.742727,0.324112,-0.805007,0.487548,0.338022,0.093038,-0.458968,0.883567,0.002362,0.010811,0.014233,-0.302163,-0.65969,0.389616,0.165616,0.110646,0.024855,-0.036174,0.650239,-0.597707,-0.46897,0.730766,0.66088,0.170928,0.207769,-0.453852,0.866515,-2e-06,1.9e-05,1.8e-05,-0.000181,-0.000589,-0.000369,0.510264
84,0.217926,-0.057799,0.343046,-0.624346,0.594444,-0.506827,-0.762156,-0.605802,0.228244,-0.170588,0.528042,0.831925,0.0,-0.0,-0.0,0.0,0.0,0.0,0.515058,-0.232999,-0.027337,0.28861,-0.567666,-0.76034,0.315643,0.796659,-0.410971,0.443137,-0.206503,0.503968,0.838592,-0.010365,0.012335,0.038915,-0.123764,-0.103288,-0.006349,0.303915,0.005268,0.043518,-0.01703,0.583262,0.752294,0.306362,-0.804302,0.482138,0.347332,0.113586,-0.448994,0.886285,-0.005159,0.012073,0.015811,-0.288811,-0.736813,0.51942,0.200723,0.11064,0.024863,-0.036181,0.649789,-0.597955,-0.469278,0.731106,0.660587,0.17061,0.207982,-0.453953,0.866411,-4e-06,1.3e-05,8e-06,0.005424,-0.08071,0.181545,0.510427
85,0.217859,-0.057837,0.34304,-0.623048,0.59502,-0.507747,-0.763122,-0.604877,0.227465,-0.17101,0.528452,0.831577,1.3e-05,-0.00018,-0.000196,0.005336,-0.080617,0.181744,0.515118,-0.233099,-0.02659,0.289954,-0.570233,-0.763586,0.302923,0.792569,-0.414708,0.446973,-0.214963,0.495925,0.841256,0.005042,0.023098,0.029745,0.07465,-0.103484,0.031684,0.310787,0.005211,0.043885,-0.016367,0.587029,0.754375,0.293791,-0.800305,0.486021,0.351133,0.122097,-0.441249,0.889039,-0.005059,0.01248,0.016169,0.104097,-0.123579,0.007819,0.221624,0.110612,0.024845,-0.036183,0.648613,-0.598609,-0.470071,0.732034,0.65973,0.169946,0.208389,-0.454338,0.866111,8e-06,-0.000119,-0.000131,8.7e-05,-3.1e-05,-0.00013,0.510754
86,0.217836,-0.057848,0.343061,-0.622294,0.595351,-0.508283,-0.763685,-0.604329,0.227031,-0.171239,0.528705,0.831369,-1.3e-05,0.000169,0.000184,0.0,0.0,0.0,0.515017,-0.233098,-0.026162,0.291364,-0.570288,-0.763507,0.303016,0.79226,-0.414071,0.448111,-0.215951,0.496579,0.840617,0.004514,-0.002041,0.042136,-0.067474,-0.016228,0.041161,0.325589,0.005214,0.044118,-0.015646,0.586988,0.754371,0.293885,-0.800171,0.485357,0.352355,0.123167,-0.441987,0.888525,0.002178,0.004419,0.016819,-0.043215,0.077373,-0.109158,0.239423,0.110595,0.024839,-0.036173,0.647781,-0.599069,-0.470632,0.732691,0.659117,0.169489,0.208666,-0.45462,0.865897,-1e-05,0.000116,0.000123,5.8e-05,-3.5e-05,-8.5e-05,0.510591
87,0.217837,-0.057857,0.343082,-0.622075,0.595445,-0.508442,-0.763855,-0.60415,0.226936,-0.17128,0.528803,0.831298,-4e-06,4.9e-05,5.3e-05,0.0,0.0,0.0,0.514808,-0.233148,-0.026124,0.292049,-0.569076,-0.763629,0.304983,0.793097,-0.412073,0.448472,-0.216078,0.498055,0.839711,-0.011609,-0.00496,0.038515,-0.081133,0.121795,-0.179464,0.329916,0.005195,0.044141,-0.015307,0.585832,0.754634,0.295511,-0.800991,0.483651,0.352837,0.123339,-0.443406,0.887794,0.001678,-0.003574,0.017779,-0.069019,-0.000183,0.017722,0.248404,0.110595,0.024835,-0.036162,0.647567,-0.599185,-0.470779,0.732868,0.658942,0.169405,0.208712,-0.454721,0.865833,-4e-06,2.4e-05,2.3e-05,4e-05,-3.3e-05,-7.4e-05,0.510427
88,0.217842,-0.057934,0.343167,-0.621516,0.595678,-0.508852,-0.764312,-0.603614,0.226823,-0.17127,0.529153,0.831078,-0.0,0.0,0.0,0.0,0.0,0.0,0.514222,-0.233162,-0.026389,0.293169,-0.566305,-0.763868,0.309508,0.795002,-0.407495,0.449281,-0.216358,0.501448,0.837617,0.002285,-0.01224,0.029016,-0.079135,0.106244,-0.150438,0.325313,0.005185,0.044015,-0.014731,0.582686,0.755351,0.299867,-0.803248,0.479175,0.353811,0.123563,-0.447029,0.885943,0.000973,-0.006808,0.013641,-0.070329,0.015102,-0.006784,0.253792,0.110598,0.024797,-0.036119,0.647018,-0.599476,-0.471164,0.733351,0.658425,0.169327,0.208719,-0.455086,0.865639,-0.0,-8e-06,-9e-06,3e-05,-1e-06,-6.7e-05,0.509774
89,0.217837,-0.058032,0.34326,-0.620904,0.595932,-0.509303,-0.764817,-0.603014,0.22672,-0.17124,0.529551,0.830831,-0.0,0.0,0.0,0.0,0.0,0.0,0.514561,-0.23325,-0.026897,0.294097,-0.560729,-0.767793,0.309949,0.797312,-0.400006,0.45191,-0.222289,0.501489,0.836038,0.001325,-0.005268,0.015561,-0.115658,-0.193201,0.142911,0.315622,0.00514,0.043756,-0.014265,0.57717,0.759574,0.299866,-0.806302,0.471869,0.356673,0.129422,-0.447644,0.884795,-0.007036,-0.008067,0.012139,-0.374407,-0.684725,0.452241,0.245138,0.110595,0.024747,-0.036073,0.646415,-0.599795,-0.471584,0.733885,0.657846,0.169262,0.208708,-0.455502,0.865423,-0.0,-2e-06,-8e-06,2e-05,-1.4e-05,-6.4e-05,0.509284
90,0.217863,-0.058069,0.343309,-0.620584,0.596063,-0.509538,-0.765076,-0.602711,0.226649,-0.171241,0.529747,0.830706,-4e-06,5.4e-05,5.9e-05,0.0,0.0,0.0,0.514698,-0.233298,-0.027163,0.294479,-0.560214,-0.767786,0.310895,0.797517,-0.398773,0.452638,-0.22285,0.502482,0.835292,0.001105,-0.006282,0.01428,-0.044737,0.105968,-0.159297,0.316745,0.005116,0.043621,-0.014076,0.576759,0.759651,0.300464,-0.806477,0.470872,0.357594,0.130167,-0.448562,0.884221,0.000456,-0.009204,0.010611,-0.069799,0.016168,-0.007596,0.240729,0.110608,0.024729,-0.036048,0.646101,-0.599961,-0.471805,0.734159,0.657554,0.16921,0.208718,-0.455707,0.865313,0.000352,-0.004964,0.004797,-0.035576,0.006863,-0.02142,0.509611
91,0.217889,-0.058102,0.343318,-0.62016,0.596243,-0.509843,-0.765398,-0.602378,0.226447,-0.171336,0.529922,0.830574,9e-06,-0.000127,-0.000138,0.0,0.0,0.0,0.514887,-0.233477,-0.027555,0.295136,-0.552712,-0.775881,0.304154,0.798981,-0.389855,0.457795,-0.235926,0.497016,0.834972,0.001169,-0.005983,0.014644,-0.034467,-0.000241,0.008529,0.310735,0.005025,0.043419,-0.013754,0.570177,0.767626,0.292655,-0.808889,0.462348,0.363224,0.143512,-0.443827,0.884545,-0.00709,-0.002634,0.007872,-0.034029,0.020818,-0.023377,0.241056,0.110621,0.024712,-0.036044,0.645685,-0.600185,-0.472089,0.734496,0.657225,0.169029,0.20882,-0.455887,0.865194,4e-06,-6.2e-05,-6.8e-05,3.5e-05,-1e-06,-3.4e-05,0.510264
92,0.217877,-0.058101,0.343304,-0.619723,0.596436,-0.510149,-0.765713,-0.60209,0.226147,-0.171509,0.530032,0.830468,0.0,-1e-06,-1e-06,0.0,0.0,0.0,0.514455,-0.23372,-0.027738,0.295808,-0.548311,-0.779646,0.302489,0.800285,-0.384479,0.460059,-0.241694,0.495311,0.834335,0.001595,-0.004025,0.017073,-0.034464,-0.000215,0.008543,0.298495,0.004908,0.043326,-0.01343,0.566137,0.771457,0.290415,-0.81067,0.457245,0.365704,0.149334,-0.44247,0.884261,0.000801,-0.001945,0.008628,-0.044499,0.106059,-0.159433,0.221624,0.110615,0.024712,-0.036051,0.645256,-0.600423,-0.472373,0.734822,0.656933,0.168747,0.208998,-0.455995,0.865094,-2e-06,9e-06,1e-05,1.5e-05,-1e-06,-3.7e-05,0.510101
93,0.217901,-0.058101,0.343318,-0.618596,0.598744,-0.508813,-0.766733,-0.601505,0.224242,-0.171027,0.528091,0.831803,-1.3e-05,0.000169,0.000184,0.158478,0.365101,0.156692,0.514204,-0.233737,-0.027813,0.296444,-0.545503,-0.781058,0.303919,0.802359,-0.38217,0.458368,-0.241179,0.494873,0.834743,0.00155,0.007125,0.008875,-0.00515,0.087084,-0.146081,0.305642,0.004895,0.043285,-0.013099,0.563339,0.773153,0.291344,-0.812717,0.455032,0.363917,0.148792,-0.441789,0.884692,0.000774,-0.002069,0.008453,-0.049665,0.007362,0.008449,0.221134,0.110627,0.024712,-0.036045,0.644476,-0.601419,-0.47217,0.735509,0.656396,0.167839,0.208989,-0.455454,0.865381,-8e-06,0.000111,0.000118,0.31026,0.633506,0.220714,0.509774
94,0.217901,-0.058101,0.343318,-0.618366,0.598844,-0.508974,-0.7669,-0.601346,0.224096,-0.171108,0.528158,0.831744,-0.0,2e-06,2e-06,0.001968,0.004537,0.001947,0.513207,-0.233721,-0.027864,0.296728,-0.54455,-0.781126,0.305449,0.803017,-0.380686,0.45845,-0.241144,0.49591,0.834138,0.001315,0.006047,0.007521,-0.00881,0.090083,-0.143971,0.311689,0.004904,0.043262,-0.012954,0.562304,0.773336,0.292856,-0.813428,0.453538,0.364193,0.148822,-0.443004,0.88408,0.000616,-0.00279,0.00755,-0.037464,0.001772,0.009346,0.22636,0.110627,0.024713,-0.036044,0.644049,-0.602922,-0.470833,0.736031,0.656121,0.16662,0.208465,-0.45386,0.866344,-1e-06,-2e-06,-3e-06,-0.004842,-0.094976,0.181256,0.509448
95,0.217889,-0.058106,0.343298,-0.618175,0.598929,-0.509106,-0.767035,-0.601228,0.223953,-0.171193,0.528197,0.831702,1.8e-05,-0.000241,-0.000262,0.0,1e-06,0.0,0.512485,-0.233685,-0.028045,0.29718,-0.541327,-0.782574,0.307466,0.805418,-0.377907,0.456534,-0.240399,0.495755,0.834445,0.000676,-0.008231,0.011794,-0.038059,0.113185,-0.189243,0.313567,0.004922,0.043176,-0.012721,0.558908,0.775169,0.294505,-0.815927,0.450731,0.362082,0.147932,-0.442665,0.884399,0.000307,-0.00422,0.005768,-0.061987,0.127052,-0.186329,0.235014,0.110621,0.02471,-0.036054,0.643843,-0.60292,-0.471117,0.736177,0.655962,0.166602,0.208588,-0.454092,0.866193,1.3e-05,-0.000179,-0.000193,-0.000173,-0.000495,-0.000269,0.507815
96,0.217924,-0.058098,0.343304,-0.617757,0.599109,-0.509402,-0.767338,-0.600939,0.223689,-0.171343,0.528321,0.831592,-3.3e-05,0.000449,0.000488,0.0,0.0,0.0,0.508461,-0.233775,-0.028179,0.29751,-0.538891,-0.783965,0.308199,0.807222,-0.376271,0.454695,-0.239823,0.4948,0.835177,0.000739,0.003399,0.004214,0.002512,-0.016087,0.023819,0.311998,0.004876,0.043105,-0.012562,0.556502,0.776712,0.294996,-0.817661,0.448985,0.360335,0.147428,-0.441734,0.884949,0.000352,0.00165,0.002044,-0.008872,-0.009127,0.025783,0.234197,0.110639,0.024713,-0.036052,0.643435,-0.603138,-0.471396,0.736488,0.655675,0.166358,0.208746,-0.454219,0.866088,-2.5e-05,0.000306,0.000331,6e-05,-4.6e-05,-0.000156,0.504549
97,0.217958,-0.058089,0.343311,-0.617453,0.599239,-0.509617,-0.767558,-0.600729,0.223497,-0.171452,0.528412,0.831512,-1.3e-05,0.000176,0.000191,0.0,0.0,0.0,0.508092,-0.233884,-0.028118,0.297638,-0.538625,-0.783999,0.308578,0.807412,-0.375905,0.45466,-0.239782,0.495025,0.835056,-0.014247,0.005586,0.00712,-0.000522,-3.2e-05,-0.004834,0.316171,0.004822,0.043134,-0.0125,0.556236,0.776752,0.295392,-0.817843,0.448606,0.360395,0.147423,-0.442049,0.884792,-0.007124,0.002811,0.003585,-0.001989,0.001199,-0.004003,0.2373,0.110656,0.024718,-0.036048,0.643139,-0.603297,-0.471597,0.736715,0.655465,0.16618,0.20886,-0.454309,0.866013,-1e-05,0.000107,0.000117,6.7e-05,-3.2e-05,-0.000121,0.502753
98,0.217993,-0.058093,0.343304,-0.616722,0.599554,-0.510132,-0.768088,-0.600224,0.223035,-0.171711,0.528628,0.831321,3.4e-05,-0.000449,-0.000488,0.0,0.0,0.0,0.507121,-0.234313,-0.027808,0.297946,-0.536377,-0.785465,0.308765,0.809232,-0.375013,0.452154,-0.238687,0.493373,0.836346,-0.013708,0.007973,0.010044,-0.001848,0.015036,-0.029363,0.310145,0.004617,0.04328,-0.012357,0.554147,0.778333,0.295156,-0.819453,0.447735,0.357812,0.146345,-0.440148,0.885918,-0.006833,0.004102,0.005171,-0.00629,0.003629,-0.003584,0.23583,0.110673,0.024718,-0.03605,0.642424,-0.603685,-0.472075,0.737262,0.654959,0.165749,0.20913,-0.454524,0.865835,2.3e-05,-0.000302,-0.00033,4.5e-05,-3.4e-05,-7.1e-05,0.50112
99,0.217993,-0.058087,0.343311,-0.616245,0.59976,-0.510465,-0.768433,-0.599894,0.222733,-0.171878,0.528768,0.831198,-2.1e-05,0.000276,0.000299,0.0,0.0,0.0,0.505245,-0.234812,-0.027463,0.298526,-0.534868,-0.785655,0.310894,0.810349,-0.373051,0.451776,-0.238291,0.494559,0.835759,0.002335,-0.000649,0.021085,-0.03445,-0.000103,0.008602,0.309543,0.004361,0.043453,-0.012075,0.552408,0.778753,0.297299,-0.820709,0.445697,0.357477,0.145881,-0.44147,0.885337,-0.006393,0.006067,0.007567,-0.01088,0.105306,-0.172862,0.230768,0.110673,0.024719,-0.036048,0.641955,-0.60394,-0.472385,0.73762,0.654626,0.165467,0.209304,-0.454664,0.86572,-1.7e-05,0.000215,0.000234,2.4e-05,-1.8e-05,-6.7e-05,0.49916
100,0.218027,-0.05808,0.343331,-0.615822,0.59994,-0.510764,-0.768742,-0.599589,0.222487,-0.17201,0.52891,0.83108,-1.8e-05,0.000237,0.000257,0.0,0.0,0.0,0.503164,-0.235265,-0.027045,0.299145,-0.532943,-0.78588,0.313617,0.811802,-0.370623,0.451166,-0.23766,0.496027,0.835068,-0.012999,0.010957,0.013592,-0.010902,0.105012,-0.173385,0.31037,0.004137,0.043668,-0.011749,0.550422,0.779238,0.299703,-0.822149,0.443432,0.356986,0.145279,-0.442893,0.884725,-0.006456,0.005723,0.007103,-0.000489,0.00013,-0.004467,0.233218,0.11069,0.024723,-0.036038,0.641541,-0.604162,-0.472664,0.737942,0.654321,0.165241,0.209442,-0.454807,0.865611,-1e-05,0.000121,0.000127,2.8e-05,-9e-06,-4e-05,0.495731
101,0.218039,-0.058079,0.343331,-0.615573,0.600047,-0.510939,-0.768923,-0.599416,0.222329,-0.172098,0.528984,0.831015,-0.0,3e-06,3e-06,0.0,0.0,0.0,0.502803,-0.235441,-0.026904,0.299434,-0.532002,-0.785975,0.314977,0.812489,-0.369377,0.450951,-0.237424,0.496808,0.834671,-0.013167,0.01015,0.012577,-0.000544,-8e-06,-0.004817,0.312015,0.004048,0.043741,-0.01161,0.549386,0.779479,0.300974,-0.82289,0.442221,0.35678,0.145005,-0.443678,0.884376,-0.006547,0.005284,0.006554,0.001001,-0.015097,0.019897,0.232401,0.110696,0.024724,-0.036037,0.641296,-0.604295,-0.472827,0.738129,0.654148,0.165094,0.209533,-0.454881,0.86555,1e-06,-9e-06,-1e-05,3.2e-05,1e-06,-3.6e-05,0.495078
102,0.218028,-0.058092,0.343318,-0.615048,0.600274,-0.511304,-0.769301,-0.599054,0.221997,-0.17228,0.529137,0.83088,5e-06,-6.5e-05,-7e-05,0.0,0.0,0.0,0.502581,-0.235525,-0.027009,0.299994,-0.528522,-0.787425,0.317204,0.814978,-0.366302,0.448964,-0.236671,0.496789,0.834896,0.001052,-0.006456,0.013887,0.007053,-0.036651,-0.016715,0.315626,0.004002,0.043698,-0.011318,0.545761,0.781315,0.302804,-0.825467,0.439187,0.354566,0.14404,-0.443464,0.884641,0.000429,-0.003622,0.006468,-0.009009,-0.015465,-0.043989,0.23632,0.110691,0.024717,-0.036044,0.640782,-0.604576,-0.473165,0.738521,0.653782,0.164785,0.209722,-0.455034,0.865424,1e-06,-2.7e-05,-2.9e-05,1.8e-05,-2.3e-05,-2.2e-05,0.494098
103,0.218027,-0.05808,0.343331,-0.614784,0.600388,-0.511488,-0.769491,-0.598871,0.22183,-0.172373,0.529214,0.830811,-1e-05,0.000128,0.000139,0.0,0.0,0.0,0.501646,-0.235551,-0.027195,0.300518,-0.527946,-0.787394,0.318238,0.815165,-0.364948,0.449727,-0.23731,0.497836,0.834091,0.001225,0.005532,0.00672,0.001516,-0.015164,0.024458,0.319593,0.003988,0.043597,-0.011066,0.54507,0.781372,0.303899,-0.825784,0.437741,0.355617,0.14484,-0.444791,0.883844,0.000674,-0.002519,0.007801,-0.035648,0.000929,0.00917,0.240566,0.11069,0.024723,-0.036038,0.640523,-0.604716,-0.473336,0.738719,0.653598,0.164629,0.209818,-0.455111,0.86536,-7e-06,7.5e-05,8.2e-05,1.7e-05,-1.6e-05,-1.6e-05,0.493282
104,0.218038,-0.058067,0.343344,-0.614732,0.600409,-0.511525,-0.769529,-0.598835,0.221797,-0.172392,0.52923,0.830797,-9.2e-05,0.001226,0.001331,0.000771,-0.011656,0.026346,0.501446,-0.235601,-0.027173,0.300774,-0.521929,-0.791805,0.317217,0.81829,-0.360055,0.447991,-0.239852,0.494389,0.835413,0.00159,-0.004019,0.016823,0.014322,-0.043183,-0.021144,0.316178,0.003962,0.043604,-0.010943,0.539453,0.785987,0.302015,-0.829027,0.433035,0.353828,0.147321,-0.441253,0.885207,0.000792,0.003609,0.004382,0.055623,-0.066694,-0.01658,0.241219,0.110696,0.024727,-0.036034,0.640487,-0.604735,-0.47336,0.738745,0.653573,0.164608,0.209832,-0.455122,0.865351,0.00774,0.000573,3.1e-05,0.000992,-0.014725,0.029537,0.492792
105,0.218015,-0.058076,0.343351,-0.614552,0.600487,-0.51165,-0.769663,-0.598697,0.221705,-0.172434,0.529298,0.830745,-0.0,0.0,0.0,0.0,0.0,0.0,0.501954,-0.235736,-0.026874,0.301204,-0.520043,-0.793175,0.316892,0.819724,-0.359474,0.44583,-0.239055,0.49261,0.836691,0.00191,0.00862,0.010417,0.036722,-0.046369,0.00293,0.316206,0.003895,0.043752,-0.010722,0.537602,0.787489,0.301403,-0.830369,0.432327,0.351541,0.14653,-0.439265,0.886326,0.000994,0.004517,0.005463,0.017105,-0.036595,0.001756,0.239096,0.110684,0.024725,-0.036027,0.640295,-0.60484,-0.473487,0.738898,0.653425,0.164515,0.209883,-0.455197,0.865299,2e-06,-1e-05,-8e-06,2.5e-05,2.1e-05,-1.4e-05,0.492955
