frame,MLTx,MLTy,MLTz,MLTR1,MLTR2,MLTR3,MLTR4,MLTR5,MLTR6,MLTR7,MLTR8,MLTR9,MLTTVx,MLTTVy,MLTTVz,MLTRVx,MLTRVy,MLTRVz,MLGA,MRTx,MRTy,MRTz,MRTR1,MRTR2,MRTR3,MRTR4,MRTR5,MRTR6,MRTR7,MRTR8,MRTR9,MRTTVx,MRTTVy,MRTTVz,MRTRVx,MRTRVy,MRTRVz,MRGA,SLTx,SLTy,SLTz,SLTR1,SLTR2,SLTR3,SLTR4,SLTR5,SLTR6,SLTR7,SLTR8,SLTR9,SLTTVx,SLTTVy,SLTTVz,SLTRVx,SLTRVy,SLTRVz,SLGA,SRTx,SRTy,SRTz,SRTR1,SRTR2,SRTR3,SRTR4,SRTR5,SRTR6,SRTR7,SRTR8,SRTR9,SRTTVx,SRTTVy,SRTTVz,SRTRVx,SRTRVy,SRTRVz,SRGA
442,0.157011,-0.071632,0.294872,-0.915148,-0.229788,-0.331281,0.236298,-0.971441,0.020905,-0.325485,-0.058872,0.943727,0.000281,0.002377,0.003599,-0.0,0.0,-0.0,-0.677489,-0.132638,-0.059174,0.296446,0.126749,-0.9391,0.319403,0.928194,0.225727,0.295699,-0.349954,0.260165,0.899839,-0.00262,0.017906,-0.046134,-0.175232,0.384331,0.262779,-0.797468,0.060896,0.025062,-0.006996,-0.083308,0.932996,0.35011,-0.916321,-0.20981,0.341078,0.391682,-0.292398,0.872403,-0.000633,0.00351,-0.018874,-0.299455,0.780853,0.728786,-0.894793,0.081928,0.013932,-0.056303,0.894397,0.293605,-0.337414,-0.317467,0.948125,-0.016502,0.315066,0.121877,0.941211,0.000141,0.001201,0.001816,0.001811,-0.001315,0.000633,-0.753442
443,0.157124,-0.07147,0.295023,-0.915531,-0.230218,-0.329923,0.235927,-0.971483,0.02304,-0.324679,-0.056464,0.944152,0.000447,0.003794,0.005734,0.000846,-0.013045,0.025684,-0.679519,-0.132813,-0.058471,0.294537,0.0698,-0.9391,0.33647,0.937386,0.176987,0.299861,-0.341244,0.295648,0.892193,-0.002448,0.015924,-0.049155,1.844205,2.157076,5.017826,-0.916486,0.060808,0.025415,-0.007949,-0.030372,0.930877,0.364067,-0.922731,-0.166132,0.347801,0.384243,-0.325373,0.863995,-0.001857,0.013202,-0.029063,1.250693,2.439662,-0.922065,-0.898059,0.081984,0.014007,-0.056235,0.894732,0.294135,-0.336061,-0.317129,0.948273,-0.014359,0.314454,0.119423,0.94173,0.000234,0.001992,0.003009,0.002898,-0.014535,0.026399,-0.754421
444,0.157195,-0.071376,0.295109,-0.916239,-0.231856,-0.326794,0.235846,-0.971379,0.027771,-0.32274,-0.051347,0.945108,0.000528,0.004486,0.006772,-0.639317,0.458134,-0.208821,-0.682066,-0.132918,-0.058083,0.293498,0.041089,-0.935642,0.350538,0.942066,0.153033,0.298371,-0.332871,0.319142,0.887247,-0.003672,0.025815,-0.059083,0.421008,0.816658,1.903412,-0.982594,0.060755,0.02561,-0.008485,0.002705,0.926209,0.376998,-0.927733,-0.138384,0.346639,0.373231,-0.350691,0.858901,-0.001047,0.007248,-0.025859,1.630358,2.223251,5.159855,-0.903774,0.08202,0.014054,-0.056192,0.895205,0.295645,-0.333467,-0.317054,0.94835,-0.010355,0.313183,0.114997,0.942704,0.000252,0.002102,0.003112,-2.130315,1.554166,-0.757108,-0.755728
445,0.157344,-0.071104,0.29537,-0.916934,-0.233535,-0.323634,0.23587,-0.97123,0.032398,-0.320748,-0.046345,0.946045,0.000744,0.006361,0.009574,0.000844,-0.013052,0.02568,-0.696502,-0.13318,-0.057306,0.291244,-0.018483,-0.924004,0.381924,0.95002,0.102684,0.294704,-0.311509,0.369439,0.875408,-0.003474,0.023498,-0.062722,-0.367249,0.563312,0.570044,-1.117198,0.060623,0.026009,-0.009633,0.064862,0.912441,0.404033,-0.934998,-0.0859,0.344091,0.348669,-0.400089,0.847559,-0.001698,0.011601,-0.031534,-0.295265,0.483379,0.56321,-0.915531,0.082094,0.014191,-0.05606,0.895823,0.297774,-0.329895,-0.317081,0.948384,-0.004984,0.311383,0.109068,0.944004,0.000381,0.003282,0.004938,0.005107,-0.016133,0.027145,-0.762913
446,0.157547,-0.070785,0.295702,-0.917644,-0.234916,-0.320608,0.235648,-0.971123,0.036926,-0.318882,-0.041381,0.946905,0.000812,0.006991,0.010483,0.000833,-0.013049,0.025673,-0.711309,-0.133467,-0.056646,0.288903,-0.085344,-0.909106,0.407719,0.954509,0.042577,0.295015,-0.285459,0.415486,0.863567,-0.018235,0.009611,-0.056275,-0.010825,1.091788,0.302816,-1.220339,0.060479,0.026338,-0.010804,0.132735,0.895202,0.425433,-0.93777,-0.025534,0.346314,0.320884,-0.444927,0.836105,-0.009077,0.004678,-0.028296,0.10145,1.081408,0.244913,-0.928758,0.082196,0.01435,-0.055896,0.896395,0.299344,-0.326908,-0.316892,0.948461,-0.000441,0.309928,0.10399,0.945055,0.000417,0.003606,0.005405,7e-06,0.073448,-0.149804,-0.772873
447,0.157687,-0.070617,0.29588,-0.918014,-0.235366,-0.319216,0.235324,-0.971116,0.039106,-0.318057,-0.038934,0.947286,0.000813,0.007031,0.010521,0.000841,-0.013058,0.025675,-0.719294,-0.133673,-0.056365,0.287677,-0.120772,-0.900347,0.418067,0.955214,0.00903,0.295665,-0.269831,0.436178,0.858372,-0.002026,0.010797,-0.057531,0.081691,0.366084,0.929373,-1.26648,0.060383,0.026471,-0.011375,0.167237,0.884997,0.434523,-0.937242,0.005937,0.348628,0.305955,-0.465557,0.83045,-0.001606,0.011085,-0.032898,2.457191,2.695406,4.781845,-0.925819,0.082266,0.014435,-0.055805,0.896718,0.299872,-0.325535,-0.31658,0.948563,0.001736,0.309311,0.101501,0.945528,0.008688,0.003295,0.004957,0.006555,-0.031205,0.056858,-0.778099
448,0.158018,-0.070215,0.296222,-0.919101,-0.236879,-0.314941,0.234552,-0.971016,0.045668,-0.315487,-0.031609,0.948418,0.017377,0.006768,0.010128,-0.190437,0.113237,-0.015203,-0.731489,-0.134227,-0.055851,0.285406,-0.184999,-0.877507,0.442434,0.953215,-0.050908,0.297866,-0.238631,0.477936,0.845278,-0.002113,0.011575,-0.056744,0.394624,0.88375,2.070435,-1.340006,0.0601,0.026729,-0.012537,0.231478,0.860343,0.454121,-0.933993,0.065942,0.351152,0.272166,-0.505431,0.818819,-0.009076,0.004894,-0.028541,2.115497,2.118912,5.368171,-0.93284,0.082425,0.01463,-0.055634,0.897564,0.301389,-0.32178,-0.315862,0.948774,0.007593,0.307585,0.094823,0.946783,0.00871,0.003584,0.005302,-2.131358,1.53547,-0.728019,-0.788223
449,0.158372,-0.069779,0.2965,-0.920147,-0.238682,-0.310492,0.234146,-0.970785,0.052198,-0.312735,-0.024381,0.949542,0.000846,0.007482,0.011104,-0.005448,0.077554,-0.151625,-0.736771,-0.135076,-0.055444,0.283254,-0.246471,-0.849376,0.466695,0.948772,-0.113489,0.294764,-0.1971,0.516499,0.833213,-0.018481,0.011287,-0.054697,2.418201,2.014146,5.089581,-1.396546,0.059682,0.02693,-0.013616,0.29047,0.830925,0.474541,-0.928444,0.124729,0.349904,0.231555,-0.542221,0.807698,-0.017318,0.004801,-0.027153,-0.124916,0.573966,0.972456,-0.953578,0.082608,0.014854,-0.055494,0.89854,0.303552,-0.316985,-0.315327,0.948867,0.014816,0.305274,0.086641,0.948314,0.008641,0.008805,0.00079,0.043546,-0.04397,0.076193,-0.795081
450,0.158821,-0.069251,0.296656,-0.921158,-0.240659,-0.305934,0.234065,-0.970448,0.058451,-0.309814,-0.017473,0.950651,0.017211,0.017227,0.000956,0.037511,-0.039639,0.074139,-0.739459,-0.136202,-0.055222,0.281195,-0.311852,-0.808436,0.49917,0.940485,-0.188349,0.282747,-0.134183,0.558647,0.818396,-0.033518,-0.001123,-0.046134,1.89354,2.780395,0.130453,-1.404034,0.059137,0.027043,-0.014627,0.357903,0.788558,0.500081,-0.91832,0.20027,0.341435,0.16909,-0.581435,0.795826,-0.016723,-0.000604,-0.023067,0.101015,0.943846,0.066631,-0.969744,0.082826,0.015108,-0.055413,0.899344,0.305832,-0.312484,-0.315296,0.948757,0.021124,0.302932,0.079527,0.949687,0.008666,0.003465,0.005126,0.00757,-0.044458,0.082537,-0.799163
451,0.159044,-0.068949,0.29668,-0.920792,-0.24331,-0.304939,0.234927,-0.96987,0.064299,-0.31025,-0.012137,0.950592,0.000667,0.01747,0.001282,-0.153192,-0.368747,-0.124989,-0.742064,-0.136845,-0.055107,0.280255,-0.344517,-0.78473,0.515266,0.933388,-0.228076,0.276953,-0.099391,0.577337,0.81035,-0.033654,5.3e-05,-0.044515,3.158503,2.205707,4.430558,-1.4041,0.058803,0.027102,-0.015121,0.390626,0.762442,0.515842,-0.910988,0.239621,0.335682,0.132332,-0.601052,0.788177,-0.017449,0.005595,-0.026219,1.251123,2.139064,-0.97044,-0.974316,0.082944,0.015266,-0.0554,0.899473,0.307906,-0.310065,-0.315737,0.948491,0.025956,0.302086,0.074552,0.95036,0.008581,0.008488,0.000277,-0.314047,-0.559717,-0.343466,-0.800143
452,0.159529,-0.068232,0.296708,-0.921343,-0.24877,-0.298809,0.236587,-0.968564,0.0767,-0.307349,0.000275,0.951611,0.017175,0.017442,0.001185,-0.071725,-0.09102,0.006332,-0.746158,-0.138413,-0.054924,0.27838,-0.385723,-0.743152,0.546749,0.921147,-0.27775,0.27254,-0.050206,0.609688,0.790964,-0.051265,0.009004,-0.053507,-0.302709,0.518615,0.377972,-1.404284,0.058025,0.027193,-0.016051,0.435663,0.717722,0.543204,-0.896832,0.29467,0.329941,0.076739,-0.630907,0.772053,-0.016832,-0.00014,-0.022635,-0.223041,0.699763,0.405449,-0.988849,0.083187,0.015631,-0.055386,0.898773,0.314184,-0.305766,-0.317713,0.947361,0.039551,0.302097,0.061599,0.951284,0.008589,0.008735,0.000612,-0.059667,-0.085383,0.00882,-0.803409
453,0.160041,-0.067402,0.296733,-0.921232,-0.252617,-0.29591,0.23827,-0.967543,0.084022,-0.306384,0.007205,0.951895,0.017255,0.018614,0.002832,0.036049,-0.042378,0.072775,-0.752473,-0.140243,-0.054777,0.276342,-0.438633,-0.680476,0.586979,0.89809,-0.353699,0.261276,0.03036,0.642612,0.765501,-0.050148,-0.002002,-0.045743,1.550775,3.322892,-0.336564,-1.404342,0.057129,0.027267,-0.017054,0.486686,0.656584,0.576223,-0.873576,0.365849,0.320963,-7.2e-05,-0.659584,0.75163,-0.025644,0.004391,-0.027083,-0.063951,0.541814,-0.172622,-1.003708,0.08343,0.01603,-0.055377,0.898244,0.318359,-0.302991,-0.31958,0.946394,0.04697,0.301702,0.054639,0.951835,0.000388,0.009409,0.001575,0.047116,0.077235,-0.128178,-0.806674
454,0.160576,-0.066603,0.296784,-0.92121,-0.255325,-0.293646,0.23887,-0.96676,0.091045,-0.305984,0.014039,0.951948,0.017195,0.018504,0.002596,0.035365,-0.043306,0.072201,-0.766559,-0.142222,-0.05436,0.274503,-0.457533,-0.636695,0.620705,0.885275,-0.391026,0.251638,0.083056,0.665419,0.741743,-0.051769,0.013896,-0.046732,0.8811,0.995664,0.785603,-1.404946,0.056121,0.027467,-0.018002,0.508642,0.60692,0.61068,-0.858975,0.406063,0.311887,-0.058684,-0.683198,0.72787,-0.025893,0.006996,-0.023376,3.271227,1.966568,3.672308,-1.013506,0.083704,0.016439,-0.055348,0.897995,0.321072,-0.30086,-0.320098,0.945845,0.053974,0.301897,0.047837,0.952139,0.000411,0.009717,0.001991,0.052867,-0.015451,0.048268,-0.814512
455,0.16085,-0.066191,0.296817,-0.921871,-0.256316,-0.290692,0.238724,-0.966425,0.094894,-0.304108,0.018397,0.952474,0.017183,0.01862,0.002726,0.037475,-0.039848,0.074027,-0.777993,-0.143221,-0.054067,0.273586,-0.471168,-0.612916,0.634291,0.875288,-0.41327,0.251024,0.108855,0.674224,0.730367,-0.051841,0.014758,-0.045557,3.248406,2.195905,3.513712,-1.404798,0.055622,0.027614,-0.018459,0.519706,0.58515,0.622498,-0.850341,0.424742,0.310666,-0.082615,-0.690791,0.718318,-0.025884,0.007361,-0.022734,-0.348673,0.92854,-0.435848,-1.013506,0.083841,0.016637,-0.055334,0.898621,0.322124,-0.29785,-0.319866,0.945701,0.057729,0.300273,0.043395,0.952865,0.008511,0.014365,-0.003434,0.081688,-0.053649,0.096431,-0.820064
456,0.161382,-0.065415,0.296868,-0.922883,-0.257367,-0.286524,0.238223,-0.966012,0.100218,-0.301429,0.024546,0.953187,0.016979,0.028852,-0.006756,0.073187,-0.051671,0.092956,-0.801738,-0.145395,-0.053262,0.271922,-0.498281,-0.558168,0.663442,0.849862,-0.465602,0.246745,0.171784,0.687477,0.7055,-0.068462,0.019012,-0.03644,3.393395,2.319312,3.196353,-1.40492,0.054542,0.028011,-0.019301,0.547309,0.529007,0.648538,-0.823913,0.476698,0.306471,-0.147032,-0.702074,0.696758,-0.026658,0.016369,-0.02147,-0.308316,0.941778,-0.370079,-1.017261,0.084108,0.017029,-0.055302,0.899517,0.323471,-0.293658,-0.319424,0.945511,0.063058,0.298055,0.03708,0.953827,0.008565,0.009283,0.001284,0.036334,0.048641,-0.100205,-0.835414
457,0.161898,-0.064645,0.29687,-0.922885,-0.259578,-0.284516,0.238425,-0.965228,0.10706,-0.301263,0.031284,0.953042,0.000574,0.017554,0.001141,0.035636,-0.026782,0.043642,-0.817656,-0.147729,-0.052173,0.270684,-0.506832,-0.513129,0.692684,0.832891,-0.498464,0.240332,0.222576,0.699375,0.679115,-0.068688,0.026536,-0.024777,0.159878,0.866869,-0.202279,-1.404903,0.053394,0.02854,-0.01992,0.558764,0.480743,0.675771,-0.804301,0.512789,0.300242,-0.202189,-0.71129,0.67319,-0.026813,0.01964,-0.016499,3.54231,2.214184,3.365907,-1.021181,0.084365,0.017413,-0.055302,0.899268,0.325792,-0.291847,-0.319619,0.944954,0.07002,0.298595,0.030313,0.953897,0.008467,0.008532,0.000171,0.044633,0.060599,-0.099115,-0.84913
458,0.162142,-0.064299,0.296859,-0.922526,-0.261765,-0.283673,0.238996,-0.964461,0.112555,-0.301906,0.036357,0.952658,0.016893,0.016856,2.1e-05,0.014356,-0.08108,0.052842,-0.821961,-0.14881,-0.051617,0.270258,-0.510307,-0.49341,0.704361,0.825149,-0.511486,0.23968,0.242633,0.704125,0.667234,-0.052403,0.030444,-0.021281,-0.293082,0.809855,-0.181045,-1.404795,0.052828,0.028827,-0.020142,0.562425,0.460642,0.686648,-0.795793,0.527015,0.298273,-0.224476,-0.714187,0.662983,-0.034328,0.014362,-0.010662,-0.272969,0.86032,-0.202731,-1.02216,0.084494,0.017599,-0.055308,0.898701,0.327866,-0.29127,-0.320033,0.944385,0.07559,0.299855,0.025283,0.953649,0.008442,0.008378,-6.9e-05,0.040164,-0.058854,0.05903,-0.854355
459,0.162623,-0.063653,0.296753,-0.922491,-0.264311,-0.281419,0.239519,-0.963485,0.119582,-0.301601,0.04323,0.952468,0.016683,0.015066,-0.00259,-0.020433,0.001128,0.051115,-0.83168,-0.151168,-0.050531,0.269628,-0.520034,-0.449719,0.72616,0.80284,-0.547393,0.236099,0.291951,0.706327,0.644771,-0.068616,0.032274,-0.016122,0.076073,0.859266,0.287226,-1.404837,0.051675,0.029364,-0.02045,0.571485,0.417715,0.70634,-0.77367,0.561207,0.294074,-0.273565,-0.714534,0.643896,-0.034339,0.015952,-0.008319,3.949693,1.812093,3.125977,-1.017262,0.084728,0.017917,-0.055359,0.898457,0.330565,-0.288964,-0.320629,0.943601,0.082537,0.299951,0.018495,0.953775,0.008317,0.007256,-0.001698,-0.157992,0.123188,-0.003009,-0.862193
460,0.163034,-0.063209,0.296627,-0.923165,-0.2648,-0.278736,0.23908,-0.963164,0.122995,-0.299888,0.047227,0.952819,0.016494,0.001334,0.001788,0.000984,-0.014715,0.029553,-0.842564,-0.153398,-0.049611,0.269326,-0.523623,-0.419503,0.741503,0.787177,-0.570956,0.233014,0.326254,0.706225,0.628226,-0.051082,0.023339,-0.007267,1.169839,0.8346,0.598778,-1.404579,0.050534,0.029841,-0.020601,0.575368,0.384639,0.721805,-0.757321,0.583843,0.292557,-0.308892,-0.714967,0.62722,-0.033705,0.01105,-0.003346,4.055444,1.729848,2.967141,-1.010077,0.084934,0.018147,-0.05542,0.899129,0.331142,-0.2862,-0.320147,0.94347,0.085844,0.298448,0.014441,0.954315,0.008186,0.006026,-0.003471,0.039648,-0.028412,0.050222,-0.870031
461,0.163244,-0.063028,0.296542,-0.922819,-0.266768,-0.278004,0.239393,-0.962352,0.128615,-0.300699,0.052461,0.952289,2.1e-05,0.012272,-0.006496,-0.23734,-0.022718,-0.133128,-0.849847,-0.154599,-0.049191,0.269179,-0.523355,-0.404517,0.749971,0.780581,-0.580428,0.231799,0.342176,0.707226,0.618555,-0.050997,0.023024,-0.007899,0.029343,0.446314,-0.144404,-1.404741,0.049933,0.030052,-0.020671,0.575564,0.368874,0.729833,-0.749743,0.594383,0.29085,-0.326514,-0.71459,0.618666,-0.033613,0.010716,-0.003965,0.29103,0.548729,0.048599,-1.008444,0.085045,0.018231,-0.055462,0.898787,0.332728,-0.285432,-0.320134,0.942975,0.091166,0.299489,0.009438,0.954052,0.008249,0.000688,0.000908,-0.824882,0.285377,-0.342123,-0.874277
462,0.163653,-0.062682,0.29642,-0.923512,-0.266984,-0.275484,0.238653,-0.962058,0.132141,-0.299161,0.056614,0.952536,0.016428,0.012953,-0.005667,-2.081184,1.54205,-0.779334,-0.868426,-0.156965,-0.048465,0.268885,-0.524913,-0.371263,0.765913,0.762818,-0.604254,0.230041,0.37804,0.705462,0.599394,-0.067076,0.020835,-0.009301,-0.169751,0.586862,-0.194179,-1.404716,0.048757,0.030418,-0.020815,0.57701,0.335944,0.744446,-0.731471,0.618042,0.288051,-0.36333,-0.710749,0.60235,-0.024895,0.005615,-0.000483,-0.294889,0.690761,-0.085107,-1.006648,0.085236,0.018395,-0.055527,0.899037,0.33268,-0.2847,-0.3196,0.943008,0.092684,0.299309,0.007664,0.954124,0.00013,0.001352,0.001929,0.003378,0.000766,0.001618,-0.886034
463,0.164029,-0.062353,0.296417,-0.923942,-0.266073,-0.274922,0.237358,-0.962212,0.133347,-0.298863,0.058274,0.952529,0.016535,0.014303,-0.003757,0.043207,-0.133068,0.249626,-0.881425,-0.159106,-0.047849,0.268686,-0.526107,-0.345311,0.77715,0.74623,-0.62561,0.227345,0.408328,0.699967,0.585813,-0.065913,0.009155,-0.002305,-0.03205,0.2408,-0.208804,-1.404716,0.047686,0.030731,-0.020915,0.578058,0.308658,0.755366,-0.714374,0.638801,0.285661,-0.394357,-0.704743,0.589762,-0.025357,0.010792,-0.005283,0.031094,0.271208,-0.321859,-1.010077,0.085437,0.018568,-0.055534,0.899786,0.332567,-0.282457,-0.318365,0.943073,0.096205,0.298372,0.00336,0.954442,0.008272,0.007186,-0.001834,0.044704,-0.134094,0.250634,-0.897137
464,0.16435,-0.061989,0.296537,-0.924636,-0.26621,-0.272447,0.236465,-0.961896,0.137159,-0.297428,0.062723,0.952696,0.016823,0.00541,0.007541,0.001807,-0.028211,0.055001,-0.900729,-0.16115,-0.047503,0.268563,-0.528412,-0.313799,0.788861,0.724946,-0.650245,0.227086,0.442336,0.692264,0.570064,-0.049631,0.009668,-0.003936,0.295529,0.533683,-0.006376,-1.404639,0.046639,0.030907,-0.020978,0.57981,0.277091,0.766185,-0.692739,0.662667,0.284576,-0.428872,-0.695767,0.576173,-0.024813,0.004807,-0.001974,0.323739,0.499003,-0.02464,-1.014975,0.085597,0.01875,-0.055475,0.90046,0.332847,-0.27997,-0.317455,0.942979,0.100054,0.297309,-0.001216,0.95478,0.008419,0.002788,0.00388,0.005816,-0.031166,0.056797,-0.910527
465,0.164517,-0.061799,0.296608,-0.924989,-0.266177,-0.271278,0.235925,-0.961759,0.139035,-0.296761,0.064929,0.952756,0.000368,0.016298,-0.000792,0.036512,-0.0253,0.04438,-0.908085,-0.162077,-0.047358,0.26851,-0.528668,-0.298228,0.794709,0.71549,-0.660195,0.228365,0.4572,0.689703,0.561375,-0.049606,0.009628,-0.004089,-0.103267,0.359827,-0.090641,-1.404321,0.046194,0.030976,-0.021004,0.580129,0.261416,0.771434,-0.682804,0.672467,0.285597,-0.444104,-0.692422,0.568614,-0.024303,-0.000665,0.002204,-0.14669,0.397334,-0.086979,-1.015955,0.085681,0.01884,-0.055438,0.900806,0.332915,-0.278775,-0.316932,0.94295,0.101975,0.29682,-0.003507,0.954926,0.008392,0.002546,0.003531,0.006402,-0.031556,0.05695,-0.916406
466,0.164853,-0.061387,0.296758,-0.92543,-0.265035,-0.27089,0.234393,-0.961961,0.140226,-0.296599,0.066598,0.952692,0.016772,0.005208,0.007205,0.007513,-0.121562,0.230535,-0.917899,-0.163764,-0.047151,0.268479,-0.524893,-0.272694,0.806298,0.700646,-0.676198,0.227563,0.483799,0.684712,0.544951,-0.033361,0.010524,-0.004936,-0.020465,0.222907,-0.140771,-1.404217,0.045344,0.031079,-0.021019,0.576182,0.235249,0.782733,-0.667562,0.688003,0.284624,-0.471565,-0.686519,0.553459,-0.024293,-0.000691,0.002083,-0.010748,0.311931,-0.365947,-1.016772,0.085843,0.019045,-0.055363,0.901314,0.331982,-0.278243,-0.315575,0.943271,0.103206,0.296722,-0.005214,0.954949,0.008368,0.002418,0.003335,0.004798,-0.017474,0.031136,-0.925387
467,0.165121,-0.061029,0.296831,-0.925833,-0.264314,-0.270218,0.233277,-0.962038,0.141557,-0.296223,0.068344,0.952685,0.00033,0.003689,0.005218,-0.0,0.0,-0.0,-0.921554,-0.165283,-0.047044,0.268494,-0.511825,-0.248257,0.822432,0.687972,-0.691702,0.21949,0.515007,0.678457,0.523762,-0.032378,-0.000482,0.003329,0.125846,0.850592,-0.694745,-1.404632,0.044584,0.031135,-0.021016,0.564049,0.211289,0.798251,-0.654751,0.703475,0.276448,-0.50314,-0.678586,0.535136,-0.016185,-9.2e-05,0.001925,0.67357,2.101979,-2.055459,-1.016445,0.085983,0.019234,-0.055322,0.901804,0.331114,-0.277689,-0.314294,0.943565,0.104418,0.296592,-0.006888,0.954978,0.008237,0.007242,-0.001797,0.038485,-0.04074,0.074399,-0.930122
468,0.165249,-0.060868,0.296861,-0.926177,-0.264323,-0.269028,0.232785,-0.961875,0.143453,-0.295536,0.07056,0.952736,0.000303,0.003404,0.00481,-0.0,0.0,-0.0,-0.922215,-0.165968,-0.046993,0.268526,-0.50499,-0.23628,0.830149,0.679763,-0.701472,0.213992,0.532375,0.67266,0.51378,-0.032367,-0.000158,0.003793,0.041978,0.292794,-0.067963,-1.404348,0.044242,0.03116,-0.021001,0.556497,0.199082,0.806645,-0.64692,0.713034,0.270325,-0.521349,-0.67227,0.525591,-0.016181,4.1e-05,0.002109,0.335479,0.431517,-0.032038,-1.012689,0.086047,0.019314,-0.055308,0.902141,0.331198,-0.276491,-0.313799,0.943516,0.106333,0.296091,-0.009165,0.955115,0.000171,0.001939,0.002735,0.003123,-0.015199,0.02637,-0.931428
469,0.165487,-0.060561,0.296843,-0.926546,-0.263961,-0.26811,0.232036,-0.961843,0.14488,-0.294969,0.072348,0.952778,0.000195,0.002213,0.003122,-0.0,0.0,-0.0,-0.926675,-0.167171,-0.046986,0.268649,-0.479146,-0.217752,0.850291,0.670114,-0.716329,0.194304,0.567355,0.663159,0.488049,-0.032368,-0.000644,0.002954,-0.076238,0.465639,-0.505197,-1.404388,0.04364,0.031165,-0.020937,0.531493,0.180554,0.827595,-0.637741,0.728319,0.250671,-0.557494,-0.661022,0.502243,-0.016183,-0.000237,0.00163,-0.009884,0.367736,-0.364276,-1.007301,0.086166,0.019468,-0.055316,0.902535,0.330897,-0.275566,-0.313054,0.943602,0.107752,0.29568,-0.010983,0.955223,0.008151,0.006426,-0.002962,0.037978,-0.027438,0.049042,-0.934204
470,0.165651,-0.060281,0.296806,-0.927188,-0.264418,-0.265425,0.231521,-0.961373,0.148773,-0.293357,0.076812,0.952927,0.000161,0.001841,0.002595,-0.005176,0.003765,-0.002024,-0.929718,-0.168178,-0.046987,0.26879,-0.454693,-0.201091,0.867645,0.656031,-0.734426,0.173712,0.602834,0.648435,0.464743,-0.016157,0.000705,0.003053,0.036425,0.469176,-0.390869,-1.404598,0.043131,0.031163,-0.020868,0.507622,0.164402,0.845749,-0.624431,0.746551,0.229666,-0.593637,-0.644696,0.481623,-0.016173,0.00014,0.002179,0.350329,0.436638,-0.079913,-1.004688,0.086248,0.019607,-0.055335,0.903127,0.331519,-0.272864,-0.31252,0.943319,0.111711,0.294433,-0.015614,0.955544,1.6e-05,0.006412,-0.002882,0.023515,-0.002847,0.0141,-0.936654
471,0.165738,-0.060152,0.296773,-0.92723,-0.263875,-0.265822,0.231072,-0.961554,0.148297,-0.29358,0.076403,0.952891,0.000127,0.001449,0.002041,-0.0,0.0,-0.0,-0.931126,-0.168589,-0.046964,0.268897,-0.444129,-0.194153,0.874668,0.652341,-0.739188,0.167289,0.614596,0.645119,0.453824,-0.016119,0.00205,0.005142,-0.096703,0.37567,-0.231653,-1.40455,0.04292,0.031173,-0.020816,0.496893,0.157618,0.853377,-0.621098,0.751376,0.222866,-0.60608,-0.640772,0.47125,-0.008063,0.001051,0.002625,-0.091256,0.354448,-0.237676,-1.006974,0.086292,0.019673,-0.055351,0.903211,0.330948,-0.273278,-0.312083,0.943527,0.111176,0.294638,-0.01513,0.955488,-5e-06,0.00617,-0.003226,0.036656,-0.012449,0.019321,-0.93845
472,0.165898,-0.059928,0.296693,-0.927863,-0.264369,-0.263105,0.230593,-0.96105,0.152258,-0.291954,0.080927,0.953017,0.016314,0.000678,0.000746,-0.004196,-0.010956,0.027528,-0.931706,-0.169145,-0.047052,0.269173,-0.424081,-0.18342,0.88685,0.639811,-0.753667,0.150205,0.641345,0.631341,0.435831,4.1e-05,0.001535,0.002397,-0.038401,0.348811,-0.238753,-1.404669,0.042647,0.031136,-0.020678,0.47779,0.14741,0.866017,-0.608965,0.766095,0.20557,-0.633149,-0.625594,0.4558,-0.007622,-0.004967,0.005984,0.310216,0.53697,-0.061019,-1.009587,0.086365,0.019779,-0.055389,0.903786,0.331639,-0.270528,-0.311608,0.943197,0.115232,0.293377,-0.019846,0.95579,5.8e-05,0.000652,0.000916,-0.056169,0.027806,0.003102,-0.941063
473,0.166043,-0.059726,0.296564,-0.92721,-0.265748,-0.264018,0.230981,-0.960459,0.155367,-0.293712,0.083399,0.952263,0.016104,0.010884,-0.008712,-0.020902,-0.136968,-0.008823,-0.932912,-0.169429,-0.047401,0.269547,-0.396918,-0.177847,0.900454,0.627007,-0.768936,0.124639,0.670695,0.614282,0.41556,0.000938,-0.009736,0.010347,-0.051342,0.228364,-0.347739,-1.404572,0.0425,0.030957,-0.020487,0.450652,0.141979,0.881336,-0.597323,0.781653,0.179507,-0.663414,-0.607338,0.437061,0.00046,-0.004855,0.005193,-0.047378,0.197375,-0.350639,-1.01073,0.086444,0.019884,-0.055457,0.903069,0.332713,-0.2716,-0.31175,0.942766,0.118332,0.295426,-0.02219,0.955107,0.008053,0.005428,-0.004376,-0.019778,-0.140178,-0.010479,-0.942369
474,0.166209,-0.059532,0.296371,-0.927799,-0.266734,-0.260937,0.231047,-0.959785,0.159383,-0.291801,0.087911,0.952445,-0.000179,0.010524,-0.009008,0.035637,-0.011787,0.018904,-0.934156,-0.169378,-0.047997,0.270053,-0.377678,-0.17637,0.90898,0.61682,-0.780018,0.105066,0.690935,0.600576,0.402218,0.001806,-0.021965,0.016798,0.372634,0.19087,-0.022189,-1.404601,0.042524,0.030668,-0.020238,0.432023,0.141162,0.890745,-0.588254,0.792754,0.159678,-0.683602,-0.59297,0.425527,0.000449,-0.005397,0.004351,1.480772,0.428047,0.261078,-1.016118,0.086527,0.019978,-0.05555,0.903499,0.334074,-0.268482,-0.311998,0.942164,0.122402,0.293846,-0.026825,0.955475,0.0081,-0.000304,-0.000535,0.007153,-0.016381,0.031825,-0.943675
475,0.166305,-0.059419,0.296261,-0.927823,-0.266395,-0.261197,0.230821,-0.959919,0.158898,-0.291903,0.087464,0.952455,0.016021,0.01002,-0.009938,0.036676,-0.026511,0.048485,-0.934583,-0.169253,-0.048496,0.270413,-0.365859,-0.176562,0.913764,0.611984,-0.78529,0.093418,0.701506,0.593606,0.394188,0.002696,-0.033508,0.024315,-0.073516,0.287621,-0.431931,-1.404245,0.042588,0.03041,-0.020052,0.420392,0.141435,0.896251,-0.583637,0.798458,0.147755,-0.694721,-0.5852,0.418212,0.001333,-0.016793,0.012091,-0.078639,0.282992,-0.425185,-1.0202,0.086569,0.020034,-0.055605,0.903552,0.33373,-0.268731,-0.311797,0.9423,0.121867,0.293896,-0.026323,0.955474,-1.5e-05,-0.00022,-0.000313,0.000802,-0.000197,0.000533,-0.944492
476,0.166519,-0.059155,0.29602,-0.927446,-0.268459,-0.260423,0.231423,-0.958897,0.164111,-0.292621,0.092263,0.951781,-0.000169,0.010685,-0.008784,0.035135,-0.012761,0.018395,-0.935449,-0.169022,-0.049734,0.27128,-0.341353,-0.17932,0.922667,0.597616,-0.799026,0.06593,0.72581,0.574129,0.378733,0.002713,-0.033028,0.025045,-0.082961,0.129026,-0.312098,-1.404936,0.042702,0.029801,-0.019631,0.396788,0.144774,0.906421,-0.570264,0.812673,0.119834,-0.719275,-0.564448,0.405018,0.00134,-0.016439,0.012634,-0.051776,0.353551,-0.613607,-1.018241,0.086682,0.020165,-0.055727,0.902967,0.335805,-0.268111,-0.312331,0.941416,0.127213,0.295123,-0.03113,0.954951,0.008024,0.005172,-0.004743,0.04802,-0.020722,0.050862,-0.945635
477,0.166865,-0.058862,0.295713,-0.927085,-0.270287,-0.259817,0.231837,-0.957933,0.169084,-0.293435,0.09685,0.951075,0.015989,0.009831,-0.010222,-0.155175,0.111338,-0.028995,-0.935998,-0.168769,-0.051039,0.272269,-0.33088,-0.193669,0.923581,0.591103,-0.805408,0.043002,0.735916,0.560401,0.37979,0.018973,-0.032324,0.024199,0.022869,-0.24229,-0.656555,-1.404412,0.042823,0.02915,-0.019135,0.38651,0.158053,0.908641,-0.564814,0.819411,0.097724,-0.729105,-0.550985,0.405981,0.001334,-0.016512,0.012506,0.110537,-0.55618,-0.652913,-1.021834,0.086849,0.020313,-0.055879,0.902417,0.337589,-0.267722,-0.312712,0.940626,0.132032,0.296399,-0.035428,0.954406,0.007993,0.004841,-0.005223,-0.660908,0.497317,-0.232992,-0.946778
478,0.16708,-0.058702,0.295524,-0.926133,-0.271125,-0.262325,0.232212,-0.957712,0.169817,-0.29612,0.096689,0.950258,0.016124,-0.001293,-0.002061,-0.208475,-0.420062,-0.182719,-0.936015,-0.168665,-0.051714,0.2728,-0.328215,-0.203689,0.922376,0.585129,-0.810367,0.029381,0.741859,0.549607,0.383979,0.002736,-0.032349,0.026071,0.084315,-0.49946,-0.620208,-1.404854,0.042881,0.028811,-0.018872,0.383781,0.167827,0.908045,-0.559519,0.82454,0.084085,-0.734608,-0.540339,0.410345,0.001798,-0.021577,0.017356,0.045684,-0.441817,-0.83921,-1.023793,0.086956,0.020394,-0.055972,0.902561,0.337029,-0.267942,-0.312328,0.940847,0.131362,0.296366,-0.034876,0.954437,0.00796,0.004467,-0.005752,0.038923,-0.025543,0.049667,-0.946778
479,0.16758,-0.058355,0.29511,-0.926056,-0.273518,-0.260102,0.232721,-0.956312,0.176866,-0.295962,0.10359,0.94958,-0.000274,0.009561,-0.010373,-0.053903,-0.066159,-0.238281,-0.93668,-0.168642,-0.052989,0.273881,-0.319184,-0.231342,0.919018,0.582537,-0.81276,-0.002148,0.747808,0.534967,0.393009,0.002772,-0.030872,0.028349,0.139181,-0.665007,-0.917339,-1.404678,0.042893,0.028172,-0.018335,0.375096,0.194944,0.906255,-0.558597,0.827734,0.053148,-0.739778,-0.526167,0.419375,-0.006788,-0.016121,0.014068,0.015897,-0.327398,-0.540146,-1.025753,0.087213,0.020566,-0.05618,0.901384,0.340302,-0.267768,-0.313103,0.939368,0.139832,0.299118,-0.042203,0.953281,0.007959,0.004476,-0.005746,-0.091456,-0.234707,-0.055789,-0.947104
480,0.168225,-0.057933,0.294639,-0.925727,-0.274833,-0.259888,0.232755,-0.955499,0.181161,-0.296959,0.107551,0.948828,0.015732,0.020028,-0.019744,-0.077801,-0.331171,-0.087084,-0.938388,-0.168884,-0.053937,0.274871,-0.316858,-0.254072,0.913805,0.579573,-0.814485,-0.025366,0.751092,0.521899,0.40416,-0.014382,-0.018431,0.024143,0.021136,-0.248452,-0.438585,-1.404463,0.042778,0.027691,-0.017841,0.374136,0.220751,0.900716,-0.557007,0.830036,0.027939,-0.74146,-0.512159,0.433507,-0.007662,-0.003796,0.007779,0.052161,-0.192031,-0.613134,-1.026406,0.087529,0.020773,-0.056413,0.90132,0.341318,-0.266688,-0.313032,0.938824,0.143597,0.299386,-0.045945,0.953025,0.007955,0.004498,-0.00573,-0.234733,-0.518187,-0.14568,-0.948247
481,0.169028,-0.057487,0.294142,-0.925686,-0.2767,-0.258048,0.232844,-0.954213,0.187706,-0.297019,0.11401,0.948055,0.032132,0.00954,-0.010994,-0.028678,-0.171202,0.009171,-0.94876,-0.169294,-0.05442,0.275625,-0.31596,-0.276292,0.907647,0.575435,-0.816393,-0.048073,0.754645,0.507451,0.415774,-0.015279,-0.00717,0.016175,0.050984,-0.258185,-0.418419,-1.404596,0.042573,0.027448,-0.017457,0.373307,0.242701,0.895398,-0.554147,0.8324,0.005408,-0.744018,-0.498201,0.445233,-0.00766,-0.003729,0.00787,0.060411,-0.242084,-0.641069,-1.023303,0.087936,0.021002,-0.05667,0.900611,0.343735,-0.265979,-0.31329,0.937594,0.150884,0.301244,-0.052559,0.952096,0.016074,0.004789,-0.005484,-0.02869,-0.184393,0.009126,-0.952656
482,0.169519,-0.057225,0.293858,-0.926309,-0.277152,-0.255312,0.232534,-0.953579,0.191275,-0.295319,0.118149,0.948079,0.032129,0.009685,-0.010817,0.031706,-0.039042,0.07506,-0.955166,-0.169609,-0.05451,0.275885,-0.315551,-0.284469,0.90526,0.572762,-0.817685,-0.057172,0.756846,0.500818,0.419796,-0.015292,-0.007669,0.015384,0.100144,-0.447128,-0.566112,-1.404669,0.042415,0.027405,-0.017324,0.372319,0.249288,0.893998,-0.551918,0.833893,-0.002674,-0.746166,-0.492418,0.448061,-0.008091,0.002063,0.00415,-0.017205,0.103578,-0.175958,-1.030978,0.088158,0.021126,-0.056804,0.901031,0.344706,-0.263287,-0.313269,0.936986,0.154656,0.300007,-0.05687,0.952239,0.007875,0.010251,-0.00957,0.025959,0.013425,0.0451,-0.956085
483,0.170599,-0.056719,0.293314,-0.927289,-0.27719,-0.251689,0.231557,-0.952846,0.196057,-0.293011,0.12386,0.948067,0.031864,0.020124,-0.020023,0.072908,-0.052528,0.096837,-0.981946,-0.170397,-0.054458,0.276154,-0.317734,-0.286732,0.903782,0.561168,-0.825154,-0.064375,0.764585,0.487082,0.421928,-0.016228,0.001496,0.004174,1.486685,-0.002001,0.492497,-1.404438,0.042022,0.027431,-0.017181,0.374756,0.254061,0.891633,-0.542147,0.840204,-0.011542,-0.752086,-0.479071,0.452609,-0.016195,0.000381,0.002524,4.984633,-0.298612,2.314425,-1.030978,0.088698,0.021377,-0.057071,0.902035,0.344932,-0.259527,-0.312254,0.936526,0.159419,0.298043,-0.062763,0.952486,0.016033,0.004503,-0.005932,0.039551,-0.028761,0.054626,-0.967352
484,0.171849,-0.056221,0.292806,-0.928305,-0.276686,-0.248476,0.230027,-0.952238,0.200756,-0.290999,0.129544,0.947926,0.032114,0.010373,-0.009977,0.037673,-0.041101,0.078088,-1.008266,-0.171313,-0.054413,0.27629,-0.318594,-0.291413,0.90198,0.557365,-0.827249,-0.070271,0.767008,0.480713,0.424826,-0.016211,0.001707,0.004467,0.02407,-0.097019,-0.063516,-1.404186,0.04157,0.027449,-0.017119,0.375851,0.257886,0.890073,-0.537168,0.843293,-0.017503,-0.755106,-0.471541,0.45548,-0.016265,0.000315,0.002335,0.030559,-0.112071,-0.144747,-1.033917,0.089335,0.021631,-0.057335,0.903091,0.344533,-0.256363,-0.310625,0.93627,0.164039,0.296542,-0.068509,0.952559,0.015958,0.010619,-0.009277,0.078664,-0.056512,0.099738,-0.984824
485,0.172559,-0.055961,0.292563,-0.928956,-0.276598,-0.246132,0.229195,-0.951696,0.204249,-0.289581,0.133663,0.947789,0.048268,0.010317,-0.010485,-2.0837,1.478159,-0.771753,-1.022588,-0.171726,-0.054395,0.276384,-0.319747,-0.293838,0.900784,0.55737,-0.827111,-0.071831,0.766526,0.479474,0.42709,-0.032508,0.000824,0.004906,0.009011,-0.022199,-0.09031,-1.403973,0.041363,0.02746,-0.017071,0.377173,0.260658,0.888705,-0.537284,0.84318,-0.019279,-0.754364,-0.470215,0.458072,-0.008104,0.000977,0.002431,0.002112,-0.009058,-0.044847,-1.034897,0.089702,0.021765,-0.057459,0.903686,0.344285,-0.254591,-0.309657,0.93611,0.16676,0.295739,-0.071863,0.952561,0.024143,0.005181,-0.00528,-2.081112,1.474407,-0.771746,-0.998214
486,0.174101,-0.055475,0.292116,-0.930001,-0.275575,-0.243314,0.227129,-0.951174,0.208933,-0.287853,0.139381,0.947492,0.032075,0.010692,-0.009651,0.037216,-0.040672,0.07794,-1.049768,-0.172598,-0.054346,0.276672,-0.325923,-0.304609,0.894974,0.553026,-0.829206,-0.080701,0.767079,0.469028,0.437569,-0.03157,-0.008453,0.015837,0.031072,-0.205451,-0.423939,-1.403913,0.040927,0.027486,-0.016934,0.383159,0.270721,0.883118,-0.533273,0.845485,-0.027813,-0.754193,-0.460287,0.468324,-0.008083,0.001429,0.003112,0.109988,-0.434187,-0.300154,-1.033591,0.090461,0.022005,-0.057678,0.904858,0.34374,-0.251142,-0.307666,0.935767,0.172279,0.29423,-0.07862,0.952494,0.024127,0.005303,-0.005125,0.044785,-0.059995,0.110348,-1.011278
487,0.175751,-0.055019,0.291707,-0.931041,-0.274522,-0.240512,0.225017,-0.950606,0.213749,-0.286152,0.145225,0.947129,0.032064,0.011234,-0.008976,0.014698,0.068267,-0.102589,-1.082057,-0.173426,-0.05431,0.277049,-0.329934,-0.31742,0.889033,0.553921,-0.827671,-0.089813,0.764718,0.463224,0.447764,-0.016067,0.00451,0.008687,0.064871,-0.264469,-0.164537,-1.403964,0.040507,0.027498,-0.016744,0.387171,0.284016,0.877173,-0.534848,0.844126,-0.037243,-0.751023,-0.454735,0.478726,-0.007622,-0.003308,0.008433,0.043523,-0.316415,-0.220446,-1.038979,0.091286,0.022232,-0.057883,0.90599,0.342753,-0.248399,-0.305411,0.935612,0.177072,0.293097,-0.084561,0.952335,0.02412,0.005666,-0.004681,-0.016625,-0.016007,0.084952,-1.015523
488,0.177365,-0.054661,0.291373,-0.932053,-0.273679,-0.237533,0.223059,-0.949884,0.218945,-0.284389,0.151418,0.94669,0.032008,0.010894,-0.009546,0.037679,-0.04084,0.078202,-1.117305,-0.174283,-0.054317,0.277549,-0.332,-0.325289,0.885412,0.554922,-0.826375,-0.095393,0.763099,0.460077,0.453733,-0.031477,-0.006862,0.018134,-0.020849,-0.047012,-0.096154,-1.404227,0.040084,0.027501,-0.016495,0.389431,0.29227,0.873453,-0.536207,0.842989,-0.043008,-0.748882,-0.451604,0.485003,-0.008031,0.002261,0.004344,0.008971,-0.043195,-0.031758,-1.047634,0.092105,0.022417,-0.058052,0.907046,0.342163,-0.245338,-0.303492,0.935234,0.182286,0.291821,-0.090884,0.952144,0.01601,0.005442,-0.004806,0.044248,-0.045424,0.080902,-1.018789
489,0.178161,-0.054478,0.291245,-0.933387,-0.271478,-0.234808,0.221232,-0.950287,0.219048,-0.28144,0.152841,0.947343,0.032026,0.011661,-0.008506,0.061468,0.008398,0.104969,-1.131958,-0.174723,-0.054339,0.277808,-0.332504,-0.328024,0.884213,0.55545,-0.825792,-0.097347,0.762495,0.459184,0.455648,-0.015227,-0.006893,0.016334,-0.021068,-0.045998,-0.090675,-1.404277,0.039859,0.027491,-0.016362,0.389888,0.294911,0.872361,-0.53686,0.842476,-0.044867,-0.748176,-0.450844,0.486797,-0.007603,-0.00302,0.008837,-0.024401,-0.043735,-0.056352,-1.052206,0.092491,0.022503,-0.058114,0.908564,0.340295,-0.242299,-0.301881,0.935764,0.182244,0.288752,-0.092435,0.95293,0.024095,0.005941,-0.004392,0.056226,-0.019447,0.142119,-1.019605
490,0.179624,-0.054206,0.291129,-0.934092,-0.27047,-0.233161,0.219449,-0.949897,0.222509,-0.280498,0.157008,0.94694,0.032366,0.002219,0.001973,-0.002995,0.053764,-0.08915,-1.152154,-0.175545,-0.054379,0.278214,-0.332963,-0.330819,0.882998,0.55615,-0.82509,-0.09928,0.761784,0.458442,0.457579,-0.016108,0.002719,0.005835,-0.000547,0.009016,-0.032968,-1.404301,0.039448,0.027469,-0.016153,0.390295,0.297644,0.87125,-0.537723,0.841826,-0.046708,-0.747344,-0.450261,0.488611,-0.008049,0.001586,0.003278,-0.005255,0.018236,0.005694,-1.054655,0.093222,0.022641,-0.058178,0.909348,0.339195,-0.240898,-0.299812,0.935728,0.185809,0.288441,-0.096741,0.952597,0.016013,0.006145,-0.003871,0.041444,-0.045083,0.079715,-1.022218
491,0.180991,-0.05405,0.2911,-0.933908,-0.272625,-0.23138,0.221937,-0.949317,0.222516,-0.279154,0.15679,0.947374,0.032314,0.001427,0.00078,0.002062,-0.029233,0.059213,-1.164817,-0.176342,-0.054286,0.278497,-0.339525,-0.333773,0.87938,0.556998,-0.824692,-0.097831,0.758266,0.45702,0.464788,-0.032345,0.002326,0.006861,-1.196115,-1.569576,1.89404,-1.404223,0.039043,0.027516,-0.016011,0.395997,0.300809,0.867582,-0.538462,0.841395,-0.045955,-0.743803,-0.448963,0.495164,-0.016189,0.001094,0.003333,-1.19795,-1.556911,1.901878,-1.055471,0.093906,0.022722,-0.058189,0.908971,0.341458,-0.239116,-0.302328,0.93492,0.185801,0.286998,-0.096597,0.953048,0.016163,0.000837,0.000542,-0.000655,-0.034424,0.05901,-1.024667
492,0.181621,-0.054002,0.291124,-0.934261,-0.272023,-0.23066,0.220856,-0.949098,0.224513,-0.278829,0.159143,0.947077,0.032319,0.001768,0.001226,0.001969,-0.029425,0.059108,-1.170983,-0.176717,-0.054249,0.278591,-0.342247,-0.335552,0.877646,0.557616,-0.824304,-0.097579,0.756589,0.456419,0.4681,-0.016137,0.00177,0.004341,-0.025901,-0.06325,0.001249,-1.404224,0.038862,0.027534,-0.015964,0.399491,0.302441,0.86541,-0.53912,0.841022,-0.04505,-0.741455,-0.448563,0.499033,-0.008067,0.000997,0.002355,-0.119301,-0.146251,0.184005,-1.055798,0.094221,0.022745,-0.058178,0.909359,0.340935,-0.238387,-0.301245,0.934856,0.187866,0.286908,-0.099025,0.952825,0.016166,0.001056,0.000833,0.005513,-0.03282,0.060195,-1.02777
493,0.182785,-0.053933,0.291174,-0.933808,-0.273773,-0.230426,0.223272,-0.94901,0.222488,-0.278426,0.156648,0.947611,0.032283,0.001108,0.000233,0.009402,-0.013596,0.067735,-1.187427,-0.177468,-0.054148,0.278803,-0.353404,-0.339457,0.871703,0.55947,-0.823494,-0.093732,0.750073,0.454996,0.479824,-0.01607,0.002827,0.005916,-1.146551,-1.896776,1.684672,-1.403982,0.03848,0.027583,-0.01586,0.408997,0.304852,0.860107,-0.540651,0.840259,-0.040727,-0.73513,-0.448361,0.508483,-0.008038,0.001463,0.003047,-1.091648,-2.074214,1.576719,-1.054492,0.094791,0.022781,-0.05815,0.908805,0.342688,-0.237986,-0.303753,0.934485,0.18566,0.286018,-0.09644,0.953358,0.008084,0.000627,0.00053,-0.005874,-0.018033,0.042089,-1.034138
494,0.18385,-0.053887,0.291192,-0.93191,-0.281918,-0.228276,0.231771,-0.946861,0.222951,-0.277839,0.155208,0.94802,0.032269,0.000899,-0.00012,0.033955,0.038923,0.096061,-1.203464,-0.17814,-0.053965,0.279149,-0.365962,-0.342827,0.865178,0.561981,-0.822411,-0.088035,0.742143,0.45443,0.492524,-0.015908,0.005443,0.009839,-0.006499,0.019271,-0.201724,-1.404201,0.03815,0.02767,-0.015695,0.422944,0.309497,0.851662,-0.542978,0.839006,-0.03525,-0.72546,-0.447525,0.522903,-0.007957,0.002754,0.004982,-0.02862,-0.057455,0.025995,-1.059064,0.095336,0.022804,-0.058141,0.906148,0.350827,-0.236253,-0.312129,0.931607,0.186232,0.28543,-0.095012,0.953677,0.008071,0.000392,0.000184,0.030338,0.053236,0.074443,-1.033648
495,0.184936,-0.053811,0.291089,-0.93163,-0.284639,-0.226035,0.234823,-0.946041,0.22324,-0.276221,0.155247,0.948487,0.032242,0.000114,-0.001284,0.00433,-0.024332,0.061887,-1.219685,-0.178735,-0.053758,0.279542,-0.377031,-0.355366,0.855309,0.565588,-0.819602,-0.091078,0.733823,0.449864,0.508909,-0.015911,0.005017,0.009148,0.095357,-0.611498,-0.295809,-1.404008,0.037859,0.027775,-0.015497,0.432507,0.319463,0.843137,-0.546541,0.83663,-0.036636,-0.717098,-0.444964,0.536448,0.000175,0.003157,0.004773,-0.387442,-0.687964,0.553242,-1.058247,0.095878,0.022842,-0.058193,0.905705,0.353407,-0.234094,-0.314911,0.930609,0.186539,0.283775,-0.09523,0.95415,0.007868,0.005323,-0.004808,0.027171,-0.040329,0.052438,-1.031689
496,0.18549,-0.05376,0.291028,-0.931009,-0.287707,-0.224705,0.238667,-0.94549,0.221491,-0.275022,0.152933,0.949211,0.032244,0.000234,-0.001144,0.047594,0.179594,-0.053299,-1.230349,-0.17901,-0.053655,0.279705,-0.381252,-0.359419,0.851737,0.567412,-0.818327,-0.091203,0.730229,0.44897,0.514835,-0.015936,0.004441,0.008258,-0.272828,-0.995378,0.241316,-1.403826,0.037721,0.027828,-0.015412,0.434699,0.324842,0.839949,-0.548348,0.835327,-0.039269,-0.714388,-0.443514,0.541242,-0.00796,0.002466,0.004511,-0.011499,0.091446,-0.191542,-1.057104,0.096144,0.022863,-0.058221,0.904625,0.356749,-0.233201,-0.318898,0.929563,0.184975,0.282765,-0.092966,0.954673,0.016121,5.9e-05,-0.000675,0.086051,0.145589,0.146426,-1.031689
