frame,MLTx,MLTy,MLTz,MLTR1,MLTR2,MLTR3,MLTR4,MLTR5,MLTR6,MLTR7,MLTR8,MLTR9,MLTTVx,MLTTVy,MLTTVz,MLTRVx,MLTRVy,MLTRVz,MLGA,MRTx,MRTy,MRTz,MRTR1,MRTR2,MRTR3,MRTR4,MRTR5,MRTR6,MRTR7,MRTR8,MRTR9,MRTTVx,MRTTVy,MRTTVz,MRTRVx,MRTRVy,MRTRVz,MRGA,SLTx,SLTy,SLTz,SLTR1,SLTR2,SLTR3,SLTR4,SLTR5,SLTR6,SLTR7,SLTR8,SLTR9,SLTTVx,SLTTVy,SLTTVz,SLTRVx,SLTRVy,SLTRVz,SLGA,SRTx,SRTy,SRTz,SRTR1,SRTR2,SRTR3,SRTR4,SRTR5,SRTR6,SRTR7,SRTR8,SRTR9,SRTTVx,SRTTVy,SRTTVz,SRTRVx,SRTRVy,SRTRVz,SRGA
2286,0.092487,-0.012731,0.423882,-0.407335,0.494555,-0.767814,-0.562558,-0.798108,-0.215692,-0.718971,0.343461,0.60427,0.000442,0.009089,-0.01041,0.034234,0.364376,0.150576,-1.910053,-0.079727,-0.011792,0.429546,-0.295041,-0.377357,0.877806,0.534394,-0.826741,-0.175658,0.792343,0.417748,0.444457,-0.042365,0.015733,-0.034723,0.078545,-0.503846,-0.398064,0.264008,0.039939,0.028786,-0.003061,0.248939,0.352799,0.901976,-0.496735,0.845987,-0.193804,-0.831434,-0.399798,0.385847,-0.021154,0.007816,-0.017369,0.082013,-0.462488,-0.38354,0.18668,0.084016,0.03288,-0.04093,0.348749,-0.540895,-0.765379,0.643835,0.731721,-0.223742,0.681065,-0.414748,0.603434,0.00023,0.004547,-0.005206,0.033644,0.567588,0.221576,-1.081003
2287,0.092527,-0.012518,0.423629,-0.412486,0.510505,-0.75451,-0.573682,-0.788901,-0.220216,-0.707149,0.341374,0.619218,0.000805,0.010353,-0.009649,0.034071,0.839752,0.318412,-1.910159,-0.081457,-0.010995,0.428129,-0.310681,-0.405643,0.859606,0.545409,-0.816737,-0.188157,0.778755,0.410895,0.473886,-0.044509,0.027108,-0.04374,0.100816,-1.155383,-0.376544,0.19682,0.039091,0.029172,-0.003755,0.264536,0.378853,0.886843,-0.506981,0.836906,-0.206294,-0.82036,-0.395041,0.413462,-0.01516,0.010811,-0.016131,0.080297,-0.723135,-0.226876,0.128712,0.084035,0.032982,-0.041059,0.351669,-0.556328,-0.752878,0.653722,0.72161,-0.227871,0.670056,-0.412038,0.617452,0.000232,0.004561,-0.005194,0.024239,0.433276,-0.036644,-1.082146
2288,0.092534,-0.012389,0.423481,-0.417451,0.531837,-0.736838,-0.590071,-0.77525,-0.225333,-0.690561,0.340055,0.638368,-9e-05,-0.000314,-0.000188,0.000465,0.507953,0.179204,-1.91012,-0.08283,-0.010257,0.426968,-0.333598,-0.433856,0.836943,0.552095,-0.809533,-0.19945,0.764454,0.396088,0.508516,-0.041548,0.010133,-0.022229,0.030948,-1.258368,-0.461877,0.182244,0.038403,0.029548,-0.004343,0.290128,0.407089,0.866085,-0.51315,0.830082,-0.218268,-0.807776,-0.381106,0.449727,-0.015206,0.011105,-0.015949,0.082328,-0.79353,-0.251976,0.07107,0.08404,0.033055,-0.041135,0.355515,-0.579741,-0.73315,0.668872,0.705692,-0.233683,0.652854,-0.407306,0.638656,0.000169,0.004343,-0.005325,0.037113,0.58098,0.226215,-1.082472
2289,0.092535,-0.012386,0.423411,-0.41899,0.544325,-0.726776,-0.600558,-0.766409,-0.227857,-0.680522,0.34032,0.648922,-0.000237,0.006726,-0.011826,-3.98138,-0.720905,3.768222,-1.90949,-0.083567,-0.009969,0.426475,-0.345808,-0.448594,0.824119,0.554034,-0.806469,-0.206369,0.757606,0.385796,0.526363,-0.041687,0.010793,-0.021836,0.032852,-1.147835,-0.428112,0.179813,0.038035,0.029691,-0.00459,0.304017,0.422087,0.854057,-0.514781,0.827124,-0.225531,-0.801606,-0.371088,0.468743,-0.021629,0.009941,-0.016084,0.068158,-1.293742,-0.419155,0.062579,0.084041,0.033057,-0.041163,0.35916,-0.590039,-0.723088,0.674198,0.69978,-0.236144,0.645337,-0.402691,0.649136,0.006315,-0.001916,-0.001232,0.003684,0.638089,0.258791,-1.082962
2290,0.092542,-0.012446,0.423327,-0.423121,0.56777,-0.706152,-0.616172,-0.751648,-0.23522,-0.66381,0.334874,0.668763,-0.000492,-0.001713,-0.00103,-0.00584,1.01577,0.148027,-1.909754,-0.085234,-0.009566,0.425584,-0.369982,-0.477097,0.797172,0.558419,-0.799965,-0.219451,0.742844,0.36457,0.561369,-0.028835,0.013388,-0.021392,0.044071,-1.025593,-0.148034,0.165623,0.037212,0.029888,-0.005027,0.330652,0.450361,0.829363,-0.518537,0.820955,-0.239063,-0.788535,-0.351009,0.504979,-0.020062,0.001048,-0.00559,0.002319,-1.333828,-0.274305,0.045597,0.084044,0.033028,-0.041211,0.356188,-0.614135,-0.704249,0.691966,0.679846,-0.242879,0.627942,-0.400806,0.667114,-0.000357,-0.001258,-0.000755,-0.010789,0.598729,0.001456,-1.084922
2291,0.092528,-0.012573,0.423262,-0.41857,0.591472,-0.689207,-0.634587,-0.733305,-0.243996,-0.649202,0.334493,0.683138,-0.000923,-0.003213,-0.001934,-0.026766,0.390264,0.171979,-1.909004,-0.086752,-0.009241,0.424918,-0.392944,-0.499182,0.772272,0.561576,-0.795299,-0.228179,0.728554,0.344663,0.591844,-0.042021,0.012627,-0.020751,0.040076,-0.970746,-0.345512,0.155656,0.036443,0.030052,-0.00537,0.356117,0.472237,0.806332,-0.521179,0.816598,-0.24807,-0.775597,-0.331902,0.536925,-0.020112,0.001338,-0.005419,0.012403,-1.08985,-0.225978,0.028941,0.084038,0.032965,-0.041243,0.35048,-0.638941,-0.684775,0.708574,0.659011,-0.252241,0.612442,-0.396809,0.683708,-0.000542,-0.001899,-0.001142,-0.112951,0.469479,0.03668,-1.085738
2292,0.092498,-0.012638,0.423211,-0.417349,0.602222,-0.680584,-0.644263,-0.724202,-0.24582,-0.640406,0.335129,0.691082,-0.001065,-0.003707,-0.002233,-3.756731,-0.970185,3.956136,-1.909306,-0.087574,-0.009148,0.424663,-0.402273,-0.508626,0.761228,0.563214,-0.793009,-0.232078,0.722177,0.336024,0.604493,-0.040357,0.003259,-0.010551,0.005409,-0.954787,-0.394988,0.154905,0.036032,0.030105,-0.0055,0.366242,0.48132,0.796365,-0.522522,0.814534,-0.251998,-0.769959,-0.323826,0.549817,-0.020226,0.001867,-0.005109,0.030446,-0.416461,0.026543,0.023879,0.084022,0.032931,-0.041269,0.349301,-0.648868,-0.675987,0.716088,0.65014,-0.254036,0.604322,-0.395331,0.691741,-0.000632,-0.002021,-0.001236,-3.75092,-1.033087,3.937194,-1.087208
2293,0.092477,-0.01268,0.422971,-0.415453,0.617914,-0.667552,-0.658073,-0.710766,-0.24844,-0.627478,0.33531,0.702756,-0.00126,-0.004385,-0.002646,0.001701,0.301409,0.109498,-1.90897,-0.089375,-0.009141,0.424356,-0.417266,-0.524183,0.74237,0.566444,-0.788811,-0.238437,0.71107,0.321687,0.625108,-0.051888,-0.00691,0.000244,-0.027987,-0.865987,-0.393961,0.145574,0.035136,0.03011,-0.005659,0.382668,0.496449,0.779168,-0.525328,0.810676,-0.258524,-0.759997,-0.31039,0.571018,-0.02658,0.000545,-0.005352,0.027473,-0.337404,-0.0137,0.020287,0.084012,0.032912,-0.041388,0.344427,-0.664417,-0.663263,0.729458,0.634137,-0.256438,0.590982,-0.395499,0.703079,-0.00052,0.001946,-0.006768,0.019361,0.415613,-0.062694,-1.0908
2294,0.092429,-0.012585,0.422469,-0.410923,0.637049,-0.652194,-0.675336,-0.693212,-0.251692,-0.611944,0.336228,0.715892,-0.00122,0.003311,-0.013895,0.030556,0.430752,-0.035597,-1.908569,-0.091414,-0.009081,0.424016,-0.426869,-0.532183,0.731134,0.56745,-0.787155,-0.2415,0.704545,0.312471,0.637057,-0.053553,0.003049,-0.00963,0.022649,-0.479179,-0.063674,0.115786,0.034117,0.030137,-0.005825,0.39374,0.505026,0.76806,-0.526377,0.808871,-0.262018,-0.753588,-0.301122,0.58432,-0.033255,0.000675,-0.004748,0.006503,-0.613379,-0.325976,-0.008942,0.083987,0.032958,-0.04164,0.33802,-0.683069,-0.647424,0.744779,0.614703,-0.259697,0.575365,-0.394406,0.716518,-0.000631,0.001549,-0.007012,0.031546,0.39491,-0.050538,-1.090963
2295,0.092277,-0.012182,0.421581,-0.41267,0.653614,-0.634458,-0.686755,-0.680774,-0.254726,-0.597909,0.329782,0.730599,-0.001274,0.010677,-0.025336,0.0753,0.763243,0.075707,-1.908545,-0.093723,-0.008954,0.423701,-0.433643,-0.536625,0.723864,0.567415,-0.786682,-0.243116,0.700429,0.30599,0.644695,-0.066688,0.002678,-0.008813,0.027174,-0.179599,0.001426,0.080191,0.032967,0.0302,-0.005983,0.401674,0.50991,0.760689,-0.526387,0.808268,-0.263852,-0.749383,-0.294435,0.59307,-0.02715,0.0034,-0.003695,0.029427,-0.22821,0.049763,-0.052541,0.083913,0.033157,-0.042074,0.337302,-0.698363,-0.63128,0.75462,0.601493,-0.262207,0.562827,-0.387934,0.729884,-0.007063,0.006819,-0.011699,0.077324,0.833934,0.06388,-1.091943
2296,0.092176,-0.011835,0.420994,-0.411467,0.66073,-0.627835,-0.69322,-0.67404,-0.255122,-0.591248,0.329428,0.736159,-0.013964,0.014322,-0.022978,0.070289,0.523776,-0.043685,-1.908524,-0.094833,-0.008866,0.423594,-0.436234,-0.536717,0.722237,0.566657,-0.78736,-0.242689,0.699436,0.304075,0.646677,-0.0543,0.007096,-0.00731,0.033297,-0.040271,0.112616,0.06917,0.032408,0.030241,-0.006038,0.404525,0.510161,0.759008,-0.525698,0.808839,-0.263476,-0.748331,-0.292427,0.595387,-0.02714,0.003503,-0.003646,0.035776,0.015197,0.132623,-0.072952,0.083861,0.033332,-0.042379,0.335967,-0.706183,-0.623242,0.760432,0.593815,-0.262918,0.555759,-0.385602,0.736506,-0.006956,0.007189,-0.01147,0.071903,0.545316,-0.037332,-1.09325
2297,0.091961,-0.010882,0.419559,-0.413342,0.676497,-0.609545,-0.710986,-0.65794,-0.248162,-0.568418,0.329957,0.753695,-0.01317,0.024579,-0.032627,0.010933,0.531582,-0.071056,-1.908556,-0.096895,-0.008584,0.423462,-0.442036,-0.53643,0.718915,0.564835,-0.789085,-0.241331,0.697269,0.300075,0.650871,-0.054799,0.010032,-0.005648,0.033991,-0.016664,0.12047,0.058417,0.031398,0.030377,-0.006103,0.410288,0.509655,0.75625,-0.523934,0.810478,-0.26195,-0.746428,-0.288751,0.599555,-0.021117,0.006611,-0.002385,0.037824,-0.012259,0.187178,-0.098915,0.083762,0.033785,-0.043069,0.336004,-0.721785,-0.605083,0.776344,0.57599,-0.255975,0.533281,-0.383745,0.753889,-0.000133,0.010769,-0.017304,-0.906118,0.397664,1.173254,-1.098965
2298,0.091577,-0.009656,0.417912,-0.414807,0.696198,-0.585908,-0.729571,-0.639215,-0.243113,-0.543267,0.325746,0.773807,-0.012885,0.033017,-0.043347,0.131697,0.994137,-0.175431,-1.908586,-0.098639,-0.008183,0.423382,-0.444421,-0.533575,0.719568,0.562493,-0.791385,-0.239261,0.697649,0.2991,0.650913,-0.040809,0.005024,0.005985,-0.005207,0.036415,-0.060442,0.055816,0.0305,0.030585,-0.006148,0.412523,0.506391,0.757226,-0.521498,0.81284,-0.25948,-0.746903,-0.28785,0.599398,-0.021208,0.007367,-0.001975,0.035913,-0.026951,0.150969,-0.107896,0.083561,0.034421,-0.043919,0.335442,-0.74107,-0.581629,0.792858,0.555521,-0.250542,0.508777,-0.377107,0.773909,-0.006437,0.016406,-0.021734,0.142996,1.122983,-0.127666,-1.099128
2299,0.091316,-0.009034,0.417019,-0.417403,0.704795,-0.573659,-0.737471,-0.631513,-0.239372,-0.530469,0.322262,0.784077,-0.013641,0.030386,-0.044928,0.142669,0.934039,-0.473094,-1.908501,-0.09947,-0.007932,0.423378,-0.445407,-0.532348,0.719868,0.561464,-0.792372,-0.238409,0.697851,0.298669,0.650894,-0.042428,0.015179,-0.003785,0.036435,-0.027897,0.151,0.05723,0.0301,0.030704,-0.006149,0.413351,0.505231,0.757549,-0.52058,0.813699,-0.258628,-0.747085,-0.287462,0.599357,-0.0212,0.0075,-0.001913,0.036077,-0.027673,0.150769,-0.109529,0.083431,0.034737,-0.044363,0.337291,-0.750268,-0.568623,0.799988,0.546827,-0.246978,0.496238,-0.371589,0.784645,-0.006829,0.015048,-0.022545,0.148822,0.965036,-0.462001,-1.098801
2300,0.090806,-0.007909,0.415123,-0.428194,0.722457,-0.542911,-0.752199,-0.61784,-0.229003,-0.500352,0.309417,0.808664,-0.015064,0.025496,-0.047892,-0.030605,1.200942,-0.53728,-1.908565,-0.100996,-0.007404,0.423395,-0.446083,-0.531079,0.720386,0.560221,-0.793418,-0.237855,0.698419,0.298149,0.650523,-0.042543,0.016436,-0.003123,0.030025,0.035519,-0.037408,0.056603,0.029322,0.030971,-0.006137,0.414025,0.503852,0.758099,-0.519307,0.814746,-0.257889,-0.747597,-0.286914,0.59898,-0.020658,0.004186,0.003936,-0.00443,0.027237,-0.03337,-0.110346,0.083183,0.035293,-0.045291,0.345353,-0.768322,-0.538898,0.813289,0.531556,-0.236658,0.468284,-0.35655,0.808443,-0.007449,0.012911,-0.023837,-0.598034,1.410861,-0.790041,-1.099128
2301,0.0902,-0.007101,0.413165,-0.429598,0.742843,-0.513493,-0.769801,-0.598468,-0.221845,-0.471578,0.299055,0.829583,-0.017045,0.018839,-0.052011,0.131087,1.052212,-0.319279,-1.90865,-0.102437,-0.006831,0.423441,-0.44621,-0.53033,0.72086,0.559331,-0.794062,-0.2378,0.699052,0.297766,0.650019,-0.042409,0.016508,-0.003143,0.036826,-0.028468,0.150753,0.041871,0.028585,0.031266,-0.006114,0.414058,0.50311,0.758574,-0.518406,0.815348,-0.257799,-0.748204,-0.286506,0.598418,-0.021214,0.008291,-0.001528,0.036655,-0.0284,0.150644,-0.119327,0.082883,0.035701,-0.04625,0.344567,-0.788153,-0.509987,0.828727,0.510585,-0.229158,0.441004,-0.343679,0.829095,-0.008709,0.008664,-0.026459,-0.725899,0.391071,0.59091,-1.100924
2302,0.089959,-0.006975,0.412203,-0.429621,0.752378,-0.499398,-0.778715,-0.588628,-0.217004,-0.456702,0.29472,0.839399,-0.006451,0.00072,-0.047449,0.141364,0.98162,-0.700766,-1.908402,-0.103101,-0.006547,0.423463,-0.446187,-0.530054,0.721077,0.558953,-0.79431,-0.237859,0.699369,0.297594,0.649756,-0.042288,0.016258,-0.003314,0.030107,0.035315,-0.037508,0.034031,0.028269,0.031402,-0.006102,0.414046,0.502817,0.758775,-0.518026,0.815592,-0.257793,-0.748474,-0.286327,0.598165,-0.014179,0.005144,0.003928,-0.002248,0.011932,-0.004034,-0.128634,0.082759,0.035777,-0.046746,0.343803,-0.798471,-0.494209,0.836773,0.499341,-0.22465,0.426156,-0.336306,0.839814,-0.003289,1.7e-05,-0.023924,0.168869,1.072198,-0.424979,-1.099617
2303,0.0896,-0.007246,0.410391,-0.430998,0.77307,-0.465454,-0.79428,-0.569742,-0.210914,-0.427711,0.277833,0.860174,-0.008986,-0.015188,-0.041622,-2.33603,0.131849,4.565218,-1.9087,-0.104207,-0.006,0.423558,-0.448583,-0.530316,0.719395,0.55819,-0.794882,-0.237739,0.698447,0.29559,0.65166,-0.029445,0.018201,-0.003258,0.039097,-0.044536,0.179674,0.020195,0.027711,0.031676,-0.006053,0.41647,0.5032,0.757193,-0.517346,0.816036,-0.257755,-0.747599,-0.284384,0.600183,-0.007756,0.006025,0.003901,0.000223,0.005098,0.028381,-0.148066,0.082579,0.035644,-0.047657,0.347985,-0.815753,-0.462008,0.847166,0.48468,-0.217699,0.401515,-0.315642,0.85974,-0.004421,-0.003724,-0.026372,0.173942,0.883287,-0.567594,-1.099455
2304,0.089159,-0.008077,0.408913,-0.423783,0.796496,-0.431331,-0.811285,-0.545483,-0.210323,-0.402285,0.259807,0.877891,-0.009692,-0.02489,-0.032004,-0.546861,0.65503,1.133297,-1.90902,-0.104977,-0.00546,0.423704,-0.452961,-0.53181,0.71554,0.557694,-0.795206,-0.23782,0.696018,0.292007,0.655861,-0.016679,0.020181,-0.003171,0.035292,-0.098669,0.016096,0.012042,0.027321,0.031945,-0.005981,0.421271,0.504641,0.753569,-0.516836,0.816357,-0.25776,-0.745258,-0.280885,0.604724,-0.007506,0.004899,0.003245,-0.000344,-0.089789,-0.033965,-0.161945,0.08236,0.035232,-0.048394,0.338134,-0.838764,-0.426777,0.86185,0.458133,-0.217548,0.377993,-0.294258,0.877799,-0.004907,-0.012758,-0.016187,0.202457,1.202023,-0.265825,-1.095209
2305,0.088755,-0.009138,0.407977,-0.40133,0.827641,-0.392415,-0.838562,-0.504286,-0.20611,-0.367983,0.245313,0.896904,-0.00901,-0.029984,-0.019386,-2.004486,0.080394,4.523065,-1.909067,-0.105399,-0.004933,0.423814,-0.457864,-0.532932,0.711573,0.5569,-0.795844,-0.237547,0.693445,0.28819,0.66026,-0.003453,0.019498,-0.004552,0.036441,-0.046347,0.037894,0.011065,0.027105,0.032207,-0.005925,0.426553,0.505804,0.749809,-0.516076,0.816922,-0.257491,-0.742776,-0.277125,0.609494,-0.007319,0.004034,0.00274,0.007586,-0.066107,0.184909,-0.167987,0.082152,0.034686,-0.048883,0.313149,-0.867224,-0.387115,0.884725,0.414571,-0.21305,0.345249,-0.275775,0.897078,-0.004479,-0.014993,-0.009687,0.215545,1.428701,-0.043158,-1.088677
2306,0.088483,-0.009659,0.40764,-0.398299,0.839193,-0.370348,-0.847349,-0.491167,-0.201807,-0.35077,0.232388,0.907184,-0.021083,-0.023714,-0.015399,0.228909,1.403351,-0.368211,-1.908908,-0.105502,-0.004693,0.423848,-0.460319,-0.533513,0.70955,0.556503,-0.796154,-0.237438,0.692139,0.286251,0.662471,-0.001974,0.010087,0.005605,0.001164,-0.039981,0.016775,0.010934,0.027052,0.032337,-0.005909,0.429194,0.506297,0.747967,-0.515629,0.817257,-0.257325,-0.741565,-0.275231,0.611823,-0.00097,0.004953,0.002759,0.002547,0.003279,0.033031,-0.169783,0.082019,0.034419,-0.049056,0.303864,-0.87969,-0.365801,0.894506,0.395582,-0.208261,0.32791,-0.263928,0.907091,-0.004107,-0.013699,-0.008888,0.065249,0.780073,-0.281844,-1.087534
2307,0.087823,-0.010505,0.407186,-0.398903,0.854467,-0.332877,-0.855745,-0.477254,-0.199751,-0.329059,0.20411,0.922001,-0.02012,-0.027741,-0.001926,0.117882,1.009969,-0.617521,-1.909224,-0.105549,-0.004278,0.423869,-0.464033,-0.532962,0.707542,0.555153,-0.797405,-0.236399,0.690745,0.283778,0.664985,-0.001265,0.006465,0.003582,0.001055,-0.013601,0.025784,0.013914,0.027028,0.032547,-0.005897,0.432894,0.505536,0.746348,-0.514268,0.818492,-0.25612,-0.740358,-0.27295,0.614301,-0.000596,0.00304,0.001686,0.001589,0.007988,0.033821,-0.169947,0.081689,0.033999,-0.049287,0.302874,-0.895369,-0.326464,0.901408,0.380347,-0.206876,0.309401,-0.23162,0.922291,-0.009446,-0.008142,-0.005326,0.209457,1.052014,-0.339667,-1.083289
2308,0.087168,-0.011357,0.406944,-0.405762,0.865622,-0.293432,-0.858233,-0.471196,-0.203426,-0.313856,0.16821,0.934466,-0.019385,-0.025069,-0.000265,0.229053,1.154096,-0.322212,-1.908991,-0.105561,-0.003941,0.423855,-0.467496,-0.532628,0.705511,0.553965,-0.798475,-0.235573,0.689366,0.281379,0.667431,-0.00225,0.013354,-0.007985,0.035338,-0.003479,0.022091,0.01594,0.027023,0.03271,-0.005901,0.436437,0.505121,0.744563,-0.513125,0.819501,-0.255184,-0.73907,-0.270682,0.616851,-0.000466,0.002381,0.001318,0.001412,0.005373,0.032803,-0.166354,0.081362,0.033574,-0.049408,0.30892,-0.906387,-0.288149,0.903126,0.37455,-0.209937,0.298211,-0.195381,0.934288,-0.009307,-0.007554,-0.004989,0.279602,1.186212,-0.285545,-1.074308
2309,0.086815,-0.011745,0.406895,-0.399433,0.875153,-0.273141,-0.866235,-0.457768,-0.200142,-0.299701,0.155569,0.941278,-0.018539,-0.022184,0.001608,-0.480807,1.57214,-0.390274,-1.908689,-0.105583,-0.003819,0.423831,-0.46839,-0.531797,0.705545,0.553246,-0.799166,-0.234917,0.689337,0.280986,0.667626,-0.001951,0.011825,-0.008831,0.042375,-0.065723,0.210859,0.015354,0.027012,0.032772,-0.005912,0.437117,0.504285,0.744731,-0.512471,0.820112,-0.254535,-0.739122,-0.270392,0.616917,-0.0003,0.001536,0.000848,-1.7e-05,0.00258,0.000854,-0.165701,0.081185,0.033377,-0.049434,0.301532,-0.914796,-0.268748,0.909469,0.360585,-0.206987,0.286258,-0.182004,0.940707,-0.009101,-0.010568,0.001167,-2.432266,1.774402,-0.807844,-1.075451
2310,0.086097,-0.012413,0.407077,-0.403762,0.883197,-0.238716,-0.870964,-0.450873,-0.195214,-0.279548,0.127991,0.951577,-0.003375,-0.010936,-0.007279,0.234777,0.837556,-0.173211,-1.908431,-0.105624,-0.003679,0.423679,-0.469682,-0.53055,0.705625,0.552035,-0.800247,-0.234084,0.689431,0.280262,0.667833,-0.001087,0.007413,-0.011267,0.042398,-0.0658,0.210832,0.010517,0.02699,0.032846,-0.005986,0.438347,0.502986,0.744887,-0.511284,0.821142,-0.253599,-0.739215,-0.269685,0.617114,-0.000481,0.003402,-0.005799,0.034237,0.008161,-0.004438,-0.16864,0.080821,0.033041,-0.049339,0.305459,-0.923309,-0.232797,0.913612,0.353083,-0.201604,0.268339,-0.151104,0.951399,-0.00829,-0.007819,0.002972,0.287061,1.158718,-0.296911,-1.068593
2311,0.085883,-0.013109,0.407067,-0.408182,0.89025,-0.202205,-0.874279,-0.44489,-0.194113,-0.262268,0.096439,0.960178,-0.004029,-0.013029,-0.00871,0.066459,1.145978,-0.29224,-1.9084,-0.105636,-0.003532,0.423449,-0.471117,-0.52915,0.705719,0.550593,-0.801488,-0.233235,0.689606,0.279359,0.668031,-0.001319,0.008597,-0.01061,0.042425,-0.065946,0.210781,0.002708,0.026986,0.032912,-0.006105,0.439728,0.501542,0.745046,-0.509867,0.822319,-0.252635,-0.739374,-0.268784,0.617317,-0.000642,0.004225,-0.005345,0.035279,-0.001261,0.022822,-0.177458,0.080716,0.032701,-0.049338,0.309213,-0.930368,-0.196982,0.91623,0.346941,-0.200385,0.254773,-0.118519,0.95971,-0.002161,-0.010751,0.001016,-0.566658,1.457723,-0.22612,-1.072185
2312,0.085627,-0.013351,0.406819,-0.400986,0.901669,-0.162013,-0.886347,-0.426489,-0.180186,-0.231074,0.070222,0.970413,-0.001436,-0.004631,-0.003106,0.201443,0.928801,-0.310517,-1.908334,-0.105676,-0.003273,0.423166,-0.4743,-0.526165,0.70582,0.54935,-0.803392,-0.229584,0.688418,0.279522,0.669187,-6.9e-05,0.000351,0.000194,-0.0,-0.0,0.0,0.002439,0.026966,0.03304,-0.006248,0.442928,0.49834,0.7453,-0.508748,0.824196,-0.248747,-0.738234,-0.268992,0.618589,-0.000754,0.00481,-0.00502,0.037396,-0.000477,0.020632,-0.181703,0.080589,0.032562,-0.049468,0.300575,-0.940739,-0.157047,0.926474,0.327094,-0.186156,0.226494,-0.089546,0.969887,-0.000646,-0.00211,-0.001403,-0.754547,0.905388,-0.709472,-1.070715
2313,0.085505,-0.013278,0.40667,-0.396143,0.906414,-0.14673,-0.890795,-0.418069,-0.177974,-0.222176,0.059072,0.973229,-0.000232,0.00675,-0.011889,-0.410861,1.286855,-0.303766,-1.908239,-0.105687,-0.00314,0.423042,-0.475078,-0.525393,0.705871,0.548517,-0.804083,-0.229159,0.688547,0.278985,0.669278,-4.4e-05,0.000226,0.000125,0.0,-0.0,-0.0,0.002449,0.02696,0.033111,-0.006313,0.443672,0.497543,0.745389,-0.507892,0.824863,-0.248283,-0.738376,-0.268421,0.618667,-1.5e-05,0.000105,5.8e-05,0.000251,9.8e-05,-0.000289,-0.18252,0.080522,0.032599,-0.049542,0.295674,-0.944671,-0.142029,0.929735,0.318724,-0.184406,0.219471,-0.077526,0.972533,-0.007037,3.9e-05,9e-06,-2.457006,1.64754,-0.820559,-1.068919
2314,0.085369,-0.013023,0.406287,-0.396,0.909621,-0.125771,-0.895309,-0.412832,-0.167223,-0.203547,0.045248,0.978033,-0.000351,-0.001129,-0.000758,-2.435532,1.493585,-0.431873,-1.908379,-0.105722,-0.002915,0.422798,-0.47876,-0.521971,0.705922,0.547034,-0.806264,-0.225002,0.687179,0.279108,0.670632,-0.0,1e-06,0.0,-0.0,-0.0,0.0,0.000373,0.026942,0.033224,-0.006435,0.447239,0.494005,0.74561,-0.506617,0.826924,-0.243995,-0.737099,-0.268615,0.620105,-0.0007,0.004525,-0.005176,0.03582,-0.001138,0.022311,-0.18399,0.080455,0.032732,-0.049736,0.295375,-0.947971,-0.118756,0.93364,0.312781,-0.174595,0.202656,-0.059304,0.977452,-0.000116,-0.000404,-0.000263,-2.455767,1.424505,-0.450335,-1.073491
2315,0.085553,-0.012768,0.405929,-0.389418,0.915139,-0.104499,-0.902443,-0.401719,-0.155534,-0.183837,0.032594,0.98243,0.013735,0.006301,-0.012132,0.195267,0.635568,-0.146616,-1.908293,-0.105787,-0.00275,0.422616,-0.481699,-0.519186,0.705977,0.544651,-0.808489,-0.222788,0.687021,0.277858,0.671312,-0.000112,0.000572,0.000316,0.00721,-0.0652,0.187747,-0.004535,0.02691,0.033305,-0.006527,0.450078,0.491132,0.7458,-0.504317,0.829032,-0.241595,-0.736948,-0.267383,0.620816,-5.9e-05,0.000318,0.000175,0.007278,-0.065194,0.187708,-0.189052,0.080548,0.032863,-0.049912,0.28874,-0.952293,-0.098824,0.93971,0.301643,-0.161104,0.183228,-0.046349,0.981976,0.0069,0.003218,-0.00602,0.285879,0.789292,-0.11353,-1.074144
2316,0.085663,-0.012627,0.405667,-0.379462,0.921087,-0.087482,-0.910117,-0.388547,-0.143841,-0.166017,0.023887,0.985847,0.013044,0.00408,-0.013623,-2.094148,2.082985,-0.124832,-1.908119,-0.105803,-0.002647,0.422523,-0.483294,-0.517675,0.705996,0.543355,-0.80969,-0.221589,0.68693,0.277175,0.671688,-0.001691,0.010502,-0.009547,0.042555,-0.066615,0.210544,-0.007944,0.026903,0.033351,-0.00657,0.451505,0.48969,0.745886,-0.503161,0.830084,-0.240391,-0.736865,-0.266763,0.62118,-0.000157,0.000819,0.000454,0.001098,-0.009435,0.027188,-0.191664,0.0806,0.032936,-0.050036,0.277973,-0.956906,-0.084022,0.945597,0.287979,-0.151368,0.169042,-0.037375,0.984899,0.000109,0.004061,-0.005474,0.103195,0.30013,-0.272964,-1.074471
2317,0.085798,-0.012197,0.40507,-0.369439,0.927997,-0.048811,-0.919351,-0.372583,-0.126286,-0.134927,-0.002938,0.990865,0.0139,0.014357,-0.023126,0.235717,0.618671,-0.143533,-1.907885,-0.105818,-0.002445,0.422415,-0.487988,-0.513363,0.705916,0.541419,-0.812396,-0.216361,0.685141,0.277271,0.673473,-0.00054,0.002759,0.001523,0.007238,-0.065356,0.187692,-0.015623,0.026895,0.033454,-0.006629,0.456081,0.485212,0.746028,-0.501463,0.832655,-0.234987,-0.735203,-0.266933,0.623074,-0.000324,0.001673,0.000925,0.009459,-0.074383,0.213713,-0.198196,0.080667,0.033146,-0.050332,0.267456,-0.962661,-0.041834,0.953554,0.27067,-0.132179,0.138567,-0.004539,0.990342,0.00027,0.004571,-0.00513,0.105211,0.914733,-0.276273,-1.074145
2318,0.08596,-0.011435,0.404228,-0.363534,0.931581,-0.006693,-0.925943,-0.362048,-0.107343,-0.101977,-0.033988,0.99422,0.001379,0.019444,-0.019744,-0.55374,0.926386,-0.553372,-1.907941,-0.105836,-0.002297,0.422427,-0.492494,-0.509262,0.705758,0.539831,-0.814833,-0.211099,0.683172,0.277675,0.675304,-0.000507,0.002588,0.001428,-0.0,-0.0,0.0,-0.019527,0.026886,0.033531,-0.006621,0.460567,0.48087,0.746083,-0.500078,0.835019,-0.229487,-0.733348,-0.267405,0.625055,-0.000314,0.001605,0.000885,0.00835,-0.064966,0.186569,-0.204891,0.080751,0.033522,-0.050755,0.260795,-0.965393,0.000607,0.95908,0.259018,-0.114342,0.110228,0.030402,0.99344,0.000737,0.009813,-0.009811,-2.239109,1.753858,-0.239212,-1.066633
2319,0.086118,-0.010537,0.40338,-0.345042,0.93818,0.028458,-0.935762,-0.341427,-0.088021,-0.072441,-0.058172,0.995688,0.001696,0.020468,-0.019038,-2.255213,1.667289,0.22521,-1.907351,-0.10583,-0.002183,0.422522,-0.49618,-0.505868,0.705616,0.537422,-0.817261,-0.207837,0.682407,0.276735,0.676462,-0.000726,0.003708,0.002042,0.008287,-0.074843,0.214883,-0.02054,0.026889,0.033585,-0.006575,0.464021,0.477493,0.746112,-0.49789,0.837231,-0.22616,-0.732658,-0.266539,0.626232,-0.000306,0.001558,0.000859,0.007324,-0.065372,0.187661,-0.207504,0.08083,0.033965,-0.051172,0.24315,-0.969383,0.034243,0.966233,0.238954,-0.096404,0.08527,0.056527,0.994752,0.00081,0.010639,-0.009429,0.255297,-0.077845,5.059731,-1.074471
2320,0.086159,-0.010093,0.40299,-0.339025,0.939982,0.039255,-0.938951,-0.335404,-0.076465,-0.058295,-0.063955,0.996262,0.001879,0.021058,-0.018634,-2.340411,1.590616,-0.300248,-1.907443,-0.105829,-0.002135,0.422559,-0.497936,-0.50424,0.705545,0.536257,-0.818419,-0.206285,0.682048,0.276281,0.67701,-0.000499,0.002547,0.001402,0.007236,-0.065366,0.187689,-0.020361,0.026889,0.033614,-0.006554,0.465743,0.475797,0.746123,-0.496783,0.838335,-0.224499,-0.732318,-0.266103,0.626817,-0.000301,0.001533,0.000844,5.8e-05,-1.5e-05,-1e-05,-0.20783,0.08085,0.034186,-0.051367,0.235168,-0.970914,0.044958,0.969291,0.230851,-0.084735,0.071892,0.063504,0.995387,0.001398,0.015671,-0.014043,0.020407,0.156166,-0.328971,-1.072022
2321,0.086299,-0.009377,0.402292,-0.326533,0.943447,0.057691,-0.944329,-0.322957,-0.062555,-0.039986,-0.076083,0.996313,0.014523,0.016515,-0.021618,-0.492895,0.78035,-0.129773,-1.906612,-0.105872,-0.002016,0.422626,-0.500867,-0.501487,0.705432,0.534259,-0.82037,-0.203702,0.681472,0.275496,0.677909,-0.000717,0.00366,0.002013,0.008287,-0.074837,0.214885,-0.021712,0.026868,0.033671,-0.006522,0.468697,0.472851,0.746146,-0.494829,0.840245,-0.221654,-0.731755,-0.265327,0.627801,-0.000353,0.001799,0.000991,0.00835,-0.07487,0.214879,-0.208973,0.080917,0.034553,-0.051716,0.223509,-0.972725,0.062025,0.97318,0.219154,-0.069935,0.054435,0.075993,0.99562,0.000682,0.009618,-0.009914,0.389963,0.602466,-0.052046,-1.063204
2322,0.086426,-0.008944,0.401784,-0.311608,0.946859,0.080021,-0.950053,-0.308827,-0.044689,-0.017221,-0.091131,0.995704,0.000644,0.009572,-0.009947,-0.59669,0.707561,-0.222841,-1.906631,-0.105906,-0.001896,0.422704,-0.503708,-0.498812,0.705305,0.532328,-0.822245,-0.20118,0.680892,0.274756,0.678792,-0.000608,0.003107,0.001706,0.0,0.0,0.0,-0.022849,0.026851,0.033732,-0.006482,0.471458,0.47009,0.746151,-0.49301,0.842015,-0.218977,-0.73121,-0.264621,0.628734,-0.000372,0.001893,0.001039,0.007304,-0.065388,0.187667,-0.210443,0.080985,0.034778,-0.051983,0.208465,-0.97411,0.087467,0.977528,0.20466,-0.050524,0.031315,0.096033,0.994885,0.000334,0.004767,-0.004979,-0.662239,0.730823,-0.218678,-1.064674
2323,0.086365,-0.008741,0.401564,-0.291433,0.950553,0.107524,-0.956595,-0.289483,-0.033128,-8e-06,-0.113697,0.993529,0.000423,0.008853,-0.010427,0.101538,0.294313,1.567003,-1.906652,-0.105933,-0.001758,0.422791,-0.506052,-0.496598,0.705191,0.530728,-0.823786,-0.199094,0.680405,0.274147,0.679526,-0.000503,0.002568,0.001408,0.0,0.0,0.0,-0.022892,0.026837,0.033803,-0.006438,0.473736,0.467806,0.746144,-0.491502,0.843468,-0.216764,-0.730753,-0.264043,0.629508,-0.000296,0.001507,0.000827,0.007288,-0.065367,0.187695,-0.211096,0.080955,0.034876,-0.052089,0.18979,-0.975032,0.115287,0.981684,0.186469,-0.039036,0.016564,0.120584,0.992564,-0.00037,-0.000415,-0.000525,-0.075071,0.533298,5.471213,-1.071858
2324,0.086341,-0.008655,0.401487,-0.287415,0.950465,0.11855,-0.95779,-0.285941,-0.029123,0.006568,-0.123102,0.992386,0.000659,0.009615,-0.009914,-2.248657,1.592715,0.181751,-1.906696,-0.105956,-0.001692,0.422829,-0.506929,-0.495761,0.705149,0.530117,-0.824367,-0.198315,0.680229,0.273914,0.679796,-0.000555,0.002835,0.001554,0.007237,-0.065356,0.187692,-0.022886,0.026826,0.033834,-0.00642,0.474483,0.467048,0.746144,-0.490996,0.843949,-0.216038,-0.730608,-0.263848,0.629759,-0.000377,0.00192,0.001052,0.001087,-0.009465,0.027201,-0.211259,0.080943,0.034917,-0.052129,0.184123,-0.974929,0.124945,0.982805,0.180812,-0.037433,0.013903,0.129689,0.991456,0.000347,0.004818,-0.00494,0.058909,0.077857,-0.123167,-1.070062
2325,0.086456,-0.008445,0.401235,-0.267728,0.953993,0.135145,-0.963317,-0.267681,-0.018414,0.018934,-0.136308,0.990499,0.000346,0.008605,-0.010591,0.05763,0.225539,-0.065497,-1.907232,-0.106023,-0.001546,0.422911,-0.508351,-0.494393,0.705086,0.529121,-0.825311,-0.197045,0.679945,0.27354,0.68023,-0.000876,0.004477,0.00245,0.001049,-0.00947,0.027197,-0.022545,0.026792,0.033904,-0.00638,0.475954,0.465547,0.746145,-0.489996,0.844896,-0.214601,-0.730322,-0.263468,0.630248,-0.000346,0.001765,0.000965,0.007277,-0.065369,0.187703,-0.211096,0.081001,0.035025,-0.052253,0.164243,-0.976064,0.142554,0.986419,0.16253,-0.023661,-7.4e-05,0.144504,0.989503,0.000135,0.004121,-0.005408,-0.054512,0.359608,0.067114,-1.073981
2326,0.086524,-0.008154,0.400755,-0.242279,0.959385,0.144663,-0.969809,-0.243683,-0.007777,0.028085,-0.143376,0.989284,0.000231,0.015712,-0.02218,0.075285,-0.021651,0.051142,-1.90619,-0.106139,-0.001402,0.422996,-0.509474,-0.493289,0.705048,0.528324,-0.826064,-0.196024,0.679726,0.273256,0.680564,-0.0008,0.004095,0.002237,0.00105,-0.00947,0.027197,-0.021789,0.026734,0.033977,-0.006338,0.477044,0.464409,0.746158,-0.489243,0.845607,-0.213516,-0.730116,-0.263196,0.6306,-0.000351,0.001797,0.000983,2.5e-05,1.1e-05,8e-06,-0.210279,0.081036,0.03517,-0.052487,0.138346,-0.978601,0.152317,0.990348,0.138,-0.012888,-0.008408,0.15263,0.988247,-6.8e-05,0.00345,-0.005853,0.05453,0.049547,-0.023764,-1.069572
2327,0.086494,-0.007973,0.400484,-0.225128,0.962786,0.149684,-0.973774,-0.22745,-0.00123,0.033134,-0.147236,0.98856,0.000335,0.016049,-0.021949,0.254895,0.016917,1.655362,-1.906169,-0.106218,-0.001346,0.42302,-0.509797,-0.492952,0.705051,0.528069,-0.826297,-0.195733,0.679683,0.273162,0.680645,-0.000637,0.003266,0.001783,0.0,0.0,0.0,-0.020994,0.026694,0.034009,-0.006323,0.47737,0.464046,0.746175,-0.48899,0.845835,-0.213191,-0.730072,-0.263101,0.630691,-0.000321,0.001641,0.000899,0.0,-2.8e-05,1.9e-05,-0.210116,0.08102,0.035259,-0.052624,0.122693,-0.979885,0.157385,0.992355,0.123251,-0.006246,-0.013277,0.156948,0.987517,-0.000255,0.003741,-0.005893,0.637551,0.214112,5.324188,-1.068919
2328,0.086385,-0.00743,0.399781,-0.181971,0.969313,0.165419,-0.981937,-0.187926,0.021326,0.051977,-0.159759,0.9858,-0.01279,0.018953,-0.020039,-2.225972,1.481864,0.404695,-1.904865,-0.106437,-0.001269,0.423066,-0.510372,-0.492324,0.705074,0.527618,-0.826716,-0.195179,0.679602,0.273024,0.68078,-0.012876,-0.000383,0.000723,-0.002045,0.015205,-0.029245,-0.02183,0.02659,0.034048,-0.0063,0.477943,0.463384,0.74622,-0.48855,0.846241,-0.212586,-0.729992,-0.262962,0.630841,-0.006509,0.000169,0.000562,0.005237,-0.050177,0.158439,-0.209953,0.08097,0.035528,-0.052977,0.077861,-0.982042,0.171839,0.996569,0.081511,0.014277,-0.028027,0.170138,0.98502,0.000125,0.007776,-0.011117,0.086041,0.05508,-0.032494,-1.067123
2329,0.086227,-0.006543,0.398721,-0.140035,0.973037,0.183398,-0.987578,-0.150515,0.044793,0.071357,-0.17606,0.981803,-0.012263,0.028076,-0.030238,-0.021741,0.212022,0.331905,-1.90488,-0.106708,-0.001223,0.42311,-0.512166,-0.493395,0.703021,0.527664,-0.826599,-0.195547,0.678216,0.271437,0.682794,-0.012821,-0.000645,0.000579,0.020327,-0.327278,-0.149383,-0.02739,0.026454,0.034071,-0.006279,0.478871,0.463411,0.745608,-0.48836,0.846398,-0.212402,-0.729511,-0.262412,0.631627,-0.006474,-9e-06,0.000463,0.03797,-0.694093,-0.284054,-0.212076,0.08089,0.035968,-0.053504,0.035807,-0.980861,0.191385,0.998201,0.044317,0.040369,-0.048078,0.189596,0.980683,0.000598,0.013107,-0.015722,-0.341507,0.589912,1.62531,-1.064021
2330,0.086059,-0.005923,0.39807,-0.123221,0.972909,0.195728,-0.988762,-0.137114,0.059346,0.084722,-0.187428,0.978632,-0.011004,0.039547,-0.038845,-2.152737,1.636807,0.188294,-1.904422,-0.106819,-0.001203,0.42314,-0.512467,-0.493072,0.703028,0.527456,-0.826805,-0.195235,0.67815,0.271395,0.682876,-0.000422,0.002181,0.001187,0.000387,-0.00589,-0.002066,-0.031302,0.026394,0.034079,-0.006264,0.480295,0.464249,0.744169,-0.488428,0.84628,-0.212715,-0.728529,-0.261307,0.633217,-0.000257,0.00132,0.000723,-0.000449,0.01715,0.00669,-0.215178,0.080805,0.03627,-0.053828,0.019137,-0.979137,0.202294,0.99814,0.03042,0.052815,-0.057867,0.200907,0.977899,-0.005871,0.014722,-0.014625,0.150086,0.097716,0.332468,-1.066307
2331,0.085791,-0.004395,0.396511,-0.092368,0.971097,0.220192,-0.98998,-0.113209,0.084233,0.106833,-0.211416,0.971554,-0.011429,0.038041,-0.039793,0.467118,0.269664,1.260478,-1.90468,-0.10702,-0.001168,0.423185,-0.514565,-0.493871,0.700932,0.527312,-0.826874,-0.195336,0.676673,0.269728,0.684999,-0.000325,0.001687,0.000918,0.007949,-0.074934,0.184329,-0.034307,0.026293,0.034097,-0.006241,0.482469,0.465149,0.742198,-0.488352,0.846272,-0.212919,-0.727141,-0.259728,0.635456,-0.000196,0.001007,0.000551,-0.000353,0.017194,0.006817,-0.220893,0.080672,0.03704,-0.054604,-0.01016,-0.973514,0.228398,0.996728,0.008457,0.08038,-0.080183,0.228468,0.970243,0.001042,0.022829,-0.025661,1.336531,0.592808,5.092829,-1.066796
2332,0.085498,-0.002943,0.394732,-0.068743,0.966825,0.246106,-0.989351,-0.097714,0.107736,0.128289,-0.237284,0.962946,-0.012928,0.033136,-0.043044,-2.122623,1.683178,0.048341,-1.904021,-0.107247,-0.001146,0.423202,-0.517723,-0.496485,0.696748,0.527713,-0.826333,-0.196538,0.673948,0.266566,0.688912,-0.000132,0.000685,0.000372,0.010745,-0.115943,0.169941,-0.034481,0.026179,0.03411,-0.006232,0.48607,0.467845,0.738144,-0.488723,0.845732,-0.21421,-0.724489,-0.256627,0.639732,-0.00632,-0.000768,5e-05,0.00022,0.00055,-0.033079,-0.222526,0.080528,0.037773,-0.055489,-0.034202,-0.966932,0.252727,0.994794,-0.00865,0.101531,-0.095987,0.254884,0.962195,-0.006474,0.016371,-0.021632,0.139116,0.105097,-0.356476,-1.063204
2333,0.085109,-0.001964,0.393297,-0.061462,0.964714,0.256116,-0.98789,-0.095349,0.122289,0.142464,-0.246701,0.958577,-0.000646,0.020238,-0.03533,-0.00478,-0.074233,-0.206463,-1.904543,-0.107462,-0.001138,0.423222,-0.525624,-0.500305,0.688045,0.528962,-0.825639,-0.196094,0.666818,0.261518,0.697729,-0.012777,-0.000808,0.000488,0.034911,-0.519855,-0.216983,-0.035042,0.026077,0.034112,-0.006223,0.493516,0.470187,0.731686,-0.489652,0.845487,-0.213051,-0.718806,-0.253128,0.64749,-0.000172,0.000891,0.000488,0.041669,-0.575563,-0.201336,-0.223016,0.080327,0.038262,-0.056213,-0.041886,-0.963587,0.26409,0.99288,-0.010646,0.118632,-0.111501,0.267179,0.957173,-0.006854,0.011462,-0.016777,-0.009365,-0.065784,-0.256666,-1.06451
2334,0.084977,-0.001663,0.392715,-0.041911,0.96435,0.261376,-0.98708,-0.080384,0.138502,0.15462,-0.253396,0.954939,-0.001884,0.008876,-0.026694,-1.905619,1.702239,1.700742,-1.904666,-0.107559,-0.001139,0.423228,-0.529312,-0.502348,0.683715,0.528981,-0.825459,-0.196802,0.663882,0.258145,0.701773,-0.012575,-0.001859,-8.3e-05,0.0354,-0.515167,-0.215368,-0.035922,0.026028,0.034114,-0.006219,0.497617,0.472276,0.727551,-0.489646,0.845299,-0.213811,-0.715977,-0.249847,0.651883,-3.5e-05,0.00018,0.000101,0.048314,-0.619934,-0.005403,-0.223179,0.080262,0.038418,-0.056505,-0.059157,-0.961644,0.267843,0.990881,-0.02403,0.132576,-0.121055,0.273244,0.954296,-0.001316,0.004091,-0.013733,1.258044,0.639947,4.979931,-1.069899
2335,0.084622,-0.001499,0.391732,-0.00785,0.963167,0.268874,-0.985095,-0.053578,0.163366,0.171758,-0.264784,0.948902,-0.017448,-0.003462,-0.018867,-0.288255,0.084019,-0.152872,-1.904213,-0.107731,-0.001154,0.423233,-0.535965,-0.50424,0.677109,0.528146,-0.825976,-0.196877,0.659197,0.252738,0.708129,-0.012508,-0.002207,-0.000273,0.005885,-0.091049,-0.066549,-0.0363,0.025942,0.034106,-0.006217,0.505991,0.475334,0.719743,-0.489081,0.845446,-0.214519,-0.710472,-0.243468,0.660265,5e-06,-2.4e-05,-9e-06,0.013846,-0.132231,0.165729,-0.223833,0.080091,0.038508,-0.056997,-0.094799,-0.956206,0.276915,0.985807,-0.051456,0.159799,-0.138552,0.288134,0.947512,-0.008706,-0.001802,-0.009463,-0.735968,0.483578,0.268974,-1.066306
2336,0.083768,-0.00176,0.391081,0.015314,0.96041,0.278251,-0.982701,-0.036837,0.181422,0.184464,-0.277412,0.94289,-0.017902,-0.00469,-0.019791,-0.05852,-0.055492,-0.088602,-1.904369,-0.107877,-0.001203,0.423229,-0.54328,-0.505392,0.670386,0.526775,-0.826971,-0.19637,0.654291,0.247105,0.714636,-0.012474,-0.002391,-0.000373,0.015374,-0.203329,-0.106006,-0.037436,0.02587,0.03408,-0.006219,0.51312,0.475935,0.714278,-0.487661,0.846475,-0.213697,-0.706325,-0.238673,0.666438,2.3e-05,-0.000122,-6.4e-05,0.035084,-0.432166,0.057242,-0.224812,0.079676,0.038379,-0.057323,-0.117277,-0.950912,0.286378,0.981687,-0.067414,0.178173,-0.150121,0.302029,0.941404,-0.008864,-0.002182,-0.009757,-0.227974,0.172361,-0.136831,-1.070389
2337,0.083253,-0.001931,0.390837,0.035582,0.958583,0.282661,-0.981062,-0.020306,0.192551,0.190265,-0.285354,0.939361,-0.031382,-0.002781,-0.018637,-0.229813,-0.164673,-0.176588,-1.903859,-0.107932,-0.001221,0.423224,-0.546363,-0.505112,0.668087,0.525804,-0.827758,-0.195657,0.652505,0.245029,0.716981,3.6e-05,-0.000187,-0.000102,0.046689,-0.542502,0.020036,-0.037889,0.025838,0.03407,-0.006222,0.515398,0.474674,0.713477,-0.486495,0.847474,-0.212389,-0.705469,-0.237638,0.667713,1.9e-05,-0.000111,-6e-05,0.051864,-0.599977,0.000229,-0.225302,0.079411,0.038288,-0.057448,-0.137593,-0.946627,0.291487,0.978378,-0.084015,0.188987,-0.154411,0.311188,0.937719,-0.009527,-0.007902,-0.0055,-0.471997,-0.151166,-0.116458,-1.070879
2338,0.082093,-0.002675,0.390225,0.066382,0.95436,0.291264,-0.977363,0.003497,0.211474,0.200715,-0.299897,0.932632,-0.035647,-0.022895,-0.016295,-0.289931,0.109688,-0.155038,-1.903757,-0.108027,-0.00123,0.423226,-0.549891,-0.501585,0.66785,0.523094,-0.830181,-0.192627,0.651722,0.244067,0.718021,-4e-06,2.2e-05,1.2e-05,0.007391,-0.065432,0.18766,-0.038203,0.02579,0.034066,-0.006221,0.52008,0.472086,0.711793,-0.484104,0.849508,-0.209707,-0.703675,-0.235517,0.670352,-3e-06,9e-06,7e-06,0.007041,-0.060931,0.189201,-0.225792,0.078836,0.037933,-0.057748,-0.167304,-0.939344,0.299401,0.972212,-0.106752,0.208342,-0.163743,0.325938,0.931102,-0.017958,-0.011967,-0.00848,-0.810256,0.509749,-0.100077,-1.077084
2339,0.080776,-0.003718,0.389619,0.081526,0.953583,0.289965,-0.975141,0.016245,0.220927,0.205853,-0.301955,0.930846,-0.035995,-0.023266,-0.016807,-0.424828,-0.433163,-0.339477,-1.904255,-0.108061,-0.001258,0.423237,-0.552732,-0.498747,0.66763,0.520938,-0.832105,-0.190158,0.651049,0.243326,0.718882,9.5e-05,-0.000502,-0.000273,0.007383,-0.06532,0.187699,-0.040998,0.025773,0.034053,-0.006215,0.522716,0.469254,0.711736,-0.482132,0.851255,-0.207152,-0.703076,-0.234869,0.671207,6.2e-05,-0.00033,-0.000177,-5.1e-05,0.000111,-5.6e-05,-0.227425,0.078175,0.037403,-0.058058,-0.183392,-0.936163,0.29994,0.968787,-0.120348,0.216718,-0.166786,0.330323,0.929014,-0.018063,-0.011923,-0.008581,-0.037811,0.01594,-0.173682,-1.083452
2340,0.079666,-0.004648,0.388774,0.112977,0.950407,0.289842,-0.969996,0.04237,0.239341,0.215044,-0.309369,0.926322,-0.02301,-0.01899,-0.030493,-0.017343,-0.191916,1.187839,-1.903773,-0.108033,-0.001253,0.423237,-0.554576,-0.496909,0.667472,0.519512,-0.833353,-0.188588,0.650623,0.24281,0.719442,-6.6e-05,0.000346,0.000188,0.0,-0.0,-0.0,-0.046248,0.025787,0.034053,-0.006216,0.524609,0.467256,0.711658,-0.480699,0.852496,-0.205373,-0.702647,-0.234353,0.671836,-4.5e-05,0.000238,0.00013,-3.1e-05,2.1e-05,-4.2e-05,-0.231344,0.077615,0.036936,-0.058475,-0.213025,-0.929901,0.299837,0.961123,-0.144263,0.235435,-0.175676,0.338333,0.924482,-0.011995,-0.010314,-0.015842,1.479497,1.186402,4.887755,-1.088514
