frame,MLTx,MLTy,MLTz,MLTR1,MLTR2,MLTR3,MLTR4,MLTR5,MLTR6,MLTR7,MLTR8,MLTR9,MLTTVx,MLTTVy,MLTTVz,MLTRVx,MLTRVy,MLTRVz,MLGA,MRTx,MRTy,MRTz,MRTR1,MRTR2,MRTR3,MRTR4,MRTR5,MRTR6,MRTR7,MRTR8,MRTR9,MRTTVx,MRTTVy,MRTTVz,MRTRVx,MRTRVy,MRTRVz,MRGA,SLTx,SLTy,SLTz,SLTR1,SLTR2,SLTR3,SLTR4,SLTR5,SLTR6,SLTR7,SLTR8,SLTR9,SLTTVx,SLTTVy,SLTTVz,SLTRVx,SLTRVy,SLTRVz,SLGA,SRTx,SRTy,SRTz,SRTR1,SRTR2,SRTR3,SRTR4,SRTR5,SRTR6,SRTR7,SRTR8,SRTR9,SRTTVx,SRTTVy,SRTTVz,SRTRVx,SRTRVy,SRTRVz,SRGA
146,0.107912,0.034837,0.397633,0.020124,-0.28916,-0.957093,-0.236547,-0.931465,0.276389,-0.97145,0.221189,-0.085952,-0.001063,-0.004315,-0.002206,-0.007652,-0.0116,-0.037514,0.523233,-0.151801,0.03957,0.346142,-0.883548,-0.000166,0.468332,0.457278,0.214557,0.863016,-0.099514,0.976639,-0.190098,0.012548,0.000206,-0.000905,0.002045,-0.015205,0.029245,-1.401669,0.043909,0.040875,-0.003694,0.893812,-0.155138,0.420751,-0.440246,-0.125015,0.88913,-0.085338,-0.97995,-0.180039,4.1e-05,-0.00056,-0.000381,-3.3e-05,-8e-05,2.1e-05,-0.957007,0.069747,0.041818,-0.041126,-0.039527,-0.237661,-0.970543,-0.140711,-0.960299,0.240883,-0.989261,0.146087,0.004516,-0.006023,0.004533,-0.004735,0.035815,0.010602,-0.007193,0.520878
147,0.107579,0.034941,0.39737,0.025873,-0.293204,-0.955724,-0.231785,-0.93173,0.279513,-0.972468,0.214649,-0.090876,-0.012552,0.007071,-0.010502,-0.032154,-0.222679,-0.151085,0.523097,-0.15159,0.03952,0.346114,-0.882223,0.003124,0.470811,0.459827,0.219444,0.860429,-0.099516,0.975543,-0.195641,0.0126,-0.000469,-0.001362,0.001809,-0.014946,0.029427,-1.401686,0.044015,0.040854,-0.003706,0.892055,-0.158184,0.423337,-0.443771,-0.129461,0.886739,-0.085462,-0.978886,-0.185684,8.4e-05,-0.001155,-0.000784,0.008991,-0.004345,0.00056,-0.959783,0.069585,0.041865,-0.041255,-0.034203,-0.240752,-0.969983,-0.135488,-0.960474,0.243169,-0.990188,0.139738,0.000231,-0.000216,0.002789,-0.005807,-0.061409,-0.366056,-0.151763,0.520878
148,0.107402,0.034986,0.397246,0.025632,-0.2936,-0.955609,-0.23146,-0.93167,0.279981,-0.972552,0.214368,-0.090646,-0.000346,0.005962,-0.011437,0.034001,-0.01997,0.014957,0.522376,-0.151512,0.039483,0.346082,-0.881839,0.005851,0.471504,0.460701,0.222738,0.859113,-0.098884,0.97478,-0.199721,0.000157,-0.002176,-0.001471,-0.049642,0.055305,0.039698,-1.401702,0.044058,0.040835,-0.003722,0.89129,-0.160791,0.423966,-0.44518,-0.132739,0.885547,-0.086111,-0.978021,-0.18989,8.4e-05,-0.001131,-0.000768,-0.029559,0.044811,0.032583,-0.960436,0.069491,0.041887,-0.041322,-0.033792,-0.24161,-0.969784,-0.135303,-0.960299,0.243961,-0.990227,0.139458,-0.000241,-0.000178,0.002944,-0.005731,0.038978,0.001223,0.025009,0.520715
149,0.107026,0.035091,0.397017,0.027341,-0.296137,-0.954778,-0.231578,-0.931008,0.282077,-0.972479,0.213756,-0.092844,-0.000775,-0.003107,-0.001596,-0.014941,-0.053132,-0.025613,0.522739,-0.151258,0.039368,0.345972,-0.881537,0.006585,0.472059,0.461383,0.222775,0.858737,-0.098397,0.974766,-0.20003,0.000308,-0.004213,-0.002851,-1.1e-05,1.2e-05,8e-06,-1.401094,0.044185,0.040781,-0.003775,0.890852,-0.161417,0.424648,-0.445949,-0.1324,0.885211,-0.086665,-0.977964,-0.189932,0.006434,-0.001985,-0.001871,0.00135,-0.000799,0.004193,-0.961253,0.069303,0.041938,-0.041437,-0.031763,-0.244085,-0.969233,-0.135315,-0.959744,0.24613,-0.990293,0.13897,-0.002544,-0.006053,0.004425,-0.004789,0.022242,-0.040004,-0.031462,0.520715
150,0.106656,0.035212,0.396884,0.030723,-0.298536,-0.953928,-0.226394,-0.931634,0.284212,-0.973602,0.207597,-0.095021,-0.000292,-0.001165,-0.000599,-0.024435,-0.086483,-0.041742,0.522818,-0.150887,0.039195,0.345836,-0.881679,0.006404,0.471797,0.461091,0.222786,0.858892,-0.098498,0.974765,-0.199985,0.012898,-0.004239,-0.003928,8.2e-05,0.000376,0.005084,-1.401768,0.044371,0.040692,-0.003844,0.891008,-0.161248,0.424385,-0.445661,-0.132452,0.885348,-0.08655,-0.977985,-0.189878,0.006451,-0.002134,-0.001981,1.4e-05,0.000156,0.005111,-0.961906,0.069117,0.041996,-0.041505,-0.028199,-0.246207,-0.968806,-0.129913,-0.960069,0.247768,-0.991124,0.132847,-0.004913,-0.000114,-0.000475,-0.000236,-0.020778,-0.070365,-0.034559,0.520715
151,0.10647,0.035245,0.396853,0.032184,-0.298753,-0.953812,-0.220779,-0.932838,0.284678,-0.974846,0.201785,-0.094792,-0.000616,-0.002451,-0.00126,-0.001243,0.01147,-0.026448,0.523014,-0.150653,0.039105,0.345768,-0.880732,0.006998,0.473552,0.462759,0.224349,0.857586,-0.09913,0.974401,-0.201438,0.012912,-0.004316,-0.003985,-0.003585,0.001093,-0.000491,-1.401183,0.044478,0.04065,-0.003876,0.890036,-0.161676,0.426257,-0.447715,-0.133721,0.88412,-0.085941,-0.977741,-0.191401,0.006462,-0.002208,-0.002033,-0.040758,0.008217,-0.056757,-0.962396,0.069026,0.042018,-0.041518,-0.02679,-0.246244,-0.968837,-0.124181,-0.960857,0.24765,-0.991897,0.126945,-0.004837,-0.006083,0.000644,0.00052,0.001619,0.026826,-0.02437,0.520715
152,0.106138,0.035266,0.396797,0.039736,-0.302335,-0.952397,-0.211121,-0.934152,0.287679,-0.976714,0.19001,-0.099762,-0.012615,-0.000458,0.000125,-0.004114,0.003704,-0.034871,0.519653,-0.150244,0.038944,0.345636,-0.877426,0.009653,0.479606,0.468702,0.229042,0.853107,-0.100509,0.973283,-0.206108,0.011624,0.008026,-0.011145,0.038538,-0.024594,0.047957,-1.401145,0.044688,0.040561,-0.003942,0.886636,-0.163675,0.432534,-0.454657,-0.137341,0.880013,-0.084631,-0.976907,-0.196187,0.006455,-0.002017,-0.001907,0.004403,-0.000428,0.011756,-0.962559,0.068864,0.042028,-0.041546,-0.018676,-0.249406,-0.968218,-0.114273,-0.961509,0.249882,-0.993273,0.115308,-0.010543,-0.006385,-0.000552,-9.4e-05,0.004218,0.039137,-0.018689,0.519082
153,0.105787,0.035305,0.396642,0.049759,-0.307343,-0.950321,-0.202003,-0.934913,0.291728,-0.978195,0.177827,-0.10742,-0.012999,-0.001944,-0.000644,-0.020062,-0.03635,-0.086241,0.517865,-0.149848,0.038835,0.345528,-0.876226,0.005737,0.481857,0.469613,0.233408,0.851421,-0.10648,0.972281,-0.207832,0.012728,-0.0016,-0.002152,0.002045,-0.015205,0.029245,-1.401027,0.044886,0.040508,-0.004,0.886312,-0.159558,0.434732,-0.456356,-0.141454,0.878481,-0.078674,-0.977001,-0.198188,0.000129,-0.0016,-0.001098,0.0017,-0.000414,0.001427,-0.963539,0.068689,0.042047,-0.041619,-0.008129,-0.253705,-0.967247,-0.104832,-0.961733,0.253139,-0.994456,0.103456,-0.018779,-0.006448,-0.000786,-0.000216,-0.018152,-0.038927,-0.056343,0.515489
154,0.105494,0.035404,0.396418,0.060292,-0.311719,-0.948284,-0.192655,-0.935764,0.295299,-0.9795,0.165269,-0.115291,-0.013126,-0.002418,-0.000892,-0.001666,-0.02042,-0.07511,0.512854,-0.149543,0.038812,0.345487,-0.874991,0.006965,0.48408,0.471852,0.234995,0.849745,-0.106735,0.971889,-0.209527,0.012536,0.000925,-0.000434,-0.015228,0.093033,-0.143075,-1.40123,0.045038,0.040494,-0.004023,0.88505,-0.160445,0.43697,-0.458849,-0.142645,0.876988,-0.078377,-0.976683,-0.199868,0.006265,0.000538,-0.000172,-0.038684,-0.007131,-0.032553,-0.962723,0.068543,0.042097,-0.04173,0.003027,-0.257428,-0.966292,-0.095276,-0.961975,0.25598,-0.995446,0.091289,-0.027439,-0.006541,-0.00114,-0.000399,0.138717,-0.031758,-0.013279,0.512223
155,0.105403,0.035434,0.396251,0.064635,-0.312832,-0.947631,-0.187468,-0.936497,0.296314,-0.980235,0.158882,-0.117995,-0.001027,0.003287,-0.012821,0.024527,-0.037322,-0.025486,0.508949,-0.149421,0.038823,0.345484,-0.87393,0.00775,0.48598,0.473689,0.236541,0.848293,-0.107278,0.971507,-0.211015,0.0,-4e-06,-3e-06,-0.001101,0.000215,-0.001672,-1.401299,0.045104,0.040502,-0.004023,0.883911,-0.161106,0.439027,-0.461118,-0.143847,0.875601,-0.077912,-0.976397,-0.201437,0.006253,0.000669,-8.3e-05,0.00282,-0.015126,0.030364,-0.963376,0.068494,0.042116,-0.041812,0.007349,-0.258161,-0.966073,-0.089901,-0.962358,0.256484,-0.995923,0.084966,-0.030281,-0.000839,-0.003313,-0.001703,-0.001272,0.019457,-0.024136,0.507651
156,0.105264,0.035454,0.395796,0.075471,-0.316828,-0.9455,-0.177725,-0.937276,0.299831,-0.981289,0.145799,-0.125867,-0.001535,0.001302,-0.013856,-0.118913,-0.539903,-0.270007,0.499158,-0.149308,0.038828,0.345466,-0.872683,0.00384,0.488262,0.474578,0.240911,0.846565,-0.113277,0.970461,-0.212688,6.1e-05,-0.00077,-0.000525,-0.0,0.0,-0.0,-1.401021,0.04516,0.040507,-0.00403,0.883538,-0.156996,0.44126,-0.462802,-0.147979,0.874022,-0.071921,-0.976449,-0.203403,4.1e-05,-0.000484,-0.000332,0.000666,5.1e-05,0.000676,-0.963049,0.068424,0.042125,-0.04204,0.016055,-0.259942,-0.96549,-0.079089,-0.962919,0.257935,-0.996737,0.072219,-0.036019,-0.000757,0.000662,-0.006913,0.036171,0.010916,-0.00336,0.496711
157,0.105168,0.035537,0.395284,0.081587,-0.317851,-0.944648,-0.166195,-0.938857,0.301493,-0.982826,0.132787,-0.128246,-0.000944,0.003621,-0.012657,0.029142,-0.036928,0.006656,0.486537,-0.149299,0.038835,0.345481,-0.87255,0.004128,0.488497,0.474861,0.240961,0.846391,-0.113115,0.970447,-0.212838,-2.1e-05,0.000268,0.000182,-0.0,0.0,0.0,-1.40092,0.045165,0.04051,-0.004023,0.883371,-0.157258,0.441501,-0.463094,-0.147972,0.873869,-0.072093,-0.976408,-0.20354,-1.4e-05,0.000178,0.00012,5.9e-05,0.00012,-3e-05,-0.964192,0.068373,0.04216,-0.042304,0.024726,-0.261903,-0.964777,-0.068095,-0.963271,0.25975,-0.997372,0.059274,-0.041652,-0.000461,0.001817,-0.006319,0.037248,-0.001297,0.023271,0.480872
158,0.105109,0.035585,0.395049,0.085848,-0.31903,-0.943873,-0.160875,-0.939358,0.302816,-0.983354,0.12624,-0.130789,-0.001084,0.003075,-0.012944,0.145761,-0.150893,-0.039539,0.479074,-0.149347,0.038838,0.345487,-0.871393,-6.3e-05,0.490576,0.475454,0.245346,0.844797,-0.119316,0.969362,-0.214392,-4e-06,5.2e-05,3.5e-05,-0.0,0.0,-0.0,-1.400964,0.045141,0.040512,-0.00402,0.883085,-0.152911,0.443596,-0.464564,-0.152218,0.872357,-0.065869,-0.976446,-0.205459,-0.006256,-0.000568,0.000145,0.000742,0.014831,-0.026349,-0.963212,0.068345,0.042185,-0.042416,0.028885,-0.262675,-0.964451,-0.06277,-0.963426,0.260516,-0.997609,0.053014,-0.044317,-0.000472,0.001775,-0.006342,0.475187,-0.28409,0.029659,0.472217
159,0.105018,0.035636,0.394553,0.090168,-0.320334,-0.943028,-0.154971,-0.939845,0.304379,-0.98392,0.119089,-0.133211,-0.002182,-0.008516,-0.004452,-0.007581,-0.010606,-0.037288,0.466053,-0.149442,0.038838,0.345473,-0.872254,0.00153,0.489042,0.474107,0.246986,0.845077,-0.118394,0.968942,-0.216788,4e-06,-5.6e-05,-3.8e-05,-0.181562,0.203196,0.146073,-1.400648,0.045093,0.040512,-0.004027,0.883396,-0.153938,0.442622,-0.463895,-0.153376,0.872511,-0.066425,-0.976103,-0.206903,-0.0,-3.5e-05,-2e-05,-0.312706,0.312294,0.247518,-0.963702,0.0683,0.042217,-0.042666,0.033572,-0.263746,-0.964007,-0.056627,-0.963503,0.261636,-0.99783,0.045805,-0.047282,-0.000653,0.001069,-0.006713,0.033692,0.001714,-0.007132,0.454092
160,0.104968,0.035697,0.394071,0.094584,-0.321477,-0.942206,-0.14908,-0.940332,0.305816,-0.984421,0.111933,-0.135692,-0.001073,0.003123,-0.012929,0.03353,-0.005737,-0.01018,0.452376,-0.14948,0.038841,0.345489,-0.871047,-0.002564,0.491185,0.474734,0.251409,0.843419,-0.124552,0.967807,-0.218402,-1e-06,1.3e-05,9e-06,-3.9e-05,4.3e-05,3.1e-05,-1.400863,0.045074,0.040514,-0.004019,0.883236,-0.150408,0.444151,-0.464983,-0.158327,0.871047,-0.060691,-0.975863,-0.209777,3e-06,-4e-06,-4e-06,0.003745,-0.001851,-0.000502,-0.961579,0.068274,0.04224,-0.042905,0.037928,-0.264493,-0.963641,-0.050606,-0.963606,0.262491,-0.997997,0.03881,-0.049933,-0.000462,0.001819,-0.006325,0.037761,-0.002671,0.022809,0.436457
161,0.104951,0.035769,0.393682,0.099958,-0.318138,-0.942784,-0.137435,-0.942843,0.30353,-0.985591,0.099621,-0.136794,-0.000632,0.004846,-0.012027,0.034028,-0.00399,-0.009303,0.432479,-0.149489,0.038834,0.345474,-0.871029,-0.002526,0.491216,0.474775,0.251387,0.843402,-0.124517,0.967813,-0.218397,3e-06,-4.1e-05,-2.8e-05,-0.0,0.0,0.0,-1.4009,0.04507,0.04051,-0.004027,0.883212,-0.150429,0.444191,-0.465023,-0.158262,0.871037,-0.06073,-0.975871,-0.209732,2e-06,-1.6e-05,-1e-05,0.00011,4.7e-05,-2.7e-05,-0.957334,0.068266,0.042273,-0.043096,0.042838,-0.2606,-0.964495,-0.039026,-0.965081,0.259025,-0.998318,0.026544,-0.051513,-0.000282,0.002529,-0.005952,0.034533,-0.000672,-0.01508,0.416372
162,0.104976,0.035818,0.393511,0.102017,-0.317462,-0.942791,-0.13138,-0.943715,0.303501,-0.986208,0.09329,-0.136808,-0.000168,0.006653,-0.011076,0.034863,-0.016937,0.016414,0.415529,-0.149499,0.03884,0.345479,-0.871077,-0.002634,0.491131,0.47467,0.251377,0.843464,-0.124582,0.967815,-0.218348,-5.9e-05,0.000757,0.000516,-0.0,0.0,0.0,-1.400652,0.045065,0.040511,-0.004025,0.883273,-0.150332,0.444102,-0.464916,-0.158269,0.871093,-0.060665,-0.975884,-0.209687,-3.9e-05,0.000515,0.000352,6e-05,5.4e-05,-1.4e-05,-0.957824,0.068278,0.042299,-0.043187,0.044811,-0.259814,-0.964617,-0.03291,-0.965447,0.258509,-0.998452,0.020161,-0.051813,-0.000236,0.002708,-0.00586,0.033623,-0.003036,-0.010428,0.400206
163,0.10504,0.035884,0.393247,0.109769,-0.315178,-0.942687,-0.120813,-0.945598,0.302027,-0.986737,0.081122,-0.1407,-0.000749,-0.002923,-0.00154,-0.017516,-0.049521,-0.056303,0.385532,-0.1495,0.038854,0.3455,-0.871092,-0.002672,0.491103,0.474633,0.251399,0.843479,-0.124618,0.967809,-0.218354,-2.9e-05,0.000368,0.000251,-0.0,0.0,0.0,-1.400415,0.045064,0.04052,-0.004014,0.883294,-0.1503,0.444073,-0.464882,-0.158296,0.871106,-0.060632,-0.975885,-0.209694,-1.7e-05,0.000221,0.000151,1.9e-05,5.8e-05,6e-06,-0.958314,0.06831,0.042334,-0.043322,0.052632,-0.257041,-0.964965,-0.022424,-0.966365,0.256191,-0.998361,0.008154,-0.056625,-0.00033,-0.001307,-0.000685,-0.012307,-0.024259,-0.046084,0.356444
164,0.105032,0.035869,0.393207,0.109751,-0.315233,-0.942671,-0.120745,-0.945585,0.302094,-0.986747,0.081054,-0.140668,-3.5e-05,-0.000135,-7.1e-05,-4e-06,-1.3e-05,-7e-06,0.375388,-0.149491,0.038869,0.345509,-0.871084,-0.007878,0.491062,0.473085,0.2542,0.843508,-0.130374,0.967055,-0.218333,-1.9e-05,0.000244,0.000166,-0.0,-0.0,0.0,-1.400639,0.045068,0.040528,-0.004009,0.884214,-0.145161,0.44395,-0.463852,-0.161345,0.871096,-0.05482,-0.976163,-0.209998,-8e-06,0.000137,9.3e-05,0.000907,-0.00025,-0.00035,-0.958477,0.068305,0.042325,-0.043343,0.05235,-0.256991,-0.964994,-0.022317,-0.966379,0.256149,-0.998379,0.008126,-0.056325,1.3e-05,4.1e-05,2.4e-05,-9.3e-05,0.001735,0.000729,0.329991
165,0.10503,0.035846,0.393228,0.111493,-0.314731,-0.942634,-0.115245,-0.946224,0.302242,-0.987212,0.075321,-0.140593,-0.0,-2e-06,-1e-06,5.209492,-1.67035,0.776993,0.374192,-0.149512,0.038883,0.345509,-0.871079,-0.007871,0.491071,0.473099,0.254175,0.843508,-0.130358,0.967062,-0.218313,-2.3e-05,0.000289,0.000197,-0.0,0.0,0.0,-1.400594,0.045058,0.040535,-0.004009,0.884207,-0.145168,0.443962,-0.463863,-0.16131,0.871096,-0.05484,-0.976168,-0.209969,-1.3e-05,0.000169,0.000115,0.0002,0.00012,-9.3e-05,-0.95864,0.068305,0.042315,-0.043332,0.052226,-0.257149,-0.964958,-0.022414,-0.966336,0.256303,-0.998383,0.008243,-0.056231,1.9e-05,7.1e-05,4e-05,-0.000344,0.00029,8.9e-05,0.324603
166,0.105032,0.035798,0.393235,0.114582,-0.311821,-0.943231,-0.110185,-0.947596,0.299822,-0.98744,0.069957,-0.14176,-0.000319,-0.001245,-0.000657,-0.018882,-0.027598,0.066719,0.360953,-0.149551,0.038909,0.345529,-0.871058,-0.013136,0.490996,0.471491,0.256961,0.843564,-0.136149,0.966275,-0.218264,-7.9e-05,0.001016,0.000692,-0.0,-0.0,0.0,-1.400131,0.045039,0.040546,-0.004,0.885121,-0.139974,0.443809,-0.462773,-0.164342,0.871109,-0.048996,-0.976421,-0.210239,-5e-05,0.000648,0.000441,0.000252,0.000219,-8e-05,-0.958967,0.068307,0.042295,-0.043327,0.056853,-0.253123,-0.965761,-0.011861,-0.967429,0.252862,-0.998311,-0.002921,-0.058004,-0.000171,-0.00067,-0.00035,-0.01938,-0.027171,0.06627,0.312193
167,0.105035,0.035726,0.393218,0.115953,-0.309371,-0.94387,-0.110667,-0.948367,0.297193,-0.987228,0.070373,-0.143027,-0.000417,-0.001627,-0.000858,-0.0,-0.0,0.0,0.347693,-0.14958,0.038913,0.345535,-0.871086,-0.013212,0.490943,0.471425,0.256953,0.843604,-0.136196,0.966276,-0.21823,-0.0,4e-06,3e-06,-0.0,0.0,0.0,-1.400063,0.045024,0.04055,-0.003996,0.885158,-0.139914,0.443754,-0.462706,-0.16434,0.871145,-0.048958,-0.97643,-0.210206,2e-06,-2.1e-05,-1.3e-05,0.00012,0.000181,-1.1e-05,-0.963049,0.068308,0.042259,-0.043335,0.057954,-0.250574,-0.96636,-0.012521,-0.968094,0.250272,-0.99824,-0.002404,-0.059243,-0.000235,-0.000916,-0.000481,-0.000759,0.014069,-0.028092,0.294394
168,0.105058,0.035626,0.393175,0.118707,-0.304483,-0.945116,-0.111547,-0.949891,0.291954,-0.986805,0.07114,-0.145545,-0.000822,-0.003207,-0.001693,-0.0,-0.0,0.0,0.321883,-0.149571,0.038921,0.34554,-0.871102,-0.013245,0.490914,0.47139,0.25695,0.843624,-0.136215,0.966276,-0.218216,-3.6e-05,0.000465,0.000317,-0.0,0.0,0.0,-1.399925,0.045029,0.040553,-0.003994,0.885176,-0.139892,0.443724,-0.462671,-0.164339,0.871164,-0.048947,-0.976433,-0.210193,-2.5e-05,0.000298,0.000203,8.6e-05,0.000106,-1e-06,-0.963376,0.06832,0.042212,-0.043355,0.060218,-0.245402,-0.967548,-0.013741,-0.96942,0.245021,-0.99809,-0.00146,-0.061749,-0.0005,-0.001942,-0.001025,-0.000222,0.015025,-0.030424,0.268267
169,0.105072,0.035536,0.393126,0.120089,-0.302036,-0.945726,-0.111969,-0.950643,0.289333,-0.986591,0.071515,-0.146802,-0.001241,-0.004845,-0.00256,-0.00083,0.012966,-0.025707,0.304614,-0.149572,0.038936,0.34555,-0.872088,-0.011867,0.489197,0.469796,0.258599,0.84401,-0.135421,0.965853,-0.220574,-7.5e-05,0.000963,0.000656,-0.049505,0.05535,0.039792,-1.400358,0.045028,0.040559,-0.00399,0.885853,-0.14142,0.441886,-0.461293,-0.166402,0.871503,-0.049718,-0.975863,-0.212644,-6e-05,0.000743,0.000506,-0.062424,0.073754,0.050577,-0.963539,0.068328,0.042169,-0.043378,0.061366,-0.242796,-0.968134,-0.014329,-0.970076,0.242375,-0.998012,-0.001001,-0.063009,0.005459,-0.003206,-0.001861,0.001815,-0.012222,0.023817,0.249326
170,0.105068,0.03533,0.393027,0.121468,-0.299583,-0.94633,-0.112411,-0.951388,0.286699,-0.986374,0.071919,-0.14806,-0.001378,-0.005381,-0.002849,-0.000826,0.012972,-0.025722,0.269908,-0.149526,0.038946,0.345564,-0.872092,-0.011861,0.48919,0.469787,0.258625,0.844007,-0.135427,0.965846,-0.2206,-3e-06,3.8e-05,2.6e-05,-1.2e-05,1.4e-05,1e-05,-1.399933,0.045051,0.040567,-0.003981,0.885809,-0.141466,0.441959,-0.461368,-0.166273,0.871488,-0.0498,-0.975879,-0.212554,-1e-06,-8e-06,-7e-06,0.001302,-0.001016,-0.000985,-0.964355,0.068326,0.042064,-0.043429,0.062488,-0.240231,-0.968701,-0.014939,-0.970715,0.239767,-0.997933,-0.000511,-0.064247,-0.000602,-0.00235,-0.001243,0.000533,0.001561,-0.003624,0.205237
171,0.105037,0.035121,0.392938,0.124391,-0.296711,-0.946855,-0.107289,-0.952673,0.284384,-0.986583,0.066575,-0.149158,-0.001518,-0.005925,-0.003143,0.002989,0.011824,-0.025122,0.222774,-0.149528,0.03897,0.345557,-0.87303,-0.010381,0.487547,0.468298,0.260235,0.844339,-0.134541,0.965428,-0.222957,-0.0,1e-06,1e-06,-0.049508,0.055346,0.039793,-1.399743,0.04505,0.040579,-0.003985,0.886433,-0.143112,0.440175,-0.460073,-0.168307,0.871783,-0.050678,-0.97529,-0.215035,2e-06,-1.4e-05,-1e-05,-0.046769,0.058079,0.038175,-0.964355,0.06831,0.04196,-0.043473,0.065141,-0.237105,-0.969297,-0.009943,-0.971466,0.236968,-0.997826,-0.005799,-0.065639,-0.000688,-0.002689,-0.001424,0.013567,-0.001221,-0.002447,0.150045
172,0.10503,0.035027,0.392877,0.125724,-0.294318,-0.947426,-0.107681,-0.953389,0.281825,-0.986373,0.066947,-0.150376,-0.001249,-0.004874,-0.002588,-0.0,-0.0,0.0,0.192617,-0.149529,0.038978,0.345562,-0.873037,-0.010397,0.487534,0.468283,0.260234,0.844348,-0.13455,0.965429,-0.22295,-0.000114,0.001452,0.000988,0.001248,-0.014772,0.024742,-1.399902,0.04505,0.040578,-0.003985,0.8864,-0.143153,0.440229,-0.460128,-0.168195,0.871775,-0.050753,-0.975304,-0.214957,1e-06,-8e-06,-5e-06,0.008406,-0.005771,-0.006396,-0.961906,0.068306,0.04191,-0.043505,0.066214,-0.234615,-0.96983,-0.010496,-0.972073,0.234441,-0.997749,-0.005345,-0.066828,-0.000734,-0.00287,-0.001522,-0.00039,0.014544,-0.029112,0.113631
173,0.105025,0.034822,0.392766,0.130411,-0.28827,-0.948651,-0.102763,-0.955578,0.276193,-0.986295,0.061819,-0.153059,-0.001083,-0.004227,-0.002249,-0.0,-0.0,0.0,0.128778,-0.149511,0.038987,0.345567,-0.873909,-0.014108,0.485875,0.465215,0.264654,0.84467,-0.139403,0.964184,-0.225344,-1e-06,1.8e-05,1.2e-05,-0.244325,-0.417159,0.114218,-1.399691,0.045059,0.040587,-0.00398,0.887784,-0.140147,0.438403,-0.457913,-0.172912,0.872018,-0.046405,-0.974915,-0.217683,-2.4e-05,1e-05,7e-06,-0.811053,-1.418878,0.370181,-0.962069,0.068303,0.041805,-0.043562,0.070299,-0.228174,-0.971078,-0.005915,-0.973565,0.22833,-0.997507,-0.010307,-0.069791,-0.000621,-0.002424,-0.001288,-0.000756,0.013745,-0.027348,0.031986
174,0.105058,0.034759,0.392677,0.134959,-0.282339,-0.949798,-0.097709,-0.957667,0.270739,-0.986202,0.056609,-0.155649,0.000501,0.009282,-0.009696,0.034822,-0.016985,0.016585,0.04451,-0.149512,0.038999,0.345529,-0.874697,-0.017666,0.48434,0.462286,0.268966,0.844917,-0.144093,0.962936,-0.227718,0.000152,-0.001941,-0.001321,-0.251453,0.281114,0.202162,-1.398285,0.045057,0.040598,-0.003996,0.888673,-0.134807,0.438276,-0.456763,-0.176183,0.871967,-0.040331,-0.975082,-0.218144,-0.00621,-0.00114,-0.000242,-0.348623,0.403953,0.249847,-0.956028,0.068318,0.041767,-0.043605,0.074282,-0.221805,-0.972257,-0.001226,-0.97497,0.22233,-0.997236,-0.015323,-0.072695,-0.000167,-0.000657,-0.000349,0.000547,0.00266,-0.005708,-0.067948
175,0.105085,0.034849,0.392603,0.13635,-0.27057,-0.953019,-0.090921,-0.961339,0.259869,-0.986662,0.051546,-0.154492,2.1e-05,8.1e-05,4.3e-05,0.016665,-0.051158,0.196574,-0.060533,-0.149507,0.039021,0.345414,-0.874429,-0.027994,0.484337,0.459117,0.274145,0.844979,-0.155329,0.961242,-0.227489,6.2e-05,-0.000786,-0.000535,-0.006558,-0.011288,0.003098,-1.242307,0.045061,0.040598,-0.004054,0.890715,-0.126067,0.436728,-0.453581,-0.183502,0.872118,-0.029805,-0.974901,-0.22063,5e-05,-0.000536,-0.000365,-0.068032,-0.130382,0.031187,-0.912592,0.068332,0.041817,-0.043644,0.074072,-0.209776,-0.974939,0.004968,-0.977535,0.210712,-0.99724,-0.020451,-0.071366,2.9e-05,0.000114,6.1e-05,0.007353,0.012417,-0.00184,-0.177679
176,0.105146,0.034917,0.392539,0.133597,-0.264247,-0.955181,-0.089061,-0.9631,0.253926,-0.987205,0.051468,-0.151012,1.8e-05,7e-05,3.7e-05,0.049964,0.175669,0.087068,-0.136356,-0.149476,0.03907,0.345352,-0.87543,-0.026614,0.482604,0.457529,0.275564,0.845379,-0.154381,0.960873,-0.229679,0.012567,0.000455,-0.000754,-0.346053,0.373689,0.309239,-1.077897,0.045072,0.040627,-0.004088,0.890774,-0.12592,0.43665,-0.453465,-0.183252,0.872231,-0.029815,-0.974967,-0.220337,-0.000582,0.005263,-0.00419,0.037391,-0.009619,0.018245,-0.835029,0.068363,0.041848,-0.043672,0.071165,-0.203709,-0.976441,0.006251,-0.978813,0.204659,-0.997444,-0.020669,-0.068383,0.006028,-0.001049,-0.00072,0.082779,0.171657,0.337255,-0.228952
177,0.10528,0.034971,0.392465,0.130782,-0.252376,-0.958774,-0.086381,-0.96628,0.242514,-0.987816,0.051411,-0.146978,0.012792,0.008137,-0.010623,0.084389,0.031832,0.300037,-0.261079,-0.149421,0.039149,0.345131,-0.876263,-0.024771,0.481188,0.456413,0.276656,0.845626,-0.152964,0.960606,-0.231735,-0.000873,0.006667,-0.011011,-0.034036,0.082901,0.04985,-0.747555,0.045103,0.04067,-0.004191,0.891811,-0.129481,0.433481,-0.451264,-0.186545,0.872675,-0.032131,-0.973876,-0.224793,0.000162,-0.002026,-0.001383,-0.078276,0.089983,0.063285,-0.651327,0.068426,0.041877,-0.043708,0.06672,-0.1919,-0.979143,0.008283,-0.981189,0.192866,-0.997736,-0.020978,-0.063876,0.0,7e-06,1e-06,0.048987,0.167259,0.077202,-0.32856
178,0.105438,0.035004,0.392391,0.131115,-0.234644,-0.963222,-0.084242,-0.970708,0.224946,-0.987957,0.051935,-0.145841,0.000778,0.010379,-0.009106,0.089872,0.185706,0.12432,-0.441375,-0.149402,0.039284,0.34487,-0.877808,-0.032099,0.477928,0.450247,0.284534,0.846317,-0.162044,0.958094,-0.235927,-0.001033,0.008703,-0.009619,-0.039255,0.181331,-0.123389,-0.640569,0.045114,0.040731,-0.004325,0.894568,-0.122564,0.429796,-0.446339,-0.195575,0.87323,-0.02297,-0.972999,-0.22966,-0.000564,0.005056,-0.004329,-0.012077,0.055578,0.059142,-0.585194,0.068509,0.041893,-0.043746,0.065784,-0.173959,-0.982553,0.009165,-0.984539,0.174924,-0.997791,-0.020513,-0.063173,-0.0,-1e-06,-3e-06,0.073605,0.177124,0.32065,-0.447435
179,0.105613,0.035058,0.392273,0.128249,-0.223078,-0.966351,-0.080803,-0.973483,0.213946,-0.988617,0.050917,-0.14167,0.011995,-0.0023,-0.001547,0.031616,-0.011433,0.253208,-0.638661,-0.149338,0.039654,0.3446,-0.877659,-0.048646,0.476801,0.442572,0.298949,0.845396,-0.182555,0.953014,-0.241457,-0.001243,0.011343,-0.007809,-0.074668,0.202085,-0.069373,-0.516363,0.045145,0.040913,-0.004462,0.897228,-0.10606,0.428639,-0.441561,-0.210926,0.872085,-0.002082,-0.97173,-0.236081,-0.000612,0.005747,-0.003851,-0.088524,0.112062,0.119306,-0.619812,0.068592,0.041924,-0.043808,0.061128,-0.162509,-0.984811,0.012053,-0.986464,0.16353,-0.998056,-0.021866,-0.058342,-4e-06,-2.4e-05,-1.5e-05,0.023421,0.06718,0.033463,-0.594723
180,0.105688,0.035084,0.392229,0.126899,-0.219959,-0.967243,-0.079539,-0.974218,0.211055,-0.988892,0.050417,-0.139918,7.6e-05,0.0003,0.00016,0.012352,0.046405,0.023083,-0.717717,-0.149251,0.039909,0.34445,-0.874898,-0.056687,0.480969,0.44301,0.30701,0.842271,-0.194302,0.950012,-0.244106,-0.001292,0.011935,-0.0074,-1.530724,0.230123,-2.242312,-0.40233,0.045189,0.041041,-0.004537,0.89721,-0.09715,0.430783,-0.441508,-0.217486,0.8705,0.009121,-0.971216,-0.238024,0.00561,0.006685,-0.003745,0.053652,-0.037189,0.04145,-0.604789,0.068634,0.041935,-0.043831,0.059564,-0.159322,-0.985427,0.013157,-0.986969,0.160367,-0.998137,-0.022518,-0.056692,0.006061,-0.000905,-0.000645,0.014462,-0.09556,0.211995,-0.661346
181,0.105836,0.03508,0.392212,0.124921,-0.217816,-0.967986,-0.078547,-0.974712,0.209138,-0.989221,0.050171,-0.137665,3e-06,1.3e-05,7e-06,0.004507,0.017,0.008458,-0.910544,-0.149133,0.04046,0.34403,-0.872722,-0.070212,0.483132,0.43829,0.322723,0.838859,-0.213712,0.943896,-0.251494,-0.001109,0.009609,-0.008978,-0.094992,0.13833,0.126169,-0.16577,0.045248,0.041322,-0.004744,0.896413,-0.083797,0.435224,-0.442222,-0.234899,0.865599,0.029699,-0.968401,-0.247623,-0.000525,0.004637,-0.004605,-0.170781,0.320755,-0.011183,-0.464523,0.068704,0.041936,-0.043838,0.057507,-0.157399,-0.985858,0.013991,-0.987269,0.15844,-0.998246,-0.022905,-0.054573,0.0,-4e-06,-2e-06,0.001283,-0.009106,-0.00404,-0.686166
182,0.105987,0.035075,0.39214,0.126379,-0.215168,-0.968388,-0.078663,-0.97529,0.206381,-0.989028,0.050356,-0.138976,0.000761,0.010342,-0.009122,0.034879,-0.016872,0.016445,-1.091017,-0.149141,0.040863,0.343637,-0.874582,-0.076776,0.478752,0.429356,0.335643,0.83841,-0.223953,0.938874,-0.261196,-0.0011,0.009498,-0.009046,-0.083601,0.124971,0.117736,-0.015295,0.045244,0.041521,-0.004941,0.897674,-0.07538,0.434163,-0.438753,-0.244421,0.864727,0.040936,-0.966734,-0.252483,-0.000517,0.004523,-0.004676,-0.007226,0.177514,-0.112832,-0.281801,0.068784,0.041928,-0.043872,0.059042,-0.154726,-0.98619,0.013597,-0.987698,0.155777,-0.998162,-0.022607,-0.056212,-2e-06,-9e-06,-8e-06,-0.00019,0.000546,-0.003737,-0.684533
183,0.106084,0.035113,0.392102,0.126518,-0.21499,-0.96841,-0.078506,-0.975337,0.206217,-0.989023,0.050196,-0.13907,0.012244,-0.001303,-0.001017,0.000984,-0.014714,0.029553,-1.201498,-0.149152,0.041126,0.34342,-0.876786,-0.07614,0.474806,0.424191,0.342116,0.838423,-0.225166,0.936586,-0.268272,0.011341,0.011168,-0.008966,-0.163777,0.298727,0.038701,0.060695,0.045235,0.041643,-0.005045,0.897829,-0.073645,0.43414,-0.438198,-0.246608,0.864388,0.043404,-0.966312,-0.253683,-0.000539,0.004787,-0.004491,0.020179,0.234752,-0.12971,-0.202441,0.068827,0.041945,-0.043891,0.05915,-0.154589,-0.986206,0.013733,-0.987716,0.15565,-0.998154,-0.022751,-0.056301,0.000186,0.000733,0.000388,-0.000354,0.000122,-0.000513,-0.684533
184,0.106264,0.035159,0.392034,0.128008,-0.212311,-0.968805,-0.078562,-0.975917,0.203435,-0.988829,0.050327,-0.140398,0.012016,-0.002201,-0.001495,0.000984,-0.014715,0.029553,-1.393239,-0.149089,0.041948,0.342898,-0.874912,-0.100991,0.473625,0.412024,0.358248,0.837752,-0.253173,0.928196,-0.272431,0.009799,0.025909,-0.014389,-2.565491,-4.549668,1.413851,0.184123,0.045265,0.042053,-0.005312,0.899538,-0.053276,0.43358,-0.431684,-0.260475,0.863597,0.066928,-0.964009,-0.257305,-0.00134,0.012709,-0.006827,-0.080646,0.050025,0.018504,-0.027067,0.068918,0.041971,-0.043923,0.060392,-0.151781,-0.986567,0.013471,-0.988157,0.15285,-0.998083,-0.022521,-0.057633,0.006005,-0.001116,-0.000759,0.000823,-0.014373,0.028844,-0.687636
185,0.106429,0.035144,0.391944,0.127189,-0.208006,-0.969846,-0.07776,-0.976843,0.199254,-0.988997,0.050325,-0.13921,0.01267,0.007741,-0.010827,0.072961,0.108957,0.116046,-1.505684,-0.149074,0.042889,0.342484,-0.869416,-0.133961,0.475565,0.400086,0.373498,0.836878,-0.288628,0.917996,-0.271738,-0.00279,0.026211,-0.013089,-2.561567,-4.655288,1.542675,0.32481,0.045277,0.042526,-0.005518,0.900908,-0.021847,0.433457,-0.421726,-0.279972,0.862416,0.102514,-0.959759,-0.261443,-0.000768,0.007697,-0.002484,-0.056808,0.023739,-0.002863,0.143081,0.069,0.041963,-0.043969,0.059286,-0.147579,-0.987271,0.013864,-0.988794,0.148639,-0.998144,-0.0225,-0.056576,-6.3e-05,-0.000256,-0.000139,0.048108,0.193996,0.095794,-0.69678
186,0.106502,0.03517,0.391879,0.127285,-0.20792,-0.969852,-0.077567,-0.976871,0.19919,-0.989,0.050127,-0.139261,0.000635,0.00987,-0.009369,0.035427,-0.014794,0.017481,-1.542323,-0.149097,0.043181,0.342288,-0.870557,-0.144522,0.470358,0.391591,0.374973,0.84023,-0.296698,0.915802,-0.270444,-0.002464,0.022191,-0.015824,0.154183,0.039165,0.292978,0.396201,0.045265,0.042681,-0.00561,0.903057,-0.006976,0.429462,-0.413472,-0.28486,0.864809,0.116304,-0.958543,-0.26013,-0.000565,0.005125,-0.004235,0.522739,0.000175,0.844765,0.242852,0.069041,0.041975,-0.044002,0.059108,-0.147331,-0.987319,0.014195,-0.988824,0.148405,-0.99815,-0.022787,-0.056357,0.005929,-0.001418,-0.000921,-0.000566,-0.028239,0.023003,-0.696617
187,0.106651,0.0353,0.391748,0.12391,-0.206965,-0.970493,-0.082007,-0.976794,0.197784,-0.989066,0.05533,-0.136799,0.012825,0.008383,-0.010482,0.035644,-0.031013,0.046199,-1.640464,-0.149106,0.043608,0.341983,-0.874002,-0.160797,0.458537,0.375921,0.373815,0.847868,-0.306632,0.91358,-0.266855,-0.001464,0.013949,-0.005954,-0.813793,-1.324036,0.564793,0.489234,0.045261,0.042892,-0.005775,0.908063,0.009359,0.418728,-0.398988,-0.284758,0.871619,0.127394,-0.958553,-0.254844,-0.000739,0.007047,-0.002933,-0.677924,-1.42285,0.526273,0.405489,0.069111,0.042041,-0.044067,0.05568,-0.146679,-0.987615,0.009634,-0.989025,0.147431,-0.998401,-0.017724,-0.053656,3.5e-05,0.000127,6.9e-05,-0.002343,-0.008487,-0.003228,-0.696453
188,0.106754,0.035416,0.391642,0.119293,-0.203873,-0.971726,-0.079921,-0.977484,0.195215,-0.989799,0.05462,-0.131691,0.00087,0.010816,-0.00886,0.051344,0.045731,0.047733,-1.707096,-0.14913,0.044315,0.341835,-0.871107,-0.193073,0.451537,0.359084,0.376463,0.853972,-0.333759,0.90625,-0.259189,-0.001895,0.019228,-0.002351,0.024839,0.08437,-0.121856,0.533192,0.04525,0.043236,-0.00585,0.911112,0.040067,0.410205,-0.381761,-0.293089,0.87656,0.155348,-0.955245,-0.25174,-0.000933,0.009625,-0.001163,0.032866,0.016701,0.150308,0.495952,0.069167,0.042102,-0.044124,0.050531,-0.143756,-0.988321,0.011587,-0.989435,0.14451,-0.998654,-0.018754,-0.048332,0.000441,0.005421,-0.004424,0.047786,0.015509,0.033173,-0.697923
189,0.106798,0.03555,0.391571,0.118121,-0.204652,-0.971705,-0.085387,-0.976998,0.195332,-0.989481,0.060146,-0.131668,0.001013,0.011389,-0.008553,0.034888,-0.016838,0.016461,-1.737843,-0.14926,0.044778,0.341787,-0.867025,-0.20925,0.452187,0.353146,0.381825,0.854068,-0.350267,0.900416,-0.257736,-0.000141,0.001736,0.001181,-0.02777,0.220779,-0.329677,0.536717,0.045189,0.043483,-0.005864,0.911031,0.058997,0.408094,-0.373578,-0.300823,0.877465,0.174532,-0.951853,-0.252019,-7.5e-05,0.001056,0.000726,-0.025872,0.01642,-0.044597,0.516364,0.069189,0.042165,-0.044157,0.04973,-0.144778,-0.988213,0.006073,-0.989375,0.145254,-0.998743,-0.013225,-0.048323,0.000157,0.000621,0.000332,-0.000294,-0.00173,-0.000795,-0.705598
190,0.106799,0.035629,0.391536,0.114513,-0.203932,-0.972288,-0.090174,-0.976794,0.194202,-0.989476,0.065683,-0.129034,0.001197,0.01212,-0.008163,0.038681,-0.002423,0.023676,-1.75045,-0.149304,0.044843,0.341742,-0.86493,-0.217962,0.452083,0.349542,0.384467,0.854365,-0.35893,0.897229,-0.25693,0.000112,-0.001387,-0.000944,-0.015947,0.126332,-0.188669,0.536754,0.045161,0.043525,-0.005886,0.910413,0.068159,0.408046,-0.370428,-0.304866,0.877405,0.184203,-0.949953,-0.252305,2.5e-05,-0.000166,-0.000105,-0.004058,0.020071,-0.026458,0.518323,0.069189,0.042203,-0.044175,0.045764,-0.144194,-0.98849,0.00123,-0.989518,0.1444,-0.99895,-0.007824,-0.045107,0.000249,0.000993,0.000532,0.001625,-0.026143,0.020063,-0.706904
191,0.106821,0.035823,0.391431,0.114096,-0.200635,-0.973023,-0.107545,-0.976131,0.188611,-0.987787,0.083367,-0.131738,0.000197,0.000787,0.000419,-5.377438,1.042363,-0.728048,-1.813577,-0.1493,0.044781,0.341666,-0.862726,-0.22646,0.452118,0.346041,0.387251,0.854533,-0.367503,0.893931,-0.256307,0.000259,-0.003191,-0.002173,-0.015903,0.126431,-0.188684,0.537335,0.045163,0.043491,-0.005926,0.909677,0.07739,0.40804,-0.367333,-0.308499,0.877436,0.193785,-0.948071,-0.252207,0.000101,-0.001151,-0.000778,-0.006346,0.024302,-0.041737,0.519303,0.069201,0.042307,-0.044229,0.046477,-0.140204,-0.98903,-0.010802,-0.990113,0.13985,-0.99886,0.004184,-0.047533,0.000501,0.005663,-0.004288,0.03562,-0.015548,0.011393,-0.703475
192,0.106873,0.036107,0.391275,0.112884,-0.194885,-0.974332,-0.118035,-0.976259,0.181541,-0.986726,0.094748,-0.131994,0.013239,0.01011,-0.009551,0.042008,-0.008108,0.057804,-1.909781,-0.149373,0.044636,0.341574,-0.858471,-0.240755,0.452831,0.339961,0.39366,0.854044,-0.382784,0.887387,-0.256679,-0.013319,0.005994,-0.010306,-2.468096,-4.714304,1.407859,0.53754,0.045127,0.043414,-0.005975,0.907826,0.090423,0.40948,-0.364061,-0.314654,0.876614,0.20811,-0.944889,-0.252732,-0.006849,0.002985,-0.005292,-2.339623,-4.78128,1.291178,0.519303,0.069222,0.042443,-0.044304,0.043275,-0.135151,-0.989879,-0.027636,-0.99059,0.13404,-0.99868,0.021556,-0.046603,0.000302,0.001187,0.000636,0.005052,-0.001195,-0.006498,-0.708863
193,0.106893,0.036269,0.391197,0.112011,-0.195282,-0.974353,-0.12339,-0.975642,0.181301,-0.986169,0.100154,-0.132165,0.000651,0.002598,0.001381,9e-05,0.000343,0.000173,-1.913932,-0.149468,0.044528,0.341475,-0.858428,-0.240406,0.453098,0.340307,0.393707,0.853885,-0.382574,0.88746,-0.256739,-0.011874,-0.00785,-0.004298,-0.004055,0.03121,-0.053124,0.538051,0.045084,0.043366,-0.006021,0.907537,0.091537,0.409874,-0.364043,-0.315153,0.876441,0.2094,-0.944615,-0.25269,0.000271,-0.003282,-0.002235,0.007676,0.014894,-0.02968,0.519466,0.069236,0.042527,-0.044348,0.042677,-0.135744,-0.989824,-0.033013,-0.990377,0.134396,-0.998543,0.026941,-0.046748,0.000773,0.006739,-0.003712,0.035582,-0.03691,0.038446,-0.708047
194,0.10699,0.036735,0.390984,0.104532,-0.193498,-0.975539,-0.137939,-0.974227,0.178402,-0.985052,0.11615,-0.127314,0.001824,0.014625,-0.006821,0.061807,0.086524,0.068565,-1.915199,-0.149783,0.044126,0.341229,-0.856866,-0.24462,0.4538,0.338785,0.39602,0.853421,-0.387386,0.885282,-0.257044,-0.011482,-0.013083,-0.007897,-0.00606,0.047215,-0.077004,0.537705,0.044926,0.04317,-0.00614,0.906446,0.09641,0.411168,-0.363657,-0.316836,0.875995,0.214728,-0.943567,-0.252134,-0.00577,-0.006098,-0.003639,0.01816,0.002462,-0.055309,0.519956,0.069284,0.042755,-0.044452,0.034832,-0.134443,-0.990308,-0.047904,-0.989995,0.132715,-0.998244,0.042817,-0.040924,0.007014,0.006642,-0.003927,0.068173,0.062357,0.127074,-0.706251
195,0.107103,0.037469,0.390738,0.099628,-0.193056,-0.97614,-0.152862,-0.972318,0.176645,-0.98335,0.13185,-0.125166,0.002921,0.01901,-0.004498,-0.108352,0.002659,0.0266,-1.915456,-0.150211,0.043406,0.340917,-0.853869,-0.248706,0.457214,0.340146,0.397972,0.85197,-0.392761,0.88327,-0.255805,-0.009874,-0.02983,-0.003937,-0.03783,0.051063,-0.099842,0.537882,0.044715,0.042825,-0.006292,0.904668,0.100878,0.414002,-0.364816,-0.318689,0.87484,0.220191,-0.942475,-0.251505,-0.005563,-0.009043,-0.005682,0.006106,-0.003486,-0.091163,0.519956,0.069338,0.043109,-0.044576,0.029911,-0.134321,-0.990486,-0.062463,-0.989244,0.132266,-0.997598,0.057912,-0.03798,0.001418,0.009333,-0.002354,-1.598928,0.253746,-0.190741,-0.713436
196,0.107283,0.038143,0.39059,0.09893,-0.193462,-0.97613,-0.15742,-0.971606,0.176556,-0.9827,0.13643,-0.125361,0.002064,0.008267,0.00436,0.0,2e-06,1e-06,-1.915703,-0.150836,0.042409,0.340534,-0.844312,-0.262346,0.467229,0.343075,0.404867,0.847535,-0.410437,0.876176,-0.252429,-0.009698,-0.033319,-0.00643,0.044066,-0.114847,-0.182584,0.538033,0.044399,0.042318,-0.006489,0.900516,0.108217,0.421139,-0.36838,-0.324686,0.871134,0.231009,-0.93961,-0.25252,-0.011667,-0.011906,-0.007164,-0.054968,-0.080167,-0.158951,0.520119,0.069432,0.043465,-0.04465,0.029454,-0.134908,-0.990419,-0.067543,-0.988853,0.132686,-0.997281,0.062987,-0.038238,0.001068,0.004258,0.002249,0.000563,-0.000709,-0.000119,-0.719641
197,0.10743,0.038426,0.390595,0.099153,-0.193275,-0.976145,-0.157062,-0.971695,0.176386,-0.982735,0.13606,-0.125487,0.014455,0.007926,0.003837,0.001751,-0.027929,0.055153,-1.915144,-0.151216,0.04177,0.340385,-0.839996,-0.259957,0.476257,0.351122,0.408478,0.842492,-0.412482,0.875208,-0.252453,-0.009757,-0.033293,-0.006461,-0.383568,-0.053831,-0.896265,0.538009,0.044206,0.041981,-0.006569,0.897033,0.106759,0.428874,-0.375158,-0.329053,0.86659,0.233638,-0.938257,-0.25512,-0.004868,-0.016782,-0.003307,-0.595815,-0.038409,-1.036169,0.520283,0.069499,0.043601,-0.04465,0.029642,-0.134745,-0.990436,-0.067187,-0.988899,0.132525,-0.997299,0.062616,-0.038367,0.001678,0.010378,-0.001801,0.036148,-0.030327,0.041998,-0.718334
198,0.107739,0.038934,0.390747,0.100046,-0.197157,-0.975277,-0.157278,-0.970979,0.1801,-0.982611,0.13561,-0.126936,0.015079,0.010559,0.005191,0.532794,1.090279,-2.41601,-1.915553,-0.152102,0.040478,0.340122,-0.826606,-0.260113,0.499055,0.370081,0.416566,0.830329,-0.422815,0.87134,-0.248712,-0.022497,-0.033477,-0.005607,0.190432,-0.134412,-0.521741,0.537871,0.043772,0.041344,-0.006701,0.886343,0.108591,0.450113,-0.392791,-0.338393,0.855105,0.245172,-0.934718,-0.257279,-0.011236,-0.016801,-0.002831,0.2744,-0.360063,-0.433075,0.520446,0.069652,0.043848,-0.044578,0.032369,-0.136144,-0.990159,-0.067635,-0.988706,0.133733,-0.997184,0.06264,-0.041212,0.001508,0.006074,0.003179,0.002346,-0.001716,0.031315,-0.72013
199,0.1079,0.039374,0.391019,0.096218,-0.201753,-0.974722,-0.162413,-0.969298,0.184543,-0.982153,0.140795,-0.124817,0.002914,0.011759,0.00613,0.000766,-0.013219,0.025598,-1.91507,-0.152944,0.039082,0.340001,-0.815598,-0.264555,0.514589,0.384277,0.41697,0.823651,-0.43143,0.869813,-0.239076,-0.021565,-0.043509,0.002987,0.141736,-0.208173,-0.354408,0.538118,0.043351,0.040648,-0.006766,0.876978,0.115812,0.466364,-0.407089,-0.336604,0.849102,0.255316,-0.934497,-0.248049,-0.010786,-0.021628,0.001601,0.201075,-0.300404,-0.412073,0.520446,0.069741,0.044082,-0.044435,0.027496,-0.143496,-0.989268,-0.071974,-0.987358,0.141218,-0.997027,0.067319,-0.037477,0.001454,0.005877,0.003064,0.000676,-0.015397,0.030801,-0.719477
200,0.108001,0.039571,0.391164,0.092284,-0.206383,-0.974133,-0.167531,-0.967554,0.189064,-0.981666,0.146,-0.122652,0.01474,0.009337,0.004507,-0.01004,-0.02267,0.047502,-1.915338,-0.153306,0.038327,0.340061,-0.806059,-0.275053,0.524028,0.389352,0.420142,0.819646,-0.444585,0.865028,-0.232238,-0.021829,-0.040744,0.004922,0.303877,-0.558364,-0.72924,0.537969,0.043169,0.040266,-0.006739,0.870944,0.127084,0.474662,-0.41133,-0.339896,0.84574,0.268816,-0.931836,-0.243757,-0.004634,-0.019408,0.00262,-0.16961,-0.617024,-0.13952,0.521752,0.069786,0.044178,-0.044364,0.023934,-0.148531,-0.988617,-0.076796,-0.986252,0.146317,-0.996759,0.07242,-0.035011,0.001447,0.005865,0.00305,-0.034174,-0.091333,0.185053,-0.719967
