frame,MLTx,MLTy,MLTz,MLTR1,MLTR2,MLTR3,MLTR4,MLTR5,MLTR6,MLTR7,MLTR8,MLTR9,MLTTVx,MLTTVy,MLTTVz,MLTRVx,MLTRVy,MLTRVz,MLGA,MRTx,MRTy,MRTz,MRTR1,MRTR2,MRTR3,MRTR4,MRTR5,MRTR6,MRTR7,MRTR8,MRTR9,MRTTVx,MRTTVy,MRTTVz,MRTRVx,MRTRVy,MRTRVz,MRGA,SLTx,SLTy,SLTz,SLTR1,SLTR2,SLTR3,SLTR4,SLTR5,SLTR6,SLTR7,SLTR8,SLTR9,SLTTVx,SLTTVy,SLTTVz,SLTRVx,SLTRVy,SLTRVz,SLGA,SRTx,SRTy,SRTz,SRTR1,SRTR2,SRTR3,SRTR4,SRTR5,SRTR6,SRTR7,SRTR8,SRTR9,SRTTVx,SRTTVy,SRTTVz,SRTRVx,SRTRVy,SRTRVz,SRGA
170,0.140633,-0.045291,0.276236,-0.544585,0.26945,-0.794272,-0.758686,-0.561972,0.329475,-0.356911,0.781695,0.511463,0.00012,0.000704,0.001064,0.0,0.0,0.0,0.129757,-0.259381,-0.012654,0.340808,-0.297917,-0.94089,0.161133,0.948909,-0.273728,0.156779,-0.103042,0.200798,0.974129,0.000764,-0.007018,0.012151,-0.035653,0.016346,-0.015271,0.16818,-0.005306,0.045443,-0.004579,0.245873,0.955555,0.162665,-0.965264,0.226077,0.130968,0.088373,-0.189216,0.97795,0.000475,-0.00315,0.006409,-0.034053,0.002252,0.009813,0.024696,0.071018,0.025042,-0.085002,0.537851,-0.263097,-0.800933,0.758242,0.566235,0.323181,0.368488,-0.781125,0.504042,8.1e-05,0.00047,0.000706,8e-06,1e-06,1.5e-05,-0.042475
171,0.140633,-0.045291,0.276236,-0.544585,0.26945,-0.794272,-0.758686,-0.561972,0.329475,-0.356911,0.781695,0.511463,1e-06,9e-06,1.3e-05,0.0,0.0,0.0,0.129867,-0.259363,-0.012784,0.341065,-0.297891,-0.940866,0.161319,0.94885,-0.273544,0.157459,-0.103657,0.201163,0.973988,0.001067,-0.005934,0.013156,-0.03405,0.00226,0.009818,0.175642,-0.005297,0.045376,-0.004452,0.245828,0.955533,0.162863,-0.965217,0.225881,0.131648,0.089007,-0.189561,0.977825,0.00046,-0.003206,0.006357,-0.035648,0.016341,-0.015285,0.033513,0.071018,0.025044,-0.085,0.537851,-0.263097,-0.800933,0.758242,0.566235,0.323181,0.368488,-0.781125,0.504042,-1e-06,-2e-06,-5e-06,-2e-06,-5e-06,1e-06,-0.042801
172,0.140634,-0.045287,0.276244,-0.544567,0.269451,-0.794284,-0.758696,-0.561968,0.329461,-0.356918,0.781698,0.511454,0.0,0.0,1e-06,0.0,0.0,0.0,0.12929,-0.259351,-0.013038,0.341627,-0.297473,-0.940882,0.161996,0.948842,-0.272761,0.158853,-0.104912,0.202153,0.973648,0.001284,-0.005157,0.013872,-0.034048,0.002269,0.009823,0.192912,-0.005292,0.045251,-0.004176,0.245404,0.95553,0.163515,-0.965206,0.225125,0.133023,0.090296,-0.190471,0.977531,-0.006339,-0.001298,0.008201,-0.036093,0.017484,-0.019437,0.055068,0.071018,0.025047,-0.084996,0.537833,-0.263099,-0.800945,0.758252,0.56623,0.323166,0.368495,-0.781128,0.504033,-1e-06,-6e-06,-1.3e-05,-7e-06,-1.7e-05,1e-06,-0.042964
173,0.140645,-0.045292,0.276235,-0.544565,0.269454,-0.794285,-0.758698,-0.561967,0.329457,-0.356918,0.781698,0.511454,-1e-06,-9e-06,-1.3e-05,0.0,0.0,0.0,0.129645,-0.259346,-0.013155,0.342162,-0.297239,-0.940876,0.162459,0.948801,-0.272239,0.159989,-0.105939,0.202886,0.973385,0.001386,-0.004787,0.014204,-0.035667,0.016284,-0.015305,0.200106,-0.005288,0.045192,-0.003902,0.245167,0.955513,0.163973,-0.965163,0.224615,0.13419,0.09139,-0.19116,0.977295,0.00099,0.003574,0.003305,-0.009557,0.082633,-0.148342,0.069274,0.071024,0.025043,-0.085001,0.537831,-0.263101,-0.800946,0.758253,0.56623,0.323163,0.368495,-0.781128,0.504033,1e-06,-1e-06,-6e-06,-5e-06,-8e-06,8e-06,-0.043128
174,0.140656,-0.045298,0.276227,-0.544562,0.269456,-0.794286,-0.7587,-0.561966,0.329454,-0.356918,0.781697,0.511455,-0.0,-0.0,-1e-06,0.0,0.0,0.0,0.129632,-0.259301,-0.013314,0.34263,-0.302091,-0.939185,0.163292,0.947298,-0.276827,0.16102,-0.105655,0.204517,0.973074,0.000752,-0.007055,0.012103,-0.035672,0.016261,-0.015318,0.219379,-0.005265,0.045117,-0.003663,0.250087,0.95407,0.164939,-0.963918,0.229291,0.135226,0.091197,-0.192807,0.976989,0.000428,-0.003313,0.00625,-0.03408,0.002262,0.009695,0.090828,0.071029,0.025041,-0.085005,0.537828,-0.263103,-0.800947,0.758255,0.566229,0.32316,0.368495,-0.781128,0.504034,1e-06,4e-06,7e-06,0.0,7e-06,2e-06,-0.043128
175,0.140668,-0.045299,0.276226,-0.544541,0.26946,-0.794299,-0.758712,-0.561961,0.329436,-0.356924,0.7817,0.511446,-0.0,-0.0,-0.0,0.0,0.0,0.0,0.129154,-0.259266,-0.013415,0.342816,-0.301643,-0.939246,0.163771,0.947396,-0.276227,0.161474,-0.106057,0.205051,0.972918,0.00062,-0.007528,0.011666,-0.035675,0.016248,-0.015324,0.22398,-0.005247,0.045063,-0.003567,0.249613,0.954111,0.165419,-0.963998,0.228671,0.135706,0.091652,-0.193338,0.976841,0.000291,-0.003806,0.005792,-0.035712,0.016247,-0.01544,0.100626,0.071035,0.02504,-0.085005,0.537807,-0.263108,-0.80096,0.758267,0.566224,0.323142,0.368501,-0.78113,0.504025,-0.0,2e-06,5e-06,1e-06,1e-06,1e-06,-0.043128
176,0.140681,-0.045291,0.27622,-0.544506,0.269462,-0.794322,-0.758721,-0.561972,0.329394,-0.356957,0.781691,0.511438,-0.0,-0.0,-0.0,0.0,0.0,0.0,0.129703,-0.259242,-0.013528,0.343173,-0.299288,-0.939931,0.164158,0.948431,-0.274455,0.158386,-0.103453,0.204284,0.97336,-0.013207,-0.004577,0.014551,-0.036622,0.029644,-0.045645,0.22919,-0.005231,0.045006,-0.003396,0.247185,0.954708,0.165621,-0.964881,0.226838,0.132468,0.0889,-0.192549,0.977251,0.000675,0.002441,0.002249,-0.009544,-0.005616,0.024974,0.112219,0.071042,0.025044,-0.085009,0.537772,-0.26311,-0.800982,0.758276,0.566235,0.3231,0.368534,-0.781121,0.504016,-2e-06,1e-06,4e-06,1e-05,3e-06,1e-05,-0.043128
177,0.140692,-0.045297,0.276211,-0.544504,0.269465,-0.794323,-0.758723,-0.561972,0.329391,-0.356957,0.78169,0.511438,-1e-06,-6e-06,-9e-06,0.0,0.0,0.0,0.130415,-0.259251,-0.013454,0.343492,-0.299213,-0.939664,0.165813,0.948696,-0.274583,0.156572,-0.10123,0.205343,0.973371,0.001216,-0.005386,0.013627,-0.045347,0.098429,-0.163892,0.227694,-0.005241,0.045042,-0.003237,0.247181,0.954414,0.167315,-0.965072,0.227018,0.130759,0.086815,-0.193793,0.977193,0.000677,0.002449,0.002251,-0.001274,-0.000603,0.000609,0.115485,0.071047,0.025041,-0.085013,0.537769,-0.263113,-0.800983,0.758278,0.566235,0.323097,0.368534,-0.78112,0.504016,-0.0,2e-06,5e-06,-5e-06,-7e-06,-2e-06,-0.043128
178,0.140716,-0.045298,0.27621,-0.544462,0.269472,-0.794349,-0.758747,-0.561961,0.329355,-0.35697,0.781695,0.511421,0.016092,-0.001089,-0.001078,0.000984,-0.014715,0.029553,0.131069,-0.259266,-0.013395,0.343631,-0.298887,-0.939453,0.167589,0.949066,-0.27452,0.154425,-0.098704,0.206397,0.973407,0.001028,-0.006059,0.013005,-0.03568,0.016227,-0.015336,0.22545,-0.005249,0.045071,-0.003168,0.246699,0.954208,0.169189,-0.965416,0.2268,0.128573,0.084314,-0.195057,0.97716,0.000677,0.002447,0.002247,-0.001478,-0.016342,0.026307,0.114995,0.071053,0.025041,-0.085013,0.537748,-0.263117,-0.800996,0.75829,0.566229,0.323079,0.36854,-0.781123,0.504008,-1e-06,3e-06,8e-06,7e-06,1.3e-05,-1e-06,-0.042801
179,0.140727,-0.045304,0.276202,-0.54446,0.269475,-0.79435,-0.758749,-0.56196,0.329352,-0.356971,0.781695,0.511421,-0.0,-0.0,-0.0,0.0,0.0,0.0,0.131467,-0.259266,-0.013246,0.343865,-0.299011,-0.939424,0.167532,0.949008,-0.27461,0.154617,-0.09888,0.206409,0.973387,0.001355,-0.004881,0.014076,-0.03404,0.002306,0.009842,0.215678,-0.005249,0.045145,-0.003052,0.24684,0.954185,0.169112,-0.965362,0.226905,0.128795,0.084522,-0.195047,0.977144,0.000744,0.002685,0.002461,0.001611,-0.013949,0.02537,0.108137,0.071065,0.025038,-0.085018,0.537725,-0.263123,-0.80101,0.758303,0.566223,0.323057,0.368547,-0.781125,0.503999,-1e-06,4e-06,8e-06,4e-06,9e-06,-1e-06,-0.042311
180,0.140727,-0.045296,0.276195,-0.544446,0.269474,-0.79436,-0.758747,-0.561977,0.329328,-0.356997,0.781683,0.511421,-0.0,-0.0,-0.0,0.0,0.0,0.0,0.130281,-0.259268,-0.013031,0.344091,-0.298649,-0.939487,0.16782,0.949122,-0.274213,0.154626,-0.098886,0.206649,0.973335,0.001819,0.006527,0.005967,0.00164,-0.01392,0.025179,0.202991,-0.00525,0.045248,-0.002936,0.246463,0.954231,0.169404,-0.965455,0.226491,0.128829,0.084564,-0.195303,0.97709,0.000862,0.00311,0.002843,-0.009649,0.08216,-0.148481,0.094094,0.071065,0.025042,-0.085021,0.537711,-0.263122,-0.80102,0.758301,0.56624,0.323033,0.368573,-0.781113,0.503999,-2e-06,0.0,8e-06,1.3e-05,1.5e-05,3e-06,-0.042311
181,0.140716,-0.045282,0.276197,-0.544435,0.26947,-0.794369,-0.758742,-0.561995,0.329307,-0.357023,0.781672,0.511421,1e-06,9e-06,1.3e-05,0.0,0.0,0.0,0.129789,-0.259268,-0.012801,0.344316,-0.29808,-0.939589,0.168263,0.949305,-0.273601,0.154585,-0.098846,0.207,0.973265,0.00169,0.006068,0.005535,0.00164,-0.013919,0.025179,0.184304,-0.00525,0.045365,-0.002822,0.245882,0.954305,0.169831,-0.965605,0.225875,0.128788,0.084542,-0.195656,0.977021,0.000771,0.002778,0.002536,0.001647,-0.013898,0.025259,0.075316,0.07106,0.025049,-0.085019,0.537699,-0.263119,-0.801028,0.758296,0.566259,0.323013,0.368599,-0.781101,0.503999,-3e-06,-0.0,3e-06,1e-05,1.1e-05,-1e-06,-0.042638
182,0.140716,-0.045287,0.27619,-0.544452,0.269469,-0.794357,-0.758732,-0.562,0.329322,-0.357016,0.781669,0.51143,-6e-06,-3.7e-05,-5.6e-05,0.0,0.0,0.0,0.130668,-0.259292,-0.012707,0.344429,-0.297766,-0.939644,0.168514,0.949402,-0.273255,0.154599,-0.098858,0.207211,0.973219,-0.012671,0.00695,0.006517,-0.002045,0.015205,-0.029245,0.176406,-0.005256,0.045413,-0.002764,0.245599,0.954339,0.170047,-0.965675,0.225565,0.128806,0.084568,-0.195845,0.976981,0.000656,-0.002501,0.006969,-0.034041,0.002338,0.009914,0.063722,0.071059,0.025046,-0.085023,0.537717,-0.263117,-0.801017,0.758286,0.566263,0.323027,0.368592,-0.781098,0.504008,-5e-06,-2.2e-05,-3e-05,2e-06,-2e-06,-7e-06,-0.042638
183,0.140738,-0.045289,0.276168,-0.544433,0.269472,-0.794369,-0.758734,-0.562016,0.329292,-0.357042,0.781656,0.511431,-5.3e-05,-0.000312,-0.000471,0.0,0.0,0.0,0.133734,-0.259361,-0.012535,0.344616,-0.296028,-0.940513,0.166719,0.95001,-0.272008,0.153056,-0.098241,0.204883,0.973774,0.001026,0.003681,0.003348,0.000113,-0.000185,-0.000109,0.168295,-0.005296,0.0455,-0.00267,0.243785,0.955135,0.168184,-0.966202,0.224208,0.127217,0.083801,-0.193514,0.977512,-0.006529,0.00278,0.002624,-0.005726,0.020072,-0.028923,0.04674,0.07107,0.025045,-0.085034,0.537698,-0.26312,-0.801028,0.758287,0.566279,0.322997,0.368619,-0.781085,0.504008,-3.3e-05,-0.0002,-0.000302,4e-06,-4e-06,9e-06,-0.041332
184,0.140761,-0.045301,0.276152,-0.544428,0.269477,-0.794371,-0.758738,-0.562014,0.329286,-0.357042,0.781656,0.511431,-1.1e-05,-6.3e-05,-9.6e-05,0.0,0.0,0.0,0.13545,-0.259458,-0.012392,0.344789,-0.300093,-0.939572,0.164745,0.948916,-0.276623,0.151567,-0.09647,0.203001,0.974345,-0.012957,0.005871,0.005519,-0.000256,0.012281,-0.03098,0.16484,-0.005344,0.045572,-0.002582,0.247937,0.954409,0.16622,-0.965308,0.228884,0.125659,0.081885,-0.19161,0.978048,-0.006474,0.002961,0.002785,-0.011291,0.026802,-0.030371,0.041678,0.071082,0.025039,-0.085043,0.537693,-0.263125,-0.801031,0.758291,0.566278,0.322991,0.368619,-0.781085,0.504009,-3e-06,-2.8e-05,-4.1e-05,-3e-06,3e-06,-6e-06,-0.038229
185,0.140772,-0.045306,0.276144,-0.544425,0.269479,-0.794372,-0.75874,-0.562013,0.329283,-0.357042,0.781656,0.511432,-2.4e-05,-0.000138,-0.000209,0.0,0.0,0.0,0.134907,-0.259538,-0.012303,0.344898,-0.299996,-0.939588,0.164824,0.948942,-0.276509,0.151608,-0.096507,0.203079,0.974325,0.00118,0.004229,0.003837,2.6e-05,-4.3e-05,-2.5e-05,0.160028,-0.005385,0.045615,-0.002529,0.247851,0.954399,0.166408,-0.965322,0.228756,0.125785,0.081983,-0.191814,0.978,-0.006317,0.003516,0.003286,-0.002141,0.003714,-0.003541,0.036942,0.071087,0.025036,-0.085047,0.53769,-0.263127,-0.801032,0.758293,0.566277,0.322988,0.368619,-0.781085,0.504009,-1.3e-05,-7.7e-05,-0.000115,1e-06,0.0,5e-06,-0.038066
186,0.140785,-0.045302,0.27615,-0.544386,0.269484,-0.794397,-0.758761,-0.562003,0.32925,-0.357056,0.781661,0.511414,3e-06,2e-05,3e-05,0.0,0.0,0.0,0.132051,-0.259696,-0.012155,0.345174,-0.298193,-0.94046,0.163118,0.949555,-0.275136,0.150265,-0.096075,0.200887,0.974822,0.001218,-0.005352,0.013589,-0.033676,0.001787,0.009529,0.158131,-0.005464,0.045691,-0.002397,0.246014,0.955187,0.1646,-0.965843,0.227326,0.124373,0.081381,-0.189576,0.978487,-0.00632,0.003495,0.003262,-0.007562,0.022527,-0.028836,0.030084,0.071094,0.025038,-0.085043,0.537651,-0.263133,-0.801056,0.758314,0.566267,0.322955,0.368632,-0.78109,0.503992,3e-06,1.2e-05,1.8e-05,-3e-06,-4e-06,-4e-06,-0.039045
187,0.140774,-0.045297,0.276158,-0.544389,0.269482,-0.794396,-0.758759,-0.562004,0.329253,-0.357056,0.781661,0.511414,0.0,1e-06,2e-06,0.0,0.0,0.0,0.132243,-0.259885,-0.012085,0.345532,-0.296357,-0.941319,0.161498,0.950149,-0.273661,0.149201,-0.095889,0.198855,0.975257,-0.013003,-0.004069,0.014929,-0.037529,0.03118,-0.044736,0.159281,-0.005557,0.045727,-0.00221,0.244171,0.955942,0.162951,-0.966332,0.225799,0.123347,0.081118,-0.187583,0.978892,-0.006504,-0.002021,0.00748,-0.041659,0.036919,-0.043759,0.028941,0.071088,0.025041,-0.085039,0.537654,-0.263131,-0.801055,0.758312,0.566268,0.322958,0.368632,-0.78109,0.503991,-1e-06,-3e-06,-4e-06,4e-06,6e-06,-1e-06,-0.040515
188,0.140785,-0.045302,0.27615,-0.544386,0.269484,-0.794397,-0.758761,-0.562003,0.32925,-0.357056,0.781661,0.511414,-1e-06,-5e-06,-8e-06,0.0,0.0,0.0,0.132385,-0.26009,-0.012112,0.345883,-0.292959,-0.942981,0.157963,0.951273,-0.271077,0.146731,-0.095187,0.194445,0.976214,0.001087,0.003873,0.003495,0.02235,-0.0479,0.005093,0.16312,-0.00566,0.045712,-0.002035,0.240787,0.957454,0.159067,-0.967272,0.223208,0.120674,0.080035,-0.182918,0.979864,0.000515,0.001857,0.001677,-0.001208,-0.016732,0.00568,0.031717,0.071094,0.025038,-0.085044,0.537651,-0.263133,-0.801056,0.758314,0.566267,0.322955,0.368632,-0.78109,0.503992,1e-06,0.0,-1e-06,-1e-06,0.0,1e-06,-0.040515
189,0.140796,-0.045308,0.276142,-0.544383,0.269487,-0.794398,-0.758763,-0.562002,0.329247,-0.357056,0.781661,0.511415,-9e-06,-5.2e-05,-7.9e-05,0.0,0.0,0.0,0.13146,-0.260195,-0.012165,0.346044,-0.292731,-0.943009,0.158222,0.951311,-0.270751,0.147088,-0.09551,0.194768,0.976118,-0.013135,0.005143,0.004827,-9.2e-05,0.000843,-0.004331,0.164797,-0.005712,0.045687,-0.001954,0.240513,0.957442,0.159554,-0.967301,0.22279,0.121211,0.080505,-0.183489,0.979719,-0.006601,0.002474,0.002329,-0.005799,0.008806,-0.003006,0.03384,0.071099,0.025036,-0.085048,0.537648,-0.263135,-0.801057,0.758316,0.566266,0.322952,0.368632,-0.78109,0.503992,-3e-06,-2.6e-05,-4e-05,2e-06,9e-06,2e-06,-0.040678
190,0.14081,-0.045299,0.276156,-0.544327,0.269494,-0.794435,-0.758795,-0.561988,0.329199,-0.357075,0.781669,0.511388,4e-06,2.3e-05,3.5e-05,0.0,0.0,0.0,0.132255,-0.260413,-0.012293,0.346332,-0.290832,-0.943852,0.156689,0.951895,-0.269156,0.146232,-0.095493,0.192874,0.976496,0.000623,0.002211,0.001993,0.001713,-0.013943,0.025161,0.166788,-0.005816,0.045624,-0.001816,0.23863,0.958172,0.157989,-0.967778,0.221177,0.120354,0.080376,-0.181618,0.980078,0.00016,0.000587,0.000534,-0.002707,0.003967,0.00124,0.036779,0.071106,0.02504,-0.08504,0.537591,-0.263142,-0.801093,0.758347,0.566252,0.322904,0.368651,-0.781098,0.503966,1e-06,1.2e-05,1.7e-05,-1e-06,-2e-06,1e-06,-0.041005
191,0.140809,-0.045304,0.276148,-0.544345,0.269492,-0.794423,-0.758785,-0.561992,0.329214,-0.357069,0.781666,0.511397,-1.2e-05,-7.2e-05,-0.000108,0.0,0.0,0.0,0.134,-0.260627,-0.012399,0.346544,-0.294408,-0.942989,0.155196,0.950927,-0.273112,0.145191,-0.094168,0.191519,0.976891,-5.2e-05,-0.009857,0.009513,-0.025049,-0.001254,-0.025636,0.167454,-0.005928,0.045574,-0.001708,0.24232,0.957508,0.156392,-0.966985,0.225256,0.119157,0.078866,-0.180103,0.98048,-0.00687,0.001514,0.001462,-0.0081,0.019364,-0.0408,0.038739,0.071106,0.025038,-0.085044,0.537609,-0.263141,-0.801081,0.758337,0.566257,0.322919,0.368645,-0.781095,0.503974,-7e-06,-4.4e-05,-6.8e-05,-6e-06,-4e-06,-2e-06,-0.039699
192,0.140808,-0.045309,0.276141,-0.544363,0.269491,-0.794411,-0.758775,-0.561997,0.329229,-0.357062,0.781663,0.511406,-7.3e-05,-0.00043,-0.00065,0.0,0.0,0.0,0.133365,-0.260751,-0.012432,0.346627,-0.294126,-0.943035,0.155452,0.950999,-0.272769,0.145366,-0.094324,0.191783,0.976824,0.000133,0.00047,0.000424,0.000132,-0.000218,-0.000128,0.165737,-0.005985,0.045552,-0.001664,0.242024,0.957512,0.156827,-0.967035,0.224859,0.119501,0.07916,-0.180579,0.980369,-6.5e-05,-0.005052,0.00465,-0.03947,0.02162,-0.014452,0.038739,0.071105,0.025036,-0.085047,0.537627,-0.263139,-0.80107,0.758328,0.566261,0.322934,0.368639,-0.781092,0.503983,-4.8e-05,-0.000283,-0.000431,-3e-06,-6e-06,4e-06,-0.039535
193,0.14081,-0.045299,0.276156,-0.544327,0.269494,-0.794435,-0.758795,-0.561988,0.329199,-0.357075,0.781669,0.511388,0.000102,0.000599,0.000905,0.0,0.0,0.0,0.134086,-0.260963,-0.012506,0.346755,-0.293493,-0.943141,0.156005,0.951169,-0.272019,0.145658,-0.094582,0.19233,0.976692,1e-06,3e-06,3e-06,0.0,-0.0,-0.0,0.162758,-0.006096,0.045516,-0.001599,0.241389,0.957573,0.157426,-0.967169,0.224108,0.119829,0.079465,-0.181184,0.980233,-0.007011,0.001014,0.00101,-0.002019,0.015387,-0.028548,0.036126,0.071106,0.025039,-0.085043,0.537591,-0.263142,-0.801093,0.758347,0.566252,0.322904,0.368651,-0.781098,0.503965,6.8e-05,0.000403,0.000608,6e-06,8e-06,8e-06,-0.039372
194,0.14081,-0.045299,0.276156,-0.544327,0.269494,-0.794435,-0.758795,-0.561988,0.329199,-0.357075,0.781669,0.511388,0.0,0.0,0.0,0.0,0.0,0.0,0.134768,-0.261076,-0.012614,0.346839,-0.292999,-0.943221,0.156453,0.951297,-0.271423,0.145938,-0.09483,0.192786,0.976578,-7.8e-05,-0.000275,-0.000248,0.0,-0.0,-0.0,0.161621,-0.006153,0.045461,-0.001557,0.240904,0.957624,0.157862,-0.967268,0.223529,0.120111,0.079734,-0.18163,0.980128,-0.000208,-0.005555,0.004197,-0.035595,0.016361,-0.014831,0.033024,0.071106,0.02504,-0.08504,0.537591,-0.263142,-0.801093,0.758347,0.566252,0.322904,0.368651,-0.781098,0.503966,-1e-06,-4e-06,-6e-06,-3e-06,-9e-06,6e-06,-0.039209
195,0.140808,-0.0453,0.276135,-0.544349,0.269489,-0.794421,-0.758773,-0.562014,0.329205,-0.357088,0.781651,0.511406,-1.7e-05,-0.0001,-0.000151,0.0,0.0,0.0,0.135965,-0.261086,-0.01272,0.346882,-0.291235,-0.944054,0.154708,0.951882,-0.270071,0.144623,-0.094395,0.190577,0.977053,0.013919,-0.002388,-0.002332,0.003813,-0.018146,0.027519,0.163043,-0.006163,0.045408,-0.001536,0.239091,0.958395,0.15593,-0.96777,0.22212,0.118676,0.079103,-0.179279,0.980612,-5.8e-05,-0.0002,-0.000178,-0.009715,0.012399,-0.00175,0.033677,0.071105,0.025039,-0.085051,0.537613,-0.263138,-0.801079,0.758325,0.566279,0.322909,0.368665,-0.78108,0.503983,-9e-06,-5.8e-05,-9e-05,-6e-06,-1.4e-05,7e-06,-0.037413
196,0.14082,-0.04531,0.27614,-0.544342,0.269494,-0.794424,-0.758787,-0.561992,0.329211,-0.357069,0.781666,0.511398,-0.000199,-0.011179,0.008139,-0.035415,0.01456,-0.017474,0.13554,-0.261082,-0.012773,0.346889,-0.289685,-0.944848,0.152762,0.95241,-0.268975,0.14318,-0.093841,0.188164,0.977574,-0.000253,-0.000891,-0.000803,0.020274,-0.033717,-0.019791,0.163607,-0.006156,0.045382,-0.001532,0.237616,0.959103,0.153816,-0.968193,0.221081,0.117147,0.07835,-0.17676,0.98113,-0.00016,-0.00056,-0.000504,0.004489,-0.013746,-0.023379,0.034493,0.071111,0.025039,-0.085052,0.537592,-0.263142,-0.801092,0.758336,0.566273,0.322891,0.368671,-0.781082,0.503975,1e-06,6e-06,7e-06,-6e-06,3e-06,-2e-06,-0.037086
197,0.140845,-0.045307,0.276146,-0.544282,0.269504,-0.794462,-0.758821,-0.561976,0.32916,-0.357089,0.781674,0.511372,0.0,0.0,0.0,0.0,0.0,0.0,0.135244,-0.261084,-0.012909,0.346863,-0.287245,-0.945318,0.154452,0.953715,-0.267517,0.137102,-0.087937,0.187881,0.978177,-0.001043,-0.013338,0.006379,2.128408,1.63562,-0.593329,0.162368,-0.006156,0.045321,-0.001546,0.235503,0.959645,0.153681,-0.968969,0.219628,0.113411,0.075082,-0.175621,0.98159,-0.000453,-0.001601,-0.001442,-0.012067,0.025259,-0.031694,0.034983,0.071124,0.025037,-0.085045,0.537547,-0.263152,-0.80112,0.758372,0.566241,0.322864,0.368665,-0.781102,0.503949,0.0,-2e-06,-3e-06,-5e-06,2e-06,-2e-06,-0.036923
198,0.140846,-0.045293,0.276147,-0.54425,0.269504,-0.794484,-0.758828,-0.561989,0.329121,-0.357121,0.781665,0.511363,0.0,0.0,1e-06,0.0,0.0,0.0,0.133042,-0.261107,-0.013057,0.346784,-0.28969,-0.944725,0.153513,0.953653,-0.271511,0.129467,-0.080278,0.185099,0.979366,-0.000857,-0.003021,-0.002728,0.19572,-0.314041,-0.217587,0.15204,-0.006173,0.045243,-0.001582,0.23872,0.958382,0.156577,-0.968887,0.224213,0.104808,0.06534,-0.176726,0.982088,-0.000349,-0.001229,-0.001112,0.274943,-0.545272,-0.089435,0.027472,0.071124,0.025043,-0.085045,0.537515,-0.263153,-0.801141,0.758379,0.566254,0.322825,0.368697,-0.781093,0.50394,0.0,-3e-06,-9e-06,-5e-06,-7e-06,-2e-06,-0.038066
199,0.140846,-0.045293,0.276147,-0.54425,0.269504,-0.794484,-0.758828,-0.561989,0.329121,-0.357121,0.781665,0.511363,0.0,0.0,0.0,0.0,0.0,0.0,0.132552,-0.26111,-0.013128,0.346762,-0.288586,-0.945431,0.15123,0.954033,-0.270853,0.128036,-0.079737,0.182424,0.979912,-0.000688,-0.002424,-0.00219,0.077832,-0.12914,-0.07576,0.149059,-0.00617,0.045205,-0.001596,0.236729,0.959541,0.152441,-0.969467,0.22296,0.102084,0.063966,-0.171953,0.983025,-0.000393,-0.001385,-0.001251,0.102279,-0.236671,0.057458,0.021756,0.071124,0.025043,-0.085045,0.537515,-0.263153,-0.801141,0.758379,0.566254,0.322825,0.368697,-0.781093,0.50394,1e-06,-1e-06,-7e-06,-1e-05,-1.5e-05,1e-06,-0.039045
200,0.140834,-0.045292,0.276148,-0.544271,0.2695,-0.794471,-0.758816,-0.561994,0.329139,-0.357115,0.781662,0.511372,0.0,0.0,0.0,0.0,0.0,0.0,0.131596,-0.261151,-0.013284,0.346717,-0.291046,-0.94529,0.147342,0.953469,-0.274183,0.125117,-0.077519,0.178097,0.980885,-0.000678,-0.002389,-0.00216,0.065016,-0.107976,-0.063317,0.141744,-0.00619,0.045126,-0.001618,0.2392,0.95954,0.148545,-0.96902,0.22622,0.099112,0.061498,-0.16765,0.983926,-0.000412,-0.00145,-0.001311,0.071163,-0.12037,-0.075953,0.012776,0.071118,0.025043,-0.085044,0.537535,-0.263149,-0.801128,0.758367,0.56626,0.322843,0.368691,-0.78109,0.503948,2e-06,1e-06,-7e-06,-1.3e-05,-1.5e-05,1e-06,-0.040025
201,0.140834,-0.045292,0.276148,-0.544271,0.2695,-0.794471,-0.758816,-0.561994,0.329139,-0.357115,0.781662,0.511372,0.0,0.0,0.0,0.0,0.0,0.0,0.131343,-0.261192,-0.013433,0.346666,-0.289128,-0.946139,0.145663,0.954098,-0.272638,0.123694,-0.076966,0.175937,0.981318,-0.000715,-0.002516,-0.002277,0.012447,-0.020705,-0.012136,0.127652,-0.006211,0.045052,-0.001644,0.23704,0.96036,0.146695,-0.969594,0.224411,0.097599,0.060811,-0.16537,0.984354,-0.000409,-0.001442,-0.001305,-0.006896,0.017081,-0.037931,-0.001431,0.071118,0.025043,-0.085044,0.537536,-0.263149,-0.801128,0.758367,0.56626,0.322843,0.368691,-0.78109,0.503948,2e-06,1e-06,-7e-06,-1.3e-05,-1.9e-05,4e-06,-0.040678
202,0.140834,-0.045292,0.276148,-0.544271,0.2695,-0.794471,-0.758816,-0.561994,0.329139,-0.357115,0.781662,0.511372,-8.6e-05,-0.000503,-0.00076,0.0,0.0,0.0,0.132141,-0.261191,-0.013547,0.346632,-0.291254,-0.945822,0.143472,0.953839,-0.275889,0.118367,-0.072017,0.172521,0.9823,-0.000436,-0.001533,-0.001389,0.050727,-0.041925,-0.036401,0.109229,-0.006211,0.044995,-0.001661,0.23935,0.960101,0.14462,-0.969335,0.227749,0.0923,0.05568,-0.162278,0.985172,-0.000282,-0.000993,-0.000899,0.24395,0.11163,-0.119593,-0.022005,0.071119,0.025045,-0.085042,0.537535,-0.263149,-0.801128,0.758368,0.566259,0.322843,0.368691,-0.78109,0.503948,-5.6e-05,-0.000342,-0.000522,-7e-06,1e-05,-1.5e-05,-0.040515
203,0.140834,-0.045292,0.276148,-0.544271,0.2695,-0.794471,-0.758816,-0.561994,0.329139,-0.357115,0.781662,0.511372,-1e-06,-7e-06,-1.1e-05,0.0,0.0,0.0,0.132126,-0.261191,-0.013612,0.346628,-0.295317,-0.944858,0.1415,0.952706,-0.28038,0.116932,-0.070451,0.170536,0.98276,-0.000657,-0.002312,-0.002095,0.073138,-0.110805,-0.098239,0.098132,-0.00621,0.044964,-0.001662,0.243711,0.959251,0.142976,-0.968339,0.232453,0.091018,0.054074,-0.160631,0.985531,-0.000311,-0.005925,0.003858,0.060086,-0.144098,-0.10327,-0.035069,0.071118,0.025043,-0.085045,0.537535,-0.263149,-0.801128,0.758367,0.566259,0.322843,0.368691,-0.78109,0.503948,-0.0,-2e-06,-5e-06,-4e-06,-1e-06,4e-06,-0.040515
204,0.140834,-0.045301,0.276154,-0.544285,0.269501,-0.794461,-0.758819,-0.561977,0.329163,-0.357089,0.781674,0.511371,-0.0,-0.0,-0.0,0.0,0.0,0.0,0.132226,-0.261193,-0.01374,0.346595,-0.292995,-0.945348,0.143047,0.953849,-0.278988,0.110781,-0.064462,0.170101,0.983246,-0.000508,-0.001788,-0.001622,2.333552,1.370693,-0.641279,0.075137,-0.006212,0.044898,-0.00168,0.242131,0.959574,0.143486,-0.9689,0.231358,0.08778,0.051035,-0.160278,0.985751,-0.000308,-0.001082,-0.000985,0.240799,-0.386182,-0.17071,-0.063644,0.071118,0.025039,-0.085041,0.537549,-0.26315,-0.801118,0.75837,0.566242,0.322867,0.368665,-0.781103,0.503948,0.0,1e-06,0.0,-5e-06,-4e-06,3e-06,-0.040352
205,0.140834,-0.045301,0.276154,-0.544285,0.269501,-0.794461,-0.758819,-0.561977,0.329163,-0.357089,0.781674,0.511371,-0.0,-0.0,-0.0,0.0,0.0,0.0,0.132515,-0.26115,-0.013941,0.346564,-0.291573,-0.946089,0.141038,0.95431,-0.277899,0.109532,-0.064078,0.167729,0.983679,-0.000961,-0.013052,0.006627,-0.018454,-0.012446,-0.032124,0.054965,-0.00619,0.044802,-0.001698,0.23964,0.960403,0.142116,-0.969702,0.229623,0.083371,0.047437,-0.15779,0.986332,-0.000413,-0.001453,-0.001319,0.000375,-0.006179,-0.018273,-0.092384,0.071118,0.025039,-0.085041,0.537549,-0.26315,-0.801118,0.75837,0.566242,0.322867,0.368665,-0.781103,0.503948,0.0,1e-06,0.0,-7e-06,-1e-06,-1e-06,-0.040678
206,0.140834,-0.045292,0.276148,-0.544271,0.2695,-0.794471,-0.758816,-0.561994,0.329139,-0.357115,0.781662,0.511372,-0.0,-0.0,-0.0,0.0,0.0,0.0,0.132515,-0.261137,-0.014051,0.346547,-0.291415,-0.946115,0.141187,0.95435,-0.277707,0.109672,-0.0642,0.1679,0.983642,-0.000875,-0.00308,-0.002798,-0.013004,0.108369,-0.199826,0.048176,-0.006182,0.044749,-0.001704,0.239584,0.960379,0.142374,-0.969703,0.229506,0.083674,0.047683,-0.158108,0.986269,-0.000363,-0.001276,-0.00116,-0.004814,0.007031,0.001432,-0.103814,0.071118,0.025043,-0.085044,0.537535,-0.263149,-0.801128,0.758367,0.566259,0.322843,0.368691,-0.78109,0.503948,0.0,1e-06,1e-06,2e-06,1.2e-05,1e-06,-0.040352
207,0.140834,-0.045292,0.276148,-0.544271,0.2695,-0.794471,-0.758816,-0.561994,0.329139,-0.357115,0.781662,0.511372,-0.0,-0.0,-0.0,0.0,0.0,0.0,0.132644,-0.261108,-0.014216,0.346535,-0.289552,-0.946941,0.139477,0.954948,-0.27616,0.108365,-0.063746,0.16577,0.984033,-0.000521,-0.001833,-0.001666,0.074093,-0.12376,-0.072364,0.03299,-0.006169,0.04466,-0.00171,0.23794,0.961005,0.140897,-0.970134,0.228104,0.082505,0.047149,-0.15632,0.986579,-0.000311,-0.001097,-0.000999,0.103405,-0.169212,-0.088256,-0.122103,0.071118,0.025043,-0.085044,0.537535,-0.263149,-0.801128,0.758367,0.566259,0.322843,0.368691,-0.78109,0.503948,0.0,1e-06,1e-06,2e-06,1.2e-05,1e-06,-0.040352
208,0.140846,-0.045285,0.276141,-0.544236,0.269503,-0.794493,-0.758826,-0.562006,0.329097,-0.357148,0.781653,0.511363,-0.0,-0.0,-0.0,0.0,0.0,0.0,0.132811,-0.261048,-0.014351,0.34648,-0.289315,-0.946984,0.139677,0.955014,-0.27589,0.108473,-0.063835,0.165976,0.983992,-0.000552,-0.001945,-0.001769,1.6e-05,-2.6e-05,-1.5e-05,0.014928,-0.006139,0.044593,-0.001737,0.237379,0.961134,0.140962,-0.970267,0.227532,0.082521,0.047241,-0.15636,0.986569,-0.000334,-0.001179,-0.001072,-0.001226,0.00204,0.001119,-0.143167,0.071124,0.025047,-0.085048,0.5375,-0.263152,-0.801151,0.758376,0.566271,0.322801,0.368723,-0.781081,0.503939,1e-06,1e-06,0.0,5e-06,1.6e-05,-0.0,-0.040188
209,0.140846,-0.04529,0.276134,-0.544255,0.269501,-0.794482,-0.758816,-0.562011,0.329112,-0.357141,0.78165,0.511372,-3e-06,-2e-05,-3e-05,0.0,0.0,0.0,0.132949,-0.26101,-0.014426,0.346439,-0.289136,-0.947018,0.139818,0.955066,-0.275694,0.108509,-0.063862,0.166108,0.983968,-0.000738,-0.002599,-0.002366,0.0,-0.0,-0.0,0.004943,-0.00612,0.044557,-0.001756,0.237215,0.961153,0.141113,-0.970305,0.227351,0.082569,0.047279,-0.156509,0.986543,0.0066,-0.002563,-0.002417,0.000309,-0.001115,0.004885,-0.154924,0.071124,0.025045,-0.085052,0.537519,-0.26315,-0.801139,0.758367,0.566276,0.322816,0.368716,-0.781078,0.503948,-0.0,-1e-05,-1.3e-05,4e-06,1.7e-05,-3e-06,-0.040188
210,0.140834,-0.045284,0.276142,-0.544257,0.269499,-0.794481,-0.758814,-0.562011,0.329115,-0.357141,0.78165,0.511372,1e-06,9e-06,1.3e-05,0.0,0.0,0.0,0.133072,-0.260959,-0.014577,0.346342,-0.294041,-0.945212,0.141795,0.953809,-0.28091,0.106168,-0.060162,0.16766,0.983938,-0.000684,-0.00241,-0.002197,0.0,-0.0,0.0,-0.013078,-0.006094,0.04448,-0.001806,0.242193,0.959597,0.14323,-0.969245,0.232653,0.080223,0.043659,-0.158255,0.986432,-0.000411,-0.001455,-0.001326,-0.0001,-0.000194,0.000521,-0.177621,0.071118,0.025048,-0.085047,0.537521,-0.263148,-0.801138,0.758365,0.566276,0.322819,0.368716,-0.781078,0.503948,-0.0,2e-06,4e-06,4e-06,1.1e-05,-1e-06,-0.039862
211,0.140834,-0.045284,0.276142,-0.544257,0.269499,-0.794481,-0.758814,-0.562011,0.329115,-0.357141,0.78165,0.511372,0.0,0.0,0.0,0.0,0.0,0.0,0.133073,-0.260921,-0.014683,0.346258,-0.298222,-0.944211,0.139716,0.952609,-0.285508,0.104669,-0.058577,0.165505,0.984398,-0.00051,-0.001797,-0.001639,0.000295,-0.000493,-0.000288,-0.0418,-0.006076,0.044425,-0.001849,0.246456,0.958812,0.141198,-0.968246,0.237294,0.078679,0.041933,-0.156106,0.986849,-0.000249,-0.000877,-0.0008,-0.004627,0.006479,0.000448,-0.200809,0.071118,0.025048,-0.085047,0.537521,-0.263148,-0.801138,0.758365,0.566276,0.322819,0.368716,-0.781078,0.503948,1e-06,-1e-06,-2e-06,-2e-06,-1e-06,0.0,-0.039862
212,0.140834,-0.045284,0.276142,-0.544257,0.269499,-0.794481,-0.758814,-0.562011,0.329115,-0.357141,0.78165,0.511372,0.0,0.0,0.0,0.0,0.0,0.0,0.133098,-0.260909,-0.014758,0.34619,-0.29797,-0.944264,0.139893,0.952689,-0.285247,0.104648,-0.058549,0.165652,0.984375,-0.000399,-0.001405,-0.001283,0.0,-0.0,-0.0,-0.072005,-0.00607,0.044389,-0.001882,0.246218,0.958839,0.14143,-0.968306,0.23704,0.078703,0.041939,-0.156326,0.986814,-0.00028,-0.000993,-0.000906,-4.9e-05,0.000177,0.000404,-0.230038,0.071118,0.025048,-0.085047,0.537521,-0.263148,-0.801138,0.758365,0.566276,0.322819,0.368716,-0.781078,0.503948,1e-06,-1e-06,-2e-06,-1e-06,-4e-06,4e-06,-0.040025
213,0.140834,-0.045284,0.276142,-0.544257,0.269499,-0.794481,-0.758814,-0.562011,0.329115,-0.357141,0.78165,0.511372,0.0,0.0,0.0,0.0,0.0,0.0,0.132822,-0.26092,-0.014796,0.346155,-0.297745,-0.944312,0.140049,0.952761,-0.285013,0.10463,-0.058526,0.165782,0.984355,-0.000516,-0.001818,-0.00166,0.0,-0.0,-0.0,-0.085282,-0.006075,0.04437,-0.001899,0.245995,0.958874,0.141582,-0.968363,0.236811,0.078685,0.041921,-0.156459,0.986793,-0.000313,-0.001108,-0.001012,2.6e-05,5.2e-05,0.000325,-0.244734,0.071118,0.025048,-0.085047,0.537521,-0.263148,-0.801138,0.758365,0.566276,0.322819,0.368716,-0.781078,0.503948,1e-06,-1e-06,-2e-06,-1e-06,-4e-06,4e-06,-0.040025
214,0.140846,-0.045285,0.276141,-0.544236,0.269503,-0.794493,-0.758826,-0.562006,0.329097,-0.357148,0.781653,0.511363,0.0,0.0,0.0,0.0,0.0,0.0,0.132745,-0.260938,-0.0149,0.346061,-0.297125,-0.944443,0.140481,0.952959,-0.28437,0.104579,-0.058459,0.166142,0.984298,-0.000811,-0.002858,-0.002612,-0.01157,0.094871,-0.174403,-0.118598,-0.006083,0.044321,-0.001944,0.245509,0.958951,0.141905,-0.968488,0.236313,0.078646,0.041884,-0.156742,0.98675,-0.000358,-0.001266,-0.001155,2.9e-05,8e-06,0.000219,-0.274126,0.071124,0.025047,-0.085048,0.5375,-0.263152,-0.801151,0.758377,0.566271,0.322801,0.368723,-0.781081,0.503939,-0.0,-0.0,-1e-06,-1e-06,-4e-06,2e-06,-0.040025
215,0.140847,-0.045276,0.276135,-0.544223,0.269502,-0.794503,-0.758823,-0.562023,0.329073,-0.357174,0.781641,0.511363,0.0,0.0,0.0,0.0,0.0,0.0,0.132727,-0.26091,-0.01506,0.345885,-0.3023,-0.942758,0.140759,0.951395,-0.28959,0.104494,-0.057382,0.1667,0.984267,-0.001381,-0.004868,-0.004458,0.0,0.0,0.0,-0.162094,-0.006069,0.044242,-0.002031,0.250633,0.957548,0.142418,-0.96722,0.241482,0.078553,0.040827,-0.157438,0.986684,-0.000842,-0.002969,-0.00272,-0.001627,0.013657,-0.025271,-0.312499,0.071124,0.025052,-0.085051,0.537486,-0.263151,-0.801161,0.758374,0.566288,0.322777,0.368749,-0.781069,0.503939,2e-06,-1e-06,-3e-06,2e-06,4e-06,0.0,-0.040025
216,0.140847,-0.045268,0.276129,-0.544209,0.2695,-0.794513,-0.758821,-0.562041,0.329049,-0.3572,0.781629,0.511363,0.000199,0.011179,-0.00814,0.035415,-0.01456,0.017473,0.133036,-0.260858,-0.015179,0.345761,-0.302038,-0.942815,0.14094,0.951482,-0.289323,0.104446,-0.057329,0.166842,0.984246,-0.001747,-0.006159,-0.005646,-0.001676,0.013749,-0.02527,-0.18979,-0.006042,0.044184,-0.002091,0.250382,0.95759,0.142579,-0.967287,0.241229,0.078506,0.040782,-0.157572,0.986664,-0.000827,-0.002927,-0.002684,-0.001678,0.013736,-0.025269,-0.337319,0.071124,0.025052,-0.085051,0.537486,-0.263151,-0.801161,0.758374,0.566288,0.322777,0.368749,-0.781069,0.503939,2e-06,-1e-06,-3e-06,3e-06,2e-06,4e-06,-0.039862
217,0.140847,-0.045268,0.276129,-0.544209,0.2695,-0.794513,-0.758821,-0.562041,0.329049,-0.3572,0.781629,0.511363,0.0,0.0,0.0,0.0,0.0,0.0,0.132503,-0.26069,-0.015416,0.345485,-0.307456,-0.941047,0.141039,0.94981,-0.294805,0.104329,-0.056226,0.167229,0.984244,-0.0016,-0.005649,-0.005191,0.0,-0.0,0.0,-0.253821,-0.00596,0.04406,-0.002234,0.255872,0.956099,0.142838,-0.965895,0.246782,0.078391,0.0397,-0.158025,0.986636,-0.000815,-0.002891,-0.002661,-2.5e-05,-2.2e-05,-0.000123,-0.394798,0.071125,0.025056,-0.085054,0.537472,-0.26315,-0.80117,0.758371,0.566306,0.322754,0.368775,-0.781056,0.503939,2e-06,-1e-06,-2e-06,8e-06,3e-06,1e-05,-0.039698
218,0.140848,-0.045263,0.276136,-0.544191,0.269502,-0.794525,-0.758831,-0.562036,0.329034,-0.357206,0.781631,0.511354,7.3e-05,0.000429,0.000648,0.0,0.0,0.0,0.132875,-0.260482,-0.015591,0.345125,-0.307566,-0.941033,0.140893,0.949793,-0.294983,0.103978,-0.055911,0.166991,0.984302,-0.001685,-0.005962,-0.005493,-0.001674,0.013761,-0.025264,-0.350719,-0.005856,0.043974,-0.002413,0.256,0.956088,0.142683,-0.965874,0.246973,0.078041,0.039375,-0.157793,0.986686,0.006409,0.001515,-0.007994,0.037726,-0.031391,0.044528,-0.473667,0.071125,0.025057,-0.085052,0.537454,-0.263151,-0.801182,0.758381,0.566301,0.322739,0.368781,-0.781059,0.50393,5.8e-05,0.000338,0.00051,4e-06,5e-06,5e-06,-0.039698
219,0.140837,-0.045244,0.276145,-0.544162,0.2695,-0.794546,-0.758836,-0.562049,0.328998,-0.357239,0.781622,0.511345,8.7e-05,0.000512,0.000774,0.0,0.0,0.0,0.13308,-0.260236,-0.015579,0.344602,-0.309134,-0.940253,0.142659,0.9493,-0.29637,0.104538,-0.055636,0.168933,0.983986,-0.001657,0.003852,-0.015083,-0.107143,0.234916,0.12917,-0.490633,-0.005737,0.043978,-0.002663,0.256719,0.955781,0.143449,-0.965702,0.247693,0.07789,0.038914,-0.158525,0.986587,-0.000729,0.002253,-0.007246,-0.261284,0.469875,0.195175,-0.591563,0.07112,0.025066,-0.085047,0.537425,-0.26315,-0.801202,0.758386,0.566315,0.322703,0.368814,-0.78105,0.503921,6.7e-05,0.000397,0.0006,-1e-06,-7e-06,-3e-06,-0.039862
220,0.140838,-0.045231,0.276147,-0.54413,0.2695,-0.794567,-0.758844,-0.562062,0.328959,-0.357271,0.781613,0.511337,6.4e-05,0.000374,0.000564,0.0,0.0,0.0,0.133051,-0.260098,-0.015488,0.34425,-0.309411,-0.940218,0.14229,0.94925,-0.296801,0.103767,-0.054955,0.168367,0.984122,-0.001586,0.004103,-0.014858,0.033626,-0.012706,0.017401,-0.575014,-0.005664,0.044023,-0.002846,0.257859,0.955343,0.144314,-0.965411,0.248799,0.077967,0.03858,-0.159427,0.986455,0.006227,0.00571,-0.013452,0.08129,-0.046588,0.036334,-0.666513,0.07112,0.025074,-0.085046,0.537393,-0.26315,-0.801224,0.758393,0.566327,0.322664,0.368846,-0.781041,0.503912,4e-05,0.000238,0.00036,-2e-06,-4e-06,-1e-05,-0.039862
221,0.140839,-0.045201,0.276136,-0.54407,0.269498,-0.794609,-0.758847,-0.562109,0.328873,-0.357356,0.78158,0.511328,5e-06,3.2e-05,4.8e-05,0.0,0.0,0.0,0.133012,-0.259836,-0.015188,0.34332,-0.312784,-0.938598,0.145574,0.948186,-0.299868,0.104667,-0.054207,0.171958,0.983542,-0.002263,0.011436,-0.026748,0.049371,0.015503,0.025569,-0.802779,-0.005536,0.044175,-0.003295,0.261216,0.953891,0.147842,-0.964525,0.251879,0.079031,0.038149,-0.163242,0.985847,-0.001019,0.006068,-0.013053,0.062863,-0.00115,0.032585,-0.798126,0.071121,0.025089,-0.08505,0.537333,-0.263148,-0.801264,0.758395,0.566375,0.322577,0.36893,-0.781007,0.503902,1e-06,9e-06,1.3e-05,-2e-06,-6e-06,-5e-06,-0.039372
222,0.14085,-0.045195,0.276108,-0.544057,0.269497,-0.794618,-0.758834,-0.562147,0.328836,-0.357402,0.781553,0.511337,-1.2e-05,-7.2e-05,-0.000109,0.0,0.0,0.0,0.133065,-0.259614,-0.014786,0.342162,-0.317058,-0.937229,0.145144,0.94651,-0.303321,0.109771,-0.058469,0.17337,0.98305,0.011452,0.007906,-0.030211,-0.593538,-0.502224,0.195372,-1.092378,-0.005431,0.044372,-0.00387,0.265198,0.952565,0.149294,-0.963372,0.255386,0.081799,0.039791,-0.165519,0.985402,-0.001317,0.004998,-0.01406,0.081234,-0.028743,0.015653,-0.781633,0.071126,0.025092,-0.085064,0.53732,-0.263147,-0.801273,0.758381,0.566413,0.322541,0.368976,-0.780979,0.503911,-6e-06,-4.2e-05,-6.5e-05,1e-06,-9e-06,6e-06,-0.039699
223,0.140862,-0.045192,0.276094,-0.544041,0.269498,-0.794629,-0.758834,-0.562164,0.328809,-0.357428,0.781541,0.511338,-2.4e-05,-0.000139,-0.000209,0.0,0.0,0.0,0.135795,-0.259489,-0.014558,0.341502,-0.320699,-0.93572,0.146871,0.945121,-0.306202,0.113669,-0.060998,0.176449,0.982348,0.011075,0.006559,-0.031491,-0.166189,0.372282,0.243103,-1.252506,-0.005368,0.044484,-0.004196,0.267962,0.952116,0.147206,-0.962397,0.257463,0.086619,0.044572,-0.164881,0.985305,-0.001534,0.004219,-0.014796,0.087773,-0.018779,-0.016431,-0.783919,0.071132,0.025094,-0.085071,0.537303,-0.263148,-0.801284,0.75838,0.56643,0.322514,0.369003,-0.780967,0.503911,-1.3e-05,-8.3e-05,-0.000127,-1e-06,-3e-06,2e-06,-0.038719
224,0.140885,-0.045178,0.276059,-0.543994,0.269499,-0.794661,-0.75883,-0.562214,0.328731,-0.357507,0.781504,0.511338,-1.7e-05,-0.000101,-0.000153,0.0,0.0,0.0,0.143631,-0.259276,-0.014032,0.340162,-0.325318,-0.934261,0.145996,0.943284,-0.310104,0.118252,-0.064807,0.177369,0.981938,0.01139,0.007678,-0.030485,0.031763,0.032258,0.07432,-1.406595,-0.005258,0.044749,-0.004885,0.273999,0.95018,0.148593,-0.960476,0.262471,0.092702,0.049082,-0.168121,0.984543,-0.001293,0.009958,-0.018818,0.083246,0.032019,0.040116,-0.785062,0.071143,0.0251,-0.085089,0.537256,-0.263149,-0.801315,0.758376,0.56648,0.322436,0.369081,-0.780929,0.503911,-8e-06,-5.3e-05,-8.2e-05,-3e-06,-8e-06,8e-06,-0.032024
225,0.140943,-0.045163,0.276009,-0.544123,0.266863,-0.795461,-0.758464,-0.561804,0.330274,-0.358085,0.782706,0.509091,-2.9e-05,-0.000173,-0.000261,-0.007142,-0.01554,-0.009375,0.152589,-0.259197,-0.013452,0.338832,-0.333916,-0.930362,0.151387,0.93989,-0.316736,0.127352,-0.070125,0.18599,0.979976,0.011389,0.00768,-0.030521,-0.102793,0.252915,0.207876,-1.409167,-0.005219,0.045039,-0.00555,0.282094,0.946997,0.153685,-0.957826,0.268865,0.101392,0.054697,-0.175805,0.982904,-0.001294,0.009957,-0.018832,-0.137582,0.371524,0.205581,-0.789634,0.071173,0.025108,-0.085114,0.537365,-0.260254,-0.802188,0.758024,0.565963,0.324165,0.369644,-0.782274,0.501408,-1.3e-05,-7.8e-05,-0.000119,0.010577,0.008861,0.003251,-0.02043
226,0.141001,-0.045136,0.275939,-0.544133,0.266859,-0.795456,-0.758402,-0.56193,0.330202,-0.358203,0.782616,0.509146,-0.000128,-0.000756,-0.001142,-2e-06,-3e-06,-2e-06,0.163224,-0.259183,-0.012931,0.337571,-0.343619,-0.925293,0.160469,0.936138,-0.324196,0.13593,-0.07333,0.198101,0.977365,0.011317,0.007428,-0.030798,-0.106585,0.269334,0.185365,-1.409541,-0.005211,0.0453,-0.00618,0.292006,0.942344,0.163458,-0.954609,0.276667,0.110337,0.058752,-0.188258,0.98036,-0.001284,0.005118,-0.014005,-0.139038,0.32874,0.216118,-0.789961,0.071202,0.025123,-0.085147,0.537372,-0.260491,-0.802106,0.757956,0.566197,0.323916,0.369773,-0.782025,0.501699,-8.1e-05,-0.000487,-0.000737,0.000389,0.000759,0.000456,-0.007857
227,0.141025,-0.045118,0.275911,-0.544068,0.266862,-0.7955,-0.758408,-0.561976,0.330109,-0.358288,0.782583,0.509138,-2.5e-05,-0.000149,-0.000225,-0.0,-0.0,-0.0,0.169509,-0.259184,-0.012702,0.336952,-0.349349,-0.922863,0.162083,0.93354,-0.328254,0.143828,-0.079101,0.202725,0.975966,0.011211,0.007048,-0.03118,-0.267739,0.058256,0.236378,-1.409188,-0.005208,0.045418,-0.0065,0.298148,0.940053,0.165549,-0.952315,0.281172,0.118479,0.064829,-0.192979,0.979058,0.005603,0.003443,-0.015665,-0.250527,0.008735,0.240414,-0.789308,0.071214,0.02513,-0.085163,0.537306,-0.260501,-0.802147,0.757963,0.566244,0.323819,0.369856,-0.781988,0.501696,-1.2e-05,-7.4e-05,-0.000114,-3.6e-05,0.000132,0.000128,0.000308
