frame,MLTx,MLTy,MLTz,MLTR1,MLTR2,MLTR3,MLTR4,MLTR5,MLTR6,MLTR7,MLTR8,MLTR9,MLTTVx,MLTTVy,MLTTVz,MLTRVx,MLTRVy,MLTRVz,MLGA,MRTx,MRTy,MRTz,MRTR1,MRTR2,MRTR3,MRTR4,MRTR5,MRTR6,MRTR7,MRTR8,MRTR9,MRTTVx,MRTTVy,MRTTVz,MRTRVx,MRTRVy,MRTRVz,MRGA,SLTx,SLTy,SLTz,SLTR1,SLTR2,SLTR3,SLTR4,SLTR5,SLTR6,SLTR7,SLTR8,SLTR9,SLTTVx,SLTTVy,SLTTVz,SLTRVx,SLTRVy,SLTRVz,SLGA,SRTx,SRTy,SRTz,SRTR1,SRTR2,SRTR3,SRTR4,SRTR5,SRTR6,SRTR7,SRTR8,SRTR9,SRTTVx,SRTTVy,SRTTVz,SRTRVx,SRTRVy,SRTRVz,SRGA
192,0.124506,-0.014333,0.314057,-0.163287,-0.349294,-0.9227,-0.402296,-0.830381,0.385481,-0.900643,0.434573,-0.003778,-0.015493,-0.002649,-0.003258,-0.000985,0.014713,-0.029554,0.058191,-0.203044,-0.016296,0.306331,-0.477618,0.536886,0.695432,-0.067111,-0.811436,0.580518,0.876549,0.229923,0.422683,0.000304,0.002733,0.002994,-0.0,0.0,0.0,-1.400893,0.026362,0.035711,-0.027976,0.362849,-0.399536,0.841849,-0.030603,0.897823,0.439291,-0.931345,-0.18516,0.313548,0.000188,0.001686,0.001846,0.001648,-0.015396,0.024301,-0.943291,0.064223,0.029997,-0.068062,0.132473,0.352636,-0.926335,0.296094,0.877819,0.37651,0.945927,-0.32416,0.011874,-0.008035,-0.007107,0.00224,-0.036754,0.046629,-0.070413,-0.134734
193,0.124145,-0.014544,0.313913,-0.16183,-0.350669,-0.922436,-0.397422,-0.83243,0.386118,-0.903068,0.429514,-0.003501,-0.000961,-0.00466,-0.004989,-0.0,-0.0,-0.0,0.034646,-0.203004,-0.016223,0.306394,-0.477504,0.536738,0.695625,-0.067013,-0.81156,0.580357,0.876619,0.229834,0.422587,0.000115,0.001035,0.001133,-0.0,0.0,0.0,-1.400583,0.026383,0.035753,-0.027939,0.362705,-0.399362,0.841994,-0.030674,0.897914,0.439098,-0.931398,-0.185091,0.313428,5.5e-05,0.000495,0.000542,-1e-06,3e-06,2e-06,-0.943617,0.06403,0.029886,-0.06814,0.130912,0.353875,-0.926085,0.290992,0.879263,0.377118,0.947725,-0.318853,0.012131,-0.000493,-0.0024,-0.002562,-0.000377,0.000334,4.7e-05,-0.158248
194,0.124057,-0.014557,0.313686,-0.153648,-0.354583,-0.922338,-0.37723,-0.841665,0.386353,-0.91311,0.407734,-0.003289,-4.7e-05,0.008496,-0.011008,0.035154,-0.01607,0.016735,-0.027989,-0.203014,-0.016303,0.30643,-0.477231,0.536384,0.696085,-0.066541,-0.811791,0.580088,0.876803,0.229846,0.422198,-5e-05,-0.000454,-0.000497,0.0,0.0,0.0,-1.400576,0.026378,0.035714,-0.02792,0.36236,-0.398945,0.84234,-0.031098,0.898083,0.438724,-0.931519,-0.185172,0.313022,0.000172,-0.005971,0.003631,-0.036274,0.01319,-0.016805,-0.943781,0.063985,0.029873,-0.068252,0.12232,0.356821,-0.926129,0.269823,0.886035,0.37701,0.955108,-0.296007,0.012101,-0.000299,-0.001467,-0.001564,-0.001053,0.016142,-0.024278,-0.214256
195,0.124096,-0.01452,0.313577,-0.14921,-0.356263,-0.92242,-0.367024,-0.846255,0.386158,-0.917997,0.396608,-0.003337,-0.000285,-0.001379,-0.00148,0.003716,-0.001556,1.3e-05,-0.054982,-0.203002,-0.016343,0.306446,-0.479126,0.534841,0.69597,-0.067272,-0.812852,0.578515,0.875715,0.229692,0.424533,-1.4e-05,-0.000128,-0.00014,0.076549,-0.093745,-0.064582,-1.400622,0.026383,0.035692,-0.027913,0.364232,-0.39739,0.842268,-0.030151,0.898886,0.437142,-0.930819,-0.184616,0.315422,0.000198,-0.00573,0.003896,0.062267,-0.107811,-0.100094,-0.943781,0.064005,0.029894,-0.068312,0.117696,0.357962,-0.926288,0.259109,0.88939,0.376625,0.958649,-0.284337,0.011926,0.000108,0.004858,-0.004844,0.046861,-0.01999,0.017137,-0.23973
196,0.12429,-0.014482,0.313441,-0.144256,-0.35274,-0.92456,-0.368645,-0.847906,0.380956,-0.918145,0.396224,-0.006567,-0.000232,-0.001125,-0.001208,-1.1e-05,-2.6e-05,4.7e-05,-0.165078,-0.202969,-0.016306,0.306439,-0.482166,0.531837,0.696172,-0.062399,-0.813377,0.578323,0.874408,0.234742,0.424464,1e-06,9e-06,1e-05,-0.002788,-0.00235,-0.001724,-1.400495,0.0264,0.035711,-0.027917,0.367233,-0.394263,0.842434,-0.034906,0.899238,0.436063,-0.929473,-0.189543,0.316467,-1e-06,-5e-06,-4e-06,-0.012197,-0.004048,-0.003267,-0.944597,0.064102,0.029915,-0.068377,0.113191,0.353787,-0.928451,0.260637,0.891159,0.371353,0.958778,-0.284023,0.008661,0.007185,-0.00146,-0.001348,0.001691,-0.010611,0.02277,-0.304393
197,0.124548,-0.014395,0.313346,-0.134297,-0.342116,-0.930036,-0.372524,-0.852252,0.367238,-0.918103,0.396201,-0.011831,0.000692,0.012114,-0.007126,0.038717,-0.119832,0.186372,-0.311516,-0.202964,-0.016237,0.306346,-0.488365,0.525978,0.696303,-0.052925,-0.814214,0.578091,0.871594,0.244808,0.424565,-0.000102,-0.00092,-0.001008,-0.1039,-0.08626,-0.063352,-1.356968,0.026403,0.035747,-0.027962,0.373025,-0.388539,0.842548,-0.043826,0.899701,0.434299,-0.926785,-0.198931,0.318583,-7.1e-05,-0.000715,-0.00079,-1.14765,-0.992351,-0.729188,-0.942801,0.064231,0.029952,-0.068424,0.104824,0.341992,-0.933837,0.264164,0.895702,0.357679,0.958764,-0.284179,0.003549,0.00014,0.000675,0.000719,-0.001921,-0.003397,-0.013428,-0.396162
198,0.124775,-0.014279,0.313235,-0.132912,-0.327256,-0.935566,-0.373422,-0.857833,0.35306,-0.917941,0.396689,-0.007022,0.014793,0.007944,-0.011169,0.108423,0.273151,0.198547,-0.44777,-0.202989,-0.016198,0.30616,-0.512487,0.508105,0.692227,-0.02172,-0.813451,0.581171,0.85901,0.282169,0.427018,-0.000293,-0.002638,-0.002891,-0.000255,-0.000316,-7e-06,-0.892013,0.02639,0.035766,-0.028055,0.39778,-0.370581,0.839309,-0.07559,0.89845,0.432518,-0.914361,-0.235491,0.329373,-0.000159,-0.001407,-0.001537,-0.002758,0.0106,-0.004322,-0.768243,0.06434,0.030018,-0.068471,0.104803,0.327331,-0.939079,0.264599,0.901065,0.343611,0.958646,-0.284491,0.007823,-5.9e-05,-0.000304,-0.000332,0.109478,0.409733,0.245476,-0.508506
199,0.1249,-0.014255,0.313098,-0.128359,-0.317069,-0.9397,-0.375057,-0.86163,0.341902,-0.917928,0.396718,-0.007149,-0.000151,0.008012,-0.011528,0.029311,0.022436,0.32691,-0.53498,-0.203075,-0.016219,0.306065,-0.518615,0.510947,0.685538,-0.026228,-0.810821,0.584649,0.855204,0.284586,0.433012,-0.000303,-0.002721,-0.002984,0.017705,-0.022058,-0.014488,-0.868121,0.026347,0.035755,-0.028103,0.405104,-0.374141,0.834211,-0.071567,0.896657,0.436902,-0.911464,-0.236693,0.336463,-0.007551,-0.00153,-0.00125,0.011553,-0.084929,0.12889,-0.685128,0.064409,0.030031,-0.068538,0.102326,0.316028,-0.943215,0.265725,0.905052,0.332069,0.958602,-0.284615,0.008634,0.006917,-0.002787,-0.00278,-0.129325,-0.282368,0.879177,-0.565168
200,0.125142,-0.014088,0.312591,-0.118874,-0.291514,-0.949175,-0.37176,-0.873336,0.314725,-0.920554,0.390636,-0.003372,-0.000403,0.006781,-0.012856,0.136323,-1.281644,2.76747,-0.707149,-0.203198,-0.016189,0.306045,-0.524071,0.516834,0.676921,-0.031334,-0.805874,0.591201,0.851704,0.287972,0.437648,0.000332,0.002965,0.003252,0.001642,-0.015413,0.024293,-0.899241,0.026284,0.035759,-0.028125,0.411607,-0.381336,0.827745,-0.067664,0.892957,0.445026,-0.908845,-0.239184,0.341744,0.000144,0.001278,0.001406,0.01131,-0.103764,0.166533,-0.696232,0.064529,0.030112,-0.068795,0.097846,0.29167,-0.9515,0.2613,0.915015,0.307357,0.960285,-0.278701,0.013317,-0.000293,0.002922,-0.00695,1.737403,-0.196651,0.430948,-0.690738
201,0.125172,-0.01368,0.312033,-0.119287,-0.271665,-0.954994,-0.347068,-0.889753,0.296403,-0.930089,0.367138,0.01304,0.000173,0.018381,-0.020525,0.234063,0.56047,0.599156,-0.804192,-0.203178,-0.016029,0.306251,-0.526921,0.516475,0.674981,-0.033228,-0.805985,0.590946,0.849875,0.288305,0.440972,0.00053,0.004744,0.005194,-0.01035,0.105172,-0.168483,-1.007367,0.026295,0.035845,-0.028016,0.414792,-0.381147,0.82624,-0.065692,0.893127,0.444981,-0.907541,-0.238852,0.345424,0.000283,0.002548,0.002792,-0.018217,0.115452,-0.161394,-0.821149,0.064543,0.030311,-0.069072,0.097365,0.271263,-0.957567,0.23549,0.928538,0.286984,0.966987,-0.25344,0.026527,0.007235,0.003125,-0.006493,0.216391,0.623844,0.682904,-0.805858
202,0.125216,-0.013521,0.311707,-0.116771,-0.261078,-0.958253,-0.341028,-0.895629,0.285518,-0.932642,0.360451,0.016743,-0.000845,0.004611,-0.015203,0.13934,0.338549,0.435972,-0.833043,-0.203166,-0.015953,0.306379,-0.526799,0.516333,0.675185,-0.033025,-0.806077,0.590832,0.849958,0.288303,0.440813,0.001004,-0.006011,0.013747,-0.045928,0.104111,-0.160175,-1.059741,0.0263,0.035884,-0.027958,0.414634,-0.381124,0.82633,-0.06583,0.893125,0.444963,-0.907603,-0.238894,0.345231,0.000244,0.002225,0.002432,-0.000939,0.001747,0.001216,-0.872423,0.064567,0.030394,-0.069224,0.096608,0.260104,-0.960735,0.228905,0.93357,0.275768,0.968642,-0.246559,0.030651,0.006934,0.001662,-0.008071,0.147259,0.392026,0.500321,-0.828229
203,0.125207,-0.013263,0.310896,-0.103544,-0.240519,-0.965129,-0.34214,-0.902495,0.261562,-0.933813,0.357587,0.01236,-0.001275,0.002512,-0.017497,0.064225,0.01478,0.236107,-1.073034,-0.203124,-0.015899,0.306605,-0.524691,0.517641,0.675824,-0.03172,-0.805115,0.592214,0.851308,0.288642,0.437976,0.000719,-0.008558,0.010958,-0.047222,0.026496,-0.007605,-1.100544,0.026322,0.035918,-0.027837,0.41217,-0.382514,0.826921,-0.067489,0.892289,0.446391,-0.908603,-0.239797,0.341959,0.000121,0.001123,0.001224,0.004642,-0.005173,-0.00357,-0.884179,0.064568,0.030522,-0.06963,0.087011,0.236932,-0.967621,0.229374,0.940443,0.250903,0.969441,-0.243779,0.027482,-0.000685,0.000974,-0.009052,0.071952,0.054543,0.248664,-0.906772
204,0.124963,-0.012716,0.310117,-0.105666,-0.235555,-0.966123,-0.338595,-0.904963,0.257621,-0.934864,0.354634,0.017071,-1.9e-05,0.017431,-0.021563,0.091039,-0.036388,0.228947,-1.154664,-0.203138,-0.015899,0.306574,-0.521083,0.520934,0.676085,-0.030284,-0.802812,0.595407,0.85357,0.289128,0.433227,-0.000315,-0.002828,-0.003088,-0.109135,0.145909,0.06578,-0.942004,0.026317,0.03592,-0.027835,0.408997,-0.385436,0.827139,-0.069214,0.890705,0.449281,-0.909906,-0.241005,0.337618,-0.000156,-0.001386,-0.001515,-0.182633,0.221957,0.153098,-0.854461,0.064438,0.030789,-0.070034,0.089832,0.232221,-0.968505,0.22556,0.942426,0.246889,0.970078,-0.240635,0.032281,-0.007244,0.009841,-0.009778,0.086047,-0.050682,0.220065,-0.921957
205,0.124924,-0.012303,0.309411,-0.10512,-0.23895,-0.965348,-0.313,-0.913421,0.260125,-0.943802,0.32979,0.022431,0.013639,0.002344,-0.017266,0.04495,0.024241,-0.040651,-1.397073,-0.203121,-0.016043,0.306277,-0.519148,0.522418,0.676429,-0.029592,-0.801848,0.59674,0.854772,0.289123,0.430856,-0.000969,-0.008687,-0.009509,-0.003497,0.017663,-0.022739,-0.264142,0.026325,0.035853,-0.027986,0.406699,-0.387234,0.827433,-0.070262,0.889781,0.450947,-0.910856,-0.241536,0.334665,-0.000519,-0.004689,-0.005131,0.009205,0.002473,-0.033243,-0.668799,0.06442,0.031008,-0.070389,0.088595,0.235611,-0.9678,0.199064,0.947831,0.248972,0.975972,-0.214712,0.037072,0.006816,0.001101,-0.008704,0.04025,0.008427,-0.0473,-0.920488
206,0.125056,-0.012259,0.309067,-0.101568,-0.237966,-0.965972,-0.307133,-0.916039,0.257904,-0.94612,0.323168,0.021157,-0.001619,-0.007913,-0.008625,-0.00045,0.015434,-0.024335,-1.606686,-0.203158,-0.016263,0.306007,-0.518717,0.521889,0.677167,-0.029146,-0.802291,0.596165,0.855048,0.288849,0.430491,-0.001384,-0.012376,-0.013582,-0.001666,0.01544,-0.024275,-0.019543,0.026307,0.035748,-0.028115,0.406267,-0.386517,0.82798,-0.070545,0.890158,0.450157,-0.911026,-0.241294,0.334375,-0.000774,-0.006965,-0.007643,-0.001198,0.028475,-0.050255,-0.604626,0.064486,0.031033,-0.070558,0.085033,0.23424,-0.968452,0.192984,0.949695,0.246648,0.97751,-0.207869,0.035551,0.00676,0.000814,-0.009028,0.037601,-0.124524,0.189984,-0.921794
207,0.125196,-0.012114,0.308576,-0.107714,-0.243193,-0.964002,-0.304308,-0.915019,0.264782,-0.946345,0.322172,0.025757,-0.00054,-0.002644,-0.002889,0.026534,0.234066,-0.379408,-1.781432,-0.203284,-0.016615,0.305378,-0.523251,0.529466,0.667732,-0.04022,-0.797926,0.601357,0.851835,0.287139,0.43794,-0.001696,-0.000109,-0.020549,0.128257,-0.034908,-0.067096,0.188976,0.026243,0.035557,-0.028439,0.412405,-0.395393,0.820722,-0.060407,0.887051,0.457702,-0.908995,-0.238336,0.34194,-0.000593,-0.005344,-0.005892,0.189215,-0.090065,0.135084,-0.504039,0.064554,0.031094,-0.070815,0.090293,0.240011,-0.966561,0.190265,0.948492,0.253298,0.977571,-0.206774,0.039977,-2.2e-05,0.004223,-0.005542,0.142145,0.451084,-0.757606,-0.919018
208,0.125422,-0.01208,0.3083,-0.129204,-0.257166,-0.957715,-0.29787,-0.911122,0.284784,-0.945677,0.322384,0.042313,0.014017,-0.004627,-0.004611,0.052452,0.227793,-0.110156,-1.893018,-0.203056,-0.016466,0.304714,-0.522909,0.541688,0.658128,-0.062426,-0.79426,0.604308,0.850707,0.274233,0.448282,0.013699,0.005287,-0.015462,0.226479,-0.347968,0.065814,0.311359,0.02635,0.035622,-0.028781,0.412928,-0.409425,0.813548,-0.039259,0.884428,0.465021,-0.909916,-0.223959,0.349132,0.006609,0.007939,-0.012104,0.352866,-0.357965,-0.197206,-0.225465,0.064663,0.031117,-0.070946,0.110061,0.256758,-0.960187,0.184008,0.944093,0.273546,0.976742,-0.206789,0.056663,0.006974,-0.002516,-0.002533,0.133664,0.610514,-0.666152,-0.927019
209,0.12558,-0.012125,0.308241,-0.14153,-0.267221,-0.953209,-0.29433,-0.907979,0.298187,-0.945006,0.323088,0.051043,-0.000186,-0.000914,-0.001,0.093838,0.535201,-0.873322,-1.910401,-0.202825,-0.016292,0.304354,-0.518787,0.546881,0.657094,-0.073942,-0.794339,0.602903,0.852303,0.263504,0.451673,0.013676,0.005086,-0.015695,0.323655,-0.357156,-0.217533,0.394774,0.026466,0.035712,-0.028957,0.408241,-0.41572,0.81272,-0.028062,0.884151,0.466355,-0.912442,-0.213192,0.349281,0.006881,0.002862,-0.007496,0.36065,-0.403054,-0.249835,-0.073279,0.064747,0.03109,-0.070981,0.120639,0.267563,-0.955957,0.180883,0.940944,0.286188,0.976077,-0.207442,0.065117,0.007274,-0.001206,-0.00108,0.315744,1.49286,-2.481873,-0.928326
210,0.125824,-0.011983,0.308296,-0.193814,-0.296085,-0.935315,-0.284984,-0.895273,0.342406,-0.938509,0.333276,0.090303,0.015504,0.002729,0.003424,0.11826,0.771799,-0.973343,-1.910837,-0.202201,-0.016087,0.303743,-0.509322,0.55973,0.65367,-0.096516,-0.791832,0.603009,0.855739,0.243334,0.456468,0.013612,0.004468,-0.016407,0.046131,-0.024201,0.013906,0.495122,0.026784,0.03582,-0.029264,0.401122,-0.427819,0.809982,-0.004854,0.883231,0.468911,-0.916011,-0.192022,0.352207,0.006812,0.002226,-0.008219,0.025461,0.000958,0.025495,0.240892,0.064862,0.031157,-0.070958,0.169048,0.302588,-0.93801,0.172478,0.927939,0.330423,0.970398,-0.217644,0.104676,0.007778,0.001266,0.001629,0.337966,1.973424,-2.947073,-0.952003
211,0.1263,-0.012038,0.308311,-0.258151,-0.313705,-0.91378,-0.295507,-0.874855,0.383767,-0.919499,0.369484,0.134283,0.014387,-0.002793,-0.002619,0.037606,0.916402,-0.56608,-1.908631,-0.201291,-0.0161,0.303132,-0.496599,0.580022,0.64572,-0.124854,-0.78383,0.608239,0.859531,0.220703,0.460824,0.028137,0.001851,-0.020242,0.111928,-0.408199,0.766489,0.53143,0.027239,0.035817,-0.029566,0.389594,-0.449601,0.803787,0.022129,0.877064,0.479863,-0.92072,-0.169165,0.351648,0.014066,0.000874,-0.010186,0.113263,-0.458931,0.834173,0.470479,0.065103,0.031144,-0.070935,0.229938,0.32904,-0.915893,0.184802,0.909224,0.373039,0.955497,-0.255035,0.148257,0.007135,-0.001675,-0.001616,0.000558,1.109469,-0.430573,-0.966373
212,0.126708,-0.012046,0.308251,-0.318057,-0.319545,-0.892623,-0.301571,-0.858504,0.414726,-0.898454,0.401489,0.177802,0.01481,-0.000672,-0.000309,0.101389,1.172164,-0.637001,-1.908813,-0.200121,-0.016208,0.302428,-0.488,0.599118,0.634748,-0.149713,-0.773793,0.615438,0.860477,0.204552,0.466477,0.027999,0.000182,-0.022194,3.556393,3.281157,2.77243,0.534219,0.027803,0.035763,-0.029901,0.386475,-0.467558,0.795001,0.041042,0.869841,0.491621,-0.921386,-0.157371,0.355361,0.014019,0.0002,-0.010989,0.039302,-0.027137,0.044877,0.510159,0.065306,0.031133,-0.070972,0.288195,0.342118,-0.89437,0.192443,0.894249,0.404083,0.938034,-0.288571,0.19188,0.000117,0.000576,0.000624,0.089255,1.538203,-0.682671,-0.978293
213,0.126857,-0.011965,0.308192,-0.346561,-0.322027,-0.881045,-0.292938,-0.855113,0.427716,-0.890703,0.406717,0.203116,0.014704,-0.001191,-0.000879,0.158544,1.156561,-0.643226,-1.909371,-0.199519,-0.016261,0.302005,-0.483422,0.608577,0.629228,-0.162105,-0.768501,0.61892,0.86081,0.196435,0.469341,0.028343,-0.012571,-0.015932,0.009223,0.008674,0.01689,0.535968,0.028104,0.035743,-0.030113,0.379476,-0.481026,0.790323,0.057335,0.864802,0.498827,-0.923422,-0.14398,0.355752,0.014002,-7.4e-05,-0.011323,0.135015,0.064654,0.115457,0.514567,0.065386,0.031175,-0.071,0.317423,0.347815,-0.882194,0.183755,0.890112,0.417054,0.930309,-0.29449,0.218629,0.007353,-0.000597,-0.000445,0.158099,1.159868,-0.637575,-0.986131
214,0.12725,-0.012253,0.308041,-0.405451,-0.300363,-0.863387,-0.293695,-0.851615,0.434127,-0.865171,0.429959,0.258151,0.012894,-0.010381,-0.01094,0.319554,1.399278,-0.28852,-1.908594,-0.198597,-0.016366,0.30108,-0.473692,0.627131,0.618316,-0.1866,-0.757507,0.625538,0.861248,0.180148,0.475038,0.012907,-0.003205,-0.02524,0.03526,0.003159,-0.002038,0.536768,0.028586,0.035685,-0.030591,0.371681,-0.501432,0.781293,0.080596,0.855835,0.510931,-0.924855,-0.126934,0.35851,0.006452,-0.001739,-0.01279,0.037242,0.004717,-0.012654,0.516853,0.065585,0.031044,-0.071061,0.378105,0.333575,-0.863576,0.184741,0.886876,0.423462,0.907142,-0.319651,0.273707,0.006368,-0.005611,-0.005936,0.334814,1.434692,-0.274381,-0.996255
215,0.127497,-0.012828,0.307298,-0.465092,-0.250192,-0.849199,-0.321359,-0.846102,0.42522,-0.824322,0.470972,0.314175,-0.002885,-0.005745,-0.026736,-0.979763,2.117577,0.427105,-1.908751,-0.198098,-0.016529,0.300159,-0.477436,0.636912,0.6053,-0.193013,-0.747977,0.634989,0.857763,0.185536,0.479251,-0.001702,-0.001128,-0.022049,-0.039509,-0.05026,0.224528,0.536454,0.028835,0.035597,-0.031051,0.377427,-0.512969,0.77098,0.085304,0.848276,0.522638,-0.922101,-0.13149,0.363921,0.006601,-0.000343,-0.011251,-0.062166,-0.455337,0.824321,0.51767,0.065709,0.030758,-0.071424,0.44172,0.292015,-0.848298,0.211849,0.884854,0.414912,0.871781,-0.362986,0.328995,-0.001864,-0.009168,-0.010073,-4.348656,3.833084,1.653576,-1.000337
216,0.127433,-0.01294,0.306806,-0.495626,-0.224754,-0.838979,-0.337982,-0.839912,0.424603,-0.799489,0.49428,0.341367,-0.002182,0.006714,-0.03348,-0.928731,2.028141,0.443593,-1.908947,-0.198058,-0.0166,0.299809,-0.477599,0.641351,0.600466,-0.194881,-0.743656,0.639477,0.857251,0.18759,0.479369,-0.001443,0.001543,-0.019042,-0.059233,0.098352,0.08781,0.536607,0.028855,0.035561,-0.031227,0.378653,-0.51812,0.766924,0.08658,0.84482,0.527998,-0.921479,-0.133528,0.364753,-0.00073,0.000539,-0.009792,-0.125035,0.037571,0.30423,0.517833,0.065675,0.030689,-0.071676,0.474962,0.270669,-0.837345,0.22936,0.88056,0.414737,0.84959,-0.389039,0.356152,-0.008766,-0.001824,-0.012407,-4.237433,3.85044,1.574328,-1.003603
217,0.12743,-0.013132,0.305813,-0.534074,-0.197623,-0.822043,-0.368398,-0.820756,0.436594,-0.760319,0.536256,0.366568,0.011341,-0.018507,-0.02015,-0.034313,0.268277,-0.326254,-1.908194,-0.198482,-0.016633,0.299249,-0.473198,0.65574,0.588286,-0.209215,-0.73222,0.648087,0.856307,0.182772,0.482904,-0.015614,-0.00764,-0.007793,-0.04252,-1.698194,2.350449,0.536891,0.028649,0.035545,-0.031515,0.374624,-0.532844,0.75877,0.098452,0.836601,0.538892,-0.921934,-0.12718,0.365871,-0.015204,-0.003608,-0.003185,0.011082,0.04076,-0.100846,0.518976,0.065669,0.030602,-0.072178,0.51783,0.246298,-0.81926,0.263625,0.865111,0.426712,0.81385,-0.436942,0.383051,-0.001479,-0.003131,-0.013753,-0.139758,0.34595,-0.510869,-1.017646
218,0.127944,-0.013906,0.304705,-0.571939,-0.166714,-0.803205,-0.415849,-0.785085,0.459002,-0.7064,0.596738,0.380698,0.010083,-0.025192,-0.027844,-4.487997,2.845517,1.681315,-1.906256,-0.199221,-0.016845,0.29899,-0.459575,0.674067,0.578288,-0.230174,-0.719167,0.655555,0.858332,0.167324,0.484904,-0.030372,-0.006215,-0.005276,0.031381,-0.032595,0.105907,0.536345,0.028285,0.035441,-0.031643,0.364315,-0.554716,0.74804,0.118921,0.824377,0.553407,-0.923651,-0.112657,0.3663,-0.007737,-0.00301,-0.002975,0.089607,0.128345,0.005726,0.520119,0.065927,0.030223,-0.072723,0.557008,0.224321,-0.799638,0.30987,0.837169,0.450697,0.770533,-0.498826,0.396799,0.01237,-0.013674,-0.014924,-0.139236,0.333213,-0.336396,-1.027933
219,0.128138,-0.014418,0.304151,-0.5973,-0.157971,-0.786335,-0.426393,-0.767854,0.47808,-0.678576,0.621039,0.392265,0.009774,-0.026928,-0.029947,-0.060653,0.410307,-0.571951,-1.905466,-0.199626,-0.016953,0.298844,-0.447645,0.68216,0.578155,-0.243022,-0.71492,0.655564,0.861078,0.1521,0.485051,-0.015597,-0.006997,-0.007112,0.093939,0.020616,0.185562,0.535,0.028071,0.035387,-0.031715,0.352613,-0.563068,0.747407,0.131664,0.820616,0.556105,-0.926459,-0.097683,0.363496,-0.007796,-0.003487,-0.003527,0.09784,0.01812,0.181244,0.520446,0.066024,0.029966,-0.073001,0.584341,0.215649,-0.78233,0.327031,0.819719,0.470223,0.742695,-0.530617,0.408471,0.004814,-0.013954,-0.015542,-0.185749,0.824396,-1.07462,-1.033648
220,0.128093,-0.015334,0.30282,-0.657575,-0.148372,-0.738665,-0.425543,-0.735935,0.526579,-0.620926,0.660781,0.421718,-0.020305,-0.026382,-0.030596,-0.079269,0.984612,-1.498285,-1.905346,-0.200251,-0.017041,0.298608,-0.441312,0.685244,0.579376,-0.251872,-0.714179,0.653026,0.861796,0.1414,0.487008,-0.015611,0.008784,-0.009925,0.055675,-0.022961,-0.030189,0.534936,0.027758,0.035337,-0.03184,0.346421,-0.565922,0.748146,0.141022,0.819885,0.554888,-0.927418,-0.08672,0.363833,-0.007789,0.004549,-0.00477,0.032024,-0.002959,-0.01601,0.520446,0.066005,0.029495,-0.073681,0.644943,0.214129,-0.733618,0.32906,0.788593,0.51946,0.689758,-0.576427,0.438136,-0.010151,-0.013313,-0.015446,-0.0783,1.011398,-1.544455,-1.046222
221,0.127761,-0.016007,0.301148,-0.70738,-0.133635,-0.694119,-0.423254,-0.706424,0.567268,-0.565274,0.695227,0.444018,-0.005618,-0.019317,-0.043383,-0.029408,0.697204,-1.078882,-1.905522,-0.200617,-0.016819,0.298477,-0.446128,0.683482,0.577766,-0.25463,-0.715721,0.650262,0.858504,0.142126,0.492579,-0.014714,0.00159,0.002723,0.009396,0.00183,-0.038714,0.536225,0.027581,0.035446,-0.031908,0.351545,-0.564288,0.74699,0.144183,0.821035,0.552369,-0.925001,-0.086479,0.369991,-0.00011,0.006745,-0.0027,0.019709,0.000792,0.019903,0.521099,0.065838,0.029158,-0.074517,0.69546,0.2063,-0.688312,0.329732,0.759471,0.560784,0.638444,-0.616962,0.460159,-0.002809,-0.009794,-0.021857,-4.7e-05,0.70384,-1.053454,-1.055203
222,0.127435,-0.016719,0.29946,-0.741219,-0.119825,-0.660516,-0.41943,-0.685607,0.594973,-0.52323,0.718193,0.458755,-0.006098,-0.030444,-0.035702,-0.016401,0.491801,-0.76643,-1.905385,-0.200675,-0.016345,0.298208,-0.452536,0.679929,0.576973,-0.258535,-0.719157,0.644907,0.853977,0.141823,0.500472,0.014406,0.011195,-0.008946,0.120638,-0.124377,-0.02228,0.536148,0.027541,0.035686,-0.03203,0.35784,-0.560699,0.746703,0.14876,0.823672,0.547205,-0.921856,-0.084732,0.378152,-0.000216,0.005723,-0.003879,0.120641,-0.115997,-0.056358,0.522895,0.065675,0.028799,-0.075365,0.730177,0.197001,-0.65424,0.328017,0.7389,0.588583,0.59937,-0.644372,0.474908,-0.003033,-0.01527,-0.017915,0.000174,0.499174,-0.760485,-1.06304
223,0.127225,-0.017167,0.298579,-0.753347,-0.114186,-0.647669,-0.416604,-0.679194,0.604242,-0.507956,0.725166,0.464911,-0.00596,-0.020621,-0.045661,0.02407,0.369619,-0.581658,-1.905679,-0.20054,-0.016131,0.298037,-0.459716,0.677789,0.573807,-0.262766,-0.720911,0.64123,0.848842,0.143156,0.50876,0.014394,0.011138,-0.009012,0.274481,-0.30319,-0.149806,0.536304,0.027609,0.035793,-0.032115,0.364973,-0.559217,0.744359,0.153332,0.824698,0.544392,-0.918304,-0.084554,0.386738,4e-06,-1.6e-05,-1.9e-05,0.327489,-0.368851,-0.268617,0.522242,0.065572,0.028585,-0.075786,0.742436,0.192813,-0.641568,0.326143,0.732497,0.59756,0.585165,-0.652893,0.480948,-0.010483,-0.009871,-0.022576,0.027529,0.383746,-0.611326,-1.065
224,0.126407,-0.018168,0.296982,-0.763878,-0.106069,-0.636619,-0.418472,-0.669586,0.613602,-0.49041,0.735255,0.467894,-0.021236,-0.020037,-0.046087,-0.168018,-1.130952,2.167964,-1.905521,-0.200054,-0.016029,0.298063,-0.480913,0.6759,0.558456,-0.275124,-0.721006,0.635917,0.833054,0.151328,0.531962,0.015168,0.002921,0.002448,0.513577,-0.775276,-0.208082,0.535439,0.027851,0.035844,-0.032111,0.387176,-0.55987,0.732556,0.165862,0.823857,0.541986,-0.906964,-0.088341,0.411839,0.015046,0.001748,0.001095,0.123264,-0.803926,0.654471,0.520446,0.065169,0.028083,-0.076586,0.75545,0.187339,-0.627852,0.32685,0.722753,0.608931,0.567858,-0.665231,0.484772,-0.018251,-0.014591,-0.018032,-1.110694,1.168733,0.413853,-1.048344
225,0.125421,-0.019246,0.295443,-0.761539,-0.100624,-0.640295,-0.437877,-0.648516,0.622625,-0.47695,0.754648,0.450613,-0.021147,-0.01876,-0.045137,-0.521,-0.030713,-1.416193,-1.905576,-0.19938,-0.015975,0.298381,-0.525886,0.661863,0.534202,-0.264719,-0.724125,0.636789,0.808942,0.192634,0.55531,0.015478,0.006116,0.006088,-2.801945,-5.855304,-0.792418,0.534385,0.028183,0.035867,-0.031956,0.430761,-0.54954,0.715856,0.158796,0.827,0.539308,-0.888385,-0.118638,0.443504,0.007724,0.002963,0.002929,0.361296,-0.589901,-0.154447,0.521752,0.064683,0.027552,-0.077345,0.751103,0.17725,-0.635944,0.35281,0.706421,0.61359,0.558004,-0.685237,0.46806,-0.010712,-0.014653,-0.018123,-0.289021,-0.28271,-0.356228,-1.04067
226,0.125042,-0.019765,0.294733,-0.762782,-0.104363,-0.638214,-0.442017,-0.636276,0.632254,-0.47112,0.764502,0.44001,-0.021092,-0.018153,-0.044665,-0.436976,-0.440454,-0.661753,-1.905187,-0.199146,-0.01584,0.298491,-0.538928,0.655507,0.529016,-0.254947,-0.725392,0.63933,0.803491,0.208858,0.557355,0.015443,0.005886,0.005812,0.029777,-0.239371,0.356572,0.534425,0.028306,0.03594,-0.031895,0.451007,-0.541319,0.709623,0.14579,0.82908,0.539787,-0.880532,-0.139992,0.45284,0.000133,0.009391,0.00031,0.007007,-0.102731,0.226905,0.522079,0.064478,0.027274,-0.077731,0.753314,0.183756,-0.631467,0.356229,0.693107,0.62666,0.552827,-0.697019,0.456668,-0.01052,-0.009076,-0.022326,-0.4965,-0.496558,-0.694546,-1.04067
227,0.12407,-0.020538,0.293207,-0.769125,-0.121899,-0.627402,-0.440227,-0.610659,0.658231,-0.462414,0.782611,0.416798,-0.020317,-0.013786,-0.039775,-0.415122,-0.397013,-0.634912,-1.904259,-0.199049,-0.015438,0.298664,-0.566751,0.639357,0.519623,-0.229938,-0.728271,0.645511,0.791834,0.245558,0.559073,-0.01478,0.016568,-0.000995,-0.344567,0.220588,0.157213,0.52897,0.02836,0.036147,-0.031802,0.480888,-0.525571,0.701798,0.120589,0.832465,0.540796,-0.868449,-0.175433,0.4637,-0.0074,0.008272,-0.00051,-0.520843,0.373876,0.256625,0.522405,0.063998,0.026887,-0.078486,0.757165,0.202348,-0.621091,0.357248,0.667742,0.653064,0.546876,-0.716361,0.433303,-0.017859,-0.011382,-0.014801,-0.569342,-0.520648,-0.744152,-1.043936
228,0.122942,-0.021063,0.291913,-0.773144,-0.138343,-0.618995,-0.440838,-0.584501,0.681169,-0.455081,0.79969,0.391694,-0.035203,-0.019256,-0.025636,-0.408291,-0.312952,-0.613939,-1.904551,-0.199228,-0.014768,0.298549,-0.598639,0.613891,0.514548,-0.193569,-0.734085,0.650833,0.778,0.289239,0.557601,2.6e-05,0.016258,-0.002279,-0.856931,-0.975413,-1.02477,0.516406,0.02827,0.036473,-0.031862,0.510529,-0.502684,0.697616,0.084333,0.836674,0.541169,-0.855714,-0.217451,0.469539,-0.007598,0.013539,-0.004888,-2.784336,-3.630021,-3.032157,0.519793,0.06344,0.026626,-0.07914,0.758932,0.219748,-0.612969,0.360529,0.642086,0.676567,0.542254,-0.734462,0.408074,-0.009717,-0.004643,-0.01725,-0.447598,-0.439611,-0.634742,-1.048181
229,0.122069,-0.021881,0.290898,-0.770732,-0.148403,-0.619672,-0.453782,-0.554929,0.697214,-0.446389,0.818745,0.361137,-0.020114,-0.020594,-0.026898,-0.583469,-1.710131,1.803033,-1.903892,-0.199374,-0.013918,0.298106,-0.620302,0.591293,0.515354,-0.158322,-0.737783,0.656159,0.768965,0.324679,0.550581,-0.000905,0.022987,-0.015395,-0.098157,0.252157,-0.010309,0.512251,0.028198,0.036902,-0.032071,0.533019,-0.478199,0.698008,0.047398,0.840549,0.539657,-0.844774,-0.254563,0.470694,-0.000469,0.011327,-0.007886,-0.132682,0.184125,0.182365,0.509832,0.062999,0.026222,-0.07964,0.757094,0.22983,-0.611543,0.374582,0.614217,0.694568,0.535253,-0.754927,0.37893,-0.010042,-0.010311,-0.01346,-0.517525,-0.435198,-0.666931,-1.048508
230,0.121634,-0.022293,0.290424,-0.768882,-0.155351,-0.620268,-0.457622,-0.543864,0.703396,-0.445663,0.824869,0.347854,-0.019962,-0.019649,-0.025846,-0.422016,-0.223291,-0.726956,-1.903269,-0.199445,-0.013412,0.297672,-0.622233,0.588788,0.515894,-0.14932,-0.736062,0.66019,0.769208,0.333016,0.545237,-0.001734,0.03075,-0.027327,-0.284551,0.387545,0.323465,0.512002,0.028163,0.037148,-0.032273,0.536048,-0.474181,0.698429,0.038379,0.840173,0.540958,-0.843313,-0.263175,0.468572,-0.000873,0.015262,-0.013789,-0.060536,0.087712,-0.148334,0.508362,0.062781,0.026016,-0.079878,0.752637,0.23573,-0.614791,0.381666,0.604656,0.699085,0.536533,-0.760803,0.365117,-0.009943,-0.009733,-0.012799,-0.56615,-0.490414,-0.614541,-1.051774
231,0.120868,-0.023063,0.289575,-0.771646,-0.166949,-0.613788,-0.452575,-0.534006,0.714133,-0.446035,0.82905,0.337278,-0.019935,-0.02799,-0.014358,-0.099137,0.117991,-0.328718,-1.903481,-0.199549,-0.01209,0.296248,-0.619804,0.591468,0.515752,-0.136732,-0.728436,0.671281,0.773497,0.344797,0.531678,-0.002859,0.035597,-0.042571,-0.258944,0.399475,0.362586,0.512524,0.028111,0.03783,-0.033,0.532334,-0.478341,0.698433,0.023599,0.833115,0.552595,-0.846205,-0.277683,0.454784,-0.001452,0.017416,-0.021719,-0.277361,0.420713,0.377411,0.507709,0.062398,0.025632,-0.080309,0.753724,0.249051,-0.608172,0.377204,0.593858,0.710668,0.53816,-0.765052,0.353662,-0.001973,-0.008777,-0.011285,-0.001591,0.110369,-0.233269,-1.05455
232,0.120807,-0.023696,0.28888,-0.784373,-0.170199,-0.59652,-0.437499,-0.530002,0.726405,-0.438819,0.830961,0.342007,-0.003168,-0.022898,-0.007083,-0.038527,0.139999,-0.207808,-1.903125,-0.199684,-0.01076,0.294255,-0.600627,0.612331,0.514091,-0.13635,-0.711903,0.688866,0.788535,0.342882,0.5104,-0.003667,0.027721,-0.051644,-0.539284,0.710899,0.561689,0.512788,0.028045,0.038477,-0.033954,0.515138,-0.498252,0.697407,0.021023,0.820776,0.570862,-0.856848,-0.279411,0.433287,-0.001845,0.013497,-0.026231,-0.309883,0.469539,0.382355,0.507383,0.06236,0.025307,-0.080668,0.765994,0.253554,-0.59073,0.362309,0.588799,0.722528,0.531022,-0.76748,0.359152,0.00631,-0.006722,-0.008291,0.005802,0.019775,-0.003248,-1.058632
233,0.120812,-0.023891,0.288647,-0.788892,-0.170553,-0.590428,-0.432119,-0.529253,0.730162,-0.43604,0.831367,0.344566,-0.001752,-0.00772,-0.010027,-0.000393,0.015749,-0.024348,-1.903544,-0.199757,-0.010422,0.293249,-0.593718,0.622107,0.510365,-0.137498,-0.703241,0.697482,0.793548,0.343147,0.50239,-0.003672,0.011878,-0.049086,-0.425317,0.331027,0.776375,0.518164,0.028009,0.038658,-0.034458,0.508192,-0.508691,0.694963,0.020484,0.81384,0.580726,-0.860999,-0.280885,0.424008,-0.001883,0.005509,-0.025005,-0.14045,-1.418115,2.60913,0.510485,0.062362,0.025205,-0.080782,0.770476,0.254422,-0.584496,0.356972,0.587457,0.726267,0.528145,-0.76822,0.3618,-0.000815,-0.003628,-0.00471,-0.004884,0.123164,-0.181876,-1.059448
234,0.120746,-0.023887,0.288429,-0.793286,-0.166302,-0.585735,-0.427808,-0.532346,0.730452,-0.432307,0.830246,0.351894,0.00061,0.011621,-0.00753,0.291549,0.274846,0.200697,-1.902873,-0.199893,-0.010393,0.291472,-0.596654,0.622895,0.50596,-0.121205,-0.693077,0.710554,0.794002,0.361842,0.488357,-0.003096,-0.013999,-0.03742,-3.068611,-3.656194,-2.364897,0.524298,0.02794,0.038681,-0.035361,0.50772,-0.514948,0.690686,0.006606,0.804008,0.594581,-0.861496,-0.297318,0.411614,-0.001521,-0.006972,-0.018665,-0.472459,0.44737,0.501869,0.518323,0.062327,0.025195,-0.080898,0.774851,0.252517,-0.579516,0.352331,0.588634,0.727579,0.524849,-0.767948,0.367134,0.000427,0.006316,-0.003104,0.374251,0.376717,0.272824,-1.057325
235,0.121128,-0.02359,0.288409,-0.805807,-0.167802,-0.567947,-0.411406,-0.531281,0.74058,-0.425012,0.830629,0.359789,0.016848,0.014242,-0.00329,0.037035,-0.043593,0.064364,-1.902739,-0.199935,-0.010957,0.290139,-0.591292,0.630853,0.502382,-0.121716,-0.685505,0.717775,0.797922,0.362469,0.481455,-0.002394,-0.022889,-0.027009,-0.063369,0.110264,-0.024956,0.522288,0.027917,0.038392,-0.036059,0.50595,-0.520965,0.687465,0.001892,0.797671,0.603088,-0.86256,-0.303832,0.404568,-0.001171,-0.011424,-0.013476,-0.006305,-0.035264,0.113148,0.521262,0.062513,0.025347,-0.080903,0.787496,0.253816,-0.561627,0.336054,0.587047,0.736507,0.516639,-0.768734,0.377002,0.008157,0.001455,0.002304,-0.002927,-0.030239,0.04965,-1.06598
236,0.121668,-0.023468,0.28856,-0.810865,-0.163443,-0.561987,-0.409096,-0.528467,0.743865,-0.417567,0.833284,0.362357,0.016075,0.001949,0.003346,0.066777,0.386257,-0.693098,-1.902446,-0.2,-0.011748,0.289281,-0.585228,0.628238,0.512657,-0.114817,-0.689945,0.714651,0.803393,0.358577,0.475231,-0.016562,-0.016059,-0.0182,-0.005746,0.049351,-0.078017,0.524065,0.027889,0.037986,-0.0365,0.498575,-0.516509,0.696161,-0.004179,0.801655,0.597772,-0.866836,-0.300944,0.397527,-0.000604,-0.01376,-0.005711,-0.031526,0.03643,-0.067581,0.521589,0.062785,0.025421,-0.08082,0.792373,0.25001,-0.556451,0.33488,0.584169,0.739324,0.509901,-0.772165,0.379156,0.008122,0.001348,0.002146,0.220995,1.30475,-2.353207,-1.066307
237,0.121907,-0.023387,0.288658,-0.811941,-0.163576,-0.560393,-0.407602,-0.528426,0.744715,-0.416938,0.833285,0.363081,0.001131,0.005068,0.00656,0.000456,-0.015401,0.023642,-1.902924,-0.200068,-0.012071,0.289028,-0.582825,0.625886,0.51824,-0.111305,-0.693117,0.712134,0.80563,0.356575,0.472946,-0.00123,-0.011627,-0.013877,-0.001697,0.017441,-0.025367,0.523086,0.027849,0.037819,-0.036633,0.495339,-0.513246,0.700869,-0.007266,0.804326,0.594143,-0.868669,-0.299394,0.394685,-0.000381,-0.011582,-0.003138,-0.028151,-0.070514,0.101905,0.521916,0.06291,0.025459,-0.080773,0.793919,0.250408,-0.554064,0.332706,0.583811,0.740588,0.508918,-0.772308,0.380186,0.008181,0.001645,0.002528,0.000119,-0.017676,0.035641,-1.061571
238,0.12241,-0.023148,0.288907,-0.820426,-0.164521,-0.547613,-0.395948,-0.527541,0.751598,-0.411525,0.833661,0.368355,0.00132,0.00596,0.007691,0.219969,1.322058,-2.383994,-1.902836,-0.20037,-0.0126,0.288846,-0.580893,0.623919,0.522762,-0.107982,-0.695503,0.710316,0.807473,0.35538,0.470695,-0.00017,-0.017242,0.00077,-0.037867,0.029881,-0.040202,0.519144,0.027698,0.037559,-0.036728,0.492787,-0.51064,0.704562,-0.010232,0.806245,0.591492,-0.87009,-0.298688,0.392082,-0.00768,-0.00219,-0.002166,-0.004345,0.029797,-0.051915,0.51914,0.063162,0.02558,-0.080647,0.800518,0.252134,-0.543689,0.323352,0.582111,0.746049,0.504592,-0.773029,0.384463,0.008277,0.002139,0.00315,0.002871,-0.12702,0.203945,-1.069245
239,0.122805,-0.023039,0.289166,-0.82135,-0.154718,-0.549083,-0.403476,-0.522952,0.7508,-0.402289,0.838403,0.367792,0.016202,0.002722,0.004284,0.004251,-0.13871,0.220521,-1.902615,-0.200833,-0.012608,0.288671,-0.574941,0.627777,0.524719,-0.104886,-0.692454,0.713751,0.812124,0.354535,0.463273,-0.015545,0.009656,-0.008961,-0.373836,0.435224,0.312553,0.513057,0.027467,0.037552,-0.03681,0.487822,-0.513035,0.706274,-0.013334,0.804599,0.593667,-0.87284,-0.299021,0.38566,-0.007749,0.005024,-0.004238,-0.347449,0.413542,0.296071,0.512445,0.063355,0.025639,-0.080512,0.804232,0.242846,-0.542435,0.329162,0.577927,0.746761,0.494836,-0.779119,0.384851,0.000409,0.001885,0.002418,6.4e-05,-0.000167,0.000397,-1.073654
240,0.12291,-0.02299,0.289234,-0.822228,-0.154867,-0.547725,-0.402179,-0.522943,0.751502,-0.401793,0.838382,0.368383,0.000459,0.002091,0.00269,0.002857,-0.108303,0.166798,-1.902145,-0.2011,-0.01253,0.288539,-0.571209,0.630602,0.525408,-0.103318,-0.690143,0.716214,0.814951,0.354026,0.458675,-0.015208,-0.002737,-0.002393,-0.138935,0.175586,0.055188,0.509264,0.027345,0.037593,-0.036867,0.482815,-0.517167,0.7067,-0.016011,0.801644,0.597586,-0.875575,-0.299839,0.378766,-0.007567,-0.001076,-0.00084,-0.187766,0.21451,0.120157,0.509179,0.063408,0.025666,-0.080475,0.805066,0.243119,-0.541073,0.327867,0.577776,0.747447,0.494338,-0.779145,0.385438,0.000281,0.001296,0.001663,0.000279,-0.016813,0.026165,-1.074144
241,0.123214,-0.022937,0.289181,-0.830525,-0.155739,-0.534807,-0.390361,-0.522244,0.75819,-0.39635,0.838657,0.373615,-0.000147,-0.00067,-0.000862,0.2201,1.339155,-2.407351,-1.903095,-0.201465,-0.012454,0.288459,-0.558212,0.64085,0.526973,-0.097282,-0.681193,0.725565,0.824632,0.352944,0.4419,-0.014764,0.001304,0.002448,-0.199647,0.21119,0.153844,0.503788,0.027157,0.037629,-0.036917,0.469663,-0.527452,0.707962,-0.023541,0.794142,0.607275,-0.882531,-0.301881,0.360562,-0.00743,0.000213,0.000704,-0.259025,0.188965,0.356288,0.501667,0.06356,0.025695,-0.080498,0.811478,0.244794,-0.530639,0.318378,0.576245,0.752713,0.490037,-0.779754,0.389673,0.000117,0.005029,-0.004779,0.034162,-0.021935,0.02612,-1.072512
242,0.123297,-0.022892,0.289008,-0.830345,-0.155772,-0.535078,-0.390427,-0.522597,0.757913,-0.396662,0.838431,0.373791,-8.4e-05,0.00861,-0.01141,0.034666,-0.00068,-0.007654,-1.902891,-0.201511,-0.012424,0.288579,-0.546722,0.646073,0.532612,-0.089582,-0.67746,0.730038,0.833149,0.350599,0.427558,0.000306,0.002765,0.003316,-0.083543,0.084587,0.071616,0.496552,0.027128,0.037647,-0.036853,0.457077,-0.532353,0.712516,-0.031906,0.790766,0.611285,-0.888854,-0.302138,0.344456,0.000163,0.001469,0.001762,-0.022715,0.029529,0.040804,0.491543,0.063607,0.025716,-0.080587,0.812755,0.245152,-0.528515,0.316289,0.57617,0.753649,0.489274,-0.779697,0.390746,-6.1e-05,0.004212,-0.005828,0.034631,-0.000822,-0.007291,-1.068756
243,0.123339,-0.0228,0.288841,-0.831403,-0.155981,-0.53337,-0.388643,-0.522895,0.758624,-0.396198,0.838206,0.374787,0.015127,0.006857,-0.0129,0.035812,-0.014412,0.020149,-1.902907,-0.201487,-0.01259,0.28878,-0.541063,0.647182,0.537026,-0.084577,-0.67709,0.730978,0.837351,0.349268,0.420379,0.000755,-0.008535,0.011199,-0.305407,0.288476,0.2172,0.495473,0.02714,0.037568,-0.036755,0.451992,-0.531628,0.716291,-0.03621,0.791401,0.610223,-0.891286,-0.301753,0.338456,0.000547,-0.010374,0.009,-0.519645,0.478316,0.293642,0.487624,0.063628,0.02576,-0.080672,0.813792,0.245518,-0.526747,0.314426,0.576256,0.754363,0.48875,-0.779518,0.391755,0.007555,0.00338,-0.006515,0.035229,-0.017916,0.026247,-1.072022
244,0.123826,-0.022266,0.288303,-0.839046,-0.161754,-0.519502,-0.374864,-0.520248,0.767327,-0.393348,0.838767,0.37653,0.016143,0.020617,-0.017687,0.040552,-0.083297,0.039645,-1.903276,-0.201279,-0.01343,0.289451,-0.53669,0.64317,0.546157,-0.076583,-0.681616,0.727646,0.840924,0.347881,0.414354,0.015872,-0.022187,0.015392,-0.059448,-0.099688,0.160445,0.488705,0.027239,0.037166,-0.036422,0.445354,-0.527089,0.723765,-0.043949,0.794512,0.605655,-0.894274,-0.30154,0.330674,0.008154,-0.016733,0.011653,-0.101463,0.000122,0.008965,0.483379,0.063858,0.026007,-0.080934,0.820588,0.252524,-0.512704,0.300955,0.571708,0.763266,0.485861,-0.780628,0.393139,0.007806,0.004546,-0.005023,0.022791,-0.073515,0.03724,-1.077247
245,0.124319,-0.021832,0.287822,-0.83964,-0.164389,-0.517712,-0.372295,-0.519933,0.76879,-0.394516,0.838453,0.376007,0.014643,-0.0043,-0.004797,0.000707,-0.01504,0.029345,-1.90291,-0.200934,-0.014286,0.289998,-0.535904,0.639437,0.551288,-0.072138,-0.685144,0.724781,0.841817,0.347835,0.412575,0.000537,-0.010574,0.008767,0.266728,-0.309308,-0.256123,0.444367,0.027417,0.036723,-0.036142,0.4425,-0.524089,0.727683,-0.048715,0.796205,0.603062,-0.895443,-0.302304,0.326789,0.007719,-0.005353,0.003852,0.323297,-0.399439,-0.244047,0.448598,0.064112,0.026243,-0.081175,0.820721,0.255197,-0.511165,0.298425,0.571458,0.764445,0.487194,-0.779942,0.392851,0.007329,-0.002152,-0.002408,0.009104,-0.010203,0.033436,-1.073655
246,0.124334,-0.022149,0.287703,-0.839146,-0.16434,-0.518528,-0.373166,-0.519712,0.768517,-0.394743,0.838599,0.375441,-0.000864,-0.004011,-0.005181,-0.0,-0.0,-0.0,-1.902656,-0.200504,-0.014368,0.290341,-0.53776,0.638147,0.550976,-0.072605,-0.686022,0.723904,0.840594,0.348476,0.414524,0.015811,0.008176,0.008869,0.128749,-0.079515,-0.193793,0.414496,0.027631,0.036668,-0.035979,0.445596,-0.521541,0.727625,-0.04739,0.797895,0.60093,-0.893978,-0.302254,0.330823,0.007928,0.004352,0.004745,0.160522,-0.108705,-0.215686,0.397325,0.064125,0.026084,-0.081243,0.820253,0.254999,-0.512014,0.299328,0.571426,0.764116,0.487428,-0.780029,0.392386,-0.00045,-0.002092,-0.002704,-0.000219,0.000642,0.000343,-1.070879
