frame,MLTx,MLTy,MLTz,MLTR1,MLTR2,MLTR3,MLTR4,MLTR5,MLTR6,MLTR7,MLTR8,MLTR9,MLTTVx,MLTTVy,MLTTVz,MLTRVx,MLTRVy,MLTRVz,MLGA,MRTx,MRTy,MRTz,MRTR1,MRTR2,MRTR3,MRTR4,MRTR5,MRTR6,MRTR7,MRTR8,MRTR9,MRTTVx,MRTTVy,MRTTVz,MRTRVx,MRTRVy,MRTRVz,MRGA,SLTx,SLTy,SLTz,SLTR1,SLTR2,SLTR3,SLTR4,SLTR5,SLTR6,SLTR7,SLTR8,SLTR9,SLTTVx,SLTTVy,SLTTVz,SLTRVx,SLTRVy,SLTRVz,SLGA,SRTx,SRTy,SRTz,SRTR1,SRTR2,SRTR3,SRTR4,SRTR5,SRTR6,SRTR7,SRTR8,SRTR9,SRTTVx,SRTTVy,SRTTVz,SRTRVx,SRTRVy,SRTRVz,SRGA
2453,0.16159,0.111586,0.367666,0.227915,0.967228,-0.11211,-0.916769,0.251993,0.309848,0.327656,0.030958,0.944304,-0.010826,-0.017803,0.005506,-0.036339,0.030187,-0.046355,-0.571705,-0.114738,0.075407,0.411009,0.352836,-0.161599,0.92162,-0.795118,0.467294,0.386467,-0.493537,-0.868933,0.035213,-1.6e-05,7.6e-05,2.5e-05,0.0,0.0,0.0,0.509844,0.032433,0.055708,0.020693,-0.200433,0.0326,0.979164,0.862764,-0.46766,0.192176,0.464181,0.883307,0.065608,-6e-06,4.3e-05,1.7e-05,1.4e-05,7e-06,-5e-06,0.506566,0.118363,0.078364,-0.059495,0.166083,0.983532,-0.071271,-0.92713,0.180362,0.328478,0.335923,0.011524,0.941818,-0.005469,-0.009598,0.002497,-0.036251,-0.066861,0.092074,-0.63277
2454,0.161331,0.111224,0.367761,0.221904,0.968314,-0.114767,-0.919413,0.24702,0.305995,0.324367,0.036414,0.945244,-0.021116,-0.019109,0.005433,-0.037674,0.061528,-0.099329,-0.567265,-0.114737,0.075399,0.411006,0.352816,-0.161597,0.921628,-0.795126,0.467296,0.386448,-0.493539,-0.868932,0.035204,0.000339,-0.001638,-0.000543,-0.001606,0.012431,-0.025948,0.510098,0.032433,0.055708,0.020693,-0.200433,0.0326,0.979164,0.862763,-0.46766,0.192176,0.464181,0.883306,0.065608,3e-06,-1e-05,-1e-06,1.1e-05,8e-06,-2.3e-05,0.506403,0.118238,0.078185,-0.059447,0.160013,0.984344,-0.073894,-0.92951,0.17545,0.324388,0.332275,0.016779,0.943033,-0.005488,-0.009697,0.002465,-0.043903,0.051533,-0.071119,-0.630974
2455,0.160591,0.110172,0.368156,0.202803,0.97092,-0.127396,-0.925707,0.232549,0.298261,0.318956,0.056237,0.946114,-0.021603,-0.042149,0.020357,-0.215916,-0.167223,-0.278048,-0.556163,-0.114719,0.075394,0.411004,0.352842,-0.161597,0.921618,-0.795116,0.467294,0.386471,-0.493536,-0.868933,0.035217,0.000288,-0.001393,-0.000462,0.0,0.0,0.0,0.509745,0.032442,0.055704,0.020692,-0.200439,0.032599,0.979163,0.862762,-0.467661,0.19218,0.464181,0.883306,0.065612,0.00017,-0.000817,-0.000271,-0.001597,0.01243,-0.025954,0.50624,0.117876,0.077676,-0.059261,0.141881,0.986142,-0.085978,-0.934936,0.162035,0.315655,0.325212,0.035599,0.94497,-0.010756,-0.015942,0.006228,-0.263874,-0.326263,-0.344996,-0.625095
2456,0.159645,0.108737,0.368752,0.186713,0.97164,-0.145255,-0.932071,0.221959,0.286269,0.310154,0.080731,0.947267,-0.032224,-0.044902,0.019827,0.024672,-0.160856,-0.180806,-0.549469,-0.114702,0.075389,0.411012,0.352874,-0.161592,0.921607,-0.795118,0.467269,0.386497,-0.49351,-0.868948,0.035227,0.0,-0.0,-0.0,0.0,0.0,0.0,0.50992,0.032451,0.055698,0.020694,-0.200471,0.032594,0.979156,0.862768,-0.467638,0.192208,0.464156,0.883318,0.065627,-0.0,6e-06,1e-06,1.1e-05,-8e-06,1.6e-05,0.506076,0.117399,0.076952,-0.058957,0.124483,0.986729,-0.104256,-0.940666,0.15079,0.303987,0.315674,0.06023,0.946954,-0.011047,-0.023003,0.009509,0.545398,-0.531262,0.009146,-0.616931
2457,0.158486,0.10687,0.369588,0.154394,0.973026,-0.17155,-0.942575,0.197141,0.269554,0.295904,0.118872,0.947807,-0.032722,-0.056512,0.027432,0.298949,-0.64667,-0.372797,-0.54969,-0.114712,0.075396,0.411014,0.352871,-0.161593,0.921608,-0.795119,0.467269,0.386495,-0.493511,-0.868947,0.035225,-1e-06,6e-06,2e-06,0.0,0.0,0.0,0.510006,0.032446,0.055702,0.020695,-0.200468,0.032594,0.979157,0.862768,-0.467638,0.192206,0.464157,0.883318,0.065625,1e-06,-2e-06,-0.0,8e-06,4e-06,1.6e-05,0.506076,0.11682,0.076019,-0.058544,0.092905,0.987261,-0.129166,-0.949762,0.126811,0.28613,0.298864,0.096094,0.949444,-0.01638,-0.02841,0.013633,1.681274,-2.001303,0.317671,-0.614318
2458,0.157829,0.105785,0.370087,0.134993,0.973213,-0.18622,-0.948799,0.181164,0.258711,0.285343,0.140552,0.948078,-0.033048,-0.058369,0.026822,-0.127138,-0.278457,-0.526394,-0.545806,-0.114703,0.07539,0.411021,0.352879,-0.161588,0.921606,-0.79513,0.467246,0.386501,-0.493487,-0.868961,0.035223,-0.0,0.0,0.0,0.0,0.0,0.0,0.510049,0.032451,0.055699,0.020699,-0.200477,0.032589,0.979155,0.862779,-0.467616,0.192213,0.464133,0.88333,0.065629,1e-06,-4e-06,1e-06,7e-06,-3e-06,5e-06,0.506076,0.116491,0.07548,-0.058293,0.073095,0.986829,-0.144305,-0.955251,0.110858,0.274233,0.286618,0.117802,0.950774,-0.016563,-0.029534,0.013294,0.303774,-0.75968,-0.428418,-0.612522
2459,0.156447,0.103371,0.37117,0.088518,0.971141,-0.221576,-0.960593,0.142103,0.238832,0.26331,0.190497,0.945731,-0.044217,-0.071747,0.034331,0.623502,-0.990128,-1.958164,-0.545111,-0.114687,0.075393,0.411022,0.352926,-0.161588,0.921588,-0.795113,0.467242,0.386541,-0.493482,-0.868963,0.035246,-0.000208,0.001006,0.000334,0.0,0.0,0.0,0.509747,0.032459,0.055697,0.020698,-0.200526,0.03259,0.979145,0.862768,-0.467618,0.192256,0.464131,0.883329,0.065652,-0.000166,0.000806,0.000267,5e-06,6e-06,-1.8e-05,0.506076,0.115805,0.074279,-0.057754,0.027661,0.983355,-0.17957,-0.964464,0.073474,0.253789,0.262758,0.166169,0.950444,-0.016862,-0.030176,0.013129,2.944011,-3.051552,-5.133167,-0.610399
2460,0.154732,0.100637,0.372422,0.059227,0.966091,-0.251408,-0.966136,0.118868,0.228961,0.251001,0.228133,0.940734,-0.044929,-0.073597,0.033893,0.167929,-0.596188,-0.600429,-0.524232,-0.114671,0.075396,0.411022,0.352972,-0.161589,0.92157,-0.795096,0.467238,0.386581,-0.493476,-0.868965,0.035268,-0.0,0.0,0.0,0.0,0.0,0.0,0.509773,0.032467,0.055702,0.0207,-0.200574,0.03259,0.979136,0.862758,-0.467619,0.192299,0.46413,0.883328,0.065675,0.0,-4e-06,-2e-06,1e-06,4e-06,2e-06,0.505913,0.114948,0.072912,-0.057128,-0.003058,0.977917,-0.208965,-0.968923,0.048789,0.242501,0.247342,0.203213,0.947378,-0.022465,-0.03675,0.016955,1.487252,-1.931679,0.027688,-0.602561
2461,0.153793,0.099138,0.373091,0.036598,0.962542,-0.268734,-0.97074,0.098135,0.219098,0.237211,0.251657,0.938311,-0.045465,-0.075914,0.033139,1.646872,-2.126024,0.267949,-0.520787,-0.114662,0.075389,0.41102,0.352975,-0.161588,0.921569,-0.795095,0.467237,0.386584,-0.493476,-0.868965,0.03527,0.000109,-0.000525,-0.000174,0.0,0.0,0.0,0.509921,0.032471,0.0557,0.020699,-0.200577,0.032589,0.979135,0.862757,-0.467619,0.192301,0.46413,0.883328,0.065677,7.2e-05,-0.00035,-0.000116,-0.0,-1.2e-05,2.2e-05,0.505913,0.114478,0.072166,-0.056793,-0.025889,0.974221,-0.224103,-0.972075,0.02777,0.233018,0.233235,0.223878,0.946297,-0.028118,-0.043501,0.020735,-0.012755,-0.874913,-0.774134,-0.595703
2462,0.15184,0.095884,0.374503,-0.01804,0.949455,-0.313457,-0.979854,0.045607,0.194364,0.198852,0.309469,0.9299,-0.056913,-0.078101,0.033004,1.619968,-2.041353,0.026951,-0.521362,-0.114668,0.07538,0.411026,0.352937,-0.161582,0.921584,-0.795122,0.467219,0.386549,-0.493458,-0.868976,0.035246,0.0,-0.0,-0.0,0.0,0.0,0.0,0.509968,0.032468,0.055694,0.020702,-0.200538,0.032584,0.979143,0.862778,-0.467596,0.192265,0.464108,0.883341,0.065658,-1e-06,4e-06,1e-06,-0.011073,0.085777,-0.179088,0.505913,0.113506,0.070539,-0.056087,-0.080403,0.959623,-0.26955,-0.978189,-0.024004,0.206323,0.191522,0.28026,0.940623,-0.028689,-0.045247,0.020234,0.158392,-0.852431,-1.176874,-0.593417
2463,0.14971,0.092622,0.375864,-0.081215,0.926166,-0.368329,-0.985141,-0.018455,0.17067,0.151365,0.375566,0.914366,-0.058416,-0.092414,0.039964,2.259167,-2.83187,-1.590306,-0.518525,-0.114661,0.075382,0.411027,0.35296,-0.161583,0.921576,-0.795114,0.467217,0.386569,-0.493455,-0.868977,0.035257,0.0,-0.0,-0.0,0.0,0.0,0.0,0.509681,0.032472,0.055695,0.020702,-0.200562,0.032584,0.979138,0.862773,-0.467596,0.192287,0.464107,0.883341,0.065669,1e-06,2e-06,1e-06,9e-06,2e-06,-2.7e-05,0.505913,0.112442,0.068914,-0.055409,-0.140443,0.935631,-0.323835,-0.980076,-0.08498,0.17952,0.140445,0.342595,0.928925,-0.029047,-0.040398,0.016072,3.235746,-3.38887,-5.095666,-0.590478
2464,0.147255,0.089283,0.37719,-0.148482,0.890722,-0.429666,-0.984133,-0.090388,0.152591,0.097257,0.444399,0.890549,-0.069645,-0.080818,0.032841,1.224648,-1.966951,-0.327738,-0.515802,-0.114639,0.075394,0.41103,0.353049,-0.161585,0.921541,-0.795081,0.467208,0.386648,-0.493445,-0.868982,0.0353,-0.000245,0.001184,0.000393,0.0,0.0,0.0,0.509658,0.032483,0.055698,0.020702,-0.200656,0.032585,0.979119,0.862754,-0.467598,0.19237,0.464103,0.883339,0.065713,-0.000165,0.000802,0.000266,9e-06,1.3e-05,-3.7e-05,0.505913,0.111241,0.067272,-0.05476,-0.207688,0.898065,-0.38774,-0.974787,-0.156957,0.158595,0.08157,0.410903,0.908022,-0.029598,-0.041777,0.01565,1.235668,-2.433871,-0.716501,-0.589661
2465,0.14602,0.087722,0.377796,-0.183615,0.868579,-0.460328,-0.980616,-0.129234,0.147184,0.068572,0.47735,0.876049,-0.070331,-0.082429,0.032286,1.239256,-2.269029,-0.792233,-0.507267,-0.114615,0.075399,0.411031,0.353257,-0.161593,0.92146,-0.795004,0.467187,0.386831,-0.49342,-0.868992,0.035396,-4e-06,1.7e-05,6e-06,0.0,0.0,0.0,0.509495,0.032495,0.055704,0.020704,-0.200874,0.032591,0.979074,0.862708,-0.467603,0.192565,0.464094,0.883337,0.065812,0.005226,0.001032,0.000171,0.002052,-0.0152,0.029247,0.505913,0.110575,0.066428,-0.054429,-0.242449,0.874562,-0.419951,-0.968923,-0.196395,0.150387,0.049047,0.443362,0.894999,-0.035183,-0.041344,0.016108,1.186574,-2.264039,-0.828588,-0.586885
2466,0.143289,0.084482,0.379012,-0.238918,0.822743,-0.515808,-0.970992,-0.197109,0.135253,0.009898,0.532136,0.846617,-0.071681,-0.084613,0.031554,-0.037108,-0.674497,-0.880636,-0.500537,-0.11458,0.075423,0.411037,0.353511,-0.158813,0.921846,-0.79499,0.468189,0.385647,-0.493262,-0.868968,0.03808,-3.5e-05,0.000169,5.6e-05,0.006068,-0.016571,-0.008319,0.509382,0.032512,0.055716,0.020707,-0.20098,0.029451,0.979152,0.862528,-0.468521,0.191134,0.464383,0.88296,0.068761,-1.9e-05,9.3e-05,3.2e-05,0.000284,0.010348,0.005076,0.505587,0.109237,0.06484,-0.053833,-0.295134,0.827838,-0.477052,-0.955355,-0.262915,0.134799,-0.013833,0.495538,0.868475,-0.035736,-0.041713,0.016031,1.257936,-2.796514,0.359241,-0.577414
2467,0.140386,0.081211,0.380197,-0.272969,0.77508,-0.569899,-0.959932,-0.258452,0.108192,-0.063102,0.575633,0.815287,-0.072746,-0.076513,0.02225,4.445368,-3.063182,-3.063636,-0.504198,-0.114525,0.075434,0.411039,0.353672,-0.158816,0.921784,-0.79493,0.468174,0.385788,-0.493242,-0.868976,0.038158,0.000126,-0.000609,-0.000202,1e-06,-4e-06,-2e-06,0.509577,0.03254,0.055723,0.020709,-0.20114,0.029771,0.979109,0.86249,-0.468471,0.191427,0.464383,0.882976,0.068551,7.4e-05,-0.000357,-0.000118,-0.000262,0.000769,0.00041,0.505586,0.107786,0.063204,-0.053236,-0.324869,0.782368,-0.531375,-0.941985,-0.317812,0.107977,-0.084399,0.535626,0.840226,-0.036619,-0.043795,0.015267,0.223809,-0.931179,0.479719,-0.578231
2468,0.138919,0.079474,0.380743,-0.277683,0.750334,-0.599947,-0.95524,-0.281941,0.089427,-0.101712,0.596993,0.79579,-0.07435,-0.090956,0.02906,0.116017,-1.42806,0.925758,-0.503234,-0.114509,0.075437,0.41104,0.353718,-0.158816,0.921766,-0.794913,0.46817,0.385828,-0.493236,-0.868978,0.03818,2e-06,-9e-06,-3e-06,0.0,-0.0,-0.0,0.509675,0.032548,0.055723,0.020708,-0.201188,0.029778,0.979099,0.862481,-0.468469,0.191473,0.46438,0.882977,0.068567,1e-06,-6e-06,-3e-06,-9.4e-05,0.000105,7.4e-05,0.505423,0.107053,0.062343,-0.052964,-0.331756,0.757046,-0.562866,-0.934378,-0.345858,0.085554,-0.129904,0.554313,0.822108,-0.0372,-0.045803,0.01442,1.226527,-2.85903,1.321959,-0.578231
2469,0.135883,0.075885,0.38174,-0.302171,0.69678,-0.650566,-0.93533,-0.3484,0.061206,-0.183642,0.626121,0.757809,-0.087186,-0.093291,0.028495,3.244496,-1.643501,-3.059821,-0.500834,-0.114488,0.075457,0.411036,0.353822,-0.158824,0.921724,-0.794861,0.468182,0.385921,-0.493246,-0.86897,0.038235,-0.000215,0.001034,0.000343,0.0,-0.0,-0.0,0.509636,0.032559,0.055731,0.020706,-0.201298,0.029786,0.979076,0.862446,-0.468493,0.191571,0.464397,0.882964,0.068617,-0.000144,0.000692,0.000228,-5e-05,1.9e-05,-2.1e-05,0.50526,0.105568,0.060579,-0.052473,-0.350704,0.706538,-0.614661,-0.912571,-0.405215,0.054896,-0.210284,0.580175,0.786878,-0.038121,-0.04756,0.013664,0.443533,-1.687818,-0.193163,-0.579211
2470,0.132993,0.072494,0.382585,-0.325405,0.639031,-0.69699,-0.907999,-0.416862,0.041646,-0.263539,0.645623,0.71676,-0.066455,-0.096122,0.026242,0.649034,-1.702665,0.1013,-0.487478,-0.114492,0.075474,0.411042,0.353862,-0.158826,0.921709,-0.794846,0.468178,0.385957,-0.493242,-0.868972,0.038253,-3.1e-05,0.000148,4.9e-05,0.0,-0.0,-0.0,0.509329,0.032556,0.055742,0.020709,-0.20134,0.029788,0.979068,0.862438,-0.468493,0.191609,0.464394,0.882964,0.068636,-1.6e-05,7.3e-05,2.3e-05,-2.9e-05,-1.8e-05,1e-05,0.505096,0.104086,0.058848,-0.052045,-0.373231,0.647795,-0.664123,-0.879734,-0.474409,0.031657,-0.294559,0.596068,0.746952,-0.038399,-0.041528,0.009681,3.291501,-2.020856,-3.047625,-0.572352
2471,0.13005,0.069274,0.383401,-0.350425,0.569759,-0.743385,-0.86851,-0.494724,0.030161,-0.350158,0.655497,0.669134,-0.077253,-0.078892,0.020914,3.612236,-1.800488,-3.137403,-0.478446,-0.11451,0.075487,0.411037,0.353989,-0.158839,0.921658,-0.794785,0.468186,0.386072,-0.493249,-0.868965,0.038315,-3e-06,1.5e-05,5e-06,0.0,-0.0,-0.0,0.508933,0.032547,0.055748,0.020707,-0.201474,0.0298,0.97904,0.862397,-0.468517,0.19173,0.464411,0.882951,0.068694,2e-06,-7e-06,-4e-06,-1.8e-05,-9e-06,4e-05,0.505097,0.102617,0.057224,-0.051638,-0.391897,0.581338,-0.713065,-0.838067,-0.545331,0.016008,-0.379551,0.60387,0.700914,-0.038312,-0.034043,0.006255,-0.265432,-1.887901,0.433228,-0.563861
2472,0.128479,0.067841,0.38377,-0.354435,0.538116,-0.764756,-0.852996,-0.521106,0.028589,-0.382702,0.661796,0.644664,-0.076806,-0.065875,0.013329,-0.303999,-1.863523,0.007665,-0.477787,-0.114544,0.075502,0.410986,0.353923,-0.158868,0.921678,-0.794727,0.468325,0.386024,-0.49339,-0.868885,0.038319,-0.001282,0.008074,-0.009912,0.03408,0.00916,-0.003883,0.508578,0.032529,0.055759,0.020683,-0.201406,0.02983,0.979053,0.862337,-0.468652,0.191674,0.464553,0.882879,0.068666,-0.000637,0.004014,-0.004964,0.034068,0.009163,-0.00389,0.504933,0.101831,0.056502,-0.051451,-0.397102,0.549507,-0.735084,-0.817993,-0.575102,0.011977,-0.416168,0.60605,0.677868,-0.043946,-0.032012,0.007345,0.735488,-1.622026,-0.650391,-0.561902
2473,0.125201,0.065363,0.384493,-0.361081,0.477619,-0.800966,-0.819047,-0.573044,0.027457,-0.445433,0.665347,0.599107,-0.0763,-0.057777,0.016838,3.994466,-1.747086,-3.106864,-0.479325,-0.114646,0.0756,0.410757,0.353831,-0.15901,0.921689,-0.794377,0.468951,0.385985,-0.49402,-0.868522,0.038441,0.000601,-0.002898,-0.000963,0.0,-0.0,-0.0,0.51047,0.032479,0.055806,0.020568,-0.201318,0.029973,0.979066,0.862005,-0.469285,0.191614,0.465205,0.882537,0.068639,0.000325,-0.001549,-0.000515,-1.1e-05,8e-06,-1.3e-05,0.505097,0.100162,0.055231,-0.051087,-0.399129,0.489427,-0.775343,-0.781985,-0.623229,0.009142,-0.478742,0.609955,0.631474,-0.038143,-0.028646,0.008594,4.032673,-1.652407,-3.049235,-0.560596
2474,0.121682,0.063435,0.385263,-0.356288,0.431811,-0.828639,-0.793155,-0.608528,0.023858,-0.493513,0.665201,0.560339,-0.086586,-0.046607,0.022327,4.299681,-1.028342,-2.675914,-0.48106,-0.114685,0.075729,0.410433,0.353784,-0.1592,0.921675,-0.793859,0.469816,0.385998,-0.494886,-0.868019,0.038655,-0.000738,0.005451,-0.010775,0.034081,0.009158,-0.003885,0.510315,0.032459,0.055869,0.02041,-0.201284,0.030161,0.979067,0.861537,-0.470149,0.191604,0.466087,0.882071,0.068648,-0.000466,0.003212,-0.005225,0.035694,-0.003339,0.022078,0.50575,0.098434,0.054282,-0.050713,-0.390633,0.445185,-0.805738,-0.756467,-0.654009,0.005394,-0.524559,0.611621,0.592245,-0.04875,-0.021536,0.012243,-0.297652,-0.941909,0.386646,-0.561085
2475,0.119986,0.062754,0.385665,-0.351835,0.411539,-0.840769,-0.783638,-0.62073,0.02403,-0.511571,0.666799,0.541941,-0.085505,-0.039648,0.025528,-0.360307,-1.15857,0.091422,-0.481615,-0.114693,0.075792,0.410275,0.353856,-0.159297,0.92163,-0.793571,0.470228,0.386089,-0.495297,-0.867778,0.038804,-0.000786,0.005685,-0.010695,0.03408,0.009161,-0.003883,0.509346,0.032456,0.0559,0.02033,-0.201366,0.030259,0.979048,0.861281,-0.470584,0.191688,0.466525,0.881836,0.068698,-0.000504,0.003396,-0.005163,0.035694,-0.003333,0.022031,0.50575,0.097585,0.053934,-0.050515,-0.387599,0.425552,-0.817723,-0.742435,-0.669909,0.003285,-0.546402,0.60838,0.575602,-0.048102,-0.013853,0.009009,-0.043611,-0.710782,0.469836,-0.561575
2476,0.116393,0.061768,0.386662,-0.34978,0.373039,-0.859384,-0.758539,-0.651085,0.026052,-0.549387,0.660522,0.511773,-0.083059,-0.025744,0.032006,-0.24053,-1.166478,0.072505,-0.481459,-0.114704,0.075891,0.410024,0.353967,-0.159449,0.921561,-0.793117,0.470879,0.386229,-0.495945,-0.867397,0.039038,-0.001181,0.007588,-0.010056,0.035702,-0.003348,0.022027,0.509468,0.032451,0.055944,0.020204,-0.20147,0.030411,0.979022,0.860883,-0.471268,0.191797,0.467215,0.881465,0.068766,0.000322,-0.001536,-0.000513,-3e-06,-6e-06,-6e-06,0.50526,0.095786,0.053431,-0.050021,-0.383437,0.388435,-0.83791,-0.715579,-0.698521,0.003639,-0.583884,0.600987,0.545795,-0.046775,-0.006423,0.012458,0.260336,-0.552499,-0.032324,-0.562392
2477,0.112917,0.061235,0.387921,-0.346058,0.33165,-0.877666,-0.730542,-0.682178,0.030208,-0.588283,0.651211,0.479452,-0.092604,-0.014581,0.037709,-0.266297,-0.895626,0.014335,-0.466265,-0.114703,0.075908,0.409898,0.353947,-0.159517,0.921557,-0.792932,0.471189,0.38623,-0.496256,-0.867216,0.039115,0.000341,-0.001645,-0.00055,0.0,-0.0,-0.0,0.508777,0.032451,0.055956,0.020137,-0.201468,0.030485,0.97902,0.860694,-0.47161,0.191804,0.467563,0.88128,0.068777,0.000198,-0.000939,-0.000313,-2e-06,4e-06,-4e-06,0.504607,0.094019,0.053162,-0.049376,-0.376485,0.346354,-0.859242,-0.685768,-0.727784,0.007112,-0.62288,0.591919,0.511518,-0.046199,-0.006767,0.01915,-0.272777,-0.893859,0.014711,-0.55782
2478,0.109783,0.060762,0.389363,-0.344019,0.269439,-0.899499,-0.683558,-0.728601,0.043125,-0.643336,0.629358,0.435951,-0.069101,-0.014007,0.03717,-0.301414,-1.349448,-0.390954,-0.437958,-0.114695,0.075874,0.409868,0.353856,-0.159522,0.921591,-0.792938,0.471243,0.386152,-0.496311,-0.867186,0.039086,0.000166,-0.000798,-0.000267,0.0,0.0,0.0,0.510414,0.032455,0.055939,0.020122,-0.201373,0.030491,0.97904,0.86069,-0.471653,0.191719,0.467613,0.881257,0.068735,9e-05,-0.000427,-0.000144,-2e-06,-1.6e-05,1.6e-05,0.505423,0.092479,0.052938,-0.048666,-0.371602,0.28724,-0.882838,-0.63579,-0.771684,0.01654,-0.676522,0.567446,0.469384,-0.040236,-0.006095,0.01928,-0.045418,-1.633969,-0.539013,-0.538061
2479,0.108367,0.060491,0.390124,-0.339867,0.232375,-0.911338,-0.656568,-0.752387,0.052952,-0.672959,0.61606,0.409418,-0.080303,-0.01115,0.038992,-0.388605,-1.689279,-0.639815,-0.437266,-0.114699,0.075848,0.409869,0.353778,-0.159514,0.921622,-0.792981,0.471228,0.386081,-0.496298,-0.867195,0.039043,6.9e-05,-0.000332,-0.000111,0.0,0.0,0.0,0.511023,0.032453,0.055926,0.020122,-0.201291,0.030483,0.979057,0.860719,-0.471628,0.191645,0.467593,0.88127,0.068697,2e-05,-0.000101,-3.5e-05,-5e-06,-3e-06,2e-06,0.505913,0.091777,0.052805,-0.048284,-0.365724,0.25214,-0.895918,-0.607249,-0.794136,0.024391,-0.705332,0.552966,0.443547,-0.034332,-0.005938,0.019149,-0.0055,-1.513691,-0.614479,-0.53202
2480,0.10575,0.059887,0.391777,-0.333314,0.154463,-0.930101,-0.594877,-0.799778,0.080304,-0.731063,0.579866,0.359623,-0.056871,-0.011622,0.037951,1.141415,-1.534536,-0.910098,-0.442857,-0.114731,0.075808,0.409857,0.353721,-0.159515,0.921644,-0.793002,0.471233,0.386033,-0.496305,-0.867192,0.039015,0.000186,-0.000897,-0.0003,0.0,0.0,0.0,0.511342,0.032437,0.055908,0.020117,-0.201231,0.030484,0.979069,0.860732,-0.471626,0.191593,0.467595,0.881271,0.068667,0.000114,-0.000548,-0.000184,-1e-06,-1.1e-05,1.1e-05,0.50624,0.090485,0.052511,-0.047475,-0.353779,0.176541,-0.918516,-0.547037,-0.835607,0.050093,-0.758676,0.520185,0.392195,-0.028947,-0.011259,0.023352,-0.276976,-1.258762,-0.300076,-0.531693
2481,0.103495,0.059219,0.393605,-0.319924,0.093982,-0.942794,-0.553572,-0.826082,0.105443,-0.768525,0.555518,0.317485,-0.0463,-0.030212,0.056428,-0.422142,-1.287237,-0.459232,-0.444195,-0.114737,0.075798,0.409854,0.353678,-0.159513,0.921661,-0.793018,0.471238,0.385995,-0.49631,-0.86719,0.038994,2e-06,-1.1e-05,-4e-06,0.0,0.0,0.0,0.51187,0.032434,0.055902,0.020115,-0.201186,0.030483,0.979078,0.860742,-0.471625,0.191553,0.467597,0.881272,0.068646,-4e-06,2.4e-05,8e-06,-2e-06,-0.0,-8e-06,0.507056,0.089327,0.052175,-0.04655,-0.337407,0.115515,-0.934244,-0.499033,-0.863463,0.073465,-0.798199,0.491006,0.348984,-0.028457,-0.009145,0.024377,-0.186015,-0.851919,-0.293065,-0.533163
2482,0.102444,0.058768,0.394614,-0.311813,0.071848,-0.947447,-0.532639,-0.838932,0.111621,-0.786443,0.539359,0.30104,-0.057927,-0.028968,0.057563,-0.200185,-0.77821,-0.279014,-0.444875,-0.114737,0.075798,0.409854,0.353678,-0.159513,0.921661,-0.793018,0.471238,0.385995,-0.49631,-0.86719,0.038994,0.0,-0.0,-0.0,0.0,0.0,0.0,0.511836,0.032434,0.055903,0.020115,-0.201186,0.030483,0.979078,0.860742,-0.471625,0.191553,0.467597,0.881272,0.068646,-3e-06,1.8e-05,8e-06,-1e-06,-3e-06,2.4e-05,0.507219,0.088808,0.051955,-0.046044,-0.326965,0.092609,-0.940487,-0.477412,-0.875047,0.079809,-0.81558,0.475094,0.330323,-0.022791,-0.010113,0.023735,0.122373,-1.019373,-0.425712,-0.533653
2483,0.100654,0.057496,0.396872,-0.29942,0.023462,-0.953857,-0.474336,-0.871058,0.127416,-0.82751,0.490566,0.27313,-0.046533,-0.030415,0.056642,5.005082,-1.376465,-1.662887,-0.44364,-0.114729,0.0758,0.409854,0.353701,-0.159514,0.921652,-0.793009,0.471235,0.386015,-0.496307,-0.867191,0.039005,0.0,-0.0,-0.0,0.0,0.0,0.0,0.512077,0.032438,0.055904,0.020115,-0.20121,0.030483,0.979073,0.860737,-0.471624,0.191574,0.467595,0.881272,0.068658,3e-06,8e-06,7e-06,7e-06,1.6e-05,4.5e-05,0.507709,0.087909,0.05132,-0.044914,-0.311819,0.047441,-0.948955,-0.422215,-0.901643,0.093661,-0.851177,0.429868,0.30118,-0.018054,-0.021397,0.032168,-0.251114,-0.764367,-0.435951,-0.533816
2484,0.099167,0.055829,0.399431,-0.288747,-0.01521,-0.957309,-0.419693,-0.896667,0.14078,-0.860175,0.442439,0.25372,-0.036995,-0.052621,0.07386,0.151901,-0.392908,-0.322464,-0.44204,-0.114731,0.075808,0.409857,0.353721,-0.159515,0.921644,-0.793002,0.471233,0.386033,-0.496305,-0.867192,0.039015,-5.7e-05,0.000274,9.2e-05,0.0,0.0,0.0,0.511374,0.032437,0.055908,0.020116,-0.201231,0.030484,0.979069,0.860733,-0.471624,0.191593,0.467593,0.881272,0.068667,-3.2e-05,0.000178,6.4e-05,1.7e-05,1.7e-05,-3e-06,0.507383,0.087162,0.050495,-0.04364,-0.298395,0.00769,-0.954411,-0.361049,-0.926569,0.105415,-0.883518,0.376044,0.27926,-0.017962,-0.020795,0.032576,1.303534,-0.6454,-0.632674,-0.532673
2485,0.098066,0.053905,0.402148,-0.281609,-0.056576,-0.957884,-0.346976,-0.924698,0.156568,-0.894267,0.376518,0.241967,-0.024254,-0.042695,0.064415,0.227539,-0.322852,-0.181,-0.440632,-0.114723,0.075809,0.409857,0.353744,-0.159515,0.921635,-0.792993,0.471231,0.386053,-0.496302,-0.867193,0.039026,-0.0,0.0,0.0,0.0,0.0,0.0,0.511398,0.032441,0.055909,0.020117,-0.201255,0.030484,0.979064,0.860728,-0.471625,0.191615,0.467593,0.881272,0.068679,2e-06,-3e-06,2e-06,1.5e-05,-1.3e-05,1.3e-05,0.507383,0.086606,0.049528,-0.04228,-0.288683,-0.033239,-0.956846,-0.286519,-0.950596,0.119465,-0.913547,0.308642,0.264898,-0.012786,-0.027055,0.036562,1.342587,-0.507786,-0.515248,-0.53153
2486,0.097661,0.052878,0.403563,-0.277554,-0.079159,-0.957467,-0.306975,-0.937042,0.166402,-0.91002,0.340197,0.236974,-0.013483,-0.054018,0.07279,0.119994,-0.387735,-0.468686,-0.439761,-0.114723,0.075809,0.409857,0.353744,-0.159515,0.921635,-0.792993,0.471231,0.386053,-0.496302,-0.867193,0.039026,-0.0,0.0,0.0,0.0,0.0,0.0,0.511505,0.032441,0.055909,0.020117,-0.201255,0.030484,0.979064,0.860728,-0.471626,0.191615,0.467593,0.881271,0.068678,2e-06,-2e-06,1e-06,1.4e-05,-2.1e-05,1.8e-05,0.507383,0.086394,0.048997,-0.041548,-0.283815,-0.054925,-0.957304,-0.245425,-0.960941,0.127896,-0.926938,0.271245,0.25925,-0.006745,-0.026956,0.036455,0.095232,-0.451521,-0.519611,-0.530877
2487,0.097103,0.050545,0.406558,-0.267452,-0.124991,-0.955454,-0.197278,-0.963441,0.181203,-0.942845,0.237103,0.234207,-0.015067,-0.066591,0.08144,5.423521,-1.3684,-1.52617,-0.439947,-0.114729,0.0758,0.409854,0.353701,-0.159514,0.921652,-0.793009,0.471235,0.386015,-0.496307,-0.867191,0.039005,0.000245,-0.001183,-0.000396,0.0,0.0,0.0,0.512501,0.032437,0.055906,0.020116,-0.20121,0.030483,0.979073,0.860737,-0.471625,0.191574,0.467595,0.881272,0.068658,0.000142,-0.000678,-0.000225,9e-06,-1.2e-05,3.5e-05,0.507383,0.086123,0.047863,-0.040078,-0.272216,-0.098315,-0.9572,-0.139879,-0.980156,0.140453,-0.952014,0.172125,0.253062,-0.001851,-0.034423,0.039993,1.242229,-0.706198,-0.741377,-0.529897
2488,0.096936,0.0478,0.40969,-0.264912,-0.176361,-0.948032,-0.083796,-0.975201,0.204775,-0.960311,0.133901,0.244747,-0.003521,-0.068639,0.080526,4.991394,-0.583066,-2.408408,-0.440496,-0.11473,0.075807,0.409837,0.35371,-0.159524,0.921647,-0.792978,0.471279,0.386025,-0.49635,-0.867166,0.039022,2.5e-05,-0.000122,-4.1e-05,0.0,0.0,0.0,0.51377,0.032437,0.055907,0.020107,-0.20122,0.030493,0.979071,0.86071,-0.47167,0.191584,0.467641,0.881247,0.068664,1.4e-05,-6.6e-05,-2.2e-05,7e-06,-9e-06,2.7e-05,0.508526,0.086034,0.046487,-0.038513,-0.26526,-0.149588,-0.952501,-0.025405,-0.986464,0.161996,-0.963841,0.067169,0.257869,-0.001698,-0.03425,0.04034,-0.153216,1.240128,-2.635469,-0.530223
2489,0.096882,0.04652,0.411226,-0.263273,-0.198735,-0.944054,-0.040928,-0.975369,0.216685,-0.96354,0.095926,0.249832,-0.002981,-0.066862,0.081543,4.983773,-1.080795,-1.495699,-0.44188,-0.114729,0.075799,0.409835,0.353551,-0.159516,0.921709,-0.793037,0.471295,0.385884,-0.496369,-0.867159,0.038949,1.4e-05,-6.5e-05,-2.2e-05,0.0,0.0,0.0,0.514234,0.032438,0.055903,0.020106,-0.201053,0.030486,0.979105,0.860745,-0.471667,0.191434,0.467648,0.881249,0.068589,5e-06,-2.2e-05,-6e-06,3e-06,1e-05,3e-06,0.509179,0.086007,0.045844,-0.037747,-0.262772,-0.172876,-0.949244,0.017767,-0.984517,0.174382,-0.964694,0.028957,0.261775,-0.001428,-0.033127,0.040934,-0.142794,0.165121,-0.279115,-0.530223
2490,0.096853,0.043956,0.414399,-0.248674,-0.23556,-0.939531,0.06066,-0.97186,0.227554,-0.966389,-0.000119,0.257137,-0.002597,-0.065768,0.082495,5.059043,-1.167104,-1.5646,-0.43544,-0.114726,0.07579,0.409822,0.353288,-0.162295,0.921325,-0.793041,0.470315,0.38707,-0.49655,-0.867171,0.036275,9.3e-05,-0.000446,-0.00015,-0.001654,0.004506,0.002285,0.514447,0.032439,0.0559,0.0201,-0.20094,0.033538,0.979029,0.860919,-0.470782,0.192826,0.467376,0.881611,0.065726,6.9e-05,-0.000334,-0.000112,0.002974,-0.016167,-0.008121,0.509669,0.085992,0.044564,-0.036159,-0.246073,-0.208841,-0.946484,0.118991,-0.975633,0.184337,-0.961919,-0.067263,0.264927,0.004501,-0.033754,0.04063,0.191047,0.074547,-0.386126,-0.528591
2491,0.097032,0.041541,0.417574,-0.235004,-0.262027,-0.936035,0.126691,-0.963022,0.237718,-0.963421,-0.062404,0.260679,-0.000951,-0.060223,0.085335,-0.136939,0.076304,-0.117533,-0.437076,-0.114725,0.07583,0.409798,0.353389,-0.162319,0.921282,-0.792948,0.470393,0.387165,-0.496626,-0.867124,0.036346,-8e-06,3.9e-05,1.3e-05,-0.0,1e-06,1e-06,0.514472,0.03244,0.055919,0.020087,-0.201055,0.033329,0.979012,0.860844,-0.470922,0.192818,0.467465,0.881544,0.06599,-4e-06,2.4e-05,9e-06,0.000205,-0.000471,-0.000273,0.510322,0.08608,0.043349,-0.034575,-0.229225,-0.235942,-0.944344,0.190082,-0.962348,0.194301,-0.954633,-0.134964,0.265442,0.005201,-0.031444,0.041841,0.17884,0.061672,-0.358623,-0.526631
2492,0.09735,0.039222,0.420928,-0.221337,-0.281699,-0.933649,0.179631,-0.952767,0.244826,-0.958245,-0.11318,0.26265,0.011766,-0.058547,0.085914,-0.145288,0.137447,-0.271528,-0.439699,-0.114733,0.075876,0.409747,0.35347,-0.162357,0.921244,-0.792822,0.470539,0.387247,-0.496771,-0.867038,0.036426,2e-06,-9e-06,-3e-06,-0.0,0.0,0.0,0.514067,0.032436,0.055942,0.020062,-0.201141,0.033362,0.978993,0.860736,-0.471086,0.192898,0.467626,0.881455,0.066039,-0.00086,0.005104,-0.004587,0.035768,-0.003356,0.02203,0.510322,0.08623,0.042211,-0.03293,-0.214383,-0.254551,-0.942997,0.242058,-0.949173,0.201188,-0.94628,-0.185129,0.265103,0.005967,-0.028834,0.043144,1.284151,-0.317702,-0.487748,-0.527938
2493,0.097554,0.038224,0.42248,-0.218844,-0.287412,-0.932495,0.19809,-0.948824,0.245899,-0.955178,-0.130555,0.265741,0.012971,-0.047216,0.076963,-0.074668,0.146441,-0.030058,-0.44155,-0.114738,0.075906,0.409719,0.353527,-0.16238,0.921218,-0.792745,0.470621,0.387304,-0.496853,-0.866989,0.036477,0.0,-0.0,-0.0,-0.0,0.0,0.0,0.51368,0.032433,0.055957,0.020048,-0.201203,0.033385,0.97898,0.860672,-0.47118,0.192956,0.467718,0.881404,0.06607,1e-06,5e-06,2e-06,4.2e-05,2.1e-05,3.1e-05,0.509995,0.086336,0.041686,-0.032119,-0.211593,-0.260414,-0.942025,0.260392,-0.944032,0.20248,-0.942031,-0.202453,0.26756,0.006209,-0.028052,0.043578,0.218952,0.098722,-0.128753,-0.528917
2494,0.097968,0.036489,0.4256,-0.216211,-0.305397,-0.927378,0.247189,-0.935999,0.250549,-0.944275,-0.174694,0.279021,0.014446,-0.042066,0.079388,1.355206,0.107147,-0.552536,-0.441556,-0.114745,0.075958,0.409633,0.353605,-0.162437,0.921178,-0.792565,0.470856,0.387389,-0.497086,-0.866851,0.03658,0.000156,-0.000752,-0.000252,-0.0,0.0,0.0,0.513733,0.03243,0.055984,0.020005,-0.201288,0.033443,0.97896,0.860515,-0.471433,0.193038,0.46797,0.881267,0.066116,9.9e-05,-0.000473,-0.000157,3.2e-05,2e-05,-5e-06,0.509832,0.086542,0.040815,-0.03056,-0.207856,-0.277992,-0.937824,0.307031,-0.928851,0.207283,-0.928723,-0.244857,0.27842,0.007378,-0.016318,0.034538,4.898996,-0.410165,-2.345847,-0.531367
2495,0.098482,0.035023,0.428692,-0.218852,-0.323818,-0.920484,0.285826,-0.923226,0.256767,-0.93269,-0.206509,0.295754,0.01618,-0.028653,0.071202,0.066076,0.619721,-0.012151,-0.438721,-0.114745,0.075976,0.409525,0.353596,-0.162495,0.921171,-0.792402,0.471121,0.387399,-0.497351,-0.866696,0.03665,-0.001357,0.008436,-0.009765,0.035709,-0.003382,0.02201,0.513915,0.032429,0.055993,0.019951,-0.201283,0.033502,0.978959,0.860364,-0.471706,0.193041,0.468249,0.881118,0.066122,-0.000669,0.004177,-0.004897,0.035738,-0.003382,0.022041,0.509832,0.086793,0.040092,-0.029041,-0.207219,-0.297097,-0.93209,0.345761,-0.91352,0.214309,-0.915154,-0.277872,0.292024,0.008072,-0.014234,0.035633,1.326905,-0.277601,-0.644288,-0.52908
2496,0.098739,0.034428,0.43012,-0.221854,-0.329299,-0.917817,0.294361,-0.919955,0.258856,-0.929317,-0.212339,0.302174,0.015998,-0.036521,0.081954,-0.086522,0.738443,0.036981,-0.438488,-0.114741,0.075965,0.409474,0.353548,-0.162518,0.921186,-0.792351,0.471236,0.387363,-0.497467,-0.866629,0.036659,0.000546,-0.002633,-0.000883,-0.0,0.0,0.0,0.51396,0.032431,0.055989,0.019927,-0.201233,0.033525,0.978969,0.860312,-0.471819,0.192999,0.468367,0.881057,0.066104,0.000322,-0.001543,-0.000518,-0.001607,0.01255,-0.02589,0.509832,0.086927,0.039783,-0.0283,-0.209696,-0.303045,-0.929618,0.354373,-0.90967,0.216605,-0.911288,-0.284011,0.298145,0.002618,-0.011983,0.036892,-0.225054,0.143246,-0.200228,-0.528591
2497,0.099383,0.033488,0.432879,-0.227368,-0.341438,-0.912014,0.31203,-0.912686,0.263842,-0.922187,-0.224169,0.315193,0.017754,-0.015551,0.062705,-0.077802,0.469068,-0.023856,-0.434152,-0.114734,0.075943,0.409373,0.353451,-0.162562,0.921215,-0.792249,0.471467,0.387291,-0.497698,-0.866496,0.036676,0.000417,-0.002011,-0.000676,-0.0,0.0,0.0,0.513857,0.032435,0.055977,0.019875,-0.201134,0.03357,0.978988,0.860206,-0.472045,0.192916,0.468603,0.880934,0.066067,0.000303,-0.001453,-0.000488,1.2e-05,7e-06,2.3e-05,0.509995,0.087249,0.039308,-0.026912,-0.21577,-0.315657,-0.924014,0.371683,-0.901618,0.221213,-0.902936,-0.295709,0.311867,0.014377,-0.013344,0.035751,-0.071377,0.712755,-0.133555,-0.528101
2498,0.100222,0.032896,0.435268,-0.241604,-0.348207,-0.905773,0.320595,-0.909633,0.264118,-0.915589,-0.226148,0.332535,0.018339,-0.005898,0.052624,0.059847,0.798863,0.115722,-0.421422,-0.11473,0.075897,0.409282,0.353282,-0.162593,0.921275,-0.792201,0.47166,0.387153,-0.497894,-0.866384,0.036648,0.000492,-0.002376,-0.000799,-0.0,0.0,0.0,0.513699,0.032437,0.055952,0.019829,-0.200958,0.033603,0.979022,0.860142,-0.472224,0.192764,0.468795,0.880837,0.065994,0.00025,-0.001201,-0.000403,7e-06,6e-06,5e-06,0.509995,0.087669,0.039011,-0.025713,-0.228256,-0.323603,-0.918248,0.379734,-0.898041,0.222088,-0.896493,-0.297998,0.327866,0.008895,-0.007473,0.031451,-0.148325,0.230107,-0.081216,-0.522549
2499,0.100659,0.03273,0.4363,-0.250563,-0.350439,-0.902472,0.320057,-0.909756,0.264348,-0.913357,-0.222178,0.341238,0.029524,-0.009097,0.050687,-0.054408,0.382189,-0.002128,-0.401715,-0.114722,0.075863,0.409251,0.35319,-0.162598,0.921309,-0.792208,0.471714,0.387074,-0.497949,-0.866354,0.036619,0.000497,-0.002396,-0.000807,-0.0,0.0,0.0,0.514091,0.032441,0.055936,0.019814,-0.200862,0.033609,0.979042,0.860137,-0.472267,0.192679,0.468846,0.880813,0.065952,0.000303,-0.001458,-0.00049,9e-06,-1.3e-05,2.6e-05,0.509995,0.087884,0.038932,-0.025195,-0.23959,-0.326476,-0.914335,0.379616,-0.898292,0.221274,-0.893581,-0.294082,0.339157,0.009043,-0.003221,0.026175,-0.054581,0.41851,-0.022396,-0.514221
2500,0.101348,0.03266,0.438152,-0.265505,-0.356775,-0.895692,0.319692,-0.909032,0.267265,-0.909237,-0.214949,0.356529,0.01852,0.002487,0.041896,-0.069383,0.208866,-0.077762,-0.363034,-0.114704,0.075821,0.40919,0.353085,-0.162617,0.921346,-0.792178,0.471835,0.386987,-0.498071,-0.866284,0.036602,0.000278,-0.001339,-0.000451,-0.0,0.0,0.0,0.513433,0.032451,0.055913,0.019783,-0.200752,0.033628,0.979064,0.860098,-0.472379,0.192583,0.468966,0.880753,0.065907,0.000158,-0.000759,-0.000255,6e-06,-9e-06,3.3e-05,0.509832,0.088232,0.038892,-0.024266,-0.254095,-0.333975,-0.907686,0.379084,-0.897788,0.224213,-0.889792,-0.287118,0.354728,0.009247,0.001303,0.020963,-0.082862,0.181703,-0.085929,-0.489891
2501,0.101819,0.032701,0.439784,-0.266507,-0.36303,-0.892876,0.317298,-0.907768,0.274318,-0.90978,-0.209756,0.35823,0.017492,-0.001173,0.040377,-0.100079,0.001116,0.059281,-0.317268,-0.114677,0.075809,0.409185,0.353252,-0.162623,0.921281,-0.792116,0.471818,0.387135,-0.498051,-0.866293,0.03668,1e-06,-5e-06,-2e-06,-0.0,0.0,0.0,0.512471,0.032464,0.055907,0.01978,-0.200929,0.033634,0.979028,0.86006,-0.472383,0.192741,0.468959,0.880751,0.065988,-1.2e-05,6.2e-05,2.2e-05,1e-05,-1.8e-05,-3.3e-05,0.509015,0.088475,0.038917,-0.023433,-0.254132,-0.34048,-0.905256,0.376436,-0.897001,0.231699,-0.890905,-0.281889,0.356125,0.008671,-0.000772,0.020109,-0.101853,-0.002148,0.058286,-0.460988
2502,0.102153,0.032923,0.441138,-0.267255,-0.364945,-0.891871,0.314788,-0.907804,0.277077,-0.910432,-0.206253,0.358609,0.006262,0.009173,0.031074,-0.078833,0.078544,-0.166736,-0.276216,-0.114666,0.075837,0.409194,0.353358,-0.162627,0.921239,-0.792076,0.471807,0.387229,-0.498038,-0.866298,0.03673,-6.9e-05,0.000332,0.000112,0.0,0.0,0.0,0.512256,0.032469,0.055922,0.019785,-0.20104,0.033637,0.979005,0.860037,-0.472385,0.19284,0.468954,0.880749,0.06604,-4.4e-05,0.000219,7.6e-05,1e-06,1.4e-05,4e-06,0.508852,0.088637,0.039019,-0.02278,-0.254703,-0.342377,-0.90438,0.374016,-0.897319,0.234369,-0.891761,-0.278558,0.356604,0.003157,0.004766,0.015602,-0.077529,0.068728,-0.139636,-0.4298
2503,0.102194,0.033161,0.441729,-0.264841,-0.365579,-0.892332,0.313211,-0.907793,0.278894,-0.911683,-0.205178,0.356038,-0.003969,0.023077,0.023143,-0.076982,-0.145983,-0.015818,-0.252629,-0.114663,0.075821,0.409198,0.353324,-0.16262,0.921254,-0.792103,0.471789,0.387197,-0.49802,-0.866309,0.036708,5.6e-05,-0.00027,-9.1e-05,0.0,0.0,0.0,0.512171,0.03247,0.055915,0.019788,-0.201004,0.03363,0.979012,0.860057,-0.472362,0.192807,0.468933,0.880762,0.066023,4.4e-05,-0.00021,-7e-05,-1e-06,1.1e-05,1.3e-05,0.508689,0.088662,0.039131,-0.022472,-0.252428,-0.342941,-0.904804,0.372402,-0.897491,0.236275,-0.893082,-0.277309,0.354264,-0.002301,0.00677,0.016663,-0.142791,-0.117669,-0.237866,-0.414614
2504,0.102119,0.03391,0.442846,-0.254702,-0.370871,-0.893099,0.309613,-0.906198,0.287952,-0.915803,-0.202719,0.346752,-0.003354,0.025227,0.023782,-0.229271,-0.526206,-0.354786,-0.194349,-0.114666,0.075795,0.409189,0.353241,-0.162617,0.921286,-0.792134,0.471797,0.387123,-0.49803,-0.866305,0.036669,0.000315,-0.001518,-0.000512,0.0,0.0,0.0,0.512001,0.032469,0.055904,0.019784,-0.200916,0.033627,0.97903,0.860075,-0.47236,0.192729,0.468937,0.880763,0.065983,0.000177,-0.00085,-0.000287,1e-06,-8e-06,2.8e-05,0.508526,0.088623,0.039514,-0.021905,-0.243173,-0.347512,-0.905594,0.368981,-0.896572,0.24497,-0.897061,-0.274578,0.346247,-0.00167,0.012712,0.011927,-0.298378,-0.710312,-0.41037,-0.374934
2505,0.101793,0.035004,0.443813,-0.23967,-0.388594,-0.889718,0.30643,-0.899843,0.310411,-0.920934,-0.197764,0.335853,-0.014043,0.029462,0.025834,-0.251029,-0.459854,-0.575281,-0.113946,-0.114656,0.075746,0.409182,0.353264,-0.162613,0.921278,-0.792139,0.471773,0.387143,-0.498006,-0.866319,0.036674,0.000181,-0.000874,-0.000295,0.0,0.0,0.0,0.51292,0.032474,0.055877,0.01978,-0.200941,0.033623,0.979025,0.860083,-0.472338,0.19275,0.468912,0.880775,0.065993,9.3e-05,-0.000442,-0.000148,-1e-06,1.6e-05,-2.1e-05,0.508362,0.088465,0.04005,-0.021431,-0.226901,-0.364156,-0.903274,0.365609,-0.891482,0.267562,-0.902687,-0.269536,0.335416,-0.006719,0.019591,0.007852,-0.306863,-0.830165,-0.455407,-0.323498
2506,0.10156,0.035607,0.444242,-0.22924,-0.397372,-0.888589,0.304655,-0.896306,0.322168,-0.924185,-0.196372,0.32764,-0.014005,0.036611,0.014658,-0.264127,-0.611525,-0.603668,-0.062568,-0.114648,0.075706,0.409178,0.35317,-0.162604,0.921316,-0.792188,0.471761,0.387058,-0.497995,-0.866328,0.036624,0.000234,-0.001128,-0.000381,0.0,0.0,0.0,0.513296,0.032478,0.055857,0.019777,-0.200841,0.033615,0.979046,0.860116,-0.472314,0.19266,0.468893,0.880788,0.065947,0.000119,-0.00057,-0.000193,1e-06,-9e-06,4e-06,0.508526,0.08835,0.040354,-0.021211,-0.216426,-0.372273,-0.902536,0.36385,-0.888604,0.279276,-0.905964,-0.267945,0.327769,-0.007271,0.013734,0.012516,-0.323876,-0.676702,-0.672764,-0.291166
2507,0.101048,0.03677,0.444875,-0.210716,-0.411796,-0.886604,0.301988,-0.890011,0.341547,-0.929475,-0.195269,0.313005,-0.015386,0.030936,0.01247,-0.224432,-0.460895,-0.551842,0.05718,-0.114639,0.075623,0.40915,0.353223,-0.162607,0.921295,-0.792168,0.471755,0.387105,-0.497989,-0.86633,0.036648,0.000342,-0.001649,-0.000557,0.0,0.0,0.0,0.515106,0.032483,0.055816,0.019764,-0.200898,0.033618,0.979035,0.860105,-0.472315,0.192711,0.468891,0.880788,0.065972,0.000208,-0.001,-0.000338,-1e-06,3e-06,-1.5e-05,0.509505,0.088096,0.040943,-0.020891,-0.196505,-0.385554,-0.901517,0.360984,-0.883311,0.299084,-0.911633,-0.266662,0.312754,-0.007922,0.014661,0.005956,-0.203206,-0.515009,-0.393079,-0.20054
2508,0.10044,0.037933,0.445293,-0.199944,-0.423748,-0.883462,0.289446,-0.886958,0.359858,-0.935836,-0.183243,0.301098,-0.016036,0.028049,0.01134,-1.690717,0.173453,-0.069752,0.204277,-0.114642,0.075477,0.409102,0.353067,-0.162602,0.921355,-0.792226,0.471771,0.386967,-0.498007,-0.866322,0.036574,0.000688,-0.003318,-0.001123,0.0,0.0,0.0,0.515718,0.032485,0.055747,0.019741,-0.200757,0.033614,0.979064,0.860134,-0.472312,0.192586,0.468897,0.88079,0.065908,0.000484,-0.002331,-0.000788,-0.001636,0.012559,-0.025855,0.510975,0.087791,0.041524,-0.020683,-0.184359,-0.397203,-0.899022,0.350104,-0.881242,0.317552,-0.918388,-0.256207,0.301527,-0.008117,0.014141,0.005498,-5.096658,1.477918,1.279178,-0.026635
2509,0.099827,0.038903,0.445627,-0.197206,-0.4304,-0.880858,0.266367,-0.888212,0.374299,-0.943244,-0.160289,0.290905,-0.006811,0.018259,0.007108,-0.080192,-0.113175,-0.251323,0.295533,-0.114624,0.075269,0.409052,0.349979,-0.16883,0.921413,-0.783803,0.485741,0.386838,-0.51329,-0.857359,0.036495,0.001186,-0.00572,-0.00194,0.039613,0.029883,-0.024247,0.51757,0.032489,0.055644,0.019716,-0.197867,0.039973,0.979413,0.852264,-0.486586,0.192039,0.484245,0.872717,0.062212,0.000518,-0.002497,-0.000849,0.138873,0.056087,0.005897,0.511955,0.087483,0.042019,-0.020512,-0.179986,-0.403665,-0.897027,0.325194,-0.885063,0.333032,-0.92836,-0.231767,0.290568,-0.008945,0.010428,0.004393,-0.066743,-0.088534,-0.248524,0.128654
