frame,MLTx,MLTy,MLTz,MLTR1,MLTR2,MLTR3,MLTR4,MLTR5,MLTR6,MLTR7,MLTR8,MLTR9,MLTTVx,MLTTVy,MLTTVz,MLTRVx,MLTRVy,MLTRVz,MLGA,MRTx,MRTy,MRTz,MRTR1,MRTR2,MRTR3,MRTR4,MRTR5,MRTR6,MRTR7,MRTR8,MRTR9,MRTTVx,MRTTVy,MRTTVz,MRTRVx,MRTRVy,MRTRVz,MRGA,SLTx,SLTy,SLTz,SLTR1,SLTR2,SLTR3,SLTR4,SLTR5,SLTR6,SLTR7,SLTR8,SLTR9,SLTTVx,SLTTVy,SLTTVz,SLTRVx,SLTRVy,SLTRVz,SLGA,SRTx,SRTy,SRTz,SRTR1,SRTR2,SRTR3,SRTR4,SRTR5,SRTR6,SRTR7,SRTR8,SRTR9,SRTTVx,SRTTVy,SRTTVz,SRTRVx,SRTRVy,SRTRVz,SRGA
255,0.119325,-0.029308,0.427924,0.887298,0.375859,-0.267353,-0.438258,0.867559,-0.235038,0.142496,0.325259,0.934841,-0.000733,-0.003583,-0.002234,-0.0,-0.0,-0.0,-0.844771,-0.075015,-0.011946,0.407096,0.052842,0.858248,0.510499,-0.952319,0.197175,-0.23269,-0.300404,-0.474937,0.827077,-0.01064,-0.018279,0.021871,0.004164,-0.668057,0.264021,0.029638,0.058185,0.035989,-0.008197,0.074365,-0.85306,0.516485,0.962553,-0.073989,-0.260797,0.26069,0.516539,0.815614,0.000284,-0.002679,0.006387,0.024191,-0.902888,0.134742,-0.17011,0.069175,0.021343,-0.057065,0.921524,0.309825,-0.234096,-0.357815,0.9117,-0.201916,0.150867,0.269834,0.951014,-0.000275,0.002737,-0.00637,0.035873,-0.011784,0.018631,-0.831168
256,0.119301,-0.029328,0.427816,0.887248,0.375962,-0.267376,-0.43839,0.867449,-0.235196,0.142403,0.325432,0.934795,-0.000735,0.004628,-0.013267,0.034243,-0.003176,-0.008845,-0.854547,-0.075016,-0.012145,0.40742,0.046992,0.862065,0.504606,-0.955289,0.186447,-0.229337,-0.291819,-0.472347,0.831621,0.002626,-0.015763,0.02216,-0.028912,-0.300816,0.264528,0.059951,0.058179,0.035888,-0.008035,0.080589,-0.857106,0.508797,0.964088,-0.062569,-0.258105,0.253058,0.511326,0.821283,0.001253,-0.007708,0.0112,-0.027991,-0.33444,0.467946,-0.140064,0.069163,0.021329,-0.057116,0.921479,0.309947,-0.234108,-0.357961,0.911613,-0.202052,0.150791,0.269989,0.950982,-0.000328,-0.001625,-0.001014,-6e-06,-2e-06,1.1e-05,-0.838843
257,0.119247,-0.029363,0.427637,0.887149,0.376174,-0.267405,-0.438645,0.867255,-0.235439,0.142235,0.325705,0.934726,-0.000422,0.006159,-0.012313,0.035859,-0.011819,0.018599,-0.864845,-0.074951,-0.012707,0.40815,0.036887,0.872204,0.48774,-0.959767,0.166912,-0.225659,-0.278251,-0.460886,0.842629,0.003161,-0.017645,0.020902,-0.009956,-0.382522,0.23495,0.102362,0.058212,0.035607,-0.00767,0.091403,-0.8659,0.491794,0.966108,-0.042616,-0.254591,0.241409,0.498397,0.832659,0.00074,-0.004284,0.00531,0.032116,-0.452121,0.448579,-0.07932,0.069135,0.021309,-0.057207,0.921394,0.310188,-0.234127,-0.358244,0.911446,-0.202302,0.150643,0.270275,0.950924,-0.000364,-0.001794,-0.001121,-0.001603,0.008662,-0.027439,-0.849293
258,0.119116,-0.029364,0.427577,0.886257,0.37633,-0.270128,-0.439595,0.867007,-0.234578,0.144818,0.326183,0.934162,-2.6e-05,-0.000129,-8e-05,-0.000405,-0.001585,-0.000475,-0.864103,-0.074879,-0.01324,0.408815,0.025015,0.881873,0.470815,-0.963696,0.146544,-0.223041,-0.265695,-0.449248,0.852904,0.001284,-0.007783,0.011157,0.120778,-0.82578,0.092065,0.11594,0.058248,0.03534,-0.007344,0.103821,-0.872669,0.477148,0.967642,-0.022303,-0.251337,0.229976,0.487803,0.842115,0.00054,-0.003579,0.005788,-0.004648,-0.350084,0.444447,-0.045846,0.069074,0.021306,-0.057244,0.920549,0.310503,-0.237015,-0.359234,0.911243,-0.201459,0.153425,0.270597,0.950388,8e-06,3.1e-05,2.1e-05,0.003504,0.01355,0.003719,-0.853539
259,0.118988,-0.029344,0.427616,0.886158,0.376617,-0.270054,-0.439829,0.866923,-0.234447,0.144714,0.326074,0.934217,2.8e-05,0.000137,8.5e-05,-0.0,-0.0,-0.0,-0.852825,-0.074745,-0.013669,0.409392,0.002347,0.88847,0.45892,-0.968734,0.115914,-0.219207,-0.247932,-0.44517,0.860359,0.003188,-0.017742,0.020857,-0.02064,-0.567368,0.027666,0.154041,0.058316,0.035124,-0.00705,0.126502,-0.876949,0.463634,0.968727,0.008639,-0.247976,0.213457,0.480504,0.850618,0.000745,-0.004287,0.005305,-0.094673,-0.737517,-0.346659,-0.004207,0.069006,0.02132,-0.057222,0.920503,0.310818,-0.236778,-0.359465,0.91117,-0.201375,0.153154,0.27048,0.950464,-0.006671,0.001072,0.000776,-0.000891,0.015001,-0.029458,-0.852069
260,0.11894,-0.029337,0.427634,0.886176,0.376588,-0.270033,-0.439793,0.866945,-0.234438,0.144712,0.326051,0.934225,9e-06,4.4e-05,2.7e-05,-0.0,-0.0,-0.0,-0.846622,-0.074707,-0.013868,0.40959,0.003698,0.890168,0.455607,-0.969367,0.115126,-0.216813,-0.245432,-0.441963,0.862725,0.001896,-0.009931,0.009716,-0.018074,-0.137174,0.125142,0.16368,0.058334,0.035023,-0.006946,0.125504,-0.879691,0.458684,0.969175,0.009913,-0.246171,0.212008,0.47544,0.853819,0.000989,-0.005139,0.004739,-0.036814,-0.148004,0.307047,0.015388,0.068982,0.021325,-0.057213,0.92052,0.310787,-0.236756,-0.359426,0.911188,-0.201364,0.153148,0.270457,0.950472,6e-06,2.9e-05,2.2e-05,2.6e-05,3.8e-05,2e-05,-0.847824
261,0.118808,-0.029319,0.427635,0.886123,0.376752,-0.269979,-0.439932,0.866879,-0.23442,0.144615,0.326036,0.934245,-0.013452,0.001596,0.001204,-0.000984,0.014715,-0.029553,-0.840601,-0.074688,-0.014047,0.40984,0.001106,0.895064,0.445926,-0.971548,0.106616,-0.211334,-0.236677,-0.434126,0.869127,-0.000643,0.002254,0.001519,0.034407,-0.252381,0.334321,0.171597,0.058347,0.034922,-0.006823,0.128514,-0.884156,0.449166,0.97042,0.01878,-0.240686,0.204369,0.466812,0.860417,-0.000402,0.001387,0.000933,0.019151,-0.186475,0.185102,0.034167,0.068916,0.021334,-0.057212,0.92048,0.310952,-0.236694,-0.359571,0.911134,-0.201352,0.15305,0.270449,0.95049,-0.00673,0.000786,0.000595,-0.001001,0.014704,-0.029553,-0.842435
262,0.118687,-0.029315,0.427664,0.886072,0.376918,-0.269916,-0.440058,0.86684,-0.234328,0.144546,0.325949,0.934286,-0.013392,0.001889,0.001387,0.010211,-0.044943,0.159844,-0.826658,-0.074649,-0.014095,0.410086,-0.010175,0.899385,0.437029,-0.9735,0.090987,-0.209648,-0.22828,-0.428708,0.874048,-0.000754,0.002641,0.001778,-2.354226,0.873736,-4.692258,0.20085,0.058366,0.0349,-0.006698,0.134512,-0.887534,0.440669,0.970633,0.028506,-0.238867,0.199441,0.459859,0.865304,-0.000207,0.000709,0.000474,0.080155,-0.350226,0.083776,0.062089,0.06886,0.021335,-0.057198,0.920403,0.311237,-0.236617,-0.359812,0.911066,-0.201229,0.152944,0.270349,0.950536,-1e-06,3e-06,6e-06,-2.6e-05,-1.4e-05,0.0,-0.83476
263,0.118658,-0.029304,0.427671,0.886056,0.376967,-0.269902,-0.440099,0.866823,-0.234315,0.144523,0.325938,0.934294,-0.013386,0.001915,0.001403,-0.000984,0.014715,-0.029553,-0.823394,-0.074644,-0.014135,0.410182,-0.017034,0.902,0.431389,-0.974261,0.082066,-0.209797,-0.224593,-0.424989,0.876816,-0.000472,0.001653,0.001113,0.054334,-0.25481,0.114732,0.206292,0.058367,0.034882,-0.006649,0.146813,-0.888725,0.434296,0.969988,0.043317,-0.23926,0.193824,0.456389,0.868412,0.000539,-0.003544,0.005818,0.023173,-0.281308,0.074577,0.076622,0.068846,0.021341,-0.057194,0.920435,0.311144,-0.236615,-0.359724,0.911094,-0.201258,0.152958,0.270361,0.95053,2e-06,1e-05,8e-06,-1e-06,-1e-05,3e-06,-0.831658
264,0.118639,-0.029255,0.427715,0.885315,0.376727,-0.272655,-0.440667,0.866773,-0.23343,0.147286,0.326348,0.933719,0.00048,0.002325,0.001452,-0.012871,-0.065256,0.010488,-0.813004,-0.074659,-0.014212,0.410403,-0.032256,0.906853,0.420201,-0.975489,0.063044,-0.210667,-0.21747,-0.417833,0.882035,0.000959,-0.006645,0.011933,-0.651071,0.011517,-1.397671,0.20882,0.05836,0.034843,-0.006539,0.161558,-0.891732,0.422742,0.968774,0.061669,-0.240149,0.188078,0.448341,0.873851,0.000462,-0.003266,0.006006,-0.656429,0.003566,-1.415581,0.087399,0.06883,0.021362,-0.057175,0.919651,0.311126,-0.239667,-0.360408,0.911038,-0.200286,0.156032,0.270571,0.949971,0.000109,0.000527,0.00033,-0.010447,-0.041198,-0.012982,-0.825779
265,0.118639,-0.029202,0.427748,0.885379,0.376087,-0.273328,-0.4407,0.866028,-0.236116,0.146805,0.329048,0.932847,0.000217,0.00105,0.000655,-3e-06,-1e-05,-3e-06,-0.803854,-0.074642,-0.014359,0.410735,-0.026212,0.912197,0.408902,-0.975069,0.066881,-0.211425,-0.220151,-0.405393,0.88716,0.001218,-0.007552,0.011324,0.024499,-0.255508,0.094867,0.227251,0.058367,0.034776,-0.006375,0.156496,-0.897853,0.411543,0.968768,0.058395,-0.240992,0.192343,0.436404,0.878951,-0.000261,0.000895,0.000601,0.0662,-0.2777,0.112048,0.105851,0.068832,0.021392,-0.057156,0.919749,0.310506,-0.240098,-0.360377,0.910428,-0.203096,0.155529,0.273324,0.949264,0.00013,0.000632,0.000396,0.000175,0.001532,0.000386,-0.818105
266,0.11861,-0.029144,0.427784,0.885403,0.376039,-0.273316,-0.440652,0.866047,-0.236137,0.146804,0.329053,0.932845,0.000409,0.001977,0.001233,-0.0,-0.0,-0.0,-0.787065,-0.074682,-0.014571,0.411239,-0.03673,0.915708,0.400151,-0.975988,0.053212,-0.211069,-0.2145,-0.399443,0.891234,0.0002,-0.003984,0.01372,-0.668194,0.240325,-1.510423,0.238245,0.058349,0.034663,-0.006128,0.16541,-0.900445,0.402289,0.968037,0.070263,-0.24076,0.188525,0.429256,0.883287,0.000207,-0.002406,0.006634,-2.213732,1.021096,-4.791951,0.122017,0.068816,0.021418,-0.057139,0.919772,0.310455,-0.240074,-0.360323,0.910444,-0.203117,0.155515,0.273326,0.949266,0.000237,0.001148,0.000716,0.00163,-0.008618,0.027457,-0.810104
267,0.118558,-0.029098,0.427826,0.885398,0.376071,-0.273288,-0.440669,0.866046,-0.236108,0.146782,0.329019,0.932861,0.000624,0.003019,0.001882,0.001624,-0.008643,0.027444,-0.773466,-0.074659,-0.014694,0.411549,-0.039465,0.91808,0.394414,-0.976155,0.048952,-0.211328,-0.213249,-0.3945,0.893733,0.000468,-0.004924,0.01309,0.118107,-0.563769,-0.016271,0.243213,0.058359,0.034607,-0.005976,0.169695,-0.90107,0.399092,0.967781,0.075931,-0.240068,0.186015,0.426972,0.884924,0.001046,-0.006984,0.011707,-0.060311,-0.076878,0.138629,0.130018,0.068791,0.021441,-0.057118,0.919769,0.310486,-0.240044,-0.36034,0.910444,-0.203089,0.155491,0.273293,0.949279,0.000315,0.001524,0.000952,0.00163,-0.008645,0.027445,-0.802266
268,0.118416,-0.028994,0.427906,0.885416,0.376074,-0.273224,-0.440648,0.866059,-0.236099,0.146733,0.328981,0.932881,0.000301,0.001453,0.000905,-0.0,-0.0,-0.0,-0.738786,-0.074614,-0.015059,0.412128,-0.035501,0.920827,0.38834,-0.976242,0.051215,-0.210389,-0.213552,-0.387738,0.896615,0.002965,-0.016968,0.021414,-0.043096,-0.136202,0.114902,0.24102,0.05838,0.034431,-0.005681,0.166185,-0.90547,0.390519,0.967903,0.074066,-0.240159,0.188533,0.417896,0.888716,0.00065,-0.003951,0.005548,-0.018142,-0.100795,0.153695,0.136223,0.06872,0.021497,-0.057076,0.919787,0.310484,-0.23998,-0.360319,0.910455,-0.203079,0.155439,0.273259,0.949298,0.000144,0.000698,0.000436,5e-06,2e-05,4e-06,-0.781528
269,0.118265,-0.028921,0.427942,0.885339,0.376304,-0.273156,-0.440844,0.86597,-0.236061,0.14661,0.328952,0.932911,-0.013275,0.002389,0.001696,-0.000984,0.014715,-0.029553,-0.721123,-0.0746,-0.015556,0.412737,-0.044265,0.92511,0.377099,-0.976462,0.039753,-0.21184,-0.210886,-0.37876,0.901073,0.003007,-0.017122,0.021321,0.007835,-0.305836,0.050448,0.229702,0.058388,0.03418,-0.005378,0.175045,-0.908521,0.379403,0.966633,0.085385,-0.241511,0.187023,0.409019,0.893154,0.001473,-0.008492,0.010705,0.019423,-0.356048,0.024172,0.128875,0.06865,0.021534,-0.057058,0.919735,0.310694,-0.239908,-0.360502,0.910388,-0.203054,0.155322,0.273244,0.949322,4.7e-05,0.000233,0.000147,4e-06,-1.4e-05,-5e-06,-0.763729
270,0.118197,-0.028889,0.427951,0.885304,0.376409,-0.273128,-0.440936,0.865924,-0.236056,0.14655,0.328952,0.932921,0.000202,0.009155,-0.010444,0.035852,-0.011906,0.018556,-0.71694,-0.07455,-0.015833,0.413056,-0.048543,0.927189,0.371422,-0.976538,0.03411,-0.212471,-0.209584,-0.374184,0.903285,0.00163,-0.009006,0.010365,0.013548,-0.157035,-0.079695,0.223263,0.058413,0.034039,-0.005214,0.179334,-0.910283,0.373125,0.965928,0.090984,-0.242286,0.186601,0.403863,0.895585,0.001637,-0.009071,0.010321,-0.022039,-0.201534,0.094506,0.12365,0.068611,0.021547,-0.057049,0.919698,0.310838,-0.239864,-0.360626,0.910347,-0.203018,0.155254,0.273217,0.949341,3.2e-05,0.000151,9.7e-05,1e-05,-5e-06,-5e-06,-0.758667
271,0.118022,-0.028835,0.427976,0.885186,0.376745,-0.273045,-0.441225,0.865797,-0.235984,0.146392,0.328902,0.932963,-0.013255,0.002476,0.001749,-0.000984,0.014715,-0.029553,-0.697412,-0.074469,-0.016493,0.41375,-0.053884,0.932514,0.357079,-0.974277,0.029327,-0.223287,-0.218598,-0.361095,0.90647,-0.009664,-0.021846,0.019573,0.053759,-0.4799,0.169745,0.214365,0.058458,0.033713,-0.004872,0.185069,-0.914664,0.359356,0.962759,0.095418,-0.252958,0.197083,0.392789,0.898261,0.001732,-0.009409,0.0101,0.075983,-0.540961,-0.025545,0.110423,0.068528,0.021575,-0.057042,0.919617,0.31114,-0.23978,-0.360897,0.910245,-0.202992,0.1551,0.273211,0.949367,8.4e-05,0.000407,0.000254,-1.5e-05,-2e-06,-1.3e-05,-0.748543
272,0.117927,-0.028831,0.427955,0.885154,0.376843,-0.273014,-0.441313,0.865745,-0.236007,0.146319,0.328926,0.932966,-0.000151,-0.000725,-0.000451,-0.0,-0.0,-0.0,-0.683004,-0.074406,-0.017006,0.414478,-0.053859,0.937035,0.345044,-0.972304,0.029555,-0.231699,-0.227215,-0.349143,0.90903,0.00233,-0.014748,0.022937,0.132706,-0.720054,0.121014,0.206502,0.058487,0.033449,-0.004512,0.185015,-0.918636,0.349107,0.960831,0.094508,-0.260522,0.206331,0.383633,0.90014,0.000233,-0.002502,0.006527,-0.032185,-0.125807,0.390724,0.104055,0.068476,0.021579,-0.057051,0.919586,0.311262,-0.239739,-0.36101,0.910195,-0.203013,0.155019,0.273236,0.949373,-0.000102,-0.000483,-0.000299,5e-06,-1e-06,-6e-06,-0.734174
273,0.11792,-0.028821,0.427974,0.885157,0.376841,-0.273007,-0.441305,0.865755,-0.235985,0.146324,0.328902,0.932974,6.6e-05,0.000315,0.000196,-0.0,-0.0,-0.0,-0.682977,-0.074335,-0.0173,0.415224,-0.063715,0.938591,0.339085,-0.972849,0.017406,-0.230641,-0.222274,-0.345751,0.911544,0.01292,0.000569,0.015383,-0.017479,-0.167184,0.404139,0.202512,0.058518,0.0333,-0.004146,0.195431,-0.919693,0.340543,0.959459,0.107393,-0.260582,0.203083,0.377663,0.903397,-0.000209,-0.000953,0.00756,-0.038954,-0.043923,0.205339,0.090339,0.068472,0.021582,-0.057043,0.919545,0.311401,-0.239718,-0.36113,0.910162,-0.202948,0.154984,0.27319,0.949392,4.9e-05,0.000238,0.000148,8e-06,-8e-06,-1e-06,-0.729765
274,0.117923,-0.028806,0.427983,0.885173,0.376801,-0.273009,-0.441269,0.86577,-0.235999,0.146334,0.328909,0.93297,9.2e-05,0.000441,0.000275,0.011259,-0.059671,0.189389,-0.682954,-0.074312,-0.017389,0.415556,-0.06396,0.93975,0.335813,-0.973174,0.015855,-0.229378,-0.220776,-0.342655,0.913076,-0.000187,-0.002624,0.01464,-0.021246,-0.089254,0.155743,0.202239,0.058534,0.033253,-0.003963,0.195139,-0.920944,0.337316,0.959751,0.108478,-0.259052,0.201981,0.374291,0.905046,-0.00015,-0.001158,0.007421,-0.03433,-0.050466,0.172259,0.090828,0.068473,0.02159,-0.057038,0.919558,0.31136,-0.239722,-0.361092,0.910174,-0.20296,0.154995,0.273196,0.949388,5.5e-05,0.00027,0.000169,1.7e-05,-4e-06,-5e-06,-0.729111
275,0.117935,-0.028754,0.428027,0.885178,0.376794,-0.273005,-0.441257,0.865782,-0.235977,0.146344,0.328886,0.932976,0.000425,0.002036,0.001267,-0.0,-0.0,-0.0,-0.680421,-0.074309,-0.017467,0.416203,-0.068828,0.941288,0.330501,-0.972931,0.009994,-0.230733,-0.220378,-0.338617,0.914677,-0.000664,-0.000946,0.015747,-0.001439,-0.151282,0.164736,0.19442,0.058536,0.033215,-0.003646,0.200181,-0.921829,0.331901,0.958671,0.114388,-0.260505,0.202176,0.370333,0.906629,-0.000317,-0.000567,0.00781,-0.014624,-0.070865,-0.013899,0.086093,0.068479,0.021613,-0.057017,0.919606,0.311211,-0.239732,-0.360951,0.910226,-0.20298,0.155041,0.273194,0.949381,0.000271,0.001308,0.000813,-1e-06,-1e-06,-8e-06,-0.728458
276,0.11796,-0.028682,0.428072,0.885267,0.376571,-0.273022,-0.441057,0.865863,-0.236051,0.146405,0.328926,0.932952,0.000438,0.002098,0.001304,0.001631,-0.008646,0.027443,-0.67177,-0.074275,-0.017557,0.416887,-0.068528,0.944242,0.322027,-0.970489,0.011784,-0.240718,-0.23098,-0.330206,0.915137,-0.000447,-0.001709,0.01523,0.182607,-0.586753,-0.023823,0.187069,0.058552,0.033173,-0.003295,0.199699,-0.924372,0.325047,0.95643,0.111784,-0.269709,0.212976,0.364746,0.906421,-0.00025,-0.0008,0.007648,0.233467,-0.762314,-0.091735,0.076622,0.068492,0.02165,-0.056995,0.91967,0.311003,-0.239755,-0.360762,0.910287,-0.203041,0.1551,0.273226,0.949363,6.6e-05,0.000319,0.000199,9e-06,3e-06,-6e-06,-0.723559
277,0.117994,-0.028665,0.42807,0.885313,0.376448,-0.273045,-0.440955,0.865899,-0.236114,0.14644,0.328974,0.93293,4e-06,2e-05,1.2e-05,-0.011256,0.059671,-0.189389,-0.668902,-0.074436,-0.017768,0.417671,-0.069475,0.947277,0.312781,-0.968555,0.011111,-0.248418,-0.238682,-0.321393,0.916297,-0.000744,-0.000654,0.015916,0.106738,-0.39611,-0.12918,0.184015,0.058477,0.033071,-0.00292,0.200853,-0.927364,0.315677,0.954169,0.112222,-0.277427,0.22185,0.356932,0.907403,0.000492,-0.00505,0.013009,0.179444,-0.70668,-0.269668,0.069764,0.068509,0.021662,-0.056993,0.919756,0.310715,-0.239799,-0.360507,0.910365,-0.203149,0.155183,0.273297,0.949329,-8e-06,-4e-05,-2.6e-05,9e-06,-7e-06,-1e-05,-0.719804
278,0.118034,-0.028671,0.428066,0.885345,0.376357,-0.273065,-0.440876,0.865931,-0.236141,0.146478,0.328994,0.932917,0.0,0.0,0.0,0.0,0.0,0.0,-0.668357,-0.074575,-0.017885,0.41805,-0.069316,0.948223,0.309936,-0.968506,0.01059,-0.248632,-0.238928,-0.3186,0.917208,-0.013697,-0.004273,0.014885,-0.006679,-0.067774,-0.081326,0.183147,0.058402,0.033009,-0.002714,0.200769,-0.928929,0.311099,0.953836,0.112959,-0.278272,0.223354,0.352606,0.908725,-0.006882,-0.00207,0.007489,-0.026922,-0.010525,-0.056935,0.067315,0.068529,0.021659,-0.056996,0.919737,0.310764,-0.239809,-0.360556,0.910349,-0.203131,0.155184,0.273292,0.94933,-9e-06,-2.9e-05,-1.9e-05,-1.7e-05,-2e-06,-1e-05,-0.718661
279,0.118051,-0.028695,0.428063,0.88534,0.376366,-0.273068,-0.440882,0.865936,-0.236112,0.14649,0.328969,0.932924,-3.2e-05,-0.000153,-9.5e-05,0.0,0.0,0.0,-0.665473,-0.074854,-0.017959,0.418871,-0.069281,0.950914,0.301587,-0.96809,0.008975,-0.25031,-0.240617,-0.310499,0.919542,-0.002198,0.004524,0.019292,0.021641,-0.169336,-0.020407,0.177834,0.058265,0.032963,-0.002316,0.200802,-0.931524,0.303218,0.953224,0.114412,-0.279773,0.225924,0.345214,0.910925,-0.001021,0.001936,0.009437,0.029752,-0.184065,-0.055364,0.061926,0.068537,0.021646,-0.056998,0.919732,0.310775,-0.239811,-0.360562,0.910353,-0.203102,0.155195,0.273267,0.949335,-2e-05,-9.6e-05,-5.9e-05,-1.7e-05,1.4e-05,1e-06,-0.717028
280,0.118042,-0.028686,0.428068,0.88534,0.376369,-0.273064,-0.440883,0.865936,-0.236112,0.146486,0.328968,0.932925,6e-05,0.00029,0.00018,0.0,0.0,0.0,-0.666548,-0.075019,-0.017787,0.419725,-0.067176,0.95205,0.298463,-0.968298,0.010004,-0.249463,-0.240377,-0.306955,0.920793,-0.002574,0.005874,0.020126,-0.027453,-0.027542,-0.002594,0.187839,0.058183,0.033049,-0.001894,0.198904,-0.932973,0.299997,0.953533,0.113554,-0.279069,0.226298,0.341565,0.912207,-0.001391,0.003255,0.010275,-0.036822,-0.000687,0.008927,0.066498,0.068533,0.021649,-0.056996,0.919733,0.310777,-0.239807,-0.360564,0.910353,-0.203102,0.15519,0.273265,0.949337,4.6e-05,0.000225,0.000139,1e-05,-1e-06,4e-06,-0.716048
281,0.118034,-0.028677,0.428074,0.88534,0.376372,-0.27306,-0.440885,0.865935,-0.236112,0.146482,0.328967,0.932926,3.3e-05,0.000156,9.7e-05,0.0,0.0,0.0,-0.667795,-0.075088,-0.017684,0.420124,-0.067417,0.952634,0.296539,-0.967532,0.010221,-0.252413,-0.243377,-0.305125,0.920614,-0.00254,0.005763,0.020029,0.000732,-0.098202,-0.027058,0.18747,0.058147,0.033106,-0.001686,0.199017,-0.933524,0.298202,0.952749,0.113055,-0.281933,0.229478,0.340221,0.911914,-0.00142,0.003365,0.010334,-1.9e-05,-0.109469,0.001454,0.069274,0.068529,0.021654,-0.056992,0.919733,0.31078,-0.239803,-0.360565,0.910352,-0.203102,0.155186,0.273264,0.949337,1.9e-05,8.9e-05,5.6e-05,2.4e-05,4e-06,4e-06,-0.716212
282,0.118011,-0.028636,0.4281,0.885356,0.37634,-0.273051,-0.440853,0.865947,-0.236126,0.146479,0.32897,0.932925,0.000406,0.001949,0.001211,0.001631,-0.008646,0.027443,-0.667871,-0.075241,-0.017503,0.420931,-0.067112,0.954407,0.290851,-0.967322,0.009276,-0.25325,-0.244291,-0.299542,0.922204,-0.002473,0.005541,0.019835,-0.02439,-0.035749,-0.005304,0.18954,0.058069,0.0332,-0.001274,0.198762,-0.935452,0.29227,0.952384,0.114008,-0.282783,0.231209,0.33456,0.91357,-0.001263,0.002815,0.00995,-0.040573,0.009445,0.013451,0.071723,0.068517,0.021671,-0.056982,0.91974,0.310767,-0.239793,-0.36055,0.910357,-0.203108,0.155179,0.273265,0.949339,5.8e-05,0.000285,0.000178,1.5e-05,-2e-06,-6e-06,-0.716538
283,0.117952,-0.028581,0.428147,0.885352,0.376375,-0.273019,-0.440872,0.865946,-0.236097,0.146454,0.328934,0.932942,0.000428,0.002053,0.001275,0.001632,-0.008645,0.027443,-0.666074,-0.07527,-0.017293,0.421802,-0.066141,0.957809,0.279676,-0.966599,0.008132,-0.256035,-0.247398,-0.288473,0.924901,-0.002487,0.005592,0.019817,0.003332,-0.117509,-0.002181,0.18802,0.058055,0.033303,-0.000845,0.197966,-0.939053,0.281048,0.951407,0.115087,-0.28562,0.235867,0.323934,0.916205,-0.001129,0.002335,0.009611,-0.008135,-0.077439,-0.015086,0.072866,0.068492,0.021699,-0.056958,0.919743,0.310778,-0.239765,-0.36055,0.910362,-0.203086,0.155159,0.273235,0.949351,8.1e-05,0.000393,0.000244,-1.4e-05,-1e-06,-5e-06,-0.716538
284,0.117953,-0.028561,0.428136,0.885369,0.376326,-0.27303,-0.440837,0.865946,-0.236161,0.146451,0.328991,0.932922,1e-06,3e-06,2e-06,0.0,0.0,0.0,-0.664285,-0.075313,-0.017304,0.422598,-0.065212,0.959553,0.273856,-0.966481,0.00764,-0.256496,-0.248106,-0.282609,0.92652,-0.014112,-0.002417,0.015941,-0.024845,-0.024573,-0.035789,0.187137,0.058037,0.033306,-0.000443,0.197014,-0.940941,0.275344,0.951236,0.115469,-0.286033,0.237347,0.31827,0.917807,0.000229,-0.004105,0.013567,-0.072632,0.00915,-0.040787,0.071397,0.068489,0.021714,-0.056961,0.919757,0.31073,-0.239775,-0.360515,0.910361,-0.20315,0.155157,0.273292,0.949335,-8e-06,-3.5e-05,-2.1e-05,-1.1e-05,2e-06,-5e-06,-0.715069
285,0.117963,-0.028562,0.428135,0.885377,0.376303,-0.273035,-0.440818,0.865954,-0.236168,0.14646,0.328996,0.932919,0.0,0.0,0.0,0.0,0.0,0.0,-0.664992,-0.075376,-0.017351,0.422997,-0.06521,0.959346,0.274581,-0.966045,0.008331,-0.258113,-0.249799,-0.283295,0.925855,-0.012556,-0.011164,0.026523,-0.070269,0.003629,-0.050131,0.186825,0.058006,0.033282,-0.000255,0.197095,-0.940593,0.276473,0.950855,0.11471,-0.287602,0.238802,0.319571,0.916977,-0.000549,0.000289,0.008281,-0.042888,-0.002601,0.007891,0.070744,0.068494,0.021713,-0.056962,0.919763,0.310707,-0.239781,-0.360495,0.910368,-0.203156,0.155167,0.273296,0.949332,-3e-06,-2e-05,-1.4e-05,-5e-06,1.4e-05,2e-06,-0.714905
286,0.117972,-0.028578,0.428137,0.885373,0.376315,-0.273034,-0.440825,0.865958,-0.236139,0.146469,0.328971,0.932927,-3.2e-05,-0.000151,-9.4e-05,0.0,0.0,0.0,-0.663635,-0.075458,-0.017402,0.423746,-0.06399,0.960312,0.271473,-0.966223,0.008512,-0.25744,-0.249427,-0.279984,0.926962,-0.001232,0.001155,0.016908,0.029829,-0.17988,-0.05253,0.182603,0.057961,0.03325,0.000128,0.195814,-0.941651,0.273768,0.951175,0.114458,-0.286644,0.238584,0.31653,0.918088,-0.000631,0.00058,0.008456,0.057697,-0.25601,-0.081194,0.068948,0.068498,0.021704,-0.056961,0.919759,0.31072,-0.239779,-0.360503,0.910371,-0.203127,0.155173,0.27327,0.949338,-1.3e-05,-8.4e-05,-5.4e-05,-1.4e-05,2.4e-05,6e-06,-0.714252
287,0.117973,-0.02857,0.428142,0.885381,0.376295,-0.273035,-0.440806,0.865966,-0.236146,0.146474,0.328974,0.932925,1e-05,4.8e-05,3e-05,0.0,0.0,0.0,-0.66074,-0.075495,-0.017459,0.42445,-0.063766,0.961189,0.268403,-0.966324,0.0078,-0.257083,-0.249093,-0.276966,0.927958,-0.000777,-0.000464,0.015862,-0.021325,-0.043497,-0.007614,0.181183,0.057942,0.033224,0.000481,0.195656,-0.942748,0.270079,0.951098,0.115295,-0.286562,0.239017,0.31294,0.919205,-0.000338,-0.000456,0.007788,-0.030814,-0.016974,0.003783,0.064049,0.068499,0.021708,-0.056959,0.919766,0.310699,-0.239781,-0.360484,0.910378,-0.203133,0.155178,0.273272,0.949337,6e-06,2.5e-05,1.4e-05,8e-06,-7e-06,2e-06,-0.713272
288,0.117963,-0.028569,0.428143,0.885373,0.376318,-0.27303,-0.440826,0.865958,-0.236139,0.146464,0.328969,0.932928,0.0,1e-06,0.0,0.0,0.0,0.0,-0.660031,-0.075485,-0.017487,0.424758,-0.063928,0.961972,0.265543,-0.96619,0.007022,-0.25761,-0.249572,-0.274243,0.928638,-0.000457,-0.001603,0.015133,0.110062,-0.393498,-0.12175,0.180354,0.057946,0.033211,0.00063,0.195631,-0.942844,0.269764,0.95123,0.115534,-0.286027,0.238512,0.312564,0.919464,-8.2e-05,-0.001363,0.007209,0.161519,-0.52321,-0.193746,0.063232,0.068494,0.021709,-0.056958,0.91976,0.310722,-0.239775,-0.360504,0.910371,-0.203127,0.155169,0.273268,0.949339,-0.0,-5e-06,-3e-06,1e-06,-1.1e-05,-0.0,-0.712292
289,0.117922,-0.02857,0.428142,0.885332,0.376429,-0.273009,-0.440922,0.865918,-0.236106,0.146421,0.328946,0.932943,-0.0,-1e-06,-0.0,0.0,0.0,0.0,-0.65949,-0.075409,-0.017536,0.425263,-0.063713,0.963545,0.259834,-0.965891,0.006026,-0.258749,-0.250776,-0.268668,0.929942,-0.001574,0.005603,0.003547,0.054847,-0.1459,-0.04739,0.174839,0.057985,0.033183,0.000892,0.195644,-0.945073,0.261836,0.950443,0.116947,-0.288061,0.241618,0.305218,0.921119,0.006325,0.000472,0.007735,0.036741,-0.208019,-0.027447,0.05915,0.068478,0.021707,-0.056959,0.919734,0.310812,-0.239755,-0.360584,0.910344,-0.203103,0.155133,0.273253,0.94935,2e-06,4e-06,2e-06,-1.3e-05,-9e-06,-0.0,-0.711313
290,0.117903,-0.028567,0.428157,0.885375,0.376332,-0.273003,-0.440827,0.865963,-0.236117,0.146447,0.328938,0.932942,2e-06,1.1e-05,7e-06,0.0,0.0,0.0,-0.6593,-0.075278,-0.01747,0.425748,-0.062711,0.964424,0.256798,-0.965885,0.006216,-0.258769,-0.251054,-0.265478,0.930783,0.012315,0.002168,0.016238,-0.029357,-0.031837,0.030435,0.165195,0.058051,0.033214,0.001134,0.194652,-0.946165,0.258614,0.950432,0.116764,-0.288174,0.242463,0.301889,0.921994,0.006142,0.001114,0.008137,-0.038525,-0.006744,0.040447,0.047883,0.068464,0.02171,-0.056951,0.919763,0.310735,-0.239747,-0.360505,0.910375,-0.203104,0.155149,0.273238,0.949351,-1e-06,0.0,1e-06,9e-06,-1.1e-05,-2e-06,-0.710986
291,0.117902,-0.028568,0.428145,0.885372,0.376337,-0.273007,-0.440837,0.865952,-0.236139,0.146438,0.328961,0.932935,-2.7e-05,-0.000128,-8e-05,0.0,0.0,0.0,-0.659201,-0.07522,-0.017424,0.425975,-0.062403,0.964484,0.256649,-0.966007,0.006355,-0.258312,-0.250664,-0.265257,0.930951,-0.000284,-0.002231,0.014715,-0.0344,-0.001448,-0.024181,0.160247,0.058079,0.033241,0.001243,0.194307,-0.946217,0.258685,0.950613,0.116569,-0.287653,0.242028,0.301803,0.922137,0.006155,0.001059,0.008098,-0.033507,-0.020883,0.03404,0.042658,0.068463,0.021709,-0.056957,0.91976,0.31074,-0.239751,-0.360515,0.910366,-0.203127,0.155142,0.273262,0.949346,-1.8e-05,-8.1e-05,-4.9e-05,-3e-06,1e-05,1e-06,-0.71066
292,0.11791,-0.028576,0.428139,0.885316,0.376472,-0.273002,-0.44096,0.865902,-0.236092,0.146407,0.328938,0.932948,-0.0,-2e-06,-1e-06,0.0,0.0,0.0,-0.657498,-0.075254,-0.017331,0.426347,-0.06235,0.964531,0.256482,-0.966173,0.006187,-0.257694,-0.250037,-0.265086,0.931168,-0.001951,0.00693,0.004359,0.000534,-0.008646,0.027485,0.13874,0.058063,0.033282,0.001432,0.194298,-0.946254,0.258555,0.950779,0.116804,-0.287009,0.241383,0.301594,0.922374,-0.00013,-0.001181,0.007314,-0.033972,-0.009875,0.003152,0.025186,0.068467,0.021705,-0.05696,0.919715,0.31088,-0.239742,-0.360644,0.910325,-0.203085,0.155108,0.273242,0.949357,0.006683,-0.000949,-0.000694,0.000974,-0.014707,0.029562,-0.710496
293,0.117942,-0.028573,0.42814,0.885348,0.376383,-0.273019,-0.440883,0.865934,-0.236119,0.14644,0.328956,0.932936,0.0,1e-06,0.0,0.0,0.0,0.0,-0.654973,-0.075343,-0.017216,0.426689,-0.062345,0.965982,0.250966,-0.965721,0.005184,-0.259403,-0.251776,-0.25975,0.932203,-0.002212,0.007865,0.004933,0.077917,-0.213448,-0.038396,0.114026,0.058019,0.033337,0.001602,0.194358,-0.947656,0.25332,0.950185,0.117733,-0.288592,0.243662,0.296791,0.923332,-0.000302,-0.000559,0.007701,0.074528,-0.298435,-0.09291,-0.00633,0.068483,0.021706,-0.056959,0.91974,0.310789,-0.239761,-0.360563,0.910351,-0.203109,0.155143,0.273257,0.949347,-2e-06,-3e-06,-2e-06,2e-06,-1.1e-05,4e-06,-0.708374
294,0.11796,-0.028577,0.428126,0.885361,0.376343,-0.273033,-0.440854,0.865939,-0.236155,0.14645,0.328989,0.932923,-2e-06,-1e-05,-6e-06,0.0,0.0,0.0,-0.654634,-0.075376,-0.017091,0.427079,-0.062038,0.967435,0.245384,-0.965306,0.004407,-0.260958,-0.253438,-0.254277,0.933261,-0.000511,-0.001419,0.015195,-0.024052,-0.036026,-0.005017,0.10023,0.058002,0.033403,0.001793,0.194108,-0.949378,0.246986,0.949504,0.118563,-0.290488,0.2465,0.2909,0.924453,-0.000905,0.003195,0.002,-0.004489,0.013457,0.008573,-0.027721,0.068492,0.021704,-0.056967,0.91975,0.310749,-0.239777,-0.360534,0.910355,-0.203144,0.155156,0.27329,0.949335,2e-06,-0.0,-0.0,-1.2e-05,2e-05,1.1e-05,-0.70772
295,0.117969,-0.028586,0.42812,0.885361,0.37634,-0.273036,-0.440852,0.86594,-0.236155,0.146454,0.32899,0.932922,-7e-06,-3.5e-05,-2.2e-05,0.0,0.0,0.0,-0.655161,-0.07542,-0.017025,0.427206,-0.062152,0.968791,0.239943,-0.964744,0.003375,-0.263042,-0.255539,-0.249051,0.934097,0.0,-0.003234,0.014056,0.029636,-0.170571,-0.078416,0.089585,0.057978,0.033442,0.00186,0.194211,-0.950697,0.241775,0.94879,0.119447,-0.292453,0.249155,0.286191,0.925211,-0.000888,0.003141,0.001964,0.071153,-0.194602,-0.030522,-0.038661,0.068496,0.0217,-0.05697,0.91975,0.310746,-0.239781,-0.360532,0.910356,-0.203144,0.15516,0.273291,0.949334,-2e-06,-1.4e-05,-9e-06,-2.2e-05,1.5e-05,1.1e-05,-0.70772
296,0.117967,-0.028593,0.428115,0.885353,0.37636,-0.273035,-0.44087,0.865933,-0.236148,0.146449,0.328987,0.932924,-7e-06,-3.5e-05,-2.2e-05,0.0,0.0,0.0,-0.655924,-0.075586,-0.016884,0.427354,-0.073086,0.970003,0.23183,-0.963856,-0.008894,-0.266154,-0.25599,-0.244123,0.935274,-0.001021,0.003639,0.002269,0.056998,-0.150486,-0.049479,0.051425,0.057895,0.033512,0.001939,0.204986,-0.95053,0.233394,0.946237,0.131493,-0.29554,0.25023,0.281428,0.926381,-0.000593,0.002099,0.001312,0.062726,-0.168214,-0.05658,-0.073442,0.068496,0.021696,-0.056972,0.919743,0.310767,-0.239779,-0.360551,0.91035,-0.203138,0.155155,0.273288,0.949336,-1e-06,-9e-06,-7e-06,-1.1e-05,7e-06,1.4e-05,-0.707557
297,0.11796,-0.02857,0.428118,0.885366,0.376328,-0.273038,-0.440845,0.865936,-0.236184,0.146446,0.329016,0.932914,0.000161,0.000771,0.000479,0.0,0.0,0.0,-0.656937,-0.075868,-0.016865,0.427331,-0.072415,0.971932,0.223822,-0.962937,-0.00958,-0.269435,-0.259611,-0.236261,0.936294,-0.012803,-0.003507,-0.000958,0.02544,-0.056915,-0.052381,-0.046558,0.057758,0.033526,0.00193,0.204309,-0.952687,0.225042,0.945089,0.132066,-0.298938,0.255074,0.273761,0.927357,0.000116,-0.000414,-0.000254,0.01233,-0.030917,-0.005042,-0.159823,0.068492,0.021706,-0.056972,0.919754,0.310734,-0.239782,-0.360525,0.910352,-0.203173,0.155154,0.273317,0.949328,0.000107,0.000515,0.000319,-3e-05,-1.3e-05,3e-06,-0.707884
298,0.11796,-0.028577,0.428126,0.885361,0.376343,-0.273033,-0.440854,0.865939,-0.236155,0.14645,0.328989,0.932923,2e-06,1e-05,6e-06,0.0,0.0,0.0,-0.657595,-0.076077,-0.01692,0.427269,-0.072174,0.973159,0.218504,-0.9623,-0.010251,-0.271675,-0.262026,-0.231099,0.93691,-0.012533,-0.004477,-0.001563,0.118474,-0.350311,0.062279,-0.10883,0.057654,0.033497,0.001899,0.204169,-0.953698,0.220848,0.944453,0.132551,-0.300728,0.25753,0.26998,0.927786,-0.006182,-0.002539,-0.000963,0.166046,-0.427337,-0.17753,-0.217301,0.068492,0.021705,-0.056966,0.91975,0.310749,-0.239777,-0.360533,0.910355,-0.203144,0.155156,0.273289,0.949335,-1e-06,-2e-06,-2e-06,-1.4e-05,-1.4e-05,3e-06,-0.707884
299,0.117952,-0.028575,0.428139,0.885356,0.376361,-0.273024,-0.440863,0.865942,-0.236126,0.14645,0.328961,0.932933,1.6e-05,7.9e-05,4.9e-05,0.0,0.0,0.0,-0.658285,-0.076461,-0.017061,0.427208,-0.076299,0.974608,0.210497,-0.961374,-0.015821,-0.274671,-0.264244,-0.22455,0.937878,-0.012674,-0.003981,-0.001255,0.134109,-0.389013,0.049821,-0.243008,0.057463,0.033422,0.001865,0.208197,-0.9546,0.213053,0.942779,0.137865,-0.303577,0.260422,0.264066,0.92868,-0.006308,-0.002098,-0.00069,0.198671,-0.510165,-0.207223,-0.342545,0.068488,0.021706,-0.05696,0.919747,0.310766,-0.239767,-0.360543,0.910358,-0.203115,0.155153,0.273261,0.949344,1e-05,5e-05,3e-05,1.6e-05,-1.3e-05,3e-06,-0.708047
300,0.117952,-0.028575,0.428139,0.885356,0.376361,-0.273024,-0.440863,0.865942,-0.236126,0.14645,0.328961,0.932933,0.0,0.0,0.0,0.0,0.0,0.0,-0.658181,-0.076701,-0.017192,0.427115,-0.073411,0.976178,0.204153,-0.961607,-0.014915,-0.273903,-0.264215,-0.217652,0.939511,-0.01185,-0.006971,-0.003121,0.054218,-0.130114,-0.075923,-0.449894,0.057341,0.033362,0.001822,0.205221,-0.956804,0.205937,0.943042,0.137022,-0.303144,0.261831,0.256419,0.930426,0.00066,-0.002385,-0.001484,0.074028,-0.233111,0.102941,-0.503549,0.068488,0.021706,-0.05696,0.919747,0.310766,-0.239768,-0.360543,0.910358,-0.203115,0.155154,0.273261,0.949344,1e-06,-5e-06,-4e-06,2e-05,3.5e-05,1.4e-05,-0.708373
301,0.117952,-0.028568,0.428131,0.884587,0.376153,-0.275791,-0.441481,0.865861,-0.23527,0.149196,0.329412,0.932339,0.0,0.0,0.0,-0.027814,-0.108439,-0.032478,-0.658633,-0.076815,-0.017332,0.426993,-0.072572,0.976791,0.201505,-0.961314,-0.014585,-0.274947,-0.265509,-0.214893,0.939781,0.002108,-0.007621,-0.004761,0.111227,-0.328973,0.072871,-0.585605,0.057278,0.033296,0.001764,0.204495,-0.957337,0.204174,0.942875,0.136603,-0.30385,0.262997,0.254646,0.930584,-0.005393,-0.005411,-0.00276,0.166885,-0.414781,-0.206395,-0.621119,0.068488,0.021709,-0.056964,0.919005,0.310739,-0.242631,-0.361191,0.910294,-0.20225,0.158019,0.273505,0.948801,2e-06,-3e-06,-3e-06,-0.033257,-0.12965,-0.038905,-0.708537
302,0.11796,-0.028584,0.428134,0.884582,0.376165,-0.27579,-0.441487,0.865865,-0.235241,0.149204,0.329387,0.932346,-1.9e-05,-9.3e-05,-5.8e-05,-7e-06,-2.7e-05,-8e-06,-0.658785,-0.077027,-0.017625,0.426716,-0.071731,0.976818,0.201674,-0.961312,-0.013698,-0.275001,-0.265746,-0.214828,0.939729,0.00178,-0.006453,-0.004042,-0.000527,0.008559,-0.027513,-0.805606,0.057175,0.033141,0.00162,0.203522,-0.957687,0.203504,0.942878,0.135727,-0.304234,0.26374,0.253798,0.930605,-0.00564,-0.004544,-0.002224,-0.003439,0.018766,-0.02811,-0.84205,0.068492,0.021701,-0.056963,0.919012,0.310762,-0.242574,-0.361195,0.910294,-0.202238,0.157966,0.273476,0.948818,-8e-06,-5.4e-05,-3.4e-05,0.000581,0.002294,0.000654,-0.709353
303,0.11797,-0.028585,0.428133,0.88459,0.376142,-0.275795,-0.441468,0.865873,-0.235248,0.149213,0.329392,0.932343,-0.0,-0.0,-0.0,-0.0,-0.0,-0.0,-0.659801,-0.077037,-0.017786,0.426476,-0.083585,0.975079,0.20549,-0.960619,-0.023912,-0.276719,-0.264778,-0.221754,0.938393,-7.8e-05,0.003456,-0.013932,-0.012644,0.123885,0.063458,-0.981443,0.05717,0.033057,0.001504,0.215193,-0.954412,0.206855,0.940784,0.145787,-0.306055,0.261946,0.260467,0.929268,-0.006481,7.9e-05,-0.007379,-0.045302,0.222847,0.033121,-0.815924,0.068497,0.0217,-0.056963,0.919023,0.310741,-0.242559,-0.361172,0.910301,-0.202251,0.157954,0.273479,0.948819,3e-06,3e-06,1e-06,-1.9e-05,3.6e-05,3.1e-05,-0.709353
304,0.117972,-0.028571,0.428129,0.884603,0.376107,-0.275801,-0.441442,0.865877,-0.235283,0.149215,0.329422,0.932332,0.0,1e-06,1e-06,-0.0,-0.0,-0.0,-0.65958,-0.077045,-0.017765,0.425985,-0.096509,0.97201,0.21418,-0.958467,-0.032641,-0.283211,-0.268145,-0.23384,0.934494,0.000577,0.001084,-0.015431,2.499867,1.256645,-0.206037,-1.201037,0.057165,0.033071,0.001261,0.227319,-0.949956,0.214264,0.93812,0.154591,-0.309888,0.261257,0.271449,0.926315,0.000258,0.000676,-0.007629,-0.060874,0.234545,0.072445,-0.825558,0.068498,0.021708,-0.056965,0.919034,0.310704,-0.242566,-0.361144,0.910304,-0.202286,0.157958,0.273509,0.94881,-1e-06,-4e-06,-2e-06,-1.3e-05,1e-06,1.8e-05,-0.709517
305,0.117972,-0.028578,0.428137,0.884598,0.376122,-0.275796,-0.44145,0.86588,-0.235254,0.149218,0.329395,0.932341,0.0,0.0,0.0,-0.0,-0.0,-0.0,-0.660897,-0.077068,-0.017721,0.425653,-0.096857,0.970271,0.221775,-0.957521,-0.029937,-0.286688,-0.271377,-0.241342,0.93165,-0.012345,-0.00215,-0.016223,-0.087672,0.331675,0.066745,-1.363255,0.057159,0.033093,0.001094,0.228219,-0.947871,0.222385,0.93657,0.151331,-0.316122,0.26599,0.280425,0.922285,-0.000496,0.005003,-0.012965,-0.112502,0.444573,0.171297,-0.825558,0.068498,0.021704,-0.056961,0.91903,0.310719,-0.242561,-0.361152,0.910307,-0.202257,0.15796,0.273482,0.948817,0.0,-3e-06,-1e-06,-6e-06,1.5e-05,2.1e-05,-0.709843
306,0.117981,-0.028605,0.428168,0.884587,0.376159,-0.275781,-0.441464,0.865903,-0.235146,0.149244,0.329294,0.932373,0.0,0.0,0.0,-0.0,-0.0,-0.0,-0.66223,-0.077157,-0.01766,0.42494,-0.097131,0.968425,0.229589,-0.956352,-0.026843,-0.290869,-0.275373,-0.249038,0.928447,-0.012331,-0.002237,-0.016289,0.025408,0.034382,0.000689,-1.404771,0.057115,0.033122,0.000737,0.228509,-0.945724,0.231061,0.935861,0.147996,-0.319783,0.268231,0.289314,0.918884,0.000538,-0.000332,-0.008274,0.041027,-0.012649,-0.014647,-0.842704,0.068503,0.02169,-0.056945,0.919022,0.310756,-0.242544,-0.361166,0.910326,-0.202148,0.157976,0.273377,0.948845,0.0,-1e-06,-2e-06,3e-06,2.7e-05,2.2e-05,-0.710496
307,0.117994,-0.028632,0.428224,0.884638,0.376049,-0.275766,-0.441333,0.865998,-0.23504,0.149323,0.32917,0.932404,2e-05,9.4e-05,5.8e-05,-0.0,-0.0,-0.0,-0.666449,-0.077237,-0.017539,0.42419,-0.097889,0.967593,0.232751,-0.956175,-0.0265,-0.291481,-0.275717,-0.252301,0.927463,0.000502,0.001346,-0.015291,0.033499,0.010981,-0.003045,-1.405103,0.05707,0.03318,0.000355,0.229284,-0.944842,0.233882,0.935647,0.147708,-0.320538,0.268312,0.292326,0.917907,0.000247,0.000731,-0.007609,0.038182,-0.001295,-0.007711,-0.8445,0.068509,0.021677,-0.056917,0.919064,0.31064,-0.242533,-0.361029,0.910406,-0.202035,0.158044,0.273245,0.948871,8e-06,4.7e-05,3e-05,1.4e-05,-1.2e-05,4e-06,-0.711639
308,0.118018,-0.028613,0.428236,0.884679,0.375943,-0.27578,-0.44124,0.866036,-0.235074,0.149357,0.32919,0.932391,0.000264,0.001269,0.000787,-0.0,-0.0,-0.0,-0.669825,-0.077212,-0.017476,0.423828,-0.098873,0.966552,0.236628,-0.955496,-0.025704,-0.293768,-0.277709,-0.256358,0.925754,-0.000753,0.009079,-0.026537,0.024978,0.376227,-0.086251,-1.405146,0.057083,0.03321,0.000185,0.230117,-0.94396,0.236612,0.934862,0.146887,-0.323198,0.270331,0.295573,0.916273,0.00038,0.000252,-0.007918,0.105246,0.56497,0.129423,-0.842704,0.068521,0.021685,-0.056913,0.919096,0.310533,-0.242551,-0.360932,0.910437,-0.202066,0.15808,0.273263,0.948861,0.000172,0.000828,0.000513,0.01127,-0.059599,0.189417,-0.713109
309,0.118071,-0.028566,0.428276,0.884716,0.375845,-0.275797,-0.441151,0.866081,-0.235079,0.149405,0.329186,0.932385,0.000284,0.001362,0.000845,-0.0,-0.0,-0.0,-0.679331,-0.077286,-0.017365,0.422999,-0.101481,0.962247,0.252536,-0.955112,-0.023128,-0.295227,-0.278086,-0.27237,0.921057,0.001103,-0.000836,-0.016699,-0.174975,0.547631,0.174951,-1.405526,0.057045,0.03327,-0.000233,0.232669,-0.93926,0.252297,0.934707,0.144293,-0.324809,0.268675,0.311397,0.911506,-0.000195,0.003928,-0.013666,-0.250107,0.866572,0.115159,-0.842214,0.068547,0.021709,-0.056892,0.919124,0.310433,-0.242572,-0.36084,0.910473,-0.202068,0.158127,0.273256,0.948855,0.000175,0.000841,0.000522,-9e-06,4e-06,6e-06,-0.717355
1003,0.122387,0.012206,0.452314,0.676564,0.571869,-0.463975,-0.671425,0.737752,-0.06987,0.301496,0.358091,0.883684,0.011642,-0.002614,-0.001616,-0.010883,0.043511,-0.160248,-0.973418,-0.081727,0.030889,0.447418,-0.045145,0.94516,0.323462,-0.998425,-0.032052,-0.045337,-0.032407,-0.326185,0.944678,-0.004811,0.016672,0.006482,0.215288,-0.452112,-0.08931,0.166043,0.054828,0.057386,0.011966,0.176042,-0.928164,0.327902,0.984238,0.160277,-0.074732,0.016809,0.33589,0.94175,-0.001523,0.003655,0.008412,0.209432,-0.504168,-0.161427,0.041025,0.070701,0.042097,-0.044872,0.732521,0.531777,-0.424999,-0.604528,0.795197,-0.046971,0.31298,0.291332,0.903973,-9.6e-05,-0.000488,-0.000198,-0.004366,0.001628,-0.001476,-0.918039
1004,0.122482,0.012175,0.452297,0.677502,0.569357,-0.465692,-0.671321,0.737309,-0.075334,0.299621,0.362966,0.882332,-0.000248,-0.001259,-0.000504,0.001688,-0.000721,0.000828,-0.972629,-0.081787,0.031106,0.447732,-0.045182,0.946107,0.320675,-0.998395,-0.031948,-0.046055,-0.033252,-0.323428,0.945596,-0.003668,0.009536,0.017664,0.081006,-0.250628,-0.046112,0.16545,0.0548,0.057492,0.012112,0.176495,-0.92949,0.323877,0.984119,0.160301,-0.076243,0.018949,0.33219,0.943021,-0.001726,0.004365,0.008677,0.176794,-0.432703,-0.129881,0.040372,0.070753,0.042082,-0.04488,0.733223,0.529357,-0.426807,-0.604428,0.794932,-0.052431,0.311528,0.296417,0.90282,0.005743,-0.001702,-0.000965,-0.001438,-0.013751,0.029114,-0.918202
