frame,MLTx,MLTy,MLTz,MLTR1,MLTR2,MLTR3,MLTR4,MLTR5,MLTR6,MLTR7,MLTR8,MLTR9,MLTTVx,MLTTVy,MLTTVz,MLTRVx,MLTRVy,MLTRVz,MLGA,MRTx,MRTy,MRTz,MRTR1,MRTR2,MRTR3,MRTR4,MRTR5,MRTR6,MRTR7,MRTR8,MRTR9,MRTTVx,MRTTVy,MRTTVz,MRTRVx,MRTRVy,MRTRVz,MRGA,SLTx,SLTy,SLTz,SLTR1,SLTR2,SLTR3,SLTR4,SLTR5,SLTR6,SLTR7,SLTR8,SLTR9,SLTTVx,SLTTVy,SLTTVz,SLTRVx,SLTRVy,SLTRVz,SLGA,SRTx,SRTy,SRTz,SRTR1,SRTR2,SRTR3,SRTR4,SRTR5,SRTR6,SRTR7,SRTR8,SRTR9,SRTTVx,SRTTVy,SRTTVz,SRTRVx,SRTRVy,SRTRVz,SRGA
378,0.103107,-0.043238,0.271799,-0.485285,0.066595,-0.871842,-0.753421,-0.537842,0.378226,-0.443129,0.840328,0.31227,-0.047876,-0.000915,0.018911,-4.917011,1.904916,1.736696,0.378519,-0.186734,-0.02523,0.248285,-0.440971,0.602343,0.665371,0.049448,-0.723803,0.688184,0.89665,0.33561,0.288528,-0.017092,0.024358,-0.011705,-0.012691,-0.085832,0.509242,-1.403414,0.028916,0.044915,-0.036247,0.339578,-0.571039,0.747395,-0.066462,0.778059,0.624664,-0.938226,-0.261796,0.22626,-0.008208,0.006374,-0.002095,0.069364,-0.300239,0.866032,-0.900672,0.053052,0.032425,-0.071029,0.499885,-0.089537,-0.86145,0.706513,0.617463,0.3458,0.500952,-0.781486,0.371919,-0.015942,-0.001703,0.008422,-0.12661,-0.125333,-0.182215,-0.021247
379,0.101629,-0.043321,0.272408,-0.478501,0.061179,-0.875979,-0.759498,-0.529507,0.377832,-0.440134,0.846021,0.300929,-0.016557,-0.008131,0.011055,-0.134761,-0.384765,0.165566,0.520227,-0.187842,-0.024599,0.247743,-0.444856,0.627098,0.639408,0.036873,-0.700401,0.71275,0.89534,0.339856,0.287623,-0.033388,0.018563,-0.019814,-0.045581,-0.115954,0.659477,-1.403901,0.028357,0.045246,-0.036511,0.34438,-0.598119,0.72364,-0.057532,0.755895,0.652159,-0.937065,-0.266223,0.225904,-0.016702,0.009081,-0.010216,0.000236,-0.157994,0.631645,-0.904591,0.052297,0.032389,-0.070708,0.492516,-0.087472,-0.865896,0.716707,0.605187,0.346523,0.493718,-0.791263,0.360756,-0.008325,-0.004189,0.005352,-0.131619,-0.381986,0.165717,0.295537
380,0.101324,-0.043397,0.272447,-0.475131,0.041955,-0.87894,-0.754427,-0.533539,0.382294,-0.452326,0.844683,0.286251,-0.000897,-0.00292,-0.004692,-0.344897,-0.815588,-0.300425,0.523357,-0.188532,-0.02412,0.247315,-0.444007,0.638158,0.62897,0.033035,-0.689709,0.723287,0.895911,0.341116,0.284336,-0.033863,0.031867,-0.024592,-0.251084,0.214692,0.679269,-1.403845,0.028024,0.045468,-0.036726,0.344925,-0.608494,0.714676,-0.054734,0.747068,0.66249,-0.937032,-0.267626,0.224378,-0.024875,0.015483,-0.012325,-0.258516,0.278158,0.632048,-0.901162,0.052145,0.032356,-0.070681,0.487952,-0.070212,-0.870041,0.711404,0.609548,0.349792,0.505773,-0.789633,0.34738,-0.000519,-0.00169,-0.002702,-0.445747,-0.97874,-0.400375,0.432374
381,0.101663,-0.043649,0.272089,-0.453599,0.009274,-0.891183,-0.759232,-0.527695,0.380887,-0.466184,0.849373,0.247516,0.014618,-0.007093,-0.009473,-0.325895,-1.038493,0.102223,0.523624,-0.190125,-0.022493,0.246231,-0.453208,0.655743,0.603817,0.017001,-0.670781,0.741416,0.891753,0.345452,0.292068,-0.050771,0.055499,-0.037706,0.119424,-0.1525,0.364577,-1.403705,0.027234,0.046274,-0.037262,0.353907,-0.629819,0.691431,-0.042333,0.727732,0.684553,-0.934321,-0.271539,0.230887,-0.025048,0.022053,-0.014896,0.11755,-0.15939,0.31764,-0.909326,0.052307,0.032227,-0.070864,0.464793,-0.039656,-0.88453,0.716407,0.603901,0.349375,0.520314,-0.796071,0.309099,0.007131,-0.004139,-0.005694,-0.329599,-0.944834,-0.112027,0.506508
382,0.10195,-0.043615,0.271809,-0.447393,-0.015631,-0.894226,-0.760238,-0.519989,0.389387,-0.470525,0.854052,0.221873,-6e-05,-0.000198,-0.000319,-0.101441,-0.324876,0.007763,0.522832,-0.19277,-0.020617,0.244817,-0.477082,0.655367,0.585558,0.023806,-0.656273,0.754104,0.879077,0.372879,0.29673,-0.082382,0.052578,-0.040318,0.078344,-0.0421,0.128431,-1.402865,0.025892,0.047235,-0.03798,0.379578,-0.632265,0.675396,-0.050938,0.714643,0.697632,-0.923756,-0.299209,0.239056,-0.041187,0.026132,-0.020359,0.121305,-0.072167,0.088138,-0.90704,0.052454,0.032233,-0.071021,0.456595,-0.013196,-0.889576,0.71777,0.596252,0.359567,0.525667,-0.802688,0.281717,0.000365,0.005619,-0.004011,-0.021674,-0.362029,0.187691,0.518429
383,0.101787,-0.043336,0.271785,-0.452713,-0.024575,-0.891343,-0.768502,-0.496192,0.403943,-0.451648,0.8679,0.20686,-0.015421,0.004453,0.005224,-0.205027,-0.688507,0.038742,0.524333,-0.196254,-0.018337,0.243338,-0.517552,0.645529,0.561626,0.03427,-0.640086,0.767495,0.855557,0.415646,0.308421,-0.097722,0.069336,-0.038836,0.105,-0.391353,0.899042,-1.402928,0.02415,0.048366,-0.038734,0.423377,-0.625724,0.655149,-0.06317,0.70101,0.710347,-0.903748,-0.34213,0.257265,-0.04883,0.034822,-0.01909,0.040045,-0.37014,1.012109,-0.907367,0.052373,0.032373,-0.071033,0.461271,-0.005883,-0.887239,0.72756,0.574846,0.374443,0.507823,-0.81824,0.26944,-0.007681,0.002319,0.002754,-0.267423,-0.800968,-0.01517,0.521204
384,0.101816,-0.04325,0.271827,-0.452667,-0.027529,-0.89128,-0.771023,-0.490018,0.406666,-0.447383,0.871316,0.201703,0.000831,0.002718,0.004378,-0.072974,-0.279278,0.06175,0.524248,-0.198149,-0.016929,0.242672,-0.545212,0.634495,0.547861,0.03939,-0.633303,0.772858,0.837999,0.442146,0.319574,-0.096976,0.072965,-0.033245,0.204911,-0.185415,0.127606,-1.402586,0.023238,0.04904,-0.03906,0.452271,-0.618096,0.642967,-0.069486,0.694301,0.716321,-0.889169,-0.368649,0.271063,-0.048458,0.036695,-0.016189,0.194059,-0.262432,0.091898,-0.902795,0.052387,0.032416,-0.071012,0.46102,-0.001656,-0.887388,0.730369,0.568669,0.378384,0.504004,-0.822564,0.263377,0.00052,0.001708,0.002745,-0.072207,-0.194846,-0.080927,0.521205
385,0.102097,-0.043081,0.272163,-0.453535,-0.041383,-0.890303,-0.769718,-0.485392,0.41461,-0.448747,0.873373,0.189401,0.018132,0.004493,0.009143,-0.069274,-0.193734,-0.046677,0.524459,-0.202656,-0.014524,0.241643,-0.611137,0.609699,0.504747,0.040952,-0.612349,0.789485,0.791177,0.502377,0.348596,-0.12686,0.049155,-0.018307,-2.029468,-5.998776,0.575834,-1.402428,0.020949,0.050276,-0.039577,0.522053,-0.601087,0.605107,-0.073048,0.675342,0.733877,-0.849778,-0.427325,0.308656,-0.063284,0.02452,-0.009192,-2.049303,-5.965688,0.566507,-0.905897,0.052521,0.032498,-0.070849,0.460792,0.01236,-0.887421,0.729335,0.564477,0.386567,0.505707,-0.825355,0.251092,0.000739,-0.001989,0.009833,-0.095198,-0.153195,-0.08676,0.521205
386,0.102516,-0.042979,0.272717,-0.452052,-0.046877,-0.890785,-0.77023,-0.483178,0.416241,-0.449364,0.87433,0.183428,0.0027,0.008925,0.014261,-0.000164,-0.032665,0.047574,0.524311,-0.207461,-0.012868,0.241294,-0.668063,0.581818,0.463865,0.043302,-0.591792,0.804886,0.74363,0.557057,0.369546,-0.124944,0.030371,0.002682,-0.133149,-0.823234,0.264435,-1.402191,0.018593,0.051087,-0.039761,0.58499,-0.579317,0.567606,-0.078697,0.656003,0.750644,-0.807213,-0.483788,0.338165,-0.062646,0.021112,-0.002097,-0.629852,-1.672725,-0.326901,-0.912756,0.052736,0.032547,-0.070573,0.458949,0.017421,-0.888291,0.729924,0.56262,0.38816,0.506533,-0.826531,0.245498,0.009335,0.003206,0.006068,0.013048,-0.008362,0.067216,0.521694
387,0.102803,-0.042815,0.273121,-0.456789,-0.046694,-0.888374,-0.768062,-0.483148,0.420262,-0.448279,0.874356,0.185942,0.0201,0.011194,0.019697,-0.00059,0.06319,-0.096216,0.524067,-0.209717,-0.012183,0.241348,-0.685902,0.568321,0.454468,0.046212,-0.58911,0.80669,0.727035,0.573585,0.377207,-0.124572,0.045318,3.7e-05,0.163374,-0.468665,0.428988,-1.402462,0.017418,0.05144,-0.039735,0.605042,-0.567099,0.558857,-0.08194,0.653834,0.752188,-0.791965,-0.500899,0.349129,-0.062261,0.022869,0.000449,0.138079,-0.453081,0.440403,-0.912265,0.052871,0.032624,-0.070381,0.46364,0.017497,-0.88585,0.727735,0.562793,0.392001,0.505409,-0.826412,0.2482,0.010153,0.005962,0.010424,0.004163,-0.049804,0.09281,0.521858
388,0.103241,-0.041929,0.274292,-0.493323,-0.045628,-0.868675,-0.749905,-0.48375,0.451221,-0.440203,0.874078,0.205513,0.007533,0.02524,0.039688,0.174696,1.671374,-2.841475,0.523371,-0.214094,-0.010459,0.241621,-0.715605,0.547103,0.434257,0.042264,-0.586493,0.80881,0.698074,0.596441,0.395997,-0.107387,0.051001,0.007535,0.187429,-0.934453,-0.171536,-1.402629,0.01527,0.052281,-0.039604,0.63649,-0.550804,0.539902,-0.078488,0.650115,0.755771,-0.767281,-0.523416,0.37056,-0.061462,0.025863,0.004744,-0.057744,-2.232719,-0.481201,-0.911123,0.053093,0.033054,-0.069815,0.497262,0.020043,-0.867368,0.710626,0.564128,0.420438,0.497734,-0.825443,0.266276,0.004279,0.018801,0.016721,0.083555,0.487899,-0.838379,0.521041
389,0.102618,-0.040452,0.276591,-0.546436,-0.032821,-0.836884,-0.722356,-0.487224,0.490701,-0.423182,0.872706,0.243574,-0.035719,0.047197,0.067377,0.215078,0.969343,-0.54299,0.522997,-0.218392,-0.008239,0.242001,-0.748035,0.518486,0.414254,0.044215,-0.58372,0.810709,0.663076,0.624089,0.413166,-0.105966,0.042039,0.018145,0.729224,-1.709455,2.176493,-1.402444,0.013161,0.053378,-0.039415,0.671771,-0.524094,0.523496,-0.08278,0.649163,0.756131,-0.736118,-0.551282,0.392704,-0.045275,0.027134,0.005738,0.159546,-0.878476,-0.198613,-0.909653,0.05281,0.03376,-0.068711,0.551863,0.015604,-0.833788,0.681513,0.567775,0.461703,0.480609,-0.823035,0.3027,-0.018053,0.018669,0.03881,0.1139,1.825001,-2.923094,0.520551
390,0.100823,-0.038189,0.279769,-0.583584,-0.012328,-0.811987,-0.702842,-0.493216,0.512564,-0.406085,0.869838,0.280184,-0.062399,0.066769,0.091349,0.216936,1.029045,-0.657452,0.522771,-0.221796,-0.007036,0.242721,-0.806342,0.434706,0.401042,0.090193,-0.579584,0.809865,0.585492,0.688637,0.427599,-0.07497,0.01426,0.024275,0.625883,-2.269757,1.853944,-1.401908,0.011409,0.054017,-0.039041,0.735727,-0.446289,0.509442,-0.128677,0.646381,0.752085,-0.664942,-0.618883,0.418133,-0.037571,0.006853,0.011771,-0.346012,-1.821798,-0.985162,-0.902468,0.05191,0.034902,-0.067106,0.590869,-0.002349,-0.806763,0.661044,0.574665,0.482472,0.462486,-0.818384,0.341105,-0.022799,0.038377,0.041666,0.338401,1.154763,-0.545575,0.519898
391,0.099657,-0.036799,0.281653,-0.60115,0.004413,-0.799152,-0.693802,-0.499166,0.51908,-0.395878,0.866493,0.304135,-0.060228,0.072485,0.09826,0.472889,1.477738,-0.382743,0.521451,-0.223048,-0.006687,0.243148,-0.824596,0.401315,0.398721,0.108557,-0.579271,0.807833,0.556188,0.7089,0.433566,-0.059199,0.014851,0.02471,0.18938,-0.29739,-0.076968,-1.401603,0.010754,0.054194,-0.038824,0.75844,-0.413085,0.504112,-0.144707,0.647445,0.748247,-0.635475,-0.640449,0.431272,-0.029618,0.007463,0.012446,0.190794,-0.290297,-0.087046,-0.892997,0.051327,0.035598,-0.066162,0.609283,-0.014793,-0.792814,0.651299,0.579647,0.489712,0.452308,-0.814732,0.362804,-0.037797,0.03826,0.051317,0.27376,1.112223,-0.610713,0.519408
392,0.096715,-0.033903,0.285994,-0.631721,0.042093,-0.774081,-0.678136,-0.513857,0.52541,-0.374871,0.856792,0.354128,-0.088817,0.073881,0.117325,0.433546,1.299689,-0.330195,0.523281,-0.224758,-0.005327,0.244172,-0.853574,0.357505,0.378936,0.111628,-0.584766,0.803444,0.509887,0.727633,0.458724,-0.026088,0.035768,0.031116,0.33778,-1.042856,-0.420087,-1.401701,0.009906,0.054849,-0.038341,0.790931,-0.37459,0.483848,-0.146617,0.651676,0.744191,-0.594079,-0.659545,0.46051,-0.020746,0.024483,0.013252,-0.037167,-1.916579,-1.202778,-0.894957,0.04987,0.037055,-0.063985,0.642227,-0.050402,-0.764854,0.634701,0.594426,0.493771,0.429763,-0.802568,0.413747,-0.044308,0.037512,0.059575,0.595836,1.647328,-0.359021,0.519735
393,0.093379,-0.031275,0.29074,-0.62651,0.080482,-0.775276,-0.68091,-0.540588,0.494063,-0.378569,0.837328,0.394455,-0.072326,0.062064,0.122203,1.824464,0.241404,-0.338531,0.523382,-0.225651,-0.004072,0.245405,-0.883722,0.296382,0.362194,0.129559,-0.588507,0.798003,0.45077,0.751749,0.481189,-0.011223,0.007987,0.038207,0.338766,-0.54008,-0.396834,-1.401763,0.009457,0.055501,-0.037704,0.82667,-0.316034,0.465552,-0.163961,0.656177,0.736578,-0.538269,-0.685239,0.490625,-0.00563,0.010071,0.015821,0.239454,-0.992883,-0.425979,-0.893651,0.048199,0.038383,-0.061601,0.639809,-0.090187,-0.763223,0.636897,0.61802,0.460881,0.430122,-0.780971,0.452855,-0.052111,0.027992,0.067283,5.030208,-1.76468,-1.184523,0.521858
394,0.091699,-0.030212,0.293246,-0.619254,0.105693,-0.778073,-0.68816,-0.550268,0.472878,-0.377405,0.828139,0.414463,-0.07298,0.04999,0.127198,0.734982,1.370871,0.622182,0.523571,-0.225699,-0.004046,0.24608,-0.891165,0.26839,0.365763,0.147825,-0.590204,0.793563,0.429971,0.760911,0.485801,0.003187,-0.009075,0.036851,0.035416,-0.780708,-0.297662,-1.4015,0.009429,0.055527,-0.037356,0.835555,-0.287635,0.468095,-0.181681,0.659411,0.729498,-0.518497,-0.69458,0.498717,0.001566,0.001512,0.015107,-0.273416,-1.696392,-1.031832,-0.89512,0.047361,0.038924,-0.060342,0.634477,-0.112864,-0.764657,0.642444,0.627066,0.440515,0.429772,-0.770745,0.470368,-0.044294,0.026204,0.064504,0.574523,1.280068,0.232811,0.523164
395,0.088421,-0.029029,0.298348,-0.608434,0.15679,-0.777992,-0.700905,-0.565981,0.434016,-0.371529,0.809172,0.45523,-0.07751,0.017228,0.126484,0.614787,1.143292,0.818301,0.524607,-0.224931,-0.004964,0.247317,-0.895742,0.246837,0.369741,0.161206,-0.594496,0.787732,0.415369,0.764883,0.492225,0.032165,-0.04258,0.035307,-0.001062,-0.225079,0.074505,-1.401578,0.009803,0.055084,-0.03673,0.841444,-0.26506,0.470866,-0.194607,0.664283,0.721703,-0.504083,-0.698906,0.507374,0.016015,-0.015453,0.013973,0.002857,-0.116877,-0.059683,-0.899039,0.045729,0.039544,-0.057768,0.62752,-0.16554,-0.760798,0.654505,0.641399,0.400287,0.421712,-0.749134,0.510838,-0.047075,0.003976,0.067804,0.704796,1.400515,0.862314,0.52398
396,0.08479,-0.029752,0.30333,-0.597847,0.196943,-0.77707,-0.70331,-0.594012,0.390483,-0.383949,0.779724,0.494612,-0.088652,-0.049203,0.128948,1.77808,0.536906,-0.004818,0.525217,-0.223211,-0.006517,0.248639,-0.903219,0.232766,0.360563,0.157511,-0.601469,0.783173,0.400292,0.763861,0.506108,0.063392,-0.041667,0.03605,0.152339,-0.406843,0.042108,-1.402048,0.010649,0.054296,-0.036088,0.85045,-0.25277,0.461346,-0.189801,0.670482,0.717236,-0.490621,-0.697538,0.522236,0.023967,-0.020691,0.018362,0.200087,-0.414273,-0.055862,-0.911612,0.043925,0.039227,-0.055253,0.619367,-0.207361,-0.757222,0.656687,0.665431,0.354911,0.430284,-0.717079,0.548317,-0.051808,-0.018533,0.060403,4.963409,-0.790026,-1.841352,0.524634
397,0.082982,-0.030858,0.305652,-0.591747,0.204864,-0.779687,-0.693023,-0.623347,0.36212,-0.4111,0.754367,0.511815,-0.077292,-0.0627,0.112896,1.909643,0.646676,0.275708,0.525673,-0.222017,-0.00713,0.249286,-0.917051,0.201421,0.34415,0.16072,-0.602868,0.781443,0.366023,0.771665,0.520022,0.063617,-0.015973,0.024769,0.257514,-0.64114,-0.049786,-1.402241,0.011245,0.053977,-0.035763,0.867633,-0.223908,0.443934,-0.192532,0.671903,0.715176,-0.458415,-0.705982,0.539856,0.039473,-0.014446,0.014923,0.174645,-0.860067,-0.423465,-0.911286,0.043017,0.038681,-0.054084,0.613873,-0.214898,-0.75959,0.644636,0.691855,0.325237,0.455634,-0.689314,0.563242,-0.046537,-0.030575,0.056761,4.818317,-1.016224,-1.876766,0.524634
398,0.080668,-0.033681,0.309409,-0.586614,0.229034,-0.776836,-0.680239,-0.659892,0.319047,-0.438832,0.715304,0.543871,-0.034731,-0.063088,0.072549,0.411202,0.944758,0.901697,0.525789,-0.21933,-0.007792,0.250251,-0.938312,0.172961,0.299411,0.136389,-0.610255,0.780334,0.31886,0.7728,0.548609,0.063668,-0.015367,0.025286,0.447537,-0.780198,0.138728,-1.401474,0.012589,0.053647,-0.035279,0.894395,-0.201066,0.399535,-0.16797,0.67689,0.716662,-0.414538,-0.70809,0.571634,0.039412,-0.002105,0.008328,0.479075,-0.829104,0.133099,-0.893651,0.041853,0.037283,-0.05223,0.610885,-0.238077,-0.755074,0.628515,0.725784,0.279652,0.481442,-0.645411,0.593006,-0.025408,-0.031118,0.035985,0.130928,1.338051,0.156209,0.524797
399,0.079272,-0.035802,0.311465,-0.602346,0.225449,-0.765766,-0.643842,-0.704291,0.299022,-0.471165,0.672864,0.570338,-0.036553,-0.051423,0.042668,4.493044,-1.01503,-2.58946,0.525567,-0.216982,-0.008173,0.251204,-0.956187,0.135546,0.25947,0.125636,-0.610188,0.78219,0.265548,0.780333,0.566064,0.06354,-0.002739,0.019002,0.185271,-0.536895,0.291906,-1.401345,0.013763,0.053454,-0.034797,0.918364,-0.166785,0.358872,-0.157913,0.677075,0.718771,-0.362864,-0.716764,0.595464,0.024161,-0.007158,0.013439,0.167299,-0.599818,0.137682,-0.886629,0.041159,0.036201,-0.051187,0.625033,-0.237207,-0.743684,0.594059,0.762583,0.256045,0.506386,-0.601829,0.617555,-0.018307,-0.025693,0.02138,0.047924,0.336032,0.194887,0.524797
400,0.077784,-0.037121,0.312235,-0.609466,0.223283,-0.76075,-0.626341,-0.723878,0.289256,-0.485352,0.6525,0.581982,-0.035415,-0.015305,-0.000811,0.081972,0.134737,0.159609,0.524632,-0.215105,-0.008556,0.251838,-0.96414,0.11144,0.240845,0.125903,-0.606413,0.785076,0.234752,0.787091,0.5703,0.047016,-0.008689,0.010279,-0.018214,-0.171191,0.250805,-1.400574,0.014726,0.053269,-0.034461,0.92961,-0.144339,0.339102,-0.158789,0.673465,0.721963,-0.332581,-0.72499,0.60314,0.023455,-0.004624,0.004673,-0.030987,-0.158793,0.25912,-0.89414,0.040392,0.035506,-0.050781,0.633138,-0.232385,-0.738331,0.571365,0.783815,0.243259,0.522185,-0.575873,0.62904,-0.010823,-0.015285,0.001963,0.055619,0.128126,0.123871,0.524307
401,0.077428,-0.037402,0.312064,-0.606382,0.224102,-0.762971,-0.627942,-0.723605,0.286457,-0.487146,0.652522,0.580458,-0.018523,0.002348,-0.021253,0.039157,-0.084223,0.137964,0.524566,-0.214404,-0.008785,0.251992,-0.964832,0.111745,0.237915,0.123554,-0.605678,0.786016,0.233145,0.787614,0.570238,0.031125,-0.011475,0.006564,-0.03192,-0.014836,0.043281,-1.396887,0.015066,0.053161,-0.034384,0.930501,-0.145095,0.336323,-0.156522,0.672633,0.723232,-0.33116,-0.725611,0.603175,0.015533,-0.005874,0.003041,-0.031597,-0.008281,0.048477,-0.89561,0.040205,0.035353,-0.050867,0.630051,-0.233336,-0.740667,0.573129,0.783297,0.240768,0.523983,-0.576194,0.627249,-0.002327,-0.006367,-0.008141,-0.016682,-0.094363,0.111096,0.52447
402,0.077372,-0.037243,0.311026,-0.606675,0.217442,-0.764663,-0.619763,-0.73175,0.28356,-0.497136,0.645666,0.579654,0.013723,0.008812,-0.031785,0.069883,-0.036788,0.035904,0.524559,-0.21341,-0.009116,0.252073,-0.963435,0.112197,0.243303,0.127814,-0.605223,0.785686,0.236614,0.787898,0.568413,0.015391,-0.013461,0.00409,-0.043569,0.122779,-0.142417,-1.389767,0.015562,0.052993,-0.034348,0.928588,-0.145294,0.341487,-0.160515,0.672404,0.72257,-0.334602,-0.725783,0.601064,0.007625,-0.007144,0.001401,-0.041637,0.12285,-0.134657,-0.897896,0.040162,0.035416,-0.051382,0.629835,-0.226551,-0.742954,0.564508,0.79052,0.237503,0.533514,-0.568992,0.625787,0.00691,0.004513,-0.015748,0.072069,-0.037602,0.032895,0.52447
403,0.077667,-0.036659,0.309992,-0.628817,0.17903,-0.756692,-0.573959,-0.763387,0.296281,-0.523829,0.620391,0.583733,0.017258,0.026666,-0.031296,1.364071,-0.570698,-0.904347,0.524482,-0.212771,-0.009335,0.251886,-0.961035,0.10314,0.256448,0.144767,-0.602123,0.785127,0.236598,0.791515,0.563373,0.014796,-0.003855,-0.006404,-1.417054,-4.336131,-3.106607,-1.388378,0.015887,0.052877,-0.034442,0.924517,-0.140936,0.354124,-0.173891,0.670811,0.720953,-0.339158,-0.728113,0.595669,0.007424,-0.001781,-0.002997,0.01161,-0.020166,0.035754,-0.901325,0.040303,0.035696,-0.051923,0.649059,-0.186984,-0.737399,0.517718,0.818796,0.248072,0.557394,-0.542779,0.628252,0.008189,0.007954,-0.011273,4.292508,-1.598694,-3.355741,0.52447
404,0.078043,-0.036054,0.309459,-0.640188,0.149433,-0.753575,-0.542404,-0.78257,0.305538,-0.543277,0.604155,0.582987,0.03529,0.039329,-0.035631,0.347575,-0.148303,-0.600932,0.524011,-0.212494,-0.009348,0.251743,-0.961129,0.097513,0.258291,0.149755,-0.601402,0.784744,0.233066,0.792782,0.563062,0.014854,-0.003525,-0.005919,-0.010922,-0.032584,-0.018619,-1.388058,0.016019,0.052869,-0.034515,0.925763,-0.129707,0.355158,-0.182316,0.669773,0.719836,-0.331243,-0.73115,0.596404,0.00732,0.004252,-0.006379,-0.08621,-0.428105,-0.233266,-0.904591,0.040476,0.035979,-0.052183,0.657644,-0.157053,-0.736774,0.485256,0.836408,0.254848,0.57622,-0.525124,0.62627,0.010158,0.021382,-0.016471,3.295047,-0.231476,-5.441706,0.52447
405,0.078807,-0.034478,0.3088,-0.664107,0.13683,-0.73504,-0.523879,-0.786579,0.326828,-0.532627,0.601948,0.594974,0.00767,0.04566,-0.0087,0.09714,0.11481,-0.249842,0.523481,-0.212098,-0.009254,0.251455,-0.964275,0.0977,0.246209,0.139732,-0.601592,0.786445,0.226164,0.792615,0.566105,0.014879,0.010051,-0.010417,0.043498,-0.075231,0.104102,-1.390512,0.016223,0.052906,-0.034665,0.930017,-0.130979,0.343383,-0.17247,0.669517,0.722496,-0.324533,-0.731157,0.600072,-0.000135,-0.000867,-0.001321,0.019509,-0.154248,0.208255,-0.908183,0.040877,0.036789,-0.05254,0.681391,-0.140032,-0.718397,0.464239,0.841511,0.276295,0.56585,-0.521774,0.638407,0.00404,0.023362,-0.003675,0.105594,0.104137,-0.231684,0.523817
406,0.079168,-0.033253,0.309018,-0.688882,0.126357,-0.713807,-0.507332,-0.787383,0.350162,-0.516943,0.603198,0.607413,0.006245,0.025509,0.01019,0.290361,-0.254928,0.149943,0.524001,-0.211702,-0.009224,0.251316,-0.973517,0.07496,0.215955,0.129244,-0.598214,0.790803,0.189691,0.797662,0.572377,0.015305,-0.000758,-0.001768,0.003679,-0.028696,0.047255,-1.397166,0.01642,0.052925,-0.034739,0.943422,-0.111299,0.312355,-0.162497,0.665944,0.728088,-0.289046,-0.737652,0.61018,0.007666,-0.000336,-0.000831,0.016351,-0.167238,0.230902,-0.909,0.04106,0.037404,-0.05242,0.705378,-0.126462,-0.697458,0.447413,0.842611,0.299713,0.549784,-0.523463,0.65094,0.003216,0.012998,0.005401,0.916022,-1.536493,1.736625,0.523491
407,0.079487,-0.032592,0.309751,-0.696574,0.121528,-0.70715,-0.499923,-0.789163,0.35675,-0.513841,0.601869,0.61135,0.004681,0.004971,0.028557,-0.040249,0.186703,-0.311172,0.5237,-0.211378,-0.009273,0.251321,-0.982539,0.059709,0.176193,0.106685,-0.594408,0.797014,0.153557,0.801804,0.577403,0.000101,0.000634,0.000958,0.028305,-0.271921,0.356805,-1.401174,0.016588,0.0529,-0.034736,0.956931,-0.099895,0.272585,-0.140808,0.661396,0.7367,-0.25388,-0.743354,0.618845,6.6e-05,0.000387,0.000573,0.032174,-0.267653,0.352352,-0.896753,0.041223,0.037747,-0.052045,0.712219,-0.120812,-0.691481,0.439951,0.844418,0.305613,0.546978,-0.521881,0.654563,0.002361,0.002569,0.014383,-0.041413,0.187332,-0.310633,0.522184
408,0.079547,-0.032436,0.310261,-0.70138,0.124186,-0.701919,-0.497198,-0.790851,0.35682,-0.509934,0.599101,0.617311,-0.010736,0.007349,0.029751,0.198094,0.459632,0.030506,0.523765,-0.211405,-0.009288,0.251413,-0.9863,0.053747,0.155935,0.093839,-0.593929,0.798985,0.1368,0.802588,0.580518,-0.014734,-0.009198,0.011727,-0.030993,-0.032829,0.039366,-1.401249,0.01658,0.052894,-0.034698,0.962879,-0.095796,0.252358,-0.128209,0.660413,0.739876,-0.237538,-0.744766,0.623616,0.00015,0.000931,0.001398,0.029388,-0.269368,0.356154,-0.89561,0.041258,0.037825,-0.051798,0.71668,-0.121568,-0.686723,0.43707,0.845614,0.30644,0.54345,-0.519766,0.659169,0.00227,0.002321,0.014032,0.371151,0.664117,0.167183,0.522021
409,0.07947,-0.032483,0.311786,-0.706822,0.132086,-0.694983,-0.496251,-0.792726,0.353966,-0.503304,0.594909,0.626734,-0.010109,0.000985,0.04372,0.003123,0.218943,-0.096747,0.52277,-0.211778,-0.009214,0.251653,-0.993224,0.02764,0.112847,0.074304,-0.594501,0.800614,0.09047,0.803523,0.588242,-0.014946,0.002959,0.005084,0.081777,-0.205964,0.140033,-1.402112,0.0164,0.052929,-0.034573,0.975169,-0.073843,0.208787,-0.109134,0.660115,0.743194,-0.192703,-0.747526,0.635665,0.000288,0.001776,0.002678,0.170411,-0.75465,0.824622,-0.888262,0.041216,0.037798,-0.051065,0.723116,-0.13027,-0.678329,0.436006,0.847763,0.301984,0.535723,-0.514126,0.669831,-0.005128,0.000342,0.021677,-0.007984,0.23291,-0.115919,0.521694
410,0.079613,-0.032346,0.313611,-0.709994,0.14384,-0.689394,-0.497917,-0.794809,0.346884,-0.497163,0.589365,0.636793,0.007816,0.005842,0.051115,0.002547,0.083786,0.125964,0.522137,-0.212393,-0.009089,0.251737,-0.996199,0.02703,0.082761,0.050328,-0.595549,0.8017,0.072217,0.802768,0.591786,-0.030506,0.002059,0.004309,0.012315,-0.154465,0.180081,-1.402252,0.016092,0.052995,-0.034526,0.980948,-0.075584,0.178961,-0.085353,0.659849,0.746533,-0.174514,-0.747586,0.640827,-0.007784,0.006251,-0.002744,0.070477,-0.398903,0.50603,-0.8832,0.041281,0.037859,-0.050146,0.727125,-0.141417,-0.67178,0.437633,0.849427,0.294874,0.528928,-0.508404,0.679528,0.003957,0.003122,0.025814,-0.034319,0.147829,-0.059183,0.521205
411,0.079722,-0.032221,0.314727,-0.713678,0.150343,-0.684183,-0.498047,-0.795726,0.344587,-0.491734,0.586489,0.643627,0.008685,0.008373,0.053982,-0.168545,0.774462,-0.360032,0.522237,-0.212803,-0.008965,0.25179,-0.996738,0.02674,0.076087,0.045102,-0.595883,0.801762,0.068038,0.80253,0.592604,-0.014922,0.003029,0.005155,0.007568,-0.107375,0.12707,-1.402137,0.015881,0.053053,-0.034504,0.982098,-0.07589,0.172403,-0.080153,0.659892,0.747072,-0.170463,-0.747517,0.641996,-0.015193,0.008051,0.000264,0.042727,-0.120234,0.131701,-0.886956,0.041336,0.037921,-0.049587,0.730391,-0.14677,-0.667072,0.437991,0.85005,0.292536,0.52411,-0.505838,0.685153,0.003966,-0.000851,0.031742,-0.812026,2.165701,-1.837831,0.520878
412,0.079788,-0.032159,0.316982,-0.714581,0.160317,-0.680969,-0.500871,-0.79681,0.337926,-0.487544,0.58235,0.650536,0.006916,-0.004566,0.059498,0.15802,0.300313,0.293885,0.522491,-0.213658,-0.008566,0.252071,-0.998021,0.014412,0.061126,0.040376,-0.596313,0.801695,0.049266,0.802544,0.59444,-0.014448,0.005767,0.009232,-0.00062,-0.002929,-0.006121,-1.402555,0.015459,0.053244,-0.034368,0.985529,-0.06491,0.156585,-0.075286,0.660035,0.747452,-0.151869,-0.748425,0.645597,-0.007246,0.002766,0.004451,-0.002596,0.020123,-0.03216,-0.898059,0.041376,0.037968,-0.048472,0.732253,-0.155061,-0.663144,0.440456,0.850499,0.287488,0.519425,-0.5026,0.691078,0.003771,0.002715,0.024979,0.538121,-0.063124,0.768621,0.521694
413,0.079745,-0.032312,0.319088,-0.71515,0.163375,-0.679643,-0.503142,-0.79527,0.33818,-0.484365,0.5836,0.651789,0.005222,-0.009283,0.053479,-0.096895,0.019759,0.032121,0.522357,-0.214203,-0.008234,0.252347,-0.998972,0.008215,0.044472,0.030654,-0.59718,0.80148,0.034405,0.801995,0.596225,-0.014311,0.006463,0.010235,0.016892,-0.151277,0.191919,-1.402666,0.015181,0.053417,-0.034229,0.98834,-0.060127,0.139886,-0.065705,0.660362,0.748066,-0.137355,-0.748535,0.648712,-0.007155,0.003251,0.005158,0.062821,-0.548751,0.714873,-0.900672,0.041355,0.0379,-0.047386,0.733322,-0.15967,-0.660865,0.443099,0.849479,0.28644,0.515656,-0.502881,0.693691,0.00254,-0.004757,0.026605,-0.117761,-0.005117,0.021163,0.522021
414,0.079633,-0.0326,0.320764,-0.714421,0.164563,-0.680123,-0.505761,-0.793136,0.339281,-0.482714,0.586161,0.650714,-0.01214,-0.004808,0.035624,-0.065521,-0.058949,0.138231,0.522819,-0.214506,-0.008023,0.252899,-0.999333,7.9e-05,0.036402,0.02899,-0.598863,0.800285,0.023128,0.800791,0.598382,0.001437,0.008514,0.012702,-0.007985,0.104804,-0.13369,-1.40247,0.015029,0.053521,-0.033963,0.989982,-0.052675,0.130994,-0.063609,0.661903,0.746885,-0.126047,-0.747735,0.651922,0.000799,0.004765,0.007115,-0.002412,-0.029526,0.041346,-0.905407,0.041308,0.037762,-0.046532,0.732671,-0.160663,-0.661346,0.445805,0.847537,0.287989,0.514246,-0.505833,0.69259,-0.006502,-0.007563,0.022399,-0.103571,0.039721,-0.027751,0.522348
415,0.079337,-0.032741,0.321446,-0.714389,0.164885,-0.680079,-0.506628,-0.792265,0.340024,-0.481854,0.587247,0.650372,-0.013322,-0.008173,0.031585,-0.069628,0.036602,-0.036162,0.52295,-0.214577,-0.007989,0.253252,-0.999426,7.2e-05,0.033747,0.026873,-0.598675,0.8005,0.021526,0.800932,0.598254,0.001603,-0.003628,0.019321,-0.044105,0.120431,-0.148858,-1.402252,0.014988,0.053541,-0.033783,0.990308,-0.05291,0.128407,-0.061556,0.661587,0.747337,-0.124494,-0.747999,0.651918,-0.006782,-0.001139,0.010943,-0.036119,-0.000444,-0.00215,-0.90606,0.04117,0.037694,-0.046203,0.732524,-0.161065,-0.661411,0.44681,0.846785,0.288643,0.513583,-0.506964,0.692256,-0.006177,0.001371,0.011568,-0.033972,0.004668,0.004478,0.522674
416,0.078625,-0.03248,0.32217,-0.716771,0.164146,-0.677746,-0.50569,-0.791574,0.343016,-0.479295,0.588386,0.651233,-0.011981,0.011597,0.012169,-0.000442,0.00104,-0.004379,0.522633,-0.214625,-0.008006,0.253895,-0.999317,-0.004036,0.036624,0.031577,-0.601141,0.798478,0.020058,0.799079,0.600778,0.001353,0.008027,0.011896,0.017636,-0.030228,0.011889,-1.401775,0.014964,0.053534,-0.033459,0.990194,-0.048538,0.130991,-0.06592,0.664374,0.744487,-0.123163,-0.745822,0.65466,0.000715,0.004301,0.006375,-0.007375,-0.048517,0.033691,-0.908183,0.0408,0.037807,-0.045831,0.734928,-0.159943,-0.659012,0.445847,0.846199,0.291833,0.510978,-0.508295,0.693206,-0.0131,0.012483,0.002545,0.036603,-0.019986,0.01091,0.522674
417,0.077872,-0.031585,0.32216,-0.716202,0.161477,-0.678988,-0.504665,-0.79183,0.343934,-0.48122,0.588783,0.649453,-0.011793,0.027994,-0.011189,0.052134,-0.045444,-0.010622,0.523595,-0.214448,-0.007879,0.254411,-0.999183,-0.00388,0.040116,0.034287,-0.600623,0.798756,0.02226,0.799469,0.600181,0.016238,0.005249,0.007198,0.003422,-0.032939,0.051918,-1.402055,0.015048,0.0536,-0.033188,0.989732,-0.048422,0.134478,-0.068719,0.663774,0.744768,-0.125326,-0.746363,0.653632,0.000537,0.003256,0.004804,-0.008969,0.105798,-0.132833,-0.909326,0.040434,0.03824,-0.04582,0.734092,-0.157224,-0.660596,0.444895,0.846307,0.29297,0.513006,-0.508963,0.691216,-0.013941,0.010001,-0.000402,0.031898,0.002073,-0.051423,0.522838
418,0.077398,-0.031079,0.321954,-0.715422,0.151108,-0.68219,-0.49553,-0.798058,0.342819,-0.49174,0.583114,0.646681,-0.02792,0.027778,-0.012995,3.704332,-2.101676,-3.707973,0.523033,-0.214386,-0.007855,0.254574,-0.999094,-0.003805,0.042274,0.035974,-0.600388,0.798858,0.023605,0.799645,0.599894,0.000662,0.003957,0.005833,0.0,-0.0,-0.0,-1.401977,0.015085,0.053616,-0.033101,0.989429,-0.048343,0.136719,-0.070481,0.663638,0.744725,-0.126734,-0.746489,0.653216,0.000358,0.002176,0.003207,-0.008147,0.105502,-0.133087,-0.910796,0.040194,0.038506,-0.045924,0.732217,-0.152211,-0.663844,0.440292,0.84943,0.290877,0.519615,-0.505271,0.688984,-0.014053,0.01362,-0.006803,-0.151247,-0.312765,-0.186348,0.523001
419,0.076306,-0.030019,0.321263,-0.699461,0.130875,-0.702617,-0.485808,-0.80812,0.333024,-0.523349,0.574108,0.629708,-0.029244,0.02398,-0.017512,-0.062402,-0.168172,-0.294673,0.522002,-0.214301,-0.007822,0.254749,-0.999445,-0.003745,0.032978,0.028496,-0.600786,0.79886,0.018085,0.799346,0.600484,0.000248,0.001487,0.002189,0.004821,-0.044864,0.059406,-1.401657,0.015128,0.053632,-0.033013,0.990617,-0.049199,0.127499,-0.062981,0.663623,0.745411,-0.121285,-0.746447,0.654298,0.007753,0.000488,0.000439,0.019307,-0.17522,0.240449,-0.913082,0.039657,0.039022,-0.046261,0.715438,-0.129911,-0.68649,0.42536,0.86047,0.280461,0.55427,-0.492658,0.670873,-0.014647,0.011899,-0.008846,0.157372,-0.874758,0.406513,0.522184
420,0.075051,-0.029282,0.320641,-0.678428,0.122785,-0.724364,-0.487134,-0.81323,0.318321,-0.549152,0.568664,0.612438,-0.031485,0.009871,-0.012896,0.090571,-0.265891,0.260537,0.519649,-0.214232,-0.007846,0.254877,-0.999433,-0.003697,0.033338,0.028759,-0.600584,0.799003,0.018333,0.799498,0.600274,0.000117,0.000703,0.001035,0.0,-0.0,-0.0,-1.401667,0.015162,0.053619,-0.032951,0.990565,-0.049249,0.127887,-0.063268,0.66345,0.74554,-0.121564,-0.746597,0.654075,0.000148,-0.005678,0.003903,-0.045481,0.138354,-0.171621,-0.912266,0.039008,0.039412,-0.046589,0.694084,-0.123998,-0.709133,0.426178,0.864666,0.265939,0.580188,-0.486801,0.652996,-0.015816,0.004707,-0.006697,0.141835,-0.202611,0.291855,0.521205
421,0.073712,-0.029099,0.320244,-0.671669,0.115211,-0.731869,-0.480726,-0.819425,0.312117,-0.562922,0.561321,0.606683,-0.046674,0.012508,-0.011498,0.035372,-0.057521,0.074758,0.511303,-0.214263,-0.008061,0.255003,-0.999688,-0.009576,0.022879,0.023929,-0.60054,0.799195,0.007352,0.799491,0.600519,0.000179,-0.012086,0.00674,-0.019928,-0.133843,0.182903,-1.402131,0.015146,0.05351,-0.03289,0.992141,-0.044243,0.117032,-0.058447,0.663159,0.746192,-0.110625,-0.747169,0.655362,8.1e-05,-0.006093,0.003296,-0.019633,-0.142247,0.193545,-0.913572,0.038354,0.039494,-0.04679,0.687273,-0.117835,-0.716777,0.419274,0.87014,0.258969,0.593181,-0.478509,0.647429,-0.016389,-0.000735,-0.002498,0.008058,-0.044357,0.089074,0.511734
422,0.073049,-0.029099,0.320192,-0.671575,0.108114,-0.733037,-0.472162,-0.824871,0.310843,-0.570224,0.554728,0.605927,-0.03201,0.000713,-0.002487,1.216519,-0.568558,-0.915085,0.505471,-0.214238,-0.008138,0.255054,-0.999805,-0.009555,0.017047,0.019253,-0.6007,0.799201,0.003869,0.799371,0.600712,0.000211,-0.011893,0.007023,-0.035591,0.011507,-0.009888,-1.402223,0.015158,0.053475,-0.032868,0.992792,-0.044754,0.111176,-0.053718,0.663078,0.746619,-0.107133,-0.74721,0.655895,7e-06,4.8e-05,7e-05,0.000944,-0.00545,0.009491,-0.912592,0.038016,0.039494,-0.046824,0.686643,-0.11209,-0.718301,0.411852,0.874175,0.257286,0.599082,-0.472497,0.64641,-0.015922,0.000514,-0.000985,4.049244,-1.785409,-3.236204,0.507162
423,0.071978,-0.028933,0.320226,-0.668458,0.110016,-0.735598,-0.474657,-0.824526,0.307945,-0.571815,0.554865,0.604301,-0.030013,0.006089,0.003862,0.001686,-0.0672,0.1147,0.46508,-0.214199,-0.008255,0.255157,-0.999741,-0.017557,0.01416,0.021764,-0.602077,0.7981,-0.004221,0.798209,0.602252,0.000182,0.001094,0.001609,0.00833,-0.006539,-0.005611,-1.402388,0.015178,0.05341,-0.032818,0.993481,-0.036962,0.107834,-0.05614,0.664648,0.745044,-0.09921,-0.746241,0.65824,0.000106,0.00064,0.000938,-0.012683,-0.022018,0.017235,-0.908837,0.037478,0.03957,-0.046815,0.683828,-0.113186,-0.72081,0.412887,0.874537,0.254379,0.601583,-0.471564,0.644766,-0.007453,0.001652,0.00114,0.002046,-0.08162,0.144878,0.47532
424,0.071265,-0.028609,0.320271,-0.665625,0.111667,-0.737915,-0.476672,-0.824403,0.305148,-0.573442,0.554715,0.602895,-0.029188,0.008248,0.006403,-0.001444,0.015418,-0.033927,0.374956,-0.214208,-0.008152,0.255272,-0.999776,-0.01757,0.011451,0.01961,-0.602295,0.797991,-0.005858,0.798044,0.602457,0.000305,0.014996,-0.002466,0.037409,-0.033226,0.037953,-1.402485,0.015173,0.05346,-0.032763,0.993764,-0.03719,0.105115,-0.05396,0.66457,0.745274,-0.097573,-0.746299,0.658419,0.000159,0.007551,-0.001157,0.036724,-0.029363,0.034864,-0.903285,0.037122,0.039733,-0.046791,0.681058,-0.115272,-0.723098,0.415042,0.874341,0.251529,0.60324,-0.471422,0.64332,-0.006735,0.007501,-0.002626,0.03663,-0.10037,0.16022,0.384367
425,0.071005,-0.028387,0.320293,-0.664388,0.112347,-0.738926,-0.477438,-0.824437,0.303856,-0.57424,0.554527,0.602309,-0.012293,0.018068,-0.00164,0.033937,-0.017901,0.011196,0.317167,-0.214202,-0.008062,0.255312,-0.999823,-0.017578,0.006011,0.015279,-0.602754,0.797739,-0.009133,0.797697,0.602875,0.000327,0.001964,0.002883,3.8e-05,-0.000364,0.000481,-1.402626,0.015177,0.053508,-0.032738,0.994308,-0.037636,0.099671,-0.049559,0.664765,0.745406,-0.094313,-0.746103,0.659116,0.000166,0.001004,0.001473,-0.000408,0.00676,-0.006561,-0.905734,0.036985,0.039838,-0.04678,0.679911,-0.116094,-0.724045,0.415823,0.874327,0.250286,0.603996,-0.471247,0.642739,-0.006729,0.003551,0.003383,0.002805,-0.095922,0.169707,0.314315
426,0.07119,-0.028084,0.32047,-0.660029,0.115082,-0.742404,-0.480766,-0.824057,0.299611,-0.576488,0.554527,0.600157,0.017377,0.003237,0.00554,0.001503,-0.028742,0.054724,0.063902,-0.214184,-0.007996,0.255353,-0.999717,-0.023492,-0.002205,0.012303,-0.603289,0.797386,-0.018795,0.797149,0.603377,1.4e-05,8.4e-05,0.000124,0.0,-0.0,0.0,-1.402309,0.015186,0.053543,-0.032714,0.995312,-0.032411,0.091125,-0.046577,0.665105,0.745295,-0.084764,-0.746045,0.660478,-5e-06,-3e-05,-4.4e-05,-0.000154,0.002676,-0.002155,-0.909979,0.037067,0.039998,-0.046691,0.675811,-0.119341,-0.727348,0.4192,0.873899,0.24611,0.606258,-0.471228,0.640619,0.016168,6.5e-05,0.001777,0.005925,-0.140158,0.258242,0.071992
427,0.072227,-0.028071,0.320624,-0.65585,0.120603,-0.745226,-0.484739,-0.824045,0.293173,-0.577932,0.553363,0.599843,0.032072,-0.000441,0.00281,0.183467,0.1386,0.409484,-0.089652,-0.214237,-0.008098,0.255316,-0.999719,-0.023483,-0.001198,0.013096,-0.603105,0.797513,-0.018184,0.797288,0.603211,-0.000416,-0.002497,-0.003665,-0.010904,0.139784,-0.179407,-1.402376,0.01516,0.053496,-0.032727,0.995233,-0.032368,0.091986,-0.047265,0.664978,0.745365,-0.085295,-0.74616,0.660279,-0.0001,-0.007188,0.001689,-0.036025,0.015869,-0.015048,-0.909816,0.037582,0.040009,-0.046608,0.671746,-0.124138,-0.730306,0.423154,0.873488,0.240747,0.608028,-0.470752,0.639291,0.015985,-0.000361,0.001226,0.318414,0.430234,0.333531,-0.204459
428,0.072829,-0.028049,0.320631,-0.654122,0.121732,-0.746559,-0.486044,-0.823887,0.291451,-0.578793,0.553351,0.599023,0.03159,-0.001655,0.001342,0.00455,-0.025347,0.061325,-0.122241,-0.214261,-0.008213,0.255221,-0.99972,-0.023459,0.00013,0.014138,-0.602946,0.797616,-0.017367,0.797409,0.603076,-0.000822,-0.004935,-0.007253,-0.00138,0.017689,-0.022708,-1.401763,0.015148,0.053439,-0.032774,0.995097,-0.032281,0.093477,-0.04845,0.664884,0.745373,-0.086213,-0.746248,0.660061,-0.00044,-0.002653,-0.003898,-0.001382,0.017924,-0.022514,-0.910959,0.037884,0.040023,-0.046601,0.670497,-0.126818,-0.730992,0.424574,0.873583,0.237883,0.608415,-0.46986,0.639579,0.015938,-0.000442,0.001114,-0.008023,-0.056822,0.078273,-0.267816
429,0.074345,-0.027957,0.320525,-0.652395,0.126785,-0.747229,-0.492169,-0.820616,0.290398,-0.575564,0.557056,0.5987,0.048078,0.007578,-0.007555,0.03773,-0.076235,0.129048,-0.233378,-0.214259,-0.008489,0.254831,-0.999722,-0.023392,0.000495,0.014388,-0.602942,0.797614,-0.017093,0.797414,0.603076,-0.001286,-0.007702,-0.011361,-0.001381,0.017688,-0.022708,-1.401833,0.015149,0.053303,-0.032966,0.995067,-0.03233,0.093787,-0.048648,0.664895,0.745351,-0.086456,-0.746237,0.660042,0.006962,-0.004344,-0.006686,-0.000919,0.022886,-0.018908,-0.911612,0.038634,0.040062,-0.046654,0.669146,-0.13183,-0.731343,0.430928,0.870613,0.237344,0.605429,-0.473974,0.639377,0.023498,-0.001649,0.000446,0.005306,-0.061754,0.116828,-0.350277
430,0.076179,-0.028048,0.320521,-0.651209,0.134335,-0.746944,-0.498688,-0.817642,0.287651,-0.571287,0.559643,0.600381,0.047156,-0.002609,0.001614,0.173524,0.319236,0.093025,-0.408911,-0.214117,-0.008779,0.254321,-0.999723,-0.023305,-0.001089,0.013077,-0.603156,0.797474,-0.017975,0.797254,0.603262,0.013962,-0.008515,-0.013173,0.000662,0.002486,0.006539,-1.402256,0.015214,0.053154,-0.033226,0.995202,-0.032545,0.092265,-0.047351,0.665025,0.745318,-0.085616,-0.746111,0.660293,-0.000792,0.001803,-0.009651,0.03458,0.003394,-0.008632,-0.912755,0.039551,0.040021,-0.046659,0.667913,-0.138408,-0.731255,0.437758,0.867672,0.23561,0.60188,-0.47748,0.640119,0.023566,-0.00135,0.000727,0.314583,0.417022,0.365376,-0.465887
431,0.077798,-0.028167,0.320838,-0.655958,0.165993,-0.736349,-0.529585,-0.79633,0.292181,-0.537067,0.581408,0.611188,0.032395,-0.006862,0.016216,-4.069587,2.603654,3.164227,-0.573311,-0.213831,-0.009166,0.25377,-0.999847,-0.017231,-6.3e-05,0.01023,-0.603139,0.79753,-0.012514,0.797414,0.603189,0.013811,-0.022776,-0.009743,-0.036764,0.038882,-0.029001,-1.402042,0.015357,0.052968,-0.033499,0.994851,-0.038532,0.093734,-0.044502,0.664862,0.745638,-0.091052,-0.74597,0.659724,0.006835,-0.005262,-0.008119,0.002347,0.012699,0.015054,-0.914225,0.040366,0.03996,-0.04651,0.674736,-0.164386,-0.719518,0.46521,0.851563,0.241702,0.572983,-0.497812,0.651055,0.016571,0.001589,0.00334,-0.934247,1.769093,-2.032099,-0.590641
432,0.078311,-0.028177,0.321063,-0.659575,0.18426,-0.728735,-0.54581,-0.783977,0.29571,-0.516009,0.592561,0.618574,0.033105,0.003193,0.006714,-2.087547,2.289493,-0.762229,-0.615126,-0.213652,-0.009422,0.2534,-0.999881,-0.014984,-0.002091,0.007232,-0.601656,0.798681,-0.011958,0.798576,0.601662,0.013214,-0.013241,-0.020352,-0.163902,0.265444,-0.06732,-1.401809,0.015452,0.052834,-0.033685,0.994951,-0.040346,0.091891,-0.042089,0.663461,0.747025,-0.091106,-0.747121,0.658413,0.006587,-0.006801,-0.010451,-0.202721,0.275476,-0.062912,-0.915858,0.040636,0.039956,-0.046388,0.679578,-0.187834,-0.709147,0.486812,0.838623,0.244385,0.548804,-0.5113,0.66135,0.016561,0.001654,0.003402,-2.13353,2.245904,-0.773498,-0.64665
