frame,MLTx,MLTy,MLTz,MLTR1,MLTR2,MLTR3,MLTR4,MLTR5,MLTR6,MLTR7,MLTR8,MLTR9,MLTTVx,MLTTVy,MLTTVz,MLTRVx,MLTRVy,MLTRVz,MLGA,MRTx,MRTy,MRTz,MRTR1,MRTR2,MRTR3,MRTR4,MRTR5,MRTR6,MRTR7,MRTR8,MRTR9,MRTTVx,MRTTVy,MRTTVz,MRTRVx,MRTRVy,MRTRVz,MRGA,SLTx,SLTy,SLTz,SLTR1,SLTR2,SLTR3,SLTR4,SLTR5,SLTR6,SLTR7,SLTR8,SLTR9,SLTTVx,SLTTVy,SLTTVz,SLTRVx,SLTRVy,SLTRVz,SLGA,SRTx,SRTy,SRTz,SRTR1,SRTR2,SRTR3,SRTR4,SRTR5,SRTR6,SRTR7,SRTR8,SRTR9,SRTTVx,SRTTVy,SRTTVz,SRTRVx,SRTRVy,SRTRVz,SRGA
32,0.217006,-0.023559,0.377473,-0.578589,0.412812,-0.703468,-0.718746,-0.665742,0.200407,-0.384884,0.621052,0.682778,0.01341,0.010283,-0.044447,0.105703,-0.013112,0.04054,0.036788,-0.248857,-0.021379,0.330781,-0.877118,0.349579,0.329318,-0.065593,-0.766292,0.639084,0.476861,0.538505,0.694607,-0.031946,-0.008331,-0.00805,-0.020537,0.015534,-0.114212,-1.265968,0.004582,0.03383,-0.00547,0.92693,-0.208587,0.311916,-0.052925,0.750272,0.659006,-0.371482,-0.627361,0.68441,-0.0087,0.000186,-0.009484,-0.016582,-0.062526,-0.173659,-0.970887,0.107281,0.028467,-0.02918,0.73822,-0.372662,-0.562274,0.590226,0.760411,0.270937,0.326592,-0.53188,0.781306,-0.000222,0.004193,-0.022576,0.111792,0.025179,-0.014005,-0.043291
33,0.217122,-0.023178,0.375912,-0.578392,0.413119,-0.703449,-0.71749,-0.667933,0.1976,-0.387511,0.618491,0.683616,-0.000168,0.003683,-0.031618,0.069639,0.009804,-0.009827,-0.079035,-0.250073,-0.020859,0.330194,-0.901947,0.305388,0.305322,-0.039583,-0.762324,0.645933,0.431144,0.57012,0.699244,-0.043545,0.025449,-0.012875,-1.744761,-4.145415,-3.341649,-0.75677,0.003976,0.034065,-0.005775,0.942708,-0.165726,0.289544,-0.073938,0.742522,0.665727,-0.325321,-0.648995,0.687728,-0.021688,0.013036,-0.006119,-0.339867,-1.937425,1.862345,-0.81772,0.107344,0.02865,-0.029986,0.73807,-0.373077,-0.562197,0.589227,0.762344,0.267661,0.32873,-0.528814,0.78249,-6.8e-05,0.001941,-0.015734,0.069762,0.010041,-0.009693,-0.226013
34,0.217165,-0.02287,0.37519,-0.578024,0.413398,-0.703588,-0.717006,-0.668944,0.195929,-0.388952,0.617211,0.683955,-0.001299,0.018701,-0.037298,0.105988,-0.00859,0.037959,-0.114055,-0.250826,-0.020294,0.330012,-0.913084,0.285776,0.290861,-0.030921,-0.75958,0.649628,0.407724,0.583804,0.701995,-0.042078,0.030985,-0.007304,-0.316648,-2.027315,2.083024,-0.421063,0.003598,0.034343,-0.00587,0.950627,-0.138414,0.277755,-0.087944,0.738179,0.668847,-0.297611,-0.660251,0.689561,-0.020993,0.015664,-0.003472,0.06533,0.017555,-0.076338,-0.730033,0.107366,0.028796,-0.030353,0.737768,-0.373407,-0.562374,0.588935,0.763198,0.265862,0.329928,-0.527346,0.782976,-0.000647,0.009623,-0.018441,0.10599,-0.008547,0.038046,-0.278593
35,0.217118,-0.022051,0.374088,-0.576909,0.414111,-0.704083,-0.716409,-0.670567,0.192534,-0.391694,0.614969,0.68441,-0.001435,0.019601,-0.019348,0.071181,-0.013655,0.0428,-0.103402,-0.252513,-0.018952,0.329907,-0.93494,0.239585,0.261681,-0.006565,-0.748878,0.662626,0.355895,0.617488,0.701364,-0.040753,0.025359,0.006444,-0.539347,-1.808455,2.00297,0.034059,0.002756,0.035022,-0.005921,0.964345,-0.088238,0.249503,-0.110213,0.72323,0.681755,-0.240606,-0.684946,0.687719,-0.027572,0.018747,-0.00034,-0.190324,0.065373,0.144763,-0.592053,0.107345,0.029183,-0.030895,0.736894,-0.374242,-0.562965,0.588759,0.764523,0.262426,0.332189,-0.524831,0.78371,-0.001099,0.01523,-0.014103,0.106769,-0.02048,0.06427,-0.3137
36,0.216927,-0.021175,0.373453,-0.575714,0.414817,-0.704646,-0.716168,-0.671641,0.189666,-0.393883,0.61332,0.684633,-0.015775,0.023499,-0.01557,0.070208,0.000928,0.013186,-0.029261,-0.254346,-0.018004,0.33012,-0.951958,0.192786,0.237911,0.022273,-0.731008,0.681958,0.306582,0.654242,0.691259,-0.055763,0.024518,0.005593,-0.819765,-1.676772,2.262406,0.225604,0.001848,0.035508,-0.005803,0.973154,-0.038067,0.226983,-0.136006,0.70049,0.700582,-0.185668,-0.712646,0.676507,-0.02083,0.005753,0.00595,-0.736494,0.263282,0.238553,-0.488527,0.107248,0.029643,-0.031222,0.735863,-0.375158,-0.563702,0.588923,0.765439,0.259368,0.334176,-0.522837,0.784198,-0.007904,0.012123,-0.007496,0.070211,0.000923,0.013253,-0.282675
37,0.216836,-0.020791,0.3733,-0.575045,0.415174,-0.704982,-0.716248,-0.671893,0.188471,-0.394716,0.612802,0.684618,-0.001184,0.015728,-0.005097,0.035598,-0.006918,0.021358,9.9e-05,-0.255274,-0.017732,0.330357,-0.952812,0.196823,0.231087,0.019171,-0.720464,0.693179,0.304121,0.664642,0.682367,-0.041615,0.011523,0.011842,-0.619484,0.263785,0.422685,0.321192,0.001395,0.035645,-0.005691,0.975206,-0.041164,0.217437,-0.129494,0.690626,0.711524,-0.179457,-0.722039,0.668172,-0.020746,0.006032,0.006213,-0.899743,-0.161051,1.131972,-0.373243,0.107208,0.029826,-0.031292,0.73533,-0.375596,-0.564106,0.589181,0.76562,0.258246,0.334895,-0.522257,0.784277,-0.000622,0.008354,-0.002168,0.036384,-0.018764,0.047671,-0.260141
38,0.216671,-0.020277,0.373213,-0.576079,0.415189,-0.704128,-0.715958,-0.671915,0.189487,-0.393731,0.612767,0.685215,-0.014415,0.005149,0.004709,-0.0002,0.002832,-0.003309,0.028499,-0.25681,-0.01742,0.330928,-0.950917,0.216008,0.221561,0.007338,-0.699791,0.714264,0.310527,0.680549,0.663544,-0.027052,0.000144,0.019715,-0.539994,0.245965,0.335573,0.435009,0.000615,0.035803,-0.005411,0.976351,-0.061036,0.207391,-0.113677,0.671038,0.732656,-0.183885,-0.738905,0.648231,-0.020778,0.000874,0.010724,-0.835322,0.318178,0.572093,-0.074748,0.107125,0.030098,-0.031338,0.736188,-0.375448,-0.563085,0.588711,0.76567,0.259166,0.333835,-0.522289,0.784708,-0.000595,0.007977,-0.002463,0.038065,-0.009078,0.023875,-0.217032
39,0.216519,-0.020094,0.373387,-0.575841,0.415302,-0.704257,-0.716132,-0.671775,0.189328,-0.393764,0.612845,0.685127,-0.014313,0.003992,0.00381,-0.0002,0.002833,-0.003309,0.068201,-0.257742,-0.017118,0.331498,-0.950294,0.231879,0.207764,-0.006364,-0.681354,0.731881,0.312462,0.693876,0.648665,-0.012161,0.009872,0.009917,-0.403008,0.150067,0.336669,0.49139,0.000144,0.035951,-0.005121,0.978146,-0.076881,0.193177,-0.096575,0.6548,0.749606,-0.184123,-0.751881,0.633066,-0.006236,-0.000526,0.009224,-0.703593,0.293104,0.392252,0.236157,0.107049,0.030195,-0.031253,0.735959,-0.375614,-0.563273,0.588939,0.765555,0.258988,0.333938,-0.522339,0.784631,-0.000194,0.002472,0.001898,0.000807,-0.011904,0.026307,-0.172127
40,0.216392,-0.020084,0.373582,-0.575713,0.415345,-0.704336,-0.716353,-0.671495,0.189482,-0.393548,0.613121,0.685003,-0.000185,0.002367,0.001814,-0.0,-0.0,-0.0,0.105,-0.258106,-0.016966,0.331944,-0.950658,0.239971,0.19661,-0.016072,-0.67071,0.741501,0.311001,0.701439,0.64119,-0.012931,0.007065,0.007095,-0.038769,0.03708,-0.014361,0.514095,-4.7e-05,0.03604,-0.004893,0.979609,-0.085919,0.181613,-0.084297,0.644764,0.759719,-0.182372,-0.759537,0.624374,0.000768,0.002772,0.00277,0.030879,0.015467,0.00471,0.462314,0.10698,0.0302,-0.031148,0.73588,-0.375658,-0.563347,0.589143,0.765314,0.25924,0.333752,-0.522662,0.784495,-5.7e-05,0.000686,0.000526,-1.5e-05,-6e-06,1.3e-05,-0.10975
41,0.216341,-0.020104,0.373621,-0.57559,0.415397,-0.704406,-0.716472,-0.671377,0.189455,-0.393513,0.613216,0.684938,-1.5e-05,0.000195,0.00015,-0.0,-0.0,-0.0,0.108446,-0.258114,-0.016951,0.332104,-0.950746,0.241873,0.193833,-0.018353,-0.667888,0.743991,0.310605,0.703472,0.639151,0.00128,0.004579,0.004553,-0.02509,-0.168045,0.218945,0.516816,-5.7e-05,0.036048,-0.004812,0.979806,-0.087633,0.179718,-0.08223,0.642696,0.761695,-0.182254,-0.761092,0.622511,0.000606,0.002187,0.00218,-0.16499,-1.785314,2.137925,0.493993,0.106954,0.030194,-0.031126,0.735764,-0.375739,-0.563446,0.589291,0.765202,0.259231,0.333747,-0.522766,0.784428,-0.0,-2.5e-05,-1.8e-05,-2e-06,8e-06,1.3e-05,-0.093585
42,0.216279,-0.020122,0.373598,-0.575507,0.415439,-0.704448,-0.716516,-0.671355,0.189368,-0.393554,0.613212,0.684919,2.6e-05,-0.000329,-0.000252,-0.0,-0.0,-0.0,0.108422,-0.257925,-0.017126,0.332509,-0.950399,0.241593,0.195871,-0.016384,-0.667492,0.744393,0.311777,0.703945,0.63806,0.015373,-0.008191,0.011134,-0.0429,0.085292,-0.1335,0.516038,3.8e-05,0.035957,-0.004605,0.979632,-0.08721,0.180873,-0.083527,0.64215,0.762014,-0.182603,-0.761601,0.621786,0.007661,-0.004161,0.005503,-0.042805,0.081762,-0.136596,0.510485,0.106923,0.030182,-0.03114,0.735695,-0.375794,-0.563498,0.589352,0.765181,0.259155,0.333789,-0.522758,0.784415,1.9e-05,-0.000253,-0.000191,-1.6e-05,-7e-06,2e-06,-0.082807
43,0.21629,-0.020127,0.373567,-0.575391,0.415493,-0.704511,-0.716569,-0.671335,0.189237,-0.393627,0.613197,0.68489,1.4e-05,-0.000182,-0.000139,0.0,-0.0,0.0,0.110699,-0.257607,-0.017497,0.33298,-0.943864,0.263541,0.199145,-0.02904,-0.666471,0.744921,0.330227,0.696976,0.636426,0.015231,-0.008706,0.010617,1.057692,4.202111,3.383802,0.513761,0.000197,0.03577,-0.004371,0.977022,-0.108172,0.183646,-0.07211,0.643061,0.762411,-0.200567,-0.758136,0.620485,0.007483,-0.004569,0.005334,1.041517,4.193974,3.385707,0.511302,0.106929,0.030177,-0.031157,0.735599,-0.375865,-0.563576,0.58943,0.765161,0.259036,0.333864,-0.522736,0.784398,9e-06,-0.000108,-8.2e-05,3e-06,5e-06,8e-06,-0.081501
44,0.216312,-0.020133,0.373574,-0.575243,0.415555,-0.704596,-0.716672,-0.671254,0.189136,-0.393657,0.613244,0.684831,0.0,-2e-06,-2e-06,0.0,0.0,0.0,0.114403,-0.257409,-0.017719,0.333251,-0.93929,0.278396,0.200551,-0.039197,-0.667479,0.743552,0.342045,0.690187,0.637581,0.015173,-0.008917,0.010404,1.286871,3.981741,3.450827,0.511482,0.00029,0.035663,-0.004238,0.975389,-0.120208,0.184837,-0.0648,0.645001,0.761428,-0.21075,-0.754667,0.621338,0.007675,-0.00412,0.005522,0.31366,-0.18918,-0.076775,0.510485,0.10694,0.030174,-0.031153,0.735476,-0.37595,-0.56368,0.589558,0.765089,0.25896,0.333909,-0.522781,0.784349,-1e-06,9e-06,7e-06,-3e-06,-1e-06,4e-06,-0.077909
45,0.216331,-0.020117,0.373573,-0.575171,0.415586,-0.704636,-0.716706,-0.671238,0.18906,-0.393699,0.613239,0.684811,-0.0,2e-06,2e-06,0.0,0.0,0.0,0.115436,-0.256883,-0.018179,0.333777,-0.925275,0.320762,0.202412,-0.068553,-0.66606,0.742697,0.374209,0.672906,0.637988,0.014901,-0.019837,0.018901,0.296958,1.320736,0.866311,0.509574,0.000553,0.035437,-0.003978,0.968252,-0.167714,0.185359,-0.032904,0.649555,0.759601,-0.247797,-0.741585,0.623415,0.007573,-0.00438,0.005515,1.089774,4.059453,3.548617,0.506729,0.10695,0.030183,-0.031154,0.735417,-0.375993,-0.563729,0.589607,0.765073,0.258893,0.333952,-0.522773,0.784336,-1e-06,-1e-06,-0.0,-3e-06,-6e-06,-0.0,-0.072193
46,0.216342,-0.020115,0.37356,-0.575033,0.415648,-0.704712,-0.716783,-0.671193,0.18893,-0.393761,0.613247,0.684769,0.0,-2e-06,-1e-06,0.0,0.0,0.0,0.115733,-0.256272,-0.018702,0.334254,-0.912244,0.355633,0.203289,-0.094644,-0.665593,0.740245,0.399708,0.655585,0.640551,0.014807,-0.010279,0.009041,0.137572,0.314022,0.330268,0.513025,0.000859,0.035173,-0.003735,0.960915,-0.205441,0.185568,-0.006452,0.653502,0.756896,-0.276767,-0.72851,0.626635,0.007111,-0.011161,0.008214,0.318997,1.307594,0.869645,0.510322,0.106955,0.030183,-0.03116,0.735303,-0.376075,-0.563823,0.58971,0.765031,0.258781,0.334022,-0.522775,0.784305,-0.0,4e-06,5e-06,-0.0,4e-06,3e-06,-0.071214
47,0.216342,-0.020122,0.373555,-0.574929,0.415694,-0.70477,-0.716848,-0.671147,0.188846,-0.393793,0.613266,0.684732,2e-06,-2.8e-05,-2.2e-05,0.0,0.0,0.0,0.119658,-0.255627,-0.019327,0.334659,-0.897992,0.390204,0.203331,-0.121474,-0.663793,0.737942,0.424043,0.637463,0.643189,0.014155,-0.022705,0.016064,-0.002165,0.01409,0.00328,0.50784,0.001182,0.034866,-0.003535,0.952457,-0.242259,0.184755,0.020616,0.656266,0.754247,-0.303971,-0.71458,0.63006,0.014383,-0.006866,0.002726,0.036845,0.058976,0.111035,0.509016,0.106955,0.030179,-0.031163,0.735217,-0.376136,-0.563894,0.589795,0.76499,0.258713,0.334062,-0.522792,0.784276,1e-06,-8e-06,-6e-06,5e-06,9e-06,4e-06,-0.068601
48,0.216353,-0.020129,0.373562,-0.574801,0.415748,-0.704843,-0.716939,-0.671074,0.188761,-0.393817,0.613309,0.684681,0.0,-0.0,-0.0,0.0,0.0,0.0,0.120496,-0.255316,-0.019642,0.334866,-0.887526,0.413686,0.202863,-0.141164,-0.663054,0.735096,0.43972,0.623248,0.646584,0.014437,-0.011711,0.007618,0.725151,0.963915,0.915861,0.502641,0.001332,0.034712,-0.003435,0.947046,-0.2631,0.184066,0.03624,0.657162,0.752876,-0.319044,-0.706339,0.631898,0.007269,-0.005635,0.003996,-0.045075,0.027641,0.034397,0.504117,0.106961,0.030176,-0.031159,0.73511,-0.37621,-0.563984,0.589906,0.764925,0.25865,0.334099,-0.522834,0.784233,-2e-06,6e-06,6e-06,-9e-06,-8e-06,-2e-06,-0.066152
49,0.216353,-0.020122,0.373555,-0.574787,0.415755,-0.70485,-0.716937,-0.671084,0.188731,-0.393839,0.613293,0.684682,0.0,-0.0,-0.0,0.0,0.0,0.0,0.11776,-0.254826,-0.020184,0.335282,-0.867513,0.454723,0.201595,-0.177043,-0.660835,0.729307,0.46594,0.596409,0.653498,0.000131,-0.019538,0.019314,0.250729,-0.038508,-0.052681,0.49414,0.001587,0.034433,-0.003228,0.93279,-0.311335,0.181583,0.075924,0.662242,0.745432,-0.352331,-0.681546,0.641371,0.007409,-0.005129,0.004492,0.473959,0.124364,0.216774,0.491543,0.10696,0.03018,-0.031163,0.735099,-0.376219,-0.563992,0.589909,0.764933,0.25862,0.334118,-0.522816,0.784237,-3e-06,4e-06,6e-06,-3e-06,-1e-05,1e-06,-0.065498
50,0.216353,-0.020122,0.373567,-0.574783,0.415755,-0.704853,-0.71695,-0.671066,0.188746,-0.393822,0.613312,0.684675,-0.0,0.0,0.0,0.0,0.0,0.0,0.113224,-0.254523,-0.020622,0.335787,-0.84252,0.50052,0.199075,-0.222173,-0.659395,0.718172,0.491783,0.560205,0.66647,0.000971,-0.006395,0.012983,1.583288,3.691639,3.515978,0.489377,0.001738,0.034206,-0.002976,0.917452,-0.355672,0.178264,0.116604,0.668789,0.734251,-0.380373,-0.652854,0.655055,0.000315,-0.00878,0.010603,0.689952,-0.263875,-0.191038,0.482726,0.10696,0.03018,-0.031157,0.735096,-0.37622,-0.563996,0.589921,0.764917,0.258638,0.334105,-0.522837,0.784228,-2e-06,-3e-06,-1e-06,-3e-06,-1.3e-05,-2e-06,-0.069417
51,0.216352,-0.020115,0.373573,-0.574766,0.415763,-0.704862,-0.716961,-0.671058,0.188732,-0.393828,0.613316,0.684669,-2e-06,2.8e-05,2.2e-05,0.0,0.0,0.0,0.112274,-0.25445,-0.020828,0.336105,-0.834203,0.514917,0.197374,-0.239355,-0.660366,0.71173,0.497866,0.545827,0.673843,0.000907,-0.016662,0.022151,0.36596,-0.111907,-0.096115,0.488459,0.001775,0.034108,-0.002819,0.909751,-0.375994,0.17601,0.13743,0.672814,0.726934,-0.391745,-0.637141,0.663767,0.000684,-0.002389,0.007259,0.573372,-0.040639,0.31853,0.479623,0.10696,0.030184,-0.031154,0.735081,-0.376231,-0.564008,0.589935,0.76491,0.258627,0.334112,-0.52284,0.784223,-2e-06,7e-06,7e-06,4e-06,6e-06,-6e-06,-0.07105
52,0.216352,-0.020108,0.373578,-0.574626,0.415824,-0.70494,-0.717048,-0.670997,0.188619,-0.393871,0.613342,0.68462,-0.0,2e-06,1e-06,0.0,0.0,0.0,0.111782,-0.254431,-0.021256,0.33697,-0.827281,0.527583,0.193009,-0.262789,-0.666915,0.697208,0.497593,0.525394,0.690091,0.001978,-0.012642,0.026092,0.416406,-0.380048,0.003062,0.488761,0.001784,0.033885,-0.002381,0.90499,-0.389372,0.171405,0.159196,0.683572,0.712309,-0.394521,-0.617347,0.680614,0.000998,-0.006209,0.013143,0.416898,-0.385902,-0.002603,0.47799,0.10696,0.030187,-0.031151,0.734966,-0.376313,-0.564103,0.590048,0.764854,0.258536,0.334167,-0.522864,0.784184,3e-06,-1e-05,-8e-06,2.6e-05,2.8e-05,0.0,-0.072193
53,0.216352,-0.020108,0.373578,-0.574626,0.415824,-0.70494,-0.717048,-0.670997,0.188619,-0.393871,0.613342,0.68462,-0.0,0.0,0.0,0.0,0.0,0.0,0.109886,-0.254544,-0.021694,0.338028,-0.835717,0.51616,0.187479,-0.266988,-0.680055,0.682771,0.480962,0.519891,0.70587,0.002552,-0.010483,0.028182,0.595299,-0.487927,-0.067695,0.488822,0.001726,0.03367,-0.001863,0.911065,-0.377154,0.166476,0.160605,0.696609,0.699242,-0.379691,-0.610318,0.69523,-0.006041,-0.004656,0.014737,0.611726,-0.416636,-0.340703,0.477827,0.10696,0.030187,-0.031151,0.734966,-0.376313,-0.564103,0.590048,0.764854,0.258536,0.334167,-0.522863,0.784184,6e-06,-7e-06,-7e-06,2.2e-05,2.6e-05,3e-06,-0.073826
54,0.216352,-0.020109,0.373591,-0.574622,0.415824,-0.704943,-0.717061,-0.670979,0.188635,-0.393855,0.613361,0.684613,-4.1e-05,0.000526,0.000403,0.0,0.0,0.0,0.108988,-0.254721,-0.02208,0.339224,-0.84204,0.507414,0.183005,-0.269742,-0.689731,0.671896,0.468211,0.515753,0.717385,0.002759,-0.009697,0.028909,0.327837,-0.223498,-0.164171,0.486248,0.001643,0.033487,-0.001277,0.916106,-0.366782,0.161921,0.161578,0.70736,0.688138,-0.366934,-0.604245,0.707281,0.001368,-0.004815,0.014491,0.602592,-0.440122,-0.056985,0.476031,0.10696,0.030185,-0.031146,0.734962,-0.376314,-0.564107,0.590059,0.764839,0.258554,0.334154,-0.522885,0.784176,-2.7e-05,0.000409,0.00031,9e-06,1.7e-05,-5e-06,-0.075623
55,0.216352,-0.020109,0.373591,-0.574622,0.415824,-0.704943,-0.717061,-0.670979,0.188635,-0.393855,0.613361,0.684613,-1e-06,9e-06,7e-06,0.0,0.0,0.0,0.109243,-0.254836,-0.022217,0.339812,-0.841713,0.508455,0.181616,-0.274463,-0.692441,0.66718,0.466045,0.511079,0.722124,0.003165,-0.008175,0.030363,0.492799,-0.336193,-0.203379,0.48516,0.00158,0.03341,-0.00097,0.91575,-0.368205,0.160706,0.165518,0.710274,0.684188,-0.366067,-0.599946,0.711378,-0.00568,-0.003308,0.016017,0.531345,-0.352723,-0.294137,0.474561,0.10696,0.030187,-0.031145,0.734962,-0.376314,-0.564107,0.590059,0.764839,0.258554,0.334154,-0.522884,0.784176,3e-06,-5e-06,-6e-06,1e-06,-1e-06,-5e-06,-0.076112
56,0.21634,-0.020096,0.373601,-0.574607,0.415832,-0.704951,-0.71707,-0.670972,0.188622,-0.393859,0.613363,0.684608,-1.1e-05,0.000144,0.00011,0.0,0.0,0.0,0.106926,-0.25514,-0.022438,0.340979,-0.844713,0.504477,0.178759,-0.274968,-0.695424,0.663862,0.460276,0.510977,0.725887,0.003098,-0.008423,0.03007,0.332265,-0.153231,-0.318568,0.481303,0.001429,0.033302,-0.000384,0.91811,-0.363561,0.157782,0.165346,0.713184,0.681196,-0.360184,-0.599325,0.714895,-0.005648,0.001784,0.011358,0.411237,-0.261294,-0.2103,0.470642,0.106954,0.030193,-0.031139,0.73495,-0.376323,-0.564117,0.590072,0.764833,0.258544,0.334159,-0.522887,0.784172,-3e-06,7.7e-05,5.9e-05,2.5e-05,2.6e-05,0.0,-0.077092
57,0.216349,-0.020074,0.373617,-0.574534,0.415863,-0.704992,-0.717116,-0.67094,0.188563,-0.393883,0.613377,0.684582,-9.8e-05,0.001263,0.000968,0.0,0.0,0.0,0.106044,-0.255573,-0.022511,0.342117,-0.839472,0.512657,0.18017,-0.281219,-0.693404,0.663356,0.466058,0.505549,0.725999,-0.010952,0.004626,0.02365,-0.032728,0.002604,0.005149,0.478628,0.001228,0.033263,0.000175,0.914806,-0.371346,0.158842,0.17179,0.713676,0.679083,-0.365537,-0.593942,0.716669,-0.005467,0.002425,0.011934,-0.063406,0.104733,-0.166319,0.46509,0.106959,0.030201,-0.031134,0.734904,-0.376356,-0.564155,0.590117,0.764811,0.258508,0.334181,-0.522896,0.784156,-1e-06,3.8e-05,2.9e-05,2.4e-05,1.2e-05,6e-06,-0.079542
58,0.216348,-0.020067,0.373623,-0.574517,0.415871,-0.705002,-0.717127,-0.670932,0.188549,-0.393888,0.613381,0.684575,-1.7e-05,0.000217,0.000166,0.0,0.0,0.0,0.105868,-0.255802,-0.022526,0.34265,-0.837726,0.516167,0.178263,-0.285617,-0.692207,0.662726,0.466523,0.503611,0.727045,-0.025471,-0.00405,0.03449,0.165406,-0.025103,-0.313354,0.481328,0.001109,0.033257,0.000451,0.913261,-0.375948,0.156897,0.176562,0.712374,0.679226,-0.367123,-0.592608,0.716962,-0.00556,0.00206,0.011571,0.384279,-0.192431,-0.141381,0.465417,0.106958,0.030208,-0.031129,0.734875,-0.376376,-0.56418,0.590145,0.764796,0.258484,0.334195,-0.522902,0.784147,-7e-06,0.000114,8.6e-05,1.6e-05,2.1e-05,-1e-06,-0.079868
59,0.216346,-0.020032,0.373649,-0.574428,0.41591,-0.705051,-0.717182,-0.670893,0.188477,-0.393916,0.613397,0.684545,-3.1e-05,0.000404,0.00031,0.0,0.0,0.0,0.105948,-0.256389,-0.022527,0.343726,-0.835733,0.521399,0.172292,-0.29126,-0.686701,0.66599,0.466609,0.505744,0.725509,-0.025468,0.005798,0.024819,-0.036388,0.018951,-0.023386,0.489074,0.000816,0.033254,0.000993,0.912365,-0.380599,0.150777,0.182909,0.70849,0.681605,-0.366242,-0.594294,0.716017,-0.005785,-0.003784,0.015462,-0.073681,0.039771,-0.037102,0.472602,0.106957,0.030225,-0.031115,0.734802,-0.376428,-0.56424,0.590216,0.764761,0.258426,0.33423,-0.522916,0.784122,-1.8e-05,0.000224,0.00017,2e-06,-4e-06,-1e-06,-0.080358
60,0.216344,-0.020005,0.373683,-0.574354,0.415941,-0.705093,-0.717239,-0.670844,0.188436,-0.393921,0.613429,0.684512,-8.8e-05,0.001131,0.000866,0.0,0.0,0.0,0.109029,-0.257053,-0.022482,0.344589,-0.83681,0.521737,0.165925,-0.293316,-0.682962,0.668927,0.463374,0.510431,0.724298,-0.011998,0.000586,0.019653,-0.037219,0.012622,-0.014849,0.4911,0.000479,0.033282,0.00143,0.913361,-0.380693,0.144372,0.185669,0.705023,0.684447,-0.362351,-0.598342,0.714624,-0.013184,0.00125,0.01082,-0.040378,0.023111,-0.036812,0.47848,0.106956,0.030237,-0.0311,0.73474,-0.376471,-0.564292,0.590285,0.764717,0.258399,0.334245,-0.522949,0.784094,-5.6e-05,0.000719,0.00055,3e-06,1e-05,-7e-06,-0.078725
61,0.216343,-0.020005,0.373696,-0.57435,0.415941,-0.705097,-0.717251,-0.670826,0.188451,-0.393905,0.613448,0.684505,-1e-06,1.5e-05,1.1e-05,0.0,0.0,0.0,0.109353,-0.257733,-0.022376,0.34528,-0.838144,0.519895,0.164969,-0.29278,-0.683834,0.66827,0.461294,0.511144,0.725123,-0.026938,0.000225,0.019425,0.070212,-0.022815,-0.118271,0.490569,0.000135,0.033337,0.001784,0.914247,-0.378882,0.143529,0.185157,0.705814,0.683771,-0.360374,-0.59856,0.715441,-0.013506,3.1e-05,0.009643,0.072236,-0.023024,-0.120367,0.479133,0.106956,0.030239,-0.031092,0.734737,-0.376471,-0.564296,0.590296,0.764702,0.258417,0.334232,-0.52297,0.784085,1e-06,-1.9e-05,-1.3e-05,7e-06,3e-06,2e-06,-0.076766
62,0.216333,-0.019999,0.373689,-0.574356,0.41594,-0.705091,-0.717238,-0.670845,0.188437,-0.39392,0.613429,0.684514,-0.0,0.0,0.0,0.0,0.0,0.0,0.109689,-0.258063,-0.02233,0.345583,-0.838525,0.519772,0.163417,-0.293006,-0.68286,0.669167,0.460457,0.512568,0.724649,-0.012369,0.009013,0.008662,0.00131,0.000753,-0.004462,0.489503,-2.6e-05,0.033354,0.00193,0.91468,-0.378432,0.141948,0.185417,0.704946,0.684596,-0.359139,-0.599867,0.714967,-0.006361,-0.00102,0.008571,-0.060093,0.115555,-0.197009,0.478643,0.10695,0.030242,-0.031096,0.734743,-0.376469,-0.56429,0.590282,0.764719,0.2584,0.334243,-0.522948,0.784095,2e-06,-1.7e-05,-9e-06,2.6e-05,1.9e-05,1.7e-05,-0.076439
63,0.216332,-0.019992,0.373706,-0.574335,0.415948,-0.705104,-0.717261,-0.67082,0.188438,-0.393909,0.613451,0.6845,-0.000112,0.001434,0.001097,0.000784,-0.011869,0.02625,0.10905,-0.258729,-0.022301,0.346128,-0.840587,0.518451,0.156886,-0.295311,-0.68126,0.669783,0.455185,0.51602,0.725529,-0.013259,-0.004084,0.015172,0.11409,-0.065077,-0.106115,0.488394,-0.000358,0.033375,0.002202,0.916214,-0.377106,0.135429,0.188194,0.703392,0.685435,-0.353742,-0.602519,0.715427,-0.006562,-0.001764,0.007861,0.188859,-0.10258,-0.098768,0.4775,0.10695,0.030242,-0.03109,0.734739,-0.37647,-0.564294,0.590294,0.764704,0.258418,0.334231,-0.522969,0.784086,2e-06,1e-05,9e-06,1e-06,1.5e-05,2e-06,-0.076602
64,0.21633,-0.019972,0.373735,-0.574278,0.415972,-0.705137,-0.717307,-0.670779,0.188411,-0.393909,0.61348,0.684474,-0.000111,0.001421,0.001087,0.0,0.0,0.0,0.110495,-0.25946,-0.022315,0.346648,-0.843513,0.516044,0.148918,-0.298661,-0.680917,0.668646,0.447511,0.518878,0.72826,-0.013364,0.005341,0.005162,0.047759,-0.016537,-0.049259,0.484856,-0.000723,0.033364,0.002465,0.918784,-0.373636,0.127399,0.191514,0.704094,0.683793,-0.345191,-0.60386,0.718467,-0.01387,-0.001329,0.00833,-0.018276,0.022851,-0.103896,0.473745,0.106949,0.030253,-0.031075,0.734677,-0.376513,-0.564346,0.590363,0.76466,0.258391,0.334246,-0.523002,0.784058,-6.4e-05,0.000821,0.000629,0.000774,-0.011878,0.026249,-0.076113
65,0.21633,-0.019966,0.373752,-0.574256,0.41598,-0.70515,-0.71733,-0.670753,0.188412,-0.393898,0.613502,0.684461,-5.8e-05,0.000747,0.000571,0.0,0.0,0.0,0.110757,-0.259839,-0.022349,0.346917,-0.845739,0.513245,0.14593,-0.299777,-0.683096,0.665918,0.442526,0.518793,0.73136,-0.013384,-0.004535,0.014725,0.219726,-0.145016,-0.122814,0.484342,-0.000919,0.033346,0.002599,0.92026,-0.370922,0.12465,0.192231,0.70599,0.681633,-0.340835,-0.603318,0.720997,-0.006726,-0.002352,0.007297,0.278164,-0.157429,-0.128313,0.471622,0.106949,0.030258,-0.031064,0.734659,-0.376524,-0.564362,0.590388,0.764638,0.258398,0.33424,-0.523027,0.784044,-3.1e-05,0.000383,0.000294,-5e-06,9e-06,-6e-06,-0.075459
66,0.216327,-0.01993,0.373767,-0.574172,0.416018,-0.705196,-0.717373,-0.670732,0.188325,-0.393943,0.6135,0.684438,-8.3e-05,0.001069,0.000817,0.0,0.0,0.0,0.110837,-0.260591,-0.022475,0.3474,-0.851076,0.506225,0.139276,-0.302232,-0.689089,0.658594,0.43044,0.517774,0.739252,-0.013932,-0.006456,0.01291,0.408673,-0.253936,-0.225657,0.484418,-0.001289,0.033287,0.002837,0.924039,-0.36355,0.118243,0.19373,0.711942,0.674986,-0.329574,-0.600806,0.728294,-0.006852,0.002096,0.002046,0.687808,-0.373082,-0.222987,0.470642,0.106948,0.03027,-0.031055,0.734601,-0.376566,-0.56441,0.590445,0.76461,0.258351,0.334267,-0.523038,0.784025,-5.4e-05,0.000704,0.00054,0.000789,-0.01185,0.026249,-0.074969
67,0.216326,-0.019916,0.373777,-0.574137,0.416034,-0.705215,-0.717395,-0.670716,0.188297,-0.393954,0.613506,0.684425,-1.9e-05,0.00024,0.000184,0.0,0.0,0.0,0.111044,-0.261245,-0.022694,0.347809,-0.856011,0.498944,0.135242,-0.303168,-0.696245,0.650589,0.419845,0.515275,0.747051,-0.014266,0.002151,0.002137,0.462049,-0.287701,-0.213518,0.483619,-0.00161,0.033178,0.003042,0.927562,-0.355707,0.114459,0.193325,0.718955,0.667629,-0.319771,-0.59714,0.735642,-0.007278,-0.004273,0.005481,-0.044095,-0.060157,-0.032727,0.470479,0.106947,0.030283,-0.031051,0.73456,-0.376596,-0.564442,0.590477,0.764603,0.258298,0.3343,-0.523026,0.784019,-1e-05,0.000128,9.9e-05,-2e-06,2e-06,-4e-06,-0.074806
68,0.216326,-0.019916,0.373777,-0.574137,0.416034,-0.705215,-0.717395,-0.670716,0.188297,-0.393954,0.613506,0.684425,-0.0,3e-06,2e-06,0.0,0.0,0.0,0.111248,-0.2615,-0.022834,0.347962,-0.857837,0.495941,0.134716,-0.302929,-0.699542,0.647154,0.416269,0.513712,0.750122,-0.014528,0.00125,0.001289,0.240615,-0.140413,-0.127681,0.483256,-0.001749,0.033105,0.003123,0.929367,-0.351196,0.11374,0.192324,0.723621,0.662859,-0.315098,-0.594165,0.740053,-0.007298,0.000528,0.000562,0.234119,-0.139353,-0.129822,0.469826,0.106947,0.030283,-0.031051,0.73456,-0.376596,-0.564442,0.590477,0.764603,0.258298,0.334301,-0.523026,0.784019,2e-06,-2e-05,-1.2e-05,2.5e-05,2.7e-05,1e-05,-0.074806
69,0.216336,-0.019915,0.373778,-0.574116,0.416042,-0.705227,-0.717408,-0.670707,0.188281,-0.393961,0.61351,0.684418,-0.0,0.0,0.0,0.0,0.0,0.0,0.111994,-0.261896,-0.023121,0.34822,-0.861764,0.490161,0.130752,-0.303821,-0.704886,0.640907,0.407397,0.511961,0.756166,-0.000448,-0.011279,0.008261,0.326004,-0.216797,-0.162406,0.48144,-0.001948,0.032963,0.003246,0.931996,-0.34533,0.110134,0.19214,0.728327,0.657739,-0.30735,-0.591849,0.74515,-0.007285,0.000589,0.000614,0.579248,-0.29602,-0.201943,0.467703,0.106952,0.030284,-0.031051,0.734544,-0.376606,-0.564457,0.590492,0.764595,0.258285,0.334309,-0.523029,0.784012,7e-06,-1.1e-05,-6e-06,4e-05,4.4e-05,2.4e-05,-0.073663
70,0.216326,-0.019916,0.373777,-0.574137,0.416034,-0.705215,-0.717395,-0.670716,0.188297,-0.393954,0.613506,0.684425,-0.0,0.0,0.0,0.0,0.0,0.0,0.112764,-0.26217,-0.023285,0.348422,-0.863878,0.487208,0.1278,-0.304466,-0.707035,0.638228,0.402396,0.51182,0.758934,0.000212,0.000735,0.000691,0.049468,-0.031894,-0.020104,0.479092,-0.002086,0.032875,0.003348,0.933961,-0.340996,0.106943,0.192242,0.731647,0.654014,-0.301261,-0.590265,0.748884,-0.007113,-0.003667,0.006042,-0.017839,0.008388,-0.071099,0.464764,0.106946,0.030283,-0.031051,0.734561,-0.376595,-0.564442,0.590476,0.764604,0.258298,0.334301,-0.523026,0.784018,1e-05,-9e-06,-6e-06,3.4e-05,5.1e-05,2.2e-05,-0.0735
71,0.216325,-0.019909,0.373783,-0.574119,0.416041,-0.705225,-0.717407,-0.670708,0.188282,-0.393959,0.61351,0.684419,-0.0,1e-06,1e-06,0.0,0.0,0.0,0.113118,-0.262398,-0.023307,0.348644,-0.866877,0.482815,0.124115,-0.305373,-0.710897,0.633488,0.395182,0.51064,0.763506,0.000838,0.002898,0.002721,0.478561,-0.321294,-0.168456,0.476513,-0.002195,0.03286,0.003455,0.935524,-0.337627,0.103927,0.192532,0.733972,0.651318,-0.296182,-0.589315,0.751653,0.000354,0.001237,0.001169,-0.022486,0.005654,-0.002726,0.461171,0.106946,0.030287,-0.031049,0.734546,-0.376606,-0.564454,0.590491,0.764596,0.258287,0.334308,-0.523028,0.784014,6e-06,-1e-05,-8e-06,2.6e-05,3.3e-05,1.8e-05,-0.072357
72,0.216325,-0.019909,0.373783,-0.574119,0.416041,-0.705225,-0.717407,-0.670708,0.188282,-0.393959,0.61351,0.684419,-0.0,0.0,0.0,0.0,0.0,0.0,0.113063,-0.262526,-0.023273,0.348733,-0.867174,0.482921,0.121604,-0.306441,-0.709746,0.634262,0.393698,0.512135,0.763271,0.000742,0.002563,0.002405,0.008197,-0.005301,-0.003337,0.475671,-0.002263,0.03288,0.003503,0.936425,-0.33605,0.100884,0.193607,0.734689,0.65019,-0.292615,-0.589323,0.753043,-0.006702,0.002602,0.002498,-0.020092,0.007044,-0.007921,0.460028,0.106946,0.030287,-0.031049,0.734546,-0.376605,-0.564454,0.59049,0.764596,0.258287,0.334308,-0.523028,0.784013,7e-06,-9e-06,-6e-06,2.9e-05,3.5e-05,2.1e-05,-0.072193
73,0.216335,-0.019901,0.373776,-0.574085,0.416057,-0.705243,-0.717418,-0.670709,0.188237,-0.393988,0.613498,0.684413,-0.0,0.0,0.0,0.0,0.0,0.0,0.114892,-0.26289,-0.023116,0.348912,-0.868705,0.481425,0.116502,-0.308289,-0.709413,0.633739,0.388839,0.514003,0.764506,-0.013384,0.00522,0.004993,-0.00941,0.103455,-0.207424,0.473079,-0.002435,0.032956,0.00359,0.937585,-0.334347,0.095627,0.195685,0.734567,0.649705,-0.287472,-0.590442,0.754147,0.000414,0.001433,0.001351,-0.015062,0.007462,-0.005841,0.457089,0.106951,0.030291,-0.031052,0.734518,-0.376626,-0.564477,0.590509,0.764596,0.258244,0.334336,-0.523014,0.784011,8e-06,-7e-06,-4e-06,3.2e-05,3.9e-05,2.2e-05,-0.071704
74,0.216326,-0.019916,0.373777,-0.574137,0.416034,-0.705215,-0.717395,-0.670716,0.188297,-0.393954,0.613506,0.684425,1.5e-05,-0.000198,-0.000152,0.0,0.0,0.0,0.118121,-0.263326,-0.022887,0.349131,-0.870251,0.479774,0.111677,-0.309885,-0.709234,0.633161,0.384075,0.51579,0.765709,-0.012944,0.006692,0.00636,-0.545842,-2.069742,1.743641,0.472718,-0.002658,0.033072,0.0037,0.938457,-0.332381,0.093912,0.195681,0.735701,0.648422,-0.284614,-0.59014,0.755465,-0.006556,0.003071,0.00293,0.045689,-0.022206,-0.05835,0.454966,0.106947,0.030283,-0.031051,0.734561,-0.376595,-0.564442,0.590476,0.764604,0.258298,0.334301,-0.523026,0.784019,1.7e-05,-0.000131,-0.0001,5e-06,1.8e-05,1.1e-05,-0.068438
75,0.216326,-0.019916,0.373777,-0.574137,0.416034,-0.705215,-0.717395,-0.670716,0.188297,-0.393954,0.613506,0.684425,0.0,-2e-06,-2e-06,0.0,0.0,0.0,0.11762,-0.263609,-0.022745,0.349265,-0.870564,0.479721,0.109439,-0.310739,-0.708263,0.63383,0.382669,0.517171,0.765482,-0.012697,0.007509,0.007116,-0.004437,-0.014987,0.010335,0.472717,-0.002795,0.033138,0.003764,0.939011,-0.332216,0.088817,0.198152,0.733804,0.64982,-0.281055,-0.592589,0.75488,-0.006506,0.003229,0.003078,-0.069767,-0.177726,0.14257,0.454476,0.106947,0.030283,-0.031052,0.734561,-0.376595,-0.564442,0.590476,0.764604,0.258298,0.334301,-0.523026,0.784019,5e-06,0.0,1e-06,1.4e-05,2.4e-05,1.6e-05,-0.067458
76,0.216335,-0.019901,0.373776,-0.574085,0.416057,-0.705243,-0.717418,-0.670709,0.188237,-0.393988,0.613498,0.684413,-4.8e-05,0.000619,0.000473,0.0,0.0,0.0,0.117625,-0.264261,-0.022415,0.349579,-0.871175,0.479619,0.104931,-0.312477,-0.706302,0.635161,0.379845,0.519937,0.765014,-0.026642,0.010654,0.010119,-0.002302,0.017156,-0.032966,0.47093,-0.003121,0.033305,0.003923,0.939509,-0.331993,0.084281,0.200265,0.732038,0.651163,-0.277878,-0.594895,0.754243,-0.006254,0.00406,0.003845,0.00083,0.006769,-0.005799,0.453007,0.106952,0.030289,-0.031054,0.734518,-0.376626,-0.564477,0.590509,0.764596,0.258243,0.334336,-0.523013,0.784012,-3e-05,0.000414,0.000318,1.1e-05,1.5e-05,1.2e-05,-0.066805
77,0.216325,-0.019909,0.37377,-0.574123,0.416041,-0.705222,-0.717394,-0.670726,0.188267,-0.393976,0.613491,0.684427,2.5e-05,-0.000323,-0.000247,0.0,0.0,0.0,0.117743,-0.265033,-0.022079,0.349899,-0.872744,0.477671,0.100691,-0.313535,-0.706376,0.634557,0.375334,0.521627,0.766089,-0.027247,0.008517,0.008096,-0.198978,-0.489315,0.295008,0.472734,-0.003515,0.033483,0.004091,0.940666,-0.329688,0.080323,0.201168,0.732442,0.65043,-0.273271,-0.595679,0.755306,-0.013639,0.004221,0.004024,-0.228138,-0.550232,0.352731,0.453333,0.106946,0.030287,-0.031055,0.734549,-0.376605,-0.56445,0.590479,0.764611,0.258268,0.33432,-0.523007,0.784023,1.7e-05,-0.000215,-0.000164,-1e-06,-3e-06,8e-06,-0.066968
78,0.216325,-0.019909,0.37377,-0.574123,0.416041,-0.705222,-0.717394,-0.670726,0.188267,-0.393976,0.613491,0.684427,0.0,-0.0,-0.0,0.0,0.0,0.0,0.118505,-0.265931,-0.021833,0.350134,-0.874314,0.475646,0.096579,-0.314457,-0.706506,0.633956,0.370873,0.5233,0.76712,-0.02812,0.005548,0.005308,0.10411,-0.041032,-0.103299,0.476782,-0.003943,0.033604,0.004207,0.94169,-0.327794,0.07596,0.202511,0.732412,0.650047,-0.268716,-0.59676,0.756088,-0.006929,0.001739,0.00167,0.175463,-0.086771,-0.095998,0.456599,0.106947,0.030286,-0.031055,0.734549,-0.376605,-0.56445,0.590479,0.764611,0.258268,0.33432,-0.523007,0.784023,0.0,2e-06,4e-06,5e-06,6e-06,8e-06,-0.066315
79,0.216325,-0.019909,0.37377,-0.574001,0.416095,-0.70529,-0.717471,-0.670672,0.188168,-0.394014,0.613513,0.684384,0.0,-0.0,-0.0,0.0,0.0,0.0,0.118463,-0.266422,-0.021755,0.350209,-0.87504,0.475814,0.088869,-0.317889,-0.703151,0.635971,0.366194,0.527643,0.766393,-0.028427,0.004531,0.00435,-0.621834,-2.007467,1.703198,0.478699,-0.004188,0.033643,0.004244,0.942288,-0.327176,0.071049,0.204673,0.730865,0.65111,-0.264955,-0.598991,0.75565,-0.014257,0.002133,0.002066,-0.014834,0.03891,-0.064937,0.459049,0.106947,0.030287,-0.031055,0.734448,-0.376677,-0.564533,0.590578,0.764562,0.258188,0.334368,-0.523027,0.783989,-1e-06,2e-06,3e-06,5e-06,5e-06,7e-06,-0.066315
80,0.216325,-0.019909,0.37377,-0.574001,0.416095,-0.70529,-0.717471,-0.670672,0.188168,-0.394014,0.613513,0.684384,0.0,-0.0,-0.0,0.0,0.0,0.0,0.118376,-0.267135,-0.021739,0.350285,-0.880384,0.468192,0.075568,-0.320772,-0.705013,0.632452,0.350494,0.531963,0.770734,-0.01465,0.000845,0.000845,-0.187634,-2.256159,1.339167,0.479152,-0.004561,0.033652,0.004283,0.94563,-0.319999,0.058157,0.207796,0.731983,0.64886,-0.250205,-0.601498,0.758681,-0.0074,0.00019,0.00022,0.50335,-0.336714,-0.276851,0.462478,0.106947,0.030287,-0.031055,0.734448,-0.376677,-0.564533,0.590578,0.764562,0.258188,0.334368,-0.523027,0.783989,-1e-06,2e-06,3e-06,-3e-06,1e-06,4e-06,-0.066315
81,0.216314,-0.019902,0.373763,-0.574008,0.416094,-0.705284,-0.717457,-0.67069,0.188155,-0.39403,0.613494,0.684393,0.0,-0.0,-0.0,0.0,0.0,0.0,0.119167,-0.267458,-0.021653,0.350423,-0.886367,0.458167,0.066546,-0.321715,-0.712671,0.623324,0.33413,0.5305,0.778967,0.000907,0.002976,0.002767,0.482003,-0.338132,-0.177336,0.477709,-0.004731,0.033686,0.004345,0.949928,-0.308952,0.046731,0.208858,0.739045,0.640461,-0.232409,-0.598632,0.766567,-0.006709,0.00246,0.002325,0.608558,-0.419943,-0.321586,0.462478,0.106941,0.03029,-0.031059,0.734454,-0.376675,-0.564527,0.590564,0.764578,0.258171,0.334379,-0.523005,0.783999,-1e-06,2e-06,2e-06,-8e-06,-5e-06,1e-06,-0.065988
82,0.216304,-0.019903,0.373763,-0.574028,0.416086,-0.705273,-0.717444,-0.670699,0.188171,-0.394023,0.613489,0.684401,0.0,-0.0,-0.0,0.0,0.0,0.0,0.120515,-0.267426,-0.02165,0.350482,-0.888872,0.453531,0.064864,-0.321237,-0.717693,0.617785,0.327858,0.527716,0.78351,0.000743,0.002438,0.002266,0.334278,-0.238287,-0.114958,0.475562,-0.004719,0.033692,0.004377,0.951877,-0.303162,0.044964,0.207265,0.744844,0.634229,-0.225765,-0.594389,0.771836,0.000256,0.00085,0.000795,0.528616,-0.332562,-0.194016,0.460355,0.106936,0.03029,-0.031059,0.734471,-0.376664,-0.564513,0.590548,0.764586,0.258184,0.33437,-0.523001,0.784005,-0.0,1e-06,1e-06,-2e-06,1.4e-05,-1e-06,-0.065335
83,0.216303,-0.019896,0.373768,-0.573889,0.416147,-0.70535,-0.717532,-0.670637,0.188058,-0.394067,0.613515,0.684352,-1e-06,8e-06,6e-06,0.0,0.0,0.0,0.120524,-0.267383,-0.021731,0.350702,-0.893709,0.444461,0.061067,-0.320364,-0.727305,0.606901,0.315285,0.522262,0.792275,0.000296,-0.008558,0.0108,0.422456,-0.293945,-0.208805,0.474727,-0.004691,0.033658,0.004487,0.955059,-0.293485,0.041549,0.204529,0.753958,0.62427,-0.21454,-0.587717,0.780102,0.000351,0.001169,0.001088,0.450625,-0.341819,-0.234876,0.458069,0.106936,0.030293,-0.031056,0.734355,-0.376747,-0.564608,0.590661,0.76453,0.258092,0.334425,-0.523024,0.783967,-1e-06,-1e-06,-1e-06,-1e-05,-8e-06,-5e-06,-0.063702
84,0.216314,-0.019902,0.373763,-0.573886,0.416148,-0.705352,-0.717533,-0.670636,0.188056,-0.394068,0.613516,0.684351,0.0,-4e-06,-3e-06,0.0,0.0,0.0,0.12022,-0.267397,-0.02196,0.350995,-0.896193,0.439543,0.060254,-0.318731,-0.732123,0.601947,0.309826,0.519696,0.796108,-9.4e-05,-0.009839,0.009613,-0.006818,-0.003412,-0.027566,0.471875,-0.004697,0.033545,0.004635,0.957166,-0.286705,0.040398,0.201506,0.759822,0.618114,-0.207912,-0.583498,0.785049,9.7e-05,0.000329,0.000308,-0.026686,-0.00486,-0.017247,0.45562,0.106941,0.03029,-0.031059,0.734353,-0.376747,-0.56461,0.590663,0.764529,0.258091,0.334426,-0.523025,0.783965,1e-06,1e-06,2e-06,1.1e-05,8e-06,1e-05,-0.063702
85,0.216303,-0.019895,0.373756,-0.573893,0.416147,-0.705347,-0.71752,-0.670655,0.188043,-0.394083,0.613496,0.68436,0.0,-0.0,-0.0,0.0,0.0,0.0,0.121654,-0.267465,-0.022284,0.351328,-0.899467,0.432971,0.059055,-0.31654,-0.738515,0.595258,0.302477,0.51617,0.801211,-0.000282,-0.010454,0.009044,0.053549,-0.04466,-0.053148,0.470558,-0.004732,0.033383,0.004801,0.95921,-0.279938,0.039373,0.198387,0.765811,0.611699,-0.20139,-0.578936,0.790109,-0.000161,-0.005276,0.004476,0.045622,-0.056034,-0.070945,0.451211,0.106936,0.030293,-0.031062,0.734359,-0.376746,-0.564604,0.59065,0.764545,0.258074,0.334437,-0.523003,0.783975,-2e-06,2e-06,2e-06,-7e-06,-4e-06,-0.0,-0.063212
86,0.216303,-0.019895,0.373756,-0.573893,0.416147,-0.705347,-0.71752,-0.670655,0.188043,-0.394083,0.613496,0.68436,0.0,-0.0,-0.0,0.0,0.0,0.0,0.121249,-0.267479,-0.022392,0.351424,-0.906834,0.417553,0.057379,-0.306749,-0.746967,0.589813,0.290283,0.51673,0.80535,0.0,0.0,0.0,0.273594,-1.229489,-1.491364,0.472255,-0.004739,0.033324,0.004852,0.963187,-0.266085,0.038313,0.188998,0.771601,0.60738,-0.191177,-0.57778,0.793486,-0.000249,-0.005431,0.004537,0.163227,-3.578334,-4.640038,0.451701,0.106936,0.030293,-0.031062,0.734359,-0.376746,-0.564604,0.59065,0.764545,0.258074,0.334437,-0.523003,0.783975,-2e-06,2e-06,2e-06,-7e-06,-4e-06,-0.0,-0.062559
87,0.216303,-0.019888,0.373761,-0.573875,0.416155,-0.705357,-0.71753,-0.670647,0.188029,-0.394089,0.6135,0.684353,-0.0,1e-06,1e-06,0.0,0.0,0.0,0.118625,-0.267409,-0.022464,0.351371,-0.930805,0.361944,0.050895,-0.26928,-0.772959,0.574418,0.248422,0.520505,0.816838,-0.000173,0.008964,-0.010428,0.595187,-0.488822,-0.347244,0.4817,-0.004704,0.033286,0.004831,0.977837,-0.206686,0.033393,0.146954,0.791162,0.593689,-0.149126,-0.575624,0.804001,-0.000375,-0.001164,-0.001067,0.64363,-1.492575,-1.721368,0.458559,0.106935,0.030297,-0.031059,0.734344,-0.376756,-0.564616,0.590664,0.764538,0.258063,0.334444,-0.523006,0.783971,-0.0,-4e-06,-3e-06,-7e-06,-1e-06,-5e-06,-0.063376
88,0.216272,-0.019891,0.373774,-0.57381,0.416184,-0.705392,-0.717582,-0.670601,0.187994,-0.39409,0.613529,0.684326,-4.1e-05,0.000526,0.000402,0.0,0.0,0.0,0.116325,-0.26717,-0.022449,0.351088,-0.953222,0.300162,0.035519,-0.231928,-0.801388,0.551289,0.195146,0.516881,0.833436,0.013482,-0.004719,-0.004446,0.795549,-0.633493,-0.122476,0.487704,-0.004595,0.033295,0.004691,0.989752,-0.141411,0.019851,0.104777,0.813624,0.571872,-0.09702,-0.563931,0.820102,0.006976,0.003146,-0.006505,0.522965,-0.380041,-0.193774,0.471132,0.10692,0.030294,-0.031054,0.73429,-0.376795,-0.56466,0.590726,0.764498,0.25804,0.334453,-0.523036,0.783946,-0.006979,-0.000177,0.000237,-0.00098,0.014713,-0.029548,-0.065499
89,0.21626,-0.019878,0.373784,-0.573795,0.416192,-0.7054,-0.717592,-0.670595,0.187981,-0.394094,0.613532,0.684322,-0.000106,0.001361,0.001041,0.0,0.0,0.0,0.113432,-0.266948,-0.02237,0.350921,-0.958208,0.285028,0.024242,-0.227935,-0.811612,0.537834,0.174184,0.509468,0.842594,0.014396,0.007842,-0.011533,0.846324,-0.655865,-0.111499,0.485879,-0.004481,0.033328,0.004601,0.992148,-0.12478,0.008436,0.098895,0.824046,0.557824,-0.076557,-0.55261,0.829916,0.007083,-0.001254,-0.001214,1.066119,-0.76916,-0.182528,0.472438,0.106914,0.030299,-0.031051,0.734292,-0.376795,-0.564658,0.590724,0.764498,0.258042,0.334452,-0.523036,0.783947,-1e-05,0.00012,9.3e-05,-5e-06,-5e-06,-7e-06,-0.067295
