frame,MLTx,MLTy,MLTz,MLTR1,MLTR2,MLTR3,MLTR4,MLTR5,MLTR6,MLTR7,MLTR8,MLTR9,MLTTVx,MLTTVy,MLTTVz,MLTRVx,MLTRVy,MLTRVz,MLGA,MRTx,MRTy,MRTz,MRTR1,MRTR2,MRTR3,MRTR4,MRTR5,MRTR6,MRTR7,MRTR8,MRTR9,MRTTVx,MRTTVy,MRTTVz,MRTRVx,MRTRVy,MRTRVz,MRGA,SLTx,SLTy,SLTz,SLTR1,SLTR2,SLTR3,SLTR4,SLTR5,SLTR6,SLTR7,SLTR8,SLTR9,SLTTVx,SLTTVy,SLTTVz,SLTRVx,SLTRVy,SLTRVz,SLGA,SRTx,SRTy,SRTz,SRTR1,SRTR2,SRTR3,SRTR4,SRTR5,SRTR6,SRTR7,SRTR8,SRTR9,SRTTVx,SRTTVy,SRTTVz,SRTRVx,SRTRVy,SRTRVz,SRGA
28,0.152653,-0.055642,0.311128,-0.02004,0.136605,-0.990446,-0.332754,-0.935036,-0.122283,-0.942789,0.326949,0.065426,-1.9e-05,0.010506,-0.009,0.035637,-0.012426,0.01863,-0.388019,-0.168032,-0.03462,0.293936,-0.189157,-0.08138,0.978565,0.71784,-0.691388,0.081378,0.670151,0.717938,0.187952,-0.004485,0.061202,-0.033743,-5.277895,-0.15227,-0.177087,-0.767831,0.041713,0.025651,-0.020973,0.215632,0.197397,0.956314,-0.740258,0.671728,0.02826,-0.636805,-0.714013,0.290971,-0.009961,0.030017,-0.016794,-0.182277,-1.494862,2.635712,-0.973173,0.075532,0.014847,-0.06197,0.029564,-0.143463,-0.989213,0.328302,0.936137,-0.125954,0.944109,-0.321038,0.074775,-1e-06,0.005265,-0.004485,0.03613,-0.01237,0.018769,-0.535939
29,0.15264,-0.054899,0.31048,-0.018654,0.137017,-0.990416,-0.33593,-0.933818,-0.122914,-0.941692,0.330241,0.064679,-0.000153,0.020086,-0.019185,-5.403112,-0.690913,0.369118,-0.387653,-0.168992,-0.031912,0.292474,-0.21862,-0.068287,0.973413,0.734671,-0.667987,0.118258,0.642395,0.741067,0.194963,-0.020687,0.073389,-0.038946,0.182398,-0.024244,0.590533,-0.570693,0.041245,0.026994,-0.021695,0.2448,0.183231,0.952102,-0.75867,0.647657,0.070424,-0.603732,-0.739571,0.297558,-0.018024,0.036377,-0.019065,-0.265026,0.042049,0.520487,-0.86932,0.075525,0.015206,-0.062277,0.029029,-0.14374,-0.989189,0.326029,0.936848,-0.126567,0.944913,-0.318831,0.07406,1e-06,0.010592,-0.008891,0.06595,0.067054,-0.13903,-0.535286
30,0.152673,-0.054117,0.309763,-0.018395,0.137006,-0.990422,-0.333404,-0.93469,-0.123158,-0.942595,0.327769,0.064104,-0.000129,0.020286,-0.018935,0.071258,-0.025062,0.03715,-0.385756,-0.170482,-0.028923,0.290937,-0.248565,-0.048799,0.967381,0.761367,-0.627153,0.164113,0.59897,0.777373,0.191808,-0.036673,0.085467,-0.044352,-5.191719,-0.454759,0.148092,-0.342876,0.040493,0.028516,-0.022477,0.276019,0.165402,0.946812,-0.778894,0.615661,0.119515,-0.563148,-0.770456,0.298765,-0.025541,0.036922,-0.017616,0.054803,-0.096941,1.002004,-0.656552,0.075541,0.015604,-0.062643,0.027948,-0.143855,-0.989204,0.329,0.935779,-0.126791,0.943916,-0.321904,0.073482,-6.9e-05,0.010013,-0.009634,0.066002,0.067447,-0.138827,-0.534306
31,0.152717,-0.053732,0.30938,-0.017435,0.137123,-0.990423,-0.337646,-0.933147,-0.123303,-0.941103,0.332087,0.063801,-0.000154,0.020093,-0.019183,0.071253,-0.025113,0.037123,-0.385773,-0.17144,-0.027343,0.290172,-0.267062,-0.044207,0.962661,0.774497,-0.604178,0.187236,0.573648,0.795623,0.194363,-0.051787,0.085186,-0.043197,-0.236046,-0.187027,0.878869,-0.217918,0.040039,0.029279,-0.022846,0.2935,0.159416,0.942572,-0.792848,0.591462,0.146846,-0.534086,-0.790416,0.299987,-0.01777,0.037311,-0.017761,-5.265075,-0.876887,-0.189855,-0.543229,0.075564,0.015788,-0.062828,0.027012,-0.143961,-0.989214,0.333312,0.934242,-0.126859,0.942429,-0.326291,0.073219,-9.6e-05,0.004449,-0.005529,0.030462,0.080418,-0.157368,-0.533816
32,0.152805,-0.053108,0.308715,-0.017461,0.132904,-0.990998,-0.335588,-0.934389,-0.119453,-0.941838,0.330311,0.062149,-0.000192,0.019797,-0.019567,0.080468,-0.189445,-0.057873,-0.386624,-0.173573,-0.024686,0.28893,-0.29915,-0.03761,0.95346,0.79644,-0.560065,0.227913,0.525775,0.827585,0.19628,-0.064955,0.061027,-0.027949,-1.398683,-0.544301,0.518534,-0.040263,0.038958,0.030648,-0.023482,0.326158,0.152494,0.932934,-0.811332,0.55164,0.193476,-0.48514,-0.820023,0.303645,-0.024414,0.024838,-0.010588,-5.116841,-1.305748,-0.397255,-0.326542,0.075607,0.016115,-0.063175,0.027128,-0.13985,-0.9898,0.331098,0.935531,-0.123107,0.943206,-0.324382,0.071683,-8.8e-05,0.009876,-0.00981,0.083762,-0.221008,-0.066835,-0.533489
33,0.152883,-0.05265,0.308224,-0.018993,0.131343,-0.991178,-0.334255,-0.935107,-0.117562,-0.942281,0.328905,0.062896,-0.000139,0.00956,-0.010218,0.035624,-0.012662,0.018505,-0.387312,-0.176049,-0.022996,0.288099,-0.319281,-0.039101,0.946849,0.808695,-0.531998,0.250847,0.494287,0.845835,0.200268,-0.078318,0.03392,-0.016532,0.129633,-0.223887,0.390153,0.076795,0.037749,0.031494,-0.02389,0.345996,0.154482,0.92543,-0.822477,0.524552,0.219941,-0.45146,-0.837245,0.308551,-0.031164,0.011005,-0.00538,0.114681,0.198207,-0.362948,-0.177131,0.075646,0.01634,-0.063417,0.028511,-0.138167,-0.989998,0.329759,0.936256,-0.12117,0.943634,-0.323006,0.072255,0.007845,0.004286,-0.005707,0.036916,-0.026199,0.052056,-0.533816
34,0.152895,-0.052386,0.308006,-0.022743,0.127819,-0.991559,-0.333936,-0.93578,-0.113023,-0.942306,0.328382,0.065199,3.6e-05,0.000293,0.000374,0.0,-0.0,-0.0,-0.386385,-0.178602,-0.022163,0.287689,-0.338523,-0.053232,0.939447,0.824854,-0.49708,0.269187,0.45305,0.866081,0.21098,-0.061462,0.010139,-0.00384,-0.075222,-0.317703,0.366956,0.147918,0.036443,0.031931,-0.024109,0.364616,0.169066,0.91568,-0.8364,0.491669,0.242269,-0.409253,-0.854211,0.320678,-0.030725,0.005006,-0.001968,-0.402716,-0.420305,0.28692,-0.047479,0.075652,0.016474,-0.063532,0.032246,-0.134655,-0.990367,0.329367,0.936965,-0.11667,0.94365,-0.322433,0.074564,3e-05,0.005559,-0.004111,0.035994,-0.013783,0.020746,-0.533489
35,0.152908,-0.052352,0.307999,-0.024816,0.125911,-0.991754,-0.334105,-0.936018,-0.110528,-0.942192,0.328445,0.066529,3.6e-05,0.00029,0.000371,-1e-06,2e-06,-4e-06,-0.38605,-0.179981,-0.02199,0.287634,-0.349422,-0.056367,0.935264,0.823897,-0.493702,0.278183,0.446474,0.867817,0.217755,-0.061444,0.009851,-0.004318,0.064832,-0.27824,0.397998,0.170222,0.035776,0.032017,-0.024139,0.374903,0.172251,0.91092,-0.835221,0.48916,0.251249,-0.402308,-0.855015,0.327255,-0.038308,0.004633,-0.001811,0.065149,-0.261015,0.362939,-0.003554,0.075659,0.016492,-0.063534,0.03433,-0.132717,-0.990559,0.329514,0.937224,-0.114151,0.943526,-0.322484,0.075907,2.6e-05,0.000197,0.000251,0.000712,-0.002606,0.004888,-0.533326
36,0.152922,-0.052416,0.308085,-0.024886,0.125872,-0.991757,-0.334352,-0.935938,-0.110451,-0.942102,0.328686,0.066611,4e-05,-0.010362,0.009192,-0.035621,0.012638,-0.018518,-0.385911,-0.182384,-0.022095,0.287733,-0.376827,-0.069349,0.923679,0.820895,-0.486807,0.29847,0.429403,0.870784,0.239188,-0.060057,-0.013992,0.009754,0.053669,-0.506838,0.193378,0.230411,0.034529,0.031967,-0.024091,0.4022,0.184333,0.896803,-0.830889,0.484878,0.272975,-0.384522,-0.854935,0.348178,-0.030035,-0.007081,0.004806,0.092919,-0.571817,0.136133,0.066988,0.075666,0.016465,-0.063494,0.03435,-0.132722,-0.990557,0.32973,0.93715,-0.114132,0.943449,-0.322696,0.075953,2.2e-05,0.000187,0.000239,3.2e-05,-5.1e-05,0.000126,-0.533816
37,0.152923,-0.052534,0.308205,-0.025182,0.125642,-0.991779,-0.33475,-0.935837,-0.110109,-0.941952,0.329064,0.066858,2e-06,1.7e-05,2.2e-05,0.0,-0.0,-0.0,-0.385716,-0.184241,-0.022289,0.287964,-0.414519,-0.092571,0.905316,0.814192,-0.481957,0.323641,0.406861,0.871354,0.273989,-0.044819,-0.01175,0.011137,0.076179,-1.186595,0.772435,0.359787,0.033617,0.031871,-0.023984,0.437338,0.206257,0.875324,-0.823488,0.482996,0.297628,-0.361391,-0.850983,0.381082,-0.02276,-8.5e-05,0.001822,0.126532,-2.604098,2.397915,0.206275,0.075667,0.016403,-0.06343,0.034657,-0.132482,-0.990579,0.33015,0.937046,-0.113771,0.943291,-0.323097,0.076214,-1e-06,-1e-05,-1.2e-05,1.5e-05,7e-06,-2.2e-05,-0.533489
38,0.152936,-0.052555,0.308244,-0.025186,0.125649,-0.991778,-0.334849,-0.935802,-0.110107,-0.941917,0.329161,0.066877,0.000136,0.001107,0.001416,0.000805,-0.013539,0.025428,-0.385884,-0.184964,-0.022402,0.288067,-0.432937,-0.103119,0.895502,0.807829,-0.48501,0.33483,0.400321,0.868484,0.292132,-0.044874,-0.012348,0.010345,0.077426,-0.632835,0.394222,0.411099,0.033256,0.031817,-0.02393,0.455382,0.218019,0.863188,-0.81692,0.487764,0.307776,-0.353931,-0.845312,0.400224,-0.015191,-0.000369,0.000815,0.112229,-0.677854,0.426027,0.285634,0.075673,0.016389,-0.063414,0.034677,-0.132474,-0.990579,0.330249,0.937014,-0.113749,0.943256,-0.323194,0.076243,-1e-06,1e-06,-1e-06,1.6e-05,-1.6e-05,-3.1e-05,-0.533326
39,0.152984,-0.052534,0.308222,-0.025515,0.125347,-0.991807,-0.334776,-0.935873,-0.109719,-0.941934,0.329073,0.067075,0.015741,-0.001529,-0.001891,0.000984,-0.014715,0.029553,-0.385436,-0.186046,-0.022781,0.288245,-0.466452,-0.129017,0.875082,0.795792,-0.492948,0.351641,0.386566,0.860551,0.331482,-0.014711,-0.014474,0.005182,0.106035,-0.700655,0.418764,0.48249,0.032715,0.031637,-0.023837,0.486436,0.242623,0.839352,-0.805033,0.497813,0.322649,-0.339559,-0.832655,0.437474,-0.007361,-0.007267,0.002577,0.145928,-0.91092,0.511135,0.409245,0.075691,0.016405,-0.063418,0.035006,-0.132167,-0.990608,0.330173,0.937088,-0.113359,0.94327,-0.323104,0.076441,-6.7e-05,-0.000548,-0.000703,-0.000788,0.013543,-0.025432,-0.533163
40,0.153066,-0.052495,0.30817,-0.025544,0.125311,-0.991811,-0.334628,-0.93593,-0.109686,-0.941985,0.328925,0.067074,-1e-06,-6e-06,-8e-06,0.0,-0.0,-0.0,-0.385169,-0.186844,-0.023519,0.288315,-0.472368,-0.151281,0.868317,0.794297,-0.499906,0.345138,0.382436,0.852907,0.355185,-0.030337,-0.020222,-0.000829,0.19425,-0.179069,-0.300809,0.511772,0.032311,0.031269,-0.023791,0.492322,0.264597,0.82922,-0.803566,0.504296,0.316174,-0.334514,-0.821993,0.460897,-0.007591,-0.010393,-0.001352,0.387611,0.804341,-1.666293,0.480276,0.075738,0.016421,-0.063448,0.035018,-0.132148,-0.990611,0.330023,0.937142,-0.113349,0.943323,-0.322955,0.076429,1e-06,0.0,1e-06,7e-06,5e-06,3.8e-05,-0.532999
41,0.153186,-0.052487,0.308163,-0.025557,0.125306,-0.991811,-0.334603,-0.93594,-0.109679,-0.941994,0.328899,0.067082,0.000112,0.000919,0.001175,0.0,-0.0,-0.0,-0.385186,-0.187543,-0.024618,0.288119,-0.466279,-0.169082,0.868324,0.797244,-0.505535,0.329804,0.383768,0.846242,0.369403,-0.015724,-0.027515,-0.011292,0.112997,-0.529685,0.163365,0.520688,0.031962,0.030737,-0.023876,0.484674,0.281084,0.8283,-0.80754,0.507671,0.300247,-0.33611,-0.814407,0.473042,-0.007528,-0.019293,-0.00152,0.18273,-0.562998,-0.116454,0.509832,0.075792,0.016423,-0.063454,0.035065,-0.132112,-0.990614,0.329997,0.937157,-0.113302,0.94333,-0.322927,0.076457,0.0,1e-06,0.0,1e-06,-8e-06,2.5e-05,-0.532999
42,0.153233,-0.05249,0.308161,-0.025596,0.125275,-0.991815,-0.334603,-0.935945,-0.109636,-0.941993,0.328897,0.067108,2e-06,1.6e-05,2e-05,0.0,-0.0,-0.0,-0.38504,-0.187837,-0.025219,0.2879,-0.457886,-0.173276,0.871957,0.798069,-0.512099,0.317452,0.392074,0.841439,0.371647,-0.015355,-0.042026,-0.0075,4.963217,1.808294,1.61377,0.520397,0.031809,0.030432,-0.02399,0.475972,0.288983,0.830625,-0.811517,0.508329,0.288169,-0.338955,-0.811227,0.476465,-0.007998,-0.015419,-0.007769,0.392709,1.296967,-2.122359,0.514078,0.075822,0.016424,-0.063452,0.03507,-0.132112,-0.990614,0.329997,0.937157,-0.1133,0.943329,-0.322926,0.076462,1e-06,4e-06,4e-06,1e-06,1e-06,-2.4e-05,-0.533
43,0.153329,-0.052489,0.308162,-0.025768,0.125126,-0.991829,-0.334603,-0.935968,-0.109439,-0.941988,0.328888,0.067219,0.015836,-0.000738,-0.000887,0.000984,-0.014715,0.029553,-0.385023,-0.18838,-0.026515,0.287129,-0.454376,-0.158974,0.876505,0.772294,-0.560538,0.298819,0.444357,0.812881,0.376343,-0.016463,-0.035568,-0.021869,1.590488,0.315025,0.25099,0.516332,0.031537,0.029779,-0.024373,0.473901,0.271993,0.837518,-0.786424,0.55863,0.263569,-0.396174,-0.78355,0.478637,-0.000601,-0.018343,-0.01206,5.182375,1.383849,1.693528,0.514078,0.075864,0.016425,-0.063451,0.035258,-0.131945,-0.990629,0.329996,0.937184,-0.113082,0.943323,-0.322917,0.076585,-1e-06,-1e-06,-2e-06,-0.00554,0.09349,-0.175482,-0.532999
44,0.153364,-0.05249,0.30816,-0.027878,0.123192,-0.992014,-0.334839,-0.936177,-0.106902,-0.941841,0.329026,0.068583,0.015835,-0.000747,-0.000899,0.000984,-0.014715,0.029553,-0.385238,-0.188743,-0.027687,0.285983,-0.457385,-0.146066,0.877186,0.744796,-0.601751,0.288284,0.48629,0.785352,0.382893,-0.001995,-0.026229,-0.0339,0.599476,-0.206446,-0.185086,0.495655,0.03135,0.029185,-0.024947,0.477779,0.257649,0.839847,-0.760224,0.600333,0.248311,-0.440211,-0.75711,0.482698,-0.000974,-0.013031,-0.016823,1.637702,0.115403,0.23497,0.498565,0.075881,0.016424,-0.063452,0.037364,-0.129996,-0.990809,0.330208,0.937413,-0.110538,0.943168,-0.323043,0.077951,1e-06,-1e-06,-6e-06,6.1e-05,-0.000311,0.000574,-0.533
45,0.153365,-0.052485,0.308167,-0.027862,0.123207,-0.992013,-0.334839,-0.936174,-0.10692,-0.941842,0.329027,0.068573,6e-06,4.9e-05,6.3e-05,-0.0,0.0,-0.0,-0.385356,-0.18878,-0.02817,0.285357,-0.458455,-0.140842,0.877482,0.734917,-0.61514,0.285366,0.500134,0.775868,0.384392,-0.001891,-0.024705,-0.032118,0.061991,0.00316,-0.128169,0.484309,0.031331,0.028938,-0.025267,0.479045,0.254536,0.840075,-0.750956,0.614382,0.242072,-0.454511,-0.746823,0.485462,-0.000905,-0.01203,-0.015638,0.134369,0.044215,-0.044999,0.485828,0.075888,0.016427,-0.063449,0.037326,-0.130031,-0.990806,0.330209,0.937407,-0.110584,0.943169,-0.323045,0.077927,5e-06,2.6e-05,2.8e-05,-2e-06,-4.9e-05,4.4e-05,-0.532836
46,0.153343,-0.052481,0.308189,-0.030044,0.121206,-0.992195,-0.335095,-0.936379,-0.104294,-0.941681,0.329189,0.069983,3.6e-05,0.0003,0.000383,-0.0,0.0,-0.0,-0.384926,-0.188684,-0.029069,0.284187,-0.461015,-0.132925,0.877375,0.717596,-0.637368,0.280627,0.522463,0.75913,0.388094,0.013733,-0.021944,-0.03004,4.864119,1.45872,2.25746,0.466072,0.031378,0.028475,-0.025869,0.481599,0.247456,0.84073,-0.735842,0.635236,0.234543,-0.476023,-0.7316,0.488018,0.006893,-0.011014,-0.014931,4.840328,1.502266,2.280867,0.459212,0.075876,0.016428,-0.063439,0.039506,-0.128011,-0.990985,0.33044,0.937633,-0.107947,0.942999,-0.323197,0.079342,2.7e-05,0.000224,0.000286,0.000127,-0.000617,0.001132,-0.532673
47,0.153356,-0.052471,0.308202,-0.029995,0.121252,-0.992191,-0.335094,-0.936373,-0.104354,-0.941683,0.329191,0.069951,7e-06,6e-05,7.7e-05,0.0,0.0,0.0,-0.384754,-0.188536,-0.030076,0.28327,-0.462501,-0.125123,0.87774,0.700418,-0.658437,0.275336,0.544041,0.742274,0.391038,-0.000859,-0.030709,-0.017822,-0.036013,0.045635,-0.098784,0.454962,0.031453,0.027982,-0.026323,0.483763,0.238957,0.841945,-0.718583,0.657611,0.226241,-0.499611,-0.714455,0.489839,0.007341,-0.01502,-0.009079,-0.053157,0.043621,-0.024691,0.440923,0.075883,0.016434,-0.063431,0.039448,-0.128066,-0.99098,0.330441,0.937625,-0.108017,0.943001,-0.323199,0.079305,3e-06,1.7e-05,1.8e-05,-1.4e-05,-1.8e-05,-5e-06,-0.53251
48,0.15338,-0.052466,0.308208,-0.030053,0.121201,-0.992196,-0.335094,-0.93638,-0.104286,-0.941681,0.329189,0.069989,0.015837,-0.000721,-0.000866,0.000984,-0.014715,0.029553,-0.384501,-0.188508,-0.031434,0.282767,-0.456397,-0.131696,0.879971,0.697568,-0.666797,0.262132,0.552789,0.733632,0.395059,-8.1e-05,-0.040078,-0.007521,0.125323,-0.437265,-0.450955,0.454157,0.031467,0.027322,-0.026575,0.477433,0.242907,0.844424,-0.716152,0.664394,0.213789,-0.5091,-0.706807,0.491162,-1.4e-05,-0.019802,-0.003444,-0.065977,-0.046375,0.032341,0.432432,0.075889,0.016436,-0.063428,0.039523,-0.127997,-0.990986,0.33044,0.937635,-0.107928,0.942998,-0.323196,0.079354,0.0,8e-06,8e-06,-1.3e-05,-5e-06,-2.5e-05,-0.532673
49,0.153391,-0.052472,0.3082,-0.030051,0.121203,-0.992195,-0.335094,-0.93638,-0.104289,-0.941681,0.329189,0.069988,-4.2e-05,-0.000346,-0.000443,0.0,0.0,0.0,-0.384099,-0.188528,-0.032188,0.282693,-0.452384,-0.134973,0.881545,0.700066,-0.666019,0.25741,0.552925,0.733748,0.394653,7.5e-05,-0.037986,-0.004793,-0.029932,-0.061627,-0.161385,0.454671,0.031456,0.026928,-0.026617,0.473337,0.248749,0.845029,-0.71908,0.663206,0.20756,-0.508798,-0.70589,0.49279,0.000361,-0.024655,0.001558,-0.074786,-0.051688,-0.174265,0.432106,0.075901,0.016434,-0.063432,0.039504,-0.128017,-0.990984,0.330441,0.937632,-0.107953,0.942999,-0.323197,0.079342,-2.7e-05,-0.000235,-0.000305,-9e-06,-7e-06,8e-06,-0.532673
50,0.153416,-0.052468,0.308206,-0.03022,0.121052,-0.992209,-0.335094,-0.936402,-0.104091,-0.941675,0.329182,0.070096,3.6e-05,0.000295,0.000377,0.0,0.0,0.0,-0.384684,-0.18855,-0.033851,0.282819,-0.452627,-0.146565,0.879567,0.696521,-0.673903,0.246267,0.557192,0.724279,0.405981,0.000391,-0.033833,0.000697,0.022544,-0.197897,-0.251205,0.456041,0.031445,0.026093,-0.026559,0.473104,0.260071,0.841745,-0.716155,0.669998,0.195509,-0.513121,-0.695316,0.50323,0.000548,-0.022125,0.004916,-0.00614,-0.230829,-0.265124,0.432106,0.075913,0.016435,-0.063431,0.039672,-0.127864,-0.990997,0.330439,0.937656,-0.107754,0.942993,-0.323189,0.07945,2.1e-05,0.000164,0.000209,-1.1e-05,-1.7e-05,1.8e-05,-0.53251
51,0.15344,-0.052469,0.308204,-0.030294,0.120986,-0.992214,-0.335094,-0.936411,-0.104004,-0.941673,0.329178,0.070144,0.0,0.0,0.0,0.0,0.0,0.0,-0.384568,-0.188461,-0.03544,0.283401,-0.453438,-0.171357,0.874655,0.701083,-0.674421,0.231458,0.550767,0.718365,0.424818,0.00226,-0.048977,0.026665,0.014128,-0.363811,-0.340596,0.453868,0.031489,0.025299,-0.026284,0.472731,0.284147,0.834137,-0.721146,0.66875,0.180887,-0.506431,-0.687046,0.521051,0.000799,-0.018859,0.009329,0.074582,-0.43407,-0.397102,0.431126,0.075925,0.016435,-0.063431,0.039746,-0.127798,-0.991003,0.330438,0.937666,-0.107667,0.94299,-0.323185,0.079497,0.0,-2e-06,-6e-06,-1.1e-05,-6e-06,1.4e-05,-0.53251
52,0.15344,-0.052464,0.308211,-0.030278,0.121,-0.992213,-0.335094,-0.936409,-0.104023,-0.941673,0.329179,0.070134,4e-06,3.6e-05,4.6e-05,0.0,0.0,0.0,-0.384211,-0.188401,-0.036145,0.283858,-0.459603,-0.184382,0.868769,0.701907,-0.674648,0.228277,0.544575,0.714935,0.438371,0.002555,-0.045271,0.031697,0.031872,-0.499694,-0.34186,0.452002,0.03152,0.024928,-0.026047,0.478155,0.296697,0.826642,-0.722177,0.668465,0.177805,-0.499827,-0.682,0.533898,0.001292,-0.022272,0.016344,0.031356,-0.500279,-0.345696,0.429166,0.075925,0.016437,-0.063427,0.03973,-0.127813,-0.991001,0.330438,0.937663,-0.107687,0.94299,-0.323187,0.079487,3e-06,1.5e-05,1.8e-05,-1e-05,-3e-06,-1.9e-05,-0.53251
53,0.153431,-0.05245,0.308246,-0.032521,0.118945,-0.992391,-0.335343,-0.936616,-0.101324,-0.941508,0.329343,0.071582,6.9e-05,0.00057,0.000729,-0.0,0.0,-0.0,-0.384069,-0.188295,-0.03729,0.284956,-0.479167,-0.211941,0.851746,0.701401,-0.675747,0.226575,0.528122,0.706241,0.471353,0.002363,-0.028294,0.031447,0.055806,-0.788349,-0.031626,0.451335,0.031572,0.024367,-0.025507,0.495755,0.322692,0.806285,-0.721823,0.66934,0.175939,-0.482905,-0.669218,0.564756,0.001174,-0.014004,0.015918,-0.062642,-1.321481,0.373899,0.42737,0.075921,0.016444,-0.063411,0.041974,-0.125734,-0.991175,0.330664,0.937892,-0.104972,0.942814,-0.323339,0.080943,4.3e-05,0.00036,0.00046,0.000207,-0.000897,0.001665,-0.532346
54,0.153434,-0.052422,0.30828,-0.032441,0.119018,-0.992384,-0.335343,-0.936606,-0.101419,-0.94151,0.329345,0.071531,9.7e-05,0.000801,0.001024,0.0,0.0,0.0,-0.383407,-0.188219,-0.038035,0.286197,-0.500832,-0.238251,0.832102,0.698814,-0.678451,0.226489,0.511184,0.69521,0.50521,0.002121,-0.011895,0.030348,0.259525,-0.976278,-0.13966,0.447778,0.031611,0.02399,-0.024885,0.51563,0.346219,0.783745,-0.719305,0.67192,0.176414,-0.465536,-0.654717,0.5955,0.00104,-0.005967,0.015151,0.032921,-0.436431,0.152645,0.421655,0.075922,0.016457,-0.063393,0.041882,-0.125818,-0.991168,0.330664,0.93788,-0.105082,0.942818,-0.323342,0.080884,5.1e-05,0.000424,0.00054,-1.2e-05,-3e-05,5.6e-05,-0.531693
55,0.15346,-0.052399,0.308293,-0.032344,0.119106,-0.992377,-0.335318,-0.936602,-0.101536,-0.941522,0.329325,0.071466,7e-06,5.7e-05,7.3e-05,0.0,0.0,0.0,-0.383168,-0.188201,-0.038418,0.28751,-0.518432,-0.260895,0.814342,0.694863,-0.683468,0.223543,0.498884,0.682069,0.534566,0.002392,-0.008361,0.035001,0.298144,-1.104077,0.015839,0.449232,0.031621,0.023797,-0.024213,0.53188,0.367621,0.762861,-0.715644,0.676742,0.172838,-0.452722,-0.637866,0.623032,0.001187,-0.003972,0.01778,0.247431,-1.022583,0.057832,0.421165,0.075935,0.01647,-0.063385,0.041785,-0.125907,-0.991161,0.330641,0.937874,-0.105199,0.94283,-0.323323,0.080819,0.0,1e-06,-1e-06,-1.3e-05,7e-06,-1.5e-05,-0.531367
56,0.153484,-0.0524,0.308292,-0.032308,0.11914,-0.992374,-0.335318,-0.936597,-0.10158,-0.941523,0.329326,0.071444,0.0,1e-06,1e-06,0.0,0.0,0.0,-0.383195,-0.188261,-0.038518,0.288198,-0.526578,-0.269296,0.806342,0.692338,-0.686165,0.223111,0.49384,0.676078,0.546721,-0.013133,-0.006904,0.038099,0.151428,-0.667915,0.055981,0.44963,0.03159,0.023747,-0.023868,0.539397,0.3769,0.752991,-0.713468,0.67951,0.170965,-0.447228,-0.629453,0.635432,-0.00658,-0.00332,0.019229,0.145602,-0.658996,0.06058,0.421818,0.075947,0.016469,-0.063386,0.04175,-0.125941,-0.991158,0.330641,0.93787,-0.105243,0.942832,-0.323324,0.080797,-3e-06,-1.8e-05,-2.4e-05,-1.4e-05,1.9e-05,3.4e-05,-0.531203
57,0.153577,-0.052408,0.308266,-0.032294,0.119158,-0.992372,-0.335293,-0.936604,-0.101603,-0.941533,0.329301,0.071434,-2.2e-05,-0.000185,-0.000237,0.0,0.0,0.0,-0.382172,-0.188476,-0.038662,0.289584,-0.541464,-0.288649,0.789614,0.688108,-0.691673,0.219157,0.483553,0.662362,0.572116,-0.013072,-0.006285,0.038754,0.111671,-0.546594,0.100305,0.448548,0.031488,0.023681,-0.023186,0.552686,0.395095,0.733783,-0.709749,0.684627,0.165956,-0.436799,-0.612524,0.658802,0.001276,-0.002835,0.019188,0.124435,-0.609477,0.129376,0.422308,0.075994,0.016465,-0.063399,0.041736,-0.125959,-0.991156,0.330616,0.937876,-0.105266,0.942841,-0.323299,0.080787,-1.6e-05,-0.000142,-0.00018,-1.7e-05,-2e-06,1.4e-05,-0.53104
58,0.153673,-0.052399,0.308261,-0.032232,0.119219,-0.992367,-0.335269,-0.936604,-0.101684,-0.941544,0.329278,0.071394,2.6e-05,0.000213,0.000272,0.0,0.0,0.0,-0.38284,-0.188783,-0.038772,0.290997,-0.554373,-0.307932,0.773201,0.684696,-0.69679,0.213564,0.47367,0.648183,0.59612,-0.013668,0.005229,0.030899,0.172712,-0.517583,-0.090972,0.441848,0.03133,0.023625,-0.022462,0.564492,0.412799,0.714804,-0.706609,0.689287,0.159958,-0.426675,-0.595382,0.680785,-0.006854,0.002676,0.015537,0.157051,-0.494187,-0.079109,0.416756,0.076042,0.016469,-0.063403,0.041674,-0.126021,-0.991151,0.330592,0.937875,-0.105347,0.942852,-0.323276,0.080747,1.7e-05,0.00014,0.000178,-1.6e-05,-3e-06,1.2e-05,-0.53104
59,0.153709,-0.052395,0.308266,-0.032273,0.119184,-0.99237,-0.335268,-0.936609,-0.101638,-0.941543,0.329277,0.071421,1e-05,8.3e-05,0.000107,0.0,0.0,0.0,-0.38249,-0.188958,-0.038849,0.291733,-0.562444,-0.316016,0.764056,0.682511,-0.698957,0.213476,0.467266,0.641937,0.607818,-0.012954,-0.005112,0.040024,0.12251,-0.558448,0.127834,0.437127,0.031247,0.023588,-0.02211,0.571688,0.42016,0.704725,-0.704655,0.691412,0.159408,-0.420279,-0.587719,0.69134,0.001277,-0.002809,0.019095,0.129511,-0.498867,-0.069174,0.411858,0.07606,0.016472,-0.0634,0.041715,-0.125986,-0.991154,0.330592,0.93788,-0.105301,0.94285,-0.323275,0.080773,3e-06,3.6e-05,4.7e-05,-1.4e-05,6e-06,-1.5e-05,-0.53104
60,0.153732,-0.05241,0.308264,-0.032267,0.119194,-0.992369,-0.335293,-0.936599,-0.101647,-0.941534,0.329301,0.071421,-9.4e-05,-0.000782,-0.000998,0.0,0.0,0.0,-0.38186,-0.189274,-0.039018,0.293163,-0.573238,-0.335772,0.747426,0.683383,-0.699093,0.210215,0.452635,0.6317,0.629238,0.002543,-0.006345,0.037059,0.11703,-0.534864,0.148416,0.423392,0.031084,0.023507,-0.021391,0.581131,0.438366,0.685654,-0.705654,0.69112,0.156221,-0.405387,-0.574619,0.710966,-0.006537,-0.003081,0.019244,0.121918,-0.452516,-0.081901,0.397162,0.076072,0.016466,-0.063398,0.041709,-0.125996,-0.991152,0.330616,0.93787,-0.10531,0.942842,-0.323299,0.080774,-6.2e-05,-0.000533,-0.000683,-7e-06,-8e-06,1.5e-05,-0.53055
61,0.15372,-0.052401,0.308258,-0.032381,0.119087,-0.992378,-0.335268,-0.936623,-0.10151,-0.941539,0.329272,0.07149,-0.0,-0.0,-0.0,0.0,0.0,0.0,-0.381855,-0.18945,-0.039205,0.294567,-0.583585,-0.35517,0.730256,0.684177,-0.69934,0.206784,0.437967,0.620743,0.650174,0.00249,-0.006954,0.036123,0.26502,-0.731248,-0.210132,0.415817,0.030995,0.023412,-0.020698,0.590026,0.454322,0.667428,-0.706364,0.690852,0.15418,-0.391047,-0.562418,0.728537,0.001234,-0.003327,0.018267,0.01086,-0.263913,0.074154,0.381486,0.076065,0.016468,-0.063404,0.041823,-0.125888,-0.991161,0.33059,0.937895,-0.105173,0.942846,-0.32327,0.080842,1e-06,3e-06,2e-06,-1.2e-05,3e-06,1.5e-05,-0.530387
62,0.153709,-0.052408,0.308265,-0.032413,0.11906,-0.99238,-0.335293,-0.936618,-0.101472,-0.941529,0.329295,0.071513,-0.0,-0.0,-0.0,0.0,0.0,0.0,-0.381091,-0.189463,-0.039305,0.295238,-0.588189,-0.360815,0.723767,0.682697,-0.701188,0.205413,0.434099,0.615384,0.657817,0.002544,-0.006241,0.036973,0.169684,-0.630079,0.123291,0.414779,0.030989,0.023362,-0.020355,0.594245,0.460523,0.659386,-0.705136,0.69265,0.15172,-0.386854,-0.555116,0.736335,0.001204,-0.003669,0.017787,0.239054,-0.649048,-0.146607,0.378056,0.076059,0.016465,-0.0634,0.041854,-0.125861,-0.991163,0.330614,0.937891,-0.105135,0.942836,-0.323293,0.080866,-0.0,2e-06,2e-06,-1e-05,-2e-05,2.2e-05,-0.530387
63,0.153709,-0.052408,0.308265,-0.032413,0.11906,-0.99238,-0.335293,-0.936618,-0.101472,-0.941529,0.329295,0.071513,-0.0,-0.0,-0.0,0.0,0.0,0.0,-0.380812,-0.189381,-0.039613,0.296612,-0.595354,-0.372569,0.711855,0.681089,-0.70392,0.201368,0.426793,0.605187,0.671907,0.00235,-0.008571,0.033861,0.098969,-0.38684,-0.024909,0.414782,0.03103,0.023212,-0.019662,0.600667,0.471496,0.645669,-0.703739,0.695057,0.147128,-0.379407,-0.542758,0.749309,0.001188,-0.003836,0.017504,0.127299,-0.378923,-0.18382,0.37626,0.076059,0.016465,-0.0634,0.041854,-0.125861,-0.991163,0.330614,0.937891,-0.105135,0.942836,-0.323293,0.080866,-1e-06,1e-06,1e-06,-9e-06,-2.1e-05,2.2e-05,-0.53006
64,0.15372,-0.052406,0.308251,-0.032397,0.119072,-0.992379,-0.335268,-0.936625,-0.101491,-0.941538,0.329272,0.0715,-4.2e-05,-0.000347,-0.000443,0.0,0.0,0.0,-0.380778,-0.189167,-0.039984,0.298041,-0.599559,-0.385131,0.701565,0.681454,-0.705253,0.19538,0.420268,0.595707,0.684376,0.003067,-0.018497,0.043465,0.127957,-0.424589,-0.272557,0.414342,0.031137,0.023028,-0.018954,0.604189,0.482116,0.634443,-0.704112,0.695785,0.141806,-0.373069,-0.532397,0.759849,0.008959,-0.003698,0.017031,0.29176,-0.642593,-0.324765,0.375117,0.076065,0.016466,-0.063407,0.041839,-0.125874,-0.991162,0.33059,0.937897,-0.105154,0.942845,-0.323269,0.080853,-2.8e-05,-0.000229,-0.000291,-1.2e-05,-8e-06,1.3e-05,-0.53006
65,0.15372,-0.052406,0.308251,-0.032397,0.119072,-0.992379,-0.335268,-0.936625,-0.101491,-0.941538,0.329272,0.0715,-0.0,-0.0,-0.0,0.0,0.0,0.0,-0.380571,-0.18887,-0.040367,0.299478,-0.597962,-0.393855,0.698077,0.683399,-0.705508,0.187506,0.41938,0.589679,0.690117,0.018597,-0.01827,0.04246,-0.00819,-0.184357,-0.082822,0.414511,0.03128,0.022836,-0.018235,0.601991,0.491376,0.629409,-0.706522,0.695057,0.133118,-0.372065,-0.524827,0.765587,0.001186,-0.003709,0.01754,0.039389,-0.295879,0.070145,0.375281,0.076065,0.016466,-0.063408,0.041839,-0.125873,-0.991163,0.33059,0.937897,-0.105154,0.942846,-0.323269,0.080853,-1e-06,3e-06,6e-06,-1.2e-05,-7e-06,1.9e-05,-0.529897
66,0.15372,-0.052406,0.308251,-0.032397,0.119072,-0.992379,-0.335268,-0.936625,-0.101491,-0.941538,0.329272,0.0715,-0.0,-0.0,-0.0,0.0,0.0,0.0,-0.380455,-0.188717,-0.040563,0.300173,-0.596807,-0.395994,0.697854,0.684264,-0.705295,0.185133,0.419612,0.588501,0.690982,0.002354,-0.008177,0.034076,-0.032327,-0.073501,-0.027608,0.413189,0.031363,0.022733,-0.01787,0.600708,0.493572,0.628916,-0.707541,0.694462,0.130794,-0.372202,-0.523553,0.766391,0.00115,-0.004148,0.01696,-0.063791,-0.036208,-0.004465,0.374464,0.076065,0.016466,-0.063408,0.041839,-0.125874,-0.991163,0.33059,0.937897,-0.105154,0.942846,-0.323269,0.080853,-2e-06,2e-06,6e-06,-1.1e-05,-1.5e-05,1.1e-05,-0.529734
67,0.15372,-0.052406,0.308251,-0.032397,0.119072,-0.992379,-0.335268,-0.936625,-0.101491,-0.941538,0.329272,0.0715,-0.0,-0.0,-0.0,0.0,0.0,0.0,-0.380638,-0.188412,-0.040969,0.301557,-0.593745,-0.400556,0.697864,0.686487,-0.704498,0.179867,0.420323,0.586371,0.69236,0.002296,-0.008802,0.03319,-0.02724,-0.082672,-0.032971,0.410243,0.031515,0.022533,-0.01719,0.597486,0.497729,0.628709,-0.709809,0.693051,0.125892,-0.373068,-0.521483,0.767381,0.008873,-0.004498,0.015885,-0.030513,-0.087396,-0.027257,0.371852,0.076065,0.016466,-0.063407,0.041839,-0.125873,-0.991163,0.33059,0.937897,-0.105154,0.942845,-0.323269,0.080853,-2e-06,1e-06,4e-06,-8e-06,-1.5e-05,2.4e-05,-0.529734
68,0.153732,-0.052399,0.308244,-0.032366,0.1191,-0.992377,-0.335243,-0.93663,-0.101529,-0.941548,0.329248,0.071477,-0.0,-0.0,-0.0,0.0,0.0,0.0,-0.380341,-0.188194,-0.041372,0.302881,-0.593425,-0.400607,0.698107,0.6879,-0.702647,0.1817,0.418458,0.588553,0.691637,0.002254,-0.009255,0.032534,-0.083173,0.106891,-0.182995,0.407189,0.031624,0.022332,-0.016528,0.597326,0.497599,0.628964,-0.710993,0.691409,0.128226,-0.371067,-0.523782,0.766786,0.001138,-0.004171,0.016832,-0.069343,-0.004149,0.01653,0.368259,0.076071,0.01647,-0.063411,0.041807,-0.125901,-0.99116,0.330566,0.937901,-0.105192,0.942855,-0.323246,0.08083,-2e-06,-0.0,3e-06,-7e-06,-9e-06,1.2e-05,-0.529897
69,0.153732,-0.052399,0.308244,-0.032366,0.1191,-0.992377,-0.335243,-0.93663,-0.101529,-0.941548,0.329248,0.071477,-0.0,-0.0,-0.0,0.0,0.0,0.0,-0.38028,-0.188102,-0.041582,0.303541,-0.592971,-0.40075,0.69841,0.688807,-0.701572,0.182418,0.417605,0.58974,0.691142,0.002241,-0.009379,0.032336,-0.06931,-0.006038,0.01423,0.40677,0.03167,0.022227,-0.016198,0.596758,0.497781,0.629359,-0.711898,0.69033,0.129017,-0.370243,-0.525031,0.766329,0.001081,-0.004911,0.015892,-0.082307,0.107071,-0.181821,0.367443,0.076071,0.01647,-0.063411,0.041807,-0.125901,-0.99116,0.330566,0.937901,-0.105192,0.942855,-0.323246,0.08083,-2e-06,-0.0,3e-06,-7e-06,-9e-06,1.2e-05,-0.529734
70,0.153732,-0.052407,0.30825,-0.03238,0.11909,-0.992378,-0.335268,-0.936623,-0.101513,-0.941539,0.329272,0.071489,-0.0,-0.0,-0.0,0.0,0.0,0.0,-0.379794,-0.188028,-0.041984,0.30479,-0.591618,-0.401223,0.699286,0.690856,-0.699291,0.183424,0.416134,0.592125,0.689989,0.002206,-0.009779,0.031762,-0.081447,0.091912,-0.158423,0.403207,0.031707,0.022025,-0.015575,0.595561,0.498209,0.630154,-0.713698,0.688205,0.130414,-0.368702,-0.52741,0.765439,-0.006688,-0.00521,0.016074,-0.072419,0.023556,-0.039218,0.364667,0.076071,0.016466,-0.063408,0.041821,-0.125891,-0.991161,0.33059,0.937895,-0.105176,0.942846,-0.32327,0.080842,-2e-06,-0.0,3e-06,-7e-06,-6e-06,2e-05,-0.52957
71,0.153732,-0.052407,0.30825,-0.03238,0.11909,-0.992378,-0.335268,-0.936623,-0.101513,-0.941539,0.329272,0.071489,-0.0,-0.0,-0.0,0.0,0.0,0.0,-0.37953,-0.188017,-0.042317,0.305993,-0.590745,-0.401513,0.699857,0.692493,-0.697356,0.184615,0.414646,0.594208,0.689093,0.00218,-0.010071,0.031328,-0.069308,-0.005976,0.014265,0.399969,0.031713,0.021859,-0.014973,0.594595,0.498554,0.630792,-0.715269,0.686309,0.131793,-0.367213,-0.52955,0.764676,0.000717,9.2e-05,0.011027,-0.04634,0.09458,-0.165247,0.359115,0.076071,0.016466,-0.063408,0.041821,-0.125891,-0.991161,0.33059,0.937895,-0.105176,0.942846,-0.32327,0.080842,-2e-06,-0.0,3e-06,-7e-06,-6e-06,2e-05,-0.529407
72,0.153732,-0.052407,0.30825,-0.03249,0.118989,-0.992387,-0.335268,-0.936637,-0.101382,-0.941535,0.329268,0.071559,-0.0,-0.0,-0.0,0.0,0.0,0.0,-0.379218,-0.188025,-0.042575,0.307073,-0.589915,-0.401794,0.700396,0.693958,-0.695638,0.185593,0.413373,0.596031,0.688283,0.001445,-0.000184,0.021537,-0.034654,-0.002972,0.007141,0.395914,0.031709,0.021727,-0.014428,0.593788,0.498843,0.631324,-0.71662,0.684659,0.133027,-0.365882,-0.53141,0.764024,0.00105,-0.005291,0.015321,-0.068996,-0.005878,0.014639,0.35389,0.076071,0.016466,-0.063408,0.041931,-0.12579,-0.991169,0.330588,0.93791,-0.105045,0.942842,-0.323265,0.080912,-2e-06,-0.0,3e-06,-0.005556,0.093494,-0.175446,-0.529407
73,0.153732,-0.052399,0.308244,-0.032476,0.118999,-0.992386,-0.335243,-0.936644,-0.101398,-0.941545,0.329244,0.071547,-0.0,-0.0,-0.0,0.0,0.0,0.0,-0.37899,-0.188027,-0.042656,0.307564,-0.589695,-0.401861,0.700542,0.694489,-0.694972,0.186099,0.412791,0.596763,0.687997,0.002104,-0.011035,0.030053,-0.07107,0.008114,-0.010811,0.394703,0.031707,0.02169,-0.014186,0.593588,0.498907,0.631461,-0.717083,0.684061,0.133609,-0.3653,-0.53212,0.763808,0.000722,0.000139,0.011034,-0.032642,-0.016947,0.032531,0.351277,0.076071,0.01647,-0.063411,0.041917,-0.1258,-0.991169,0.330564,0.937917,-0.105062,0.942851,-0.323241,0.080899,-3e-06,-0.0,2e-06,-9e-06,-1e-05,1.6e-05,-0.529081
74,0.153732,-0.052407,0.30825,-0.03249,0.118989,-0.992387,-0.335268,-0.936637,-0.101382,-0.941535,0.329268,0.071559,-0.0,-0.0,-0.0,0.0,0.0,0.0,-0.378507,-0.18798,-0.042703,0.308453,-0.589415,-0.401938,0.700733,0.695294,-0.693933,0.186967,0.411834,0.59792,0.687567,0.001457,5.1e-05,0.021728,-0.03289,-0.016963,0.032272,0.392771,0.031731,0.021661,-0.013732,0.59331,0.498988,0.631659,-0.717831,0.683071,0.134649,-0.36428,-0.533314,0.763463,0.000709,-2.8e-05,0.010798,-0.032721,-0.016935,0.032459,0.347848,0.076071,0.016466,-0.063408,0.041931,-0.12579,-0.991169,0.330589,0.93791,-0.105046,0.942842,-0.323265,0.080912,-1e-06,-0.0,2e-06,-7e-06,-1.6e-05,1.2e-05,-0.528917
75,0.153732,-0.052407,0.30825,-0.03249,0.118989,-0.992387,-0.335268,-0.936637,-0.101382,-0.941535,0.329268,0.071559,0.0,0.0,-0.0,0.0,0.0,0.0,-0.378904,-0.187929,-0.042658,0.309237,-0.589149,-0.402016,0.700913,0.69595,-0.693102,0.187605,0.411104,0.598831,0.687211,0.0014,-0.000679,0.020788,-0.034653,-0.002951,0.007153,0.389591,0.031756,0.021685,-0.013355,0.593042,0.499074,0.631842,-0.718413,0.682321,0.135351,-0.363569,-0.534193,0.763186,0.000723,0.00016,0.010996,-0.044941,0.079558,-0.141091,0.343766,0.076071,0.016466,-0.063408,0.041931,-0.12579,-0.991169,0.330589,0.93791,-0.105046,0.942842,-0.323265,0.080912,-1e-06,-0.0,2e-06,-7e-06,-1.6e-05,1.2e-05,-0.528754
76,0.153732,-0.052407,0.30825,-0.03249,0.118989,-0.992387,-0.335268,-0.936637,-0.101382,-0.941535,0.329268,0.071559,0.0,0.0,0.0,0.0,0.0,0.0,-0.378464,-0.187905,-0.04261,0.309602,-0.589172,-0.401996,0.700905,0.696137,-0.692817,0.187971,0.410755,0.599175,0.68712,0.001446,-1.8e-05,0.021554,-0.032888,-0.016912,0.0323,0.388716,0.031769,0.021707,-0.013158,0.593077,0.499047,0.631831,-0.718586,0.68205,0.135798,-0.363171,-0.534564,0.763117,0.000707,-4.8e-05,0.010731,-0.032801,-0.016895,0.0324,0.341969,0.076071,0.016466,-0.063408,0.041931,-0.12579,-0.991169,0.330589,0.93791,-0.105046,0.942842,-0.323265,0.080912,-1e-06,-0.0,2e-06,-7e-06,-1.6e-05,1.2e-05,-0.528754
77,0.153732,-0.052407,0.30825,-0.03249,0.118989,-0.992387,-0.335268,-0.936637,-0.101382,-0.941535,0.329268,0.071559,0.0,0.0,0.0,0.0,0.0,0.0,-0.378402,-0.187858,-0.042531,0.310326,-0.589051,-0.402021,0.700992,0.696631,-0.692148,0.188601,0.410089,0.599931,0.686858,0.00136,-0.001146,0.020148,-0.034653,-0.002944,0.007157,0.385462,0.031792,0.021749,-0.012802,0.592956,0.499076,0.631922,-0.719022,0.681451,0.136492,-0.362504,-0.535299,0.762918,0.000682,-0.000377,0.010307,-0.034598,-0.002915,0.007211,0.338867,0.076071,0.016466,-0.063408,0.041931,-0.12579,-0.991169,0.330589,0.93791,-0.105046,0.942842,-0.323265,0.080912,-1e-06,-0.0,2e-06,-7e-06,-1.6e-05,1.2e-05,-0.528591
78,0.153732,-0.052399,0.308244,-0.032476,0.118999,-0.992386,-0.335243,-0.936644,-0.101398,-0.941545,0.329244,0.071547,0.0,0.0,0.0,0.0,0.0,0.0,-0.37829,-0.187834,-0.042447,0.311058,-0.589147,-0.401962,0.700945,0.696979,-0.691583,0.189384,0.409357,0.600621,0.686691,0.001358,-0.001134,0.020111,-0.034653,-0.002937,0.00716,0.380617,0.031803,0.021791,-0.012444,0.59305,0.499017,0.63188,-0.719314,0.680977,0.137321,-0.36177,-0.535958,0.762803,0.000695,-0.000196,0.010499,-0.032854,-0.016855,0.032383,0.334131,0.076071,0.016469,-0.063411,0.041917,-0.1258,-0.991169,0.330564,0.937917,-0.105062,0.942851,-0.323241,0.080899,-2e-06,0.0,2e-06,-8e-06,-1e-05,-1e-06,-0.528427
79,0.15372,-0.052406,0.308251,-0.032507,0.118972,-0.992388,-0.335268,-0.936639,-0.10136,-0.941535,0.329267,0.07157,0.0,0.0,0.0,0.0,0.0,0.0,-0.377947,-0.187845,-0.042391,0.311771,-0.588981,-0.402007,0.701059,0.697514,-0.690875,0.189999,0.408683,0.601406,0.686405,0.001378,-0.000832,0.02042,-0.034652,-0.002928,0.007165,0.376028,0.031798,0.021817,-0.012081,0.592892,0.499063,0.631991,-0.719803,0.680311,0.138051,-0.361055,-0.53676,0.762579,0.00069,-0.000234,0.010426,-0.032856,-0.016811,0.032382,0.328743,0.076065,0.016466,-0.063407,0.041948,-0.125773,-0.991171,0.330588,0.937912,-0.105024,0.942841,-0.323264,0.080923,-2e-06,1e-06,4e-06,-8e-06,-1.6e-05,-3e-06,-0.528264
80,0.15372,-0.052406,0.308251,-0.032507,0.118972,-0.992388,-0.335268,-0.936639,-0.10136,-0.941535,0.329267,0.07157,0.0,0.0,0.0,0.0,0.0,0.0,-0.377282,-0.187879,-0.04239,0.312145,-0.588801,-0.402067,0.701176,0.697878,-0.690427,0.190293,0.40832,0.601882,0.686204,0.001382,-0.000769,0.02047,-0.032885,-0.016791,0.032366,0.371184,0.031782,0.021817,-0.011887,0.592719,0.499126,0.632105,-0.720145,0.679874,0.138428,-0.360659,-0.537256,0.762417,0.000675,-0.000433,0.01018,-0.032871,-0.016801,0.032395,0.324987,0.076065,0.016466,-0.063407,0.041948,-0.125773,-0.991171,0.330588,0.937912,-0.105024,0.942841,-0.323264,0.080923,-2e-06,1e-06,4e-06,-8e-06,-1.6e-05,-3e-06,-0.528101
81,0.15372,-0.052398,0.308245,-0.032494,0.118982,-0.992387,-0.335243,-0.936646,-0.101376,-0.941544,0.329243,0.071558,0.0,0.0,0.0,0.0,0.0,0.0,-0.377709,-0.188059,-0.042468,0.31292,-0.588323,-0.402232,0.701483,0.69876,-0.689361,0.190921,0.407499,0.602993,0.685717,0.001314,-0.001723,0.0193,-0.032884,-0.016734,0.032397,0.3366,0.031697,0.021781,-0.011513,0.592238,0.499308,0.632412,-0.720946,0.678875,0.139155,-0.359848,-0.538348,0.762029,0.000602,-0.001442,0.008971,-0.034634,-0.002897,0.007181,0.298861,0.076065,0.01647,-0.063411,0.041934,-0.125783,-0.99117,0.330564,0.937919,-0.10504,0.94285,-0.323241,0.08091,-1e-06,0.0,3e-06,-8e-06,1.4e-05,-1.6e-05,-0.527937
82,0.15372,-0.052398,0.308245,-0.032494,0.118982,-0.992387,-0.335243,-0.936646,-0.101376,-0.941544,0.329243,0.071558,0.0,0.0,0.0,0.0,0.0,0.0,-0.376756,-0.188262,-0.042619,0.313689,-0.587996,-0.402336,0.701697,0.699591,-0.688287,0.191748,0.406541,0.604151,0.685266,0.001279,-0.002232,0.018666,-0.034651,-0.002875,0.007193,0.302901,0.031595,0.021705,-0.011129,0.591933,0.499413,0.632615,-0.721693,0.67788,0.140135,-0.358852,-0.539504,0.761682,0.000964,-0.006368,0.01382,-0.06929,-0.005748,0.014389,0.254445,0.076065,0.01647,-0.063411,0.041934,-0.125783,-0.99117,0.330564,0.937919,-0.10504,0.94285,-0.323241,0.08091,-1e-06,0.0,3e-06,-8e-06,1.4e-05,-1.6e-05,-0.527611
83,0.15372,-0.052398,0.308245,-0.032494,0.118982,-0.992387,-0.335243,-0.936646,-0.101376,-0.941544,0.329243,0.071558,0.0,0.0,0.0,0.0,0.0,0.0,-0.37639,-0.188364,-0.042705,0.31406,-0.587858,-0.402377,0.701789,0.699989,-0.687762,0.19218,0.406054,0.604721,0.685052,0.001887,-0.013677,0.02651,-0.071071,0.008051,-0.01085,0.28053,0.031539,0.021666,-0.010938,0.591794,0.499459,0.632708,-0.722056,0.677389,0.140633,-0.358349,-0.540076,0.761513,-0.00709,-0.001528,0.009417,-0.036681,0.012336,-0.022062,0.229952,0.076065,0.01647,-0.063411,0.041934,-0.125783,-0.99117,0.330564,0.937919,-0.10504,0.94285,-0.323241,0.08091,-1e-06,0.0,3e-06,-8e-06,1.4e-05,-1.6e-05,-0.527611
84,0.15372,-0.05239,0.308238,-0.03248,0.118992,-0.992386,-0.335218,-0.936653,-0.101391,-0.941553,0.329219,0.071546,0.0,0.0,0.0,0.0,0.0,0.0,-0.37605,-0.188647,-0.04289,0.31484,-0.587318,-0.402562,0.702135,0.700992,-0.686535,0.192908,0.405101,0.605993,0.684493,-0.014154,-0.003189,0.018631,-0.036695,0.012373,-0.02203,0.217108,0.031403,0.02157,-0.010552,0.591261,0.499658,0.633048,-0.722981,0.676215,0.141529,-0.357361,-0.541363,0.761063,-0.007093,-0.001617,0.009298,-0.036696,0.01235,-0.022037,0.159247,0.076065,0.016474,-0.063414,0.041921,-0.125793,-0.991169,0.330539,0.937926,-0.105056,0.942859,-0.323217,0.080898,-2e-06,1e-06,3e-06,-7e-06,-4e-06,-1.2e-05,-0.527121
