frame,MLTx,MLTy,MLTz,MLTR1,MLTR2,MLTR3,MLTR4,MLTR5,MLTR6,MLTR7,MLTR8,MLTR9,MLTTVx,MLTTVy,MLTTVz,MLTRVx,MLTRVy,MLTRVz,MLGA,MRTx,MRTy,MRTz,MRTR1,MRTR2,MRTR3,MRTR4,MRTR5,MRTR6,MRTR7,MRTR8,MRTR9,MRTTVx,MRTTVy,MRTTVz,MRTRVx,MRTRVy,MRTRVz,MRGA,SLTx,SLTy,SLTz,SLTR1,SLTR2,SLTR3,SLTR4,SLTR5,SLTR6,SLTR7,SLTR8,SLTR9,SLTTVx,SLTTVy,SLTTVz,SLTRVx,SLTRVy,SLTRVz,SLGA,SRTx,SRTy,SRTz,SRTR1,SRTR2,SRTR3,SRTR4,SRTR5,SRTR6,SRTR7,SRTR8,SRTR9,SRTTVx,SRTTVy,SRTTVz,SRTRVx,SRTRVy,SRTRVz,SRGA
441,0.106122,0.020046,0.365827,-0.059892,0.178691,-0.982104,0.106518,-0.977062,-0.184323,-0.992442,-0.115881,0.040706,0.01261,0.004471,-0.013,0.035513,-0.017404,0.023194,-1.912603,-0.146927,0.024975,0.295221,0.343602,-0.517659,0.783555,-0.519651,0.590055,0.617844,-0.782574,-0.618803,-0.067259,0.055002,0.002089,-0.004339,0.353057,-0.403868,-0.966707,0.089569,0.045697,0.035758,-0.030178,-0.343743,0.507336,0.790221,0.548897,-0.574228,0.607432,0.76194,0.64255,-0.081089,0.027461,0.001474,-0.001783,0.419691,-0.638407,-0.863298,-0.088301,0.067155,0.034687,-0.060626,-0.098677,0.21624,-0.97134,0.29414,-0.926151,-0.236061,-0.950654,-0.309004,0.027784,0.006444,0.002759,-0.00615,0.03762,-0.04253,0.037395,-0.87542
442,0.106772,0.020266,0.365314,-0.063111,0.185522,-0.980634,0.108104,-0.975494,-0.191561,-0.992067,-0.118339,0.042728,0.012694,0.004826,-0.012755,0.03661,0.021099,0.04234,-1.912923,-0.144838,0.025019,0.295072,0.354011,-0.483306,0.800676,-0.538721,0.594316,0.597077,-0.76484,-0.642091,-0.050996,0.041349,0.000842,-0.004077,0.171044,-0.114263,-0.727478,0.132324,0.046747,0.035779,-0.030253,-0.353272,0.470921,0.808351,0.567484,-0.57907,0.585354,0.743747,0.665516,-0.062671,0.027545,0.000837,-0.002495,0.200096,-0.322867,-0.620861,-0.034579,0.06748,0.034798,-0.060881,-0.103436,0.222219,-0.969494,0.295257,-0.923926,-0.243276,-0.949801,-0.311414,0.029956,0.012907,0.001843,-0.006789,0.046009,-0.035588,0.077903,-0.872644
443,0.107152,0.020422,0.364986,-0.064022,0.190466,-0.979627,0.109216,-0.97436,-0.196633,-0.991885,-0.119824,0.042796,0.026474,0.014016,-0.022501,0.072937,-0.024897,0.113331,-1.912779,-0.143792,0.025028,0.294984,0.360822,-0.462346,0.80996,-0.550058,0.595713,0.585232,-0.753506,-0.656094,-0.040406,0.055112,0.0017,-0.004922,0.162911,-0.502586,-0.67592,0.151962,0.047265,0.035784,-0.030296,-0.358844,0.4507,0.817374,0.578682,-0.579668,0.573682,0.732364,0.678861,-0.052802,0.020741,-0.000264,-0.002792,-0.01236,-0.87666,-0.881398,-0.006819,0.06766,0.03487,-0.061038,-0.105312,0.226734,-0.968245,0.296059,-0.922361,-0.24819,-0.949345,-0.312795,0.030009,0.013094,0.0064,-0.011681,0.080341,-0.029417,0.073478,-0.870848
444,0.107824,0.020733,0.364368,-0.068422,0.194385,-0.978559,0.110907,-0.973249,-0.20114,-0.991399,-0.122541,0.046249,0.013747,0.016726,-0.020608,0.06745,0.072099,-0.097975,-1.912657,-0.141697,0.02504,0.29481,0.371884,-0.421908,0.826854,-0.569292,0.599784,0.562226,-0.733579,-0.67926,-0.018195,0.055172,0.001702,-0.005051,-4.168755,-3.777032,-0.787193,0.19048,0.048312,0.03579,-0.030384,-0.365736,0.413507,0.833816,0.594275,-0.585729,0.551141,0.716291,0.697088,-0.031514,0.027628,0.000453,-0.002983,0.225414,-0.395133,-0.446288,0.046087,0.068005,0.035025,-0.061353,-0.110346,0.229834,-0.966953,0.297525,-0.920641,-0.252779,-0.948315,-0.315586,0.033208,0.012852,0.001652,-0.006921,0.045495,-0.054636,0.06921,-0.870521
445,0.108425,0.021062,0.363798,-0.073126,0.197613,-0.977572,0.11252,-0.972256,-0.205009,-0.990875,-0.125241,0.050077,0.025803,0.00385,-0.013442,0.039447,0.04017,0.124189,-1.912697,-0.139597,0.025032,0.294638,0.382842,-0.38582,0.839384,-0.588428,0.59848,0.543607,-0.712541,-0.701532,0.001024,0.056717,-0.010554,0.00136,0.164966,-0.257579,-0.615917,0.227455,0.049361,0.03579,-0.030471,-0.37826,0.372802,0.847311,0.616355,-0.581498,0.531004,0.69067,0.723103,-0.009821,0.027615,0.000925,-0.002571,0.276756,-0.512506,-0.506734,0.098013,0.068302,0.035196,-0.06164,-0.115432,0.231846,-0.965878,0.298901,-0.919203,-0.256363,-0.947276,-0.318295,0.036806,0.006446,0.00281,-0.006112,0.042098,0.069358,0.068937,-0.872644
446,0.108925,0.021434,0.363343,-0.076439,0.199011,-0.977035,0.119726,-0.970933,-0.207189,-0.989776,-0.133069,0.051605,0.01361,0.008671,-0.010089,0.035859,-0.030343,0.046683,-1.912731,-0.137635,0.024984,0.294541,0.39783,-0.347005,0.8493,-0.609677,0.591631,0.527448,-0.68597,-0.727181,0.022722,0.04148,0.001253,-0.004006,0.449611,-0.793654,0.203819,0.248322,0.050328,0.035759,-0.030519,-0.389195,0.334005,0.858467,0.638661,-0.573741,0.512769,0.663806,0.747837,0.00998,0.021457,-0.005135,0.001589,0.278624,-0.668884,-0.684307,0.13704,0.068556,0.035377,-0.061871,-0.118884,0.232528,-0.965296,0.305828,-0.916349,-0.258403,-0.944634,-0.325935,0.037825,0.000418,0.005486,-0.004246,0.037054,-0.029637,0.008339,-0.874277
447,0.109127,0.021629,0.363164,-0.078926,0.200367,-0.97656,0.120343,-0.970489,-0.208902,-0.989503,-0.134267,0.053699,0.013801,0.00948,-0.009527,0.03631,-0.014847,0.055447,-1.912813,-0.136756,0.024948,0.294535,0.401972,-0.329467,0.854319,-0.617526,0.591228,0.518696,-0.676467,-0.735635,0.033111,0.042905,-0.009838,0.003675,0.31138,-0.653932,-0.722338,0.253157,0.050788,0.035746,-0.030526,-0.395078,0.318022,0.861844,0.644785,-0.572248,0.506737,0.654342,0.755905,0.021027,0.027499,0.002401,-0.001163,0.159569,-0.292251,-0.327453,0.148307,0.068662,0.035478,-0.061964,-0.121738,0.233419,-0.964724,0.3063,-0.915681,-0.260205,-0.944118,-0.327173,0.039977,0.006931,0.004834,-0.004704,0.042346,-0.044057,0.037534,-0.875746
448,0.109561,0.021942,0.362837,-0.081069,0.202374,-0.97597,0.12141,-0.969849,-0.211244,-0.989197,-0.135877,0.055267,0.013605,0.008732,-0.010041,0.036028,-0.024305,0.050108,-1.912837,-0.135059,0.024891,0.294556,0.420033,-0.294897,0.858254,-0.627266,0.588973,0.509493,-0.656235,-0.75197,0.061311,0.041301,0.003329,-0.002017,0.310095,-0.600844,-0.308087,0.26052,0.051626,0.035712,-0.030513,-0.411347,0.281876,0.866797,0.654707,-0.570263,0.496142,0.634154,0.771585,0.05003,0.021357,-0.003796,0.002897,0.964555,-2.046965,1.602099,0.163493,0.068875,0.035634,-0.062121,-0.124179,0.234882,-0.964058,0.307199,-0.914743,-0.262437,-0.943508,-0.328747,0.041436,0.006807,0.004362,-0.005028,0.040979,-0.04719,0.036034,-0.878359
449,0.110051,0.022177,0.362504,-0.079331,0.206116,-0.97533,0.122658,-0.968913,-0.214791,-0.989186,-0.136936,0.052796,0.000732,0.010679,-0.008667,0.034839,-0.017104,0.01629,-1.912847,-0.133683,0.024822,0.294677,0.439933,-0.251197,0.862178,-0.637054,0.589248,0.496874,-0.633375,-0.767513,0.0981,0.041061,0.005489,0.000118,0.319878,-0.626743,-0.635489,0.260073,0.052314,0.035679,-0.030458,-0.430653,0.238063,0.870553,0.663705,-0.570102,0.484228,0.611581,0.786326,0.087512,0.013658,0.002024,0.000203,0.436343,-0.958599,-0.701221,0.167575,0.06912,0.035751,-0.062288,-0.122942,0.238808,-0.963252,0.30827,-0.913412,-0.265797,-0.943321,-0.32962,0.038679,0.00678,0.004275,-0.005088,0.035088,-0.032162,0.044807,-0.876889
450,0.110303,0.022292,0.362355,-0.0779,0.209335,-0.974759,0.123371,-0.968144,-0.217828,-0.989213,-0.137494,0.050804,0.013594,0.008763,-0.010016,0.035826,-0.031811,0.045846,-1.912038,-0.133124,0.024786,0.294766,0.453532,-0.219463,0.863792,-0.648855,0.582983,0.48893,-0.611421,-0.781929,0.120895,0.027272,0.004513,0.000931,0.040488,-1.261306,-0.797929,0.259366,0.052599,0.035661,-0.030414,-0.442775,0.207821,0.872215,0.674112,-0.564247,0.476651,0.591203,0.799021,0.10974,0.013527,0.002424,0.000882,-4.396601,-3.527441,-1.239907,0.167575,0.069245,0.035809,-0.062363,-0.12215,0.242233,-0.962497,0.308796,-0.912353,-0.268803,-0.943251,-0.33005,0.036643,0.006804,0.004395,-0.005007,0.034639,-0.030321,0.042709,-0.879339
451,0.110812,0.022456,0.362117,-0.081697,0.217736,-0.972606,0.130172,-0.965129,-0.227051,-0.988029,-0.145434,0.051714,0.012835,-0.002018,-0.001424,0.003046,0.07168,0.078831,-1.91255,-0.132326,0.024673,0.294946,0.477984,-0.154131,0.864735,-0.672531,0.568898,0.473277,-0.565468,-0.807569,0.167157,0.015176,-0.009381,0.007624,0.034914,-1.434669,-0.4649,0.252198,0.053013,0.03561,-0.030321,-0.465373,0.139875,0.873991,0.698015,-0.549161,0.459559,0.544243,0.823927,0.157931,0.006767,0.001331,0.00042,-0.81569,-2.377952,-0.355915,0.163003,0.069505,0.035895,-0.062485,-0.127742,0.24971,-0.959857,0.314723,-0.907563,-0.27799,-0.940548,-0.3376,0.037345,0.006423,-0.001012,-0.000722,0.007573,0.054644,0.062819,-0.880809
452,0.111262,0.022562,0.361972,-0.089241,0.222349,-0.970898,0.13035,-0.963748,-0.232748,-0.987344,-0.147612,0.058229,0.013946,0.010342,-0.008924,0.03864,0.095752,0.118686,-1.912586,-0.131912,0.024387,0.295161,0.50116,-0.086251,0.86104,-0.698104,0.547525,0.461304,-0.511834,-0.832157,0.21308,0.001551,-0.011695,0.007116,-4.424089,-3.488014,-1.387459,0.239787,0.053225,0.035468,-0.030213,-0.486275,0.072762,0.87077,0.720022,-0.531244,0.446482,0.495079,0.844087,0.205941,0.000778,-0.005843,0.003533,0.492912,-1.493584,0.182492,0.150756,0.06973,0.035945,-0.062559,-0.136195,0.252659,-0.957921,0.314545,-0.905871,-0.283651,-0.93942,-0.339941,0.043902,0.006996,0.005253,-0.004412,0.047313,0.064714,0.098857,-0.879175
453,0.111575,0.022633,0.361984,-0.102501,0.228489,-0.968159,0.12993,-0.961823,-0.240805,-0.986094,-0.150768,0.070103,0.01343,0.000529,0.00033,0.006071,0.230728,0.16975,-1.912175,-0.131929,0.02388,0.295483,0.520111,-0.022105,0.853807,-0.71664,0.532388,0.450471,-0.465145,-0.846122,0.259962,-0.012256,-0.012756,0.007891,0.430697,-1.018103,-0.630805,0.219535,0.053222,0.035214,-0.030054,-0.504297,0.006899,0.863502,0.740671,-0.510636,0.436642,0.443948,0.859768,0.252403,0.000718,-0.005354,0.004045,0.241573,-0.760439,-0.143442,0.128385,0.069881,0.035981,-0.062553,-0.150156,0.255891,-0.954972,0.313672,-0.903689,-0.29147,-0.937583,-0.343315,0.055428,0.000385,0.001626,0.001117,0.007912,0.289019,0.164672,-0.879665
454,0.111661,0.022708,0.362024,-0.107738,0.231062,-0.966979,0.12971,-0.96101,-0.244143,-0.985558,-0.152025,0.074768,0.001097,0.004633,0.003196,0.003113,0.113934,0.09827,-1.912643,-0.132067,0.023577,0.295698,0.528499,0.004856,0.848915,-0.723762,0.525027,0.447716,-0.444171,-0.851018,0.279899,-0.012457,-0.011226,0.009449,0.349898,-0.847424,-0.456881,0.214728,0.053149,0.035055,-0.029946,-0.511853,-0.021802,0.858796,0.747728,-0.503511,0.432872,0.422976,0.863713,0.274026,-0.006236,-0.005575,0.004749,0.402955,-0.906955,-0.517967,0.117281,0.069929,0.036017,-0.062535,-0.156378,0.257427,-0.95356,0.313307,-0.902649,-0.295063,-0.936687,-0.344898,0.0605,0.000568,0.002394,0.001649,0.019595,0.05046,0.057724,-0.881135
455,0.111657,0.022945,0.362187,-0.118415,0.235621,-0.964628,0.129201,-0.959498,-0.250283,-0.984386,-0.154569,0.084375,0.001584,0.006693,0.004607,0.002152,0.068609,0.072379,-1.912606,-0.132469,0.02298,0.296254,0.542509,0.0533,0.838353,-0.734885,0.513405,0.44305,-0.40746,-0.8565,0.316617,-0.01285,-0.008176,0.012544,0.38553,-1.085539,-0.138676,0.210291,0.052952,0.034758,-0.029676,-0.524431,-0.069207,0.848635,0.758383,-0.491067,0.428611,0.387074,0.868368,0.310016,-0.005631,-0.01014,0.00963,0.062644,-0.529056,0.02604,0.105688,0.069931,0.036129,-0.062457,-0.167584,0.259646,-0.951051,0.312564,-0.900931,-0.30104,-0.934996,-0.347714,0.069826,0.000895,0.003791,0.002609,0.015237,0.050353,0.058508,-0.886197
456,0.111648,0.023286,0.362422,-0.122195,0.238931,-0.963341,0.123207,-0.959406,-0.253638,-0.984688,-0.149989,0.088994,0.002171,0.009168,0.006291,0.000987,0.009561,0.038647,-1.913301,-0.133035,0.022428,0.297003,0.554874,0.092758,0.826742,-0.739706,0.509583,0.439425,-0.381211,-0.855471,0.350302,-0.025474,-0.018227,0.023165,0.280773,-0.814089,-0.242326,0.209895,0.05268,0.034486,-0.029312,-0.535694,-0.108831,0.837369,0.763022,-0.487164,0.424816,0.361703,0.866502,0.344011,-0.005923,-0.007881,0.011922,-0.024065,-0.560373,-0.000212,0.101932,0.069921,0.036299,-0.062341,-0.171766,0.261999,-0.949658,0.306757,-0.901835,-0.304289,-0.936159,-0.343582,0.074534,0.001097,0.004638,0.003187,0.009877,-0.019931,0.018869,-0.883094
457,0.111638,0.023458,0.36254,-0.122102,0.239132,-0.963303,0.123187,-0.95936,-0.253822,-0.984702,-0.149964,0.08888,0.001921,0.008111,0.005556,0.000547,-0.013891,0.02525,-1.914818,-0.13336,0.022196,0.297385,0.562781,0.114644,0.818612,-0.742214,0.505803,0.439563,-0.364351,-0.85509,0.368691,-0.02702,-0.006344,0.016183,0.239471,-0.780539,-0.094361,0.210374,0.052513,0.034367,-0.02911,-0.54314,-0.132539,0.829114,0.765501,-0.48387,0.424118,0.344972,0.865044,0.364268,-0.005913,-0.008005,0.011794,0.204406,-1.084113,-0.078706,0.102095,0.069919,0.036395,-0.062274,-0.171363,0.262177,-0.949682,0.306834,-0.901798,-0.304324,-0.936208,-0.343545,0.07409,0.000956,0.004047,0.002774,0.001068,-0.022368,0.020156,-0.883421
458,0.111607,0.023744,0.362736,-0.122212,0.238836,-0.963363,0.123213,-0.959429,-0.253546,-0.984685,-0.14999,0.089024,0.001341,0.005662,0.003869,-0.003182,0.084394,-0.147624,-1.915738,-0.134155,0.021813,0.298261,0.579386,0.164529,0.798269,-0.74631,0.50054,0.438653,-0.328104,-0.850095,0.411764,-0.025823,-0.015265,0.026083,-3.956382,-3.73528,-2.342669,0.218786,0.052105,0.034173,-0.028666,-0.559486,-0.180704,0.808901,0.768187,-0.47952,0.424203,0.311229,0.858723,0.407099,-0.013073,-0.007417,0.013311,-4.010536,-3.690094,-2.285685,0.104708,0.069903,0.036538,-0.062176,-0.171291,0.261982,-0.949749,0.306835,-0.901868,-0.304113,-0.936221,-0.343509,0.074096,0.000662,0.002798,0.001913,-0.000525,-0.014812,0.025019,-0.884237
459,0.111578,0.02375,0.362824,-0.125624,0.245685,-0.961199,0.123404,-0.95743,-0.260905,-0.984227,-0.151705,0.091153,-0.000115,-0.000487,-0.000333,0.007241,0.373186,0.213114,-1.916619,-0.135077,0.021528,0.299163,0.595047,0.211802,0.775275,-0.749011,0.495616,0.439637,-0.291854,-0.842544,0.452552,-0.025932,-0.014146,0.027132,0.409936,-1.30587,0.189584,0.253779,0.051653,0.034038,-0.028224,-0.573309,-0.229211,0.786624,0.771904,-0.473023,0.424748,0.274735,0.850711,0.448118,-0.006927,0.000122,0.010453,0.421469,-1.75063,0.530125,0.137856,0.06989,0.03655,-0.062126,-0.174657,0.267661,-0.94755,0.306606,-0.899711,-0.310663,-0.935674,-0.344784,0.075074,-0.000122,-0.000505,-0.000345,-0.029315,0.519071,0.300002,-0.884238
460,0.111451,0.023461,0.362818,-0.129465,0.266397,-0.955153,0.124215,-0.951264,-0.282205,-0.983623,-0.155519,0.091252,-0.001739,-0.007325,-0.00501,0.059351,0.134187,0.322416,-1.917381,-0.136111,0.021313,0.300059,0.602953,0.255719,0.755676,-0.755979,0.485427,0.439079,-0.255286,-0.836325,0.485028,-0.027457,-0.00173,0.020576,0.069033,-0.761038,0.350612,0.27753,0.051127,0.033926,-0.027764,-0.580037,-0.27605,0.766389,0.778879,-0.46346,0.422553,0.238546,0.842021,0.483834,-0.013736,-0.000882,0.01029,-0.016041,-0.671694,0.417039,0.177862,0.06983,0.036419,-0.062126,-0.183844,0.28625,-0.940351,0.305807,-0.892526,-0.331479,-0.934174,-0.348507,0.076549,-0.000781,-0.003503,-0.002402,0.618177,-0.961336,2.503959,-0.881951
461,0.111418,0.023133,0.36281,-0.134987,0.275763,-0.951724,0.123842,-0.948236,-0.292374,-0.98292,-0.157681,0.095031,-0.003141,-0.020897,0.001662,-0.008128,0.269784,0.406951,-1.917792,-0.136669,0.021206,0.300476,0.606569,0.277011,0.745205,-0.758187,0.483272,0.437646,-0.23965,-0.830801,0.502196,-0.02581,-0.014864,0.026299,0.38093,-1.001799,0.114552,0.285176,0.050857,0.033881,-0.027563,-0.583602,-0.294855,0.756616,0.780637,-0.46032,0.422742,0.223638,0.837356,0.498818,-0.013676,-0.001311,0.009843,0.07273,-0.565132,0.522982,0.190599,0.069812,0.036252,-0.062132,-0.19067,0.29489,-0.936314,0.304852,-0.888866,-0.342026,-0.933118,-0.350652,0.079582,-0.00167,-0.010856,0.00055,0.021111,0.39552,0.463537,-0.879012
462,0.111254,0.022292,0.362808,-0.14762,0.283393,-0.947598,0.121454,-0.945598,-0.301771,-0.981386,-0.159997,0.106347,-0.00358,-0.022726,0.000378,-0.034088,0.187537,0.014295,-1.917325,-0.137879,0.021083,0.301183,0.613127,0.309125,0.726986,-0.761477,0.475888,0.44002,-0.210699,-0.823745,0.526226,-0.028568,0.007585,0.010886,0.167851,-0.409342,0.133331,0.299433,0.050253,0.033811,-0.027203,-0.589154,-0.328894,0.738055,0.784093,-0.453343,0.423884,0.195179,0.828437,0.524972,-0.01358,-0.001973,0.009147,0.150831,-0.541511,0.29023,0.21199,0.069729,0.035826,-0.062136,-0.205532,0.299892,-0.931569,0.301961,-0.886014,-0.351849,-0.9309,-0.353614,0.091548,-0.001667,-0.010833,0.000558,-0.01309,0.045201,0.189572,-0.876563
463,0.111023,0.021472,0.362893,-0.155228,0.280783,-0.947159,0.118925,-0.946445,-0.300117,-0.980512,-0.159584,0.1147,-0.003019,-0.020339,0.002003,-0.035383,0.034697,-0.039434,-1.917738,-0.139079,0.021057,0.301755,0.622541,0.320846,0.713787,-0.755591,0.483553,0.441805,-0.204171,-0.814762,0.542531,-0.026954,-0.005339,0.016809,0.046543,-0.281943,0.209397,0.317669,0.049642,0.033801,-0.026913,-0.598639,-0.340952,0.724832,0.778362,-0.461293,0.425863,0.189161,0.819121,0.541532,-0.01348,-0.002735,0.00836,0.008591,-0.242696,0.239535,0.234034,0.069612,0.035409,-0.062099,-0.2121,0.295657,-0.93145,0.299969,-0.887426,-0.349988,-0.93007,-0.353639,0.099535,-0.001505,-0.01014,0.001024,-0.029816,0.008619,-0.053175,-0.883584
464,0.110951,0.021126,0.362931,-0.157653,0.275347,-0.948354,0.117684,-0.948229,-0.29493,-0.980272,-0.158453,0.118266,-0.001856,-0.007776,-0.00538,0.003317,-0.083712,0.148003,-1.917172,-0.139655,0.021116,0.301995,0.625652,0.323909,0.709672,-0.753562,0.485844,0.442758,-0.202149,-0.812186,0.547131,-0.028345,0.006354,0.00956,0.025837,-0.119776,0.111762,0.327991,0.049365,0.033828,-0.026797,-0.601679,-0.343991,0.720868,0.776457,-0.463575,0.426863,0.18734,0.816558,0.546018,-0.014187,0.003235,0.004858,-0.006014,-0.087194,0.136752,0.246281,0.069581,0.035235,-0.062081,-0.213222,0.289743,-0.933051,0.299187,-0.889768,-0.344673,-0.930066,-0.352649,0.10303,-0.00121,-0.008905,0.001874,-0.033888,0.008732,-0.011963,-0.878686
465,0.110876,0.020669,0.363,-0.16264,0.263988,-0.950739,0.115663,-0.951773,-0.284117,-0.979692,-0.15651,0.125444,0.011244,-0.01653,0.004602,-0.033894,0.002254,0.013175,-1.917201,-0.140669,0.021297,0.302418,0.627393,0.32939,0.705599,-0.752635,0.488616,0.441281,-0.200188,-0.808316,0.553546,-0.028262,0.006112,0.009257,0.03608,-0.034644,-0.073975,0.347836,0.048858,0.033918,-0.026586,-0.603542,-0.349313,0.71674,0.775403,-0.466508,0.42558,0.185705,0.812618,0.552416,-0.007302,0.003857,0.004605,0.023246,-0.036091,-0.03444,0.270775,0.069532,0.035001,-0.06205,-0.215838,0.277825,-0.936069,0.29789,-0.894227,-0.334094,-0.929878,-0.350956,0.110247,-0.000841,-0.00735,0.002951,-0.034605,0.026125,-0.033743,-0.871991
466,0.110974,0.020241,0.363137,-0.164202,0.260797,-0.951351,0.114503,-0.952832,-0.281021,-0.979565,-0.155409,0.127777,0.01153,-0.01539,0.005393,-0.033897,0.002216,0.013173,-1.916337,-0.141248,0.021512,0.302835,0.625488,0.341986,0.701286,-0.754814,0.492413,0.433266,-0.197923,-0.80076,0.56522,-0.013107,-0.00464,0.015705,0.278948,-0.293088,-0.520533,0.373078,0.048563,0.034027,-0.026383,-0.60227,-0.359696,0.712663,0.776794,-0.469848,0.419324,0.184015,0.806139,0.562385,-0.007255,0.003546,0.004274,0.047823,-0.076134,-0.071093,0.298697,0.069581,0.03479,-0.061979,-0.21672,0.274512,-0.936843,0.296931,-0.895647,-0.33113,-0.92998,-0.34994,0.112593,-0.000696,-0.006749,0.003365,-0.036406,0.030368,-0.040801,-0.879992
467,0.111107,0.019663,0.363448,-0.165005,0.259685,-0.951516,0.113155,-0.953334,-0.279859,-0.979586,-0.154178,0.129103,0.011735,-0.0146,0.005947,-0.033907,0.002171,0.013148,-1.91577,-0.141335,0.021601,0.303334,0.622736,0.359152,0.695126,-0.757863,0.497385,0.42212,-0.194909,-0.790119,0.581021,0.000461,-0.002061,0.016548,0.177938,-0.27523,-0.21028,0.405515,0.048514,0.03407,-0.026132,-0.598255,-0.378831,0.706099,0.780398,-0.475431,0.406131,0.181847,0.794009,0.580069,0.000206,-0.000857,0.008449,0.212396,-0.423996,-0.07814,0.33805,0.069653,0.034496,-0.061821,-0.217284,0.273299,-0.937066,0.295652,-0.89648,-0.330017,-0.930256,-0.348753,0.113989,0.005869,-0.007268,0.002993,-0.034681,0.00191,0.013209,-0.881788
468,0.111199,0.019253,0.363683,-0.165533,0.259004,-0.95161,0.112155,-0.953666,-0.279129,-0.979611,-0.153263,0.129997,0.010785,-0.026354,0.013907,-0.069403,0.033074,-0.028429,-1.915946,-0.141168,0.021547,0.303695,0.619453,0.373259,0.690614,-0.760937,0.501414,0.411695,-0.193378,-0.780996,0.593728,0.015441,-0.011608,0.02421,0.515791,-0.747558,-0.573369,0.41583,0.048592,0.034046,-0.025956,-0.595556,-0.390416,0.702059,0.78269,-0.478769,0.397712,0.180851,0.786356,0.590708,0.00699,0.000326,0.008765,0.299118,-0.540247,-0.12777,0.356012,0.069696,0.034308,-0.06171,-0.217641,0.272581,-0.937193,0.294792,-0.897008,-0.329352,-0.930445,-0.347958,0.114871,0.005496,-0.012718,0.007266,-0.069461,0.018772,-0.003247,-0.879012
469,0.111402,0.018351,0.364169,-0.166433,0.258091,-0.951701,0.109941,-0.954237,-0.278061,-0.979709,-0.151239,0.131625,0.010668,-0.026981,0.013491,-0.068847,0.01885,-0.003367,-1.916181,-0.140627,0.021252,0.3046,0.616838,0.39667,0.67982,-0.764132,0.508522,0.39679,-0.18907,-0.764714,0.615896,0.015255,-0.009751,0.025969,0.24586,-0.514142,-0.094666,0.434291,0.048869,0.033893,-0.025495,-0.59141,-0.416465,0.690499,0.786598,-0.486417,0.380342,0.177472,0.768084,0.615263,0.007612,-0.004838,0.013016,0.198189,-0.47368,-0.066787,0.385241,0.069801,0.033844,-0.061458,-0.218366,0.271479,-0.937344,0.292652,-0.898098,-0.32829,-0.930951,-0.346003,0.116665,0.005307,-0.013573,0.006683,-0.06929,0.018707,-0.003352,-0.876399
470,0.111531,0.017435,0.364633,-0.170111,0.257915,-0.951098,0.107595,-0.954483,-0.278133,-0.979333,-0.149976,0.135799,-0.002418,-0.025702,0.014425,-0.070474,0.047552,-0.058108,-1.91553,-0.139984,0.020717,0.305722,0.614191,0.4211,0.667409,-0.768617,0.510533,0.38538,-0.179209,-0.750198,0.636357,0.016635,-0.021206,0.033418,0.389034,-0.700456,-0.304297,0.451751,0.049184,0.033636,-0.024944,-0.588969,-0.438663,0.678741,0.790441,-0.487563,0.370789,0.168277,0.754888,0.633897,0.007562,-0.00439,0.013425,0.076701,-0.320299,0.0555,0.411205,0.069866,0.033396,-0.061232,-0.221965,0.270619,-0.936747,0.290428,-0.898756,-0.328461,-0.930796,-0.344965,0.120897,-0.001114,-0.012419,0.007511,-0.069138,0.028865,-0.035811,-0.875583
471,0.111575,0.01706,0.364832,-0.170582,0.257284,-0.951184,0.106717,-0.95478,-0.277451,-0.979346,-0.149164,0.136593,0.011542,-0.015723,0.005189,-0.033952,0.001979,0.013046,-1.915878,-0.139647,0.020372,0.306354,0.615319,0.427982,0.661971,-0.768377,0.51277,0.38288,-0.176333,-0.744765,0.643502,0.016641,-0.021222,0.033397,0.201603,-0.469509,-0.119822,0.461109,0.049347,0.033467,-0.024638,-0.58956,-0.446275,0.673243,0.790527,-0.489879,0.367538,0.165785,0.748903,0.641606,0.008297,-0.010585,0.016713,0.42756,-0.703046,-0.293452,0.423451,0.069882,0.033202,-0.06113,-0.222277,0.269848,-0.936896,0.28962,-0.899285,-0.327727,-0.930973,-0.344191,0.121737,-0.000757,-0.007045,0.003174,-0.035809,0.029878,-0.0421,-0.874114
472,0.11155,0.016472,0.365174,-0.17156,0.255725,-0.951429,0.105358,-0.955396,-0.275845,-0.979322,-0.147891,0.138147,-0.001228,-0.012945,0.007158,-0.034944,0.016656,-0.016528,-1.915604,-0.139036,0.019581,0.30757,0.61307,0.442959,0.654158,-0.77218,0.510591,0.378111,-0.167277,-0.737484,0.654216,0.016878,-0.023415,0.031308,0.076915,-0.219988,-0.173545,0.474336,0.049658,0.033074,-0.024015,-0.586899,-0.462063,0.664866,0.794281,-0.487861,0.362087,0.157055,0.740599,0.653334,0.008415,-0.011662,0.015688,0.134262,-0.380904,-0.046676,0.445006,0.069875,0.032907,-0.06096,-0.222919,0.268169,-0.937225,0.2884,-0.900238,-0.326182,-0.931198,-0.343009,0.12334,-0.00065,-0.006597,0.003492,-0.035858,0.030452,-0.041763,-0.878359
473,0.111472,0.016053,0.365428,-0.169808,0.253046,-0.952459,0.104631,-0.956353,-0.27279,-0.979707,-0.146301,0.137104,-0.000435,-0.00184,-0.001285,-0.000374,-0.014534,-0.007972,-1.915554,-0.138437,0.018719,0.308707,0.610314,0.454136,0.649052,-0.775066,0.511231,0.371281,-0.163957,-0.730217,0.663147,0.01704,-0.024788,0.030019,0.211156,-0.475537,-0.120554,0.48197,0.049951,0.032647,-0.023455,-0.584374,-0.471737,0.660281,0.796719,-0.488042,0.356445,0.154097,0.734356,0.661041,0.00851,-0.012487,0.014911,0.26713,-0.458349,-0.362934,0.459049,0.069836,0.032694,-0.060829,-0.2204,0.26587,-0.938475,0.287951,-0.901519,-0.323026,-0.931937,-0.34143,0.122137,-0.000595,-0.006368,0.003653,-0.043156,0.039987,-0.034107,-0.885707
474,0.111297,0.01584,0.365608,-0.171706,0.248841,-0.953227,0.103853,-0.957583,-0.268741,-0.979457,-0.145458,0.139765,-0.012976,0.002022,0.001434,-0.000989,0.014719,-0.029569,-1.915116,-0.137782,0.01807,0.309609,0.603611,0.468727,0.644934,-0.781606,0.507092,0.363158,-0.157564,-0.72387,0.671602,0.015707,-0.013897,0.021962,0.117329,-0.234119,-0.156212,0.485916,0.050291,0.032306,-0.022986,-0.576788,-0.487719,0.65532,0.803352,-0.484119,0.346776,0.148124,0.726469,0.671044,0.007844,-0.006996,0.010928,0.099127,-0.218086,-0.145555,0.46705,0.069752,0.032584,-0.060742,-0.221729,0.261463,-0.9394,0.287328,-0.903089,-0.319175,-0.931814,-0.340687,0.125115,9e-06,5e-05,3.5e-05,0.001351,-0.001949,0.005176,-0.887013
475,0.111193,0.015784,0.365655,-0.169193,0.247492,-0.954027,0.103896,-0.95806,-0.267019,-0.979893,-0.144613,0.137569,-0.013223,0.000986,0.00071,-0.001652,-0.008963,-0.042512,-1.915523,-0.137416,0.017809,0.309998,0.597814,0.480957,0.641319,-0.787035,0.503711,0.356067,-0.152525,-0.718198,0.678816,0.01585,-0.015183,0.020745,0.265917,-0.410193,-0.292196,0.487416,0.050468,0.032183,-0.022798,-0.571123,-0.498797,0.651935,0.808245,-0.480429,0.340479,0.143379,0.721379,0.677535,0.01477,-0.00702,0.010082,0.423143,-0.565187,-0.396283,0.469662,0.069701,0.03256,-0.060716,-0.218692,0.260649,-0.940338,0.287589,-0.903644,-0.317362,-0.932451,-0.339835,0.122659,-0.000517,-0.006044,0.003885,-0.043629,0.025316,-0.041222,-0.88881
476,0.111083,0.015664,0.365656,-0.172636,0.23944,-0.955464,0.102837,-0.960295,-0.259287,-0.979399,-0.143325,0.142346,-0.000583,-0.002458,-0.001717,-0.062789,0.116855,-0.210281,-1.915206,-0.136656,0.017404,0.310577,0.587542,0.502918,0.633923,-0.796522,0.497106,0.34405,-0.142823,-0.707701,0.691826,0.014787,-0.006949,0.010157,0.211484,-0.296495,-0.213747,0.487324,0.050853,0.031977,-0.022498,-0.559955,-0.521317,0.643955,0.817569,-0.47364,0.327483,0.13428,0.709854,0.69143,0.007396,-0.003602,0.004946,0.206221,-0.291723,-0.210683,0.472602,0.069642,0.032502,-0.060714,-0.220771,0.252397,-0.942101,0.28691,-0.90639,-0.310063,-0.93217,-0.338751,0.127689,-0.000367,-0.00156,-0.001087,-0.232354,0.431719,-0.774297,-0.888646
477,0.111043,0.015477,0.365562,-0.170111,0.238087,-0.956254,0.102982,-0.960739,-0.257579,-0.979829,-0.142598,0.140103,-0.001017,-0.004281,-0.002996,-1.9e-05,-0.000663,-0.000363,-1.915679,-0.135878,0.017016,0.310977,0.579819,0.518202,0.628704,-0.803809,0.489386,0.338122,-0.133179,-0.70205,0.699466,0.015021,-0.008924,0.00829,0.066207,-0.124473,-0.080667,0.483818,0.051237,0.031785,-0.022303,-0.551769,-0.536481,0.638543,0.824593,-0.465582,0.321369,0.124886,0.70386,0.699273,0.014346,-0.003655,0.004069,0.07929,-0.253096,0.109142,0.470152,0.069622,0.032409,-0.06076,-0.217983,0.251418,-0.943011,0.287148,-0.906956,-0.308181,-0.932753,-0.337963,0.125507,-0.000613,-0.002581,-0.001805,-0.00253,0.022036,-0.019897,-0.88734
478,0.111031,0.015376,0.365503,-0.170221,0.237841,-0.956296,0.102991,-0.9608,-0.257349,-0.979809,-0.142599,0.140241,-0.001009,-0.00425,-0.002977,-0.0,-8e-06,-5e-06,-1.915311,-0.135522,0.016832,0.311108,0.58,0.518169,0.628564,-0.803774,0.489039,0.338707,-0.132601,-0.702316,0.699309,0.01526,-0.01097,0.006359,-0.033249,-0.007666,0.009286,0.482031,0.051409,0.031701,-0.022237,-0.551946,-0.536403,0.638456,0.82458,-0.465113,0.322081,0.124189,0.70423,0.699025,0.007576,-0.005051,0.003577,-0.050544,0.010212,0.022012,0.468193,0.069616,0.032359,-0.060789,-0.218119,0.251195,-0.943039,0.287144,-0.907014,-0.308014,-0.932722,-0.337972,0.125708,-0.000518,-0.00218,-0.001527,-7.2e-05,0.001304,0.000792,-0.888157
479,0.110981,0.015199,0.365403,-0.170553,0.237066,-0.956429,0.103048,-0.960986,-0.256627,-0.979744,-0.142629,0.140659,-0.000779,-0.003279,-0.0023,-0.0,-0.0,-0.0,-1.915598,-0.134984,0.016612,0.311266,0.579101,0.51811,0.629441,-0.80447,0.487878,0.338729,-0.132306,-0.703167,0.698509,0.013699,0.001549,-0.000201,0.002045,-0.015206,0.029245,0.478471,0.05169,0.031577,-0.022158,-0.551156,-0.536094,0.639397,0.825161,-0.463916,0.32232,0.123833,0.705255,0.698054,0.006849,0.000752,-0.000133,0.003306,-0.014079,0.03123,0.464274,0.06959,0.032265,-0.060843,-0.218314,0.250359,-0.943217,0.287247,-0.907226,-0.307292,-0.932645,-0.338023,0.126145,-0.000463,-0.00195,-0.001368,0.000139,7.7e-05,-5e-06,-0.88783
480,0.110902,0.01509,0.365388,-0.170863,0.236371,-0.956546,0.103017,-0.961165,-0.25597,-0.979693,-0.142578,0.141067,-0.013081,0.001699,0.001205,-0.000984,0.014715,-0.029553,-1.915449,-0.134565,0.016512,0.311329,0.577641,0.518045,0.630835,-0.805478,0.48665,0.338099,-0.132558,-0.704066,0.697555,0.015252,-0.010665,0.006637,-0.0493,0.106252,-0.152932,0.474943,0.051893,0.031532,-0.022129,-0.549822,-0.535942,0.640672,0.826013,-0.462811,0.321726,0.124084,0.706096,0.697159,0.006904,0.000306,-0.000553,0.003136,-0.014628,0.030457,0.460355,0.069554,0.032206,-0.060854,-0.218481,0.249648,-0.943366,0.287255,-0.907435,-0.306666,-0.932603,-0.337988,0.126544,-1.5e-05,-6.4e-05,-4.5e-05,-0.004329,0.095536,-0.174443,-0.890279
481,0.110768,0.015016,0.365568,-0.171295,0.23554,-0.956674,0.102648,-0.961424,-0.255144,-0.979656,-0.142206,0.141699,-6e-06,-0.007769,0.010795,-0.0343,0.002817,0.008741,-1.915389,-0.134309,0.016471,0.311343,0.570596,0.524791,0.631669,-0.811764,0.476394,0.337672,-0.124421,-0.706091,0.697007,2.8e-05,-0.000242,-0.000229,-0.314184,-0.167954,-0.346682,0.473007,0.052027,0.031506,-0.022121,-0.542772,-0.542159,0.641452,0.831788,-0.452749,0.321162,0.116296,0.707871,0.696701,1.2e-05,-0.000127,-0.00013,-1.056466,-0.567963,-1.167106,0.457906,0.069482,0.032171,-0.060769,-0.218744,0.248727,-0.943549,0.28698,-0.907803,-0.305835,-0.932627,-0.337679,0.127197,-0.006563,-0.003113,0.005947,-0.040294,0.12682,-0.22057,-0.891259
482,0.110702,0.014932,0.365729,-0.171494,0.235271,-0.956704,0.102226,-0.961549,-0.254842,-0.979665,-0.141804,0.142039,-5.7e-05,-0.007981,0.010647,-0.034947,0.016636,-0.016541,-1.91554,-0.134202,0.016448,0.311335,0.570496,0.524768,0.631779,-0.811833,0.476291,0.33765,-0.124426,-0.706177,0.696918,0.013826,0.000525,-0.001178,0.002045,-0.015205,0.029245,0.472315,0.052075,0.031495,-0.022123,-0.542372,-0.542418,0.641572,0.832099,-0.452207,0.321122,0.115941,0.708019,0.69661,8.8e-05,-0.000752,-0.000714,0.000748,0.000483,0.000806,0.456926,0.06945,0.032132,-0.060686,-0.218883,0.248447,-0.94359,0.286589,-0.908019,-0.30556,-0.932714,-0.337305,0.127548,-0.006107,0.002683,0.001888,-0.000291,0.000927,-0.004294,-0.891586
483,0.110662,0.014557,0.366172,-0.170837,0.237521,-0.956266,0.101094,-0.961136,-0.256847,-0.979898,-0.140854,0.141375,-0.000165,-0.008433,0.010336,0.656048,-1.278324,2.323795,-1.915206,-0.134083,0.01641,0.311327,0.562915,0.533536,0.631234,-0.818287,0.466734,0.335409,-0.11636,-0.705999,0.69849,2.6e-05,-0.000219,-0.000207,0.014991,-0.017835,-0.013663,0.470248,0.05214,0.031474,-0.02213,-0.534495,-0.551145,0.640744,0.83824,-0.442583,0.318547,0.108017,0.70736,0.698551,1.2e-05,-0.000104,-0.0001,-0.020791,0.11292,-0.166171,0.453987,0.069431,0.031944,-0.060458,-0.218859,0.249916,-0.943208,0.285326,-0.908,-0.306793,-0.933106,-0.336267,0.127416,-2.1e-05,-0.004144,0.005214,0.659194,-1.274262,2.323332,-0.892239
484,0.110596,0.014014,0.366804,-0.167954,0.242928,-0.955418,0.094001,-0.960772,-0.26087,-0.981105,-0.133934,0.139718,-0.000617,-0.018075,0.019842,-0.069419,0.032194,-0.03145,-1.914867,-0.134053,0.01634,0.311354,0.561396,0.535612,0.630829,-0.819292,0.466615,0.333113,-0.116626,-0.704506,0.699952,1e-06,-5e-06,-5e-06,0.054965,-0.065495,-0.050141,0.469278,0.052154,0.031443,-0.022119,-0.533058,-0.552962,0.640375,0.839106,-0.442479,0.316405,0.108392,0.706006,0.699861,-2e-06,2.2e-05,2e-05,0.076585,-0.091427,-0.070019,0.451864,0.069398,0.031686,-0.060158,-0.216859,0.256683,-0.941852,0.278406,-0.908481,-0.311691,-0.93566,-0.329811,0.12555,-9e-06,-0.003874,0.005415,-0.03127,0.009711,-0.004448,-0.890606
485,0.110547,0.013778,0.367151,-0.1642,0.247326,-0.954942,0.081879,-0.961273,-0.263101,-0.98283,-0.121706,0.138777,0.000556,-0.005414,0.012459,-0.509116,-0.128287,0.078301,-1.914247,-0.134058,0.016293,0.311394,0.561318,0.535627,0.630886,-0.819361,0.466451,0.333172,-0.116514,-0.704603,0.699872,0.0014,-0.010866,0.008118,-0.035593,0.007745,-0.019769,0.468328,0.052153,0.031415,-0.022097,-0.532897,-0.553059,0.640426,0.839234,-0.442211,0.31644,0.108193,0.706098,0.699799,0.000692,-0.005375,0.004115,-0.045239,0.016888,-0.013764,0.451047,0.069372,0.031554,-0.059976,-0.214169,0.261549,-0.941128,0.267002,-0.911116,-0.313969,-0.939596,-0.318525,0.125299,-0.000144,-0.008264,0.010441,-1.674167,-0.398197,0.196092,-0.890606
486,0.11045,0.013362,0.367957,-0.164738,0.24716,-0.954892,0.079601,-0.96158,-0.26268,-0.982927,-0.119599,0.139921,-0.01238,-0.010785,0.02497,-0.070246,0.034103,-0.03739,-1.913619,-0.134075,0.01618,0.311485,0.560119,0.537735,0.630157,-0.820183,0.466409,0.331203,-0.116502,-0.703025,0.70146,-6.7e-05,0.000571,0.000539,0.002129,-0.00254,-0.001942,0.466897,0.052144,0.03136,-0.022051,-0.531638,-0.555164,0.63965,0.84002,-0.442169,0.314408,0.108286,0.704471,0.701423,-4.5e-05,0.000374,0.000354,-0.01214,0.010384,0.006221,0.449414,0.069324,0.031343,-0.059569,-0.214569,0.261316,-0.941101,0.264317,-0.912055,-0.313514,-0.940263,-0.31602,0.126629,-0.006166,-0.005251,0.012586,-0.069925,0.034273,-0.037613,-0.892892
487,0.110404,0.013122,0.368787,-0.168001,0.247819,-0.954152,0.077414,-0.961553,-0.263428,-0.982545,-0.118437,0.143544,0.001843,-2.6e-05,0.0162,-0.034245,0.003982,0.009361,-1.914247,-0.134032,0.016012,0.311627,0.557931,0.541915,0.628516,-0.821664,0.466562,0.327294,-0.116564,-0.699709,0.704758,0.001416,-0.010999,0.007997,0.165491,-0.232397,-0.203142,0.463707,0.052165,0.03128,-0.021982,-0.529953,-0.558165,0.638436,0.841072,-0.442168,0.311582,0.108382,0.702095,0.703785,-4.2e-05,0.000328,0.000309,0.360756,-0.393957,-0.284658,0.446802,0.069301,0.031224,-0.059153,-0.21801,0.261302,-0.940314,0.26216,-0.912398,-0.314325,-0.940076,-0.315039,0.130409,0.000938,0.000112,0.008186,-0.031655,-0.006333,0.002879,-0.889953
488,0.110414,0.013082,0.369197,-0.168259,0.247661,-0.954148,0.076516,-0.961696,-0.263169,-0.982571,-0.117604,0.14405,0.002295,0.00187,0.017501,-0.034281,0.002919,0.008794,-1.91396,-0.134009,0.015911,0.311723,0.557824,0.541942,0.628588,-0.821777,0.466232,0.327482,-0.116279,-0.699909,0.704606,0.001373,-0.010633,0.008344,-0.034026,0.005848,-0.021212,0.462428,0.052177,0.031229,-0.021935,-0.529252,-0.559319,0.638007,0.841531,-0.441974,0.310619,0.108247,0.701299,0.7046,0.000658,-0.005093,0.004384,-0.05053,0.020578,-0.012142,0.445006,0.069305,0.031203,-0.058948,-0.218141,0.261075,-0.940347,0.26134,-0.912734,-0.314034,-0.940273,-0.314255,0.130875,0.001177,0.001113,0.008875,-0.033898,0.001447,0.00785,-0.890443
489,0.110387,0.01313,0.370057,-0.168691,0.247474,-0.95412,0.074804,-0.961937,-0.262782,-0.982629,-0.116016,0.144944,0.002863,0.004258,0.019108,-0.034278,0.002922,0.008795,-1.913857,-0.133923,0.015738,0.311993,0.555889,0.546125,0.626678,-0.82312,0.466352,0.323918,-0.116038,-0.696572,0.707945,-0.000369,0.003146,0.002969,0.105783,-0.126443,-0.096299,0.459626,0.052221,0.031135,-0.021799,-0.527425,-0.563089,0.636201,0.842687,-0.442051,0.307356,0.108165,0.698227,0.707657,0.000509,-0.003841,0.005563,0.116229,-0.180259,-0.123564,0.44174,0.069292,0.031228,-0.058518,-0.218514,0.260804,-0.940336,0.259715,-0.913324,-0.313664,-0.940637,-0.31276,0.13184,0.001459,0.002295,0.00967,-0.034264,0.002908,0.00875,-0.891912
490,0.110378,0.01331,0.370883,-0.16907,0.247289,-0.954101,0.073347,-0.962145,-0.262427,-0.982673,-0.114664,0.145718,0.003076,0.005159,0.019671,-0.034274,0.002939,0.008804,-1.914277,-0.133759,0.015614,0.312451,0.552303,0.554402,0.622568,-0.825538,0.467117,0.316578,-0.115982,-0.689489,0.714854,0.000555,-0.003668,0.014906,0.282469,-0.385991,-0.282886,0.456759,0.052303,0.031072,-0.021579,-0.524254,-0.570128,0.632543,0.844648,-0.442602,0.301119,0.108289,0.692139,0.713593,0.007101,-0.00084,0.007548,0.294626,-0.427487,-0.280099,0.437331,0.069287,0.031318,-0.058111,-0.218846,0.260543,-0.940331,0.258354,-0.913826,-0.313327,-0.940935,-0.311509,0.132675,0.001678,0.00322,0.010277,-0.033536,-0.010527,0.034265,-0.892239
491,0.110329,0.013677,0.37163,-0.167806,0.246065,-0.954641,0.060663,-0.96391,-0.259173,-0.983756,-0.101716,0.148009,0.00412,0.01726,0.011753,-0.215208,0.445444,-0.83057,-1.913752,-0.133421,0.015607,0.313133,0.541302,0.573101,0.615255,-0.833877,0.459275,0.306024,-0.107856,-0.67941,0.725694,0.013678,0.002759,0.01924,0.218613,-0.321573,-0.192763,0.456524,0.052467,0.031064,-0.021241,-0.512259,-0.589662,0.62441,0.852871,-0.434771,0.28911,0.100998,0.680641,0.725621,0.006756,0.001999,0.010198,0.2925,-0.417573,-0.227047,0.435698,0.069262,0.031497,-0.057734,-0.21715,0.260562,-0.940719,0.246244,-0.917925,-0.31109,-0.944568,-0.299199,0.135165,-0.004737,0.00427,0.010984,-0.736706,1.273228,-2.348784,-0.891912
492,0.110289,0.01396,0.371943,-0.168987,0.24826,-0.953864,0.054545,-0.963893,-0.26059,-0.98391,-0.096381,0.15053,0.003639,0.00752,0.021175,-0.029035,0.110835,0.098129,-1.913786,-0.133199,0.015679,0.313571,0.53533,0.584308,0.609915,-0.838207,0.455951,0.299085,-0.103993,-0.672071,0.733055,0.013226,0.006415,0.022627,0.221984,-0.351309,-0.185644,0.456977,0.052584,0.031099,-0.021017,-0.505873,-0.60107,0.618713,0.857073,-0.431352,0.281709,0.097556,0.672791,0.733371,0.006566,0.003524,0.011606,0.203384,-0.336064,-0.178208,0.435208,0.069242,0.031641,-0.057582,-0.218895,0.261516,-0.94005,0.240091,-0.919358,-0.311666,-0.945748,-0.29392,0.138456,0.002144,0.009008,0.006118,0.006314,0.128167,0.134356,-0.892892
493,0.110139,0.014752,0.372421,-0.1704,0.245686,-0.954278,0.036265,-0.966172,-0.255279,-0.984508,-0.07842,0.156912,-0.007854,0.030888,0.004859,0.036318,-0.004694,0.050649,-1.913879,-0.132638,0.015978,0.314654,0.527971,0.603196,0.597824,-0.843333,0.454883,0.286016,-0.100066,-0.655923,0.748073,0.012514,0.011904,0.027613,0.402917,-0.653374,-0.122335,0.471443,0.05286,0.031245,-0.020485,-0.498713,-0.618363,0.607381,0.861652,-0.429699,0.270024,0.094019,0.658015,0.747111,0.013077,0.006767,0.013729,-0.019652,-0.088609,0.047372,0.443046,0.069172,0.03203,-0.057336,-0.220188,0.258776,-0.940506,0.222578,-0.925405,-0.30673,-0.949723,-0.276875,0.146164,-0.004288,0.010106,0.006853,0.010911,-0.017301,0.021776,-0.893708
494,0.110043,0.015625,0.372805,-0.166288,0.246082,-0.954902,0.012915,-0.967708,-0.251686,-0.985799,-0.054498,0.158927,0.00419,0.017486,0.011707,0.001344,-0.026925,0.050975,-1.91351,-0.132031,0.016308,0.315904,0.524025,0.614019,0.590229,-0.846384,0.452205,0.281211,-0.094881,-0.647687,0.755885,0.012253,0.013517,0.028931,0.317331,-0.441553,-0.245593,0.494358,0.053163,0.031415,-0.019855,-0.494813,-0.628781,0.599827,0.864437,-0.426781,0.265714,0.088919,0.649993,0.754719,0.006773,0.001733,0.018906,-0.099794,-0.016857,0.078158,0.465744,0.06912,0.032473,-0.057146,-0.215904,0.259962,-0.941172,0.200101,-0.931667,-0.30324,-0.95569,-0.2538,0.149132,0.002043,0.008529,0.005723,0.002713,-0.028887,0.050866,-0.893708
495,0.110008,0.016022,0.372987,-0.164498,0.24761,-0.954817,0.007287,-0.967622,-0.252242,-0.986159,-0.048766,0.158555,-0.008923,0.018497,0.012419,0.000461,-0.012198,0.021397,-1.914178,-0.131723,0.016437,0.316568,0.524071,0.615942,0.588181,-0.846456,0.452471,0.280564,-0.093969,-0.645672,0.757721,0.027345,0.003758,0.036353,-0.016702,-0.114516,0.051926,0.506488,0.053311,0.031486,-0.019523,-0.493784,-0.63253,0.596725,0.865051,-0.427273,0.262911,0.088666,0.64602,0.758152,0.006116,0.006572,0.014245,-0.018828,-0.062196,0.034207,0.480276,0.069107,0.032673,-0.057054,-0.214425,0.261837,-0.94099,0.194558,-0.932642,-0.303849,-0.957166,-0.248231,0.149039,0.001876,0.007824,0.00523,0.002502,-0.027142,0.050432,-0.896974
