frame,MLTx,MLTy,MLTz,MLTR1,MLTR2,MLTR3,MLTR4,MLTR5,MLTR6,MLTR7,MLTR8,MLTR9,MLTTVx,MLTTVy,MLTTVz,MLTRVx,MLTRVy,MLTRVz,MLGA,MRTx,MRTy,MRTz,MRTR1,MRTR2,MRTR3,MRTR4,MRTR5,MRTR6,MRTR7,MRTR8,MRTR9,MRTTVx,MRTTVy,MRTTVz,MRTRVx,MRTRVy,MRTRVz,MRGA,SLTx,SLTy,SLTz,SLTR1,SLTR2,SLTR3,SLTR4,SLTR5,SLTR6,SLTR7,SLTR8,SLTR9,SLTTVx,SLTTVy,SLTTVz,SLTRVx,SLTRVy,SLTRVz,SLGA,SRTx,SRTy,SRTz,SRTR1,SRTR2,SRTR3,SRTR4,SRTR5,SRTR6,SRTR7,SRTR8,SRTR9,SRTTVx,SRTTVy,SRTTVz,SRTRVx,SRTRVy,SRTRVz,SRGA
66,0.22471,-0.051629,0.321014,-0.426997,0.646318,-0.632449,-0.872091,-0.479194,0.099004,-0.238553,0.593023,0.769053,0.0,-0.0,-0.0,0.0,0.0,0.0,0.096148,-0.249454,-0.029525,0.314527,-0.295051,-0.717332,0.631166,0.945615,-0.313684,0.08572,0.136849,0.623026,0.770048,0.002348,0.008977,0.010312,0.00157,-0.014492,0.024858,0.308526,-0.0031,0.042364,-0.003897,0.314185,0.723687,0.614462,-0.921089,0.389145,0.012651,-0.22996,-0.569949,0.788844,0.001163,0.004487,0.005157,0.000789,-0.012908,0.025972,0.228319,0.113749,0.028085,-0.047093,0.421317,-0.687657,-0.591285,0.872932,0.484286,0.058783,0.245929,-0.540919,0.804316,-0.0,2e-06,2e-06,-5e-06,-8e-06,-7e-06,-0.09832
67,0.22471,-0.051629,0.321014,-0.426997,0.646318,-0.632449,-0.872091,-0.479194,0.099004,-0.238553,0.593023,0.769053,0.0,-0.0,-0.0,0.0,0.0,0.0,0.096316,-0.249548,-0.02946,0.314823,-0.295348,-0.719816,0.628193,0.945797,-0.313008,0.086193,0.134939,0.620497,0.772424,-0.012883,0.009704,0.011113,0.004574,-0.008512,-0.010078,0.308278,-0.003142,0.042394,-0.003752,0.314822,0.726155,0.611216,-0.92135,0.388514,0.01299,-0.228034,-0.567234,0.791356,0.000964,-0.001488,0.0088,-0.05274,0.11632,-0.158496,0.228972,0.113749,0.028085,-0.047093,0.421317,-0.687657,-0.591285,0.872932,0.484286,0.058783,0.245929,-0.540919,0.804316,-0.0,2e-06,2e-06,-5e-06,-8e-06,-7e-06,-0.098157
68,0.224711,-0.051636,0.321021,-0.427012,0.646314,-0.632443,-0.872091,-0.479188,0.099035,-0.238528,0.593032,0.769054,0.0,-0.0,-0.0,0.0,0.0,0.0,0.095729,-0.249792,-0.029471,0.315267,-0.294655,-0.719718,0.62863,0.9461,-0.312032,0.086398,0.134323,0.621102,0.772045,-0.013964,0.005547,0.006332,-0.000476,0.000752,-0.004364,0.302342,-0.003263,0.042394,-0.003525,0.314139,0.725954,0.611806,-0.921738,0.387581,0.013383,-0.227409,-0.568129,0.790893,-0.007192,-0.003198,0.006825,-0.038019,0.03146,-0.044345,0.225053,0.113749,0.028081,-0.04709,0.421332,-0.687652,-0.59128,0.872932,0.484283,0.058814,0.245903,-0.540928,0.804317,-0.0,1e-06,1e-06,-5e-06,1.9e-05,-9e-06,-0.098157
69,0.224699,-0.051632,0.321028,-0.427015,0.646313,-0.632442,-0.87209,-0.47919,0.099037,-0.238527,0.593031,0.769055,-1.5e-05,0.000161,0.000191,0.0,0.0,0.0,0.095954,-0.250087,-0.029699,0.315698,-0.294634,-0.722101,0.6259,0.94647,-0.310648,0.087326,0.131728,0.619026,0.774157,-0.014179,0.004727,0.005384,0.00943,-0.100387,0.168331,0.296772,-0.003411,0.042276,-0.003313,0.31436,0.728254,0.608952,-0.922312,0.386181,0.014286,-0.224762,-0.566135,0.793077,0.000193,-0.004437,0.005417,-0.039367,0.02232,-0.01213,0.220481,0.113743,0.028083,-0.047087,0.421335,-0.687652,-0.591279,0.87293,0.484284,0.058816,0.245902,-0.540927,0.804318,-1e-05,0.000101,0.000123,7e-06,1.4e-05,-1e-06,-0.097993
70,0.224709,-0.051617,0.321028,-0.426958,0.646325,-0.632468,-0.872108,-0.479169,0.098979,-0.238563,0.593035,0.769041,-0.0,4e-06,5e-06,0.0,0.0,0.0,0.095418,-0.250291,-0.029971,0.316236,-0.296459,-0.723889,0.622967,0.945418,-0.314599,0.084527,0.135151,0.614926,0.776829,0.000969,-0.006711,0.013286,-0.029748,0.004376,-0.022506,0.270257,-0.003519,0.042139,-0.003045,0.316532,0.729893,0.605856,-0.920749,0.389993,0.011212,-0.228097,-0.561391,0.795494,0.000497,-0.003273,0.006741,-0.049034,0.034634,-0.007883,0.200396,0.113748,0.028091,-0.047086,0.421278,-0.687665,-0.591303,0.872948,0.48426,0.05876,0.245938,-0.540932,0.804304,2e-06,-7e-06,-8e-06,1.3e-05,1.7e-05,4e-06,-0.09832
71,0.224698,-0.051626,0.321034,-0.426995,0.646317,-0.632452,-0.872098,-0.479178,0.099024,-0.238532,0.593037,0.769049,-0.0,0.0,0.0,0.0,0.0,0.0,0.095064,-0.250312,-0.03006,0.316512,-0.29451,-0.727511,0.619663,0.945967,-0.313776,0.081392,0.135574,0.611059,0.779801,0.001269,0.004813,0.005486,0.191027,-0.352366,-0.215492,0.254268,-0.00353,0.042095,-0.002915,0.315713,0.731958,0.603789,-0.921039,0.389351,0.009597,-0.228061,-0.559144,0.797085,0.000632,-0.002751,0.007329,0.209099,-0.453822,-0.27317,0.181944,0.113742,0.028086,-0.047083,0.421316,-0.687656,-0.591288,0.872938,0.484272,0.058804,0.245907,-0.540933,0.804312,2e-06,-6e-06,-8e-06,1.6e-05,5e-06,9e-06,-0.098483
72,0.224673,-0.051617,0.321048,-0.427001,0.646316,-0.632449,-0.872095,-0.479181,0.099028,-0.23853,0.593035,0.769051,-0.000859,0.010792,-0.008614,0.035637,-0.007435,0.021118,0.09527,-0.250271,-0.029926,0.316884,-0.297504,-0.730629,0.614543,0.945624,-0.313921,0.084748,0.131354,0.607251,0.783489,0.001748,0.006639,0.007546,-0.111659,-0.226666,0.12045,0.219139,-0.00351,0.042158,-0.002725,0.318481,0.736038,0.597342,-0.921027,0.389333,0.011328,-0.224227,-0.553776,0.801906,0.000854,0.003268,0.003715,-0.508626,-0.635349,0.467941,0.136876,0.113731,0.028086,-0.047074,0.421336,-0.68765,-0.59128,0.872936,0.484272,0.058839,0.24588,-0.540941,0.804316,-2.1e-05,0.000233,0.000276,7e-06,-8e-06,4e-06,-0.098647
73,0.224685,-0.051608,0.321041,-0.426964,0.646324,-0.632465,-0.872105,-0.479173,0.098983,-0.238561,0.593033,0.769043,-0.0,0.0,0.0,0.0,0.0,0.0,0.09462,-0.250177,-0.029637,0.31718,-0.303435,-0.7326,0.609275,0.944625,-0.314877,0.092024,0.124793,0.604374,0.786779,0.001522,0.005793,0.006564,-4e-06,-2e-05,2e-06,0.2112,-0.003463,0.042304,-0.002575,0.32504,0.73715,0.592416,-0.920378,0.390565,0.018998,-0.217373,-0.551423,0.805406,0.00087,0.003329,0.003772,0.006312,-0.00736,0.021816,0.10928,0.113736,0.028095,-0.04708,0.421284,-0.687664,-0.591301,0.872945,0.484265,0.058763,0.245937,-0.54093,0.804306,2e-06,-7e-06,-7e-06,1.9e-05,1.1e-05,1.4e-05,-0.098973
74,0.224685,-0.05161,0.321054,-0.42696,0.646324,-0.632469,-0.872113,-0.479155,0.099001,-0.238541,0.593048,0.769038,-9.3e-05,0.00096,0.001143,0.0,0.0,0.0,0.094097,-0.250183,-0.029546,0.317314,-0.307046,-0.733887,0.605908,0.944032,-0.315235,0.096763,0.120358,0.602623,0.788811,0.001307,0.004974,0.005629,0.001573,-0.014373,0.024941,0.209036,-0.003465,0.042354,-0.002504,0.328942,0.737971,0.589231,-0.92003,0.391126,0.023753,-0.212935,-0.549924,0.807614,-0.006902,0.003046,0.003444,0.003595,0.021046,-0.033105,0.104218,0.113736,0.028092,-0.047076,0.42128,-0.687663,-0.591304,0.872953,0.484248,0.058782,0.245916,-0.540945,0.804302,-5.1e-05,0.000559,0.000664,0.000888,-0.01289,0.025762,-0.099136
75,0.224672,-0.05161,0.321088,-0.426955,0.646321,-0.632475,-0.872127,-0.479122,0.099038,-0.238498,0.593078,0.769028,-4.9e-05,0.000505,0.000601,0.0,0.0,0.0,0.094519,-0.25029,-0.02953,0.317551,-0.30879,-0.734495,0.604282,0.943781,-0.315176,0.099373,0.117836,0.601912,0.789733,0.000504,0.001918,0.002168,0.001584,-0.014354,0.024938,0.181797,-0.003517,0.042365,-0.002381,0.330805,0.738342,0.587723,-0.919926,0.391206,0.026325,-0.210485,-0.54937,0.808633,0.000196,0.000761,0.00086,0.00208,-0.013971,0.024845,0.075806,0.11373,0.028094,-0.047057,0.421275,-0.687662,-0.59131,0.872968,0.484217,0.058822,0.245873,-0.540975,0.804295,-3e-05,0.000317,0.000376,-8e-06,-9e-06,-3e-06,-0.099626
76,0.224658,-0.051584,0.321088,-0.426908,0.646333,-0.632494,-0.872135,-0.479123,0.098966,-0.238553,0.593064,0.769022,-0.000825,0.010437,-0.009037,0.035637,-0.007435,0.021118,0.09511,-0.250319,-0.029423,0.317407,-0.309992,-0.735169,0.602845,0.943602,-0.315183,0.101039,0.116098,0.601084,0.790621,-0.000166,0.009742,-0.009816,0.03467,-0.016862,0.016687,0.15796,-0.003532,0.042418,-0.002454,0.332178,0.738855,0.586301,-0.919838,0.391292,0.028043,-0.208696,-0.548618,0.809607,-0.000117,0.004737,-0.00506,0.039124,-0.012413,0.013497,0.050332,0.113723,0.028108,-0.047056,0.421228,-0.687674,-0.591329,0.872975,0.484213,0.05875,0.245929,-0.540962,0.804287,-0.00041,0.005197,-0.004543,0.035652,-0.007425,0.021127,-0.0993
77,0.224671,-0.051594,0.321074,-0.426924,0.64633,-0.632486,-0.872128,-0.479133,0.098977,-0.238549,0.593059,0.769027,9.4e-05,-0.00098,-0.001166,0.0,0.0,0.0,0.094562,-0.25033,-0.029025,0.316966,-0.319828,-0.736699,0.595798,0.941508,-0.317269,0.113299,0.105945,0.598105,0.794298,-0.000347,0.009051,-0.010597,0.027674,-0.004075,0.024534,0.137002,-0.003538,0.042608,-0.002669,0.342601,0.739086,0.579978,-0.918296,0.393803,0.040614,-0.198381,-0.546507,0.813618,-9.3e-05,0.004808,-0.004978,0.040366,-0.028955,0.019831,0.018164,0.113729,0.028104,-0.04706,0.421245,-0.68767,-0.591321,0.872967,0.484225,0.05876,0.245925,-0.540957,0.804291,5.6e-05,-0.000577,-0.000685,-0.000858,0.012936,-0.02573,-0.0993
78,0.224672,-0.051602,0.321081,-0.42694,0.646326,-0.632481,-0.872127,-0.479127,0.099008,-0.238523,0.593069,0.769028,1e-06,-1.4e-05,-1.7e-05,0.0,0.0,0.0,0.094139,-0.250364,-0.028853,0.316817,-0.325174,-0.738655,0.590458,0.940346,-0.3183,0.119868,0.099794,0.595135,0.797319,9.8e-05,0.010742,-0.008683,-1.550953,-1.763524,1.453894,0.125634,-0.003557,0.04269,-0.002749,0.346526,0.740074,0.576376,-0.917648,0.394872,0.044684,-0.194525,-0.544395,0.815961,-0.007481,0.000778,0.000877,0.018011,-0.08377,0.136029,0.003631,0.113729,0.028098,-0.04706,0.42126,-0.687666,-0.591315,0.872967,0.484221,0.058791,0.245899,-0.540966,0.804293,1e-06,-5e-06,-3e-06,0.0,1e-05,1.1e-05,-0.099463
79,0.224659,-0.051592,0.321095,-0.426923,0.646329,-0.632488,-0.872134,-0.479117,0.098997,-0.238528,0.593074,0.769022,-1.8e-05,0.00019,0.000226,0.0,0.0,0.0,0.094155,-0.250481,-0.028641,0.316713,-0.327661,-0.739371,0.588183,0.939673,-0.319425,0.12213,0.097976,0.59364,0.798658,0.000276,0.001047,0.001185,-0.0,0.0,0.0,0.095353,-0.003615,0.042803,-0.002808,0.35094,0.74092,0.572605,-0.9168,0.396318,0.049078,-0.190571,-0.542188,0.81836,-0.007198,0.007037,-0.00246,0.034871,0.000512,-0.014551,-0.032129,0.113723,0.028103,-0.047053,0.421243,-0.68767,-0.591323,0.872974,0.48421,0.058781,0.245903,-0.540971,0.804288,-1.1e-05,0.0001,0.000118,-1.3e-05,-1.5e-05,-2e-06,-0.099463
80,0.224646,-0.051582,0.321108,-0.426907,0.646331,-0.632496,-0.872141,-0.479107,0.098986,-0.238532,0.593079,0.769017,-6e-06,6.1e-05,7.3e-05,0.0,0.0,0.0,0.093903,-0.250674,-0.028574,0.316851,-0.326799,-0.739353,0.588686,0.939972,-0.318689,0.12175,0.097986,0.594059,0.798345,-0.014314,0.004033,0.004547,-0.000476,0.000778,-0.00435,0.051225,-0.003706,0.042835,-0.002741,0.350045,0.740992,0.57306,-0.917135,0.395589,0.048704,-0.190607,-0.542623,0.818064,0.000186,0.000703,0.000798,-2e-05,2.7e-05,-4.8e-05,-0.08177,0.113717,0.028109,-0.047046,0.421227,-0.687673,-0.591331,0.872981,0.484199,0.05877,0.245907,-0.540977,0.804283,-2e-06,2.5e-05,2.9e-05,2e-06,-2e-06,5e-06,-0.099463
81,0.224647,-0.051587,0.321101,-0.426926,0.646328,-0.632487,-0.872133,-0.479119,0.098999,-0.238527,0.593073,0.769023,1.3e-05,-0.000136,-0.000161,0.0,0.0,0.0,0.093716,-0.250711,-0.028609,0.316953,-0.326072,-0.739311,0.589141,0.940236,-0.317986,0.121548,0.09787,0.594488,0.79804,0.000456,0.001726,0.00195,-0.010832,0.09953,-0.171837,0.017603,-0.003729,0.04282,-0.002687,0.349421,0.74102,0.573405,-0.917397,0.394995,0.048584,-0.190491,-0.543017,0.817829,0.000281,0.001072,0.001212,-3.2e-05,-1e-06,-3e-05,-0.114428,0.113717,0.028106,-0.047049,0.421246,-0.687669,-0.591322,0.872973,0.484212,0.058782,0.245902,-0.54097,0.804289,8e-06,-9.4e-05,-0.000111,-8e-06,-1.3e-05,-1e-06,-0.099626
82,0.224636,-0.051596,0.321108,-0.426963,0.64632,-0.632471,-0.872124,-0.479127,0.099044,-0.238496,0.593075,0.769031,0.0,-0.0,-0.0,0.0,0.0,0.0,0.093732,-0.250781,-0.028639,0.317059,-0.327165,-0.739897,0.587798,0.940097,-0.31756,0.123714,0.09552,0.593986,0.798698,2.4e-05,9.1e-05,0.000103,-0.000104,-0.000115,9.4e-05,-0.067363,-0.003764,0.042808,-0.00263,0.350535,0.741471,0.57214,-0.917461,0.394572,0.050754,-0.188118,-0.542708,0.818583,-4e-06,-1.1e-05,-1.1e-05,0.003738,0.003824,-0.002843,-0.191501,0.113711,0.028101,-0.047047,0.421284,-0.687659,-0.591306,0.872964,0.484223,0.058827,0.245872,-0.540972,0.804297,1e-06,-1e-06,-0.0,-3e-06,4e-06,4e-06,-0.099953
83,0.224634,-0.051577,0.321115,-0.42691,0.646331,-0.632495,-0.87214,-0.479109,0.098988,-0.238531,0.593078,0.769018,-3e-05,0.000309,0.000368,0.0,0.0,0.0,0.094033,-0.250807,-0.028555,0.316966,-0.327728,-0.742353,0.584377,0.940054,-0.317605,0.12393,0.093997,0.590888,0.801173,-0.000399,-0.001508,-0.001703,0.02562,-0.047042,-0.028896,-0.245571,-0.003776,0.042849,-0.00267,0.351445,0.743821,0.56852,-0.917424,0.394657,0.050781,-0.186599,-0.539421,0.821099,-0.000296,-0.001121,-0.001267,0.022617,-0.03248,-0.058981,-0.320011,0.113711,0.02811,-0.047044,0.42123,-0.687672,-0.591329,0.87298,0.484201,0.058772,0.245906,-0.540976,0.804284,-2.3e-05,0.000234,0.00028,-5e-06,2e-06,0.0,-0.100116
84,0.224622,-0.05157,0.321108,-0.426916,0.646331,-0.63249,-0.872131,-0.479128,0.098972,-0.238551,0.593062,0.769024,-0.0,5e-06,5e-06,0.0,0.0,0.0,0.094099,-0.250816,-0.028571,0.316823,-0.329329,-0.742992,0.582663,0.939695,-0.317847,0.126017,0.091965,0.589955,0.802096,-0.00134,-0.005063,-0.005726,-0.001193,0.013741,-0.025318,-0.326068,-0.003779,0.04285,-0.002739,0.353199,0.744184,0.566956,-0.917175,0.394946,0.052971,-0.184497,-0.538707,0.822042,-0.000653,-0.002475,-0.0028,-0.005974,0.024209,-0.022534,-0.413739,0.113704,0.028114,-0.047046,0.421236,-0.687672,-0.591325,0.872971,0.484219,0.058755,0.245927,-0.54096,0.804289,1e-06,-6e-06,-8e-06,-7e-06,-6e-06,-4e-06,-0.099953
85,0.224611,-0.051585,0.321108,-0.426973,0.646319,-0.632465,-0.872113,-0.479149,0.09903,-0.238516,0.593058,0.769038,0.0,-1e-06,-1e-06,0.0,0.0,0.0,0.094046,-0.251055,-0.028679,0.316498,-0.333666,-0.743471,0.579577,0.937963,-0.322973,0.125886,0.093998,0.586554,0.804352,-0.016676,-0.004827,-0.005498,-0.000981,0.024808,-0.057108,-0.382792,-0.003894,0.042792,-0.002906,0.357727,0.744238,0.564039,-0.91503,0.399937,0.052626,-0.186414,-0.534939,0.824068,-0.00087,-0.003293,-0.003731,-0.011686,0.029021,-0.020482,-0.530982,0.113699,0.028107,-0.047047,0.421293,-0.687659,-0.5913,0.872954,0.484244,0.058812,0.245891,-0.540955,0.804303,1e-06,1e-06,2e-06,4e-06,1e-05,5e-06,-0.099953
86,0.224587,-0.051575,0.321121,-0.426978,0.646318,-0.632462,-0.872111,-0.479152,0.099034,-0.238514,0.593057,0.76904,-2.2e-05,0.000231,0.000275,0.0,0.0,0.0,0.094348,-0.251269,-0.028485,0.316014,-0.336687,-0.74342,0.577893,0.936379,-0.328648,0.12296,0.098919,0.583455,0.806014,-0.000994,0.006604,-0.013384,1.00807,0.173722,1.30923,-0.422521,-0.004008,0.042879,-0.003152,0.359511,0.744619,0.5624,-0.913558,0.40368,0.049513,-0.190162,-0.531586,0.825381,-0.000382,0.003532,-0.006307,3.232589,0.662954,4.458173,-0.573764,0.113687,0.028111,-0.04704,0.421299,-0.687658,-0.591298,0.872952,0.484247,0.058815,0.24589,-0.540954,0.804305,-1.3e-05,0.000142,0.00017,1.2e-05,1.1e-05,8e-06,-0.09979
87,0.224585,-0.051562,0.321121,-0.426944,0.646326,-0.632477,-0.87212,-0.479146,0.09899,-0.238545,0.593053,0.769033,-0.0,2e-06,2e-06,0.0,0.0,0.0,0.09339,-0.251479,-0.02792,0.315402,-0.335185,-0.745454,0.576143,0.936676,-0.32918,0.119218,0.101188,0.58055,0.807828,-0.000642,0.018249,-0.021039,0.070232,-0.017419,0.005997,-0.456351,-0.004113,0.043152,-0.003445,0.35965,0.745837,0.560693,-0.912875,0.405642,0.045966,-0.193158,-0.528375,0.826746,-0.007738,0.010135,-0.009385,0.062585,0.006019,-0.019537,-0.61524,0.113686,0.028118,-0.04704,0.421131,-0.687695,-0.591374,0.873015,0.484148,0.05869,0.245952,-0.540995,0.804258,-0.0,-1e-05,-1e-05,6e-06,1e-06,-1e-06,-0.099953
88,0.224587,-0.051575,0.321121,-0.426846,0.646342,-0.632526,-0.872167,-0.479069,0.098946,-0.238547,0.593098,0.768998,1.5e-05,-0.000161,-0.000191,0.0,0.0,0.0,0.088571,-0.251593,-0.027539,0.31499,-0.33502,-0.745617,0.576028,0.9366,-0.329843,0.117976,0.102438,0.579964,0.808091,-0.000679,0.028427,-0.030357,0.105814,-0.032918,0.021712,-0.465324,-0.004169,0.043348,-0.003654,0.359402,0.745971,0.560674,-0.91271,0.406157,0.044675,-0.194395,-0.527789,0.826829,-0.007819,0.009811,-0.009753,0.068913,-0.015347,0.002493,-0.62961,0.113687,0.028112,-0.04704,0.421166,-0.687686,-0.591359,0.873006,0.484158,0.058733,0.245922,-0.540997,0.804265,1.1e-05,-0.000107,-0.000127,6e-06,0.0,6e-06,-0.101749
89,0.224563,-0.051572,0.321047,-0.426797,0.646359,-0.632543,-0.872157,-0.479113,0.098811,-0.238669,0.593044,0.769002,-0.000742,0.009585,-0.010051,0.035638,-0.007444,0.021114,0.077415,-0.251821,-0.02663,0.313923,-0.333908,-0.746011,0.576164,0.936642,-0.330938,0.114523,0.105642,0.578832,0.80849,-0.016171,0.028,-0.030891,0.103735,-0.01787,-0.007621,-0.501593,-0.004278,0.043804,-0.004184,0.358347,0.746444,0.560721,-0.912455,0.407097,0.041198,-0.197516,-0.526396,0.826979,-0.000621,0.013098,-0.016447,0.105858,-0.033028,0.02185,-0.653613,0.113675,0.02811,-0.047072,0.421132,-0.687699,-0.591369,0.872996,0.48419,0.058626,0.246018,-0.540952,0.804266,6.2e-05,-0.000638,-0.000758,-7e-06,-4e-06,-5e-06,-0.113179
90,0.22449,-0.051368,0.320667,-0.427756,0.642121,-0.636201,-0.87117,-0.480523,0.100662,-0.240547,0.596497,0.765739,-0.001409,0.018401,-0.021022,-0.000283,-0.28546,-0.091444,0.065096,-0.252106,-0.025433,0.312525,-0.349136,-0.739252,0.575849,0.929677,-0.350036,0.114499,0.117346,0.576253,0.808719,-0.00167,0.024712,-0.034606,0.100043,0.041594,0.067697,-0.608273,-0.004419,0.04439,-0.004866,0.37299,0.738449,0.561757,-0.904053,0.425448,0.040999,-0.208723,-0.52315,0.826285,-0.000558,0.018458,-0.020793,0.399229,0.074085,0.486099,-0.726931,0.113639,0.028209,-0.047257,0.421841,-0.68443,-0.594646,0.872201,0.485455,0.059986,0.247618,-0.543956,0.801745,-0.000256,0.003659,-0.006379,-0.098329,-0.44207,-0.169719,-0.129019
91,0.224419,-0.051195,0.320396,-0.427867,0.642146,-0.6361,-0.870941,-0.481051,0.100123,-0.241178,0.596045,0.765892,-0.016213,0.006729,-0.012008,0.033768,0.003865,-0.010126,0.052972,-0.252297,-0.024672,0.311698,-0.358766,-0.733576,0.577187,0.924834,-0.362813,0.113936,0.126264,0.575596,0.807843,-0.001345,0.036199,-0.042417,3.26329,0.704725,4.580385,-0.665858,-0.004516,0.044764,-0.005279,0.37785,0.73476,0.563343,-0.900732,0.432527,0.040009,-0.214264,-0.522539,0.825252,-0.008036,0.024335,-0.024573,0.06106,0.151107,0.146304,-0.763834,0.113609,0.028297,-0.047393,0.422188,-0.683583,-0.595373,0.87178,0.486217,0.059938,0.248508,-0.544339,0.801209,-0.000246,0.003559,-0.006495,0.042886,0.022153,-0.001053,-0.139632
92,0.224165,-0.050766,0.319719,-0.42988,0.635667,-0.64123,-0.869098,-0.483771,0.102986,-0.244216,0.600772,0.761222,-0.001224,0.016497,-0.023304,-0.029309,-0.377234,-0.170165,0.027582,-0.252701,-0.023047,0.310051,-0.37979,-0.722362,0.577878,0.914121,-0.388665,0.115132,0.141895,0.572881,0.807178,-0.015532,0.040416,-0.037636,0.07969,0.063073,0.105166,-0.792086,-0.00472,0.045584,-0.006126,0.40203,0.719295,0.566555,-0.885493,0.462866,0.040698,-0.232965,-0.518043,0.823017,-0.000327,0.024395,-0.024464,0.117314,0.053067,0.133832,-0.775102,0.113476,0.028512,-0.047729,0.423845,-0.678809,-0.599643,0.87021,0.488793,0.061766,0.251174,-0.547995,0.797879,-0.008012,0.002528,-0.007009,-0.167135,-0.627928,-0.283593,-0.17327
93,0.22358,-0.050317,0.318872,-0.432275,0.631183,-0.644044,-0.867167,-0.486829,0.104842,-0.246834,0.603027,0.75859,-0.032254,0.011815,-0.02604,-0.076223,-0.399531,-0.478463,0.019345,-0.253038,-0.021237,0.308381,-0.403051,-0.70911,0.578536,0.903962,-0.406899,0.131229,0.14284,0.576753,0.804249,2.2e-05,0.051355,-0.04594,0.019903,0.079361,0.250428,-0.884419,-0.004895,0.046469,-0.006943,0.42389,0.704257,0.569506,-0.874968,0.480859,0.056611,-0.233984,-0.522297,0.820034,-0.007426,0.026403,-0.022172,-0.479333,-0.487889,0.861295,-0.777388,0.113201,0.028736,-0.04814,0.425918,-0.675246,-0.602192,0.868482,0.491715,0.062893,0.253639,-0.54978,0.795869,-0.015713,0.000754,-0.008413,0.040857,0.052772,-0.058827,-0.197927
94,0.222254,-0.049874,0.317793,-0.435815,0.62648,-0.646246,-0.864609,-0.490859,0.107146,-0.249556,0.604665,0.756392,-0.047722,0.008945,-0.028147,0.039397,-0.061574,-0.124417,0.0372,-0.253102,-0.01966,0.306904,-0.420119,-0.695762,0.582587,0.896911,-0.415738,0.150482,0.138016,0.586619,0.79793,-0.000303,0.039893,-0.038098,-0.08175,0.255963,0.475534,-0.924824,-0.004925,0.04728,-0.007696,0.439467,0.690344,0.574711,-0.868424,0.490053,0.075409,-0.229581,-0.532233,0.814874,-0.000195,0.014574,-0.014735,-0.200208,0.493312,0.386442,-0.778857,0.11255,0.028955,-0.048676,0.429914,-0.668697,-0.606643,0.865603,0.496313,0.066351,0.256717,-0.553638,0.792199,-0.023817,0.00418,-0.014407,0.032712,-0.093255,-0.142716,-0.190579
95,0.221414,-0.049622,0.317102,-0.438727,0.619693,-0.650803,-0.862372,-0.493942,0.11094,-0.252172,0.609134,0.751926,-0.03268,0.018149,-0.040153,0.00654,-0.320569,-0.225977,0.038697,-0.253112,-0.019002,0.306227,-0.428051,-0.688706,0.58519,0.893391,-0.419956,0.159445,0.136465,0.591915,0.794277,-0.000784,0.027888,-0.030917,-0.236245,0.476687,0.596856,-0.935566,-0.00493,0.047605,-0.008024,0.446221,0.683995,0.577093,-0.865308,0.49428,0.083234,-0.228315,-0.536505,0.812424,-0.000289,0.014225,-0.01513,0.028246,0.028523,0.341472,-0.78049,0.112129,0.029081,-0.049012,0.432538,-0.663011,-0.611004,0.863606,0.499353,0.069501,0.259027,-0.557729,0.78857,-0.023726,0.00316,-0.015669,-0.117169,-0.547586,-0.380414,-0.182904
96,0.219759,-0.049156,0.315604,-0.442795,0.603958,-0.662731,-0.859565,-0.496218,0.122015,-0.254624,0.622935,0.739692,-0.047325,0.003865,-0.034522,-0.070269,-0.400845,-0.321262,0.027546,-0.253325,-0.018236,0.305138,-0.433155,-0.68319,0.587895,0.890678,-0.424106,0.163586,0.138098,0.595337,0.791433,-0.002321,0.012062,-0.028199,0.056866,0.017829,-0.005054,-0.957905,-0.005034,0.048011,-0.008574,0.451747,0.676305,0.581837,-0.861938,0.499131,0.08905,-0.230188,-0.541736,0.808414,-0.008481,0.007129,-0.012875,0.095398,-0.035285,-0.035138,-0.783266,0.111289,0.029325,-0.04978,0.436548,-0.64747,-0.624665,0.860833,0.502427,0.080825,0.261517,-0.573017,0.776698,-0.024023,0.007185,-0.021715,-0.091509,-0.416785,-0.504021,-0.186334
97,0.218185,-0.048849,0.314095,-0.447554,0.583313,-0.677855,-0.85736,-0.495362,0.139721,-0.253733,0.642971,0.722658,-0.031662,0.004003,-0.035911,-0.235303,-0.78199,-0.685011,0.015497,-0.253732,-0.018046,0.304057,-0.432418,-0.681621,0.590253,0.890737,-0.424297,0.162771,0.140022,0.596997,0.789843,-0.00385,0.00659,-0.034661,0.068231,-0.001954,-0.018217,-0.959454,-0.005236,0.04811,-0.009109,0.450638,0.675295,0.583866,-0.861977,0.49928,0.087826,-0.232205,-0.542857,0.807084,-0.009397,0.003875,-0.016707,0.070022,0.019565,-0.07782,-0.783266,0.110497,0.029476,-0.050536,0.440748,-0.629523,-0.639876,0.859106,0.502434,0.097449,0.260149,-0.592672,0.762274,-0.016178,0.007192,-0.022484,-0.11778,-0.289006,-0.349998,-0.202173
98,0.217458,-0.048709,0.313349,-0.453788,0.57124,-0.683964,-0.85323,-0.499922,0.148483,-0.256552,0.650247,0.715113,-0.031699,0.004145,-0.035825,-0.218754,-0.817472,-0.734052,0.016312,-0.253964,-0.017945,0.303427,-0.435338,-0.679278,0.590808,0.888554,-0.429455,0.161164,0.144781,0.595974,0.789757,-0.003838,0.006678,-0.034621,0.068504,-0.002444,-0.018541,-0.958974,-0.005355,0.048158,-0.009443,0.453274,0.672845,0.584655,-0.859316,0.504162,0.086003,-0.236894,-0.541386,0.80671,-0.001945,0.003178,-0.017491,0.067938,-0.004258,-0.020831,-0.780817,0.110133,0.029545,-0.050911,0.446915,-0.618154,-0.646645,0.855077,0.507605,0.105729,0.262884,-0.600184,0.755426,-0.023643,0.001445,-0.017979,-0.083861,-0.358454,-0.539336,-0.207561
99,0.216101,-0.048328,0.311786,-0.463384,0.549451,-0.695287,-0.847505,-0.503972,0.166491,-0.258357,0.665724,0.700064,-0.031759,0.004335,-0.035765,-0.081947,-0.334248,-0.486846,0.038914,-0.254327,-0.017311,0.302018,-0.463565,-0.659928,0.591264,0.87186,-0.458471,0.17204,0.15811,0.596076,0.78712,-0.002148,0.033203,-0.046021,-1.488326,-1.492472,1.777826,-0.995221,-0.005538,0.048454,-0.01014,0.477483,0.652219,0.588744,-0.841717,0.531748,0.093571,-0.252034,-0.540235,0.802884,-0.001108,0.011317,-0.018595,-0.152966,0.557797,0.491172,-0.787185,0.109455,0.029734,-0.051694,0.456904,-0.594734,-0.66146,0.849096,0.513219,0.125067,0.265093,-0.618786,0.739478,-0.016222,0.007458,-0.022295,-0.04203,-0.477845,-0.322145,-0.193029
100,0.214724,-0.047848,0.310027,-0.473428,0.51767,-0.712691,-0.840086,-0.508602,0.188552,-0.264286,0.687343,0.676565,-0.048074,0.011955,-0.047186,-0.170107,-0.692101,-0.688554,0.060196,-0.254347,-0.01607,0.300303,-0.502029,-0.6167,0.606333,0.84324,-0.504568,0.185177,0.192352,0.605019,0.772539,-0.002197,0.033048,-0.046237,-0.267241,0.877052,0.743065,-1.133796,-0.005547,0.049079,-0.010992,0.512721,0.60837,0.605807,-0.810398,0.575931,0.107507,-0.283499,-0.546066,0.788314,-0.001217,0.016032,-0.023707,0.169236,0.64587,0.729987,-0.787512,0.108785,0.029969,-0.052548,0.466227,-0.566081,-0.67984,0.842341,0.518905,0.145593,0.270355,-0.640538,0.718761,-0.016174,0.006649,-0.023397,-0.244787,-0.980113,-0.81339,-0.166085
101,0.213208,-0.04726,0.307958,-0.463918,0.487904,-0.739442,-0.843173,-0.49922,0.199527,-0.271224,0.715434,0.643909,-0.048646,0.019464,-0.060173,1.057458,-2.318058,0.944817,0.063512,-0.254161,-0.014885,0.298121,-0.54212,-0.538578,0.645005,0.792485,-0.582781,0.179632,0.279814,0.609212,0.741908,-0.004118,0.036501,-0.063635,1.265488,1.448933,1.438006,-1.339972,-0.005452,0.049692,-0.012089,0.544505,0.527454,0.652154,-0.753144,0.649683,0.10337,-0.369171,-0.547452,0.751005,-0.002111,0.017967,-0.032156,1.289736,1.510359,1.434611,-0.784736,0.108015,0.030267,-0.053593,0.458567,-0.538071,-0.707244,0.844971,0.510473,0.159499,0.275208,-0.670742,0.688741,-0.016435,0.01026,-0.030052,-0.272645,-0.99992,-1.057612,-0.146491
102,0.212213,-0.046864,0.306774,-0.453585,0.474937,-0.754149,-0.84966,-0.485821,0.205007,-0.268459,0.733167,0.624838,-0.064341,0.018146,-0.060733,-1.557717,-0.643083,-0.233413,0.059543,-0.253918,-0.014324,0.296848,-0.5619,-0.478518,0.674744,0.748317,-0.641574,0.168344,0.353029,0.600113,0.717703,0.025014,0.031253,-0.069673,2.540266,3.055131,0.581913,-1.400431,-0.005341,0.04996,-0.012702,0.558668,0.469389,0.683786,-0.704985,0.703048,0.093376,-0.436905,-0.534225,0.723683,0.005012,0.010403,-0.030291,4.814456,2.727423,5.751358,-0.828824,0.107523,0.030464,-0.054186,0.446387,-0.526074,-0.723867,0.851406,0.498654,0.162638,0.275399,-0.688905,0.670496,-0.024279,0.009436,-0.030371,-4.26153,0.38207,2.533254,-0.147144
103,0.209585,-0.045941,0.304114,-0.430745,0.448571,-0.783127,-0.860802,-0.464851,0.207136,-0.270594,0.762782,0.587342,-0.080645,0.025137,-0.073438,0.781382,-2.06448,0.815027,0.053714,-0.25291,-0.013803,0.294106,-0.585224,-0.333724,0.739008,0.616275,-0.77529,0.138078,0.527578,0.536657,0.658424,0.035787,-0.005628,-0.071379,6.129931,4.296396,3.654812,-1.406577,-0.004836,0.050246,-0.014057,0.566141,0.331192,0.754848,-0.565675,0.822178,0.063526,-0.59958,-0.462963,0.652815,0.010665,0.003277,-0.03916,4.555571,2.453111,3.967118,-0.888099,0.106215,0.030926,-0.055509,0.424887,-0.501326,-0.753751,0.862607,0.476754,0.169156,0.274552,-0.722064,0.635014,-0.032401,0.012625,-0.037224,-0.531579,-0.711808,-0.743829,-0.154165
104,0.206433,-0.045063,0.300959,-0.416604,0.419964,-0.806298,-0.869413,-0.443215,0.218298,-0.265175,0.791427,0.550774,-0.080472,0.018,-0.083353,-0.23985,-0.80716,-0.624277,0.06043,-0.251349,-0.014277,0.290795,-0.564045,-0.197668,0.801731,0.456713,-0.88352,0.103623,0.688547,0.424862,0.587587,0.062635,-0.020389,-0.090318,2.372065,3.638846,-0.749601,-1.407704,-0.004066,0.050013,-0.015706,0.532949,0.194694,0.823443,-0.391316,0.919558,0.035848,-0.750224,-0.341332,0.566265,0.023828,-0.01027,-0.045382,5.382936,2.579031,3.944127,-0.896426,0.104638,0.031373,-0.057076,0.408771,-0.474061,-0.779853,0.871693,0.455879,0.179788,0.270289,-0.753285,0.599586,-0.04049,0.014392,-0.045942,-0.266182,-0.854663,-0.5221,-0.152532
105,0.204651,-0.044717,0.299204,-0.410694,0.406374,-0.816233,-0.874473,-0.428989,0.226353,-0.257667,0.80623,0.532567,-0.096275,0.0153,-0.08624,-0.266028,-1.019791,-0.598906,0.070748,-0.250146,-0.014677,0.288939,-0.551901,-0.135653,0.822797,0.373519,-0.922329,0.098619,0.74618,0.361935,0.558642,0.062976,-0.019939,-0.090564,5.59925,2.582745,3.5593,-1.407286,-0.003491,0.049807,-0.016609,0.513429,0.141471,0.84639,-0.314216,0.948811,0.032016,-0.798535,-0.282387,0.531599,0.038848,-0.011074,-0.046575,1.463819,1.927324,0.394042,-0.897733,0.103783,0.031539,-0.057922,0.402809,-0.462419,-0.789881,0.876888,0.442302,0.188244,0.262319,-0.768464,0.583653,-0.048062,0.007537,-0.043201,-0.135401,-0.724972,-0.415385,-0.14796
106,0.200696,-0.044185,0.295905,-0.400557,0.38959,-0.829348,-0.884957,-0.399107,0.239868,-0.237058,0.829535,0.505672,-0.11185,0.004519,-0.077801,-0.146167,-0.532157,-0.381689,0.077228,-0.247056,-0.015161,0.285384,-0.513923,-0.048988,0.856431,0.248403,-0.964045,0.094051,0.821651,0.261147,0.506512,0.095667,-0.004007,-0.093814,1.237502,1.898877,0.212936,-1.407128,-0.001975,0.049546,-0.01841,0.46748,0.055363,0.882267,-0.180556,0.982977,0.033988,-0.865367,-0.175187,0.469518,0.040354,-0.001069,-0.045775,0.742234,1.639277,0.941566,-0.892671,0.101782,0.031808,-0.059617,0.392993,-0.444439,-0.805003,0.887194,0.413417,0.204871,0.24175,-0.794707,0.556774,-0.056143,0.007723,-0.043068,-0.238134,-0.726211,-0.199112,-0.129835
107,0.195955,-0.043559,0.292796,-0.396317,0.375428,-0.837874,-0.892933,-0.36989,0.256559,-0.213116,0.849378,0.482873,-0.128161,0.009862,-0.071197,-0.132704,-0.584574,-0.436424,0.108918,-0.243166,-0.015187,0.28213,-0.441577,0.018201,0.897034,0.145288,-0.985103,0.091636,0.885867,0.170782,0.431203,0.113463,-0.006782,-0.076166,5.122288,3.398031,2.213829,-1.407243,-3e-06,0.049521,-0.020085,0.389046,-0.002921,0.921213,-0.076633,0.996426,0.035523,-0.918025,-0.084416,0.387432,0.049348,0.003307,-0.040761,1.892283,3.951947,-0.980275,-0.900182,0.099418,0.032112,-0.061184,0.38846,-0.431715,-0.814076,0.895405,0.385468,0.22285,0.217593,-0.815497,0.536299,-0.064279,0.010351,-0.039823,-0.205406,-0.799192,-0.522256,-0.105341
108,0.190545,-0.043109,0.289949,-0.37459,0.369803,-0.850278,-0.908665,-0.328831,0.257235,-0.184013,0.868517,0.460266,-0.144006,-0.000654,-0.062983,0.192613,-0.795871,0.522632,0.146989,-0.238491,-0.015093,0.279325,-0.356216,0.064017,0.932204,0.063156,-0.993675,0.092494,0.932649,0.091756,0.348727,0.116339,0.004193,-0.063076,0.32653,3.553311,-1.917653,-1.407347,0.002288,0.04956,-0.021473,0.298548,-0.045964,0.953287,0.011923,0.998941,0.044431,-0.954319,-0.001899,0.298779,0.058175,0.002027,-0.031654,0.190044,1.710147,0.21443,-0.900509,0.096773,0.032341,-0.062579,0.36938,-0.426594,-0.825575,0.910295,0.344755,0.229143,0.18687,-0.836158,0.515672,-0.064034,-7.2e-05,-0.031467,-0.065939,-0.318345,-0.319517,-0.051456
109,0.187816,-0.043112,0.288655,-0.363588,0.36641,-0.8565,-0.91622,-0.306834,0.257614,-0.167966,0.877954,0.448343,-0.144364,-0.001467,-0.065021,-0.067964,-0.638162,0.004829,0.15204,-0.236286,-0.015052,0.278255,-0.324926,0.080939,0.942265,0.020825,-0.995433,0.092809,0.945854,0.049693,0.320552,0.11714,0.007505,-0.059234,0.302018,1.470651,0.015471,-1.406872,0.003436,0.049584,-0.022028,0.261831,-0.058129,0.963361,0.053413,0.997527,0.045673,-0.963634,0.039498,0.264288,0.05116,-0.000753,-0.024166,1.343348,1.782695,0.523198,-0.901325,0.095355,0.032346,-0.063249,0.355712,-0.423863,-0.83295,0.918615,0.322671,0.228098,0.172087,-0.846299,0.504145,-0.07214,-0.001241,-0.033119,-0.107936,-0.773729,-0.120351,-0.030391
110,0.18252,-0.043453,0.286424,-0.3401,0.360976,-0.868374,-0.929039,-0.27202,0.250722,-0.145294,0.891577,0.428959,-0.144345,-0.020604,-0.04619,-4.836321,1.090489,2.406718,0.145502,-0.231767,-0.015348,0.276788,-0.269234,0.095652,0.958309,-0.074215,-0.994115,0.078495,0.960489,-0.05009,0.273525,0.104153,-0.016242,-0.022827,5.291563,1.59119,0.910625,-1.406395,0.005739,0.049437,-0.022787,0.204057,-0.066646,0.976687,0.147279,0.988414,0.036676,-0.967816,0.136361,0.211508,0.052292,-0.007596,-0.011076,5.286877,1.582991,0.888874,-0.902305,0.092653,0.032171,-0.064394,0.332861,-0.41769,-0.845421,0.930817,0.289041,0.22368,0.150933,-0.861388,0.485004,-0.072027,-0.010251,-0.022822,-4.819683,1.130019,2.41722,-0.017818
111,0.177052,-0.044017,0.284903,-0.317459,0.35496,-0.879357,-0.939139,-0.246093,0.239642,-0.130952,0.901475,0.412579,-0.144738,-0.010805,-0.034297,0.021979,-0.305664,0.324515,0.126684,-0.227198,-0.016001,0.276049,-0.229245,0.091284,0.969075,-0.135243,-0.988882,0.061274,0.964156,-0.117108,0.237806,0.105415,-0.02258,-0.009106,-0.081918,0.860678,-0.58602,-1.406591,0.00794,0.049128,-0.023139,0.164574,-0.060063,0.984534,0.210444,0.9773,0.024443,-0.963653,0.203166,0.173478,0.052741,-0.011184,-0.004431,0.355916,0.890154,-0.26191,-0.915368,0.089973,0.031884,-0.065155,0.30981,-0.413248,-0.856296,0.941205,0.260909,0.214615,0.134726,-0.87244,0.469783,-0.072201,-0.010836,-0.012772,-1.6e-05,-0.158885,0.150832,-0.040188
112,0.174282,-0.044272,0.284435,-0.305259,0.355593,-0.883411,-0.944247,-0.233197,0.232353,-0.123013,0.904647,0.408056,-0.128524,-0.015832,-0.018756,0.006929,-0.161416,0.225175,0.123901,-0.225205,-0.016312,0.275849,-0.207225,0.092781,0.973879,-0.160978,-0.985116,0.059716,0.965159,-0.144493,0.217835,0.105903,-0.020404,-0.006542,-0.030163,1.123747,-0.13636,-1.406258,0.008982,0.048969,-0.023245,0.143401,-0.058342,0.987943,0.235762,0.971535,0.023151,-0.961172,0.2296,0.153073,0.052926,-0.004388,-0.007039,0.346261,1.036915,0.136369,-0.924023,0.088581,0.031754,-0.065401,0.297313,-0.414414,-0.860153,0.946312,0.247619,0.207792,0.126879,-0.875753,0.465786,-0.072213,-0.00777,-0.008865,0.018312,-0.232352,0.369514,-0.04917
113,0.168991,-0.044758,0.284111,-0.278991,0.357283,-0.89138,-0.956258,-0.188382,0.22373,-0.087646,0.914365,0.395324,-0.128284,-0.005769,-0.005808,-1.474927,0.184441,0.898623,0.11991,-0.22128,-0.017012,0.275639,-0.162723,0.095699,0.982016,-0.224623,-0.972703,0.057688,0.960909,-0.211293,0.178527,0.091456,-0.028395,0.005549,0.333961,0.789598,0.087199,-1.406513,0.010911,0.048631,-0.02335,0.09756,-0.057671,0.993556,0.296647,0.954625,0.026282,-0.94999,0.292172,0.110241,0.045753,-0.008151,-0.001058,5.277214,1.320853,1.175771,-0.936923,0.085978,0.031513,-0.065569,0.273521,-0.414967,-0.867748,0.957001,0.208022,0.202176,0.096614,-0.885736,0.454022,-0.064129,-0.002687,-0.002529,0.024197,-0.262039,0.429352,-0.057007
114,0.164536,-0.045171,0.284531,-0.25786,0.352746,-0.899513,-0.96335,-0.165099,0.211357,-0.073639,0.92061,0.383513,-0.111561,-0.007358,0.014738,-0.031709,-0.204569,0.278356,0.142802,-0.21803,-0.017812,0.275727,-0.112882,0.084565,0.989999,-0.287314,-0.956544,0.049063,0.951245,-0.278983,0.131015,0.060921,-0.015519,0.00027,1.530078,1.089936,0.002127,-1.40695,0.012589,0.048226,-0.023297,0.047908,-0.042224,0.997958,0.358141,0.9334,0.022299,-0.932437,0.356342,0.059839,0.038192,-0.013924,0.002736,5.357017,1.417599,0.622514,-0.94427,0.083702,0.031301,-0.065365,0.249821,-0.412541,-0.876012,0.965212,0.178194,0.191342,0.077164,-0.893339,0.442707,-0.055747,-0.003109,0.008259,-0.018741,-0.176301,0.286953,-0.043291
115,0.162425,-0.045315,0.284924,-0.250571,0.346496,-0.903991,-0.965182,-0.161828,0.205445,-0.074801,0.923566,0.37611,-0.095288,-0.00411,0.018807,-0.034529,-0.246254,0.325445,0.148672,-0.216786,-0.018215,0.27575,-0.090684,0.077202,0.992878,-0.318163,-0.946947,0.044687,0.943744,-0.311916,0.109175,0.045608,-0.015539,0.00065,0.034792,0.899646,-0.475034,-1.407178,0.013216,0.048025,-0.023285,0.025052,-0.033612,0.99912,0.389789,0.920659,0.021199,-0.920563,0.388916,0.036166,0.03038,-0.008365,-0.000739,0.392854,0.759586,-0.254003,-0.947863,0.082641,0.031229,-0.065168,0.24257,-0.406541,-0.880841,0.966971,0.174565,0.185721,0.078261,-0.896799,0.435458,-0.055636,-0.001698,0.010042,-0.021355,-0.199256,0.305788,-0.031371
116,0.158604,-0.045352,0.285896,-0.218092,0.328471,-0.919015,-0.974103,-0.130787,0.184362,-0.059373,0.935017,0.349635,-0.094577,0.002349,0.027243,-0.163309,-0.591464,0.127081,0.131462,-0.214963,-0.018627,0.275525,-0.048824,0.059345,0.997039,-0.380529,-0.924014,0.036479,0.923481,-0.377668,0.066431,0.029844,-0.005368,-0.008353,0.425019,1.070853,-0.118511,-1.406911,0.014134,0.047818,-0.023392,-0.013255,-0.011756,0.999842,0.450208,0.892771,0.016465,-0.892824,0.450355,-0.006541,0.022474,-0.003474,-0.005542,1.594632,1.363389,0.15889,-0.948189,0.08073,0.031211,-0.064682,0.209297,-0.390653,-0.896428,0.975842,0.142188,0.165874,0.062663,-0.90949,0.410975,-0.047244,0.001804,0.014577,-0.265524,-0.77794,0.047317,-0.029901
117,0.155085,-0.044934,0.286944,-0.185039,0.312534,-0.931734,-0.982252,-0.088312,0.165392,-0.03037,0.945416,0.32449,-0.093912,0.017624,0.024168,-0.029616,-0.362964,0.317291,0.100235,-0.213695,-0.018912,0.27509,-0.004838,0.038916,0.999227,-0.43758,-0.898537,0.032991,0.899111,-0.437101,0.020109,0.029653,-0.006791,-0.010352,0.095745,1.162537,0.164654,-1.40705,0.014779,0.047672,-0.023615,-0.056512,0.012533,0.998322,0.505542,0.862618,0.017788,-0.860949,0.505699,-0.055085,0.014815,-0.003525,-0.005321,0.09326,1.221207,0.218987,-0.94819,0.078936,0.031425,-0.064141,0.176734,-0.373983,-0.910439,0.9837,0.098264,0.150592,0.033144,-0.922214,0.385254,-0.046961,0.009034,0.012441,0.001276,-0.288497,0.354623,-0.068928
118,0.152145,-0.044104,0.287956,-0.163404,0.286313,-0.944123,-0.986313,-0.068583,0.149851,-0.021651,0.955334,0.294778,-0.077159,0.021355,0.028856,-0.081454,-0.853476,0.56088,0.092354,-0.212711,-0.019264,0.274713,0.060927,0.001218,0.998137,-0.508031,-0.860699,0.032176,0.859039,-0.509015,-0.053084,0.014221,-0.007422,-0.010654,0.478091,2.0813,0.147218,-1.406963,0.015271,0.047497,-0.023803,-0.117796,0.055181,0.991503,0.572725,0.81944,0.022438,-0.811239,0.570503,-0.12813,0.007103,-0.003806,-0.005406,0.475463,2.029003,0.109225,-0.948353,0.077495,0.031832,-0.063645,0.155055,-0.34992,-0.923857,0.987608,0.077828,0.136277,0.024216,-0.93354,0.357652,-0.038613,0.010619,0.014401,-0.124736,-0.86344,0.291237,-0.092115
119,0.150753,-0.043613,0.288516,-0.153755,0.273384,-0.949561,-0.987956,-0.059119,0.142895,-0.016888,0.959759,0.280365,-0.076804,0.022827,0.030584,-1.642351,-0.468373,0.881916,0.090824,-0.212429,-0.019439,0.274427,0.091394,-0.021609,0.995577,-0.537419,-0.8427,0.03116,0.838166,-0.53783,-0.089889,0.013565,0.001615,-0.02167,5.557222,1.680931,-0.386232,-1.407366,0.015402,0.047416,-0.023927,-0.146332,0.078373,0.986125,0.595755,0.802788,0.024603,-0.789722,0.591089,-0.164165,-0.000738,-0.004835,-0.006499,0.459673,2.014444,0.124733,-0.952109,0.076822,0.03207,-0.063375,0.147318,-0.336698,-0.930016,0.988772,0.073904,0.129869,0.025005,-0.938707,0.343805,-0.038451,0.011246,0.015121,-0.122603,-0.883803,0.27953,-0.097993
120,0.148175,-0.042652,0.289732,-0.138025,0.250217,-0.958325,-0.990422,-0.035768,0.133253,-0.000771,0.967231,0.253952,-0.060344,0.024241,0.032152,-0.061853,-0.613294,0.278402,0.085346,-0.212006,-0.019581,0.273497,0.146563,-0.066504,0.986959,-0.567648,-0.822721,0.028974,0.809864,-0.564375,-0.159577,0.012936,-0.002591,-0.027493,0.038714,1.463373,-0.194826,-1.407172,0.015614,0.047345,-0.024383,-0.197775,0.127047,0.971979,0.62897,0.776979,0.026422,-0.751851,0.616572,-0.233576,0.006444,-0.001497,-0.013988,0.061065,2.041196,-0.035479,-0.957497,0.075526,0.032551,-0.062765,0.129626,-0.315005,-0.940196,0.991558,0.044046,0.121951,0.002997,-0.948067,0.318055,-0.030186,0.012231,0.016276,-0.110723,-0.807083,0.165861,-0.103382
121,0.145905,-0.041587,0.29081,-0.124426,0.225435,-0.966304,-0.992182,-0.01956,0.12314,0.009006,0.973794,0.227311,-0.060271,0.022788,0.029674,-0.077869,-0.728625,0.20981,0.080039,-0.211433,-0.019413,0.272155,0.186994,-0.088675,0.978346,-0.599934,-0.798885,0.042375,0.777578,-0.594721,-0.203818,0.01248,0.007778,-0.036847,2.257062,-0.329368,1.751168,-1.407322,0.015905,0.04742,-0.025066,-0.235973,0.155086,0.959304,0.657192,0.752662,0.039979,-0.715831,0.639881,-0.279529,0.013834,0.00365,-0.019613,5.522623,1.611656,-1.092753,-0.958477,0.074386,0.033086,-0.062214,0.115316,-0.291629,-0.949554,0.993304,0.0272,0.112276,-0.006915,-0.956144,0.292812,-0.022243,0.011142,0.014686,-0.084483,-0.821479,0.191748,-0.117915
