frame,MLTx,MLTy,MLTz,MLTR1,MLTR2,MLTR3,MLTR4,MLTR5,MLTR6,MLTR7,MLTR8,MLTR9,MLTTVx,MLTTVy,MLTTVz,MLTRVx,MLTRVy,MLTRVz,MLGA,MRTx,MRTy,MRTz,MRTR1,MRTR2,MRTR3,MRTR4,MRTR5,MRTR6,MRTR7,MRTR8,MRTR9,MRTTVx,MRTTVy,MRTTVz,MRTRVx,MRTRVy,MRTRVz,MRGA,SLTx,SLTy,SLTz,SLTR1,SLTR2,SLTR3,SLTR4,SLTR5,SLTR6,SLTR7,SLTR8,SLTR9,SLTTVx,SLTTVy,SLTTVz,SLTRVx,SLTRVy,SLTRVz,SLGA,SRTx,SRTy,SRTz,SRTR1,SRTR2,SRTR3,SRTR4,SRTR5,SRTR6,SRTR7,SRTR8,SRTR9,SRTTVx,SRTTVy,SRTTVz,SRTRVx,SRTRVy,SRTRVz,SRGA
1463,0.085047,2.3e-05,0.398382,0.00483,0.462745,-0.886504,-0.663091,-0.662046,-0.349253,-0.748535,0.588941,0.304746,9.1e-05,-0.007108,0.011486,-0.026304,-0.062405,0.165789,-0.005559,-0.10488,0.004589,0.377239,0.464101,-0.48742,0.73961,-0.265968,0.719657,0.641318,-0.845413,-0.493729,0.203401,-0.000247,0.001219,0.000844,-0.0,1e-06,0.0,-1.404399,0.041101,0.020284,0.006291,-0.439439,0.431686,0.787743,0.327989,-0.739294,0.588103,0.83625,0.516807,0.183286,-0.000192,0.000942,0.000654,-0.010817,0.084818,-0.179535,-0.82066,0.080013,0.024773,-0.04248,-0.010855,0.516847,-0.856008,-0.570212,-0.706429,-0.419303,-0.821424,0.483555,0.302381,0.000548,0.001756,0.001148,0.000718,-0.011033,0.025459,-0.175556
1464,0.085078,-4e-06,0.398569,0.007025,0.463632,-0.886026,-0.662449,-0.661518,-0.351465,-0.749089,0.588836,0.303586,0.000867,0.002759,0.0018,0.001254,-0.011458,0.026415,-0.027772,-0.104983,0.004697,0.377298,0.464404,-0.490862,0.737139,-0.265029,0.717054,0.644614,-0.845542,-0.4941,0.201958,-0.000744,0.003682,0.002547,0.000384,-0.010553,0.026917,-1.404536,0.041056,0.020336,0.006318,-0.439928,0.435349,0.785451,0.327192,-0.736813,0.591649,0.836305,0.517277,0.181702,-0.00034,0.001673,0.001159,0.009844,-0.010766,-0.006187,-0.819353,0.080027,0.024753,-0.042384,-0.008674,0.518004,-0.855333,-0.569547,-0.705621,-0.421561,-0.821912,0.483496,0.301148,-0.000109,-0.004037,0.005428,-0.037363,0.018719,-0.020636,-0.19956
1465,0.085073,-0.000136,0.39881,0.010691,0.465066,-0.885237,-0.66105,-0.660896,-0.35525,-0.750285,0.588403,0.301466,-0.000129,-0.007811,0.01103,-0.033677,0.005283,0.009943,-0.073701,-0.105021,0.004785,0.377373,0.464548,-0.490963,0.736981,-0.264941,0.716943,0.644773,-0.84549,-0.49416,0.202027,-0.000537,0.002657,0.001836,0.001601,-0.012346,0.025989,-1.404581,0.04103,0.020387,0.006355,-0.440156,0.435337,0.78533,0.327034,-0.736814,0.591736,0.836247,0.517286,0.181943,-0.000169,0.000824,0.000569,0.000155,-0.000345,-0.000152,-0.820333,0.080025,0.024695,-0.042271,-0.005203,0.519774,-0.854287,-0.568033,-0.704624,-0.425255,-0.822988,0.483051,0.298915,9.1e-05,0.000302,0.000197,-0.001691,0.001383,-0.002913,-0.227973
1466,0.085052,-0.00022,0.398936,0.013039,0.466006,-0.884711,-0.660347,-0.660327,-0.357608,-0.75087,0.588296,0.300215,0.000342,0.001088,0.000709,0.0,-0.0,0.0,-0.104767,-0.105026,0.004806,0.3774,0.464504,-0.490926,0.737034,-0.265001,0.716964,0.644725,-0.845496,-0.494168,0.201985,-0.00037,0.001829,0.001263,-0.0,0.0,0.0,-1.40436,0.041027,0.0204,0.00637,-0.440124,0.435306,0.785365,0.327082,-0.736823,0.591699,0.836245,0.5173,0.181912,-0.000187,0.000919,0.000635,-3.2e-05,-0.000104,-2.1e-05,-0.820006,0.080015,0.02465,-0.042203,-0.003002,0.520933,-0.853591,-0.567324,-0.703816,-0.427533,-0.823488,0.48298,0.297651,0.000233,0.000755,0.000491,0.007282,-0.077699,0.179905,-0.246914
1467,0.084953,-0.000316,0.399188,0.019949,0.467533,-0.883776,-0.662767,-0.655582,-0.361834,-0.74859,0.592372,0.297885,0.000506,0.001607,0.001047,0.032384,-0.029598,0.060305,-0.16381,-0.105016,0.004808,0.3774,0.464519,-0.490936,0.737018,-0.264989,0.716954,0.644741,-0.845491,-0.494172,0.201995,9.2e-05,-0.000456,-0.000315,-0.0,0.0,0.0,-1.404491,0.041032,0.020403,0.006372,-0.440142,0.435314,0.78535,0.327073,-0.736813,0.591715,0.836239,0.517306,0.181922,8.3e-05,-0.000412,-0.000286,-5e-05,-4.2e-05,9e-06,-0.820823,0.079965,0.024598,-0.042074,0.003624,0.523132,-0.852243,-0.570124,-0.699089,-0.431546,-0.82155,0.487448,0.295716,-7.2e-05,-0.003913,0.005512,0.082315,-0.089596,0.199842,-0.28937
1468,0.084919,-0.000322,0.399329,0.024814,0.463708,-0.885666,-0.662529,-0.655756,-0.361956,-0.748661,0.595181,0.292049,0.00062,0.00197,0.001282,-0.047188,-0.39175,-0.166662,-0.273967,-0.105002,0.004788,0.377386,0.464495,-0.490918,0.737045,-0.265008,0.716971,0.644715,-0.845498,-0.494166,0.201981,3.1e-05,-0.000154,-0.000107,-0.0,0.0,0.0,-1.404418,0.041039,0.020391,0.006363,-0.440117,0.435295,0.785375,0.327093,-0.736827,0.591687,0.836245,0.517302,0.181909,1.9e-05,-9.3e-05,-6.5e-05,-2.6e-05,-3.4e-05,-7e-06,-0.822129,0.079948,0.024594,-0.042004,0.007945,0.521331,-0.853317,-0.569639,-0.698988,-0.432349,-0.821855,0.489518,0.291417,0.000352,0.001115,0.000723,-0.011845,-0.657516,-0.288913,-0.35191
1469,0.08494,-0.000274,0.399324,0.027439,0.464625,-0.885108,-0.661449,-0.655382,-0.364598,-0.749527,0.594877,0.290443,0.000576,0.001832,0.001192,-0.000689,-0.005727,-0.002437,-0.358679,-0.105013,0.004794,0.377379,0.464486,-0.490918,0.73705,-0.264989,0.716986,0.644705,-0.845508,-0.494143,0.201991,-0.001646,0.010146,-0.009252,0.035767,-0.003613,0.021879,-1.404457,0.041034,0.020389,0.006363,-0.4401,0.435285,0.78539,0.327104,-0.736836,0.59167,0.836249,0.517299,0.181898,-1e-06,6e-06,5e-06,-2.3e-05,-2.5e-05,-1.4e-05,-0.822456,0.079958,0.024619,-0.042006,0.011559,0.520976,-0.853492,-0.568719,-0.698624,-0.434146,-0.82245,0.490416,0.288214,0.000298,0.000949,0.000617,-0.006353,0.014489,0.008666,-0.403837
1470,0.084956,-9.6e-05,0.399307,0.029771,0.465375,-0.884638,-0.660229,-0.655275,-0.366994,-0.750516,0.594408,0.288846,0.000827,0.002629,0.001709,7e-06,-8e-06,1.3e-05,-0.466328,-0.105044,0.004796,0.377383,0.459932,-0.495578,0.736788,-0.261524,0.717239,0.645838,-0.849067,-0.489099,0.199325,-6e-06,2.9e-05,2e-05,-0.000748,0.001102,0.00057,-1.404627,0.041018,0.020394,0.006362,-0.43568,0.440229,0.785099,0.323716,-0.737237,0.593033,0.839875,0.512522,0.17869,-2e-06,1.1e-05,8e-06,0.007422,-0.008612,-0.004619,-0.821966,0.079966,0.024706,-0.042015,0.013711,0.522126,-0.852757,-0.567436,-0.698147,-0.436585,-0.823302,0.489871,0.286701,0.000891,0.006529,-0.003809,0.03272,-0.013891,0.012122,-0.500341
1471,0.084989,3.3e-05,0.399343,0.032178,0.466199,-0.88412,-0.65913,-0.655008,-0.369437,-0.751385,0.594056,0.287308,0.000387,0.001231,0.0008,-0.0,-0.0,-0.0,-0.546734,-0.105068,0.004814,0.377397,0.45994,-0.495586,0.736777,-0.261517,0.717232,0.645849,-0.849064,-0.489101,0.199329,-0.000104,0.000516,0.000356,-0.0,0.0,0.0,-1.40506,0.041007,0.020403,0.006368,-0.43575,0.440154,0.785102,0.323672,-0.737288,0.592993,0.839855,0.512513,0.178808,-6.6e-05,0.000323,0.000224,2.5e-05,-0.000319,-0.000123,-0.816741,0.079984,0.024775,-0.041995,0.015941,0.523158,-0.852085,-0.56628,-0.697623,-0.438917,-0.824058,0.489516,0.285133,0.00021,0.000671,0.000437,3.7e-05,0.000436,-0.000633,-0.573006
1472,0.085006,5.2e-05,0.399355,0.031991,0.466122,-0.884168,-0.659144,-0.655092,-0.369265,-0.751381,0.594024,0.287383,0.000112,0.000355,0.000231,-0.008733,0.078783,-0.182411,-0.613732,-0.105068,0.004813,0.377409,0.459946,-0.495585,0.736774,-0.261537,0.717218,0.645856,-0.849055,-0.489123,0.199317,0.001633,-0.010087,0.009293,-0.035768,0.003616,-0.021877,-1.405015,0.041006,0.020408,0.006372,-0.435767,0.440161,0.785089,0.323664,-0.73728,0.593008,0.83985,0.512518,0.178818,-5e-06,2e-05,1.4e-05,-0.000105,-0.000116,-4.3e-05,-0.819517,0.079992,0.024785,-0.041988,0.015883,0.523129,-0.852104,-0.56628,-0.697656,-0.438864,-0.824059,0.489501,0.285156,4.7e-05,0.000155,0.000101,0.000241,0.00017,-0.00017,-0.603704
1473,0.085108,7e-06,0.399338,0.030975,0.465702,-0.884425,-0.659236,-0.655529,-0.368323,-0.751342,0.593871,0.287802,-0.000121,-0.000386,-0.000251,-0.008731,0.078778,-0.182413,-0.818457,-0.10506,0.004822,0.377414,0.459885,-0.495539,0.736843,-0.261585,0.717261,0.645789,-0.849073,-0.489105,0.199282,-0.0,0.0,0.0,-0.0,0.0,0.0,-1.404883,0.04101,0.020408,0.006378,-0.435695,0.440101,0.785162,0.323742,-0.73731,0.592927,0.839857,0.512526,0.178763,-0.0,-1.6e-05,-1.2e-05,-8.4e-05,-6.8e-05,-2.6e-05,-0.822619,0.080043,0.024762,-0.041998,0.014926,0.522619,-0.852435,-0.566354,-0.698167,-0.437955,-0.824026,0.489317,0.285566,0.006367,-0.001757,-0.001141,0.001161,-0.014602,0.02949,-0.726172
1474,0.085105,0.000166,0.399296,0.032953,0.466304,-0.884036,-0.658011,-0.655593,-0.370394,-0.752333,0.593329,0.286328,0.001505,0.012185,-0.008187,0.034937,-0.016717,0.01648,-1.005713,-0.105029,0.00482,0.37741,0.461627,-0.496911,0.734827,-0.260059,0.716052,0.647744,-0.848598,-0.489482,0.200375,4.8e-05,-0.000239,-0.000165,0.025721,-0.099563,0.226389,-1.404744,0.041026,0.020407,0.006375,-0.4376,0.4415,0.783316,0.322287,-0.736259,0.595023,0.839426,0.512834,0.179897,2.4e-05,-0.000134,-9.4e-05,0.027691,-0.107709,0.244538,-0.824252,0.08004,0.024832,-0.042018,0.016662,0.523338,-0.851961,-0.565068,-0.698028,-0.439832,-0.824874,0.488745,0.284091,0.000488,0.001553,0.001008,-7.8e-05,0.00023,-0.000389,-0.745114
1475,0.085142,0.000518,0.399078,0.036127,0.467227,-0.883425,-0.656223,-0.655561,-0.373609,-0.753752,0.592637,0.284019,0.001068,0.010792,-0.009088,0.034931,-0.016738,0.016471,-1.137787,-0.104939,0.00483,0.377395,0.465523,-0.495419,0.733375,-0.251782,0.720153,0.646467,-0.848972,-0.484966,0.209563,8e-05,-0.000395,-0.000273,0.638894,-0.081903,-0.104649,-1.403899,0.041071,0.020412,0.006368,-0.441054,0.440838,0.781749,0.31598,-0.739002,0.595004,0.840016,0.509447,0.186644,0.006712,0.000697,-0.000185,4.038355,3.585674,1.182724,-0.826211,0.080059,0.025009,-0.042121,0.019664,0.524555,-0.851148,-0.563184,-0.697592,-0.442931,-0.826097,0.488063,0.281703,0.000593,0.005576,-0.004427,0.034898,-0.016592,0.016241,-0.747726
1476,0.085171,0.000706,0.398922,0.038809,0.468038,-0.882881,-0.654725,-0.655498,-0.376336,-0.754923,0.592066,0.282094,0.001008,0.010601,-0.00921,0.034929,-0.01675,0.016468,-1.211157,-0.104935,0.004809,0.377369,0.467794,-0.499142,0.729396,-0.243573,0.720385,0.649348,-0.850123,-0.480787,0.214471,0.000346,-0.001709,-0.001181,0.077135,-0.113151,-0.051225,-1.403142,0.041072,0.020404,0.006356,-0.444317,0.443625,0.778318,0.30587,-0.741459,0.597227,0.842036,0.503423,0.193751,0.000225,-0.001112,-0.000768,0.079549,-0.119671,-0.04778,-0.83013,0.080074,0.025107,-0.042202,0.022262,0.525634,-0.850418,-0.561552,-0.697191,-0.445626,-0.827141,0.487475,0.27965,0.000521,0.005343,-0.004577,0.032772,-0.014868,0.012589,-0.750666
1477,0.085215,0.001138,0.398491,0.038795,0.46765,-0.883088,-0.65361,-0.656543,-0.376454,-0.75589,0.591215,0.281287,0.000437,0.008782,-0.010384,0.034919,-0.016781,0.016453,-1.326195,-0.104974,0.004884,0.377203,0.485884,-0.509377,0.710241,-0.2221,0.713866,0.664079,-0.845868,-0.479763,0.232805,0.011237,0.013262,-0.008419,0.366725,-1.426786,2.871837,-0.9706,0.04105,0.020429,0.006272,-0.461962,0.452464,0.762802,0.286587,-0.737782,0.611183,0.83932,0.500952,0.211156,-0.000114,0.000567,0.000393,0.068965,-0.174472,0.137032,-0.753547,0.080096,0.025325,-0.042416,0.022265,0.525244,-0.850659,-0.560338,-0.698109,-0.445717,-0.827964,0.486581,0.278771,0.000535,0.009072,-0.010194,0.069854,-0.033505,0.032834,-0.754095
1478,0.085209,0.001625,0.397914,0.038915,0.467223,-0.883308,-0.652197,-0.657789,-0.376728,-0.757103,0.590167,0.280222,0.000612,0.01672,-0.021302,0.068588,-0.022095,0.006497,-1.398316,-0.104688,0.005448,0.377335,0.512893,-0.522162,0.68138,-0.181317,0.709815,0.680603,-0.839658,-0.471959,0.268499,0.01038,0.015338,0.009252,0.484729,-1.195616,1.082196,-0.149635,0.041199,0.020705,0.006327,-0.492207,0.467775,0.73411,0.245305,-0.734624,0.632575,0.835198,0.491439,0.24684,0.005106,0.008079,0.004904,0.568275,-1.307678,1.103137,-0.572948,0.080094,0.025573,-0.042708,0.022454,0.52485,-0.850898,-0.558762,-0.699182,-0.446014,-0.829023,0.485465,0.277566,0.000298,0.008304,-0.010685,0.068626,-0.022079,0.006515,-0.755401
1479,0.085219,0.0019,0.397562,0.037867,0.469396,-0.882201,-0.651049,-0.658103,-0.378165,-0.758143,0.58809,0.281775,0.000545,0.016503,-0.021434,0.071594,0.002503,0.017163,-1.434001,-0.104521,0.005717,0.377498,0.525689,-0.525682,0.668806,-0.164837,0.708239,0.686411,-0.835144,-0.470415,0.284793,0.010789,0.013244,0.007794,0.328753,-0.68131,0.385297,0.072001,0.041277,0.020845,0.006413,-0.50597,0.470788,0.722739,0.229125,-0.734447,0.638818,0.831562,0.488821,0.263738,0.00533,0.006926,0.0041,0.404193,-0.77467,0.324791,-0.513837,0.080098,0.025703,-0.042877,0.021,0.52707,-0.849561,-0.557638,-0.699118,-0.447518,-0.829817,0.483146,0.279233,0.000441,0.008757,-0.010388,0.08135,-0.030485,0.027678,-0.759484
1480,0.085206,0.002541,0.396845,0.03586,0.473734,-0.879963,-0.64863,-0.65877,-0.381146,-0.760308,0.583846,0.284748,0.001096,0.018247,-0.020285,0.073464,-0.003553,0.04601,-1.477294,-0.104502,0.005921,0.377632,0.546522,-0.524322,0.652987,-0.148518,0.706574,0.69183,-0.824789,-0.474414,0.307438,-0.00013,0.000635,0.000436,0.087953,-0.318045,0.480061,0.28338,0.041292,0.020969,0.006494,-0.528024,0.468345,0.708408,0.213226,-0.73434,0.644421,0.822024,0.491321,0.287886,-0.006517,-0.001117,-0.000111,0.016353,-0.148594,0.2549,-0.4237,0.08009,0.026012,-0.04323,0.018301,0.531106,-0.847107,-0.55508,-0.69929,-0.450421,-0.831595,0.478455,0.282009,0.000489,0.0089,-0.010287,0.084845,-0.017913,-0.00112,-0.77173
1481,0.085227,0.003213,0.396102,0.0321,0.483046,-0.875032,-0.645501,-0.658335,-0.387163,-0.76313,0.576659,0.291761,-0.011638,0.021593,-0.018095,0.080048,0.074231,0.044283,-1.513849,-0.105024,0.005958,0.377283,0.555133,-0.522705,0.646991,-0.140734,0.707494,0.692517,-0.820399,-0.474829,0.318349,-0.013615,0.002672,-0.013069,0.072373,-0.06948,0.085071,0.360451,0.041031,0.020984,0.006324,-0.53705,0.467341,0.702259,0.205423,-0.734986,0.646216,0.818155,0.491311,0.298722,-0.00682,0.001414,-0.006473,0.016541,0.244554,-0.466079,-0.361323,0.080105,0.026353,-0.043611,0.013299,0.539806,-0.841683,-0.551777,-0.698029,-0.456393,-0.833884,0.470492,0.288569,0.000615,0.009293,-0.010022,0.099186,0.022685,0.043716,-0.770097
1482,0.085278,0.003882,0.395356,0.021224,0.495341,-0.868466,-0.644012,-0.657602,-0.390871,-0.764753,0.566979,0.306128,0.001222,0.01863,-0.019999,-0.271586,0.636275,-0.47378,-1.545257,-0.105875,0.006412,0.376555,0.563082,-0.51497,0.646325,-0.139628,0.711447,0.68868,-0.81516,-0.477374,0.327857,-0.028894,0.01369,-0.020394,0.167852,-0.171128,0.106495,0.408608,0.040613,0.021197,0.005954,-0.544544,0.459468,0.701683,0.20433,-0.738722,0.642291,0.813461,0.493131,0.308383,-0.008727,0.012928,-0.014764,0.204516,-0.196919,0.162968,-0.146596,0.080127,0.026696,-0.04399,0.00128,0.550204,-0.835029,-0.550234,-0.69687,-0.460014,-0.835009,0.46005,0.301849,0.000627,0.00932,-0.009997,-0.308513,0.661277,-0.55058,-0.768954
1483,0.085333,0.004187,0.394976,0.012863,0.5032,-0.864101,-0.644134,-0.65675,-0.392101,-0.764827,0.561011,0.316754,0.000218,0.008065,-0.010808,0.091015,0.789766,0.303008,-1.561362,-0.106356,0.006802,0.376002,0.574717,-0.501352,0.64679,-0.149299,0.712737,0.68531,-0.805272,-0.489787,0.333929,-0.030021,0.021379,-0.031303,0.205366,-0.113075,-0.09611,0.421341,0.040379,0.021384,0.005696,-0.555557,0.445472,0.702076,0.213926,-0.739366,0.638413,0.803487,0.504868,0.315462,-0.015017,0.010774,-0.015583,0.166949,-0.344436,0.016973,0.003141,0.080154,0.026841,-0.044167,-0.006788,0.554768,-0.831977,-0.550713,-0.69653,-0.459957,-0.834666,0.455058,0.310246,0.006858,0.007234,-0.011347,-0.311769,0.639339,-0.549944,-0.772873
1484,0.085358,0.004728,0.394389,0.00215,0.515583,-0.856863,-0.644274,-0.654553,-0.395529,-0.764801,0.552261,0.331834,0.000697,0.009584,-0.009812,-0.044909,0.294526,0.135683,-1.603158,-0.107429,0.007681,0.374658,0.602963,-0.460941,0.651123,-0.18369,0.713909,0.675667,-0.77702,-0.52642,0.344942,-0.030965,0.028281,-0.042715,-0.014674,-0.14303,-1.021979,0.435154,0.039836,0.021832,0.005019,-0.58229,0.404764,0.705056,0.246931,-0.73822,0.627738,0.774572,0.539626,0.329909,-0.014678,0.008951,-0.016768,-0.775789,-0.108801,-3.198241,0.299514,0.080166,0.027118,-0.044475,-0.020856,0.567689,-0.822978,-0.550624,-0.69359,-0.464484,-0.834492,0.443464,0.327048,0.000378,0.004853,-0.004866,-0.039337,0.251529,0.08677,-0.78561
1485,0.085446,0.00508,0.393956,-0.001797,0.530454,-0.847739,-0.642772,-0.649971,-0.405405,-0.76606,0.543511,0.343183,0.000156,0.007861,-0.010928,0.055146,0.175525,0.102832,-1.631667,-0.108567,0.008808,0.372981,0.633961,-0.406335,0.658009,-0.227053,0.715423,0.660719,-0.740004,-0.567754,0.360434,-0.032455,0.03805,-0.052101,-0.692634,-1.344578,-0.730946,0.447117,0.039268,0.022389,0.004182,-0.60998,0.348824,0.711509,0.288993,-0.738128,0.609629,0.737839,0.577484,0.349436,-0.015327,0.013629,-0.021541,-3.253957,-3.936737,-2.168411,0.393079,0.080212,0.027296,-0.044684,-0.02692,0.581404,-0.813168,-0.549138,-0.688332,-0.473968,-0.835297,0.433783,0.3378,2.4e-05,0.003734,-0.005595,0.080699,0.083932,0.236218,-0.787569
1486,0.085508,0.005158,0.393766,-0.003008,0.538121,-0.842889,-0.64167,-0.647461,-0.411128,-0.766979,0.538947,0.348291,-0.000119,0.006989,-0.011495,0.059353,0.222559,0.124141,-1.640196,-0.109083,0.009454,0.372072,0.653151,-0.36825,0.661648,-0.254442,0.716108,0.64991,-0.71394,-0.592367,0.373167,-0.032396,0.037894,-0.052161,0.424865,-0.507944,-0.280252,0.456747,0.03901,0.02271,0.003727,-0.627987,0.309092,0.714208,0.316975,-0.736575,0.59748,0.710745,0.601596,0.364585,-0.015349,0.013767,-0.021565,0.254175,-0.956435,-0.33667,0.413001,0.080243,0.027335,-0.044779,-0.029039,0.588409,-0.808041,-0.548093,-0.685395,-0.479402,-0.835912,0.428961,0.342406,0.006255,0.001663,-0.006941,0.081251,0.136106,0.331073,-0.794264
1487,0.085552,0.005239,0.393373,-0.013769,0.55294,-0.833135,-0.641808,-0.643749,-0.416704,-0.766732,0.528284,0.36478,-0.000581,0.005518,-0.012455,0.084715,0.63801,0.259483,-1.672434,-0.110158,0.010845,0.37011,0.691614,-0.258027,0.674599,-0.334991,0.712729,0.616224,-0.640658,-0.651839,0.405619,-0.032114,0.036723,-0.05287,-2.840824,-3.987675,-3.519373,0.468465,0.038471,0.023407,0.002747,-0.660216,0.202788,0.723181,0.391018,-0.729282,0.561472,0.641263,0.65347,0.40219,-0.016005,0.01816,-0.026583,0.425448,0.420048,-2.707803,0.440107,0.080265,0.027375,-0.044975,-0.04067,0.599878,-0.799056,-0.548554,-0.681822,-0.483947,-0.835124,0.418644,0.356796,-0.000563,-0.001815,-0.001186,0.051386,0.708116,0.233107,-0.802919
1488,0.085549,0.005354,0.393027,-0.02087,0.56879,-0.822246,-0.639829,-0.639492,-0.426194,-0.768216,0.516492,0.378296,-0.000492,0.005801,-0.01227,0.090323,0.417932,0.399658,-1.678144,-0.111406,0.012485,0.367696,0.712567,-0.150027,0.685369,-0.403871,0.71092,0.575686,-0.574488,-0.686817,0.445094,-0.019786,0.044272,-0.064981,-2.907853,-3.553677,-3.832126,0.473948,0.037841,0.024229,0.001548,-0.67788,0.092333,0.72935,0.457215,-0.723936,0.516595,0.575702,0.68366,0.448526,-0.016347,0.020964,-0.032666,1.032611,0.148793,-3.094801,0.45268,0.080263,0.027434,-0.045153,-0.050678,0.615186,-0.786751,-0.546601,-0.67639,-0.493683,-0.835858,0.40502,0.370539,-0.00023,0.002928,-0.006118,0.085581,0.445887,0.418527,-0.807817
1489,0.085563,0.005427,0.392581,-0.028232,0.586913,-0.809186,-0.637669,-0.633917,-0.437606,-0.769766,0.502905,0.393159,-0.000901,0.004501,-0.013123,0.098459,0.500143,0.469324,-1.680974,-0.112214,0.014016,0.36489,0.724619,-0.081459,0.684312,-0.429661,0.722809,0.541178,-0.539603,-0.686058,0.487869,-0.01766,0.032857,-0.072888,0.77944,-0.653307,-0.413699,0.475734,0.037427,0.025021,0.000127,-0.687762,0.017791,0.725717,0.486099,-0.731196,0.478601,0.539156,0.681935,0.494241,-0.008696,0.016006,-0.036744,0.752808,-0.622616,-0.395636,0.456599,0.08027,0.027469,-0.045372,-0.060245,0.630902,-0.773519,-0.544642,-0.670183,-0.5042,-0.836501,0.390916,0.383991,-0.000611,0.001711,-0.006918,0.075612,0.810511,0.389347,-0.807164
1490,0.085596,0.005504,0.39233,-0.031905,0.595831,-0.802504,-0.636556,-0.63107,-0.443306,-0.77054,0.495951,0.400411,-0.000775,0.0049,-0.012863,0.116875,0.736477,0.545669,-1.679162,-0.112584,0.014578,0.36349,0.727798,-0.059229,0.683222,-0.436644,0.728047,0.528415,-0.529613,-0.682821,0.503119,-0.028709,0.018685,-0.065352,0.56259,-0.417819,-0.30465,0.480042,0.037255,0.02529,-0.000552,-0.690148,-0.004338,0.723654,0.492667,-0.735279,0.465448,0.530069,0.677749,0.509589,-0.008553,0.0152,-0.037308,0.64869,-0.495732,-0.289983,0.459865,0.080286,0.027508,-0.045503,-0.064663,0.638506,-0.766895,-0.54357,-0.667022,-0.50952,-0.836868,0.383914,0.390204,-0.000361,0.002503,-0.006402,0.130738,0.678437,0.502638,-0.808961
1491,0.085705,0.005825,0.391733,-0.044675,0.608874,-0.792037,-0.638004,-0.627414,-0.446402,-0.76869,0.484619,0.417478,0.012367,0.0029,-0.014155,0.08325,0.576473,0.286219,-1.667667,-0.113661,0.015313,0.360893,0.730838,-0.013017,0.68242,-0.464643,0.722734,0.511563,-0.500768,-0.690926,0.521264,-0.041635,0.015987,-0.066035,0.079319,-0.477654,-0.522714,0.48797,0.036722,0.025651,-0.001856,-0.691352,-0.049294,0.720833,0.51918,-0.727726,0.448181,0.502477,0.684094,0.528707,-0.013571,0.00433,-0.028133,-0.655156,-1.212029,-1.158278,0.471132,0.080336,0.027667,-0.045796,-0.079672,0.649774,-0.75594,-0.545319,-0.663222,-0.512604,-0.834433,0.371388,0.407174,0.000325,0.008359,-0.010595,0.10556,0.702954,0.607262,-0.810104
1492,0.085943,0.006256,0.391003,-0.059739,0.623396,-0.77965,-0.641835,-0.622115,-0.448323,-0.764448,0.472845,0.43825,0.013277,0.013184,-0.023469,-0.390326,0.635992,-0.158685,-1.658792,-0.115173,0.015722,0.358633,0.728434,0.004559,0.685094,-0.480953,0.715392,0.506786,-0.488699,-0.698655,0.522415,-0.04058,0.008154,-0.055461,0.132652,0.065149,-0.079845,0.482099,0.035983,0.025851,-0.002973,-0.688235,-0.067531,0.722337,0.535279,-0.719334,0.442757,0.489703,0.691373,0.531218,-0.020249,0.004105,-0.027691,0.131154,0.073603,-0.074977,0.471949,0.080455,0.027879,-0.046157,-0.096831,0.662681,-0.742614,-0.54926,-0.657799,-0.515376,-0.830021,0.357984,0.42768,0.000369,0.008505,-0.01049,-1.554238,1.447925,-1.46802,-0.815329
1493,0.086098,0.006498,0.390632,-0.059961,0.634668,-0.770485,-0.645583,-0.613308,-0.455025,-0.761268,0.469336,0.447462,0.013676,0.014471,-0.022615,0.123494,0.466368,0.518899,-1.656137,-0.115946,0.015834,0.35759,0.72891,0.013055,0.684479,-0.487939,0.71105,0.506218,-0.480989,-0.702978,0.523769,-0.038986,-0.002614,-0.046971,-0.058489,-0.454791,0.523246,0.476506,0.035595,0.025912,-0.003497,-0.686323,-0.076179,0.723296,0.543238,-0.714942,0.440169,0.483583,0.69502,0.532065,-0.020277,0.004102,-0.027721,-0.20968,-0.173634,-0.364814,0.467703,0.080531,0.027995,-0.04634,-0.098702,0.67204,-0.733906,-0.554095,-0.649716,-0.520429,-0.82658,0.355287,0.436502,0.006969,0.007603,-0.011073,0.165747,0.603531,0.56102,-0.818595
1494,0.086483,0.006837,0.390131,-0.056139,0.644837,-0.762285,-0.650545,-0.602736,-0.46203,-0.757329,0.469158,0.45428,0.013703,0.007223,-0.011301,0.051455,0.013825,0.286144,-1.65256,-0.117392,0.016089,0.355563,0.732064,0.029579,0.680587,-0.499874,0.701897,0.507347,-0.463598,-0.711645,0.527732,-0.027779,0.010726,-0.055125,0.122833,0.003233,0.006547,0.464507,0.034843,0.026041,-0.004549,-0.691146,-0.092238,0.716803,0.553482,-0.705328,0.442909,0.464729,0.702853,0.538538,-0.013853,0.005348,-0.027553,0.126501,0.009405,0.004615,0.453007,0.080723,0.028168,-0.0466,-0.097336,0.683023,-0.723881,-0.559572,-0.639043,-0.527733,-0.823045,0.353696,0.444403,0.00046,0.005129,-0.004667,0.058158,0.018619,0.247589,-0.82235
1495,0.08682,0.007101,0.389847,-0.056088,0.649656,-0.758186,-0.651111,-0.599427,-0.465525,-0.756846,0.466742,0.457561,0.000996,0.010578,-0.009109,0.042349,0.109467,0.075209,-1.650836,-0.118516,0.016712,0.353441,0.738342,0.045304,0.672896,-0.508243,0.693046,0.511185,-0.444101,-0.719471,0.533852,-0.028874,0.017015,-0.050567,0.133823,0.031533,-0.026644,0.456362,0.034293,0.026337,-0.005598,-0.697303,-0.107753,0.70863,0.561681,-0.696322,0.446821,0.445289,0.709594,0.54607,-0.00786,0.009414,-0.025276,0.13293,0.019247,-0.006529,0.438964,0.080897,0.028302,-0.046741,-0.097642,0.687442,-0.719644,-0.560391,-0.635548,-0.531074,-0.822452,0.351427,0.447293,0.00011,0.000336,0.000217,0.008718,0.142117,0.066887,-0.826596
1496,0.086902,0.007222,0.389662,-0.055582,0.670633,-0.739734,-0.660685,-0.580125,-0.476363,-0.748542,0.461418,0.476241,0.000412,0.0087,-0.010342,0.093796,0.828758,0.632578,-1.647002,-0.119177,0.017751,0.351422,0.743222,0.063015,0.666065,-0.520032,0.680578,0.516057,-0.421707,-0.729989,0.53772,-0.016561,0.023477,-0.047135,-0.179883,-0.334992,-0.091625,0.45058,0.033959,0.026846,-0.006589,-0.701887,-0.123874,0.701433,0.572228,-0.684474,0.451718,0.424157,0.718435,0.551307,-0.009209,0.017485,-0.02741,-3.50394,-2.839398,-2.950765,0.430799,0.08094,0.028366,-0.046832,-0.098845,0.705994,-0.701285,-0.572067,-0.616955,-0.540466,-0.814228,0.34776,0.464859,-0.000268,-0.00089,-0.000595,0.06258,1.071657,0.499049,-0.828555
1497,0.086879,0.00722,0.389576,-0.051487,0.68855,-0.723391,-0.664235,-0.56445,-0.490061,-0.745693,0.45441,0.48732,-0.000863,-0.002779,-0.00183,0.083364,1.239586,0.797806,-1.644898,-0.119335,0.018245,0.35055,0.742496,0.069005,0.66628,-0.526312,0.675195,0.516761,-0.415127,-0.734441,0.536778,-0.016747,0.024618,-0.046273,0.050391,0.106136,0.056313,0.445689,0.033879,0.027104,-0.007042,-0.700856,-0.131256,0.701122,0.579409,-0.678049,0.452252,0.416035,0.723201,0.551266,-0.001877,0.013693,-0.022785,0.010864,0.103314,0.084122,0.426227,0.080929,0.028369,-0.046878,-0.097166,0.723443,-0.683511,-0.576899,-0.600561,-0.553636,-0.811015,0.340522,0.475707,-0.000455,-0.001499,-0.000995,0.08875,1.219245,0.767529,-0.831658
1498,0.086807,0.007175,0.389498,-0.048963,0.723385,-0.68874,-0.667351,-0.536686,-0.516317,-0.74308,0.433448,0.509885,-0.000103,-0.000333,-0.000219,0.06216,0.855609,0.838131,-1.652195,-0.119408,0.019146,0.348977,0.741655,0.069875,0.667126,-0.530813,0.668989,0.520217,-0.410866,-0.740017,0.532378,0.010407,0.021138,-0.035101,-0.12516,0.255054,0.24498,0.432399,0.033836,0.027563,-0.007846,-0.699936,-0.132567,0.701793,0.583853,-0.672144,0.455341,0.411344,0.728455,0.547858,0.005212,0.010701,-0.017452,-0.187768,0.317147,0.282,0.410878,0.080891,0.02834,-0.046921,-0.100831,0.756449,-0.646232,-0.581906,-0.571694,-0.578403,-0.80698,0.317726,0.497827,-2.2e-05,-8.8e-05,-6e-05,0.098369,0.929222,0.829695,-0.839986
1499,0.086854,0.007233,0.389597,-0.044035,0.74888,-0.661275,-0.667591,-0.514426,-0.538201,-0.743178,0.416827,0.52342,-0.011819,0.00618,0.004049,0.02913,0.465902,0.620222,-1.652452,-0.119306,0.019994,0.347769,0.741819,0.066289,0.66731,-0.531168,0.665309,0.524557,-0.410111,-0.743651,0.527878,0.010907,0.01702,-0.021646,0.010383,0.046986,0.119397,0.418294,0.033884,0.027976,-0.008446,-0.700169,-0.128006,0.702408,0.584229,-0.668232,0.460588,0.410414,0.732857,0.54266,0.004715,0.013652,-0.015221,0.072673,0.035406,0.104009,0.393896,0.080918,0.028365,-0.046874,-0.100662,0.780792,-0.616627,-0.583401,-0.548363,-0.599116,-0.805921,0.299433,0.510714,0.000662,0.002126,0.001397,0.033379,0.50256,0.937126,-0.844558
1500,0.086826,0.007315,0.389638,-0.03645,0.760597,-0.648235,-0.670718,-0.499418,-0.548352,-0.740778,0.413847,0.529155,0.000896,0.002884,0.001898,0.033006,0.523952,0.903573,-1.651051,-0.119212,0.02045,0.347277,0.741898,0.065463,0.667303,-0.533013,0.661169,0.527908,-0.407559,-0.747406,0.524541,0.010511,0.019364,-0.019866,0.007645,0.049867,0.121522,0.41432,0.033935,0.028211,-0.008699,-0.700325,-0.127059,0.702423,0.586016,-0.664213,0.464118,0.407589,0.736665,0.539624,0.005234,0.009949,-0.009737,0.055503,0.00907,0.096682,0.386874,0.080901,0.028411,-0.04685,-0.094601,0.791715,-0.60352,-0.587666,-0.533752,-0.608075,-0.803553,0.297144,0.515758,0.000567,0.001823,0.001195,0.048612,0.661511,0.719713,-0.841782
1501,0.086705,0.007648,0.389508,-0.026599,0.786277,-0.617338,-0.683907,-0.46466,-0.562436,-0.729058,0.406261,0.550866,0.000952,0.010426,-0.009203,-0.262046,0.451159,1.080716,-1.635155,-0.118937,0.021368,0.346513,0.742756,0.059416,0.666914,-0.5327,0.655668,0.535037,-0.406402,-0.75273,0.517782,0.009825,0.023346,-0.016833,0.017316,0.038073,0.114056,0.410566,0.034069,0.028663,-0.009073,-0.701401,-0.120994,0.702421,0.585916,-0.659054,0.47154,0.40588,0.742299,0.533153,0.004902,0.011848,-0.008291,0.057081,0.00697,0.095292,0.378873,0.080842,0.028584,-0.046911,-0.089032,0.81713,-0.569535,-0.604313,-0.498851,-0.62125,-0.791756,0.288867,0.538217,0.000448,0.005113,-0.004668,-0.266829,0.487498,1.115817,-0.83721
1502,0.086325,0.00831,0.388932,-0.024498,0.817341,-0.575672,-0.699412,-0.425398,-0.574309,-0.714274,0.387544,0.582794,-0.01189,0.020592,-0.01858,-1.094802,0.233488,2.03387,-1.631958,-0.11847,0.022239,0.346053,0.744231,0.049007,0.666115,-0.528578,0.652683,0.542719,-0.409085,-0.756052,0.510782,0.010778,0.016349,-0.005575,-0.025602,0.039137,0.124944,0.407012,0.034302,0.029102,-0.009307,-0.703304,-0.110651,0.702224,0.582084,-0.6567,0.479501,0.408093,0.74599,0.526268,0.011127,0.014368,-0.007078,0.04129,0.009216,0.136194,0.373974,0.080656,0.028908,-0.047192,-0.092534,0.844212,-0.52796,-0.622626,-0.462841,-0.630962,-0.777029,0.270336,0.568457,-0.006129,0.009878,-0.009595,-3.850848,-2.119015,3.523862,-0.830678
1503,0.085926,0.009326,0.388035,-0.020179,0.839518,-0.542998,-0.708924,-0.394918,-0.584327,-0.704976,0.372107,0.603798,0.002266,0.029247,-0.028877,0.091035,0.384192,0.916829,-1.631087,-0.11792,0.022942,0.345833,0.745371,0.045549,0.665086,-0.529112,0.64711,0.548838,-0.406306,-0.761037,0.50557,0.010504,0.017768,-0.004501,-0.010433,0.021374,0.113181,0.405644,0.034577,0.029456,-0.009415,-0.70464,-0.10731,0.701402,0.582726,-0.651528,0.485735,0.40486,0.750995,0.521626,0.005307,0.008611,-0.002467,0.007396,0.021457,0.079746,0.369729,0.08045,0.029408,-0.04764,-0.092238,0.865571,-0.492217,-0.635975,-0.431572,-0.639749,-0.766176,0.254028,0.590289,-0.005298,0.015929,-0.013592,0.084394,0.565653,0.988457,-0.837536
1504,0.085902,0.009944,0.38742,-0.018073,0.842683,-0.538148,-0.715947,-0.386551,-0.581352,-0.697903,0.373729,0.610971,0.002653,0.037799,-0.039255,-0.053146,-0.157478,0.49606,-1.628674,-0.117613,0.023206,0.345797,0.746059,0.042868,0.664492,-0.527812,0.646264,0.551082,-0.406736,-0.761908,0.50391,0.010587,0.017189,-0.004939,-0.002657,0.012401,0.107176,0.405352,0.03473,0.029591,-0.009431,-0.705461,-0.104643,0.70098,0.581515,-0.650867,0.488069,0.405172,0.751945,0.520013,0.006213,0.002662,0.001298,-0.020981,0.018245,0.05287,0.369402,0.080438,0.029717,-0.047942,-0.091556,0.869201,-0.485907,-0.643828,-0.42392,-0.637005,-0.759672,0.254519,0.598429,0.00108,0.01439,-0.014569,-0.60712,-0.027292,-0.091718,-0.835414
1505,0.085898,0.011201,0.386036,-0.013758,0.848654,-0.528813,-0.728103,-0.370918,-0.576417,-0.685316,0.376043,0.623667,0.000797,0.024527,-0.031905,0.08046,-0.009202,0.465966,-1.621594,-0.11693,0.02355,0.345804,0.746283,0.051352,0.663638,-0.534425,0.640359,0.551602,-0.397564,-0.766368,0.504466,0.025564,0.006264,0.001915,0.004009,-0.030462,0.058442,0.403982,0.035061,0.029765,-0.009424,-0.705524,-0.113347,0.699561,0.587837,-0.644952,0.488347,0.395831,0.755769,0.521659,0.006237,0.002475,0.001149,0.00232,-0.016419,0.027172,0.368259,0.080438,0.03034,-0.048619,-0.087991,0.874358,-0.477236,-0.657907,-0.410741,-0.631228,-0.74794,0.258435,0.611388,0.000578,0.012766,-0.015619,-0.119787,0.10794,0.42026,-0.83574
1506,0.085958,0.012144,0.384567,-0.016515,0.861289,-0.507892,-0.736601,-0.353909,-0.576315,-0.676109,0.363523,0.640901,-0.001351,0.017696,-0.036386,-0.666432,0.765118,0.368471,-1.608415,-0.116426,0.02376,0.345793,0.745951,0.055656,0.663665,-0.538084,0.637356,0.551523,-0.393218,-0.768573,0.504517,0.01283,0.00283,0.000727,0.002045,-0.015205,0.029245,0.401331,0.035327,0.029879,-0.009431,-0.704985,-0.11766,0.699394,0.591414,-0.64181,0.488169,0.391441,0.757783,0.522052,0.006429,0.001351,0.000304,0.001987,-0.015015,0.029085,0.365973,0.08047,0.030833,-0.049363,-0.09116,0.88477,-0.457024,-0.667624,-0.394822,-0.631183,-0.738895,0.247582,0.626686,-0.000397,0.013309,-0.023251,-2.262133,1.294243,-0.755168,-0.835577
1507,0.085998,0.012437,0.383751,-0.02119,0.870624,-0.491538,-0.741579,-0.343362,-0.576311,-0.670508,0.351217,0.653523,-0.002824,0.013019,-0.039493,-0.697994,0.923971,0.433296,-1.606014,-0.11622,0.023846,0.345748,0.745872,0.055613,0.663758,-0.538067,0.637482,0.551393,-0.393392,-0.768472,0.504537,0.013041,0.001629,-0.000178,0.002045,-0.015205,0.029245,0.398207,0.03543,0.029922,-0.009453,-0.704901,-0.117618,0.699485,0.591395,-0.64193,0.488033,0.391619,0.757688,0.522056,0.006541,0.000714,-0.000174,0.002013,-0.01518,0.029214,0.362381,0.080492,0.030983,-0.049768,-0.097442,0.892673,-0.440044,-0.673883,-0.384549,-0.630874,-0.732384,0.235065,0.639028,0.004924,0.004811,-0.020851,-2.342655,1.429589,-0.628299,-0.834434
1508,0.086013,0.012804,0.382069,-0.029028,0.89274,-0.449687,-0.751173,-0.316223,-0.579409,-0.659435,0.319862,0.680339,0.008979,0.007005,-0.04351,-0.004058,0.760264,0.873852,-1.602005,-0.11592,0.024106,0.345549,0.745857,0.05545,0.663788,-0.537714,0.638061,0.551068,-0.393903,-0.768003,0.504852,-0.001637,0.010613,-0.008485,0.036253,-0.006243,0.020441,0.392149,0.035576,0.03004,-0.009549,-0.704956,-0.117452,0.699458,0.591012,-0.642479,0.487774,0.392098,0.757248,0.522335,-0.000797,0.005208,-0.004323,0.036257,-0.006271,0.020444,0.355196,0.080495,0.031163,-0.0506,-0.110121,0.911007,-0.397416,-0.686875,-0.358755,-0.632057,-0.718384,0.203373,0.665254,-0.00208,0.004298,-0.021264,-0.02334,1.107026,0.964676,-0.840312
1509,0.085948,0.012904,0.380663,-0.029675,0.909833,-0.413966,-0.762946,-0.288121,-0.578681,-0.645747,0.297529,0.703217,-0.005043,-0.001306,-0.03314,-0.784297,0.730152,0.615674,-1.5683,-0.115835,0.024524,0.345218,0.745529,0.059639,0.663794,-0.540856,0.635898,0.550493,-0.390196,-0.769488,0.50547,-0.001523,0.009962,-0.008969,0.036256,-0.006257,0.020431,0.38453,0.035623,0.030256,-0.009717,-0.704396,-0.121641,0.699306,0.5941,-0.640161,0.487071,0.38842,0.758549,0.523194,-0.000727,0.004827,-0.004603,0.036329,-0.006107,0.020448,0.346868,0.080465,0.031213,-0.051322,-0.113958,0.925809,-0.360402,-0.701058,-0.331976,-0.631116,-0.703939,0.180742,0.686877,-0.002611,-0.001017,-0.016808,-2.503495,1.092216,-0.428136,-0.831984
1510,0.085683,0.01286,0.3793,-0.029441,0.924557,-0.379965,-0.77167,-0.262577,-0.579267,-0.635307,0.275002,0.721655,-0.018369,8.8e-05,-0.032389,-0.074202,0.856562,0.576485,-1.564492,-0.115918,0.025071,0.344741,0.745169,0.059436,0.664215,-0.54036,0.637295,0.549364,-0.39157,-0.768346,0.506142,-0.00333,0.021519,-0.016716,0.072526,-0.012589,0.040816,0.375454,0.035583,0.030519,-0.009951,-0.703999,-0.121455,0.699738,0.593635,-0.641476,0.485906,0.38985,0.757466,0.523698,-0.000781,0.005133,-0.004366,0.022008,0.096651,-0.149091,0.335764,0.080337,0.031189,-0.052004,-0.116758,0.938147,-0.325955,-0.71301,-0.307648,-0.630054,-0.691363,0.158846,0.704829,-0.002619,-0.001012,-0.016872,-0.071378,0.919646,0.663612,-0.835414
1511,0.085424,0.012856,0.378652,-0.03539,0.931281,-0.36264,-0.776261,-0.254091,-0.576912,-0.629376,0.259927,0.73236,-0.018426,-4e-06,-0.032513,-0.088057,0.994585,0.425317,-1.56413,-0.115972,0.02536,0.344528,0.745211,0.059292,0.664182,-0.539902,0.638008,0.548986,-0.392124,-0.767765,0.506595,-0.001716,0.011045,-0.008138,0.021925,0.096762,-0.149072,0.373156,0.035555,0.030671,-0.010064,-0.704175,-0.121275,0.699592,0.593046,-0.642257,0.485594,0.390428,0.756834,0.524183,-0.001717,0.011091,-0.008102,0.072592,-0.012576,0.040845,0.330865,0.080207,0.031186,-0.052328,-0.123959,0.943101,-0.308535,-0.718633,-0.299734,-0.627476,-0.684251,0.143942,0.714898,-0.002644,-0.00107,-0.016937,-0.093184,1.159897,0.342944,-0.840312
1512,0.084818,0.012887,0.37732,-0.05475,0.945121,-0.322171,-0.78087,-0.241552,-0.576079,-0.622225,0.218856,0.751641,-0.01878,-0.000919,-0.033271,-0.090548,1.127207,0.305446,-1.541341,-0.116099,0.025986,0.344064,0.744389,0.067835,0.664285,-0.546601,0.6331,0.548037,-0.384304,-0.771125,0.507485,-0.00344,0.022142,-0.016216,0.069871,-0.014917,0.038697,0.368603,0.035493,0.030976,-0.010289,-0.702915,-0.12982,0.699326,0.599635,-0.636968,0.484467,0.382555,0.759879,0.525579,-0.001712,0.011083,-0.008099,0.04261,-0.036478,0.017394,0.324334,0.079904,0.031203,-0.052994,-0.146324,0.952344,-0.267636,-0.724739,-0.287347,-0.626247,-0.673307,0.102331,0.732246,-0.003127,-0.00252,-0.018002,-0.150495,1.52694,0.31995,-0.840149
1513,0.08444,0.012647,0.375845,-0.080654,0.956922,-0.279,-0.785455,-0.233282,-0.573247,-0.613546,0.171715,0.77078,-0.007727,-0.009368,-0.039194,-0.070522,1.176289,0.08209,-1.507514,-0.116196,0.026625,0.343535,0.743834,0.07195,0.664474,-0.549532,0.631494,0.546958,-0.381178,-0.772074,0.508398,-0.001414,0.009352,-0.009393,0.036281,-0.006397,0.020344,0.361978,0.035442,0.031308,-0.010557,-0.702213,-0.133912,0.699259,0.602412,-0.635227,0.483306,0.379468,0.760627,0.526735,-0.001531,0.010064,-0.008857,0.070677,0.002711,0.016278,0.315679,0.07971,0.031088,-0.05374,-0.175668,0.958653,-0.223884,-0.730475,-0.279392,-0.623173,-0.659958,0.05407,0.749353,-0.003892,-0.004855,-0.019712,-0.068729,1.172483,0.07775,-0.834107
1514,0.084368,0.01245,0.375071,-0.084209,0.963095,-0.255738,-0.789497,-0.221011,-0.572556,-0.60785,0.15249,0.779289,-0.007805,-0.009576,-0.039451,-0.059285,1.173335,0.114638,-1.501154,-0.116244,0.026939,0.343266,0.743799,0.071798,0.66453,-0.549092,0.63232,0.546446,-0.381882,-0.771411,0.508875,-0.001503,0.009851,-0.009011,0.02179,0.09753,-0.14859,0.358685,0.035418,0.031462,-0.010693,-0.702285,-0.133734,0.699221,0.601878,-0.636072,0.482859,0.380181,0.759951,0.527196,-0.001577,0.010324,-0.008654,0.072785,-0.012639,0.04086,0.311597,0.079676,0.03099,-0.054114,-0.180316,0.962841,-0.201051,-0.735868,-0.267683,-0.621967,-0.652674,0.035796,0.756792,-0.003986,-0.005139,-0.019971,-0.096971,1.518548,0.051843,-0.831984
1515,0.084408,0.012165,0.373533,-0.075714,0.974823,-0.209841,-0.802282,-0.184463,-0.567705,-0.592034,0.124154,0.79631,-0.006122,-0.004323,-0.035925,-1.226603,-1.466325,4.343332,-1.492885,-0.116398,0.027559,0.342705,0.743295,0.073525,0.664904,-0.551589,0.629503,0.547183,-0.379247,-0.773552,0.507594,-0.003019,0.01978,-0.017942,0.064463,0.008931,0.020858,0.355228,0.035342,0.03177,-0.010969,-0.7016,-0.135277,0.699611,0.604401,-0.63302,0.483718,0.377432,0.762223,0.525889,-0.000741,0.004934,-0.004492,0.050209,-0.016014,0.014545,0.304576,0.079689,0.030833,-0.054905,-0.176848,0.971885,-0.155444,-0.752128,-0.235316,-0.615572,-0.634844,0.008051,0.772597,-0.003097,-0.002007,-0.01793,-1.205736,-1.537009,4.291739,-0.838516
1516,0.084529,0.012119,0.372048,-0.068715,0.982072,-0.175665,-0.812045,-0.157286,-0.561975,-0.579453,0.102809,0.808512,-0.004966,-0.000725,-0.033482,-0.016727,1.172042,-0.582391,-1.458813,-0.116608,0.028098,0.342165,0.74255,0.077273,0.665312,-0.5573,0.622041,0.549924,-0.372275,-0.779208,0.504092,-0.014083,0.006033,-0.010471,-0.148684,0.21356,0.134378,0.351949,0.035241,0.032042,-0.011238,-0.700659,-0.140338,0.699558,0.610141,-0.626116,0.485496,0.369871,0.766996,0.52432,-0.001491,0.009844,-0.008996,-0.305756,0.380629,0.310534,0.30082,0.079749,0.030811,-0.055622,-0.169488,0.978281,-0.119323,-0.765843,-0.206941,-0.608818,-0.620288,-0.011805,0.784284,0.004659,0.003829,-0.021889,-0.269196,0.543954,1.072579,-0.835577
1517,0.084606,0.012156,0.371286,-0.064449,0.985262,-0.158587,-0.818803,-0.142993,-0.555956,-0.570367,0.092793,0.816148,-0.004006,0.009618,-0.042599,-0.020699,1.137649,-0.186411,-1.42695,-0.116697,0.028302,0.341918,0.742696,0.07476,0.665436,-0.556455,0.621479,0.551412,-0.373249,-0.779898,0.502302,-0.002803,0.018585,-0.018817,-0.282463,0.396971,0.29298,0.349834,0.035191,0.03215,-0.011369,-0.700849,-0.138532,0.699727,0.609418,-0.626084,0.486443,0.3707,0.76735,0.523214,-0.001392,0.009283,-0.009415,-0.265327,0.38258,0.28357,0.298044,0.079791,0.030828,-0.056011,-0.166928,0.9806,-0.102747,-0.774258,-0.194891,-0.602114,-0.610458,-0.020957,0.79177,0.003964,-0.002027,-0.017869,-0.236643,0.454366,0.942002,-0.824473
