frame,MLTx,MLTy,MLTz,MLTR1,MLTR2,MLTR3,MLTR4,MLTR5,MLTR6,MLTR7,MLTR8,MLTR9,MLTTVx,MLTTVy,MLTTVz,MLTRVx,MLTRVy,MLTRVz,MLGA,MRTx,MRTy,MRTz,MRTR1,MRTR2,MRTR3,MRTR4,MRTR5,MRTR6,MRTR7,MRTR8,MRTR9,MRTTVx,MRTTVy,MRTTVz,MRTRVx,MRTRVy,MRTRVz,MRGA,SLTx,SLTy,SLTz,SLTR1,SLTR2,SLTR3,SLTR4,SLTR5,SLTR6,SLTR7,SLTR8,SLTR9,SLTTVx,SLTTVy,SLTTVz,SLTRVx,SLTRVy,SLTRVz,SLGA,SRTx,SRTy,SRTz,SRTR1,SRTR2,SRTR3,SRTR4,SRTR5,SRTR6,SRTR7,SRTR8,SRTR9,SRTTVx,SRTTVy,SRTTVz,SRTRVx,SRTRVy,SRTRVz,SRGA
612,0.005387,-0.001954,0.388006,0.551643,0.13267,-0.823489,0.337294,0.867475,0.36564,0.762185,-0.479621,0.434817,0.002831,0.004747,0.004145,4.531729,-1.959134,-2.59267,-0.133563,-0.188736,0.004195,0.350756,-0.04779,-0.807669,0.587689,0.22718,0.564041,0.793839,-0.972552,0.172456,0.155767,-0.000634,0.010501,-0.008807,0.035473,-0.009512,0.01892,-1.407008,0.03544,0.049862,-0.019182,-0.086227,0.800655,0.592887,-0.123992,-0.599101,0.791014,0.988529,-0.005307,0.150933,0.006717,-0.000222,-0.000648,0.01333,-0.02567,0.021406,-0.86913,0.017257,0.051449,-0.032624,-0.455021,-0.171567,-0.873796,-0.316422,-0.886072,0.338751,-0.832365,0.430628,0.348894,0.002493,0.007716,-0.00237,0.046061,-0.015959,0.051839,-0.342669
613,0.005467,-0.001524,0.388084,0.550037,0.150497,-0.821495,0.319588,0.870843,0.373455,0.770918,-0.468137,0.431926,0.004318,0.007242,0.006307,-0.0195,0.046832,-0.16465,-0.126713,-0.188786,0.004537,0.35049,-0.055412,-0.80907,0.585086,0.224704,0.560738,0.796878,-0.972714,0.176636,0.14997,-0.014055,0.010872,-0.007575,-0.019972,0.114753,0.055265,-1.407096,0.03542,0.050033,-0.019316,-0.079076,0.803412,0.590148,-0.121704,-0.595354,0.794191,0.98941,-0.009021,0.144857,6e-06,9e-06,6e-06,-0.03424,0.111476,0.060104,-0.867824,0.017295,0.05166,-0.032587,-0.451394,-0.192421,-0.87133,-0.294145,-0.889807,0.348884,-0.842449,0.413782,0.345054,0.002173,0.003653,0.003175,0.008491,-6.7e-05,0.032346,-0.337934
614,0.005682,-0.001041,0.388137,0.544132,0.169061,-0.821817,0.298134,0.876616,0.377666,0.783596,-0.450718,0.427619,0.006336,0.017685,-0.002801,-0.007693,-0.117855,0.004343,-0.111074,-0.188985,0.00473,0.350385,-0.065801,-0.810415,0.582141,0.220442,0.557072,0.80063,-0.973028,0.182021,0.141238,3.1e-05,0.000574,0.00044,-0.011238,0.022964,0.013826,-1.406843,0.03532,0.050128,-0.019369,-0.068721,0.806595,0.587095,-0.118141,-0.590925,0.798028,0.990615,-0.014519,0.135901,2.6e-05,0.000438,0.00034,0.035756,-0.00507,-0.01482,-0.868804,0.017403,0.051899,-0.032556,-0.444394,-0.210531,-0.87074,-0.272809,-0.89402,0.355391,-0.85328,0.395479,0.339863,0.002419,0.004071,0.003526,-0.047147,-0.008473,-0.186681,-0.32732
615,0.005964,-0.000561,0.388179,0.536007,0.193543,-0.821756,0.271443,0.882183,0.384765,0.798746,-0.429533,0.421347,0.004609,0.007752,0.006704,-0.268873,-0.448854,-0.376465,-0.108193,-0.189078,0.004815,0.350368,-0.068424,-0.810672,0.581481,0.219413,0.556237,0.801494,-0.973076,0.183436,0.139057,-0.000574,0.011528,-0.008012,0.0363,-0.011272,0.017868,-1.406941,0.035269,0.050176,-0.019379,-0.066533,0.807121,0.586623,-0.117711,-0.590169,0.79865,0.990815,-0.015916,0.134273,-0.000285,0.005776,-0.003996,0.0395,-0.017612,0.013996,-0.871743,0.017546,0.052145,-0.032537,-0.436242,-0.232598,-0.869247,-0.246094,-0.898344,0.363888,-0.865523,0.37266,0.334654,0.009638,0.006115,-0.003048,0.046748,-0.031706,0.080937,-0.320135
616,0.006149,-0.000346,0.388197,0.532095,0.202209,-0.822212,0.260958,0.884639,0.386376,0.804832,-0.420399,0.418972,0.019456,0.012541,-0.005822,4.540707,-2.160383,-2.451725,-0.104779,-0.18913,0.004832,0.350348,-0.068488,-0.81053,0.581671,0.21949,0.556401,0.801358,-0.973054,0.183565,0.139041,-2e-06,-3e-05,-2.3e-05,-1e-06,3e-06,2e-06,-1.406797,0.035243,0.050185,-0.019389,-0.066525,0.806971,0.58683,-0.117763,-0.590372,0.798492,0.99081,-0.015988,0.134306,-0.0,-3.6e-05,-2.5e-05,-0.001038,-0.002935,-0.000905,-0.873376,0.017632,0.05225,-0.032523,-0.431168,-0.239842,-0.86981,-0.24167,-0.8981,0.367439,-0.869304,0.368635,0.329269,0.002391,0.004034,0.003473,-0.002787,-0.025105,0.02143,-0.318339
617,0.00656,9e-05,0.388254,0.522688,0.225567,-0.822169,0.2396,0.886641,0.395515,0.817539,-0.403998,0.410418,0.019601,0.012844,-0.005591,0.00125,-0.023988,-0.13682,-0.091241,-0.189168,0.004844,0.350385,-0.068715,-0.810077,0.582276,0.219439,0.556977,0.800973,-0.97305,0.183823,0.138734,4.3e-05,0.000793,0.000608,-0.0,0.0,0.0,-1.406475,0.035224,0.050189,-0.019372,-0.066306,0.806551,0.587434,-0.117566,-0.590943,0.7981,0.990848,-0.016144,0.134006,3.2e-05,0.000597,0.000458,-0.001208,-0.001671,-0.000294,-0.874682,0.017838,0.052469,-0.032494,-0.418703,-0.265673,-0.868392,-0.215974,-0.899681,0.379379,-0.882066,0.346398,0.319321,0.002472,0.004186,0.003589,0.009745,0.066972,-0.153424,-0.310338
618,0.006977,0.000441,0.388334,0.509371,0.249158,-0.823715,0.219521,0.887896,0.404256,0.831468,-0.387044,0.398603,0.019071,0.012005,-0.006338,-0.160312,-0.440805,-0.099395,-0.080326,-0.189151,0.004878,0.350486,-0.068968,-0.809586,0.582927,0.219285,0.557614,0.800572,-0.973066,0.184051,0.138316,0.000134,0.002477,0.001898,-0.0,0.0,0.0,-1.40716,0.035232,0.050206,-0.019322,-0.066025,0.806102,0.588081,-0.117269,-0.591551,0.797693,0.990902,-0.016296,0.133587,7.1e-05,0.001324,0.001014,-0.000821,-0.001117,-0.000192,-0.875825,0.018048,0.052646,-0.032453,-0.405067,-0.287165,-0.868018,-0.19635,-0.899919,0.389346,-0.892953,0.328147,0.308143,0.002138,0.003625,0.003095,-0.312005,-0.530095,-0.410561,-0.30201
619,0.007251,0.000553,0.388355,0.503111,0.259553,-0.824352,0.209504,0.888771,0.407634,0.837842,-0.378109,0.393803,0.004139,0.007018,0.006004,-0.201863,-0.310391,-0.318061,-0.07653,-0.189149,0.004921,0.350506,-0.069104,-0.809315,0.583289,0.219311,0.557947,0.800333,-0.97305,0.184237,0.138178,8.4e-05,0.001557,0.001192,-0.0,0.0,0.0,-1.406852,0.035233,0.050229,-0.01931,-0.065862,0.805853,0.588439,-0.117225,-0.591885,0.797452,0.990918,-0.016458,0.133449,-0.000254,0.006385,-0.003532,0.035725,-0.012404,0.01757,-0.876315,0.018192,0.052706,-0.032445,-0.397768,-0.297288,-0.867986,-0.18677,-0.900001,0.393844,-0.898274,0.318772,0.302467,0.002042,0.00347,0.002957,-0.260561,-0.406934,-0.355865,-0.297764
620,0.007881,0.0008,0.388303,0.489749,0.275842,-0.827105,0.189991,0.892086,0.409948,0.850325,-0.358252,0.385525,0.018577,0.011265,-0.007007,1.378389,-0.683584,-0.76648,-0.077718,-0.189134,0.005041,0.350585,-0.069638,-0.807629,0.585558,0.21863,0.560245,0.798912,-0.973165,0.184662,0.136797,0.000228,0.004218,0.003227,0.001749,-0.014196,0.025017,-1.407007,0.035241,0.050285,-0.019274,-0.065066,0.804265,0.590696,-0.116147,-0.594031,0.796012,0.991098,-0.016815,0.132064,0.000116,0.002167,0.00166,0.001368,-0.014927,0.025149,-0.876968,0.0185,0.052825,-0.032469,-0.382549,-0.312566,-0.869458,-0.169429,-0.901348,0.398576,-0.908267,0.299786,0.291852,0.008391,0.000443,0.001156,4.579969,-2.278218,-2.078924,-0.295315
621,0.008453,0.001164,0.388166,0.455556,0.304438,-0.83656,0.147889,0.900782,0.40828,0.877291,-0.310086,0.366379,0.005285,0.01606,-0.004316,1.013784,-1.430108,-1.09387,-0.080782,-0.189136,0.005181,0.350692,-0.069563,-0.807777,0.585362,0.218629,0.560061,0.799041,-0.97317,0.184568,0.136885,0.0002,0.003701,0.002827,0.001749,-0.014196,0.025017,-1.406456,0.03524,0.050357,-0.019219,-0.065179,0.804389,0.590516,-0.116161,-0.593867,0.796133,0.991089,-0.016704,0.132146,7.2e-05,0.001351,0.001033,-0.000322,-0.000427,-5.4e-05,-0.877458,0.018791,0.053005,-0.032538,-0.348463,-0.336599,-0.874799,-0.125803,-0.908057,0.399506,-0.928841,0.249265,0.274079,0.009044,0.005108,-0.003878,4.463786,-2.640958,-2.356009,-0.296621
622,0.008722,0.001311,0.388108,0.435003,0.316537,-0.842984,0.124965,0.905906,0.404586,0.891194,-0.281728,0.35557,0.016257,0.000356,0.001659,4.47643,-2.582561,-2.184199,-0.081832,-0.189123,0.005244,0.35074,-0.069673,-0.80756,0.585649,0.21863,0.56033,0.798853,-0.973162,0.184705,0.136757,0.000194,0.003582,0.002735,0.001749,-0.014196,0.025017,-1.406964,0.035246,0.050388,-0.019195,-0.06504,0.804191,0.590801,-0.116111,-0.594132,0.795942,0.991103,-0.016831,0.132018,0.006777,0.001271,0.0005,-0.010311,0.082426,-0.143485,-0.877948,0.018915,0.053082,-0.032566,-0.325963,-0.347199,-0.879318,-0.10686,-0.910626,0.399173,-0.939323,0.224079,0.259728,0.009007,0.005207,-0.003893,-0.098527,-1.051528,0.606356,-0.297438
623,0.009166,0.001465,0.388083,0.396875,0.340437,-0.85243,0.101976,0.906585,0.409482,0.911715,-0.249859,0.326151,0.015665,-0.000624,0.000814,0.068231,-1.017818,-0.229978,-0.082088,-0.189037,0.005357,0.350808,-0.068062,-0.804012,0.590697,0.21845,0.565582,0.795192,-0.973318,0.184162,0.136375,0.00012,0.002234,0.001704,-5.8e-05,-0.000385,-0.00245,-1.406771,0.035289,0.050448,-0.019159,-0.066095,0.800327,0.595909,-0.115089,-0.599343,0.792175,0.991153,-0.016223,0.131722,0.006777,0.001329,0.000541,-0.006777,-0.010411,0.035275,-0.878765,0.019143,0.053161,-0.032582,-0.28544,-0.369581,-0.884269,-0.080123,-0.910223,0.406292,-0.955041,0.186823,0.230202,0.007756,-0.000517,0.000257,4.530149,-2.622885,-1.925518,-0.297928
624,0.009269,0.001513,0.388197,0.362506,0.364693,-0.857691,0.072038,0.906557,0.415856,0.928759,-0.212984,0.303432,0.001261,0.002165,0.001832,-0.210054,-0.422766,-0.151245,-0.08225,-0.188922,0.005411,0.350866,-0.065267,-0.804083,0.590917,0.219603,0.565976,0.794594,-0.973254,0.18263,0.138872,6.3e-05,0.00118,0.0009,0.003922,-0.008053,-0.004848,-1.406806,0.035347,0.050476,-0.019129,-0.068967,0.799924,0.596124,-0.116255,-0.59992,0.791568,0.990821,-0.01471,0.13437,2.8e-05,0.000541,0.000409,-0.014833,0.004469,0.007266,-0.880071,0.019202,0.053188,-0.032523,-0.246361,-0.393187,-0.885838,-0.050263,-0.907596,0.416823,-0.967873,0.147214,0.203833,0.000541,0.000938,0.00079,-0.195843,-0.392047,-0.135296,-0.298254
625,0.00917,0.001498,0.388255,0.325487,0.384579,-0.86383,0.043054,0.90659,0.419777,0.944176,-0.174296,0.279605,-0.000418,-0.000717,-0.000607,-0.300021,-0.585254,-0.252585,-0.080698,-0.188858,0.005496,0.350914,-0.065765,-0.802471,0.593049,0.218926,0.568139,0.793236,-0.973372,0.183001,0.137549,0.000103,0.001946,0.001482,-1e-06,0.0,-5e-06,-1.406583,0.035379,0.050516,-0.019107,-0.068054,0.798448,0.598205,-0.115043,-0.601875,0.790259,0.991026,-0.015039,0.132816,6.3e-05,0.00119,0.000906,0.001273,-0.001285,0.004927,-0.882194,0.019153,0.053182,-0.032493,-0.209183,-0.409538,-0.887986,-0.021205,-0.905963,0.422823,-0.977646,0.107277,0.180827,-0.000321,-0.000547,-0.000463,-0.293979,-0.678291,-0.07991,-0.297601
626,0.009088,0.001553,0.388266,0.314782,0.387996,-0.866266,0.040987,0.906242,0.420734,0.947902,-0.168422,0.270448,0.000223,0.000383,0.000324,-0.239257,-0.566394,-0.025906,-0.078724,-0.188775,0.005538,0.35094,-0.065677,-0.802663,0.592799,0.218927,0.567904,0.793404,-0.973378,0.182888,0.137657,0.014151,-0.008367,0.009482,-0.032604,-0.017953,0.036501,-1.406732,0.035415,0.050539,-0.019098,-0.068167,0.798631,0.597947,-0.115121,-0.601634,0.790432,0.991009,-0.014955,0.13295,4e-05,0.000758,0.000575,0.000332,5.2e-05,0.000682,-0.881867,0.01911,0.053205,-0.032491,-0.198286,-0.412213,-0.889248,-0.019222,-0.905452,0.424011,-0.979955,0.101168,0.171615,-0.005583,0.007684,-0.003131,-0.270268,-0.605018,-0.254506,-0.296785
627,0.008965,0.00176,0.388355,0.299848,0.395222,-0.868295,0.034212,0.905123,0.423738,0.953015,-0.157249,0.258963,0.001855,0.003178,0.002687,-0.028631,-0.156057,0.148979,-0.069555,-0.188715,0.005545,0.350941,-0.065806,-0.802415,0.59312,0.218926,0.568204,0.79319,-0.97337,0.183046,0.137509,-3.8e-05,-0.000724,-0.000551,-0.012078,0.097969,-0.172647,-1.406761,0.035451,0.050544,-0.01909,-0.067999,0.798428,0.598238,-0.115056,-0.601901,0.790239,0.991028,-0.015095,0.132792,-2.5e-05,-0.000474,-0.000361,-0.011912,0.098118,-0.172608,-0.88203,0.019047,0.053306,-0.032449,-0.180794,-0.41927,-0.889677,-0.01378,-0.903415,0.428544,-0.983423,0.089738,0.157554,0.000999,0.001716,0.001454,0.010607,-0.079893,0.182461,-0.291723
628,0.008907,0.001964,0.388474,0.291481,0.396792,-0.870425,0.037521,0.904483,0.424822,0.955493,-0.156975,0.24984,0.001996,0.003419,0.002887,-0.079846,-0.172128,-0.043043,-0.05067,-0.188717,0.005511,0.350903,-0.063818,-0.800204,0.596316,0.219452,0.571544,0.79064,-0.973386,0.182317,0.138357,-3e-05,-0.000571,-0.000435,0.007669,-0.021046,-0.037367,-1.406772,0.035449,0.050525,-0.019111,-0.06968,0.795812,0.60152,-0.115269,-0.60537,0.787552,0.990886,-0.01446,0.133914,-2.2e-05,-0.000424,-0.000323,-0.082754,0.075037,-0.2461,-0.882684,0.019022,0.053406,-0.032391,-0.173142,-0.419763,-0.890965,-0.016879,-0.90323,0.428822,-0.984751,0.089286,0.149302,0.000915,0.00157,0.001327,-0.12711,-0.343429,0.067782,-0.282905
629,0.008899,0.002043,0.388509,0.290905,0.395818,-0.871062,0.03776,0.904965,0.423774,0.95566,-0.156656,0.249401,-0.011453,0.007815,0.005267,0.006474,-0.070742,0.149918,-0.034163,-0.188728,0.005497,0.350893,-0.063794,-0.800251,0.596255,0.219452,0.571487,0.790681,-0.973388,0.182288,0.138386,-6.6e-05,-0.001253,-0.000954,0.000247,-0.000508,-0.000306,-1.406852,0.035444,0.050519,-0.019115,-0.069665,0.795903,0.601402,-0.115065,-0.605254,0.787672,0.990911,-0.014328,0.133746,-3.7e-05,-0.00071,-0.000541,-0.007588,0.018022,-0.019878,-0.883173,0.01902,0.053448,-0.032371,-0.172241,-0.419043,-0.891478,-0.017146,-0.903592,0.42805,-0.984905,0.089013,0.148451,0.000915,0.00157,0.001329,0.009181,0.005841,0.033844,-0.273924
630,0.009026,0.002268,0.388527,0.289993,0.394506,-0.87196,0.03785,0.905659,0.42228,0.955934,-0.155947,0.248792,0.002515,0.004312,0.003633,0.001278,-0.011992,0.026174,-0.025225,-0.188738,0.005482,0.350895,-0.063855,-0.800127,0.596415,0.219426,0.571641,0.790577,-0.97339,0.182348,0.138292,-3.9e-05,-0.00073,-0.000556,0.0,-0.0,-0.0,-1.406386,0.035439,0.050511,-0.019115,-0.069528,0.795821,0.601526,-0.114968,-0.60536,0.787604,0.990932,-0.014396,0.133583,-2.5e-05,-0.000475,-0.000361,9.1e-05,0.000377,0.000152,-0.884643,0.019077,0.053559,-0.032363,-0.171501,-0.417494,-0.892348,-0.017012,-0.904378,0.426392,-0.985036,0.088308,0.147999,0.001096,0.001878,0.001581,-0.000899,0.000938,0.000367,-0.259064
631,0.009343,0.002589,0.388387,0.28682,0.39509,-0.872745,0.03823,0.905564,0.422451,0.956879,-0.155018,0.24572,0.003982,0.013861,-0.006221,0.024135,0.060516,-0.166813,-0.017155,-0.188831,0.0055,0.350865,-0.063903,-0.800007,0.596571,0.219528,0.57177,0.790456,-0.973363,0.182473,0.138312,-0.000614,0.010842,-0.008537,0.036398,-0.011454,0.017757,-1.40622,0.035392,0.050518,-0.019131,-0.06945,0.795711,0.60168,-0.115054,-0.605501,0.787483,0.990927,-0.014535,0.133601,-0.000306,0.005442,-0.004252,0.036557,-0.011263,0.017793,-0.885133,0.019229,0.053714,-0.032425,-0.168179,-0.417791,-0.892841,-0.01753,-0.904332,0.42647,-0.9856,0.087375,0.144766,0.001285,0.002201,0.001847,0.002315,0.006002,0.00259,-0.253839
632,0.009816,0.002897,0.388182,0.285575,0.393768,-0.87375,0.037783,0.906371,0.420757,0.957271,-0.153655,0.245051,0.017188,0.00913,-0.0089,0.035229,-0.048923,0.069566,0.001727,-0.18889,0.005552,0.350883,-0.063941,-0.799913,0.596692,0.219578,0.571874,0.790366,-0.973349,0.182554,0.138303,5.7e-05,0.001066,0.000812,0.0,-0.0,-0.0,-1.406157,0.035362,0.050543,-0.019123,-0.069388,0.795625,0.601801,-0.115091,-0.605611,0.787393,0.990927,-0.014626,0.133592,3.7e-05,0.000696,0.000532,0.000103,0.000138,-0.0,-0.885296,0.019467,0.053873,-0.03253,-0.167046,-0.416467,-0.893672,-0.016818,-0.905072,0.424923,-0.985805,0.086012,0.144184,0.008415,0.004252,-0.004719,0.033513,-0.036526,0.043559,-0.242409
633,0.01016,0.002955,0.388097,0.280277,0.395646,-0.874617,0.039502,0.905598,0.42226,0.958772,-0.153385,0.239282,0.015496,-0.000784,0.000631,-0.210704,-0.454979,-0.131019,0.012938,-0.18889,0.005559,0.350888,-0.063978,-0.799839,0.596788,0.219578,0.571964,0.790302,-0.973347,0.1826,0.138259,6e-06,0.000119,9.1e-05,0.0,-0.0,-0.0,-1.406324,0.035363,0.050549,-0.019118,-0.069336,0.795558,0.601896,-0.115078,-0.605699,0.787327,0.990933,-0.014674,0.133548,2e-06,4.8e-05,3.6e-05,0.000107,8.9e-05,2.5e-05,-0.884806,0.019634,0.053907,-0.032575,-0.163744,-0.416909,-0.894077,-0.017792,-0.904914,0.425221,-0.986342,0.085535,0.140757,0.008559,0.004511,-0.004507,0.041613,-0.022854,0.049552,-0.233101
634,0.010938,0.002926,0.388109,0.276892,0.39531,-0.875845,0.040824,0.905809,0.421681,0.959704,-0.153002,0.235767,0.016701,0.001351,0.002399,-0.008953,-0.049388,0.045833,0.050319,-0.188879,0.005564,0.350905,-0.063965,-0.79987,0.596748,0.219552,0.571932,0.790332,-0.973354,0.182568,0.138256,1.5e-05,0.000278,0.000212,0.0,-0.0,-0.0,-1.406129,0.035368,0.050551,-0.019111,-0.069352,0.795586,0.601857,-0.115061,-0.605662,0.787358,0.990934,-0.014646,0.133544,0.006714,0.000199,-0.000317,0.002107,-0.015136,0.029264,-0.885296,0.020021,0.053891,-0.032576,-0.157782,-0.417573,-0.894839,-0.020095,-0.904645,0.425692,-0.987269,0.085148,0.134345,0.014724,-0.00208,-0.000483,0.004223,-0.027279,0.060092,-0.193095
635,0.011597,0.002951,0.388181,0.272658,0.39916,-0.875428,0.03611,0.905005,0.423833,0.961108,-0.147664,0.233437,0.016189,0.000509,0.001676,-0.014011,-0.048664,0.02175,0.076748,-0.188836,0.005583,0.350941,-0.061373,-0.799503,0.597511,0.220698,0.572841,0.789354,-0.973265,0.18131,0.140516,3.2e-05,0.000599,0.000456,9.3e-05,-0.000192,-0.000115,-1.406007,0.03539,0.05056,-0.019093,-0.071903,0.794761,0.602647,-0.116057,-0.606773,0.786356,0.990636,-0.0134,0.135866,2.3e-05,0.000429,0.000326,-0.004327,0.00324,0.00289,-0.885949,0.020358,0.053904,-0.032533,-0.153399,-0.421123,-0.893936,-0.015684,-0.903492,0.428316,-0.988039,0.079724,0.13199,0.007966,3.3e-05,0.000643,-0.004513,0.008959,-0.040343,-0.150803
636,0.011819,0.002964,0.388208,0.267654,0.401926,-0.875706,0.025511,0.90558,0.423374,0.962858,-0.136152,0.233223,0.001969,0.003437,0.002863,9.3e-05,-0.00061,-0.000284,0.086874,-0.188835,0.005604,0.350957,-0.061354,-0.799541,0.597462,0.220698,0.572796,0.789387,-0.973267,0.181287,0.140538,3.8e-05,0.000721,0.000549,2e-06,-3e-06,-2e-06,-1.406111,0.03539,0.050571,-0.019084,-0.071893,0.794811,0.602583,-0.116034,-0.606709,0.786409,0.990639,-0.013382,0.135843,1.9e-05,0.000356,0.000272,-0.000371,0.00072,0.000429,-0.887092,0.020476,0.053913,-0.032517,-0.148375,-0.423375,-0.893721,-0.004959,-0.903394,0.428781,-0.988918,0.068052,0.131942,0.007597,-0.000604,0.000113,0.007094,-0.019708,0.062625,-0.130392
637,0.012105,0.002875,0.388226,0.255332,0.408691,-0.876255,0.005255,0.905684,0.423887,0.966535,-0.113338,0.230197,-0.000121,-0.000211,-0.000176,-0.040583,-0.082837,-0.036142,0.094778,-0.188812,0.005615,0.351002,-0.061369,-0.799519,0.597491,0.220621,0.572836,0.78938,-0.973283,0.181259,0.14046,9e-06,0.000174,0.000133,0.0,-0.0,-0.0,-1.405829,0.035402,0.050577,-0.019061,-0.07186,0.794794,0.602609,-0.115953,-0.606731,0.786404,0.990651,-0.013364,0.135759,2e-06,4.2e-05,3.5e-05,0.000157,0.000216,4.7e-05,-0.888235,0.020621,0.053872,-0.032506,-0.13549,-0.429297,-0.892942,0.015065,-0.902042,0.431385,-0.990663,0.044996,0.128686,-0.000161,-0.000281,-0.000238,-0.033874,-0.06873,-0.028447,-0.105898
638,0.012158,0.002608,0.388295,0.233546,0.420913,-0.876546,-0.023637,0.903656,0.427573,0.971781,-0.079657,0.222089,0.011967,-0.006854,-0.004468,-0.046281,-0.14099,-0.025932,0.11421,-0.188788,0.005617,0.351052,-0.06192,-0.797795,0.599733,0.21982,0.57512,0.787941,-0.973428,0.181617,0.138982,9.5e-05,0.001797,0.001367,0.00175,-0.014193,0.025018,-1.405932,0.035414,0.050575,-0.019039,-0.070996,0.79316,0.604861,-0.114778,-0.608859,0.78493,0.99085,-0.013698,0.134264,4.6e-05,0.000879,0.000667,0.002857,-0.015365,0.028155,-0.887909,0.020647,0.053736,-0.032474,-0.112639,-0.44011,-0.89085,0.043116,-0.897876,0.43813,-0.9927,0.010941,0.120111,0.005917,-0.003541,-0.002326,-0.022804,-0.096031,-0.002148,-0.089895
639,0.012135,0.002493,0.388386,0.217718,0.425931,-0.878195,-0.035986,0.90266,0.428815,0.97509,-0.062282,0.21295,-0.001739,-0.010069,0.009414,1.217702,-1.108093,-0.549368,0.145078,-0.188756,0.00563,0.351072,-0.059254,-0.797567,0.600306,0.22099,0.57585,0.78708,-0.973333,0.180293,0.141354,6.6e-05,0.00125,0.00095,0.062054,-0.127633,-0.076815,-1.405952,0.03543,0.050582,-0.019028,-0.073252,0.792556,0.605382,-0.115926,-0.609665,0.784136,0.990552,-0.01274,0.136537,4.1e-05,0.000786,0.000596,0.092018,-0.167384,-0.103742,-0.888072,0.020633,0.053675,-0.032431,-0.097649,-0.443499,-0.890939,0.055154,-0.896253,0.440099,-0.99369,-0.006164,0.111979,-0.000864,-0.00502,0.004717,1.18396,-1.198775,-0.607683,-0.063116
640,0.011999,0.002358,0.388637,0.194372,0.433408,-0.880013,-0.044967,0.900106,0.433312,0.979667,-0.045185,0.195543,-0.000968,-0.008719,0.01054,-0.216687,-0.36248,-0.180897,0.188302,-0.188642,0.005656,0.351109,-0.059159,-0.797786,0.600024,0.220942,0.575594,0.78728,-0.97335,0.180139,0.141434,0.013436,0.000682,-0.000422,0.002058,-0.015233,0.029229,-1.405988,0.035481,0.050597,-0.019008,-0.07375,0.792676,0.605165,-0.115811,-0.609519,0.784266,0.990529,-0.012245,0.136753,1.9e-05,0.000382,0.000289,-0.001475,0.001527,0.00116,-0.888725,0.020564,0.053607,-0.032307,-0.073029,-0.449608,-0.890235,0.063668,-0.892899,0.445731,-0.995295,-0.024129,0.093833,-0.00045,-0.004297,0.00533,-0.233341,-0.390139,-0.191026,0.013141
641,0.011968,0.002399,0.388745,0.171091,0.441786,-0.880681,-0.060972,0.896885,0.438009,0.983166,-0.021786,0.181486,-0.012111,0.006606,0.004259,1.414445,-0.904058,-0.197474,0.190978,-0.188621,0.005639,0.351121,-0.059732,-0.796011,0.602321,0.220193,0.577917,0.785787,-0.973483,0.180555,0.139975,-2.3e-05,-0.000448,-0.00034,-0.00198,0.00257,-0.005876,-1.40575,0.035497,0.05059,-0.019002,-0.072837,0.790993,0.607473,-0.11466,-0.611693,0.78274,0.99073,-0.01264,0.135249,-1.8e-05,-0.000326,-0.00025,-0.004854,0.006739,-0.014533,-0.890032,0.020549,0.053627,-0.032252,-0.048652,-0.456549,-0.888367,0.078022,-0.888439,0.452313,-0.995763,-0.047306,0.078845,-0.006032,0.003353,0.002158,1.471336,-0.830485,-0.180089,0.035838
642,0.011817,0.002557,0.38874,0.142261,0.451863,-0.880697,-0.094157,0.89188,0.442331,0.985175,0.019442,0.170526,-0.012963,0.005112,0.003013,-0.030058,-0.047753,-0.056662,0.222288,-0.188611,0.005609,0.351122,-0.057072,-0.795762,0.602907,0.221336,0.578668,0.784913,-0.973387,0.179233,0.142323,-2e-06,-4.1e-05,-3.1e-05,0.012737,-0.099267,0.171864,-1.40591,0.035502,0.050573,-0.019002,-0.075522,0.790294,0.608055,-0.115752,-0.612622,0.781853,0.990402,-0.011336,0.137745,-1e-06,-1.3e-05,-1.1e-05,0.003469,-0.092369,0.178162,-0.890522,0.02048,0.053707,-0.032254,-0.019198,-0.464549,-0.885338,0.110762,-0.881039,0.459891,-0.993661,-0.089233,0.068368,1.3e-05,1.6e-05,2.8e-05,0.00216,-0.007374,0.001954,0.058046
643,0.011764,0.002616,0.388717,0.131576,0.45486,-0.880815,-0.102708,0.890004,0.444203,0.985819,0.031461,0.164921,1e-06,2e-06,1e-06,-0.021348,-0.144752,0.153698,0.243219,-0.188581,0.005609,0.35112,-0.057096,-0.795719,0.602962,0.221335,0.578719,0.784875,-0.973386,0.179262,0.142296,-0.0,-1e-06,-0.0,1e-05,-2e-05,-1.2e-05,-1.405833,0.035517,0.050573,-0.019004,-0.075428,0.790285,0.608078,-0.115675,-0.612633,0.781855,0.990418,-0.011366,0.137626,1e-06,5e-06,5e-06,-0.001062,0.001337,0.000979,-0.891175,0.020448,0.053738,-0.032265,-0.008445,-0.466896,-0.884272,0.118914,-0.878497,0.462711,-0.992868,-0.101245,0.062939,-0.006523,0.002476,0.001451,-0.003202,0.007719,-0.030244,0.085315
644,0.011706,0.002722,0.388744,0.117244,0.455285,-0.882618,-0.103324,0.889507,0.445054,0.987579,0.038456,0.152434,0.000872,0.001522,0.001266,-0.044788,-0.202606,0.128692,0.264877,-0.188489,0.005585,0.351132,-0.057056,-0.795824,0.602828,0.22126,0.578606,0.78498,-0.973405,0.179161,0.142289,-0.0,-0.0,-0.0,0.0,-0.0,-0.0,-1.405677,0.035563,0.050561,-0.018997,-0.075463,0.790388,0.607939,-0.115618,-0.612501,0.781967,0.990422,-0.011279,0.137604,0.0,3e-06,-2e-06,0.000201,0.000308,7.7e-05,-0.892644,0.020417,0.053788,-0.032254,0.005804,-0.466255,-0.88463,0.119403,-0.877993,0.46354,-0.992828,-0.108317,0.050576,0.000562,0.000977,0.00082,-0.032838,-0.099584,-0.041987,0.132506
645,0.011503,0.002914,0.388866,0.104765,0.452487,-0.885621,-0.110876,0.890275,0.441689,0.988178,0.051365,0.144546,0.001369,0.002386,0.001983,-0.029565,-0.061265,-0.026645,0.291869,-0.188437,0.005537,0.351156,-0.055044,-0.793642,0.605883,0.221626,0.581845,0.782478,-0.973441,0.178339,0.143079,-0.0,-2e-06,-1e-06,0.01223,-0.025128,-0.015112,-1.405577,0.035589,0.050537,-0.018986,-0.077187,0.787787,0.61109,-0.115683,-0.615856,0.779319,0.990281,-0.010539,0.138669,0.000309,-0.005437,0.004256,-0.0417,-0.009026,-0.023253,-0.892644,0.020316,0.053884,-0.032193,0.018193,-0.462378,-0.886496,0.127356,-0.878348,0.460742,-0.991689,-0.121283,0.042907,-0.005646,0.004011,0.002723,-0.009715,-0.103572,0.130004,0.160756
646,0.01129,0.003223,0.389105,0.097298,0.447174,-0.889164,-0.114167,0.892511,0.436305,0.988575,0.058512,0.139002,-0.009186,0.011656,0.008435,-0.003832,-0.005919,-0.00694,0.339491,-0.188391,0.005483,0.351238,-0.055005,-0.793747,0.605748,0.221372,0.581764,0.782611,-0.973501,0.178132,0.142928,0.000651,-0.010237,0.009001,-0.036398,0.011399,-0.017787,-1.405588,0.035612,0.050513,-0.018948,-0.077198,0.788062,0.610735,-0.115249,-0.61551,0.779656,0.990331,-0.010198,0.138339,2.5e-05,0.000488,0.000371,-0.000562,0.000986,0.000643,-0.892971,0.020209,0.054028,-0.032081,0.025462,-0.456535,-0.889341,0.13135,-0.880389,0.4557,-0.991008,-0.128418,0.037549,-0.004653,0.005732,0.004144,0.016086,-0.050138,0.153128,0.221173
647,0.01126,0.003463,0.389239,0.096897,0.446182,-0.889706,-0.114215,0.892982,0.435326,0.98861,0.058887,0.138599,0.004964,0.008634,0.007149,0.001195,-0.012157,0.026103,0.346259,-0.188388,0.005464,0.351286,-0.05242,-0.793334,0.606518,0.222429,0.58271,0.781606,-0.973405,0.176868,0.145128,4.8e-05,0.000925,0.000703,0.032441,-0.066636,-0.040041,-1.405778,0.035614,0.0505,-0.018921,-0.079635,0.787067,0.611705,-0.116326,-0.616799,0.778477,0.990012,-0.009163,0.140675,2.4e-05,0.000488,0.00037,0.016872,-0.05738,-0.030804,-0.893788,0.020191,0.054151,-0.032012,0.025592,-0.455517,-0.889859,0.131629,-0.880864,0.454698,-0.990968,-0.128768,0.037416,-0.003093,0.011942,0.000402,0.0348,-0.013637,0.011769,0.24583
648,0.011293,0.004013,0.389528,0.093937,0.446173,-0.890028,-0.119742,0.892545,0.434737,0.988245,0.065188,0.138381,0.006267,0.010901,0.008987,0.002525,-0.024034,0.052327,0.349308,-0.188392,0.005425,0.35137,-0.052444,-0.793299,0.606561,0.222198,0.582791,0.781611,-0.973457,0.176756,0.144919,2.8e-05,0.00054,0.00041,7e-06,-1.4e-05,-9e-06,-1.405845,0.035612,0.050482,-0.018878,-0.07959,0.787089,0.611681,-0.115841,-0.616773,0.778569,0.990073,-0.008891,0.140266,1.4e-05,0.00031,0.000236,-0.000887,0.001367,0.000891,-0.89444,0.020207,0.054426,-0.031867,0.028494,-0.45532,-0.889871,0.137144,-0.880033,0.454678,-0.99014,-0.134996,0.037369,-0.00358,0.00757,0.005639,-0.000618,0.003276,-0.003056,0.262812
649,0.011473,0.004498,0.389906,0.080598,0.448612,-0.89011,-0.139777,0.889269,0.435472,0.986808,0.088767,0.135491,0.006461,0.011251,0.00923,0.041041,-0.03166,0.020033,0.351907,-0.188399,0.005376,0.351409,-0.052482,-0.793229,0.60665,0.222042,0.582901,0.781574,-0.973491,0.176709,0.144751,0.0,0.0,0.0,0.0,-0.0,-0.0,-1.405687,0.035608,0.050457,-0.018858,-0.079515,0.787032,0.611765,-0.115671,-0.616847,0.778536,0.990099,-0.008858,0.140085,-2e-06,-1.9e-05,-1.4e-05,0.000234,0.000372,7.5e-05,-0.894604,0.020297,0.054668,-0.031679,0.041909,-0.456881,-0.888539,0.156586,-0.875327,0.457473,-0.986774,-0.158305,0.034857,0.003169,0.00552,0.004535,0.450506,-0.224629,-0.039779,0.27016
650,0.011603,0.004714,0.390057,0.069805,0.449999,-0.890322,-0.160836,0.88589,0.435089,0.984433,0.112272,0.135328,0.005985,0.010431,0.008538,4.921973,-2.416709,-0.721779,0.355543,-0.188388,0.005353,0.351416,-0.052493,-0.793212,0.606671,0.22199,0.582929,0.781567,-0.973502,0.17669,0.144699,-1e-05,-0.000199,-0.000151,0.0,-0.0,-0.0,-1.404986,0.035614,0.050446,-0.018855,-0.079495,0.787018,0.611785,-0.11562,-0.616865,0.778529,0.990106,-0.008845,0.140033,-8e-06,-0.000136,-0.000104,0.000217,0.00029,5.1e-05,-0.894441,0.020366,0.054783,-0.031598,0.050121,-0.457228,-0.887935,0.172334,-0.871758,0.458625,-0.983761,-0.176009,0.035103,0.003118,0.005433,0.004456,0.001191,-0.011169,0.030622,0.272936
651,0.011996,0.005111,0.390289,0.053401,0.451365,-0.890765,-0.186066,0.880904,0.435154,0.981029,0.141949,0.132137,0.005526,0.009656,0.007867,1.474754,-0.740813,-0.196104,0.360696,-0.1884,0.005318,0.35139,-0.052573,-0.793045,0.606883,0.221986,0.583127,0.781421,-0.973498,0.176789,0.144602,-6.6e-05,-0.001279,-0.000972,0.0,-0.0,-0.0,-1.405449,0.035608,0.050429,-0.018867,-0.079378,0.786866,0.611996,-0.115591,-0.617057,0.778382,0.990119,-0.008955,0.139935,-4.3e-05,-0.000831,-0.000631,0.000136,0.000202,3.6e-05,-0.892154,0.020563,0.054983,-0.031481,0.068661,-0.457671,-0.886466,0.200528,-0.864097,0.461654,-0.977278,-0.209459,0.032446,0.009212,0.00245,0.002328,4.929394,-2.426877,-0.67647,0.283387
652,0.012538,0.00546,0.390441,0.039531,0.451427,-0.891457,-0.212345,0.875563,0.433902,0.976355,0.171589,0.131583,0.018308,0.004472,0.004761,1.471587,-0.66311,-0.34297,0.35965,-0.188411,0.005326,0.351385,-0.052574,-0.79304,0.60689,0.222012,0.583129,0.781412,-0.973492,0.176807,0.14462,2.7e-05,0.000526,0.0004,0.0,-0.0,-0.0,-1.405276,0.035602,0.05043,-0.018872,-0.07937,0.786862,0.612003,-0.11562,-0.617063,0.778373,0.990116,-0.008981,0.139953,1.6e-05,0.000318,0.000241,9.2e-05,0.000132,3.8e-05,-0.893134,0.020828,0.055158,-0.031404,0.082304,-0.456638,-0.885837,0.226517,-0.857017,0.462828,-0.970523,-0.23875,0.0329,0.002689,0.00487,0.003694,4.923702,-2.418632,-0.708968,0.285999
653,0.01278,0.005596,0.390511,0.031343,0.451588,-0.891701,-0.227961,0.871847,0.433461,0.973136,0.189132,0.131384,0.017665,0.003374,0.003855,0.003316,-0.027273,0.055551,0.358903,-0.18842,0.005355,0.351395,-0.052599,-0.792984,0.606961,0.222036,0.583191,0.781359,-0.973485,0.176854,0.144609,5.4e-05,0.001036,0.000788,0.0,-0.0,-0.0,-1.405352,0.035598,0.050444,-0.018867,-0.079333,0.786811,0.612073,-0.115636,-0.617127,0.77832,0.990118,-0.009031,0.139942,-0.006668,0.000673,0.000982,-0.001957,0.015313,-0.029246,-0.893298,0.02095,0.055228,-0.031368,0.091246,-0.45638,-0.885093,0.243325,-0.851642,0.464217,-0.965642,-0.257724,0.033339,0.002344,0.004112,0.003339,0.002559,-0.01294,0.030375,0.284693
654,0.013235,0.00571,0.390682,0.017799,0.451405,-0.892167,-0.253592,0.86516,0.432621,0.967134,0.217992,0.130986,0.015743,3.8e-05,0.001138,0.001081,-0.014762,0.029539,0.346673,-0.188404,0.005422,0.351483,-0.052571,-0.793049,0.606878,0.221961,0.583127,0.781428,-0.973504,0.176771,0.144583,0.000115,0.002226,0.00169,-0.012091,0.097733,-0.17278,-1.405227,0.035606,0.050477,-0.018824,-0.079426,0.786952,0.611879,-0.115594,-0.616949,0.778467,0.990115,-0.008899,0.139969,0.00038,-0.004038,0.005321,-0.036345,0.011473,-0.017791,-0.892481,0.02118,0.05529,-0.031279,0.104724,-0.455216,-0.8842,0.268375,-0.843168,0.465877,-0.957605,-0.286086,0.033869,0.001592,0.002801,0.002265,-0.000758,-0.01127,0.028626,0.279141
655,0.013631,0.00564,0.390708,-0.014406,0.450508,-0.892682,-0.314335,0.845463,0.431692,0.94923,0.286267,0.130545,0.000103,0.000181,0.000146,5.070326,-2.451958,-0.74148,0.313385,-0.18839,0.005498,0.35154,-0.052582,-0.793028,0.606905,0.22196,0.583152,0.78141,-0.973504,0.176785,0.144571,3.3e-05,0.000633,0.00048,0.0,-0.0,-0.0,-1.405308,0.035613,0.05052,-0.018792,-0.079352,0.786852,0.612017,-0.115572,-0.617075,0.77837,0.990123,-0.008967,0.139904,1.9e-05,0.000379,0.000289,2.5e-05,5.8e-05,1.4e-05,-0.893298,0.021381,0.05526,-0.031262,0.133858,-0.452412,-0.881705,0.322142,-0.821528,0.470441,-0.937179,-0.347007,0.035773,0.006379,-0.002606,-0.001556,1.537286,-0.752604,-0.202497,0.240931
656,0.013888,0.005443,0.390536,-0.038623,0.446181,-0.894134,-0.352948,0.831026,0.429877,0.934901,0.331638,0.126499,0.011235,-0.007915,-0.005288,-0.002707,-0.023444,0.025762,0.310165,-0.188378,0.005548,0.351577,-0.05307,-0.791415,0.608964,0.221272,0.585234,0.780047,-0.973633,0.17713,0.14327,6.4e-05,0.001243,0.000943,-0.0,0.0,-0.0,-1.405361,0.035619,0.050542,-0.018775,-0.07858,0.785328,0.61407,-0.114545,-0.619008,0.776985,0.990304,-0.009283,0.138597,3.8e-05,0.000751,0.00057,0.000324,-0.000386,0.000957,-0.893624,0.021508,0.055159,-0.03135,0.160881,-0.446027,-0.880441,0.364811,-0.802012,0.472957,-0.917076,-0.397284,0.033687,-0.001062,-0.001896,-0.001509,0.005142,0.027564,-0.018005,0.218234
657,0.013943,0.005315,0.39048,-0.046718,0.440205,-0.896706,-0.361529,0.82937,0.425926,0.931256,0.343543,0.12152,-0.00173,-0.003063,-0.002473,-0.035095,-0.181554,-0.069098,0.310047,-0.188377,0.005562,0.351587,-0.053058,-0.791441,0.608932,0.221273,0.585204,0.78007,-0.973634,0.177115,0.143285,2e-05,0.000389,0.000295,-0.0,0.0,-0.0,-1.405542,0.035619,0.050551,-0.018768,-0.078599,0.785357,0.614032,-0.114554,-0.618973,0.777013,0.990302,-0.009267,0.138616,9e-06,0.000186,0.000141,6.3e-05,-4.2e-05,0.000137,-0.893624,0.02154,0.055092,-0.03138,0.167968,-0.43946,-0.882417,0.373775,-0.799904,0.469516,-0.912183,-0.408689,0.0299,0.005624,-0.003958,-0.002632,0.310121,-0.534348,-0.090842,0.214968
658,0.013955,0.005134,0.390484,-0.052065,0.433665,-0.899594,-0.365107,0.830179,0.421274,0.929582,0.349849,0.116234,-0.000685,-0.001212,-0.00098,0.007368,-0.08575,0.179335,0.32103,-0.188377,0.005569,0.351593,-0.053051,-0.791454,0.608916,0.221273,0.585189,0.780081,-0.973634,0.177107,0.143293,0.0,2e-06,2e-06,0.0,-0.0,-0.0,-1.405173,0.035619,0.050554,-0.018766,-0.078607,0.785369,0.614015,-0.114557,-0.618957,0.777025,0.990301,-0.00926,0.138624,-2e-06,-3.1e-05,-2.3e-05,4.3e-05,-1.3e-05,-1e-06,-0.892154,0.021542,0.054995,-0.031383,0.173776,-0.43271,-0.884625,0.377602,-0.800356,0.465666,-0.909514,-0.414959,0.024309,-0.000391,-0.000696,-0.000556,0.007004,0.018386,0.004372,0.222479
659,0.013846,0.005107,0.390455,-0.060077,0.43306,-0.899386,-0.367768,0.82802,0.423204,0.928058,0.355659,0.110644,-0.014082,0.002898,0.001235,-0.1696,-0.347008,-0.187447,0.321833,-0.188388,0.005585,0.351581,-0.05309,-0.791369,0.609023,0.221322,0.58528,0.779998,-0.973621,0.177186,0.143286,0.0,0.0,0.0,0.0,0.0,0.0,-1.405476,0.035614,0.050561,-0.018773,-0.078554,0.785291,0.614121,-0.114592,-0.619054,0.776942,0.990301,-0.009341,0.138617,-1e-06,-1e-05,-8e-06,-2.2e-05,3e-05,1e-06,-0.892481,0.021494,0.054982,-0.031396,0.179807,-0.431544,-0.88399,0.38073,-0.79807,0.467042,-0.907035,-0.420539,0.020803,-0.000675,-0.001197,-0.000962,-0.304407,-0.606584,-0.29853,0.228684
660,0.013759,0.005079,0.390428,-0.062771,0.433363,-0.899056,-0.366593,0.82784,0.424572,0.928348,0.355706,0.108026,-0.001623,-0.002869,-0.002322,-0.123971,-0.265715,-0.115981,0.323765,-0.188388,0.005585,0.351581,-0.05309,-0.791369,0.609023,0.221322,0.58528,0.779998,-0.973621,0.177186,0.143286,0.0,0.0,0.0,0.0,0.0,0.0,-1.405184,0.035614,0.050561,-0.018773,-0.078554,0.785291,0.614121,-0.114592,-0.619054,0.776942,0.990301,-0.009341,0.138617,-2e-06,-5e-06,-8e-06,-1.7e-05,2.6e-05,-2e-06,-0.891665,0.021447,0.054972,-0.031407,0.183325,-0.431625,-0.883227,0.378957,-0.797985,0.468625,-0.907073,-0.420616,0.017276,-0.000975,-0.001726,-0.001392,-0.200839,-0.398601,-0.206785,0.229501
661,0.013642,0.004918,0.390335,-0.068155,0.433565,-0.898566,-0.364204,0.827683,0.426929,0.928916,0.355826,0.102617,-0.002164,-0.003824,-0.0031,-0.013003,-0.027857,-0.012156,0.341607,-0.188387,0.005584,0.351592,-0.053089,-0.791372,0.609018,0.221297,0.58528,0.780005,-0.973626,0.177169,0.143266,0.0,1e-06,0.0,0.0,0.0,0.0,-1.404884,0.035614,0.050561,-0.018767,-0.078555,0.785295,0.614117,-0.114567,-0.61905,0.776949,0.990303,-0.009324,0.138598,-2e-06,-6e-06,-1e-05,-2.6e-05,2.9e-05,-4e-06,-0.892644,0.021388,0.054891,-0.031454,0.189838,-0.431366,-0.881977,0.375728,-0.798013,0.471172,-0.907077,-0.42083,0.010583,-0.001292,-0.002287,-0.001853,0.005687,0.023094,-0.021043,0.246483
662,0.013514,0.004838,0.390264,-0.06811,0.434186,-0.89827,-0.364136,0.827422,0.427493,0.928946,0.355676,0.102868,-0.014297,0.002551,0.000945,-0.002245,0.026728,-0.055719,0.344529,-0.188378,0.005563,0.351576,-0.053101,-0.791348,0.609048,0.221296,0.585308,0.779985,-0.973626,0.177184,0.143252,-2.5e-05,-0.000479,-0.000363,0.0,0.0,0.0,-1.40475,0.035619,0.05055,-0.018775,-0.078539,0.785273,0.614146,-0.114561,-0.619077,0.776928,0.990305,-0.009339,0.138583,-1.6e-05,-0.000304,-0.000233,6e-06,5e-06,-1.3e-05,-0.892154,0.021327,0.054846,-0.031493,0.189351,-0.431978,-0.881782,0.375803,-0.797771,0.471521,-0.907148,-0.42066,0.01128,-0.000336,-0.000598,-0.000484,-0.008793,0.084684,-0.179957,0.259383
663,0.013286,0.004863,0.390345,-0.067974,0.43507,-0.897852,-0.36391,0.827112,0.428284,0.929044,0.355315,0.103225,-2e-06,-4e-06,-3e-06,-0.0,-0.0,-0.0,0.345382,-0.18838,0.005536,0.351543,-0.053127,-0.791293,0.609117,0.221321,0.585368,0.779933,-0.973619,0.177231,0.143241,-7.6e-05,-0.001465,-0.001111,0.0,0.0,0.0,-1.404694,0.035618,0.050539,-0.01879,-0.078504,0.785223,0.614215,-0.114576,-0.61914,0.776876,0.990306,-0.009387,0.138572,-4.4e-05,-0.000846,-0.000643,-0.00174,0.014156,-0.025027,-0.891991,0.021207,0.054858,-0.031453,0.189207,-0.432916,-0.881353,0.375451,-0.797468,0.472313,-0.907324,-0.42027,0.011651,-0.006422,0.002559,0.001516,-0.001524,0.015029,-0.02954,0.261669
664,0.013158,0.004881,0.390415,-0.0653,0.435941,-0.897628,-0.358846,0.829102,0.428708,0.9312,0.34957,0.103416,2e-05,3.5e-05,2.8e-05,-0.133941,0.06397,0.015431,0.3493,-0.188381,0.0055,0.351528,-0.053157,-0.791232,0.609194,0.221294,0.585444,0.779884,-0.973624,0.177253,0.143185,-9.7e-05,-0.001885,-0.00143,0.0,0.0,0.0,-1.404754,0.035617,0.050521,-0.018797,-0.078463,0.785168,0.614291,-0.114537,-0.61921,0.776826,0.990314,-0.009407,0.138516,-5.8e-05,-0.00111,-0.000844,-0.001748,0.014161,-0.025023,-0.891991,0.021144,0.054868,-0.031417,0.186651,-0.433945,-0.881392,0.370626,-0.799763,0.472243,-0.909833,-0.414812,0.011554,-0.006431,0.002544,0.001505,-0.453133,0.229276,0.025571,0.264609
665,0.012915,0.004912,0.390526,-0.054781,0.438145,-0.897259,-0.33886,0.837112,0.429404,0.939318,0.32703,0.103732,-0.012926,0.004979,0.002909,-0.00131,0.01487,-0.029516,0.349578,-0.188383,0.005465,0.351501,-0.053188,-0.791168,0.609274,0.221292,0.585519,0.779828,-0.973622,0.177291,0.143147,-9e-06,-0.000182,-0.000138,0.0,0.0,0.0,-1.404784,0.035616,0.050499,-0.018814,-0.078421,0.785109,0.614371,-0.114523,-0.619284,0.776769,0.990319,-0.009444,0.138478,-3e-06,-5.8e-05,-4.4e-05,-5e-06,6e-06,3e-06,-0.891338,0.021023,0.054885,-0.031361,0.176224,-0.436899,-0.882079,0.351097,-0.809265,0.470977,-0.919606,-0.392693,0.010782,-0.006458,0.002497,0.001475,-0.000295,0.015939,-0.031515,0.269507
666,0.012705,0.004916,0.390618,-0.046822,0.439642,-0.896977,-0.323707,0.842818,0.429935,0.945065,0.309949,0.103973,-2.1e-05,-3.6e-05,-2.9e-05,-0.446146,0.213844,0.051715,0.349432,-0.188353,0.005443,0.351495,-0.053187,-0.791178,0.609262,0.221267,0.585512,0.77984,-0.973628,0.177272,0.14313,-5e-06,-8.9e-05,-6.7e-05,0.0,0.0,0.0,-1.40454,0.035631,0.050489,-0.018817,-0.078424,0.785118,0.614359,-0.114499,-0.619272,0.776782,0.990322,-0.009425,0.138461,-2e-06,-3.4e-05,-2.8e-05,-7e-06,8e-06,-5e-06,-0.891991,0.020923,0.054885,-0.031317,0.169165,-0.438797,-0.882518,0.337841,-0.815358,0.470163,-0.925875,-0.377687,0.010313,-5.9e-05,7.8e-05,-0.000217,-4.959631,2.366762,0.563702,0.271793
667,0.012613,0.00492,0.390667,-0.038923,0.440657,-0.896857,-0.308576,0.84836,0.430162,0.950461,0.29295,0.104075,-0.012924,0.004987,0.002913,-0.041141,0.033975,-0.024893,0.347618,-0.188332,0.00545,0.351499,-0.053168,-0.791221,0.609208,0.221268,0.585461,0.779878,-0.973629,0.177249,0.143154,4e-06,7.4e-05,5.6e-05,0.0,0.0,0.0,-1.404559,0.035641,0.050493,-0.018814,-0.07845,0.785158,0.614306,-0.114508,-0.619223,0.77682,0.990319,-0.009402,0.138485,4e-06,6.1e-05,4.7e-05,8e-06,-8e-06,9e-06,-0.891991,0.020877,0.054887,-0.031292,0.160611,-0.44048,-0.883278,0.321739,-0.822652,0.46875,-0.933106,-0.359471,0.009592,-0.000777,-0.00487,0.004863,-0.166539,0.087916,-0.000178,0.270813
