frame,MLTx,MLTy,MLTz,MLTR1,MLTR2,MLTR3,MLTR4,MLTR5,MLTR6,MLTR7,MLTR8,MLTR9,MLTTVx,MLTTVy,MLTTVz,MLTRVx,MLTRVy,MLTRVz,MLGA,MRTx,MRTy,MRTz,MRTR1,MRTR2,MRTR3,MRTR4,MRTR5,MRTR6,MRTR7,MRTR8,MRTR9,MRTTVx,MRTTVy,MRTTVz,MRTRVx,MRTRVy,MRTRVz,MRGA,SLTx,SLTy,SLTz,SLTR1,SLTR2,SLTR3,SLTR4,SLTR5,SLTR6,SLTR7,SLTR8,SLTR9,SLTTVx,SLTTVy,SLTTVz,SLTRVx,SLTRVy,SLTRVz,SLGA,SRTx,SRTy,SRTz,SRTR1,SRTR2,SRTR3,SRTR4,SRTR5,SRTR6,SRTR7,SRTR8,SRTR9,SRTTVx,SRTTVy,SRTTVz,SRTRVx,SRTRVy,SRTRVz,SRGA
352,0.078145,0.003895,0.321072,-0.037541,0.278952,-0.959595,-0.570774,-0.794155,-0.208585,-0.820213,0.539531,0.190225,0.016081,0.002912,0.004056,0.011968,-0.025931,-0.179134,-1.908666,-0.151698,0.008228,0.308208,0.012098,-0.940223,0.34033,-0.037423,0.339573,0.9398,-0.999171,-0.022921,-0.031524,-0.056236,0.000855,0.00694,-0.008497,0.061148,-0.116677,-1.015538,0.043333,0.027387,-0.023686,-0.033184,0.938901,0.342583,0.065347,-0.34,0.938152,0.99731,0.053518,-0.050072,-0.028122,0.000392,0.00346,-0.006346,0.059467,-0.128846,-0.86883,0.05317,0.026608,-0.083014,-0.095744,0.317604,-0.943377,-0.406013,-0.877769,-0.254309,-0.908837,0.358675,0.212992,0.008099,0.00162,0.002186,0.009793,0.002471,-0.16149,-0.879502
353,0.078396,0.004016,0.321166,-0.037595,0.269737,-0.962224,-0.569737,-0.796809,-0.201162,-0.82093,0.540312,0.184832,0.00243,0.006829,0.006948,0.055943,-0.430428,-0.475332,-1.908929,-0.152638,0.008275,0.308357,0.01075,-0.941986,0.335467,-0.036403,0.334777,0.941559,-0.999223,-0.021146,-0.031133,-0.05626,0.001964,0.007966,-0.016683,0.054811,-0.085379,-1.01656,0.042863,0.027408,-0.023615,-0.031904,0.940752,0.33759,0.064391,-0.335126,0.93997,0.997414,0.051726,-0.049884,-0.028135,0.000953,0.003984,0.004067,0.045756,-0.109053,-0.865238,0.053295,0.026667,-0.082968,-0.095147,0.310511,-0.945795,-0.404732,-0.880099,-0.248227,-0.909471,0.359175,0.209412,0.008239,0.002027,0.002595,0.060933,-0.362965,-0.663774,-0.876236
354,0.078937,0.004309,0.32148,-0.032005,0.250599,-0.967585,-0.567134,-0.801649,-0.188918,-0.822974,0.542389,0.168983,0.003775,0.010669,0.010809,0.062917,-0.546776,-0.515208,-1.909114,-0.154655,0.008374,0.308615,0.008687,-0.946295,0.323173,-0.032715,0.322625,0.945926,-0.999368,-0.017597,-0.028581,-0.042189,0.002586,0.006966,-0.032587,0.043724,0.436827,-1.017691,0.041891,0.027456,-0.023491,-0.030798,0.944655,0.326614,0.060093,-0.324429,0.943999,0.997717,0.048701,-0.046775,-0.028041,0.000195,0.003205,1.035945,-0.072151,2.474165,-0.861809,0.053558,0.026808,-0.082817,-0.086042,0.293388,-0.952112,-0.401155,-0.884967,-0.236445,-0.911959,0.361601,0.193838,0.008813,0.003713,0.004284,0.022251,-0.141843,-0.253648,-0.878032
355,0.079554,0.004761,0.321868,-0.025469,0.22851,-0.973232,-0.564897,-0.806456,-0.174623,-0.824747,0.545039,0.150834,0.00509,0.014479,0.014591,0.037103,-0.306393,-0.36241,-1.909008,-0.156716,0.008383,0.308827,0.00776,-0.949152,0.314708,-0.028723,0.314258,0.948868,-0.999497,-0.015206,-0.025239,-0.056015,-0.000383,0.00542,-0.026229,0.064276,-0.07815,-1.019395,0.040845,0.027464,-0.02338,-0.029525,0.948066,0.316697,0.056267,-0.314757,0.947502,0.997978,0.045794,-0.044052,-0.027994,-0.000694,0.002252,-0.007623,0.074089,-0.126137,-0.86883,0.053872,0.027035,-0.082622,-0.073905,0.271092,-0.959711,-0.397585,-0.890567,-0.220944,-0.914584,0.365238,0.173599,0.009529,0.005815,0.006368,0.041694,-0.359822,-0.35747,-0.888646
356,0.080322,0.005416,0.322333,-0.023042,0.194905,-0.980575,-0.563186,-0.812879,-0.148393,-0.82599,0.548581,0.129718,0.021049,0.025197,0.006989,-0.046785,-0.309087,-1.263099,-1.908822,-0.158877,0.008307,0.308992,0.005622,-0.95319,0.302304,-0.02508,0.301961,0.952956,-0.999607,-0.011738,-0.022607,-0.055921,-0.002007,0.003716,-0.114617,0.159789,0.016407,-1.020103,0.039785,0.027428,-0.023298,-0.028201,0.952033,0.304691,0.051904,-0.303006,0.951573,0.998253,0.04265,-0.040869,-0.027943,-0.001656,0.001256,-0.086065,0.207235,0.263118,-0.871443,0.054238,0.027356,-0.08239,-0.06438,0.242853,-0.967924,-0.394506,-0.89712,-0.198848,-0.916635,0.36905,0.153564,0.010031,0.007361,0.00786,0.044679,-0.395904,-0.374334,-0.894362
357,0.080775,0.005723,0.322576,-0.026478,0.177575,-0.983774,-0.56299,-0.815812,-0.132158,-0.826017,0.550131,0.122797,0.034058,0.012199,0.014141,0.039602,-0.474354,-0.444854,-1.908664,-0.159872,0.008239,0.309027,0.006135,-0.954369,0.298553,-0.022133,0.298238,0.9542,-0.999674,-0.011259,-0.019688,-0.055861,-0.003738,0.001976,0.115391,0.027849,0.09616,-1.020696,0.039267,0.027395,-0.023277,-0.028308,0.95327,0.300788,0.049278,-0.299212,0.952912,0.998383,0.041797,-0.038506,-0.02793,-0.001998,0.000902,0.480501,-0.183243,0.814117,-0.870136,0.054473,0.027519,-0.082266,-0.065294,0.221666,-0.972933,-0.393712,-0.901637,-0.179,-0.916911,0.371368,0.146144,0.010529,0.01269,0.003543,0.050025,-0.473473,-0.703783,-0.897301
358,0.081828,0.006322,0.323054,-0.040757,0.133196,-0.990275,-0.562046,-0.822443,-0.087544,-0.826062,0.552842,0.109615,0.033497,0.010967,0.012763,0.054635,-0.564961,-0.773439,-1.908665,-0.161817,0.008035,0.309067,0.010098,-0.956169,0.292624,-0.021443,0.292247,0.956068,-0.999662,-0.014723,-0.017939,-0.055827,-0.005625,3.6e-05,-0.060661,0.113195,-0.076972,-1.020462,0.038294,0.027294,-0.023256,-0.032644,0.955016,0.294748,0.048387,-0.29305,0.954871,0.998294,0.045433,-0.036644,-0.020924,-0.002634,-0.000462,-0.061285,0.121018,-0.079559,-0.876179,0.055001,0.027824,-0.082021,-0.071215,0.176777,-0.981671,-0.391398,-0.910188,-0.135511,-0.917461,0.374574,0.134009,0.017377,0.011134,0.002405,0.081074,-0.651003,-1.247545,-0.893382
359,0.083002,0.006964,0.323491,-0.053527,0.089304,-0.994588,-0.558957,-0.827994,-0.044317,-0.827412,0.553446,0.095475,0.034825,0.022967,0.005372,0.076438,-0.420881,-0.802801,-1.908987,-0.163537,0.007747,0.3091,0.010244,-0.95813,0.286134,-0.015848,0.28584,0.958112,-0.999765,-0.013141,-0.012636,-0.041888,-0.004775,-0.000583,-0.006142,0.045626,-0.087723,-1.020442,0.037429,0.027147,-0.023242,-0.03288,0.956947,0.288392,0.042454,-0.28695,0.957003,0.998556,0.04371,-0.031191,-0.020444,-0.008451,0.003233,-0.045572,0.056378,-0.113316,-0.875362,0.055575,0.028135,-0.081806,-0.074651,0.131948,-0.988441,-0.387132,-0.9173,-0.093214,-0.918997,0.375698,0.119559,0.017488,0.011691,0.002875,0.096299,-0.725421,-1.188445,-0.899097
360,0.083592,0.00731,0.32366,-0.057533,0.071515,-0.995802,-0.557132,-0.829953,-0.027469,-0.828369,0.55312,0.088832,0.034599,0.022534,0.004873,0.062993,-0.323892,-0.741158,-1.908957,-0.164274,0.007575,0.309132,0.015996,-0.959034,0.282824,-0.014821,0.282483,0.959123,-0.999713,-0.018324,-0.010071,-0.026943,-0.015353,0.006536,-0.040566,0.041462,-0.076232,-1.020238,0.037055,0.027064,-0.02323,-0.03875,0.957684,0.285199,0.041311,-0.283634,0.958041,0.998394,0.048906,-0.028573,-0.020951,-0.002569,-0.000451,-0.010809,0.046209,-0.095632,-0.87079,0.055883,0.028314,-0.081714,-0.074946,0.112801,-0.990786,-0.38476,-0.919912,-0.075627,-0.919968,0.375547,0.112345,0.009802,0.007136,0.00742,0.032173,-0.31366,-1.035668,-0.897954
361,0.084935,0.007926,0.323975,-0.060946,0.044376,-0.997177,-0.55413,-0.832407,-0.003229,-0.830132,0.55231,0.076564,0.032734,0.009765,0.011218,0.006881,0.016838,-0.543231,-1.908776,-0.165503,0.007214,0.30924,0.014543,-0.961508,0.274374,-0.011293,0.27411,0.961597,-0.999779,-0.01587,-0.007237,-0.041954,-0.003795,0.000295,0.031137,0.036092,-0.023846,-1.019302,0.03643,0.026876,-0.023175,-0.037452,0.960221,0.276718,0.037694,-0.275358,0.960602,0.998587,0.046407,-0.025882,-0.02098,-0.001872,0.000195,0.038788,0.032817,-0.034215,-0.872912,0.056555,0.028629,-0.081557,-0.072416,0.084966,-0.993748,-0.381137,-0.923102,-0.051152,-0.921677,0.37505,0.09923,0.016884,0.010289,0.001393,0.042528,0.030963,-0.496165,-0.899097
362,0.086393,0.008311,0.324226,-0.058416,0.029609,-0.997876,-0.552523,-0.833447,0.007561,-0.831388,0.55175,0.066288,0.031736,0.007134,0.00855,0.005341,-0.217142,-0.49915,-1.909384,-0.166367,0.006935,0.309419,0.018588,-0.963299,0.267771,-0.010885,0.267488,0.963466,-0.999722,-0.019608,-0.00587,-0.013058,-0.011511,0.008916,-0.22376,0.244822,0.189407,-1.019362,0.036003,0.026739,-0.02309,-0.043453,0.96099,0.273146,0.03378,-0.271834,0.96175,0.998483,0.051018,-0.020651,-0.00701,0.000202,0.000877,0.162183,0.167944,0.112224,-0.878791,0.057297,0.028826,-0.081426,-0.068446,0.072363,-0.995026,-0.379383,-0.924325,-0.041125,-0.922704,0.374681,0.090719,0.015843,0.003496,0.004183,0.002278,-0.313349,-0.568255,-0.900567
363,0.08783,0.008492,0.324489,-0.064146,0.02744,-0.997586,-0.552196,-0.833603,0.012525,-0.831175,0.551629,0.069866,0.043729,-0.008498,0.013003,-0.032989,0.173939,-0.237278,-1.908787,-0.166861,0.006822,0.309569,0.018338,-0.963639,0.26656,-0.009824,0.2663,0.963806,-0.999738,-0.019077,-0.004938,-1.5e-05,0.00145,0.001413,-4.8e-05,4.9e-05,3.7e-05,-1.019658,0.035751,0.026679,-0.023011,-0.042853,0.961161,0.272639,0.031879,-0.271435,0.961928,0.998572,0.049913,-0.019009,-0.007013,0.000582,0.001236,-0.004127,0.002255,-0.014875,-0.884017,0.058015,0.028916,-0.081295,-0.073228,0.068417,-0.994965,-0.378979,-0.924716,-0.035694,-0.922503,0.374457,0.093644,0.021838,-0.004319,0.006407,-0.03372,0.17889,-0.234188,-0.902526
364,0.088523,0.008548,0.32462,-0.066466,0.026608,-0.997457,-0.55211,-0.833629,0.014499,-0.831048,0.551632,0.07134,0.029624,-0.006663,0.013935,-0.034056,0.188676,-0.26681,-1.908524,-0.166976,0.006839,0.309611,0.018093,-0.963534,0.266956,-0.009888,0.266696,0.963696,-0.999741,-0.01886,-0.005057,-1.4e-05,0.001389,0.001353,-1e-06,1e-06,1e-06,-1.019508,0.035694,0.026688,-0.022989,-0.042777,0.961099,0.27287,0.032046,-0.27166,0.961859,0.99857,0.04989,-0.019179,-0.007008,0.000508,0.001161,-0.009335,0.005641,-0.022742,-0.884506,0.058362,0.028944,-0.08123,-0.075367,0.067181,-0.99489,-0.378893,-0.924824,-0.033747,-0.922366,0.374414,0.095156,0.01478,-0.003424,0.006853,-0.034729,0.189346,-0.266348,-0.900893
365,0.089695,0.008596,0.32492,-0.071639,0.024703,-0.997147,-0.552071,-0.833565,0.018959,-0.830637,0.551819,0.074595,0.030428,0.003763,0.005103,0.001094,0.062214,-0.084166,-1.909538,-0.166989,0.006909,0.309637,0.017515,-0.96332,0.267765,-0.00989,0.267508,0.963471,-0.999751,-0.018307,-0.005198,-6e-06,0.000602,0.000586,-0.0,0.0,0.0,-1.019571,0.035687,0.026725,-0.022973,-0.042424,0.961001,0.273268,0.032697,-0.272033,0.961731,0.998564,0.049735,-0.019881,-4e-06,0.000335,0.000329,-0.01273,0.011128,-0.014754,-0.885323,0.058925,0.028968,-0.081088,-0.07992,0.064385,-0.994719,-0.378855,-0.924987,-0.029433,-0.921998,0.374502,0.098317,0.008355,0.00332,0.003531,-0.000385,0.076942,-0.113682,-0.901383
366,0.090591,0.008668,0.325353,-0.081028,0.02414,-0.996442,-0.552231,-0.83331,0.024665,-0.829656,0.552231,0.082093,0.017504,0.009297,0.009579,8.3e-05,0.079601,-0.112011,-1.908872,-0.166707,0.007001,0.309687,0.015186,-0.963593,0.266924,-0.01171,0.266647,0.963689,-0.999766,-0.016544,-0.00759,-3.2e-05,0.00299,0.002909,0.00147,-0.015751,0.024095,-1.019507,0.035828,0.026767,-0.022953,-0.040698,0.960986,0.273583,0.033184,-0.272359,0.961622,0.998619,0.048215,-0.020805,0.006984,0.001448,0.000749,-0.014493,-0.000428,0.014492,-0.885976,0.059388,0.028995,-0.080873,-0.089204,0.062083,-0.994076,-0.379073,-0.925061,-0.023757,-0.921057,0.374708,0.106053,0.015211,-0.001868,0.008278,-0.033999,0.050718,-0.082515,-0.904485
367,0.090987,0.00878,0.325644,-0.089597,0.020505,-0.99579,-0.552093,-0.833133,0.032466,-0.828856,0.552648,0.087206,0.016906,-0.000248,0.01914,-0.0384,0.135987,-0.191774,-1.909295,-0.166477,0.007071,0.309732,0.015128,-0.963602,0.266898,-0.011712,0.266621,0.963696,-0.999767,-0.016489,-0.007607,0.013961,0.003176,0.001772,-0.010835,0.096302,-0.134923,-1.01802,0.035938,0.026804,-0.022928,-0.040723,0.961077,0.27326,0.033436,-0.272023,0.961709,0.99861,0.0483,-0.021057,0.006977,0.001882,0.001168,-0.014761,8.6e-05,0.018488,-0.886139,0.059579,0.029048,-0.080737,-0.09657,0.056842,-0.993701,-0.378928,-0.925285,-0.016104,-0.920373,0.374986,0.110893,0.009124,0.005899,0.005945,-0.054923,0.657419,-1.027284,-0.905302
368,0.091607,0.009049,0.326368,-0.111053,0.011313,-0.993773,-0.551505,-0.832526,0.052099,-0.826621,0.553839,0.099931,0.018079,0.003699,0.022774,-0.036607,0.199103,-0.291389,-1.909753,-0.166017,0.007174,0.309774,0.014679,-0.963496,0.267305,-0.011734,0.267031,0.963583,-0.999773,-0.016065,-0.007741,0.013977,0.001395,3.4e-05,0.002045,-0.015205,0.029245,-1.017251,0.036173,0.02686,-0.022903,-0.040487,0.961133,0.273098,0.034203,-0.271829,0.961737,0.998593,0.048279,-0.021868,0.006989,0.000618,-6.7e-05,-0.014356,0.004696,0.004106,-0.886629,0.059895,0.029184,-0.080374,-0.116,0.043385,-0.9923,-0.378374,-0.925644,0.003761,-0.918355,0.375898,0.12379,0.009115,0.002121,0.011634,-0.03904,0.222759,-0.328637,-0.906935
369,0.092061,0.00931,0.327418,-0.13472,0.001231,-0.990906,-0.550659,-0.831446,0.07378,-0.823634,0.555586,0.113925,0.005495,0.010165,0.028017,-0.050179,0.319387,-0.487412,-1.909653,-0.16559,0.007241,0.309727,0.019798,-0.963235,0.267912,-0.013253,0.26757,0.963413,-0.999672,-0.021409,-0.007825,0.013987,0.000563,-0.00078,0.002045,-0.015205,0.029245,-1.016916,0.036386,0.026892,-0.022927,-0.042423,0.961015,0.273219,0.035648,-0.271836,0.961683,0.998463,0.050537,-0.022726,0.006995,0.000229,-0.000448,-0.017155,-0.026614,0.007667,-0.886792,0.060126,0.029312,-0.079851,-0.136995,0.028916,-0.990149,-0.377672,-0.925595,0.025224,-0.915748,0.377408,0.137723,0.002698,0.004946,0.013879,-0.092108,0.798796,-1.238928,-0.899097
370,0.092443,0.009375,0.32872,-0.154452,-0.006946,-0.987999,-0.550178,-0.82997,0.091789,-0.820463,0.557758,0.125599,0.004475,-0.000771,0.036144,-0.072248,0.310345,-0.461939,-1.909857,-0.165237,0.007304,0.309683,0.019556,-0.963195,0.268076,-0.013146,0.267738,0.963368,-0.999678,-0.021148,-0.007782,0.0,-0.0,-0.0,-0.0,0.0,0.0,-1.016755,0.036563,0.026922,-0.02295,-0.042941,0.961039,0.273056,0.03632,-0.271625,0.961716,0.998416,0.051215,-0.023241,3e-06,-1e-05,-1.5e-05,-0.01156,-0.00343,-0.011906,-0.886302,0.060321,0.029352,-0.079185,-0.155085,0.016666,-0.98776,-0.377393,-0.925023,0.043646,-0.912974,0.379542,0.149747,0.002225,-0.000377,0.018076,-0.072479,0.309614,-0.460761,-0.892239
371,0.092627,0.009231,0.329448,-0.162585,-0.010158,-0.986665,-0.550377,-0.828988,0.099174,-0.818746,0.559171,0.13042,0.00304,-0.013138,0.043052,-0.105397,0.222395,-0.309485,-1.90941,-0.165114,0.007343,0.309667,0.019478,-0.963184,0.268122,-0.013074,0.267786,0.963356,-0.99968,-0.021054,-0.007733,0.013977,0.00108,-0.000284,0.002045,-0.015205,0.029245,-1.016959,0.03662,0.026941,-0.022959,-0.043064,0.961062,0.272956,0.036578,-0.27151,0.961739,0.998402,0.0514,-0.023461,-0.000487,0.00595,-0.003612,-0.04724,0.010626,0.022306,-0.886629,0.060413,0.029288,-0.078835,-0.162181,0.012022,-0.986687,-0.377715,-0.924526,0.05082,-0.911607,0.380929,0.154481,0.008207,-0.008331,0.020211,-0.104987,0.222984,-0.304146,-0.891912
372,0.093087,0.008411,0.331053,-0.175637,-0.014825,-0.984366,-0.552103,-0.82635,0.110901,-0.814865,0.562965,0.138179,0.014206,-0.031703,0.044907,-0.139493,0.24015,-0.320724,-1.909039,-0.165008,0.007529,0.309668,0.017666,-0.963634,0.266625,-0.014529,0.266273,0.963754,-0.999691,-0.019683,-0.009651,-4.8e-05,0.002984,0.002899,-0.006218,0.006431,0.004873,-1.018167,0.036678,0.02703,-0.022963,-0.041867,0.961222,0.272577,0.036949,-0.27114,0.96183,0.998439,0.05034,-0.024164,-2.9e-05,0.001845,0.00179,0.002447,-0.011514,0.025747,-0.886955,0.060646,0.028879,-0.078011,-0.174298,0.004637,-0.984681,-0.379911,-0.922881,0.062901,-0.908453,0.385055,0.162618,0.007014,-0.016075,0.02224,-0.139808,0.24018,-0.320747,-0.879502
373,0.093689,0.007224,0.332699,-0.172291,-0.018437,-0.984896,-0.556049,-0.823465,0.112633,-0.812897,0.567076,0.132851,0.014978,-0.021459,0.035936,-0.12798,-0.25464,-0.130579,-1.90899,-0.165101,0.007888,0.3097,0.015998,-0.96411,0.265005,-0.015683,0.264646,0.964184,-0.999699,-0.018364,-0.011239,-0.015003,0.015066,-0.00281,0.017963,0.021132,0.001444,-1.017903,0.036637,0.027206,-0.022944,-0.04052,0.961558,0.271594,0.037424,-0.270166,0.962086,0.998477,0.049148,-0.025038,-4.3e-05,0.00262,0.002538,0.003043,-0.001737,0.03106,-0.887445,0.06094,0.02829,-0.077205,-0.170751,0.002558,-0.98531,-0.384314,-0.920966,0.064209,-0.907273,0.389633,0.158239,0.006874,-0.016568,0.021785,-0.187295,-0.266357,-0.442408,-0.880645
374,0.093961,0.006626,0.333511,-0.168592,-0.021462,-0.985475,-0.548486,-0.828631,0.111826,-0.818793,0.559395,0.129157,9.5e-05,-0.030572,0.045345,-0.149781,0.006391,-0.269345,-1.90951,-0.165207,0.008107,0.30971,0.014277,-0.964556,0.263477,-0.017059,0.263112,0.96458,-0.999701,-0.017049,-0.013049,-0.001036,0.015941,-0.003295,-0.079715,0.108858,0.10886,-1.017719,0.036578,0.027317,-0.022937,-0.039561,0.96176,0.271018,0.037682,-0.269601,0.962233,0.998505,0.04828,-0.025575,-0.007021,0.002236,0.002831,0.002735,0.102958,-0.024399,-0.888098,0.061082,0.027994,-0.076803,-0.165804,-0.000367,-0.986158,-0.37586,-0.924495,0.063538,-0.911722,0.381193,0.153147,0.00678,-0.016893,0.021493,-0.144151,-0.017148,-0.292736,-0.872644
375,0.09454,0.005599,0.334904,-0.160246,-0.028242,-0.986696,-0.542595,-0.832491,0.111896,-0.824383,0.553339,0.119309,0.015031,-0.013571,0.024792,-0.122868,-0.512134,-0.291716,-1.908891,-0.165521,0.008612,0.309679,0.012211,-0.964855,0.262483,-0.017855,0.262133,0.964832,-0.999712,-0.015251,-0.014376,-0.001033,0.016238,-0.003012,0.028227,-0.016908,0.049446,-1.016874,0.036421,0.027576,-0.022954,-0.037453,0.962181,0.269822,0.038502,-0.268422,0.962531,0.998556,0.046438,-0.026993,-0.000516,0.008093,-0.001527,-0.015812,0.000626,0.083533,-0.887609,0.061372,0.02747,-0.076088,-0.157788,-0.003712,-0.987465,-0.369356,-0.927182,0.062505,-0.915793,0.374589,0.144928,0.007463,-0.006887,0.012294,-0.118211,-0.469736,-0.271635,-0.877053
376,0.094962,0.005015,0.335937,-0.159044,-0.03324,-0.986735,-0.530124,-0.840246,0.113698,-0.832689,0.541212,0.117244,0.015915,-0.002818,0.016232,-0.033199,-0.014756,0.036476,-1.908868,-0.165862,0.009037,0.309629,0.010162,-0.96515,0.261484,-0.018757,0.261149,0.965082,-0.999716,-0.013494,-0.015797,-0.014926,0.013323,-0.004514,-0.026015,0.066462,0.036064,-1.015098,0.036251,0.027792,-0.022975,-0.035767,0.96248,0.268981,0.03931,-0.26759,0.96273,0.998586,0.045008,-0.028265,-0.00746,0.006599,-0.002312,-0.014973,0.070936,0.029864,-0.888099,0.061581,0.027176,-0.075573,-0.154296,-0.010257,-0.987971,-0.355569,-0.932372,0.06521,-0.921825,0.361354,0.140215,0.007932,-0.001433,0.008088,-0.030866,0.008487,0.049897,-0.878522
377,0.095153,0.005,0.336542,-0.159336,-0.034121,-0.986657,-0.526071,-0.842742,0.114046,-0.835198,0.537262,0.117559,0.001949,-0.001109,0.017192,-0.036273,0.091102,-0.136691,-1.908946,-0.166094,0.009271,0.309651,0.008081,-0.965436,0.260499,-0.020163,0.260179,0.965316,-0.999705,-0.011835,-0.01771,-3.5e-05,0.002612,0.00252,-0.002355,0.002435,0.001857,-1.014791,0.036135,0.027907,-0.022966,-0.033893,0.9626,0.268795,0.039643,-0.267443,0.962757,0.998638,0.043286,-0.029096,-1.7e-05,0.001304,0.001262,-0.005561,0.009727,0.003819,-0.887282,0.061676,0.027167,-0.075272,-0.154565,-0.01099,-0.987921,-0.351113,-0.934051,0.065324,-0.923487,0.356969,0.140512,0.000935,-0.000652,0.008503,-0.037104,0.091765,-0.13631,-0.881298
378,0.095222,0.005092,0.336708,-0.159131,-0.035019,-0.986659,-0.521206,-0.845763,0.114026,-0.838282,0.532437,0.117564,0.00214,0.007286,0.006527,5.453151,-0.645027,-0.625032,-1.908962,-0.16617,0.009338,0.30968,0.007939,-0.965376,0.260723,-0.020103,0.260407,0.965256,-0.999707,-0.011686,-0.017686,-2.6e-05,0.001958,0.001888,-3.4e-05,3.6e-05,2.7e-05,-1.014456,0.036097,0.02794,-0.022951,-0.033726,0.962619,0.268749,0.039821,-0.267394,0.962763,0.998637,0.043172,-0.029315,-1.6e-05,0.001146,0.001108,-0.008229,0.009081,-0.00062,-0.887609,0.061711,0.027214,-0.075189,-0.154593,-0.010953,-0.987917,-0.351271,-0.933991,0.065324,-0.923422,0.357126,0.140541,0.00098,0.00337,0.003015,-0.000381,-0.014725,0.024843,-0.875746
379,0.095425,0.005173,0.336923,-0.158135,-0.036503,-0.986765,-0.511459,-0.851772,0.11342,-0.84445,0.522668,0.117255,0.000204,-0.007041,0.011859,-0.034539,0.018227,-0.015697,-1.909004,-0.166243,0.00937,0.309732,0.007676,-0.965272,0.261115,-0.020163,0.260802,0.965147,-0.999707,-0.011455,-0.017809,-1.3e-05,0.000986,0.000951,-0.0,0.0,0.0,-1.013925,0.03606,0.027956,-0.022925,-0.033446,0.962563,0.268984,0.040031,-0.267628,0.96269,0.998638,0.042966,-0.029581,-9e-06,0.000566,0.000546,-0.006865,0.00885,-0.00502,-0.887772,0.061814,0.027261,-0.075082,-0.152907,-0.013086,-0.988153,-0.334992,-0.940025,0.064286,-0.92973,0.340853,0.139352,0.007488,0.00094,0.001102,0.000398,-0.028655,0.054347,-0.87395
380,0.095858,0.005069,0.337171,-0.164158,-0.043836,-0.985482,-0.49089,-0.862888,0.1201,-0.855428,0.50353,0.121359,0.013893,-0.009579,0.01011,-0.033213,0.003436,0.013777,-1.90892,-0.166274,0.009336,0.309703,0.005566,-0.965564,0.260089,-0.021991,0.259794,0.965379,-0.99968,-0.009874,-0.020133,2.4e-05,-0.001842,-0.001776,0.11096,0.513112,-0.020736,-1.013382,0.036045,0.027943,-0.022936,-0.032564,0.962418,0.26961,0.04024,-0.268272,0.962502,0.998658,0.042192,-0.029992,1e-05,-0.000392,-0.000404,0.458313,1.633268,-0.051955,-0.888425,0.062018,0.02721,-0.074964,-0.157471,-0.021625,-0.987286,-0.312546,-0.947275,0.070599,-0.936759,0.31969,0.142409,0.007413,0.000696,0.000878,0.00439,-0.017993,0.036356,-0.878522
381,0.096537,0.004723,0.337688,-0.173811,-0.053479,-0.983349,-0.470295,-0.872785,0.130539,-0.865024,0.485215,0.127774,0.02891,-0.007507,0.01245,0.009186,0.070191,-0.108288,-1.908444,-0.166316,0.009286,0.309644,0.009297,-0.965855,0.2589,-0.02531,0.258483,0.965651,-0.999579,-0.014311,-0.022387,1.7e-05,-0.001309,-0.001262,-0.019338,0.020056,0.015291,-1.013394,0.036024,0.027914,-0.022969,-0.033266,0.962238,0.270167,0.040679,-0.268789,0.962339,0.998618,0.043003,-0.030201,1.2e-05,-0.00082,-0.000789,0.001207,-0.007743,-0.004407,-0.889078,0.062356,0.027025,-0.074709,-0.164954,-0.032983,-0.985749,-0.290425,-0.953505,0.080503,-0.942572,0.299566,0.147705,0.007167,-0.007881,0.01135,0.079602,-0.01613,0.010963,-0.884401
382,0.096943,0.004543,0.338098,-0.177237,-0.056391,-0.982574,-0.46553,-0.874794,0.134124,-0.8669,0.481256,0.130018,0.016227,-0.001447,0.017312,-0.03322,-0.011432,0.038509,-1.908515,-0.166326,0.009262,0.309608,0.007399,-0.966226,0.257575,-0.027081,0.257176,0.965951,-0.999546,-0.012903,-0.024606,2.4e-05,-0.001886,-0.00182,-0.190215,0.211637,0.125247,-1.013381,0.036018,0.027904,-0.022986,-0.033088,0.962194,0.270346,0.040708,-0.268972,0.962287,0.998622,0.042845,-0.030269,7e-06,-0.000416,-0.000398,0.006989,0.176519,-0.05823,-0.889242,0.062552,0.026935,-0.074518,-0.167735,-0.036555,-0.985153,-0.285256,-0.954763,0.083996,-0.943659,0.29511,0.14972,0.008162,-0.000532,0.008819,-0.03716,0.089445,-0.128865,-0.885217
383,0.097736,0.004316,0.339288,-0.181151,-0.057057,-0.981822,-0.457011,-0.879086,0.135353,-0.870611,0.473289,0.134395,0.018106,-0.002468,0.034377,-0.070204,0.093602,-0.123401,-1.908422,-0.166351,0.009288,0.309551,0.005636,-0.966638,0.25607,-0.028707,0.255694,0.966298,-0.99951,-0.011577,-0.026649,8e-06,-0.000604,-0.000583,-0.004525,0.004693,0.003579,-1.010507,0.036006,0.027914,-0.023017,-0.031699,0.962207,0.270464,0.040577,-0.269138,0.962246,0.998673,0.041476,-0.030512,5e-06,-0.000351,-0.000338,-0.003591,-0.008264,-0.004805,-0.889242,0.062957,0.026811,-0.073925,-0.171435,-0.037894,-0.984466,-0.276111,-0.957365,0.084932,-0.945712,0.286382,0.153663,0.016137,-0.001573,0.017118,-0.071343,0.058263,-0.072631,-0.886034
384,0.098519,0.004201,0.34096,-0.182729,-0.058366,-0.981452,-0.454515,-0.880139,0.13691,-0.871585,0.471171,0.135521,0.019225,-0.006008,0.049055,-0.104626,0.09591,-0.115002,-1.908345,-0.166339,0.009399,0.309488,0.003778,-0.967018,0.254666,-0.030189,0.254324,0.966614,-0.999472,-0.010119,-0.028571,-0.0,1.1e-05,1.1e-05,-0.002338,0.002425,0.00185,-0.998823,0.036012,0.027969,-0.023049,-0.03072,0.96229,0.270284,0.040805,-0.268979,0.962281,0.998694,0.04059,-0.031003,0.0,2.1e-05,2.1e-05,-0.000832,-0.005494,0.001203,-0.889078,0.063349,0.026757,-0.073093,-0.172681,-0.039557,-0.984182,-0.273456,-0.957988,0.086483,-0.946257,0.284064,0.15461,0.010225,0.00313,0.020896,-0.067694,-0.037229,0.097147,-0.882768
385,0.098899,0.004139,0.341976,-0.184286,-0.05661,-0.981264,-0.451113,-0.882096,0.135556,-0.87302,0.467708,0.138243,0.019681,-0.004221,0.050464,0.048992,0.012466,0.057775,-1.908261,-0.166333,0.00946,0.309448,0.00334,-0.966388,0.257052,-0.031606,0.256704,0.965939,-0.99943,-0.010131,-0.030028,-0.0,0.0,0.0,-1.486464,0.324526,-2.304606,-0.971123,0.036015,0.028,-0.023068,-0.030801,0.962349,0.270065,0.040995,-0.26875,0.962336,0.998684,0.040712,-0.031174,1e-06,7e-06,6e-06,0.002408,-0.006261,0.005017,-0.883853,0.06354,0.026729,-0.072583,-0.174893,-0.037988,-0.983854,-0.269853,-0.959142,0.085003,-0.946885,0.280362,0.157496,0.010024,-0.00138,0.025861,0.390943,-0.072596,0.022481,-0.882278
386,0.099529,0.003909,0.344078,-0.18581,-0.052919,-0.981183,-0.455154,-0.880314,0.133619,-0.870596,0.471478,0.140708,0.020161,-0.002186,0.051922,-0.1005,-0.013235,0.084908,-1.908322,-0.166317,0.009644,0.309329,0.000977,-0.965625,0.259923,-0.036013,0.259602,0.96501,-0.999282,-0.009085,-0.034867,-0.000951,0.011568,-0.007518,0.01715,0.008752,0.03297,-0.912627,0.036024,0.028088,-0.023125,-0.028621,0.961077,0.274791,0.045984,-0.273347,0.960815,0.998531,0.040136,-0.036371,0.006963,0.00038,-0.000288,-0.073352,0.016822,-0.06976,-0.865564,0.063856,0.026617,-0.071528,-0.177074,-0.034751,-0.983583,-0.274068,-0.958104,0.083191,-0.945267,0.2843,0.160131,0.009596,-0.006629,0.03012,-0.140115,-0.018993,0.055573,-0.87542
387,0.099999,0.003459,0.346431,-0.190951,-0.045673,-0.98056,-0.454692,-0.881163,0.129535,-0.869718,0.47064,0.148714,0.00529,-0.011866,0.060782,-0.127026,0.101412,0.086313,-1.908671,-0.166274,0.009891,0.309168,-0.001633,-0.964277,0.264876,-0.041814,0.264592,0.963419,-0.999052,-0.008286,-0.041104,-0.000952,0.011574,-0.007509,-0.062977,0.090527,0.093778,-0.854594,0.036045,0.028211,-0.023206,-0.026125,0.959477,0.280571,0.052336,-0.278969,0.958872,0.998287,0.039734,-0.042928,-0.000473,0.005788,-0.003755,-0.022618,0.088681,0.019897,-0.854134,0.064098,0.026401,-0.070351,-0.183587,-0.028571,-0.982587,-0.273439,-0.958642,0.078964,-0.944206,0.283175,0.168182,0.009338,-0.007425,0.02931,-0.134289,0.186092,-0.089342,-0.87346
388,0.100224,0.002942,0.348699,-0.196974,-0.034274,-0.979833,-0.459498,-0.879593,0.123086,-0.865834,0.474514,0.158729,-0.009001,-0.011928,0.060168,-0.103414,0.481456,0.00089,-1.908376,-0.166247,0.010212,0.308969,-0.005706,-0.963919,0.266118,-0.047633,0.265964,0.962771,-0.998772,-0.005966,-0.047784,-0.000956,0.01183,-0.007257,-0.186677,0.218604,0.194104,-0.829206,0.036058,0.028372,-0.023305,-0.023182,0.958811,0.283096,0.055864,-0.281488,0.957937,0.998168,0.038021,-0.047038,2e-06,0.000161,0.000155,-0.032907,0.193559,-0.11039,-0.852664,0.064217,0.026146,-0.069213,-0.190673,-0.019349,-0.981462,-0.278544,-0.957645,0.072994,-0.941305,0.287299,0.177207,0.002312,-0.006979,0.029408,-0.074395,0.544586,0.295108,-0.875093
389,0.100228,0.002697,0.3498,-0.202054,-0.029937,-0.97894,-0.461503,-0.878684,0.122071,-0.863589,0.476481,0.164945,-0.009382,-0.013319,0.058921,-0.083669,0.516057,0.24702,-1.908383,-0.166222,0.010415,0.308838,-0.006154,-0.962771,0.270233,-0.050169,0.270076,0.961497,-0.998644,-0.006426,-0.050322,-0.000953,0.011589,-0.007487,0.029584,-0.007213,0.014639,-0.829188,0.036071,0.028473,-0.02337,-0.021882,0.958213,0.285217,0.058771,-0.283559,0.957151,0.998031,0.037707,-0.05011,-0.000473,0.005789,-0.00375,-0.102149,-0.088185,-0.002224,-0.860176,0.064219,0.026025,-0.068662,-0.195985,-0.016959,-0.980459,-0.280687,-0.957044,0.072661,-0.939576,0.289443,0.182806,0.002474,-0.002481,0.024311,-0.053244,0.604055,0.131675,-0.875583
390,0.099919,0.00245,0.351755,-0.209026,-0.026484,-0.977574,-0.464471,-0.876986,0.123018,-0.860324,0.479798,0.17223,-0.022005,0.007947,0.040924,-0.071187,0.139691,-0.178101,-1.907854,-0.166144,0.010882,0.308536,-0.009802,-0.962557,0.270886,-0.055517,0.270887,0.960975,-0.998327,-0.004405,-0.056452,-0.000955,0.011596,-0.007475,0.016935,0.008708,0.033075,-0.831539,0.03611,0.028702,-0.023519,-0.018467,0.957385,0.288223,0.063506,-0.286567,0.955952,0.99781,0.035958,-0.055507,0.006474,0.006175,-0.004029,-0.048041,0.015746,0.039972,-0.870626,0.06407,0.025894,-0.067677,-0.204978,-0.013219,-0.978676,-0.284028,-0.956078,0.072401,-0.936648,0.292812,0.19222,-0.004735,-0.002855,0.02376,-0.113592,0.114466,-0.214552,-0.880808
391,0.099271,0.002582,0.353418,-0.217817,-0.028008,-0.975611,-0.465794,-0.875413,0.129071,-0.857413,0.482578,0.17885,-0.021572,0.017,0.030687,-0.039621,0.115289,-0.198786,-1.908341,-0.165984,0.011354,0.308231,-0.015619,-0.96208,0.272303,-0.064304,0.272621,0.959936,-0.997718,-0.001304,-0.066484,-0.000958,0.011606,-0.007458,-0.00949,0.035551,0.053896,-0.835263,0.03619,0.028938,-0.023671,-0.013711,0.956261,0.29219,0.068915,-0.290619,0.954353,0.997528,0.033221,-0.061916,0.006468,0.006186,-0.00402,-0.061748,0.042908,0.013767,-0.876995,0.063754,0.025953,-0.066858,-0.212978,-0.016844,-0.976911,-0.285609,-0.955106,0.078734,-0.93438,0.295783,0.198606,-0.011212,0.003194,0.019748,-0.074768,0.11288,-0.19302,-0.882931
392,0.098897,0.002778,0.354077,-0.220332,-0.029439,-0.975004,-0.466167,-0.874822,0.131704,-0.856565,0.483566,0.180243,-0.021705,0.016368,0.030091,-0.039655,0.115066,-0.198911,-1.908275,-0.165868,0.011603,0.30808,-0.019493,-0.961742,0.273246,-0.070403,0.273821,0.959166,-0.997233,0.000673,-0.073408,0.012902,0.013646,-0.006799,-0.115263,0.112203,0.184698,-0.836668,0.036243,0.029064,-0.023752,-0.010749,0.955253,0.295592,0.072905,-0.294074,0.952997,0.99728,0.031794,-0.066481,-0.000475,0.005806,-0.00373,-0.036269,0.127133,-0.014537,-0.878301,0.063558,0.026054,-0.066513,-0.215145,-0.018813,-0.9764,-0.286124,-0.954725,0.081441,-0.933726,0.296893,0.200021,-0.011215,0.00311,0.019639,-0.069765,0.021531,-0.016301,-0.882441
393,0.097995,0.003322,0.355276,-0.218855,-0.028283,-0.97537,-0.467491,-0.874341,0.130195,-0.856224,0.484502,0.179347,-0.022331,0.013785,0.027851,-0.035514,0.019046,-0.024778,-1.908148,-0.165577,0.012129,0.307731,-0.026603,-0.961258,0.274348,-0.082473,0.275502,0.957722,-0.996134,0.004065,-0.086969,-0.001917,0.022331,-0.015746,-0.30899,0.262458,0.508089,-0.840469,0.036394,0.029328,-0.023919,-0.006011,0.953925,0.299983,0.079194,-0.298592,0.951089,0.99684,0.029474,-0.07375,0.006469,0.005578,-0.004604,-0.115199,0.033156,-0.048438,-0.882384,0.063121,0.026321,-0.065924,-0.213853,-0.017321,-0.976711,-0.287503,-0.954442,0.079876,-0.933599,0.297889,0.199131,-0.011372,0.006239,0.013415,-0.036349,0.02227,-0.030549,-0.879175
394,0.096997,0.003767,0.356233,-0.214283,-0.025233,-0.976469,-0.468988,-0.874233,0.125455,-0.856567,0.484862,0.176716,-0.023443,0.009571,0.024366,-0.035488,0.019172,-0.024718,-1.907668,-0.165188,0.012713,0.307315,-0.030399,-0.959404,0.28038,-0.092229,0.281887,0.95497,-0.995165,0.00438,-0.097423,0.011935,0.022887,-0.016513,0.001078,0.035896,0.121598,-0.841213,0.036583,0.02962,-0.024127,-0.001305,0.951629,0.307246,0.088701,-0.305925,0.947914,0.996056,0.02849,-0.084012,0.006465,0.005446,-0.004732,-0.058023,0.050031,0.008265,-0.886955,0.062609,0.026553,-0.065432,-0.210092,-0.013503,-0.977587,-0.289007,-0.954361,0.075293,-0.933988,0.298348,0.196601,-0.018581,0.005635,0.012732,-0.037957,0.051107,-0.085528,-0.879992
395,0.096443,0.003972,0.356669,-0.21296,-0.024331,-0.976781,-0.469579,-0.874109,0.124098,-0.856575,0.48513,0.175942,-0.023818,0.008138,0.023181,-0.035474,0.019236,-0.024687,-1.908116,-0.164985,0.013024,0.307076,-0.032309,-0.958193,0.284278,-0.097796,0.285975,0.953199,-0.994571,0.004203,-0.103322,0.012909,0.010739,-0.009596,-0.000355,0.012131,0.077001,-0.841574,0.036684,0.02978,-0.024249,0.000688,0.95038,0.311087,0.093998,-0.309772,0.946152,0.995571,0.028591,-0.089547,0.005977,0.011034,-0.008658,-0.095575,0.054961,0.042765,-0.887282,0.062332,0.026655,-0.065214,-0.208993,-0.012366,-0.977838,-0.289615,-0.95428,0.073968,-0.934047,0.298655,0.195857,-0.018803,0.004782,0.012029,-0.037491,0.049486,-0.082576,-0.878686
396,0.095301,0.004328,0.357509,-0.214782,-0.025347,-0.976356,-0.470246,-0.873469,0.126068,-0.855752,0.486232,0.176903,-0.024235,0.006492,0.021803,-0.036059,0.033182,-0.049907,-1.906282,-0.164577,0.01369,0.3065,-0.036592,-0.955014,0.294282,-0.110243,0.296421,0.948638,-0.993114,0.003474,-0.116516,-0.000914,0.008029,-0.010883,-0.018141,0.021259,-0.05892,-0.840702,0.036893,0.030116,-0.024534,0.004773,0.947695,0.319139,0.105234,-0.317846,0.942283,0.994435,0.029087,-0.101247,0.005976,0.010581,-0.009089,-0.316427,0.073442,-0.220954,-0.886302,0.06176,0.026832,-0.064795,-0.210588,-0.013746,-0.977477,-0.290384,-0.953888,0.075975,-0.933449,0.299843,0.196885,-0.018804,0.004651,0.011885,-0.036413,0.034101,-0.054266,-0.880808
397,0.094162,0.004698,0.358409,-0.216674,-0.027761,-0.975873,-0.465777,-0.87554,0.12827,-0.857714,0.482361,0.177992,-0.037039,0.010914,0.024935,-0.037019,0.047998,-0.07941,-1.900057,-0.164175,0.014347,0.305761,-0.042744,-0.952079,0.302836,-0.124297,0.305708,0.943942,-0.991199,0.003906,-0.131804,0.01199,0.017533,-0.021664,-1.818373,0.480826,-1.974063,-0.840505,0.037089,0.030442,-0.024898,0.009369,0.94462,0.328029,0.11724,-0.326819,0.937786,0.993058,0.029672,-0.113809,0.006006,0.0088,-0.010808,-0.116423,0.220347,-0.085567,-0.885486,0.061194,0.027011,-0.06435,-0.211954,-0.016494,-0.977139,-0.285575,-0.955171,0.078067,-0.934623,0.295593,0.197742,-0.011691,0.004668,0.012014,-0.03556,0.019575,-0.024571,-0.878849
398,0.093631,0.004932,0.358877,-0.217285,-0.029466,-0.975686,-0.460956,-0.877964,0.129115,-0.860159,0.477835,0.178402,-0.02311,0.010043,0.024501,-0.035402,0.019564,-0.024522,-1.905988,-0.163978,0.014627,0.305352,-0.044206,-0.951502,0.304438,-0.128045,0.307501,0.942858,-0.990656,0.003897,-0.135826,0.012016,0.016113,-0.023042,-0.033079,0.081704,0.122368,-0.83964,0.037192,0.030589,-0.025111,0.012009,0.942926,0.332783,0.123369,-0.331661,0.935296,0.992287,0.029823,-0.120311,0.006023,0.007891,-0.011691,-0.052627,0.072832,0.055638,-0.885976,0.060923,0.027126,-0.064117,-0.212247,-0.018333,-0.977043,-0.280346,-0.956654,0.078851,-0.936139,0.290647,0.197908,-0.011595,0.004936,0.012205,-0.036285,0.034034,-0.049825,-0.879502
399,0.092629,0.005434,0.359865,-0.214074,-0.034852,-0.976219,-0.446489,-0.885358,0.129464,-0.868556,0.463624,0.175187,-0.022535,0.011735,0.025734,-0.102759,-0.419455,-0.260873,-1.90976,-0.163539,0.015103,0.304519,-0.048014,-0.948863,0.312002,-0.138795,0.315553,0.938667,-0.989025,0.002961,-0.147255,0.012017,0.01584,-0.023319,0.039832,-0.092104,0.237508,-0.839308,0.037408,0.030817,-0.025516,0.015722,0.940173,0.340334,0.133608,-0.339299,0.931141,0.990909,0.030832,-0.130949,0.006023,0.007859,-0.011728,-0.10543,0.060947,0.003094,-0.885159,0.060422,0.027377,-0.063624,-0.209798,-0.021224,-0.977514,-0.264604,-0.961224,0.07766,-0.941259,0.274947,0.196047,-0.011286,0.005845,0.012872,-0.115598,-0.495274,-0.303497,-0.878686
400,0.091783,0.005821,0.360903,-0.206663,-0.036323,-0.977761,-0.422245,-0.898143,0.122558,-0.882371,0.438223,0.171494,-0.009338,0.008425,0.023351,5.371294,-0.683095,-0.923156,-1.91002,-0.163082,0.01552,0.303767,-0.052563,-0.945876,0.32023,-0.149825,0.324396,0.933945,-0.987177,0.002304,-0.159184,0.013009,0.004805,-0.01539,-0.176862,0.157552,0.093754,-0.838927,0.037635,0.031028,-0.025903,0.019659,0.936956,0.348893,0.144648,-0.347955,0.926285,0.989287,0.032257,-0.142369,0.006009,0.00834,-0.011263,-0.254326,0.143557,-0.207511,-0.884506,0.059995,0.027575,-0.063101,-0.200886,-0.021743,-0.979372,-0.244092,-0.967109,0.071538,-0.948716,0.253428,0.188971,-0.011412,0.005321,0.012413,-0.029175,-0.009906,0.041212,-0.871991
401,0.091236,0.005833,0.362025,-0.200779,-0.0382,-0.978915,-0.398194,-0.909778,0.117119,-0.894826,0.413355,0.168674,-0.010993,-0.004714,0.030155,5.344875,-0.70476,-0.793177,-1.909896,-0.162629,0.015884,0.303089,-0.057551,-0.943835,0.325354,-0.158036,0.33028,0.930523,-0.985611,0.003324,-0.168591,0.013003,0.005173,-0.015049,-0.160444,0.177924,0.175173,-0.838655,0.037862,0.03121,-0.026242,0.023781,0.934863,0.35421,0.152033,-0.353571,0.922969,0.988089,0.031903,-0.150538,0.00651,0.002693,-0.007427,-0.114577,0.127169,-0.122797,-0.885486,0.059723,0.027589,-0.06254,-0.194871,-0.022503,-0.98057,-0.21821,-0.973686,0.06571,-0.956247,0.226775,0.184833,-0.005414,-0.00203,0.015348,-0.071181,0.027563,-0.015896,-0.873134
402,0.091028,0.005718,0.362621,-0.198172,-0.037149,-0.979486,-0.394399,-0.911784,0.114323,-0.897087,0.409006,0.167259,-0.011108,-0.005111,0.02983,-0.068851,0.023037,-0.010762,-1.909934,-0.162388,0.01603,0.302799,-0.059003,-0.942138,0.329979,-0.160377,0.335089,0.928401,-0.985145,0.003044,-0.171297,0.012977,0.006227,-0.014024,0.033766,-0.007013,0.025675,-0.837766,0.037982,0.031281,-0.026389,0.025898,0.933457,0.35775,0.156324,-0.357249,0.920833,0.987365,0.032077,-0.155175,0.006495,0.00329,-0.006848,-0.120729,0.033533,-0.068206,-0.885323,0.059619,0.027531,-0.062243,-0.192003,-0.02198,-0.981147,-0.20838,-0.976039,0.062644,-0.959016,0.21648,0.182822,-0.005724,-0.003069,0.014533,-0.06687,-0.053723,0.135628,-0.875256
403,0.090681,0.005348,0.363821,-0.192254,-0.038203,-0.980624,-0.370672,-0.922383,0.108551,-0.908426,0.384401,0.164393,0.001763,-0.009227,0.026914,0.423787,-0.125397,0.087209,-1.909898,-0.161913,0.016304,0.302299,-0.064437,-0.938173,0.340105,-0.168687,0.346032,0.922898,-0.983409,0.003279,-0.180997,-0.000918,0.007633,-0.011273,-0.130879,0.024528,-0.16644,-0.837647,0.03822,0.031413,-0.026637,0.030646,0.930375,0.365324,0.16496,-0.365192,0.916199,0.985823,0.032187,-0.164666,0.006466,0.004275,-0.005886,-0.071241,0.033051,-0.002831,-0.886955,0.05944,0.027346,-0.061642,-0.186128,-0.021839,-0.982282,-0.183541,-0.98138,0.056597,-0.965229,0.190824,0.178653,-0.006207,-0.008424,0.018898,1.537313,-0.146681,-0.303427,-0.882768
404,0.090427,0.004951,0.365053,-0.189478,-0.041562,-0.981028,-0.346328,-0.932054,0.106324,-0.918561,0.359949,0.163432,0.002166,-0.007897,0.027912,0.078458,-0.00736,-0.005492,-1.91051,-0.161458,0.016631,0.301909,-0.071079,-0.9366,0.343105,-0.174438,0.350228,0.920242,-0.981939,0.006739,-0.188717,-0.000973,0.009433,-0.009498,0.020622,0.107579,-0.141118,-0.836806,0.038448,0.031575,-0.026833,0.036399,0.928227,0.370227,0.170684,-0.370803,0.912891,0.984653,0.029963,-0.171931,0.006422,0.005593,-0.004591,-0.168557,0.057179,-0.11626,-0.887445,0.059317,0.02715,-0.061044,-0.182631,-0.024459,-0.982877,-0.157716,-0.986015,0.053843,-0.970449,0.164848,0.17622,-0.005652,-0.00282,0.014685,1.572535,-0.160353,-0.285407,-0.885054
405,0.090329,0.004758,0.36564,-0.189333,-0.045027,-0.980903,-0.331043,-0.937528,0.106879,-0.924207,0.345008,0.163822,0.002136,-0.007995,0.027825,1.558483,-0.168674,-0.252716,-1.910775,-0.161223,0.016796,0.301779,-0.074664,-0.935697,0.344802,-0.177423,0.352598,0.918765,-0.981133,0.008601,-0.192787,0.012794,0.012178,-0.008186,-0.202974,0.309842,0.065147,-0.835908,0.038565,0.031659,-0.026905,0.038414,0.927237,0.372497,0.173655,-0.373295,0.911314,0.984056,0.029679,-0.175359,0.006923,0.000311,-0.000399,-0.154819,0.26242,-0.315218,-0.888425,0.059264,0.027048,-0.060735,-0.181987,-0.02768,-0.98291,-0.142941,-0.98824,0.054296,-0.972855,0.15038,0.17589,-0.00582,-0.003149,0.014288,5.349408,-0.563446,-0.943109,-0.888973
406,0.090106,0.004328,0.36691,-0.18502,-0.046788,-0.981643,-0.306517,-0.94628,0.102821,-0.933497,0.319967,0.161963,0.002138,-0.007992,0.027804,-0.024684,0.01734,-0.013843,-1.910758,-0.160693,0.017195,0.301607,-0.079815,-0.931844,0.353961,-0.181082,0.362622,0.914138,-0.980052,0.010039,-0.198142,0.012714,0.01413,-0.006265,0.040918,0.131176,-0.122488,-0.83397,0.038826,0.031854,-0.026987,0.046237,0.924386,0.378644,0.179809,-0.38056,0.907106,0.982613,0.026142,-0.183809,0.006875,0.001624,0.000893,-0.150443,0.03961,-0.154847,-0.888915,0.059152,0.026833,-0.0601,-0.177249,-0.02881,-0.983744,-0.115473,-0.992058,0.049859,-0.977368,0.122433,0.172515,-0.005937,-0.007558,0.019553,0.041711,0.028814,-0.053282,-0.882605
