frame,MLTx,MLTy,MLTz,MLTR1,MLTR2,MLTR3,MLTR4,MLTR5,MLTR6,MLTR7,MLTR8,MLTR9,MLTTVx,MLTTVy,MLTTVz,MLTRVx,MLTRVy,MLTRVz,MLGA,MRTx,MRTy,MRTz,MRTR1,MRTR2,MRTR3,MRTR4,MRTR5,MRTR6,MRTR7,MRTR8,MRTR9,MRTTVx,MRTTVy,MRTTVz,MRTRVx,MRTRVy,MRTRVz,MRGA,SLTx,SLTy,SLTz,SLTR1,SLTR2,SLTR3,SLTR4,SLTR5,SLTR6,SLTR7,SLTR8,SLTR9,SLTTVx,SLTTVy,SLTTVz,SLTRVx,SLTRVy,SLTRVz,SLGA,SRTx,SRTy,SRTz,SRTR1,SRTR2,SRTR3,SRTR4,SRTR5,SRTR6,SRTR7,SRTR8,SRTR9,SRTTVx,SRTTVy,SRTTVz,SRTRVx,SRTRVy,SRTRVz,SRGA
358,0.105433,0.036211,0.385603,0.182019,-0.410374,-0.893593,-0.11766,-0.911321,0.39449,-0.976469,0.03384,-0.213048,-0.002047,0.006646,-0.025841,-0.055564,-0.294479,-0.358558,0.525033,-0.156693,0.041661,0.325357,-0.918418,-0.1321,0.372893,0.387699,-0.114573,0.914602,-0.076937,0.984695,0.155947,-0.012945,0.002709,0.003221,-0.002045,0.015205,-0.029245,-1.403178,0.041328,0.041898,-0.014071,0.943627,-0.060254,0.325477,-0.309012,0.192105,0.931454,-0.118649,-0.979522,0.162657,-0.006461,0.001133,0.001441,-0.015186,0.131045,-0.190672,-0.892671,0.06821,0.04284,-0.047011,0.145358,-0.341393,-0.928612,0.022085,-0.937227,0.348018,-0.989132,-0.071096,-0.128694,-0.001061,0.003115,-0.013034,-0.13388,-0.639119,-0.34443,0.523164
359,0.105391,0.036368,0.384581,0.189586,-0.414188,-0.890254,-0.118281,-0.909715,0.397994,-0.974962,0.030355,-0.22035,-0.002486,0.004937,-0.026816,0.037249,-0.11788,-0.043478,0.524837,-0.156981,0.041837,0.325505,-0.917481,-0.137426,0.373276,0.38873,-0.112224,0.914455,-0.082622,0.984243,0.15589,-0.000258,0.00472,0.003619,-0.0,0.0,0.0,-1.403131,0.041184,0.041981,-0.014,0.943829,-0.054838,0.325851,-0.310514,0.190018,0.931382,-0.112992,-0.980247,0.162317,-0.006503,0.00199,0.002096,-0.001695,0.015467,-0.029338,-0.892671,0.068192,0.042924,-0.047508,0.155488,-0.345386,-0.92549,0.020749,-0.935536,0.35262,-0.987619,-0.074031,-0.138298,-0.001303,0.002166,-0.013574,0.041119,-0.195535,0.107541,0.523001
360,0.105298,0.036488,0.383739,0.191301,-0.411993,-0.890905,-0.116813,-0.91076,0.396033,-0.974806,0.028814,-0.221245,-0.001845,0.000127,-0.014733,0.034083,-0.003772,-0.009212,0.524408,-0.157244,0.041902,0.325566,-0.917696,-0.135143,0.373578,0.388487,-0.110026,0.914825,-0.081372,0.984805,0.152977,-0.012672,-0.002039,-0.000429,-0.016689,0.131629,-0.189815,-1.40327,0.041051,0.042026,-0.01396,0.943649,-0.05712,0.325978,-0.310536,0.187728,0.931839,-0.114422,-0.980558,0.159412,4.4e-05,-0.000818,-0.000622,0.008414,0.014369,-0.028074,-0.889895,0.068142,0.042978,-0.047949,0.156459,-0.342796,-0.926288,0.022378,-0.936367,0.350306,-0.98743,-0.075538,-0.138833,-0.00085,0.000296,-0.007236,0.035181,-0.000689,-0.007949,0.523001
361,0.105104,0.036713,0.383381,0.195404,-0.415647,-0.888313,-0.118099,-0.909142,0.399355,-0.973842,0.027384,-0.225631,-0.011691,0.01112,-0.0083,-0.113101,-0.449829,-0.248538,0.524319,-0.157428,0.041743,0.325449,-0.918464,-0.135429,0.371583,0.386647,-0.111262,0.915455,-0.081477,0.984627,0.154062,0.00027,-0.005078,-0.003895,-0.001989,0.016778,-0.023344,-1.403435,0.040955,0.041946,-0.014019,0.944309,-0.057016,0.32408,-0.308568,0.188673,0.932302,-0.114302,-0.980383,0.160573,0.000127,-0.002394,-0.001834,0.012448,-0.11469,0.156967,-0.889731,0.068048,0.043083,-0.048132,0.159295,-0.345284,-0.92488,0.021994,-0.935368,0.352988,-0.986985,-0.076572,-0.141406,-0.000161,-0.00066,-0.000368,-0.163766,-0.496178,-0.261171,0.522674
362,0.105043,0.036806,0.38329,0.195542,-0.41558,-0.888314,-0.117757,-0.909183,0.399362,-0.973856,0.027024,-0.225614,0.000754,0.010245,-0.009049,0.032933,-0.022917,0.01327,0.524531,-0.157393,0.04164,0.325368,-0.91844,-0.135371,0.371663,0.386716,-0.111245,0.915428,-0.081418,0.984636,0.15403,0.001404,-0.016867,0.003306,-0.036557,0.010874,-0.017794,-1.40363,0.040967,0.041898,-0.014062,0.944264,-0.057072,0.324203,-0.308679,0.188688,0.932262,-0.114379,-0.980377,0.160554,0.000154,-0.002854,-0.002191,-0.002171,0.016894,-0.023896,-0.889078,0.068018,0.043132,-0.048176,0.161546,-0.346085,-0.924189,0.021466,-0.935036,0.353899,-0.986631,-0.07701,-0.143623,0.000438,0.00534,-0.004398,0.041363,0.004867,0.027683,0.522837
363,0.104962,0.036918,0.383232,0.200071,-0.418301,-0.886025,-0.11966,-0.907959,0.401576,-0.972709,0.026192,-0.230606,-0.000217,-0.000843,-0.000474,-0.006587,-0.020043,-0.010558,0.524818,-0.157202,0.041365,0.325251,-0.917547,-0.140593,0.371931,0.387575,-0.108658,0.915376,-0.087124,0.9842,0.153696,0.001369,-0.016111,0.003881,-0.092056,-0.125734,-0.040739,-1.403349,0.041068,0.041747,-0.014125,0.944476,-0.051814,0.324467,-0.310059,0.1863,0.932284,-0.108754,-0.981125,0.15989,0.000691,-0.008081,0.001918,-0.091668,-0.127227,-0.041622,-0.890221,0.067976,0.043202,-0.048203,0.166641,-0.348412,-0.922409,0.019626,-0.934132,0.356386,-0.985821,-0.077492,-0.148827,-9.5e-05,-0.000375,-0.00021,0.003569,0.029394,-0.017387,0.522674
364,0.104907,0.036893,0.382986,0.207125,-0.422003,-0.882642,-0.122327,-0.906285,0.404542,-0.970907,0.024699,-0.238236,-0.001358,0.002047,-0.013661,-0.107547,-0.434926,-0.236641,0.524936,-0.156951,0.041346,0.325238,-0.917716,-0.140778,0.371444,0.387123,-0.108708,0.915561,-0.087354,0.984169,0.15377,0.012638,0.003059,0.001214,0.002045,-0.015205,0.029245,-1.40365,0.04119,0.041728,-0.014138,0.944647,-0.051631,0.323999,-0.309631,0.186255,0.932436,-0.108489,-0.981143,0.159959,0.000493,-0.004427,0.004728,-0.034486,-0.005812,0.00553,-0.890711,0.067952,0.0432,-0.048314,0.172091,-0.35048,-0.920623,0.017966,-0.933294,0.358662,-0.984916,-0.078263,-0.154315,-0.000715,0.000863,-0.00692,-0.124051,-0.483043,-0.262241,0.522511
365,0.10484,0.036864,0.382726,0.207137,-0.422186,-0.882552,-0.121825,-0.906214,0.404853,-0.970967,0.024175,-0.238043,-0.002153,-0.001028,-0.015403,0.032015,-0.010066,-0.012536,0.524353,-0.156776,0.041361,0.325319,-0.918428,-0.139181,0.370282,0.385529,-0.106616,0.916479,-0.08692,0.984622,0.151087,0.012556,0.00449,0.002313,-0.083359,0.045604,0.080307,-1.403133,0.041277,0.041737,-0.014097,0.944972,-0.053219,0.322792,-0.308462,0.183764,0.933317,-0.108988,-0.981528,0.157236,0.00682,-0.003103,0.005175,-0.134219,0.052818,0.095988,-0.892997,0.067918,0.043187,-0.048444,0.174255,-0.351548,-0.919808,0.017596,-0.932839,0.359862,-0.984543,-0.078893,-0.156366,-0.001178,-0.000927,-0.007933,0.039399,0.02991,-0.024184,0.522838
366,0.104634,0.03679,0.382107,0.206626,-0.423375,-0.882102,-0.120834,-0.905686,0.40633,-0.9712,0.023149,-0.237197,-0.002778,-0.003422,-0.016787,0.029596,0.090563,-0.184252,0.524302,-0.156578,0.041293,0.325665,-0.917291,-0.142396,0.371876,0.38701,-0.100142,0.916585,-0.09212,0.984846,0.146476,-0.000331,0.005937,0.004559,-0.001917,-0.013957,0.025704,-1.402863,0.041381,0.041705,-0.013923,0.944613,-0.050075,0.324343,-0.311149,0.177647,0.93361,-0.104369,-0.982819,0.152227,0.000412,-0.003016,0.005814,-0.03238,0.12319,-0.186643,-0.898059,0.06782,0.043147,-0.048749,0.173756,-0.352533,-0.919526,0.01876,-0.932375,0.361004,-0.984609,-0.079977,-0.155392,-0.001419,-0.001863,-0.008477,0.034323,-0.003197,-0.008859,0.523001
367,0.104376,0.036659,0.381323,0.209869,-0.423338,-0.881354,-0.121156,-0.905729,0.406137,-0.970467,0.022066,-0.240276,-0.004036,-0.008229,-0.019575,-0.291327,-0.273527,0.674048,0.524513,-0.156484,0.041243,0.326095,-0.917175,-0.142206,0.372235,0.387237,-0.09905,0.916608,-0.09232,0.984984,0.145421,0.00066,-0.003055,0.013907,-0.034563,-0.005961,0.005522,-1.402921,0.041427,0.041682,-0.013712,0.94446,-0.050156,0.324775,-0.311646,0.176861,0.933593,-0.104265,-0.982956,0.151407,0.00032,-0.001442,0.007016,-0.034163,-0.006314,0.005252,-0.896263,0.067686,0.043084,-0.049145,0.176928,-0.353144,-0.918686,0.018529,-0.932051,0.36185,-0.984048,-0.081044,-0.158363,-0.00201,-0.004258,-0.009838,-1.031504,-0.885021,2.353722,0.523001
368,0.104115,0.036353,0.380389,0.217179,-0.421545,-0.880442,-0.122865,-0.90659,0.403697,-0.968651,0.021019,-0.247588,-0.005365,-0.013272,-0.022563,0.03043,-0.106555,0.129269,0.524509,-0.156628,0.041629,0.326511,-0.914478,-0.158506,0.372286,0.388964,-0.091913,0.91662,-0.109917,0.983206,0.145213,-0.013511,0.013133,0.011144,-0.003057,-0.030536,0.015581,-1.402776,0.041361,0.041861,-0.01351,0.94518,-0.033657,0.32481,-0.314828,0.170187,0.933766,-0.086706,-0.984836,0.150262,-0.007337,0.012584,0.002054,-0.016316,-0.167167,0.0128,-0.898876,0.067558,0.042935,-0.049598,0.184479,-0.349923,-0.918434,0.016349,-0.93325,0.358852,-0.9827,-0.081217,-0.166444,-0.002729,-0.006867,-0.01141,0.041946,-0.066537,0.147154,0.523001
369,0.104026,0.036139,0.379851,0.222683,-0.417554,-0.880969,-0.123998,-0.908437,0.399171,-0.967263,0.020864,-0.252971,0.007126,-0.006944,-0.03413,-1.029532,-1.034489,2.518704,0.524325,-0.156812,0.041962,0.326707,-0.915057,-0.156756,0.371604,0.387816,-0.090077,0.917289,-0.109162,0.983655,0.142727,-0.013603,0.015154,0.012647,-0.190404,0.11918,0.132393,-1.402823,0.041269,0.042032,-0.013408,0.94529,-0.034833,0.324363,-0.314343,0.168687,0.934201,-0.087257,-0.985053,0.148509,-0.006806,0.007545,0.006302,-0.327834,0.288507,0.034636,-0.899529,0.067509,0.042829,-0.049867,0.188418,-0.347778,-0.918449,0.015732,-0.93401,0.356898,-0.981962,-0.081695,-0.170513,-0.002603,-0.002724,-0.016515,0.074154,-0.079758,0.13091,0.523001
370,0.103817,0.035745,0.379006,0.223478,-0.41695,-0.881054,-0.122462,-0.90875,0.398934,-0.967276,0.019255,-0.253048,-0.004654,-0.017787,-0.010383,-0.001228,0.027624,-0.050574,0.524365,-0.157231,0.042548,0.327051,-0.914283,-0.159694,0.372257,0.388402,-0.085761,0.917454,-0.113433,0.983571,0.139943,-0.013271,0.009783,0.00852,-0.002125,-3.7e-05,-0.004624,-1.402721,0.041059,0.04234,-0.013224,0.945267,-0.032499,0.324673,-0.315407,0.163894,0.934695,-0.083589,-0.985942,0.144674,-0.000295,0.005385,0.004078,0.004705,0.095105,-0.145457,-0.904591,0.067402,0.042613,-0.050317,0.189743,-0.344375,-0.919458,0.01685,-0.93519,0.353744,-0.981689,-0.082613,-0.171644,-0.001772,-0.003163,-0.009337,0.034679,-0.002468,-0.008775,0.523001
371,0.103541,0.035701,0.378567,0.22274,-0.41833,-0.880587,-0.121923,-0.908127,0.400514,-0.967513,0.018668,-0.252183,-0.012625,0.007955,-0.010141,0.033102,0.010943,-0.038762,0.524111,-0.157405,0.042742,0.327188,-0.914993,-0.159892,0.370423,0.386742,-0.087059,0.918034,-0.113382,0.983425,0.141005,-2.8e-05,0.000512,0.000387,-0.0,0.0,0.0,-1.402595,0.040966,0.042451,-0.013145,0.945893,-0.032384,0.322857,-0.313534,0.165003,0.93513,-0.083556,-0.985761,0.145921,2e-06,-9.7e-05,-7.1e-05,-0.00054,0.000433,-0.002519,-0.903774,0.067265,0.042572,-0.050542,0.189187,-0.345859,-0.919015,0.017436,-0.934586,0.355308,-0.981785,-0.083244,-0.170782,6e-05,0.003858,-0.005239,0.034783,-0.017632,0.016102,0.523001
372,0.103391,0.035827,0.378487,0.222176,-0.419257,-0.880288,-0.121832,-0.907702,0.401505,-0.967654,0.018557,-0.251651,-0.012236,0.002117,0.001445,-0.005147,0.110282,-0.203933,0.52448,-0.157382,0.042673,0.327135,-0.914954,-0.159802,0.370558,0.38686,-0.087026,0.917987,-0.113293,0.983443,0.140956,0.000253,-0.004711,-0.00356,-0.001987,0.016728,-0.02338,-1.402698,0.040977,0.04242,-0.013169,0.945843,-0.032453,0.322996,-0.313663,0.164992,0.935089,-0.083638,-0.98576,0.145877,0.00013,-0.002458,-0.001858,-0.000103,-3.2e-05,-0.00034,-0.903611,0.06719,0.042638,-0.050586,0.188832,-0.346738,-0.918757,0.01762,-0.934241,0.356203,-0.981851,-0.083451,-0.170306,-0.005532,0.006921,-0.003341,0.033765,-0.002955,-0.013455,0.523001
373,0.103154,0.036206,0.378477,0.221881,-0.419899,-0.880056,-0.12149,-0.907412,0.402262,-0.967764,0.01818,-0.251254,0.001521,0.005764,0.003372,-0.003534,0.081799,-0.149069,0.52421,-0.157269,0.042365,0.326893,-0.914178,-0.1612,0.371866,0.388589,-0.08886,0.91708,-0.113636,0.983052,0.143383,0.013244,-0.009176,-0.008074,0.000525,0.001185,0.005583,-1.402729,0.041029,0.042263,-0.013291,0.945421,-0.030873,0.324384,-0.31508,0.167211,0.934218,-0.083083,-0.985437,0.148357,0.000301,-0.005547,-0.004204,-0.010007,0.018888,-0.019598,-0.905081,0.067068,0.042832,-0.050588,0.188614,-0.34746,-0.918528,0.017986,-0.933937,0.356982,-0.981886,-0.083853,-0.169904,-0.005319,0.004066,0.002485,-0.000944,0.01469,-0.029533,0.523001
374,0.103036,0.036382,0.37865,0.22162,-0.420232,-0.879963,-0.121734,-0.907254,0.402546,-0.967793,0.018425,-0.251125,0.001382,0.005227,0.003052,-0.003537,0.081776,-0.149082,0.523832,-0.157086,0.041987,0.32658,-0.91411,-0.160974,0.372132,0.388818,-0.088819,0.916988,-0.113404,0.983093,0.143288,0.00058,-0.010643,-0.008096,-0.00199,0.016728,-0.02338,-1.40265,0.041126,0.042068,-0.013454,0.945338,-0.031107,0.324601,-0.315266,0.167142,0.934168,-0.083314,-0.985441,0.148199,0.000304,-0.005513,-0.004196,-0.0041,0.033654,-0.046678,-0.905734,0.067012,0.042928,-0.050497,0.188402,-0.347825,-0.918434,0.017754,-0.933822,0.357295,-0.981931,-0.083621,-0.169759,-0.005475,0.003472,0.002134,-0.000954,0.014704,-0.029558,0.523164
375,0.102888,0.036444,0.378825,0.221234,-0.420684,-0.879845,-0.12216,-0.907036,0.402909,-0.967828,0.018861,-0.250961,-0.011402,0.005196,0.003239,-0.000383,0.000865,-0.004286,0.523686,-0.156912,0.041724,0.326243,-0.913996,-0.160638,0.372557,0.389214,-0.088973,0.916805,-0.112973,0.983133,0.14335,0.000491,-0.008939,-0.006823,-0.001992,0.016734,-0.023375,-1.402715,0.041213,0.041927,-0.013629,0.945173,-0.031427,0.325053,-0.315645,0.167373,0.933998,-0.083758,-0.985392,0.148277,0.00025,-0.004455,-0.003404,-0.001963,0.016831,-0.023343,-0.906224,0.066944,0.042965,-0.050407,0.188024,-0.348431,-0.918282,0.017318,-0.933636,0.357803,-0.982011,-0.083179,-0.169512,0.000191,0.000734,0.000433,1.4e-05,-9e-06,9e-06,0.523327
376,0.102806,0.036435,0.378877,0.221067,-0.420883,-0.879791,-0.12234,-0.90694,0.40307,-0.967843,0.019046,-0.250888,0.000123,0.000465,0.000271,-0.0,-0.0,-0.0,0.52335,-0.156854,0.041659,0.326091,-0.912999,-0.165941,0.372676,0.389859,-0.086843,0.916735,-0.118607,0.98245,0.143489,0.000406,-0.007367,-0.00563,-2.061598,-5.049618,-0.816365,-1.402678,0.041242,0.041895,-0.013704,0.945134,-0.031516,0.325157,-0.315718,0.167573,0.933938,-0.083922,-0.985355,0.148429,0.000192,-0.003395,-0.002598,-0.001967,0.016817,-0.023357,-0.906877,0.066899,0.042965,-0.050378,0.187885,-0.348653,-0.918226,0.017143,-0.933569,0.357986,-0.982041,-0.083001,-0.169427,-0.006491,-0.004024,0.005247,-0.035646,0.032389,-0.045572,0.523327
377,0.102706,0.036373,0.378933,0.220793,-0.421201,-0.879708,-0.122628,-0.906786,0.403328,-0.967868,0.019342,-0.250767,-0.000147,-0.000554,-0.000323,-0.0,-0.0,-0.0,0.51653,-0.156863,0.041699,0.325902,-0.912652,-0.169572,0.371892,0.389131,-0.083054,0.917395,-0.123525,0.982162,0.141293,-0.001092,0.010849,-0.007932,-2.019957,-5.079921,-0.762281,-1.402512,0.041238,0.041906,-0.013806,0.945642,-0.024114,0.324311,-0.316414,0.162091,0.934669,-0.075107,-0.986481,0.14565,-0.000842,0.005743,-0.003636,-2.033952,-5.086068,-0.754978,-0.90753,0.066849,0.042933,-0.050351,0.187659,-0.349005,-0.918138,0.016864,-0.933463,0.358276,-0.982089,-0.082717,-0.169287,-0.00011,-0.000408,-0.000235,7e-06,-1e-06,-4e-06,0.520551
378,0.102676,0.036274,0.378999,0.223179,-0.416705,-0.881246,-0.124065,-0.908825,0.398267,-0.967141,0.020959,-0.25343,-2e-06,-7e-06,-4e-06,-2e-06,-2e-06,4e-06,0.511831,-0.156949,0.04205,0.325847,-0.911754,-0.175212,0.371479,0.389342,-0.081552,0.91744,-0.1293,0.981304,0.142082,-0.014121,0.015497,-0.003242,0.031519,-0.02471,0.010018,-1.402695,0.0412,0.042073,-0.013834,0.94593,-0.016744,0.323935,-0.317264,0.160103,0.934724,-0.067515,-0.986957,0.146134,-0.000703,0.008429,-0.001667,-0.016193,-0.165993,0.01906,-0.910143,0.066838,0.042879,-0.05032,0.189404,-0.344119,-0.919623,0.01522,-0.935434,0.353171,-0.981781,-0.080889,-0.171938,-2e-06,2e-06,1e-06,0.00184,0.002151,-0.00529,0.512224
379,0.102665,0.036202,0.379092,0.220952,-0.415291,-0.882473,-0.123212,-0.90946,0.397081,-0.967758,0.021506,-0.251016,7.1e-05,0.000269,0.000157,0.000671,0.001991,0.001072,0.519423,-0.157073,0.042523,0.325852,-0.912397,-0.17344,0.37073,0.388176,-0.08038,0.918037,-0.128273,0.981713,0.140174,-0.00155,0.019283,-0.001487,0.006497,-0.004575,0.060508,-1.402597,0.041134,0.042312,-0.01383,0.946185,-0.018641,0.323086,-0.316265,0.158424,0.935349,-0.068621,-0.987195,0.144003,-0.007129,0.009188,-0.000524,0.026306,0.00792,0.021837,-0.905244,0.066827,0.042845,-0.050272,0.186769,-0.342932,-0.920605,0.016088,-0.935901,0.351894,-0.982271,-0.080534,-0.169281,3.2e-05,0.000132,7.7e-05,-0.003459,-0.01245,-0.006553,0.513693
380,0.10267,0.03608,0.379166,0.218515,-0.414147,-0.883617,-0.122461,-0.909966,0.396153,-0.968404,0.022152,-0.248456,0.010831,-0.014662,0.006224,-0.028734,0.033267,-0.002894,0.523295,-0.157172,0.042835,0.32589,-0.913169,-0.171966,0.369516,0.386559,-0.078986,0.91884,-0.12767,0.982083,0.138114,-0.001687,0.021853,0.000463,0.00602,-0.004279,0.060779,-1.40269,0.041084,0.042465,-0.013813,0.946584,-0.020301,0.321816,-0.314894,0.156657,0.936108,-0.069419,-0.987444,0.141896,-0.007206,0.010708,0.00063,0.03622,-0.011148,0.041333,-0.904264,0.066827,0.042797,-0.050239,0.183972,-0.341933,-0.921539,0.016929,-0.9363,0.35079,-0.982785,-0.080136,-0.166465,-4.7e-05,-0.000171,-9.8e-05,-0.001527,-0.009403,-0.004516,0.517939
381,0.102807,0.03561,0.379428,0.218266,-0.414028,-0.883735,-0.123622,-0.90999,0.395736,-0.968312,0.023382,-0.248701,-0.001518,-0.013031,0.007389,-0.034684,0.017636,-0.016053,0.524033,-0.157426,0.043665,0.325981,-0.914244,-0.172499,0.366598,0.382793,-0.0722,0.920972,-0.131243,0.982513,0.131555,-0.014449,0.022732,0.002224,-0.336035,0.254979,0.237219,-1.402416,0.040962,0.042884,-0.013765,0.947331,-0.01858,0.319712,-0.313428,0.151199,0.937497,-0.065759,-0.988328,0.137412,-0.000908,0.012205,0.001193,-0.369024,0.261826,0.315616,-0.906387,0.0669,0.042556,-0.050105,0.183996,-0.341972,-0.92152,0.015606,-0.936392,0.350607,-0.982803,-0.078891,-0.166956,0.004818,-0.013251,0.007154,-0.069293,0.033459,-0.028332,0.521531
382,0.102888,0.034957,0.379832,0.216801,-0.410445,-0.885764,-0.124816,-0.911538,0.391779,-0.968486,0.026124,-0.247748,0.011159,-0.013538,0.006895,-0.03346,0.003621,0.013874,0.52429,-0.157846,0.044801,0.326036,-0.915389,-0.16876,0.36548,0.380871,-0.069973,0.921941,-0.128856,0.983318,0.127845,-0.003106,0.039591,-0.002287,-0.255822,0.290091,0.115237,-1.402655,0.040748,0.043443,-0.013737,0.947711,-0.022745,0.318316,-0.311686,0.14818,0.938559,-0.068516,-0.988698,0.133342,-0.007307,0.013366,0.002607,-0.514045,0.295708,0.350228,-0.907857,0.066935,0.042225,-0.049906,0.181866,-0.338472,-0.923233,0.014278,-0.937883,0.346655,-0.983219,-0.076227,-0.165737,-0.000966,-0.010935,0.008621,-0.071925,0.025944,-0.037489,0.522511
383,0.102873,0.034627,0.380123,0.216395,-0.410615,-0.885784,-0.125935,-0.911428,0.391677,-0.968431,0.027298,-0.247835,-0.001313,-0.019591,0.018588,-0.069404,0.035132,-0.03218,0.524083,-0.158109,0.045497,0.326037,-0.916935,-0.167644,0.362101,0.377415,-0.070675,0.923308,-0.128037,0.983458,0.127597,-0.015689,0.03833,-0.002153,-0.196411,0.169834,0.193601,-1.402748,0.040615,0.043811,-0.013734,0.9489,-0.024615,0.314613,-0.307809,0.147627,0.939925,-0.069582,-0.988736,0.132507,-0.007853,0.019332,-0.000944,-0.295103,0.201742,0.23595,-0.908347,0.06693,0.042052,-0.04976,0.181561,-0.338715,-0.923204,0.013096,-0.937892,0.346679,-0.983292,-0.075034,-0.165849,-0.000618,-0.009621,0.009395,-0.069822,0.033815,-0.032966,0.522511
384,0.102821,0.033881,0.380904,0.215281,-0.411179,-0.885794,-0.128781,-0.911081,0.391558,-0.968304,0.030284,-0.247986,-0.000816,-0.017724,0.019707,-0.064264,-0.072783,0.168272,0.523893,-0.158791,0.047031,0.325868,-0.921466,-0.164201,0.352037,0.367035,-0.072218,0.927364,-0.125686,0.983922,0.126347,-0.016534,0.046636,-0.011951,0.654373,-0.427745,2.797262,-1.403204,0.04028,0.044568,-0.013808,0.951087,-0.028439,0.307607,-0.300396,0.147158,0.942393,-0.072068,-0.988703,0.131417,-0.007718,0.017597,-0.002258,0.07699,0.098746,-0.140757,-0.907857,0.066905,0.041687,-0.049376,0.18048,-0.339531,-0.923116,0.010248,-0.937829,0.346945,-0.983524,-0.072077,-0.165781,-0.00055,-0.009359,0.009565,-0.069482,0.035,-0.032295,0.522674
385,0.102765,0.033048,0.381772,0.213924,-0.411968,-0.885756,-0.131988,-0.910609,0.39159,-0.968171,0.033645,-0.248072,-0.00181,-0.028825,0.028305,-0.104203,0.052325,-0.048468,0.523959,-0.159591,0.048658,0.325359,-0.924307,-0.16167,0.345703,0.360695,-0.075054,0.929624,-0.123178,0.984126,0.127228,-0.028679,0.039883,-0.015868,0.326634,-0.159453,0.785262,-1.40318,0.039884,0.045389,-0.014058,0.953913,-0.03285,0.298279,-0.290575,0.1471,0.945477,-0.074936,-0.988575,0.130775,-0.008637,0.026577,-0.011465,1.094885,-0.702011,2.572974,-0.912429,0.066878,0.041278,-0.048943,0.17932,-0.340314,-0.923054,0.007081,-0.937792,0.347123,-0.983765,-0.068783,-0.165755,-0.000399,-0.008791,0.009911,-0.069498,0.034893,-0.032361,0.522837
386,0.102684,0.032682,0.382214,0.213137,-0.412536,-0.885682,-0.133589,-0.910289,0.39179,-0.968124,0.035319,-0.248022,-0.012892,-0.014848,0.021641,-0.070466,0.049547,-0.061893,0.523441,-0.160026,0.049512,0.324917,-0.927188,-0.157547,0.339842,0.35405,-0.073281,0.932316,-0.120808,0.984923,0.123274,-0.016941,0.047362,-0.027239,-0.358985,0.329634,0.351278,-1.403409,0.039672,0.045805,-0.014263,0.955593,-0.035729,0.292515,-0.28455,0.146257,0.947438,-0.076634,-0.988601,0.129595,-0.008452,0.023445,-0.013784,0.093366,0.030391,0.071227,-0.912429,0.066843,0.041099,-0.048732,0.178638,-0.340945,-0.922953,0.005535,-0.937679,0.347456,-0.983898,-0.067178,-0.165619,-0.000355,-0.00862,0.010019,-0.069506,0.034853,-0.032382,0.522837
387,0.102454,0.032204,0.383012,0.209565,-0.412227,-0.886677,-0.135118,-0.910309,0.391219,-0.968687,0.038327,-0.245363,-0.012127,-0.011943,0.023349,-0.0692,0.037723,-0.035571,0.52355,-0.160785,0.050901,0.32379,-0.929839,-0.151349,0.335387,0.348468,-0.070506,0.93463,-0.116634,0.986088,0.117855,-0.016371,0.036521,-0.035207,-0.037369,0.11437,0.128697,-1.403845,0.039281,0.046521,-0.014828,0.956875,-0.043782,0.287177,-0.278686,0.14066,0.950025,-0.081988,-0.989089,0.122392,-0.00814,0.0176,-0.018084,-0.073052,0.13938,0.150485,-0.912919,0.066726,0.040846,-0.048324,0.174809,-0.34099,-0.92367,0.003943,-0.937865,0.346976,-0.984594,-0.064297,-0.162603,0.000431,-0.001989,0.006366,-0.038308,0.004842,-0.022489,0.522674
388,0.102373,0.03213,0.383546,0.209491,-0.409593,-0.887914,-0.129864,-0.911661,0.389848,-0.969422,0.034142,-0.24307,0.001334,-0.002299,0.013693,-0.029955,0.015918,0.015487,0.523805,-0.161413,0.051889,0.322308,-0.931029,-0.147964,0.333591,0.346376,-0.071524,0.93533,-0.113359,0.986524,0.117399,-0.014759,0.013028,-0.036857,0.087198,0.042757,-0.03701,-1.403818,0.038966,0.047026,-0.015566,0.957276,-0.047721,0.285207,-0.276208,0.141113,0.950681,-0.085614,-0.988842,0.121903,-0.007892,0.012408,-0.021941,0.161232,0.003912,-0.014915,-0.915042,0.06668,0.040803,-0.048054,0.174154,-0.338321,-0.924774,0.009203,-0.938525,0.345085,-0.984674,-0.068609,-0.160335,-0.005535,-0.00028,0.007463,-0.037868,0.006151,-0.026376,0.523491
389,0.102373,0.032305,0.383885,0.211875,-0.408212,-0.887985,-0.124954,-0.912457,0.389589,-0.969552,0.028914,-0.243228,0.001164,-0.002934,0.013313,-0.034753,0.017366,-0.016197,0.523459,-0.161953,0.05232,0.320618,-0.931726,-0.147839,0.331697,0.344031,-0.067878,0.936466,-0.114754,0.9868,0.113664,-0.015472,0.016033,-0.050617,0.059874,0.076259,0.020463,-1.403456,0.038697,0.047236,-0.01641,0.957845,-0.047846,0.28327,-0.274627,0.136941,0.951749,-0.084329,-0.989422,0.118029,-0.007142,0.001307,-0.022397,0.044211,0.105735,-0.029678,-0.911613,0.066681,0.040895,-0.047883,0.176636,-0.336761,-0.924873,0.014041,-0.93869,0.344473,-0.984175,-0.073833,-0.161079,0.001164,0.004416,0.002552,0.000253,-0.014059,0.025008,0.522674
390,0.1024,0.032432,0.383981,0.21198,-0.408046,-0.888036,-0.12496,-0.912532,0.389413,-0.969528,0.028922,-0.243321,0.001794,0.006765,0.003898,0.0,0.0,0.0,0.523985,-0.162141,0.052423,0.319751,-0.931961,-0.14971,0.330192,0.342263,-0.063931,0.937392,-0.118049,0.986784,0.110383,-0.001943,0.00562,-0.043712,-0.026509,0.109486,0.065397,-1.403785,0.038597,0.047285,-0.016869,0.958379,-0.045995,0.281768,-0.273694,0.13283,0.9526,-0.081242,-0.99007,0.114713,-0.000931,0.002535,-0.022054,0.00358,0.102478,0.050098,-0.911449,0.066695,0.040959,-0.047828,0.176718,-0.336578,-0.924924,0.013997,-0.938759,0.344287,-0.984161,-0.073788,-0.161185,0.001044,0.003962,0.002285,0.00047,-0.013442,0.025401,0.522674
391,0.102508,0.032717,0.384099,0.21218,-0.407796,-0.888103,-0.124793,-0.912648,0.389193,-0.969506,0.028751,-0.243429,0.001611,0.006084,0.003496,0.000711,-0.013418,0.025496,0.523918,-0.162407,0.052465,0.318153,-0.930216,-0.154095,0.333086,0.344462,-0.054341,0.937191,-0.12514,0.986689,0.103187,-0.013521,-0.004989,-0.034904,-0.015794,-0.013097,0.069049,-1.403213,0.03847,0.0473,-0.017648,0.957762,-0.041422,0.284561,-0.27769,0.12382,0.952657,-0.074696,-0.991439,0.107088,-0.006728,-0.002517,-0.017458,-0.347605,0.314496,-0.838013,-0.90851,0.066748,0.0411,-0.04777,0.176871,-0.336325,-0.924987,0.014145,-0.938838,0.344066,-0.984132,-0.073939,-0.161296,0.000818,0.0031,0.001782,0.000565,-0.01337,0.025476,0.522838
392,0.10258,0.032868,0.38414,0.212413,-0.4075,-0.888183,-0.124613,-0.912786,0.388927,-0.969479,0.028567,-0.243561,0.012425,-0.001451,-0.001063,0.000984,-0.014715,0.029553,0.523638,-0.162689,0.052444,0.31706,-0.92943,-0.154863,0.334917,0.345687,-0.04893,0.937038,-0.12755,0.986853,0.098567,-0.012962,-0.005223,-0.01909,0.0278,0.024297,-0.03182,-1.403504,0.03833,0.047271,-0.018215,0.957202,-0.040565,0.286561,-0.280134,0.118924,0.952565,-0.07272,-0.992074,0.102471,-0.006453,-0.002729,-0.009633,0.041077,0.154904,-0.225665,-0.911613,0.066783,0.041186,-0.047744,0.176992,-0.336133,-0.925033,0.014281,-0.938896,0.343902,-0.984108,-0.074079,-0.161377,0.000103,0.000392,0.000223,-0.000103,2.4e-05,-1e-06,0.522674
393,0.102634,0.032858,0.384122,0.212496,-0.407387,-0.888215,-0.124558,-0.912839,0.388822,-0.969468,0.028511,-0.243611,0.011957,-0.003222,-0.002079,0.000984,-0.014715,0.029553,0.523976,-0.162818,0.052469,0.31669,-0.928403,-0.160131,0.335287,0.346426,-0.047652,0.936831,-0.132865,0.986082,0.099269,-0.013084,-0.002333,-0.016866,0.030363,0.038293,-0.057531,-1.403554,0.038265,0.047287,-0.018409,0.95728,-0.035073,0.287024,-0.281218,0.118104,0.952348,-0.067301,-0.992381,0.103196,-0.000278,0.00013,-0.007969,0.039856,0.001361,-0.008775,-0.910796,0.06681,0.041182,-0.047752,0.177124,-0.335881,-0.9251,0.014358,-0.93898,0.343669,-0.984083,-0.074155,-0.161494,-0.000235,-0.000893,-0.000514,-7.5e-05,3.8e-05,-7e-06,0.523001
394,0.102701,0.032839,0.383997,0.212457,-0.407526,-0.888161,-0.124344,-0.912783,0.38902,-0.969504,0.028288,-0.243494,-0.000642,-0.002428,-0.001395,0.0,0.0,0.0,0.524088,-0.162988,0.052431,0.316348,-0.928904,-0.158138,0.334847,0.345597,-0.046297,0.937205,-0.131531,0.986465,0.097213,0.000143,-0.003754,-0.002929,-0.028979,0.036852,-0.005349,-1.402953,0.038175,0.047266,-0.018588,0.957362,-0.037128,0.286493,-0.280598,0.116379,0.952743,-0.068715,-0.99251,0.100999,-0.006238,-0.001294,-0.00046,-0.006034,0.030109,-0.023694,-0.910796,0.066847,0.041167,-0.047818,0.177116,-0.336005,-0.925056,0.014584,-0.938917,0.343831,-0.984081,-0.074389,-0.161397,-0.000358,-0.001359,-0.000782,-5.9e-05,7e-06,-3e-06,0.522838
395,0.102801,0.032926,0.38382,0.215163,-0.408351,-0.88713,-0.124834,-0.912441,0.389666,-0.968847,0.027404,-0.246194,0.012516,0.006215,-0.011633,0.0349,-0.019027,0.020066,0.523911,-0.163064,0.052326,0.316407,-0.928728,-0.157701,0.33554,0.346193,-0.045846,0.937007,-0.131209,0.986555,0.096729,-2.9e-05,0.000755,0.000589,-6e-06,4e-06,4e-06,-1.40302,0.038137,0.047219,-0.018554,0.957093,-0.037459,0.287349,-0.281419,0.116343,0.952505,-0.069111,-0.992502,0.100809,0.000497,-0.005249,0.00399,-0.049429,0.132536,-0.174329,-0.906877,0.066891,0.041206,-0.047903,0.180035,-0.3366,-0.924276,0.014056,-0.938654,0.344574,-0.983559,-0.075027,-0.164259,-7.1e-05,-0.000275,-0.00016,0.002053,0.007304,0.003638,0.523001
396,0.102892,0.032992,0.383609,0.215393,-0.40822,-0.887135,-0.124248,-0.912518,0.389674,-0.968871,0.026793,-0.246164,-0.00061,-0.002312,-0.00133,-0.0,-0.0,-0.0,0.524292,-0.163024,0.05202,0.316712,-0.92698,-0.164484,0.337112,0.34826,-0.044401,0.936311,-0.137868,0.985521,0.097996,0.000967,-0.009863,0.008478,0.186477,-0.147226,-0.160353,-1.403189,0.038157,0.047079,-0.018403,0.957016,-0.031325,0.288334,-0.283151,0.114344,0.952234,-0.062798,-0.992946,0.10056,0.000459,-0.00434,0.004701,0.429561,-0.254709,-0.300164,-0.908347,0.066942,0.041241,-0.048013,0.180189,-0.336399,-0.924319,0.0147,-0.938674,0.344489,-0.983521,-0.075661,-0.164194,4.6e-05,0.003827,-0.00529,0.0348,-0.017218,0.016267,0.522838
397,0.102943,0.033015,0.38352,0.21554,-0.408089,-0.887159,-0.123987,-0.912584,0.389601,-0.968872,0.026523,-0.24619,0.000444,0.009012,-0.009794,0.034755,-0.017361,0.016198,0.524155,-0.162977,0.05183,0.316877,-0.926939,-0.164374,0.337279,0.348317,-0.043685,0.936323,-0.138001,0.985572,0.0973,0.000977,-0.010109,0.00829,-0.033305,0.009592,-0.019189,-1.403445,0.03818,0.046986,-0.018319,0.956788,-0.030411,0.289188,-0.284059,0.114892,0.951898,-0.062174,-0.992912,0.101289,0.006788,-0.005107,0.003555,-0.049983,-0.001758,0.019682,-0.907857,0.066966,0.041247,-0.048055,0.180304,-0.336263,-0.924346,0.014931,-0.938704,0.344399,-0.983497,-0.075899,-0.164232,-0.000235,-0.000903,-0.00052,9e-06,1.9e-05,1.4e-05,0.522837
398,0.103015,0.033067,0.383403,0.215602,-0.408112,-0.887133,-0.123668,-0.912583,0.389705,-0.968899,0.02619,-0.24612,-0.000218,-0.000827,-0.000476,-0.0,-0.0,-0.0,0.524089,-0.162756,0.051262,0.31722,-0.926151,-0.165606,0.338838,0.350023,-0.043741,0.935684,-0.138963,0.985365,0.098027,0.002085,-0.023482,0.014058,-0.0719,0.02287,-0.035044,-1.403469,0.038291,0.046706,-0.018145,0.956366,-0.029011,0.290723,-0.285708,0.115222,0.951364,-0.061098,-0.992915,0.101906,0.006802,-0.005308,0.003402,-0.04633,-0.000817,0.018199,-0.911776,0.067002,0.041276,-0.048117,0.180384,-0.336268,-0.924329,0.015285,-0.938673,0.344469,-0.983477,-0.076265,-0.164182,0.0003,0.00479,-0.004735,0.034756,-0.017364,0.016202,0.523001
399,0.103044,0.033198,0.383286,0.218059,-0.409265,-0.886001,-0.124325,-0.912087,0.390656,-0.968268,0.025468,-0.248666,0.000847,0.010543,-0.008909,0.017227,-0.069069,-0.010677,0.523949,-0.162508,0.0506,0.31761,-0.925362,-0.166853,0.340378,0.351677,-0.043537,0.935073,-0.140031,0.985165,0.098515,0.002107,-0.023837,0.013807,-0.05907,0.013546,-0.043336,-1.403266,0.038414,0.046384,-0.017955,0.955917,-0.027572,0.292336,-0.287437,0.115579,0.9508,-0.060004,-0.992915,0.102558,0.006817,-0.005528,0.003235,-0.043774,-0.010059,0.014652,-0.913899,0.067016,0.041338,-0.048172,0.183298,-0.337291,-0.923382,0.014547,-0.938263,0.345615,-0.982949,-0.076782,-0.167075,1e-05,2.9e-05,1.4e-05,-0.014064,-0.037276,-0.019854,0.523001
400,0.103033,0.033288,0.383215,0.218188,-0.409186,-0.886006,-0.124029,-0.912131,0.390648,-0.968277,0.025158,-0.248662,0.000848,0.010546,-0.008906,0.034533,-0.018019,0.015856,0.52426,-0.162402,0.050261,0.317825,-0.925287,-0.166633,0.340689,0.351808,-0.042421,0.935075,-0.140192,0.98525,0.097423,0.002099,-0.023566,0.014032,-0.072923,0.023447,-0.034496,-1.403041,0.038463,0.046209,-0.017845,0.955835,-0.02783,0.292581,-0.287735,0.114252,0.95087,-0.05989,-0.993061,0.101198,0.001039,-0.011723,0.007058,-0.079075,0.025453,-0.031194,-0.914225,0.067016,0.041382,-0.048208,0.183256,-0.337113,-0.923455,0.014897,-0.938303,0.34549,-0.982951,-0.07707,-0.166928,0.00043,0.005288,-0.004444,0.037422,-0.00793,0.020925,0.523001
401,0.10299,0.033537,0.383034,0.218348,-0.409232,-0.885945,-0.123319,-0.91213,0.390875,-0.968332,0.02441,-0.248523,-0.012143,0.002489,0.001659,-0.000984,0.014714,-0.029553,0.5243,-0.162188,0.049562,0.318239,-0.923782,-0.169472,0.343364,0.355026,-0.043976,0.933786,-0.141983,0.984701,0.100336,0.001059,-0.011928,0.006917,0.01574,-0.026008,-0.050668,-1.403042,0.038575,0.045851,-0.017633,0.955045,-0.02473,0.295426,-0.29074,0.116666,0.949662,-0.057951,-0.992863,0.104231,0.007361,-0.011518,0.006682,-0.03872,-0.029175,-0.02946,-0.917164,0.066994,0.041511,-0.048302,0.183344,-0.337094,-0.923445,0.015684,-0.938246,0.345611,-0.982923,-0.077849,-0.166735,0.00046,0.005392,-0.004383,0.034824,-0.01722,0.016286,0.522838
402,0.102983,0.033925,0.382708,0.22326,-0.411665,-0.88359,-0.124304,-0.91108,0.393005,-0.967091,0.022598,-0.253479,0.001471,0.020213,-0.018294,-0.053859,-0.398783,-0.157958,0.524328,-0.162039,0.048749,0.31873,-0.92288,-0.17057,0.345238,0.356927,-0.043238,0.933096,-0.143064,0.984546,0.100328,0.002109,-0.023539,0.014113,-0.041485,0.000456,-0.054724,-1.403023,0.038648,0.045458,-0.017396,0.954504,-0.023419,0.297273,-0.292731,0.116366,0.949087,-0.056819,-0.99293,0.104216,0.001042,-0.01171,0.007098,-0.055946,-0.001481,-0.048633,-0.919614,0.066986,0.0417,-0.048457,0.187118,-0.33845,-0.922191,0.015399,-0.937647,0.347247,-0.982216,-0.079177,-0.170239,0.00027,0.004664,-0.004798,-0.17006,-0.651669,-0.311988,0.523001
403,0.10301,0.03417,0.382478,0.2238,-0.411206,-0.883668,-0.123355,-0.911312,0.392768,-0.967089,0.021608,-0.253575,0.00066,0.00982,-0.009308,0.033205,-0.021964,0.013786,0.524174,-0.162021,0.048314,0.318965,-0.922021,-0.17181,0.346917,0.358827,-0.04374,0.932344,-0.143846,0.98431,0.10152,-0.010491,-0.025438,0.013755,0.351013,-0.271142,-0.335966,-1.402922,0.038662,0.045243,-0.017276,0.954352,-0.023709,0.297738,-0.293248,0.114887,0.949108,-0.056709,-0.993095,0.10269,0.000545,-0.006572,0.002993,-0.045018,0.014452,-0.012747,-0.920267,0.066999,0.041822,-0.048572,0.189349,-0.338658,-0.921659,0.015574,-0.937486,0.347672,-0.981785,-0.080186,-0.172238,0.000711,0.009992,-0.009206,0.074182,-0.017277,0.041122,0.523001
404,0.103088,0.034713,0.381904,0.226959,-0.411913,-0.882532,-0.122352,-0.911046,0.393697,-0.966483,0.019133,-0.256069,0.001054,0.018621,-0.01918,0.061725,-0.057851,0.020212,0.524245,-0.162028,0.047531,0.319434,-0.920423,-0.174701,0.349704,0.362144,-0.045031,0.930998,-0.145735,0.983746,0.104252,0.002098,-0.023301,0.014344,0.244504,-0.208346,-0.237129,-1.402996,0.038656,0.04483,-0.017034,0.953322,-0.019762,0.301306,-0.297034,0.118018,0.947545,-0.054285,-0.992814,0.106639,0.001038,-0.011623,0.007194,0.372401,-0.247557,-0.304774,-0.91994,0.067039,0.042096,-0.048858,0.192737,-0.339076,-0.920804,0.016591,-0.937138,0.348564,-0.98111,-0.082458,-0.174996,0.000439,0.008943,-0.009803,0.06909,-0.031072,0.033771,0.523164
405,0.10318,0.035262,0.381064,0.234911,-0.414933,-0.87903,-0.122948,-0.909743,0.396514,-0.964515,0.015439,-0.263628,0.012472,0.020771,-0.033088,-0.013905,-0.405505,-0.134144,0.524503,-0.162032,0.04673,0.319962,-0.919565,-0.176108,0.351253,0.363759,-0.044336,0.930402,-0.147115,0.983528,0.104366,0.002039,-0.021865,0.015495,-0.046217,0.003515,-0.051782,-1.403221,0.038652,0.044444,-0.016783,0.952699,-0.017259,0.30342,-0.299359,0.118862,0.946707,-0.052404,-0.99276,0.108073,0.000499,-0.005425,0.003906,-0.030208,-0.006901,-0.024966,-0.921247,0.067082,0.042376,-0.049269,0.200046,-0.340819,-0.918598,0.01662,-0.936234,0.350981,-0.979645,-0.08548,-0.181626,-0.000308,0.006087,-0.01144,-0.10952,-0.57034,-0.282009,0.523164
406,0.103228,0.03574,0.380049,0.242877,-0.417986,-0.875411,-0.123283,-0.908402,0.399474,-0.962506,0.011413,-0.271069,-0.00081,0.018841,-0.033963,0.060029,-0.15286,-0.070616,0.524195,-0.162103,0.046088,0.320523,-0.920142,-0.176185,0.349699,0.362061,-0.043447,0.931106,-0.14769,0.983554,0.103304,-0.010717,-0.020953,0.017338,-0.075147,0.038332,-0.063969,-1.403081,0.038622,0.044117,-0.016501,0.953259,-0.017368,0.301652,-0.297671,0.117315,0.947432,-0.051844,-0.992942,0.106662,0.000449,-0.004152,0.004903,-0.039231,0.013882,-0.020616,-0.92141,0.067111,0.042615,-0.049776,0.209925,-0.343591,-0.915355,0.015831,-0.934899,0.354557,-0.977589,-0.088921,-0.19082,0.005355,0.003325,-0.013144,0.02831,-0.153922,-0.027227,0.523001
407,0.103228,0.03597,0.379486,0.248017,-0.420101,-0.872953,-0.123908,-0.90745,0.401438,-0.96112,0.009119,-0.276029,-0.001037,0.017975,-0.034459,-0.044219,-0.464281,-0.23806,0.524194,-0.162136,0.045846,0.320743,-0.919273,-0.17747,0.351332,0.363981,-0.044303,0.930317,-0.148375,0.983287,0.104857,0.000956,-0.009372,0.008979,0.061775,-0.060862,-0.079897,-1.403012,0.038601,0.043993,-0.016382,0.952737,-0.016165,0.303362,-0.299437,0.118517,0.946725,-0.051257,-0.99282,0.108076,0.000985,-0.010354,0.008218,0.054365,-0.066686,-0.115425,-0.919614,0.067111,0.042729,-0.050059,0.213423,-0.344362,-0.914256,0.016164,-0.934445,0.355739,-0.976825,-0.090701,-0.193866,-0.000854,0.003994,-0.012647,-0.090072,-0.487959,-0.244482,0.523164
408,0.103181,0.036434,0.378352,0.253556,-0.422199,-0.870346,-0.122987,-0.906505,0.40385,-0.959799,0.005161,-0.28069,-0.00176,0.007932,-0.025334,-0.053075,-0.385693,-0.190312,0.524069,-0.162216,0.045494,0.321077,-0.91924,-0.179393,0.350441,0.363599,-0.046324,0.930368,-0.149504,0.982847,0.107347,0.000957,-0.009422,0.008947,-0.022553,0.001204,-0.026281,-1.402941,0.038561,0.043816,-0.016215,0.95302,-0.013981,0.302583,-0.298793,0.12067,0.946658,-0.049748,-0.992594,0.110823,0.000465,-0.004548,0.004602,-0.035296,-0.127109,0.167856,-0.918144,0.067086,0.042959,-0.050632,0.219601,-0.346023,-0.912163,0.017102,-0.933478,0.358225,-0.975439,-0.094266,-0.199075,-0.000951,0.003624,-0.012865,-0.129996,-0.628803,-0.350947,0.523327
409,0.103124,0.036741,0.377374,0.256314,-0.423613,-0.868851,-0.121646,-0.905856,0.405708,-0.95924,0.002224,-0.282631,-0.002812,-0.003343,-0.016969,0.031399,0.003867,-0.037858,0.524078,-0.162221,0.045261,0.321301,-0.917362,-0.186328,0.351741,0.365499,-0.045093,0.929683,-0.156205,0.981622,0.109004,0.001005,-0.010656,0.007994,-0.036265,0.011314,-0.017576,-1.403039,0.038559,0.043697,-0.016098,0.952701,-0.006849,0.303827,-0.300874,0.119577,0.946136,-0.042811,-0.9928,0.11186,0.000503,-0.005365,0.00397,-0.042542,0.014337,-0.014026,-0.917164,0.067058,0.043117,-0.051124,0.224305,-0.347838,-0.910326,0.017796,-0.932511,0.3607,-0.974355,-0.097107,-0.202977,-0.000814,0.004156,-0.012558,0.07425,-0.001234,0.017402,0.523327
410,0.103097,0.036857,0.376913,0.258788,-0.424915,-0.86748,-0.121659,-0.905247,0.407061,-0.958577,0.000716,-0.28488,-0.001679,0.008243,-0.025167,0.059749,-0.048366,-0.007889,0.524224,-0.162209,0.045145,0.321419,-0.917265,-0.18609,0.352118,0.365768,-0.044553,0.929604,-0.156142,0.981692,0.108466,-6.4e-05,0.001659,0.001287,-0.013502,0.118244,-0.159333,-1.403028,0.038565,0.043637,-0.016041,0.952625,-0.007027,0.304064,-0.301111,0.119067,0.946126,-0.042853,-0.992861,0.11131,0.000484,-0.004908,0.004325,-0.037204,0.012839,-0.016787,-0.913899,0.067043,0.043172,-0.051362,0.227091,-0.34896,-0.909206,0.017827,-0.931952,0.362142,-0.97371,-0.098448,-0.205417,-0.000831,0.004092,-0.012599,0.069535,-0.014078,0.010216,0.523327
411,0.103065,0.037124,0.376113,0.259077,-0.425262,-0.867224,-0.119671,-0.905082,0.408015,-0.958749,-0.001403,-0.284296,-0.001494,0.00165,-0.01405,0.034085,-0.003775,-0.009209,0.52431,-0.162197,0.04482,0.32168,-0.915243,-0.192764,0.353787,0.367956,-0.04296,0.928815,-0.162685,0.980482,0.10978,0.001029,-0.01129,0.007512,0.061585,-0.061329,-0.079766,-1.403148,0.03857,0.043481,-0.015911,0.952077,-0.000363,0.305857,-0.303679,0.118013,0.945437,-0.036439,-0.993011,0.112247,-1.3e-05,0.000261,0.000201,0.127922,-0.090464,-0.080068,-0.905081,0.067026,0.043299,-0.05176,0.227115,-0.349149,-0.909127,0.019967,-0.931657,0.362789,-0.973662,-0.100548,-0.204622,-0.000213,0.006439,-0.011215,0.069214,-0.020489,0.007443,0.523327
412,0.103018,0.037329,0.375366,0.263845,-0.427943,-0.864463,-0.120159,-0.903809,0.410686,-0.957393,-0.003958,-0.288809,-0.002121,-0.000711,-0.015464,0.021432,-0.041422,-0.030001,0.523997,-0.162132,0.044434,0.321989,-0.914371,-0.194095,0.35531,0.369722,-0.043362,0.928095,-0.163575,0.980203,0.11094,0.00097,-0.009747,0.008715,0.078865,-0.074375,-0.09072,-1.403004,0.038603,0.043284,-0.01576,0.951589,0.001049,0.307368,-0.305314,0.118696,0.944824,-0.035492,-0.992929,0.11327,0.000473,-0.0047,0.004492,0.1248,-0.114893,-0.093066,-0.899202,0.067004,0.043409,-0.052135,0.232758,-0.351535,-0.906778,0.019456,-0.930516,0.365732,-0.972339,-0.102769,-0.209746,-0.001063,-0.000414,-0.007765,0.03243,-0.002617,-0.009359,0.523327
