frame,MLTx,MLTy,MLTz,MLTR1,MLTR2,MLTR3,MLTR4,MLTR5,MLTR6,MLTR7,MLTR8,MLTR9,MLTTVx,MLTTVy,MLTTVz,MLTRVx,MLTRVy,MLTRVz,MLGA,MRTx,MRTy,MRTz,MRTR1,MRTR2,MRTR3,MRTR4,MRTR5,MRTR6,MRTR7,MRTR8,MRTR9,MRTTVx,MRTTVy,MRTTVz,MRTRVx,MRTRVy,MRTRVz,MRGA,SLTx,SLTy,SLTz,SLTR1,SLTR2,SLTR3,SLTR4,SLTR5,SLTR6,SLTR7,SLTR8,SLTR9,SLTTVx,SLTTVy,SLTTVz,SLTRVx,SLTRVy,SLTRVz,SLGA,SRTx,SRTy,SRTz,SRTR1,SRTR2,SRTR3,SRTR4,SRTR5,SRTR6,SRTR7,SRTR8,SRTR9,SRTTVx,SRTTVy,SRTTVz,SRTRVx,SRTRVy,SRTRVz,SRGA
101,0.122264,0.002786,0.355843,-0.805382,0.156667,-0.571717,-0.287752,-0.946512,0.145895,-0.517282,0.281813,0.808101,0.026456,-0.014319,0.005977,-0.001649,0.001053,0.068244,-1.852516,-0.136184,0.04071,0.316168,0.142064,0.56969,0.809483,-0.981178,0.188862,0.039422,-0.130581,-0.800547,0.584753,0.01443,-0.010164,0.007027,-0.018705,-0.417611,-0.141716,0.002504,0.051145,0.042734,-0.018583,-0.252115,-0.57294,0.779857,0.923759,-0.38257,0.017572,0.288283,0.724831,0.62571,0.006437,0.000936,6.2e-05,-0.248717,-0.489499,-0.364844,-0.200155,0.075417,0.025862,-0.064923,-0.822023,0.025606,-0.568876,-0.09042,-0.992183,0.085997,-0.562228,0.122129,0.817913,0.013234,-0.00708,0.003033,0.007667,-0.056935,0.083137,-0.910201
102,0.123417,0.002425,0.355882,-0.806722,0.144473,-0.573038,-0.273275,-0.950949,0.144873,-0.523001,0.273283,0.80735,0.026507,-0.014187,0.006063,-0.033222,-0.013921,0.042006,-1.852341,-0.135711,0.040476,0.316368,0.127297,0.591155,0.796444,-0.984481,0.172857,0.029194,-0.120552,-0.788526,0.602957,0.014344,-0.009354,0.007701,0.197382,-0.625089,-0.220663,0.019714,0.051381,0.042623,-0.018485,-0.242398,-0.594749,0.766495,0.930152,-0.367053,0.009345,0.275786,0.715223,0.64218,0.006371,0.001459,0.000494,0.286082,-0.769411,-0.312718,-0.165375,0.075984,0.025684,-0.064901,-0.820761,0.013264,-0.571116,-0.075342,-0.993511,0.0852,-0.56628,0.112958,0.816435,0.020253,-0.002552,-0.001975,0.001272,-0.044268,0.089055,-0.907098
103,0.123952,0.002318,0.355863,-0.807373,0.136461,-0.574084,-0.263563,-0.953842,0.143843,-0.526956,0.267267,0.806792,0.027026,-0.003328,-0.002558,0.009678,-0.031361,0.048272,-1.852549,-0.135486,0.040265,0.316539,0.117782,0.601961,0.789786,-0.986534,0.161562,0.024129,-0.113202,-0.782733,0.611864,0.014322,-0.009117,0.0079,0.291686,-0.859516,-0.41084,0.020257,0.051493,0.042518,-0.018399,-0.235727,-0.605912,0.759804,0.934337,-0.356343,0.005706,0.267294,0.711258,0.650126,0.007121,-0.004276,0.004174,0.05272,-0.557443,-0.252741,-0.159169,0.076261,0.025626,-0.064908,-0.819772,0.005383,-0.572664,-0.065287,-0.994314,0.084111,-0.568956,0.106339,0.815463,0.013515,-0.001635,-0.001275,0.026925,-0.035027,0.023687,-0.906282
104,0.125072,0.00207,0.355836,-0.806479,0.122373,-0.578499,-0.245291,-0.959431,0.138912,-0.537031,0.253772,0.804502,0.026347,-0.015153,0.005285,-0.027793,-0.109721,0.215377,-1.853151,-0.134954,0.039652,0.316981,0.102052,0.619401,0.778408,-0.98999,0.13964,0.018823,-0.097147,-0.7733,0.626445,0.014449,-0.009976,0.007191,-4.210357,-0.556096,-3.296027,0.035128,0.05176,0.042211,-0.018172,-0.225949,-0.626905,0.745611,0.940311,-0.340313,-0.001183,0.254483,0.700839,0.66638,0.007988,-0.010879,0.007141,0.028271,-0.311598,-0.006946,-0.148392,0.076822,0.025509,-0.064922,-0.816099,-0.008091,-0.577853,-0.046125,-0.9958,0.079085,-0.576067,0.091195,0.812299,0.013387,-0.002307,-0.00181,0.001769,-0.013948,0.031242,-0.910364
105,0.126256,0.00168,0.355903,-0.804222,0.102057,-0.58554,-0.220582,-0.966036,0.134496,-0.550929,0.237192,0.800152,0.040491,-0.005327,-0.004156,0.004739,-0.045648,0.084926,-1.851731,-0.134362,0.038902,0.317572,0.09373,0.635365,0.766497,-0.991461,0.129378,0.014145,-0.090279,-0.76206,0.641075,0.015724,-0.019368,0.01631,0.04284,-0.326958,-0.012881,0.072719,0.052061,0.041829,-0.017877,-0.217871,-0.644726,0.732707,0.945737,-0.324896,-0.004669,0.241064,0.691932,0.680527,0.007841,-0.009584,0.00823,0.024956,-0.293694,0.010032,-0.108386,0.077424,0.025307,-0.064888,-0.809694,-0.027004,-0.58623,-0.020708,-0.997003,0.074527,-0.586486,0.072483,0.806708,0.020237,-0.00268,-0.002113,0.008765,-0.03258,0.089381,-0.916569
106,0.126784,0.001384,0.356042,-0.803578,0.094551,-0.587679,-0.210688,-0.968563,0.132167,-0.555712,0.2299,0.798973,0.026193,-0.024598,0.014981,-0.068534,0.000964,0.024586,-1.849623,-0.13406,0.038477,0.31789,0.085574,0.643698,0.760475,-0.992883,0.118231,0.011802,-0.082403,-0.756865,0.64825,0.015961,-0.021115,0.014871,0.116954,-0.555761,-0.217766,0.085032,0.0522,0.041636,-0.017726,-0.212353,-0.652281,0.727622,0.949236,-0.314523,-0.004927,0.232068,0.68964,0.685959,0.007959,-0.01047,0.007498,-0.434591,-0.145761,-0.197733,-0.089934,0.077678,0.025167,-0.064824,-0.807599,-0.03407,-0.588745,-0.010455,-0.997345,0.072056,-0.589638,0.064348,0.805099,0.013315,-0.006925,0.003118,-0.035399,-0.009527,0.042619,-0.916732
107,0.127769,0.000618,0.356546,-0.801333,0.075929,-0.593419,-0.185615,-0.974513,0.125868,-0.567744,0.210909,0.795746,0.026605,-0.022652,0.016496,0.96336,-0.349044,-1.080574,-1.846361,-0.133434,0.037701,0.318368,0.071394,0.652692,0.754247,-0.994176,0.107459,0.001267,-0.080293,-0.750748,0.655586,0.016167,-0.022444,0.013787,0.130831,-0.083152,-0.091987,0.100371,0.052513,0.041249,-0.017486,-0.199752,-0.665736,0.718954,0.952778,-0.303241,-0.016079,0.228721,0.681792,0.694871,0.00732,-0.005598,0.003084,1.392022,1.574069,-1.497634,-0.060869,0.078165,0.024789,-0.064582,-0.80228,-0.046988,-0.595094,0.009582,-0.997782,0.065867,-0.59687,0.047141,0.800951,0.013218,-0.011746,0.007901,0.460775,-0.56519,0.507263,-0.904975
108,0.128454,-0.000256,0.357298,-0.797026,0.069953,-0.599918,-0.172058,-0.978405,0.114415,-0.577971,0.194319,0.792602,0.013302,-0.01989,0.018676,0.077008,-0.134958,0.128214,-1.841505,-0.132861,0.037038,0.318767,0.0541,0.657025,0.751919,-0.995334,0.095441,-0.01163,-0.079453,-0.748591,0.65815,0.016235,-0.022709,0.013582,-0.03027,-0.043767,-0.067833,0.113107,0.052805,0.040909,-0.017282,-0.183256,-0.673082,0.716502,0.956267,-0.291065,-0.028847,0.227965,0.679882,0.696987,0.007349,-0.00567,0.003031,0.003499,0.024305,-0.045348,-0.042907,0.078518,0.024344,-0.064199,-0.796404,-0.056046,-0.602161,0.029341,-0.998104,0.054092,-0.604052,0.025411,0.796539,0.00651,-0.014883,0.014026,0.413364,-0.543606,0.451169,-0.903669
109,0.128837,-0.001122,0.358251,-0.792623,0.056521,-0.607123,-0.151345,-0.982766,0.106008,-0.589685,0.175833,0.788277,-8.4e-05,-0.025882,0.031151,3.250113,-0.554854,-4.383242,-1.831875,-0.132195,0.036351,0.3192,0.033187,0.665457,0.745692,-0.996934,0.074625,-0.022074,-0.070358,-0.743493,0.664929,0.014679,-0.010854,0.006491,-1.145317,-0.229547,-1.290234,0.125757,0.053139,0.04056,-0.017063,-0.165999,-0.684373,0.709983,0.961466,-0.272324,-0.037704,0.219149,0.676367,0.703207,0.008158,-0.011433,0.00675,-4.028251,-0.204695,-3.93355,-0.025598,0.078714,0.023901,-0.063718,-0.789419,-0.066426,-0.610249,0.048656,-0.99777,0.045666,-0.611923,0.006357,0.790891,3e-06,-0.012846,0.015681,3.240122,-0.543696,-4.388768,-0.900893
110,0.128987,-0.001544,0.358717,-0.789208,0.055492,-0.61165,-0.147074,-0.984002,0.100409,-0.595315,0.169126,0.785509,0.013579,-0.018516,0.019768,-0.067089,0.014427,-0.008391,-1.824595,-0.1318,0.035994,0.31945,0.022555,0.669366,0.742585,-0.997308,0.066601,-0.029588,-0.069271,-0.740743,0.668104,0.029139,-0.01983,0.014551,0.047531,-0.171461,-0.349042,0.131628,0.053331,0.040384,-0.016942,-0.155271,-0.690559,0.706412,0.963885,-0.262527,-0.044772,0.21637,0.673949,0.706382,0.00806,-0.010758,0.007288,0.088914,-0.335611,-0.258519,-0.017433,0.07879,0.023695,-0.063481,-0.785684,-0.067868,-0.614893,0.054843,-0.997691,0.040041,-0.616192,-0.002263,0.787592,0.00678,-0.009219,0.009907,-0.075941,0.023331,-0.01304,-0.893872
111,0.129188,-0.002416,0.359616,-0.781705,0.050863,-0.621607,-0.134128,-0.98705,0.087822,-0.608121,0.151956,0.779182,0.013247,-0.020444,0.018294,0.075071,-0.137718,0.127218,-1.81529,-0.131011,0.035225,0.319969,0.002771,0.683427,0.730008,-0.997764,0.050355,-0.043198,-0.066266,-0.729099,0.681092,0.014778,-0.011234,0.006182,0.294424,-0.689248,-0.506479,0.134611,0.053736,0.039995,-0.016674,-0.139328,-0.706443,0.69392,0.967587,-0.246169,-0.056336,0.21062,0.663579,0.717844,0.007389,-0.0057,0.003006,0.263964,-0.635512,-0.4708,-0.006493,0.078886,0.023269,-0.063036,-0.777506,-0.07041,-0.624921,0.068151,-0.997293,0.027573,-0.625171,-0.021151,0.7802,-0.000157,-0.009303,0.009871,0.464619,-0.62039,0.625211,-0.897464
112,0.129343,-0.003494,0.360485,-0.776353,0.041025,-0.628998,-0.113069,-0.99075,0.074854,-0.619146,0.129176,0.774597,-0.000907,-0.022059,0.017107,3.430647,-0.543731,-3.950901,-1.80109,-0.130108,0.034504,0.320452,-0.020369,0.697125,0.716654,-0.997973,0.028769,-0.056189,-0.059743,-0.717206,0.694198,0.029248,-0.019731,0.01465,0.232903,-0.701981,-0.531347,0.129507,0.054178,0.039638,-0.016441,-0.119631,-0.723469,0.679911,0.972093,-0.224552,-0.067897,0.201796,0.652815,0.730143,0.013814,-0.004034,0.003661,-0.009398,-0.375793,-0.094367,-0.007636,0.078969,0.022732,-0.0626,-0.771147,-0.073989,-0.632342,0.0838,-0.996378,0.014388,-0.631117,-0.041895,0.774554,-0.0007,-0.016562,0.012815,-0.107219,-0.039895,0.122556,-0.902363
113,0.129459,-0.004146,0.360954,-0.77303,0.041947,-0.633017,-0.107738,-0.991988,0.06575,-0.624229,0.118968,0.772148,-0.001362,-0.03314,0.025642,0.030794,-0.022318,0.578819,-1.792675,-0.129672,0.03423,0.32069,-0.028213,0.702226,0.711389,-0.997891,0.021552,-0.060689,-0.057894,-0.712468,0.699215,0.016119,-0.020613,0.015393,0.106265,-0.364229,-0.284081,0.127635,0.05439,0.039504,-0.016326,-0.112334,-0.730632,0.673466,0.973459,-0.216916,-0.072957,0.19939,0.647397,0.735608,0.008015,-0.010069,0.007876,0.229585,-0.600026,-0.450357,-0.010575,0.079026,0.022409,-0.06237,-0.766863,-0.077253,-0.637143,0.095281,-0.995431,0.006015,-0.634698,-0.056095,0.770721,0.006073,-0.017584,0.012014,0.094812,0.178179,0.480543,-0.900403
114,0.1297,-0.005383,0.361805,-0.770887,0.043302,-0.635534,-0.09809,-0.993847,0.051183,-0.628451,0.101736,0.771185,-0.001114,-0.023308,0.01618,0.019825,-0.123965,0.545012,-1.785306,-0.128849,0.033893,0.3211,-0.044654,0.708902,0.703886,-0.997792,0.002708,-0.065863,-0.04852,-0.706148,0.706303,0.027325,-0.005471,0.009504,-0.31762,-0.122378,-0.411752,0.128734,0.054818,0.039324,-0.016112,-0.09715,-0.740783,0.664681,0.977106,-0.197996,-0.077851,0.189276,0.6419,0.743059,0.013643,-0.002642,0.004814,-0.343161,-0.085035,-0.389218,-0.011555,0.079147,0.021785,-0.061943,-0.765707,-0.074994,-0.638801,0.105031,-0.994426,-0.009153,-0.634555,-0.074103,0.769316,0.006041,-0.017863,0.011816,-0.006457,-0.026907,0.329301,-0.898607
115,0.129984,-0.006444,0.362676,-0.771598,0.044949,-0.634557,-0.08849,-0.995375,0.03701,-0.629001,0.084646,0.7728,0.012904,-0.031484,0.026959,0.03417,0.008133,0.075788,-1.778183,-0.127967,0.033641,0.321446,-0.055233,0.714045,0.697912,-0.99753,-0.009436,-0.069126,-0.042685,-0.700888,0.711897,0.014415,-0.008038,0.008845,-0.291304,-0.156298,-0.481504,0.134054,0.055253,0.039204,-0.015941,-0.088362,-0.747176,0.658726,0.979203,-0.186404,-0.080083,0.182625,0.637951,0.748108,0.013709,-0.003009,0.004502,-1.085699,-0.164386,-1.300092,-0.007472,0.079283,0.021259,-0.061522,-0.766927,-0.073269,-0.637537,0.114321,-0.993168,-0.023383,-0.631468,-0.090817,0.770064,0.006525,-0.01096,0.008611,1.029583,-0.184112,-0.918227,-0.902199
116,0.130391,-0.007425,0.363521,-0.77077,0.041358,-0.635806,-0.076586,-0.996658,0.02793,-0.631569,0.070163,0.772155,0.012916,-0.031603,0.026898,0.226017,-0.158622,-0.049602,-1.763668,-0.126998,0.033271,0.321787,-0.067836,0.720299,0.690332,-0.996943,-0.022434,-0.074391,-0.037992,-0.694158,0.718724,0.02775,-0.00803,0.007351,0.139931,-0.370884,-0.220858,0.140906,0.055727,0.039025,-0.015771,-0.077474,-0.754632,0.651557,0.981346,-0.173051,-0.083741,0.175946,0.632915,0.753963,0.014703,-0.009919,0.007255,0.279508,-0.771338,-0.278478,0.000855,0.079486,0.020765,-0.06109,-0.765172,-0.076372,-0.63928,0.125986,-0.991504,-0.032346,-0.631379,-0.105291,0.768293,0.00664,-0.010392,0.009057,0.993142,-0.244423,-0.955348,-0.906118
117,0.130666,-0.00797,0.363985,-0.769476,0.040498,-0.637426,-0.070351,-0.997277,0.021481,-0.633866,0.061315,0.771026,0.013048,-0.03096,0.027411,0.427444,-0.536638,0.622826,-1.754735,-0.126504,0.033023,0.32195,-0.078411,0.722904,0.686478,-0.996393,-0.034865,-0.076928,-0.03156,-0.690927,0.72214,0.029587,-0.020725,0.013814,-0.010321,-0.190732,-0.146514,0.142477,0.05599,0.038895,-0.015683,-0.066838,-0.760277,0.646151,0.983239,-0.160284,-0.086888,0.169626,0.629514,0.758247,0.014802,-0.010466,0.006804,-0.030211,-0.155346,-0.124393,0.004448,0.079624,0.020492,-0.060859,-0.763901,-0.077683,-0.640639,0.132661,-0.990429,-0.038087,-0.63155,-0.114083,0.766896,0.006595,-0.010924,0.008622,1.672482,-1.75167,1.8032,-0.906118
118,0.131301,-0.009169,0.364931,-0.767089,0.03888,-0.640396,-0.057952,-0.998267,0.008727,-0.637996,0.043751,0.768814,0.026821,-0.023729,0.015832,0.230776,-0.059555,0.627104,-1.731536,-0.125533,0.032384,0.322377,-0.099837,0.729778,0.676349,-0.994617,-0.054689,-0.087637,-0.026822,-0.682359,0.730431,0.029616,-0.020472,0.014025,0.221684,-0.596402,-0.411976,0.14337,0.056464,0.03858,-0.015477,-0.048387,-0.769131,0.637256,0.985537,-0.140499,-0.094742,0.162403,0.623455,0.764805,0.014826,-0.010402,0.006857,-0.012432,-0.141122,-0.074279,0.007877,0.079947,0.019883,-0.060373,-0.760421,-0.078225,-0.644701,0.144885,-0.988133,-0.050996,-0.633061,-0.132186,0.762731,0.013392,-0.011903,0.007874,0.277327,0.006141,0.673811,-0.895668
119,0.132051,-0.010264,0.365727,-0.762888,0.033486,-0.645697,-0.044935,-0.998975,0.001201,-0.644049,0.029882,0.764418,0.013145,-0.022253,0.017046,-0.035046,-0.075234,0.137657,-1.701031,-0.124795,0.031487,0.323057,-0.114756,0.73363,0.669783,-0.993107,-0.069004,-0.094399,-0.022873,-0.676905,0.735622,0.017734,-0.030435,0.024336,-0.034657,-0.229851,0.077086,0.143346,0.056832,0.038142,-0.015154,-0.033186,-0.777109,0.628489,0.986791,-0.125237,-0.102746,0.158555,0.616778,0.771001,0.008091,-0.009888,0.00806,-0.023291,-0.107213,-0.090493,0.008367,0.080316,0.019343,-0.059983,-0.755623,-0.082255,-0.649821,0.1578,-0.985723,-0.058719,-0.635714,-0.146911,0.757815,0.013427,-0.011849,0.007918,0.03664,-0.180743,0.263683,-0.889463
120,0.132444,-0.010657,0.366013,-0.761345,0.029994,-0.647687,-0.038032,-0.999261,-0.001651,-0.646314,0.023332,0.762733,0.013319,-0.021326,0.017768,-0.028996,-0.163361,0.315872,-1.686938,-0.12459,0.03097,0.323457,-0.122333,0.735768,0.666086,-0.992267,-0.077017,-0.096993,-0.019891,-0.67371,0.738635,0.016009,-0.018441,0.017274,-0.034802,-0.083303,-0.035621,0.1439,0.056948,0.037861,-0.014936,-0.026225,-0.780649,0.624418,0.987584,-0.117009,-0.104808,0.154881,0.613918,0.774026,0.007985,-0.009172,0.008667,-0.073206,-0.016005,0.007274,0.009183,0.080512,0.019144,-0.059841,-0.753414,-0.085398,-0.651976,0.164711,-0.984429,-0.061394,-0.636582,-0.153643,0.755748,0.013688,-0.006035,0.003834,0.068502,-0.103436,0.105805,-0.883094
121,0.133274,-0.011152,0.366255,-0.758732,0.025508,-0.650938,-0.027827,-0.999576,-0.006816,-0.649894,0.012903,0.759933,0.027004,-0.014589,0.005738,1.051729,-0.09235,-1.040531,-1.684411,-0.12448,0.029985,0.324318,-0.138522,0.741508,0.656483,-0.990216,-0.093007,-0.103715,-0.015654,-0.665342,0.746283,0.002556,-0.01797,0.019222,0.14082,-0.423547,-0.323591,0.157419,0.057003,0.037368,-0.014506,-0.012411,-0.787911,0.615663,0.988858,-0.101013,-0.10934,0.14834,0.607447,0.780386,0.001248,-0.008891,0.009682,0.217192,-0.554833,-0.402952,0.017021,0.080918,0.018899,-0.059712,-0.750714,-0.084714,-0.655172,0.168963,-0.983379,-0.066451,-0.638654,-0.160585,0.75255,0.013428,-0.007698,0.002543,-0.028597,-0.103291,0.220951,-0.891749
122,0.134025,-0.011463,0.366189,-0.753955,0.019486,-0.656671,-0.019783,-0.999765,-0.007035,-0.655719,0.007655,0.754984,0.026906,-0.006573,-0.00525,-0.00784,-0.052561,0.048026,-1.690109,-0.124568,0.029113,0.325091,-0.153117,0.745612,0.648544,-0.988132,-0.108174,-0.108749,-0.010717,-0.65842,0.752483,0.002935,-0.020473,0.017169,0.060205,-0.250545,-0.231759,0.168353,0.056957,0.036947,-0.01412,0.001367,-0.794852,0.606801,0.989792,-0.0854,-0.114097,0.142511,0.600763,0.786621,-0.005133,-0.011006,0.008703,0.11229,-0.334667,-0.326108,0.034003,0.081294,0.018743,-0.059739,-0.743778,-0.093535,-0.661849,0.182517,-0.980952,-0.066478,-0.643024,-0.170244,0.746682,0.006557,-0.002662,-0.002113,0.00853,-0.096486,0.211639,-0.899913
123,0.134726,-0.011728,0.365966,-0.748558,0.004618,-0.663088,-0.002922,-0.999975,-0.003746,-0.662159,-0.00088,0.749381,0.012824,-0.007216,-0.005685,-0.026136,-0.064289,-0.026132,-1.702031,-0.124817,0.028253,0.325714,-0.162135,0.748902,0.642533,-0.986714,-0.117069,-0.112358,-0.008701,-0.653139,0.757098,-0.01001,-0.023663,0.016066,0.004314,-0.208089,0.003945,0.170799,0.056837,0.036518,-0.013808,0.009908,-0.799796,0.600189,0.990146,-0.075998,-0.117619,0.139685,0.59544,0.791162,-0.005026,-0.011777,0.008081,-0.00368,-0.111299,-0.17115,0.041188,0.081659,0.018606,-0.059854,-0.735441,-0.106563,-0.669155,0.199043,-0.977962,-0.063019,-0.647693,-0.179538,0.740445,0.006404,-0.003675,-0.002909,-0.008687,-0.020623,-0.004288,-0.910037
124,0.134956,-0.01187,0.365866,-0.746757,-0.000524,-0.665131,0.002834,-0.999979,-0.002474,-0.664189,-0.003739,0.747574,0.012873,-0.006963,-0.005496,-0.006148,-0.016854,-0.00341,-1.705751,-0.124944,0.027807,0.326032,-0.16381,0.750274,0.640505,-0.986436,-0.118515,-0.113278,-0.008855,-0.651301,0.758678,-0.010003,-0.023798,0.015969,-0.015209,-0.16898,0.032289,0.17473,0.056773,0.036302,-0.013656,0.011224,-0.801345,0.598096,0.990156,-0.074545,-0.118459,0.139512,0.593538,0.79262,-0.005038,-0.011729,0.008127,-0.016818,-0.085631,-0.151981,0.043964,0.081769,0.018536,-0.059903,-0.732677,-0.11109,-0.671447,0.204675,-0.976882,-0.061717,-0.649069,-0.182648,0.738476,0.00648,-0.003231,-0.00256,0.010599,0.010353,0.042427,-0.91363
125,0.135158,-0.012097,0.365649,-0.748566,-0.003005,-0.663087,0.002271,-0.999981,0.001888,-0.662152,-9.6e-05,0.749388,-0.00106,-0.006553,-0.005105,-0.048032,0.052609,-0.067648,-1.70709,-0.12515,0.027128,0.326466,-0.170307,0.750513,0.638527,-0.985366,-0.126492,-0.113959,-0.004526,-0.649519,0.760242,0.001696,-0.01183,0.007294,-0.033207,0.001287,-0.024171,0.181241,0.056666,0.035951,-0.013429,0.017536,-0.802837,0.595939,0.990708,-0.066444,-0.118665,0.134865,0.592483,0.794212,-0.004901,-0.012704,0.007328,-0.084156,0.047202,-0.058432,0.051639,0.081875,0.018423,-0.060012,-0.734245,-0.11383,-0.669272,0.204037,-0.977265,-0.057631,-0.647497,-0.178872,0.740778,-0.000489,-0.003049,-0.002382,-0.171126,0.157073,-0.174687,-0.910691
126,0.135086,-0.012269,0.36536,-0.749931,-0.000998,-0.66155,0.001684,-0.999984,-0.000482,-0.660608,-0.001482,0.750747,-0.001302,-0.008036,-0.006277,0.182685,0.349243,0.356019,-1.710109,-0.125166,0.026535,0.326742,-0.175766,0.749076,0.638735,-0.984419,-0.134153,-0.113383,0.000996,-0.649637,0.760154,0.001956,-0.013581,0.005848,-0.036463,0.007815,-0.019506,0.192152,0.056658,0.035655,-0.01329,0.023042,-0.80239,0.596354,0.991328,-0.058852,-0.117488,0.129368,0.59389,0.794076,0.001018,-0.007109,0.002659,-0.035905,0.008256,-0.018337,0.064212,0.081839,0.018338,-0.060155,-0.734428,-0.112963,-0.669219,0.203693,-0.97728,-0.058578,-0.647398,-0.179337,0.740752,-0.000644,-0.003997,-0.003121,0.207636,0.512087,0.214457,-0.912323
127,0.134919,-0.012533,0.365051,-0.751395,0.000717,-0.659886,0.001233,-0.999982,-0.002571,-0.658943,-0.002754,0.752205,-0.001488,-0.009152,-0.007172,0.013248,-0.055895,0.16172,-1.709807,-0.125068,0.02593,0.326958,-0.180348,0.751511,0.634584,-0.98356,-0.142809,-0.110224,0.008036,-0.644958,0.764086,0.002191,-0.015142,0.004555,-0.079156,-0.03798,-0.020983,0.206946,0.056707,0.035353,-0.013182,0.027111,-0.805626,0.591802,0.992195,-0.050391,-0.114051,0.121705,0.590276,0.797973,0.001031,-0.007168,0.002612,-0.214936,-0.152069,0.1018,0.080868,0.081756,0.018206,-0.06031,-0.738026,-0.110959,-0.665585,0.203024,-0.977194,-0.062214,-0.643503,-0.181045,0.743723,-0.000753,-0.004653,-0.003643,-0.005894,0.002306,-0.029992,-0.915916
128,0.134839,-0.012707,0.364915,-0.753932,0.000716,-0.656987,0.00068,-0.999984,-0.001951,-0.656042,-0.001927,0.75474,-0.001374,-0.008438,-0.006623,0.0337,0.096941,0.014084,-1.708985,-0.125008,0.025652,0.327046,-0.191197,0.750357,0.632772,-0.981432,-0.155651,-0.111791,0.014868,-0.643324,0.765361,0.015319,-0.012858,0.004934,-0.297891,-0.055902,-0.444697,0.21277,0.056731,0.035218,-0.013141,0.036384,-0.806434,0.590203,0.992618,-0.03921,-0.114766,0.115693,0.590022,0.799054,0.001082,-0.007394,0.002469,-3.446837,0.461361,-4.367038,0.090012,0.081721,0.018119,-0.060378,-0.740358,-0.11155,-0.662891,0.202365,-0.977374,-0.061544,-0.641028,-0.179711,0.746181,-0.000656,-0.004054,-0.003177,0.051211,0.035401,0.206063,-0.914283
129,0.134711,-0.013027,0.364638,-0.758279,0.006005,-0.651937,-0.001225,-0.999954,-0.007867,-0.651014,-0.005182,0.759066,-0.015287,-0.007519,-0.005853,0.107522,0.188784,0.242569,-1.705498,-0.125006,0.02508,0.327172,-0.199366,0.751375,0.629031,-0.979774,-0.163639,-0.114882,0.016884,-0.64014,0.767983,0.002349,-0.016207,0.00367,-0.032157,0.010438,-0.05282,0.218917,0.056739,0.034922,-0.013074,0.04585,-0.809019,0.58599,0.992638,-0.028928,-0.117605,0.112096,0.587069,0.801737,0.001174,-0.008118,0.001823,-0.051209,0.045478,-0.032274,0.103075,0.081651,0.017953,-0.060521,-0.745528,-0.10763,-0.657725,0.200533,-0.977367,-0.067367,-0.635589,-0.18212,0.750238,-0.00764,-0.003766,-0.002929,0.118176,0.214032,0.254828,-0.915099
130,0.134544,-0.013275,0.364443,-0.764516,0.011477,-0.644537,-0.002745,-0.999875,-0.01463,-0.643676,-0.009437,0.765258,-0.000832,-0.005079,-0.00401,0.127858,0.30925,0.148472,-1.697064,-0.125367,0.024646,0.327077,-0.205947,0.753922,0.623841,-0.978365,-0.171079,-0.116049,0.019512,-0.635176,0.772032,-0.012163,-0.008969,-0.005963,-0.001414,0.025351,-0.057238,0.226286,0.056558,0.034707,-0.013119,0.051726,-0.81249,0.580674,0.992754,-0.021313,-0.118255,0.108457,0.582584,0.805501,-0.006067,-0.004579,-0.003057,-0.012541,0.051894,-0.043837,0.111076,0.081567,0.017826,-0.060621,-0.752509,-0.104062,-0.650308,0.199036,-0.977198,-0.073945,-0.627785,-0.18508,0.756062,-0.007388,-0.002172,-0.001681,0.176743,0.457863,0.150677,-0.911507
131,0.134428,-0.013333,0.364385,-0.767267,0.010621,-0.641275,-0.002692,-0.999892,-0.013422,-0.640396,-0.008593,0.768014,-0.000434,-0.002645,-0.002089,0.026902,0.064974,0.031195,-1.691579,-0.125541,0.024452,0.326925,-0.209464,0.753961,0.622622,-0.977501,-0.177325,-0.113938,0.024784,-0.633411,0.77333,0.001318,-0.008913,-0.007455,-0.078585,-0.025696,-0.026367,0.22817,0.056471,0.034611,-0.013195,0.055042,-0.81306,0.57957,0.993176,-0.015182,-0.115621,0.102805,0.58198,0.806677,0.000682,-0.004598,-0.003839,-0.07962,-0.021283,-0.024088,0.115322,0.081508,0.017793,-0.060653,-0.755676,-0.105404,-0.646406,0.198992,-0.977257,-0.073276,-0.623982,-0.184003,0.759465,-0.000185,-0.001129,-0.000888,0.005597,0.008482,0.007716,-0.906118
132,0.134189,-0.013357,0.364459,-0.770703,0.012253,-0.637112,-0.002794,-0.999855,-0.015933,-0.636258,-0.010522,0.771422,-0.013448,0.003806,0.003068,0.040799,0.100531,0.043574,-1.67945,-0.125691,0.024099,0.326626,-0.215972,0.754299,0.619985,-0.975769,-0.189324,-0.109385,0.035159,-0.629518,0.776102,0.001185,-0.008047,-0.006753,-0.002204,0.015811,-0.023956,0.231934,0.056396,0.034429,-0.013348,0.06133,-0.814525,0.576876,0.993882,-0.003345,-0.110386,0.091842,0.580118,0.809337,0.000594,-0.004008,-0.00336,0.003436,0.020011,-0.026069,0.120711,0.081393,0.017778,-0.060619,-0.759052,-0.104846,-0.642531,0.198913,-0.9771,-0.075546,-0.619897,-0.185151,0.762525,1.2e-05,-0.004334,0.00525,0.010422,0.124519,0.035413,-0.903669
133,0.134017,-0.013273,0.364578,-0.770729,0.012205,-0.637082,-0.002825,-0.999856,-0.01582,-0.636227,-0.010416,0.771449,0.000477,0.002881,0.002274,9e-06,2.1e-05,1e-05,-1.668771,-0.125702,0.023829,0.326418,-0.223785,0.753077,0.618698,-0.973647,-0.20118,-0.10711,0.044107,-0.627292,0.777446,0.000772,-0.005245,-0.004412,-0.0,-0.0,-0.0,0.237868,0.056391,0.034292,-0.013454,0.069237,-0.814803,0.575588,0.994168,0.008541,-0.107496,0.082672,0.579674,0.810643,0.000443,-0.002992,-0.002515,-0.000113,0.016931,-0.02407,0.128712,0.081303,0.017825,-0.060555,-0.758986,-0.104925,-0.642596,0.198885,-0.97712,-0.075361,-0.619987,-0.185,0.762489,0.000292,0.001778,0.001407,8e-06,-0.014796,0.024857,-0.903669
134,0.133931,-0.013208,0.364617,-0.769695,0.013887,-0.638295,-0.002844,-0.999812,-0.018406,-0.637476,-0.012377,0.770388,0.000311,0.00188,0.001483,0.0,0.0,0.0,-1.660239,-0.125666,0.023723,0.32634,-0.232796,0.7503,0.618747,-0.971167,-0.212806,-0.107153,0.051587,-0.626777,0.777401,0.000773,-0.005256,-0.004425,-0.002387,0.015882,-0.024255,0.240184,0.056409,0.034241,-0.013491,0.078611,-0.813887,0.575679,0.994061,0.020408,-0.106889,0.075247,0.580664,0.810658,0.000333,-0.002249,-0.001894,0.000618,0.000238,-0.000567,0.132304,0.081261,0.017862,-0.060533,-0.758296,-0.102986,-0.643722,0.198856,-0.976922,-0.077956,-0.620839,-0.187122,0.761276,-0.006732,0.001845,0.001489,-0.003456,0.016348,-0.031503,-0.903996
135,0.133833,-0.013139,0.364619,-0.770131,0.017099,-0.637691,-0.00334,-0.999719,-0.022856,-0.636947,-0.015501,0.770769,2e-06,1e-05,8e-06,0.047986,0.115809,0.055577,-1.635536,-0.12545,0.023569,0.32624,-0.24388,0.748886,0.616184,-0.967597,-0.230614,-0.1025,0.065665,-0.62214,0.780059,0.013587,-0.000332,-0.001825,0.002014,-0.015212,0.029227,0.240651,0.056518,0.034159,-0.013546,0.089744,-0.81459,0.573052,0.994125,0.038315,-0.101222,0.060498,0.57877,0.813243,0.006774,-3.3e-05,-0.000804,0.007171,-0.011453,0.027459,0.13508,0.081212,0.017899,-0.060529,-0.759356,-0.099993,-0.642945,0.198353,-0.976662,-0.082373,-0.619704,-0.190081,0.761468,-1e-05,-6.2e-05,-4.5e-05,0.060594,0.150486,0.070552,-0.902363
136,0.133819,-0.013151,0.364597,-0.771227,0.019809,-0.636287,-0.004742,-0.99965,-0.025457,-0.635612,-0.016647,0.771846,-0.00012,-0.000722,-0.00057,0.155006,0.273385,0.351731,-1.608172,-0.125105,0.023497,0.32627,-0.262155,0.749033,0.608454,-0.961054,-0.259683,-0.094205,0.087789,-0.610377,0.787144,-4.2e-05,0.00028,0.000236,-0.002071,-0.000424,-0.003724,0.243365,0.05669,0.034124,-0.01353,0.107664,-0.81802,0.565023,0.993516,0.067661,-0.091355,0.0365,0.571195,0.820001,0.00739,-0.004395,0.004162,-0.03983,0.008604,0.000442,0.13704,0.081205,0.017893,-0.06054,-0.759844,-0.098247,-0.642638,0.197229,-0.976762,-0.083872,-0.619465,-0.190477,0.761564,-8.1e-05,-0.000493,-0.00039,0.264203,0.63607,0.302921,-0.898117
137,0.133888,-0.013155,0.364542,-0.772247,0.022718,-0.634951,-0.006252,-0.999567,-0.028243,-0.63436,-0.017877,0.772848,-0.000269,-0.001622,-0.00128,0.012111,0.044442,-0.010611,-1.582958,-0.124805,0.023381,0.326399,-0.279004,0.752684,0.596335,-0.954852,-0.28335,-0.08891,0.102417,-0.595146,0.796978,-1e-06,8e-06,7e-06,0.07098,-0.222371,0.085718,0.248119,0.05684,0.03407,-0.013463,0.123516,-0.824421,0.552334,0.992153,0.091743,-0.084933,0.019348,0.558491,0.829284,-6e-06,3.4e-05,2.5e-05,0.061881,-0.19087,0.096173,0.144551,0.08124,0.017892,-0.060567,-0.762804,-0.094984,-0.639614,0.195401,-0.976768,-0.087984,-0.616398,-0.192096,0.763643,-2.3e-05,-0.000144,-0.000115,0.001646,0.004664,0.002703,-0.897301
138,0.133937,-0.013149,0.364494,-0.773655,0.024388,-0.633172,-0.006848,-0.999505,-0.030214,-0.632636,-0.019078,0.774231,-0.000263,-0.001588,-0.001254,0.034438,0.084181,0.04044,-1.568683,-0.124667,0.023346,0.326405,-0.287851,0.755154,0.588961,-0.951573,-0.294755,-0.086952,0.108316,-0.586402,0.80266,0.000248,-0.001648,-0.001391,0.179573,-0.454008,-0.089003,0.251228,0.056908,0.034056,-0.013456,0.130882,-0.827491,0.546011,0.991337,0.103167,-0.081277,0.010926,0.551919,0.833825,0.006776,-1.1e-05,-0.000792,0.273959,-0.545008,-0.398315,0.14749,0.081265,0.017895,-0.06059,-0.764388,-0.093795,-0.637897,0.194824,-0.976714,-0.089842,-0.614617,-0.192952,0.764862,-4.7e-05,-0.000296,-0.000235,0.044868,0.10976,0.052906,-0.897301
139,0.13394,-0.013088,0.364451,-0.775713,0.028523,-0.630476,-0.007437,-0.999304,-0.036142,-0.630106,-0.023389,0.776174,0.000151,0.000912,0.00072,0.040892,0.100037,0.048081,-1.559063,-0.124479,0.023169,0.326328,-0.297202,0.760306,0.577579,-0.947369,-0.310123,-0.079049,0.119409,-0.571613,0.811704,0.000687,-0.004561,-0.003854,0.062423,-0.247421,0.086067,0.256139,0.057002,0.033969,-0.013494,0.139724,-0.834411,0.533136,0.990187,0.118895,-0.073426,-0.00212,0.538164,0.842836,0.00037,-0.002457,-0.002078,0.065035,-0.235325,0.086751,0.155981,0.081265,0.01792,-0.060617,-0.76727,-0.09032,-0.63493,0.1942,-0.976272,-0.095802,-0.611213,-0.196809,0.766605,0.000105,0.000632,0.0005,0.040585,0.105621,0.048858,-0.898117
140,0.13394,-0.013088,0.364451,-0.77694,0.030748,-0.628859,-0.008536,-0.999212,-0.038394,-0.62858,-0.024508,0.777376,-5.9e-05,-0.000359,-0.000283,0.001332,0.00327,0.001572,-1.548665,-0.124433,0.022794,0.326246,-0.307029,0.761521,0.570799,-0.942902,-0.324691,-0.0738,0.129535,-0.561806,0.816981,0.000888,-0.005894,-0.004991,-0.034648,-0.06419,-0.016987,0.254912,0.057025,0.033782,-0.013534,0.149238,-0.837217,0.526113,0.988703,0.133814,-0.067516,-0.013876,0.530246,0.84773,0.001219,-0.008369,0.001581,-0.197746,-0.265125,0.217492,0.157614,0.081266,0.017923,-0.060614,-0.768909,-0.088505,-0.633202,0.193095,-0.976271,-0.098022,-0.609502,-0.197639,0.767753,-4.1e-05,-0.000243,-0.00019,-0.006997,-0.016778,-0.007917,-0.89975
141,0.133907,-0.013123,0.364476,-0.775745,0.032995,-0.630219,-0.009039,-0.999093,-0.041265,-0.630046,-0.026363,0.776127,-7.4e-05,-0.000444,-0.00035,1.7e-05,4.1e-05,2e-05,-1.54503,-0.124429,0.022625,0.326196,-0.315296,0.761356,0.566496,-0.939369,-0.335113,-0.072241,0.135251,-0.555866,0.820112,0.000787,-0.005223,-0.004428,0.053219,-0.104037,-0.072876,0.254536,0.057027,0.033697,-0.013559,0.157206,-0.838305,0.522044,0.987343,0.144614,-0.065101,-0.020921,0.525671,0.85043,0.000427,-0.002838,-0.002406,0.099883,-0.252087,0.032386,0.157451,0.081249,0.01791,-0.060605,-0.76807,-0.086,-0.634564,0.192599,-0.976082,-0.100835,-0.610715,-0.199665,0.766263,-5.7e-05,-0.000344,-0.000269,-0.003163,-0.001617,-0.002884,-0.899587
142,0.133771,-0.013133,0.364508,-0.774589,0.031146,-0.631734,-0.003966,-0.998988,-0.044473,-0.631519,-0.031989,0.774718,-0.013843,0.001381,0.001149,0.005008,-0.073429,0.14864,-1.541324,-0.12448,0.022356,0.326044,-0.321428,0.767933,0.554034,-0.936026,-0.346138,-0.063062,0.143764,-0.539809,0.829337,0.000645,-0.00429,-0.003644,-1.819102,-1.869204,1.25207,0.250915,0.057002,0.033557,-0.01364,0.163332,-0.844332,0.510319,0.986098,0.155725,-0.05796,-0.030532,0.512692,0.858029,-0.006277,-0.003425,-0.002124,-0.009359,0.053763,-0.054426,0.155328,0.081186,0.0179,-0.060587,-0.766557,-0.087645,-0.636165,0.197643,-0.974756,-0.10386,-0.611004,-0.205348,0.764529,-0.0,5e-06,7e-06,-0.002234,0.002019,-0.001343,-0.902036
143,0.133754,-0.013149,0.364444,-0.774395,0.023636,-0.632297,0.006699,-0.998922,-0.045629,-0.631733,-0.039608,0.774191,-0.0001,0.008181,-0.010874,0.349975,0.008894,-0.367119,-1.534815,-0.124616,0.022246,0.325981,-0.329961,0.776658,0.53658,-0.932441,-0.356731,-0.056835,0.147704,-0.520043,0.84119,0.00013,-0.000869,-0.000739,0.033028,-0.616043,0.014587,0.249475,0.056935,0.033498,-0.013675,0.16783,-0.854137,0.492222,0.98497,0.165961,-0.047853,-0.040816,0.492855,0.869152,5.4e-05,-0.000381,-0.000332,-0.283963,-1.241718,0.158009,0.151899,0.081173,0.017892,-0.060612,-0.764916,-0.094446,-0.637166,0.20749,-0.972592,-0.104927,-0.609794,-0.212466,0.763549,-0.000237,-0.00143,-0.001127,1.058629,0.06712,-1.298943,-0.903669
144,0.133763,-0.013203,0.364362,-0.774181,0.024322,-0.632532,0.006242,-0.998902,-0.046134,-0.631999,-0.039702,0.773969,-0.000665,-0.004001,-0.003161,0.0,0.0,0.0,-1.530437,-0.124645,0.022235,0.325975,-0.339337,0.77743,0.52957,-0.928641,-0.366521,-0.056769,0.150406,-0.512006,0.84563,4.8e-05,-0.000321,-0.000273,0.294609,-0.631405,-0.203557,0.249357,0.05692,0.033494,-0.013677,0.176198,-0.856187,0.485691,0.983292,0.176013,-0.046437,-0.045729,0.485759,0.872895,1.3e-05,-8.8e-05,-7.2e-05,0.046383,-0.162841,0.114129,0.151736,0.081178,0.017871,-0.060655,-0.764777,-0.094107,-0.637384,0.20756,-0.972521,-0.105457,-0.609945,-0.212947,0.763294,-0.000411,-0.00248,-0.001959,-0.001139,0.012907,-0.025462,-0.904975
145,0.133762,-0.013443,0.364132,-0.772922,0.022776,-0.634128,0.011227,-0.99869,-0.049638,-0.633468,-0.045522,0.772446,-0.001239,-0.007452,-0.005903,-0.000867,0.012779,-0.025817,-1.520411,-0.12475,0.022183,0.325958,-0.351304,0.779226,0.519021,-0.924682,-0.375615,-0.061732,0.147305,-0.502581,0.851808,-0.013268,-0.002148,-0.000257,0.296846,-0.615007,-0.232381,0.244141,0.056867,0.03347,-0.013684,0.18778,-0.859977,0.474528,0.981214,0.186005,-0.051193,-0.04424,0.475227,0.878749,-0.006642,-0.001019,-8.1e-05,0.267002,-0.569885,-0.210933,0.148143,0.081178,0.017753,-0.060768,-0.763232,-0.095254,-0.639063,0.212384,-0.971098,-0.108906,-0.610219,-0.218847,0.761404,-0.00061,-0.003689,-0.002922,0.004644,-0.075113,0.15263,-0.906608
146,0.13367,-0.013771,0.363924,-0.770965,0.022064,-0.636531,0.016774,-0.998331,-0.055005,-0.635726,-0.053119,0.770103,-0.001141,-0.006851,-0.005442,0.000408,-0.000315,0.000315,-1.509752,-0.125119,0.02206,0.326002,-0.35399,0.781065,0.514411,-0.924282,-0.376084,-0.064784,0.143322,-0.49936,0.854378,-0.013303,-0.001924,-7e-05,0.006664,-0.000723,-0.040512,0.241628,0.056688,0.03341,-0.013661,0.191418,-0.862683,0.46812,0.980705,0.187391,-0.055682,-0.039686,0.469747,0.881908,-0.005849,-0.006617,0.003854,-0.056965,0.048113,-0.040888,0.144388,0.081131,0.017583,-0.060876,-0.761163,-0.095399,-0.641504,0.217756,-0.969295,-0.114228,-0.61091,-0.226638,0.758566,-0.00081,-0.009275,0.001325,-0.040348,0.029562,-0.045944,-0.907588
147,0.133493,-0.014083,0.363834,-0.76994,0.01991,-0.637841,0.021998,-0.998072,-0.057792,-0.636806,-0.05856,0.768815,-0.000767,-0.004589,-0.003653,0.0,0.0,-0.0,-1.510581,-0.125539,0.021935,0.326064,-0.359513,0.783171,0.507331,-0.922756,-0.379195,-0.068305,0.13935,-0.493668,0.858334,-0.000132,0.000902,0.000767,0.127111,-0.233362,-0.164934,0.239652,0.056473,0.033345,-0.013631,0.19561,-0.865137,0.461816,0.979957,0.190525,-0.058161,-0.03767,0.463937,0.885066,-0.006743,-0.000351,0.000488,0.210548,-0.34699,-0.26377,0.141775,0.081042,0.017423,-0.060925,-0.759739,-0.097257,-0.642912,0.222816,-0.967826,-0.116897,-0.610858,-0.232062,0.756966,-0.007505,-0.007086,0.003085,-0.038882,0.042436,-0.07373,-0.91314
148,0.133366,-0.014202,0.363844,-0.769924,0.020035,-0.637857,0.021773,-0.998082,-0.057713,-0.636834,-0.058355,0.768807,-0.000574,-0.003425,-0.002728,-0.00087,0.012763,-0.025825,-1.511031,-0.1257,0.021847,0.326127,-0.363731,0.782148,0.5059,-0.920427,-0.385223,-0.065964,0.143764,-0.490605,0.859362,0.001537,-0.010904,0.008116,-0.034607,0.004362,-0.021945,0.239647,0.056391,0.033308,-0.013601,0.20059,-0.86516,0.459631,0.978772,0.197114,-0.056125,-0.042043,0.461133,0.886333,-0.006695,-0.000677,0.00021,0.006505,-0.073111,0.142343,0.141122,0.080978,0.017363,-0.06092,-0.759752,-0.097111,-0.642919,0.222572,-0.967891,-0.116822,-0.610931,-0.231852,0.756971,-0.007252,-0.005547,0.004313,-0.036918,0.028635,-0.047266,-0.916242
149,0.133028,-0.014315,0.36399,-0.76804,0.023403,-0.640009,0.021578,-0.9978,-0.062464,-0.639109,-0.061821,0.766645,-0.014081,-0.008524,0.010663,0.523966,-0.402085,0.385026,-1.51179,-0.125895,0.021638,0.32634,-0.371096,0.783097,0.499037,-0.917124,-0.393232,-0.064699,0.146053,-0.482657,0.863466,0.001286,-0.009205,0.009562,0.042744,-0.149977,-0.095631,0.239759,0.056294,0.0332,-0.013497,0.207249,-0.867067,0.453036,0.977202,0.205292,-0.05413,-0.046071,0.453926,0.889846,0.000725,-0.005195,0.004281,0.078766,-0.193456,-0.152462,0.140959,0.080814,0.017307,-0.060853,-0.758767,-0.093834,-0.644566,0.22229,-0.967463,-0.120834,-0.612256,-0.234965,0.754938,-0.006844,0.001123,0.000876,1.867079,-1.420031,1.410652,-0.917875
150,0.132737,-0.014391,0.364153,-0.767837,0.024255,-0.640221,0.020672,-0.997805,-0.062678,-0.639383,-0.061399,0.766451,-0.013706,0.00247,0.002008,0.005042,-0.073201,0.148751,-1.511722,-0.125826,0.02129,0.32659,-0.376807,0.784119,0.493119,-0.915522,-0.39615,-0.069419,0.141406,-0.478589,0.866499,0.001597,-0.011336,0.007758,-0.009522,-0.041979,-0.054538,0.235483,0.056328,0.03303,-0.013368,0.213062,-0.869105,0.446385,0.976143,0.208896,-0.059203,-0.041795,0.448351,0.892879,0.000799,-0.005704,0.003846,-0.035926,-0.003711,-0.040463,0.138346,0.080669,0.017268,-0.060766,-0.758579,-0.092547,-0.644974,0.221501,-0.967537,-0.121685,-0.612775,-0.235171,0.754453,-1.4e-05,-0.004451,0.005164,-0.035778,0.01392,-0.017891,-0.918528
151,0.13262,-0.014464,0.364239,-0.767743,0.024674,-0.640318,0.020182,-0.997812,-0.062731,-0.639511,-0.061122,0.766365,-0.014156,-0.008923,0.010343,-0.030424,-0.059312,0.130841,-1.511527,-0.125749,0.021025,0.326765,-0.380604,0.78477,0.48915,-0.914414,-0.398153,-0.072485,0.138366,-0.475845,0.868498,0.001624,-0.011521,0.007604,0.192128,-0.415257,-0.316477,0.233399,0.056367,0.032898,-0.013281,0.215219,-0.869676,0.444233,0.975709,0.210533,-0.060544,-0.040872,0.446473,0.893862,0.001611,-0.01147,0.007644,0.174369,-0.449277,-0.373865,0.13606,0.080606,0.017234,-0.060721,-0.758563,-0.091989,-0.645072,0.220936,-0.96765,-0.121816,-0.612998,-0.234925,0.754348,-0.007081,-0.004462,0.005176,-0.030552,-0.059322,0.13096,-0.917875
152,0.132487,-0.014667,0.364417,-0.768441,0.023504,-0.639525,0.024951,-0.997445,-0.066722,-0.638505,-0.067265,0.76669,-3.4e-05,-0.000199,-0.000158,0.088069,0.223288,0.106731,-1.508514,-0.125619,0.02032,0.32718,-0.385084,0.78491,0.485405,-0.912798,-0.401419,-0.074808,0.136632,-0.472856,0.870403,0.001746,-0.012351,0.006909,-0.010012,-0.041451,-0.053932,0.232679,0.056432,0.032546,-0.013073,0.220987,-0.8711,0.438574,0.974524,0.214879,-0.064244,-0.038277,0.441598,0.896395,0.001683,-0.011972,0.007231,-0.070504,0.00138,-0.060948,0.133447,0.080539,0.017133,-0.060632,-0.758525,-0.09347,-0.644904,0.225611,-0.966121,-0.125334,-0.611341,-0.240567,0.753915,-0.000161,-0.005293,0.004494,0.103,0.370401,0.153156,-0.918855
153,0.132498,-0.01489,0.364566,-0.767083,0.02683,-0.641022,0.023412,-0.997269,-0.069839,-0.640193,-0.068621,0.765161,-0.000262,-0.00154,-0.001227,-0.000861,0.012745,-0.025834,-1.505329,-0.125622,0.019464,0.327759,-0.391588,0.78523,0.47965,-0.910492,-0.405913,-0.078574,0.133505,-0.468458,0.873262,-0.010415,-0.022831,0.016996,0.004693,-0.1185,-0.171958,0.232519,0.056436,0.032116,-0.012792,0.226945,-0.872312,0.43309,0.973229,0.219717,-0.067441,-0.036328,0.436802,0.898823,0.001426,-0.010249,0.008709,0.028387,-0.184362,-0.140843,0.132631,0.080545,0.017024,-0.060555,-0.758366,-0.089674,-0.64563,0.223963,-0.966036,-0.128893,-0.612144,-0.242345,0.752693,-0.000155,-0.005261,0.004518,-0.032122,-0.075506,0.158155,-0.919508
154,0.132584,-0.015083,0.364686,-0.767345,0.027291,-0.640689,0.027087,-0.996803,-0.074984,-0.639734,-0.074934,0.764952,-0.000289,-0.01045,0.009093,-0.029303,-0.073486,0.160655,-1.500669,-0.125706,0.018456,0.328549,-0.399347,0.786312,0.471409,-0.907801,-0.410965,-0.083295,0.128754,-0.462183,0.87731,0.002983,-0.021284,0.01678,0.10026,-0.390299,-0.078004,0.232169,0.056391,0.031629,-0.012402,0.233709,-0.874148,0.425727,0.971724,0.225133,-0.071176,-0.033627,0.430324,0.902047,0.001436,-0.010348,0.008638,0.236111,-0.537338,-0.381852,0.132631,0.080588,0.016928,-0.060501,-0.758746,-0.089453,-0.645214,0.227583,-0.964506,-0.133908,-0.610335,-0.248442,0.752174,-1.2e-05,-5.2e-05,-4.3e-05,-0.003962,-0.005241,-0.003902,-0.920325
155,0.132635,-0.015135,0.364723,-0.768727,0.029298,-0.638942,0.025968,-0.996677,-0.077026,-0.638121,-0.075847,0.766209,-0.000269,-0.010337,0.009184,0.09067,0.236111,0.308175,-1.498772,-0.125793,0.017901,0.328972,-0.401477,0.786491,0.469297,-0.90691,-0.412839,-0.08373,0.128412,-0.4602,0.878402,-0.008936,-0.033654,0.025288,-0.093614,0.004611,-0.111169,0.232223,0.05635,0.031342,-0.012186,0.236754,-0.875089,0.422095,0.971021,0.227701,-0.07258,-0.032598,0.427048,0.90364,-0.004507,-0.016662,0.012785,-0.110604,-0.066272,0.099851,0.132304,0.080608,0.016903,-0.060482,-0.759275,-0.088265,-0.644755,0.22668,-0.964582,-0.134894,-0.610013,-0.248575,0.752392,2e-06,2.1e-05,1.5e-05,0.245413,0.641699,0.310103,-0.918365
