frame,MLTx,MLTy,MLTz,MLTR1,MLTR2,MLTR3,MLTR4,MLTR5,MLTR6,MLTR7,MLTR8,MLTR9,MLTTVx,MLTTVy,MLTTVz,MLTRVx,MLTRVy,MLTRVz,MLGA,MRTx,MRTy,MRTz,MRTR1,MRTR2,MRTR3,MRTR4,MRTR5,MRTR6,MRTR7,MRTR8,MRTR9,MRTTVx,MRTTVy,MRTTVz,MRTRVx,MRTRVy,MRTRVz,MRGA,SLTx,SLTy,SLTz,SLTR1,SLTR2,SLTR3,SLTR4,SLTR5,SLTR6,SLTR7,SLTR8,SLTR9,SLTTVx,SLTTVy,SLTTVz,SLTRVx,SLTRVy,SLTRVz,SLGA,SRTx,SRTy,SRTz,SRTR1,SRTR2,SRTR3,SRTR4,SRTR5,SRTR6,SRTR7,SRTR8,SRTR9,SRTTVx,SRTTVy,SRTTVz,SRTRVx,SRTRVy,SRTRVz,SRGA
529,0.105759,-0.028705,0.315233,-0.45471,0.819954,-0.347792,-0.837896,-0.526155,-0.145133,-0.301436,0.224397,0.92672,0.087232,-0.032386,-0.010815,-0.079563,-0.106177,0.295976,-1.217589,-0.249665,-0.017572,0.312194,-0.880685,-0.47017,-0.057668,0.342558,-0.716434,0.607709,-0.325923,0.516037,0.79205,0.147726,-0.054356,0.021547,0.370393,3.242908,4.3853,-0.984354,0.001978,0.033138,-0.013374,0.913649,0.396055,-0.091568,-0.273338,0.765292,0.582764,0.300883,-0.507412,0.807465,0.073687,-0.033039,0.014459,1.128548,1.475186,-1.368987,-0.872259,0.051207,0.028046,-0.060116,0.534666,-0.795612,-0.284837,0.818116,0.571766,-0.061386,0.2117,-0.200209,0.956607,0.036036,-0.015373,-0.004961,-0.685602,0.471336,0.129051,-1.014707
530,0.109033,-0.029889,0.314865,-0.465755,0.814389,-0.346248,-0.832154,-0.536103,-0.141718,-0.300466,0.221109,0.927824,0.088015,-0.030219,-0.008721,-0.010228,-0.150111,0.266679,-1.220533,-0.243768,-0.020098,0.313125,-0.905728,-0.422291,-0.0363,0.322742,-0.742895,0.586412,-0.273454,0.519946,0.809162,0.147187,-0.068831,0.025063,0.770934,-0.095564,-0.017119,-0.693621,0.004866,0.031909,-0.012915,0.937179,0.341807,-0.069727,-0.2466,0.790502,0.560619,0.246743,-0.508206,0.825132,0.073683,-0.028725,0.008488,0.212991,-0.092882,0.869937,-0.766937,0.052876,0.027442,-0.060312,0.544976,-0.789553,-0.282146,0.811649,0.581191,-0.058665,0.2103,-0.197033,0.957575,0.04404,-0.014986,-0.004268,0.030809,-0.142043,0.170628,-1.019932
531,0.112383,-0.03102,0.314751,-0.48167,0.810744,-0.332767,-0.830119,-0.543744,-0.123352,-0.280355,0.215809,0.935337,0.074476,-0.022629,-0.001121,-2.069614,1.777258,-0.350304,-1.222319,-0.237938,-0.022757,0.313857,-0.931024,-0.36466,-0.014466,0.292898,-0.770574,0.566004,-0.216365,0.523185,0.824213,0.14692,-0.073038,0.019439,0.608494,-0.494792,0.321229,-0.423136,0.007787,0.030585,-0.012543,0.957939,0.283591,-0.043902,-0.216466,0.814521,0.538236,0.188398,-0.506094,0.841649,0.073547,-0.030618,0.005901,0.777025,2.167358,-0.612714,-0.62667,0.054555,0.026868,-0.060377,0.558261,-0.784872,-0.268922,0.807141,0.588797,-0.042891,0.192005,-0.193114,0.962205,0.04479,-0.012302,-0.001362,-0.0736,-0.035346,0.151425,-1.02777
532,0.113974,-0.031548,0.314823,-0.49016,0.807688,-0.327763,-0.828737,-0.5483,-0.111954,-0.269534,0.215746,0.938527,0.074472,-0.031448,0.009635,-0.159533,-0.060692,-0.123266,-1.222656,-0.23516,-0.024041,0.314122,-0.942498,-0.334197,0.001297,0.27844,-0.783438,0.555545,-0.18345,0.524381,0.831405,0.161901,-0.064324,0.007772,1.267808,1.882239,-0.57021,-0.313106,0.009286,0.029886,-0.012398,0.967099,0.25284,-0.028116,-0.200637,0.825999,0.526754,0.156408,-0.503782,0.849552,0.0809,-0.032458,0.003451,1.188483,1.882108,-0.565343,-0.586664,0.055351,0.026608,-0.060345,0.566481,-0.781579,-0.261214,0.804585,0.593092,-0.029731,0.178161,-0.193327,0.964822,0.045111,-0.011063,-1.5e-05,-0.1414,-0.247154,0.081226,-1.031199
533,0.117085,-0.032595,0.315152,-0.501003,0.80207,-0.325153,-0.823047,-0.557661,-0.107601,-0.267012,0.212707,0.93994,0.075247,-0.028557,0.012687,-0.069146,0.041501,-0.034243,-1.224221,-0.229599,-0.026693,0.314533,-0.966917,-0.252215,0.038097,0.232785,-0.812057,0.535078,-0.102794,0.526561,0.843819,0.132458,-0.064583,0.00716,0.417042,0.437979,0.663819,-0.096869,0.012016,0.028584,-0.012196,0.984982,0.172223,0.012146,-0.154872,0.850272,0.503042,0.076307,-0.497369,0.864176,0.073709,-0.032684,0.002864,0.974853,2.871174,0.393648,-0.408677,0.056907,0.026086,-0.060179,0.57676,-0.775186,-0.257747,0.797835,0.602307,-0.026155,0.175519,-0.190555,0.965858,0.037538,-0.014642,0.005869,-0.069064,0.055755,-0.057767,-1.031036
534,0.119734,-0.033689,0.315664,-0.512171,0.793765,-0.328121,-0.815467,-0.569279,-0.104439,-0.269062,0.21309,0.939268,0.060275,-0.026324,0.014369,-0.069943,-0.032572,0.081391,-1.226419,-0.224192,-0.029253,0.314671,-0.986187,-0.141941,0.085314,0.165486,-0.841934,0.513513,0.000186,0.520716,0.853649,0.132841,-0.06728,0.003207,0.929862,2.830127,0.627105,0.087248,0.014769,0.027279,-0.012124,0.996041,0.062471,0.063225,-0.085207,0.873541,0.479233,-0.025291,-0.482723,0.875407,0.066386,-0.033913,0.001206,0.934356,2.806368,0.656633,-0.182683,0.058238,0.02554,-0.059921,0.587809,-0.766175,-0.259721,0.789259,0.613597,-0.02383,0.177622,-0.19098,0.965388,0.030184,-0.012925,0.007417,-0.055768,-0.030277,0.111747,-1.029076
535,0.120959,-0.034216,0.315992,-0.514133,0.792133,-0.328995,-0.813966,-0.571481,-0.104121,-0.269859,0.21327,0.938999,0.060708,-0.024496,0.016388,-0.061386,-0.139637,0.282392,-1.226054,-0.221515,-0.030482,0.314582,-0.9908,-0.081109,0.108298,0.124979,-0.854117,0.504776,0.052808,0.513769,0.856222,0.147934,-0.070464,-0.001394,1.172924,4.912271,4.142976,0.132919,0.016052,0.026693,-0.012166,0.996186,0.008543,0.086829,-0.048472,0.881667,0.469374,-0.072545,-0.471793,0.878719,0.066275,-0.029837,-0.004843,0.189575,0.585704,0.761305,-0.09173,0.05885,0.025275,-0.05976,0.589886,-0.76442,-0.260184,0.78753,0.615817,-0.023788,0.17841,-0.190871,0.965265,0.030302,-0.012453,0.007919,-0.065237,-0.026327,0.085906,-1.02728
536,0.122891,-0.035094,0.316728,-0.524045,0.785089,-0.330237,-0.806743,-0.58181,-0.103125,-0.272452,0.211394,0.938674,0.045809,-0.021622,0.01897,-0.067482,-0.013857,0.053772,-1.226437,-0.216192,-0.033012,0.313791,-0.98698,0.037568,0.156362,0.044914,-0.868835,0.492992,0.155618,0.493549,0.855603,0.131361,-0.061132,-0.033199,0.28163,0.984162,1.685871,0.153932,0.018672,0.025465,-0.012525,0.984046,-0.107169,0.142013,0.031127,0.889614,0.455651,-0.175168,-0.443961,0.878757,0.065645,-0.030799,-0.016937,0.759724,3.232437,0.196657,3.9e-05,0.059805,0.024844,-0.059398,0.599371,-0.756903,-0.260484,0.779737,0.625653,-0.02383,0.181009,-0.188826,0.965183,0.023171,-0.005074,0.00553,-0.032104,-0.044319,0.093882,-1.023361
537,0.124319,-0.035793,0.317444,-0.526313,0.783871,-0.329524,-0.806139,-0.583203,-0.099924,-0.269859,0.212072,0.93927,0.031102,-0.008782,0.012049,-0.032645,-0.028412,0.066961,-1.226667,-0.21114,-0.035512,0.312061,-0.964797,0.166546,0.203521,-0.048991,-0.873943,0.483486,0.259602,0.456285,0.851043,0.130759,-0.061163,-0.055941,0.809507,3.447785,-0.314882,0.154624,0.021295,0.024163,-0.013413,0.951522,-0.23807,0.19475,0.130733,0.886166,0.444541,-0.278414,-0.397531,0.87433,0.065324,-0.031269,-0.028881,0.807832,3.437173,-0.289249,0.018164,0.060553,0.02448,-0.059024,0.60137,-0.755628,-0.259577,0.778815,0.626913,-0.020636,0.178325,-0.189752,0.965501,0.015537,-0.004404,0.005987,-0.031825,-0.030031,0.068423,-1.027117
538,0.124876,-0.036081,0.317794,-0.529675,0.781446,-0.329898,-0.803699,-0.586652,-0.099397,-0.270556,0.211515,0.939195,0.015522,-0.017913,0.022036,-0.069641,0.015126,-0.005203,-1.226474,-0.208578,-0.036617,0.310835,-0.94803,0.227325,0.222606,-0.096586,-0.872054,0.479716,0.304368,0.432999,0.848372,0.130932,-0.051405,-0.066816,1.610928,4.004464,5.404227,0.148791,0.022526,0.023624,-0.014008,0.932198,-0.290052,0.216507,0.172013,0.881328,0.44008,-0.31846,-0.373,0.871466,0.065338,-0.026454,-0.034237,1.363643,3.765551,3.695481,0.018491,0.060826,0.024343,-0.058857,0.604603,-0.753022,-0.259636,0.776139,0.630228,-0.020488,0.179059,-0.189127,0.965488,0.015644,-0.00387,0.00659,-0.033388,-0.029403,0.067986,-1.024504
539,0.125634,-0.036392,0.318345,-0.533514,0.779339,-0.328692,-0.801908,-0.589583,-0.096469,-0.268317,0.211141,0.939921,0.016224,0.003441,0.00446,-2.031198,1.767489,-0.543522,-1.225799,-0.203417,-0.038401,0.30799,-0.915593,0.313277,0.252072,-0.165673,-0.864951,0.473654,0.367565,0.391519,0.843489,0.132131,-0.038099,-0.074665,1.389818,3.068622,3.969347,0.132787,0.025055,0.022728,-0.015415,0.893213,-0.373913,0.249719,0.242239,0.868068,0.433332,-0.378802,-0.326566,0.865946,0.058366,-0.019243,-0.037209,0.11177,0.685383,-0.329776,-0.001104,0.061199,0.024183,-0.05858,0.607298,-0.750774,-0.259857,0.773925,0.63296,-0.020035,0.179521,-0.188943,0.965438,0.007977,-0.00338,0.006877,0.134337,0.038295,-0.433201,-1.019932
540,0.12592,-0.036362,0.318671,-0.532671,0.779791,-0.328987,-0.802515,-0.588776,-0.096354,-0.26818,0.211718,0.939831,0.000905,0.004497,0.005144,-0.0,-0.0,-0.0,-1.226124,-0.198534,-0.039639,0.305038,-0.875703,0.390623,0.283811,-0.229491,-0.853732,0.467342,0.425953,0.343631,0.836866,0.11773,-0.023325,-0.079613,0.462606,1.157781,0.875103,0.132711,0.027506,0.022098,-0.016896,0.847984,-0.44648,0.285619,0.304628,0.85154,0.426709,-0.433733,-0.274835,0.858103,0.066618,-0.011565,-0.040238,0.114222,0.682106,-0.260141,-0.007799,0.061354,0.024196,-0.058411,0.607352,-0.751224,-0.258427,0.774557,0.632259,-0.017563,0.176587,-0.1895,0.96587,0.008122,0.00183,0.00234,0.001678,-0.028789,0.055492,-1.01585
541,0.125913,-0.036202,0.318805,-0.533103,0.779136,-0.329839,-0.803069,-0.588619,-0.092619,-0.265656,0.214535,0.939908,0.000841,0.013128,-0.005977,-0.043686,0.000431,-0.014464,-1.225153,-0.193989,-0.040617,0.302074,-0.831976,0.459033,0.311604,-0.281487,-0.833101,0.476068,0.479171,0.307789,0.821903,0.118748,-0.022428,-0.08042,-0.497809,0.714598,-0.225892,0.154588,0.029823,0.021598,-0.018401,0.797099,-0.513653,0.317479,0.359351,0.826029,0.434213,-0.485282,-0.232025,0.843009,0.051653,-0.011227,-0.039786,-0.653629,1.020491,0.109289,0.005264,0.061351,0.024275,-0.058338,0.607811,-0.750491,-0.259475,0.77474,0.632133,-0.013546,0.174189,-0.192792,0.965654,0.00025,0.001258,0.001436,-0.206665,0.144768,-0.041893,-1.015197
542,0.125817,-0.036147,0.318834,-0.532924,0.779218,-0.329933,-0.803152,-0.588489,-0.092732,-0.265765,0.214594,0.939864,-0.014968,0.002696,0.002572,-0.001332,0.014237,-0.029806,-1.225007,-0.191793,-0.041117,0.300523,-0.810535,0.487083,0.32523,-0.300003,-0.822072,0.483868,0.504062,0.294011,0.811999,0.119125,-0.023564,-0.082854,0.079779,1.450125,0.984016,0.165663,0.030966,0.021342,-0.019204,0.773352,-0.539192,0.333463,0.375997,0.813581,0.443521,-0.510442,-0.217617,0.831919,0.059596,-0.011846,-0.041596,0.114604,1.44872,0.988934,0.020613,0.061309,0.024307,-0.058326,0.60765,-0.750639,-0.259424,0.774833,0.632014,-0.013828,0.17434,-0.192607,0.965664,0.000111,0.000565,0.000646,0.006638,0.006354,0.002291,-1.015523
543,0.125578,-0.036114,0.318848,-0.533799,0.776787,-0.334224,-0.802653,-0.589759,-0.088908,-0.265516,0.219837,0.938722,-0.015268,0.001211,0.000872,-0.088853,-0.106153,-0.093506,-1.224713,-0.187789,-0.042087,0.297314,-0.769263,0.530489,0.356101,-0.314511,-0.799418,0.511809,0.557144,0.281051,0.781322,0.088851,-0.023801,-0.082837,-1.246025,1.003301,0.065714,0.182842,0.032968,0.020856,-0.02081,0.729967,-0.577051,0.366278,0.389969,0.791746,0.470171,-0.561312,-0.200372,0.802981,0.044457,-0.012027,-0.041668,-1.24517,1.000216,0.065858,0.048373,0.061183,0.024323,-0.05832,0.608763,-0.748269,-0.263627,0.773926,0.633195,-0.010099,0.174484,-0.19788,0.964571,-0.007652,0.000516,0.000336,-0.090128,-0.108035,-0.094988,-1.018136
544,0.12534,-0.036134,0.318802,-0.534588,0.775384,-0.336215,-0.802202,-0.590676,-0.086868,-0.265292,0.222305,0.938204,-0.0003,-0.001478,-0.001688,-0.00764,-0.010497,-0.005554,-1.224846,-0.184316,-0.04281,0.2939,-0.736698,0.557899,0.382122,-0.31076,-0.781077,0.541555,0.601518,0.279512,0.748273,0.073289,-0.011873,-0.090598,-0.979671,1.016921,0.114865,0.200825,0.034676,0.020497,-0.022486,0.695686,-0.600813,0.393756,0.385277,0.774709,0.501384,-0.606285,-0.197101,0.770434,0.044852,-0.011677,-0.042136,-1.026947,1.311916,0.434627,0.07009,0.061064,0.024313,-0.058343,0.609795,-0.74669,-0.265713,0.773115,0.634216,-0.007982,0.17448,-0.200559,0.964019,-0.007793,-0.000173,-0.000452,0.010968,0.028521,-0.029407,-1.024014
545,0.125278,-0.03614,0.318761,-0.535105,0.774114,-0.338314,-0.801896,-0.591369,-0.084956,-0.265175,0.224865,0.937627,-0.000307,-0.00151,-0.001726,-0.017319,-0.023784,-0.012587,-1.224611,-0.182801,-0.04305,0.292087,-0.716617,0.575219,0.39443,-0.313624,-0.77076,0.554529,0.62388,0.272959,0.732209,0.073518,-0.01285,-0.092816,-0.808199,0.851133,0.201161,0.200834,0.035434,0.02038,-0.023389,0.674151,-0.6161,0.407357,0.387355,0.764519,0.515234,-0.628868,-0.189554,0.754051,0.036802,-0.006319,-0.046306,-0.719273,1.189723,0.326046,0.079725,0.061033,0.024309,-0.058364,0.610457,-0.745395,-0.267818,0.772572,0.634897,-0.006075,0.174565,-0.2032,0.96345,-9e-06,0.004417,-0.005437,0.04007,-0.011582,0.010324,-1.027117
546,0.125255,-0.036154,0.318651,-0.535943,0.771652,-0.342586,-0.801376,-0.592593,-0.081252,-0.265052,0.230029,0.936409,-0.000267,-0.001315,-0.001504,-0.054197,-0.074397,-0.039387,-1.224788,-0.18015,-0.043115,0.288288,-0.689093,0.593864,0.415294,-0.302435,-0.756344,0.58001,0.659409,0.273334,0.700238,0.057753,0.002678,-0.095402,-0.60505,0.860387,-0.020149,0.174762,0.036764,0.020334,-0.025298,0.645212,-0.631886,0.429442,0.375397,0.751767,0.542146,-0.665415,-0.188588,0.722258,0.028538,0.006834,-0.051905,-0.60426,1.066504,0.488426,0.066988,0.061021,0.0243,-0.058421,0.611568,-0.742995,-0.271921,0.771629,0.636067,-0.002541,0.174848,-0.208268,0.962315,2.4e-05,0.004579,-0.005253,-0.019747,0.010174,-0.199513,-1.02875
547,0.125262,-0.036115,0.318538,-0.542305,0.766053,-0.345129,-0.797545,-0.598504,-0.075409,-0.263661,0.233404,0.935966,-6.1e-05,-0.0003,-0.000344,-0.033735,-0.04629,-0.024523,-1.225498,-0.177719,-0.04239,0.284438,-0.665466,0.613524,0.425129,-0.293028,-0.738442,0.607266,0.687331,0.278768,0.670617,0.056952,0.034959,-0.09929,-0.912521,0.671207,0.436324,0.169029,0.037958,0.020666,-0.027201,0.621321,-0.647797,0.440817,0.365662,0.737283,0.568071,-0.693001,-0.191765,0.694964,0.036797,0.011973,-0.046246,-1.067383,-1.212991,2.122862,0.040698,0.061024,0.024318,-0.058479,0.617913,-0.736979,-0.273941,0.766821,0.641854,0.002904,0.173691,-0.211858,0.961741,0.000163,0.005253,-0.004484,0.024655,-0.038884,-0.002679,-1.028096
548,0.125251,-0.036036,0.318455,-0.544066,0.763645,-0.347685,-0.797234,-0.599621,-0.06961,-0.260967,0.238359,0.935472,-8e-06,-3.9e-05,-4.4e-05,-0.14271,-0.195778,-0.103796,-1.224576,-0.17563,-0.041034,0.2813,-0.64894,0.634563,0.419759,-0.287598,-0.715242,0.636907,0.705191,0.291793,0.646085,0.042552,0.036683,-0.072302,-0.780671,0.648849,0.400979,0.181436,0.039046,0.02136,-0.028849,0.602033,-0.668642,0.436432,0.358414,0.714724,0.600591,-0.713509,-0.205152,0.669938,0.021359,0.018948,-0.035339,-0.875252,0.703645,0.414688,0.051312,0.061019,0.024358,-0.05852,0.619619,-0.73495,-0.275533,0.765981,0.642814,0.007915,0.1713,-0.215957,0.961258,3e-06,1.1e-05,1.3e-05,-0.223231,-0.30344,-0.13979,-1.020748
549,0.125227,-0.036013,0.318417,-0.545114,0.763691,-0.345937,-0.797393,-0.599656,-0.067453,-0.258285,0.238124,0.936276,0.000304,0.010426,-0.009062,0.033232,-0.017745,0.01588,-1.224295,-0.174657,-0.040143,0.279978,-0.640821,0.647742,0.412031,-0.287048,-0.699838,0.654036,0.712796,0.30003,0.633851,0.042825,0.044539,-0.0614,-0.91505,0.685314,0.531206,0.185219,0.039494,0.021768,-0.02947,0.593967,-0.680287,0.429431,0.357539,0.701403,0.616602,-0.720671,-0.212703,0.65984,0.021491,0.022977,-0.029733,-0.823906,-0.003848,1.076529,0.056701,0.061007,0.024366,-0.058535,0.620703,-0.734501,-0.274291,0.765711,0.643096,0.010662,0.168564,-0.216645,0.961587,-3.8e-05,-0.000193,-0.00022,0.014281,0.011765,0.004046,-1.018136
550,0.125135,-0.03606,0.318346,-0.546041,0.761121,-0.350114,-0.796824,-0.600833,-0.063583,-0.258082,0.243309,0.934998,-0.00047,-0.002306,-0.00264,-0.028194,-0.038652,-0.020499,-1.223647,-0.173145,-0.038158,0.278143,-0.626934,0.669922,0.397681,-0.2879,-0.673421,0.680846,0.724696,0.311507,0.614525,0.027345,0.057514,-0.041513,-0.615681,0.375982,0.586168,0.199606,0.040278,0.022773,-0.030418,0.577019,-0.702601,0.416413,0.356282,0.675323,0.645755,-0.734922,-0.224253,0.639999,0.022062,0.024157,-0.01617,-0.695554,0.292358,0.777051,0.072377,0.060962,0.024351,-0.05857,0.621875,-0.731905,-0.278539,0.764699,0.644224,0.014491,0.168836,-0.22201,0.960315,-0.000283,-0.001396,-0.001599,-0.010456,-0.002969,-0.042395,-1.01536
551,0.125025,-0.036184,0.318169,-0.553907,0.755203,-0.350573,-0.792787,-0.606979,-0.055098,-0.253718,0.246467,0.935365,-0.00052,0.006383,-0.013701,-0.208464,0.059276,-0.086763,-1.22308,-0.172071,-0.036151,0.277232,-0.612311,0.685543,0.393824,-0.284081,-0.655508,0.699672,0.738567,0.315673,0.595594,0.013423,0.043647,-0.011682,-0.399272,0.357191,0.178208,0.222592,0.040822,0.023787,-0.030877,0.56038,-0.717667,0.413434,0.351021,0.65792,0.666276,-0.750171,-0.228244,0.620602,0.014204,0.028536,-0.009171,-0.449828,0.26847,0.460809,0.096544,0.060907,0.024288,-0.058659,0.629375,-0.725609,-0.278165,0.759461,0.650168,0.022353,0.164634,-0.225324,0.960272,-0.000286,0.00305,-0.007011,-0.208013,0.090154,-0.087302,-1.022871
552,0.124994,-0.036262,0.318032,-0.55445,0.753854,-0.352612,-0.792423,-0.607625,-0.053188,-0.253669,0.248987,0.934711,-0.001161,-0.005678,-0.006522,-0.060039,-0.169899,0.102311,-1.222077,-0.171698,-0.035294,0.277108,-0.60553,0.692139,0.392771,-0.281176,-0.647658,0.708105,0.745237,0.317466,0.58626,0.013469,0.047336,-0.006525,-0.501802,0.306402,0.42536,0.23736,0.041009,0.024217,-0.030938,0.55366,-0.723194,0.412857,0.348131,0.651388,0.674164,-0.756482,-0.229529,0.612414,0.007201,0.0184,0.001219,-0.536527,0.441,0.25534,0.113852,0.060892,0.024252,-0.058724,0.630144,-0.724219,-0.280041,0.7588,0.650873,0.024207,0.16474,-0.227749,0.959682,-0.000557,-0.002737,-0.003142,-0.065373,-0.078476,-0.077302,-1.023851
553,0.124974,-0.036388,0.317682,-0.556726,0.751118,-0.354856,-0.791704,-0.609053,-0.047235,-0.250919,0.253706,0.934185,-0.001212,-0.005926,-0.006823,-0.075943,-0.088866,-0.079798,-1.22156,-0.171201,-0.033808,0.277457,-0.595804,0.700805,0.392277,-0.276044,-0.637249,0.719476,0.754926,0.319495,0.572601,-0.000412,0.029875,0.018034,-0.185275,0.183361,0.026017,0.260553,0.041258,0.024959,-0.030773,0.542385,-0.731679,0.412871,0.341783,0.641102,0.687147,-0.767464,-0.231586,0.5978,0.007652,0.015878,0.009478,-0.222598,0.199909,0.079879,0.14749,0.060881,0.024184,-0.058904,0.632404,-0.721445,-0.282102,0.757433,0.652223,0.029994,0.162355,-0.232642,0.958915,-0.000606,-0.002986,-0.003437,-0.065176,-0.080618,-0.077081,-1.022218
554,0.124958,-0.036383,0.317215,-0.561789,0.747029,-0.355509,-0.790634,-0.611254,-0.035182,-0.242896,0.260379,0.934468,-0.000721,0.005411,-0.014854,-0.104666,-0.087927,-0.279313,-1.221759,-0.171001,-0.032692,0.278456,-0.590304,0.708618,0.386513,-0.274117,-0.626252,0.729796,0.75993,0.323955,0.563403,-0.000316,0.035179,0.025084,-0.160947,0.068325,0.187268,0.297418,0.041363,0.025529,-0.030267,0.536353,-0.739082,0.407532,0.339353,0.630961,0.697658,-0.772763,-0.235894,0.589227,0.000284,0.012492,0.017267,-0.238209,0.191898,0.035661,0.187986,0.060872,0.024183,-0.059134,0.637066,-0.717327,-0.282113,0.75513,0.654248,0.04168,0.154674,-0.239585,0.958474,-0.000313,0.0029,-0.0072,-0.133457,-0.256679,-0.101314,-1.019116
555,0.124971,-0.035949,0.316561,-0.573717,0.738438,-0.354406,-0.787588,-0.616114,-0.008921,-0.224235,0.273085,0.935505,3.6e-05,0.018046,-0.021371,-0.995794,-0.017701,-0.724759,-1.223628,-0.171044,-0.031716,0.279943,-0.589923,0.714033,0.377013,-0.27664,-0.617259,0.736475,0.75931,0.329264,0.561157,0.000642,0.028105,0.03833,-0.02753,-0.191463,0.311073,0.32381,0.041342,0.026021,-0.029526,0.535175,-0.744841,0.398497,0.341121,0.62212,0.704701,-0.772802,-0.241203,0.587023,-0.007045,0.008309,0.02384,-0.044568,-0.478926,0.614087,0.231911,0.060878,0.024394,-0.05946,0.647522,-0.709267,-0.278666,0.74957,0.658707,0.065185,0.137326,-0.251088,0.958172,0.000119,0.009463,-0.010176,-2.045852,1.646431,-0.977713,-1.012257
556,0.12498,-0.035484,0.316101,-0.580353,0.733423,-0.354017,-0.784894,-0.6196,0.002919,-0.216493,0.278643,0.93569,0.000658,0.030014,-0.028648,-0.716414,0.296781,-0.538442,-1.224031,-0.171155,-0.031203,0.280777,-0.588768,0.715606,0.375833,-0.276062,-0.614909,0.738655,0.760416,0.330238,0.559083,0.00067,0.029406,0.039811,-0.237045,0.0888,0.212771,0.328943,0.041286,0.02628,-0.029107,0.534684,-0.745887,0.397195,0.341044,0.620511,0.706154,-0.773176,-0.242108,0.586158,-0.007456,0.014706,0.020746,-0.402903,0.173746,0.233327,0.245138,0.060882,0.024621,-0.059689,0.654271,-0.702723,-0.279479,0.744987,0.662461,0.078348,0.130087,-0.259468,0.956949,0.000463,0.015592,-0.013649,-2.117563,1.481705,-1.062603,-1.009318
557,0.125028,-0.034044,0.3149,-0.596663,0.715877,-0.36271,-0.775281,-0.63088,0.030039,-0.206586,0.298231,0.931884,0.001442,0.042766,-0.035,-0.889318,0.093372,-0.84028,-1.22676,-0.171522,-0.030129,0.282383,-0.590048,0.717376,0.370414,-0.278861,-0.611517,0.740418,0.7584,0.33268,0.560372,-0.014813,0.028753,0.039986,0.005173,-0.047057,0.067491,0.343117,0.041109,0.026821,-0.028298,0.535195,-0.748344,0.391849,0.343172,0.616488,0.708642,-0.771879,-0.244791,0.586752,-0.007431,0.014477,0.02014,0.00915,-0.066025,0.088543,0.26457,0.060906,0.025337,-0.060286,0.670058,-0.685035,-0.285917,0.732264,0.673141,0.103296,0.121701,-0.278581,0.95267,0.000743,0.02138,-0.017505,-2.2028,1.373424,-1.436366,-1.014707
558,0.125105,-0.032032,0.313331,-0.614341,0.6946,-0.374383,-0.762443,-0.644705,0.054851,-0.202509,0.318275,0.926131,0.002018,0.054494,-0.042517,-0.362812,-0.553147,-0.631073,-1.226948,-0.172101,-0.029077,0.283859,-0.590865,0.718194,0.367515,-0.280284,-0.609779,0.741313,0.757239,0.334098,0.561098,-0.030255,0.024539,0.035477,0.001353,-0.016309,0.014045,0.344653,0.040831,0.027345,-0.027564,0.536,-0.749349,0.388816,0.344501,0.614619,0.70962,-0.770728,-0.246409,0.587588,-0.007432,0.012682,0.017506,0.004488,-0.045654,0.062306,0.27551,0.060944,0.026323,-0.061053,0.68763,-0.663529,-0.294774,0.716333,0.686225,0.12634,0.118451,-0.298032,0.947177,0.001043,0.027269,-0.021234,-0.151943,-0.191605,-0.66677,-1.019442
559,0.125154,-0.031024,0.312534,-0.622375,0.685975,-0.377005,-0.756443,-0.650864,0.064354,-0.200466,0.324378,0.924456,0.001515,0.043109,-0.034561,-0.129359,-0.085431,-0.627186,-1.227575,-0.172413,-0.028624,0.284503,-0.591457,0.718703,0.365563,-0.281171,-0.608611,0.741936,0.756447,0.335128,0.561551,-0.014799,0.024239,0.033294,-0.009114,0.075958,-0.123575,0.343956,0.040664,0.027581,-0.027227,0.536547,-0.749975,0.386852,0.345291,0.613407,0.710286,-0.769994,-0.247525,0.588081,-0.007419,0.012288,0.016878,0.004529,-0.045913,0.063273,0.276327,0.060969,0.026829,-0.061449,0.696013,-0.653099,-0.298372,0.708394,0.692422,0.136846,0.117225,-0.306612,0.944587,0.000959,0.026851,-0.021709,-0.186341,-0.222409,-0.679129,-1.015197
560,0.125211,-0.029278,0.311057,-0.634823,0.671023,-0.383111,-0.746342,-0.66082,0.079134,-0.199283,0.335329,0.920798,0.000777,0.030568,-0.027942,-0.304163,-0.440936,-0.399352,-1.228833,-0.173056,-0.027767,0.285806,-0.59349,0.72086,0.357942,-0.284808,-0.603938,0.744364,0.753489,0.338915,0.563253,-0.014772,0.022261,0.030339,-0.001242,-1.594749,2.077227,0.343376,0.040342,0.028011,-0.026575,0.53773,-0.751585,0.382054,0.347254,0.610355,0.711955,-0.768284,-0.25017,0.589198,-0.007408,0.011122,0.015173,0.002922,-0.031309,0.041182,0.276163,0.060998,0.027714,-0.062191,0.708086,-0.638353,-0.301858,0.696374,0.702083,0.1488,0.116942,-0.31557,0.941668,0.000515,0.020229,-0.018798,0.132738,0.026463,-0.167416,-1.016339
561,0.12526,-0.02824,0.309964,-0.639091,0.666656,-0.383638,-0.742821,-0.664315,0.08291,-0.198795,0.337128,0.920246,-3.1e-05,0.017702,-0.021727,0.053995,-0.050855,0.022798,-1.230417,-0.17368,-0.027098,0.287036,-0.595555,0.720213,0.355807,-0.286542,-0.604122,0.743548,0.7512,0.339958,0.565677,-0.014762,0.020113,0.027266,0.069821,-0.474859,0.498694,0.343357,0.04003,0.028346,-0.025959,0.540186,-0.751895,0.377957,0.350001,0.609168,0.711626,-0.765308,-0.252126,0.592228,-0.007005,0.004097,0.017238,0.054251,-1.750427,2.180804,0.27551,0.061024,0.028253,-0.062753,0.712968,-0.632272,-0.303163,0.691388,0.705954,0.153653,0.116869,-0.319153,0.940468,-9.5e-05,0.008367,-0.011424,0.09131,-0.004572,0.009235,-1.01438
562,0.125256,-0.027868,0.309319,-0.639406,0.665794,-0.384609,-0.742711,-0.664197,0.084821,-0.198193,0.339056,0.919667,-0.000459,0.006691,-0.013378,0.034368,-0.001159,-0.00794,-1.230264,-0.174228,-0.026639,0.288165,-0.595474,0.719798,0.356783,-0.285351,-0.604526,0.743678,0.751717,0.340121,0.564891,-0.013987,0.004937,0.030023,-0.034883,-0.004609,0.001395,0.343874,0.039761,0.028581,-0.025404,0.540383,-0.75163,0.378202,0.34904,0.609226,0.712049,-0.765608,-0.252772,0.591565,-0.007421,0.008384,0.011398,-0.011065,0.076331,-0.12358,0.276,0.061022,0.028443,-0.06308,0.713325,-0.631567,-0.303791,0.691096,0.705897,0.155221,0.116413,-0.320672,0.940008,-0.000224,0.003322,-0.006714,0.041473,0.005718,-0.002188,-1.017809
563,0.125257,-0.027873,0.309201,-0.638707,0.666158,-0.385139,-0.743185,-0.663729,0.084325,-0.198665,0.339257,0.919491,-0.000614,-0.002988,-0.003477,-5e-06,-6e-06,-3e-06,-1.229794,-0.174429,-0.026485,0.288631,-0.597459,0.719175,0.354713,-0.287124,-0.604744,0.742818,0.749464,0.341046,0.567321,0.001264,0.003564,0.026722,0.116731,-0.126308,-0.022484,0.344744,0.03965,0.02866,-0.025158,0.542114,-0.751462,0.376053,0.350742,0.609026,0.711383,-0.763604,-0.253753,0.593731,-0.007451,0.006989,0.00959,0.210912,-0.081028,-0.185143,0.276653,0.061022,0.02844,-0.063147,0.712564,-0.632116,-0.304435,0.691786,0.705345,0.154653,0.116973,-0.320804,0.939893,-0.000338,-0.001681,-0.001956,0.003515,-0.085199,0.149938,-1.019605
564,0.125288,-0.028108,0.309184,-0.636974,0.667119,-0.386344,-0.744553,-0.662251,0.083882,-0.199111,0.34025,0.919028,-0.000495,-0.002413,-0.002811,0.003442,-0.086578,0.146348,-1.229571,-0.174833,-0.026281,0.289431,-0.59803,0.719598,0.352889,-0.287346,-0.603409,0.743817,0.748924,0.342512,0.567152,-0.014945,0.010244,0.01435,-0.012619,0.106714,-0.172192,0.34755,0.039448,0.028764,-0.024748,0.542912,-0.751789,0.374243,0.350883,0.607947,0.712236,-0.762972,-0.255367,0.593852,-0.007492,0.00494,0.006951,-0.014926,0.108763,-0.173059,0.279429,0.061038,0.028323,-0.063155,0.711037,-0.633214,-0.30572,0.693278,0.703934,0.154405,0.117436,-0.321737,0.939517,0.007199,-0.006974,0.002741,-0.034944,0.001161,0.014803,-1.020748
565,0.12531,-0.028344,0.309324,-0.634613,0.668424,-0.38797,-0.746429,-0.6602,0.083377,-0.199623,0.341669,0.91839,-2e-06,-1.1e-05,-1.3e-05,-0.0,-0.0,-0.0,-1.229439,-0.175105,-0.0261,0.290084,-0.601446,0.720761,0.344611,-0.292117,-0.599759,0.74491,0.744329,0.346444,0.570801,0.001098,-0.002234,0.019273,0.250887,-0.333831,0.068245,0.351179,0.039312,0.028853,-0.024431,0.545205,-0.754087,0.3662,0.354736,0.60333,0.714251,-0.759547,-0.259509,0.596441,-0.007498,0.004317,0.006138,0.504498,-0.829006,0.517559,0.283511,0.061048,0.028203,-0.063088,0.708808,-0.634776,-0.307651,0.695442,0.701864,0.154097,0.118112,-0.323179,0.938937,-0.000199,-0.00543,0.004266,-0.031641,-0.085398,0.155715,-1.021402
566,0.125322,-0.028394,0.309393,-0.63353,0.669012,-0.388726,-0.747264,-0.659296,0.083052,-0.19994,0.342261,0.9181,-0.000196,-0.009889,0.009663,-0.035228,0.015474,-0.017062,-1.229413,-0.175267,-0.025976,0.290356,-0.602113,0.721507,0.341875,-0.293368,-0.598046,0.745794,0.743297,0.347843,0.571294,-0.014964,0.008565,0.012149,0.003929,-0.00412,-0.005397,0.351588,0.039236,0.028909,-0.024296,0.546697,-0.754464,0.363188,0.356611,0.602233,0.714243,-0.757595,-0.260958,0.598289,0.000134,0.004573,0.005716,-0.012945,-0.025442,0.04983,0.284981,0.061054,0.028181,-0.063058,0.707819,-0.635456,-0.308524,0.696382,0.700987,0.153848,0.118508,-0.323747,0.938692,0.000143,0.000706,0.000822,0.000211,-0.014436,0.026083,-1.021891
567,0.12538,-0.028411,0.309407,-0.63144,0.670119,-0.390217,-0.74879,-0.657681,0.082106,-0.200838,0.343198,0.917555,0.000425,0.011013,-0.008354,0.035229,-0.015469,0.017065,-1.229869,-0.175587,-0.025732,0.290773,-0.60275,0.722127,0.339436,-0.294453,-0.596543,0.746571,0.742352,0.349133,0.571737,0.000235,0.007305,0.00909,0.001794,-0.015488,0.024234,0.355972,0.039071,0.029031,-0.024086,0.547149,-0.755252,0.360863,0.357415,0.600648,0.715175,-0.756889,-0.262329,0.598582,-0.007511,0.003306,0.004839,-0.000593,0.000988,-0.005882,0.288573,0.061084,0.028172,-0.063043,0.705949,-0.636717,-0.310203,0.698113,0.699421,0.153122,0.119467,-0.324654,0.938257,0.00021,0.005507,-0.004178,0.034971,-0.015347,0.017911,-1.021402
568,0.125446,-0.028393,0.30935,-0.629754,0.670996,-0.391432,-0.749977,-0.656441,0.081185,-0.2017,0.343853,0.91712,-6.1e-05,-0.000297,-0.000346,-0.0,-0.0,-0.0,-1.22961,-0.175964,-0.025509,0.291154,-0.591026,0.734001,0.334546,-0.307261,-0.588194,0.748031,0.746564,0.338383,0.572714,0.000244,0.007337,0.0091,1.850668,4.118532,3.189355,0.356361,0.038882,0.02914,-0.023899,0.538964,-0.763192,0.356448,0.366217,0.593392,0.716777,-0.758552,-0.25578,0.599311,-0.007499,0.003405,0.004944,0.000436,0.001344,-0.007644,0.292166,0.061117,0.028181,-0.063071,0.704437,-0.637718,-0.311581,0.69948,0.698224,0.152351,0.120396,-0.325266,0.937926,-3.8e-05,-0.00018,-0.000212,0.003888,-0.101019,0.171812,-1.018626
569,0.125466,-0.028396,0.309316,-0.629182,0.671292,-0.391844,-0.750376,-0.656024,0.080866,-0.201998,0.344071,0.916973,-0.000114,-0.000555,-0.000647,-0.0,-0.0,-0.0,-1.230212,-0.176175,-0.025393,0.291368,-0.58288,0.741584,0.332108,-0.315292,-0.582987,0.748767,0.749607,0.330791,0.573175,-0.014968,0.006867,0.009927,1.835147,4.1378,3.162657,0.356529,0.038788,0.029196,-0.023796,0.530186,-0.770236,0.354455,0.373868,0.587586,0.71761,-0.761002,-0.247948,0.599497,0.000114,0.003683,0.004565,-0.010036,0.092367,-0.145345,0.292655,0.061127,0.028179,-0.063088,0.703924,-0.638056,-0.312047,0.699941,0.69782,0.152082,0.120716,-0.325469,0.937814,-7e-05,-0.000341,-0.000398,-0.000126,7.7e-05,0.000477,-1.019442
570,0.125504,-0.028443,0.309279,-0.627986,0.671918,-0.392689,-0.75124,-0.655102,0.080319,-0.202508,0.344603,0.91666,-0.000332,-0.001624,-0.001893,-0.000587,0.014652,-0.024811,-1.2297,-0.1766,-0.025228,0.291877,-0.580249,0.747101,0.324256,-0.32215,-0.57608,0.751189,0.748728,0.330471,0.574507,-0.014112,-0.003318,0.019187,-0.033298,-0.129687,0.182681,0.356129,0.03857,0.029284,-0.023543,0.52227,-0.778857,0.347296,0.383409,0.578227,0.720173,-0.761729,-0.242968,0.600611,-0.007462,0.004158,0.005843,0.010761,-0.52506,0.746582,0.294778,0.061146,0.028158,-0.063104,0.702838,-0.638776,-0.313021,0.700933,0.69692,0.151638,0.121288,-0.325984,0.937562,-5.8e-05,-0.000287,-0.000332,-8.5e-05,6.5e-05,0.000316,-1.018789
571,0.125528,-0.028492,0.309223,-0.626715,0.672578,-0.393589,-0.752148,-0.654134,0.079713,-0.203073,0.345155,0.916328,-0.000207,-0.001015,-0.001183,-0.0,-0.0,-0.0,-1.229253,-0.176997,-0.02527,0.292553,-0.562362,0.760347,0.324979,-0.334438,-0.568456,0.751626,0.756927,0.313038,0.573525,-0.014102,-0.003374,0.019069,-0.036668,0.011235,-0.022623,0.353278,0.038371,0.029263,-0.023204,0.503339,-0.790601,0.348711,0.395143,0.56949,0.720793,-0.768446,-0.225013,0.599047,-0.007065,-0.001561,0.009694,-0.035729,0.010132,-0.023294,0.293962,0.061158,0.028131,-0.063135,0.701718,-0.639512,-0.31403,0.701948,0.696003,0.151153,0.121902,-0.3265,0.937302,-0.000103,-0.000514,-0.0006,-4.3e-05,3.8e-05,0.000214,-1.018462
572,0.125552,-0.028536,0.309141,-0.627398,0.67289,-0.391965,-0.75224,-0.653801,0.08155,-0.200618,0.345175,0.916861,-0.000202,-0.00099,-0.001155,-0.0,0.0,-0.0,-1.229216,-0.177334,-0.025491,0.293396,-0.53542,0.780108,0.323648,-0.353537,-0.554906,0.75301,0.767683,0.287768,0.572463,0.001125,-0.002112,0.019178,-0.030312,0.006096,0.014267,0.351334,0.038197,0.029151,-0.022783,0.474788,-0.808084,0.348677,0.413097,0.554444,0.722455,-0.777127,-0.198975,0.59706,-0.006655,-0.006703,0.014261,-0.057057,0.056043,-0.017528,0.29037,0.061169,0.028108,-0.063177,0.702232,-0.639778,-0.312335,0.701863,0.695686,0.152997,0.119403,-0.326656,0.93757,-9.7e-05,-0.000483,-0.000565,0.000233,-0.000282,0.000277,-1.019115
573,0.125557,-0.028565,0.309107,-0.627348,0.672916,-0.391998,-0.752276,-0.653763,0.081526,-0.200639,0.345196,0.916848,-0.000365,-0.001784,-0.002082,-0.000587,0.014653,-0.02481,-1.229478,-0.17753,-0.025662,0.29391,-0.521961,0.790056,0.321498,-0.363335,-0.546826,0.754256,0.77235,0.275881,0.572038,-0.013264,-0.013505,0.028358,-0.071849,0.025627,-0.038067,0.351427,0.03811,0.029071,-0.022537,0.46049,-0.816983,0.347112,0.422302,0.545584,0.723877,-0.780774,-0.186752,0.59625,0.000951,-0.006103,0.01429,-0.053495,0.026149,0.034911,0.289553,0.061173,0.028096,-0.063191,0.702171,-0.639819,-0.312389,0.701918,0.695636,0.152969,0.119437,-0.326682,0.937556,-8.7e-05,-0.000433,-0.000506,-9e-06,-2.2e-05,0.000131,-1.019769
574,0.12556,-0.028595,0.30904,-0.626988,0.6731,-0.392261,-0.752522,-0.653507,0.081308,-0.200843,0.345323,0.916756,-0.000218,-0.001064,-0.001243,0.0,0.0,0.0,-1.229739,-0.177833,-0.026086,0.29504,-0.502452,0.804624,0.316405,-0.381884,-0.534732,0.753764,0.776307,0.256883,0.575518,-0.013164,-0.010989,0.031358,0.171855,-0.146028,-0.130393,0.355348,0.037953,0.028855,-0.021969,0.439061,-0.830389,0.343043,0.439365,0.531489,0.724207,-0.783698,-0.16725,0.5982,-0.006617,-0.005638,0.015517,0.335935,-0.197257,-0.205737,0.291676,0.061173,0.028079,-0.063227,0.701863,-0.640017,-0.312673,0.70219,0.695402,0.152787,0.119648,-0.326792,0.937491,-0.000107,-0.00053,-0.00062,-1.8e-05,8e-06,8.5e-05,-1.021565
575,0.125567,-0.028573,0.308956,-0.626534,0.673321,-0.392605,-0.752805,-0.653228,0.080927,-0.201197,0.345417,0.916643,0.000255,0.010197,-0.009307,0.035231,-0.015462,0.017067,-1.230024,-0.178054,-0.026567,0.296384,-0.469072,0.825555,0.313722,-0.409249,-0.517852,0.751185,0.783182,0.222926,0.580338,0.002117,-0.007946,0.033587,1.872752,4.053522,3.154814,0.362801,0.037838,0.028609,-0.021287,0.406049,-0.847543,0.341751,0.464876,0.513536,0.721228,-0.786773,-0.133982,0.602523,0.001198,-0.003874,0.016807,1.862724,4.050617,3.167429,0.298697,0.061177,0.02809,-0.063269,0.701461,-0.640269,-0.313061,0.70253,0.695135,0.152443,0.120015,-0.326868,0.937418,0.000129,0.005099,-0.004652,0.035217,-0.015452,0.017116,-1.022055
576,0.125555,-0.028553,0.308931,-0.627579,0.673439,-0.390729,-0.752625,-0.653185,0.082918,-0.198604,0.345269,0.917264,-6.6e-05,-0.000321,-0.000375,-0.0,0.0,-0.0,-1.229828,-0.178119,-0.026834,0.29714,-0.459197,0.831133,0.313604,-0.420973,-0.514346,0.747104,0.782808,0.209999,0.585642,0.002161,-0.006798,0.034917,0.361917,-0.240441,-0.15698,0.371063,0.037804,0.028478,-0.020922,0.393458,-0.853293,0.342169,0.476492,0.507574,0.71786,-0.786222,-0.119407,0.606296,-0.006147,-0.009009,0.022178,0.581105,-0.237233,-0.213861,0.306045,0.061171,0.0281,-0.063282,0.702311,-0.640314,-0.311055,0.702134,0.695096,0.15443,0.11733,-0.32686,0.93776,-3.3e-05,-0.00017,-0.000199,0.002631,-0.002887,0.001387,-1.022055
577,0.125544,-0.028516,0.308894,-0.627219,0.673615,-0.391005,-0.752854,-0.652959,0.08263,-0.198875,0.345355,0.917173,-1.1e-05,-5.2e-05,-6.1e-05,-0.0,0.0,-0.0,-1.229722,-0.178125,-0.027411,0.298812,-0.439271,0.842228,0.312543,-0.444348,-0.505949,0.739259,0.781295,0.184794,0.596063,0.002992,-0.016429,0.044739,0.193732,-0.144091,0.140794,0.384982,0.0378,0.028201,-0.020104,0.37388,-0.862127,0.34198,0.499434,0.497841,0.709027,-0.781523,-0.094295,0.616708,-0.006119,-0.008604,0.022574,0.742051,1.045395,0.803781,0.32515,0.061166,0.028119,-0.0633,0.70198,-0.640513,-0.311392,0.702411,0.694879,0.154145,0.117648,-0.326932,0.937695,-2e-06,-1.8e-05,-2.1e-05,4.9e-05,-4.9e-05,4.7e-05,-1.022871
578,0.125544,-0.028497,0.308869,-0.626752,0.67385,-0.391349,-0.75317,-0.652631,0.082338,-0.199149,0.345516,0.917053,-0.000168,-0.00082,-0.000958,0.0,0.0,0.0,-1.229252,-0.178052,-0.027898,0.3005,-0.424111,0.850762,0.310363,-0.465094,-0.498564,0.731474,0.777567,0.164805,0.606706,0.002289,-0.003177,0.038946,0.32987,0.186135,0.226922,0.39058,0.037838,0.027946,-0.019242,0.358222,-0.869411,0.340296,0.519297,0.488442,0.701251,-0.775891,-0.074489,0.626453,0.0015,-0.007367,0.023299,0.677758,1.054137,0.8785,0.336091,0.061166,0.028131,-0.06331,0.701567,-0.640776,-0.311782,0.702774,0.694568,0.153893,0.117943,-0.327079,0.937607,-0.000112,-0.000548,-0.000635,1e-06,1.5e-05,2.8e-05,-1.023688
579,0.125555,-0.028498,0.308868,-0.626062,0.674205,-0.391841,-0.753662,-0.652103,0.08201,-0.199457,0.345817,0.916872,-0.0,-0.0,-0.0,0.0,0.0,0.0,-1.229374,-0.177891,-0.028209,0.302236,-0.413179,0.860189,0.298914,-0.484417,-0.485441,0.727751,0.771616,0.154807,0.616853,0.002355,-0.001111,0.041184,0.14195,-0.280333,0.16162,0.391822,0.03792,0.027789,-0.018359,0.346043,-0.878496,0.32939,0.537548,0.473387,0.697815,-0.768957,-0.064411,0.636046,0.001145,-0.00046,0.020711,0.113476,-0.283395,0.177281,0.340826,0.061171,0.028128,-0.063313,0.700955,-0.641174,-0.312341,0.703328,0.694066,0.153627,0.118284,-0.327364,0.937465,-1e-06,6e-06,1.1e-05,-2e-06,1.1e-05,2.2e-05,-1.023361
580,0.125544,-0.028488,0.308863,-0.625733,0.674371,-0.392082,-0.753891,-0.651862,0.081831,-0.199626,0.345948,0.916786,-0.0,-0.0,-0.0,0.0,0.0,0.0,-1.229454,-0.177806,-0.028283,0.303116,-0.406908,0.86568,0.291574,-0.493827,-0.476882,0.727085,0.768969,0.150777,0.621141,0.002369,-0.00052,0.041759,0.233805,-0.210183,-0.096864,0.392964,0.03796,0.027753,-0.017949,0.338359,-0.883964,0.322675,0.545278,0.463643,0.69836,-0.766931,-0.060349,0.638884,0.009094,-0.005785,0.02436,0.487791,-0.305827,-0.151889,0.341316,0.061166,0.028133,-0.063315,0.700663,-0.64136,-0.312613,0.703587,0.693836,0.153477,0.118468,-0.327486,0.937399,0.000209,0.005511,-0.004165,0.035229,-0.015466,0.017085,-1.023524
581,0.125533,-0.028476,0.308844,-0.625071,0.674705,-0.392562,-0.754349,-0.651377,0.08147,-0.199965,0.34621,0.916613,-0.0,-1e-06,-1e-06,0.0,0.0,0.0,-1.229735,-0.177694,-0.028213,0.304764,-0.401556,0.868959,0.289231,-0.502324,-0.472926,0.72384,0.766266,0.144278,0.626006,0.002431,0.001579,0.043947,0.146964,-0.158311,-0.059414,0.393438,0.038016,0.027782,-0.017125,0.333053,-0.886771,0.320487,0.553653,0.459047,0.694798,-0.763245,-0.053966,0.64385,0.001193,0.001074,0.022315,0.308693,-0.139601,-0.285082,0.343112,0.06116,0.028139,-0.063324,0.700077,-0.641735,-0.313157,0.704108,0.693375,0.153175,0.118837,-0.327731,0.937267,-0.0,4e-06,7e-06,1.5e-05,3e-06,2.3e-05,-1.022381
582,0.125519,-0.028459,0.308801,-0.624306,0.675087,-0.393121,-0.754868,-0.650832,0.081014,-0.200394,0.346489,0.916414,-5.1e-05,-0.000247,-0.000289,0.0,0.0,0.0,-1.229069,-0.177616,-0.027795,0.306189,-0.403191,0.868434,0.288532,-0.502702,-0.473532,0.723182,0.76516,0.145439,0.627089,0.001631,0.012566,0.035332,0.164057,-0.06271,-0.208159,0.393399,0.038057,0.028,-0.016378,0.334876,-0.886387,0.319651,0.554096,0.45963,0.694059,-0.762125,-0.055306,0.645062,0.000789,0.006296,0.017681,0.229507,-0.084867,-0.220669,0.343602,0.061153,0.028148,-0.063346,0.699399,-0.642164,-0.31379,0.704704,0.692855,0.152784,0.119299,-0.327986,0.937118,-3e-05,-0.000147,-0.000169,1.2e-05,1.6e-05,1.2e-05,-1.021728
583,0.125516,-0.02846,0.308768,-0.623882,0.675299,-0.39343,-0.755157,-0.650528,0.080765,-0.200626,0.346646,0.916304,-0.000237,-0.001156,-0.001351,0.0,0.0,0.0,-1.229041,-0.177567,-0.027489,0.306835,-0.398044,0.870754,0.288687,-0.505051,-0.470594,0.723462,0.766301,0.141069,0.626694,0.000831,0.023377,0.026651,-0.003915,0.055701,-0.097655,0.393586,0.038081,0.028145,-0.016064,0.330039,-0.888123,0.31986,0.556518,0.456761,0.694014,-0.76247,-0.051044,0.645005,0.000781,0.006143,0.017443,-0.046564,-0.02876,0.058694,0.344255,0.061152,0.028149,-0.06336,0.699023,-0.642403,-0.31414,0.705034,0.692566,0.152573,0.119549,-0.328131,0.937036,-0.000136,-0.000668,-0.000779,0.003461,-0.086581,0.146362,-1.020422
