frame,MLTx,MLTy,MLTz,MLTR1,MLTR2,MLTR3,MLTR4,MLTR5,MLTR6,MLTR7,MLTR8,MLTR9,MLTTVx,MLTTVy,MLTTVz,MLTRVx,MLTRVy,MLTRVz,MLGA,MRTx,MRTy,MRTz,MRTR1,MRTR2,MRTR3,MRTR4,MRTR5,MRTR6,MRTR7,MRTR8,MRTR9,MRTTVx,MRTTVy,MRTTVz,MRTRVx,MRTRVy,MRTRVz,MRGA,SLTx,SLTy,SLTz,SLTR1,SLTR2,SLTR3,SLTR4,SLTR5,SLTR6,SLTR7,SLTR8,SLTR9,SLTTVx,SLTTVy,SLTTVz,SLTRVx,SLTRVy,SLTRVz,SLGA,SRTx,SRTy,SRTz,SRTR1,SRTR2,SRTR3,SRTR4,SRTR5,SRTR6,SRTR7,SRTR8,SRTR9,SRTTVx,SRTTVy,SRTTVz,SRTRVx,SRTRVy,SRTRVz,SRGA
671,0.127497,0.002004,0.371747,-0.758197,-0.186578,-0.624797,0.383102,-0.902789,-0.195389,-0.52666,-0.38728,0.756749,0.01356,0.00823,-0.010739,0.036215,-0.030117,0.046712,-1.514534,-0.12518,0.029051,0.346274,0.62256,0.615668,0.483077,-0.725662,0.685189,0.062172,-0.293487,-0.390036,0.872697,-0.001078,0.00827,-0.026277,0.015143,0.072024,0.029961,-0.588058,0.056352,0.036971,-0.003951,-0.69536,-0.548042,0.46489,0.625148,-0.780358,0.01513,0.354489,0.301146,0.885238,0.00027,-0.001418,-0.009091,-0.02075,0.058107,0.039747,-0.749302,0.078629,0.02562,-0.057106,-0.713564,-0.270443,-0.646285,0.523209,-0.819196,-0.234878,-0.465914,-0.505744,0.726048,-8.9e-05,-0.000499,-0.000354,0.001906,0.011119,0.005334,-0.88832
672,0.127716,0.002189,0.371568,-0.75627,-0.188377,-0.62659,0.384101,-0.903051,-0.192188,-0.528698,-0.385794,0.756088,0.013744,0.009266,-0.010006,0.030574,0.060266,-0.13037,-1.513348,-0.125464,0.028878,0.345575,0.62107,0.601365,0.502616,-0.718111,0.693471,0.057862,-0.314517,-0.397631,0.861877,-0.012219,-0.005256,-0.018713,2.649308,0.527543,4.821271,-0.597869,0.05621,0.036888,-0.004311,-0.688562,-0.539366,0.484733,0.62115,-0.783622,0.010399,0.374239,0.308253,0.874599,-0.006146,-0.0023,-0.009111,-0.166687,0.219171,0.110471,-0.765467,0.078738,0.02571,-0.057197,-0.711439,-0.271687,-0.648104,0.524102,-0.819508,-0.231779,-0.468155,-0.50457,0.725422,0.006895,0.004738,-0.004934,0.03846,-0.023975,0.050787,-0.88881
673,0.127854,0.002313,0.371469,-0.756267,-0.189902,-0.626133,0.384104,-0.903515,-0.18999,-0.528699,-0.383955,0.757022,0.000362,0.001974,0.001394,-0.00425,-0.010449,0.022144,-1.513424,-0.12568,0.028758,0.345267,0.6229,0.589331,0.514466,-0.710686,0.701103,0.057572,-0.327531,-0.402231,0.854866,-0.012564,-0.003037,-0.017115,2.704518,0.940163,4.64232,-0.602025,0.056102,0.036822,-0.004468,-0.688847,-0.528149,0.496534,0.612743,-0.790224,0.009525,0.387343,0.310809,0.867964,-0.006236,-0.00176,-0.008728,0.104855,1.144892,-0.076044,-0.771346,0.078812,0.025772,-0.057253,-0.711194,-0.273379,-0.647662,0.52424,-0.820056,-0.229519,-0.468374,-0.502763,0.726535,0.006902,0.004788,-0.004896,0.023883,-0.022206,0.038858,-0.892239
674,0.12816,0.002623,0.371291,-0.75431,-0.191786,-0.627917,0.385256,-0.903675,-0.186876,-0.530653,-0.382641,0.756321,0.000549,0.00301,0.002123,-5.4e-05,-0.000349,-0.000176,-1.515565,-0.12623,0.028577,0.344792,0.625297,0.57285,0.529941,-0.698903,0.713128,0.054008,-0.347745,-0.404874,0.845585,-0.011816,-0.008705,-0.005087,-0.046671,0.269249,-0.298868,-0.616354,0.055828,0.036728,-0.004715,-0.691775,-0.507348,0.513852,0.594453,-0.804104,0.006359,0.409965,0.309861,0.857854,-0.013042,-0.000116,-0.006887,0.07398,0.256346,-0.262224,-0.784736,0.078964,0.025927,-0.057342,-0.708913,-0.274774,-0.649568,0.525375,-0.820189,-0.226426,-0.470553,-0.501784,0.725803,0.007184,0.006369,-0.003782,0.039467,-0.023265,0.051855,-0.893218
675,0.1285,0.003075,0.371213,-0.754249,-0.195336,-0.626895,0.385623,-0.904468,-0.182221,-0.530473,-0.37895,0.758302,0.014749,0.006639,0.004548,0.001351,-0.027543,0.054909,-1.51764,-0.126967,0.028384,0.344533,0.622346,0.557652,0.549274,-0.687487,0.724863,0.043235,-0.374802,-0.405232,0.833771,-0.02497,-0.008503,-0.003662,-0.056834,0.400521,-0.57708,-0.630394,0.055464,0.036635,-0.004843,-0.686676,-0.493645,0.533657,0.581204,-0.813743,-0.004875,0.436666,0.306816,0.845686,-0.01256,-0.00369,-0.001406,0.013526,0.290676,-0.411348,-0.799432,0.079134,0.026149,-0.057384,-0.708345,-0.27835,-0.648665,0.525804,-0.821177,-0.221803,-0.47093,-0.498184,0.728035,0.007417,0.00354,0.002425,0.006746,-0.030243,0.058917,-0.893545
676,0.128727,0.003348,0.37123,-0.754253,-0.196831,-0.626422,0.38559,-0.904923,-0.18002,-0.530491,-0.377086,0.759219,0.015478,0.019125,-0.003077,-0.156143,0.143451,-0.236424,-1.518771,-0.127474,0.028287,0.344477,0.625683,0.543716,0.559361,-0.675951,0.735753,0.041126,-0.389958,-0.404522,0.827138,-0.025385,-0.00569,-0.001603,2.896513,0.653462,4.305842,-0.637243,0.055211,0.036583,-0.004873,-0.685159,-0.484573,0.543824,0.573259,-0.819336,-0.007824,0.449366,0.306392,0.839162,-0.012686,-0.002863,-0.0008,-0.28101,0.601803,-0.381005,-0.80629,0.079241,0.026279,-0.057374,-0.708168,-0.279604,-0.648319,0.52575,-0.821725,-0.219895,-0.471257,-0.496577,0.728921,0.007611,0.004649,0.003192,-0.689256,0.324884,-0.432557,-0.893872
677,0.129417,0.004019,0.371387,-0.75241,-0.197795,-0.628332,0.386002,-0.905277,-0.177336,-0.532801,-0.375729,0.758273,0.029677,0.023319,-0.000318,0.038947,-0.070319,0.127934,-1.521642,-0.128726,0.028178,0.34451,0.626517,0.525216,0.575861,-0.661316,0.749179,0.036397,-0.413075,-0.404295,0.815952,-0.03738,-0.013676,0.010022,3.000058,0.59724,4.15701,-0.643274,0.05459,0.036531,-0.004861,-0.683389,-0.466688,0.561409,0.556832,-0.830529,-0.012585,0.47214,0.304011,0.827442,-0.019535,-0.00072,0.001411,-0.174609,0.419652,-0.31241,-0.81772,0.079581,0.026611,-0.057298,-0.706074,-0.280479,-0.650222,0.526327,-0.822153,-0.216894,-0.473748,-0.495373,0.728125,0.008043,0.007224,0.004974,-0.000882,0.066376,-0.118051,-0.893708
678,0.130407,0.00483,0.371684,-0.752515,-0.200103,-0.627475,0.385368,-0.906345,-0.173212,-0.533111,-0.371913,0.759934,0.029916,0.016988,0.011494,0.003604,-0.055632,0.110419,-1.524277,-0.130114,0.028134,0.344652,0.622481,0.518745,0.586014,-0.654245,0.755788,0.026123,-0.430114,-0.400316,0.809081,-0.026164,8.1e-05,0.002592,1.481281,2.239629,-1.556825,-0.644163,0.053881,0.03651,-0.004782,-0.681212,-0.457351,0.571645,0.544064,-0.838736,-0.022695,0.48984,0.295552,0.820185,-0.013101,0.000127,0.001384,1.483105,2.235637,-1.559349,-0.821313,0.080076,0.027021,-0.057152,-0.705857,-0.282801,-0.649452,0.525823,-0.82352,-0.212892,-0.474631,-0.491769,0.729991,0.015014,0.008821,0.005964,-0.000196,0.033897,-0.065249,-0.893708
679,0.131616,0.005625,0.372025,-0.752662,-0.203975,-0.626051,0.384466,-0.90799,-0.16647,-0.533554,-0.365745,0.762612,0.029956,0.018062,0.01212,-0.002047,0.034845,-0.066625,-1.526445,-0.131618,0.028019,0.34485,0.623397,0.498228,0.602608,-0.635578,0.771744,0.019627,-0.456044,-0.395872,0.796977,-0.037692,-0.011172,0.011793,0.067396,0.46951,0.121231,-0.645191,0.053143,0.036456,-0.004688,-0.678539,-0.438242,0.589514,0.523576,-0.851439,-0.030312,0.51522,0.288088,0.807188,-0.019562,-0.000322,0.00167,0.762018,0.468662,1.274853,-0.821313,0.080682,0.027421,-0.056979,-0.705436,-0.286599,-0.648243,0.525039,-0.825693,-0.20631,-0.476122,-0.485892,0.732949,0.01501,0.009236,0.006188,0.004248,0.01888,-0.036968,-0.892565
680,0.132308,0.00599,0.372219,-0.752765,-0.204807,-0.625655,0.383836,-0.90862,-0.164468,-0.533862,-0.363708,0.763371,0.042805,0.015236,0.009951,0.004586,-0.070374,0.139959,-1.528194,-0.132413,0.027956,0.344967,0.620609,0.483524,0.617284,-0.625728,0.77978,0.018476,-0.473172,-0.398333,0.785686,-0.039136,-0.000238,0.00357,-0.411333,0.784684,-0.084511,-0.645763,0.05276,0.036426,-0.00463,-0.674226,-0.425627,0.60354,0.512198,-0.85823,-0.033053,0.532045,0.286846,0.796647,-0.019597,5.4e-05,0.001938,-0.024527,0.528324,-0.238212,-0.823762,0.081012,0.027603,-0.056882,-0.705383,-0.287549,-0.64788,0.52457,-0.826488,-0.204307,-0.476718,-0.483974,0.733831,0.014832,0.008402,0.005581,0.007001,-0.057384,0.112852,-0.892075
681,0.133628,0.006559,0.37259,-0.754867,-0.206451,-0.622574,0.38183,-0.910037,-0.161275,-0.53233,-0.359211,0.766563,0.029045,0.013896,0.009112,-0.002211,0.05269,-0.089906,-1.530432,-0.13387,0.027874,0.345206,0.61492,0.461457,0.639471,-0.607918,0.793869,0.011884,-0.502924,-0.396639,0.767859,-0.037728,-0.010651,0.012123,-0.112468,0.308847,-0.378682,-0.645789,0.052003,0.036381,-0.004504,-0.664356,-0.403916,0.628873,0.492755,-0.869345,-0.03781,0.56198,0.284762,0.776587,-0.018865,-0.005361,0.006064,-0.058844,0.216837,-0.429547,-0.823599,0.0817,0.027903,-0.056686,-0.707379,-0.289635,-0.644767,0.522699,-0.828402,-0.201332,-0.475814,-0.479437,0.737387,0.014509,0.006889,0.004497,-0.001293,0.029484,-0.095579,-0.890933
682,0.13487,0.007036,0.372921,-0.756852,-0.207385,-0.619847,0.380566,-0.910784,-0.160043,-0.530415,-0.356772,0.769026,0.028547,0.011523,0.007426,-0.002749,0.048748,-0.091863,-1.53295,-0.135191,0.027726,0.345458,0.605231,0.439571,0.663675,-0.588535,0.808429,0.001435,-0.536642,-0.392024,0.747125,-0.038997,-0.000789,0.003102,-0.120399,0.609673,-0.313476,-0.645891,0.051357,0.03631,-0.004378,-0.65202,-0.385497,0.652886,0.471275,-0.880606,-0.049305,0.593943,0.275541,0.755848,-0.012402,-0.004887,0.005778,0.013328,0.676145,0.047087,-0.823762,0.082311,0.028139,-0.056523,-0.709177,-0.29089,-0.642222,0.521521,-0.829414,-0.200215,-0.474428,-0.476921,0.739907,0.020869,0.005326,0.003301,0.003397,-0.080976,0.135859,-0.889463
683,0.135421,0.00723,0.373043,-0.758775,-0.208711,-0.617046,0.379605,-0.911438,-0.158596,-0.528353,-0.354321,0.771574,0.028085,0.008909,0.00563,0.009433,0.003227,0.107937,-1.533826,-0.135791,0.027685,0.345582,0.601988,0.429131,0.673385,-0.58108,0.813805,0.001022,-0.5483,-0.392452,0.738385,-0.026319,0.002302,0.004108,-0.310204,0.731448,-0.268636,-0.644923,0.051052,0.036285,-0.004318,-0.647473,-0.376513,0.662583,0.463051,-0.884899,-0.050353,0.605278,0.274208,0.747293,-0.013129,0.000843,0.001854,-0.442859,0.938947,-0.163325,-0.823436,0.082587,0.028239,-0.056459,-0.71099,-0.292832,-0.639328,0.520723,-0.830254,-0.198809,-0.472588,-0.474264,0.742787,0.014035,0.004438,0.002786,0.006597,-0.01854,0.100543,-0.889136
684,0.13636,0.007471,0.373216,-0.758848,-0.208175,-0.617137,0.379206,-0.911554,-0.158879,-0.528535,-0.354337,0.771442,0.027349,0.004617,0.002703,0.00279,-0.042532,0.084762,-1.535518,-0.136787,0.027763,0.345756,0.596065,0.414046,0.687943,-0.568464,0.822664,-0.002419,-0.567674,-0.390155,0.724837,-0.026358,0.002939,0.004547,-0.075821,0.346017,-0.257405,-0.642936,0.050554,0.036324,-0.004231,-0.638812,-0.362122,0.678811,0.449387,-0.891773,-0.052823,0.624475,0.271305,0.732409,-0.013145,0.001128,0.002048,0.011114,0.320234,-0.198304,-0.821966,0.083057,0.028361,-0.056372,-0.710945,-0.292256,-0.639643,0.520404,-0.830409,-0.198997,-0.473007,-0.474349,0.742466,0.007054,0.002557,0.001607,0.00086,-0.016119,0.028826,-0.88636
685,0.136959,0.007547,0.373354,-0.758996,-0.208743,-0.616763,0.378231,-0.912325,-0.156767,-0.529019,-0.352013,0.772174,0.000374,-0.006266,0.011851,-0.034624,0.000932,0.007818,-1.538196,-0.137405,0.027799,0.345828,0.590837,0.3879,0.707415,-0.551319,0.834249,0.00318,-0.589647,-0.392384,0.705844,-0.012901,-0.000918,0.000542,-0.390306,0.793768,0.280935,-0.64128,0.050239,0.036351,-0.004188,-0.630344,-0.339891,0.697954,0.431039,-0.900976,-0.049474,0.645656,0.26966,0.714431,-0.006441,-0.000589,0.000191,-0.060867,0.446198,-0.112196,-0.81919,0.083366,0.028401,-0.056308,-0.711008,-0.292806,-0.639321,0.519524,-0.831439,-0.196983,-0.473879,-0.4722,0.74328,0.006769,0.00078,0.000409,0.002293,-0.015335,0.030331,-0.887667
686,0.137266,0.007541,0.373453,-0.761005,-0.207457,-0.614718,0.376608,-0.912734,-0.158284,-0.52729,-0.351713,0.773492,0.000192,0.001242,0.000835,0.074374,0.524134,0.265176,-1.539491,-0.137709,0.0278,0.345773,0.57932,0.367993,0.727296,-0.538263,0.842734,0.002504,-0.6127,-0.393396,0.685348,0.000146,-0.001311,-0.000947,-0.20992,0.52556,-0.123987,-0.641572,0.050083,0.03635,-0.004216,-0.615451,-0.321245,0.719736,0.416792,-0.907694,-0.048736,0.668957,0.269986,0.692534,0.000104,-0.000944,-0.000674,-0.249831,0.593074,-0.067996,-0.818374,0.083519,0.028396,-0.056254,-0.711288,-0.291819,-0.63946,0.518754,-0.831816,-0.197422,-0.474302,-0.472147,0.743043,0.006637,-5.8e-05,-0.000153,0.001068,-0.014713,0.029496,-0.892239
687,0.137311,0.007534,0.37352,-0.76103,-0.20733,-0.614729,0.376433,-0.912814,-0.158242,-0.527377,-0.351582,0.773492,0.000341,0.002212,0.001487,0.000923,0.006513,0.003294,-1.54,-0.137661,0.027807,0.3457,0.574698,0.364012,0.732946,-0.536903,0.843602,0.00217,-0.618223,-0.395231,0.679305,-0.00107,0.008205,-0.01019,-0.041473,0.207979,-0.075059,-0.63988,0.050102,0.036351,-0.004247,-0.610172,-0.317705,0.725778,0.415277,-0.9084,-0.048518,0.674711,0.271794,0.686216,0.000151,-0.001357,-0.000975,-0.08609,0.306152,-0.273388,-0.818047,0.083541,0.02839,-0.056228,-0.713429,-0.29186,-0.637052,0.517786,-0.832132,-0.198629,-0.47214,-0.471565,0.744788,8.8e-05,0.000584,0.000389,-0.003629,-0.016687,-0.006662,-0.891749
688,0.137274,0.007562,0.373648,-0.761063,-0.207175,-0.614741,0.376196,-0.912926,-0.158157,-0.527499,-0.351381,0.7735,-0.012699,0.003867,0.002809,-0.000984,0.014716,-0.029552,-1.541497,-0.137473,0.02777,0.345463,0.562825,0.341909,0.75254,-0.523607,0.851908,0.004703,-0.64017,-0.397118,0.657527,-0.000701,0.004894,-0.012589,0.173735,1.261063,-0.453524,-0.638086,0.0502,0.036334,-0.004366,-0.596015,-0.299167,0.745159,0.401126,-0.914843,-0.046452,0.695602,0.271217,0.665265,0.00676,-0.002291,-0.002263,1.080632,2.678096,-1.335972,-0.815924,0.083523,0.028401,-0.056161,-0.713322,-0.291682,-0.637254,0.517606,-0.832289,-0.198438,-0.472499,-0.471397,0.744667,-0.006347,0.001957,0.001419,-0.00101,0.014172,-0.029872,-0.891749
689,0.137217,0.007668,0.373792,-0.761101,-0.206899,-0.614787,0.375919,-0.913032,-0.158202,-0.527641,-0.351269,0.773455,0.000494,0.003201,0.002146,0.0,0.0,0.0,-1.542851,-0.137241,0.027756,0.345019,0.547335,0.316305,0.774834,-0.510361,0.859868,0.009644,-0.663867,-0.401127,0.631063,0.012496,0.003326,-0.01495,-0.247216,0.903209,0.245676,-0.638882,0.050311,0.036327,-0.004587,-0.576627,-0.278256,0.768162,0.387089,-0.921035,-0.043062,0.719487,0.272517,0.638804,-0.000151,0.000737,-0.007539,0.26663,0.532389,-0.055157,-0.815598,0.083494,0.028452,-0.056089,-0.713398,-0.291415,-0.63729,0.517354,-0.832433,-0.198491,-0.472659,-0.471308,0.744621,0.000299,0.001952,0.00131,4.7e-05,9e-06,-6.4e-05,-0.892239
690,0.137206,0.007719,0.373851,-0.761127,-0.208464,-0.614225,0.375717,-0.913561,-0.155606,-0.527746,-0.34896,0.774427,0.000513,0.003324,0.002227,-0.000709,-0.012331,0.0246,-1.543383,-0.137163,0.027819,0.344693,0.537457,0.312011,0.783441,-0.509389,0.86047,0.006909,-0.672622,-0.403188,0.620389,-0.000224,0.000679,-0.015669,-0.139701,0.577403,-0.340672,-0.639771,0.050355,0.036359,-0.00475,-0.565393,-0.273878,0.778023,0.38579,-0.921534,-0.044042,0.729037,0.275253,0.626689,0.005647,0.006418,-0.012102,-0.088323,0.440794,-0.127646,-0.816577,0.083489,0.028479,-0.056059,-0.713175,-0.293032,-0.636798,0.517218,-0.833138,-0.195871,-0.473145,-0.469054,0.745735,0.000244,0.001588,0.001066,0.004501,-0.014931,0.028265,-0.892565
691,0.137284,0.007787,0.373859,-0.761143,-0.208245,-0.614279,0.375612,-0.913573,-0.155793,-0.527798,-0.349061,0.774346,0.000119,0.00077,0.000516,0.0,0.0,0.0,-1.543906,-0.137204,0.028031,0.343915,0.527164,0.290103,0.798705,-0.497062,0.867578,0.013098,-0.689776,-0.404281,0.600524,-0.001591,0.011485,-0.023978,1.041747,0.895775,1.114737,-0.637825,0.050335,0.036457,-0.005139,-0.552626,-0.25748,0.792658,0.374448,-0.92639,-0.039862,0.744575,0.274781,0.60836,-0.000698,0.005513,-0.01221,4.344449,0.569245,2.957053,-0.816904,0.083528,0.028515,-0.056054,-0.713231,-0.292778,-0.636853,0.517117,-0.833143,-0.196118,-0.473171,-0.469205,0.745624,5.8e-05,0.000389,0.00026,0.00013,-5e-05,2.7e-05,-0.892239
692,0.137518,0.00778,0.373803,-0.761211,-0.2075,-0.614448,0.375162,-0.91367,-0.156309,-0.528021,-0.349252,0.774109,-0.000169,-0.001104,-0.00074,0.0,0.0,0.0,-1.544879,-0.137352,0.028313,0.34305,0.513322,0.276055,0.81258,-0.493213,0.869719,0.016246,-0.70285,-0.409466,0.581551,-0.001483,0.010524,-0.024691,-0.119014,0.568252,-0.117808,-0.636336,0.050261,0.036603,-0.00558,-0.535954,-0.243594,0.808341,0.368838,-0.928821,-0.035351,0.759415,0.2792,0.587652,-0.000734,0.005289,-0.012324,-0.110045,0.545853,-0.133927,-0.814944,0.083645,0.028513,-0.056081,-0.713414,-0.292045,-0.636984,0.516694,-0.83328,-0.196647,-0.473357,-0.469417,0.745372,-0.000102,-0.000666,-0.000449,2.9e-05,5e-06,-2.3e-05,-0.891096
693,0.137825,0.007797,0.37376,-0.76129,-0.206647,-0.614638,0.374637,-0.913786,-0.156889,-0.528279,-0.349456,0.77384,0.013424,0.009649,-0.009792,0.03644,-0.02868,0.047425,-1.548368,-0.137467,0.028491,0.342386,0.506239,0.2561,0.823485,-0.477234,0.878504,0.02031,-0.718843,-0.403603,0.565891,-0.000522,0.0033,-0.013795,-0.019423,0.359355,-0.222173,-0.638871,0.050204,0.036684,-0.005911,-0.526099,-0.224943,0.820134,0.351759,-0.935578,-0.03096,0.774264,0.272202,0.571332,-0.000286,0.001959,-0.006666,0.100398,0.214236,-0.026334,-0.815924,0.083793,0.028514,-0.056101,-0.713617,-0.291247,-0.637122,0.516213,-0.833448,-0.197198,-0.473576,-0.469615,0.745108,4.2e-05,0.000273,0.000177,2.3e-05,5e-06,-1.3e-05,-0.892075
694,0.138045,0.007829,0.37373,-0.761334,-0.206134,-0.614755,0.374346,-0.91384,-0.157269,-0.528421,-0.349617,0.77367,0.013219,-0.000398,-0.000485,0.000984,-0.014715,0.029553,-1.551279,-0.137493,0.028534,0.342201,0.503847,0.255322,0.825192,-0.479038,0.877502,0.021124,-0.719321,-0.406267,0.563372,0.000588,-0.005251,-0.003869,-1.209677,-1.592601,1.618821,-0.639534,0.050191,0.036707,-0.006009,-0.521518,-0.226205,0.822709,0.353754,-0.934764,-0.03277,0.776452,0.273946,0.567517,-0.000467,0.003543,-0.005503,0.038433,0.058266,-0.176044,-0.816741,0.083903,0.028534,-0.05612,-0.713742,-0.290726,-0.637219,0.51594,-0.833518,-0.197613,-0.473683,-0.469812,0.744915,0.00676,0.005155,-0.004679,0.036472,-0.028677,0.047425,-0.892239
695,0.138503,0.007928,0.373716,-0.761451,-0.206645,-0.614439,0.37354,-0.914481,-0.155448,-0.528822,-0.347635,0.77429,0.013546,0.001815,0.000993,0.000984,-0.014715,0.029553,-1.553838,-0.137492,0.028527,0.342196,0.500413,0.252739,0.828071,-0.476213,0.879074,0.019614,-0.72358,-0.404476,0.55919,-0.000175,0.001566,0.001154,-6.1e-05,0.00014,9.3e-05,-0.641274,0.050192,0.036698,-0.006016,-0.519953,-0.223495,0.824438,0.350811,-0.935883,-0.032459,0.778832,0.272345,0.565019,-0.000138,0.00125,0.000923,-0.012158,0.100238,-0.172191,-0.81821,0.084131,0.02858,-0.056129,-0.713779,-0.291269,-0.636929,0.51523,-0.834377,-0.195834,-0.474399,-0.467948,0.745632,0.006822,0.001227,0.000703,0.002551,-0.028167,0.055712,-0.893872
696,0.139061,0.008064,0.373689,-0.761609,-0.206658,-0.614239,0.37244,-0.915179,-0.153975,-0.52937,-0.345786,0.774743,0.013678,0.011559,-0.008519,0.0194,-0.020284,0.035608,-1.555391,-0.137473,0.02855,0.342467,0.498547,0.253489,0.828967,-0.476452,0.878981,0.017898,-0.724709,-0.404209,0.557921,-0.013613,0.005163,0.005027,4.8e-05,2.5e-05,-0.005024,-0.640255,0.050207,0.036709,-0.005881,-0.518176,-0.224621,0.82525,0.351059,-0.935726,-0.034261,0.779904,0.271958,0.563726,0.00033,-0.002289,0.006426,-0.037654,-0.010848,0.00844,-0.819027,0.084411,0.028648,-0.056136,-0.713929,-0.291363,-0.636719,0.514239,-0.835336,-0.194346,-0.47525,-0.466176,0.746201,0.006747,0.000771,0.000394,-0.055778,0.012946,-0.009941,-0.893382
697,0.139445,0.008174,0.373623,-0.76171,-0.205399,-0.614536,0.371741,-0.915302,-0.15493,-0.529715,-0.346212,0.774316,0.013711,0.011859,-0.00832,0.036455,-0.028573,0.047478,-1.558996,-0.137553,0.028577,0.342615,0.499041,0.2532,0.828757,-0.476363,0.879018,0.018428,-0.724426,-0.40431,0.558214,-0.00063,0.005631,0.004138,-0.0,0.0,0.0,-0.639587,0.050161,0.036728,-0.005802,-0.518664,-0.224243,0.825046,0.350986,-0.935773,-0.033692,0.779612,0.272105,0.564058,0.000315,-0.002168,0.006514,-0.035194,-0.007581,0.005254,-0.818537,0.084603,0.028702,-0.05617,-0.714231,-0.290093,-0.636961,0.513576,-0.835508,-0.19536,-0.475514,-0.46666,0.74573,0.013313,0.000352,-5e-06,0.002912,-0.02986,0.059748,-0.894362
698,0.140428,0.008422,0.373423,-0.761886,-0.206621,-0.613908,0.370517,-0.916373,-0.151492,-0.530318,-0.342634,0.775494,0.026906,0.011706,-0.008658,0.032606,0.034275,-0.07425,-1.56705,-0.137822,0.028547,0.34279,0.499234,0.253167,0.828652,-0.476554,0.878908,0.018725,-0.724169,-0.404569,0.558361,-0.012973,-0.000479,0.000872,0.011837,-0.090231,0.138804,-0.638835,0.050031,0.036724,-0.005708,-0.518764,-0.224262,0.824978,0.351268,-0.935676,-0.033469,0.779419,0.272426,0.564171,-5.5e-05,0.00047,0.000348,-0.00026,-1e-06,-0.000164,-0.817394,0.085079,0.02882,-0.056268,-0.714226,-0.291331,-0.636401,0.512469,-0.836966,-0.191993,-0.476713,-0.463263,0.747081,0.0133,0.000337,-2.3e-05,0.004082,-0.030443,0.060577,-0.90024
699,0.141473,0.008672,0.373281,-0.762038,-0.206414,-0.613789,0.369483,-0.916963,-0.15044,-0.53082,-0.341177,0.775793,0.0398,0.000704,-0.000249,0.002953,-0.044144,0.08866,-1.571576,-0.138228,0.028502,0.342772,0.496412,0.25459,0.82991,-0.476932,0.87876,0.015841,-0.725855,-0.404,0.55658,-0.012755,-0.002456,-0.000581,-0.002045,0.015205,-0.029245,-0.639946,0.049828,0.0367,-0.005718,-0.516249,-0.226031,0.826072,0.351562,-0.935461,-0.036256,0.780954,0.271699,0.562395,-0.007052,0.004152,-0.004437,0.033916,0.006532,-0.009596,-0.817557,0.085622,0.028954,-0.056344,-0.714409,-0.291145,-0.636281,0.511556,-0.837742,-0.191041,-0.477419,-0.461975,0.747428,0.019913,0.000438,-8.4e-05,0.00427,-0.044763,0.089545,-0.902036
700,0.142074,0.008795,0.373196,-0.762138,-0.205131,-0.614095,0.368795,-0.917074,-0.151451,-0.531154,-0.341655,0.775354,0.039692,9.4e-05,-0.000665,0.002953,-0.044144,0.08866,-1.575074,-0.13849,0.028483,0.342746,0.49531,0.252451,0.83122,-0.476955,0.878717,0.017471,-0.726592,-0.405431,0.554575,-0.01285,-0.001596,4.9e-05,-0.022786,0.062873,0.002404,-0.640903,0.049703,0.036683,-0.00573,-0.514742,-0.223932,0.827583,0.351621,-0.935508,-0.034433,0.781922,0.273272,0.560284,8e-06,-8.2e-05,-5.4e-05,-0.021584,0.048311,0.031773,-0.818047,0.085907,0.029017,-0.056386,-0.714691,-0.289943,-0.636512,0.51095,-0.837885,-0.192036,-0.477645,-0.462473,0.746976,0.013464,0.006149,-0.004157,0.03852,-0.056352,0.102861,-0.9022
701,0.143315,0.008984,0.373106,-0.762353,-0.204382,-0.614078,0.367272,-0.917831,-0.15056,-0.531899,-0.340068,0.775541,0.039921,0.002081,0.000635,0.003771,-0.057312,0.114282,-1.580366,-0.138841,0.028476,0.342726,0.495739,0.25223,0.831032,-0.476648,0.878878,0.017723,-0.726502,-0.405218,0.554848,-0.012828,-0.001795,-0.0001,0.011794,-0.090263,0.138788,-0.640027,0.049522,0.036684,-0.005743,-0.515131,-0.223932,0.82734,0.351371,-0.935601,-0.034459,0.781778,0.272952,0.560641,-0.006408,-0.000953,-8.5e-05,-0.001538,0.013794,-0.030272,-0.818047,0.086527,0.029108,-0.056434,-0.715018,-0.28926,-0.636456,0.509572,-0.838915,-0.191197,-0.478627,-0.46103,0.747238,0.013392,0.001305,0.000602,0.002346,-0.029575,0.059328,-0.899913
702,0.144404,0.009129,0.37318,-0.763203,-0.206744,-0.612228,0.370599,-0.916138,-0.152705,-0.528364,-0.343187,0.776583,0.02697,0.004306,0.002345,0.00283,-0.042248,0.084906,-1.586778,-0.1392,0.028356,0.342673,0.490663,0.249289,0.834922,-0.477212,0.878561,0.018264,-0.729567,-0.407715,0.548966,-0.012622,-0.003761,-0.001545,-0.092238,0.222905,0.108663,-0.641316,0.049347,0.036628,-0.005767,-0.510179,-0.222452,0.830801,0.351875,-0.935414,-0.034383,0.784793,0.274797,0.555504,-0.00635,-0.001521,-0.000504,-0.17012,0.402213,0.231485,-0.818047,0.087067,0.029178,-0.056398,-0.715535,-0.29188,-0.634676,0.512629,-0.83659,-0.193201,-0.474573,-0.463596,0.748236,0.013409,0.001583,0.000777,0.000523,-0.036978,0.056073,-0.900403
703,0.145414,0.009201,0.373219,-0.764038,-0.210741,-0.609819,0.373775,-0.91493,-0.152205,-0.524914,-0.343971,0.778573,0.026474,0.000731,-4e-05,0.299717,0.137943,-0.504569,-1.590778,-0.139631,0.028281,0.342635,0.49121,0.247091,0.835254,-0.472543,0.881098,0.017385,-0.732236,-0.40355,0.54849,-0.012845,-0.00168,-2e-05,-0.002067,0.015258,-0.029211,-0.641541,0.049127,0.036583,-0.00579,-0.50998,-0.219573,0.831689,0.346918,-0.937252,-0.034717,0.787125,0.270823,0.554154,-0.006428,-0.000797,2.8e-05,-0.000927,0.011959,-0.031385,-0.8187,0.087583,0.029224,-0.056372,-0.715992,-0.29548,-0.632492,0.514966,-0.83526,-0.192744,-0.471343,-0.463715,0.750201,0.013264,0.000564,9.5e-05,1.019257,0.208813,-1.253686,-0.897301
704,0.145897,0.0092,0.373196,-0.76414,-0.209751,-0.610033,0.373108,-0.915102,-0.152805,-0.52524,-0.34412,0.778288,0.026206,-0.001308,-0.001397,0.00197,-0.029417,0.059112,-1.593598,-0.139884,0.028262,0.342621,0.490964,0.247307,0.835335,-0.472669,0.881036,0.01711,-0.732319,-0.403554,0.548376,-0.012864,-0.001501,0.00011,-0.002045,0.015206,-0.029245,-0.641793,0.048996,0.036574,-0.005797,-0.509764,-0.219866,0.831744,0.347064,-0.937186,-0.035029,0.787201,0.270812,0.554052,-0.006437,-0.0007,0.0001,-0.001992,0.014785,-0.029559,-0.819353,0.087825,0.029226,-0.056382,-0.715979,-0.295021,-0.632721,0.514903,-0.835186,-0.193232,-0.471432,-0.46414,0.749883,0.013091,-0.000749,-0.00078,0.001775,-0.030936,0.058696,-0.898607
705,0.14681,0.009184,0.373093,-0.766177,-0.207797,-0.608143,0.371207,-0.915517,-0.154934,-0.523617,-0.344204,0.779343,0.026097,-0.002143,-0.001959,0.002118,-0.028146,0.059761,-1.599558,-0.140434,0.028201,0.342617,0.490244,0.24791,0.835579,-0.473122,0.880807,0.016395,-0.732508,-0.403685,0.548026,-0.01273,-0.002814,-0.000857,-0.002045,0.015205,-0.029245,-0.642767,0.048725,0.036548,-0.005796,-0.509149,-0.220562,0.831936,0.347526,-0.936989,-0.035726,0.787396,0.27093,0.553718,-0.006354,-0.001523,-0.000505,-0.004115,0.030488,-0.053626,-0.82017,0.08829,0.029214,-0.056436,-0.718403,-0.29347,-0.63069,0.513046,-0.835804,-0.195484,-0.469765,-0.46401,0.751009,0.013039,-0.001157,-0.001051,-0.000145,-0.040628,0.054566,-0.90171
706,0.147559,0.009146,0.372956,-0.765028,-0.212853,-0.607842,0.375866,-0.913922,-0.153115,-0.521976,-0.345347,0.779938,0.012825,-0.002892,-0.00219,0.000984,-0.014714,0.029553,-1.604119,-0.141116,0.028091,0.342589,0.489058,0.248855,0.835993,-0.473859,0.880431,0.015263,-0.732823,-0.403925,0.547428,-0.025563,-0.004685,-0.00103,-0.006082,0.0457,-0.082835,-0.643243,0.048393,0.036495,-0.00581,-0.508148,-0.221633,0.832264,0.348261,-0.936674,-0.036803,0.787718,0.271144,0.553155,-0.00641,-0.001,-0.000121,-0.0021,0.015221,-0.029274,-0.821149,0.088656,0.029198,-0.056502,-0.716373,-0.298331,-0.630719,0.517435,-0.833575,-0.193422,-0.468049,-0.464919,0.751518,0.013068,0.003763,-0.005764,0.039152,-0.043483,0.078706,-0.904485
707,0.147898,0.009139,0.372848,-0.765076,-0.212298,-0.607975,0.375598,-0.91395,-0.153598,-0.522098,-0.345613,0.779739,0.012711,-0.00385,-0.002828,0.000163,-0.001531,0.003939,-1.608644,-0.141433,0.028036,0.342566,0.486345,0.250203,0.837173,-0.474162,0.880311,0.0125,-0.734429,-0.403354,0.545694,-0.012703,-0.003155,-0.001114,0.348475,0.528731,-0.577981,-0.643945,0.048225,0.036465,-0.005822,-0.506221,-0.223045,0.83306,0.348577,-0.936471,-0.038915,0.788818,0.270686,0.55181,-0.012781,-0.002521,-0.00064,1.166608,1.741394,-1.886052,-0.821639,0.08883,0.029194,-0.056557,-0.716517,-0.297748,-0.630831,0.517161,-0.833624,-0.193942,-0.468131,-0.465205,0.75129,0.013025,0.0034,-0.006007,0.037669,-0.042801,0.077597,-0.904812
708,0.148557,0.009128,0.372658,-0.766976,-0.214492,-0.604802,0.374204,-0.915104,-0.150092,-0.520309,-0.341177,0.782882,0.012845,-0.002786,-0.002126,0.004115,0.013443,0.043916,-1.618613,-0.142099,0.02785,0.342421,0.483848,0.249059,0.838959,-0.474964,0.879874,0.012854,-0.735557,-0.405013,0.542939,-0.026561,0.002874,-0.011708,0.027934,0.04289,-0.059829,-0.645704,0.047902,0.036376,-0.005886,-0.502848,-0.222519,0.835241,0.349429,-0.936149,-0.039032,0.790596,0.27223,0.548495,-0.006148,-0.003703,-0.00211,0.001411,0.015964,-0.063418,-0.821313,0.089159,0.029185,-0.056654,-0.718278,-0.30047,-0.627529,0.515884,-0.835188,-0.190588,-0.466839,-0.460627,0.754905,0.012943,-0.001977,-0.001599,0.003554,-0.017071,0.040946,-0.904975
709,0.149271,0.009174,0.372481,-0.765777,-0.218115,-0.605026,0.379211,-0.9129,-0.150946,-0.518451,-0.34476,0.782545,0.013016,-0.001359,-0.001183,0.00911,-0.012681,0.019047,-1.627675,-0.142899,0.027699,0.342142,0.478042,0.241784,0.844398,-0.470561,0.88222,0.013923,-0.742151,-0.404306,0.534426,-0.025252,-0.008363,-0.003764,-0.110057,0.28194,0.108306,-0.647572,0.047502,0.036297,-0.006028,-0.496584,-0.217363,0.840331,0.34473,-0.937895,-0.038885,0.796595,0.270378,0.540676,-0.012597,-0.004464,-0.002076,-0.203159,0.510226,0.23297,-0.824579,0.089516,0.029205,-0.056744,-0.716312,-0.303764,-0.628189,0.520541,-0.83216,-0.191168,-0.464685,-0.463935,0.754209,0.013103,0.004116,-0.005536,0.064776,-0.036417,0.041919,-0.904812
710,0.150111,0.009245,0.372401,-0.765859,-0.218707,-0.604708,0.378521,-0.91349,-0.149096,-0.518833,-0.342817,0.783145,0.026426,0.000759,-6.6e-05,-0.003694,0.061739,-0.11757,-1.63814,-0.143674,0.02766,0.341747,0.476224,0.243091,0.84505,-0.470931,0.882053,0.011791,-0.743083,-0.403887,0.533447,-0.02639,0.000747,-0.013306,0.030378,0.037056,-0.063683,-0.64909,0.0471,0.036278,-0.006231,-0.494442,-0.218187,0.84138,0.345142,-0.937683,-0.040335,0.797748,0.270452,0.538936,-0.013182,0.000289,-0.006702,0.031672,0.033395,-0.066072,-0.826048,0.089931,0.029237,-0.056786,-0.716327,-0.304274,-0.627927,0.519867,-0.832982,-0.189417,-0.465417,-0.462123,0.754869,0.006719,0.001142,0.000601,0.003313,-0.028698,0.056351,-0.906445
711,0.15052,0.009291,0.372399,-0.769598,-0.219363,-0.599703,0.376473,-0.914393,-0.148744,-0.514777,-0.339981,0.787048,0.026596,0.011933,-0.008604,0.074061,0.290181,0.247898,-1.646381,-0.144057,0.027637,0.341497,0.474453,0.241335,0.846548,-0.47094,0.882037,0.012624,-0.744209,-0.404972,0.53105,-0.013383,0.000843,-0.014441,0.026132,-0.03629,0.165135,-0.649109,0.046913,0.036267,-0.00635,-0.492225,-0.21665,0.843075,0.345231,-0.937689,-0.039402,0.79908,0.271661,0.536349,-0.013129,-0.000337,-0.007167,0.015306,0.071436,-0.041285,-0.826701,0.090135,0.029257,-0.056784,-0.719137,-0.305942,-0.623891,0.518456,-0.834044,-0.188609,-0.46265,-0.459096,0.758409,0.006754,0.001495,0.000836,0.072854,0.51104,0.318654,-0.907425
712,0.15137,0.009396,0.372437,-0.776925,-0.218687,-0.59043,0.373386,-0.91504,-0.152497,-0.505951,-0.338673,0.79331,0.026552,0.002142,0.000835,0.065098,0.683928,0.201271,-1.664145,-0.144848,0.027535,0.340934,0.470843,0.233005,0.850887,-0.465927,0.884647,0.015709,-0.749637,-0.404146,0.523998,-0.013275,-0.000595,-0.01553,-0.043415,0.207233,0.089871,-0.653159,0.046527,0.036216,-0.006626,-0.487889,-0.209458,0.847402,0.339852,-0.939765,-0.03662,0.804029,0.270125,0.529686,-0.005954,-0.006273,-0.004042,-0.119461,0.337971,0.160083,-0.829314,0.09056,0.029315,-0.056767,-0.725862,-0.306744,-0.615655,0.515802,-0.834877,-0.192166,-0.455051,-0.457043,0.764225,0.006787,0.00188,0.001085,0.004999,0.036488,0.093991,-0.908404
713,0.152291,0.009528,0.372491,-0.778444,-0.222822,-0.586874,0.374421,-0.91515,-0.149271,-0.502847,-0.335668,0.796554,0.013579,0.003988,0.002341,-0.004348,0.079497,-0.145563,-1.678802,-0.145435,0.027445,0.340457,0.465856,0.232881,0.85366,-0.466161,0.884564,0.013214,-0.752598,-0.404397,0.519542,-0.012167,-0.010054,-0.006287,-0.005285,0.033673,-0.051471,-0.661623,0.046224,0.03617,-0.006876,-0.482596,-0.209771,0.850351,0.340066,-0.9396,-0.038792,0.807128,0.270455,0.524783,-0.000264,0.001357,-0.007129,0.040687,-0.010676,-0.016871,-0.832906,0.091031,0.029382,-0.05674,-0.728398,-0.311333,-0.610333,0.516038,-0.835275,-0.189786,-0.450709,-0.453195,0.769073,0.0068,0.00209,0.00122,-0.007556,0.054855,-0.155008,-0.902526
714,0.152732,0.009619,0.372505,-0.778274,-0.224475,-0.586468,0.375616,-0.9148,-0.148407,-0.502218,-0.335517,0.797014,0.013533,0.003656,0.002116,-0.004688,0.076532,-0.147082,-1.685756,-0.14564,0.027398,0.340245,0.465371,0.233218,0.853833,-0.466118,0.884596,0.012566,-0.752923,-0.404134,0.519274,0.000747,-0.008687,-0.006474,-0.001995,0.015455,-0.02424,-0.664374,0.046117,0.036146,-0.006982,-0.482239,-0.210346,0.850411,0.340029,-0.939581,-0.039584,0.807357,0.270076,0.524627,-0.006734,0.000729,-0.007006,0.033606,0.018559,-0.036647,-0.838621,0.091246,0.029428,-0.056733,-0.727876,-0.312818,-0.610196,0.517124,-0.834807,-0.18889,-0.450309,-0.453036,0.769402,0.013336,0.001806,0.000881,0.002517,-0.046383,0.082867,-0.900567
715,0.15369,0.009879,0.372415,-0.778136,-0.22572,-0.586175,0.376756,-0.914377,-0.148124,-0.501581,-0.335833,0.797283,0.026421,0.011481,-0.008938,0.037565,-0.04227,0.077531,-1.697793,-0.146044,0.027256,0.339896,0.459873,0.230405,0.857567,-0.466336,0.884481,0.012572,-0.756155,-0.405991,0.513093,-0.012399,-0.007663,-0.004529,-0.039883,0.107622,0.032634,-0.676928,0.04592,0.036072,-0.007159,-0.476281,-0.20839,0.854241,0.340242,-0.939507,-0.039489,0.810796,0.271841,0.518373,-0.00615,-0.004333,-0.002632,-0.046582,0.13063,0.015053,-0.845317,0.091711,0.029558,-0.056771,-0.727493,-0.314134,-0.609977,0.518246,-0.834202,-0.188483,-0.449636,-0.453239,0.769676,0.013249,0.006104,-0.004243,0.038612,-0.055493,0.102827,-0.904649
716,0.154821,0.010141,0.37213,-0.778198,-0.227607,-0.585361,0.376155,-0.915237,-0.144291,-0.501934,-0.332199,0.798582,0.0262,0.00967,-0.010139,0.037572,-0.0422,0.077565,-1.705184,-0.14627,0.027133,0.339716,0.456895,0.231915,0.858751,-0.466562,0.8844,0.009524,-0.757817,-0.405309,0.511177,-0.012717,-0.004009,-0.001803,-0.002053,0.015225,-0.029232,-0.694213,0.045807,0.036006,-0.007252,-0.473593,-0.210486,0.855221,0.340458,-0.939291,-0.042643,0.812279,0.270972,0.516503,0.000129,-0.001481,-0.001103,-0.000319,-0.003476,0.000293,-0.863278,0.092277,0.029686,-0.056909,-0.727214,-0.31624,-0.609221,0.517857,-0.835323,-0.184549,-0.450535,-0.449696,0.771226,0.019604,-0.000779,-0.000996,0.007496,-0.0461,0.091415,-0.905955
717,0.155886,0.010534,0.371779,-0.778133,-0.230539,-0.584299,0.376468,-0.915755,-0.140132,-0.5018,-0.328733,0.800099,0.026325,0.011315,-0.009059,0.031921,0.049547,-0.098813,-1.708092,-0.146266,0.027077,0.339674,0.454673,0.232887,0.859667,-0.46653,0.884438,0.007281,-0.75917,-0.404669,0.509674,3.3e-05,-0.000398,-0.000298,7.2e-05,0.000112,-0.000123,-0.702338,0.045805,0.035978,-0.007273,-0.47148,-0.21185,0.856052,0.340402,-0.939204,-0.044948,0.81353,0.27021,0.51493,9e-06,-8.6e-05,-6.2e-05,-0.002636,-0.003736,0.004013,-0.866218,0.092818,0.029881,-0.057092,-0.72675,-0.318957,-0.608358,0.518092,-0.836043,-0.180587,-0.451014,-0.446427,0.772844,0.013185,0.005823,-0.004437,0.040228,-0.056165,0.104156,-0.902853
718,0.156456,0.010746,0.371571,-0.779895,-0.231859,-0.581421,0.375937,-0.916143,-0.139019,-0.49946,-0.326717,0.802385,0.026258,0.010836,-0.009376,0.044578,-0.001642,0.130955,-1.708368,-0.146257,0.027092,0.339684,0.454727,0.232849,0.859649,-0.4665,0.884454,0.007329,-0.759157,-0.404656,0.509704,-0.000134,0.0016,0.001197,0.001974,-0.015431,0.024257,-0.707207,0.045809,0.035984,-0.007269,-0.471551,-0.211794,0.856026,0.340383,-0.939214,-0.044873,0.813497,0.270217,0.514979,-1.8e-05,0.000227,0.000171,-0.000384,-0.000543,0.000591,-0.867851,0.093103,0.029988,-0.057195,-0.728431,-0.320912,-0.605311,0.517697,-0.836519,-0.179508,-0.448749,-0.444128,0.775483,0.019576,0.004265,-0.005625,0.037714,0.072363,-0.044185,-0.903506
719,0.157637,0.011099,0.371094,-0.77971,-0.235913,-0.580036,0.377155,-0.916332,-0.134389,-0.498831,-0.323262,0.804174,0.039011,0.007545,-0.011874,0.032934,0.035331,-0.069004,-1.70926,-0.146196,0.027182,0.339757,0.454031,0.230284,0.860707,-0.466341,0.884517,0.009478,-0.75967,-0.405981,0.507883,-0.000236,0.002809,0.002101,-0.000396,0.000969,0.000649,-0.71349,0.04584,0.036031,-0.007231,-0.470459,-0.209297,0.857241,0.340235,-0.939373,-0.042627,0.814191,0.27161,0.513146,-0.000154,0.001828,0.001366,0.003531,-0.009679,-0.006724,-0.869973,0.093689,0.030168,-0.057432,-0.727495,-0.324758,-0.604385,0.518819,-0.836811,-0.174852,-0.448972,-0.440771,0.777267,0.012983,0.003941,-0.005681,0.039974,-0.044704,0.078575,-0.902853
720,0.158716,0.011463,0.370567,-0.781304,-0.238531,-0.576811,0.378006,-0.916147,-0.133252,-0.495686,-0.32186,0.806677,0.02589,0.007455,-0.011613,0.026925,0.054839,-0.100685,-1.710054,-0.146173,0.027262,0.339814,0.454277,0.230115,0.860622,-0.466205,0.884586,0.009696,-0.759606,-0.405925,0.508022,-0.000137,0.001628,0.001217,-0.0,0.0,0.0,-0.712795,0.045851,0.036075,-0.007199,-0.470738,-0.209182,0.857116,0.340095,-0.93943,-0.042487,0.814089,0.2715,0.513367,-7.4e-05,0.000886,0.000661,0.002076,-0.01565,0.024133,-0.874709,0.094234,0.030349,-0.057695,-0.728775,-0.327775,-0.601206,0.519575,-0.836576,-0.173725,-0.446012,-0.438979,0.77998,0.01293,0.00348,-0.005986,0.015814,0.042384,-0.111943,-0.902363
721,0.159241,0.011655,0.370299,-0.783029,-0.238727,-0.574386,0.377943,-0.915973,-0.134624,-0.493009,-0.322211,0.808176,0.025924,0.007971,-0.011273,0.033038,0.059551,-0.0936,-1.711511,-0.146154,0.027262,0.339825,0.451993,0.231124,0.861554,-0.466223,0.884599,0.00742,-0.760954,-0.405326,0.506481,-9e-06,0.000113,8.4e-05,-0.0,0.0,0.0,-0.713067,0.04586,0.036078,-0.007192,-0.468592,-0.210549,0.857956,0.340082,-0.939329,-0.044776,0.815331,0.270794,0.511766,1e-06,-7e-06,-5e-06,-0.000738,-0.001112,0.001166,-0.874872,0.094491,0.03044,-0.057827,-0.730554,-0.328389,-0.598706,0.519481,-0.836337,-0.175153,-0.443202,-0.438976,0.781582,0.012943,0.003677,-0.005857,0.02806,0.031906,-0.103288,-0.901546
722,0.160161,0.011969,0.369815,-0.784623,-0.241262,-0.571143,0.378659,-0.915855,-0.13341,-0.48992,-0.320654,0.81067,0.025761,0.017077,-0.021132,0.067056,0.053873,-0.103943,-1.71509,-0.146161,0.027239,0.339821,0.448431,0.229969,0.863722,-0.466388,0.884517,0.006769,-0.762955,-0.406159,0.50279,8e-05,-0.000952,-0.000712,-0.008696,0.021242,0.014227,-0.713128,0.045857,0.036067,-0.007194,-0.464721,-0.209749,0.860255,0.340238,-0.939251,-0.045209,0.817479,0.271682,0.507854,5.5e-05,-0.000658,-0.000493,-0.000968,-0.003493,-0.001529,-0.876832,0.094956,0.0306,-0.058068,-0.731683,-0.331243,-0.595749,0.520146,-0.836184,-0.173903,-0.440552,-0.437119,0.784117,0.012947,0.003815,-0.005767,0.03478,-0.056569,0.072284,-0.900077
723,0.160983,0.012218,0.369386,-0.788025,-0.243168,-0.565624,0.378204,-0.916078,-0.133174,-0.484791,-0.318571,0.814566,0.012812,0.007834,-0.011031,0.060615,0.17116,0.152339,-1.722019,-0.146296,0.027202,0.339769,0.44715,0.227821,0.864954,-0.466491,0.88445,0.008335,-0.763643,-0.407511,0.500647,-0.012799,-0.002997,-0.001045,-0.086585,0.221916,0.109222,-0.714505,0.045794,0.036048,-0.00722,-0.46369,-0.208633,0.861082,0.340334,-0.93926,-0.044306,0.818024,0.272512,0.50653,9.3e-05,-0.001114,-0.000832,-0.11716,0.222015,0.389759,-0.875362,0.095377,0.030728,-0.058292,-0.734519,-0.334097,-0.590643,0.519974,-0.836365,-0.173546,-0.436012,-0.434593,0.788049,0.006413,0.003899,-0.005538,0.068083,0.20389,0.166541,-0.901709
724,0.161554,0.012318,0.369162,-0.796616,-0.243151,-0.553467,0.375347,-0.916589,-0.137662,-0.472837,-0.317111,0.822127,0.012931,0.009383,-0.010006,0.077579,0.442863,0.070745,-1.733471,-0.146507,0.027152,0.339752,0.446784,0.228113,0.865067,-0.466705,0.88434,0.007978,-0.763726,-0.407587,0.500458,2e-06,-2.4e-05,-1.8e-05,-1.8e-05,4.4e-05,3e-05,-0.71493,0.045684,0.036019,-0.007231,-0.46297,-0.208434,0.861518,0.340605,-0.939167,-0.044183,0.818319,0.272982,0.5058,-0.006475,-0.000602,0.00015,-0.001043,0.012569,-0.031056,-0.876995,0.095657,0.030773,-0.058401,-0.743014,-0.336055,-0.578787,0.517322,-0.837053,-0.1781,-0.424624,-0.43175,0.795791,0.006486,-0.000634,-0.000601,0.068881,0.496269,0.290755,-0.908568
725,0.161796,0.012287,0.369111,-0.803373,-0.243044,-0.54366,0.372765,-0.917147,-0.140924,-0.463365,-0.315578,0.828088,0.0129,-0.002108,-0.001738,0.08973,0.692582,0.401562,-1.739295,-0.146593,0.027135,0.33976,0.446721,0.228177,0.865082,-0.466767,0.884308,0.007919,-0.763725,-0.407621,0.500432,-0.012884,-0.002007,-0.000307,-0.002045,0.015206,-0.029245,-0.714803,0.045645,0.036014,-0.007225,-0.462946,-0.208509,0.861513,0.340659,-0.939145,-0.04424,0.81831,0.273001,0.505804,4e-05,-0.00048,-0.000355,0.000175,-0.00036,-0.000223,-0.878301,0.095783,0.030763,-0.058429,-0.749232,-0.337671,-0.569762,0.515251,-0.837688,-0.181093,-0.416133,-0.429251,0.801608,0.006453,-0.001056,-0.000879,0.124822,0.86625,0.471233,-0.91314
