frame,MLTx,MLTy,MLTz,MLTR1,MLTR2,MLTR3,MLTR4,MLTR5,MLTR6,MLTR7,MLTR8,MLTR9,MLTTVx,MLTTVy,MLTTVz,MLTRVx,MLTRVy,MLTRVz,MLGA,MRTx,MRTy,MRTz,MRTR1,MRTR2,MRTR3,MRTR4,MRTR5,MRTR6,MRTR7,MRTR8,MRTR9,MRTTVx,MRTTVy,MRTTVz,MRTRVx,MRTRVy,MRTRVz,MRGA,SLTx,SLTy,SLTz,SLTR1,SLTR2,SLTR3,SLTR4,SLTR5,SLTR6,SLTR7,SLTR8,SLTR9,SLTTVx,SLTTVy,SLTTVz,SLTRVx,SLTRVy,SLTRVz,SLGA,SRTx,SRTy,SRTz,SRTR1,SRTR2,SRTR3,SRTR4,SRTR5,SRTR6,SRTR7,SRTR8,SRTR9,SRTTVx,SRTTVy,SRTTVz,SRTRVx,SRTRVy,SRTRVz,SRGA
197,0.143523,-0.027085,0.327301,0.010788,0.334336,-0.942416,-0.6275,-0.731481,-0.266743,-0.778563,0.593825,0.203076,-0.064137,-0.039778,-0.021453,-0.0271,-0.160598,0.284794,0.509154,-0.195765,-0.043929,0.303968,0.46549,0.520396,0.715889,-0.766246,-0.167626,0.620244,0.442185,-0.837895,0.319795,0.017948,-0.025884,0.032976,-0.495859,0.805023,-0.205073,-1.405509,0.030245,0.021573,-0.017892,-0.474735,-0.51611,0.71292,0.765821,0.156972,0.623601,-0.433755,0.842015,0.320728,0.008928,-0.013216,0.016169,-0.42413,0.729827,-0.253418,-0.991951,0.070021,0.029005,-0.054378,-0.003804,-0.328039,-0.944656,0.621784,0.73907,-0.259151,0.783179,-0.588358,0.201158,-0.024526,-0.014773,-0.015265,0.008719,-0.187294,0.329154,0.504875
198,0.141224,-0.028258,0.326508,0.013433,0.334739,-0.942239,-0.614653,-0.740446,-0.271869,-0.788707,0.582382,0.196973,-0.062972,-0.01923,-0.020477,5.207243,1.494663,-1.115261,0.509013,-0.19487,-0.044323,0.304513,0.469678,0.505967,0.723458,-0.772511,-0.160912,0.61422,0.426594,-0.847976,0.314351,0.031356,0.002087,0.000531,0.017816,-0.248754,0.430147,-1.405947,0.03068,0.021375,-0.01762,-0.479372,-0.500559,0.720862,0.771616,0.150925,0.617923,-0.418103,0.852444,0.31389,0.008157,-0.004381,0.005085,0.067079,-1.197976,2.049094,-0.994074,0.068894,0.028414,-0.054772,-0.008749,-0.328207,-0.944564,0.613232,0.744364,-0.264324,0.789853,-0.58155,0.194754,-0.031475,-0.014415,-0.005254,-0.039731,0.030048,-0.030493,0.503079
199,0.140051,-0.028586,0.326217,0.010371,0.334277,-0.942442,-0.610386,-0.744361,-0.270792,-0.792057,0.577643,0.197489,-0.062399,-0.014449,-0.015654,0.000805,-0.009353,0.005008,0.516144,-0.194444,-0.044311,0.304549,0.471913,0.4984,0.727246,-0.774315,-0.159914,0.612207,0.420824,-0.852627,0.309512,0.015691,0.001212,0.000466,-0.032758,0.193342,-0.308203,-1.406067,0.030898,0.021379,-0.017604,-0.482024,-0.493431,0.724001,0.772909,0.149693,0.616606,-0.412631,0.856806,0.309221,0.007837,0.000541,0.000145,-0.0044,0.072892,-0.151041,-0.997503,0.068283,0.02824,-0.054928,-0.003567,-0.327986,-0.944675,0.604522,0.751812,-0.263308,0.796579,-0.572017,0.195593,-0.03116,-0.007057,-0.007617,-0.002803,0.093554,-0.16603,0.506508
200,0.137684,-0.028981,0.325766,0.009412,0.322384,-0.946586,-0.60486,-0.751924,-0.262157,-0.796296,0.574616,0.189097,-0.046711,-0.009087,-0.010108,0.015398,-0.194347,-0.284749,0.519103,-0.193664,-0.044183,0.304456,0.482749,0.489567,0.726133,-0.769892,-0.157707,0.618327,0.416618,-0.858131,0.299841,0.015067,0.01183,-0.008394,-0.039745,0.127553,-0.003517,-1.405769,0.031294,0.021439,-0.017656,-0.492679,-0.484334,0.722971,0.768334,0.147957,0.622712,-0.408569,0.862281,0.299235,0.007531,0.005871,-0.004262,-0.003337,0.089415,-0.029395,-0.992604,0.067077,0.028041,-0.055155,-0.002744,-0.316068,-0.948732,0.598824,0.759303,-0.254692,0.800875,-0.568822,0.187185,-0.023282,-0.004125,-0.004576,0.014378,-0.205382,-0.298556,0.515326
201,0.13567,-0.029167,0.325516,0.01749,0.307237,-0.951496,-0.602836,-0.755924,-0.255224,-0.797702,0.577675,0.173176,-0.045937,-0.003664,-0.004534,0.039963,-0.591415,-0.473664,0.51947,-0.193052,-0.043966,0.304319,0.489023,0.481487,0.727336,-0.766058,-0.16147,0.622107,0.416361,-0.861986,0.288943,0.015049,0.0118,-0.008444,-0.027965,0.062611,0.102044,-1.405978,0.031594,0.021542,-0.017723,-0.498696,-0.476248,0.724215,0.764583,0.151883,0.626373,-0.408305,0.866093,0.288388,0.007836,0.000549,0.000138,-0.060024,0.158277,-0.099674,-0.994564,0.066088,0.027951,-0.055276,-0.010182,-0.302843,-0.952985,0.596836,0.762817,-0.248788,0.802298,-0.571309,0.172981,-0.030348,-0.000815,-0.001273,-0.007708,-0.006589,-0.192769,0.517285
202,0.133951,-0.029185,0.325413,0.023809,0.298336,-0.954187,-0.596554,-0.761611,-0.253066,-0.802256,0.574876,0.161027,-0.030519,-0.001557,-0.002154,0.032958,-0.528932,-0.174527,0.519183,-0.192615,-0.043705,0.304182,0.492843,0.478236,0.726902,-0.763729,-0.162298,0.624748,0.416129,-0.863635,0.284315,0.015715,0.001758,0.001106,-0.005341,-0.016987,0.06192,-1.405715,0.031812,0.021674,-0.017797,-0.502406,-0.472994,0.723784,0.76231,0.152701,0.628939,-0.408007,0.867731,0.283851,-0.000266,0.005807,-0.003809,0.041998,0.070762,-0.165589,-0.993747,0.065223,0.027945,-0.055325,-0.016501,-0.29368,-0.95576,0.590535,0.768496,-0.246334,0.806842,-0.568476,0.160747,-0.022608,0.000431,0.000107,0.021392,-0.448293,-0.367146,0.517286
203,0.133204,-0.029154,0.325389,0.023831,0.299205,-0.953915,-0.591329,-0.765097,-0.254809,-0.806115,0.569775,0.159882,-0.045218,0.000994,0.000253,0.004172,-0.062117,0.087174,0.519322,-0.19249,-0.043571,0.304124,0.493869,0.479465,0.725395,-0.762994,-0.160934,0.625999,0.41626,-0.86321,0.28541,0.000127,0.00143,0.001781,-0.000133,0.000181,0.000112,-1.40594,0.03188,0.021743,-0.017824,-0.503239,-0.47444,0.722258,0.761695,0.15121,0.630044,-0.40813,0.867203,0.285283,6.9e-05,0.000738,0.000912,0.002707,-0.005727,-0.005332,-0.993911,0.064855,0.027961,-0.055336,-0.017455,-0.29266,-0.956056,0.585218,0.772309,-0.247098,0.810687,-0.563814,0.157789,-0.015177,-0.000278,-0.000531,-0.003629,0.064705,-0.053879,0.517122
204,0.131985,-0.029193,0.325371,0.033234,0.300227,-0.953312,-0.588636,-0.764924,-0.261474,-0.807763,0.569467,0.152489,-0.030453,-0.00092,-0.001553,0.016775,0.008671,-0.021221,0.517086,-0.192472,-0.043274,0.304046,0.498228,0.480827,0.721502,-0.759835,-0.158455,0.630457,0.416836,-0.862912,0.285469,0.000229,0.002593,0.003226,-0.027491,0.037276,0.023052,-1.405874,0.031889,0.021889,-0.017867,-0.507677,-0.475709,0.718307,0.758336,0.148955,0.634616,-0.408888,0.866898,0.285126,-0.000164,0.007002,-0.002318,0.024954,0.000854,0.054106,-0.993584,0.064241,0.027947,-0.055339,-0.026852,-0.294077,-0.955404,0.582585,0.772056,-0.254016,0.812325,-0.563425,0.150593,-0.015153,-5.5e-05,-0.000325,0.064863,-0.080719,0.169581,0.516959
205,0.131108,-0.029346,0.325359,0.044662,0.306435,-0.950867,-0.580139,-0.766871,-0.274444,-0.813355,0.563508,0.144707,-0.015708,-0.003016,-0.003508,0.063013,-0.084882,0.156749,0.509673,-0.192791,-0.042848,0.304003,0.502991,0.482745,0.716902,-0.756358,-0.155294,0.635406,0.417432,-0.862419,0.286088,-0.015818,0.014474,-0.002972,-0.084426,0.164518,0.088147,-1.405672,0.031736,0.022098,-0.017886,-0.511877,-0.478076,0.713739,0.755149,0.145686,0.639159,-0.409549,0.866151,0.286445,-0.007875,0.007605,-0.001027,-0.155531,0.226414,0.157177,-0.989502,0.063791,0.027872,-0.055343,-0.038141,-0.30048,-0.953024,0.574102,0.774021,-0.267018,0.817894,-0.557317,0.142984,-0.007853,-0.001513,-0.001741,0.065676,-0.089314,0.165439,0.51206
206,0.130763,-0.029497,0.325343,0.05018,0.310103,-0.949402,-0.573586,-0.769197,-0.281615,-0.817676,0.558306,0.140453,-0.01624,-0.014881,0.003986,0.027652,-0.070249,0.139243,0.500422,-0.193014,-0.04256,0.303995,0.504446,0.484559,0.714653,-0.755299,-0.153199,0.637171,0.417592,-0.861778,0.287781,-0.015628,0.016452,-0.000528,0.022301,0.089869,-0.157661,-1.405869,0.031624,0.022238,-0.017894,-0.513877,-0.479517,0.711331,0.753694,0.143669,0.64133,-0.409725,0.865691,0.287582,-0.007821,0.008147,-0.00036,0.046714,-0.018524,0.002701,-0.990155,0.063625,0.027803,-0.055352,-0.043514,-0.304152,-0.951628,0.56756,0.776369,-0.274089,0.82218,-0.552033,0.138841,-0.007939,-0.00195,-0.002214,0.234707,-0.399009,0.741944,0.504222
207,0.130192,-0.030038,0.325255,0.061265,0.317807,-0.946198,-0.560553,-0.773354,-0.296103,-0.825933,0.548136,0.131944,-0.017046,-0.01903,-0.000468,0.179825,-0.334167,0.632924,0.485919,-0.193622,-0.041749,0.303987,0.512753,0.486943,0.707079,-0.749183,-0.148212,0.645517,0.418479,-0.861309,0.287897,-0.015872,0.030724,-0.004887,0.053933,-0.005528,0.067752,-1.405801,0.03132,0.022637,-0.017899,-0.52224,-0.48163,0.703774,0.747383,0.13896,0.649698,-0.41071,0.865287,0.287392,-0.007616,0.010176,0.002135,0.051136,-0.054395,0.102653,-0.989992,0.063341,0.027538,-0.05539,-0.053938,-0.311683,-0.948653,0.554698,0.780614,-0.288012,0.830301,-0.541751,0.130785,-0.008582,-0.009889,-0.000625,0.684205,-1.20873,2.269058,0.481525
208,0.129666,-0.031,0.325126,0.066472,0.32312,-0.944045,-0.54955,-0.777793,-0.304967,-0.832902,0.538666,0.127042,-0.018511,-0.035554,0.001968,-0.072982,0.071416,-0.114603,0.480267,-0.194288,-0.040641,0.3041,0.519984,0.48811,0.700968,-0.744067,-0.143955,0.652361,0.418673,-0.861373,0.287425,-0.015456,0.03452,-0.000295,0.059935,-0.005685,0.041484,-1.405844,0.030987,0.023189,-0.017844,-0.529427,-0.482688,0.697652,0.742216,0.134747,0.656474,-0.410879,0.865364,0.28692,-0.007666,0.017939,0.000698,0.089654,-0.041209,0.046197,-0.993094,0.063079,0.027066,-0.055452,-0.05989,-0.317446,-0.946383,0.54341,0.784917,-0.297674,0.837328,-0.532102,0.125494,-0.00166,-0.01338,-0.004229,-0.034895,-0.049084,0.09817,0.467972
209,0.129133,-0.032326,0.324952,0.072025,0.324328,-0.943223,-0.544399,-0.779552,-0.309676,-0.835825,0.535387,0.121589,-0.004193,-0.040165,-0.002778,-0.067114,-0.039989,0.088026,0.481423,-0.195004,-0.039381,0.30427,0.52778,0.486137,0.696499,-0.738785,-0.141629,0.658841,0.418264,-0.862872,0.283499,-0.014654,0.025212,0.010023,0.012841,0.007928,0.059091,-1.4055,0.030629,0.023826,-0.01776,-0.537224,-0.480541,0.693158,0.736836,0.132529,0.662954,-0.410441,0.866899,0.282883,-0.007613,0.018102,0.000839,0.096121,-0.129755,0.228856,-0.991298,0.062807,0.026402,-0.05554,-0.065309,-0.318489,-0.945673,0.538278,0.786745,-0.302138,0.840232,-0.528768,0.120054,-0.009671,-0.019779,-0.001232,-0.079041,0.099655,-0.139181,0.463726
210,0.128902,-0.033057,0.324829,0.069166,0.324429,-0.943402,-0.540816,-0.782402,-0.308769,-0.838386,0.531155,0.122513,-0.004125,-0.030715,-0.01297,-0.036816,0.042134,-0.068158,0.484944,-0.195345,-0.03877,0.304336,0.530055,0.485154,0.695456,-0.737441,-0.140887,0.660504,0.417756,-0.863545,0.282193,-0.014723,0.024137,0.008653,0.026943,-0.010993,0.047214,-1.405488,0.030453,0.024144,-0.017719,-0.539437,-0.479588,0.692099,0.735543,0.131692,0.664554,-0.409856,0.867555,0.281719,-0.007365,0.01205,0.004319,0.058268,-0.037977,0.028819,-0.991298,0.062689,0.026021,-0.055604,-0.062405,-0.31868,-0.945805,0.534728,0.789486,-0.301292,0.842716,-0.52455,0.121139,-0.002098,-0.015568,-0.006705,-0.037971,0.044247,-0.067675,0.465686
211,0.128557,-0.034545,0.324519,0.067905,0.326903,-0.942639,-0.531978,-0.787386,-0.311441,-0.844123,0.522201,0.121609,-0.004658,-0.042347,-0.005425,-0.067884,-0.024443,0.063687,0.493348,-0.195969,-0.037694,0.304446,0.533862,0.486149,0.69184,-0.734936,-0.137607,0.663978,0.417318,-0.863516,0.282929,0.000453,0.021345,0.004169,0.037803,-0.025953,0.042642,-1.405689,0.030141,0.024685,-0.017659,-0.543067,-0.480717,0.688468,0.733138,0.128277,0.667871,-0.409371,0.867442,0.282769,0.000217,0.010595,0.002001,0.043545,-0.03038,0.03449,-0.996197,0.062518,0.02529,-0.05576,-0.061085,-0.321142,-0.945058,0.525796,0.79445,-0.303949,0.848413,-0.515475,0.120326,-0.002135,-0.015697,-0.006945,-0.038357,0.04341,-0.070919,0.473687
212,0.128445,-0.035895,0.324083,0.069509,0.332389,-0.940602,-0.516346,-0.794712,-0.319048,-0.853649,0.507435,0.117557,-0.00405,-0.030113,-0.012683,-0.03674,0.041887,-0.068263,0.49598,-0.196599,-0.036823,0.304616,0.53738,0.486755,0.688682,-0.732493,-0.135063,0.667193,0.417094,-0.863577,0.283071,-0.029768,0.00969,0.013665,-0.089505,0.130561,0.039259,-1.405708,0.029837,0.025117,-0.01758,-0.54636,-0.481513,0.685299,0.730734,0.125794,0.67097,-0.409288,0.867363,0.28313,-0.00747,0.010408,0.002242,-0.088503,0.144076,0.10774,-0.991788,0.062461,0.024606,-0.05598,-0.062764,-0.326728,-0.943031,0.510102,0.801649,-0.311695,0.85782,-0.500605,0.11635,-0.002075,-0.015339,-0.00665,-0.035243,-0.035274,0.073967,0.481852
213,0.128378,-0.03646,0.323813,0.068609,0.331713,-0.940906,-0.506662,-0.800811,-0.319325,-0.859505,0.498213,0.114292,-0.003892,-0.029256,-0.011821,-0.03701,0.043119,-0.10038,0.49478,-0.196865,-0.036457,0.304735,0.537542,0.487052,0.688346,-0.732529,-0.134376,0.667292,0.416822,-0.863517,0.283655,-0.014926,0.020703,0.004294,0.034769,-0.009619,0.014128,-1.405507,0.029699,0.025294,-0.017519,-0.546739,-0.481533,0.684982,0.730647,0.125173,0.671182,-0.408938,0.867442,0.283394,-0.007185,0.00496,0.00647,0.011843,-0.022128,0.014011,-0.990482,0.062428,0.024329,-0.056108,-0.061918,-0.325723,-0.943435,0.500315,0.807782,-0.311725,0.863626,-0.491316,0.112948,-0.001879,-0.014316,-0.005559,-0.045465,0.054818,-0.065853,0.483484
214,0.128143,-0.037171,0.32322,0.064584,0.330728,-0.941538,-0.492019,-0.810247,-0.318417,-0.868275,0.483404,0.111565,-0.002903,-0.015031,-0.016782,-0.000293,-0.000622,-0.065813,0.493776,-0.197183,-0.035893,0.305062,0.539793,0.486038,0.6873,-0.730948,-0.134107,0.669077,0.416686,-0.864129,0.281987,0.000983,0.009831,0.011779,-0.005908,-0.004507,0.031215,-1.405853,0.029534,0.025578,-0.017361,-0.54903,-0.480435,0.68392,0.728996,0.124981,0.673011,-0.408815,0.868079,0.281617,0.000506,0.005097,0.006115,0.016957,-0.035777,0.044341,-0.989176,0.062308,0.023958,-0.056413,-0.057932,-0.324679,-0.944048,0.485594,0.817066,-0.310806,0.872262,-0.476429,0.110327,-0.008982,-0.006552,-0.007526,-0.010322,0.039032,-0.081163,0.482668
215,0.127714,-0.03747,0.322597,0.065116,0.320695,-0.944966,-0.482146,-0.818938,-0.311204,-0.873758,0.475472,0.10247,-0.017335,-0.009556,-0.011169,0.00329,-0.09704,-0.122673,0.494595,-0.197059,-0.035482,0.30558,0.540487,0.48693,0.686122,-0.730202,-0.133379,0.670036,0.417091,-0.86374,0.282578,0.00109,0.010977,0.013089,0.001721,-0.014499,0.024844,-1.405599,0.029595,0.025783,-0.017102,-0.549567,-0.481456,0.68277,0.728389,0.124139,0.673823,-0.409174,0.867634,0.282465,0.008221,0.005749,0.006367,0.00569,-0.045093,0.078406,-0.990645,0.062099,0.023806,-0.056728,-0.058686,-0.314362,-0.947487,0.475542,0.825711,-0.303414,0.877733,-0.468376,0.101035,-0.008513,0.000464,-0.010079,0.024252,-0.070462,-0.112229,0.482668
216,0.127437,-0.037532,0.322271,0.06535,0.313729,-0.947285,-0.472129,-0.82656,-0.306373,-0.879194,0.466868,0.095283,-0.017332,-0.009444,-0.011078,0.476682,-0.011131,-0.238826,0.495646,-0.196876,-0.035333,0.305861,0.5389,0.488867,0.685993,-0.731253,-0.132519,0.66906,0.417306,-0.86278,0.285181,0.016902,-0.000224,0.020204,0.090441,-0.190321,-0.039346,-1.405644,0.029688,0.025862,-0.016957,-0.548262,-0.483181,0.682601,0.729293,0.123251,0.673009,-0.409316,0.866801,0.284806,0.008442,-0.000144,0.010062,0.125706,-0.221504,-0.060471,-0.991951,0.061961,0.023777,-0.056889,-0.059094,-0.307451,-0.949726,0.465851,0.832947,-0.298632,0.882887,-0.460078,0.094004,-0.008392,0.001137,-0.009337,1.619705,0.318125,-0.307611,0.483648
217,0.126676,-0.037434,0.321643,0.059907,0.297577,-0.95284,-0.458644,-0.839572,-0.291094,-0.886683,0.454079,0.08737,-0.016384,0.0045,-0.01623,0.03758,-0.127601,-0.12149,0.496597,-0.196191,-0.035154,0.306367,0.537878,0.491428,0.684965,-0.731592,-0.131374,0.668915,0.418029,-0.861502,0.287973,0.01657,-0.003333,0.016457,-0.004394,-0.054345,0.013284,-1.405533,0.030031,0.025956,-0.016698,-0.546811,-0.486167,0.681643,0.729938,0.121966,0.672543,-0.410105,0.865312,0.288179,0.008268,-0.001791,0.008073,-0.029854,-0.035081,0.026839,-0.990808,0.061586,0.023819,-0.057196,-0.053584,-0.291158,-0.955172,0.451861,0.845939,-0.28321,0.890477,-0.446781,0.086234,-0.01575,0.003164,-0.007308,0.013139,-0.098231,-0.213167,0.485444
218,0.125772,-0.036996,0.32111,0.0473,0.283651,-0.957784,-0.456385,-0.846735,-0.273357,-0.888593,0.449692,0.090594,-0.030431,0.011798,-0.008496,0.028798,0.020457,-0.063392,0.50091,-0.195368,-0.035255,0.306756,0.530823,0.497219,0.686288,-0.733604,-0.135633,0.665854,0.423486,-0.857515,0.291874,0.016144,-0.007718,0.011239,0.030037,-0.086593,-0.041257,-1.40581,0.030436,0.025911,-0.016504,-0.539893,-0.491936,0.683018,0.731979,0.126252,0.669526,-0.415596,0.861428,0.291924,0.007796,0.001715,0.001513,0.070037,-0.123341,0.000803,-0.990808,0.061121,0.024036,-0.05748,-0.040879,-0.277218,-0.959936,0.449633,0.852859,-0.265443,0.892276,-0.442471,0.089782,-0.015156,0.006152,-0.00395,0.025482,0.043251,-0.032479,0.488057
219,0.124886,-0.036239,0.320671,0.030725,0.265547,-0.963632,-0.460207,-0.852011,-0.249516,-0.887329,0.450801,0.097226,-0.013959,0.025347,-0.013545,-0.480326,0.784119,-2.387054,0.508803,-0.1945,-0.035593,0.307004,0.518416,0.496367,0.696316,-0.740546,-0.146338,0.655828,0.426772,-0.856244,0.290816,0.015786,-0.011718,0.006491,0.24411,-0.360239,-0.222776,-1.405504,0.03087,0.025744,-0.016378,-0.528959,-0.489897,0.692966,0.737968,0.137677,0.660641,-0.419052,0.86084,0.288703,0.007863,-0.006155,0.002884,0.274135,-0.40728,-0.251628,-0.990972,0.060683,0.024406,-0.057694,-0.025421,-0.262149,-0.964692,0.452809,0.857313,-0.244902,0.891244,-0.443047,0.09691,-0.014793,0.007859,-0.00203,0.085795,-0.629577,-0.405691,0.495895
220,0.124527,-0.035758,0.320482,0.022406,0.259902,-0.965398,-0.46152,-0.853853,-0.240639,-0.886886,0.450614,0.102018,-0.01352,0.02738,-0.011253,0.019306,0.081371,-0.187191,0.511141,-0.194103,-0.035812,0.307087,0.515949,0.493237,0.700361,-0.742622,-0.149743,0.652705,0.426158,-0.85746,0.288121,0.015684,-0.01296,0.005015,-0.03199,0.005727,-0.016564,-1.405726,0.031069,0.025634,-0.016337,-0.524933,-0.488254,0.697174,0.741234,0.140361,0.656406,-0.418349,0.86134,0.288231,0.015513,-0.006147,0.002372,-0.048489,-0.009739,0.055912,-0.991298,0.060504,0.024646,-0.057788,-0.016255,-0.253343,-0.967239,0.454591,0.859731,-0.232824,0.890551,-0.443483,0.101192,-0.006762,0.01365,-0.005656,-0.119385,0.420316,-0.761537,0.50112
221,0.12405,-0.0346,0.320101,-0.000393,0.247442,-0.968926,-0.448784,-0.865867,-0.220996,-0.893651,0.43444,0.112593,0.002323,0.028982,-0.008942,0.07267,-0.129108,0.214636,0.51306,-0.193413,-0.036302,0.307246,0.510734,0.494435,0.703332,-0.746225,-0.151101,0.648268,0.426153,-0.856533,0.290876,0.015647,-0.013648,0.004185,-0.038902,0.098296,-0.19269,-1.405673,0.031408,0.025391,-0.016263,-0.519778,-0.489668,0.700039,0.744849,0.141532,0.652049,-0.418366,0.860344,0.291164,0.007838,-0.006634,0.002306,-0.049599,0.003539,0.018457,-0.995217,0.06026,0.025226,-0.057978,0.006939,-0.240603,-0.970598,0.441704,0.871536,-0.212889,0.897133,-0.42724,0.112322,-0.006359,0.015488,-0.003596,0.061732,-0.001215,-0.018229,0.505692
222,0.123955,-0.033175,0.319764,-0.028284,0.228757,-0.973096,-0.447279,-0.873443,-0.192384,-0.893924,0.429515,0.128232,0.00362,0.044065,-0.012793,-0.46317,1.23108,-2.291667,0.505621,-0.192927,-0.036702,0.307431,0.504891,0.498829,0.704448,-0.750053,-0.150144,0.644059,0.426404,-0.854154,0.297429,0.00058,-0.011087,0.008263,0.043642,-0.092018,-0.083039,-1.405647,0.031661,0.02518,-0.016177,-0.514013,-0.493984,0.701262,0.748717,0.140566,0.647814,-0.418583,0.858032,0.297602,0.007647,-2.5e-05,-0.000567,0.079327,-0.123909,-0.038569,-0.997667,0.060211,0.025932,-0.058145,0.032276,-0.223318,-0.97421,0.439579,0.878558,-0.186829,0.897624,-0.422212,0.126522,0.001595,0.016527,-0.002192,0.064707,-0.117127,0.190329,0.500303
223,0.124023,-0.032427,0.319622,-0.043025,0.219001,-0.974799,-0.443816,-0.878289,-0.177785,-0.895044,0.424705,0.136197,0.003802,0.04496,-0.011819,-0.462584,1.233438,-2.291022,0.505296,-0.192747,-0.036835,0.307533,0.49998,0.503271,0.704791,-0.750382,-0.154327,0.642685,0.431579,-0.850799,0.299572,0.015332,0.000291,-0.000715,0.011625,0.05579,-0.160463,-1.405773,0.031746,0.025109,-0.016122,-0.509022,-0.498705,0.701561,0.749129,0.144732,0.646418,-0.423911,0.854602,0.299923,0.000315,-0.005223,0.004504,-0.049947,0.012265,-0.016204,-0.998156,0.060246,0.026308,-0.058215,0.046963,-0.213411,-0.975832,0.436042,0.883299,-0.172189,0.8987,-0.417417,0.134539,0.001691,0.017008,-0.001672,0.064771,-0.118011,0.191472,0.497527
224,0.124206,-0.031007,0.31944,-0.061206,0.202772,-0.977334,-0.440386,-0.884151,-0.155914,-0.895657,0.420605,0.144629,0.003391,0.034165,-0.003254,0.023039,0.03886,-0.14059,0.499474,-0.192527,-0.036943,0.307712,0.498194,0.504934,0.704866,-0.751425,-0.153959,0.641554,0.431831,-0.849881,0.301805,0.000117,0.001371,0.001623,0.000678,-0.000879,-0.000553,-1.404979,0.031862,0.025055,-0.016033,-0.507417,-0.500143,0.7017,0.750017,0.144594,0.645418,-0.424264,0.853784,0.301747,0.000372,-0.004589,0.005258,-0.045505,0.020287,-0.011973,-0.998157,0.060337,0.027013,-0.058303,0.066531,-0.195511,-0.978441,0.432753,0.889237,-0.14826,0.899053,-0.41356,0.14377,0.001742,0.017219,-0.001476,-0.476196,1.140973,-2.100625,0.491812
225,0.124334,-0.030014,0.319415,-0.059396,0.200123,-0.977992,-0.439364,-0.884917,-0.154447,-0.896283,0.420267,0.141704,0.002272,0.019902,0.001471,0.035945,-0.02959,0.042191,0.496958,-0.192466,-0.036939,0.30776,0.497955,0.504617,0.705261,-0.751616,-0.154298,0.641248,0.431774,-0.850008,0.301531,4e-06,4.1e-05,4.9e-05,0.0,-0.0,-0.0,-1.405403,0.031893,0.025061,-0.016005,-0.507272,-0.499748,0.702086,0.75015,0.144959,0.645182,-0.424203,0.853954,0.301352,-3e-06,-2.1e-05,-3e-05,0.000383,0.000701,0.000372,-0.994074,0.060404,0.027533,-0.058312,0.065197,-0.192825,-0.979064,0.431793,0.88999,-0.146528,0.899612,-0.4132,0.141285,0.001139,0.00996,0.000745,0.034962,-0.023312,0.047892,0.48675
226,0.124351,-0.029616,0.319516,-0.059675,0.199834,-0.978034,-0.438835,-0.885231,-0.154151,-0.896523,0.419743,0.141737,0.000616,0.002999,0.003318,-0.004521,0.097769,-0.173146,0.492508,-0.192453,-0.036903,0.307786,0.494958,0.507556,0.705262,-0.750701,-0.158724,0.64124,0.43678,-0.847441,0.301547,4.8e-05,0.000565,0.000669,-7.7e-05,-7e-05,-3.3e-05,-1.405405,0.031899,0.025077,-0.015994,-0.50432,-0.502715,0.702095,0.749281,0.149391,0.645181,-0.42923,0.851445,0.301334,3.5e-05,0.000401,0.000478,1.6e-05,-0.000527,-0.00047,-0.99587,0.060415,0.027744,-0.058256,0.065343,-0.19271,-0.979077,0.431274,0.890256,-0.146444,0.899851,-0.412681,0.141282,0.000299,0.001459,0.001614,8.8e-05,-0.014121,0.02524,0.482505
227,0.124328,-0.029675,0.319589,-0.061049,0.198927,-0.978134,-0.438994,-0.8854,-0.152722,-0.896351,0.419819,0.142597,-0.000382,-0.010699,0.008732,-0.039794,0.112924,-0.1904,0.490417,-0.192451,-0.03688,0.307813,0.494996,0.507605,0.705201,-0.750666,-0.158681,0.641291,0.436797,-0.84742,0.301581,7.4e-05,0.000875,0.001036,0.0,-0.0,-0.0,-1.405502,0.0319,0.025089,-0.01598,-0.504361,-0.502757,0.702035,0.74925,0.149339,0.64523,-0.429236,0.851429,0.30137,4.5e-05,0.000534,0.000633,0.000494,0.000353,0.000156,-0.996197,0.060404,0.02772,-0.058222,0.066691,-0.191797,-0.979165,0.431411,0.890421,-0.145031,0.899686,-0.412751,0.142127,-4.5e-05,-0.000208,-0.00023,-0.000468,-5.3e-05,7.3e-05,0.480055
228,0.124289,-0.029968,0.319635,-0.063593,0.19728,-0.978306,-0.439454,-0.885623,-0.150078,-0.895945,0.420126,0.144232,-0.000746,-0.003632,-0.004022,-0.000658,0.014145,-0.025101,0.488127,-0.192446,-0.036837,0.30788,0.495074,0.507704,0.705075,-0.750583,-0.158616,0.641405,0.436852,-0.847373,0.301633,0.000141,0.001668,0.001972,0.0,-0.0,-0.0,-1.405496,0.031902,0.025109,-0.015948,-0.504449,-0.502846,0.701908,0.749168,0.149259,0.645343,-0.429274,0.851391,0.301423,7.4e-05,0.000887,0.001048,0.000299,0.000265,0.000135,-0.993584,0.060384,0.027568,-0.058197,0.069339,-0.190048,-0.979322,0.431891,0.890635,-0.142258,0.899256,-0.413097,0.143835,-0.000343,-0.001661,-0.00184,-0.000336,-4.2e-05,2.6e-05,0.476626
229,0.124242,-0.030204,0.319512,-0.06548,0.196019,-0.978434,-0.439584,-0.885889,-0.148114,-0.895743,0.420158,0.145393,-0.000906,-0.004405,-0.004887,-0.000659,0.014139,-0.025104,0.482814,-0.19243,-0.036772,0.30794,0.495185,0.507847,0.704893,-0.750491,-0.158467,0.641549,0.436884,-0.847315,0.30175,0.000105,0.001237,0.001461,0.0,-0.0,-0.0,-1.405324,0.03191,0.025142,-0.015918,-0.504568,-0.502981,0.701726,0.749076,0.149101,0.645486,-0.429296,0.851339,0.301539,7.6e-05,0.000897,0.001063,0.000205,0.000162,0.000111,-0.994891,0.060359,0.027448,-0.058261,0.07109,-0.188856,-0.979428,0.432028,0.890861,-0.14042,0.899053,-0.413158,0.144922,-0.007976,-0.001499,-0.001907,-0.001871,0.028834,-0.054652,0.471074
230,0.124224,-0.030283,0.319409,-0.066099,0.19559,-0.978479,-0.439533,-0.886022,-0.147471,-0.895722,0.420078,0.145751,-0.00089,-0.004323,-0.004801,0.0,-0.0,-0.0,0.47972,-0.192405,-0.03675,0.307965,0.495181,0.507838,0.704903,-0.750496,-0.158473,0.641542,0.43688,-0.847319,0.301744,8.1e-05,0.000954,0.001126,0.0,-0.0,-0.0,-1.405372,0.031923,0.025154,-0.015904,-0.504567,-0.50297,0.701735,0.749082,0.149102,0.64548,-0.429287,0.851345,0.301533,4.7e-05,0.000559,0.000662,0.000158,0.000167,3.3e-05,-0.994238,0.06035,0.027405,-0.058316,0.071844,-0.188322,-0.979475,0.431969,0.891014,-0.139629,0.899021,-0.413072,0.145364,-0.000534,-0.002604,-0.00289,-0.000849,0.014111,-0.025085,0.466992
231,0.124181,-0.030485,0.319169,-0.055569,0.199444,-0.978355,-0.437784,-0.88548,-0.1557,-0.897305,0.419404,0.137736,-0.001008,-0.004896,-0.005449,0.049768,-0.137644,0.20231,0.471131,-0.19238,-0.036679,0.307998,0.495297,0.50799,0.704712,-0.750422,-0.158274,0.641678,0.436875,-0.847266,0.301901,6.8e-05,0.0008,0.000945,0.0,-0.0,-0.0,-1.40542,0.031936,0.02519,-0.015887,-0.504686,-0.503115,0.701544,0.749006,0.148899,0.645614,-0.429278,0.851294,0.301689,3.9e-05,0.000463,0.000546,0.000115,8.2e-05,9.4e-05,-0.994727,0.060328,0.027303,-0.058437,0.06126,-0.191924,-0.979495,0.430249,0.890563,-0.14759,0.900629,-0.412386,0.137131,-0.000596,-0.002919,-0.003246,0.17624,-0.409983,0.760866,0.456378
232,0.124127,-0.030639,0.318996,-0.040893,0.209737,-0.976925,-0.435417,-0.883716,-0.171554,-0.899262,0.418089,0.128676,-0.015469,-0.000509,-0.001068,-0.000984,0.014711,-0.029555,0.45849,-0.192388,-0.036606,0.308053,0.495391,0.508116,0.704555,-0.750356,-0.158121,0.641793,0.436882,-0.847219,0.302023,0.000113,0.001337,0.001577,0.0,-0.0,-0.0,-1.405365,0.031932,0.025226,-0.01586,-0.504784,-0.503238,0.701386,0.748939,0.148742,0.645729,-0.429281,0.851249,0.301812,5.7e-05,0.000684,0.000806,7.3e-05,7.5e-05,2.1e-05,-0.994891,0.060306,0.02722,-0.05853,0.046656,-0.202773,-0.978113,0.427958,0.888822,-0.163848,0.902592,-0.410947,0.128247,-0.00029,-0.001416,-0.001579,-0.002252,0.006126,-0.00901,0.442335
233,0.124083,-0.030682,0.318947,-0.036889,0.213207,-0.976333,-0.429344,-0.885567,-0.177218,-0.902354,0.412376,0.125421,-0.000101,-0.00049,-0.000547,0.0,-0.0,-0.0,0.436354,-0.192361,-0.036561,0.308105,0.497395,0.506671,0.704183,-0.748902,-0.158714,0.643343,0.437097,-0.847971,0.299591,6.3e-05,0.000749,0.000883,-0.00291,0.003766,0.002371,-1.405522,0.031945,0.025249,-0.015833,-0.50691,-0.501655,0.700987,0.747366,0.149433,0.647389,-0.429517,0.852062,0.299171,0.007687,0.000513,7.2e-05,0.015867,-0.024853,0.022644,-0.995054,0.060278,0.027199,-0.058554,0.042776,-0.206226,-0.977568,0.421888,0.890674,-0.169434,0.905637,-0.405177,0.125104,-3.9e-05,-0.000187,-0.000209,-0.000611,0.001059,-0.001934,0.417188
234,0.124018,-0.030655,0.318959,-0.034843,0.214653,-0.976092,-0.428887,-0.885341,-0.179441,-0.902655,0.412109,0.124124,0.000197,0.000953,0.001063,0.0,-0.0,0.0,0.429749,-0.192325,-0.036538,0.308129,0.497403,0.506676,0.704175,-0.748897,-0.158708,0.64335,0.437097,-0.84797,0.299593,6.7e-05,0.000791,0.000933,-5e-05,6.5e-05,4.1e-05,-1.405391,0.031963,0.02526,-0.015821,-0.50681,-0.501746,0.700994,0.747462,0.149342,0.647299,-0.429468,0.852025,0.299348,3.8e-05,0.000457,0.000539,0.002818,-0.00245,-0.001634,-0.994727,0.060245,0.027211,-0.058549,0.040738,-0.207695,-0.977345,0.421443,0.890458,-0.171664,0.905939,-0.404902,0.123807,0.000149,0.00072,0.000804,-0.000693,0.001344,-0.002464,0.404288
235,0.123722,-0.030598,0.319045,-0.036373,0.213554,-0.976277,-0.428918,-0.885656,-0.177806,-0.902578,0.412005,0.125025,-0.014876,0.002365,0.00213,-0.000984,0.014715,-0.029553,0.432262,-0.192193,-0.03649,0.308194,0.497551,0.506848,0.703946,-0.748752,-0.158568,0.643554,0.437176,-0.847893,0.299695,0.015405,0.001424,0.00061,0.002045,-0.015205,0.029245,-1.404939,0.032023,0.025283,-0.01579,-0.506925,-0.501922,0.700785,0.747343,0.149204,0.647468,-0.429539,0.851945,0.299473,7.3e-05,0.00088,0.001035,1e-06,-9.5e-05,-4.4e-05,-0.994401,0.060104,0.027243,-0.058503,0.042259,-0.206582,-0.977515,0.421473,0.890758,-0.170026,0.905855,-0.404812,0.124711,9.5e-05,0.000468,0.000525,-0.00464,0.097584,-0.17329,0.392858
236,0.123274,-0.030529,0.319091,-0.036374,0.209952,-0.977058,-0.428686,-0.886412,-0.174569,-0.902688,0.412235,0.123461,-0.015024,0.001651,0.001325,0.000377,-0.008765,-0.042817,0.443272,-0.191992,-0.036488,0.308278,0.497792,0.507123,0.703577,-0.748467,-0.158441,0.643916,0.437389,-0.847753,0.299782,0.000715,-0.009607,0.010007,-0.036393,0.011575,-0.017689,-1.405584,0.032129,0.025288,-0.015752,-0.507183,-0.502219,0.700386,0.74705,0.149039,0.647845,-0.429745,0.8518,0.299592,0.007716,0.000892,0.000511,0.00376,-0.029561,0.054161,-0.994401,0.05988,0.027279,-0.058478,0.041908,-0.202782,-0.978326,0.421191,0.891512,-0.166745,0.906002,-0.405074,0.122772,-0.007518,0.000803,0.000645,-0.002169,0.012356,-0.030568,0.402166
237,0.123045,-0.030522,0.319092,-0.03706,0.209443,-0.977141,-0.428679,-0.886562,-0.173824,-0.902663,0.412173,0.123855,-0.015196,0.000836,0.000412,-0.000961,0.014311,-0.029781,0.445882,-0.191873,-0.036484,0.308323,0.497934,0.507287,0.703358,-0.748304,-0.158353,0.644126,0.437504,-0.847671,0.299843,0.000107,0.001297,0.001527,-0.0,0.0,0.0,-1.405319,0.032189,0.025287,-0.015725,-0.507319,-0.502371,0.700178,0.746881,0.148984,0.648053,-0.429878,0.851719,0.299629,0.008009,-0.004674,0.004614,-0.034368,-0.003672,0.011554,-0.993911,0.059766,0.027284,-0.058477,0.042863,-0.202392,-0.978365,0.421209,0.891642,-0.165999,0.90595,-0.404981,0.123468,-0.000115,-0.000549,-0.000603,-0.000774,0.007287,0.004187,0.406575
238,0.122559,-0.030509,0.319044,-0.034986,0.203733,-0.978424,-0.428231,-0.887603,-0.169563,-0.902961,0.412801,0.119515,-0.015522,-0.000687,-0.001297,-0.004813,0.102198,-0.241601,0.447981,-0.19169,-0.036388,0.30847,0.490249,0.515033,0.703128,-0.747462,-0.166264,0.64311,0.447506,-0.841468,0.302545,0.000326,0.003962,0.004658,0.025703,-0.066023,-0.006226,-1.405155,0.03228,0.025328,-0.015659,-0.499674,-0.510357,0.699901,0.74622,0.156687,0.646996,-0.439864,0.845567,0.302547,0.000165,0.002009,0.002363,-0.07354,-0.15851,-0.050146,-0.991951,0.059529,0.027292,-0.058499,0.04036,-0.196499,-0.979672,0.420703,0.892668,-0.161715,0.906299,-0.405625,0.118696,-0.000187,-0.000882,-0.000977,-0.002133,0.00781,0.004803,0.41278
239,0.122109,-0.030504,0.318895,-0.030043,0.200025,-0.979353,-0.42726,-0.888297,-0.168375,-0.903605,0.413126,0.113368,-0.015775,-0.001838,-0.002594,-0.000388,0.003633,-0.035816,0.445998,-0.191651,-0.036203,0.308702,0.489609,0.518231,0.701221,-0.74765,-0.164082,0.643453,0.447894,-0.839934,0.30621,0.000517,0.006312,0.007406,0.016587,-0.033531,0.013068,-1.405123,0.032299,0.02542,-0.015544,-0.498915,-0.513603,0.698064,0.746452,0.154585,0.647234,-0.440332,0.843987,0.306256,0.000256,0.003153,0.003699,-0.006748,-0.012641,0.019759,-0.993748,0.059304,0.027291,-0.058569,0.035525,-0.192777,-0.980598,0.419756,0.893348,-0.160418,0.90694,-0.405913,0.112655,-0.000395,-0.001864,-0.002074,-0.003359,0.025379,0.011976,0.413596
240,0.121738,-0.030578,0.318568,-0.015899,0.200774,-0.979532,-0.413814,-0.893093,-0.176395,-0.910215,0.402285,0.0985,-0.001588,-0.007425,-0.008318,0.054438,-0.336933,0.057937,0.436731,-0.191719,-0.03597,0.309061,0.480802,0.528696,0.699501,-0.747203,-0.170187,0.642385,0.458063,-0.832168,0.31231,0.000617,0.007534,0.008811,0.124282,-0.17417,-0.075529,-1.405144,0.032266,0.025538,-0.015363,-0.49069,-0.523748,0.696355,0.745748,0.160893,0.646508,-0.450646,0.836541,0.311636,0.000312,0.003847,0.004505,0.186847,-0.240354,-0.119786,-0.99783,0.059108,0.027263,-0.058731,0.02206,-0.194287,-0.980696,0.406304,0.898016,-0.168768,0.913471,-0.394738,0.09875,-0.008115,0.002413,-0.007924,0.210646,-0.760804,0.550013,0.405105
241,0.121594,-0.030646,0.318332,-0.005201,0.205756,-0.978613,-0.406403,-0.894551,-0.185976,-0.913685,0.396482,0.08949,-0.001858,-0.008663,-0.009722,0.006181,-0.12549,0.12504,0.431834,-0.191785,-0.035855,0.309265,0.48218,0.530531,0.697159,-0.745881,-0.16859,0.644339,0.458764,-0.831328,0.313518,0.001245,-0.003141,0.017545,-0.0311,-0.019405,0.030734,-1.405163,0.032233,0.025601,-0.015263,-0.491646,-0.52594,0.694024,0.744663,0.159212,0.648172,-0.451397,0.835485,0.313373,0.000265,0.003292,0.003844,-0.013347,0.013234,0.002781,-0.997993,0.059036,0.027229,-0.058849,0.010661,-0.1986,-0.980021,0.398815,0.899596,-0.177964,0.916968,-0.388951,0.088795,-0.00076,0.000826,-0.009436,0.027506,0.009403,-0.02197,0.400533
242,0.121361,-0.030821,0.317756,-0.002966,0.201757,-0.979455,-0.394912,-0.900037,-0.184256,-0.918723,0.385996,0.083564,-0.017326,-0.008848,-0.010542,0.003494,-0.060281,-0.138304,0.419727,-0.191896,-0.035654,0.309652,0.480545,0.532468,0.696811,-0.746864,-0.167756,0.643418,0.458884,-0.830259,0.316163,0.00057,0.006935,0.008073,0.004668,-0.018072,0.022586,-1.405155,0.032178,0.025699,-0.015063,-0.490009,-0.527876,0.693713,0.745658,0.158393,0.647229,-0.451536,0.834421,0.316001,0.000271,0.003384,0.00394,-0.011613,-0.004042,0.031755,-0.988196,0.058926,0.02714,-0.05913,0.008638,-0.194944,-0.980775,0.387314,0.904904,-0.176452,0.921906,-0.378345,0.083321,-0.001099,-0.005143,-0.005786,0.005936,-0.123856,-0.10339,0.386
243,0.121026,-0.030909,0.317209,-0.004724,0.200279,-0.979751,-0.394286,-0.900715,-0.182275,-0.918982,0.385186,0.084441,-0.016796,-0.006284,-0.007693,-0.006041,0.126869,-0.227667,0.417595,-0.191931,-0.03554,0.309979,0.480752,0.532735,0.696464,-0.746529,-0.167768,0.643804,0.459211,-0.830086,0.316143,0.001038,-0.005655,0.014576,-0.034648,-0.002746,0.007256,-1.405521,0.03216,0.02576,-0.014903,-0.490351,-0.528029,0.693354,0.745224,0.15846,0.647711,-0.45188,0.83431,0.3158,0.00017,0.002127,0.002472,8e-05,0.000714,0.000403,-0.987053,0.058756,0.027089,-0.059419,0.010365,-0.193635,-0.981018,0.386714,0.905511,-0.174645,0.92214,-0.377563,0.084267,-0.000623,0.001462,-0.008757,0.034142,0.001235,-0.006506,0.376366
244,0.120812,-0.030865,0.316955,-0.003829,0.19719,-0.980381,-0.393723,-0.901451,-0.179831,-0.919229,0.38506,0.082309,-0.000826,0.00496,-0.015236,0.034971,-0.008755,-0.012233,0.419785,-0.191911,-0.035493,0.310097,0.478922,0.534395,0.696454,-0.747756,-0.167069,0.642559,0.459128,-0.829161,0.31868,0.000308,0.003749,0.004349,0.006594,-0.008472,-0.005324,-1.405296,0.03217,0.025786,-0.014834,-0.488401,-0.52984,0.693349,0.746568,0.157648,0.64636,-0.451774,0.833315,0.318567,0.000145,0.001813,0.002104,-0.013983,0.008933,0.00609,-0.987379,0.058648,0.027102,-0.059541,0.009436,-0.190242,-0.981691,0.386163,0.906268,-0.171915,0.922381,-0.377471,0.082016,-0.007986,0.00312,-0.007178,0.026395,0.1271,-0.201286,0.375549
245,0.12033,-0.030628,0.316565,-0.003565,0.193484,-0.98112,-0.392659,-0.902551,-0.176617,-0.919685,0.38437,0.080411,-0.015182,0.009944,-0.01019,0.036445,-0.045691,-0.038057,0.425586,-0.19181,-0.0354,0.310229,0.479109,0.534626,0.696147,-0.747564,-0.16689,0.642829,0.459246,-0.829048,0.318805,0.00013,0.001593,0.001846,1e-06,-2e-06,-1e-06,-1.405409,0.032215,0.025832,-0.014768,-0.488734,-0.529935,0.693042,0.746245,0.157583,0.646749,-0.451947,0.833268,0.318446,8.2e-05,0.001035,0.001197,-0.000193,0.000775,0.00045,-0.9864,0.058413,0.027221,-0.059744,0.009096,-0.18654,-0.982404,0.385042,0.907345,-0.168722,0.922853,-0.376733,0.080078,-0.007511,0.005307,-0.004706,0.034128,-0.039069,-0.033913,0.378652
246,0.11983,-0.030272,0.316323,-0.003386,0.189708,-0.981858,-0.391627,-0.903641,-0.173299,-0.920126,0.383694,0.078575,-0.014594,0.012579,-0.007207,0.03333,0.024496,-0.227014,0.430258,-0.191725,-0.035337,0.310297,0.476049,0.537595,0.69596,-0.746461,-0.171177,0.642984,0.464193,-0.82625,0.318902,0.000149,0.001825,0.002113,-0.0,-0.0,-0.0,-1.405559,0.032263,0.025861,-0.014737,-0.485725,-0.532949,0.692845,0.745173,0.161873,0.646926,-0.456931,0.830518,0.318514,7.4e-05,0.000908,0.001051,0.00055,0.000215,1.3e-05,-0.986726,0.058157,0.027398,-0.059865,0.008846,-0.182876,-0.983095,0.383993,0.908378,-0.165521,0.923292,-0.376038,0.078258,-0.007263,0.006427,-0.003441,0.036151,-0.071542,-0.052616,0.384857
247,0.119393,-0.029912,0.316134,-0.000552,0.184281,-0.982897,-0.390543,-0.904834,-0.16948,-0.920596,0.383535,0.073691,-0.014567,0.012652,-0.007131,0.038876,-0.103083,-0.071003,0.428725,-0.19173,-0.035262,0.310384,0.477384,0.539388,0.693654,-0.745224,-0.169516,0.644857,0.464808,-0.825426,0.32014,0.000203,0.002496,0.002888,0.002151,-0.017632,0.030772,-1.405227,0.03226,0.025896,-0.014697,-0.487096,-0.534743,0.690497,0.743893,0.160186,0.648816,-0.457558,0.829692,0.319766,6.3e-05,0.000785,0.000907,0.013328,-0.106763,0.186765,-0.985746,0.057933,0.027586,-0.059958,0.00605,-0.177321,-0.984133,0.382862,0.909573,-0.161533,0.923785,-0.37581,0.073392,-0.007271,0.006364,-0.003516,0.036293,-0.083406,-0.059402,0.38698
248,0.119173,-0.029736,0.316027,0.001026,0.181681,-0.98338,-0.389991,-0.905397,-0.167735,-0.920832,0.38345,0.071148,-0.014696,0.01205,-0.007818,0.035319,-0.025598,-0.026682,0.426283,-0.19175,-0.035228,0.310425,0.478641,0.541078,0.691469,-0.744051,-0.167942,0.646621,0.465391,-0.824643,0.321308,0.000139,0.001701,0.001968,0.167076,-1.371256,2.392802,-1.405292,0.03225,0.025914,-0.014675,-0.487115,-0.534765,0.690466,0.743878,0.16016,0.64884,-0.457562,0.829683,0.319784,9.2e-05,0.001144,0.001325,0.001885,-0.013547,0.024079,-0.981991,0.057835,0.027667,-0.060004,0.004308,-0.17458,-0.984632,0.382349,0.910113,-0.159695,0.924007,-0.375786,0.070672,-0.007621,0.000426,0.000181,-0.004799,0.025942,-0.02258,0.386
249,0.118839,-0.029488,0.315841,0.002506,0.178941,-0.98388,-0.389209,-0.906083,-0.165837,-0.921162,0.383122,0.068598,-0.000116,-0.000518,-0.000588,0.000108,-0.00241,-0.001383,0.38827,-0.191826,-0.035176,0.310491,0.478645,0.541094,0.691454,-0.744044,-0.167933,0.646631,0.465399,-0.824634,0.32132,3.2e-05,0.000394,0.000456,0.0,-0.0,-0.0,-1.405191,0.032218,0.025943,-0.014639,-0.488364,-0.536413,0.688303,0.742698,0.158613,0.650569,-0.458147,0.828916,0.320932,1.7e-05,0.00021,0.000246,0.000136,0.000265,-0.000134,-0.985583,0.057656,0.027796,-0.0601,0.003013,-0.172068,-0.985079,0.38157,0.91075,-0.157918,0.924334,-0.375401,0.068401,-0.007601,0.000516,0.000275,-0.002899,0.030274,-0.020455,0.368038
250,0.118835,-0.029423,0.315836,0.004426,0.176694,-0.984279,-0.388985,-0.906419,-0.16452,-0.921251,0.383373,0.065943,0.000215,0.000959,0.001089,5.6e-05,-0.001256,-0.000721,0.268694,-0.191909,-0.035189,0.310451,0.478535,0.540961,0.691634,-0.744167,-0.168022,0.646466,0.465315,-0.824703,0.321263,-0.000136,-0.001666,-0.001927,0.0,-0.0,-0.0,-1.404805,0.032171,0.025939,-0.014656,-0.488245,-0.536264,0.688503,0.742834,0.15871,0.65039,-0.458053,0.828994,0.320866,-0.007692,-0.001048,-0.000678,-0.003676,0.029606,-0.054159,-0.989665,0.057654,0.02783,-0.060108,0.001104,-0.169901,-0.985459,0.381321,0.911073,-0.156649,0.924441,-0.375604,0.065793,0.000123,0.000542,0.000616,-0.001205,0.010909,0.006355,0.248673
251,0.118939,-0.029442,0.315865,0.006923,0.178611,-0.983918,-0.388657,-0.906057,-0.167266,-0.921377,0.383338,0.06437,0.015196,-0.001076,-0.000593,0.000985,-0.014733,0.029543,0.200501,-0.191959,-0.035212,0.310395,0.47844,0.540844,0.691791,-0.744277,-0.168094,0.646321,0.465237,-0.824765,0.321217,-0.000178,-0.002168,-0.002508,0.0,-0.0,-0.0,-1.404898,0.032146,0.025925,-0.014686,-0.488151,-0.536147,0.688661,0.742947,0.158778,0.650245,-0.457971,0.829057,0.320821,-9.7e-05,-0.001194,-0.00138,8.2e-05,9e-05,4.5e-05,-0.990319,0.057707,0.027822,-0.060091,-0.001336,-0.171954,-0.985103,0.381011,0.910711,-0.159485,0.924569,-0.375548,0.064299,0.007603,-0.000519,-0.000276,0.000418,-0.011083,0.027224,0.162455
