frame,MLTx,MLTy,MLTz,MLTR1,MLTR2,MLTR3,MLTR4,MLTR5,MLTR6,MLTR7,MLTR8,MLTR9,MLTTVx,MLTTVy,MLTTVz,MLTRVx,MLTRVy,MLTRVz,MLGA,MRTx,MRTy,MRTz,MRTR1,MRTR2,MRTR3,MRTR4,MRTR5,MRTR6,MRTR7,MRTR8,MRTR9,MRTTVx,MRTTVy,MRTTVz,MRTRVx,MRTRVy,MRTRVz,MRGA,SLTx,SLTy,SLTz,SLTR1,SLTR2,SLTR3,SLTR4,SLTR5,SLTR6,SLTR7,SLTR8,SLTR9,SLTTVx,SLTTVy,SLTTVz,SLTRVx,SLTRVy,SLTRVz,SLGA,SRTx,SRTy,SRTz,SRTR1,SRTR2,SRTR3,SRTR4,SRTR5,SRTR6,SRTR7,SRTR8,SRTR9,SRTTVx,SRTTVy,SRTTVz,SRTRVx,SRTRVy,SRTRVz,SRGA
937,0.095485,-0.004599,0.316728,-0.141631,0.323325,-0.935654,-0.464117,-0.8565,-0.225776,-0.874217,0.401869,0.272531,0.000325,0.001086,0.00114,0.002587,-0.093087,-0.060826,0.407117,-0.219406,0.004578,0.306422,-0.648849,0.74363,0.16125,-0.429947,-0.533003,0.728689,0.628631,0.402535,0.665321,-0.012923,-0.00395,0.015887,-0.439288,0.364743,0.24575,-1.402662,0.018979,0.046837,-0.021241,0.619883,-0.760165,0.19466,0.481375,0.564294,0.670707,-0.619694,-0.322056,0.715721,0.000587,-0.002376,0.007244,-0.027091,0.121714,-0.181534,-0.968274,0.045972,0.037991,-0.060614,0.317389,-0.335383,-0.887006,0.346927,0.911593,-0.220542,0.882556,-0.237728,0.405683,0.000256,0.000845,0.000888,0.002913,0.03463,-0.215149,0.327705
938,0.095495,-0.004534,0.316811,-0.145662,0.314961,-0.937885,-0.453801,-0.863605,-0.219594,-0.878951,0.39323,0.269891,0.000621,0.00208,0.002182,0.017247,-0.50715,-0.319258,0.431667,-0.219533,0.004697,0.306911,-0.642744,0.748464,0.163314,-0.431201,-0.52953,0.730477,0.634017,0.398138,0.662851,-0.012572,0.010466,0.011176,-0.027313,0.111267,-0.133237,-1.402892,0.018915,0.046888,-0.020998,0.611983,-0.765802,0.197544,0.482029,0.559199,0.674494,-0.626996,-0.317557,0.71136,0.000725,-0.001484,0.008134,-0.024546,0.006559,0.018025,-0.969417,0.045977,0.038026,-0.060571,0.322088,-0.328765,-0.88779,0.335429,0.916559,-0.217726,0.885294,-0.227664,0.405491,0.000408,0.001363,0.001433,-0.00176,0.124072,-0.157813,0.364609
939,0.095387,-0.004471,0.316944,-0.157999,0.304875,-0.939219,-0.433821,-0.875837,-0.211378,-0.886857,0.373671,0.271811,-0.013609,0.004734,0.004079,5.203256,0.669755,-1.828004,0.46139,-0.219598,0.004857,0.307468,-0.634887,0.754622,0.165697,-0.431891,-0.524338,0.733808,0.641419,0.393363,0.658566,0.001729,0.010931,0.011008,-0.149027,0.100869,0.148691,-1.402833,0.018879,0.046973,-0.020714,0.604425,-0.770967,0.200694,0.482493,0.554721,0.677852,-0.633931,-0.312878,0.707274,0.000863,0.005516,0.005558,-0.175194,0.108768,0.151166,-0.969091,0.045924,0.03806,-0.060502,0.3322,-0.316957,-0.888358,0.314405,0.925192,-0.212527,0.889264,-0.208703,0.407002,-0.006906,0.002312,0.001854,5.207518,0.660705,-1.814947,0.405921
940,0.095309,-0.004435,0.316991,-0.161644,0.299357,-0.940373,-0.42868,-0.879556,-0.206365,-0.888694,0.369384,0.271673,0.000432,0.001442,0.001511,0.002272,-0.037689,-0.25936,0.473315,-0.219586,0.004941,0.307754,-0.628673,0.759541,0.166908,-0.433736,-0.520472,0.73547,0.646274,0.389011,0.656402,0.001734,0.010971,0.011026,-0.286393,0.222356,0.24068,-1.402662,0.018884,0.047012,-0.020574,0.598822,-0.774899,0.202341,0.484553,0.551709,0.67884,-0.637666,-0.308459,0.705856,0.000837,-0.000749,0.008849,-0.551807,0.350129,0.25153,-0.97056,0.045886,0.038079,-0.060477,0.333891,-0.308967,-0.890536,0.306004,0.929115,-0.207621,0.891559,-0.203186,0.404768,0.00026,0.000868,0.000917,0.006076,-0.174536,-0.10479,0.42519
941,0.095118,-0.004261,0.3171,-0.173212,0.285384,-0.942655,-0.408276,-0.891769,-0.195015,-0.896076,0.350724,0.272153,0.001134,0.00378,0.003956,0.045965,-0.130008,-0.065444,0.497971,-0.2195,0.00508,0.308325,-0.619786,0.76466,0.176498,-0.431361,-0.519693,0.737414,0.656368,0.379934,0.651686,0.001507,0.009568,0.009576,-0.067509,0.045994,0.068343,-1.402508,0.018928,0.047086,-0.020284,0.588971,-0.779612,0.212876,0.481712,0.550169,0.682104,-0.648895,-0.299195,0.699582,0.007848,-0.001293,0.007982,-0.086336,0.04529,0.090575,-0.974643,0.045788,0.038161,-0.060427,0.343282,-0.293156,-0.892309,0.282485,0.938279,-0.199583,0.895745,-0.183551,0.404906,-0.006653,0.002853,0.002553,0.146857,-0.090088,-0.149274,0.459317
942,0.094882,-0.003897,0.317314,-0.197103,0.261423,-0.944909,-0.373022,-0.911276,-0.174364,-0.906417,0.317773,0.278308,0.003266,0.018829,-9.4e-05,0.237072,0.374513,-1.056499,0.516553,-0.219357,0.005148,0.308862,-0.61284,0.769018,0.181738,-0.431337,-0.518122,0.738533,0.662871,0.373236,0.648968,0.001317,-0.003865,0.015259,-0.034016,0.014258,-0.008257,-1.402579,0.019,0.047128,-0.020015,0.581891,-0.783339,0.218587,0.481934,0.548636,0.683181,-0.655088,-0.292193,0.696765,0.00058,0.003759,0.003747,0.016869,0.042156,-0.058468,-0.972193,0.045669,0.038334,-0.060323,0.362707,-0.266724,-0.892917,0.242647,0.952145,-0.185851,0.899758,-0.149254,0.41007,-0.005903,0.005251,0.005052,0.698589,1.389182,-2.830611,0.495894
943,0.094665,-0.003368,0.317711,-0.224304,0.236037,-0.945526,-0.353351,-0.923875,-0.146864,-0.907941,0.300861,0.29181,-0.010397,0.015255,0.014986,-0.26839,0.455727,-0.854102,0.516055,-0.219262,0.005139,0.30928,-0.607888,0.772161,0.185014,-0.432481,-0.517265,0.738465,0.666672,0.367908,0.648116,0.000877,0.005605,0.005575,0.001439,-0.016255,0.023751,-1.402322,0.019047,0.04712,-0.019802,0.577034,-0.785908,0.222213,0.48304,0.547797,0.683074,-0.658561,-0.286819,0.695723,0.000435,-0.003305,0.006255,-0.036551,0.0107,-0.015374,-0.967131,0.045565,0.038597,-0.060133,0.385123,-0.236651,-0.892007,0.217013,0.962681,-0.161706,0.896986,-0.1313,0.422107,0.001966,0.006421,0.006681,-0.881316,1.44086,-2.397219,0.507978
944,0.094567,-0.002917,0.318004,-0.240672,0.222426,-0.944801,-0.348184,-0.928365,-0.129918,-0.905724,0.297415,0.302053,-0.007814,0.031705,0.012321,-0.86629,1.544911,-2.496687,0.517498,-0.219238,0.005115,0.309428,-0.60785,0.772076,0.185491,-0.432024,-0.517434,0.738614,0.667002,0.36785,0.647809,0.000515,0.003294,0.003273,-0.009941,0.112133,-0.16395,-1.402389,0.01906,0.047111,-0.019725,0.577059,-0.785811,0.222493,0.482668,0.547901,0.683254,-0.658813,-0.286887,0.695457,0.000266,0.001741,0.001728,0.000909,-0.018151,0.022383,-0.966805,0.045513,0.038812,-0.05999,0.397676,-0.222126,-0.890231,0.209091,0.966663,-0.147793,0.893383,-0.127366,0.430863,-0.004447,0.010111,0.010053,0.000191,0.303877,-0.468275,0.508958
945,0.094322,-0.001796,0.318675,-0.265173,0.19856,-0.943558,-0.344217,-0.933559,-0.099774,-0.900355,0.298079,0.317077,-0.006882,0.034592,0.015133,0.029213,0.261176,-0.450148,0.521008,-0.219216,0.005044,0.309586,-0.607787,0.77181,0.186801,-0.431045,-0.518087,0.738728,0.667694,0.36749,0.647301,0.000112,0.000714,0.000709,-0.00995,0.112064,-0.163996,-1.402565,0.019071,0.047076,-0.019646,0.577115,-0.785405,0.223777,0.481685,0.548643,0.683352,-0.659481,-0.286583,0.694948,3.9e-05,0.000273,0.000269,-0.000388,-0.001093,-0.001129,-0.967784,0.045393,0.039377,-0.059649,0.419147,-0.192489,-0.887278,0.200292,0.972794,-0.116424,0.885549,-0.128916,0.446297,-0.003485,0.017185,0.007461,0.032053,0.387055,-0.599375,0.515653
946,0.094326,-0.000553,0.319373,-0.289884,0.17703,-0.940571,-0.331552,-0.940446,-0.074879,-0.897457,0.289917,0.332486,-0.005893,0.03771,0.018111,0.025582,0.482505,-0.783106,0.511847,-0.219225,0.005016,0.309616,-0.607748,0.771471,0.188321,-0.430144,-0.519008,0.738607,0.66831,0.366903,0.646998,-0.000193,-0.001238,-0.001229,-0.001442,0.016236,-0.023765,-1.402534,0.019066,0.047062,-0.019631,0.577193,-0.784881,0.22541,0.48072,0.549715,0.683169,-0.660118,-0.285962,0.6946,-0.00011,-0.000696,-0.000691,-0.001727,0.015512,-0.024536,-0.969581,0.045395,0.039999,-0.0593,0.439429,-0.167415,-0.882538,0.183607,0.978476,-0.094194,0.879312,-0.120648,0.460709,0.003676,0.012197,0.012428,-0.007201,0.379736,-0.599867,0.512224
947,0.09442,0.000154,0.319752,-0.300794,0.164004,-0.939506,-0.327419,-0.942968,-0.059838,-0.895369,0.289403,0.338507,0.008529,0.036188,0.017259,0.028461,0.353487,-0.588253,0.508035,-0.219227,0.005012,0.309598,-0.607731,0.771266,0.189218,-0.429668,-0.519589,0.738476,0.668633,0.366514,0.646885,-0.000195,-0.00125,-0.001241,-0.009951,0.112051,-0.164005,-1.402592,0.019065,0.047059,-0.019641,0.577228,-0.784643,0.226147,0.480332,0.550222,0.683034,-0.660369,-0.285641,0.694493,-0.000122,-0.00078,-0.000774,-0.001672,0.015625,-0.024394,-0.970724,0.045433,0.040341,-0.059115,0.447465,-0.152819,-0.881146,0.177277,0.980896,-0.080093,0.876553,-0.120368,0.466008,0.00386,0.012835,0.013008,3.4e-05,0.391355,-0.586092,0.505529
948,0.094627,0.001281,0.320448,-0.322705,0.145165,-0.935325,-0.320877,-0.946413,-0.036234,-0.890068,0.288245,0.353158,0.006507,0.02165,0.021728,-0.00393,0.273266,-0.430865,0.507867,-0.219235,0.004971,0.309543,-0.607702,0.770964,0.190532,-0.428963,-0.520433,0.738291,0.669112,0.365951,0.646709,-0.000265,-0.001695,-0.001684,-0.0,0.0,0.0,-1.40245,0.019061,0.047037,-0.01967,0.577288,-0.784184,0.227577,0.479568,0.551193,0.682788,-0.660871,-0.285027,0.694268,-0.000157,-0.001007,-0.001,-0.001586,0.015807,-0.024173,-0.971703,0.045543,0.040931,-0.058754,0.465843,-0.130113,-0.875248,0.166901,0.984295,-0.057492,0.868983,-0.119298,0.480244,0.003133,0.010455,0.010493,-0.00602,0.379689,-0.596915,0.49965
949,0.094979,0.002062,0.32112,-0.335099,0.134406,-0.932571,-0.316178,-0.948403,-0.023133,-0.887152,0.286934,0.361467,0.005391,0.018017,0.017942,-0.002616,0.18224,-0.287204,0.503471,-0.219237,0.004959,0.30953,-0.607684,0.770788,0.1913,-0.428541,-0.520921,0.738192,0.669399,0.365629,0.646594,-1e-06,-5e-06,-5e-06,-0.0,0.0,0.0,-1.40268,0.019059,0.047027,-0.01968,0.577323,-0.78394,0.22833,0.479155,0.551702,0.682667,-0.661141,-0.284714,0.694139,3e-06,2.9e-05,2.9e-05,-8.5e-05,-0.000283,-0.000272,-0.9735,0.045721,0.041325,-0.058414,0.47593,-0.117252,-0.871631,0.160207,0.986049,-0.045167,0.864767,-0.118145,0.488075,0.009716,0.007813,0.008162,-0.002643,0.167486,-0.257175,0.496548
950,0.0954,0.002654,0.321734,-0.342128,0.128341,-0.930872,-0.313569,-0.949421,-0.015708,-0.885386,0.286353,0.366227,0.004469,0.015014,0.01485,-0.001095,0.075678,-0.119269,0.50205,-0.219236,0.004957,0.309542,-0.607661,0.770591,0.192166,-0.428049,-0.521459,0.738098,0.669735,0.365279,0.646444,2e-06,1.5e-05,1.5e-05,-0.0,0.0,0.0,-1.402348,0.01906,0.047027,-0.019673,0.577349,-0.783673,0.229179,0.478679,0.55226,0.682549,-0.661462,-0.284366,0.693976,1e-06,1.1e-05,1.1e-05,-9e-05,-0.000186,-0.000207,-0.974316,0.045933,0.041629,-0.058099,0.481746,-0.109846,-0.869398,0.156418,0.986958,-0.038025,0.862237,-0.117671,0.492645,0.002168,0.007319,0.007234,-0.001801,0.075638,-0.118922,0.490996
951,0.095597,0.002871,0.321955,-0.34461,0.1262,-0.930249,-0.312624,-0.949772,-0.013094,-0.884754,0.286143,0.367914,0.003335,0.011234,0.011083,-0.001324,0.091119,-0.143602,0.50266,-0.219225,0.004947,0.309547,-0.607642,0.770463,0.19274,-0.427719,-0.52181,0.738041,0.669963,0.365049,0.646338,0.0,0.0,0.0,-0.0,0.0,0.0,-1.40261,0.019065,0.047022,-0.019671,0.577362,-0.783499,0.229742,0.478361,0.552625,0.682477,-0.661682,-0.284137,0.69386,-1e-06,1e-06,2e-06,-6.3e-05,-0.000164,-0.000162,-0.974806,0.046032,0.041737,-0.057989,0.483668,-0.107398,-0.868636,0.155147,0.987246,-0.035675,0.86139,-0.117512,0.494162,0.008672,0.004436,0.004742,-0.000934,0.076386,-0.113751,0.490833
952,0.095993,0.00331,0.32223,-0.349115,0.118642,-0.929563,-0.310497,-0.950548,-0.004764,-0.883731,0.28681,0.369847,0.00346,0.019576,0.000185,0.032374,0.066468,-0.131995,0.49883,-0.219152,0.004943,0.309539,-0.607608,0.770313,0.193445,-0.427341,-0.522248,0.73795,0.670235,0.36474,0.64623,0.014054,-0.000792,-0.001394,0.002045,-0.015205,0.029245,-1.402493,0.019097,0.04702,-0.019674,0.577371,-0.783282,0.230458,0.477982,0.553095,0.682363,-0.661948,-0.283822,0.693735,-0.0,-1e-06,0.0,-0.009947,0.111909,-0.164069,-0.975132,0.046223,0.041949,-0.057853,0.486551,-0.099076,-0.868015,0.151869,0.988013,-0.027644,0.86035,-0.118375,0.495766,0.001176,0.004004,0.003928,0.004616,0.105574,-0.134158,0.489526
953,0.096082,0.003672,0.322258,-0.355218,0.113227,-0.927925,-0.308354,-0.951255,0.00191,-0.882041,0.286661,0.373974,0.000668,0.002264,0.00222,-0.0,-2e-06,-1e-06,0.499331,-0.219065,0.004951,0.309543,-0.607569,0.770146,0.194231,-0.426921,-0.522735,0.737849,0.670538,0.364396,0.646109,2e-05,0.000131,0.00013,-0.0,0.0,0.0,-1.402594,0.019145,0.047024,-0.019672,0.577369,-0.783063,0.231206,0.477593,0.553578,0.682243,-0.66223,-0.283483,0.693604,0.007038,-0.000323,-0.000625,0.002008,-0.015268,0.029172,-0.975622,0.046275,0.042142,-0.057834,0.491717,-0.092642,-0.865812,0.148663,0.988657,-0.021357,0.85797,-0.118213,0.499911,0.000812,0.006692,-0.002953,0.033001,0.088274,-0.151222,0.487077
954,0.09605,0.003839,0.322204,-0.357476,0.107515,-0.927737,-0.306958,-0.951676,0.007931,-0.881613,0.287472,0.37436,0.000357,0.00121,0.001187,-0.05039,-0.251985,-0.395605,0.499506,-0.219042,0.004953,0.309559,-0.607549,0.770034,0.194738,-0.426628,-0.523043,0.7378,0.670743,0.364192,0.646012,4.9e-05,0.000314,0.000312,0.0,0.0,0.0,-1.40234,0.019157,0.047025,-0.019665,0.577371,-0.782956,0.231562,0.477388,0.553802,0.682204,-0.662376,-0.28334,0.693523,3.4e-05,0.000225,0.000223,-1.5e-05,-5.9e-05,-5.7e-05,-0.976112,0.046258,0.042222,-0.057863,0.494153,-0.087977,-0.864911,0.146828,0.98902,-0.016714,0.856885,-0.118734,0.501645,-0.00633,0.007354,-0.00266,-0.084103,-0.531771,-0.564641,0.487077
955,0.095874,0.004164,0.322,-0.354854,0.098333,-0.929761,-0.304264,-0.95245,0.015336,-0.883606,0.288207,0.369058,-0.000152,-0.000513,-0.000503,-0.066983,-0.476109,-0.30293,0.501009,-0.219015,0.004963,0.309611,-0.607526,0.769937,0.195193,-0.426331,-0.523296,0.737792,0.670953,0.364034,0.645883,0.000264,0.001698,0.001686,0.001444,-0.016233,0.023766,-1.401979,0.01917,0.047027,-0.019641,0.577374,-0.782773,0.232172,0.477015,0.554177,0.68216,-0.662642,-0.283113,0.693363,4e-05,0.000265,0.000263,-2.3e-05,-4.6e-05,-2.8e-05,-0.975786,0.046169,0.042382,-0.057968,0.490334,-0.079286,-0.86792,0.14307,0.989665,-0.00958,0.85971,-0.119477,0.49661,-0.0066,0.006416,-0.003578,-0.102899,-0.76743,-0.483342,0.48822
956,0.095665,0.004522,0.32174,-0.349112,0.084336,-0.933303,-0.300859,-0.95329,0.026341,-0.887058,0.289878,0.359341,0.000891,0.010852,-0.008374,-0.014946,-0.240849,-0.362194,0.50034,-0.219019,0.004973,0.309678,-0.607502,0.769787,0.195859,-0.425898,-0.523676,0.737773,0.67125,0.363805,0.645703,0.000151,0.000971,0.000964,0.0,0.0,0.0,-1.402319,0.019169,0.047035,-0.019605,0.577383,-0.782579,0.232804,0.476609,0.554563,0.682131,-0.662926,-0.282894,0.69318,0.000148,-0.005186,0.004385,-0.036007,0.015045,-0.015743,-0.975949,0.046063,0.042553,-0.058099,0.481824,-0.065718,-0.873799,0.137983,0.990433,0.001596,0.865335,-0.121339,0.486282,-0.006539,0.006606,-0.00339,-0.034924,-0.324458,-0.451982,0.48871
957,0.095384,0.004981,0.321461,-0.345523,0.066582,-0.93607,-0.291009,-0.955896,0.039369,-0.891739,0.285919,0.350827,-0.01294,0.013678,-0.006328,0.006844,-0.060922,-0.286669,0.500611,-0.218992,0.004959,0.309735,-0.607465,0.769612,0.196657,-0.425379,-0.524125,0.737753,0.671612,0.363528,0.645482,0.000194,-0.01105,0.008099,-0.036011,0.015075,-0.015731,-1.402202,0.019182,0.047033,-0.019579,0.577385,-0.782348,0.233572,0.476136,0.555033,0.682079,-0.663263,-0.28261,0.692973,4.3e-05,0.000284,0.00028,-3.4e-05,-6e-06,-2.5e-05,-0.976439,0.045928,0.042781,-0.05824,0.475306,-0.048421,-0.878486,0.125976,0.991941,0.013486,0.870754,-0.117079,0.477575,-0.006459,0.006857,-0.003143,0.017567,-0.040922,-0.278159,0.48871
958,0.095241,0.005272,0.321296,-0.343077,0.057134,-0.937592,-0.288521,-0.956293,0.047244,-0.893492,0.286647,0.345735,-0.012916,0.01373,-0.006276,-0.019124,-0.219407,-0.388382,0.50277,-0.218992,0.004933,0.309752,-0.607449,0.769538,0.196995,-0.425144,-0.524306,0.73776,0.671776,0.363423,0.645371,1e-06,6e-06,6e-06,0.0,0.0,0.0,-1.402442,0.019182,0.047016,-0.019567,0.577384,-0.782246,0.23392,0.475885,0.555227,0.682096,-0.663445,-0.282512,0.692838,-4e-06,-3e-05,-2.9e-05,-1.6e-05,-9e-06,-2.7e-05,-0.976439,0.045856,0.042927,-0.058323,0.472187,-0.040139,-0.880583,0.122535,0.992252,0.020476,0.872939,-0.117571,0.473447,0.001028,0.011267,-0.007954,-0.006098,-0.354695,-0.405593,0.489363
959,0.095066,0.005973,0.320901,-0.341663,0.042595,-0.938881,-0.283701,-0.957034,0.059765,-0.895576,0.286722,0.340238,0.002409,0.023716,-0.014744,0.041677,-0.083453,-0.235347,0.503832,-0.21896,0.004905,0.309766,-0.60742,0.769418,0.197553,-0.424792,-0.524623,0.737737,0.672025,0.363221,0.645226,0.0,0.0,0.0,0.0,0.0,0.0,-1.402174,0.019198,0.047002,-0.019561,0.577381,-0.782084,0.234468,0.475547,0.555559,0.682061,-0.66369,-0.282309,0.692687,-3e-06,-1.1e-05,-1e-05,-1.8e-05,-2.4e-05,-8e-06,-0.977092,0.045762,0.043272,-0.058518,0.46823,-0.025632,-0.883234,0.11587,0.992728,0.032617,0.875976,-0.117613,0.467795,-0.006232,0.007565,-0.002444,0.010814,0.046759,-0.422674,0.493608
960,0.094964,0.006775,0.320411,-0.341021,0.031052,-0.939567,-0.279145,-0.957708,0.069609,-0.897251,0.285969,0.336438,-0.012482,0.01505,-0.00497,0.026563,-0.05925,-0.015576,0.49893,-0.218951,0.004881,0.30977,-0.607396,0.76928,0.198162,-0.424425,-0.524987,0.73769,0.672278,0.362989,0.645092,0.000117,-0.011553,0.007601,-0.036012,0.015068,-0.015735,-1.402298,0.019203,0.046993,-0.019562,0.577388,-0.781904,0.235049,0.475221,0.555934,0.681983,-0.663918,-0.282069,0.692567,-1e-06,-1e-06,-1e-06,-1.3e-05,-8e-06,-1.5e-05,-0.976765,0.045717,0.043676,-0.058767,0.465834,-0.014188,-0.884757,0.109819,0.993068,0.041896,0.87803,-0.11668,0.464162,0.001047,0.011294,-0.007914,0.076363,0.077502,-0.135376,0.489853
961,0.094915,0.007234,0.320144,-0.339165,0.024701,-0.940427,-0.276926,-0.957973,0.074655,-0.898643,0.285712,0.332923,0.002629,0.024405,-0.014041,0.011769,-0.255554,-0.313387,0.496674,-0.218952,0.004875,0.309764,-0.607715,0.76969,0.195578,-0.425482,-0.523377,0.738225,0.671321,0.364438,0.645272,-7e-06,-4.8e-05,-4.8e-05,-0.005208,-0.048206,0.056707,-1.40245,0.019202,0.046986,-0.019562,0.577595,-0.78251,0.232508,0.476193,0.55432,0.682618,-0.66304,-0.283558,0.692799,-5e-06,-2.3e-05,-2.3e-05,-0.018929,-0.174429,0.203348,-0.976276,0.045691,0.043892,-0.058892,0.464434,-0.009832,-0.885552,0.10733,0.993192,0.045263,0.879079,-0.116068,0.462328,0.00118,0.011725,-0.007486,-0.066891,-0.528171,-0.511793,0.487403
962,0.094805,0.008126,0.319727,-0.339499,0.01986,-0.940421,-0.27367,-0.958601,0.078496,-0.899513,0.283983,0.332051,-0.011656,0.017679,-0.002384,0.032381,-0.026103,0.005829,0.495381,-0.218951,0.004873,0.309776,-0.607713,0.769692,0.195573,-0.425469,-0.523363,0.738242,0.671331,0.364453,0.645253,3e-06,2.1e-05,2.1e-05,-0.0,-0.0,0.0,-1.402254,0.019203,0.046985,-0.019556,0.577589,-0.782516,0.232503,0.476183,0.554306,0.682637,-0.663053,-0.283569,0.692782,0.0,1e-05,7e-06,-1e-06,0.000124,-0.00015,-0.976929,0.045637,0.044348,-0.059112,0.462891,-0.003649,-0.886407,0.103124,0.993422,0.049762,0.880395,-0.114444,0.460223,0.001565,0.012993,-0.006236,0.074526,0.090428,-0.124761,0.484138
963,0.094624,0.008929,0.31956,-0.338903,0.015991,-0.94071,-0.271382,-0.959008,0.08141,-0.90043,0.282856,0.330523,-0.01102,0.019693,-0.000418,0.033377,-0.020656,0.009382,0.487238,-0.218932,0.004853,0.309756,-0.6077,0.769625,0.195879,-0.425303,-0.523554,0.738202,0.671448,0.364321,0.645206,-0.00011,-0.000705,-0.0007,0.0,0.0,0.0,-1.40267,0.019212,0.046976,-0.019565,0.577591,-0.782425,0.232806,0.476024,0.554503,0.682587,-0.663165,-0.283436,0.69273,-7.2e-05,-0.000461,-0.000459,-1e-05,4e-06,-1.3e-05,-0.977582,0.045542,0.044757,-0.059196,0.461851,-8.6e-05,-0.886956,0.100432,0.993573,0.0522,0.881252,-0.113188,0.458891,-0.005475,0.009949,-0.000108,0.035485,-0.01157,0.01515,0.477933
964,0.094287,0.009466,0.319748,-0.338967,0.015612,-0.940693,-0.270769,-0.959166,0.081593,-0.900591,0.282342,0.330525,-0.011412,0.01051,0.009515,-0.0001,-0.110221,0.16083,0.480929,-0.218915,0.004827,0.309729,-0.607682,0.769519,0.196351,-0.425046,-0.523851,0.73814,0.671627,0.36412,0.645134,-0.000162,-0.001042,-0.001034,0.0,0.0,0.0,-1.402055,0.01922,0.046963,-0.019579,0.577597,-0.782283,0.233269,0.475778,0.554808,0.682512,-0.663337,-0.283233,0.692648,-8.8e-05,-0.000567,-0.000563,1.3e-05,0.0,7e-06,-0.978235,0.045378,0.045021,-0.059106,0.462004,0.000336,-0.886877,0.099761,0.993633,0.052345,0.881248,-0.112659,0.459028,-0.005672,0.005364,0.004871,-0.001566,-0.000871,-0.004955,0.468135
965,0.094094,0.009635,0.319958,-0.338885,0.015627,-0.940722,-0.270887,-0.959132,0.081595,-0.900586,0.282456,0.330441,-0.011336,0.010723,0.009706,-0.000874,-0.001095,-0.005456,0.479413,-0.218916,0.004829,0.309717,-0.60768,0.769482,0.196501,-0.42498,-0.523957,0.738102,0.671671,0.364045,0.64513,-2.2e-05,-0.000143,-0.000142,0.0,0.0,0.0,-1.402134,0.01922,0.046962,-0.019586,0.577603,-0.782235,0.233416,0.475715,0.554915,0.682469,-0.663377,-0.283157,0.692641,-9e-06,-6.2e-05,-6.1e-05,2.2e-05,-9e-06,2.7e-05,-0.978562,0.045282,0.045107,-0.059,0.461846,0.000184,-0.886959,0.099954,0.993618,0.052253,0.881309,-0.112787,0.458881,-0.005646,0.005446,0.00494,-0.001501,-0.001022,-0.00512,0.464706
966,0.093623,0.009828,0.320527,-0.339229,0.01533,-0.940603,-0.271459,-0.958917,0.082217,-0.900284,0.283201,0.330626,-0.012351,-0.000453,0.017682,-0.035205,0.017952,-0.020646,0.478603,-0.218929,0.004811,0.3097,-0.607668,0.769358,0.197023,-0.424691,-0.524289,0.738032,0.671864,0.363828,0.645051,-6.7e-05,-0.000433,-0.00043,0.0,0.0,0.0,-1.402131,0.019213,0.046954,-0.019594,0.577616,-0.782072,0.233927,0.475439,0.555255,0.682384,-0.663563,-0.282938,0.692552,-4.9e-05,-0.000314,-0.000313,9e-06,7e-06,2.5e-05,-0.979051,0.045052,0.04521,-0.058723,0.462092,0.000504,-0.886831,0.100452,0.993534,0.052906,0.881124,-0.113531,0.459053,-0.005629,0.005479,0.004958,-0.001309,-0.001042,-0.005226,0.46144
967,0.093144,0.009912,0.321089,-0.337225,0.017063,-0.941294,-0.272477,-0.958801,0.08018,-0.900731,0.283492,0.329154,-0.012839,-0.002079,0.016081,-0.033657,0.014222,-0.015288,0.480849,-0.218947,0.004769,0.309658,-0.607653,0.769215,0.197628,-0.424357,-0.524674,0.737951,0.672089,0.363577,0.644958,-0.000284,-0.001825,-0.001813,-0.011425,0.128179,-0.187841,-1.402627,0.019205,0.046935,-0.019613,0.577626,-0.781935,0.234357,0.475208,0.555541,0.682312,-0.66372,-0.282753,0.692477,-5.2e-05,-0.00034,-0.000338,8e-06,1.2e-05,1.7e-05,-0.978072,0.044804,0.045254,-0.058426,0.460491,-0.001594,-0.887662,0.101793,0.993496,0.051022,0.881808,-0.113853,0.457658,-0.006456,-0.00113,0.007962,-0.036345,0.018176,-0.020231,0.461114
968,0.092926,0.009901,0.321363,-0.335368,0.018663,-0.941926,-0.273069,-0.958799,0.078172,-0.901247,0.283398,0.327821,-0.013053,-0.002786,0.015389,-0.018099,-0.023884,0.038684,0.481914,-0.21895,0.004759,0.309633,-0.60765,0.769168,0.197821,-0.424267,-0.524807,0.737908,0.672149,0.363485,0.644948,-0.000184,-0.001183,-0.001176,0.0,0.0,0.0,-1.402128,0.019203,0.046929,-0.019626,0.577635,-0.781824,0.234708,0.475036,0.555782,0.682235,-0.663835,-0.282588,0.692434,-0.000122,-0.00079,-0.000784,-0.00144,0.016225,-0.023744,-0.978398,0.0447,0.04525,-0.058294,0.459038,-0.003482,-0.888409,0.102623,0.993506,0.04913,0.882469,-0.113724,0.456415,-0.006066,0.004014,0.00352,0.062033,-0.135683,0.182296,0.462093
969,0.092558,0.009776,0.321815,-0.332049,0.021543,-0.94304,-0.274096,-0.958794,0.074551,-0.902168,0.283206,0.325447,-0.013994,-0.005843,0.012429,-0.0353,0.033776,-0.044746,0.484435,-0.218996,0.004736,0.309613,-0.607981,0.7696,0.195103,-0.425393,-0.523118,0.738459,0.671137,0.364997,0.645148,-0.000171,-0.001096,-0.00109,-0.0,-0.0,0.0,-1.402363,0.01918,0.046917,-0.019637,0.577847,-0.782473,0.232009,0.476106,0.554077,0.682877,-0.662883,-0.284138,0.692712,-9.1e-05,-0.000587,-0.000583,0.000151,0.000959,-0.000979,-0.978235,0.044517,0.045192,-0.058065,0.456373,-0.006974,-0.88976,0.104147,0.993514,0.045631,0.883671,-0.113491,0.45414,-8.2e-05,-0.004116,0.005436,-0.036122,0.006249,0.005241,0.465849
970,0.092307,0.009478,0.32208,-0.330775,0.022771,-0.943459,-0.274942,-0.958656,0.0732,-0.902379,0.283576,0.324536,-0.001497,-0.012605,0.006644,-0.034316,0.019058,-0.015199,0.483354,-0.219057,0.004761,0.309626,-0.607991,0.769535,0.195332,-0.425275,-0.523282,0.738411,0.671202,0.364901,0.645134,6.2e-05,0.000401,0.000399,0.0,0.0,0.0,-1.402404,0.019149,0.046928,-0.019632,0.577866,-0.782389,0.232243,0.475991,0.554249,0.682817,-0.662949,-0.284031,0.692692,3.7e-05,0.000235,0.000235,-1.7e-05,4.1e-05,-3.6e-05,-0.979052,0.044393,0.04505,-0.057932,0.455391,-0.0084,-0.890251,0.105167,0.993461,0.044422,0.884057,-0.113854,0.453297,-0.000339,-0.001072,-0.001028,-0.00046,0.016091,-0.024645,0.466829
971,0.092232,0.009313,0.322158,-0.328629,0.02467,-0.944161,-0.275537,-0.958665,0.070799,-0.902984,0.283382,0.323019,-0.000493,-0.001597,-0.001542,4.2e-05,-0.000102,0.000144,0.481367,-0.219078,0.004762,0.309628,-0.607994,0.76952,0.195379,-0.425246,-0.523315,0.738404,0.671217,0.364885,0.645127,1e-06,6e-06,6e-06,0.0,0.0,0.0,-1.402461,0.019139,0.046929,-0.01963,0.577872,-0.782371,0.232289,0.475963,0.554283,0.682809,-0.662964,-0.284015,0.692685,2e-06,4e-06,5e-06,9e-06,1e-06,-3e-06,-0.979378,0.044349,0.044962,-0.057891,0.453684,-0.010671,-0.891098,0.106084,0.993464,0.042114,0.884825,-0.113638,0.451851,-0.000377,-0.0012,-0.001154,-0.001291,-0.089771,0.139125,0.465196
972,0.09215,0.00906,0.322222,-0.324989,0.026032,-0.945383,-0.270541,-0.960394,0.066501,-0.905811,0.277339,0.320339,-0.000529,-0.001712,-0.001653,0.020929,-0.042015,0.058105,0.477078,-0.2191,0.004757,0.309624,-0.607989,0.769433,0.195737,-0.425046,-0.523545,0.738356,0.671349,0.364739,0.645073,-6e-06,-4.1e-05,-4.1e-05,0.0,0.0,0.0,-1.402363,0.019128,0.046927,-0.019632,0.577884,-0.782258,0.23264,0.475772,0.554519,0.682751,-0.663091,-0.283867,0.692624,-2e-06,-1.9e-05,-1.7e-05,5e-06,-8e-06,1.3e-05,-0.979868,0.044307,0.044829,-0.057859,0.450663,-0.012493,-0.892606,0.101479,0.994137,0.037322,0.886907,-0.107401,0.449288,-0.000912,-0.006832,0.002816,0.22719,-0.480565,0.669476,0.46046
973,0.092159,0.008866,0.322234,-0.325468,0.023924,-0.945274,-0.265087,-0.961888,0.066872,-0.907249,0.272309,0.320584,0.013453,-0.00374,-0.002871,0.043299,-0.017708,0.015202,0.465235,-0.219078,0.004762,0.309628,-0.60797,0.769317,0.196249,-0.424767,-0.523867,0.738289,0.671543,0.364521,0.644994,1.7e-05,0.000108,0.000108,0.0,0.0,0.0,-1.402219,0.019139,0.046929,-0.01963,0.577889,-0.782104,0.233142,0.475506,0.554848,0.682668,-0.663277,-0.283646,0.692536,1.2e-05,6.8e-05,6.9e-05,-3e-06,1.8e-05,-1.6e-05,-0.980031,0.044305,0.04473,-0.057855,0.450683,-0.010455,-0.892622,0.095907,0.99471,0.036773,0.887516,-0.102182,0.449302,-0.000213,-0.000687,-0.00066,0.14211,-0.009548,-0.048492,0.450336
974,0.092162,0.008797,0.322281,-0.325046,0.024377,-0.945408,-0.265451,-0.96182,0.06641,-0.907294,0.27251,0.320285,0.000222,0.00072,0.000696,0.0,-0.0,-0.0,0.452183,-0.219069,0.004755,0.309621,-0.607952,0.769185,0.196827,-0.424451,-0.524231,0.738212,0.67176,0.364277,0.644905,-1.4e-05,-9.2e-05,-9.2e-05,-0.009971,0.111965,-0.164062,-1.402171,0.019144,0.046926,-0.019634,0.577898,-0.781929,0.233709,0.475204,0.555222,0.682575,-0.663485,-0.2834,0.692437,-7e-06,-4.6e-05,-4.5e-05,-0.009957,0.111959,-0.164043,-0.980031,0.044311,0.044692,-0.057835,0.450358,-0.010969,-0.89278,0.096311,0.994686,0.036362,0.887637,-0.10236,0.449021,0.000159,0.000524,0.000509,-0.000237,2.9e-05,7.4e-05,0.432864
975,0.09215,0.008762,0.322318,-0.324946,0.022709,-0.945484,-0.259969,-0.963334,0.066153,-0.908915,0.267259,0.320114,5.8e-05,0.000186,0.00018,0.00092,-0.108082,0.166966,0.44859,-0.21908,0.00475,0.309616,-0.607949,0.769138,0.197016,-0.424345,-0.524353,0.738186,0.67183,0.3642,0.644876,-1.1e-05,-6.8e-05,-6.7e-05,0.0,0.0,0.0,-1.402468,0.019138,0.046923,-0.019637,0.577904,-0.781869,0.233894,0.475103,0.555346,0.682544,-0.663552,-0.283322,0.692405,-4e-06,-2.7e-05,-2.7e-05,5e-06,4e-06,9e-06,-0.980358,0.044306,0.044677,-0.057814,0.450085,-0.009225,-0.892937,0.090673,0.99525,0.035422,0.888369,-0.096909,0.448783,4.1e-05,0.000132,0.000129,-0.000642,0.000268,-0.000443,0.426169
976,0.092148,0.008644,0.322388,-0.32507,0.020893,-0.945483,-0.254598,-0.964767,0.066159,-0.910389,0.262193,0.320114,-1e-06,-3e-06,-3e-06,0.0,-0.0,-0.0,0.422166,-0.219094,0.004749,0.309587,-0.608271,0.769532,0.194465,-0.425416,-0.522787,0.73868,0.670859,0.365613,0.645088,-0.00015,-0.000964,-0.000959,-0.000472,-0.004336,0.005106,-1.402578,0.019131,0.046924,-0.019649,0.578123,-0.782477,0.231303,0.476142,0.553728,0.683134,-0.662617,-0.284803,0.692694,-8.4e-05,-0.000535,-0.000532,0.000214,0.000493,0.000135,-0.980031,0.044305,0.044618,-0.057779,0.449833,-0.007524,-0.893079,0.085244,0.99576,0.034548,0.889034,-0.09167,0.448567,1e-06,5e-06,8e-06,-0.000454,8.9e-05,2.4e-05,0.405758
977,0.092118,0.008463,0.322508,-0.325135,0.017355,-0.945532,-0.243759,-0.967572,0.066004,-0.913326,0.251915,0.320001,-0.0,-0.0,-0.0,0.001143,-8e-05,-0.000387,0.3463,-0.219084,0.004751,0.309574,-0.608268,0.769503,0.194592,-0.425364,-0.522876,0.738647,0.670895,0.365546,0.645088,-1e-06,-4e-06,-4e-06,-0.0,-0.0,0.0,-1.402098,0.019136,0.046923,-0.019658,0.578117,-0.782426,0.231493,0.47607,0.553857,0.68308,-0.662674,-0.284693,0.692684,3e-06,1.4e-05,1.4e-05,-1e-05,0.000122,-0.000122,-0.980031,0.04429,0.044527,-0.057718,0.44933,-0.00403,-0.893356,0.074195,0.996703,0.032821,0.890278,-0.08103,0.448148,-0.00054,-0.005626,0.003983,-0.032009,0.019615,-0.018183,0.337503
978,0.092117,0.008332,0.322608,-0.324727,0.016052,-0.945696,-0.238635,-0.968887,0.06544,-0.914824,0.2469,0.319633,0.000324,0.00105,0.001015,0.001081,-0.107875,0.167069,0.261349,-0.219095,0.004751,0.309575,-0.608269,0.769496,0.194615,-0.42535,-0.522893,0.738643,0.670903,0.365538,0.645085,-0.014059,0.000791,0.001394,-0.002045,0.015205,-0.029245,-1.402498,0.019136,0.046923,-0.019657,0.578116,-0.782426,0.231494,0.47607,0.553858,0.68308,-0.662675,-0.284692,0.692684,1e-06,9e-06,8e-06,-5e-06,2.3e-05,-2.8e-05,-0.980031,0.044289,0.044463,-0.057674,0.448824,-0.002688,-0.893615,0.068961,0.997117,0.031637,0.890954,-0.075824,0.447716,0.0,4e-06,6e-06,-0.000383,0.000726,-0.001868,0.262062
1597,0.109928,-0.012289,0.353032,-0.531621,0.530839,-0.660025,-0.649601,-0.755544,-0.084517,-0.542888,0.383158,0.747321,-0.001708,0.001015,-0.017142,-0.019573,-0.166052,-0.09269,-1.852553,-0.191291,0.014454,0.334756,-0.315807,0.948343,0.030054,-0.834787,-0.292648,0.466285,0.451394,0.120967,0.88401,0.002096,-0.006196,0.029168,-0.663914,0.325542,0.262097,-1.403558,0.033031,0.051782,-0.007093,0.272723,-0.95783,0.09046,0.864631,0.285246,0.413577,-0.42194,-0.034577,0.905963,0.00106,-0.002531,0.015045,-0.108832,0.12024,0.084442,-0.93578,0.053198,0.034161,-0.042441,0.694583,-0.463055,-0.550575,0.525596,0.849195,-0.051135,0.491225,-0.253863,0.833217,-0.000938,0.000131,-0.008894,-0.062894,-0.276288,-0.144815,-1.113987
1598,0.109817,-0.012379,0.352318,-0.530846,0.522008,-0.667649,-0.647171,-0.758286,-0.078389,-0.546535,0.389817,0.741195,-0.002583,-0.002581,-0.020291,-0.066699,-0.306833,-0.165559,-1.322826,-0.191268,0.014174,0.335942,-0.288723,0.956314,0.045758,-0.839228,-0.275677,0.468649,0.461156,0.095699,0.882066,0.002094,-0.006181,0.029127,-0.117789,-0.076761,0.210687,-1.403592,0.033043,0.05164,-0.006495,0.244493,-0.963591,0.108235,0.867818,0.267244,0.418892,-0.432566,-0.008488,0.901561,0.001002,-0.003433,0.014298,-0.11887,0.051616,0.064151,-0.940025,0.053143,0.034116,-0.042792,0.693515,-0.455101,-0.558497,0.522076,0.851673,-0.045711,0.49646,-0.259877,0.828245,-0.00134,-0.001531,-0.010352,-0.149582,-0.512653,-0.289888,-0.969965
1599,0.109734,-0.012298,0.351331,-0.539809,0.489832,-0.684628,-0.624454,-0.778366,-0.064613,-0.563877,0.392027,0.726901,-0.002271,0.00681,-0.030267,-0.149182,-0.634578,-0.601552,-0.798179,-0.191235,0.013833,0.336987,-0.283143,0.957822,0.04898,-0.839483,-0.27209,0.470286,0.464136,0.090829,0.881017,0.001839,-0.010383,0.025732,-0.071022,0.009587,-0.009995,-1.403627,0.033061,0.051474,-0.005956,0.238987,-0.964615,0.111364,0.868137,0.263633,0.420516,-0.434996,-0.003818,0.900423,0.000909,-0.005034,0.012993,-0.069709,0.005504,-0.014968,-0.941168,0.053098,0.034151,-0.043304,0.699361,-0.422586,-0.576467,0.494788,0.868258,-0.036218,0.515827,-0.2599,0.816316,-0.001133,0.003337,-0.015193,-0.196817,-0.738151,-0.645285,-0.800633
1600,0.109699,-0.011843,0.350072,-0.554473,0.436173,-0.708773,-0.58094,-0.812645,-0.0457,-0.59523,0.385868,0.704864,-0.00133,0.018788,-0.037966,0.933985,-0.979588,-1.677018,-0.425371,-0.191277,0.013481,0.337965,-0.261666,0.963102,0.062895,-0.84382,-0.259798,0.469475,0.468824,0.068556,0.880549,-0.011518,-0.010095,0.026868,-0.071251,0.030416,-0.042406,-1.403573,0.03304,0.051291,-0.005461,0.217945,-0.967735,0.126445,0.871808,0.251282,0.420485,-0.438691,0.018593,0.898445,-0.00578,-0.005055,0.013432,-0.0741,0.018197,-0.041499,-0.952598,0.053081,0.034368,-0.043922,0.708213,-0.370125,-0.601199,0.445921,0.894708,-0.025527,0.547346,-0.250008,0.79869,0.006239,0.00797,-0.020101,3.831969,-0.32238,-4.173125,-0.688125
1601,0.109701,-0.011517,0.349337,-0.556696,0.411625,-0.721595,-0.563533,-0.825288,-0.036095,-0.609694,0.386032,0.6923,-0.001629,0.017565,-0.039052,-0.231133,-1.101999,-0.599843,-0.300786,-0.191313,0.013326,0.338457,-0.25057,0.965814,0.066411,-0.846093,-0.251695,0.469798,0.47077,0.060307,0.880115,0.001889,-0.009549,0.026365,-0.069305,-0.005608,0.014428,-1.403222,0.033022,0.051211,-0.005216,0.206919,-0.969621,0.130454,0.873694,0.243137,0.421357,-0.440275,0.02679,0.897462,0.00092,-0.004832,0.01314,-0.070021,-0.011774,0.012773,-0.956191,0.053082,0.034534,-0.044287,0.708889,-0.345158,-0.615094,0.424005,0.905451,-0.01943,0.563645,-0.247029,0.788213,-0.000725,0.009048,-0.019287,-0.00443,-0.657461,-0.451019,-0.644854
1602,0.109854,-0.010773,0.347706,-0.559657,0.359507,-0.746716,-0.523475,-0.851838,-0.017849,-0.641807,0.380446,0.665861,0.012647,0.024645,-0.0507,-0.109841,-0.791872,-0.347772,-0.145171,-0.191396,0.013044,0.339286,-0.239606,0.96811,0.073096,-0.847828,-0.245213,0.470098,0.473335,0.049443,0.879416,-0.011692,-0.013094,0.024469,0.670475,2.345769,-1.342345,-1.403813,0.032981,0.051074,-0.004798,0.196173,-0.970984,0.136768,0.875085,0.23629,0.422365,-0.442426,0.036827,0.896048,-0.00588,-0.006704,0.012087,0.671364,2.343511,-1.345223,-0.953741,0.053158,0.034914,-0.045115,0.705957,-0.292419,-0.645069,0.377468,0.925998,-0.006672,0.599284,-0.238783,0.764094,0.006325,0.01221,-0.025445,-0.093068,-0.746032,-0.331667,-0.450374
1603,0.110032,-0.010046,0.345924,-0.5538,0.311618,-0.772169,-0.492556,-0.870262,0.001988,-0.670687,0.381046,0.636405,0.012259,0.023058,-0.052149,-0.09101,-1.076677,-0.599451,-0.052574,-0.191545,0.012832,0.339882,-0.235151,0.969019,0.075485,-0.847904,-0.242366,0.471435,0.475423,0.04563,0.878495,0.000945,-0.004764,0.013176,-0.036356,0.012304,-0.017268,-1.403808,0.032906,0.050971,-0.004504,0.191881,-0.971353,0.140192,0.875098,0.234004,0.423608,-0.444278,0.041399,0.894931,-0.006192,-0.001882,0.007446,-0.036719,0.011151,-0.023973,-0.953741,0.053242,0.035268,-0.045988,0.696972,-0.248938,-0.672501,0.342046,0.939659,0.006661,0.630264,-0.234669,0.740064,-0.001208,0.007053,-0.021094,0.32531,-0.54614,-0.611023,-0.323824
1604,0.110112,-0.009711,0.344993,-0.549397,0.29029,-0.783543,-0.479662,-0.877366,0.011208,-0.683523,0.381627,0.622241,-0.002084,0.023827,-0.051838,-0.201383,-1.077117,-0.55394,-0.014309,-0.191619,0.01278,0.340114,-0.23019,0.970097,0.076916,-0.84869,-0.238679,0.471901,0.476439,0.042123,0.87812,0.000901,-0.0055,0.012593,-0.036356,0.0123,-0.017271,-1.403757,0.032869,0.050943,-0.004384,0.186962,-0.972068,0.141874,0.875708,0.230362,0.424343,-0.445173,0.044905,0.894317,0.000435,-0.002815,0.00625,-0.036337,0.011283,-0.019088,-0.956844,0.053288,0.035436,-0.046452,0.691007,-0.22931,-0.68551,0.326921,0.944955,0.013446,0.644693,-0.233399,0.727938,0.005611,0.005188,-0.022608,-0.273596,-1.252279,-0.657534,-0.285288
1605,0.11035,-0.009079,0.342986,-0.539203,0.255389,-0.802547,-0.459475,-0.887791,0.026123,-0.705157,0.382514,0.597046,-0.003558,0.009666,-0.046312,0.246655,-0.781684,-0.73929,0.048947,-0.191788,0.012789,0.340426,-0.229994,0.969895,0.079991,-0.846853,-0.239841,0.474606,0.479794,0.040191,0.876382,0.000842,-0.006457,0.011835,-0.048353,0.102127,-0.161188,-1.404113,0.032784,0.050948,-0.004234,0.186821,-0.971655,0.144853,0.873994,0.23172,0.427129,-0.448587,0.046804,0.892511,0.000108,0.001874,0.001476,0.013207,-0.004805,-0.000627,-0.963865,0.053408,0.035759,-0.047456,0.677458,-0.197007,-0.708686,0.303784,0.952395,0.025642,0.669898,-0.232659,0.705056,0.005619,0.009264,-0.028158,1.140566,-1.115578,-1.483264,-0.21099
1606,0.110779,-0.00857,0.340787,-0.526643,0.226321,-0.819434,-0.445011,-0.894667,0.03884,-0.723681,0.384825,0.572908,0.010138,0.014262,-0.06034,-0.113041,-0.779918,-0.423375,0.081316,-0.192003,0.012803,0.340516,-0.222101,0.971484,0.082948,-0.845903,-0.23418,0.479105,0.485149,0.035017,0.873652,-0.013344,0.000207,0.00108,-0.039739,0.036388,-0.013593,-1.404063,0.032677,0.050956,-0.004182,0.179032,-0.972588,0.148385,0.872769,0.226618,0.432339,-0.454115,0.052104,0.889417,-0.006686,-7.6e-05,0.000404,0.004255,0.020897,-0.014859,-0.964682,0.053618,0.036014,-0.048549,0.663226,-0.171271,-0.728557,0.286348,0.957464,0.035588,0.691472,-0.232224,0.684059,0.012252,0.00659,-0.030477,-0.119837,-0.854724,-0.402346,-0.144368
1607,0.111514,-0.008089,0.338411,-0.523026,0.194658,-0.829817,-0.424838,-0.903535,0.055757,-0.73827,0.381453,0.556306,0.024865,0.023031,-0.070627,-0.040455,-0.721981,-0.302423,0.092627,-0.192246,0.012778,0.340501,-0.213807,0.97315,0.085192,-0.84514,-0.227888,0.483466,0.49017,0.030139,0.871027,-0.013488,-0.002058,-0.000701,-0.007071,0.032112,-0.052388,-1.404025,0.03256,0.050944,-0.00419,0.170668,-0.9737,0.150924,0.871989,0.220578,0.437011,-0.458809,0.05702,0.886702,-0.006712,-0.000497,7.2e-05,0.019925,0.007551,-0.029809,-0.962722,0.053988,0.036255,-0.049764,0.655826,-0.140698,-0.741684,0.262713,0.963603,0.049505,0.707724,-0.227317,0.668919,0.012448,0.011404,-0.035419,-0.088841,-0.835666,-0.345223,-0.113669
1608,0.11199,-0.00777,0.337106,-0.525681,0.175826,-0.83234,-0.411128,-0.909055,0.067561,-0.744116,0.37749,0.551199,0.02492,0.023215,-0.070561,-0.039011,-0.677851,-0.300553,0.094547,-0.192377,0.012749,0.3405,-0.21249,0.973347,0.086233,-0.844062,-0.227176,0.485678,0.492592,0.029186,0.869692,-0.013396,-0.000585,0.000455,-0.020886,0.025827,-0.021402,-1.40338,0.032494,0.050924,-0.004194,0.16942,-0.973741,0.152064,0.870904,0.220144,0.439388,-0.461327,0.057992,0.885332,-0.00671,-0.000462,0.0001,0.006333,0.017453,-0.020186,-0.957987,0.054202,0.0364,-0.050367,0.656445,-0.122567,-0.74435,0.247058,0.967225,0.058615,0.71277,-0.222375,0.665211,0.012597,0.012007,-0.034913,-0.003357,-0.031858,-0.415159,-0.106158
1609,0.113068,-0.006949,0.334511,-0.536318,0.138888,-0.832537,-0.386916,-0.917068,0.096197,-0.749471,0.373536,0.546618,0.039535,0.023379,-0.070211,-0.083235,-0.623046,-0.521212,0.099198,-0.192668,0.012697,0.34053,-0.207291,0.97438,0.087202,-0.8451,-0.223142,0.485744,0.49302,0.025765,0.869557,-0.013359,3.2e-05,0.000938,-0.002049,0.015208,-0.029243,-1.40388,0.032344,0.050896,-0.00418,0.164295,-0.974441,0.153201,0.8719,0.216092,0.439424,-0.461298,0.061381,0.885118,-0.006679,4.4e-05,0.000495,-0.001249,0.014054,-0.030852,-0.961579,0.054749,0.036812,-0.051691,0.660918,-0.084508,-0.745684,0.21824,0.972338,0.083237,0.718023,-0.217751,0.661079,0.012768,0.012707,-0.034356,0.028812,0.023637,-0.382237,-0.0993
1610,0.114247,-0.005703,0.331777,-0.558622,0.085514,-0.82503,-0.345335,-0.928331,0.137539,-0.75345,0.361632,0.549147,0.027354,0.041868,-0.072058,4.592729,-1.024357,-3.562673,0.130632,-0.192893,0.01262,0.340625,-0.208121,0.974068,0.088701,-0.844594,-0.224592,0.485955,0.493538,0.024991,0.869286,8e-06,0.000124,9.7e-05,-0.0,0.0,0.0,-1.403727,0.032231,0.050858,-0.004132,0.16525,-0.974052,0.154641,0.871463,0.217626,0.439534,-0.461783,0.062131,0.884813,-0.006675,0.00012,0.000554,-0.013935,0.118334,-0.199648,-0.966805,0.055331,0.03741,-0.053039,0.672113,-0.030768,-0.739808,0.176186,0.977084,0.119428,0.719181,-0.210613,0.662132,0.020845,0.020248,-0.036495,-0.396807,-0.056668,-1.225787,-0.065498
