frame,MLTx,MLTy,MLTz,MLTR1,MLTR2,MLTR3,MLTR4,MLTR5,MLTR6,MLTR7,MLTR8,MLTR9,MLTTVx,MLTTVy,MLTTVz,MLTRVx,MLTRVy,MLTRVz,MLGA,MRTx,MRTy,MRTz,MRTR1,MRTR2,MRTR3,MRTR4,MRTR5,MRTR6,MRTR7,MRTR8,MRTR9,MRTTVx,MRTTVy,MRTTVz,MRTRVx,MRTRVy,MRTRVz,MRGA,SLTx,SLTy,SLTz,SLTR1,SLTR2,SLTR3,SLTR4,SLTR5,SLTR6,SLTR7,SLTR8,SLTR9,SLTTVx,SLTTVy,SLTTVz,SLTRVx,SLTRVy,SLTRVz,SLGA,SRTx,SRTy,SRTz,SRTR1,SRTR2,SRTR3,SRTR4,SRTR5,SRTR6,SRTR7,SRTR8,SRTR9,SRTTVx,SRTTVy,SRTTVz,SRTRVx,SRTRVy,SRTRVz,SRGA
580,0.135161,0.01731,0.195316,0.538052,-0.418662,-0.73162,0.285915,-0.725871,0.625569,-0.793634,-0.545256,-0.269941,0.002054,-0.06259,0.094052,0.497383,1.165765,0.240096,-1.915268,-0.198134,-0.047278,0.304943,-0.791834,-0.309442,0.526531,0.593002,-0.595234,0.542198,0.146617,0.741944,0.65413,-0.002229,0.011035,-0.030579,0.946156,0.891828,1.097398,0.216867,0.027825,0.030568,-0.004707,0.821074,0.281056,0.496834,-0.549019,0.627087,0.552575,-0.156254,-0.726476,0.66919,-0.001135,0.005185,-0.015703,0.958594,0.897934,1.105739,0.125773,0.070071,0.059292,-0.107772,-0.570663,0.350589,-0.742582,-0.374221,0.693902,0.615189,0.730959,0.628956,-0.264787,0.008812,-0.031534,0.047333,1.711047,2.068125,-0.86649,-0.988907
581,0.135621,0.014894,0.19926,0.484526,-0.446324,-0.752379,0.288939,-0.730164,0.61915,-0.826306,-0.516838,-0.223883,0.017989,-0.071402,0.107577,0.479924,1.428741,0.256592,-1.915283,-0.198529,-0.047048,0.303597,-0.813774,-0.245822,0.526625,0.545644,-0.634743,0.54709,0.200799,0.732857,0.649971,-0.002839,0.005541,-0.037655,2.667395,3.405509,3.810213,0.167308,0.027636,0.030678,-0.005353,0.838933,0.223023,0.496437,-0.504039,0.662441,0.554179,-0.205266,-0.715143,0.668157,-0.001379,0.002828,-0.01875,0.082044,0.028254,0.004163,0.069764,0.070295,0.058109,-0.105844,-0.521747,0.382203,-0.762692,-0.37696,0.698722,0.608019,0.765297,0.604738,-0.220481,0.009197,-0.029484,0.050854,0.028887,0.940283,0.643437,-0.992336
582,0.135847,0.013693,0.201258,0.45163,-0.461657,-0.763512,0.286318,-0.735511,0.614018,-0.8456,-0.495348,-0.199044,0.018264,-0.069964,0.109757,-0.319172,1.533126,0.862948,-1.915247,-0.198764,-0.04687,0.302811,-0.823961,-0.219359,0.522456,0.522438,-0.650745,0.55093,0.220162,0.727162,0.650098,-0.01866,0.004456,-0.03816,0.019965,0.062088,0.080328,0.147193,0.027517,0.030768,-0.005762,0.849241,0.188893,0.493059,-0.475511,0.679529,0.558685,-0.229516,-0.708914,0.666905,-0.00178,0.007068,-0.02458,0.103344,-0.030558,0.306428,0.044127,0.07041,0.057488,-0.104804,-0.49013,0.403118,-0.77283,-0.37566,0.702372,0.60461,0.786544,0.586659,-0.192818,0.001332,-0.034521,0.055172,-1.287277,2.007824,0.253415,-0.995112
583,0.136352,0.011142,0.205635,0.3905,-0.485688,-0.782088,0.290991,-0.740871,0.605316,-0.873908,-0.463359,-0.147002,0.018973,-0.066229,0.11552,-1.325759,2.073276,0.294034,-1.915089,-0.199427,-0.046387,0.300867,-0.833879,-0.200135,0.514376,0.503918,-0.655912,0.561943,0.225961,0.728038,0.647121,-0.019619,0.011931,-0.051287,-0.179381,0.358744,0.158431,0.092427,0.027186,0.031005,-0.00673,0.857992,0.170616,0.484499,-0.456853,0.684638,0.567939,-0.234807,-0.708633,0.66536,-0.010054,0.01127,-0.030061,-0.317069,0.401859,0.415124,-0.026251,0.070662,0.056211,-0.102616,-0.430525,0.432825,-0.792028,-0.382861,0.707083,0.594517,0.817352,0.559192,-0.138705,0.009504,-0.032878,0.057714,-4.300566,4.581801,-0.080459,-1.002297
584,0.136865,0.008591,0.210283,0.326652,-0.506095,-0.798255,0.296782,-0.746949,0.594945,-0.897763,-0.430625,-0.092795,0.019449,-0.063387,0.119121,0.110221,1.561111,0.681782,-1.915682,-0.200178,-0.045684,0.298679,-0.8411,-0.163502,0.515568,0.476767,-0.673943,0.564295,0.256249,0.72063,0.644122,-0.02024,0.02239,-0.060637,0.157513,0.162969,0.105241,0.071625,0.02681,0.03135,-0.007825,0.863633,0.132259,0.486461,-0.428566,0.700753,0.570328,-0.265458,-0.701035,0.661876,-0.010093,0.011071,-0.030462,0.382869,0.340805,0.325834,-0.072952,0.070919,0.054937,-0.100289,-0.370474,0.461004,-0.806364,-0.386814,0.712703,0.585173,0.844466,0.528705,-0.085715,0.009699,-0.031527,0.05993,0.038563,1.162055,0.531592,-1.005889
585,0.137149,0.007318,0.212676,0.295169,-0.515543,-0.804447,0.297467,-0.750533,0.590072,-0.908341,-0.412833,-0.067172,0.004185,-0.060926,0.12172,-0.343754,1.688955,0.46631,-1.915112,-0.200547,-0.045279,0.297503,-0.843468,-0.141895,0.518092,0.462951,-0.680905,0.567432,0.273307,0.718631,0.639325,-0.020313,0.021966,-0.061346,-0.182122,0.568831,0.361848,0.071216,0.026618,0.03156,-0.008436,0.865165,0.112447,0.488716,-0.414787,0.708174,0.571349,-0.28185,-0.697025,0.659329,-0.010126,0.01089,-0.030784,-0.127292,0.533669,0.347544,-0.083239,0.071067,0.0543,-0.099092,-0.339305,0.473505,-0.812812,-0.388815,0.71621,0.579538,0.856559,0.512675,-0.058908,0.009568,-0.037062,0.063641,-1.307344,2.494009,0.504227,-0.998704
586,0.137732,0.00471,0.217549,0.23492,-0.52899,-0.815493,0.307252,-0.755546,0.578549,-0.922482,-0.385823,-0.01394,0.003908,-0.071698,0.128826,0.018497,1.326577,0.382476,-1.915429,-0.201445,-0.044465,0.295107,-0.845149,-0.069039,0.530046,0.414845,-0.709803,0.569226,0.337982,0.701045,0.627828,-0.036088,0.022196,-0.060474,-0.001687,0.790239,0.555796,0.07171,0.026182,0.031957,-0.009614,0.864093,0.040084,0.501732,-0.365839,0.734647,0.571361,-0.345694,-0.677263,0.649468,-0.009926,0.005343,-0.026823,0.583776,1.49758,1.348006,-0.089608,0.071359,0.053002,-0.096654,-0.279873,0.493581,-0.823436,-0.398935,0.720362,0.567387,0.873224,0.487295,-0.004703,0.009897,-0.030039,0.061179,0.16299,1.509014,0.677456,-0.999847
587,0.13817,0.00211,0.222521,0.175179,-0.53798,-0.824582,0.315219,-0.762801,0.564575,-0.932941,-0.358163,0.036986,0.004626,-0.057321,0.124315,0.106394,1.350986,0.455921,-1.914977,-0.20244,-0.043564,0.29268,-0.836018,-0.014368,0.548505,0.385264,-0.726948,0.568377,0.391608,0.686503,0.612553,-0.020262,0.023275,-0.060274,-0.049398,0.241781,0.109409,0.087729,0.025686,0.032396,-0.010808,0.852917,-0.015887,0.521803,-0.335079,0.749808,0.570533,-0.400317,-0.661463,0.634201,-0.01008,0.011661,-0.030096,-0.063346,0.276597,0.315536,-0.083566,0.071578,0.051697,-0.094166,-0.22193,0.509185,-0.83155,-0.407148,0.726519,0.553534,0.885989,0.46141,0.046077,0.009695,-0.035754,0.064097,0.09035,1.469972,0.527357,-1.007685
588,0.138496,-0.00058,0.227483,0.118405,-0.545338,-0.829838,0.321885,-0.769511,0.551557,-0.939504,-0.331748,0.085459,0.003913,-0.070353,0.127439,0.143582,1.490951,0.486339,-1.914579,-0.203245,-0.04274,0.290421,-0.829894,0.046519,0.55597,0.342996,-0.743219,0.574381,0.440958,0.667304,0.600104,-0.020383,0.022693,-0.061369,2.980497,3.36767,3.640955,0.124795,0.025276,0.032819,-0.011956,0.844927,-0.07129,0.530109,-0.296318,0.762709,0.574864,-0.445301,-0.642799,0.623309,-0.017799,0.005804,-0.026126,-0.18705,0.280812,0.327685,-0.04454,0.071742,0.05036,-0.091681,-0.167216,0.522935,-0.835809,-0.413931,0.732174,0.540908,0.894818,0.436416,0.094027,0.001876,-0.035273,0.063583,-0.011004,1.149102,0.191715,-1.006705
589,0.138604,-0.002,0.230022,0.092307,-0.550356,-0.829839,0.324151,-0.771393,0.547586,-0.941616,-0.318861,0.108231,0.004124,-0.058907,0.118781,0.0651,1.070252,0.370642,-1.914553,-0.203628,-0.042405,0.28927,-0.828767,0.073896,0.554686,0.320994,-0.748981,0.57959,0.459307,0.658294,0.596279,-0.020136,0.010166,-0.055245,0.813,1.1473,1.24886,0.14338,0.025085,0.032994,-0.012531,0.842305,-0.102192,0.529223,-0.270677,0.768878,0.579274,-0.466106,-0.631175,0.619969,-0.010056,0.005268,-0.027139,2.907415,3.420241,3.616659,-0.022332,0.071796,0.049647,-0.090405,-0.140226,0.530738,-0.835853,-0.416926,0.73405,0.536042,0.898057,0.423657,0.118345,0.001833,-0.035331,0.063045,0.139765,1.401291,0.408836,-1.005399
590,0.13867,-0.004804,0.234741,0.040025,-0.552813,-0.832371,0.329278,-0.779209,0.533275,-0.943443,-0.294744,0.151882,0.002869,-0.084996,0.127463,0.185271,1.601803,0.475035,-1.911609,-0.204429,-0.041907,0.28702,-0.819598,0.121311,0.559941,0.287721,-0.757829,0.585531,0.496388,0.640846,0.585473,-0.020226,0.010053,-0.055793,0.030207,0.198232,0.331006,0.21385,0.024684,0.033241,-0.013659,0.83095,-0.150654,0.53556,-0.235622,0.776745,0.584078,-0.503988,-0.61153,0.60994,-0.010335,0.010285,-0.032405,0.245122,0.524897,0.374651,0.047393,0.07183,0.048255,-0.088047,-0.090959,0.539235,-0.837228,-0.421809,0.740711,0.522898,0.90211,0.400713,0.16008,-0.00618,-0.03587,0.061006,0.110647,1.209649,0.40119,-1.010788
591,0.138608,-0.007939,0.239477,-0.008994,-0.554254,-0.832326,0.332626,-0.786618,0.520159,-0.943013,-0.271492,0.192474,-0.013402,-0.087355,0.12162,0.087663,1.125018,0.497589,-1.90618,-0.205072,-0.041416,0.284825,-0.798163,0.189755,0.571769,0.236723,-0.773811,0.587463,0.554904,0.603996,0.571956,-0.004158,0.012343,-0.053819,3.132492,3.319067,3.420142,0.280475,0.024364,0.033476,-0.014743,0.80817,-0.213364,0.54894,-0.188492,0.789338,0.584307,-0.55797,-0.575691,0.597703,-0.009941,0.006284,-0.026349,-0.052471,0.271155,0.114018,0.141775,0.071804,0.04672,-0.085715,-0.041933,0.546024,-0.836718,-0.42621,0.747658,0.509265,0.903651,0.377973,0.201369,0.001146,-0.038473,0.056483,0.037729,1.049362,0.253184,-1.012094
592,0.138566,-0.009444,0.241624,-0.030468,-0.554904,-0.831383,0.333711,-0.789689,0.514782,-0.942152,-0.261074,0.210277,0.001979,-0.089072,0.119135,0.077437,1.197535,0.333007,-1.904016,-0.20533,-0.04116,0.283787,-0.785331,0.217947,0.579436,0.216741,-0.779794,0.587264,0.580805,0.586503,0.564396,-0.004099,0.012913,-0.053181,0.012937,0.076502,0.27109,0.311714,0.024235,0.033604,-0.015262,0.79299,-0.245563,0.557552,-0.163788,0.795546,0.583333,-0.586804,-0.553899,0.59064,-0.00201,0.006497,-0.026536,0.273337,0.374164,0.564815,0.186517,0.071778,0.045938,-0.084601,-0.019788,0.5491,-0.835521,-0.427586,0.750757,0.50352,0.903757,0.367221,0.219932,-0.00667,-0.03807,0.056547,0.14968,1.280614,0.422067,-1.004419
593,0.138413,-0.012655,0.245998,-0.068909,-0.560128,-0.825562,0.334028,-0.792717,0.509898,-0.939962,-0.239934,0.242756,0.001692,-0.080318,0.106281,-0.073892,0.675126,0.154869,-1.901309,-0.205606,-0.040647,0.28187,-0.760027,0.271925,0.59026,0.177972,-0.786306,0.591593,0.625933,0.554329,0.548443,-0.00377,0.0155,-0.049816,3.112751,3.485136,3.364218,0.344896,0.024089,0.033863,-0.016243,0.7677,-0.293348,0.569722,-0.129256,0.799905,0.586041,-0.627638,-0.523544,0.57617,-0.001814,0.008046,-0.0245,-0.219637,0.29896,0.367385,0.257548,0.071707,0.04436,-0.082447,0.018982,0.558344,-0.829391,-0.428754,0.75394,0.497738,0.903221,0.346157,0.253704,0.000751,-0.040355,0.05284,0.047631,1.012776,0.167408,-0.998868
594,0.138137,-0.015907,0.250024,-0.102462,-0.562458,-0.82048,0.339046,-0.795176,0.502707,-0.935052,-0.225979,0.273201,-0.014757,-0.08342,0.100116,-0.011017,0.810262,0.169842,-1.897296,-0.205514,-0.040075,0.280046,-0.734624,0.331487,0.591976,0.128858,-0.788336,0.601544,0.666987,0.517768,0.535638,-0.003034,0.006617,-0.038645,-0.178761,0.388383,0.473311,0.346256,0.024135,0.034153,-0.017159,0.73839,-0.355504,0.573059,-0.075041,0.801174,0.593708,-0.670185,-0.481391,0.564901,0.006272,0.009292,-0.023244,-0.099843,0.690639,0.826871,0.278613,0.07157,0.042739,-0.080426,0.051129,0.564562,-0.823805,-0.433669,0.755605,0.490908,0.89962,0.332159,0.283466,-0.007454,-0.041818,0.049909,0.197716,1.122473,0.443713,-1.001806
595,0.137764,-0.019144,0.25367,-0.135114,-0.563799,-0.814813,0.344659,-0.797739,0.494767,-0.928791,-0.213288,0.303122,-0.015527,-0.087073,0.094058,0.009329,0.828843,0.1721,-1.897036,-0.205206,-0.039452,0.278366,-0.684509,0.42066,0.595386,0.044758,-0.790802,0.610379,0.728437,0.443925,0.521701,0.012508,0.018633,-0.046565,3.075018,3.923678,3.291306,0.343881,0.024288,0.034469,-0.01801,0.685335,-0.44138,0.579222,0.008244,0.800038,0.599892,-0.728181,-0.406352,0.551932,0.006363,0.009294,-0.02318,2.956939,3.988555,3.349039,0.278613,0.071383,0.041091,-0.078565,0.083882,0.569661,-0.817588,-0.439424,0.757541,0.482739,0.894354,0.318775,0.313867,-0.007706,-0.037991,0.042886,0.155037,0.97989,0.312104,-0.998214
596,0.13748,-0.020872,0.255513,-0.149733,-0.565324,-0.811193,0.349692,-0.797691,0.491301,-0.92464,-0.209407,0.318144,-0.015772,-0.088086,0.092358,-0.028789,0.750185,0.109295,-1.897915,-0.205031,-0.039116,0.277493,-0.648994,0.467968,0.599837,-0.004708,-0.790779,0.61203,0.761546,0.393788,0.514627,0.013074,0.008376,-0.037195,0.94253,1.383364,1.054697,0.344437,0.024367,0.034625,-0.018417,0.649865,-0.484742,0.585405,0.053881,0.797664,0.600689,-0.758136,-0.358825,0.544493,0.006342,0.009791,-0.022673,0.872434,1.931981,0.433087,0.278613,0.071247,0.040254,-0.077677,0.097982,0.572653,-0.81392,-0.444507,0.756923,0.47904,0.890399,0.314857,0.328714,-0.007955,-0.044151,0.046027,0.144913,1.023911,0.307935,-0.996091
597,0.136872,-0.024236,0.258899,-0.182085,-0.565601,-0.804354,0.349863,-0.801759,0.48451,-0.918712,-0.192494,0.344878,-0.016099,-0.079403,0.080147,-0.064851,0.611851,-0.005232,-1.897114,-0.204657,-0.03851,0.275884,-0.553304,0.561448,0.615323,-0.112214,-0.782103,0.612909,0.826038,0.269372,0.494937,0.013297,0.009997,-0.035005,0.860195,1.446257,1.343277,0.342425,0.024554,0.034926,-0.019226,0.55218,-0.5734,0.605234,0.161416,0.785731,0.597136,-0.817949,-0.232032,0.526421,-0.001316,0.004703,-0.01754,1.020096,2.294911,0.875537,0.278613,0.070943,0.038574,-0.075981,0.130918,0.576518,-0.806527,-0.445348,0.761026,0.471703,0.885734,0.297431,0.356383,-0.008129,-0.039879,0.039814,0.009013,0.747592,0.090763,-0.995438
598,0.136241,-0.027492,0.262064,-0.215256,-0.56079,-0.799515,0.350702,-0.808479,0.472591,-0.911149,-0.177972,0.3717,-0.016313,-0.079959,0.079163,0.127074,0.815446,0.36825,-1.900149,-0.204336,-0.037997,0.274394,-0.444745,0.624132,0.64238,-0.207857,-0.769459,0.603872,0.871721,0.134265,0.471104,0.013187,0.009174,-0.036345,-0.01601,2.540948,-1.566615,0.342132,0.02472,0.035194,-0.019982,0.439883,-0.635499,0.634541,0.262341,0.766684,0.585979,-0.858882,-0.091296,0.503969,-0.001328,0.004754,-0.0175,1.067244,1.338826,0.94886,0.27649,0.070621,0.036908,-0.074371,0.162835,0.576013,-0.801057,-0.446033,0.767171,0.460979,0.880079,0.282235,0.381843,-0.016306,-0.045439,0.043527,0.094284,1.007841,0.192399,-0.994132
599,0.13594,-0.029095,0.263599,-0.231962,-0.559161,-0.795976,0.351375,-0.811203,0.467394,-0.906759,-0.170579,0.385639,-0.016559,-0.080986,0.077531,0.045087,0.804273,0.079771,-1.902937,-0.20422,-0.037815,0.273697,-0.389062,0.645042,0.65768,-0.25506,-0.761349,0.596008,0.885643,0.06333,0.459879,0.013196,0.009231,-0.036334,1.13283,1.365335,0.722474,0.339668,0.024778,0.035286,-0.020331,0.381601,-0.652979,0.654215,0.305872,0.757107,0.577262,-0.872251,-0.020178,0.488641,-0.001186,0.004802,-0.017692,3.948423,4.005512,2.512937,0.275673,0.070471,0.036108,-0.073602,0.180708,0.575921,-0.797282,-0.447364,0.770048,0.454851,0.875904,0.27448,0.396801,-0.008281,-0.040266,0.039127,0.128282,0.800706,0.351952,-0.993479
600,0.135492,-0.032063,0.266579,-0.270156,-0.554509,-0.787135,0.35495,-0.817303,0.45387,-0.894668,-0.156094,0.418606,-0.00013,-0.068901,0.071366,0.219648,0.977847,0.286113,-1.906483,-0.203851,-0.037827,0.272456,-0.27818,0.666811,0.691354,-0.335435,-0.741792,0.580656,0.900359,-0.071206,0.429124,0.013415,-0.003857,-0.031174,0.774919,1.62673,0.69214,0.333614,0.024963,0.035288,-0.02095,0.272908,-0.668928,0.691415,0.386082,0.734437,0.558159,-0.88117,0.114617,0.458695,0.006776,-0.002065,-0.016018,3.418665,4.046022,2.227103,0.268815,0.070245,0.03464,-0.072144,0.217049,0.576037,-0.78808,-0.450891,0.775203,0.442442,0.865786,0.259307,0.427987,-0.008087,-0.034141,0.035803,0.060866,0.742812,0.093412,-0.990213
601,0.135146,-0.034514,0.269269,-0.30277,-0.560765,-0.770661,0.359286,-0.816106,0.452611,-0.882374,-0.139159,0.449531,-0.015455,-0.054869,0.06666,0.061188,0.950014,-0.285094,-1.908719,-0.203045,-0.038341,0.271366,-0.207957,0.67734,0.70566,-0.391786,-0.718617,0.57448,0.896459,-0.15784,0.413897,0.029595,-0.017076,-0.027165,1.095265,1.358269,0.310356,0.335607,0.025359,0.035036,-0.021495,0.201175,-0.677014,0.70794,0.440253,0.7081,0.55206,-0.875045,0.200612,0.44051,0.014907,-0.008268,-0.013474,3.891072,3.612703,1.965879,0.265876,0.070072,0.033383,-0.070772,0.250517,0.585382,-0.771082,-0.455379,0.774118,0.439739,0.854324,0.240973,0.460501,0.00017,-0.028073,0.032742,0.057881,1.32854,-0.551477,-0.991846
602,0.134887,-0.036644,0.27184,-0.333004,-0.566598,-0.753737,0.358612,-0.815388,0.454436,-0.871658,-0.118271,0.475659,-0.015337,-0.053986,0.06783,0.022911,0.677559,-0.173326,-1.912867,-0.20177,-0.03894,0.270413,-0.155493,0.684991,0.711759,-0.431698,-0.6951,0.57481,0.88866,-0.218734,0.402867,0.046077,-0.013889,-0.023581,-0.000786,0.897029,0.196069,0.3527,0.02599,0.034729,-0.021981,0.150317,-0.681892,0.71584,0.481184,0.682978,0.549547,-0.863635,0.261845,0.430779,0.01509,-0.006771,-0.011083,1.187036,1.167385,0.332791,0.27649,0.069936,0.032297,-0.069461,0.28008,0.595046,-0.753308,-0.454621,0.773358,0.441855,0.845502,0.218715,0.487123,-0.007704,-0.026964,0.033974,0.006477,0.651832,-0.179844,-0.990376
603,0.134759,-0.037558,0.27306,-0.355227,-0.565206,-0.744581,0.346563,-0.81939,0.456581,-0.867724,-0.095158,0.487881,-0.014821,-0.041463,0.061606,-0.311804,0.864972,0.103619,-1.914445,-0.200985,-0.039252,0.270026,-0.140922,0.688032,0.71186,-0.442248,-0.686957,0.576576,0.885878,-0.234418,0.400164,0.046319,-0.012506,-0.021642,1.051785,-0.377092,2.911084,0.370184,0.026382,0.034572,-0.022176,0.13441,-0.682215,0.71869,0.489111,0.67644,0.550635,-0.861802,0.277508,0.424599,0.023496,-0.011667,-0.006816,3.698663,3.591884,2.068192,0.292492,0.069877,0.031854,-0.068877,0.301427,0.596168,-0.744126,-0.443417,0.778545,0.444125,0.844109,0.196087,0.499026,0.000407,-0.021831,0.029509,-1.12794,1.485148,0.736859,-0.98711
604,0.13445,-0.039151,0.275359,-0.390196,-0.565848,-0.726367,0.332268,-0.822271,0.461995,-0.858205,-0.060382,0.50977,-0.014476,-0.029793,0.054014,0.010057,0.385353,-0.072616,-1.914718,-0.199159,-0.040014,0.269417,-0.113377,0.690997,0.713905,-0.445498,-0.677514,0.585184,0.888164,-0.252551,0.383725,0.047229,-0.021682,-0.010751,-0.235969,0.24288,0.229297,0.396723,0.027277,0.034202,-0.022481,0.106057,-0.686053,0.719779,0.493484,0.664743,0.560882,-0.863263,0.295714,0.409057,0.023616,-0.01087,-0.005423,-0.324168,0.394183,0.335112,0.327436,0.069723,0.031054,-0.067723,0.336656,0.600617,-0.725203,-0.429311,0.78336,0.449487,0.838065,0.160015,0.521575,0.000557,-0.021075,0.030585,-0.030526,0.479368,-0.193555,-0.987274
605,0.134157,-0.040271,0.277537,-0.440123,-0.559484,-0.702363,0.30096,-0.828859,0.471581,-0.845456,-0.00314,0.534062,-0.01395,-0.026928,0.058034,0.238122,0.812431,-0.013159,-1.912877,-0.197243,-0.040821,0.268969,-0.06227,0.698898,0.712499,-0.460235,-0.653459,0.600923,0.885632,-0.291361,0.361424,0.062989,-0.009294,-0.018368,0.664874,1.601175,1.148136,0.421481,0.028247,0.033787,-0.022705,0.05755,-0.691468,0.720111,0.507283,0.641503,0.575445,-0.859855,0.332183,0.387688,0.023797,-0.010348,-0.005135,3.699748,3.65484,2.071555,0.360911,0.069575,0.030491,-0.066639,0.384469,0.600667,-0.700986,-0.398266,0.792976,0.461056,0.832806,0.101917,0.5441,-0.00688,-0.007979,0.024816,-0.064207,0.233602,-0.12072,-0.989723
606,0.134005,-0.040693,0.278566,-0.457766,-0.558023,-0.692174,0.289286,-0.829649,0.47746,-0.840127,0.019017,0.542081,-0.013948,-0.02688,0.057986,0.066519,0.555487,-0.170223,-1.91194,-0.196208,-0.041184,0.268758,-0.043994,0.701027,0.711771,-0.461984,-0.645879,0.607737,0.885794,-0.302957,0.351355,0.063684,-0.019938,-0.009573,-0.538333,0.599299,0.518704,0.440266,0.028764,0.033609,-0.022813,0.037961,-0.692888,0.720045,0.510129,0.633036,0.582266,-0.859259,0.345212,0.377493,0.023828,-0.010016,-0.004329,-0.217473,0.331601,0.014145,0.380179,0.0695,0.030282,-0.066122,0.403172,0.600803,-0.69028,-0.38716,0.795454,0.466217,0.829191,0.079283,0.553312,0.001072,-0.008671,0.024101,0.208464,0.551789,0.096954,-0.994949
607,0.133735,-0.041312,0.280508,-0.491496,-0.551724,-0.673853,0.259962,-0.831424,0.491046,-0.830569,0.066851,0.552913,-0.013391,-0.014314,0.051625,-0.018912,0.265728,-0.086103,-1.910736,-0.194018,-0.041785,0.268269,-0.007969,0.702775,0.711361,-0.471685,-0.629807,0.617082,0.881681,-0.331489,0.335584,0.047758,-0.020304,-0.009325,-0.217383,0.45119,0.325119,0.471725,0.029865,0.033312,-0.023052,0.000882,-0.693186,0.720757,0.518794,0.616492,0.592274,-0.854898,0.373402,0.360164,0.031656,-0.004129,-0.008662,-0.079333,0.872595,0.445287,0.42786,0.069364,0.029967,-0.065149,0.437505,0.598387,-0.671209,-0.358486,0.800623,0.480093,0.824667,0.030576,0.56479,0.00121,-0.007935,0.025058,0.006449,0.304106,-0.00911,-1.003929
608,0.133404,-0.041575,0.28235,-0.527339,-0.538727,-0.657064,0.219851,-0.833503,0.506864,-0.820071,0.123497,0.558802,-0.012901,-0.0022,0.044561,-1.324048,1.442742,0.124518,-1.905006,-0.191836,-0.042367,0.267757,0.023247,0.701898,0.711892,-0.483612,-0.615222,0.622539,0.874882,-0.359618,0.324221,0.047969,-0.019641,-0.008583,-0.276858,0.289341,0.260984,0.479626,0.030956,0.03302,-0.02331,-0.029953,-0.69091,0.72232,0.530664,0.601401,0.597253,-0.847052,0.401199,0.348628,0.031701,-0.004345,-0.009163,-0.416997,0.527193,0.253968,0.452027,0.069199,0.029833,-0.064223,0.473223,0.589722,-0.654435,-0.320278,0.807218,0.495803,0.820659,-0.025024,0.570869,0.001328,-0.001853,0.021308,-4.239972,4.424582,0.972532,-1.002133
609,0.133256,-0.041658,0.283219,-0.539399,-0.533846,-0.651232,0.206229,-0.833581,0.51243,-0.815744,0.14276,0.560543,-0.012987,-0.002682,0.043733,-0.233104,0.499873,-0.630718,-1.900503,-0.190739,-0.042635,0.267467,0.031819,0.700997,0.712447,-0.490592,-0.609974,0.622242,0.870705,-0.370185,0.323572,0.064051,-0.020274,-0.010959,0.071099,0.079864,0.102739,0.480733,0.031499,0.032888,-0.023451,-0.03974,-0.689641,0.723059,0.536538,0.595731,0.597687,-0.842939,0.411701,0.346344,0.023704,-0.004272,-0.008514,0.368164,0.37036,0.044234,0.456763,0.069125,0.029793,-0.063786,0.486689,0.585555,-0.648273,-0.305481,0.809318,0.501682,0.818422,-0.046128,0.572762,0.00144,-0.002164,0.021087,-0.610927,1.764198,-2.287449,-1.005073
610,0.132923,-0.041653,0.284885,-0.570873,-0.518034,-0.637016,0.17021,-0.833676,0.525342,-0.802502,0.192116,0.564897,-0.012724,-0.001402,0.045275,-0.071933,0.004532,0.005273,-1.892642,-0.188588,-0.043033,0.26692,0.034712,0.700902,0.712406,-0.48883,-0.609731,0.623865,0.871581,-0.370766,0.320533,0.047676,-0.006574,-0.014197,-0.007649,0.077199,-0.103497,0.482676,0.03258,0.03268,-0.023729,-0.042422,-0.689516,0.723025,0.534972,0.595515,0.599304,-0.843803,0.412222,0.343609,0.031897,-0.003209,-0.00767,0.008476,-0.051875,0.088371,0.461825,0.068958,0.029793,-0.062956,0.519724,0.574046,-0.632738,-0.270166,0.813046,0.515718,0.810491,-0.097087,0.577647,0.001541,-0.001394,0.022016,-0.068708,-0.012227,0.034705,-1.005889
611,0.132665,-0.041533,0.286436,-0.601611,-0.503223,-0.620384,0.141041,-0.831367,0.537502,-0.785504,0.236489,0.571913,-0.012811,-0.001945,0.044234,-0.096056,0.155997,-0.209829,-1.895494,-0.186574,-0.043289,0.266463,0.03751,0.701556,0.711621,-0.487244,-0.608788,0.626022,0.872349,-0.37108,0.318071,0.047963,-0.004003,-0.010412,0.005917,-0.045345,0.087925,0.481996,0.033605,0.032548,-0.023965,-0.045199,-0.689992,0.722404,0.533345,0.594788,0.601472,-0.844688,0.412477,0.34112,0.023997,-0.001923,-0.00512,0.009202,-0.051633,0.083629,0.463131,0.068829,0.029855,-0.062178,0.551667,0.562704,-0.615651,-0.241131,0.814214,0.528119,0.798447,-0.142894,0.584861,0.001614,0.003758,0.017195,-0.118675,0.137321,-0.120951,-1.010461
612,0.132469,-0.041317,0.287899,-0.633332,-0.48862,-0.600156,0.114455,-0.826122,0.551721,-0.764598,0.281335,0.579887,0.003343,0.007932,0.034698,-0.060841,0.059517,0.036322,-1.898633,-0.184817,-0.04343,0.266162,0.040174,0.703103,0.709945,-0.485718,-0.607072,0.628869,0.873078,-0.370966,0.316201,0.032072,-0.001769,-0.005654,-0.01336,-0.008651,0.07371,0.481773,0.034472,0.032478,-0.024114,-0.048106,-0.691415,0.720853,0.531613,0.593259,0.604508,-0.845619,0.412296,0.339026,0.024098,-0.000861,-0.003544,0.008175,-0.041312,0.090351,0.463621,0.068727,0.029962,-0.06143,0.584616,0.551938,-0.594631,-0.214517,0.812003,0.542799,0.782435,-0.189771,0.593111,0.001651,0.003958,0.01734,-0.08032,0.028577,0.038635,-1.009318
613,0.132403,-0.041165,0.2886,-0.652745,-0.479726,-0.586372,0.101034,-0.822215,0.560113,-0.750015,0.30696,0.585902,-0.012499,0.00902,0.035409,-0.052345,0.149692,-0.120732,-1.900125,-0.184058,-0.043471,0.266047,0.040099,0.706135,0.706935,-0.485839,-0.604352,0.631389,0.873014,-0.369646,0.317918,0.048243,-0.001022,-0.005999,0.006451,-0.048814,0.093649,0.482324,0.034845,0.032458,-0.02417,-0.048059,-0.694515,0.71787,0.531853,0.590551,0.606943,-0.845471,0.410971,0.340999,0.016054,-0.00079,-0.002731,0.010228,-0.044862,0.068609,0.463947,0.068697,0.030032,-0.061105,0.604577,0.545273,-0.580657,-0.200955,0.809799,0.551218,0.77078,-0.216568,0.599161,0.001565,0.003512,0.016664,-0.384661,0.424685,0.140662,-1.014217
614,0.132316,-0.040858,0.28995,-0.69206,-0.472384,-0.545849,0.08682,-0.80517,0.586631,-0.715758,0.359177,0.598925,-0.012552,0.00864,0.034639,-0.030671,0.351613,-0.332921,-1.89494,-0.182968,-0.04355,0.265957,0.042531,0.709364,0.703553,-0.48434,-0.601164,0.635571,0.873728,-0.368666,0.317092,0.016838,-0.011231,0.00655,-0.035905,-0.001546,0.013085,0.480589,0.035402,0.032423,-0.02422,-0.050782,-0.697716,0.714572,0.530295,0.587461,0.611289,-0.84629,0.409977,0.340163,0.016137,0.000309,-0.00104,0.014215,-0.036874,0.046703,0.463947,0.068655,0.030189,-0.060416,0.643702,0.542741,-0.539517,-0.185239,0.794535,0.578273,0.742518,-0.272295,0.611981,0.001668,0.004064,0.017299,-0.118957,0.497392,-0.348578,-1.016503
615,0.132094,-0.040617,0.29116,-0.718285,-0.46017,-0.521876,0.071885,-0.79516,0.602101,-0.691152,0.395533,0.604887,-0.013158,0.005361,0.02997,-0.050646,0.21256,-0.331128,-1.871772,-0.182173,-0.043584,0.266021,0.044498,0.718841,0.693743,-0.48313,-0.592231,0.644811,0.874297,-0.364749,0.32004,0.016237,0.001862,0.001395,-0.010645,0.00046,0.040228,0.474877,0.035799,0.032401,-0.024186,-0.053557,-0.707237,0.704944,0.528854,0.578731,0.620792,-0.847021,0.40606,0.34303,0.008507,-0.00446,0.005056,-0.013963,-0.107417,0.169458,0.458069,0.06854,0.030317,-0.059792,0.67078,0.533678,-0.515015,-0.169384,0.786297,0.594175,0.722054,-0.311326,0.617829,-0.006621,0.002547,0.014802,-0.047064,0.201697,-0.324181,-1.021402
616,0.131958,-0.040605,0.291711,-0.737182,-0.445411,-0.50815,0.056255,-0.789885,0.610646,-0.672454,0.422122,0.607985,-0.013754,0.00221,0.025631,-0.082052,0.291205,-0.394033,-1.849719,-0.1819,-0.043607,0.266112,0.046539,0.725772,0.686353,-0.481832,-0.585462,0.651925,0.874904,-0.361944,0.321563,0.000874,-0.009301,0.011074,-0.058318,0.008549,0.070726,0.473222,0.035942,0.032394,-0.024143,-0.05615,-0.714185,0.6977,0.52747,0.572103,0.62807,-0.847715,0.403282,0.344587,0.008153,0.001444,0.001481,0.032544,-0.253211,0.456314,0.455293,0.068477,0.030325,-0.059522,0.690885,0.521073,-0.501158,-0.153255,0.783002,0.602843,0.706533,-0.339691,0.620822,0.000862,-0.004871,0.016676,-0.204029,0.449073,-0.435015,-1.018299
617,0.131667,-0.040733,0.292744,-0.772677,-0.422447,-0.47387,0.038466,-0.776272,0.6292,-0.632697,0.468463,0.616655,0.001381,-0.011638,0.030718,-0.076668,0.221565,-0.350485,-1.754168,-0.181525,-0.043624,0.266301,0.045738,0.738166,0.673061,-0.482206,-0.573646,0.662074,0.874741,-0.355749,0.328836,0.000127,0.001904,0.00298,0.089263,-0.536314,0.871994,0.471292,0.03613,0.032385,-0.024041,-0.056063,-0.726622,0.684746,0.52788,0.560557,0.638057,-0.847466,0.397235,0.352143,6e-05,0.000976,0.001528,0.096093,-0.581448,0.938904,0.453007,0.068326,0.030262,-0.059013,0.728286,0.502364,-0.466079,-0.134424,0.771652,0.621677,0.671959,-0.390107,0.629513,-0.006986,0.000589,0.012065,-0.048066,0.082998,-0.158048,-0.978456
618,0.131404,-0.041271,0.293817,-0.796765,-0.400916,-0.452192,0.022851,-0.767755,0.640315,-0.602896,0.500343,0.621451,-0.015889,-0.027698,0.031604,-0.475475,2.015718,-2.036187,-1.695499,-0.181268,-0.043699,0.266505,0.044958,0.749388,0.660597,-0.482374,-0.562673,0.671303,0.87469,-0.349763,0.33533,0.000111,0.001689,0.002642,0.077037,-0.428972,0.70501,0.470223,0.036259,0.032347,-0.023939,-0.056139,-0.73755,0.672953,0.527849,0.550193,0.64704,-0.84748,0.391542,0.358428,0.000392,-0.00476,0.005445,0.235608,-1.540807,2.517459,0.451864,0.068202,0.030007,-0.058467,0.752494,0.484013,-0.446635,-0.116904,0.765554,0.63266,0.648139,-0.42386,0.632658,5.9e-05,-0.008997,0.011054,0.256683,0.596027,0.120578,-0.957065
619,0.131431,-0.042659,0.29482,-0.809331,-0.395544,-0.434252,0.025655,-0.762434,0.646537,-0.585817,0.51261,0.627756,0.014317,-0.036946,0.020471,0.01582,0.192067,0.035571,-1.675337,-0.181193,-0.043842,0.266699,0.035347,0.758488,0.650721,-0.475726,-0.559742,0.67846,0.878775,-0.334486,0.3402,4.6e-05,0.000707,0.001104,-0.016877,-0.137411,0.152651,0.467295,0.036296,0.032277,-0.02384,-0.047271,-0.747729,0.662318,0.521342,0.547115,0.654879,-0.852036,0.376251,0.36396,2.4e-05,0.00039,0.000613,-0.098416,-0.097692,-0.058822,0.449088,0.068204,0.029316,-0.057962,0.766941,0.480361,-0.425504,-0.12099,0.75942,0.63925,0.630208,-0.438785,0.64055,-0.000869,-0.023205,0.015128,-0.016001,0.216927,0.034392,-0.954616
620,0.131455,-0.043581,0.295408,-0.815915,-0.388819,-0.427959,0.026674,-0.764714,0.643796,-0.576573,0.514347,0.634853,-0.001822,-0.047043,0.02941,0.106633,0.375471,0.073946,-1.678436,-0.181186,-0.043934,0.266785,0.034974,0.763088,0.645341,-0.475783,-0.555039,0.682273,0.87876,-0.33185,0.342812,1.7e-05,0.000267,0.000417,0.000623,-0.003469,0.005714,0.465275,0.0363,0.032231,-0.023796,-0.047229,-0.752516,0.656876,0.521297,0.542385,0.658836,-0.852066,0.373545,0.366668,6e-06,0.000114,0.000179,0.0014,-0.005845,0.010231,0.447128,0.068222,0.028856,-0.057676,0.773874,0.474772,-0.419176,-0.122408,0.761495,0.636507,0.621397,-0.441266,0.647417,0.006973,-0.024101,0.014246,0.161583,0.40657,0.166744,-0.967352
621,0.131479,-0.04577,0.296655,-0.830959,-0.368462,-0.416879,0.026437,-0.774631,0.631839,-0.554704,0.514466,0.653954,-0.002747,-0.061278,0.033404,0.41933,0.807634,0.282927,-1.690376,-0.181218,-0.044137,0.266972,0.02495,0.774122,0.632538,-0.469528,-0.549418,0.691098,0.882471,-0.315197,0.34894,0.000771,-0.010916,0.008537,0.040489,-0.416088,0.688206,0.464444,0.036283,0.032133,-0.023708,-0.038095,-0.763565,0.644605,0.515062,0.537778,0.667462,-0.856305,0.357439,0.372797,-0.008095,-4.3e-05,0.000799,0.268114,-1.514472,2.481495,0.443863,0.068233,0.027742,-0.057042,0.790269,0.457225,-0.407943,-0.123091,0.770633,0.625277,0.600267,-0.443923,0.665289,-0.00143,-0.03085,0.016415,0.324637,0.757534,0.273862,-0.992989
622,0.131737,-0.048188,0.297898,-0.839782,-0.358876,-0.407456,0.030194,-0.780182,0.624801,-0.541073,0.512837,0.666533,0.01311,-0.062806,0.031933,0.035333,0.326229,0.053749,-1.711593,-0.18126,-0.04435,0.267221,0.007599,0.7849,0.619569,-0.461689,-0.54673,0.698472,0.886938,-0.292331,0.357416,0.000834,-0.009942,0.010056,0.15759,-0.433316,-0.306133,0.465167,0.036262,0.032025,-0.023586,-0.023818,-0.775936,0.630361,0.506208,0.534371,0.676904,-0.862082,0.335217,0.380058,5e-05,0.000789,0.001233,0.040038,-0.868321,-0.272613,0.444679,0.068356,0.026552,-0.056439,0.80107,0.447184,-0.397885,-0.127197,0.776719,0.616868,0.584899,-0.443545,0.679087,-0.001416,-0.030822,0.016424,0.013507,0.353517,0.043209,-1.01291
623,0.131934,-0.049347,0.298467,-0.846287,-0.349675,-0.401962,0.02981,-0.784421,0.61949,-0.530876,0.512715,0.674776,0.013125,-0.062955,0.031697,0.299383,0.641315,0.221079,-1.722215,-0.181247,-0.044478,0.267386,0.006863,0.791522,0.611095,-0.461995,-0.539357,0.70398,0.886786,-0.288138,0.36118,0.000126,0.001918,0.002993,0.003622,-0.004528,-0.002424,0.464788,0.036269,0.031959,-0.023506,-0.021293,-0.782517,0.622264,0.50771,0.527714,0.68099,-0.861264,0.330431,0.386055,0.000423,-0.004834,0.005241,-0.051727,0.024294,-0.01893,0.443699,0.068454,0.025972,-0.056155,0.807425,0.440181,-0.392815,-0.127027,0.779916,0.612857,0.576131,-0.444939,0.685639,0.006652,-0.026183,0.01138,0.3469,0.686321,0.285246,-1.0134
624,0.132368,-0.051497,0.299448,-0.850423,-0.350178,-0.392685,0.042915,-0.790078,0.61148,-0.523322,0.503596,0.687424,0.013358,-0.052736,0.0222,0.22763,0.496482,0.12784,-1.734437,-0.181108,-0.044704,0.267809,-0.008857,0.803472,0.595269,-0.459187,-0.531973,0.711397,0.888246,-0.268038,0.372877,0.01715,-0.006859,0.013303,0.005169,-0.155585,0.182551,0.464439,0.036332,0.031844,-0.023297,-0.006511,-0.795293,0.606189,0.504952,0.520622,0.688458,-0.863122,0.310579,0.398195,0.000493,-0.003717,0.006981,-0.028872,-0.103764,0.132296,0.443863,0.068676,0.024874,-0.055652,0.811994,0.440375,-0.383058,-0.140545,0.784512,0.603975,0.56649,-0.436588,0.698912,0.006661,-0.026356,0.011099,0.267569,0.521519,0.133154,-1.025974
625,0.133113,-0.053216,0.300167,-0.852962,-0.352342,-0.385171,0.055828,-0.795242,0.603693,-0.517951,0.493858,0.698469,0.030126,-0.040853,0.015604,0.099264,0.269886,0.10695,-1.757155,-0.180996,-0.044899,0.268417,-0.029077,0.810643,0.58481,-0.45889,-0.530475,0.712705,0.887994,-0.24865,0.386656,0.001156,-0.004982,0.017745,0.035572,-0.09478,-0.029409,0.4609,0.036394,0.031746,-0.022996,0.013185,-0.803563,0.595073,0.504826,0.519058,0.68973,-0.86312,0.291314,0.412503,0.000576,-0.002379,0.009053,0.011812,-0.208554,0.193475,0.440923,0.069032,0.024041,-0.05531,0.814356,0.44256,-0.37545,-0.153891,0.788428,0.595564,0.559589,-0.427223,0.710168,0.015094,-0.020153,0.00815,0.170796,0.359448,0.156295,-1.021728
626,0.13412,-0.05454,0.300643,-0.857754,-0.352637,-0.3741,0.066564,-0.797777,0.599244,-0.508698,0.489537,0.708242,0.030556,-0.029581,0.007541,0.059879,0.168466,0.07651,-1.778425,-0.180982,-0.045109,0.269202,-0.059163,0.817526,0.572837,-0.458456,-0.531887,0.711933,0.886763,-0.221519,0.405517,0.001234,-0.003744,0.019619,0.393912,-1.861126,2.3126,0.455812,0.0364,0.031647,-0.022613,0.041255,-0.810194,0.584707,0.503502,0.522326,0.688229,-0.863007,0.266009,0.429483,0.000623,-0.001596,0.01025,0.412712,-0.570664,-0.122816,0.435861,0.06954,0.023361,-0.055061,0.819215,0.443121,-0.364045,-0.164665,0.789815,0.590827,0.549336,-0.424069,0.719995,0.015295,-0.014614,0.003984,0.029083,0.158719,0.088565,-1.030873
627,0.13472,-0.055166,0.300897,-0.860825,-0.353381,-0.366261,0.072935,-0.797927,0.598302,-0.502608,0.488756,0.713113,0.030936,-0.027763,0.009988,2.208426,-2.985096,-3.791197,-1.789489,-0.180967,-0.045231,0.269623,-0.074331,0.820791,0.566365,-0.455193,-0.533133,0.713093,0.887322,-0.205824,0.412504,0.001246,-0.003531,0.019922,0.056713,-0.236325,0.177484,0.453363,0.036409,0.031581,-0.02239,0.0576,-0.815796,0.575462,0.501312,0.522113,0.689988,-0.863346,0.248743,0.439042,0.000997,-0.007194,0.014282,-0.042016,-0.19214,0.167633,0.432922,0.06984,0.023045,-0.054938,0.82412,0.440158,-0.356491,-0.16623,0.789617,0.590653,0.541472,-0.42751,0.723907,0.015522,-0.013523,0.005461,0.302186,0.409164,0.202872,-1.035608
628,0.135791,-0.056138,0.301465,-0.866172,-0.350253,-0.35653,0.078561,-0.79996,0.594865,-0.492486,0.487678,0.72087,0.031687,-0.023949,0.015146,2.125104,-3.022614,-3.824828,-1.799453,-0.1809,-0.045581,0.27066,-0.09236,0.827066,0.554457,-0.459063,-0.529385,0.713405,0.883651,-0.189672,0.427841,0.002121,-0.012768,0.030956,0.085353,-0.273598,0.071454,0.44974,0.036442,0.031408,-0.021877,0.074361,-0.823064,0.563058,0.504585,0.518064,0.690653,-0.860153,0.232754,0.45383,0.001031,-0.00657,0.015201,0.113459,-0.284663,0.019559,0.427044,0.070375,0.022556,-0.054659,0.829719,0.437545,-0.346583,-0.172064,0.79117,0.586892,0.530999,-0.427321,0.731735,0.007838,-0.011202,0.008331,0.235202,0.347929,0.158802,-1.036424
629,0.136873,-0.056882,0.302078,-0.873231,-0.34142,-0.347772,0.078617,-0.802986,0.590767,-0.47987,0.488956,0.728474,0.032496,-0.009917,0.010892,0.214849,0.267065,0.216513,-1.805619,-0.18077,-0.046058,0.271875,-0.116807,0.826285,0.550999,-0.453486,-0.537848,0.710636,0.88367,-0.167894,0.436809,0.002133,-0.01248,0.031307,0.045632,-0.140657,-0.112187,0.444689,0.036507,0.031172,-0.021267,0.098797,-0.823441,0.558733,0.499346,0.526694,0.687927,-0.86075,0.211036,0.463219,0.001067,-0.005889,0.016201,0.045037,-0.19741,-0.115836,0.421165,0.070915,0.022177,-0.054352,0.834781,0.434737,-0.337851,-0.176997,0.79295,0.58301,0.521356,-0.426888,0.738887,0.008099,-0.00982,0.010204,0.30609,0.409159,0.175843,-1.029729
630,0.137951,-0.057252,0.302571,-0.87281,-0.34419,-0.346095,0.082129,-0.80256,0.590868,-0.480048,0.487715,0.729188,0.032672,-0.008877,0.012248,-0.030777,-0.027019,0.067678,-1.807341,-0.180558,-0.046654,0.273198,-0.133431,0.82391,0.550781,-0.454556,-0.544615,0.704774,0.880783,-0.157351,0.446458,0.002905,-0.023297,0.039872,0.036979,-0.142718,-0.139117,0.440641,0.036613,0.030878,-0.020608,0.115602,-0.821787,0.557944,0.500714,0.533333,0.681792,-0.857858,0.200554,0.473134,0.001075,-0.005682,0.016458,0.074587,-0.182314,-0.106143,0.415287,0.071455,0.021995,-0.054102,0.834575,0.436619,-0.335926,-0.180167,0.792578,0.582545,0.520598,-0.425656,0.740131,0.008355,0.001342,0.002065,-0.01372,-0.028581,0.027991,-1.025484
631,0.138423,-0.05728,0.302738,-0.873355,-0.344159,-0.344748,0.082145,-0.80168,0.592058,-0.479054,0.489181,0.728859,0.016977,0.004209,0.006229,0.001781,-0.028146,0.054983,-1.808027,-0.180349,-0.047006,0.273946,-0.145619,0.823508,0.54829,-0.454245,-0.547871,0.702447,0.879027,-0.147797,0.453134,0.019052,-0.02231,0.039771,0.100086,-0.28537,-0.195005,0.439017,0.036711,0.030705,-0.020247,0.126747,-0.822088,0.555071,0.500101,0.536221,0.679974,-0.85664,0.191407,0.479091,0.009522,-0.010859,0.020339,0.016797,-0.766002,-0.478381,0.413164,0.071684,0.021978,-0.054023,0.835021,0.436815,-0.334561,-0.18015,0.791588,0.583895,0.519889,-0.427294,0.739685,0.008443,0.001878,0.002789,0.002564,-0.03715,0.0554,-1.024994
632,0.139223,-0.057092,0.303016,-0.876179,-0.342728,-0.33896,0.083323,-0.800343,0.593701,-0.473673,0.492368,0.73023,0.017206,0.005737,0.008263,-0.979444,1.733874,-1.832611,-1.807084,-0.179824,-0.047683,0.275411,-0.169708,0.821313,0.544641,-0.453322,-0.555667,0.696898,0.875206,-0.129654,0.465904,0.002202,-0.011008,0.033277,0.308501,-0.508083,-0.119892,0.433752,0.036981,0.030355,-0.019485,0.15068,-0.821038,0.550628,0.498974,0.543996,0.674605,-0.853416,0.1731,0.491646,0.001078,-0.005448,0.016722,0.419172,-0.570929,-0.166495,0.407122,0.072102,0.022072,-0.053875,0.837658,0.435543,-0.329591,-0.180872,0.79058,0.585036,0.515377,-0.430446,0.741014,0.00862,0.002942,0.00422,-0.983846,1.72227,-1.835441,-1.023524
633,0.139793,-0.05682,0.303416,-0.877644,-0.340284,-0.33763,0.082541,-0.801146,0.592725,-0.471095,0.492752,0.731636,0.017534,0.007897,0.011136,0.001894,-0.028067,0.055078,-1.804691,-0.179036,-0.048371,0.277035,-0.19376,0.819246,0.539707,-0.452191,-0.56268,0.691989,0.870817,-0.110994,0.47877,0.01844,-0.008,0.036081,0.358148,-0.496678,-0.274848,0.425911,0.037368,0.030012,-0.018691,0.173935,-0.820193,0.545004,0.497632,0.550783,0.670073,-0.849769,0.154663,0.503955,0.017645,-0.009171,0.021932,0.35221,-0.555485,-0.303042,0.397651,0.072381,0.022204,-0.05368,0.839505,0.433617,-0.327425,-0.180594,0.791018,0.584529,0.512462,-0.431584,0.742373,0.000792,0.004797,0.006484,-0.00129,-0.032831,0.050164,-1.020422
634,0.140004,-0.056664,0.303684,-0.877485,-0.339735,-0.338595,0.081643,-0.801463,0.592422,-0.471547,0.492616,0.731437,0.017709,0.009055,0.012665,0.002564,-0.04171,0.080455,-1.802212,-0.178543,-0.048678,0.277891,-0.208506,0.818526,0.535287,-0.447347,-0.566417,0.692089,0.869933,-0.096178,0.48356,0.019295,-0.017423,0.046689,0.060018,-0.208032,-0.07178,0.419112,0.037622,0.029854,-0.018252,0.190435,-0.819865,0.539958,0.493914,0.555357,0.669049,-0.848399,0.139283,0.510702,0.009621,-0.008635,0.023459,0.028523,-0.185611,-0.063697,0.391773,0.072486,0.022281,-0.053547,0.839385,0.433109,-0.3284,-0.179765,0.791404,0.584263,0.512947,-0.431387,0.742151,0.000732,-0.00044,0.010999,-0.034419,-0.002164,0.005598,-1.018952
