frame,MLTx,MLTy,MLTz,MLTR1,MLTR2,MLTR3,MLTR4,MLTR5,MLTR6,MLTR7,MLTR8,MLTR9,MLTTVx,MLTTVy,MLTTVz,MLTRVx,MLTRVy,MLTRVz,MLGA,MRTx,MRTy,MRTz,MRTR1,MRTR2,MRTR3,MRTR4,MRTR5,MRTR6,MRTR7,MRTR8,MRTR9,MRTTVx,MRTTVy,MRTTVz,MRTRVx,MRTRVy,MRTRVz,MRGA,SLTx,SLTy,SLTz,SLTR1,SLTR2,SLTR3,SLTR4,SLTR5,SLTR6,SLTR7,SLTR8,SLTR9,SLTTVx,SLTTVy,SLTTVz,SLTRVx,SLTRVy,SLTRVz,SLGA,SRTx,SRTy,SRTz,SRTR1,SRTR2,SRTR3,SRTR4,SRTR5,SRTR6,SRTR7,SRTR8,SRTR9,SRTTVx,SRTTVy,SRTTVz,SRTRVx,SRTRVy,SRTRVz,SRGA
142,0.124715,-0.012587,0.31728,-0.034538,-0.13949,-0.989644,-0.619779,-0.773808,0.130644,-0.783982,0.618043,-0.058495,-0.000484,-0.002381,-0.002477,-0.0,-0.0,0.0,0.085808,-0.183793,-0.021243,0.317783,0.334636,0.623715,0.706393,-0.519911,-0.50287,0.69047,0.78544,-0.599079,0.155086,0.0,3e-06,3e-06,-0.0,-0.0,-0.0,-1.404232,0.035479,0.033973,-0.022419,-0.489009,-0.510569,0.707239,0.431073,0.563414,0.704797,-0.758317,0.649525,-0.055422,-1e-06,-1.9e-05,-1.8e-05,0.000161,0.000142,5.1e-05,-0.93186,0.063935,0.031894,-0.066447,0.056325,0.149725,-0.987121,0.501347,0.850762,0.157649,0.86341,-0.50377,-0.027145,-0.000244,-0.001206,-0.001256,8.4e-05,0.000392,-0.00068,-0.070561
143,0.124762,-0.012695,0.317199,-0.034174,-0.13984,-0.989607,-0.615219,-0.777371,0.131041,-0.787582,0.613474,-0.058234,-0.00035,-0.001723,-0.001794,0.000359,-4.8e-05,2.1e-05,0.047977,-0.183772,-0.021234,0.317775,0.334641,0.623762,0.706348,-0.519916,-0.502816,0.690505,0.785435,-0.599075,0.155129,0.0,0.0,0.0,0.0,0.0,0.0,-1.398307,0.03549,0.033977,-0.022424,-0.489012,-0.510619,0.707201,0.431071,0.563363,0.704839,-0.758316,0.64953,-0.055378,-2e-06,-6e-06,-9e-06,0.000124,0.000112,8.2e-05,-0.931044,0.063959,0.03184,-0.066488,0.055919,0.150029,-0.987098,0.496309,0.853671,0.157865,0.866342,-0.498734,-0.026724,-0.000204,-0.001016,-0.001056,0.001025,-5.5e-05,-5.9e-05,-0.126569
144,0.12483,-0.012802,0.31709,-0.037058,-0.140916,-0.989351,-0.614849,-0.777215,0.133677,-0.787737,0.613427,-0.056608,-0.000533,-0.002625,-0.002736,-0.00051,0.015042,-0.024578,-0.004853,-0.183671,-0.021249,0.317781,0.334662,0.623899,0.706217,-0.519826,-0.502734,0.690632,0.785485,-0.599001,0.155161,0.0,0.0,0.0,0.0,0.0,0.0,-1.385019,0.03554,0.033969,-0.02242,-0.489023,-0.510769,0.707085,0.430959,0.5633,0.704958,-0.758373,0.649466,-0.055346,0.007344,0.000112,-0.000463,0.002146,-0.015122,0.0293,-0.929574,0.063993,0.03179,-0.066539,0.0586,0.151482,-0.986721,0.495859,0.853447,0.16047,0.866423,-0.498678,-0.025102,0.007068,-0.00178,-0.001661,0.000787,-0.014894,0.029892,-0.18862
145,0.124837,-0.012802,0.317046,-0.042539,-0.143009,-0.98883,-0.614033,-0.776975,0.138731,-0.78809,0.61325,-0.053529,-0.000212,-0.001042,-0.001086,0.000239,0.001023,-0.001719,-0.024387,-0.183584,-0.02126,0.317763,0.33468,0.62401,0.706111,-0.519788,-0.502642,0.690728,0.785503,-0.598963,0.155217,0.014674,-0.000193,-0.001349,0.002045,-0.015205,0.029245,-1.357067,0.035584,0.033964,-0.022429,-0.489031,-0.510891,0.706991,0.4309,0.563222,0.705056,-0.758401,0.649438,-0.055291,0.007334,-0.000115,-0.000698,0.002122,-0.015136,0.02924,-0.924512,0.063996,0.031786,-0.066565,0.063811,0.154358,-0.985952,0.494861,0.853051,0.165578,0.866626,-0.498475,-0.021952,-0.000115,-0.000574,-0.000598,-0.000373,-0.001442,0.002393,-0.216869
146,0.124884,-0.012731,0.316987,-0.050934,-0.147514,-0.987771,-0.603041,-0.783824,0.148098,-0.796029,0.60339,-0.047804,3e-06,1.6e-05,1.7e-05,0.00036,-4.5e-05,3e-06,-0.056305,-0.183409,-0.021261,0.317733,0.334717,0.624276,0.705859,-0.519717,-0.502409,0.690952,0.785534,-0.598882,0.155371,-0.0,-6e-06,-6e-06,0.0,0.0,0.0,-1.266708,0.035671,0.033963,-0.022445,-0.489045,-0.511184,0.70677,0.430779,0.563022,0.70529,-0.75846,0.649381,-0.055136,0.007349,0.000132,-0.000441,0.002112,-0.01516,0.029292,-0.891201,0.064019,0.031821,-0.066595,0.071457,0.159981,-0.984529,0.482618,0.858272,0.174494,0.87291,-0.487621,-0.015881,1.3e-05,5.9e-05,6.2e-05,0.002358,-0.005894,0.009357,-0.249037
147,0.125086,-0.012787,0.316949,-0.063304,-0.153844,-0.986088,-0.591268,-0.790186,0.161184,-0.803919,0.593434,-0.039713,0.014441,-0.00204,-0.001744,0.004577,-0.118266,0.198625,-0.120824,-0.183286,-0.021127,0.317789,0.331055,0.626741,0.705401,-0.516675,-0.505006,0.691339,0.789087,-0.5941,0.155725,0.000166,0.003408,0.003548,-0.0,-0.0,-0.0,-1.028983,0.035733,0.034025,-0.022422,-0.48553,-0.513862,0.707251,0.427891,0.565791,0.704831,-0.762343,0.644844,-0.054832,0.000103,0.002127,0.002213,-0.010238,0.086396,-0.146098,-0.810372,0.064115,0.031795,-0.066612,0.082929,0.16805,-0.982283,0.469515,0.862839,0.187254,0.87902,-0.476725,-0.007348,-5.1e-05,-0.000257,-0.000272,-0.001986,-0.005911,0.010009,-0.286757
148,0.125363,-0.012782,0.316932,-0.066689,-0.1552,-0.985652,-0.59042,-0.790175,0.164314,-0.804264,0.593097,-0.03771,0.00021,0.001043,0.001087,0.0,0.0,-0.0,-0.19438,-0.183128,-0.020645,0.317966,0.32474,0.637827,0.698364,-0.509702,-0.503839,0.697341,0.796218,-0.583193,0.160583,-0.000191,0.021699,0.002763,0.039946,-0.040549,0.067411,-0.507964,0.035811,0.034252,-0.022341,-0.478894,-0.526062,0.702793,0.419934,0.565752,0.709633,-0.770918,0.634966,-0.050024,0.007584,0.005241,0.004866,0.001478,-0.027247,0.04885,-0.634018,0.064259,0.031795,-0.066623,0.085832,0.169712,-0.981748,0.468595,0.862716,0.190103,0.879232,-0.476359,-0.005479,0.007407,-9.2e-05,8.8e-05,0.000261,-0.015405,0.030905,-0.338847
149,0.125489,-0.012737,0.316921,-0.069276,-0.156247,-0.985309,-0.589886,-0.790073,0.166708,-0.804435,0.592959,-0.036207,0.000677,0.012098,-0.007181,0.035146,-0.015948,0.016795,-0.255369,-0.183027,-0.020285,0.318094,0.311943,0.650921,0.692087,-0.501482,-0.505773,0.701886,0.8065,-0.566814,0.167758,-0.000162,0.02243,0.003497,0.06101,-0.08923,0.09165,-0.250933,0.035862,0.034436,-0.022273,-0.46589,-0.540487,0.700584,0.411466,0.568614,0.7123,-0.783352,0.620121,-0.042519,0.007273,0.011817,0.001803,0.065679,-0.199497,0.324328,-0.570825,0.064322,0.031814,-0.066623,0.088259,0.171111,-0.98129,0.468009,0.862504,0.192491,0.879304,-0.476242,-0.003958,0.007388,-0.000185,-8e-06,0.000248,-0.01587,0.031632,-0.370199
150,0.125703,-0.012852,0.31697,-0.077538,-0.159523,-0.984167,-0.588705,-0.789321,0.174268,-0.804535,0.593092,-0.031484,-0.000174,-0.000871,-0.000908,0.098206,0.421763,-0.707071,-0.388519,-0.183046,-0.019804,0.318269,0.297498,0.667602,0.682491,-0.488345,-0.50773,0.709692,0.819919,-0.545242,0.174089,0.000176,0.003693,0.003812,3.9e-05,-8.3e-05,0.000157,0.094831,0.035853,0.0347,-0.022169,-0.451423,-0.558995,0.695514,0.397086,0.572173,0.717593,-0.799086,0.600117,-0.036322,-0.000261,0.007403,-0.002194,0.047324,-0.12249,0.207625,-0.47481,0.06443,0.031765,-0.066598,0.095215,0.175067,-0.979941,0.466774,0.86163,0.199284,0.879235,-0.476386,0.000323,0.00692,-0.006971,0.00282,0.293798,1.403517,-2.33739,-0.470786
151,0.125941,-0.012818,0.316981,-0.098455,-0.168016,-0.980878,-0.584669,-0.78782,0.193579,-0.805166,0.592754,-0.019447,0.015562,0.012338,-0.006564,0.035238,0.084641,-0.142361,-0.509215,-0.183384,-0.019814,0.318151,0.284379,0.67924,0.676574,-0.473934,-0.513727,0.715126,0.832939,-0.524852,0.174946,-0.014889,-0.005213,-0.00424,-3.830918,-3.888133,-0.762531,0.252888,0.03569,0.034702,-0.022221,-0.441879,-0.569983,0.69272,0.3854,0.576683,0.720349,-0.810067,0.585282,-0.035153,-0.007448,-0.00276,-0.002262,-0.151602,0.209361,0.099452,-0.331768,0.064547,0.031775,-0.0666,0.115476,0.186839,-0.975579,0.461993,0.859351,0.219264,0.879333,-0.476031,0.012916,0.007811,0.006332,-0.003115,0.03258,0.073686,-0.124148,-0.565494
152,0.126176,-0.012592,0.316984,-0.111781,-0.173466,-0.978499,-0.581597,-0.78697,0.205898,-0.805634,0.59232,-0.0117,0.01583,0.005001,0.005567,0.09976,0.392689,-0.65317,-0.576447,-0.183637,-0.019878,0.317971,0.272401,0.686511,0.67416,-0.464662,-0.519556,0.716996,0.842127,-0.509411,0.176596,-0.015028,-0.007847,-0.006975,-0.035449,-0.000245,-0.060612,0.313948,0.035563,0.03467,-0.022311,-0.42675,-0.579924,0.693953,0.373249,0.585992,0.719234,-0.823752,0.565951,-0.033616,-0.007871,0.001288,-0.007929,-0.057779,-0.097508,-0.067766,-0.182846,0.064658,0.031882,-0.066605,0.12708,0.193629,-0.972809,0.458747,0.858089,0.230722,0.879432,-0.475594,0.02022,0.008186,0.008158,-0.001211,0.360116,1.456742,-2.439558,-0.610563
153,0.12684,-0.011941,0.317184,-0.130253,-0.176601,-0.975649,-0.582327,-0.782777,0.219378,-0.802304,0.596938,0.000336,0.017411,0.022013,0.003431,0.04745,0.180427,0.009928,-0.747222,-0.184296,-0.020098,0.317438,0.256045,0.691773,0.67519,-0.453019,-0.531033,0.716039,0.853542,-0.490063,0.176544,-0.015985,-0.001387,-0.020068,0.00239,-0.013533,-0.044104,0.358487,0.035234,0.034555,-0.022576,-0.411081,-0.585777,0.698482,0.362825,0.597778,0.714856,-0.836283,0.54729,-0.033201,-0.007675,-0.006894,-0.006567,-0.105562,-0.062496,-0.104393,0.122507,0.06499,0.032201,-0.066504,0.145288,0.199725,-0.96902,0.459301,0.853866,0.244855,0.876317,-0.480647,0.032322,0.008458,0.005367,0.005725,0.018943,0.257383,0.008013,-0.731234
154,0.127693,-0.011538,0.317588,-0.144605,-0.175789,-0.973773,-0.5803,-0.782024,0.227294,-0.801297,0.598163,0.012287,0.031349,0.00924,0.010173,0.012375,0.316112,-0.16979,-0.860693,-0.185086,-0.020574,0.316734,0.235613,0.696329,0.67794,-0.438102,-0.54646,0.71371,0.867127,-0.466023,0.175433,-0.015606,-0.017026,-0.016668,-0.035904,0.012646,-0.086549,0.36191,0.034839,0.034322,-0.022931,-0.391721,-0.590916,0.705246,0.349585,0.613432,0.70816,-0.851084,0.523945,-0.033718,-0.008149,-0.003311,-0.012778,-0.069648,-0.07311,-0.083733,0.272081,0.065412,0.032413,-0.066298,0.159538,0.20052,-0.966611,0.457048,0.852889,0.252364,0.875016,-0.48205,0.044421,0.008517,0.005837,0.006166,0.01741,0.240491,0.001336,-0.831168
155,0.128794,-0.010867,0.318031,-0.177812,-0.165541,-0.970064,-0.589232,-0.771594,0.239623,-0.787949,0.614404,0.040865,0.018212,0.027071,0.008436,-0.303298,1.425522,-0.715006,-0.965667,-0.185875,-0.021206,0.315874,0.19427,0.706591,0.680426,-0.405798,-0.573504,0.711586,0.89276,-0.415226,0.174439,-0.030623,-0.020958,-0.019837,-0.10914,-0.046374,-0.133962,0.362098,0.034456,0.034011,-0.023349,-0.352421,-0.602683,0.715941,0.320145,0.641226,0.697378,-0.879378,0.474976,-0.033036,-0.007956,-0.010751,-0.010747,-1.143168,-1.135326,-0.422053,0.295431,0.065955,0.032731,-0.066087,0.189227,0.196058,-0.96216,0.466059,0.844526,0.263747,0.86428,-0.498332,0.068432,0.016318,0.013036,0.003833,-5.307882,1.681818,0.184567,-0.905139
156,0.129319,-0.010485,0.318299,-0.198915,-0.156295,-0.967497,-0.599852,-0.761256,0.246251,-0.77476,0.629529,0.058878,0.032924,0.027318,0.0089,-0.020659,0.881061,0.228293,-1.024734,-0.186289,-0.021561,0.31541,0.181884,0.708472,0.681892,-0.395952,-0.581874,0.710337,0.899777,-0.400069,0.173805,-0.016069,-0.022816,-0.02302,-0.007362,0.059272,-0.103409,0.364388,0.034237,0.03383,-0.023591,-0.340266,-0.605017,0.719841,0.310971,0.650047,0.69335,-0.88742,0.459774,-0.033046,-0.015391,-0.011562,-0.011068,-0.007678,0.07691,-0.127056,0.299677,0.066224,0.032929,-0.065947,0.214838,0.190437,-0.957902,0.478315,0.83461,0.273202,0.851503,-0.516873,0.088217,0.016323,0.008505,0.008953,-0.399966,1.153489,0.15026,-0.928653
157,0.130448,-0.009844,0.318924,-0.242778,-0.138782,-0.960127,-0.597539,-0.758276,0.260644,-0.76392,0.637162,0.102362,0.031955,0.014049,0.014742,0.111719,1.040005,0.081679,-1.065649,-0.187413,-0.022497,0.314406,0.161444,0.709809,0.685637,-0.379148,-0.596709,0.70719,0.91087,-0.375006,0.171902,-0.031296,-0.027889,-0.027591,-0.352091,-0.262462,-0.242844,0.351128,0.033681,0.033366,-0.024089,-0.321248,-0.606745,0.727089,0.29626,0.664856,0.685708,-0.89946,0.43569,-0.033829,-0.015623,-0.013842,-0.013671,-1.152893,-1.113917,-0.451309,0.298861,0.066791,0.033263,-0.065627,0.260375,0.178615,-0.948841,0.475951,0.831292,0.287094,0.840044,-0.526354,0.131435,0.015977,0.007034,0.007365,0.106073,1.10924,0.136464,-0.984008
158,0.131764,-0.009213,0.319346,-0.295442,-0.115727,-0.948349,-0.597239,-0.752392,0.277819,-0.745321,0.648612,0.154355,0.031737,0.022502,0.003718,0.181655,1.227425,-0.052023,-1.100388,-0.18901,-0.023773,0.313239,0.130234,0.711613,0.69039,-0.355873,-0.616261,0.702503,0.925182,-0.33806,0.172094,-0.046762,-0.033211,-0.03268,-3.763418,-3.865336,-1.227184,0.319365,0.032888,0.032731,-0.024669,-0.295219,-0.608519,0.73658,0.278618,0.682601,0.675594,-0.913902,0.404673,-0.031973,-0.023337,-0.016268,-0.015918,0.081713,-0.13156,-0.09515,0.267835,0.067449,0.033578,-0.065409,0.315128,0.162842,-0.934973,0.475828,0.825288,0.304114,0.821146,-0.540722,0.182586,0.022935,0.00539,0.005749,0.143948,1.411357,-0.130127,-1.004909
159,0.132536,-0.00893,0.319467,-0.318121,-0.102653,-0.9425,-0.597566,-0.750072,0.283334,-0.73564,0.653466,0.178448,0.045211,0.007506,0.008179,0.128268,1.17437,-0.297677,-1.107476,-0.189911,-0.024411,0.312626,0.119608,0.711367,0.692562,-0.350198,-0.622396,0.699942,0.928789,-0.327131,0.173781,-0.047017,-0.034083,-0.033896,0.120949,-0.087814,-0.310618,0.299234,0.032438,0.03241,-0.024978,-0.281494,-0.609483,0.741141,0.270072,0.690828,0.670684,-0.920772,0.388955,-0.029859,-0.023517,-0.017466,-0.017353,0.208342,-0.26757,-0.225082,0.246771,0.06783,0.033728,-0.065348,0.339459,0.151864,-0.928279,0.476336,0.823227,0.308867,0.811091,-0.547021,0.207114,0.015642,0.01018,0.000735,0.223106,1.270323,-0.011122,-1.0134
160,0.134304,-0.008465,0.319548,-0.36057,-0.076696,-0.929598,-0.589112,-0.75395,0.290651,-0.722721,0.65253,0.227829,0.044651,0.005051,0.0056,0.15731,1.183874,-0.291777,-1.112662,-0.19197,-0.025745,0.311213,0.09165,0.710839,0.697352,-0.336476,-0.636897,0.6936,0.937039,-0.299089,0.179908,-0.062497,-0.035572,-0.03512,0.068027,-0.023533,-0.304576,0.275675,0.031414,0.03174,-0.025689,-0.253969,-0.609596,0.750927,0.259246,0.705071,0.660049,-0.93182,0.362307,-0.021031,-0.023801,-0.018312,-0.018599,0.060545,-0.151879,-0.133879,0.205948,0.068714,0.033959,-0.065308,0.384533,0.131764,-0.913658,0.467185,0.825865,0.315728,0.79616,-0.548256,0.256015,0.02231,0.002443,0.00269,0.217543,1.378416,-0.172798,-1.004419
161,0.136016,-0.008204,0.319608,-0.402266,-0.039505,-0.914695,-0.58557,-0.756895,0.290155,-0.703297,0.652384,0.282481,0.03007,0.014664,-0.004348,0.251786,1.349939,-0.201186,-1.179158,-0.194324,-0.027052,0.309558,0.057858,0.707987,0.703845,-0.332295,-0.651062,0.682372,0.94126,-0.274241,0.196681,-0.063918,-0.027899,-0.047966,0.303881,-0.379223,-0.310183,0.178339,0.030237,0.031085,-0.026509,-0.222408,-0.607454,0.762583,0.257457,0.717816,0.646881,-0.940345,0.340205,-0.003255,-0.03167,-0.019733,-0.020063,0.37363,-0.510015,-0.418988,0.138019,0.069559,0.034085,-0.065275,0.429381,0.101453,-0.897406,0.463399,0.828141,0.315345,0.775172,-0.55126,0.308575,0.021943,0.000503,0.000709,0.158312,1.591457,0.1728,-1.01438
162,0.136824,-0.008162,0.319571,-0.427421,-0.020789,-0.903839,-0.580132,-0.760453,0.291773,-0.692867,0.649079,0.314101,0.043837,0.010047,-0.00883,0.34678,1.454299,0.098823,-1.220064,-0.195593,-0.027706,0.308654,0.031766,0.704268,0.709217,-0.32252,-0.664291,0.674264,0.945925,-0.251027,0.205122,-0.06457,-0.031748,-0.052771,0.299663,-0.436035,-0.378949,0.131629,0.029603,0.030764,-0.026955,-0.197277,-0.604236,0.771996,0.250187,0.730367,0.635586,-0.947885,0.31853,0.007087,-0.032249,-0.015852,-0.026279,0.330516,-0.645041,-0.500779,0.067315,0.069964,0.034112,-0.065288,0.456166,0.087287,-0.885602,0.457364,0.830685,0.317458,0.763367,-0.549857,0.339009,0.021668,-0.001072,-0.000881,0.270619,1.326623,0.002215,-1.030383
163,0.138092,-0.008196,0.319345,-0.472879,0.031013,-0.880607,-0.592178,-0.751223,0.291479,-0.651911,0.65927,0.374702,0.028624,0.006154,-0.012886,-1.073589,1.959351,0.694464,-1.270706,-0.198413,-0.028915,0.306488,-0.009584,0.693376,0.720506,-0.327973,-0.682758,0.652846,0.944587,-0.230909,0.23302,-0.080522,-0.033226,-0.054636,0.497236,-0.64212,-0.554481,0.114218,0.028169,0.030143,-0.028062,-0.157356,-0.593841,0.789044,0.260717,0.74567,0.61319,-0.952504,0.302207,0.037489,-0.040243,-0.016802,-0.027473,0.528723,-0.681883,-0.57623,-0.007309,0.070614,0.034096,-0.0654,0.50827,0.041747,-0.860184,0.46908,0.824234,0.317174,0.722235,-0.564706,0.399351,0.014045,-0.003106,-0.002894,-4.51509,3.32069,2.001929,-1.039364
164,0.139065,-0.008408,0.318881,-0.508903,0.105596,-0.854349,-0.630118,-0.721871,0.286053,-0.585898,0.68378,0.434967,0.027098,-0.012847,-0.012609,0.257962,1.543597,0.059176,-1.380017,-0.201515,-0.02975,0.304029,-0.0548,0.683161,0.728203,-0.354273,-0.695053,0.62556,0.933544,-0.224548,0.279173,-0.081433,-0.018888,-0.060324,0.709143,-0.917623,-0.710375,-0.043851,0.026647,0.029725,-0.029278,-0.113996,-0.584975,0.802999,0.291681,0.752941,0.589915,-0.949697,0.301468,0.084794,-0.04087,-0.003598,-0.033849,0.950864,-1.229136,-0.855447,-0.125695,0.071112,0.033997,-0.065632,0.553906,-0.029117,-0.832069,0.512378,0.799645,0.313106,0.656243,-0.599765,0.457847,0.013509,-0.006747,-0.006657,0.290518,1.596587,0.089218,-1.069246
165,0.140045,-0.009154,0.318168,-0.544178,0.16079,-0.823446,-0.640213,-0.713902,0.283623,-0.541586,0.68132,0.492458,0.025566,-0.023321,-0.023242,0.48954,1.668228,0.062197,-1.514543,-0.204782,-0.029621,0.301423,-0.162078,0.667318,0.726917,-0.349131,-0.727693,0.590343,0.923101,-0.158935,0.349983,-0.081879,0.011718,-0.067835,0.890328,-3.418288,1.324279,-0.150759,0.02505,0.029761,-0.03056,-0.011631,-0.572813,0.819603,0.294262,0.781402,0.55029,-0.955653,0.247578,0.159468,-0.041029,0.011576,-0.037999,-2.937208,-4.742978,-2.848053,-0.279188,0.071584,0.033647,-0.065965,0.593388,-0.076818,-0.801242,0.524002,0.792478,0.312089,0.610993,-0.605042,0.5105,0.005472,-0.016507,-0.006883,0.393758,1.580927,-0.013133,-1.107619
166,0.140402,-0.009728,0.317694,-0.559516,0.190198,-0.806729,-0.647262,-0.708214,0.281879,-0.517035,0.679642,0.520373,0.010365,-0.027626,-0.027814,0.366446,1.670488,0.040462,-1.547033,-0.206555,-0.029087,0.299957,-0.219061,0.662461,0.716344,-0.341893,-0.739649,0.579622,0.914075,-0.118762,0.387589,-0.09806,0.034356,-0.083421,0.729788,-1.730321,-0.834892,-0.234112,0.024133,0.030034,-0.031309,0.050636,-0.573774,0.817446,0.290288,0.791614,0.537661,-0.955598,0.21007,0.206644,-0.041341,0.017311,-0.041839,-0.023094,-2.594093,-1.413882,-0.343361,0.071774,0.033365,-0.066198,0.612046,-0.103782,-0.783981,0.531445,0.788108,0.310566,0.585631,-0.606724,0.537513,0.012265,-0.020055,-0.010453,-0.910803,2.037186,0.828692,-1.063204
167,0.140893,-0.010928,0.316523,-0.585414,0.246451,-0.772397,-0.660372,-0.697626,0.277846,-0.469647,0.672416,0.572115,0.009924,-0.031057,-0.031643,0.403397,1.344492,-0.210328,-1.692452,-0.21045,-0.027431,0.296047,-0.31298,0.660212,0.682756,-0.333106,-0.749418,0.572143,0.889778,-0.049182,0.453584,-0.100587,0.046082,-0.113839,0.578933,-2.444026,2.130811,-0.304766,0.022151,0.030895,-0.033271,0.151051,-0.578955,0.801245,0.283993,0.801792,0.525811,-0.946853,0.148124,0.28553,-0.050353,0.022534,-0.057382,0.502146,-2.336603,2.181413,-0.453582,0.072022,0.032746,-0.066803,0.644984,-0.158896,-0.747494,0.546494,0.779625,0.305823,0.534171,-0.605752,0.589682,0.004964,-0.015618,-0.015925,0.523656,1.650986,-0.2262,-1.072512
168,0.141127,-0.011875,0.315287,-0.611575,0.306463,-0.729453,-0.679085,-0.676414,0.285094,-0.405286,0.669334,0.622705,0.010794,-0.025705,-0.026458,0.344414,1.488263,-0.255592,-1.742298,-0.214606,-0.025674,0.291473,-0.374566,0.664133,0.647007,-0.326933,-0.747494,0.578188,0.86808,0.004214,0.496268,-0.116099,0.03484,-0.106894,-3.538596,-5.530161,0.085509,-0.432679,0.020115,0.03175,-0.03553,0.212096,-0.590414,0.778733,0.280152,0.800151,0.53035,-0.936231,0.105679,0.335115,-0.050509,0.022688,-0.058061,-0.052863,-0.706953,0.412976,-0.550903,0.072136,0.032257,-0.067437,0.677058,-0.213897,-0.704158,0.567649,0.76074,0.314718,0.468364,-0.612798,0.636484,-0.001705,-0.0066,-0.016671,-0.145916,1.114472,-0.317718,-1.105333
169,0.141194,-0.01223,0.314757,-0.621934,0.332413,-0.709046,-0.68854,-0.663418,0.292851,-0.372279,0.669924,0.642368,-0.003273,-0.021551,-0.022379,-0.092855,1.520905,-0.341862,-1.74227,-0.216789,-0.024719,0.289261,-0.43018,0.654654,0.621582,-0.288978,-0.752079,0.592285,0.855744,0.074348,0.511896,-0.116313,0.060867,-0.11939,-1.201048,-3.571743,1.853977,-0.533135,0.019022,0.032211,-0.03664,0.273266,-0.586167,0.762714,0.237311,0.809466,0.537072,-0.932206,0.034237,0.360304,-0.057984,0.030198,-0.060134,-4.253078,-4.885459,-2.973761,-0.630263,0.07217,0.032079,-0.067694,0.689226,-0.237611,-0.684476,0.578089,0.749838,0.3218,0.436783,-0.617481,0.654168,-0.001628,-0.01093,-0.011288,-4.824903,4.207432,0.900668,-1.086228
170,0.141214,-0.012824,0.313812,-0.643231,0.362454,-0.674482,-0.693953,-0.648226,0.313377,-0.322838,0.669179,0.669329,-0.002706,-0.017792,-0.018625,-4.733166,4.119612,0.985746,-1.784673,-0.220985,-0.021567,0.283982,-0.550789,0.620916,0.55775,-0.188753,-0.743493,0.641502,0.813677,0.247274,0.525973,-0.086443,0.09465,-0.146016,-1.024952,-1.374894,0.48185,-0.61169,0.016952,0.033737,-0.03921,0.403473,-0.56966,0.716028,0.132298,0.810649,0.57039,-0.905376,-0.135408,0.40244,-0.043197,0.053404,-0.076201,-1.299562,-1.180541,0.911467,-0.757303,0.072185,0.031782,-0.068174,0.713009,-0.264267,-0.649446,0.582853,0.738259,0.339493,0.389742,-0.620594,0.680414,-0.00135,-0.008954,-0.009379,-0.024619,0.58799,-0.893441,-1.084758
171,0.140975,-0.013296,0.313286,-0.64872,0.391822,-0.652444,-0.707792,-0.625673,0.327926,-0.278927,0.674037,0.684033,-0.001618,-0.010574,-0.011127,-1.092935,0.875921,0.604246,-1.828814,-0.223312,-0.016624,0.277423,-0.593387,0.604967,0.530941,-0.120892,-0.719007,0.68436,0.796493,0.34114,0.499085,-0.025795,0.151266,-0.188212,-1.738281,1.103989,-0.770898,-0.633338,0.015726,0.036226,-0.04253,0.457127,-0.557149,0.693267,0.055378,0.795794,0.60303,-0.887675,-0.23727,0.394633,-0.012711,0.06975,-0.0904,-3.809762,-2.673143,-1.216559,-0.808086,0.072064,0.031533,-0.068451,0.722948,-0.294408,-0.625035,0.600524,0.715105,0.357763,0.341637,-0.633993,0.693783,-0.008039,-0.004664,-0.004933,-3.641233,2.238198,3.031926,-1.112191
172,0.140379,-0.013547,0.312972,-0.654189,0.394363,-0.645414,-0.704635,-0.62789,0.330476,-0.274114,0.670483,0.68945,-0.030266,-0.004439,-0.004981,0.085793,-0.012277,-0.087909,-1.830239,-0.223398,-0.011078,0.270053,-0.530398,0.613755,0.584785,-0.054955,-0.713139,0.698818,0.846582,0.33774,0.41121,0.019292,0.1355,-0.188363,-1.570773,3.523443,-1.671849,-0.548575,0.015673,0.03906,-0.046277,0.38414,-0.556199,0.736939,-0.014543,0.794435,0.607174,-0.92316,-0.243957,0.297085,0.009661,0.06744,-0.09452,-1.538519,3.52684,-1.698362,-0.784899,0.071777,0.031408,-0.068608,0.728234,-0.297084,-0.617588,0.597834,0.715969,0.360531,0.335066,-0.631766,0.699,-0.007775,-0.00247,-0.002675,0.326962,-0.48952,0.394183,-1.096352
173,0.139903,-0.013589,0.312879,-0.653384,0.393391,-0.646821,-0.704311,-0.629178,0.328715,-0.276845,0.669849,0.688975,-0.029977,-0.002465,-0.002917,-0.001795,0.04333,-0.082245,-1.842502,-0.222641,-0.008843,0.266577,-0.478852,0.618849,0.622671,-0.017198,-0.715642,0.698209,0.878273,0.322848,0.352517,0.049879,0.100034,-0.168285,-1.579429,2.263031,0.430984,-0.472663,0.016032,0.040137,-0.047956,0.327912,-0.552971,0.765961,-0.050392,0.799399,0.598683,-0.943363,-0.234913,0.234267,0.024908,0.055523,-0.088236,-1.616206,3.357546,-1.625492,-0.733462,0.071539,0.031387,-0.068654,0.727337,-0.296016,-0.619156,0.597313,0.717304,0.358737,0.337931,-0.630752,0.698536,-0.014905,-0.000714,-0.000902,-0.005137,0.134245,-0.23711,-1.090637
174,0.138938,-0.013649,0.312791,-0.651715,0.388125,-0.651668,-0.704217,-0.628765,0.329703,-0.280975,0.673304,0.683916,-0.015352,-0.003415,-0.003789,-0.171318,-0.210821,-0.199445,-1.854681,-0.21869,-0.005772,0.260748,-0.453007,0.592369,0.66624,0.089503,-0.713212,0.695163,0.887507,0.373795,0.269207,0.143403,0.05104,-0.12283,-4.455665,-2.327587,-1.783205,-0.410042,0.017916,0.041656,-0.050871,0.292974,-0.524686,0.799293,-0.150039,0.800389,0.5804,-0.944274,-0.289968,0.15577,0.071831,0.025683,-0.061222,-1.57349,0.193247,-0.963107,-0.631732,0.071058,0.031365,-0.06869,0.725334,-0.291783,-0.623499,0.597229,0.717162,0.359158,0.342354,-0.632882,0.694444,-0.007671,-0.001696,-0.001867,-0.338539,-0.408981,-0.306642,-1.091617
175,0.138462,-0.014006,0.312603,-0.6514,0.381494,-0.655885,-0.703947,-0.626427,0.334693,-0.282377,0.679251,0.677428,-0.001841,-0.02075,-0.002036,-0.202222,-0.206487,-0.184619,-1.878472,-0.211709,-0.005051,0.257563,-0.500933,0.545241,0.672138,0.158203,-0.705718,0.690557,0.851464,0.451565,0.266387,0.208957,-0.012078,-0.05009,-0.410479,-2.004887,0.903753,-0.364194,0.021435,0.042039,-0.052555,0.34119,-0.477326,0.809783,-0.222121,0.796139,0.562871,-0.913373,-0.371915,0.16561,0.112291,-0.00582,-0.025055,-3.469119,-3.349557,-2.535533,-0.592216,0.07081,0.031199,-0.068778,0.724272,-0.284721,-0.627982,0.596935,0.714759,0.364399,0.345104,-0.63879,0.68764,-0.00814,-0.00455,-0.004912,-0.253757,-0.41804,-0.084313,-1.092923
176,0.137836,-0.01461,0.312029,-0.656233,0.37358,-0.655624,-0.696229,-0.634785,0.33509,-0.290187,0.675895,0.677485,-0.017533,-0.016397,-0.017726,3.621172,-1.80682,-3.822679,-1.910279,-0.20259,-0.006504,0.257271,-0.55079,0.517949,0.654484,0.159012,-0.704548,0.691564,0.819979,0.484319,0.304847,0.245488,-0.057855,0.023308,1.027214,-2.061286,1.6496,-0.190734,0.025982,0.041323,-0.052738,0.395142,-0.454636,0.798228,-0.225204,0.794484,0.563984,-0.890587,-0.402618,0.211548,0.122932,-0.02797,0.012959,0.379225,-0.738839,0.314679,-0.465992,0.070504,0.030901,-0.069054,0.726376,-0.279624,-0.627843,0.592097,0.718444,0.365046,0.348995,-0.636905,0.687425,-0.008844,-0.008735,-0.009424,0.001308,0.047208,-0.078078,-1.090963
177,0.137578,-0.014944,0.311623,-0.662633,0.361854,-0.655762,-0.684906,-0.647056,0.334952,-0.302293,0.670634,0.677419,-0.003397,-0.020684,-0.022194,1.08967,-0.614749,-1.027872,-1.911319,-0.19777,-0.007834,0.258113,-0.562914,0.520953,0.64166,0.137992,-0.706091,0.694499,0.815555,0.478824,0.324746,0.248062,-0.070931,0.050584,0.813415,-0.917722,0.717683,-0.174027,0.028393,0.040667,-0.052321,0.410783,-0.459522,0.787461,-0.204066,0.795445,0.570633,-0.888602,-0.395101,0.232982,0.124166,-0.034527,0.026619,1.905185,-1.059452,2.505929,-0.404595,0.07037,0.030735,-0.069255,0.732432,-0.264152,-0.627506,0.57608,0.731667,0.364408,0.362867,-0.628399,0.68807,-0.008977,-0.009819,-0.010579,3.621896,-1.911679,-3.657698,-1.084921
178,0.13722,-0.01569,0.31065,-0.682602,0.318615,-0.657711,-0.642932,-0.689689,0.333077,-0.346649,0.649824,0.676454,-0.003627,-0.021894,-0.023708,0.330133,-0.225389,-0.24179,-1.912628,-0.188583,-0.010915,0.261008,-0.552104,0.560547,0.617218,0.061481,-0.710767,0.700688,0.832139,0.42409,0.357149,0.22103,-0.078915,0.085571,1.227029,0.26206,0.851113,-0.185349,0.033,0.03914,-0.05087,0.402797,-0.500418,0.766378,-0.129789,0.797618,0.589032,-0.90604,-0.336728,0.25633,0.110894,-0.045017,0.04686,3.738808,2.82555,2.074877,-0.377816,0.07019,0.030356,-0.069748,0.746753,-0.217523,-0.628524,0.527681,0.76901,0.360798,0.40486,-0.601087,0.689043,-0.001787,-0.010877,-0.011768,1.105324,-0.510451,-1.206761,-1.087371
179,0.136926,-0.016374,0.309721,-0.688805,0.297075,-0.661316,-0.620809,-0.712791,0.326337,-0.373583,0.634962,0.67623,-0.003217,-0.019274,-0.021052,0.00161,0.045226,-0.075592,-1.913234,-0.180675,-0.013799,0.265002,-0.593745,0.545515,0.591499,0.058231,-0.703919,0.707842,0.803232,0.454029,0.385409,0.175934,-0.050998,0.101978,-3.077726,-4.69672,-2.040209,-0.140522,0.036906,0.037711,-0.04892,0.44386,-0.495629,0.746551,-0.12319,0.791456,0.598683,-0.887588,-0.357699,0.290239,0.088314,-0.031183,0.054845,-0.439518,-0.767342,0.124586,-0.369488,0.070042,0.030009,-0.070209,0.750082,-0.195047,-0.631926,0.502584,0.78919,0.352969,0.429865,-0.582352,0.689986,-0.008941,-0.008848,-0.00978,0.015349,0.024579,-0.113718,-1.086555
180,0.136863,-0.016594,0.309281,-0.694274,0.284638,-0.661067,-0.607662,-0.724021,0.326362,-0.384874,0.627933,0.676461,-0.002779,-0.016617,-0.018214,3.652314,-1.773202,-3.787425,-1.913092,-0.177784,-0.01478,0.267062,-0.635553,0.505326,0.583703,0.101046,-0.694963,0.711864,0.766154,0.510765,0.38986,0.129344,-0.037824,0.099983,-1.129246,-1.684235,-0.405214,-0.094401,0.038382,0.037219,-0.047877,0.490297,-0.457799,0.741638,-0.165829,0.786391,0.595053,-0.855633,-0.414738,0.30965,0.064641,-0.018653,0.050293,-1.04028,-1.660177,-0.405717,-0.328175,0.07001,0.029894,-0.070434,0.752776,-0.186125,-0.631414,0.492633,0.795504,0.352825,0.436623,-0.576654,0.690527,-0.001373,-0.008276,-0.009069,-0.005019,0.04458,-0.07319,-1.087534
181,0.136987,-0.016932,0.308469,-0.704887,0.255847,-0.661605,-0.577297,-0.748882,0.325386,-0.411344,0.610982,0.676405,0.012732,-0.004181,-0.024811,3.704858,-1.922498,-3.556262,-1.913505,-0.173652,-0.016253,0.270597,-0.656285,0.469245,0.590839,0.139438,-0.694024,0.706272,0.742276,0.545302,0.389274,0.082253,-0.035265,0.083414,-0.08872,-0.170244,0.029249,-0.090714,0.040521,0.036488,-0.046031,0.515596,-0.418535,0.747656,-0.207407,0.785668,0.582844,-0.83135,-0.455581,0.31828,0.041071,-0.017508,0.041794,-0.10589,-0.04729,-0.140487,-0.283924,0.07007,0.029718,-0.070857,0.760139,-0.153108,-0.631462,0.455913,0.818124,0.350449,0.462958,-0.554282,0.691693,0.006435,-0.002057,-0.0123,3.6973,-1.923127,-3.55846,-1.087698
182,0.137261,-0.017278,0.307554,-0.711358,0.227554,-0.665007,-0.547662,-0.772478,0.321426,-0.439682,0.592562,0.674964,0.01264,-0.004888,-0.025704,1.137966,-0.532438,-1.121504,-1.913589,-0.172073,-0.017939,0.273499,-0.678437,0.449295,0.581247,0.151627,-0.688376,0.709282,0.719627,0.568761,0.398134,0.004735,-0.039625,0.061994,-0.878929,-1.538127,-0.685235,-0.160322,0.041339,0.035659,-0.044556,0.539122,-0.403222,0.739431,-0.219251,0.780486,0.585466,-0.813188,-0.477759,0.33237,0.009966,-0.01981,0.030331,-2.961992,-4.805762,-1.721633,-0.32099,0.070203,0.029549,-0.071301,0.762847,-0.12413,-0.634551,0.423509,0.837499,0.345305,0.488573,-0.532153,0.691454,0.006402,-0.002336,-0.012662,3.703811,-1.77567,-3.734981,-1.08982
183,0.137507,-0.017252,0.307049,-0.715923,0.210929,-0.665589,-0.529318,-0.785622,0.3203,-0.454455,0.581352,0.674927,0.013512,0.009651,-0.030131,1.175365,-0.561298,-1.080431,-1.913661,-0.172141,-0.018665,0.274561,-0.709605,0.429436,0.558603,0.159619,-0.674066,0.721173,0.687106,0.600361,0.409042,-0.0115,-0.032684,0.049829,-0.011103,-0.629762,0.827261,-0.180739,0.041311,0.035291,-0.044025,0.575978,-0.385443,0.720889,-0.231355,0.768944,0.595985,-0.784042,-0.510057,0.353721,-0.005826,-0.016861,0.024187,0.131881,-1.76142,2.587577,-0.344994,0.070324,0.029552,-0.071558,0.765161,-0.106995,-0.634885,0.403575,0.848029,0.343471,0.501652,-0.519035,0.692059,0.006632,-0.000967,-0.01116,3.708661,-1.770968,-3.736357,-1.088677
184,0.138189,-0.016888,0.306138,-0.719162,0.184321,-0.669983,-0.501966,-0.804525,0.317397,-0.479626,0.564336,0.671946,0.029319,0.014517,-0.024498,0.089739,-0.111511,0.105602,-1.914207,-0.172742,-0.019078,0.275802,-0.751284,0.410739,0.516582,0.141721,-0.663912,0.734214,0.645463,0.624286,0.439895,-0.014108,0.000462,0.025075,0.462801,-2.100212,2.605699,-0.124979,0.041011,0.035061,-0.043411,0.623468,-0.373913,0.68664,-0.218219,0.760105,0.612062,-0.750777,-0.53144,0.392306,-0.007517,0.005674,0.008311,0.316718,-0.503773,0.115326,-0.355445,0.07067,0.029735,-0.072027,0.764947,-0.078664,-0.63927,0.372552,0.863674,0.339516,0.525414,-0.497874,0.689972,0.014722,0.00757,-0.011916,0.109409,-0.088469,0.117508,-1.080839
185,0.138846,-0.016378,0.305496,-0.721164,0.165887,-0.672644,-0.483025,-0.816408,0.316446,-0.495766,0.552903,0.669733,0.014758,0.007947,-0.01149,-0.094152,-0.208912,-0.099208,-1.914837,-0.173827,-0.018564,0.276613,-0.774746,0.395907,0.492969,0.120407,-0.67287,0.729851,0.621616,0.624296,0.472981,-0.029235,0.002261,0.028843,0.449542,-0.837407,0.317119,0.066845,0.040491,0.035305,-0.043025,0.652574,-0.364612,0.664231,-0.19457,0.766587,0.611952,-0.732316,-0.528584,0.429313,-0.015053,0.00715,0.010984,0.724737,-0.947837,0.001243,-0.210443,0.070994,0.02999,-0.07234,0.764799,-0.06096,-0.641377,0.352327,0.873039,0.337148,0.539395,-0.483825,0.689177,0.007659,0.010346,-0.008939,-0.147394,-0.348263,-0.117288,-1.075777
186,0.139542,-0.015617,0.304827,-0.72035,0.139307,-0.679511,-0.459311,-0.829882,0.316703,-0.518903,0.540067,0.662642,0.01508,0.010091,-0.009099,-0.088714,-0.213043,-0.06676,-1.914614,-0.175553,-0.018349,0.277807,-0.804532,0.370133,0.464458,0.096016,-0.690528,0.716858,0.587052,0.620855,0.519396,-0.044256,0.004772,0.03337,0.973075,-2.770133,2.056087,0.168616,0.039633,0.035416,-0.042442,0.686007,-0.344983,0.640608,-0.169054,0.780778,0.601502,-0.707681,-0.520933,0.477299,-0.022154,0.002436,0.016786,0.839092,-0.943905,-0.284415,-0.035395,0.071342,0.030372,-0.072674,0.760432,-0.03417,-0.648517,0.327026,0.882906,0.336942,0.561066,-0.468304,0.682564,0.007717,0.010815,-0.008415,-0.090963,-0.273364,-0.077534,-1.05259
187,0.139855,-0.015233,0.30455,-0.715851,0.125478,-0.68692,-0.450565,-0.834543,0.31702,-0.532599,0.536281,0.654804,0.015549,0.022596,-0.015722,4.636354,-3.859796,-1.849127,-1.915059,-0.176453,-0.018401,0.278527,-0.815384,0.355958,0.456545,0.089656,-0.701297,0.707162,0.572906,0.617083,0.539305,-0.043399,-0.006871,0.04064,0.943904,-1.154679,-0.212546,0.198612,0.039166,0.035394,-0.042067,0.701124,-0.332891,0.630561,-0.158443,0.789485,0.592965,-0.695211,-0.515651,0.500783,-0.022134,0.002078,0.016237,0.655219,-0.87916,-0.011468,0.023226,0.071504,0.030567,-0.072816,0.754747,-0.021914,-0.655649,0.319099,0.8855,0.337733,0.573177,-0.46412,0.675321,0.007777,0.011352,-0.007742,4.632187,-3.862877,-1.858822,-1.051447
188,0.140349,-0.014692,0.304141,-0.707673,0.109091,-0.698099,-0.446037,-0.835239,0.321556,-0.547126,0.538795,0.640609,0.01507,0.010233,-0.008948,3.77751,-1.890492,-3.755634,-1.914311,-0.178525,-0.018496,0.279758,-0.828291,0.350544,0.437087,0.066535,-0.712879,0.698076,0.557326,0.606841,0.566563,-0.059499,-0.001332,0.026421,0.240908,-0.496882,0.248239,0.269982,0.038136,0.035354,-0.041434,0.718617,-0.328283,0.61304,-0.133114,0.800319,0.584609,-0.682545,-0.501715,0.531425,-0.029786,-0.001072,0.01272,0.191864,-0.457889,0.242046,0.12365,0.071746,0.030838,-0.073012,0.744045,-0.009621,-0.668059,0.318398,0.88416,0.341881,0.587382,-0.467084,0.660918,0.007544,0.005119,-0.00448,-0.034261,-0.232929,-0.009686,-1.052263
189,0.140679,-0.014357,0.303855,-0.699521,0.096364,-0.708117,-0.446174,-0.832917,0.327336,-0.557395,0.544798,0.626525,0.000171,0.010609,-0.008732,-0.119232,-0.242193,-0.122519,-1.914361,-0.180993,-0.018466,0.280432,-0.837175,0.345774,0.423757,0.05648,-0.715824,0.695945,0.545017,0.606118,0.579172,-0.060424,0.004537,0.011256,0.43975,-0.514842,-0.026825,0.297307,0.036903,0.035368,-0.041089,0.7288,-0.328023,0.601041,-0.123396,0.800493,0.5865,-0.673515,-0.501607,0.542923,-0.030242,0.001931,0.005236,-0.016787,-0.140626,0.228192,0.189619,0.071917,0.031007,-0.073154,0.734931,0.005893,-0.678115,0.313284,0.883909,0.347214,0.601439,-0.467621,0.647766,0.007457,0.004618,-0.005037,-0.14103,-0.175869,-0.283068,-1.03871
190,0.140904,-0.014154,0.303653,-0.696198,0.092447,-0.711904,-0.44654,-0.832247,0.32854,-0.561247,0.546504,0.621581,0.014865,0.009035,-0.010294,-0.046937,-0.175502,-0.019806,-1.913837,-0.182214,-0.018353,0.280704,-0.836198,0.35111,0.421291,0.050456,-0.715508,0.696733,0.547108,0.603412,0.580026,-0.075422,0.006643,0.015156,0.009779,-0.057227,0.037515,0.306237,0.036297,0.035416,-0.040965,0.728859,-0.33192,0.598826,-0.117027,0.801361,0.58662,-0.674588,-0.497642,0.545236,-0.030133,0.003579,0.007289,-0.01246,-0.054916,0.080567,0.207581,0.072024,0.03111,-0.073254,0.73119,0.009643,-0.682105,0.313615,0.883218,0.348669,0.60581,-0.468862,0.642776,2.5e-05,0.004883,-0.004841,-0.008687,-0.174486,-0.006792,-1.036098
191,0.14115,-0.013859,0.303182,-0.685403,0.091307,-0.722448,-0.450434,-0.832696,0.322023,-0.571329,0.546013,0.612764,0.014175,0.004617,-0.015243,0.05954,-0.174138,0.239339,-1.914398,-0.184437,-0.017821,0.281529,-0.840606,0.352359,0.411358,0.043861,-0.712519,0.700234,0.540881,0.60621,0.582941,-0.044372,0.016951,0.025415,-0.066817,-1.753061,2.129835,0.338899,0.035173,0.035665,-0.040573,0.733249,-0.334064,0.592238,-0.112831,0.799136,0.590465,-0.670532,-0.499781,0.548273,-0.029778,0.008327,0.013199,-0.003487,0.02677,-0.063133,0.241546,0.072148,0.031264,-0.073481,0.720974,0.009267,-0.692899,0.317457,0.884396,0.342147,0.615968,-0.466645,0.634684,-0.000284,0.002881,-0.007081,0.133097,-0.146249,0.186733,-1.032995
192,0.141102,-0.013956,0.302594,-0.665113,0.093556,-0.740889,-0.458908,-0.833889,0.3066,-0.588313,0.543804,0.598491,-0.001764,-0.01136,-0.01277,0.071502,-0.261977,0.311902,-1.913845,-0.186265,-0.017152,0.282936,-0.839897,0.369097,0.39791,0.022736,-0.708408,0.705391,0.543286,0.601028,0.586063,-0.027851,0.014219,0.042495,-0.033603,-0.021918,0.019513,0.348086,0.034269,0.035993,-0.039895,0.735063,-0.353326,0.578655,-0.091468,0.793994,0.601003,-0.6718,-0.494704,0.551318,-0.013921,0.00761,0.021922,-0.029538,-0.015831,0.010882,0.272571,0.072131,0.031224,-0.073766,0.702528,0.004653,-0.71164,0.3261,0.886711,0.327722,0.632544,-0.4623,0.621422,-0.000905,-0.005944,-0.006683,0.84203,-1.835556,2.054415,-1.024667
193,0.14098,-0.014148,0.301865,-0.642961,0.088719,-0.760773,-0.463929,-0.835439,0.29459,-0.608649,0.54224,0.579265,-0.016705,-0.011155,-0.012811,1.141041,-0.847378,-0.823825,-1.913452,-0.187197,-0.016615,0.284849,-0.832258,0.389357,0.394637,0.004794,-0.706601,0.707549,0.555376,0.590256,0.585677,-0.011563,0.009719,0.057144,-0.066102,-0.040202,0.055906,0.351233,0.033777,0.036273,-0.038903,0.726635,-0.373486,0.576635,-0.074325,0.791664,0.606419,-0.682991,-0.483504,0.547491,-0.005791,0.005208,0.029029,-0.062016,-0.042,0.054274,0.281389,0.072074,0.031122,-0.074145,0.680402,0.004744,-0.732823,0.333306,0.888564,0.315215,0.652656,-0.458727,0.602999,-0.000782,-0.000352,-0.010678,4.079611,-2.08361,-3.030684,-1.019116
194,0.140791,-0.014226,0.301495,-0.635917,0.089851,-0.766539,-0.468205,-0.834472,0.290538,-0.612765,0.543539,0.573682,-0.016687,-0.010929,-0.012596,-0.122811,-0.366971,0.131514,-1.91333,-0.187359,-0.016231,0.28595,-0.828603,0.397326,0.394386,-0.003258,-0.707718,0.706441,0.560833,0.583565,0.587181,0.003037,0.024129,0.051564,-0.001603,0.017133,-0.082284,0.365304,0.033694,0.036449,-0.03839,0.722586,-0.381118,0.576729,-0.065999,0.792447,0.606359,-0.688122,-0.47621,0.547458,-0.00571,0.006253,0.030149,-0.027741,0.072735,-0.105544,0.290206,0.071985,0.031081,-0.074325,0.674384,0.003493,-0.738371,0.335967,0.889026,0.311058,0.657518,-0.457842,0.598372,-0.008195,0.000169,-0.010288,-0.20558,-0.538007,0.056464,-1.017156
195,0.140161,-0.014305,0.300774,-0.630555,0.091632,-0.770746,-0.473645,-0.832106,0.288498,-0.614128,0.546856,0.569053,-0.016558,-0.000343,-0.021438,0.034478,-0.307265,0.428914,-1.913291,-0.187082,-0.015621,0.287937,-0.826302,0.391205,0.405187,0.00539,-0.713719,0.700365,0.564203,0.580395,0.587094,0.018274,0.007786,0.051512,-0.043764,0.031448,-0.094074,0.379968,0.033835,0.036788,-0.037337,0.718996,-0.373399,0.586188,-0.073097,0.798115,0.598053,-0.691159,-0.472847,0.546547,0.009099,0.003765,0.025605,-0.083784,0.048339,-0.069612,0.317802,0.071658,0.031038,-0.074697,0.668782,0.00163,-0.743456,0.342054,0.887197,0.309643,0.660098,-0.461386,0.592784,-0.008273,-0.000208,-0.010753,0.059374,-0.289008,0.452976,-1.015523
196,0.139409,-0.014157,0.30001,-0.633627,0.086705,-0.768794,-0.473525,-0.829295,0.296674,-0.611051,0.551912,0.567482,-0.016022,0.003182,-0.017481,-0.040461,-0.139273,0.01703,-1.913765,-0.186001,-0.015393,0.28941,-0.816301,0.393873,0.422501,0.009347,-0.722189,0.691585,0.578537,0.567987,0.585276,0.046624,0.007052,0.026377,0.001266,-0.024161,0.086367,0.374403,0.03436,0.036913,-0.036594,0.706019,-0.373361,0.60178,-0.075061,0.805503,0.587819,-0.704204,-0.460181,0.540675,0.015792,0.0031,0.013257,-0.012405,0.517993,-0.577292,0.319435,0.071288,0.031105,-0.075079,0.671109,0.006874,-0.741325,0.342041,0.884298,0.317844,0.657738,-0.466872,0.591109,-0.007999,0.001596,-0.008724,-0.089443,-0.003636,-0.142294,-1.017483
