frame,MLTx,MLTy,MLTz,MLTR1,MLTR2,MLTR3,MLTR4,MLTR5,MLTR6,MLTR7,MLTR8,MLTR9,MLTTVx,MLTTVy,MLTTVz,MLTRVx,MLTRVy,MLTRVz,MLGA,MRTx,MRTy,MRTz,MRTR1,MRTR2,MRTR3,MRTR4,MRTR5,MRTR6,MRTR7,MRTR8,MRTR9,MRTTVx,MRTTVy,MRTTVz,MRTRVx,MRTRVy,MRTRVz,MRGA,SLTx,SLTy,SLTz,SLTR1,SLTR2,SLTR3,SLTR4,SLTR5,SLTR6,SLTR7,SLTR8,SLTR9,SLTTVx,SLTTVy,SLTTVz,SLTRVx,SLTRVy,SLTRVz,SLGA,SRTx,SRTy,SRTz,SRTR1,SRTR2,SRTR3,SRTR4,SRTR5,SRTR6,SRTR7,SRTR8,SRTR9,SRTTVx,SRTTVy,SRTTVz,SRTRVx,SRTRVy,SRTRVz,SRGA
863,0.067589,-0.009504,0.445767,-0.515481,-0.083643,-0.852836,-0.097177,-0.983094,0.155093,-0.850753,0.162921,0.499702,0.00046,0.001256,0.000694,0.098208,0.348568,0.098715,-1.915489,-0.086967,-0.027909,0.407057,-0.017266,0.613904,0.789187,-0.66823,0.58009,-0.465724,-0.743651,-0.53617,0.399209,-0.000378,0.004318,-0.013761,0.034102,0.009072,-0.003843,0.299406,0.035718,0.030328,-0.005901,-0.033812,-0.606027,0.794724,0.633448,-0.628056,-0.451982,0.773045,0.488134,0.405122,0.000466,-0.001906,-0.001371,0.003798,0.002505,-0.006547,0.221951,0.079987,0.026259,-0.039772,-0.520206,-0.122791,-0.845167,-0.015567,-0.988082,0.153136,-0.853898,0.092819,0.512094,0.006259,-0.001744,-0.001082,0.197201,0.649459,0.213003,-0.827739
864,0.067936,-0.009574,0.445722,-0.518491,-0.084036,-0.85097,-0.09707,-0.982938,0.15615,-0.848932,0.163664,0.50255,0.01303,-0.002071,-0.001376,-0.022987,0.057401,-0.176866,-1.915579,-0.087156,-0.027756,0.406731,0.023014,0.608627,0.793117,-0.651873,0.610656,-0.449549,-0.757923,-0.507431,0.409792,-0.014924,0.005666,-0.011266,1.304575,-0.75699,0.728224,0.31228,0.03563,0.0304,-0.006068,-0.072661,-0.598135,0.798093,0.616,-0.656251,-0.435749,0.784387,0.459964,0.416135,0.000119,-0.000318,-0.000256,4.239907,-2.568155,2.444896,0.226523,0.080161,0.026224,-0.039795,-0.524482,-0.122711,-0.842531,-0.015387,-0.988031,0.153481,-0.851281,0.093462,0.516317,0.000317,0.000867,0.000474,-0.038997,0.004461,-0.067625,-0.825943
865,0.068213,-0.009583,0.445723,-0.522691,-0.081035,-0.848689,-0.096904,-0.98337,0.153513,-0.846369,0.162575,0.507205,0.000645,0.001769,0.000977,0.018948,0.067647,0.019165,-1.915667,-0.087347,-0.027715,0.406503,0.034026,0.6068,0.79412,-0.646688,0.61922,-0.445303,-0.761952,-0.49916,0.41247,0.000506,-0.00211,-0.001522,8.6e-05,-4.8e-05,4.5e-05,0.313374,0.035528,0.030428,-0.006182,-0.084535,-0.595478,0.798911,0.608983,-0.665484,-0.431588,0.788664,0.450039,0.418893,0.000288,-0.001189,-0.000853,-0.00071,0.0106,-0.028579,0.237627,0.080305,0.026218,-0.039795,-0.528963,-0.120116,-0.8401,-0.015139,-0.988439,0.150857,-0.848508,0.092516,0.52103,0.006674,-0.000589,-0.000446,0.012149,0.030763,0.043521,-0.824636
866,0.068334,-0.009592,0.445716,-0.524884,-0.079789,-0.847453,-0.096692,-0.983559,0.152429,-0.845033,0.162042,0.509598,0.012749,-0.002829,-0.001796,0.014675,0.034175,0.043404,-1.91529,-0.087441,-0.027758,0.406445,0.041542,0.606138,0.794268,-0.639229,0.627126,-0.445008,-0.767859,-0.489996,0.412503,-0.013089,-0.00473,-0.00189,-0.002037,0.015201,-0.029241,0.312551,0.035486,0.030407,-0.006211,-0.092001,-0.594309,0.798956,0.600991,-0.672881,-0.431322,0.793942,0.440483,0.41908,0.00027,-0.001124,-0.000807,-0.001127,0.000728,-0.000243,0.238116,0.080361,0.026218,-0.039796,-0.531267,-0.119062,-0.838796,-0.014915,-0.988607,0.149774,-0.847072,0.092081,0.523439,0.000131,0.000361,0.000195,0.006202,0.028902,0.009287,-0.822514
867,0.068533,-0.00962,0.445709,-0.530972,-0.076654,-0.843942,-0.101784,-0.982917,0.153251,-0.840616,0.167361,0.515152,0.012915,-0.002368,-0.001542,-0.421276,0.168178,0.110019,-1.915364,-0.087725,-0.027914,0.40638,0.061623,0.606129,0.79297,-0.62005,0.645859,-0.445351,-0.782129,-0.465002,0.414621,-0.013072,-0.004823,-0.001959,0.393084,-0.210515,0.1755,0.310594,0.035344,0.03033,-0.006243,-0.111784,-0.593167,0.79728,0.580962,-0.689924,-0.431841,0.806217,0.414917,0.42173,-0.006505,-0.002528,-0.001061,1.328201,-0.709932,0.646565,0.236974,0.080465,0.026201,-0.039801,-0.537487,-0.116493,-0.835186,-0.019905,-0.988383,0.15067,-0.843036,0.097608,0.528925,0.006465,-0.001165,-0.000764,-0.438472,0.130088,0.102857,-0.831005
868,0.068639,-0.009584,0.445727,-0.538227,-0.070256,-0.839894,-0.106696,-0.982818,0.150522,-0.835372,0.170709,0.522531,0.000807,0.002224,0.001226,0.12246,0.419391,0.14862,-1.915534,-0.08805,-0.028071,0.406294,0.063017,0.605248,0.793533,-0.619902,0.646905,-0.444038,-0.782137,-0.464694,0.414951,-0.013053,-0.00493,-0.002039,0.004237,-0.049826,0.158595,0.305668,0.035182,0.030251,-0.006286,-0.113227,-0.592072,0.797891,0.580382,-0.691216,-0.430554,0.806434,0.414331,0.421892,0.0003,-0.001264,-0.000906,-0.00102,0.000957,-0.000284,0.232401,0.080517,0.026217,-0.039794,-0.543722,-0.111306,-0.831851,-0.025146,-0.98856,0.148711,-0.838888,0.101775,0.534704,0.000158,0.00043,0.000235,0.203685,0.689476,0.189699,-0.835903
869,0.068701,-0.009578,0.445717,-0.545669,-0.060327,-0.835854,-0.11754,-0.982031,0.147547,-0.829061,0.178826,0.529817,3e-05,8.1e-05,4.5e-05,-0.094921,0.128049,0.109087,-1.915475,-0.088371,-0.028248,0.406217,0.094805,0.602351,0.792576,-0.588095,0.676306,-0.443496,-0.803248,-0.424826,0.417347,0.000394,-0.001666,-0.001205,4.411903,-2.645454,2.451051,0.290454,0.035017,0.03016,-0.006326,-0.141056,-0.587888,0.796549,0.551015,-0.715072,-0.430179,0.822487,0.378231,0.4248,-0.006551,-0.002379,-0.000949,0.033012,-0.153028,-0.082912,0.220155,0.080549,0.026224,-0.039796,-0.553463,-0.101325,-0.826686,-0.035773,-0.988763,0.14514,-0.832104,0.109903,0.543619,3e-06,4e-06,2e-06,-0.40289,0.145545,0.287603,-0.826596
870,0.068769,-0.009588,0.44571,-0.55011,-0.058054,-0.833099,-0.117,-0.982379,0.14565,-0.826194,0.177662,0.534664,1.8e-05,4.9e-05,2.7e-05,0.102099,0.478165,-0.070566,-1.915369,-0.088541,-0.028342,0.40617,0.098683,0.601521,0.792732,-0.584037,0.680033,-0.443157,-0.805742,-0.420014,0.41741,0.000695,-0.002945,-0.002131,0.000303,-0.0016,-0.000545,0.282534,0.034936,0.030118,-0.006346,-0.148769,-0.585982,0.79655,0.5423,-0.721927,-0.429802,0.826908,0.368028,0.425179,-0.006489,-0.002648,-0.001145,-0.00088,0.026693,-0.021824,0.210847,0.080584,0.026219,-0.0398,-0.55603,-0.100124,-0.825108,-0.035668,-0.988928,0.144039,-0.830395,0.10952,0.546303,0.006274,-0.00169,-0.00105,0.146914,0.512635,0.180341,-0.828229
871,0.068879,-0.009601,0.445642,-0.559533,-0.042998,-0.82772,-0.133603,-0.980909,0.141207,-0.817297,0.189642,0.54414,-3.1e-05,-8.7e-05,-4.8e-05,-0.04618,0.296102,0.159125,-1.915291,-0.088847,-0.028576,0.406002,0.105839,0.60015,0.792849,-0.575878,0.687036,-0.443034,-0.810701,-0.410453,0.417319,-0.012199,-0.008645,-0.004739,0.007684,0.018678,-0.050859,0.268161,0.034782,0.030004,-0.006428,-0.155726,-0.584043,0.796644,0.533694,-0.728387,-0.429677,0.831215,0.358252,0.425129,0.000645,-0.002741,-0.001977,0.034239,-0.019047,0.018848,0.191252,0.080638,0.026211,-0.039834,-0.568011,-0.085617,-0.818554,-0.051658,-0.988904,0.139281,-0.821397,0.121398,0.557286,0.006493,0.00255,-0.006496,-1.234949,0.617587,1.07073,-0.831985
872,0.069021,-0.009676,0.445621,-0.581086,-0.01966,-0.813632,-0.149411,-0.980134,0.130325,-0.799312,0.197313,0.567622,-9.6e-05,-0.000265,-0.000146,0.270279,0.96242,0.27267,-1.914725,-0.089093,-0.028834,0.405772,0.116878,0.597778,0.79309,-0.563389,0.697579,-0.442617,-0.817942,-0.395843,0.417304,0.001459,-0.006235,-0.004528,-0.000923,0.009426,-0.027217,0.261302,0.034659,0.029875,-0.006543,-0.166574,-0.580935,0.796722,0.52052,-0.738059,-0.429333,0.837443,0.343194,0.425329,0.000796,-0.0034,-0.002464,0.004138,-0.054939,0.160149,0.176719,0.080704,0.026174,-0.039844,-0.589359,-0.064805,-0.805266,-0.068287,-0.989213,0.129587,-0.804979,0.131363,0.578577,-6.2e-05,-0.000184,-0.0001,0.144717,0.629586,-0.027782,-0.836557
873,0.069166,-0.009732,0.445588,-0.589398,-0.010943,-0.807797,-0.15461,-0.979892,0.126017,-0.792203,0.199174,0.576863,0.01239,-0.00381,-0.002339,0.182181,0.630622,0.212389,-1.91457,-0.089166,-0.028968,0.405636,0.117191,0.597514,0.793243,-0.563249,0.697879,-0.442323,-0.817994,-0.395714,0.417324,0.001904,-0.008148,-0.005925,0.005459,-0.055641,0.160608,0.26123,0.034617,0.029809,-0.00661,-0.16672,-0.580752,0.796826,0.52041,-0.738235,-0.429164,0.837483,0.343126,0.425307,0.000954,-0.004078,-0.002959,-0.001957,0.009984,-0.027711,0.173617,0.080777,0.026147,-0.039861,-0.599714,-0.056023,-0.79825,-0.073465,-0.989479,0.124636,-0.796834,0.133389,0.589288,-9e-05,-0.000261,-0.000146,0.250224,0.869657,0.242635,-0.831005
874,0.069518,-0.009862,0.445544,-0.601848,-0.000173,-0.798639,-0.159291,-0.979874,0.120187,-0.781842,0.199545,0.590705,0.012549,-0.003372,-0.002098,0.119652,0.406853,0.148926,-1.914974,-0.089327,-0.029185,0.405159,0.117202,0.597289,0.793411,-0.56266,0.698292,-0.442421,-0.818397,-0.395324,0.416902,-0.012926,-0.003058,-0.017642,0.032096,0.024105,-0.033204,0.260681,0.034542,0.029696,-0.006839,-0.166827,-0.580444,0.797027,0.519839,-0.738657,-0.429128,0.837815,0.342736,0.424966,0.00111,-0.004735,-0.00345,-0.001616,0.009815,-0.027577,0.172147,0.080952,0.026081,-0.039883,-0.612896,-0.046249,-0.788808,-0.078273,-0.989821,0.118852,-0.786276,0.134586,0.603038,0.006285,-0.001661,-0.001039,0.152564,0.620562,0.000237,-0.830188
875,0.070026,-0.009979,0.445551,-0.615124,0.015857,-0.7883,-0.175503,-0.977461,0.117219,-0.767913,0.210427,0.605027,0.013083,-0.001877,-0.001274,0.182361,0.631278,0.212982,-1.915046,-0.089431,-0.029255,0.404627,0.132082,0.593553,0.793876,-0.544953,0.712514,-0.44191,-0.828076,-0.37501,0.416558,-7.9e-05,0.002967,-0.014798,0.045742,-0.006514,0.028832,0.253238,0.034487,0.029652,-0.007118,-0.181377,-0.575753,0.797251,0.501185,-0.751633,-0.428788,0.846117,0.321799,0.424888,0.00082,-0.003498,-0.002555,0.040103,-0.075417,0.179812,0.166105,0.081206,0.026022,-0.03988,-0.626414,-0.031842,-0.778839,-0.094731,-0.988649,0.116611,-0.773712,0.146827,0.616287,0.006617,-0.000733,-0.000529,0.174349,0.7307,0.040769,-0.827412
876,0.070318,-0.009993,0.445525,-0.622475,0.020597,-0.782398,-0.180189,-0.976564,0.117581,-0.76087,0.214139,0.612575,0.01357,-0.000504,-0.000518,0.08897,0.414569,-0.056746,-1.914535,-0.089449,-0.029278,0.404385,0.134424,0.594752,0.792585,-0.544163,0.71279,-0.442438,-0.828222,-0.372575,0.418449,0.000185,0.001834,-0.015632,0.047926,-0.097432,0.169206,0.254699,0.034477,0.029644,-0.00723,-0.183785,-0.57709,0.795732,0.500553,-0.751644,-0.429507,0.845972,0.319369,0.427005,0.000734,-0.003126,-0.002285,0.013384,-0.023769,-0.032083,0.163656,0.081351,0.026012,-0.039894,-0.63534,-0.026867,-0.771764,-0.099444,-0.988226,0.116267,-0.765802,0.150616,0.625188,0.006894,4.6e-05,-0.000103,0.128739,0.414724,0.180698,-0.824146
877,0.07088,-0.009962,0.445497,-0.635061,0.032821,-0.771794,-0.189071,-0.975305,0.114031,-0.748206,0.218293,0.626548,0.014077,0.000954,0.000281,0.148466,0.595013,0.025711,-1.914161,-0.08959,-0.029325,0.403834,0.133883,0.594848,0.792605,-0.543336,0.712971,-0.443161,-0.828851,-0.372073,0.417649,-0.013118,-0.002353,-0.017168,0.0321,0.024083,-0.033215,0.253925,0.034406,0.029625,-0.007515,-0.18326,-0.576927,0.795971,0.49954,-0.752008,-0.43005,0.846684,0.318809,0.426011,-0.006537,-0.001231,-0.00862,0.031574,0.025599,-0.032878,0.162186,0.081637,0.026028,-0.039908,-0.647805,-0.016291,-0.761631,-0.108475,-0.987611,0.113388,-0.754043,0.156071,0.638012,0.007048,0.000494,0.000142,0.198961,0.738908,0.06002,-0.831495
878,0.071619,-0.010015,0.445489,-0.643233,0.039782,-0.764666,-0.19319,-0.974765,0.111729,-0.740129,0.219538,0.635641,0.026419,-0.002912,-0.002096,0.091381,0.278539,0.146018,-1.914702,-0.089805,-0.029283,0.403074,0.133782,0.594499,0.792884,-0.541934,0.713768,-0.443595,-0.829785,-0.371099,0.416659,-0.014674,0.006922,-0.027361,0.067206,0.023406,-0.010021,0.255868,0.034304,0.029641,-0.00788,-0.183142,-0.57658,0.796249,0.498175,-0.752683,-0.430451,0.847514,0.317838,0.425086,-0.006615,-0.000915,-0.008395,0.031612,0.024387,-0.033469,0.162186,0.081992,0.026004,-0.03991,-0.656817,-0.009729,-0.753986,-0.112637,-0.987432,0.110862,-0.745589,0.157743,0.647467,0.013164,-0.001589,-0.001133,0.14998,0.465097,0.195196,-0.828066
879,0.072407,-0.009996,0.445484,-0.653278,0.047746,-0.755641,-0.196911,-0.974373,0.108599,-0.730283,0.219674,0.646883,0.014423,0.002042,0.000867,-0.07378,0.242727,-0.01184,-1.914488,-0.090149,-0.029028,0.402303,0.134206,0.593682,0.793424,-0.540115,0.715141,-0.443602,-0.830903,-0.369759,0.415622,-0.015639,0.011082,-0.024295,0.068202,0.013714,0.017092,0.255985,0.034134,0.029761,-0.008271,-0.183487,-0.575749,0.796771,0.496288,-0.753908,-0.430487,0.848545,0.31644,0.42407,-0.007823,0.005609,-0.01209,0.067874,0.013901,0.01692,0.16284,0.082402,0.026012,-0.039914,-0.668087,-0.002247,-0.744078,-0.116303,-0.987388,0.107407,-0.734936,0.158296,0.659401,0.007245,0.001119,0.000475,-0.097498,0.175546,-0.027338,-0.833127
880,0.072771,-0.009954,0.4455,-0.659736,0.049549,-0.749892,-0.195235,-0.974857,0.107279,-0.724906,0.217113,0.653759,0.014735,0.002966,0.001369,0.092057,0.387675,-0.033178,-1.913493,-0.090303,-0.028893,0.401959,0.134432,0.593287,0.793681,-0.539268,0.715794,-0.44358,-0.831416,-0.369128,0.415156,-0.000422,0.004423,-0.013756,0.034147,0.008863,-0.003984,0.257575,0.03405,0.029835,-0.008451,-0.183682,-0.575326,0.797032,0.495359,-0.754522,-0.430482,0.849046,0.315746,0.423585,-0.00788,0.005852,-0.011911,0.067946,0.013813,0.016952,0.163493,0.082578,0.026032,-0.039907,-0.673864,-0.001291,-0.738853,-0.114731,-0.987685,0.106365,-0.729892,0.156445,0.665418,0.007285,0.001246,0.000543,0.127933,0.513244,-0.030389,-0.834434
881,0.073375,-0.009894,0.445509,-0.668487,0.069307,-0.740518,-0.216107,-0.970784,0.104156,-0.710837,0.229565,0.664859,0.014142,0.001318,0.000461,0.13045,0.4011,0.176418,-1.913921,-0.090595,-0.028615,0.401388,0.134757,0.592642,0.794108,-0.537799,0.716884,-0.443603,-0.832315,-0.368044,0.414317,-0.01468,0.004336,-0.012256,0.0331,0.014377,-0.006112,0.256004,0.03391,0.029973,-0.008737,-0.183965,-0.57466,0.797447,0.493828,-0.755506,-0.430514,0.849876,0.314602,0.42277,-0.000507,0.003538,-0.005892,0.033974,0.008962,-0.004064,0.165126,0.082881,0.026065,-0.0399,-0.683867,0.017451,-0.729396,-0.135872,-0.985271,0.103819,-0.716842,0.170103,0.676166,0.006891,0.000134,-6.6e-05,0.168279,0.634825,0.001629,-0.832637
882,0.073815,-0.00987,0.445455,-0.679788,0.092655,-0.727564,-0.237002,-0.966511,0.098281,-0.69325,0.239123,0.679891,0.012853,-0.002373,-0.001558,0.066493,0.684701,0.117741,-1.914485,-0.091056,-0.028183,0.400794,0.136636,0.591112,0.794926,-0.537309,0.718414,-0.441717,-0.832327,-0.367516,0.41476,-0.016657,0.015579,-0.020963,0.061203,0.080517,-0.169968,0.263449,0.033681,0.030178,-0.009023,-0.185873,-0.57292,0.798256,0.493288,-0.757022,-0.428465,0.849774,0.31413,0.423325,-0.007583,0.003289,-0.005291,0.035952,0.016262,-0.009857,0.167412,0.083108,0.026082,-0.039925,-0.696628,0.039695,-0.716332,-0.157136,-0.982666,0.09836,-0.700011,0.181082,0.69079,0.006375,-0.001341,-0.00087,0.111369,0.811647,0.148093,-0.831985
883,0.073979,-0.00991,0.445383,-0.684318,0.103621,-0.721816,-0.247322,-0.964152,0.095992,-0.685147,0.244075,0.686316,-0.000646,-0.00187,-0.001021,-0.143552,0.755473,0.540456,-1.913836,-0.091305,-0.02795,0.400467,0.1366,0.590855,0.795124,-0.536401,0.718948,-0.441953,-0.83292,-0.366884,0.414131,-0.016538,0.015084,-0.021327,0.0683,0.013333,0.016928,0.261672,0.033549,0.03031,-0.009201,-0.185684,-0.572743,0.798428,0.492263,-0.757459,-0.428873,0.85041,0.313402,0.422588,-0.008265,0.007555,-0.010648,0.068723,0.013733,0.016264,0.169861,0.083191,0.026065,-0.039959,-0.701206,0.049393,-0.711244,-0.167217,-0.981164,0.096718,-0.69307,0.186752,0.696258,0.005837,-0.002882,-0.001716,-1.199877,0.32536,0.991487,-0.834761
884,0.074174,-0.009975,0.445168,-0.689904,0.125862,-0.712907,-0.26786,-0.95925,0.089789,-0.671701,0.252742,0.696395,0.012083,0.002684,-0.014311,0.230017,0.716878,0.053363,-1.913765,-0.091774,-0.027518,0.399823,0.136606,0.590309,0.795528,-0.534632,0.720029,-0.442336,-0.834055,-0.365638,0.412946,-0.002666,0.016818,-0.021597,0.069349,0.007799,0.019035,0.255329,0.033315,0.030522,-0.009513,-0.185648,-0.572212,0.798816,0.490478,-0.758393,-0.429267,0.851449,0.31211,0.421451,-0.007543,0.003142,-0.0054,0.033091,0.014242,-0.006199,0.168228,0.083282,0.026026,-0.040064,-0.708325,0.071539,-0.702251,-0.18881,-0.977803,0.090833,-0.680166,0.196932,0.706109,-0.000602,-0.001754,-0.000964,0.017846,0.097482,0.038218,-0.842272
885,0.074244,-0.010035,0.444865,-0.697177,0.158159,-0.699268,-0.299465,-0.95043,0.083527,-0.650532,0.267437,0.710854,-0.001845,-0.00535,-0.002931,-0.12646,0.877327,0.353624,-1.914507,-0.092389,-0.027184,0.399353,0.146985,0.586339,0.796613,-0.52711,0.727942,-0.438392,-0.837085,-0.356211,0.415048,-0.02892,0.004435,-0.01063,0.031305,0.029102,-0.035188,0.252489,0.033018,0.03069,-0.009754,-0.195837,-0.567488,0.799752,0.482361,-0.765807,-0.425284,0.8538,0.302483,0.423707,-0.007665,0.0037,-0.004982,0.030262,0.084064,-0.197076,0.162023,0.083322,0.026,-0.04022,-0.718141,0.102881,-0.688249,-0.22062,-0.971652,0.084957,-0.659999,0.212853,0.720481,0.005467,-0.004013,-0.002325,-0.904595,0.993305,1.464548,-0.842272
886,0.074178,-0.010062,0.444501,-0.707292,0.188964,-0.681232,-0.324581,-0.942834,0.075391,-0.627167,0.274197,0.729044,-0.00159,0.002687,-0.014058,-3.479511,1.316309,4.068466,-1.913459,-0.09308,-0.0269,0.398908,0.155867,0.581026,0.798815,-0.531711,0.730921,-0.427751,-0.832566,-0.358804,0.421847,-0.01514,0.006538,-0.010629,-0.44962,-0.296078,0.592612,0.248025,0.032667,0.030833,-0.009976,-0.203768,-0.561962,0.801671,0.486327,-0.768777,-0.41529,0.849684,0.305252,0.42995,-0.014385,0.001909,-0.005549,-1.571342,-1.002598,1.955378,0.157778,0.083289,0.025981,-0.040399,-0.73124,0.128883,-0.669833,-0.241168,-0.967412,0.077137,-0.638063,0.217948,0.738493,-0.000929,-0.002708,-0.001485,0.079099,0.259922,0.076965,-0.844395
887,0.074093,-0.010078,0.444318,-0.710671,0.20552,-0.672869,-0.339593,-0.937786,0.072157,-0.615298,0.27952,0.737092,-0.014811,-0.003244,-0.001533,0.199477,0.689472,0.140963,-1.914098,-0.093409,-0.026758,0.398664,0.160892,0.578106,0.799937,-0.534582,0.732386,-0.421624,-0.829773,-0.36053,0.425861,-0.015099,0.006376,-0.010749,-0.11163,-0.078996,0.173417,0.243991,0.032508,0.030902,-0.010093,-0.208623,-0.55869,0.802709,0.489049,-0.770377,-0.409084,0.84694,0.307219,0.433945,-0.007544,0.003144,-0.005407,-1.575313,-0.947832,1.796698,0.153695,0.083252,0.025975,-0.040489,-0.735061,0.1494,-0.661334,-0.262336,-0.962116,0.074233,-0.62519,0.228058,0.746408,-0.001208,-0.003514,-0.001932,-0.052059,0.191861,0.136375,-0.842762
888,0.073992,-0.010209,0.444025,-0.709197,0.245764,-0.660822,-0.380644,-0.922392,0.065386,-0.59259,0.297598,0.748532,-0.002211,-0.006398,-0.003528,0.053877,0.483468,0.246528,-1.913576,-0.093993,-0.026537,0.398302,0.170174,0.572905,0.801755,-0.540707,0.734515,-0.409948,-0.823942,-0.364479,0.433747,-0.015232,0.00702,-0.010275,-0.449605,-0.295118,0.59317,0.238204,0.032211,0.031013,-0.01028,-0.217548,-0.552856,0.804377,0.494861,-0.772815,-0.397326,0.841299,0.311617,0.441711,-0.006883,-0.00104,2e-06,-1.610555,-0.943113,1.77522,0.144061,0.083195,0.02591,-0.040642,-0.737286,0.189976,-0.648319,-0.304443,-0.950114,0.06781,-0.603095,0.247371,0.758342,-0.001309,-0.003809,-0.002099,-0.137313,0.750197,0.33813,-0.846354
889,0.073837,-0.010304,0.443788,-0.7126,0.276278,-0.644916,-0.4088,-0.91053,0.061557,-0.569327,0.307158,0.762592,-0.013653,0.007462,-0.011194,0.262453,0.793309,0.005897,-1.913999,-0.094583,-0.026423,0.398118,0.182032,0.568041,0.802612,-0.536333,0.741522,-0.403021,-0.824281,-0.357826,0.438617,-0.01528,0.007286,-0.010082,0.033229,0.013887,-0.006333,0.24867,0.031916,0.031071,-0.010371,-0.229648,-0.546814,0.805142,0.490208,-0.779645,-0.389677,0.840807,0.305199,0.447097,-0.006901,-0.000919,0.0001,-0.004411,0.087567,-0.222625,0.144878,0.083121,0.025853,-0.040759,-0.742154,0.21967,-0.633206,-0.333761,-0.940417,0.064941,-0.581213,0.259536,0.771252,-0.000862,-0.002497,-0.001378,0.023982,0.200469,-0.176153,-0.850763
890,0.073744,-0.010311,0.443669,-0.715874,0.290965,-0.634751,-0.422422,-0.904274,0.061814,-0.555117,0.312016,0.77105,-0.001091,0.004145,-0.013271,-0.050018,0.716692,0.568568,-1.914015,-0.094899,-0.026363,0.397992,0.185117,0.566218,0.803193,-0.538287,0.742252,-0.399052,-0.822321,-0.359196,0.441168,-0.013634,-0.002618,-0.000399,-0.045504,-0.012461,0.024774,0.247276,0.031757,0.031106,-0.010437,-0.232585,-0.544793,0.80567,0.492019,-0.780473,-0.385717,0.83894,0.306694,0.449575,-0.007558,0.003292,-0.005289,-0.121364,-0.084316,0.185369,0.150103,0.08307,0.025853,-0.040817,-0.746876,0.233686,-0.622547,-0.347219,-0.9355,0.065403,-0.567109,0.265008,0.779843,-0.000585,-0.00171,-0.000941,-0.852193,0.942102,1.121867,-0.848967
891,0.073692,-0.010205,0.443307,-0.721129,0.32287,-0.613003,-0.448914,-0.89165,0.058377,-0.526844,0.316876,0.788703,-0.000196,0.006728,-0.011841,-3.221976,0.971737,4.305779,-1.91363,-0.095555,-0.026269,0.397674,0.184457,0.566322,0.803272,-0.537644,0.742338,-0.399759,-0.822889,-0.358855,0.440386,-0.014866,0.005432,-0.011455,0.04088,-0.055216,0.179981,0.229159,0.031439,0.031153,-0.010591,-0.231825,-0.545038,0.805723,0.491429,-0.780439,-0.386538,0.839496,0.306347,0.448773,-0.007357,0.002376,-0.005968,0.033209,0.013965,-0.006628,0.141448,0.083043,0.025902,-0.041,-0.756196,0.261708,-0.599729,-0.369781,-0.927067,0.061705,-0.539841,0.26843,0.797819,-0.000121,0.003285,-0.005964,0.08997,0.892751,-0.124196,-0.852069
892,0.073633,-0.009893,0.442956,-0.728333,0.350657,-0.588741,-0.467557,-0.88237,0.052783,-0.500078,0.313272,0.807348,0.00058,0.008963,-0.0106,-2.969624,1.174133,4.32106,-1.913708,-0.096108,-0.026283,0.397457,0.186167,0.567785,0.801844,-0.536973,0.74227,-0.400787,-0.822945,-0.356676,0.442049,-0.013344,-0.003964,-0.0014,0.000547,-0.000115,-0.035036,0.216753,0.031147,0.031144,-0.010705,-0.233805,-0.546527,0.80414,0.490792,-0.7803,-0.387626,0.839319,0.304037,0.450669,-0.006663,-0.00201,-0.000711,0.003796,0.025787,-0.019059,0.121527,0.083013,0.026058,-0.041175,-0.764865,0.288277,-0.576087,-0.389302,-0.919355,0.056822,-0.513249,0.267733,0.81541,-0.005955,0.006234,-0.004211,0.294096,0.936676,-0.15435,-0.851253
893,0.073528,-0.009556,0.442597,-0.731534,0.368643,-0.57359,-0.480122,-0.875796,0.049369,-0.483244,0.311044,0.818385,0.000644,0.009143,-0.010497,0.141594,0.54082,-0.201656,-1.914126,-0.096673,-0.026278,0.397154,0.186037,0.567566,0.802029,-0.536348,0.742621,-0.400972,-0.823381,-0.356292,0.441546,-0.01468,0.004579,-0.01209,0.041025,-0.055554,0.179837,0.211911,0.03087,0.031146,-0.010851,-0.233438,-0.546216,0.804459,0.490137,-0.780624,-0.387804,0.839805,0.303767,0.449947,-0.007252,0.00189,-0.006333,0.031981,0.024581,-0.033116,0.112873,0.082961,0.026228,-0.041354,-0.767658,0.31059,-0.560565,-0.407887,-0.911459,0.053568,-0.494295,0.269769,0.826375,0.000366,0.004676,-0.00519,0.175765,0.686645,0.119779,-0.851416
894,0.073523,-0.00938,0.442415,-0.730004,0.375561,-0.571046,-0.486644,-0.872245,0.048364,-0.479025,0.312729,0.820221,0.000745,0.009432,-0.010335,-0.242736,0.223349,0.073552,-1.914106,-0.096943,-0.026229,0.396989,0.189333,0.566333,0.802129,-0.531549,0.745998,-0.401093,-0.825743,-0.35115,0.441253,-0.014913,0.005684,-0.011275,0.033299,0.013656,-0.00645,0.204987,0.030736,0.031167,-0.010936,-0.236754,-0.544668,0.804539,0.485077,-0.783754,-0.387851,0.841811,0.298438,0.449762,-0.007441,0.002782,-0.005672,0.032802,0.013929,-0.006259,0.108137,0.082959,0.026317,-0.041445,-0.76729,0.317919,-0.556949,-0.414283,-0.908657,0.052063,-0.489525,0.270682,0.828912,0.000422,0.004841,-0.005097,-0.917004,0.186663,1.217103,-0.851743
895,0.073698,-0.009109,0.442048,-0.729204,0.392803,-0.560368,-0.501642,-0.86377,0.04721,-0.464583,0.315036,0.827612,0.000639,0.00913,-0.010499,0.123199,0.308841,-0.097167,-1.913827,-0.097599,-0.026074,0.396638,0.194325,0.566581,0.800759,-0.526001,0.749251,-0.402344,-0.82814,-0.343734,0.442599,-0.01512,0.006703,-0.010524,0.06304,-0.161625,-0.073191,0.189129,0.030414,0.031241,-0.011108,-0.241327,-0.544345,0.803398,0.479518,-0.786628,-0.388944,0.843695,0.291382,0.450858,-0.014387,0.002112,-0.005406,0.067041,-0.277671,-0.165408,0.087563,0.083047,0.026453,-0.041627,-0.767485,0.335164,-0.546471,-0.430228,-0.901251,0.05147,-0.475257,0.27461,0.835894,0.006632,0.002992,-0.006243,0.146541,0.347058,-0.055284,-0.853865
896,0.073858,-0.008851,0.441605,-0.738885,0.407604,-0.536612,-0.506972,-0.860817,0.044107,-0.443033,0.304125,0.843361,-3.8e-05,0.007177,-0.011577,0.234664,0.583498,-0.018669,-1.914312,-0.098348,-0.025869,0.396281,0.197465,0.564403,0.801528,-0.527241,0.750475,-0.398419,-0.82661,-0.344642,0.444747,-0.01518,0.007044,-0.010275,0.02941,0.010961,-0.001704,0.179998,0.030033,0.031347,-0.01129,-0.244798,-0.542182,0.80381,0.480463,-0.787921,-0.385141,0.842156,0.29192,0.45338,-0.007596,0.003573,-0.005087,0.02379,0.010167,0.006344,0.072866,0.083128,0.026586,-0.041847,-0.777903,0.348849,-0.522656,-0.435709,-0.898773,0.048604,-0.452794,0.265535,0.851156,-0.000102,0.003331,-0.005932,0.285662,0.792185,-0.167355,-0.858438
897,0.073873,-0.008678,0.441362,-0.739915,0.418704,-0.526553,-0.514042,-0.85677,0.040949,-0.433074,0.300444,0.849828,0.000398,0.008437,-0.010877,0.157634,0.403113,-0.058661,-1.913703,-0.098723,-0.02576,0.396083,0.20266,0.563896,0.800588,-0.528679,0.751199,-0.395136,-0.824437,-0.343892,0.449337,-0.015121,0.006786,-0.010466,0.095779,-0.383739,-0.152812,0.176961,0.02984,0.031405,-0.011393,-0.248986,-0.540516,0.803646,0.481938,-0.788897,-0.381282,0.840083,0.292374,0.45692,-0.007556,0.003391,-0.00522,0.088346,-0.538007,-0.255006,0.066825,0.083135,0.026668,-0.041971,-0.779868,0.360202,-0.511917,-0.443173,-0.895296,0.045182,-0.442043,0.262104,0.857845,0.000203,0.004208,-0.005448,0.134163,0.485554,-0.213046,-0.859254
898,0.073984,-0.008274,0.440826,-0.739152,0.440098,-0.509914,-0.530769,-0.846622,0.038574,-0.413814,0.298606,0.860011,0.001378,0.018551,-0.020816,-0.679107,0.453608,1.167391,-1.913547,-0.099438,-0.025569,0.395725,0.219458,0.557211,0.800841,-0.530639,0.757015,-0.381161,-0.818878,-0.342017,0.460789,-0.015117,0.006815,-0.010448,-1.588559,-1.07207,1.952851,0.175637,0.029493,0.031499,-0.011567,-0.264465,-0.535041,0.802364,0.482427,-0.793804,-0.370322,0.835057,0.289145,0.468052,-0.01437,0.002139,-0.005394,0.047214,0.047915,-0.248488,0.059803,0.083189,0.026865,-0.042236,-0.780936,0.380052,-0.495679,-0.459271,-0.88724,0.043301,-0.42333,0.261466,0.867424,0.006835,0.003528,-0.005937,-2.659291,0.66873,4.521643,-0.855825
899,0.074172,-0.007926,0.440293,-0.741019,0.449081,-0.499261,-0.538218,-0.841762,0.041576,-0.400672,0.298956,0.866091,0.012522,0.003918,-0.013609,0.053823,0.119135,-0.146939,-1.913348,-0.100191,-0.025462,0.39545,0.228746,0.557278,0.798191,-0.535677,0.756713,-0.37466,-0.813045,-0.342579,0.470597,-0.015113,0.006847,-0.010428,-0.435901,-0.443853,0.527514,0.18286,0.029112,0.031551,-0.011705,-0.274818,-0.533443,0.799946,0.488028,-0.794231,-0.361973,0.828434,0.290919,0.478604,-0.007562,0.003428,-0.005205,-1.584428,-1.124906,1.702751,0.065355,0.083281,0.02705,-0.042502,-0.782825,0.390306,-0.484607,-0.468543,-0.882225,0.046326,-0.409452,0.263324,0.873503,0.00023,0.004287,-0.005398,0.03907,0.088473,-0.158207,-0.850926
900,0.074474,-0.007708,0.439837,-0.737692,0.462925,-0.491484,-0.549698,-0.834435,0.039012,-0.391139,0.298366,0.87064,0.012799,0.004733,-0.013155,-2.617755,0.422155,4.719857,-1.91366,-0.100931,-0.025309,0.395169,0.23309,0.560143,0.794921,-0.537462,0.755473,-0.374605,-0.810634,-0.340635,0.476134,-0.013888,-0.001234,0.000585,0.002745,-0.015749,-0.04114,0.174814,0.028741,0.031629,-0.011851,-0.280226,-0.535882,0.796431,0.49006,-0.793273,-0.361329,0.825417,0.289046,0.48491,-0.007716,0.004272,-0.004576,0.038691,0.094505,-0.185918,0.06013,0.083431,0.027156,-0.042732,-0.782748,0.399442,-0.477231,-0.475327,-0.8787,0.044153,-0.401706,0.261402,0.877667,0.006371,0.002259,-0.006641,0.134271,0.190127,0.107067,-0.85011
901,0.074655,-0.007675,0.43963,-0.738506,0.463952,-0.489287,-0.549321,-0.834753,0.03748,-0.390132,0.295872,0.871942,0.01173,-0.00566,-0.003376,0.034724,0.062454,0.051837,-1.913103,-0.101256,-0.025188,0.395024,0.241392,0.561009,0.791827,-0.533364,0.758387,-0.374573,-0.810921,-0.332627,0.481279,-0.015538,0.009061,-0.008799,0.063663,-0.183729,-0.051897,0.171715,0.028574,0.031688,-0.011924,-0.288283,-0.536101,0.793402,0.485834,-0.795899,-0.36126,0.82514,0.281317,0.4899,-0.007768,0.004541,-0.004378,0.06803,-0.175113,-0.05071,0.055721,0.083522,0.027179,-0.042838,-0.781415,0.405056,-0.474677,-0.480045,-0.87621,0.042556,-0.39868,0.26112,0.87913,0.006043,0.001311,-0.007168,0.057364,0.03232,0.035363,-0.8506
902,0.075069,-0.007709,0.439381,-0.735327,0.482686,-0.475767,-0.564377,-0.824739,0.035434,-0.37437,0.293961,0.879466,0.012278,-0.004072,-0.002496,-0.1387,0.224748,0.531186,-1.913722,-0.101826,-0.024987,0.394797,0.254869,0.563417,0.785872,-0.53638,0.758615,-0.369775,-0.804799,-0.327998,0.494548,-0.014,-0.000605,0.001042,0.057878,-0.375333,-0.149637,0.172584,0.028294,0.03179,-0.012037,-0.301244,-0.53707,0.787912,0.488782,-0.796456,-0.356017,0.818744,0.27787,0.502438,-0.007596,0.003694,-0.005008,0.094856,-0.467334,-0.431879,0.049843,0.083728,0.027158,-0.042964,-0.779781,0.423472,-0.461099,-0.495367,-0.867723,0.04082,-0.38282,0.260244,0.886408,0.006124,-0.002103,-0.001291,-0.691451,0.279439,1.573533,-0.852069
903,0.075557,-0.007725,0.439175,-0.736658,0.496643,-0.459048,-0.57296,-0.818885,0.033394,-0.358412,0.286994,0.888371,0.012666,-0.002936,-0.001867,-2.474428,0.403919,4.800565,-1.913826,-0.102392,-0.024793,0.394477,0.266725,0.566902,0.779405,-0.53982,0.757843,-0.366336,-0.798645,-0.323749,0.507164,-0.014955,0.00622,-0.010898,0.068074,-0.203059,-0.303351,0.173006,0.02801,0.031889,-0.012189,-0.31377,-0.540095,0.780926,0.492193,-0.79585,-0.352658,0.811969,0.273713,0.515545,-0.00744,0.002946,-0.005558,0.089107,-0.355564,-0.16222,0.055721,0.083967,0.027146,-0.043063,-0.784224,0.433402,-0.444019,-0.49996,-0.865191,0.038522,-0.367466,0.252202,0.895188,0.00637,-0.001368,-0.000886,0.061338,0.219034,-0.103666,-0.8506
904,0.075742,-0.007704,0.439079,-0.740957,0.498331,-0.450215,-0.571528,-0.819903,0.032967,-0.351787,0.281112,0.892888,0.000594,0.009044,-0.010522,-2.015927,1.618875,-1.225634,-1.913264,-0.102656,-0.024651,0.394276,0.272703,0.568546,0.776131,-0.541416,0.75756,-0.364561,-0.795546,-0.321517,0.513417,-0.015094,0.006952,-0.010358,0.065044,-0.228356,-0.095116,0.164748,0.027885,0.031955,-0.012288,-0.319834,-0.541365,0.777579,0.493788,-0.795661,-0.35085,0.808627,0.271745,0.521799,-0.000723,0.004679,-0.005023,0.040687,-0.390841,-0.075644,0.049679,0.084069,0.027156,-0.043112,-0.784734,0.439657,-0.436913,-0.503596,-0.863193,0.035888,-0.361363,0.248191,0.898786,0.006353,-0.001411,-0.000911,0.137357,0.385041,-0.062061,-0.84913
905,0.076144,-0.007685,0.43886,-0.741217,0.509544,-0.437044,-0.577711,-0.815722,0.028623,-0.341005,0.273062,0.899544,0.012586,-0.003163,-0.001994,0.183608,0.484094,-0.032314,-1.913351,-0.103112,-0.024349,0.393869,0.283596,0.569706,0.771362,-0.544434,0.757855,-0.359417,-0.789667,-0.318752,0.524105,-0.015092,0.006988,-0.010332,0.056714,-0.145105,-0.068393,0.165787,0.027651,0.032105,-0.012492,-0.330767,-0.542047,0.772514,0.496722,-0.79602,-0.345859,0.802409,0.269326,0.532544,-0.007539,0.003489,-0.005162,0.072026,-0.204659,-0.099954,0.040045,0.084261,0.027168,-0.04322,-0.786439,0.449207,-0.42394,-0.509924,-0.859497,0.035223,-0.348553,0.243878,0.905004,5e-06,4e-06,-4e-06,0.225948,0.598913,-0.027942,-0.848477
906,0.076452,-0.00763,0.43864,-0.734062,0.527484,-0.427736,-0.594285,-0.803728,0.028606,-0.327786,0.274535,0.903999,-3e-06,-8e-06,-5e-06,0.007613,0.497887,0.589924,-1.913725,-0.103493,-0.023923,0.393351,0.292084,0.566873,0.770281,-0.546843,0.759771,-0.351631,-0.784903,-0.319238,0.530921,-0.016553,0.016452,-0.020315,0.069104,0.009968,0.015377,0.175745,0.027461,0.032318,-0.01275,-0.339106,-0.538604,0.771305,0.498739,-0.79811,-0.338051,0.797663,0.270045,0.539267,-0.007535,0.003505,-0.005151,0.037776,0.028512,-0.006409,0.050006,0.084424,0.027196,-0.043336,-0.780864,0.4671,-0.414811,-0.526902,-0.849178,0.035649,-0.335597,0.246402,0.909208,0.006564,0.002842,-0.006318,-0.460937,0.595415,1.525393,-0.85011
907,0.076654,-0.007445,0.43826,-0.735174,0.536055,-0.414982,-0.601737,-0.797901,0.035205,-0.311333,0.274919,0.90968,0.01249,0.003872,-0.013626,0.071769,0.202527,-0.13391,-1.913435,-0.103801,-0.023286,0.392635,0.301513,0.563238,0.769314,-0.548237,0.762576,-0.343289,-0.780361,-0.318978,0.537729,-0.002936,0.01892,-0.019962,0.071114,-0.004946,0.044731,0.166571,0.027302,0.032635,-0.013108,-0.348183,-0.53434,0.770226,0.499863,-0.80091,-0.329663,0.793035,0.270225,0.54596,-0.008264,0.008252,-0.010128,0.073051,0.020375,0.013213,0.051475,0.084521,0.02729,-0.043519,-0.782511,0.47696,-0.400229,-0.535356,-0.843612,0.041358,-0.317912,0.246628,0.91548,0.000196,0.004224,-0.005425,0.054008,0.18171,0.037469,-0.853049
908,0.076689,-0.007269,0.438008,-0.731503,0.5458,-0.408719,-0.610175,-0.791475,0.035,-0.303483,0.274308,0.912513,0.000147,0.007741,-0.011237,0.132983,0.297149,-0.09589,-1.913475,-0.103909,-0.022925,0.392258,0.307554,0.559264,0.769821,-0.549616,0.764858,-0.33593,-0.777032,-0.3205,0.54163,-0.016637,0.016987,-0.019907,-0.459455,-0.291407,0.57905,0.161505,0.027247,0.032822,-0.013305,-0.353801,-0.529995,0.770668,0.500892,-0.803212,-0.322425,0.789893,0.271947,0.549648,-0.008313,0.008519,-0.009931,-0.512037,-0.31992,0.634242,0.043474,0.084543,0.027375,-0.043647,-0.779451,0.486728,-0.394398,-0.54425,-0.837892,0.041558,-0.310236,0.247044,0.917998,3e-05,0.003723,-0.005704,0.189951,0.320987,0.122412,-0.856478
909,0.076675,-0.006931,0.43745,-0.719636,0.570793,-0.395429,-0.634841,-0.771506,0.041555,-0.280467,0.280225,0.918063,-0.012715,0.017367,-0.02118,-0.529425,0.279945,1.356219,-1.913424,-0.104059,-0.022178,0.39163,0.319655,0.551363,0.770591,-0.552404,0.769214,-0.321081,-0.770152,-0.323744,0.549471,-0.003575,0.022252,-0.017493,0.068094,-0.0178,0.076135,0.165331,0.027174,0.033184,-0.013615,-0.365486,-0.521198,0.771214,0.503361,-0.807606,-0.307244,0.782973,0.275906,0.557519,-0.000948,0.005906,-0.004116,0.022696,0.068565,-0.159389,0.037269,0.084542,0.027543,-0.04392,-0.770337,0.511472,-0.380756,-0.568968,-0.820935,0.048357,-0.287843,0.253889,0.923409,-9.9e-05,0.003253,-0.005977,-2.076229,0.444346,4.954763,-0.858927
910,0.076558,-0.006624,0.436936,-0.713371,0.58695,-0.382932,-0.649333,-0.759093,0.045998,-0.262801,0.280729,0.923122,-0.000539,0.005706,-0.012361,0.199663,0.43746,-0.086309,-1.91349,-0.104134,-0.021512,0.391139,0.331818,0.543766,0.770848,-0.556903,0.772488,-0.30505,-0.761732,-0.328759,0.558162,0.011611,0.014503,-0.007728,-0.499306,-0.248753,0.42952,0.17717,0.02713,0.033524,-0.013861,-0.376616,-0.513122,0.771274,0.507131,-0.81094,-0.291878,0.775227,0.281212,0.565633,-0.00177,0.011009,-0.008841,-1.679758,-1.027015,1.941429,0.049516,0.084478,0.027701,-0.044187,-0.764184,0.528723,-0.369422,-0.585588,-0.808824,0.053739,-0.270385,0.257396,0.927705,-0.000253,0.002882,-0.006163,0.275764,0.568848,-0.064108,-0.86105
911,0.076449,-0.00647,0.436721,-0.709578,0.594443,-0.378392,-0.656321,-0.752949,0.047763,-0.255641,0.281495,0.924897,-0.012808,0.00978,-0.009857,0.089912,0.207732,-0.157921,-1.913682,-0.104143,-0.021191,0.390876,0.334989,0.541757,0.770891,-0.557916,0.773379,-0.300915,-0.759604,-0.329978,0.56034,0.010337,0.022923,-0.018454,-1.686912,-1.034551,1.949333,0.181482,0.027125,0.033683,-0.013987,-0.378192,-0.51196,0.771276,0.507627,-0.811414,-0.28969,0.774134,0.281962,0.566755,-0.000893,0.005607,-0.004337,0.03046,0.073278,-0.167091,0.055721,0.084428,0.027773,-0.044292,-0.760942,0.537114,-0.36397,-0.593215,-0.803163,0.054985,-0.262795,0.257753,0.929785,-0.000452,-0.001353,-0.000749,0.07141,0.232392,-0.138305,-0.859254
912,0.076261,-0.006238,0.436328,-0.692934,0.62155,-0.365462,-0.683556,-0.727523,0.058596,-0.228605,0.289639,0.929449,-0.013283,0.00838,-0.010636,-0.56182,0.269667,1.331847,-1.913441,-0.104016,-0.020596,0.390339,0.337758,0.539672,0.771145,-0.556734,0.775167,-0.298491,-0.759248,-0.329192,0.561283,0.012082,0.011973,-0.009579,0.03761,-0.017696,0.051604,0.182433,0.027193,0.03399,-0.014262,-0.382681,-0.508353,0.771447,0.506934,-0.813619,-0.284675,0.77238,0.282133,0.569059,0.006065,0.005918,-0.004842,0.038587,-0.016844,0.050066,0.062579,0.084334,0.027892,-0.044486,-0.747304,0.564255,-0.350929,-0.620887,-0.781093,0.066267,-0.236717,0.267409,0.934053,-0.000119,0.003217,-0.006002,-2.003988,0.423085,5.1529,-0.858601
913,0.076073,-0.006084,0.435998,-0.686398,0.636266,-0.352233,-0.69467,-0.716924,0.058519,-0.214443,0.284057,0.934533,-0.013105,0.008913,-0.010339,0.129279,0.19417,0.045152,-1.913343,-0.103847,-0.020131,0.389869,0.339804,0.53792,0.77147,-0.554534,0.777135,-0.297469,-0.759947,-0.32741,0.561379,-0.001469,0.009443,-0.009967,0.035567,-0.002508,0.022354,0.178766,0.027279,0.034217,-0.014495,-0.38458,-0.506493,0.771727,0.504628,-0.815399,-0.28368,0.772947,0.280338,0.569177,-0.000722,0.004703,-0.005,0.035395,-0.002423,0.022228,0.061763,0.08424,0.027967,-0.044652,-0.740857,0.580516,-0.337831,-0.634019,-0.770455,0.06647,-0.221697,0.263437,0.938855,-0.000612,-0.001816,-0.001008,0.092602,0.289933,-0.149442,-0.856805
914,0.075963,-0.005973,0.435712,-0.679728,0.649341,-0.341134,-0.705154,-0.706479,0.060137,-0.201115,0.280616,0.938528,-0.000867,-0.002548,-0.001424,0.012725,0.118251,-0.170571,-1.913592,-0.103767,-0.01977,0.389548,0.347383,0.532858,0.771608,-0.555034,0.780085,-0.288684,-0.756154,-0.328663,0.565753,-0.001541,0.009805,-0.009698,0.021337,-0.010902,0.037473,0.176387,0.027318,0.034397,-0.014655,-0.391861,-0.500889,0.771722,0.504843,-0.818308,-0.274779,0.76914,0.281924,0.573533,-2e-05,0.000139,9.9e-05,-0.04481,-0.026266,0.047385,0.055394,0.08418,0.028025,-0.044799,-0.734948,0.594296,-0.326592,-0.645442,-0.760765,0.068116,-0.207979,0.260858,0.942707,-0.000519,-0.001539,-0.000857,0.009156,0.011998,0.016187,-0.856478
915,0.075942,-0.005948,0.43561,-0.671018,0.662453,-0.333073,-0.71679,-0.694442,0.062724,-0.188919,0.280004,0.941241,-0.000239,0.006589,-0.011864,-0.380594,0.365865,1.659661,-1.913409,-0.103785,-0.019655,0.389443,0.351454,0.530268,0.771548,-0.55608,0.781248,-0.28348,-0.753502,-0.330087,0.568454,-0.001505,0.009619,-0.009834,-1.721262,-1.038134,1.889133,0.182746,0.027309,0.034458,-0.014712,-0.395168,-0.498436,0.771623,0.50551,-0.819359,-0.270387,0.767008,0.283215,0.575749,-0.000761,0.004803,-0.004936,-1.716506,-1.037848,1.887848,0.058497,0.084169,0.028034,-0.044847,-0.728377,0.606115,-0.319515,-0.656384,-0.751016,0.071648,-0.196535,0.261911,0.944868,-0.000363,-0.001168,-0.000696,-1.626058,0.772387,5.281375,-0.856805
916,0.075943,-0.005952,0.43549,-0.666629,0.672164,-0.322252,-0.723813,-0.686979,0.064237,-0.177379,0.275232,0.944886,-0.000794,-0.002333,-0.001305,0.064449,0.142983,0.01262,-1.913831,-0.10391,-0.019456,0.389206,0.357068,0.526697,0.771417,-0.557642,0.782751,-0.27617,-0.749703,-0.332234,0.572213,-0.013556,-0.002416,-0.000309,-0.002429,0.014979,-0.028837,0.184241,0.027252,0.034558,-0.01483,-0.401138,-0.494061,0.771356,0.507075,-0.821054,-0.262193,0.762865,0.28596,0.579882,-0.000745,0.00479,-0.004929,0.040893,0.000651,0.016506,0.066171,0.084171,0.028037,-0.044909,-0.723505,0.617843,-0.30791,-0.66538,-0.742959,0.072664,-0.183869,0.25745,0.948636,-0.000154,-0.000457,-0.000254,0.049519,0.190272,-0.145834,-0.857458
917,0.076035,-0.005951,0.43542,-0.659794,0.686358,-0.30599,-0.73452,-0.674986,0.069599,-0.157954,0.269819,0.949881,0.000295,0.000869,0.000486,-0.293482,0.681384,1.526577,-1.913914,-0.104007,-0.019179,0.388998,0.368319,0.522248,0.769148,-0.560387,0.784849,-0.26441,-0.742186,-0.334298,0.580748,-0.000264,0.001364,0.001002,-0.01425,-0.008567,0.015003,0.183681,0.027198,0.034694,-0.014936,-0.412064,-0.488916,0.768871,0.509538,-0.823209,-0.25039,0.755363,0.288593,0.588336,-0.000914,0.005668,-0.004282,-0.007527,-0.022773,0.069732,0.065192,0.084215,0.028032,-0.044948,-0.717976,0.631371,-0.293051,-0.676324,-0.732332,0.079205,-0.164604,0.255065,0.95281,0.000207,0.000581,0.000316,-0.200763,0.836123,1.562477,-0.857784
