frame,MLTx,MLTy,MLTz,MLTR1,MLTR2,MLTR3,MLTR4,MLTR5,MLTR6,MLTR7,MLTR8,MLTR9,MLTTVx,MLTTVy,MLTTVz,MLTRVx,MLTRVy,MLTRVz,MLGA,MRTx,MRTy,MRTz,MRTR1,MRTR2,MRTR3,MRTR4,MRTR5,MRTR6,MRTR7,MRTR8,MRTR9,MRTTVx,MRTTVy,MRTTVz,MRTRVx,MRTRVy,MRTRVz,MRGA,SLTx,SLTy,SLTz,SLTR1,SLTR2,SLTR3,SLTR4,SLTR5,SLTR6,SLTR7,SLTR8,SLTR9,SLTTVx,SLTTVy,SLTTVz,SLTRVx,SLTRVy,SLTRVz,SLGA,SRTx,SRTy,SRTz,SRTR1,SRTR2,SRTR3,SRTR4,SRTR5,SRTR6,SRTR7,SRTR8,SRTR9,SRTTVx,SRTTVy,SRTTVz,SRTRVx,SRTRVy,SRTRVz,SRGA
20,0.122899,0.023956,0.316137,0.048434,0.018374,-0.99868,-0.545747,-0.836884,-0.041918,-0.836617,0.547031,-0.029264,0.018762,0.056491,-0.020509,0.160701,-0.543977,0.054357,-1.917686,-0.155242,0.055302,0.315747,0.129049,0.227079,0.965284,-0.939722,0.338724,0.046067,-0.316641,-0.913308,0.255872,0.03096,-0.050537,0.054932,-0.070806,-0.44387,-0.871563,-1.186855,0.041622,0.05004,-0.01878,-0.171087,-0.247351,0.953701,0.853146,-0.521366,0.017827,0.492818,0.816697,0.300225,0.015456,-0.025525,0.027236,-0.094015,-0.355485,-0.800596,-0.882547,0.075735,0.036413,-0.084773,0.04127,0.087247,-0.995331,-0.365764,-0.925711,-0.09631,-0.929791,0.368031,-0.006293,0.009355,0.028028,-0.010467,0.156624,-0.3981,-0.163481,-0.87395
21,0.123669,0.026206,0.315581,0.043381,-0.00965,-0.999035,-0.541391,-0.840612,-0.015443,-0.839713,0.541547,-0.040448,0.01999,0.062985,-0.014644,0.179527,-0.579083,-0.437302,-1.917378,-0.153818,0.053023,0.317925,0.107066,0.240854,0.964633,-0.944453,0.327732,0.023116,-0.310682,-0.913808,0.261334,0.031402,-0.054897,0.051801,-0.166856,-0.081651,-0.572996,-1.258395,0.042322,0.048921,-0.01771,-0.152345,-0.266764,0.951644,0.859843,-0.510528,-0.005462,0.487298,0.817433,0.307151,0.016314,-0.034047,0.028819,-0.179486,-0.226073,-0.496213,-0.88075,0.076118,0.037515,-0.085051,0.040548,0.061498,-0.997282,-0.360869,-0.929832,-0.072011,-0.931734,0.362808,-0.01551,0.00975,0.026125,-0.003225,0.159167,-0.882088,-0.442361,-0.877379
22,0.124081,0.02825,0.315463,0.03913,-0.030936,-0.998778,-0.537843,-0.843014,0.004987,-0.842194,0.537024,-0.048383,0.005932,0.045176,0.004754,0.123257,0.266305,-0.946505,-1.916474,-0.152688,0.050847,0.319809,0.077772,0.25497,0.963812,-0.94819,0.317515,-0.007366,-0.307974,-0.913603,0.265225,0.03064,-0.047718,0.041467,-0.119995,-0.213255,-0.429792,-1.396721,0.042887,0.047831,-0.016764,-0.126232,-0.286452,0.949742,0.865542,-0.499566,-0.035634,0.484666,0.817544,0.310997,0.009025,-0.024692,0.020649,-0.115309,-0.250048,-0.486828,-0.880424,0.076332,0.038567,-0.085117,0.043106,0.038232,-0.998338,-0.356696,-0.93282,-0.051125,-0.933224,0.358307,-0.026573,0.003489,0.029093,-0.000703,0.244706,1.34254,-2.483592,-0.879176
23,0.124127,0.029211,0.315585,0.035397,-0.042208,-0.998504,-0.536424,-0.843769,0.016598,-0.843259,0.535082,-0.051266,0.006512,0.047988,0.007175,0.093593,-0.231201,-0.341149,-1.916596,-0.152135,0.04987,0.320575,0.06384,0.26221,0.962892,-0.949466,0.312982,-0.022161,-0.307232,-0.913127,0.267713,0.018383,-0.05226,0.039227,-0.128398,-0.179575,-0.442429,-1.403655,0.043168,0.047345,-0.016379,-0.114075,-0.296306,0.948255,0.867679,-0.494586,-0.050164,0.483858,0.817059,0.313518,0.014865,-0.020236,0.015482,-0.086747,-0.229712,-0.440542,-0.878628,0.076355,0.039046,-0.085058,0.040652,0.026386,-0.998824,-0.355151,-0.933989,-0.039128,-0.933924,0.356325,-0.028598,-0.003376,0.024902,0.004297,0.106087,-0.186252,-0.579209,-0.879175
24,0.124086,0.03098,0.316215,0.025965,-0.062246,-0.997746,-0.53434,-0.844366,0.038719,-0.844912,0.532204,-0.053943,-0.006178,0.044101,0.02095,0.052428,-0.247339,-0.303063,-1.916934,-0.151138,0.047991,0.321656,0.043259,0.27327,0.96096,-0.951405,0.304716,-0.043704,-0.304791,-0.912694,0.271948,0.016743,-0.038908,0.017354,-0.083801,-0.062036,-0.369831,-1.404563,0.043666,0.046406,-0.015826,-0.096217,-0.311037,0.945514,0.871238,-0.485681,-0.071112,0.481337,0.816926,0.317718,0.008982,-0.025447,0.012124,-0.115506,-0.085729,-0.376383,-0.870463,0.076339,0.03993,-0.084749,0.035261,0.005101,-0.999364,-0.352942,-0.935486,-0.017228,-0.93498,0.353325,-0.031186,0.003519,0.021184,0.009805,0.0588,-0.347456,-0.377529,-0.880319
25,0.123996,0.03249,0.317278,0.013462,-0.073795,-0.997205,-0.533528,-0.843962,0.0552,-0.845701,0.531382,-0.049492,-0.005994,0.036538,0.031499,0.000682,0.141324,-0.295084,-1.916806,-0.150452,0.046495,0.322189,0.031805,0.275447,0.960785,-0.952667,0.299057,-0.05408,-0.302239,-0.913913,0.270696,0.015777,-0.030063,0.008024,-0.070326,0.001234,-0.010077,-1.405019,0.04401,0.045647,-0.015563,-0.085251,-0.315308,0.945152,0.873628,-0.479762,-0.081252,0.479067,0.818784,0.316362,0.007951,-0.016034,0.003228,-0.078669,0.046733,-0.008015,-0.86981,0.076295,0.04069,-0.08422,0.025949,-0.009335,-0.999619,-0.352152,-0.935942,-0.000401,-0.935582,0.352028,-0.027574,-0.002962,0.018506,0.015963,0.001167,0.063749,-0.113372,-0.886034
26,0.123837,0.033779,0.318721,-0.010796,-0.08349,-0.996473,-0.533271,-0.842479,0.076312,-0.845873,0.532314,-0.034186,-0.006116,0.02754,0.040683,-0.036823,0.199021,-0.274193,-1.916098,-0.150033,0.045783,0.322018,0.021625,0.274671,0.96129,-0.952427,0.297947,-0.063587,-0.30388,-0.914508,0.266822,0.001031,-0.013183,-0.010223,-0.004116,0.03407,-0.046516,-1.404633,0.044224,0.045286,-0.015641,-0.07515,-0.316319,0.945671,0.873629,-0.478101,-0.090496,0.480752,0.819366,0.312275,0.006192,0.00012,-0.008639,0.032957,-0.008243,0.034135,-0.867524,0.076216,0.04134,-0.0835,0.003856,-0.023313,-0.99972,-0.352138,-0.935723,0.020462,-0.935939,0.351961,-0.011818,-0.002632,0.019969,0.016995,-0.003711,0.275312,-0.385453,-0.880808
27,0.123721,0.034339,0.319519,-0.027158,-0.086796,-0.995878,-0.53317,-0.841421,0.087821,-0.845549,0.533462,-0.022186,-0.005882,0.028517,0.041279,-0.035747,0.470053,-0.414535,-1.91625,-0.149912,0.045659,0.321752,0.019417,0.273759,0.961598,-0.952126,0.298468,-0.065626,-0.30497,-0.914611,0.265223,0.001041,-0.013255,-0.010304,-0.004149,0.034247,-0.046382,-1.404771,0.044285,0.04522,-0.015776,-0.072818,-0.315833,0.946016,0.873232,-0.47844,-0.092515,0.481831,0.819355,0.310635,-0.000143,-0.000418,-0.008467,0.04645,-0.114807,0.160224,-0.86883,0.07616,0.04161,-0.083116,-0.0109,-0.029651,-0.9995,-0.352201,-0.93539,0.03159,-0.93586,0.35237,-0.000248,-0.002963,0.014248,0.020649,0.01826,1.028961,-1.037607,-0.874277
28,0.123364,0.035334,0.321111,-0.050613,-0.086563,-0.994983,-0.534029,-0.839498,0.100148,-0.843899,0.536523,-0.002498,-0.007065,0.014433,0.046156,-0.075019,0.706389,-0.180769,-1.916677,-0.149857,0.045642,0.321048,0.015943,0.269273,0.962927,-0.951366,0.300329,-0.068114,-0.30753,-0.915327,0.259739,-0.000253,-0.001253,-0.01729,0.713641,1.722022,-2.099614,-1.404575,0.044313,0.045203,-0.01613,-0.071411,-0.31239,0.947265,0.872339,-0.480059,-0.092552,0.483656,0.819729,0.306792,-0.000155,-0.00016,-0.008284,0.036062,-0.00859,-0.015629,-0.876179,0.075982,0.042131,-0.0823,-0.033495,-0.035461,-0.998809,-0.353378,-0.934396,0.045025,-0.93488,0.354465,0.018766,-0.009699,0.013888,0.020052,-0.033831,0.813284,0.131319,-0.879829
29,0.122985,0.035992,0.322753,-0.073049,-0.085764,-0.993657,-0.535273,-0.837262,0.111563,-0.841436,0.540131,0.016492,-0.007559,0.0118,0.043613,-0.069392,0.496896,-0.332768,-1.917228,-0.149797,0.045785,0.32043,0.013197,0.262024,0.964967,-0.95069,0.302271,-0.068957,-0.309739,-0.916782,0.251864,-0.000554,0.002584,-0.014309,0.031196,0.024937,0.008752,-1.40496,0.044344,0.045268,-0.016443,-0.064406,-0.305379,0.950049,0.871095,-0.481683,-0.095777,0.486871,0.821416,0.297038,-0.000276,0.001395,-0.007075,0.0335,-0.009112,-0.010128,-0.877485,0.075793,0.042463,-0.081477,-0.056505,-0.037935,-0.99768,-0.355081,-0.93318,0.055593,-0.933125,0.357399,0.039259,-0.009981,0.012303,0.018551,-0.035248,0.424395,-0.187061,-0.876889
30,0.122793,0.036283,0.323587,-0.087508,-0.084309,-0.992613,-0.540525,-0.832946,0.118347,-0.836669,0.546989,0.028554,-0.007354,0.012661,0.044154,-5.552014,1.187863,-0.148823,-1.916878,-0.149764,0.045799,0.320204,0.008714,0.257283,0.966293,-0.950258,0.302926,-0.071969,-0.311216,-0.917902,0.245895,0.01335,-0.007048,-0.006744,-0.017992,0.114415,0.083501,-1.405093,0.044355,0.045279,-0.016559,-0.058971,-0.302036,0.95147,0.87051,-0.482073,-0.099077,0.488603,0.822422,0.291354,-0.000322,0.001983,-0.006617,0.013457,0.147994,0.085253,-0.876995,0.075696,0.042604,-0.081062,-0.070326,-0.039983,-0.996722,-0.3556,-0.932545,0.062499,-0.931988,0.35883,0.051364,-0.010236,0.006964,0.022558,-0.065136,0.479943,-0.138068,-0.877869
31,0.122422,0.036869,0.325252,-0.115338,-0.085395,-0.989672,-0.540442,-0.830529,0.134594,-0.833309,0.550486,0.050874,-0.007198,0.013159,0.044219,-0.068024,0.281248,-0.270739,-1.917253,-0.149605,0.045594,0.319968,0.000612,0.254211,0.967144,-0.949591,0.303266,-0.078993,-0.313357,-0.918641,0.240351,0.014509,-0.017103,0.00169,0.621324,1.7109,-2.090436,-1.405315,0.044434,0.045181,-0.01668,-0.053305,-0.301159,0.952082,0.870016,-0.481982,-0.103749,0.490132,0.822797,0.287706,0.000242,-0.002971,-0.00234,-0.000782,-0.004385,0.001249,-0.871443,0.07551,0.042896,-0.080232,-0.098441,-0.046071,-0.994075,-0.361496,-0.929032,0.078855,-0.927162,0.367117,0.0748,-0.003648,0.006463,0.022028,-0.073,0.383918,-0.501116,-0.887177
32,0.121875,0.037361,0.327026,-0.144115,-0.088944,-0.985579,-0.544783,-0.824299,0.153995,-0.825936,0.559226,0.071567,-0.007109,0.013283,0.04398,-0.066984,0.277367,-0.254572,-1.917218,-0.149294,0.045337,0.319836,-0.00771,0.254015,0.967165,-0.948815,0.30346,-0.087146,-0.315596,-0.918631,0.237443,0.01319,-0.004673,-0.004906,0.006249,-0.03259,-0.020291,-1.40569,0.044595,0.045048,-0.016743,-0.042166,-0.302546,0.952201,0.868982,-0.481417,-0.114482,0.493042,0.822619,0.283206,0.006593,-0.002283,-0.002415,0.000542,-0.011604,0.00764,-0.869157,0.075237,0.043142,-0.079344,-0.12578,-0.055752,-0.99049,-0.366983,-0.924979,0.098667,-0.921684,0.375903,0.095884,-0.010064,0.007348,0.02253,-0.072609,0.390635,-0.467553,-0.89877
33,0.121271,0.037796,0.328868,-0.18021,-0.087905,-0.979716,-0.562413,-0.807915,0.175887,-0.806771,0.582808,0.097376,-0.007547,0.00304,0.052185,-5.482884,1.990662,-0.471808,-1.917271,-0.14883,0.045097,0.31969,-0.018889,0.252701,0.967355,-0.947689,0.303754,-0.097736,-0.318485,-0.918895,0.232514,0.013191,-0.004453,-0.004747,0.034011,-0.191178,-0.104516,-1.405921,0.044822,0.04493,-0.016815,-0.031035,-0.302692,0.952582,0.867858,-0.480945,-0.12455,0.495841,0.822841,0.27762,0.006641,-0.002753,-0.002797,0.041541,-0.270816,-0.191735,-0.873076,0.074935,0.043361,-0.078428,-0.159437,-0.063112,-0.985188,-0.382285,-0.916146,0.120556,-0.910185,0.395844,0.121941,-0.009805,0.008235,0.023069,0.019875,2.178926,-2.563093,-0.90024
34,0.120916,0.03806,0.32982,-0.202999,-0.085103,-0.975497,-0.565442,-0.803133,0.187679,-0.799181,0.589789,0.11613,-0.019221,0.017927,0.04704,-0.007099,2.292814,-2.733994,-1.917134,-0.148604,0.044931,0.319587,-0.024377,0.25059,0.967782,-0.947171,0.30383,-0.102411,-0.319646,-0.919445,0.228714,0.014707,-0.018717,0.000373,-0.036213,0.009797,-0.013734,-1.405887,0.044934,0.044856,-0.016865,-0.0252,-0.302412,0.952843,0.867265,-0.480675,-0.12962,0.497207,0.823102,0.274385,0.006703,-0.003447,-0.003352,-0.003516,0.010135,0.022542,-0.876832,0.074761,0.043486,-0.077951,-0.18139,-0.062863,-0.981399,-0.391934,-0.910651,0.130771,-0.901934,0.408364,0.140545,-0.009586,0.009221,0.023741,-0.040117,0.629205,-0.269387,-0.90073
35,0.120152,0.038659,0.33183,-0.256928,-0.075134,-0.963529,-0.578568,-0.786616,0.215561,-0.773811,0.612941,0.159835,-0.019163,0.009766,0.056779,-0.083328,2.424169,-2.637721,-1.917067,-0.148096,0.04463,0.319326,-0.034779,0.246517,0.96851,-0.946009,0.304319,-0.111311,-0.322105,-0.920379,0.221392,0.013464,-0.00731,-0.007045,0.001554,0.006059,0.001135,-1.406127,0.045194,0.044697,-0.016997,-0.014181,-0.300356,0.953721,0.866036,-0.480435,-0.138427,0.499778,0.823995,0.266932,0.00674,-0.003697,-0.003564,-0.001703,-7e-06,0.009165,-0.880261,0.074379,0.043787,-0.076951,-0.235963,-0.065285,-0.969566,-0.408143,-0.898813,0.15985,-0.881895,0.43344,0.185441,-0.009264,0.010397,0.024444,-0.033244,0.96318,-0.274228,-0.899913
36,0.119521,0.039385,0.333944,-0.315763,-0.080554,-0.945436,-0.576974,-0.774707,0.258652,-0.752886,0.627263,0.199325,-0.017562,0.024339,0.051049,-0.06953,0.720835,-0.956089,-1.917057,-0.147557,0.044306,0.319043,-0.045338,0.242381,0.969117,-0.944751,0.304802,-0.120312,-0.324465,-0.921312,0.213939,0.01354,-0.007868,-0.00752,0.000404,0.00317,0.004664,-1.40613,0.045453,0.044545,-0.017136,-0.003006,-0.298451,0.954419,0.864685,-0.480189,-0.147434,0.502304,0.82483,0.25951,0.006778,-0.00397,-0.003796,-0.012476,0.127764,-0.162253,-0.882547,0.074065,0.044136,-0.075911,-0.29456,-0.083692,-0.95196,-0.408706,-0.889423,0.204657,-0.863824,0.449356,0.227783,-0.00865,0.012921,0.026123,-0.083143,0.583884,-0.838127,-0.887993
37,0.119275,0.039836,0.334956,-0.342007,-0.088577,-0.935538,-0.570378,-0.771616,0.281515,-0.746393,0.629997,0.214543,-0.004066,0.025829,0.051935,-0.075827,0.651196,-0.929456,-1.917083,-0.147311,0.044144,0.318891,-0.051967,0.240041,0.969366,-0.945868,0.299506,-0.124755,-0.320185,-0.923655,0.21025,0.013641,-0.008863,-0.008331,0.060315,0.154741,-0.180571,-1.40589,0.045586,0.044454,-0.017214,0.003903,-0.297497,0.954714,0.866864,-0.474953,-0.151543,0.498528,0.828199,0.256036,0.006832,-0.004511,-0.004239,0.064767,0.16391,-0.192092,-0.885649,0.073933,0.044377,-0.075368,-0.319666,-0.098576,-0.942388,-0.402571,-0.886215,0.229255,-0.857758,0.452663,0.243609,-0.00201,0.013157,0.026167,-0.077951,0.629856,-0.925439,-0.880482
38,0.118881,0.040958,0.337007,-0.386856,-0.099836,-0.916745,-0.562157,-0.762509,0.320205,-0.730519,0.639349,0.240002,-0.003585,0.027637,0.052662,-0.074955,0.531943,-0.761954,-1.917167,-0.1468,0.043719,0.318503,-0.059175,0.234088,0.970408,-0.945053,0.299911,-0.129857,-0.321332,-0.925044,0.202245,0.013895,-0.011368,-0.010384,0.000146,0.004512,0.005682,-1.406119,0.045831,0.044252,-0.017398,0.012172,-0.293022,0.956027,0.865981,-0.474927,-0.156591,0.499928,0.829808,0.247971,0.006953,-0.005696,-0.005209,0.003105,-0.00078,-0.013229,-0.8832,0.073738,0.044931,-0.07436,-0.360548,-0.119504,-0.925052,-0.396415,-0.8781,0.267945,-0.84431,0.463312,0.269224,-0.001734,0.014214,0.026643,-0.074869,0.641888,-0.923876,-0.869868
39,0.118872,0.042193,0.338983,-0.419684,-0.106883,-0.90138,-0.556261,-0.754431,0.348396,-0.716752,0.647748,0.258294,0.008929,0.025322,0.050328,-0.074201,0.515565,-0.733549,-1.91712,-0.146561,0.04331,0.318105,-0.061476,0.230114,0.971215,-0.944892,0.300019,-0.130776,-0.321372,-0.926,0.197755,0.00097,-0.010987,-0.008856,-0.005997,0.038417,-0.006897,-1.405908,0.045961,0.044037,-0.017607,0.015099,-0.289461,0.95707,0.865816,-0.474986,-0.157317,0.500133,0.831023,0.243449,0.000505,-0.005648,-0.004556,-0.005763,0.014273,-0.025461,-0.886956,0.07373,0.045555,-0.073367,-0.391239,-0.133949,-0.910487,-0.392201,-0.870739,0.296631,-0.832532,0.473148,0.288132,-0.001405,0.019466,0.022129,-0.038787,0.399663,-0.583469,-0.87542
40,0.118994,0.042728,0.339884,-0.431358,-0.107209,-0.895814,-0.552857,-0.75324,0.356302,-0.712432,0.649081,0.266763,0.008733,0.024539,0.049477,-0.052593,0.347866,-0.36665,-1.917406,-0.14657,0.043172,0.317908,-0.060803,0.227333,0.971913,-0.94507,0.300137,-0.129208,-0.320976,-0.926645,0.195362,0.000833,-0.009447,-0.007628,-0.021748,0.125526,0.059325,-1.405782,0.045957,0.043962,-0.01771,0.015028,-0.286828,0.957863,0.865944,-0.475224,-0.155889,0.499913,0.8318,0.241235,0.000411,-0.004612,-0.003727,-0.022054,0.121297,0.055821,-0.890058,0.073794,0.045833,-0.072897,-0.403254,-0.137031,-0.904769,-0.388836,-0.869366,0.304972,-0.828367,0.474788,0.297292,0.004326,0.012209,0.0247,-0.063811,0.327432,-0.380165,-0.875746
41,0.1195,0.043617,0.341658,-0.466624,-0.102414,-0.878532,-0.546424,-0.747674,0.377327,-0.694926,0.656246,0.294018,0.020072,0.017763,0.044105,0.097991,0.638534,0.081401,-1.916776,-0.146713,0.04309,0.317557,-0.06326,0.217271,0.974055,-0.944893,0.301042,-0.128399,-0.321021,-0.92875,0.185017,0.000559,-0.00637,-0.005157,-0.039946,0.220438,0.167795,-1.406,0.045886,0.043923,-0.017885,0.019548,-0.278055,0.960365,0.865538,-0.476101,-0.155464,0.500459,0.834273,0.23136,-0.00675,0.001596,-0.006381,-0.004073,0.209742,0.365629,-0.891691,0.074041,0.046276,-0.072022,-0.437873,-0.142058,-0.887741,-0.383513,-0.863571,0.327355,-0.813132,0.483801,0.323653,0.003616,0.009106,0.022234,0.217346,1.047913,-0.008668,-0.883258
42,0.12014,0.043891,0.343348,-0.503663,-0.079878,-0.860226,-0.545813,-0.742407,0.388449,-0.669046,0.665267,0.331399,0.017044,-0.00348,0.044612,0.133422,0.946559,-0.026804,-1.915993,-0.147047,0.043061,0.317167,-0.061648,0.208853,0.975998,-0.945322,0.301492,-0.124109,-0.320071,-0.930523,0.177607,-0.013517,0.003168,-0.012798,0.007688,0.159679,0.070646,-1.405945,0.045718,0.04391,-0.018078,0.019517,-0.268874,0.962977,0.865947,-0.476889,-0.150704,0.499754,0.836828,0.223523,-0.006756,0.001612,-0.006372,0.008297,0.134833,0.050384,-0.889078,0.074363,0.046429,-0.071172,-0.478796,-0.127898,-0.868559,-0.383864,-0.859251,0.338134,-0.789558,0.495306,0.362311,0.008476,-0.001853,0.022219,0.243132,1.147517,0.149219,-0.883911
43,0.120611,0.043531,0.345046,-0.531711,-0.040147,-0.846001,-0.551234,-0.741955,0.381597,-0.642359,0.66929,0.373433,0.002444,-0.019266,0.049271,0.282541,1.382196,0.192841,-1.916364,-0.147384,0.043139,0.316676,-0.059566,0.200539,0.977869,-0.945627,0.302395,-0.119499,-0.319564,-0.932047,0.170381,-0.000559,0.002874,-0.014325,-0.006421,0.23535,0.169606,-1.405911,0.04555,0.043951,-0.018316,0.019229,-0.261115,0.965115,0.866028,-0.478025,-0.146587,0.499625,0.838636,0.216941,-0.000268,0.001371,-0.007212,-0.01616,0.321873,0.237687,-0.889405,0.074604,0.046252,-0.070327,-0.513599,-0.096668,-0.852567,-0.389258,-0.859247,0.33192,-0.764652,0.502343,0.40368,0.007688,-0.005421,0.019674,0.1486,0.961786,-0.016254,-0.881788
44,0.120795,0.043105,0.345913,-0.545734,-0.020384,-0.837737,-0.553752,-0.741556,0.378716,-0.628276,0.670599,0.394452,0.001427,-0.024046,0.045971,0.250688,1.288618,0.092581,-1.916098,-0.147502,0.043195,0.31637,-0.061453,0.196758,0.97852,-0.945289,0.303172,-0.12021,-0.320207,-0.932596,0.16612,-0.013333,0.000893,-0.014672,0.207102,0.4748,-0.459318,-1.405579,0.045495,0.04398,-0.018469,0.020996,-0.257122,0.96615,0.865732,-0.478676,-0.146205,0.500066,0.839498,0.212548,-0.000232,0.000952,-0.007558,0.591329,1.741411,-2.084005,-0.888752,0.074697,0.046043,-0.06989,-0.531598,-0.080009,-0.843209,-0.391901,-0.859318,0.32861,-0.750877,0.505143,0.425456,0.006882,-0.013071,0.022213,0.28641,1.390612,0.20222,-0.885707
45,0.121041,0.041825,0.347798,-0.562382,0.021568,-0.826623,-0.563389,-0.741726,0.363878,-0.604587,0.67032,0.430318,-0.00013,-0.039176,0.051294,0.251193,1.08848,0.218886,-1.916036,-0.147648,0.043362,0.315654,-0.060149,0.181852,0.98148,-0.945572,0.304583,-0.114265,-0.319618,-0.935139,0.152388,-0.001691,0.012435,-0.023231,-0.000809,0.39992,0.322908,-1.405741,0.045418,0.044058,-0.018824,0.023709,-0.24393,0.969502,0.865471,-0.4804,-0.142035,0.500396,0.842445,0.199725,-0.000151,-2e-05,-0.008368,-0.056884,0.609953,0.470995,-0.891528,0.074819,0.045414,-0.06897,-0.55634,-0.043617,-0.829808,-0.401325,-0.860326,0.314287,-0.727614,0.507874,0.461129,-1.4e-05,-0.019278,0.02585,0.506849,-0.513275,1.891935,-0.891096
46,0.120893,0.040302,0.349735,-0.579611,0.062197,-0.812544,-0.571288,-0.742055,0.35065,-0.580428,0.667357,0.466652,-0.013288,-0.040688,0.050499,0.321883,1.42307,0.059454,-1.916131,-0.147706,0.043591,0.31479,-0.061597,0.165789,0.984231,-0.945431,0.306349,-0.110655,-0.319758,-0.937524,0.136624,-0.00148,0.00994,-0.025302,0.034179,0.245862,0.141302,-1.405787,0.045389,0.044176,-0.019247,0.028115,-0.227439,0.973386,0.865103,-0.482325,-0.137687,0.500804,0.845951,0.183197,-0.000724,0.004929,-0.01268,0.062336,0.492602,0.028422,-0.889405,0.07475,0.044656,-0.068005,-0.580507,-0.008295,-0.814212,-0.409393,-0.861394,0.300659,-0.703852,0.507867,0.49665,-0.006713,-0.020526,0.025122,0.214978,1.322917,-0.253897,-0.889299
47,0.120475,0.038822,0.351534,-0.591728,0.096801,-0.800333,-0.575421,-0.746018,0.335141,-0.563891,0.658718,0.498141,-0.012959,-0.031306,0.041374,0.283218,0.818568,0.250251,-1.916341,-0.147764,0.043906,0.31387,-0.057973,0.15159,0.986737,-0.945807,0.307935,-0.102759,-0.319327,-0.939388,0.124272,-0.001562,0.010909,-0.024526,0.03874,0.180048,0.155337,-1.405921,0.04536,0.044328,-0.019718,0.027375,-0.212611,0.976753,0.865197,-0.484372,-0.129683,0.500684,0.848634,0.170691,-0.00074,0.005143,-0.012519,0.031266,0.204546,0.137006,-0.886629,0.07454,0.043895,-0.067085,-0.600851,0.024115,-0.798996,-0.412483,-0.865542,0.284067,-0.684715,0.500254,0.530009,-0.00706,-0.022153,0.024099,0.514122,0.64954,0.831114,-0.892075
48,0.120129,0.038086,0.352374,-0.595656,0.117324,-0.794653,-0.580465,-0.746685,0.324796,-0.554515,0.654587,0.513864,-0.02626,-0.033193,0.040261,0.334729,1.117362,0.127429,-1.916028,-0.147803,0.044123,0.313409,-0.056013,0.14605,0.987686,-0.945847,0.308973,-0.099212,-0.31956,-0.939917,0.119581,-0.001672,0.012207,-0.023457,0.046106,0.138048,0.123073,-1.40589,0.045341,0.044434,-0.01995,0.026568,-0.206851,0.978011,0.865047,-0.485558,-0.126196,0.500985,0.849379,0.166035,-0.000804,0.005895,-0.0119,0.042557,0.134033,0.118734,-0.88369,0.074363,0.043518,-0.066647,-0.608787,0.04276,-0.792179,-0.417322,-0.866486,0.273939,-0.6747,0.497365,0.545351,-0.013196,-0.01678,0.020012,0.400805,1.22265,0.175129,-0.894198
49,0.119246,0.036645,0.353953,-0.605648,0.155257,-0.780469,-0.589776,-0.746011,0.309198,-0.533486,0.647371,0.544363,-0.014189,-0.03677,0.037864,0.269923,0.90916,0.213581,-1.915862,-0.147868,0.044515,0.312551,-0.052918,0.137747,0.989048,-0.94575,0.310956,-0.093793,-0.320377,-0.940506,0.112565,-0.001711,0.012663,-0.023088,0.047589,0.129207,0.116734,-1.406025,0.045308,0.044636,-0.020387,0.025214,-0.19834,0.979808,0.864531,-0.487796,-0.120991,0.501944,0.850126,0.159172,-0.000842,0.00635,-0.011527,0.048422,0.111295,0.102066,-0.885813,0.07392,0.042794,-0.065861,-0.62647,0.077422,-0.77559,-0.426613,-0.866836,0.25806,-0.652331,0.492544,0.576077,-0.007161,-0.01858,0.018811,0.300209,0.952295,0.236298,-0.891096
50,0.118198,0.035304,0.355429,-0.613675,0.196858,-0.764653,-0.604045,-0.740714,0.294014,-0.507753,0.642066,0.574425,-0.026793,-0.034927,0.039311,0.208765,0.695991,0.272536,-1.916126,-0.147975,0.044695,0.311901,-0.052854,0.128386,0.990311,-0.945633,0.312191,-0.090827,-0.320732,-0.941409,0.10365,-0.000566,0.002883,-0.01443,0.012286,0.237544,0.082055,-1.405772,0.045255,0.044722,-0.020702,0.026905,-0.18992,0.98143,0.864151,-0.489118,-0.118341,0.502511,0.851289,0.15096,-0.000279,0.00152,-0.007147,0.119737,0.883096,-0.469809,-0.889405,0.073405,0.042133,-0.06514,-0.642669,0.115754,-0.757348,-0.441696,-0.863682,0.242808,-0.626003,0.490563,0.60619,-0.013491,-0.017795,0.019445,0.286391,0.841037,0.325655,-0.893055
51,0.117557,0.034625,0.3562,-0.618312,0.216751,-0.755483,-0.608819,-0.73998,0.285904,-0.49631,0.636458,0.590446,-0.039509,-0.033592,0.040357,0.279513,0.828938,0.311708,-1.915949,-0.148058,0.044702,0.311675,-0.054029,0.121745,0.991086,-0.945669,0.312375,-0.089809,-0.320429,-0.942221,0.096997,-0.013503,0.002528,-0.01343,-0.040375,0.465586,0.285809,-1.40587,0.045218,0.044727,-0.020821,0.029847,-0.185159,0.982254,0.863984,-0.489373,-0.118502,0.502631,0.85219,0.145368,-0.000331,0.002097,-0.006669,-0.043909,0.509774,0.296186,-0.886956,0.07309,0.041793,-0.064755,-0.65095,0.133079,-0.747363,-0.446543,-0.86329,0.235216,-0.61389,0.486844,0.621385,-0.01359,-0.018141,0.019242,0.425084,1.162324,0.278016,-0.894035
52,0.116035,0.033308,0.357643,-0.624676,0.260456,-0.736198,-0.62579,-0.73088,0.272347,-0.466367,0.630507,0.620475,-0.053139,-0.035762,0.039088,0.377999,1.010138,0.341979,-1.91599,-0.14815,0.044591,0.311364,-0.058338,0.113938,0.991769,-0.945461,0.312542,-0.091404,-0.320283,-0.943131,0.088233,0.000561,-0.006732,-0.005644,-0.010632,0.065825,0.015186,-1.405999,0.045167,0.044676,-0.020978,0.035292,-0.176129,0.983733,0.863948,-0.489409,-0.118619,0.502341,0.854082,0.134894,-0.0004,0.002908,-0.005996,0.024457,0.024883,0.014254,-0.872259,0.07235,0.04115,-0.064041,-0.665229,0.172036,-0.726548,-0.465169,-0.856655,0.223066,-0.584026,0.486358,0.649898,-0.020302,-0.01882,0.018888,0.210407,0.813973,0.031868,-0.898281
53,0.114448,0.032329,0.358787,-0.634198,0.27759,-0.721651,-0.626974,-0.730806,0.26981,-0.451708,0.623222,0.638421,-0.039819,-0.026082,0.029855,0.047447,0.45812,-0.154685,-1.915811,-0.148079,0.044336,0.311171,-0.066657,0.110778,0.991603,-0.944688,0.312776,-0.09833,-0.320931,-0.943426,0.082546,0.013448,-0.005567,-0.005989,0.009374,0.049061,-0.050909,-1.406056,0.045197,0.04455,-0.021073,0.044153,-0.175141,0.983552,0.863126,-0.489058,-0.125833,0.503053,0.854487,0.129575,0.000271,-0.003198,-0.002688,0.033513,0.182386,-0.228438,-0.875362,0.071535,0.040643,-0.063457,-0.678781,0.18833,-0.709779,-0.466544,-0.857015,0.218772,-0.56709,0.479641,0.669591,-0.025816,-0.006481,0.01154,0.092089,0.475124,-0.155512,-0.894852
54,0.112677,0.031676,0.359811,-0.644065,0.281188,-0.711448,-0.622613,-0.733027,0.273853,-0.443711,0.618984,0.648079,-0.05151,-0.012137,0.023588,-0.061539,0.112796,-0.139255,-1.91576,-0.147928,0.044055,0.310985,-0.070989,0.105976,0.991827,-0.944442,0.312703,-0.100894,-0.320722,-0.943995,0.076633,0.000496,-0.005915,-0.004982,-0.003343,0.024259,-0.017484,-1.406143,0.045278,0.044409,-0.021168,0.049314,-0.171071,0.984023,0.862889,-0.488853,-0.12823,0.50298,0.855427,0.123508,0.000228,-0.002678,-0.002257,-0.00214,-0.017459,-0.007299,-0.874872,0.070669,0.040315,-0.062952,-0.68906,0.189359,-0.699527,-0.461924,-0.858527,0.222612,-0.55841,0.476521,0.679046,-0.025679,-0.005667,0.01209,-0.092011,0.070445,-0.161459,-0.893545
55,0.111902,0.031435,0.360233,-0.646748,0.282603,-0.708447,-0.621646,-0.733477,0.274844,-0.44116,0.617804,0.65094,-0.038958,-0.014123,0.022184,-0.038105,0.133689,-0.089023,-1.916239,-0.147875,0.043997,0.310906,-0.0708,0.106015,0.991836,-0.944433,0.312783,-0.100734,-0.320792,-0.943965,0.076723,0.000294,-0.003505,-0.002955,-1.7e-05,9.9e-05,7.7e-05,-1.40641,0.045305,0.044375,-0.021211,0.049133,-0.171294,0.983994,0.862861,-0.488913,-0.128195,0.503046,0.855349,0.123781,0.000162,-0.001904,-0.001608,-0.001652,0.013315,-0.025154,-0.874056,0.070262,0.040191,-0.062732,-0.692114,0.18965,-0.696425,-0.460684,-0.858844,0.223952,-0.555649,0.475833,0.681788,-0.019455,-0.006897,0.01123,-0.049989,0.116765,-0.098086,-0.893382
56,0.110471,0.031123,0.361035,-0.649542,0.291248,-0.702364,-0.622073,-0.734709,0.270553,-0.436433,0.612292,0.659281,-0.037193,0.000979,0.016562,0.244539,0.492851,0.178193,-1.916276,-0.147882,0.043967,0.310856,-0.068008,0.100822,0.992573,-0.944956,0.312576,-0.096381,-0.319858,-0.944595,0.072757,5e-06,-5.7e-05,-4.8e-05,-0.082625,0.466859,0.366916,-1.406413,0.045301,0.044358,-0.021238,0.047797,-0.168353,0.984566,0.863126,-0.489134,-0.12554,0.50272,0.855806,0.121931,-1e-05,0.000135,0.000113,0.01382,-0.134946,0.145349,-0.875198,0.069544,0.040023,-0.062333,-0.696149,0.195415,-0.690787,-0.460648,-0.859615,0.221049,-0.550616,0.472094,0.688438,-0.012769,-0.006197,0.011659,0.227438,0.440163,0.359701,-0.897954
57,0.109305,0.030808,0.361857,-0.653265,0.308984,-0.691244,-0.623224,-0.737862,0.259083,-0.429184,0.599662,0.67545,-0.025923,-0.013946,0.022242,0.377562,0.770681,0.315249,-1.916191,-0.148034,0.044031,0.310899,-0.069233,0.097295,0.99284,-0.944941,0.31261,-0.096412,-0.319637,-0.944949,0.069037,-0.000158,0.001888,0.001591,-0.036384,0.204658,0.160877,-1.406313,0.04523,0.044391,-0.021216,0.049496,-0.163556,0.985291,0.863246,-0.48917,-0.124567,0.502349,0.856715,0.116977,-5.1e-05,0.000588,0.000499,-0.050179,0.38971,0.314988,-0.875362,0.068968,0.039879,-0.061924,-0.703277,0.21093,-0.678903,-0.460953,-0.862319,0.209586,-0.541224,0.46034,0.703678,-0.006725,-0.008194,0.010296,0.132256,0.375807,0.129441,-0.895668
58,0.109007,0.030571,0.362172,-0.654985,0.317825,-0.685585,-0.623851,-0.739385,0.253164,-0.42564,0.593123,0.68342,-0.013895,-0.018265,0.019309,0.193726,0.464151,0.176193,-1.916059,-0.148155,0.044071,0.31092,-0.068418,0.094545,0.993162,-0.945172,0.312424,-0.094738,-0.319131,-0.945286,0.066728,-0.013088,0.001116,0.002255,-0.02676,0.149007,0.112492,-1.406395,0.04517,0.044412,-0.021205,0.049083,-0.159809,0.985926,0.863585,-0.48915,-0.122279,0.501808,0.857433,0.114,-5.5e-05,0.000663,0.000562,-0.032092,0.199982,0.158492,-0.873892,0.068806,0.039764,-0.061758,-0.70733,0.220712,-0.671542,-0.461337,-0.863928,0.20198,-0.535585,0.452674,0.712905,-0.006957,-0.009124,0.009678,0.246441,0.546098,0.22316,-0.895995
59,0.108785,0.029855,0.362733,-0.669034,0.3358,-0.663082,-0.621311,-0.742292,0.250895,-0.407123,0.579416,0.706084,-0.002173,-0.023868,0.015539,-0.077858,1.111221,-0.246806,-1.916092,-0.148482,0.044219,0.310937,-0.06585,0.086305,0.994086,-0.945817,0.311981,-0.089623,-0.31776,-0.946209,0.059825,-0.014413,0.013266,-0.004434,0.022268,0.074022,0.043182,-1.40623,0.045007,0.044483,-0.021193,0.048113,-0.150646,0.987415,0.864392,-0.489079,-0.116736,0.50051,0.859131,0.106686,-0.006571,0.000919,0.001432,-0.015256,0.03966,0.024921,-0.865564,0.068691,0.039409,-0.061475,-0.723867,0.233293,-0.6493,-0.458451,-0.865928,0.199973,-0.515595,0.442426,0.73377,-0.001199,-0.012357,0.007493,-0.924036,2.445274,-1.626968,-0.896484
60,0.109007,0.028776,0.363144,-0.687808,0.343117,-0.639715,-0.614804,-0.743888,0.261949,-0.385147,0.57304,0.723404,0.008824,-0.032665,0.009629,-0.005661,0.131862,0.027507,-1.916046,-0.148831,0.044483,0.310888,-0.059037,0.076698,0.995301,-0.944947,0.317095,-0.08037,-0.321667,-0.945324,0.052495,-0.000169,0.002081,0.00175,0.012251,0.179077,0.146211,-1.406134,0.044827,0.044621,-0.021218,0.043448,-0.140545,0.98912,0.862472,-0.494416,-0.108137,0.504234,0.857788,0.099734,-0.007188,0.006521,-0.002307,0.148661,0.211709,0.203843,-0.867034,0.068799,0.038877,-0.061264,-0.744617,0.236608,-0.624148,-0.45174,-0.86702,0.210253,-0.491401,0.438511,0.752484,0.004344,-0.016573,0.004652,-0.049788,0.167488,-0.15872,-0.894525
61,0.109742,0.027535,0.363172,-0.694579,0.346169,-0.630693,-0.60894,-0.749706,0.259047,-0.382301,0.563548,0.732316,0.020764,-0.030488,-0.004775,0.0129,0.160773,-0.128838,-1.915987,-0.149196,0.044809,0.310803,-0.048351,0.071571,0.996258,-0.944074,0.32236,-0.068861,-0.325994,-0.943938,0.05072,-0.014323,0.012576,-0.005017,0.011001,0.138675,0.094341,-1.405912,0.044649,0.04478,-0.021258,0.033911,-0.133131,0.990517,0.860597,-0.500027,-0.09667,0.508155,0.855715,0.097615,-0.006524,0.000518,0.00109,-0.029628,0.165229,0.081928,-0.866871,0.069162,0.038258,-0.061244,-0.751642,0.237577,-0.615296,-0.444939,-0.871281,0.207117,-0.48689,0.429447,0.760599,0.01648,-0.017216,-0.003751,0.001135,0.011109,0.007292,-0.891096
62,0.110253,0.02685,0.363005,-0.699162,0.346085,-0.625655,-0.604254,-0.753776,0.258207,-0.381378,0.558149,0.736918,0.019509,-0.03599,-0.00852,1.09752,-0.253922,-1.173221,-1.915529,-0.149351,0.044991,0.31078,-0.041775,0.070998,0.996597,-0.942594,0.32789,-0.062755,-0.33115,-0.942074,0.051962,-0.00026,0.003264,0.002741,-0.011912,0.043621,0.062852,-1.405967,0.044567,0.044873,-0.021274,0.027531,-0.131067,0.99099,0.858069,-0.505462,-0.09069,0.512795,0.852835,0.098549,-0.007237,0.007308,-0.001647,0.019383,-0.026615,0.089363,-0.865728,0.069419,0.037921,-0.061323,-0.7558,0.237231,-0.610317,-0.440891,-0.873491,0.206461,-0.484128,0.425127,0.764778,0.016196,-0.018738,-0.004789,3.522959,-1.274601,-3.962285,-0.895341
63,0.111331,0.025532,0.362428,-0.70839,0.34402,-0.616343,-0.594871,-0.760974,0.258878,-0.379086,0.5496,0.744486,0.031884,-0.040266,-0.01161,-0.001573,0.096356,-0.023605,-1.915746,-0.149619,0.045454,0.310773,-0.024095,0.071182,0.997168,-0.941644,0.333294,-0.04643,-0.335597,-0.940162,0.057733,-0.013299,0.004451,0.005024,-0.086747,-0.344031,0.524345,-1.405939,0.044438,0.045102,-0.02128,0.010905,-0.127763,0.991744,0.856014,-0.511438,-0.0753,0.516837,0.849768,0.10379,-0.000862,0.008663,-0.001163,-0.181239,-1.695807,2.183157,-0.867524,0.069951,0.037255,-0.061616,-0.764805,0.231596,-0.601194,-0.428734,-0.879488,0.206608,-0.480894,0.415768,0.77193,0.016187,-0.015284,-0.010473,-0.019632,0.157429,-0.239051,-0.904322
64,0.112516,0.024392,0.361595,-0.715203,0.341581,-0.609797,-0.589026,-0.764213,0.262677,-0.375405,0.546625,0.748531,0.032873,-0.029314,-0.020234,0.001063,-0.013925,0.037588,-1.915907,-0.149744,0.045849,0.310848,-0.013893,0.074788,0.997098,-0.941939,0.333524,-0.038026,-0.335355,-0.939805,0.064548,-0.000399,0.005077,0.004246,-1.6e-05,-0.000102,0.00015,-1.40574,0.04437,0.045303,-0.021239,-0.000483,-0.12972,0.99155,0.856318,-0.512137,-0.066584,0.516447,0.849051,0.11133,-0.000237,0.003011,0.002521,0.004202,-0.012491,0.013212,-0.871443,0.070529,0.036682,-0.062022,-0.770934,0.227074,-0.59506,-0.422326,-0.881608,0.210728,-0.476759,0.413768,0.775561,0.016422,-0.014737,-0.010189,-0.008506,-0.013164,0.026705,-0.897791
65,0.113116,0.023891,0.361164,-0.71839,0.337408,-0.608373,-0.584203,-0.767397,0.264159,-0.376846,0.544759,0.749167,0.021066,-0.015773,-0.026937,0.039398,-0.116921,0.197766,-1.91539,-0.149772,0.045964,0.310933,-0.00817,0.0768,0.997008,-0.942127,0.3335,-0.033295,-0.335022,-0.939654,0.068367,0.000856,-0.006358,0.011506,-0.034489,-0.006726,0.005082,-1.405449,0.044356,0.045362,-0.021201,-0.006465,-0.130554,0.991419,0.85649,-0.512437,-0.061895,0.516121,0.848742,0.115131,-0.000234,0.002955,0.002471,0.003832,-0.012237,0.015665,-0.868993,0.070833,0.036429,-0.06224,-0.773267,0.222129,-0.593898,-0.416847,-0.88387,0.212159,-0.477803,0.411621,0.776061,0.016593,-0.014209,-0.009868,0.005389,-0.021192,0.041702,-0.899097
66,0.114296,0.02301,0.360357,-0.725812,0.331245,-0.602926,-0.574735,-0.773622,0.266762,-0.377175,0.539725,0.752637,0.021192,-0.023506,-0.016392,0.108335,0.172782,0.100016,-1.915223,-0.149803,0.046222,0.311136,0.006643,0.081982,0.996607,-0.942474,0.333516,-0.021038,-0.334091,-0.939217,0.078217,-0.000575,0.007312,0.006095,0.00164,-0.021813,0.027921,-1.405395,0.044341,0.045486,-0.021098,-0.022045,-0.132655,0.990916,0.856847,-0.513174,-0.049637,0.515097,0.84797,0.124978,-0.000283,0.003548,0.002956,0.002429,-0.02417,0.03091,-0.874382,0.071442,0.035967,-0.062664,-0.779161,0.21401,-0.589157,-0.406229,-0.888214,0.214596,-0.477373,0.406537,0.778999,0.010636,-0.011626,-0.008127,0.144786,0.204701,0.121145,-0.903016
67,0.115374,0.02224,0.359683,-0.731634,0.329045,-0.597065,-0.569466,-0.776453,0.269818,-0.373906,0.537003,0.756207,0.022622,-0.017673,-0.012425,0.130778,0.18425,0.146305,-1.9155,-0.149866,0.046633,0.311393,0.021092,0.087042,0.995977,-0.942603,0.333693,-0.009086,-0.333141,-0.938706,0.08782,-0.000784,0.009978,0.00829,0.002144,-0.017619,0.022723,-1.405044,0.04431,0.045684,-0.020975,-0.037173,-0.134684,0.990191,0.856942,-0.514028,-0.037747,0.514069,0.847133,0.134524,-0.000417,0.005253,0.004364,0.006085,-0.028176,0.036797,-0.884506,0.071958,0.035591,-0.062995,-0.784296,0.209779,-0.583842,-0.400368,-0.890036,0.218033,-0.473902,0.404755,0.782041,0.011184,-0.009436,-0.006648,0.27126,0.374153,0.209664,-0.908404
68,0.115825,0.021939,0.35947,-0.735026,0.326837,-0.594105,-0.564855,-0.779844,0.26973,-0.374242,0.533431,0.758565,0.023364,-0.014528,-0.010252,0.155643,0.222884,0.16805,-1.915587,-0.149921,0.046829,0.311535,0.02964,0.090052,0.995491,-0.942622,0.333757,-0.002011,-0.332443,-0.938403,0.093514,-0.000798,0.01017,0.008434,0.000462,-0.031645,0.040064,-1.404758,0.044282,0.045792,-0.020896,-0.046226,-0.135907,0.989642,0.856949,-0.514488,-0.030627,0.513322,0.846658,0.140248,-0.000411,0.005195,0.004311,0.002492,-0.023339,0.029902,-0.886302,0.072205,0.035425,-0.063112,-0.787201,0.20711,-0.580877,-0.395231,-0.892484,0.217401,-0.473399,0.400719,0.784421,0.011764,-0.006935,-0.004913,0.2096,0.284151,0.194969,-0.904649
69,0.116683,0.021431,0.359219,-0.740125,0.324973,-0.588772,-0.55694,-0.78689,0.265696,-0.376039,0.524151,0.764125,0.024572,-0.009313,-0.006627,0.121473,0.155602,0.163126,-1.915668,-0.150025,0.047172,0.311839,0.047334,0.095352,0.994313,-0.938537,0.344884,0.011721,-0.341837,-0.933851,0.104553,-0.000617,0.007881,0.006514,-0.04684,-0.537251,0.666907,-1.404473,0.04423,0.045966,-0.020742,-0.063665,-0.137382,0.988469,0.850729,-0.525288,-0.018214,0.521733,0.83976,0.150317,-0.000305,0.003833,0.003169,-0.162416,-1.726969,2.140298,-0.888752,0.072625,0.035175,-0.063235,-0.791964,0.2042,-0.575408,-0.386018,-0.897622,0.21275,-0.473056,0.390608,0.78971,0.011905,-0.01031,0.000769,0.126533,0.23668,0.152815,-0.904159
70,0.117413,0.020956,0.359123,-0.743263,0.321353,-0.586804,-0.549584,-0.793435,0.261517,-0.380631,0.51647,0.767076,0.024108,-0.019439,0.002387,-0.011181,0.036325,0.03714,-1.915998,-0.150113,0.047434,0.312075,0.062114,0.099258,0.993117,-0.934177,0.355978,0.022965,-0.3513,-0.929275,0.113574,-0.000524,0.006706,0.005528,0.001991,-0.018872,0.024272,-1.404153,0.044185,0.046097,-0.020624,-0.079853,-0.138301,0.987165,0.844217,-0.535957,-0.006798,0.530018,0.83284,0.159554,-0.00024,0.003026,0.002495,0.003042,-0.013451,0.017632,-0.891528,0.072992,0.034948,-0.063282,-0.794348,0.200399,-0.573453,-0.377665,-0.902319,0.207818,-0.475792,0.381653,0.79244,0.006048,-0.002811,-0.002013,-0.004936,-0.01117,0.039035,-0.905302
71,0.117959,0.020597,0.359098,-0.7458,0.319646,-0.584512,-0.545935,-0.79607,0.26115,-0.380914,0.513469,0.768948,0.012256,-0.004929,-0.003519,0.001586,0.00147,0.005596,-1.915736,-0.150104,0.047581,0.312294,0.073596,0.102982,0.991953,-0.933913,0.355931,0.032453,-0.34979,-0.928893,0.12111,-0.00035,0.004481,0.003686,-1.4e-05,-0.000114,0.000141,-1.403534,0.04419,0.046171,-0.020514,-0.091817,-0.139588,0.985943,0.843983,-0.536362,0.002659,0.528452,0.832364,0.167057,-0.000179,0.002246,0.001847,0.001038,0.005361,-0.006568,-0.898876,0.073265,0.034766,-0.06329,-0.796424,0.197927,-0.57143,-0.373618,-0.904055,0.207586,-0.475518,0.378823,0.793961,0.006235,-0.001975,-0.001425,-0.004832,-0.128526,0.199144,-0.905629
72,0.11815,0.020468,0.359091,-0.747291,0.317821,-0.583601,-0.54225,-0.799296,0.258966,-0.383241,0.509582,0.770376,0.011807,-0.014903,0.00562,-0.008796,0.041246,0.0351,-1.915625,-0.150105,0.047611,0.312381,0.078433,0.107632,0.991088,-0.933753,0.356076,0.035342,-0.34917,-0.928316,0.12717,-0.00027,0.003447,0.002834,0.00362,-0.021356,-0.016133,-1.401497,0.044189,0.046188,-0.020468,-0.097472,-0.143469,0.984842,0.8438,-0.53663,0.005337,0.527731,0.831531,0.173365,-0.00015,0.001884,0.001548,-0.011127,0.111984,-0.138649,-0.899039,0.073365,0.034703,-0.063298,-0.797542,0.195833,-0.570592,-0.369301,-0.906392,0.205105,-0.477014,0.3743,0.795207,0.006194,-0.002166,-0.001558,0.01391,-0.091599,0.219692,-0.905792
73,0.118485,0.020208,0.359015,-0.747738,0.314429,-0.584865,-0.539019,-0.801796,0.257981,-0.386901,0.507761,0.769749,0.01125,-0.017559,0.003744,-0.034562,0.016167,-0.011994,-1.915484,-0.150108,0.047668,0.31249,0.095193,0.1223,0.987913,-0.933058,0.356697,0.045866,-0.346869,-0.926278,0.146812,-0.000156,0.00199,0.001635,-0.21314,-1.890786,2.016716,-1.392869,0.044188,0.046217,-0.020414,-0.116017,-0.154104,0.981219,0.843055,-0.53761,0.015247,0.525164,0.828991,0.19229,-7.5e-05,0.000919,0.000754,-0.212822,-1.874107,2.009143,-0.898059,0.073539,0.034574,-0.06333,-0.797205,0.192364,-0.57224,-0.36571,-0.908043,0.204234,-0.480332,0.372091,0.794246,0.005616,-0.008825,0.001833,-0.035431,0.015178,-0.012492,-0.905955
74,0.118744,0.019828,0.358842,-0.749964,0.308927,-0.584947,-0.531619,-0.807688,0.254938,-0.39277,0.501775,0.770701,-0.001714,-0.007997,-0.005652,0.06952,0.019966,0.206082,-1.915778,-0.150122,0.047716,0.312519,0.110179,0.142587,0.983627,-0.932491,0.357221,0.052785,-0.343958,-0.923196,0.171068,-1e-05,0.000126,0.000103,0.018889,-0.083667,-0.310465,-1.358702,0.044181,0.046242,-0.020399,-0.135808,-0.171055,0.975856,0.842344,-0.538454,0.022844,0.521546,0.82511,0.217213,2e-06,-3.5e-05,-3e-05,0.037987,-0.218641,-0.17102,-0.891201,0.073669,0.034389,-0.063413,-0.798371,0.186309,-0.572618,-0.357044,-0.912202,0.201011,-0.484894,0.364931,0.794796,0.005302,-0.01034,0.000758,0.051713,0.151037,0.062415,-0.906282
