frame,MLTx,MLTy,MLTz,MLTR1,MLTR2,MLTR3,MLTR4,MLTR5,MLTR6,MLTR7,MLTR8,MLTR9,MLTTVx,MLTTVy,MLTTVz,MLTRVx,MLTRVy,MLTRVz,MLGA,MRTx,MRTy,MRTz,MRTR1,MRTR2,MRTR3,MRTR4,MRTR5,MRTR6,MRTR7,MRTR8,MRTR9,MRTTVx,MRTTVy,MRTTVz,MRTRVx,MRTRVy,MRTRVz,MRGA,SLTx,SLTy,SLTz,SLTR1,SLTR2,SLTR3,SLTR4,SLTR5,SLTR6,SLTR7,SLTR8,SLTR9,SLTTVx,SLTTVy,SLTTVz,SLTRVx,SLTRVy,SLTRVz,SLGA,SRTx,SRTy,SRTz,SRTR1,SRTR2,SRTR3,SRTR4,SRTR5,SRTR6,SRTR7,SRTR8,SRTR9,SRTTVx,SRTTVy,SRTTVz,SRTRVx,SRTRVy,SRTRVz,SRGA
134,0.050234,0.003087,0.36868,-0.211083,0.411674,-0.886574,-0.657412,-0.730964,-0.182955,-0.723117,0.54371,0.426037,0.001397,0.003195,0.00264,1.470658,0.29022,-0.680699,0.433012,-0.111207,0.029157,0.314248,0.379007,0.576905,0.723551,-0.880105,0.466206,0.089454,-0.286172,-0.671422,0.683492,-7.3e-05,0.000371,0.000336,-2.4e-05,3.2e-05,2.5e-05,-1.134797,0.037954,0.03633,-0.023275,-0.206784,-0.644,0.736548,0.936017,-0.349355,-0.042674,0.284799,0.680598,0.675036,-4.9e-05,0.000245,0.00022,0.001253,-0.002379,-0.001336,-0.787022,0.062304,0.024381,-0.055248,-0.11198,0.45648,-0.882658,-0.778403,-0.592432,-0.207632,-0.617695,0.663814,0.421666,0.000696,0.001586,0.001312,1.486454,0.289037,-0.688076,0.432864
135,0.05048,0.003236,0.368629,-0.215509,0.409233,-0.886639,-0.648517,-0.738755,-0.183405,-0.729805,0.534963,0.425707,0.002497,0.012932,-0.006959,0.033821,-0.020215,0.014815,0.3673,-0.111248,0.029154,0.314264,0.378941,0.576918,0.723575,-0.880139,0.466147,0.089426,-0.286156,-0.671451,0.68347,-9e-06,4.7e-05,4.3e-05,-0.0,0.0,0.0,-1.103866,0.037933,0.036331,-0.023265,-0.20671,-0.644024,0.736548,0.936038,-0.349294,-0.04272,0.284785,0.680606,0.675034,-5e-06,2.5e-05,2.2e-05,8.6e-05,-5.2e-05,3.3e-05,-0.78245,0.062421,0.024453,-0.05527,-0.11709,0.454828,-0.882847,-0.770799,-0.602167,-0.207997,-0.626225,0.656144,0.421089,0.000471,0.001078,0.000887,-0.00116,0.000343,0.000593,0.363302
136,0.050714,0.003432,0.368628,-0.227448,0.40261,-0.886689,-0.62612,-0.7578,-0.183538,-0.745552,0.512924,0.425546,0.002096,0.004809,0.003963,0.004322,-0.01239,0.02393,0.281839,-0.111363,0.029114,0.314244,0.378744,0.57695,0.723653,-0.880216,0.466027,0.089293,-0.286179,-0.671507,0.683405,-0.013176,-0.002857,-0.000753,-0.002045,0.015205,-0.029245,-1.016872,0.03788,0.036312,-0.023274,-0.206528,-0.644032,0.736592,0.936076,-0.349179,-0.042841,0.284793,0.680658,0.674978,6.4e-05,-0.000322,-0.00029,4.1e-05,-8e-06,4.6e-05,-0.75616,0.062543,0.024551,-0.055277,-0.130039,0.450532,-0.883238,-0.752299,-0.625093,-0.208094,-0.64586,0.637399,0.420221,0.008269,0.005415,-0.003946,0.045101,-0.031664,0.039543,0.263532
137,0.050844,0.003568,0.368639,-0.236707,0.397156,-0.886725,-0.607878,-0.772455,-0.183764,-0.757651,0.495025,0.425372,0.016813,0.011471,-0.00736,1.505055,0.26977,-0.660922,0.196405,-0.111439,0.02908,0.314225,0.378506,0.57697,0.723761,-0.880307,0.465884,0.08914,-0.286212,-0.67159,0.683311,0.000216,-0.001104,-0.000999,-0.0,0.0,0.0,-0.953308,0.037837,0.036295,-0.023283,-0.206255,-0.644024,0.736676,0.936132,-0.349005,-0.043012,0.284805,0.680755,0.674876,-0.006498,-0.001887,-0.000791,-0.002005,0.015205,-0.029213,-0.734279,0.062603,0.024617,-0.055266,-0.139422,0.447169,-0.883516,-0.738243,-0.64159,-0.208227,-0.659968,0.623219,0.419571,0.001288,0.002917,0.002426,4.903897,0.995165,-2.321167,0.184989
138,0.051253,0.003884,0.368678,-0.268149,0.376439,-0.886811,-0.541598,-0.820139,-0.184432,-0.796409,0.430367,0.424903,0.00286,0.00659,0.00541,1.511818,0.301115,-0.698373,-0.049392,-0.111561,0.029072,0.314234,0.381498,0.575628,0.723258,-0.879823,0.465966,0.093386,-0.283717,-0.672682,0.683277,-0.000128,0.000654,0.000592,-0.003034,-0.004593,0.003878,-0.731158,0.037777,0.036288,-0.023281,-0.209503,-0.643043,0.736616,0.936219,-0.349285,-0.038643,0.282138,0.681539,0.675205,-7.4e-05,0.000376,0.000343,0.004422,-0.00515,-0.004163,-0.649531,0.062807,0.024776,-0.055253,-0.172482,0.433482,-0.884501,-0.684978,-0.698078,-0.208545,-0.707852,0.569894,0.417331,0.008948,0.007018,-0.002642,0.489704,0.048438,-0.14732,-0.092441
139,0.051711,0.004061,0.368659,-0.295455,0.355218,-0.886889,-0.476858,-0.859204,-0.18533,-0.82749,0.367716,0.424348,0.014395,-0.001216,-0.000214,1.475011,0.293308,-0.675722,-0.263763,-0.111651,0.029112,0.314268,0.385923,0.574974,0.721429,-0.87926,0.465814,0.099262,-0.279442,-0.673346,0.684383,-0.000252,0.001293,0.001169,-0.103593,-0.181113,0.135469,-0.436133,0.037732,0.036308,-0.023265,-0.214013,-0.642819,0.735514,0.936404,-0.349377,-0.032879,0.278107,0.681702,0.67671,-0.000162,0.000826,0.000748,-0.378993,-0.675763,0.485686,-0.512857,0.06304,0.024875,-0.055253,-0.205145,0.416909,-0.885494,-0.62562,-0.751626,-0.208942,-0.752671,0.51112,0.415019,0.007164,-0.000668,-0.000172,4.914286,0.992214,-2.289801,-0.28937
140,0.051972,0.004002,0.3686,-0.307005,0.349138,-0.885379,-0.456915,-0.870099,-0.184737,-0.834491,0.347389,0.427753,0.013108,-0.004193,-0.002655,0.087777,0.224055,0.12729,-0.374203,-0.111693,0.029167,0.314309,0.390347,0.574301,0.719582,-0.878651,0.465674,0.10514,-0.275178,-0.674017,0.68545,-0.000537,0.002756,0.002491,-0.1215,-0.156189,0.155361,-0.276646,0.037712,0.036332,-0.023248,-0.218295,-0.642306,0.734703,0.936553,-0.349464,-0.027247,0.274253,0.682141,0.67784,-0.000247,0.001232,0.001109,-1.164595,-1.887609,1.347345,-0.4495,0.063172,0.024849,-0.05528,-0.218054,0.412066,-0.884676,-0.606849,-0.767181,-0.207764,-0.76432,0.491562,0.417349,0.006445,-0.002355,-0.001547,0.193833,0.376428,0.163274,-0.377547
141,0.05264,0.003752,0.36833,-0.329328,0.336227,-0.882349,-0.416353,-0.890385,-0.183949,-0.847076,0.306366,0.434316,0.011845,-0.007145,-0.005083,4.81965,1.405578,-2.411549,-0.620433,-0.111732,0.029311,0.314454,0.399857,0.573624,0.714886,-0.877526,0.464682,0.118127,-0.264916,-0.675278,0.688246,-0.000922,0.004731,0.00427,-0.200845,0.254865,0.067517,-0.017151,0.037692,0.036404,-0.023175,-0.228718,-0.643882,0.730139,0.936941,-0.349186,-0.014436,0.26425,0.680796,0.683145,-0.000418,0.002125,0.001918,-0.354868,0.150673,0.407,-0.335197,0.063497,0.024728,-0.055412,-0.239268,0.405112,-0.882402,-0.57535,-0.791216,-0.207239,-0.782127,0.458104,0.422394,0.006567,0.001524,-0.00716,-1.160835,1.803858,-1.737389,-0.551778
142,0.05338,0.003496,0.367967,-0.353891,0.341544,-0.870721,-0.397368,-0.89762,-0.190653,-0.846259,0.278095,0.454462,0.025001,-0.011271,-0.00771,0.567004,0.814685,0.159673,-0.864906,-0.111874,0.029344,0.314595,0.410141,0.572204,0.710182,-0.876875,0.461344,0.134859,-0.250967,-0.678763,0.690043,-0.013596,-0.000622,0.001258,-0.444054,0.397057,0.296116,0.140272,0.037625,0.036428,-0.023098,-0.238653,-0.64445,0.726449,0.93804,-0.346523,0.000755,0.251245,0.681619,0.687219,-0.006696,-0.000881,0.000113,-1.158966,-1.837268,1.359681,-0.100222,0.063859,0.024594,-0.055592,-0.264555,0.412575,-0.87166,-0.554987,-0.804322,-0.21226,-0.788669,0.427606,0.441761,0.005828,-0.003752,-0.002743,4.770923,1.500924,-2.483416,-0.701515
143,0.053829,0.003391,0.367788,-0.365399,0.348407,-0.863216,-0.394168,-0.897958,-0.19564,-0.842846,0.268326,0.466519,0.012365,-0.005961,-0.004127,0.114259,0.47455,0.494955,-0.992999,-0.112005,0.02927,0.314614,0.41253,0.56938,0.711068,-0.876959,0.459295,0.141158,-0.246717,-0.682516,0.687871,-0.013189,-0.002721,-0.000636,-0.253194,0.364763,0.242624,0.18838,0.037559,0.036394,-0.023086,-0.241968,-0.641829,0.727671,0.938683,-0.344685,0.008111,0.245612,0.685016,0.685877,-0.006552,-0.001596,-0.000528,-0.313133,0.465034,0.308753,-0.018576,0.064087,0.02454,-0.055689,-0.276174,0.422068,-0.863472,-0.550384,-0.805969,-0.217925,-0.787911,0.415056,0.454887,0.013677,0.000712,-0.007452,0.168989,0.804021,0.673933,-0.687146
144,0.054889,0.00327,0.367457,-0.392056,0.368595,-0.842896,-0.390548,-0.896219,-0.21032,-0.832462,0.24627,0.496372,0.027412,-0.005573,-0.00306,-1.256529,2.170156,-0.951043,-1.214158,-0.112353,0.029166,0.314464,0.419663,0.563015,0.711961,-0.875468,0.458007,0.154014,-0.239879,-0.688632,0.684184,-0.014336,0.005027,-0.011438,-0.058662,0.151552,0.065733,0.296765,0.037385,0.036341,-0.023156,-0.250385,-0.634699,0.73107,0.938721,-0.343911,0.022928,0.236871,0.692012,0.681916,-0.006266,-0.003059,-0.001846,-0.070771,0.121334,0.047569,0.132957,0.064619,0.024471,-0.055862,-0.296046,0.44632,-0.844484,-0.545553,-0.804728,-0.234057,-0.784046,0.391419,0.481728,0.013515,-0.003258,-0.001935,0.141362,0.603066,0.614768,-0.682084
145,0.056019,0.003335,0.367172,-0.415957,0.383509,-0.824588,-0.384567,-0.895813,-0.222708,-0.823576,0.22399,0.521132,0.029833,0.007543,-0.009898,0.128082,0.557983,0.794326,-1.351529,-0.112699,0.028941,0.314259,0.431847,0.554585,0.711291,-0.871694,0.458976,0.171535,-0.231858,-0.694794,0.68071,0.001221,-0.006373,-0.00576,-0.094387,0.144823,0.076275,0.374197,0.037206,0.036232,-0.023261,-0.26347,-0.628041,0.732221,0.937379,-0.345938,0.040571,0.227823,0.697058,0.679856,-0.006043,-0.00426,-0.002936,-0.067129,0.040284,0.196979,0.257058,0.065184,0.024498,-0.056001,-0.320111,0.465092,-0.825359,-0.539892,-0.805448,-0.244478,-0.778489,0.367345,0.508932,0.014853,0.003595,-0.00511,0.03838,0.669537,0.64225,-0.692534
146,0.057194,0.003563,0.366902,-0.436189,0.387518,-0.812167,-0.374363,-0.898831,-0.227875,-0.81777,0.204161,0.538143,0.030655,0.009692,-0.008168,0.065288,0.119849,0.396275,-1.493801,-0.11291,0.028466,0.314016,0.453949,0.551757,0.699633,-0.864941,0.461265,0.197601,-0.214241,-0.695527,0.685716,-0.011409,-0.012211,-0.009249,-1.114291,-1.845002,1.658304,0.424188,0.037105,0.035998,-0.02338,-0.285019,-0.627084,0.724934,0.93463,-0.349623,0.065032,0.212674,0.69608,0.685741,0.001946,-0.011077,-0.001118,-0.104903,0.042422,0.209518,0.342949,0.065771,0.024613,-0.056136,-0.340224,0.473778,-0.812269,-0.530341,-0.809988,-0.250311,-0.776521,0.345618,0.526841,0.014662,-0.000402,0.000381,0.014991,0.063544,0.528244,-0.701678
147,0.057716,0.003718,0.366802,-0.441567,0.389111,-0.80849,-0.373647,-0.898936,-0.228634,-0.815202,0.200643,0.543337,0.017634,0.014117,-0.005285,0.070358,0.070535,0.557743,-1.545404,-0.112929,0.028116,0.31387,0.466549,0.550349,0.692416,-0.860484,0.463353,0.211675,-0.204907,-0.695252,0.68884,0.004205,-0.023848,-0.003803,-0.295091,-0.111246,0.639264,0.44,0.03709,0.035828,-0.023454,-0.299725,-0.628722,0.717546,0.932224,-0.352883,0.080198,0.202788,0.692951,0.691877,0.001277,-0.006691,-0.006076,-0.625899,-0.321058,0.955655,0.374301,0.066037,0.024689,-0.056187,-0.34489,0.475482,-0.8093,-0.529499,-0.810474,-0.250522,-0.775036,0.342121,0.531292,0.015479,0.005242,-0.003785,0.05032,0.274515,0.441466,-0.715232
148,0.05849,0.004222,0.366666,-0.452098,0.382098,-0.806011,-0.368658,-0.902828,-0.221278,-0.811683,0.196622,0.550034,0.018124,0.015434,-0.004237,-1.578989,1.174824,-1.80837,-1.563408,-0.11283,0.027308,0.313381,0.489316,0.547599,0.678747,-0.850917,0.470041,0.234385,-0.191288,-0.692925,0.695073,-0.009895,-0.020405,-0.016815,-0.050409,-0.169576,0.506847,0.432952,0.037144,0.035424,-0.023692,-0.324664,-0.627756,0.70747,0.926536,-0.361391,0.104524,0.190058,0.689432,0.69897,0.002732,-0.015202,-0.004932,-0.100511,-0.049512,0.355222,0.402387,0.066432,0.024948,-0.056256,-0.355937,0.471598,-0.806785,-0.525422,-0.814937,-0.244558,-0.772812,0.336855,0.537855,0.009113,0.007808,-0.002067,-1.577029,1.139127,-1.821301,-0.713436
149,0.058978,0.004695,0.366517,-0.45642,0.376729,-0.806103,-0.358466,-0.906996,-0.220981,-0.813819,0.187626,0.55002,0.015853,0.009953,-0.008706,0.030174,0.057322,-0.131789,-1.575526,-0.112809,0.026427,0.312727,0.514499,0.539852,0.666214,-0.838796,0.477911,0.260687,-0.17829,-0.693611,0.69784,0.003526,-0.018552,-0.017093,-0.07559,-0.15675,0.560647,0.394307,0.037151,0.034975,-0.024026,-0.352051,-0.622925,0.698586,0.918996,-0.371591,0.131779,0.1775,0.688392,0.703285,0.00181,-0.009485,-0.008736,-0.093296,-0.031098,0.403563,0.371035,0.066674,0.025191,-0.056318,-0.361496,0.466605,-0.807216,-0.516402,-0.821045,-0.243337,-0.776304,0.328883,0.537761,0.007343,-8.8e-05,0.000264,-0.000279,-0.017014,0.030763,-0.7087
150,0.059117,0.004776,0.366432,-0.456599,0.376439,-0.806137,-0.358073,-0.907177,-0.220873,-0.813891,0.187332,0.550013,0.001377,0.010632,-0.008841,0.033978,-0.019793,0.015017,-1.593145,-0.112755,0.02615,0.312404,0.521565,0.537758,0.662403,-0.83483,0.481635,0.266498,-0.176365,-0.692657,0.699274,0.002991,-0.01573,-0.014539,-0.018303,-0.136239,0.32323,0.377763,0.037179,0.034831,-0.024193,-0.359889,-0.621573,0.695791,0.916253,-0.376103,0.137934,0.175953,0.687162,0.704874,0.001455,-0.007597,-0.00702,0.00445,-0.158759,0.306334,0.350297,0.06675,0.025233,-0.05636,-0.361798,0.466292,-0.807262,-0.516043,-0.821329,-0.243137,-0.776402,0.328616,0.537783,0.006595,-0.001921,-0.001225,-0.000428,-0.015386,0.030553,-0.708537
151,0.059213,0.004707,0.366264,-0.460648,0.371736,-0.806016,-0.351446,-0.910217,-0.219004,-0.814493,0.181919,0.550939,0.011551,-0.007857,-0.005699,0.000295,-0.001396,0.004005,-1.616914,-0.112478,0.025989,0.311856,0.530539,0.537602,0.655366,-0.829577,0.487841,0.271563,-0.174372,-0.688419,0.703944,0.013081,0.005799,-0.014596,0.052599,-0.12001,0.18756,0.352682,0.037315,0.034735,-0.024474,-0.369546,-0.622712,0.689684,0.912534,-0.383199,0.142965,0.17526,0.682193,0.709856,0.000723,-0.00374,-0.003474,0.017653,-0.115778,0.160396,0.309964,0.066794,0.025205,-0.056445,-0.366618,0.46244,-0.807303,-0.510156,-0.825561,-0.241222,-0.778029,0.323415,0.538583,-0.00081,-0.001998,-0.001625,-0.005903,0.091629,-0.175558,-0.710496
152,0.05909,0.004415,0.366131,-0.467215,0.375215,-0.800606,-0.351826,-0.909579,-0.221035,-0.810574,0.17793,0.557977,-0.003229,-0.007926,-0.006458,0.029248,0.256113,0.100119,-1.625851,-0.112152,0.026113,0.311571,0.539259,0.537229,0.648518,-0.825228,0.490338,0.280181,-0.168135,-0.686933,0.706907,0.011945,0.011745,-0.00908,-0.237411,0.32471,0.288581,0.347941,0.037478,0.034795,-0.024618,-0.378316,-0.624971,0.682852,0.909894,-0.3867,0.150181,0.1702,0.67814,0.714952,3.1e-05,-0.00013,-0.000128,-0.319041,0.394117,0.306005,0.292329,0.066737,0.025059,-0.056512,-0.372289,0.466778,-0.802196,-0.510409,-0.824857,-0.24309,-0.775166,0.318948,0.545333,-0.001678,-0.004125,-0.003363,0.043801,0.268788,0.333241,-0.711639
153,0.058891,0.003833,0.36601,-0.475115,0.380152,-0.793596,-0.347647,-0.909558,-0.227636,-0.807773,0.167259,0.565292,-0.00542,-0.020545,0.000734,0.01789,0.455623,0.177732,-1.660736,-0.111734,0.026449,0.311587,0.556159,0.539955,0.631765,-0.817103,0.493708,0.297538,-0.151935,-0.682367,0.714951,0.012421,0.00737,0.004952,-0.336683,-0.650451,0.791142,0.345469,0.037683,0.034961,-0.024618,-0.395464,-0.627152,0.671034,0.90496,-0.390952,0.167938,0.15702,0.673673,0.722155,0.006133,0.004105,0.002858,-0.141988,0.154709,0.185065,0.286124,0.066639,0.024773,-0.056575,-0.378598,0.47213,-0.796087,-0.506027,-0.825769,-0.24908,-0.774983,0.308541,0.551546,-0.002873,-0.010681,3.7e-05,0.035362,0.477875,0.37673,-0.712293
154,0.058784,0.003518,0.365949,-0.477615,0.380414,-0.791969,-0.342333,-0.910708,-0.231064,-0.808564,0.160278,0.566183,-0.005732,-0.0213,9.9e-05,-0.0241,-0.012545,0.159627,-1.666853,-0.111534,0.026654,0.311677,0.563027,0.541694,0.624147,-0.813553,0.495746,0.303813,-0.145538,-0.679505,0.718996,0.012046,0.009244,0.006684,0.012245,-0.160574,0.229433,0.341596,0.037787,0.035068,-0.02457,-0.405134,-0.629993,0.662551,0.901901,-0.394132,0.176726,0.149796,0.669154,0.727868,0.006003,0.004736,0.003441,-0.004763,-0.088668,0.083805,0.283348,0.066584,0.024611,-0.056609,-0.382337,0.474388,-0.792952,-0.501104,-0.827452,-0.253411,-0.776345,0.300463,0.554083,-0.002344,-0.005745,-0.004703,-0.002983,0.015063,-0.063136,-0.712619
155,0.058638,0.002947,0.365798,-0.484472,0.38691,-0.784623,-0.344305,-0.908797,-0.235616,-0.803628,0.155513,0.574478,-0.003567,-0.008727,-0.007181,0.019079,0.171522,0.055984,-1.667317,-0.111223,0.027218,0.311831,0.571577,0.538494,0.619125,-0.808438,0.498318,0.313116,-0.140615,-0.680162,0.719354,-0.003537,0.019976,0.000441,-0.049801,0.082,0.127038,0.327605,0.037947,0.035358,-0.024487,-0.414575,-0.627874,0.658711,0.898393,-0.397701,0.186341,0.144972,0.669034,0.728955,-0.001802,0.010147,0.000363,-0.055128,0.089364,0.1307,0.269305,0.066508,0.024315,-0.056686,-0.387734,0.481765,-0.785852,-0.502653,-0.825139,-0.257843,-0.772658,0.295037,0.562096,-0.001765,-0.004321,-0.003551,0.020759,0.180418,0.05999,-0.711476
156,0.058511,0.002631,0.365616,-0.490564,0.386756,-0.780904,-0.339535,-0.910096,-0.237513,-0.801953,0.148142,0.578751,-0.002699,-0.006595,-0.005442,0.033851,0.287864,0.115882,-1.665821,-0.111017,0.027899,0.312049,0.575766,0.536804,0.616707,-0.805815,0.499831,0.317436,-0.138559,-0.680387,0.719541,0.009318,0.024753,0.002938,0.039814,-0.037726,0.073446,0.308805,0.038046,0.035689,-0.024378,-0.419285,-0.626555,0.656984,0.896533,-0.399686,0.19099,0.142921,0.669088,0.72931,-0.002074,0.0115,0.0016,0.053898,-0.047702,0.056881,0.248077,0.066443,0.024155,-0.056779,-0.393259,0.481877,-0.783032,-0.498028,-0.827534,-0.259141,-0.772861,0.288062,0.565424,0.005461,-0.00479,-0.003582,0.049246,0.433442,0.233215,-0.70968
157,0.058543,0.002502,0.365488,-0.491302,0.385319,-0.781151,-0.333515,-0.911668,-0.240003,-0.804022,0.142126,0.577387,0.01078,-0.009926,-0.007462,0.000783,0.002568,0.006047,-1.666545,-0.110907,0.028312,0.31216,0.57893,0.535201,0.615135,-0.803873,0.500498,0.321286,-0.136635,-0.681158,0.719179,-0.002277,0.011544,0.010624,-0.00321,-0.009909,0.028751,0.29969,0.038102,0.035892,-0.024326,-0.422816,-0.625247,0.655966,0.895204,-0.400674,0.195111,0.140836,0.66972,0.729136,0.004586,0.012689,0.001743,0.040511,0.067548,-0.099855,0.238606,0.066455,0.024093,-0.056841,-0.394796,0.481316,-0.782604,-0.492426,-0.829972,-0.262036,-0.775662,0.281924,0.564682,-0.001201,-0.002943,-0.002429,-0.003432,-0.016766,-0.011207,-0.710006
158,0.058768,0.002255,0.365182,-0.489251,0.385976,-0.782113,-0.320438,-0.913544,-0.250455,-0.810562,0.127597,0.571608,0.011279,-0.008737,-0.006493,0.046447,-0.03279,0.053443,-1.670105,-0.110819,0.029181,0.312359,0.589781,0.535862,0.604154,-0.797549,0.503485,0.332193,-0.126901,-0.678429,0.723528,0.009163,0.025219,0.00331,0.037954,-0.035756,0.075232,0.283189,0.038146,0.036326,-0.02422,-0.434849,-0.627043,0.646314,0.890759,-0.404818,0.206566,0.132114,0.665535,0.734579,0.004474,0.013147,0.002144,0.060641,-0.059124,0.082625,0.218032,0.066566,0.023968,-0.056995,-0.392529,0.481437,-0.78367,-0.479666,-0.834163,-0.272199,-0.784755,0.269054,0.558362,0.005797,-0.003993,-0.002937,0.163381,-0.126137,0.20493,-0.7087
159,0.059027,0.002016,0.365067,-0.488874,0.391847,-0.779425,-0.308007,-0.913403,-0.266081,-0.815589,0.109495,0.568201,0.012584,-0.005562,-0.003868,1.790827,-0.641055,2.125938,-1.671515,-0.110785,0.02995,0.312542,0.594932,0.536816,0.598228,-0.794317,0.506029,0.336051,-0.123058,-0.675777,0.726667,-0.002034,0.01025,0.009353,0.002432,-0.016627,0.02341,0.260322,0.038165,0.036727,-0.024128,-0.440484,-0.62859,0.640974,0.888408,-0.407988,0.210418,0.129243,0.662133,0.738157,-0.002002,0.011053,0.001145,0.039605,-0.023236,0.04175,0.187333,0.066695,0.023846,-0.057055,-0.391679,0.484157,-0.782418,-0.467541,-0.837122,-0.283955,-0.792459,0.254594,0.554246,0.006263,-0.002861,-0.002003,-0.00629,-0.026189,0.014001,-0.712619
160,0.059376,0.001824,0.36502,-0.483458,0.400531,-0.778388,-0.301274,-0.910963,-0.281695,-0.821315,0.097816,0.562051,-3.3e-05,-8e-05,-6.7e-05,0.022978,-0.067748,0.208307,-1.674689,-0.110746,0.030504,0.312786,0.595249,0.536705,0.598012,-0.79403,0.506566,0.335919,-0.123379,-0.675462,0.726906,0.01155,0.010957,0.008112,0.00448,-0.031844,0.052646,0.255685,0.038179,0.037005,-0.024004,-0.440798,-0.628521,0.640825,0.888195,-0.408527,0.210271,0.129634,0.661865,0.738328,-0.001796,0.009991,0.000162,0.038742,-0.02397,0.042883,0.171331,0.066874,0.023748,-0.05708,-0.384474,0.494768,-0.779347,-0.459706,-0.83473,-0.303142,-0.80053,0.24172,0.54838,0.00673,-0.001712,-0.001054,0.047501,-0.038906,0.075946,-0.725519
161,0.059569,0.001725,0.365015,-0.485189,0.401805,-0.776653,-0.296324,-0.911141,-0.286333,-0.822092,0.09071,0.562107,0.013227,-0.003991,-0.002571,0.003942,0.009633,0.042095,-1.681912,-0.110679,0.030688,0.312912,0.594643,0.536688,0.59863,-0.794438,0.506183,0.335531,-0.123676,-0.675762,0.726576,0.011878,0.009258,0.006558,-0.012338,0.082989,-0.108847,0.251072,0.038212,0.037099,-0.02394,-0.44024,-0.628454,0.641274,0.888445,-0.408162,0.209923,0.129816,0.662154,0.738036,-0.000643,0.003212,0.002913,-0.00015,-4.2e-05,-0.000165,0.168228,0.066967,0.023702,-0.05708,-0.385935,0.496394,-0.77759,-0.454827,-0.835713,-0.307757,-0.802611,0.234895,0.548304,0.006617,-0.001989,-0.001284,0.003516,-0.114101,0.194317,-0.73352
162,0.059856,0.001488,0.364994,-0.485889,0.407525,-0.773227,-0.290553,-0.909617,-0.296897,-0.823735,0.079891,0.561343,0.011552,-0.015438,0.005595,1.730955,-1.015161,1.883704,-1.693541,-0.110455,0.030834,0.31317,0.593857,0.536681,0.599416,-0.795015,0.505425,0.335307,-0.12374,-0.676336,0.726031,0.012415,0.006511,0.004055,0.004483,-0.031837,0.052651,0.228854,0.038319,0.037171,-0.02381,-0.439223,-0.628366,0.642058,0.888956,-0.407221,0.209586,0.129763,0.662817,0.737451,0.000588,-0.003953,0.005316,-0.036581,0.007221,-0.019814,0.145694,0.067112,0.02359,-0.057091,-0.387299,0.500537,-0.774248,-0.449403,-0.83576,-0.3155,-0.805006,0.225757,0.548632,-0.000372,-0.000924,-0.000769,0.016036,0.147069,0.074993,-0.750666
163,0.05993,0.001225,0.364996,-0.485528,0.407709,-0.773357,-0.28413,-0.910131,-0.301502,-0.826182,0.072832,0.558699,0.012401,-0.006063,-0.004297,0.525847,-0.357205,0.571506,-1.696424,-0.110125,0.030867,0.313274,0.593742,0.536622,0.599582,-0.795118,0.505179,0.335433,-0.12363,-0.676566,0.725835,-2.1e-05,0.000105,9.5e-05,-0.0,0.0,0.0,0.225571,0.038493,0.037193,-0.023754,-0.439152,-0.628298,0.642173,0.889017,-0.407006,0.209745,0.129586,0.663013,0.737306,0.006645,0.001063,3.4e-05,-0.014865,0.099508,-0.132399,0.131814,0.067149,0.023455,-0.057087,-0.385621,0.501522,-0.774448,-0.442517,-0.83706,-0.321726,-0.809613,0.218643,0.544721,-0.001231,-0.006724,0.003237,1.714772,-1.122177,1.787104,-0.755401
164,0.059904,0.001034,0.365011,-0.484313,0.409084,-0.773393,-0.283627,-0.909595,-0.303584,-0.827069,0.07181,0.557519,-0.001848,-0.004571,-0.0038,-0.000686,0.013215,-0.025554,-1.699094,-0.109922,0.030883,0.313261,0.593751,0.536565,0.599624,-0.795106,0.505183,0.335455,-0.12366,-0.676609,0.725791,0.01345,0.001346,-0.000631,0.002045,-0.015205,0.029245,0.221456,0.03859,0.0372,-0.023762,-0.439141,-0.628246,0.642231,0.889019,-0.406995,0.209756,0.129607,0.663069,0.737252,0.000162,-0.000802,-0.000732,-6.1e-05,-2.6e-05,-5.3e-05,0.128222,0.067143,0.023368,-0.057079,-0.383512,0.503107,-0.774468,-0.441644,-0.836397,-0.324638,-0.811091,0.217537,0.542962,-0.001564,-0.007514,0.002595,-0.040404,0.035447,-0.045451,-0.758994
165,0.059749,0.000491,0.365075,-0.479076,0.418271,-0.771739,-0.28138,-0.905922,-0.316391,-0.830881,0.06505,0.552659,-0.003016,-0.007452,-0.006211,0.006159,-0.074098,0.15481,-1.706701,-0.109496,0.03091,0.313252,0.593799,0.536451,0.599678,-0.79507,0.505173,0.335556,-0.123665,-0.676706,0.725699,0.000156,-0.000768,-0.000697,-0.0,0.0,0.0,0.209654,0.038804,0.037209,-0.023769,-0.439312,-0.62815,0.642207,0.888942,-0.407076,0.209929,0.12956,0.66311,0.737223,0.006742,0.0006,-0.000393,0.002012,-0.015197,0.029183,0.115322,0.067067,0.0231,-0.057044,-0.37686,0.511223,-0.772416,-0.438483,-0.833006,-0.33739,-0.815909,0.211542,0.53809,-0.002081,-0.00879,0.001532,-0.02838,0.013393,-0.044137,-0.76079
166,0.05955,-0.000184,0.365161,-0.474619,0.423481,-0.771651,-0.28056,-0.903682,-0.323444,-0.833715,0.062448,0.548677,-0.004349,-0.018039,0.00266,-0.034804,0.032735,-0.040754,-1.707103,-0.109104,0.030956,0.313266,0.594066,0.53634,0.599514,-0.794884,0.505314,0.335785,-0.123582,-0.676688,0.72573,0.013237,0.002417,0.000331,0.002045,-0.015205,0.029245,0.20697,0.038995,0.03723,-0.023764,-0.439469,-0.628065,0.642184,0.888871,-0.407147,0.21009,0.129513,0.663148,0.737198,0.006615,0.001221,0.000168,0.002019,-0.015225,0.029216,0.103892,0.066967,0.022763,-0.057007,-0.371438,0.515331,-0.772312,-0.437091,-0.830936,-0.344233,-0.819136,0.20971,0.533887,-0.002111,-0.008857,0.00147,-0.037929,0.033781,-0.043483,-0.760463
167,0.059288,-0.00084,0.365233,-0.472188,0.426427,-0.771521,-0.280019,-0.902404,-0.327457,-0.835278,0.060882,0.546472,-0.003379,-0.008321,-0.006981,-0.000635,0.013076,-0.025515,-1.701254,-0.108741,0.030918,0.313369,0.594169,0.536288,0.599458,-0.794854,0.50513,0.336133,-0.123274,-0.676868,0.725614,0.001681,-0.010278,0.00849,-0.036463,0.007105,-0.019777,0.206215,0.039187,0.037214,-0.023718,-0.43964,-0.628019,0.642111,0.888834,-0.407035,0.210464,0.129187,0.663259,0.737154,0.006458,0.001984,0.000858,0.004483,-0.031815,0.052621,0.104382,0.066834,0.022424,-0.056967,-0.368413,0.517852,-0.772075,-0.436315,-0.829657,-0.348277,-0.820914,0.208558,0.531603,-0.002308,-0.009334,0.001063,-0.039224,0.035189,-0.044752,-0.755238
168,0.0592,-0.001133,0.36524,-0.471064,0.427745,-0.771478,-0.279571,-0.90184,-0.329387,-0.836063,0.059982,0.545369,-0.004132,-0.017483,0.003101,-0.034829,0.032664,-0.04079,-1.699742,-0.108565,0.030847,0.313456,0.594233,0.536287,0.599396,-0.794853,0.504938,0.336423,-0.122973,-0.677012,0.725532,-0.000166,0.000804,0.000729,-0.0,0.0,0.0,0.201934,0.039275,0.037176,-0.02367,-0.439697,-0.628027,0.642065,0.888857,-0.406827,0.210771,0.128839,0.663379,0.737107,0.007485,-0.004054,0.00429,-0.03442,-0.008127,0.009423,0.101932,0.066789,0.022279,-0.056969,-0.367059,0.518934,-0.771993,-0.435724,-0.829162,-0.35019,-0.821834,0.207836,0.530464,-0.001372,-0.003371,-0.002827,-0.003869,0.014857,-0.028368,-0.754585
169,0.059051,-0.001504,0.365207,-0.470717,0.431476,-0.76961,-0.278531,-0.900296,-0.334455,-0.836605,0.056383,0.544921,-0.00208,-0.005115,-0.004308,-0.000699,0.013608,-0.025401,-1.696639,-0.108239,0.030719,0.313658,0.594477,0.536292,0.599149,-0.794773,0.504619,0.337089,-0.122298,-0.677246,0.725427,0.012739,0.00485,0.002527,0.004495,-0.031793,0.052681,0.172457,0.039434,0.037108,-0.023572,-0.439931,-0.628057,0.641876,0.888842,-0.406515,0.211434,0.128139,0.663543,0.737082,0.000831,-0.005087,0.004288,-0.03645,0.007062,-0.019846,0.076622,0.066713,0.022086,-0.056985,-0.366138,0.522535,-0.769999,-0.434332,-0.827758,-0.355205,-0.822981,0.204382,0.530027,-0.000995,-0.002442,-0.002051,-0.003543,0.007751,-0.032703,-0.754748
170,0.059025,-0.00169,0.365078,-0.472943,0.432347,-0.767754,-0.278681,-0.899971,-0.335202,-0.835297,0.054883,0.547077,-0.001445,-0.003552,-0.002996,0.005008,0.058952,-0.002375,-1.694781,-0.10803,0.030724,0.313873,0.593742,0.538368,0.598015,-0.795372,0.50475,0.335475,-0.121973,-0.6755,0.727107,-0.000842,0.004051,0.003668,0.026807,-0.045213,0.000622,0.169965,0.039543,0.037111,-0.023465,-0.43903,-0.630168,0.640422,0.889253,-0.406609,0.209513,0.128373,0.66148,0.738893,0.006256,0.002942,0.001725,0.008908,-0.02875,0.015205,0.058007,0.0667,0.021994,-0.057048,-0.368284,0.523929,-0.768026,-0.434505,-0.827317,-0.356022,-0.821931,0.202594,0.532337,-0.000607,-0.001495,-0.001262,0.003167,0.131427,-0.159556,-0.754585
171,0.059052,-0.001733,0.365045,-0.473137,0.432109,-0.767769,-0.278559,-0.900089,-0.334988,-0.835228,0.05483,0.547188,-0.000448,-0.001101,-0.000929,9.9e-05,0.000788,0.0004,-1.692614,-0.107928,0.030772,0.313968,0.594057,0.538345,0.597723,-0.795171,0.504877,0.335763,-0.121754,-0.675423,0.727215,-0.000876,0.004209,0.003808,0.002807,-0.016991,0.023112,0.172845,0.039594,0.037135,-0.023417,-0.439426,-0.630053,0.640263,0.8891,-0.406694,0.209999,0.128081,0.661538,0.738892,0.00624,0.003016,0.001791,-0.004283,-0.009277,0.033071,0.057354,0.066712,0.021968,-0.057069,-0.36847,0.523583,-0.768173,-0.434328,-0.827542,-0.355714,-0.821941,0.202569,0.532331,-0.000204,-0.000504,-0.000427,-0.00527,0.081457,-0.182761,-0.756381
172,0.059056,-0.001719,0.365043,-0.475396,0.432898,-0.765926,-0.278608,-0.899805,-0.335709,-0.833926,0.053253,0.549325,0.000619,0.001521,0.001284,0.000704,0.00554,0.002813,-1.681561,-0.10776,0.03078,0.314165,0.594242,0.538349,0.597535,-0.795096,0.504717,0.336182,-0.121337,-0.67554,0.727177,0.001452,-0.009118,0.009543,-0.036448,0.006993,-0.019843,0.174637,0.039676,0.037147,-0.023318,-0.439793,-0.630024,0.640039,0.888984,-0.406657,0.210559,0.127619,0.661588,0.738927,0.00643,0.002103,0.000964,0.001987,-0.015065,0.029393,0.059313,0.066713,0.021973,-0.057071,-0.370663,0.52483,-0.766264,-0.434333,-0.827211,-0.356476,-0.820952,0.200682,0.534568,0.000169,0.000416,0.000352,0.000999,-0.015153,-0.010612,-0.756054
173,0.059036,-0.001694,0.365089,-0.475779,0.432442,-0.765946,-0.278414,-0.900028,-0.335271,-0.833772,0.05319,0.549566,0.000355,0.000873,0.000737,0.0,1e-06,1e-06,-1.673346,-0.10756,0.030735,0.31427,0.594408,0.538338,0.59738,-0.795023,0.504596,0.336535,-0.121001,-0.675639,0.727141,0.013212,0.002535,0.000421,0.002045,-0.015205,0.029245,0.170543,0.039771,0.037128,-0.023262,-0.439858,-0.630023,0.639996,0.888999,-0.406473,0.210854,0.127299,0.661702,0.73888,0.006622,0.001185,0.000131,0.002081,-0.015191,0.029301,0.058334,0.066706,0.021991,-0.057043,-0.37099,0.524315,-0.766458,-0.434153,-0.827532,-0.35595,-0.820899,0.200707,0.534639,0.000198,0.000487,0.00041,-0.000223,-0.000582,-0.000158,-0.756544
174,0.058944,-0.001641,0.365115,-0.476532,0.431497,-0.766011,-0.277905,-0.900495,-0.334438,-0.833511,0.052964,0.549983,0.000151,0.000371,0.000313,0.0,0.0,0.0,-1.655197,-0.107321,0.030659,0.31433,0.593547,0.54039,0.596383,-0.795686,0.504747,0.334737,-0.120868,-0.673887,0.728786,0.013426,0.001527,-0.000492,0.107373,-0.13886,-0.069084,0.171056,0.039891,0.037085,-0.023229,-0.439047,-0.631667,0.638931,0.88936,-0.406521,0.209232,0.127574,0.660103,0.740262,0.000138,-0.000662,-0.000603,0.15774,-0.178445,-0.13782,0.055884,0.06666,0.022019,-0.057029,-0.371897,0.523528,-0.766557,-0.433764,-0.828095,-0.355114,-0.820695,0.200439,0.535054,0.000108,0.000266,0.000225,-0.000172,-8e-05,8.9e-05,-0.756054
175,0.058916,-0.001626,0.365126,-0.476658,0.43134,-0.766021,-0.277824,-0.900572,-0.334298,-0.833466,0.05293,0.550055,0.000276,0.000677,0.000571,0.0,0.0,0.0,-1.647716,-0.107202,0.030619,0.314372,0.593773,0.540377,0.596169,-0.795552,0.504778,0.335009,-0.120636,-0.673875,0.728837,0.013232,0.002458,0.000348,0.003585,-0.017013,0.027808,0.170116,0.039951,0.037062,-0.023211,-0.439062,-0.632032,0.63856,0.889376,-0.406531,0.209145,0.127408,0.659748,0.740607,2e-06,-1.6e-05,-1.8e-05,-0.010747,0.009741,0.006035,0.055394,0.066646,0.022026,-0.057024,-0.372048,0.523399,-0.766572,-0.433705,-0.828186,-0.354973,-0.820657,0.200399,0.535126,0.000177,0.000435,0.000367,-0.000126,-6.6e-05,0.0001,-0.755238
176,0.058827,-0.001624,0.365123,-0.475368,0.432677,-0.766068,-0.276981,-0.900005,-0.336519,-0.834483,0.051672,0.54863,-0.000187,-0.000458,-0.000387,3e-06,-2e-06,3e-06,-1.644043,-0.107008,0.030561,0.314454,0.593006,0.542432,0.595065,-0.79615,0.504991,0.333263,-0.120463,-0.672062,0.730537,-4.8e-05,0.000227,0.000206,0.145917,-0.171136,-0.135967,0.16472,0.040053,0.037034,-0.02317,-0.438718,-0.633099,0.637739,0.889541,-0.40661,0.208288,0.127444,0.658675,0.741555,0.006578,0.001403,0.000325,0.299902,-0.343948,-0.219315,0.051475,0.066602,0.022029,-0.057025,-0.370499,0.524494,-0.766573,-0.432714,-0.827743,-0.357209,-0.82188,0.199362,0.533634,-0.000123,-0.000298,-0.00025,-0.003417,0.002112,-0.003247,-0.756218
177,0.058706,-0.001591,0.365143,-0.475828,0.435432,-0.76422,-0.276528,-0.898827,-0.340022,-0.834371,0.048988,0.549047,-0.013465,0.003666,0.002297,-0.000137,0.021231,-0.026245,-1.643481,-0.106773,0.030552,0.314573,0.593412,0.542398,0.594691,-0.795906,0.505057,0.333742,-0.120065,-0.67204,0.730623,-0.000369,0.001742,0.001574,3.1e-05,-3.7e-05,-2.9e-05,0.167483,0.040166,0.037025,-0.023114,-0.438662,-0.63386,0.637021,0.889594,-0.406676,0.207931,0.127262,0.657902,0.742272,0.000889,-0.005313,0.004089,-0.038655,0.009179,-0.018325,0.048373,0.066546,0.022043,-0.057016,-0.3706,0.527425,-0.76451,-0.432038,-0.826543,-0.360788,-0.82219,0.19659,0.534185,2.3e-05,5.6e-05,4.9e-05,-0.000216,-0.013604,-0.01228,-0.757361
178,0.058665,-0.001588,0.365157,-0.473224,0.43827,-0.764214,-0.281881,-0.897158,-0.340033,-0.834064,0.053954,0.549048,0.0,1e-06,1e-06,-0.380096,-0.169016,0.273146,-1.643631,-0.106621,0.030553,0.314633,0.592018,0.541785,0.596637,-0.796669,0.504808,0.332295,-0.121886,-0.672721,0.729694,0.012976,0.003673,0.001439,0.00268,-0.013715,0.028047,0.170223,0.040242,0.037029,-0.023081,-0.437103,-0.633094,0.638851,0.890128,-0.406287,0.206402,0.128885,0.658879,0.741125,-0.000155,0.000727,0.000652,-0.000737,4e-05,0.000116,0.050496,0.06652,0.022046,-0.057008,-0.367711,0.529374,-0.764559,-0.436507,-0.824212,-0.360742,-0.821127,0.201086,0.534147,-0.006752,0.001801,0.001116,-1.281695,-0.556045,0.89034,-0.75834
179,0.058555,-0.001588,0.365165,-0.475341,0.439238,-0.762342,-0.282059,-0.896776,-0.340892,-0.832797,0.052432,0.551114,-0.000237,-0.00058,-0.000489,0.00163,0.012483,0.006336,-1.645427,-0.106326,0.030551,0.314777,0.592544,0.541738,0.596157,-0.796351,0.50492,0.332888,-0.121405,-0.672675,0.729817,0.012888,0.004079,0.001802,0.002045,-0.015205,0.029245,0.174459,0.040389,0.037027,-0.02301,-0.437717,-0.633114,0.638411,0.889897,-0.406457,0.20706,0.128394,0.658755,0.74132,0.006548,0.001543,0.000449,0.002084,-0.01527,0.02942,0.055231,0.066466,0.022047,-0.057004,-0.369492,0.531054,-0.762533,-0.437091,-0.823481,-0.361704,-0.820016,0.19965,0.536388,-0.006898,0.001428,0.000807,0.00128,0.002585,-0.039599,-0.763566
180,0.058498,-0.001604,0.365188,-0.475552,0.442295,-0.760441,-0.281819,-0.89542,-0.344633,-0.832758,0.049859,0.551413,-6e-06,-1.4e-05,-1.2e-05,0.000378,0.002894,0.001469,-1.644655,-0.106107,0.030575,0.314873,0.592875,0.541695,0.595866,-0.796147,0.505004,0.333249,-0.121128,-0.672646,0.729889,0.01275,0.004714,0.002373,0.002045,-0.015205,0.029245,0.165431,0.040504,0.037039,-0.022962,-0.438127,-0.633104,0.63814,0.889734,-0.40661,0.207463,0.128129,0.65867,0.741441,0.006358,0.002436,0.001255,0.002112,-0.015196,0.029313,0.052292,0.066437,0.022037,-0.056993,-0.369124,0.533985,-0.760662,-0.43648,-0.822187,-0.365366,-0.820507,0.197148,0.536563,2e-06,7e-06,7e-06,0.000307,-0.013568,-0.009323,-0.764872
181,0.058522,-0.001658,0.365212,-0.474051,0.443925,-0.760428,-0.281216,-0.894674,-0.347055,-0.833818,0.048764,0.549907,0.013492,-0.003608,-0.002247,0.000984,-0.014714,0.029554,-1.64613,-0.105998,0.030736,0.314999,0.593143,0.541647,0.595643,-0.795959,0.505188,0.333419,-0.121049,-0.672546,0.729994,0.01249,0.005892,0.003431,-0.01491,0.098728,-0.132868,0.159416,0.040554,0.037118,-0.0229,-0.438526,-0.633091,0.637878,0.889548,-0.406895,0.207701,0.128056,0.658506,0.7416,-0.000433,0.002016,0.001815,0.002498,-0.016512,0.023548,0.045434,0.066444,0.022012,-0.05698,-0.36728,0.535182,-0.760713,-0.435656,-0.821595,-0.367675,-0.821771,0.19637,0.53491,4e-06,1e-05,9e-06,-0.000507,-0.000217,-0.000469,-0.763729
182,0.058528,-0.001691,0.365238,-0.472552,0.445544,-0.760415,-0.280582,-0.89393,-0.349478,-0.834883,0.047651,0.548386,-0.0,-0.0,-0.0,0.0,0.0,0.0,-1.645738,-0.105947,0.030836,0.315066,0.59326,0.54162,0.595551,-0.795873,0.505286,0.333475,-0.12104,-0.672495,0.730043,-0.000818,0.00381,0.003432,0.0,-0.0,-0.0,0.157139,0.040584,0.037169,-0.022867,-0.438558,-0.633068,0.637879,0.889528,-0.406935,0.207707,0.128083,0.658503,0.741597,0.006118,0.003526,0.002236,0.004541,-0.0317,0.052773,0.042005,0.066452,0.021994,-0.056968,-0.365473,0.536514,-0.760645,-0.434846,-0.820932,-0.370104,-0.823005,0.195501,0.53333,3e-06,6e-06,6e-06,-0.001862,0.000981,-0.001625,-0.763729
183,0.058502,-0.001749,0.365308,-0.472802,0.445321,-0.76039,-0.280655,-0.894034,-0.349151,-0.834716,0.047767,0.548629,0.000143,0.00035,0.000295,0.0,0.0,0.0,-1.644197,-0.105871,0.031,0.315265,0.592335,0.54367,0.594603,-0.796554,0.505516,0.331496,-0.121089,-0.670667,0.731715,0.001051,-0.007168,0.011292,-0.007585,-0.026849,-0.046648,0.15292,0.040621,0.037256,-0.022769,-0.437454,-0.63512,0.636596,0.889979,-0.407122,0.205395,0.128722,0.656409,0.743341,-0.000557,0.002579,0.002318,0.016033,-0.037362,0.003957,0.036616,0.066439,0.021965,-0.056933,-0.365771,0.536334,-0.760628,-0.434957,-0.821028,-0.369761,-0.822814,0.195593,0.533591,9.4e-05,0.000231,0.000196,-0.000132,-3.4e-05,1.4e-05,-0.76079
184,0.058459,-0.00187,0.365379,-0.474904,0.446406,-0.758442,-0.281151,-0.893562,-0.349961,-0.833354,0.046477,0.550807,-0.000399,-0.000976,-0.000823,7.5e-05,0.000569,0.000288,-1.645097,-0.105772,0.031098,0.315468,0.59261,0.543664,0.594336,-0.796398,0.505527,0.331852,-0.12077,-0.670663,0.731771,-0.000805,0.003738,0.003356,0.002463,-0.016506,0.023492,0.148811,0.040671,0.037302,-0.022664,-0.437791,-0.634981,0.636504,0.889879,-0.407036,0.206001,0.128273,0.656597,0.743253,-0.000303,0.001391,0.001247,-0.000856,0.000914,0.000688,0.030737,0.066418,0.021907,-0.056896,-0.367723,0.537817,-0.758637,-0.435349,-0.820438,-0.370609,-0.821736,0.193991,0.535833,-0.000261,-0.000639,-0.000538,7.6e-05,-0.00793,-0.005171,-0.760626
185,0.058446,-0.001952,0.365429,-0.472419,0.449092,-0.758408,-0.286563,-0.891933,-0.349727,-0.832926,0.051549,0.551003,-0.001374,-0.010676,0.008824,-0.044256,0.01484,-0.007746,-1.647019,-0.105743,0.031093,0.315566,0.592598,0.543685,0.594327,-0.796434,0.505377,0.331995,-0.120591,-0.670758,0.731713,-0.000622,0.002888,0.002592,0.0,-0.0,-0.0,0.145213,0.040686,0.037299,-0.022615,-0.437783,-0.634993,0.636497,0.889911,-0.406887,0.206155,0.128076,0.656677,0.743216,0.000737,-0.004579,0.004748,-0.036484,0.006926,-0.019773,0.027798,0.066411,0.021867,-0.056876,-0.364722,0.539959,-0.758565,-0.440341,-0.817847,-0.370439,-0.820412,0.198921,0.536053,-8.6e-05,-0.000208,-0.000175,-0.034506,-0.017209,0.023671,-0.760953
186,0.058357,-0.002097,0.365597,-0.473111,0.451706,-0.756421,-0.286474,-0.890746,-0.352812,-0.832563,0.049208,0.551765,8.8e-05,0.000215,0.000181,0.006053,0.045844,0.02317,-1.647288,-0.105695,0.031085,0.315737,0.591781,0.545776,0.593224,-0.797072,0.505521,0.33024,-0.120381,-0.668951,0.7334,-0.000515,0.00239,0.002143,0.017728,-0.020672,-0.016371,0.137328,0.04071,0.037295,-0.022529,-0.436774,-0.637112,0.635071,0.890354,-0.406968,0.204071,0.128438,0.654571,0.745009,0.000813,-0.004928,0.004435,-0.034557,-0.000747,-0.029214,0.017838,0.066367,0.021794,-0.056792,-0.365038,0.54283,-0.75636,-0.440061,-0.816541,-0.373638,-0.820422,0.196453,0.536947,-0.006682,0.001981,0.001274,0.006131,0.057393,-0.014581,-0.761116
187,0.058232,-0.002263,0.365786,-0.472012,0.453012,-0.756327,-0.286109,-0.890126,-0.354667,-0.833313,0.048415,0.550702,-0.000103,-0.000252,-0.000212,0.004394,-0.002729,0.004276,-1.644928,-0.105562,0.031124,0.315832,0.591033,0.547807,0.592097,-0.797631,0.505848,0.328383,-0.12035,-0.667042,0.735142,-0.000198,0.000918,0.000823,0.238878,-0.278372,-0.220409,0.131667,0.040776,0.037318,-0.022479,-0.43677,-0.637562,0.634622,0.890369,-0.407044,0.203854,0.128349,0.654086,0.745451,0.006487,0.00174,0.000619,0.446094,-0.498067,-0.331402,0.010326,0.066305,0.021709,-0.056693,-0.363612,0.543723,-0.756406,-0.439449,-0.816077,-0.375369,-0.821383,0.195913,0.535674,-0.000682,-0.00532,0.004431,-0.02322,0.011296,-0.005351,-0.760953
188,0.058102,-0.002433,0.365944,-0.470029,0.45838,-0.754326,-0.291275,-0.887228,-0.357713,-0.832647,0.051004,0.551475,-0.00128,-0.01044,0.009028,-0.028887,0.058499,0.004484,-1.646442,-0.105461,0.031072,0.315879,0.59121,0.547805,0.591923,-0.797537,0.505829,0.328642,-0.12011,-0.667058,0.735166,0.002041,-0.01174,0.007188,-0.036366,0.006689,-0.020033,0.104273,0.040826,0.037296,-0.022459,-0.436219,-0.638844,0.633711,0.890612,-0.407117,0.202644,0.128537,0.652789,0.746555,4e-05,-0.00019,-0.000172,-0.002606,0.002623,0.001837,-0.012208,0.066239,0.021627,-0.056618,-0.360826,0.548804,-0.754067,-0.444013,-0.812111,-0.378585,-0.820156,0.198213,0.536707,-3.2e-05,-7.3e-05,-5.8e-05,0.004404,0.020756,0.002407,-0.760953
