frame,MLTx,MLTy,MLTz,MLTR1,MLTR2,MLTR3,MLTR4,MLTR5,MLTR6,MLTR7,MLTR8,MLTR9,MLTTVx,MLTTVy,MLTTVz,MLTRVx,MLTRVy,MLTRVz,MLGA,MRTx,MRTy,MRTz,MRTR1,MRTR2,MRTR3,MRTR4,MRTR5,MRTR6,MRTR7,MRTR8,MRTR9,MRTTVx,MRTTVy,MRTTVz,MRTRVx,MRTRVy,MRTRVz,MRGA,SLTx,SLTy,SLTz,SLTR1,SLTR2,SLTR3,SLTR4,SLTR5,SLTR6,SLTR7,SLTR8,SLTR9,SLTTVx,SLTTVy,SLTTVz,SLTRVx,SLTRVy,SLTRVz,SLGA,SRTx,SRTy,SRTz,SRTR1,SRTR2,SRTR3,SRTR4,SRTR5,SRTR6,SRTR7,SRTR8,SRTR9,SRTTVx,SRTTVy,SRTTVz,SRTRVx,SRTRVy,SRTRVz,SRGA
3290,0.071094,0.049833,0.413859,-0.504588,0.779221,-0.37182,-0.860359,-0.417743,0.291968,0.072804,0.466251,0.881667,-0.060792,-0.049503,0.021868,-0.070079,0.098327,-0.207116,-1.207864,-0.110303,0.019536,0.419049,0.607993,0.472471,0.63805,-0.600651,0.799237,-0.019292,-0.51981,-0.372117,0.768888,-0.012629,0.003043,-0.012336,0.033446,0.013055,-0.006733,0.153297,0.02406,0.05405,0.0001,-0.646201,-0.424321,0.63433,0.545663,-0.837991,-0.004682,0.53355,0.343106,0.773047,-0.006147,0.000683,-0.006568,0.032267,0.02345,-0.033497,0.026165,0.081791,0.055962,-0.055745,-0.571058,0.737493,-0.360548,-0.819467,-0.486111,0.303593,0.048631,0.468827,0.881949,-0.024888,-0.026729,0.009815,0.373603,-0.408807,0.002626,-0.713109
3291,0.068723,0.047958,0.414845,-0.510239,0.760538,-0.401602,-0.859585,-0.435472,0.267301,0.029035,0.48065,0.876447,-0.059911,-0.045642,0.023528,1.363484,-1.813828,0.8764,-0.968844,-0.110787,0.019615,0.418528,0.604331,0.476422,0.63859,-0.605162,0.795788,-0.020822,-0.51884,-0.374473,0.7684,-0.012182,0.000677,-0.01348,0.032221,0.023413,-0.033602,0.149237,0.023808,0.054096,-0.000168,-0.642801,-0.428511,0.634968,0.550404,-0.834875,-0.006226,0.532787,0.345487,0.772512,-0.006075,0.000292,-0.006752,0.032301,0.023322,-0.033407,0.021593,0.080581,0.055003,-0.055245,-0.576811,0.718821,-0.388051,-0.816854,-0.504023,0.280551,0.006079,0.478807,0.877898,-0.030472,-0.027542,0.016692,-0.007179,-0.012211,-0.151731,-0.6571
3292,0.066508,0.045845,0.416102,-0.51984,0.732864,-0.439002,-0.853763,-0.463603,0.236923,-0.02925,0.497052,0.867243,-0.049853,-0.057759,0.031541,0.333983,-0.578093,0.36869,-0.712291,-0.111358,0.019616,0.417975,0.603137,0.477033,0.639263,-0.605206,0.795707,-0.022592,-0.520179,-0.373866,0.76779,-0.011788,-0.001461,-0.014521,0.032228,0.023372,-0.033625,0.147588,0.023521,0.054098,-0.000444,-0.641661,-0.429192,0.63566,0.550469,-0.834817,-0.007995,0.534092,0.344781,0.771926,-0.005861,-0.00086,-0.007313,0.032299,0.023369,-0.033509,0.017674,0.079472,0.053955,-0.054618,-0.584309,0.690217,-0.426829,-0.80965,-0.531595,0.24874,-0.055216,0.490924,0.86945,-0.025457,-0.033625,0.0207,1.37959,-2.068198,1.315496,-0.614318
3293,0.065496,0.044653,0.416784,-0.519067,0.720985,-0.459125,-0.852762,-0.473417,0.220555,-0.057701,0.505108,0.861141,-0.051479,-0.068122,0.040927,1.328788,-2.114606,1.596937,-0.600111,-0.111675,0.019558,0.417706,0.602354,0.47749,0.63966,-0.605411,0.795522,-0.023554,-0.520846,-0.373677,0.76743,-0.011783,-0.00154,-0.014563,0.032232,0.023348,-0.033638,0.146711,0.023363,0.054067,-0.00058,-0.640916,-0.429695,0.636071,0.550697,-0.834656,-0.008956,0.53475,0.344543,0.771577,-0.005871,-0.000838,-0.007304,0.03228,0.023348,-0.033531,0.016368,0.078948,0.053339,-0.054264,-0.582987,0.678502,-0.446945,-0.808107,-0.541234,0.232438,-0.084192,0.496688,0.863835,-0.025764,-0.034096,0.020484,1.309178,-2.089008,1.583978,-0.600275
3294,0.063654,0.042079,0.418104,-0.504333,0.71028,-0.491116,-0.857842,-0.477215,0.190644,-0.098337,0.516563,0.8506,-0.03971,-0.062837,0.028625,2.251703,-2.646523,0.964761,-0.510608,-0.112338,0.019329,0.417191,0.600612,0.478559,0.640498,-0.60606,0.794969,-0.025477,-0.522102,-0.373487,0.766668,-0.023528,-0.00512,-0.015551,0.030197,0.0385,-0.062912,0.143759,0.023041,0.053954,-0.000831,-0.639304,-0.43084,0.636919,0.551384,-0.83418,-0.010828,0.535971,0.344265,0.770853,-0.00501,-0.00632,-0.002691,-0.003297,0.025705,-0.055969,0.013755,0.078041,0.052075,-0.053615,-0.568576,0.670201,-0.477023,-0.813404,-0.54463,0.204331,-0.122858,0.50419,0.854808,-0.020496,-0.036369,0.019131,2.600176,-1.347635,-3.826462,-0.62085
3295,0.062313,0.039455,0.41941,-0.521287,0.681631,-0.513501,-0.840032,-0.515885,0.167871,-0.14984,0.518017,0.84216,-0.027929,-0.071739,0.038266,2.864125,-1.330363,-3.663768,-0.407729,-0.112932,0.018995,0.416883,0.599772,0.481409,0.639148,-0.607127,0.794063,-0.028188,-0.521826,-0.37175,0.7677,-0.012132,0.000114,-0.013773,0.034845,0.008725,-0.008531,0.136971,0.022736,0.053779,-0.000994,-0.638662,-0.433898,0.635486,0.552567,-0.833356,-0.013672,0.535519,0.342417,0.77199,-0.006067,8.9e-05,-0.006858,0.027434,0.027981,-0.001948,0.006407,0.077364,0.05076,-0.052968,-0.579636,0.64241,-0.501328,-0.795911,-0.578278,0.179218,-0.174775,0.502894,0.846493,-0.013814,-0.035449,0.019359,0.241558,-0.600332,0.918614,-0.552268
3296,0.061297,0.037009,0.420846,-0.519652,0.647754,-0.557155,-0.822243,-0.55631,0.12003,-0.231561,0.519682,0.822397,-0.02466,-0.063253,0.042382,0.966563,-0.79232,-0.100252,-0.379282,-0.113456,0.018602,0.416772,0.600156,0.485753,0.635491,-0.608324,0.793022,-0.031486,-0.519985,-0.368306,0.770603,-0.010874,-0.008385,-0.003342,0.011877,-0.020678,-0.074991,0.137983,0.022478,0.053587,-0.001048,-0.639398,-0.438332,0.631692,0.553841,-0.832447,-0.017039,0.533319,0.338962,0.775031,-0.011523,-0.004813,-0.001577,-0.000349,0.012515,-0.068442,0.003958,0.076852,0.049527,-0.052255,-0.578958,0.606174,-0.545307,-0.773164,-0.620504,0.131112,-0.258889,0.497521,0.827918,-0.011972,-0.02724,0.016065,3.523701,-1.69237,-2.986327,-0.508343
3297,0.060984,0.035886,0.421504,-0.506781,0.640055,-0.577536,-0.820167,-0.564287,0.094223,-0.264965,0.520628,0.811645,-0.0115,-0.055942,0.031009,1.046854,-0.842648,0.120334,-0.374323,-0.113718,0.018399,0.416746,0.600286,0.487975,0.633663,-0.609015,0.792424,-0.033117,-0.519023,-0.366651,0.772039,-0.01105,-0.007477,-0.002898,0.062816,-0.183287,-0.11026,0.138833,0.022347,0.053485,-0.001061,-0.639409,-0.440062,0.630476,0.554541,-0.831955,-0.018294,0.532578,0.337928,0.775992,-0.005452,-0.004141,-0.00164,0.095166,-0.267024,-0.171843,0.004611,0.076692,0.048966,-0.05192,-0.566046,0.599498,-0.565856,-0.770806,-0.628284,0.105428,-0.292315,0.495843,0.817735,-0.005603,-0.027512,0.015722,3.650468,-1.558335,-2.863878,-0.496259
3298,0.06077,0.033503,0.422837,-0.494259,0.62964,-0.599421,-0.813505,-0.578057,0.063497,-0.305911,0.51823,0.798675,-0.000768,-0.06866,0.039017,-1.494483,1.200115,-0.623321,-0.320077,-0.114185,0.017874,0.416721,0.598853,0.489051,0.634188,-0.610339,0.791378,-0.033754,-0.519122,-0.367478,0.77158,-0.008848,-0.02129,0.004916,-0.038915,0.028232,-0.078365,0.143268,0.022111,0.053235,-0.001073,-0.638186,-0.441503,0.630707,0.555977,-0.830977,-0.019125,0.532547,0.338454,0.775784,-0.005132,-0.005982,-0.002551,-0.004428,0.028861,-0.054815,0.008367,0.076584,0.047786,-0.051253,-0.552011,0.589601,-0.58962,-0.763061,-0.642289,0.072121,-0.336184,0.489728,0.804453,0.0003,-0.02915,0.014749,0.95504,-0.637196,0.034809,-0.475685
3299,0.060531,0.030976,0.42452,-0.487191,0.619436,-0.615621,-0.803383,-0.59424,0.037774,-0.341829,0.512209,0.787922,-0.010149,-0.059636,0.043964,3.302386,-0.559911,-3.367704,-0.170544,-0.114606,0.017125,0.416693,0.59711,0.490407,0.634785,-0.612048,0.790028,-0.034437,-0.519114,-0.36858,0.771059,-0.008336,-0.024401,0.003356,-0.030058,-0.04401,0.10672,0.145395,0.021901,0.052862,-0.001086,-0.636434,-0.443041,0.6314,0.557866,-0.829692,-0.019864,0.532668,0.339595,0.775202,-0.004809,-0.007902,-0.003517,-0.003282,0.025738,-0.055931,0.012122,0.07647,0.046537,-0.050432,-0.543566,0.582541,-0.604301,-0.755076,-0.653809,0.048921,-0.3666,0.482885,0.795251,-0.005694,-0.034749,0.026886,-0.043579,-0.403447,1.02403,-0.393549
3300,0.060354,0.029849,0.42544,-0.487732,0.612453,-0.622144,-0.794945,-0.606081,0.026474,-0.360256,0.506718,0.78325,-0.009704,-0.065441,0.055842,0.218475,-0.383441,0.629813,-0.083131,-0.114776,0.016697,0.416651,0.596182,0.491135,0.635094,-0.612947,0.789315,-0.034824,-0.51912,-0.369142,0.770787,-0.007955,-0.026686,0.002204,-0.040232,0.038758,-0.10515,0.144873,0.021816,0.052651,-0.001106,-0.635684,-0.443713,0.631683,0.558708,-0.829119,-0.020151,0.532682,0.340117,0.774964,-0.004751,-0.008292,-0.003718,-0.003287,0.025672,-0.055976,0.012122,0.076376,0.045951,-0.049961,-0.546142,0.572991,-0.611071,-0.742756,-0.66854,0.036956,-0.387351,0.47406,0.790711,-0.004167,-0.027518,0.023148,1.10178,-0.467533,-0.36268,-0.336398
3301,0.060155,0.027831,0.427442,-0.486904,0.602015,-0.632888,-0.780832,-0.624686,0.006426,-0.390889,0.496556,0.775026,-0.004075,-0.044627,0.051556,-0.126628,-0.139722,0.492097,0.039031,-0.115011,0.015891,0.416549,0.595286,0.491843,0.635386,-0.613974,0.788509,-0.034967,-0.518932,-0.369921,0.770539,0.002442,-0.013851,-0.00693,-0.001287,0.010448,-0.026825,0.142699,0.021696,0.052231,-0.001159,-0.634784,-0.444529,0.632014,0.559852,-0.828343,-0.020312,0.532554,0.34094,0.77469,0.001228,-0.006962,-0.003478,-0.001251,0.01046,-0.026784,0.010163,0.076272,0.044926,-0.048963,-0.544559,0.562587,-0.622052,-0.727382,-0.686038,0.016311,-0.417576,0.461353,0.782804,-0.002142,-0.022506,0.025686,-0.117862,-0.124683,0.439525,-0.214909
3302,0.06035,0.02608,0.429461,-0.496093,0.582201,-0.644188,-0.758177,-0.652004,-0.00547,-0.422588,0.484968,0.765671,0.009282,-0.044285,0.051456,-0.00392,-0.473615,-0.161101,0.138442,-0.115089,0.015196,0.416434,0.5948,0.492251,0.635526,-0.61463,0.788,-0.034928,-0.518714,-0.370464,0.770426,0.002175,-0.01238,-0.006227,-0.001287,0.010434,-0.026831,0.142897,0.021657,0.051886,-0.001216,-0.634344,-0.444952,0.632158,0.560525,-0.827889,-0.020257,0.53237,0.34149,0.774574,-0.004948,-0.00736,-0.003291,0.005571,-0.046376,0.129118,0.009346,0.076367,0.044058,-0.047949,-0.552202,0.543412,-0.632277,-0.703175,-0.711009,0.003043,-0.447902,0.446282,0.774735,-0.00076,-0.015659,0.021754,0.704965,-0.810549,-0.985323,-0.088686
3303,0.060523,0.024543,0.431593,-0.501007,0.568418,-0.65264,-0.739673,-0.672701,-0.018152,-0.448733,0.472935,0.758286,-0.000983,-0.044016,0.066879,5.118287,-1.515795,-2.626812,0.228661,-0.115079,0.014599,0.41626,0.593674,0.494993,0.634448,-0.614993,0.787536,-0.038781,-0.519571,-0.367787,0.77113,0.002329,-0.013272,-0.00671,-0.002522,0.020697,-0.053731,0.145128,0.021662,0.051585,-0.001303,-0.633388,-0.447821,0.63109,0.560985,-0.827473,-0.024147,0.533024,0.338738,0.775332,0.001154,-0.006568,-0.00332,-0.00455,0.02527,-0.051845,0.010816,0.076457,0.043289,-0.046889,-0.554846,0.531285,-0.640219,-0.687332,-0.726309,-0.00705,-0.468742,0.436132,0.768159,0.006034,-0.018637,0.027503,-0.321202,-0.427097,0.21857,0.036721
3304,0.060558,0.023887,0.432753,-0.503085,0.56347,-0.655327,-0.73151,-0.681374,-0.024377,-0.45964,0.46641,0.755791,0.001312,-0.031364,0.058377,-0.142952,-0.064661,0.31663,0.269207,-0.115072,0.014344,0.416134,0.592167,0.495641,0.635349,-0.614739,0.787608,-0.041281,-0.521589,-0.366759,0.770257,0.00229,-0.013059,-0.006619,-0.001286,0.010424,-0.026835,0.145312,0.021665,0.051463,-0.001364,-0.631927,-0.448531,0.632049,0.560742,-0.827561,-0.026643,0.535011,0.33758,0.774468,0.00047,-0.001996,-0.008398,0.030447,0.017409,-0.029254,0.011469,0.076474,0.042945,-0.046284,-0.55758,0.523036,-0.644621,-0.674432,-0.738171,-0.015575,-0.483988,0.426069,0.764342,0.000775,-0.015305,0.029372,-0.14666,-0.040713,0.319734,0.103017
3305,0.060692,0.02284,0.435094,-0.517617,0.540342,-0.663438,-0.697835,-0.715222,-0.038144,-0.494479,0.44255,0.748109,0.004571,-0.016271,0.051018,3.527289,0.050875,-3.799715,0.32606,-0.115051,0.013797,0.415861,0.589178,0.496916,0.63713,-0.614187,0.787761,-0.046257,-0.525611,-0.364695,0.768501,0.002504,-0.014295,-0.007284,-0.001287,0.010426,-0.026834,0.145439,0.021675,0.051191,-0.001499,-0.629052,-0.449983,0.633883,0.560241,-0.827725,-0.031617,0.538908,0.335239,0.772781,0.001323,-0.007535,-0.00384,-0.004588,0.019586,-0.052031,0.012286,0.07654,0.042428,-0.045132,-0.567613,0.501905,-0.652614,-0.642679,-0.765556,-0.029793,-0.514566,0.40251,0.757104,0.001948,-0.012382,0.030821,-0.191874,-0.064124,0.124454,0.198216
3306,0.061096,0.02205,0.437176,-0.536538,0.515248,-0.66835,-0.662289,-0.747879,-0.044967,-0.522354,0.417869,0.743343,0.004495,-0.016453,0.050941,3.685751,-0.123275,-3.669819,0.355921,-0.114994,0.013147,0.415555,0.588324,0.499418,0.635962,-0.61418,0.787532,-0.050091,-0.526574,-0.36176,0.769228,0.003027,-0.017291,-0.008867,0.022985,-0.043988,0.117976,0.144853,0.021704,0.050863,-0.001654,-0.628367,-0.452679,0.632641,0.560317,-0.827513,-0.035585,0.539628,0.332119,0.773626,0.001535,-0.008748,-0.004487,0.012623,-0.029501,0.12722,0.012286,0.076745,0.042042,-0.044087,-0.585026,0.47567,-0.656872,-0.604864,-0.795453,-0.037315,-0.540261,0.375488,0.753076,0.008107,-0.009969,0.024405,0.408904,-0.716632,0.611663,0.260103
3307,0.061348,0.021695,0.438103,-0.540753,0.505156,-0.672642,-0.647876,-0.76008,-0.050058,-0.535884,0.408087,0.739135,0.004323,-0.016877,0.050743,0.419638,-0.443551,0.638391,0.369931,-0.114957,0.012773,0.415398,0.588173,0.499542,0.636005,-0.614338,0.787407,-0.050143,-0.52656,-0.361864,0.769189,0.00467,-0.028007,0.000439,-0.038185,0.023458,-0.075932,0.145498,0.02172,0.050687,-0.001732,-0.628253,-0.452668,0.632762,0.56043,-0.827439,-0.035501,0.539643,0.332316,0.773531,-0.004494,-0.01021,-0.004833,-0.006443,0.038259,-0.081237,0.012449,0.076872,0.041866,-0.043623,-0.591314,0.461293,-0.661479,-0.584992,-0.809956,-0.041895,-0.555095,0.362187,0.748791,0.007991,-0.010272,0.024253,1.719263,-1.349902,1.778931,0.280841
3308,0.062001,0.021081,0.439586,-0.559932,0.467541,-0.684051,-0.594073,-0.802003,-0.061957,-0.576889,0.371099,0.727675,0.014809,-0.016622,0.035706,2.705925,-1.706118,0.406955,0.370004,-0.114892,0.012022,0.415037,0.584651,0.501245,0.637909,-0.614167,0.787183,-0.055469,-0.530667,-0.35999,0.767244,-0.009024,-0.020442,-0.009745,-0.004619,0.036048,-0.082917,0.147449,0.021759,0.050306,-0.001911,-0.624863,-0.454578,0.634747,0.560348,-0.82725,-0.040817,0.54365,0.330175,0.77164,0.002312,-0.013853,0.000264,-0.039708,0.011381,-0.046813,0.013429,0.077203,0.04156,-0.042859,-0.607994,0.423722,-0.671417,-0.52862,-0.847018,-0.055857,-0.592371,0.320964,0.73897,0.007305,-0.008499,0.017747,2.640176,-1.881802,0.318006,0.305498
3309,0.062941,0.020625,0.440436,-0.580887,0.42535,-0.694041,-0.532631,-0.843336,-0.071131,-0.614849,0.327815,0.717305,0.026673,-0.012784,0.022347,0.018534,-0.141095,0.107323,0.361846,-0.114847,0.011283,0.414646,0.578928,0.50413,0.640848,-0.614104,0.786597,-0.063838,-0.536976,-0.357231,0.764137,0.003278,-0.018767,-0.0098,0.002151,0.023841,-0.057386,0.152691,0.021777,0.049934,-0.002106,-0.619337,-0.457844,0.637808,0.560441,-0.826728,-0.049249,0.549843,0.326952,0.768618,0.001631,-0.009306,-0.004857,0.009153,0.017126,-0.035019,0.018491,0.077661,0.041332,-0.042444,-0.624611,0.378648,-0.682997,-0.463723,-0.883537,-0.065744,-0.628348,0.275657,0.727455,0.013758,-0.001799,0.005985,0.308647,-0.092285,-0.081585,0.302069
3310,0.064037,0.020727,0.440796,-0.594477,0.390073,-0.703197,-0.487342,-0.870316,-0.070856,-0.638908,0.300085,0.708359,0.030395,0.011,0.00412,3.875082,0.278202,-3.832667,0.351399,-0.114864,0.010517,0.41421,0.577117,0.505505,0.641399,-0.615356,0.785505,-0.065215,-0.537491,-0.357694,0.763559,0.003364,-0.019299,-0.010156,-0.00258,0.020849,-0.053669,0.152382,0.021768,0.049551,-0.002325,-0.617677,-0.459305,0.638367,0.561783,-0.825738,-0.050543,0.550339,0.327405,0.76807,-0.004486,-0.010528,-0.005104,-0.004784,0.035979,-0.082789,0.021103,0.078203,0.041363,-0.042262,-0.633389,0.346078,-0.692132,-0.421782,-0.904279,-0.066171,-0.648781,0.250017,0.71873,0.014796,0.00097,0.007257,-0.009157,-0.035068,0.07222,0.289005
3311,0.064553,0.020994,0.440915,-0.601424,0.371111,-0.707539,-0.463065,-0.883548,-0.069888,-0.650339,0.285137,0.704119,0.031273,0.013445,0.00522,0.326762,-0.093171,-0.263895,0.350097,-0.114879,0.010118,0.413995,0.576106,0.506274,0.641701,-0.616072,0.784881,-0.065962,-0.537755,-0.357976,0.76324,0.003464,-0.019904,-0.010515,-0.002581,0.02085,-0.053669,0.152707,0.021762,0.049345,-0.002436,-0.616693,-0.460165,0.638699,0.562575,-0.825152,-0.051308,0.550634,0.327675,0.767743,0.00174,-0.009965,-0.005263,-0.002628,0.020849,-0.053638,0.021267,0.07846,0.041495,-0.042203,-0.640707,0.323268,-0.696413,-0.391608,-0.91778,-0.065741,-0.660406,0.2306,0.714623,0.009889,0.008761,0.003795,1.175055,0.057575,-1.096876,0.28427
3312,0.065505,0.021803,0.441195,-0.610451,0.350212,-0.710455,-0.439132,-0.896091,-0.064475,-0.658458,0.272183,0.701696,0.032759,0.017706,0.007078,0.002301,-0.053945,0.110008,0.36271,-0.114884,0.009332,0.413543,0.572542,0.508487,0.643139,-0.617156,0.783677,-0.070012,-0.540311,-0.357479,0.761667,-0.008928,-0.021712,-0.010672,-0.004629,0.03606,-0.082912,0.15685,0.021759,0.04895,-0.002662,-0.6133,-0.462602,0.640204,0.563788,-0.824061,-0.05536,0.553177,0.326987,0.766207,-0.004465,-0.01082,-0.005318,-0.005188,0.035746,-0.082496,0.024532,0.078928,0.041888,-0.042063,-0.648486,0.301559,-0.698947,-0.366267,-0.928521,-0.060783,-0.667318,0.216585,0.712584,0.010629,0.010822,0.004698,0.000414,-0.000539,0.088904,0.291618
3313,0.066567,0.022851,0.441447,-0.622373,0.340391,-0.704863,-0.437432,-0.897981,-0.047488,-0.648349,0.278345,0.708657,0.035836,0.033293,-0.000518,-0.005539,-0.042156,0.110386,0.365546,-0.114764,0.008531,0.413116,0.565482,0.512413,0.646262,-0.617913,0.782192,-0.079336,-0.546841,-0.355122,0.758101,0.00361,-0.020783,-0.011154,-0.003749,0.031363,-0.0806,0.156724,0.021817,0.048568,-0.002866,-0.606573,-0.466937,0.643458,0.564702,-0.822753,-0.064715,0.559625,0.324108,0.76274,0.001781,-0.010227,-0.00549,-0.009577,0.027826,-0.07604,0.026982,0.079456,0.042403,-0.041941,-0.659566,0.291101,-0.692987,-0.364254,-0.930255,-0.044083,-0.657488,0.223348,0.7196,0.018071,0.017043,-9.1e-05,-0.539253,0.326237,-0.364645,0.299946
3314,0.067209,0.023455,0.44158,-0.629925,0.335564,-0.700455,-0.439836,-0.897402,-0.034441,-0.639368,0.285967,0.713764,0.036968,0.03662,0.000879,-0.003605,-0.052037,0.137386,0.357667,-0.114692,0.008119,0.412917,0.560897,0.514937,0.648248,-0.618301,0.781243,-0.08542,-0.551106,-0.353556,0.75574,0.003595,-0.020696,-0.011152,-0.002573,0.02086,-0.053677,0.157019,0.021852,0.048361,-0.002966,-0.602193,-0.469747,0.645523,0.565229,-0.821889,-0.0708,0.563807,0.322234,0.760451,0.001821,-0.010449,-0.00563,-0.009616,0.016601,-0.048175,0.027145,0.079772,0.042703,-0.041875,-0.666756,0.285533,-0.688408,-0.366421,-0.929938,-0.030817,-0.648977,0.2317,0.724667,0.018128,0.01386,0.005669,-0.572519,0.348689,-0.405188,0.299456
3315,0.068725,0.024861,0.441867,-0.640933,0.339349,-0.688544,-0.467506,-0.883974,-0.000564,-0.608055,0.32111,0.726075,0.050942,0.040482,0.001758,-0.835624,0.214088,0.237434,0.294575,-0.114531,0.007303,0.412463,0.555085,0.518397,0.65049,-0.619452,0.779528,-0.092455,-0.555678,-0.352286,0.75298,0.003893,-0.022395,-0.012167,-0.003876,0.031281,-0.0805,0.154444,0.021934,0.047948,-0.003196,-0.596679,-0.47356,0.647853,0.566599,-0.820313,-0.077779,0.568276,0.320664,0.757783,0.001828,-0.010478,-0.005693,-0.004077,0.019994,-0.052568,0.026982,0.080537,0.043415,-0.041727,-0.67758,0.288492,-0.676503,-0.394242,-0.919001,0.002965,-0.620852,0.268715,0.736432,0.019453,0.017847,0.007266,-2.953388,1.121765,-0.156286,0.256021
3316,0.070332,0.02645,0.442329,-0.647763,0.362416,-0.670152,-0.516376,-0.855573,0.036355,-0.559388,0.369143,0.742189,0.028704,0.043561,0.01827,-1.961269,1.320895,-1.678878,0.163056,-0.114287,0.006516,0.41198,0.553749,0.519434,0.650801,-0.620326,0.778705,-0.093525,-0.556034,-0.35258,0.75258,0.003551,-0.020381,-0.011165,-0.002584,0.02086,-0.053665,0.152282,0.022055,0.047557,-0.003436,-0.595446,-0.474663,0.648181,0.567531,-0.819571,-0.078815,0.568641,0.320932,0.757396,0.008001,-0.009126,-0.005465,-0.000619,0.005644,-0.024419,0.024043,0.08135,0.044209,-0.041502,-0.684598,0.312679,-0.65845,-0.445508,-0.894451,0.038451,-0.576929,0.319669,0.75164,0.02011,0.02008,0.008088,-0.614573,0.369351,-0.409413,0.127348
3317,0.071751,0.028124,0.443113,-0.675424,0.372066,-0.636721,-0.53907,-0.83825,0.081925,-0.502416,0.398104,0.767541,0.030009,0.047923,0.01966,-1.734916,1.928215,-1.922591,-0.024365,-0.114023,0.005902,0.411483,0.553414,0.519682,0.650888,-0.620363,0.778616,-0.094025,-0.556327,-0.352412,0.752442,0.015663,-0.016168,-0.00986,-0.00054,0.005673,-0.024412,0.148862,0.022184,0.047239,-0.00369,-0.595078,-0.474975,0.648289,0.567619,-0.819457,-0.079353,0.568937,0.32076,0.757246,0.000831,-0.004051,-0.00984,0.033016,0.018194,-0.031451,0.021267,0.08206,0.045048,-0.041109,-0.71164,0.319207,-0.625838,-0.469092,-0.879043,0.085051,-0.52299,0.354101,0.775301,0.020443,0.018007,0.014106,0.080861,0.985038,-0.09306,-0.105831
3318,0.072383,0.028925,0.443658,-0.690709,0.372615,-0.619777,-0.5414,-0.834598,0.101509,-0.478587,0.405192,0.778974,0.029559,0.040068,0.030313,-0.100386,1.092024,-0.590572,-0.12005,-0.113881,0.005647,0.411243,0.553447,0.519651,0.650885,-0.620219,0.778714,-0.094159,-0.556455,-0.35224,0.752428,0.002794,-0.015959,-0.008835,-0.001292,0.010445,-0.026826,0.146594,0.022262,0.047103,-0.003815,-0.595095,-0.474957,0.648287,0.567483,-0.819537,-0.079499,0.569054,0.320583,0.757233,0.001387,-0.007872,-0.004361,-0.00131,0.010452,-0.026842,0.019307,0.082388,0.045469,-0.040828,-0.728219,0.31703,-0.607608,-0.470917,-0.875598,0.107536,-0.497929,0.364442,0.786923,0.014839,0.020219,0.01522,-0.13559,1.003332,-0.606684,-0.204132
3319,0.073571,0.030542,0.444817,-0.697389,0.40863,-0.588825,-0.576681,-0.807736,0.122369,-0.42475,0.42439,0.799692,0.040944,0.037576,0.028093,-0.759915,1.334987,0.653607,-0.348549,-0.113596,0.00514,0.41081,0.553416,0.519677,0.65089,-0.620063,0.778805,-0.094424,-0.556659,-0.351998,0.75239,0.002653,-0.015097,-0.00841,-0.001292,0.010453,-0.026823,0.142043,0.022403,0.046857,-0.004027,-0.595082,-0.474971,0.648289,0.567313,-0.81963,-0.079753,0.569238,0.320324,0.757205,0.001391,-0.007882,-0.004395,-0.002595,0.020915,-0.05366,0.014735,0.082969,0.046267,-0.040257,-0.737095,0.351236,-0.577341,-0.506986,-0.85228,0.128771,-0.446828,0.387621,0.806284,0.014835,0.020614,0.015105,-3.285866,1.318163,3.568347,-0.368076
3320,0.075165,0.032063,0.445955,-0.669675,0.492727,-0.555698,-0.658929,-0.739339,0.138425,-0.341816,0.458249,0.820485,0.052007,0.03483,0.025769,-3.97488,1.844756,5.305036,-0.768663,-0.11344,0.004537,0.410389,0.548994,0.52204,0.652741,-0.62008,0.778027,-0.100539,-0.561002,-0.35022,0.74999,0.003057,-0.017376,-0.009743,0.173309,0.129382,-0.192234,0.129334,0.022479,0.046569,-0.00423,-0.591394,-0.477291,0.649958,0.567488,-0.818977,-0.085053,0.572896,0.318544,0.755195,0.000722,-0.003454,-0.009589,1.989191,1.212061,-1.541648,0.004448,0.083743,0.04702,-0.0397,-0.720409,0.431204,-0.543206,-0.586366,-0.79696,0.145011,-0.370384,0.422985,0.826981,0.020486,0.019383,0.014003,-0.96224,1.357319,1.307254,-0.594233
3321,0.076038,0.032604,0.446585,-0.629459,0.56315,-0.535432,-0.722915,-0.677064,0.137654,-0.284225,0.473016,0.833966,0.039154,0.027212,0.037233,-2.992647,2.068003,4.687394,-1.024469,-0.113403,0.004216,0.41021,0.546498,0.523439,0.653714,-0.620319,0.777418,-0.103735,-0.563171,-0.349486,0.748707,0.003002,-0.01707,-0.009601,-0.001161,0.021794,-0.054766,0.123928,0.022499,0.0464,-0.004324,-0.588434,-0.479179,0.651254,0.567758,-0.818355,-0.089137,0.57567,0.317304,0.753606,0.001469,-0.008318,-0.004679,-0.002805,0.009614,-0.025649,-0.003064,0.084205,0.047308,-0.039374,-0.683828,0.508112,-0.523641,-0.659798,-0.73703,0.146464,-0.311519,0.445654,0.839254,0.025171,0.011871,0.017556,-0.683813,1.874712,1.50609,-0.741195
3322,0.077129,0.033327,0.448369,-0.562201,0.668104,-0.487454,-0.803709,-0.580284,0.131505,-0.19431,0.46487,0.863809,0.013877,0.019169,0.04912,-2.367905,2.066351,4.571541,-1.603186,-0.113293,0.003534,0.409861,0.543223,0.525443,0.654836,-0.621123,0.776269,-0.10745,-0.565446,-0.349032,0.747201,0.003035,-0.017254,-0.009768,-0.002585,0.020912,-0.053644,0.119324,0.022554,0.04606,-0.004499,-0.585358,-0.481364,0.652414,0.56869,-0.817302,-0.092783,0.577881,0.316711,0.752161,0.00147,-0.008325,-0.004714,-0.003425,0.020433,-0.053035,-0.013841,0.084767,0.047683,-0.038467,-0.622588,0.621942,-0.474943,-0.751616,-0.644204,0.141678,-0.217845,0.445182,0.868536,0.006846,0.009349,0.02443,-2.334109,2.124413,4.574662,-0.889463
3323,0.077519,0.033763,0.450574,-0.581087,0.684771,-0.439853,-0.795704,-0.591495,0.130229,-0.170278,0.424813,0.889138,0.012357,0.007886,0.058452,0.344335,1.31696,-0.602087,-1.907508,-0.113166,0.002925,0.409513,0.542008,0.526371,0.655097,-0.621947,0.775484,-0.108346,-0.565705,-0.34938,0.746843,0.002603,-0.014788,-0.008422,-0.001292,0.010456,-0.026822,0.111087,0.022618,0.04575,-0.004675,-0.584201,-0.48238,0.652699,0.56959,-0.816572,-0.093677,0.578165,0.317045,0.751802,0.001364,-0.007722,-0.0044,-0.002635,0.020913,-0.053649,-0.021026,0.084952,0.047891,-0.037411,-0.639819,0.637569,-0.429111,-0.744546,-0.652621,0.140485,-0.190478,0.409378,0.892259,0.006255,0.004254,0.029339,0.141588,0.875587,-0.526277,-0.853865
3324,0.07776,0.033836,0.451796,-0.593942,0.683993,-0.423594,-0.787916,-0.600937,0.134295,-0.161964,0.412666,0.896382,0.011902,-0.000373,0.06912,0.015989,0.799727,-0.782342,-1.910502,-0.113113,0.002629,0.409321,0.541453,0.526785,0.655223,-0.622289,0.775148,-0.108789,-0.56586,-0.349504,0.746668,0.002876,-0.016336,-0.009332,-0.002585,0.020915,-0.053643,0.098696,0.022644,0.045607,-0.004769,-0.583693,-0.482816,0.652832,0.569948,-0.816273,-0.094106,0.578326,0.317152,0.751633,0.001373,-0.00777,-0.00444,-0.00261,0.02092,-0.053665,-0.03017,0.085076,0.047932,-0.036782,-0.652768,0.636712,-0.410475,-0.735768,-0.661878,0.143393,-0.180385,0.395617,0.900526,0.006316,0.004472,0.029358,0.088782,0.759142,-0.567174,-0.868072
3325,0.0781,0.033369,0.454687,-0.611733,0.681347,-0.401988,-0.775868,-0.615894,0.136655,-0.153717,0.394636,0.905904,0.007327,-0.027686,0.086709,1.959099,-0.879265,0.635728,-1.908383,-0.113016,0.002029,0.408921,0.53925,0.527941,0.656109,-0.622215,0.774771,-0.111856,-0.568041,-0.348594,0.745436,0.002927,-0.016626,-0.009556,0.173592,0.128429,-0.192619,0.074806,0.022692,0.045307,-0.004969,-0.581695,-0.484047,0.653703,0.569956,-0.815929,-0.096998,0.580328,0.316158,0.750508,0.001424,-0.008068,-0.004639,0.648773,0.407178,-0.5395,-0.060052,0.085252,0.04772,-0.035339,-0.67131,0.631447,-0.388092,-0.721812,-0.675891,0.148856,-0.168313,0.380058,0.909519,-0.001713,-0.008096,0.03892,0.135358,0.864424,-0.434129,-0.877379
3326,0.078151,0.03216,0.458069,-0.603123,0.687308,-0.40484,-0.780346,-0.613552,0.120769,-0.164641,0.387896,0.906894,0.005418,-0.040381,0.096127,-0.032785,0.144871,-0.105915,-1.908684,-0.112895,0.001405,0.408536,0.537032,0.529122,0.656977,-0.62219,0.774348,-0.114881,-0.570166,-0.347742,0.744211,0.002995,-0.017,-0.009833,-0.002159,0.021186,-0.053977,0.048272,0.022752,0.044995,-0.005161,-0.57942,-0.485452,0.654681,0.569974,-0.815521,-0.100267,0.582582,0.315055,0.749224,0.001451,-0.008199,-0.004743,-0.006318,0.018702,-0.050715,-0.089118,0.085277,0.047115,-0.033654,-0.662411,0.638605,-0.391655,-0.726948,-0.674252,0.13011,-0.180986,0.370899,0.910865,-0.002766,-0.014725,0.04351,0.449108,-0.171506,-0.054325,-0.868398
3327,0.078456,0.030679,0.461431,-0.591686,0.704388,-0.392163,-0.79271,-0.59687,0.12381,-0.14613,0.383248,0.912027,0.014708,-0.041932,0.08117,-0.115782,0.35774,-0.16014,-1.908798,-0.112786,0.000854,0.408123,0.532602,0.531459,0.658694,-0.622035,0.773542,-0.120988,-0.574473,-0.345968,0.741721,0.002738,-0.015537,-0.00904,-0.001161,0.021805,-0.054761,0.002278,0.022807,0.044717,-0.005369,-0.575171,-0.488071,0.656478,0.569949,-0.814762,-0.106392,0.5868,0.312965,0.746804,0.000587,-0.002608,-0.009259,0.03335,0.007273,-0.003828,-0.138595,0.085428,0.046381,-0.031965,-0.652235,0.656301,-0.379284,-0.740469,-0.658678,0.13359,-0.162151,0.367981,0.915585,0.001893,-0.015446,0.036023,-0.037417,0.345342,0.031898,-0.865459
3328,0.078638,0.02989,0.462959,-0.592404,0.708248,-0.384041,-0.793106,-0.596447,0.123308,-0.140997,0.376749,0.915536,0.003005,-0.033526,0.07123,0.180979,0.677782,0.077291,-1.908337,-0.112722,0.000607,0.407908,0.53193,0.531949,0.658841,-0.622382,0.773169,-0.12159,-0.574719,-0.34605,0.741492,0.002712,-0.015381,-0.008975,-0.00259,0.020944,-0.053631,-0.019414,0.02284,0.044594,-0.005476,-0.574574,-0.488582,0.65662,0.570334,-0.814422,-0.10693,0.587011,0.313054,0.746602,0.001288,-0.007271,-0.004244,-0.002145,0.009985,-0.026184,-0.166028,0.085523,0.045983,-0.031197,-0.653317,0.658991,-0.372702,-0.740685,-0.658257,0.134469,-0.15672,0.363906,0.918155,0.006853,-0.022332,0.040153,-0.202163,0.143009,-0.011654,-0.866439
3329,0.078721,0.028413,0.466047,-0.586632,0.715085,-0.380213,-0.79621,-0.595066,0.109166,-0.147466,0.365877,0.91892,-0.007008,-0.027257,0.074445,0.623768,-0.12389,0.498825,-1.908453,-0.112658,0.000154,0.407447,0.529028,0.533581,0.659857,-0.622518,0.772456,-0.125366,-0.577244,-0.345129,0.739959,0.002703,-0.015332,-0.008996,-0.002594,0.020968,-0.053622,-0.078742,0.022871,0.044369,-0.005706,-0.571805,-0.490395,0.657685,0.570567,-0.813754,-0.110704,0.589483,0.311953,0.745113,0.001291,-0.007281,-0.004272,-0.001573,0.010346,-0.026629,-0.22073,0.085563,0.045228,-0.029659,-0.64847,0.666914,-0.36703,-0.743953,-0.657384,0.119916,-0.161307,0.350815,0.922446,0.001747,-0.019491,0.041681,2.042562,-1.069944,1.048977,-0.866929
3330,0.078959,0.02734,0.469008,-0.584439,0.719792,-0.374666,-0.798372,-0.592603,0.106749,-0.14447,0.360613,0.921474,0.017135,-0.027896,0.072669,-0.137834,0.167035,0.00931,-1.908467,-0.112564,-0.000421,0.407004,0.526249,0.535149,0.660809,-0.622691,0.771732,-0.128912,-0.579592,-0.34432,0.738499,0.003036,-0.017213,-0.010162,-0.002597,0.02098,-0.053617,-0.133616,0.022918,0.044084,-0.005926,-0.569138,-0.492145,0.658691,0.570831,-0.813076,-0.114271,0.591805,0.310966,0.743685,0.001505,-0.008497,-0.005015,-0.003074,0.009452,-0.025441,-0.276249,0.085669,0.044692,-0.028204,-0.646219,0.672054,-0.361583,-0.746483,-0.655135,0.116444,-0.158629,0.345165,0.925038,0.008583,-0.01378,0.036386,-0.130101,0.181735,0.012489,-0.866929
3331,0.07919,0.027044,0.470187,-0.578836,0.72671,-0.36998,-0.803352,-0.586041,0.105611,-0.139361,0.357448,0.923491,0.00707,-0.014608,0.064245,0.044344,0.338683,0.277962,-1.908392,-0.112516,-0.000746,0.406766,0.523822,0.536468,0.661667,-0.622703,0.771181,-0.132111,-0.581772,-0.343502,0.737164,0.003198,-0.018135,-0.010743,-0.002597,0.020986,-0.053615,-0.167243,0.022943,0.043915,-0.006049,-0.566773,-0.493651,0.659604,0.570942,-0.812535,-0.117516,0.593963,0.309991,0.742369,0.001618,-0.009136,-0.005413,-0.00586,0.019075,-0.051068,-0.305968,0.085794,0.044529,-0.027563,-0.641164,0.679005,-0.357575,-0.751978,-0.648859,0.116236,-0.153091,0.343415,0.926622,0.003567,-0.007079,0.032195,0.095877,0.412116,0.288258,-0.867255
3332,0.079546,0.026985,0.472136,-0.576558,0.730937,-0.365179,-0.805735,-0.582782,0.10549,-0.135002,0.354146,0.925409,0.009708,0.014566,0.032551,-0.054653,0.020653,0.052573,-1.908388,-0.112386,-0.001419,0.406295,0.521613,0.54001,0.66053,-0.623219,0.769893,-0.137096,-0.583202,-0.340831,0.737274,0.003308,-0.018748,-0.011184,-0.002232,0.019696,-0.054138,-0.230798,0.023007,0.043585,-0.006281,-0.564888,-0.497384,0.658414,0.571592,-0.81134,-0.12251,0.595132,0.30714,0.742618,0.001648,-0.009301,-0.005549,-0.006696,0.032204,-0.048214,-0.367528,0.08597,0.044497,-0.02659,-0.639133,0.683795,-0.35204,-0.754657,-0.645857,0.115591,-0.148327,0.339548,0.928819,0.004892,0.007495,0.016341,-0.08237,-0.020377,0.045335,-0.868725
3333,0.079868,0.027527,0.473606,-0.575717,0.734096,-0.360135,-0.806861,-0.581376,0.10464,-0.131848,0.349906,0.927475,0.010689,0.01754,0.033376,-0.039274,0.044261,0.057644,-1.90838,-0.112278,-0.002139,0.405853,0.521669,0.544717,0.656609,-0.624544,0.768136,-0.14087,-0.581731,-0.337287,0.74006,0.00334,-0.018931,-0.011372,0.012814,-0.033938,-0.075889,-0.289733,0.023061,0.043224,-0.006502,-0.565297,-0.502254,0.654354,0.573099,-0.809682,-0.126377,0.593292,0.303569,0.745552,0.001663,-0.009396,-0.005644,0.006613,-0.011578,-0.066611,-0.428925,0.086132,0.04477,-0.025854,-0.638496,0.686935,-0.347047,-0.755873,-0.644573,0.114805,-0.144834,0.335626,0.930794,0.005383,0.008962,0.016747,-0.06156,0.011305,0.052126,-0.868398
3334,0.080141,0.02861,0.474761,-0.575942,0.734872,-0.35819,-0.807418,-0.579925,0.108327,-0.127407,0.350681,0.927802,0.002093,0.034895,0.025932,-0.025901,-0.000414,0.064492,-1.90849,-0.112232,-0.002953,0.405347,0.511633,0.558735,0.652716,-0.639521,0.75497,-0.1448,-0.574305,-0.344051,0.742742,0.003836,-0.021767,-0.013178,0.002349,0.003179,-0.060835,-0.355967,0.023082,0.042826,-0.006744,-0.556215,-0.516971,0.650665,0.589,-0.797576,-0.130194,0.586261,0.310826,0.74812,-0.004565,-0.011531,-0.006438,-0.008749,0.051617,-0.075906,-0.487547,0.086266,0.045295,-0.025287,-0.638795,0.687501,-0.345371,-0.756436,-0.643198,0.118739,-0.140509,0.337101,0.930923,0.006317,0.011747,0.017543,-0.059481,-0.002067,0.0771,-0.867255
3335,0.080243,0.029259,0.475302,-0.576455,0.73421,-0.35872,-0.807558,-0.578886,0.112746,-0.124168,0.353764,0.92707,0.013539,0.033199,0.024332,-0.052665,-0.057721,0.084963,-1.908373,-0.112253,-0.003393,0.405076,0.504461,0.567395,0.650825,-0.649332,0.74612,-0.146994,-0.569606,-0.349169,0.743971,0.002665,-0.013768,-0.024095,-0.2871,0.078421,-0.406693,-0.407435,0.023073,0.042599,-0.006883,-0.549832,-0.525847,0.648975,0.599037,-0.789706,-0.132355,0.582098,0.315987,0.749208,0.00214,-0.012067,-0.007337,-1.109226,0.374627,-1.502424,-0.526083,0.086313,0.045621,-0.025016,-0.639272,0.686675,-0.346133,-0.756577,-0.642161,0.123369,-0.137559,0.340742,0.930038,0.001303,0.018228,0.013143,-0.057368,0.025276,-0.133952,-0.864969
3336,0.080392,0.030682,0.476318,-0.576281,0.735172,-0.357026,-0.808257,-0.577339,0.115639,-0.1204,0.354291,0.927366,0.00258,0.043208,0.014424,-0.009734,0.00443,0.045464,-1.907958,-0.112316,-0.004504,0.404431,0.497632,0.575332,0.649113,-0.650259,0.742713,-0.159606,-0.574531,-0.343397,0.74287,0.005048,-0.028799,-0.017684,-0.001327,0.022145,-0.084242,-0.532828,0.023043,0.042065,-0.007199,-0.543302,-0.534456,0.64744,0.600661,-0.786246,-0.144991,0.586539,0.310118,0.748196,0.002544,-0.014474,-0.008881,-0.015841,0.050184,-0.065791,-0.639897,0.086393,0.046323,-0.024511,-0.63919,0.687711,-0.344221,-0.757311,-0.640764,0.126096,-0.133847,0.341282,0.930382,0.001303,0.01814,0.012965,-0.225494,0.151624,-0.031545,-0.866112
3337,0.080577,0.032081,0.477197,-0.581141,0.735495,-0.348378,-0.806847,-0.5766,0.128459,-0.105677,0.354822,0.928957,0.00242,0.035479,0.025384,-0.060912,0.064768,-0.134385,-1.908336,-0.112174,-0.005785,0.40386,0.490743,0.587474,0.643456,-0.65112,0.737997,-0.177023,-0.579457,-0.332841,0.743848,0.006808,-0.040227,-0.009124,0.096891,-0.477182,-0.309422,-0.627612,0.023114,0.041398,-0.0075,-0.536526,-0.546205,0.643272,0.60204,-0.781904,-0.161782,0.591343,0.300475,0.748349,0.003441,-0.020294,-0.004676,0.134626,-0.654205,-0.379466,-0.746689,0.086487,0.047052,-0.024057,-0.643894,0.687667,-0.33543,-0.755791,-0.639894,0.13897,-0.119075,0.342997,0.931757,0.001189,0.017715,0.012683,-0.052054,0.058132,-0.13061,-0.866765
3338,0.080653,0.03275,0.477691,-0.581002,0.735713,-0.348149,-0.807035,-0.576221,0.128976,-0.105005,0.354985,0.928971,0.001677,0.026095,0.035991,-0.063836,0.023089,0.020383,-1.908352,-0.112058,-0.006514,0.403573,0.485925,0.592233,0.642751,-0.651768,0.735518,-0.184789,-0.582778,-0.329883,0.74257,0.007073,-0.041736,-0.01018,-0.004929,-0.075565,-0.151671,-0.677891,0.023169,0.041049,-0.00764,-0.532658,-0.55227,0.641304,0.602981,-0.779358,-0.170331,0.593875,0.295967,0.748141,0.002915,-0.016598,-0.010364,0.031667,-0.058579,-0.124715,-0.796003,0.086526,0.047389,-0.023809,-0.643737,0.687894,-0.335265,-0.756012,-0.63954,0.139404,-0.118521,0.343204,0.931753,0.000829,0.013058,0.017998,-0.062323,0.021975,0.020769,-0.867745
3339,0.080677,0.03374,0.478847,-0.580158,0.736581,-0.347721,-0.807885,-0.574725,0.130324,-0.103135,0.355608,0.928942,-0.001063,0.017774,0.033307,-0.063772,0.023241,0.020437,-1.908422,-0.111744,-0.008304,0.40308,0.480869,0.606217,0.633448,-0.65559,0.728333,-0.199164,-0.582677,-0.32028,0.746841,0.007948,-0.046695,-0.013589,0.055207,-0.294631,-0.47984,-0.770598,0.023322,0.040176,-0.007878,-0.528111,-0.565484,0.633502,0.607211,-0.772988,-0.183801,0.593627,0.287602,0.751592,0.00465,-0.027867,-0.001668,0.104824,-0.697912,-0.452819,-0.836335,0.086542,0.047888,-0.023241,-0.642967,0.688806,-0.334871,-0.756939,-0.638154,0.140718,-0.116772,0.343954,0.931697,-0.000526,0.012497,0.010949,-0.028204,0.007664,0.036786,-0.865296
3340,0.080642,0.03434,0.479928,-0.578181,0.738097,-0.347799,-0.809513,-0.572228,0.131203,-0.101467,0.356486,0.928789,0.00692,-0.00071,0.04033,-0.082063,-0.019776,0.196991,-1.908388,-0.111349,-0.010346,0.402746,0.47411,0.618677,0.626459,-0.658634,0.721405,-0.2138,-0.584773,-0.312029,0.748693,0.009695,-0.057957,-0.005084,0.03756,-0.155468,-0.2832,-0.806176,0.023522,0.039139,-0.008055,-0.522485,-0.579488,0.625461,0.611121,-0.766051,-0.199238,0.594592,0.278134,0.754388,0.004875,-0.029125,-0.002638,0.189648,-0.106335,-0.392872,-0.845316,0.086522,0.048195,-0.022703,-0.641227,0.6904,-0.334925,-0.758658,-0.6359,0.141664,-0.115174,0.344933,0.931534,-0.00178,0.005157,0.01551,-0.066378,0.030818,-0.007364,-0.865459
3341,0.080639,0.034311,0.481235,-0.571747,0.744218,-0.345384,-0.81468,-0.564779,0.131502,-0.096494,0.355635,0.929645,0.003404,-0.011173,0.037297,-0.030911,0.152963,0.000995,-1.90836,-0.11084,-0.012675,0.402643,0.469307,0.63022,0.618518,-0.662629,0.714339,-0.224893,-0.584128,-0.305106,0.752043,0.024149,-0.064427,0.005309,-0.089629,-0.050365,-0.178308,-0.808871,0.023773,0.037972,-0.008114,-0.518513,-0.591648,0.61733,0.615712,-0.759314,-0.210571,0.593332,0.270914,0.757998,0.004782,-0.028547,-0.002437,-0.073078,0.019682,-0.154941,-0.848092,0.086524,0.04819,-0.022046,-0.635164,0.697062,-0.332668,-0.764475,-0.628813,0.142019,-0.11019,0.344523,0.932288,0.001768,-0.001779,0.012992,0.026095,0.170385,0.023201,-0.865296
3342,0.080612,0.034126,0.481837,-0.569098,0.744818,-0.348451,-0.816041,-0.563667,0.127781,-0.100535,0.356141,0.929022,-0.008473,-0.004457,0.026736,-0.048472,-0.010898,0.157035,-1.908188,-0.110625,-0.013845,0.402641,0.466852,0.635985,0.614462,-0.664706,0.710663,-0.230343,-0.583731,-0.301709,0.75372,0.009085,-0.05434,-0.003226,-0.048712,-0.070145,-0.197826,-0.808182,0.023883,0.037399,-0.008113,-0.516385,-0.597346,0.613615,0.618014,-0.75596,-0.21583,0.592794,0.267771,0.759534,0.005265,-0.031977,0.003339,-0.08427,-0.078378,-0.219921,-0.839112,0.086514,0.048093,-0.021742,-0.632669,0.697911,-0.335631,-0.765947,-0.627864,0.13824,-0.114251,0.344536,0.931794,0.000675,-0.008592,0.017793,-0.116787,0.03078,-0.025502,-0.862683
3343,0.080451,0.033563,0.483011,-0.565794,0.744334,-0.354806,-0.817049,-0.564016,0.119536,-0.110444,0.356598,0.927721,-0.011072,-0.019283,0.03604,-0.107528,0.060826,-0.079221,-1.907962,-0.110299,-0.015811,0.402696,0.461397,0.639596,0.614834,-0.668013,0.706524,-0.233487,-0.584286,-0.3038,0.752448,0.006249,-0.036834,-0.008147,-0.038086,0.022815,-0.07618,-0.801736,0.024052,0.036381,-0.00809,-0.510969,-0.601144,0.61444,0.621703,-0.752073,-0.21879,0.593628,0.270205,0.758019,0.0039,-0.023538,0.000668,-0.07687,0.03853,-0.123752,-0.838785,0.086434,0.047823,-0.021172,-0.629279,0.697757,-0.34226,-0.767168,-0.628151,0.129921,-0.124338,0.344327,0.930579,-1.6e-05,-0.007097,0.011485,-0.096045,0.084418,-0.227433,-0.864806
3344,0.080392,0.032763,0.484133,-0.565969,0.745216,-0.352672,-0.817073,-0.564045,0.119232,-0.109371,0.35471,0.928572,-0.001162,-0.017668,0.022012,-0.069364,0.03222,-0.032556,-1.908281,-0.110019,-0.017381,0.402761,0.458197,0.641635,0.615103,-0.669727,0.704222,-0.235524,-0.584839,-0.30485,0.751594,0.00525,-0.031155,-0.004502,-0.037595,0.022891,-0.076549,-0.799393,0.024192,0.035595,-0.008058,-0.507866,-0.603397,0.614803,0.623594,-0.7499,-0.220861,0.594309,0.27122,0.757124,0.003315,-0.020206,0.002824,-0.077841,0.023388,-0.096209,-0.839765,0.086398,0.047402,-0.020586,-0.629579,0.698633,-0.339911,-0.767152,-0.628211,0.129718,-0.122911,0.342432,0.931467,-0.000697,-0.00912,0.010927,-0.083744,0.022053,-0.036601,-0.864316
