frame,MLTx,MLTy,MLTz,MLTR1,MLTR2,MLTR3,MLTR4,MLTR5,MLTR6,MLTR7,MLTR8,MLTR9,MLTTVx,MLTTVy,MLTTVz,MLTRVx,MLTRVy,MLTRVz,MLGA,MRTx,MRTy,MRTz,MRTR1,MRTR2,MRTR3,MRTR4,MRTR5,MRTR6,MRTR7,MRTR8,MRTR9,MRTTVx,MRTTVy,MRTTVz,MRTRVx,MRTRVy,MRTRVz,MRGA,SLTx,SLTy,SLTz,SLTR1,SLTR2,SLTR3,SLTR4,SLTR5,SLTR6,SLTR7,SLTR8,SLTR9,SLTTVx,SLTTVy,SLTTVz,SLTRVx,SLTRVy,SLTRVz,SLGA,SRTx,SRTy,SRTz,SRTR1,SRTR2,SRTR3,SRTR4,SRTR5,SRTR6,SRTR7,SRTR8,SRTR9,SRTTVx,SRTTVy,SRTTVz,SRTRVx,SRTRVy,SRTRVz,SRGA
1,0.112738,-0.010795,0.356708,-0.280895,-0.240505,-0.92914,-0.43105,-0.833351,0.345968,-0.857164,0.497981,0.131574,-0.017103,-0.003741,-0.021085,0.006004,-0.060785,-0.107607,0.244573,-0.175507,0.018272,0.357356,0.511109,0.799136,0.316448,-0.77306,0.588382,-0.236893,-0.376124,-0.124574,0.918082,0.013933,0.013428,0.024233,-0.038034,0.069674,-0.111978,0.533261,0.030399,0.027451,-0.007367,-0.495112,-0.824083,0.275228,0.787205,-0.559544,-0.259263,0.367656,0.088297,0.92576,0.000867,0.000644,0.016401,-0.069487,0.085533,-0.134845,0.522405,0.067599,0.020869,-0.068916,-0.288064,-0.204491,-0.935521,-0.417145,-0.852575,0.314807,-0.861979,0.480933,0.160294,-0.001839,-0.007976,-0.006654,-0.024018,-0.05053,-0.090464,0.139921
2,0.11222,-0.011061,0.356026,-0.273714,-0.241837,-0.930936,-0.427177,-0.836616,0.342877,-0.861422,0.491822,0.126848,-0.016731,-0.001964,-0.019673,-0.003063,-0.343485,0.677819,0.245239,-0.175263,0.018703,0.358149,0.504862,0.802188,0.318745,-0.774372,0.584101,-0.243119,-0.38182,-0.125108,0.915655,0.013052,0.019373,0.012271,0.100779,-0.076549,-0.178677,0.532828,0.030526,0.027658,-0.006971,-0.488802,-0.827065,0.277552,0.788476,-0.554977,-0.265151,0.373332,0.089237,0.923395,0.006508,0.009287,0.005857,0.11255,-0.104929,-0.190498,0.522242,0.067332,0.020732,-0.069267,-0.281183,-0.205645,-0.937361,-0.41313,-0.855684,0.311653,-0.866175,0.474884,0.155646,-0.008329,-0.000883,-0.009746,0.00048,-0.369689,0.763529,0.138615
3,0.111976,-0.011196,0.355736,-0.272391,-0.243611,-0.930861,-0.421875,-0.839242,0.343027,-0.86445,0.486443,0.12699,-0.002637,-0.003134,-0.02046,0.033596,0.010814,-0.034138,0.243477,-0.175043,0.019,0.358431,0.502965,0.804079,0.316976,-0.775405,0.581843,-0.245231,-0.382226,-0.123467,0.915708,0.013825,0.008028,0.020393,0.011606,-0.007705,-0.157016,0.532048,0.030631,0.027798,-0.006841,-0.486925,-0.828936,0.275261,0.789436,-0.552521,-0.267413,0.373756,0.087091,0.923428,0.006497,0.009136,0.005733,0.041437,-0.011679,-0.136213,0.522569,0.067211,0.020665,-0.069405,-0.279732,-0.207174,-0.937458,-0.407869,-0.858301,0.311386,-0.869133,0.469465,0.155594,-0.008449,-0.005396,-0.004653,-0.002158,0.031693,-0.055243,0.137145
4,0.111496,-0.011379,0.355321,-0.272414,-0.243752,-0.930817,-0.421415,-0.839443,0.343099,-0.864667,0.486024,0.127117,-0.015867,-0.006185,-0.005472,-0.00175,0.028019,-0.055106,0.241403,-0.17444,0.019652,0.358828,0.496391,0.809981,0.312279,-0.77616,0.575277,-0.258003,-0.389227,-0.115341,0.913817,0.012938,0.014528,0.008874,0.116597,-0.110725,-0.196654,0.532376,0.030923,0.028117,-0.00664,-0.480402,-0.834291,0.270502,0.790002,-0.545586,-0.279697,0.380931,0.079331,0.921193,0.00646,0.00687,0.004158,0.164689,-0.173671,-0.266742,0.522405,0.066975,0.020569,-0.069622,-0.279772,-0.207285,-0.937422,-0.40742,-0.858499,0.311428,-0.86933,0.469053,0.155732,-0.000895,-0.003814,-0.003217,-0.001709,0.013674,-0.025388,0.13241
5,0.111026,-0.011437,0.355145,-0.272841,-0.244111,-0.930598,-0.421078,-0.839412,0.34359,-0.864696,0.4859,0.127397,-0.014757,-0.001431,-0.001462,-0.001749,0.028025,-0.055103,0.245994,-0.173602,0.020012,0.35896,0.485793,0.8182,0.307482,-0.777476,0.565293,-0.275515,-0.399833,-0.106259,0.910333,0.01287,0.0048,0.002275,2.318276,1.551252,-0.475143,0.532205,0.031341,0.028311,-0.006565,-0.470559,-0.841936,0.264039,0.791991,-0.534931,-0.294273,0.389002,0.070644,0.918523,0.012861,0.00202,0.000383,0.252801,-0.296397,-0.335898,0.522569,0.06674,0.020539,-0.069711,-0.280199,-0.207649,-0.937213,-0.407107,-0.85847,0.311916,-0.86934,0.468944,0.156007,-0.00726,-0.000238,-0.000318,-0.001638,0.014924,-0.029438,0.133063
6,0.110863,-0.011424,0.355113,-0.268909,-0.244858,-0.931546,-0.422175,-0.839334,0.342432,-0.865397,0.485659,0.123494,-0.000498,-0.002091,-0.001772,-0.022073,-0.129132,0.180635,0.247137,-0.173174,0.020108,0.358885,0.484687,0.818671,0.307973,-0.775712,0.565065,-0.280901,-0.404578,-0.103793,0.908519,0.025719,0.000511,-0.001594,0.013584,0.119154,-0.315761,0.531966,0.031551,0.028363,-0.0066,-0.468581,-0.842615,0.265388,0.789399,-0.534231,-0.302398,0.396584,0.067799,0.915491,0.006012,0.004912,-0.005094,0.031065,0.050883,-0.138741,0.522569,0.066653,0.020547,-0.069726,-0.27625,-0.20869,-0.938154,-0.408232,-0.858225,0.311119,-0.870076,0.468931,0.15189,-0.007009,0.000819,0.000575,-0.039994,-0.402751,0.786711,0.135839
7,0.110695,-0.011382,0.355106,-0.264117,-0.245028,-0.932872,-0.423507,-0.839508,0.340353,-0.866227,0.485272,0.119122,-0.01393,0.002053,0.001485,-0.010901,-0.017373,-0.04595,0.244484,-0.172514,0.020132,0.358553,0.478615,0.820735,0.31195,-0.776325,0.561602,-0.286107,-0.410589,-0.106286,0.90553,0.012875,-0.00669,-0.005503,-0.012115,0.097654,-0.167999,0.53231,0.031891,0.028373,-0.006762,-0.462311,-0.844664,0.269835,0.790117,-0.530531,-0.307002,0.402469,0.07127,0.912654,0.012872,-0.003896,-0.003623,-0.024845,0.182354,-0.309659,0.522569,0.066575,0.020569,-0.069729,-0.271273,-0.208604,-0.939624,-0.409673,-0.858362,0.308838,-0.870963,0.468718,0.147391,0.000319,0.005372,-0.004378,0.040606,-0.113135,0.183979,0.136329
8,0.110724,-0.011344,0.355125,-0.262822,-0.244163,-0.933464,-0.423835,-0.839903,0.338968,-0.866462,0.485023,0.118425,0.000292,0.001223,0.001036,-2e-06,-7e-06,-4e-06,0.239749,-0.171856,0.020142,0.358139,0.473295,0.824229,0.310852,-0.778569,0.556539,-0.289877,-0.412498,-0.105872,0.90471,0.02491,0.00581,-0.013866,0.281771,-0.29563,-0.349944,0.530118,0.032229,0.028366,-0.006984,-0.45683,-0.847509,0.270249,0.792358,-0.525766,-0.309416,0.404321,0.072783,0.911716,0.012458,0.002894,-0.006958,0.412379,-0.483525,-0.453501,0.522569,0.066585,0.020589,-0.069719,-0.270248,-0.207479,-0.940169,-0.40993,-0.858774,0.307349,-0.871162,0.468464,0.14703,0.000198,0.000827,0.000702,0.000149,0.001274,0.000561,0.13241
9,0.11083,-0.011296,0.35514,-0.262619,-0.244033,-0.933555,-0.423843,-0.839987,0.338749,-0.86652,0.484942,0.118329,0.000327,0.001372,0.001162,-0.0,-0.0,-0.0,0.239789,-0.171303,0.0204,0.35777,0.472936,0.82438,0.311,-0.778275,0.556388,-0.290954,-0.413465,-0.105491,0.904313,-0.000858,0.010536,-0.008695,0.036506,-0.010284,0.018347,0.524255,0.032505,0.028482,-0.007171,-0.456315,-0.848251,0.268784,0.792095,-0.524853,-0.311631,0.405414,0.0707,0.911394,0.006011,0.005697,-0.004556,0.036201,-0.022099,0.049595,0.522569,0.066638,0.020615,-0.069709,-0.270057,-0.20733,-0.940256,-0.409946,-0.858847,0.307122,-0.871213,0.468395,0.146943,0.000177,0.000741,0.000626,-0.000201,8.8e-05,4.3e-05,0.12947
10,0.110895,-0.011299,0.355139,-0.262604,-0.24402,-0.933563,-0.423848,-0.839992,0.33873,-0.866522,0.484939,0.118323,0.000144,0.000606,0.000514,-0.0,-0.0,-0.0,0.237959,-0.171226,0.020679,0.357595,0.473254,0.824218,0.310945,-0.777786,0.556738,-0.291589,-0.41402,-0.104903,0.904127,-0.000876,0.013694,-0.006545,0.03825,-0.024568,0.043314,0.523851,0.032544,0.028618,-0.007261,-0.45662,-0.848092,0.268769,0.791628,-0.525179,-0.312268,0.405984,0.070177,0.911181,-0.000429,0.006466,-0.003538,0.036161,-0.009783,0.018765,0.522732,0.066671,0.020615,-0.069709,-0.270043,-0.207315,-0.940264,-0.409954,-0.85885,0.307103,-0.871214,0.468396,0.146937,7.4e-05,0.000306,0.000258,-0.00017,6e-05,1.6e-05,0.128654
11,0.110984,-0.011332,0.355112,-0.262484,-0.243934,-0.933619,-0.423881,-0.84003,0.338597,-0.866543,0.484918,0.11826,-0.000145,-0.00061,-0.000516,-0.0,-0.0,-0.0,0.233251,-0.171409,0.021529,0.357113,0.473218,0.824233,0.310961,-0.77682,0.556956,-0.293741,-0.415875,-0.103608,0.903425,-0.014574,0.023647,-0.01463,0.070859,-0.005338,0.007472,0.522847,0.032452,0.029057,-0.007499,-0.456618,-0.848089,0.268782,0.79065,-0.525349,-0.314449,0.407886,0.06893,0.910426,-0.007279,0.011888,-0.007269,0.070857,-0.005356,0.00758,0.522079,0.066715,0.020599,-0.069721,-0.269925,-0.207224,-0.940318,-0.409993,-0.85888,0.306969,-0.871232,0.468383,0.146873,-8e-05,-0.000347,-0.000296,-0.000111,4.5e-05,1e-06,0.124245
12,0.111003,-0.01135,0.355111,-0.262478,-0.243924,-0.933623,-0.423906,-0.84002,0.338589,-0.866532,0.48494,0.118251,-3.8e-05,-0.00016,-0.000135,-0.0,-0.0,-0.0,0.228787,-0.171987,0.022622,0.356458,0.473287,0.824713,0.30958,-0.776791,0.556524,-0.294634,-0.41585,-0.102083,0.90361,-0.015386,0.035611,-0.022298,0.106829,-0.016286,0.025703,0.522134,0.032169,0.02959,-0.007818,-0.456669,-0.848515,0.267349,0.790679,-0.524855,-0.315203,0.407775,0.067444,0.910587,-0.007686,0.018196,-0.010879,0.098978,0.086881,-0.145804,0.521426,0.066725,0.020589,-0.069723,-0.269921,-0.207212,-0.940321,-0.410022,-0.858869,0.306961,-0.87122,0.468408,0.146865,-2.1e-05,-9.6e-05,-8.2e-05,-7.8e-05,2.8e-05,-7e-06,0.11853
13,0.110971,-0.011345,0.355115,-0.262535,-0.243964,-0.933597,-0.42389,-0.840003,0.338651,-0.866522,0.48495,0.118281,-0.0,-2e-06,-2e-06,-0.0,-0.0,-0.0,0.228797,-0.172329,0.023261,0.356085,0.474874,0.826321,0.302786,-0.779137,0.554785,-0.291704,-0.409597,-0.098443,0.906864,-0.015355,0.035818,-0.022133,0.09441,-0.045399,-0.194231,0.521158,0.031998,0.02991,-0.008005,-0.458341,-0.849779,0.26038,0.79289,-0.523316,-0.312194,0.401557,0.063361,0.913638,-0.007668,0.018184,-0.010872,-0.028418,-0.288516,0.004474,0.521099,0.066714,0.02059,-0.069722,-0.269959,-0.20724,-0.940304,-0.410013,-0.858859,0.307003,-0.871212,0.468415,0.146885,2e-06,6e-06,6e-06,-6.3e-05,1.7e-05,1.2e-05,0.11657
14,0.110859,-0.011331,0.355152,-0.262741,-0.244097,-0.933504,-0.423882,-0.839918,0.338873,-0.866464,0.48503,0.118378,-0.013804,0.002567,0.001923,-0.000984,0.014715,-0.029553,0.228476,-0.173006,0.024497,0.355239,0.475033,0.829917,0.292526,-0.782591,0.550502,-0.290573,-0.402762,-0.091955,0.910598,-0.015293,0.032821,-0.024108,0.138433,0.020458,-0.186369,0.521263,0.031654,0.030546,-0.008433,-0.458229,-0.853052,0.249655,0.796275,-0.518787,-0.311134,0.394932,0.056223,0.916988,-0.007633,0.016298,-0.012119,0.124239,0.059554,-0.169222,0.520283,0.066658,0.020597,-0.069704,-0.270163,-0.207379,-0.940215,-0.410004,-0.858782,0.307228,-0.871153,0.468494,0.146984,8e-05,0.000339,0.000289,-4.5e-05,1.1e-05,2e-06,0.115591
15,0.110771,-0.011291,0.355184,-0.262845,-0.244171,-0.933455,-0.423853,-0.839885,0.338989,-0.866446,0.485048,0.118432,0.0001,0.000421,0.000356,-0.0,-0.0,-0.0,0.229723,-0.173629,0.02586,0.35417,0.478194,0.833552,0.276609,-0.784158,0.547129,-0.29271,-0.395909,-0.077996,0.914897,-0.016069,0.042187,-0.03344,0.354127,-0.414557,0.028747,0.517547,0.031342,0.031227,-0.008968,-0.461308,-0.855722,0.234378,0.797751,-0.515661,-0.312547,0.388313,0.042795,0.920532,-0.008018,0.020971,-0.016795,0.406485,-0.475363,-0.006369,0.517997,0.066609,0.020619,-0.069686,-0.270284,-0.20747,-0.94016,-0.409971,-0.858749,0.307366,-0.871131,0.468514,0.147049,5.9e-05,0.00025,0.000212,-3.2e-05,5e-06,-2e-06,0.115917
16,0.110701,-0.011266,0.355203,-0.262944,-0.244242,-0.933409,-0.423826,-0.839855,0.339098,-0.866429,0.485066,0.118484,-0.000297,-0.001246,-0.001054,-0.000763,0.013315,-0.025548,0.227036,-0.174022,0.027278,0.35291,0.488834,0.832925,0.259362,-0.785549,0.549645,-0.284142,-0.379819,-0.065906,0.922636,-0.002471,0.026749,-0.029038,0.06735,-0.089834,0.014493,0.518695,0.031147,0.031917,-0.009569,-0.471491,-0.854911,0.216387,0.799318,-0.517946,-0.304666,0.372539,0.029315,0.927553,-0.007585,0.013607,-0.013876,-0.609439,-0.640865,0.201401,0.51571,0.066575,0.020635,-0.069673,-0.270366,-0.207532,-0.940123,-0.409948,-0.858726,0.307458,-0.871117,0.468528,0.147092,5e-06,1.8e-05,1.4e-05,-1.7e-05,1.5e-05,-5e-06,0.115428
17,0.110698,-0.01128,0.355192,-0.262978,-0.244264,-0.933394,-0.423817,-0.839845,0.339134,-0.866423,0.485072,0.118502,-0.000236,-0.000989,-0.000838,-0.0,-0.0,-0.0,0.224027,-0.174176,0.027916,0.352218,0.494997,0.831518,0.252087,-0.786311,0.552199,-0.276994,-0.370128,-0.062168,0.926824,-0.016022,0.034789,-0.038306,0.154469,-0.116911,0.187624,0.518405,0.031076,0.032235,-0.00991,-0.477723,-0.853206,0.209332,0.800186,-0.520948,-0.297176,0.362604,0.025537,0.931592,-0.001215,0.01183,-0.015544,0.128837,-0.100318,0.204298,0.516364,0.066573,0.020627,-0.06968,-0.270415,-0.207567,-0.940101,-0.409934,-0.858713,0.307512,-0.871108,0.468536,0.14712,-0.000159,-0.00067,-0.000565,-2.3e-05,-5e-06,4e-06,0.113795
18,0.110733,-0.011328,0.355179,-0.263,-0.244266,-0.933387,-0.423858,-0.839817,0.339153,-0.866396,0.48512,0.118502,-3.8e-05,-0.000157,-0.000133,-0.0,-0.0,-0.0,0.216955,-0.174424,0.028907,0.350863,0.50424,0.828141,0.244775,-0.785797,0.557632,-0.2674,-0.358553,-0.058567,0.931597,-0.002477,0.019723,-0.033736,-0.098608,-0.144315,0.019791,0.516982,0.030945,0.032749,-0.010604,-0.487141,-0.849499,0.202592,0.799502,-0.527143,-0.287949,0.351408,0.021701,0.93597,-0.001215,0.010096,-0.016703,-0.608139,-0.57874,0.056143,0.514567,0.066589,0.020599,-0.06969,-0.270438,-0.207569,-0.940094,-0.409977,-0.858686,0.307533,-0.871081,0.468585,0.147122,-1.7e-05,-7.3e-05,-6.2e-05,-1e-05,7e-06,9e-06,0.105957
19,0.11085,-0.01134,0.355184,-0.262774,-0.244103,-0.933493,-0.423944,-0.839874,0.338903,-0.866423,0.485103,0.118376,0.014274,-0.000592,-0.00025,0.001748,-0.028027,0.055102,0.205754,-0.174494,0.029227,0.349558,0.508634,0.827093,0.239164,-0.785751,0.559546,-0.26351,-0.352389,-0.054949,0.934166,-0.001692,-0.001629,-0.032644,0.06752,0.023292,-0.037561,0.517208,0.03091,0.032924,-0.011252,-0.491613,-0.848313,0.196673,0.799476,-0.529204,-0.284216,0.345184,0.017511,0.93837,0.005542,-0.000664,-0.016692,0.07581,-0.00474,0.016012,0.513914,0.066642,0.020591,-0.069689,-0.27025,-0.207424,-0.94018,-0.410054,-0.858725,0.307321,-0.871102,0.468579,0.147015,2.5e-05,0.00011,9.3e-05,-6e-06,3e-06,1.5e-05,0.09322
20,0.110882,-0.011354,0.3552,-0.262732,-0.244061,-0.933516,-0.424003,-0.839865,0.338853,-0.866407,0.48514,0.118341,9.2e-05,0.000385,0.000326,0.0,0.0,0.0,0.198625,-0.174399,0.029082,0.348893,0.508164,0.827332,0.239336,-0.785559,0.559233,-0.264744,-0.353494,-0.054536,0.933773,0.011044,-0.007034,-0.03741,0.067772,0.023303,-0.032725,0.516879,0.030957,0.032854,-0.011595,-0.491103,-0.848564,0.196862,0.79927,-0.528813,-0.285522,0.346388,0.017125,0.937934,0.00554,-0.004009,-0.019043,0.068305,0.023557,-0.03267,0.514241,0.066664,0.020587,-0.069679,-0.270173,-0.207355,-0.940217,-0.410124,-0.858723,0.307232,-0.871093,0.468612,0.146962,5.8e-05,0.000245,0.000205,-7e-06,8e-06,-2.6e-05,0.085709
21,0.11091,-0.011396,0.355218,-0.262754,-0.244053,-0.933512,-0.424092,-0.839813,0.338868,-0.866357,0.485233,0.118329,-6.2e-05,-0.00026,-0.00022,0.0,0.0,0.0,0.189108,-0.173977,0.028132,0.347664,0.505836,0.828522,0.240152,-0.786356,0.557401,-0.266238,-0.35506,-0.05523,0.933138,0.012736,-0.037399,-0.027115,-0.005136,0.045532,-0.068458,0.515753,0.031163,0.032391,-0.012201,-0.488807,-0.849713,0.197622,0.800005,-0.526942,-0.28692,0.347935,0.01785,0.937348,0.006384,-0.019152,-0.013872,-0.005161,0.045515,-0.068379,0.513261,0.066678,0.020566,-0.069669,-0.270196,-0.207347,-0.940213,-0.410214,-0.858673,0.307251,-0.871044,0.468707,0.146953,-4.2e-05,-0.000174,-0.000149,-3e-06,5e-06,-1.5e-05,0.070359
22,0.110897,-0.011434,0.355252,-0.262852,-0.244091,-0.933474,-0.424184,-0.839728,0.338964,-0.866282,0.485362,0.118349,-0.0,-0.0,-0.0,0.0,0.0,0.0,0.185737,-0.173526,0.026509,0.346485,0.500121,0.829789,0.247629,-0.78462,0.555285,-0.275616,-0.366815,-0.057512,0.928441,-3.2e-05,-0.0435,-0.030874,-0.008506,0.076284,-0.12215,0.5159,0.031388,0.031597,-0.012783,-0.483182,-0.851156,0.205105,0.798181,-0.524509,-0.296302,0.359779,0.020543,0.932811,0.006427,-0.021883,-0.01602,0.000555,-0.047477,0.075454,0.512771,0.066672,0.020547,-0.069652,-0.270292,-0.207388,-0.940176,-0.410306,-0.858594,0.307351,-0.87097,0.468835,0.146979,0.0,2e-06,-0.0,-5e-06,-4e-06,1e-06,0.060072
23,0.110863,-0.011502,0.355328,-0.263049,-0.244168,-0.933398,-0.424368,-0.839557,0.339158,-0.866132,0.485619,0.118392,5e-06,2.3e-05,1.9e-05,0.0,0.0,0.0,0.188105,-0.173015,0.024577,0.345377,0.496618,0.829431,0.255747,-0.780593,0.555704,-0.286009,-0.379947,-0.058656,0.923073,0.012944,-0.045973,-0.034166,0.667482,0.454108,0.045805,0.514935,0.031649,0.03059,-0.01336,-0.47963,-0.851187,0.21315,0.794392,-0.524386,-0.306526,0.372684,0.022306,0.927689,0.006485,-0.02322,-0.017255,0.734632,0.503092,0.046254,0.512281,0.066655,0.020513,-0.069614,-0.270488,-0.207471,-0.940101,-0.41049,-0.858433,0.307554,-0.870823,0.469092,0.147031,-0.0,8e-06,7e-06,-6e-06,-5e-06,-3e-06,0.058602
24,0.110861,-0.011549,0.355369,-0.263027,-0.244121,-0.933417,-0.424516,-0.839496,0.339124,-0.866066,0.485749,0.118342,0.0,0.0,0.0,0.005296,-0.091752,0.176386,0.189277,-0.17272,0.023514,0.344828,0.497186,0.828692,0.257037,-0.77925,0.55683,-0.287478,-0.38196,-0.058424,0.922256,0.013851,-0.056815,-0.026132,-0.018546,-0.137679,0.226443,0.515255,0.031791,0.030076,-0.013628,-0.47999,-0.850612,0.214633,0.793099,-0.525321,-0.308268,0.374968,0.022259,0.926769,0.006516,-0.02278,-0.017077,-0.000596,-0.048509,0.075779,0.512445,0.066654,0.02049,-0.069594,-0.270581,-0.207503,-0.940067,-0.410607,-0.858343,0.307649,-0.870739,0.469242,0.147049,-0.000293,-0.005264,0.004476,-0.035131,0.01582,-0.016952,0.059582
25,0.110856,-0.011636,0.355443,-0.2632,-0.244175,-0.933354,-0.42473,-0.839321,0.339289,-0.865909,0.486024,0.118365,0.0,0.0,0.0,0.0,0.0,0.0,0.18922,-0.172132,0.021435,0.343796,0.495452,0.827345,0.264612,-0.774265,0.55879,-0.296986,-0.394174,-0.058794,0.917079,0.013132,-0.042602,-0.032527,0.064907,0.001071,0.073115,0.515113,0.032085,0.029025,-0.014146,-0.478439,-0.849531,0.222242,0.788166,-0.527031,-0.317855,0.387157,0.023089,0.921724,0.007001,-0.026479,-0.01192,0.166477,0.213602,-0.095215,0.512281,0.066651,0.020446,-0.069557,-0.270638,-0.207481,-0.940056,-0.410853,-0.858207,0.307699,-0.870605,0.4695,0.147019,-1e-06,-2e-06,-2e-06,-1.5e-05,-1.2e-05,-4e-06,0.060888
26,0.110852,-0.011707,0.355503,-0.263341,-0.244219,-0.933303,-0.424905,-0.839177,0.339424,-0.865779,0.486249,0.118384,0.0,0.0,0.0,0.0,0.0,0.0,0.191255,-0.171605,0.019512,0.342928,0.492927,0.82508,0.276147,-0.76829,0.561786,-0.306695,-0.408781,-0.062036,0.910447,0.013224,-0.035692,-0.027815,2.202335,1.616667,-0.003749,0.515203,0.032354,0.02804,-0.014598,-0.476317,-0.847709,0.233471,0.782547,-0.529775,-0.327044,0.400926,0.026926,0.915714,0.006621,-0.017532,-0.013679,2.198712,1.60394,-0.007598,0.512445,0.066649,0.020411,-0.069527,-0.270778,-0.207529,-0.940005,-0.411028,-0.858072,0.307841,-0.870479,0.469726,0.147047,-1e-06,0.0,-1e-06,-1.7e-05,3e-06,-4.2e-05,0.061705
27,0.110852,-0.011716,0.355522,-0.263356,-0.244218,-0.933299,-0.424949,-0.839151,0.339436,-0.865754,0.486296,0.11838,8.6e-05,0.00036,0.000305,0.0,0.0,0.0,0.193966,-0.171423,0.018713,0.342548,0.492076,0.823753,0.281573,-0.766312,0.563408,-0.308661,-0.413497,-0.06494,0.908111,0.014111,-0.042177,-0.016348,-0.053787,-0.026204,0.131323,0.51166,0.032445,0.027637,-0.01479,-0.475271,-0.846566,0.23967,0.780356,-0.531415,-0.329609,0.4064,0.030375,0.913189,0.007065,-0.020722,-0.007904,-0.045705,-0.058881,0.117758,0.510648,0.066649,0.020406,-0.069518,-0.270793,-0.207528,-0.940001,-0.411072,-0.858046,0.307855,-0.870454,0.469773,0.147043,4.5e-05,0.000199,0.000169,-9e-06,9e-06,-1.1e-05,0.063338
28,0.110878,-0.011716,0.355563,-0.263298,-0.244161,-0.93333,-0.425036,-0.839134,0.339368,-0.865729,0.486353,0.11833,0.000117,0.000492,0.000417,0.0,0.0,0.0,0.193358,-0.171254,0.017518,0.341966,0.487544,0.824626,0.286852,-0.764864,0.561902,-0.314932,-0.421474,-0.066912,0.904292,0.000928,-0.030744,-0.006805,-0.040082,0.040879,-0.067065,0.509455,0.03253,0.027032,-0.015087,-0.470774,-0.847663,0.244617,0.778919,-0.529544,-0.335957,0.414314,0.032377,0.909557,0.000471,-0.014762,-0.002942,-0.042997,0.037095,-0.067558,0.505586,0.066662,0.020406,-0.069497,-0.270736,-0.207469,-0.94003,-0.41116,-0.858028,0.307788,-0.87043,0.469833,0.146995,7.1e-05,0.0003,0.000255,-5e-06,2e-06,1.2e-05,0.065297
29,0.110885,-0.011707,0.355611,-0.263261,-0.24412,-0.933351,-0.425116,-0.839111,0.339323,-0.8657,0.486413,0.11829,0.000266,0.001118,0.000946,0.0,0.0,0.0,0.187438,-0.171095,0.017078,0.341793,0.484581,0.826121,0.287571,-0.76651,0.559486,-0.315233,-0.421898,-0.068724,0.903959,0.013212,-0.000473,-0.001418,-0.01044,0.088697,-0.139867,0.508209,0.032604,0.026803,-0.015181,-0.467905,-0.849075,0.245226,0.780472,-0.527167,-0.336089,0.41464,0.034134,0.909344,5e-06,0.00019,0.000143,-8e-05,-0.000106,5.1e-05,0.503137,0.066665,0.020409,-0.069474,-0.2707,-0.207427,-0.94005,-0.411242,-0.858004,0.307745,-0.870402,0.469895,0.146959,0.00017,0.000714,0.000605,3e-06,1.4e-05,6e-06,0.063174
30,0.110875,-0.011707,0.355624,-0.263279,-0.244127,-0.933344,-0.425135,-0.839095,0.339341,-0.865685,0.486439,0.118294,3.7e-05,0.000155,0.000131,0.0,0.0,0.0,0.186519,-0.171014,0.01716,0.341898,0.48409,0.826364,0.287698,-0.766798,0.559086,-0.315241,-0.421938,-0.069056,0.903915,0.013174,0.008332,0.005303,0.003854,-0.030258,0.053751,0.508172,0.032645,0.026839,-0.015131,-0.46726,-0.849386,0.245376,0.780824,-0.526638,-0.336102,0.414705,0.034549,0.909299,-1.7e-05,0.004678,0.003569,0.0018,-0.015077,0.024552,0.50281,0.066661,0.020412,-0.069466,-0.270717,-0.207434,-0.940043,-0.411261,-0.857988,0.307764,-0.870388,0.469921,0.146962,1.4e-05,6.2e-05,5.3e-05,-4e-06,1e-06,3e-06,0.060399
31,0.110868,-0.011692,0.355636,-0.263264,-0.244117,-0.933351,-0.425139,-0.839099,0.339325,-0.865688,0.486436,0.118285,1.2e-05,5.2e-05,4.4e-05,0.0,0.0,0.0,0.186864,-0.170826,0.017547,0.342416,0.483647,0.82574,0.290224,-0.767281,0.559605,-0.313137,-0.421566,-0.072289,0.903835,0.01398,0.005584,0.019778,-0.03401,-0.030132,0.06315,0.508329,0.032739,0.027046,-0.014869,-0.466853,-0.84881,0.248131,0.781299,-0.527331,-0.333904,0.414268,0.03798,0.909361,-4.4e-05,0.008512,0.006464,-0.000742,0.074993,-0.151902,0.50281,0.066657,0.020419,-0.06946,-0.270703,-0.207425,-0.94005,-0.411265,-0.857992,0.307749,-0.87039,0.469919,0.146954,2e-06,7e-06,7e-06,-0.0,1e-06,2e-05,0.058766
32,0.110865,-0.011697,0.355618,-0.263282,-0.244135,-0.933341,-0.425111,-0.839105,0.339346,-0.865696,0.486417,0.118301,-1.5e-05,-6.2e-05,-5.2e-05,0.0,0.0,0.0,0.189981,-0.17085,0.018001,0.343148,0.482377,0.823821,0.297695,-0.76843,0.561182,-0.307447,-0.420926,-0.081504,0.90335,0.000777,0.008181,0.022711,-0.096475,0.06945,0.090105,0.508471,0.032732,0.027282,-0.014496,-0.465679,-0.847169,0.255825,0.782452,-0.529209,-0.328183,0.413412,0.047343,0.909311,-5.9e-05,0.010033,0.007571,-0.066346,0.153918,-0.06399,0.5033,0.066656,0.020415,-0.069469,-0.270721,-0.207442,-0.94004,-0.411236,-0.857998,0.307769,-0.870398,0.469899,0.14697,-7e-06,-3.5e-05,-3e-05,-5e-06,-8e-06,1e-06,0.059909
33,0.11088,-0.011687,0.355641,-0.263344,-0.244171,-0.933314,-0.425118,-0.839075,0.339411,-0.865674,0.48645,0.118329,0.000215,0.000903,0.000764,0.0,0.0,0.0,0.196191,-0.170745,0.018321,0.344162,0.480404,0.824804,0.298162,-0.770114,0.559448,-0.306392,-0.420101,-0.083479,0.903554,0.013886,0.01242,0.024734,-0.041488,0.053894,-0.084655,0.509019,0.03278,0.027442,-0.013988,-0.463802,-0.848167,0.255928,0.784019,-0.527468,-0.327245,0.412552,0.048876,0.909621,0.000798,0.000114,0.016571,-0.067768,-0.010863,0.011398,0.504443,0.066663,0.020419,-0.069459,-0.270782,-0.20748,-0.940015,-0.411243,-0.857972,0.307834,-0.870376,0.469931,0.146998,0.000142,0.000594,0.000502,-4e-06,-6e-06,5e-06,0.064807
34,0.110894,-0.011675,0.355651,-0.263292,-0.244135,-0.933339,-0.425132,-0.839091,0.339354,-0.865683,0.486441,0.118301,0.000187,0.000785,0.000664,0.0,0.0,0.0,0.198185,-0.170603,0.01844,0.344761,0.480156,0.824925,0.298229,-0.7707,0.559158,-0.305446,-0.419308,-0.084235,0.903852,0.013853,0.014097,0.025916,-0.028986,-0.049454,0.084797,0.508956,0.032851,0.027501,-0.013689,-0.463418,-0.848355,0.256,0.784657,-0.527093,-0.32632,0.411772,0.049649,0.909933,0.000785,0.001129,0.017294,-0.069138,-0.008951,0.012503,0.50526,0.06667,0.020425,-0.069454,-0.27073,-0.207443,-0.940038,-0.411258,-0.857985,0.307777,-0.870385,0.469923,0.14697,0.000142,0.000597,0.000505,-8e-06,-1.6e-05,7e-06,0.068073
35,0.110915,-0.011678,0.355649,-0.263254,-0.244108,-0.933356,-0.425142,-0.839102,0.339312,-0.86569,0.486434,0.118281,-6.1e-05,-0.000258,-0.000218,0.0,0.0,0.0,0.198547,-0.170172,0.018515,0.34619,0.480777,0.824608,0.298104,-0.771639,0.55942,-0.302583,-0.416859,-0.085605,0.904855,0.002446,-0.006848,0.044112,-0.116442,0.089607,-0.150625,0.508716,0.033071,0.027549,-0.012979,-0.464225,-0.84796,0.255845,0.785478,-0.527619,-0.323484,0.40929,0.050792,0.910988,0.007314,0.002343,0.017597,-0.06545,-0.038793,0.066546,0.504607,0.066681,0.020426,-0.069453,-0.270693,-0.207415,-0.940055,-0.411269,-0.857995,0.307735,-0.870392,0.469917,0.14695,-3.8e-05,-0.000158,-0.000135,-5e-06,-1.1e-05,6e-06,0.071176
36,0.110943,-0.011696,0.355634,-0.26323,-0.244091,-0.933367,-0.425149,-0.83911,0.339286,-0.865694,0.48643,0.118269,-3e-06,-1.3e-05,-1.1e-05,0.0,0.0,0.0,0.197137,-0.169693,0.018344,0.347836,0.480206,0.823903,0.30096,-0.770863,0.560173,-0.303166,-0.41895,-0.087468,0.90371,0.015506,-0.006371,0.043297,-0.103708,-0.013532,0.023791,0.509949,0.0333,0.027468,-0.01217,-0.463492,-0.847464,0.258802,0.784756,-0.528219,-0.324254,0.411498,0.052807,0.909879,0.001181,-0.002793,0.02245,-0.109037,-0.01679,0.019269,0.505423,0.066694,0.020416,-0.069462,-0.27067,-0.207397,-0.940065,-0.411275,-0.858001,0.307709,-0.870396,0.469913,0.146937,1e-06,2e-06,2e-06,1e-06,4e-06,4e-06,0.070686
37,0.110974,-0.011709,0.355637,-0.263189,-0.244056,-0.933388,-0.425184,-0.839111,0.339239,-0.865689,0.486445,0.118241,0.000127,0.000535,0.000453,0.0,0.0,0.0,0.197974,-0.16946,0.01823,0.348693,0.479392,0.823812,0.302504,-0.770789,0.560111,-0.30347,-0.420018,-0.088736,0.903091,0.015475,-0.005132,0.044137,-0.114397,0.07334,-0.122006,0.511332,0.033422,0.027409,-0.011726,-0.462841,-0.847357,0.260314,0.784649,-0.528261,-0.324445,0.412434,0.054089,0.909379,0.008155,-0.00816,0.026142,-0.142168,-0.020721,0.030234,0.505913,0.06671,0.020408,-0.069461,-0.270629,-0.207361,-0.940085,-0.411311,-0.858001,0.307662,-0.870392,0.46993,0.14691,0.00707,-0.000586,-0.000372,0.000985,-0.014713,0.029549,0.070686
38,0.110996,-0.011705,0.355641,-0.263134,-0.244019,-0.933413,-0.425199,-0.839128,0.339179,-0.865698,0.486435,0.118212,2e-06,1e-05,9e-06,0.0,0.0,0.0,0.196455,-0.169072,0.017715,0.350617,0.472738,0.824606,0.310701,-0.769441,0.558189,-0.310355,-0.429921,-0.093401,0.897946,0.01637,-0.019048,0.050237,2.046477,1.748271,-0.328213,0.517219,0.033615,0.027166,-0.010777,-0.457253,-0.848323,0.266955,0.78407,-0.526201,-0.329157,0.419704,0.058804,0.905753,0.008155,-0.009654,0.025022,-0.146235,-0.023723,0.030396,0.511138,0.066721,0.020412,-0.069458,-0.270575,-0.207321,-0.940109,-0.411326,-0.858015,0.307602,-0.870401,0.469921,0.146881,-1e-06,-0.0,-0.0,-2e-06,-1.1e-05,9e-06,0.070523
39,0.110984,-0.01171,0.355636,-0.26317,-0.244043,-0.933397,-0.425189,-0.839117,0.339218,-0.865692,0.486442,0.118231,-0.013933,0.002036,0.001474,-0.000984,0.014715,-0.029553,0.194804,-0.168761,0.016952,0.352342,0.464045,0.826835,0.3178,-0.770328,0.553868,-0.315845,-0.437731,-0.099298,0.893529,0.015523,-0.013213,0.038167,-0.116043,0.086263,-0.147844,0.517909,0.033772,0.026782,-0.009893,-0.447504,-0.85076,0.275582,0.784098,-0.521458,-0.336556,0.430033,0.065473,0.900435,0.001657,-0.012615,0.023402,-0.163659,0.1052,-0.195114,0.514241,0.066715,0.020409,-0.06946,-0.27061,-0.207347,-0.940093,-0.411316,-0.858006,0.307641,-0.870395,0.469927,0.1469,-0.006966,0.001023,0.00074,-0.000985,0.01471,-0.02955,0.0684
40,0.110953,-0.011706,0.35564,-0.263227,-0.244083,-0.933371,-0.425173,-0.8391,0.33928,-0.865682,0.486452,0.118261,9e-06,3.7e-05,3.1e-05,0.0,0.0,0.0,0.196397,-0.168467,0.016181,0.353892,0.46271,0.824202,0.32647,-0.764133,0.55757,-0.324267,-0.449849,-0.100475,0.887357,0.015566,-0.017038,0.035431,2.098221,1.72424,-0.36681,0.517985,0.033917,0.026404,-0.00913,-0.447408,-0.848424,0.282845,0.778861,-0.525081,-0.343023,0.439545,0.066826,0.89573,0.001232,-0.008979,0.017898,-0.126261,0.095355,-0.17726,0.514731,0.0667,0.020411,-0.069459,-0.270667,-0.207389,-0.940068,-0.4113,-0.857991,0.307704,-0.870385,0.469935,0.146931,7e-06,2.8e-05,2.2e-05,-3e-06,-8e-06,8e-06,0.0684
41,0.110933,-0.011696,0.355648,-0.263248,-0.244098,-0.933361,-0.425168,-0.839093,0.339304,-0.865679,0.486455,0.118272,6e-06,2.7e-05,2.3e-05,0.0,0.0,0.0,0.196549,-0.168366,0.015869,0.354503,0.458537,0.825723,0.328506,-0.765541,0.554818,-0.325666,-0.451724,-0.103207,0.886091,0.015593,-0.019156,0.033929,-0.10551,0.000385,-0.001372,0.518534,0.033975,0.026235,-0.008798,-0.441989,-0.850083,0.286363,0.779479,-0.521958,-0.346368,0.443911,0.070123,0.893322,0.007774,-0.009761,0.016831,-0.111712,-0.003718,-0.001126,0.515384,0.06669,0.020416,-0.069454,-0.270687,-0.207404,-0.940058,-0.411294,-0.857986,0.307727,-0.870381,0.469939,0.146942,2e-06,8e-06,7e-06,-4e-06,-6e-06,-4e-06,0.06889
42,0.110913,-0.01171,0.355676,-0.263316,-0.244128,-0.933333,-0.42522,-0.839039,0.339372,-0.865632,0.486534,0.118289,0.0,0.0,0.0,0.0,0.0,0.0,0.193323,-0.168085,0.015375,0.355617,0.45538,0.827802,0.327668,-0.764579,0.552246,-0.332232,-0.456523,-0.100291,0.883963,0.014695,-0.008925,0.024998,0.096801,-0.181316,-0.322349,0.516314,0.034109,0.025988,-0.008253,-0.438961,-0.851585,0.286556,0.77846,-0.519712,-0.351991,0.448677,0.068562,0.891059,0.000799,-0.004569,0.01293,0.216927,-0.353116,-0.465584,0.514894,0.06668,0.020409,-0.06944,-0.270755,-0.207436,-0.940032,-0.411347,-0.857935,0.307799,-0.870335,0.470018,0.146961,-2e-06,-9e-06,-6e-06,6e-06,4e-06,1.6e-05,0.0684
43,0.110909,-0.011748,0.355697,-0.26328,-0.244082,-0.933356,-0.425325,-0.839004,0.339326,-0.865592,0.486617,0.118244,-2e-05,-8.3e-05,-7.1e-05,0.0,0.0,0.0,0.191008,-0.167877,0.015146,0.356508,0.458573,0.825554,0.32888,-0.759279,0.556349,-0.337498,-0.462147,-0.095997,0.881514,0.000738,0.001253,0.017025,-0.042076,0.085948,-0.170934,0.508344,0.034219,0.025868,-0.007799,-0.442043,-0.850014,0.286483,0.773306,-0.522968,-0.358471,0.454527,0.063079,0.888496,0.000351,0.000613,0.008501,-0.063471,0.106653,-0.156159,0.509342,0.066678,0.02039,-0.06943,-0.270719,-0.207388,-0.940053,-0.411452,-0.8579,0.307755,-0.870297,0.470102,0.14692,-1.2e-05,-4.9e-05,-4.2e-05,-2e-06,-1e-06,-8e-06,0.064317
44,0.110897,-0.011761,0.355699,-0.263332,-0.244111,-0.933334,-0.425334,-0.838978,0.33938,-0.865571,0.486648,0.118265,-5e-06,-2e-05,-1.7e-05,0.0,0.0,0.0,0.191236,-0.167855,0.015167,0.356801,0.460621,0.823729,0.330589,-0.756156,0.559286,-0.339649,-0.465228,-0.094577,0.880046,-0.000145,0.010271,0.007213,-0.010559,0.08352,-0.147723,0.500523,0.03423,0.025877,-0.007654,-0.444261,-0.848189,0.288453,0.770208,-0.526055,-0.360616,0.457613,0.061961,0.886989,0.000366,-0.000346,0.007823,-0.043308,-0.00347,0.009186,0.50379,0.066672,0.020383,-0.069429,-0.27077,-0.207419,-0.940031,-0.411462,-0.857876,0.30781,-0.870277,0.470133,0.146942,-0.0,-1e-06,-1e-06,-2e-06,-1e-06,-3e-06,0.063501
45,0.110919,-0.011748,0.355684,-0.263262,-0.244075,-0.933363,-0.425306,-0.839021,0.339309,-0.865606,0.486591,0.118241,-0.0,-0.0,-0.0,0.0,0.0,0.0,0.191353,-0.167849,0.015469,0.357024,0.471354,0.816882,0.332446,-0.746531,0.57032,-0.34258,-0.470016,-0.087747,0.878207,-9.8e-05,0.00684,0.00479,0.001804,-0.014173,0.025026,0.454851,0.034233,0.026033,-0.007539,-0.45507,-0.841704,0.290593,0.760905,-0.537085,-0.36409,0.462529,0.055428,0.884868,-5.4e-05,0.003232,0.002267,0.000412,-0.014305,0.024643,0.469662,0.066683,0.02039,-0.069437,-0.270702,-0.207381,-0.94006,-0.411434,-0.857915,0.307737,-0.870311,0.470077,0.146916,-0.0,4e-06,5e-06,6e-06,1.1e-05,-8e-06,0.063664
46,0.110947,-0.011766,0.355669,-0.263239,-0.244057,-0.933374,-0.425313,-0.839028,0.339282,-0.86561,0.486587,0.118229,-0.000107,-0.000451,-0.000381,0.0,0.0,0.0,0.188337,-0.167792,0.015948,0.356821,0.499036,0.801188,0.330232,-0.725841,0.594691,-0.345587,-0.47387,-0.068259,0.877867,-0.000922,0.011708,-0.007906,1.867698,-1.928736,4.869007,0.275615,0.034261,0.026272,-0.007635,-0.478272,-0.82944,0.288588,0.744186,-0.557258,-0.368306,0.466306,0.038613,0.883779,-0.000918,0.011106,-0.008322,0.054802,0.087207,-0.11567,0.344092,0.066697,0.020382,-0.069443,-0.270679,-0.207363,-0.94007,-0.411441,-0.857922,0.30771,-0.870315,0.470074,0.146903,-6.8e-05,-0.000289,-0.000245,1e-05,7e-06,9e-06,0.062358
47,0.110971,-0.011788,0.355624,-0.263235,-0.244064,-0.933373,-0.425266,-0.839053,0.33928,-0.865634,0.486542,0.11824,0.013662,-0.003189,-0.00245,0.000984,-0.014715,0.029553,0.183282,-0.167704,0.016521,0.356342,0.535462,0.779737,0.324472,-0.695253,0.625152,-0.3546,-0.47999,-0.036713,0.876427,-0.000897,0.009914,-0.009151,1.99016,-2.217745,4.723643,-0.088796,0.034305,0.026555,-0.007877,-0.515255,-0.808464,0.284423,0.714474,-0.588487,-0.378428,0.473325,0.008226,0.880848,-0.000905,0.010145,-0.008983,0.320331,-0.402508,-0.152064,0.03335,0.066709,0.020371,-0.069465,-0.270674,-0.207369,-0.94007,-0.411394,-0.857945,0.307706,-0.870338,0.470028,0.146913,0.00682,-0.001642,-0.001266,0.000991,-0.014709,0.029548,0.057623
48,0.11099,-0.011796,0.355604,-0.263214,-0.244055,-0.933381,-0.425248,-0.83907,0.339259,-0.86565,0.486516,0.118236,0.013771,-0.002732,-0.002064,0.000984,-0.014715,0.029553,0.177748,-0.167727,0.016806,0.356131,0.534803,0.780141,0.324587,-0.695206,0.62466,-0.35556,-0.480793,-0.036498,0.875996,-0.000923,0.011647,-0.007934,0.026264,0.085052,-0.155954,-0.240074,0.034294,0.026692,-0.007986,-0.519441,-0.806005,0.283787,0.710767,-0.591892,-0.380096,0.474331,0.004269,0.880335,-0.000918,0.011363,-0.008127,0.060143,-0.000699,0.047764,-0.122429,0.066718,0.020366,-0.069476,-0.270654,-0.20736,-0.940078,-0.411376,-0.857962,0.307685,-0.870353,0.470002,0.146908,0.006884,-0.001373,-0.001038,0.000984,-0.014726,0.029555,0.053377
49,0.110994,-0.011817,0.355574,-0.260869,-0.242414,-0.934467,-0.426066,-0.839682,0.336711,-0.86596,0.486279,0.116929,-0.000131,-0.000549,-0.000465,-0.0,-0.0,0.0,0.162032,-0.167784,0.017373,0.355672,0.553357,0.77063,0.316096,-0.681276,0.637146,-0.360335,-0.479757,-0.016941,0.87716,-0.001808,0.020893,-0.017529,0.154977,-0.148211,-0.042629,-0.620665,0.034265,0.026974,-0.008211,-0.538014,-0.796578,0.275687,0.697253,-0.604344,-0.385494,0.473686,-0.015177,0.880562,-0.000444,0.004815,-0.004661,0.13229,-0.153105,-0.073264,-0.420271,0.06672,0.020356,-0.069492,-0.268331,-0.205638,-0.941121,-0.412217,-0.858477,0.30511,-0.870674,0.469817,0.145589,-7.8e-05,-0.000327,-0.000277,2.6e-05,0.000628,-0.001244,0.036395
50,0.110987,-0.011802,0.355586,-0.258358,-0.240657,-0.935618,-0.426943,-0.840325,0.333984,-0.866284,0.486039,0.115525,0.000127,0.000535,0.000453,-0.0,-0.0,0.0,0.14449,-0.167765,0.01824,0.355067,0.562639,0.766364,0.310023,-0.674285,0.642455,-0.36404,-0.478848,-0.005202,0.877804,-0.00187,0.02487,-0.014721,0.083336,0.031904,-0.13054,-1.114296,0.034275,0.027399,-0.008519,-0.547446,-0.792239,0.269553,0.690362,-0.609604,-0.389593,0.472971,-0.027192,0.880657,-0.001379,0.017414,-0.011904,0.11652,-0.033495,0.050944,-0.714847,0.066721,0.020361,-0.069487,-0.265838,-0.20379,-0.94223,-0.413121,-0.859019,0.302349,-0.871011,0.469631,0.14417,0.000103,0.000428,0.000363,0.005365,-0.09113,0.175508,0.015494
51,0.110987,-0.011802,0.355586,-0.255974,-0.238985,-0.936701,-0.42778,-0.840925,0.331393,-0.866581,0.485823,0.114191,2e-06,8e-06,7e-06,-0.0,-0.0,0.0,0.132524,-0.167803,0.018736,0.35474,0.5704,0.759524,0.312662,-0.66653,0.65054,-0.363963,-0.480533,-0.001768,0.876897,-0.001842,0.023112,-0.015936,0.031829,0.124423,-0.106559,-1.34878,0.034255,0.027662,-0.008684,-0.555266,-0.785571,0.27305,0.682762,-0.618045,-0.389686,0.474883,-0.029951,0.879538,-0.000915,0.011555,-0.007963,0.03992,0.110393,-0.116843,-0.858216,0.066717,0.020363,-0.069485,-0.263496,-0.202051,-0.943262,-0.413976,-0.859517,0.299755,-0.871316,0.469473,0.142835,2e-06,2e-06,1e-06,5.2e-05,0.001081,-0.002123,0.00292
52,0.110963,-0.011812,0.355577,-0.255698,-0.238801,-0.936824,-0.427852,-0.841005,0.331098,-0.866628,0.485776,0.11404,-1.3e-05,-5.5e-05,-4.7e-05,0.0,0.0,0.0,0.113567,-0.167948,0.019677,0.354044,0.58516,0.745953,0.318015,-0.651044,0.666032,-0.363973,-0.484029,0.004984,0.87496,-0.001822,0.021972,-0.016702,1.82224,-2.018121,4.885378,-1.40403,0.034183,0.028134,-0.009032,-0.568982,-0.773554,0.279055,0.668771,-0.632734,-0.390372,0.478542,-0.035491,0.877346,-0.000774,0.011021,-0.008491,1.851001,-2.055101,4.854941,-0.86834,0.066704,0.020358,-0.06949,-0.26324,-0.20187,-0.943372,-0.414045,-0.859582,0.299475,-0.871361,0.469432,0.142693,-3e-06,-1.8e-05,-1.6e-05,2.2e-05,2.5e-05,-5.8e-05,-0.026635
53,0.110973,-0.011821,0.355583,-0.25581,-0.23887,-0.936775,-0.427847,-0.840961,0.331216,-0.866597,0.485817,0.114096,-0.0,-0.0,-0.0,0.0,0.0,0.0,0.096103,-0.16799,0.020612,0.353241,0.595572,0.73179,0.331314,-0.630619,0.68148,-0.371267,-0.4982,0.011244,0.86691,-0.002689,0.030142,-0.026974,0.542745,0.832499,0.245281,-1.404509,0.034162,0.028604,-0.009431,-0.581288,-0.759781,0.291267,0.647697,-0.648714,-0.399571,0.492536,-0.043613,0.869198,-0.001335,0.0149,-0.0136,0.512328,1.033221,0.344423,-0.863115,0.06671,0.020353,-0.069487,-0.263351,-0.201943,-0.943326,-0.414037,-0.859543,0.299595,-0.871331,0.469471,0.14275,-0.0,5e-06,5e-06,2e-06,-1.8e-05,-9e-06,-0.050476
54,0.111012,-0.011833,0.35556,-0.251093,-0.235563,-0.938887,-0.42946,-0.842142,0.326087,-0.867184,0.485381,0.111462,-8.8e-05,-0.000369,-0.000312,-3e-06,-2.4e-05,4.9e-05,0.081591,-0.167952,0.021548,0.352252,0.613091,0.705875,0.354758,-0.595862,0.708084,-0.378813,-0.519342,0.019953,0.854253,-0.002643,0.026987,-0.029133,4.046906,0.07726,4.429192,-1.404056,0.03418,0.029073,-0.009925,-0.598397,-0.735946,0.316708,0.614938,-0.675267,-0.407265,0.513588,-0.048951,0.856639,-0.001207,0.013435,-0.01474,4.014746,0.112564,4.452129,-0.859523,0.066729,0.020348,-0.069498,-0.258654,-0.198459,-0.945363,-0.415706,-0.860536,0.29439,-0.871943,0.469138,0.14008,-4.6e-05,-0.000196,-0.000166,8.5e-05,0.002782,-0.005467,-0.074153
55,0.111029,-0.01184,0.355528,-0.248682,-0.233882,-0.939948,-0.430234,-0.842756,0.323469,-0.867498,0.485125,0.110127,-0.000255,-0.001074,-0.00091,-3e-06,-2.4e-05,4.9e-05,0.074615,-0.167903,0.022008,0.351678,0.622132,0.691181,0.367712,-0.578058,0.722351,-0.379462,-0.528655,0.022628,0.848455,-0.0026,0.024179,-0.031079,1.888432,-1.537226,4.617666,-1.403915,0.034206,0.029296,-0.010199,-0.604812,-0.724406,0.330812,0.59992,-0.687636,-0.408962,0.523733,-0.048884,0.850477,0.005629,0.006692,-0.01182,-0.236397,0.630104,-0.0071,-0.860013,0.066738,0.020346,-0.069513,-0.25627,-0.196701,-0.946379,-0.416502,-0.86105,0.29175,-0.872267,0.468936,0.138734,-0.000165,-0.000696,-0.00059,0.005426,-0.088548,0.170417,-0.083624
56,0.111096,-0.011917,0.355451,-0.247371,-0.229496,-0.941374,-0.430808,-0.844184,0.318952,-0.867589,0.484733,0.111132,-0.000439,-0.001848,-0.001566,0.001638,0.005377,0.00274,0.062556,-0.167745,0.02293,0.350324,0.62863,0.671113,0.392966,-0.548791,0.740887,-0.387102,-0.551701,0.026824,0.833528,0.010371,0.020768,-0.03446,0.170697,0.247748,0.070188,-1.403369,0.034276,0.029747,-0.010858,-0.615133,-0.702685,0.357553,0.567953,-0.709481,-0.41721,0.546844,-0.053567,0.835518,-0.001157,0.010048,-0.01709,2.135609,-1.682,4.227312,-0.862462,0.066772,0.020307,-0.069552,-0.255205,-0.192083,-0.947614,-0.417058,-0.862337,0.287116,-0.872314,0.468484,0.139963,0.006694,-0.002179,-0.001722,-0.005214,-0.029578,0.020591,-0.102076
57,0.111172,-0.012059,0.355345,-0.247867,-0.226378,-0.941998,-0.430772,-0.845162,0.316399,-0.867465,0.484489,0.113145,-0.000718,-0.003027,-0.002569,0.003122,0.010305,0.005252,0.064848,-0.167436,0.023801,0.348849,0.63579,0.654201,0.409612,-0.524058,0.755548,-0.392993,-0.567356,0.034357,0.822672,-0.003425,0.029187,-0.043495,0.070788,0.408594,-0.251866,-1.403174,0.034436,0.030181,-0.011597,-0.623722,-0.686136,0.374415,0.542725,-0.724875,-0.42427,0.562512,-0.061422,0.824504,0.005226,0.009107,-0.018126,0.629694,-0.133443,1.052317,-0.863115,0.066805,0.020239,-0.069602,-0.255797,-0.1889,-0.948094,-0.417025,-0.863219,0.284503,-0.872156,0.468154,0.142033,-0.000322,-0.001359,-0.001154,-0.0007,-0.105139,0.169537,-0.109424
