frame,MLTx,MLTy,MLTz,MLTR1,MLTR2,MLTR3,MLTR4,MLTR5,MLTR6,MLTR7,MLTR8,MLTR9,MLTTVx,MLTTVy,MLTTVz,MLTRVx,MLTRVy,MLTRVz,MLGA,MRTx,MRTy,MRTz,MRTR1,MRTR2,MRTR3,MRTR4,MRTR5,MRTR6,MRTR7,MRTR8,MRTR9,MRTTVx,MRTTVy,MRTTVz,MRTRVx,MRTRVy,MRTRVz,MRGA,SLTx,SLTy,SLTz,SLTR1,SLTR2,SLTR3,SLTR4,SLTR5,SLTR6,SLTR7,SLTR8,SLTR9,SLTTVx,SLTTVy,SLTTVz,SLTRVx,SLTRVy,SLTRVz,SLGA,SRTx,SRTy,SRTz,SRTR1,SRTR2,SRTR3,SRTR4,SRTR5,SRTR6,SRTR7,SRTR8,SRTR9,SRTTVx,SRTTVy,SRTTVz,SRTRVx,SRTRVy,SRTRVz,SRGA
135,0.122134,-0.027769,0.305846,-0.206133,0.175791,-0.962628,-0.401609,-0.912238,-0.080646,-0.892073,0.369752,0.25984,-0.013763,0.008023,0.008898,-0.000438,-0.000101,-0.00484,0.440521,-0.186079,-0.022002,0.303936,0.664333,0.265822,0.698564,-0.68254,-0.164818,0.711976,0.303556,-0.95009,0.07104,0.014925,0.000148,-0.00099,0.002045,-0.015205,0.029245,-1.401853,0.033819,0.030896,-0.017504,-0.670235,-0.17946,0.720123,0.70786,0.136948,0.692949,-0.222976,0.974186,0.035246,-2e-06,-3.1e-05,-3.5e-05,-3e-06,1.3e-05,-3.1e-05,-0.951945,0.059466,0.028488,-0.06483,0.318927,-0.171583,-0.932118,0.357143,0.932736,-0.049499,0.877914,-0.317113,0.358754,-0.006902,0.003949,0.004383,-0.000624,-0.000316,-0.004929,0.420291
136,0.121861,-0.027461,0.306294,-0.206878,0.175199,-0.962575,-0.401599,-0.912317,-0.079794,-0.891904,0.369839,0.260297,0.001922,0.008853,0.010496,0.000545,-0.014812,0.024716,0.404745,-0.186046,-0.022025,0.303908,0.665994,0.263967,0.697686,-0.681163,-0.165717,0.713084,0.303008,-0.950448,0.06854,-7.1e-05,-0.001165,-0.001321,-0.000477,0.000776,0.000516,-1.401678,0.033841,0.030887,-0.017516,-0.671826,-0.17745,0.719138,0.706518,0.138045,0.6941,-0.222441,0.974399,0.03263,-4.2e-05,-0.000683,-0.000775,0.00529,0.008251,-0.030053,-0.950639,0.059328,0.028636,-0.064613,0.319659,-0.170921,-0.931989,0.35703,0.932826,-0.048619,0.877694,-0.317207,0.35921,0.000883,0.004095,0.004861,0.000445,-0.014807,0.024747,0.386327
137,0.121818,-0.027284,0.306501,-0.207088,0.175028,-0.962561,-0.401556,-0.912356,-0.079562,-0.891874,0.369823,0.26042,0.001982,0.009124,0.010797,0.000545,-0.014812,0.024716,0.359381,-0.186058,-0.022037,0.303895,0.666027,0.26402,0.697635,-0.681119,-0.165695,0.713131,0.303034,-0.950438,0.068574,-5.7e-05,-0.000941,-0.001067,-6e-06,1e-05,6e-06,-1.401949,0.033835,0.030881,-0.017523,-0.671815,-0.177558,0.719122,0.70652,0.137978,0.69411,-0.222468,0.974389,0.032753,-3.8e-05,-0.000634,-0.000721,-0.000751,0.013972,-0.025318,-0.949169,0.059301,0.028729,-0.064503,0.31984,-0.17075,-0.931958,0.356967,0.932861,-0.048407,0.877653,-0.317195,0.359318,0.001042,0.004824,0.005713,-0.003296,0.087419,-0.14583,0.351872
138,0.121987,-0.026966,0.306975,-0.209672,0.171744,-0.962594,-0.385534,-0.919197,-0.08008,-0.898312,0.354104,0.260141,0.016737,-0.002937,0.018496,5.286271,0.42887,-1.400312,0.092059,-0.186093,-0.022035,0.303885,0.665989,0.263974,0.697688,-0.681173,-0.165693,0.71308,0.302995,-0.950451,0.068563,-1e-06,-1.5e-05,-1.7e-05,-0.0,0.0,0.0,-1.40161,0.033818,0.030879,-0.017531,-0.671764,-0.177524,0.719177,0.70658,0.137965,0.694053,-0.222433,0.974397,0.032755,1e-06,8e-06,1e-05,-8e-05,-7.9e-05,-8.4e-05,-0.949659,0.059381,0.028894,-0.064268,0.32129,-0.168605,-0.93185,0.346206,0.936817,-0.050136,0.881427,-0.306504,0.359362,0.001103,0.005117,0.006029,0.000525,-0.029723,0.048181,0.139594
139,0.122357,-0.026783,0.307537,-0.216264,0.153976,-0.96414,-0.325514,-0.942338,-0.077534,-0.920221,0.296876,0.255116,0.017241,0.008367,0.010434,5.367235,0.358142,-1.393526,-0.301521,-0.186138,-0.022041,0.303881,0.665935,0.263902,0.697767,-0.681242,-0.165728,0.713007,0.302963,-0.950464,0.068518,-0.0,-0.0,-0.0,-0.0,0.0,0.0,-1.401589,0.033795,0.030877,-0.017532,-0.671701,-0.177456,0.719253,0.706649,0.137993,0.693977,-0.222402,0.974405,0.03271,-0.0,9e-06,1.1e-05,-8.4e-05,-3.4e-05,-5.4e-05,-0.949333,0.059566,0.028982,-0.063983,0.326917,-0.15022,-0.933037,0.285072,0.956972,-0.054191,0.901032,-0.248267,0.355674,0.000888,-0.000294,0.010292,0.106565,-0.021952,-0.022643,-0.169841
140,0.122824,-0.026649,0.308219,-0.217686,0.140251,-0.965913,-0.270129,-0.959603,-0.078512,-0.937639,0.24365,0.247981,0.017503,0.009756,0.011988,1.593107,0.027528,-0.400334,-0.902,-0.186171,-0.022036,0.30389,0.665909,0.263872,0.697803,-0.681272,-0.165744,0.712974,0.30295,-0.95047,0.0685,0.0,1e-06,1e-06,-0.0,0.0,0.0,-1.400924,0.033778,0.03088,-0.017528,-0.671672,-0.177429,0.719287,0.70668,0.138006,0.693943,-0.222392,0.974408,0.03269,-1e-06,-2e-06,-1e-06,-4.6e-05,-3.9e-05,-3.2e-05,-0.949496,0.059793,0.029048,-0.063652,0.327904,-0.136404,-0.934811,0.229162,0.971451,-0.061367,0.916495,-0.194101,0.349802,0.001019,0.000356,0.01102,-0.049869,-0.075466,-0.046227,-0.468336
141,0.12315,-0.026588,0.308571,-0.20605,0.142632,-0.968114,-0.258715,-0.962038,-0.086727,-0.943482,0.232412,0.236334,0.017206,-0.000394,0.021298,0.615106,-1.983093,1.968652,-1.247162,-0.186171,-0.022036,0.30389,0.665909,0.263872,0.697803,-0.681272,-0.165744,0.712974,0.30295,-0.95047,0.0685,0.0,0.0,0.0,-0.0,0.0,0.0,-1.396202,0.033778,0.03088,-0.017528,-0.671672,-0.177429,0.719287,0.70668,0.138006,0.693943,-0.222392,0.974408,0.03269,-1e-06,-2e-06,-1e-06,-4.6e-05,-3.9e-05,-3.6e-05,-0.949496,0.059968,0.029081,-0.063463,0.319554,-0.139121,-0.937298,0.213028,0.974389,-0.071998,0.92331,-0.176664,0.341007,0.008644,-7.5e-05,0.01079,0.616725,-1.931565,1.982373,-0.621993
142,0.123999,-0.026297,0.309238,-0.184817,0.155169,-0.970469,-0.252879,-0.961696,-0.105662,-0.949468,0.225684,0.218185,0.032869,0.010058,0.012765,0.666728,-1.598218,2.510248,-1.886304,-0.186207,-0.022034,0.303847,0.668979,0.26357,0.694975,-0.678458,-0.165006,0.715823,0.302499,-0.950682,0.067541,-0.000694,0.010684,-0.008665,0.028841,0.000442,0.025676,-1.325185,0.03376,0.030877,-0.017545,-0.674912,-0.176814,0.7164,0.703722,0.137812,0.696981,-0.221965,0.974548,0.031417,-1.9e-05,-0.000338,-0.000383,0.010993,-0.0053,-0.00723,-0.93333,0.060393,0.029228,-0.063128,0.297687,-0.1512,-0.942613,0.209251,0.973701,-0.090103,0.931447,-0.17042,0.321497,0.016487,0.005127,0.006484,0.66986,-1.541836,2.528769,-0.894688
143,0.124853,-0.025663,0.309694,-0.178783,0.153302,-0.971895,-0.253477,-0.9616,-0.105104,-0.95047,0.227365,0.211986,0.033532,0.022651,0.006108,0.027945,-0.14334,0.07716,-1.917185,-0.186222,-0.022038,0.303797,0.674976,0.272337,0.685735,-0.669813,-0.163268,0.724313,0.308363,-0.948519,0.071329,-6e-06,-9.4e-05,-0.000106,0.006566,-0.103294,0.171931,-1.14866,0.033753,0.030877,-0.017575,-0.681753,-0.185431,0.707691,0.695193,0.137078,0.705631,-0.227854,0.973049,0.035457,3e-06,-2.3e-05,-2.4e-05,0.000681,-0.016835,-0.018419,-0.850705,0.060807,0.029535,-0.062904,0.291508,-0.150285,-0.944688,0.209891,0.973563,-0.090111,0.933256,-0.172014,0.315345,0.00903,0.00661,0.007857,-0.010972,-0.099594,0.027385,-0.925713
144,0.125762,-0.024774,0.309985,-0.180342,0.151864,-0.971833,-0.253204,-0.961859,-0.103373,-0.950246,0.227235,0.213126,0.033337,0.022321,0.00559,0.038305,-0.074628,0.12554,-1.919703,-0.186214,-0.021925,0.303769,0.67873,0.30556,0.667795,-0.648989,-0.175708,0.740185,0.342649,-0.936131,0.078186,6.4e-05,0.001041,0.00118,0.829956,-1.050897,2.417136,-0.762651,0.033756,0.030933,-0.01759,-0.687327,-0.217559,0.692999,0.677097,0.153426,0.719721,-0.262906,0.963912,0.041855,-0.000274,0.006287,-0.00325,-0.053331,-0.208875,0.168092,-0.689864,0.061275,0.029991,-0.062754,0.293066,-0.149061,-0.9444,0.209482,0.973781,-0.088692,0.93286,-0.171842,0.316607,0.016661,0.011144,0.002764,0.038792,-0.07496,0.129861,-0.904975
145,0.126272,-0.024343,0.310067,-0.179112,0.149104,-0.972488,-0.252995,-0.962168,-0.100981,-0.950536,0.227756,0.211269,0.032925,0.020599,0.003564,0.007844,-0.338764,-0.032051,-1.919231,-0.186203,-0.021854,0.303771,0.677061,0.334529,0.655493,-0.631924,-0.191935,0.750845,0.376132,-0.92298,0.080599,9.8e-05,0.001611,0.001826,-0.36315,-0.475637,0.652955,-0.52648,0.033761,0.030969,-0.017589,-0.689471,-0.248929,0.680193,0.660342,0.169841,0.731506,-0.297619,0.953513,0.047278,7.3e-05,0.000861,0.000993,-0.382187,-0.460228,0.669807,-0.612464,0.06153,0.030208,-0.062709,0.292309,-0.146907,-0.944972,0.209055,0.974047,-0.08676,0.933194,-0.17219,0.315434,0.016435,0.01018,0.001632,-0.002401,-0.433926,-0.085716,-0.906608
146,0.127259,-0.023679,0.31013,-0.180694,0.143708,-0.973007,-0.252966,-0.962758,-0.095271,-0.950243,0.228738,0.211529,0.016933,0.017418,-0.000608,0.027364,-0.129793,0.020584,-1.919188,-0.186158,-0.021744,0.303798,0.665956,0.411187,0.622431,-0.587029,-0.225766,0.777407,0.459335,-0.883592,0.090224,4.4e-05,0.000722,0.000818,-1.05222,-1.560593,0.683949,-0.153614,0.033784,0.031027,-0.017573,-0.686001,-0.325933,0.650515,0.619241,0.207887,0.75718,-0.382024,0.922252,0.05922,-0.00015,0.000587,0.000393,-3.349003,-4.753613,0.739603,-0.480852,0.062018,0.030538,-0.062673,0.293014,-0.140748,-0.945691,0.208353,0.974733,-0.080515,0.933129,-0.173446,0.314936,0.015693,0.002213,0.002965,-0.006391,-0.1365,0.03454,-0.908568
147,0.127768,-0.023449,0.310077,-0.181665,0.138855,-0.973531,-0.253049,-0.963223,-0.09022,-0.950034,0.229782,0.211332,0.030855,0.001866,0.00303,-0.023479,-0.224632,-0.049671,-1.919292,-0.186201,-0.021759,0.303832,0.649848,0.45932,0.605569,-0.559937,-0.249241,0.790117,0.513019,-0.853086,0.094438,0.000669,-0.011092,0.008201,-3.715566,-4.982579,0.004012,-0.026786,0.033762,0.031025,-0.017558,-0.676503,-0.372718,0.635156,0.595112,0.231362,0.769619,-0.433802,0.898639,0.065292,1.4e-05,5e-06,2.3e-05,-1.017147,-1.614393,0.43817,-0.42566,0.062268,0.03066,-0.062699,0.294195,-0.1362,-0.94599,0.20788,0.975215,-0.075759,0.932863,-0.174365,0.315217,0.008064,0.006735,-0.002566,-0.011302,-0.273118,-0.179924,-0.907098
148,0.128622,-0.023133,0.309818,-0.18374,0.132967,-0.973963,-0.252972,-0.963813,-0.083912,-0.949653,0.230796,0.21194,0.030304,0.008195,-0.010648,0.03593,-0.056976,0.068897,-1.918422,-0.186401,-0.021792,0.303857,0.600604,0.557781,0.572841,-0.50313,-0.292981,0.812993,0.620532,-0.777176,0.103928,-0.015008,-0.00157,-0.000626,-1.036973,-1.799682,0.47476,0.169271,0.033668,0.031007,-0.017541,-0.634437,-0.479522,0.606256,0.541889,0.283393,0.791229,-0.551221,0.830509,0.080053,-0.000151,2.2e-05,-0.000312,-3.465993,-5.15946,-0.096525,-0.290292,0.062689,0.030812,-0.06282,0.29547,-0.129727,-0.946503,0.207088,0.975878,-0.069107,0.932637,-0.17559,0.315207,0.007434,-0.000947,-0.000866,0.004303,-0.002832,0.042776,-0.906608
149,0.129306,-0.022969,0.309492,-0.184806,0.131992,-0.973894,-0.252494,-0.964035,-0.082797,-0.949572,0.23043,0.212699,0.014971,0.007711,-0.011649,0.035663,-0.015262,0.021945,-1.918175,-0.186816,-0.02192,0.303853,0.546771,0.630295,0.551145,-0.461959,-0.32174,0.826445,0.697524,-0.707252,0.114536,-0.015104,-0.00299,-0.002244,-0.249458,-0.706293,0.393575,0.306419,0.033455,0.030943,-0.017542,-0.586161,-0.558726,0.586719,0.503124,0.316596,0.804135,-0.635044,0.766545,0.095532,-0.007527,-0.001592,-0.001165,-0.247084,-0.707052,0.3903,0.015225,0.063042,0.030894,-0.06299,0.296629,-0.129006,-0.946238,0.206506,0.976055,-0.068335,0.932397,-0.175134,0.316167,0.00737,-0.001279,-0.001247,0.001467,-0.015296,0.032139,-0.908078
150,0.129841,-0.022852,0.309203,-0.1845,0.128318,-0.974443,-0.252003,-0.964454,-0.079343,-0.949763,0.230758,0.211491,0.014588,-0.003315,-0.003338,-0.00586,0.080181,-0.179084,-1.917603,-0.187675,-0.022139,0.303748,0.494011,0.679758,0.542102,-0.432755,-0.348391,0.831433,0.753395,-0.646168,0.121354,-0.030225,-0.005726,-0.004239,-2.990843,-4.722484,-0.61131,0.39738,0.033037,0.030836,-0.017593,-0.541378,-0.609556,0.579093,0.478421,0.343044,0.808352,-0.691391,0.714675,0.105908,-0.015088,-0.002865,-0.002056,-0.067409,-0.217414,0.082222,0.266366,0.063309,0.030954,-0.063142,0.295824,-0.125275,-0.946992,0.205629,0.976472,-0.06494,0.932847,-0.175518,0.314624,0.007396,-0.001142,-0.001093,0.002018,-0.012233,0.031784,-0.909384
151,0.130076,-0.022809,0.309102,-0.186357,0.126555,-0.974321,-0.251963,-0.964641,-0.077159,-0.949409,0.23095,0.212867,0.014808,-0.002152,-0.002025,0.000943,-0.015111,0.029314,-1.917865,-0.188254,-0.022295,0.303647,0.462757,0.700446,0.543344,-0.425056,-0.362404,0.829412,0.777265,-0.615629,0.129317,-0.045311,-0.007643,-0.005326,-2.626487,-5.184479,-1.015419,0.417405,0.032753,0.030759,-0.017642,-0.514265,-0.631921,0.579833,0.470142,0.357729,0.806843,-0.717284,0.687535,0.113125,-0.015174,-0.003906,-0.003253,0.001849,-0.292683,-0.00492,0.32809,0.063431,0.030972,-0.063196,0.297853,-0.123465,-0.946593,0.205322,0.976678,-0.062782,0.932269,-0.175657,0.316257,0.00741,-0.00106,-0.001004,0.002417,-0.009433,0.035819,-0.910201
152,0.130507,-0.022811,0.308939,-0.185988,0.122993,-0.974847,-0.251901,-0.964925,-0.073736,-0.949498,0.231692,0.21166,-0.000334,-0.001778,-0.002016,-0.000808,0.012572,-0.026068,-1.916097,-0.189596,-0.022796,0.303411,0.402695,0.733857,0.547066,-0.41145,-0.38862,0.824389,0.817056,-0.557973,0.144738,-0.045632,-0.010772,-0.008995,-0.587108,-1.742635,-0.645403,0.439121,0.032083,0.03051,-0.017759,-0.453398,-0.672934,0.584455,0.458359,0.38634,0.800404,-0.764418,0.630793,0.13328,-0.015125,-0.011187,-0.001567,-2.582236,-5.074556,-1.334942,0.386874,0.063647,0.030974,-0.063274,0.297267,-0.119879,-0.947238,0.204879,0.976986,-0.059347,0.932553,-0.176428,0.314987,0.00741,-0.001055,-0.001002,0.003746,-0.002885,0.040624,-0.91167
153,0.130854,-0.022892,0.308825,-0.185931,0.123132,-0.97484,-0.251869,-0.964921,-0.073895,-0.949517,0.231633,0.211635,0.014492,-0.003865,-0.003985,-0.003504,0.103332,-0.165122,-1.916533,-0.19122,-0.023562,0.303044,0.326767,0.771526,0.54586,-0.394367,-0.413442,0.820655,0.858403,-0.484386,0.168453,-0.031265,-0.016765,-0.017094,0.009908,-0.734272,-0.36583,0.436663,0.031266,0.030134,-0.017934,-0.379167,-0.7178,0.583947,0.443586,0.412831,0.795488,-0.812073,0.560654,0.161874,-0.022848,-0.014387,-0.004393,-0.539963,-1.918394,-0.359122,0.404999,0.063821,0.030934,-0.063331,0.297332,-0.120144,-0.947184,0.204874,0.976971,-0.05961,0.932534,-0.176329,0.3151,0.007245,-0.001937,-0.002006,-0.003612,0.103607,-0.164815,-0.914283
154,0.131133,-0.022997,0.308729,-0.18645,0.122693,-0.974796,-0.251797,-0.964981,-0.07335,-0.949434,0.231616,0.212028,0.014606,-0.003277,-0.003324,0.000984,-0.014715,0.029553,-1.916711,-0.193011,-0.02463,0.30249,0.251078,0.809095,0.531335,-0.383174,-0.420878,0.822176,0.888506,-0.411028,0.203656,-0.046886,-0.021592,-0.021855,-0.175524,-2.444214,0.143954,0.417711,0.030359,0.029593,-0.018218,-0.307849,-0.76192,0.56983,0.432606,0.421331,0.797076,-0.847395,0.491892,0.199905,-0.023469,-0.011083,-0.01122,-0.056383,-2.555,0.146626,0.390467,0.063955,0.03088,-0.06338,0.297835,-0.11966,-0.947087,0.20474,0.977032,-0.059059,0.932403,-0.176317,0.315494,-0.000197,-0.00107,-0.00122,-0.0007,0.014941,-0.024579,-0.915916
155,0.131261,-0.023036,0.308673,-0.186862,0.122311,-0.974765,-0.251693,-0.965043,-0.072897,-0.94938,0.231561,0.212328,-0.000404,-0.002174,-0.00247,-0.00057,0.01494,-0.024638,-1.916602,-0.193956,-0.025208,0.302121,0.218778,0.824889,0.521235,-0.381181,-0.419358,0.823877,0.897892,-0.379956,0.222004,-0.047263,-0.024255,-0.02512,0.297183,-1.238073,-0.160106,0.411955,0.029904,0.029314,-0.018392,-0.27771,-0.780655,0.559869,0.43014,0.420063,0.799078,-0.858984,0.462735,0.219135,-0.030849,-0.017427,-0.007618,-0.153299,-2.635553,0.262607,0.380996,0.064025,0.03086,-0.063409,0.298205,-0.119277,-0.94702,0.204592,0.977089,-0.058641,0.932317,-0.176266,0.315776,-0.000194,-0.001053,-0.001201,-0.000682,0.014927,-0.024614,-0.916732
156,0.131539,-0.023091,0.308508,-0.187314,0.121905,-0.97473,-0.25143,-0.965146,-0.072443,-0.94936,0.231349,0.212649,-0.000465,-0.002513,-0.002858,-0.000571,0.014945,-0.024635,-1.915701,-0.196011,-0.026512,0.301304,0.152191,0.850454,0.503545,-0.376933,-0.42091,0.82504,0.91339,-0.316425,0.255845,-0.047351,-0.03841,-0.020914,-2.454756,-5.202362,-1.405435,0.415813,0.028876,0.028665,-0.018805,-0.217116,-0.81144,0.542608,0.42914,0.419925,0.799688,-0.876754,0.40648,0.257049,-0.031201,-0.019182,-0.009864,0.394456,-0.753186,-0.075039,0.374464,0.064164,0.030834,-0.06349,0.298612,-0.118862,-0.946943,0.204285,0.977177,-0.058237,0.932254,-0.176056,0.316079,0.007337,-0.001484,-0.001496,0.000911,-0.014718,0.029584,-0.917222
157,0.131801,-0.023054,0.308321,-0.187834,0.121389,-0.974694,-0.250949,-0.96531,-0.071914,-0.949384,0.230933,0.212994,1e-06,0.009141,-0.010466,0.030759,0.102849,-0.177489,-1.915922,-0.19821,-0.028249,0.300476,0.067009,0.866987,0.493796,-0.371256,-0.437589,0.818913,0.925959,-0.239282,0.291902,-0.047725,-0.053789,-0.018322,-0.239273,-2.3047,-0.710668,0.416384,0.027777,0.027802,-0.01922,-0.131941,-0.836413,0.531981,0.422156,0.438158,0.7936,-0.896869,0.329288,0.295285,-0.031716,-0.021511,-0.013385,-2.043012,-5.69019,-1.746596,0.37822,0.064294,0.030847,-0.063581,0.299011,-0.118419,-0.946873,0.2038,0.9773,-0.057867,0.932232,-0.17567,0.316358,0.0074,-0.001137,-0.001103,0.000935,-0.014725,0.029569,-0.918202
158,0.131958,-0.022994,0.308221,-0.187817,0.121399,-0.974696,-0.250675,-0.965376,-0.07199,-0.94946,0.230654,0.212959,-7.9e-05,-0.00043,-0.00049,-0.0,-0.0,-0.0,-1.915821,-0.199331,-0.029334,0.300069,0.028396,0.870851,0.490717,-0.371047,-0.446542,0.81416,0.928079,-0.206286,0.309801,-0.063522,-0.056575,-0.021069,0.516014,-1.036032,-0.3255,0.416819,0.027223,0.027262,-0.019421,-0.092186,-0.843917,0.528492,0.42222,0.447547,0.788309,-0.901793,0.295812,0.315061,-0.024147,-0.028425,-0.011087,0.390369,-1.436998,-0.464938,0.37773,0.064367,0.030874,-0.063634,0.299122,-0.118283,-0.946855,0.203487,0.977369,-0.057811,0.932265,-0.17538,0.316421,-4.2e-05,-0.000242,-0.000279,-4.2e-05,1e-06,1.9e-05,-0.918365
159,0.132267,-0.022838,0.308061,-0.189785,0.119492,-0.97455,-0.250294,-0.965642,-0.069712,-0.949167,0.230539,0.214386,2.2e-05,0.000118,0.000134,-0.0,0.0,-0.0,-1.915615,-0.201575,-0.031912,0.299225,-0.058279,0.872196,0.485663,-0.369424,-0.470682,0.801198,0.927445,-0.133815,0.349001,-0.064446,-0.073515,-0.020827,-0.142008,-2.327976,-0.971607,0.417685,0.026102,0.025982,-0.01984,-0.007632,-0.852816,0.522154,0.423088,0.470375,0.774431,-0.906055,0.226828,0.357227,-0.024738,-0.031137,-0.015283,-1.904221,-5.688859,-2.175583,0.379363,0.064527,0.030957,-0.063717,0.300933,-0.116291,-0.946528,0.202832,0.977632,-0.055625,0.931825,-0.175246,0.31779,0.007684,0.004986,-0.004574,0.036512,-0.030546,0.047499,-0.918855
160,0.132621,-0.022714,0.30793,-0.19131,0.118058,-0.974427,-0.250102,-0.965816,-0.067967,-0.948909,0.230551,0.21551,0.015022,-0.001008,-0.000775,0.000984,-0.014715,0.029553,-1.915416,-0.20376,-0.034884,0.298377,-0.135567,0.8648,0.48346,-0.371491,-0.49662,0.784409,0.918602,-0.074345,0.387952,-0.050012,-0.074668,-0.024196,-2.069635,-5.328092,-2.27898,0.414995,0.025003,0.02449,-0.020271,0.067301,-0.852225,0.518827,0.42957,0.494092,0.755871,-0.900521,0.172002,0.399343,-0.032469,-0.042808,-0.007388,0.761118,-1.134406,-0.325124,0.378057,0.064704,0.031019,-0.063782,0.302357,-0.114768,-0.946259,0.202443,0.977809,-0.053908,0.931448,-0.175264,0.318882,0.007519,-0.000478,-0.000362,0.001422,-0.015593,0.030895,-0.919998
161,0.132763,-0.022628,0.30789,-0.193008,0.116434,-0.974288,-0.250097,-0.965958,-0.065948,-0.948565,0.230786,0.216771,0.000185,0.001022,0.001163,-0.0,0.0,-0.0,-1.915797,-0.204874,-0.036422,0.297973,-0.170084,0.861761,0.477944,-0.379312,-0.50478,0.775406,0.909664,-0.050486,0.412099,-0.050333,-0.074149,-0.024107,0.9205,-1.532621,-0.448619,0.411884,0.024427,0.02369,-0.020485,0.105679,-0.852396,0.512105,0.434254,0.502847,0.747374,-0.894569,0.143403,0.423297,-0.025167,-0.03714,-0.012072,0.92358,-1.537317,-0.450377,0.37626,0.064775,0.031062,-0.063803,0.303945,-0.113044,-0.945958,0.20221,0.977966,-0.051896,0.930982,-0.175509,0.320106,0.000103,0.000559,0.000632,0.00071,-0.001394,0.002109,-0.921141
162,0.132943,-0.022433,0.307787,-0.192803,0.116593,-0.97431,-0.249607,-0.966063,-0.066267,-0.948736,0.230266,0.216575,6e-05,0.000333,0.000379,-0.003934,0.103572,-0.169754,-1.913834,-0.206884,-0.039281,0.297159,-0.215894,0.861303,0.459933,-0.406807,-0.507444,0.759567,0.88786,-0.024199,0.459328,-0.050537,-0.07039,-0.020378,0.965211,-1.421478,-0.149437,0.401922,0.023421,0.022255,-0.020898,0.151655,-0.856447,0.493456,0.461961,0.502765,0.730628,-0.873837,0.117155,0.471892,-0.025241,-0.03505,-0.009963,0.893543,-1.38625,-0.125033,0.36385,0.064865,0.031161,-0.063852,0.303736,-0.113231,-0.946003,0.201754,0.978039,-0.052288,0.931149,-0.174979,0.319911,2.7e-05,0.000141,0.000157,-0.003951,0.103562,-0.169694,-0.922774
163,0.132879,-0.022255,0.307644,-0.193147,0.11614,-0.974295,-0.248973,-0.966253,-0.065878,-0.948832,0.229698,0.216757,-0.00019,-0.001049,-0.001194,0.0,-0.0,-0.0,-1.894525,-0.20818,-0.041393,0.296305,-0.258941,0.858953,0.441748,-0.435805,-0.511933,0.740225,0.862271,-0.001921,0.506308,-0.019104,-0.038438,-0.026505,0.925229,-1.273331,0.0563,0.381933,0.022779,0.021201,-0.02133,0.194433,-0.858149,0.475157,0.490687,0.504528,0.710406,-0.849365,0.095027,0.519179,-0.017069,-0.023986,-0.007713,0.990886,-1.366156,-0.056283,0.349644,0.064834,0.031252,-0.063922,0.304051,-0.112759,-0.945958,0.201073,0.978196,-0.051973,0.931193,-0.174405,0.320094,-0.000107,-0.000609,-0.000691,-3.6e-05,2e-06,1.1e-05,-0.921141
164,0.132688,-0.022125,0.307522,-0.191351,0.113743,-0.974932,-0.248444,-0.966511,-0.064052,-0.949336,0.229812,0.214415,-0.00011,-0.000603,-0.000687,-0.000178,-0.001705,-0.001039,-1.875602,-0.208383,-0.042269,0.295596,-0.29187,0.857456,0.423761,-0.463954,-0.514249,0.721269,0.836726,0.012834,0.547346,-0.00151,-0.010695,-0.014,0.691025,-0.536059,-0.202264,0.367019,0.022668,0.020737,-0.021709,0.228995,-0.860077,0.455881,0.519643,0.504022,0.689878,-0.823123,0.078918,0.562352,-0.000638,-0.004595,-0.006005,0.624471,-0.458844,-0.235649,0.322211,0.064738,0.031315,-0.063985,0.302097,-0.11037,-0.946865,0.200329,0.978444,-0.050136,0.931989,-0.174538,0.317695,-0.00754,0.000305,0.000164,0.000842,0.02707,-0.022242,-0.918528
165,0.132587,-0.022066,0.307461,-0.191428,0.113605,-0.974933,-0.248222,-0.966575,-0.063948,-0.949379,0.229611,0.214443,0.000235,0.010456,-0.008963,0.035271,-0.015354,0.017085,-1.87019,-0.208188,-0.042227,0.295366,-0.302494,0.856052,0.419123,-0.475564,-0.516519,0.712026,0.826381,0.014988,0.56279,-0.000731,0.008712,-0.011368,0.776445,-0.65362,0.016671,0.365111,0.022766,0.020752,-0.021823,0.238463,-0.859855,0.451423,0.529851,0.504747,0.681533,-0.813875,0.076666,0.575959,0.007545,0.00472,-0.00555,0.857512,0.551448,-1.688285,0.31421,0.064687,0.03134,-0.064013,0.302272,-0.110305,-0.946817,0.20012,0.978489,-0.050106,0.931977,-0.174331,0.317844,-0.007548,0.000256,0.000107,-0.000727,0.016805,-0.028301,-0.918202
166,0.132367,-0.021979,0.307321,-0.191778,0.113136,-0.974919,-0.247761,-0.966723,-0.063502,-0.949428,0.229222,0.214641,-0.014864,0.01097,-0.008757,0.034285,-0.000637,-0.012465,-1.85667,-0.207448,-0.041667,0.295261,-0.301219,0.85221,0.42778,-0.481804,-0.523048,0.703008,0.823224,0.004584,0.567578,0.03252,0.008228,0.009233,0.212867,1.226237,-1.419737,0.364293,0.023136,0.021041,-0.021872,0.238905,-0.855636,0.45914,0.536854,0.510382,0.671786,-0.809142,0.085998,0.581285,0.016344,0.004733,0.005435,0.184592,1.225273,-1.375522,0.307678,0.064583,0.031385,-0.064082,0.302593,-0.109851,-0.946768,0.199615,0.97861,-0.049747,0.931982,-0.173936,0.318049,-0.000175,-0.000971,-0.001105,-2.9e-05,1.6e-05,3.3e-05,-0.917875
167,0.132241,-0.02193,0.307107,-0.192043,0.108774,-0.975363,-0.247373,-0.967095,-0.0592,-0.949475,0.229768,0.213846,-0.000531,-0.0029,-0.003306,-0.002858,-0.027002,-0.016482,-1.836202,-0.206134,-0.040993,0.295666,-0.276315,0.85043,0.447672,-0.479803,-0.525561,0.702502,0.83304,-0.02175,0.552662,0.048845,0.013992,0.015806,-0.056539,1.662779,-1.801879,0.365284,0.023795,0.021386,-0.021658,0.21397,-0.85114,0.479351,0.534514,0.51275,0.671849,-0.817625,0.112464,0.564659,0.024461,0.007411,0.008461,-0.008266,1.629394,-1.784614,0.307678,0.064514,0.031414,-0.064191,0.302429,-0.105246,-0.947343,0.198704,0.97901,-0.04533,0.932229,-0.174532,0.316994,-0.000278,-0.001532,-0.001743,0.001852,0.00247,0.001938,-0.917875
168,0.132221,-0.021917,0.306981,-0.191995,0.108781,-0.975372,-0.247153,-0.967148,-0.059268,-0.949542,0.229545,0.213787,-0.000622,-0.003398,-0.003877,-0.0006,0.014669,-0.024804,-1.828297,-0.205288,-0.040682,0.295975,-0.2521,0.854059,0.454994,-0.482073,-0.518413,0.706249,0.839355,-0.042366,0.541805,0.048904,0.015175,0.017212,-0.323097,0.223199,0.341309,0.36442,0.024201,0.02154,-0.021504,0.189985,-0.851925,0.487984,0.536528,0.506344,0.675094,-0.822218,0.133559,0.553279,0.02451,0.008036,0.009174,-0.37907,0.444151,0.317698,0.308005,0.064505,0.031422,-0.064253,0.302548,-0.105446,-0.947282,0.1985,0.97904,-0.045583,0.932234,-0.174245,0.317138,-6.1e-05,0.004223,-0.005625,0.036319,-0.008251,0.021454,-0.918039
169,0.132213,-0.021897,0.306706,-0.192182,0.108515,-0.975364,-0.246629,-0.967293,-0.059077,-0.94964,0.229058,0.213874,-0.000692,-0.003777,-0.004316,-0.000557,0.015076,-0.024556,-1.802031,-0.203224,-0.040014,0.296728,-0.20153,0.860707,0.467504,-0.489821,-0.501777,0.712902,0.84842,-0.086401,0.522094,0.06468,0.01847,0.020282,-0.321501,0.346372,0.020262,0.358454,0.025227,0.021876,-0.021125,0.138781,-0.854135,0.50119,0.543271,0.488802,0.682589,-0.828006,0.177552,0.531864,0.032339,0.009248,0.010147,-0.368435,0.322131,0.2495,0.3018,0.0645,0.031431,-0.064391,0.302776,-0.105224,-0.947234,0.197957,0.979154,-0.045494,0.932276,-0.173737,0.317293,-9.9e-05,0.004009,-0.005874,0.03523,-0.015259,0.01718,-0.916079
170,0.132185,-0.021897,0.306502,-0.190295,0.106268,-0.975982,-0.246231,-0.967496,-0.057389,-0.950126,0.229257,0.211491,-0.000531,-0.002894,-0.003311,-0.000597,0.01469,-0.024792,-1.779216,-0.200689,-0.039178,0.297586,-0.18122,0.863417,0.470809,-0.486887,-0.494604,0.71989,0.85464,-0.099854,0.509394,0.064665,0.021421,0.02358,-0.114374,0.176442,-0.096421,0.360905,0.026495,0.022295,-0.020694,0.117603,-0.855118,0.504917,0.539655,0.481849,0.690357,-0.833631,0.191293,0.518136,0.032356,0.010945,0.012062,-0.051807,0.056247,0.062194,0.300493,0.064486,0.03143,-0.064494,0.300789,-0.103039,-0.948108,0.197364,0.97935,-0.04382,0.933045,-0.173941,0.314913,-0.00018,-0.000991,-0.001135,0.001032,0.007155,0.004288,-0.915589
171,0.132146,-0.021892,0.306428,-0.188367,0.104087,-0.976591,-0.246048,-0.96764,-0.055729,-0.95056,0.229655,0.209098,-4.6e-05,-0.00025,-0.000286,-0.000154,-0.001447,-0.000886,-1.770017,-0.198034,-0.038206,0.298489,-0.17503,0.864291,0.471547,-0.482004,-0.492729,0.724447,0.858681,-0.10157,0.502208,0.064473,0.023423,0.025588,-0.101414,0.074557,0.07395,0.365357,0.027799,0.022773,-0.02025,0.111737,-0.855309,0.505925,0.535195,0.480765,0.694572,-0.837305,0.193159,0.511476,0.031961,0.017101,0.008438,-0.104209,0.093012,0.11216,0.305392,0.064466,0.031428,-0.064536,0.29879,-0.100915,-0.948967,0.196987,0.9795,-0.042139,0.933766,-0.174343,0.312544,-9e-06,-5.6e-05,-6.2e-05,0.001783,0.011861,0.007058,-0.916242
172,0.132134,-0.021899,0.306435,-0.188397,0.104059,-0.976588,-0.246068,-0.967637,-0.055689,-0.950549,0.229679,0.209121,-1e-06,-4e-06,-4e-06,-2e-06,-2.1e-05,-1.3e-05,-1.76723,-0.196772,-0.037696,0.298917,-0.174892,0.864192,0.47178,-0.482151,-0.492839,0.724274,0.858627,-0.101881,0.502239,0.064299,0.023725,0.025711,-0.00029,-0.002293,0.02134,0.364915,0.028454,0.023038,-0.020025,0.11144,-0.855228,0.506127,0.535382,0.480739,0.694446,-0.837225,0.193582,0.511448,0.03218,0.012178,0.013209,0.006073,0.088937,-0.156141,0.306699,0.06446,0.031426,-0.064531,0.298907,-0.100968,-0.948925,0.197007,0.979494,-0.042164,0.933725,-0.174342,0.312669,1.3e-05,6.2e-05,7.3e-05,0.000223,0.001966,0.001184,-0.916406
173,0.132125,-0.021898,0.306468,-0.188501,0.103961,-0.976578,-0.246098,-0.967637,-0.055561,-0.95052,0.229725,0.209201,8e-06,4.2e-05,4.8e-05,-0.0,-0.0,-0.0,-1.749444,-0.194245,-0.036509,0.2998,-0.174644,0.864425,0.471444,-0.482853,-0.492354,0.724137,0.858282,-0.102254,0.502751,0.063386,0.035728,0.018066,0.027646,0.071062,-0.108072,0.357143,0.029694,0.02362,-0.019589,0.111301,-0.855488,0.505719,0.536154,0.480159,0.694252,-0.83675,0.193872,0.512115,0.031675,0.017654,0.008733,0.037818,-0.016278,0.037417,0.301963,0.064456,0.031428,-0.064512,0.299018,-0.100878,-0.9489,0.197026,0.979496,-0.042044,0.933685,-0.174386,0.312762,6e-06,2.9e-05,3.4e-05,-4.5e-05,5e-05,5.9e-05,-0.916732
174,0.132147,-0.021889,0.306448,-0.188562,0.103898,-0.976573,-0.246035,-0.967656,-0.055498,-0.950524,0.229671,0.209241,-1.1e-05,-6.2e-05,-7.1e-05,-0.0,-0.0,-0.0,-1.735064,-0.192126,-0.035364,0.300538,-0.174431,0.864458,0.471463,-0.483602,-0.492176,0.723758,0.857904,-0.102837,0.503278,0.047301,0.032097,0.014245,0.035765,-0.000129,0.008796,0.357561,0.03076,0.024196,-0.019206,0.111111,-0.855449,0.505826,0.536832,0.479994,0.693841,-0.83634,0.194451,0.512565,0.023975,0.010823,0.011604,-0.000891,0.011332,-0.009,0.297554,0.064467,0.031433,-0.064523,0.299075,-0.100812,-0.948889,0.196956,0.979512,-0.041988,0.933682,-0.174332,0.312802,-7e-06,-4.1e-05,-4.7e-05,-4.1e-05,-1.7e-05,4.7e-05,-0.916732
175,0.132146,-0.021894,0.306441,-0.188683,0.103778,-0.976563,-0.246011,-0.967671,-0.055355,-0.950507,0.229665,0.209329,-7e-06,-3.9e-05,-4.4e-05,-0.0,-0.0,-0.0,-1.733439,-0.191261,-0.03488,0.300841,-0.174332,0.864272,0.471841,-0.483843,-0.492415,0.723434,0.857787,-0.103262,0.50339,0.031632,0.02984,0.012439,0.031981,0.029865,-0.045125,0.357759,0.031222,0.024454,-0.019047,0.111036,-0.855267,0.50615,0.537113,0.480155,0.693512,-0.836169,0.194855,0.512689,0.023804,0.009544,0.00996,-0.000857,0.011438,-0.008925,0.297718,0.064467,0.03143,-0.064526,0.299187,-0.100686,-0.948867,0.196916,0.979526,-0.04185,0.933654,-0.174326,0.312887,-4e-06,-1.7e-05,-2e-05,-4.5e-05,7e-06,2.3e-05,-0.916569
176,0.132135,-0.021893,0.306442,-0.188698,0.103759,-0.976562,-0.246007,-0.967673,-0.055333,-0.950504,0.229664,0.20934,-0.0,-0.0,-0.0,-0.0,-0.0,-0.0,-1.727163,-0.189717,-0.034005,0.301337,-0.174152,0.863889,0.472608,-0.484322,-0.492912,0.722776,0.857554,-0.104104,0.503614,0.031731,0.014395,0.015187,-0.004429,0.041749,-0.062626,0.357625,0.031994,0.024898,-0.018798,0.110916,-0.854845,0.50689,0.537635,0.480573,0.692819,-0.83585,0.195677,0.512898,0.015521,0.012388,0.003015,0.031797,0.029836,-0.04519,0.298534,0.064461,0.03143,-0.064526,0.299201,-0.100666,-0.948865,0.19691,0.979528,-0.041828,0.933651,-0.174326,0.312898,-2e-06,4e-06,1e-05,-3.5e-05,8e-06,4.2e-05,-0.917549
177,0.132134,-0.021899,0.306435,-0.188714,0.103744,-0.976561,-0.246004,-0.967675,-0.055315,-0.950502,0.229664,0.209351,-9.4e-05,-0.00051,-0.000584,-0.0,-0.0,-0.0,-1.71313,-0.188653,-0.033314,0.301622,-0.174016,0.863312,0.473711,-0.484738,-0.493717,0.721946,0.857346,-0.105077,0.503766,0.03125,0.009285,0.008902,-0.006186,0.056583,-0.087269,0.359153,0.032521,0.025239,-0.018654,0.110855,-0.854266,0.507876,0.538089,0.481235,0.692005,-0.835565,0.19657,0.513019,0.007975,0.004576,0.004923,0.00541,-0.044817,0.078554,0.299677,0.064461,0.031429,-0.064528,0.299215,-0.10065,-0.948862,0.196906,0.97953,-0.041811,0.933647,-0.174326,0.312909,-6.7e-05,-0.00034,-0.000383,-3.8e-05,-7e-06,2.4e-05,-0.917549
178,0.132144,-0.021906,0.306428,-0.188819,0.103642,-0.976551,-0.245983,-0.967687,-0.055194,-0.950486,0.229658,0.209427,-2e-06,-1.2e-05,-1.4e-05,-0.0,-0.0,-0.0,-1.700309,-0.188124,-0.032741,0.301688,-0.171978,0.863241,0.474584,-0.483694,-0.493573,0.722744,0.858343,-0.106339,0.501799,0.015081,0.01754,-0.001639,-0.078149,0.048628,0.134035,0.357169,0.032797,0.025526,-0.01862,0.109065,-0.853847,0.508968,0.537048,0.481477,0.692646,-0.836471,0.197797,0.511069,-0.000122,0.008388,-0.000713,-0.139277,0.196158,-0.044771,0.298534,0.064466,0.031424,-0.064533,0.299313,-0.100543,-0.948842,0.196872,0.979542,-0.041693,0.933623,-0.174321,0.312983,-2e-06,3e-06,5e-06,-3e-05,-4e-06,1.4e-05,-0.917549
179,0.132132,-0.021911,0.306422,-0.18885,0.103608,-0.976549,-0.245976,-0.967691,-0.055154,-0.950482,0.229657,0.209449,-1.6e-05,-8.6e-05,-9.8e-05,-0.0,-0.0,-0.0,-1.698653,-0.188003,-0.032409,0.301641,-0.171974,0.863131,0.474786,-0.484259,-0.493671,0.722299,0.858026,-0.106783,0.502247,-0.000267,0.016443,-0.001807,0.036413,-0.025107,0.043218,0.356333,0.032863,0.025692,-0.018645,0.108767,-0.853777,0.50915,0.537477,0.481375,0.692384,-0.836234,0.198349,0.511243,-0.000155,0.007917,-0.001279,0.049346,-0.017725,0.013539,0.297391,0.06446,0.031422,-0.064536,0.299341,-0.100507,-0.948837,0.196861,0.979546,-0.041654,0.933616,-0.174321,0.313005,-8e-06,-3.4e-05,-3.9e-05,-2.9e-05,8e-06,8e-06,-0.917875
180,0.132122,-0.021904,0.30643,-0.188745,0.103709,-0.976558,-0.245997,-0.967679,-0.055275,-0.950497,0.229662,0.209373,1.1e-05,6.2e-05,7.1e-05,-0.0,-0.0,-0.0,-1.695546,-0.188075,-0.031658,0.301349,-0.172551,0.865491,0.470258,-0.486594,-0.489883,0.723309,0.856588,-0.105101,0.505048,-0.016339,0.02491,-0.012037,0.071981,-0.165269,0.234572,0.355998,0.032833,0.026063,-0.018788,0.10914,-0.856263,0.504877,0.539579,0.477601,0.693362,-0.83483,0.196747,0.514147,-0.000585,0.011944,-0.007208,0.070488,-0.549575,0.785916,0.296085,0.064455,0.031425,-0.064532,0.299244,-0.100614,-0.948857,0.196896,0.979534,-0.041772,0.93364,-0.174326,0.31293,5e-06,4.5e-05,5.4e-05,-2.1e-05,3e-06,4.3e-05,-0.919019
181,0.13211,-0.021909,0.306424,-0.188776,0.103675,-0.976556,-0.245991,-0.967683,-0.055236,-0.950493,0.229661,0.209394,-1.1e-05,-6.2e-05,-7.1e-05,-0.0,-0.0,-0.0,-1.689261,-0.188421,-0.030797,0.300743,-0.169247,0.869025,0.464912,-0.486437,-0.4838,0.727496,0.857332,-0.104112,0.503989,-0.001311,0.02183,-0.016882,-0.363518,0.308602,0.267556,0.355582,0.032654,0.026495,-0.01909,0.107361,-0.859643,0.499486,0.54059,0.472109,0.696329,-0.834406,0.195259,0.515401,-0.008276,0.010665,-0.008163,0.085116,-0.010859,-0.003554,0.295758,0.064448,0.031423,-0.064535,0.299273,-0.100579,-0.948851,0.196885,0.979538,-0.041733,0.933633,-0.174325,0.312951,-8e-06,-3.5e-05,-3.8e-05,-2.8e-05,-2e-06,1.1e-05,-0.919345
182,0.132086,-0.021912,0.306419,-0.188823,0.103622,-0.976552,-0.245981,-0.967689,-0.055174,-0.950486,0.22966,0.209427,-1.9e-05,-0.000101,-0.000116,-0.0,-0.0,-0.0,-1.688163,-0.188631,-0.030311,0.300386,-0.167881,0.872326,0.459188,-0.487032,-0.478263,0.730752,0.857261,-0.102053,0.504532,-0.001278,0.022211,-0.016421,-0.367695,0.307172,0.275527,0.355826,0.032548,0.026735,-0.019271,0.105553,-0.863083,0.493907,0.540728,0.46665,0.699893,-0.834548,0.193194,0.51595,-0.008563,0.016552,-0.011864,0.126409,-0.035008,0.029781,0.295595,0.064437,0.031421,-0.064537,0.299316,-0.100523,-0.948843,0.196868,0.979544,-0.041673,0.933623,-0.174324,0.312983,-1.2e-05,-5.6e-05,-6.3e-05,-2.6e-05,2e-06,1e-05,-0.919345
183,0.132038,-0.021925,0.306403,-0.188933,0.103501,-0.976544,-0.245958,-0.967703,-0.055032,-0.95047,0.229656,0.209504,-3.2e-05,-0.000171,-0.000196,0.0,0.0,0.0,-1.687445,-0.189126,-0.029261,0.299613,-0.180488,0.87477,0.449658,-0.479768,-0.477277,0.736182,0.858811,-0.083956,0.50523,-0.001259,0.022301,-0.016305,-0.059085,-0.084754,-0.005827,0.362818,0.032301,0.027259,-0.019661,0.115563,-0.86721,0.484345,0.531735,0.465871,0.707263,-0.838988,0.17581,0.514964,-0.008537,0.016673,-0.011711,-0.156328,-0.345892,-0.208014,0.298534,0.064413,0.031414,-0.064545,0.299417,-0.100396,-0.948825,0.19683,0.979557,-0.041535,0.933598,-0.174321,0.313057,-2.2e-05,-0.000113,-0.000129,-2e-05,-0.0,1e-06,-0.919998
184,0.131969,-0.021931,0.306395,-0.186975,0.105361,-0.976722,-0.245811,-0.967604,-0.057376,-0.950897,0.229223,0.208033,-1e-05,-5.4e-05,-6.2e-05,0.0,-0.0,0.0,-1.683346,-0.189595,-0.028198,0.298867,-0.171164,0.878738,0.445549,-0.475033,-0.469679,0.744096,0.863328,-0.08539,0.497229,-0.017062,0.033284,-0.02352,-0.279254,0.269425,0.229746,0.381191,0.032073,0.027786,-0.02003,0.107177,-0.87036,0.480609,0.527413,0.459545,0.7146,-0.842821,0.176891,0.508292,-0.00062,0.011057,-0.008253,-0.534145,0.39139,0.3298,0.315026,0.064378,0.031411,-0.064549,0.297581,-0.102382,-0.949191,0.196944,0.979431,-0.0439,0.934161,-0.173873,0.311623,-2e-06,-1e-05,-1.1e-05,-0.000748,0.001344,-0.002073,-0.920325
185,0.131905,-0.021966,0.306354,-0.187057,0.105265,-0.976717,-0.245793,-0.967615,-0.057265,-0.950886,0.229221,0.208088,-0.000329,-0.001783,-0.002042,-0.000554,0.015087,-0.024549,-1.677477,-0.189974,-0.027273,0.298243,-0.161828,0.882549,0.441488,-0.469746,-0.462225,0.752078,0.867997,-0.086786,0.488787,-0.016373,0.022647,-0.014756,-0.21447,0.204306,0.158339,0.398926,0.031877,0.028261,-0.020351,0.096567,-0.873677,0.476824,0.520958,0.452568,0.723729,-0.848101,0.178516,0.498853,-0.008173,0.011331,-0.007362,-0.226128,0.213147,0.161306,0.33952,0.064347,0.031397,-0.064566,0.297656,-0.102282,-0.949178,0.19692,0.979441,-0.043789,0.934142,-0.173878,0.311678,-7.1e-05,-0.000384,-0.000439,-2.2e-05,2.3e-05,-6.4e-05,-0.920488
186,0.131866,-0.021991,0.306324,-0.187181,0.105133,-0.976707,-0.245768,-0.96763,-0.05711,-0.950868,0.229216,0.208176,-0.000346,-0.001876,-0.002151,0.0,0.0,0.0,-1.677186,-0.190084,-0.026875,0.297985,-0.158275,0.884923,0.438009,-0.467985,-0.457728,0.755916,0.869598,-0.086448,0.485994,-0.001183,0.022989,-0.015461,-0.04935,0.066884,0.10018,0.405158,0.031822,0.028451,-0.020475,0.092292,-0.875943,0.473502,0.518539,0.448243,0.728145,-0.850057,0.178327,0.495581,-0.000269,0.005955,-0.003613,-0.051352,0.073812,0.071634,0.348337,0.064327,0.031384,-0.064582,0.297786,-0.102125,-0.949154,0.196872,0.979458,-0.043619,0.934111,-0.173873,0.311774,-0.000206,-0.001118,-0.001281,-0.000556,0.015095,-0.024564,-0.920814
187,0.131766,-0.02204,0.306265,-0.187461,0.104829,-0.976686,-0.245709,-0.967666,-0.056755,-0.950827,0.229205,0.208373,-0.000257,-0.001393,-0.001597,0.0,0.0,0.0,-1.677253,-0.190176,-0.026269,0.297684,-0.156145,0.887571,0.43339,-0.460673,-0.453454,0.762951,0.873874,-0.081633,0.479107,-0.000391,0.014093,-0.004616,-0.004679,0.004376,0.064642,0.407828,0.031775,0.028754,-0.020633,0.089738,-0.878589,0.46907,0.511119,0.444848,0.735436,-0.854811,0.173754,0.488983,-0.000215,0.006712,-0.002705,0.049714,-0.003062,0.021862,0.361727,0.064277,0.031358,-0.064613,0.298045,-0.101806,-0.949107,0.196774,0.979493,-0.043273,0.934049,-0.173863,0.311966,-0.000156,-0.000856,-0.00098,2e-06,-1.4e-05,-2e-05,-0.921305
188,0.131656,-0.022077,0.306221,-0.187727,0.104537,-0.976666,-0.245654,-0.9677,-0.056414,-0.950789,0.229195,0.208559,-0.000309,-0.001671,-0.001918,-0.000552,0.015087,-0.024549,-1.675694,-0.19013,-0.02597,0.297716,-0.154222,0.888103,0.432989,-0.459462,-0.452315,0.764356,0.87485,-0.082176,0.47723,0.000287,0.003754,0.00449,-0.000352,0.000261,0.000188,0.403317,0.031798,0.028907,-0.020621,0.088047,-0.878941,0.468731,0.510323,0.443917,0.736551,-0.855463,0.174354,0.48763,0.000158,0.002058,0.00246,-0.002786,0.099567,-0.172496,0.361074,0.064222,0.03134,-0.064634,0.298276,-0.101516,-0.949065,0.196687,0.979524,-0.042959,0.933994,-0.173855,0.312136,-5.3e-05,-0.000276,-0.000316,8e-06,-2.1e-05,-4.3e-05,-0.921468
189,0.13162,-0.022091,0.306204,-0.187821,0.104434,-0.976659,-0.245634,-0.967712,-0.056294,-0.950775,0.229192,0.208625,-0.000125,-0.000673,-0.000772,0.0,0.0,0.0,-1.67456,-0.190031,-0.025919,0.297835,-0.154182,0.887984,0.433248,-0.45932,-0.452532,0.764313,0.874931,-0.08227,0.477063,0.00034,0.004472,0.005344,-6e-06,4e-06,3e-06,0.399327,0.031848,0.028934,-0.02056,0.0881,-0.878809,0.468969,0.510254,0.444155,0.736455,-0.855498,0.174412,0.487546,0.007773,0.002769,0.002749,0.004371,-0.032363,0.052292,0.357809,0.064203,0.031331,-0.064646,0.298377,-0.101393,-0.949046,0.196649,0.979538,-0.042825,0.933969,-0.173851,0.31221,-7e-05,-0.000379,-0.000433,1.3e-05,-7e-06,-4e-05,-0.921958
190,0.131578,-0.022125,0.306148,-0.187977,0.104266,-0.976647,-0.245577,-0.967738,-0.056102,-0.950759,0.22916,0.208733,-0.000256,-0.001382,-0.001587,0.0,0.0,0.0,-1.673575,-0.18981,-0.025818,0.298246,-0.154084,0.887703,0.433859,-0.458763,-0.453063,0.764332,0.875241,-0.08238,0.476477,0.016297,-0.003737,0.015856,-0.032615,-0.018329,0.036292,0.395734,0.031952,0.028986,-0.02036,0.088096,-0.878475,0.469594,0.509748,0.444781,0.736428,-0.8558,0.174499,0.486985,0.000282,0.003817,0.004545,0.001158,-0.01611,0.023782,0.351114,0.064183,0.031316,-0.064671,0.298521,-0.101215,-0.94902,0.19657,0.979561,-0.04264,0.93394,-0.17382,0.312316,-0.000143,-0.000778,-0.000893,-0.000533,0.015083,-0.024587,-0.923264
