frame,MLTx,MLTy,MLTz,MLTR1,MLTR2,MLTR3,MLTR4,MLTR5,MLTR6,MLTR7,MLTR8,MLTR9,MLTTVx,MLTTVy,MLTTVz,MLTRVx,MLTRVy,MLTRVz,MLGA,MRTx,MRTy,MRTz,MRTR1,MRTR2,MRTR3,MRTR4,MRTR5,MRTR6,MRTR7,MRTR8,MRTR9,MRTTVx,MRTTVy,MRTTVz,MRTRVx,MRTRVy,MRTRVz,MRGA,SLTx,SLTy,SLTz,SLTR1,SLTR2,SLTR3,SLTR4,SLTR5,SLTR6,SLTR7,SLTR8,SLTR9,SLTTVx,SLTTVy,SLTTVz,SLTRVx,SLTRVy,SLTRVz,SLGA,SRTx,SRTy,SRTz,SRTR1,SRTR2,SRTR3,SRTR4,SRTR5,SRTR6,SRTR7,SRTR8,SRTR9,SRTTVx,SRTTVy,SRTTVz,SRTRVx,SRTRVy,SRTRVz,SRGA
1,0.123642,-0.004167,0.363233,-0.128821,0.622475,-0.771995,-0.90173,-0.397416,-0.170044,-0.412499,0.673451,0.613462,0.012982,-0.004791,-0.003682,-0.000273,-0.013941,0.028185,0.378554,-0.151508,-0.002247,0.335907,0.151201,0.2656,0.952148,-0.766071,0.640189,-0.056807,-0.6248,-0.721149,0.299051,5e-06,-8.8e-05,-7.6e-05,0.053982,-0.220081,-0.132765,0.429165,0.042571,0.022782,-0.010758,-0.138096,-0.270573,0.952743,0.709751,-0.697969,-0.095343,0.690783,0.663045,0.288426,-1e-06,2.2e-05,1.7e-05,0.000563,-0.002864,-0.00178,0.518323,0.076798,0.022925,-0.061809,-0.20101,0.640898,-0.74084,-0.828414,-0.514838,-0.220613,-0.522804,0.569377,0.634417,-0.000143,0.003401,-0.005925,0.029958,0.088969,-0.184384,0.322317
2,0.123972,-0.004153,0.36295,-0.133597,0.622337,-0.771294,-0.902449,-0.397968,-0.164864,-0.409393,0.673253,0.615756,0.012939,-0.005038,-0.003877,0.000984,-0.014714,0.029553,0.377999,-0.151507,-0.002262,0.335908,0.150126,0.269215,0.951303,-0.769684,0.635704,-0.058317,-0.620603,-0.723777,0.301433,0.0,-3e-06,-2e-06,0.000109,-0.000436,-0.000262,0.439153,0.042571,0.022782,-0.010758,-0.138096,-0.270573,0.952743,0.709751,-0.697969,-0.095343,0.690783,0.663045,0.288426,-1e-06,2.2e-05,1.7e-05,0.000563,-0.002864,-0.00178,0.518323,0.076963,0.022932,-0.061952,-0.205702,0.640024,-0.740306,-0.829163,-0.515787,-0.215527,-0.519783,0.569501,0.636783,0.006629,0.002427,-0.006671,0.038589,-0.018264,0.024454,0.317908
3,0.124162,-0.004106,0.362679,-0.136983,0.622185,-0.770822,-0.90255,-0.399015,-0.16175,-0.408045,0.672774,0.617172,-0.000592,-0.003023,-0.00233,-0.0,-0.0,-0.0,0.374349,-0.151508,-0.002242,0.335925,0.149898,0.269259,0.951326,-0.769724,0.635639,-0.058504,-0.620609,-0.723818,0.301323,-1e-05,0.000168,0.000146,0.070725,0.135588,-0.196199,0.378868,0.042571,0.022782,-0.010758,-0.138096,-0.270573,0.952743,0.709751,-0.697969,-0.095343,0.690783,0.663045,0.288426,-1e-06,2.2e-05,1.7e-05,0.000563,-0.002864,-0.00178,0.518323,0.077063,0.022954,-0.062089,-0.208984,0.639361,-0.739961,-0.829181,-0.517,-0.21253,-0.518443,0.569146,0.638191,-0.000122,0.003509,-0.005838,0.034839,-0.001944,-0.007782,0.317908
4,0.12438,-0.004027,0.362342,-0.136634,0.622113,-0.770943,-0.902252,-0.399399,-0.162459,-0.40882,0.672613,0.616835,-0.000363,0.006473,-0.012087,0.03451,-0.001684,-0.008188,0.335666,-0.152112,-0.002484,0.335721,0.138697,0.270799,0.952587,-0.769575,0.634841,-0.0683,-0.623379,-0.723945,0.295236,-0.028331,-0.001142,-0.016176,0.030547,0.036088,-0.064411,-0.482026,0.042571,0.022782,-0.010758,-0.138096,-0.270573,0.952743,0.709751,-0.697969,-0.095343,0.690783,0.663045,0.288426,-1e-06,2.2e-05,1.7e-05,0.000563,-0.002864,-0.00178,0.518323,0.077167,0.022993,-0.062251,-0.208786,0.639317,-0.740054,-0.828797,-0.517371,-0.213123,-0.519136,0.568857,0.637884,0.006648,0.002512,-0.006607,0.036266,-0.029664,0.047,0.291945
5,0.124474,-0.003983,0.362171,-0.13634,0.62208,-0.771021,-0.902111,-0.399537,-0.162905,-0.40923,0.672562,0.616619,-0.000713,-0.003657,-0.002824,-0.0,-0.0,-0.0,0.313713,-0.152606,-0.002583,0.335402,0.139697,0.276269,0.950869,-0.768849,0.635365,-0.071525,-0.624053,-0.721421,0.299955,-0.028274,-0.00263,-0.017499,0.171731,-0.583627,-0.205656,-1.300292,0.042571,0.022782,-0.010758,-0.138096,-0.270573,0.952743,0.709751,-0.697969,-0.095343,0.690783,0.663045,0.288426,-1e-06,2.2e-05,1.7e-05,0.000563,-0.002864,-0.00178,0.518323,0.077219,0.023016,-0.062342,-0.208324,0.639364,-0.740144,-0.828641,-0.517382,-0.213701,-0.51957,0.568796,0.637587,-0.0002,0.003114,-0.006142,0.034497,-0.00169,-0.008143,0.264675
6,0.124589,-0.003882,0.361825,-0.138212,0.621968,-0.770778,-0.902278,-0.399933,-0.160998,-0.408231,0.672429,0.617425,-0.00068,-0.003494,-0.002702,-0.0,0.0,-0.0,0.296601,-0.152446,-0.002062,0.33511,0.139276,0.291093,0.946498,-0.789403,0.609675,-0.071223,-0.597932,-0.737605,0.313496,0.012209,0.022027,-5.3e-05,-1.545085,-0.010114,-0.524176,-1.408182,0.042571,0.022782,-0.010758,-0.138096,-0.270573,0.952743,0.709751,-0.697969,-0.095343,0.690783,0.663045,0.288426,-1e-06,2.2e-05,1.7e-05,0.000563,-0.002864,-0.00178,0.518323,0.077277,0.023065,-0.062515,-0.210176,0.638963,-0.739967,-0.828799,-0.517908,-0.211807,-0.518572,0.568767,0.638424,-0.000175,0.00324,-0.006043,0.035848,-0.002446,-0.006834,0.223526
7,0.124694,-0.003797,0.361494,-0.14014,0.62186,-0.770517,-0.902455,-0.400323,-0.15902,-0.407178,0.672298,0.618263,-0.000153,0.007555,-0.011253,0.035296,-0.014956,0.017381,0.300878,-0.152371,-0.001457,0.335411,0.124396,0.288813,0.949265,-0.800301,0.594714,-0.075945,-0.586599,-0.750603,0.303907,0.013407,0.009199,0.006636,-0.011946,0.034647,0.092978,-1.408549,0.042571,0.022782,-0.010758,-0.138096,-0.270573,0.952743,0.709751,-0.697969,-0.095343,0.690783,0.663045,0.288426,-1e-06,2.2e-05,1.7e-05,0.000563,-0.002864,-0.00178,0.518323,0.077324,0.023101,-0.062674,-0.212128,0.638553,-0.739764,-0.828982,-0.518434,-0.209793,-0.517484,0.568749,0.639323,-0.000391,-0.002042,-0.001583,0.000295,0.012668,-0.024462,0.217321
8,0.124756,-0.003779,0.361354,-0.139986,0.621833,-0.770566,-0.902343,-0.400462,-0.159308,-0.40748,0.672241,0.618126,-0.000357,0.006507,-0.012065,0.034517,-0.00164,-0.008166,0.302622,-0.152257,-0.001426,0.335467,0.122872,0.28394,0.950932,-0.804101,0.59004,-0.072161,-0.5817,-0.756125,0.299603,1e-06,-1.2e-05,-1.1e-05,-0.06977,0.282372,0.170674,-1.408182,0.042571,0.022782,-0.010758,-0.138096,-0.270573,0.952743,0.709751,-0.697969,-0.095343,0.690783,0.663045,0.288426,-1e-06,2.2e-05,1.7e-05,0.000563,-0.002864,-0.00178,0.518323,0.07736,0.023115,-0.062747,-0.211898,0.638563,-0.739821,-0.828838,-0.518518,-0.210155,-0.517808,0.568661,0.639138,-0.000301,-0.001576,-0.001222,0.000125,-9e-05,0.000159,0.218464
9,0.124883,-0.003796,0.361161,-0.139756,0.621806,-0.77063,-0.902217,-0.400596,-0.159681,-0.407836,0.672186,0.61795,-0.000528,-0.002727,-0.002115,0.0,0.0,0.0,0.305913,-0.152197,-0.001674,0.335408,0.123291,0.278317,0.952539,-0.804501,0.589975,-0.068131,-0.581059,-0.758257,0.295431,0.000322,-0.005868,-0.005103,-0.004966,0.027019,-0.017271,-1.406703,0.042571,0.022782,-0.010758,-0.138096,-0.270573,0.952743,0.709751,-0.697969,-0.095343,0.690783,0.663045,0.288426,-1e-06,2.2e-05,1.7e-05,0.000563,-0.002864,-0.00178,0.518323,0.077423,0.023108,-0.062848,-0.211667,0.63857,-0.739881,-0.828671,-0.518628,-0.210544,-0.518171,0.568553,0.638941,0.006512,-0.00236,-0.001833,0.0002,-0.001401,0.004018,0.22075
10,0.124936,-0.003885,0.361066,-0.142131,0.621764,-0.770229,-0.902654,-0.40069,-0.156956,-0.406044,0.672168,0.619149,-0.000419,-0.002164,-0.00168,-0.0,0.0,-0.0,0.316301,-0.152145,-0.001845,0.335269,0.123336,0.27428,0.953704,-0.79747,0.599332,-0.069113,-0.590664,-0.75236,0.291433,0.000202,-0.003678,-0.003203,-0.002122,0.015557,-0.024195,-1.403389,0.042571,0.022782,-0.010758,-0.138096,-0.270573,0.952743,0.709751,-0.697969,-0.095343,0.690783,0.663045,0.288426,-1e-06,2.2e-05,1.7e-05,0.000563,-0.002864,-0.00178,0.518323,0.07745,0.023063,-0.062896,-0.214025,0.638157,-0.739559,-0.829156,-0.518944,-0.207837,-0.516422,0.568728,0.640198,-0.000229,-0.001193,-0.000928,-0.005523,0.104962,-0.201179,0.228914
11,0.124937,-0.003934,0.361028,-0.142109,0.621766,-0.770232,-0.902656,-0.400678,-0.156973,-0.406047,0.672174,0.619141,-0.000104,-0.000536,-0.000416,0.0,0.0,0.0,0.32165,-0.152038,-0.001883,0.335225,0.120779,0.271614,0.954793,-0.797368,0.59942,-0.069534,-0.591328,-0.753253,0.287757,-5.8e-05,0.00105,0.000915,0.012619,-0.099199,0.171908,-0.894489,0.042571,0.022782,-0.010758,-0.138096,-0.270573,0.952743,0.709751,-0.697969,-0.095343,0.690783,0.663045,0.288426,-1e-06,2.2e-05,1.7e-05,0.000563,-0.002864,-0.00178,0.518323,0.07745,0.023036,-0.062917,-0.213996,0.638162,-0.739562,-0.829159,-0.51893,-0.20786,-0.51643,0.568734,0.640187,-6e-05,-0.000314,-0.000244,1.1e-05,-2.6e-05,2.2e-05,0.237895
12,0.124927,-0.003933,0.361029,-0.142133,0.621764,-0.770229,-0.902653,-0.400691,-0.156955,-0.406044,0.672167,0.619149,-2e-06,-9e-06,-7e-06,0.0,0.0,0.0,0.325314,-0.151848,-0.001774,0.335247,0.121346,0.271507,0.954751,-0.797222,0.599665,-0.069085,-0.591409,-0.753096,0.288001,-0.000226,0.004038,0.003517,0.001863,-0.014511,0.024827,-0.463885,0.042571,0.022782,-0.010758,-0.138096,-0.270573,0.952743,0.709751,-0.697969,-0.095343,0.690783,0.663045,0.288426,-1e-06,2.2e-05,1.7e-05,0.000563,-0.002864,-0.00178,0.518323,0.077445,0.023037,-0.062916,-0.21402,0.638157,-0.73956,-0.829154,-0.518944,-0.207843,-0.516427,0.568728,0.640195,1.3e-05,6.2e-05,4.8e-05,1e-06,-6e-06,1.4e-05,0.241488
13,0.124833,-0.003936,0.361039,-0.142392,0.621753,-0.770191,-0.902634,-0.400813,-0.156756,-0.405997,0.672106,0.619247,-1e-06,-4e-06,-3e-06,0.0,0.0,0.0,0.339689,-0.151482,-0.001578,0.335434,0.1277,0.271003,0.954066,-0.797568,0.599821,-0.063506,-0.589608,-0.753153,0.291524,0.013618,0.005205,0.00316,0.008282,-0.002973,0.011569,0.043914,0.042571,0.022782,-0.010758,-0.138096,-0.270573,0.952743,0.709751,-0.697969,-0.095343,0.690783,0.663045,0.288426,-1e-06,2.2e-05,1.7e-05,0.000563,-0.002864,-0.00178,0.518323,0.077398,0.023036,-0.06291,-0.214274,0.638106,-0.739531,-0.829122,-0.519072,-0.20765,-0.516373,0.568668,0.640292,-0.006806,0.000846,0.000658,-0.001003,0.014717,-0.029556,0.256021
14,0.124702,-0.003913,0.361057,-0.144968,0.621701,-0.769752,-0.903059,-0.400981,-0.153853,-0.404134,0.672053,0.620522,0.0,1e-06,1e-06,-0.0,0.0,-0.0,0.358203,-0.151534,-0.001655,0.335588,0.130348,0.268071,0.954536,-0.798158,0.599473,-0.059242,-0.588232,-0.754474,0.290886,-2e-06,4.1e-05,3.6e-05,-0.000158,0.000633,0.000382,0.179172,0.042571,0.022782,-0.010758,-0.138096,-0.270573,0.952743,0.709751,-0.697969,-0.095343,0.690783,0.663045,0.288426,-1e-06,2.2e-05,1.7e-05,0.000563,-0.002864,-0.00178,0.518323,0.077333,0.023049,-0.062901,-0.216831,0.63765,-0.739178,-0.82959,-0.51947,-0.204766,-0.514551,0.568816,0.641626,0.0,3e-06,3e-06,0.00072,-0.000412,0.000726,0.278555
15,0.12464,-0.003914,0.361069,-0.145131,0.621695,-0.769726,-0.90305,-0.401051,-0.153721,-0.404094,0.672018,0.620586,0.0,0.0,0.0,-0.0,0.0,-0.0,0.367628,-0.151558,-0.001735,0.335615,0.130955,0.270801,0.953682,-0.798044,0.599495,-0.060525,-0.588251,-0.753484,0.293403,6.5e-05,-0.001147,-0.000997,0.00922,-0.036808,-0.022192,0.220666,0.042571,0.022782,-0.010758,-0.138096,-0.270573,0.952743,0.709751,-0.697969,-0.095343,0.690783,0.663045,0.288426,-1e-06,2.2e-05,1.7e-05,0.000563,-0.002864,-0.00178,0.518323,0.077302,0.023048,-0.062894,-0.216986,0.63762,-0.73916,-0.829573,-0.519545,-0.204647,-0.514514,0.568782,0.641686,-2e-06,1e-06,2e-06,8.8e-05,-6.5e-05,0.000109,0.289332
16,0.124548,-0.003903,0.361078,-0.147629,0.621648,-0.769289,-0.903475,-0.401177,-0.150872,-0.402235,0.671986,0.621827,0.0,0.0,0.0,-0.0,0.0,-0.0,0.383988,-0.151419,-0.001752,0.335654,0.137161,0.270346,0.952938,-0.798374,0.599584,-0.055066,-0.586394,-0.753577,0.296862,-0.000105,0.001829,0.00159,-0.231035,-0.452916,0.655011,0.342592,0.042571,0.022782,-0.010758,-0.138096,-0.270573,0.952743,0.709751,-0.697969,-0.095343,0.690783,0.663045,0.288426,-1e-06,2.2e-05,1.7e-05,0.000563,-0.002864,-0.00178,0.518323,0.077256,0.023054,-0.06289,-0.219462,0.637181,-0.738806,-0.830045,-0.519898,-0.20182,-0.5127,0.568951,0.642987,-1e-06,1e-06,3e-06,0.000399,-0.000245,0.000423,0.312846
17,0.124487,-0.003903,0.361091,-0.147793,0.621642,-0.769263,-0.903466,-0.401247,-0.150741,-0.402195,0.67195,0.621892,0.0,0.0,0.0,0.0,0.0,0.0,0.395479,-0.151284,-0.001695,0.33581,0.141051,0.275603,0.950862,-0.798271,0.599701,-0.055284,-0.585615,-0.751583,0.303381,-0.000187,0.00324,0.002812,0.013099,-0.051972,-0.031341,0.414037,0.042571,0.022782,-0.010758,-0.138096,-0.270573,0.952743,0.709751,-0.697969,-0.095343,0.690783,0.663045,0.288426,-1e-06,2.2e-05,1.7e-05,0.000563,-0.002864,-0.00178,0.518323,0.077225,0.023054,-0.062884,-0.219619,0.63715,-0.738787,-0.830027,-0.519973,-0.201697,-0.512661,0.568917,0.643048,-1e-06,-1e-06,3e-06,-1.2e-05,1e-06,2.2e-05,0.331624
18,0.124468,-0.003895,0.36111,-0.147815,0.621643,-0.769257,-0.903474,-0.40124,-0.150709,-0.402169,0.671952,0.621906,4e-05,0.000203,0.000158,0.0,0.0,0.0,0.407052,-0.151365,-0.001789,0.336019,0.141192,0.278417,0.950021,-0.798462,0.5993,-0.056845,-0.585321,-0.750869,0.30571,-7.5e-05,0.001304,0.001131,7.4e-05,-0.000292,-0.000176,0.443587,0.042571,0.022782,-0.010758,-0.138096,-0.270573,0.952743,0.709751,-0.697969,-0.095343,0.690783,0.663045,0.288426,-1e-06,2.2e-05,1.7e-05,0.000563,-0.002864,-0.00178,0.518323,0.077216,0.023058,-0.062874,-0.219641,0.637148,-0.738782,-0.830037,-0.519969,-0.201666,-0.512636,0.568923,0.643063,1.9e-05,0.0001,8.1e-05,-1.4e-05,1e-06,1.7e-05,0.346157
19,0.124469,-0.003896,0.361122,-0.150087,0.621613,-0.768842,-0.903927,-0.401226,-0.148005,-0.400303,0.671989,0.623069,1.1e-05,5.6e-05,4.3e-05,-0.000377,0.000234,-0.00041,0.41542,-0.151333,-0.001894,0.3361,0.141188,0.278434,0.950017,-0.798664,0.599039,-0.056753,-0.585045,-0.751071,0.305741,0.001138,-0.010949,0.008364,-0.036444,0.008834,-0.019103,0.46285,0.042571,0.022782,-0.010758,-0.138096,-0.270573,0.952743,0.709751,-0.697969,-0.095343,0.690783,0.663045,0.288426,-1e-06,2.2e-05,1.7e-05,0.000563,-0.002864,-0.00178,0.518323,0.077217,0.023058,-0.062868,-0.221942,0.636753,-0.738435,-0.830567,-0.520181,-0.19892,-0.510783,0.569171,0.644316,4e-06,2.4e-05,2e-05,0.000353,-4.9e-05,-0.000121,0.354811
20,0.124441,-0.003887,0.361142,-0.15483,0.621539,-0.76796,-0.904773,-0.401325,-0.142463,-0.396563,0.671998,0.625446,0.000102,0.000523,0.000406,-0.000377,0.000234,-0.00041,0.433837,-0.151254,-0.002046,0.336217,0.142834,0.277614,0.950011,-0.7954,0.603381,-0.056612,-0.589082,-0.747891,0.305786,0.001122,-0.010654,0.008622,0.105313,0.000376,0.026519,0.516473,0.042571,0.022782,-0.010758,-0.138096,-0.270573,0.952743,0.709751,-0.697969,-0.095343,0.690783,0.663045,0.288426,-1e-06,2.2e-05,1.7e-05,0.000563,-0.002864,-0.00178,0.518323,0.077202,0.023062,-0.062858,-0.226646,0.635933,-0.737712,-0.831526,-0.520725,-0.193414,-0.507145,0.569591,0.646815,6.4e-05,0.000334,0.00026,0.004076,-0.002323,0.003852,0.378162
21,0.124441,-0.003887,0.361142,-0.15483,0.621539,-0.76796,-0.904773,-0.401325,-0.142463,-0.396563,0.671998,0.625446,0.000102,0.000523,0.000406,-0.000377,0.000234,-0.00041,0.433837,-0.151254,-0.002046,0.336217,0.142834,0.277614,0.950011,-0.7954,0.603381,-0.056612,-0.589082,-0.747891,0.305786,0.001122,-0.010654,0.008622,0.105313,0.000376,0.026519,0.516473,0.042571,0.022782,-0.010758,-0.138096,-0.270573,0.952743,0.709751,-0.697969,-0.095343,0.690783,0.663045,0.288426,-1e-06,2.2e-05,1.7e-05,0.000563,-0.002864,-0.00178,0.518323,0.077202,0.023062,-0.062858,-0.226646,0.635933,-0.737712,-0.831526,-0.520725,-0.193414,-0.507145,0.569591,0.646815,6.4e-05,0.000334,0.00026,0.004076,-0.002323,0.003852,0.378162
22,0.124326,-0.003913,0.361289,-0.157856,0.621506,-0.76737,-0.905228,-0.401499,-0.139035,-0.394321,0.671924,0.626942,-0.013472,0.002403,0.001857,-0.000984,0.014715,-0.029553,0.460121,-0.151219,-0.002411,0.336409,0.151232,0.276209,0.94912,-0.792532,0.607686,-0.050444,-0.590859,-0.744916,0.309595,0.000178,-0.003084,-0.002676,-0.021414,-0.040657,0.058802,0.533398,0.042627,0.022692,-0.010663,-0.142967,-0.271693,0.951705,0.714397,-0.693829,-0.090757,0.684979,0.66692,0.293291,-4.4e-05,-0.001729,-0.001088,-0.250555,-0.59804,0.892209,0.51816,0.07715,0.023048,-0.062785,-0.229567,0.635438,-0.737236,-0.832026,-0.521146,-0.190103,-0.505006,0.569758,0.648338,0.000104,0.000536,0.000415,2.1e-05,-3.2e-05,5.7e-05,0.418821
23,0.124275,-0.003899,0.36139,-0.157778,0.621529,-0.767367,-0.905312,-0.401328,-0.138984,-0.39416,0.672005,0.626956,0.000431,0.002206,0.00171,0.000779,-0.01331,0.02555,0.46823,-0.150996,-0.002614,0.336279,0.178294,0.274176,0.945002,-0.793906,0.607416,-0.026323,-0.581419,-0.745885,0.324762,0.014182,-0.004248,-0.005063,-0.807884,-1.409594,2.016603,0.534343,0.042731,0.02258,-0.010721,-0.16749,-0.26694,0.949046,0.716635,-0.694052,-0.068744,0.677038,0.668606,0.307545,0.00011,-0.002607,-0.002143,0.000596,0.001236,-0.001977,0.518323,0.077119,0.023053,-0.062736,-0.229536,0.635462,-0.737224,-0.832127,-0.521016,-0.190014,-0.504853,0.569849,0.648377,-0.006716,0.00131,0.001013,-0.000993,0.014699,-0.029552,0.432701
24,0.124229,-0.003882,0.361441,-0.157843,0.621534,-0.76735,-0.905336,-0.401308,-0.138892,-0.394081,0.672013,0.626997,0.00048,0.002453,0.001902,0.000779,-0.013308,0.025551,0.471508,-0.150827,-0.002675,0.336169,0.19236,0.273272,0.942503,-0.794749,0.606732,-0.013592,-0.575772,-0.746771,0.33269,0.000257,-0.004378,-0.00381,-0.084476,-0.035932,0.025032,0.534377,0.042815,0.022547,-0.010777,-0.183394,-0.264007,0.946924,0.718207,-0.693706,-0.054311,0.671226,0.670128,0.316833,0.000116,-0.002361,-0.00199,-0.79984,-1.392048,1.992092,0.518486,0.077096,0.023062,-0.062711,-0.229601,0.635457,-0.737209,-0.832155,-0.521004,-0.189922,-0.504777,0.569867,0.648422,-0.006901,-0.003806,0.005605,-0.036281,0.0297,-0.046926,0.438416
25,0.124094,-0.003766,0.361518,-0.157916,0.621522,-0.767345,-0.905316,-0.401367,-0.138852,-0.394098,0.671989,0.627013,-0.012952,0.005018,0.00388,-0.000205,0.001406,-0.004003,0.473356,-0.150421,-0.002697,0.335962,0.211745,0.27336,0.938312,-0.799736,0.600269,0.005718,-0.561913,-0.751946,0.344521,0.01404,-0.001588,-0.002763,-0.012768,0.080838,-0.137037,0.534783,0.043018,0.022529,-0.010885,-0.2036,-0.261655,0.943442,0.724743,-0.688156,-0.03445,0.65825,0.67674,0.329741,0.007025,-0.000935,-0.001491,-0.012119,0.099567,-0.168115,0.518976,0.077033,0.023118,-0.062674,-0.229647,0.635439,-0.737209,-0.832133,-0.521048,-0.189902,-0.504793,0.569846,0.648427,0.000235,0.001211,0.000941,-4e-06,7e-06,-4e-06,0.444621
26,0.123955,-0.003647,0.361662,-0.160385,0.621487,-0.766862,-0.905738,-0.401407,-0.135951,-0.392124,0.671997,0.62824,0.000583,0.002968,0.002296,-0.0,0.0,-0.0,0.483399,-0.150043,-0.002511,0.335802,0.220489,0.2756,0.935639,-0.807919,0.588991,0.017021,-0.546639,-0.760009,0.351332,-0.001199,0.011651,-0.007753,-1.534149,0.050743,-0.717175,0.534862,0.043213,0.022615,-0.010964,-0.213005,-0.262398,0.941156,0.733436,-0.679355,-0.023414,0.645523,0.685291,0.337158,0.006929,0.001004,0.000273,-5.197474,-0.034259,-2.031799,0.520283,0.076959,0.023181,-0.062599,-0.232101,0.635012,-0.736808,-0.832615,-0.521321,-0.187015,-0.502871,0.570072,0.64972,0.000355,0.001816,0.001406,0.000348,-0.000212,0.000347,0.452949
27,0.123905,-0.003618,0.361761,-0.162686,0.621468,-0.766392,-0.906195,-0.401319,-0.133137,-0.390114,0.672067,0.629415,0.000104,-0.007784,0.011073,-0.035286,0.015012,-0.017353,0.488296,-0.149913,-0.002322,0.33575,0.221782,0.276891,0.934952,-0.811669,0.583725,0.019787,-0.540525,-0.763597,0.353008,0.013675,0.004301,0.002364,-0.020596,-0.055492,0.087857,0.534871,0.043272,0.02271,-0.010995,-0.213796,-0.264027,0.940521,0.739117,-0.673249,-0.020985,0.638746,0.690669,0.339085,-0.000703,0.007499,-0.002422,-0.054035,-0.065352,0.079636,0.520773,0.076935,0.023201,-0.062552,-0.234377,0.634628,-0.736419,-0.833141,-0.521472,-0.184232,-0.500941,0.570361,0.650956,0.000323,0.001656,0.001282,0.001382,-0.000808,0.001363,0.460134
28,0.12388,-0.003662,0.361996,-0.167443,0.621455,-0.765377,-0.907153,-0.401064,-0.127257,-0.38585,0.672232,0.631864,-3.5e-05,-0.008492,0.010526,-0.035664,0.015238,-0.017767,0.493292,-0.149755,-0.001752,0.335649,0.218859,0.278261,0.935234,-0.814789,0.579408,0.018404,-0.537006,-0.766385,0.352337,0.013505,0.006751,0.004489,0.003916,-0.029702,0.05408,0.5348,0.043352,0.02299,-0.011044,-0.210963,-0.265743,0.940677,0.742679,-0.669268,-0.022511,0.635547,0.693873,0.338552,-0.000769,0.008547,-0.00151,0.025869,0.077033,-0.127438,0.521426,0.076923,0.02318,-0.062433,-0.239139,0.633853,-0.735555,-0.834279,-0.521704,-0.178335,-0.49678,0.571012,0.65357,0.00023,0.001183,0.000913,0.003661,-0.00209,0.003428,0.471564
29,0.123932,-0.003769,0.362247,-0.167888,0.621516,-0.765231,-0.907357,-0.400824,-0.126547,-0.385173,0.672318,0.632185,0.000109,-0.007758,0.011093,-0.03529,0.014987,-0.017366,0.492171,-0.149667,-0.00132,0.335595,0.219511,0.279233,0.934791,-0.817236,0.575898,0.020002,-0.533006,-0.768676,0.35342,-0.001355,0.014021,-0.005688,0.049372,-0.108929,0.190455,0.534916,0.0434,0.023216,-0.011062,-0.21164,-0.266647,0.940269,0.745602,-0.666058,-0.021061,0.63189,0.696609,0.339777,-0.000105,0.001697,0.00147,0.002279,-0.014413,0.024975,0.521426,0.076948,0.023122,-0.062311,-0.239561,0.633843,-0.735426,-0.834518,-0.521547,-0.177668,-0.496174,0.571165,0.653897,0.007011,0.000268,0.00021,0.001056,-0.014767,0.029647,0.47532
30,0.123886,-0.003678,0.362304,-0.170049,0.621482,-0.76478,-0.907732,-0.400792,-0.12393,-0.383335,0.672368,0.633247,0.000287,0.001461,0.001126,-0.0,0.0,-0.0,0.492842,-0.149659,-0.001281,0.335642,0.219896,0.280311,0.934378,-0.820178,0.571641,0.021653,-0.528306,-0.771458,0.354411,-1.1e-05,0.000179,0.000156,-0.0,-0.0,-0.0,0.53472,0.043404,0.023243,-0.011039,-0.212325,-0.267626,0.939837,0.749024,-0.662258,-0.019367,0.627598,0.699849,0.341072,0.000583,-0.00551,0.004146,-0.03605,0.008763,-0.019014,0.521752,0.076925,0.023168,-0.062276,-0.241699,0.633471,-0.735047,-0.834973,-0.521704,-0.175052,-0.494368,0.571435,0.655027,0.000137,0.000697,0.000539,0.000253,-0.000157,0.00027,0.4763
31,0.123858,-0.003619,0.36226,-0.170009,0.621461,-0.764806,-0.907667,-0.4009,-0.124065,-0.383509,0.672323,0.63319,4e-06,1.8e-05,1.4e-05,-0.0,0.0,-0.0,0.497448,-0.149651,-0.001362,0.335692,0.220753,0.280233,0.9342,-0.820107,0.571713,0.022418,-0.52806,-0.771433,0.354833,0.001195,-0.011472,0.007902,-0.036443,0.008737,-0.019152,0.534417,0.043407,0.023206,-0.011018,-0.21319,-0.267441,0.939694,0.748952,-0.662362,-0.018595,0.627391,0.699822,0.34151,2.5e-05,-0.000412,-0.00036,0.000325,3e-06,0.000108,0.521752,0.076912,0.023199,-0.062297,-0.241654,0.633458,-0.735073,-0.834888,-0.521792,-0.175193,-0.494534,0.571368,0.65496,-1.5e-05,-7.7e-05,-5.8e-05,2.6e-05,-1.3e-05,5.4e-05,0.478259
32,0.123957,-0.003612,0.362087,-0.172054,0.621399,-0.7644,-0.907919,-0.401045,-0.12173,-0.381996,0.672295,0.634134,0.013437,0.005831,-0.012574,0.036273,-0.029711,0.046914,0.507547,-0.149512,-0.001604,0.335805,0.21154,0.28173,0.935879,-0.823827,0.566564,0.015781,-0.526026,-0.774682,0.350751,0.013933,-0.000185,-0.001543,0.002097,-0.015107,0.029102,0.534278,0.043472,0.023079,-0.010959,-0.204025,-0.270035,0.940985,0.752989,-0.65754,-0.025432,0.625603,0.703364,0.337488,0.000638,-0.006387,0.003386,-0.039059,0.00349,-0.011308,0.521916,0.076956,0.023202,-0.062378,-0.243721,0.633067,-0.734728,-0.835179,-0.522115,-0.172831,-0.493026,0.571507,0.655974,-0.000389,-0.001987,-0.001534,0.000441,-0.000263,0.000457,0.4892
33,0.124183,-0.003703,0.361823,-0.17129,0.625989,-0.760817,-0.90816,-0.399664,-0.124444,-0.381767,0.668848,0.637905,-0.001034,-0.005279,-0.00408,0.007485,0.156481,0.048668,0.508971,-0.149136,-0.001804,0.335917,0.194654,0.282246,0.939382,-0.82436,0.566007,0.000881,-0.531663,-0.774903,0.341647,0.013855,0.001128,-0.000407,0.023523,0.025184,-0.029718,0.534115,0.043655,0.022975,-0.010906,-0.18737,-0.272513,0.943731,0.752977,-0.656819,-0.040167,0.630807,0.703082,0.328264,0.000583,-0.005489,0.004161,0.226339,0.501223,-0.73791,0.521916,0.077074,0.023158,-0.062514,-0.243727,0.637511,-0.730873,-0.835522,-0.520664,-0.17553,-0.492442,0.567879,0.659555,-0.00053,-0.002716,-0.002102,0.008394,0.165922,0.053275,0.495405
34,0.124249,-0.003739,0.361693,-0.171242,0.62597,-0.760844,-0.908085,-0.399784,-0.124603,-0.381966,0.668794,0.637842,0.013199,0.004585,-0.013545,0.036396,-0.027606,0.048006,0.509326,-0.14886,-0.001838,0.335954,0.192103,0.282286,0.939895,-0.824409,0.565934,-0.001351,-0.532512,-0.774941,0.340236,0.01385,0.001208,-0.00034,0.002046,-0.015203,0.029241,0.534054,0.043793,0.022958,-0.010887,-0.184632,-0.272882,0.944164,0.752934,-0.656717,-0.042568,0.631665,0.703034,0.326713,0.006921,0.000632,-0.000155,-0.000278,-0.019589,0.035696,0.521752,0.077102,0.023135,-0.062577,-0.243687,0.637622,-0.73079,-0.835474,-0.520681,-0.175705,-0.492543,0.567739,0.6596,-0.000495,-0.002546,-0.001971,-0.00297,-0.001159,-0.031632,0.496874
35,0.124328,-0.003827,0.361535,-0.171055,0.628248,-0.759005,-0.908182,-0.399185,-0.125811,-0.381819,0.667013,0.639793,-0.000512,-0.00262,-0.002029,-0.000765,0.013559,-0.025421,0.50784,-0.148197,-0.001756,0.33593,0.196918,0.281921,0.939008,-0.823952,0.566594,0.002801,-0.531465,-0.774591,0.342662,0.02765,0.00315,-5.7e-05,0.004089,-0.030411,0.058491,0.534109,0.04412,0.022993,-0.010897,-0.189319,-0.271981,0.943495,0.752632,-0.657316,-0.038464,0.630636,0.702823,0.329144,0.006886,0.001171,0.000308,0.003007,-0.013619,0.02694,0.523222,0.077146,0.023091,-0.062662,-0.243807,0.639728,-0.728906,-0.835629,-0.520028,-0.176902,-0.492221,0.565966,0.661362,-0.000119,-0.000615,-0.000477,-0.00081,-0.006516,-0.002936,0.497527
36,0.124365,-0.003976,0.361676,-0.171092,0.628309,-0.758947,-0.908381,-0.398838,-0.125476,-0.38133,0.667163,0.639928,4.7e-05,-0.00809,0.010841,-0.034512,0.001674,0.008183,0.50403,-0.147504,-0.001674,0.335877,0.209652,0.281342,0.936421,-0.823438,0.567173,0.014075,-0.527387,-0.774377,0.34938,0.012711,0.011382,-0.009387,0.017035,-0.064239,0.107409,0.533798,0.044477,0.023039,-0.01092,-0.202226,-0.269853,0.941426,0.752475,-0.658067,-0.026993,0.626806,0.702941,0.336135,0.006963,7.5e-05,-0.000648,-0.073145,-0.157224,0.235848,0.522732,0.077163,0.023013,-0.062601,-0.243875,0.63972,-0.72889,-0.83586,-0.519783,-0.176529,-0.491794,0.5662,0.661479,0.000154,0.000795,0.000614,9.6e-05,-9.4e-05,-0.000161,0.495241
37,0.124284,-0.004124,0.361998,-0.17152,0.628389,-0.758784,-0.908665,-0.39845,-0.124647,-0.380459,0.667318,0.640284,0.000588,0.00301,0.002328,0.0,0.0,0.0,0.498971,-0.147001,-0.001606,0.335696,0.223712,0.28083,0.933316,-0.822885,0.567527,0.026599,-0.522464,-0.774303,0.356859,0.014056,-0.001685,-0.002878,0.001992,-0.015304,0.029388,0.534084,0.044733,0.023079,-0.011013,-0.216331,-0.267662,0.938913,0.752368,-0.658585,-0.014398,0.622208,0.703294,0.343853,0.00704,-0.000957,-0.001547,0.005686,-0.008766,0.01989,0.521589,0.077123,0.02294,-0.062433,-0.244312,0.639729,-0.728736,-0.836231,-0.519475,-0.175677,-0.490946,0.566472,0.661876,0.00016,-0.003333,0.005973,-0.035222,0.014982,-0.01746,0.490832
38,0.124201,-0.00418,0.362198,-0.171645,0.628439,-0.758715,-0.90884,-0.398171,-0.124264,-0.379985,0.667439,0.64044,-0.013128,-0.004192,0.013852,-0.035493,0.016409,-0.02136,0.49623,-0.146924,-0.001568,0.33552,0.231186,0.277852,0.932385,-0.822546,0.567566,0.034939,-0.519744,-0.775345,0.358567,-0.000841,0.005891,-0.012762,-0.066003,0.041692,0.062172,0.533903,0.044771,0.023098,-0.011095,-0.223351,-0.263619,0.938412,0.752336,-0.658751,-0.005993,0.61976,0.704664,0.345463,0.000172,-0.002362,-0.002061,-0.276025,-0.424227,0.760047,0.522079,0.077087,0.022913,-0.062338,-0.244427,0.639756,-0.728674,-0.836444,-0.519253,-0.175314,-0.490525,0.566644,0.66204,0.000398,0.002063,0.001597,5.8e-05,3.6e-05,-6.9e-05,0.488057
39,0.123983,-0.004176,0.362535,-0.172098,0.628489,-0.75857,-0.909038,-0.397944,-0.123539,-0.379305,0.667526,0.640752,0.000938,0.004776,0.003685,0.000791,-0.013239,0.025586,0.489717,-0.147278,-0.001388,0.334958,0.237673,0.276392,0.931188,-0.825305,0.562936,0.043682,-0.512396,-0.779231,0.360711,-0.015682,0.01262,-0.023388,0.032743,0.171413,-0.126565,0.524473,0.0446,0.023187,-0.011371,-0.229897,-0.261359,0.937463,0.755988,-0.654578,0.002901,0.612885,0.709378,0.34807,-0.014152,9.2e-05,-0.00746,-0.005663,0.067367,0.030358,0.522242,0.076973,0.022914,-0.062164,-0.244926,0.639726,-0.728533,-0.836695,-0.51911,-0.174541,-0.489848,0.566811,0.662399,-0.006406,0.002879,0.002221,-0.00094,0.014722,-0.029599,0.481035
40,0.123738,-0.004025,0.362729,-0.172342,0.628488,-0.758516,-0.909063,-0.39797,-0.12327,-0.379134,0.667512,0.640869,-0.012889,0.005281,0.004065,-0.000984,0.014715,-0.029553,0.491804,-0.148411,-0.00095,0.333891,0.244564,0.272409,0.930577,-0.833688,0.54907,0.058494,-0.495296,-0.790446,0.360196,-0.030498,0.019066,-0.034286,-0.677779,-1.379419,2.231072,0.493597,0.044055,0.023396,-0.011888,-0.233611,-0.256808,0.937803,0.766642,-0.641893,0.015198,0.598067,0.72251,0.346833,-0.015189,0.008832,-0.017742,0.075198,0.161323,0.017605,0.504444,0.076856,0.022991,-0.062067,-0.245147,0.63969,-0.72849,-0.836727,-0.519143,-0.174291,-0.489683,0.566821,0.662512,-0.006474,0.002509,0.001935,-0.000947,0.014731,-0.029575,0.478259
41,0.123606,-0.003936,0.362771,-0.172628,0.628464,-0.758471,-0.909002,-0.398164,-0.123098,-0.379152,0.667419,0.640955,-0.013044,0.004476,0.003442,-0.000984,0.014715,-0.029553,0.493536,-0.149057,-0.000592,0.33319,0.245646,0.274095,0.929797,-0.842236,0.535127,0.064886,-0.480055,-0.799379,0.361114,-0.031529,0.027933,-0.04446,0.049092,0.143933,-0.121473,0.475208,0.043704,0.02359,-0.012264,-0.237486,-0.257918,0.936524,0.776893,-0.629185,0.023728,0.583127,0.733214,0.349797,-0.015738,0.013812,-0.022349,0.063162,0.109498,-0.155934,0.485992,0.076785,0.023039,-0.062042,-0.24543,0.639621,-0.728456,-0.83664,-0.519338,-0.174126,-0.48969,0.56672,0.662594,-0.006529,0.002211,0.001704,-0.000957,0.01473,-0.029565,0.479075
42,0.123344,-0.003857,0.362769,-0.173012,0.628423,-0.758417,-0.908895,-0.398469,-0.122901,-0.379232,0.667276,0.641056,-0.00022,-0.001111,-0.000855,0.0,0.0,0.0,0.498585,-0.150762,0.000523,0.331271,0.252389,0.264965,0.930637,-0.848312,0.523166,0.081233,-0.465643,-0.810291,0.355623,-0.046262,0.033823,-0.055869,0.02387,0.73733,0.169191,0.411493,0.042851,0.024149,-0.013222,-0.243224,-0.250275,0.937125,0.785031,-0.61825,0.038634,0.569708,0.745069,0.346847,-0.023091,0.01667,-0.028123,0.042445,0.689336,0.125933,0.423125,0.076655,0.023083,-0.06204,-0.245806,0.63952,-0.728417,-0.836493,-0.519636,-0.173942,-0.489752,0.566561,0.662684,-0.000169,-0.000845,-0.000646,2e-06,6e-06,-2.6e-05,0.483811
43,0.123195,-0.003979,0.362674,-0.173435,0.628399,-0.75834,-0.908833,-0.398702,-0.122601,-0.379186,0.667159,0.641205,-0.001029,-0.005179,-0.003994,-0.00079,0.01324,-0.025586,0.500139,-0.152834,0.001931,0.328644,0.248508,0.243879,0.937421,-0.84752,0.523241,0.088672,-0.469156,-0.816811,0.335523,-0.061839,0.04578,-0.079972,0.055568,0.900189,0.48141,0.318583,0.041838,0.024842,-0.0145,-0.236633,-0.23053,0.943854,0.784665,-0.618231,0.045724,0.572979,0.751429,0.327182,-0.030288,0.016778,-0.036373,0.113505,0.486501,0.162831,0.324171,0.076581,0.023025,-0.062085,-0.246203,0.639434,-0.728358,-0.836409,-0.519864,-0.173668,-0.489697,0.566449,0.66282,-0.000489,-0.002458,-0.001892,4e-06,1.2e-05,-7e-06,0.48724
44,0.123258,-0.004225,0.362459,-0.173606,0.628388,-0.758311,-0.908788,-0.398832,-0.122513,-0.379217,0.667092,0.641257,-0.001278,-0.006438,-0.004976,0.0,0.0,0.0,0.49229,-0.155179,0.003419,0.325431,0.2525,0.218801,0.942529,-0.847891,0.519253,0.106728,-0.466349,-0.826371,0.315425,-0.061425,0.037448,-0.087633,-5.141362,0.157285,-1.296387,0.173808,0.040664,0.025592,-0.016101,-0.23858,-0.202401,0.949796,0.782547,-0.619228,0.06461,0.575064,0.758675,0.306124,-0.030637,0.018051,-0.044375,0.022716,0.698967,0.602708,0.166432,0.076612,0.022898,-0.062195,-0.246392,0.639392,-0.728332,-0.836342,-0.520003,-0.173571,-0.489715,0.566369,0.662875,0.006025,-0.004783,-0.003692,0.00019,-0.00147,0.003951,0.485607
45,0.123336,-0.00432,0.362296,-0.173528,0.628373,-0.758341,-0.908728,-0.398917,-0.122678,-0.379395,0.667055,0.641189,-0.001337,-0.006738,-0.005215,-0.000789,0.013246,-0.025583,0.481639,-0.156352,0.004087,0.32365,0.258702,0.206477,0.943627,-0.84739,0.517345,0.119238,-0.463859,-0.830712,0.307598,-0.061269,0.032926,-0.091904,0.05095,0.541685,0.724561,0.101835,0.040078,0.025928,-0.01699,-0.241888,-0.191208,0.951277,0.786474,-0.612828,0.076803,0.568284,0.766733,0.298616,-0.03057,0.016087,-0.046242,-0.093437,0.32336,1.11761,0.068131,0.07665,0.02285,-0.062278,-0.246291,0.639395,-0.728363,-0.836271,-0.520056,-0.173753,-0.489887,0.566316,0.662793,0.006165,-0.004099,-0.003167,0.00099,-0.014702,0.029562,0.478259
46,0.123413,-0.004373,0.36196,-0.173714,0.628297,-0.758362,-0.908468,-0.39944,-0.122905,-0.379933,0.666814,0.641121,-0.000279,0.006896,-0.011775,0.035286,-0.01501,0.017355,0.455127,-0.158452,0.005195,0.319829,0.276838,0.194857,0.940948,-0.842689,0.519701,0.140428,-0.461969,-0.832032,0.306873,-0.047177,0.024171,-0.101853,0.080385,-0.395483,0.770132,-0.011322,0.039022,0.026488,-0.018894,-0.257946,-0.175338,0.950115,0.78233,-0.61496,0.098906,0.566942,0.768816,0.295799,-0.030477,0.011765,-0.050478,-0.241481,-1.551749,2.269328,-0.100548,0.076688,0.022814,-0.062447,-0.246501,0.639288,-0.728386,-0.835936,-0.520527,-0.173957,-0.490354,0.566004,0.662715,-0.000253,0.002848,-0.006355,0.034507,-0.001753,-0.008214,0.44903
47,0.123389,-0.004341,0.361779,-0.173631,0.628251,-0.758419,-0.908317,-0.399688,-0.123211,-0.38033,0.666709,0.640995,-0.000422,-0.002127,-0.001651,-0.000785,0.013272,-0.02557,0.435406,-0.160365,0.005911,0.315709,0.285682,0.194125,0.938452,-0.839172,0.523476,0.147297,-0.462995,-0.829831,0.311252,-0.047227,0.017773,-0.108735,0.262214,-0.134953,0.202835,-0.144133,0.038066,0.026843,-0.020956,-0.267434,-0.174371,0.947667,0.778619,-0.618492,0.105925,0.567654,0.766199,0.301174,-0.016574,0.008886,-0.05498,0.26813,-0.157513,0.220834,-0.250939,0.076676,0.022833,-0.062541,-0.246374,0.639263,-0.728451,-0.835737,-0.520727,-0.174313,-0.490756,0.565848,0.66255,0.000167,0.004978,-0.004699,0.035295,-0.015012,0.017364,0.417188
48,0.123389,-0.004316,0.361747,-0.181015,0.626141,-0.758437,-0.903485,-0.410466,-0.123304,-0.388301,0.662137,0.640956,-3.4e-05,-0.000172,-0.000134,1.257456,0.204432,-1.062677,0.425865,-0.161081,0.006191,0.313558,0.291175,0.194223,0.936742,-0.83543,0.52861,0.150205,-0.466337,-0.826548,0.314979,-0.032419,0.008509,-0.100875,0.227855,-0.141649,0.212672,-0.187603,0.03771,0.02697,-0.022001,-0.272674,-0.173947,0.94625,0.774604,-0.623037,0.108681,0.570645,0.762605,0.304626,-0.016121,0.003391,-0.051196,0.241161,-0.252449,0.376389,-0.306947,0.076675,0.022843,-0.062559,-0.249882,0.637676,-0.728646,-0.832525,-0.52575,-0.174605,-0.494428,0.562986,0.662257,5e-06,1.5e-05,1.2e-05,-0.000469,0.000503,-6.8e-05,0.405758
49,0.123404,-0.00429,0.361767,-0.184111,0.624113,-0.759363,-0.897787,-0.421208,-0.128585,-0.39988,0.657295,0.638816,0.013737,-0.001104,-0.000842,0.000987,-0.014714,0.029551,0.40434,-0.161932,0.006718,0.309696,0.307186,0.194529,0.931551,-0.827165,0.53851,0.160434,-0.4708,-0.820059,0.325138,-0.018723,0.01404,-0.097866,0.229945,-0.159472,0.240202,-0.251405,0.037272,0.02723,-0.023983,-0.289021,-0.172333,0.941683,0.765525,-0.632257,0.119248,0.574836,0.755348,0.314661,-0.009315,0.007526,-0.048396,0.24485,-0.286693,0.428107,-0.391042,0.076679,0.022859,-0.062547,-0.256162,0.633664,-0.729965,-0.821949,-0.540203,-0.180495,-0.508703,0.553759,0.659219,8.3e-05,0.000412,0.000319,-0.009266,0.093903,-0.179081,0.379142
50,0.123403,-0.00433,0.361801,-0.192857,0.620892,-0.759832,-0.889845,-0.436942,-0.131257,-0.413267,0.650046,0.637713,-0.000196,-0.00099,-0.000769,0.039431,-0.085714,0.14792,0.378757,-0.162278,0.007249,0.306122,0.324976,0.194862,0.925424,-0.818743,0.547628,0.172327,-0.47359,-0.813918,0.336322,-0.003922,0.010195,-0.084938,0.197444,-0.182178,0.273839,-0.218153,0.037095,0.027488,-0.025747,-0.306754,-0.170564,0.936381,0.756747,-0.640394,0.131258,0.577265,0.748867,0.325517,-0.001922,0.005742,-0.041796,0.187381,-0.081901,0.128919,-0.412107,0.076684,0.022844,-0.062526,-0.264365,0.629227,-0.730879,-0.811738,-0.554387,-0.18367,-0.52076,0.544727,0.657328,-0.000137,-0.000687,-0.000534,0.377666,0.079805,-0.348382,0.348443
51,0.123411,-0.004402,0.361757,-0.196835,0.619713,-0.759774,-0.887203,-0.442351,-0.131028,-0.417049,0.647511,0.637829,0.013171,-0.003975,-0.003071,0.000984,-0.014715,0.029553,0.354901,-0.162254,0.007472,0.303165,0.354117,0.198089,0.913977,-0.811689,0.550404,0.195321,-0.464784,-0.811266,0.354522,-0.00199,-0.009402,-0.067098,0.120284,-0.175212,0.254514,-0.1437,0.037105,0.027614,-0.027261,-0.336888,-0.170214,0.92603,0.750175,-0.642877,0.154745,0.568984,0.746817,0.344268,0.005565,0.002188,-0.036871,0.153669,-0.241474,0.355097,-0.36263,0.076683,0.022809,-0.062547,-0.268135,0.62746,-0.731024,-0.808285,-0.559406,-0.183681,-0.524192,0.541625,0.657163,-0.000272,-0.00138,-0.001071,-0.001609,0.013336,-0.02509,0.312519
52,0.123412,-0.004443,0.361712,-0.204121,0.617341,-0.759783,-0.881898,-0.452823,-0.13107,-0.424716,0.642528,0.637809,-0.000473,-0.002387,-0.001855,0.010203,0.00176,-0.008565,0.345601,-0.162115,0.007504,0.301808,0.366593,0.202968,0.907967,-0.812842,0.544562,0.20658,-0.45295,-0.814005,0.363449,0.011011,0.006372,-0.072053,0.174554,-0.31966,0.468428,-0.112185,0.037174,0.027624,-0.027967,-0.350226,-0.173522,0.920451,0.752364,-0.637463,0.166096,0.557933,0.750686,0.353808,0.005545,0.003403,-0.035804,0.177404,-0.311461,0.458691,-0.325726,0.076688,0.022786,-0.062571,-0.274966,0.624045,-0.731409,-0.801483,-0.568962,-0.184134,-0.531053,0.535582,0.656607,-0.000297,-0.001511,-0.001174,0.032878,0.00686,-0.028507,0.29717
53,0.123535,-0.00458,0.361529,-0.218611,0.610024,-0.761659,-0.870647,-0.474361,-0.1301,-0.440402,0.633936,0.635766,-0.000907,-0.004584,-0.003567,-0.006219,-0.103373,-0.05355,0.323782,-0.161969,0.007684,0.299442,0.380309,0.210066,0.900682,-0.814394,0.537486,0.218644,-0.438628,-0.816912,0.374331,-0.00232,0.004233,-0.053906,0.088099,-0.206168,0.266299,-0.071871,0.03725,0.027699,-0.029115,-0.364225,-0.178891,0.913967,0.755485,-0.630623,0.177636,0.544592,0.755189,0.364839,-0.001121,0.002153,-0.026916,-0.323177,-0.307103,0.094487,-0.271677,0.076745,0.022723,-0.062659,-0.288168,0.614814,-0.73414,-0.787191,-0.588631,-0.183964,-0.545242,0.524896,0.653601,-0.000493,-0.002508,-0.001952,-0.0116,-0.15546,-0.081286,0.268594
54,0.123737,-0.004788,0.361277,-0.235547,0.604341,-0.761141,-0.8594,-0.49518,-0.127285,-0.453541,0.623389,0.636957,0.012275,-0.008612,-0.006699,0.000206,-0.001459,0.003968,0.299394,-0.16202,0.007937,0.297626,0.394251,0.210595,0.894543,-0.807813,0.543402,0.228226,-0.438504,-0.812852,0.383209,-0.002534,0.012694,-0.045342,0.119025,-0.115622,0.167557,-0.063212,0.037224,0.027827,-0.03005,-0.378868,-0.177729,0.908224,0.748507,-0.635982,0.187787,0.544239,0.750958,0.373984,-0.000718,0.000376,-0.019147,0.094805,-0.201711,0.287085,-0.247999,0.076851,0.022615,-0.062788,-0.304158,0.606618,-0.734507,-0.773002,-0.607779,-0.181857,-0.556736,0.512462,0.653778,0.006125,-0.004396,-0.003423,0.000507,0.000135,0.007615,0.237405
55,0.123843,-0.004901,0.361112,-0.24495,0.601191,-0.760668,-0.853764,-0.50549,-0.124653,-0.459154,0.618147,0.638043,0.012089,-0.009591,-0.007472,0.00017,-0.001347,0.003798,0.283347,-0.162081,0.007993,0.296941,0.403927,0.211234,0.890064,-0.804133,0.545731,0.235543,-0.436464,-0.811124,0.389152,-0.0016,0.004616,-0.034318,0.082492,-0.104599,0.149843,-0.063883,0.037193,0.027859,-0.030396,-0.3888,-0.177178,0.904125,0.744848,-0.638019,0.195276,0.542251,0.749359,0.380032,-0.000262,-0.003386,-0.013348,0.061312,-0.203604,0.287771,-0.24506,0.0769,0.022563,-0.062867,-0.313038,0.602096,-0.734497,-0.765965,-0.617293,-0.17957,-0.561519,0.506387,0.654421,-0.000771,-0.003945,-0.003084,0.001689,0.012125,-0.020686,0.21879
56,0.124031,-0.005174,0.360679,-0.272362,0.592006,-0.758547,-0.839403,-0.531503,-0.113486,-0.470024,0.605079,0.642638,-0.001619,9.7e-05,-0.017128,4.070384,0.722117,-3.727173,0.252253,-0.162198,0.0078,0.296026,0.427335,0.213031,0.878632,-0.796082,0.549169,0.254166,-0.428885,-0.808331,0.40314,-0.013863,-0.014249,-0.013581,-0.459727,-1.798166,2.188971,-0.066296,0.037139,0.027772,-0.030859,-0.410154,-0.176139,0.894845,0.737809,-0.640842,0.212034,0.536107,0.747192,0.3928,0.000161,-0.006081,-0.006426,0.014055,-0.091385,0.129103,-0.24506,0.076994,0.022427,-0.063076,-0.334948,0.591187,-0.733694,-0.751904,-0.636977,-0.169994,-0.567845,0.494729,0.65787,-0.000884,-0.000391,-0.008915,-1.698996,1.070989,-1.865081,0.175355
