frame,MLTx,MLTy,MLTz,MLTR1,MLTR2,MLTR3,MLTR4,MLTR5,MLTR6,MLTR7,MLTR8,MLTR9,MLTTVx,MLTTVy,MLTTVz,MLTRVx,MLTRVy,MLTRVz,MLGA,MRTx,MRTy,MRTz,MRTR1,MRTR2,MRTR3,MRTR4,MRTR5,MRTR6,MRTR7,MRTR8,MRTR9,MRTTVx,MRTTVy,MRTTVz,MRTRVx,MRTRVy,MRTRVz,MRGA,SLTx,SLTy,SLTz,SLTR1,SLTR2,SLTR3,SLTR4,SLTR5,SLTR6,SLTR7,SLTR8,SLTR9,SLTTVx,SLTTVy,SLTTVz,SLTRVx,SLTRVy,SLTRVz,SLGA,SRTx,SRTy,SRTz,SRTR1,SRTR2,SRTR3,SRTR4,SRTR5,SRTR6,SRTR7,SRTR8,SRTR9,SRTTVx,SRTTVy,SRTTVz,SRTRVx,SRTRVy,SRTRVz,SRGA
437,0.084226,0.00567,0.393041,-0.530302,-0.349054,-0.77265,0.231584,-0.936301,0.263971,-0.814915,-0.038522,0.578323,0.025736,-0.005742,-0.003715,0.026226,0.02171,0.081427,-0.043976,-0.098262,0.020678,0.35334,0.811678,-0.298649,0.501976,0.135197,0.932027,0.336128,-0.569251,-0.204594,0.796214,-2e-06,8e-06,6e-06,-0.085989,-0.19065,0.13467,-1.229586,0.044426,0.032093,-0.003727,-0.770524,0.17336,0.613383,0.027983,-0.952176,0.304264,0.636796,0.251607,0.728823,-1e-05,-8e-06,-1.6e-05,-0.953927,-2.117293,1.498474,-0.825069,0.079287,0.025678,-0.043064,-0.570304,-0.233075,-0.787672,0.047442,-0.966645,0.251683,-0.820062,0.106166,0.562339,0.006434,-0.001438,-0.00094,0.023128,0.038329,0.052938,-0.195315
438,0.0847,0.005572,0.392965,-0.530104,-0.348003,-0.773259,0.231053,-0.936682,0.263086,-0.815194,-0.038774,0.577912,0.012871,-0.00286,-0.001852,0.000989,-0.014704,0.029558,-0.081731,-0.098288,0.020657,0.35334,0.811688,-0.298671,0.501946,0.135207,0.932013,0.336161,-0.569234,-0.204623,0.796219,3e-06,-1.5e-05,-1.1e-05,-0.0,-0.0,0.0,-1.211011,0.044413,0.032082,-0.003727,-0.770989,0.173667,0.612712,0.0278,-0.952005,0.304817,0.636241,0.252044,0.729157,-0.0,-4e-06,-3e-06,6.3e-05,0.000157,-0.00012,-0.824089,0.079533,0.025627,-0.043103,-0.569722,-0.232116,-0.788376,0.046756,-0.966886,0.250885,-0.820505,0.106074,0.56171,0.006438,-0.001431,-0.000936,0.00026,-0.016079,0.028975,-0.234341
439,0.085045,0.005488,0.39291,-0.529909,-0.346871,-0.773901,0.23046,-0.937091,0.262145,-0.815489,-0.039015,0.57748,0.012786,-0.00313,-0.002031,0.000984,-0.014715,0.029553,-0.16298,-0.098285,0.020642,0.353341,0.81166,-0.298536,0.502071,0.135051,0.932054,0.336109,-0.56931,-0.204633,0.796162,2e-06,-9e-06,-7e-06,0.0,0.0,0.0,-1.200755,0.044415,0.032074,-0.003727,-0.770927,0.173532,0.612827,0.027952,-0.952024,0.304743,0.636308,0.252064,0.729091,-0.0,5e-06,4e-06,-0.0,1e-06,-3e-06,-0.824252,0.079706,0.025585,-0.04313,-0.569295,-0.231038,-0.789001,0.046116,-0.967163,0.249934,-0.820838,0.1059,0.561256,0.006382,-0.001605,-0.001051,0.001036,-0.014754,0.029515,-0.278919
440,0.085234,0.005431,0.392873,-0.532957,-0.34043,-0.774667,0.23059,-0.939283,0.254061,-0.813461,-0.04281,0.580066,0.012044,-0.012849,0.007677,0.136016,0.362474,0.171071,-0.290507,-0.098262,0.020632,0.353332,0.811661,-0.298542,0.502068,0.135057,0.932053,0.336112,-0.569309,-0.204634,0.796163,4e-06,-1.5e-05,-1.1e-05,0.0,0.0,0.0,-1.182755,0.044426,0.032069,-0.003732,-0.770929,0.173538,0.612824,0.027947,-0.952022,0.304747,0.636307,0.252065,0.729092,-2e-06,7e-06,5e-06,-4e-06,1e-06,1e-06,-0.823762,0.0798,0.02556,-0.043153,-0.569711,-0.224912,-0.79047,0.045815,-0.96902,0.242695,-0.820566,0.102051,0.562365,3e-06,2e-06,-3e-06,0.310505,0.625682,0.25845,-0.357952
441,0.085328,0.005395,0.392861,-0.531502,-0.336152,-0.77753,0.230133,-0.94067,0.249301,-0.814542,-0.04602,0.5783,-0.000199,-0.000632,-0.000414,0.002501,0.005239,0.002341,-0.385256,-0.098273,0.020637,0.353337,0.811661,-0.298539,0.502069,0.135054,0.932054,0.336111,-0.569309,-0.204633,0.796163,-6.3e-05,0.000272,0.000204,0.0,0.0,0.0,-1.169193,0.04442,0.032072,-0.003729,-0.770928,0.173535,0.612825,0.027949,-0.952023,0.304745,0.636308,0.252065,0.729092,-4.3e-05,0.000185,0.000138,1e-06,-5e-06,2e-06,-0.822456,0.079852,0.025538,-0.043155,-0.56892,-0.219982,-0.792424,0.045421,-0.970494,0.236805,-0.821137,0.098731,0.562126,0.006308,-0.001832,-0.001193,-0.012222,-0.025919,0.016573,-0.411348
442,0.085454,0.005276,0.392771,-0.53624,-0.319853,-0.781144,0.230504,-0.94574,0.228946,-0.811322,-0.056897,0.581848,-0.000977,-0.003107,-0.002035,0.171467,0.260644,0.186767,-0.627405,-0.098283,0.020635,0.353336,0.811633,-0.298415,0.502188,0.134924,0.932096,0.336044,-0.56938,-0.204619,0.796116,3.3e-05,-0.000141,-0.000105,0.0,0.0,0.0,-1.137496,0.044415,0.032071,-0.003729,-0.77087,0.173412,0.612933,0.028073,-0.952046,0.304661,0.636373,0.252061,0.729036,2.3e-05,-9.3e-05,-6.8e-05,-1e-06,3e-06,-1e-06,-0.815598,0.079916,0.025482,-0.043198,-0.569898,-0.203425,-0.796136,0.045247,-0.97517,0.216781,-0.820468,0.087521,0.564952,0.005847,-0.003308,-0.002161,0.311687,0.289236,0.382969,-0.565331
443,0.085559,0.005085,0.392646,-0.544455,-0.305573,-0.781178,0.230893,-0.949903,0.21058,-0.805715,-0.065344,0.588711,-0.001245,-0.003962,-0.002599,0.1144,0.234035,0.108724,-0.974574,-0.098283,0.020635,0.353336,0.816218,-0.289901,0.499737,0.124717,0.932912,0.33772,-0.565133,-0.21297,0.796951,0.0,-0.0,-0.0,-0.006711,-0.004535,-0.010703,-1.014344,0.044416,0.032071,-0.003729,-0.774639,0.164437,0.610651,0.038442,-0.951573,0.305007,0.631234,0.259745,0.730805,-0.0,2e-06,-1e-06,-0.023618,-0.013679,-0.035493,-0.783103,0.079969,0.025385,-0.043261,-0.575958,-0.18745,-0.795697,0.045354,-0.979183,0.197847,-0.816219,0.077863,0.57247,0.005701,-0.003781,-0.002474,0.135454,0.171981,0.309999,-0.749523
444,0.085897,0.004927,0.392507,-0.568217,-0.271594,-0.776796,0.197015,-0.96141,0.191958,-0.798249,-0.043636,0.600768,0.012708,-0.003427,-0.002231,0.20172,0.402284,0.451989,-1.427473,-0.098275,0.020643,0.353353,0.827126,-0.261729,0.497345,0.09228,0.936079,0.339374,-0.55541,-0.234488,0.797746,-0.000163,0.000702,0.000525,-0.074268,-0.050681,-0.119121,-0.687988,0.04442,0.032073,-0.003722,-0.782093,0.135569,0.608236,0.07053,-0.950519,0.30255,0.619157,0.279522,0.733833,-0.000128,0.000544,0.000411,-0.818017,-0.569607,-1.349885,-0.641856,0.080126,0.025301,-0.043335,-0.591783,-0.150774,-0.79187,0.010254,-0.983679,0.179632,-0.806031,0.098184,0.583671,0.006362,-0.001706,-0.001111,-0.108282,0.609415,0.77877,-0.724703
445,0.086149,0.004911,0.392484,-0.579565,-0.24261,-0.778004,0.161603,-0.969913,0.182002,-0.798032,-0.019951,0.602306,0.013482,-0.000946,-0.000604,0.435571,-0.372553,0.890792,-1.631866,-0.098296,0.020689,0.353389,0.838307,-0.225772,0.496246,0.053664,0.939873,0.337183,-0.54358,-0.255755,0.799358,-0.000781,0.003367,0.002517,-2.598225,-2.111952,-4.634665,-0.481598,0.04441,0.032092,-0.003707,-0.78769,0.1038,0.607262,0.103754,-0.949273,0.296841,0.607271,0.296825,0.736964,-0.000296,0.001285,0.000956,0.110228,-0.471832,-0.600873,-0.558905,0.080255,0.025289,-0.043349,-0.599594,-0.119443,-0.79134,-0.025867,-0.98539,0.168331,-0.799886,0.1214,0.587744,0.006917,-6.5e-05,-4.9e-05,1.235495,-1.334667,2.117928,-0.73548
446,0.086819,0.004963,0.392542,-0.609099,-0.182439,-0.771855,0.084255,-0.982558,0.165685,-0.787865,0.036107,0.614811,0.027939,0.001336,0.000896,-1.002272,0.743692,1.545557,-1.906031,-0.098461,0.020786,0.353478,0.862346,-0.121605,0.49149,-0.061582,0.93822,0.340417,-0.503598,-0.323677,0.800928,-0.000454,0.001962,0.001465,-1.154384,-0.930569,-1.606268,-0.119506,0.044326,0.032148,-0.003657,-0.799951,-0.00785,0.600013,0.222427,-0.932563,0.284343,0.557318,0.36092,0.747751,-0.000217,0.000965,0.000717,-1.163122,-0.953758,-1.616297,-0.436437,0.080584,0.025312,-0.043322,-0.615462,-0.056554,-0.786134,-0.102524,-0.983202,0.150996,-0.781469,0.17353,0.599326,0.007871,0.006996,-0.003475,-3.955115,1.49178,3.740725,-0.749523
447,0.087582,0.005208,0.392678,-0.631334,-0.127331,-0.765016,0.017712,-0.988536,0.149848,-0.774544,0.081206,0.627307,0.029258,0.005781,0.003773,-3.99166,1.397466,3.84482,-1.916529,-0.098855,0.020647,0.353422,0.874256,0.014975,0.485226,-0.203673,0.918491,0.33886,-0.441691,-0.3951,0.805399,-0.012289,-0.005412,-0.00254,-2.799621,-2.145523,-4.966553,0.076132,0.044132,0.032085,-0.003681,-0.796026,-0.139456,0.588976,0.354597,-0.89606,0.267086,0.490512,0.421457,0.762739,-0.006022,-0.003192,-0.00164,-0.638885,-0.730784,-1.52351,-0.308744,0.080966,0.025433,-0.043255,-0.627277,-0.000869,-0.778795,-0.164718,-0.977228,0.133762,-0.761177,0.212187,0.612849,0.008304,0.004637,0.003017,0.164265,0.609623,0.450373,-0.740052
448,0.088007,0.005345,0.392778,-0.64212,-0.096911,-0.760484,-0.018445,-0.989734,0.14163,-0.765606,0.105084,0.63469,0.016335,0.008516,0.005541,-0.972659,0.943843,1.45611,-1.917438,-0.099124,0.020491,0.353339,0.877115,0.078892,0.473747,-0.265033,0.901995,0.340727,-0.40153,-0.424518,0.811431,-0.011676,-0.008114,-0.004563,-3.660381,-4.346061,-3.627445,0.142949,0.043997,0.03201,-0.00372,-0.791048,-0.203182,0.577026,0.414004,-0.872224,0.260433,0.450381,0.444906,0.774089,-0.005849,-0.003963,-0.002215,-0.591365,-0.855897,-1.670093,-0.162272,0.081184,0.025505,-0.043202,-0.632142,0.033406,-0.774131,-0.204388,-0.970875,0.125004,-0.747409,0.237244,0.620559,0.014651,0.00317,0.002026,-4.242451,0.952122,3.756292,-0.752952
449,0.089063,0.005691,0.393037,-0.660723,-0.004178,-0.750648,-0.12672,-0.985006,0.11695,-0.739064,0.172393,0.651224,0.031509,0.021012,-0.002432,-3.813673,1.437706,4.413822,-1.916843,-0.099772,0.020129,0.353138,0.875462,0.204321,0.437961,-0.370624,0.865275,0.337447,-0.311101,-0.458,0.832655,-0.011573,-0.008663,-0.004985,-0.694582,-2.875205,0.76487,0.27219,0.043674,0.031825,-0.003824,-0.777208,-0.330628,0.535379,0.517946,-0.819296,0.245937,0.357321,0.468442,0.808012,-0.012318,-0.005369,-0.002524,0.020005,-1.432028,-1.686666,0.073683,0.081705,0.025669,-0.043072,-0.633977,0.12485,-0.763206,-0.30538,-0.947097,0.09874,-0.710503,0.295667,0.638565,0.015356,0.00548,0.003513,-0.175171,0.470998,0.638783,-0.764872
450,0.090249,0.00615,0.393269,-0.671049,0.082368,-0.736854,-0.217142,-0.972058,0.089018,-0.708102,0.219629,0.671105,0.030196,0.009639,0.006134,-3.884047,1.168135,4.206035,-1.915687,-0.100506,0.019788,0.352949,0.860062,0.314618,0.401624,-0.452848,0.833144,0.317388,-0.235828,-0.455246,0.858487,-0.024671,-0.010741,-0.005052,-1.30646,-2.734411,-5.132387,0.338889,0.043312,0.031654,-0.00392,-0.756759,-0.431476,0.491063,0.587129,-0.778908,0.220409,0.287392,0.455114,0.842778,-0.005884,-0.003819,-0.002103,0.449756,-0.932563,-0.280413,0.222277,0.082313,0.025915,-0.042951,-0.628993,0.216228,-0.746734,-0.395366,-0.916019,0.067779,-0.669368,0.337866,0.661658,0.015098,0.004842,0.003074,-3.881513,1.174458,4.200799,-0.769281
451,0.090832,0.006371,0.393374,-0.67341,0.126715,-0.728359,-0.264797,-0.961167,0.07753,-0.689418,0.244913,0.681724,0.03109,0.020248,-0.003033,-0.072721,0.592227,0.750532,-1.914756,-0.100928,0.019591,0.352828,0.851759,0.352675,0.387451,-0.479053,0.823471,0.303871,-0.21295,-0.444881,0.869825,-0.024345,-0.012282,-0.006218,0.730387,-0.750624,-0.169327,0.352168,0.043091,0.031553,-0.003981,-0.743038,-0.473995,0.472463,0.61466,-0.762591,0.201606,0.264737,0.440206,0.857981,-0.01212,-0.006245,-0.003171,0.739622,-0.751144,-0.168498,0.260487,0.082592,0.026017,-0.042899,-0.622928,0.260806,-0.737522,-0.441088,-0.895726,0.055803,-0.646065,0.360074,0.673012,0.015091,0.004864,0.003061,-0.928847,0.854693,1.58883,-0.77222
452,0.092181,0.006931,0.393499,-0.665815,0.216429,-0.714069,-0.363938,-0.929631,0.057506,-0.650551,0.29789,0.698621,0.043376,0.008829,0.005453,0.042655,0.298012,0.405419,-1.910491,-0.101956,0.019108,0.352493,0.827561,0.434376,0.355598,-0.53608,0.799237,0.27161,-0.167259,-0.415954,0.893795,-0.036869,-0.017165,-0.008418,0.80246,-0.913278,-0.160679,0.369375,0.042577,0.031312,-0.004148,-0.713062,-0.550573,0.434064,0.663467,-0.730022,0.163945,0.226613,0.404891,0.885838,-0.018377,-0.008735,-0.004303,0.839408,-0.934657,-0.171255,0.300167,0.08325,0.026293,-0.042838,-0.599185,0.347674,-0.721178,-0.532191,-0.845926,0.034352,-0.598121,0.404388,0.691896,0.021946,0.008995,-0.002322,-0.997304,0.484673,1.529775,-0.784957
453,0.093522,0.007657,0.393345,-0.651825,0.29082,-0.700424,-0.442389,-0.895932,0.039622,-0.615204,0.33532,0.713521,0.030348,0.018655,-0.004176,0.181105,0.361588,0.350897,-1.908061,-0.103191,0.018609,0.352019,0.77852,0.537894,0.32337,-0.616593,0.75133,0.235052,-0.117495,-0.383063,0.916144,-0.025634,-0.004546,-0.017037,1.001881,-1.19228,-0.566531,0.3835,0.04197,0.031062,-0.004381,-0.656309,-0.644431,0.392385,0.73156,-0.670778,0.12197,0.184602,0.367103,0.911677,-0.01835,-0.009105,-0.004604,0.236563,-1.217423,-1.550478,0.317476,0.083938,0.026665,-0.04291,-0.571348,0.41799,-0.706289,-0.603027,-0.797563,0.015808,-0.556703,0.434944,0.707745,0.015003,0.008727,-0.002492,0.143516,0.461099,0.432518,-0.790835
454,0.094783,0.008343,0.392927,-0.64038,0.350067,-0.683675,-0.501737,-0.864577,0.027191,-0.58078,0.359997,0.730153,0.041449,0.010577,-0.009395,-0.083138,0.489529,0.737266,-1.90732,-0.104398,0.018415,0.351292,0.741095,0.604301,0.292558,-0.665434,0.718691,0.201531,-0.089397,-0.344799,0.934337,-0.027369,0.00565,-0.025975,0.894247,-0.885585,-0.070517,0.411122,0.041367,0.030961,-0.004741,-0.614575,-0.705288,0.353363,0.771573,-0.630684,0.083133,0.164228,0.323737,0.931784,-0.0127,-0.002838,-0.008938,1.033315,-1.143434,-0.531932,0.347848,0.084566,0.027015,-0.043114,-0.549539,0.473142,-0.688579,-0.654746,-0.755841,0.003177,-0.518954,0.452591,0.725152,0.014601,0.011205,-0.008853,-0.788225,0.768492,1.471137,-0.792632
455,0.095399,0.008709,0.392584,-0.634396,0.380781,-0.672751,-0.532526,-0.846078,0.023202,-0.559581,0.372499,0.740365,0.028595,0.020527,-0.018849,-3.382237,0.882623,4.354154,-1.906542,-0.105024,0.01836,0.350875,0.724259,0.63102,0.277945,-0.684892,0.704623,0.185371,-0.079776,-0.32542,0.942125,-0.038409,-0.008529,-0.018616,-0.664986,-1.845435,-5.216929,0.424894,0.041058,0.03094,-0.004952,-0.600739,-0.725267,0.336303,0.783257,-0.618188,0.065957,0.160062,0.303035,0.93944,-0.013514,0.002071,-0.013534,0.906916,-0.778193,-0.287403,0.366463,0.084879,0.027195,-0.043282,-0.540488,0.498245,-0.677955,-0.677509,-0.735513,-0.000413,-0.498851,0.459098,0.735102,0.014139,0.009661,-0.00983,0.316665,0.766105,0.435569,-0.793774
456,0.0963,0.009472,0.391743,-0.6208,0.43253,-0.653888,-0.584554,-0.81113,0.018352,-0.521685,0.393083,0.757204,0.015388,0.029212,-0.029061,-0.869145,0.360408,1.304359,-1.906194,-0.106356,0.018324,0.349814,0.684047,0.6843,0.252596,-0.726699,0.668864,0.156408,-0.062774,-0.291421,0.954461,-0.026636,0.001892,-0.028894,-0.887585,-1.30921,-5.168971,0.450828,0.040402,0.03092,-0.005466,-0.557401,-0.77301,0.302919,0.816663,-0.576207,0.032336,0.149548,0.265407,0.952467,-0.013203,0.000499,-0.014745,0.631847,-0.514248,0.009314,0.403203,0.085334,0.027572,-0.043699,-0.516205,0.550301,-0.656277,-0.725181,-0.688522,-0.006937,-0.455679,0.472339,0.754487,0.013679,0.008148,-0.010761,-3.459113,0.48521,4.111714,-0.794918
457,0.097121,0.010249,0.390675,-0.605163,0.483752,-0.632303,-0.63192,-0.774925,0.011846,-0.483511,0.406127,0.775439,0.026327,0.012824,-0.023667,-3.18243,0.793575,4.303427,-1.905996,-0.107655,0.018046,0.348692,0.670107,0.700079,0.246649,-0.739786,0.656625,0.146609,-0.060151,-0.281601,0.957573,-0.036739,-0.017554,-0.025672,-0.41474,0.285071,0.241344,0.454617,0.039741,0.030793,-0.006035,-0.537651,-0.790879,0.292302,0.83011,-0.557272,0.019073,0.147807,0.252898,0.956135,-0.019302,-0.003045,-0.016756,0.029577,-0.005478,0.097431,0.423288,0.08574,0.027965,-0.044236,-0.493873,0.593902,-0.635112,-0.762133,-0.647295,-0.012648,-0.418617,0.477794,0.772315,0.013419,0.011004,-0.016843,0.344177,0.711969,0.045522,-0.795571
458,0.097509,0.010666,0.390083,-0.594083,0.511964,-0.620485,-0.660375,-0.750809,0.012695,-0.458634,0.416654,0.784908,0.014145,0.024945,-0.031689,-3.230184,0.652654,4.391864,-1.905782,-0.108282,0.017844,0.348062,0.66481,0.702663,0.253541,-0.744208,0.651982,0.14494,-0.064287,-0.285938,0.956017,-0.02509,-0.006353,-0.03536,-0.066648,0.156308,-0.031294,0.451783,0.039414,0.030685,-0.00636,-0.532038,-0.791701,0.300239,0.833357,-0.552364,0.020219,0.149834,0.260963,0.953649,-0.012479,-0.003406,-0.017824,-0.067569,0.147685,-0.022152,0.424921,0.085938,0.028168,-0.04453,-0.478278,0.620127,-0.621844,-0.785722,-0.618454,-0.012426,-0.392288,0.482654,0.783041,0.013377,0.010879,-0.016911,0.046941,0.714192,0.392046,-0.795571
459,0.098173,0.011736,0.388778,-0.575013,0.565952,-0.59085,-0.708219,-0.705852,0.013037,-0.408965,0.42524,0.807431,0.014487,0.026293,-0.030784,-2.859542,0.951747,4.576069,-1.905711,-0.109291,0.017472,0.346755,0.663465,0.697684,0.270265,-0.744718,0.650254,0.149991,-0.071919,-0.301671,0.950624,-0.025197,-0.006301,-0.035461,-0.188902,0.230957,0.027432,0.439447,0.03892,0.030495,-0.007005,-0.529386,-0.787031,0.31675,0.834167,-0.550933,0.025239,0.154644,0.277584,0.948172,-0.012631,-0.00288,-0.017494,-0.254071,0.256029,0.08767,0.41692,0.086268,0.028698,-0.045186,-0.450315,0.668408,-0.591984,-0.824608,-0.56559,-0.011338,-0.342399,0.483049,0.805869,0.007586,0.018029,-0.020204,0.415588,1.031574,0.081116,-0.79655
460,0.098848,0.012934,0.387308,-0.546785,0.622368,-0.560115,-0.759002,-0.650826,0.017683,-0.352859,0.43402,0.828941,0.013988,0.024584,-0.031804,-4.740085,2.354629,3.189108,-1.905169,-0.110123,0.017413,0.345344,0.663807,0.696539,0.272369,-0.744484,0.649801,0.153091,-0.071176,-0.305281,0.949527,-0.014358,0.009387,-0.041685,0.090966,0.034997,-0.011068,0.428699,0.038501,0.030455,-0.007712,-0.529912,-0.785731,0.31909,0.834109,-0.550846,0.02879,0.153149,0.281413,0.947286,-0.012822,-0.002072,-0.016928,0.091403,0.050787,-0.095667,0.399284,0.086601,0.029287,-0.045903,-0.411152,0.718572,-0.560898,-0.864676,-0.502236,-0.009592,-0.288596,0.481052,0.827828,0.00742,0.017475,-0.020516,-0.51707,0.864266,1.273558,-0.799163
461,0.099542,0.014208,0.385735,-0.524245,0.66448,-0.532615,-0.794264,-0.607062,0.024324,-0.306522,0.434959,0.846689,0.015669,0.045856,-0.049741,0.25972,0.437564,-0.260537,-1.905365,-0.11089,0.017873,0.343675,0.666573,0.697415,0.263218,-0.742856,0.650395,0.158381,-0.061567,-0.301991,0.951249,-0.016608,0.022813,-0.048058,0.137419,0.0219,0.004631,0.420844,0.038124,0.030669,-0.008527,-0.533879,-0.786673,0.310027,0.83316,-0.551976,0.034132,0.144277,0.276524,0.950114,-0.007404,0.005933,-0.019881,0.120161,0.028538,-0.020288,0.390793,0.086952,0.029926,-0.046701,-0.378957,0.759083,-0.529324,-0.894387,-0.44729,-0.001126,-0.237617,0.472994,0.848418,0.013757,0.016262,-0.021277,0.170343,0.444129,-0.156394,-0.806674
462,0.099912,0.014905,0.384923,-0.503925,0.690462,-0.519006,-0.817719,-0.574857,0.029093,-0.277646,0.438201,0.854939,0.014915,0.035669,-0.040407,0.312583,0.627046,-0.218788,-1.904492,-0.111172,0.01825,0.34282,0.672247,0.69157,0.264209,-0.737716,0.655255,0.162326,-0.061701,-0.304913,0.950308,-0.016782,0.023725,-0.047341,-0.259004,0.291263,0.27145,0.417652,0.037977,0.030866,-0.008973,-0.539344,-0.782523,0.311069,0.82952,-0.557294,0.03633,0.144928,0.277633,0.949692,-0.008238,0.011192,-0.024187,-0.288845,0.473082,0.178854,0.386058,0.087138,0.030279,-0.04711,-0.354593,0.779709,-0.516059,-0.911435,-0.411416,0.004657,-0.208684,0.472006,0.856539,0.014016,0.017265,-0.020621,0.376075,0.785583,0.012786,-0.807654
463,0.100791,0.016486,0.383113,-0.472853,0.727814,-0.49673,-0.851205,-0.522963,0.043932,-0.227216,0.442685,0.867427,0.015502,0.045525,-0.049752,0.08931,0.227726,-0.282123,-1.904012,-0.111978,0.01926,0.340817,0.711733,0.645588,0.276848,-0.697935,0.694154,0.175985,-0.079448,-0.319295,0.944247,-0.01816,0.032766,-0.057079,-0.596353,0.643621,0.207297,0.414027,0.037584,0.031366,-0.009948,-0.582458,-0.742626,0.330527,0.797029,-0.601626,0.052803,0.159641,0.294196,0.942317,-0.009153,0.016925,-0.028079,-0.217746,0.293341,0.272762,0.379689,0.087577,0.031068,-0.04801,-0.317283,0.811056,-0.491444,-0.934951,-0.354268,0.01895,-0.158733,0.46549,0.870701,0.014027,0.021187,-0.025932,-0.142309,0.211773,-0.014118,-0.800959
464,0.101639,0.018313,0.380876,-0.477221,0.735329,-0.481246,-0.854987,-0.515054,0.06074,-0.202617,0.439528,0.875094,0.02783,0.049554,-0.062808,0.194763,0.066868,-0.225014,-1.879983,-0.112681,0.020701,0.338593,0.735302,0.611784,0.291621,-0.672136,0.713092,0.199161,-0.087025,-0.34323,0.935138,-0.018664,0.03555,-0.054791,0.979539,1.655711,5.594586,0.39675,0.03723,0.032072,-0.011059,-0.603681,-0.716591,0.349378,0.780856,-0.619832,0.077915,0.160723,0.31985,0.933736,-0.002755,0.019071,-0.027118,-0.382234,0.375511,0.338024,0.367279,0.087998,0.031984,-0.049121,-0.320769,0.818666,-0.476332,-0.937462,-0.346184,0.036318,-0.135166,0.458193,0.878514,0.007614,0.025922,-0.030636,0.196768,0.078512,-0.262259,-0.804225
465,0.102004,0.019287,0.379646,-0.490913,0.727742,-0.479,-0.847763,-0.525703,0.070039,-0.200238,0.439555,0.875627,0.027324,0.047771,-0.063839,-1.646871,1.32439,-1.993161,-1.841667,-0.112886,0.021546,0.337511,0.755409,0.583247,0.298615,-0.648412,0.730687,0.213521,-0.094601,-0.355661,0.929741,-0.007585,0.050579,-0.061197,1.034173,1.647457,5.850286,0.383377,0.037116,0.032505,-0.011621,-0.62655,-0.69088,0.36072,0.761581,-0.641068,0.094998,0.165614,0.334239,0.927823,-0.002934,0.020041,-0.026317,-0.706138,0.651663,0.671631,0.354379,0.08818,0.032472,-0.049735,-0.333522,0.814156,-0.475303,-0.932978,-0.35742,0.042444,-0.135327,0.457604,0.878797,0.007303,0.024791,-0.031316,0.70546,-0.57894,-1.963371,-0.796224
466,0.102925,0.021261,0.376937,-0.559549,0.673026,-0.483722,-0.796421,-0.598145,0.088929,-0.228795,0.434166,0.87131,0.026454,0.044727,-0.065573,2.667088,-0.895015,-5.056139,-1.779123,-0.113151,0.023336,0.335286,0.80968,0.49654,0.312821,-0.574075,0.7805,0.247369,-0.12234,-0.380503,0.916577,-0.005872,0.039731,-0.052831,0.747088,2.043874,5.920844,0.366537,0.036982,0.033408,-0.012734,-0.689376,-0.613569,0.385087,0.699522,-0.701971,0.133802,0.188224,0.361618,0.913128,-0.002929,0.020056,-0.026241,-0.688945,0.626144,0.640045,0.32515,0.088641,0.033459,-0.051089,-0.40908,0.775238,-0.481309,-0.898499,-0.434252,0.064218,-0.159226,0.458726,0.874194,0.013533,0.027071,-0.037616,-0.019891,-0.417059,-0.477343,-0.780874
467,0.104179,0.023027,0.374207,-0.609381,0.625653,-0.487091,-0.752085,-0.650609,0.10511,-0.250391,0.429604,0.867624,0.025404,0.040962,-0.067809,0.044959,-0.396636,-0.409641,-1.743373,-0.113421,0.025033,0.333171,0.843629,0.427297,0.325116,-0.518049,0.80661,0.284497,-0.141732,-0.408978,0.901395,-0.007912,0.052304,-0.059506,-0.698763,0.475145,0.705516,0.368516,0.03685,0.034234,-0.013771,-0.733611,-0.544792,0.406221,0.648333,-0.740229,0.178113,0.203662,0.394033,0.896247,-0.009535,0.019193,-0.026111,-1.027956,0.703831,0.85185,0.315843,0.089269,0.034346,-0.052452,-0.47141,0.735802,-0.486175,-0.862463,-0.499775,0.079886,-0.184198,0.456967,0.870202,0.019032,0.019211,-0.034784,0.093996,-0.567185,-0.772256,-0.777119
468,0.105546,0.024662,0.371408,-0.636731,0.595658,-0.489705,-0.725089,-0.678574,0.117286,-0.261652,0.429015,0.864587,0.038087,0.0392,-0.068874,0.029583,-0.214233,-0.208947,-1.771738,-0.113669,0.026633,0.33125,0.858565,0.386465,0.336901,-0.491432,0.807296,0.326651,-0.146814,-0.446505,0.882577,-0.006347,0.042259,-0.050557,-1.071201,0.650913,0.864867,0.369941,0.036723,0.035054,-0.014754,-0.751954,-0.506964,0.421369,0.627625,-0.746071,0.222403,0.201621,0.431699,0.879195,-0.002151,0.015026,-0.021753,-0.756258,0.358997,0.82245,0.317149,0.089946,0.035158,-0.053855,-0.504167,0.710983,-0.490222,-0.841187,-0.532792,0.092392,-0.195497,0.458949,0.866686,0.012791,0.020748,-0.033668,-0.113713,-0.142899,-0.377014,-0.798673
469,0.106274,0.025311,0.370179,-0.64169,0.592825,-0.48666,-0.722234,-0.680574,0.123159,-0.257404,0.429771,0.865487,0.038,0.038999,-0.068943,0.103604,-0.162672,-0.130871,-1.784081,-0.113837,0.027245,0.33033,0.863449,0.369554,0.343332,-0.481973,0.804901,0.346079,-0.149533,-0.464766,0.872637,-0.017045,0.025579,-0.045575,-0.92318,0.562363,0.695448,0.36364,0.036636,0.035381,-0.015229,-0.758501,-0.489858,0.429782,0.620073,-0.745388,0.244754,0.20046,0.452143,0.869126,-0.008462,0.012644,-0.022904,-0.990754,0.597361,0.719611,0.314047,0.09031,0.035483,-0.054469,-0.50973,0.709062,-0.487243,-0.838829,-0.535438,0.098345,-0.191156,0.458843,0.86771,0.024945,0.013021,-0.030913,0.019178,-0.169857,-0.152805,-0.813206
470,0.107918,0.026439,0.36782,-0.646665,0.600788,-0.470025,-0.723418,-0.678417,0.128016,-0.241164,0.422058,0.873919,0.049311,0.016783,-0.052099,0.380432,0.393294,0.421784,-1.823853,-0.11426,0.027957,0.328615,0.868458,0.3396,0.361169,-0.469683,0.796422,0.380847,-0.159394,-0.500813,0.850672,-0.014423,0.009817,-0.041532,-0.990767,0.691073,0.490779,0.345792,0.03643,0.035736,-0.016068,-0.76468,-0.462262,0.448973,0.611605,-0.740075,0.279689,0.202984,0.488467,0.848643,-0.000676,0.006241,-0.020452,-0.544813,0.296075,0.510428,0.298371,0.091127,0.036053,-0.055656,-0.514275,0.716159,-0.471843,-0.839166,-0.533734,0.104532,-0.176977,0.449713,0.875462,0.018834,0.015022,-0.029532,0.367124,0.591393,0.353199,-0.824146
471,0.109652,0.027206,0.365932,-0.64096,0.6255,-0.444933,-0.737643,-0.662236,0.13152,-0.211594,0.411719,0.886421,0.049736,0.011108,-0.040124,0.242239,0.689297,0.754037,-1.844786,-0.114745,0.028304,0.327058,0.869765,0.316909,0.378245,-0.463908,0.786057,0.408458,-0.168966,-0.531132,0.830188,-0.014627,0.01082,-0.040783,-0.94563,0.76559,0.300294,0.316363,0.036189,0.035903,-0.016852,-0.76663,-0.44077,0.466904,0.608143,-0.731745,0.307749,0.206009,0.519875,0.829029,-0.007379,0.005916,-0.019959,-0.547883,0.40768,0.30396,0.264406,0.091993,0.036432,-0.056609,-0.504852,0.738879,-0.446297,-0.850017,-0.515568,0.107979,-0.150313,0.433874,0.888345,0.025277,0.010882,-0.02443,-0.530555,0.358117,1.541319,-0.824963
472,0.110639,0.027445,0.365175,-0.637189,0.635941,-0.435447,-0.744339,-0.654298,0.133512,-0.19922,0.408398,0.890814,0.049574,0.002915,-0.029834,0.209367,0.275081,0.105112,-1.860001,-0.114958,0.028502,0.326346,0.870717,0.308871,0.382677,-0.461319,0.782248,0.418578,-0.17115,-0.541387,0.823086,-0.015136,0.013553,-0.038533,-0.364737,0.304386,0.213651,0.311203,0.036084,0.035996,-0.017213,-0.768382,-0.431408,0.472731,0.606071,-0.727782,0.32095,0.205584,0.533122,0.820679,-0.00665,0.00113,-0.015395,-0.438966,0.335217,0.216153,0.251016,0.092486,0.036554,-0.056992,-0.498309,0.749915,-0.435102,-0.855843,-0.505716,0.108551,-0.138635,0.426471,0.893813,0.025234,0.006988,-0.019142,0.272329,0.313536,0.184365,-0.829535
473,0.112549,0.027622,0.364134,-0.623682,0.6586,-0.421084,-0.761375,-0.63381,0.136255,-0.176379,0.40476,0.897267,0.050583,0.007264,-0.026982,0.132769,0.233697,-0.154943,-1.885666,-0.115294,0.029132,0.325038,0.871055,0.297514,0.390818,-0.460298,0.771751,0.438702,-0.172184,-0.5624,0.808655,-0.016343,0.020144,-0.03302,-0.508308,0.375268,0.31206,0.306959,0.035917,0.036302,-0.017874,-0.768804,-0.421576,0.480846,0.606623,-0.718721,0.339773,0.202354,0.552912,0.808294,-0.001585,0.011136,-0.016423,-0.52415,0.478935,0.187293,0.237627,0.093441,0.036641,-0.057514,-0.480668,0.769779,-0.419996,-0.869066,-0.482062,0.111075,-0.116961,0.418395,0.900702,0.02542,0.004095,-0.013211,0.138211,0.108207,0.051412,-0.836067
474,0.114559,0.027841,0.36333,-0.610052,0.68451,-0.399159,-0.778417,-0.611841,0.140321,-0.147418,0.39546,0.90659,0.051263,0.002811,-0.014243,0.160146,0.245569,0.098684,-1.903451,-0.115525,0.03003,0.323859,0.872083,0.287415,0.396049,-0.456903,0.767688,0.449254,-0.17601,-0.573102,0.800273,-0.0039,0.026017,-0.029673,-0.259411,0.314788,0.047894,0.318645,0.035796,0.036751,-0.018463,-0.770595,-0.411417,0.486743,0.60394,-0.715331,0.351506,0.203567,0.564833,0.799702,-0.001983,0.013303,-0.014583,-0.371979,0.274288,0.266927,0.241709,0.094445,0.036749,-0.057922,-0.46311,0.792229,-0.397369,-0.881676,-0.457537,0.115356,-0.090423,0.403773,0.910379,0.026081,0.007138,-0.011205,0.213005,0.259671,0.170486,-0.83721
475,0.115551,0.028072,0.363003,-0.601955,0.699697,-0.384862,-0.787971,-0.598611,0.144009,-0.128878,0.389074,0.912162,0.052879,0.01792,-0.019939,0.207359,0.331266,-0.034115,-1.90374,-0.115671,0.030529,0.323321,0.87078,0.287566,0.398798,-0.45991,0.762816,0.454454,-0.174613,-0.5795,0.795961,-0.004163,0.027467,-0.028426,-0.449672,0.325274,-0.003829,0.325383,0.035724,0.037002,-0.018731,-0.768828,-0.412011,0.489029,0.607028,-0.710691,0.355576,0.201047,0.570231,0.796502,-0.008681,0.013036,-0.013982,-0.575921,0.070524,-0.142443,0.249873,0.09494,0.036857,-0.058085,-0.452472,0.80555,-0.382566,-0.888744,-0.442687,0.119,-0.073497,0.393848,0.916232,0.026057,0.003337,-0.005874,0.196786,0.279198,0.12244,-0.828556
476,0.117384,0.028728,0.362267,-0.586152,0.731609,-0.348165,-0.805305,-0.57331,0.150903,-0.088481,0.367918,0.925654,0.039884,0.018871,-0.019204,-0.314994,0.956117,-0.342671,-1.903749,-0.115999,0.031443,0.32231,0.865991,0.29477,0.403932,-0.471237,0.750925,0.462582,-0.16805,-0.591307,0.788656,-0.017341,0.025806,-0.028155,-0.466394,0.438514,0.150695,0.327259,0.035557,0.037473,-0.019245,-0.762346,-0.41899,0.493229,0.617979,-0.697602,0.362562,0.192168,0.581203,0.790742,-0.008651,0.012903,-0.014073,-0.399155,0.403716,0.122377,0.259508,0.095849,0.037187,-0.05844,-0.430652,0.833055,-0.347211,-0.9016,-0.414444,0.123906,-0.040679,0.366406,0.929564,0.019894,0.009129,-0.009832,0.358111,0.565291,0.035823,-0.826433
477,0.11912,0.029687,0.361451,-0.570684,0.756844,-0.318672,-0.819314,-0.550961,0.158549,-0.054875,0.350629,0.93492,0.053997,0.032495,-0.02596,0.241661,0.538517,-0.164802,-1.903632,-0.116343,0.032212,0.321364,0.866454,0.286492,0.408867,-0.469113,0.747038,0.470959,-0.171596,-0.600226,0.78112,-0.004277,0.028152,-0.027763,-0.36752,0.26344,0.304489,0.32674,0.035387,0.037848,-0.019706,-0.763165,-0.411021,0.498637,0.616549,-0.694208,0.371403,0.193504,0.590876,0.783211,-0.007652,0.006655,-0.01075,-0.437069,0.427692,0.082795,0.260324,0.096726,0.037665,-0.058855,-0.412396,0.854581,-0.315626,-0.910967,-0.389974,0.134382,-0.008246,0.342944,0.939318,0.02068,0.017021,-0.012428,0.208096,0.797053,-0.205826,-0.826433
478,0.120821,0.03105,0.36048,-0.560603,0.772918,-0.297268,-0.827533,-0.536233,0.166179,-0.03027,0.338195,0.940604,0.042111,0.046674,-0.032054,0.138844,0.191009,-0.328144,-1.903708,-0.11668,0.032861,0.32055,0.863459,0.290023,0.412694,-0.476109,0.738411,0.477496,-0.167333,-0.609147,0.775115,-0.002543,0.017082,-0.019921,-0.039673,0.067597,0.072837,0.324216,0.035218,0.038176,-0.020116,-0.759679,-0.412923,0.502376,0.622807,-0.684229,0.379395,0.18708,0.601102,0.776966,-0.007837,0.007716,-0.009837,0.000777,0.047252,0.052605,0.259671,0.097581,0.038344,-0.059336,-0.399298,0.868717,-0.293071,-0.916722,-0.373621,0.141515,0.013439,0.325172,0.945558,0.014428,0.018632,-0.011279,0.085957,0.081451,-0.210704,-0.826433
479,0.12152,0.031877,0.359918,-0.566612,0.771308,-0.289969,-0.823607,-0.541098,0.169878,-0.025175,0.334112,0.942212,0.041757,0.045509,-0.032782,-1.77149,1.979134,-1.263711,-1.903665,-0.116808,0.033185,0.320163,0.864108,0.284856,0.414929,-0.474427,0.735822,0.483135,-0.168771,-0.614688,0.770414,-0.002648,0.017675,-0.019408,-0.226374,0.164651,0.194928,0.318624,0.035153,0.038344,-0.020317,-0.760557,-0.408367,0.504766,0.621665,-0.682308,0.384692,0.18731,0.606375,0.772802,-0.001309,0.008833,-0.009702,-0.246167,0.175217,0.202874,0.255752,0.097932,0.038761,-0.059614,-0.404886,0.867762,-0.288191,-0.914243,-0.379033,0.143148,0.014984,0.321435,0.946812,0.014741,0.024248,-0.015359,0.135203,0.083,-0.197578,-0.825126
480,0.122715,0.033737,0.358573,-0.618491,0.724453,-0.304437,-0.784297,-0.593159,0.181689,-0.04819,0.350238,0.935435,0.028771,0.053881,-0.042565,0.267743,-0.955403,-1.998226,-1.895568,-0.11705,0.033739,0.319454,0.864746,0.276387,0.419304,-0.472217,0.731276,0.492119,-0.171693,-0.623904,0.762318,-0.015766,0.015834,-0.019324,-0.394541,0.280209,0.253832,0.311299,0.035032,0.038621,-0.020672,-0.761515,-0.400794,0.50937,0.620244,-0.67873,0.39322,0.188125,0.615377,0.765454,-0.007871,0.007911,-0.009665,-0.525148,0.348895,0.307225,0.244975,0.098535,0.039696,-0.060279,-0.463025,0.833365,-0.301842,-0.886344,-0.435743,0.156594,-0.001025,0.340043,0.940409,0.014417,0.027052,-0.021366,1.301328,-1.899778,-5.823448,-0.821534
481,0.123778,0.035596,0.356943,-0.701306,0.624027,-0.344682,-0.705965,-0.675144,0.213927,-0.098347,0.392582,0.914458,0.027602,0.048743,-0.045771,-0.459062,-1.442475,-0.844861,-1.905845,-0.117478,0.034199,0.318832,0.866013,0.254083,0.430645,-0.463982,0.729,0.503203,-0.187167,-0.635906,0.748635,-0.015944,0.016899,-0.018403,-0.643166,0.434117,0.386687,0.307525,0.034829,0.038843,-0.020972,-0.763906,-0.380135,0.521482,0.613499,-0.678443,0.404145,0.200166,0.628658,0.75148,-0.007963,0.008466,-0.009181,-0.274147,0.225072,0.187932,0.23877,0.099058,0.040612,-0.061074,-0.562809,0.751737,-0.343707,-0.825553,-0.531989,0.188278,-0.041314,0.389713,0.920008,0.013864,0.024413,-0.022913,1.627215,-3.404823,-1.447955,-0.825943
482,0.124636,0.037868,0.354897,-0.780148,0.494214,-0.383623,-0.601259,-0.761743,0.241263,-0.172021,0.418259,0.891906,0.029101,0.080447,-0.071074,1.074334,-3.213842,-0.626837,-1.907828,-0.118053,0.034498,0.318364,0.868162,0.2342,0.437534,-0.455046,0.727124,0.513963,-0.198856,-0.64559,0.737247,-0.014268,0.006111,-0.010383,-0.247733,0.179985,0.141129,0.296355,0.034536,0.038998,-0.021213,-0.768069,-0.359156,0.530165,0.605408,-0.677065,0.418405,0.208684,0.642331,0.737469,-0.007085,0.002838,-0.005369,-0.302791,0.333732,-0.023083,0.229299,0.099496,0.041752,-0.062107,-0.665338,0.639659,-0.384916,-0.738847,-0.638039,0.216815,-0.106904,0.42865,0.897122,0.00788,0.034685,-0.031386,0.14088,-1.346185,-2.646814,-0.817288
483,0.124966,0.03934,0.353556,-0.804589,0.436876,-0.402272,-0.555536,-0.793105,0.249674,-0.208971,0.423814,0.881329,0.028457,0.077478,-0.072795,-0.276569,-0.922955,-1.592896,-1.90936,-0.118381,0.034614,0.318166,0.871685,0.212204,0.441731,-0.441811,0.729962,0.521434,-0.212886,-0.649949,0.729458,-0.014359,0.006654,-0.009919,-0.299148,0.711741,0.480318,0.288644,0.034372,0.039056,-0.021313,-0.773426,-0.339425,0.535351,0.594214,-0.682311,0.425864,0.220727,0.647488,0.729409,-0.007164,0.003185,-0.005079,0.192525,1.370263,1.332475,0.220481,0.099662,0.042491,-0.062775,-0.699344,0.586248,-0.408937,-0.699903,-0.677774,0.225291,-0.145091,0.443772,0.884315,0.008022,0.039332,-0.035949,-0.027353,-1.419502,-2.972228,-0.796387
484,0.125831,0.042757,0.350332,-0.823172,0.337512,-0.456639,-0.490372,-0.828007,0.271868,-0.285322,0.447293,0.847672,0.028804,0.095641,-0.09101,0.545739,-3.107933,-0.387907,-1.911234,-0.119044,0.03482,0.317915,0.875821,0.17851,0.448399,-0.42121,0.73596,0.52998,-0.236491,-0.653256,0.71916,-0.013111,-0.001779,0.000101,-0.176037,0.231399,-0.101113,0.264333,0.034051,0.039157,-0.021441,-0.781353,-0.305087,0.544433,0.575087,-0.690816,0.43823,0.242406,0.65551,0.715223,-0.00658,-0.000674,0.000249,-0.182915,0.269659,-0.054658,0.195988,0.100094,0.044192,-0.06438,-0.7362,0.494073,-0.462492,-0.642569,-0.724788,0.248568,-0.212398,0.480179,0.851065,0.014317,0.047053,-0.046025,-0.634786,-1.199693,-1.420989,-0.801776
485,0.126893,0.046973,0.346396,-0.832355,0.25204,-0.493667,-0.442791,-0.838103,0.318577,-0.332419,0.483443,0.80982,0.029906,0.117933,-0.105975,0.278801,-2.896869,-0.641739,-1.912577,-0.119529,0.034899,0.317911,0.875237,0.160514,0.456275,-0.412555,0.739871,0.531341,-0.25339,-0.653483,0.713174,-0.013539,0.000732,0.002245,-0.004834,0.001894,-0.002905,0.247349,0.033798,0.039198,-0.021447,-0.781892,-0.28753,0.553146,0.567335,-0.69597,0.440177,0.258409,0.65799,0.7073,-0.00669,-6.2e-05,0.000766,0.008981,0.113202,-0.203732,0.166105,0.100634,0.04633,-0.066386,-0.760327,0.41044,-0.503428,-0.598198,-0.744481,0.296489,-0.253102,0.526579,0.811574,0.015003,0.05875,-0.053144,0.17032,-2.968915,-0.692693,-0.802919
486,0.127379,0.04948,0.34421,-0.83805,0.206049,-0.505235,-0.41471,-0.842295,0.344277,-0.353581,0.497786,0.79197,0.030541,0.129531,-0.112903,0.193556,-2.808882,-0.523398,-1.912998,-0.11968,0.034895,0.317966,0.873813,0.161233,0.458744,-0.41476,0.739276,0.530452,-0.254703,-0.653981,0.712249,-0.013493,0.000485,0.002031,-0.018376,0.130087,-0.190753,0.239286,0.033717,0.039199,-0.021417,-0.780041,-0.288359,0.555322,0.569368,-0.695188,0.438784,0.259526,0.658454,0.706458,-0.006762,0.000349,0.001115,-0.014662,0.126383,-0.194365,0.155818,0.100865,0.047534,-0.067437,-0.774699,0.367721,-0.514413,-0.572126,-0.754063,0.322582,-0.26928,0.544214,0.794555,0.015379,0.064855,-0.05641,-0.634534,-0.56798,-1.96517,-0.80047
487,0.128324,0.055147,0.339485,-0.831084,0.131466,-0.540427,-0.377199,-0.847306,0.373852,-0.407728,0.514383,0.75445,0.02036,0.165952,-0.132393,0.318599,-2.855611,0.072966,-1.912928,-0.119858,0.034929,0.318093,0.872442,0.157207,0.462734,-0.413938,0.740754,0.52903,-0.260694,-0.653282,0.710721,-0.000551,0.00322,0.00275,-0.013887,0.098175,-0.138157,0.23206,0.033628,0.039215,-0.021354,-0.77874,-0.28436,0.559197,0.568519,-0.696741,0.437419,0.265232,0.658551,0.704245,-0.000193,0.001129,0.000969,-7.5e-05,-0.001408,-0.00132,0.137529,0.101341,0.050355,-0.069791,-0.781478,0.29321,-0.550743,-0.536292,-0.766787,0.352742,-0.318876,0.571019,0.756474,0.00988,0.076961,-0.062653,-0.086514,-0.990762,-1.017094,-0.801449
488,0.129008,0.061533,0.334422,-0.802853,0.083771,-0.590301,-0.364761,-0.852198,0.375074,-0.470639,0.516339,0.715486,0.009014,0.17901,-0.136287,-0.264157,-0.720598,-0.854426,-1.913797,-0.11984,0.034994,0.318183,0.871767,0.152782,0.46548,-0.411956,0.742561,0.528043,-0.26606,-0.652274,0.709658,-0.000325,0.001898,0.001619,0.0,0.0,0.0,0.249101,0.033637,0.039251,-0.021305,-0.778187,-0.280026,0.562146,0.566779,-0.698703,0.436549,0.270529,0.65833,0.702435,0.000694,-0.004672,0.004621,-0.052557,0.121355,-0.182017,0.146347,0.101688,0.053544,-0.07232,-0.760301,0.24135,-0.603067,-0.5255,-0.774267,0.352645,-0.381825,0.585029,0.715506,0.010197,0.082422,-0.065471,-0.374543,-1.009545,-0.6566,-0.802102
489,0.12919,0.064981,0.33185,-0.800692,0.07256,-0.594703,-0.358696,-0.853142,0.378758,-0.478892,0.516492,0.709877,0.009639,0.181644,-0.133174,0.160836,-0.426462,-0.192891,-1.913166,-0.119746,0.03503,0.31824,0.87121,0.153019,0.466443,-0.412798,0.742306,0.527743,-0.266577,-0.652508,0.709248,-0.000347,0.002023,0.001726,-0.0,0.0,0.0,0.254332,0.033684,0.039269,-0.021276,-0.77748,-0.280241,0.563017,0.567552,-0.698322,0.436153,0.27094,0.658642,0.701983,-0.000173,0.001014,0.000863,-0.000486,-0.000526,-0.000711,0.153858,0.101778,0.055263,-0.07361,-0.760628,0.228156,-0.607772,-0.519142,-0.775894,0.358439,-0.389787,0.58816,0.708612,-0.001112,0.091297,-0.066251,-0.014754,0.088066,-0.647164,-0.807654
490,0.129078,0.072118,0.326955,-0.800859,0.055113,-0.596349,-0.346653,-0.854666,0.386458,-0.487388,0.516152,0.70432,-0.001571,0.17684,-0.118608,0.017831,0.059905,-0.596816,-1.913782,-0.119454,0.035075,0.318384,0.87047,0.143131,0.470942,-0.407243,0.746542,0.526082,-0.277365,-0.649901,0.707503,0.014239,-0.006134,0.010362,2.570553,2.883429,3.943315,0.257411,0.033825,0.039291,-0.021211,-0.775877,-0.275497,0.567551,0.566479,-0.700209,0.43452,0.277696,0.658641,0.699339,-0.000213,0.00123,0.001044,-0.000455,-0.002985,0.001046,0.162513,0.101726,0.05883,-0.076067,-0.763729,0.212097,-0.609697,-0.508039,-0.780179,0.364986,-0.398261,0.588501,0.7036,-0.006138,0.095406,-0.062006,-0.514612,1.284286,-1.701385,-0.810267
491,0.12862,0.079098,0.322385,-0.794667,0.032112,-0.606233,-0.335059,-0.855948,0.393778,-0.505275,0.516002,0.691713,-0.013455,0.166741,-0.107997,0.015078,-0.687126,-0.276247,-1.912817,-0.119125,0.035199,0.318512,0.864594,0.143729,0.481466,-0.414306,0.745807,0.521589,-0.285192,-0.650612,0.703727,0.012612,0.004535,0.002249,-0.014232,0.099509,-0.132394,0.257303,0.033985,0.03935,-0.021142,-0.770303,-0.270629,0.577401,0.568577,-0.701443,0.429763,0.288708,0.659345,0.694197,-0.000288,0.001651,0.0014,0.000725,-0.02279,0.027634,0.165452,0.101507,0.06226,-0.07831,-0.762141,0.189672,-0.619002,-0.497293,-0.783713,0.372146,-0.414535,0.591453,0.691623,-0.006661,0.083274,-0.054126,-0.120083,-0.697674,-0.545472,-0.813533
