frame,MLTx,MLTy,MLTz,MLTR1,MLTR2,MLTR3,MLTR4,MLTR5,MLTR6,MLTR7,MLTR8,MLTR9,MLTTVx,MLTTVy,MLTTVz,MLTRVx,MLTRVy,MLTRVz,MLGA,MRTx,MRTy,MRTz,MRTR1,MRTR2,MRTR3,MRTR4,MRTR5,MRTR6,MRTR7,MRTR8,MRTR9,MRTTVx,MRTTVy,MRTTVz,MRTRVx,MRTRVy,MRTRVz,MRGA,SLTx,SLTy,SLTz,SLTR1,SLTR2,SLTR3,SLTR4,SLTR5,SLTR6,SLTR7,SLTR8,SLTR9,SLTTVx,SLTTVy,SLTTVz,SLTRVx,SLTRVy,SLTRVz,SLGA,SRTx,SRTy,SRTz,SRTR1,SRTR2,SRTR3,SRTR4,SRTR5,SRTR6,SRTR7,SRTR8,SRTR9,SRTTVx,SRTTVy,SRTTVz,SRTRVx,SRTRVy,SRTRVz,SRGA
179,0.235193,-0.061229,0.349463,-0.871168,0.309249,-0.381415,-0.396531,-0.901197,0.174869,-0.288572,0.303193,0.9082,-0.000703,0.008554,-0.011069,0.035409,-0.005354,0.022108,0.337609,-0.24101,-0.022607,0.323133,-0.928786,-0.169606,0.329517,0.336564,-0.757774,0.55896,0.156062,0.630267,0.760442,-0.004269,0.013506,-0.045659,0.390228,0.347282,1.770408,-1.404492,0.001772,0.046237,0.001175,0.903825,0.144031,0.402931,-0.33814,0.817461,0.466281,-0.262222,-0.557684,0.787545,-0.002115,0.00674,-0.022838,0.363413,0.316981,1.824372,-0.885976,0.119077,0.023429,-0.032181,0.895142,-0.273308,-0.352168,0.331423,0.936357,0.115731,0.298125,-0.220313,0.928753,-0.007643,-0.001596,-0.000991,-0.001023,0.014727,-0.029396,0.255204
180,0.234768,-0.061006,0.348982,-0.871019,0.309624,-0.381451,-0.396502,-0.901469,0.173525,-0.289059,0.301999,0.908443,-0.015846,0.004174,-0.014353,0.033759,0.020502,-0.034018,0.311223,-0.241091,-0.021821,0.321172,-0.940461,-0.13801,0.310607,0.299468,-0.76822,0.565766,0.161714,0.625267,0.763383,-0.004131,0.024899,-0.053758,0.294841,0.249792,0.393483,-1.405771,0.001732,0.04662,0.000213,0.915238,0.110296,0.387521,-0.301111,0.826305,0.475974,-0.267713,-0.552316,0.789478,-0.002099,0.012155,-0.027181,0.669114,0.849635,1.426711,-0.887119,0.118864,0.023547,-0.032422,0.895012,-0.273712,-0.352185,0.331404,0.936534,0.114341,0.298537,-0.219052,0.928919,-0.007906,0.002,-0.007266,0.03373,0.020511,-0.033905,0.241978
181,0.233928,-0.060798,0.34811,-0.87082,0.310171,-0.381459,-0.396416,-0.901899,0.171476,-0.289771,0.30015,0.908829,-0.031624,0.007704,-0.02946,0.068209,0.029665,-0.041558,0.251905,-0.241266,-0.020982,0.319235,-0.950198,-0.109242,0.291858,0.26526,-0.774615,0.574058,0.16456,0.623019,0.764611,-0.003933,0.025821,-0.052889,0.088415,-0.039751,0.056312,-1.405783,0.001643,0.047047,-0.000777,0.924827,0.078986,0.372096,-0.267024,0.83148,0.487174,-0.270911,-0.54991,0.790066,-0.001918,0.012977,-0.02637,0.128693,-0.056339,0.045491,-0.884016,0.118443,0.023654,-0.032855,0.894852,-0.274272,-0.352156,0.331315,0.936817,0.112267,0.299114,-0.217137,0.929182,-0.015769,0.003622,-0.014968,0.068208,0.029672,-0.041441,0.175518
182,0.232585,-0.060553,0.346928,-0.870958,0.308278,-0.382678,-0.394725,-0.902727,0.171017,-0.291654,0.299612,0.908403,-0.047068,0.005482,-0.030531,0.030932,-0.012914,-0.094606,0.194093,-0.241435,-0.020285,0.317458,-0.956056,-0.078741,0.282395,0.235514,-0.779488,0.5804,0.175624,0.621497,0.763387,-0.003583,0.027392,-0.051309,0.043969,-0.019127,0.259997,-1.405947,0.001559,0.047384,-0.001648,0.929496,0.047872,0.365711,-0.238078,0.835179,0.495776,-0.281701,-0.547889,0.787693,-0.001809,0.008115,-0.021557,-0.008785,0.116746,0.087145,-0.878628,0.11779,0.02377,-0.033441,0.894779,-0.272476,-0.35373,0.32971,0.937423,0.111927,0.301098,-0.216778,0.928626,-0.023483,0.002475,-0.015537,0.037865,-0.005637,-0.096385,0.097955
183,0.231753,-0.060352,0.346258,-0.871317,0.305905,-0.383763,-0.392866,-0.903404,0.171727,-0.293081,0.300011,0.907813,-0.047994,0.016053,-0.039481,0.075897,-0.003729,-0.066645,0.166457,-0.241517,-0.019943,0.316599,-0.957855,-0.060492,0.280794,0.220764,-0.780037,0.585439,0.184819,0.622826,0.760127,-0.003594,0.016651,-0.042715,-0.091988,0.231237,0.178371,-1.405981,0.001519,0.047559,-0.002081,0.930349,0.02976,0.365464,-0.223931,0.835356,0.50203,-0.290353,-0.548902,0.783837,-0.001773,0.008293,-0.021391,-0.115711,0.346749,0.288647,-0.880424,0.117375,0.023864,-0.033775,0.894973,-0.270061,-0.355089,0.327767,0.938011,0.112709,0.30264,-0.217258,0.928012,-0.023544,0.002966,-0.015026,0.061048,0.028039,-0.08613,0.05501
184,0.229746,-0.059781,0.344901,-0.871736,0.297474,-0.389397,-0.387665,-0.904714,0.176578,-0.298685,0.304509,0.904482,-0.063813,0.017562,-0.036573,-0.171304,-0.371271,-0.255119,0.125339,-0.241824,-0.019151,0.314815,-0.959645,-0.038086,0.278609,0.205541,-0.770751,0.603017,0.192977,0.635989,0.747088,-0.003814,0.015771,-0.043773,-0.669659,-0.093278,1.086772,-1.405953,0.001373,0.047948,-0.002951,0.930083,0.009589,0.367222,-0.213411,0.827765,0.518903,-0.298998,-0.560993,0.771936,-0.001769,0.008348,-0.021377,-0.202411,0.332023,0.236931,-0.881567,0.116395,0.024138,-0.034445,0.895196,-0.263292,-0.359585,0.322863,0.939309,0.116004,0.307219,-0.219943,0.925873,-0.031846,0.00845,-0.018617,-0.252755,-0.503656,-0.317965,-0.012266
185,0.227515,-0.05907,0.34348,-0.870358,0.292093,-0.39649,-0.386803,-0.903776,0.183153,-0.303762,0.312403,0.900089,-0.063813,0.018053,-0.036216,-0.230972,-0.459027,-0.293736,0.102985,-0.2421,-0.018429,0.313163,-0.958965,-0.013386,0.283193,0.193382,-0.760943,0.619277,0.208409,0.648639,0.731913,-0.018053,0.019191,-0.039953,-0.514914,0.551732,0.579831,-1.406014,0.001226,0.048322,-0.003815,0.928385,-0.016237,0.371264,-0.201288,0.817828,0.53911,-0.312384,-0.575233,0.755991,-0.00899,0.00965,-0.019911,-0.630054,0.620466,0.603413,-0.880751,0.115261,0.024503,-0.035167,0.893479,-0.25834,-0.36736,0.321933,0.938761,0.122824,0.313133,-0.228006,0.921932,-0.032296,0.014147,-0.022698,-0.206054,-0.419645,-0.453815,-0.063049
186,0.226287,-0.058621,0.34274,-0.870692,0.285495,-0.400542,-0.382884,-0.904569,0.187423,-0.30773,0.316188,0.897415,-0.064795,0.030307,-0.043357,-0.070858,-0.19692,-0.344583,0.103174,-0.242196,-0.018097,0.31238,-0.958895,-0.001714,0.283741,0.186729,-0.756364,0.626881,0.214741,0.654091,0.7252,-0.017935,0.019728,-0.039408,-0.264882,0.380528,0.226569,-1.405732,0.001178,0.048488,-0.004206,0.927317,-0.02924,0.373131,-0.195192,0.812849,0.548795,-0.319346,-0.581739,0.748062,-0.008926,0.009919,-0.019638,-0.199406,0.348918,0.219443,-0.876505,0.114648,0.024719,-0.035538,0.893087,-0.251264,-0.373176,0.31783,0.939455,0.128085,0.318399,-0.232997,0.918876,-0.031956,0.009934,-0.017123,-0.141995,-0.320855,-0.237563,-0.075623
187,0.223737,-0.057545,0.341212,-0.867575,0.276619,-0.41333,-0.383464,-0.901271,0.201588,-0.315684,0.33304,0.888513,-0.064752,0.031289,-0.042477,-0.415264,-0.69672,-0.54876,0.115832,-0.242514,-0.017438,0.310717,-0.957347,0.041996,0.285857,0.160978,-0.743706,0.648785,0.241042,0.667067,0.704828,-0.003894,0.015594,-0.044238,-0.609962,0.620945,0.672422,-1.405317,0.001022,0.048818,-0.005016,0.923183,-0.07045,0.377846,-0.173028,0.801638,0.572221,-0.343209,-0.593643,0.727869,-0.009341,0.008242,-0.021539,-0.706415,0.767621,0.705594,-0.887119,0.113373,0.02526,-0.036299,0.88993,-0.244908,-0.384765,0.318831,0.93729,0.140834,0.326145,-0.248008,0.912207,-0.032325,0.015369,-0.021503,-0.142789,-0.346368,-0.192942,-0.071214
188,0.221134,-0.056439,0.339283,-0.858808,0.262429,-0.440029,-0.384168,-0.898092,0.214051,-0.337949,0.352542,0.872658,-0.07948,0.022396,-0.051233,1.285197,-2.41253,0.635485,0.091238,-0.242851,-0.016707,0.308927,-0.955127,0.089464,0.282348,0.129382,-0.731176,0.669758,0.267564,0.676113,0.686399,-0.018474,0.017642,-0.041938,-0.367404,0.850392,0.9077,-1.405542,0.000859,0.049173,-0.005899,0.918579,-0.116374,0.377714,-0.145518,0.788956,0.596969,-0.367471,-0.603328,0.707784,-0.001938,0.013215,-0.02628,1.367872,3.95074,4.235193,-0.903611,0.1121,0.025816,-0.037224,0.881337,-0.232529,-0.411307,0.319426,0.934674,0.156048,0.348153,-0.268913,0.898038,-0.032369,0.017341,-0.029705,-0.610053,-1.01693,-0.722886,-0.08493
189,0.218341,-0.055228,0.336981,-0.840622,0.226135,-0.492202,-0.372153,-0.901372,0.221362,-0.392558,0.36897,0.842488,-0.080207,0.033265,-0.060122,0.811797,-3.005612,0.387321,0.061839,-0.243262,-0.015832,0.307156,-0.952686,0.125499,0.276825,0.106234,-0.715535,0.690405,0.285919,0.686978,0.667963,-0.003806,0.016116,-0.043895,-0.420743,0.418727,0.507025,-1.405555,0.000647,0.049618,-0.006799,0.913871,-0.155605,0.375001,-0.123563,0.773231,0.621969,-0.386744,-0.614736,0.687406,-0.00903,0.014927,-0.024496,-0.518565,0.517676,0.589988,-0.90998,0.11068,0.026421,-0.038404,0.861735,-0.201781,-0.465506,0.307146,0.937755,0.162096,0.403823,-0.282662,0.870073,-0.040023,0.016216,-0.03048,-0.554501,-1.129136,-0.854985,-0.119058
190,0.216742,-0.054551,0.335797,-0.824413,0.206036,-0.527199,-0.367555,-0.903176,0.221695,-0.429455,0.376282,0.82098,-0.080277,0.035026,-0.058346,-0.850742,-1.564796,-0.995157,0.045162,-0.243493,-0.015326,0.306237,-0.950096,0.147185,0.27504,0.093227,-0.707124,0.70087,0.298837,0.691338,0.657732,-0.018003,0.030356,-0.04849,-0.534005,0.541377,0.616473,-1.405455,0.000536,0.049863,-0.007259,0.910333,-0.176346,0.374427,-0.11222,0.765621,0.633427,-0.398372,-0.618647,0.677181,-0.001641,0.014369,-0.025207,-0.56913,0.606633,0.71188,-0.910796,0.109881,0.026756,-0.039001,0.843696,-0.18652,-0.503375,0.30293,0.939554,0.159595,0.443181,-0.287137,0.8492,-0.040077,0.017265,-0.029402,-0.211511,-1.666829,-0.504495,-0.142245
191,0.21352,-0.053319,0.333564,-0.778273,0.183397,-0.600584,-0.375837,-0.902227,0.211435,-0.502123,0.390043,0.771859,-0.095516,0.031925,-0.06102,0.830896,-3.354938,1.583891,0.019844,-0.243608,-0.014192,0.304362,-0.940142,0.206836,0.270819,0.055782,-0.690325,0.7213,0.337323,0.69296,0.637089,-0.002999,0.030161,-0.048891,-0.672034,0.757083,0.572937,-1.406054,0.000472,0.050442,-0.008214,0.897125,-0.23568,0.373658,-0.077659,0.748506,0.658564,-0.434896,-0.619832,0.653202,-0.001463,0.015114,-0.024411,-0.578481,0.716256,0.553864,-0.918797,0.108275,0.027378,-0.040111,0.798393,-0.169139,-0.577892,0.310029,0.938216,0.153724,0.516188,-0.301895,0.801503,-0.039985,0.016611,-0.0303,-0.383119,-2.203177,0.307545,-0.176699
192,0.20987,-0.051879,0.331221,-0.730642,0.16283,-0.663095,-0.390388,-0.896373,0.209961,-0.559288,0.412063,0.719324,-0.095738,0.038739,-0.053864,-0.449347,-1.52662,0.701958,-0.030839,-0.243822,-0.013192,0.302441,-0.924979,0.269304,0.268105,0.021134,-0.667732,0.744057,0.380558,0.693552,0.611575,-0.004024,0.015369,-0.045015,-0.618296,0.563857,0.656214,-1.405995,0.000366,0.050947,-0.009169,0.878035,-0.298187,0.37435,-0.046738,0.725022,0.687137,-0.476307,-0.620827,0.622659,-0.002023,0.007517,-0.022702,-0.62063,0.567771,0.659406,-0.919614,0.106451,0.028084,-0.041299,0.748698,-0.155732,-0.644358,0.325,0.933413,0.152034,0.577776,-0.323244,0.749458,-0.055584,0.019121,-0.026624,-0.602012,-1.640264,0.41663,-0.232218
193,0.207755,-0.050997,0.330205,-0.71185,0.14165,-0.687931,-0.3835,-0.898944,0.211658,-0.587549,0.41431,0.695097,-0.111941,0.053865,-0.056875,-0.784629,-1.182226,0.319908,-0.02674,-0.24399,-0.012697,0.301489,-0.918222,0.294223,0.265128,0.009101,-0.653329,0.756976,0.397085,0.697102,0.596855,-0.003282,0.029064,-0.050275,-0.358263,0.729826,1.075822,-1.405904,0.000282,0.051177,-0.009633,0.870062,-0.322413,0.372881,-0.037529,0.710922,0.702269,-0.49151,-0.625012,0.606446,-0.008987,0.015171,-0.024325,-0.172137,1.858922,1.658715,-0.921083,0.105399,0.028514,-0.041811,0.728759,-0.138261,-0.670666,0.317855,0.935799,0.152467,0.606529,-0.324286,0.725919,-0.055611,0.021887,-0.023673,-1.90404,-0.222127,-1.29008,-0.246588
194,0.202806,-0.048959,0.328446,-0.684883,0.116312,-0.719341,-0.389515,-0.892737,0.226433,-0.614999,0.435124,0.657625,-0.127082,0.061702,-0.047818,-0.654863,-0.917219,-0.056847,0.066048,-0.244218,-0.011524,0.299857,-0.905409,0.335732,0.259827,-0.00811,-0.62537,0.780244,0.425574,0.703896,0.568578,-0.01621,0.037725,-0.040268,-0.531372,0.374029,0.785956,-1.405816,0.000171,0.051753,-0.010461,0.855127,-0.363599,0.369531,-0.023733,0.684601,0.72853,-0.517874,-0.631756,0.576792,-0.000725,0.018173,-0.020961,-0.724461,0.50169,0.907752,-0.926635,0.102931,0.029531,-0.042693,0.700608,-0.117295,-0.703839,0.324138,0.931065,0.167488,0.635674,-0.345484,0.690331,-0.070965,0.026112,-0.018311,-1.543962,0.076244,-1.239415,-0.206255
195,0.197201,-0.046882,0.32685,-0.662445,0.090144,-0.743698,-0.398166,-0.883269,0.247531,-0.633753,0.459974,0.621939,-0.141156,0.048847,-0.041454,-0.464195,-1.410216,-0.230204,0.157331,-0.244353,-0.010363,0.298524,-0.889258,0.374368,0.262792,-0.01875,-0.603675,0.796969,0.458113,0.703298,0.543478,-0.000742,0.028793,-0.029669,-0.128996,1.696428,1.657489,-1.405659,9.8e-05,0.052337,-0.011131,0.837273,-0.399048,0.373809,-0.016847,0.664498,0.7471,-0.546524,-0.631825,0.549644,-0.000378,0.013963,-0.015105,0.837832,5.0745,3.477418,-0.933004,0.100133,0.03059,-0.043477,0.677674,-0.095662,-0.729113,0.333247,0.923797,0.188531,0.655517,-0.370737,0.657913,-0.070562,0.024446,-0.020615,-0.280281,-1.077178,-0.056159,-0.072847
196,0.191484,-0.045271,0.325109,-0.63427,0.060758,-0.77075,-0.401181,-0.878055,0.260856,-0.660128,0.474583,0.582262,-0.14063,0.041048,-0.051089,-0.328315,-1.165551,-0.15145,0.209595,-0.244447,-0.009251,0.29748,-0.880564,0.393628,0.263924,-0.020657,-0.588032,0.808533,0.474558,0.706003,0.525565,-0.000464,0.019307,-0.019639,-0.572059,0.42675,0.581599,-1.405855,5.8e-05,0.052889,-0.011643,0.826996,-0.418349,0.37558,-0.015661,0.650644,0.759221,-0.561989,-0.633755,0.531528,-3.1e-05,0.015686,-0.013331,-0.3153,0.209245,0.457006,-0.929411,0.097274,0.031409,-0.044332,0.647142,-0.069257,-0.759217,0.336541,0.919532,0.202979,0.684067,-0.386864,0.618375,-0.070058,0.014748,-0.021545,-0.404708,-1.036431,-0.568981,0.022189
197,0.188914,-0.044749,0.324244,-0.620903,0.048921,-0.782388,-0.402538,-0.876314,0.264592,-0.671907,0.479162,0.564776,-0.124771,0.026957,-0.047244,0.78294,-2.269933,1.89545,0.224104,-0.244506,-0.008773,0.297057,-0.878522,0.399418,0.262022,-0.022917,-0.582912,0.812171,0.47823,0.706988,0.520892,-0.000387,0.01961,-0.019282,-0.206331,0.096988,0.373964,-1.405975,2.3e-05,0.053142,-0.011862,0.823805,-0.426265,0.373687,-0.013993,0.643717,0.765135,-0.566699,-0.635551,0.524333,-0.000113,0.015352,-0.013712,-0.197312,0.123716,0.388524,-0.930228,0.095984,0.031677,-0.044764,0.634171,-0.056602,-0.771117,0.33741,0.917604,0.210134,0.695687,-0.393444,0.601016,-0.070042,0.013049,-0.023664,-0.225333,-0.792919,-0.222765,0.056153
198,0.183816,-0.044142,0.32248,-0.598303,0.022878,-0.800972,-0.405818,-0.870567,0.278202,-0.690196,0.491466,0.531148,-0.124225,0.000685,-0.036045,-0.246154,-0.780637,-0.06904,0.194886,-0.244689,-0.00826,0.296425,-0.874324,0.408815,0.261572,-0.02412,-0.574676,0.817985,0.485816,0.708344,0.511952,-0.000661,0.007914,-0.011837,-0.199269,0.216769,0.09638,-1.405892,-6.8e-05,0.053407,-0.012184,0.819264,-0.43516,0.373417,-0.013526,0.636368,0.771266,-0.573256,-0.636922,0.515468,-0.000312,0.00398,-0.005889,-0.230789,0.2205,0.100501,-0.931534,0.093434,0.031988,-0.045653,0.608616,-0.035384,-0.792674,0.341433,0.913463,0.221377,0.716246,-0.405379,0.56803,-0.062257,0.005595,-0.022423,-0.283155,-0.942539,-0.092537,0.072319
199,0.178891,-0.044022,0.320905,-0.580592,0.014411,-0.814095,-0.415507,-0.865097,0.28095,-0.699506,0.501358,0.509273,-0.124644,-0.000382,-0.038171,-0.010378,-0.322617,0.161388,0.163645,-0.245009,-0.008065,0.296495,-0.870909,0.407394,0.274842,-0.013706,-0.578974,0.81519,0.492318,0.705662,0.509439,-0.013584,0.005728,0.006699,-0.009686,0.111997,-0.171311,-1.406056,-0.000225,0.053495,-0.01216,0.814698,-0.432687,0.386067,-0.023209,0.640902,0.767271,-0.57942,-0.634054,0.512099,0.000527,0.002108,0.002452,0.000902,-0.011729,-0.002057,-0.937902,0.090972,0.032042,-0.046447,0.590106,-0.028338,-0.806827,0.351422,0.90875,0.225109,0.726826,-0.416375,0.546218,-0.062288,-0.00023,-0.019041,0.031746,-0.252624,0.193563,0.022189
200,0.176369,-0.044083,0.320227,-0.573278,0.010256,-0.819324,-0.417608,-0.863965,0.281319,-0.704275,0.503414,0.500599,-0.140181,0.001843,-0.035657,-0.114,-0.522717,0.021641,0.161218,-0.245214,-0.008005,0.296612,-0.867509,0.408337,0.284044,-0.006329,-0.579851,0.814657,0.498441,0.704396,0.50522,-0.013877,0.004538,0.00531,-0.349219,0.303653,0.193886,-1.40619,-0.000325,0.05353,-0.012095,0.811426,-0.430616,0.395166,-0.030459,0.644053,0.764373,-0.58366,-0.632269,0.509486,-0.006963,0.002174,0.002549,-0.03028,0.262627,-0.41436,-0.941985,0.089763,0.032008,-0.046783,0.583997,-0.026963,-0.811307,0.353338,0.908243,0.224156,0.73082,-0.417572,0.539938,-0.062359,0.000742,-0.018168,-0.144617,-0.509538,-0.160446,0.008799
201,0.171461,-0.044069,0.319088,-0.568797,0.010077,-0.822444,-0.418301,-0.864499,0.278638,-0.707492,0.5025,0.496967,-0.124879,0.006266,-0.031952,0.072876,-0.065682,0.101545,0.161772,-0.245277,-0.008105,0.296733,-0.860829,0.410383,0.300918,0.007401,-0.580965,0.813855,0.509888,0.702285,0.496663,0.014107,-0.014167,0.004533,-0.311773,0.355316,-0.0307,-1.406221,-0.000365,0.053496,-0.012024,0.802791,-0.431764,0.411224,-0.044211,0.644671,0.763179,-0.594618,-0.630855,0.498448,-0.000187,-0.000742,-0.000859,-0.503723,0.812815,-0.55011,-0.941984,0.087257,0.032005,-0.04737,0.578592,-0.026294,-0.815193,0.354231,0.908395,0.222119,0.734677,-0.417283,0.534904,-0.062315,-0.002262,-0.011557,0.045037,-0.036668,0.091745,0.006676
202,0.166244,-0.044042,0.318077,-0.562439,0.013646,-0.826753,-0.419592,-0.866272,0.271085,-0.7118,0.499346,0.493984,-0.140435,-0.002949,-0.022145,0.031047,0.053838,-0.121996,0.119609,-0.244658,-0.008665,0.296379,-0.848952,0.415168,0.326968,0.028942,-0.581063,0.813304,0.528704,0.699381,0.480834,0.025807,-0.017105,-0.020019,-0.279847,0.626387,-0.559433,-1.405843,-5.6e-05,0.053232,-0.012174,0.788275,-0.434461,0.435736,-0.065521,0.64485,0.761494,-0.611824,-0.628817,0.479853,0.005458,-0.008281,-0.009668,-0.468463,1.587582,-2.023295,-0.926962,0.084654,0.032025,-0.047875,0.572452,-0.030914,-0.819354,0.355627,0.909765,0.214138,0.738801,-0.413969,0.531791,-0.070214,-0.001667,-0.01121,0.032749,-0.034452,0.048496,-0.034147
203,0.160539,-0.044285,0.317339,-0.547873,0.021791,-0.836305,-0.423955,-0.869019,0.255031,-0.720531,0.494249,0.486395,-0.140796,-0.012657,-0.013375,0.246663,-0.573897,0.860732,0.149298,-0.244083,-0.009245,0.294554,-0.834951,0.436808,0.334736,0.037136,-0.56196,0.826291,0.550077,0.701777,0.452534,0.006107,-0.004317,-0.068827,-0.434815,0.362913,0.454283,-1.405911,0.000241,0.052954,-0.013049,0.772223,-0.453972,0.4445,-0.077076,0.62751,0.774784,-0.630659,-0.632566,0.449587,0.010028,-0.009775,-0.032794,-0.603041,0.468766,0.542021,-0.933167,0.08175,0.031904,-0.048251,0.558806,-0.040545,-0.828306,0.359921,0.911689,0.198189,0.747122,-0.408874,0.52405,-0.07039,-0.006383,-0.006663,0.27251,-0.617591,0.921337,-0.039209
204,0.157557,-0.044467,0.317011,-0.538318,0.024342,-0.842417,-0.42696,-0.869684,0.247642,-0.725945,0.492953,0.479612,-0.156704,-0.013014,-0.014312,-0.026138,-0.259911,0.180112,0.173002,-0.243858,-0.009488,0.293083,-0.825079,0.450661,0.340795,0.043987,-0.549912,0.834024,0.564296,0.702542,0.433437,0.01918,-0.012512,-0.079047,-0.781756,0.654954,0.66045,-1.405988,0.000355,0.052825,-0.013817,0.761404,-0.46601,0.450664,-0.085109,0.617298,0.782112,-0.642666,-0.633859,0.430351,0.00938,-0.007187,-0.040613,-0.681495,0.609809,0.643531,-0.93382,0.080259,0.031816,-0.048412,0.549298,-0.044271,-0.834452,0.363084,0.912049,0.19062,0.752623,-0.407683,0.51706,-0.078361,-0.006672,-0.007262,-0.031349,-0.25522,0.170909,-0.013735
205,0.151555,-0.044698,0.315732,-0.49494,0.031982,-0.868364,-0.439385,-0.871359,0.218282,-0.749066,0.489539,0.446407,-0.143154,-0.001821,-0.045332,-0.172703,-1.170418,0.370751,0.189348,-0.243326,-0.009645,0.28957,-0.799785,0.477574,0.363673,0.060488,-0.538457,0.84044,0.598188,0.693552,0.401273,0.018252,-0.005809,-0.093686,1.584104,5.098398,2.255359,-1.405999,0.00061,0.052735,-0.015554,0.735043,-0.486334,0.47243,-0.105741,0.606028,0.788383,-0.669724,-0.629451,0.394031,0.009023,0.001869,-0.051824,-0.752557,1.579815,-1.731189,-0.929574,0.077313,0.031714,-0.04902,0.50841,-0.058088,-0.859153,0.375438,0.912853,0.16045,0.774961,-0.404133,0.485912,-0.071607,-0.001462,-0.02321,0.225628,-0.95166,0.966525,0.020882
206,0.146208,-0.045127,0.313806,-0.432937,0.029166,-0.900977,-0.442558,-0.877604,0.18419,-0.784797,0.478437,0.393979,-0.129693,-0.020757,-0.047876,1.173599,-1.813882,-0.116434,0.198483,-0.242759,-0.009828,0.285448,-0.766024,0.524451,0.371685,0.055504,-0.521928,0.851143,0.641324,0.67195,0.370203,0.001467,-0.001603,-0.11198,-0.706396,0.709263,0.159902,-1.406516,0.000899,0.052643,-0.017606,0.695388,-0.534024,0.480887,-0.099067,0.591543,0.800163,-0.711772,-0.604064,0.358448,0.007951,-0.007921,-0.053855,-1.101956,1.754064,-1.398562,-0.93382,0.074634,0.031506,-0.049981,0.447012,-0.062301,-0.892355,0.38005,0.916287,0.126408,0.809778,-0.395645,0.433268,-0.064842,-0.005082,-0.028277,4.85903,-2.017854,-1.570982,0.052234
207,0.143831,-0.045334,0.312718,-0.402661,0.033212,-0.914771,-0.451921,-0.87626,0.167054,-0.795535,0.480625,0.368987,-0.114389,-0.009992,-0.057141,-0.816882,0.091611,-1.530195,0.174238,-0.242512,-0.010158,0.283293,-0.73948,0.559415,0.374454,0.043952,-0.514779,0.856157,0.672622,0.648849,0.35558,0.015195,-0.018422,-0.112103,1.514332,5.218309,2.393237,-1.405989,0.001018,0.052484,-0.018684,0.669628,-0.563251,0.484092,-0.091949,0.583917,0.806589,-0.736982,-0.584627,0.339216,0.000133,-0.008748,-0.055444,-0.619497,0.800644,0.048975,-0.932187,0.073439,0.031391,-0.05053,0.414558,-0.069263,-0.907382,0.388626,0.915079,0.107702,0.822867,-0.397281,0.406271,-0.057196,-0.005365,-0.028909,-0.166891,-1.478446,0.909098,0.046192
208,0.139326,-0.045324,0.310481,-0.389829,0.008239,-0.920875,-0.458816,-0.868744,0.186398,-0.79799,0.495162,0.34359,-0.113675,0.009189,-0.056872,-0.169375,-1.060379,0.167316,0.090199,-0.241688,-0.011035,0.278956,-0.697091,0.597213,0.396728,0.049014,-0.512189,0.857434,0.71613,0.616388,0.327242,0.030926,-0.028044,-0.104384,-0.19343,0.329445,0.067268,-1.406716,0.001414,0.052039,-0.020834,0.619068,-0.601699,0.50469,-0.094389,0.580975,0.808429,-0.779643,-0.54811,0.30287,0.015618,-0.008114,-0.055754,-0.245314,1.023008,-0.259534,-0.932187,0.071227,0.03137,-0.051646,0.402747,-0.044761,-0.914215,0.395357,0.909331,0.129648,0.825521,-0.413657,0.383928,-0.056792,0.004364,-0.028614,-0.815438,0.082794,-2.252334,-0.044597
209,0.134738,-0.044525,0.308491,-0.391395,-0.031751,-0.919699,-0.454747,-0.862174,0.223234,-0.799549,0.505638,0.32416,-0.127457,0.03296,-0.050928,-0.158985,-0.89027,-0.637547,0.081107,-0.240442,-0.011673,0.274844,-0.664275,0.62265,0.413565,0.051184,-0.513939,0.85626,0.746514,0.589162,0.308979,0.032342,-0.012242,-0.108463,1.969782,5.090173,1.93425,-1.406703,0.002041,0.051704,-0.022935,0.587813,-0.619232,0.520601,-0.0985,0.583946,0.805794,-0.802977,-0.524935,0.282257,0.023771,-0.006678,-0.054944,-0.323527,0.470042,0.11539,-0.932187,0.068893,0.031755,-0.052676,0.401049,-0.005101,-0.916042,0.391585,0.90497,0.166399,0.828142,-0.425442,0.364935,-0.063714,0.011638,-0.020369,-0.257347,-1.035755,-0.673666,-0.108934
210,0.130182,-0.043269,0.30685,-0.39025,-0.071892,-0.917922,-0.446532,-0.857076,0.25691,-0.80472,0.510226,0.303517,-0.110989,0.027815,-0.035628,-0.113644,-0.586707,-0.574612,0.181111,-0.238694,-0.012443,0.271012,-0.624586,0.648333,0.435371,0.053002,-0.520868,0.851951,0.779884,0.554363,0.290388,0.049442,-0.017644,-0.094463,-0.626814,1.534318,-2.449297,-1.40696,0.002907,0.051314,-0.024865,0.541477,-0.646517,0.537416,-0.095335,0.587895,0.803299,-0.835291,-0.486203,0.256696,0.024749,-0.014415,-0.04321,0.098581,0.706123,0.093509,-0.937739,0.066569,0.032401,-0.053509,0.395777,0.036704,-0.917612,0.383333,0.901386,0.201391,0.834515,-0.431456,0.342678,-0.055408,0.014239,-0.017325,-0.108367,-0.579933,-0.562749,-0.041658
211,0.12808,-0.042686,0.30614,-0.386086,-0.089877,-0.918099,-0.443538,-0.854565,0.27012,-0.808379,0.511609,0.291218,-0.095276,0.027317,-0.036027,-0.13146,-0.644631,-0.570691,0.223524,-0.237644,-0.012855,0.269313,-0.598657,0.66657,0.444169,0.051471,-0.521219,0.851831,0.800046,0.531965,0.277135,0.065698,-0.026368,-0.083819,-0.218036,0.378142,0.06496,-1.406487,0.003426,0.051109,-0.025721,0.512521,-0.661433,0.547565,-0.095649,0.58974,0.801908,-0.85333,-0.463369,0.238988,0.02531,-0.012469,-0.040946,-0.230799,0.650785,-0.087814,-0.938065,0.065554,0.032686,-0.053846,0.390831,0.053319,-0.918916,0.380425,0.899709,0.214005,0.838169,-0.433219,0.33135,-0.055354,0.014642,-0.017007,-0.215423,-0.858078,-0.722891,0.018923
212,0.124255,-0.041984,0.305001,-0.379177,-0.116494,-0.917987,-0.439766,-0.850166,0.289476,-0.813698,0.513602,0.272279,-0.096272,0.005245,-0.020012,-0.134567,-0.38912,-0.482746,0.258553,-0.235654,-0.013924,0.266219,-0.54687,0.702871,0.454859,0.057308,-0.510465,0.857948,0.835881,0.494356,0.238279,0.035903,-0.034079,-0.072476,-0.787143,0.897222,0.143956,-1.406778,0.004434,0.050585,-0.027262,0.45888,-0.692948,0.556103,-0.101786,0.580772,0.807677,-0.882648,-0.427231,0.195972,0.025598,-0.017681,-0.037168,-0.8785,0.976781,0.21388,-0.942964,0.063643,0.033052,-0.054413,0.381859,0.079646,-0.920782,0.376673,0.896371,0.233745,0.843979,-0.436091,0.312286,-0.048133,0.002531,-0.010048,-0.178559,-0.617647,-0.381377,0.108732
213,0.120792,-0.041933,0.304267,-0.370586,-0.135178,-0.918933,-0.439096,-0.846318,0.301516,-0.818014,0.515402,0.255424,-0.09718,-0.006321,-0.012991,-0.12905,-0.367166,-0.243668,0.249389,-0.233684,-0.015439,0.263473,-0.486886,0.736739,0.469201,0.06971,-0.502555,0.861692,0.871229,0.451315,0.192713,0.05212,-0.033047,-0.07253,1.798143,5.79896,1.079288,-1.406872,0.005413,0.049828,-0.028634,0.400393,-0.719555,0.567384,-0.117885,0.57359,0.810615,-0.908728,-0.391451,0.144837,0.026045,-0.022423,-0.032681,-0.408228,0.744615,-0.314372,-0.947536,0.061913,0.033084,-0.054779,0.371999,0.097711,-0.923075,0.37608,0.893301,0.24612,0.848634,-0.438707,0.29556,-0.040624,0.001166,-0.011711,-0.127927,-0.399813,-0.400476,0.133063
214,0.119018,-0.042025,0.303874,-0.350883,-0.136971,-0.926372,-0.443988,-0.846655,0.293297,-0.82406,0.514378,0.237419,-0.081755,0.001072,-0.02548,-0.097819,-0.942329,0.395423,0.235793,-0.23256,-0.016195,0.262217,-0.451455,0.750093,0.483261,0.075762,-0.507289,0.8584,0.889575,0.423187,0.171557,0.053209,-0.040833,-0.06017,-0.632494,0.944146,-0.13396,-1.406525,0.005974,0.049448,-0.029274,0.358285,-0.732642,0.578676,-0.120419,0.578383,0.806827,-0.925813,-0.358758,0.119002,0.03429,-0.021073,-0.031089,-0.636538,1.004443,-0.099388,-0.946557,0.061021,0.033037,-0.054968,0.353376,0.097274,-0.930409,0.380816,0.893481,0.23805,0.85446,-0.438437,0.278691,-0.048852,-0.003922,-0.007582,-0.099506,-2.106339,1.916594,0.121796
215,0.115865,-0.042271,0.303164,-0.303957,-0.135916,-0.942965,-0.4564,-0.848029,0.269293,-0.835891,0.512388,0.196909,-0.066176,0.0006,-0.025714,-0.149881,-0.78296,0.047998,0.212093,-0.230081,-0.017752,0.259967,-0.382796,0.77224,0.507053,0.080223,-0.518877,0.851037,0.920758,0.365471,0.136011,0.054736,-0.036162,-0.054514,-0.283205,0.603855,-0.298275,-1.406613,0.007193,0.048687,-0.030382,0.286179,-0.749815,0.596556,-0.123844,0.588428,0.799008,-0.950139,-0.302539,0.075536,0.035168,-0.018332,-0.027691,-0.381083,0.795268,-0.353446,-0.945413,0.059468,0.032914,-0.055322,0.306857,0.091049,-0.94739,0.393476,0.894227,0.213385,0.86661,-0.438254,0.238574,-0.033291,-0.005039,-0.008397,-0.226309,-1.019469,0.139142,0.092077
216,0.113739,-0.042546,0.302324,-0.275936,-0.151554,-0.949176,-0.457512,-0.847742,0.268306,-0.844983,0.508479,0.165768,-0.051387,-0.012485,-0.019448,-0.238471,-1.094744,0.086887,0.13934,-0.227501,-0.019315,0.258221,-0.314254,0.786799,0.531209,0.080157,-0.53545,0.840715,0.946276,0.305782,0.104509,0.072061,-0.030921,-0.047789,-0.122593,0.552631,-0.543026,-1.40625,0.008524,0.047872,-0.031297,0.213707,-0.758538,0.615588,-0.122507,0.604362,0.787234,-0.969185,-0.243651,0.03623,0.036102,-0.015192,-0.023518,-0.037932,0.480846,-0.589725,-0.948026,0.058383,0.03278,-0.055737,0.278781,0.104232,-0.954681,0.394425,0.893953,0.21278,0.875619,-0.435869,0.208105,-0.017885,-0.007295,-0.010541,-0.095057,-0.670715,0.366677,0.028883
217,0.112296,-0.042863,0.301326,-0.236944,-0.17911,-0.954894,-0.412306,-0.871423,0.265706,-0.879419,0.456884,0.133821,-0.035238,-0.002909,-0.028922,-0.091187,-0.738923,0.153722,0.087151,-0.224248,-0.020943,0.256742,-0.252914,0.792814,0.554502,0.085146,-0.552556,0.829075,0.963984,0.255896,0.071525,0.073242,-0.052052,-0.030639,-0.465947,0.84681,-0.337124,-1.406911,0.010152,0.047064,-0.032027,0.151262,-0.758492,0.633883,-0.124398,0.621558,0.773428,-0.980634,-0.195844,-0.000337,0.03666,-0.025908,-0.015182,-0.537919,0.900943,-0.283442,-0.953415,0.057627,0.032613,-0.056258,0.235781,0.130377,-0.96302,0.348046,0.913896,0.20894,0.907342,-0.38444,0.170102,-0.017599,-0.001458,-0.014434,-0.080981,-0.701347,0.177158,-0.062396
218,0.111622,-0.043002,0.300878,-0.219317,-0.193059,-0.956386,-0.39379,-0.879325,0.26775,-0.892399,0.435573,0.118018,-0.035314,-0.011701,-0.01776,-0.149819,-0.705086,-0.107093,0.075234,-0.222754,-0.021847,0.255982,-0.233756,0.794549,0.560394,0.096958,-0.554325,0.826594,0.967673,0.246551,0.051813,0.073228,-0.041255,-0.039938,-0.54296,1.064656,-0.390997,-1.406616,0.010851,0.04665,-0.032375,0.133267,-0.758689,0.637675,-0.134972,0.623526,0.770063,-0.981845,-0.188692,-0.019307,0.036603,-0.020707,-0.02012,-0.680625,1.095138,-0.113475,-0.956517,0.057289,0.032541,-0.056486,0.217655,0.1425,-0.965566,0.328892,0.920718,0.210019,0.918942,-0.363279,0.153531,-0.017607,-0.005741,-0.008708,-0.159957,-0.732574,-0.117568,-0.09636
219,0.110448,-0.043201,0.300226,-0.196584,-0.215997,-0.956423,-0.369798,-0.887066,0.276287,-0.90785,0.408261,0.0957,-0.033981,-0.006116,-0.010488,-0.114857,-0.674182,-0.259491,0.07484,-0.219966,-0.02327,0.254347,-0.180979,0.79425,0.580004,0.120129,-0.567361,0.814619,0.976279,0.216102,0.006519,0.089795,-0.014952,-0.05151,-1.194651,2.031018,-2.595017,-1.406871,0.012231,0.045914,-0.033192,0.080842,-0.75538,0.65028,-0.156666,0.634676,0.756731,-0.984337,-0.163052,-0.067034,0.045092,-0.01344,-0.022545,2.573684,5.560045,-0.003512,-0.951945,0.056715,0.032439,-0.056813,0.194642,0.162531,-0.967314,0.304102,0.927583,0.217047,0.932542,-0.336409,0.13112,-0.016979,-0.003077,-0.005244,0.149761,-0.187565,0.222137,-0.127549
220,0.109441,-0.043502,0.299826,-0.185491,-0.225673,-0.956404,-0.343879,-0.896824,0.278254,-0.920297,0.380777,0.089941,-0.033772,-0.005012,-0.009124,-0.000504,-0.079232,0.075125,0.136513,-0.216214,-0.023858,0.252587,-0.129238,0.788339,0.601507,0.126432,-0.588432,0.798559,0.983611,0.178261,-0.024399,0.090931,-0.010596,-0.045725,-0.131472,0.569135,-0.397467,-1.406776,0.014168,0.045604,-0.034108,0.023731,-0.743868,0.667904,-0.161252,0.656496,0.736892,-0.986627,-0.125189,-0.104371,0.04552,-0.005132,-0.022656,-0.091212,0.524169,-0.424178,-0.946067,0.056199,0.03229,-0.057012,0.18143,0.172821,-0.968098,0.277739,0.935354,0.219027,0.943367,-0.308617,0.121703,-0.016844,-0.002393,-0.00439,0.009691,-0.034203,0.102154,-0.079052
221,0.109066,-0.043658,0.299661,-0.181425,-0.226773,-0.956924,-0.333589,-0.901166,0.276749,-0.924888,0.369705,0.089039,-0.017805,-0.005923,-0.009181,5.286795,-1.50084,-0.546864,0.171804,-0.214174,-0.024109,0.251726,-0.109541,0.790703,0.602313,0.1285,-0.589499,0.797441,0.985707,0.163754,-0.037807,0.107437,-0.021031,-0.037434,-0.263467,0.688186,-0.289233,-1.406598,0.015148,0.045486,-0.034525,0.004625,-0.745166,0.666862,-0.162871,0.657403,0.735726,-0.986636,-0.112015,-0.118325,0.053662,-0.004377,-0.021991,-0.270723,0.703381,-0.216363,-0.948026,0.056012,0.032212,-0.057094,0.177997,0.173006,-0.968702,0.268803,0.938434,0.216992,0.946604,-0.299014,0.120534,-0.008958,-0.002918,-0.004594,5.285922,-1.505152,-0.545323,-0.036433
222,0.108384,-0.043895,0.299193,-0.179214,-0.22726,-0.957225,-0.328252,-0.90339,0.275879,-0.927227,0.36393,0.088495,-0.017789,0.002995,-0.020416,0.037041,-0.071217,0.109978,0.225112,-0.210034,-0.024864,0.250503,-0.075716,0.796116,0.600381,0.143199,-0.587076,0.796724,0.986816,0.145296,-0.070325,0.109094,-0.026818,-0.021721,-0.318621,0.725874,-0.251442,-1.406655,0.017258,0.045098,-0.035154,-0.029941,-0.748935,0.661966,-0.178138,0.655659,0.733742,-0.983549,-0.095952,-0.153045,0.054616,-0.013155,-0.01052,-0.266924,0.665965,-0.302748,-0.948843,0.055686,0.032101,-0.057308,0.175461,0.17356,-0.969066,0.261762,0.94068,0.215872,0.949048,-0.291542,0.119621,-0.009149,-0.003855,-0.005819,-0.003731,0.029815,-0.054199,0.050111
223,0.107961,-0.04411,0.29851,-0.166868,-0.220772,-0.960968,-0.331063,-0.905484,0.265458,-0.928546,0.362707,0.079206,-0.002652,-0.001166,-0.02489,0.024539,-0.030099,-0.031593,0.254465,-0.205502,-0.025637,0.250079,-0.039777,0.799613,0.59919,0.156029,-0.587228,0.794199,0.986929,0.124075,-0.102174,0.127226,-0.013742,-0.002421,0.614886,2.07568,-0.244957,-1.406098,0.019475,0.044706,-0.035384,-0.063085,-0.749998,0.658424,-0.190778,0.656635,0.729681,-0.979604,-0.07958,-0.184507,0.055975,-0.012606,0.002702,2.777137,5.231888,-0.419806,-0.950476,0.055464,0.031999,-0.057643,0.163366,0.166157,-0.972472,0.264693,0.942193,0.20545,0.950393,-0.29097,0.109941,-0.001261,-0.000376,-0.012152,0.014304,-0.140923,0.20787,0.102528
224,0.10797,-0.044176,0.298075,-0.154656,-0.223964,-0.962272,-0.327616,-0.907234,0.263753,-0.931891,0.35632,0.068135,0.01336,-0.002211,-0.025088,-0.169776,-1.002206,0.414588,0.270152,-0.203218,-0.025963,0.250275,-0.023737,0.800445,0.598929,0.158583,-0.588387,0.792834,0.987017,0.112793,-0.11374,0.112667,-0.019011,0.01566,-0.231352,0.445392,-0.137607,-1.406877,0.020623,0.044544,-0.035294,-0.081389,-0.750479,0.655862,-0.192821,0.65747,0.728391,-0.977852,-0.067181,-0.198219,0.064366,-0.009014,0.00813,-0.212047,0.410926,-0.126025,-0.94672,0.055461,0.031959,-0.057862,0.154948,0.168642,-0.973422,0.260245,0.943552,0.204892,0.953028,-0.285075,0.102313,-0.001519,-0.005696,-0.00776,-0.019929,-0.042445,-0.096448,0.125715
225,0.108251,-0.044245,0.297081,-0.127702,-0.239587,-0.962464,-0.308944,-0.9125,0.268085,-0.942325,0.331875,0.043709,0.012919,-0.003907,-0.02751,0.357886,-0.890545,-0.224497,0.303769,-0.198634,-0.026618,0.251323,-0.001616,0.805955,0.591966,0.164601,-0.583569,0.795165,0.986289,0.09771,-0.132478,0.114148,-0.0222,0.035652,-0.295879,0.386825,0.083746,-1.406795,0.022916,0.044223,-0.034767,-0.102542,-0.754816,0.647871,-0.198657,0.653724,0.730191,-0.974689,-0.053829,-0.216984,0.057151,-0.010527,0.018696,-0.362184,0.576124,-0.008006,-0.942638,0.055601,0.031927,-0.058363,0.124095,0.181292,-0.975567,0.242446,0.947828,0.206977,0.962195,-0.262208,0.073666,0.006471,-0.001942,-0.013737,1.424053,-1.47373,-0.421127,0.173396
226,0.108932,-0.044289,0.295798,-0.093351,-0.259822,-0.961158,-0.313319,-0.90864,0.276001,-0.944947,0.327232,0.004613,0.01317,0.005696,-0.037936,-0.145697,-1.192991,-0.198029,0.302838,-0.194215,-0.027411,0.252608,0.007588,0.810187,0.586115,0.168599,-0.578667,0.797905,0.985574,0.091745,-0.14174,0.113917,-0.023516,0.032424,1.298805,-0.460419,2.150723,-1.406842,0.025091,0.043845,-0.034112,-0.112776,-0.757707,0.642776,-0.204695,0.650744,0.731185,-0.972306,-0.049113,-0.228488,0.057008,-0.011265,0.016953,-0.182103,0.325845,-0.226878,-0.948026,0.055931,0.031901,-0.058986,0.089966,0.198309,-0.976001,0.246299,0.945106,0.214735,0.965008,-0.259707,0.036184,0.014153,-0.003815,-0.015759,-0.140068,-1.008944,-0.081405,0.205564
227,0.109925,-0.044109,0.294152,-0.06172,-0.275255,-0.959412,-0.326957,-0.902611,0.279937,-0.942959,0.331302,-0.033092,0.013107,0.014181,-0.049973,-5.320445,0.709393,-0.188615,0.300145,-0.190776,-0.027683,0.253609,-0.013096,0.815754,0.578244,0.175438,-0.567337,0.80454,0.984348,0.110956,-0.136427,0.08108,0.001512,0.021996,-0.108749,-0.106327,0.053449,-1.406927,0.026859,0.043695,-0.033598,-0.090714,-0.766337,0.636001,-0.211321,0.638903,0.739692,-0.973197,-0.0673,-0.219901,0.032604,0.000721,0.011521,-0.303103,-0.274116,-0.059683,-0.953741,0.056443,0.031995,-0.059836,0.05385,0.213671,-0.97542,0.259132,0.940381,0.220302,0.964339,-0.264626,-0.00473,0.006481,0.006939,-0.025334,-5.313566,0.730413,-0.170773,0.200175
228,0.11025,-0.043892,0.293206,-0.057554,-0.278643,-0.958693,-0.353584,-0.892332,0.280526,-0.933573,0.355465,-0.045972,0.012984,0.013712,-0.050742,-5.264657,1.013479,-0.090938,0.307418,-0.189524,-0.027504,0.253985,-0.024628,0.81877,0.573586,0.177703,-0.560926,0.808528,0.983734,0.12081,-0.13242,0.048762,0.013969,0.018205,-0.295525,-0.251878,-0.11712,-1.407012,0.027516,0.043784,-0.033404,-0.078993,-0.770355,0.632702,-0.214386,0.632962,0.743906,-0.973549,-0.07688,-0.215153,0.024377,0.007074,0.009192,-0.305345,-0.255149,-0.1318,-0.949496,0.056601,0.032098,-0.060291,0.048354,0.217352,-0.974894,0.282778,0.933125,0.222065,0.957965,-0.286417,-0.016343,0.006568,0.00702,-0.025138,0.004809,-0.419565,0.029056,0.205564
229,0.110594,-0.043556,0.291288,-0.065629,-0.280655,-0.957586,-0.413909,-0.865526,0.281985,-0.907882,0.415205,-0.058169,0.011914,0.000824,-0.045296,-5.229869,1.407368,-0.215205,0.341537,-0.188021,-0.026932,0.254862,-0.028988,0.820663,0.57067,0.17314,-0.558046,0.811505,0.984435,0.121297,-0.126646,0.01777,0.003952,0.03058,-0.030095,-0.036833,0.058436,-1.407051,0.028261,0.044069,-0.032977,-0.074393,-0.772582,0.630541,-0.210355,0.630224,0.747374,-0.974789,-0.077038,-0.209401,0.016492,0.00827,0.011608,-0.011827,0.043947,-0.027461,-0.950639,0.056774,0.032266,-0.061232,0.056589,0.219683,-0.973928,0.34502,0.91109,0.225556,0.936887,-0.348789,-0.024237,0.006021,0.000522,-0.022483,0.079425,0.016126,-0.083556,0.225975
230,0.110524,-0.043334,0.289507,-0.084253,-0.279845,-0.956365,-0.454782,-0.843167,0.286731,-0.886518,0.459439,-0.055037,-0.004056,0.002337,-0.044733,0.029093,-0.076595,0.127681,0.394191,-0.187568,-0.026779,0.255855,-0.028796,0.822733,0.567692,0.175382,-0.554847,0.813216,0.984043,0.121945,-0.129045,0.001603,-0.000173,0.025315,-0.062667,0.021741,0.062404,-1.406331,0.028493,0.044154,-0.032469,-0.07464,-0.77505,0.627475,-0.213225,0.627082,0.749201,-0.974147,-0.077873,-0.212065,0.000765,-0.000345,0.012241,-0.05294,0.012802,0.053163,-0.951619,0.056744,0.03238,-0.062144,0.0773,0.219352,-0.972578,0.392393,0.890075,0.231932,0.916543,-0.399561,-0.01727,-0.002002,0.001134,-0.022403,-0.075303,0.05187,-0.0383,0.297823
231,0.11045,-0.043371,0.28866,-0.098732,-0.279573,-0.955058,-0.481978,-0.826211,0.291626,-0.870494,0.489454,-0.051984,-0.004889,-0.009599,-0.037865,-1.515188,0.632083,-0.358949,0.407104,-0.187641,-0.026664,0.256254,-0.029452,0.823065,0.567176,0.175595,-0.554226,0.813593,0.983986,0.122519,-0.128931,-0.014898,0.010464,0.017615,-0.000774,-0.00088,-0.005352,-1.406873,0.028463,0.044207,-0.032268,-0.073873,-0.775397,0.627138,-0.213406,0.62658,0.749569,-0.974166,-0.078462,-0.211762,0.000456,0.005654,0.00878,0.009459,-0.040105,0.040827,-0.951782,0.056707,0.032366,-0.06257,0.090917,0.220038,-0.971244,0.419201,0.87621,0.237749,0.903329,-0.428763,-0.012578,-0.00224,0.000413,-0.023541,-5.078841,2.047034,-1.125396,0.326236
232,0.110369,-0.043961,0.28744,-0.112483,-0.274957,-0.954878,-0.520032,-0.802558,0.2923,-0.846582,0.529784,-0.051522,-0.005404,-0.029162,-0.017916,-1.620962,0.545268,-0.176544,0.420246,-0.188067,-0.02614,0.25678,-0.031653,0.824759,0.56459,0.173421,-0.551662,0.815799,0.984306,0.122697,-0.126294,-0.015655,0.020338,0.00734,0.03773,-0.031234,0.03429,-1.406833,0.028244,0.044473,-0.031999,-0.071491,-0.777381,0.624954,-0.211528,0.624122,0.752148,-0.974753,-0.078423,-0.209057,-0.007851,0.010011,0.003427,0.036068,-0.03065,0.031591,-0.955538,0.056665,0.032074,-0.063195,0.105039,0.216485,-0.970618,0.458751,0.855416,0.240436,0.882334,-0.470527,-0.009461,-0.002404,-0.008966,-0.012943,-5.279378,1.640103,-0.364176,0.359547
233,0.110209,-0.04473,0.286779,-0.128755,-0.270531,-0.954086,-0.547472,-0.782788,0.295785,-0.826714,0.560753,-0.04613,-0.003866,-0.023335,-0.009625,-0.178481,0.090372,-0.072807,0.445725,-0.188518,-0.025664,0.257077,-0.038421,0.831385,0.55436,0.164469,-0.54183,0.8242,0.98561,0.121795,-0.116632,-0.01522,0.005955,0.010484,0.000724,-0.002013,-0.004209,-1.406496,0.028025,0.044709,-0.031853,-0.064208,-0.785225,0.615871,-0.203945,0.614445,0.762144,-0.976874,-0.076668,-0.199595,-0.007944,0.008686,0.001358,0.031246,-0.012698,0.003983,-0.956027,0.056584,0.031681,-0.063537,0.122117,0.213034,-0.969382,0.488772,0.837142,0.245545,0.863821,-0.503793,-0.001896,-0.001845,-0.011401,-0.004422,-0.514937,0.170048,-0.06675,0.387306
