frame,MLTx,MLTy,MLTz,MLTR1,MLTR2,MLTR3,MLTR4,MLTR5,MLTR6,MLTR7,MLTR8,MLTR9,MLTTVx,MLTTVy,MLTTVz,MLTRVx,MLTRVy,MLTRVz,MLGA,MRTx,MRTy,MRTz,MRTR1,MRTR2,MRTR3,MRTR4,MRTR5,MRTR6,MRTR7,MRTR8,MRTR9,MRTTVx,MRTTVy,MRTTVz,MRTRVx,MRTRVy,MRTRVz,MRGA,SLTx,SLTy,SLTz,SLTR1,SLTR2,SLTR3,SLTR4,SLTR5,SLTR6,SLTR7,SLTR8,SLTR9,SLTTVx,SLTTVy,SLTTVz,SLTRVx,SLTRVy,SLTRVz,SLGA,SRTx,SRTy,SRTz,SRTR1,SRTR2,SRTR3,SRTR4,SRTR5,SRTR6,SRTR7,SRTR8,SRTR9,SRTTVx,SRTTVy,SRTTVz,SRTRVx,SRTRVy,SRTRVz,SRGA
903,0.1624,0.032382,0.177621,0.413687,-0.626437,-0.66067,0.092049,-0.693193,0.714831,-0.906286,-0.355757,-0.228275,2e-05,0.000155,0.000361,0.0,0.0,0.0,-1.913147,-0.190289,-0.053592,0.290446,-0.886487,0.296095,0.355611,-0.217347,-0.94477,0.245161,0.409675,0.139679,0.901399,2.9e-05,0.000326,0.00046,0.0,-0.0,-0.0,0.046161,0.031,0.02707,-0.01247,0.882778,-0.327069,0.337234,0.260515,0.938175,0.227943,-0.390938,-0.113369,0.913407,2e-05,0.000217,0.000307,-1.9e-05,0.0,-2.3e-05,-0.124715,0.083939,0.066679,-0.11695,-0.452012,0.586376,-0.672195,-0.156855,0.689581,0.707017,0.878112,0.425018,-0.219723,1.1e-05,8.4e-05,0.000197,0.000145,-0.000155,3.5e-05,-1.007685
904,0.162388,0.032369,0.177617,0.413562,-0.626593,-0.660601,0.091962,-0.693112,0.714921,-0.906352,-0.355641,-0.228195,-1.9e-05,-0.000143,-0.000332,0.0,0.0,0.0,-1.912858,-0.190276,-0.053595,0.290458,-0.886487,0.296119,0.355592,-0.217361,-0.944759,0.245193,0.409668,0.139706,0.901398,1e-06,1.1e-05,1.5e-05,0.0,-0.0,-0.0,0.04622,0.031007,0.02707,-0.012462,0.882777,-0.327092,0.337216,0.260529,0.938163,0.227975,-0.390932,-0.113397,0.913406,-1e-06,-2e-06,-3e-06,-2e-06,-7e-06,-1.1e-05,-0.125368,0.083933,0.066673,-0.116951,-0.451904,0.586539,-0.672126,-0.156767,0.689507,0.707109,0.878183,0.424913,-0.219641,-1.4e-05,-9.7e-05,-0.000226,0.000113,-0.000114,-2e-06,-1.007685
905,0.162355,0.032361,0.17765,0.415458,-0.627418,-0.658625,0.090246,-0.692082,0.716136,-0.905659,-0.356188,-0.230085,3.2e-05,0.000243,0.000565,-7e-05,-0.000155,-0.000173,-1.913028,-0.1903,-0.053622,0.290458,-0.886487,0.296138,0.355576,-0.217359,-0.944745,0.245247,0.409668,0.139758,0.901389,-6.7e-05,-0.000736,-0.001039,0.0,-0.0,-0.0,0.045895,0.030995,0.027058,-0.012461,0.882776,-0.32711,0.337199,0.260527,0.938151,0.228029,-0.390935,-0.113449,0.913399,-4.5e-05,-0.00049,-0.000689,-1.4e-05,4e-06,-7e-06,-0.125695,0.083916,0.066668,-0.116937,-0.453934,0.587238,-0.670144,-0.154962,0.688607,0.708382,0.877456,0.425407,-0.221583,1.9e-05,0.000154,0.000357,0.00229,0.003596,0.004735,-1.007195
906,0.162299,0.03234,0.177679,0.415411,-0.627519,-0.658558,0.090124,-0.69204,0.716191,-0.905693,-0.356091,-0.230102,-0.015223,0.000546,0.001129,-0.000985,0.014712,-0.029556,-1.913113,-0.190325,-0.053645,0.290445,-0.886487,0.296039,0.35566,-0.217244,-0.944774,0.245237,0.409732,0.139772,0.901358,-0.000106,-0.001165,-0.001646,0.0,-0.0,0.0,0.045735,0.030983,0.027047,-0.012467,0.882781,-0.327011,0.337283,0.260413,0.938184,0.228022,-0.390999,-0.113461,0.91337,-6.3e-05,-0.000687,-0.000973,-0.001752,0.01415,-0.025047,-0.125695,0.083893,0.066657,-0.116922,-0.453869,0.587309,-0.670126,-0.154884,0.688603,0.708403,0.877503,0.425315,-0.221572,1.3e-05,0.000113,0.000262,0.000335,0.000517,0.000679,-1.008502
907,0.162222,0.032255,0.177796,0.416349,-0.625829,-0.659573,0.088815,-0.693989,0.714467,-0.905392,-0.355276,-0.232534,0.000102,0.000779,0.001808,-0.0,-0.0,-0.0,-1.913145,-0.190425,-0.053687,0.290394,-0.886485,0.295756,0.355899,-0.216946,-0.944867,0.245142,0.409893,0.139742,0.90129,-0.01616,-0.001198,-0.000492,-0.002045,0.015205,-0.029245,0.046292,0.030938,0.027025,-0.012494,0.882796,-0.326745,0.337503,0.260137,0.938281,0.227939,-0.391151,-0.113427,0.913309,-6.3e-05,-0.000698,-0.000985,-2.1e-05,-8e-06,-3e-06,-0.126021,0.083849,0.066615,-0.116864,-0.454648,0.585554,-0.671134,-0.153703,0.690629,0.706687,0.877308,0.424449,-0.223992,5.1e-05,0.00041,0.000949,0.000437,0.00028,-0.000413,-1.006869
908,0.162112,0.032016,0.178025,0.41241,-0.628603,-0.65941,0.083849,-0.694582,0.714491,-0.907662,-0.349179,-0.23292,0.000115,-0.01144,0.008303,-0.035309,0.018244,-0.013866,-1.913181,-0.190547,-0.053702,0.290381,-0.886489,0.29574,0.355902,-0.216931,-0.944872,0.245137,0.409892,0.139743,0.90129,-4e-06,-3.9e-05,-5.4e-05,0.0,0.0,0.0,0.046467,0.030871,0.027015,-0.012503,0.882802,-0.32671,0.337521,0.260102,0.938293,0.227928,-0.391161,-0.113426,0.913305,1e-06,1.4e-05,2.1e-05,-2e-06,8e-06,-1.1e-05,-0.125858,0.083794,0.066499,-0.116754,-0.450942,0.588627,-0.670945,-0.148818,0.691607,0.706775,0.880058,0.418564,-0.224277,-0.007551,-0.005375,0.004883,-0.035783,0.011377,-0.024174,-1.008338
909,0.16202,0.031502,0.178554,0.408247,-0.631528,-0.659205,0.07796,-0.695379,0.714383,-0.910061,-0.342258,-0.233828,0.000396,-0.021584,0.019585,-0.070503,0.015205,-0.008685,-1.913308,-0.190716,-0.053716,0.290392,-0.886487,0.295332,0.356245,-0.216491,-0.945002,0.245024,0.410129,0.139725,0.901185,-0.0,-0.0,-0.0,0.0,0.0,0.0,0.047228,0.030787,0.027008,-0.012497,0.882825,-0.326299,0.337858,0.259665,0.938439,0.227824,-0.391399,-0.113399,0.913206,3e-06,1.6e-05,2.8e-05,-2.6e-05,6e-06,-8e-06,-0.125205,0.083748,0.066234,-0.116494,-0.447009,0.591889,-0.670707,-0.142974,0.692875,0.70674,0.883028,0.411814,-0.225097,0.000208,-0.01067,0.010085,-0.070262,0.015095,-0.008539,-1.007032
910,0.161973,0.031161,0.178964,0.402458,-0.63327,-0.661092,0.074307,-0.697191,0.713005,-0.912935,-0.335297,-0.232707,0.000584,-0.020132,0.022908,-0.359376,0.45746,-0.026887,-1.91361,-0.190813,-0.053709,0.290392,-0.886491,0.295303,0.356261,-0.216472,-0.945015,0.24499,0.410132,0.1397,0.901187,-0.0,-0.0,-0.0,0.0,0.0,0.0,0.04757,0.030739,0.027012,-0.012497,0.88283,-0.326269,0.337874,0.259645,0.938453,0.227791,-0.391401,-0.113374,0.913209,2e-06,9e-06,1.6e-05,-6e-06,-1e-06,-7e-06,-0.125042,0.083725,0.066071,-0.116298,-0.441722,0.593798,-0.67252,-0.139892,0.69486,0.705406,0.886177,0.405674,-0.223868,0.000325,-0.009769,0.012108,-1.124862,1.322997,-0.274432,-1.007195
911,0.161836,0.03031,0.180195,0.389508,-0.639537,-0.662813,0.076379,-0.694754,0.715161,-0.918352,-0.328396,-0.220936,0.001056,-0.028729,0.037567,0.015549,0.280648,0.29204,-1.914196,-0.191006,-0.05371,0.290405,-0.886492,0.294997,0.356512,-0.216151,-0.945115,0.244887,0.410299,0.139669,0.901116,-0.0,-0.0,-0.0,0.0,0.0,0.0,0.048368,0.030642,0.027012,-0.01249,0.88285,-0.325959,0.338121,0.259324,0.938565,0.227696,-0.391568,-0.113338,0.913141,1e-06,3e-06,1e-05,1.6e-05,-4e-06,3e-06,-0.124225,0.083655,0.065657,-0.115708,-0.429892,0.601714,-0.67315,-0.140754,0.691781,0.708256,0.89184,0.399222,-0.212698,-0.00713,-0.014223,0.019047,0.127196,0.515599,0.528127,-1.008991
912,0.161716,0.029194,0.181945,0.37292,-0.643559,-0.668437,0.080686,-0.695196,0.714257,-0.924829,-0.3195,-0.20649,0.001638,-0.024142,0.04766,0.026346,0.28507,0.337877,-1.913655,-0.19121,-0.053692,0.290427,-0.887142,0.295546,0.354435,-0.216314,-0.944637,0.246582,0.408803,0.141722,0.901476,2.6e-05,0.000277,0.000392,-0.0,-0.0,0.0,0.049716,0.03054,0.02702,-0.012479,0.883425,-0.326561,0.336031,0.259515,0.938098,0.229395,-0.390142,-0.115448,0.913487,-0.008009,0.00018,0.000846,-0.001729,0.01565,-0.029486,-0.122919,0.083601,0.065099,-0.114844,-0.413336,0.606856,-0.678879,-0.145367,0.692009,0.7071,0.898899,0.390957,-0.197815,0.000792,-0.018242,0.026952,0.093728,0.482995,0.591495,-1.007685
913,0.161657,0.028574,0.182995,0.365109,-0.644411,-0.671919,0.085163,-0.695613,0.713331,-0.927532,-0.31687,-0.198254,0.001839,-0.034736,0.057535,0.049841,0.412527,0.481405,-1.913539,-0.191307,-0.053684,0.290428,-0.887143,0.295404,0.35455,-0.216176,-0.944687,0.246511,0.408873,0.141683,0.90145,0.0,5e-06,7e-06,-0.0,-0.0,0.0,0.050693,0.030492,0.027025,-0.012478,0.883434,-0.326417,0.336148,0.259377,0.938154,0.229324,-0.390214,-0.115403,0.913463,-0.0,-4e-06,-2e-06,3.8e-05,5e-05,-3.7e-05,-0.121939,0.083566,0.06478,-0.114303,-0.405945,0.60846,-0.681896,-0.149459,0.691895,0.706358,0.901592,0.388658,-0.189932,0.000905,-0.01728,0.028984,0.047383,0.457942,0.485251,-1.009971
914,0.161495,0.027045,0.185568,0.346311,-0.650723,-0.675776,0.094555,-0.692485,0.71519,-0.93379,-0.310772,-0.17744,-0.01306,-0.043262,0.071337,0.170835,0.558902,0.279197,-1.913964,-0.191477,-0.053674,0.290419,-0.887792,0.296193,0.352259,-0.216612,-0.944128,0.248263,0.407227,0.14374,0.901869,-6e-06,-6.4e-05,-9.1e-05,-0.0,-0.0,0.0,0.05454,0.030407,0.02703,-0.012482,0.883994,-0.32726,0.333849,0.259837,0.937597,0.231073,-0.388637,-0.117521,0.913865,-4e-06,-3.9e-05,-5e-05,0.000239,0.000357,-0.000203,-0.119,0.083491,0.064019,-0.113019,-0.38766,0.616023,-0.685735,-0.158654,0.688217,0.707943,0.908045,0.383237,-0.16906,0.001127,-0.021474,0.036112,0.578709,0.826505,-0.091426,-1.007849
915,0.161256,0.025249,0.188618,0.320221,-0.659427,-0.680191,0.09962,-0.690592,0.716332,-0.942505,-0.29633,-0.154599,-0.012694,-0.052103,0.084157,-0.098323,0.264345,0.23717,-1.91385,-0.191662,-0.053646,0.290365,-0.885674,0.299138,0.355089,-0.217406,-0.94286,0.252356,0.411401,0.14594,0.899618,-2.6e-05,-0.000274,-0.000388,-0.062402,0.065555,0.041525,0.061174,0.030314,0.027044,-0.01251,0.8818,-0.330045,0.336893,0.260548,0.936339,0.235333,-0.393117,-0.11974,0.911658,-0.00033,0.005277,-0.004484,-0.023917,0.056116,0.065711,-0.112958,0.083367,0.063106,-0.111466,-0.360471,0.626291,-0.691244,-0.164859,0.686623,0.708074,0.918085,0.369198,-0.144259,-0.006361,-0.025864,0.042513,-0.138269,0.215261,0.190387,-1.009318
916,0.161092,0.024253,0.190371,0.301001,-0.664397,-0.68412,0.10138,-0.691043,0.715649,-0.948609,-0.283946,-0.139793,0.002867,-0.050171,0.087828,-0.05886,0.468478,0.254823,-1.913723,-0.191751,-0.053599,0.290312,-0.884612,0.300724,0.356395,-0.217958,-0.942197,0.254346,0.413393,0.146949,0.89854,-0.000655,0.010579,-0.008938,-0.038257,-0.018006,0.248309,0.06617,0.03027,0.027063,-0.012533,0.880807,-0.331333,0.338225,0.260956,0.935775,0.237121,-0.395069,-0.120596,0.910701,-2e-05,-0.000212,-0.000296,-0.131198,0.1361,0.083892,-0.107733,0.083289,0.062645,-0.110656,-0.342599,0.63277,-0.694425,-0.166463,0.686576,0.707744,0.924616,0.358069,-0.129888,-0.006293,-0.031256,0.046987,-0.01594,0.518704,0.541425,-1.009645
917,0.160583,0.022176,0.193969,0.263838,-0.674624,-0.689432,0.10761,-0.689723,0.716013,-0.958888,-0.262268,-0.108517,-0.012258,-0.059807,0.098217,-0.039135,0.702703,0.041157,-1.913749,-0.192003,-0.053414,0.290161,-0.882047,0.305888,0.358353,-0.219627,-0.93974,0.26189,0.417975,0.15192,0.895589,-2.7e-05,-0.000279,-0.000395,-0.208788,0.219073,0.139064,0.070544,0.030143,0.02716,-0.012612,0.878328,-0.336213,0.339852,0.262787,0.933421,0.244267,-0.399352,-0.125238,0.908203,-0.008353,0.005253,-0.003937,-0.279039,0.324287,0.165936,-0.097119,0.083036,0.061593,-0.108823,-0.305827,0.645664,-0.699705,-0.172759,0.685084,0.707681,0.936281,0.337309,-0.097973,-0.006169,-0.029857,0.049258,0.093328,0.70213,0.11282,-1.009808
918,0.159762,0.019798,0.198005,0.215678,-0.682248,-0.698617,0.11584,-0.692539,0.711999,-0.969851,-0.233647,-0.069459,-0.027192,-0.055547,0.105222,0.166798,1.118078,0.446528,-1.913599,-0.192315,-0.053076,0.289872,-0.878815,0.310683,0.362149,-0.221496,-0.93777,0.267321,0.423767,0.15433,0.89245,-0.000667,0.010405,-0.009188,-0.139806,0.173158,0.135203,0.07021,0.029988,0.027329,-0.012756,0.874773,-0.341112,0.344113,0.264801,0.93132,0.250044,-0.405773,-0.127611,0.905021,-0.00033,0.005197,-0.004597,-0.159344,0.189847,0.140712,-0.094833,0.082631,0.060402,-0.106809,-0.259925,0.65749,-0.707209,-0.180178,0.686496,0.704455,0.948669,0.310529,-0.059973,-0.013724,-0.034332,0.054973,0.27639,1.359269,0.391049,-1.012257
919,0.159262,0.018507,0.200167,0.190738,-0.684404,-0.703744,0.12199,-0.694835,0.708727,-0.974282,-0.220185,-0.04816,-0.027185,-0.066828,0.112643,0.193985,1.277241,0.624684,-1.913124,-0.192498,-0.052868,0.289677,-0.877739,0.31235,0.363321,-0.222335,-0.937136,0.268844,0.425557,0.154813,0.891514,-0.016743,0.010053,-0.00854,0.004181,0.035334,0.008635,0.069749,0.029902,0.02743,-0.01285,0.873368,-0.343142,0.34566,0.265822,0.930484,0.252063,-0.408125,-0.12826,0.90387,-0.008375,0.004923,-0.004408,0.057878,-0.094369,0.175563,-0.094506,0.082382,0.059761,-0.10573,-0.235751,0.661767,-0.711677,-0.18619,0.687995,0.701423,0.953809,0.297869,-0.038981,-0.013653,-0.033485,0.056252,0.070639,1.024499,0.275612,-1.0134
920,0.15803,0.015812,0.204782,0.142192,-0.689117,-0.710594,0.130781,-0.698528,0.70351,-0.981351,-0.192114,-0.008313,-0.042181,-0.062579,0.118874,0.148762,1.196755,-0.070563,-1.913655,-0.192933,-0.052335,0.289168,-0.87223,0.31968,0.37015,-0.224605,-0.934007,0.277701,0.435593,0.158688,0.885969,-0.017394,0.020452,-0.017755,-0.187471,0.262007,0.178841,0.069022,0.029678,0.0277,-0.013108,0.868139,-0.349629,0.352268,0.267993,0.927614,0.260213,-0.417746,-0.131496,0.898997,-0.008693,0.010196,-0.008912,-0.234209,0.299984,0.190199,-0.09516,0.081772,0.058412,-0.103424,-0.18559,0.669213,-0.71952,-0.196422,0.692197,0.694464,0.962794,0.270216,0.002983,-0.013528,-0.037794,0.062065,0.49765,1.496817,-0.288461,-1.013074
921,0.15659,0.013012,0.209745,0.090574,-0.688079,-0.719992,0.139211,-0.707129,0.693225,-0.986237,-0.162169,0.032642,-0.026605,-0.071651,0.12938,0.206698,1.267823,0.603965,-1.912957,-0.193447,-0.051661,0.288558,-0.862209,0.339919,0.375556,-0.239061,-0.926607,0.290144,0.4477,0.159965,0.879681,-0.00131,0.020838,-0.01835,-0.252865,0.31625,0.253634,0.066657,0.029428,0.02802,-0.013401,0.857812,-0.368953,0.357814,0.282287,0.919994,0.271887,-0.429501,-0.132222,0.893333,-0.008382,0.004728,-0.004702,-0.533602,0.477301,0.491239,-0.096629,0.081046,0.057016,-0.100947,-0.135675,0.673148,-0.726954,-0.204268,0.698969,0.685358,0.969467,0.24148,0.04267,-0.021056,-0.035696,0.064905,0.015502,1.119194,0.101981,-1.007032
922,0.155066,0.009991,0.215083,0.039038,-0.685778,-0.726795,0.146749,-0.715538,0.682966,-0.988464,-0.13247,0.073614,-0.041909,-0.080635,0.139218,0.051933,1.044131,0.297584,-1.912917,-0.194048,-0.050881,0.287908,-0.850512,0.361626,0.381899,-0.253765,-0.918059,0.304475,0.461778,0.1616,0.872072,-0.017289,0.021097,-0.016883,-0.461132,0.544455,0.363407,0.064579,0.029127,0.028418,-0.013733,0.845866,-0.389713,0.364189,0.297061,0.911275,0.285188,-0.443018,-0.133045,0.886585,-0.000633,0.010467,-0.009104,-0.064907,0.140203,0.150354,-0.100385,0.08029,0.05551,-0.098278,-0.082338,0.674225,-0.733921,-0.213261,0.707443,0.673826,0.973518,0.211998,0.085537,-0.021033,-0.04044,0.069491,0.157292,1.205723,0.454728,-1.000827
923,0.154345,0.008514,0.217662,0.01344,-0.68197,-0.731288,0.150822,-0.721614,0.675647,-0.988498,-0.118532,0.094073,-0.041783,-0.067834,0.132783,0.314288,1.279764,0.765098,-1.912923,-0.194385,-0.050446,0.287576,-0.846924,0.366612,0.385106,-0.255679,-0.915749,0.309782,0.467292,0.163445,0.868785,-0.017231,0.021532,-0.016278,-0.137135,0.20712,0.145692,0.064307,0.028965,0.028627,-0.013894,0.841078,-0.395693,0.368799,0.299121,0.908316,0.292382,-0.45068,-0.135601,0.882325,-0.008612,0.010694,-0.00823,-0.190493,0.18142,0.369665,-0.101201,0.07993,0.054769,-0.096982,-0.058634,0.6734,-0.736948,-0.216394,0.712092,0.667905,0.974543,0.198634,0.103967,-0.021009,-0.039888,0.069946,0.137526,1.295252,0.254425,-1.000011
924,0.152806,0.005319,0.223154,-0.037569,-0.673433,-0.738325,0.157906,-0.733573,0.660991,-0.986704,-0.090921,0.134823,-0.041952,-0.078668,0.139454,0.209244,1.258044,0.459482,-1.912907,-0.195127,-0.049555,0.286947,-0.832024,0.392273,0.392236,-0.271669,-0.904511,0.328617,0.484732,0.166373,0.858614,-0.017148,0.022034,-0.015594,-0.292984,0.277908,0.429638,0.064367,0.028587,0.029081,-0.014214,0.825628,-0.420289,0.376423,0.315005,0.896872,0.310468,-0.46809,-0.137756,0.872877,-0.008561,0.011036,-0.007757,-0.415782,0.486023,0.312671,-0.101528,0.079161,0.053177,-0.094236,-0.005755,0.668259,-0.743905,-0.225005,0.723976,0.652096,0.974339,0.171135,0.146195,-0.021086,-0.039615,0.069325,0.250555,1.387766,0.527289,-0.996908
925,0.151332,0.001858,0.228666,-0.08547,-0.664249,-0.74264,0.163081,-0.744649,0.647206,-0.982808,-0.064973,0.172901,-0.042515,-0.091784,0.142398,0.040197,0.914721,0.33296,-1.912787,-0.196038,-0.048619,0.286303,-0.813897,0.422707,0.398599,-0.292668,-0.890836,0.347405,0.502957,0.16557,0.848224,-0.017105,0.022109,-0.015518,-0.209856,0.275316,0.194443,0.064394,0.028132,0.029549,-0.014536,0.806019,-0.450517,0.383882,0.336138,0.882248,0.329618,-0.487179,-0.136641,0.862545,-0.016525,0.011095,-0.007164,-0.207172,0.213281,0.361072,-0.101365,0.078425,0.051454,-0.091476,0.044077,0.662455,-0.747803,-0.231362,0.73495,0.637431,0.971868,0.144918,0.185661,-0.013635,-0.046335,0.070705,0.130055,1.166994,0.332694,-0.993316
926,0.150612,4.1e-05,0.231412,-0.107877,-0.659557,-0.743904,0.164869,-0.749785,0.640791,-0.980274,-0.052705,0.190556,-0.027327,-0.093151,0.139622,0.133584,1.034975,0.467473,-1.91239,-0.19653,-0.048183,0.285965,-0.80142,0.443169,0.401645,-0.306305,-0.880803,0.360967,0.514743,0.16571,0.841096,-0.033193,0.020919,-0.016178,-0.4979,0.592015,0.370816,0.064237,0.027899,0.029762,-0.014694,0.794219,-0.468979,0.386359,0.34952,0.872725,0.34086,-0.497042,-0.135677,0.857052,-0.016549,0.010779,-0.007625,-0.166396,0.292483,0.497866,-0.101528,0.078059,0.050547,-0.0901,0.065542,0.66012,-0.748294,-0.232696,0.739342,0.631842,0.970338,0.132713,0.202065,-0.02147,-0.046431,0.069949,0.171362,1.161944,0.490125,-0.990866
927,0.149104,-0.003757,0.236985,-0.149751,-0.650355,-0.744754,0.166797,-0.759075,0.629251,-0.974377,-0.029188,0.223082,-0.043131,-0.093149,0.137718,0.08209,0.970013,0.312449,-1.912882,-0.197461,-0.047486,0.285357,-0.783618,0.468118,0.408412,-0.321075,-0.867877,0.378991,0.532845,0.165271,0.829834,-0.033275,0.019881,-0.017705,-0.217032,0.203793,0.345358,0.064059,0.027427,0.030119,-0.015004,0.774144,-0.494546,0.395127,0.364385,0.858565,0.360678,-0.517615,-0.135238,0.844858,-0.008408,0.00409,-0.005663,-0.26589,0.240965,0.35935,-0.101854,0.077311,0.048649,-0.087312,0.108591,0.653964,-0.74869,-0.235508,0.748628,0.619751,0.965786,0.109023,0.235307,-0.013911,-0.046983,0.068454,0.246786,1.139258,0.538498,-0.995602
928,0.147665,-0.007652,0.242348,-0.183077,-0.641979,-0.744574,0.177684,-0.766514,0.617136,-0.96669,-0.018522,0.255333,-0.02854,-0.108387,0.13852,-0.01024,0.758168,0.353809,-1.912352,-0.198401,-0.047017,0.284804,-0.757725,0.503818,0.414744,-0.349011,-0.849791,0.394944,0.552373,0.153882,0.819187,-0.016873,0.00782,-0.011894,2.117362,2.394239,4.654412,0.056114,0.026951,0.030357,-0.015284,0.750026,-0.525002,0.402284,0.387348,0.841667,0.376241,-0.536117,-0.126367,0.834631,-0.016708,0.009157,-0.009981,-0.120157,0.13144,0.273505,-0.106427,0.076586,0.046709,-0.084627,0.143044,0.648114,-0.747988,-0.247078,0.755215,0.607126,0.958379,0.097966,0.268164,-0.021927,-0.047555,0.066715,0.121855,0.997309,0.317594,-0.997724
929,0.146148,-0.011561,0.247546,-0.214209,-0.635598,-0.741738,0.187983,-0.771998,0.607168,-0.958271,-0.008588,0.285779,-0.028639,-0.107258,0.139341,0.108967,1.028331,0.330414,-1.913317,-0.199282,-0.046705,0.284401,-0.736505,0.530198,0.420049,-0.369658,-0.83543,0.406625,0.567434,0.143546,0.810725,-0.016177,-0.001788,-0.001573,-0.106009,0.24156,0.202449,0.046841,0.02651,0.030513,-0.015494,0.724851,-0.55472,0.408503,0.412628,0.824434,0.387355,-0.551658,-0.112215,0.826486,-0.008362,0.004485,-0.005133,0.090087,0.373808,0.513514,-0.119163,0.075827,0.044749,-0.082036,0.173152,0.644738,-0.744534,-0.256963,0.759343,0.597802,0.950782,0.087807,0.297156,-0.02207,-0.047514,0.06626,0.194121,1.142808,0.368227,-0.998867
930,0.145252,-0.013576,0.250312,-0.232717,-0.635028,-0.736632,0.188378,-0.77252,0.606381,-0.953845,0.003135,0.300327,-0.043937,-0.093621,0.134034,0.066876,1.221332,-0.576619,-1.913355,-0.199665,-0.046592,0.28426,-0.725565,0.542444,0.423439,-0.378936,-0.828475,0.412276,0.575352,0.138,0.806095,-0.016723,0.009071,-0.010157,-0.226657,0.286805,0.150483,0.04536,0.026325,0.030567,-0.015559,0.714141,-0.56604,0.411824,0.421943,0.817514,0.391961,-0.558538,-0.106149,0.822658,-0.00832,0.00485,-0.004619,-0.353638,0.485241,0.370044,-0.124062,0.075402,0.043776,-0.080705,0.191393,0.643107,-0.741472,-0.257191,0.761902,0.594438,0.947217,0.076929,0.311224,-0.022053,-0.046931,0.066906,0.184355,1.035936,0.317689,-0.995112
931,0.143587,-0.017253,0.255389,-0.266724,-0.629265,-0.73002,0.188752,-0.776901,0.60064,-0.944786,0.02319,0.326907,-0.044541,-0.095556,0.130096,0.000451,0.687831,0.25002,-1.913169,-0.200261,-0.046493,0.284149,-0.701289,0.568652,0.429907,-0.401126,-0.813205,0.42158,0.590211,0.122493,0.797816,-0.016011,-0.000366,0.000424,-0.044409,0.480854,0.538833,0.044086,0.026014,0.030618,-0.015621,0.688722,-0.591324,0.419519,0.443553,0.801357,0.401355,-0.573516,-0.090343,0.814196,-0.007998,-0.000123,0.000304,-0.056251,0.491229,0.543729,-0.127654,0.074553,0.041902,-0.078107,0.227007,0.642258,-0.7321,-0.258512,0.764497,0.59052,0.938956,0.055205,0.339578,-0.022374,-0.048018,0.064746,0.109233,0.941641,0.191312,-1.001317
932,0.141881,-0.02092,0.260333,-0.300352,-0.618546,-0.726109,0.189099,-0.784764,0.590219,-0.934531,0.040731,0.353581,-0.044738,-0.084914,0.120322,0.311588,1.053584,0.51526,-1.913386,-0.200675,-0.046434,0.28424,-0.678227,0.588454,0.440138,-0.417378,-0.801336,0.428473,0.605682,0.106164,0.788506,-0.015689,0.002246,0.00413,-0.242844,0.256099,0.131888,0.040289,0.025813,0.030645,-0.01558,0.665211,-0.610058,0.430492,0.459641,0.78895,0.407783,-0.588408,-0.07339,0.805226,0.000156,0.0013,0.001854,-0.321888,0.289483,0.22397,-0.132226,0.073683,0.040033,-0.075587,0.259968,0.634942,-0.727505,-0.258477,0.771674,0.581126,0.930379,0.036969,0.364728,-0.022463,-0.042598,0.059996,0.291414,1.037832,0.496838,-1.004419
933,0.14098,-0.022716,0.262802,-0.314,-0.610517,-0.727131,0.187477,-0.790658,0.582824,-0.930347,0.04744,0.363636,-0.044959,-0.085395,0.119213,0.055131,0.664392,0.297417,-1.913338,-0.200798,-0.046367,0.284343,-0.657275,0.604478,0.450096,-0.433814,-0.791716,0.43003,0.617112,0.086636,0.782004,0.00047,0.003812,0.005419,0.581892,0.868385,1.436388,0.040051,0.025745,0.030676,-0.015532,0.647283,-0.621469,0.441361,0.47094,0.781345,0.409529,-0.599365,-0.057226,0.798427,-0.007719,0.002177,0.003561,-0.19351,0.231564,0.183176,-0.133696,0.073249,0.039167,-0.074397,0.275605,0.627262,-0.728411,-0.258144,0.778219,0.572482,0.92596,0.030256,0.376405,-0.022534,-0.042635,0.059755,0.15636,0.691138,0.546671,-1.003113
934,0.139338,-0.025921,0.267204,-0.342128,-0.596525,-0.726051,0.186884,-0.800442,0.569508,-0.920465,0.059895,0.386244,-0.045563,-0.087401,0.115609,-0.035375,0.572949,0.133971,-1.913783,-0.200818,-0.046142,0.284683,-0.617222,0.629377,0.472137,-0.456637,-0.775131,0.436564,0.641501,0.053077,0.765194,0.000894,0.007259,0.010287,-0.214567,0.638946,0.854804,0.042577,0.025735,0.030787,-0.015363,0.604658,-0.647146,0.464316,0.497598,0.762118,0.414211,-0.621919,-0.019414,0.78284,0.000475,0.003867,0.005483,0.378543,1.423654,1.512114,-0.133206,0.072429,0.037566,-0.072194,0.30528,0.615307,-0.726773,-0.258308,0.7881,0.558726,0.916559,0.017163,0.39953,-0.022758,-0.038254,0.05357,0.032383,0.613678,0.185958,-1.00246
935,0.137755,-0.02885,0.271237,-0.367161,-0.58279,-0.724978,0.186026,-0.809675,0.556591,-0.910918,0.070213,0.406603,-0.030147,-0.078895,0.103644,0.080476,0.664659,0.217961,-1.912805,-0.200657,-0.045848,0.285164,-0.570311,0.652009,0.499621,-0.477718,-0.757969,0.444075,0.668947,0.01377,0.74309,0.000984,0.008051,0.01136,0.19157,2.658019,-0.973918,0.045632,0.025817,0.030942,-0.015112,0.55758,-0.668265,0.492467,0.518775,0.743644,0.42174,-0.648055,0.020326,0.761321,0.000477,0.004085,0.005747,0.234313,2.608638,-0.970376,-0.128471,0.071631,0.036097,-0.070174,0.330306,0.604059,-0.725265,-0.257464,0.796914,0.546478,0.90808,0.006225,0.418749,-0.022822,-0.033107,0.048583,0.26704,0.821669,0.33433,-1.009155
936,0.136991,-0.030172,0.273107,-0.378405,-0.576451,-0.724264,0.185581,-0.813805,0.550684,-0.906384,0.074684,0.415833,-0.045774,-0.067114,0.095551,0.240218,0.832168,0.30996,-1.91284,-0.200649,-0.045742,0.285404,-0.541858,0.664508,0.514597,-0.492089,-0.747094,0.446801,0.682029,-0.011952,0.731134,0.001362,-0.004044,0.018168,-0.396212,0.474886,0.545139,0.040539,0.025807,0.03099,-0.014855,0.498252,-0.682873,0.534254,0.538301,0.726683,0.426805,-0.679687,0.074933,0.729663,0.000543,-0.003038,0.00766,-0.603933,0.831534,0.575467,-0.134513,0.070889,0.034811,-0.068353,0.35076,0.594261,-0.723753,-0.256014,0.804266,0.536294,0.90079,-0.00282,0.434244,-0.015104,-0.02912,0.042285,0.155273,0.668061,0.263373,-1.007848
937,0.135574,-0.032538,0.276497,-0.396926,-0.567264,-0.7216,0.18431,-0.819429,0.542714,-0.89867,0.083119,0.430708,-0.045957,-0.0575,0.084765,0.137862,0.627365,0.196221,-1.913002,-0.20072,-0.045916,0.285915,-0.474417,0.672002,0.568624,-0.505668,-0.736682,0.448924,0.72116,-0.075393,0.688555,0.001232,-0.020284,0.019154,0.505332,1.882264,1.062295,0.035279,0.025786,0.030917,-0.014724,0.461325,-0.683615,0.565551,0.54478,0.721376,0.427587,-0.70028,0.110844,0.705209,0.000588,-0.010349,0.00927,0.569039,1.900197,1.028048,-0.138432,0.070529,0.034223,-0.067506,0.361212,0.591088,-0.721207,-0.256103,0.806569,0.532782,0.896624,-0.007744,0.442722,-0.023064,-0.028924,0.042165,0.215721,0.698377,0.238569,-1.009808
938,0.134299,-0.034402,0.279365,-0.417257,-0.558504,-0.716948,0.179607,-0.82402,0.537311,-0.890354,0.096118,0.445037,-0.030226,-0.038876,0.063517,0.165877,0.537085,0.191666,-1.91072,-0.20078,-0.046517,0.286328,-0.405904,0.671144,0.620322,-0.509679,-0.729542,0.455992,0.759087,-0.131909,0.637378,0.000357,-0.012254,0.006608,-0.405343,1.396603,0.069009,0.016299,0.025756,0.030619,-0.014523,0.394902,-0.67968,0.618131,0.549314,0.713985,0.434141,-0.736414,0.168104,0.655312,0.008344,-0.01206,0.006399,0.245995,2.453534,0.668108,-0.153291,0.069913,0.033322,-0.066118,0.381193,0.584312,-0.716429,-0.251514,0.811257,0.527828,0.889624,-0.021012,0.456208,-0.015124,-0.019249,0.032055,0.254692,0.671829,0.277018,-1.010951
939,0.133251,-0.035729,0.28152,-0.438154,-0.547918,-0.712638,0.170856,-0.829095,0.532335,-0.881978,0.112163,0.457779,-0.014847,-0.032185,0.049529,0.206204,0.51026,0.236172,-1.908035,-0.200455,-0.047184,0.286604,-0.358928,0.664996,0.654937,-0.504798,-0.728429,0.463145,0.785503,-0.165199,0.596286,0.016156,-0.013541,0.003856,-0.714407,1.155277,-0.412204,0.018306,0.025906,0.030292,-0.014392,0.349672,-0.671943,0.652855,0.54604,0.712421,0.440788,-0.761293,0.202354,0.616022,0.000109,-0.006602,0.002651,-0.373896,0.825272,-0.662283,-0.165375,0.069383,0.032649,-0.065026,0.402566,0.575641,-0.711742,-0.242946,0.816832,0.523222,0.882562,-0.037717,0.468678,-0.007571,-0.016679,0.02396,-0.087423,0.151536,-0.015751,-1.006869
940,0.132813,-0.036229,0.282302,-0.440909,-0.547561,-0.711211,0.170284,-0.829026,0.532626,-0.880712,0.114408,0.459657,-0.015063,-0.023709,0.037543,-0.061775,0.104874,-0.020059,-1.909132,-0.200139,-0.04749,0.286709,-0.349405,0.65782,0.667219,-0.499453,-0.733168,0.46146,0.793167,-0.172823,0.58385,0.016635,-0.024966,0.011615,-0.453924,0.816765,-0.609504,0.028125,0.02607,0.030134,-0.014339,0.339506,-0.664179,0.666034,0.540165,0.71736,0.440017,-0.770037,0.21038,0.602314,0.008091,-0.006651,0.002097,-0.540175,0.746348,-0.373684,-0.161292,0.069153,0.03239,-0.064613,0.407526,0.574396,-0.709923,-0.243127,0.817594,0.521947,0.880233,-0.040105,0.472842,-0.01544,-0.011228,0.01933,-0.109708,0.075554,-0.074496,-1.003276
941,0.132044,-0.036959,0.283549,-0.455586,-0.541311,-0.706731,0.161489,-0.830989,0.532307,-0.874865,0.129051,0.466888,-0.015086,-0.014242,0.026942,0.100707,0.260698,0.100487,-1.913127,-0.199299,-0.048159,0.286934,-0.337816,0.660432,0.670597,-0.501289,-0.729178,0.465771,0.797006,-0.179635,0.57652,0.03269,-0.024579,0.011161,-0.636307,-1.482187,1.567193,0.050717,0.026484,0.029797,-0.014229,0.327272,-0.664302,0.672007,0.541577,0.714642,0.442696,-0.774329,0.219062,0.593653,0.016056,-0.00695,0.001167,-0.044043,0.273856,-0.508211,-0.136799,0.068768,0.032018,-0.06399,0.421425,0.570013,-0.705326,-0.234041,0.819779,0.522671,0.876141,-0.055191,0.478883,-0.007592,-0.00726,0.01329,0.204847,0.367421,0.166183,-1.000664
942,0.13142,-0.037304,0.284375,-0.478158,-0.535112,-0.696466,0.15184,-0.831416,0.534475,-0.864465,0.150473,0.479673,-0.014974,-0.004187,0.01719,0.345157,0.522417,0.282966,-1.913434,-0.198112,-0.048856,0.287112,-0.329271,0.674987,0.660277,-0.511749,-0.715142,0.476046,0.793916,-0.181984,0.580036,0.032617,-0.02578,0.00939,-0.227567,-0.536645,0.641041,0.075125,0.027077,0.02945,-0.014137,0.318502,-0.67956,0.660873,0.551846,0.699785,0.453614,-0.770728,0.220223,0.597895,0.015946,-0.007799,-4.1e-05,-0.560446,-1.765311,2.058119,-0.104957,0.068455,0.03184,-0.063577,0.443086,0.566451,-0.694843,-0.224122,0.820461,0.525939,0.868011,-0.077307,0.490489,-0.007543,-0.002305,0.008313,-0.000261,0.069186,0.021767,-1.007522
943,0.131002,-0.037424,0.284989,-0.502743,-0.527216,-0.685082,0.143885,-0.832496,0.534995,-0.851763,0.171042,0.495249,0.000787,-0.005434,0.016134,0.120775,0.333638,-0.049945,-1.913488,-0.196766,-0.049631,0.287131,-0.298429,0.69429,0.654899,-0.540511,-0.688377,0.483651,0.786974,-0.210505,0.579847,0.031915,-0.016818,-0.001953,0.303935,0.141968,0.471751,0.08253,0.027738,0.029067,-0.014121,0.288077,-0.697405,0.65623,0.578395,0.672877,0.461188,-0.763197,0.246703,0.597216,0.016047,-0.00822,-0.000959,3.604592,2.695248,3.187716,-0.086669,0.068239,0.031778,-0.063272,0.469927,0.559459,-0.682768,-0.217104,0.822989,0.524931,0.85559,-0.098448,0.508205,-0.007508,-0.00216,0.008496,0.135397,0.298789,0.070509,-1.007359
944,0.130879,-0.037456,0.285292,-0.512349,-0.525115,-0.679557,0.141986,-0.83221,0.535946,-0.846332,0.178752,0.501793,-0.014811,-0.00339,0.018249,0.021175,0.146838,-0.028865,-1.913216,-0.196108,-0.049938,0.287082,-0.291687,0.698755,0.653186,-0.544087,-0.682755,0.487595,0.787029,-0.214031,0.57848,0.032008,-0.01628,-0.001238,-0.031754,-0.092662,0.194923,0.097761,0.028067,0.02891,-0.014149,0.279778,-0.702104,0.654808,0.582912,0.666167,0.465224,-0.762848,0.251536,0.595644,0.015966,-0.008468,-0.001098,-0.023589,-0.012984,0.013004,-0.076381,0.068183,0.03176,-0.063123,0.479988,0.557958,-0.676973,-0.215293,0.822998,0.525663,0.850446,-0.106565,0.515154,0.000444,-0.002409,0.008495,-0.04924,0.204618,-0.16951,-1.009645
945,0.130895,-0.037595,0.285969,-0.527463,-0.523214,-0.669384,0.136455,-0.829842,0.541031,-0.837904,0.194679,0.509945,0.016804,-0.005305,0.016982,-0.036828,0.092373,-0.133089,-1.913426,-0.195036,-0.050418,0.286903,-0.247727,0.713643,0.655237,-0.559951,-0.657285,0.504346,0.790899,-0.242845,0.561576,0.03196,-0.017264,-0.002722,-0.325868,0.967194,0.758316,0.146691,0.028615,0.028667,-0.014237,0.23824,-0.714939,0.657345,0.598698,0.641047,0.480227,-0.764723,0.279142,0.580755,0.007687,-0.003113,-0.005003,0.774829,1.219436,1.189017,-0.027394,0.06818,0.031691,-0.062785,0.494698,0.557483,-0.666697,-0.20929,0.820988,0.531202,0.843487,-0.123251,0.522816,0.000547,-0.001869,0.009224,-0.048343,-0.018706,0.002246,-1.014217
946,0.13108,-0.037847,0.286793,-0.540075,-0.521341,-0.660733,0.129211,-0.827127,0.546936,-0.83098,0.210656,0.514902,0.000853,-0.01448,0.027138,-0.097509,0.042728,0.01495,-1.913369,-0.194177,-0.050805,0.286415,-0.212973,0.72366,0.656468,-0.544094,-0.645806,0.535565,0.811772,-0.244017,0.53042,0.015094,-0.009143,-0.014178,-0.826363,0.955852,0.626896,0.178015,0.029051,0.028472,-0.014473,0.202564,-0.723737,0.659675,0.583197,0.630307,0.512437,-0.786668,0.28092,0.549759,0.015538,-0.004892,-0.00811,-0.993199,1.139706,0.760437,0.029431,0.068278,0.031569,-0.062376,0.507217,0.556806,-0.657796,-0.202087,0.818829,0.537288,0.837788,-0.13959,0.527848,0.000612,-0.001524,0.009677,-0.14374,0.06562,0.086685,-1.019442
947,0.131209,-0.038005,0.287251,-0.545346,-0.524263,-0.654059,0.131612,-0.824176,0.550804,-0.827149,0.214944,0.51928,0.001494,-0.001778,0.021077,-0.006321,0.214354,-0.116821,-1.913138,-0.193849,-0.051003,0.286089,-0.190469,0.73747,0.647959,-0.533697,-0.631668,0.562225,0.824144,-0.239643,0.513051,0.014979,-0.010431,-0.016072,-0.835035,0.840593,0.835378,0.180897,0.029209,0.028377,-0.01463,0.179611,-0.736566,0.65208,0.572963,0.617151,0.539293,-0.799658,0.276754,0.532872,0.00748,-0.005338,-0.008215,-0.866994,0.355194,1.264851,0.044944,0.068343,0.031482,-0.062139,0.512076,0.560241,-0.651081,-0.204345,0.815702,0.541176,0.834278,-0.144078,0.532184,0.00074,-0.000849,0.01059,-0.015617,0.213872,-0.130568,-1.019769
948,0.131542,-0.038513,0.288275,-0.554181,-0.528411,-0.643203,0.129172,-0.817941,0.560587,-0.821636,0.228235,0.52235,0.016614,-0.01559,0.026221,-0.079702,0.043997,-0.039959,-1.913019,-0.193239,-0.051287,0.285288,-0.144617,0.784383,0.603175,-0.513306,-0.580509,0.632028,0.846067,-0.219188,0.485789,0.014918,-0.011379,-0.017548,-1.068503,0.479244,1.826519,0.174497,0.029514,0.028229,-0.015029,0.131412,-0.780287,0.611458,0.552648,0.56973,0.608264,-0.822988,0.257989,0.506093,0.015473,-0.005977,-0.009757,-1.08348,0.444643,1.828019,0.051802,0.068504,0.031238,-0.061632,0.52033,0.565199,-0.640161,-0.201492,0.809724,0.551132,0.829853,-0.157783,0.535207,0.00044,-0.007072,0.013761,-0.107165,0.14917,-0.19552,-1.019932
949,0.131834,-0.039324,0.289269,-0.564233,-0.534001,-0.629706,0.127558,-0.809934,0.572458,-0.815014,0.243336,0.525897,4.7e-05,-0.018625,0.021374,-0.073841,0.043116,-0.052433,-1.912904,-0.192595,-0.051244,0.284445,-0.105865,0.836232,0.538052,-0.498025,-0.512815,0.699233,0.860757,-0.194983,0.470045,0.014131,0.014708,-0.02844,-0.805812,-1.085708,3.854547,0.155319,0.029846,0.02824,-0.015476,0.086796,-0.833202,0.546112,0.53589,0.501164,0.679452,-0.839814,0.233683,0.490004,0.007047,0.00739,-0.014045,-0.701577,-1.129481,3.78061,0.036289,0.068657,0.030832,-0.061118,0.52969,0.571736,-0.626534,-0.199434,0.801914,0.563169,0.824411,-0.173353,0.53879,-2e-05,-0.009451,0.010492,-0.070841,0.033559,-0.041878,-1.021565
950,0.132009,-0.040459,0.290183,-0.569323,-0.540447,-0.619544,0.129076,-0.803012,0.581793,-0.811223,0.251928,0.527709,-0.000769,-0.022883,0.015551,-0.070655,0.029995,-0.03457,-1.913298,-0.191896,-0.051063,0.283685,-0.098094,0.869348,0.484359,-0.476266,-0.468246,0.744211,0.873883,-0.158768,0.459331,0.015372,-0.00728,-0.011766,-0.614922,-0.629197,1.267701,0.113483,0.030185,0.028336,-0.015838,0.073981,-0.866042,0.494466,0.513901,0.45803,0.725337,-0.854653,0.200446,0.478945,0.01578,-0.00357,-0.006782,-3.30174,-4.163145,-0.901303,-0.001757,0.068746,0.030287,-0.060673,0.534016,0.578583,-0.616495,-0.200622,0.795061,0.572387,0.821326,-0.181981,0.540652,-0.000502,-0.016692,0.012301,-0.099794,-0.063567,0.125609,-1.017319
951,0.132012,-0.041063,0.290587,-0.574299,-0.543409,-0.612317,0.125704,-0.797629,0.589881,-0.808236,0.262469,0.527155,-0.000985,-0.024008,0.014014,-0.508892,1.568406,-2.323842,-1.913271,-0.191625,-0.051177,0.283388,-0.116928,0.87892,0.462406,-0.453979,-0.461296,0.762262,0.883401,-0.121894,0.452336,-0.001568,0.001199,-0.022645,-0.881591,-0.465867,1.577803,0.089324,0.030333,0.028283,-0.015992,0.094257,-0.877437,0.470339,0.492162,0.451742,0.744113,-0.865385,0.161344,0.474421,-0.00079,0.000483,-0.011457,-0.817907,-0.505656,1.551753,-0.033109,0.068746,0.029972,-0.060463,0.537679,0.580469,-0.611519,-0.195786,0.791411,0.579081,0.820102,-0.191633,0.539173,-0.000609,-0.017256,0.011533,-0.147524,-0.022667,-0.08067,-1.021402
952,0.131954,-0.042384,0.291329,-0.574615,-0.551645,-0.604609,0.125362,-0.789356,0.600977,-0.808065,0.270217,0.523489,-0.001787,-0.037616,0.018816,-0.310749,-0.025781,-0.408206,-1.91268,-0.191061,-0.051785,0.282709,-0.173298,0.892678,0.416035,-0.408333,-0.449418,0.794494,0.896399,-0.033318,0.441838,0.014857,-0.013198,-0.020577,-0.937052,-0.326984,1.229009,0.041381,0.030615,0.027979,-0.016332,0.14913,-0.893897,0.422738,0.447051,0.442282,0.777515,-0.881989,0.073035,0.465575,0.007414,-0.006765,-0.010481,-0.896548,-0.349668,1.210986,-0.100385,0.068718,0.029316,-0.060095,0.538793,0.589678,-0.601647,-0.196133,0.782353,0.591146,0.819287,-0.200502,0.537183,-0.000747,-0.013296,0.005241,-0.488861,0.212318,-0.963118,-1.022871
953,0.131838,-0.043757,0.291838,-0.570402,-0.566234,-0.595034,0.1248,-0.775783,0.618512,-0.811133,0.27924,0.513921,-0.002264,-0.040069,0.015422,-0.775203,1.176096,-2.584032,-1.906887,-0.190601,-0.052525,0.28206,-0.216051,0.903381,0.370425,-0.37891,-0.427112,0.820936,0.900084,0.035869,0.43408,0.014948,-0.012672,-0.01996,-0.287128,-0.146231,0.82996,0.018991,0.030833,0.027619,-0.01665,0.189025,-0.906693,0.377063,0.416063,0.421765,0.805608,-0.889472,0.004602,0.456966,0.007482,-0.006278,-0.009856,-0.480626,-0.148335,0.827544,-0.145127,0.068659,0.028614,-0.059836,0.533156,0.603629,-0.59277,-0.194306,0.769298,0.608625,0.823401,-0.209313,0.527444,-0.001121,-0.020222,0.0075,-0.86537,1.101653,-2.613581,-1.022055
954,0.131776,-0.044342,0.292001,-0.565545,-0.576109,-0.590172,0.124124,-0.766916,0.629608,-0.814633,0.283529,0.505976,-0.001922,-0.028841,0.007342,-0.628767,-0.517602,-0.660017,-1.897702,-0.190371,-0.052819,0.281828,-0.239178,0.903875,0.354677,-0.365039,-0.42207,0.829781,0.899998,0.067855,0.430421,0.015861,-0.020946,-0.007622,-2.319768,-4.609133,-1.729617,0.003794,0.030953,0.027461,-0.016782,0.206572,-0.909663,0.360333,0.405153,0.414745,0.814761,-0.890605,-0.022317,0.454228,0.007648,-0.00459,-0.007389,-0.458527,-0.006058,0.720311,-0.161292,0.068628,0.02833,-0.05976,0.528955,0.612555,-0.587351,-0.193738,0.760987,0.619164,0.826239,-0.213718,0.521203,-0.000976,-0.014496,0.003575,-0.413834,0.233697,-0.990223,-1.025647
955,0.131712,-0.045206,0.292134,-0.557756,-0.594769,-0.578966,0.119056,-0.747669,0.653291,-0.820741,0.296184,0.488555,-0.001406,-0.016711,0.000493,-0.738944,-0.033679,-0.330472,-1.860031,-0.189768,-0.053474,0.28166,-0.302742,0.893362,0.332029,-0.337325,-0.426147,0.839372,0.891717,0.140983,0.429916,0.016246,-0.017234,-0.002177,-1.866381,-4.824826,-2.017066,-0.032591,0.031255,0.027132,-0.016869,0.269301,-0.902625,0.335774,0.377555,0.419696,0.825412,-0.885962,-0.095511,0.453815,0.008131,-0.00845,-0.000808,0.013934,-0.226797,0.389228,-0.200155,0.068595,0.02789,-0.059695,0.517896,0.631872,-0.576645,-0.187337,0.741502,0.644266,0.834678,-0.225636,0.502393,-0.00069,-0.008203,0.000443,-1.595558,0.574956,0.172631,-1.023524
956,0.13158,-0.045733,0.29211,-0.553927,-0.614677,-0.561588,0.11272,-0.723695,0.680831,-0.824224,0.31459,0.470867,-0.001017,-0.005243,-0.007255,-0.405213,-0.39954,-0.484753,-1.787139,-0.189003,-0.054296,0.281879,-0.359285,0.877546,0.317518,-0.324683,-0.436404,0.839086,0.875336,0.197269,0.441287,0.033557,-0.023561,0.011819,0.172746,-0.696364,0.569459,-0.094724,0.031631,0.02672,-0.016769,0.33125,-0.887583,0.320106,0.363293,0.433081,0.824898,-0.870799,-0.156955,0.465912,0.008319,-0.006391,0.002274,0.289506,-1.964398,2.051261,-0.251592,0.068529,0.027622,-0.059704,0.512436,0.651427,-0.55951,-0.179202,0.718336,0.672219,0.839818,-0.244204,0.484839,-0.008549,-0.007221,0.00147,-0.595909,-0.422963,-0.77465,-1.00344
957,0.13138,-0.046133,0.29201,-0.544966,-0.635306,-0.547215,0.109104,-0.700838,0.704907,-0.830665,0.325234,0.451935,-0.001007,-0.005168,-0.00717,-0.467331,-0.357799,-0.688375,-1.75137,-0.187766,-0.054701,0.282441,-0.385956,0.8759,0.289529,-0.34798,-0.428771,0.833666,0.854818,0.219899,0.469887,0.033643,-0.00421,0.01584,0.74487,-1.052438,0.613009,-0.165864,0.032236,0.026507,-0.016502,0.355867,-0.887253,0.293498,0.384304,0.42521,0.819455,-0.851862,-0.178824,0.492293,0.016842,-0.001754,0.008435,0.273523,-0.375762,0.07741,-0.312173,0.068435,0.027424,-0.059751,0.502267,0.670641,-0.545863,-0.174386,0.696854,0.695688,0.846945,-0.25423,0.466958,-0.00071,-0.008369,0.000206,-0.190543,-0.114263,-0.351144,-0.98956
958,0.131311,-0.046297,0.291922,-0.538512,-0.646827,-0.540061,0.109099,-0.689073,0.716413,-0.834869,0.327678,0.442321,-0.001043,-0.005348,-0.00743,-0.47585,-0.320306,-0.752494,-1.741508,-0.187059,-0.054749,0.282794,-0.396106,0.875202,0.27769,-0.359965,-0.426111,0.829933,0.845167,0.227675,0.483446,0.033831,-0.00174,0.019453,0.693161,-0.673563,-0.005756,-0.191941,0.032602,0.026482,-0.016318,0.366387,-0.887755,0.278657,0.397194,0.420049,0.815963,-0.841425,-0.188277,0.506511,0.025006,-0.000845,0.009081,0.762715,-0.843511,0.105068,-0.345811,0.068394,0.027341,-0.059797,0.494313,0.682231,-0.538715,-0.173477,0.684677,0.707899,0.851797,-0.256469,0.456797,-0.0005,-0.002593,-0.003593,-0.676081,-0.511672,-0.817824,-0.986131
