frame,MLTx,MLTy,MLTz,MLTR1,MLTR2,MLTR3,MLTR4,MLTR5,MLTR6,MLTR7,MLTR8,MLTR9,MLTTVx,MLTTVy,MLTTVz,MLTRVx,MLTRVy,MLTRVz,MLGA,MRTx,MRTy,MRTz,MRTR1,MRTR2,MRTR3,MRTR4,MRTR5,MRTR6,MRTR7,MRTR8,MRTR9,MRTTVx,MRTTVy,MRTTVz,MRTRVx,MRTRVy,MRTRVz,MRGA,SLTx,SLTy,SLTz,SLTR1,SLTR2,SLTR3,SLTR4,SLTR5,SLTR6,SLTR7,SLTR8,SLTR9,SLTTVx,SLTTVy,SLTTVz,SLTRVx,SLTRVy,SLTRVz,SLGA,SRTx,SRTy,SRTz,SRTR1,SRTR2,SRTR3,SRTR4,SRTR5,SRTR6,SRTR7,SRTR8,SRTR9,SRTTVx,SRTTVy,SRTTVz,SRTRVx,SRTRVy,SRTRVz,SRGA
231,0.128537,-0.029505,0.425695,0.693512,0.567301,-0.444136,-0.715866,0.611784,-0.336494,0.079955,0.550605,0.830944,-0.001155,-0.006516,-0.004067,0.018465,0.003048,-0.019074,-1.305873,-0.073623,-0.012223,0.40906,0.088659,0.432371,0.897322,-0.842907,0.512535,-0.163552,-0.530704,-0.742392,0.408743,-0.012042,-0.013365,0.025186,-1.773557,-2.095741,2.019683,-1.403755,0.058968,0.035417,-0.007297,0.037004,-0.427672,0.903175,0.911398,-0.356238,-0.206027,0.409857,0.830776,0.376598,-0.000268,-0.000785,0.007668,-1.564975,-0.63567,-0.795379,-0.886792,0.073945,0.021531,-0.058177,0.81527,0.407785,-0.411151,-0.547786,0.773329,-0.319205,0.187788,0.485461,0.853851,-0.000514,-0.002916,-0.001819,0.066546,-0.01878,0.027793,-0.9022
232,0.128605,-0.029748,0.425517,0.694156,0.566276,-0.444438,-0.715397,0.610861,-0.339156,0.078565,0.552678,0.829699,-0.001008,-0.005688,-0.003559,0.0,-0.0,0.0,-1.301688,-0.073697,-0.012659,0.40985,0.098669,0.473486,0.875252,-0.85367,0.492247,-0.169924,-0.51139,-0.730995,0.451651,-0.01063,-0.018243,0.021917,-0.087941,-1.151091,-0.042295,-1.393491,0.05893,0.035203,-0.006899,0.030944,-0.472191,0.880952,0.918835,-0.333482,-0.211022,0.393425,0.815981,0.423546,0.001424,-0.008314,0.010793,-0.105312,-1.375763,-0.325049,-0.88124,0.073979,0.02141,-0.058266,0.815648,0.406691,-0.411483,-0.547509,0.772429,-0.321848,0.186949,0.487806,0.852698,-0.000582,-0.003305,-0.002069,-0.002671,0.009103,-0.027942,-0.902363
233,0.12876,-0.029977,0.42537,0.69507,0.564928,-0.444725,-0.714648,0.610174,-0.341961,0.077306,0.554813,0.828393,0.012705,-0.005779,-0.003866,0.000984,-0.014715,0.029553,-1.266201,-0.073882,-0.013302,0.410567,0.098544,0.510541,0.854183,-0.865279,0.467903,-0.179705,-0.491515,-0.722029,0.486775,-0.010096,-0.020129,0.020665,0.041874,-1.045908,-0.266124,-1.378829,0.058838,0.034878,-0.006543,0.036486,-0.508018,0.860572,0.925439,-0.307807,-0.220944,0.377134,0.804469,0.458909,0.000613,-0.003843,0.005607,0.393882,-0.882517,-0.978972,-0.866218,0.074051,0.021294,-0.05834,0.816219,0.405209,-0.411813,-0.5469,0.771686,-0.324652,0.186239,0.490209,0.851474,-0.000414,-0.002353,-0.001475,-0.001778,0.008847,-0.027581,-0.900077
234,0.128858,-0.030097,0.425244,0.694934,0.565042,-0.444792,-0.714786,0.610018,-0.341951,0.077245,0.554868,0.828361,-0.000557,-0.003157,-0.001982,-0.001494,0.008733,-0.027423,-1.196995,-0.074081,-0.013919,0.411229,0.099378,0.541293,0.834935,-0.879949,0.439537,-0.180081,-0.464557,-0.717475,0.518921,0.003055,-0.017241,0.021212,-1.44577,-0.586883,-0.799865,-1.294327,0.058739,0.03457,-0.006217,0.03723,-0.539016,0.841471,0.933065,-0.282723,-0.222385,0.357773,0.793428,0.492412,0.00063,-0.003902,0.005571,-0.033819,-1.323775,-0.073353,-0.842704,0.074105,0.021235,-0.058403,0.816134,0.405314,-0.411877,-0.547038,0.771583,-0.324666,0.186206,0.490284,0.851438,-0.00016,0.003359,-0.005984,0.035919,-0.011143,0.018915,-0.887503
235,0.128911,-0.030149,0.42521,0.694841,0.565133,-0.444822,-0.714878,0.609949,-0.341883,0.07724,0.554851,0.828372,-0.000522,-0.002959,-0.001858,-0.001493,0.008733,-0.027423,-1.166815,-0.074126,-0.014142,0.411506,0.100121,0.556348,0.82489,-0.88558,0.427747,-0.180869,-0.453567,-0.713088,0.534459,0.002908,-0.016736,0.021555,-0.473244,-0.847573,-0.434031,-1.211923,0.058713,0.034453,-0.006076,0.041401,-0.554099,0.831419,0.937965,-0.265151,-0.223417,0.344247,0.789093,0.508748,0.000564,-0.003661,0.005733,-1.409816,-1.010732,-0.965654,-0.805147,0.074132,0.02121,-0.058419,0.816065,0.405426,-0.411905,-0.547145,0.771534,-0.324603,0.186196,0.490269,0.851449,0.006589,-0.001582,-0.001115,0.000996,-0.014705,0.029521,-0.881462
236,0.129019,-0.030223,0.425137,0.6948,0.565144,-0.444872,-0.714918,0.609894,-0.341896,0.077235,0.5549,0.82834,-0.00021,-0.001191,-0.000749,-0.0,-0.0,-0.0,-1.117431,-0.074043,-0.014516,0.412028,0.105041,0.585388,0.803915,-0.893691,0.410145,-0.181742,-0.436215,-0.700088,0.565206,0.001525,-0.008615,0.010616,-0.410732,-1.097889,-0.301906,-1.056046,0.058754,0.034265,-0.00581,0.04087,-0.582891,0.811521,0.94277,-0.246505,-0.224537,0.330925,0.774255,0.539458,0.000758,-0.00432,0.005302,-1.369244,-0.28773,-0.963576,-0.713051,0.074186,0.02117,-0.058458,0.816018,0.405468,-0.411956,-0.547214,0.771482,-0.324609,0.186198,0.490315,0.851422,-0.000113,-0.00065,-0.00041,7e-06,1.4e-05,-1.3e-05,-0.877542
237,0.129038,-0.030207,0.425098,0.69456,0.565402,-0.444918,-0.715164,0.609652,-0.341813,0.077114,0.554902,0.82835,4.2e-05,0.00024,0.000151,-0.0,-0.0,-0.0,-1.102336,-0.074009,-0.014775,0.412372,0.104559,0.615104,0.781476,-0.912108,0.372491,-0.171005,-0.396382,-0.695674,0.598983,-0.000196,0.000684,0.000457,-1.810802,-1.649415,1.826058,-0.99205,0.058772,0.03413,-0.005635,0.047936,-0.613367,0.788341,0.954105,-0.205459,-0.217873,0.295608,0.762605,0.575368,0.000695,-0.004107,0.005431,-0.386861,-1.165966,-0.350136,-0.685782,0.074195,0.021178,-0.058477,0.815845,0.405778,-0.411994,-0.547511,0.7713,-0.324539,0.186081,0.490346,0.85143,4.5e-05,0.000249,0.000155,-2e-06,2e-06,-1.5e-05,-0.879829
238,0.12903,-0.030171,0.425072,0.694597,0.565352,-0.444923,-0.715134,0.609623,-0.341927,0.077057,0.554985,0.8283,1.2e-05,7.1e-05,4.4e-05,-0.0,-0.0,-0.0,-1.099803,-0.073979,-0.014837,0.412475,0.100727,0.637397,0.763918,-0.923542,0.345459,-0.166319,-0.370013,-0.689549,0.622476,-0.000205,0.000716,0.000479,-0.097501,-1.721241,0.226518,-0.976612,0.058787,0.034099,-0.005584,0.053706,-0.632321,0.772842,0.961276,-0.176764,-0.211425,0.270299,0.75427,0.598342,0.000654,-0.003994,0.005499,-1.784244,-2.295943,1.801168,-0.703417,0.074191,0.021197,-0.058489,0.81587,0.405721,-0.412001,-0.547487,0.77127,-0.324654,0.186046,0.490441,0.851383,1.4e-05,7.6e-05,4.6e-05,1e-05,1e-06,-9e-06,-0.881462
239,0.128991,-0.030099,0.425009,0.69118,0.569508,-0.444945,-0.718804,0.605203,-0.342083,0.073598,0.555567,0.828224,0.0,1e-06,0.0,0.0,0.0,-0.0,-1.100368,-0.073819,-0.014743,0.412556,0.089442,0.67184,0.735271,-0.939243,0.30251,-0.162002,-0.331352,-0.676943,0.657129,-0.002275,0.011222,-0.008878,-1.118832,-0.774281,-0.590704,-0.943537,0.058868,0.03414,-0.00554,0.067896,-0.667906,0.741141,0.969042,-0.132594,-0.208266,0.237373,0.732338,0.638227,0.006166,0.002871,0.001244,-3.991457,-0.258328,-3.342986,-0.736728,0.074172,0.021234,-0.05852,0.813498,0.410568,-0.411889,-0.552088,0.76782,-0.325039,0.182806,0.491818,0.85129,2.8e-05,0.004437,-0.005304,0.035761,-0.011273,0.019027,-0.884891
240,0.128931,-0.030052,0.424967,0.691048,0.569657,-0.444959,-0.718947,0.605012,-0.342122,0.073448,0.555623,0.8282,0.0,0.0,0.0,0.0,0.0,0.0,-1.101163,-0.073684,-0.014626,0.412605,0.084981,0.698223,0.710812,-0.950442,0.27091,-0.15232,-0.299001,-0.663509,0.685723,0.012325,0.0058,0.00248,0.061975,-0.750216,0.640708,-0.891432,0.05893,0.034201,-0.00552,0.07711,-0.693596,0.716225,0.975039,-0.097556,-0.199449,0.208209,0.713727,0.668761,-0.000188,0.000652,0.000435,0.057301,-0.747328,0.572348,-0.756813,0.074142,0.021257,-0.058541,0.813405,0.410742,-0.411899,-0.552268,0.767669,-0.325088,0.182675,0.491908,0.851266,-0.0,1e-06,0.0,-0.000107,-2.6e-05,0.000104,-0.885707
241,0.12886,-0.030037,0.424965,0.690952,0.569781,-0.44495,-0.719046,0.604919,-0.342078,0.073385,0.555596,0.828223,0.0,0.0,0.0,0.0,0.0,0.0,-1.101957,-0.073747,-0.014487,0.412724,0.08735,0.715022,0.693617,-0.957229,0.253012,-0.140107,-0.275758,-0.652601,0.705643,-0.001667,0.00579,0.003861,0.056568,-0.587859,0.66308,-0.883404,0.058905,0.034266,-0.005464,0.07684,-0.710368,0.699623,0.97911,-0.078723,-0.187468,0.188248,0.699414,0.689479,-0.00732,0.001129,0.001447,0.048457,-0.535409,0.400511,-0.775265,0.074107,0.021265,-0.058542,0.81334,0.410883,-0.411887,-0.552386,0.767601,-0.325048,0.182608,0.491896,0.851288,0.0,1e-06,2e-06,-8.4e-05,-1e-05,0.000105,-0.88783
242,0.128829,-0.030048,0.424972,0.690882,0.569869,-0.444945,-0.719113,0.604878,-0.342008,0.073374,0.55555,0.828255,-1.4e-05,-7.9e-05,-5e-05,0.0,0.0,0.0,-1.101141,-0.073834,-0.014371,0.412832,0.083938,0.722932,0.685795,-0.961779,0.238766,-0.133811,-0.260562,-0.64925,0.714454,-0.000385,-0.001969,0.015044,-3.780791,0.326667,-3.455348,-0.881634,0.058861,0.034325,-0.005416,0.07741,-0.718025,0.691699,0.980895,-0.069342,-0.181755,0.178468,0.692554,0.69894,-0.007702,0.002465,0.002336,0.044499,-0.421165,0.479754,-0.793063,0.074091,0.02126,-0.058539,0.813293,0.410984,-0.411878,-0.552462,0.767576,-0.324981,0.182586,0.491852,0.851318,-8e-06,-4.3e-05,-2.7e-05,-7.2e-05,-2.6e-05,9e-05,-0.887993
243,0.128748,-0.030025,0.424963,0.687393,0.574079,-0.444937,-0.722788,0.600497,-0.341981,0.069999,0.555963,0.828271,-0.0,-0.0,-0.0,0.0,0.0,-0.0,-1.10093,-0.074002,-0.014115,0.413011,0.083778,0.739988,0.667376,-0.96794,0.219548,-0.121755,-0.2367,-0.636701,0.733791,-0.014934,0.003361,0.00361,-0.526092,-0.842924,0.927394,-0.8426,0.058782,0.034456,-0.005319,0.085655,-0.733654,0.674102,0.984034,-0.043647,-0.17254,0.156007,0.678119,0.718203,-0.001041,0.003606,0.002395,0.099666,-0.768108,0.381495,-0.80629,0.074051,0.021271,-0.058543,0.810866,0.415895,-0.411735,-0.557057,0.764161,-0.325181,0.179391,0.493039,0.85131,-3e-06,4e-06,6e-06,-0.000114,-9.9e-05,0.000174,-0.889463
244,0.128688,-0.029978,0.424921,0.687261,0.574227,-0.444951,-0.722929,0.600306,-0.34202,0.069849,0.556017,0.828247,-0.0,-0.0,-0.0,0.0,0.0,0.0,-1.100749,-0.07416,-0.013901,0.413187,0.088723,0.755954,0.648578,-0.971174,0.210251,-0.112029,-0.221141,-0.620883,0.751973,-0.014925,0.003374,0.003606,-0.238098,-0.508202,0.054361,-0.81117,0.058702,0.034566,-0.005229,0.080032,-0.751467,0.654897,0.986497,-0.034466,-0.160104,0.142884,0.658868,0.738563,-0.000889,0.003098,0.002051,-0.986003,-0.44552,-0.85208,-0.802371,0.07402,0.021295,-0.058564,0.810774,0.416064,-0.411745,-0.557233,0.764013,-0.32523,0.179262,0.493127,0.851287,-3e-06,1e-06,6e-06,-9.3e-05,-3.2e-05,0.000131,-0.891586
245,0.128678,-0.02997,0.424914,0.686608,0.575208,-0.444691,-0.723411,0.601195,-0.339429,0.071244,0.554041,0.829452,-0.0,-0.0,-0.0,-0.0,0.0,-0.0,-1.099991,-0.074273,-0.013761,0.413287,0.087758,0.765472,0.63745,-0.973934,0.200259,-0.106216,-0.209047,-0.612467,0.762264,-0.015324,0.004794,0.004538,0.170683,-0.969767,0.28277,-0.807999,0.058647,0.03463,-0.005183,0.082441,-0.758994,0.645856,0.987825,-0.023551,-0.153769,0.131921,0.65067,0.747812,-0.001074,0.003739,0.002477,0.069298,-0.484902,0.479585,-0.805474,0.074015,0.021299,-0.058568,0.810356,0.41717,-0.411448,-0.557554,0.764905,-0.322572,0.180151,0.490803,0.852441,-3e-06,1e-06,5e-06,0.003998,-0.001126,0.001651,-0.891749
246,0.128658,-0.029974,0.424924,0.686568,0.57526,-0.444686,-0.723449,0.601177,-0.33938,0.071244,0.554006,0.829475,-0.0,-0.0,-0.0,-0.0,0.0,-0.0,-1.0989,-0.074488,-0.01346,0.413547,0.083492,0.780359,0.619726,-0.978747,0.181061,-0.095946,-0.187163,-0.599516,0.778083,-0.002975,0.010398,0.006852,0.160616,-0.837913,0.364841,-0.807027,0.058535,0.03478,-0.005053,0.088161,-0.773701,0.627386,0.989593,-0.003877,-0.14384,0.113721,0.633538,0.765308,-0.000737,0.000901,0.008743,0.134237,-0.866777,0.33338,-0.829641,0.074005,0.021296,-0.058563,0.810337,0.417211,-0.411445,-0.557588,0.764885,-0.322561,0.180132,0.4908,0.852447,-3e-06,-0.0,4e-06,3.9e-05,-4.3e-05,9.7e-05,-0.892565
247,0.128658,-0.029968,0.424916,0.683159,0.579302,-0.444688,-0.726989,0.596876,-0.339408,0.067949,0.554439,0.829462,-0.0,-0.0,-0.0,0.0,0.0,-0.0,-1.098405,-0.074813,-0.013297,0.413973,0.080155,0.794206,0.602332,-0.981886,0.166933,-0.089255,-0.171515,-0.585257,0.792414,-0.001082,0.000518,0.016612,0.054464,-0.501949,0.457752,-0.803735,0.05837,0.034869,-0.004841,0.093524,-0.788183,0.608292,0.990349,0.010885,-0.138161,0.102275,0.615343,0.781595,-0.00787,0.003173,0.002761,0.081766,-0.438095,0.253342,-0.84597,0.074005,0.0213,-0.058567,0.807948,0.421944,-0.411318,-0.562036,0.761515,-0.322814,0.177016,0.491993,0.852412,-5e-06,1e-06,3e-06,-0.000277,-0.000162,9.5e-05,-0.893708
248,0.128669,-0.029968,0.424928,0.683079,0.57939,-0.444697,-0.727064,0.596828,-0.33933,0.067948,0.554398,0.829489,0.000116,0.000654,0.000411,0.0,0.0,-0.0,-1.096745,-0.074998,-0.013266,0.414169,0.074179,0.80117,0.593814,-0.98392,0.155755,-0.08704,-0.162295,-0.578808,0.799065,-0.015083,0.004125,0.004046,-3.175232,-0.004781,-4.201931,-0.802856,0.058282,0.034887,-0.004736,0.095155,-0.794156,0.600217,0.990624,0.016175,-0.135647,0.098016,0.607498,0.78825,-0.006902,-0.00185,0.007596,0.106091,-0.664783,0.369372,-0.852665,0.074011,0.021298,-0.058562,0.807892,0.422044,-0.411325,-0.562118,0.761487,-0.322738,0.177009,0.491951,0.852438,7.4e-05,0.000439,0.000278,-0.010377,0.060349,-0.189048,-0.893545
249,0.128692,-0.029956,0.424935,0.682411,0.578174,-0.447297,-0.727472,0.596693,-0.338693,0.070222,0.555811,0.828353,0.000222,0.001255,0.000789,-0.000409,-0.002621,-0.000814,-1.089067,-0.075378,-0.013074,0.414532,0.070575,0.81218,0.579115,-0.985976,0.144754,-0.082653,-0.151025,-0.566174,0.810248,-0.003172,0.011186,0.007302,0.172238,-0.702864,0.202002,-0.803373,0.058096,0.034969,-0.004563,0.104482,-0.802898,0.586888,0.99085,0.033344,-0.130781,0.085435,0.595183,0.799035,-0.000888,0.001476,0.009091,0.002643,-0.232787,0.378898,-0.863278,0.074022,0.021302,-0.058559,0.806941,0.421094,-0.414156,-0.562622,0.761404,-0.322054,0.179725,0.492892,0.851325,-3e-06,-9e-06,-6e-06,0.001449,0.014892,0.006904,-0.894525
250,0.128673,-0.029939,0.424933,0.682405,0.578184,-0.447295,-0.727481,0.596672,-0.33871,0.070198,0.555823,0.828348,-0.013413,0.001801,0.001372,-0.000984,0.014714,-0.029553,-1.076163,-0.075765,-0.012889,0.41506,0.073621,0.82038,0.567052,-0.986514,0.14319,-0.078876,-0.145975,-0.554621,0.819116,-0.014707,-0.000281,0.017354,-0.146835,-0.615553,-0.246377,-0.688917,0.057902,0.035067,-0.004302,0.100869,-0.811823,0.575124,0.991345,0.033196,-0.127011,0.084018,0.582958,0.808145,-0.007238,-0.000599,0.008426,-3.161625,0.331111,-4.371144,-0.832253,0.074018,0.021313,-0.058558,0.807031,0.421089,-0.413985,-0.562542,0.761427,-0.322138,0.179571,0.49286,0.851376,2.6e-05,0.000149,9.2e-05,3.4e-05,0.000357,0.00016,-0.894525
251,0.128634,-0.029914,0.424926,0.678841,0.582359,-0.447302,-0.731128,0.592224,-0.338666,0.066828,0.556216,0.828362,7.1e-05,0.000402,0.000252,-0.0,-0.0,-0.0,-1.052098,-0.076059,-0.012791,0.415621,0.069269,0.825541,0.560068,-0.98819,0.133632,-0.07455,-0.136452,-0.549319,0.824313,-0.014349,-0.001475,0.01655,-0.02625,-0.096967,0.137344,-0.577639,0.057747,0.035123,-0.00401,0.107279,-0.817683,0.565582,0.991326,0.044537,-0.123646,0.075914,0.573941,0.815369,-0.007181,-0.000742,0.008278,-0.043776,-0.038054,0.160133,-0.75616,0.073993,0.021326,-0.058562,0.804512,0.426009,-0.413854,-0.567146,0.757929,-0.322315,0.176363,0.494022,0.851373,5.4e-05,0.000305,0.00019,-8.8e-05,-7.8e-05,0.000115,-0.893219
252,0.128625,-0.029905,0.424931,0.67538,0.586371,-0.447298,-0.734623,0.587883,-0.338665,0.06353,0.5566,0.828364,3.8e-05,0.000217,0.000136,0.0,0.0,-0.0,-1.041949,-0.076256,-0.012722,0.415876,0.059453,0.830635,0.553625,-0.990296,0.118787,-0.071669,-0.125348,-0.545029,0.828912,-0.001427,0.001851,0.017378,-0.124774,-0.232598,0.05466,-0.525754,0.057649,0.035156,-0.00389,0.117505,-0.820893,0.558861,0.990875,0.059505,-0.120935,0.06602,0.567972,0.820395,-0.008048,0.003977,0.003226,-0.438204,-0.268917,-0.147636,-0.743913,0.073989,0.021331,-0.058559,0.802064,0.430725,-0.413722,-0.571561,0.754508,-0.322542,0.17323,0.495168,0.851351,2.1e-05,0.000125,7.6e-05,-0.000583,-0.000277,1e-05,-0.893219
253,0.128628,-0.029891,0.424941,0.675409,0.58634,-0.447295,-0.734595,0.587906,-0.338685,0.063537,0.556609,0.828358,0.013449,-0.00159,-0.001239,0.000984,-0.014715,0.029553,-1.032109,-0.076702,-0.012505,0.416258,0.048145,0.83806,0.543442,-0.993682,0.095298,-0.058718,-0.101038,-0.538227,0.83664,-0.015728,0.006808,0.005668,-0.085759,-0.086283,0.062261,-0.427657,0.057431,0.035265,-0.003693,0.129418,-0.826399,0.548009,0.990627,0.083413,-0.108161,0.043674,0.556871,0.829449,-0.001395,0.004964,0.003201,-0.324534,-0.053563,-0.165439,-0.656879,0.073985,0.02134,-0.058553,0.802079,0.430701,-0.41372,-0.571537,0.754524,-0.322546,0.173241,0.495165,0.85135,-3e-06,-1.9e-05,-1.2e-05,-5.7e-05,-9.8e-05,0.000185,-0.893055
254,0.128627,-0.029891,0.424928,0.671819,0.59044,-0.44731,-0.738164,0.583449,-0.338634,0.060198,0.55696,0.828371,-1e-06,-8e-06,-5e-06,0.0,0.0,-0.0,-1.028093,-0.077135,-0.012179,0.416486,0.039649,0.846081,0.531569,-0.996339,0.073634,-0.042669,-0.075272,-0.528987,0.845204,-0.01563,0.00656,0.005481,0.021667,-0.227696,0.29847,-0.353403,0.057215,0.035427,-0.003579,0.13879,-0.832698,0.53605,0.990114,0.105607,-0.092303,0.02025,0.543562,0.839123,-0.001346,0.004818,0.003092,-0.026916,-0.175058,0.044875,-0.57899,0.07399,0.021338,-0.05856,0.799539,0.435506,-0.413607,-0.576031,0.751018,-0.322736,0.170073,0.496291,0.851333,1e-06,-3e-06,-4e-06,-0.000322,-0.000154,0.000172,-0.894851
255,0.128632,-0.029869,0.424955,0.664041,0.599368,-0.447049,-0.74557,0.575522,-0.335964,0.055089,0.555661,0.829599,0.000219,0.001236,0.000776,-4e-06,1e-06,-2e-06,-0.996558,-0.077454,-0.011893,0.416728,0.035024,0.853,0.520726,-0.997688,0.059976,-0.030921,-0.057631,-0.519503,0.852442,-0.002556,0.009206,0.005872,0.086233,-0.347535,0.328972,-0.286718,0.05705,0.035568,-0.003459,0.143969,-0.838588,0.525396,0.98957,0.119433,-0.080533,0.004784,0.531511,0.847037,-0.000455,3e-05,0.008084,0.079999,-0.358203,0.089746,-0.504202,0.073992,0.021347,-0.058549,0.79401,0.446014,-0.41306,-0.585146,0.744927,-0.320446,0.164776,0.496139,0.852463,0.000142,0.000812,0.000507,0.004109,-0.001631,0.002041,-0.88734
256,0.128633,-0.029868,0.424967,0.664046,0.599366,-0.447045,-0.745564,0.57554,-0.335945,0.055107,0.555645,0.829608,3e-05,0.00017,0.000106,-0.0,0.0,-0.0,-0.990985,-0.077571,-0.011786,0.416877,0.032016,0.856196,0.515651,-0.9982,0.053288,-0.02628,-0.05,-0.51495,0.855681,-0.015323,0.005566,0.004813,-0.79181,-0.227002,-1.096997,-0.254806,0.056996,0.035623,-0.003384,0.145809,-0.841612,0.520027,0.989312,0.12439,-0.076077,-0.000659,0.525562,0.850754,-0.001148,0.004152,0.00267,-2.773228,-0.109242,-4.578601,-0.472524,0.073993,0.02135,-0.058541,0.794024,0.445987,-0.413063,-0.585125,0.744937,-0.320462,0.164784,0.496148,0.852457,1.4e-05,8e-05,4.9e-05,0.000384,-0.00033,0.000607,-0.88587
257,0.128629,-0.029837,0.424999,0.664095,0.59932,-0.447034,-0.745519,0.575592,-0.335957,0.055132,0.55564,0.829609,0.000398,0.002245,0.001409,0.001493,-0.008758,0.027415,-0.990226,-0.077658,-0.011813,0.417445,0.026487,0.864443,0.502025,-0.998762,0.043701,-0.022326,-0.041253,-0.501891,0.863867,-0.000336,-0.001968,0.014843,0.107239,-0.430201,0.064955,-0.181115,0.056947,0.035615,-0.003102,0.15315,-0.84836,0.506783,0.988172,0.135518,-0.071769,-0.007793,0.511781,0.85908,0.000703,-0.005755,0.012442,0.146033,-0.658943,0.144096,-0.406555,0.07399,0.021361,-0.058528,0.794057,0.445935,-0.413054,-0.585073,0.744976,-0.320467,0.164808,0.496136,0.852458,0.000101,0.00057,0.000357,-0.000129,-0.000109,0.000263,-0.892239
258,0.128578,-0.029784,0.425045,0.660429,0.603366,-0.447022,-0.749008,0.571097,-0.335866,0.051816,0.555894,0.829653,0.000163,0.000919,0.000577,0.0,0.0,-0.0,-0.98881,-0.077756,-0.012107,0.418079,0.017067,0.870141,0.492498,-0.99925,0.031565,-0.020907,-0.033741,-0.492858,0.869376,0.002103,-0.013953,0.023333,-0.043536,-0.13474,0.104182,-0.122566,0.056898,0.035468,-0.002779,0.163285,-0.853047,0.495629,0.986498,0.147581,-0.070994,-0.012585,0.50053,0.865627,0.001064,-0.00706,0.011615,-0.066692,-0.075688,0.124136,-0.333727,0.073965,0.021392,-0.058502,0.791433,0.450704,-0.412915,-0.589496,0.741417,-0.320616,0.16164,0.497158,0.85247,9.6e-05,0.000544,0.000342,-0.00022,-0.000143,0.00028,-0.895178
259,0.128552,-0.029765,0.42507,0.660416,0.603389,-0.44701,-0.749019,0.5711,-0.335836,0.05182,0.555866,0.829671,0.000308,0.001739,0.001091,0.001494,-0.008756,0.027416,-0.987656,-0.07784,-0.012302,0.418413,0.015686,0.872723,0.487954,-0.999432,0.027753,-0.017273,-0.028618,-0.488496,0.872018,-0.012327,-0.008372,0.01204,-0.661612,-0.470581,0.475305,-0.115665,0.05686,0.035373,-0.002617,0.165301,-0.855043,0.491503,0.98611,0.15145,-0.068177,-0.016144,0.495946,0.868202,0.001009,-0.006893,0.011702,-2.217848,-1.345212,1.345774,-0.315765,0.073952,0.021399,-0.058491,0.791417,0.450742,-0.412904,-0.589518,0.741417,-0.320576,0.161637,0.497124,0.85249,1.6e-05,0.000108,6.9e-05,-0.000132,-0.000113,0.000254,-0.895831
260,0.128513,-0.02976,0.425086,0.656772,0.607361,-0.446999,-0.752441,0.566621,-0.335775,0.04852,0.556119,0.829701,6e-06,3.5e-05,2.2e-05,0.0,0.0,-0.0,-0.984322,-0.077958,-0.012554,0.419038,0.013301,0.876497,0.481216,-0.99972,0.020291,-0.009086,-0.017726,-0.482056,0.875884,-0.000195,-0.00246,0.014524,-0.030778,-0.074074,0.18803,-0.069577,0.056798,0.035238,-0.002304,0.167362,-0.858554,0.484638,0.985541,0.158848,-0.058935,-0.026385,0.487495,0.872726,-0.000121,-0.001183,0.007293,-0.029007,-0.062624,0.189526,-0.280005,0.073933,0.021405,-0.058481,0.788796,0.455434,-0.41277,-0.59387,0.737858,-0.320753,0.158484,0.498141,0.852488,-3e-06,-1.3e-05,-7e-06,-0.000198,-0.000129,0.000287,-0.897791
261,0.128462,-0.029747,0.425083,0.656701,0.607442,-0.446993,-0.752505,0.566549,-0.335752,0.048471,0.556104,0.829715,0.0,0.0,0.0,0.0,0.0,0.0,-0.971385,-0.078008,-0.012707,0.419682,0.024303,0.880023,0.4743,-0.999645,0.024799,0.005452,-0.006977,-0.475364,0.879684,-0.000426,-0.001617,0.015048,-0.029081,-0.073526,0.191794,0.008644,0.056773,0.035163,-0.001987,0.156906,-0.864012,0.478395,0.986971,0.154643,-0.044418,-0.035603,0.479132,0.87702,-0.000198,-0.000903,0.007469,-0.022291,-0.060095,0.161833,-0.215995,0.073907,0.02141,-0.058483,0.788752,0.455519,-0.412761,-0.593941,0.73781,-0.320732,0.15844,0.498134,0.852501,2e-06,-1.1e-05,-1e-05,-6.9e-05,-8.2e-05,0.000217,-0.895341
262,0.128441,-0.029759,0.425088,0.656644,0.607507,-0.446989,-0.752556,0.566518,-0.335692,0.048469,0.556064,0.829741,-3.2e-05,-0.000178,-0.000112,0.0,0.0,0.0,-0.96067,-0.078178,-0.01279,0.420331,0.019518,0.881673,0.471448,-0.999771,0.016201,0.011338,0.002351,-0.472663,0.881163,-0.00065,-0.000792,0.015555,-0.033925,-0.009956,0.003353,0.051724,0.056688,0.035122,-0.001662,0.161648,-0.864845,0.475302,0.98586,0.163065,-0.038579,-0.04414,0.474818,0.878976,-0.006768,-0.00199,0.007396,-0.031028,-0.047605,0.135947,-0.151005,0.073897,0.021404,-0.05848,0.788715,0.455588,-0.412755,-0.593992,0.737794,-0.320675,0.158432,0.498094,0.852525,-1.3e-05,-9.6e-05,-6.2e-05,-6e-05,-6.1e-05,0.000128,-0.895178
263,0.128429,-0.029772,0.425093,0.656602,0.607554,-0.446986,-0.752592,0.566499,-0.335642,0.048474,0.556032,0.829762,-1.2e-05,-7e-05,-4.4e-05,0.0,0.0,0.0,-0.954839,-0.078256,-0.012834,0.420634,0.015358,0.882001,0.470988,-0.99983,0.010904,0.012428,0.005824,-0.472201,0.881394,0.001174,-0.010581,0.025457,-0.06443,-0.06472,0.14067,0.064591,0.056648,0.035106,-0.001512,0.165868,-0.86439,0.474675,0.985005,0.168375,-0.037583,-0.047437,0.473791,0.879357,-0.000394,-0.000179,0.007914,-0.033452,-0.009458,0.004268,-0.123735,0.073891,0.021397,-0.058479,0.788686,0.455641,-0.412751,-0.59403,0.737783,-0.320627,0.15843,0.498061,0.852545,-4e-06,-3.3e-05,-2.1e-05,-5.4e-05,-4.1e-05,0.000107,-0.895015
264,0.128443,-0.029744,0.425098,0.653065,0.611354,-0.446986,-0.75587,0.562075,-0.335712,0.045183,0.556351,0.829734,0.00011,0.000617,0.000387,0.0,0.0,-0.0,-0.942736,-0.078404,-0.013039,0.421243,0.008582,0.883362,0.468604,-0.999887,0.003413,0.012124,0.009118,-0.469759,0.88267,-0.012835,-0.006411,0.013254,-0.032772,-0.002331,-0.028469,0.083902,0.056574,0.035,-0.001198,0.172611,-0.864686,0.471723,0.983716,0.175673,-0.037942,-0.050061,0.470591,0.880929,-0.006396,-0.003319,0.006559,-0.043179,0.021658,-0.020952,-0.089444,0.073898,0.021411,-0.058476,0.786117,0.460164,-0.412634,-0.598248,0.734239,-0.320921,0.155296,0.499139,0.852491,5.9e-05,0.000335,0.000209,-0.000129,-9.1e-05,0.000185,-0.895341
265,0.128462,-0.029754,0.425091,0.653083,0.611332,-0.446991,-0.755855,0.56209,-0.335723,0.045193,0.556361,0.829727,-0.000262,-0.001474,-0.000925,-0.001495,0.008756,-0.027416,-0.939929,-0.078594,-0.013245,0.421866,0.006685,0.884581,0.466329,-0.999897,0.001519,0.0117,0.00965,-0.467465,0.883881,-0.012943,-0.005987,0.013513,0.022669,-0.127625,-0.101763,0.107585,0.056484,0.034898,-0.000892,0.174368,-0.865448,0.469674,0.983396,0.177407,-0.038188,-0.050273,0.468534,0.882012,-0.000189,-0.000913,0.007446,0.048327,-0.204753,-0.061533,-0.063645,0.073908,0.021411,-0.058477,0.786144,0.460115,-0.412639,-0.598208,0.734264,-0.32094,0.155317,0.499149,0.852482,-0.0,-9e-06,-6e-06,-7.3e-05,-1.9e-05,0.000144,-0.896158
266,0.128451,-0.029753,0.425079,0.653062,0.611354,-0.446993,-0.755874,0.562058,-0.335731,0.045168,0.556369,0.829723,-5.5e-05,-0.000309,-0.000194,0.0,0.0,0.0,-0.939893,-0.078714,-0.013322,0.422154,0.006446,0.884605,0.466289,-0.999892,0.000979,0.012213,0.010357,-0.467422,0.883896,-0.000294,-0.002055,0.014741,-0.033189,-0.011656,0.002809,0.121663,0.056425,0.034855,-0.000751,0.174768,-0.865527,0.469381,0.983297,0.178026,-0.037843,-0.050808,0.468155,0.882184,-1.3e-05,-0.001561,0.007042,-0.040481,0.012652,-0.01985,-0.047152,0.073902,0.021407,-0.058485,0.786119,0.460156,-0.412641,-0.598248,0.734231,-0.32094,0.155291,0.499159,0.852481,-4.1e-05,-0.000232,-0.000146,-5.3e-05,-4.7e-05,0.000105,-0.895178
267,0.128418,-0.029764,0.425073,0.652982,0.61144,-0.44699,-0.755945,0.561995,-0.335679,0.045141,0.556338,0.829745,-2.3e-05,-0.000132,-8.3e-05,0.0,0.0,0.0,-0.931999,-0.078936,-0.013396,0.422608,0.00503,0.885822,0.463989,-0.9999,-0.000235,0.011537,0.01034,-0.465107,0.885116,-0.01296,-0.005874,0.013573,-0.032245,0.003796,-0.056776,0.133714,0.056313,0.034822,-0.000522,0.176254,-0.866565,0.466902,0.983061,0.179169,-0.038567,-0.050234,0.465792,0.883466,-0.000984,0.003586,0.002232,-0.006444,0.006401,0.031257,-0.018903,0.073885,0.021401,-0.058488,0.786063,0.460256,-0.412636,-0.59833,0.734185,-0.320892,0.155259,0.499134,0.852501,-1.3e-05,-8.2e-05,-5e-05,-3.5e-05,-2.1e-05,8.6e-05,-0.895341
268,0.128425,-0.02978,0.425063,0.649336,0.615307,-0.446995,-0.759271,0.557498,-0.335669,0.041846,0.556594,0.829747,-1.2e-05,-6.8e-05,-4.3e-05,0.0,0.0,-0.0,-0.920359,-0.079174,-0.013338,0.422974,-0.001401,0.887035,0.461691,-0.999886,-0.006994,0.010652,0.012697,-0.462732,0.88633,-0.00206,0.007587,0.004702,0.005834,-0.021415,0.023157,0.136539,0.056191,0.034844,-0.000337,0.182749,-0.866625,0.464286,0.981778,0.185878,-0.039484,-0.052083,0.463043,0.884803,-0.000207,-0.00082,0.007496,-0.04084,0.005291,0.007103,-0.011391,0.073889,0.021393,-0.058494,0.783401,0.464874,-0.41252,-0.602617,0.730573,-0.321115,0.152098,0.500154,0.852473,-5e-06,-2.1e-05,-1.4e-05,-0.000558,-0.00025,-3.6e-05,-0.894688
269,0.128436,-0.029775,0.425054,0.649363,0.615276,-0.446999,-0.759249,0.557505,-0.335709,0.041837,0.556621,0.829729,-0.0,-0.0,-0.0,0.0,0.0,-0.0,-0.911498,-0.079335,-0.01325,0.423292,-0.012619,0.888218,0.459241,-0.999735,-0.019173,0.009864,0.0176,-0.460104,0.887614,-0.001672,0.006167,0.003813,0.002321,-0.012963,0.026026,0.145072,0.056109,0.034894,-0.000175,0.193828,-0.865779,0.461364,0.979411,0.197822,-0.040244,-0.056425,0.459665,0.886297,-0.00082,0.003008,0.001864,-0.006314,0.007444,0.032156,-0.003064,0.073894,0.021396,-0.058498,0.783423,0.464831,-0.412527,-0.602586,0.730583,-0.321149,0.152105,0.500179,0.852457,-1e-06,8e-06,6e-06,-9.3e-05,-8.3e-05,0.000132,-0.894198
270,0.128436,-0.029775,0.425054,0.649363,0.615276,-0.446999,-0.759249,0.557505,-0.335709,0.041837,0.556621,0.829729,-0.0,-0.0,-0.0,0.0,0.0,0.0,-0.909082,-0.079322,-0.013214,0.423455,-0.013389,0.889463,0.456801,-0.999739,-0.019456,0.008832,0.016778,-0.457675,0.888884,-0.001445,0.00533,0.003291,0.003763,-0.009032,-0.003055,0.147201,0.056115,0.034911,-9.3e-05,0.194716,-0.866936,0.45881,0.979312,0.198086,-0.041325,-0.055058,0.457366,0.887572,-6.6e-05,-0.001328,0.007172,-0.042533,0.009345,0.008602,0.001508,0.073894,0.021396,-0.058498,0.783424,0.46483,-0.412527,-0.602585,0.730584,-0.321149,0.152106,0.500179,0.852457,-4e-06,6e-06,5e-06,-0.000113,-5.4e-05,0.000115,-0.892565
271,0.128429,-0.029812,0.425031,0.649286,0.615352,-0.447006,-0.759315,0.557445,-0.335658,0.04182,0.556598,0.829745,-0.000215,-0.001209,-0.000759,0.0,0.0,0.0,-0.880633,-0.079359,-0.013189,0.423831,-0.021365,0.892945,0.449649,-0.9996,-0.02653,0.005444,0.016834,-0.450469,0.892557,-0.001775,0.006551,0.004036,0.228278,-0.555221,-0.156853,0.151089,0.056098,0.034919,9.2e-05,0.201887,-0.868066,0.453544,0.977854,0.204729,-0.043429,-0.055154,0.452268,0.890174,-3.1e-05,-0.00146,0.007089,-0.040009,0.002456,0.005578,0.007877,0.073891,0.021379,-0.058508,0.783369,0.464917,-0.412532,-0.602661,0.730542,-0.321101,0.152087,0.500159,0.852472,-0.00014,-0.00078,-0.000489,-3.5e-05,-3e-05,0.0001,-0.883421
272,0.128401,-0.029834,0.424981,0.645537,0.619275,-0.447018,-0.762686,0.552821,-0.335662,0.038445,0.556853,0.829737,-7.5e-05,0.008111,-0.011086,0.035886,-0.011207,0.018922,-0.847373,-0.079433,-0.013263,0.424402,-0.03416,0.89626,0.442203,-0.99919,-0.039319,0.002765,0.019925,-0.44287,0.896288,-0.000496,-0.001275,0.015175,0.040591,-0.239255,0.136149,0.156334,0.056061,0.034885,0.000367,0.215729,-0.870018,0.443315,0.974896,0.217531,-0.047501,-0.055109,0.442434,0.895105,-0.000164,-0.000975,0.007381,0.059876,-0.227363,-0.100257,0.013592,0.073877,0.021363,-0.05853,0.780614,0.469626,-0.412421,-0.607025,0.726827,-0.321313,0.148862,0.501172,0.852447,-8.1e-05,-0.000452,-0.000285,-0.000279,-0.000162,0.000101,-0.859254
273,0.128397,-0.029842,0.424951,0.645512,0.619295,-0.447027,-0.76271,0.552772,-0.335689,0.038405,0.556879,0.829722,-0.000224,-0.001263,-0.000793,0.0,0.0,-0.0,-0.839869,-0.079437,-0.013266,0.424686,-0.040463,0.898489,0.437117,-0.998939,-0.045321,0.000951,0.020734,-0.437737,0.898788,-0.00216,0.007978,0.004895,0.054286,-0.187931,0.177111,0.159242,0.056055,0.034879,0.000513,0.222239,-0.871241,0.437661,0.973455,0.223462,-0.049469,-0.054701,0.437038,0.897777,-0.000251,-0.000663,0.007569,0.014013,-0.119557,-0.065998,0.017184,0.073875,0.021363,-0.058548,0.780603,0.469634,-0.412433,-0.607049,0.726782,-0.321369,0.148823,0.501229,0.85242,-0.00014,-0.00079,-0.000498,-0.000103,-8e-05,0.000163,-0.849946
274,0.128402,-0.029866,0.424924,0.641799,0.623135,-0.447037,-0.766,0.548205,-0.335688,0.035085,0.557105,0.829717,-0.000198,-0.001111,-0.000698,0.0,0.0,-0.0,-0.812689,-0.079536,-0.013167,0.425134,-0.045511,0.903836,0.425443,-0.998707,-0.050185,5e-05,0.021471,-0.42602,0.904383,-0.002373,0.008773,0.005366,0.090829,-0.222528,-0.043967,0.158561,0.05601,0.034929,0.000743,0.227249,-0.875653,0.426131,0.972372,0.228016,-0.050003,-0.053379,0.425722,0.903277,-0.00682,-0.001603,0.007578,0.084106,-0.31876,0.074456,0.02045,0.073878,0.021351,-0.058562,0.777873,0.474237,-0.412325,-0.611312,0.723097,-0.321602,0.145635,0.502225,0.852384,-0.000125,-0.000697,-0.000438,-0.00051,-0.000266,4.2e-05,-0.834271
275,0.128417,-0.029878,0.42488,0.638101,0.62691,-0.447053,-0.769232,0.54362,-0.335755,0.031739,0.557359,0.829681,-4.2e-05,-0.000237,-0.000149,0.066707,0.0501,-0.123802,-0.783701,-0.079744,-0.01294,0.425535,-0.044904,0.910117,0.4119,-0.998518,-0.053093,0.008736,0.029894,-0.412036,0.910602,-0.015846,0.008188,0.006155,0.044315,-0.216968,0.132825,0.159793,0.055912,0.03504,0.000942,0.227281,-0.882161,0.412474,0.972052,0.231081,-0.041406,-0.058788,0.410357,0.910027,-0.000832,0.001504,0.00888,-0.036601,-0.206842,-0.068204,0.021267,0.073885,0.021343,-0.058586,0.775218,0.478648,-0.412227,-0.615406,0.719482,-0.321899,0.142514,0.50323,0.852319,-2e-05,-0.000105,-6.7e-05,0.225398,0.169058,-0.416219,-0.813859
276,0.128415,-0.02988,0.424854,0.638091,0.626915,-0.44706,-0.769242,0.543583,-0.335792,0.031702,0.557389,0.829662,-0.000172,-0.000965,-0.000606,0.0,0.0,-0.0,-0.771609,-0.079876,-0.012771,0.425728,-0.046975,0.91371,0.403631,-0.998274,-0.056774,0.012626,0.034529,-0.403484,0.91426,-0.003432,0.012729,0.007736,0.20413,-0.553878,0.089082,0.163202,0.055841,0.035123,0.001037,0.22889,-0.884772,0.40594,0.971417,0.234554,-0.036509,-0.062913,0.402693,0.913169,-0.001588,0.005856,0.003563,0.210928,-0.57653,0.050352,0.024696,0.073884,0.021345,-0.058597,0.775135,0.478775,-0.412235,-0.615535,0.719356,-0.321935,0.14241,0.503289,0.852301,-0.00011,-0.000608,-0.000383,-0.000313,-0.000166,0.000223,-0.803899
277,0.12841,-0.029863,0.42478,0.638103,0.626888,-0.447081,-0.769237,0.543491,-0.335952,0.031581,0.557509,0.829586,-0.000211,-0.001187,-0.000746,0.0,0.0,0.0,-0.763758,-0.080104,-0.01227,0.426052,-0.068296,0.917058,0.39285,-0.996653,-0.080118,0.014052,0.044464,-0.391723,0.918934,-0.003686,0.013694,0.008278,0.017061,-0.546039,-0.39698,0.164109,0.055727,0.035375,0.0012,0.249471,-0.884504,0.394228,0.965838,0.256754,-0.035128,-0.070149,0.389524,0.91834,-0.001954,0.007253,0.004382,-0.430681,-0.613788,-1.466873,0.030084,0.073882,0.021354,-0.058634,0.775146,0.478738,-0.412258,-0.61554,0.719279,-0.322097,0.142328,0.503434,0.852229,-0.000134,-0.000758,-0.000477,-0.000117,-8e-05,0.000218,-0.790998
278,0.128384,-0.029864,0.424719,0.634322,0.630703,-0.447096,-0.772493,0.538808,-0.336024,0.028173,0.557747,0.829549,-0.000157,-0.000884,-0.000556,0.0,0.0,-0.0,-0.754892,-0.080252,-0.011802,0.426372,-0.07457,0.919465,0.386023,-0.996128,-0.086449,0.013782,0.046154,-0.384651,0.921833,-0.002978,0.011073,0.006661,0.021945,-0.056106,0.011643,0.174452,0.055652,0.035611,0.001362,0.257079,-0.886368,0.385046,0.963917,0.263674,-0.036594,-0.069091,0.38056,0.922171,-0.007933,0.004225,0.003115,0.0063,-0.012852,-0.011089,0.038739,0.073868,0.021352,-0.058665,0.772345,0.483329,-0.412158,-0.619793,0.715479,-0.322404,0.139064,0.50446,0.852161,-9.4e-05,-0.000539,-0.000338,-0.000156,-0.000117,0.00026,-0.78512
279,0.128371,-0.029864,0.424695,0.634295,0.630726,-0.447101,-0.772517,0.538757,-0.33605,0.028129,0.55777,0.829535,-1e-06,-8e-06,-5e-06,0.0,0.0,0.0,-0.733716,-0.080446,-0.011458,0.426575,-0.089994,0.920424,0.380412,-0.994669,-0.102093,0.012012,0.050023,-0.378455,0.924193,-0.002025,0.007539,0.004519,0.021922,-0.055662,0.011776,0.172435,0.055552,0.035795,0.00147,0.271959,-0.884681,0.378652,0.959637,0.278625,-0.038262,-0.071652,0.373774,0.924747,-0.000959,0.003555,0.002132,0.000559,-0.010805,0.024116,0.039882,0.073862,0.02135,-0.058678,0.772329,0.483349,-0.412163,-0.619819,0.715444,-0.322432,0.139033,0.504491,0.852148,6e-06,3.1e-05,2e-05,-6e-05,-8.6e-05,0.000184,-0.774506
280,0.128311,-0.029857,0.424701,0.630448,0.634579,-0.447091,-0.775777,0.534092,-0.335987,0.024787,0.557882,0.829566,-0.0,-0.0,-0.0,0.0,0.0,-0.0,-0.709137,-0.080495,-0.011359,0.42666,-0.095909,0.920875,0.377867,-0.994075,-0.107855,0.010839,0.050874,-0.37574,0.925254,-0.001546,0.00576,0.003448,0.018327,-0.047717,0.01441,0.169384,0.055528,0.035842,0.001511,0.277729,-0.884079,0.375858,0.957959,0.284185,-0.039406,-0.071975,0.371001,0.925838,-0.000635,0.002352,0.00141,0.001553,-0.004995,-0.004167,0.040045,0.073831,0.021355,-0.058675,0.769469,0.487998,-0.412037,-0.62408,0.711651,-0.322607,0.135795,0.505381,0.852143,-0.006723,0.000822,0.000637,-0.001425,0.014518,-0.029409,-0.764219
281,0.128095,-0.029827,0.424784,0.622537,0.64238,-0.447035,-0.782329,0.524656,-0.335663,0.018136,0.557898,0.829728,0.00029,0.001621,0.001019,0.0,0.0,-0.0,-0.620636,-0.080483,-0.01122,0.426775,-0.10859,0.924033,0.366554,-0.992725,-0.119837,0.008317,0.051765,-0.364141,0.92983,-0.00072,0.002679,0.001602,0.264004,-0.577352,-0.192748,0.155566,0.055533,0.035913,0.001569,0.289226,-0.88445,0.36619,0.954528,0.295347,-0.040567,-0.072273,0.361272,0.929654,0.005977,0.002971,0.001213,0.013118,-0.090647,0.208725,0.027635,0.073723,0.021367,-0.058634,0.76356,0.49743,-0.411749,-0.632655,0.70397,-0.322756,0.129311,0.50694,0.852226,-0.006556,0.001764,0.00123,-8.3e-05,0.005618,-0.001856,-0.715068
282,0.127816,-0.029778,0.424833,0.622094,0.642847,-0.446981,-0.782685,0.524312,-0.33537,0.017986,0.557683,0.829876,-0.013431,0.001706,0.001309,-0.000984,0.014715,-0.029553,-0.557303,-0.080243,-0.011136,0.426838,-0.113737,0.927093,0.357147,-0.992156,-0.12451,0.007566,0.051643,-0.354645,0.9335,-8e-06,2.8e-05,1.7e-05,0.049275,-0.106982,-0.035712,0.156191,0.055653,0.035955,0.001601,0.295354,-0.88734,0.354108,0.952937,0.300139,-0.042722,-0.068373,0.350061,0.934227,0.006407,0.001373,0.000254,0.034286,-0.08588,0.000681,0.023553,0.07359,0.021395,-0.058608,0.763257,0.497949,-0.411684,-0.633058,0.703731,-0.322489,0.129132,0.506762,0.852359,4e-06,2e-05,1.6e-05,-0.000169,-0.000142,0.000338,-0.653998
283,0.127694,-0.029764,0.424832,0.621883,0.643063,-0.446964,-0.782854,0.524127,-0.335262,0.017892,0.557607,0.829928,-0.000225,-0.001251,-0.000786,0.0,0.0,0.0,-0.552372,-0.080127,-0.011116,0.426852,-0.118597,0.92906,0.350391,-0.991522,-0.129442,0.007943,0.052901,-0.347642,0.93606,-0.0,0.0,0.0,0.066882,-0.196137,0.144132,0.155118,0.055712,0.035963,0.001607,0.300234,-0.888403,0.347273,0.951413,0.304999,-0.042285,-0.068352,0.343096,0.936809,0.006393,0.001428,0.000288,0.060144,-0.134284,-0.015226,0.022246,0.073524,0.021406,-0.058606,0.763093,0.498222,-0.411658,-0.633279,0.703581,-0.322381,0.129018,0.506702,0.852412,-0.00686,5.2e-05,0.000151,-0.002614,0.023359,-0.056694,-0.638812
284,0.127453,-0.029747,0.424883,0.617014,0.64597,-0.449512,-0.786727,0.518953,-0.334245,0.01659,0.55908,0.828964,2.3e-05,0.000128,8.1e-05,-0.000218,-0.001367,-0.000425,-0.55185,-0.079953,-0.011088,0.426877,-0.127862,0.932895,0.336675,-0.990249,-0.138788,0.008833,0.055144,-0.333431,0.941088,0.001541,-0.008796,0.01056,0.201158,-0.504032,-0.191941,0.153553,0.055799,0.035978,0.001614,0.308429,-0.890275,0.335085,0.948718,0.313557,-0.040172,-0.069304,0.330292,0.94133,6e-06,-2.7e-05,-2e-05,0.258831,-0.596425,0.003876,0.020777,0.073403,0.02141,-0.058583,0.759038,0.502245,-0.414256,-0.638296,0.699394,-0.321597,0.128208,0.508523,0.851449,1.1e-05,6.1e-05,4.2e-05,0.000927,0.011007,0.005127,-0.629341
285,0.127167,-0.029708,0.424974,0.616539,0.646471,-0.449443,-0.787101,0.518642,-0.333846,0.016505,0.558788,0.829162,-0.013169,0.003146,0.002211,-0.000984,0.014714,-0.029553,-0.552207,-0.079807,-0.011089,0.426993,-0.126302,0.936239,0.327866,-0.990695,-0.135714,0.006249,0.050523,-0.325199,0.944222,-0.000587,0.002169,0.001296,0.077738,-0.215685,0.137631,0.152466,0.055874,0.035969,0.001673,0.307948,-0.894339,0.324538,0.949404,0.310969,-0.043924,-0.061639,0.321644,0.944852,0.006752,-0.001451,0.006478,0.041809,-0.174001,-0.049497,0.018981,0.07326,0.021428,-0.058539,0.758741,0.502858,-0.414059,-0.638699,0.699188,-0.321246,0.127965,0.508202,0.851677,-0.006574,0.001649,0.001159,-0.001053,0.0149,-0.029302,-0.628035
286,0.127018,-0.029695,0.425021,0.617146,0.645734,-0.44967,-0.78666,0.517723,-0.336303,0.014869,0.560488,0.828045,-0.01332,0.002308,0.001684,-0.000984,0.014715,-0.029553,-0.550705,-0.079836,-0.011086,0.427128,-0.127285,0.938843,0.319942,-0.990785,-0.135167,0.002825,0.046075,-0.317811,0.946962,-0.001119,0.004136,0.002469,0.238207,-0.498981,-0.166356,0.156033,0.05586,0.03597,0.001734,0.308183,-0.896358,0.318691,0.94959,0.310075,-0.046154,-0.057448,0.31685,0.946733,-0.000591,0.002175,0.001296,0.317656,-0.667014,-0.224171,0.01947,0.073191,0.021436,-0.058515,0.759184,0.501978,-0.414313,-0.638406,0.698292,-0.323766,0.126789,0.510299,0.850599,7e-05,0.000404,0.000258,-0.002392,0.000659,-0.000741,-0.627708
287,0.126728,-0.029711,0.425138,0.617656,0.64513,-0.449836,-0.786289,0.516822,-0.338549,0.013302,0.562012,0.827038,-0.013438,0.001661,0.001276,-0.000984,0.014714,-0.029553,-0.543148,-0.079941,-0.011039,0.427364,-0.127341,0.942498,0.308987,-0.991037,-0.133331,-0.001358,0.040095,-0.307572,0.950607,-0.001006,0.003721,0.002218,0.113294,-0.234807,-0.078188,0.161701,0.055806,0.035997,0.00186,0.30895,-0.900578,0.305789,0.949864,0.308409,-0.051389,-0.048029,0.306335,0.95071,-0.000589,0.002165,0.001291,0.139739,-0.348933,0.124123,0.025675,0.073046,0.021429,-0.058456,0.759548,0.501273,-0.4145,-0.638201,0.697414,-0.326054,0.125636,0.512189,0.849633,-4.2e-05,-0.004464,0.005293,-0.039417,0.012302,-0.020088,-0.624116
