frame,MLTx,MLTy,MLTz,MLTR1,MLTR2,MLTR3,MLTR4,MLTR5,MLTR6,MLTR7,MLTR8,MLTR9,MLTTVx,MLTTVy,MLTTVz,MLTRVx,MLTRVy,MLTRVz,MLGA,MRTx,MRTy,MRTz,MRTR1,MRTR2,MRTR3,MRTR4,MRTR5,MRTR6,MRTR7,MRTR8,MRTR9,MRTTVx,MRTTVy,MRTTVz,MRTRVx,MRTRVy,MRTRVz,MRGA,SLTx,SLTy,SLTz,SLTR1,SLTR2,SLTR3,SLTR4,SLTR5,SLTR6,SLTR7,SLTR8,SLTR9,SLTTVx,SLTTVy,SLTTVz,SLTRVx,SLTRVy,SLTRVz,SLGA,SRTx,SRTy,SRTz,SRTR1,SRTR2,SRTR3,SRTR4,SRTR5,SRTR6,SRTR7,SRTR8,SRTR9,SRTTVx,SRTTVy,SRTTVz,SRTRVx,SRTRVy,SRTRVz,SRGA
5,0.078663,0.003754,0.414253,-0.55366,0.234117,-0.799183,-0.241379,-0.963564,-0.115115,-0.796331,0.128874,0.590995,0.000118,0.000352,0.000208,-0.0,-0.0,-0.0,0.521993,-0.107765,-0.035624,0.388308,0.530526,0.403336,0.745556,-0.359415,0.903603,-0.232929,-0.768276,-0.144911,0.623391,0.001316,-0.008916,0.010437,-0.052703,-1.34772,-0.980249,0.398401,0.025319,0.026476,-0.015284,-0.563802,-0.358476,0.744057,0.300103,-0.928235,-0.219811,0.769457,0.099364,0.630921,-6.3e-05,0.000365,0.000291,-1.665885,-2.199432,0.713538,0.358952,0.08553,0.032888,-0.05553,-0.583961,0.191229,-0.788935,-0.165094,-0.979523,-0.115224,-0.794815,0.062962,0.603575,9.2e-05,0.000279,0.000165,0.000102,1.8e-05,-8.4e-05,0.520715
6,0.078611,0.00373,0.414286,-0.552556,0.236982,-0.799104,-0.246928,-0.96221,-0.114676,-0.795399,0.133655,0.591189,-0.000156,-0.000467,-0.000276,-0.0,-0.0,0.0,0.522234,-0.107553,-0.03562,0.38851,0.553924,0.437903,0.708096,-0.384484,0.888933,-0.248803,-0.739073,-0.135,0.659855,0.013548,0.005099,0.002447,0.063165,-0.850363,-0.922476,0.40154,0.025421,0.026471,-0.015181,-0.591073,-0.392851,0.704485,0.326914,-0.915107,-0.236017,0.7374,0.090803,0.669324,0.000372,-0.002891,0.006464,0.040094,-1.00911,-1.254801,0.358462,0.085504,0.032877,-0.055512,-0.583086,0.194185,-0.788861,-0.170741,-0.978617,-0.114692,-0.794265,0.067816,0.603773,-0.000104,-0.000311,-0.000182,0.000225,7.8e-05,-0.000158,0.521041
7,0.078581,0.003736,0.414278,-0.55291,0.236412,-0.799027,-0.246588,-0.962357,-0.11417,-0.795258,0.133604,0.591389,-1e-06,-4e-06,-3e-06,-0.0,-0.0,-0.0,0.522155,-0.107133,-0.035561,0.388732,0.575089,0.461516,0.675475,-0.392571,0.880098,-0.266925,-0.718373,-0.112262,0.686441,0.013512,0.005264,0.002574,0.358645,-0.913085,-0.327928,0.404758,0.02563,0.026502,-0.015069,-0.612723,-0.415428,0.672301,0.336094,-0.906907,-0.254087,0.71527,0.070271,0.695305,0.007416,-0.00179,0.006514,1.094128,-1.454779,0.222941,0.361074,0.085489,0.032879,-0.055516,-0.583394,0.193582,-0.788781,-0.170373,-0.97874,-0.114192,-0.794118,0.067768,0.603972,3e-06,9e-06,6e-06,0.000147,9e-06,-0.000113,0.521368
8,0.078562,0.003734,0.414289,-0.553108,0.236111,-0.798979,-0.246438,-0.96243,-0.113878,-0.795167,0.133612,0.591511,-0.0,-0.0,-0.0,0.0,0.0,0.0,0.5226,-0.106813,-0.035481,0.388836,0.590782,0.457929,0.664282,-0.378953,0.884364,-0.272449,-0.712947,-0.091367,0.695141,0.014892,-0.003998,0.012731,-0.104817,-0.593639,-0.341568,0.409037,0.02579,0.026546,-0.01502,-0.628465,-0.411021,0.660372,0.321918,-0.910304,-0.260217,0.708095,0.049048,0.70441,0.01369,0.004203,0.001724,-0.314164,-1.086599,0.500897,0.364014,0.085479,0.032878,-0.055511,-0.583499,0.193396,-0.788749,-0.170284,-0.978776,-0.114017,-0.79406,0.067783,0.604048,-0.0,8e-06,5e-06,0.000108,-5e-06,-0.000113,0.521368
9,0.078543,0.003717,0.414326,-0.553412,0.235672,-0.798899,-0.246271,-0.962528,-0.113412,-0.795007,0.133682,0.591709,0.000133,0.000397,0.000234,0.0,0.0,0.0,0.521894,-0.106181,-0.035319,0.38889,0.626349,0.432772,0.648372,-0.337953,0.900279,-0.274263,-0.703174,-0.047898,0.709306,0.013967,0.002669,0.000496,-1.758179,-1.285859,1.869296,0.408284,0.026106,0.026628,-0.014986,-0.660517,-0.385418,0.644336,0.2799,-0.922726,-0.265012,0.696686,0.005305,0.717355,0.007,0.001264,0.000178,1.115706,-1.022503,1.005673,0.368912,0.08547,0.03287,-0.055493,-0.583834,0.192799,-0.788647,-0.170022,-0.978888,-0.113439,-0.793869,0.067858,0.604289,7.1e-05,0.000223,0.000133,7.5e-05,-2e-06,-6.3e-05,0.521368
10,0.078488,0.003707,0.414321,-0.553751,0.235141,-0.79882,-0.245971,-0.962662,-0.112926,-0.794863,0.133655,0.591909,-0.00019,-0.000568,-0.000336,0.0,0.0,0.0,0.522377,-0.105778,-0.035329,0.388836,0.647744,0.411194,0.641357,-0.311694,0.911207,-0.269226,-0.695905,-0.026054,0.717565,0.014694,-0.00132,-0.00269,0.0126,-0.109656,0.206914,0.394233,0.026306,0.026628,-0.015009,-0.681992,-0.360922,0.636099,0.253061,-0.932477,-0.257769,0.686183,-0.014824,0.727277,0.000424,-0.002354,-0.001879,0.001788,0.046117,-0.013137,0.359768,0.085443,0.032866,-0.055495,-0.584129,0.19224,-0.788565,-0.169701,-0.979,-0.112959,-0.793721,0.067838,0.604486,-0.000123,-0.000367,-0.000216,4.5e-05,1.2e-05,-4.4e-05,0.521531
11,0.078434,0.003697,0.414315,-0.553856,0.234987,-0.798792,-0.245882,-0.962701,-0.112785,-0.794817,0.133643,0.591973,-0.000154,-0.000459,-0.000271,0.0,0.0,0.0,0.522373,-0.105225,-0.035438,0.388635,0.658528,0.394047,0.641138,-0.292791,0.918998,-0.26391,-0.694005,-0.014442,0.71973,0.015101,-0.003463,-0.004416,0.010545,-0.085325,0.215158,0.372869,0.026588,0.02657,-0.015113,-0.691306,-0.342766,0.636087,0.233366,-0.939059,-0.252403,0.683839,-0.026046,0.729167,0.007583,-0.001908,-0.002353,0.009824,-0.083175,0.214404,0.333968,0.085415,0.03286,-0.055498,-0.584221,0.192076,-0.788537,-0.169605,-0.979033,-0.112819,-0.793674,0.067828,0.604549,-0.006398,0.001257,0.00081,-0.000949,0.014718,-0.029576,0.521368
12,0.078419,0.003677,0.414316,-0.553906,0.23492,-0.798777,-0.245864,-0.962715,-0.112708,-0.794788,0.133662,0.592008,-0.000145,-0.000432,-0.000255,0.0,0.0,0.0,0.522422,-0.104852,-0.035522,0.38854,0.662236,0.387945,0.64104,-0.28569,0.921648,-0.262448,-0.693441,-0.009843,0.720351,0.015325,-0.004613,-0.005348,0.000817,-0.005046,0.002307,0.361058,0.026769,0.02653,-0.015158,-0.694576,-0.336441,0.635902,0.226096,-0.941207,-0.251014,0.682967,-0.030573,0.729808,0.014659,-0.000993,-0.002456,0.01038,-0.089674,0.216618,0.322538,0.085408,0.03285,-0.055498,-0.584266,0.192006,-0.788521,-0.169584,-0.979045,-0.112743,-0.793646,0.067849,0.604584,-0.000103,-0.000303,-0.000178,2.5e-05,-3e-06,-2.6e-05,0.521205
13,0.078418,0.003618,0.414339,-0.554069,0.234709,-0.798726,-0.245845,-0.962751,-0.112435,-0.79468,0.133768,0.592129,-7.9e-05,-0.000234,-0.000139,0.0,0.0,0.0,0.5223,-0.103962,-0.035636,0.388361,0.669872,0.375027,0.640794,-0.270927,0.927025,-0.259145,-0.69204,-0.000506,0.721764,0.029188,-0.001081,-0.0042,0.011298,-0.090367,0.217466,0.330744,0.02721,0.026467,-0.015252,-0.701231,-0.323217,0.635456,0.211104,-0.945489,-0.247957,0.680962,-0.039728,0.731239,0.007526,-0.001483,-0.002035,0.001199,-0.014817,0.028481,0.286614,0.085407,0.03282,-0.055486,-0.584411,0.191781,-0.788468,-0.169556,-0.979081,-0.11247,-0.793545,0.067961,0.604704,-4.9e-05,-0.000146,-8.5e-05,1.4e-05,-3e-06,-1.4e-05,0.521531
14,0.0784,0.003584,0.414342,-0.554222,0.234489,-0.798685,-0.24576,-0.9628,-0.1122,-0.7946,0.133803,0.592229,-0.000164,-0.000488,-0.000289,0.0,0.0,0.0,0.522225,-0.102995,-0.035623,0.388232,0.674458,0.367505,0.640341,-0.266778,0.930031,-0.252594,-0.689195,-0.000947,0.724481,0.028679,0.001765,-0.001935,0.01247,-0.100545,0.244401,0.319254,0.027704,0.02647,-0.01532,-0.705367,-0.315266,0.634872,0.206598,-0.948199,-0.24132,0.678065,-0.039056,0.733962,0.014328,0.000959,-0.000922,0.013686,-0.099776,0.242565,0.260977,0.085399,0.032803,-0.055484,-0.584544,0.191549,-0.788426,-0.169464,-0.979124,-0.112238,-0.793466,0.068001,0.604802,-9.8e-05,-0.000294,-0.000175,7e-06,-1e-06,-1.6e-05,0.521205
15,0.078386,0.003572,0.414335,-0.554259,0.234432,-0.798676,-0.245728,-0.962814,-0.112149,-0.794584,0.133799,0.59225,-0.000238,-0.000709,-0.00042,0.0,0.0,0.0,0.521826,-0.102475,-0.035552,0.388187,0.678226,0.361434,0.639817,-0.265312,0.932401,-0.245297,-0.686058,-0.003859,0.727443,0.028316,0.003707,-0.000382,0.012305,-0.100615,0.2445,0.313274,0.027955,0.026502,-0.015344,-0.708638,-0.309108,0.634258,0.205038,-0.950351,-0.234075,0.675123,-0.035828,0.736834,0.014158,0.001883,-0.000184,0.010018,-0.027933,0.053261,0.253139,0.085392,0.032798,-0.055488,-0.584576,0.191489,-0.788416,-0.169429,-0.979135,-0.112187,-0.79345,0.067999,0.604823,-0.000148,-0.000441,-0.000259,6e-06,2e-06,-9e-06,0.521041
16,0.078385,0.003557,0.41435,-0.554363,0.234286,-0.798647,-0.245686,-0.962844,-0.111983,-0.794524,0.133839,0.592322,-0.0,-0.0,-0.0,0.0,0.0,0.0,0.522225,-0.101614,-0.03537,0.388083,0.688203,0.348868,0.636128,-0.263247,0.937128,-0.228966,-0.676858,-0.010342,0.735948,0.028305,0.00379,-0.00033,0.03156,-0.345898,0.152161,0.288352,0.028384,0.026597,-0.015393,-0.717281,-0.295668,0.630941,0.20231,-0.954869,-0.217471,0.666766,-0.028342,0.744727,0.006429,0.005254,-0.005436,0.084006,-0.476195,0.085663,0.233218,0.085391,0.03279,-0.055481,-0.584668,0.191335,-0.788386,-0.169381,-0.979162,-0.112022,-0.793392,0.068042,0.604894,4e-06,1.6e-05,1e-05,-2e-06,2e-06,-7e-06,0.521041
17,0.078381,0.003529,0.414369,-0.554492,0.234112,-0.798609,-0.245647,-0.962879,-0.111775,-0.794446,0.133899,0.592412,-0.0,-1e-06,-1e-06,0.0,0.0,0.0,0.522269,-0.100882,-0.035187,0.387903,0.696095,0.338831,0.632959,-0.256517,0.940818,-0.221347,-0.671354,-0.008731,0.740993,0.014522,2.7e-05,-0.001678,0.01308,-0.116267,0.172497,0.237784,0.02875,0.026689,-0.015476,-0.724908,-0.285856,0.626733,0.195712,-0.957805,-0.21049,0.660457,-0.029927,0.750266,0.014191,0.001728,-0.000319,0.023274,-0.195853,0.419493,0.176393,0.085389,0.032775,-0.055471,-0.584781,0.191151,-0.788346,-0.169336,-0.979194,-0.111815,-0.793318,0.068108,0.604983,-0.000372,-0.004734,0.005026,-0.034935,0.016832,-0.016373,0.521368
18,0.078374,0.003493,0.414383,-0.554553,0.234045,-0.798586,-0.245669,-0.962886,-0.111666,-0.794397,0.133965,0.592464,-5.4e-05,-0.000163,-9.6e-05,0.0,0.0,0.0,0.522113,-0.100057,-0.034971,0.387697,0.714255,0.332424,0.615893,-0.249527,0.943131,-0.219485,-0.654709,0.002648,0.755786,0.014355,0.00091,-0.000975,0.09518,-0.834397,0.14031,0.199825,0.029173,0.026798,-0.015585,-0.741981,-0.277609,0.610242,0.187966,-0.959872,-0.208118,0.643531,-0.039714,0.764388,0.00718,0.000471,-0.000492,0.11123,-0.968378,0.089937,0.12218,0.085385,0.032758,-0.055464,-0.584837,0.191079,-0.788322,-0.169355,-0.979203,-0.111705,-0.793273,0.068177,0.605035,-3.2e-05,-8.7e-05,-5e-05,-0.0,8e-06,0.0,0.521205
19,0.07838,0.003469,0.414392,-0.554654,0.233901,-0.798558,-0.245628,-0.962915,-0.111502,-0.794339,0.134005,0.592533,-2.7e-05,-8e-05,-4.8e-05,0.0,0.0,0.0,0.521931,-0.099651,-0.034861,0.387617,0.727023,0.331333,0.601371,-0.247176,0.943445,-0.22079,-0.641411,0.011438,0.767022,0.026787,0.013492,-0.010161,0.156288,-0.998378,0.135197,0.181928,0.029366,0.026848,-0.015622,-0.754296,-0.27611,0.59565,0.185878,-0.959957,-0.209597,0.629671,-0.04738,0.775415,0.007127,0.000737,-0.000277,0.148646,-1.221725,-0.220655,0.09589,0.085388,0.032745,-0.05546,-0.584926,0.190927,-0.788293,-0.16931,-0.97923,-0.111542,-0.793218,0.068222,0.605103,-1.2e-05,-3e-05,-1.7e-05,-0.010507,0.073791,-0.184396,0.521041
20,0.078384,0.003445,0.414389,-0.556659,0.235142,-0.796795,-0.245827,-0.962755,-0.112445,-0.792872,0.132981,0.594724,-8.5e-05,-0.000255,-0.000151,0.00853,0.056106,0.021953,0.521939,-0.098878,-0.034612,0.387535,0.757409,0.332237,0.562088,-0.24458,0.942563,-0.227354,-0.606273,0.034286,0.79443,0.013815,0.003603,0.001192,0.181726,-1.332938,-0.053405,0.16918,0.029758,0.026975,-0.015669,-0.784084,-0.275229,0.556291,0.183324,-0.959009,-0.216084,0.592961,-0.067447,0.8024,0.01388,0.003306,0.000934,0.20222,-1.491233,-0.081238,0.059967,0.08539,0.032734,-0.055461,-0.587214,0.192132,-0.786297,-0.169567,-0.979064,-0.112601,-0.79147,0.067209,0.6075,-4.2e-05,-0.000121,-7.2e-05,0.004141,0.027976,0.011071,0.521204
21,0.07837,0.003408,0.414356,-0.556636,0.235169,-0.796804,-0.245822,-0.962752,-0.112485,-0.79289,0.13296,0.594705,-0.000614,-0.001831,-0.001084,2e-06,1e-05,4e-06,0.521907,-0.098362,-0.034258,0.387368,0.783479,0.352741,0.511592,-0.265179,0.934354,-0.237901,-0.562895,0.050262,0.824916,0.013671,0.004274,0.00173,-0.023182,-1.389061,-0.533412,0.149771,0.030016,0.027152,-0.015751,-0.811255,-0.294151,0.505311,0.204202,-0.952353,-0.226546,0.547874,-0.080601,0.832668,-0.000953,0.005699,-0.004219,-0.572486,-1.252367,-1.541705,0.036942,0.085384,0.032719,-0.055476,-0.586983,0.192033,-0.786493,-0.169535,-0.979078,-0.112526,-0.791648,0.067287,0.607259,-0.000361,-0.001079,-0.000639,-0.001744,0.009264,-0.027281,0.521368
22,0.078356,0.003372,0.414322,-0.556691,0.23507,-0.796795,-0.245747,-0.962779,-0.112411,-0.792875,0.132933,0.594732,-0.001007,-0.003005,-0.00178,-0.001524,0.010693,-0.026718,0.52181,-0.098305,-0.034074,0.387216,0.796777,0.362883,0.483171,-0.275247,0.929808,-0.244191,-0.538856,0.061096,0.840098,-0.00159,0.009909,-0.009625,0.266135,-1.537269,-0.18992,0.125784,0.030049,0.027245,-0.015821,-0.824787,-0.304094,0.476709,0.215161,-0.948438,-0.232745,0.522906,-0.089395,0.847689,-0.000795,0.004991,-0.004792,0.246208,-1.732279,-0.153076,0.016531,0.085378,0.032702,-0.055491,-0.587012,0.191943,-0.786494,-0.169465,-0.979097,-0.112465,-0.791642,0.067265,0.60727,-0.000322,-0.000965,-0.000572,-2.7e-05,-0.000215,-8.1e-05,0.521368
23,0.07831,0.003234,0.414241,-0.556983,0.234598,-0.79673,-0.245481,-0.962897,-0.111979,-0.792751,0.132913,0.5949,-0.001524,-0.004545,-0.002696,-0.012044,0.084486,-0.211109,0.522291,-0.098514,-0.033641,0.386723,0.820186,0.383174,0.42481,-0.296824,0.919848,-0.25634,-0.490001,0.083649,0.86762,-0.016975,0.016206,-0.020442,0.277173,-1.464772,0.146437,0.089962,0.029951,0.027459,-0.016064,-0.849099,-0.323791,0.41736,0.237947,-0.939856,-0.245054,0.471605,-0.108765,0.875076,-0.007731,0.003374,-0.005228,0.139135,-1.597675,-0.482639,-0.035395,0.085355,0.032634,-0.055532,-0.587195,0.19158,-0.786446,-0.169259,-0.979169,-0.112151,-0.79155,0.067258,0.60739,-0.00064,-0.001913,-0.001134,0.0,-1.1e-05,-8e-06,0.521205
24,0.078255,0.003067,0.414153,-0.557244,0.234186,-0.796668,-0.24527,-0.962997,-0.111588,-0.792633,0.132919,0.595056,-0.001406,-0.004192,-0.002491,0.0,0.0,0.0,0.521891,-0.098945,-0.032689,0.385715,0.823213,0.431137,0.369366,-0.351635,0.89804,-0.264218,-0.446642,0.087061,0.89039,-0.004845,0.030156,-0.028506,-1.667334,0.055801,-4.353976,0.05509,0.029731,0.027927,-0.016567,-0.856724,-0.367328,0.362067,0.289213,-0.923375,-0.252455,0.427058,-0.111569,0.897314,-0.009266,0.013152,-0.014945,0.380554,-1.506247,0.140828,-0.082423,0.085327,0.032547,-0.055577,-0.587499,0.190998,-0.786361,-0.168947,-0.979282,-0.111634,-0.791391,0.067269,0.607596,-0.000833,-0.00249,-0.001477,-0.001528,0.010693,-0.026725,0.520878
25,0.078181,0.002911,0.414049,-0.557519,0.233737,-0.796608,-0.244996,-0.963112,-0.111194,-0.792524,0.132876,0.595211,-0.001237,-0.003686,-0.002194,0.0,0.0,0.0,0.522375,-0.09929,-0.031369,0.384196,0.822593,0.469656,0.320554,-0.395356,0.877623,-0.270935,-0.409593,0.095523,0.907178,-0.006886,0.044422,-0.052183,-0.022609,-0.969193,-0.906241,0.026186,0.029555,0.028606,-0.017332,-0.856296,-0.410199,0.313836,0.338645,-0.904705,-0.258508,0.389969,-0.11508,0.913608,-0.003382,0.022006,-0.026246,-0.013761,-1.018391,-0.939251,-0.123409,0.085289,0.032467,-0.055631,-0.587735,0.190528,-0.786298,-0.168659,-0.979376,-0.111245,-0.791277,0.067234,0.607749,-0.000745,-0.002227,-0.001324,-5e-06,0.0,-5e-06,0.521205
26,0.078129,0.002821,0.413984,-0.557692,0.233452,-0.79657,-0.244815,-0.963186,-0.11095,-0.792458,0.132839,0.595307,-0.001755,-0.005226,-0.003114,-0.001524,0.010693,-0.026718,0.521934,-0.099492,-0.030594,0.383168,0.819101,0.488732,0.300343,-0.415984,0.866638,-0.275372,-0.395889,0.099982,0.912764,-0.020362,0.039419,-0.054488,-1.10502,0.062884,-4.493586,0.019248,0.029463,0.028965,-0.017803,-0.854798,-0.42607,0.296281,0.356229,-0.896901,-0.262044,0.377385,-0.118451,0.918449,-0.003049,0.020457,-0.027493,0.449712,-1.146908,0.644524,-0.139248,0.085265,0.032427,-0.05566,-0.587875,0.190249,-0.786261,-0.16848,-0.979432,-0.111021,-0.791212,0.067203,0.607837,-0.000876,-0.002612,-0.001556,-0.001532,0.010687,-0.026732,0.521205
27,0.078049,0.002651,0.413871,-0.557989,0.232967,-0.796505,-0.244521,-0.96331,-0.110523,-0.79234,0.132795,0.595475,-0.001568,-0.004666,-0.002785,-0.001524,0.010694,-0.026718,0.522409,-0.100222,-0.029167,0.380701,0.808781,0.515862,0.282403,-0.441067,0.849753,-0.288642,-0.389876,0.108217,0.914412,-0.019702,0.038298,-0.073,0.27719,-0.425153,0.567219,-0.023221,0.029093,0.029705,-0.019043,-0.844775,-0.458761,0.275486,0.387509,-0.879486,-0.276296,0.369041,-0.126654,0.920742,-0.017473,0.022275,-0.041889,0.192757,-0.242821,0.264349,-0.175009,0.085223,0.032337,-0.05572,-0.58814,0.189722,-0.78619,-0.168159,-0.979537,-0.110583,-0.791083,0.067167,0.608009,-0.000762,-0.002275,-0.001355,-0.001525,0.010699,-0.026721,0.521531
28,0.077964,0.002484,0.413784,-0.558304,0.232478,-0.796427,-0.244263,-0.963428,-0.110061,-0.792198,0.132794,0.595664,-0.001265,-0.003763,-0.00225,0.0,0.0,0.0,0.521577,-0.101175,-0.027853,0.377589,0.796252,0.534122,0.284058,-0.45338,0.837809,-0.304066,-0.401382,0.112632,0.908884,-0.017761,0.028535,-0.081022,0.981553,0.144967,0.454868,-0.086685,0.028608,0.030378,-0.020624,-0.833605,-0.47708,0.27838,0.400163,-0.869012,-0.291009,0.38075,-0.131189,0.915323,-0.008711,0.013672,-0.040974,1.05275,0.188186,0.451626,-0.224486,0.08518,0.032252,-0.055764,-0.588413,0.189209,-0.78611,-0.167885,-0.979635,-0.110125,-0.790938,0.067177,0.608196,-0.000631,-0.001879,-0.001123,-7e-06,1.2e-05,-5e-06,0.520878
29,0.077909,0.002404,0.413748,-0.558483,0.232207,-0.79638,-0.244128,-0.963492,-0.109798,-0.792113,0.132803,0.595775,-0.001421,-0.004224,-0.002528,-0.001525,0.010693,-0.026718,0.5214,-0.101664,-0.027452,0.375982,0.787204,0.54675,0.285247,-0.464651,0.830052,-0.308297,-0.406307,0.109441,0.907083,-0.029163,0.010847,-0.076213,-1.388996,1.611071,-4.700515,-0.140685,0.028364,0.030579,-0.021427,-0.826271,-0.488798,0.279914,0.41036,-0.862786,-0.295303,0.38585,-0.129135,0.913478,-0.014473,0.004991,-0.038541,-1.387068,1.598461,-4.696794,-0.265798,0.085153,0.032215,-0.055781,-0.58856,0.188944,-0.786064,-0.167752,-0.979685,-0.109881,-0.790858,0.067192,0.608299,-0.000537,-0.001605,-0.000958,-8e-06,-1.3e-05,-1e-05,0.520225
30,0.077757,0.002285,0.413689,-0.558865,0.231632,-0.79628,-0.243817,-0.963633,-0.109258,-0.791938,0.132791,0.596009,-0.001097,-0.003256,-0.001951,0.0,0.0,0.0,0.52232,-0.102744,-0.027106,0.372537,0.782524,0.547926,0.295679,-0.458519,0.828488,-0.321406,-0.422042,0.115221,0.899148,-0.041188,-0.002588,-0.086024,0.07831,0.318386,-0.007397,-0.203243,0.027839,0.030753,-0.023117,-0.821127,-0.491617,0.289934,0.406015,-0.86017,-0.30864,0.401126,-0.135715,0.905913,-0.014179,0.004264,-0.048122,0.084483,0.337222,0.281519,-0.343035,0.085077,0.032154,-0.055811,-0.588902,0.18832,-0.785957,-0.167411,-0.979806,-0.10933,-0.790675,0.067193,0.608537,-0.000622,-0.00185,-0.001107,-0.001529,0.010682,-0.026719,0.520388
31,0.077531,0.002187,0.413715,-0.559308,0.231051,-0.796138,-0.243615,-0.963756,-0.108617,-0.791688,0.132907,0.596316,-0.000659,-0.001951,-0.00117,0.0,0.0,0.0,0.521661,-0.104025,-0.026868,0.368983,0.76761,0.552594,0.324664,-0.448818,0.825155,-0.342951,-0.45836,0.11682,0.880978,-0.029578,0.013476,-0.09266,0.209888,0.765181,-0.045656,-0.197367,0.027187,0.030852,-0.024942,-0.80676,-0.496852,0.319805,0.396608,-0.856538,-0.330217,0.437994,-0.139569,0.888076,-0.014742,0.006752,-0.046282,0.20114,0.795157,-0.029415,-0.371937,0.084964,0.032104,-0.055799,-0.589295,0.187706,-0.78581,-0.167189,-0.979914,-0.108692,-0.790429,0.067327,0.608841,-0.000384,-0.001135,-0.000676,-1.1e-05,7e-06,-1e-06,0.520061
32,0.077326,0.002081,0.413818,-0.558367,0.232431,-0.796397,-0.243393,-0.963582,-0.110644,-0.792421,0.131761,0.595597,-0.000431,-0.001274,-0.000765,3e-06,-2e-06,4e-06,0.521976,-0.104897,-0.027057,0.366295,0.740832,0.563949,0.364858,-0.443452,0.818701,-0.36471,-0.505301,0.10766,0.856121,-0.010043,-0.020605,-0.052043,0.57014,1.113233,-0.363714,-0.185267,0.026755,0.030763,-0.026269,-0.781692,-0.508994,0.360389,0.391829,-0.850387,-0.351156,0.485207,-0.133285,0.86418,-0.012015,-0.011685,-0.02629,2.21691,2.066945,-0.737417,-0.362466,0.084861,0.032051,-0.055747,-0.588454,0.189185,-0.786085,-0.167011,-0.979713,-0.110763,-0.791093,0.066106,0.608112,-0.000212,-0.00062,-0.000369,-0.002897,0.001785,-0.003396,0.520225
33,0.077236,0.002045,0.413892,-0.558598,0.23217,-0.79631,-0.243398,-0.963622,-0.110278,-0.792256,0.131923,0.59578,-5e-06,-1.6e-05,-1e-05,0.0,-0.0,0.0,0.521822,-0.104987,-0.027634,0.365321,0.732223,0.56536,0.379748,-0.435834,0.817498,-0.376403,-0.524149,0.10937,0.844493,0.006256,-0.031582,-0.045537,-0.153299,0.86837,-0.198824,-0.139945,0.026701,0.030498,-0.026735,-0.773964,-0.510945,0.374052,0.38416,-0.848449,-0.364079,0.503389,-0.138088,0.852954,0.003856,-0.020378,-0.017665,0.745549,0.697946,-0.859605,-0.350709,0.08482,0.03203,-0.055712,-0.588665,0.188903,-0.785995,-0.167022,-0.979755,-0.11038,-0.790933,0.066301,0.608298,-0.000356,-0.004679,0.00506,-0.035351,0.017122,-0.016837,0.520061
34,0.077087,0.001952,0.414074,-0.559048,0.231705,-0.79613,-0.243519,-0.963677,-0.109533,-0.7919,0.132344,0.596159,6.4e-05,0.000188,0.000113,0.0,0.0,0.0,0.521977,-0.104696,-0.029113,0.364012,0.727265,0.569064,0.383723,-0.432119,0.814058,-0.387964,-0.534045,0.115599,0.837434,0.006698,-0.035638,-0.031387,-0.020239,0.272683,-0.611555,-0.016768,0.026852,0.029735,-0.027422,-0.768595,-0.514986,0.37954,0.380926,-0.845048,-0.375217,0.513961,-0.143814,0.845671,0.004115,-0.022656,-0.010817,0.0007,0.133508,-0.372597,-0.252245,0.084742,0.031987,-0.055619,-0.589088,0.188377,-0.785804,-0.167115,-0.979825,-0.109609,-0.790599,0.066749,0.608684,-0.006667,-0.003054,0.00609,-0.035923,0.031602,-0.04591,0.520062
35,0.07695,0.001791,0.414308,-0.559586,0.23118,-0.795905,-0.243765,-0.96372,-0.108604,-0.791445,0.132946,0.59663,0.0,1e-06,0.0,0.0,0.0,0.0,0.521908,-0.104228,-0.030325,0.363112,0.732859,0.564455,0.379867,-0.43269,0.817592,-0.379811,-0.525866,0.11325,0.842913,0.020761,-0.033699,-0.013576,-0.272453,0.0067,-0.195726,-0.003019,0.027082,0.029122,-0.027884,-0.773763,-0.510262,0.375397,0.381281,-0.848373,-0.367269,0.50588,-0.141047,0.850993,0.010323,-0.016475,-0.006456,-0.849494,-0.33022,0.137005,-0.186276,0.084673,0.031907,-0.055501,-0.589578,0.18781,-0.785572,-0.167341,-0.97989,-0.108677,-0.790186,0.067385,0.60915,-0.006715,-0.003184,0.006012,-0.035928,0.031597,-0.045915,0.520062
36,0.076892,0.001696,0.414417,-0.55985,0.23092,-0.795795,-0.243889,-0.96374,-0.108141,-0.79122,0.133249,0.596861,-0.00076,-0.009503,0.010033,-0.034928,0.016865,-0.016349,0.522096,-0.103752,-0.030949,0.362921,0.737419,0.560228,0.377292,-0.439843,0.822283,-0.361001,-0.513393,0.099532,0.852281,0.034504,-0.028032,-0.010547,-0.114838,0.010958,-0.009517,-0.060995,0.027327,0.028799,-0.027984,-0.777932,-0.505698,0.372947,0.388005,-0.853466,-0.347918,0.49424,-0.125951,0.860152,0.017188,-0.013621,-0.004926,-0.080778,-0.008452,-0.031728,-0.201625,0.084644,0.031859,-0.055447,-0.589818,0.18753,-0.785458,-0.167456,-0.979922,-0.108212,-0.789982,0.067704,0.609379,-0.000383,-0.004748,0.005023,-0.034945,0.016872,-0.016363,0.520061
37,0.076753,0.001556,0.414606,-0.560344,0.230409,-0.795595,-0.244044,-0.963794,-0.107305,-0.790822,0.133739,0.597279,-0.012672,0.003113,0.001972,-0.000984,0.014715,-0.029553,0.521979,-0.102378,-0.032194,0.363113,0.733583,0.569789,0.370389,-0.47078,0.819184,-0.327471,-0.490911,0.065117,0.868694,0.03551,-0.036136,0.018885,-0.180728,0.033856,-0.157387,-0.099974,0.027985,0.028191,-0.027905,-0.774941,-0.515205,0.3661,0.418149,-0.852278,-0.31428,0.473938,-0.090465,0.875898,0.024163,-0.011938,0.004736,-0.906611,0.413336,-1.389558,-0.257797,0.08458,0.031791,-0.055357,-0.590242,0.187013,-0.785263,-0.167591,-0.979986,-0.107418,-0.789636,0.068201,0.609771,-2e-06,7e-06,1e-05,-9e-06,-1e-06,-5e-06,0.520061
38,0.076649,0.001473,0.414734,-0.559211,0.232084,-0.795905,-0.244015,-0.963545,-0.109587,-0.791633,0.132635,0.59645,-0.0,-0.0,-0.0,0.0,-0.0,0.0,0.521785,-0.100133,-0.033058,0.363849,0.738018,0.570519,0.360318,-0.490295,0.820319,-0.294314,-0.464398,0.039809,0.884654,0.063193,-0.025047,0.024845,-0.086322,-0.201429,0.389989,-0.097636,0.029114,0.027754,-0.027528,-0.77891,-0.516427,0.355811,0.437897,-0.85401,-0.280911,0.448937,-0.062996,0.891339,0.038626,-0.010568,0.013167,-0.083517,-0.133462,0.234757,-0.270044,0.084523,0.031748,-0.055289,-0.589275,0.188746,-0.785575,-0.16762,-0.979733,-0.109661,-0.790353,0.067057,0.60897,-4e-06,4e-06,4e-06,-0.00039,0.000232,-0.000448,0.520061
39,0.076607,0.001454,0.414758,-0.557925,0.233857,-0.796288,-0.243805,-0.963303,-0.112149,-0.792605,0.131271,0.595459,-0.000186,-0.000546,-0.000328,0.0,-0.0,0.0,0.522164,-0.098986,-0.033564,0.364341,0.746209,0.562639,0.35581,-0.489041,0.825994,-0.28019,-0.452464,0.034346,0.891044,0.048983,-0.027808,0.024299,-0.10238,-0.192143,0.364476,-0.105588,0.029692,0.027508,-0.027276,-0.786506,-0.508036,0.35115,0.436036,-0.859464,-0.26682,0.437356,-0.056742,0.897496,0.025171,-0.018383,0.017317,-0.171279,-0.20451,0.351391,-0.273799,0.084502,0.031739,-0.055276,-0.588127,0.19064,-0.785978,-0.167469,-0.979465,-0.112258,-0.791239,0.065604,0.607977,-0.000126,-0.000362,-0.000214,-0.002735,0.00169,-0.003199,0.520061
40,0.076538,0.001463,0.414764,-0.556642,0.235602,-0.796672,-0.243514,-0.963073,-0.114733,-0.793597,0.129836,0.594452,-0.000114,-0.000336,-0.000201,0.0,-0.0,0.0,0.522067,-0.097338,-0.034846,0.365286,0.764212,0.548222,0.339741,-0.483907,0.835674,-0.259648,-0.427203,0.033313,0.903466,0.021377,-0.037774,0.019247,-0.12147,-0.264984,0.248906,-0.04646,0.030511,0.026892,-0.026795,-0.803122,-0.493052,0.334503,0.430243,-0.868299,-0.246872,0.41217,-0.054351,0.909483,0.010618,-0.018647,0.009812,-0.850436,-0.700756,0.636689,-0.262206,0.084468,0.031743,-0.055273,-0.587007,0.192464,-0.786371,-0.16724,-0.979207,-0.11482,-0.792119,0.064113,0.606989,0.000284,0.004472,-0.005185,0.033966,-0.016287,0.015233,0.520551
41,0.076492,0.00145,0.414757,-0.556732,0.235467,-0.796649,-0.243436,-0.963107,-0.11461,-0.793558,0.129827,0.594507,-8.9e-05,-0.000262,-0.000157,0.0,0.0,0.0,0.521767,-0.096311,-0.036166,0.365726,0.781884,0.532664,0.323908,-0.475536,0.845615,-0.242353,-0.403963,0.034771,0.914039,0.020329,-0.030085,0.007619,-2.512096,-1.532233,1.03503,-0.014887,0.031038,0.026216,-0.02657,-0.81899,-0.476821,0.31921,0.420364,-0.877233,-0.23185,0.390573,-0.055699,0.918885,0.01026,-0.01555,0.003325,-0.23553,-0.423942,0.488416,-0.204564,0.084445,0.031736,-0.055277,-0.587091,0.192313,-0.786345,-0.167159,-0.979236,-0.114686,-0.792074,0.064114,0.607048,-5.2e-05,-0.000146,-8.6e-05,-2.9e-05,-4e-06,-1.9e-05,0.521368
42,0.076517,0.001412,0.41471,-0.556794,0.235331,-0.796646,-0.243323,-0.963147,-0.114518,-0.793549,0.12978,0.594528,-0.000255,-0.000747,-0.000449,0.0,0.0,0.0,0.521865,-0.095582,-0.037121,0.366043,0.797023,0.534156,0.281819,-0.502484,0.845414,-0.180883,-0.335863,0.001866,0.941836,0.017558,-0.014397,0.003332,-2.618462,-1.851795,1.01283,-0.000516,0.031406,0.025723,-0.02642,-0.833772,-0.47748,0.277192,0.446641,-0.878463,-0.169742,0.324551,-0.017721,0.945701,0.008717,-0.00694,0.001896,-0.858749,-0.926347,0.307708,-0.187745,0.084457,0.031717,-0.0553,-0.587142,0.192173,-0.786341,-0.167042,-0.979267,-0.114595,-0.792061,0.064069,0.607069,-0.000153,-0.000448,-0.000269,-6e-06,-2e-06,9e-06,0.521041
43,0.076536,0.001383,0.414681,-0.55686,0.235202,-0.796638,-0.243233,-0.963181,-0.114416,-0.79353,0.129756,0.594559,-0.000453,-0.001329,-0.000799,0.0,0.0,0.0,0.522136,-0.095215,-0.037298,0.366155,0.797028,0.548074,0.253679,-0.531058,0.836084,-0.137389,-0.288387,-0.025923,0.957092,0.01486,0.000691,-0.001458,-3.949731,-1.178717,-3.909654,0.031305,0.031591,0.025623,-0.026367,-0.837161,-0.48703,0.248921,0.470584,-0.873307,-0.126032,0.278766,0.011629,0.960288,0.015381,-0.002986,0.00448,-0.745212,-1.078937,1.20565,-0.174519,0.084467,0.031704,-0.055315,-0.587197,0.192038,-0.786332,-0.166948,-0.979294,-0.114494,-0.792039,0.064045,0.6071,-0.000283,-0.000829,-0.000498,-5e-06,-2.3e-05,1.1e-05,0.521205
44,0.076526,0.001351,0.414602,-0.556882,0.235108,-0.79665,-0.243083,-0.96322,-0.114411,-0.793561,0.12964,0.594543,-0.000524,-0.001539,-0.000925,0.0,0.0,0.0,0.521894,-0.094274,-0.037104,0.366473,0.804391,0.560651,0.19651,-0.557129,0.82675,-0.077625,-0.206987,-0.047764,0.977107,0.027439,0.011954,0.006772,-0.354822,-0.865944,-0.135818,0.067079,0.032057,0.025716,-0.026211,-0.842851,-0.50304,0.191187,0.500795,-0.863231,-0.063522,0.196993,0.042206,0.979495,0.013608,0.006332,0.003651,-1.650924,-0.901273,-3.877457,-0.110509,0.084462,0.031688,-0.055353,-0.587211,0.191943,-0.786345,-0.166795,-0.979321,-0.114492,-0.792061,0.063927,0.607084,-0.006724,0.00043,0.000308,-0.000994,0.014716,-0.029554,0.521368
45,0.076496,0.001285,0.414515,-0.556975,0.234911,-0.796643,-0.242894,-0.963281,-0.114295,-0.793553,0.129541,0.594575,-0.0008,-0.002346,-0.001412,0.0,0.0,0.0,0.52199,-0.093535,-0.036621,0.366782,0.814242,0.558729,0.157555,-0.55551,0.82874,-0.067319,-0.169201,-0.033431,0.984945,0.012734,0.010389,0.007409,0.129004,-0.758451,1.316761,0.068016,0.032435,0.025971,-0.026046,-0.851775,-0.50161,0.151214,0.499639,-0.864575,-0.053565,0.157605,0.029927,0.987048,0.006341,0.005312,0.003803,0.084764,-0.680563,1.330956,-0.0932,0.084447,0.031654,-0.055397,-0.587288,0.191739,-0.786337,-0.1666,-0.979367,-0.11438,-0.792045,0.06383,0.607115,-0.000411,-0.001212,-0.000728,-7e-06,6e-06,3e-06,0.521694
46,0.076475,0.001227,0.414469,-0.557063,0.234757,-0.796628,-0.242787,-0.963323,-0.114171,-0.793524,0.129512,0.59462,-0.001085,-0.003183,-0.001917,0.0,0.0,0.0,0.521721,-0.093291,-0.036524,0.366987,0.812624,0.565938,0.139099,-0.561743,0.824229,-0.070894,-0.155785,-0.021259,0.987493,0.01289,0.009633,0.006707,0.402084,-1.166748,0.553781,0.067377,0.032552,0.026019,-0.025943,-0.850301,-0.508491,0.135735,0.505906,-0.860799,-0.055526,0.145075,0.021456,0.989187,0.007273,-0.000192,0.008069,-0.126562,-0.511837,-0.613983,-0.091731,0.084436,0.031626,-0.05542,-0.587363,0.191578,-0.786321,-0.166489,-0.9794,-0.114257,-0.792013,0.063803,0.60716,-0.000565,-0.001666,-0.001003,-7e-06,3e-06,2e-06,0.521368
47,0.07643,0.00109,0.414398,-0.557277,0.234417,-0.796578,-0.242617,-0.963405,-0.113845,-0.793425,0.129522,0.59475,-0.00093,-0.002728,-0.001645,0.0,0.0,0.0,0.522057,-0.093086,-0.036546,0.367757,0.812521,0.571909,0.112789,-0.566642,0.820352,-0.076637,-0.137371,-0.002381,0.990448,0.000669,-0.007974,0.029868,0.18492,-0.628892,0.571207,0.064893,0.03266,0.026009,-0.025572,-0.850139,-0.515486,0.107411,0.511681,-0.856896,-0.062541,0.12428,0.001792,0.992245,0.006633,0.002673,0.010672,0.258806,-0.646087,0.440827,-0.092384,0.084413,0.031556,-0.055456,-0.587549,0.191222,-0.786269,-0.166307,-0.979469,-0.113934,-0.791914,0.06382,0.607288,-0.00056,-0.001647,-0.000992,-7e-06,2e-06,3e-06,0.521368
48,0.076394,0.000988,0.414325,-0.557432,0.234153,-0.796547,-0.242449,-0.963473,-0.11362,-0.793368,0.129489,0.594834,-0.000881,-0.002584,-0.00156,0.0,0.0,0.0,0.521845,-0.093014,-0.036716,0.369066,0.820928,0.563436,0.092784,-0.557393,0.826029,-0.083203,-0.124548,0.015858,0.992018,-0.000507,-0.00262,0.034664,0.086468,-0.296985,0.099759,0.06124,0.032697,0.025919,-0.024908,-0.857961,-0.50637,0.086551,0.501845,-0.862165,-0.069443,0.109785,-0.016144,0.993823,-0.000326,-0.001066,0.017556,0.046037,-0.241221,0.110623,-0.096956,0.084396,0.031507,-0.055492,-0.587672,0.190966,-0.786239,-0.166142,-0.979521,-0.113729,-0.791857,0.063792,0.607364,-0.000305,-0.000896,-0.000541,-1e-05,-5e-06,-4e-06,0.521368
49,0.07634,0.000937,0.414259,-0.557558,0.233922,-0.796526,-0.242259,-0.96354,-0.113459,-0.793337,0.129408,0.594892,-0.000926,-0.002713,-0.001639,-0.001557,0.010615,-0.026747,0.521638,-0.093016,-0.036841,0.370641,0.824236,0.56013,0.082951,-0.554062,0.828091,-0.084937,-0.117296,0.023323,0.992754,-0.001483,0.001832,0.038562,-0.022996,-0.152231,0.196913,0.045708,0.032697,0.025856,-0.024135,-0.860784,-0.503122,0.076923,0.498596,-0.863912,-0.071108,0.102231,-0.022855,0.994497,6.1e-05,-0.004087,0.024016,-0.095707,-0.026646,-0.029473,-0.107733,0.084369,0.031483,-0.055525,-0.587779,0.190726,-0.786217,-0.165944,-0.979573,-0.113571,-0.791819,0.063714,0.607422,-0.006642,0.0007,0.000468,-0.000993,0.014711,-0.029557,0.520225
50,0.076321,0.000925,0.414228,-0.557591,0.23385,-0.796525,-0.242178,-0.963564,-0.113424,-0.793338,0.129359,0.594901,0.000286,0.008105,-0.010879,0.034925,-0.016878,0.016341,0.521604,-0.092992,-0.037,0.371588,0.824154,0.560429,0.081736,-0.554154,0.827818,-0.086975,-0.117436,0.02566,0.99268,0.000264,-0.008575,0.047596,-0.094245,-0.037527,0.007211,0.040432,0.032707,0.025788,-0.023678,-0.860792,-0.503279,0.075806,0.498563,-0.863755,-0.073221,0.102329,-0.025234,0.99443,0.007322,-0.003125,0.023824,-0.123307,-0.011288,0.017464,-0.11802,0.084359,0.031469,-0.055538,-0.587827,0.19062,-0.786207,-0.165864,-0.979595,-0.113496,-0.7918,0.063687,0.60745,-0.000265,-0.000779,-0.000472,-1e-05,-1.5e-05,-8e-06,0.520388
51,0.076284,0.000854,0.414162,-0.557713,0.23363,-0.796503,-0.242016,-0.963625,-0.113257,-0.793302,0.129304,0.594962,-0.000629,-0.001843,-0.001115,0.0,0.0,0.0,0.521786,-0.093042,-0.037358,0.373292,0.823008,0.561777,0.084,-0.554835,0.82681,-0.092074,-0.122206,0.028445,0.992028,0.000504,-0.009644,0.046533,-0.101712,-0.027253,0.011799,0.042907,0.032682,0.025609,-0.022806,-0.859806,-0.504575,0.078339,0.499286,-0.862913,-0.078055,0.106984,-0.027999,0.993866,-0.000417,-0.000678,0.01777,-0.081285,-0.010248,0.012804,-0.123246,0.08434,0.031439,-0.055575,-0.587919,0.190403,-0.786191,-0.16568,-0.979642,-0.113357,-0.79177,0.063612,0.607497,-0.000378,-0.00111,-0.000671,-4e-06,-0.0,6e-06,0.520225
52,0.07625,0.000767,0.414085,-0.557921,0.233268,-0.796464,-0.241773,-0.963721,-0.112959,-0.79323,0.129245,0.595071,-0.001009,-0.002956,-0.00179,-0.001556,0.010619,-0.026746,0.520745,-0.093147,-0.037713,0.374989,0.831676,0.547852,0.090354,-0.539913,0.835973,-0.097866,-0.130189,0.0319,0.990907,-0.014765,-0.005532,0.033747,2.156682,1.642247,-0.092428,0.045616,0.032633,0.025436,-0.021947,-0.867911,-0.489765,0.082815,0.483911,-0.871315,-0.08148,0.112064,-0.030642,0.993228,0.000386,-0.005546,0.022581,-0.108614,-0.018503,-0.012419,-0.121939,0.084325,0.031398,-0.055611,-0.588087,0.190044,-0.786152,-0.165437,-0.979715,-0.11308,-0.791696,0.063558,0.607598,-0.000358,-0.001054,-0.000639,-7e-06,0.0,0.0,0.519898
53,0.076229,0.000741,0.414057,-0.557901,0.233294,-0.796471,-0.241767,-0.963718,-0.112998,-0.793246,0.129222,0.595054,-0.000602,-0.001762,-0.001067,0.0,0.0,0.0,0.520738,-0.093224,-0.037896,0.375746,0.834488,0.543307,0.091864,-0.535202,0.838915,-0.098562,-0.131659,0.032379,0.990697,-0.014371,-0.00729,0.032157,-0.071393,0.008507,-0.046566,0.051422,0.032594,0.025346,-0.021567,-0.87023,-0.48508,0.085999,0.478746,-0.873866,-0.08461,0.116195,-0.032458,0.992695,0.000634,-0.006673,0.021572,-0.110093,-0.020113,-0.008837,-0.118184,0.084313,0.031381,-0.055627,-0.588078,0.190052,-0.786157,-0.165421,-0.979715,-0.113102,-0.791706,0.063534,0.607588,-0.000296,-0.000866,-0.000523,-1e-06,-7e-06,9e-06,0.518918
54,0.076198,0.000692,0.414004,-0.558067,0.233003,-0.79644,-0.241564,-0.963796,-0.112766,-0.793191,0.129164,0.59514,-0.000329,-0.000962,-0.000583,0.0,0.0,0.0,0.520169,-0.093315,-0.038367,0.376969,0.850956,0.514905,0.103622,-0.504275,0.856187,-0.112175,-0.147543,0.042533,0.988071,0.001638,-0.012359,0.025686,0.119083,-0.168881,1.592469,0.061722,0.032541,0.025123,-0.020957,-0.882222,-0.460641,0.097431,0.452017,-0.886548,-0.09855,0.131774,-0.042903,0.99035,0.000767,-0.006015,0.012993,0.143062,0.070513,0.161867,-0.107733,0.084297,0.031356,-0.055654,-0.58822,0.189749,-0.786124,-0.165209,-0.979778,-0.112873,-0.791645,0.06348,0.607673,-0.00018,-0.000528,-0.000319,-3e-06,1.1e-05,8e-06,0.518102
55,0.076192,0.000678,0.413984,-0.558087,0.232958,-0.796439,-0.241519,-0.96381,-0.112741,-0.79319,0.12914,0.595146,-1e-05,-2.8e-05,-1.7e-05,0.0,0.0,0.0,0.520336,-0.093163,-0.038848,0.377946,0.858627,0.49847,0.119493,-0.483589,0.865099,-0.132966,-0.170726,0.055735,0.983672,0.015825,-0.009113,0.026542,0.610199,0.397782,0.180069,0.105329,0.03262,0.024863,-0.020459,-0.891689,-0.438349,0.112877,0.425808,-0.896908,-0.119345,0.153555,-0.058355,0.986415,0.007919,-0.004645,0.013196,0.66598,0.439424,0.178376,-0.071646,0.084294,0.031348,-0.055665,-0.588236,0.189703,-0.786123,-0.165163,-0.979788,-0.112849,-0.791642,0.063456,0.607679,1.6e-05,4.7e-05,2.8e-05,-1e-06,6e-06,7e-06,0.518102
56,0.076192,0.000685,0.413976,-0.558074,0.232968,-0.796445,-0.241506,-0.96381,-0.112766,-0.793203,0.129117,0.595133,3e-06,8e-06,5e-06,0.0,0.0,0.0,0.520582,-0.092954,-0.039106,0.37894,0.861286,0.493507,0.120952,-0.478164,0.867808,-0.134915,-0.172621,0.057723,0.983226,-0.000708,0.000811,0.018927,-0.02591,-0.080725,0.189294,0.126415,0.03272,0.02473,-0.019985,-0.89386,-0.433508,0.114384,0.420514,-0.899117,-0.121469,0.155503,-0.060476,0.985982,-0.000278,-1.3e-05,0.009099,-0.035769,-0.009811,0.003818,-0.037845,0.084294,0.031353,-0.055668,-0.588224,0.189714,-0.786129,-0.165149,-0.979788,-0.112875,-0.791654,0.063433,0.607666,8e-06,2.2e-05,1.3e-05,3e-06,7e-06,1.2e-05,0.518429
57,0.076196,0.000706,0.413965,-0.558037,0.233007,-0.79646,-0.241488,-0.963807,-0.112834,-0.793235,0.129073,0.595101,0.000765,0.009507,-0.010031,0.034923,-0.016887,0.016338,0.520845,-0.092915,-0.039149,0.379374,0.861976,0.492421,0.12046,-0.477269,0.868452,-0.133937,-0.171644,0.057318,0.98342,-0.000768,0.001083,0.019147,-0.034188,-0.00864,0.004127,0.145215,0.032745,0.024708,-0.019748,-0.89462,-0.432101,0.113765,0.419307,-0.899826,-0.120388,0.154389,-0.06,0.986186,-0.00042,0.000634,0.009654,-0.034385,-0.008748,0.003848,-0.013514,0.084296,0.031361,-0.055669,-0.588203,0.189744,-0.786138,-0.165147,-0.979783,-0.112917,-0.791671,0.06341,0.607647,1.3e-05,3.8e-05,2.3e-05,-4e-06,-1e-05,-2e-06,0.518592
58,0.076195,0.00072,0.413939,-0.558086,0.232893,-0.796458,-0.241365,-0.963844,-0.112778,-0.793238,0.129001,0.595113,-5.1e-05,-0.000148,-9e-05,0.0,0.0,0.0,0.520743,-0.092778,-0.039207,0.379987,0.874463,0.468083,0.127296,-0.450858,0.881174,-0.142099,-0.179778,0.066257,0.981403,-0.000901,0.004117,0.003573,0.211538,-0.235234,1.627124,0.154977,0.032811,0.02469,-0.01944,-0.903094,-0.412224,0.120377,0.397516,-0.908501,-0.128864,0.162483,-0.068524,0.984328,-0.000419,0.001883,0.001635,-0.012552,0.069478,-0.185824,0.009346,0.084296,0.031372,-0.055686,-0.58823,0.189638,-0.786143,-0.165007,-0.97981,-0.112889,-0.791679,0.063314,0.607646,-3.1e-05,-9.1e-05,-5.5e-05,-4e-06,7e-06,1e-06,0.518592
59,0.076186,0.00073,0.413932,-0.558087,0.232883,-0.79646,-0.241339,-0.96385,-0.112785,-0.793245,0.128977,0.595109,-0.0,-0.0,-0.0,0.0,0.0,0.0,0.520312,-0.092732,-0.039071,0.380176,0.876614,0.463104,0.130668,-0.444771,0.883526,-0.14661,-0.18444,0.069799,0.980293,-0.000986,0.004499,0.003899,0.0,0.0,-0.0,0.155811,0.032835,0.024751,-0.019344,-0.907385,-0.401731,0.123545,0.385974,-0.912815,-0.133382,0.166357,-0.073344,0.983333,-0.000495,0.002241,0.001941,-0.002043,-0.00128,-0.000768,0.020124,0.084292,0.031376,-0.055689,-0.588231,0.189628,-0.786145,-0.164981,-0.979813,-0.112897,-0.791684,0.063289,0.607641,-1e-06,4e-06,4e-06,-4e-06,2e-06,2e-06,0.518592
60,0.076188,0.00073,0.413944,-0.558089,0.232891,-0.796457,-0.241363,-0.963845,-0.112777,-0.793236,0.129,0.595115,0.000303,0.000887,0.000538,0.0,0.0,0.0,0.520728,-0.092722,-0.038968,0.380289,0.876739,0.462889,0.130594,-0.444572,0.883637,-0.146541,-0.184326,0.069815,0.980312,-0.001235,0.005634,0.004877,-0.006988,0.061262,-0.158488,0.155313,0.032841,0.024799,-0.019291,-0.907544,-0.401408,0.123427,0.385674,-0.912956,-0.133289,0.166187,-0.073363,0.983361,0.006563,0.003959,0.002451,0.001689,-0.015309,0.028568,0.021593,0.084292,0.031374,-0.055685,-0.588233,0.189636,-0.786141,-0.165005,-0.97981,-0.112888,-0.791677,0.063313,0.607648,0.000204,0.000601,0.000364,5e-06,-2.1e-05,1.1e-05,0.518265
