frame,MLTx,MLTy,MLTz,MLTR1,MLTR2,MLTR3,MLTR4,MLTR5,MLTR6,MLTR7,MLTR8,MLTR9,MLTTVx,MLTTVy,MLTTVz,MLTRVx,MLTRVy,MLTRVz,MLGA,MRTx,MRTy,MRTz,MRTR1,MRTR2,MRTR3,MRTR4,MRTR5,MRTR6,MRTR7,MRTR8,MRTR9,MRTTVx,MRTTVy,MRTTVz,MRTRVx,MRTRVy,MRTRVz,MRGA,SLTx,SLTy,SLTz,SLTR1,SLTR2,SLTR3,SLTR4,SLTR5,SLTR6,SLTR7,SLTR8,SLTR9,SLTTVx,SLTTVy,SLTTVz,SLTRVx,SLTRVy,SLTRVz,SLGA,SRTx,SRTy,SRTz,SRTR1,SRTR2,SRTR3,SRTR4,SRTR5,SRTR6,SRTR7,SRTR8,SRTR9,SRTTVx,SRTTVy,SRTTVz,SRTRVx,SRTRVy,SRTRVz,SRGA
266,0.166461,-0.018016,0.276005,-0.336398,-0.476998,-0.812006,-0.291177,-0.767325,0.571314,-0.895176,0.429217,0.120251,0.027796,-0.08577,-0.022581,-0.905294,-2.015507,2.736056,-1.915657,-0.169207,-0.02324,0.307757,-0.562413,0.409964,0.718061,0.011737,-0.864284,0.502801,0.827425,0.290696,0.48034,-0.015151,0.091531,0.082884,-0.58406,0.501562,0.598449,-1.137749,0.044236,0.031949,-0.02094,0.523458,-0.374129,0.765518,0.035279,0.907188,0.419243,-0.85132,-0.192449,0.488073,-0.014676,0.040042,0.04615,-0.961607,-0.346898,2.203649,-1.002075,0.080282,0.03057,-0.082006,0.363322,0.484108,-0.796012,0.118792,0.823354,0.554956,0.924058,-0.296188,0.241634,0.013791,-0.037942,-0.016193,-0.491151,-0.972327,0.349684,-1.007195
267,0.16697,-0.019455,0.275439,-0.313128,-0.465473,-0.827847,-0.305181,-0.776138,0.551767,-0.898973,0.425992,0.102012,0.027979,-0.060056,-0.034758,-0.069368,-0.522096,0.70597,-1.915826,-0.169683,-0.021499,0.309527,-0.552463,0.442053,0.706659,0.000479,-0.847518,0.530705,0.834178,0.292979,0.467091,-0.029803,0.096277,0.087883,-0.744986,0.911735,0.776771,-1.136764,0.044003,0.03282,-0.020055,0.51263,-0.405828,0.756646,0.045331,0.892809,0.448148,-0.857412,-0.195435,0.476077,-0.014533,0.04311,0.048686,-0.996807,0.811922,1.260809,-1.005015,0.080535,0.029827,-0.082302,0.341145,0.468553,-0.814909,0.135528,0.83334,0.535887,0.930189,-0.293258,0.220788,0.014024,-0.036146,-0.01405,-0.067123,-0.452214,0.706272,-1.0005
268,0.167602,-0.020913,0.274419,-0.268618,-0.453265,-0.849965,-0.293192,-0.802052,0.52031,-0.917226,0.389527,0.083614,0.01399,-0.018218,-0.024934,0.08707,-0.558458,1.033366,-1.915906,-0.170768,-0.018143,0.31312,-0.489879,0.516558,0.702266,-0.029189,-0.814713,0.579071,0.871863,0.262529,0.413276,-0.029376,0.093401,0.081487,-1.15059,1.884938,0.784617,-1.134188,0.043461,0.034521,-0.018232,0.44665,-0.475704,0.757765,0.072454,0.86339,0.499306,-0.89177,-0.168112,0.4201,-0.014322,0.041322,0.045075,-1.073735,2.816945,-0.657182,-1.004035,0.080854,0.029056,-0.082852,0.302099,0.449335,-0.840733,0.123433,0.856078,0.501889,0.945251,-0.255395,0.203157,0.007035,-0.008837,-0.012097,0.105852,-0.398914,0.862838,-1.001807
269,0.16813,-0.021609,0.273794,-0.230444,-0.439788,-0.86806,-0.285795,-0.822135,0.49233,-0.929902,0.362084,0.064851,0.014854,-0.034021,3e-05,0.131701,-0.251516,0.245187,-1.916553,-0.171882,-0.014701,0.316166,-0.410503,0.566346,0.714655,-0.030511,-0.791727,0.610059,0.911807,0.227916,0.341359,-0.015304,0.100339,0.064846,-1.114802,1.507787,1.025905,-1.133811,0.042898,0.036246,-0.016695,0.362773,-0.519485,0.773647,0.071482,0.843269,0.532716,-0.929131,-0.137953,0.34305,-0.01455,0.044498,0.037097,-1.029309,1.674227,0.333424,-1.004198,0.081119,0.028718,-0.083167,0.267977,0.42938,-0.86245,0.117125,0.874032,0.471539,0.956279,-0.227376,0.183929,-0.000308,-0.010911,-0.003197,0.562768,0.805242,-1.604757,-1.006052
270,0.167987,-0.022837,0.274223,-0.217676,-0.430018,-0.876212,-0.287667,-0.829589,0.478541,-0.932412,0.356755,0.057974,-0.015152,-0.035139,0.022404,-0.08393,-0.383748,0.572049,-1.917104,-0.172598,-0.011003,0.318241,-0.354346,0.591417,0.724332,-0.001677,-0.774893,0.632038,0.935497,0.222003,0.274634,-0.016194,0.091203,0.034313,-0.915853,1.480458,0.520236,-1.126701,0.042541,0.03809,-0.015633,0.305847,-0.540125,0.784042,0.042034,0.830361,0.555637,-0.951152,-0.136983,0.276667,-0.007713,0.039945,0.021178,-0.772268,1.269832,0.393653,-0.993421,0.081053,0.02809,-0.082955,0.257859,0.417598,-0.871274,0.119344,0.881098,0.457627,0.958783,-0.221985,0.177361,-0.007537,-0.017034,0.011935,-0.09992,-0.411798,0.573204,-1.009645
271,0.167721,-0.023432,0.274784,-0.220655,-0.426564,-0.877155,-0.285777,-0.831572,0.476226,-0.93229,0.356278,0.062684,-0.014542,-0.040134,0.038958,-0.047578,-0.085494,0.547528,-1.916969,-0.172738,-0.009447,0.318583,-0.329146,0.60395,0.725878,0.010333,-0.766262,0.642394,0.944573,0.218184,0.245033,-0.002872,0.085189,0.007522,-0.906088,1.626612,0.377805,-1.112269,0.042464,0.038952,-0.015422,0.278118,-0.551633,0.786352,0.02853,0.823033,0.567275,-0.960122,-0.135335,0.244638,-0.001476,0.041165,0.002349,-0.848541,1.565133,0.335857,-0.988849,0.080925,0.027805,-0.082694,0.261296,0.415057,-0.871464,0.117304,0.882484,0.455478,0.958104,-0.221241,0.181902,-0.007296,-0.013766,0.016404,0.015916,-0.045354,0.622698,-1.011278
272,0.167134,-0.024688,0.276584,-0.238242,-0.409755,-0.880561,-0.276155,-0.840656,0.465841,-0.930839,0.354659,0.088223,-0.013927,-0.031984,0.049982,0.145543,0.652433,0.59371,-1.916502,-0.172391,-0.006816,0.317865,-0.253486,0.636904,0.728073,0.028295,-0.74735,0.663777,0.967177,0.18806,0.170482,0.025187,0.04978,-0.029856,-1.057936,1.818963,0.69693,-1.020813,0.042624,0.040239,-0.015743,0.203015,-0.578239,0.790204,0.010319,0.808229,0.588778,-0.97912,-0.111377,0.170049,0.012158,0.029441,-0.019987,-1.025342,1.815609,0.72598,-0.949496,0.080633,0.027179,-0.08179,0.28019,0.401189,-0.872089,0.107806,0.88958,0.443873,0.953871,-0.218385,0.206001,-0.014628,-0.021163,0.029766,0.249301,0.956193,0.743202,-1.017156
273,0.166156,-0.026218,0.279167,-0.261552,-0.377914,-0.888154,-0.259671,-0.858699,0.441791,-0.929296,0.346644,0.12757,-0.028476,-0.045341,0.078376,0.290628,1.327403,0.733747,-1.916574,-0.171533,-0.00523,0.315845,-0.183893,0.656232,0.731802,0.058063,-0.735846,0.674606,0.981392,0.165723,0.096272,0.024879,0.022196,-0.056931,-0.788591,1.444322,0.585351,-0.903445,0.043056,0.041058,-0.016762,0.129804,-0.594028,0.793902,-0.021516,0.7988,0.601211,-0.991305,-0.095121,0.090906,0.012015,0.015225,-0.03393,-0.885991,1.724565,0.54122,-0.889568,0.080149,0.026418,-0.080511,0.307098,0.373232,-0.875435,0.091937,0.903949,0.417639,0.947226,-0.208741,0.243287,-0.014213,-0.022047,0.040065,0.199234,0.993097,0.553826,-1.023198
274,0.165503,-0.026885,0.280795,-0.27702,-0.361356,-0.890352,-0.253754,-0.866197,0.430445,-0.926425,0.345617,0.149371,-0.043318,-0.024763,0.082793,0.281047,1.332571,0.547271,-1.916934,-0.170972,-0.004819,0.314475,-0.147997,0.6597,0.736806,0.077822,-0.734832,0.67372,0.986037,0.156221,0.056466,0.023965,0.022466,-0.075915,-0.814456,1.648594,0.457127,-0.826834,0.043336,0.041257,-0.017447,0.094407,-0.594392,0.798614,-0.040835,0.79921,0.599662,-0.994695,-0.089224,0.051179,0.011999,0.009583,-0.039589,-0.639941,1.412647,0.21818,-0.852664,0.079812,0.026061,-0.079676,0.326151,0.357758,-0.875004,0.086352,0.910475,0.404447,0.941364,-0.20747,0.266059,-0.021644,-0.011724,0.042311,0.209779,1.231967,0.481485,-1.026137
275,0.164315,-0.027864,0.28486,-0.309473,-0.329401,-0.892057,-0.242099,-0.879893,0.408839,-0.919207,0.342896,0.193669,-0.026257,-0.020033,0.110638,0.248733,1.297031,0.591338,-1.916642,-0.169348,-0.004738,0.311075,-0.081655,0.647914,0.757318,0.113143,-0.74882,0.652994,0.990249,0.138194,-0.013132,0.052695,0.001308,-0.100627,-0.43317,1.250999,-0.139449,-0.771753,0.044137,0.041301,-0.019141,0.027708,-0.577309,0.816055,-0.075408,0.812835,0.577592,-0.996767,-0.077542,-0.021012,0.026826,-0.006339,-0.047711,-0.52579,1.248049,-0.152861,-0.814128,0.079228,0.025576,-0.077689,0.361529,0.331268,-0.871525,0.075758,0.921223,0.381584,0.929277,-0.203979,0.307953,-0.013125,-0.009415,0.05617,0.101267,0.837974,0.503119,-1.039364
276,0.163156,-0.028569,0.289517,-0.332743,-0.308068,-0.891303,-0.233381,-0.888844,0.394285,-0.913288,0.339587,0.224973,-0.025284,-0.010449,0.121345,0.074874,0.834038,0.321828,-1.917097,-0.16692,-0.005584,0.3071,-0.032352,0.608855,0.792616,0.152327,-0.78067,0.60604,0.987769,0.139582,-0.068501,0.069578,-0.034317,-0.101541,-0.329231,1.079688,-1.667637,-0.772462,0.045344,0.040879,-0.02114,-0.020064,-0.533785,0.845381,-0.112204,0.841412,0.528616,-0.993482,-0.084249,-0.076774,0.034303,-0.012396,-0.055542,-0.939478,1.691525,-3.350107,-0.864585,0.078649,0.025228,-0.075354,0.388306,0.312419,-0.866955,0.067747,0.928554,0.36496,0.919036,-0.20045,0.339397,-0.012667,-0.004829,0.061249,0.048137,0.724187,0.497587,-1.049324
277,0.16219,-0.028701,0.294276,-0.349839,-0.30381,-0.886204,-0.224157,-0.891341,0.394,-0.909181,0.336859,0.244832,-0.024766,0.005453,0.117119,4.874432,-1.700442,-1.231941,-1.915806,-0.163974,-0.007167,0.303044,-0.026172,0.564872,0.824759,0.210586,-0.803322,0.557011,0.977185,0.187554,-0.09898,0.0861,-0.048032,-0.100397,0.122172,0.493046,-1.37082,-0.734034,0.04681,0.040075,-0.023186,-0.023849,-0.486268,0.873484,-0.168375,0.863205,0.475948,-0.985434,-0.135722,-0.102462,0.035822,-0.025263,-0.050762,0.184188,0.321703,-1.539824,-0.890058,0.078167,0.025165,-0.07296,0.40743,0.308727,-0.859468,0.063988,0.929161,0.364094,0.910991,-0.203339,0.358814,-0.004736,0.002962,0.058833,0.044202,0.584603,0.23265,-1.055203
278,0.161852,-0.028522,0.296457,-0.354551,-0.303985,-0.884269,-0.214253,-0.894119,0.393217,-0.909738,0.329246,0.252986,-0.024793,0.004345,0.114745,0.498749,0.489437,0.120148,-1.91473,-0.162157,-0.008239,0.301091,-0.02654,0.535588,0.844057,0.239878,-0.816185,0.52558,0.970399,0.21575,-0.107889,0.087775,-0.057839,-0.092476,-4.489779,-2.59656,-0.969573,-0.719418,0.04768,0.039556,-0.024139,-0.024755,-0.456475,0.889391,-0.191612,0.875335,0.443928,-0.981158,-0.159429,-0.109135,0.051165,-0.02856,-0.046554,0.129295,0.060886,-1.667284,-0.895283,0.077999,0.025262,-0.07186,0.408707,0.312294,-0.857572,0.049212,0.930726,0.362388,0.911337,-0.190313,0.365026,-0.004843,0.007607,0.053071,1.361792,-0.537095,-0.42462,-1.056346
279,0.161408,-0.027949,0.300115,-0.356095,-0.304935,-0.883321,-0.184263,-0.903797,0.386226,-0.915678,0.30067,0.266753,0.004666,0.014717,0.082106,1.456759,-0.333892,-0.366433,-1.913169,-0.158426,-0.010998,0.297985,-0.024344,0.468913,0.882904,0.276513,-0.84547,0.456786,0.960658,0.254668,-0.110202,0.091317,-0.078102,-0.077158,0.290403,-0.328239,-1.996372,-0.706483,0.049583,0.038158,-0.025737,-0.021205,-0.386448,0.922067,-0.230335,0.899352,0.371632,-0.97288,-0.204504,-0.108083,0.046196,-0.045142,-0.035132,0.01822,0.037045,-1.950441,-0.905897,0.077767,0.025563,-0.069997,0.412265,0.311609,-0.856116,0.019937,0.936378,0.350423,0.910845,-0.161535,0.379824,-0.005498,0.013027,0.03702,4.907513,-1.929785,-1.240371,-1.063204
280,0.16163,-0.026844,0.302242,-0.355521,-0.307985,-0.882494,-0.156952,-0.911085,0.381133,-0.920973,0.274388,0.276673,0.018258,0.032969,0.038565,4.894638,-2.030193,-1.542446,-1.913813,-0.155632,-0.014415,0.295225,-0.036144,0.392905,0.918864,0.326226,-0.864381,0.382566,0.94457,0.313092,-0.098101,0.048125,-0.078436,-0.075347,0.204064,-0.647133,-2.288052,-0.70386,0.051015,0.036417,-0.02715,-0.005059,-0.306939,0.951715,-0.277225,0.914854,0.293577,-0.960791,-0.262354,-0.08972,0.024053,-0.039193,-0.037646,0.202694,-0.633185,-2.279687,-0.89708,0.077879,0.026129,-0.068893,0.411371,0.314565,-0.855465,-0.007196,0.93965,0.342061,0.911438,-0.134558,0.388808,0.008899,0.015738,0.01825,4.853983,-2.102026,-1.584535,-1.065163
281,0.162,-0.0262,0.302832,-0.353871,-0.310166,-0.882393,-0.145557,-0.913666,0.379473,-0.923476,0.263104,0.279275,0.017478,0.025219,0.029262,1.471684,-0.67496,-0.351334,-1.913965,-0.154399,-0.016142,0.293873,-0.040699,0.352522,0.934914,0.343841,-0.873527,0.344466,0.93812,0.33504,-0.086847,0.06445,-0.085003,-0.065062,-0.224735,-0.857501,-1.823634,-0.704948,0.051588,0.035613,-0.027783,0.001814,-0.267806,0.96347,-0.2921,0.921311,0.256637,-0.956385,-0.281895,-0.076555,0.032356,-0.042844,-0.033008,-4.928398,-2.519452,-1.563205,-0.89659,0.078051,0.026431,-0.068613,0.410744,0.315408,-0.855456,-0.014709,0.940427,0.339675,0.911631,-0.126937,0.390914,0.008698,0.012428,0.014422,-0.018456,0.024295,-0.078115,-1.057815
282,0.162764,-0.025308,0.303463,-0.35085,-0.310848,-0.883359,-0.140121,-0.915262,0.377667,-0.925471,0.256663,0.278667,0.016354,0.025591,0.008356,0.038048,-0.058102,0.096788,-1.914164,-0.152453,-0.01922,0.291544,-0.061809,0.268152,0.961387,0.373734,-0.886869,0.271515,0.925474,0.37575,-0.046622,0.034903,-0.079305,-0.056791,0.114456,-1.133491,-2.1648,-0.704763,0.052604,0.034005,-0.029002,0.028304,-0.180129,0.983235,-0.321199,0.929826,0.17959,-0.946588,-0.320898,-0.031539,0.017434,-0.03932,-0.028004,0.1061,-1.071591,-2.130486,-0.897406,0.078427,0.026879,-0.068295,0.405411,0.317836,-0.8571,-0.025489,0.941175,0.336956,0.913778,-0.11476,0.389664,0.008099,0.012042,0.003296,0.038248,-0.059251,0.095638,-1.057162
283,0.163587,-0.024593,0.303851,-0.354538,-0.31047,-0.882019,-0.138508,-0.915434,0.377846,-0.924303,0.256508,0.282655,0.016162,0.024295,0.006753,0.069307,0.022432,0.145291,-1.915427,-0.151397,-0.022251,0.289621,-0.08996,0.202361,0.975166,0.390266,-0.893611,0.221557,0.916331,0.400252,0.000175,0.019632,-0.069651,-0.04468,0.397425,-2.314042,0.835294,-0.706103,0.053118,0.03254,-0.029941,0.058312,-0.115219,0.991627,-0.336529,0.932907,0.128186,-0.939865,-0.341187,0.015625,0.009815,-0.034522,-0.021955,-0.390858,-0.853212,-1.42973,-0.898223,0.078849,0.027228,-0.06811,0.408998,0.317966,-0.855346,-0.027247,0.941167,0.336841,0.912128,-0.114462,0.393599,0.008042,0.011801,0.002966,0.065639,0.14652,-0.038772,-1.053243
284,0.16419,-0.023931,0.304445,-0.362041,-0.310094,-0.879098,-0.136146,-0.915356,0.378892,-0.921734,0.25724,0.290276,0.016334,0.014983,0.016917,0.203099,0.589929,0.229112,-1.915761,-0.150882,-0.024842,0.288545,-0.117121,0.160402,0.980074,0.40561,-0.893022,0.194743,0.906577,0.420136,0.038285,0.004955,-0.066722,-0.017862,-1.394537,-2.596148,1.025285,-0.694039,0.053389,0.031205,-0.030513,0.087241,-0.074331,0.993409,-0.349806,0.931425,0.100413,-0.93275,-0.356261,0.055257,0.002548,-0.032377,-0.00777,-5.439016,-1.522179,-0.951586,-0.89316,0.079149,0.02755,-0.067832,0.413892,0.320212,-0.852148,-0.029431,0.940309,0.339046,0.909849,-0.115249,0.39861,0.008198,0.001884,0.012498,-0.02348,0.121332,-0.075955,-1.058468
285,0.164294,-0.023724,0.304852,-0.364488,-0.308564,-0.878625,-0.13589,-0.915792,0.377929,-0.920805,0.257525,0.292962,0.001367,0.00426,0.025748,0.000588,0.189593,-0.07674,-1.915746,-0.150801,-0.025916,0.288299,-0.127078,0.146655,0.980987,0.416982,-0.889412,0.187098,0.900065,0.432646,0.050625,0.003314,-0.044826,-0.012509,-0.487667,-0.551458,-0.474872,-0.689619,0.05343,0.03067,-0.030642,0.101264,-0.06135,0.992965,-0.360687,0.927926,0.094115,-0.927173,-0.367681,0.071837,0.002309,-0.027402,-0.001529,-5.430164,-1.616124,-1.055166,-0.886466,0.079207,0.027657,-0.067632,0.418703,0.317346,-0.850869,-0.029954,0.94127,0.336323,0.907628,-0.115332,0.403618,0.000674,0.002125,0.012862,0.001935,0.208573,-0.063699,-1.058142
286,0.164388,-0.023282,0.30562,-0.368779,-0.3049,-0.878113,-0.135535,-0.916948,0.375245,-0.919142,0.257772,0.297924,0.00128,0.01547,0.01753,0.013423,0.000579,0.06759,-1.916617,-0.15061,-0.027364,0.288416,-0.135309,0.11682,0.983888,0.435957,-0.884655,0.165109,0.889825,0.451128,0.067523,0.017903,-0.027442,0.007566,-0.50026,-0.406025,-0.58303,-0.689423,0.053522,0.029924,-0.030594,0.111309,-0.031898,0.993273,-0.380741,0.921852,0.072271,-0.917957,-0.386225,0.090465,0.00125,-0.013403,0.005202,-1.653676,-0.391155,-1.309836,-0.882057,0.079255,0.027879,-0.067239,0.423496,0.314334,-0.849614,-0.03007,0.94223,0.333611,0.905398,-0.115736,0.408483,0.00067,0.002143,0.012832,-0.041874,-0.015362,0.033702,-1.055039
287,0.164332,-0.022695,0.306238,-0.367983,-0.304072,-0.878735,-0.135838,-0.917312,0.374245,-0.919417,0.257454,0.297348,-0.013888,0.013657,0.015617,0.000493,-0.015426,0.019555,-1.91595,-0.150208,-0.028163,0.28928,-0.151441,0.086268,0.98469,0.448434,-0.881718,0.14633,0.880999,0.463621,0.09359,0.017139,-0.010485,0.029243,0.079541,-1.046726,-0.612642,-0.640314,0.053723,0.029521,-0.030184,0.127457,-0.00492,0.991831,-0.393652,0.917604,0.055139,-0.91038,-0.397464,0.115019,0.008545,-0.005041,0.014874,0.047037,-0.822879,-0.504551,-0.863605,0.079232,0.028168,-0.066928,0.422606,0.31361,-0.850325,-0.029572,0.942496,0.332907,0.90583,-0.115543,0.407578,-0.007,0.006287,0.0072,-0.000286,-0.001799,-0.005969,-1.05455
288,0.164224,-0.022435,0.306425,-0.371003,-0.299153,-0.879153,-0.146775,-0.915913,0.37354,-0.916516,0.267989,0.296996,0.000824,0.009929,0.011158,0.000418,-0.014942,0.024657,-1.916114,-0.149967,-0.028322,0.290003,-0.166448,0.072055,0.98341,0.459,-0.876967,0.142061,0.872829,0.474941,0.111645,0.016798,-0.003461,0.038136,0.033581,-0.818971,-0.465337,-0.614733,0.053844,0.029437,-0.029811,0.144997,0.010412,0.989377,-0.404357,0.913252,0.049649,-0.903034,-0.407261,0.136629,0.008896,-0.006163,0.024569,0.006045,-1.078744,-0.633448,-0.835029,0.079173,0.028312,-0.066826,0.426246,0.309106,-0.850157,-0.018519,0.942593,0.33343,0.904417,-0.126379,0.407501,0.000369,0.010585,0.001547,0.036923,-0.028639,0.044566,-1.054876
289,0.164112,-0.02164,0.306419,-0.374532,-0.290962,-0.880404,-0.173591,-0.910708,0.374764,-0.910373,0.293548,0.291681,0.000385,0.02886,-0.008991,-0.092012,-0.070518,0.053021,-1.915907,-0.149079,-0.028717,0.292146,-0.215249,0.017924,0.97639,0.500883,-0.856218,0.126257,0.838503,0.51621,0.174078,0.033939,-0.015748,0.064659,-0.07802,-1.470182,-0.80255,-0.595767,0.054282,0.029254,-0.028737,0.197031,0.059962,0.978561,-0.44711,0.893783,0.035257,-0.872508,-0.444471,0.202912,0.016318,-0.001991,0.028669,-0.317137,-2.019985,-1.103702,-0.798615,0.079117,0.028702,-0.066822,0.43068,0.301656,-0.850598,0.008536,0.941083,0.338066,0.902463,-0.152859,0.402731,0.000169,0.014076,-0.004887,-0.391222,0.071875,0.157843,-1.055203
290,0.164127,-0.020728,0.305953,-0.374447,-0.287282,-0.881648,-0.194167,-0.905434,0.377438,-0.906245,0.31287,0.284358,-0.000118,0.022805,-0.015763,0.045691,-0.090052,-0.002337,-1.915875,-0.147645,-0.0295,0.294979,-0.266344,-0.065522,0.961644,0.545491,-0.832737,0.094464,0.794909,0.549808,0.256309,0.034787,-0.022386,0.077916,0.077287,-1.975372,-1.125825,-0.513167,0.054998,0.028873,-0.027315,0.253384,0.137814,0.957498,-0.492668,0.870202,0.005125,-0.83251,-0.473027,0.288392,0.024933,-0.010032,0.039368,0.033073,-2.423768,-1.333631,-0.75371,0.079125,0.029164,-0.067049,0.431076,0.298019,-0.851679,0.02935,0.938751,0.343343,0.901837,-0.173004,0.395927,-7.1e-05,0.01114,-0.008168,0.072021,-0.054471,0.018976,-1.05357
291,0.164153,-0.020325,0.305552,-0.371918,-0.288901,-0.88219,-0.198957,-0.903454,0.379682,-0.906251,0.317083,0.279634,-0.000467,0.01861,-0.020453,-0.045669,-0.315558,-0.17382,-1.915454,-0.146945,-0.029926,0.296554,-0.293101,-0.1099,0.949739,0.567976,-0.819045,0.080629,0.769355,0.563198,0.30127,0.03459,-0.019727,0.080921,0.101436,-2.196908,-0.929867,-0.435245,0.055348,0.02866,-0.026527,0.283029,0.179266,0.942209,-0.515809,0.856665,-0.008047,-0.8086,-0.483722,0.334928,0.017217,-0.009881,0.040415,0.013101,-2.599703,-1.261727,-0.697212,0.079138,0.029362,-0.067237,0.429937,0.297992,-0.852263,0.033889,0.93797,0.345055,0.902222,-0.177234,0.393169,0.007219,0.008839,-0.010858,-0.182649,-0.598025,-0.299982,-1.05406
292,0.164384,-0.019668,0.30458,-0.373777,-0.294547,-0.879533,-0.206052,-0.898186,0.3883,-0.903897,0.326728,0.276128,-0.00082,0.014386,-0.025196,-0.000802,-0.078951,-0.263104,-1.916124,-0.14574,-0.030595,0.299624,-0.352137,-0.204082,0.913423,0.624328,-0.778247,0.066932,0.697622,0.594098,0.400293,0.034521,-0.020339,0.079578,-4.894667,-2.754445,-2.817391,-0.348104,0.055951,0.028335,-0.02498,0.349714,0.264037,0.898879,-0.569747,0.821584,-0.019669,-0.743699,-0.505255,0.437753,0.017167,-0.00987,0.040127,0.056397,-2.759163,-0.914421,-0.580459,0.079253,0.029701,-0.067742,0.429456,0.305024,-0.850015,0.040655,0.933748,0.355612,0.902171,-0.187277,0.388603,-0.000415,0.006927,-0.012895,0.01047,-0.070601,-0.251342,-1.062877
293,0.164617,-0.019229,0.303563,-0.376495,-0.297011,-0.877543,-0.213578,-0.893885,0.394114,-0.901016,0.33617,0.274204,-0.000958,0.012725,-0.027094,0.066348,-0.022114,0.005068,-1.916023,-0.143973,-0.030873,0.302253,-0.405688,-0.30326,0.862231,0.680665,-0.729773,0.06372,0.610391,0.613118,0.50137,0.047308,0.001022,0.059645,-0.060871,-2.652887,-0.425702,-0.318323,0.056829,0.028192,-0.023653,0.409096,0.356476,0.839978,-0.633726,0.77331,-0.019539,-0.656529,-0.524323,0.542266,0.022999,0.005913,0.025519,-1.184936,-2.503555,-0.87813,-0.526247,0.079369,0.029911,-0.068245,0.431411,0.30806,-0.847928,0.047879,0.930749,0.362509,0.900883,-0.196988,0.386785,0.007014,0.000244,-0.010204,0.04996,0.131105,-0.155284,-1.064674
294,0.164894,-0.018878,0.302554,-0.37076,-0.303264,-0.877846,-0.212346,-0.892481,0.397944,-0.903687,0.334321,0.267596,0.013928,0.011869,-0.028345,-0.01189,-0.242152,-0.092868,-1.915596,-0.142363,-0.029925,0.303852,-0.464875,-0.379289,0.800014,0.718723,-0.689268,0.090998,0.517469,0.617765,0.591994,0.028233,0.031946,0.033828,-1.051143,-2.243555,-0.180744,-0.256075,0.057625,0.028637,-0.022855,0.4742,0.421262,0.773092,-0.671796,0.740688,0.008461,-0.569056,-0.523372,0.634236,0.014128,0.015637,0.016499,-1.333965,-3.283008,2.473026,-0.489506,0.079497,0.030081,-0.068741,0.42587,0.312683,-0.849036,0.046388,0.929606,0.365623,0.903593,-0.195093,0.381387,0.00699,0.006062,-0.014026,-0.09817,-0.408972,-0.193002,-1.072022
295,0.165124,-0.0187,0.302081,-0.37032,-0.302855,-0.878172,-0.217057,-0.890988,0.398746,-0.902748,0.338649,0.265311,0.014122,0.001942,-0.018836,-4.828684,2.161654,1.47122,-1.915768,-0.14175,-0.029182,0.304305,-0.495823,-0.410528,0.765256,0.739337,-0.661734,0.124186,0.456014,0.627869,0.630631,0.027094,0.039873,0.02171,-2.365883,-3.437248,2.108084,-0.195723,0.057947,0.029027,-0.022609,0.505637,0.451099,0.735417,-0.698082,0.714813,0.041507,-0.506963,-0.534369,0.67634,0.021078,0.020859,0.010879,-4.431365,-2.823616,-1.644936,-0.441172,0.079617,0.030174,-0.068996,0.422459,0.314979,-0.849891,0.04578,0.929062,0.367077,0.905224,-0.193983,0.378071,0.007029,0.006527,-0.013516,0.089219,-0.014446,0.046519,-1.073981
296,0.165432,-0.01829,0.301247,-0.373718,-0.302028,-0.877017,-0.225128,-0.887706,0.401581,-0.899363,0.34789,0.264852,0.014307,0.004233,-0.016262,0.035492,-0.013331,0.022828,-1.915697,-0.140648,-0.027413,0.304669,-0.540782,-0.474304,0.694681,0.78079,-0.590128,0.205061,0.31335,0.653883,0.688558,0.011076,0.042304,0.005143,-0.269626,-1.442201,1.776755,-0.117992,0.058503,0.029916,-0.022415,0.556626,0.504591,0.659965,-0.74647,0.652448,0.130743,-0.364621,-0.565419,0.739832,0.012443,0.027376,-0.001763,-1.450029,-2.084654,1.405934,-0.354628,0.079771,0.030377,-0.069416,0.428176,0.312514,-0.847938,0.05908,0.926614,0.371343,0.901761,-0.209096,0.37829,-0.000277,0.002512,-0.007556,0.041607,0.009937,0.002891,-1.072512
297,0.165663,-0.018139,0.300805,-0.381906,-0.294004,-0.876216,-0.244634,-0.882092,0.402542,-0.890782,0.368446,0.266048,0.014703,-0.003233,-0.003942,-0.010789,-0.008986,0.032615,-1.915955,-0.140479,-0.025491,0.30458,-0.550043,-0.52491,0.649549,0.812982,-0.514231,0.273058,0.191363,0.678918,0.708741,-0.005165,0.050111,-0.004966,-1.355519,-0.916286,1.176461,-0.010305,0.058596,0.030849,-0.022461,0.570763,0.548218,0.611298,-0.78255,0.588646,0.202756,-0.248684,-0.594097,0.764986,-0.009463,0.018881,0.001883,-1.189906,-1.159015,0.758371,-0.25796,0.079886,0.030454,-0.069644,0.437309,0.305663,-0.845771,0.078886,0.923803,0.374652,0.895844,-0.230558,0.379875,0.007342,0.004354,-0.005587,-0.093863,0.032495,0.088903,-1.076757
732,0.160036,0.011073,0.293671,0.033274,-0.734069,-0.678293,0.078626,-0.674657,0.733913,-0.996403,-0.076844,0.036119,0.023274,-0.054701,-0.058474,0.085833,-0.161239,0.450728,-1.914245,-0.155518,0.003559,0.299634,-0.58489,0.498991,0.639455,0.154102,-0.705525,0.69168,0.797006,0.502463,0.334926,-0.172212,0.07313,0.174592,-0.618824,0.603872,0.19761,-1.383755,0.051205,0.045372,-0.025058,0.542723,-0.470006,0.696093,-0.119503,0.777126,0.617893,-0.831366,-0.41853,0.365597,-0.078674,0.0313,0.091092,-0.424095,0.351617,0.016781,-0.986073,0.077067,0.045069,-0.0732,-0.051912,0.692903,-0.719159,-0.25012,0.688156,0.681087,0.966821,0.215232,0.137585,0.004615,-0.032372,-0.024621,0.04594,-0.139701,0.426332,-0.972578
733,0.16049,0.008881,0.292027,0.029066,-0.717579,-0.695903,0.086437,-0.691798,0.71688,-0.995882,-0.080101,0.042789,0.010521,-0.051748,-0.03622,0.179802,0.019494,0.583477,-1.914559,-0.162118,0.006365,0.305527,-0.558803,0.512055,0.652327,0.177026,-0.694694,0.697134,0.810817,0.504387,0.296702,-0.16965,0.081647,0.136934,-0.955636,1.916469,-2.024918,-1.402839,0.047839,0.046811,-0.02202,0.515937,-0.482809,0.707603,-0.142249,0.766279,0.626563,-0.844732,-0.423923,0.326673,-0.084485,0.03472,0.072073,-0.721442,0.771199,0.289125,-0.981501,0.077299,0.043965,-0.074039,-0.043888,0.676522,-0.735112,-0.257923,0.703203,0.662555,0.965167,0.21868,0.143628,0.005352,-0.025171,-0.017355,0.237942,0.219301,0.482186,-0.977476
734,0.160674,0.007949,0.291446,0.026286,-0.710265,-0.703476,0.090539,-0.699148,0.709202,-0.995591,-0.081456,0.046809,0.011222,-0.044811,-0.028963,0.128276,0.057038,0.400887,-1.914684,-0.165569,0.007827,0.308213,-0.541924,0.522761,0.65805,0.184532,-0.689752,0.700088,0.820527,0.500161,0.276473,-0.167472,0.073965,0.126117,-0.437516,0.722917,0.093846,-1.402433,0.046175,0.04752,-0.020718,0.497634,-0.490734,0.71522,-0.151344,0.762796,0.628678,-0.854081,-0.421096,0.305324,-0.083899,0.036234,0.06252,-0.11557,3.31726,-1.407782,-0.996524,0.07739,0.043495,-0.074333,-0.03884,0.66914,-0.74212,-0.262332,0.709802,0.65373,0.964195,0.220073,0.147967,0.00569,-0.021789,-0.013817,0.136685,0.082319,0.416397,-0.980416
735,0.160881,0.006522,0.2908,0.020808,-0.696391,-0.717392,0.103948,-0.712163,0.694256,-0.994403,-0.088157,0.058468,-0.001571,-0.028296,-0.010949,0.182571,0.124048,0.479136,-1.914389,-0.172048,0.010203,0.312097,-0.502199,0.549237,0.667927,0.20131,-0.676797,0.708063,0.841551,0.48935,0.228454,-0.165984,0.066176,0.077157,-0.784436,1.125204,0.092716,-1.402443,0.042872,0.048761,-0.018691,0.455932,-0.513074,0.727242,-0.168811,0.752427,0.636675,-0.873858,-0.413047,0.256443,-0.082668,0.026041,0.041271,-1.043648,1.574453,-0.398356,-0.99734,0.077499,0.042771,-0.074668,-0.030313,0.655673,-0.754435,-0.275293,0.720114,0.636905,0.960881,0.226998,0.158673,-0.000704,-0.013397,-0.004652,0.235242,0.198575,0.532268,-0.984661
736,0.160822,0.005638,0.290887,0.016954,-0.684934,-0.728439,0.120994,-0.721794,0.681429,-0.992541,-0.098843,0.071547,-0.000235,-0.025242,0.012615,0.115267,0.185607,0.321145,-1.914346,-0.177571,0.012226,0.314355,-0.461379,0.568788,0.680883,0.229899,-0.664468,0.711029,0.857403,0.483864,0.174927,-0.109956,0.053279,0.040043,-0.762353,1.10713,0.368964,-1.40239,0.04009,0.049773,-0.017552,0.4138,-0.528367,0.741348,-0.198036,0.742594,0.639793,-0.888566,-0.41156,0.20265,-0.061941,0.024963,0.019126,-0.537186,0.884316,-0.061251,-0.994074,0.077469,0.042328,-0.074633,-0.023493,0.644247,-0.764456,-0.292036,0.726892,0.621564,0.956118,0.237851,0.171066,-3.5e-05,-0.006088,0.003403,0.178747,0.096366,0.52719,-0.984498
737,0.160835,0.00507,0.291763,0.01314,-0.67747,-0.735464,0.136522,-0.727433,0.67244,-0.990578,-0.108406,0.083852,0.001061,-0.022655,0.035691,0.082279,0.19132,0.33187,-1.914389,-0.181008,0.013951,0.314761,-0.41166,0.604999,0.681544,0.234032,-0.652475,0.720721,0.881215,0.455427,0.126128,-0.0567,0.042373,-0.011269,3.070269,5.097238,1.233293,-1.389721,0.038351,0.050649,-0.017321,0.365396,-0.559262,0.744117,-0.207067,0.730529,0.65073,-0.907528,-0.391857,0.151128,-0.035277,0.019199,-0.006842,-0.844194,1.427835,0.449932,-0.986563,0.077476,0.042044,-0.074203,-0.018284,0.637193,-0.770486,-0.306802,0.729862,0.610878,0.951597,0.247556,0.182148,0.000657,-0.004202,0.01559,0.168747,0.350988,0.265288,-0.982702
738,0.160746,0.004861,0.292488,0.008534,-0.672909,-0.739706,0.144837,-0.73111,0.666688,-0.989441,-0.111994,0.092149,-0.012742,-0.016009,0.043115,0.146285,0.394335,0.261763,-1.914512,-0.181857,0.0146,0.314264,-0.381417,0.630871,0.675658,0.231514,-0.64231,0.730597,0.895345,0.434285,0.09806,-0.029727,0.027256,-0.027267,-0.723778,1.400276,0.695467,-1.33444,0.037928,0.050962,-0.017552,0.331102,-0.584927,0.740426,-0.201345,0.722818,0.661054,-0.921863,-0.367957,0.121554,-0.014902,0.012142,-0.014935,0.305729,2.495894,0.833314,-0.966968,0.077437,0.041939,-0.073841,-0.012976,0.633089,-0.773969,-0.314734,0.732105,0.604122,0.94909,0.251434,0.189755,0.000844,-0.002114,0.017859,0.274428,0.503561,0.373377,-0.981885
739,0.160379,0.004225,0.29444,-0.005736,-0.662261,-0.749282,0.162812,-0.739922,0.652671,-0.986644,-0.11743,0.113005,0.002232,-0.021338,0.057069,0.267284,0.516978,0.599967,-1.915121,-0.181993,0.015515,0.312451,-0.338619,0.671146,0.659462,0.239946,-0.615986,0.75028,0.910163,0.411443,0.046695,0.023662,0.019221,-0.057136,-0.683299,1.13489,0.688289,-1.141787,0.037836,0.051427,-0.018496,0.283899,-0.625755,0.72652,-0.212211,0.697902,0.684031,-0.935076,-0.348371,0.065342,0.011798,0.008228,-0.029817,-0.561262,1.01339,0.586638,-0.848909,0.077249,0.041631,-0.072862,0.002809,0.624387,-0.781109,-0.331682,0.737475,0.588316,0.943386,0.257427,0.209169,-0.006031,-0.009805,0.029581,0.268371,0.673399,0.456835,-0.982375
740,0.160003,0.003365,0.296982,-0.017304,-0.652869,-0.757304,0.1835,-0.746632,0.639406,-0.982856,-0.127095,0.133669,-0.011566,-0.026133,0.071777,0.160627,0.544638,0.34004,-1.914704,-0.180566,0.016367,0.309267,-0.295859,0.692428,0.658029,0.257728,-0.605343,0.753041,0.9201,0.391508,-0.000209,0.049097,0.022024,-0.09368,-1.589283,2.047175,-1.908994,-1.059734,0.03853,0.051842,-0.020055,0.242237,-0.644882,0.724877,-0.228418,0.688221,0.688604,-0.942945,-0.332381,0.01941,0.024184,0.015798,-0.051499,-0.151243,0.588927,0.341441,-0.795186,0.077067,0.041207,-0.071592,0.017204,0.616015,-0.787546,-0.35195,0.740982,0.571905,0.93586,0.267338,0.229554,-0.005783,-0.01272,0.036291,0.267469,0.689499,0.440844,-0.984988
741,0.159748,0.002774,0.298517,-0.024056,-0.648015,-0.761277,0.196566,-0.749705,0.631884,-0.980176,-0.13364,0.146366,-0.011301,-0.034528,0.082519,0.173783,0.61445,0.393268,-1.915097,-0.179478,0.016797,0.3073,-0.265737,0.702986,0.659687,0.255722,-0.608262,0.75137,0.929767,0.367472,-0.018979,0.062054,0.028155,-0.107836,-0.238007,0.755152,-0.058327,-0.989873,0.039092,0.052057,-0.02108,0.208102,-0.653671,0.727603,-0.228881,0.690692,0.685971,-0.95095,-0.309286,-0.005879,0.031034,0.013105,-0.054843,-0.179823,0.689746,-0.121446,-0.787022,0.076939,0.040915,-0.070828,0.024753,0.612011,-0.79046,-0.364327,0.741847,0.562963,0.930941,0.274051,0.241336,-0.005702,-0.017419,0.041131,0.311047,0.805275,0.491788,-0.986621
742,0.158898,0.001207,0.302005,-0.04941,-0.636728,-0.769533,0.220509,-0.758421,0.613307,-0.974081,-0.138599,0.178841,-0.025439,-0.042874,0.09327,0.28218,0.897429,0.473059,-1.914327,-0.177047,0.017313,0.303109,-0.218268,0.720657,0.658031,0.265945,-0.60473,0.750672,0.939149,0.337935,-0.060507,0.063008,0.008114,-0.109864,-0.318528,1.005753,0.100239,-0.816207,0.040283,0.052302,-0.023143,0.160995,-0.667411,0.727078,-0.238611,0.688513,0.684845,-0.957676,-0.283745,-0.048405,0.031922,-0.002373,-0.051847,-0.523592,1.210333,0.273434,-0.727421,0.076511,0.040124,-0.069047,0.052393,0.603945,-0.795301,-0.387,0.746441,0.541346,0.920589,0.279419,0.272835,-0.012745,-0.021216,0.046903,0.331784,0.959117,0.513509,-0.991683
743,0.157801,-0.000404,0.305936,-0.080769,-0.625532,-0.776036,0.245643,-0.767061,0.592662,-0.965898,-0.141987,0.216583,-0.024738,-0.035845,0.100088,4.648139,-2.286117,-0.607255,-1.914536,-0.17435,0.016979,0.298803,-0.163855,0.720219,0.674113,0.297863,-0.615222,0.729872,0.940569,0.319475,-0.114582,0.065149,-0.024014,-0.105948,-0.453033,1.143856,0.052192,-0.776775,0.04163,0.052144,-0.0253,0.107068,-0.66132,0.742423,-0.268954,0.699611,0.661972,-0.957182,-0.270554,-0.102959,0.032198,-0.006641,-0.057078,-0.221043,0.894838,-0.554301,-0.736075,0.075972,0.039328,-0.067123,0.088173,0.597095,-0.797309,-0.405949,0.75248,0.518631,0.909631,0.277938,0.308739,-0.019613,-0.017855,0.050232,0.420896,1.143983,0.616153,-1.001644
744,0.156317,-0.001644,0.309937,-0.119151,-0.614909,-0.779575,0.267385,-0.776035,0.571181,-0.956054,-0.139631,0.257858,-0.038382,-0.029249,0.106278,0.492773,1.214284,0.682126,-1.914827,-0.171903,0.016307,0.29444,-0.108571,0.714159,0.691506,0.32257,-0.632561,0.704095,0.940357,0.298601,-0.162572,0.06592,-0.023127,-0.107426,-0.330149,1.249003,-0.286906,-0.678863,0.042853,0.051794,-0.027495,0.052322,-0.650366,0.757816,-0.292018,0.715722,0.634402,-0.95498,-0.25449,-0.152471,0.025597,-0.006165,-0.057135,0.002537,0.79801,-0.646645,-0.770039,0.075235,0.038706,-0.065124,0.123322,0.591797,-0.796596,-0.430108,0.755285,0.494521,0.894314,0.281637,0.347679,-0.026386,-0.014083,0.053809,0.285862,0.913422,0.449529,-1.023198
745,0.155536,-0.002183,0.312024,-0.141158,-0.60641,-0.782551,0.272753,-0.783696,0.55803,-0.951504,-0.133925,0.277004,-0.037997,-0.01556,0.100338,0.529677,1.186022,0.716909,-1.914914,-0.170758,0.015916,0.292408,-0.087558,0.709991,0.69874,0.326514,-0.642123,0.693542,0.94116,0.287977,-0.176491,0.052302,-0.019137,-0.103094,-0.005816,0.770221,-0.711945,-0.655279,0.043431,0.051588,-0.028521,0.030173,-0.645935,0.762795,-0.296271,0.723069,0.624014,-0.954626,-0.244822,-0.169556,0.033641,-0.014793,-0.047955,-0.005797,0.698202,-0.714555,-0.766937,0.07483,0.038426,-0.06404,0.147452,0.586155,-0.796667,-0.435101,0.761789,0.479962,0.888225,0.275859,0.367364,-0.019043,-0.00761,0.050377,0.473204,1.125319,0.677135,-1.03871
746,0.154186,-0.002534,0.315957,-0.159184,-0.59904,-0.784765,0.298182,-0.78695,0.540156,-0.94095,-0.147279,0.304874,-0.03701,0.012581,0.088894,0.178333,0.414696,0.276228,-1.914328,-0.168174,0.014757,0.289008,-0.053992,0.695293,0.716689,0.337368,-0.662725,0.668516,0.939814,0.277005,-0.199701,0.0698,-0.044295,-0.0743,-1.475828,1.432219,-2.788038,-0.675876,0.044717,0.05101,-0.03024,-0.00065,-0.628359,0.777923,-0.30348,0.741358,0.59857,-0.952837,-0.235695,-0.191177,0.034941,-0.022184,-0.03721,-0.026938,0.637921,-0.811629,-0.816251,0.074183,0.038245,-0.062144,0.168077,0.580953,-0.796393,-0.459077,0.761062,0.458292,0.872351,0.288578,0.394619,-0.0186,0.006032,0.044256,0.631705,0.448768,0.048016,-1.056509
747,0.152552,-0.001657,0.319239,-0.170052,-0.59218,-0.787687,0.317112,-0.789695,0.525162,-0.932812,-0.159749,0.323062,-0.050292,0.028301,0.084056,0.06613,-0.168155,0.874043,-1.914681,-0.165285,0.012435,0.286715,-0.021947,0.67421,0.738208,0.354828,-0.684962,0.636284,0.934625,0.275051,-0.225134,0.073587,-0.071461,-0.045827,-0.100472,0.384484,-0.522358,-0.69352,0.046161,0.049856,-0.031401,-0.03316,-0.601524,0.798166,-0.320276,0.762886,0.561629,-0.946743,-0.237009,-0.217952,0.036819,-0.035736,-0.022955,-0.118604,0.535785,-0.675556,-0.875362,0.073357,0.038682,-0.060461,0.18011,0.576238,-0.797188,-0.476395,0.760151,0.441834,0.860585,0.300197,0.411428,-0.017982,0.019555,0.037837,0.094135,-1.093229,2.403991,-1.067776
748,0.151033,1e-06,0.321797,-0.171747,-0.58978,-0.789119,0.316206,-0.791639,0.522776,-0.932807,-0.159011,0.32344,-0.036105,0.054198,0.051228,0.000881,-0.048143,0.057522,-1.914916,-0.162512,0.009621,0.285382,-0.018022,0.652282,0.757756,0.354972,-0.704234,0.614803,0.934649,0.27924,-0.219814,0.062103,-0.083711,-0.018751,1.466111,-1.12762,1.40848,-0.686049,0.047575,0.048417,-0.032091,-0.036706,-0.576946,0.815956,-0.319252,0.78049,0.537506,-0.946958,-0.240766,-0.21284,0.031054,-0.041287,-0.008775,1.465142,-1.122051,1.412239,-0.876342,0.07258,0.039536,-0.059136,0.181731,0.573389,-0.798872,-0.474877,0.762564,0.439302,0.861083,0.299531,0.410871,-0.01813,0.026833,0.02539,-0.004343,-0.05874,0.05048,-1.076104
749,0.150419,0.001132,0.32261,-0.160488,-0.589289,-0.791851,0.311696,-0.791454,0.525754,-0.936337,-0.161713,0.311689,-0.022293,0.05959,0.037176,-0.347118,-0.671049,-0.295628,-1.914304,-0.161241,0.008163,0.285093,-0.021179,0.63695,0.770608,0.350218,-0.717119,0.602513,0.936379,0.281839,-0.208863,0.062336,-0.076536,-0.011059,0.147293,-0.399021,-0.906174,-0.689964,0.048212,0.047686,-0.032238,-0.03237,-0.561395,0.826914,-0.31318,0.791379,0.52501,-0.949142,-0.241978,-0.201434,0.031167,-0.037642,-0.004866,0.162332,-0.437702,-0.944193,-0.876342,0.072281,0.040084,-0.058739,0.173289,0.570914,-0.802512,-0.471477,0.763493,0.441347,0.864684,0.301886,0.401478,-0.018216,0.030125,0.018973,-0.437963,-0.808488,-0.392446,-1.07643
750,0.149018,0.003474,0.323586,-0.149146,-0.580105,-0.800799,0.289829,-0.799932,0.525432,-0.945207,-0.153013,0.28844,-0.051372,0.058752,0.017588,-0.177388,-0.526115,-0.034174,-1.914534,-0.159091,0.005198,0.285245,-0.045074,0.602363,0.796943,0.331669,-0.743384,0.580784,0.942299,0.28974,-0.167292,0.049192,-0.073936,0.013657,0.29985,-0.847203,-1.156599,-0.772285,0.049268,0.046226,-0.032173,-0.007152,-0.52712,0.84976,-0.292924,0.813609,0.502229,-0.956108,-0.245323,-0.160225,0.02457,-0.036451,0.007391,0.435662,-0.958293,-1.293175,-0.914552,0.071593,0.041266,-0.058235,0.162162,0.5603,-0.812259,-0.450176,0.774508,0.444385,0.878091,0.293598,0.377829,-0.018736,0.028858,0.0083,-0.26087,-1.012049,0.514933,-1.075451
751,0.147552,0.005198,0.323924,-0.127198,-0.562689,-0.816852,0.275495,-0.811177,0.515816,-0.952699,-0.158734,0.259219,-0.0394,0.039809,-2.8e-05,-0.275272,-1.857402,2.298286,-1.913176,-0.157546,0.002415,0.286383,-0.089554,0.558718,0.824503,0.339333,-0.761092,0.552744,0.936428,0.328578,-0.122483,0.035624,-0.070517,0.039891,-1.150691,-1.87632,-0.85028,-0.88177,0.05006,0.044805,-0.031601,0.040006,-0.482589,0.874932,-0.298264,0.829944,0.471412,-0.953644,-0.27982,-0.110737,0.017779,-0.034437,0.020861,-1.144919,-1.932798,-0.884494,-1.017098,0.070856,0.042142,-0.058052,0.14473,0.541756,-0.82798,-0.436979,0.785763,0.43775,0.887751,0.298455,0.35046,-0.012815,0.019015,-0.00084,-0.194506,-0.678741,0.074022,-1.066633
752,0.146893,0.005736,0.323898,-0.118369,-0.554024,-0.82407,0.27266,-0.816135,0.509461,-0.954661,-0.163704,0.248696,-0.040541,0.020859,0.00094,-0.119328,-0.459068,0.118223,-1.913379,-0.156803,0.001278,0.287163,-0.106466,0.534206,0.838617,0.339537,-0.773089,0.535707,0.934603,0.341103,-0.100143,0.048893,-0.051325,0.039558,0.333619,-1.227772,-1.145354,-0.896963,0.050414,0.044258,-0.031224,0.057148,-0.459778,0.886193,-0.298396,0.839203,0.45464,-0.952729,-0.290418,-0.089237,0.017147,-0.025723,0.020538,0.201754,-0.786555,-1.143619,-1.038489,0.070526,0.042417,-0.058067,0.137893,0.529285,-0.837163,-0.433814,0.792123,0.429354,0.890387,0.303969,0.338839,-0.01337,0.009681,-0.000223,-0.177205,-0.598963,0.156524,-1.063857
753,0.145608,0.006105,0.32394,-0.111554,-0.536301,-0.836649,0.271207,-0.826371,0.493487,-0.955903,-0.171194,0.238679,-0.027976,-0.009206,0.009963,-0.025824,-0.27804,0.425583,-1.913888,-0.155491,-0.00017,0.28889,-0.138952,0.488082,0.861661,0.343075,-0.792405,0.50431,0.929069,0.365073,-0.058441,0.032925,-0.029575,0.04544,0.246214,-0.94909,-0.903479,-0.919965,0.051076,0.043531,-0.030356,0.092943,-0.412737,0.906095,-0.299847,0.856185,0.420759,-0.949448,-0.310797,-0.044182,0.009149,-0.014777,0.023575,0.283993,-1.129183,-0.830954,-1.003055,0.069867,0.042596,-0.058058,0.134604,0.510229,-0.849439,-0.431967,0.801712,0.413111,0.891787,0.311324,0.328316,-0.014059,-0.005118,0.004537,-0.022503,-0.273521,0.427159,-1.034791
754,0.144632,0.005719,0.324222,-0.102746,-0.511594,-0.853088,0.267156,-0.840303,0.471688,-0.95804,-0.178814,0.22408,-0.028312,-0.011366,0.007983,-0.069195,-0.806499,1.305583,-1.913575,-0.154798,-0.000974,0.290567,-0.164566,0.455002,0.875147,0.348716,-0.80302,0.483207,0.922794,0.384123,-0.027633,0.017202,-0.017214,0.040503,0.132367,-0.568903,-0.630503,-0.928399,0.051428,0.043138,-0.029501,0.120711,-0.379819,0.91715,-0.304403,0.865234,0.398382,-0.944863,-0.327272,-0.011175,0.001861,-0.014656,0.024531,0.164184,-0.720028,-0.811133,-0.990481,0.069389,0.042397,-0.057928,0.131232,0.485023,-0.864597,-0.427577,0.814541,0.392044,0.894401,0.318234,0.314279,-0.007212,-0.006698,0.003117,-0.178274,-1.691101,2.8232,-1.032995
