frame,MLTx,MLTy,MLTz,MLTR1,MLTR2,MLTR3,MLTR4,MLTR5,MLTR6,MLTR7,MLTR8,MLTR9,MLTTVx,MLTTVy,MLTTVz,MLTRVx,MLTRVy,MLTRVz,MLGA,MRTx,MRTy,MRTz,MRTR1,MRTR2,MRTR3,MRTR4,MRTR5,MRTR6,MRTR7,MRTR8,MRTR9,MRTTVx,MRTTVy,MRTTVz,MRTRVx,MRTRVy,MRTRVz,MRGA,SLTx,SLTy,SLTz,SLTR1,SLTR2,SLTR3,SLTR4,SLTR5,SLTR6,SLTR7,SLTR8,SLTR9,SLTTVx,SLTTVy,SLTTVz,SLTRVx,SLTRVy,SLTRVz,SLGA,SRTx,SRTy,SRTz,SRTR1,SRTR2,SRTR3,SRTR4,SRTR5,SRTR6,SRTR7,SRTR8,SRTR9,SRTTVx,SRTTVy,SRTTVz,SRTRVx,SRTRVy,SRTRVz,SRGA
21,0.150369,-0.056545,0.308582,0.118738,0.240428,-0.9634,-0.522425,-0.809928,-0.26657,-0.844531,0.534654,0.030633,-0.000657,0.005475,-0.015558,0.034803,0.000714,-0.006998,-1.551182,-0.159482,-0.047908,0.296922,-0.327564,-0.388361,0.861318,0.866301,-0.487211,0.109913,0.377344,0.78264,0.494923,0.01485,0.005664,-0.017288,0.034124,-0.004404,0.026612,-0.868563,0.046993,0.018022,-0.019909,0.394357,0.422383,0.816133,-0.824678,0.5545,0.111509,-0.405447,-0.717022,0.567001,0.007644,0.002724,-0.008855,0.046047,-0.025036,0.015281,-0.895773,0.073977,0.013983,-0.063362,0.026182,-0.286462,-0.957733,0.4976,0.83467,-0.23605,0.867011,-0.470388,0.164397,-0.000672,-0.002553,-0.003443,-0.001092,0.001249,-0.002625,-0.34146
22,0.150254,-0.056595,0.308313,0.122988,0.242712,-0.962294,-0.520883,-0.809516,-0.270806,-0.844881,0.534243,0.028059,-0.001144,0.001784,-0.020388,0.033984,0.014041,-0.032542,-0.809076,-0.15922,-0.047874,0.296642,-0.338132,-0.389485,0.856715,0.864625,-0.487914,0.119569,0.371833,0.781644,0.500635,0.014851,0.006035,-0.016815,-0.924952,-1.643554,2.079833,-0.298952,0.047121,0.018034,-0.020047,0.402344,0.422562,0.812132,-0.822959,0.555574,0.118636,-0.401069,-0.716085,0.571284,0.00756,0.002402,-0.009268,0.037185,-0.018656,0.028226,-0.75665,0.073915,0.013964,-0.063499,0.021962,-0.289015,-0.957071,0.496638,0.833986,-0.24045,0.867679,-0.470038,0.161852,-0.000778,0.000685,-0.010525,0.032112,0.016798,-0.038072,-0.180618
23,0.149898,-0.056661,0.307439,0.115,0.238235,-0.964399,-0.52203,-0.81143,-0.262751,-0.845289,0.533361,0.03225,-0.001582,-0.001434,-0.024677,-0.087275,0.291689,-0.554697,0.109315,-0.15845,-0.047638,0.295962,-0.367034,-0.390388,0.844319,0.859787,-0.488684,0.147941,0.355289,0.780712,0.513927,0.014861,0.005895,-0.017044,-0.264762,-0.400919,0.464383,0.313904,0.047508,0.018151,-0.020389,0.432638,0.420471,0.797513,-0.816305,0.558195,0.148537,-0.382713,-0.715277,0.584729,0.015375,0.00356,-0.008693,-0.920095,-1.548489,1.902103,-0.460767,0.073731,0.013928,-0.063941,0.029806,-0.284074,-0.958338,0.496594,0.836278,-0.232447,0.86747,-0.468977,0.165996,-0.000865,-0.000951,-0.012658,-0.106198,0.325789,-0.621115,0.128654
24,0.149491,-0.056566,0.306413,0.095174,0.227266,-0.969194,-0.526095,-0.815004,-0.242826,-0.845209,0.532712,0.043201,-0.001558,-0.001149,-0.024392,-0.386732,1.205217,-2.27332,0.464992,-0.157076,-0.047317,0.295318,-0.402151,-0.391951,0.82743,0.850282,-0.4949,0.178963,0.339834,0.775999,0.531226,0.046439,0.009563,-0.016125,-0.920701,-1.67054,2.127248,0.527342,0.048202,0.018311,-0.02072,0.466855,0.418421,0.779082,-0.804954,0.565866,0.17845,-0.366189,-0.710435,0.600987,0.023241,0.004864,-0.007979,-0.908414,-1.652529,2.105803,-0.15574,0.073527,0.013972,-0.06445,0.047201,-0.273196,-0.960799,0.497521,0.840501,-0.214548,0.866166,-0.467891,0.175593,-0.008741,0.005291,-0.015974,0.071044,0.003505,-0.019339,0.434824
25,0.149462,-0.056475,0.305847,0.08504,0.222892,-0.97115,-0.523011,-0.81957,-0.233956,-0.848185,0.527537,0.048086,-0.001495,0.009751,-0.032924,-0.350966,1.193524,-2.254322,0.352103,-0.156305,-0.047239,0.295013,-0.417708,-0.393428,0.818978,0.846396,-0.496082,0.19352,0.330647,0.774497,0.539156,0.047558,-0.0045,-0.011981,-0.286047,-0.506914,0.650741,0.464365,0.048569,0.018359,-0.020859,0.482014,0.418188,0.769922,-0.800326,0.567766,0.192663,-0.356566,-0.709056,0.608359,0.023787,-0.001775,-0.005379,-0.946272,-1.647595,2.086835,-0.008616,0.073512,0.014012,-0.064732,0.057226,-0.268181,-0.961667,0.493021,0.845189,-0.20636,0.868132,-0.462313,0.180586,0.007279,0.004647,-0.016672,0.084236,-0.212025,0.392078,0.528226
26,0.151223,-0.056245,0.304807,0.083207,0.222203,-0.971467,-0.508583,-0.828817,-0.23319,-0.857095,0.513194,0.045253,0.063281,0.01252,-0.028758,0.080704,-0.181252,0.328795,-1.322318,-0.155941,-0.047824,0.294025,-0.41886,-0.398977,0.815699,0.854501,-0.476942,0.205642,0.3075,0.78364,0.539644,-0.015356,-0.023828,-0.030168,-0.513643,0.111505,-0.049837,-0.552018,0.048775,0.018089,-0.021326,0.483907,0.423909,0.765594,-0.808886,0.55053,0.206442,-0.33397,-0.719178,0.6093,-0.008167,-0.007302,-0.020435,-1.517041,-0.102049,-0.416211,0.027308,0.074343,0.014118,-0.065255,0.061701,-0.265426,-0.962154,0.478193,0.854011,-0.204927,0.876084,-0.447451,0.179618,0.023616,0.001077,-0.009868,0.047134,-0.217228,0.44613,0.500793
27,0.152429,-0.055759,0.304169,0.087328,0.225794,-0.970276,-0.501342,-0.831652,-0.238712,-0.860948,0.507001,0.041779,0.000184,0.012141,-0.006841,0.036426,-0.026167,0.043952,-1.912669,-0.156244,-0.047961,0.292601,-0.376589,-0.407712,0.831831,0.87368,-0.454702,0.172806,0.308232,0.79233,0.526373,0.013986,0.011709,-0.032663,1.04937,1.498226,-1.84216,-1.395651,0.048614,0.017971,-0.022069,0.445,0.436611,0.781885,-0.830797,0.527193,0.178448,-0.334292,-0.728998,0.597336,0.007011,0.005956,-0.016191,0.172564,0.0058,0.023326,-0.279188,0.074993,0.014357,-0.065596,0.057252,-0.269801,-0.961212,0.471579,0.855921,-0.212159,0.879963,-0.441141,0.176236,0.008075,0.010826,-0.008553,0.065842,0.053629,-0.108465,0.175192
28,0.15338,-0.055097,0.303588,0.098975,0.233893,-0.967235,-0.491597,-0.833568,-0.251929,-0.865311,0.500129,0.03368,0.031939,0.019904,-0.019338,0.493647,-1.342475,2.504106,-1.916091,-0.156488,-0.046935,0.29136,-0.349278,-0.409013,0.843033,0.878491,-0.455793,0.142968,0.326189,0.791033,0.517427,-0.019935,0.037738,-0.039782,0.153762,0.11452,-0.376121,-1.406753,0.048503,0.018481,-0.022696,0.416676,0.44044,0.795231,-0.837291,0.526612,0.147049,-0.354012,-0.727112,0.588203,-0.009432,0.013845,-0.01508,0.114019,0.109991,-0.36893,-0.571152,0.075458,0.014695,-0.065869,0.048245,-0.277032,-0.959648,0.463848,0.857099,-0.22411,0.8846,-0.434318,0.169851,0.015993,0.004667,-0.00522,0.052605,-0.127866,0.241959,-0.136856
29,0.154075,-0.054835,0.303318,0.108195,0.242328,-0.964166,-0.477951,-0.837686,-0.264228,-0.87184,0.489107,0.026386,0.031957,0.009453,-0.010283,0.049198,-0.076787,0.14268,-1.886729,-0.157065,-0.046323,0.290738,-0.340356,-0.408959,0.8467,0.880817,-0.453711,0.135062,0.329327,0.792258,0.51355,-0.035798,0.039487,-0.03541,0.017574,0.143087,-0.318123,-1.402457,0.048221,0.018785,-0.02301,0.408013,0.441191,0.799297,-0.84012,0.524143,0.139539,-0.357383,-0.728439,0.58451,-0.017361,0.014338,-0.013408,-0.252761,-0.334096,0.330686,-0.719583,0.075805,0.014831,-0.066006,0.03683,-0.287632,-0.957032,0.451364,0.859217,-0.240864,0.891578,-0.423099,0.161472,0.023974,0.009765,-0.009917,0.118156,-0.281372,0.519216,-0.292309
30,0.155236,-0.05441,0.302851,0.085241,0.231745,-0.969058,-0.48247,-0.841314,-0.24369,-0.871869,0.488022,0.0413,0.015816,0.008963,-0.011032,-0.091813,0.370091,-0.675707,-1.058754,-0.15835,-0.044645,0.28962,-0.358885,-0.414051,0.836513,0.878318,-0.452938,0.152766,0.316064,0.790058,0.525143,-0.035764,0.045063,-0.027874,-0.846828,-1.55007,1.874279,-1.126328,0.047592,0.019607,-0.023559,0.424228,0.444006,0.789233,-0.837393,0.524081,0.155278,-0.344677,-0.726772,0.594137,-0.018387,0.028303,-0.017701,0.080737,-0.060704,0.043138,-0.98542,0.07638,0.015043,-0.066231,0.057551,-0.277211,-0.959083,0.452768,0.863445,-0.2224,0.889768,-0.421443,0.175204,0.007889,0.004257,-0.00583,0.037143,-0.097051,0.139742,-0.568597
31,0.156288,-0.053922,0.302346,0.055083,0.216746,-0.974696,-0.488732,-0.845344,-0.215656,-0.870771,0.48797,0.060578,0.031948,0.021054,-0.017962,-0.351742,1.060365,-1.976832,-0.550972,-0.159886,-0.042882,0.288453,-0.37956,-0.428451,0.819973,0.883089,-0.43186,0.183261,0.276051,0.794192,0.541218,-0.035608,0.044417,-0.028852,-0.156045,0.207842,0.437119,-0.812582,0.04681,0.020512,-0.024144,0.446668,0.457927,0.768628,-0.841942,0.505774,0.187946,-0.302687,-0.73109,0.611462,-0.025667,0.021316,-0.014648,-0.535185,0.146985,0.356736,-0.902305,0.076912,0.015282,-0.066491,0.08732,-0.259938,-0.961668,0.455025,0.869173,-0.19362,0.886186,-0.420676,0.194174,0.016023,0.005346,-0.004392,0.03904,-0.121618,0.208291,-0.332152
32,0.15733,-0.053371,0.301852,0.036503,0.205331,-0.978035,-0.492852,-0.84764,-0.196404,-0.869402,0.488936,0.071472,0.031866,0.020789,-0.01837,0.045276,-0.127567,0.228879,-0.407144,-0.162013,-0.04101,0.287081,-0.398893,-0.452157,0.797766,0.893692,-0.386325,0.22804,0.20557,0.804474,0.557159,-0.052145,0.051928,-0.040175,-2.291872,-1.787337,1.976256,-0.587562,0.045753,0.021451,-0.024818,0.464477,0.477525,0.745808,-0.853794,0.465085,0.233945,-0.23515,-0.745429,0.623729,-0.03395,0.025307,-0.019983,-4.251768,-1.473233,-2.505156,-0.723502,0.077433,0.015559,-0.066735,0.107485,-0.245792,-0.963344,0.456553,0.872952,-0.171789,0.883178,-0.421354,0.206046,0.007998,0.005417,-0.004318,-0.098629,0.19969,-0.378481,-0.174087
33,0.157739,-0.053103,0.301656,0.030463,0.201591,-0.979019,-0.494165,-0.848311,-0.190108,-0.868882,0.489333,0.074994,0.032044,0.011368,-0.007926,0.010443,-0.129166,0.235427,-0.379509,-0.163298,-0.040027,0.28629,-0.412249,-0.4618,0.785355,0.894432,-0.368816,0.252783,0.173417,0.807223,0.564076,-0.067744,0.050348,-0.040583,-0.181399,-0.123378,1.050575,-0.491545,0.04509,0.021961,-0.025229,0.480094,0.484894,0.731017,-0.854117,0.448369,0.263529,-0.199982,-0.750894,0.629416,-0.033846,0.025052,-0.020419,-0.22625,-0.044642,1.080707,-0.619976,0.077649,0.015699,-0.066843,0.113137,-0.241797,-0.963708,0.456963,0.873929,-0.165625,0.88226,-0.421641,0.209366,0.016028,0.005701,-0.003957,0.009928,-0.129331,0.235518,-0.151716
34,0.158245,-0.05251,0.30127,0.022329,0.19649,-0.980275,-0.495393,-0.849457,-0.181606,-0.86842,0.489427,0.079591,0.000193,0.013111,-0.005568,0.035388,-0.023154,0.038027,-0.282103,-0.166487,-0.03807,0.284462,-0.441793,-0.482734,0.75616,0.891039,-0.333481,0.307854,0.104094,0.810368,0.576482,-0.099824,0.05476,-0.054696,-0.146864,-0.025455,1.312973,-0.411447,0.043533,0.022925,-0.026116,0.508451,0.502331,0.699385,-0.851136,0.416322,0.319752,-0.130548,-0.757851,0.639232,-0.041575,0.021831,-0.024076,-0.460761,-0.414246,1.77733,-0.505019,0.077902,0.015991,-0.067034,0.121012,-0.236167,-0.964147,0.456999,0.875484,-0.157091,0.881196,-0.421605,0.213872,0.007999,0.011253,-0.008058,0.077558,-0.131487,0.234657,-0.129835
35,0.158442,-0.051921,0.300948,0.012063,0.190102,-0.981713,-0.496398,-0.851078,-0.170959,-0.868037,0.489142,0.085321,0.000107,0.012339,-0.006595,-0.093765,0.376116,-0.701984,-0.131598,-0.170381,-0.036166,0.282394,-0.454825,-0.498934,0.737693,0.889206,-0.299103,0.346099,0.048524,0.813987,0.578736,-0.115172,0.053691,-0.055107,-4.029973,-2.073847,-2.033639,-0.192855,0.041629,0.023857,-0.027139,0.524187,0.512174,0.68037,-0.847821,0.389059,0.36032,-0.080158,-0.765708,0.638172,-0.049735,0.026647,-0.028582,-0.082932,0.043937,1.292345,-0.368345,0.078001,0.016283,-0.067188,0.128463,-0.230833,-0.964475,0.456429,0.87717,-0.149144,0.880436,-0.421055,0.218043,9.6e-05,0.006514,-0.002844,0.037287,-0.016495,0.025935,-0.071214
36,0.158373,-0.051652,0.300806,0.010004,0.188787,-0.98199,-0.496151,-0.851645,-0.168837,-0.868201,0.488665,0.086368,-0.015785,0.013168,-0.005458,0.035446,-0.011684,0.014255,-0.056534,-0.17228,-0.035266,0.281467,-0.464478,-0.505491,0.727139,0.885115,-0.28931,0.364425,0.026727,0.813488,0.58085,-0.098457,0.044319,-0.046527,-1.146328,-0.789962,-0.0366,-0.085341,0.040637,0.024323,-0.027627,0.533038,0.518458,0.668633,-0.844303,0.377287,0.380534,-0.054976,-0.767368,0.638845,-0.057075,0.021758,-0.022949,-3.933565,-2.263957,-2.154404,-0.269064,0.077973,0.016417,-0.067261,0.132837,-0.227715,-0.964623,0.455945,0.878194,-0.144525,0.880037,-0.420618,0.220482,2.7e-05,0.005864,-0.003705,0.037195,-0.016271,0.025453,-0.031044
37,0.158016,-0.051265,0.30058,0.004523,0.185345,-0.982686,-0.496032,-0.852816,-0.163188,-0.868309,0.487947,0.089302,-0.015955,0.01148,-0.007704,0.03465,0.002145,-0.011014,0.043166,-0.176165,-0.033372,0.27988,-0.482628,-0.519348,0.705222,0.875643,-0.274285,0.397429,-0.012376,0.809971,0.586223,-0.097031,0.04073,-0.028611,-1.317936,-0.614285,0.127453,0.154148,0.03873,0.025242,-0.028428,0.551685,0.529266,0.644608,-0.833832,0.367739,0.411693,-0.019152,-0.76462,0.644195,-0.040685,0.020541,-0.01475,0.151636,-0.30171,0.663616,-0.032783,0.077795,0.016618,-0.067372,0.138042,-0.223964,-0.964771,0.454989,0.879568,-0.139083,0.879732,-0.419761,0.223319,-0.007979,0.005682,-0.003925,0.034866,0.000951,-0.008833,0.045376
38,0.157476,-0.051195,0.300502,0.002492,0.184057,-0.982935,-0.495871,-0.853307,-0.161095,-0.868406,0.487578,0.090364,-0.016017,-0.011587,0.007613,-0.037402,0.041236,-0.073299,0.0851,-0.179602,-0.031986,0.279066,-0.511708,-0.532514,0.674222,0.858521,-0.288949,0.423537,-0.03009,0.796215,0.604151,-0.095806,0.032574,-0.016889,0.127348,-0.4224,0.59858,0.411365,0.036975,0.025961,-0.028848,0.578918,0.539373,0.611498,-0.815371,0.378476,0.438093,0.004858,-0.752218,0.658896,-0.039699,0.011086,-0.00452,0.070672,-0.56209,0.729743,0.268652,0.077524,0.016662,-0.067417,0.13993,-0.222585,-0.964818,0.454489,0.880132,-0.137132,0.879691,-0.419311,0.224319,-0.007979,7.6e-05,0.000117,-0.001272,0.014655,-0.029446,0.107916
39,0.157188,-0.051256,0.300542,0.001328,0.183342,-0.983071,-0.496067,-0.85342,-0.159887,-0.868296,0.487649,0.091039,-0.015987,-6.2e-05,-7.1e-05,-0.000984,0.014715,-0.029553,0.091815,-0.181225,-0.031609,0.278977,-0.527977,-0.536554,0.658288,0.848268,-0.297569,0.437982,-0.03846,0.790308,0.61139,-0.078509,0.012424,0.000671,-0.007244,-0.495877,0.741018,0.484645,0.036157,0.026157,-0.0289,0.594512,0.541091,0.594789,-0.803966,0.387212,0.451336,0.013905,-0.746516,0.665221,-0.039224,0.006634,0.000981,-0.147469,-0.850471,1.058988,0.422635,0.07738,0.016625,-0.067397,0.141082,-0.221774,-0.964837,0.45454,0.880301,-0.135878,0.879481,-0.419387,0.225,-0.008004,-0.000122,-0.000146,-0.001241,0.014697,-0.029508,0.115917
40,0.156708,-0.051385,0.30063,-0.000705,0.182103,-0.983302,-0.496469,-0.853579,-0.157776,-0.868064,0.487837,0.092233,-1.1e-05,-9.4e-05,-0.000125,-0.0,0.0,0.0,0.095678,-0.183912,-0.031595,0.279397,-0.544782,-0.541803,0.640042,0.837191,-0.309087,0.451122,-0.045915,0.782267,0.62114,-0.061476,-0.010295,0.014683,0.003626,-0.359371,0.531761,0.506773,0.034808,0.026179,-0.028685,0.610703,0.544024,0.575394,-0.791546,0.398992,0.462881,0.022241,-0.738135,0.674286,-0.030729,-0.004928,0.007695,-0.008686,-0.255011,0.365596,0.51914,0.077134,0.016559,-0.067355,0.143059,-0.220386,-0.964864,0.454652,0.880573,-0.133722,0.879104,-0.419548,0.226173,-0.007959,0.000299,0.000403,-0.00658,0.110618,-0.203686,0.110855
41,0.156446,-0.051385,0.300665,-0.001679,0.181496,-0.983413,-0.496542,-0.853723,-0.156766,-0.86802,0.487812,0.092777,5.3e-05,0.000469,0.000622,-0.0,0.0,0.0,0.092736,-0.185915,-0.03217,0.279874,-0.556576,-0.530486,0.639374,0.83016,-0.32737,0.451218,-0.029363,0.782572,0.621757,-0.046218,-0.013783,0.008426,-0.019525,-0.141649,0.204911,0.521169,0.033801,0.025898,-0.028438,0.621769,0.531898,0.574879,-0.783178,0.416819,0.461403,0.005799,-0.73712,0.675736,-0.023089,-0.006549,0.004727,-0.020481,-0.163925,0.237989,0.519629,0.077003,0.016559,-0.067338,0.143995,-0.219715,-0.964878,0.454586,0.880758,-0.132719,0.878985,-0.41951,0.226704,-0.00792,0.00065,0.000864,-0.001116,0.014719,-0.029537,0.089791
42,0.15641,-0.051387,0.30068,-0.002374,0.181077,-0.983489,-0.496583,-0.853828,-0.156059,-0.867994,0.487783,0.09317,2e-06,1.8e-05,2.4e-05,0.0,0.0,0.0,0.09475,-0.187401,-0.032799,0.280209,-0.569924,-0.52156,0.634943,0.82138,-0.343668,0.45515,-0.018471,0.781572,0.623431,-0.030782,-0.01476,0.005722,-0.030282,-0.049364,0.066916,0.518965,0.033052,0.025582,-0.028271,0.634368,0.521783,0.570367,-0.773016,0.432747,0.46387,-0.004786,-0.735168,0.677867,-0.023178,-0.007235,0.003723,-0.031549,-0.050479,0.061238,0.522242,0.076986,0.01656,-0.067328,0.144663,-0.219251,-0.964883,0.45453,0.880893,-0.132019,0.878905,-0.419471,0.227089,1e-06,5e-06,1.1e-05,-9e-05,-4e-06,2.3e-05,0.070359
43,0.156469,-0.051392,0.300656,-0.002675,0.1809,-0.983521,-0.496567,-0.853892,-0.155761,-0.868002,0.487738,0.093336,-7.6e-05,-0.00067,-0.000889,0.0,0.0,0.0,0.095788,-0.188105,-0.033114,0.280362,-0.570603,-0.519478,0.63604,0.820892,-0.342168,0.457155,-0.019141,0.783613,0.620844,-0.046346,-0.01391,0.008092,-0.048007,0.064836,-0.100099,0.516752,0.032717,0.025425,-0.028203,0.635059,0.519588,0.571601,-0.772451,0.431288,0.466164,-0.004312,-0.737576,0.675249,-0.01541,-0.007351,0.002914,-0.025924,0.035181,-0.077644,0.521589,0.077015,0.016559,-0.067338,0.144952,-0.219054,-0.964885,0.454472,0.880966,-0.131728,0.878887,-0.419419,0.227252,0.007878,0.004538,-0.005458,0.036532,-0.027363,0.048048,0.062521
44,0.156635,-0.051379,0.300621,-0.003251,0.180565,-0.983581,-0.496512,-0.854027,-0.155195,-0.868031,0.487626,0.093653,-1e-06,-6e-06,-8e-06,0.0,0.0,0.0,0.096316,-0.189098,-0.033716,0.280744,-0.579902,-0.524853,0.623085,0.813962,-0.343303,0.468554,-0.031294,0.779528,0.625475,-0.014995,-0.01153,0.008845,-0.220502,-0.528412,0.550598,0.516412,0.032197,0.025115,-0.028014,0.643648,0.52342,0.558342,-0.76528,0.432651,0.476612,0.007901,-0.734059,0.679038,-0.014996,-0.011423,0.009016,-0.679376,-1.785888,1.88124,0.520609,0.077098,0.016563,-0.067358,0.145507,-0.218681,-0.964886,0.454336,0.881118,-0.131181,0.878866,-0.419295,0.227564,2e-06,6e-06,6e-06,-0.005471,0.095914,-0.174134,0.047662
45,0.156766,-0.05139,0.300607,-0.003934,0.180168,-0.983651,-0.496528,-0.854141,-0.154515,-0.868018,0.487574,0.094042,-0.0,-1e-06,-1e-06,-0.005431,0.095914,-0.174153,0.095248,-0.189559,-0.034237,0.281353,-0.591545,-0.535615,0.602646,0.804786,-0.348479,0.480434,-0.046582,0.769859,0.636404,0.000931,-0.007629,0.012967,0.117882,-0.298044,0.051773,0.521993,0.031961,0.024848,-0.027709,0.655656,0.531634,0.53617,-0.754655,0.438185,0.488353,0.024683,-0.724816,0.688499,0.000465,-0.003698,0.006658,0.165365,-0.32327,0.025596,0.521916,0.077163,0.016557,-0.067365,0.146043,-0.218324,-0.964886,0.454271,0.881232,-0.130638,0.87881,-0.419241,0.227875,2e-06,7e-06,9e-06,-4.1e-05,0.0,6e-06,0.031823
46,0.156814,-0.0514,0.300611,-0.004121,0.180062,-0.983669,-0.496555,-0.854159,-0.154328,-0.868001,0.487581,0.094154,-0.0,-0.0,-0.0,-0.005432,0.095909,-0.174155,0.094913,-0.189616,-0.034521,0.281707,-0.591516,-0.537893,0.600643,0.804729,-0.349014,0.48014,-0.047895,0.768028,0.638516,0.001577,-0.018677,0.021253,0.063187,-0.255064,0.04816,0.522767,0.031932,0.024715,-0.027537,0.655513,0.533803,0.534187,-0.754733,0.43865,0.487814,0.026076,-0.722937,0.69042,0.000452,-0.003841,0.006454,0.145964,-0.201376,-0.161739,0.519793,0.077187,0.016553,-0.067363,0.146346,-0.21812,-0.964886,0.454257,0.881286,-0.130324,0.878767,-0.419234,0.228055,-2e-06,5e-06,7e-06,-0.005457,0.095916,-0.174139,0.024148
47,0.15685,-0.05138,0.300603,-0.004647,0.179746,-0.983725,-0.496521,-0.854274,-0.153801,-0.868017,0.487498,0.094441,0.0,3e-06,3e-06,0.0,0.0,0.0,0.09543,-0.18958,-0.035339,0.282521,-0.586882,-0.546138,0.597741,0.807984,-0.348866,0.47475,-0.050017,0.762261,0.645228,0.002024,-0.03212,0.026272,0.144715,-0.290491,-0.276987,0.529171,0.031951,0.024317,-0.027124,0.651785,0.541482,0.53101,-0.757852,0.438335,0.483241,0.028906,-0.717397,0.696064,0.000693,-0.010298,0.009316,0.354959,-0.456432,-0.343661,0.520936,0.077206,0.016563,-0.067367,0.146852,-0.217769,-0.964888,0.454147,0.881418,-0.129811,0.878739,-0.419138,0.228337,-1e-06,-2e-06,-3e-06,-2.6e-05,-1.4e-05,2.4e-05,0.012064
48,0.156826,-0.051379,0.300604,-0.005198,0.179412,-0.983783,-0.496534,-0.854367,-0.153241,-0.868006,0.487458,0.094749,0.0,0.0,0.0,0.0,0.0,0.0,0.096394,-0.189627,-0.036396,0.283471,-0.56888,-0.568467,0.594317,0.819138,-0.328178,0.470368,-0.071639,0.755112,0.651565,0.002131,-0.030792,0.028083,0.02227,-0.14874,-0.144,0.530073,0.031932,0.023796,-0.026665,0.634817,0.565618,0.526384,-0.770953,0.418409,0.480171,0.05135,-0.710639,0.701679,0.00073,-0.009879,0.009892,0.132006,-0.235562,-0.218634,0.521099,0.077194,0.016563,-0.067366,0.147382,-0.217399,-0.964891,0.45408,0.881534,-0.12926,0.878686,-0.419087,0.228638,0.0,-2e-06,-3e-06,-2.9e-05,1.1e-05,2e-05,0.002104
49,0.156826,-0.051384,0.300597,-0.005344,0.179325,-0.983798,-0.496537,-0.854391,-0.153094,-0.868003,0.487447,0.094831,-3e-06,-3e-05,-3.9e-05,0.0,0.0,0.0,0.096785,-0.189708,-0.036913,0.283966,-0.556006,-0.585214,0.590231,0.826377,-0.313842,0.467479,-0.087644,0.748398,0.65733,-0.013495,-0.030384,0.029834,-0.590227,-2.088458,1.689427,0.52893,0.031892,0.023525,-0.026408,0.621502,0.582257,0.524129,-0.780611,0.403743,0.477114,0.066189,-0.705668,0.705443,0.000737,-0.009779,0.010028,0.222097,-0.335139,-0.27447,0.521262,0.077193,0.01656,-0.06737,0.147522,-0.217302,-0.964892,0.454062,0.881564,-0.129115,0.878672,-0.419074,0.228719,-1e-06,-1.4e-05,-1.8e-05,-2.6e-05,1e-06,1.4e-05,-0.002305
50,0.156838,-0.051385,0.300596,-0.00545,0.179262,-0.983809,-0.496539,-0.854409,-0.152987,-0.868001,0.487439,0.094891,-0.0,-0.0,-0.0,0.0,0.0,0.0,0.098254,-0.189955,-0.037995,0.285109,-0.538575,-0.612484,0.578612,0.834839,-0.295696,0.464265,-0.112591,0.733847,0.669817,-0.013346,-0.028325,0.032619,0.31698,-0.6081,-0.252165,0.519406,0.031768,0.022982,-0.02584,0.607643,0.609249,0.509495,-0.788562,0.386443,0.478363,0.094551,-0.692442,0.71525,-0.00669,-0.014158,0.016326,0.364895,-0.566133,-0.513652,0.521589,0.077199,0.01656,-0.06737,0.147625,-0.217232,-0.964892,0.454049,0.881586,-0.129009,0.878661,-0.419064,0.228778,-0.0,2e-06,5e-06,-1.9e-05,3e-06,2.4e-05,-0.010633
51,0.156873,-0.051391,0.300587,-0.005916,0.178985,-0.983857,-0.496549,-0.854487,-0.152518,-0.867992,0.487405,0.095154,-0.0,-3e-06,-4e-06,0.0,0.0,0.0,0.100469,-0.190291,-0.038919,0.286542,-0.518965,-0.643184,0.56301,0.84353,-0.27929,0.458681,-0.137127,0.713752,0.686743,-0.012863,-0.022449,0.040525,-0.745521,-1.210601,-1.247772,0.513262,0.031605,0.022521,-0.025149,0.59228,0.637882,0.492249,-0.797247,0.375534,0.472621,0.11662,-0.672369,0.730971,-0.006426,-0.010899,0.020716,0.343338,-0.528008,-0.394915,0.521752,0.077217,0.016557,-0.067375,0.148073,-0.216924,-0.964892,0.453992,0.881683,-0.128548,0.878615,-0.419019,0.229035,0.0,3e-06,6e-06,-0.005439,0.095933,-0.174123,-0.015695
52,0.156884,-0.051386,0.30056,-0.006157,0.178838,-0.983882,-0.496509,-0.854554,-0.152277,-0.868013,0.487342,0.09528,-5.5e-05,-0.000494,-0.000656,0.0,0.0,0.0,0.101257,-0.190729,-0.039547,0.288242,-0.496624,-0.676648,0.543602,0.854007,-0.269514,0.444937,-0.153939,0.686046,0.71099,-0.012305,-0.015961,0.049112,-0.342165,-1.669934,-1.572263,0.509852,0.03138,0.022194,-0.02429,0.570039,0.672549,0.471945,-0.809675,0.36225,0.461737,0.139578,-0.64533,0.751043,-0.006271,-0.007802,0.024596,-2.745448,-3.033198,-4.108619,0.522079,0.077222,0.01656,-0.067387,0.148304,-0.216761,-0.964893,0.453917,0.881756,-0.128318,0.878615,-0.418952,0.22916,-3.6e-05,-0.000323,-0.000426,-1.3e-05,-3e-06,7e-06,-0.022063
53,0.156882,-0.051389,0.300539,-0.006306,0.178747,-0.983898,-0.496489,-0.854591,-0.152127,-0.868023,0.487309,0.095359,-8.2e-05,-0.000736,-0.000977,0.0,0.0,0.0,0.103934,-0.190992,-0.03981,0.28923,-0.490653,-0.687824,0.53493,0.857375,-0.272008,0.436869,-0.154373,0.673841,0.722476,-0.012098,-0.013643,0.052092,0.462395,-0.801889,-0.305241,0.50909,0.031249,0.022062,-0.023795,0.56275,0.685146,0.462478,-0.814232,0.362919,0.453118,0.14261,-0.631557,0.7621,-0.005762,-0.012242,0.030352,0.462616,-0.96635,-0.221671,0.522079,0.077222,0.016559,-0.067398,0.148448,-0.21666,-0.964894,0.453875,0.881798,-0.128173,0.878612,-0.418915,0.229237,-4.3e-05,-0.000402,-0.000531,-1.5e-05,1.1e-05,3e-06,-0.023533
54,0.156879,-0.051391,0.300485,-0.00648,0.178637,-0.983917,-0.496425,-0.85466,-0.151954,-0.868058,0.48723,0.095442,-7.5e-05,-0.000671,-0.000891,0.0,0.0,0.0,0.106588,-0.191665,-0.040447,0.29146,-0.473317,-0.714101,0.515773,0.866295,-0.271606,0.419163,-0.158649,0.646097,0.746494,-0.026978,-0.023057,0.063392,0.367427,-0.691267,-0.293546,0.50871,0.030919,0.021753,-0.022678,0.545919,0.711816,0.441915,-0.824317,0.361948,0.435309,0.149909,-0.601922,0.784357,-0.005688,-0.011362,0.031373,0.548058,-0.978813,-0.188117,0.522242,0.07722,0.016558,-0.067425,0.148615,-0.216538,-0.964895,0.453784,0.881868,-0.128013,0.878631,-0.41883,0.22932,-4.5e-05,-0.000417,-0.000553,-8e-06,-8e-06,-4e-06,-0.025166
55,0.156888,-0.051375,0.300403,-0.006607,0.178551,-0.983931,-0.496291,-0.85476,-0.151832,-0.868134,0.487087,0.095484,-0.000131,0.009986,-0.009718,0.035627,-0.012642,0.018503,0.106126,-0.192556,-0.041203,0.293916,-0.448048,-0.744699,0.494639,0.877548,-0.261032,0.402128,-0.169791,0.61517,0.769805,-0.026745,-0.020732,0.066078,0.396503,-0.811678,-0.097187,0.50808,0.030464,0.021367,-0.021425,0.52152,0.742995,0.419493,-0.837242,0.350866,0.419426,0.164446,-0.569957,0.80505,-0.013412,-0.010316,0.033131,0.433184,-0.839064,-0.106156,0.520936,0.077224,0.016562,-0.067463,0.148751,-0.216436,-0.964897,0.453651,0.881954,-0.127895,0.878677,-0.418702,0.229378,-5.4e-05,-0.000495,-0.000655,-7e-06,1.2e-05,2e-06,-0.029575
56,0.156897,-0.05138,0.300361,-0.00663,0.178534,-0.983934,-0.496246,-0.854789,-0.151811,-0.868159,0.48704,0.095488,-9.7e-05,-0.000863,-0.001146,0.0,0.0,0.0,0.106895,-0.193045,-0.04158,0.295185,-0.43407,-0.759908,0.483853,0.883157,-0.253289,0.39473,-0.176865,0.599607,0.780419,-0.027273,-0.009144,0.058286,0.426085,-0.795586,-0.09462,0.506484,0.030219,0.021179,-0.020789,0.508065,0.758426,0.408238,-0.843745,0.342993,0.412854,0.173096,-0.554206,0.814181,-0.013667,-0.004465,0.029312,0.461042,-0.821087,-0.102309,0.518813,0.077229,0.016563,-0.067488,0.148758,-0.216426,-0.964899,0.45358,0.881989,-0.127901,0.878712,-0.418633,0.22937,-4.8e-05,-0.00044,-0.000582,-3e-06,-7e-06,-2e-06,-0.031697
57,0.156928,-0.051399,0.300284,-0.00667,0.178508,-0.983939,-0.496178,-0.854835,-0.151776,-0.868198,0.48697,0.095497,-0.000126,-0.001123,-0.001493,0.0,0.0,0.0,0.107807,-0.194032,-0.042204,0.297728,-0.420918,-0.78008,0.46292,0.888931,-0.253434,0.381454,-0.179722,0.573039,0.799493,-0.027058,-0.007433,0.060067,0.451233,-0.820348,-0.072442,0.497371,0.029736,0.02087,-0.01954,0.495677,0.777381,0.387275,-0.849882,0.342308,0.400654,0.178893,-0.527733,0.830357,-0.005498,-0.009447,0.033414,0.424444,-0.765937,-0.314145,0.510159,0.077245,0.016554,-0.067526,0.148797,-0.216397,-0.964899,0.453506,0.882031,-0.127878,0.878744,-0.41856,0.229381,-7.8e-05,-0.000699,-0.000927,-3e-06,1e-06,2e-06,-0.0348
58,0.156937,-0.051418,0.300242,-0.006981,0.178321,-0.98397,-0.496161,-0.8549,-0.151463,-0.868204,0.486925,0.095668,-4.5e-05,-0.000399,-0.00053,0.0,0.0,0.0,0.108224,-0.195035,-0.042556,0.300166,-0.409488,-0.796285,0.445244,0.893761,-0.252528,0.370615,-0.18217,0.550699,0.814499,-0.026851,-0.005993,0.061443,0.225179,-0.545315,0.105836,0.48859,0.029234,0.020694,-0.018321,0.483675,0.793969,0.368335,-0.855826,0.340863,0.389068,0.183356,-0.503413,0.844366,-0.013482,-0.003111,0.030604,0.27017,-0.496529,-0.129588,0.497912,0.077249,0.016543,-0.067549,0.149096,-0.216189,-0.964899,0.453443,0.882107,-0.127573,0.878725,-0.418507,0.229548,-2e-05,-0.000177,-0.000235,-2e-06,-1.2e-05,1.3e-05,-0.038066
59,0.156924,-0.051417,0.300208,-0.007281,0.178135,-0.984002,-0.496122,-0.854976,-0.15116,-0.868224,0.486859,0.095826,-2.8e-05,-0.000253,-0.000337,0.0,0.0,0.0,0.107133,-0.195844,-0.042457,0.30244,-0.401306,-0.809326,0.428877,0.898012,-0.255766,0.357899,-0.179467,0.529777,0.828849,-0.026992,0.008363,0.056785,0.416592,-0.64198,-0.164072,0.477289,0.02883,0.020736,-0.017185,0.47656,0.805549,0.352107,-0.85984,0.343616,0.377627,0.183208,-0.482718,0.856397,-0.005741,0.004362,0.028132,0.438964,-0.703933,-0.182811,0.481419,0.077242,0.016544,-0.067565,0.149385,-0.215983,-0.964901,0.453359,0.882192,-0.127281,0.878719,-0.418433,0.229704,-1.5e-05,-0.000137,-0.00018,-5e-06,-1e-06,-1e-06,-0.042475
60,0.156912,-0.051417,0.300209,-0.007429,0.178045,-0.984017,-0.496125,-0.855001,-0.15101,-0.868221,0.486848,0.095908,-0.0,-4e-06,-5e-06,0.0,0.0,0.0,0.106892,-0.196151,-0.042268,0.303513,-0.398649,-0.813554,0.423321,0.899359,-0.256744,0.353792,-0.178649,0.522775,0.833459,-0.011396,0.008472,0.055633,0.160324,-0.276784,-0.128057,0.475513,0.028671,0.020832,-0.016646,0.473057,0.810478,0.34546,-0.861873,0.344385,0.372254,0.182732,-0.47384,0.861443,-0.006001,0.009861,0.023808,0.23506,-0.420423,0.037965,0.475214,0.077236,0.016544,-0.067565,0.149527,-0.215884,-0.964901,0.453341,0.882223,-0.127133,0.878704,-0.41842,0.229785,3e-06,1.9e-05,2.5e-05,-3e-06,-2e-06,-5e-06,-0.044761
61,0.156901,-0.051406,0.300224,-0.007413,0.178053,-0.984016,-0.496125,-0.854999,-0.151025,-0.868221,0.48685,0.095899,9e-06,8e-05,0.000106,0.0,0.0,0.0,0.106319,-0.19669,-0.041811,0.305505,-0.391637,-0.819696,0.417985,0.903179,-0.256007,0.344475,-0.174872,0.51345,0.84003,-0.011571,0.006215,0.052352,0.009569,-0.102989,-0.01985,0.471947,0.028401,0.021067,-0.015641,0.465866,0.816981,0.339868,-0.866385,0.343085,0.362863,0.179848,-0.463502,0.867651,-0.005843,0.002895,0.025936,-0.044484,-0.05482,-0.040087,0.46803,0.077231,0.01655,-0.067557,0.149511,-0.215893,-0.964901,0.453343,0.88222,-0.127148,0.878706,-0.418422,0.229776,6e-06,4.8e-05,6.4e-05,0.0,5e-06,-4e-06,-0.04868
62,0.156912,-0.051412,0.300216,-0.007538,0.177979,-0.984028,-0.496127,-0.85502,-0.150899,-0.868218,0.48684,0.09597,-3e-06,-3e-05,-3.9e-05,0.0,0.0,0.0,0.106188,-0.196954,-0.041604,0.307271,-0.385709,-0.822962,0.417077,0.906202,-0.253331,0.33846,-0.172404,0.509534,0.842921,-0.012162,7.6e-05,0.04452,-0.048741,-0.027315,-0.004101,0.472932,0.02827,0.021179,-0.014747,0.460242,0.820489,0.339077,-0.86978,0.340176,0.357437,0.177928,-0.45943,0.870209,0.001301,0.005032,0.016977,-0.065445,0.073392,-0.119297,0.464927,0.077236,0.016547,-0.067561,0.149632,-0.215811,-0.964901,0.453328,0.882246,-0.127024,0.878693,-0.41841,0.229845,0.0,-1.6e-05,-2e-05,2e-06,1.2e-05,6e-06,-0.052272
63,0.156924,-0.051409,0.300202,-0.007648,0.177913,-0.984039,-0.496107,-0.855051,-0.15079,-0.868229,0.48681,0.096027,-9e-06,-7.9e-05,-0.000105,0.0,0.0,0.0,0.10619,-0.196964,-0.041641,0.308076,-0.382869,-0.823549,0.418533,0.907735,-0.251561,0.335662,-0.170674,0.509463,0.843316,0.003043,-0.002432,0.040391,-0.057862,-0.027326,0.032726,0.472906,0.02826,0.02116,-0.014329,0.457607,0.82128,0.340723,-0.8715,0.338304,0.355016,0.176299,-0.459398,0.870557,0.001462,-0.001529,0.019823,-0.090995,-0.006899,0.04598,0.464601,0.077242,0.016548,-0.067568,0.149738,-0.215736,-0.964901,0.453291,0.88228,-0.12692,0.878695,-0.418377,0.229902,-3e-06,-4.3e-05,-5.8e-05,-1e-06,2.1e-05,-1e-06,-0.053905
64,0.156935,-0.051377,0.300175,-0.007694,0.177879,-0.984045,-0.496016,-0.855111,-0.150748,-0.86828,0.486717,0.096034,-0.0,-0.0,-0.0,0.0,0.0,0.0,0.105918,-0.196833,-0.041938,0.30955,-0.380556,-0.824772,0.418234,0.908395,-0.249009,0.335778,-0.172325,0.508737,0.843418,0.002577,-0.006967,0.034789,-0.067316,-0.006965,0.013525,0.47278,0.028325,0.021014,-0.013606,0.455569,0.822514,0.340479,-0.872222,0.33595,0.355479,0.178002,-0.458919,0.870463,0.008947,-0.003838,0.016477,-0.090967,0.087711,-0.124318,0.462641,0.077248,0.016564,-0.067581,0.149782,-0.2157,-0.964903,0.453192,0.882335,-0.126893,0.878738,-0.418281,0.229911,1e-06,3e-06,5e-06,-3e-06,1.5e-05,-1.1e-05,-0.056517
65,0.156922,-0.051347,0.300129,-0.007804,0.177803,-0.984058,-0.495905,-0.855194,-0.150641,-0.868343,0.486598,0.096071,-8.7e-05,-0.000781,-0.001038,0.0,0.0,0.0,0.103751,-0.196598,-0.042393,0.310886,-0.377389,-0.825949,0.418781,0.909412,-0.245498,0.335611,-0.17392,0.508534,0.843213,0.002271,-0.009957,0.031126,-0.052292,0.070085,-0.205652,0.470271,0.028442,0.020786,-0.012938,0.452814,0.823864,0.34089,-0.873357,0.332893,0.355569,0.179461,-0.458726,0.870265,0.008839,-0.004863,0.015205,-0.052679,-0.04378,0.023256,0.460518,0.077242,0.016581,-0.067602,0.149886,-0.215616,-0.964905,0.453062,0.882414,-0.126805,0.878788,-0.418156,0.229949,-4.8e-05,-0.00044,-0.000584,0.0,7e-06,-1e-06,-0.06011
66,0.156907,-0.051341,0.300069,-0.007856,0.177763,-0.984065,-0.495815,-0.855255,-0.15059,-0.868394,0.486505,0.09608,-0.00013,-0.001163,-0.001546,0.0,0.0,0.0,0.10321,-0.196416,-0.042925,0.312147,-0.372337,-0.828436,0.418391,0.911355,-0.241417,0.333293,-0.174644,0.506437,0.844325,0.002126,-0.011369,0.029386,0.231276,-0.340934,-0.22437,0.464575,0.028533,0.020518,-0.01231,0.44908,0.825525,0.341811,-0.874985,0.328866,0.355314,0.180911,-0.458644,0.870009,0.00133,-0.010987,0.019117,0.230981,-0.389052,-0.25005,0.454476,0.077234,0.016584,-0.067631,0.149936,-0.215573,-0.964907,0.452962,0.88247,-0.12677,0.87883,-0.418059,0.22996,-7.5e-05,-0.000676,-0.000897,-0.000785,0.013912,-0.025237,-0.064356
67,0.156906,-0.05134,0.300035,-0.007881,0.177744,-0.984068,-0.49577,-0.855286,-0.150567,-0.868419,0.486459,0.096084,-0.000132,-0.001178,-0.001567,0.0,0.0,0.0,0.103533,-0.196372,-0.043211,0.312772,-0.370004,-0.829684,0.417987,0.912224,-0.239567,0.33225,-0.175069,0.50527,0.844936,0.002057,-0.012057,0.028545,0.0762,-0.080639,-0.297188,0.459788,0.028554,0.020379,-0.012009,0.446374,0.82747,0.340649,-0.876344,0.327221,0.353478,0.181025,-0.456309,0.871212,0.001032,-0.005781,0.014567,0.235058,-0.32599,-0.152453,0.449578,0.077233,0.016584,-0.067649,0.14996,-0.215553,-0.964908,0.452913,0.882498,-0.126754,0.878852,-0.418011,0.229966,-7.4e-05,-0.000677,-0.000902,-0.000782,0.013924,-0.02523,-0.065335
68,0.156913,-0.051329,0.299946,-0.007898,0.177724,-0.984072,-0.495633,-0.855367,-0.150555,-0.868497,0.486324,0.096066,-9.2e-05,-0.000825,-0.001098,0.0,0.0,0.0,0.104195,-0.196386,-0.043694,0.313891,-0.365157,-0.833555,0.414533,0.914202,-0.237299,0.328418,-0.174934,0.499935,0.848131,0.001465,-0.001554,0.01953,0.066656,-0.201196,0.118871,0.446102,0.028548,0.020127,-0.011437,0.440922,0.831955,0.336804,-0.879085,0.324582,0.349076,0.181095,-0.449995,0.874475,0.001008,-0.006018,0.014262,0.008497,-0.094086,-0.082075,0.435208,0.077237,0.016588,-0.067695,0.149977,-0.215531,-0.96491,0.45277,0.882569,-0.126764,0.878922,-0.417871,0.229951,-5.5e-05,-0.000501,-0.000665,1e-06,8e-06,1e-06,-0.066152
69,0.156908,-0.051298,0.299832,-0.00791,0.1777,-0.984076,-0.495428,-0.855486,-0.150552,-0.868614,0.486123,0.096028,-8.9e-05,-0.000798,-0.001063,0.0,0.0,0.0,0.103893,-0.196464,-0.044073,0.314911,-0.357697,-0.840002,0.407972,0.917561,-0.235228,0.320443,-0.172764,0.490013,0.854344,0.002012,-0.012459,0.027988,0.055141,-0.138242,-0.099057,0.429504,0.028508,0.019941,-0.010932,0.433726,0.838477,0.329903,-0.882921,0.322427,0.341307,0.179809,-0.439313,0.880154,-0.006983,-0.000666,0.010368,0.074543,-0.132491,-0.123597,0.41692,0.077234,0.016603,-0.067753,0.149987,-0.215507,-0.964914,0.452559,0.882673,-0.126793,0.879029,-0.417663,0.229919,-5.1e-05,-0.000472,-0.000629,5e-06,-0.0,2.7e-05,-0.067458
70,0.156906,-0.051287,0.299778,-0.007923,0.177685,-0.984078,-0.495337,-0.855541,-0.150542,-0.868665,0.486033,0.096017,-7.1e-05,-0.000637,-0.000849,0.0,0.0,0.0,0.103313,-0.196535,-0.044215,0.315375,-0.351765,-0.8451,0.402566,0.92034,-0.233968,0.313317,-0.170162,0.48177,0.859538,0.001976,-0.012814,0.027553,0.421541,-0.566503,-0.35623,0.420975,0.028474,0.019866,-0.010689,0.429053,0.842577,0.325539,-0.885441,0.321047,0.336039,0.178626,-0.432424,0.883799,0.000968,-0.006431,0.013748,0.374543,-0.530467,-0.352165,0.405489,0.077233,0.016608,-0.067781,0.15,-0.215491,-0.964915,0.452464,0.882721,-0.126797,0.879076,-0.41757,0.22991,-3.1e-05,-0.000297,-0.000397,-2e-06,-7e-06,2e-06,-0.068438
71,0.156901,-0.051253,0.29965,-0.007938,0.177658,-0.984083,-0.495109,-0.855673,-0.150536,-0.868795,0.485809,0.095976,-0.000135,-0.001205,-0.001606,0.0,0.0,0.0,0.10379,-0.196701,-0.044384,0.316292,-0.3435,-0.852619,0.393751,0.924131,-0.232464,0.303111,-0.166481,0.469065,0.867251,0.001581,-0.000377,0.020796,0.128003,-0.283571,0.103695,0.404976,0.028395,0.019782,-0.010253,0.419603,0.851143,0.315417,-0.890587,0.318865,0.324311,0.17546,-0.416989,0.891814,0.000753,-0.000412,0.010143,0.12155,-0.204572,-0.133369,0.383608,0.077231,0.016627,-0.067843,0.150013,-0.215462,-0.96492,0.452229,0.882838,-0.126827,0.879195,-0.417339,0.229876,-0.000103,0.004655,-0.00531,0.035618,-0.01266,0.018491,-0.069744
72,0.156895,-0.051236,0.299535,-0.007983,0.177616,-0.984091,-0.494928,-0.855785,-0.150498,-0.868899,0.485627,0.095963,-0.000109,-0.000972,-0.001296,0.0,0.0,0.0,0.102475,-0.196915,-0.044383,0.317154,-0.334252,-0.861191,0.382907,0.928421,-0.231231,0.29069,-0.161388,0.453743,0.876319,0.001662,0.000431,0.021679,0.189535,-0.343069,0.034981,0.398606,0.028288,0.019778,-0.009819,0.410699,0.859324,0.304775,-0.895375,0.317009,0.312742,0.17213,-0.401331,0.899613,0.000823,0.000293,0.010933,0.277217,-0.360478,-0.200305,0.367279,0.077228,0.016635,-0.067901,0.150056,-0.215418,-0.964923,0.452037,0.882937,-0.126818,0.879286,-0.417151,0.229867,-6.4e-05,-0.00058,-0.000773,-4e-06,9e-06,1.2e-05,-0.071377
73,0.156887,-0.05124,0.299392,-0.008101,0.17753,-0.984105,-0.494748,-0.855909,-0.150385,-0.869,0.48544,0.095991,-0.000228,-0.002028,-0.002706,0.0,0.0,0.0,0.100253,-0.197127,-0.044186,0.318003,-0.326577,-0.868346,0.373249,0.931953,-0.23031,0.279921,-0.156703,0.440356,0.883965,0.001956,0.003382,0.025018,0.193906,-0.279414,-0.124196,0.393157,0.028176,0.019874,-0.00939,0.403097,0.866325,0.294945,-0.899439,0.315559,0.302376,0.168883,-0.387172,0.906408,-0.007,0.00709,0.008682,0.295287,-0.344573,-0.166327,0.358462,0.077224,0.016632,-0.067966,0.150166,-0.215328,-0.964926,0.451859,0.88304,-0.126734,0.879359,-0.41698,0.229901,-9e-05,-0.000806,-0.001077,-5e-06,1e-06,-9e-06,-0.074806
74,0.156883,-0.051252,0.299323,-0.008185,0.177474,-0.984114,-0.494681,-0.855962,-0.150303,-0.869037,0.485367,0.096023,-0.000263,-0.002344,-0.003131,-0.000783,0.013954,-0.025204,0.100165,-0.197252,-0.044013,0.318466,-0.322504,-0.871855,0.368582,0.93379,-0.229556,0.274364,-0.154198,0.433755,0.887661,-0.013823,0.015502,0.01882,0.328031,-0.391313,-0.204399,0.390519,0.02812,0.019956,-0.009156,0.399495,0.869417,0.290717,-0.901336,0.31463,0.297659,0.167321,-0.380947,0.90933,0.001038,0.00245,0.013358,0.465416,-0.556557,-0.244562,0.354379,0.077222,0.016628,-0.068005,0.15025,-0.215262,-0.964928,0.451755,0.883103,-0.126666,0.879398,-0.41688,0.229932,-0.000128,-0.001162,-0.001552,-0.000787,0.013972,-0.025202,-0.076602
75,0.156874,-0.051258,0.299159,-0.008326,0.177373,-0.984131,-0.494478,-0.856103,-0.150169,-0.869151,0.485157,0.096059,-0.000257,-0.002282,-0.00305,-0.000783,0.01396,-0.0252,0.0998,-0.197558,-0.043612,0.319408,-0.318531,-0.875313,0.363809,0.935517,-0.228707,0.269139,-0.151984,0.427178,0.891226,0.001732,0.017307,0.019794,0.078448,-0.125534,0.025651,0.386013,0.027961,0.020155,-0.008686,0.394621,0.873479,0.285143,-0.903835,0.313151,0.291578,0.165395,-0.372785,0.913057,-0.00658,0.002973,0.01438,0.022059,-0.075122,-0.050635,0.347031,0.077218,0.016626,-0.068086,0.150366,-0.215164,-0.964932,0.45153,0.88323,-0.126584,0.879494,-0.416662,0.229961,-9.3e-05,-0.000859,-0.001146,4e-06,5e-06,2e-05,-0.077909
76,0.156867,-0.051262,0.299016,-0.008444,0.177287,-0.984146,-0.494298,-0.856227,-0.150056,-0.869252,0.48497,0.096087,-0.000194,-0.001724,-0.002306,0.0,0.0,0.0,0.09935,-0.197925,-0.043159,0.320438,-0.31516,-0.87759,0.36125,0.936869,-0.227217,0.265675,-0.150684,0.423276,0.893306,-0.012932,0.00752,0.030376,-0.012494,-0.026518,-0.011747,0.382679,0.027788,0.02038,-0.008181,0.391286,0.875808,0.282584,-0.90545,0.311504,0.288312,0.16448,-0.368679,0.914888,0.001152,0.003531,0.014464,-0.043859,0.067901,-0.158021,0.341316,0.077214,0.016623,-0.068159,0.15048,-0.215071,-0.964934,0.451329,0.883345,-0.126501,0.879577,-0.416467,0.229993,-5.8e-05,-0.000545,-0.000727,0.0,-0.0,8e-06,-0.079378
