frame,MLTx,MLTy,MLTz,MLTR1,MLTR2,MLTR3,MLTR4,MLTR5,MLTR6,MLTR7,MLTR8,MLTR9,MLTTVx,MLTTVy,MLTTVz,MLTRVx,MLTRVy,MLTRVz,MLGA,MRTx,MRTy,MRTz,MRTR1,MRTR2,MRTR3,MRTR4,MRTR5,MRTR6,MRTR7,MRTR8,MRTR9,MRTTVx,MRTTVy,MRTTVz,MRTRVx,MRTRVy,MRTRVz,MRGA,SLTx,SLTy,SLTz,SLTR1,SLTR2,SLTR3,SLTR4,SLTR5,SLTR6,SLTR7,SLTR8,SLTR9,SLTTVx,SLTTVy,SLTTVz,SLTRVx,SLTRVy,SLTRVz,SLGA,SRTx,SRTy,SRTz,SRTR1,SRTR2,SRTR3,SRTR4,SRTR5,SRTR6,SRTR7,SRTR8,SRTR9,SRTTVx,SRTTVy,SRTTVz,SRTRVx,SRTRVy,SRTRVz,SRGA
704,0.085551,-0.020849,0.30051,-0.325041,-0.175691,-0.929261,-0.299464,-0.912909,0.27729,-0.89665,0.368625,0.24528,0.015635,-0.000914,0.000434,0.002671,-0.120034,0.198288,-0.094176,-0.19845,-0.01058,0.27404,-0.505095,0.758524,0.411717,-0.29404,-0.599623,0.744262,0.812035,0.253904,0.525352,-0.000217,-0.002058,-0.002679,-0.097965,0.540983,-0.626272,-0.993018,0.023052,0.052247,-0.023376,0.417174,-0.750347,0.51278,0.262597,0.639676,0.722396,-0.870061,-0.166711,0.463896,-0.000372,0.004668,-0.005174,-0.130437,1.669924,-2.165911,-0.819353,0.044256,0.043621,-0.056663,0.324035,0.1342,-0.936478,0.232598,0.948201,0.216362,0.917005,-0.287931,0.276035,0.007824,-0.000431,0.000245,0.00475,-0.110678,0.197455,-0.267816
705,0.085774,-0.020915,0.3005,-0.319473,-0.174787,-0.93136,-0.301263,-0.913117,0.274645,-0.898053,0.368539,0.240222,-0.000202,-0.000594,-0.000747,-0.007498,-0.126642,0.155564,-0.148159,-0.198422,-0.010564,0.273956,-0.502718,0.758939,0.413856,-0.292098,-0.599609,0.745038,0.814206,0.252699,0.522565,-0.000147,-0.001399,-0.001822,-0.023688,-0.046966,0.121383,-0.885718,0.023066,0.052254,-0.023419,0.414183,-0.750083,0.515585,0.260201,0.640393,0.722628,-0.872208,-0.165144,0.460412,-0.000306,0.005117,-0.004623,0.026849,0.15525,-0.191008,-0.788001,0.044369,0.043592,-0.056662,0.318491,0.133069,-0.938539,0.234412,0.948291,0.213999,0.918484,-0.288162,0.270829,0.007342,-0.001851,-0.001543,0.001313,-0.007757,0.026949,-0.298841
706,0.086249,-0.021177,0.300521,-0.301839,-0.173067,-0.937543,-0.295537,-0.917958,0.264542,-0.906038,0.357138,0.227098,0.015114,-0.002452,-0.001515,0.031978,-0.16307,0.171236,-0.255815,-0.198423,-0.01047,0.273774,-0.514827,0.749929,0.415393,-0.27437,-0.603067,0.748976,0.812819,0.270674,0.515677,-0.000698,0.009476,-0.010233,-0.218197,0.101819,0.328672,-0.580112,0.023066,0.052301,-0.023502,0.427634,-0.741023,0.5177,0.24302,0.645867,0.723737,-0.870672,-0.183683,0.456278,-7.6e-05,-0.000712,-0.000923,-0.435332,0.311427,0.26172,-0.685292,0.044599,0.043462,-0.05666,0.30101,0.129738,-0.944754,0.228605,0.951997,0.203569,0.925814,-0.277251,0.256901,0.007583,-0.001142,-0.00066,0.470256,-0.266954,0.093435,-0.377873
707,0.086593,-0.021306,0.300724,-0.298563,-0.170182,-0.939119,-0.297161,-0.918487,0.26086,-0.906596,0.357159,0.224827,0.015264,-0.01017,0.010908,-0.033226,-0.011443,0.038493,-0.390306,-0.198463,-0.010386,0.27353,-0.516833,0.740349,0.429835,-0.252397,-0.611433,0.749919,0.81865,0.278158,0.502297,-0.000236,-0.002237,-0.002919,-0.136314,0.135329,0.046316,-0.178102,0.023046,0.052343,-0.023625,0.428402,-0.731298,0.530729,0.221294,0.654384,0.723056,-0.876071,-0.192311,0.442171,-0.00018,-0.001573,-0.002024,-0.34414,1.761061,-2.137798,-0.558252,0.044769,0.043391,-0.056567,0.298208,0.126241,-0.946115,0.23005,0.952489,0.199601,0.926362,-0.277176,0.254999,0.008147,0.000538,0.001447,0.003573,-0.133294,0.223681,-0.461805
708,0.087129,-0.021485,0.300836,-0.28981,-0.16653,-0.942509,-0.300149,-0.919256,0.254657,-0.908461,0.356897,0.217602,0.015069,-0.002571,-0.001685,0.012742,-0.528289,0.685588,-0.641043,-0.198472,-0.010128,0.273238,-0.507113,0.741773,0.438861,-0.244049,-0.611817,0.752366,0.827208,0.273494,0.490705,-0.000152,-0.001442,-0.001884,-0.153845,0.016936,0.269589,0.037475,0.023041,0.052474,-0.023777,0.41759,-0.731153,0.539474,0.212677,0.655877,0.724288,-0.883394,-0.187722,0.429388,-7.1e-05,-0.000701,-0.000916,-0.15204,0.011998,0.27823,-0.357241,0.045046,0.043307,-0.056495,0.289719,0.122045,-0.949298,0.233074,0.952982,0.193651,0.928298,-0.277361,0.247651,0.007502,-0.001385,-0.000973,0.028129,-0.55741,0.768685,-0.622319
709,0.087379,-0.021628,0.300865,-0.283599,-0.16393,-0.944851,-0.296425,-0.92204,0.248889,-0.911644,0.350861,0.214075,-0.001025,-0.011255,0.007992,-0.021834,0.010618,-0.013314,-0.745583,-0.198495,-0.009996,0.273056,-0.512285,0.737964,0.439277,-0.234759,-0.612222,0.754988,0.826716,0.282712,0.48629,-0.000815,0.008369,-0.011684,-0.404802,0.200554,0.41598,0.115034,0.02303,0.052541,-0.023858,0.424294,-0.726603,0.540391,0.204316,0.658201,0.724587,-0.882172,-0.197027,0.427728,-0.000151,-0.001459,-0.001904,-0.038791,-0.121487,-0.078322,-0.214198,0.045171,0.043238,-0.056486,0.283602,0.118562,-0.951583,0.229264,0.955166,0.187337,0.931131,-0.271293,0.243705,0.007467,-0.001483,-0.0011,0.048916,-0.126925,0.204878,-0.708373
710,0.087811,-0.021755,0.301111,-0.282645,-0.162886,-0.945317,-0.297297,-0.922075,0.247716,-0.911658,0.351253,0.213374,0.015944,-0.008117,0.013443,-0.03324,-0.011512,0.038461,-0.956691,-0.198734,-0.009923,0.272587,-0.53769,0.721764,0.435818,-0.214418,-0.616838,0.757278,0.816064,0.31282,0.485846,-0.000746,-0.007004,-0.00918,-0.000167,-0.021991,0.040691,0.211702,0.022911,0.052585,-0.024091,0.449426,-0.713337,0.537742,0.18317,0.662756,0.726087,-0.874337,-0.227824,0.428521,-0.008137,0.002311,-0.007815,0.073109,-0.142466,0.17537,0.011959,0.045378,0.043164,-0.056376,0.282919,0.117449,-0.951925,0.230096,0.955181,0.186236,0.931134,-0.271724,0.243214,0.008474,0.001556,0.0027,0.001218,-0.029493,0.054009,-0.862846
711,0.088202,-0.021743,0.301588,-0.28152,-0.158142,-0.946458,-0.29827,-0.923043,0.242893,-0.911689,0.350871,0.213867,0.001977,-0.002211,0.019282,0.02836,0.140876,0.127092,-1.084606,-0.19916,-0.010161,0.272078,-0.548214,0.717416,0.429845,-0.210783,-0.61577,0.759165,0.809995,0.324674,0.488219,-0.016274,-0.011042,-0.013586,-0.005202,0.049171,-0.075633,0.336956,0.022704,0.05247,-0.02434,0.460879,-0.71002,0.532411,0.179505,0.662106,0.727593,-0.869118,-0.239762,0.432603,-0.008121,-0.005419,-0.006649,0.005292,-0.063606,0.077186,0.176883,0.045578,0.043168,-0.05614,0.281931,0.112775,-0.952783,0.231144,0.955833,0.181533,0.931174,-0.27141,0.243411,0.000876,-0.00143,0.00923,0.054386,0.226557,0.144917,-0.949064
712,0.088345,-0.021797,0.301976,-0.281248,-0.157701,-0.946612,-0.299043,-0.922886,0.242541,-0.911521,0.351483,0.213582,0.002405,-0.000901,0.020888,-0.033319,0.005416,0.010266,-1.107845,-0.199458,-0.010339,0.271758,-0.547119,0.719274,0.428131,-0.21085,-0.613285,0.761156,0.810717,0.325261,0.486627,-0.016908,-0.000807,-0.022895,0.000716,0.059798,-0.039394,0.359391,0.022549,0.052377,-0.024506,0.459671,-0.712009,0.530796,0.178992,0.659695,0.729906,-0.869863,-0.240508,0.430687,-0.008469,-0.000607,-0.011706,0.028313,0.049638,-0.055853,0.246118,0.04565,0.043141,-0.055945,0.282,0.111956,-0.952859,0.231831,0.955785,0.180911,0.930983,-0.27192,0.243576,0.000861,-0.005561,0.015083,-0.072918,-0.00653,0.009646,-0.944818
713,0.088666,-0.022083,0.303093,-0.284557,-0.151274,-0.946672,-0.311788,-0.919183,0.240545,-0.906206,0.363794,0.215576,0.017357,-0.011879,0.030623,-0.107446,0.008344,0.060611,-1.112891,-0.20018,-0.010792,0.270994,-0.554626,0.711492,0.431464,-0.201929,-0.617988,0.75977,0.807889,0.333363,0.485847,-0.031962,-0.015387,-0.018597,-0.007237,0.064434,-0.104904,0.381504,0.0222,0.052155,-0.024882,0.467463,-0.704328,0.534228,0.170756,0.664883,0.727167,-0.867364,-0.248701,0.431076,-0.008454,-0.00807,-0.010248,-0.006259,0.066022,-0.099177,0.301637,0.045806,0.043004,-0.055389,0.28581,0.105749,-0.952433,0.244774,0.952866,0.17925,0.926497,-0.284362,0.246454,0.001177,-0.004563,0.016287,-0.21624,0.042281,0.016067,-0.942532
714,0.089033,-0.022689,0.304475,-0.286273,-0.148098,-0.946657,-0.314556,-0.918698,0.238791,-0.904706,0.366316,0.217594,0.001063,-0.02129,0.039364,-0.094546,0.061364,-0.009333,-1.125173,-0.201059,-0.011404,0.270176,-0.571133,0.702292,0.424952,-0.195804,-0.619184,0.760399,0.797847,0.350192,0.49058,-0.032273,-0.017033,-0.021005,-0.204159,-3.016715,1.141701,0.422336,0.02176,0.051848,-0.025293,0.481598,-0.697307,0.530873,0.163721,0.666668,0.727151,-0.860963,-0.263279,0.435229,-0.008504,-0.009103,-0.011719,-1.834912,-4.51118,-3.124534,0.350787,0.045998,0.04271,-0.054694,0.28775,0.102588,-0.952194,0.247608,0.952471,0.177444,0.925142,-0.286831,0.248673,0.00862,-0.006025,0.015155,-0.067003,-0.011908,0.044934,-0.942859
715,0.089463,-0.023415,0.30578,-0.285314,-0.137046,-0.94861,-0.340605,-0.91062,0.233946,-0.895535,0.390014,0.214317,0.001689,-0.011159,0.029912,-0.081661,0.024413,-0.003965,-1.134509,-0.202083,-0.012064,0.269154,-0.589449,0.690036,0.41999,-0.184261,-0.620936,0.761853,0.787218,0.370811,0.492595,-0.017613,-0.020226,-0.026474,0.004074,-0.051245,0.061235,0.429363,0.021236,0.051512,-0.025812,0.504549,-0.68575,0.524571,0.153135,0.669022,0.727295,-0.849693,-0.286626,0.442567,-0.008814,-0.010253,-0.013405,-0.000477,-0.044588,0.058078,0.382792,0.046213,0.042344,-0.054037,0.287367,0.091597,-0.953429,0.274318,0.945848,0.17355,0.917697,-0.311415,0.246679,0.007962,-0.01213,0.018536,-0.145241,0.019717,0.038726,-0.944165
716,0.089594,-0.023774,0.306509,-0.290248,-0.126503,-0.948577,-0.374397,-0.897202,0.234155,-0.880332,0.42326,0.214231,0.017359,-0.011737,0.030572,-0.080561,-0.005158,0.050298,-1.135263,-0.202635,-0.012301,0.268584,-0.590134,0.690479,0.418296,-0.185567,-0.62016,0.762168,0.786397,0.371284,0.493549,-0.033155,-0.007428,-0.031588,0.027478,0.067203,-0.112077,0.435998,0.020972,0.051393,-0.026089,0.505355,-0.686427,0.522908,0.154366,0.66812,0.727864,-0.848991,-0.28711,0.443599,-0.016357,-0.009546,-0.01208,0.001274,-0.031812,0.027888,0.389813,0.046271,0.04216,-0.053678,0.293061,0.081454,-0.952617,0.309021,0.934816,0.174998,0.904776,-0.345664,0.248787,0.000663,-0.010177,0.020206,-0.145561,0.033383,0.012099,-0.944492
717,0.089839,-0.024396,0.307982,-0.299749,-0.10639,-0.948091,-0.413269,-0.881201,0.229487,-0.859508,0.460733,0.221355,0.016287,-0.023182,0.038269,0.00173,0.288039,0.162723,-1.116416,-0.203889,-0.012757,0.26745,-0.590143,0.689997,0.419078,-0.185723,-0.621102,0.761363,0.786354,0.370607,0.494127,-0.048191,-0.01939,-0.024085,-0.010693,0.096411,-0.156793,0.44501,0.02035,0.051169,-0.026658,0.505319,-0.685924,0.523603,0.154715,0.668955,0.727022,-0.848949,-0.286369,0.444159,-0.016658,-0.003921,-0.016207,0.037957,-0.047218,0.044013,0.404673,0.046395,0.041858,-0.05294,0.303479,0.062587,-0.950779,0.349135,0.921137,0.172076,0.886568,-0.384172,0.257694,0.001221,-0.004323,0.016424,0.084789,0.403729,0.254424,-0.948247
718,0.090377,-0.025126,0.309011,-0.294271,-0.092152,-0.951293,-0.417337,-0.883038,0.214583,-0.859443,0.460265,0.22258,0.014828,-0.019551,0.02098,-0.034471,-0.01768,0.239092,-1.12509,-0.20529,-0.013143,0.266269,-0.588771,0.688116,0.424072,-0.18354,-0.624632,0.759,0.787893,0.368171,0.493496,-0.033231,-0.005722,-0.029865,0.029048,0.050066,-0.088928,0.445493,0.019657,0.050969,-0.027241,0.503592,-0.683576,0.528315,0.152935,0.672395,0.72422,-0.850297,-0.283914,0.443156,-0.01662,-0.003046,-0.015158,0.027667,0.06751,-0.11199,0.410061,0.046667,0.0415,-0.052408,0.299835,0.046879,-0.952838,0.352979,0.922456,0.156458,0.886286,-0.383244,0.260037,0.007242,-0.010261,0.009895,-0.048229,0.06622,0.014677,-0.966373
719,0.090772,-0.025417,0.309295,-0.293786,-0.088175,-0.95182,-0.41842,-0.883405,0.21093,-0.859082,0.460334,0.223825,0.030538,-0.011806,0.010045,-0.018788,-0.10058,0.254949,-1.146838,-0.205956,-0.0132,0.265728,-0.589196,0.688242,0.423274,-0.184559,-0.624525,0.758841,0.787336,0.368115,0.494424,-0.033035,-0.003814,-0.027343,0.029054,0.050044,-0.088934,0.445478,0.01931,0.050936,-0.027527,0.50406,-0.683769,0.52762,0.153957,0.672258,0.724131,-0.849835,-0.283775,0.444129,-0.016509,-0.001986,-0.01375,0.027285,0.070132,-0.11596,0.410715,0.046858,0.041348,-0.052266,0.299657,0.042996,-0.953077,0.354055,0.922634,0.152941,0.885917,-0.383272,0.26125,0.007602,-0.00505,0.00537,-0.035289,-0.01086,0.003576,-0.973068
720,0.091521,-0.025351,0.309563,-0.304454,-0.085865,-0.948673,-0.421668,-0.880877,0.214997,-0.853752,0.465584,0.233163,0.018181,0.015655,-0.001427,0.021799,0.103102,-0.128689,-1.171368,-0.207334,-0.013051,0.264617,-0.600332,0.676068,0.42723,-0.172535,-0.630983,0.756324,0.781639,0.379476,0.494874,-0.032749,-0.001059,-0.02371,-0.000392,0.134419,-0.270653,0.442831,0.018634,0.051005,-0.028072,0.515511,-0.672087,0.531551,0.142758,0.679025,0.7201,-0.844906,-0.295336,0.445991,-0.016502,0.005513,-0.015219,-0.146337,-0.34551,-0.32348,0.411694,0.047227,0.041361,-0.05214,0.30954,0.041141,-0.949995,0.35766,0.92066,0.156408,0.881057,-0.388191,0.270267,0.009113,0.007859,-0.000684,-0.201199,1.40026,-2.26333,-0.978619
721,0.092002,-0.024924,0.30964,-0.310975,-0.084466,-0.946681,-0.425032,-0.878532,0.217948,-0.849719,0.470247,0.238481,0.017799,0.014553,-0.002784,0.036207,-0.046847,0.070468,-1.187126,-0.208327,-0.012799,0.263554,-0.603515,0.671217,0.430382,-0.168471,-0.634797,0.754045,0.780075,0.381719,0.495616,-0.017614,0.01201,-0.030003,0.068745,0.002853,-0.020867,0.429136,0.018113,0.051136,-0.028623,0.518699,-0.666986,0.534864,0.138984,0.683064,0.717011,-0.843584,-0.297576,0.447005,-0.008784,0.006057,-0.014905,0.068712,0.00343,-0.020481,0.398305,0.047475,0.041579,-0.052096,0.316668,0.041137,-0.947643,0.360969,0.918662,0.160502,0.877166,-0.392896,0.276061,0.000907,0.002898,0.003466,0.001919,-0.125922,0.194345,-0.977803
722,0.092153,-0.024617,0.309676,-0.315445,-0.082914,-0.945338,-0.434221,-0.873154,0.221419,-0.843399,0.48043,0.240608,0.003467,0.019252,0.001537,0.033951,-0.032198,0.04099,-1.210923,-0.208679,-0.012659,0.263033,-0.60322,0.67073,0.431553,-0.168564,-0.635947,0.753054,0.780283,0.380664,0.496101,-0.017194,0.001074,-0.02165,0.031129,0.034817,-0.059671,0.43546,0.017944,0.0512,-0.028864,0.518332,-0.666418,0.535927,0.139197,0.684073,0.716007,-0.843774,-0.29653,0.447341,-0.008587,0.000499,-0.010861,0.031301,0.035176,-0.059402,0.396835,0.047553,0.041719,-0.052085,0.321244,0.04008,-0.946147,0.37049,0.91415,0.164517,0.871515,-0.403388,0.278815,0.00909,0.007909,-0.000649,0.024888,-0.050517,0.079906,-0.991846
723,0.092572,-0.02382,0.309796,-0.324305,-0.084919,-0.942157,-0.446909,-0.864049,0.231655,-0.833345,0.496287,0.243439,0.019619,0.020571,0.004326,-0.118586,-0.474352,-0.148203,-1.272818,-0.20932,-0.012422,0.262195,-0.603713,0.670809,0.430741,-0.170365,-0.636271,0.752376,0.779511,0.379985,0.497832,-0.017301,0.01435,-0.026826,0.067272,0.01984,-0.043847,0.442515,0.017623,0.051321,-0.02929,0.518901,-0.666617,0.535128,0.141129,0.684218,0.715491,-0.843104,-0.295747,0.44912,-0.008434,0.001633,-0.009299,0.032309,0.021212,-0.041365,0.406306,0.047757,0.042122,-0.052029,0.331216,0.040946,-0.942665,0.38337,0.907037,0.1741,0.862161,-0.419054,0.284728,0.002295,0.011444,0.002905,-0.144513,-0.539347,-0.210924,-1.019279
724,0.093341,-0.023088,0.310102,-0.330191,-0.083748,-0.940215,-0.455428,-0.858313,0.236337,-0.826388,0.506337,0.246439,0.020353,0.023186,0.007318,0.029987,-0.02253,0.03201,-1.405303,-0.209922,-0.012333,0.261465,-0.605578,0.667966,0.432537,-0.165649,-0.637312,0.752548,0.779082,0.38323,0.496013,-0.016859,0.003682,-0.018102,-0.001669,0.047443,-0.011965,0.446781,0.017322,0.051369,-0.029659,0.520657,-0.663816,0.536902,0.136289,0.685422,0.715277,-0.842817,-0.29924,0.447341,-0.008439,0.001697,-0.009243,0.017012,0.041926,-0.018038,0.411368,0.048141,0.042487,-0.051876,0.335747,0.042275,-0.941002,0.392484,0.901862,0.180554,0.856288,-0.429949,0.286205,0.009789,0.006253,0.008007,-0.016963,-0.002442,0.028888,-1.044425
725,0.094277,-0.022223,0.310682,-0.348786,-0.07762,-0.934007,-0.486268,-0.836943,0.251083,-0.800772,0.541844,0.255335,0.021209,0.01813,0.022462,-1.619116,0.813192,-0.198043,-1.53367,-0.210502,-0.012366,0.260918,-0.605444,0.670586,0.428654,-0.167788,-0.633901,0.754952,0.778728,0.384308,0.495735,-0.016349,-0.00646,-0.0086,0.212652,-1.564072,2.192261,0.451779,0.017026,0.051353,-0.02994,0.520349,-0.666384,0.534012,0.137684,0.682628,0.717678,-0.84278,-0.299918,0.446955,-0.00817,-0.003155,-0.004156,0.231891,-1.571678,2.185143,0.418879,0.048608,0.042919,-0.051596,0.353884,0.038047,-0.934514,0.423187,0.884529,0.196265,0.834073,-0.464929,0.29692,0.018654,0.014031,0.00699,-5.360237,2.736295,-0.764035,-1.030546
726,0.094938,-0.021812,0.311075,-0.360649,-0.068492,-0.930207,-0.508474,-0.821632,0.25758,-0.781488,0.565964,0.262655,0.036448,0.017065,0.022246,-0.122796,-0.047464,0.310075,-1.550971,-0.210783,-0.012451,0.260772,-0.605229,0.670283,0.42943,-0.167341,-0.634399,0.754632,0.778991,0.384015,0.495549,-0.016092,-0.004694,-0.006084,-0.003534,0.032537,-0.05222,0.452167,0.016885,0.051309,-0.030015,0.520487,-0.666288,0.533997,0.137826,0.682741,0.717542,-0.842672,-0.299872,0.44719,-0.008015,-0.002186,-0.002802,-0.001085,0.032002,-0.054781,0.421982,0.048934,0.043126,-0.051396,0.367466,0.029731,-0.92956,0.447487,0.870537,0.20474,0.815305,-0.491202,0.306588,0.018698,0.014195,0.007134,-0.439019,0.10588,0.264283,-1.0521
727,0.096311,-0.021256,0.311714,-0.373963,-0.042961,-0.926472,-0.545262,-0.79787,0.257031,-0.749788,0.60134,0.276105,0.034251,0.010318,0.014171,-5.049316,1.560376,1.752383,-1.612198,-0.211209,-0.012649,0.260596,-0.604674,0.669654,0.43119,-0.166166,-0.635401,0.754049,0.779674,0.383456,0.494909,-0.000567,-0.003659,-0.005269,-0.009993,0.119367,-0.158758,0.452008,0.016673,0.051213,-0.030099,0.519885,-0.665525,0.535532,0.136845,0.683703,0.716814,-0.843203,-0.299376,0.446521,-0.007971,-0.001835,-0.00231,-0.003539,0.032386,-0.052358,0.422308,0.049625,0.04342,-0.051058,0.381839,0.00739,-0.924198,0.481083,0.852229,0.205577,0.789149,-0.523114,0.321859,0.01707,0.004983,0.006861,0.082536,0.049689,0.417396,-1.056999
728,0.097314,-0.020822,0.312166,-0.383389,0.002338,-0.923609,-0.60014,-0.760742,0.247134,-0.70158,0.649037,0.294216,0.03358,0.008414,0.011837,-5.443222,1.822512,2.116052,-1.757704,-0.211525,-0.012816,0.260349,-0.604131,0.669072,0.432851,-0.165182,-0.636398,0.753423,0.780303,0.382819,0.494409,-0.000835,-0.005351,-0.007725,-0.001445,0.017297,-0.023004,0.454735,0.016515,0.051134,-0.030215,0.519184,-0.664732,0.537194,0.135925,0.684766,0.715973,-0.843784,-0.298704,0.445873,-0.000397,-0.002564,-0.003697,-0.001524,0.017224,-0.023045,0.425574,0.050126,0.043635,-0.050834,0.394357,-0.036313,-0.918238,0.538358,0.818925,0.198824,0.744749,-0.57275,0.342498,0.016716,0.003961,0.005621,-1.417984,0.87856,0.882837,-1.057815
729,0.09784,-0.020684,0.312419,-0.393093,0.04441,-0.91845,-0.651119,-0.71871,0.243867,-0.648788,0.693825,0.312583,0.018061,0.008629,0.010961,-0.415475,0.905156,0.431859,-1.825855,-0.211645,-0.012913,0.260194,-0.60378,0.668732,0.433865,-0.164599,-0.637003,0.75304,0.780698,0.382409,0.494103,-0.000928,-0.005922,-0.008561,-0.011409,0.136672,-0.181758,0.454481,0.016455,0.051084,-0.030295,0.518757,-0.664284,0.53816,0.135406,0.685381,0.715483,-0.844129,-0.298292,0.445495,-0.000468,-0.003007,-0.004339,-0.011467,0.136619,-0.181782,0.426064,0.050383,0.043707,-0.050712,0.405934,-0.078029,-0.910564,0.595812,0.778094,0.198938,0.692982,-0.623281,0.362346,0.0089,0.003972,0.005206,-6.673255,4.265121,0.636315,-1.064347
730,0.098579,-0.020616,0.312529,-0.396924,0.125992,-0.909188,-0.71317,-0.665878,0.219015,-0.577327,0.735179,0.355291,0.015071,-0.001535,-0.000717,0.301716,1.12284,0.483092,-1.907007,-0.211685,-0.013141,0.259811,-0.603278,0.668309,0.435213,-0.163876,-0.637808,0.752516,0.781238,0.381808,0.493715,-0.001042,-0.006631,-0.00962,-0.001444,0.017299,-0.023002,0.454239,0.016435,0.050972,-0.030483,0.518173,-0.663734,0.5394,0.134794,0.686169,0.714844,-0.844586,-0.297705,0.445022,-0.000521,-0.003355,-0.004862,-0.001495,0.017265,-0.023038,0.426227,0.050769,0.043752,-0.050636,0.415848,-0.159538,-0.89533,0.66327,0.726765,0.178562,0.622208,-0.668101,0.408041,0.007849,0.004402,-0.004937,0.260876,1.099783,0.755725,-1.08035
731,0.099016,-0.020419,0.312438,-0.402085,0.165389,-0.900566,-0.724592,-0.658742,0.202479,-0.55926,0.733749,0.385834,0.001449,0.005012,0.005734,-4.790036,1.762248,2.316496,-1.91346,-0.211663,-0.013281,0.259441,-0.606889,0.664454,0.436094,-0.159769,-0.63936,0.752082,0.779291,0.385914,0.493598,-0.000802,-0.005096,-0.007415,-0.001458,0.01728,-0.023014,0.450494,0.016446,0.050899,-0.030673,0.521941,-0.660015,0.54033,0.13084,0.687913,0.713902,-0.842886,-0.301918,0.445406,-0.000363,-0.002332,-0.003391,-0.002397,0.017793,-0.02263,0.424921,0.050987,0.043832,-0.050704,0.424433,-0.195923,-0.884007,0.671273,0.723291,0.161991,0.607657,-0.662165,0.438507,0.00851,0.006728,-0.002266,0.290861,0.682745,0.466245,-1.080186
732,0.099524,-0.020265,0.312628,-0.378295,0.209131,-0.901778,-0.782251,-0.593081,0.190554,-0.494513,0.77724,0.389077,0.015573,0.000292,0.001347,-4.940481,1.082803,2.291589,-1.910869,-0.211723,-0.013303,0.259153,-0.606597,0.664164,0.436942,-0.159546,-0.639999,0.751585,0.779564,0.385355,0.493604,-0.000484,-0.003071,-0.004478,-0.0,0.0,0.0,0.44571,0.016415,0.050884,-0.030822,0.521576,-0.65964,0.541139,0.130691,0.688527,0.713336,-0.843135,-0.301338,0.445329,-0.000228,-0.001478,-0.002154,0.0,7.2e-05,3.4e-05,0.418716,0.051238,0.043918,-0.050598,0.404054,-0.241984,-0.882147,0.733926,0.661368,0.154741,0.545979,-0.709954,0.444827,0.007827,0.000299,0.000827,0.073648,-0.100729,0.281999,-1.079696
733,0.099876,-0.020302,0.312531,-0.359635,0.221952,-0.906336,-0.796076,-0.579657,0.173874,-0.486333,0.783767,0.386287,0.014211,-0.004459,-0.004082,0.69804,-1.271947,2.419825,-1.909203,-0.211756,-0.013281,0.25904,-0.606467,0.664026,0.437332,-0.159473,-0.640311,0.751334,0.77968,0.385075,0.493639,-0.000557,0.009947,-0.009889,0.036088,-0.015078,0.01555,0.445497,0.016399,0.050892,-0.030874,0.521411,-0.65946,0.541518,0.130633,0.688821,0.713063,-0.843246,-0.301059,0.445306,-0.000191,-0.001237,-0.001805,-0.001431,0.017366,-0.022964,0.417083,0.05141,0.043904,-0.050634,0.387739,-0.256889,-0.885248,0.751963,0.643597,0.142596,0.533112,-0.720965,0.442719,0.007098,-0.002263,-0.002102,-0.259413,0.528959,0.55383,-1.080513
734,0.10014,-0.020117,0.312257,-0.320886,0.232573,-0.918144,-0.80931,-0.570871,0.138185,-0.491612,0.787114,0.372553,0.00148,0.013433,-0.005558,-1.284291,-0.210162,1.354274,-1.909401,-0.211812,-0.013294,0.258931,-0.606188,0.663764,0.438116,-0.159109,-0.640818,0.75098,0.779972,0.384686,0.493482,-0.000148,-0.000935,-0.001365,-0.0,0.0,0.0,0.445108,0.016371,0.05089,-0.030931,0.521086,-0.659127,0.542236,0.130365,0.689317,0.712633,-0.843489,-0.300655,0.44512,-9.2e-05,-0.0006,-0.000875,-3e-06,3e-05,1.2e-05,0.415613,0.051548,0.043972,-0.050791,0.351522,-0.270177,-0.896345,0.762555,0.638057,0.106729,0.543084,-0.721031,0.430316,0.008096,0.005368,-0.003826,-0.089397,-0.065322,0.278966,-1.07741
735,0.100544,-0.019453,0.311955,-0.284002,0.270042,-0.920035,-0.854488,-0.506546,0.115033,-0.434631,0.818493,0.375755,0.017164,0.022502,-0.015103,0.227736,0.265269,0.717649,-1.906913,-0.211814,-0.01335,0.258923,-0.608931,0.659127,0.4413,-0.153273,-0.643501,0.749899,0.779004,0.388162,0.492286,-8e-06,-5.2e-05,-7.6e-05,-0.0,-0.0,-0.0,0.443385,0.01637,0.050862,-0.030936,0.523825,-0.6544,0.545312,0.124822,0.692227,0.710802,-0.84263,-0.304269,0.44429,5e-06,3.5e-05,5.2e-05,-0.000406,0.000226,0.000477,0.413817,0.051739,0.044305,-0.050933,0.313947,-0.310077,-0.897378,0.816274,0.570873,0.088316,0.484905,-0.760234,0.432332,0.008559,0.011133,-0.007707,0.165649,0.466878,0.878375,-1.072675
736,0.101044,-0.018804,0.311191,-0.2611,0.297712,-0.918281,-0.864169,-0.495967,0.084861,-0.429857,0.815336,0.387915,0.014547,0.005085,-0.014094,0.190176,0.268937,0.691242,-1.907414,-0.211817,-0.01337,0.258895,-0.606954,0.657336,0.446662,-0.149944,-0.646524,0.747969,0.781191,0.386176,0.490379,-9.2e-05,-0.000585,-0.000854,-0.00053,0.003892,-0.005445,0.439842,0.016369,0.050854,-0.030947,0.521453,-0.652056,0.550371,0.121843,0.695297,0.708318,-0.844535,-0.302296,0.442014,-4.6e-05,-0.000292,-0.000427,2e-05,-0.000181,0.000558,0.411041,0.052004,0.04465,-0.051315,0.292317,-0.34157,-0.893241,0.827156,0.559084,0.0569,0.479961,-0.755483,0.445961,0.007219,0.00231,-0.007324,0.190603,0.259037,0.684208,-1.068429
737,0.101266,-0.018539,0.31085,-0.246151,0.310877,-0.918047,-0.866309,-0.495299,0.064498,-0.434358,0.810802,0.392379,0.015767,0.017694,-0.020589,0.482363,-0.121443,1.37229,-1.907733,-0.21182,-0.013398,0.258871,-0.606917,0.657308,0.446754,-0.14987,-0.646565,0.747948,0.781234,0.386155,0.490327,-0.000134,-0.000848,-0.001239,-0.0,0.0,-0.0,0.436534,0.016367,0.05084,-0.030959,0.521433,-0.652044,0.550404,0.121806,0.695308,0.708313,-0.844553,-0.302296,0.44198,-6.9e-05,-0.000435,-0.000638,0.000114,-0.000564,0.000907,0.408102,0.052107,0.044771,-0.051484,0.279458,-0.354724,-0.892229,0.829409,0.557333,0.038202,0.483718,-0.750699,0.449963,0.007643,0.003802,-0.005622,1.080004,-0.992124,3.000555,-1.06647
738,0.102017,-0.017843,0.310123,-0.196955,0.366646,-0.909299,-0.912088,-0.408651,0.032725,-0.35935,0.83535,0.416034,0.016218,0.027686,-0.030069,-4.643916,1.01411,3.361864,-1.907897,-0.211824,-0.013505,0.258863,-0.605772,0.656305,0.449772,-0.147848,-0.648181,0.746951,0.782507,0.385153,0.489085,-4.9e-05,-0.000308,-0.000451,-0.019647,0.144089,-0.201703,0.432703,0.016365,0.050785,-0.030965,0.520086,-0.650745,0.553209,0.119994,0.696945,0.707014,-0.845642,-0.301327,0.440557,-1.9e-05,-0.000121,-0.000176,-0.021412,0.155677,-0.217931,0.40304,0.052484,0.045119,-0.051839,0.235592,-0.410231,-0.881025,0.878686,0.477229,0.012755,0.415219,-0.77715,0.472895,0.015198,0.007406,-0.011491,0.384521,1.151858,1.088909,-1.061898
739,0.102804,-0.016975,0.308658,-0.173152,0.419719,-0.89101,-0.925287,-0.379227,0.001115,-0.33722,0.824112,0.455135,0.029649,0.029017,-0.048513,0.44301,1.170733,0.835675,-1.90813,-0.211825,-0.013541,0.258864,-0.605683,0.656241,0.449986,-0.147663,-0.64827,0.74691,0.78261,0.385113,0.48895,-2e-06,-1.5e-05,-2.2e-05,-0.0,0.0,-0.0,0.428136,0.016365,0.050767,-0.030963,0.519981,-0.650659,0.553408,0.119818,0.697039,0.70695,-0.845731,-0.301293,0.440408,3e-06,1.9e-05,2.9e-05,3.1e-05,-0.000102,0.000186,0.397162,0.052874,0.045557,-0.052559,0.212887,-0.465226,-0.85921,0.897097,0.441514,-0.016787,0.387163,-0.767221,0.511345,0.007477,0.015692,-0.023396,0.350305,0.661966,0.756463,-1.05259
740,0.103198,-0.016419,0.307814,-0.1599,0.430574,-0.888304,-0.924966,-0.379608,-0.017561,-0.344578,0.818307,0.460073,0.030041,0.03052,-0.046811,0.567723,-0.100041,0.947893,-1.907897,-0.211825,-0.013541,0.258864,-0.605578,0.656156,0.450251,-0.147507,-0.648421,0.746811,0.782721,0.385006,0.488858,-0.0,-0.0,-0.0,0.0,0.0,0.0,0.426208,0.016365,0.050768,-0.030963,0.519921,-0.650603,0.553531,0.11975,0.697114,0.706888,-0.845778,-0.301241,0.440354,3e-06,1.6e-05,2.5e-05,3.7e-05,-1.7e-05,6.4e-05,0.394549,0.053069,0.045829,-0.052989,0.200574,-0.479846,-0.854117,0.897086,0.440327,-0.036713,0.393707,-0.758853,0.518781,0.007768,0.016787,-0.022139,1.307888,-1.202791,2.339098,-1.05406
741,0.104365,-0.015281,0.306114,-0.130583,0.440796,-0.888083,-0.932467,-0.358871,-0.041074,-0.336659,0.822197,0.458998,0.044087,0.017626,-0.039796,0.102138,-0.167085,0.299733,-1.90768,-0.211815,-0.013546,0.258856,-0.605313,0.655946,0.450912,-0.147121,-0.648794,0.746563,0.782998,0.384735,0.488627,-1.4e-05,-8.6e-05,-0.000126,0.0,0.0,0.0,0.424289,0.01637,0.050766,-0.030966,0.519549,-0.650271,0.554269,0.119344,0.697562,0.706515,-0.846064,-0.300921,0.440024,-8e-06,-4.6e-05,-6.8e-05,-0.009926,0.119488,-0.158648,0.390467,0.053646,0.046401,-0.053843,0.171561,-0.491061,-0.854064,0.906242,0.418666,-0.058677,0.386381,-0.763922,0.516847,0.014634,0.009715,-0.019351,0.060412,-0.194914,0.223934,-1.059612
742,0.105872,-0.014678,0.304495,-0.133482,0.446057,-0.885021,-0.939271,-0.341765,-0.030648,-0.315983,0.826628,0.465691,0.043524,0.015699,-0.042154,0.076893,-0.040073,0.05777,-1.907267,-0.211842,-0.013566,0.258809,-0.608872,0.652085,0.451721,-0.142816,-0.650122,0.746242,0.781036,0.389027,0.488368,-0.000137,-0.000866,-0.001266,-0.0,-0.0,-0.0,0.423142,0.016356,0.050757,-0.030988,0.523263,-0.646557,0.55512,0.115169,0.699097,0.705689,-0.844352,-0.305329,0.440276,-0.000104,-0.000654,-0.000957,1.7e-05,0.000134,8.5e-05,0.388181,0.0544,0.046702,-0.054652,0.174888,-0.495319,-0.850924,0.914059,0.402887,-0.046654,0.365935,-0.769636,0.523211,0.014289,0.008498,-0.020811,0.009933,-0.020423,0.039748,-1.060265
743,0.106612,-0.014412,0.303776,-0.138573,0.447346,-0.883586,-0.939239,-0.342235,-0.026028,-0.313873,0.825736,0.46869,0.044223,0.018382,-0.039103,0.104287,-0.077409,0.10744,-1.907526,-0.21185,-0.013584,0.258728,-0.612515,0.648296,0.452249,-0.13871,-0.651285,0.746003,0.778927,0.393385,0.488245,-0.000429,-0.002707,-0.003962,-0.001442,0.017314,-0.022991,0.423212,0.016353,0.05075,-0.031025,0.527084,-0.64294,0.555707,0.111175,0.700465,0.704973,-0.842509,-0.309799,0.440683,-0.000223,-0.001408,-0.002061,-0.00171,0.01772,-0.022708,0.387527,0.054785,0.046836,-0.055033,0.179967,-0.496111,-0.849402,0.913889,0.403765,-0.042197,0.363893,-0.768666,0.526054,0.022162,0.009285,-0.019464,0.114265,-0.085997,0.116267,-1.059612
744,0.108082,-0.014052,0.302687,-0.1385,0.444556,-0.885005,-0.938432,-0.344426,-0.02621,-0.316307,0.826334,0.465992,0.043796,0.000106,-0.018294,0.034758,-0.075326,0.095908,-1.906904,-0.211911,-0.01367,0.258457,-0.610542,0.649543,0.453126,-0.137588,-0.650307,0.747064,0.780672,0.392946,0.485807,-0.00075,-0.004722,-0.006927,-0.237601,0.230833,0.152964,0.422523,0.016323,0.050711,-0.031155,0.526075,-0.642986,0.556608,0.110468,0.700617,0.704934,-0.843231,-0.309361,0.439607,-0.008021,-0.001877,-0.002439,-0.525732,0.416015,0.309483,0.386711,0.055491,0.047012,-0.055569,0.179834,-0.493119,-0.851171,0.912887,0.406009,-0.042345,0.366464,-0.769408,0.523177,0.022276,0.005617,-0.013238,0.076782,0.05324,-0.06764,-1.057979
745,0.109354,-0.014205,0.302268,-0.149759,0.444688,-0.883103,-0.938396,-0.345207,-0.014754,-0.311236,0.825938,0.470092,0.029168,-0.005678,-0.004877,-0.000575,0.076777,-0.109105,-1.906626,-0.211948,-0.013724,0.258176,-0.610429,0.649421,0.453454,-0.13761,-0.650614,0.746793,0.780756,0.392641,0.485917,-0.000532,-0.00334,-0.00491,-5.9e-05,5.4e-05,4.4e-05,0.42049,0.016303,0.050677,-0.031306,0.52479,-0.643883,0.556784,0.109974,0.699895,0.705727,-0.844097,-0.309127,0.438108,-0.000306,-0.001946,-0.00286,0.001825,0.015596,-0.024534,0.385568,0.056144,0.046938,-0.055791,0.190911,-0.492475,-0.849129,0.912632,0.407587,-0.031202,0.361461,-0.768986,0.527261,0.014612,-0.002777,-0.002391,0.010944,-0.022643,0.071082,-1.060918
746,0.110372,-0.014098,0.302478,-0.138978,0.432488,-0.89089,-0.935479,-0.35244,-0.02522,-0.324727,0.829367,0.454676,0.033078,0.009746,0.013017,-0.016169,-0.20951,-0.140463,-1.906718,-0.211939,-0.013759,0.258031,-0.610245,0.649274,0.45391,-0.137442,-0.650923,0.746554,0.780929,0.392372,0.485856,-0.000144,-0.000905,-0.001331,-0.009939,0.119587,-0.158595,0.416311,0.016307,0.050656,-0.031384,0.524655,-0.643729,0.557089,0.109932,0.700138,0.705493,-0.844187,-0.308898,0.438098,-6.8e-05,-0.00044,-0.000646,7e-06,-8.9e-05,-4.4e-05,0.381322,0.056641,0.046964,-0.055717,0.179238,-0.481707,-0.857806,0.909381,0.413801,-0.042358,0.375365,-0.772481,0.512224,0.009265,0.006323,0.007755,0.303409,-0.872824,0.540281,-1.063694
747,0.110793,-0.013753,0.302911,-0.129602,0.41389,-0.901079,-0.934959,-0.353608,-0.028006,-0.330068,0.838328,0.433922,0.019997,0.010183,0.033627,0.143509,-0.990436,0.15581,-1.906623,-0.211919,-0.013762,0.25799,-0.609178,0.648339,0.456672,-0.13575,-0.652483,0.7455,0.782057,0.391327,0.484884,-0.000352,0.011248,-0.007999,0.036087,-0.015091,0.015541,0.414072,0.016318,0.050651,-0.0314,0.523317,-0.642442,0.559827,0.108328,0.701793,0.704095,-0.845224,-0.30782,0.436854,-4.8e-05,-0.000314,-0.000463,0.000265,-0.00242,0.003373,0.378546,0.056862,0.047136,-0.055509,0.169377,-0.464781,-0.869073,0.908853,0.414717,-0.04466,0.381177,-0.782296,0.492661,0.010598,0.011642,0.013869,0.852607,-2.367401,1.676157,-1.063857
748,0.111393,-0.013193,0.304281,-0.142384,0.38857,-0.910377,-0.929713,-0.368057,-0.011745,-0.339466,0.844234,0.414799,0.019676,0.009282,0.032286,4.857674,-0.213881,-2.395264,-1.906615,-0.21178,-0.013752,0.25798,-0.604706,0.647415,0.463869,-0.130454,-0.654947,0.744285,0.786414,0.38874,0.479893,0.015527,0.000428,2e-06,-0.052787,0.035414,0.068405,0.41402,0.016381,0.050659,-0.031409,0.518219,-0.640707,0.566517,0.103144,0.704387,0.702281,-0.849005,-0.305502,0.431112,9.3e-05,0.000574,0.000843,-0.049098,0.032556,0.068681,0.376424,0.057167,0.047437,-0.054807,0.177575,-0.43963,-0.880449,0.904779,0.424847,-0.029655,0.387094,-0.791346,0.47321,0.009841,0.004712,0.016221,-1.067559,1.021336,-2.053617,-1.062061
749,0.111829,-0.012716,0.305277,-0.151778,0.379052,-0.912868,-0.914811,-0.403548,-0.015523,-0.374089,0.832275,0.409148,0.005391,0.021657,0.024569,0.041783,-0.047913,0.053893,-1.906799,-0.211618,-0.013676,0.257938,-0.606782,0.642312,0.468235,-0.123949,-0.658202,0.742524,0.78587,0.391698,0.478377,-0.00025,0.011917,-0.007015,-2.551632,-4.118642,-2.628205,0.412179,0.016468,0.050697,-0.031422,0.516233,-0.638754,0.570522,0.101056,0.706925,0.700031,-0.850464,-0.303724,0.429488,3e-06,7e-06,7e-06,0.001669,-0.003002,0.002021,0.373974,0.057393,0.047676,-0.054293,0.188968,-0.428895,-0.883368,0.884948,0.464285,-0.036115,0.425625,-0.774911,0.467285,0.010023,0.009815,0.011507,0.140798,-0.037147,0.0486,-1.064837
750,0.111986,-0.012228,0.305845,-0.135001,0.370746,-0.918895,-0.91457,-0.403391,-0.028448,-0.381061,0.836092,0.394677,0.006767,0.027264,0.030757,0.023459,-0.530416,0.083305,-1.906706,-0.211507,-0.013628,0.257857,-0.604285,0.64312,0.470349,-0.121974,-0.657908,0.743111,0.788098,0.390865,0.475384,-0.000178,-0.001131,-0.001666,-0.171339,0.157901,0.121756,0.411487,0.016524,0.050727,-0.031463,0.517908,-0.635527,0.572604,0.095267,0.708058,0.699698,-0.850114,-0.307829,0.427254,-9.9e-05,-0.000631,-0.000931,-0.230964,0.188359,0.158744,0.372505,0.057469,0.04791,-0.054019,0.171675,-0.423173,-0.889635,0.884913,0.463114,-0.049526,0.432961,-0.778748,0.453977,0.003384,0.013676,0.015423,0.213786,-1.045148,0.459281,-1.068593
751,0.112172,-0.011376,0.307016,-0.129963,0.367466,-0.920936,-0.915295,-0.401545,-0.031112,-0.381077,0.838428,0.389673,0.004318,0.009043,0.030655,-0.031635,-0.137608,0.223566,-1.906058,-0.211286,-0.013522,0.257689,-0.604417,0.643282,0.469958,-0.122579,-0.657849,0.743063,0.787903,0.390698,0.475844,-0.000113,-0.000721,-0.001062,-3.1e-05,2.8e-05,2.3e-05,0.411273,0.016634,0.050778,-0.031549,0.517699,-0.63612,0.572134,0.095833,0.707629,0.700054,-0.850177,-0.307588,0.4273,0.007612,-0.00075,-0.001431,0.004571,-0.016839,0.028025,0.371851,0.057567,0.048362,-0.053412,0.16672,-0.419486,-0.892319,0.885761,0.46129,-0.051361,0.433164,-0.781819,0.448471,0.002375,0.009674,0.010797,0.005314,-0.017663,0.06134,-1.056019
752,0.112587,-0.010948,0.307553,-0.132354,0.36331,-0.922244,-0.911518,-0.410072,-0.030788,-0.389215,0.836115,0.386587,0.017768,0.019316,0.001655,0.033584,-0.079144,0.083958,-1.906208,-0.211112,-0.013506,0.257539,-0.607004,0.638721,0.472834,-0.117058,-0.660235,0.741836,0.786754,0.394139,0.474906,0.015109,-0.002204,-0.003894,0.001993,-0.014857,0.028754,0.411125,0.016716,0.050788,-0.031621,0.520289,-0.631431,0.574971,0.090561,0.710275,0.698073,-0.849174,-0.31113,0.426731,-0.000193,-0.001243,-0.001834,-0.00178,0.017418,-0.022602,0.371525,0.057765,0.048576,-0.05313,0.168914,-0.415132,-0.893941,0.88141,0.469534,-0.051498,0.441115,-0.779231,0.445213,0.008671,0.008835,-9.4e-05,0.038943,-0.041353,0.075142,-1.058795
753,0.11314,-0.010579,0.307523,-0.13306,0.355219,-0.925289,-0.911561,-0.410277,-0.026477,-0.388872,0.839493,0.379548,0.03249,0.018023,0.000886,-0.066865,-0.654724,-0.245722,-1.906441,-0.211099,-0.01353,0.257428,-0.605417,0.64031,0.472721,-0.11642,-0.658671,0.743325,0.78807,0.394176,0.472688,-0.000504,-0.003216,-0.004746,-0.089136,0.080352,0.06648,0.411078,0.016729,0.050778,-0.031674,0.518753,-0.632887,0.574759,0.089642,0.708854,0.699635,-0.85021,-0.311415,0.424454,-0.000308,-0.001981,-0.002925,-0.117506,0.119014,0.062715,0.371198,0.05804,0.048755,-0.05315,0.168696,-0.409669,-0.896499,0.881496,0.469667,-0.048749,0.441028,-0.782037,0.440352,0.023732,0.013036,-0.004996,0.066796,-0.145338,0.111632,-1.059611
754,0.1152,-0.009792,0.30707,-0.156247,0.353754,-0.92222,-0.911869,-0.410436,-0.003004,-0.379389,0.840035,0.387856,0.060238,0.017406,-0.019022,-0.008023,0.042593,-0.04373,-1.906289,-0.211227,-0.013654,0.257064,-0.605134,0.640032,0.473458,-0.116169,-0.659204,0.742892,0.788324,0.393737,0.472631,-0.001002,-0.00637,-0.009427,-0.001464,0.017381,-0.022939,0.405905,0.016665,0.050716,-0.031856,0.518306,-0.632643,0.575431,0.089567,0.709322,0.69917,-0.850491,-0.310845,0.424309,-0.000517,-0.003317,-0.004905,0.000224,0.016263,-0.023913,0.369565,0.059061,0.049157,-0.053359,0.191968,-0.404008,-0.894385,0.881421,0.471725,-0.023901,0.431561,-0.783742,0.446657,0.030079,0.008515,-0.009742,-0.215688,0.423431,-0.52476,-1.058142
755,0.117522,-0.009369,0.306286,-0.172826,0.356569,-0.918169,-0.910854,-0.412542,0.011181,-0.37459,0.837808,0.397225,0.059582,0.015218,-0.021597,0.071321,0.015206,-0.016339,-1.906613,-0.211361,-0.013829,0.256772,-0.604818,0.639743,0.474252,-0.115723,-0.659682,0.742538,0.788632,0.393408,0.472391,-0.016075,-0.003785,-0.004979,-0.002045,0.015205,-0.029245,0.400017,0.016602,0.050624,-0.032008,0.517958,-0.632273,0.57615,0.089202,0.709791,0.69874,-0.850742,-0.310524,0.424042,-0.000388,-0.002483,-0.003683,-0.001512,0.017255,-0.023051,0.360911,0.06022,0.049361,-0.05376,0.208489,-0.405636,-0.889938,0.880118,0.474644,-0.010155,0.426524,-0.781135,0.455965,0.029436,0.001759,-0.007084,0.038459,0.02856,-0.026498,-1.05357
756,0.119596,-0.009076,0.3058,-0.18155,0.363478,-0.913766,-0.909424,-0.415553,0.015331,-0.373927,0.833333,0.407139,0.044517,0.006764,-0.011233,0.06807,0.350875,-0.10265,-1.906562,-0.211419,-0.013966,0.256552,-0.604501,0.639487,0.475002,-0.115292,-0.660116,0.742219,0.788938,0.393097,0.472139,-0.000723,0.008963,-0.011405,0.036092,-0.015079,0.01554,0.397851,0.016568,0.05055,-0.032118,0.517577,-0.631921,0.576878,0.088785,0.710234,0.698343,-0.851017,-0.310228,0.423706,-0.000259,-0.001656,-0.002461,-0.00152,0.017293,-0.022991,0.356665,0.061262,0.049507,-0.05401,0.217456,-0.411381,-0.885142,0.878416,0.477854,-0.006285,0.425555,-0.776157,0.465276,0.021965,-0.002271,-0.001687,0.053567,0.330758,0.097394,-1.056673
757,0.120391,-0.009079,0.305567,-0.19016,0.378589,-0.905845,-0.90887,-0.416717,0.016573,-0.370978,0.825975,0.42446,0.028369,-0.007115,-0.006743,0.137537,0.935919,0.209094,-1.906483,-0.211439,-0.01402,0.256473,-0.608179,0.635818,0.475232,-0.111243,-0.660916,0.742125,0.786692,0.397673,0.472055,-0.000371,-0.002343,-0.003486,-5.2e-05,-8.1e-05,-5.1e-05,0.393264,0.016557,0.050526,-0.032162,0.521467,-0.628449,0.577168,0.08484,0.711254,0.697796,-0.849042,-0.314911,0.424213,-0.000176,-0.001119,-0.001664,-0.000935,0.000507,0.000347,0.353563,0.061667,0.049517,-0.054122,0.227252,-0.423501,-0.876928,0.877609,0.479358,-0.004071,0.422087,-0.768675,0.480603,0.014374,0.001543,-0.007978,0.195751,1.173965,0.128675,-1.058795
758,0.120757,-0.009426,0.305122,-0.17467,0.407123,-0.896541,-0.910451,-0.41345,-0.010428,-0.374711,0.81393,0.444,-0.016924,-0.008847,-0.010359,0.229837,0.755973,0.240242,-1.906326,-0.21136,-0.014046,0.256449,-0.608134,0.635823,0.475282,-0.111204,-0.660924,0.742124,0.786732,0.397652,0.472006,8.3e-05,0.000523,0.000779,-0.0,0.0,0.0,0.38778,0.016596,0.050512,-0.032176,0.521412,-0.628453,0.577213,0.084798,0.711258,0.697796,-0.84908,-0.314893,0.42415,7.1e-05,0.000445,0.000662,1.7e-05,4.5e-05,2.4e-05,0.343929,0.061867,0.049346,-0.054341,0.213254,-0.454007,-0.8651,0.879853,0.474168,-0.031954,0.42471,-0.754348,0.500578,-0.008865,-0.01063,-0.001846,0.510719,0.498858,1.017359,-1.059938
