frame,MLTx,MLTy,MLTz,MLTR1,MLTR2,MLTR3,MLTR4,MLTR5,MLTR6,MLTR7,MLTR8,MLTR9,MLTTVx,MLTTVy,MLTTVz,MLTRVx,MLTRVy,MLTRVz,MLGA,MRTx,MRTy,MRTz,MRTR1,MRTR2,MRTR3,MRTR4,MRTR5,MRTR6,MRTR7,MRTR8,MRTR9,MRTTVx,MRTTVy,MRTTVz,MRTRVx,MRTRVy,MRTRVz,MRGA,SLTx,SLTy,SLTz,SLTR1,SLTR2,SLTR3,SLTR4,SLTR5,SLTR6,SLTR7,SLTR8,SLTR9,SLTTVx,SLTTVy,SLTTVz,SLTRVx,SLTRVy,SLTRVz,SLGA,SRTx,SRTy,SRTz,SRTR1,SRTR2,SRTR3,SRTR4,SRTR5,SRTR6,SRTR7,SRTR8,SRTR9,SRTTVx,SRTTVy,SRTTVz,SRTRVx,SRTRVy,SRTRVz,SRGA
2104,0.082749,0.039395,0.407584,-0.066595,0.39307,-0.917118,-0.642315,-0.720215,-0.262096,-0.763469,0.571133,0.301579,0.027094,0.026501,-0.030959,0.138651,-0.813933,-0.042621,0.427003,-0.104003,0.073107,0.374102,0.236989,0.590218,0.771667,-0.696823,0.656755,-0.288174,-0.677147,-0.470166,0.565932,0.001768,-0.00731,-0.003569,0.155257,0.127767,-0.146553,0.328881,0.038855,0.055013,0.002563,-0.201047,-0.58344,0.786878,0.68251,-0.659643,-0.31472,0.702679,0.473779,0.530823,0.000913,-0.003773,-0.001843,0.166287,0.137062,-0.157124,0.187007,0.079357,0.044551,-0.040048,-0.095743,0.454753,-0.885455,-0.629474,-0.716752,-0.300047,-0.7711,0.528644,0.354879,0.013607,0.013355,-0.015442,0.228855,-0.915947,-0.109142,0.357261
2105,0.083284,0.039942,0.406909,-0.063199,0.377213,-0.923992,-0.634086,-0.730079,-0.254737,-0.770606,0.569319,0.286475,0.038296,0.022345,-0.033366,0.106371,-0.781881,0.02555,0.439116,-0.10402,0.072924,0.374016,0.234136,0.590864,0.772044,-0.696145,0.656241,-0.290971,-0.678833,-0.470073,0.563986,0.002077,-0.008594,-0.004204,0.011816,0.026284,-0.03783,0.369846,0.038846,0.054926,0.002522,-0.198159,-0.584085,0.787131,0.68168,-0.659162,-0.317515,0.704304,0.473653,0.528778,-0.004531,-0.005398,-0.00229,0.041206,0.067293,-0.096569,0.245628,0.079621,0.044828,-0.040385,-0.092092,0.439374,-0.89357,-0.620843,-0.726937,-0.293455,-0.778506,0.527742,0.339728,0.013356,0.012661,-0.015762,0.108169,-0.941182,0.131452,0.379305
2106,0.084446,0.041103,0.405396,-0.056247,0.343546,-0.937474,-0.627121,-0.74273,-0.234611,-0.776828,0.574284,0.258388,0.037823,0.021216,-0.03383,-0.150246,-0.570293,-0.517258,0.446361,-0.1041,0.072534,0.373805,0.230752,0.591692,0.772429,-0.695541,0.655459,-0.29416,-0.680605,-0.470124,0.561804,0.000351,0.000974,-0.013095,0.033804,0.010357,-0.003232,0.440745,0.038807,0.054727,0.002415,-0.194786,-0.58491,0.787361,0.68095,-0.6584,-0.320648,0.70595,0.473695,0.526542,0.000192,0.000421,-0.006579,0.032629,0.009348,-0.002036,0.352257,0.080202,0.045408,-0.041141,-0.084205,0.407621,-0.90926,-0.613068,-0.740544,-0.275211,-0.785529,0.534264,0.312257,0.013614,0.01701,-0.02076,-0.754289,0.05509,-2.237181,0.403962
2107,0.085724,0.042416,0.40369,-0.050627,0.312007,-0.948754,-0.614073,-0.758857,-0.216846,-0.787571,0.571235,0.231194,0.038639,0.031073,-0.043199,-0.078116,-0.470215,-0.457252,0.451584,-0.104382,0.072296,0.373445,0.230026,0.591872,0.772507,-0.695252,0.655399,-0.294976,-0.681145,-0.469981,0.561268,-0.010816,-0.001253,-0.013496,0.031766,0.025536,-0.032492,0.476885,0.03867,0.054607,0.002239,-0.194102,-0.585081,0.787403,0.68064,-0.658351,-0.321405,0.706436,0.473553,0.526017,-0.005411,-0.000593,-0.006725,0.031749,0.025507,-0.032445,0.425248,0.08084,0.04606,-0.041991,-0.077817,0.376729,-0.923048,-0.599276,-0.757595,-0.25868,-0.79675,0.533032,0.284719,0.019832,0.020476,-0.02635,-0.628552,0.312661,-2.303797,0.412943
2108,0.087123,0.043829,0.401852,-0.041322,0.280339,-0.959035,-0.608408,-0.768394,-0.198453,-0.792507,0.574931,0.203505,0.03831,0.030456,-0.043356,-0.549444,0.162127,-2.234869,0.459679,-0.104946,0.072314,0.372858,0.228763,0.592111,0.772699,-0.694436,0.655535,-0.296589,-0.6824,-0.469488,0.560155,-0.023911,0.006953,-0.022322,0.065722,0.036135,-0.040429,0.486233,0.038384,0.054616,0.001941,-0.1928,-0.585327,0.78754,0.679739,-0.658497,-0.323009,0.70766,0.473046,0.524828,-0.011937,0.003433,-0.011172,0.065708,0.03612,-0.040382,0.453987,0.08154,0.046768,-0.042909,-0.066695,0.34801,-0.935114,-0.592806,-0.767677,-0.243417,-0.802578,0.538107,0.257503,0.019651,0.020161,-0.026414,0.244188,-1.135704,-0.119984,0.423557
2109,0.08788,0.04459,0.400864,-0.038814,0.265111,-0.96346,-0.602508,-0.775361,-0.189135,-0.79713,0.572818,0.191025,0.039362,0.040992,-0.052359,0.163455,-0.776037,-0.421094,0.463641,-0.105366,0.072389,0.372463,0.227713,0.592331,0.772841,-0.693877,0.655558,-0.297846,-0.683319,-0.46918,0.559293,-0.023776,0.006375,-0.022601,0.065742,0.036045,-0.040479,0.489786,0.038183,0.054652,0.001752,-0.191784,-0.585539,0.78763,0.679151,-0.658524,-0.324189,0.7085,0.472746,0.523964,-0.011852,0.003076,-0.011344,0.065715,0.036035,-0.040417,0.460845,0.081903,0.047132,-0.043384,-0.066288,0.333461,-0.940429,-0.587099,-0.775118,-0.233461,-0.806795,0.53665,0.247156,0.019607,0.020118,-0.026391,-0.505145,0.605815,-2.238456,0.429599
2110,0.089203,0.04601,0.39901,-0.036775,0.235775,-0.971135,-0.594144,-0.786493,-0.168503,-0.803481,0.570501,0.170216,0.026367,0.032668,-0.041638,-0.44729,0.575668,-2.550454,0.460725,-0.106452,0.072674,0.371458,0.225244,0.592808,0.773198,-0.692309,0.655791,-0.300964,-0.685721,-0.468249,0.557129,-0.036504,0.01315,-0.032084,0.099782,0.046245,-0.048642,0.488543,0.037644,0.054793,0.001253,-0.189311,-0.586016,0.787874,0.677457,-0.658773,-0.327213,0.710782,0.471806,0.521713,-0.017138,0.000705,-0.012149,0.063726,0.051027,-0.069806,0.466887,0.082584,0.047857,-0.044331,-0.060557,0.304148,-0.950697,-0.577527,-0.787508,-0.215153,-0.814121,0.536025,0.223343,0.019406,0.019723,-0.026487,0.217037,-0.652886,-0.307879,0.43466
2111,0.090435,0.047312,0.397202,-0.027217,0.21301,-0.976694,-0.588266,-0.793325,-0.15668,-0.808184,0.570024,0.148114,0.037146,0.027654,-0.044364,0.161671,-0.382585,-0.017063,0.439809,-0.107864,0.073056,0.370217,0.221969,0.593491,0.773621,-0.690377,0.655965,-0.304997,-0.688728,-0.467139,0.554345,-0.047182,0.008879,-0.033439,0.097841,0.060959,-0.078163,0.485292,0.036942,0.054986,0.000633,-0.18604,-0.586689,0.788152,0.675336,-0.658992,-0.331134,0.713659,0.470663,0.518812,-0.01789,0.00511,-0.016729,0.097632,0.060791,-0.073306,0.46607,0.083211,0.048522,-0.04525,-0.052478,0.280005,-0.958562,-0.571502,-0.795575,-0.201107,-0.81892,0.537267,0.201773,0.018583,0.013764,-0.022233,0.151759,-0.285585,0.036826,0.419311
2112,0.090955,0.047858,0.39639,-0.021045,0.202402,-0.979099,-0.585401,-0.796332,-0.152092,-0.810454,0.56971,0.136463,0.024244,0.019139,-0.033916,0.165296,-0.838939,-0.316349,0.424455,-0.108684,0.073352,0.369508,0.220346,0.59379,0.773855,-0.689129,0.656256,-0.307185,-0.690495,-0.466349,0.55281,-0.049455,0.021193,-0.040831,0.133995,0.05559,-0.05729,0.481071,0.036534,0.055125,0.000279,-0.184394,-0.586997,0.78831,0.674011,-0.659278,-0.333258,0.715337,0.469879,0.51721,-0.019053,0.011367,-0.020373,0.135991,0.040405,-0.027945,0.463457,0.083462,0.048788,-0.045643,-0.047821,0.27276,-0.960892,-0.568833,-0.798196,-0.198268,-0.82106,0.537107,0.193325,0.012722,0.014923,-0.021432,0.157748,-0.35046,-0.004985,0.404289
2113,0.09188,0.048678,0.394934,-0.014496,0.194685,-0.980782,-0.581239,-0.799732,-0.150209,-0.813595,0.567645,0.125971,0.022579,0.006785,-0.025779,0.084351,-0.227041,-0.026065,0.361312,-0.110732,0.074122,0.368013,0.216177,0.594704,0.77433,-0.686493,0.65654,-0.312435,-0.694424,-0.464781,0.549196,-0.059271,0.011241,-0.031395,0.093767,0.090433,-0.13231,0.482668,0.035537,0.055501,-0.00046,-0.180323,-0.587875,0.788597,0.671167,-0.65963,-0.338263,0.719039,0.468284,0.513509,-0.036217,0.010228,-0.019771,0.130025,0.085065,-0.1162,0.459865,0.083916,0.049196,-0.046361,-0.040105,0.263419,-0.963846,-0.564442,-0.801942,-0.195685,-0.824497,0.536188,0.180846,0.011899,0.008807,-0.017316,0.126062,-0.335126,-0.057108,0.351709
2114,0.092625,0.048862,0.393881,-0.009866,0.189762,-0.981803,-0.578647,-0.801795,-0.149209,-0.815515,0.566407,0.118937,0.008537,-0.005795,-0.017448,0.042114,-0.107741,-0.026569,0.265598,-0.113708,0.075091,0.366498,0.223787,0.591362,0.774727,-0.668333,0.671696,-0.319514,-0.709578,-0.447019,0.544551,-0.095747,0.022007,-0.037173,0.498417,0.045957,-0.047889,0.488548,0.034072,0.055978,-0.001218,-0.187081,-0.584832,0.789285,0.653825,-0.673784,-0.344277,0.733152,0.451647,0.50843,-0.043169,0.017563,-0.022434,4.454589,-1.678135,2.901422,0.467703,0.084304,0.049303,-0.046902,-0.035106,0.258467,-0.965381,-0.561688,-0.804076,-0.194854,-0.826604,0.535403,0.173406,0.010449,0.000521,-0.014324,0.075937,-0.124374,-0.004973,0.238222
2115,0.093023,0.048605,0.393171,-0.009128,0.186515,-0.982433,-0.577358,-0.803103,-0.147159,-0.816438,0.565637,0.116238,0.008854,-0.004818,-0.016993,0.034764,-0.020281,0.019444,0.195968,-0.117564,0.076427,0.365006,0.242863,0.583185,0.775181,-0.655185,0.687927,-0.312126,-0.715568,-0.43282,0.548173,-0.099139,0.043364,-0.039739,0.099169,0.178456,-0.242221,0.466509,0.032156,0.056629,-0.001968,-0.207064,-0.575974,0.790809,0.639759,-0.69126,-0.335956,0.740156,0.436363,0.51162,-0.049615,0.021908,-0.019702,-0.402124,-0.376648,0.396374,0.464111,0.084502,0.049171,-0.047259,-0.034225,0.255514,-0.966198,-0.560353,-0.805418,-0.193146,-0.827546,0.534802,0.170743,0.0043,-0.002874,-0.008737,0.032865,0.004105,-0.000148,0.124572
2116,0.093011,0.048453,0.393008,-0.010722,0.185656,-0.982579,-0.577211,-0.803497,-0.145574,-0.81652,0.56536,0.117,-0.00289,-0.009678,-0.004848,-0.000689,0.013398,-0.025507,0.187861,-0.11948,0.077236,0.364347,0.251409,0.581697,0.773572,-0.659618,0.687885,-0.302741,-0.708516,-0.434885,0.555647,-0.097802,0.036801,-0.029461,-1.608474,-1.350691,1.512355,0.422419,0.031157,0.057048,-0.002313,-0.213429,-0.575285,0.789616,0.643751,-0.690772,-0.329269,0.734868,0.438041,0.517771,-0.049875,0.024277,-0.018454,0.114956,0.162985,-0.271744,0.437004,0.084497,0.049083,-0.047352,-0.035978,0.254639,-0.966366,-0.56015,-0.805948,-0.191514,-0.827608,0.53442,0.171632,-0.001383,-0.004659,-0.002339,-0.000881,0.014826,-0.024699,0.087505
2117,0.092655,0.048249,0.39299,-0.02164,0.181428,-0.983189,-0.563391,-0.814572,-0.137966,-0.82589,0.550706,0.121065,-0.013186,-0.009614,0.009776,-0.031447,0.033764,-0.045694,0.184593,-0.123116,0.079334,0.363057,0.271186,0.578409,0.769345,-0.671368,0.68644,-0.27928,-0.689957,-0.441508,0.573491,-0.078138,0.060042,-0.032556,-0.019138,0.128804,-0.23157,0.27075,0.029301,0.058113,-0.002968,-0.235594,-0.571557,0.786013,0.657544,-0.689299,-0.304142,0.715632,0.445184,0.538219,-0.039132,0.030418,-0.01602,-0.010531,0.135976,-0.240839,0.297718,0.084322,0.048978,-0.047368,-0.04681,0.250175,-0.967067,-0.545851,-0.817206,-0.184986,-0.836573,0.519216,0.174811,-0.011811,0.001942,0.001356,0.006856,0.122828,-0.233023,0.064318
2118,0.091908,0.048347,0.393225,-0.039882,0.172693,-0.984191,-0.55046,-0.825787,-0.122646,-0.83387,0.536648,0.129219,-0.0224,0.00796,0.004746,-0.005775,0.039504,-0.078723,0.185607,-0.125848,0.08192,0.361794,0.297248,0.571461,0.764897,-0.674053,0.692989,-0.255642,-0.676497,-0.440314,0.590202,-0.057693,0.078241,-0.038092,4.266971,-1.427595,3.271661,0.145342,0.027956,0.059383,-0.003582,-0.258414,-0.566376,0.782585,0.665406,-0.691639,-0.280835,0.700325,0.448166,0.555599,-0.028095,0.034247,-0.014767,-0.396487,-0.348889,0.394771,0.090992,0.083953,0.049024,-0.047248,-0.064917,0.24103,-0.968343,-0.532327,-0.829149,-0.170696,-0.844045,0.504395,0.182132,-0.011024,0.004569,0.002681,-0.019267,0.15366,-0.296005,0.060072
2119,0.091386,0.048492,0.39339,-0.053626,0.168858,-0.984203,-0.541851,-0.832771,-0.113407,-0.838706,0.526997,0.137379,-0.033523,0.012152,0.007223,4.952125,2.003918,-3.188498,0.184449,-0.126746,0.083367,0.361161,0.312826,0.563091,0.764892,-0.66708,0.703522,-0.244939,-0.676404,-0.434333,0.594723,-0.033848,0.071242,-0.029614,0.13112,0.202213,0.277361,0.142064,0.027497,0.060111,-0.0039,-0.277509,-0.557101,0.782704,0.654958,-0.705742,-0.270105,0.702863,0.437682,0.560728,-0.022382,0.03459,-0.014918,0.087062,0.379673,0.362518,0.047393,0.083696,0.049096,-0.047165,-0.075099,0.23876,-0.968169,-0.528128,-0.833082,-0.16448,-0.845837,0.498965,0.188659,-0.011066,0.004418,0.002607,-0.013535,0.240977,-0.162004,0.060072
2120,0.090293,0.048631,0.393624,-0.077756,0.157145,-0.984533,-0.460869,-0.881299,-0.104323,-0.883972,0.445429,0.142175,-0.013172,-0.002449,-0.000851,7.233117,0.794726,-1.099827,-0.043363,-0.127821,0.086298,0.359832,0.323155,0.549321,0.77059,-0.659416,0.714764,-0.232844,-0.679072,-0.43359,0.59222,-0.010924,0.069668,-0.03158,0.649328,0.614575,0.036951,0.114373,0.026945,0.061614,-0.00457,-0.287421,-0.542664,0.789243,0.647708,-0.717154,-0.25722,0.705593,0.437269,0.557613,-0.005409,0.034638,-0.015863,0.693907,0.717491,0.02031,0.001019,0.083143,0.049189,-0.047037,-0.101987,0.224711,-0.969073,-0.442883,-0.882541,-0.158036,-0.890759,0.413069,0.189528,-0.006842,-0.001711,-0.000882,7.255287,0.772196,-1.09055,-0.07252
2121,0.089292,0.047989,0.393509,-0.111118,0.145461,-0.983127,-0.23467,-0.965076,-0.116321,-0.96558,0.217598,0.142596,-0.030238,-0.017123,-0.007909,6.108121,0.949684,-0.901098,-0.344235,-0.128061,0.088876,0.35844,0.328411,0.522041,0.787154,-0.637797,0.737259,-0.222708,-0.69698,-0.429565,0.574069,0.001628,0.061306,-0.036108,0.077055,0.54135,0.551157,0.101198,0.026822,0.062866,-0.005235,-0.29159,-0.516429,0.805155,0.626864,-0.738957,-0.246949,0.722507,0.432715,0.539203,0.001729,0.024863,-0.014343,0.046338,0.716198,0.669569,-0.027394,0.082667,0.048893,-0.047085,-0.133767,0.212762,-0.967904,-0.220431,-0.958602,-0.180253,-0.966186,0.189244,0.175129,-0.015355,-0.008879,-0.0044,7.62326,1.200483,-0.996566,-0.348155
2122,0.088768,0.047674,0.39333,-0.129394,0.143164,-0.981227,-0.13069,-0.983332,-0.126292,-0.982797,0.111711,0.147168,-0.030128,-0.016542,-0.007666,2.151545,0.828757,-0.170509,-0.434614,-0.127942,0.089891,0.357801,0.343068,0.495595,0.797923,-0.605781,0.76595,-0.215136,-0.71819,-0.410189,0.561971,0.013096,0.059086,-0.037774,0.409697,0.744269,1.097816,0.104962,0.026878,0.063397,-0.005567,-0.305917,-0.490424,0.816025,0.595456,-0.767343,-0.237938,0.742863,0.413118,0.52677,0.002161,0.022267,-0.015568,1.387911,0.099727,1.399928,-0.032293,0.08239,0.048716,-0.047184,-0.152349,0.208636,-0.966054,-0.110217,-0.974953,-0.193176,-0.982161,0.077045,0.171528,-0.015372,-0.00883,-0.004399,7.22187,1.699899,-0.787689,-0.441067
2123,0.087176,0.047539,0.393103,-0.178619,0.131353,-0.975134,-0.02273,-0.991314,-0.129423,-0.983447,-0.001123,0.181267,-0.048476,0.011907,-0.006834,-0.066306,1.166085,0.182336,-0.425242,-0.127285,0.091483,0.356626,0.365635,0.433536,0.823619,-0.508918,0.834021,-0.212945,-0.779664,-0.341848,0.524526,0.017297,0.031846,-0.024869,4.490667,-0.072639,3.635993,0.110959,0.027196,0.064184,-0.006153,-0.325556,-0.430809,0.841674,0.50327,-0.832549,-0.231476,0.800457,0.348231,0.487854,0.008751,0.015339,-0.012718,0.40984,0.867679,0.816383,-0.028374,0.081594,0.048613,-0.04731,-0.200757,0.194431,-0.960152,0.000122,-0.980101,-0.198496,-0.97964,-0.039967,0.196738,-0.024607,0.001217,0.001422,-0.232427,0.994081,-0.659384,-0.525815
2124,0.085246,0.048387,0.393385,-0.210007,0.137277,-0.968038,-0.096797,-0.988128,-0.119181,-0.97265,0.068496,0.222007,-0.053853,0.026982,0.015509,-1.682421,0.523014,0.389685,-0.195053,-0.126101,0.092279,0.356014,0.364017,0.391287,0.845208,-0.436483,0.873317,-0.216178,-0.82315,-0.290729,0.487611,0.031424,0.012105,-0.009179,5.447731,-0.240537,2.736063,0.113534,0.027796,0.064593,-0.006478,-0.3224,-0.385448,0.864573,0.431128,-0.872905,-0.228394,0.842725,0.299108,0.447603,0.021191,0.006528,-0.004729,2.724942,2.006551,-0.69557,-0.029353,0.080626,0.049015,-0.047185,-0.234334,0.199606,-0.951443,-0.072775,-0.979549,-0.187578,-0.969428,0.025285,0.244068,-0.026962,0.013746,0.007742,-5.551785,0.191842,1.283718,-0.433882
2125,0.083461,0.04979,0.394098,-0.221019,0.156758,-0.962612,-0.190398,-0.974921,-0.115102,-0.956245,0.157638,0.246521,-0.048824,0.041403,0.022709,-0.160252,0.379049,-0.067112,-0.07476,-0.124445,0.092559,0.355846,0.365745,0.350208,0.862308,-0.369275,0.905057,-0.21081,-0.854695,-0.241778,0.459241,0.043726,0.004398,-0.000648,0.309099,0.651883,0.205319,0.10894,0.028636,0.064734,-0.006567,-0.325039,-0.342235,0.881603,0.358502,-0.907233,-0.220008,0.875114,0.244545,0.417577,0.021838,0.002278,-0.000293,0.310181,0.639134,0.200025,-0.022985,0.079733,0.049715,-0.046829,-0.245643,0.219238,-0.944242,-0.168666,-0.968896,-0.181084,-0.954573,0.114779,0.27498,-0.018479,0.019731,0.010753,-0.512962,0.417612,-0.123402,-0.304719
2126,0.082654,0.050623,0.394571,-0.224507,0.162303,-0.960884,-0.224334,-0.968136,-0.111168,-0.948036,0.190393,0.25496,-0.035459,0.043423,0.02325,-0.059702,0.609227,-0.166239,-0.061689,-0.12351,0.092648,0.355858,0.368005,0.334774,0.867462,-0.338606,0.917123,-0.210159,-0.866357,-0.216821,0.449753,0.04349,0.005761,2.8e-05,0.357649,0.386207,0.00713,0.098846,0.029088,0.064776,-0.006561,-0.326927,-0.326367,0.886906,0.328086,-0.919302,-0.217351,0.886272,0.219924,0.407621,0.027153,0.003755,6.8e-05,1.396912,-0.024205,0.707042,-0.034252,0.079326,0.050135,-0.04659,-0.247683,0.223646,-0.942674,-0.202671,-0.963424,-0.175319,-0.947405,0.147629,0.283951,-0.023193,0.024063,0.013054,-0.168268,0.829979,-0.050452,-0.271898
2127,0.081109,0.052334,0.395799,-0.220182,0.17094,-0.960388,-0.312792,-0.94489,-0.096525,-0.923692,0.27893,0.262712,-0.034226,0.039088,0.034996,-0.091521,0.204849,-0.370656,-0.009959,-0.121192,0.093063,0.356036,0.365557,0.324058,0.872551,-0.323172,0.923302,-0.207381,-0.873261,-0.206595,0.441131,0.063704,0.016531,0.003958,0.011365,-0.085326,0.179749,0.072646,0.03024,0.064974,-0.006476,-0.324289,-0.316215,0.89154,0.312657,-0.925335,-0.214475,0.892794,0.209194,0.398943,0.031719,0.00894,0.002281,-0.001075,-0.025654,0.011417,-0.064298,0.078556,0.051002,-0.045975,-0.244358,0.233126,-0.941244,-0.291699,-0.943382,-0.157927,-0.92477,0.23597,0.298525,-0.02281,0.021132,0.018541,-0.199586,0.200503,-0.373235,-0.234178
2128,0.079419,0.053908,0.397282,-0.242439,0.154969,-0.957734,-0.367897,-0.928097,-0.0571,-0.897423,0.338306,0.283212,-0.046197,0.032466,0.045967,-0.161552,0.354961,-0.635606,0.068,-0.118511,0.09371,0.356274,0.379592,0.312127,0.870907,-0.32218,0.927033,-0.191686,-0.867637,-0.208231,0.451342,0.06561,0.005046,0.011339,-0.14225,-0.225142,0.323318,0.053614,0.031577,0.065311,-0.006355,-0.338508,-0.304693,0.890266,0.312445,-0.928838,-0.199092,0.887574,0.210765,0.409619,0.037101,0.0097,0.002303,-0.414217,-0.640253,0.843307,-0.091567,0.077702,0.051812,-0.045216,-0.266423,0.216116,-0.939314,-0.346415,-0.93089,-0.115923,-0.899452,0.294508,0.322876,-0.023075,0.016346,0.023088,-0.157804,0.353844,-0.637291,-0.16233
2129,0.07858,0.054555,0.39813,-0.25102,0.147569,-0.956691,-0.39423,-0.9182,-0.038247,-0.883772,0.367367,0.289854,-0.046444,0.031193,0.045214,-0.562111,0.317307,-0.493026,0.115591,-0.117198,0.093998,0.356387,0.385434,0.307916,0.869839,-0.326776,0.927127,-0.183265,-0.863337,-0.214006,0.456853,0.06345,0.017186,0.00431,0.000648,-0.119784,0.212142,0.051003,0.032235,0.06545,-0.006296,-0.344541,-0.300401,0.889409,0.317545,-0.928865,-0.190717,0.883434,0.216718,0.415423,0.03285,0.002313,0.005528,-0.069673,-0.12101,0.195529,-0.102018,0.077302,0.052129,-0.044807,-0.274256,0.20847,-0.938787,-0.372147,-0.923165,-0.096282,-0.886729,0.322962,0.330766,-0.023044,0.016192,0.022931,-1.676805,0.19287,0.069251,-0.10926
2130,0.076795,0.055523,0.400138,-0.277436,0.13197,-0.951661,-0.439199,-0.898368,0.003404,-0.854154,0.418743,0.308387,-0.047218,0.021266,0.054245,-0.598555,0.459121,-0.670252,0.140417,-0.11458,0.094423,0.356679,0.396148,0.304833,0.866104,-0.325202,0.928707,-0.17799,-0.859082,-0.211544,0.465929,0.063686,0.015907,0.003697,0.033681,-0.210703,0.088819,0.022799,0.033543,0.065665,-0.006148,-0.355487,-0.297593,0.88604,0.316269,-0.930339,-0.185583,0.879546,0.214255,0.424843,0.032854,0.002338,0.00555,0.001756,-0.22892,0.085402,-0.125695,0.07641,0.052617,-0.043806,-0.300085,0.192136,-0.934361,-0.416764,-0.907481,-0.052759,-0.858053,0.373576,0.352397,-0.023436,0.011208,0.027431,-1.714467,0.46382,-0.275476,-0.024513
2131,0.074713,0.0561,0.402603,-0.314512,0.111282,-0.942732,-0.444595,-0.8947,0.042656,-0.838331,0.432407,0.332044,-0.05868,0.016238,0.066123,-0.155943,0.641975,-0.982288,0.125743,-0.111935,0.094807,0.35696,0.409376,0.309244,0.858353,-0.323949,0.928762,-0.179975,-0.853348,-0.204787,0.479294,0.074487,0.017667,0.003896,0.123827,-0.683396,-0.213751,-0.011171,0.03489,0.065863,-0.006007,-0.368138,-0.300576,0.879845,0.314731,-0.930723,-0.18627,0.874881,0.208342,0.437236,0.03725,0.008815,0.001889,0.113301,-0.620265,-0.166992,-0.167334,0.075372,0.052904,-0.042579,-0.336404,0.170449,-0.926163,-0.421857,-0.906559,-0.013613,-0.841942,0.386129,0.376875,-0.029436,0.007959,0.033029,-0.1481,0.549069,-0.803751,-0.020594
2132,0.072395,0.057104,0.405127,-0.348269,0.122776,-0.929344,-0.455636,-0.888553,0.053304,-0.8188,0.44185,0.366555,-0.054959,0.025195,0.069983,-0.038471,1.080056,-0.287364,0.094614,-0.109339,0.095047,0.357352,0.423218,0.316371,0.848992,-0.32381,0.927973,-0.184249,-0.846635,-0.197345,0.494091,0.066006,0.003835,0.010817,0.044968,-0.43218,-0.096225,-0.050187,0.036142,0.065981,-0.005819,-0.382905,-0.308872,0.870621,0.314569,-0.929719,-0.191489,0.868579,0.200548,0.453155,0.032938,0.002179,0.005489,0.083393,-0.637224,-0.246144,-0.206524,0.074187,0.053402,-0.041297,-0.370433,0.179193,-0.911409,-0.43252,-0.901622,-0.001476,-0.822012,0.393656,0.411496,-0.027388,0.012952,0.035197,-0.024202,1.174147,-0.255843,-0.053578
2133,0.071365,0.057788,0.406402,-0.360914,0.137482,-0.922434,-0.464652,-0.884066,0.04998,-0.808179,0.446474,0.384103,-0.051466,0.04048,0.062851,0.073812,1.373707,-0.096478,0.087503,-0.10818,0.095131,0.357583,0.429221,0.323692,0.843199,-0.323885,0.926639,-0.190717,-0.843585,-0.19166,0.501492,0.065379,0.006558,0.012173,0.119426,-0.785829,-0.354059,-0.075507,0.036768,0.066021,-0.005697,-0.388706,-0.315295,0.865734,0.314183,-0.928666,-0.19715,0.866138,0.195365,0.460039,0.032657,0.003408,0.006105,0.104543,-0.724772,-0.301002,-0.229384,0.07369,0.053726,-0.040684,-0.381801,0.191859,-0.904111,-0.441743,-0.897132,-0.003833,-0.811843,0.397922,0.427279,-0.020704,0.013961,0.035296,-0.025643,0.900812,-0.239052,-0.067784
2134,0.070036,0.059114,0.408845,-0.392399,0.153017,-0.907003,-0.463433,-0.884636,0.051194,-0.794052,0.440228,0.419174,-0.017846,0.030348,0.056232,0.020381,0.754946,0.123743,0.07888,-0.10582,0.095347,0.358331,0.441668,0.336087,0.831845,-0.330793,0.922858,-0.197086,-0.83444,-0.188558,0.517705,0.064946,0.005896,0.024917,0.038583,-0.557488,-0.139319,-0.138458,0.037907,0.066113,-0.005348,-0.401852,-0.328385,0.854796,0.32089,-0.924792,-0.204421,0.857638,0.192148,0.477005,0.027122,0.001784,0.012182,0.09483,-0.83994,-0.385955,-0.287679,0.073018,0.054406,-0.039454,-0.414995,0.206959,-0.885972,-0.440433,-0.897778,-0.003415,-0.796113,0.388794,0.463726,-0.008922,0.015282,0.028198,0.054105,0.913486,0.19992,-0.088196
2135,0.069478,0.059988,0.410967,-0.406315,0.170598,-0.897692,-0.464403,-0.884611,0.042028,-0.786439,0.43375,0.439776,-0.009348,0.019891,0.050745,0.017248,0.687023,0.12416,0.051349,-0.103756,0.095552,0.359472,0.455226,0.346688,0.820103,-0.333599,0.920393,-0.203769,-0.826005,-0.181274,0.53359,0.043453,-0.001056,0.035896,0.040754,-0.705147,-0.348136,-0.15245,0.038984,0.066218,-0.004759,-0.415941,-0.338587,0.844009,0.323307,-0.922526,-0.210754,0.849979,0.185213,0.493184,0.021581,-8e-06,0.018167,0.024054,-0.616789,-0.282766,-0.322133,0.07274,0.054857,-0.038386,-0.428621,0.222831,-0.875574,-0.441563,-0.897147,-0.012162,-0.788229,0.381408,0.48293,-0.010575,0.010651,0.025992,0.064869,0.951499,0.171992,-0.100769
2136,0.069138,0.060347,0.412003,-0.410501,0.177922,-0.894359,-0.464863,-0.884579,0.037332,-0.783985,0.430853,0.446946,-0.020724,0.021968,0.05209,-0.026264,0.510501,-0.030963,0.017832,-0.10281,0.095606,0.36019,0.458978,0.353966,0.814886,-0.340809,0.917182,-0.206302,-0.820971,-0.183491,0.540556,0.053482,0.003607,0.037503,-0.005093,-0.494713,-0.1559,-0.153617,0.039436,0.066248,-0.004412,-0.420341,-0.346678,0.838526,0.330487,-0.919149,-0.214342,0.845039,0.187025,0.500929,0.021206,0.001332,0.018818,0.023252,-0.632945,-0.260642,-0.327195,0.072574,0.055034,-0.037869,-0.433379,0.230519,-0.87123,-0.442167,-0.896764,-0.017327,-0.785283,0.37772,0.490567,-0.005583,0.004243,0.029712,-0.044066,0.604181,0.016346,-0.134407
2137,0.068284,0.06105,0.414129,-0.420335,0.194918,-0.886211,-0.46671,-0.883986,0.026875,-0.777643,0.424654,0.463645,-0.031329,0.025602,0.053972,0.021115,0.610335,0.197607,-0.017766,-0.101071,0.095577,0.361863,0.464385,0.371267,0.804052,-0.361033,0.908383,-0.210782,-0.809199,-0.192885,0.554847,0.043681,-0.004987,0.046992,-0.086963,-0.276385,-0.028202,-0.184195,0.040293,0.06624,-0.003596,-0.426703,-0.36488,0.827518,0.350545,-0.910198,-0.220581,0.833692,0.19596,0.516291,0.021775,-0.002329,0.023552,-0.083866,-0.299331,-0.043937,-0.343688,0.072137,0.055389,-0.036788,-0.443356,0.246112,-0.861894,-0.444206,-0.89551,-0.027213,-0.778534,0.370793,0.506355,-0.015708,0.012779,0.026989,0.038117,0.693334,0.230628,-0.194988
2138,0.067553,0.061665,0.416264,-0.431595,0.207978,-0.87779,-0.469977,-0.882389,0.021953,-0.769457,0.421753,0.479674,-0.021282,0.019488,0.05055,-0.006599,0.481625,0.138793,-0.035513,-0.099554,0.095516,0.363678,0.477712,0.38213,0.79105,-0.365495,0.905264,-0.216437,-0.799389,-0.186224,0.571106,0.04453,-0.011131,0.057026,-0.093458,-0.394148,-0.133362,-0.212281,0.041067,0.066211,-0.002675,-0.440538,-0.375477,0.815439,0.354717,-0.907222,-0.226105,0.824682,0.189642,0.532854,0.020888,0.000743,0.025001,-0.043178,-0.463902,-0.122422,-0.37504,0.071781,0.055693,-0.035739,-0.45477,0.258284,-0.852333,-0.447565,-0.893678,-0.032011,-0.76998,0.366917,0.522016,-0.005629,0.003749,0.029277,-0.004705,0.617204,0.245508,-0.216542
2139,0.067248,0.062148,0.418146,-0.447008,0.224205,-0.866003,-0.473345,-0.880711,0.016254,-0.758504,0.4169,0.500892,-0.000554,0.009945,0.045126,0.073446,0.772581,0.375772,-0.042165,-0.098165,0.095482,0.365743,0.491775,0.396495,0.775203,-0.388504,0.896685,-0.212022,-0.77977,-0.197414,0.59401,0.030143,0.002434,0.051025,-0.566348,-0.927107,0.286198,-0.213707,0.041767,0.06619,-0.00164,-0.454554,-0.389971,0.800813,0.37769,-0.898622,-0.223219,0.806678,0.200994,0.555761,0.016199,-0.004372,0.029342,-1.811877,-2.069517,1.254631,-0.388429,0.07162,0.055939,-0.034795,-0.469664,0.27209,-0.83987,-0.45099,-0.891773,-0.036707,-0.758961,0.361534,0.541544,-0.00053,0.004404,0.022346,-0.057485,0.210152,0.089778,-0.226503
2140,0.067259,0.062294,0.418983,-0.45209,0.230813,-0.861618,-0.474911,-0.879915,0.01341,-0.7545,0.414963,0.508491,0.008887,0.002994,0.041578,-0.019851,0.363763,0.190284,-0.043775,-0.097508,0.095356,0.366838,0.497906,0.407776,0.765375,-0.408498,0.888792,-0.207636,-0.765527,-0.209796,0.608126,0.032648,-0.009513,0.058354,-1.697311,-2.277494,1.435015,-0.213923,0.042093,0.066136,-0.001093,-0.459188,-0.401449,0.792454,0.39741,-0.890651,-0.220916,0.794488,0.213488,0.568516,0.016338,-0.004945,0.029073,0.008387,-0.920731,-0.541062,-0.389899,0.071624,0.056018,-0.034374,-0.47593,0.279867,-0.833765,-0.452719,-0.890729,-0.040566,-0.754012,0.358155,0.550626,-0.001009,0.00315,0.021802,-0.010093,0.423326,0.182248,-0.228952
2141,0.067581,0.062381,0.420489,-0.46582,0.244405,-0.850484,-0.477907,-0.878346,0.009281,-0.744178,0.410466,0.527014,0.017364,-0.006275,0.037108,0.027002,0.679442,0.118749,-0.03905,-0.096336,0.094966,0.369108,0.51106,0.431193,0.74356,-0.45208,0.870591,-0.193982,-0.731596,-0.237566,0.638899,0.032197,-0.008213,0.058938,-0.58181,-1.011809,0.449913,-0.212175,0.04268,0.065941,4.2e-05,-0.475455,-0.425372,0.770065,0.442289,-0.872243,-0.208735,0.760474,0.241348,0.60285,0.016077,-0.004207,0.029411,-1.792487,-2.097152,1.480793,-0.390226,0.07179,0.056065,-0.033604,-0.489143,0.291452,-0.822066,-0.455853,-0.888969,-0.043931,-0.743596,0.353253,0.567693,0.008543,-0.003432,0.018433,0.057387,0.800085,0.172451,-0.230422
2142,0.068059,0.062082,0.421761,-0.474738,0.254772,-0.842473,-0.480503,-0.87696,0.005502,-0.736829,0.407101,0.539796,0.013584,-0.015936,0.033327,-0.019211,0.359957,0.189978,-0.024457,-0.095348,0.094589,0.371403,0.523808,0.453851,0.720858,-0.488361,0.853359,-0.182249,-0.698497,-0.257158,0.667709,0.031903,-0.007492,0.059238,-0.039635,-0.690514,0.386521,-0.208513,0.043173,0.065754,0.00119,-0.489655,-0.448311,0.747832,0.479495,-0.854803,-0.198482,0.728232,0.261394,0.633522,0.010696,-0.005218,0.029222,-0.045711,-0.670192,0.349983,-0.387613,0.072025,0.055927,-0.032978,-0.498405,0.301332,-0.81289,-0.458515,-0.887398,-0.047823,-0.735769,0.348887,0.580449,0.007098,-0.003818,0.011556,0.033043,0.548545,0.048706,-0.224054
2143,0.068331,0.06176,0.422324,-0.477265,0.256605,-0.840486,-0.481545,-0.876386,0.005814,-0.734511,0.407183,0.542884,0.012951,-0.010961,0.021851,-0.055428,0.056743,0.04542,-0.026472,-0.094898,0.094456,0.372542,0.53031,0.463576,0.709831,-0.500426,0.847005,-0.179135,-0.684914,-0.260815,0.680244,0.018955,0.001062,0.050718,-0.321683,-0.685499,-0.020907,-0.208288,0.043395,0.065689,0.001741,-0.496518,-0.456736,0.738147,0.490282,-0.849302,-0.195724,0.716304,0.264721,0.645623,0.009629,0.000206,0.025116,-3.823602,0.007426,-3.588447,-0.38598,0.072157,0.055772,-0.032704,-0.501261,0.303692,-0.810251,-0.459644,-0.886803,-0.048027,-0.733119,0.348353,0.584111,0.011174,-0.01221,0.014652,-0.101034,0.011858,0.03825,-0.220461
2144,0.068771,0.061057,0.423342,-0.478541,0.264536,-0.837296,-0.488683,-0.872438,0.003595,-0.728949,0.410559,0.547816,0.011643,-0.014364,0.020565,-0.069817,0.113087,-0.147003,-0.037072,-0.094299,0.0944,0.374539,0.540035,0.477372,0.693159,-0.521931,0.836044,-0.168978,-0.66083,-0.271138,0.699751,0.008192,-0.00087,0.050257,-3.742078,0.034528,-3.669982,-0.208111,0.043706,0.065657,0.002762,-0.509061,-0.466899,0.723091,0.508445,-0.840971,-0.185066,0.694507,0.273442,0.665498,0.004079,-0.000518,0.025089,-0.089525,-0.354975,0.559569,-0.385653,0.072379,0.055406,-0.032186,-0.50247,0.31117,-0.806657,-0.466975,-0.882873,-0.049689,-0.727638,0.351722,0.588926,0.000225,-0.005987,0.011104,-0.074045,0.013777,-0.015134,-0.224707
2145,0.068905,0.060542,0.424223,-0.479439,0.270673,-0.834817,-0.490031,-0.871688,-0.001264,-0.727452,0.408139,0.551601,0.000814,-0.011131,0.02257,-0.031903,0.173144,0.060358,-0.046972,-0.09396,0.09462,0.376286,0.549004,0.481734,0.683022,-0.533461,0.831052,-0.157181,-0.644011,-0.278689,0.712352,0.006212,0.008628,0.041436,-0.055252,-0.29815,0.382107,-0.207415,0.043876,0.065767,0.00364,-0.516521,-0.476184,0.711655,0.525645,-0.83241,-0.175469,0.675945,0.283445,0.680261,0.003178,0.003948,0.02056,-0.069943,-0.257556,0.410317,-0.385,0.072447,0.055141,-0.031749,-0.50338,0.316707,-0.803931,-0.46835,-0.881881,-0.054159,-0.726124,0.349259,0.592251,0.000282,-0.005848,0.011174,-0.024221,0.21634,0.074974,-0.231238
2146,0.068764,0.06043,0.424879,-0.479878,0.273909,-0.833508,-0.491009,-0.871131,-0.003645,-0.726502,0.407165,0.553568,-0.008645,0.002295,0.015036,-0.012379,0.11137,0.020608,-0.065993,-0.093806,0.09511,0.377699,0.551165,0.488334,0.676564,-0.547316,0.823618,-0.148432,-0.630382,-0.289108,0.720345,-0.005802,0.01419,0.03136,-0.047072,-0.1462,0.195777,-0.205507,0.043956,0.066012,0.004351,-0.519055,-0.482504,0.705529,0.539782,-0.825047,-0.167125,0.662734,0.294085,0.688692,0.002174,0.008759,0.016153,-0.048558,-0.158657,0.2631,-0.384021,0.072379,0.055077,-0.031419,-0.503993,0.319956,-0.802258,-0.469418,-0.881164,-0.056529,-0.725008,0.348105,0.594294,0.000982,-0.000723,0.006428,-0.010276,0.102313,0.052156,-0.241036
2147,0.068621,0.060493,0.425178,-0.480243,0.273888,-0.833305,-0.491387,-0.87092,-0.003122,-0.726006,0.407631,0.553878,-0.008086,0.003731,0.015577,-0.033372,0.024041,-0.017705,-0.070096,-0.093825,0.095378,0.378292,0.549458,0.492321,0.675061,-0.555338,0.818845,-0.145002,-0.624823,-0.295843,0.722451,-0.004861,0.010956,0.02991,-0.064669,-0.038709,0.029026,-0.204718,0.043943,0.066155,0.004661,-0.517532,-0.486282,0.704052,0.547882,-0.820347,-0.163872,0.657256,0.300929,0.690981,-0.002389,0.005248,0.014861,-0.064878,-0.036134,0.032968,-0.383204,0.072306,0.055106,-0.031271,-0.504331,0.319877,-0.802077,-0.469789,-0.881002,-0.055959,-0.724533,0.348586,0.594591,-0.004038,0.00191,0.007807,-0.036564,0.010722,-0.023644,-0.246425
2148,0.068211,0.060725,0.425725,-0.476862,0.276929,-0.834241,-0.501846,-0.864941,-0.000323,-0.721072,0.418157,0.552473,-0.007356,0.012193,0.005372,-0.012913,-0.05151,-0.027028,-0.072881,-0.093969,0.0958,0.379273,0.549611,0.493484,0.674086,-0.563668,0.814589,-0.136589,-0.617174,-0.30552,0.724994,-0.005169,0.014897,0.018777,-0.055024,0.025143,0.095111,-0.203711,0.04387,0.066369,0.005152,-0.517696,-0.487218,0.703284,0.556548,-0.816096,-0.155689,0.649802,0.310812,0.69365,-0.002485,0.007039,0.009221,-0.045383,0.008242,0.084109,-0.381898,0.072102,0.055223,-0.030992,-0.500848,0.322789,-0.803092,-0.480361,-0.875508,-0.052318,-0.720002,0.359571,0.593552,-0.009718,0.002783,0.008518,-0.044587,0.008739,-0.091478,-0.250507
2149,0.067776,0.061115,0.426163,-0.474813,0.277211,-0.835315,-0.506938,-0.861963,0.002039,-0.718862,0.424072,0.550843,-0.01748,0.017106,0.007973,-0.022249,-0.071006,-0.071457,-0.085256,-0.094097,0.096079,0.380078,0.556291,0.49059,0.67071,-0.563857,0.815723,-0.128821,-0.610987,-0.307149,0.729532,-0.003872,0.010458,0.016866,-0.031484,-0.027127,0.027258,-0.204298,0.043809,0.066502,0.005547,-0.524629,-0.484476,0.700033,0.557061,-0.817166,-0.148061,0.643775,0.312284,0.698592,-0.001888,0.005016,0.008349,-0.010123,-0.128808,0.192879,-0.381735,0.071887,0.055413,-0.030775,-0.498862,0.323302,-0.804121,-0.485494,-0.872823,-0.049732,-0.717935,0.365587,0.59238,-0.003366,0.006882,0.002982,-0.022209,-0.092729,-0.045158,-0.257855
2150,0.067485,0.061412,0.426352,-0.476091,0.278102,-0.834291,-0.511692,-0.859135,0.005552,-0.714639,0.429193,0.55237,-0.016797,0.01879,0.008593,0.0003,0.004603,-0.007118,-0.086353,-0.094148,0.096211,0.380452,0.559655,0.489105,0.668994,-0.563854,0.816327,-0.12495,-0.607911,-0.307911,0.731777,-0.001395,-0.000908,0.024778,-0.066802,-0.023593,0.004916,-0.204257,0.043783,0.066569,0.00573,-0.528088,-0.48299,0.698457,0.557192,-0.817764,-0.144211,0.640826,0.313019,0.700971,-0.001841,0.004855,0.008265,-0.010125,-0.126587,0.193141,-0.381898,0.071741,0.055558,-0.030682,-0.500188,0.32409,-0.80298,-0.490238,-0.870378,-0.045916,-0.713777,0.370685,0.594234,-0.008696,0.008645,0.004024,0.004602,0.028004,-0.026016,-0.26161
2151,0.066858,0.062066,0.426675,-0.479601,0.274449,-0.83349,-0.515484,-0.856761,0.01444,-0.709549,0.43623,0.553417,-0.006659,0.013757,0.005909,-0.012882,0.003856,-0.023992,-0.080692,-0.094207,0.09649,0.381091,0.561273,0.490285,0.666771,-0.568294,0.81399,-0.119987,-0.602254,-0.312203,0.734631,-0.002825,0.006866,0.015318,-0.031104,-0.026732,0.026989,-0.203948,0.043754,0.066706,0.006053,-0.529773,-0.484203,0.696338,0.561862,-0.81538,-0.139517,0.635335,0.317334,0.704022,0.003872,0.004272,0.007799,-0.028006,-0.041506,0.056372,-0.381245,0.071425,0.055891,-0.030518,-0.503547,0.320186,-0.802446,-0.493894,-0.868745,-0.036713,-0.708877,0.377837,0.595593,-0.008695,0.00857,0.003989,-0.031749,0.066919,-0.081902,-0.262264
2152,0.066325,0.062566,0.42697,-0.48008,0.275777,-0.832776,-0.519568,-0.854252,0.016569,-0.70624,0.440291,0.554433,-0.007532,0.011451,0.005037,-0.036964,0.003693,0.021543,-0.079325,-0.094185,0.096605,0.381669,0.562681,0.489643,0.666056,-0.568396,0.814182,-0.118185,-0.600842,-0.312708,0.735571,0.008763,0.005067,0.014166,-0.031351,-0.026997,0.0317,-0.204024,0.04376,0.066765,0.006343,-0.531218,-0.483557,0.695686,0.562028,-0.81557,-0.137728,0.63398,0.317832,0.705018,0.000409,-0.004291,0.010809,-0.06641,-0.023638,0.005265,-0.381245,0.07116,0.056144,-0.03037,-0.504146,0.321637,-0.801489,-0.497958,-0.866513,-0.03451,-0.705601,0.38171,0.597012,-0.003904,0.005383,0.002402,-0.13364,0.087395,-0.101119,-0.260304
2153,0.066112,0.062735,0.427102,-0.48063,0.27543,-0.832573,-0.519387,-0.854351,0.017136,-0.705999,0.440316,0.55472,-0.020317,0.002937,0.016002,-0.035846,0.049516,-0.073961,-0.078136,-0.094129,0.096606,0.38194,0.562903,0.489643,0.665869,-0.568773,0.814006,-0.11758,-0.600278,-0.313166,0.735838,-0.000819,-3.8e-05,0.01251,-0.033395,-0.011795,0.002454,-0.204419,0.043791,0.066769,0.006479,-0.531472,-0.483538,0.695504,0.562412,-0.815406,-0.137129,0.633426,0.31828,0.705313,0.004772,0.001153,0.006525,-0.031039,-0.027062,0.031986,-0.381408,0.071059,0.056234,-0.030307,-0.50462,0.32132,-0.801318,-0.497803,-0.866622,-0.034021,-0.705372,0.381731,0.597268,-0.004044,0.005016,0.002263,0.000784,0.002967,-0.00345,-0.259814
2154,0.06581,0.062883,0.427323,-0.481281,0.275107,-0.832304,-0.519346,-0.854361,0.017852,-0.705585,0.440498,0.555101,0.000758,0.001918,0.000708,-0.0,-0.0,-0.0,-0.074479,-0.093891,0.096567,0.382487,0.565694,0.48866,0.664223,-0.569568,0.814014,-0.113607,-0.59689,-0.314677,0.737946,0.009771,0.001554,0.01275,-0.031345,-0.027017,0.031691,-0.204602,0.043904,0.066744,0.006747,-0.534314,-0.48258,0.693991,0.563391,-0.815377,-0.133225,0.630157,0.319805,0.707549,0.001002,-0.006323,0.009997,-0.067263,-0.007377,-0.020792,-0.381734,0.070901,0.056311,-0.03019,-0.505314,0.320921,-0.801041,-0.497724,-0.866697,-0.033249,-0.704931,0.381896,0.597685,-0.004956,0.002692,0.001398,-0.000721,0.014719,-0.029732,-0.257528
2155,0.065695,0.062791,0.427547,-0.480097,0.277865,-0.832072,-0.524688,-0.851078,0.018464,-0.702436,0.445093,0.55543,-0.001098,-0.00936,0.009867,-0.03387,0.020108,-0.014843,-0.072827,-0.093474,0.096584,0.383097,0.566093,0.490695,0.662381,-0.574893,0.810868,-0.109198,-0.591374,-0.319608,0.740264,0.009108,0.00377,0.013623,-0.04023,-0.025584,0.021732,-0.204257,0.044118,0.066747,0.007054,-0.534823,-0.484617,0.692177,0.568909,-0.812207,-0.129076,0.624744,0.324753,0.71009,0.004488,0.00208,0.006884,-0.06084,-0.021288,-0.001648,-0.381571,0.070843,0.056266,-0.030082,-0.504174,0.323696,-0.800642,-0.503127,-0.863607,-0.032327,-0.701905,0.386527,0.598268,-0.000591,-0.004779,0.004901,-0.033486,0.020036,-0.01501,-0.256385
2156,0.065702,0.062583,0.427737,-0.48172,0.279999,-0.830417,-0.525146,-0.850811,0.017696,-0.70098,0.444262,0.557929,-0.000196,-0.000496,-0.000183,0.000386,0.001523,0.000659,-0.070485,-0.092893,0.096517,0.383809,0.569454,0.48941,0.660447,-0.575602,0.810985,-0.104491,-0.587444,-0.321277,0.742667,0.009481,0.00245,0.013098,-0.03132,-0.027095,0.03165,-0.202783,0.044407,0.066717,0.007412,-0.538267,-0.483342,0.690397,0.569837,-0.812286,-0.124403,0.62093,0.326451,0.712653,0.011044,-0.002884,0.010987,-0.064449,-0.039197,0.038592,-0.380918,0.070846,0.056161,-0.029987,-0.505885,0.325764,-0.798722,-0.503602,-0.863299,-0.033137,-0.700332,0.385474,0.600786,-0.00018,-0.000446,-0.000165,-0.00334,-0.012963,-0.005561,-0.254426
2157,0.065722,0.062485,0.427819,-0.48184,0.280021,-0.83034,-0.525337,-0.85069,0.017901,-0.700756,0.444481,0.558037,-3e-06,-9e-06,-3e-06,7e-06,2.6e-05,1.1e-05,-0.069804,-0.092597,0.096465,0.384162,0.570168,0.489118,0.660048,-0.57584,0.810963,-0.103351,-0.586518,-0.321778,0.743181,0.022082,-0.005681,0.022038,-0.064863,-0.039504,0.038611,-0.201419,0.044559,0.066691,0.007593,-0.539025,-0.483037,0.690018,0.570124,-0.812261,-0.123245,0.620007,0.326965,0.713221,0.01104,-0.002871,0.010998,-0.064673,-0.039487,0.038692,-0.380265,0.070855,0.056106,-0.029944,-0.505962,0.325682,-0.798707,-0.503796,-0.863198,-0.032836,-0.700136,0.385771,0.600823,-0.000637,-0.004903,0.004854,-0.034283,0.017882,-0.015923,-0.253936
2158,0.06577,0.062319,0.427962,-0.482013,0.280087,-0.830217,-0.525688,-0.850466,0.018226,-0.700373,0.444867,0.55821,4.5e-05,0.000115,4.2e-05,0.0,0.0,0.0,-0.069617,-0.091936,0.096372,0.38488,0.571758,0.488422,0.659187,-0.576215,0.811,-0.100943,-0.584598,-0.322741,0.744276,0.019691,0.005233,0.013828,-0.029252,-0.042374,0.060857,-0.191144,0.044874,0.066644,0.007938,-0.540576,-0.482384,0.689261,0.570601,-0.812269,-0.120958,0.618215,0.327907,0.714343,0.0059,-0.004194,0.010668,-0.066757,-0.02447,0.009355,-0.375529,0.070878,0.056022,-0.029872,-0.506127,0.325715,-0.798588,-0.504138,-0.863011,-0.032479,-0.69977,0.386161,0.600999,1.8e-05,4.6e-05,1.5e-05,0.000123,-1.3e-05,-0.000121,-0.253283
2159,0.065757,0.062224,0.428057,-0.482113,0.280139,-0.830142,-0.52591,-0.850324,0.018414,-0.700138,0.445105,0.558316,-0.000611,-0.001545,-0.00057,-0.001333,0.011686,-0.02631,-0.066566,-0.091252,0.096288,0.385592,0.570383,0.491153,0.658349,-0.581402,0.80758,-0.098592,-0.580786,-0.327156,0.745332,0.019903,0.004468,0.013534,-0.029235,-0.042427,0.060828,-0.175697,0.045224,0.066602,0.008303,-0.539276,-0.485111,0.688366,0.575915,-0.808828,-0.118823,0.614412,0.332362,0.715564,0.011169,-0.003324,0.010839,-0.064653,-0.039813,0.038619,-0.362793,0.070874,0.055979,-0.029823,-0.506212,0.32577,-0.798512,-0.504364,-0.862886,-0.032294,-0.699546,0.386394,0.60111,-6e-06,-1.2e-05,-5e-06,9.2e-05,1.6e-05,-5.7e-05,-0.252466
2160,0.065751,0.062194,0.428076,-0.482064,0.280207,-0.830147,-0.525999,-0.85027,0.018384,-0.700104,0.445166,0.558309,-9.6e-05,-0.000243,-9e-05,0.0,0.0,0.0,-0.066422,-0.090894,0.096188,0.385944,0.571208,0.490802,0.657895,-0.581592,0.807594,-0.097346,-0.579784,-0.327647,0.745896,0.02291,-0.008457,0.021013,-0.064746,-0.039898,0.038392,-0.172482,0.045401,0.06656,0.008478,-0.540134,-0.484747,0.687949,0.576134,-0.808851,-0.117594,0.613453,0.332834,0.716167,0.005254,-0.00058,0.005839,-0.0181,-0.113432,0.177689,-0.357567,0.070869,0.05596,-0.029815,-0.506182,0.325824,-0.798509,-0.504445,-0.862839,-0.032302,-0.69951,0.386453,0.601114,-6e-05,-0.000152,-5.6e-05,7.5e-05,6e-06,-5.1e-05,-0.251323
2161,0.06573,0.062188,0.428116,-0.482155,0.280179,-0.830103,-0.526036,-0.850244,0.018501,-0.700014,0.445232,0.55837,0.000378,0.000957,0.000353,0.0,0.0,0.0,-0.067927,-0.090201,0.095914,0.386566,0.57233,0.490428,0.6572,-0.582221,0.807386,-0.095294,-0.578045,-0.32872,0.746773,0.021801,-0.001791,0.011125,-0.031402,-0.027954,0.036011,-0.168496,0.045742,0.066428,0.008786,-0.541299,-0.484363,0.687304,0.576827,-0.808646,-0.115585,0.611771,0.33389,0.717113,0.005645,-0.001866,0.005345,-0.031172,-0.02732,0.031616,-0.351036,0.070857,0.055954,-0.029796,-0.506272,0.32579,-0.798465,-0.504477,-0.862824,-0.032183,-0.699421,0.386514,0.601178,0.000295,0.00075,0.000278,4.7e-05,-2e-06,-3.6e-05,-0.25165
2162,0.065731,0.062181,0.428133,-0.483425,0.282335,-0.828633,-0.526151,-0.8502,0.01721,-0.69905,0.44395,0.560593,1e-06,3e-06,1e-06,0.000328,0.001296,0.000558,-0.067311,-0.089655,0.095627,0.387096,0.573073,0.490272,0.656667,-0.582932,0.807064,-0.093661,-0.576589,-0.329742,0.747448,0.011222,-0.00342,0.010849,-0.031243,-0.027334,0.031524,-0.168533,0.046026,0.066273,0.009056,-0.542069,-0.484218,0.686799,0.577647,-0.808292,-0.113957,0.610315,0.334955,0.717857,0.005775,-0.002282,0.005192,-0.033362,-0.01284,0.006758,-0.349077,0.070859,0.055954,-0.029786,-0.507623,0.327894,-0.796745,-0.504622,-0.862688,-0.033527,-0.698336,0.385037,0.603384,-8e-06,-1.3e-05,-3e-06,-0.003157,-0.011659,-0.004858,-0.25165
2163,0.065729,0.062164,0.428198,-0.481928,0.285123,-0.828551,-0.531227,-0.847034,0.017442,-0.696244,0.448195,0.560707,0.000932,0.002356,0.000869,-0.035752,-0.010894,0.051414,-0.067832,-0.089211,0.095468,0.387536,0.568132,0.4967,0.65613,-0.592787,0.800026,-0.092171,-0.571393,-0.337213,0.748105,0.011065,-0.002904,0.011058,-0.357583,0.018479,-0.340591,-0.168445,0.046252,0.066191,0.009279,-0.537256,-0.490566,0.686076,0.587456,-0.801334,-0.112951,0.605186,0.342356,0.718708,0.005535,-0.00148,0.005511,-0.360181,0.018172,-0.345224,-0.348587,0.070856,0.05594,-0.029756,-0.506161,0.330591,-0.79656,-0.509733,-0.859703,-0.032895,-0.69568,0.389383,0.603662,-0.000417,-0.004352,0.005061,-0.158823,0.022597,0.069303,-0.251487
2164,0.065729,0.062154,0.428265,-0.481865,0.285242,-0.828546,-0.531408,-0.84692,0.017424,-0.69615,0.448333,0.560714,0.00109,0.002756,0.001015,0.00134,-0.011671,0.026316,-0.068882,-0.08906,0.095415,0.387709,0.568424,0.496613,0.655943,-0.592953,0.799964,-0.091638,-0.570931,-0.337486,0.748335,0.008994,0.006833,0.002304,0.002045,-0.015205,0.029245,-0.1684,0.046324,0.066164,0.009365,-0.537462,-0.490577,0.685906,0.587784,-0.801165,-0.112438,0.604685,0.342734,0.718949,0.000479,-0.003086,0.005058,-0.033205,-0.012159,0.002562,-0.348586,0.070856,0.055935,-0.029723,-0.506083,0.330733,-0.796552,-0.509954,-0.859571,-0.032903,-0.695575,0.389554,0.603673,-0.000267,-0.003975,0.005201,-0.033669,0.01994,-0.014954,-0.25165
2165,0.065747,0.06213,0.428487,-0.482097,0.285294,-0.828393,-0.531769,-0.846686,0.017814,-0.695714,0.448742,0.560928,0.000583,-0.00512,0.011446,-0.033898,0.020039,-0.014873,-0.075532,-0.08889,0.095438,0.388011,0.566089,0.499735,0.655591,-0.597818,0.79644,-0.09072,-0.568163,-0.341205,0.748755,-0.002228,0.007225,0.00278,0.002162,-0.014436,0.024846,-0.168592,0.046415,0.06617,0.009514,-0.535148,-0.493703,0.685472,0.592691,-0.797636,-0.111775,0.601941,0.346457,0.719467,0.005254,-0.000573,0.005867,-0.031338,-0.02732,0.032061,-0.348587,0.070865,0.055924,-0.029611,-0.506298,0.330778,-0.796396,-0.510316,-0.859371,-0.032507,-0.695153,0.389955,0.6039,0.000355,-0.002395,0.005784,-0.033777,0.020047,-0.014964,-0.254263
2166,0.065718,0.062138,0.428937,-0.482083,0.290404,-0.826624,-0.537534,-0.843049,0.017249,-0.691282,0.452289,0.563552,-0.008825,0.001526,0.014691,-0.033502,0.02333,-0.017985,-0.076472,-0.088854,0.095577,0.388231,0.566675,0.49945,0.655302,-0.597738,0.796576,-0.090054,-0.567664,-0.341303,0.749088,-0.002209,0.007157,0.002745,0.002158,-0.014425,0.024852,-0.168802,0.046432,0.066242,0.009625,-0.535753,-0.493413,0.685209,0.592633,-0.797773,-0.111099,0.601459,0.346556,0.719822,0.005288,-0.00069,0.005822,-0.031072,-0.027418,0.031655,-0.348423,0.070853,0.055928,-0.029396,-0.506362,0.335812,-0.794246,-0.516175,-0.855855,-0.032779,-0.690767,0.393372,0.60671,0.001149,-0.00038,0.006522,-0.033952,0.001835,0.009305,-0.257365
2167,0.065687,0.062081,0.429251,-0.483537,0.292717,-0.824957,-0.538183,-0.842652,0.01639,-0.689759,0.451534,0.566018,-0.008609,0.002065,0.014887,-0.030801,0.033854,-0.013509,-0.074836,-0.088871,0.095641,0.38833,0.564253,0.50476,0.65332,-0.602787,0.792588,-0.091575,-0.564722,-0.342783,0.750634,0.000537,-0.004752,0.010674,0.052145,-0.208263,-0.153458,-0.168787,0.046422,0.066278,0.009672,-0.533239,-0.49799,0.683857,0.597508,-0.793964,-0.112263,0.598865,0.348747,0.720926,-0.000987,0.003172,0.001213,0.168121,-0.423991,-0.234083,-0.34826,0.070839,0.055904,-0.029243,-0.507944,0.33812,-0.792254,-0.516831,-0.855422,-0.03372,-0.689114,0.392334,0.609258,0.000919,-0.000956,0.006312,-0.038051,0.004923,-0.02098,-0.257202
2168,0.06566,0.061794,0.430061,-0.487023,0.297119,-0.821324,-0.539686,-0.841708,0.015462,-0.686122,0.450414,0.571307,0.001238,-0.01007,0.022971,-0.06186,0.046462,0.004231,-0.07157,-0.088934,0.095761,0.388498,0.563662,0.507253,0.651899,-0.607581,0.789257,-0.088615,-0.560151,-0.346778,0.752223,0.000821,-0.00567,0.01032,-0.0354,0.002171,-0.022645,-0.168825,0.04639,0.066341,0.009761,-0.532948,-0.501254,0.681696,0.602543,-0.790448,-0.110152,0.594059,0.352046,0.723295,0.00041,-0.002849,0.005154,-0.033866,0.007383,-0.022763,-0.348097,0.070823,0.055762,-0.028832,-0.511528,0.342232,-0.788172,-0.518384,-0.854448,-0.034576,-0.685286,0.390889,0.614482,0.000581,-0.005097,0.011463,-0.072062,0.008839,-0.011239,-0.255732
2169,0.065707,0.061256,0.431195,-0.4907,0.301741,-0.817441,-0.541936,-0.840268,0.015086,-0.681714,0.450024,0.576864,0.000971,-0.017364,0.033676,-0.093048,0.077174,-0.006234,-0.063734,-0.08895,0.0958,0.388672,0.566099,0.512943,0.6453,-0.612956,0.785342,-0.086358,-0.551766,-0.347306,0.758153,-0.001005,0.003257,0.001241,0.015565,-0.195559,-0.057342,-0.168793,0.046382,0.06636,0.009848,-0.535636,-0.506814,0.67545,0.607986,-0.78656,-0.108048,0.586042,0.35279,0.729446,-0.000584,0.001882,0.000718,-0.083361,-0.369471,0.001338,-0.348097,0.070845,0.055494,-0.02827,-0.515221,0.346475,-0.7839,-0.520661,-0.853052,-0.034833,-0.680777,0.3902,0.619907,0.001167,-0.003609,0.012012,-0.068782,0.021885,-0.005665,-0.251813
2170,0.065809,0.060528,0.432465,-0.49442,0.306483,-0.813426,-0.544565,-0.838568,0.014979,-0.676913,0.449984,0.58252,0.000301,-0.019089,0.033106,-0.091697,0.082474,-0.004178,-0.055176,-0.088903,0.095685,0.388918,0.568075,0.514098,0.64264,-0.612718,0.785503,-0.086582,-0.549998,-0.345226,0.760385,0.001486,-0.007827,0.009502,-0.016529,-0.106689,0.143142,-0.169778,0.046405,0.066305,0.009967,-0.537713,-0.508432,0.672577,0.60783,-0.786595,-0.108674,0.584299,0.350377,0.732003,0.004599,0.003029,0.000996,-0.003276,-0.013233,0.063127,-0.34875,0.070899,0.055142,-0.027645,-0.518951,0.350837,-0.779488,-0.523288,-0.851443,-0.034839,-0.675913,0.389817,0.625446,6.3e-05,-0.00972,0.016486,-0.099838,0.053375,-0.015689,-0.245118
2171,0.065868,0.060162,0.433048,-0.496283,0.308784,-0.811418,-0.545763,-0.83779,0.014917,-0.674581,0.449857,0.585317,2.9e-05,-0.019792,0.032881,-0.091766,0.082201,-0.004371,-0.05145,-0.088862,0.09562,0.389051,0.568938,0.513646,0.642238,-0.612429,0.785817,-0.085766,-0.549426,-0.345183,0.760817,0.001181,-0.006839,0.00988,-0.018432,-0.111507,0.173902,-0.16996,0.046426,0.06627,0.010033,-0.538527,-0.507817,0.672391,0.607578,-0.786923,-0.107699,0.583812,0.350532,0.732318,-0.000418,0.00134,0.000509,-0.001931,0.004781,0.002989,-0.348913,0.070929,0.054953,-0.027341,-0.520854,0.352936,-0.777268,-0.52455,-0.850669,-0.03476,-0.673467,0.389611,0.628207,-8.6e-05,-0.010107,0.016365,-0.101652,0.046314,-0.018634,-0.242669
2172,0.065962,0.059481,0.434147,-0.50126,0.315334,-0.805821,-0.548005,-0.836348,0.01354,-0.669061,0.447985,0.593039,0.010482,-0.023831,0.030647,-0.081537,0.103374,0.039687,-0.040666,-0.088742,0.095492,0.389364,0.569818,0.5133,0.641735,-0.612495,0.785895,-0.084574,-0.548441,-0.34552,0.761375,0.000778,-0.005533,0.010381,-0.033266,-0.012191,0.002247,-0.169849,0.046487,0.066203,0.010189,-0.539546,-0.507355,0.671922,0.607611,-0.787075,-0.1064,0.582835,0.35086,0.732938,0.000505,-0.003163,0.005039,-0.035249,0.002233,-0.022427,-0.348913,0.070971,0.054613,-0.026791,-0.525937,0.358997,-0.771045,-0.526843,-0.849198,-0.03602,-0.667701,0.387276,0.63576,0.000366,-0.005656,0.011311,-0.058959,0.061012,0.010604,-0.235647
2173,0.065972,0.059089,0.434989,-0.503403,0.322174,-0.80177,-0.554176,-0.832274,0.01345,-0.662339,0.450688,0.59851,-0.008845,0.001461,0.014702,-0.022761,0.081782,-0.025374,-0.031171,-0.088593,0.095391,0.389733,0.570022,0.513404,0.641469,-0.613089,0.785523,-0.083716,-0.547562,-0.346211,0.761694,0.010491,-0.001134,0.011742,-0.031219,-0.027404,0.031488,-0.169725,0.046562,0.06615,0.010377,-0.539774,-0.507458,0.671661,0.608252,-0.786694,-0.105552,0.581956,0.351565,0.733299,0.005217,-0.000494,0.005896,-0.031104,-0.027435,0.031614,-0.348587,0.070983,0.054408,-0.026363,-0.528077,0.365445,-0.76654,-0.533181,-0.845249,-0.035655,-0.660947,0.389876,0.641205,0.000601,-0.005072,0.011529,-0.063168,0.043351,0.003085,-0.227973
2174,0.06599,0.058975,0.435319,-0.501888,0.323337,-0.802252,-0.554662,-0.831978,0.011613,-0.663083,0.450401,0.597903,0.000289,-0.012543,0.022216,-0.067631,0.039673,-0.029368,-0.029071,-0.088511,0.095338,0.389945,0.570621,0.515373,0.639354,-0.61365,0.78496,-0.084883,-0.546307,-0.34456,0.763341,0.000251,-0.003832,0.01103,-0.029163,-0.021813,-0.003627,-0.169279,0.046603,0.066126,0.010479,-0.540523,-0.509634,0.669408,0.608753,-0.786118,-0.106942,0.580735,0.3497,0.735156,0.005278,-0.000696,0.005821,-0.040022,0.000722,0.014005,-0.348587,0.07099,0.054358,-0.026201,-0.526424,0.366472,-0.767186,-0.53368,-0.844859,-0.037377,-0.661862,0.389756,0.640334,0.000906,-0.000979,0.00632,-0.038292,-0.000474,0.003775,-0.22438
2175,0.066048,0.058911,0.435676,-0.502144,0.323502,-0.802024,-0.555286,-0.831553,0.012184,-0.662366,0.451065,0.598196,0.001525,0.003881,0.001374,0.0,0.0,0.0,-0.026564,-0.088304,0.095135,0.390471,0.571046,0.515453,0.63891,-0.614444,0.784483,-0.083539,-0.544969,-0.345526,0.763862,0.010626,-0.001579,0.011582,-0.033322,-0.013157,0.00653,-0.168617,0.046702,0.066027,0.010743,-0.540913,-0.50953,0.669172,0.609598,-0.785662,-0.105472,0.579484,0.350875,0.735584,0.001224,-0.007003,0.009836,-0.068825,-0.009533,-0.020043,-0.34777,0.071019,0.054322,-0.026014,-0.526707,0.366498,-0.766979,-0.534315,-0.844492,-0.036606,-0.661124,0.390528,0.640625,0.006198,0.000498,-0.00025,0.001034,-0.014878,0.029248,-0.221114
2176,0.066058,0.059074,0.435738,-0.501947,0.323664,-0.802082,-0.555397,-0.831482,0.011977,-0.662423,0.451079,0.598123,-0.009681,0.005945,0.002955,-0.000984,0.014715,-0.029553,-0.031224,-0.088122,0.09479,0.391096,0.571438,0.517859,0.636611,-0.616067,0.783171,-0.083902,-0.542719,-0.344909,0.76574,0.012669,-0.011189,0.020466,0.136214,-0.501481,-0.27929,-0.167614,0.046793,0.065856,0.011051,-0.540912,-0.509979,0.668831,0.610992,-0.784745,-0.104228,0.578016,0.352272,0.736071,0.001334,-0.007364,0.009712,-0.068556,-0.010204,-0.020456,-0.347117,0.071028,0.054402,-0.025984,-0.526499,0.366677,-0.767037,-0.534437,-0.844405,-0.036821,-0.661192,0.390547,0.640544,0.001109,0.006155,-0.004488,0.034185,-0.019607,0.014939,-0.221441
2177,0.06602,0.059211,0.435742,-0.502863,0.32028,-0.802867,-0.555156,-0.831577,0.015915,-0.661929,0.453317,0.596977,0.000187,0.000475,0.000168,-0.027259,-0.105119,-0.042355,-0.037504,-0.087967,0.094311,0.391813,0.569144,0.523467,0.634073,-0.622281,0.778258,-0.08376,-0.53801,-0.347566,0.767858,0.012352,-0.010163,0.02088,0.053754,-0.372109,0.031622,-0.166445,0.046875,0.065611,0.011417,-0.539137,-0.517081,0.664798,0.617372,-0.779543,-0.105654,0.572871,0.353466,0.739512,0.006142,-0.005013,0.010463,0.092435,-0.457305,-0.016088,-0.346954,0.071005,0.054473,-0.025981,-0.527306,0.363212,-0.76813,-0.534101,-0.844783,-0.032808,-0.66082,0.39296,0.639452,3.5e-05,9e-05,3.3e-05,-0.024314,-0.098289,-0.03877,-0.225197
2178,0.065966,0.059211,0.435746,-0.505285,0.318785,-0.80194,-0.554901,-0.831683,0.018957,-0.660295,0.454176,0.598132,-0.011238,0.001978,0.001554,-0.001384,0.013178,-0.030172,-0.037851,-0.087868,0.094088,0.392205,0.570071,0.525348,0.63168,-0.623027,0.777605,-0.084266,-0.536161,-0.346184,0.769773,0.012119,-0.009412,0.021175,0.138335,-0.506193,-0.279496,-0.165632,0.046921,0.065502,0.011605,-0.539833,-0.517669,0.663776,0.61795,-0.779161,-0.105093,0.571592,0.353448,0.74051,0.000977,-0.006227,0.01016,-0.075474,0.00463,-0.012297,-0.346627,0.070983,0.054474,-0.025979,-0.529681,0.361599,-0.767256,-0.533781,-0.845097,-0.029784,-0.659177,0.393771,0.640647,-0.000433,-0.001098,-0.000387,-0.004729,0.087228,-0.175547,-0.226993
2179,0.065855,0.059082,0.435715,-0.505622,0.318547,-0.801823,-0.554735,-0.831787,0.019294,-0.660177,0.454154,0.598279,-0.001778,-0.004516,-0.001597,-0.0,-0.0,-0.0,-0.036615,-0.087652,0.093656,0.393033,0.571753,0.527044,0.62874,-0.624159,0.776792,-0.083379,-0.533041,-0.345432,0.772274,0.002082,-0.012782,0.020236,-0.059605,-0.02204,-0.060995,-0.161323,0.047031,0.065292,0.012021,-0.542203,-0.521427,0.658884,0.619293,-0.777965,-0.106043,0.567883,0.350545,0.744732,0.000777,-0.005591,0.01041,-0.070638,-0.007899,-0.02047,-0.344178,0.070923,0.054411,-0.025993,-0.530063,0.361439,-0.767069,-0.533594,-0.845224,-0.029539,-0.659022,0.393646,0.640884,-0.001107,-0.002819,-0.000996,-0.001429,0.011358,-0.026389,-0.228299
2180,0.06585,0.058878,0.435607,-0.505485,0.318608,-0.801885,-0.554748,-0.831781,0.019145,-0.66027,0.454121,0.598201,-0.001814,-0.004609,-0.001635,-0.0,-0.0,-0.0,-0.036052,-0.087557,0.093242,0.393759,0.572687,0.529143,0.626122,-0.625586,0.775669,-0.083147,-0.530357,-0.344748,0.774424,0.002599,-0.01445,0.019645,-0.063829,-0.012178,-0.055064,-0.156692,0.047077,0.065089,0.012381,-0.543245,-0.523514,0.656366,0.620713,-0.776855,-0.105879,0.565331,0.349897,0.746975,0.001206,-0.006968,0.009914,-0.07268,-0.002843,-0.017352,-0.338626,0.07092,0.054306,-0.026048,-0.529914,0.361523,-0.767132,-0.53362,-0.845202,-0.029704,-0.65912,0.393617,0.6408,-0.000927,-0.002353,-0.000832,1.8e-05,6e-06,8e-06,-0.227809
2181,0.065848,0.058782,0.43557,-0.505589,0.318521,-0.801854,-0.554689,-0.831818,0.019256,-0.660241,0.454115,0.598239,-0.001724,-0.004382,-0.001556,-0.001566,0.011112,-0.026544,-0.035369,-0.087565,0.093074,0.394045,0.572718,0.529333,0.625933,-0.626165,0.77527,-0.082509,-0.529639,-0.345356,0.774645,0.002731,-0.014877,0.019498,-0.070458,0.00332,-0.045886,-0.154548,0.047073,0.065005,0.012523,-0.543233,-0.523529,0.656365,0.621314,-0.776479,-0.10511,0.564682,0.350709,0.747085,0.00013,-0.001978,0.005516,-0.035993,-0.0061,0.005702,-0.336666,0.070917,0.054254,-0.026068,-0.530031,0.361418,-0.7671,-0.533548,-0.845251,-0.029582,-0.659084,0.393606,0.640843,-0.000836,-0.002125,-0.000752,-0.001559,0.011116,-0.026554,-0.227646
2182,0.065793,0.058705,0.435555,-0.503673,0.319651,-0.80261,-0.554685,-0.831875,0.016717,-0.661708,0.453214,0.5973,-0.010991,0.002656,0.001793,-0.000984,0.014715,-0.029553,-0.033293,-0.087628,0.092901,0.394414,0.57497,0.530929,0.622507,-0.627342,0.774484,-0.080927,-0.525788,-0.344669,0.777568,0.001125,-0.006668,0.010039,-0.035174,0.001528,-0.02302,-0.14935,0.047042,0.064916,0.012717,-0.545643,-0.52516,0.653053,0.622601,-0.775657,-0.103553,0.560928,0.350089,0.750198,-0.000703,0.002235,0.000823,-0.002002,0.006164,0.002775,-0.332421,0.070892,0.05421,-0.026078,-0.528127,0.36267,-0.767822,-0.533605,-0.845121,-0.032155,-0.660565,0.392732,0.639854,-0.000141,-0.000357,-0.000128,-0.001399,0.00103,-0.001638,-0.22683
2183,0.065758,0.058714,0.435551,-0.503752,0.319587,-0.802585,-0.554622,-0.831916,0.016783,-0.6617,0.453184,0.597331,-1e-06,-2e-06,-1e-06,-0.0,-0.0,-0.0,-0.027803,-0.087733,0.092831,0.394523,0.5753,0.532953,0.620469,-0.627872,0.7739,-0.082394,-0.524794,-0.342851,0.779043,-6.6e-05,0.000212,7.8e-05,7.1e-05,-0.000167,-9.8e-05,-0.146739,0.046989,0.06488,0.012775,-0.546052,-0.527213,0.651056,0.623086,-0.775067,-0.105042,0.559992,0.348305,0.751726,-0.005084,-0.001487,-0.000409,-0.00441,0.020523,-0.026276,-0.327685,0.070871,0.054218,-0.026079,-0.528237,0.36258,-0.767789,-0.533529,-0.845173,-0.032057,-0.660538,0.392704,0.639898,2.6e-05,6.6e-05,2.5e-05,-2.1e-05,2.3e-05,-2.9e-05,-0.224707
2184,0.065749,0.058742,0.435552,-0.503742,0.319588,-0.802591,-0.554608,-0.831926,0.016761,-0.66172,0.453165,0.597324,7.5e-05,0.000189,6.7e-05,-0.0,-0.0,-0.0,-0.0228,-0.087811,0.092851,0.394504,0.575791,0.535249,0.618033,-0.632765,0.770411,-0.077515,-0.518331,-0.347118,0.781476,-0.000328,0.001059,0.000389,-0.000407,-0.000343,0.000288,-0.147128,0.046952,0.064884,0.012763,-0.54669,-0.529477,0.648678,0.62821,-0.771547,-0.100327,0.553607,0.352659,0.75442,-0.000198,0.000635,0.000236,0.003836,0.003367,-0.002622,-0.327032,0.070868,0.054233,-0.026077,-0.528228,0.362581,-0.767795,-0.533515,-0.845181,-0.032079,-0.660557,0.392685,0.639891,5.2e-05,0.000131,4.7e-05,-5e-06,7e-06,-2e-06,-0.221441
2185,0.065739,0.058744,0.435543,-0.503648,0.319653,-0.802624,-0.554641,-0.831906,0.016657,-0.661764,0.453156,0.597282,-0.000319,-0.000809,-0.000288,-0.0,-0.0,-0.0,-0.019127,-0.087816,0.092867,0.39451,0.576403,0.537496,0.615507,-0.63756,0.766939,-0.072493,-0.511723,-0.35132,0.783949,-0.000298,0.000961,0.000353,-0.001422,-0.001135,0.000874,-0.146597,0.046949,0.064892,0.012766,-0.547437,-0.531744,0.646189,0.633243,-0.768032,-0.095539,0.547096,0.356894,0.757173,-0.000182,0.000582,0.000216,0.002074,0.002532,-0.001701,-0.326869,0.070864,0.054237,-0.026081,-0.528136,0.362651,-0.767825,-0.53355,-0.845155,-0.032181,-0.660602,0.392677,0.639849,-0.000214,-0.000542,-0.000191,-0.0,3e-06,1e-05,-0.219808
2186,0.065726,0.058759,0.435499,-0.503408,0.319792,-0.80272,-0.554674,-0.83189,0.016373,-0.661919,0.453088,0.597162,-0.000378,-0.000959,-0.000341,-0.0,-0.0,-0.0,-0.001823,-0.0878,0.092949,0.394539,0.577935,0.539191,0.612581,-0.641675,0.764009,-0.066907,-0.504797,-0.355095,0.786734,-0.000835,0.002694,0.00099,-0.000122,-0.000103,8.6e-05,-0.145942,0.046955,0.064927,0.012779,-0.549051,-0.533487,0.643376,0.637637,-0.765036,-0.090215,0.540334,0.360708,0.760215,-0.000305,0.000976,0.00036,0.017855,-0.092636,0.170918,-0.326052,0.070857,0.054244,-0.026103,-0.527902,0.362802,-0.767915,-0.533589,-0.845119,-0.032462,-0.660758,0.392615,0.639728,-0.000243,-0.000619,-0.00022,-2e-06,1e-06,3e-06,-0.210827
2187,0.065778,0.058744,0.435368,-0.503091,0.319906,-0.802873,-0.554606,-0.831943,0.015969,-0.662216,0.45291,0.596966,-0.001249,-0.003171,-0.001129,-0.001561,0.011124,-0.026539,0.000191,-0.087778,0.093145,0.394609,0.579145,0.543188,0.60789,-0.649626,0.757979,-0.058206,-0.493091,-0.361881,0.791054,-0.001768,0.005697,0.002089,0.01504,-0.110059,0.19774,-0.139965,0.046971,0.065024,0.012813,-0.550376,-0.537588,0.638815,0.646058,-0.75887,-0.082003,0.528862,0.367579,0.764977,-0.000797,0.002562,0.000942,0.002818,0.005365,-0.006443,-0.32295,0.070884,0.05424,-0.026167,-0.527574,0.362948,-0.768071,-0.533539,-0.845135,-0.032886,-0.66106,0.392446,0.639519,0.004944,-0.002735,-0.001397,0.000988,-0.014699,0.029559,-0.204459
2188,0.06581,0.058717,0.435294,-0.500833,0.321216,-0.803761,-0.554638,-0.831972,0.013046,-0.6639,0.451927,0.595841,-0.001152,-0.002927,-0.001043,0.001071,-0.000871,0.001466,0.001067,-0.087759,0.093272,0.394654,0.579006,0.545357,0.606076,-0.653366,0.754998,-0.054986,-0.48828,-0.364845,0.792675,0.008309,0.008891,0.002986,0.00404,-0.029139,0.054382,-0.135716,0.046976,0.065087,0.012836,-0.5504,-0.539719,0.636995,0.649882,-0.755923,-0.07895,0.52413,0.370517,0.766814,-0.000847,0.002715,0.000994,0.016607,-0.093403,0.172172,-0.319847,0.070899,0.054224,-0.026205,-0.525342,0.364389,-0.768919,-0.533619,-0.844965,-0.035848,-0.662772,0.391477,0.63834,-0.000727,-0.001853,-0.000661,-0.000454,6.3e-05,0.000211,-0.203316
2189,0.065842,0.058643,0.435111,-0.500842,0.321048,-0.803822,-0.554328,-0.832181,0.012948,-0.664152,0.451663,0.59576,0.01041,0.00249,-0.013306,0.035049,-0.034339,0.044594,0.001733,-0.087765,0.093477,0.394728,0.581244,0.546725,0.602693,-0.656787,0.752441,-0.048964,-0.480969,-0.368075,0.795646,-0.001362,0.004383,0.001601,-0.555766,-0.474578,0.392029,-0.131176,0.046975,0.065196,0.012875,-0.552278,-0.541213,0.634095,0.653471,-0.75334,-0.073838,0.517652,0.373583,0.769721,-0.000793,0.002538,0.000925,-1.849286,-1.595731,1.333331,-0.313642,0.070911,0.054185,-0.026292,-0.525426,0.36418,-0.768959,-0.533307,-0.845161,-0.035863,-0.662956,0.391248,0.63829,-0.000993,-0.002532,-0.000904,-0.001632,0.011208,-0.026624,-0.201356
2190,0.065818,0.058541,0.434972,-0.500837,0.320949,-0.803865,-0.554127,-0.832315,0.012868,-0.664323,0.451485,0.595704,-0.001738,-0.004417,-0.001581,-0.001552,0.011144,-0.026531,0.003482,-0.087824,0.093582,0.394785,0.583768,0.545835,0.601057,-0.656418,0.752947,-0.046042,-0.478408,-0.368359,0.797057,-0.010769,-0.000931,-7.5e-05,-1.853888,-1.568323,1.276577,-0.131166,0.046948,0.065253,0.012905,-0.553654,-0.540607,0.633412,0.653041,-0.753836,-0.072577,0.516725,0.373462,0.770403,-0.000333,0.001068,0.000391,0.000355,8.1e-05,0.00016,-0.311193,0.070903,0.054136,-0.026366,-0.525369,0.364116,-0.769028,-0.533114,-0.845275,-0.036015,-0.663155,0.39106,0.638198,-0.000662,-0.001688,-0.000604,-3e-06,-9e-06,-4e-06,-0.200703
2191,0.06575,0.058578,0.434839,-0.499834,0.318574,-0.805433,-0.55365,-0.832612,0.014193,-0.665476,0.452622,0.593551,-0.000517,-0.001313,-0.00047,-9.3e-05,-0.000356,-0.000144,0.006266,-0.087855,0.093711,0.394823,0.584391,0.5482,0.598293,-0.660823,0.749378,-0.040975,-0.471524,-0.372116,0.799411,-0.001213,0.003905,0.001422,0.00199,-0.013943,0.025152,-0.130311,0.046931,0.06531,0.012921,-0.556198,-0.542586,0.629479,0.657952,-0.750221,-0.065305,0.507682,0.377845,0.774267,-0.000427,0.001369,0.0005,0.004817,0.004191,-0.003117,-0.310866,0.070867,0.054149,-0.026435,-0.524326,0.36182,-0.770822,-0.53259,-0.845662,-0.034673,-0.664401,0.392352,0.636105,-0.00562,0.001024,0.000787,0.000961,0.021812,-0.026795,-0.198417
2192,0.065717,0.058656,0.43478,-0.499787,0.318531,-0.805478,-0.553495,-0.832717,0.014067,-0.66564,0.452458,0.593492,-0.010693,0.003445,0.002074,-0.000985,0.01471,-0.029555,0.007122,-0.087865,0.093768,0.394853,0.586378,0.547632,0.596868,-0.660771,0.749561,-0.03838,-0.469123,-0.372583,0.800605,0.001417,-0.007604,0.009684,-0.035271,0.001748,-0.02289,-0.129079,0.046925,0.065344,0.012934,-0.558278,-0.542002,0.628139,0.657981,-0.750418,-0.062712,0.505358,0.378293,0.775568,-0.000632,0.002034,0.000741,0.006363,-0.010299,0.022271,-0.310376,0.070854,0.054186,-0.026465,-0.524288,0.36184,-0.770838,-0.532447,-0.845744,-0.034856,-0.664545,0.392157,0.636075,0.000615,0.004871,-0.004932,0.034342,-0.018595,0.015465,-0.196621
2193,0.06572,0.058798,0.434652,-0.498341,0.316456,-0.807191,-0.5532,-0.832898,0.014933,-0.666968,0.453582,0.591137,0.001154,0.009566,-0.009928,0.030169,-0.034595,0.008965,0.007831,-0.087913,0.093919,0.394917,0.587253,0.549887,0.593927,-0.664948,0.74611,-0.033116,-0.462062,-0.376181,0.803025,-0.001584,0.005101,0.001852,0.001997,-0.013935,0.025147,-0.115469,0.046903,0.065413,0.012968,-0.559259,-0.544303,0.625269,0.662434,-0.746895,-0.057679,0.498406,0.381942,0.778274,-0.000667,0.002143,0.000779,0.004059,0.003597,-0.002586,-0.303192,0.070852,0.054257,-0.026524,-0.522733,0.359707,-0.77289,-0.532125,-0.845989,-0.033833,-0.666027,0.393589,0.633636,1.6e-05,3.5e-05,1.2e-05,0.003764,0.012549,0.004664,-0.194335
2194,0.065742,0.058859,0.434521,-0.494995,0.315493,-0.809623,-0.552912,-0.833116,0.013332,-0.669694,0.453853,0.587838,0.000533,0.00799,-0.010491,0.468209,-0.38034,0.621625,0.006643,-0.087976,0.094118,0.395008,0.590393,0.55145,0.589347,-0.668765,0.743006,-0.025081,-0.45244,-0.380027,0.806685,-0.001821,0.005868,0.002125,-0.001348,-0.001158,0.00095,-0.100276,0.04687,0.065515,0.013014,-0.562648,-0.545884,0.620835,0.66661,-0.743739,-0.049819,0.488935,0.385824,0.782356,-0.000952,0.003057,0.001109,0.004653,0.003961,-0.003064,-0.288496,0.070865,0.054291,-0.026588,-0.520107,0.358739,-0.775109,-0.531839,-0.846132,-0.034739,-0.668307,0.394165,0.630871,-0.000382,-0.001011,-0.000371,1.45279,-1.188043,2.025493,-0.194335
2195,0.065746,0.058843,0.434475,-0.494974,0.315467,-0.809646,-0.552842,-0.833163,0.013283,-0.669768,0.453784,0.587808,-0.00117,-0.002971,-0.001065,-0.00154,0.011171,-0.026521,0.005866,-0.088013,0.094203,0.395067,0.587785,0.554571,0.589026,-0.672744,0.73942,-0.024647,-0.449924,-0.38248,0.806933,-0.001561,0.00503,0.001819,-2e-06,0.0,-2e-06,-0.093367,0.046851,0.06556,0.013045,-0.560011,-0.549026,0.620448,0.670608,-0.740147,-0.049661,0.486488,0.388268,0.782672,-0.000794,0.002548,0.000922,0.000644,0.00088,7.9e-05,-0.281311,0.070868,0.054289,-0.026614,-0.519482,0.359205,-0.775312,-0.531796,-0.846119,-0.035691,-0.668828,0.393768,0.630567,-0.000348,-0.000886,-0.000318,-0.000485,0.002449,-0.00039,-0.194988
2196,0.065756,0.058768,0.434364,-0.492914,0.316602,-0.810459,-0.552707,-0.833292,0.010565,-0.671397,0.452756,0.586741,-0.001637,-0.004156,-0.001493,-0.001534,0.01119,-0.026513,0.004947,-0.088093,0.094319,0.395138,0.589919,0.553962,0.587464,-0.672558,0.739674,-0.021927,-0.447399,-0.382871,0.80815,-0.000677,0.002182,0.000787,-0.000121,-0.000104,8.5e-05,-0.083889,0.04681,0.065621,0.013081,-0.562258,-0.548409,0.61896,0.670541,-0.740389,-0.046883,0.483983,0.388678,0.784021,-0.000453,0.001454,0.000527,0.003498,0.002859,-0.002279,-0.270044,0.070873,0.054252,-0.026669,-0.517467,0.360465,-0.776075,-0.531715,-0.84605,-0.038433,-0.670452,0.392763,0.629467,0.004712,-0.003338,-0.001618,-0.000784,-0.013373,0.027501,-0.196621
2197,0.065708,0.05861,0.434245,-0.490765,0.31783,-0.811282,-0.552653,-0.833358,0.00777,-0.673015,0.451771,0.585645,-0.002241,-0.00569,-0.002049,-0.001532,0.011194,-0.026512,0.00428,-0.088118,0.094357,0.395217,0.593409,0.553185,0.584673,-0.672696,0.739681,-0.016902,-0.442547,-0.383979,0.810293,-0.000855,0.002757,0.000994,-1.846445,-1.604994,1.326605,-0.077436,0.046799,0.065636,0.013119,-0.564079,-0.548031,0.617637,0.670748,-0.740358,-0.044337,0.481571,0.38927,0.785211,-0.000187,0.000596,0.000216,0.001211,0.000937,-0.00066,-0.264002,0.070849,0.054173,-0.026729,-0.515378,0.361796,-0.776845,-0.531718,-0.845917,-0.04121,-0.672056,0.391824,0.628341,-0.000999,-0.002536,-0.000911,-0.000725,0.000529,-0.000832,-0.198417
