frame,MLTx,MLTy,MLTz,MLTR1,MLTR2,MLTR3,MLTR4,MLTR5,MLTR6,MLTR7,MLTR8,MLTR9,MLTTVx,MLTTVy,MLTTVz,MLTRVx,MLTRVy,MLTRVz,MLGA,MRTx,MRTy,MRTz,MRTR1,MRTR2,MRTR3,MRTR4,MRTR5,MRTR6,MRTR7,MRTR8,MRTR9,MRTTVx,MRTTVy,MRTTVz,MRTRVx,MRTRVy,MRTRVz,MRGA,SLTx,SLTy,SLTz,SLTR1,SLTR2,SLTR3,SLTR4,SLTR5,SLTR6,SLTR7,SLTR8,SLTR9,SLTTVx,SLTTVy,SLTTVz,SLTRVx,SLTRVy,SLTRVz,SLGA,SRTx,SRTy,SRTz,SRTR1,SRTR2,SRTR3,SRTR4,SRTR5,SRTR6,SRTR7,SRTR8,SRTR9,SRTTVx,SRTTVy,SRTTVz,SRTRVx,SRTRVy,SRTRVz,SRGA
2104,0.082749,0.039395,0.407584,-0.066595,0.39307,-0.917118,-0.642315,-0.720215,-0.262096,-0.763469,0.571133,0.301579,0.027094,0.026501,-0.030959,0.138651,-0.813933,-0.042621,0.427003,-0.104003,0.073107,0.374102,0.236989,0.590218,0.771667,-0.696823,0.656755,-0.288174,-0.677147,-0.470166,0.565932,0.001768,-0.00731,-0.003569,0.155257,0.127767,-0.146553,0.328881,0.038855,0.055013,0.002563,-0.201047,-0.58344,0.786878,0.68251,-0.659643,-0.31472,0.702679,0.473779,0.530823,0.000913,-0.003773,-0.001843,0.166287,0.137062,-0.157124,0.187007,0.079357,0.044551,-0.040048,-0.095743,0.454753,-0.885455,-0.629474,-0.716752,-0.300047,-0.7711,0.528644,0.354879,0.013607,0.013355,-0.015442,0.228855,-0.915947,-0.109142,0.357261
2105,0.083284,0.039942,0.406909,-0.063199,0.377213,-0.923992,-0.634086,-0.730079,-0.254737,-0.770606,0.569319,0.286475,0.038296,0.022345,-0.033366,0.106371,-0.781881,0.02555,0.439116,-0.10402,0.072924,0.374016,0.234136,0.590864,0.772044,-0.696145,0.656241,-0.290971,-0.678833,-0.470073,0.563986,0.002077,-0.008594,-0.004204,0.011816,0.026284,-0.03783,0.369846,0.038846,0.054926,0.002522,-0.198159,-0.584085,0.787131,0.68168,-0.659162,-0.317515,0.704304,0.473653,0.528778,-0.004531,-0.005398,-0.00229,0.041206,0.067293,-0.096569,0.245628,0.079621,0.044828,-0.040385,-0.092092,0.439374,-0.89357,-0.620843,-0.726937,-0.293455,-0.778506,0.527742,0.339728,0.013356,0.012661,-0.015762,0.108169,-0.941182,0.131452,0.379305
2106,0.084446,0.041103,0.405396,-0.056247,0.343546,-0.937474,-0.627121,-0.74273,-0.234611,-0.776828,0.574284,0.258388,0.037823,0.021216,-0.03383,-0.150246,-0.570293,-0.517258,0.446361,-0.1041,0.072534,0.373805,0.230752,0.591692,0.772429,-0.695541,0.655459,-0.29416,-0.680605,-0.470124,0.561804,0.000351,0.000974,-0.013095,0.033804,0.010357,-0.003232,0.440745,0.038807,0.054727,0.002415,-0.194786,-0.58491,0.787361,0.68095,-0.6584,-0.320648,0.70595,0.473695,0.526542,0.000192,0.000421,-0.006579,0.032629,0.009348,-0.002036,0.352257,0.080202,0.045408,-0.041141,-0.084205,0.407621,-0.90926,-0.613068,-0.740544,-0.275211,-0.785529,0.534264,0.312257,0.013614,0.01701,-0.02076,-0.754289,0.05509,-2.237181,0.403962
2107,0.085724,0.042416,0.40369,-0.050627,0.312007,-0.948754,-0.614073,-0.758857,-0.216846,-0.787571,0.571235,0.231194,0.038639,0.031073,-0.043199,-0.078116,-0.470215,-0.457252,0.451584,-0.104382,0.072296,0.373445,0.230026,0.591872,0.772507,-0.695252,0.655399,-0.294976,-0.681145,-0.469981,0.561268,-0.010816,-0.001253,-0.013496,0.031766,0.025536,-0.032492,0.476885,0.03867,0.054607,0.002239,-0.194102,-0.585081,0.787403,0.68064,-0.658351,-0.321405,0.706436,0.473553,0.526017,-0.005411,-0.000593,-0.006725,0.031749,0.025507,-0.032445,0.425248,0.08084,0.04606,-0.041991,-0.077817,0.376729,-0.923048,-0.599276,-0.757595,-0.25868,-0.79675,0.533032,0.284719,0.019832,0.020476,-0.02635,-0.628552,0.312661,-2.303797,0.412943
2108,0.087123,0.043829,0.401852,-0.041322,0.280339,-0.959035,-0.608408,-0.768394,-0.198453,-0.792507,0.574931,0.203505,0.03831,0.030456,-0.043356,-0.549444,0.162127,-2.234869,0.459679,-0.104946,0.072314,0.372858,0.228763,0.592111,0.772699,-0.694436,0.655535,-0.296589,-0.6824,-0.469488,0.560155,-0.023911,0.006953,-0.022322,0.065722,0.036135,-0.040429,0.486233,0.038384,0.054616,0.001941,-0.1928,-0.585327,0.78754,0.679739,-0.658497,-0.323009,0.70766,0.473046,0.524828,-0.011937,0.003433,-0.011172,0.065708,0.03612,-0.040382,0.453987,0.08154,0.046768,-0.042909,-0.066695,0.34801,-0.935114,-0.592806,-0.767677,-0.243417,-0.802578,0.538107,0.257503,0.019651,0.020161,-0.026414,0.244188,-1.135704,-0.119984,0.423557
2109,0.08788,0.04459,0.400864,-0.038814,0.265111,-0.96346,-0.602508,-0.775361,-0.189135,-0.79713,0.572818,0.191025,0.039362,0.040992,-0.052359,0.163455,-0.776037,-0.421094,0.463641,-0.105366,0.072389,0.372463,0.227713,0.592331,0.772841,-0.693877,0.655558,-0.297846,-0.683319,-0.46918,0.559293,-0.023776,0.006375,-0.022601,0.065742,0.036045,-0.040479,0.489786,0.038183,0.054652,0.001752,-0.191784,-0.585539,0.78763,0.679151,-0.658524,-0.324189,0.7085,0.472746,0.523964,-0.011852,0.003076,-0.011344,0.065715,0.036035,-0.040417,0.460845,0.081903,0.047132,-0.043384,-0.066288,0.333461,-0.940429,-0.587099,-0.775118,-0.233461,-0.806795,0.53665,0.247156,0.019607,0.020118,-0.026391,-0.505145,0.605815,-2.238456,0.429599
2110,0.089203,0.04601,0.39901,-0.036775,0.235775,-0.971135,-0.594144,-0.786493,-0.168503,-0.803481,0.570501,0.170216,0.026367,0.032668,-0.041638,-0.44729,0.575668,-2.550454,0.460725,-0.106452,0.072674,0.371458,0.225244,0.592808,0.773198,-0.692309,0.655791,-0.300964,-0.685721,-0.468249,0.557129,-0.036504,0.01315,-0.032084,0.099782,0.046245,-0.048642,0.488543,0.037644,0.054793,0.001253,-0.189311,-0.586016,0.787874,0.677457,-0.658773,-0.327213,0.710782,0.471806,0.521713,-0.017138,0.000705,-0.012149,0.063726,0.051027,-0.069806,0.466887,0.082584,0.047857,-0.044331,-0.060557,0.304148,-0.950697,-0.577527,-0.787508,-0.215153,-0.814121,0.536025,0.223343,0.019406,0.019723,-0.026487,0.217037,-0.652886,-0.307879,0.43466
2111,0.090435,0.047312,0.397202,-0.027217,0.21301,-0.976694,-0.588266,-0.793325,-0.15668,-0.808184,0.570024,0.148114,0.037146,0.027654,-0.044364,0.161671,-0.382585,-0.017063,0.439809,-0.107864,0.073056,0.370217,0.221969,0.593491,0.773621,-0.690377,0.655965,-0.304997,-0.688728,-0.467139,0.554345,-0.047182,0.008879,-0.033439,0.097841,0.060959,-0.078163,0.485292,0.036942,0.054986,0.000633,-0.18604,-0.586689,0.788152,0.675336,-0.658992,-0.331134,0.713659,0.470663,0.518812,-0.01789,0.00511,-0.016729,0.097632,0.060791,-0.073306,0.46607,0.083211,0.048522,-0.04525,-0.052478,0.280005,-0.958562,-0.571502,-0.795575,-0.201107,-0.81892,0.537267,0.201773,0.018583,0.013764,-0.022233,0.151759,-0.285585,0.036826,0.419311
2112,0.090955,0.047858,0.39639,-0.021045,0.202402,-0.979099,-0.585401,-0.796332,-0.152092,-0.810454,0.56971,0.136463,0.024244,0.019139,-0.033916,0.165296,-0.838939,-0.316349,0.424455,-0.108684,0.073352,0.369508,0.220346,0.59379,0.773855,-0.689129,0.656256,-0.307185,-0.690495,-0.466349,0.55281,-0.049455,0.021193,-0.040831,0.133995,0.05559,-0.05729,0.481071,0.036534,0.055125,0.000279,-0.184394,-0.586997,0.78831,0.674011,-0.659278,-0.333258,0.715337,0.469879,0.51721,-0.019053,0.011367,-0.020373,0.135991,0.040405,-0.027945,0.463457,0.083462,0.048788,-0.045643,-0.047821,0.27276,-0.960892,-0.568833,-0.798196,-0.198268,-0.82106,0.537107,0.193325,0.012722,0.014923,-0.021432,0.157748,-0.35046,-0.004985,0.404289
2113,0.09188,0.048678,0.394934,-0.014496,0.194685,-0.980782,-0.581239,-0.799732,-0.150209,-0.813595,0.567645,0.125971,0.022579,0.006785,-0.025779,0.084351,-0.227041,-0.026065,0.361312,-0.110732,0.074122,0.368013,0.216177,0.594704,0.77433,-0.686493,0.65654,-0.312435,-0.694424,-0.464781,0.549196,-0.059271,0.011241,-0.031395,0.093767,0.090433,-0.13231,0.482668,0.035537,0.055501,-0.00046,-0.180323,-0.587875,0.788597,0.671167,-0.65963,-0.338263,0.719039,0.468284,0.513509,-0.036217,0.010228,-0.019771,0.130025,0.085065,-0.1162,0.459865,0.083916,0.049196,-0.046361,-0.040105,0.263419,-0.963846,-0.564442,-0.801942,-0.195685,-0.824497,0.536188,0.180846,0.011899,0.008807,-0.017316,0.126062,-0.335126,-0.057108,0.351709
2114,0.092625,0.048862,0.393881,-0.009866,0.189762,-0.981803,-0.578647,-0.801795,-0.149209,-0.815515,0.566407,0.118937,0.008537,-0.005795,-0.017448,0.042114,-0.107741,-0.026569,0.265598,-0.113708,0.075091,0.366498,0.223787,0.591362,0.774727,-0.668333,0.671696,-0.319514,-0.709578,-0.447019,0.544551,-0.095747,0.022007,-0.037173,0.498417,0.045957,-0.047889,0.488548,0.034072,0.055978,-0.001218,-0.187081,-0.584832,0.789285,0.653825,-0.673784,-0.344277,0.733152,0.451647,0.50843,-0.043169,0.017563,-0.022434,4.454589,-1.678135,2.901422,0.467703,0.084304,0.049303,-0.046902,-0.035106,0.258467,-0.965381,-0.561688,-0.804076,-0.194854,-0.826604,0.535403,0.173406,0.010449,0.000521,-0.014324,0.075937,-0.124374,-0.004973,0.238222
2115,0.093023,0.048605,0.393171,-0.009128,0.186515,-0.982433,-0.577358,-0.803103,-0.147159,-0.816438,0.565637,0.116238,0.008854,-0.004818,-0.016993,0.034764,-0.020281,0.019444,0.195968,-0.117564,0.076427,0.365006,0.242863,0.583185,0.775181,-0.655185,0.687927,-0.312126,-0.715568,-0.43282,0.548173,-0.099139,0.043364,-0.039739,0.099169,0.178456,-0.242221,0.466509,0.032156,0.056629,-0.001968,-0.207064,-0.575974,0.790809,0.639759,-0.69126,-0.335956,0.740156,0.436363,0.51162,-0.049615,0.021908,-0.019702,-0.402124,-0.376648,0.396374,0.464111,0.084502,0.049171,-0.047259,-0.034225,0.255514,-0.966198,-0.560353,-0.805418,-0.193146,-0.827546,0.534802,0.170743,0.0043,-0.002874,-0.008737,0.032865,0.004105,-0.000148,0.124572
2116,0.093011,0.048453,0.393008,-0.010722,0.185656,-0.982579,-0.577211,-0.803497,-0.145574,-0.81652,0.56536,0.117,-0.00289,-0.009678,-0.004848,-0.000689,0.013398,-0.025507,0.187861,-0.11948,0.077236,0.364347,0.251409,0.581697,0.773572,-0.659618,0.687885,-0.302741,-0.708516,-0.434885,0.555647,-0.097802,0.036801,-0.029461,-1.608474,-1.350691,1.512355,0.422419,0.031157,0.057048,-0.002313,-0.213429,-0.575285,0.789616,0.643751,-0.690772,-0.329269,0.734868,0.438041,0.517771,-0.049875,0.024277,-0.018454,0.114956,0.162985,-0.271744,0.437004,0.084497,0.049083,-0.047352,-0.035978,0.254639,-0.966366,-0.56015,-0.805948,-0.191514,-0.827608,0.53442,0.171632,-0.001383,-0.004659,-0.002339,-0.000881,0.014826,-0.024699,0.087505
2117,0.092655,0.048249,0.39299,-0.02164,0.181428,-0.983189,-0.563391,-0.814572,-0.137966,-0.82589,0.550706,0.121065,-0.013186,-0.009614,0.009776,-0.031447,0.033764,-0.045694,0.184593,-0.123116,0.079334,0.363057,0.271186,0.578409,0.769345,-0.671368,0.68644,-0.27928,-0.689957,-0.441508,0.573491,-0.078138,0.060042,-0.032556,-0.019138,0.128804,-0.23157,0.27075,0.029301,0.058113,-0.002968,-0.235594,-0.571557,0.786013,0.657544,-0.689299,-0.304142,0.715632,0.445184,0.538219,-0.039132,0.030418,-0.01602,-0.010531,0.135976,-0.240839,0.297718,0.084322,0.048978,-0.047368,-0.04681,0.250175,-0.967067,-0.545851,-0.817206,-0.184986,-0.836573,0.519216,0.174811,-0.011811,0.001942,0.001356,0.006856,0.122828,-0.233023,0.064318
2118,0.091908,0.048347,0.393225,-0.039882,0.172693,-0.984191,-0.55046,-0.825787,-0.122646,-0.83387,0.536648,0.129219,-0.0224,0.00796,0.004746,-0.005775,0.039504,-0.078723,0.185607,-0.125848,0.08192,0.361794,0.297248,0.571461,0.764897,-0.674053,0.692989,-0.255642,-0.676497,-0.440314,0.590202,-0.057693,0.078241,-0.038092,4.266971,-1.427595,3.271661,0.145342,0.027956,0.059383,-0.003582,-0.258414,-0.566376,0.782585,0.665406,-0.691639,-0.280835,0.700325,0.448166,0.555599,-0.028095,0.034247,-0.014767,-0.396487,-0.348889,0.394771,0.090992,0.083953,0.049024,-0.047248,-0.064917,0.24103,-0.968343,-0.532327,-0.829149,-0.170696,-0.844045,0.504395,0.182132,-0.011024,0.004569,0.002681,-0.019267,0.15366,-0.296005,0.060072
2119,0.091386,0.048492,0.39339,-0.053626,0.168858,-0.984203,-0.541851,-0.832771,-0.113407,-0.838706,0.526997,0.137379,-0.033523,0.012152,0.007223,4.952125,2.003918,-3.188498,0.184449,-0.126746,0.083367,0.361161,0.312826,0.563091,0.764892,-0.66708,0.703522,-0.244939,-0.676404,-0.434333,0.594723,-0.033848,0.071242,-0.029614,0.13112,0.202213,0.277361,0.142064,0.027497,0.060111,-0.0039,-0.277509,-0.557101,0.782704,0.654958,-0.705742,-0.270105,0.702863,0.437682,0.560728,-0.022382,0.03459,-0.014918,0.087062,0.379673,0.362518,0.047393,0.083696,0.049096,-0.047165,-0.075099,0.23876,-0.968169,-0.528128,-0.833082,-0.16448,-0.845837,0.498965,0.188659,-0.011066,0.004418,0.002607,-0.013535,0.240977,-0.162004,0.060072
2120,0.090293,0.048631,0.393624,-0.077756,0.157145,-0.984533,-0.460869,-0.881299,-0.104323,-0.883972,0.445429,0.142175,-0.013172,-0.002449,-0.000851,7.233117,0.794726,-1.099827,-0.043363,-0.127821,0.086298,0.359832,0.323155,0.549321,0.77059,-0.659416,0.714764,-0.232844,-0.679072,-0.43359,0.59222,-0.010924,0.069668,-0.03158,0.649328,0.614575,0.036951,0.114373,0.026945,0.061614,-0.00457,-0.287421,-0.542664,0.789243,0.647708,-0.717154,-0.25722,0.705593,0.437269,0.557613,-0.005409,0.034638,-0.015863,0.693907,0.717491,0.02031,0.001019,0.083143,0.049189,-0.047037,-0.101987,0.224711,-0.969073,-0.442883,-0.882541,-0.158036,-0.890759,0.413069,0.189528,-0.006842,-0.001711,-0.000882,7.255287,0.772196,-1.09055,-0.07252
2121,0.089292,0.047989,0.393509,-0.111118,0.145461,-0.983127,-0.23467,-0.965076,-0.116321,-0.96558,0.217598,0.142596,-0.030238,-0.017123,-0.007909,6.108121,0.949684,-0.901098,-0.344235,-0.128061,0.088876,0.35844,0.328411,0.522041,0.787154,-0.637797,0.737259,-0.222708,-0.69698,-0.429565,0.574069,0.001628,0.061306,-0.036108,0.077055,0.54135,0.551157,0.101198,0.026822,0.062866,-0.005235,-0.29159,-0.516429,0.805155,0.626864,-0.738957,-0.246949,0.722507,0.432715,0.539203,0.001729,0.024863,-0.014343,0.046338,0.716198,0.669569,-0.027394,0.082667,0.048893,-0.047085,-0.133767,0.212762,-0.967904,-0.220431,-0.958602,-0.180253,-0.966186,0.189244,0.175129,-0.015355,-0.008879,-0.0044,7.62326,1.200483,-0.996566,-0.348155
2122,0.088768,0.047674,0.39333,-0.129394,0.143164,-0.981227,-0.13069,-0.983332,-0.126292,-0.982797,0.111711,0.147168,-0.030128,-0.016542,-0.007666,2.151545,0.828757,-0.170509,-0.434614,-0.127942,0.089891,0.357801,0.343068,0.495595,0.797923,-0.605781,0.76595,-0.215136,-0.71819,-0.410189,0.561971,0.013096,0.059086,-0.037774,0.409697,0.744269,1.097816,0.104962,0.026878,0.063397,-0.005567,-0.305917,-0.490424,0.816025,0.595456,-0.767343,-0.237938,0.742863,0.413118,0.52677,0.002161,0.022267,-0.015568,1.387911,0.099727,1.399928,-0.032293,0.08239,0.048716,-0.047184,-0.152349,0.208636,-0.966054,-0.110217,-0.974953,-0.193176,-0.982161,0.077045,0.171528,-0.015372,-0.00883,-0.004399,7.22187,1.699899,-0.787689,-0.441067
2123,0.087176,0.047539,0.393103,-0.178619,0.131353,-0.975134,-0.02273,-0.991314,-0.129423,-0.983447,-0.001123,0.181267,-0.048476,0.011907,-0.006834,-0.066306,1.166085,0.182336,-0.425242,-0.127285,0.091483,0.356626,0.365635,0.433536,0.823619,-0.508918,0.834021,-0.212945,-0.779664,-0.341848,0.524526,0.017297,0.031846,-0.024869,4.490667,-0.072639,3.635993,0.110959,0.027196,0.064184,-0.006153,-0.325556,-0.430809,0.841674,0.50327,-0.832549,-0.231476,0.800457,0.348231,0.487854,0.008751,0.015339,-0.012718,0.40984,0.867679,0.816383,-0.028374,0.081594,0.048613,-0.04731,-0.200757,0.194431,-0.960152,0.000122,-0.980101,-0.198496,-0.97964,-0.039967,0.196738,-0.024607,0.001217,0.001422,-0.232427,0.994081,-0.659384,-0.525815
2124,0.085246,0.048387,0.393385,-0.210007,0.137277,-0.968038,-0.096797,-0.988128,-0.119181,-0.97265,0.068496,0.222007,-0.053853,0.026982,0.015509,-1.682421,0.523014,0.389685,-0.195053,-0.126101,0.092279,0.356014,0.364017,0.391287,0.845208,-0.436483,0.873317,-0.216178,-0.82315,-0.290729,0.487611,0.031424,0.012105,-0.009179,5.447731,-0.240537,2.736063,0.113534,0.027796,0.064593,-0.006478,-0.3224,-0.385448,0.864573,0.431128,-0.872905,-0.228394,0.842725,0.299108,0.447603,0.021191,0.006528,-0.004729,2.724942,2.006551,-0.69557,-0.029353,0.080626,0.049015,-0.047185,-0.234334,0.199606,-0.951443,-0.072775,-0.979549,-0.187578,-0.969428,0.025285,0.244068,-0.026962,0.013746,0.007742,-5.551785,0.191842,1.283718,-0.433882
2125,0.083461,0.04979,0.394098,-0.221019,0.156758,-0.962612,-0.190398,-0.974921,-0.115102,-0.956245,0.157638,0.246521,-0.048824,0.041403,0.022709,-0.160252,0.379049,-0.067112,-0.07476,-0.124445,0.092559,0.355846,0.365745,0.350208,0.862308,-0.369275,0.905057,-0.21081,-0.854695,-0.241778,0.459241,0.043726,0.004398,-0.000648,0.309099,0.651883,0.205319,0.10894,0.028636,0.064734,-0.006567,-0.325039,-0.342235,0.881603,0.358502,-0.907233,-0.220008,0.875114,0.244545,0.417577,0.021838,0.002278,-0.000293,0.310181,0.639134,0.200025,-0.022985,0.079733,0.049715,-0.046829,-0.245643,0.219238,-0.944242,-0.168666,-0.968896,-0.181084,-0.954573,0.114779,0.27498,-0.018479,0.019731,0.010753,-0.512962,0.417612,-0.123402,-0.304719
2126,0.082654,0.050623,0.394571,-0.224507,0.162303,-0.960884,-0.224334,-0.968136,-0.111168,-0.948036,0.190393,0.25496,-0.035459,0.043423,0.02325,-0.059702,0.609227,-0.166239,-0.061689,-0.12351,0.092648,0.355858,0.368005,0.334774,0.867462,-0.338606,0.917123,-0.210159,-0.866357,-0.216821,0.449753,0.04349,0.005761,2.8e-05,0.357649,0.386207,0.00713,0.098846,0.029088,0.064776,-0.006561,-0.326927,-0.326367,0.886906,0.328086,-0.919302,-0.217351,0.886272,0.219924,0.407621,0.027153,0.003755,6.8e-05,1.396912,-0.024205,0.707042,-0.034252,0.079326,0.050135,-0.04659,-0.247683,0.223646,-0.942674,-0.202671,-0.963424,-0.175319,-0.947405,0.147629,0.283951,-0.023193,0.024063,0.013054,-0.168268,0.829979,-0.050452,-0.271898
2127,0.081109,0.052334,0.395799,-0.220182,0.17094,-0.960388,-0.312792,-0.94489,-0.096525,-0.923692,0.27893,0.262712,-0.034226,0.039088,0.034996,-0.091521,0.204849,-0.370656,-0.009959,-0.121192,0.093063,0.356036,0.365557,0.324058,0.872551,-0.323172,0.923302,-0.207381,-0.873261,-0.206595,0.441131,0.063704,0.016531,0.003958,0.011365,-0.085326,0.179749,0.072646,0.03024,0.064974,-0.006476,-0.324289,-0.316215,0.89154,0.312657,-0.925335,-0.214475,0.892794,0.209194,0.398943,0.031719,0.00894,0.002281,-0.001075,-0.025654,0.011417,-0.064298,0.078556,0.051002,-0.045975,-0.244358,0.233126,-0.941244,-0.291699,-0.943382,-0.157927,-0.92477,0.23597,0.298525,-0.02281,0.021132,0.018541,-0.199586,0.200503,-0.373235,-0.234178
2128,0.079419,0.053908,0.397282,-0.242439,0.154969,-0.957734,-0.367897,-0.928097,-0.0571,-0.897423,0.338306,0.283212,-0.046197,0.032466,0.045967,-0.161552,0.354961,-0.635606,0.068,-0.118511,0.09371,0.356274,0.379592,0.312127,0.870907,-0.32218,0.927033,-0.191686,-0.867637,-0.208231,0.451342,0.06561,0.005046,0.011339,-0.14225,-0.225142,0.323318,0.053614,0.031577,0.065311,-0.006355,-0.338508,-0.304693,0.890266,0.312445,-0.928838,-0.199092,0.887574,0.210765,0.409619,0.037101,0.0097,0.002303,-0.414217,-0.640253,0.843307,-0.091567,0.077702,0.051812,-0.045216,-0.266423,0.216116,-0.939314,-0.346415,-0.93089,-0.115923,-0.899452,0.294508,0.322876,-0.023075,0.016346,0.023088,-0.157804,0.353844,-0.637291,-0.16233
2129,0.07858,0.054555,0.39813,-0.25102,0.147569,-0.956691,-0.39423,-0.9182,-0.038247,-0.883772,0.367367,0.289854,-0.046444,0.031193,0.045214,-0.562111,0.317307,-0.493026,0.115591,-0.117198,0.093998,0.356387,0.385434,0.307916,0.869839,-0.326776,0.927127,-0.183265,-0.863337,-0.214006,0.456853,0.06345,0.017186,0.00431,0.000648,-0.119784,0.212142,0.051003,0.032235,0.06545,-0.006296,-0.344541,-0.300401,0.889409,0.317545,-0.928865,-0.190717,0.883434,0.216718,0.415423,0.03285,0.002313,0.005528,-0.069673,-0.12101,0.195529,-0.102018,0.077302,0.052129,-0.044807,-0.274256,0.20847,-0.938787,-0.372147,-0.923165,-0.096282,-0.886729,0.322962,0.330766,-0.023044,0.016192,0.022931,-1.676805,0.19287,0.069251,-0.10926
2130,0.076795,0.055523,0.400138,-0.277436,0.13197,-0.951661,-0.439199,-0.898368,0.003404,-0.854154,0.418743,0.308387,-0.047218,0.021266,0.054245,-0.598555,0.459121,-0.670252,0.140417,-0.11458,0.094423,0.356679,0.396148,0.304833,0.866104,-0.325202,0.928707,-0.17799,-0.859082,-0.211544,0.465929,0.063686,0.015907,0.003697,0.033681,-0.210703,0.088819,0.022799,0.033543,0.065665,-0.006148,-0.355487,-0.297593,0.88604,0.316269,-0.930339,-0.185583,0.879546,0.214255,0.424843,0.032854,0.002338,0.00555,0.001756,-0.22892,0.085402,-0.125695,0.07641,0.052617,-0.043806,-0.300085,0.192136,-0.934361,-0.416764,-0.907481,-0.052759,-0.858053,0.373576,0.352397,-0.023436,0.011208,0.027431,-1.714467,0.46382,-0.275476,-0.024513
2131,0.074713,0.0561,0.402603,-0.314512,0.111282,-0.942732,-0.444595,-0.8947,0.042656,-0.838331,0.432407,0.332044,-0.05868,0.016238,0.066123,-0.155943,0.641975,-0.982288,0.125743,-0.111935,0.094807,0.35696,0.409376,0.309244,0.858353,-0.323949,0.928762,-0.179975,-0.853348,-0.204787,0.479294,0.074487,0.017667,0.003896,0.123827,-0.683396,-0.213751,-0.011171,0.03489,0.065863,-0.006007,-0.368138,-0.300576,0.879845,0.314731,-0.930723,-0.18627,0.874881,0.208342,0.437236,0.03725,0.008815,0.001889,0.113301,-0.620265,-0.166992,-0.167334,0.075372,0.052904,-0.042579,-0.336404,0.170449,-0.926163,-0.421857,-0.906559,-0.013613,-0.841942,0.386129,0.376875,-0.029436,0.007959,0.033029,-0.1481,0.549069,-0.803751,-0.020594
2132,0.072395,0.057104,0.405127,-0.348269,0.122776,-0.929344,-0.455636,-0.888553,0.053304,-0.8188,0.44185,0.366555,-0.054959,0.025195,0.069983,-0.038471,1.080056,-0.287364,0.094614,-0.109339,0.095047,0.357352,0.423218,0.316371,0.848992,-0.32381,0.927973,-0.184249,-0.846635,-0.197345,0.494091,0.066006,0.003835,0.010817,0.044968,-0.43218,-0.096225,-0.050187,0.036142,0.065981,-0.005819,-0.382905,-0.308872,0.870621,0.314569,-0.929719,-0.191489,0.868579,0.200548,0.453155,0.032938,0.002179,0.005489,0.083393,-0.637224,-0.246144,-0.206524,0.074187,0.053402,-0.041297,-0.370433,0.179193,-0.911409,-0.43252,-0.901622,-0.001476,-0.822012,0.393656,0.411496,-0.027388,0.012952,0.035197,-0.024202,1.174147,-0.255843,-0.053578
2133,0.071365,0.057788,0.406402,-0.360914,0.137482,-0.922434,-0.464652,-0.884066,0.04998,-0.808179,0.446474,0.384103,-0.051466,0.04048,0.062851,0.073812,1.373707,-0.096478,0.087503,-0.10818,0.095131,0.357583,0.429221,0.323692,0.843199,-0.323885,0.926639,-0.190717,-0.843585,-0.19166,0.501492,0.065379,0.006558,0.012173,0.119426,-0.785829,-0.354059,-0.075507,0.036768,0.066021,-0.005697,-0.388706,-0.315295,0.865734,0.314183,-0.928666,-0.19715,0.866138,0.195365,0.460039,0.032657,0.003408,0.006105,0.104543,-0.724772,-0.301002,-0.229384,0.07369,0.053726,-0.040684,-0.381801,0.191859,-0.904111,-0.441743,-0.897132,-0.003833,-0.811843,0.397922,0.427279,-0.020704,0.013961,0.035296,-0.025643,0.900812,-0.239052,-0.067784
2134,0.070036,0.059114,0.408845,-0.392399,0.153017,-0.907003,-0.463433,-0.884636,0.051194,-0.794052,0.440228,0.419174,-0.017846,0.030348,0.056232,0.020381,0.754946,0.123743,0.07888,-0.10582,0.095347,0.358331,0.441668,0.336087,0.831845,-0.330793,0.922858,-0.197086,-0.83444,-0.188558,0.517705,0.064946,0.005896,0.024917,0.038583,-0.557488,-0.139319,-0.138458,0.037907,0.066113,-0.005348,-0.401852,-0.328385,0.854796,0.32089,-0.924792,-0.204421,0.857638,0.192148,0.477005,0.027122,0.001784,0.012182,0.09483,-0.83994,-0.385955,-0.287679,0.073018,0.054406,-0.039454,-0.414995,0.206959,-0.885972,-0.440433,-0.897778,-0.003415,-0.796113,0.388794,0.463726,-0.008922,0.015282,0.028198,0.054105,0.913486,0.19992,-0.088196
2135,0.069478,0.059988,0.410967,-0.406315,0.170598,-0.897692,-0.464403,-0.884611,0.042028,-0.786439,0.43375,0.439776,-0.009348,0.019891,0.050745,0.017248,0.687023,0.12416,0.051349,-0.103756,0.095552,0.359472,0.455226,0.346688,0.820103,-0.333599,0.920393,-0.203769,-0.826005,-0.181274,0.53359,0.043453,-0.001056,0.035896,0.040754,-0.705147,-0.348136,-0.15245,0.038984,0.066218,-0.004759,-0.415941,-0.338587,0.844009,0.323307,-0.922526,-0.210754,0.849979,0.185213,0.493184,0.021581,-8e-06,0.018167,0.024054,-0.616789,-0.282766,-0.322133,0.07274,0.054857,-0.038386,-0.428621,0.222831,-0.875574,-0.441563,-0.897147,-0.012162,-0.788229,0.381408,0.48293,-0.010575,0.010651,0.025992,0.064869,0.951499,0.171992,-0.100769
2136,0.069138,0.060347,0.412003,-0.410501,0.177922,-0.894359,-0.464863,-0.884579,0.037332,-0.783985,0.430853,0.446946,-0.020724,0.021968,0.05209,-0.026264,0.510501,-0.030963,0.017832,-0.10281,0.095606,0.36019,0.458978,0.353966,0.814886,-0.340809,0.917182,-0.206302,-0.820971,-0.183491,0.540556,0.053482,0.003607,0.037503,-0.005093,-0.494713,-0.1559,-0.153617,0.039436,0.066248,-0.004412,-0.420341,-0.346678,0.838526,0.330487,-0.919149,-0.214342,0.845039,0.187025,0.500929,0.021206,0.001332,0.018818,0.023252,-0.632945,-0.260642,-0.327195,0.072574,0.055034,-0.037869,-0.433379,0.230519,-0.87123,-0.442167,-0.896764,-0.017327,-0.785283,0.37772,0.490567,-0.005583,0.004243,0.029712,-0.044066,0.604181,0.016346,-0.134407
2137,0.068284,0.06105,0.414129,-0.420335,0.194918,-0.886211,-0.46671,-0.883986,0.026875,-0.777643,0.424654,0.463645,-0.031329,0.025602,0.053972,0.021115,0.610335,0.197607,-0.017766,-0.101071,0.095577,0.361863,0.464385,0.371267,0.804052,-0.361033,0.908383,-0.210782,-0.809199,-0.192885,0.554847,0.043681,-0.004987,0.046992,-0.086963,-0.276385,-0.028202,-0.184195,0.040293,0.06624,-0.003596,-0.426703,-0.36488,0.827518,0.350545,-0.910198,-0.220581,0.833692,0.19596,0.516291,0.021775,-0.002329,0.023552,-0.083866,-0.299331,-0.043937,-0.343688,0.072137,0.055389,-0.036788,-0.443356,0.246112,-0.861894,-0.444206,-0.89551,-0.027213,-0.778534,0.370793,0.506355,-0.015708,0.012779,0.026989,0.038117,0.693334,0.230628,-0.194988
2138,0.067553,0.061665,0.416264,-0.431595,0.207978,-0.87779,-0.469977,-0.882389,0.021953,-0.769457,0.421753,0.479674,-0.021282,0.019488,0.05055,-0.006599,0.481625,0.138793,-0.035513,-0.099554,0.095516,0.363678,0.477712,0.38213,0.79105,-0.365495,0.905264,-0.216437,-0.799389,-0.186224,0.571106,0.04453,-0.011131,0.057026,-0.093458,-0.394148,-0.133362,-0.212281,0.041067,0.066211,-0.002675,-0.440538,-0.375477,0.815439,0.354717,-0.907222,-0.226105,0.824682,0.189642,0.532854,0.020888,0.000743,0.025001,-0.043178,-0.463902,-0.122422,-0.37504,0.071781,0.055693,-0.035739,-0.45477,0.258284,-0.852333,-0.447565,-0.893678,-0.032011,-0.76998,0.366917,0.522016,-0.005629,0.003749,0.029277,-0.004705,0.617204,0.245508,-0.216542
2139,0.067248,0.062148,0.418146,-0.447008,0.224205,-0.866003,-0.473345,-0.880711,0.016254,-0.758504,0.4169,0.500892,-0.000554,0.009945,0.045126,0.073446,0.772581,0.375772,-0.042165,-0.098165,0.095482,0.365743,0.491775,0.396495,0.775203,-0.388504,0.896685,-0.212022,-0.77977,-0.197414,0.59401,0.030143,0.002434,0.051025,-0.566348,-0.927107,0.286198,-0.213707,0.041767,0.06619,-0.00164,-0.454554,-0.389971,0.800813,0.37769,-0.898622,-0.223219,0.806678,0.200994,0.555761,0.016199,-0.004372,0.029342,-1.811877,-2.069517,1.254631,-0.388429,0.07162,0.055939,-0.034795,-0.469664,0.27209,-0.83987,-0.45099,-0.891773,-0.036707,-0.758961,0.361534,0.541544,-0.00053,0.004404,0.022346,-0.057485,0.210152,0.089778,-0.226503
2140,0.067259,0.062294,0.418983,-0.45209,0.230813,-0.861618,-0.474911,-0.879915,0.01341,-0.7545,0.414963,0.508491,0.008887,0.002994,0.041578,-0.019851,0.363763,0.190284,-0.043775,-0.097508,0.095356,0.366838,0.497906,0.407776,0.765375,-0.408498,0.888792,-0.207636,-0.765527,-0.209796,0.608126,0.032648,-0.009513,0.058354,-1.697311,-2.277494,1.435015,-0.213923,0.042093,0.066136,-0.001093,-0.459188,-0.401449,0.792454,0.39741,-0.890651,-0.220916,0.794488,0.213488,0.568516,0.016338,-0.004945,0.029073,0.008387,-0.920731,-0.541062,-0.389899,0.071624,0.056018,-0.034374,-0.47593,0.279867,-0.833765,-0.452719,-0.890729,-0.040566,-0.754012,0.358155,0.550626,-0.001009,0.00315,0.021802,-0.010093,0.423326,0.182248,-0.228952
2141,0.067581,0.062381,0.420489,-0.46582,0.244405,-0.850484,-0.477907,-0.878346,0.009281,-0.744178,0.410466,0.527014,0.017364,-0.006275,0.037108,0.027002,0.679442,0.118749,-0.03905,-0.096336,0.094966,0.369108,0.51106,0.431193,0.74356,-0.45208,0.870591,-0.193982,-0.731596,-0.237566,0.638899,0.032197,-0.008213,0.058938,-0.58181,-1.011809,0.449913,-0.212175,0.04268,0.065941,4.2e-05,-0.475455,-0.425372,0.770065,0.442289,-0.872243,-0.208735,0.760474,0.241348,0.60285,0.016077,-0.004207,0.029411,-1.792487,-2.097152,1.480793,-0.390226,0.07179,0.056065,-0.033604,-0.489143,0.291452,-0.822066,-0.455853,-0.888969,-0.043931,-0.743596,0.353253,0.567693,0.008543,-0.003432,0.018433,0.057387,0.800085,0.172451,-0.230422
2142,0.068059,0.062082,0.421761,-0.474738,0.254772,-0.842473,-0.480503,-0.87696,0.005502,-0.736829,0.407101,0.539796,0.013584,-0.015936,0.033327,-0.019211,0.359957,0.189978,-0.024457,-0.095348,0.094589,0.371403,0.523808,0.453851,0.720858,-0.488361,0.853359,-0.182249,-0.698497,-0.257158,0.667709,0.031903,-0.007492,0.059238,-0.039635,-0.690514,0.386521,-0.208513,0.043173,0.065754,0.00119,-0.489655,-0.448311,0.747832,0.479495,-0.854803,-0.198482,0.728232,0.261394,0.633522,0.010696,-0.005218,0.029222,-0.045711,-0.670192,0.349983,-0.387613,0.072025,0.055927,-0.032978,-0.498405,0.301332,-0.81289,-0.458515,-0.887398,-0.047823,-0.735769,0.348887,0.580449,0.007098,-0.003818,0.011556,0.033043,0.548545,0.048706,-0.224054
2143,0.068331,0.06176,0.422324,-0.477265,0.256605,-0.840486,-0.481545,-0.876386,0.005814,-0.734511,0.407183,0.542884,0.012951,-0.010961,0.021851,-0.055428,0.056743,0.04542,-0.026472,-0.094898,0.094456,0.372542,0.53031,0.463576,0.709831,-0.500426,0.847005,-0.179135,-0.684914,-0.260815,0.680244,0.018955,0.001062,0.050718,-0.321683,-0.685499,-0.020907,-0.208288,0.043395,0.065689,0.001741,-0.496518,-0.456736,0.738147,0.490282,-0.849302,-0.195724,0.716304,0.264721,0.645623,0.009629,0.000206,0.025116,-3.823602,0.007426,-3.588447,-0.38598,0.072157,0.055772,-0.032704,-0.501261,0.303692,-0.810251,-0.459644,-0.886803,-0.048027,-0.733119,0.348353,0.584111,0.011174,-0.01221,0.014652,-0.101034,0.011858,0.03825,-0.220461
2144,0.068771,0.061057,0.423342,-0.478541,0.264536,-0.837296,-0.488683,-0.872438,0.003595,-0.728949,0.410559,0.547816,0.011643,-0.014364,0.020565,-0.069817,0.113087,-0.147003,-0.037072,-0.094299,0.0944,0.374539,0.540035,0.477372,0.693159,-0.521931,0.836044,-0.168978,-0.66083,-0.271138,0.699751,0.008192,-0.00087,0.050257,-3.742078,0.034528,-3.669982,-0.208111,0.043706,0.065657,0.002762,-0.509061,-0.466899,0.723091,0.508445,-0.840971,-0.185066,0.694507,0.273442,0.665498,0.004079,-0.000518,0.025089,-0.089525,-0.354975,0.559569,-0.385653,0.072379,0.055406,-0.032186,-0.50247,0.31117,-0.806657,-0.466975,-0.882873,-0.049689,-0.727638,0.351722,0.588926,0.000225,-0.005987,0.011104,-0.074045,0.013777,-0.015134,-0.224707
2145,0.068905,0.060542,0.424223,-0.479439,0.270673,-0.834817,-0.490031,-0.871688,-0.001264,-0.727452,0.408139,0.551601,0.000814,-0.011131,0.02257,-0.031903,0.173144,0.060358,-0.046972,-0.09396,0.09462,0.376286,0.549004,0.481734,0.683022,-0.533461,0.831052,-0.157181,-0.644011,-0.278689,0.712352,0.006212,0.008628,0.041436,-0.055252,-0.29815,0.382107,-0.207415,0.043876,0.065767,0.00364,-0.516521,-0.476184,0.711655,0.525645,-0.83241,-0.175469,0.675945,0.283445,0.680261,0.003178,0.003948,0.02056,-0.069943,-0.257556,0.410317,-0.385,0.072447,0.055141,-0.031749,-0.50338,0.316707,-0.803931,-0.46835,-0.881881,-0.054159,-0.726124,0.349259,0.592251,0.000282,-0.005848,0.011174,-0.024221,0.21634,0.074974,-0.231238
2146,0.068764,0.06043,0.424879,-0.479878,0.273909,-0.833508,-0.491009,-0.871131,-0.003645,-0.726502,0.407165,0.553568,-0.008645,0.002295,0.015036,-0.012379,0.11137,0.020608,-0.065993,-0.093806,0.09511,0.377699,0.551165,0.488334,0.676564,-0.547316,0.823618,-0.148432,-0.630382,-0.289108,0.720345,-0.005802,0.01419,0.03136,-0.047072,-0.1462,0.195777,-0.205507,0.043956,0.066012,0.004351,-0.519055,-0.482504,0.705529,0.539782,-0.825047,-0.167125,0.662734,0.294085,0.688692,0.002174,0.008759,0.016153,-0.048558,-0.158657,0.2631,-0.384021,0.072379,0.055077,-0.031419,-0.503993,0.319956,-0.802258,-0.469418,-0.881164,-0.056529,-0.725008,0.348105,0.594294,0.000982,-0.000723,0.006428,-0.010276,0.102313,0.052156,-0.241036
2147,0.068621,0.060493,0.425178,-0.480243,0.273888,-0.833305,-0.491387,-0.87092,-0.003122,-0.726006,0.407631,0.553878,-0.008086,0.003731,0.015577,-0.033372,0.024041,-0.017705,-0.070096,-0.093825,0.095378,0.378292,0.549458,0.492321,0.675061,-0.555338,0.818845,-0.145002,-0.624823,-0.295843,0.722451,-0.004861,0.010956,0.02991,-0.064669,-0.038709,0.029026,-0.204718,0.043943,0.066155,0.004661,-0.517532,-0.486282,0.704052,0.547882,-0.820347,-0.163872,0.657256,0.300929,0.690981,-0.002389,0.005248,0.014861,-0.064878,-0.036134,0.032968,-0.383204,0.072306,0.055106,-0.031271,-0.504331,0.319877,-0.802077,-0.469789,-0.881002,-0.055959,-0.724533,0.348586,0.594591,-0.004038,0.00191,0.007807,-0.036564,0.010722,-0.023644,-0.246425
2148,0.068211,0.060725,0.425725,-0.476862,0.276929,-0.834241,-0.501846,-0.864941,-0.000323,-0.721072,0.418157,0.552473,-0.007356,0.012193,0.005372,-0.012913,-0.05151,-0.027028,-0.072881,-0.093969,0.0958,0.379273,0.549611,0.493484,0.674086,-0.563668,0.814589,-0.136589,-0.617174,-0.30552,0.724994,-0.005169,0.014897,0.018777,-0.055024,0.025143,0.095111,-0.203711,0.04387,0.066369,0.005152,-0.517696,-0.487218,0.703284,0.556548,-0.816096,-0.155689,0.649802,0.310812,0.69365,-0.002485,0.007039,0.009221,-0.045383,0.008242,0.084109,-0.381898,0.072102,0.055223,-0.030992,-0.500848,0.322789,-0.803092,-0.480361,-0.875508,-0.052318,-0.720002,0.359571,0.593552,-0.009718,0.002783,0.008518,-0.044587,0.008739,-0.091478,-0.250507
2149,0.067776,0.061115,0.426163,-0.474813,0.277211,-0.835315,-0.506938,-0.861963,0.002039,-0.718862,0.424072,0.550843,-0.01748,0.017106,0.007973,-0.022249,-0.071006,-0.071457,-0.085256,-0.094097,0.096079,0.380078,0.556291,0.49059,0.67071,-0.563857,0.815723,-0.128821,-0.610987,-0.307149,0.729532,-0.003872,0.010458,0.016866,-0.031484,-0.027127,0.027258,-0.204298,0.043809,0.066502,0.005547,-0.524629,-0.484476,0.700033,0.557061,-0.817166,-0.148061,0.643775,0.312284,0.698592,-0.001888,0.005016,0.008349,-0.010123,-0.128808,0.192879,-0.381735,0.071887,0.055413,-0.030775,-0.498862,0.323302,-0.804121,-0.485494,-0.872823,-0.049732,-0.717935,0.365587,0.59238,-0.003366,0.006882,0.002982,-0.022209,-0.092729,-0.045158,-0.257855
2150,0.067485,0.061412,0.426352,-0.476091,0.278102,-0.834291,-0.511692,-0.859135,0.005552,-0.714639,0.429193,0.55237,-0.016797,0.01879,0.008593,0.0003,0.004603,-0.007118,-0.086353,-0.094148,0.096211,0.380452,0.559655,0.489105,0.668994,-0.563854,0.816327,-0.12495,-0.607911,-0.307911,0.731777,-0.001395,-0.000908,0.024778,-0.066802,-0.023593,0.004916,-0.204257,0.043783,0.066569,0.00573,-0.528088,-0.48299,0.698457,0.557192,-0.817764,-0.144211,0.640826,0.313019,0.700971,-0.001841,0.004855,0.008265,-0.010125,-0.126587,0.193141,-0.381898,0.071741,0.055558,-0.030682,-0.500188,0.32409,-0.80298,-0.490238,-0.870378,-0.045916,-0.713777,0.370685,0.594234,-0.008696,0.008645,0.004024,0.004602,0.028004,-0.026016,-0.26161
2151,0.066858,0.062066,0.426675,-0.479601,0.274449,-0.83349,-0.515484,-0.856761,0.01444,-0.709549,0.43623,0.553417,-0.006659,0.013757,0.005909,-0.012882,0.003856,-0.023992,-0.080692,-0.094207,0.09649,0.381091,0.561273,0.490285,0.666771,-0.568294,0.81399,-0.119987,-0.602254,-0.312203,0.734631,-0.002825,0.006866,0.015318,-0.031104,-0.026732,0.026989,-0.203948,0.043754,0.066706,0.006053,-0.529773,-0.484203,0.696338,0.561862,-0.81538,-0.139517,0.635335,0.317334,0.704022,0.003872,0.004272,0.007799,-0.028006,-0.041506,0.056372,-0.381245,0.071425,0.055891,-0.030518,-0.503547,0.320186,-0.802446,-0.493894,-0.868745,-0.036713,-0.708877,0.377837,0.595593,-0.008695,0.00857,0.003989,-0.031749,0.066919,-0.081902,-0.262264
2152,0.066325,0.062566,0.42697,-0.48008,0.275777,-0.832776,-0.519568,-0.854252,0.016569,-0.70624,0.440291,0.554433,-0.007532,0.011451,0.005037,-0.036964,0.003693,0.021543,-0.079325,-0.094185,0.096605,0.381669,0.562681,0.489643,0.666056,-0.568396,0.814182,-0.118185,-0.600842,-0.312708,0.735571,0.008763,0.005067,0.014166,-0.031351,-0.026997,0.0317,-0.204024,0.04376,0.066765,0.006343,-0.531218,-0.483557,0.695686,0.562028,-0.81557,-0.137728,0.63398,0.317832,0.705018,0.000409,-0.004291,0.010809,-0.06641,-0.023638,0.005265,-0.381245,0.07116,0.056144,-0.03037,-0.504146,0.321637,-0.801489,-0.497958,-0.866513,-0.03451,-0.705601,0.38171,0.597012,-0.003904,0.005383,0.002402,-0.13364,0.087395,-0.101119,-0.260304
2153,0.066112,0.062735,0.427102,-0.48063,0.27543,-0.832573,-0.519387,-0.854351,0.017136,-0.705999,0.440316,0.55472,-0.020317,0.002937,0.016002,-0.035846,0.049516,-0.073961,-0.078136,-0.094129,0.096606,0.38194,0.562903,0.489643,0.665869,-0.568773,0.814006,-0.11758,-0.600278,-0.313166,0.735838,-0.000819,-3.8e-05,0.01251,-0.033395,-0.011795,0.002454,-0.204419,0.043791,0.066769,0.006479,-0.531472,-0.483538,0.695504,0.562412,-0.815406,-0.137129,0.633426,0.31828,0.705313,0.004772,0.001153,0.006525,-0.031039,-0.027062,0.031986,-0.381408,0.071059,0.056234,-0.030307,-0.50462,0.32132,-0.801318,-0.497803,-0.866622,-0.034021,-0.705372,0.381731,0.597268,-0.004044,0.005016,0.002263,0.000784,0.002967,-0.00345,-0.259814
2154,0.06581,0.062883,0.427323,-0.481281,0.275107,-0.832304,-0.519346,-0.854361,0.017852,-0.705585,0.440498,0.555101,0.000758,0.001918,0.000708,-0.0,-0.0,-0.0,-0.074479,-0.093891,0.096567,0.382487,0.565694,0.48866,0.664223,-0.569568,0.814014,-0.113607,-0.59689,-0.314677,0.737946,0.009771,0.001554,0.01275,-0.031345,-0.027017,0.031691,-0.204602,0.043904,0.066744,0.006747,-0.534314,-0.48258,0.693991,0.563391,-0.815377,-0.133225,0.630157,0.319805,0.707549,0.001002,-0.006323,0.009997,-0.067263,-0.007377,-0.020792,-0.381734,0.070901,0.056311,-0.03019,-0.505314,0.320921,-0.801041,-0.497724,-0.866697,-0.033249,-0.704931,0.381896,0.597685,-0.004956,0.002692,0.001398,-0.000721,0.014719,-0.029732,-0.257528
2155,0.065695,0.062791,0.427547,-0.480097,0.277865,-0.832072,-0.524688,-0.851078,0.018464,-0.702436,0.445093,0.55543,-0.001098,-0.00936,0.009867,-0.03387,0.020108,-0.014843,-0.072827,-0.093474,0.096584,0.383097,0.566093,0.490695,0.662381,-0.574893,0.810868,-0.109198,-0.591374,-0.319608,0.740264,0.009108,0.00377,0.013623,-0.04023,-0.025584,0.021732,-0.204257,0.044118,0.066747,0.007054,-0.534823,-0.484617,0.692177,0.568909,-0.812207,-0.129076,0.624744,0.324753,0.71009,0.004488,0.00208,0.006884,-0.06084,-0.021288,-0.001648,-0.381571,0.070843,0.056266,-0.030082,-0.504174,0.323696,-0.800642,-0.503127,-0.863607,-0.032327,-0.701905,0.386527,0.598268,-0.000591,-0.004779,0.004901,-0.033486,0.020036,-0.01501,-0.256385
2156,0.065702,0.062583,0.427737,-0.48172,0.279999,-0.830417,-0.525146,-0.850811,0.017696,-0.70098,0.444262,0.557929,-0.000196,-0.000496,-0.000183,0.000386,0.001523,0.000659,-0.070485,-0.092893,0.096517,0.383809,0.569454,0.48941,0.660447,-0.575602,0.810985,-0.104491,-0.587444,-0.321277,0.742667,0.009481,0.00245,0.013098,-0.03132,-0.027095,0.03165,-0.202783,0.044407,0.066717,0.007412,-0.538267,-0.483342,0.690397,0.569837,-0.812286,-0.124403,0.62093,0.326451,0.712653,0.011044,-0.002884,0.010987,-0.064449,-0.039197,0.038592,-0.380918,0.070846,0.056161,-0.029987,-0.505885,0.325764,-0.798722,-0.503602,-0.863299,-0.033137,-0.700332,0.385474,0.600786,-0.00018,-0.000446,-0.000165,-0.00334,-0.012963,-0.005561,-0.254426
2157,0.065722,0.062485,0.427819,-0.48184,0.280021,-0.83034,-0.525337,-0.85069,0.017901,-0.700756,0.444481,0.558037,-3e-06,-9e-06,-3e-06,7e-06,2.6e-05,1.1e-05,-0.069804,-0.092597,0.096465,0.384162,0.570168,0.489118,0.660048,-0.57584,0.810963,-0.103351,-0.586518,-0.321778,0.743181,0.022082,-0.005681,0.022038,-0.064863,-0.039504,0.038611,-0.201419,0.044559,0.066691,0.007593,-0.539025,-0.483037,0.690018,0.570124,-0.812261,-0.123245,0.620007,0.326965,0.713221,0.01104,-0.002871,0.010998,-0.064673,-0.039487,0.038692,-0.380265,0.070855,0.056106,-0.029944,-0.505962,0.325682,-0.798707,-0.503796,-0.863198,-0.032836,-0.700136,0.385771,0.600823,-0.000637,-0.004903,0.004854,-0.034283,0.017882,-0.015923,-0.253936
2158,0.06577,0.062319,0.427962,-0.482013,0.280087,-0.830217,-0.525688,-0.850466,0.018226,-0.700373,0.444867,0.55821,4.5e-05,0.000115,4.2e-05,0.0,0.0,0.0,-0.069617,-0.091936,0.096372,0.38488,0.571758,0.488422,0.659187,-0.576215,0.811,-0.100943,-0.584598,-0.322741,0.744276,0.019691,0.005233,0.013828,-0.029252,-0.042374,0.060857,-0.191144,0.044874,0.066644,0.007938,-0.540576,-0.482384,0.689261,0.570601,-0.812269,-0.120958,0.618215,0.327907,0.714343,0.0059,-0.004194,0.010668,-0.066757,-0.02447,0.009355,-0.375529,0.070878,0.056022,-0.029872,-0.506127,0.325715,-0.798588,-0.504138,-0.863011,-0.032479,-0.69977,0.386161,0.600999,1.8e-05,4.6e-05,1.5e-05,0.000123,-1.3e-05,-0.000121,-0.253283
