frame,MLTx,MLTy,MLTz,MLTR1,MLTR2,MLTR3,MLTR4,MLTR5,MLTR6,MLTR7,MLTR8,MLTR9,MLTTVx,MLTTVy,MLTTVz,MLTRVx,MLTRVy,MLTRVz,MLGA,MRTx,MRTy,MRTz,MRTR1,MRTR2,MRTR3,MRTR4,MRTR5,MRTR6,MRTR7,MRTR8,MRTR9,MRTTVx,MRTTVy,MRTTVz,MRTRVx,MRTRVy,MRTRVz,MRGA,SLTx,SLTy,SLTz,SLTR1,SLTR2,SLTR3,SLTR4,SLTR5,SLTR6,SLTR7,SLTR8,SLTR9,SLTTVx,SLTTVy,SLTTVz,SLTRVx,SLTRVy,SLTRVz,SLGA,SRTx,SRTy,SRTz,SRTR1,SRTR2,SRTR3,SRTR4,SRTR5,SRTR6,SRTR7,SRTR8,SRTR9,SRTTVx,SRTTVy,SRTTVz,SRTRVx,SRTRVy,SRTRVz,SRGA
554,0.09129,-0.020536,0.303915,-0.262526,-0.257234,-0.93003,-0.375156,-0.860783,0.343922,-0.888703,0.43951,0.130636,2.5e-05,7.9e-05,9.6e-05,0.0,0.0,0.0,0.080402,-0.19342,-0.00528,0.269017,-0.67236,0.684892,0.280799,-0.424972,-0.667628,0.611234,0.606938,0.290772,0.739555,2.3e-05,0.000257,0.000338,-1e-05,-3.9e-05,3.6e-05,-0.605814,0.024917,0.054485,-0.026654,0.597984,-0.719284,0.353615,0.440786,0.663603,0.604432,-0.669419,-0.205572,0.713875,1.4e-05,0.000152,0.000202,0.001046,0.003978,-0.003905,-0.800412,0.047039,0.043633,-0.05564,0.254437,0.194177,-0.947394,0.37813,0.881673,0.282259,0.8901,-0.430056,0.150906,-7e-06,-2e-05,-2.6e-05,-0.001151,0.0006,0.000171,-0.117098
555,0.091291,-0.020559,0.303953,-0.262676,-0.257304,-0.929969,-0.375213,-0.860702,0.344063,-0.888634,0.439629,0.130702,0.000223,0.000699,0.000852,0.0,0.0,0.0,0.082794,-0.193454,-0.005271,0.269014,-0.672368,0.684863,0.28085,-0.424949,-0.667671,0.611202,0.606944,0.290741,0.739562,-0.014968,-3.8e-05,0.001029,-0.002045,0.015205,-0.029245,-0.606285,0.0249,0.05449,-0.026655,0.597984,-0.719239,0.353707,0.440755,0.663671,0.60438,-0.669439,-0.205511,0.713873,-0.007483,-1.8e-05,0.000517,-0.001906,0.015728,-0.029762,-0.799922,0.047039,0.04362,-0.055624,0.254593,0.194244,-0.947338,0.378208,0.881592,0.282405,0.890022,-0.43019,0.150983,0.000134,0.000424,0.000515,-0.000996,0.000319,0.000167,-0.114159
556,0.091273,-0.02059,0.303947,-0.260378,-0.255742,-0.931045,-0.376107,-0.861254,0.341697,-0.888935,0.439456,0.129227,-0.000113,-0.000353,-0.00043,-0.0,-2e-06,4e-06,0.067724,-0.193404,-0.005246,0.269077,-0.672357,0.684907,0.28077,-0.424976,-0.667601,0.61126,0.606938,0.290799,0.739545,8.4e-05,0.000953,0.001253,0.0,0.0,0.0,-0.599977,0.024924,0.054502,-0.026624,0.597973,-0.719284,0.353635,0.440771,0.663606,0.60444,-0.669438,-0.205567,0.713858,5.3e-05,0.000601,0.00079,-2e-06,9e-06,-1.4e-05,-0.798452,0.04703,0.043605,-0.055626,0.252255,0.19258,-0.948303,0.379122,0.881979,0.27996,0.890299,-0.430144,0.149472,-7.7e-05,-0.000238,-0.000289,-0.000568,0.002929,-0.004372,-0.118731
557,0.091281,-0.02056,0.303967,-0.257071,-0.250125,-0.933487,-0.377417,-0.86324,0.335182,-0.889346,0.438785,0.128677,0.000489,0.001535,0.00187,0.013233,0.035758,0.021877,0.039548,-0.193333,-0.005232,0.269125,-0.672339,0.684957,0.280687,-0.42501,-0.667525,0.61132,0.606933,0.290855,0.739526,5e-06,5.5e-05,7.3e-05,0.0,0.0,0.0,-0.569691,0.02496,0.054511,-0.026597,0.597957,-0.719337,0.353554,0.440794,0.663531,0.604505,-0.669437,-0.205624,0.713843,-1e-06,-1.3e-05,-1.9e-05,3e-06,-2e-06,4e-06,-0.776898,0.047033,0.043616,-0.055621,0.249105,0.186536,-0.950342,0.38034,0.883595,0.27313,0.890666,-0.429491,0.149161,0.007775,-0.00035,0.000251,0.006306,-0.01092,0.058229,-0.151716
558,0.091326,-0.020516,0.303991,-0.254354,-0.248309,-0.934715,-0.378299,-0.863932,0.332391,-0.889755,0.438451,0.126976,0.015617,-0.000487,0.000763,0.001491,-0.029324,0.054399,0.024826,-0.193312,-0.005242,0.269109,-0.672329,0.684911,0.280823,-0.424931,-0.667597,0.611295,0.606999,0.290796,0.739495,-4.5e-05,-0.000506,-0.000665,0.0,0.0,0.0,-0.558891,0.024971,0.054506,-0.026605,0.597943,-0.719283,0.353687,0.440724,0.663608,0.604472,-0.669496,-0.205562,0.713805,-2.7e-05,-0.000307,-0.000404,-3e-06,1e-06,-0.0,-0.764324,0.04705,0.043639,-0.055608,0.2463,0.18487,-0.951397,0.381231,0.884028,0.270473,0.891065,-0.42932,0.147258,0.000196,0.000618,0.000753,-0.003253,-0.005542,-0.008257,-0.169678
559,0.09147,-0.020471,0.304056,-0.253478,-0.247719,-0.93511,-0.378531,-0.86418,0.33148,-0.889908,0.438294,0.126448,0.000608,0.001912,0.002326,0.0,0.0,0.0,0.003237,-0.193268,-0.005206,0.269085,-0.676364,0.680931,0.280814,-0.421047,-0.670121,0.611221,0.605223,0.294312,0.73956,-7.9e-05,-0.000895,-0.001176,-0.0,-0.0,-0.0,-0.513842,0.024992,0.054525,-0.026616,0.602288,-0.715623,0.35374,0.437055,0.666422,0.60404,-0.668005,-0.209202,0.714144,-4.8e-05,-0.000534,-0.000703,-0.001816,0.017485,-0.02281,-0.735749,0.047128,0.043662,-0.055574,0.245367,0.184321,-0.951745,0.38148,0.884191,0.269587,0.891216,-0.42922,0.146636,0.00032,0.00101,0.001224,-0.000292,-6.5e-05,-8.7e-05,-0.204622
560,0.091609,-0.020376,0.304197,-0.253308,-0.24758,-0.935192,-0.378601,-0.864224,0.331285,-0.889926,0.438285,0.126348,0.001251,0.003937,0.004782,0.000315,-0.015132,0.024526,-0.065485,-0.193208,-0.005215,0.268984,-0.684357,0.672783,0.281087,-0.413003,-0.675242,0.611073,0.601777,0.301253,0.739578,-0.000176,-0.001997,-0.002626,-0.041943,-0.091182,-0.110357,-0.378879,0.025023,0.054521,-0.026665,0.610783,-0.708195,0.354121,0.429556,0.672071,0.60316,-0.66515,-0.216285,0.714699,-0.000106,-0.001216,-0.001601,-0.140624,-0.289653,-0.395595,-0.649368,0.047196,0.043706,-0.055507,0.245215,0.184188,-0.95181,0.381552,0.884216,0.269407,0.891228,-0.429228,0.146545,0.000559,0.001764,0.002139,-0.000163,3.7e-05,1.2e-05,-0.238913
561,0.092189,-0.02032,0.30428,-0.249576,-0.244994,-0.936875,-0.379741,-0.865219,0.327359,-0.890499,0.437771,0.124073,0.015837,0.000287,0.001674,-0.051133,-0.447873,0.768089,-0.301064,-0.193047,-0.005163,0.268699,-0.707786,0.648043,0.281196,-0.389025,-0.689692,0.61067,0.590564,0.322012,0.739869,-0.000383,-0.004379,-0.005768,-0.005402,0.009136,-0.032898,-0.134786,0.025103,0.05455,-0.026805,0.636231,-0.685229,0.354498,0.406735,0.688366,0.600598,-0.655572,-0.237932,0.716667,-0.000446,0.00387,-0.006261,0.021641,-0.039854,-0.016127,-0.452603,0.047471,0.043741,-0.05546,0.24383,0.183157,-0.952365,0.381862,0.884545,0.26788,0.891474,-0.42899,0.145737,0.007843,-8.8e-05,0.000547,0.000882,-0.014696,0.029584,-0.364974
562,0.092546,-0.020352,0.304272,-0.248925,-0.244494,-0.937179,-0.379913,-0.865421,0.326626,-0.890609,0.437652,0.123707,0.03047,-0.003218,-0.001267,0.002288,-0.044563,0.083631,-0.390289,-0.192973,-0.005113,0.268451,-0.715857,0.638501,0.282589,-0.376754,-0.693822,0.613678,0.588796,0.332032,0.736843,-0.001086,0.005564,-0.015377,-0.298509,-0.101526,-0.208056,-0.026845,0.02514,0.054574,-0.026929,0.645409,-0.675865,0.355884,0.394512,0.693916,0.602362,-0.654069,-0.248369,0.714496,-0.000553,0.002625,-0.007906,-0.357034,-0.074733,-0.196209,-0.332094,0.047655,0.043726,-0.055462,0.24084,0.180999,-0.953538,0.382824,0.885088,0.264697,0.891875,-0.428787,0.143874,0.007584,-0.000913,-0.000462,0.000942,-0.013832,0.028156,-0.443679
563,0.093009,-0.020323,0.304392,-0.248997,-0.237637,-0.938922,-0.380166,-0.867649,0.32036,-0.890481,0.437007,0.126872,0.001428,0.004567,0.005527,0.011306,0.031174,0.019072,-0.476406,-0.193013,-0.00508,0.267864,-0.730619,0.618076,0.290119,-0.35024,-0.703875,0.61792,0.587043,0.349072,0.730338,-0.001222,0.004027,-0.01744,-0.144811,0.069421,0.302171,0.120314,0.02512,0.054589,-0.027226,0.66109,-0.656391,0.363469,0.368388,0.705975,0.604887,-0.653643,-0.265987,0.70852,-0.000614,0.001913,-0.008858,-0.147902,0.073461,0.310366,-0.123899,0.047896,0.04373,-0.055413,0.241116,0.173652,-0.954833,0.382964,0.886997,0.258021,0.89174,-0.427879,0.147367,0.000821,0.002627,0.003171,0.002423,-0.008844,0.027806,-0.553247
564,0.093172,-0.019952,0.304748,-0.255602,-0.225114,-0.940232,-0.378347,-0.871663,0.311495,-0.889376,0.435628,0.138801,0.003062,0.009814,0.01183,0.09527,0.248179,0.185688,-0.558899,-0.193149,-0.005345,0.267349,-0.768412,0.565827,0.298954,-0.292829,-0.726122,0.622038,0.570003,0.389724,0.723239,-0.000826,-0.009346,-0.012425,-0.579274,-0.932627,-1.155858,0.175158,0.025052,0.054459,-0.027479,0.700876,-0.608449,0.372239,0.314093,0.731816,0.604806,-0.640404,-0.306976,0.704022,-0.000411,-0.005001,-0.006531,-1.704297,-3.458087,-3.809321,0.002325,0.047976,0.043913,-0.055239,0.247523,0.161351,-0.955352,0.381117,0.890332,0.249114,0.890776,-0.425763,0.158883,0.001652,0.005307,0.006396,0.118133,0.295515,0.248477,-0.610726
565,0.09323,-0.019795,0.305017,-0.260717,-0.214913,-0.941214,-0.377238,-0.874725,0.30417,-0.888356,0.434627,0.148157,0.003204,0.01028,0.012362,0.179789,0.358751,0.52025,-0.630277,-0.193201,-0.005523,0.267081,-0.78208,0.546851,0.298824,-0.272243,-0.731019,0.625643,0.561556,0.407258,0.72018,-0.00088,-0.009926,-0.013228,-0.211458,-0.339976,-0.162093,0.19898,0.025026,0.05437,-0.027614,0.71674,-0.589736,0.372147,0.29287,0.73889,0.606851,-0.632858,-0.325964,0.702308,-0.000461,-0.005275,-0.00703,-0.526934,-0.951343,-1.193639,0.036942,0.048006,0.043993,-0.055102,0.25226,0.151941,-0.955655,0.380035,0.892686,0.242246,0.889908,-0.424292,0.167447,0.001513,0.004857,0.005841,0.251929,0.68631,0.453737,-0.653018
566,0.093308,-0.019628,0.305539,-0.283819,-0.191373,-0.939611,-0.382805,-0.8758,0.29395,-0.878818,0.44335,0.176483,0.002403,0.007722,0.00925,0.296704,1.140884,-0.007556,-0.726774,-0.193428,-0.005755,0.266389,-0.800378,0.518742,0.300486,-0.238945,-0.735599,0.633824,0.550829,0.434842,0.712294,-0.016599,0.00016,-0.021658,-0.196813,0.258843,0.123079,0.282809,0.024919,0.054251,-0.027956,0.737986,-0.562146,0.37332,0.259312,0.74698,0.612191,-0.623003,-0.354982,0.697032,-0.000772,0.000205,-0.011214,-0.290533,0.272916,0.202497,0.127242,0.048047,0.044084,-0.054832,0.274205,0.128924,-0.952989,0.385834,0.892967,0.23182,0.880875,-0.431263,0.195113,0.001196,0.003846,0.00461,0.142394,1.653835,-1.948913,-0.739236
567,0.093314,-0.01941,0.305875,-0.330765,-0.165804,-0.929059,-0.403558,-0.865049,0.297999,-0.852685,0.473699,0.220376,0.001719,0.005527,0.006602,-0.298674,2.260344,-1.656962,-0.742151,-0.193931,-0.005642,0.265503,-0.823949,0.4803,0.300686,-0.197813,-0.740889,0.641785,0.532054,0.468708,0.705049,-0.016521,0.001306,-0.020206,-1.137881,-2.676458,0.983984,0.368274,0.024667,0.054303,-0.028404,0.763032,-0.525865,0.375829,0.21831,0.756958,0.615918,-0.608377,-0.387918,0.692385,-0.008527,0.006249,-0.013958,-2.106929,-3.097291,-3.595808,0.246281,0.048051,0.044195,-0.054661,0.320405,0.102094,-0.941762,0.406527,0.883151,0.234049,0.855613,-0.457843,0.241462,0.000761,0.002446,0.002934,-1.229954,1.475787,0.937519,-0.782344
568,0.093332,-0.019388,0.305998,-0.37686,-0.13633,-0.916208,-0.414637,-0.859652,0.298408,-0.827839,0.492517,0.268585,-0.001145,-0.011876,0.00727,-0.201875,1.752795,-0.114738,-0.740619,-0.194931,-0.005057,0.26449,-0.842037,0.451759,0.294751,-0.169532,-0.740218,0.650592,0.513144,0.497278,0.699472,-0.032448,0.026534,-0.031314,-0.478117,-0.963037,-1.138,0.414075,0.02416,0.054595,-0.02892,0.784178,-0.500277,0.367133,0.190189,0.756933,0.625204,-0.590671,-0.420446,0.688717,-0.016206,0.013367,-0.015494,-0.39718,-0.999821,-1.174052,0.333315,0.048063,0.044214,-0.05459,0.368345,0.075183,-0.926643,0.417356,0.877272,0.237078,0.830743,-0.474067,0.291761,-0.000665,-0.006229,0.003287,-0.250618,1.712722,-0.226452,-0.793611
569,0.093322,-0.019526,0.306011,-0.390677,-0.116542,-0.913145,-0.428132,-0.85514,0.292252,-0.814447,0.505264,0.285328,-0.000901,-0.002898,-0.003461,0.060807,0.73096,0.229228,-0.73476,-0.195517,-0.004733,0.264049,-0.852467,0.433073,0.292812,-0.150914,-0.739962,0.65545,0.501594,0.514009,0.695746,-0.031802,0.016063,-0.022413,-0.612567,-0.879255,-1.047676,0.433434,0.023879,0.05475,-0.029133,0.795936,-0.483042,0.364903,0.17219,0.758512,0.628497,-0.580375,-0.437411,0.686902,-0.015902,0.007936,-0.011171,-1.793699,-3.514466,-3.566653,0.363034,0.048058,0.044146,-0.054583,0.383063,0.053949,-0.922144,0.430751,0.872672,0.229991,0.817138,-0.485316,0.31105,-0.001061,-0.007517,0.001749,-0.271936,0.943094,0.338231,-0.792958
570,0.09366,-0.020078,0.305711,-0.418454,-0.068259,-0.905694,-0.464957,-0.840501,0.278109,-0.779706,0.537566,0.321104,0.011514,-0.013477,-0.014889,0.212154,0.855514,0.266492,-0.687647,-0.196785,-0.004193,0.263251,-0.867668,0.402641,0.291589,-0.120362,-0.739052,0.662759,0.483439,0.539444,0.689312,-0.03185,0.015531,-0.023226,-0.306213,0.260968,0.133633,0.465926,0.023246,0.055024,-0.029527,0.814883,-0.45181,0.363088,0.140018,0.761307,0.633092,-0.562459,-0.465057,0.683638,-0.023435,0.007661,-0.011238,-0.603279,0.177638,-0.07729,0.41545,0.048223,0.043878,-0.054724,0.410287,0.007215,-0.911927,0.467704,0.856782,0.217204,0.78289,-0.515628,0.348152,0.005752,-0.006791,-0.007511,0.207209,1.09524,0.461315,-0.77075
571,0.093873,-0.020594,0.305184,-0.441794,-0.007703,-0.897109,-0.52515,-0.808516,0.265501,-0.726829,0.58842,0.354272,-0.003114,-0.010064,-0.012119,-1.155181,1.519652,0.981279,-0.687542,-0.198158,-0.003825,0.262414,-0.87832,0.375865,0.295417,-0.090855,-0.737737,0.668898,0.470454,0.560186,0.68171,-0.032014,0.014085,-0.025312,-0.206838,0.275888,0.123796,0.482939,0.022559,0.05521,-0.029943,0.827151,-0.426145,0.366362,0.110174,0.762227,0.637864,-0.551074,-0.487246,0.677427,-0.015739,0.001327,-0.008823,-0.387883,0.281459,0.118693,0.448108,0.048332,0.043607,-0.055002,0.433073,-0.050419,-0.899947,0.526486,0.824558,0.207161,0.731614,-0.563525,0.383638,-0.001704,-0.005483,-0.006539,-4.817021,2.125235,2.087318,-0.757687
572,0.093853,-0.020781,0.304882,-0.450276,0.024688,-0.892573,-0.56103,-0.785476,0.261237,-0.694092,0.618355,0.368646,-0.002414,0.000428,-0.021083,-1.268346,1.05511,0.753177,-0.67522,-0.198834,-0.003658,0.261987,-0.88602,0.355612,0.29749,-0.069843,-0.736504,0.672769,0.459456,0.574854,0.676984,-0.031568,0.00229,-0.018235,-1.865725,-3.409593,-3.612927,0.490376,0.022233,0.055291,-0.030151,0.833861,-0.411391,0.368012,0.093174,0.762059,0.640768,-0.544053,-0.500023,0.673782,-0.01576,0.001233,-0.00898,-0.408282,0.400475,0.230893,0.459538,0.048323,0.043514,-0.055144,0.442241,-0.08241,-0.893101,0.55922,0.803846,0.202737,0.701209,-0.589099,0.401579,-0.001664,-0.005416,-0.006552,0.163695,0.940483,0.337682,-0.754585
573,0.093831,-0.020963,0.304149,-0.461228,0.0566,-0.8855,-0.585343,-0.769409,0.255646,-0.666275,0.636159,0.389109,-0.002828,-0.000889,-0.022747,0.005408,0.432444,0.024991,-0.617778,-0.199995,-0.003247,0.261117,-0.896989,0.329466,0.294709,-0.045154,-0.731304,0.680506,0.440848,0.596677,0.670442,-0.032004,0.014392,-0.02506,-0.333948,-0.05408,-0.158482,0.504229,0.02164,0.055497,-0.030594,0.849249,-0.381873,0.364621,0.063926,0.759867,0.646927,-0.524108,-0.526093,0.669728,-0.016017,0.00691,-0.012904,-0.790506,-0.761096,-0.914496,0.479786,0.04831,0.04342,-0.055514,0.453358,-0.116873,-0.883632,0.58804,0.784228,0.197976,0.669831,-0.609365,0.424262,-0.001334,-0.00022,-0.011105,-0.289755,0.560894,0.182189,-0.724213
574,0.093806,-0.021104,0.303431,-0.463965,0.089796,-0.881316,-0.630992,-0.731767,0.257564,-0.621219,0.67549,0.397275,-0.003006,-0.009681,-0.011806,-5.002941,1.589315,2.066186,-0.608835,-0.200991,-0.002832,0.260185,-0.902635,0.319613,0.288251,-0.036404,-0.723824,0.688976,0.429979,0.610989,0.664585,-0.016973,0.014355,-0.026128,-0.140717,0.107171,0.327559,0.513742,0.021137,0.055704,-0.03106,0.856063,-0.37259,0.358234,0.05371,0.753456,0.6553,-0.514072,-0.541737,0.665018,-0.008501,0.006922,-0.013404,-0.238669,0.306045,0.185418,0.496932,0.048296,0.043348,-0.055883,0.456601,-0.147028,-0.877437,0.629414,0.750412,0.201792,0.62877,-0.64441,0.43518,-0.00108,0.000609,-0.010131,-0.420983,0.114035,0.150845,-0.701025
575,0.093783,-0.021179,0.302742,-0.465332,0.128579,-0.875773,-0.685293,-0.678541,0.26444,-0.559675,0.723052,0.404954,-0.002229,0.001075,-0.020474,-4.895086,1.719084,1.881294,-0.605281,-0.201784,-0.002661,0.259268,-0.907599,0.303439,0.290138,-0.017939,-0.718275,0.695481,0.420571,0.625622,0.656948,-0.016934,-0.000406,-0.023215,-0.440419,0.381041,0.225511,0.525639,0.020734,0.055799,-0.031523,0.862639,-0.355828,0.359498,0.034505,0.750467,0.660006,-0.50464,-0.556943,0.65966,-0.008463,-0.000297,-0.011728,-0.385892,0.360527,0.210641,0.510975,0.048286,0.043309,-0.056221,0.457948,-0.185266,-0.869459,0.684226,0.697871,0.211681,0.567553,-0.691846,0.446352,0.006318,-0.000946,-0.011405,-0.282915,0.542797,-0.681937,-0.695963
576,0.093877,-0.021167,0.302327,-0.46537,0.138995,-0.874161,-0.699693,-0.662628,0.267069,-0.54155,0.735755,0.406712,0.012896,-0.001001,-0.021727,0.020552,0.107188,-0.168808,-0.603306,-0.202126,-0.002687,0.258808,-0.909347,0.296845,0.291482,-0.010125,-0.716,0.697979,0.417031,0.631371,0.653696,-0.016992,-0.000711,-0.023705,-0.323843,0.395315,0.246768,0.530726,0.020563,0.055784,-0.031755,0.864651,-0.3497,0.360675,0.026451,0.74864,0.662448,-0.501674,-0.563246,0.656563,-0.008489,-0.000417,-0.011927,-0.459642,0.448558,0.283208,0.514567,0.048332,0.043315,-0.056437,0.457565,-0.198081,-0.866831,0.702531,0.678118,0.21588,0.545053,-0.707756,0.449442,0.006484,-0.000421,-0.010777,0.02798,0.096691,-0.165146,-0.69433
577,0.094377,-0.021086,0.30167,-0.471271,0.17334,-0.864813,-0.742248,-0.607582,0.282637,-0.475874,0.774887,0.416078,0.014143,0.003002,-0.016842,-1.406512,0.465067,0.694521,-0.592067,-0.202602,-0.002902,0.257982,-0.911765,0.286921,0.293858,0.001866,-0.712381,0.701744,0.411825,0.640003,0.648583,-0.016898,0.000375,-0.022304,-0.102858,0.161041,0.085681,0.532641,0.020331,0.055673,-0.032164,0.867319,-0.340818,0.362765,0.014289,0.745557,0.666287,-0.497546,-0.5727,0.651506,-0.000774,-0.0064,-0.008987,-0.187811,0.213917,0.105058,0.51669,0.04857,0.04335,-0.056757,0.464609,-0.228933,-0.85541,0.74156,0.628547,0.234555,0.483968,-0.743315,0.461796,0.007232,0.001993,-0.007834,-0.048489,0.136876,-0.16363,-0.687962
578,0.095034,-0.020958,0.300888,-0.479651,0.197883,-0.854881,-0.766322,-0.569043,0.298182,-0.42687,0.797891,0.425652,0.028215,-0.002518,-0.022378,0.033833,0.088342,-0.14279,-0.587541,-0.202842,-0.00334,0.257304,-0.910435,0.288746,0.296184,0.002896,-0.711356,0.702779,0.414757,0.640319,0.646399,-0.001537,-0.012346,-0.017458,-0.003736,0.036466,-0.044493,0.534422,0.020205,0.055456,-0.03251,0.865494,-0.342925,0.365131,0.013436,0.744555,0.667424,-0.500736,-0.572747,0.649016,-0.000757,-0.006168,-0.008716,0.007612,0.029286,-0.050296,0.51767,0.048901,0.043425,-0.057143,0.471838,-0.25556,-0.843834,0.76939,0.586749,0.252511,0.430587,-0.768383,0.473477,0.007198,0.006012,-0.013835,0.076522,0.060219,-0.124745,-0.68192
579,0.095285,-0.020811,0.300419,-0.489479,0.200423,-0.848697,-0.764903,-0.566029,0.30742,-0.418171,0.799396,0.431424,0.014517,0.012497,-0.02707,-0.472837,1.654537,-2.329613,-0.591279,-0.202902,-0.003561,0.25701,-0.910142,0.288549,0.297273,0.003756,-0.711562,0.702566,0.415393,0.640179,0.646129,-0.001288,-0.01031,-0.014619,-0.001505,0.017848,-0.022575,0.534672,0.020175,0.055346,-0.032656,0.865205,-0.342556,0.366163,0.012601,0.744878,0.667081,-0.50126,-0.572547,0.648789,-0.000662,-0.005381,-0.007627,-0.002407,0.032574,-0.047978,0.51816,0.04903,0.043489,-0.057381,0.479196,-0.257723,-0.839016,0.7689,0.584258,0.259682,0.423276,-0.769558,0.478138,0.006826,0.000655,-0.009508,0.04005,0.080779,-0.142995,-0.68241
580,0.095699,-0.020392,0.299755,-0.515472,0.226677,-0.826408,-0.773064,-0.53908,0.334269,-0.369095,0.81089,0.45415,0.015424,0.007203,-0.011707,-4.676255,2.30072,2.13771,-0.590228,-0.202945,-0.003855,0.256504,-0.909711,0.288273,0.298856,0.00493,-0.711969,0.702147,0.416325,0.639851,0.645854,-0.000925,-0.007379,-0.010511,-0.001494,0.017839,-0.022582,0.534683,0.020153,0.055193,-0.032917,0.864743,-0.342051,0.36772,0.01139,0.74537,0.666552,-0.502083,-0.572209,0.648451,-0.000436,-0.003548,-0.005051,-0.002394,0.016178,-0.024182,0.518976,0.049241,0.043696,-0.057731,0.508538,-0.281636,-0.813676,0.775259,0.560944,0.29037,0.374648,-0.778474,0.503602,0.007814,0.003764,-0.005584,-4.69004,2.271643,2.127562,-0.68339
581,0.096329,-0.020058,0.299267,-0.534851,0.270586,-0.800477,-0.790355,-0.495245,0.360614,-0.298196,0.825199,0.479742,0.000359,0.009482,-0.010193,0.077198,0.416407,-0.415464,-0.574594,-0.203019,-0.004011,0.256014,-0.90833,0.290135,0.301245,0.005862,-0.711145,0.702973,0.419324,0.639923,0.643839,-0.00099,-0.007859,-0.011238,-0.249171,0.283303,0.203975,0.535542,0.020116,0.05512,-0.033155,0.863637,-0.342357,0.370031,0.009925,0.745427,0.666513,-0.504016,-0.571952,0.647176,-0.00049,-0.003928,-0.005614,-0.397566,0.34034,0.245065,0.51914,0.049557,0.043865,-0.057965,0.527217,-0.324738,-0.78523,0.794007,0.517402,0.319134,0.302645,-0.791731,0.530628,0.007643,0.003386,-0.006142,0.075206,0.396518,-0.366174,-0.676205
582,0.096778,-0.019671,0.298861,-0.551219,0.284628,-0.78434,-0.783692,-0.499252,0.369523,-0.285728,0.818014,0.499238,0.016259,0.010052,-0.008197,0.183181,0.492587,-0.095257,-0.595597,-0.203165,-0.004093,0.255469,-0.907939,0.289807,0.302737,0.006799,-0.711867,0.702233,0.420157,0.639269,0.643945,-0.000883,-0.006969,-0.010005,-0.001536,0.017911,-0.022523,0.53555,0.020044,0.055078,-0.03342,0.862663,-0.343189,0.371527,0.009452,0.745377,0.666576,-0.505689,-0.571519,0.646253,-0.000435,-0.003495,-0.005016,0.001146,0.015736,-0.024308,0.51914,0.049775,0.044055,-0.058173,0.543973,-0.336553,-0.768651,0.787151,0.521988,0.328513,0.290665,-0.783747,0.548865,0.000726,0.006523,-0.002895,0.279223,0.760288,-0.21101,-0.681594
583,0.097021,-0.019437,0.298708,-0.557691,0.300413,-0.773807,-0.786396,-0.489603,0.376618,-0.26503,0.818182,0.510259,0.01647,0.010787,-0.007291,-0.150743,1.054457,-0.852455,-0.599045,-0.20324,-0.004122,0.25525,-0.907062,0.291986,0.303269,0.006356,-0.710585,0.703536,0.422057,0.639702,0.642272,-0.000809,-0.006364,-0.009152,-0.080661,0.103045,0.050228,0.535502,0.020006,0.055065,-0.033536,0.861713,-0.344943,0.372107,0.009476,0.74418,0.66791,-0.507305,-0.572022,0.644539,-0.000565,0.002942,-0.007813,-0.069133,0.108754,0.082896,0.519303,0.049896,0.044172,-0.058249,0.549718,-0.352106,-0.757515,0.790308,0.512963,0.335082,0.270593,-0.782872,0.560258,0.008566,0.010612,-0.008159,-0.771424,2.294307,-1.967416,-0.686493
584,0.09751,-0.019072,0.29818,-0.554733,0.34896,-0.755343,-0.807249,-0.4457,0.386874,-0.20097,0.823928,0.529887,-0.000575,0.006404,-0.014008,0.102055,0.349168,-0.258,-0.617935,-0.203464,-0.004144,0.254868,-0.906758,0.291678,0.304472,0.007132,-0.711187,0.702919,0.422698,0.639173,0.642376,-0.015733,-0.004325,-0.005382,-0.002061,0.015223,-0.02923,0.535572,0.019894,0.055051,-0.033732,0.861242,-0.344836,0.373295,0.009004,0.744791,0.667236,-0.508114,-0.57129,0.644551,-0.007855,-0.002125,-0.002632,-0.000771,0.013727,-0.030528,0.519793,0.050151,0.044371,-0.058501,0.547682,-0.400068,-0.734839,0.810975,0.469883,0.348608,0.205822,-0.786863,0.581792,-0.000347,0.00299,-0.007274,0.083488,0.309141,-0.265665,-0.696453
585,0.097508,-0.018701,0.297325,-0.567146,0.362635,-0.739518,-0.802835,-0.443919,0.39795,-0.183277,0.818955,0.543829,-0.000946,0.013501,-0.02719,0.070742,0.100028,-0.159596,-0.631526,-0.203742,-0.004157,0.254537,-0.906488,0.291367,0.305575,0.007866,-0.711738,0.702354,0.423267,0.638702,0.64247,-0.016039,0.008182,-0.01151,0.03263,0.018101,-0.036317,0.535141,0.019755,0.055045,-0.033896,0.860951,-0.344405,0.374363,0.008323,0.745378,0.666589,-0.508619,-0.570784,0.644601,-0.008003,0.004176,-0.005627,0.032307,0.017489,-0.036908,0.519793,0.050149,0.044556,-0.058929,0.560197,-0.412578,-0.718301,0.806687,0.468764,0.359881,0.188235,-0.78105,0.595422,-0.000535,0.006508,-0.013899,0.052498,0.064263,-0.169445,-0.710823
586,0.097517,-0.018511,0.296822,-0.578094,0.364217,-0.730204,-0.796251,-0.447432,0.407137,-0.177718,0.816337,0.54958,-0.001172,0.012759,-0.028137,0.062103,0.100399,-0.177276,-0.631461,-0.203899,-0.004156,0.25442,-0.906301,0.291173,0.306312,0.008402,-0.712019,0.702063,0.423657,0.638478,0.642437,-0.015535,-0.002669,-0.003018,-0.012263,0.138705,-0.184795,0.535027,0.019682,0.055045,-0.033955,0.860795,-0.344191,0.374918,0.007941,0.745642,0.666298,-0.508889,-0.570569,0.644579,-0.000203,-0.001607,-0.00232,-0.001771,0.017377,-0.023012,0.520119,0.050153,0.044645,-0.059172,0.571232,-0.413292,-0.709142,0.800187,0.472766,0.36904,0.182737,-0.778255,0.60077,-0.000685,0.006001,-0.014537,0.049242,0.242055,-0.4073,-0.713762
587,0.097627,-0.018212,0.295508,-0.590444,0.385631,-0.70902,-0.794705,-0.431163,0.427218,-0.140226,0.81523,0.561929,-0.003395,0.005402,-0.037447,0.055735,0.128116,-0.206102,-0.615574,-0.204263,-0.004105,0.254151,-0.905202,0.293079,0.30774,0.008623,-0.711116,0.702974,0.425999,0.638609,0.640754,-0.000446,-0.0034,-0.004927,-0.208539,0.226388,0.193843,0.53449,0.019495,0.055074,-0.034086,0.859956,-0.34461,0.376454,0.007088,0.745608,0.666346,-0.510317,-0.57036,0.643633,-0.008009,0.004172,-0.005645,-0.360261,0.342638,0.234565,0.520119,0.050211,0.044803,-0.059817,0.583792,-0.433169,-0.686695,0.798776,0.457904,0.39023,0.145405,-0.776329,0.613326,-0.001666,0.002741,-0.018669,0.037947,0.121696,-0.16455,-0.710006
588,0.097772,-0.018202,0.293868,-0.600815,0.388461,-0.698688,-0.788549,-0.431594,0.438052,-0.130642,0.813654,0.566504,0.010159,-0.001828,-0.045486,-0.027859,-0.173095,-0.120103,-0.567406,-0.204604,-0.004007,0.253875,-0.904992,0.292761,0.308661,0.009172,-0.711738,0.702338,0.426435,0.638063,0.641008,-0.015852,0.009664,-0.009404,0.034055,0.00018,-0.01378,0.534815,0.019324,0.055121,-0.034227,0.85917,-0.345522,0.377413,0.007009,0.745461,0.666512,-0.511641,-0.570002,0.6429,-0.007921,0.004844,-0.004678,0.036575,-0.001308,-0.014989,0.519956,0.050278,0.044809,-0.060637,0.594096,-0.435747,-0.676146,0.792844,0.459134,0.400741,0.13582,-0.774157,0.618249,0.004991,-0.001293,-0.023216,-0.091969,-0.149318,-0.331505,-0.682737
589,0.098117,-0.018275,0.292978,-0.592298,0.40256,-0.697978,-0.797812,-0.414264,0.438012,-0.11209,0.815788,0.567409,0.025365,-0.003714,-0.046706,-3.797676,2.405541,3.159759,-0.567132,-0.204759,-0.003962,0.253784,-0.904152,0.294935,0.309053,0.008661,-0.710421,0.703676,0.428228,0.638525,0.63935,-0.015388,-0.001441,-0.001273,-0.010113,0.023984,-0.021719,0.535462,0.019247,0.055142,-0.034274,0.858096,-0.34769,0.377864,0.007281,0.744042,0.668092,-0.513436,-0.570537,0.640992,-0.007683,-0.000663,-0.000549,0.014188,0.01514,-0.028206,0.520283,0.050443,0.044768,-0.061088,0.588227,-0.445587,-0.674862,0.799397,0.446562,0.401927,0.122274,-0.775908,0.618881,0.012654,-0.002031,-0.023572,0.053271,0.009358,0.047647,-0.672123
590,0.099084,-0.018425,0.29124,-0.561498,0.451937,-0.693194,-0.826391,-0.349654,0.441352,-0.042223,0.820106,0.570675,0.025836,-0.002336,-0.045247,-0.08988,0.201708,-0.083354,-0.566612,-0.205132,-0.003938,0.253693,-0.903923,0.294616,0.310024,0.009421,-0.710785,0.703299,0.428695,0.638269,0.639294,-0.015364,-0.00123,-0.000977,-0.002046,0.015207,-0.029244,0.535218,0.019072,0.055157,-0.034316,0.857899,-0.347238,0.378727,0.006694,0.744575,0.667505,-0.513774,-0.570116,0.641095,-5.2e-05,-0.000403,-0.000578,0.000319,-0.000806,-0.000714,0.520283,0.050925,0.044688,-0.061962,0.554891,-0.498121,-0.66631,0.830555,0.377584,0.409397,0.047659,-0.780579,0.623236,0.012527,-0.00675,-0.01858,-0.520948,0.788757,-0.395033,-0.668204
591,0.099553,-0.018794,0.289623,-0.543374,0.479506,-0.689103,-0.839511,-0.312784,0.44425,-0.00185,0.819309,0.573372,0.009399,-0.013082,-0.038272,-3.773406,2.469793,3.141692,-0.559783,-0.205502,-0.003999,0.25366,-0.90365,0.294291,0.311128,0.010387,-0.711005,0.703063,0.429249,0.638175,0.639016,-0.015383,-0.001328,-0.001131,-0.003504,0.033135,-0.051758,0.534547,0.018881,0.055127,-0.034331,0.857594,-0.3468,0.379817,0.005726,0.744866,0.667188,-0.514294,-0.570002,0.640779,-0.007635,-0.000257,3.5e-05,-0.002266,0.01481,-0.029627,0.520609,0.051168,0.044513,-0.062758,0.539608,-0.522238,-0.660371,0.841831,0.345833,0.414391,0.011967,-0.77953,0.62625,0.004631,-0.006847,-0.019529,0.040399,0.008094,-0.02341,-0.664122
592,0.099404,-0.019372,0.288431,-0.528395,0.52984,-0.66341,-0.845892,-0.261466,0.464837,0.073482,0.806133,0.587176,-0.006,-0.020077,-0.026374,-0.552996,0.928378,-0.546038,-0.558988,-0.205766,-0.00401,0.25366,-0.903432,0.294042,0.311994,0.011122,-0.711202,0.702852,0.429689,0.63807,0.638825,-0.015167,0.000271,0.001186,-0.002045,0.015205,-0.029245,0.533617,0.018749,0.055119,-0.034335,0.857347,-0.346469,0.380675,0.004992,0.745114,0.666917,-0.514713,-0.569879,0.640551,4e-06,3.9e-05,6.2e-05,-0.000155,-0.000276,-0.000243,0.520609,0.051097,0.044219,-0.063377,0.521712,-0.573537,-0.631561,0.850459,0.29122,0.438073,-0.067328,-0.765666,0.639703,-0.002918,-0.009884,-0.013002,-1.849496,2.605851,-1.074303,-0.662652
593,0.099184,-0.019746,0.287912,-0.505384,0.575185,-0.643268,-0.850983,-0.208618,0.481954,0.143638,0.790268,0.595712,-0.006139,-0.020466,-0.02702,-0.545536,0.948358,-0.552951,-0.540025,-0.205879,-0.004012,0.253681,-0.903341,0.293937,0.312358,0.011442,-0.711268,0.70278,0.429874,0.638044,0.638726,-0.015133,0.00052,0.001545,-0.002045,0.015205,-0.029245,0.533276,0.018693,0.055119,-0.034324,0.857246,-0.346334,0.381027,0.004679,0.745201,0.666823,-0.514885,-0.569849,0.640441,2.1e-05,0.000176,0.000261,-0.000123,-0.000219,-0.000199,0.520609,0.050988,0.044035,-0.063634,0.498837,-0.61745,-0.608206,0.855704,0.239472,0.458718,-0.137587,-0.749271,0.647812,-0.010605,-0.009025,-0.012621,-1.821703,2.797956,-1.289494,-0.658407
594,0.098296,-0.020652,0.287013,-0.488,0.635791,-0.598055,-0.841,-0.158999,0.517117,0.234291,0.754529,0.613043,-0.021339,-0.017849,-0.025281,-3.327413,3.185707,2.897997,-0.487753,-0.206038,-0.004008,0.253694,-0.903104,0.293726,0.31324,0.012162,-0.711463,0.702571,0.430352,0.637925,0.638523,-0.015191,9.9e-05,0.000929,-0.002045,0.015205,-0.029245,0.531995,0.018613,0.055122,-0.034315,0.856979,-0.34605,0.381882,0.00398,0.745439,0.666561,-0.515334,-0.56971,0.640203,-1.7e-05,-0.000124,-0.000177,-7.3e-05,-0.000156,-0.000125,0.520609,0.050558,0.043591,-0.064079,0.485101,-0.672275,-0.559215,0.845251,0.196589,0.496892,-0.224113,-0.713721,0.663607,-0.018661,-0.013307,-0.007658,-0.247382,0.985639,-1.306129,-0.625422
595,0.09757,-0.02157,0.286444,-0.482758,0.65126,-0.585534,-0.837875,-0.148861,0.525146,0.255439,0.743314,0.618273,-0.020528,-0.023329,-0.009774,-0.827433,0.632615,1.220367,-0.518696,-0.206056,-0.004026,0.253615,-0.9022,0.29595,0.313751,0.01177,-0.710066,0.70399,0.432258,0.63845,0.636708,-0.000193,-0.001403,-0.002041,-0.00492,0.005412,0.004634,0.53117,0.018599,0.055115,-0.034352,0.85582,-0.348262,0.382472,0.004114,0.743959,0.668212,-0.517256,-0.570296,0.638127,-0.000114,-0.000828,-0.001205,0.014763,0.01647,-0.022751,0.520609,0.050183,0.043115,-0.064386,0.478127,-0.689127,-0.544516,0.842339,0.184229,0.506482,-0.248715,-0.70083,0.668564,-0.002562,-0.012591,-0.00548,-2.668901,1.556015,4.909119,-0.616114
596,0.097517,-0.021987,0.286232,-0.455596,0.66945,-0.586784,-0.844043,-0.115298,0.523708,0.283503,0.733039,0.61831,-0.004532,-0.023228,-0.008182,-3.252806,3.02852,3.234142,-0.526046,-0.206058,-0.004041,0.253593,-0.902182,0.29594,0.313813,0.011818,-0.710079,0.703976,0.432295,0.638441,0.636693,-5.9e-05,-0.000432,-0.000629,-7.2e-05,7.9e-05,6.8e-05,0.53115,0.018597,0.055104,-0.034367,0.855827,-0.34819,0.382522,0.004131,0.744091,0.668064,-0.517245,-0.570167,0.638252,-2.7e-05,-0.000194,-0.00028,0.003265,-0.001516,-0.001194,0.520446,0.050151,0.042906,-0.064493,0.453434,-0.705255,-0.544988,0.848311,0.153905,0.506636,-0.273431,-0.692046,0.668062,0.005484,-0.012422,-0.004398,0.081138,-0.256106,0.421404,-0.627545
597,0.098059,-0.022724,0.285513,-0.393969,0.698843,-0.597035,-0.855913,-0.042149,0.515371,0.335485,0.713184,0.615504,0.026171,-0.019137,-0.022962,-0.807482,0.441508,1.481473,-0.518911,-0.206097,-0.004084,0.25355,-0.901338,0.298197,0.314102,0.01131,-0.708566,0.705508,0.434069,0.639068,0.634854,-0.000131,-0.000953,-0.001388,-0.018047,0.019867,0.017009,0.532351,0.018578,0.055084,-0.034386,0.854763,-0.350409,0.382874,0.004319,0.742467,0.669868,-0.518999,-0.570925,0.636147,-8e-05,-0.000593,-0.000859,0.005949,0.014201,0.013352,0.520609,0.050413,0.042545,-0.064835,0.389291,-0.737529,-0.551817,0.860357,0.07717,0.503815,-0.328995,-0.670891,0.66458,0.005407,-0.008467,-0.010797,-2.688594,1.134962,5.42222,-0.629341
598,0.098746,-0.023394,0.284579,-0.38692,0.69819,-0.602386,-0.85886,-0.035016,0.510984,0.336147,0.714209,0.613952,0.0263,-0.018975,-0.022927,0.001505,0.002093,0.010851,-0.535744,-0.206234,-0.004162,0.253425,-0.900391,0.300353,0.314761,0.011098,-0.70717,0.70691,0.436038,0.639601,0.632964,-0.015536,-0.002322,-0.002606,-0.013121,0.027416,-0.018792,0.532098,0.018515,0.055047,-0.034446,0.853595,-0.352512,0.38355,0.004405,0.741128,0.671348,-0.520918,-0.57137,0.634177,-0.000218,-0.001584,-0.002309,0.012827,0.022555,-0.017472,0.520609,0.050756,0.042208,-0.065304,0.380805,-0.737624,-0.557582,0.863573,0.068178,0.499592,-0.330496,-0.67176,0.662955,0.005484,-0.008372,-0.010696,0.002488,0.016685,-0.024307,-0.634076
599,0.098963,-0.02397,0.283877,-0.378396,0.702685,-0.602574,-0.859305,-0.024596,0.510843,0.344607,0.710225,0.613884,-0.003507,-0.011553,-0.01592,-0.00047,0.031519,-0.048257,-0.546759,-0.206392,-0.004219,0.253331,-0.899495,0.302529,0.315238,0.010759,-0.705735,0.708348,0.437895,0.640157,0.631118,-0.000199,-0.001435,-0.002095,-0.002273,0.01884,-0.021734,0.531092,0.018431,0.055012,-0.034494,0.8525,-0.354577,0.38408,0.004609,0.739833,0.672773,-0.522705,-0.571769,0.632342,-0.00762,-8.6e-05,0.000264,0.009295,0.011156,-0.032299,0.520446,0.050875,0.041915,-0.065661,0.372346,-0.742064,-0.557402,0.864011,0.057857,0.500136,-0.338883,-0.667826,0.662695,-0.002089,-0.011184,-0.003661,-0.032637,0.031958,-0.042077,-0.643874
600,0.098921,-0.024196,0.283586,-0.383326,0.707751,-0.59346,-0.85505,-0.028921,0.517711,0.34972,0.705012,0.616994,-0.002945,-0.009692,-0.013394,-0.184345,0.543973,-0.645004,-0.586163,-0.20646,-0.004218,0.253337,-0.899464,0.30248,0.315374,0.010882,-0.705769,0.708312,0.437957,0.640143,0.63109,-3e-06,-2.1e-05,-3.1e-05,-1.2e-05,1.3e-05,1.1e-05,0.530521,0.018396,0.055014,-0.034497,0.85249,-0.354459,0.384212,0.004517,0.73996,0.672634,-0.522723,-0.571679,0.63241,-0.007579,0.000211,0.000697,-0.000612,0.013776,-0.030439,0.520773,0.050854,0.041803,-0.065805,0.376203,-0.745447,-0.550253,0.860819,0.06153,0.505177,-0.342726,-0.663718,0.664843,-0.00141,-0.00467,-0.006451,-0.012638,0.054421,-0.074491,-0.652528
601,0.098785,-0.024064,0.283471,-0.405464,0.716277,-0.567971,-0.84274,-0.052145,0.535763,0.354639,0.694996,0.625491,-0.013202,0.009419,0.011467,0.052309,-0.049592,0.012656,-0.71042,-0.20654,-0.004207,0.253338,-0.899391,0.302401,0.31566,0.01111,-0.705853,0.708225,0.438102,0.640088,0.631045,-0.0,-0.0,-0.0,-0.0,0.0,0.0,0.529484,0.018356,0.055021,-0.034494,0.852424,-0.354319,0.384487,0.004278,0.740068,0.672517,-0.522833,-0.571625,0.632368,4e-06,2.2e-05,3.4e-05,-0.000275,-0.000529,-0.000512,0.520936,0.050782,0.041831,-0.065905,0.40018,-0.753582,-0.521506,0.847335,0.087476,0.523803,-0.349109,-0.651507,0.673543,-0.006351,0.005462,0.006803,0.611533,-1.778618,2.086153,-0.728132
602,0.098754,-0.023384,0.284419,-0.393027,0.706329,-0.588791,-0.854124,-0.043185,0.518246,0.341109,0.705709,0.621004,0.005207,0.008626,0.035231,0.021371,-0.082104,0.079581,-0.7007,-0.206523,-0.0042,0.253403,-0.899339,0.302384,0.315822,0.011263,-0.705835,0.70824,0.438203,0.640114,0.630947,0.00019,0.001361,0.001985,-0.0,0.0,0.0,0.527845,0.018364,0.055023,-0.034464,0.852373,-0.354269,0.384645,0.004105,0.740064,0.672523,-0.522916,-0.571662,0.632265,0.000124,0.000894,0.001303,-0.000205,-0.000364,-0.000331,0.520773,0.05076,0.042174,-0.065444,0.387334,-0.74488,-0.543254,0.858802,0.077206,0.506456,-0.335307,-0.662715,0.669609,0.00321,0.010521,0.014449,0.614919,-1.72805,1.990807,-0.765852
603,0.098844,-0.023121,0.284988,-0.382788,0.699076,-0.603996,-0.862601,-0.036324,0.504552,0.331252,0.713277,0.617686,0.00504,0.008118,0.034408,0.028476,0.03776,-0.079833,-0.687006,-0.206492,-0.004205,0.253504,-0.899338,0.302406,0.315805,0.011307,-0.705727,0.708347,0.438205,0.640223,0.630835,0.000657,-0.009559,0.010398,-0.036118,0.015203,-0.015357,0.527855,0.018379,0.055023,-0.03442,0.852373,-0.354281,0.384634,0.004049,0.739982,0.672614,-0.522917,-0.571761,0.632176,0.000174,0.001262,0.00184,-0.000167,-0.000274,-0.000309,0.520936,0.050811,0.042324,-0.065135,0.376606,-0.738478,-0.5593,0.86747,0.069278,0.492641,-0.325058,-0.670708,0.666698,0.002578,0.004287,0.017527,0.153803,-0.501539,0.557733,-0.762423
604,0.09906,-0.022803,0.286517,-0.394239,0.668539,-0.630616,-0.874317,-0.061387,0.481429,0.283628,0.740326,0.609507,0.005221,0.000337,0.046788,-0.053305,0.160173,-0.235456,-0.673908,-0.206464,-0.004178,0.253707,-0.899263,0.302388,0.316036,0.011575,-0.705622,0.708448,0.438352,0.640348,0.630606,0.000284,0.002047,0.002979,-0.0,0.0,0.0,0.528578,0.018394,0.055036,-0.03431,0.852286,-0.354231,0.384873,0.003734,0.739891,0.672715,-0.523061,-0.571909,0.631921,0.000109,0.000808,0.001175,-0.000117,-0.000191,-0.000201,0.520936,0.050918,0.042485,-0.064385,0.387831,-0.709677,-0.58817,0.878996,0.092716,0.467727,-0.277402,-0.698399,0.659761,0.002616,0.00025,0.023532,0.116509,-0.374312,0.360046,-0.750666
605,0.099362,-0.023033,0.288197,-0.394098,0.666945,-0.63239,-0.874741,-0.061004,0.480707,0.282511,0.741796,0.608238,0.017651,-0.019775,0.044086,-0.104311,0.115695,-0.136369,-0.644251,-0.206471,-0.004175,0.253766,-0.899111,0.302306,0.316546,0.012,-0.705681,0.708382,0.438653,0.640322,0.630424,6.7e-05,0.000484,0.000704,-0.0,0.0,0.0,0.528104,0.018391,0.05504,-0.034276,0.852122,-0.354108,0.385349,0.003326,0.739974,0.672626,-0.523331,-0.571878,0.631726,3.2e-05,0.000241,0.000352,-7e-05,-0.000146,-0.000118,0.520772,0.051071,0.042398,-0.063508,0.387972,-0.708242,-0.589805,0.879222,0.09243,0.467359,-0.276488,-0.699892,0.658562,0.00119,-0.008667,0.022958,-0.107376,0.134841,-0.171468,-0.732051
606,0.099381,-0.023362,0.289697,-0.474111,0.626287,-0.618893,-0.856102,-0.16358,0.490207,0.206356,0.761471,0.614497,-0.011858,-0.003271,0.040061,3.975297,-2.664929,-3.840207,-0.713157,-0.206474,-0.004186,0.253733,-0.899092,0.302293,0.316613,0.012041,-0.705712,0.708349,0.438691,0.640293,0.630427,-0.0001,-0.000721,-0.001049,-0.0,0.0,0.0,0.527562,0.01839,0.055035,-0.034293,0.852103,-0.354085,0.385414,0.003285,0.740007,0.67259,-0.523363,-0.57185,0.631725,-6.8e-05,-0.000495,-0.000719,-4.5e-05,-9.8e-05,-7.7e-05,0.520609,0.051094,0.042217,-0.06278,0.464184,-0.669492,-0.579924,0.861301,0.188443,0.471857,-0.206622,-0.718518,0.664107,-0.005907,-0.001511,0.019932,5.177828,-3.196243,-4.63342,-0.748053
607,0.099131,-0.02312,0.29043,-0.538093,0.556796,-0.632835,-0.836982,-0.264021,0.479297,0.100453,0.786886,0.608889,-0.009156,0.014175,0.040113,5.702448,-6.074612,-1.96682,-0.764878,-0.206469,-0.004189,0.253653,-0.899027,0.302255,0.316833,0.012165,-0.705828,0.708232,0.438821,0.640184,0.630448,-0.000667,0.009485,-0.010502,0.03467,0.002723,-0.007159,0.527207,0.018393,0.055032,-0.034325,0.85203,-0.354032,0.385623,0.003167,0.740109,0.672479,-0.523482,-0.571751,0.631716,-0.000145,-0.001047,-0.001523,-4.9e-05,-6e-05,-7.9e-05,0.520772,0.050961,0.042326,-0.062414,0.529845,-0.603694,-0.595664,0.841906,0.289721,0.455252,-0.102257,-0.742706,0.661762,-0.004287,0.007822,0.020686,5.297173,-5.47897,-2.365478,-0.776792
608,0.098632,-0.022202,0.292661,-0.589456,0.429883,-0.68395,-0.802657,-0.407296,0.435687,-0.090548,0.805261,0.585989,-0.020426,0.020944,0.069588,0.95753,-1.957268,1.632444,-0.819511,-0.206474,-0.004203,0.25345,-0.898914,0.30218,0.317227,0.012359,-0.706084,0.707974,0.439048,0.639937,0.630539,-0.000356,-0.00256,-0.003734,-0.001448,0.017928,-0.022515,0.522524,0.01839,0.055026,-0.034434,0.851908,-0.353926,0.38599,0.003031,0.740377,0.672184,-0.523683,-0.571469,0.631806,-0.000126,-0.000929,-0.001355,-2.8e-05,-5.2e-05,-4.6e-05,0.520609,0.050714,0.042771,-0.061324,0.58491,-0.475532,-0.657075,0.80547,0.435804,0.401612,0.095376,-0.764161,0.637933,-0.002396,0.010209,0.03523,1.314008,-1.18816,-0.554809,-0.839822
