frame,MLTx,MLTy,MLTz,MLTR1,MLTR2,MLTR3,MLTR4,MLTR5,MLTR6,MLTR7,MLTR8,MLTR9,MLTTVx,MLTTVy,MLTTVz,MLTRVx,MLTRVy,MLTRVz,MLGA,MRTx,MRTy,MRTz,MRTR1,MRTR2,MRTR3,MRTR4,MRTR5,MRTR6,MRTR7,MRTR8,MRTR9,MRTTVx,MRTTVy,MRTTVz,MRTRVx,MRTRVy,MRTRVz,MRGA,SLTx,SLTy,SLTz,SLTR1,SLTR2,SLTR3,SLTR4,SLTR5,SLTR6,SLTR7,SLTR8,SLTR9,SLTTVx,SLTTVy,SLTTVz,SLTRVx,SLTRVy,SLTRVz,SLGA,SRTx,SRTy,SRTz,SRTR1,SRTR2,SRTR3,SRTR4,SRTR5,SRTR6,SRTR7,SRTR8,SRTR9,SRTTVx,SRTTVy,SRTTVz,SRTRVx,SRTRVy,SRTRVz,SRGA
428,0.085406,0.00418,0.400162,-0.558005,-0.177763,-0.810602,0.145489,-0.982608,0.115265,-0.816302,-0.053402,0.575175,0.010692,-0.009586,-0.006096,0.062453,0.02181,0.266331,-0.284751,-0.101205,0.016654,0.358288,0.762256,-0.371767,0.529855,0.265782,0.926099,0.267646,-0.591151,-0.062732,0.804033,3.8e-05,-0.000172,-0.000126,0.0,0.0,0.0,-1.400387,0.043926,0.031267,-0.001506,-0.724286,0.306742,0.617509,-0.164021,-0.946533,0.277799,0.669706,0.099921,0.735873,1.9e-05,-8.1e-05,-5.9e-05,2e-06,5e-06,1.2e-05,-0.829967,0.079109,0.025476,-0.040005,-0.440713,-0.046074,-0.896464,-0.020484,-0.997905,0.061357,-0.897414,0.045404,0.438846,-0.001667,-0.008992,0.002276,0.038058,0.081807,0.206431,-0.324641
429,0.085627,0.003749,0.400007,-0.560729,-0.161933,-0.812038,0.142402,-0.98493,0.098014,-0.814976,-0.060482,0.576352,0.01001,-0.019188,0.003738,0.087467,0.087119,0.485295,-0.557342,-0.101236,0.016612,0.358261,0.762247,-0.371604,0.529982,0.265635,0.926166,0.26756,-0.591229,-0.062709,0.803977,0.000104,-0.00047,-0.000346,0.0,0.0,0.0,-1.399445,0.043911,0.031246,-0.001519,-0.724251,0.306579,0.617632,-0.16388,-0.946587,0.277696,0.669779,0.099904,0.735809,6.2e-05,-0.000274,-0.000199,2e-06,9e-06,3e-06,-0.83013,0.079219,0.02526,-0.040088,-0.440525,-0.030266,-0.897229,-0.021073,-0.998807,0.044039,-0.897492,0.038307,0.439361,-0.001209,-0.003868,-0.002452,0.150029,0.269422,0.311938,-0.508506
430,0.08594,0.003299,0.399936,-0.559292,-0.147376,-0.815793,0.137331,-0.986936,0.084077,-0.816833,-0.064834,0.573243,0.011393,-0.007454,-0.004769,0.018731,-0.171925,0.394535,-0.854581,-0.101326,0.016558,0.358232,0.766576,-0.362271,0.5302,0.254395,0.929359,0.267412,-0.590578,-0.069667,0.803883,-0.012851,-0.003111,-0.000831,-2.932207,-1.462651,-4.471925,-1.383552,0.043871,0.03122,-0.001533,-0.726025,0.301636,0.617982,-0.158085,-0.947805,0.276898,0.669249,0.103341,0.735815,7.1e-05,-0.000322,-0.000236,-0.00011,5.1e-05,0.000253,-0.829477,0.079378,0.025026,-0.040124,-0.43667,-0.015544,-0.899487,-0.024021,-0.999292,0.02893,-0.8993,0.034239,0.435987,0.005713,-0.003674,-0.002354,0.011524,-0.185541,0.38222,-0.70919
431,0.086207,0.003057,0.399877,-0.55723,-0.139692,-0.818551,0.134287,-0.987923,0.077116,-0.818747,-0.066783,0.570281,0.011016,-0.008698,-0.005564,0.008318,-0.082528,0.185346,-1.084749,-0.101373,0.016541,0.358226,0.766578,-0.362273,0.530196,0.254397,0.929358,0.267412,-0.590574,-0.069668,0.803885,-0.012961,-0.002614,-0.000465,-0.002045,0.015205,-0.029245,-1.369421,0.043847,0.03121,-0.001537,-0.72783,0.296946,0.618131,-0.152513,-0.948902,0.276266,0.668582,0.106802,0.735928,1e-06,-4e-06,-1e-06,-0.000144,6.9e-05,0.000425,-0.828171,0.0795,0.024916,-0.040146,-0.433118,-0.008537,-0.901296,-0.025906,-0.999423,0.021915,-0.900964,0.032841,0.432647,0.005474,-0.004461,-0.002859,0.014236,-0.162361,0.363397,-0.778262
432,0.086833,0.002668,0.399662,-0.554417,-0.12157,-0.823339,0.12889,-0.98987,0.059303,-0.821521,-0.073097,0.565497,0.024263,-0.010312,-0.006642,0.015147,-0.096452,0.246424,-1.613514,-0.101456,0.016547,0.358239,0.77175,-0.354191,0.528149,0.243653,0.931762,0.269048,-0.588367,-0.078518,0.804688,-0.000238,0.001086,0.000799,-2.918831,-1.486901,-4.447128,-1.295692,0.043802,0.03121,-0.001532,-0.730831,0.293213,0.616368,-0.14706,-0.949461,0.2773,0.666526,0.112017,0.737016,-0.006654,-0.000518,0.000348,0.000372,0.003065,-0.004692,-0.812005,0.079816,0.024715,-0.040257,-0.427104,0.009423,-0.904152,-0.028659,-0.999584,0.00312,-0.903747,0.027245,0.427197,0.005596,-0.004106,-0.002641,0.01324,-0.172848,0.355576,-0.749523
433,0.087573,0.002468,0.399447,-0.559026,-0.10988,-0.821864,0.124989,-0.99101,0.047414,-0.818993,-0.076089,0.56876,0.012754,-0.00315,-0.002048,0.061202,0.047685,0.270975,-1.91185,-0.10153,0.016561,0.358257,0.777762,-0.346947,0.524123,0.233098,0.933524,0.27227,-0.584716,-0.089164,0.806239,-0.000344,0.001569,0.001154,-5.7e-05,-3e-05,-8.8e-05,-1.089005,0.043764,0.031218,-0.001523,-0.73846,0.280846,0.613026,-0.130513,-0.951473,0.278682,0.661545,0.125788,0.739279,-0.000203,0.000925,0.000681,0.00215,-0.010554,0.024089,-0.738198,0.080189,0.024608,-0.040369,-0.430273,0.021689,-0.902437,-0.030816,-0.999481,-0.009329,-0.902172,0.023795,0.430718,0.012863,-0.002806,-0.001841,0.064718,0.025708,0.29504,-0.784957
434,0.087946,0.002433,0.399375,-0.563848,-0.10068,-0.819746,0.123289,-0.991669,0.036929,-0.815936,-0.080126,0.572587,0.013041,-0.002207,-0.001449,0.126328,0.2312,0.347809,-1.915499,-0.101557,0.016593,0.35827,0.782738,-0.338501,0.522235,0.222156,0.935749,0.273779,-0.582332,-0.097864,0.806955,-0.000373,0.001702,0.001252,-0.077927,-0.040853,-0.120413,-0.922212,0.043751,0.031234,-0.001516,-0.742927,0.272173,0.611539,-0.119467,-0.952847,0.278942,0.658625,0.134175,0.740412,-0.00024,0.001096,0.000804,-0.258838,-0.134414,-0.408987,-0.659818,0.080366,0.02459,-0.040399,-0.433178,0.0308,-0.900781,-0.030981,-0.999333,-0.019272,-0.900775,0.019559,0.433844,0.006608,-0.000825,-0.00056,0.193682,0.453831,0.444905,-0.790999
435,0.088783,0.002322,0.399277,-0.572927,-0.087352,-0.814966,0.119314,-0.992589,0.022447,-0.810176,-0.084275,0.58012,0.026308,-0.003642,-0.002415,0.047601,0.101786,0.114084,-1.916494,-0.101552,0.016711,0.358354,0.79791,-0.306705,0.518906,0.182927,0.943396,0.276543,-0.575346,-0.125359,0.808161,0.012042,0.006768,0.003518,-0.073504,-0.070278,-0.066145,-0.491745,0.043749,0.031287,-0.001478,-0.755862,0.239563,0.609328,-0.079965,-0.957466,0.277242,0.649829,0.160832,0.742869,-0.000446,0.00201,0.001481,-0.868386,-0.379656,-1.513052,-0.506325,0.08078,0.02454,-0.040451,-0.441938,0.045754,-0.895877,-0.032489,-0.998859,-0.034987,-0.896456,0.013643,0.44292,0.013022,-0.002264,-0.001503,0.061037,0.010716,0.286839,-0.788712
436,0.089577,0.002291,0.399265,-0.578319,-0.073972,-0.812478,0.109831,-0.993861,0.012243,-0.807679,-0.08207,0.583907,0.014322,0.002099,0.00128,-0.075813,0.014034,0.343431,-1.916772,-0.101543,0.016947,0.358508,0.821654,-0.233443,0.519981,0.097254,0.956236,0.275841,-0.562642,-0.175792,0.807709,-0.001477,0.006731,0.004935,-2.895711,-1.550935,-4.47576,-0.098471,0.043759,0.031406,-0.0014,-0.772889,0.169147,0.611579,0.00076,-0.963568,0.267458,0.634539,0.20718,0.744603,-0.000727,0.003329,0.002434,-0.084492,-0.040421,-0.118965,-0.406718,0.081191,0.02452,-0.04046,-0.445287,0.059497,-0.893408,-0.040142,-0.998112,-0.046463,-0.894486,0.015174,0.446835,0.013776,0.000278,0.000111,-0.366055,0.065059,0.423006,-0.781201
437,0.090231,0.00245,0.399219,-0.593232,-0.057714,-0.802989,0.090163,-0.995901,0.004904,-0.799245,-0.069426,0.597005,0.014254,0.001936,0.001168,-1.156109,0.502921,1.264469,-1.916916,-0.101704,0.017128,0.358641,0.842973,-0.152352,0.515922,0.00071,0.959279,0.282339,-0.538979,-0.237455,0.808071,-0.013499,-3.8e-05,0.001416,-0.087092,-0.032216,-0.159849,0.098962,0.04368,0.031509,-0.001325,-0.789434,0.08187,0.608351,0.103004,-0.959344,0.26277,0.605131,0.270102,0.748906,-0.000298,0.00138,0.001003,-0.292263,-0.058103,-0.61675,-0.345647,0.081519,0.024603,-0.040481,-0.45791,0.075972,-0.885745,-0.057182,-0.996795,-0.055935,-0.887157,0.025035,0.460786,0.013725,0.004109,-0.005494,-4.154632,0.652791,3.890317,-0.781528
438,0.09054,0.002545,0.399158,-0.60137,-0.047397,-0.797592,0.082887,-0.996539,-0.003342,-0.793927,-0.068068,0.604213,0.013977,0.001034,0.000593,0.197988,0.480139,0.453251,-1.917355,-0.101867,0.017089,0.358619,0.85431,-0.107698,0.508474,-0.048844,0.957235,0.285039,-0.518493,-0.26822,0.811841,-0.012404,-0.005049,-0.002251,-1.946737,-2.552771,0.00748,0.151098,0.043597,0.031498,-0.00133,-0.796656,0.036951,0.603302,0.151232,-0.954195,0.258143,0.585207,0.29689,0.754578,-0.007228,0.003081,-0.005183,-2.821507,-1.556713,-4.521277,-0.229874,0.081674,0.024653,-0.04051,-0.465364,0.088274,-0.880705,-0.064792,-0.995742,-0.065568,-0.882744,0.026549,0.469103,0.007431,0.005708,-0.00439,0.286947,0.760792,0.418132,-0.782997
439,0.09102,0.00277,0.399023,-0.61671,-0.026585,-0.78677,0.061268,-0.998004,-0.01437,-0.784053,-0.05704,0.618089,0.001645,0.013009,-0.007688,0.099003,0.111505,0.294627,-1.917058,-0.102249,0.016868,0.358332,0.868529,-0.058734,0.492137,-0.100402,0.951415,0.290969,-0.486399,-0.30206,0.81978,-0.012967,-0.000226,-0.015166,0.281086,-0.374726,0.022539,0.201479,0.043406,0.031384,-0.00147,-0.810027,-0.012755,0.586253,0.203904,-0.9435,0.261207,0.549799,0.331124,0.766861,-0.005497,-0.00575,-0.003496,0.318009,-0.565573,-0.133592,0.019634,0.081919,0.024761,-0.040574,-0.480457,0.111374,-0.869917,-0.084164,-0.99318,-0.080671,-0.87297,0.034456,0.486554,0.006996,0.00056,0.000316,0.037372,0.061991,0.301039,-0.78414
440,0.091397,0.003054,0.398879,-0.631163,-0.009122,-0.775626,0.037297,-0.999116,-0.018669,-0.773987,-0.040708,0.631913,0.01473,0.011137,-0.008942,0.13821,0.243627,0.392485,-1.917378,-0.102871,0.016609,0.357846,0.882289,-0.007636,0.470636,-0.148255,0.944359,0.293497,-0.44779,-0.32872,0.831438,-0.011326,-0.010189,-0.006047,-3.521172,-4.089889,-3.373259,0.204393,0.043097,0.031248,-0.001724,-0.821201,-0.060109,0.567464,0.245929,-0.934625,0.256893,0.514925,0.350517,0.782298,-0.013061,-0.000951,-0.007481,0.196082,-0.557236,-0.498679,0.076132,0.082102,0.024898,-0.040644,-0.492789,0.129294,-0.860489,-0.10696,-0.9904,-0.087559,-0.863549,0.04889,0.501887,0.006953,0.000429,0.000234,-0.005062,0.60507,0.309515,-0.782507
441,0.091521,0.003232,0.398764,-0.638426,0.001311,-0.769711,0.021911,-0.999547,-0.019945,-0.768597,-0.029608,0.639069,0.001478,0.012473,-0.008026,0.011331,0.285844,0.360477,-1.917123,-0.103213,0.016583,0.357631,0.886409,0.020608,0.462436,-0.172735,0.94146,0.289396,-0.430506,-0.336434,0.83746,-0.02494,-0.009785,-0.004308,0.458227,-0.664195,-0.126955,0.231669,0.042932,0.03123,-0.001836,-0.824892,-0.092272,0.557708,0.274539,-0.927816,0.252557,0.494147,0.361445,0.79068,-0.006806,0.001408,-0.00647,-0.121622,-0.271686,-0.324344,0.093441,0.08217,0.024993,-0.040703,-0.499629,0.14106,-0.854676,-0.121907,-0.988282,-0.091847,-0.857618,0.058302,0.51097,0.007239,0.005136,-0.004747,-0.341004,0.647352,-0.030399,-0.779895
442,0.091673,0.003652,0.39842,-0.657201,0.031202,-0.753099,-0.014908,-0.999469,-0.02847,-0.752773,-0.007529,0.658257,0.00077,0.010066,-0.009541,0.156102,0.711043,0.637309,-1.917368,-0.104087,0.016839,0.357157,0.889552,0.095293,0.446775,-0.238584,0.930816,0.276755,-0.390602,-0.352908,0.850147,-0.027624,0.005084,-0.009837,-2.047309,-1.94559,-4.79143,0.322345,0.042507,0.03135,-0.002068,-0.82529,-0.162388,0.540856,0.33233,-0.914012,0.232675,0.456565,0.371767,0.808292,-0.014705,0.007923,-0.009186,0.659841,-0.682125,-0.32135,0.191579,0.082246,0.025199,-0.040866,-0.51482,0.171156,-0.840038,-0.156121,-0.9822,-0.104442,-0.842962,0.077378,0.532377,0.000364,0.004945,-0.004825,-1.148469,0.24149,1.413771,-0.782181
443,0.09178,0.004149,0.397922,-0.672436,0.0536,-0.738243,-0.046317,-0.998451,-0.030376,-0.737894,0.013693,0.674798,0.001428,0.019751,-0.019309,0.208973,0.463284,0.246152,-1.91726,-0.105151,0.017107,0.356601,0.892201,0.131956,0.431921,-0.263263,0.928912,0.260285,-0.367983,-0.346108,0.862937,-0.026847,0.001463,-0.012512,0.38023,-0.271328,-0.262572,0.352938,0.041962,0.031496,-0.002342,-0.826172,-0.204657,0.524933,0.35995,-0.908492,0.212315,0.433446,0.364358,0.824237,-0.020863,0.005205,-0.01046,0.508769,-0.438372,-0.114533,0.264406,0.082299,0.025448,-0.04112,-0.529797,0.196308,-0.825092,-0.186899,-0.975951,-0.112192,-0.827274,0.094769,0.553746,0.000351,0.004884,-0.004861,0.21035,0.718529,0.123709,-0.778752
444,0.091786,0.00478,0.397308,-0.686581,0.084638,-0.722142,-0.091033,-0.995376,-0.030185,-0.720506,0.044901,0.692013,0.001436,0.01977,-0.01928,-3.83368,0.248925,3.844147,-1.917511,-0.106438,0.017349,0.355903,0.888789,0.194863,0.414819,-0.315174,0.916865,0.244865,-0.333727,-0.348625,0.875757,-0.039803,-0.001051,-0.012945,0.272327,-0.350117,-0.193112,0.379001,0.041323,0.031616,-0.002693,-0.819931,-0.267119,0.506319,0.408794,-0.89237,0.191212,0.400748,0.363762,0.840879,-0.014186,0.005602,-0.010886,0.199151,-0.476429,-0.507473,0.303106,0.082301,0.025762,-0.041428,-0.543144,0.22493,-0.808949,-0.224548,-0.967269,-0.118185,-0.809056,0.117457,0.575874,0.000366,0.004924,-0.004831,0.119406,0.477261,0.046074,-0.789692
445,0.091779,0.005098,0.396997,-0.698204,0.102323,-0.708581,-0.113517,-0.993019,-0.031617,-0.706004,0.058226,0.70583,-0.011459,0.022182,-0.017676,-3.673307,0.747662,4.043657,-1.916854,-0.107153,0.017504,0.355525,0.882549,0.241354,0.403544,-0.356104,0.903387,0.238779,-0.308027,-0.354748,0.882687,-0.041515,0.009455,-0.021668,-0.400833,-0.911425,-1.442928,0.39431,0.040951,0.031693,-0.002887,-0.811647,-0.312646,0.493438,0.447326,-0.875901,0.180821,0.37567,0.367491,0.850777,-0.020748,0.004746,-0.010797,-0.436293,-0.909971,-1.438349,0.324171,0.082303,0.025917,-0.041581,-0.552252,0.242391,-0.79766,-0.246016,-0.961572,-0.121874,-0.79655,0.128932,0.590663,0.000672,0.009682,-0.009762,-0.473534,0.960321,-0.40461,-0.796551
446,0.091793,0.0056,0.396493,-0.718005,0.14757,-0.680248,-0.164352,-0.985559,-0.040406,-0.675498,0.082598,0.732739,0.000415,0.008845,-0.010285,0.206345,1.003435,0.355215,-1.917076,-0.108537,0.017872,0.354607,0.879754,0.295551,0.372389,-0.39635,0.888369,0.231606,-0.263466,-0.351731,0.898183,-0.029335,0.017958,-0.033284,0.30067,-0.484007,0.074353,0.406567,0.040258,0.031884,-0.003341,-0.808158,-0.36673,0.460857,0.485714,-0.857557,0.16934,0.333109,0.360698,0.871168,-0.014592,0.00873,-0.016802,0.240465,-0.418421,0.097446,0.354379,0.082306,0.026178,-0.041838,-0.569251,0.293032,-0.768169,-0.298708,-0.944193,-0.138823,-0.76598,0.150433,0.625014,0.006947,0.007876,-0.01093,0.034358,1.031892,0.685488,-0.803572
447,0.091837,0.005938,0.396075,-0.733028,0.197566,-0.650909,-0.224354,-0.973548,-0.042917,-0.641263,0.114322,0.758775,5.9e-05,0.00763,-0.011047,-0.882716,0.690852,1.159219,-1.916604,-0.109739,0.018119,0.353347,0.877466,0.343679,0.334557,-0.428133,0.875515,0.22385,-0.217074,-0.340096,0.914919,-0.02614,-0.000288,-0.030357,0.511969,-0.58926,0.053497,0.407091,0.039665,0.032012,-0.003956,-0.806287,-0.413427,0.423057,0.515456,-0.841915,0.159633,0.290182,0.346778,0.891929,-0.013867,0.005028,-0.019558,0.634535,-0.872522,0.066308,0.361401,0.082329,0.026349,-0.042046,-0.582511,0.34292,-0.736943,-0.35372,-0.923242,-0.150016,-0.731821,0.173286,0.659097,0.000209,0.004458,-0.005137,-3.380794,0.620914,4.192691,-0.814186
448,0.091948,0.006347,0.395595,-0.744289,0.252951,-0.618138,-0.291455,-0.955723,-0.040246,-0.600027,0.149884,0.78583,0.001182,0.018887,-0.019791,-3.29966,0.879769,4.050474,-1.915481,-0.110995,0.018233,0.351847,0.864721,0.401836,0.301293,-0.472478,0.854098,0.217291,-0.171099,-0.330764,0.928,-0.026891,0.005095,-0.042938,-1.656812,-2.323971,-4.540141,0.410756,0.039038,0.032066,-0.004702,-0.795166,-0.465853,0.388189,0.552663,-0.820197,0.147782,0.249547,0.332049,0.909653,-0.019939,0.001508,-0.021504,-0.886257,-2.608608,1.055303,0.366136,0.082383,0.026546,-0.042285,-0.591491,0.394494,-0.703214,-0.413455,-0.897144,-0.155519,-0.692236,0.19876,0.693758,0.006598,0.003023,-0.006054,-0.328199,1.660194,-0.500264,-0.815982
449,0.091989,0.006611,0.395274,-0.747883,0.287444,-0.598407,-0.331132,-0.942759,-0.039097,-0.574466,0.168547,0.801004,0.000717,0.017302,-0.020785,-3.597866,1.218322,3.893434,-1.913905,-0.111643,0.018296,0.350997,0.864825,0.411723,0.287319,-0.47669,0.852789,0.213197,-0.158326,-0.321867,0.93338,-0.039682,0.001375,-0.044348,0.372186,-0.350132,0.112103,0.412647,0.038719,0.032097,-0.005128,-0.793818,-0.480292,0.373057,0.5608,-0.815419,0.143501,0.235275,0.323124,0.916643,-0.013286,0.001809,-0.022019,0.413602,-0.549106,0.332512,0.369892,0.082405,0.026682,-0.042443,-0.592985,0.428462,-0.681753,-0.450503,-0.878295,-0.160137,-0.667394,0.212173,0.713839,0.000288,0.008368,-0.01057,-1.660346,2.592721,-1.358242,-0.820064
450,0.091985,0.007256,0.394267,-0.750856,0.351478,-0.559218,-0.397556,-0.916583,-0.042388,-0.526538,0.19005,0.828653,-0.000251,0.021417,-0.034019,-2.832404,0.764286,4.31816,-1.910778,-0.11272,0.018507,0.349084,0.86895,0.413074,0.272558,-0.471948,0.857202,0.205923,-0.149663,-0.308098,0.939436,-0.027842,0.011321,-0.054996,0.197911,-0.175862,0.274212,0.411666,0.038177,0.032196,-0.006082,-0.799329,-0.482038,0.358763,0.555758,-0.820083,0.136364,0.228483,0.308385,0.923413,-0.012989,7e-06,-0.023452,0.09989,-0.035095,0.099994,0.371852,0.082404,0.027016,-0.042951,-0.59233,0.492854,-0.637368,-0.514565,-0.840136,-0.171443,-0.619973,0.226417,0.751244,-0.000165,0.010506,-0.017158,-2.836929,0.751161,4.303957,-0.820717
451,0.091934,0.00805,0.392832,-0.751159,0.3893,-0.533152,-0.439817,-0.897363,-0.035683,-0.491393,0.207195,0.84595,-0.001067,0.018627,-0.035766,-0.712099,0.485413,0.826404,-1.908593,-0.11354,0.018875,0.346954,0.865889,0.42179,0.268923,-0.478383,0.855155,0.199484,-0.146914,-0.301919,0.941873,-0.01465,0.012605,-0.055606,0.136914,0.035103,-0.021164,0.411478,0.037763,0.032376,-0.00715,-0.796258,-0.489996,0.35479,0.56098,-0.817579,0.129862,0.226437,0.302434,0.925882,-0.013788,0.004961,-0.028079,0.128856,0.056215,-0.043818,0.371525,0.082377,0.02741,-0.04367,-0.590767,0.529761,-0.60856,-0.555048,-0.814259,-0.170006,-0.585589,0.237346,0.775081,-0.000565,0.009126,-0.017998,-0.731858,0.43633,0.816028,-0.827739
452,0.091917,0.00849,0.39204,-0.75227,0.40371,-0.520724,-0.455644,-0.889588,-0.031537,-0.475031,0.213032,0.853809,-0.001228,0.018075,-0.036106,0.08783,0.500531,-0.477414,-1.90785,-0.113921,0.0191,0.345815,0.865354,0.421103,0.27171,-0.4785,0.855218,0.198932,-0.149683,-0.302698,0.941187,-0.014633,0.012408,-0.05583,-0.040854,0.260659,-0.104727,0.411515,0.037578,0.032483,-0.007699,-0.795503,-0.489564,0.357071,0.561056,-0.817686,0.128858,0.228888,0.302844,0.925145,-0.013747,0.004669,-0.028345,-0.191746,0.384177,-0.068915,0.371688,0.082369,0.027612,-0.044036,-0.590787,0.544039,-0.595811,-0.570717,-0.803771,-0.168023,-0.570308,0.240774,0.785351,-0.000509,0.009305,-0.01788,-0.672792,0.522191,0.857042,-0.834434
453,0.091897,0.009073,0.390637,-0.749441,0.442254,-0.492741,-0.493995,-0.868975,-0.028697,-0.439944,0.221349,0.870334,-0.002281,0.014499,-0.038393,-0.00411,0.501877,0.223832,-1.908156,-0.114478,0.019508,0.343701,0.863153,0.425948,0.271158,-0.483672,0.851451,0.202553,-0.14568,-0.306531,0.940574,-0.014518,0.011589,-0.056613,-0.131637,0.165793,0.103236,0.411244,0.037294,0.032692,-0.008776,-0.792985,-0.494214,0.356267,0.566292,-0.81359,0.131849,0.224694,0.306305,0.925034,-0.006466,0.000853,-0.023753,-0.400241,0.195455,0.050725,0.371525,0.08236,0.027918,-0.044752,-0.587452,0.579602,-0.564765,-0.605096,-0.778,-0.169036,-0.537362,0.242437,0.807753,-0.001454,0.002386,-0.014364,-0.621068,0.581968,1.240042,-0.841782
454,0.091956,0.009168,0.389504,-0.743803,0.469541,-0.475745,-0.520222,-0.853516,-0.029157,-0.418827,0.225217,0.87971,0.009749,0.001779,-0.030742,0.165278,0.384854,-0.229,-1.908154,-0.114866,0.019922,0.341669,0.866344,0.418878,0.271995,-0.478731,0.851439,0.214015,-0.143025,-0.316158,0.937791,-0.015318,0.015895,-0.053373,-0.306891,0.270488,0.425848,0.407995,0.037101,0.03289,-0.009799,-0.796425,-0.487916,0.357273,0.562902,-0.814041,0.143098,0.221015,0.315076,0.922972,-0.000954,0.008425,-0.027053,-0.330221,0.398207,0.285251,0.370055,0.082384,0.027965,-0.045325,-0.580307,0.604775,-0.545427,-0.628616,-0.758426,-0.172134,-0.517769,0.242974,0.820291,-0.001849,-0.002635,-0.00966,0.154268,0.376707,-0.01698,-0.843578
455,0.092027,0.009088,0.389094,-0.739452,0.485135,-0.466796,-0.537122,-0.843102,-0.025482,-0.405005,0.231275,0.884596,-0.003219,-0.003517,-0.018217,0.225582,0.539811,0.017013,-1.907825,-0.11498,0.020218,0.340699,0.866986,0.418545,0.270457,-0.479071,0.849213,0.221952,-0.137864,-0.322532,0.936391,-0.002612,0.02043,-0.051344,-0.370432,0.156217,-0.223965,0.404033,0.037039,0.033035,-0.010287,-0.797696,-0.486548,0.356301,0.563274,-0.812165,0.152018,0.215411,0.32196,0.921921,-0.007786,0.008812,-0.026017,-0.826303,-0.12794,-1.137533,0.36679,0.082422,0.027921,-0.045545,-0.575252,0.618184,-0.53566,-0.643986,-0.746046,-0.169398,-0.504347,0.247511,0.827267,-0.001581,-0.001728,-0.00909,0.303249,0.679763,0.089914,-0.844885
456,0.092391,0.008826,0.388635,-0.72744,0.52197,-0.445448,-0.573774,-0.818689,-0.022444,-0.375499,0.238605,0.895598,0.010892,-0.009267,-0.006047,0.323165,0.689946,0.354135,-1.907995,-0.115106,0.020974,0.338881,0.869214,0.415711,0.267662,-0.47792,0.844869,0.240259,-0.127349,-0.337288,0.932675,-0.001611,0.013381,-0.040094,-0.333769,0.33505,0.254865,0.392024,0.036976,0.033416,-0.011199,-0.800189,-0.484401,0.353628,0.564239,-0.807899,0.170095,0.203301,0.335639,0.91979,-0.001659,0.012343,-0.023999,-0.475607,0.368614,0.499301,0.356176,0.082598,0.027787,-0.045776,-0.56148,0.651136,-0.510647,-0.676648,-0.716502,-0.169621,-0.476326,0.25029,0.842892,0.005604,-0.00413,-0.0027,0.011651,0.248916,0.054503,-0.846028
457,0.092994,0.008605,0.388441,-0.719791,0.553252,-0.419354,-0.601032,-0.798891,-0.022472,-0.346562,0.235177,0.908083,0.025489,-0.005931,-0.003917,-1.957534,0.739831,5.046443,-1.907621,-0.115194,0.021719,0.337316,0.868708,0.41462,0.270976,-0.47964,0.840413,0.252162,-0.124268,-0.349555,0.928565,-0.002467,0.018158,-0.036298,-0.080011,0.14936,0.114251,0.373569,0.036934,0.033778,-0.01197,-0.799556,-0.482539,0.357582,0.566666,-0.803379,0.182949,0.198994,0.348908,0.915785,-0.001203,0.009073,-0.01815,-0.120922,0.185361,0.146637,0.33756,0.082893,0.027674,-0.045874,-0.557289,0.675983,-0.482156,-0.696328,-0.696792,-0.172067,-0.452277,0.239848,0.85902,0.006397,-0.001415,-0.000941,0.109997,0.26707,-0.059728,-0.847007
458,0.093434,0.008538,0.388397,-0.718985,0.562621,-0.408123,-0.608904,-0.79296,-0.020573,-0.334311,0.233011,0.913219,0.026259,-0.00327,-0.002191,0.118738,0.407509,0.176602,-1.907245,-0.115226,0.02203,0.3367,0.870194,0.409314,0.274253,-0.476451,0.840552,0.257681,-0.126141,-0.355424,0.926081,-0.003038,0.021344,-0.033739,-0.08022,0.135481,0.140086,0.363383,0.036913,0.033933,-0.012285,-0.801056,-0.477415,0.361084,0.564123,-0.803846,0.18867,0.200182,0.354831,0.913247,-0.000573,0.004806,-0.013101,-0.169306,0.198347,0.130606,0.325804,0.083109,0.027644,-0.0459,-0.553569,0.688707,-0.468233,-0.707237,-0.685644,-0.172357,-0.439745,0.23574,0.86663,0.013083,-0.001826,-0.001237,-0.386585,0.589458,1.668139,-0.848314
459,0.094439,0.008396,0.38842,-0.718075,0.57764,-0.38826,-0.619599,-0.784606,-0.021517,-0.316172,0.224391,0.921798,0.027116,-0.000224,-0.000225,0.191728,0.508962,-0.101931,-1.907055,-0.115305,0.022532,0.335833,0.872085,0.401046,0.280395,-0.472063,0.840115,0.267016,-0.12957,-0.365736,0.921582,-0.002393,0.01628,-0.020832,-0.246612,0.225053,0.218183,0.355784,0.036878,0.034195,-0.012742,-0.802868,-0.469647,0.367197,0.56075,-0.804035,0.197701,0.202389,0.364634,0.908889,-0.001227,0.008412,-0.010196,-0.298492,0.258286,0.23379,0.306209,0.083616,0.02757,-0.045884,-0.553449,0.702496,-0.447428,-0.71654,-0.675449,-0.174177,-0.424574,0.224202,0.877194,0.013126,-0.005362,0.004444,0.238505,0.585379,0.095416,-0.850763
460,0.095515,0.008118,0.388653,-0.709354,0.603053,-0.36495,-0.641044,-0.767175,-0.021849,-0.29228,0.217695,0.93124,0.027261,0.000378,0.000149,-0.045308,0.568625,-0.197685,-1.905582,-0.115359,0.022906,0.335371,0.87288,0.396388,0.284514,-0.469939,0.839543,0.272502,-0.131938,-0.372072,0.918705,-0.001431,0.009446,-0.009356,-0.11043,0.102903,0.102206,0.355364,0.036851,0.034381,-0.012968,-0.803622,-0.464845,0.37163,0.559094,-0.803683,0.20373,0.203971,0.371498,0.90575,-0.00072,0.004802,-0.004614,-0.142154,0.125835,0.117994,0.30082,0.084156,0.027435,-0.045765,-0.544948,0.725458,-0.420406,-0.73483,-0.654688,-0.177221,-0.403801,0.212351,0.889859,0.013182,-0.005131,0.00459,-0.597272,0.895009,-0.219634,-0.853866
461,0.096561,0.007894,0.388885,-0.687658,0.643151,-0.33694,-0.676133,-0.736311,-0.025712,-0.26378,0.20933,0.941609,0.026554,-0.00954,0.009661,0.175075,0.635898,0.120519,-1.904478,-0.115427,0.023144,0.335197,0.871725,0.398638,0.28491,-0.472998,0.836089,0.277781,-0.128567,-0.377418,0.917,-0.001846,0.011761,-0.007482,0.025432,0.001513,0.026301,0.354845,0.036817,0.034503,-0.013052,-0.802349,-0.466758,0.371982,0.562323,-0.800072,0.208987,0.200066,0.376855,0.904407,-8.6e-05,0.000514,0.000417,0.02533,-0.013484,-0.005482,0.298371,0.08468,0.027329,-0.045651,-0.522508,0.759535,-0.387415,-0.763863,-0.618866,-0.183074,-0.37881,0.200275,0.903544,0.013796,0.000838,0.000472,0.126264,0.986336,0.116131,-0.859417
462,0.097014,0.007881,0.388946,-0.669277,0.668096,-0.325209,-0.700453,-0.713276,-0.023963,-0.247147,0.21092,0.945758,0.014596,0.003741,0.002357,-3.84179,1.841785,4.388538,-1.903862,-0.115458,0.023212,0.335177,0.871796,0.397321,0.286528,-0.472665,0.835584,0.279859,-0.129315,-0.379918,0.915862,-0.000181,0.001008,0.000814,-0.085339,0.06383,0.047874,0.354691,0.0368,0.034542,-0.013064,-0.802279,-0.465663,0.373504,0.562275,-0.79962,0.210837,0.200482,0.379162,0.90335,-0.000127,0.000723,0.000586,-0.095659,0.072105,0.054387,0.298044,0.084911,0.027317,-0.045618,-0.505925,0.777978,-0.372545,-0.780618,-0.596698,-0.185972,-0.366979,0.196728,0.909188,0.013635,0.000289,0.000118,0.13116,0.445884,0.014194,-0.857621
463,0.097623,0.00803,0.388872,-0.637262,0.710896,-0.297606,-0.741295,-0.670977,-0.015618,-0.210003,0.209772,0.954946,0.014232,0.010008,-0.009534,-1.56878,0.297502,5.050823,-1.902645,-0.115486,0.023323,0.335179,0.862594,0.417053,0.286337,-0.491904,0.823277,0.283159,-0.118722,-0.385633,0.914907,-0.000379,0.002113,0.001706,-1.654754,-1.510621,-5.015564,0.353296,0.036786,0.034597,-0.013063,-0.794562,-0.479743,0.372176,0.576133,-0.789193,0.212704,0.191676,0.38343,0.90346,-0.000124,0.000717,0.000581,-0.100103,0.077393,0.056011,0.297228,0.085217,0.027396,-0.045647,-0.474138,0.813954,-0.335663,-0.816433,-0.549172,-0.17845,-0.329587,0.189436,0.924924,0.00072,0.006355,-0.003865,-0.084733,0.480693,-0.277466,-0.853049
464,0.097763,0.008497,0.388396,-0.605875,0.750069,-0.26525,-0.7774,-0.628977,-0.003098,-0.168412,0.203391,0.964519,0.001214,0.019416,-0.01931,0.195426,0.451098,-0.039852,-1.901983,-0.115508,0.02351,0.335202,0.860416,0.42269,0.284619,-0.496717,0.820036,0.284158,-0.114365,-0.386407,0.915136,-0.000459,0.002561,0.002065,-1.8e-05,1.4e-05,1e-05,0.349759,0.036775,0.034694,-0.013049,-0.78931,-0.490123,0.369821,0.585429,-0.782336,0.212653,0.185099,0.384353,0.904439,-0.000237,0.001338,0.001081,0.001697,-0.000109,-0.001412,0.294288,0.085292,0.027626,-0.045881,-0.4384,0.848715,-0.295782,-0.850712,-0.498021,-0.168118,-0.28999,0.177922,0.940345,-0.006241,0.00562,-0.004296,0.11596,0.654812,0.117879,-0.859744
465,0.097716,0.008884,0.388002,-0.58334,0.77258,-0.25076,-0.798751,-0.601623,0.004339,-0.146792,0.201861,0.968366,0.001042,0.018781,-0.019708,-0.107702,0.572433,1.473658,-1.901467,-0.115534,0.023605,0.335216,0.858419,0.428107,0.282547,-0.501188,0.816895,0.285353,-0.109724,-0.387106,0.915408,-0.00038,0.002121,0.001709,-0.014832,0.105845,-0.16771,0.349223,0.036762,0.034737,-0.013039,-0.787227,-0.495321,0.367328,0.589689,-0.778911,0.213455,0.180387,0.384647,0.905265,-0.000255,0.001432,0.001156,0.002795,-0.012641,0.02294,0.292819,0.085268,0.027826,-0.046087,-0.416014,0.866049,-0.27729,-0.868449,-0.468808,-0.16129,-0.269681,0.173714,0.94715,0.000507,0.009283,-0.009932,-0.005583,0.719624,1.541592,-0.857295
466,0.09747,0.009862,0.387,-0.531634,0.81525,-0.229732,-0.840127,-0.54197,0.020657,-0.107013,0.202968,0.973334,0.000909,0.025756,-0.031079,-0.031376,0.139336,0.220865,-1.900288,-0.115639,0.023689,0.335206,0.857423,0.429101,0.28406,-0.502681,0.81616,0.284832,-0.110691,-0.387558,0.915101,-8.9e-05,0.000495,0.000399,-0.0,0.0,0.0,0.339097,0.036709,0.034787,-0.013045,-0.785902,-0.496316,0.36882,0.591155,-0.778,0.212721,0.181365,0.385208,0.904831,-0.006609,-0.000798,0.00013,-0.016977,0.121051,-0.197217,0.288573,0.085145,0.028308,-0.046574,-0.362203,0.899509,-0.244317,-0.902873,-0.403702,-0.147798,-0.231577,0.167055,0.958365,-0.006112,0.013496,-0.015098,-0.337023,0.263609,1.225599,-0.86007
467,0.096866,0.010935,0.38567,-0.481839,0.85134,-0.207595,-0.873857,-0.484368,0.041635,-0.064514,0.200407,0.9776,-0.013721,0.021699,-0.03361,-0.268757,0.22531,1.29965,-1.90012,-0.115824,0.02378,0.335057,0.854504,0.435359,0.283331,-0.508406,0.812412,0.285385,-0.107006,-0.388463,0.915155,0.00019,-0.001066,-0.000859,-0.014841,0.105959,-0.167637,0.316209,0.036616,0.034832,-0.013119,-0.782613,-0.50234,0.367655,0.596623,-0.773817,0.212714,0.177643,0.385825,0.905307,0.00011,-0.0006,-0.000481,-0.01488,0.106341,-0.167799,0.266366,0.08485,0.02885,-0.047236,-0.31296,0.925643,-0.212696,-0.930299,-0.343868,-0.127657,-0.191305,0.157919,0.968743,-0.013029,0.016874,-0.020932,-1.05601,0.39846,5.133928,-0.868072
468,0.096033,0.012004,0.384065,-0.438573,0.880081,-0.182091,-0.89846,-0.434088,0.065651,-0.020726,0.191296,0.981327,-0.027012,0.029949,-0.044097,-0.069754,0.217504,-0.198255,-1.899216,-0.1159,0.02408,0.334831,0.855919,0.435574,0.27869,-0.50696,0.812644,0.287288,-0.102412,-0.387734,0.91599,-0.00198,0.012542,-0.006843,0.038486,-0.02207,0.044433,0.301937,0.03658,0.034972,-0.013234,-0.784503,-0.502638,0.363191,0.595444,-0.77415,0.214792,0.173202,0.384766,0.906617,-0.000868,0.005612,-0.003949,0.037945,-0.00347,0.018691,0.242199,0.084438,0.02938,-0.048036,-0.269073,0.946415,-0.178599,-0.951328,-0.290097,-0.104008,-0.150246,0.14192,0.978409,-0.014128,0.008911,-0.018007,-0.627026,0.726695,-0.431503,-0.876889
469,0.095476,0.01241,0.383232,-0.406549,0.898475,-0.165851,-0.913617,-0.39837,0.081104,0.007299,0.183377,0.983029,-0.029222,0.014758,-0.038102,-0.197717,0.394531,0.043553,-1.899166,-0.115939,0.024204,0.334731,0.856622,0.435684,0.276351,-0.506236,0.812738,0.288297,-0.100068,-0.387414,0.916384,-0.001678,0.010853,-0.008202,0.036311,-0.006748,0.020172,0.296427,0.03656,0.035038,-0.013281,-0.785475,-0.50277,0.360902,0.594826,-0.774319,0.215894,0.170908,0.384253,0.90727,-0.000819,0.005334,-0.004172,0.039095,-0.001238,0.017718,0.234361,0.084172,0.029583,-0.048434,-0.238966,0.958226,-0.157152,-0.962925,-0.254712,-0.088864,-0.12518,0.13009,0.983568,-0.014554,0.007806,-0.018956,-3.074239,2.405429,4.990804,-0.881952
470,0.094168,0.013019,0.381721,-0.33267,0.933371,-0.134885,-0.941537,-0.32056,0.103543,0.053812,0.160281,0.985617,-0.042547,0.015807,-0.037474,-0.076361,0.588206,1.302472,-1.861357,-0.11595,0.024343,0.334613,0.84934,0.451043,0.274177,-0.520014,0.80366,0.289224,-0.090956,-0.388799,0.916747,0.000101,-0.000564,-0.000455,-0.003087,-0.005905,0.001471,0.273534,0.036553,0.035112,-0.013342,-0.777342,-0.517532,0.35763,0.607912,-0.764216,0.215443,0.161808,0.38488,0.908671,6.1e-05,-0.000307,-0.000247,-0.001638,0.001988,-0.000569,0.211337,0.08351,0.02989,-0.049212,-0.167238,0.979455,-0.112686,-0.982444,-0.175139,-0.064243,-0.082659,0.099963,0.991551,-0.015482,0.001053,-0.0154,-0.717036,1.214573,5.198474,-0.87591
471,0.092685,0.013269,0.380389,-0.256519,0.959805,-0.114096,-0.962522,-0.242854,0.1206,0.088356,0.139561,0.986277,-0.044479,0.002266,-0.030589,-0.650261,0.752723,5.251633,-1.850424,-0.115896,0.024329,0.334557,0.844467,0.461368,0.272039,-0.529036,0.79729,0.290488,-0.083929,-0.389813,0.916987,0.000167,-0.000934,-0.000753,-0.0,-0.0,0.0,0.233938,0.03658,0.03511,-0.013373,-0.771961,-0.527423,0.354823,0.616519,-0.757189,0.215796,0.154853,0.385342,0.909687,0.000125,-0.000688,-0.000554,0.000747,0.002599,-0.00035,0.171004,0.082769,0.03002,-0.049881,-0.096221,0.992216,-0.079041,-0.993963,-0.099986,-0.045137,-0.052689,0.074221,0.995848,-0.022181,0.001168,-0.015218,-0.069084,0.202536,-0.041782,-0.863826
472,0.091904,0.013132,0.379876,-0.229391,0.967755,-0.104285,-0.968105,-0.215695,0.127356,0.101035,0.128968,0.986502,-0.03317,-0.012583,-0.024544,-2.044836,1.952758,-0.595939,-1.846808,-0.1159,0.024293,0.33453,0.842382,0.466544,0.269667,-0.53309,0.79408,0.291866,-0.079024,-0.390212,0.917253,0.000391,-0.002195,-0.001771,-0.005782,0.011476,-0.036577,0.211137,0.036578,0.03509,-0.013382,-0.769789,-0.532398,0.352102,0.620435,-0.753692,0.216813,0.149945,0.385357,0.910503,9.1e-05,-0.000495,-0.000399,0.004189,-0.113415,0.124521,0.143245,0.082375,0.029958,-0.050139,-0.063986,0.995788,-0.065656,-0.996998,-0.066659,-0.039368,-0.043579,0.06294,0.997064,-0.016601,-0.006497,-0.012354,-0.012073,0.202368,0.195999,-0.862846
473,0.090294,0.012523,0.379053,-0.179494,0.978541,-0.101415,-0.976204,-0.16436,0.141363,0.121878,0.123157,0.984888,-0.034387,-0.023286,-0.015882,-0.234681,-0.065778,-0.099765,-1.847605,-0.115885,0.02421,0.334476,0.84211,0.466801,0.270071,-0.533488,0.793836,0.291802,-0.079234,-0.390402,0.917154,0.000441,-0.002475,-0.001998,-0.0,-0.0,-0.0,0.166896,0.036585,0.035049,-0.013408,-0.769439,-0.532626,0.352523,0.620813,-0.753414,0.216695,0.150179,0.385585,0.910368,0.00017,-0.000948,-0.000764,0.000142,0.000197,0.000322,0.082011,0.081569,0.029652,-0.050558,-0.014581,0.998514,-0.052496,-0.99966,-0.015691,-0.020799,-0.021592,0.052175,0.998404,-0.023623,-0.01041,-0.007083,-0.451242,0.068686,0.160485,-0.862683
474,0.0886,0.011761,0.378505,-0.123935,0.987016,-0.102395,-0.982846,-0.107847,0.149511,0.136675,0.11794,0.983584,-0.047039,-0.018938,-0.013208,-0.374357,-0.339983,-0.23139,-1.851936,-0.115887,0.024168,0.334392,0.838402,0.473741,0.269521,-0.5396,0.790619,0.289285,-0.077092,-0.388573,0.918112,0.000208,-0.001166,-0.000942,0.000756,-0.000578,-0.000435,0.151397,0.036585,0.035023,-0.013454,-0.765274,-0.539322,0.351406,0.626384,-0.749711,0.213482,0.148318,0.383488,0.911557,0.000121,-0.000665,-0.000537,-0.009341,0.005938,0.002543,0.044617,0.080726,0.029267,-0.050834,0.041587,0.998226,-0.042596,-0.999092,0.041153,-0.011002,-0.00923,0.043015,0.999031,-0.017,-0.010709,-0.007367,-0.031863,0.16442,0.35334,-0.867908
475,0.086884,0.011127,0.377975,-0.063452,0.992633,-0.103429,-0.985783,-0.046136,0.161477,0.155588,0.110969,0.981583,-0.045942,-0.01454,-0.010378,-0.344709,-0.205726,0.189619,-1.857514,-0.115898,0.024173,0.334397,0.838576,0.475473,0.265907,-0.539728,0.790859,0.288392,-0.074222,-0.38596,0.91945,-0.000159,0.000893,0.000722,0.000149,-0.000114,-8.6e-05,0.139477,0.03658,0.035023,-0.013454,-0.765715,-0.541016,0.347823,0.626435,-0.749913,0.212623,0.145805,0.380698,0.913131,-0.000134,0.00075,0.000606,-0.005014,0.003711,0.001743,0.024859,0.079883,0.028948,-0.0511,0.099927,0.994383,-0.034862,-0.994955,0.100172,0.005339,0.008801,0.034153,0.999377,-0.016362,-0.004205,-0.011194,-0.904756,0.526795,5.210701,-0.865459
476,0.086065,0.010982,0.377674,-0.028841,0.993996,-0.105758,-0.985547,-0.010563,0.16899,0.166888,0.107867,0.980071,-0.04537,-0.012379,-0.008956,-0.266663,-0.104341,0.227096,-1.862277,-0.115899,0.02418,0.334402,0.838513,0.475532,0.266001,-0.539818,0.790804,0.288372,-0.074274,-0.386,0.919429,-2.3e-05,0.000131,0.000106,2e-06,-2e-06,-1e-06,0.136436,0.036579,0.03503,-0.013448,-0.765646,-0.541042,0.347934,0.626508,-0.749847,0.212638,0.145851,0.380789,0.913085,-2e-05,0.000109,8.7e-05,-0.000547,0.000631,0.000701,0.017837,0.079473,0.028869,-0.051249,0.133966,0.990436,-0.032998,-0.990768,0.134559,0.016477,0.02076,0.030486,0.999319,-0.022107,-0.000392,-0.008639,-0.873084,0.59554,5.153225,-0.864643
477,0.084577,0.011118,0.376986,0.041262,0.992672,-0.113775,-0.97959,0.062653,0.190917,0.196589,0.102341,0.975144,-0.041637,0.014471,-0.023009,-0.565902,-0.055021,1.255366,-1.860249,-0.115928,0.024227,0.334418,0.836067,0.480914,0.264018,-0.544204,0.787332,0.289628,-0.06963,-0.386438,0.919609,-0.000137,0.000769,0.000621,-2e-06,-4e-06,2e-06,0.135864,0.036565,0.035053,-0.013441,-0.76306,-0.546195,0.345556,0.630716,-0.746065,0.213501,0.141195,0.380862,0.913787,-8.5e-05,0.000484,0.000392,0.0023,0.00467,-0.001399,0.011796,0.078721,0.02892,-0.051586,0.199664,0.9794,-0.030145,-0.978654,0.200851,0.043506,0.048664,0.020815,0.998598,-0.020776,0.007287,-0.011434,-0.664422,-0.26466,1.174491,-0.861703
478,0.0833,0.011839,0.376018,0.124609,0.984095,-0.126791,-0.965433,0.149776,0.213257,0.228694,0.094612,0.968904,-0.039219,0.029369,-0.028965,-1.368662,0.539854,5.198156,-1.860901,-0.115958,0.024288,0.334444,0.826859,0.496161,0.2648,-0.558842,0.777089,0.289417,-0.063211,-0.387918,0.919449,-0.000235,0.001317,0.001063,-9e-06,-9e-06,-3e-05,0.135589,0.036549,0.035084,-0.013428,-0.752678,-0.560716,0.34507,0.644453,-0.734711,0.211844,0.134743,0.381832,0.914356,-0.000122,0.000689,0.00056,-0.000955,0.001666,0.000747,0.010326,0.07807,0.029279,-0.052077,0.282419,0.958813,-0.030262,-0.956021,0.283919,0.073563,0.079125,0.008155,0.99683,-0.013066,0.013383,-0.015287,-0.516121,-0.031506,1.209286,-0.863989
479,0.082389,0.013361,0.374474,0.223591,0.966274,-0.127929,-0.936637,0.249354,0.245976,0.269296,0.063625,0.960967,-0.01073,0.046103,-0.049547,-1.317637,0.641889,4.693293,-1.86971,-0.115958,0.024346,0.334476,0.827434,0.496412,0.262525,-0.558267,0.777001,0.290761,-0.060681,-0.387774,0.919681,-0.000214,0.001201,0.000969,0.0,-0.0,-0.0,0.129559,0.03655,0.035112,-0.013412,-0.753495,-0.560963,0.342878,0.644008,-0.734693,0.213256,0.132282,0.381503,0.914853,-0.000131,0.000739,0.000596,0.000252,0.000348,0.000374,0.005264,0.077614,0.03002,-0.05282,0.377391,0.925891,-0.017358,-0.91885,0.376723,0.117445,0.115281,-0.028374,0.992927,-0.011721,0.024686,-0.023684,-0.684882,-0.174036,1.135757,-0.870521
480,0.082056,0.014337,0.373525,0.260184,0.956711,-0.130588,-0.922525,0.286266,0.258786,0.284638,0.051951,0.957241,-0.022037,0.061026,-0.055498,-1.343938,0.65826,4.659684,-1.875482,-0.115972,0.024364,0.334493,0.827304,0.496529,0.262714,-0.558449,0.776885,0.290721,-0.060783,-0.387857,0.919639,-0.000287,0.001612,0.0013,0.002159,-0.015405,0.024257,0.127763,0.036543,0.035121,-0.013404,-0.753327,-0.561074,0.343066,0.644183,-0.734558,0.213193,0.132385,0.381601,0.914797,-1.8e-05,0.000103,8.4e-05,0.000149,0.000122,0.000367,0.001508,0.077443,0.03052,-0.05331,0.412156,0.910984,-0.01533,-0.901877,0.41031,0.13514,0.129401,-0.041873,0.990707,-0.005244,0.023223,-0.024603,-0.428491,-0.355788,-0.141726,-0.876726
481,0.081461,0.016648,0.371332,0.325211,0.93519,-0.14037,-0.893543,0.352513,0.278007,0.309061,0.033855,0.950454,-0.008643,0.059273,-0.056362,-0.568846,-0.531226,-0.164733,-1.883643,-0.115978,0.024403,0.334486,0.823719,0.501966,0.263643,-0.563904,0.773033,0.290459,-0.059035,-0.388564,0.919454,-0.001763,0.011331,-0.007812,0.036337,-0.00672,0.02014,0.126824,0.03654,0.035139,-0.013402,-0.749266,-0.566232,0.343483,0.649272,-0.730288,0.212426,0.130559,0.382177,0.914819,-6e-06,3.8e-05,3.1e-05,-0.000473,0.000812,0.00045,-0.001431,0.077141,0.031677,-0.054406,0.478464,0.877946,-0.01681,-0.864758,0.47443,0.164645,0.152525,-0.064241,0.986209,-0.00446,0.029081,-0.028565,-0.849992,-0.267381,0.948199,-0.883748
482,0.08124,0.018834,0.369174,0.387471,0.909146,-0.152855,-0.860622,0.416182,0.293419,0.329889,0.016731,0.943886,0.002952,0.045127,-0.049671,-0.563941,0.099373,1.044581,-1.874834,-0.115973,0.024501,0.334409,0.823161,0.502428,0.264505,-0.56465,0.772658,0.290006,-0.059695,-0.388713,0.919349,-0.001594,0.010379,-0.008578,0.036337,-0.006724,0.020137,0.126511,0.036542,0.035189,-0.01344,-0.748589,-0.566646,0.344276,0.649924,-0.729859,0.211906,0.131197,0.382383,0.914641,0.000104,-0.000575,-0.000464,6.7e-05,7.2e-05,0.000275,-0.002411,0.077028,0.032796,-0.055503,0.536229,0.843762,-0.022872,-0.826146,0.530203,0.190699,0.173032,-0.083363,0.981381,0.00152,0.022579,-0.024823,-0.585837,0.102585,1.052362,-0.866439
