frame,MLTx,MLTy,MLTz,MLTR1,MLTR2,MLTR3,MLTR4,MLTR5,MLTR6,MLTR7,MLTR8,MLTR9,MLTTVx,MLTTVy,MLTTVz,MLTRVx,MLTRVy,MLTRVz,MLGA,MRTx,MRTy,MRTz,MRTR1,MRTR2,MRTR3,MRTR4,MRTR5,MRTR6,MRTR7,MRTR8,MRTR9,MRTTVx,MRTTVy,MRTTVz,MRTRVx,MRTRVy,MRTRVz,MRGA,SLTx,SLTy,SLTz,SLTR1,SLTR2,SLTR3,SLTR4,SLTR5,SLTR6,SLTR7,SLTR8,SLTR9,SLTTVx,SLTTVy,SLTTVz,SLTRVx,SLTRVy,SLTRVz,SLGA,SRTx,SRTy,SRTz,SRTR1,SRTR2,SRTR3,SRTR4,SRTR5,SRTR6,SRTR7,SRTR8,SRTR9,SRTTVx,SRTTVy,SRTTVz,SRTRVx,SRTRVy,SRTRVz,SRGA
609,0.121394,0.144322,0.231966,-0.83979,-0.018791,-0.542628,-0.257919,-0.865663,0.429043,-0.476754,0.500279,0.72281,-0.010313,-0.009923,0.024592,0.045468,0.062883,0.128632,-1.913668,-0.112056,0.02137,0.325468,0.452164,-0.392307,0.801021,0.343852,0.905261,0.249404,-0.823528,0.163136,0.543186,0.000252,-0.001327,-0.001153,0.0,0.0,0.0,0.184011,0.0385,0.033628,-0.017913,-0.388367,0.348141,0.85321,-0.244996,-0.931574,0.268599,0.888339,-0.104718,0.447086,0.000143,-0.000751,-0.000653,-5e-06,-3e-06,1e-05,0.06013,0.097102,0.095513,-0.124154,-0.735304,0.140931,-0.662922,-0.44746,-0.835598,0.318675,-0.509025,0.530955,0.67748,0.000495,-0.005464,0.012083,0.110147,0.10467,0.200239,-0.866112
610,0.121422,0.144204,0.2328,-0.839365,-0.01389,-0.543433,-0.261005,-0.866638,0.425191,-0.475824,0.498742,0.724482,0.003913,0.014296,0.017197,0.264373,0.115319,0.325252,-1.913421,-0.112108,0.021326,0.325398,0.452143,-0.392182,0.801094,0.343853,0.905299,0.249267,-0.82354,0.163229,0.543141,0.000503,-0.002658,-0.00231,-0.002234,0.015699,-0.024061,0.183079,0.038474,0.033608,-0.017947,-0.388334,0.348035,0.853268,-0.245018,-0.931603,0.268476,0.888348,-0.104807,0.447048,-0.006508,-0.001993,-0.000864,-0.002045,0.015195,-0.029236,0.060946,0.097117,0.095469,-0.123705,-0.734214,0.14473,-0.663311,-0.449809,-0.835509,0.315587,-0.508528,0.530072,0.678544,0.001143,0.000565,0.009985,0.444212,0.244901,0.501162,-0.867908
611,0.121503,0.144282,0.233133,-0.838881,-0.01373,-0.544184,-0.261731,-0.8664,0.425231,-0.47628,0.49916,0.723895,0.00355,0.012997,0.015588,7.9e-05,-0.046294,0.034913,-1.91345,-0.112162,0.021287,0.325345,0.452105,-0.391953,0.801227,0.343777,0.905382,0.249066,-0.823592,0.163314,0.543036,0.000408,-0.002156,-0.001874,0.0,0.0,0.0,0.186074,0.038447,0.033585,-0.017975,-0.388259,0.347791,0.853402,-0.244951,-0.931686,0.268252,0.888399,-0.10489,0.446927,0.000256,-0.001351,-0.001172,-1e-05,-9e-06,2.1e-05,0.061273,0.097159,0.095514,-0.123532,-0.733362,0.146431,-0.663881,-0.450892,-0.835609,0.313774,-0.508798,0.529448,0.678828,0.000896,-0.000316,0.008906,-0.051773,-0.006441,-0.004961,-0.867745
612,0.121669,0.144148,0.233828,-0.838073,-0.015565,-0.545378,-0.262674,-0.864637,0.428226,-0.47718,0.502156,0.721225,-8.7e-05,-0.014818,0.0193,-0.070662,0.02329,-0.0052,-1.913135,-0.112162,0.021238,0.325224,0.452117,-0.392122,0.801138,0.343996,0.905287,0.24911,-0.823494,0.163436,0.543148,0.000625,-0.003303,-0.002875,-0.002234,0.015704,-0.024057,0.19311,0.038447,0.033563,-0.018034,-0.388299,0.347977,0.853308,-0.245178,-0.931601,0.268337,0.888318,-0.105018,0.447056,0.00023,-0.001206,-0.001049,5e-06,1e-05,-1.8e-05,0.068131,0.097244,0.09546,-0.123182,-0.732656,0.144225,-0.665141,-0.452001,-0.833754,0.317094,-0.508831,0.532966,0.676045,6.4e-05,-0.00698,0.01016,-0.056649,0.006063,0.022342,-0.865296
613,0.121608,0.143133,0.234725,-0.839388,-0.014897,-0.54337,-0.264022,-0.862642,0.431409,-0.474119,0.505595,0.720841,-0.00284,-0.039466,0.026949,-0.135352,0.069294,-0.015626,-1.912909,-0.112143,0.021141,0.325127,0.45206,-0.391844,0.801306,0.343872,0.905394,0.24889,-0.823577,0.163508,0.543001,0.000516,-0.00273,-0.002378,0.0,0.0,0.0,0.206869,0.038457,0.033512,-0.018085,-0.388197,0.347685,0.853473,-0.245064,-0.931703,0.268088,0.888395,-0.105084,0.446889,0.000319,-0.001682,-0.001465,-5e-06,2.2e-05,-1e-05,0.079235,0.097214,0.094958,-0.122741,-0.734171,0.145122,-0.663272,-0.453505,-0.831833,0.319979,-0.505296,0.535717,0.676521,-0.006981,-0.01887,0.014129,-0.1351,0.129089,-0.071245,-0.865949
614,0.121477,0.142209,0.235327,-0.839548,-0.012142,-0.543192,-0.266562,-0.861984,0.431163,-0.472417,0.506787,0.721122,-0.003785,-0.050218,0.032739,-0.007716,0.152405,0.181089,-1.913128,-0.112148,0.021061,0.325046,0.449726,-0.392872,0.802115,0.343542,0.904996,0.25079,-0.824989,0.163249,0.540931,0.000888,-0.004698,-0.004096,-0.032811,0.06857,0.01333,0.212996,0.038454,0.033474,-0.018123,-0.385644,0.348993,0.854097,-0.244469,-0.931266,0.270142,0.88967,-0.104622,0.444456,0.000455,-0.0024,-0.002093,-0.019502,0.049064,9e-06,0.088542,0.097148,0.094497,-0.122446,-0.734025,0.147181,-0.662981,-0.45563,-0.830641,0.320054,-0.503594,0.537002,0.676771,-0.001984,-0.025401,0.016023,0.089271,0.063837,0.368523,-0.867419
615,0.120981,0.139201,0.237072,-0.84061,-0.003943,-0.541668,-0.273771,-0.859791,0.431023,-0.466379,0.510616,0.72235,-0.008613,-0.097143,0.051661,-0.247709,0.183212,0.025636,-1.912522,-0.112157,0.020841,0.324822,0.445135,-0.395367,0.803449,0.343113,0.90401,0.2549,-0.827648,0.162688,0.537023,0.001264,-0.006688,-0.005845,-0.030582,-0.017129,0.195415,0.235117,0.038449,0.033364,-0.018236,-0.381044,0.351866,0.854982,-0.243636,-0.930277,0.274271,0.891877,-0.103796,0.440203,0.000649,-0.00342,-0.002986,-0.012387,-0.043873,0.177125,0.11026,0.096909,0.093046,-0.121607,-0.733906,0.156392,-0.661001,-0.462366,-0.827901,0.317482,-0.497593,0.538627,0.679912,-0.009935,-0.047807,0.026345,-0.273613,0.1902,-0.015398,-0.87346
616,0.120106,0.134774,0.239614,-0.839928,-0.001141,-0.542738,-0.272521,-0.863933,0.423466,-0.468331,0.503586,0.726012,-0.033212,-0.123006,0.076351,0.796175,-0.303345,-0.970328,-1.912753,-0.112152,0.020616,0.324418,0.428622,-0.40763,0.806295,0.358166,0.895908,0.262678,-0.829964,0.176692,0.528963,9e-05,0.001258,-0.016569,-0.140756,0.332631,0.229848,0.251845,0.038451,0.033257,-0.018426,-0.36663,0.364682,0.855913,-0.258587,-0.923669,0.282785,0.893708,-0.117651,0.432946,0.000118,0.000257,-0.008606,-0.191994,0.640058,0.456388,0.138346,0.096472,0.090795,-0.120332,-0.732453,0.159973,-0.661755,-0.46187,-0.830875,0.310357,-0.500188,0.532967,0.682464,-0.011649,-0.068744,0.039108,2.949042,-2.028,-3.568286,-0.877053
617,0.118623,0.128866,0.243244,-0.838427,0.00064,-0.545056,-0.266646,-0.872672,0.409043,-0.474353,0.488284,0.732527,-0.048337,-0.162823,0.10517,0.358904,-0.234995,0.530715,-1.913446,-0.112104,0.020419,0.323714,0.406653,-0.421962,0.810291,0.377901,0.885129,0.271422,-0.832238,0.196347,0.518354,0.001327,-0.005283,-0.022376,1.065053,1.00994,1.21129,0.254591,0.038474,0.033162,-0.018775,-0.346775,0.379587,0.857706,-0.276611,-0.915166,0.293181,0.896232,-0.135583,0.422355,0.000785,-0.00283,-0.011477,4.479579,1.572005,2.886815,0.151409,0.095718,0.087793,-0.118491,-0.73083,0.159815,-0.663585,-0.45363,-0.840152,0.297261,-0.510006,0.51827,0.686505,-0.024022,-0.080836,0.053273,0.452643,-0.262189,0.634669,-0.869705
618,0.117649,0.125505,0.245493,-0.838624,-0.0002,-0.544752,-0.261032,-0.877594,0.402074,-0.477112,0.479382,0.736603,-0.061403,-0.180282,0.122527,0.839077,0.014822,-0.845686,-1.912746,-0.112074,0.020309,0.323165,0.393417,-0.426833,0.814265,0.387359,0.880126,0.274344,-0.834234,0.207999,0.510543,0.000227,0.002281,-0.033489,0.08252,0.891216,-0.365124,0.252783,0.038489,0.033105,-0.019044,-0.331663,0.38759,0.8601,-0.287243,-0.909905,0.29927,0.898604,-0.147802,0.413115,0.00111,-0.005122,-0.013405,0.48557,2.164392,-1.560612,0.154348,0.095231,0.086111,-0.117368,-0.730916,0.159898,-0.663471,-0.448236,-0.84556,0.290019,-0.514631,0.509372,0.689706,-0.030525,-0.089521,0.061994,0.850219,0.018561,-0.856701,-0.87542
619,0.115344,0.118377,0.250757,-0.837462,0.009321,-0.546458,-0.261593,-0.884742,0.38571,-0.478841,0.465951,0.744062,-0.073874,-0.192936,0.146983,0.069954,-1.551885,1.495893,-1.912784,-0.111996,0.020135,0.321793,0.361648,-0.437256,0.823413,0.405385,0.869015,0.283564,-0.839987,0.23178,0.490472,0.001432,-0.004073,-0.03931,-0.333043,0.725908,0.462956,0.240948,0.038527,0.033021,-0.019728,-0.301341,0.398868,0.866081,-0.305428,-0.900822,0.308598,0.903275,-0.171532,0.39328,0.000814,-0.00247,-0.020029,-0.082115,0.295892,0.164735,0.145694,0.094108,0.082623,-0.114787,-0.729814,0.16892,-0.662447,-0.4458,-0.852222,0.273825,-0.518297,0.49516,0.697268,-0.030152,-0.090192,0.071697,0.043434,0.967915,0.033607,-0.882278
620,0.112543,0.110691,0.256885,-0.838224,0.016929,-0.545105,-0.259701,-0.891325,0.371572,-0.478536,0.453,0.752211,-0.075744,-0.209905,0.167959,-0.077728,1.087078,0.09233,-1.912602,-0.111765,0.020081,0.320016,0.323136,-0.433763,0.841085,0.421307,0.861703,0.282671,-0.847767,0.263539,0.46011,0.000467,0.002855,-0.051233,-0.098407,1.262119,-0.110299,0.226815,0.038644,0.032989,-0.020614,-0.260882,0.398979,0.879065,-0.321749,-0.894469,0.310484,0.910174,-0.201839,0.361722,0.007092,0.001785,-0.0262,0.29502,2.726606,-1.579691,0.130998,0.092711,0.078791,-0.111725,-0.72757,0.175706,-0.663149,-0.443577,-0.857885,0.259366,-0.523334,0.482865,0.702112,-0.037845,-0.104833,0.084149,0.155729,1.033586,0.398126,-0.894198
621,0.110912,0.106686,0.260249,-0.834941,0.019748,-0.550027,-0.260873,-0.894183,0.363805,-0.483605,0.447213,0.752432,-0.087058,-0.203793,0.175438,-0.16511,0.655693,0.154601,-1.912244,-0.11156,0.020102,0.318986,0.307071,-0.425264,0.851381,0.418208,0.863828,0.280779,-0.855221,0.27035,0.442008,0.001028,-2e-05,-0.054005,-0.344425,0.925089,0.330106,0.223599,0.038746,0.033001,-0.021148,-0.242445,0.391012,0.887879,-0.318705,-0.896492,0.307779,0.916322,-0.208352,0.341967,0.000596,-0.000296,-0.027258,-0.302214,0.840939,0.293238,0.123487,0.091901,0.076788,-0.110043,-0.723334,0.178948,-0.666906,-0.44388,-0.860334,0.250588,-0.52892,0.477286,0.701741,-0.043465,-0.101637,0.088057,0.077919,-0.02633,0.628802,-0.899913
622,0.107373,0.098586,0.267518,-0.830873,0.0234,-0.556011,-0.258143,-0.901344,0.347725,-0.49199,0.432412,0.75564,-0.086161,-0.19552,0.187187,0.342072,0.057175,0.916062,-1.912602,-0.110984,0.020176,0.316717,0.266929,-0.408979,0.872627,0.425704,0.862323,0.274062,-0.864889,0.298819,0.40316,0.015057,-0.000203,-0.056457,0.236681,0.870551,0.217887,0.228766,0.039023,0.033034,-0.022243,-0.199295,0.377952,0.90412,-0.325241,-0.89584,0.302798,0.924391,-0.233711,0.301462,0.007772,-0.00074,-0.029,4.45989,2.544975,2.438022,0.119731,0.090164,0.07281,-0.106481,-0.719938,0.179981,-0.670294,-0.438709,-0.866382,0.238569,-0.537793,0.46582,0.702701,-0.043909,-0.104232,0.09592,0.95713,0.355305,-0.867013,-0.901056
623,0.103875,0.090829,0.274942,-0.832247,0.041387,-0.552898,-0.260676,-0.909342,0.324218,-0.488324,0.4139,0.76828,-0.100423,-0.203127,0.199588,0.366809,0.450641,0.422881,-1.911933,-0.110498,0.0203,0.31445,0.235783,-0.402403,0.884573,0.423087,0.861885,0.279438,-0.875125,0.308849,0.372332,0.014942,0.000773,-0.055976,-0.330044,1.014997,0.225086,0.253109,0.039272,0.03309,-0.023403,-0.167284,0.373583,0.912387,-0.324116,-0.894829,0.306967,0.931109,-0.244369,0.270775,-0.000163,0.004774,-0.032035,-0.091963,0.730029,-0.285997,0.141775,0.088353,0.068793,-0.102619,-0.717406,0.199891,-0.667361,-0.439721,-0.872941,0.211228,-0.540345,0.444989,0.71415,-0.050279,-0.10165,0.09983,0.428425,0.497162,0.463698,-0.897954
624,0.102108,0.086845,0.27884,-0.83063,0.050257,-0.554594,-0.263677,-0.912707,0.312111,-0.489465,0.405415,0.772068,-0.100609,-0.201184,0.203082,0.099927,-0.049309,0.931257,-1.912593,-0.110335,0.020399,0.313341,0.22605,-0.406021,0.885461,0.420648,0.86049,0.287313,-0.87885,0.308009,0.364168,0.001024,0.000462,-0.054514,-0.168209,0.711924,-0.008601,0.25503,0.03936,0.033137,-0.023961,-0.156121,0.378665,0.91227,-0.320387,-0.893072,0.315867,0.934332,-0.242966,0.260747,0.006371,0.007216,-0.030807,-0.220581,0.905469,0.002219,0.154022,0.087508,0.066878,-0.100745,-0.714829,0.208367,-0.667534,-0.440538,-0.875521,0.198462,-0.543087,0.435941,0.717642,-0.044274,-0.101737,0.100827,0.678691,-1.579437,2.033458,-0.894198
625,0.098552,0.078901,0.287001,-0.827397,0.064105,-0.557988,-0.265026,-0.92048,0.287141,-0.494183,0.385376,0.779291,-0.088654,-0.199707,0.208269,3.076782,-1.02942,-3.559583,-1.911942,-0.110023,0.020671,0.311281,0.210117,-0.430313,0.87788,0.418862,0.850896,0.316963,-0.883623,0.301631,0.357901,0.013337,0.009376,-0.048329,-0.13464,0.517977,0.238189,0.270344,0.039507,0.033259,-0.024981,-0.143975,0.403535,0.903565,-0.316264,-0.883955,0.344383,0.937682,-0.236183,0.254891,-5.3e-05,0.003341,-0.024454,-0.246112,0.124611,0.888456,0.167085,0.08576,0.062983,-0.096742,-0.707471,0.225067,-0.669946,-0.443808,-0.879204,0.1733,-0.550016,0.419933,0.721898,-0.038367,-0.101473,0.102955,-0.17764,0.179058,0.721909,-0.894035
626,0.09571,0.071097,0.29501,-0.824443,0.078936,-0.560455,-0.267829,-0.926758,0.263362,-0.497595,0.367129,0.785903,-0.064232,-0.202278,0.210242,0.879468,-1.752414,2.351654,-1.912252,-0.109716,0.020975,0.309682,0.199972,-0.459734,0.865244,0.421153,0.837598,0.347842,-0.884874,0.295399,0.360001,-0.001546,0.013723,-0.042326,-0.008219,0.14166,0.384187,0.301889,0.039672,0.033411,-0.025803,-0.136104,0.43413,0.890508,-0.315688,-0.871021,0.37638,0.93905,-0.229896,0.2556,0.006997,0.002301,-0.017314,-0.071867,0.170341,0.433275,0.203172,0.084297,0.059008,-0.092659,-0.705189,0.234246,-0.669205,-0.438316,-0.885912,0.151784,-0.557302,0.40036,0.72741,-0.032372,-0.101769,0.104587,-0.24377,0.308662,0.753664,-0.890116
627,0.093266,0.063505,0.302947,-0.823604,0.091108,-0.55984,-0.2662,-0.933654,0.239582,-0.499848,0.346232,0.793916,-0.050554,-0.184702,0.19511,0.131162,0.393619,1.172963,-1.911716,-0.109647,0.021451,0.308456,0.19189,-0.47678,0.857817,0.424378,0.828353,0.365607,-0.885112,0.294461,0.360183,-0.001628,0.012176,-0.025334,0.006017,0.046534,0.297244,0.318314,0.039707,0.033649,-0.026437,-0.130017,0.451871,0.882557,-0.317646,-0.862181,0.394643,0.939252,-0.229031,0.255633,-0.000883,0.006562,-0.012214,0.02199,0.021843,0.276811,0.235341,0.083054,0.055145,-0.088604,-0.700612,0.2475,-0.669242,-0.434933,-0.891665,0.125564,-0.565663,0.379047,0.732357,-0.025535,-0.092906,0.097108,0.224005,0.476507,1.246666,-0.892565
628,0.092076,0.060035,0.306577,-0.823775,0.098153,-0.558396,-0.264649,-0.937588,0.225524,-0.500388,0.333432,0.799038,-0.064259,-0.177835,0.184693,0.225513,0.629465,1.01299,-1.912262,-0.109725,0.021827,0.308001,0.189872,-0.482041,0.855322,0.426301,0.825166,0.370546,-0.884621,0.294854,0.361069,-0.00268,0.017486,-0.020185,0.066026,-0.071342,0.208735,0.322273,0.03967,0.033829,-0.026658,-0.128523,0.457196,0.880029,-0.319147,-0.85925,0.399791,0.938949,-0.229477,0.256346,-0.001469,0.009502,-0.00936,0.092918,-0.12463,0.204004,0.243179,0.082461,0.05342,-0.08678,-0.69993,0.254115,-0.667474,-0.431746,-0.895014,0.111998,-0.568939,0.36657,0.736161,-0.032466,-0.089709,0.091702,0.142354,0.566933,0.951804,-0.896321
629,0.089866,0.053275,0.312868,-0.820687,0.121588,-0.558331,-0.272755,-0.941955,0.195696,-0.501111,0.312736,0.806914,-0.042889,-0.171586,0.142115,0.19567,0.545342,0.932623,-1.910935,-0.109941,0.022746,0.307538,0.185711,-0.491314,0.850949,0.429285,0.819485,0.379596,-0.884055,0.295403,0.362005,-0.003205,0.018169,-0.000944,0.05202,-0.131505,0.210085,0.324406,0.039563,0.034286,-0.0269,-0.125798,0.4667,0.875422,-0.321631,-0.853956,0.409037,0.93847,-0.230108,0.257531,-0.002627,0.015309,-0.003714,0.104935,-0.164241,0.210245,0.252649,0.081399,0.050189,-0.083724,-0.69374,0.275325,-0.665522,-0.43462,-0.896871,0.082014,-0.574307,0.346146,0.741857,-0.020907,-0.080276,0.067227,0.088561,0.364517,0.822455,-0.897137
630,0.088272,0.046994,0.317379,-0.816802,0.142136,-0.559175,-0.282833,-0.943378,0.173251,-0.501876,0.299482,0.811454,-0.032876,-0.160102,0.102792,-0.100198,0.181563,0.68067,-1.91074,-0.11026,0.023692,0.307751,0.187173,-0.499017,0.846132,0.43221,0.815258,0.385335,-0.882321,0.29419,0.367184,-0.018967,0.027106,0.009651,0.039267,-0.025262,0.037317,0.320407,0.039412,0.034743,-0.026802,-0.128657,0.474181,0.870976,-0.324278,-0.850109,0.414919,0.937171,-0.229056,0.263139,-0.008702,0.008616,0.009317,0.004839,-0.03425,0.038567,0.250363,0.080576,0.04698,-0.081401,-0.687,0.297275,-0.663066,-0.441441,-0.895548,0.055871,-0.577199,0.331088,0.746471,-0.016144,-0.075296,0.046862,-0.019634,0.199495,0.717342,-0.90122
631,0.087701,0.043902,0.319214,-0.815856,0.150816,-0.558281,-0.284422,-0.945203,0.160211,-0.502515,0.289303,0.814745,-0.019001,-0.144995,0.082517,0.194892,0.383221,0.54197,-1.910382,-0.110488,0.024232,0.308095,0.188245,-0.503869,0.843013,0.433492,0.81277,0.38913,-0.881465,0.292802,0.370337,-0.004899,0.024894,0.023886,0.007253,-0.049785,0.070307,0.31953,0.039291,0.035023,-0.026634,-0.130497,0.479137,0.867984,-0.32539,-0.847676,0.419005,0.936531,-0.227755,0.266526,-0.009345,0.011938,0.012463,0.021178,-0.146242,0.198069,0.249384,0.080294,0.045473,-0.080516,-0.684644,0.304464,-0.66224,-0.441437,-0.896195,0.044347,-0.579995,0.322699,0.747976,-0.009893,-0.073481,0.040385,1.182788,0.264482,-0.607975,-0.902036
632,0.087027,0.039171,0.321763,-0.815176,0.16413,-0.555513,-0.286946,-0.947493,0.141035,-0.502186,0.274161,0.820166,-0.01417,-0.10144,0.051472,0.029991,0.133308,0.566629,-1.91084,-0.110858,0.025586,0.309304,0.19594,-0.524663,0.828449,0.43818,0.802555,0.404768,-0.877471,0.28434,0.386081,-0.007417,0.037806,0.035799,-0.002548,-0.732833,0.874948,0.317731,0.039104,0.035711,-0.026018,-0.141555,0.499262,0.854809,-0.329206,-0.838099,0.434986,0.933587,-0.219834,0.282997,-0.003869,0.019616,0.018589,-0.01852,-0.756133,0.955174,0.247587,0.079936,0.043019,-0.079214,-0.682747,0.318372,-0.657643,-0.441014,-0.897191,0.023508,-0.582548,0.30608,0.752962,-0.007297,-0.051188,0.025329,0.073162,0.175927,0.596364,-0.90024
633,0.086441,0.035928,0.323135,-0.816455,0.17434,-0.550501,-0.288301,-0.949077,0.12692,-0.499329,0.262112,0.82583,-0.010421,-0.060809,0.01711,0.244906,0.271463,0.498439,-1.91043,-0.111194,0.027282,0.310965,0.213124,-0.54216,0.812793,0.429192,0.79921,0.420702,-0.87793,0.259846,0.401973,-0.008929,0.045592,0.042427,0.001472,-0.105488,0.126979,0.317415,0.038942,0.036532,-0.025213,-0.161511,0.515392,0.841596,-0.318624,-0.834355,0.44981,0.934019,-0.195504,0.298973,-0.00455,0.023093,0.021524,-0.118787,-0.413135,0.432164,0.245954,0.079644,0.041407,-0.078527,-0.682969,0.326845,-0.653241,-0.440358,-0.897752,0.011213,-0.582784,0.295318,0.757066,-0.011968,-0.029699,0.008882,-0.10784,0.043724,0.046622,-0.903506
634,0.086007,0.034212,0.323291,-0.815415,0.171612,-0.552895,-0.284116,-0.950746,0.12382,-0.503403,0.257832,0.824703,-0.006665,-0.027377,-0.006405,-0.03279,-0.07493,0.12646,-1.91003,-0.111543,0.028933,0.312626,0.23228,-0.548731,0.803076,0.409082,0.804114,0.431262,-0.882685,0.229023,0.410218,-0.006817,0.03299,0.048088,-0.12756,-0.254466,0.198062,0.318654,0.038761,0.037392,-0.024357,-0.181877,0.520752,0.834109,-0.297139,-0.837707,0.458207,0.937352,-0.164509,0.307095,-0.004434,0.022533,0.020634,-0.373478,-0.41244,0.069696,0.245301,0.079417,0.0405,-0.078439,-0.682163,0.325583,-0.654711,-0.436181,-0.89983,0.006992,-0.586853,0.290343,0.755845,-0.003627,-0.014524,-0.003925,-0.051711,-0.077012,0.09044,-0.907915
635,0.085892,0.033844,0.323021,-0.814793,0.168775,-0.554682,-0.280645,-0.951947,0.122502,-0.506343,0.255266,0.823701,-0.005692,-0.017061,-0.015016,-0.001181,-0.081416,0.11543,-1.910055,-0.111684,0.029633,0.313425,0.236609,-0.551874,0.799651,0.405573,0.803905,0.434948,-0.88316,0.222081,0.413003,-0.005838,0.028009,0.043247,-0.010158,-0.173452,0.235889,0.321642,0.038686,0.037765,-0.02393,-0.186937,0.523745,0.831111,-0.293167,-0.837215,0.461652,0.937607,-0.157355,0.310051,-0.002913,0.013823,0.021473,-0.009354,-0.173132,0.2369,0.247751,0.079359,0.040312,-0.078571,-0.681635,0.322647,-0.656712,-0.432806,-0.901464,0.006336,-0.589958,0.288549,0.754113,-0.002194,-0.002869,-0.011337,0.028971,-0.103994,0.130175,-0.904649
636,0.085654,0.033722,0.322246,-0.8207,0.158621,-0.548941,-0.269719,-0.954466,0.12735,-0.502728,0.252373,0.826801,-0.002713,-0.000723,-0.018337,0.030931,0.001143,-0.012239,-1.909832,-0.111852,0.030305,0.314755,0.237666,-0.555509,0.796816,0.405565,0.802063,0.438343,-0.882881,0.219664,0.414888,-0.015661,0.008246,0.026927,-0.033702,-0.010604,-0.002002,0.323778,0.038604,0.038116,-0.023259,-0.188545,0.52733,0.828476,-0.292975,-0.835395,0.465059,0.937345,-0.155038,0.312005,-0.001171,0.00495,0.013307,-0.028584,-0.041995,0.050927,0.252323,0.079235,0.040235,-0.078965,-0.689785,0.313307,-0.652712,-0.423413,-0.905848,0.012648,-0.587296,0.285091,0.757499,-0.007239,0.006655,-0.012118,0.061538,0.016757,-0.050777,-0.900403
637,0.085196,0.034316,0.321569,-0.823684,0.147712,-0.547513,-0.260831,-0.955969,0.134393,-0.502533,0.253317,0.82663,-0.013134,0.009967,-0.009511,-0.002605,-0.029017,-0.070402,-1.910408,-0.111845,0.030045,0.315613,0.240488,-0.554504,0.796669,0.404377,0.803291,0.43719,-0.882665,0.217697,0.416381,0.000873,-0.006345,0.01202,-0.0136,-0.029591,-0.047941,0.322737,0.0386,0.038001,-0.022828,-0.19149,0.52605,0.828615,-0.292063,-0.836534,0.463582,0.937032,-0.153236,0.313827,0.008091,-0.00836,0.009323,-0.054133,-0.033944,-0.035554,0.252486,0.079013,0.040515,-0.079305,-0.694406,0.302771,-0.652785,-0.41618,-0.909037,0.021091,-0.58702,0.286322,0.757248,-0.00641,0.005423,-0.004359,0.029548,0.082934,-0.256198,-0.896647
638,0.085044,0.034572,0.321363,-0.824672,0.144846,-0.546792,-0.259493,-0.955809,0.138076,-0.501607,0.25557,0.8265,0.000286,0.008224,-0.010409,0.007198,-0.02336,-0.029901,-1.911154,-0.111729,0.029701,0.315881,0.240589,-0.554233,0.796828,0.403262,0.803728,0.437418,-0.883148,0.216773,0.415839,0.001819,-0.011194,0.007694,-0.036068,0.00659,-0.020222,0.322532,0.03866,0.037814,-0.022687,-0.19142,0.525806,0.828785,-0.290709,-0.836885,0.4638,0.937468,-0.152155,0.313052,0.001038,-0.006325,0.003196,-0.041773,0.014106,-0.01448,0.251996,0.078929,0.040655,-0.079411,-0.695896,0.299996,-0.65248,-0.415424,-0.909284,0.024998,-0.58579,0.288452,0.757393,-0.006143,0.006213,-0.003656,0.02537,0.008465,-0.018146,-0.893382
639,0.084704,0.034821,0.321314,-0.829292,0.130824,-0.543328,-0.245853,-0.958482,0.144365,-0.500856,0.253131,0.827705,-0.012313,0.004997,0.003785,-0.001386,0.014301,-0.029853,-1.912655,-0.111467,0.028891,0.316057,0.250758,-0.550293,0.796423,0.404488,0.806927,0.43034,-0.879765,0.214907,0.423901,0.016806,-0.017703,7.2e-05,0.161146,-0.398776,-0.075072,0.335384,0.038786,0.03741,-0.022605,-0.200338,0.521359,0.829487,-0.292262,-0.839905,0.457319,0.935118,-0.150809,0.320639,0.001872,-0.010549,-0.000585,0.246115,-0.410132,-0.373711,0.258201,0.078762,0.040778,-0.079443,-0.703049,0.28695,-0.650676,-0.403512,-0.914387,0.032744,-0.585575,0.285577,0.758648,-0.006177,0.002435,0.001842,0.007797,0.019206,-0.020415,-0.885707
640,0.084421,0.034817,0.321535,-0.837292,0.114628,-0.534648,-0.226851,-0.96248,0.148808,-0.496492,0.245732,0.83255,-0.012426,0.004659,0.00348,0.919382,-0.169262,-1.386733,-1.91233,-0.111309,0.02827,0.315734,0.261868,-0.550555,0.792657,0.407912,0.807408,0.426185,-0.874947,0.212406,0.434987,0.002654,-0.013557,-0.012192,0.0993,-0.134912,-0.174678,0.332666,0.038871,0.037091,-0.022768,-0.212932,0.520492,0.82689,-0.296522,-0.840809,0.452895,0.930985,-0.148755,0.333373,0.000389,-0.001044,-0.009825,0.156921,-0.283066,0.021639,0.26457,0.078624,0.040785,-0.079325,-0.714279,0.273463,-0.644222,-0.38789,-0.920872,0.039176,-0.582533,0.27787,0.763833,-0.000238,-0.004513,0.004824,2.927238,-0.698084,-4.619005,-0.889626
641,0.084121,0.034514,0.321943,-0.842406,0.106182,-0.528322,-0.210623,-0.967282,0.141334,-0.494984,0.230199,0.83787,-0.000811,-0.009747,0.00906,0.215853,0.267363,0.153689,-1.912774,-0.111173,0.027981,0.31517,0.27976,-0.556478,0.782341,0.415491,0.804711,0.423959,-0.865817,0.207132,0.455325,0.000155,0.001108,-0.016821,0.313664,-0.52217,-0.159684,0.315932,0.038942,0.036928,-0.02306,-0.230884,0.525615,0.818792,-0.303917,-0.838382,0.452491,0.924297,-0.144372,0.353312,0.007702,-0.004172,-0.004689,0.427472,-0.719534,-0.304409,0.255425,0.07847,0.04064,-0.079121,-0.721772,0.263746,-0.639908,-0.369941,-0.928409,0.034613,-0.584968,0.261711,0.76767,-0.007589,-0.009054,0.009352,0.292748,0.509896,-0.00617,-0.88734
642,0.083985,0.034293,0.322207,-0.844784,0.110975,-0.523516,-0.21127,-0.967957,0.135633,-0.490642,0.22504,0.841817,-0.000376,-0.008465,0.0102,0.260134,0.321584,0.202189,-1.91303,-0.111052,0.028031,0.314904,0.288551,-0.560024,0.776598,0.419991,0.80285,0.423053,-0.860756,0.20478,0.465862,-0.000518,0.004546,-0.013721,0.372585,-0.608894,-0.226945,0.308399,0.039004,0.036947,-0.023199,-0.239958,0.528733,0.814162,-0.308398,-0.836739,0.4525,0.920494,-0.142505,0.363842,0.006336,0.003757,-0.006438,0.07428,-0.277071,0.347332,0.244321,0.078402,0.040528,-0.078992,-0.724139,0.268553,-0.635217,-0.369769,-0.928673,0.028914,-0.582144,0.255821,0.771791,-0.007336,-0.008299,0.010022,0.338222,0.458163,0.269407,-0.879829
643,0.083846,0.033668,0.322923,-0.851166,0.110118,-0.51326,-0.201111,-0.97155,0.124967,-0.48384,0.209447,0.84974,-0.000837,-0.017183,0.020191,0.180462,0.294165,-0.170336,-1.913047,-0.110795,0.028488,0.314485,0.297263,-0.566269,0.768742,0.426944,0.798912,0.423548,-0.854356,0.203001,0.478256,0.009796,0.023912,-0.015852,0.10394,-0.162178,0.216545,0.318563,0.039132,0.037176,-0.023414,-0.252096,0.533531,0.807336,-0.316196,-0.833903,0.452354,0.914586,-0.14124,0.378924,0.004862,0.012178,-0.00773,0.064479,-0.116621,0.251262,0.243832,0.078332,0.040209,-0.078632,-0.732433,0.269014,-0.625437,-0.358668,-0.933279,0.018603,-0.578704,0.23795,0.780051,-0.000396,-0.008493,0.010188,0.134289,0.245477,-0.206604,-0.874767
644,0.083622,0.032774,0.323811,-0.860551,0.101543,-0.499186,-0.179681,-0.977449,0.110818,-0.475609,0.184927,0.860015,-0.003202,-0.031486,0.025281,1.291704,0.452992,-1.061153,-1.913181,-0.110768,0.029139,0.314067,0.297815,-0.571221,0.764856,0.43063,0.795365,0.426481,-0.852312,0.20306,0.481865,-0.003862,0.023387,-0.014464,0.089575,-0.128469,0.201536,0.314189,0.039147,0.037496,-0.023615,-0.252903,0.538543,0.803748,-0.31946,-0.830643,0.456044,0.913227,-0.141431,0.382115,-0.001957,0.011866,-0.007077,0.073017,-0.012637,0.0409,0.245465,0.078223,0.039782,-0.078191,-0.74402,0.260926,-0.615102,-0.337975,-0.941106,0.009594,-0.576373,0.215027,0.788388,-0.007291,-0.008243,0.010071,2.904072,-0.354423,-4.658453,-0.874277
645,0.083496,0.032236,0.324262,-0.863798,0.093862,-0.495063,-0.168604,-0.979698,0.108331,-0.473773,0.176923,0.862707,-0.003298,-0.031771,0.025056,0.02045,0.169084,0.067719,-1.913146,-0.11083,0.029512,0.31387,0.297735,-0.571689,0.764537,0.431719,0.794835,0.426369,-0.851789,0.203823,0.482467,-0.002103,0.012562,-0.006439,0.036468,-0.007227,0.019724,0.303171,0.039115,0.037688,-0.023715,-0.25291,0.539155,0.803335,-0.320677,-0.830107,0.456165,0.912799,-0.142243,0.382837,-0.002037,0.012275,-0.006698,0.073733,-0.013766,0.040035,0.238933,0.07816,0.039512,-0.077966,-0.750119,0.253965,-0.610591,-0.325314,-0.945584,0.006352,-0.575752,0.203398,0.79192,-0.001172,-0.010756,0.00821,0.01981,0.128497,0.032395,-0.872154
646,0.083246,0.031154,0.32512,-0.870471,0.091614,-0.483665,-0.158382,-0.982403,0.098853,-0.465017,0.162532,0.87027,-0.003668,-0.032859,0.02415,0.086116,0.251366,0.08964,-1.913768,-0.110847,0.030186,0.313385,0.294933,-0.572621,0.764926,0.432859,0.793666,0.427389,-0.852181,0.205757,0.480951,0.011916,0.011075,-0.009618,-0.131778,0.231109,0.246421,0.296485,0.039101,0.038026,-0.023942,-0.251737,0.539587,0.803413,-0.3223,-0.829502,0.456121,0.912551,-0.144118,0.382726,-0.000675,0.004426,-0.004894,-0.343671,0.504015,0.416806,0.22391,0.078035,0.038971,-0.077537,-0.758647,0.251892,-0.600835,-0.314251,-0.949338,-0.001207,-0.5707,0.187897,0.799371,-0.007667,-0.009158,0.009312,0.140455,0.267866,0.091264,-0.86203
647,0.082912,0.030252,0.325842,-0.876824,0.089261,-0.4725,-0.148161,-0.984957,0.088761,-0.456381,0.147717,0.877452,-0.002772,-0.022851,0.015296,0.279744,0.391165,0.214425,-1.913397,-0.110706,0.030672,0.312849,0.292948,-0.576411,0.762839,0.434441,0.790887,0.43092,-0.852058,0.205881,0.481117,0.012398,0.008619,-0.011845,0.047252,-0.112301,0.193572,0.291362,0.039171,0.038271,-0.024209,-0.248375,0.544244,0.801316,-0.322989,-0.826428,0.461186,0.913229,-0.144269,0.381049,0.006262,0.004046,-0.006163,0.050269,-0.016176,0.015931,0.219175,0.077874,0.038525,-0.077178,-0.766502,0.248925,-0.592038,-0.303082,-0.952928,-0.008269,-0.566229,0.173098,0.805866,-0.000728,-0.00578,0.003767,0.394195,0.451728,0.285259,-0.861213
648,0.082629,0.029868,0.326144,-0.879471,0.074529,-0.47013,-0.130784,-0.987483,0.088,-0.456595,0.138779,0.878799,-0.000158,-0.000459,-0.000405,0.071004,-0.012273,-0.130537,-1.914186,-0.110264,0.030771,0.312529,0.307796,-0.582278,0.752467,0.418203,0.793079,0.442792,-0.854964,0.179111,0.48664,0.014306,-0.002866,-0.004467,-4.225986,-3.102282,-1.900207,0.265666,0.039385,0.038329,-0.02438,-0.260478,0.549076,0.794144,-0.310107,-0.826535,0.469757,0.914321,-0.123908,0.385567,0.007188,-0.001573,-0.002364,0.008615,-0.002244,-0.007132,0.193865,0.077725,0.03832,-0.077019,-0.771985,0.236034,-0.590191,-0.286811,-0.957953,-0.007957,-0.567254,0.16313,0.807223,-0.0067,0.001053,0.000603,0.75496,-0.160988,-1.524001,-0.862846
649,0.082527,0.029827,0.326157,-0.879444,0.074577,-0.470173,-0.130883,-0.987464,0.088071,-0.456619,0.138891,0.878769,-0.000463,-0.001348,-0.001189,1.5e-05,1.5e-05,1e-05,-1.915079,-0.109947,0.030726,0.312499,0.316336,-0.583917,0.747639,0.41008,0.794756,0.44736,-0.855793,0.165796,0.489892,0.013812,-0.000369,-0.0022,-1.221386,-0.876269,-0.61657,0.260978,0.03955,0.0383,-0.024402,-0.273098,0.550744,0.788731,-0.2984,-0.827955,0.474812,0.914535,-0.105687,0.390455,0.007031,-0.000365,-0.001411,-4.135997,-2.489909,-2.665329,0.183088,0.077674,0.038296,-0.077009,-0.772018,0.235545,-0.590343,-0.286444,-0.958065,-0.00767,-0.567395,0.163179,0.807114,-0.00688,0.000536,0.000147,-0.003615,0.012886,-0.029555,-0.86301
650,0.082369,0.029926,0.326077,-0.879128,0.0707,-0.47136,-0.126236,-0.988153,0.087113,-0.458526,0.135992,0.878229,0.001161,0.010749,-0.00825,0.03379,-0.020585,0.014364,-1.914897,-0.109159,0.030672,0.312597,0.333798,-0.5919,0.733638,0.400558,0.793494,0.458099,-0.853689,0.141682,0.501004,0.0151,-0.008692,0.008063,-1.257787,-0.817354,-0.766014,0.262925,0.039945,0.038274,-0.024358,-0.292689,0.557568,0.776821,-0.28796,-0.82608,0.484427,0.911817,-0.081907,0.402342,0.013253,0.002888,0.000588,-4.072099,-2.834054,-2.339052,0.173127,0.077594,0.038343,-0.077051,-0.772074,0.231743,-0.591774,-0.281888,-0.959414,-0.00794,-0.569597,0.160683,0.806064,0.00058,0.005377,-0.004121,0.03321,-0.020513,0.015459,-0.861703
651,0.082294,0.030064,0.325929,-0.87868,0.06703,-0.47273,-0.121688,-0.988833,0.085864,-0.460605,0.132883,0.877617,-0.000147,-0.000426,-0.000376,-0.001309,-0.112646,0.163921,-1.914819,-0.108429,0.030593,0.312773,0.340158,-0.596133,0.727262,0.403772,0.790963,0.459652,-0.849661,0.138029,0.508809,0.015202,-0.009112,0.007674,-0.010573,-0.132697,0.163286,0.270281,0.040309,0.038239,-0.024266,-0.301131,0.560464,0.771491,-0.28975,-0.824571,0.485928,0.908495,-0.077211,0.410698,0.00662,0.001253,0.000191,-0.013227,-0.002471,0.038014,0.180148,0.077556,0.03841,-0.077127,-0.772032,0.228031,-0.593268,-0.277271,-0.960754,-0.00846,-0.571915,0.157964,0.804959,0.00063,0.005508,-0.004003,0.033498,-0.02039,0.015415,-0.862683
652,0.082291,0.030118,0.325896,-0.878752,0.062411,-0.473228,-0.116341,-0.989514,0.085425,-0.461844,0.130039,0.877392,0.001402,0.011441,-0.007636,0.269161,-0.063094,-0.422052,-1.914647,-0.10815,0.030459,0.312883,0.340398,-0.597201,0.726272,0.403834,0.790301,0.460735,-0.849536,0.137198,0.509243,0.013294,0.002265,0.000179,0.002146,-0.015349,0.029132,0.26644,0.040454,0.038169,-0.024207,-0.301386,0.561737,0.770465,-0.289641,-0.82379,0.487315,0.908445,-0.076288,0.410982,0.006643,0.001135,8.1e-05,-0.001139,-0.010831,0.032501,0.180802,0.077554,0.038437,-0.077143,-0.772584,0.223738,-0.594184,-0.272326,-0.962169,-0.008212,-0.573543,0.155467,0.804286,0.000716,0.005764,-0.003779,0.267093,-0.067081,-0.428904,-0.86301
653,0.082284,0.030203,0.325864,-0.878203,0.063467,-0.474106,-0.117292,-0.989465,0.084696,-0.462646,0.129903,0.876989,1e-06,3e-06,2e-06,0.0,0.0,0.0,-1.915214,-0.107804,0.030214,0.31318,0.345297,-0.595536,0.725326,0.404374,0.791764,0.457739,-0.847305,0.135982,0.51327,0.014578,-0.006032,0.010481,0.000545,-0.057995,-0.029529,0.26572,0.040623,0.038043,-0.024068,-0.306352,0.559621,0.770047,-0.290588,-0.825307,0.484174,0.90648,-0.075439,0.415454,0.007288,-0.003031,0.005221,-0.003218,-0.060504,-0.031646,0.179005,0.077551,0.038481,-0.077158,-0.771779,0.224641,-0.594888,-0.273008,-0.961968,-0.009069,-0.574302,0.15541,0.803756,1e-06,5e-06,4e-06,-0.001708,-0.112676,0.164492,-0.863173
654,0.082266,0.030199,0.32582,-0.877948,0.059522,-0.47509,-0.112627,-0.990068,0.083977,-0.464283,0.127155,0.876527,-0.000429,-0.001244,-0.001099,0.0,-0.0,-0.0,-1.915182,-0.107488,0.030184,0.313511,0.350918,-0.595979,0.722258,0.405698,0.791838,0.456439,-0.844364,0.133582,0.518718,-0.001023,0.004887,0.004448,0.016741,-0.023838,-0.018611,0.265453,0.040786,0.038027,-0.023898,-0.312499,0.559615,0.767576,-0.292076,-0.825506,0.482939,0.9039,-0.073273,0.42142,0.006978,-0.00155,0.006567,-0.046847,-0.016561,0.034364,0.178026,0.077543,0.038481,-0.077178,-0.771949,0.220764,-0.596119,-0.268434,-0.963254,-0.009116,-0.576227,0.152981,0.802844,-0.00028,-0.000811,-0.000716,-0.001581,-0.112618,0.164504,-0.86301
655,0.082325,0.030172,0.325759,-0.877832,0.055286,-0.475815,-0.107662,-0.990668,0.083406,-0.465674,0.124369,0.876189,-0.000596,-0.00173,-0.001529,0.000193,0.016335,-0.023744,-1.915082,-0.107202,0.030139,0.313898,0.363726,-0.593808,0.717695,0.408988,0.793949,0.449785,-0.837341,0.130664,0.530707,0.014255,-0.004497,0.011868,0.245851,-0.406513,-0.301022,0.265701,0.040923,0.038011,-0.023705,-0.323732,0.557422,0.76451,-0.295371,-0.827182,0.478043,0.898862,-0.071056,0.432432,-0.000575,0.002707,0.002453,0.283477,-0.435947,-0.308406,0.178679,0.077573,0.038468,-0.077208,-0.772327,0.216614,-0.59715,-0.263599,-0.96459,-0.008975,-0.57795,0.150476,0.802078,-8.8e-05,-0.000255,-0.000226,0.000445,0.000583,0.001155,-0.863173
656,0.082376,0.030153,0.325705,-0.877589,0.0558,-0.476204,-0.108125,-0.990647,0.083069,-0.466025,0.124313,0.87601,-0.000842,-0.002445,-0.002161,0.000193,0.016336,-0.023742,-1.91513,-0.107158,0.030098,0.314069,0.370104,-0.596291,0.712357,0.411087,0.792681,0.450109,-0.833517,0.126991,0.537575,-0.000977,0.004647,0.004218,0.198131,-0.294201,-0.192773,0.265523,0.04095,0.037987,-0.023617,-0.331632,0.559078,0.759902,-0.297761,-0.826342,0.478013,0.895186,-0.067745,0.440513,0.000562,-0.003792,0.005472,0.282145,-0.499439,-0.170814,0.179169,0.077599,0.03846,-0.077234,-0.771951,0.217118,-0.597453,-0.264003,-0.964476,-0.009385,-0.578267,0.150485,0.801848,-0.000247,-0.000721,-0.00064,-0.000205,7.4e-05,0.00052,-0.863173
657,0.082448,0.029984,0.325576,-0.877191,0.056701,-0.476829,-0.109001,-0.990588,0.082618,-0.466568,0.124369,0.875713,-0.001501,-0.004364,-0.003862,0.0,0.0,0.0,-1.915417,-0.107123,0.030153,0.314299,0.382666,-0.597192,0.704926,0.410025,0.793432,0.449754,-0.828366,0.11767,0.547565,-0.000965,0.004584,0.004154,0.028199,-0.03972,-0.030932,0.262421,0.040968,0.038015,-0.023501,-0.346118,0.55848,0.753858,-0.296974,-0.827423,0.476629,0.889948,-0.058906,0.45224,-0.000576,0.00272,0.002464,0.008148,-0.132806,0.179777,0.178515,0.077635,0.038377,-0.077297,-0.771339,0.217975,-0.597931,-0.264781,-0.964256,-0.009948,-0.578728,0.150648,0.801485,-0.000924,-0.002688,-0.002381,-1.4e-05,0.016332,-0.023447,-0.863173
658,0.082493,0.029671,0.325411,-0.877969,0.05381,-0.475733,-0.104248,-0.991302,0.080153,-0.466192,0.119892,0.876538,-0.001901,-0.00553,-0.004905,0.003895,0.004017,0.002789,-1.915009,-0.107246,0.03045,0.314509,0.389046,-0.596481,0.702029,0.407427,0.794806,0.449688,-0.826682,0.111813,0.551324,-0.003393,0.018335,-0.001219,0.04197,-0.027765,0.040002,0.249647,0.040908,0.038154,-0.023398,-0.352373,0.557284,0.751842,-0.294006,-0.828616,0.476397,0.888477,-0.053177,0.455827,-0.000662,0.003131,0.002831,-0.013546,0.012273,0.009747,0.166432,0.077657,0.038219,-0.077381,-0.772761,0.215309,-0.59706,-0.259842,-0.965577,-0.011894,-0.579069,0.14595,0.802107,-0.00115,-0.003351,-0.002971,-0.012119,-0.10811,0.132122,-0.863173
659,0.082501,0.029517,0.325331,-0.879588,0.056673,-0.472397,-0.104692,-0.991593,0.07586,-0.463034,0.116104,0.878718,-0.001569,-0.004564,-0.004053,0.204816,0.211083,0.146511,-1.915235,-0.107293,0.030579,0.314602,0.392623,-0.594431,0.701777,0.402902,0.797016,0.449854,-0.827213,0.106859,0.55151,-0.001214,0.005776,0.005214,5.3e-05,-7.4e-05,-5.8e-05,0.24707,0.040883,0.038228,-0.023349,-0.355683,0.555203,0.751824,-0.28935,-0.83032,0.476281,0.888687,-0.048135,0.455979,-0.000722,0.00342,0.003089,0.000496,-0.012965,0.026718,0.160227,0.07766,0.038139,-0.077424,-0.774207,0.217721,-0.594306,-0.259658,-0.965576,-0.015475,-0.577217,0.142335,0.804089,0.005667,-0.004092,-0.003296,0.309267,0.320417,0.229229,-0.863336
660,0.082485,0.029298,0.325258,-0.88331,0.059808,-0.465008,-0.104892,-0.991892,0.071562,-0.45586,0.111906,0.883004,-0.001027,-0.002986,-0.002655,0.278128,0.302261,0.174599,-1.915507,-0.107395,0.030829,0.314754,0.395297,-0.596623,0.698408,0.398531,0.796354,0.454892,-0.82806,0.099258,0.551659,-0.002965,0.016308,-0.003064,-0.444685,-1.742673,2.160958,0.246026,0.040832,0.03835,-0.023269,-0.357975,0.55519,0.750744,-0.284076,-0.830669,0.478841,0.889468,-0.041855,0.455075,-0.000421,0.001991,0.001797,-0.141284,0.187337,0.143263,0.155002,0.077652,0.038028,-0.077462,-0.778379,0.220646,-0.587741,-0.259225,-0.965625,-0.019202,-0.571776,0.137411,0.80882,-0.000307,-0.000903,-0.000804,0.450791,0.464084,0.326384,-0.8635
661,0.082431,0.029135,0.325273,-0.885877,0.057749,-0.460361,-0.104138,-0.99165,0.075883,-0.451035,0.115086,0.885071,-0.00023,-0.00067,-0.000596,5.9e-05,6.1e-05,4.2e-05,-1.915688,-0.107488,0.030981,0.314847,0.400477,-0.598427,0.693898,0.395127,0.795948,0.458557,-0.827208,0.091277,0.554309,-0.000665,0.003172,0.002854,0.002432,-0.016514,0.02349,0.241784,0.040785,0.038431,-0.023226,-0.364555,0.558751,0.744913,-0.280808,-0.828691,0.484166,0.887832,-0.032672,0.459005,-0.00026,0.001239,0.001118,0.002869,0.002181,-0.005096,0.152226,0.077624,0.037944,-0.077457,-0.782334,0.219541,-0.582884,-0.259117,-0.965713,-0.01595,-0.566401,0.138557,0.812397,-0.007383,-0.004586,0.004488,-0.036551,0.029327,-0.04503,-0.861703
662,0.08236,0.029065,0.325327,-0.886001,0.057528,-0.46015,-0.104023,-0.991637,0.076203,-0.450818,0.115304,0.885153,-0.013184,0.002827,0.001832,-0.000983,0.014715,-0.029553,-1.915338,-0.107503,0.031005,0.31487,0.404822,-0.597978,0.691761,0.39096,0.79699,0.460316,-0.827079,0.084845,0.555522,-0.013416,-0.001479,0.000527,-0.002045,0.015206,-0.029245,0.231475,0.040781,0.038448,-0.02321,-0.369083,0.558003,0.743242,-0.276427,-0.829422,0.485434,0.887336,-0.026287,0.460372,-9.7e-05,0.000465,0.000422,0.000915,0.002142,-0.001899,0.145694,0.077593,0.037908,-0.07743,-0.782484,0.219338,-0.58276,-0.259075,-0.96573,-0.015613,-0.566214,0.138762,0.812493,-0.000671,-0.005643,0.003889,-0.034151,0.019755,-0.014403,-0.860887
663,0.08223,0.029021,0.325442,-0.887083,0.056926,-0.458136,-0.104121,-0.991464,0.078297,-0.448667,0.11708,0.886012,-0.013021,0.003302,0.002253,-0.000984,0.014715,-0.029553,-1.915314,-0.107547,0.031024,0.314853,0.40993,-0.599185,0.687696,0.387295,0.79687,0.463611,-0.826293,0.077035,0.557825,0.000243,-0.00116,-0.001044,-0.0,-0.0,0.0,0.215601,0.040754,0.038457,-0.023218,-0.374678,0.558848,0.7398,-0.272442,-0.829061,0.488295,0.886223,-0.018599,0.462884,0.000159,-0.000756,-0.000678,-0.001712,0.018963,-0.02566,0.123976,0.077529,0.037888,-0.07737,-0.783964,0.218804,-0.580968,-0.259489,-0.96565,-0.013526,-0.563972,0.140151,0.813813,-0.0006,-0.005429,0.004082,-0.031859,0.017594,-0.01288,-0.857948
