frame,MLTx,MLTy,MLTz,MLTR1,MLTR2,MLTR3,MLTR4,MLTR5,MLTR6,MLTR7,MLTR8,MLTR9,MLTTVx,MLTTVy,MLTTVz,MLTRVx,MLTRVy,MLTRVz,MLGA,MRTx,MRTy,MRTz,MRTR1,MRTR2,MRTR3,MRTR4,MRTR5,MRTR6,MRTR7,MRTR8,MRTR9,MRTTVx,MRTTVy,MRTTVz,MRTRVx,MRTRVy,MRTRVz,MRGA,SLTx,SLTy,SLTz,SLTR1,SLTR2,SLTR3,SLTR4,SLTR5,SLTR6,SLTR7,SLTR8,SLTR9,SLTTVx,SLTTVy,SLTTVz,SLTRVx,SLTRVy,SLTRVz,SLGA,SRTx,SRTy,SRTz,SRTR1,SRTR2,SRTR3,SRTR4,SRTR5,SRTR6,SRTR7,SRTR8,SRTR9,SRTTVx,SRTTVy,SRTTVz,SRTRVx,SRTRVy,SRTRVz,SRGA
469,0.076992,0.027651,0.339107,0.106597,0.852355,-0.512028,-0.986331,0.025693,-0.162674,-0.12564,0.521312,0.844083,-0.003384,0.02265,0.035502,-0.133281,-0.180129,-0.079687,-1.406984,-0.077118,0.042176,0.355625,0.036922,0.637178,0.769826,-0.797848,0.482682,-0.361097,-0.601677,-0.601668,0.525207,0.006201,-0.029969,0.026542,-0.055852,-0.010184,-0.031192,-0.412343,0.05247,0.039495,-0.00624,-0.001802,-0.63439,0.77301,0.780004,-0.484621,-0.395898,0.625771,0.602238,0.4957,0.003287,-0.015637,0.012813,0.027397,0.08564,-0.189168,-0.593849,0.076474,0.039095,-0.07417,0.051379,0.892232,-0.448644,-0.988084,-0.019846,-0.152624,-0.14508,0.45114,0.880581,-0.002245,0.006203,0.02215,-0.222573,-0.265408,-0.120498,-0.860887
470,0.076985,0.028209,0.340715,0.107126,0.850961,-0.514231,-0.986756,0.027757,-0.159734,-0.121795,0.523476,0.843307,-0.004435,0.012387,0.043967,-0.073842,-0.015581,0.032673,-1.407846,-0.076912,0.040972,0.356571,0.026285,0.634495,0.772474,-0.779492,0.496836,-0.381418,-0.6258,-0.592906,0.506656,0.006935,-0.032333,0.024964,0.427366,-0.023504,0.060457,-0.412443,0.052572,0.038897,-0.005765,0.009002,-0.63148,0.775339,0.761083,-0.498591,-0.414918,0.64859,0.593833,0.476121,0.00231,-0.010829,0.008283,1.769325,-0.042357,0.124162,-0.5914,0.076472,0.039369,-0.073382,0.051585,0.890732,-0.451591,-0.988661,-0.018307,-0.149042,-0.141024,0.454158,0.879688,0.004301,0.004831,0.021146,-0.057422,-0.006164,0.073888,-0.867255
471,0.077026,0.028466,0.341498,0.107771,0.850903,-0.514193,-0.986825,0.028908,-0.159096,-0.120653,0.523508,0.843451,0.008853,0.010273,0.042627,-0.067637,-0.021265,0.067995,-1.406528,-0.076815,0.040338,0.357048,0.01424,0.63264,0.774309,-0.776745,0.494678,-0.389737,-0.629581,-0.596681,0.497455,-0.005337,-0.035696,0.024093,0.29737,0.877726,-0.312822,-0.411667,0.052625,0.03858,-0.005527,0.019892,-0.631714,0.774946,0.757604,-0.496259,-0.423984,0.652411,0.595536,0.468717,0.003475,-0.016262,0.012425,1.48789,1.940181,-1.338637,-0.59091,0.076487,0.039506,-0.072978,0.052306,0.890811,-0.451352,-0.988767,-0.017168,-0.148469,-0.140006,0.454048,0.879907,-0.002151,0.006438,0.022115,-0.065466,-0.001469,0.041192,-0.866112
472,0.077124,0.028975,0.343232,0.110598,0.849722,-0.515545,-0.986605,0.031406,-0.159993,-0.119904,0.525279,0.842456,0.009295,0.011592,0.043363,-0.067488,-0.020914,0.068212,-1.399671,-0.076734,0.038971,0.357986,0.003666,0.629124,0.777291,-0.749536,0.516301,-0.414201,-0.66187,-0.581876,0.472452,-0.005052,-0.036741,0.023438,1.153146,-0.451132,0.564161,-0.413008,0.052666,0.037896,-0.005058,0.032704,-0.626094,0.77906,0.730097,-0.517359,-0.446426,0.682559,0.58339,0.44019,0.003719,-0.017057,0.011917,4.180424,-2.049382,2.392189,-0.59091,0.076537,0.039755,-0.072128,0.055186,0.889912,-0.452779,-0.988687,-0.014638,-0.149273,-0.139468,0.455895,0.879037,0.004533,0.005545,0.021489,-0.069707,-0.018993,0.067569,-0.864969
473,0.077348,0.02937,0.345006,0.11375,0.84849,-0.516886,-0.98637,0.034316,-0.16084,-0.118883,0.527082,0.841474,0.009358,0.011884,0.043263,-0.067428,-0.020725,0.068329,-1.394821,-0.076828,0.037587,0.358911,0.000555,0.620812,0.783954,-0.7185,0.545545,-0.431361,-0.695442,-0.563809,0.445357,-0.005466,-0.035567,0.024324,0.096473,0.569037,0.350165,-0.413733,0.052623,0.03721,-0.004604,0.035048,-0.619929,0.783874,0.697738,-0.546369,-0.463295,0.715494,0.563176,0.413399,-0.002706,-0.0179,0.012079,4.15907,-2.15564,2.505753,-0.592053,0.076644,0.039954,-0.071239,0.058365,0.888976,-0.454219,-0.988634,-0.011677,-0.149888,-0.138551,0.457804,0.87819,0.003861,9.9e-05,0.025466,-0.102414,0.000592,0.053379,-0.867908
474,0.077476,0.029485,0.345882,0.115751,0.847453,-0.518142,-0.986096,0.035553,-0.162244,-0.119224,0.528665,0.840432,0.007571,-0.000309,0.050375,-0.101288,0.01505,0.02937,-1.384396,-0.076943,0.037009,0.359333,-0.002675,0.61793,0.786223,-0.711769,0.551113,-0.435422,-0.70232,-0.561548,0.437348,-0.005777,-0.034634,0.025003,-0.194452,0.40485,-0.099397,-0.413757,0.052563,0.036911,-0.004387,0.038061,-0.61505,0.787568,0.69038,-0.553615,-0.465709,0.722445,0.561447,0.403547,-0.004096,-0.011793,0.008402,-0.166842,0.361912,0.140929,-0.592053,0.076713,0.040023,-0.070786,0.060499,0.888127,-0.455597,-0.988445,-0.010244,-0.151226,-0.138975,0.459482,0.877246,0.004652,0.005971,0.021579,-0.069794,-0.018657,0.06755,-0.870684
475,0.077779,0.029531,0.347822,0.111128,0.845789,-0.521858,-0.985601,0.026582,-0.1669,-0.127437,0.531841,0.837217,0.007399,-0.000676,0.04981,0.495915,-0.491744,0.300064,-1.34067,-0.077265,0.035987,0.360135,-0.012128,0.603498,0.797267,-0.699585,0.564604,-0.437879,-0.714348,-0.563823,0.414335,-0.008754,-0.021744,0.018117,-0.063762,0.443101,0.079259,-0.413512,0.0524,0.036386,-0.003978,0.048335,-0.600332,0.798288,0.678201,-0.567017,-0.467475,0.733284,0.563996,0.37974,-0.004402,-0.010846,0.009082,-0.074632,0.425612,0.070345,-0.59189,0.076865,0.040047,-0.069815,0.055548,0.886713,-0.45897,-0.9876,-0.018805,-0.155858,-0.146832,0.461937,0.874673,0.009586,-0.006904,0.028373,1.849936,-1.68059,0.970861,-0.856641
476,0.078106,0.029262,0.349938,0.102968,0.845972,-0.523234,-0.984848,0.013024,-0.172853,-0.13955,0.532054,0.835148,0.005991,-0.011762,0.057742,-0.134339,0.021285,0.039948,-1.330899,-0.077687,0.035195,0.360758,-0.019045,0.584505,0.811162,-0.683905,0.584232,-0.4369,-0.729217,-0.56381,0.387587,-0.011024,-0.011056,0.009657,1.116458,0.118158,1.075113,-0.413531,0.052197,0.036,-0.003673,0.058339,-0.583273,0.810178,0.665483,-0.582213,-0.467074,0.744128,0.566409,0.354193,-0.004331,-0.011106,0.008915,-0.203451,0.540945,-0.002033,-0.592216,0.077026,0.039915,-0.068779,0.047714,0.88632,-0.460607,-0.985998,-0.031972,-0.163663,-0.159785,0.461966,0.872384,0.002711,-0.006611,0.028312,-0.148547,-0.074947,0.176318,-0.854682
477,0.07837,0.028638,0.352187,0.097805,0.844773,-0.526154,-0.98341,0.000989,-0.181316,-0.15278,0.534109,0.831512,0.004256,-0.023831,0.065027,-0.163359,0.051866,0.00131,-1.317467,-0.078122,0.034778,0.361145,-0.020653,0.567047,0.823421,-0.668991,0.604244,-0.432752,-0.742877,-0.56051,0.365823,-0.011267,-0.010276,0.010201,1.181214,-0.042509,0.939222,-0.413824,0.051975,0.035787,-0.003475,0.058682,-0.564831,0.823117,0.648709,-0.605139,-0.4615,0.75877,0.561045,0.330901,-0.006811,0.000422,0.001013,4.379435,-1.401082,2.393699,-0.592053,0.077162,0.039608,-0.067639,0.042637,0.885,-0.463633,-0.983977,-0.043211,-0.172973,-0.173115,0.46358,0.868978,0.002208,-0.011603,0.032751,-0.163539,-0.076729,0.191631,-0.859744
478,0.078467,0.028224,0.35348,0.095875,0.843821,-0.528034,-0.981934,-0.006661,-0.189035,-0.163156,0.53557,0.828596,0.004625,-0.022745,0.065776,0.042213,-0.163363,0.301331,-1.319015,-0.078386,0.034702,0.361229,-0.02158,0.556706,0.830424,-0.66429,0.612799,-0.427938,-0.747056,-0.561575,0.355535,-0.013214,-0.000532,0.001053,0.27303,0.46547,0.30516,-0.414376,0.051843,0.035748,-0.003428,0.059327,-0.553772,0.830551,0.643623,-0.614761,-0.455869,0.763039,0.561608,0.319949,-0.006694,8e-06,0.000726,1.244866,0.009676,0.995511,-0.592216,0.077208,0.039408,-0.067018,0.040072,0.884439,-0.464931,-0.98226,-0.050439,-0.180612,-0.183191,0.463921,0.866727,0.002288,-0.011381,0.032863,1.888867,-1.656679,1.092761,-0.86154
479,0.078615,0.027233,0.356077,0.088502,0.841774,-0.532568,-0.980603,-0.020144,-0.194896,-0.174905,0.538441,0.824328,0.004275,-0.023702,0.064947,-0.143268,-0.052636,0.158526,-1.309465,-0.078922,0.034685,0.361264,-0.030283,0.534396,0.844687,-0.652167,0.629878,-0.421741,-0.757352,-0.564318,0.328368,-0.015179,0.009323,-0.008021,-0.078938,0.624804,0.128329,-0.415355,0.051575,0.035737,-0.003407,0.068678,-0.530944,0.844618,0.631571,-0.632225,-0.448785,0.772269,0.564259,0.291909,-0.006526,-0.000533,0.000347,-0.11644,0.693938,0.161712,-0.593196,0.077284,0.038906,-0.065694,0.033223,0.881961,-0.470147,-0.980146,-0.06325,-0.187915,-0.195471,0.467056,0.86235,0.001266,-0.017863,0.03626,-0.126324,-0.097869,0.200351,-0.863826
480,0.078693,0.026112,0.358696,0.084596,0.839924,-0.536112,-0.978148,-0.032455,-0.205293,-0.189943,0.54072,0.819493,0.004203,-0.023877,0.064737,-0.161104,-0.05386,0.1964,-1.29601,-0.079413,0.03462,0.361262,-0.039257,0.507717,0.860624,-0.636744,0.651085,-0.413013,-0.769947,-0.564848,0.296634,-0.012456,-0.003001,-0.000661,-0.098036,1.093453,0.448895,-0.417391,0.051328,0.03571,-0.00341,0.077506,-0.506498,0.85875,0.616132,-0.65284,-0.44066,0.78382,0.563257,0.26147,-0.006208,-0.001577,-0.000375,0.290884,0.421038,0.478814,-0.594339,0.077323,0.038344,-0.064385,0.029399,0.880235,-0.473626,-0.977075,-0.074645,-0.199377,-0.210853,0.46863,0.857861,0.001228,-0.017958,0.036172,-0.209549,-0.134021,0.3069,-0.86252
481,0.07868,0.02554,0.360051,0.084346,0.838887,-0.537773,-0.976143,-0.038711,-0.213585,-0.200104,0.541916,0.816279,0.002676,-0.035474,0.072648,0.003262,0.373657,0.385499,-1.293894,-0.079599,0.034571,0.361262,-0.040256,0.495338,0.867762,-0.627858,0.66308,-0.407495,-0.777156,-0.561857,0.283209,-0.012415,-0.003134,-0.000754,-0.193404,1.01293,0.322222,-0.418107,0.051235,0.035685,-0.00341,0.07903,-0.4934,0.866204,0.607589,-0.66503,-0.434244,0.790308,0.560615,0.247227,-0.006198,-0.001626,-0.000415,-0.240608,1.116618,0.367772,-0.594992,0.077318,0.038064,-0.063709,0.028491,0.878171,-0.477496,-0.975082,-0.080721,-0.206635,-0.220005,0.471486,0.853989,-0.004396,-0.010642,0.03316,0.060291,0.342538,0.57779,-0.862357
482,0.078628,0.024455,0.362777,0.074862,0.834186,-0.546419,-0.971163,-0.063305,-0.229796,-0.226385,0.546829,0.806074,-0.00831,-0.020126,0.06708,-0.147243,-0.140056,0.322206,-1.300429,-0.079823,0.034483,0.361228,-0.049076,0.471066,0.880727,-0.612262,0.682522,-0.39904,-0.788991,-0.55941,0.253804,0.000527,-0.001762,-0.001218,-0.120816,0.669449,0.159881,-0.420068,0.051118,0.035642,-0.003426,0.089329,-0.467344,0.87955,0.592747,-0.684727,-0.424027,0.800418,0.559229,0.215851,-0.005881,-0.002666,-0.001133,-0.153377,0.777556,0.14665,-0.596952,0.077295,0.037513,-0.062346,0.019681,0.874619,-0.48441,-0.968632,-0.103362,-0.225978,-0.247715,0.473664,0.84515,0.001666,-0.016676,0.037075,-0.154787,-0.078793,0.200291,-0.871174
483,0.078557,0.023357,0.365735,0.06507,0.831,-0.552495,-0.966468,-0.085261,-0.242162,-0.248432,0.548694,0.798275,-0.008387,-0.02755,0.078,1.968264,-1.597198,1.159604,-1.28288,-0.079887,0.034362,0.361143,-0.061382,0.446078,0.892882,-0.591227,0.704514,-0.392486,-0.804013,-0.552547,0.219358,0.001048,-0.003508,-0.002426,-0.173,1.007884,0.356138,-0.421018,0.051086,0.035582,-0.003468,0.101347,-0.444268,0.890142,0.571727,-0.70623,-0.417572,0.814159,0.551239,0.182426,0.000635,-0.002144,-0.001485,-0.229002,1.238255,0.221398,-0.598421,0.077259,0.036964,-0.060873,0.008641,0.871945,-0.489525,-0.963466,-0.12379,-0.237504,-0.267689,0.473694,0.83902,-0.004004,-0.013107,0.039481,0.071751,0.004854,-0.075858,-0.87346
484,0.078524,0.022904,0.367182,0.064298,0.829509,-0.554821,-0.964684,-0.090565,-0.247295,-0.255469,0.550097,0.795083,-0.006917,-0.016092,0.069786,0.464369,-0.577185,0.612621,-1.271188,-0.07988,0.034273,0.361083,-0.067764,0.43634,0.897222,-0.574859,0.717953,-0.392447,-0.815281,-0.542918,0.201047,0.001233,-0.004127,-0.002857,5.127539,-0.794512,0.800026,-0.421971,0.051089,0.035538,-0.003497,0.107595,-0.433747,0.894586,0.560731,-0.716561,-0.414872,0.820976,0.546261,0.166118,0.000642,-0.002151,-0.001487,-0.120673,0.653307,0.146805,-0.599401,0.077245,0.036744,-0.060175,0.007497,0.870591,-0.491949,-0.961411,-0.129025,-0.242984,-0.275014,0.474787,0.836028,0.003055,-0.009011,0.034321,-0.163786,-0.146018,0.359852,-0.871501
485,0.078424,0.022227,0.369894,0.052784,0.826836,-0.560002,-0.95886,-0.114593,-0.259669,-0.278949,0.549642,0.787469,-0.006675,-0.015404,0.070106,1.93815,-1.50943,1.145048,-1.257132,-0.079782,0.034078,0.360956,-0.080501,0.417652,0.905029,-0.551727,0.737543,-0.389309,-0.829955,-0.531194,0.169913,0.001526,-0.005104,-0.003539,1.359484,0.25745,0.575195,-0.425246,0.051139,0.035436,-0.003564,0.121916,-0.414912,0.901656,0.532979,-0.738979,-0.412119,0.837298,0.530808,0.131046,0.000797,-0.00265,-0.001834,1.394345,0.331581,0.652022,-0.601524,0.07719,0.036392,-0.058762,-0.002402,0.867147,-0.498045,-0.954,-0.151298,-0.258825,-0.299793,0.474514,0.827622,-0.003341,-0.007618,0.035107,1.925294,-1.504591,1.144194,-0.869378
486,0.078313,0.021686,0.372522,0.042623,0.821986,-0.56795,-0.951756,-0.139422,-0.273302,-0.303896,0.551177,0.777095,-0.006989,-0.016342,0.069286,-0.168354,-0.049766,0.16572,-1.235935,-0.079654,0.033787,0.360737,-0.090689,0.401293,0.911445,-0.528432,0.756377,-0.385472,-0.843931,-0.517099,0.142309,0.002637,-0.008812,-0.00613,-0.042915,0.557885,0.076439,-0.427972,0.051201,0.0353,-0.003667,0.13217,-0.398027,0.907802,0.509777,-0.758142,-0.406629,0.850093,0.51652,0.102701,0.007539,-0.002828,-0.00268,0.358352,0.577208,0.301774,-0.604626,0.077138,0.03613,-0.057472,-0.012096,0.861964,-0.506824,-0.945418,-0.174921,-0.274927,-0.325632,0.475836,0.817033,-0.003096,-0.003294,0.029943,-0.133067,-0.121187,0.342463,-0.869541
487,0.078241,0.021108,0.374915,0.034161,0.817296,-0.575244,-0.947179,-0.157097,-0.279542,-0.318888,0.553392,0.769477,0.005152,-0.013767,0.05496,1.97704,-1.502145,1.24001,-1.214324,-0.079513,0.033483,0.36052,-0.102464,0.385622,0.916945,-0.513184,0.769183,-0.380701,-0.851939,-0.510055,0.117923,0.00246,-0.008213,-0.005731,-0.076889,0.558511,0.289228,-0.430026,0.051273,0.035141,-0.00378,0.14423,-0.382877,0.91247,0.49463,-0.770753,-0.401597,0.857051,0.509257,0.078217,0.001197,-0.003999,-0.002792,-0.082957,0.820451,0.224977,-0.606422,0.077099,0.035846,-0.056267,-0.02205,0.857796,-0.513515,-0.94071,-0.191707,-0.279842,-0.338492,0.476899,0.811165,-0.003872,-0.005573,0.028308,-0.120599,-0.112098,0.348393,-0.871011
488,0.0782,0.020838,0.376007,0.027177,0.816925,-0.576143,-0.944176,-0.168248,-0.283191,-0.328323,0.550661,0.767466,0.004789,-0.014811,0.054201,-0.125786,-0.150343,0.366037,-1.206919,-0.079443,0.03332,0.360404,-0.108452,0.381,0.918188,-0.499108,0.777935,-0.38163,-0.859518,-0.500144,0.104633,0.002642,-0.008817,-0.006162,0.395035,0.278298,0.052564,-0.431019,0.051308,0.03506,-0.003838,0.150985,-0.377227,0.913729,0.481069,-0.77945,-0.401283,0.863582,0.500156,0.063786,0.001325,-0.004401,-0.003077,1.474215,-0.234078,0.360424,-0.607892,0.077078,0.035709,-0.055722,-0.027492,0.85674,-0.515013,-0.936312,-0.202506,-0.286895,-0.350089,0.474326,0.807744,-0.004076,-0.006177,0.027873,-0.13761,-0.032897,0.162314,-0.870848
489,0.078121,0.020274,0.377995,0.018445,0.813802,-0.580888,-0.934328,-0.192728,-0.299765,-0.355934,0.547257,0.757527,0.002722,-0.020814,0.050092,2.023212,-1.420707,1.211384,-1.203038,-0.079325,0.03293,0.360106,-0.123414,0.367011,0.921989,-0.481446,0.790298,-0.37891,-0.867517,-0.491114,0.077999,0.003274,-0.01092,-0.007663,-0.074963,0.785897,0.109551,-0.433341,0.051366,0.034868,-0.003985,0.164843,-0.364924,0.916327,0.462865,-0.791761,-0.398583,0.870966,0.48984,0.038394,0.001717,-0.005721,-0.004014,-0.042341,0.811317,0.131584,-0.610341,0.077042,0.035426,-0.054705,-0.036286,0.853635,-0.519604,-0.925554,-0.224788,-0.30466,-0.37687,0.469867,0.798243,0.001234,-0.010701,0.024843,2.013531,-1.417621,1.210896,-0.872317
490,0.078189,0.019627,0.37959,0.009647,0.810316,-0.585952,-0.930825,-0.206742,-0.30132,-0.365325,0.547318,0.752999,0.001925,-0.015948,0.037334,-0.142354,-0.237138,0.052042,-1.197057,-0.079209,0.032557,0.359796,-0.135562,0.350035,0.926871,-0.470374,0.800635,-0.371034,-0.871752,-0.486716,0.054942,0.00287,-0.009567,-0.00674,0.035094,0.753464,0.441357,-0.433025,0.051425,0.034676,-0.004143,0.177034,-0.348523,0.920429,0.452031,-0.801936,-0.390598,0.874257,0.485212,0.015573,0.000323,0.000581,-0.0076,0.369609,0.734086,0.553141,-0.610995,0.077075,0.035108,-0.053921,-0.044567,0.850089,-0.524749,-0.920951,-0.238505,-0.308159,-0.387118,0.469535,0.793521,0.000729,-0.008575,0.018264,-0.119802,-0.278804,-0.103835,-0.877869
491,0.078206,0.019314,0.380257,0.006936,0.809393,-0.587265,-0.927244,-0.214603,-0.306815,-0.37438,0.54566,0.749748,0.000907,-0.018918,0.035357,-0.054548,-0.047885,0.129912,-1.194019,-0.079158,0.032392,0.359644,-0.138463,0.342437,0.929277,-0.462666,0.80728,-0.366295,-0.875408,-0.481096,0.045484,0.002804,-0.009344,-0.006595,-0.034856,0.368242,0.182585,-0.433441,0.051451,0.034594,-0.004219,0.181464,-0.338582,0.923272,0.444862,-0.809039,-0.384126,0.877022,0.480434,0.003811,0.001393,-0.004629,-0.003268,-0.035207,0.365794,0.183481,-0.610995,0.077084,0.034954,-0.053587,-0.047198,0.848787,-0.526623,-0.917058,-0.245802,-0.313981,-0.395948,0.468124,0.789989,0.000973,-0.004274,0.013136,0.08255,-0.041642,0.097342,-0.878849
492,0.078236,0.018707,0.38134,0.001589,0.803789,-0.594951,-0.919393,-0.232774,-0.317026,-0.393321,0.546498,0.739369,-0.000648,-0.023468,0.032354,-0.107141,-0.716008,-0.014789,-1.183511,-0.079005,0.032188,0.359334,-0.150836,0.318915,0.935699,-0.453289,0.818859,-0.35204,-0.878249,-0.477646,0.019868,-0.00013,0.003754,-0.013402,-0.050464,0.67203,0.182645,-0.434336,0.051529,0.034484,-0.004374,0.19352,-0.315777,0.928888,0.435931,-0.820515,-0.369755,0.878927,0.476486,-0.021129,0.007455,-0.002405,-0.002444,-0.075641,0.712968,0.41954,-0.611974,0.077099,0.03465,-0.053045,-0.052413,0.844909,-0.532334,-0.908041,-0.262164,-0.326696,-0.415588,0.466259,0.780953,0.00636,-0.008558,0.010336,0.629413,-0.550525,0.559182,-0.878849
493,0.078265,0.01812,0.382113,-0.006788,0.799118,-0.601173,-0.912603,-0.250647,-0.322959,-0.408765,0.545446,0.731728,-0.001185,-0.017855,0.020122,-0.07927,-0.09767,0.123875,-1.174543,-0.078749,0.03216,0.359047,-0.161637,0.296173,0.941354,-0.438853,0.832826,-0.337259,-0.88363,-0.468004,-0.005825,-0.000476,0.004909,-0.012591,-0.041994,0.619927,0.34877,-0.435707,0.051657,0.034473,-0.004521,0.204955,-0.292734,0.933969,0.422237,-0.834424,-0.354191,0.883011,0.46695,-0.047417,-0.000274,0.002582,-0.006207,-0.04657,0.616603,0.346113,-0.612954,0.077112,0.034348,-0.052647,-0.060438,0.83853,-0.541492,-0.900638,-0.279694,-0.332598,-0.430345,0.467587,0.772116,-0.000685,-0.009157,0.009909,-0.072242,-0.039548,0.156317,-0.870358
494,0.078184,0.01759,0.382684,-0.015097,0.788194,-0.615279,-0.902765,-0.275226,-0.33051,-0.429836,0.549482,0.716476,-0.001014,-0.010163,0.009252,0.845755,0.062238,-1.230036,-1.169075,-0.078374,0.032277,0.358821,-0.173502,0.273829,0.945994,-0.424214,0.846112,-0.3226,-0.888499,-0.457624,-0.031831,-0.001216,0.007361,-0.010851,-0.079371,0.92787,0.527248,-0.435981,0.051846,0.034528,-0.004631,0.21565,-0.272444,0.937693,0.407873,-0.84737,-0.340004,0.887205,0.455782,-0.071613,0.006556,0.000622,-0.000304,-0.075222,0.417424,0.276033,-0.613444,0.077071,0.034084,-0.052366,-0.067011,0.829221,-0.554888,-0.889842,-0.301231,-0.342695,-0.451319,0.470798,0.758062,-0.001163,-0.010508,0.009036,3.11968,1.154932,-4.138606,-0.871664
495,0.078147,0.017307,0.382892,-0.016473,0.782059,-0.623022,-0.899006,-0.284242,-0.333114,-0.437592,0.55364,0.708535,-0.001638,-0.011989,0.008047,-0.150965,-0.594593,0.086792,-1.168675,-0.078168,0.032393,0.358745,-0.174519,0.264697,0.948404,-0.416874,0.852751,-0.31459,-0.891766,-0.450603,-0.039669,0.000429,-0.001414,-0.001006,-0.049891,0.403815,0.234344,-0.435912,0.051948,0.034588,-0.004673,0.218372,-0.260921,0.940336,0.401506,-0.854232,-0.330271,0.88944,0.449673,-0.081779,0.005359,0.006245,-0.004351,-0.036415,0.41967,0.296654,-0.613607,0.077053,0.033943,-0.052262,-0.069725,0.82329,-0.56332,-0.88506,-0.311574,-0.345815,-0.460223,0.474461,0.750386,-0.001487,-0.011527,0.008349,-0.192482,-0.634826,-0.291604,-0.872154
496,0.078096,0.016753,0.383222,-0.0233,0.76998,-0.637678,-0.890233,-0.306157,-0.337231,-0.45487,0.558866,0.693389,-0.002871,-0.022805,0.016883,0.766626,-0.286768,-1.169659,-1.162746,-0.077794,0.032765,0.358619,-0.175333,0.237909,0.955327,-0.414676,0.862243,-0.290714,-0.89263,-0.447425,-0.053727,0.00969,0.015797,-0.006338,-0.028766,0.524349,0.366057,-0.435707,0.052136,0.034773,-0.004737,0.21904,-0.234743,0.947056,0.400386,-0.863517,-0.30664,0.889781,0.446355,-0.095157,0.004793,0.008083,-0.003043,-0.016952,0.563245,0.375022,-0.613934,0.077026,0.033666,-0.052104,-0.074725,0.812943,-0.577528,-0.875547,-0.330698,-0.352214,-0.477317,0.479334,0.736482,-0.001071,-0.006682,0.003587,3.422596,1.514062,-3.583496,-0.87297
497,0.078024,0.016215,0.383465,-0.028664,0.765932,-0.642318,-0.883225,-0.32024,-0.342538,-0.468029,0.556539,0.686469,-0.0025,-0.014517,0.006379,-0.030282,-0.082403,0.15286,-1.13738,-0.077472,0.033189,0.358463,-0.173562,0.214342,0.96121,-0.406613,0.873354,-0.268052,-0.896676,-0.437638,-0.065637,-0.002449,0.011368,-0.00799,-0.060018,0.813838,0.269563,-0.433968,0.052296,0.034986,-0.004808,0.216399,-0.212579,0.95288,0.393076,-0.874436,-0.284347,0.893679,0.436086,-0.105667,0.006124,0.002027,0.000691,-0.05262,0.251454,-0.053926,-0.612137,0.076991,0.033394,-0.051977,-0.080916,0.807229,-0.584664,-0.867565,-0.345824,-0.357402,-0.490696,0.478315,0.728307,-0.001409,-0.007709,0.002892,-0.014629,-0.110269,0.325379,-0.872317
498,0.077974,0.015916,0.383543,-0.033437,0.764014,-0.644368,-0.880064,-0.328005,-0.343323,-0.473626,0.554654,0.684152,-0.00315,-0.016416,0.005117,-0.026218,-0.085736,0.143239,-1.123311,-0.077356,0.033428,0.358349,-0.173324,0.207171,0.962824,-0.398427,0.879302,-0.260804,-0.900388,-0.429083,-0.071074,0.010019,0.014648,-0.007148,-0.013705,0.401876,0.066086,-0.433578,0.052349,0.035105,-0.004865,0.217619,-0.203557,0.95457,0.385628,-0.880506,-0.275678,0.896622,0.428103,-0.113118,0.004993,0.007391,-0.00353,-0.02524,0.444906,0.079067,-0.611974,0.076967,0.033247,-0.051937,-0.085613,0.805247,-0.586725,-0.863974,-0.353287,-0.358798,-0.496203,0.476197,0.725959,-0.001822,-0.008918,0.002088,-0.002297,-0.029308,0.117234,-0.869541
499,0.077931,0.015253,0.383559,-0.038106,0.763983,-0.644145,-0.876681,-0.33485,-0.345366,-0.479507,0.550598,0.683331,0.009499,-0.012472,-0.008225,0.006043,-0.090516,0.181715,-1.10178,-0.077145,0.033922,0.358062,-0.171771,0.188024,0.967023,-0.382735,0.891764,-0.241257,-0.907465,-0.411796,-0.082433,-0.002261,0.010728,-0.008434,0.037624,0.324825,-0.01315,-0.431959,0.052459,0.035354,-0.005008,0.216478,-0.184071,0.958777,0.370917,-0.892919,-0.255175,0.903082,0.410867,-0.125023,0.005119,0.006966,-0.003826,0.134744,0.175629,0.160646,-0.610995,0.07694,0.032914,-0.051924,-0.090285,0.805167,-0.586134,-0.860223,-0.359622,-0.361506,-0.50186,0.471568,0.725092,-0.002184,-0.00998,0.001373,-0.036328,0.032275,-0.040847,-0.868725
500,0.078011,0.014471,0.383412,-0.04127,0.760993,-0.647482,-0.870314,-0.345619,-0.350818,-0.490709,0.548087,0.677372,0.007896,-0.017244,-0.011454,2.055531,-1.409885,1.441974,-1.079965,-0.077,0.034413,0.357708,-0.171309,0.167147,0.970931,-0.3717,0.901703,-0.220692,-0.912126,-0.398916,-0.093564,-0.002196,0.010503,-0.008586,0.002166,0.298435,0.205993,-0.431478,0.052532,0.035598,-0.005186,0.216019,-0.163678,0.962571,0.360658,-0.902751,-0.234445,0.907336,0.397804,-0.135981,-0.002218,0.010597,-0.008517,0.013422,0.43565,0.084348,-0.609851,0.076982,0.032529,-0.051993,-0.095225,0.802192,-0.589422,-0.8543,-0.369796,-0.365269,-0.510983,0.46876,0.720527,0.00349,-0.013577,-0.001005,-0.053961,-0.021886,-0.02884,-0.866275
501,0.078195,0.013539,0.383091,-0.047993,0.758495,-0.649944,-0.865787,-0.356013,-0.351623,-0.498042,0.544894,0.67459,0.005808,-0.030725,-0.004471,-0.043724,0.001752,-0.051128,-1.071046,-0.076886,0.034995,0.357313,-0.167256,0.146975,0.974893,-0.370224,0.907087,-0.200152,-0.913482,-0.394595,-0.09853,0.007708,0.02538,-0.015538,0.054077,0.107954,0.235768,-0.429388,0.052585,0.035882,-0.005382,0.212373,-0.14335,0.966617,0.360301,-0.908,-0.213818,0.908339,0.393682,-0.141186,-0.001261,0.005797,-0.003902,-0.013977,0.119328,0.164892,-0.608709,0.077076,0.032055,-0.052159,-0.099784,0.799354,-0.592516,-0.848225,-0.379635,-0.369311,-0.520151,0.465736,0.715914,0.002851,-0.015528,-0.002352,-0.040068,0.0317,-0.031547,-0.869051
502,0.078315,0.013015,0.38286,-0.049561,0.756228,-0.652463,-0.863116,-0.361078,-0.353022,-0.502503,0.544714,0.67142,0.00634,-0.022002,-0.014777,-0.009354,-0.01699,-0.035586,-1.066119,-0.076821,0.035293,0.357113,-0.165985,0.139998,0.976136,-0.365968,0.910425,-0.192686,-0.915428,-0.389398,-0.101111,-0.002282,0.010762,-0.008388,0.005779,0.23962,-0.064649,-0.426775,0.05262,0.036042,-0.005486,0.211161,-0.13626,0.967907,0.356368,-0.911343,-0.206043,0.910171,0.38844,-0.143882,-0.001133,0.005382,-0.004192,-0.006397,0.19408,-0.104266,-0.607076,0.077131,0.031812,-0.052268,-0.101195,0.797147,-0.595243,-0.845272,-0.384426,-0.37112,-0.524664,0.465587,0.712709,0.003096,-0.011226,-0.007542,-0.002993,-0.080276,0.160118,-0.871011
503,0.078454,0.011955,0.38235,-0.051942,0.749849,-0.659602,-0.857988,-0.371437,-0.354773,-0.51097,0.546569,0.663475,0.00538,-0.024967,-0.016909,-0.072903,-0.224963,-0.13639,-1.064356,-0.076716,0.035917,0.356688,-0.161875,0.12521,0.978831,-0.367654,0.912839,-0.177452,-0.915493,-0.388759,-0.102965,-0.004514,0.021336,-0.016888,0.016111,0.509974,0.349314,-0.422435,0.052674,0.036347,-0.005692,0.205266,-0.124061,0.970811,0.35837,-0.913515,-0.192512,0.910734,0.387425,-0.143054,0.005119,0.006893,-0.003864,0.031561,-0.038483,0.030076,-0.60283,0.077203,0.03127,-0.052525,-0.103432,0.791651,-0.602153,-0.839488,-0.39417,-0.374016,-0.533442,0.466816,0.705352,-0.004401,-0.016595,-0.003217,-0.13831,-0.288652,-0.241631,-0.872807
504,0.078427,0.010848,0.381765,-0.057258,0.745417,-0.664168,-0.853375,-0.381746,-0.354955,-0.51807,0.545532,0.658805,0.004511,-0.027647,-0.018897,-0.061311,-0.172283,-0.142782,-1.065095,-0.076607,0.036559,0.356263,-0.154607,0.116837,0.981039,-0.362477,0.917014,-0.166219,-0.918816,-0.381455,-0.100662,-0.002743,0.012213,-0.007334,0.039607,-1.421773,2.426662,-0.415082,0.052729,0.036668,-0.005911,0.202146,-0.115249,0.97255,0.353642,-0.917459,-0.182226,0.913276,0.380771,-0.144704,0.003911,0.012451,-0.007915,0.070191,-0.038354,0.060454,-0.599074,0.07719,0.030718,-0.052816,-0.108505,0.787214,-0.607059,-0.834325,-0.404131,-0.374938,-0.540488,0.465802,0.700643,-0.004096,-0.012073,-0.008317,-0.079344,-0.324681,-0.042031,-0.875093
505,0.07834,0.010324,0.381453,-0.059562,0.744919,-0.664525,-0.85011,-0.386724,-0.357393,-0.523151,0.542704,0.657124,-0.008491,-0.024954,-0.017274,0.005675,-0.051554,0.096984,-1.064693,-0.076565,0.036868,0.356061,-0.154314,0.115466,0.981247,-0.351373,0.921793,-0.163611,-0.923167,-0.370182,-0.10291,-0.00238,0.011041,-0.008164,5.45732,-0.896666,-0.540305,-0.405986,0.052749,0.036826,-0.006009,0.200295,-0.111151,0.973409,0.348558,-0.920455,-0.176826,0.915635,0.374708,-0.14562,0.005016,0.00719,-0.003641,0.031562,-0.033943,0.040273,-0.593359,0.077151,0.030454,-0.052973,-0.110733,0.786286,-0.607857,-0.830874,-0.408838,-0.377489,-0.545331,0.463252,0.698577,-0.004163,-0.012259,-0.008484,0.003488,0.061187,-0.077703,-0.877216
506,0.078113,0.009294,0.380788,-0.057152,0.742892,-0.667002,-0.849451,-0.387152,-0.358495,-0.524491,0.545171,0.654007,0.004191,-0.028703,-0.019883,0.004337,-0.064803,0.130158,-1.062197,-0.076525,0.037484,0.355735,-0.14649,0.102644,0.983868,-0.347059,0.926029,-0.148167,-0.926077,-0.363301,-0.101271,-0.002878,0.012625,-0.007028,0.043708,0.039816,0.047738,-0.389497,0.052769,0.037132,-0.006174,0.191911,-0.099147,0.97639,0.339398,-0.926793,-0.16082,0.920857,0.362248,-0.144211,-0.001509,0.006558,-0.003339,0.066893,0.014496,0.021081,-0.580459,0.077032,0.02994,-0.053306,-0.108276,0.784675,-0.610377,-0.830227,-0.409092,-0.378636,-0.546807,0.465755,0.695753,-0.004311,-0.012674,-0.008854,-0.004406,0.045814,-0.075023,-0.877869
507,0.077844,0.008248,0.380079,-0.057753,0.740272,-0.669857,-0.84537,-0.393118,-0.361636,-0.530978,0.544469,0.64934,-0.009035,-0.026436,-0.018668,-0.018689,-0.014521,-0.102993,-1.060229,-0.076577,0.038075,0.355509,-0.138916,0.087375,0.986438,-0.337946,0.932104,-0.130037,-0.930613,-0.351543,-0.1012,-0.003683,0.015193,-0.005198,0.025699,0.086751,0.111685,-0.36763,0.052745,0.037424,-0.006289,0.184453,-0.083912,0.979252,0.330986,-0.932847,-0.14228,0.925431,0.350363,-0.144293,0.004463,0.008901,-0.002415,0.016855,0.082365,0.105019,-0.562007,0.076903,0.029415,-0.053661,-0.108627,0.782117,-0.613589,-0.825831,-0.414587,-0.382255,-0.553355,0.465198,0.690932,0.002008,-0.01467,-0.010253,-0.01623,-0.102462,0.112912,-0.883258
508,0.077614,0.007205,0.37934,-0.062154,0.737984,-0.671983,-0.843354,-0.398833,-0.36008,-0.533673,0.543421,0.648008,-0.008945,-0.026119,-0.018633,-0.021596,-0.023822,-0.107533,-1.055428,-0.076704,0.038601,0.355331,-0.132511,0.071543,0.988592,-0.334187,0.935745,-0.112397,-0.932908,-0.345365,-0.101335,-0.003494,0.014588,-0.005625,0.072933,0.04599,0.076128,-0.328836,0.052682,0.037685,-0.006374,0.178336,-0.067967,0.981619,0.328238,-0.936358,-0.124466,0.927607,0.344402,-0.144677,-0.006754,0.000194,0.000884,0.484138,-0.128383,0.175184,-0.534248,0.076787,0.028892,-0.054032,-0.112961,0.779748,-0.615818,-0.823491,-0.420273,-0.381094,-0.555969,0.464072,0.68959,0.002102,-0.014438,-0.010184,-0.021225,-0.030514,-0.069381,-0.883584
509,0.077518,0.006706,0.378985,-0.060167,0.737825,-0.672339,-0.842288,-0.398917,-0.362474,-0.535583,0.543575,0.6463,0.004538,-0.027872,-0.019744,-0.00193,0.022699,-0.048343,-1.050684,-0.076785,0.03885,0.355258,-0.129437,0.061227,0.989691,-0.335377,0.936544,-0.101686,-0.932916,-0.345166,-0.101938,-0.003785,0.01552,-0.004964,0.089093,-1.045201,2.650839,-0.311985,0.052639,0.037819,-0.006415,0.174966,-0.059368,0.982782,0.329364,-0.937142,-0.115249,0.927849,0.343858,-0.144415,-0.001922,0.007768,-0.002464,0.111011,-0.924601,2.710858,-0.515306,0.076735,0.028631,-0.054218,-0.110965,0.779832,-0.616075,-0.822466,-0.420042,-0.383553,-0.557885,0.46414,0.687995,0.002305,-0.013862,-0.009817,-0.002188,0.033525,-0.042783,-0.883584
510,0.077337,0.005775,0.378317,-0.064686,0.734877,-0.675141,-0.835692,-0.409582,-0.365832,-0.545295,0.539631,0.641466,-0.007864,-0.022905,-0.016568,-0.005334,0.029484,-0.081734,-1.03496,-0.076967,0.03931,0.355114,-0.121766,0.047942,0.991396,-0.330878,0.939714,-0.085966,-0.935561,-0.338566,-0.099813,-0.00361,0.014967,-0.005355,0.035903,-0.004618,0.080836,-0.286988,0.052549,0.038045,-0.006484,0.167666,-0.044333,0.984846,0.326042,-0.940278,-0.097834,0.930367,0.337505,-0.143198,-0.000497,0.001605,0.001139,-0.007815,-0.051682,0.047446,-0.488037,0.076647,0.028173,-0.054546,-0.115295,0.776738,-0.619179,-0.815301,-0.430079,-0.387705,-0.567442,0.460117,0.682862,-0.003759,-0.010979,-0.007938,-0.004344,0.040499,-0.041592,-0.883748
511,0.077257,0.004927,0.377693,-0.073394,0.732102,-0.677263,-0.831091,-0.420213,-0.364253,-0.551183,0.535222,0.640127,0.006213,-0.023152,-0.01661,-0.043501,-0.129138,-0.089919,-1.016253,-0.07708,0.039692,0.354991,-0.114072,0.035319,0.99284,-0.32073,0.944521,-0.070334,-0.940062,-0.326508,-0.097668,-0.000864,0.002768,0.001956,-0.001939,0.016776,0.010182,-0.238012,0.052491,0.038242,-0.006547,0.159973,-0.031794,0.986608,0.316566,-0.945038,-0.081784,0.934983,0.32541,-0.141115,-0.001643,0.006972,-0.003034,0.014706,0.074006,-0.142213,-0.449663,0.076603,0.027739,-0.054865,-0.124052,0.773773,-0.621196,-0.810012,-0.440565,-0.387016,-0.57314,0.455167,0.681418,0.003147,-0.011485,-0.008238,-0.047826,-0.141032,-0.097881,-0.883748
512,0.077184,0.00453,0.377404,-0.074001,0.732016,-0.67729,-0.831061,-0.420606,-0.363868,-0.551146,0.535031,0.640318,0.006767,-0.021576,-0.015513,-0.001306,0.009095,-0.022926,-1.007548,-0.077114,0.039872,0.354938,-0.10876,0.028375,0.993659,-0.310058,0.948729,-0.060913,-0.944268,-0.314759,-0.09564,-0.003202,0.013659,-0.006276,0.017633,0.186285,0.13856,-0.221461,0.052475,0.038326,-0.006572,0.154018,-0.025715,0.987733,0.306106,-0.949237,-0.072444,0.939455,0.313509,-0.138328,-0.001506,0.006525,-0.003348,0.060395,0.336347,0.235075,-0.428599,0.076567,0.027554,-0.055,-0.124484,0.773571,-0.621361,-0.810034,-0.440887,-0.386605,-0.573017,0.455198,0.681502,-0.003144,-0.009173,-0.006711,-0.000327,0.037386,-0.042598,-0.883911
513,0.076971,0.003841,0.376911,-0.078266,0.731183,-0.67771,-0.827389,-0.42681,-0.365012,-0.556055,0.531251,0.639221,-0.005982,-0.017364,-0.012797,-0.001746,0.02554,-0.05163,-0.989766,-0.077126,0.040124,0.354872,-0.098964,0.017098,0.99494,-0.299364,0.952993,-0.046039,-0.948797,-0.302435,-0.090449,-0.000401,0.001285,0.000907,-0.004684,0.040652,0.032401,-0.197862,0.052467,0.03846,-0.006606,0.144959,-0.013606,0.989343,0.296217,-0.953446,-0.056515,0.944055,0.301253,-0.134181,-0.001384,0.006138,-0.003622,0.025985,0.014913,0.045304,-0.400513,0.076463,0.027203,-0.055251,-0.128697,0.772618,-0.621689,-0.805997,-0.446728,-0.388331,-0.577758,0.451103,0.68022,-0.002923,-0.008503,-0.006262,-0.006385,0.028332,-0.053939,-0.884891
514,0.076724,0.003155,0.376404,-0.086796,0.729824,-0.678136,-0.821079,-0.437838,-0.366197,-0.564073,0.524109,0.63809,-0.005862,-0.016978,-0.012599,2.004205,-1.270945,1.335373,-0.979379,-0.077125,0.040322,0.354815,-0.085404,0.007003,0.996317,-0.276825,0.960406,-0.030364,-0.956938,-0.278416,-0.081343,-0.00042,0.001347,0.00095,0.152638,-0.042746,0.051813,-0.14853,0.052468,0.038557,-0.006635,0.131303,-0.003757,0.991335,0.274548,-0.96074,-0.040005,0.952566,0.277422,-0.125116,-0.000251,0.000805,0.000574,0.514614,-0.149889,0.180824,-0.366712,0.07634,0.02686,-0.055504,-0.139194,0.770731,-0.621769,-0.800135,-0.457472,-0.387947,-0.583445,0.4435,0.680366,-0.002889,-0.00839,-0.006222,-0.002145,0.013056,-0.026207,-0.884891
515,0.07648,0.002477,0.375899,-0.093947,0.726632,-0.680607,-0.815024,-0.44868,-0.366599,-0.571648,0.519364,0.635222,-0.005993,-0.017318,-0.012939,0.014517,0.014597,-0.040859,-0.976431,-0.077149,0.040466,0.354749,-0.072444,-0.002815,0.997364,-0.242475,0.970011,-0.014759,-0.967286,-0.242912,-0.072214,0.000104,-0.000334,-0.000235,0.000469,-0.001038,0.0017,-0.064754,0.052456,0.038632,-0.006667,0.11838,0.006048,0.99295,0.240702,-0.970331,-0.022786,0.963353,0.241702,-0.116323,8.9e-05,-0.000288,-0.000192,-0.00098,0.002931,-0.007469,-0.283434,0.076218,0.026523,-0.055755,-0.144147,0.767319,-0.624853,-0.792398,-0.467731,-0.391576,-0.592727,0.438689,0.675444,-0.002952,-0.008554,-0.006387,0.058641,-0.089425,0.16853,-0.885544
516,0.076357,0.002153,0.375657,-0.097947,0.724141,-0.682694,-0.81268,-0.45409,-0.365139,-0.574303,0.518145,0.633821,-0.005769,-0.01665,-0.012481,-0.131868,-0.498681,-0.084482,-0.972737,-0.077171,0.040449,0.354693,-0.068469,-0.006106,0.99763,-0.230924,0.972888,-0.009779,-0.970402,-0.231049,-0.069283,-0.001421,0.007948,-0.0103,0.182266,0.010311,-0.012791,-0.034369,0.052444,0.038626,-0.006693,0.114465,0.009297,0.993383,0.229418,-0.973173,-0.017328,0.966573,0.229884,-0.113527,-0.000679,0.003872,-0.005212,0.181766,0.014152,-0.020474,-0.251266,0.076157,0.026361,-0.055877,-0.148672,0.766221,-0.62514,-0.789477,-0.472652,-0.391565,-0.5955,0.435319,0.675184,-0.002804,-0.008121,-0.006086,-0.16404,-0.485406,-0.30016,-0.886034
517,0.076134,0.001509,0.375173,-0.106481,0.722937,-0.682693,-0.807248,-0.46366,-0.365161,-0.580401,0.511318,0.63381,-0.005933,-0.017088,-0.012892,-0.001787,0.025454,-0.051683,-0.953017,-0.077183,0.040265,0.35457,-0.060848,-0.011135,0.998081,-0.172975,0.984892,0.000558,-0.982897,-0.172607,-0.063116,0.001418,-0.004544,-0.003211,0.525187,-0.101435,0.138661,0.024695,0.052437,0.038535,-0.006753,0.106954,0.014323,0.99416,0.173628,-0.984801,-0.004491,0.978986,0.173094,-0.107816,-0.005323,-0.004166,-0.002413,5.66119,0.031151,-0.394094,-0.192971,0.076046,0.026041,-0.056117,-0.156523,0.763088,-0.627053,-0.783782,-0.482282,-0.391265,-0.600986,0.430231,0.673583,-0.00293,-0.008459,-0.006378,0.004043,-0.05914,0.129216,-0.886034
518,0.075918,0.000705,0.374553,-0.120956,0.718995,-0.684443,-0.800254,-0.478534,-0.361346,-0.587192,0.503125,0.634112,-0.007657,-0.022008,-0.016737,0.033675,-0.034917,0.071733,-0.914958,-0.077292,0.040227,0.354414,-0.049594,-0.019133,0.998582,-0.148866,0.988755,0.011666,-0.987479,-0.148065,-0.053148,0.000148,-0.000474,-0.000335,8.5e-05,-0.000775,0.000236,0.029166,0.052387,0.038504,-0.00684,0.095596,0.022255,0.995171,0.148249,-0.988918,0.007874,0.984318,0.14678,-0.097836,2.6e-05,-8.6e-05,-5e-05,-0.003089,0.013383,-0.006163,-0.151985,0.075943,0.025655,-0.056415,-0.17075,0.758381,-0.629047,-0.775964,-0.496945,-0.388489,-0.607225,0.421784,0.673331,-0.003807,-0.010967,-0.008333,0.345475,0.228856,-0.385608,-0.882604
519,0.075802,0.000273,0.374237,-0.125445,0.71822,-0.684448,-0.797399,-0.483399,-0.361181,-0.590121,0.499574,0.6342,-0.007941,-0.022798,-0.017411,0.003429,-0.049853,0.100711,-0.903585,-0.07727,0.040268,0.35438,-0.04202,-0.023614,0.998833,-0.136577,0.990437,0.017785,-0.989614,-0.135654,-0.046107,1.2e-05,-4e-05,-2.8e-05,0.008267,-0.03846,0.002593,0.028608,0.052397,0.038526,-0.006856,0.087825,0.026585,0.99578,0.136267,-0.990566,0.014427,0.986771,0.134425,-0.090619,0.00614,0.001725,0.000494,0.021122,-0.050309,0.083937,-0.148392,0.075882,0.025429,-0.05658,-0.175348,0.757386,-0.628982,-0.772739,-0.501744,-0.388749,-0.610022,0.417873,0.673241,-0.003888,-0.011195,-0.008545,-0.002746,0.027391,-0.050361,-0.881135
520,0.075486,-0.000607,0.373562,-0.139365,0.7156,-0.6845,-0.788558,-0.498248,-0.360412,-0.598796,0.488647,0.634582,-0.007947,-0.022746,-0.017526,0.338704,0.204812,-0.367271,-0.888311,-0.077239,0.040325,0.354285,-0.01291,-0.032263,0.999392,-0.116337,0.992703,0.03066,-0.993038,-0.115844,-0.017835,0.000387,-0.001241,-0.000878,0.040195,-0.351214,-0.186844,0.038881,0.052411,0.038559,-0.0069,0.058834,0.035429,0.997638,0.116835,-0.992746,0.028365,0.991406,0.11489,-0.062546,0.000237,-0.000758,-0.000528,0.047522,-0.441756,-0.201534,-0.135656,0.075723,0.024986,-0.05692,-0.188613,0.754105,-0.629086,-0.763341,-0.515594,-0.389193,-0.617846,0.406801,0.672887,-0.004144,-0.011883,-0.009152,1.152807,0.637958,-1.133768,-0.879176
521,0.075092,-0.001516,0.372857,-0.145794,0.714229,-0.684593,-0.785343,-0.504323,-0.358982,-0.601478,0.484411,0.635293,-0.021893,-0.021161,-0.016886,-0.003621,0.053036,-0.10701,-0.881796,-0.077264,0.040268,0.354143,0.028848,-0.033274,0.999026,-0.11298,0.992895,0.036448,-0.993143,-0.113894,0.023617,0.001197,-0.00384,-0.002721,0.074846,-0.771485,-0.645786,0.041077,0.052401,0.038537,-0.006967,0.01917,0.038245,0.999084,0.11409,-0.992824,0.035816,0.993285,0.113298,-0.023396,-0.000598,0.003626,-0.005397,0.087922,-0.954484,0.262429,-0.129941,0.075532,0.024532,-0.057272,-0.195288,0.752288,-0.629224,-0.759495,-0.521923,-0.388281,-0.620506,0.402067,0.673285,-0.004176,-0.011941,-0.009278,-0.003488,0.038088,-0.077014,-0.872807
522,0.074701,-0.002415,0.372152,-0.156252,0.709919,-0.686765,-0.779294,-0.515751,-0.355912,-0.606682,0.478695,0.634677,-0.008352,-0.023725,-0.018623,0.001032,-0.057322,0.097108,-0.872908,-0.077294,0.040113,0.354006,0.070483,-0.024293,0.997213,-0.111268,0.993236,0.032175,-0.991305,-0.113209,0.066038,0.00155,-0.004974,-0.003529,0.066031,-1.050833,-0.841937,0.051994,0.052382,0.038457,-0.007036,-0.022718,0.02908,0.999318,0.112106,-0.993198,0.03145,0.993436,0.112745,0.019303,0.00069,-0.002199,-0.001559,0.010079,-1.002149,-0.020514,-0.11998,0.075327,0.024072,-0.057632,-0.205572,0.747361,-0.631815,-0.752747,-0.533318,-0.385931,-0.625388,0.396261,0.672209,-0.004162,-0.011857,-0.009299,0.003809,-0.036362,0.112969,-0.866929
