frame,MLTx,MLTy,MLTz,MLTR1,MLTR2,MLTR3,MLTR4,MLTR5,MLTR6,MLTR7,MLTR8,MLTR9,MLTTVx,MLTTVy,MLTTVz,MLTRVx,MLTRVy,MLTRVz,MLGA,MRTx,MRTy,MRTz,MRTR1,MRTR2,MRTR3,MRTR4,MRTR5,MRTR6,MRTR7,MRTR8,MRTR9,MRTTVx,MRTTVy,MRTTVz,MRTRVx,MRTRVy,MRTRVz,MRGA,SLTx,SLTy,SLTz,SLTR1,SLTR2,SLTR3,SLTR4,SLTR5,SLTR6,SLTR7,SLTR8,SLTR9,SLTTVx,SLTTVy,SLTTVz,SLTRVx,SLTRVy,SLTRVz,SLGA,SRTx,SRTy,SRTz,SRTR1,SRTR2,SRTR3,SRTR4,SRTR5,SRTR6,SRTR7,SRTR8,SRTR9,SRTTVx,SRTTVy,SRTTVz,SRTRVx,SRTRVy,SRTRVz,SRGA
258,0.089085,0.008524,0.341424,-0.071674,0.876049,-0.476913,-0.995903,-0.036464,0.082579,0.055036,0.479789,0.875671,-0.008095,0.027668,0.005588,0.033364,-0.034337,0.034891,-1.880156,-0.082985,0.051021,0.347481,0.386561,0.412691,0.824772,-0.615685,0.781291,-0.102231,-0.687033,-0.468803,0.555043,0.025626,-0.027501,0.118692,-0.341045,0.478861,-1.239551,-0.577461,0.050414,0.044386,-0.010534,-0.352399,-0.422575,0.835011,0.606953,-0.782349,-0.139773,0.712335,0.457557,0.532182,0.013997,-0.019615,0.063074,-0.24213,0.332876,-1.026003,-0.744403,0.082602,0.029777,-0.073377,-0.164527,0.902589,-0.397823,-0.9862,-0.142996,0.083429,0.018415,0.40606,0.91366,0.002863,0.012935,0.002283,0.048188,-0.042734,0.07071,-0.863826
259,0.088955,0.009685,0.341863,-0.073704,0.874977,-0.478568,-0.995727,-0.037837,0.084062,0.05553,0.481632,0.874628,-0.005479,0.035842,0.012536,0.033871,-0.033834,0.035231,-1.875796,-0.082243,0.049232,0.352064,0.341828,0.432694,0.834219,-0.608374,0.778455,-0.154346,-0.716585,-0.455305,0.528267,0.01931,-0.053283,0.117715,1.039082,2.070057,-2.658948,-0.578933,0.050798,0.043472,-0.008147,-0.306365,-0.443415,0.842331,0.598423,-0.777875,-0.191832,0.74029,0.4453,0.503663,0.009744,-0.027241,0.058436,1.012141,2.099129,-2.608005,-0.752731,0.082537,0.030361,-0.073161,-0.166513,0.901484,-0.399499,-0.985863,-0.14456,0.084707,0.01861,0.407957,0.912811,-0.002476,0.018776,0.007006,0.039169,-0.043074,0.062502,-0.865132
260,0.088761,0.011053,0.342615,-0.07413,0.87561,-0.477344,-0.995634,-0.037793,0.085183,0.056632,0.480486,0.875187,-0.004726,0.030457,0.02545,-1.4e-05,-0.029697,0.044618,-1.87077,-0.081763,0.047123,0.356237,0.296052,0.447394,0.84391,-0.591573,0.779552,-0.205609,-0.7502,-0.438929,0.494373,0.008321,-0.056919,0.101223,-0.335638,0.422823,-0.826725,-0.588506,0.051034,0.042441,-0.006098,-0.259956,-0.457803,0.850199,0.578806,-0.778637,-0.242295,0.77292,0.429114,0.46739,0.010241,-0.027249,0.050753,-0.266562,0.607123,-1.076114,-0.759915,0.082439,0.031061,-0.072778,-0.166931,0.901993,-0.398173,-0.985769,-0.144572,0.085773,0.019802,0.406825,0.91329,-0.002267,0.015561,0.013015,0.002853,-0.033005,0.046784,-0.865786
261,0.088519,0.012555,0.343652,-0.073599,0.876027,-0.47666,-0.995592,-0.036714,0.086139,0.058045,0.47981,0.875466,-0.002914,0.035965,0.029789,0.000288,-0.044543,0.069322,-1.856022,-0.081407,0.04511,0.359681,0.25221,0.465514,0.848339,-0.571573,0.779077,-0.257445,-0.781049,-0.420547,0.461482,0.007024,-0.04614,0.077658,1.267347,1.93769,-2.711162,-0.589724,0.051213,0.041429,-0.004367,-0.218401,-0.475222,0.852328,0.557515,-0.777604,-0.290702,0.800922,0.411697,0.434773,0.003615,-0.023639,0.038443,0.131937,0.384726,-0.737396,-0.764978,0.08232,0.031799,-0.072269,-0.166456,0.9024,-0.397447,-0.985819,-0.143607,0.086814,0.021265,0.406262,0.913508,-0.001411,0.018172,0.015066,0.000338,-0.030238,0.04522,-0.866929
262,0.08838,0.013335,0.344295,-0.072692,0.875749,-0.477309,-0.995661,-0.035881,0.085691,0.058001,0.480379,0.875156,-0.002327,0.037686,0.031029,0.00028,-0.044542,0.069324,-1.849719,-0.081287,0.044181,0.361099,0.237424,0.472516,0.848735,-0.548413,0.786372,-0.284249,-0.801998,-0.398569,0.444754,0.006201,-0.040167,0.066235,4.887657,-0.671739,1.002742,-0.590384,0.051274,0.04096,-0.003656,-0.199189,-0.484256,0.85195,0.537194,-0.781065,-0.318367,0.8196,0.394248,0.415719,0.003323,-0.021044,0.032475,1.296483,1.888418,-2.721763,-0.765631,0.082252,0.032177,-0.071959,-0.165577,0.902278,-0.398092,-0.985969,-0.14279,0.086457,0.021164,0.406822,0.913262,-0.007792,0.02041,0.016603,-0.000735,-0.029872,0.04009,-0.866275
263,0.088135,0.014764,0.345589,-0.071675,0.876124,-0.476775,-0.995612,-0.034049,0.086994,0.060066,0.47983,0.875318,-0.01532,0.041098,0.032997,-0.001072,-0.029377,0.039549,-1.840574,-0.081041,0.042527,0.363307,0.213207,0.477539,0.852344,-0.500749,0.802531,-0.324237,-0.839102,-0.358288,0.409145,0.007702,-0.041952,0.049778,0.274749,0.692608,-0.767668,-0.590287,0.051395,0.040136,-0.002545,-0.177035,-0.488133,0.854625,0.483123,-0.799624,-0.35664,0.857467,0.349751,0.37739,0.003939,-0.021431,0.024586,1.647237,0.591651,-0.513445,-0.76759,0.082135,0.032909,-0.071296,-0.164532,0.902714,-0.397534,-0.986095,-0.141008,0.087929,0.023319,0.406475,0.913363,-0.000995,0.019309,0.015707,0.001121,0.054182,-0.099586,-0.867419
264,0.087952,0.016173,0.346943,-0.070275,0.876423,-0.476433,-0.995575,-0.031788,0.088262,0.062291,0.479439,0.875377,-0.001553,0.039633,0.0318,-0.003743,-0.039787,0.066715,-1.830114,-0.080873,0.040996,0.364568,0.19882,0.469587,0.860204,-0.457792,0.820598,-0.342023,-0.866706,-0.326393,0.377029,-0.004271,-0.03926,0.022012,0.192495,0.756729,-0.105835,-0.588193,0.051481,0.039358,-0.001893,-0.161952,-0.480965,0.861651,0.439188,-0.817061,-0.373528,0.883676,0.317934,0.343559,-0.001951,-0.020367,0.010526,0.19208,0.819417,-0.054251,-0.765467,0.082038,0.033614,-0.070619,-0.163178,0.903126,-0.397158,-0.986264,-0.138884,0.089403,0.025583,0.406292,0.913384,-0.000753,0.019951,0.016019,-0.009229,-0.047732,0.087331,-0.864806
265,0.087879,0.016879,0.347661,-0.06942,0.876205,-0.476959,-0.995618,-0.030859,0.088108,0.062562,0.479897,0.875107,-0.002577,0.028833,0.040063,-0.034027,-0.025462,0.054049,-1.820742,-0.080777,0.040317,0.364896,0.191025,0.460222,0.867005,-0.43689,0.830837,-0.344632,-0.879152,-0.31354,0.358674,0.006785,-0.029185,0.011872,0.232395,0.843501,0.225193,-0.588353,0.051525,0.039035,-0.001742,-0.1547,-0.472858,0.867451,0.419208,-0.826478,-0.375761,0.894612,0.305513,0.326082,0.003528,-0.014912,0.005637,4.605727,-1.122135,1.672803,-0.765631,0.082003,0.033957,-0.070274,-0.162208,0.903016,-0.397806,-0.98642,-0.137882,0.089229,0.025725,0.406878,0.91312,-0.000651,0.020217,0.016124,0.001275,-0.059992,0.09462,-0.864316
266,0.087763,0.018251,0.349116,-0.068494,0.876676,-0.476227,-0.995518,-0.028888,0.089892,0.065127,0.479161,0.875323,-0.000361,0.043059,0.033859,-0.000925,-0.04296,0.068633,-1.803298,-0.080468,0.039386,0.365045,0.173218,0.439921,0.881168,-0.411026,0.845359,-0.341115,-0.89515,-0.303658,0.326131,0.006097,-0.023608,9e-06,4.735709,-0.98524,2.032322,-0.585639,0.051684,0.038549,-0.001663,-0.133129,-0.452843,0.881594,0.397304,-0.839296,-0.371119,0.907978,0.300854,0.291651,0.002126,-0.007144,-0.004697,-0.121697,1.266185,0.22167,-0.763671,0.081942,0.034666,-0.069522,-0.16137,0.903531,-0.396977,-0.986484,-0.136092,0.091255,0.028427,0.406338,0.91328,-0.000143,0.021715,0.017082,0.003364,-0.047826,0.071052,-0.86301
267,0.087709,0.019602,0.350792,-0.06618,0.876172,-0.477481,-0.995598,-0.026183,0.089836,0.066285,0.480236,0.874646,-0.000635,0.034594,0.043655,-0.033656,-0.039953,0.078952,-1.781361,-0.080071,0.03879,0.364619,0.141132,0.423171,0.894986,-0.394751,0.853126,-0.341001,-0.90798,-0.305712,0.286315,0.003335,-0.007814,-0.020742,-0.097793,1.316081,0.253258,-0.58612,0.051885,0.03824,-0.001878,-0.103211,-0.435997,0.894009,0.376214,-0.849148,-0.370686,0.920765,0.298081,0.251669,0.001758,-0.004216,-0.010578,-0.11689,1.258008,0.215809,-0.762202,0.081916,0.035328,-0.0687,-0.159067,0.90336,-0.398291,-0.986829,-0.13347,0.091391,0.029399,0.407583,0.912694,-0.000377,0.017186,0.02175,-0.033534,-0.040035,0.079049,-0.861867
268,0.087769,0.020802,0.352574,-0.068569,0.875224,-0.478881,-0.995518,-0.028715,0.089953,0.065057,0.481815,0.87387,-0.000455,0.035042,0.043455,-0.027173,-0.040947,0.067339,-1.754612,-0.079901,0.038278,0.363882,0.115252,0.405018,0.907011,-0.363475,0.866981,-0.34083,-0.924513,-0.290913,0.245985,0.005785,-0.019221,-0.012815,1.421413,0.396695,0.662855,-0.589139,0.051969,0.037987,-0.002239,-0.074842,-0.418552,0.905103,0.350101,-0.860899,-0.369161,0.933716,0.289249,0.210967,-0.004296,-0.006013,-0.011159,-0.103602,1.350767,0.23129,-0.764324,0.081947,0.035931,-0.067807,-0.161368,0.902304,-0.399758,-0.986496,-0.135988,0.091272,0.027993,0.409089,0.912064,0.005674,0.010626,0.024991,-0.04674,-0.024971,0.028724,-0.859581
269,0.087857,0.021351,0.353506,-0.070763,0.875589,-0.477892,-0.995577,-0.032346,0.088045,0.061714,0.480921,0.874604,0.011542,0.021784,0.050095,-0.049586,-0.11704,0.275579,-1.741302,-0.079818,0.038085,0.363529,0.099645,0.395265,0.913142,-0.353097,0.872043,-0.338818,-0.930311,-0.289173,0.225305,0.005389,-0.017894,-0.011972,0.204206,1.709411,-0.430994,-0.589324,0.052013,0.037883,-0.002426,-0.062128,-0.40811,0.910816,0.334948,-0.86818,-0.366159,0.940185,0.282327,0.190634,0.001534,-0.003454,-0.010129,1.004779,2.079132,-2.033569,-0.764977,0.081991,0.036219,-0.067324,-0.163472,0.902459,-0.398552,-0.986241,-0.13942,0.088826,0.024595,0.407589,0.912833,0.005749,0.0109,0.02506,-0.073244,-0.141563,0.268228,-0.859417
270,0.088132,0.02227,0.355374,-0.071601,0.875796,-0.477389,-0.995641,-0.034109,0.086645,0.059682,0.480424,0.875019,0.010803,0.019607,0.047944,-0.066594,-0.019729,0.069096,-1.719616,-0.079691,0.037812,0.362804,0.074007,0.372611,0.925027,-0.328166,0.885022,-0.330117,-0.941733,-0.27961,0.186604,0.002668,-0.005557,-0.019424,-0.016422,1.342905,0.285419,-0.589675,0.052078,0.03774,-0.002787,-0.035314,-0.386277,0.921706,0.31023,-0.880956,-0.357313,0.950004,0.273323,0.150944,0.007376,-0.000837,-0.009072,0.106593,0.760781,0.256222,-0.765957,0.082126,0.036675,-0.066405,-0.16439,0.902472,-0.398142,-0.986133,-0.141069,0.087404,0.022714,0.406991,0.913149,0.00549,0.010166,0.024248,-0.075289,-0.044085,0.091041,-0.859417
271,0.088514,0.022949,0.357257,-0.081541,0.876284,-0.474892,-0.99536,-0.047213,0.083677,0.050998,0.478423,0.876663,0.010486,0.01879,0.046887,0.78388,-0.088422,-1.311111,-1.705326,-0.079585,0.037571,0.362123,0.048062,0.350114,0.935469,-0.302487,0.897685,-0.320309,-0.951926,-0.268023,0.147866,0.002585,-0.00527,-0.019288,0.431788,0.978996,0.225494,-0.590519,0.052131,0.03762,-0.003133,-0.007018,-0.362665,0.931892,0.28516,-0.893946,-0.34575,0.958453,0.263313,0.109691,0.001292,-0.002608,-0.00962,0.442012,1.017677,0.254417,-0.766284,0.08232,0.037021,-0.065447,-0.173874,0.901844,-0.395529,-0.984661,-0.153307,0.0833,0.014486,0.403946,0.914667,0.005178,0.009283,0.023352,0.794729,-0.099987,-1.323385,-0.859254
272,0.088697,0.023212,0.358253,-0.084177,0.874764,-0.477229,-0.995299,-0.050846,0.082246,0.047779,0.480822,0.875531,0.008911,0.006512,0.054118,-0.028179,-0.013927,-0.075832,-1.692249,-0.079503,0.037418,0.361781,0.033794,0.336986,0.940898,-0.286811,0.905117,-0.313747,-0.957358,-0.259692,0.126049,0.002738,-0.005769,-0.019658,-0.033456,1.428249,0.319243,-0.59181,0.052171,0.037546,-0.003296,0.005587,-0.351019,0.936351,0.269552,-0.901177,-0.339442,0.962969,0.254292,0.089583,0.001303,-0.002647,-0.009662,-0.007698,0.916165,0.256121,-0.7671,0.082405,0.037144,-0.064985,-0.17639,0.900254,-0.39803,-0.984259,-0.156824,0.08148,0.010932,0.406138,0.913745,0.004277,0.00278,0.026709,0.71086,-0.160595,-1.404327,-0.859907
273,0.088983,0.023494,0.360191,-0.082564,0.874712,-0.477604,-0.995708,-0.052356,0.076131,0.041683,0.480753,0.87588,0.007941,0.003541,0.051625,0.12948,0.31289,0.230664,-1.671556,-0.079251,0.036981,0.361165,0.001582,0.314283,0.949323,-0.254742,0.91814,-0.303414,-0.966936,-0.241759,0.080314,0.015272,-0.003215,-0.019368,-0.000562,1.131133,0.414284,-0.595404,0.05229,0.037333,-0.003599,0.038377,-0.328172,0.943838,0.237903,-0.914373,-0.327601,0.97053,0.237114,0.042982,0.002774,-0.009162,-0.006263,-0.051708,0.881281,0.209575,-0.769386,0.082553,0.037295,-0.063996,-0.176029,0.899571,-0.399731,-0.984369,-0.158595,0.076577,0.005491,0.406963,0.913427,0.003862,0.001514,0.025626,0.315398,0.54702,0.316457,-0.859907
274,0.089178,0.023509,0.362244,-0.086463,0.871643,-0.482502,-0.99577,-0.060603,0.068851,0.030873,0.485331,0.873801,0.006105,-0.009591,0.058252,0.571962,-0.176619,0.342613,-1.664419,-0.078906,0.03645,0.360557,-0.036135,0.293481,0.955277,-0.222532,0.929544,-0.293873,-0.974137,-0.22358,0.030514,0.005952,-0.019621,-0.013516,-0.022975,1.230846,0.182763,-0.632756,0.05247,0.037062,-0.003914,0.078384,-0.306357,0.948683,0.206197,-0.926051,-0.316086,0.975365,0.220392,-0.009417,0.003014,-0.009917,-0.006829,-0.022579,1.248674,0.193686,-0.79339,0.082651,0.037308,-0.062972,-0.179717,0.896879,-0.404115,-0.983703,-0.166076,0.068885,-0.005333,0.409909,0.91211,0.003428,0.000148,0.024513,1.955958,-1.397644,1.343004,-0.86154
275,0.089235,0.0233,0.364299,-0.087108,0.870229,-0.484933,-0.995871,-0.063704,0.064458,0.025302,0.487464,0.872792,-0.007947,-0.010977,0.056949,-0.131833,0.050892,-0.012641,-1.656409,-0.078359,0.035838,0.359942,-0.076599,0.274268,0.958593,-0.196052,0.938511,-0.284069,-0.977429,-0.210051,-0.019326,0.006532,-0.021427,-0.01488,1.57244,0.717375,0.122597,-0.649164,0.052741,0.036765,-0.004215,0.118863,-0.287327,0.950428,0.181866,-0.93472,-0.305322,0.976112,0.209143,-0.058849,0.009639,-0.00947,-0.00745,5.307076,-0.121279,0.196451,-0.814128,0.082682,0.037202,-0.061922,-0.179272,0.896089,-0.40606,-0.983721,-0.168446,0.06258,-0.012322,0.410669,0.9117,-0.004069,-0.005705,0.028325,-0.156853,0.036339,-0.022753,-0.863663
276,0.089232,0.023098,0.365321,-0.087764,0.870598,-0.484152,-0.99597,-0.067857,0.058414,0.018104,0.486245,0.87365,-0.00834,-0.012256,0.055989,0.145844,0.053128,0.17601,-1.650759,-0.078034,0.035513,0.359619,-0.09924,0.264276,0.959323,-0.185398,0.942295,-0.278644,-0.977444,-0.205855,-0.045726,0.016981,-0.008406,-0.023225,0.51434,1.38081,0.348505,-0.651931,0.052906,0.036594,-0.004382,0.140552,-0.278418,0.95012,0.169943,-0.938619,-0.300187,0.975378,0.203658,-0.08461,0.00851,-0.004251,-0.011647,0.491517,1.306008,0.306273,-0.822782,0.082684,0.037105,-0.061432,-0.180331,0.896169,-0.405413,-0.983419,-0.172289,0.056587,-0.019137,0.408896,0.91238,0.002121,-0.007678,0.026972,0.612594,-0.348102,0.490294,-0.863663
277,0.089165,0.022557,0.36728,-0.091638,0.86908,-0.486156,-0.995763,-0.076794,0.050306,0.006493,0.487627,0.873044,0.002967,-0.019636,0.050883,-0.101252,0.079462,0.038773,-1.643692,-0.077212,0.034982,0.358961,-0.135246,0.250111,0.95872,-0.157749,0.949836,-0.269927,-0.977933,-0.188072,-0.090213,0.01893,-0.017856,-0.014026,0.155188,1.151171,0.179358,-0.655881,0.053311,0.036332,-0.004708,0.1765,-0.263973,0.948243,0.142837,-0.946301,-0.290019,0.973881,0.186633,-0.129318,0.014607,-0.002117,-0.010949,0.500345,1.126356,0.21689,-0.828171,0.082647,0.036831,-0.060431,-0.183664,0.894689,-0.407184,-0.982493,-0.180227,0.047157,-0.031195,0.408716,0.912128,0.001363,-0.010115,0.025237,-0.142134,0.047401,0.022655,-0.864643
278,0.089039,0.021884,0.369085,-0.094201,0.865992,-0.491151,-0.9955,-0.086577,0.038173,-0.009354,0.49146,0.870865,-0.009915,-0.010075,0.041252,0.287315,0.193532,0.239195,-1.644556,-0.07616,0.03465,0.358312,-0.170942,0.233804,0.957134,-0.135355,0.956652,-0.25774,-0.975655,-0.173919,-0.133089,0.028394,-0.001266,-0.01992,0.234737,1.310085,0.551918,-0.653333,0.053834,0.036157,-0.005033,0.210725,-0.249074,0.945281,0.120949,-0.952921,-0.278049,0.970033,0.172923,-0.170679,0.015318,-0.005909,-0.005687,0.532538,0.886271,0.295038,-0.829314,0.082588,0.036497,-0.059545,-0.186825,0.89096,-0.413865,-0.981299,-0.189125,0.035829,-0.04635,0.41282,0.909632,0.000818,-0.011882,0.024008,0.85571,-0.015016,0.595186,-0.865132
279,0.088944,0.021537,0.369956,-0.096783,0.863291,-0.495386,-0.995167,-0.091924,0.034124,-0.015966,0.495222,0.868636,0.001615,-0.024007,0.047844,0.391605,-0.504739,0.311052,-1.644594,-0.075602,0.034507,0.358033,-0.184689,0.227923,0.955998,-0.124112,0.959537,-0.252624,-0.974627,-0.165608,-0.150129,0.03057,-0.011473,-0.011174,5.310557,-0.619645,-0.606964,-0.652081,0.054112,0.03609,-0.005175,0.228387,-0.240025,0.943518,0.115614,-0.955587,-0.271081,0.96668,0.170995,-0.190494,0.015257,-0.005628,-0.005518,0.035057,0.901116,0.293554,-0.827681,0.082535,0.036327,-0.059114,-0.188741,0.889315,-0.416526,-0.980559,-0.193843,0.030451,-0.05366,0.414176,0.908613,-0.005122,-0.005508,0.020291,1.624358,-1.816445,1.037249,-0.865786
280,0.088662,0.020824,0.371647,-0.105868,0.857716,-0.503151,-0.993902,-0.106775,0.027003,-0.030439,0.501876,0.86442,-0.010869,-0.013176,0.039106,-0.087931,-0.057053,0.139946,-1.643025,-0.074505,0.03421,0.357563,-0.222037,0.207255,0.952752,-0.108223,0.965866,-0.235208,-0.968665,-0.15561,-0.193224,0.029598,-0.008041,-0.008818,0.063439,1.168933,0.478388,-0.651822,0.054662,0.035937,-0.005413,0.26278,-0.221713,0.939036,0.094569,-0.962635,-0.25375,0.960209,0.155484,-0.231994,0.014911,-0.004367,-0.004669,0.054825,1.321512,0.534048,-0.826701,0.082399,0.035966,-0.058264,-0.197153,0.88328,-0.425377,-0.977918,-0.207865,0.021619,-0.069325,0.420246,0.904757,-0.005577,-0.006959,0.019307,-0.076914,0.047002,-0.085968,-0.866765
281,0.088203,0.0201,0.373259,-0.108292,0.855227,-0.506857,-0.993314,-0.113447,0.0207,-0.039671,0.504646,0.86243,-0.011302,-0.014574,0.038161,0.045075,0.114448,0.196735,-1.627712,-0.073444,0.034031,0.357211,-0.254549,0.188606,0.948485,-0.087132,0.972328,-0.21661,-0.962738,-0.138033,-0.232261,0.028819,-0.00532,-0.006929,0.536524,1.030771,0.312215,-0.651154,0.055192,0.035847,-0.00559,0.295331,-0.202822,0.933617,0.074873,-0.969287,-0.234256,0.952456,0.139086,-0.271075,0.014177,-0.001895,-0.002941,1.583223,0.22742,-0.224572,-0.825722,0.082169,0.035603,-0.05746,-0.199603,0.880681,-0.429602,-0.97672,-0.21398,0.01515,-0.078584,0.422626,0.90289,-0.005824,-0.007763,0.018765,0.159674,0.218679,0.115628,-0.864806
282,0.087921,0.019737,0.374058,-0.111105,0.852533,-0.510773,-0.992473,-0.121693,0.012664,-0.051231,0.507275,0.860276,-0.025519,-0.0239,0.047822,0.382803,-0.030651,-0.178122,-1.614911,-0.072942,0.03404,0.357063,-0.266497,0.175889,0.947646,-0.077113,0.976157,-0.202745,-0.960342,-0.127343,-0.247768,0.025156,0.009673,-0.012295,0.553448,0.840364,0.106432,-0.650293,0.055447,0.035841,-0.005665,0.308058,-0.189324,0.932339,0.065668,-0.97343,-0.219365,0.949098,0.128802,-0.287441,0.007403,-0.001871,-0.002154,1.710684,0.629503,0.246357,-0.825395,0.082034,0.035426,-0.057063,-0.201722,0.878348,-0.433371,-0.975281,-0.220877,0.006296,-0.090192,0.423929,0.901192,-0.005841,-0.007811,0.018733,1.497467,-0.561399,-0.68897,-0.865949
283,0.087397,0.018941,0.375609,-0.10668,0.850609,-0.514906,-0.992316,-0.123604,0.001297,-0.062417,0.510031,0.857904,-0.013515,-0.028937,0.044531,-0.040048,0.014892,0.34846,-1.607911,-0.072164,0.03419,0.356919,-0.290265,0.152331,0.94474,-0.062126,0.982155,-0.17733,-0.954495,-0.110372,-0.276806,0.013052,0.00164,-0.000379,0.080488,0.862731,0.070586,-0.648891,0.05584,0.035918,-0.005743,0.331963,-0.165548,0.928651,0.051376,-0.979844,-0.19304,0.941891,0.111793,-0.316767,0.012726,0.00266,0.000352,0.214804,0.874813,0.323749,-0.822946,0.081768,0.035031,-0.056285,-0.197641,0.877203,-0.437551,-0.974946,-0.222371,-0.005428,-0.102061,0.425517,0.899176,-0.006305,-0.009295,0.01775,0.008291,0.02517,0.376519,-0.866602
284,0.086996,0.018073,0.377067,-0.110272,0.848619,-0.517428,-0.990981,-0.133651,-0.008107,-0.075905,0.510812,0.856351,-6e-06,-0.021916,0.033338,1.799423,-1.813545,1.460827,-1.580013,-0.07165,0.034424,0.356887,-0.31027,0.122528,0.942715,-0.058452,0.987309,-0.14744,-0.948392,-0.10102,-0.300352,-0.000227,0.000695,0.000503,0.570972,-0.489541,2.38511,-0.644358,0.056101,0.03604,-0.005755,0.352865,-0.13844,0.925375,0.048698,-0.984935,-0.165921,0.934405,0.103611,-0.340808,0.004869,0.007684,-0.003322,0.122587,1.089413,0.203541,-0.820986,0.081561,0.034592,-0.055554,-0.202434,0.875686,-0.438399,-0.97272,-0.231591,-0.013436,-0.113295,0.42372,0.898679,-0.006419,-0.009654,0.017523,-0.00866,-0.008844,0.351032,-0.866439
285,0.086737,0.017249,0.378304,-0.113904,0.845281,-0.522084,-0.989499,-0.143492,-0.016541,-0.088762,0.513667,0.853402,-0.013911,-0.022839,0.032704,0.166877,-0.102887,-0.147076,-1.531483,-0.071416,0.034643,0.356877,-0.327895,0.10514,0.93884,-0.052871,0.990171,-0.129231,-0.942753,-0.09216,-0.32029,0.011952,0.005,0.002047,0.032627,0.452202,0.067781,-0.642478,0.056212,0.036151,-0.005758,0.369862,-0.118205,0.921536,0.044411,-0.98849,-0.144618,0.928024,0.094415,-0.360355,-0.000338,0.001045,0.000753,0.007352,0.592047,-0.128936,-0.817067,0.081438,0.034184,-0.054933,-0.203907,0.871978,-0.445056,-0.970529,-0.239686,-0.024947,-0.128427,0.426853,0.895154,-1.1e-05,-0.007265,0.011153,0.819781,-0.236849,-0.906136,-0.858927
286,0.086677,0.016843,0.378789,-0.114936,0.843945,-0.524016,-0.988588,-0.148798,-0.022912,-0.097173,0.514353,0.852071,-0.000891,-0.01744,0.020369,2.949348,0.154326,-4.301471,-1.518794,-0.071376,0.034748,0.356897,-0.337015,0.095844,0.936603,-0.047346,0.991802,-0.118407,-0.939816,-0.084386,-0.330888,0.009089,0.01728,-0.005243,0.090993,0.576762,0.192944,-0.641653,0.056234,0.036198,-0.005747,0.378252,-0.109449,0.919209,0.039268,-0.990194,-0.13406,0.924868,0.086804,-0.370245,-0.00036,0.001106,0.000801,0.077619,0.750173,0.178111,-0.816578,0.081403,0.03398,-0.054685,-0.20062,0.871467,-0.447544,-0.970472,-0.239234,-0.03081,-0.133918,0.428148,0.89373,-0.000449,-0.008671,0.010222,0.109516,0.106416,0.470754,-0.858764
287,0.086617,0.016027,0.379553,-0.123776,0.837902,-0.531644,-0.985578,-0.166026,-0.032307,-0.11519,0.518936,0.847032,-0.00192,-0.020727,0.018198,2.879873,0.033861,-4.358716,-1.508777,-0.071375,0.034898,0.357011,-0.349239,0.075725,0.933964,-0.042625,0.994392,-0.09644,-0.935557,-0.073602,-0.345223,-0.001479,0.004512,0.003258,0.736624,-0.898088,2.332373,-0.638719,0.056238,0.036278,-0.005693,0.3923,-0.091315,0.915293,0.035254,-0.992836,-0.114162,0.91916,0.077054,-0.386271,0.005322,0.004481,0.002457,0.05675,0.411482,0.292946,-0.815597,0.081374,0.03358,-0.05431,-0.209053,0.865506,-0.455186,-0.965929,-0.255378,-0.041962,-0.152563,0.430906,0.889406,-0.000547,-0.005352,0.004439,-0.032433,-0.161123,0.33567,-0.863336
288,0.086521,0.01525,0.38014,-0.128099,0.830532,-0.542082,-0.98294,-0.178979,-0.042035,-0.131781,0.526417,0.839968,-0.00274,-0.023344,0.01647,-0.05176,-0.144993,0.310732,-1.506843,-0.071451,0.035163,0.357189,-0.360666,0.05685,0.930957,-0.043978,0.99597,-0.077734,-0.931137,-0.069065,-0.357878,-0.002593,0.007916,0.0057,0.054609,0.369008,0.24169,-0.629666,0.056201,0.036407,-0.005606,0.401832,-0.07052,0.912993,0.03766,-0.994913,-0.093423,0.914938,0.071924,-0.397133,-0.001307,0.003983,0.00287,0.071345,0.473311,0.287226,-0.809556,0.081326,0.033193,-0.054015,-0.217639,0.857374,-0.466414,-0.960603,-0.272783,-0.053198,-0.172841,0.436461,0.882965,-0.000843,-0.006308,0.003804,0.059057,-0.139398,0.215379,-0.864479
289,0.086471,0.014852,0.380403,-0.131835,0.828667,-0.544037,-0.981669,-0.185272,-0.044416,-0.137444,0.527178,0.838582,-0.002611,-0.022937,0.016752,-0.050689,-0.143048,0.311686,-1.50632,-0.071507,0.035337,0.357302,-0.363276,0.045227,0.930579,-0.044841,0.99679,-0.065827,-0.930078,-0.065714,-0.361248,-0.002932,0.00895,0.006434,0.842976,-0.933802,2.547431,-0.626415,0.056173,0.036494,-0.005549,0.405205,-0.061719,0.912139,0.038783,-0.995659,-0.0846,0.913402,0.069656,-0.401053,-0.001506,0.004597,0.003307,0.111782,0.658693,0.386781,-0.80629,0.0813,0.03299,-0.053886,-0.221225,0.855387,-0.468371,-0.958734,-0.2787,-0.056155,-0.178569,0.436621,0.881745,-0.001019,-0.006871,0.003429,0.057277,-0.152364,0.2141,-0.866765
290,0.086392,0.014153,0.380923,-0.133276,0.824436,-0.550081,-0.979611,-0.193699,-0.053058,-0.150135,0.530768,0.834129,-0.002048,-0.021154,0.017963,-0.042437,-0.156354,0.332534,-1.500321,-0.071691,0.035748,0.357579,-0.368467,0.027205,0.929237,-0.046399,0.99776,-0.047486,-0.927951,-0.060663,-0.367544,-0.018649,0.019152,-0.000841,0.321988,-0.13948,0.881599,-0.615505,0.05608,0.036702,-0.005409,0.409963,-0.040899,0.911184,0.041419,-0.997128,-0.063392,0.911161,0.063729,-0.407092,-0.009362,0.009673,-0.000347,0.347497,-0.188687,0.943455,-0.796656,0.081258,0.032626,-0.053623,-0.222075,0.851584,-0.474853,-0.956006,-0.285907,-0.065638,-0.19166,0.439387,0.877613,-0.000554,-0.005396,0.004423,0.019149,-0.115272,0.193038,-0.868562
291,0.086273,0.013524,0.38149,-0.142484,0.817373,-0.558253,-0.974421,-0.214791,-0.065881,-0.173588,0.53357,0.827767,-0.001878,-0.020617,0.018341,1.033588,-0.09117,-1.122776,-1.499259,-0.071978,0.036232,0.35788,-0.374865,0.01113,0.927008,-0.04791,0.99833,-0.031236,-0.925302,-0.056152,-0.374867,-0.00403,0.012343,0.008795,0.053426,0.366803,0.240621,-0.60902,0.055938,0.036944,-0.00526,0.415495,-0.025149,0.909247,0.043543,-0.997921,-0.047499,0.908551,0.059327,-0.413537,-0.002154,0.006588,0.0047,0.084303,0.52826,0.317196,-0.789144,0.081199,0.032313,-0.053339,-0.229218,0.844798,-0.483501,-0.949493,-0.303415,-0.080008,-0.214292,0.440742,0.871679,-0.000501,-0.005119,0.004584,3.692631,-0.337708,-3.857787,-0.869868
292,0.086086,0.012753,0.382228,-0.148222,0.814803,-0.56051,-0.972164,-0.223972,-0.068599,-0.181256,0.533726,0.826021,-0.001774,-0.020288,0.018585,-0.038212,-0.049846,0.109049,-1.494764,-0.072345,0.036747,0.35822,-0.382115,-0.008611,0.92407,-0.049658,0.998671,-0.011104,-0.922232,-0.050135,-0.383193,-0.016584,0.0095,0.008241,0.148244,0.382597,0.480761,-0.603381,0.05576,0.037199,-0.005091,0.422319,-0.006711,0.906421,0.04597,-0.998527,-0.028811,0.90528,0.053836,-0.421389,-0.0083,0.004671,0.004085,0.978111,-0.739043,2.571726,-0.782776,0.081111,0.031934,-0.052978,-0.236136,0.841464,-0.485979,-0.945798,-0.313773,-0.08373,-0.222943,0.439867,0.869949,-0.001333,-0.0152,0.01395,0.184577,-0.00114,-0.282667,-0.872644
293,0.085948,0.012328,0.38263,-0.147886,0.813368,-0.562679,-0.9714,-0.226255,-0.071845,-0.185569,0.53495,0.82427,-0.002175,-0.021558,0.017748,-0.060849,-0.052519,0.142885,-1.474658,-0.072559,0.036978,0.358364,-0.385807,-0.018306,0.922394,-0.050454,0.998693,-0.001159,-0.920648,-0.046979,-0.387381,-0.018881,0.020143,-0.000254,0.171622,0.275268,0.44326,-0.602892,0.055652,0.037316,-0.005012,0.426791,0.004364,0.904339,0.047373,-0.998722,-0.017538,0.903107,0.050326,-0.426453,-0.008374,0.005001,0.004294,0.382821,0.050076,1.038862,-0.780817,0.081037,0.031719,-0.052767,-0.235547,0.84025,-0.488361,-0.944865,-0.315608,-0.087291,-0.227477,0.440875,0.868264,-0.00803,-0.014689,0.014277,-0.091958,-0.104078,0.266213,-0.871174
294,0.085582,0.011405,0.383509,-0.149474,0.80849,-0.569251,-0.967955,-0.237076,-0.082638,-0.201589,0.537652,0.81873,-0.015915,-0.028904,0.028903,1.85295,-1.607821,1.241358,-1.465191,-0.073016,0.037404,0.358629,-0.398612,-0.03519,0.91644,-0.040466,0.99893,0.020882,-0.915659,-0.028733,-0.400757,-0.015796,0.007238,0.006578,0.078146,0.57036,0.324543,-0.603563,0.055427,0.037534,-0.004883,0.438115,0.020714,0.898679,0.03816,-0.999261,0.004429,0.898107,0.032353,-0.438582,-0.007973,0.003839,0.003454,0.099157,0.793096,0.293724,-0.779837,0.080859,0.031259,-0.052332,-0.238253,0.836177,-0.494005,-0.940715,-0.325135,-0.096644,-0.24143,0.441693,0.86407,-0.001137,-0.010891,0.008816,0.01505,-0.035806,0.020928,-0.871174
295,0.085174,0.010496,0.384361,-0.150384,0.803728,-0.575718,-0.964293,-0.24759,-0.093854,-0.217796,0.540047,0.812982,-0.016252,-0.029883,0.028285,-0.096252,-0.018998,0.097738,-1.463348,-0.073486,0.037774,0.35875,-0.409958,-0.051231,0.91066,-0.035501,0.998523,0.040319,-0.910832,-0.015753,-0.412312,-0.00265,0.008221,0.005764,0.057388,0.376172,0.252766,-0.604506,0.055181,0.037722,-0.004819,0.450594,0.037695,0.891932,0.034232,-0.999102,0.02493,0.892072,0.019299,-0.451481,-0.007425,0.002191,0.002281,0.069896,0.477103,0.276975,-0.780653,0.080656,0.030806,-0.051905,-0.237196,0.831571,-0.502221,-0.935952,-0.334113,-0.111174,-0.260248,0.443686,0.857561,-0.001318,-0.011453,0.008456,-0.059481,-0.119317,0.285365,-0.872154
296,0.084934,0.010043,0.384747,-0.153705,0.801515,-0.577921,-0.962004,-0.254887,-0.097738,-0.22546,0.539943,0.81096,-0.015786,-0.021029,0.018105,3.135508,0.429034,-4.211767,-1.462791,-0.073696,0.037985,0.358783,-0.417005,-0.058657,0.907005,-0.030129,0.99822,0.05083,-0.907814,-0.006075,-0.419166,-0.002299,0.007144,0.005001,0.047678,0.561824,0.089885,-0.604538,0.055082,0.037822,-0.004801,0.456708,0.044787,0.888488,0.029289,-0.998947,0.0353,0.889133,0.009901,-0.45754,-0.001307,0.004052,0.002849,0.110339,0.753274,0.443626,-0.780653,0.080542,0.030585,-0.051715,-0.235928,0.83058,-0.504454,-0.935005,-0.335456,-0.115034,-0.264767,0.444527,0.855741,-0.007841,-0.010317,0.009192,-0.061731,-0.121699,0.295531,-0.872644
297,0.084405,0.009285,0.385326,-0.151397,0.798884,-0.582159,-0.960093,-0.258892,-0.10568,-0.234962,0.541933,0.806925,-0.016407,-0.022871,0.016882,-0.056903,-0.022485,0.08055,-1.451095,-0.073987,0.038474,0.358762,-0.425962,-0.080634,0.901136,-0.031143,0.996695,0.074591,-0.903603,0.003794,-0.428194,-0.00427,0.016772,-0.004185,0.107446,0.509252,0.319463,-0.60317,0.054929,0.038075,-0.004811,0.465875,0.066974,0.882312,0.031373,-0.997754,0.059172,0.884293,0.000114,-0.46693,-0.00212,0.008341,-0.002119,0.115672,0.583116,0.346326,-0.78049,0.080277,0.030205,-0.05142,-0.237893,0.827232,-0.509012,-0.930803,-0.343893,-0.123864,-0.27751,0.444323,0.8518,-0.008261,-0.011588,0.008346,0.024703,-0.091953,0.147927,-0.868888
298,0.083732,0.008682,0.385609,-0.148293,0.797657,-0.584635,-0.959428,-0.259324,-0.110544,-0.23961,0.54353,0.804481,-0.016746,-0.01645,0.005025,-0.029982,-0.041336,0.107554,-1.424862,-0.074121,0.039031,0.35866,-0.433147,-0.100357,0.895714,-0.032319,0.994827,0.095961,-0.900133,0.012725,-0.435271,-0.003857,0.015483,-0.005085,0.445062,-0.168229,1.018917,-0.602032,0.054862,0.038353,-0.004862,0.473445,0.086843,0.876531,0.033602,-0.996183,0.080548,0.880181,-0.008682,-0.474557,-0.001913,0.007688,-0.002575,0.482502,-0.212847,1.080373,-0.77951,0.079942,0.029904,-0.051271,-0.234725,0.826541,-0.511597,-0.930167,-0.343828,-0.128724,-0.282297,0.445656,0.849527,-0.014871,-0.006939,0.003351,-0.035747,-0.023865,0.076975,-0.864806
299,0.083036,0.008253,0.385475,-0.147595,0.796285,-0.586678,-0.958139,-0.262183,-0.1149,-0.245134,0.54417,0.802381,-0.030331,-0.008174,-0.005705,-0.003895,0.054399,-0.11102,-1.417388,-0.074204,0.039599,0.358491,-0.441096,-0.118751,0.889564,-0.033945,0.992658,0.115811,-0.896197,0.02102,-0.443003,-0.003513,0.014408,-0.005831,0.06548,0.231665,0.156004,-0.596491,0.054822,0.038632,-0.004945,0.481351,0.105653,0.870136,0.03618,-0.994257,0.100709,0.87578,-0.016994,-0.482409,-0.001822,0.007416,-0.002766,0.075623,0.117383,0.344683,-0.776571,0.079582,0.02968,-0.051333,-0.233757,0.825467,-0.513771,-0.92872,-0.345979,-0.133328,-0.287812,0.445983,0.847503,-0.015235,-0.004301,-0.002987,-0.005236,0.05482,-0.110604,-0.868235
300,0.082667,0.008035,0.385278,-0.144633,0.79408,-0.590392,-0.958146,-0.261304,-0.116821,-0.246865,0.547798,0.799376,-0.01811,-0.013082,-0.008972,-0.030544,-0.116309,0.065387,-1.410779,-0.074237,0.039896,0.358384,-0.443867,-0.129948,0.886615,-0.034978,0.991139,0.127886,-0.894786,0.025898,-0.44559,-0.003416,0.0141,-0.006044,0.092637,0.22828,0.384726,-0.588879,0.054806,0.03878,-0.004998,0.483472,0.116383,0.867588,0.037597,-0.992968,0.112251,0.874551,-0.021652,-0.484448,-0.001799,0.007343,-0.002818,0.104113,0.330502,0.436088,-0.772162,0.079411,0.02958,-0.051426,-0.230812,0.8238,-0.517763,-0.928812,-0.345082,-0.134999,-0.289883,0.449745,0.844805,-0.009237,-0.007113,-0.004861,-0.043006,-0.134825,0.05569,-0.872154
301,0.082056,0.007453,0.384696,-0.144493,0.790962,-0.594597,-0.956748,-0.264945,-0.120032,-0.252305,0.550552,0.795777,-0.007379,-0.022564,-0.015429,-0.022802,-0.01796,-0.07179,-1.391401,-0.074307,0.04058,0.358147,-0.447639,-0.15026,0.881495,-0.037368,0.988011,0.149571,-0.892805,0.034186,-0.448992,-0.004024,0.015983,-0.004733,0.068159,0.016537,0.29515,-0.55991,0.054771,0.039123,-0.005122,0.487786,0.137347,0.86209,0.04116,-0.990065,0.134446,0.871992,-0.030097,-0.488593,-0.002005,0.007988,-0.002369,0.054081,-0.058565,0.248355,-0.752404,0.079093,0.029281,-0.051722,-0.230268,0.821013,-0.52241,-0.927148,-0.348158,-0.138492,-0.295586,0.452462,0.841371,-0.003801,-0.011646,-0.007952,-0.009906,0.011224,-0.058143,-0.87346
302,0.081544,0.006606,0.383794,-0.148244,0.785256,-0.6012,-0.953926,-0.27383,-0.122532,-0.260669,0.554359,0.79042,-0.008997,-0.020031,-0.030203,-0.130591,-0.423311,-0.051764,-1.37156,-0.074424,0.041249,0.35793,-0.451963,-0.174646,0.874768,-0.041357,0.98364,0.175146,-0.890444,0.043184,-0.452888,-0.003795,0.015266,-0.005228,0.121773,0.338866,0.677243,-0.52372,0.054711,0.03946,-0.005229,0.490461,0.160914,0.856477,0.045972,-0.986213,0.158962,0.870249,-0.038591,-0.491097,-0.001901,0.007653,-0.002598,0.137071,0.478971,0.750001,-0.719909,0.078841,0.028867,-0.05216,-0.233398,0.816651,-0.527831,-0.923405,-0.356247,-0.142866,-0.30471,0.454057,0.837247,-0.005121,-0.015628,-0.010795,-0.285653,-0.649167,-0.222552,-0.873787
303,0.081296,0.006096,0.383244,-0.145997,0.7852,-0.601823,-0.954101,-0.272489,-0.124148,-0.261297,0.555098,0.789694,-0.010238,-0.023724,-0.032905,0.034897,-0.059378,0.088809,-1.353535,-0.074507,0.041538,0.357847,-0.452096,-0.185087,0.87255,-0.043481,0.981588,0.185819,-0.890275,0.046284,-0.452914,-0.003984,0.015855,-0.00482,0.0857,-0.032872,0.496221,-0.507714,0.05467,0.039603,-0.005271,0.49185,0.172204,0.853479,0.048878,-0.98416,0.170404,0.869305,-0.042097,-0.492477,-0.001974,0.007889,-0.002434,0.076107,-0.092389,0.458077,-0.703254,0.078713,0.028606,-0.052446,-0.231279,0.815832,-0.530024,-0.923816,-0.354999,-0.143315,-0.305079,0.4565,0.835783,-0.005221,-0.012219,-0.01669,0.044881,-0.03719,0.099769,-0.87297
304,0.080828,0.004836,0.382004,-0.148013,0.784222,-0.602605,-0.952607,-0.276726,-0.126234,-0.265575,0.554386,0.788767,-0.013626,-0.041159,-0.02906,0.001799,-0.023852,0.049298,-1.31864,-0.074644,0.042032,0.35774,-0.448523,-0.202181,0.870598,-0.047774,0.97805,0.202654,-0.891864,0.04954,-0.449429,-0.003992,0.01588,-0.004803,0.068246,-0.215121,0.390813,-0.454852,0.054604,0.039844,-0.005323,0.488048,0.188791,0.852154,0.053768,-0.980975,0.186536,0.871159,-0.04522,-0.488914,-0.001878,0.007578,-0.00265,0.048103,-0.12799,0.178334,-0.663901,0.078485,0.027992,-0.053054,-0.233209,0.814852,-0.530686,-0.921921,-0.358858,-0.145879,-0.309311,0.455231,0.834919,-0.006315,-0.015459,-0.019149,0.030743,0.032804,-0.086958,-0.867419
305,0.080302,0.003283,0.3806,-0.147904,0.784121,-0.602763,-0.952452,-0.277023,-0.126752,-0.266192,0.55438,0.788563,-0.015458,-0.046453,-0.033369,0.001791,-0.023881,0.049284,-1.295756,-0.074739,0.042355,0.357704,-0.43997,-0.217238,0.871335,-0.051622,0.974752,0.217087,-0.895909,0.050788,-0.441169,-0.000879,0.002736,0.001886,0.030334,-0.201302,0.341694,-0.398317,0.054554,0.040014,-0.005341,0.479352,0.203745,0.853644,0.058191,-0.977916,0.200729,0.87569,-0.046545,-0.480623,-0.000506,0.001581,0.001091,0.030636,-0.201685,0.341039,-0.606096,0.078222,0.027215,-0.053756,-0.233076,0.814784,-0.530849,-0.921751,-0.359073,-0.146424,-0.309918,0.455183,0.83472,-0.007374,-0.018548,-0.021617,0.036175,-0.041774,0.065615,-0.864806
306,0.079682,0.00153,0.37908,-0.148785,0.78403,-0.602665,-0.952198,-0.277957,-0.126616,-0.266609,0.554042,0.78866,-0.01582,-0.039866,-0.045951,0.029926,0.045019,-0.113608,-1.274555,-0.07479,0.042544,0.357692,-0.432851,-0.229632,0.871722,-0.055758,0.971918,0.228472,-0.89913,0.05056,-0.434594,-0.000689,0.002144,0.001477,0.032566,-0.215998,0.366381,-0.355446,0.054529,0.040107,-0.005348,0.472307,0.216122,0.854527,0.062819,-0.975261,0.211936,0.879192,-0.046418,-0.4742,-0.001283,0.005723,-0.00393,0.051088,-0.103256,0.193124,-0.561681,0.077911,0.026333,-0.054514,-0.233803,0.814621,-0.53078,-0.921444,-0.359864,-0.146419,-0.310285,0.454851,0.834764,-0.00857,-0.025673,-0.018778,0.000692,-0.011386,0.023602,-0.864643
307,0.079343,0.000603,0.378272,-0.148992,0.783987,-0.60267,-0.9521,-0.278259,-0.126685,-0.26684,0.553952,0.788645,-0.016654,-0.042181,-0.048031,0.035457,-0.029194,0.039318,-1.267033,-0.07479,0.042584,0.357683,-0.427508,-0.233674,0.873284,-0.057023,0.971,0.232037,-0.901609,0.049677,-0.429531,-0.000188,0.000584,0.000402,0.01312,-0.153185,0.140061,-0.329441,0.054528,0.040129,-0.005351,0.466743,0.220166,0.856549,0.064246,-0.974398,0.215449,0.882055,-0.04553,-0.468939,-8.4e-05,0.000261,0.00018,0.029788,-0.2396,0.318766,-0.53882,0.077741,0.025871,-0.054917,-0.234124,0.814542,-0.530759,-0.921294,-0.360235,-0.14645,-0.310488,0.454698,0.834773,-0.008775,-0.026205,-0.019358,-0.005723,0.075494,-0.155231,-0.864153
308,0.07862,-0.001279,0.376548,-0.154417,0.782974,-0.60262,-0.950151,-0.284835,-0.1267,-0.270666,0.552042,0.78868,-0.017471,-0.051634,-0.038987,-0.004653,0.062984,-0.129522,-1.259608,-0.074732,0.042696,0.357692,-0.415871,-0.238155,0.877682,-0.058146,0.970028,0.235793,-0.906975,0.047308,-0.418356,-0.000399,0.001241,0.000854,0.008492,-0.339933,0.030345,-0.271312,0.054558,0.040183,-0.005348,0.455816,0.224914,0.861188,0.065671,-0.973407,0.219463,0.887647,-0.043479,-0.458465,-0.000238,0.000743,0.000512,0.004868,-0.438841,-0.027112,-0.486404,0.077384,0.024942,-0.055769,-0.239324,0.813002,-0.530801,-0.918717,-0.366491,-0.147111,-0.314136,0.452449,0.83463,-0.008882,-0.026346,-0.019864,-0.000277,-0.011236,0.02307,-0.872481
309,0.07783,-0.002985,0.374899,-0.155638,0.782844,-0.602476,-0.949793,-0.286116,-0.1265,-0.271222,0.551565,0.788823,-0.02944,-0.036592,-0.045699,0.034451,-0.014553,0.00973,-1.258296,-0.074654,0.042826,0.357756,-0.406029,-0.244486,0.880545,-0.058879,0.968483,0.241883,-0.911386,0.046657,-0.408733,-0.00072,0.002236,0.001537,0.014766,-0.175195,0.129066,-0.212996,0.054598,0.040246,-0.005317,0.445555,0.230932,0.864956,0.066501,-0.972025,0.225262,0.89278,-0.042846,-0.448448,-0.000445,0.001383,0.00095,0.01457,-0.158027,0.136585,-0.430558,0.076986,0.024064,-0.056612,-0.240601,0.812728,-0.530643,-0.918219,-0.367792,-0.146974,-0.314616,0.451885,0.834754,-0.008333,-0.024519,-0.018854,-0.004774,0.063076,-0.129234,-0.878032
310,0.077403,-0.003785,0.374109,-0.156311,0.78278,-0.602385,-0.949609,-0.286792,-0.126355,-0.271481,0.551305,0.788915,-0.029556,-0.04404,-0.034631,-0.005601,0.077831,-0.15901,-1.256458,-0.07461,0.042906,0.357804,-0.399286,-0.250608,0.881906,-0.058529,0.966859,0.24838,-0.914389,0.047856,-0.401829,0.011082,0.006836,0.003286,0.409412,-0.559085,0.820322,-0.188158,0.054616,0.040283,-0.005295,0.439283,0.236292,0.866715,0.066498,-0.970693,0.230935,0.895883,-0.043812,-0.442123,-0.000432,0.001258,0.000884,1.318655,-1.375115,2.240336,-0.403942,0.076772,0.023664,-0.057013,-0.241121,0.812606,-0.530594,-0.917989,-0.368363,-0.146981,-0.314889,0.45164,0.834784,-0.007569,-0.018468,-0.022939,0.035295,-0.029313,0.039458,-0.881951
311,0.076484,-0.005125,0.372737,-0.160353,0.781213,-0.603356,-0.947199,-0.293678,-0.128601,-0.277466,0.549905,0.787809,-0.026424,-0.034352,-0.027584,0.001683,-0.021955,0.045541,-1.265066,-0.074594,0.043051,0.357862,-0.384357,-0.265189,0.884272,-0.057255,0.962793,0.263981,-0.920858,0.051151,-0.386351,-0.000707,0.002193,0.001505,0.130732,-0.27546,0.323041,-0.153772,0.054627,0.04036,-0.005263,0.424214,0.251471,0.869945,0.065884,-0.966693,0.24731,0.903161,-0.047597,-0.426653,-0.000426,0.001312,0.000901,0.44175,-0.553104,0.836842,-0.3592,0.076308,0.022981,-0.057709,-0.245161,0.810703,-0.531653,-0.914891,-0.374888,-0.149773,-0.320732,0.449686,0.833614,-0.012636,-0.011864,-0.01825,0.02697,0.048872,-0.118332,-0.885707
312,0.07545,-0.006155,0.371833,-0.160681,0.778718,-0.606485,-0.944157,-0.300292,-0.135516,-0.28746,0.549873,0.78424,-0.036845,-0.021812,-0.018418,1.945516,-1.541476,1.281003,-1.257387,-0.074664,0.04316,0.357859,-0.37389,-0.277432,0.885003,-0.05841,0.959297,0.276175,-0.925096,0.051898,-0.37599,-0.000158,0.00049,0.000336,0.015701,-0.186111,0.120372,-0.137884,0.054591,0.040418,-0.005263,0.413916,0.263951,0.871207,0.067614,-0.96331,0.259731,0.9078,-0.048601,-0.416577,-6.3e-05,0.0002,0.000138,0.029006,-0.29122,0.284376,-0.337483,0.075795,0.02246,-0.058166,-0.247035,0.808691,-0.533846,-0.911652,-0.380686,-0.154816,-0.328426,0.448437,0.831287,-0.011538,-0.01217,-0.009959,-0.007205,0.054651,-0.108522,-0.889626
