frame,MLTx,MLTy,MLTz,MLTR1,MLTR2,MLTR3,MLTR4,MLTR5,MLTR6,MLTR7,MLTR8,MLTR9,MLTTVx,MLTTVy,MLTTVz,MLTRVx,MLTRVy,MLTRVz,MLGA,MRTx,MRTy,MRTz,MRTR1,MRTR2,MRTR3,MRTR4,MRTR5,MRTR6,MRTR7,MRTR8,MRTR9,MRTTVx,MRTTVy,MRTTVz,MRTRVx,MRTRVy,MRTRVz,MRGA,SLTx,SLTy,SLTz,SLTR1,SLTR2,SLTR3,SLTR4,SLTR5,SLTR6,SLTR7,SLTR8,SLTR9,SLTTVx,SLTTVy,SLTTVz,SLTRVx,SLTRVy,SLTRVz,SLGA,SRTx,SRTy,SRTz,SRTR1,SRTR2,SRTR3,SRTR4,SRTR5,SRTR6,SRTR7,SRTR8,SRTR9,SRTTVx,SRTTVy,SRTTVz,SRTRVx,SRTRVy,SRTRVz,SRGA
60,0.168176,-0.0199,0.360289,-0.763826,0.460691,-0.452082,-0.550065,-0.831029,0.082403,-0.336786,0.311038,0.888739,0.0,0.0,0.0,0.0,0.0,0.0,0.39803,-0.211827,-0.051152,0.282692,0.147603,-0.56817,0.80956,0.770223,0.579429,0.266369,-0.620606,0.584915,0.522097,-0.01802,-0.011288,-0.016039,-1.345762,-0.393086,-0.949395,0.407285,0.020986,0.028632,-0.015831,-0.095186,0.584007,0.806147,-0.786161,-0.540875,0.299006,0.610647,-0.6053,0.510608,-0.000767,-0.011317,-0.00464,-4.524862,-1.313297,-3.128422,0.324334,0.086579,0.040671,-0.025234,0.817592,-0.375487,-0.436523,0.452201,0.888037,0.083087,0.356451,-0.265327,0.895847,2e-06,-6e-06,-7e-06,1.5e-05,7e-06,3e-06,0.343708
61,0.168177,-0.019893,0.360295,-0.763717,0.460795,-0.452162,-0.55018,-0.830961,0.082329,-0.336847,0.311068,0.888706,0.0,1e-06,0.0,0.0,0.0,0.0,0.397553,-0.211957,-0.051935,0.282051,0.170935,-0.551919,0.816185,0.747657,0.61209,0.257464,-0.641888,0.566887,0.516219,-0.00215,-0.026478,-0.014651,-1.406116,-0.269487,-1.11836,0.422534,0.020915,0.028246,-0.016151,-0.118884,0.569129,0.813607,-0.765417,-0.57448,0.290013,0.632457,-0.588272,0.503918,-0.001217,-0.007403,-0.01126,-4.528638,-1.286633,-3.070044,0.365973,0.08658,0.040675,-0.025231,0.817495,-0.375603,-0.436603,0.452324,0.887981,0.083015,0.356515,-0.265351,0.895815,2e-06,-8e-06,-8e-06,1.1e-05,9e-06,3e-06,0.342728
62,0.168187,-0.0199,0.360289,-0.763523,0.460979,-0.452302,-0.550384,-0.830839,0.082199,-0.336953,0.311122,0.888646,-7.4e-05,-0.001157,-0.000946,0.0,0.0,0.0,0.397874,-0.211939,-0.052855,0.281342,0.192949,-0.535548,0.822162,0.723803,0.643332,0.249334,-0.662689,0.547624,0.5107,0.013936,-0.027465,-0.016952,-0.038419,0.0269,-0.03843,0.424008,0.020918,0.027782,-0.01651,-0.142423,0.553362,0.820674,-0.742148,-0.608312,0.281375,0.654928,-0.568987,0.497314,-0.001165,-0.013817,-0.008277,-0.05465,0.152096,-0.259224,0.379036,0.086585,0.040674,-0.025232,0.817325,-0.375808,-0.436744,0.452542,0.887882,0.082889,0.356628,-0.265392,0.895758,-4e-05,-0.000685,-0.000562,0.005136,-0.07482,0.152644,0.342401
63,0.168187,-0.0199,0.360289,-0.763427,0.46107,-0.452371,-0.550484,-0.830778,0.082134,-0.337006,0.311148,0.888617,-1e-06,-1.7e-05,-1.4e-05,0.0,0.0,0.0,0.39851,-0.211885,-0.053367,0.281017,0.206449,-0.526593,0.824663,0.707578,0.662392,0.245976,-0.676032,0.53337,0.508291,-0.002156,-0.026428,-0.014881,-0.093615,0.156434,-0.327577,0.424148,0.02095,0.027524,-0.016677,-0.15607,0.545294,0.823587,-0.726951,-0.627908,0.277978,0.668717,-0.555324,0.4944,0.006975,-0.013779,-0.008572,-0.196322,0.45988,-0.975706,0.381976,0.086585,0.040671,-0.025235,0.817241,-0.37591,-0.436814,0.45265,0.887832,0.082826,0.356683,-0.265413,0.895729,2e-06,-6e-06,-6e-06,1.9e-05,4e-06,2e-06,0.342401
64,0.168187,-0.019914,0.36029,-0.76326,0.461229,-0.452491,-0.550669,-0.830665,0.082045,-0.337083,0.311215,0.888565,-1e-06,-1.2e-05,-1e-05,0.0,0.0,0.0,0.403944,-0.211703,-0.054494,0.280427,0.226272,-0.510941,0.829296,0.681818,0.691032,0.23986,-0.695901,0.511773,0.503659,-0.001848,-0.037895,-0.007432,-0.080953,0.068278,-0.110651,0.424594,0.021042,0.026965,-0.016974,-0.176478,0.530384,0.829184,-0.702606,-0.657849,0.271252,0.689347,-0.53472,0.488748,0.007054,-0.01343,-0.008164,-0.048085,0.01816,-0.037064,0.384262,0.086585,0.040663,-0.025234,0.817095,-0.376087,-0.436935,0.452848,0.887739,0.08274,0.356767,-0.265472,0.895678,2e-06,0.0,0.0,0.006001,-0.087492,0.178501,0.345667
65,0.168187,-0.019914,0.36029,-0.763164,0.461319,-0.45256,-0.55077,-0.830604,0.08198,-0.337135,0.311242,0.888535,-0.0,-0.0,-0.0,0.0,0.0,0.0,0.408557,-0.211485,-0.055712,0.279972,0.2505,-0.492464,0.833499,0.655722,0.719628,0.228251,-0.712521,0.489961,0.502111,0.014221,-0.026326,-0.015763,0.008239,-0.051889,-0.120511,0.424148,0.021144,0.02635,-0.017201,-0.201514,0.513028,0.834382,-0.67823,-0.687683,0.259027,0.706679,-0.513705,0.486529,-0.000754,-0.017966,-0.0023,-0.028971,-0.047916,-0.137767,0.384425,0.086585,0.040663,-0.025234,0.817011,-0.376189,-0.437005,0.452956,0.88769,0.082678,0.356823,-0.265493,0.89565,-2e-06,4e-06,5e-06,0.0,-7e-06,-1.1e-05,0.353179
66,0.168187,-0.019914,0.36029,-0.763068,0.46141,-0.45263,-0.55087,-0.830544,0.081916,-0.337188,0.311268,0.888506,-0.0,-0.0,-0.0,0.0,0.0,0.0,0.409383,-0.211345,-0.056325,0.279818,0.262207,-0.48382,0.834959,0.642044,0.733338,0.223448,-0.720737,0.478075,0.501843,-0.001782,-0.024169,-0.011912,-0.124162,-0.070534,-0.190221,0.42412,0.02122,0.026041,-0.017283,-0.213505,0.505001,0.836294,-0.665435,-0.701921,0.253974,0.71527,-0.502275,0.485909,0.007466,-0.017789,-0.002393,-0.458529,-0.147861,-0.348303,0.384425,0.086585,0.040663,-0.025234,0.816927,-0.37629,-0.437075,0.453063,0.887641,0.082615,0.356879,-0.265513,0.895622,-2e-06,3e-06,4e-06,3e-06,-5e-06,-9e-06,0.355465
67,0.168187,-0.019914,0.36029,-0.762876,0.461591,-0.452768,-0.551072,-0.830423,0.081786,-0.337293,0.311321,0.888448,-0.0,-0.0,-0.0,0.0,0.0,0.0,0.409521,-0.21094,-0.057658,0.279546,0.282266,-0.466765,0.838122,0.617883,0.756696,0.213462,-0.734185,0.458171,0.500914,0.014778,-0.0368,-0.006887,-0.047292,-0.003291,-0.114344,0.420264,0.021417,0.025383,-0.017414,-0.234275,0.488846,0.840323,-0.642552,-0.72652,0.243504,0.729548,-0.482905,0.484315,0.007457,-0.017996,-0.002804,-0.056185,-0.005724,-0.074837,0.381975,0.086585,0.040663,-0.025234,0.816759,-0.376493,-0.437214,0.453279,0.887542,0.08249,0.35699,-0.265554,0.895565,-3e-06,2e-06,4e-06,0.005995,-0.087498,0.178497,0.356771
68,0.168197,-0.019915,0.360289,-0.762764,0.461697,-0.452849,-0.551189,-0.830353,0.081711,-0.337355,0.311352,0.888413,-0.0,-0.0,-0.0,0.0,0.0,0.0,0.410359,-0.210534,-0.059084,0.279429,0.30412,-0.446101,0.841722,0.592879,0.780171,0.199405,-0.746014,0.438933,0.500664,-0.001,-0.032983,-0.000469,-0.021711,-0.002532,-0.172436,0.411226,0.021625,0.024663,-0.017484,-0.256947,0.469204,0.844881,-0.619082,-0.751222,0.228914,0.742101,-0.464232,0.4835,0.007843,-0.022537,0.002774,-0.03819,0.134332,-0.331431,0.374627,0.08659,0.040663,-0.025234,0.816661,-0.376612,-0.437296,0.453405,0.887485,0.082417,0.357055,-0.265579,0.895532,0.007049,-0.000178,-0.000322,0.000986,-0.014727,0.029544,0.357914
69,0.168208,-0.019915,0.360289,-0.762556,0.461893,-0.452999,-0.551407,-0.830222,0.081571,-0.337469,0.31141,0.88835,-0.0,-0.0,-0.0,0.0,0.0,0.0,0.413144,-0.209953,-0.060266,0.279509,0.327505,-0.422612,0.845063,0.562362,0.805846,0.185191,-0.759655,0.415087,0.50049,0.016201,-0.028798,0.005342,-0.041361,-0.252696,-0.486879,0.395554,0.021915,0.024057,-0.017448,-0.279815,0.446769,0.849765,-0.589873,-0.77835,0.214987,0.757465,-0.441097,0.481331,0.008134,-0.014185,0.003014,0.024027,-0.374516,-0.54913,0.360258,0.086595,0.040663,-0.025235,0.816478,-0.376831,-0.437447,0.453638,0.887379,0.082281,0.357176,-0.265624,0.895471,-4e-06,2e-06,3e-06,1e-06,-1.3e-05,-1.5e-05,0.360037
70,0.168218,-0.019922,0.360283,-0.762458,0.461986,-0.45307,-0.551509,-0.83016,0.081505,-0.337523,0.311437,0.88832,-1.7e-05,-0.000268,-0.000219,0.0,0.0,0.0,0.412587,-0.209673,-0.060721,0.27959,0.335224,-0.416234,0.845201,0.551506,0.813977,0.182254,-0.764245,0.405537,0.501331,0.01605,-0.016328,-0.000715,0.028604,-0.074939,-0.301826,0.38519,0.022049,0.023836,-0.017406,-0.288531,0.440901,0.849915,-0.579666,-0.786941,0.211447,0.762061,-0.431658,0.482632,0.008291,-0.01327,0.004439,0.013887,-0.235039,-0.199477,0.349481,0.0866,0.04066,-0.025237,0.816392,-0.376934,-0.437518,0.453748,0.887328,0.082217,0.357233,-0.265645,0.895442,-1.3e-05,-0.000171,-0.000139,9e-06,-9e-06,-1e-05,0.36118
71,0.168229,-0.019915,0.360288,-0.762236,0.462195,-0.45323,-0.551742,-0.830021,0.081356,-0.337644,0.311498,0.888252,1e-06,9e-06,7e-06,0.0,0.0,0.0,0.410581,-0.209166,-0.061394,0.279932,0.345147,-0.404664,0.846824,0.529256,0.828986,0.180563,-0.775495,0.386351,0.499201,0.017449,-0.021365,0.016982,-0.073996,0.008786,-0.007356,0.364834,0.022302,0.023498,-0.017247,-0.299138,0.429656,0.852004,-0.55812,-0.803009,0.208993,0.773962,-0.413003,0.48001,0.008562,-0.004863,0.004832,-0.045252,-0.002948,0.008125,0.323354,0.086606,0.040663,-0.025235,0.816198,-0.377168,-0.43768,0.453997,0.887215,0.082072,0.357361,-0.265693,0.895376,-2e-06,4e-06,4e-06,2e-06,-9e-06,-1e-05,0.361016
72,0.16825,-0.019916,0.360287,-0.761916,0.462497,-0.45346,-0.552076,-0.829819,0.08114,-0.33782,0.311586,0.888154,0.0,0.0,0.0,0.0,0.0,0.0,0.409171,-0.208625,-0.061685,0.280395,0.356847,-0.3946,0.846724,0.503618,0.844607,0.181502,-0.787205,0.362131,0.499032,0.000726,0.004576,0.007194,-0.03618,-0.022248,0.00272,0.348607,0.022579,0.023345,-0.017009,-0.311195,0.420115,0.852443,-0.533142,-0.819713,0.209354,0.786712,-0.389324,0.479072,0.008806,-0.003316,0.007255,-0.158139,-0.04463,-0.037256,0.299677,0.086616,0.040663,-0.025236,0.815917,-0.377506,-0.437912,0.454355,0.88705,0.081864,0.357547,-0.265762,0.895281,-0.0,-1e-06,-1e-06,1e-05,-1.2e-05,-9e-06,0.35873
73,0.168261,-0.019916,0.360287,-0.761804,0.462603,-0.453541,-0.552193,-0.829748,0.081065,-0.337881,0.311617,0.88812,0.0,0.0,0.0,0.0,0.0,0.0,0.408668,-0.20837,-0.061693,0.280622,0.361423,-0.391161,0.846379,0.493639,0.850303,0.182315,-0.791435,0.352382,0.499321,0.017398,0.005644,0.008149,-0.034119,-0.037481,0.031957,0.338318,0.022707,0.023344,-0.016891,-0.31593,0.416891,0.852285,-0.523381,-0.82583,0.209941,0.791366,-0.379743,0.479097,0.008722,0.003028,0.0044,-0.032511,-0.038117,0.032902,0.286777,0.086622,0.040663,-0.025236,0.815818,-0.377624,-0.437994,0.454481,0.886993,0.08179,0.357612,-0.265786,0.895248,0.0,0.0,-2e-06,1.4e-05,2e-06,-8e-06,0.358077
74,0.168292,-0.019925,0.360292,-0.761478,0.46291,-0.453774,-0.552543,-0.829535,0.080869,-0.338044,0.311729,0.888019,0.0,0.0,0.0,0.0,0.0,0.0,0.409129,-0.207852,-0.061434,0.281102,0.370149,-0.381833,0.846868,0.473926,0.861623,0.181478,-0.799427,0.334636,0.498797,0.017761,0.008167,0.012035,-4.688377,-0.934873,-2.875293,0.323735,0.022959,0.023472,-0.016652,-0.322658,0.410144,0.853037,-0.50922,-0.834918,0.208821,0.797863,-0.367006,0.478247,0.008923,0.004411,0.00653,0.006909,-0.04394,0.081011,0.262773,0.086638,0.040658,-0.025233,0.815533,-0.377968,-0.438229,0.454855,0.886818,0.081601,0.357788,-0.265879,0.89515,-2e-06,1e-06,0.0,0.005995,-0.087505,0.178497,0.357914
75,0.168324,-0.019933,0.360297,-0.761248,0.463126,-0.453939,-0.552791,-0.829382,0.080738,-0.338155,0.311814,0.887947,0.0,0.0,0.0,0.0,0.0,0.0,0.409992,-0.207328,-0.061081,0.281631,0.374597,-0.378988,0.846189,0.464335,0.866572,0.182698,-0.802981,0.324932,0.499503,0.017825,0.008841,0.012997,0.003771,-0.029317,0.054311,0.318317,0.023228,0.023655,-0.016378,-0.329596,0.405333,0.852684,-0.494836,-0.843326,0.209611,0.804054,-0.352852,0.47853,0.008917,0.004504,0.006625,0.005203,-0.029272,0.055181,0.24971,0.086654,0.040654,-0.02523,0.815331,-0.37821,-0.438395,0.455121,0.886693,0.081475,0.357908,-0.265952,0.895081,-1e-06,1e-06,-2e-06,4e-06,-1.4e-05,-1.4e-05,0.358404
76,0.168367,-0.019934,0.360295,-0.760895,0.463458,-0.454192,-0.553159,-0.82916,0.080501,-0.338348,0.311911,0.887839,0.0,0.0,0.0,0.0,0.0,0.0,0.409907,-0.206766,-0.060707,0.282186,0.380816,-0.37152,0.846725,0.449495,0.874568,0.181711,-0.808493,0.311845,0.498954,0.001432,0.009479,0.014652,-4.677722,-1.01834,-2.732419,0.318379,0.023509,0.02384,-0.016104,-0.333794,0.40027,0.853443,-0.485455,-0.849071,0.20835,0.80803,-0.344762,0.477728,0.008946,0.004833,0.007087,0.005799,-0.045098,0.08244,0.246118,0.086675,0.040654,-0.025231,0.815022,-0.37858,-0.438651,0.455515,0.886512,0.081245,0.358112,-0.266028,0.894976,-1e-06,1e-06,0.0,1e-05,-2e-06,-1.4e-05,0.358567
77,0.168398,-0.019935,0.360294,-0.760751,0.463593,-0.454296,-0.553309,-0.829069,0.080404,-0.338427,0.311952,0.887795,0.0,0.0,0.0,0.0,0.0,0.0,0.410493,-0.206469,-0.060524,0.282437,0.380477,-0.37035,0.84739,0.444186,0.876818,0.183908,-0.811581,0.306869,0.497021,0.017705,0.008476,0.012296,-0.128103,-0.045591,-0.013184,0.317829,0.023652,0.023933,-0.015975,-0.335455,0.397038,0.8543,-0.475191,-0.85434,0.210465,0.813426,-0.335354,0.475261,0.00887,0.004405,0.006398,-0.411317,-0.147435,-0.176847,0.245628,0.086691,0.040653,-0.025232,0.814895,-0.378732,-0.438755,0.455676,0.886438,0.081151,0.358195,-0.26606,0.894934,-0.0,2e-06,-2e-06,7e-06,-5e-06,-1.5e-05,0.35873
78,0.168441,-0.019944,0.360299,-0.760505,0.463824,-0.454471,-0.553574,-0.828906,0.080261,-0.338546,0.312041,0.887718,0.014106,-0.000353,-0.000645,0.000984,-0.014715,0.029553,0.41043,-0.205783,-0.060247,0.282888,0.377921,-0.371937,0.847838,0.44418,0.876263,0.186551,-0.812775,0.306537,0.495272,0.017555,0.007739,0.011085,-0.094466,0.244939,-0.013062,0.310199,0.024001,0.024075,-0.015745,-0.333418,0.398436,0.854447,-0.47508,-0.853832,0.212766,0.814328,-0.334991,0.473972,0.00877,0.00386,0.005516,-0.115989,0.285847,0.010718,0.240566,0.086707,0.040649,-0.025229,0.814693,-0.378974,-0.438921,0.455942,0.886313,0.081024,0.358316,-0.266133,0.894864,-1e-06,2e-06,-2e-06,0.005993,-0.087498,0.178496,0.35922
79,0.168462,-0.019945,0.360298,-0.760377,0.463944,-0.454564,-0.553708,-0.828825,0.080175,-0.338616,0.312077,0.887679,0.0,0.0,0.0,0.0,0.0,0.0,0.411541,-0.204991,-0.060044,0.283312,0.379618,-0.368436,0.848608,0.439224,0.879024,0.185293,-0.814678,0.30283,0.494426,0.017302,0.006251,0.00874,0.003757,-0.029272,0.054337,0.30731,0.024391,0.024175,-0.015535,-0.334914,0.395025,0.855445,-0.470267,-0.856797,0.211535,0.816505,-0.331442,0.472721,0.008637,0.003071,0.004273,0.004942,-0.033301,0.05547,0.233218,0.086722,0.040648,-0.02523,0.814567,-0.379125,-0.439025,0.456103,0.886239,0.08093,0.358399,-0.266164,0.894821,-1e-06,1e-06,-2e-06,3e-06,-1.6e-05,-1.7e-05,0.359547
80,0.168473,-0.019953,0.360304,-0.760275,0.46404,-0.454636,-0.553823,-0.828752,0.08013,-0.338656,0.312126,0.887646,0.0,0.0,0.0,0.0,0.0,0.0,0.411436,-0.204604,-0.059972,0.283497,0.381296,-0.364137,0.849711,0.433982,0.882025,0.183376,-0.816704,0.299274,0.493246,0.017245,0.005963,0.008272,0.003777,-0.029306,0.054317,0.305876,0.024584,0.02421,-0.015443,-0.336756,0.390802,0.856661,-0.465228,-0.86005,0.209465,0.818631,-0.328004,0.471439,0.008608,0.002914,0.004023,0.003288,-0.032287,0.058009,0.231422,0.086728,0.040644,-0.025227,0.814478,-0.379233,-0.439098,0.456226,0.886179,0.080887,0.358445,-0.266209,0.894789,-0.0,2e-06,-4e-06,-4e-06,-1.6e-05,-2e-05,0.360037
81,0.168483,-0.019961,0.36031,-0.760077,0.464227,-0.454776,-0.554038,-0.828619,0.08002,-0.338749,0.312202,0.887584,0.0,0.0,0.0,0.0,0.0,0.0,0.411946,-0.203734,-0.059888,0.283863,0.380299,-0.36048,0.851715,0.434002,0.88272,0.179951,-0.817157,0.301643,0.491049,0.017089,0.005071,0.006862,0.005826,-0.02531,0.049319,0.304114,0.025013,0.024251,-0.015262,-0.335845,0.387076,0.858708,-0.465396,-0.860796,0.205998,0.81891,-0.330456,0.469238,0.008747,-0.00319,0.007242,-0.009764,0.026652,-0.01769,0.228156,0.086733,0.04064,-0.025224,0.814304,-0.379441,-0.43924,0.456456,0.88607,0.080782,0.358546,-0.266275,0.894729,-1e-06,1e-06,-3e-06,1.1e-05,-1.3e-05,-1.4e-05,0.361016
82,0.168484,-0.019962,0.360323,-0.759977,0.464321,-0.454847,-0.554151,-0.828548,0.079976,-0.338788,0.312251,0.887552,0.0,1e-06,1e-06,0.0,0.0,0.0,0.411371,-0.202962,-0.059946,0.284129,0.378792,-0.353276,0.855397,0.433363,0.884332,0.173456,-0.818194,0.305416,0.486973,0.033518,-0.008931,0.009722,0.809919,1.621459,-2.018401,0.303097,0.0254,0.024231,-0.015124,-0.33494,0.382424,0.861142,-0.465097,-0.861933,0.201876,0.81945,-0.332899,0.46656,0.008346,0.001177,0.001335,0.00268,-0.031935,0.058091,0.226523,0.086733,0.04064,-0.025217,0.814216,-0.379546,-0.439311,0.456577,0.886012,0.08074,0.358591,-0.266319,0.894698,0.0,-4e-06,-7e-06,1e-05,-7e-06,-1.5e-05,0.360527
83,0.168484,-0.019969,0.36033,-0.759795,0.464493,-0.454976,-0.554349,-0.828425,0.079876,-0.338871,0.312322,0.887495,0.0,0.0,0.0,0.0,0.0,0.0,0.412191,-0.20225,-0.060103,0.284435,0.380311,-0.348855,0.856537,0.427492,0.887509,0.171793,-0.820578,0.301244,0.485559,0.01721,-0.008435,0.011323,-0.03432,-0.003312,0.011709,0.296691,0.025762,0.02415,-0.014976,-0.336196,0.375652,0.86363,-0.459433,-0.865909,0.197793,0.822127,-0.330283,0.463702,0.008626,-0.004028,0.005938,-0.032651,-0.018135,0.037886,0.220971,0.086733,0.040636,-0.025214,0.814057,-0.379738,-0.439441,0.45679,0.885911,0.080644,0.358683,-0.266382,0.894642,1e-06,-1e-06,-5e-06,7e-06,-9e-06,-1.8e-05,0.361343
84,0.168484,-0.019984,0.360331,-0.759724,0.46456,-0.455026,-0.554433,-0.828371,0.079851,-0.338895,0.312364,0.887472,-6.2e-05,-0.000983,-0.000804,0.0,0.0,0.0,0.413724,-0.201903,-0.060199,0.284626,0.382344,-0.347063,0.856359,0.422018,0.890005,0.172412,-0.822468,0.295893,0.485652,0.017309,-0.007687,0.012442,-0.032582,-0.017388,0.036795,0.295546,0.025928,0.024099,-0.014885,-0.338312,0.373912,0.863558,-0.454029,-0.868651,0.198245,0.824258,-0.325012,0.463642,0.008645,-0.00388,0.006157,-0.032248,-0.017782,0.037183,0.218195,0.086733,0.040631,-0.025211,0.813994,-0.379814,-0.439492,0.456879,0.885867,0.080621,0.358711,-0.26642,0.89462,-4e-05,-0.000667,-0.000548,5e-06,8e-06,-2.1e-05,0.361506
85,0.168505,-0.019984,0.36033,-0.759498,0.464771,-0.455187,-0.554666,-0.82823,0.0797,-0.339018,0.312426,0.887403,-0.0,-0.0,-0.0,0.0,0.0,0.0,0.414856,-0.20137,-0.060402,0.28502,0.383789,-0.342426,0.857579,0.421766,0.891118,0.1672,-0.821925,0.297937,0.48532,0.000928,-0.007779,0.013199,0.06641,-0.196203,-0.140931,0.292492,0.026201,0.024002,-0.01469,-0.338951,0.36953,0.865193,-0.453876,-0.869762,0.19367,0.82408,-0.327046,0.462528,0.008373,0.001462,0.001743,0.204646,-0.422555,-0.205158,0.215256,0.086744,0.040628,-0.025214,0.813796,-0.380049,-0.439654,0.457129,0.885751,0.080474,0.358841,-0.266469,0.894553,0.0,4e-06,3e-06,7e-06,-6e-06,-1.8e-05,0.363466
86,0.168547,-0.019993,0.360335,-0.759348,0.464911,-0.455294,-0.554831,-0.828127,0.079622,-0.339084,0.312489,0.887355,-0.0,-0.0,-0.0,0.0,0.0,0.0,0.41587,-0.20097,-0.060538,0.28543,0.387207,-0.334732,0.859079,0.416015,0.894898,0.161314,-0.823257,0.295326,0.484658,0.017357,-0.007269,0.013025,-0.030318,-0.011555,0.006838,0.286988,0.026401,0.02393,-0.014481,-0.343877,0.361828,0.866503,-0.448695,-0.87393,0.186862,0.824876,-0.324539,0.462875,0.000287,0.002249,0.003388,-0.007811,0.001713,0.036529,0.209051,0.086765,0.040624,-0.025212,0.813665,-0.380207,-0.439762,0.457305,0.885667,0.0804,0.358915,-0.266524,0.894507,-1e-06,2e-06,1e-06,8e-06,-1.1e-05,-1.5e-05,0.365099
87,0.168579,-0.020001,0.360328,-0.759218,0.465033,-0.455387,-0.554966,-0.828044,0.079535,-0.339155,0.312525,0.887315,-1.2e-05,-0.000194,-0.000158,0.0,0.0,0.0,0.416564,-0.200805,-0.060632,0.285671,0.394133,-0.330909,0.857409,0.410912,0.897882,0.157775,-0.822542,0.290528,0.488755,0.017372,-0.007134,0.013216,0.046873,-0.179223,-0.059,0.285232,0.02649,0.02388,-0.014356,-0.350899,0.35833,0.86514,-0.443805,-0.877173,0.183307,0.824563,-0.319632,0.466829,0.008676,-0.003587,0.006573,0.045074,-0.176471,-0.056431,0.205458,0.086781,0.04062,-0.025215,0.81355,-0.380343,-0.439857,0.45745,0.8856,0.080315,0.35899,-0.266553,0.894469,-8e-06,-0.000121,-0.0001,2.5e-05,1.1e-05,-8e-06,0.365752
88,0.168663,-0.020003,0.360324,-0.758896,0.465333,-0.455617,-0.555299,-0.827842,0.079319,-0.33933,0.312615,0.887217,-0.0,-0.0,-0.0,0.0,0.0,0.0,0.417342,-0.200621,-0.060857,0.286183,0.401491,-0.327658,0.855241,0.410447,0.899105,0.151914,-0.819216,0.290429,0.494367,0.000995,-0.007247,0.01397,0.076288,-0.146269,-0.341067,0.27672,0.026582,0.023774,-0.01411,-0.357423,0.355719,0.863546,-0.443503,-0.878367,0.178257,0.82192,-0.319272,0.471711,0.0005,-0.003543,0.007103,0.19797,-0.469524,-0.266519,0.196477,0.086823,0.040619,-0.025217,0.813267,-0.380679,-0.440088,0.457807,0.885434,0.080105,0.359175,-0.266623,0.894373,-1e-06,5e-06,2e-06,6e-06,-4e-06,-2.1e-05,0.367385
89,0.168779,-0.020019,0.360307,-0.758554,0.465652,-0.455862,-0.555653,-0.827627,0.079089,-0.339517,0.31271,0.887112,-1e-05,-0.000165,-0.000135,0.0,0.0,0.0,0.417583,-0.20055,-0.061091,0.286669,0.409606,-0.317672,0.855161,0.398785,0.905398,0.145458,-0.820968,0.281822,0.496438,0.000452,0.003508,0.00527,0.022338,-0.063774,-0.005778,0.271156,0.026618,0.023652,-0.013857,-0.367245,0.345697,0.863495,-0.432446,-0.885384,0.17054,0.82348,-0.310785,0.474649,0.000212,0.001717,0.002582,0.003262,-0.027458,0.0167,0.18717,0.086881,0.040611,-0.025225,0.812967,-0.381035,-0.440335,0.458186,0.885259,0.079883,0.359373,-0.266698,0.894272,-7e-06,-9.6e-05,-8.1e-05,1.4e-05,2e-06,-1.5e-05,0.368365
90,0.168906,-0.020023,0.360301,-0.758264,0.465921,-0.456069,-0.555951,-0.827445,0.078895,-0.339675,0.312791,0.887023,-0.0,-0.0,-0.0,0.0,0.0,0.0,0.418438,-0.200535,-0.061305,0.287223,0.418188,-0.309546,0.853985,0.392781,0.909276,0.137381,-0.819545,0.278345,0.500732,0.00064,0.004981,0.007465,0.107271,-0.231304,-0.102174,0.267778,0.026625,0.02354,-0.013586,-0.375431,0.338074,0.862992,-0.426741,-0.889591,0.162847,0.822765,-0.307136,0.47825,0.000566,-0.00301,0.007895,0.11834,-0.315604,-0.174348,0.181291,0.086944,0.040609,-0.025229,0.812713,-0.381336,-0.440544,0.458506,0.88511,0.079695,0.35954,-0.266761,0.894186,-2e-06,7e-06,4e-06,8e-06,-1.9e-05,-1.8e-05,0.369018
91,0.168969,-0.020024,0.360298,-0.758168,0.46601,-0.456138,-0.556051,-0.827384,0.07883,-0.339728,0.312818,0.886993,-0.0,-0.0,-0.0,0.0,0.0,0.0,0.418058,-0.200499,-0.061401,0.287545,0.422424,-0.306,0.853178,0.387008,0.912012,0.135621,-0.820124,0.27326,0.502581,0.001262,-0.005141,0.017084,0.019511,-0.114177,-0.057997,0.267343,0.026642,0.023498,-0.013435,-0.380297,0.334621,0.862207,-0.421266,-0.892602,0.160608,0.823352,-0.30214,0.480419,0.000604,-0.0027,0.008353,0.041073,-0.161522,-0.08449,0.179822,0.086976,0.040609,-0.02523,0.812628,-0.381437,-0.440614,0.458613,0.88506,0.079632,0.359596,-0.266782,0.894156,-4e-06,7e-06,2e-06,-9e-06,-3.2e-05,-2.8e-05,0.369508
92,0.169065,-0.020019,0.3603,-0.757912,0.466247,-0.456321,-0.556314,-0.827224,0.078659,-0.339867,0.312889,0.886915,0.0,2e-06,1e-06,0.0,0.0,0.0,0.417921,-0.20042,-0.061543,0.288127,0.431483,-0.300516,0.850591,0.381217,0.915247,0.130112,-0.818129,0.268474,0.508379,0.017533,-0.005736,0.015223,0.02429,-0.135312,-0.031989,0.266994,0.026677,0.023427,-0.013134,-0.389892,0.329449,0.859911,-0.415811,-0.896177,0.154811,0.821635,-0.297201,0.486401,0.000584,-0.002838,0.008135,0.008125,-0.010714,-0.260137,0.178026,0.087024,0.040611,-0.025229,0.812403,-0.381702,-0.440798,0.458895,0.884929,0.079466,0.359743,-0.266838,0.89408,-3e-06,-2e-06,-5e-06,0.0,-2.3e-05,-2.1e-05,0.369344
93,0.169118,-0.020021,0.360297,-0.757735,0.466411,-0.456447,-0.556497,-0.827112,0.07854,-0.339963,0.312939,0.88686,0.0,0.0,0.0,0.0,0.0,0.0,0.418458,-0.200314,-0.061629,0.288718,0.43915,-0.290751,0.85006,0.36967,0.920802,0.124107,-0.819358,0.260084,0.510757,0.001233,-0.005331,0.016746,-0.06514,-0.013285,-0.051804,0.264176,0.026736,0.023385,-0.012838,-0.39808,0.320052,0.859708,-0.404773,-0.902282,0.148474,0.823219,-0.288882,0.488729,0.000672,-0.002145,0.009151,-0.171913,-0.00257,-0.058662,0.175576,0.08705,0.04061,-0.02523,0.812247,-0.381887,-0.440925,0.459091,0.884837,0.07935,0.359845,-0.266877,0.894028,-1e-06,-1e-06,-4e-06,8e-06,-1.2e-05,-2.2e-05,0.369834
94,0.169139,-0.020021,0.360296,-0.757702,0.466441,-0.45647,-0.55653,-0.827092,0.078519,-0.339981,0.312948,0.88685,0.0,0.0,0.0,0.0,0.0,0.0,0.418299,-0.200255,-0.061644,0.289008,0.441544,-0.289732,0.849168,0.369459,0.921126,0.12231,-0.818168,0.26007,0.512668,0.001342,-0.004464,0.018019,-0.029086,-0.013759,0.000825,0.26302,0.026765,0.023376,-0.012695,-0.400479,0.319111,0.858943,-0.404578,-0.902657,0.146719,0.822151,-0.288752,0.4906,0.000661,-0.002234,0.009009,-0.044514,0.018077,0.019396,0.17329,0.087061,0.04061,-0.025231,0.812219,-0.38192,-0.440949,0.459127,0.884821,0.079329,0.359864,-0.266884,0.894019,0.0,1e-06,-5e-06,6e-06,-9e-06,-2.3e-05,0.369997
95,0.16915,-0.020029,0.360303,-0.757503,0.466627,-0.45661,-0.556744,-0.826958,0.078408,-0.340073,0.313024,0.886788,0.0,0.0,0.0,0.0,0.0,0.0,0.418251,-0.200177,-0.061651,0.28955,0.447372,-0.28257,0.84853,0.363527,0.924265,0.116262,-0.817666,0.256784,0.515119,0.000763,0.006028,0.008921,0.027637,0.002005,-0.195005,0.256365,0.026804,0.023369,-0.01242,-0.406479,0.312361,0.858606,-0.399004,-0.906083,0.140738,0.82193,-0.285381,0.492937,0.000638,-0.002416,0.008723,0.00424,-0.083623,-0.03898,0.168391,0.087066,0.040606,-0.025228,0.812044,-0.382128,-0.44109,0.459356,0.884711,0.079223,0.359964,-0.26695,0.893958,1e-06,0.0,-2e-06,0.006001,-0.08746,0.178509,0.369671
96,0.16915,-0.020045,0.360316,-0.757428,0.466698,-0.456662,-0.55684,-0.826894,0.078404,-0.340083,0.313087,0.886762,0.0,0.0,0.0,0.0,0.0,0.0,0.417894,-0.200122,-0.061647,0.290107,0.452211,-0.281427,0.846343,0.363589,0.924606,0.113318,-0.814978,0.256809,0.51935,0.000828,0.006565,0.009684,0.02572,-0.063807,-0.003723,0.24664,0.026831,0.02337,-0.012142,-0.411628,0.311227,0.856562,-0.399159,-0.906504,0.137554,0.819289,-0.285283,0.497372,0.000679,-0.002071,0.009214,-0.024023,-0.024867,-0.005654,0.156961,0.087066,0.040598,-0.025221,0.811978,-0.382208,-0.441142,0.459459,0.884658,0.079221,0.359982,-0.267012,0.893932,-1e-06,1e-06,-3e-06,1e-06,-1.3e-05,-2.6e-05,0.369671
97,0.169172,-0.020054,0.360335,-0.757307,0.466813,-0.456746,-0.556984,-0.8268,0.078368,-0.340118,0.313164,0.886722,4.3e-05,0.00071,0.000581,0.0,0.0,0.0,0.417901,-0.200076,-0.061647,0.290715,0.457034,-0.280302,0.844122,0.363579,0.924959,0.110428,-0.812292,0.256766,0.523562,0.001375,-0.00414,0.018393,-0.02006,-0.032629,-0.010044,0.238053,0.026854,0.023375,-0.011841,-0.416557,0.310305,0.854512,-0.399291,-0.906878,0.134675,0.816729,-0.285099,0.501668,0.000678,-0.002071,0.009194,-0.035634,-0.000768,0.008237,0.145041,0.087077,0.040592,-0.025213,0.811872,-0.382336,-0.441228,0.459613,0.884581,0.079188,0.360026,-0.267085,0.893893,2.8e-05,0.000478,0.000389,7e-06,-7e-06,-2.4e-05,0.369834
98,0.169183,-0.020062,0.360341,-0.757302,0.466818,-0.456749,-0.556999,-0.826788,0.078388,-0.340105,0.313187,0.886718,0.000182,-0.010352,0.009167,-0.035724,0.011067,-0.019306,0.418324,-0.200065,-0.061684,0.291027,0.461839,-0.2789,0.841969,0.363695,0.9253,0.107145,-0.809522,0.257064,0.527689,0.001329,-0.004496,0.017854,0.133984,-0.354492,-0.195824,0.235676,0.02686,0.023359,-0.01169,-0.419342,0.30957,0.853415,-0.399245,-0.907162,0.132889,0.815324,-0.284996,0.504006,0.000642,-0.002345,0.008786,0.181677,-0.454843,-0.253916,0.140142,0.087083,0.040594,-0.025212,0.811858,-0.382352,-0.441239,0.45963,0.884573,0.079178,0.360035,-0.267088,0.893888,-1e-06,-0.0,-2e-06,2e-06,-9e-06,-2.2e-05,0.369671
99,0.169214,-0.020071,0.360346,-0.757167,0.466943,-0.456844,-0.557146,-0.826695,0.07832,-0.340163,0.313245,0.886676,0.0,0.0,0.0,0.0,0.0,0.0,0.418114,-0.200072,-0.061857,0.291601,0.464194,-0.278125,0.840929,0.36297,0.925723,0.105945,-0.808502,0.25638,0.529582,0.001104,-0.006272,0.015229,-0.030686,-0.010442,0.002797,0.229181,0.026857,0.02327,-0.011388,-0.423782,0.308437,0.85163,-0.398829,-0.907722,0.130289,0.81323,-0.284441,0.50769,0.000531,-0.003226,0.007483,-0.043835,0.016594,0.018236,0.131814,0.087099,0.040586,-0.025206,0.811749,-0.382482,-0.441326,0.459786,0.884495,0.079144,0.36008,-0.267161,0.893849,1e-06,-3e-06,-6e-06,1.2e-05,-1.1e-05,-1.5e-05,0.369997
100,0.169246,-0.020071,0.360345,-0.757022,0.467078,-0.456947,-0.557296,-0.826604,0.078223,-0.340241,0.313286,0.886631,0.0,0.0,0.0,0.0,0.0,0.0,0.418171,-0.200125,-0.062243,0.292103,0.469879,-0.271092,0.840068,0.356464,0.928853,0.100498,-0.808119,0.252551,0.532,0.000597,-0.01031,0.009315,-0.010414,-0.033663,-0.05071,0.218972,0.026837,0.023093,-0.011142,-0.429821,0.301658,0.851031,-0.392739,-0.911167,0.124617,0.813024,-0.280671,0.510112,0.000279,-0.00525,0.004522,0.011888,0.013376,-0.094816,0.120057,0.087114,0.040585,-0.025206,0.811622,-0.382632,-0.44143,0.459946,0.88442,0.079049,0.360163,-0.267193,0.893805,0.007056,-0.000166,-0.000322,0.000991,-0.01472,0.029537,0.370324
101,0.169257,-0.020072,0.360344,-0.757006,0.467093,-0.456959,-0.557312,-0.826594,0.078212,-0.34025,0.31329,0.886626,0.0,0.0,0.0,0.0,0.0,0.0,0.4183,-0.200137,-0.062497,0.2923,0.471411,-0.267927,0.840225,0.350114,0.931248,0.100655,-0.810003,0.247039,0.531723,0.000501,-0.011068,0.008206,-0.036015,0.010614,-0.018269,0.217329,0.026825,0.022953,-0.011035,-0.431286,0.298579,0.851376,-0.386362,-0.913868,0.124773,0.815301,-0.275126,0.509498,0.000224,-0.005675,0.0039,-0.041291,0.020225,-0.011176,0.115649,0.08712,0.040585,-0.025207,0.811607,-0.382649,-0.441442,0.459964,0.884412,0.079039,0.360173,-0.267196,0.893801,2e-06,-1e-06,-7e-06,1.1e-05,-2e-06,-1.8e-05,0.370161
102,0.169289,-0.02008,0.36035,-0.756872,0.467218,-0.457053,-0.55746,-0.8265,0.078145,-0.340308,0.313349,0.886583,0.0,0.0,0.0,0.0,0.0,0.0,0.418484,-0.200194,-0.063125,0.292629,0.472269,-0.260981,0.841928,0.34806,0.93271,0.094018,-0.81039,0.248945,0.530243,0.000709,-0.024445,0.013023,-0.074413,0.036425,-0.061125,0.215621,0.026796,0.022639,-0.01087,-0.432315,0.291676,0.853245,-0.384595,-0.915499,0.118094,0.815591,-0.2771,0.507962,0.000336,-0.012327,0.00636,-0.078842,0.037087,-0.053505,0.111893,0.087136,0.040581,-0.025204,0.81149,-0.382789,-0.441537,0.460122,0.884335,0.078975,0.360237,-0.267248,0.893759,2e-06,-1e-06,-5e-06,9e-06,-4e-06,-1.6e-05,0.370161
103,0.169331,-0.020089,0.360355,-0.756721,0.467358,-0.45716,-0.557624,-0.826397,0.078067,-0.340374,0.313412,0.886536,0.0,0.0,0.0,0.0,0.0,0.0,0.418849,-0.200261,-0.063774,0.292818,0.475298,-0.253425,0.842531,0.340576,0.93591,0.089519,-0.811802,0.244694,0.530062,-0.000117,-0.015936,0.001057,-0.038054,0.024729,-0.043298,0.214273,0.026763,0.022321,-0.010775,-0.435671,0.284341,0.854014,-0.377443,-0.919057,0.113447,0.817146,-0.272916,0.507729,-6.3e-05,-0.007975,0.000523,-0.041097,0.029716,-0.03889,0.109607,0.087157,0.040576,-0.025202,0.811358,-0.382946,-0.441645,0.460298,0.884251,0.0789,0.360311,-0.267304,0.893713,3e-06,-1e-06,-5e-06,1.4e-05,-2e-06,-1.1e-05,0.370651
104,0.169352,-0.020089,0.360354,-0.756689,0.467388,-0.457182,-0.557657,-0.826377,0.078046,-0.340391,0.313421,0.886526,0.0,0.0,0.0,0.0,0.0,0.0,0.418816,-0.200311,-0.06413,0.292867,0.476882,-0.249352,0.842851,0.339616,0.936671,0.085091,-0.811276,0.245959,0.530281,-0.016486,-0.016042,0.001832,-0.020666,-0.001548,-0.096046,0.213689,0.026743,0.022151,-0.010757,-0.437626,0.280364,0.854329,-0.376769,-0.919885,0.108879,0.816411,-0.274237,0.508198,-7.6e-05,-0.008073,0.000368,-0.020606,-0.02488,-0.035849,0.108627,0.087167,0.040576,-0.025202,0.811329,-0.382979,-0.441668,0.460333,0.884234,0.078879,0.360329,-0.267311,0.893704,2e-06,-0.0,-4e-06,1.5e-05,2e-06,-1e-05,0.370651
105,0.169395,-0.02009,0.360352,-0.756624,0.467448,-0.457229,-0.557723,-0.826337,0.078003,-0.340426,0.313439,0.886506,0.014109,-0.000324,-0.000631,0.000984,-0.014715,0.029553,0.417886,-0.200446,-0.064848,0.292846,0.47525,-0.242373,0.845803,0.337209,0.938034,0.079463,-0.813235,0.24773,0.526442,-0.016796,-0.018249,-0.001457,-0.037589,0.043975,-0.077258,0.2135,0.026677,0.021784,-0.010762,-0.435933,0.273325,0.85747,-0.374519,-0.921445,0.103314,0.81835,-0.276101,0.504054,-0.000256,-0.009488,-0.001733,-0.03246,0.035601,-0.053464,0.107484,0.087183,0.040576,-0.025203,0.811287,-0.383029,-0.441703,0.460386,0.884209,0.078848,0.360357,-0.267322,0.893689,2e-06,-1e-06,-5e-06,4e-06,-2e-06,-1.2e-05,0.370651
106,0.169416,-0.020099,0.360358,-0.756506,0.467558,-0.457312,-0.557854,-0.826254,0.077946,-0.340475,0.313493,0.886468,0.0,0.0,0.0,0.0,0.0,0.0,0.418607,-0.200579,-0.065536,0.292665,0.474322,-0.237867,0.847602,0.335146,0.939051,0.076116,-0.814628,0.248243,0.524042,-0.00104,-0.008097,-0.011992,-0.001773,0.013469,-0.025414,0.213153,0.026603,0.021433,-0.010853,-0.435135,0.268824,0.859296,-0.372577,-0.922601,0.099961,0.81966,-0.276658,0.501614,-0.00027,-0.009572,-0.001885,-0.038798,0.023873,-0.041978,0.106831,0.087199,0.040571,-0.0252,0.811169,-0.383169,-0.441798,0.460544,0.884133,0.078783,0.360421,-0.267374,0.893647,2e-06,-1e-06,-7e-06,-6e-06,-1.2e-05,-1.5e-05,0.370161
107,0.169437,-0.020099,0.360357,-0.756474,0.467588,-0.457335,-0.557887,-0.826233,0.077925,-0.340493,0.313502,0.886458,0.0,0.0,0.0,0.0,0.0,0.0,0.417905,-0.200694,-0.066113,0.292403,0.47584,-0.233085,0.848079,0.33382,0.939912,0.07116,-0.814289,0.249515,0.523964,-0.001113,-0.008612,-0.012812,0.216656,-0.452461,-0.319996,0.21305,0.026546,0.021145,-0.010983,-0.434379,0.264728,0.860949,-0.371147,-0.923523,0.096711,0.820709,-0.27753,0.499412,-0.000228,-0.009231,-0.001409,-0.038301,0.024638,-0.043059,0.106341,0.08721,0.040571,-0.025201,0.81114,-0.383202,-0.441821,0.460579,0.884116,0.078762,0.36044,-0.267381,0.893638,2e-06,-0.0,-6e-06,4e-06,-5e-06,-1e-05,0.369834
108,0.169448,-0.0201,0.360369,-0.756454,0.467606,-0.457348,-0.557916,-0.826213,0.077935,-0.340488,0.313529,0.886451,6e-06,0.000101,8.3e-05,0.0,0.0,0.0,0.417927,-0.200746,-0.066365,0.292253,0.475051,-0.229768,0.849426,0.333059,0.940398,0.068243,-0.81506,0.250756,0.52217,-0.001049,-0.008094,-0.012068,0.001436,0.006428,-0.029362,0.213068,0.02652,0.021018,-0.01106,-0.436376,0.260736,0.861157,-0.370843,-0.924138,0.091886,0.819786,-0.279257,0.499964,-0.000258,-0.009468,-0.001772,-0.047087,0.052119,-0.0588,0.106178,0.087215,0.040571,-0.025195,0.811123,-0.383223,-0.441834,0.46061,0.884099,0.078773,0.360438,-0.267408,0.89363,5e-06,5.9e-05,4.4e-05,-9e-06,-9e-06,-1.3e-05,0.369834
109,0.169469,-0.020101,0.360368,-0.756325,0.467726,-0.457439,-0.558049,-0.826131,0.077848,-0.340557,0.313565,0.886411,0.0,0.0,0.0,0.0,0.0,0.0,0.417284,-0.20085,-0.066775,0.291941,0.476262,-0.22567,0.849846,0.326507,0.942747,0.067497,-0.817005,0.245595,0.521584,-0.000361,-0.017602,-0.001609,-0.025919,-0.067919,0.132257,0.206474,0.026468,0.020815,-0.011222,-0.437524,0.256638,0.861805,-0.364351,-0.926802,0.091019,0.822082,-0.274177,0.499005,-0.000452,-0.003509,-0.005245,-0.002003,0.013907,-0.025056,0.104055,0.087226,0.040571,-0.025195,0.81101,-0.383357,-0.441927,0.460752,0.884033,0.078689,0.360512,-0.267437,0.893592,2e-06,-5e-06,-7e-06,9e-06,1.1e-05,-4e-06,0.369344
110,0.169491,-0.020101,0.360367,-0.756293,0.467756,-0.457462,-0.558082,-0.826111,0.077826,-0.340575,0.313574,0.886401,0.0,0.0,0.0,0.0,0.0,0.0,0.417595,-0.201014,-0.067098,0.291632,0.475429,-0.222082,0.851257,0.325677,0.943255,0.064327,-0.81782,0.246908,0.519682,-0.000759,-0.005786,-0.00869,-0.001776,0.013422,-0.025438,0.194089,0.026385,0.020648,-0.011376,-0.436801,0.253161,0.863199,-0.363687,-0.92736,0.087943,0.822761,-0.275521,0.497143,-0.000354,-0.002742,-0.004114,-0.001888,0.013287,-0.025214,0.090175,0.087237,0.04057,-0.025196,0.810981,-0.38339,-0.44195,0.460788,0.884016,0.078668,0.360531,-0.267444,0.893583,3e-06,-2e-06,-6e-06,3e-06,-0.0,-4e-06,0.369344
111,0.169502,-0.020095,0.360372,-0.756263,0.467784,-0.457484,-0.558113,-0.826092,0.077806,-0.340592,0.313582,0.886392,1.4e-05,0.000228,0.000186,0.0,0.0,0.0,0.417533,-0.201089,-0.06722,0.291489,0.474685,-0.219347,0.852381,0.325425,0.943517,0.061707,-0.818352,0.248348,0.518157,-0.000628,-0.004773,-0.007181,-0.001538,0.013771,-0.025871,0.187995,0.026348,0.020587,-0.011446,-0.436125,0.250354,0.864359,-0.363534,-0.92767,0.085265,0.823187,-0.277038,0.495592,-0.00033,-0.00255,-0.003833,-0.001773,0.013319,-0.024977,0.082337,0.087242,0.040573,-0.025193,0.810955,-0.383421,-0.441971,0.460821,0.884001,0.078648,0.360548,-0.26745,0.893574,1.2e-05,0.000144,0.000111,6e-06,-8e-06,-1e-06,0.369181
112,0.169523,-0.020103,0.360378,-0.756241,0.467804,-0.457498,-0.558144,-0.82607,0.077815,-0.340588,0.31361,0.886384,0.0,0.0,0.0,0.0,0.0,0.0,0.417461,-0.201182,-0.067377,0.291275,0.475922,-0.216024,0.852539,0.319559,0.945544,0.061334,-0.819946,0.243495,0.51794,-0.000405,-0.003065,-0.00462,-0.0,-0.0,-0.0,0.176585,0.026301,0.020506,-0.011557,-0.437511,0.247124,0.864588,-0.357754,-0.929959,0.084773,0.824981,-0.272221,0.495278,-0.000221,-0.001696,-0.002554,-0.001748,0.013189,-0.025199,0.066008,0.087253,0.040569,-0.02519,0.810936,-0.383443,-0.441986,0.460854,0.883983,0.078658,0.360548,-0.267478,0.893565,2e-06,-5e-06,-7e-06,5e-06,4e-06,1e-06,0.369181
113,0.169544,-0.020111,0.360384,-0.75622,0.467824,-0.457513,-0.558176,-0.826048,0.077824,-0.340584,0.313637,0.886375,0.0,0.0,0.0,0.0,0.0,0.0,0.417175,-0.201217,-0.067455,0.29116,0.477198,-0.213252,0.852524,0.313979,0.947409,0.061372,-0.821361,0.238633,0.517961,-0.000193,-0.001462,-0.002206,-0.001776,0.01342,-0.025439,0.171181,0.026284,0.020467,-0.011615,-0.43891,0.244432,0.864644,-0.352263,-0.932062,0.084675,0.8266,-0.267418,0.495195,-1.8e-05,-0.000148,-0.000221,0.000171,-1.8e-05,0.000109,0.054904,0.087263,0.040565,-0.025187,0.810918,-0.383466,-0.442001,0.460887,0.883965,0.078667,0.360547,-0.267505,0.893557,4e-06,-3e-06,-6e-06,9e-06,1e-05,3e-06,0.369018
114,0.169565,-0.020112,0.360383,-0.75609,0.467944,-0.457604,-0.558308,-0.825967,0.077737,-0.340654,0.313673,0.886336,0.0,0.0,0.0,0.0,0.0,0.0,0.417492,-0.201191,-0.06745,0.291166,0.477237,-0.213602,0.852414,0.314153,0.947334,0.061638,-0.821271,0.238619,0.518109,6.1e-05,0.00046,0.000694,0.0,-0.0,-0.0,0.166839,0.026296,0.020469,-0.011613,-0.438934,0.244765,0.864538,-0.352422,-0.931978,0.08493,0.826519,-0.267404,0.495337,4.3e-05,0.00032,0.000483,0.00012,1.9e-05,6.1e-05,0.048536,0.087274,0.040565,-0.025188,0.810804,-0.3836,-0.442093,0.461029,0.883898,0.078583,0.360621,-0.267534,0.893519,4e-06,-2e-06,-8e-06,4e-06,-3e-06,2e-06,0.368854
115,0.169576,-0.02012,0.360389,-0.756085,0.467949,-0.457607,-0.558323,-0.825955,0.077756,-0.340641,0.313696,0.886333,0.0,0.0,0.0,0.0,0.0,0.0,0.417413,-0.201177,-0.067444,0.291193,0.4785,-0.210842,0.852393,0.308552,0.949169,0.061706,-0.822661,0.233724,0.518136,0.016554,0.000561,-7.8e-05,0.001952,-0.015212,0.029189,0.162295,0.026298,0.020473,-0.011598,-0.440312,0.242034,0.864606,-0.346882,-0.934064,0.084823,0.828128,-0.262568,0.495237,7.2e-05,0.000546,0.000826,-0.000134,-0.000494,0.000119,0.044454,0.087279,0.040561,-0.025184,0.8108,-0.383606,-0.442096,0.461045,0.883888,0.078603,0.360611,-0.267558,0.893516,4e-06,-1e-06,-8e-06,7e-06,2e-06,4e-06,0.369018
116,0.169598,-0.020121,0.3604,-0.75605,0.467983,-0.457632,-0.558368,-0.825924,0.077756,-0.340645,0.313727,0.88632,4.3e-05,0.00071,0.000581,0.0,0.0,0.0,0.4171,-0.201153,-0.06739,0.291329,0.479774,-0.208312,0.852299,0.303016,0.950933,0.061981,-0.823978,0.228762,0.518258,0.00022,0.00167,0.002518,-0.0,-0.0,-0.0,0.148268,0.026316,0.020501,-0.011529,-0.441701,0.239587,0.864579,-0.341428,-0.936059,0.084965,0.829654,-0.257662,0.49526,0.000135,0.001046,0.001579,0.000265,-3.1e-05,0.000162,0.030901,0.08729,0.040559,-0.02518,0.810769,-0.383643,-0.442121,0.461094,0.883863,0.078603,0.360619,-0.267588,0.893504,3.2e-05,0.000476,0.000383,-8e-06,7e-06,-3e-06,0.368854
117,0.169619,-0.020137,0.360413,-0.756039,0.467993,-0.457638,-0.558398,-0.825901,0.077795,-0.34062,0.313773,0.886313,0.0,0.0,0.0,0.0,0.0,0.0,0.417109,-0.201115,-0.067364,0.291498,0.479802,-0.208603,0.852213,0.303011,0.950914,0.062301,-0.823964,0.228578,0.518362,0.000259,0.001966,0.00296,0.0,-0.0,-0.0,0.122044,0.026335,0.020514,-0.011444,-0.441717,0.239884,0.864488,-0.341421,-0.936032,0.085284,0.829648,-0.257483,0.495363,0.000156,0.001212,0.001825,0.000189,2.7e-05,8.4e-05,0.002162,0.087301,0.040552,-0.025172,0.81076,-0.383655,-0.442127,0.461125,0.883843,0.078643,0.3606,-0.267636,0.893497,2e-06,-6e-06,-9e-06,2e-06,7e-06,4e-06,0.368528
118,0.16963,-0.020145,0.36042,-0.756034,0.467999,-0.457641,-0.558413,-0.825889,0.077814,-0.340608,0.313796,0.88631,0.0,0.0,0.0,0.0,0.0,0.0,0.416987,-0.201083,-0.067352,0.291588,0.479818,-0.208776,0.852161,0.303011,0.950901,0.062488,-0.823954,0.228472,0.518424,0.000272,0.002071,0.003116,0.0,-0.0,-0.0,0.111157,0.026351,0.02052,-0.011398,-0.441727,0.240057,0.864435,-0.341418,-0.936016,0.085471,0.829644,-0.257379,0.495424,0.000155,0.001198,0.001803,0.001929,-0.01339,0.025519,-0.014331,0.087306,0.040548,-0.025169,0.810755,-0.383661,-0.44213,0.46114,0.883833,0.078663,0.36059,-0.26766,0.893494,3e-06,-4e-06,-8e-06,2e-06,5e-06,4e-06,0.368691
