frame,MLTx,MLTy,MLTz,MLTR1,MLTR2,MLTR3,MLTR4,MLTR5,MLTR6,MLTR7,MLTR8,MLTR9,MLTTVx,MLTTVy,MLTTVz,MLTRVx,MLTRVy,MLTRVz,MLGA,MRTx,MRTy,MRTz,MRTR1,MRTR2,MRTR3,MRTR4,MRTR5,MRTR6,MRTR7,MRTR8,MRTR9,MRTTVx,MRTTVy,MRTTVz,MRTRVx,MRTRVy,MRTRVz,MRGA,SLTx,SLTy,SLTz,SLTR1,SLTR2,SLTR3,SLTR4,SLTR5,SLTR6,SLTR7,SLTR8,SLTR9,SLTTVx,SLTTVy,SLTTVz,SLTRVx,SLTRVy,SLTRVz,SLGA,SRTx,SRTy,SRTz,SRTR1,SRTR2,SRTR3,SRTR4,SRTR5,SRTR6,SRTR7,SRTR8,SRTR9,SRTTVx,SRTTVy,SRTTVz,SRTRVx,SRTRVy,SRTRVz,SRGA
224,0.175661,-0.039079,0.292231,-0.30962,0.288085,-0.906194,-0.641617,-0.766615,-0.024549,-0.701396,0.573467,0.423328,0.014759,0.030304,-0.029123,0.090319,0.050779,-0.079188,-1.917548,-0.150551,-0.02361,0.289645,-0.541514,-0.202003,0.816057,0.604682,-0.767879,0.211315,0.584603,0.608136,0.53691,0.036267,-0.042954,0.074434,0.029617,-0.279159,-0.640738,-1.403132,0.050566,0.031259,-0.022963,0.563671,0.362695,0.742109,-0.645822,0.753644,0.122204,-0.514963,-0.548154,0.659043,0.025115,-0.015522,0.032641,0.227804,-0.5768,-0.77042,-0.987379,0.087294,0.023181,-0.071362,0.355257,-0.310066,-0.881844,0.653687,0.756759,-0.002742,0.668195,-0.575477,0.47153,-0.000573,0.02045,-0.018786,0.100621,0.068919,-0.096249,-1.093086
225,0.175986,-0.037742,0.290946,-0.315219,0.285008,-0.905237,-0.654125,-0.756296,-0.010396,-0.687205,0.588504,0.425958,0.014715,0.030079,-0.029428,-0.006323,0.009463,-0.377747,-1.918159,-0.149273,-0.025117,0.291957,-0.522751,-0.23152,0.82044,0.615918,-0.767882,0.175889,0.589911,0.597557,0.542949,0.035574,-0.040453,0.055419,0.035312,-0.219552,-0.628638,-1.402737,0.051219,0.030495,-0.021772,0.542834,0.392297,0.742585,-0.659012,0.747075,0.087072,-0.520608,-0.536638,0.664067,0.010758,-0.027153,0.031043,0.031989,-0.128034,-0.923473,-0.990808,0.087456,0.023849,-0.072006,0.360635,-0.307281,-0.880636,0.665354,0.74643,0.012021,0.65364,-0.59027,0.473639,0.007368,0.014746,-0.015106,-0.276798,0.407898,-1.118533,-1.090474
226,0.176167,-0.037129,0.290358,-0.320163,0.285843,-0.903236,-0.660733,-0.750595,-0.003391,-0.678542,0.595354,0.430305,-0.000926,0.030483,-0.028427,0.087372,0.179063,-0.302543,-1.917652,-0.148731,-0.026044,0.292985,-0.5171,-0.241721,0.821078,0.614541,-0.772498,0.159747,0.596292,0.587493,0.546946,0.035865,-0.045305,0.049373,-0.01502,-0.15262,-0.590404,-1.402823,0.051489,0.030034,-0.021255,0.536599,0.402405,0.741707,-0.658716,0.749115,0.070134,-0.527403,-0.526208,0.667045,0.010892,-0.029344,0.028325,-0.067532,-0.044591,-0.81565,-0.993094,0.087553,0.024154,-0.072301,0.365493,-0.307811,-0.878445,0.671374,0.740855,0.019739,0.644725,-0.59698,0.477434,0.007369,0.014972,-0.014811,0.083148,0.119426,-0.155434,-1.092596
227,0.17657,-0.036028,0.289343,-0.329051,0.282578,-0.901066,-0.67318,-0.739329,0.013916,-0.66185,0.610805,0.434626,-0.000876,0.031744,-0.026768,-0.443778,0.301308,-0.262503,-1.917796,-0.147834,-0.027941,0.29465,-0.50223,-0.261223,0.824329,0.607808,-0.784644,0.121804,0.615592,0.562535,0.551782,0.019924,-0.042563,0.032875,0.441786,-0.118354,-0.384881,-1.40265,0.051943,0.029083,-0.020419,0.520359,0.421052,0.742927,-0.654957,0.755036,0.030828,-0.547956,-0.502627,0.668661,0.01054,-0.027241,0.019991,1.411607,0.082773,0.009746,-0.998157,0.087749,0.024695,-0.072804,0.373891,-0.304251,-0.876148,0.681453,0.730926,0.036984,0.629147,-0.610882,0.48062,0.007358,0.016048,-0.013286,-5.878208,1.534864,0.172858,-1.088024
228,0.176855,-0.035133,0.288695,-0.334096,0.27515,-0.901509,-0.67676,-0.735719,0.026196,-0.655641,0.618511,0.433135,-0.00046,0.023837,-0.014328,0.024384,-0.364949,-0.371867,-1.917959,-0.147207,-0.029887,0.295896,-0.489345,-0.27715,0.826874,0.596228,-0.798213,0.085444,0.636929,0.535166,0.55478,0.020253,-0.047341,0.026966,0.091326,-0.186,-0.899645,-1.402771,0.052249,0.028125,-0.019809,0.506994,0.43447,0.74444,-0.645289,0.763911,-0.006367,-0.571453,-0.477151,0.667657,0.002474,-0.024686,0.013224,0.520405,-0.267888,-0.762576,-1.000116,0.087896,0.025151,-0.073144,0.379968,-0.299483,-0.875176,0.685747,0.726172,0.049231,0.620785,-0.618855,0.481292,0.007571,0.011491,-0.007979,0.020002,-0.312943,-0.570536,-1.09031
229,0.176954,-0.034801,0.288494,-0.33528,0.273337,-0.901621,-0.679136,-0.733374,0.030156,-0.652572,0.62209,0.432643,-0.000468,0.023753,-0.014438,0.056547,-0.010216,-0.187524,-1.918004,-0.14696,-0.030733,0.296337,-0.482529,-0.284144,0.828504,0.594014,-0.801247,0.071302,0.644156,0.526906,0.554343,0.019137,-0.036956,0.017913,-0.016003,0.029633,-0.756219,-1.402734,0.052381,0.027677,-0.019579,0.499692,0.442817,0.744459,-0.644255,0.764485,-0.022296,-0.579002,-0.46848,0.667294,0.010138,-0.024068,0.012981,-0.025725,-0.120129,-0.599612,-0.99783,0.087946,0.025319,-0.073241,0.380663,-0.295283,-0.8763,0.68756,0.724064,0.05469,0.618349,-0.623328,0.478649,-7.9e-05,0.006503,-0.002874,0.031879,0.019386,-0.199901,-1.093739
230,0.177105,-0.034419,0.288442,-0.338114,0.266662,-0.902561,-0.676724,-0.735327,0.0362,-0.653611,0.62269,0.430206,0.000168,0.003501,0.004593,-0.012433,0.041478,-0.208053,-1.917775,-0.146508,-0.03226,0.297018,-0.472298,-0.295274,0.830505,0.583433,-0.810949,0.043608,0.661187,0.505512,0.554213,0.003899,-0.03905,0.017346,0.263364,-0.037152,-0.751269,-1.402807,0.052613,0.02691,-0.019244,0.488569,0.452412,0.746071,-0.635764,0.770215,-0.050719,-0.597581,-0.449546,0.663931,0.009037,-0.013971,0.003553,0.973479,0.169872,-1.100521,-1.000443,0.088022,0.025515,-0.073277,0.383658,-0.288647,-0.877204,0.684761,0.726249,0.060516,0.619602,-0.623893,0.476286,9.5e-05,0.001952,0.002556,0.002845,-0.053799,-0.037503,-1.09227
231,0.177093,-0.034409,0.288782,-0.338046,0.263795,-0.903428,-0.676553,-0.735375,0.038371,-0.653823,0.623857,0.428188,-0.015081,-0.006248,0.015089,-0.037175,-9.2e-05,-0.031011,-1.91781,-0.14601,-0.033341,0.297301,-0.466882,-0.298236,0.832507,0.577435,-0.815779,0.031728,0.670239,0.495909,0.552012,0.001584,-0.017754,-0.000138,-0.037315,0.117881,-0.211651,-1.402731,0.052863,0.026353,-0.019098,0.482864,0.456535,0.747273,-0.630907,0.773157,-0.064676,-0.607287,-0.44023,0.661361,0.000784,-0.008904,-0.000111,-0.055705,0.151911,-0.188352,-0.999463,0.088022,0.025526,-0.073109,0.383837,-0.285829,-0.878049,0.684349,0.726455,0.06268,0.619947,-0.624951,0.474447,0.000247,-0.003216,0.007175,-0.027585,0.027345,-0.012487,-1.100597
232,0.176961,-0.034525,0.289369,-0.337539,0.26395,-0.903573,-0.677439,-0.734555,0.038428,-0.653168,0.624755,0.427878,0.000564,-0.005036,0.016153,-0.034893,-0.002833,0.005927,-1.917576,-0.145451,-0.033885,0.297246,-0.466467,-0.294833,0.83395,0.570582,-0.820682,0.029149,0.676373,0.489807,0.549974,0.015738,-0.004632,-0.00789,0.00015,-0.000509,0.00453,-1.402685,0.053136,0.026082,-0.019124,0.482695,0.453086,0.749478,-0.624531,0.778023,-0.068119,-0.613975,-0.435191,0.658514,0.007856,-0.002158,-0.003757,-0.00131,-0.000227,0.005153,-1.002402,0.08795,0.025469,-0.072814,0.383432,-0.286242,-0.878091,0.685206,0.725648,0.062658,0.61925,-0.625699,0.474371,-0.007518,-0.002564,0.008264,-0.030361,-0.091992,0.145941,-1.101904
233,0.176878,-0.034567,0.289674,-0.336813,0.261279,-0.904619,-0.677493,-0.734418,0.040069,-0.653488,0.626041,0.425504,0.000605,-0.004195,0.017236,-0.037792,-0.029771,-0.010628,-1.917625,-0.145143,-0.033973,0.297128,-0.464683,-0.295311,0.834777,0.570393,-0.820879,0.027256,0.677759,0.48919,0.548817,0.01569,-0.00368,-0.006714,0.000227,-0.000402,0.004407,-1.402701,0.05329,0.026036,-0.019185,0.480875,0.453592,0.750341,-0.62445,0.777915,-0.070066,-0.615483,-0.434858,0.657326,0.007832,-0.001626,-0.003098,-0.001975,-0.01857,0.032455,-1.002892,0.087909,0.025447,-0.072662,0.382721,-0.283305,-0.879353,0.685186,0.725509,0.064473,0.619713,-0.627196,0.471784,-0.007625,0.003578,0.004909,0.006279,-0.002928,-0.009875,-1.10272
234,0.176628,-0.03459,0.290232,-0.33674,0.261269,-0.904649,-0.678091,-0.733847,0.040409,-0.652905,0.626714,0.425408,0.00032,0.006499,0.008441,0.006389,-0.119526,0.193715,-1.91737,-0.144619,-0.034056,0.296818,-0.466039,-0.284203,0.837871,0.564052,-0.824997,0.034037,0.682126,0.488825,0.543707,-0.000882,0.005829,-0.01479,-0.169641,0.545192,0.331126,-1.402293,0.053559,0.025992,-0.019335,0.483645,0.445087,0.753647,-0.618286,0.783197,-0.06576,-0.619523,-0.434165,0.65398,0.007851,-0.001736,-0.00325,0.002701,-0.080989,0.223433,-1.003872,0.087784,0.025434,-0.072377,0.382885,-0.283521,-0.879211,0.685701,0.724989,0.064824,0.61904,-0.627697,0.471998,-0.007507,-0.002408,0.008448,-0.035858,0.012961,-0.022924,-1.103863
235,0.176259,-0.034463,0.290698,-0.336743,0.261204,-0.904667,-0.678368,-0.733578,0.040644,-0.652616,0.627056,0.425348,-0.014944,-0.004017,0.017885,-0.035876,0.011943,-0.023595,-1.917843,-0.144105,-0.03401,0.296522,-0.452875,-0.275896,0.847807,0.558922,-0.828672,0.029027,0.695087,0.487352,0.528398,0.015499,-0.000253,-0.002451,0.24573,0.73452,-0.383337,-1.402717,0.053804,0.026012,-0.019494,0.4734,0.435294,0.765774,-0.613362,0.78686,-0.068102,-0.632201,-0.437457,0.639493,0.00716,0.00517,-0.005638,-0.141062,0.491093,0.144776,-1.005341,0.087605,0.025497,-0.072153,0.382736,-0.283521,-0.879276,0.686005,0.724692,0.064932,0.618796,-0.62804,0.471863,-0.007607,0.003612,0.004921,-0.000396,-0.000361,-0.004901,-1.102883
236,0.176033,-0.034339,0.290899,-0.336702,0.261175,-0.90469,-0.678405,-0.733543,0.04066,-0.652599,0.627109,0.425296,0.00042,0.008252,0.010665,0.001611,-0.030229,0.04905,-1.917153,-0.14384,-0.033879,0.296416,-0.444368,-0.268832,0.854551,0.554103,-0.831985,0.026535,0.704371,0.485641,0.517569,0.014178,0.012354,-0.008723,-0.106528,0.839558,0.088941,-1.402658,0.053943,0.026073,-0.019546,0.464041,0.431049,0.773862,-0.60909,0.789587,-0.074571,-0.643175,-0.436747,0.628949,0.007691,0.00082,-4.7e-05,0.338118,0.627914,-0.523623,-1.00877,0.087486,0.025559,-0.072044,0.382694,-0.283492,-0.879304,0.68606,0.724638,0.064963,0.618761,-0.628117,0.471807,0.000205,0.004141,0.00536,0.001432,-0.030216,0.049168,-1.103373
237,0.175396,-0.034124,0.291366,-0.33701,0.260959,-0.904638,-0.678461,-0.733466,0.041111,-0.652382,0.627289,0.425364,-0.014839,-0.002494,0.019776,-0.035074,-0.003105,0.000965,-1.9175,-0.143285,-0.033498,0.296248,-0.436165,-0.249042,0.864714,0.54488,-0.837798,0.033682,0.716587,0.486171,0.500005,0.015279,0.002957,0.001573,-0.301182,0.861571,0.344515,-1.402798,0.054225,0.02627,-0.01963,0.45748,0.412498,0.787754,-0.600001,0.797025,-0.068909,-0.656285,-0.441128,0.612123,0.007631,0.001604,0.000932,-0.29016,0.825882,0.325597,-1.002402,0.087174,0.025668,-0.071818,0.383001,-0.283284,-0.879237,0.686078,0.724581,0.065405,0.618551,-0.628276,0.47187,-0.007576,0.003861,0.005209,-0.00031,-0.00039,-0.004957,-1.103863
238,0.174534,-0.033969,0.291997,-0.337781,0.26056,-0.904465,-0.678614,-0.733267,0.042135,-0.651823,0.627688,0.425631,-0.014744,-0.001168,0.021409,-0.035078,-0.003027,0.001005,-1.917828,-0.142682,-0.033034,0.296043,-0.428018,-0.221655,0.876163,0.531035,-0.846089,0.045502,0.731735,0.485029,0.478722,0.01409,0.013161,-0.007728,-0.292975,0.942007,0.420413,-1.402659,0.054521,0.026501,-0.019724,0.45205,0.387175,0.803583,-0.586194,0.80798,-0.059534,-0.67233,-0.444143,0.592207,0.007044,0.006629,-0.003813,-0.135939,0.509783,0.151791,-1.012853,0.086742,0.025744,-0.071504,0.383766,-0.282895,-0.879029,0.686174,0.724396,0.06644,0.61797,-0.628665,0.472113,-0.015164,-0.000865,0.010575,-0.036963,0.026784,-0.053069,-1.104843
239,0.173505,-0.033963,0.292876,-0.338454,0.257281,-0.905152,-0.678722,-0.732972,0.045389,-0.65136,0.629386,0.423828,-0.030155,0.000223,0.023507,-0.037983,0.016673,-0.059255,-1.917443,-0.142049,-0.032535,0.295762,-0.415903,-0.185127,0.890362,0.512503,-0.856445,0.061453,0.751663,0.482106,0.449933,0.014074,0.013121,-0.00779,-0.260645,0.870729,0.376667,-1.402501,0.054838,0.026751,-0.019865,0.442785,0.351459,0.824874,-0.567638,0.822017,-0.045538,-0.694065,-0.448067,0.563478,0.007033,0.00661,-0.003845,-0.376214,1.244071,0.379068,-1.005505,0.086234,0.025747,-0.071065,0.384416,-0.279404,-0.879861,0.686112,0.724137,0.069813,0.617635,-0.630521,0.470073,-0.014958,-0.005053,0.016385,-0.064252,0.038321,-0.041317,-1.105659
240,0.172989,-0.034004,0.293409,-0.339132,0.256989,-0.904981,-0.679089,-0.732569,0.046394,-0.650624,0.629975,0.424084,-0.029834,-0.00949,0.033447,-0.071765,0.024215,-0.047038,-1.917682,-0.141784,-0.032302,0.295615,-0.406542,-0.16051,0.899417,0.498907,-0.863662,0.071508,0.765796,0.478,0.430041,0.0141,0.012647,-0.008391,1.098782,1.439279,1.138749,-1.402748,0.054976,0.026873,-0.019941,0.435593,0.328874,0.837914,-0.554587,0.831259,-0.037958,-0.709007,-0.448162,0.54448,0.007048,0.0063,-0.004238,1.141619,1.405404,1.100015,-1.006974,0.085976,0.025729,-0.070803,0.38515,-0.279317,-0.879568,0.686389,0.723788,0.070713,0.61687,-0.630961,0.470487,-0.015047,0.000728,0.012523,-0.03468,0.016521,-0.026097,-1.105333
241,0.172022,-0.034196,0.294631,-0.337806,0.257211,-0.905414,-0.6803,-0.731473,0.045961,-0.650051,0.631156,0.423205,-0.014259,-0.00883,0.033764,-0.071543,0.02478,-0.041908,-1.917446,-0.141328,-0.031904,0.295315,-0.382043,-0.117876,0.916591,0.483778,-0.870532,0.089816,0.787785,0.47789,0.388432,0.014158,0.011681,-0.009614,-0.362062,1.306409,0.418242,-1.402658,0.055198,0.027068,-0.020087,0.415418,0.288059,0.862815,-0.538594,0.842281,-0.021887,-0.733037,-0.455614,0.505045,0.007097,0.005681,-0.005016,-0.226299,0.984388,-0.013776,-1.001585,0.085486,0.025635,-0.07019,0.383815,-0.279585,-0.880066,0.687613,0.722665,0.0703,0.616339,-0.632127,0.469616,-0.014856,-0.003684,0.018014,-0.07395,0.027523,-0.051096,-1.1037
242,0.1712,-0.034478,0.296015,-0.332163,0.261595,-0.906245,-0.682304,-0.729992,0.039306,-0.650864,0.631062,0.422094,-0.014151,-0.007453,0.035365,-0.064613,0.061536,0.014445,-1.917907,-0.140897,-0.03151,0.294962,-0.363055,-0.073481,0.928861,0.464408,-0.878454,0.112149,0.808147,0.472181,0.351863,0.015415,0.00054,-0.001521,-0.266268,1.167562,0.09032,-1.402711,0.055419,0.027268,-0.020268,0.399375,0.243565,0.883841,-0.518833,0.854874,-0.001141,-0.755851,-0.45811,0.467784,0.007714,0.000248,-0.000796,-0.275009,1.209538,0.103875,-0.999299,0.08507,0.025491,-0.069485,0.37825,-0.284165,-0.881008,0.689959,0.721043,0.063657,0.617156,-0.631938,0.468797,-0.007095,-0.003687,0.017751,-0.077088,0.040715,-0.005064,-1.102557
243,0.170878,-0.034636,0.29674,-0.33045,0.262045,-0.906742,-0.683104,-0.729306,0.038123,-0.650899,0.631668,0.421134,-0.014091,-0.006677,0.036266,-0.07065,0.01074,-0.016711,-1.917078,-0.140744,-0.031326,0.294771,-0.356815,-0.051764,0.932735,0.456768,-0.880581,0.125989,0.815245,0.471065,0.336654,0.014209,0.010825,-0.010704,-0.86426,-0.32119,2.346786,-1.402703,0.05549,0.027357,-0.020359,0.393357,0.224853,0.891465,-0.511043,0.859511,0.008703,-0.764268,-0.459,0.453004,9e-05,-0.001065,-0.001348,-0.16733,0.877251,-0.423853,-0.998973,0.084915,0.025414,-0.069137,0.376496,-0.284442,-0.88167,0.690827,0.720303,0.062619,0.617258,-0.632658,0.467691,-0.007059,-0.003202,0.018322,-0.082021,0.10728,-0.197544,-1.103537
244,0.170429,-0.03497,0.298107,-0.324033,0.263855,-0.908531,-0.684866,-0.72791,0.032804,-0.652278,0.632521,0.417705,0.001295,-0.008305,0.03377,-0.067465,-0.008036,0.017687,-1.917523,-0.140359,-0.030957,0.29436,-0.342719,-0.019371,0.939234,0.444657,-0.883989,0.144142,0.82788,0.467062,0.310371,0.014272,0.009926,-0.011848,-0.084887,0.492749,0.11289,-1.402971,0.055683,0.027542,-0.020563,0.38314,0.189863,0.903966,-0.497933,0.866729,0.029003,-0.777988,-0.461227,0.426618,-0.000551,0.004566,-0.005326,-0.09254,0.590632,-0.057426,-1.000769,0.084684,0.02525,-0.068449,0.370135,-0.286102,-0.883823,0.692854,0.718782,0.057483,0.618831,-0.633638,0.464274,-0.007115,-0.004154,0.017066,-0.071694,0.105191,-0.176907,-1.107292
245,0.170277,-0.035263,0.299333,-0.322551,0.267193,-0.908083,-0.686772,-0.726226,0.030199,-0.65101,0.633052,0.418877,0.001156,-0.010353,0.031142,-0.066139,0.047825,0.009957,-1.917471,-0.139781,-0.030537,0.293902,-0.329374,0.008365,0.944158,0.429008,-0.889397,0.157662,0.841433,0.456972,0.288148,0.014271,0.00985,-0.011958,5.139204,1.352504,1.690632,-1.402824,0.055971,0.027751,-0.020793,0.372106,0.165167,0.913376,-0.487185,0.872348,0.04073,-0.790055,-0.460139,0.405073,0.007111,0.005306,-0.005508,-0.082456,0.42772,0.333037,-1.003545,0.084608,0.025106,-0.06784,0.368606,-0.289692,-0.883293,0.694871,0.717042,0.054809,0.617481,-0.633978,0.465604,0.000566,-0.005081,0.015696,-0.072657,0.022357,0.029813,-1.10321
246,0.170359,-0.035388,0.300247,-0.321893,0.268889,-0.907815,-0.684046,-0.728934,0.026585,-0.654197,0.629208,0.419703,0.000851,-0.001082,0.020574,-0.030599,0.002984,0.007688,-1.917742,-0.139263,-0.030119,0.293432,-0.316633,0.032926,0.947972,0.422847,-0.889642,0.172256,0.849393,0.455349,0.266555,0.014185,0.010841,-0.010719,-0.157789,0.720027,0.518731,-1.403092,0.056231,0.027958,-0.021031,0.36216,0.140864,0.92141,-0.475452,0.878166,0.052623,-0.801739,-0.457144,0.385011,0.007115,0.005251,-0.005583,-0.018123,0.19748,0.190095,-1.006484,0.08465,0.025041,-0.06737,0.368012,-0.291291,-0.883015,0.692412,0.719685,0.051163,0.62059,-0.630239,0.466546,0.000418,-0.000431,0.01042,-0.028787,-0.03375,0.016525,-1.10223
247,0.170431,-0.035394,0.3006,-0.322399,0.271647,-0.906814,-0.684756,-0.728317,0.025216,-0.653205,0.628735,0.421951,0.000813,-0.001629,0.019877,-0.029702,0.042158,0.032385,-1.917416,-0.139081,-0.029894,0.293204,-0.310536,0.042722,0.949596,0.422584,-0.888577,0.178291,0.851765,0.456597,0.256668,-0.002414,0.020155,-0.018877,-0.051733,0.463593,0.308831,-1.403072,0.056328,0.028068,-0.021141,0.356102,0.129548,0.925423,-0.47485,0.878032,0.059808,-0.804803,-0.460735,0.374185,0.007065,0.005813,-0.004874,-0.119403,0.564072,0.419714,-1.000769,0.084686,0.025037,-0.067194,0.368463,-0.294116,-0.881889,0.693163,0.719057,0.049801,0.619482,-0.629643,0.468816,0.008117,-0.000871,0.009694,-0.036751,-0.009294,0.076616,-1.100761
248,0.170604,-0.035348,0.301129,-0.323917,0.272711,-0.905953,-0.681441,-0.731479,0.023395,-0.655911,0.62459,0.423905,0.000444,0.006706,0.008204,0.000914,-0.013607,0.025419,-1.917588,-0.138734,-0.029482,0.292819,-0.296054,0.066313,0.952862,0.417313,-0.888298,0.1916,0.859471,0.454283,0.234094,-0.001202,0.009972,-0.009571,-0.115684,0.624639,0.186326,-1.402889,0.056501,0.028277,-0.021338,0.343797,0.106319,0.933005,-0.468912,0.880265,0.072477,-0.813587,-0.462416,0.352486,0.007068,0.005686,-0.005037,-0.154157,0.691177,0.501131,-1.007791,0.084772,0.025061,-0.066921,0.369845,-0.294999,-0.881015,0.690051,0.722175,0.047867,0.622127,-0.625649,0.470658,0.000203,0.003232,0.003948,-0.002759,-0.025799,0.019194,-1.100761
249,0.170701,-0.035328,0.301494,-0.323255,0.272965,-0.906113,-0.681998,-0.730972,0.023039,-0.65566,0.625072,0.423582,0.000294,0.004459,0.005442,0.000792,-0.014658,0.024801,-1.917797,-0.13845,-0.029029,0.29251,-0.285536,0.089019,0.95422,0.411461,-0.88779,0.206065,0.865817,0.451352,0.215649,-0.001352,0.011727,-0.007345,-0.117377,-0.099221,0.941736,-1.402881,0.056643,0.028501,-0.021495,0.333726,0.083325,0.93898,-0.462632,0.882356,0.086126,-0.821339,-0.463145,0.333014,0.006949,0.006809,-0.003614,-0.281845,-1.007138,2.456414,-1.00975,0.08482,0.025069,-0.066741,0.369181,-0.295128,-0.881251,0.690608,0.721658,0.047634,0.621904,-0.626185,0.47024,0.000116,0.001867,0.002278,9.7e-05,-0.000242,-0.000227,-1.095046
250,0.170706,-0.035333,0.301619,-0.324635,0.271133,-0.90617,-0.677863,-0.734811,0.022924,-0.659252,0.621362,0.423466,0.000173,0.002629,0.003207,0.003651,-9.2e-05,-0.001706,-1.91773,-0.138351,-0.028771,0.292385,-0.281937,0.100404,0.954161,0.410801,-0.886038,0.21474,0.867305,0.452387,0.207342,-0.001438,0.012725,-0.006081,-0.074737,0.415866,0.292314,-1.403018,0.056693,0.028629,-0.021559,0.331957,0.071827,0.940555,-0.461255,0.88212,0.095429,-0.822828,-0.465514,0.325957,0.006919,0.007351,-0.002929,-0.105305,0.513727,0.422682,-1.013016,0.084823,0.025069,-0.066676,0.370574,-0.293315,-0.881271,0.686536,0.725561,0.047198,0.625573,-0.622515,0.470246,9e-05,0.001459,0.001776,0.011945,-0.000351,-0.00628,-1.095536
251,0.170667,-0.035362,0.30183,-0.324483,0.271191,-0.906207,-0.678168,-0.734529,0.022956,-0.659013,0.62167,0.423385,0.000109,0.001656,0.002017,0.0,0.0,0.0,-1.917745,-0.138238,-0.028232,0.292093,-0.282048,0.117501,0.952173,0.408241,-0.883373,0.230058,0.868478,0.453456,0.199968,-0.001418,0.012451,-0.006426,-0.029695,0.244144,0.180946,-1.402764,0.056749,0.028906,-0.021705,0.332961,0.054315,0.941374,-0.457771,0.882111,0.111016,-0.824367,-0.467898,0.318573,-0.000708,0.006269,-0.003162,-0.027302,0.240172,0.172819,-1.007137,0.084804,0.025053,-0.066572,0.370427,-0.293367,-0.881316,0.686832,0.725277,0.047258,0.625334,-0.622822,0.470156,0.000149,-0.00461,0.005273,-0.035719,0.012376,-0.018599,-1.093902
252,0.170629,-0.03541,0.302034,-0.32425,0.271278,-0.906264,-0.678514,-0.734211,0.022929,-0.658773,0.622007,0.423264,0.000137,0.002073,0.002523,0.0,0.0,0.0,-1.918086,-0.138227,-0.027727,0.291723,-0.279993,0.123203,0.952059,0.406723,-0.883035,0.234005,0.869851,0.45259,0.195918,-0.001229,0.010213,-0.009258,0.029138,0.019199,0.037035,-1.402833,0.056754,0.029154,-0.021878,0.331129,0.048362,0.942345,-0.456104,0.882466,0.11498,-0.826027,-0.467881,0.314269,-0.001244,0.010472,-0.008929,0.075448,-0.010894,0.00866,-1.013669,0.084784,0.025026,-0.066473,0.370196,-0.293453,-0.881385,0.687175,0.724952,0.047255,0.625095,-0.62316,0.470028,0.000165,-0.004359,0.005579,-0.034905,-0.002262,0.006216,-1.094066
253,0.170633,-0.035448,0.302151,-0.325711,0.269411,-0.906298,-0.674371,-0.738018,0.022913,-0.662294,0.618305,0.423194,0.000366,-0.008298,0.011664,-0.034883,-0.002274,0.006216,-1.91777,-0.13826,-0.027546,0.291571,-0.278844,0.125949,0.952037,0.406181,-0.882788,0.235875,0.870473,0.452313,0.193786,-0.001247,0.01042,-0.008996,-0.012112,0.175229,0.137445,-1.402817,0.056738,0.029247,-0.021959,0.330613,0.046411,0.942623,-0.455442,0.882638,0.116282,-0.826599,-0.467755,0.312949,-0.000606,0.005082,-0.004661,-0.038621,0.26089,0.19155,-1.013179,0.084786,0.025009,-0.066421,0.371695,-0.291598,-0.881369,0.683064,0.728849,0.046928,0.628701,-0.619475,0.470089,5.9e-05,0.000952,0.001156,-0.000385,-2.3e-05,-0.000229,-1.093739
254,0.170619,-0.035521,0.302405,-0.325726,0.269421,-0.906289,-0.674736,-0.737677,0.023149,-0.661914,0.618708,0.423198,0.000349,-0.008548,0.011357,-0.035677,0.012343,-0.018609,-1.917574,-0.138329,-0.027157,0.291269,-0.28004,0.126825,0.95157,0.404608,-0.883233,0.23691,0.870823,0.451197,0.194811,-0.001233,0.010264,-0.009191,0.036455,-0.008587,0.019185,-1.402773,0.056703,0.029442,-0.02211,0.331652,0.045173,0.942319,-0.453854,0.883309,0.117391,-0.827056,-0.466609,0.313453,-0.000605,0.005062,-0.004684,0.03473,0.003802,-0.007145,-1.009424,0.084779,0.024973,-0.066293,0.371689,-0.291615,-0.881366,0.683422,0.728496,0.047177,0.628315,-0.61988,0.47007,0.000202,-0.003782,0.006276,-0.035021,-0.002278,0.006294,-1.094882
255,0.170618,-0.035541,0.302674,-0.325572,0.269489,-0.906324,-0.675096,-0.737345,0.023207,-0.661622,0.619073,0.42312,0.0004,-0.007776,0.01229,-0.035677,0.012334,-0.018614,-1.91734,-0.13839,-0.026829,0.291055,-0.280069,0.130352,0.951084,0.40328,-0.883032,0.239901,0.87143,0.450579,0.193526,-0.001348,0.011622,-0.007471,0.036393,-0.008373,0.019324,-1.402617,0.056673,0.029603,-0.022221,0.331885,0.041593,0.942402,-0.452397,0.883662,0.12032,-0.827761,-0.466273,0.312091,-2.1e-05,0.000279,0.000352,0.001563,-0.00609,-0.00394,-1.00975,0.084779,0.024963,-0.066158,0.371535,-0.291683,-0.881409,0.683778,0.728158,0.047261,0.62802,-0.620247,0.469983,0.000123,0.001922,0.002332,0.000698,-0.014586,0.024881,-1.095209
256,0.170571,-0.03556,0.302946,-0.327098,0.267587,-0.906338,-0.671054,-0.741022,0.023347,-0.66497,0.615502,0.423082,-0.014996,-0.007302,0.013205,-0.035867,0.012454,-0.02333,-1.917844,-0.138397,-0.026566,0.290869,-0.280058,0.133844,0.950602,0.402135,-0.88274,0.242883,0.871963,0.450124,0.19218,-0.0,0.0,0.0,-0.009768,0.035972,0.023323,-1.402843,0.056669,0.02974,-0.022315,0.331986,0.037849,0.942523,-0.451107,0.883897,0.123399,-0.828423,-0.466146,0.310516,-0.000654,0.005602,-0.004,0.033808,0.006939,0.029625,-1.010403,0.084761,0.024952,-0.066025,0.373091,-0.289799,-0.881373,0.67978,0.731901,0.047104,0.631428,-0.616714,0.470066,0.000101,0.001601,0.001939,0.000539,-0.014578,0.024895,-1.094229
257,0.17054,-0.035589,0.303058,-0.32701,0.267621,-0.90636,-0.671237,-0.740855,0.023368,-0.664828,0.615688,0.423034,-0.015262,0.002482,0.003352,-0.000984,0.014715,-0.029553,-1.917407,-0.138379,-0.026426,0.290792,-0.281848,0.13836,0.949426,0.40097,-0.881937,0.247678,0.871924,0.450326,0.191881,-0.001339,0.011508,-0.007613,-0.022324,0.206696,0.158913,-1.402812,0.056679,0.029805,-0.022351,0.334503,0.034195,0.941773,-0.449691,0.884018,0.127625,-0.828181,-0.466199,0.311084,-1.3e-05,0.000184,0.000232,-0.081993,0.231072,0.380414,-1.010403,0.084746,0.02494,-0.065965,0.373003,-0.289834,-0.881399,0.679963,0.731729,0.047139,0.631283,-0.616902,0.470013,5.2e-05,0.000844,0.001022,-0.000179,7e-06,0.000102,-1.094719
258,0.170477,-0.035673,0.303235,-0.326237,0.266446,-0.906985,-0.667144,-0.744609,0.021164,-0.669311,0.61166,0.421808,6.4e-05,0.00097,0.001174,0.0,-0.0,-0.0,-1.917729,-0.138382,-0.026196,0.290663,-0.283954,0.146435,0.947585,0.39927,-0.880383,0.255817,0.872024,0.450799,0.190311,-1e-06,1.7e-05,2.2e-05,-0.037483,0.137008,0.089079,-1.402958,0.056677,0.029921,-0.022415,0.336818,0.025508,0.941224,-0.447529,0.883837,0.136196,-0.828415,-0.467098,0.309107,2e-06,-8e-06,-1.2e-05,-0.07019,0.317281,-0.039192,-1.01024,0.084708,0.024896,-0.065871,0.372302,-0.288649,-0.882084,0.676056,0.735495,0.044664,0.635876,-0.612967,0.468969,3.2e-05,0.000529,0.000641,-0.000643,0.000304,-0.000516,-1.092596
259,0.170423,-0.035762,0.303372,-0.326326,0.266419,-0.906961,-0.667384,-0.744387,0.021404,-0.669029,0.611942,0.421847,5e-05,0.000753,0.000911,0.0,0.0,-0.0,-1.917705,-0.138402,-0.025915,0.290486,-0.284728,0.157095,0.945644,0.397424,-0.878292,0.26569,0.872616,0.451274,0.186433,-1.6e-05,0.000187,0.000236,-0.018051,-0.08145,0.243708,-1.402712,0.056667,0.030061,-0.022504,0.337149,0.0146,0.941337,-0.445338,0.883411,0.1458,-0.82946,-0.46837,0.304343,-0.000679,0.005743,-0.003817,0.002952,-1.499177,2.346265,-1.003872,0.084681,0.024854,-0.065807,0.372377,-0.288628,-0.882059,0.676275,0.735279,0.044903,0.635599,-0.613235,0.468993,3.4e-05,0.000526,0.000636,-0.000219,2.8e-05,7.6e-05,-1.095209
260,0.170413,-0.035806,0.303417,-0.326422,0.266388,-0.906935,-0.667463,-0.744312,0.021551,-0.668903,0.612047,0.421894,2.5e-05,0.00037,0.000448,0.0,0.0,0.0,-1.917787,-0.138421,-0.02575,0.290379,-0.282113,0.162312,0.945547,0.397109,-0.877362,0.26921,0.873605,0.451229,0.181851,-0.001323,0.011313,-0.007858,0.003164,0.112365,0.098056,-1.402775,0.056658,0.03014,-0.022554,0.335782,0.009157,0.941894,-0.444583,0.883104,0.149906,-0.830419,-0.469086,0.300601,0.0,4.7e-05,5.8e-05,-0.040326,0.153696,0.098591,-1.000769,0.084676,0.024833,-0.065784,0.372471,-0.288599,-0.882028,0.676347,0.735203,0.045056,0.635467,-0.61334,0.469035,1.4e-05,0.000241,0.000292,-0.000168,6e-06,8.7e-05,-1.096025
261,0.170417,-0.035866,0.303539,-0.326333,0.266431,-0.906954,-0.667702,-0.744096,0.0216,-0.668708,0.61229,0.42185,7.8e-05,0.001174,0.001419,0.0,0.0,0.0,-1.917834,-0.138482,-0.025434,0.290133,-0.27654,0.172527,0.945384,0.396615,-0.875502,0.275911,0.875603,0.451037,0.172476,8.5e-05,-0.001007,-0.001274,-0.05443,0.197239,0.12892,-1.402626,0.056627,0.030308,-0.022681,0.331073,-0.001039,0.943604,-0.44359,0.88244,0.156609,-0.832837,-0.470423,0.291692,-0.000603,0.00502,-0.004733,-0.034962,0.254589,0.156592,-1.001749,0.084678,0.024798,-0.065721,0.372396,-0.288639,-0.882047,0.676596,0.734968,0.045147,0.635245,-0.613603,0.468992,3.8e-05,0.000615,0.000743,-0.00012,5e-06,4.1e-05,-1.09178
262,0.170469,-0.035923,0.303713,-0.326954,0.269146,-0.905928,-0.668288,-0.743609,0.020208,-0.667819,0.611691,0.424123,0.000112,0.001691,0.002043,0.041711,0.368136,0.213863,-1.917171,-0.138539,-0.025151,0.289846,-0.273832,0.177728,0.945209,0.395892,-0.874756,0.279294,0.876778,0.450456,0.167968,-0.001188,0.009729,-0.009861,0.031922,0.007718,0.02987,-1.402684,0.056598,0.030445,-0.022822,0.328521,-0.006739,0.944472,-0.442655,0.882253,0.160266,-0.834343,-0.470727,0.286856,-0.008185,0.003844,-0.005091,0.042976,-0.013761,-0.022869,-1.008444,0.084704,0.024768,-0.065635,0.372522,-0.289587,-0.881683,0.676989,0.734631,0.044748,0.634754,-0.613559,0.469713,7.1e-05,0.001052,0.001269,0.110782,0.647886,0.357622,-1.09031
263,0.170491,-0.035968,0.303967,-0.326832,0.269209,-0.905954,-0.668661,-0.743271,0.020301,-0.667505,0.612074,0.424064,0.000409,-0.007628,0.012449,-0.034874,-0.002163,0.006279,-1.917415,-0.13862,-0.024873,0.289507,-0.274012,0.177935,0.945118,0.394831,-0.875213,0.279367,0.8772,0.449487,0.168358,-0.001177,0.00961,-0.010013,0.036478,-0.008769,0.019069,-1.40262,0.056558,0.030587,-0.022996,0.328927,-0.006567,0.944332,-0.441575,0.882852,0.159947,-0.834756,-0.469604,0.287494,-0.000581,0.004776,-0.00504,0.036441,-0.009764,0.01837,-1.009097,0.084715,0.024745,-0.065509,0.372799,-0.291443,-0.880954,0.677631,0.73409,0.043901,0.633906,-0.613328,0.471159,0.000203,-0.003797,0.006246,-0.035811,-0.005541,0.004593,-1.089984
264,0.170485,-0.035978,0.304118,-0.328341,0.267305,-0.905972,-0.66445,-0.747037,0.020339,-0.670957,0.608316,0.424024,0.000264,0.003992,0.004813,0.000796,-0.014521,0.024881,-1.917392,-0.138689,-0.024784,0.289345,-0.274077,0.178005,0.945086,0.394406,-0.8754,0.27938,0.877371,0.449095,0.168513,-0.016302,0.006759,-0.011365,0.032446,0.021822,-0.03446,-1.402597,0.056529,0.03063,-0.023071,0.329024,-0.006642,0.944298,-0.441181,0.883051,0.159933,-0.834926,-0.469228,0.287615,9.9e-05,-0.00111,-0.001406,-0.000261,-0.000184,-0.000178,-1.009097,0.084712,0.024738,-0.065436,0.374354,-0.28952,-0.880929,0.673458,0.737934,0.043665,0.637426,-0.609615,0.471228,0.000205,-0.003741,0.006311,-0.036016,0.011845,-0.019006,-1.090147
265,0.170512,-0.03594,0.304487,-0.328056,0.267431,-0.906038,-0.664891,-0.746646,0.020299,-0.670661,0.60874,0.423883,0.000623,-0.004367,0.01636,-0.034882,-0.002238,0.006236,-1.917829,-0.138914,-0.024781,0.288998,-0.271169,0.176256,0.946252,0.394759,-0.87617,0.27645,0.878112,0.448285,0.166803,-0.014827,-0.006475,-0.005964,-0.002045,0.015205,-0.029245,-1.402945,0.056416,0.030637,-0.023245,0.326028,-0.004891,0.945347,-0.441716,0.883327,0.156907,-0.835818,-0.468731,0.285829,0.000257,-0.002997,-0.003805,-0.002696,0.013497,-0.021677,-1.010077,0.084726,0.024758,-0.065258,0.374054,-0.289643,-0.881016,0.673885,0.737546,0.043636,0.637151,-0.610026,0.471068,0.000216,0.003361,0.004042,0.000719,-0.014516,0.024894,-1.090963
266,0.170582,-0.035758,0.304997,-0.327947,0.270418,-0.905191,-0.665749,-0.745933,0.018298,-0.669863,0.608291,0.425785,0.000591,0.008989,0.010771,0.00099,-0.01277,0.025894,-1.917872,-0.139254,-0.025014,0.288605,-0.267902,0.174218,0.947559,0.39557,-0.876832,0.273175,0.878746,0.447791,0.164779,-0.014653,-0.008808,-0.008962,-0.004033,0.030627,-0.053507,-1.402742,0.056245,0.030525,-0.023437,0.322734,-0.002897,0.946485,-0.442712,0.883399,0.153661,-0.836569,-0.468612,0.28382,-0.007312,-0.004501,-0.004599,-0.00453,0.029309,-0.051725,-1.010403,0.08476,0.024845,-0.065008,0.373911,-0.29275,-0.880049,0.674848,0.73678,0.041635,0.636214,-0.609467,0.473053,0.008012,0.004845,0.005635,-0.002529,-0.042188,0.048408,-1.092106
267,0.170631,-0.03563,0.305295,-0.328172,0.273269,-0.904253,-0.66635,-0.745438,0.016499,-0.669155,0.60762,0.427851,0.000691,0.010556,0.01262,0.013896,0.103707,0.093256,-1.917433,-0.139461,-0.025169,0.288423,-0.267467,0.173903,0.94774,0.395712,-0.876914,0.272704,0.878814,0.447753,0.16452,-0.01459,-0.009727,-0.010154,-0.004032,0.030628,-0.053506,-1.402715,0.056142,0.030446,-0.02353,0.322283,-0.00258,0.946639,-0.442888,0.883392,0.153189,-0.83665,-0.468626,0.28356,-0.007276,-0.005002,-0.005244,-0.006193,0.045875,-0.077583,-1.010893,0.084785,0.024908,-0.064853,0.374025,-0.295407,-0.879112,0.675479,0.736294,0.039971,0.635478,-0.608773,0.474934,0.000458,0.000178,0.010978,-0.021851,0.233503,-0.054322,-1.093413
268,0.170778,-0.035316,0.305956,-0.32901,0.278822,-0.90225,-0.667443,-0.744524,0.013247,-0.667652,0.606209,0.432179,0.000962,0.000936,0.022578,-0.005349,0.266237,0.161341,-1.918207,-0.139941,-0.025513,0.288025,-0.263868,0.17161,0.949165,0.396798,-0.87754,0.269091,0.879408,0.447416,0.162249,-0.014662,-0.009187,-0.009508,-0.004029,0.030629,-0.053505,-1.402785,0.055902,0.03027,-0.023734,0.318604,-0.000313,0.947888,-0.444184,0.883359,0.14959,-0.837372,-0.468697,0.281302,-0.00732,-0.004648,-0.004815,-0.004186,0.030419,-0.053268,-1.007954,0.084859,0.02507,-0.064523,0.374452,-0.300143,-0.877324,0.676634,0.735378,0.037214,0.633996,-0.607563,0.478451,0.008091,0.006318,0.007335,0.062309,0.481328,0.143553,-1.092433
269,0.17095,-0.035043,0.306679,-0.329944,0.281428,-0.9011,-0.668126,-0.743928,0.01224,-0.666506,0.605734,0.434607,0.016254,4.7e-05,0.021093,-0.03922,0.084625,-0.135137,-1.918112,-0.140418,-0.025675,0.28762,-0.263667,0.171416,0.949256,0.396512,-0.877769,0.268764,0.879597,0.44704,0.162258,-0.016191,0.004817,-0.013942,0.032458,0.021709,-0.034519,-1.402719,0.055665,0.030179,-0.02394,0.318384,-0.000111,0.947961,-0.44396,0.883535,0.149212,-0.837574,-0.468364,0.281254,-0.007467,-0.002933,-0.002631,-0.002123,0.01518,-0.029271,-1.006321,0.084939,0.025206,-0.064163,0.375411,-0.303787,-0.875659,0.677597,0.734567,0.035659,0.632398,-0.606731,0.48161,0.00045,0.000184,0.010916,-0.039751,-0.018689,-0.001653,-1.09129
270,0.171072,-0.034843,0.307329,-0.331388,0.286739,-0.898893,-0.669185,-0.743014,0.009629,-0.664724,0.604357,0.439228,0.00061,0.009577,0.011275,0.022042,0.17834,0.135953,-1.917875,-0.140781,-0.025678,0.287367,-0.263872,0.171507,0.949183,0.396029,-0.877959,0.268855,0.879753,0.446632,0.162535,0.00016,-0.002072,-0.002666,-0.0,0.0,0.0,-1.402698,0.055477,0.03018,-0.024072,0.318566,-0.000183,0.9479,-0.443478,0.883777,0.149213,-0.83776,-0.467908,0.28146,-0.007552,-0.001897,-0.001306,-0.002101,0.015184,-0.029245,-1.005504,0.085006,0.025309,-0.063826,0.376619,-0.308416,-0.87352,0.678634,0.733709,0.033541,0.630565,-0.605433,0.485631,0.0004,-0.000585,0.009978,0.007313,0.286544,0.167061,-1.085738
271,0.171107,-0.034774,0.307617,-0.331069,0.286872,-0.898968,-0.66951,-0.742724,0.009494,-0.664557,0.604651,0.439077,0.000735,-0.002432,0.018452,-0.034573,0.000565,0.007851,-1.917658,-0.140927,-0.025625,0.28727,-0.264048,0.171611,0.949115,0.395713,-0.878065,0.268974,0.879843,0.446383,0.162731,-0.015216,-0.002459,-0.000913,-0.002045,0.015205,-0.029245,-1.402473,0.05541,0.030206,-0.024121,0.318764,-0.000299,0.947833,-0.443158,0.88392,0.149316,-0.837854,-0.467637,0.28163,3.6e-05,-0.000418,-0.000531,-4.8e-05,-1.1e-05,4e-06,-1.006811,0.085024,0.025349,-0.063684,0.376403,-0.309174,-0.873344,0.67909,0.733308,0.033082,0.630203,-0.605532,0.485977,0.00026,0.004257,0.004999,-0.003709,-0.029364,0.017887,-1.085575
272,0.171103,-0.034728,0.30807,-0.328107,0.287894,-0.899727,-0.670102,-0.742219,0.006815,-0.665432,0.604783,0.437568,0.000267,0.004205,0.004927,0.0,0.0,0.0,-1.917533,-0.141084,-0.025363,0.287123,-0.264979,0.17223,0.948743,0.394678,-0.87828,0.269791,0.880029,0.445721,0.163538,-9.3e-05,0.001213,0.00156,-0.0,0.0,0.0,-1.402723,0.055332,0.030333,-0.024192,0.319706,-0.000901,0.947516,-0.442134,0.884313,0.150023,-0.838036,-0.466892,0.282322,-0.000711,0.006572,-0.002745,0.038451,-0.024471,0.043168,-1.006974,0.085022,0.025375,-0.063453,0.373395,-0.310013,-0.874338,0.679811,0.732751,0.03051,0.631214,-0.605777,0.484356,0.000123,0.002074,0.002428,-0.001354,0.001658,-0.003592,-1.086065
273,0.170975,-0.034841,0.308341,-0.327485,0.286731,-0.900325,-0.666094,-0.745834,0.004697,-0.669746,0.600879,0.436362,0.000254,-0.009981,0.009578,-0.027248,0.001163,-0.001151,-1.917966,-0.141108,-0.025021,0.287023,-0.266193,0.173061,0.948252,0.393488,-0.878471,0.270906,0.880197,0.445022,0.164534,-0.001488,0.013934,-0.004484,0.038476,-0.024511,0.043145,-1.402583,0.055315,0.030499,-0.024239,0.320901,-0.001688,0.94711,-0.440953,0.884739,0.150981,-0.838201,-0.466082,0.28317,-8.9e-05,0.001185,0.001524,-9e-06,-1e-05,-2e-06,-1.008117,0.084958,0.025321,-0.063315,0.372802,-0.308847,-0.875003,0.675964,0.736399,0.028075,0.635681,-0.601937,0.4833,-0.007636,0.000509,0.000771,0.027181,-0.021878,0.028756,-1.080676
274,0.170896,-0.034946,0.308427,-0.327842,0.286597,-0.900237,-0.666219,-0.745719,0.005155,-0.669446,0.601086,0.436536,-0.01537,-0.000675,-0.000435,-0.000984,0.014715,-0.029553,-1.918075,-0.141071,-0.024822,0.286984,-0.265269,0.175934,0.947982,0.393044,-0.878005,0.273052,0.880673,0.444811,0.162547,0.013749,0.015845,-0.004274,0.028853,0.002263,0.10024,-1.402488,0.055327,0.030603,-0.02426,0.320017,-0.004885,0.947398,-0.440392,0.884616,0.153318,-0.838834,-0.466292,0.280941,-0.000732,0.006851,-0.002392,0.031563,0.015945,0.035824,-1.008444,0.084924,0.025265,-0.063268,0.373187,-0.308708,-0.874888,0.676079,0.736274,0.028587,0.635332,-0.602162,0.483479,4.8e-05,-0.006169,0.003409,-0.03686,0.027141,-0.044677,-1.079533
275,0.170738,-0.035166,0.308572,-0.328462,0.286363,-0.900086,-0.666479,-0.74548,0.00598,-0.668883,0.601494,0.436839,0.000184,-0.011034,0.008347,-0.035683,0.012164,-0.018714,-1.917321,-0.14091,-0.024357,0.286981,-0.263522,0.18176,0.947371,0.392129,-0.877032,0.277461,0.881604,0.44438,0.158634,-0.001691,0.016479,-0.001227,-0.077279,0.388722,0.317913,-1.403033,0.055414,0.030834,-0.024264,0.319821,-0.00864,0.947438,-0.439133,0.884721,0.156303,-0.839569,-0.46604,0.279158,0.006789,0.008908,-0.000879,-0.087988,0.424435,0.381346,-1.008444,0.084839,0.025153,-0.063206,0.373819,-0.30847,-0.874702,0.676266,0.736068,0.029434,0.634762,-0.602535,0.483764,-0.007573,-0.005452,0.004428,-0.036604,0.026886,-0.048355,-1.081656
276,0.170615,-0.035289,0.308718,-0.330324,0.284346,-0.900044,-0.662321,-0.749174,0.006336,-0.672084,0.597855,0.43692,-0.015273,0.000936,0.001446,-0.000984,0.014715,-0.029553,-1.917772,-0.140683,-0.023954,0.287089,-0.261351,0.187306,0.946892,0.391658,-0.875955,0.281497,0.882456,0.444192,0.154363,-0.001685,0.016302,-0.001467,0.000608,0.109957,0.132684,-1.402626,0.055527,0.031038,-0.024207,0.316971,-0.01633,0.948294,-0.438469,0.884064,0.161784,-0.840995,-0.467079,0.273062,0.007441,0.003064,0.002797,-0.041262,0.130743,0.16091,-1.006321,0.084783,0.025086,-0.063132,0.375707,-0.306474,-0.874594,0.672154,0.739823,0.029495,0.638006,-0.598944,0.483955,2.6e-05,0.000441,0.000517,-0.000182,-1.2e-05,-5.6e-05,-1.082309
277,0.170578,-0.035339,0.308947,-0.330221,0.284396,-0.900066,-0.662673,-0.748863,0.006446,-0.671789,0.598221,0.436873,0.000407,-0.007569,0.012399,-0.034881,-0.0022,0.006257,-1.917769,-0.140394,-0.023606,0.287152,-0.25899,0.19274,0.94645,0.391312,-0.874858,0.285363,0.883303,0.444021,0.14995,0.014979,0.004711,0.003773,-0.010092,0.027716,0.057864,-1.402711,0.055665,0.03122,-0.024173,0.314819,-0.022233,0.94889,-0.437835,0.883603,0.165966,-0.842133,-0.467707,0.26844,-0.000791,0.007449,-0.001638,0.037826,-0.012074,0.051874,-1.002402,0.084758,0.02506,-0.063027,0.37563,-0.306512,-0.874615,0.67247,0.739529,0.029642,0.637718,-0.599287,0.48391,9.9e-05,0.001583,0.001852,0.000721,-0.014346,0.025006,-1.082962
278,0.17057,-0.035345,0.309052,-0.330174,0.284418,-0.900076,-0.662811,-0.74874,0.006482,-0.671676,0.598364,0.436852,0.000346,-0.008502,0.011307,-0.035683,0.012153,-0.018721,-1.917266,-0.140252,-0.023419,0.287149,-0.25786,0.195494,0.946193,0.391056,-0.874326,0.287339,0.883746,0.443861,0.147797,0.014998,0.004391,0.00336,-0.005424,0.011141,0.046827,-1.402834,0.055736,0.031313,-0.024175,0.313877,-0.025051,0.949132,-0.437442,0.883417,0.167978,-0.842688,-0.467916,0.266325,-0.000776,0.007256,-0.001885,0.043534,-0.032349,0.03833,-0.999299,0.084755,0.025061,-0.062969,0.375564,-0.306542,-0.874632,0.672613,0.739399,0.029672,0.637607,-0.599433,0.483876,9.5e-05,0.001508,0.001761,-6.2e-05,6e-06,3e-05,-1.082962
