frame,MLTx,MLTy,MLTz,MLTR1,MLTR2,MLTR3,MLTR4,MLTR5,MLTR6,MLTR7,MLTR8,MLTR9,MLTTVx,MLTTVy,MLTTVz,MLTRVx,MLTRVy,MLTRVz,MLGA,MRTx,MRTy,MRTz,MRTR1,MRTR2,MRTR3,MRTR4,MRTR5,MRTR6,MRTR7,MRTR8,MRTR9,MRTTVx,MRTTVy,MRTTVz,MRTRVx,MRTRVy,MRTRVz,MRGA,SLTx,SLTy,SLTz,SLTR1,SLTR2,SLTR3,SLTR4,SLTR5,SLTR6,SLTR7,SLTR8,SLTR9,SLTTVx,SLTTVy,SLTTVz,SLTRVx,SLTRVy,SLTRVz,SLGA,SRTx,SRTy,SRTz,SRTR1,SRTR2,SRTR3,SRTR4,SRTR5,SRTR6,SRTR7,SRTR8,SRTR9,SRTTVx,SRTTVy,SRTTVz,SRTRVx,SRTRVy,SRTRVz,SRGA
171,0.218104,-0.005803,0.363545,-0.275729,-0.060804,-0.959334,-0.451451,-0.872886,0.185024,-0.848303,0.48418,0.214426,-0.0,0.0,0.0,0.0,0.0,0.0,-0.561011,-0.265153,-0.019143,0.366073,-0.93136,0.223829,0.287159,-0.01486,-0.81121,0.584509,0.364945,0.539835,0.758457,-0.0016,0.004033,-0.014499,1.625292,3.219013,4.202844,-0.243485,-0.003537,0.035339,0.00976,0.955093,-0.181603,0.234129,0.037889,0.858532,0.511359,-0.293872,-0.479524,0.826858,-0.008049,-0.002637,-0.00209,0.023511,0.076559,-0.102616,-0.315439,0.107164,0.037507,-0.036478,0.408999,0.069318,-0.909898,0.282526,0.938498,0.198492,0.867697,-0.338253,0.364261,2e-06,-5e-06,-5e-06,-3e-06,2.4e-05,3.5e-05,-0.65661
172,0.218115,-0.005802,0.363545,-0.275709,-0.06079,-0.95934,-0.451456,-0.872888,0.185002,-0.848307,0.484179,0.214415,-0.0,0.0,0.0,0.0,0.0,0.0,-0.562782,-0.265356,-0.019281,0.36561,-0.929829,0.222051,0.293432,-0.011155,-0.813849,0.580913,0.368967,0.536593,0.758811,-0.002945,-0.000539,-0.01837,0.042216,0.011662,-0.024828,-0.512535,-0.00364,0.03527,0.009522,0.95278,-0.184838,0.240922,0.038682,0.860815,0.507446,-0.301185,-0.474165,0.827317,-0.001541,-0.000523,-0.009396,0.038572,0.005456,-0.019679,-0.548781,0.107169,0.037508,-0.036478,0.408983,0.069301,-0.909906,0.282535,0.9385,0.198472,0.867702,-0.338252,0.364251,3e-06,-3e-06,-3e-06,-1e-06,3.1e-05,3.7e-05,-0.657754
173,0.218105,-0.00581,0.36354,-0.275746,-0.060816,-0.959328,-0.451446,-0.872885,0.185043,-0.8483,0.484181,0.214435,1.2e-05,-0.000144,-0.000109,0.0,0.0,0.0,-0.563906,-0.265676,-0.019191,0.364788,-0.922204,0.22552,0.314122,-0.006855,-0.82154,0.570052,0.387777,0.523263,0.758741,-0.003018,0.008739,-0.028502,0.219378,0.147573,0.136386,-0.846581,-0.003801,0.035307,0.009118,0.946744,-0.186517,0.262464,0.033227,0.867379,0.496537,-0.320268,-0.461373,0.827383,-0.008672,1.6e-05,-0.008844,0.54038,0.90761,-0.263687,-0.830784,0.107165,0.037504,-0.036481,0.409013,0.069332,-0.90989,0.282519,0.938496,0.198509,0.867692,-0.338254,0.364269,1e-05,-9e-05,-6.9e-05,-1.1e-05,2e-05,6e-06,-0.658733
174,0.218095,-0.00581,0.36354,-0.275648,-0.060746,-0.959361,-0.451473,-0.872893,0.184935,-0.848318,0.484174,0.214382,0.0,-0.0,-0.0,0.0,0.0,0.0,-0.568774,-0.266035,-0.018656,0.363751,-0.914722,0.226638,0.334528,-0.000936,-0.828894,0.559346,0.405203,0.511045,0.757962,-0.01535,0.025886,-0.031703,0.005904,0.033698,0.241153,-1.16345,-0.003978,0.035559,0.008593,0.940853,-0.185612,0.283448,0.026159,0.873888,0.485421,-0.337802,-0.449296,0.827056,-0.000727,0.006973,-0.012043,-0.08511,0.159476,0.094426,-0.868014,0.107159,0.037503,-0.036481,0.408933,0.069247,-0.909933,0.282562,0.938505,0.198407,0.867716,-0.338247,0.364219,0.0,3e-06,3e-06,-1.2e-05,-1.1e-05,1.2e-05,-0.660856
175,0.218105,-0.00581,0.36354,-0.275629,-0.060732,-0.959367,-0.451479,-0.872895,0.184914,-0.848321,0.484173,0.214372,0.0,-0.0,-0.0,0.0,0.0,0.0,-0.57218,-0.266173,-0.018243,0.363201,-0.912259,0.228466,0.339967,-0.000966,-0.831006,0.556203,0.41073,0.506783,0.757849,-0.000914,0.025346,-0.032377,0.038454,-0.037049,0.278881,-1.290113,-0.004047,0.035759,0.008326,0.938784,-0.187134,0.289246,0.025948,0.875627,0.482289,-0.343525,-0.44526,0.826881,-0.000485,0.012523,-0.016308,-0.004928,0.012793,0.281457,-0.853481,0.107165,0.037504,-0.036481,0.408917,0.06923,-0.909941,0.28257,0.938507,0.198387,0.867721,-0.338246,0.36421,-2e-06,2e-06,3e-06,-1.2e-05,-2.7e-05,2.1e-05,-0.662652
176,0.218105,-0.005809,0.363528,-0.275634,-0.060733,-0.959366,-0.451456,-0.872907,0.184912,-0.848332,0.484151,0.21438,1e-06,-1.7e-05,-1.3e-05,0.0,0.0,0.0,-0.5756,-0.266495,-0.017413,0.362091,-0.908039,0.239244,0.343829,-0.005509,-0.827408,0.561516,0.419963,0.50768,0.752167,-0.001069,0.0248,-0.032828,-0.119057,0.220784,0.197696,-1.401373,-0.004206,0.036179,0.007775,0.935327,-0.197082,0.293803,0.030853,0.872738,0.487211,-0.352434,-0.446637,0.822377,-0.000642,0.011982,-0.016765,-0.287533,0.39283,0.237301,-0.857073,0.107165,0.037504,-0.036487,0.408921,0.069231,-0.909939,0.282546,0.938515,0.19838,0.867726,-0.338222,0.364218,1e-06,-5e-06,-3e-06,-3e-06,1.6e-05,3e-06,-0.666571
177,0.218105,-0.005807,0.363504,-0.275881,-0.05902,-0.959401,-0.456604,-0.870254,0.184779,-0.845492,0.489112,0.214334,5.5e-05,-0.000636,-0.000481,-0.0,0.0,0.0,-0.576058,-0.266845,-0.016545,0.360893,-0.9003,0.256907,0.351355,-0.009702,-0.818695,0.57409,0.436266,0.513117,0.739084,-0.015588,0.025001,-0.032441,-0.376493,0.548643,0.313887,-1.403288,-0.00438,0.036614,0.007184,0.928916,-0.213021,0.30288,0.035678,0.865639,0.499395,-0.368567,-0.453089,0.811706,-0.007784,0.012479,-0.016231,-0.541378,0.759459,0.442971,-0.880424,0.107165,0.037506,-0.036498,0.409423,0.067571,-0.909838,0.288005,0.936688,0.199166,0.865693,-0.343581,0.364041,3.5e-05,-0.000412,-0.00031,0.000322,8.2e-05,0.000331,-0.668041
178,0.218094,-0.005798,0.363473,-0.275898,-0.059025,-0.959396,-0.456534,-0.870291,0.184775,-0.845524,0.489045,0.214361,7.4e-05,-0.000863,-0.000652,-0.0,0.0,0.0,-0.576149,-0.267002,-0.016039,0.360194,-0.895038,0.269008,0.355715,-0.012689,-0.812464,0.582817,0.446908,0.516787,0.730115,-0.001651,0.032267,-0.044429,-0.505659,0.713192,0.471537,-1.403419,-0.004464,0.036874,0.006827,0.924254,-0.224651,0.308683,0.039304,0.860238,0.508375,-0.379748,-0.457735,0.803908,-0.007952,0.011907,-0.016721,-0.640524,0.874791,0.510267,-0.876342,0.107159,0.03751,-0.036513,0.409438,0.067576,-0.909831,0.287929,0.936716,0.199146,0.865711,-0.343505,0.36407,-0.00035,0.004671,-0.004929,0.035792,-0.007648,0.021006,-0.668857
179,0.218092,-0.005761,0.363361,-0.271656,-0.054225,-0.960889,-0.462303,-0.868318,0.179645,-0.843767,0.493087,0.212013,-0.000689,0.009186,-0.009978,0.041672,-0.0973,0.19845,-0.576775,-0.267335,-0.01465,0.358416,-0.894521,0.264483,0.360378,0.009189,-0.794952,0.606548,0.448023,0.545543,0.708181,-0.015205,0.045057,-0.051246,-0.520708,0.528827,0.532602,-1.403556,-0.004632,0.037578,0.005919,0.923426,-0.221085,0.313694,0.019758,0.843695,0.536458,-0.383266,-0.489182,0.783458,-0.007591,0.022497,-0.025643,-0.535729,0.5518,0.538927,-0.872586,0.107158,0.037528,-0.03657,0.406218,0.062098,-0.911663,0.294666,0.935488,0.195018,0.864961,-0.347856,0.361714,-0.000339,0.004566,-0.005009,0.041146,-0.095652,0.195524,-0.670327
180,0.218071,-0.005742,0.363173,-0.2658,-0.053732,-0.962553,-0.462605,-0.868864,0.176191,-0.845471,0.492176,0.207287,-0.000597,0.008117,-0.010786,0.031805,-0.04089,0.004335,-0.578564,-0.267562,-0.012717,0.356024,-0.895636,0.256943,0.363052,0.037544,-0.769477,0.637518,0.444286,0.584285,0.679032,-0.001886,0.05025,-0.064925,-2.609306,-2.877473,-2.844904,-1.403297,-0.004738,0.038506,0.004778,0.923576,-0.21687,0.316185,-0.002205,0.821641,0.57,-0.383407,-0.527136,0.75837,-0.000933,0.0251,-0.03248,-1.092214,0.81405,0.640274,-0.886302,0.107148,0.037538,-0.036664,0.400618,0.060867,-0.91422,0.295464,0.935905,0.191785,0.867297,-0.346952,0.356956,-0.000292,0.004021,-0.005423,0.042742,-0.010394,0.014902,-0.671306
181,0.217993,-0.005771,0.362965,-0.266117,-0.053919,-0.962455,-0.462195,-0.869035,0.176426,-0.845595,0.491855,0.207544,0.000304,-0.003548,-0.002688,-1e-06,-7e-06,-4e-06,-0.57801,-0.267688,-0.010319,0.353021,-0.896273,0.259731,0.35948,0.05747,-0.735509,0.675025,0.440846,0.62533,0.643802,-0.002273,0.067715,-0.085807,-1.344544,-0.271399,0.037507,-1.402983,-0.004807,0.03975,0.003227,0.924938,-0.216715,0.312288,-0.022079,0.789541,0.6133,-0.379476,-0.57416,0.725491,-0.001161,0.033628,-0.043105,-1.384247,-0.260841,0.049013,-0.905081,0.107108,0.037525,-0.036766,0.401108,0.060918,-0.914002,0.294921,0.936071,0.191814,0.867256,-0.346497,0.3575,-0.006641,-0.002653,-0.001639,-0.001494,0.028885,-0.054819,-0.67147
182,0.217943,-0.005782,0.362846,-0.266491,-0.052362,-0.962437,-0.467122,-0.866396,0.176424,-0.842766,0.496652,0.207627,-0.000482,0.006782,-0.0118,0.035659,-0.00769,0.02099,-0.576362,-0.267736,-0.008982,0.351227,-0.893667,0.266912,0.360706,0.067454,-0.714604,0.696222,0.444708,0.646176,0.620124,-0.003062,0.074475,-0.097935,-1.194033,1.187665,1.53335,-1.402818,-0.004829,0.040394,0.00237,0.923552,-0.220202,0.313945,-0.031628,0.772161,0.634639,-0.382165,-0.596051,0.706167,-0.001503,0.037267,-0.048927,-1.205036,1.005077,1.408647,-0.911449,0.107083,0.037517,-0.036822,0.401705,0.059429,-0.913839,0.300166,0.93422,0.192701,0.865178,-0.351712,0.357442,0.000156,-0.001769,-0.001339,0.000533,0.000375,0.000793,-0.671306
183,0.217789,-0.00576,0.362578,-0.267053,-0.050906,-0.96236,-0.47168,-0.863901,0.176533,-0.840045,0.501129,0.207896,-0.014144,0.00579,-0.011812,0.034677,0.007001,-0.008575,-0.572449,-0.26786,-0.006154,0.347425,-0.889441,0.263106,0.373711,0.108385,-0.67271,0.731879,0.445072,0.691125,0.569315,-0.003311,0.073571,-0.098564,-1.373982,0.827032,1.226214,-1.402602,-0.004893,0.041803,0.000465,0.919714,-0.216677,0.327377,-0.068516,0.732507,0.677301,-0.386562,-0.645354,0.658852,0.005291,0.035627,-0.050376,-1.615124,0.085088,0.17144,-0.9219,0.107006,0.037528,-0.036962,0.402463,0.058072,-0.913591,0.304959,0.932476,0.193615,0.863146,-0.356531,0.357578,-0.007064,0.002865,-0.005925,0.035132,0.007103,-0.008169,-0.669674
184,0.217564,-0.005626,0.362209,-0.263644,-0.052074,-0.963237,-0.471057,-0.86443,0.175608,-0.841475,0.500098,0.204573,-0.014186,0.006283,-0.011439,0.034339,0.004065,-0.010056,-0.567748,-0.267937,-0.003464,0.343656,-0.880878,0.261947,0.394245,0.154793,-0.627468,0.763058,0.448355,0.732843,0.511646,-0.004079,0.061627,-0.090839,-1.071767,0.919855,1.027771,-1.402433,-0.004931,0.043151,-0.001423,0.912314,-0.215343,0.348295,-0.111069,0.68854,0.716641,-0.394139,-0.692487,0.604247,-0.002027,0.030712,-0.045509,-1.342413,2.098464,-0.949226,-0.926145,0.106899,0.037589,-0.037138,0.39897,0.058807,-0.915076,0.304457,0.932832,0.192691,0.864944,-0.355479,0.354267,-0.007038,0.002564,-0.006155,0.040176,0.034451,-0.02859,-0.667224
185,0.217433,-0.005525,0.362,-0.260117,-0.051447,-0.964229,-0.475982,-0.861985,0.174341,-0.839803,0.504365,0.200931,-0.014157,0.005951,-0.011691,-0.003387,-0.315885,-0.171668,-0.564744,-0.267997,-0.0023,0.341893,-0.877829,0.256016,0.404801,0.180917,-0.605081,0.775294,0.444519,0.753473,0.484298,-0.004235,0.061106,-0.091276,-1.626232,-0.448972,0.246961,-1.402512,-0.004962,0.043733,-0.002305,0.909414,-0.210392,0.358748,-0.134516,0.667435,0.732417,-0.393536,-0.714328,0.578674,-0.002246,0.024776,-0.041593,-3.40994,-2.235456,-3.198222,-0.928431,0.106834,0.037643,-0.037247,0.396789,0.056351,-0.916178,0.310002,0.931242,0.191537,0.863977,-0.360017,0.352038,-0.00022,0.003255,-0.005998,-0.066316,-0.535148,-0.269431,-0.666081
186,0.217147,-0.005258,0.361481,-0.255472,-0.05356,-0.965355,-0.479951,-0.859717,0.174659,-0.838976,0.508006,0.195131,-0.001179,0.016192,-0.021598,0.006975,-0.558175,-0.233214,-0.540406,-0.268259,-0.000574,0.338523,-0.866015,0.257412,0.428658,0.222192,-0.569653,0.79124,0.44894,0.780129,0.435562,-0.007341,0.032343,-0.080695,-0.484595,0.411907,0.46784,-1.402611,-0.005081,0.044601,-0.003958,0.899581,-0.21012,0.382887,-0.173927,0.63181,0.755358,-0.400628,-0.7461,0.531818,-0.003704,0.015915,-0.040576,-0.952631,1.796434,-1.648703,-0.928921,0.106691,0.037774,-0.037496,0.39282,0.056827,-0.917857,0.314307,0.929687,0.192075,0.864235,-0.363941,0.347339,-0.000176,0.002729,-0.006399,0.037854,0.105969,-0.181655,-0.65857
187,0.216815,-0.004911,0.360757,-0.250607,-0.055619,-0.966514,-0.493368,-0.85163,0.176878,-0.832645,0.521238,0.187189,-0.014614,0.012488,-0.023679,0.038327,-0.246772,-0.1453,-0.508426,-0.268701,0.000301,0.335599,-0.858054,0.256059,0.445161,0.252563,-0.544116,0.800052,0.448148,0.798579,0.401619,-0.008058,0.020839,-0.073095,-0.685041,0.836649,0.080843,-1.402708,-0.005304,0.045043,-0.005437,0.893511,-0.205823,0.399091,-0.202324,0.608905,0.767005,-0.400876,-0.766074,0.502421,-0.004064,0.010175,-0.03676,-0.404815,0.509751,0.101644,-0.92092,0.10653,0.037948,-0.037852,0.386631,0.059529,-0.92031,0.328246,0.923682,0.197647,0.86184,-0.378505,0.337584,-0.000482,0.006979,-0.011644,0.004389,-0.447292,-0.175104,-0.637016
188,0.216458,-0.004491,0.359759,-0.240993,-0.061722,-0.968586,-0.506341,-0.843391,0.179671,-0.827693,0.533807,0.173206,-0.014251,0.008029,-0.027099,-0.092219,-0.198292,-0.086247,-0.494084,-0.269059,0.000819,0.333317,-0.847322,0.268877,0.457977,0.266816,-0.529862,0.804978,0.460158,0.803914,0.376616,-0.006275,0.017339,-0.058083,-0.610825,0.772283,0.047212,-1.403056,-0.005495,0.045296,-0.006617,0.883784,-0.217841,0.414091,-0.216162,0.594808,0.774259,-0.41497,-0.773788,0.478592,-0.003359,0.003182,-0.024858,-0.749839,0.775397,0.269997,-0.924839,0.106345,0.038168,-0.038356,0.376,0.064871,-0.924345,0.341502,0.917626,0.203314,0.861393,-0.392112,0.322874,-0.000705,0.010229,-0.017645,-0.325215,-0.578902,0.804667,-0.62085
189,0.216235,-0.00422,0.359123,-0.233933,-0.067791,-0.96991,-0.514996,-0.837482,0.182692,-0.824383,0.542317,0.162211,-0.014969,0.017746,-0.036654,-0.434869,-0.371514,-0.152141,-0.489678,-0.269159,0.000931,0.332419,-0.841081,0.278058,0.46396,0.272523,-0.522858,0.807641,0.468202,0.805362,0.363375,-0.006602,-0.002356,-0.039384,-0.517654,0.772559,-0.301913,-1.402734,-0.005545,0.04536,-0.007073,0.878078,-0.227498,0.420977,-0.221288,0.586979,0.778772,-0.424274,-0.776981,0.465071,-0.002896,0.004685,-0.02351,-0.731738,1.075849,-0.624963,-0.922553,0.106228,0.038304,-0.038685,0.368703,0.069235,-0.926964,0.35043,0.913291,0.207599,0.860962,-0.401378,0.312472,-0.007443,0.008659,-0.01848,-0.449946,-0.399196,-0.175946,-0.615788
190,0.215728,-0.003552,0.357468,-0.214282,-0.077043,-0.973752,-0.532598,-0.826433,0.182535,-0.818545,0.557825,0.137271,-0.015288,0.022493,-0.050041,0.098118,-0.333371,-0.168215,-0.462702,-0.269178,0.000676,0.331174,-0.830843,0.295321,0.471674,0.281099,-0.50856,0.813808,0.481241,0.808344,0.338897,0.00792,-0.021177,-0.019938,-0.438553,0.476988,0.055224,-1.403066,-0.005557,0.045231,-0.007712,0.868448,-0.244445,0.431326,-0.229464,0.573023,0.786759,-0.43948,-0.782234,0.441549,0.004065,-0.01032,-0.009715,-0.472178,0.485648,0.064485,-0.925002,0.10598,0.038633,-0.039492,0.348179,0.075784,-0.934359,0.369515,0.904929,0.211093,0.861526,-0.418759,0.287075,-0.007198,0.005634,-0.020821,0.078053,-0.3322,-0.186673,-0.602725
191,0.214971,-0.002685,0.355198,-0.186202,-0.089675,-0.978434,-0.559565,-0.80886,0.180568,-0.807384,0.581228,0.101651,-0.029122,0.024101,-0.065173,0.06047,-1.918283,2.064805,-0.399906,-0.268788,-5.9e-05,0.330592,-0.808871,0.33783,0.481238,0.265716,-0.519886,0.811818,0.525448,0.784085,0.33012,0.010249,-0.013882,-0.013142,0.061955,0.227922,-0.11359,-1.402948,-0.005366,0.044865,-0.008001,0.847866,-0.286763,0.445969,-0.214154,0.584239,0.782816,-0.485035,-0.75923,0.433946,0.011806,-0.013605,-0.003531,0.227676,0.496867,0.006032,-0.927615,0.105606,0.03907,-0.040618,0.322562,0.084394,-0.942778,0.39806,0.891566,0.216002,0.858779,-0.444956,0.253992,-0.007654,0.012214,-0.032809,-0.090025,-0.917339,-0.278284,-0.566964
192,0.214497,-0.002202,0.353842,-0.1706,-0.097424,-0.980535,-0.572718,-0.799937,0.179071,-0.801608,0.592237,0.081895,-0.028894,0.020903,-0.067733,-5.345535,-0.256667,0.905564,-0.375957,-0.268346,-0.000587,0.33047,-0.788978,0.373347,0.487973,0.246264,-0.535273,0.807942,0.563819,0.757132,0.329734,0.02354,-0.036997,0.002415,0.052081,0.213213,-0.139533,-1.402806,-0.005158,0.044622,-0.008062,0.829377,-0.32128,0.457068,-0.195302,0.599768,0.775973,-0.52344,-0.732841,0.434687,0.012021,-0.013005,-0.002976,0.907839,1.535796,0.378966,-0.924512,0.105369,0.039312,-0.041295,0.304673,0.088817,-0.948306,0.407926,0.887536,0.214185,0.860679,-0.452095,0.234177,-0.014723,0.015167,-0.038703,0.107906,-2.170907,2.128272,-0.546063
193,0.213416,-0.001255,0.350681,-0.135008,-0.112282,-0.984485,-0.598612,-0.782495,0.171282,-0.789426,0.612586,0.039657,-0.029063,0.022752,-0.083655,-0.33955,-0.873727,0.147294,-0.32023,-0.26698,-0.002138,0.33036,-0.729036,0.468514,0.498992,0.178266,-0.573731,0.799367,0.661701,0.671116,0.334094,0.035796,-0.054713,0.004258,0.876852,1.398731,0.321365,-1.403543,-0.004465,0.043856,-0.008108,0.772609,-0.414848,0.480599,-0.129474,0.638126,0.758967,-0.621539,-0.64861,0.43931,0.025296,-0.022922,-0.003042,2.894025,4.55908,1.712076,-0.926962,0.104839,0.03978,-0.042835,0.268521,0.09692,-0.958385,0.440879,0.872234,0.211734,0.856458,-0.479387,0.191483,-0.014532,0.01098,-0.04221,-5.298206,-0.191079,0.298097,-0.506057
194,0.212125,-0.00044,0.347132,-0.091233,-0.120437,-0.988543,-0.638142,-0.754984,0.150822,-0.764392,0.644737,-0.006746,-0.042243,0.012586,-0.09146,-0.003833,-1.003966,0.268023,-0.259748,-0.264828,-0.004402,0.33031,-0.67015,0.542742,0.506282,0.106791,-0.604369,0.789473,0.735285,0.582437,0.346392,0.063782,-0.060372,-0.001378,1.317262,0.86105,0.313883,-1.402924,-0.003424,0.042748,-0.008131,0.717007,-0.48764,0.498103,-0.062499,0.666721,0.742681,-0.694257,-0.563639,0.447567,0.031826,-0.030198,-0.000738,0.317813,0.241007,0.122417,-0.929901,0.104187,0.040201,-0.044638,0.224941,0.098251,-0.969405,0.487987,0.849778,0.199359,0.843367,-0.517901,0.143205,-0.021358,0.010818,-0.050688,-0.391482,-1.564617,0.888246,-0.460662
195,0.210478,0.000191,0.343017,-0.055125,-0.130627,-0.989921,-0.66442,-0.735235,0.133965,-0.745263,0.665268,-0.045029,-0.042521,0.012973,-0.109256,-5.223426,0.111922,0.140386,-0.231703,-0.261948,-0.006962,0.330204,-0.585745,0.628046,0.512302,0.006017,-0.628571,0.777687,0.811157,0.45781,0.363729,0.091024,-0.079312,-0.001095,3.696076,4.092682,1.855252,-1.402102,-0.001968,0.041458,-0.00818,0.635087,-0.573138,0.517857,0.036064,0.691687,0.721296,-0.771598,-0.43941,0.459951,0.038657,-0.03293,-0.003553,1.16958,1.204666,0.361981,-0.940352,0.103364,0.040519,-0.046686,0.186944,0.104076,-0.976841,0.514364,0.836802,0.187592,0.836947,-0.537521,0.102902,-0.021151,0.006147,-0.054855,0.270669,-0.705785,0.574305,-0.42882
196,0.209455,0.000408,0.340745,-0.040701,-0.136167,-0.989873,-0.678354,-0.72359,0.127375,-0.733564,0.676836,-0.061686,-0.056222,0.007988,-0.113155,-0.233433,-0.612796,0.487,-0.211182,-0.260115,-0.008491,0.33008,-0.542565,0.660949,0.518421,-0.043861,-0.638485,0.76834,0.839499,0.393298,0.374727,0.105469,-0.072118,-0.013486,1.748963,1.431932,-0.437427,-1.402514,-0.001091,0.040722,-0.008235,0.59461,-0.606936,0.52732,0.085697,0.699965,0.709016,-0.799433,-0.376398,0.468219,0.045596,-0.040464,-0.001608,3.374472,3.857013,1.893952,-0.939208,0.102878,0.040625,-0.047779,0.173326,0.106971,-0.979037,0.534208,0.824926,0.184707,0.827392,-0.555025,0.085837,-0.021198,0.00425,-0.056748,-5.205236,-0.08744,0.18975,-0.41543
197,0.207133,0.000574,0.336223,-0.017315,-0.145276,-0.989263,-0.69697,-0.707626,0.116062,-0.716875,0.691674,-0.087769,-0.07027,0.002301,-0.118484,0.256381,-0.525308,0.333229,-0.171927,-0.2561,-0.011679,0.329686,-0.473053,0.700358,0.534518,-0.120772,-0.6524,0.748145,0.873263,0.288473,0.392501,0.119927,-0.076927,-0.019005,1.325849,1.112841,0.188504,-1.402445,0.000905,0.039131,-0.008428,0.527306,-0.644338,0.553874,0.160723,0.715737,0.679623,-0.834335,-0.269349,0.480972,0.05258,-0.038178,-0.009183,1.376267,2.106228,-2.214336,-0.947047,0.101728,0.040708,-0.05004,0.149284,0.11185,-0.982447,0.55794,0.810766,0.177084,0.816342,-0.574583,0.058628,-0.027736,-0.004356,-0.055377,0.174608,-0.517544,0.116372,-0.385875
198,0.204449,0.000475,0.331718,-0.003449,-0.152537,-0.988315,-0.711102,-0.694471,0.109612,-0.70308,0.703359,-0.104844,-0.070861,0.001253,-0.120916,-0.233608,-0.281461,0.160854,-0.170346,-0.25167,-0.014737,0.329025,-0.412814,0.72243,0.554682,-0.188054,-0.663367,0.724234,0.891663,0.193754,0.408974,0.121265,-0.076242,-0.019211,0.476609,0.195652,-0.059789,-1.402542,0.003202,0.037536,-0.008774,0.465789,-0.666913,0.581606,0.229907,0.725895,0.648242,-0.854506,-0.168229,0.491442,0.06058,-0.038215,-0.009742,0.362994,0.247345,-0.003421,-0.951455,0.100334,0.040653,-0.052388,0.133635,0.116795,-0.984124,0.574284,0.800179,0.172947,0.807674,-0.588279,0.039859,-0.035322,0.000379,-0.060616,-0.231344,-0.245615,0.179527,-0.368239
199,0.202821,0.000381,0.329384,0.000196,-0.154395,-0.988032,-0.715985,-0.689754,0.107589,-0.698119,0.707586,-0.109449,-0.084638,-0.008672,-0.111786,0.221224,-0.193591,0.234646,-0.177813,-0.249156,-0.016289,0.328604,-0.376733,0.727894,0.572917,-0.220646,-0.67109,0.707734,0.900086,0.139301,0.412677,0.136196,-0.07825,-0.021907,0.648571,0.2147,-0.481116,-1.402609,0.004362,0.036818,-0.008968,0.43101,-0.672164,0.602017,0.259145,0.731269,0.630942,-0.864334,-0.115932,0.489372,0.060945,-0.038272,-0.010307,3.105744,5.522493,-0.278468,-0.957007,0.099584,0.040604,-0.053472,0.130043,0.118246,-0.984431,0.580391,0.795907,0.172271,0.803886,-0.593758,0.034873,-0.042189,-0.004766,-0.056188,0.224813,-0.047756,0.093976,-0.370199
200,0.19942,0.000178,0.325081,-0.001591,-0.154224,-0.988057,-0.730385,-0.674672,0.106431,-0.683035,0.722022,-0.110339,-0.085651,-0.00328,-0.108556,0.201083,-0.063345,0.079066,-0.168412,-0.244347,-0.01898,0.327642,-0.333413,0.726313,0.601079,-0.253323,-0.683026,0.685008,0.908481,0.075214,0.410935,0.109138,-0.061759,-0.025346,0.170594,0.123201,-0.741396,-1.402938,0.006775,0.035459,-0.009448,0.388964,-0.669088,0.633267,0.290832,0.741427,0.604732,-0.874141,-0.051045,0.482981,0.061845,-0.031398,-0.013361,0.488137,-0.108538,-0.565641,-0.980684,0.097889,0.040496,-0.055635,0.131735,0.117685,-0.984274,0.59685,0.783359,0.173545,0.791464,-0.610326,0.032955,-0.042421,-0.00751,-0.050397,0.023906,0.070263,-0.121567,-0.369382
201,0.195795,-0.000106,0.321231,-0.011713,-0.155661,-0.987764,-0.745332,-0.657138,0.112343,-0.666578,0.73772,-0.107092,-0.100176,-0.006996,-0.094375,0.165228,0.15466,-0.281892,-0.146366,-0.239671,-0.020805,0.326409,-0.287366,0.72647,0.624222,-0.279602,-0.686847,0.670819,0.916415,0.017329,0.399684,0.111537,-0.033259,-0.036382,3.406267,4.124958,1.508095,-1.403382,0.009115,0.034518,-0.010063,0.349921,-0.665814,0.658974,0.312161,0.746118,0.588101,-0.883238,-8.3e-05,0.468923,0.055749,-0.016695,-0.018306,-0.036842,0.317465,-0.523623,-1.000116,0.096078,0.040355,-0.057579,0.14107,0.120548,-0.982632,0.613187,0.768609,0.182323,0.777239,-0.628258,0.034509,-0.049998,-0.00322,-0.046847,0.163021,0.157725,-0.278384,-0.360075
202,0.192068,-0.000462,0.317972,-0.018908,-0.155923,-0.987611,-0.769225,-0.628715,0.113934,-0.638676,0.762042,-0.106823,-0.100584,-0.009875,-0.079783,0.092822,0.04772,-0.114202,-0.10657,-0.235413,-0.021599,0.325031,-0.22334,0.730613,0.645225,-0.317281,-0.680284,0.660666,0.921887,-0.058075,0.382903,0.113835,-0.01328,-0.036245,0.709749,1.859792,0.249551,-1.403244,0.011284,0.034096,-0.010771,0.286066,-0.669262,0.68575,0.352484,0.738976,0.574167,-0.891022,0.077467,0.4473,0.049696,-0.006094,-0.017707,3.192533,4.407717,1.897104,-1.007627,0.094182,0.040169,-0.059249,0.148165,0.121994,-0.981409,0.640406,0.744364,0.189211,0.753608,-0.656535,0.032163,-0.050218,-0.004752,-0.039647,-0.015317,0.174241,-0.296619,-0.332152
203,0.19014,-0.000696,0.316555,-0.01908,-0.155336,-0.9877,-0.787014,-0.606917,0.110599,-0.616616,0.779637,-0.109442,-0.100537,-0.016304,-0.067764,-5.382008,0.626565,-0.672854,-0.096335,-0.233404,-0.02175,0.324333,-0.184172,0.733796,0.653922,-0.339108,-0.671788,0.658513,0.922722,-0.101385,0.371709,0.099919,-0.009027,-0.031761,0.719588,1.796514,0.389076,-1.403356,0.012294,0.03402,-0.011122,0.247159,-0.672348,0.697752,0.373822,0.730511,0.571498,-0.893962,0.119585,0.431891,0.050065,-0.004441,-0.016137,3.061557,4.548013,1.966359,-1.013016,0.093181,0.040047,-0.059988,0.14818,0.121444,-0.981475,0.660248,0.72672,0.189604,0.736284,-0.676113,0.027502,-0.050289,-0.00791,-0.033564,-5.376073,0.613929,-0.680077,-0.319579
204,0.186245,-0.001246,0.314177,-0.007648,-0.154484,-0.987989,-0.811764,-0.575969,0.09629,-0.583924,0.802941,-0.11977,-0.100814,-0.017162,-0.050712,-0.20794,-0.396047,0.571507,-0.075427,-0.229579,-0.021601,0.323156,-0.123505,0.735031,0.666684,-0.354442,-0.660084,0.662264,0.926985,-0.155422,0.341182,0.087317,0.013972,-0.027743,0.608939,1.974351,0.470087,-1.403896,0.014177,0.034075,-0.011706,0.19143,-0.672806,0.714622,0.387174,0.72081,0.574916,-0.901914,0.166627,0.398478,0.051035,0.006638,-0.014497,-0.22821,0.482962,-0.069179,-1.018894,0.091309,0.039777,-0.06114,0.140011,0.119317,-0.982934,0.691622,0.698607,0.183319,0.708558,-0.705485,0.01529,-0.050354,-0.008379,-0.025084,-1.586681,0.194883,-0.33054,-0.305536
205,0.182475,-0.00197,0.312614,0.010653,-0.151841,-0.988371,-0.832693,-0.548574,0.075248,-0.553642,0.822395,-0.131051,-0.100971,-0.020483,-0.035711,0.02203,-0.084066,0.122184,-0.016297,-0.226217,-0.02094,0.322126,-0.04978,0.735905,0.675246,-0.37537,-0.640199,0.670206,0.92554,-0.221018,0.307229,0.072745,0.028128,-0.032657,0.72758,1.846496,0.546044,-1.403587,0.015866,0.03441,-0.012209,0.117748,-0.674387,0.728928,0.408571,0.701928,0.583408,-0.905099,0.229125,0.358186,0.036504,0.008796,-0.011928,-0.501448,0.906098,0.121555,-1.019384,0.089386,0.039417,-0.061946,0.120101,0.112965,-0.986313,0.720304,0.673777,0.164879,0.683181,-0.730248,-0.000448,-0.050433,-0.00958,-0.017144,-0.016036,-0.200335,0.255571,-0.273041
206,0.18054,-0.002458,0.312027,0.022834,-0.152579,-0.988051,-0.842871,-0.53439,0.06299,-0.537652,0.83155,-0.139577,-0.100919,-0.028887,-0.025267,-0.178599,-0.283763,0.381977,0.009572,-0.224671,-0.020521,0.321615,-0.017128,0.733504,0.679463,-0.381867,-0.632742,0.673609,0.924018,-0.248836,0.290057,0.07316,0.01933,-0.022109,-0.08273,1.067526,0.188936,-1.403726,0.016638,0.034618,-0.012467,0.082415,-0.672339,0.735641,0.418166,0.693359,0.586847,-0.904624,0.259255,0.338292,0.03662,0.009537,-0.011563,3.222159,4.60991,1.71854,-1.020527,0.088451,0.039189,-0.062232,0.109139,0.112215,-0.987672,0.733708,0.661265,0.156206,0.670642,-0.741711,-0.010164,-0.050564,-0.008282,-0.016006,-2.03747,-1.468073,2.097062,-0.250507
207,0.176953,-0.003594,0.31123,0.051612,-0.154578,-0.986654,-0.853004,-0.520574,0.036883,-0.5194,0.839908,-0.157496,-0.101232,-0.037461,-0.015241,-0.447913,-1.744163,2.634384,0.036647,-0.221954,-0.019251,0.320544,0.036849,0.726216,0.686472,-0.389734,-0.621993,0.679092,0.920079,-0.293464,0.259222,0.073553,0.035363,-0.025462,-0.042401,1.075675,0.204393,-1.403544,0.018029,0.035256,-0.013016,0.027676,-0.665045,0.746289,0.427232,0.682822,0.592643,-0.903717,0.302437,0.303027,0.029433,0.023763,-0.016097,0.618023,2.076464,0.615243,-1.020201,0.086626,0.038621,-0.062637,0.082505,0.110068,-0.990493,0.749684,0.647993,0.134454,0.656632,-0.75365,-0.029053,-0.043509,-0.012269,-0.010936,0.011945,-0.180571,0.239674,-0.204949
208,0.173262,-0.004799,0.310589,0.081063,-0.157137,-0.984267,-0.859054,-0.511741,0.010894,-0.505511,0.844851,-0.175248,-0.08755,-0.022375,-0.020355,0.007301,-0.190678,0.252045,0.05649,-0.219592,-0.017508,0.319527,0.08986,0.721866,0.686167,-0.398558,-0.605211,0.689061,0.91255,-0.336289,0.232433,0.059078,0.051425,-0.028162,-0.295799,0.687301,0.031693,-1.403505,0.019216,0.036122,-0.013522,-0.026208,-0.661449,0.749531,0.437003,0.66677,0.603693,-0.899077,0.343369,0.27158,0.029729,0.020546,-0.009584,-0.428268,0.707106,0.289287,-1.02216,0.084775,0.038012,-0.062956,0.049997,0.107678,-0.992927,0.761418,0.639257,0.107664,0.646329,-0.761416,-0.050027,-0.043653,-0.016668,-0.005978,-0.019505,-0.295335,0.416037,-0.171148
209,0.171414,-0.005342,0.310276,0.094274,-0.158016,-0.982949,-0.858642,-0.512547,-1e-05,-0.503932,0.844199,-0.182777,-0.102211,-0.021666,-0.019537,0.002926,-0.186833,0.239438,0.062437,-0.218511,-0.016521,0.319065,0.115372,0.722326,0.681855,-0.39693,-0.595616,0.698299,0.910355,-0.352106,0.217113,0.059327,0.054297,-0.02527,0.675511,1.945125,0.733135,-1.4039,0.019779,0.036634,-0.013765,-0.051177,-0.662446,0.747359,0.436217,0.658351,0.613422,-0.898384,0.357404,0.255278,0.029722,0.027379,-0.012467,0.598878,2.048431,0.775417,-1.022813,0.083857,0.037742,-0.063111,0.036782,0.106532,-0.993628,0.762559,0.639633,0.096807,0.645871,-0.761261,-0.057711,-0.043789,-0.016383,-0.005817,-0.032534,-0.322339,0.456993,-0.158737
210,0.167803,-0.006239,0.309665,0.10934,-0.15936,-0.98117,-0.857684,-0.514006,-0.012149,-0.502535,0.84306,-0.191662,-0.088029,-0.017653,-0.016302,0.002639,-0.096746,0.107969,0.068711,-0.216626,-0.014316,0.31833,0.174657,0.721534,0.669981,-0.399616,-0.569821,0.718014,0.899599,-0.394032,0.187946,0.045337,0.061142,-0.017769,-0.424096,0.901636,0.641327,-1.403697,0.020704,0.037712,-0.014127,-0.110498,-0.663288,0.74016,0.441591,0.63441,0.634445,-0.890385,0.396954,0.222801,0.022652,0.030304,-0.009179,-0.290331,1.399445,0.584332,-1.022323,0.082013,0.037283,-0.063427,0.021467,0.105581,-0.994178,0.763246,0.640557,0.084507,0.645751,-0.760617,-0.066834,-0.043996,-0.00868,-0.007946,0.003883,-0.096381,0.107378,-0.140612
211,0.164338,-0.006806,0.309121,0.113552,-0.159654,-0.980644,-0.85432,-0.519522,-0.014398,-0.507317,0.839616,-0.194169,-0.073533,-0.012614,-0.011797,0.14483,-0.001121,-0.000319,0.032313,-0.214941,-0.012244,0.317903,0.238135,0.721606,0.650052,-0.395715,-0.539027,0.7435,0.886587,-0.435179,0.156348,0.045309,0.050655,-0.009085,-0.697612,0.976788,0.740708,-1.403871,0.021548,0.038758,-0.014337,-0.174676,-0.665907,0.725296,0.440782,0.605803,0.662354,-0.880453,0.435396,0.1877,0.022739,0.019303,-0.000925,-0.489175,0.689145,0.543641,-1.022487,0.080307,0.037001,-0.063697,0.017232,0.105225,-0.994298,0.759551,0.645325,0.081457,0.650218,-0.756625,-0.068804,-0.051227,0.000155,-0.008723,0.526447,0.007958,0.056165,-0.164779
212,0.160957,-0.007013,0.308771,0.111596,-0.160069,-0.9808,-0.839323,-0.543563,-0.006842,-0.532179,0.824171,-0.19379,-0.087655,-0.005288,-0.00431,1.621392,0.09609,0.107539,0.031747,-0.2133,-0.010967,0.317877,0.31949,0.70953,0.628081,-0.410021,-0.49392,0.766721,0.853808,-0.503359,0.132306,0.044976,0.024168,0.002852,3.118138,4.712004,1.2474,-1.403697,0.02237,0.039415,-0.014347,-0.255651,-0.658336,0.707979,0.453268,0.565216,0.689259,-0.853926,0.497115,0.153904,0.022591,0.006152,0.00515,-0.435794,0.790709,0.415396,-1.023793,0.078622,0.036893,-0.063877,0.019123,0.106463,-0.994132,0.741163,0.665849,0.085563,0.671052,-0.73845,-0.066174,-0.043828,-0.002568,-0.001943,5.424736,0.129897,0.873019,-0.18666
213,0.159382,-0.006999,0.308675,0.111904,-0.15727,-0.981218,-0.823253,-0.567642,-0.002961,-0.556663,0.808317,-0.191774,-0.072883,-0.002049,-0.001271,0.47976,0.183054,-0.2191,0.025212,-0.212412,-0.010705,0.31804,0.35237,0.706938,0.613242,-0.413635,-0.470018,0.779694,0.838965,-0.529269,0.126,0.044951,0.011428,0.009338,-0.329297,0.315614,0.903711,-1.403578,0.022814,0.039551,-0.014268,-0.292891,-0.655434,0.696146,0.46214,0.54034,0.703177,-0.837042,0.527672,0.144642,0.022563,-0.00034,0.008282,-0.115492,0.295076,1.291259,-1.024446,0.077829,0.036897,-0.063928,0.019063,0.103165,-0.994481,0.720403,0.6883,0.085212,0.693292,-0.718053,-0.061199,-0.043691,-0.000835,-0.000301,1.640979,0.12674,0.142106,-0.188456
214,0.156436,-0.006757,0.308695,0.106763,-0.157807,-0.981705,-0.785376,-0.618838,0.014012,-0.609868,0.769707,-0.188786,-0.07215,0.005446,0.006299,0.143324,0.023748,-0.116914,-0.010104,-0.210542,-0.010752,0.318494,0.395261,0.699921,0.59487,-0.429458,-0.431525,0.793275,0.811413,-0.569883,0.12925,0.044239,-0.0067,0.010393,0.275443,0.260099,0.305659,-1.403341,0.023728,0.039543,-0.014038,-0.337133,-0.651019,0.680083,0.478266,0.503788,0.719346,-0.810926,0.567776,0.141517,0.022246,-0.00865,0.009221,3.247407,4.226173,0.939189,-1.025752,0.076383,0.037012,-0.063924,0.024141,0.104903,-0.994188,0.673075,0.733607,0.093751,0.739179,-0.671427,-0.052897,-0.036085,0.002665,0.003135,1.645144,0.053089,0.186953,-0.223564
215,0.153869,-0.006462,0.30898,0.085504,-0.165194,-0.982571,-0.743358,-0.667188,0.047429,-0.663509,0.726551,-0.178623,-0.057257,0.008188,0.008855,0.30304,-0.020499,-1.103745,0.004596,-0.20869,-0.011314,0.318978,0.4161,0.696143,0.58501,-0.436795,-0.41111,0.800083,0.796932,-0.589299,0.132249,0.044355,-0.01963,0.016694,3.190882,4.179613,1.147877,-1.403558,0.024658,0.039265,-0.013807,-0.355374,-0.64992,0.671797,0.485043,0.486152,0.726903,-0.799025,0.584174,0.142474,0.021974,-0.004482,0.004012,-0.019395,-0.158231,0.262939,-1.03555,0.075088,0.037162,-0.063778,0.042219,0.111906,-0.992821,0.620194,0.776141,0.113856,0.783311,-0.620548,-0.036636,-0.035904,0.004155,0.004571,1.700212,0.166026,-0.021531,-0.233851
216,0.152785,-0.006285,0.309142,0.075514,-0.171446,-0.982318,-0.718401,-0.692511,0.065585,-0.691612,0.700957,-0.174239,-0.057092,0.009323,0.009958,0.205536,-0.405424,-0.414993,0.016114,-0.207849,-0.011647,0.319266,0.424353,0.693895,0.581744,-0.439289,-0.403891,0.802391,0.791181,-0.596903,0.132673,0.044417,-0.019287,0.017004,0.909459,1.207495,0.443424,-1.40355,0.025095,0.039088,-0.01366,-0.366741,-0.646681,0.668807,0.489411,0.477274,0.729853,-0.791186,0.59499,0.141457,0.022185,-0.009133,0.008667,3.13946,4.399415,0.815818,-1.037183,0.074525,0.037255,-0.063693,0.053694,0.121188,-0.991175,0.588414,0.798127,0.12946,0.806774,-0.590173,-0.028454,-0.028546,0.004681,0.005044,0.681187,-0.094434,-0.907342,-0.222911
217,0.150935,-0.005765,0.309454,0.05005,-0.191585,-0.980222,-0.653616,-0.748349,0.112838,-0.755236,0.635276,-0.161458,-0.042168,0.021916,0.00318,0.249822,-0.376676,-0.109389,0.018647,-0.206382,-0.012344,0.319982,0.435399,0.693131,0.574447,-0.443644,-0.389895,0.806905,0.782696,-0.607027,0.136997,0.03065,-0.028068,0.028275,-0.09876,-0.010816,0.029247,-1.403476,0.025845,0.038729,-0.0133,-0.379303,-0.646181,0.662251,0.495082,0.462926,0.73525,-0.781678,0.606752,0.144324,0.015321,-0.014005,0.014153,-0.119191,0.000369,0.036254,-1.03408,0.073595,0.037512,-0.063531,0.074881,0.147032,-0.986293,0.509368,0.844662,0.16459,0.857284,-0.51471,-0.011645,-0.02114,0.005424,0.005715,0.684602,0.002427,-0.848949,-0.209031
218,0.149448,-0.005168,0.309695,0.022961,-0.224465,-0.974235,-0.590825,-0.789131,0.167838,-0.806509,0.572025,-0.149525,-0.04233,0.01979,0.000888,0.602421,-0.522949,-0.55709,0.098869,-0.205233,-0.013199,0.320977,0.456288,0.69197,0.559438,-0.449904,-0.362872,0.815993,0.767052,-0.624871,0.145018,0.030888,-0.026303,0.030008,0.836376,1.332762,0.265834,-1.40322,0.026402,0.03832,-0.012826,-0.396996,-0.649186,0.648806,0.500486,0.439432,0.74593,-0.769355,0.62085,0.150456,0.015433,-0.013162,0.014985,-0.110116,-0.01215,0.042436,-1.033917,0.072862,0.037816,-0.063406,0.095986,0.181931,-0.978615,0.435218,0.876525,0.20564,0.895193,-0.445649,0.004954,-0.021358,0.009246,-0.000267,6.181437,0.397525,-1.574206,-0.153349
219,0.148131,-0.004967,0.309698,0.025704,-0.259287,-0.965482,-0.510445,-0.833788,0.210275,-0.859568,0.487738,-0.152581,-0.029195,-0.001104,-0.001147,5.477676,-1.41941,0.163514,0.147491,-0.204336,-0.014284,0.322277,0.475743,0.693765,0.540693,-0.454593,-0.332167,0.826404,0.752313,-0.639804,0.15665,0.017093,-0.035325,0.041121,-0.0701,-0.149659,0.112932,-1.402893,0.02685,0.03778,-0.012181,-0.421957,-0.650074,0.631946,0.508699,0.40721,0.758555,-0.750451,0.641547,0.158866,0.008559,-0.017413,0.020804,-0.056325,-0.187892,0.13033,-1.031957,0.072179,0.037935,-0.063392,0.086016,0.218781,-0.971974,0.343153,0.90939,0.235061,0.935332,-0.353755,0.003146,-0.014732,-0.001012,-0.00114,5.47766,-1.414266,0.181859,-0.054558
220,0.147515,-0.004986,0.30962,0.034522,-0.275426,-0.960726,-0.476079,-0.849731,0.226444,-0.878777,0.449903,-0.159262,-0.029511,-0.003381,-0.003523,5.308717,-1.476594,-0.08732,0.14018,-0.203956,-0.014833,0.322954,0.487452,0.692665,0.531599,-0.457274,-0.315997,0.831253,0.74313,-0.649133,0.162011,0.016681,-0.024365,0.032739,0.889906,1.165006,0.447153,-1.403039,0.027052,0.037494,-0.011825,-0.433129,-0.650781,0.623603,0.511253,0.392414,0.764611,-0.742306,0.649995,0.162749,0.008472,-0.017404,0.020501,2.963076,4.31254,1.219051,-1.030815,0.071881,0.037926,-0.063431,0.075624,0.23254,-0.969641,0.30849,0.919262,0.244518,0.948216,-0.317617,-0.002218,-0.014741,-0.001754,-0.001784,0.008461,-0.553929,-0.913082,-0.035126
221,0.14634,-0.005092,0.309274,0.049882,-0.299518,-0.952809,-0.411016,-0.875606,0.253676,-0.910335,0.379334,-0.165597,-0.030031,0.00288,-0.016738,5.31822,-1.77028,0.094893,0.116996,-0.203258,-0.015889,0.324325,0.501064,0.690556,0.521593,-0.460419,-0.297463,0.83634,0.732044,-0.660059,0.168216,0.016637,-0.024932,0.032175,0.868344,1.18407,0.381024,-1.402927,0.027396,0.036974,-0.011146,-0.444728,-0.651584,0.614536,0.513769,0.376435,0.770933,-0.73366,0.658585,0.167353,0.0083,-0.012467,0.016083,0.062328,-0.262676,0.054439,-1.029018,0.071306,0.037874,-0.063595,0.056827,0.253188,-0.965746,0.236935,0.936255,0.259398,0.969861,-0.24356,-0.006785,-0.007775,0.001078,-0.008688,0.512248,0.011494,-0.34739,-0.04819
222,0.145218,-0.005273,0.308671,0.061047,-0.302637,-0.951173,-0.371503,-0.891354,0.259705,-0.92651,0.33788,-0.16566,-0.030864,-0.012316,-0.012958,-0.645187,-1.296659,1.985453,0.097466,-0.202781,-0.016552,0.325274,0.50894,0.694008,0.509238,-0.453589,-0.28642,0.843892,0.730865,-0.661328,0.168359,0.01568,-0.003795,0.014591,0.588762,-0.914374,2.791559,-1.403204,0.027646,0.036627,-0.010651,-0.456832,-0.653266,0.603777,0.509724,0.364023,0.779531,-0.72903,0.663875,0.166688,0.007791,-0.00198,0.007265,0.549279,-0.886789,2.808685,-1.030488,0.070733,0.037785,-0.063903,0.044276,0.257844,-0.965171,0.188538,0.946601,0.261531,0.981066,-0.193551,-0.006702,-0.015299,-0.000496,-0.010393,0.507488,0.047133,-0.165405,-0.076766
223,0.144647,-0.005397,0.308273,0.074723,-0.299962,-0.951044,-0.352966,-0.899904,0.256044,-0.932752,0.316921,-0.171935,-0.016592,-0.004523,-0.024553,0.818293,-1.719347,2.293547,0.088484,-0.202623,-0.016664,0.32563,0.511524,0.695172,0.505045,-0.449719,-0.284086,0.846748,0.731448,-0.661115,0.166655,0.001315,-0.002693,0.016512,-0.168562,0.147573,0.112019,-1.403808,0.027718,0.036572,-0.010487,-0.45969,-0.655397,0.599281,0.506121,0.361155,0.783203,-0.729743,0.66334,0.165691,0.000647,-0.00133,0.008266,-0.256453,0.128873,0.416101,-1.028365,0.070442,0.03772,-0.064097,0.031652,0.253351,-0.966856,0.171416,0.951632,0.254974,0.984689,-0.173805,-0.013308,-0.015613,-0.002169,-0.012374,5.288445,-1.271857,0.698923,-0.088849
224,0.143657,-0.005836,0.307378,0.10096,-0.282877,-0.953852,-0.314021,-0.918779,0.239183,-0.94417,0.275728,-0.180401,-0.017613,-0.020621,-0.021837,0.056339,0.460614,0.199604,0.056969,-0.202534,-0.016386,0.326101,0.522609,0.69427,0.494833,-0.437309,-0.279789,0.854642,0.731124,-0.663892,0.156744,0.001237,0.011797,0.011519,-0.182425,0.190596,0.157617,-1.403459,0.027768,0.0367,-0.010248,-0.47211,-0.655303,0.589651,0.493631,0.357665,0.792719,-0.730369,0.665321,0.154621,0.000657,0.006343,0.00619,-0.199418,0.207123,0.193852,-1.026079,0.069941,0.0375,-0.064553,0.005504,0.231213,-0.972887,0.132541,0.964149,0.229887,0.991161,-0.130213,-0.025338,-0.00883,-0.010579,-0.011165,0.093933,0.67731,0.317056,-0.127059
225,0.142645,-0.006501,0.306294,0.126372,-0.264192,-0.956179,-0.265992,-0.937609,0.223852,-0.955825,0.22637,-0.18757,-0.032518,-0.011956,-0.032933,0.059991,0.388014,0.30416,0.034914,-0.202501,-0.015642,0.326683,0.539991,0.69777,0.470657,-0.404831,-0.274783,0.872089,0.737146,-0.662315,0.133483,0.002093,0.020036,0.019434,-0.730819,0.631732,0.815874,-1.403741,0.027783,0.037049,-0.009972,-0.488699,-0.661864,0.568426,0.464891,0.353775,0.811615,-0.738274,0.660892,0.134805,0.001066,0.010294,0.009997,-0.525946,-0.225208,1.383853,-1.020527,0.069454,0.03718,-0.065074,-0.01682,0.209386,-0.977687,0.085387,0.974555,0.207246,0.996205,-0.079996,-0.034271,-0.016326,-0.01135,-0.012164,0.038741,-0.037508,0.027233,-0.163146
