frame,MLTx,MLTy,MLTz,MLTR1,MLTR2,MLTR3,MLTR4,MLTR5,MLTR6,MLTR7,MLTR8,MLTR9,MLTTVx,MLTTVy,MLTTVz,MLTRVx,MLTRVy,MLTRVz,MLGA,MRTx,MRTy,MRTz,MRTR1,MRTR2,MRTR3,MRTR4,MRTR5,MRTR6,MRTR7,MRTR8,MRTR9,MRTTVx,MRTTVy,MRTTVz,MRTRVx,MRTRVy,MRTRVz,MRGA,SLTx,SLTy,SLTz,SLTR1,SLTR2,SLTR3,SLTR4,SLTR5,SLTR6,SLTR7,SLTR8,SLTR9,SLTTVx,SLTTVy,SLTTVz,SLTRVx,SLTRVy,SLTRVz,SLGA,SRTx,SRTy,SRTz,SRTR1,SRTR2,SRTR3,SRTR4,SRTR5,SRTR6,SRTR7,SRTR8,SRTR9,SRTTVx,SRTTVy,SRTTVz,SRTRVx,SRTRVy,SRTRVz,SRGA
5195,0.169752,0.05247,0.378245,0.503886,0.861298,0.065658,-0.842347,0.506824,-0.183176,-0.19168,0.035924,0.980814,-0.024393,-0.018239,-0.008244,2.086041,-1.595486,-1.225788,-1.90336,-0.106419,0.066516,0.361296,0.921937,-0.237746,0.305778,-0.080385,0.654567,0.751674,-0.380014,-0.717264,0.583939,-1e-05,4.2e-05,2.4e-05,0.0,0.0,0.0,0.12088,0.04033,0.051255,-0.001682,-0.911431,0.185764,0.367129,0.146546,-0.687202,0.711531,0.384469,0.702313,0.599115,-4e-06,1.3e-05,7e-06,-1.3e-05,4e-06,-1e-06,-0.016453,0.122374,0.051009,-0.052537,0.402766,0.903914,0.143935,-0.884916,0.424733,-0.191113,-0.233884,-0.050396,0.970956,-0.018093,-0.003589,-0.008112,-0.09494,-0.011631,-0.429535,-0.894688
5196,0.168339,0.051797,0.377885,0.484303,0.873741,0.045524,-0.854241,0.483505,-0.190965,-0.189475,0.052513,0.980494,-0.036349,-0.019441,-0.008521,-0.330207,-0.28185,-0.7896,-1.898484,-0.106416,0.066541,0.361309,0.92196,-0.237763,0.305694,-0.080312,0.654554,0.751693,-0.379972,-0.71727,0.583958,-0.000311,0.00135,0.000755,0.0,0.0,0.0,0.125035,0.040333,0.051265,-0.001677,-0.91146,0.185784,0.367047,0.146474,-0.687192,0.711555,0.384428,0.702317,0.599136,-0.000174,0.000756,0.000423,-5e-06,-4e-06,9e-06,-0.014004,0.121671,0.050668,-0.05272,0.382363,0.915882,0.122301,-0.893561,0.400209,-0.203418,-0.235253,-0.031504,0.971422,-0.024036,-0.009668,-0.004016,-0.356153,-0.387983,-0.687342,-0.881951
5197,0.167462,0.051416,0.377725,0.475043,0.879115,0.039211,-0.858927,0.47295,-0.196303,-0.191716,0.058483,0.97972,-0.048211,-0.019353,-0.008126,-0.139457,-0.076355,-0.483503,-1.889853,-0.106399,0.066544,0.36131,0.921932,-0.23775,0.305788,-0.08039,0.654567,0.751673,-0.380024,-0.717263,0.583934,-5e-06,2e-05,1.1e-05,0.0,0.0,0.0,0.132044,0.040341,0.051269,-0.001675,-0.911426,0.185767,0.367139,0.146552,-0.687201,0.71153,0.384478,0.702313,0.599109,1e-06,-8e-06,-5e-06,-7e-06,3e-06,1e-06,-0.010085,0.121237,0.050475,-0.052801,0.372295,0.921029,0.114458,-0.897363,0.388694,-0.208937,-0.236926,-0.024924,0.971207,-0.024102,-0.0098,-0.004097,-0.138478,-0.052114,-0.688709,-0.881625
5198,0.165398,0.050626,0.377397,0.458587,0.888347,0.024139,-0.867865,0.453579,-0.202604,-0.191509,0.070861,0.978943,-0.06024,-0.018803,-0.007544,-0.29906,-0.377734,-0.463398,-1.792752,-0.106349,0.066524,0.361284,0.921937,-0.237771,0.305761,-0.080349,0.654578,0.751669,-0.380023,-0.717246,0.583955,9.2e-05,-0.0004,-0.000224,0.0,0.0,0.0,0.165623,0.040366,0.051258,-0.001688,-0.911433,0.185789,0.367113,0.14651,-0.687213,0.711527,0.384479,0.702295,0.599129,5.4e-05,-0.000234,-0.000133,6e-06,0.0,-5e-06,0.019144,0.120228,0.050084,-0.052964,0.356091,0.928958,0.101166,-0.903183,0.369924,-0.217747,-0.239702,-0.013834,0.970747,-0.030112,-0.009468,-0.003777,-0.064119,0.036718,-0.254455,-0.870358
5199,0.162994,0.050091,0.377196,0.44392,0.896064,0.007077,-0.877663,0.436426,-0.19802,-0.181087,0.080583,0.980174,-0.071686,-0.009843,-0.002672,-0.208332,-0.219227,-0.380363,-1.127884,-0.106338,0.066518,0.36128,0.921937,-0.237773,0.305758,-0.080346,0.654577,0.75167,-0.380023,-0.717246,0.583955,-0.000176,0.000763,0.000427,0.0,0.0,0.0,0.184495,0.040372,0.051252,-0.001691,-0.911433,0.185791,0.36711,0.146507,-0.687212,0.711529,0.384479,0.702296,0.599129,-0.000147,0.000634,0.000355,9e-06,-2e-06,-4e-06,0.048373,0.119034,0.049798,-0.053074,0.341034,0.936469,0.081976,-0.911786,0.350743,-0.213597,-0.22878,-0.001901,0.973475,-0.03578,-0.004143,-0.000908,-0.304765,-0.26527,-0.628476,-0.712946
5200,0.160358,0.049991,0.377213,0.427785,0.903762,-0.016139,-0.889316,0.417683,-0.186093,-0.161982,0.092839,0.982431,-0.059277,-0.000933,0.001456,-0.275258,-0.351168,-0.382286,-0.477192,-0.106354,0.066547,0.361287,0.921911,-0.23776,0.305847,-0.080409,0.654609,0.751635,-0.380073,-0.717221,0.583953,-0.000425,0.001844,0.001031,0.002276,-0.015382,0.024261,0.213111,0.040364,0.051266,-0.001689,-0.911395,0.185771,0.367216,0.146588,-0.687242,0.711483,0.38454,0.702272,0.599117,-5e-05,0.000214,0.000118,-0.0,-1e-06,4e-06,0.078582,0.117688,0.049738,-0.05307,0.324895,0.943956,0.058213,-0.921896,0.329837,-0.203257,-0.211066,0.012371,0.977392,-0.03553,-8.8e-05,0.001151,-0.327937,-0.288769,-0.651893,-0.565821
5201,0.158982,0.050001,0.377265,0.418856,0.907444,-0.033914,-0.894928,0.406241,-0.184511,-0.154185,0.106508,0.982298,-0.071024,0.000536,0.002586,0.331519,-0.894403,-0.573588,-0.293985,-0.10634,0.066566,0.361296,0.921894,-0.237755,0.305901,-0.080453,0.654616,0.751625,-0.380103,-0.717217,0.583939,-0.000197,0.000854,0.000478,0.0,0.0,0.0,0.229355,0.04037,0.051278,-0.001682,-0.911382,0.185768,0.367249,0.146614,-0.687245,0.711476,0.38456,0.70227,0.599107,-0.000124,0.000541,0.000303,-0.015698,0.10615,-0.167422,0.097197,0.117027,0.049748,-0.053043,0.316705,0.947549,0.042977,-0.926322,0.31872,-0.200857,-0.20402,0.023802,0.978677,-0.035455,0.000972,0.001689,-0.612673,-0.839898,-0.645635,-0.515364
5202,0.156442,0.049999,0.377382,0.400829,0.91349,-0.070124,-0.90386,0.381856,-0.192862,-0.149906,0.139553,0.978816,-0.071173,-0.000406,0.0021,-0.244292,-0.281312,-0.622756,-0.204,-0.106299,0.066583,0.361291,0.922698,-0.234212,0.306212,-0.084245,0.652341,0.753185,-0.377314,-0.720451,0.581762,0.000251,-0.001086,-0.000607,-0.43296,0.321488,0.244996,0.250908,0.04039,0.051291,-0.001682,-0.912468,0.180199,0.367326,0.150701,-0.686646,0.7112,0.380381,0.704304,0.599387,0.000176,-0.000756,-0.000424,-0.000116,0.000336,-5.2e-05,0.133121,0.115736,0.049757,-0.052979,0.29934,0.954139,0.003574,-0.932027,0.293201,-0.212973,-0.204254,0.06042,0.977051,-0.029648,-7.5e-05,0.000968,-0.150299,-0.479768,-0.621019,-0.441883
5203,0.153859,0.049833,0.377457,0.376874,0.920023,-0.107563,-0.914107,0.350728,-0.203398,-0.149882,0.173838,0.973316,-0.059922,-0.005403,-0.000843,1.99008,-1.669059,-0.812433,-0.182885,-0.106298,0.066584,0.361281,0.921269,-0.235918,0.309188,-0.086208,0.651095,0.754041,-0.380356,-0.721019,0.579072,7e-06,-3.1e-05,-1.7e-05,-0.312778,0.245999,0.15933,0.261849,0.040391,0.051288,-0.001689,-0.910774,0.182476,0.370395,0.152619,-0.684748,0.71262,0.383664,0.705565,0.595801,2e-06,-1.5e-05,-9e-06,-0.578048,0.395246,0.203046,0.153859,0.114441,0.049682,-0.052937,0.276106,0.960554,-0.033151,-0.938836,0.262157,-0.22329,-0.205791,0.092776,0.974187,-0.035948,-0.007885,0.004199,-0.372386,-0.11106,-0.812891,-0.406286
5204,0.152553,0.049671,0.37746,0.362527,0.923926,-0.1224,-0.920366,0.334321,-0.202805,-0.146915,0.185029,0.971704,-0.060184,-0.007079,-0.001711,-0.148454,-0.324443,-0.779451,-0.153204,-0.10631,0.066598,0.361279,0.921313,-0.235947,0.309036,-0.086067,0.651091,0.754061,-0.380282,-0.721013,0.579127,-8e-06,3.5e-05,2e-05,-0.003888,0.002887,0.0022,0.265241,0.040385,0.051296,-0.00169,-0.910528,0.18396,0.370265,0.152233,-0.683469,0.713928,0.384399,0.706419,0.594313,-5e-06,2.3e-05,1.2e-05,0.017337,-0.004576,-0.001555,0.160553,0.113815,0.049604,-0.052935,0.262923,0.963608,-0.048258,-0.942476,0.245813,-0.226523,-0.206417,0.10504,0.972809,-0.030142,-0.003946,-0.001065,1.843172,-1.825974,-0.887851,-0.362851
5205,0.150177,0.04925,0.377321,0.336145,0.930297,-0.146967,-0.931442,0.30536,-0.197844,-0.139601,0.202241,0.969349,-0.06084,-0.011089,-0.003807,0.192379,-0.812679,-0.849575,-0.064654,-0.106346,0.066641,0.361273,0.920473,-0.235755,0.311676,-0.088042,0.651682,0.753321,-0.381864,-0.720542,0.578672,-8.8e-05,0.00038,0.000212,-1e-06,1e-06,0.0,0.266806,0.040367,0.051316,-0.001693,-0.909558,0.183583,0.372828,0.154146,-0.6841,0.712913,0.385931,0.705906,0.59393,-6.4e-05,0.000277,0.000155,0.000345,-0.00067,-8.5e-05,0.168718,0.112623,0.049396,-0.053002,0.236894,0.968894,-0.071586,-0.950651,0.215976,-0.222746,-0.200357,0.120821,0.972244,-0.030455,-0.005917,-0.002052,-0.632236,-0.511105,-0.965953,-0.296881
5206,0.147998,0.048835,0.377167,0.304178,0.936127,-0.176598,-0.945193,0.27357,-0.178164,-0.118859,0.219951,0.968257,-0.060712,-0.00822,-0.002373,-0.609994,-0.595792,-1.305715,0.059151,-0.106462,0.066817,0.361229,0.920957,-0.230132,0.314435,-0.093847,0.651948,0.75239,-0.379297,-0.722125,0.578388,-0.000682,0.00296,0.001654,0.002275,-0.015402,0.024247,0.270456,0.040316,0.051396,-0.001715,-0.909685,0.177781,0.375321,0.159932,-0.684071,0.711665,0.383267,0.707417,0.593857,-0.000247,0.001076,0.000601,-0.000579,0.000263,-0.000287,0.1728,0.111528,0.049177,-0.053085,0.208054,0.972661,-0.103163,-0.960676,0.183376,-0.208505,-0.183888,0.142487,0.972564,-0.024525,-0.005391,-0.001873,0.360486,0.528513,-6.23821,-0.200703
5207,0.146136,0.04868,0.377083,0.249354,0.942382,-0.223123,-0.962461,0.215753,-0.164595,-0.10729,0.254619,0.961086,-0.048009,-0.001281,0.000827,1.282903,-2.430987,-1.072924,0.180639,-0.106593,0.06717,0.361092,0.920054,-0.230069,0.317111,-0.095492,0.653056,0.751221,-0.381075,-0.721143,0.578444,-0.000614,0.002667,0.001488,-0.0,0.0,0.0,0.277506,0.040245,0.051574,-0.001783,-0.908619,0.177612,0.377974,0.161584,-0.685055,0.710344,0.385099,0.706507,0.593756,-0.001241,0.006548,-0.003413,0.036066,-0.006162,0.021879,0.178352,0.110586,0.049085,-0.053134,0.152857,0.976701,-0.150628,-0.972792,0.121857,-0.197044,-0.174097,0.176649,0.968753,-0.023815,0.005169,-0.003622,-0.330617,-0.638001,-1.352721,-0.048516
5208,0.145356,0.048806,0.377089,0.224715,0.942209,-0.248578,-0.96885,0.188897,-0.160063,-0.104144,0.275634,0.955619,-0.047102,0.005795,0.004494,2.612938,-1.701008,-6.029667,0.239157,-0.106666,0.067369,0.360983,0.91999,-0.23014,0.317247,-0.095345,0.653456,0.750891,-0.381269,-0.720758,0.578796,-0.002343,0.012487,-0.007162,0.036149,-0.005305,0.020885,0.282658,0.040206,0.051682,-0.001838,-0.908564,0.177691,0.378067,0.161386,-0.685456,0.710002,0.38531,0.706098,0.594105,-0.00116,0.00621,-0.003597,0.036123,-0.005456,0.020998,0.183414,0.110164,0.049141,-0.053134,0.130147,0.9751,-0.179557,-0.976293,0.094443,-0.194762,-0.172954,0.200648,0.964275,-0.023562,0.003317,0.002491,2.679985,-1.578996,-5.992218,0.036232
5209,0.144028,0.049384,0.377147,0.188531,0.932804,-0.307209,-0.977144,0.147011,-0.153455,-0.098223,0.327961,0.939586,-0.02234,0.020218,-0.002932,-0.391176,-0.876075,-0.373825,0.317402,-0.106848,0.067729,0.360727,0.920619,-0.226734,0.317875,-0.098888,0.651927,0.751762,-0.378833,-0.723222,0.57732,-0.001986,0.010944,-0.008015,-0.008322,0.027628,0.04617,0.291196,0.040117,0.051855,-0.001959,-0.909022,0.174217,0.378583,0.165072,-0.683604,0.710939,0.382659,0.708754,0.592654,-0.006678,0.004149,-0.004299,-0.007543,0.049972,0.022683,0.195988,0.109509,0.049429,-0.0531,0.095739,0.965588,-0.241809,-0.980381,0.049421,-0.190809,-0.172293,0.255334,0.951377,-0.017223,0.005307,0.003319,-0.087671,-1.410574,-0.448414,0.174702
5210,0.143229,0.050035,0.377182,0.144791,0.918278,-0.368573,-0.984317,0.095859,-0.147997,-0.100759,0.38308,0.918218,-0.021982,0.022357,-0.001839,2.047489,-0.905464,-4.69085,0.333107,-0.107012,0.067963,0.360464,0.920024,-0.228813,0.318107,-0.098307,0.650808,0.752807,-0.38043,-0.723571,0.57583,-0.012976,0.006622,-0.00953,0.031723,0.011613,-0.007033,0.29603,0.040038,0.051979,-0.002092,-0.908489,0.176447,0.378831,0.164335,-0.682632,0.712044,0.38424,0.70914,0.591168,-0.000861,0.004916,-0.004312,0.05304,-0.010067,0.017568,0.204152,0.10911,0.049759,-0.05308,0.061212,0.95052,-0.304569,-0.982136,0.002962,-0.188144,-0.177933,0.310645,0.933722,-0.005064,0.010701,-0.001406,1.193333,-3.253817,0.6077,0.242304
5211,0.142929,0.050382,0.377277,0.129621,0.908693,-0.396887,-0.986368,0.077371,-0.145131,-0.101341,0.40916,0.906832,-0.009622,0.02521,-0.000758,-0.489874,-1.405045,-0.099513,0.328393,-0.107068,0.068033,0.360359,0.919515,-0.23083,0.318121,-0.097841,0.649217,0.75424,-0.381781,-0.724357,0.573946,-0.001513,0.008889,-0.009153,0.021868,0.005211,0.028994,0.298295,0.040006,0.052012,-0.002146,-0.908028,0.178519,0.378965,0.16395,-0.681043,0.713653,0.385493,0.710149,0.589138,0.000317,-0.001365,-0.00076,0.013511,0.0167,-0.022747,0.207581,0.108955,0.049927,-0.053035,0.043791,0.941714,-0.333551,-0.981852,-0.021097,-0.18847,-0.184522,0.335751,0.9237,-0.010803,0.008224,0.004613,0.281194,-0.967323,-0.80228,0.249816
5212,0.142227,0.051332,0.377769,0.095971,0.892693,-0.44038,-0.98903,0.03573,-0.143229,-0.112252,0.448186,0.88688,-0.019421,0.031369,0.016744,-0.277324,-1.379072,0.355742,0.31734,-0.107175,0.068067,0.360174,0.918422,-0.234774,0.318393,-0.097243,0.645917,0.757145,-0.384562,-0.726031,0.569959,-0.010653,-0.005808,-0.002354,-0.074525,0.068902,0.012152,0.300434,0.039955,0.052036,-0.00224,-0.907128,0.182306,0.379317,0.163388,-0.678054,0.716621,0.387842,0.712044,0.585295,-0.000658,0.004031,-0.004804,-0.060102,0.068611,0.077906,0.21346,0.108606,0.050385,-0.052803,0.013355,0.925068,-0.379564,-0.979993,-0.063278,-0.188702,-0.198581,0.37449,0.905716,-0.009641,0.016234,0.008666,0.597792,-0.624025,-0.621544,0.240345
5213,0.141463,0.052979,0.378656,0.090385,0.877068,-0.471835,-0.988181,0.0202,-0.151861,-0.123781,0.478894,0.869117,-0.016976,0.047228,0.024459,-0.204401,-0.994943,0.854704,0.322155,-0.107274,0.068009,0.360024,0.919635,-0.229283,0.31889,-0.101352,0.645627,0.756853,-0.380568,-0.728047,0.570068,0.000798,-0.003496,-0.001956,-1.8e-05,1.3e-05,1e-05,0.301025,0.039903,0.052003,-0.002317,-0.908078,0.176843,0.379633,0.167372,-0.677696,0.71604,0.383902,0.71376,0.585803,-0.005249,-0.003236,-0.001365,-0.002899,0.029893,-0.05462,0.216562,0.108223,0.051201,-0.052363,0.010147,0.91069,-0.412963,-0.977131,-0.078688,-0.197538,-0.212391,0.405524,0.889066,-0.008344,0.024677,0.012781,-0.275159,-1.13107,0.786666,0.238549
5214,0.140853,0.054919,0.37965,0.092942,0.866732,-0.490084,-0.986411,0.01329,-0.163671,-0.135469,0.49756,0.856802,-0.004654,0.049404,0.024706,-0.068128,-0.590957,0.673865,0.337219,-0.107397,0.067938,0.359868,0.919406,-0.229191,0.319617,-0.101837,0.645959,0.756505,-0.380994,-0.727782,0.570122,-0.010784,-0.005279,-0.002062,-0.002045,0.015205,-0.029245,0.304185,0.039846,0.051966,-0.002396,-0.907817,0.176702,0.380322,0.167844,-0.677996,0.715645,0.384313,0.71351,0.585838,-0.000618,0.00386,-0.004901,0.036021,-0.005809,0.020505,0.218685,0.107916,0.052187,-0.051858,0.014751,0.901731,-0.432044,-0.974157,-0.084437,-0.209492,-0.225386,0.42397,0.877182,-0.008012,0.026222,0.013317,-0.091284,-0.623432,0.651104,0.249816
5215,0.140595,0.055859,0.380166,0.086142,0.863617,-0.49678,-0.985621,0.001224,-0.168886,-0.145359,0.503112,0.851925,-0.016237,0.050012,0.025172,2.749151,0.467602,-3.968031,0.350083,-0.107488,0.067917,0.359789,0.919263,-0.229128,0.320076,-0.10215,0.646158,0.756293,-0.381257,-0.727625,0.570147,0.000701,-0.003078,-0.001726,-0.002301,0.01552,-0.024171,0.305126,0.0398,0.051957,-0.002434,-0.907654,0.176618,0.380748,0.168142,-0.678169,0.715411,0.384566,0.713367,0.585846,-0.000778,0.004559,-0.004508,0.036009,-0.005729,0.020552,0.219991,0.107792,0.052662,-0.051597,0.013642,0.898178,-0.439418,-0.972492,-0.090279,-0.214725,-0.232532,0.43026,0.87224,-0.008175,0.024736,0.012469,0.01945,-0.308634,0.56841,0.262226
5216,0.140314,0.057489,0.381085,0.076492,0.858029,-0.507919,-0.984179,-0.016575,-0.176319,-0.159808,0.512304,0.84382,-0.005823,0.040156,0.019642,0.250465,-0.161427,-0.042278,0.362626,-0.107729,0.067975,0.35967,0.91903,-0.229031,0.320812,-0.102603,0.64657,0.755879,-0.381697,-0.72729,0.57028,-0.011441,-0.002395,-0.000446,-0.002045,0.015205,-0.029245,0.305148,0.039681,0.051981,-0.002497,-0.907372,0.176478,0.381484,0.168612,-0.678541,0.714948,0.385026,0.713047,0.585933,-0.001034,0.005692,-0.003869,0.036062,-0.005666,0.020624,0.221298,0.107649,0.053496,-0.051128,0.000802,0.892245,-0.45155,-0.968183,-0.112304,-0.223627,-0.250241,0.437362,0.863767,0.002891,0.019875,0.009529,0.880373,-0.051605,-0.784274,0.289822
5217,0.14051,0.058861,0.381697,0.060357,0.850938,-0.52183,-0.983118,-0.03969,-0.178535,-0.172717,0.522739,0.834829,0.0159,0.029308,0.013433,2.710509,0.356821,-4.374256,0.34605,-0.108049,0.068065,0.359574,0.918738,-0.228884,0.321751,-0.103237,0.647016,0.755411,-0.382229,-0.72694,0.57037,-0.01145,-0.002341,-0.000417,-0.002045,0.015205,-0.029245,0.305189,0.03952,0.052029,-0.002543,-0.907024,0.176288,0.382398,0.169241,-0.678936,0.714424,0.385568,0.712718,0.585977,-0.001018,0.005631,-0.003902,0.036089,-0.005638,0.020672,0.221624,0.107739,0.054189,-0.050818,-0.008939,0.885151,-0.465216,-0.965105,-0.129397,-0.227656,-0.261708,0.446948,0.855421,0.002133,0.014709,0.006944,-0.277305,-0.704718,-0.064267,0.287536
5218,0.140734,0.059432,0.381878,0.055691,0.847291,-0.528244,-0.982714,-0.046942,-0.178998,-0.176538,0.528029,0.83069,0.015311,0.025528,0.011581,-0.230508,-0.759412,0.162745,0.329147,-0.108226,0.068065,0.359524,0.918612,-0.228802,0.322168,-0.103538,0.647197,0.755215,-0.38245,-0.726805,0.570394,0.000185,-0.000823,-0.000461,-0.0,0.0,0.0,0.303787,0.039427,0.05203,-0.002567,-0.906865,0.176181,0.382825,0.169561,-0.679097,0.714195,0.385803,0.712591,0.585976,-0.006615,0.003898,-0.004427,0.034064,0.009579,-0.008575,0.221461,0.107852,0.054477,-0.050726,-0.017735,0.881686,-0.471501,-0.962911,-0.142044,-0.229398,-0.269231,0.449946,0.851505,0.007526,0.011894,0.005374,-0.259962,-0.696337,-0.070762,0.273819
5219,0.141149,0.060225,0.382095,0.048564,0.84194,-0.537423,-0.98076,-0.061567,-0.185177,-0.189064,0.53503,0.823422,0.001772,0.012353,0.005762,0.179561,-0.27622,0.27364,0.276115,-0.108573,0.067986,0.359402,0.918253,-0.228569,0.323357,-0.104469,0.647573,0.754764,-0.383062,-0.726544,0.570316,-0.012638,0.005162,-0.010337,0.031851,0.025197,-0.032659,0.291126,0.039258,0.051992,-0.002623,-0.906443,0.175902,0.383951,0.170468,-0.679391,0.7137,0.386394,0.71238,0.585844,-0.005412,-0.002564,-0.000984,-0.002093,0.015127,-0.029307,0.215582,0.108066,0.054892,-0.050609,-0.024011,0.875046,-0.483442,-0.959342,-0.156201,-0.235081,-0.281221,0.458142,0.843219,0.000784,0.005494,0.002557,0.216564,-0.236195,0.310005,0.22222
5220,0.141153,0.060265,0.382104,0.070734,0.827149,-0.557554,-0.97067,-0.071591,-0.229447,-0.229799,0.556404,0.79852,-0.000918,-0.006397,-0.002983,2.564742,-1.808144,1.210501,0.108512,-0.108924,0.067857,0.35919,0.917859,-0.228345,0.32463,-0.105397,0.648072,0.754207,-0.383752,-0.72617,0.570328,-0.012162,0.003016,-0.011544,0.034158,0.009605,-0.008531,0.257208,0.039082,0.051928,-0.002728,-0.905963,0.175625,0.385208,0.171401,-0.679825,0.713062,0.387106,0.712034,0.585795,-0.004918,-0.004787,-0.002234,-0.004408,0.030727,-0.053428,0.189129,0.10807,0.054925,-0.050599,-0.000589,0.865178,-0.501464,-0.947512,-0.160811,-0.276334,-0.319718,0.47498,0.819861,-0.000703,-0.008888,0.002693,5.16754,-0.469793,-3.050038,0.089464
5221,0.140975,0.060018,0.382055,0.089451,0.81579,-0.571428,-0.961326,-0.079246,-0.263712,-0.260537,0.571905,0.777864,-0.013766,-0.023219,0.00315,2.282117,-1.966674,1.729464,0.008853,-0.109086,0.067756,0.35902,0.917529,-0.228188,0.325672,-0.106155,0.64845,0.753775,-0.384333,-0.725881,0.570305,-0.009439,-0.011439,-0.005538,-0.004345,0.030775,-0.053384,0.232319,0.038999,0.051886,-0.002814,-0.905582,0.17544,0.386187,0.172106,-0.680166,0.712567,0.387685,0.711754,0.585752,-0.005691,-0.000239,-0.006749,0.031815,0.025111,-0.032703,0.163983,0.107985,0.054803,-0.050628,0.019088,0.856611,-0.515608,-0.935512,-0.166659,-0.311512,-0.352776,0.488305,0.798189,-0.006705,-0.006326,-0.002747,0.747549,-0.884486,0.99595,-0.042475
5222,0.13993,0.058958,0.381959,0.093589,0.8051,-0.585747,-0.944478,-0.114246,-0.308026,-0.315036,0.581053,0.750438,-0.038677,-0.033704,-0.001012,3.231075,1.215256,-3.303329,-0.111339,-0.109353,0.067482,0.358498,0.914317,-0.223221,0.337919,-0.115886,0.655047,0.746604,-0.389154,-0.721498,0.572593,0.003385,-0.015299,-0.008655,0.01154,0.170173,-0.255149,0.207396,0.038864,0.051756,-0.003066,-0.901871,0.169934,0.397179,0.181014,-0.686137,0.704591,0.392254,0.707345,0.588046,0.000744,-0.002265,-0.008362,0.012915,1.701509,-2.216756,0.115159,0.107457,0.054259,-0.050677,0.02835,0.846776,-0.531191,-0.912667,-0.194824,-0.35928,-0.407719,0.494987,0.767302,-0.019462,-0.017695,-0.000844,3.226901,1.21802,-3.300753,-0.233361
5223,0.137956,0.057494,0.381988,0.093224,0.80051,-0.592063,-0.939929,-0.125298,-0.317499,-0.32847,0.585101,0.74148,-0.062854,-0.04456,0.008216,-0.384362,-0.815251,0.35967,-0.114721,-0.109484,0.067002,0.357851,0.910513,-0.218284,0.351153,-0.126165,0.66186,0.73889,-0.394841,-0.716785,0.574617,0.003061,-0.011723,-0.020892,0.046129,0.04227,-0.079137,0.219841,0.038795,0.051511,-0.003397,-0.896759,0.164331,0.410873,0.191871,-0.692279,0.695653,0.398757,0.702669,0.589278,0.001617,-0.006205,-0.010637,0.010542,0.047141,-0.059013,0.109117,0.106468,0.053512,-0.050671,0.027376,0.84377,-0.536005,-0.905882,-0.205767,-0.370183,-0.422642,0.495692,0.758723,-0.031462,-0.022546,0.004003,-0.394677,-0.783137,0.371311,-0.279736
5224,0.135335,0.0558,0.38217,0.095898,0.799131,-0.593497,-0.936451,-0.129618,-0.325931,-0.337517,0.586044,0.736656,-0.064287,-0.049572,0.005671,-0.059829,-0.245606,0.434395,-0.081711,-0.109451,0.066114,0.357099,0.907301,-0.215604,0.360987,-0.13359,0.665992,0.733854,-0.39977,-0.713767,0.574964,-0.005006,-0.032002,-0.017491,0.018162,0.041798,-0.11734,0.234567,0.038813,0.051078,-0.003766,-0.892957,0.16136,0.420226,0.19902,-0.69582,0.69009,0.403755,0.699854,0.589223,0.002359,-0.009588,-0.012654,0.046582,-0.08395,0.110576,0.128385,0.105182,0.052685,-0.050581,0.02975,0.841636,-0.539223,-0.901895,-0.20997,-0.377487,-0.430928,0.497554,0.752821,-0.038002,-0.024701,0.003114,-0.062084,-0.212631,0.384785,-0.275164
5225,0.133807,0.054724,0.382279,0.09067,0.798519,-0.59514,-0.93222,-0.142106,-0.332782,-0.350427,0.583983,0.732252,-0.077154,-0.053512,0.004053,-0.044683,-0.025491,0.034042,-0.051606,-0.109378,0.065551,0.356682,0.904752,-0.212962,0.368865,-0.139743,0.669432,0.729566,-0.403431,-0.711343,0.575412,0.006809,-0.030933,-0.017923,0.232451,1.586449,-2.375475,0.232133,0.038844,0.050804,-0.00397,-0.890819,0.159909,0.425286,0.20295,-0.69741,0.687334,0.40651,0.698603,0.588814,-0.003255,-0.011519,-0.013352,0.494656,-0.246118,-0.303271,0.132304,0.104452,0.052174,-0.050525,0.024913,0.840568,-0.541132,-0.895972,-0.221319,-0.385035,-0.443411,0.494432,0.747611,-0.038579,-0.02689,0.002004,0.228662,-0.190287,0.210092,-0.2621
5226,0.130651,0.052213,0.382501,0.083796,0.796145,-0.599314,-0.921821,-0.166408,-0.350038,-0.378524,0.580802,0.720705,-0.079889,-0.063247,-0.00106,-0.007337,-0.135543,0.214149,-0.005791,-0.109175,0.064504,0.355848,0.901137,-0.206019,0.381445,-0.149753,0.677547,0.720026,-0.407911,-0.705694,0.579196,0.006848,-0.031094,-0.018233,0.192835,-0.193805,-0.018121,0.213227,0.038949,0.050262,-0.004398,-0.88513,0.151345,0.440043,0.214855,-0.70589,0.674948,0.412773,0.691963,0.592288,0.002479,-0.010128,-0.013132,0.277727,-0.233001,-0.024023,0.121527,0.102881,0.050932,-0.050413,0.018509,0.837734,-0.545764,-0.882219,-0.243172,-0.403183,-0.470475,0.488946,0.734563,-0.039966,-0.031915,-0.000623,0.644014,-0.509779,0.554357,-0.219645
5227,0.12734,0.049425,0.382604,0.086648,0.793737,-0.602096,-0.908066,-0.185587,-0.375426,-0.409847,0.578286,0.705434,-0.093861,-0.067174,-0.003136,0.589499,-0.442284,0.473271,-0.076536,-0.108928,0.063462,0.355005,0.895499,-0.194649,0.400231,-0.164659,0.690344,0.704447,-0.414535,-0.696477,0.585614,0.006898,-0.031284,-0.018566,0.123448,-0.131246,0.010605,0.192537,0.039073,0.04974,-0.00482,-0.878121,0.138703,0.457889,0.2294,-0.717802,0.657369,0.419854,0.68229,0.598499,0.003506,-0.015844,-0.009403,0.055643,0.014801,-0.174319,0.096544,0.101161,0.049482,-0.050361,0.021855,0.835886,-0.548465,-0.865414,-0.258864,-0.429005,-0.500579,0.484026,0.717731,-0.046991,-0.033953,-0.001703,0.641515,-0.481247,0.494466,-0.235811
5228,0.125465,0.048011,0.38267,0.075793,0.793829,-0.603437,-0.900755,-0.20498,-0.382878,-0.427735,0.571581,0.700261,-0.106605,-0.074368,0.007444,0.045412,-0.029943,0.036266,-0.120558,-0.108797,0.06288,0.354605,0.892182,-0.187997,0.410682,-0.172824,0.697746,0.695137,-0.418349,-0.690917,0.589475,0.007113,-0.03224,-0.01925,0.302803,-0.324253,0.043726,0.174753,0.039138,0.049451,-0.005019,-0.873789,0.132336,0.467951,0.237353,-0.723808,0.647892,0.424446,0.677191,0.601045,0.003622,-0.016363,-0.009768,0.380622,-0.146314,-0.32546,0.080378,0.100262,0.048795,-0.050335,0.011205,0.834812,-0.55042,-0.855627,-0.276857,-0.437323,-0.517471,0.475855,0.711186,-0.047193,-0.033124,-0.001416,0.434414,0.003101,-0.112228,-0.260631
5229,0.121522,0.045319,0.38294,0.066938,0.793166,-0.605352,-0.890053,-0.226654,-0.395481,-0.450979,0.564282,0.691542,-0.094357,-0.05858,0.000525,-0.049157,-0.092202,0.165845,-0.185359,-0.108516,0.061654,0.353845,0.886882,-0.17749,0.426531,-0.184704,0.709813,0.679694,-0.424502,-0.681357,0.596166,0.00715,-0.032369,-0.019564,0.290801,-0.245848,-0.096167,0.14045,0.039282,0.048825,-0.005406,-0.867356,0.121092,0.482732,0.24868,-0.734735,0.631126,0.431105,0.667457,0.607164,0.003578,-0.016153,-0.009767,0.304179,-0.268345,-0.08703,0.035636,0.098283,0.047431,-0.050204,0.002394,0.833297,-0.552819,-0.842032,-0.296524,-0.450615,-0.539421,0.46657,0.700953,-0.05336,-0.033536,0.005437,-0.052898,-0.095293,0.165956,-0.31615
5230,0.117648,0.043051,0.383165,0.04825,0.790878,-0.610105,-0.883913,-0.250579,-0.394816,-0.465199,0.557346,0.687737,-0.094316,-0.052265,0.003445,0.825146,0.235463,-1.39116,-0.213526,-0.108388,0.060468,0.353059,0.881382,-0.167181,0.441822,-0.195715,0.721795,0.663808,-0.43098,-0.67132,0.602867,-0.004774,-0.034053,-0.019787,0.568127,0.030311,-0.678112,0.096967,0.039347,0.048244,-0.005793,-0.860724,0.11163,0.496681,0.258811,-0.744207,0.615768,0.438372,0.658553,0.611666,0.002543,-0.010381,-0.01368,0.176725,1.618791,-1.835354,-0.009269,0.096346,0.046292,-0.050094,-0.014419,0.830637,-0.556626,-0.833674,-0.317346,-0.451971,-0.552067,0.457528,0.697056,-0.047013,-0.025404,0.002199,3.174906,1.687279,-4.045818,-0.348808
5231,0.113888,0.04152,0.383356,0.020368,0.785002,-0.619195,-0.878746,-0.281266,-0.385573,-0.476868,0.550992,0.684859,-0.091589,-0.028121,0.001606,-0.174204,-0.328139,-0.564756,-0.212299,-0.108363,0.059337,0.352195,0.876922,-0.153045,0.455605,-0.205852,0.736796,0.643965,-0.435336,-0.658292,0.614,-0.004726,-0.034558,-0.020327,0.736876,-0.363902,-0.539849,0.033496,0.039358,0.047667,-0.006231,-0.854657,0.096958,0.510058,0.268721,-0.757977,0.594356,0.44424,0.645034,0.621756,-0.00236,-0.017253,-0.010147,0.70761,-0.347881,-0.533002,-0.083892,0.094462,0.045508,-0.050003,-0.042331,0.821982,-0.567936,-0.824946,-0.349433,-0.444252,-0.563623,0.449712,0.692883,-0.045686,-0.013604,0.001105,-0.181094,-0.44419,-0.39484,-0.360075
5232,0.112184,0.041061,0.383435,0.007318,0.779815,-0.626004,-0.876805,-0.295922,-0.378965,-0.480788,0.550686,0.682359,-0.078214,-0.022587,0.004197,-0.168108,-0.438312,-0.325084,-0.206393,-0.108368,0.058746,0.351752,0.873981,-0.146739,0.463266,-0.211368,0.743427,0.634487,-0.438598,-0.652257,0.618108,-0.004675,-0.034945,-0.020688,0.402077,-0.265936,-0.204634,0.002325,0.039355,0.047371,-0.006453,-0.85129,0.089046,0.517084,0.273994,-0.765011,0.582824,0.447473,0.63783,0.626848,-0.002307,-0.017563,-0.0104,0.418636,-0.287042,-0.202167,-0.125858,0.093604,0.045272,-0.049966,-0.054614,0.815359,-0.576372,-0.82171,-0.364644,-0.437979,-0.567281,0.449692,0.689903,-0.039047,-0.011049,0.002285,-0.218793,-0.539981,-0.628933,-0.359258
5233,0.109399,0.040857,0.383494,0.002096,0.76694,-0.641751,-0.879433,-0.304006,-0.366265,-0.47601,0.56419,0.674634,-0.061971,0.001857,0.002514,-0.110327,-0.394959,-0.205137,-0.20483,-0.108364,0.057196,0.350876,0.867675,-0.129015,0.480091,-0.224901,0.759191,0.610723,-0.444353,-0.637712,0.629076,-0.001391,-0.052512,-0.01717,0.430352,0.268539,-0.798267,-0.07934,0.039357,0.046622,-0.00688,-0.843863,0.071019,0.531836,0.286205,-0.778835,0.558123,0.45385,0.623195,0.636904,-0.001631,-0.020872,-0.012623,0.715708,1.615988,-2.391491,-0.208647,0.092204,0.045157,-0.049938,-0.057608,0.802442,-0.593942,-0.824108,-0.374021,-0.425386,-0.563494,0.464967,0.682845,-0.03075,0.001914,0.001838,-0.139235,-0.384456,-0.424153,-0.356809
5234,0.107046,0.041441,0.383753,-0.000297,0.755585,-0.655086,-0.8814,-0.309575,-0.356749,-0.47236,0.576346,0.66688,-0.058192,0.017075,0.01077,-0.062573,-0.144812,-0.231746,-0.186176,-0.108513,0.05518,0.350004,0.866224,-0.104876,0.488516,-0.235255,0.776767,0.584141,-0.441805,-0.620784,0.647533,-0.000529,-0.057135,-0.020507,0.507905,-0.293298,-0.479769,-0.159852,0.039281,0.045595,-0.007323,-0.84072,0.046098,0.539503,0.296106,-0.795046,0.529361,0.453332,0.604795,0.654761,-0.000212,-0.028768,-0.010378,0.500421,-0.293483,-0.477183,-0.292741,0.091005,0.045451,-0.049806,-0.057911,0.79144,-0.608496,-0.825987,-0.380321,-0.416054,-0.560706,0.478516,0.675744,-0.028925,0.009258,0.005815,-0.054177,-0.090074,-0.189463,-0.352073
5235,0.106037,0.041785,0.383978,0.008684,0.751697,-0.659485,-0.885719,-0.300267,-0.353996,-0.464139,0.586257,0.664006,-0.046366,0.006971,0.019547,-1.151311,-0.704297,1.121172,-0.169654,-0.108665,0.054017,0.349618,0.867609,-0.08801,0.489386,-0.239597,0.788233,0.566759,-0.436711,-0.608865,0.662141,-0.000569,-0.057387,-0.020884,0.804011,-0.507639,-0.647024,-0.223088,0.039206,0.045011,-0.007518,-0.841351,0.029723,0.53967,0.299824,-0.805105,0.51177,0.449703,0.592385,0.668465,-0.000254,-0.028817,-0.010517,0.891961,-0.560685,-0.684716,-0.337973,0.09052,0.045627,-0.049697,-0.04965,0.788682,-0.612791,-0.830762,-0.373187,-0.412994,-0.554408,0.488579,0.673736,-0.022719,0.009027,0.00556,-3.656839,-1.947378,3.580786,-0.342439
5236,0.104568,0.04232,0.384429,0.023379,0.74635,-0.665177,-0.895779,-0.279715,-0.345414,-0.443897,0.602999,0.662854,-0.034692,0.003559,0.017377,-0.068125,-0.039599,-0.160317,-0.16793,-0.109239,0.051521,0.349001,0.872091,-0.048815,0.486893,-0.248022,0.813454,0.526034,-0.42283,-0.579444,0.696651,-0.0139,-0.055036,-0.018588,1.129922,-0.752861,-0.839154,-0.382868,0.038927,0.043773,-0.007826,-0.844426,-0.008319,0.535607,0.306675,-0.82731,0.470647,0.439198,0.561684,0.701153,-0.012033,-0.034216,-0.005504,0.773269,-0.605296,-0.542276,-0.471218,0.089785,0.045912,-0.049462,-0.032728,0.785831,-0.617573,-0.844141,-0.352564,-0.403885,-0.53512,0.508101,0.674892,-0.016705,0.007908,0.004752,-0.025986,-0.165234,0.061542,-0.330682
5237,0.103511,0.042799,0.384783,0.022539,0.744431,-0.667353,-0.904661,-0.268871,-0.330558,-0.425546,0.610253,0.668228,-0.033475,0.015237,0.009115,-0.042613,-0.109223,-0.137976,-0.171954,-0.110115,0.048943,0.348767,0.880107,-0.024484,0.474134,-0.234256,0.846073,0.478768,-0.413971,-0.532403,0.738267,-0.026454,-0.059163,-0.005131,1.41405,-1.072359,-0.855384,-0.582615,0.038505,0.042502,-0.007956,-0.851911,-0.030845,0.522776,0.291455,-0.857301,0.424368,0.435087,0.51389,0.739334,-0.013273,-0.029367,-0.002417,1.420288,-0.967328,-0.730265,-0.647898,0.08926,0.046143,-0.049284,-0.033349,0.78427,-0.619522,-0.854764,-0.343615,-0.38898,-0.517942,0.516574,0.681825,-0.01683,0.0073,0.004405,-0.056724,-0.193976,-0.179451,-0.331662
5238,0.103056,0.043196,0.385033,0.02181,0.740196,-0.672071,-0.910893,-0.262287,-0.318513,-0.412072,0.618211,0.669357,-0.009837,0.010008,0.00568,-0.027006,-0.204489,0.111507,-0.170341,-0.111276,0.046731,0.348892,0.894676,-0.015617,0.446433,-0.206201,0.871941,0.443998,-0.397314,-0.48927,0.776286,-0.041707,-0.048451,0.003128,0.942659,-0.772932,-0.566352,-0.814694,0.037922,0.041358,-0.007901,-0.86814,-0.041519,0.494578,0.262728,-0.88387,0.386971,0.421076,0.465885,0.778232,-0.013791,-0.028726,0.005659,0.962008,-0.961104,-0.441875,-0.860176,0.08902,0.046351,-0.049154,-0.033589,0.779884,-0.625021,-0.862198,-0.338888,-0.376521,-0.505455,0.526245,0.683797,0.000973,0.003687,0.001993,-0.022816,-0.099052,-0.041337,-0.330846
5239,0.103112,0.043352,0.385083,0.020498,0.735126,-0.677653,-0.913536,-0.261564,-0.311459,-0.406245,0.624531,0.667047,0.001653,0.006246,0.003349,-0.681925,-0.031465,-0.422749,-0.17141,-0.112003,0.045803,0.349084,0.903199,-0.012446,0.429032,-0.192005,0.882106,0.430067,-0.384932,-0.470797,0.793751,-0.043215,-0.04174,0.007623,0.705194,-0.66135,-0.251468,-0.923454,0.03756,0.04089,-0.007807,-0.877585,-0.045206,0.477284,0.248448,-0.894316,0.372118,0.410021,0.445145,0.79607,-0.020806,-0.025833,0.008203,0.793572,-0.715976,-0.318638,-0.90655,0.089045,0.046433,-0.049126,-0.033547,0.775492,-0.630463,-0.864763,-0.338776,-0.370693,-0.501056,0.532767,0.681982,0.006891,0.002473,0.001179,-2.093816,0.737607,-1.421036,-0.331009
5240,0.103371,0.043597,0.385122,0.027952,0.725206,-0.687997,-0.917234,-0.254923,-0.306053,-0.397381,0.638707,0.658915,0.013153,0.002588,0.001075,-0.048852,-0.327357,0.120631,-0.178742,-0.113865,0.044358,0.349577,0.912845,0.001796,0.408292,-0.182211,0.896517,0.40372,-0.366456,-0.442934,0.818158,-0.057463,-0.035107,0.013278,0.59314,-0.578857,-0.198543,-1.120523,0.036633,0.040172,-0.007559,-0.887606,-0.058273,0.4569,0.237991,-0.907311,0.34662,0.394352,0.4164,0.819204,-0.023573,-0.010553,0.003048,0.843154,-0.839544,-0.066662,-0.888915,0.08917,0.046556,-0.049106,-0.025212,0.766665,-0.641551,-0.869787,-0.333169,-0.363962,-0.492782,0.548837,0.675235,0.000495,0.001882,0.001007,-0.057834,-0.208426,-0.105389,-0.333458
5241,0.103795,0.043716,0.385033,0.040818,0.710271,-0.702776,-0.921986,-0.24422,-0.300449,-0.385091,0.659331,0.645767,0.012308,-0.000582,-0.000622,-0.071374,-0.403274,0.047216,-0.186514,-0.116122,0.043107,0.350118,0.915051,-0.008608,0.403235,-0.15955,0.910342,0.381779,-0.371512,-0.413676,0.831092,-0.070349,-0.035156,0.014428,2.716809,2.464974,4.130021,-1.234068,0.035481,0.039544,-0.007277,-0.89074,-0.050187,0.451732,0.216247,-0.920981,0.324082,0.399773,0.386359,0.831208,-0.035299,-0.017387,0.00742,2.63956,2.579535,4.130654,-0.939535,0.089382,0.046618,-0.049149,-0.010156,0.754155,-0.656617,-0.875929,-0.32345,-0.357949,-0.482332,0.571515,0.663871,0.006174,-0.000219,-0.000279,-0.084182,-0.329019,-0.133475,-0.339663
5242,0.103987,0.043743,0.385021,0.042426,0.701899,-0.711044,-0.923081,-0.244682,-0.296688,-0.382286,0.668065,0.638414,0.012655,0.000754,9.1e-05,-0.063053,-0.390896,0.086471,-0.186568,-0.117378,0.042403,0.350412,0.915238,-0.015309,0.402613,-0.145438,0.919202,0.365854,-0.376828,-0.393383,0.838519,-0.057851,-0.034503,0.013683,2.888834,1.772754,4.125914,-1.250362,0.0349,0.039224,-0.007136,-0.890962,-0.045241,0.451817,0.204952,-0.927968,0.311236,0.405191,0.3699,0.836057,-0.029082,-0.016503,0.007367,1.675573,1.500866,-1.688109,-0.941984,0.089477,0.04663,-0.049161,-0.007304,0.746484,-0.665362,-0.87711,-0.324328,-0.354242,-0.480232,0.581009,0.657118,0.0062,-0.000111,-0.000221,-0.084391,-0.441091,0.033087,-0.341296
5243,0.104213,0.043754,0.385087,0.045125,0.687031,-0.725257,-0.925056,-0.245272,-0.289974,-0.377171,0.683135,0.625377,0.000807,0.00309,0.00165,-0.083585,-0.443573,-0.011797,-0.183234,-0.119765,0.040699,0.351144,0.917438,-0.011267,0.39771,-0.131971,0.934256,0.331185,-0.376441,-0.356319,0.855098,-0.056126,-0.047057,0.020767,1.013818,-0.749522,-0.566514,-1.252227,0.033679,0.038366,-0.006765,-0.89299,-0.043355,0.447983,0.184727,-0.942954,0.27697,0.41042,0.330086,0.850057,-0.034199,-0.024915,0.01007,0.725804,-0.372037,-0.533127,-0.940678,0.089594,0.046632,-0.049125,-0.002156,0.733153,-0.68006,-0.879283,-0.3253,-0.347908,-0.476294,0.597215,0.64535,0.000419,0.001609,0.000855,-0.08154,-0.429728,-0.00248,-0.341133
5244,0.104182,0.043837,0.385307,0.046916,0.671963,-0.739128,-0.927123,-0.246055,-0.282616,-0.371841,0.697686,0.612368,-0.0112,-0.002432,0.01349,-0.096354,-0.213044,-0.176789,-0.175046,-0.12213,0.038644,0.352213,0.924724,-0.000261,0.380627,-0.11981,0.948841,0.292029,-0.362388,-0.315656,0.876869,-0.055421,-0.054304,0.031488,1.048805,-0.830583,-0.669546,-1.252309,0.032518,0.037356,-0.006251,-0.900793,-0.053428,0.430947,0.170644,-0.956119,0.238151,0.399313,0.288064,0.870383,-0.027744,-0.027079,0.015825,0.964254,-0.664861,-0.777135,-0.937576,0.089582,0.046669,-0.049023,0.001733,0.719166,-0.694835,-0.881554,-0.32692,-0.340566,-0.472079,0.613125,0.633417,0.00086,0.003305,0.00176,-0.079084,-0.322357,-0.135367,-0.337541
5245,0.103954,0.044044,0.385696,0.047566,0.661126,-0.748796,-0.928729,-0.246607,-0.276802,-0.367727,0.707773,0.60321,-0.010066,0.001856,0.015759,-0.118054,-0.320868,-0.201488,-0.175075,-0.124102,0.036399,0.353764,0.932188,0.002672,0.361952,-0.101051,0.962018,0.253466,-0.348695,-0.272865,0.89656,-0.05502,-0.059625,0.0436,0.830014,-0.716542,-0.566813,-1.248685,0.031527,0.036237,-0.00549,-0.9093,-0.056312,0.412312,0.150286,-0.96837,0.199179,0.388054,0.243079,0.889002,-0.021328,-0.028716,0.021984,0.69942,-0.731574,-0.29315,-0.93382,0.089468,0.046771,-0.048829,0.004221,0.710019,-0.704169,-0.88323,-0.327557,-0.335574,-0.46892,0.62336,0.625727,-0.004539,0.00643,0.003576,-0.110169,-0.488267,-0.278469,-0.334601
5246,0.103751,0.04416,0.385982,0.045312,0.65959,-0.750289,-0.929985,-0.246339,-0.272796,-0.364824,0.709298,0.603181,-0.009491,0.004009,0.016889,-0.041063,-0.006057,-0.033436,-0.172577,-0.124989,0.035188,0.354719,0.935017,0.004304,0.354563,-0.093818,0.967182,0.235988,-0.343083,-0.253932,0.904254,-0.041486,-0.066223,0.053693,2.565858,0.619659,4.716608,-1.24488,0.031084,0.035629,-0.005014,-0.912331,-0.064027,0.404414,0.148267,-0.972327,0.180541,0.381664,0.224674,0.896578,-0.020749,-0.033294,0.02675,0.806334,-0.733503,-0.601576,-0.926798,0.089369,0.046826,-0.048694,0.002213,0.707367,-0.706842,-0.884819,-0.327954,-0.330968,-0.465928,0.62616,0.625166,-0.00483,0.001713,0.008296,-0.031537,0.046955,0.004203,-0.334275
5247,0.103315,0.044285,0.386756,0.035896,0.657823,-0.752347,-0.934184,-0.245253,-0.259081,-0.354998,0.711314,0.606661,-0.008701,0.006922,0.018396,-0.036572,-0.003917,0.000359,-0.131713,-0.1266,0.032824,0.356833,0.939488,0.010481,0.342408,-0.087828,0.973385,0.21152,-0.332255,-0.228817,0.914938,-0.030045,-0.058871,0.057681,0.257561,-0.364826,-0.078256,-1.238249,0.030254,0.034422,-0.003942,-0.917785,-0.065454,0.391645,0.135852,-0.978558,0.154814,0.373115,0.195292,0.906998,-0.021405,-0.02978,0.029206,0.346118,-0.201119,-0.189632,-0.923533,0.089148,0.04689,-0.0483,-0.006901,0.704994,-0.709179,-0.889669,-0.328122,-0.317527,-0.456552,0.628744,0.629476,-0.004879,-0.002095,0.013491,-0.055856,-0.03965,0.158091,-0.319252
5248,0.103073,0.044164,0.387804,0.030407,0.659847,-0.750814,-0.937251,-0.242123,-0.250816,-0.347336,0.710508,0.612015,0.002742,-0.004008,0.02671,-0.068016,0.008168,0.018728,-0.102768,-0.127975,0.030701,0.359113,0.942596,0.022407,0.333168,-0.091834,0.976564,0.194483,-0.322184,-0.213954,0.922109,-0.032138,-0.045056,0.051451,0.128732,-0.246825,-0.139237,-1.22304,0.029566,0.03336,-0.002796,-0.920925,-0.07683,0.382089,0.139015,-0.980645,0.137872,0.364102,0.180086,0.913782,-0.015432,-0.027423,0.0303,0.109175,-0.270697,-0.145875,-0.912592,0.089023,0.046834,-0.047778,-0.012619,0.70655,-0.707549,-0.893344,-0.325844,-0.309451,-0.449194,0.62818,0.635305,0.001303,-0.002203,0.013256,-0.063406,0.006977,0.021131,-0.291003
5249,0.103063,0.044034,0.388353,0.028525,0.660637,-0.750194,-0.938457,-0.240665,-0.247689,-0.344222,0.710269,0.614049,0.002397,-0.005311,0.02602,-0.068686,0.021729,-0.006694,-0.097548,-0.128573,0.029874,0.36009,0.943303,0.026556,0.330857,-0.09363,0.977501,0.188836,-0.319581,-0.209152,0.924114,-0.033641,-0.034511,0.042888,0.086489,-0.197686,-0.079553,-1.213026,0.029255,0.032933,-0.002286,-0.921616,-0.080951,0.379566,0.140617,-0.981202,0.132164,0.361732,0.175178,0.915675,-0.016868,-0.017194,0.021508,0.031742,-0.166718,-0.05874,-0.906714,0.089019,0.046774,-0.047501,-0.014594,0.707094,-0.706968,-0.894825,-0.324735,-0.306321,-0.446176,0.628143,0.637465,0.001329,-0.002106,0.0133,-0.06364,0.006285,0.020896,-0.283002
