frame,MLTx,MLTy,MLTz,MLTR1,MLTR2,MLTR3,MLTR4,MLTR5,MLTR6,MLTR7,MLTR8,MLTR9,MLTTVx,MLTTVy,MLTTVz,MLTRVx,MLTRVy,MLTRVz,MLGA,MRTx,MRTy,MRTz,MRTR1,MRTR2,MRTR3,MRTR4,MRTR5,MRTR6,MRTR7,MRTR8,MRTR9,MRTTVx,MRTTVy,MRTTVz,MRTRVx,MRTRVy,MRTRVz,MRGA,SLTx,SLTy,SLTz,SLTR1,SLTR2,SLTR3,SLTR4,SLTR5,SLTR6,SLTR7,SLTR8,SLTR9,SLTTVx,SLTTVy,SLTTVz,SLTRVx,SLTRVy,SLTRVz,SLGA,SRTx,SRTy,SRTz,SRTR1,SRTR2,SRTR3,SRTR4,SRTR5,SRTR6,SRTR7,SRTR8,SRTR9,SRTTVx,SRTTVy,SRTTVz,SRTRVx,SRTRVy,SRTRVz,SRGA
747,0.089135,-0.000951,0.316723,-0.390804,-0.297314,-0.871161,0.040169,-0.951013,0.306485,-0.919125,0.085145,0.384691,-0.012216,0.008803,0.008221,0.026866,0.083005,0.013696,-1.166629,-0.206951,-0.000176,0.314004,-0.447038,0.865408,-0.226312,-0.37038,0.051338,0.927425,0.814766,0.497303,0.29784,2.5e-05,0.00021,0.000205,0.0,-0.0,0.0,-1.404169,0.02556,0.044814,-0.016288,0.444727,-0.876332,-0.18509,0.43882,0.033036,0.897967,-0.780803,-0.480571,0.399244,1.8e-05,0.000148,0.000146,-2e-06,1.9e-05,-4.7e-05,-1.054818,0.042684,0.039927,-0.059895,0.472867,0.32392,-0.819433,-0.228167,0.94327,0.241206,0.851079,0.072909,0.519949,0.001197,0.003747,0.00392,0.016156,0.03946,0.06172,-0.807001
748,0.089292,-0.000731,0.317016,-0.396674,-0.286402,-0.872164,0.022877,-0.952879,0.302442,-0.917196,0.100368,0.385623,0.016551,0.004783,0.005954,-0.002331,0.080923,-0.110408,-1.685699,-0.206951,-0.000176,0.314004,-0.447018,0.865456,-0.226172,-0.370317,0.051234,0.927456,0.814806,0.497232,0.297851,-1.5e-05,-0.000124,-0.000122,0.0,0.0,0.0,-1.403886,0.025561,0.044815,-0.016287,0.444718,-0.876367,-0.184945,0.438758,0.033141,0.897993,-0.780843,-0.4805,0.399252,-9e-06,-8.1e-05,-8e-05,2.7e-05,8e-06,1e-06,-1.054492,0.042751,0.040039,-0.059747,0.480268,0.313947,-0.819011,-0.210729,0.947699,0.239705,0.851431,0.057466,0.521307,0.001192,0.003735,0.003895,-0.020337,-0.025593,0.022235,-1.005726
749,0.089401,-0.000589,0.317139,-0.399712,-0.281176,-0.872477,0.011415,-0.953251,0.301917,-0.916087,0.111064,0.385326,0.016401,0.004345,0.005486,-0.432777,0.120021,0.245548,-1.887684,-0.206951,-0.000176,0.314004,-0.446997,0.865502,-0.226032,-0.370255,0.05113,0.927486,0.814845,0.497161,0.297862,-0.0,-2e-06,-2e-06,0.0,0.0,0.0,-1.403878,0.025561,0.044814,-0.016287,0.444709,-0.876403,-0.1848,0.438696,0.033247,0.89802,-0.780883,-0.480429,0.39926,0.0,1e-06,1e-06,-0.010855,0.108985,-0.165972,-1.054328,0.042806,0.040111,-0.059684,0.4838,0.309626,-0.818576,-0.2,0.94969,0.241014,0.852019,0.047112,0.521386,0.001081,0.003411,0.003542,-1.472509,0.4972,0.64798,-0.976823
750,0.089543,-0.000289,0.31738,-0.40242,-0.275559,-0.873024,-0.000145,-0.953609,0.301001,-0.91497,0.121592,0.384802,0.002238,0.007022,0.007285,0.00015,-0.015472,0.024321,-1.918196,-0.206952,-0.000189,0.313992,-0.446971,0.865563,-0.225852,-0.370175,0.050996,0.927526,0.814896,0.497069,0.297876,-1e-05,-8.1e-05,-8e-05,0.0,0.0,0.0,-1.403595,0.02556,0.044808,-0.016294,0.444697,-0.876448,-0.184614,0.438617,0.033382,0.898054,-0.780935,-0.480336,0.39927,-4e-06,-3.9e-05,-3.9e-05,6e-06,1e-06,1.1e-05,-1.054165,0.042884,0.040263,-0.059561,0.487508,0.304249,-0.818393,-0.188097,0.95191,0.241839,0.852616,0.036039,0.521292,0.001118,0.003513,0.003647,0.001932,-0.016322,0.025204,-0.97715
751,0.089596,5.6e-05,0.317646,-0.411303,-0.26026,-0.873579,-0.034276,-0.953282,0.300083,-0.910359,0.153686,0.384258,0.002237,0.007024,0.007265,-0.130175,0.029292,0.081644,-1.920344,-0.206968,-0.000232,0.31395,-0.446887,0.865759,-0.225267,-0.369913,0.050562,0.927654,0.815061,0.496773,0.297919,-0.000196,-0.001672,-0.00164,0.0,0.0,0.0,-1.402912,0.025552,0.044788,-0.016313,0.44466,-0.876594,-0.18401,0.438358,0.033823,0.898164,-0.781101,-0.48004,0.399302,-0.000107,-0.000914,-0.000896,-2.7e-05,3e-06,-2.6e-05,-1.054165,0.04291,0.040434,-0.05943,0.498521,0.29056,-0.816731,-0.154663,0.956849,0.246004,0.852968,0.00368,0.521949,0.001082,0.003395,0.003517,-0.438428,0.13648,0.21429,-0.97715
752,0.089659,0.000334,0.317816,-0.414787,-0.251704,-0.874438,-0.057188,-0.951874,0.30106,-0.907621,0.17519,0.381522,0.001521,0.00478,0.004933,-0.003666,-0.022047,0.020376,-1.92092,-0.206988,-0.00033,0.313883,-0.446654,0.866287,-0.223692,-0.369169,0.04942,0.928012,0.815526,0.495967,0.29799,-0.000236,-0.002016,-0.001979,0.0,0.0,0.0,-1.402302,0.025542,0.044739,-0.016347,0.444554,-0.876988,-0.182383,0.437621,0.034982,0.898479,-0.781575,-0.479237,0.39934,-0.000145,-0.001257,-0.001234,-2.4e-05,1e-06,-9e-06,-1.054165,0.042942,0.040578,-0.05934,0.503189,0.282625,-0.816653,-0.132016,0.959056,0.250564,0.854032,-0.01827,0.519897,0.000725,0.002276,0.002355,0.012514,-0.002845,0.033009,-0.97715
753,0.089678,0.000473,0.317855,-0.417802,-0.251073,-0.873184,-0.062148,-0.950916,0.3031,-0.905908,0.181208,0.382781,0.001168,0.00367,0.003785,-3.5e-05,-8.6e-05,-5.5e-05,-1.921521,-0.207025,-0.000405,0.313854,-0.446511,0.866612,-0.222715,-0.36867,0.048734,0.928247,0.81583,0.495467,0.297989,-0.000312,-0.002655,-0.002608,0.0,0.0,0.0,-1.392786,0.025524,0.044701,-0.016361,0.444489,-0.877229,-0.181374,0.437127,0.035679,0.898691,-0.781887,-0.478743,0.39932,-0.000163,-0.0014,-0.001374,-4.1e-05,-2e-06,-9e-06,-1.054165,0.042951,0.040641,-0.05932,0.506204,0.282471,-0.814842,-0.127408,0.958965,0.253283,0.85295,-0.024396,0.52142,0.000566,0.001782,0.001841,0.005092,0.000898,0.004385,-0.978456
754,0.089732,0.000741,0.317882,-0.425311,-0.247221,-0.870654,-0.077569,-0.948479,0.307151,-0.901206,0.198472,0.385309,0.000709,0.00223,0.002296,-4.811689,1.697477,2.129422,-1.922809,-0.207089,-0.000544,0.313777,-0.446811,0.867436,-0.218874,-0.366178,0.046017,0.929371,0.816788,0.494285,0.297326,-0.000272,-0.002307,-0.002268,-0.0,0.0,-0.0,-0.918577,0.025491,0.044631,-0.0164,0.445091,-0.877717,-0.177502,0.434668,0.038459,0.899769,-0.782916,-0.477633,0.398633,-0.000152,-0.001304,-0.00128,-0.001272,0.015432,-0.023064,-0.924839,0.042979,0.040782,-0.059307,0.511909,0.282126,-0.811389,-0.1182,0.95868,0.258767,0.850868,-0.036559,0.524104,0.000937,0.006868,-0.002709,0.036338,-0.020684,0.016638,-0.97617
755,0.089793,0.000926,0.317825,-0.427842,-0.241857,-0.87092,-0.088573,-0.947685,0.306626,-0.89899,0.208623,0.385125,4.5e-05,0.00014,0.000145,-0.037816,-0.093357,0.184847,-1.922141,-0.207113,-0.000729,0.313696,-0.463899,0.861223,-0.207565,-0.358822,0.031676,0.932833,0.81052,0.506112,0.294569,-0.000593,-0.005029,-0.004951,1.145481,-5.139501,-1.652168,-0.380494,0.025481,0.044546,-0.016433,0.457843,-0.873129,-0.167402,0.427115,0.050883,0.902764,-0.779712,-0.484824,0.396224,-0.000329,-0.002733,-0.002687,0.001215,0.013038,-0.016528,-0.752731,0.04301,0.040876,-0.059334,0.517065,0.27509,-0.810535,-0.1018,0.95999,0.260872,0.84987,-0.052376,0.524382,0.000527,0.005571,-0.004042,-0.095454,0.027118,0.073146,-0.980089
756,0.089845,0.000949,0.317764,-0.430908,-0.241117,-0.869612,-0.093477,-0.946539,0.308705,-0.897024,0.214607,0.386418,-0.00026,-0.000818,-0.000842,-1.441781,0.511819,0.640665,-1.922383,-0.207125,-0.00089,0.313609,-0.475797,0.857301,-0.19658,-0.351144,0.019894,0.936075,0.806992,0.513307,0.291793,-0.000728,-0.006169,-0.006081,-0.209111,0.05038,-0.814237,-0.25083,0.025474,0.044461,-0.016482,0.475424,-0.865358,-0.158512,0.419756,0.06478,0.905322,-0.77316,-0.496948,0.394037,-0.000398,-0.003274,-0.003219,-0.231224,0.074532,-0.88452,-0.687904,0.043036,0.040886,-0.059365,0.51977,0.274965,-0.808846,-0.097566,0.959698,0.26355,0.848716,-0.058069,0.52565,-0.000171,-0.000525,-0.000551,-1.46706,0.523141,0.626958,-0.984008
757,0.089881,0.001016,0.317688,-0.43535,-0.237763,-0.868323,-0.103881,-0.944792,0.310724,-0.893725,0.225766,0.387701,-2e-06,-6e-06,-7e-06,-3e-06,1e-06,1e-06,-1.922124,-0.207162,-0.001211,0.313307,-0.503704,0.844582,-0.181537,-0.340019,-0.000521,0.940383,0.794754,0.534314,0.28764,-0.001052,-0.008897,-0.008798,0.003623,-0.091788,0.120023,-0.087333,0.025457,0.044305,-0.016629,0.504236,-0.85106,-0.146428,0.408388,0.085602,0.908785,-0.760896,-0.518042,0.390727,-0.000574,-0.004647,-0.00459,-0.017715,0.019821,-0.093534,-0.588787,0.043053,0.040916,-0.059407,0.524559,0.272165,-0.806698,-0.086957,0.959698,0.26724,0.846921,-0.070034,0.527085,0.007057,-0.001322,-0.000896,0.003105,-0.015722,0.030913,-0.986947
758,0.089913,0.001099,0.317644,-0.439747,-0.234304,-0.867047,-0.114293,-0.94293,0.312716,-0.890293,0.236898,0.388954,3.4e-05,0.000106,0.000109,-0.129377,0.046662,0.058038,-1.922388,-0.207212,-0.001626,0.312881,-0.544899,0.82079,-0.171407,-0.331565,-0.023025,0.943116,0.770826,0.569678,0.284882,-0.001461,-0.012318,-0.012234,0.00948,-0.08965,0.1122,0.009137,0.025433,0.0441,-0.016839,0.545659,-0.825965,-0.141552,0.399763,0.108105,0.910221,-0.736508,-0.553258,0.389178,-0.000741,-0.005931,-0.005889,0.008556,-0.025065,-0.039613,-0.38843,0.043069,0.040958,-0.059429,0.529119,0.269546,-0.804597,-0.076977,0.959543,0.270833,0.845048,-0.081368,0.528462,2.1e-05,5.7e-05,6.2e-05,-0.437179,0.158538,0.190672,-0.990213
759,0.08992,0.001145,0.317632,-0.43958,-0.234146,-0.867174,-0.114291,-0.943004,0.312495,-0.890375,0.236762,0.388848,0.00013,0.000409,0.000421,-0.0,0.0,0.0,-1.922204,-0.207242,-0.001878,0.312616,-0.574442,0.801655,-0.165403,-0.32589,-0.038486,0.944589,0.751578,0.595481,0.283542,-0.001541,-0.01297,-0.012915,0.917776,-5.230588,-1.6297,0.05389,0.025418,0.043976,-0.016969,0.570447,-0.809496,-0.138942,0.394265,0.121484,0.910931,-0.720517,-0.574418,0.388457,-0.000827,-0.006593,-0.006569,0.079174,-0.438793,-0.204413,-0.244081,0.043072,0.040981,-0.059435,0.529039,0.269286,-0.804737,-0.076823,0.959618,0.27061,0.845112,-0.081341,0.528363,9.9e-05,0.000304,0.000315,0.001031,-0.000346,-0.000121,-0.995765
760,0.089915,0.001176,0.317634,-0.439539,-0.23412,-0.867201,-0.114262,-0.943024,0.312443,-0.890399,0.236705,0.388829,6.5e-05,0.000206,0.000212,-0.0,-0.0,-0.0,-1.922013,-0.207345,-0.002307,0.312089,-0.631798,0.760319,-0.150796,-0.310394,-0.069754,0.948011,0.711055,0.644775,0.280234,-0.001441,-0.012073,-0.012082,0.24855,-1.567273,-0.49871,0.130743,0.025367,0.043756,-0.017237,0.627727,-0.767122,-0.132217,0.378627,0.152484,0.912901,-0.680146,-0.623114,0.386171,-0.000944,-0.000317,-0.009956,0.070906,-0.237525,0.046914,-0.076381,0.04307,0.040997,-0.059434,0.528998,0.269267,-0.80477,-0.076877,0.959631,0.270549,0.845133,-0.081252,0.528344,3e-05,9.5e-05,9.9e-05,0.000539,-0.000172,-0.000355,-0.999031
761,0.08992,0.001215,0.317702,-0.440759,-0.231318,-0.867334,-0.119997,-0.942376,0.312251,-0.88904,0.241987,0.388687,0.000733,0.002308,0.002374,0.000165,-0.015534,0.024275,-1.921949,-0.207512,-0.002754,0.311561,-0.684909,0.714119,-0.144654,-0.299511,-0.0948,0.949336,0.665077,0.69261,0.278973,-0.001569,-0.013055,-0.013132,0.07096,-0.460255,-0.163946,0.182874,0.025283,0.043534,-0.017499,0.681058,-0.719816,-0.134247,0.367393,0.177334,0.913002,-0.633388,-0.67113,0.38523,-0.000461,-0.007317,-0.006858,0.523178,-4.706641,-1.494399,0.016858,0.043071,0.041012,-0.059404,0.530634,0.266705,-0.804546,-0.071163,0.959871,0.27126,0.844608,-0.086686,0.52832,0.000263,0.000824,0.00085,0.000744,-0.000243,6.6e-05,-1.00001
762,0.089928,0.001247,0.317808,-0.441878,-0.228391,-0.867541,-0.125859,-0.941707,0.311961,-0.887673,0.247315,0.388458,0.00037,0.001165,0.001197,-0.0,0.0,0.0,-1.921385,-0.207751,-0.003244,0.310974,-0.734087,0.664518,-0.139728,-0.288132,-0.118322,0.950217,0.615819,0.736939,0.278478,-0.001871,-0.015432,-0.015611,0.068227,-0.45381,-0.190359,0.225489,0.025163,0.043287,-0.017793,0.728447,-0.671236,-0.137132,0.356235,0.200133,0.912711,-0.5852,-0.713714,0.384904,-0.008074,-0.007481,-0.00717,0.296912,-1.681898,-0.508974,0.088216,0.043071,0.041033,-0.059346,0.532191,0.263983,-0.804416,-0.065299,0.960114,0.271877,0.844102,-0.092163,0.528202,0.00026,0.000821,0.000845,0.000516,-0.000167,-0.000215,-1.000337
763,0.089947,0.001258,0.317849,-0.441743,-0.228218,-0.867655,-0.125998,-0.941744,0.311793,-0.88772,0.247334,0.388337,0.000485,0.001529,0.001571,-0.0,-0.0,-0.0,-1.921054,-0.207865,-0.003521,0.310639,-0.749513,0.647346,-0.138435,-0.284405,-0.125878,0.950369,0.598727,0.750845,0.278606,-0.002067,-0.01698,-0.017232,0.003063,-0.011055,-0.060604,0.241761,0.025105,0.043144,-0.017965,0.743802,-0.65386,-0.13865,0.352695,0.20774,0.912387,-0.567771,-0.727536,0.385131,-0.001084,-0.008572,-0.008767,0.041906,-0.095423,-0.053763,0.114995,0.043085,0.041037,-0.059327,0.532092,0.263772,-0.80455,-0.065141,0.960171,0.27171,0.844176,-0.092165,0.528082,0.000296,0.000934,0.000961,0.000391,-0.000122,-0.000231,-1.002297
764,0.089946,0.001279,0.317899,-0.446266,-0.220891,-0.867236,-0.137053,-0.940764,0.310083,-0.883809,0.257506,0.390641,0.000148,0.000468,0.00048,0.026848,0.067335,0.042853,-1.920649,-0.208059,-0.004173,0.309895,-0.775486,0.616614,-0.135648,-0.277028,-0.139073,0.95071,0.568325,0.774037,0.278814,-0.002337,-0.019039,-0.019462,0.002926,-0.01096,-0.060578,0.257437,0.025008,0.042826,-0.01833,0.769541,-0.622939,-0.14054,0.34538,0.220886,0.912097,-0.537138,-0.750437,0.385132,-0.001225,-0.009805,-0.010084,0.039972,-0.179693,-0.113437,0.149776,0.043085,0.041049,-0.0593,0.537697,0.257158,-0.802964,-0.054033,0.960904,0.271557,0.841404,-0.102629,0.53057,6.1e-05,0.000194,0.0002,0.01578,0.050643,0.034823,-0.998541
765,0.089892,0.001269,0.31793,-0.45146,-0.218189,-0.86523,-0.141765,-0.939795,0.310901,-0.880417,0.263285,0.394429,-0.014099,0.002643,0.001791,0.059585,0.166476,0.067011,-1.920883,-0.208267,-0.004908,0.309029,-0.800171,0.584937,-0.132542,-0.268842,-0.152064,0.951071,0.537162,0.795888,0.279074,-0.002903,-0.009493,-0.029348,0.031486,0.033381,-0.0558,0.270722,0.024905,0.042461,-0.018752,0.794352,-0.5906,-0.142115,0.337097,0.233956,0.911937,-0.505342,-0.772305,0.384933,-0.001313,-0.010528,-0.01091,0.011129,-0.030585,-0.0789,0.167412,0.043064,0.041043,-0.059285,0.542318,0.255805,-0.800283,-0.0494,0.960583,0.273567,0.838719,-0.108827,0.533579,-7e-06,-2.4e-05,-2.4e-05,0.122035,0.265466,0.166651,-1.00295
766,0.08986,0.001256,0.317958,-0.454171,-0.212983,-0.865108,-0.15286,-0.937984,0.311113,-0.877159,0.273799,0.394529,2.4e-05,7.6e-05,7.8e-05,-0.002599,0.003472,0.003001,-1.921143,-0.208349,-0.005238,0.308587,-0.813727,0.566224,-0.131263,-0.264299,-0.159119,0.951189,0.518718,0.807961,0.279272,-0.002531,-0.020358,-0.02107,0.214644,-1.546563,-0.511443,0.278581,0.024862,0.04229,-0.018987,0.806962,-0.573002,-0.143104,0.33262,0.240707,0.911824,-0.488032,-0.783407,0.384834,-0.001259,-0.011279,-0.01078,0.658144,-4.912408,-1.661493,0.177372,0.043048,0.041036,-0.059272,0.546231,0.250623,-0.799262,-0.038211,0.960651,0.275115,0.836762,-0.119736,0.534314,1.1e-05,3.4e-05,3.8e-05,-0.045943,0.0011,0.013728,-0.999684
767,0.089726,0.001153,0.318021,-0.479087,-0.189908,-0.857004,-0.193771,-0.929356,0.314201,-0.85554,0.316822,0.409514,-0.001272,-0.011841,0.007372,-0.238582,0.729436,0.540661,-1.920675,-0.208409,-0.005904,0.307657,-0.833196,0.537773,-0.12875,-0.256766,-0.169828,0.951401,0.490816,0.825058,0.279718,-0.00256,-0.020493,-0.021386,0.197913,-1.420783,-0.701755,0.292299,0.024831,0.041949,-0.01946,0.827767,-0.54207,-0.144773,0.324543,0.252114,0.911651,-0.45768,-0.801621,0.384617,-0.001268,-0.010235,-0.010655,0.204029,-1.504593,-0.696606,0.19762,0.042981,0.040989,-0.059243,0.570539,0.234343,-0.787126,0.000795,0.958267,0.285872,0.821269,-0.163727,0.546542,-0.000218,-0.000501,-0.000572,-4.71809,1.805046,2.308979,-0.994949
768,0.089526,0.001169,0.317996,-0.497937,-0.169416,-0.850531,-0.21294,-0.92683,0.309216,-0.840069,0.335287,0.42649,-0.000105,-0.000331,-0.00034,0.07942,0.413216,0.037307,-1.920323,-0.208365,-0.00656,0.306769,-0.839364,0.528697,-0.126249,-0.252986,-0.174185,0.951626,0.482183,0.830007,0.280091,-0.002385,-0.019049,-0.020039,-0.004713,0.047482,-0.072091,0.295395,0.024854,0.041635,-0.019891,0.835128,-0.530888,-0.143941,0.320493,0.256959,0.911732,-0.447041,-0.807545,0.384739,0.006073,-0.009427,-0.010329,0.004796,-0.019922,-0.033199,0.209867,0.042875,0.040992,-0.059254,0.593189,0.214809,-0.775875,0.022288,0.958994,0.282547,0.804754,-0.184897,0.564077,-0.007105,0.001148,0.000718,0.005424,0.506945,0.085081,-1.000827
769,0.08947,0.001127,0.317964,-0.51872,-0.142748,-0.842969,-0.247467,-0.918695,0.307786,-0.817727,0.368434,0.442273,-0.000503,-0.001576,-0.00162,0.04221,0.24313,-0.077811,-1.919816,-0.208219,-0.007138,0.306028,-0.842373,0.524259,-0.124701,-0.250871,-0.176491,0.951761,0.478016,0.832335,0.280325,0.012594,-0.015381,-0.01705,0.000472,0.000627,0.005219,0.291393,0.024921,0.041333,-0.020275,0.838849,-0.52531,-0.14276,0.31785,0.259751,0.911865,-0.44193,-0.810295,0.384863,-0.000983,-0.007946,-0.008435,0.000823,0.007239,-0.058497,0.209377,0.042848,0.040975,-0.059266,0.616418,0.191547,-0.763765,0.057798,0.956338,0.28649,0.785294,-0.220742,0.578433,-0.000661,-0.005999,0.003609,-0.107806,0.205843,0.154893,-1.006705
770,0.08947,0.001097,0.31792,-0.529398,-0.129373,-0.838478,-0.266772,-0.912794,0.309211,-0.804708,0.387535,0.449766,-0.000777,-0.002436,-0.002506,-4.506244,2.141705,2.491047,-1.920244,-0.208103,-0.007406,0.305691,-0.843287,0.523084,-0.123454,-0.250637,-0.179328,0.951292,0.476524,0.832469,0.28246,0.01275,-0.014252,-0.015903,0.009929,-0.005211,0.00074,0.288466,0.024978,0.041199,-0.020444,0.840091,-0.523625,-0.141642,0.317468,0.262882,0.911101,-0.439841,-0.810375,0.387079,0.006338,-0.007501,-0.008362,-0.008383,-0.014971,-0.029304,0.206112,0.042848,0.04096,-0.059287,0.626153,0.184108,-0.757651,0.071802,0.953977,0.291155,0.776386,-0.236708,0.584116,-0.000239,-0.000757,-0.000773,0.221459,0.558653,0.118589,-1.005236
771,0.089541,0.001122,0.317745,-0.542423,-0.11818,-0.831778,-0.278912,-0.908577,0.310913,-0.79181,0.400782,0.460911,0.014715,0.0071,-0.011315,-1.215307,0.891164,0.833662,-1.920043,-0.207892,-0.00786,0.305133,-0.844165,0.522047,-0.121833,-0.250127,-0.182337,0.950854,0.475234,0.832467,0.284629,-0.001325,-0.010636,-0.011357,9e-06,0.014857,-0.024775,0.279615,0.025089,0.04097,-0.020725,0.841488,-0.52176,-0.140229,0.316655,0.265997,0.910481,-0.437752,-0.810562,0.389051,0.006593,-0.005553,-0.006317,-0.0095,0.000159,-0.023222,0.198437,0.042877,0.040966,-0.059375,0.640269,0.173369,-0.74833,0.087881,0.951268,0.295575,0.763106,-0.255012,0.593832,-0.000326,-0.000931,-0.000962,-4.369617,2.278945,2.651794,-1.010951
772,0.089583,0.001066,0.317633,-0.560572,-0.095152,-0.822648,-0.311648,-0.896116,0.31595,-0.766559,0.433603,0.473711,-0.000734,-0.002305,-0.002375,-0.456199,1.075039,-0.370052,-1.919423,-0.207625,-0.008143,0.304769,-0.845073,0.520796,-0.120888,-0.250118,-0.185044,0.950333,0.47362,0.832655,0.286764,0.013793,-0.00622,-0.007432,0.001293,0.000123,0.004831,0.269303,0.025217,0.040827,-0.020909,0.842712,-0.519986,-0.139464,0.316412,0.268792,0.909743,-0.435567,-0.81078,0.391045,-0.000433,0.003501,-0.006265,0.028788,-0.024493,0.013905,0.184394,0.042904,0.040943,-0.059432,0.659875,0.152637,-0.735707,0.122354,0.94425,0.305646,0.741345,-0.291705,0.604412,-0.000435,-0.001362,-0.001428,-1.767112,2.647429,-1.1004,-1.017319
773,0.089555,0.001005,0.317585,-0.577045,-0.077591,-0.813046,-0.33381,-0.886134,0.321417,-0.744694,0.456967,0.486455,-0.00097,-0.003042,-0.003136,-1.793115,2.699888,-1.227303,-1.919644,-0.207535,-0.008197,0.30469,-0.845048,0.520897,-0.120631,-0.249939,-0.185169,0.950356,0.47376,0.832564,0.286796,-0.000305,-0.002467,-0.002645,1.4e-05,-9e-06,-7e-06,0.26431,0.025267,0.040794,-0.020954,0.842793,-0.519926,-0.139197,0.316153,0.268904,0.9098,-0.435598,-0.810782,0.391007,-0.000115,-0.000963,-0.001038,-0.000323,-0.006608,-0.002548,0.177046,0.04289,0.040914,-0.059455,0.675874,0.137865,-0.724007,0.144089,0.938675,0.313251,0.722794,-0.31604,0.614562,-0.000597,-0.001874,-0.001892,-4.208014,2.360695,3.030335,-1.020258
774,0.089431,0.000904,0.31746,-0.607716,-0.034847,-0.793418,-0.372669,-0.869706,0.323576,-0.700565,0.492364,0.516539,-0.000844,-0.002643,-0.002728,-0.16482,1.183024,0.15301,-1.91949,-0.207414,-0.008155,0.304669,-0.844979,0.521251,-0.119579,-0.249186,-0.185685,0.950453,0.47428,0.832227,0.286914,0.014744,0.001454,0.000786,-0.008844,0.094127,-0.136524,0.26245,0.025322,0.040811,-0.020962,0.842922,-0.519982,-0.138204,0.315388,0.269422,0.909912,-0.435903,-0.810574,0.391098,0.000105,0.000839,0.000898,0.00062,-0.004311,-0.001861,0.169534,0.042827,0.040861,-0.05952,0.710503,0.102272,-0.696222,0.184257,0.927825,0.324329,0.679142,-0.35872,0.640378,-0.000484,-0.001513,-0.001559,-1.299076,2.028819,0.26862,-1.018626
775,0.08924,0.00081,0.317412,-0.638603,0.024872,-0.769164,-0.423146,-0.846177,0.323888,-0.642004,0.532269,0.551857,-0.000665,-0.002078,-0.002147,0.317319,1.078771,-0.006328,-1.919159,-0.207246,-0.008036,0.304803,-0.844915,0.521534,-0.118795,-0.248582,-0.18598,0.950554,0.474712,0.831983,0.286906,0.014963,0.003299,0.002755,-0.008852,0.094123,-0.136526,0.261918,0.025407,0.040877,-0.020895,0.843,-0.520065,-0.137412,0.314769,0.26978,0.910021,-0.436199,-0.810401,0.391125,0.000252,0.00206,0.002202,0.00043,-0.002915,-0.001262,0.168065,0.042732,0.040813,-0.059545,0.746013,0.048653,-0.66415,0.237494,0.912308,0.333599,0.622141,-0.406601,0.669039,-0.000394,-0.00124,-0.001282,0.250552,1.173298,0.11974,-1.016176
776,0.089029,0.000778,0.317381,-0.669734,0.079874,-0.738323,-0.458402,-0.826655,0.326315,-0.583446,0.55689,0.591177,0.000641,0.00984,-0.009435,-3.636262,2.908157,3.289953,-1.919242,-0.207045,-0.007918,0.304934,-0.844842,0.521846,-0.117941,-0.247926,-0.186303,0.950662,0.475186,0.831715,0.286899,0.000331,0.002719,0.002906,0.0,-0.0,-0.0,0.26146,0.025514,0.040944,-0.020822,0.843052,-0.52024,-0.136431,0.314015,0.270175,0.910164,-0.436643,-0.810158,0.391135,0.000166,0.001379,0.001468,0.000319,-0.001959,-0.000826,0.167085,0.042626,0.040793,-0.059558,0.77964,0.004299,-0.626212,0.269365,0.900438,0.341544,0.565334,-0.434961,0.70086,-0.007299,0.000598,0.000139,0.134504,0.782242,-0.491082,-1.020585
777,0.089004,0.00077,0.317371,-0.681836,0.098332,-0.724898,-0.466003,-0.822237,0.326712,-0.563068,0.560441,0.60736,-0.000196,-0.000611,-0.000632,0.378723,1.107201,0.014327,-1.918899,-0.206954,-0.007891,0.304958,-0.844799,0.522041,-0.117387,-0.247505,-0.186528,0.950727,0.475481,0.831543,0.286909,0.000104,0.000852,0.00091,0.0,-0.0,-0.0,0.261106,0.025559,0.04096,-0.020807,0.843072,-0.520356,-0.135861,0.313587,0.270411,0.910242,-0.436911,-0.810004,0.391153,4.9e-05,0.000414,0.000441,0.000219,-0.001622,-0.00071,0.166922,0.042614,0.040792,-0.059566,0.791726,-0.015328,-0.610683,0.2829,0.895224,0.344298,0.541421,-0.445352,0.713108,-0.000129,-0.000398,-0.000413,-0.153182,1.008577,-0.099533,-1.023524
778,0.089089,0.000735,0.317384,-0.695167,0.141918,-0.704732,-0.5009,-0.798793,0.333167,-0.514793,0.584427,0.627263,0.0002,0.000623,0.000644,-0.254493,0.660384,-0.080694,-1.918192,-0.206779,-0.007876,0.30495,-0.844729,0.52234,-0.116553,-0.246888,-0.186887,0.950817,0.475927,0.831274,0.28695,0.014499,-0.000419,-0.00123,0.002045,-0.015205,0.029245,0.257413,0.025642,0.040967,-0.020811,0.843101,-0.520538,-0.134977,0.312936,0.270798,0.910351,-0.437321,-0.809758,0.391205,-7e-06,-6.3e-05,-6.9e-05,0.00016,-0.001093,-0.000484,0.165452,0.042656,0.040773,-0.059561,0.809155,-0.057606,-0.584764,0.319596,0.87825,0.355716,0.493077,-0.474718,0.729051,0.000142,0.000451,0.000463,-1.11219,1.044024,0.648206,-1.026953
779,0.0892,0.000785,0.317311,-0.708767,0.170373,-0.684592,-0.520713,-0.781057,0.344643,-0.475112,0.600533,0.643161,-1e-06,-3e-06,-3e-06,0.00096,0.248035,-0.33782,-1.91857,-0.206682,-0.007884,0.304935,-0.84467,0.522613,-0.115757,-0.246283,-0.187211,0.95091,0.476346,0.831029,0.286963,-0.0,-1e-06,-1e-06,0.0,-0.0,-0.0,0.250149,0.025695,0.040961,-0.020821,0.843124,-0.520706,-0.134183,0.312342,0.271123,0.910457,-0.4377,-0.809541,0.391229,-2e-06,-1.5e-05,-2e-05,6.3e-05,-0.000751,-0.00031,0.158431,0.042712,0.0408,-0.059596,0.823558,-0.083285,-0.561084,0.34028,0.863946,0.371223,0.453829,-0.496649,0.73985,0.007607,0.0043,-0.004888,-0.010428,0.207312,-0.341382,-1.034302
780,0.089264,0.000803,0.31726,-0.714381,0.182405,-0.675599,-0.528926,-0.77287,0.350543,-0.457326,0.607533,0.649448,0.000859,0.010532,-0.008719,0.055362,0.255386,-0.278208,-1.918455,-0.206649,-0.007885,0.304932,-0.844628,0.522821,-0.115121,-0.245796,-0.187471,0.950985,0.476672,0.83084,0.286971,-0.0,-0.0,-0.0,0.0,-0.0,-0.0,0.243536,0.025712,0.04096,-0.020823,0.843138,-0.520814,-0.133676,0.311962,0.271329,0.910526,-0.437945,-0.809402,0.391243,-1e-06,-8e-06,-1e-05,6.3e-05,-0.000621,-0.000243,0.153532,0.042744,0.040807,-0.059616,0.829408,-0.093681,-0.550732,0.348433,0.857334,0.378908,0.436665,-0.506163,0.743721,0.006917,-0.001778,-0.00137,-0.003768,0.144639,-0.07685,-1.038384
781,0.089432,0.000766,0.317145,-0.724676,0.19891,-0.659791,-0.540844,-0.757502,0.365583,-0.426179,0.621523,0.657349,-0.000288,-0.0009,-0.000932,-3.647687,2.128045,3.464953,-1.918047,-0.206638,-0.0079,0.304931,-0.844557,0.523187,-0.113975,-0.244905,-0.187919,0.951127,0.477258,0.830508,0.286958,-2e-06,-2.1e-05,-2.2e-05,0.0,-0.0,-0.0,0.229414,0.025717,0.040952,-0.020824,0.843172,-0.521096,-0.132356,0.310962,0.271841,0.910716,-0.438591,-0.809048,0.39125,-2e-06,-1.2e-05,-1.4e-05,3e-05,-0.00041,-0.000202,0.13655,0.042828,0.040791,-0.059678,0.839962,-0.103075,-0.532765,0.354983,0.846949,0.395808,0.410427,-0.521586,0.747994,0.007432,0.003753,-0.005455,0.043511,0.062148,-0.121116,-1.044589
782,0.089609,0.000811,0.316983,-0.736144,0.216347,-0.641351,-0.551318,-0.741356,0.382639,-0.391776,0.634993,0.665825,0.013619,-0.004242,-0.003444,-0.010057,0.108596,-0.150643,-1.917677,-0.206697,-0.007926,0.304891,-0.84449,0.52356,-0.112753,-0.243975,-0.188445,0.951262,0.477853,0.830154,0.286992,-0.000131,-0.001085,-0.00116,0.0,-0.0,-0.0,0.219909,0.025687,0.040941,-0.020842,0.84321,-0.521351,-0.131106,0.310031,0.27237,0.910875,-0.439177,-0.808706,0.3913,-8.2e-05,-0.000695,-0.000744,-1.5e-05,-0.000269,-0.000171,0.120057,0.042912,0.040813,-0.059753,0.850403,-0.122124,-0.51176,0.369678,0.830811,0.416041,0.374367,-0.54299,0.751671,-0.000128,-0.000398,-0.000417,-0.106675,0.287834,-0.315429,-1.049161
783,0.089846,0.000936,0.316643,-0.753506,0.233866,-0.614476,-0.556387,-0.724768,0.406345,-0.34939,0.647776,0.677008,-0.001131,-0.003554,-0.003684,-0.296483,0.602414,-0.644034,-1.917708,-0.206758,-0.007972,0.304845,-0.844417,0.523951,-0.111476,-0.24299,-0.188972,0.951409,0.478484,0.829787,0.287001,-0.000147,-0.001213,-0.001298,0.0,0.0,0.0,0.214647,0.025657,0.040918,-0.020865,0.843244,-0.521623,-0.129797,0.309046,0.272898,0.911052,-0.439804,-0.808353,0.391325,-9.7e-05,-0.000812,-0.000867,-0.001546,0.015641,-0.024068,0.110423,0.043036,0.040881,-0.059924,0.865464,-0.135817,-0.482207,0.373632,0.816196,0.440705,0.333721,-0.561583,0.757134,0.007147,0.002848,-0.0064,-0.94522,2.026318,-2.19053,-1.050957
784,0.090023,0.001034,0.316403,-0.766395,0.244459,-0.594073,-0.556301,-0.715041,0.42334,-0.320349,0.654623,0.684742,-0.000249,0.007073,-0.012302,-0.981386,2.013639,-2.019961,-1.917433,-0.206792,-0.007989,0.304828,-0.844386,0.52412,-0.110916,-0.242559,-0.189203,0.951473,0.478759,0.829627,0.287004,-0.000161,-0.001329,-0.001422,0.0,0.0,0.0,0.212084,0.02564,0.040909,-0.020874,0.843259,-0.521741,-0.129225,0.308616,0.27313,0.911128,-0.440078,-0.808199,0.391337,-8.6e-05,-0.000703,-0.000753,8e-06,-0.000167,-4.5e-05,0.106504,0.043124,0.040926,-0.060041,0.87553,-0.143806,-0.461266,0.373322,0.807394,0.456886,0.30672,-0.572218,0.760584,0.007023,0.002469,-0.006791,-0.344673,0.545726,-0.115765,-1.052263
785,0.090448,0.001297,0.315761,-0.773252,0.276556,-0.570652,-0.572364,-0.691799,0.440211,-0.272077,0.666668,0.693941,0.013568,0.003464,-0.015112,-0.330985,0.563919,-0.113928,-1.916708,-0.20688,-0.008001,0.304835,-0.844327,0.524442,-0.109836,-0.241712,-0.189627,0.951604,0.479291,0.829327,0.286984,8.3e-05,0.00068,0.000727,0.0,0.0,0.0,0.208874,0.025601,0.040898,-0.020876,0.843287,-0.521962,-0.128145,0.307791,0.273545,0.911283,-0.440602,-0.807915,0.391332,7e-05,0.00058,0.000621,-2.2e-05,-0.000106,-6.8e-05,0.101116,0.043331,0.041051,-0.060354,0.884291,-0.172042,-0.434084,0.387961,0.788032,0.478008,0.259835,-0.591106,0.763595,0.006729,0.00137,-0.007897,-4.020205,4.426985,1.630893,-1.05259
786,0.091052,0.001635,0.314929,-0.774499,0.305377,-0.554023,-0.587402,-0.672297,0.450496,-0.233938,0.673961,0.700768,0.027181,-0.000779,-0.01861,-0.069347,0.259895,-0.254086,-1.916873,-0.206934,-0.007985,0.304841,-0.844274,0.524722,-0.1089,-0.241001,-0.190037,0.951703,0.479743,0.829055,0.287013,-0.014448,0.000877,0.001718,-0.002045,0.015205,-0.029245,0.204423,0.025574,0.040909,-0.020871,0.84331,-0.522159,-0.127187,0.307081,0.273953,0.911399,-0.441053,-0.80765,0.391373,3.7e-05,0.000308,0.000329,-0.010952,0.109282,-0.165819,0.097033,0.043628,0.041229,-0.060776,0.887405,-0.200842,-0.414939,0.404594,0.77072,0.492232,0.220941,-0.604691,0.765201,0.007078,0.006588,-0.012357,-0.305324,0.852471,-0.810974,-1.047528
787,0.091346,0.001795,0.314554,-0.77503,0.313602,-0.54866,-0.591041,-0.667049,0.453529,-0.222796,0.675386,0.703023,0.013582,0.003529,-0.015071,0.034389,0.07469,-0.12197,-1.915982,-0.206944,-0.007993,0.304847,-0.844253,0.524823,-0.108577,-0.240741,-0.190148,0.951746,0.479911,0.828966,0.28699,1e-06,7e-06,7e-06,0.0,0.0,0.0,0.20181,0.025564,0.040906,-0.020866,0.843317,-0.522234,-0.126832,0.306803,0.274075,0.911456,-0.441232,-0.80756,0.391355,0.0,2e-06,3e-06,-1.8e-05,-5.4e-05,-6.8e-05,0.093604,0.043784,0.041304,-0.060975,0.888447,-0.208649,-0.408811,0.408262,0.76624,0.496182,0.20972,-0.607734,0.765947,0.006791,0.00175,-0.007563,0.041369,0.069315,-0.119872,-1.050957
788,0.091993,0.002042,0.313938,-0.775545,0.326807,-0.540159,-0.596919,-0.658215,0.458708,-0.204671,0.677771,0.706231,0.014343,0.00598,-0.012524,0.028069,-0.027463,0.05425,-1.915916,-0.206919,-0.007964,0.304878,-0.844213,0.525002,-0.108019,-0.240314,-0.190377,0.951809,0.480195,0.8288,0.286995,0.000173,0.001427,0.001526,0.0,0.0,0.0,0.198735,0.025576,0.040918,-0.020853,0.843324,-0.522362,-0.126258,0.306377,0.274304,0.911531,-0.441517,-0.807399,0.391367,0.000103,0.000849,0.000909,0.001586,-0.015893,0.02402,0.089032,0.044101,0.041423,-0.061281,0.88963,-0.221224,-0.399519,0.414413,0.758642,0.502716,0.19188,-0.612798,0.766589,0.007146,0.002894,-0.006374,0.01728,-0.003813,0.056206,-1.049488
789,0.0927,0.002317,0.313589,-0.780557,0.334024,-0.528398,-0.596431,-0.65111,0.46936,-0.186301,0.681097,0.708114,0.015557,0.009946,-0.00839,0.027974,-0.019171,0.029403,-1.915915,-0.206847,-0.007906,0.304936,-0.844162,0.525216,-0.107376,-0.239825,-0.190641,0.951879,0.48053,0.828604,0.287001,0.000243,0.002006,0.002144,0.0,0.0,0.0,0.194495,0.025613,0.040948,-0.020823,0.843324,-0.52252,-0.125598,0.305889,0.274567,0.911615,-0.441853,-0.807207,0.391383,0.000131,0.001078,0.001152,-0.0,-3.4e-05,-8e-06,0.083644,0.044448,0.041554,-0.061456,0.893803,-0.227034,-0.386744,0.413247,0.751931,0.51364,0.174191,-0.618914,0.765899,0.007392,-0.000238,0.0002,-0.073594,0.161779,-0.147487,-1.050304
790,0.09299,0.002436,0.313523,-0.783146,0.334238,-0.524418,-0.594148,-0.651183,0.472146,-0.182714,0.680922,0.709217,0.016159,0.01193,-0.006323,-0.043432,0.115683,-0.099395,-1.915989,-0.20681,-0.007877,0.304965,-0.844141,0.525301,-0.107126,-0.239635,-0.190743,0.951907,0.480662,0.828526,0.287004,0.000183,0.001507,0.00161,0.0,0.0,0.0,0.192274,0.025631,0.040963,-0.020808,0.843324,-0.522583,-0.12534,0.3057,0.274669,0.911648,-0.441985,-0.807132,0.391389,0.000112,0.000931,0.000993,-2.3e-05,-2.2e-05,-3.5e-05,0.080541,0.044605,0.04162,-0.061496,0.89571,-0.22672,-0.382493,0.410609,0.751818,0.515915,0.170597,-0.619165,0.766505,0.008126,0.006105,-0.003024,-0.047041,0.125943,-0.110278,-1.051937
791,0.093615,0.002581,0.313518,-0.783803,0.332361,-0.524628,-0.593341,-0.650282,0.474396,-0.182515,0.682701,0.707555,0.015484,0.001902,0.002883,0.000663,-0.031144,0.053247,-1.916225,-0.20673,-0.007843,0.304997,-0.844074,0.52558,-0.106283,-0.238993,-0.191089,0.951998,0.481099,0.82827,0.287011,5.3e-05,0.000438,0.000467,0.0,0.0,0.0,0.190177,0.025671,0.040982,-0.020789,0.843325,-0.522789,-0.124474,0.30506,0.275014,0.911759,-0.442425,-0.806882,0.391408,2.2e-05,0.000181,0.000192,4e-06,-2.3e-05,-4e-06,0.076622,0.044912,0.041694,-0.061497,0.896134,-0.224634,-0.38273,0.409514,0.750891,0.51813,0.170999,-0.621048,0.76489,0.00769,0.000772,0.001244,0.009861,-0.011748,0.030564,-1.05357
792,0.094179,0.002663,0.313752,-0.785571,0.332965,-0.521592,-0.592064,-0.649589,0.476934,-0.179046,0.683065,0.70809,0.000814,-0.00524,0.014195,-0.034395,0.018835,-0.015297,-1.915856,-0.206677,-0.007857,0.30498,-0.844015,0.525831,-0.105511,-0.238405,-0.191406,0.952083,0.481497,0.828037,0.287017,-6e-05,-0.000498,-0.000532,0.0,0.0,0.0,0.189364,0.025698,0.040976,-0.020798,0.843327,-0.522974,-0.123682,0.304474,0.27533,0.91186,-0.442826,-0.806654,0.391425,-4.1e-05,-0.000348,-0.000372,-3.3e-05,-1.3e-05,-3.9e-05,0.074336,0.045195,0.041738,-0.061384,0.897489,-0.224866,-0.379403,0.407951,0.750164,0.520411,0.167592,-0.621842,0.764999,0.008167,0.002385,0.002912,0.002752,-0.033338,0.05599,-1.05112
793,0.094706,0.002824,0.313932,-0.785246,0.333634,-0.521654,-0.592736,-0.648776,0.477207,-0.178252,0.68351,0.707861,0.015998,0.003732,0.004739,0.001122,-0.030498,0.053667,-1.916022,-0.206692,-0.007878,0.304943,-0.84397,0.526039,-0.104831,-0.237894,-0.191709,0.952149,0.481828,0.827835,0.287045,-0.000141,-0.001165,-0.001245,0.0,0.0,0.0,0.187649,0.02569,0.040965,-0.020816,0.843337,-0.523122,-0.122985,0.303963,0.275631,0.911938,-0.443157,-0.806455,0.39146,-7.7e-05,-0.000642,-0.000685,-1.6e-05,-2.1e-05,2e-06,0.072866,0.045459,0.041818,-0.061287,0.897288,-0.225571,-0.379461,0.408675,0.749468,0.520846,0.166906,-0.622426,0.764674,0.007947,0.001704,0.002192,0.002337,-0.03293,0.055645,-1.050141
794,0.094985,0.002912,0.314008,-0.785913,0.333964,-0.520437,-0.592292,-0.648439,0.478216,-0.176792,0.683669,0.708074,0.001859,0.006159,0.006378,0.000139,-0.015784,0.024112,-1.916291,-0.206739,-0.007907,0.304914,-0.843942,0.52618,-0.104348,-0.237521,-0.19191,0.952202,0.482062,0.827698,0.287045,-0.000205,-0.001692,-0.001808,0.0,0.0,0.0,0.183299,0.025672,0.040952,-0.020829,0.843345,-0.523213,-0.122537,0.303626,0.275813,0.911996,-0.443372,-0.806333,0.391467,-5.7e-05,-0.000482,-0.000514,-6e-06,-7e-06,-1.9e-05,0.070091,0.045604,0.041861,-0.061249,0.897796,-0.225756,-0.378146,0.408143,0.749097,0.521797,0.16547,-0.622805,0.764678,0.007928,0.001662,0.002141,0.002947,-0.034255,0.056906,-1.050794
795,0.095587,0.003116,0.314206,-0.79078,0.334561,-0.512621,-0.588001,-0.648037,0.48402,-0.169284,0.683757,0.709822,0.016168,0.004433,0.005422,0.00111,-0.030466,0.053627,-1.916283,-0.206811,-0.007959,0.304862,-0.843907,0.526357,-0.103734,-0.237045,-0.192165,0.952269,0.482357,0.827527,0.287045,-0.000123,-0.001019,-0.001089,0.0,0.0,0.0,0.177778,0.025631,0.040923,-0.020859,0.843361,-0.523345,-0.121864,0.303118,0.276086,0.912083,-0.443689,-0.806155,0.391475,-6.1e-05,-0.000503,-0.000537,-1e-05,-2e-06,-2.7e-05,0.061436,0.045899,0.041964,-0.06115,0.901454,-0.225297,-0.369622,0.403068,0.74824,0.526946,0.157846,-0.624001,0.765314,0.008051,0.002116,0.002597,0.004291,-0.03712,0.059619,-1.050141
796,0.09637,0.003278,0.314326,-0.792263,0.335211,-0.509901,-0.586883,-0.647485,0.486111,-0.166222,0.683961,0.710348,0.030156,0.001737,0.003442,0.002116,-0.045221,0.083214,-1.916051,-0.206858,-0.007987,0.304834,-0.843879,0.526497,-0.103251,-0.236672,-0.192366,0.952321,0.48259,0.82739,0.287045,-1.3e-05,-0.000109,-0.000117,0.0,0.0,0.0,0.175281,0.025607,0.040907,-0.020874,0.843371,-0.523443,-0.121369,0.302744,0.276286,0.912146,-0.443924,-0.806022,0.391481,-2e-06,-1.2e-05,-1.3e-05,3.1e-05,-1.1e-05,2.1e-05,0.057354,0.046285,0.042046,-0.061089,0.902567,-0.225601,-0.366708,0.40174,0.747603,0.52886,0.15484,-0.624654,0.765396,0.007991,0.001961,0.00242,0.002354,-0.033018,0.055922,-1.053733
797,0.096825,0.003371,0.314401,-0.791366,0.335552,-0.511068,-0.587906,-0.647118,0.485363,-0.166877,0.68414,0.710022,0.016293,0.005024,0.005981,0.001135,-0.030509,0.053659,-1.916303,-0.206858,-0.007993,0.304828,-0.843857,0.526592,-0.102946,-0.236438,-0.192492,0.952354,0.482743,0.827301,0.287046,-3e-06,-2.2e-05,-2.3e-05,0.0,0.0,0.0,0.17141,0.025607,0.040904,-0.020877,0.843374,-0.523511,-0.121057,0.302512,0.276411,0.912185,-0.444078,-0.805935,0.391487,3e-06,2.6e-05,2.9e-05,-1.7e-05,-6e-06,-2e-06,0.054088,0.046506,0.042089,-0.061056,0.901932,-0.226104,-0.367959,0.402888,0.747385,0.528295,0.155558,-0.624733,0.765185,0.008127,0.002453,0.002916,0.001329,-0.030855,0.053939,-1.052427
798,0.097796,0.00359,0.314558,-0.792361,0.336367,-0.508985,-0.587326,-0.646373,0.487054,-0.164184,0.684442,0.710358,0.031495,0.01455,-0.00298,0.036534,-0.063729,0.098486,-1.915979,-0.206837,-0.007994,0.304826,-0.843807,0.526801,-0.102285,-0.235932,-0.192765,0.952424,0.483078,0.827104,0.287049,-0.0,-0.0,-0.0,0.0,0.0,0.0,0.169906,0.025618,0.040905,-0.020877,0.843377,-0.523663,-0.120378,0.302007,0.276683,0.91227,-0.444416,-0.805743,0.391498,2e-06,1.4e-05,1.4e-05,2.7e-05,-1.3e-05,4.6e-05,0.048699,0.046992,0.042194,-0.060974,0.902735,-0.226676,-0.365631,0.402127,0.746601,0.52998,0.152847,-0.625462,0.765136,0.015265,0.001647,0.002468,0.004105,-0.049313,0.086817,-1.05259
799,0.098867,0.003841,0.314692,-0.794827,0.337222,-0.504556,-0.585299,-0.645722,0.490347,-0.159463,0.684636,0.711247,0.016445,0.005856,0.006747,0.001088,-0.030405,0.053526,-1.916637,-0.20679,-0.00798,0.304853,-0.843781,0.526892,-0.102023,-0.235723,-0.19285,0.952459,0.483226,0.827026,0.287027,3.1e-05,0.000253,0.000271,0.0,0.0,0.0,0.165869,0.025641,0.040913,-0.020862,0.843373,-0.523732,-0.120109,0.301799,0.276769,0.912313,-0.444565,-0.805669,0.391481,1.5e-05,0.000125,0.000131,3e-06,-4e-06,2e-05,0.044617,0.047539,0.042326,-0.060907,0.90455,-0.227005,-0.36091,0.39979,0.745757,0.532929,0.148174,-0.626349,0.76533,0.015758,0.007452,-0.001357,0.039566,-0.069857,0.104195,-1.052427
800,0.100094,0.00414,0.314793,-0.797143,0.338118,-0.500286,-0.583375,-0.645118,0.493426,-0.15492,0.684762,0.71213,0.031542,0.015326,-0.002317,0.029466,-0.049018,0.083409,-1.916435,-0.206725,-0.007982,0.304848,-0.843732,0.52708,-0.101458,-0.235294,-0.193082,0.952518,0.483521,0.826852,0.28703,0.0,0.0,0.0,0.0,0.0,0.0,0.160179,0.025674,0.040912,-0.020865,0.843368,-0.523872,-0.119528,0.301372,0.276999,0.912384,-0.444864,-0.805499,0.391493,0.0,-8e-06,-1e-05,-6.3e-05,1.2e-05,-5.8e-05,0.038902,0.048147,0.042472,-0.060853,0.906295,-0.227371,-0.356273,0.397502,0.744961,0.535746,0.143596,-0.627164,0.765535,0.022346,0.000911,0.002017,-0.020154,-0.012425,0.063269,-1.053733
801,0.100713,0.004263,0.314845,-0.795965,0.338559,-0.50186,-0.584732,-0.64468,0.49239,-0.15585,0.684955,0.71174,0.030401,0.003466,0.004973,0.002141,-0.045257,0.083191,-1.915621,-0.206703,-0.007982,0.304846,-0.843712,0.527158,-0.101222,-0.235114,-0.193179,0.952543,0.483643,0.82678,0.287032,0.0,0.0,0.0,0.0,0.0,0.0,0.155813,0.025685,0.040911,-0.020866,0.843367,-0.523929,-0.119286,0.301194,0.277096,0.912414,-0.444987,-0.805428,0.391498,-3e-06,-5e-06,-9e-06,-9e-05,0.0,-4.7e-05,0.03384,0.048469,0.04254,-0.060827,0.905396,-0.228072,-0.358106,0.399149,0.744709,0.534872,0.144696,-0.627209,0.765291,0.015196,0.001722,0.002454,0.002615,-0.046173,0.084077,-1.056019
802,0.101736,0.004367,0.315012,-0.795666,0.334733,-0.50489,-0.583606,-0.647029,0.490642,-0.161459,0.684625,0.710807,0.01555,0.003087,0.00383,0.007765,-0.021304,0.020007,-1.91574,-0.206627,-0.007976,0.304834,-0.843686,0.527247,-0.10098,-0.234946,-0.193299,0.95256,0.483772,0.826695,0.28706,0.014503,-0.000416,-0.00123,0.002045,-0.015205,0.029245,0.145762,0.025717,0.040915,-0.020872,0.843362,-0.524001,-0.119012,0.301006,0.277225,0.912437,-0.445125,-0.805337,0.391529,-3e-06,-3e-06,-7e-06,-0.000109,-3e-06,-5e-05,0.021756,0.048975,0.042595,-0.060741,0.905014,-0.224442,-0.361352,0.397954,0.74681,0.532829,0.150272,-0.626019,0.765191,0.014904,0.000786,0.001483,0.023293,-0.068035,0.050898,-1.056509
