frame,MLTx,MLTy,MLTz,MLTR1,MLTR2,MLTR3,MLTR4,MLTR5,MLTR6,MLTR7,MLTR8,MLTR9,MLTTVx,MLTTVy,MLTTVz,MLTRVx,MLTRVy,MLTRVz,MLGA,MRTx,MRTy,MRTz,MRTR1,MRTR2,MRTR3,MRTR4,MRTR5,MRTR6,MRTR7,MRTR8,MRTR9,MRTTVx,MRTTVy,MRTTVz,MRTRVx,MRTRVy,MRTRVz,MRGA,SLTx,SLTy,SLTz,SLTR1,SLTR2,SLTR3,SLTR4,SLTR5,SLTR6,SLTR7,SLTR8,SLTR9,SLTTVx,SLTTVy,SLTTVz,SLTRVx,SLTRVy,SLTRVz,SLGA,SRTx,SRTy,SRTz,SRTR1,SRTR2,SRTR3,SRTR4,SRTR5,SRTR6,SRTR7,SRTR8,SRTR9,SRTTVx,SRTTVy,SRTTVz,SRTRVx,SRTRVy,SRTRVz,SRGA
3037,0.189854,0.033894,0.326714,-0.645509,0.707039,-0.288894,-0.519412,-0.128988,0.844716,0.560785,0.694449,0.450875,0.000477,-0.015947,0.004074,0.414076,0.511589,0.313556,-1.905124,-0.126875,-0.005753,0.308928,-0.557878,0.778834,0.286674,-0.298668,-0.510559,0.806264,0.774996,0.363187,0.517049,-0.00078,0.005645,-0.013811,0.034097,0.007719,-0.004591,0.044227,0.065604,0.042029,-0.018816,0.591545,-0.744692,0.309041,0.347779,0.581477,0.735482,-0.727408,-0.327593,0.602958,0.000413,-0.003129,-0.003295,0.004961,0.013371,-0.025793,-0.116061,0.093044,0.057375,-0.054897,0.781999,-0.605336,-0.148471,0.355813,0.237993,0.903745,-0.511735,-0.759556,0.401497,0.000227,-0.008018,0.00201,0.133464,0.150229,0.269147,-1.110068
3038,0.189838,0.033445,0.326824,-0.642505,0.70921,-0.290265,-0.525744,-0.132313,0.840273,0.558322,0.691604,0.458244,0.000946,-0.030958,0.008886,0.283773,0.43742,0.202504,-1.905409,-0.126975,-0.005828,0.308716,-0.556376,0.779751,0.287098,-0.297312,-0.509325,0.807544,0.776595,0.362951,0.514811,0.001176,-0.009035,-0.009537,-0.114491,0.09497,0.001778,0.039835,0.065547,0.042,-0.01892,0.590262,-0.745462,0.309638,0.346507,0.580447,0.736894,-0.729056,-0.327669,0.600924,-0.007412,0.00062,-0.008218,-0.109846,0.10305,0.028875,-0.123246,0.093031,0.05715,-0.054836,0.778632,-0.60916,-0.150516,0.363563,0.242462,0.899463,-0.511422,-0.755074,0.410256,0.000242,-0.009708,0.000683,0.435934,0.402854,0.451686,-1.112844
3039,0.18997,0.032105,0.326913,-0.634178,0.718703,-0.285184,-0.537353,-0.144382,0.830889,0.556775,0.679284,0.478124,0.014085,-0.041948,-0.000296,0.258283,0.410278,0.187927,-1.905223,-0.127487,-0.006195,0.30796,-0.576017,0.764489,0.289401,-0.27882,-0.516422,0.809631,0.769116,0.384699,0.510226,-0.02648,-0.021909,-0.019191,-0.239257,0.166719,-0.055031,0.025863,0.065305,0.041831,-0.019276,0.610047,-0.729631,0.309,0.328499,0.587769,0.739334,-0.721061,-0.349522,0.59825,-0.00678,-0.004384,-0.013555,-0.518395,-0.162606,-0.153349,-0.137288,0.093092,0.056495,-0.05478,0.770618,-0.6203,-0.146202,0.375034,0.255915,0.890986,-0.515263,-0.741441,0.429846,0.000511,-0.021651,-0.000418,0.306903,0.515742,0.186877,-1.112191
3040,0.19043,0.030071,0.326775,-0.638476,0.716996,-0.27984,-0.545575,-0.165078,0.821625,0.543699,0.676371,0.49693,0.014266,-0.052491,-0.008791,0.306241,0.473654,0.193388,-1.905191,-0.128488,-0.006558,0.30663,-0.597066,0.748195,0.289323,-0.263641,-0.523518,0.810157,0.758358,0.406489,0.509433,-0.028879,-0.004914,-0.041068,0.008097,-0.053429,-0.163025,0.008223,0.064817,0.041639,-0.019931,0.629855,-0.713849,0.306107,0.312981,0.593955,0.74112,-0.710862,-0.370993,0.597527,-0.014377,-0.002791,-0.020858,-0.402253,-1.305256,-0.935286,-0.163578,0.093322,0.055483,-0.054845,0.773728,-0.617773,-0.140355,0.381196,0.277041,0.882007,-0.505997,-0.735937,0.449847,0.007363,-0.03276,-0.001209,0.375587,0.580943,0.211282,-1.108109
3041,0.19103,0.027589,0.326392,-0.659287,0.699354,-0.276207,-0.549601,-0.197443,0.811743,0.513979,0.686106,0.514889,0.014474,-0.05956,-0.014762,0.42646,-0.050955,0.059052,-1.905424,-0.13004,-0.00688,0.304871,-0.616634,0.735336,0.28113,-0.251403,-0.522206,0.814882,0.746781,0.430872,0.506489,-0.04288,-0.01179,-0.046766,-0.560678,-1.699713,0.00432,0.003302,0.06403,0.041477,-0.020826,0.647953,-0.70163,0.296432,0.301422,0.593611,0.74617,-0.699501,-0.394132,0.596119,-0.028402,-0.0078,-0.024327,-1.647443,-5.705443,-0.507808,-0.176478,0.093616,0.054263,-0.055032,0.789853,-0.5983,-0.134785,0.382272,0.30843,0.871055,-0.479581,-0.739531,0.472328,0.007603,-0.035949,-0.004021,1.945749,-3.852839,-2.609241,-1.108925
3042,0.191298,0.026269,0.326113,-0.670038,0.68857,-0.27743,-0.556129,-0.217956,0.80199,0.49259,0.690794,0.529326,0.014585,-0.06332,-0.018018,0.916287,0.488321,0.39674,-1.90554,-0.131198,-0.007098,0.303819,-0.629689,0.726746,0.274448,-0.246197,-0.52163,0.816837,0.737572,0.445861,0.50701,-0.057268,-0.015603,-0.049121,0.018087,-0.094683,0.232531,-0.006388,0.063457,0.041368,-0.021353,0.661311,-0.692968,0.287161,0.295659,0.592635,0.749244,-0.689385,-0.410582,0.596799,-0.029311,-0.002346,-0.028659,0.112639,-0.357657,0.627122,-0.184806,0.09375,0.05361,-0.055171,0.80079,-0.583547,-0.134931,0.384944,0.328849,0.862366,-0.45886,-0.742516,0.487972,0.007407,-0.032035,-0.009391,2.212034,-3.612524,-2.528176,-1.106149
3043,0.191917,0.023421,0.325189,-0.667244,0.692209,-0.275095,-0.571266,-0.238481,0.785337,0.47884,0.680303,0.554912,0.014921,-0.077474,-0.030282,0.492091,0.723693,0.245974,-1.905763,-0.134116,-0.007575,0.301723,-0.664369,0.7009,0.259507,-0.224614,-0.518259,0.825161,0.71367,0.489029,0.501388,-0.087957,-0.009163,-0.058861,-0.543864,-1.222172,-0.770719,-0.013064,0.061976,0.04112,-0.022424,0.694136,-0.668369,0.267313,0.275228,0.589556,0.75939,-0.665149,-0.453548,0.593186,-0.043923,-0.004768,-0.029585,-0.526517,-1.237809,-0.782335,-0.198523,0.094065,0.052171,-0.055625,0.797535,-0.588445,-0.132921,0.400907,0.35234,0.845653,-0.450787,-0.727728,0.516915,0.007478,-0.039511,-0.015775,0.643941,0.852278,0.33092,-1.099944
3044,0.192441,0.020311,0.323697,-0.67818,0.685959,-0.263774,-0.574305,-0.270626,0.772597,0.459428,0.674595,0.577819,0.015197,-0.084551,-0.037278,0.936943,-0.544092,-0.740341,-1.905567,-0.138122,-0.008081,0.29953,-0.689613,0.683249,0.239992,-0.212339,-0.507465,0.835061,0.693197,0.524036,0.4947,-0.103179,-0.009042,-0.05757,0.070546,-1.361739,2.559747,-0.055306,0.059974,0.040862,-0.023526,0.717818,-0.65157,0.245343,0.26299,0.580032,0.770972,-0.644649,-0.488895,0.587714,-0.051572,-0.004548,-0.028755,0.095333,-1.348786,2.543947,-0.218771,0.094326,0.050611,-0.056376,0.804533,-0.581533,-0.120602,0.401282,0.382569,0.832233,-0.437833,-0.717955,0.541148,0.007482,-0.036779,-0.022748,1.998869,-3.336004,-3.062399,-1.098475
3045,0.192682,0.01879,0.322839,-0.683334,0.682926,-0.258289,-0.574658,-0.284745,0.767242,0.451271,0.671861,0.587354,0.014786,-0.072121,-0.044752,0.428048,0.60562,0.159315,-1.905474,-0.140557,-0.008358,0.298381,-0.704379,0.672069,0.228398,-0.206489,-0.50171,0.83999,0.679994,0.543651,0.491849,-0.13133,-0.023861,-0.050304,-0.297095,-0.234353,-0.216891,-0.090659,0.05885,0.040738,-0.024059,0.730485,-0.642602,0.231196,0.25906,0.573974,0.776815,-0.631884,-0.507558,0.585752,-0.066235,-0.006171,-0.028582,-1.436296,-4.951599,-1.744948,-0.24457,0.094447,0.049866,-0.056791,0.809189,-0.576223,-0.114798,0.39995,0.397078,0.826056,-0.430408,-0.71435,0.551771,0.007409,-0.035979,-0.022282,0.530407,0.780876,0.275586,-1.088351
3046,0.193382,0.015846,0.321122,-0.689551,0.679214,-0.251462,-0.575497,-0.302953,0.759602,0.440607,0.667655,0.600108,0.015052,-0.07519,-0.048658,0.101354,0.275852,-0.08524,-1.906138,-0.145587,-0.008908,0.296274,-0.72256,0.661907,0.199439,-0.208338,-0.483427,0.850193,0.660061,0.571917,0.486922,-0.132241,-0.021254,-0.048537,-1.248331,-4.741428,-2.337543,-0.208635,0.056291,0.040455,-0.025138,0.743424,-0.637993,0.200709,0.263998,0.555648,0.78839,-0.614511,-0.533121,0.581511,-0.074031,-0.005658,-0.027936,-0.121621,0.007326,0.343221,-0.327522,0.094797,0.048367,-0.057665,0.812345,-0.573273,-0.107014,0.400661,0.415294,0.816701,-0.42375,-0.70632,0.567051,0.0146,-0.042733,-0.020266,0.026249,0.155072,0.124337,-1.082636
3047,0.194392,0.012679,0.319587,-0.699075,0.672226,-0.243829,-0.571475,-0.320162,0.755569,0.430716,0.666705,0.608288,0.029483,-0.078899,-0.035948,0.298797,0.366774,0.27902,-1.906031,-0.151166,-0.009493,0.294427,-0.742997,0.647131,0.170787,-0.206967,-0.464661,0.860924,0.637412,0.603486,0.478929,-0.133274,-0.015525,-0.043217,-0.514948,0.033692,0.420154,-0.41277,0.053503,0.040156,-0.026069,0.765953,-0.620312,0.168903,0.261502,0.540618,0.799592,-0.587309,-0.568282,0.576301,-0.073939,-0.008614,-0.021607,-0.02456,-0.537487,0.004208,-0.493589,0.095297,0.04677,-0.05845,0.820514,-0.563107,-0.09831,0.393046,0.430898,0.812306,-0.415054,-0.705149,0.574885,0.01476,-0.039631,-0.018139,0.30122,0.549566,0.118095,-1.088514
3048,0.195699,0.00945,0.318576,-0.71497,0.661392,-0.226768,-0.560203,-0.347732,0.751816,0.419278,0.663739,0.619422,0.030275,-0.080266,-0.020036,0.337144,0.605133,0.12017,-1.906082,-0.156996,-0.010062,0.292873,-0.744731,0.649578,0.153016,-0.21356,-0.449036,0.867578,0.633197,0.612601,0.472911,-0.147764,-0.022841,-0.030289,-0.396691,0.104148,0.377747,-0.596734,0.050538,0.039865,-0.026864,0.766048,-0.62475,0.151183,0.268739,0.52495,0.807593,-0.583907,-0.578027,0.570032,-0.073865,-0.011232,-0.014841,-0.504187,0.124454,0.388449,-0.692477,0.09595,0.045149,-0.058968,0.832084,-0.548872,-0.079832,0.378533,0.456762,0.805034,-0.405396,-0.700076,0.587831,0.015145,-0.0401,-0.010004,0.524555,0.714864,0.203062,-1.089657
3049,0.196431,0.007867,0.31835,-0.719182,0.657377,-0.225118,-0.561136,-0.358297,0.746138,0.410727,0.662113,0.626847,0.04484,-0.086141,-0.008181,1.686297,-3.546593,-3.030099,-1.906456,-0.159936,-0.01037,0.29224,-0.7476,0.647606,0.147281,-0.213589,-0.444257,0.870028,0.629797,0.618144,0.470231,-0.148177,-0.020035,-0.02767,-0.288229,-0.336565,-0.108795,-0.669128,0.049068,0.03971,-0.027181,0.767965,-0.623842,0.145088,0.268927,0.519659,0.810945,-0.581297,-0.58376,0.566848,-0.074066,-0.009882,-0.013593,-0.284618,-0.339186,-0.11373,-0.776082,0.096311,0.044358,-0.059087,0.832526,-0.548451,-0.078108,0.380856,0.464243,0.799641,-0.402303,-0.69547,0.595376,0.022411,-0.042531,-0.003618,0.491159,0.770246,0.364497,-1.091616
3050,0.198143,0.00432,0.318537,-0.727483,0.649941,-0.219979,-0.563877,-0.383524,0.731385,0.391893,0.655302,0.645775,0.046334,-0.099193,0.016041,0.343982,0.666833,0.231939,-1.906092,-0.165783,-0.011089,0.29124,-0.757651,0.639827,0.128754,-0.216359,-0.432183,0.875409,0.616699,0.634574,0.465683,-0.148876,-0.015764,-0.023935,-0.276036,0.120736,0.173444,-0.734874,0.046145,0.039352,-0.02768,0.776783,-0.6172,0.125188,0.2725,0.508617,0.816732,-0.56776,-0.60031,0.563272,-0.074423,-0.007753,-0.011729,-0.347781,0.138219,0.170014,-0.889568,0.097167,0.04259,-0.059003,0.841578,-0.535317,-0.071982,0.38034,0.492693,0.782683,-0.383519,-0.686067,0.618243,0.022849,-0.043223,0.004707,0.508029,0.775396,0.320128,-1.095536
3051,0.200026,0.000562,0.319604,-0.721723,0.659139,-0.211417,-0.576915,-0.403902,0.709933,0.383448,0.633524,0.672043,0.061212,-0.096118,0.036606,0.58569,0.909026,0.44898,-1.906419,-0.171595,-0.01201,0.290598,-0.766048,0.632193,0.116157,-0.21991,-0.427404,0.876869,0.604952,0.645366,0.46626,-0.148633,-0.024247,-0.013996,-0.015209,0.045006,-0.104705,-0.730853,0.043294,0.038903,-0.027993,0.783628,-0.61118,0.111286,0.276281,0.503316,0.818743,-0.556412,-0.610844,0.56327,-0.0743,-0.012254,-0.007053,0.037955,-0.031489,0.02512,-0.90949,0.098104,0.040704,-0.058482,0.836552,-0.544145,-0.063915,0.392534,0.513872,0.762792,-0.382225,-0.663205,0.643476,0.023225,-0.042311,0.014755,0.696584,1.167376,0.372911,-1.097821
3052,0.201103,-0.001241,0.320431,-0.71967,0.664226,-0.202297,-0.579447,-0.413915,0.702059,0.383484,0.621644,0.683026,0.04713,-0.088898,0.044199,0.602953,1.030852,0.279244,-1.906253,-0.17446,-0.012496,0.290369,-0.766847,0.632191,0.110775,-0.223896,-0.425074,0.876993,0.602471,0.646903,0.467341,-0.148958,-0.022668,-0.012732,-0.010929,0.069919,-0.169807,-0.722198,0.041862,0.03866,-0.028107,0.784067,-0.611585,0.105838,0.280458,0.501219,0.818609,-0.553697,-0.612161,0.564514,-0.074463,-0.011405,-0.006349,-0.006356,0.083782,-0.195234,-0.911449,0.098665,0.039763,-0.058057,0.833467,-0.549844,-0.054804,0.395085,0.523648,0.754784,-0.386315,-0.65074,0.653679,0.023521,-0.043741,0.022731,0.50249,1.012892,0.291325,-1.094882
3053,0.203501,-0.004378,0.322562,-0.717012,0.671746,-0.186266,-0.583961,-0.432802,0.686764,0.381604,0.600354,0.702838,0.061186,-0.072503,0.059041,0.756383,0.700747,-0.004904,-1.906067,-0.179893,-0.013354,0.290028,-0.768613,0.632352,0.096725,-0.234285,-0.418781,0.877307,0.596232,0.650834,0.469878,-0.134576,-0.018237,-0.009917,-0.009674,0.057555,-0.145924,-0.688484,0.03914,0.038229,-0.028279,0.784868,-0.612826,0.091793,0.290903,0.49519,0.818633,-0.547134,-0.615817,0.566932,-0.067273,-0.009,-0.004713,-0.01143,0.064007,-0.15944,-0.892997,0.099842,0.038221,-0.057016,0.829673,-0.556857,-0.039395,0.398768,0.541788,0.739898,-0.390674,-0.629583,0.671563,0.030526,-0.035224,0.03045,0.707514,-0.408464,-0.978418,-1.08933
3054,0.206007,-0.006734,0.32502,-0.711013,0.681951,-0.171606,-0.593488,-0.450954,0.666622,0.378099,0.574973,0.725586,0.074541,-0.048854,0.061897,0.646259,0.810489,0.246336,-1.905787,-0.184975,-0.014183,0.289749,-0.770074,0.632499,0.083196,-0.244243,-0.412611,0.877514,0.590315,0.654617,0.472088,-0.11951,-0.028484,-0.002959,-0.044205,0.054842,-0.13372,-0.659827,0.036639,0.037829,-0.028413,0.785371,-0.61407,0.078163,0.301009,0.489174,0.818597,-0.540912,-0.619375,0.569023,-0.060077,-0.008506,-0.005213,-0.00906,0.047697,-0.126229,-0.863115,0.10109,0.037039,-0.055783,0.822832,-0.567741,-0.024813,0.408984,0.5613,0.719495,-0.394559,-0.602173,0.694053,0.030396,-0.029238,0.03613,0.931803,0.772396,0.042666,-1.093576
3055,0.208839,-0.00877,0.32787,-0.707341,0.690131,-0.153079,-0.601585,-0.473875,0.643046,0.372124,0.546083,0.750563,0.075064,-0.05253,0.077003,0.543947,0.923232,0.114169,-1.905886,-0.189361,-0.015061,0.289413,-0.77011,0.634103,0.06954,-0.253542,-0.404121,0.878827,0.58633,0.658345,0.471871,-0.105273,-0.029855,-0.006517,-0.054301,0.059973,-0.117408,-0.637912,0.034396,0.037387,-0.028579,0.784444,-0.616803,0.064805,0.310326,0.48083,0.820061,-0.536976,-0.623182,0.568594,-0.052903,-0.008828,-0.006572,0.008634,0.032109,-0.078032,-0.842867,0.102478,0.036049,-0.054386,0.817662,-0.575654,-0.00705,0.417253,0.584143,0.696187,-0.396644,-0.572188,0.717825,0.037114,-0.020448,0.034588,0.9091,0.809194,0.14255,-1.083942
3056,0.210154,-0.00966,0.329335,-0.711048,0.687848,-0.146017,-0.603556,-0.490383,0.628663,0.361702,0.534282,0.76403,0.074865,-0.047922,0.081239,0.789012,0.876267,0.373182,-1.905764,-0.191411,-0.015534,0.289207,-0.773114,0.631002,0.064213,-0.25435,-0.401006,0.88002,0.582008,0.66321,0.470406,-0.09124,-0.018953,-0.01633,-0.247848,-1.251778,-0.945465,-0.621589,0.033331,0.03714,-0.028683,0.786889,-0.614247,0.059195,0.311343,0.478001,0.821327,-0.532794,-0.627864,0.567376,-0.045617,-0.009599,-0.008202,-0.259523,-1.26819,-0.948254,-0.828171,0.103192,0.035564,-0.053595,0.819622,-0.572903,0.00095,0.418956,0.600508,0.681077,-0.390761,-0.557827,0.732211,0.037367,-0.023538,0.040969,0.862313,0.907592,0.365615,-1.083125
3057,0.212676,-0.011235,0.332584,-0.707605,0.693292,-0.136699,-0.617987,-0.513248,0.595516,0.343584,0.505004,0.791801,0.060087,-0.040165,0.089092,1.151015,0.67763,0.578051,-1.905328,-0.195209,-0.016563,0.288665,-0.775058,0.629342,0.056612,-0.256188,-0.394694,0.882337,0.578604,0.668548,0.467038,-0.091986,-0.021343,-0.019869,-0.032925,0.14928,-0.239261,-0.565985,0.031466,0.036635,-0.028945,0.788309,-0.613151,0.051119,0.313394,0.471636,0.824222,-0.529482,-0.633722,0.563954,-0.045729,-0.016532,-0.006171,-0.024048,0.057895,-0.103656,-0.785879,0.104431,0.034791,-0.052005,0.81614,-0.577768,0.009861,0.433753,0.623806,0.650171,-0.381799,-0.526354,0.759722,0.029604,-0.014415,0.040477,1.615262,-1.023644,1.535652,-1.074634
3058,0.214712,-0.01233,0.335957,-0.710178,0.692088,-0.129255,-0.625227,-0.535459,0.567756,0.324607,0.483159,0.813151,0.044428,-0.022439,0.087403,1.673118,-1.130749,1.399281,-1.905615,-0.198572,-0.017592,0.288003,-0.779123,0.624903,0.049559,-0.259193,-0.392944,0.88224,0.571761,0.673722,0.468028,-0.077436,-0.020937,-0.020958,-0.003772,0.013108,-0.052556,-0.540533,0.029779,0.036116,-0.02928,0.791787,-0.609237,0.043616,0.316454,0.470255,0.823842,-0.522426,-0.638506,0.565137,-0.045987,-0.016153,-0.006031,-0.053787,0.157521,-0.273349,-0.747669,0.105455,0.034238,-0.050317,0.81634,-0.577239,0.019591,0.441689,0.64578,0.622799,-0.372155,-0.499763,0.782136,0.022163,-0.011232,0.04367,0.695044,0.87027,-0.552985,-1.069082
3059,0.215528,-0.012708,0.337674,-0.710229,0.692682,-0.125745,-0.628708,-0.543618,0.556037,0.31768,0.473107,0.821752,0.044086,-0.018858,0.09041,0.666569,0.228263,0.119571,-1.905445,-0.200091,-0.018072,0.28767,-0.782869,0.620353,0.047641,-0.258361,-0.39361,0.882188,0.566998,0.677529,0.468329,-0.077111,-0.031479,-0.012381,-0.051345,0.137505,-0.234304,-0.5265,0.029019,0.035879,-0.029452,0.795333,-0.604791,0.040892,0.315705,0.470869,0.823779,-0.517469,-0.642268,0.565433,-0.038754,-0.009861,-0.009806,-0.004834,0.018467,-0.062585,-0.735259,0.105863,0.034048,-0.049459,0.81546,-0.578413,0.021466,0.447727,0.653851,0.609932,-0.366829,-0.487765,0.792161,0.014857,-0.009625,0.045464,1.557399,-1.057029,1.19056,-1.06647
3060,0.216897,-0.013166,0.341236,-0.70778,0.696391,-0.118879,-0.636739,-0.555854,0.534379,0.306934,0.453049,0.836997,0.028522,-0.004148,0.085591,0.680816,0.073934,0.230584,-1.904523,-0.202955,-0.019013,0.287034,-0.790338,0.61129,0.041017,-0.258853,-0.393667,0.882018,0.556303,0.685686,0.469282,-0.077493,-0.030649,-0.011861,-0.051017,0.136778,-0.232649,-0.500505,0.027558,0.035396,-0.029774,0.80217,-0.596173,0.033168,0.316005,0.471015,0.82358,-0.506619,-0.65017,0.566228,-0.038737,-0.015313,-0.005876,-0.052502,0.143744,-0.243717,-0.705213,0.106542,0.033819,-0.047704,0.812708,-0.581937,0.029219,0.455712,0.666076,0.590481,-0.363084,-0.466573,0.806522,0.014598,-0.007251,0.047303,0.428856,0.849919,-0.137939,-1.06402
3061,0.217817,-0.013431,0.344685,-0.715338,0.688717,-0.118351,-0.636374,-0.571956,0.517558,0.289646,0.444685,0.847578,0.028214,-0.002234,0.086613,0.150629,0.316357,-0.078752,-1.904563,-0.205583,-0.019967,0.286548,-0.794,0.606802,0.036693,-0.259734,-0.39301,0.882052,0.550644,0.690035,0.46958,-0.06222,-0.026366,-0.007761,-0.047574,0.106573,-0.181177,-0.491492,0.026291,0.034929,-0.030015,0.805427,-0.592027,0.02809,0.316997,0.470337,0.823587,-0.500798,-0.654435,0.566493,-0.031117,-0.013333,-0.00402,-0.050433,0.128143,-0.21356,-0.691497,0.107007,0.03369,-0.045976,0.818569,-0.573684,0.028816,0.457542,0.681536,0.571107,-0.347274,-0.454306,0.820369,0.006975,-0.001589,0.043346,0.612785,-0.193904,0.359798,-1.068593
3062,0.218166,-0.013525,0.34801,-0.719281,0.682759,-0.128533,-0.6436,-0.585062,0.493411,0.262572,0.436773,0.860414,-0.000202,-0.003253,0.086822,0.776798,0.02437,0.315508,-1.904691,-0.20777,-0.020613,0.286313,-0.795332,0.605413,0.030239,-0.265074,-0.392038,0.880895,0.546154,0.691806,0.472211,-0.061785,-0.007032,-0.005846,0.094661,0.006209,-0.195059,-0.492949,0.02519,0.034594,-0.030147,0.805991,-0.591541,0.02138,0.322458,0.469074,0.822185,-0.496385,-0.65578,0.568817,-0.023308,-0.003694,-0.003482,0.160761,-0.035058,-0.198921,-0.687904,0.107197,0.033646,-0.044279,0.823871,-0.566454,0.019084,0.464865,0.694613,0.549011,-0.324246,-0.443443,0.835597,-0.000606,0.004226,0.03947,1.117319,-1.838575,1.148965,-1.060918
3063,0.218107,-0.013449,0.349566,-0.720651,0.679749,-0.136561,-0.647523,-0.589365,0.483048,0.24876,0.435687,0.865057,-0.000959,0.006877,0.077228,0.237834,0.174832,-0.049474,-1.905784,-0.20867,-0.020843,0.286318,-0.795421,0.605473,0.026437,-0.267881,-0.390193,0.880865,0.54465,0.692795,0.472498,-0.045879,-0.015474,0.004865,-0.039918,0.055348,-0.099019,-0.49345,0.024734,0.034476,-0.030148,0.80611,-0.591501,0.017658,0.325128,0.46763,0.821957,-0.494446,-0.656847,0.569275,-0.022944,-0.007778,0.002422,-0.046244,0.041553,-0.066717,-0.687251,0.107168,0.033682,-0.043496,0.825369,-0.56448,0.011289,0.470957,0.699376,0.537655,-0.311391,-0.438447,0.843089,-0.000499,0.003031,0.038278,0.552785,-0.365133,0.437273,-1.062387
3064,0.217526,-0.013015,0.35227,-0.73011,0.664893,-0.157801,-0.648755,-0.601759,0.465804,0.215657,0.441633,0.870907,-0.029409,0.011293,0.06421,0.094678,0.062064,-0.18575,-1.660296,-0.210026,-0.021237,0.286569,-0.797698,0.602534,0.024935,-0.269675,-0.393209,0.878975,0.540415,0.693654,0.476088,-0.030004,-0.010387,0.010496,0.094925,-0.368978,0.631685,-0.495411,0.024044,0.034281,-0.030028,0.808356,-0.588392,0.018809,0.324455,0.471956,0.819747,-0.49121,-0.656545,0.572415,-0.014955,-0.004827,0.00574,-0.031732,0.017844,-0.0952,-0.688068,0.106893,0.033894,-0.042156,0.835583,-0.549292,-0.008792,0.472857,0.71098,0.520493,-0.279652,-0.439073,0.85382,-0.014747,0.005509,0.03201,1.195497,-1.82839,1.037138,-1.010298
3065,0.216387,-0.012362,0.354291,-0.755868,0.628513,-0.183521,-0.632512,-0.628371,0.452824,0.170223,0.45757,0.872743,-0.043544,0.015725,0.050513,0.950375,-2.441007,-5.002805,-1.059409,-0.210714,-0.021425,0.287165,-0.801035,0.597972,0.027648,-0.268481,-0.399979,0.876281,0.536052,0.693736,0.480875,-0.013593,-0.002176,0.020123,0.013555,-0.036136,-0.023125,-0.504845,0.023682,0.034176,-0.029734,0.811706,-0.583785,0.018097,0.32511,0.477347,0.816359,-0.485216,-0.656761,0.57726,-0.006823,-0.001193,0.009948,-0.022005,-0.025612,-0.049919,-0.690354,0.106323,0.03423,-0.041118,0.856458,-0.515128,-0.033469,0.459463,0.731143,0.504304,-0.23531,-0.447293,0.862877,-0.015166,0.01292,0.020236,-0.024922,0.102341,-0.352295,-0.818431
3066,0.215609,-0.012007,0.355152,-0.772599,0.603204,-0.198195,-0.619243,-0.646779,0.445182,0.141304,0.465924,0.873484,-0.043147,0.012478,0.047618,1.361988,-2.914957,-4.817022,-0.763315,-0.210872,-0.021381,0.287579,-0.803357,0.594939,0.025607,-0.270707,-0.402976,0.874221,0.531433,0.694611,0.484724,-0.013079,0.001332,0.024499,0.250204,-0.096924,-0.318238,-0.525411,0.023603,0.034197,-0.029528,0.813222,-0.581748,0.015428,0.327184,0.478972,0.814577,-0.481268,-0.657384,0.57985,0.001065,0.000676,0.011936,0.423246,-0.249138,-0.187675,-0.699498,0.105933,0.034411,-0.040685,0.871617,-0.488001,-0.046229,0.444531,0.747171,0.494091,-0.206576,-0.451209,0.868179,-0.01501,0.01175,0.019168,1.106564,-2.053839,1.133967,-0.744461
3067,0.213787,-0.011274,0.356411,-0.80584,0.549531,-0.220639,-0.58525,-0.682108,0.438386,0.091406,0.481712,0.871565,-0.057535,0.022497,0.02121,0.593116,-1.335808,-1.29548,-0.336196,-0.210781,-0.020874,0.288694,-0.806837,0.590333,0.022644,-0.273867,-0.407529,0.87112,0.524489,0.695888,0.490422,0.018739,0.011099,0.035146,0.204849,-0.107963,-0.208786,-0.56637,0.023635,0.034434,-0.028989,0.816468,-0.577264,0.012022,0.32983,0.483392,0.81089,-0.473909,-0.658101,0.585074,0.0018,0.005868,0.018331,0.418274,-0.274975,-0.130893,-0.735748,0.105027,0.034781,-0.04004,0.901834,-0.426968,-0.066272,0.403962,0.778742,0.479973,-0.153324,-0.459628,0.874776,-0.021304,0.005997,0.014726,2.158936,-4.516037,-3.759881,-0.635056
3068,0.211862,-0.010701,0.357015,-0.828691,0.507942,-0.235182,-0.556704,-0.703912,0.441089,0.059528,0.495818,0.866399,-0.042473,0.00968,0.009981,-0.107927,-0.051561,-0.104126,-0.115062,-0.210555,-0.019878,0.290121,-0.810191,0.585695,0.023305,-0.274459,-0.413995,0.867879,0.518975,0.695995,0.496104,0.004511,0.031796,0.039099,0.147943,-0.073731,-0.124482,-0.611346,0.023753,0.034927,-0.028282,0.820102,-0.572089,0.012078,0.330099,0.490234,0.806662,-0.467403,-0.657559,0.590888,0.002259,0.016072,0.019778,0.227619,-0.100854,-0.181322,-0.773468,0.104079,0.035071,-0.039729,0.921071,-0.38099,-0.080463,0.371205,0.796682,0.476973,-0.117619,-0.469194,0.875226,-0.021205,0.003934,0.004294,-0.10936,-0.076379,-0.167891,-0.558799
3069,0.210102,-0.010653,0.357084,-0.857775,0.451285,-0.246188,-0.513676,-0.733007,0.44588,0.021825,0.508361,0.860883,-0.04155,-0.004036,-0.001041,0.020296,-0.259761,-0.549528,0.007016,-0.210355,-0.018574,0.291776,-0.820338,0.571352,0.024377,-0.269779,-0.424027,0.864497,0.505296,0.701865,0.501921,0.005134,0.036636,0.044356,0.167352,-0.525546,-0.390665,-0.643704,0.023858,0.035605,-0.027414,0.830049,-0.557578,0.011134,0.325076,0.499959,0.802723,-0.453148,-0.66268,0.596246,0.002582,0.018636,0.022562,0.170094,-0.534022,-0.391866,-0.816087,0.103178,0.035108,-0.03969,0.942743,-0.321053,-0.090327,0.324236,0.818805,0.473739,-0.078135,-0.475902,0.876019,-0.020725,-0.002931,-0.001219,0.365557,-0.871857,-1.394843,-0.323824
3070,0.20934,-0.010827,0.357012,-0.868417,0.428822,-0.249015,-0.495868,-0.744504,0.446991,0.007364,0.511116,0.859496,-0.027362,-0.008634,-0.005461,0.38777,-0.715318,-1.517634,0.042944,-0.210263,-0.017878,0.292697,-0.824789,0.5649,0.024546,-0.267401,-0.427736,0.863408,0.499272,0.704835,0.503784,0.005653,0.02694,0.053836,0.028458,-0.104897,0.07376,-0.666378,0.023902,0.035945,-0.026971,0.834716,-0.55058,0.010501,0.322346,0.50398,0.801309,-0.446478,-0.665481,0.598157,0.002699,0.019574,0.023493,0.024765,-0.012597,-0.080715,-0.833396,0.102791,0.035021,-0.039726,0.949973,-0.298218,-0.092826,0.305723,0.827048,0.471724,-0.063905,-0.476504,0.876846,-0.020484,-0.005184,-0.003003,1.381315,-2.399582,-4.882259,-0.246751
3071,0.207997,-0.0113,0.356704,-0.870315,0.41584,-0.263957,-0.492357,-0.750128,0.441433,-0.013357,0.513627,0.857925,-0.027144,-0.013723,-0.009588,1.079186,-2.067876,1.333025,0.109221,-0.210085,-0.016577,0.29463,-0.84103,0.540389,0.025274,-0.257146,-0.440228,0.860237,0.477044,0.716287,0.509141,0.005546,0.02664,0.052701,0.029439,-0.105526,0.073311,-0.718267,0.023992,0.036603,-0.025995,0.850549,-0.525834,0.00792,0.311611,0.516057,0.797861,-0.42363,-0.676153,0.602788,0.002603,0.019118,0.022547,0.023954,-0.012234,-0.081764,-0.880097,0.10212,0.034777,-0.039885,0.953079,-0.283836,-0.105242,0.299408,0.832581,0.466007,-0.044647,-0.475653,0.878498,-0.013538,-0.007511,-0.005291,7.4e-05,0.072002,-0.114293,-0.132937
3072,0.206907,-0.011854,0.356265,-0.878889,0.383005,-0.284442,-0.474034,-0.768528,0.429684,-0.052941,0.512,0.857368,-0.027155,-0.015111,-0.010771,1.088571,-2.091214,1.293837,0.175232,-0.209935,-0.015524,0.296596,-0.859601,0.510536,0.020742,-0.250675,-0.456525,0.853628,0.446356,0.727919,0.52035,0.005391,0.025925,0.051149,0.514643,-0.441193,-0.180166,-0.786385,0.024069,0.03714,-0.024991,0.867404,-0.497603,-0.000632,0.304732,0.530195,0.791221,-0.393379,-0.686501,0.611529,0.002663,0.012959,0.025548,0.654704,-0.44857,-0.19486,-0.942475,0.101565,0.034487,-0.040114,0.959511,-0.250941,-0.12793,0.281635,0.847621,0.449687,-0.004408,-0.46751,0.883976,-0.013566,-0.00777,-0.005543,1.076289,-2.075041,1.286725,-0.035943
3073,0.20645,-0.012146,0.356041,-0.883002,0.366512,-0.293293,-0.463819,-0.777583,0.42451,-0.071376,0.510419,0.856975,-0.027188,-0.015278,-0.01094,0.172098,-0.225718,-0.472761,0.202831,-0.209898,-0.015088,0.297623,-0.87241,0.488542,0.014734,-0.247146,-0.466715,0.849135,0.42281,0.736519,0.527858,0.005637,0.014215,0.058262,0.345454,-0.497604,-0.139723,-0.818278,0.024086,0.037353,-0.024499,0.879514,-0.475781,-0.00934,0.300863,0.540746,0.785541,-0.368695,-0.693704,0.618739,-0.004802,0.012918,0.025698,0.490023,-0.956657,-0.22083,-0.971214,0.101347,0.034344,-0.040224,0.962187,-0.234924,-0.13786,0.27203,0.854641,0.442251,0.013925,-0.463031,0.886231,-0.013559,-0.008153,-0.005864,0.606751,-0.845137,-1.411789,0.008799
3074,0.205821,-0.012788,0.355607,-0.889682,0.33478,-0.310538,-0.443753,-0.79435,0.414807,-0.106704,0.506428,0.855671,-0.013269,-0.015197,-0.011646,0.019869,0.005294,-0.107664,0.184785,-0.210102,-0.014519,0.299809,-0.903824,0.427865,-0.004937,-0.240635,-0.498442,0.832817,0.35501,0.753351,0.553437,-0.009481,0.012308,0.056184,0.889014,-2.213242,2.081029,-0.939308,0.02399,0.037641,-0.023401,0.908184,-0.417233,-0.033411,0.290605,0.571078,0.767735,-0.301245,-0.706955,0.639894,-0.00459,0.000675,0.032234,0.754112,-0.671905,-0.4724,-1.000279,0.101027,0.034027,-0.040438,0.966793,-0.202746,-0.155573,0.250991,0.867866,0.428732,0.048093,-0.453543,0.889935,-0.006627,-0.007696,-0.005891,0.261912,-0.45605,-0.198036,0.047499
3075,0.205708,-0.013261,0.355255,-0.891657,0.327647,-0.312473,-0.437953,-0.799313,0.411421,-0.113857,0.503284,0.856603,0.014405,-0.008111,-0.007325,0.0091,-0.090029,0.181799,0.065343,-0.210806,-0.014267,0.302231,-0.931514,0.361899,-0.036083,-0.239627,-0.535752,0.809619,0.274844,0.762345,0.585794,-0.023907,0.014575,0.058838,1.258557,-1.295791,-0.117777,-1.092644,0.023642,0.037762,-0.022197,0.931763,-0.355329,-0.074545,0.289795,0.604194,0.742272,-0.218711,-0.713225,0.665939,-0.011875,0.00134,0.033047,0.971315,-1.558567,0.470245,-0.986236,0.100966,0.03377,-0.040629,0.967984,-0.195477,-0.157463,0.245052,0.871799,0.424163,0.054362,-0.44917,0.891789,0.007191,-0.003813,-0.00346,-0.008136,-0.101641,0.187028,-0.062233
3076,0.205859,-0.01333,0.355218,-0.893838,0.330298,-0.303319,-0.435878,-0.798997,0.414229,-0.104423,0.502048,0.858528,-0.000125,0.002603,0.002126,0.047717,0.022119,0.041886,0.026822,-0.21195,-0.014174,0.304842,-0.946192,0.317956,-0.060127,-0.241464,-0.569647,0.785577,0.216724,0.757409,0.615814,-0.037995,-0.008298,0.074495,0.937023,-0.981464,-0.040231,-1.191504,0.023077,0.03782,-0.020895,0.944522,-0.311817,-0.103191,0.288488,0.637411,0.714479,-0.157012,-0.704611,0.692004,-0.011895,0.000834,0.032202,1.070198,-1.120171,-0.123501,-0.993584,0.101042,0.033725,-0.040657,0.969108,-0.197413,-0.147839,0.24257,0.871287,0.426635,0.044587,-0.449317,0.892258,0.006929,0.001718,0.001049,0.050433,0.017623,0.060391,-0.161187
3077,0.206002,-0.013247,0.355278,-0.895315,0.331805,-0.297257,-0.434138,-0.799617,0.41486,-0.098929,0.500064,0.860335,0.013784,0.004829,0.003232,0.167877,0.205513,-0.087087,0.025673,-0.212721,-0.014265,0.306188,-0.950735,0.303067,-0.065146,-0.239914,-0.585856,0.774046,0.197623,0.751145,0.629753,-0.038181,-0.010088,0.072242,0.78615,-0.853993,0.018961,-1.216968,0.022677,0.037774,-0.020192,0.948753,-0.296159,-0.110261,0.28549,0.653625,0.700906,-0.13551,-0.696465,0.70468,-0.01915,-0.005144,0.036027,0.765272,-0.864007,0.018871,-0.995544,0.101108,0.033772,-0.040622,0.969822,-0.198221,-0.141959,0.240675,0.871423,0.427429,0.038981,-0.448696,0.892832,0.00686,0.003125,0.002193,0.262297,0.146864,0.13091,-0.180945
3078,0.206488,-0.013074,0.355445,-0.896161,0.33398,-0.29223,-0.433511,-0.79979,0.415181,-0.093949,0.498334,0.861895,0.013765,0.004952,0.003323,0.018686,-0.00141,0.035745,0.015496,-0.214479,-0.014647,0.308855,-0.962178,0.262552,-0.072605,-0.225273,-0.616513,0.754386,0.154521,0.741864,0.652398,-0.053235,-0.013081,0.069155,0.593346,-0.524263,-0.083178,-1.263267,0.021818,0.037591,-0.018881,0.959025,-0.2558,-0.121801,0.268341,0.682181,0.680162,-0.090895,-0.684977,0.722871,-0.026717,-0.006927,0.034183,0.775502,-0.143304,-0.655667,-0.987543,0.101351,0.033866,-0.040531,0.970151,-0.20052,-0.136369,0.240208,0.871727,0.427073,0.03324,-0.447083,0.893874,0.006859,0.002938,0.002032,-0.007755,-0.029929,0.066812,-0.195478
3079,0.207172,-0.012886,0.355654,-0.895776,0.336615,-0.290382,-0.43477,-0.799774,0.413895,-0.091806,0.496584,0.863136,0.028337,-0.004141,0.012711,-0.033165,-0.020364,0.03879,-0.020845,-0.216415,-0.015118,0.311265,-0.968758,0.231038,-0.090119,-0.221043,-0.638979,0.736736,0.113857,0.733334,0.670165,-0.054376,-0.008513,0.053559,0.713166,-0.615817,-0.132591,-1.328993,0.020872,0.037365,-0.017689,0.963559,-0.226764,-0.141883,0.262655,0.701644,0.662349,-0.050646,-0.675479,0.735636,-0.019888,-0.004406,0.026332,0.429775,-0.488973,0.0297,-0.988196,0.101698,0.033965,-0.040424,0.969848,-0.203173,-0.134587,0.241761,0.871737,0.426174,0.030738,-0.445862,0.894573,0.014164,-0.001996,0.006405,-0.042057,-0.026088,0.03973,-0.230259
3080,0.207503,-0.012781,0.355761,-0.895778,0.338797,-0.287824,-0.435289,-0.800062,0.412791,-0.089313,0.49463,0.864518,0.014322,-0.004078,0.013471,0.390302,0.38209,0.157555,-0.026369,-0.217414,-0.015333,0.312299,-0.971792,0.215744,-0.09522,-0.215809,-0.649966,0.728632,0.09654,0.728343,0.678277,-0.05456,-0.009952,0.051872,0.808827,-0.583506,-0.317985,-1.339618,0.020373,0.037249,-0.017166,0.965847,-0.212206,-0.148683,0.257006,0.711596,0.653894,-0.032959,-0.669774,0.741832,-0.027354,-0.005229,0.025699,0.493405,-0.499226,-0.01393,-0.986889,0.101858,0.034018,-0.040376,0.969927,-0.203744,-0.13315,0.241667,0.871199,0.427325,0.028936,-0.446652,0.894238,0.013822,0.003383,0.00202,-0.107534,0.175757,-0.074913,-0.241689
3081,0.208111,-0.012573,0.355963,-0.895045,0.340534,-0.288055,-0.437014,-0.798846,0.413323,-0.088251,0.495399,0.864187,0.013661,0.006117,0.004237,-0.333862,0.60618,-0.359702,-0.019849,-0.219445,-0.015618,0.31402,-0.976236,0.191847,-0.100744,-0.205366,-0.669673,0.713651,0.070684,0.717127,0.69325,-0.055365,-0.002984,0.039029,0.441604,-0.352196,-0.15798,-1.347833,0.019357,0.037104,-0.016301,0.969604,-0.187685,-0.156971,0.244628,0.731193,0.636799,-0.004741,-0.655843,0.754882,-0.027657,-0.007336,0.023345,0.64928,-0.551009,-0.343767,-0.989339,0.102157,0.034118,-0.040272,0.968939,-0.207327,-0.134803,0.245545,0.871364,0.424772,0.029395,-0.444679,0.895207,0.006826,0.003101,0.002143,0.00418,-0.120804,0.232131,-0.248711
3082,0.208575,-0.012421,0.35614,-0.89328,0.342519,-0.291164,-0.440273,-0.797585,0.412297,-0.089901,0.496059,0.863638,0.013699,0.005195,0.00348,0.00186,-0.027838,0.055197,-0.001654,-0.221472,-0.015736,0.315429,-0.980813,0.163187,-0.106612,-0.190716,-0.688424,0.699738,0.042038,0.706428,0.706438,-0.05558,0.007478,0.029911,0.498147,-0.464358,-0.238949,-1.361187,0.018322,0.037035,-0.015584,0.973232,-0.1595,-0.165463,0.22851,0.748404,0.622634,0.024523,-0.643778,0.764818,-0.027769,-0.002053,0.018845,0.614493,-0.648007,-0.700409,-0.987216,0.102395,0.034197,-0.040181,0.968415,-0.209377,-0.135397,0.247681,0.870348,0.425615,0.028729,-0.445707,0.894717,0.006873,0.002138,0.001361,0.001114,-0.015095,0.029307,-0.241362
3083,0.208719,-0.01236,0.356208,-0.892338,0.343569,-0.292813,-0.441997,-0.796929,0.411722,-0.090789,0.496386,0.863357,0.013772,0.003832,0.002375,0.000984,-0.014715,0.029553,0.00736,-0.222576,-0.015738,0.316126,-0.982438,0.148432,-0.113025,-0.185111,-0.696856,0.692863,0.025328,0.701419,0.712202,-0.055359,-0.00359,0.03805,0.516853,-0.290525,-0.353658,-1.366412,0.017791,0.037034,-0.015251,0.973996,-0.145977,-0.173262,0.222835,0.755356,0.616264,0.040914,-0.638848,0.768243,-0.027752,-0.002084,0.018759,0.697954,-0.508902,-0.294044,-0.992604,0.102466,0.03423,-0.040145,0.967902,-0.210623,-0.137121,0.249564,0.869946,0.425335,0.029703,-0.445904,0.894587,-0.000102,0.001747,0.001407,0.006136,-0.090721,0.176702,-0.233035
3084,0.20881,-0.012305,0.356313,-0.89146,0.345431,-0.293294,-0.443955,-0.795609,0.412168,-0.089866,0.497207,0.862981,-8.4e-05,0.001474,0.001192,0.006041,-0.090534,0.176989,0.018147,-0.22474,-0.015582,0.317486,-0.983571,0.132246,-0.122845,-0.180586,-0.710192,0.680405,0.003987,0.691233,0.722526,-0.054972,0.009947,0.032103,0.554155,-0.422678,-0.15037,-1.365273,0.016708,0.037106,-0.014577,0.974147,-0.130797,-0.184199,0.217104,0.767481,0.603189,0.062473,-0.627585,0.776036,-0.027602,0.004462,0.01556,0.079398,-0.28344,-0.029377,-0.98248,0.102517,0.034262,-0.040096,0.967423,-0.212545,-0.137531,0.251501,0.868997,0.426134,0.028941,-0.446842,0.894144,-5.8e-05,0.000987,0.000794,0.000171,-0.000288,-8.6e-05,-0.217195
3085,0.20875,-0.012345,0.356401,-0.89308,0.341489,-0.292981,-0.440365,-0.797164,0.413014,-0.091406,0.497444,0.862683,-2.4e-05,0.00043,0.000347,0.006038,-0.090493,0.17701,0.019637,-0.226837,-0.015329,0.318832,-0.98529,0.116897,-0.124619,-0.170636,-0.718495,0.674227,-0.009471,0.685417,0.727995,-0.04007,0.010316,0.031736,0.187748,-0.105113,-0.151682,-1.365132,0.015618,0.037236,-0.013877,0.97556,-0.114144,-0.187754,0.205527,0.776232,0.596005,0.07771,-0.620028,0.780721,-0.020042,0.005259,0.01601,0.163831,-0.093042,-0.15144,-0.983134,0.102487,0.034238,-0.040048,0.968348,-0.208442,-0.137308,0.247722,0.869977,0.426348,0.030586,-0.446867,0.894077,-1.1e-05,0.000147,0.000119,0.005358,-0.091531,0.177439,-0.208214
3086,0.208622,-0.012479,0.356589,-0.893969,0.337427,-0.294971,-0.437737,-0.798736,0.412769,-0.095216,0.497699,0.862123,0.000594,-0.009088,0.010116,-0.035712,0.008486,-0.020591,0.020234,-0.228681,-0.015024,0.320287,-0.986379,0.112046,-0.12039,-0.164178,-0.72098,0.673178,-0.010119,0.683623,0.729672,-0.039488,0.001217,0.041782,-0.059687,0.132134,-0.25182,-1.349859,0.014725,0.037382,-0.013179,0.976839,-0.108824,-0.18423,0.198979,0.778607,0.595128,0.078678,-0.618003,0.782228,-0.019742,0.000772,0.021099,-0.087434,0.138426,-0.25524,-0.989012,0.102428,0.034172,-0.039961,0.968948,-0.204287,-0.139303,0.244858,0.871142,0.425623,0.034404,-0.446516,0.894113,0.000274,-0.004206,0.005334,-0.036089,0.008522,-0.020468,-0.205928
3087,0.208564,-0.012552,0.356716,-0.893498,0.337939,-0.29581,-0.438628,-0.798244,0.412774,-0.095528,0.498139,0.861834,0.000527,-0.00792,0.01106,-0.034838,-0.004605,0.005069,0.019369,-0.229352,-0.014905,0.321034,-0.986922,0.109624,-0.118153,-0.160868,-0.722131,0.672743,-0.010319,0.682803,0.730436,-0.024757,0.001273,0.041266,0.17519,-0.121041,-0.148608,-1.333119,0.014369,0.037447,-0.012792,0.977479,-0.107144,-0.181807,0.196179,0.778837,0.595756,0.077766,-0.618006,0.782317,-0.019532,0.001745,0.022023,0.299062,-0.053142,-0.312944,-0.98689,0.102394,0.034133,-0.039899,0.968669,-0.204957,-0.140253,0.245891,0.870777,0.425774,0.034864,-0.446922,0.893892,0.000283,-0.004383,0.00519,-0.029719,-0.081801,0.156641,-0.205765
3088,0.208437,-0.012695,0.357014,-0.894294,0.335284,-0.296428,-0.43633,-0.800602,0.410639,-0.098531,0.49615,0.862643,-0.013453,-0.008048,0.011679,-0.002206,-0.045168,0.136348,0.00816,-0.23045,-0.014769,0.322688,-0.988147,0.103027,-0.113766,-0.153,-0.725787,0.670641,-0.012222,0.679958,0.733056,-0.024164,0.003967,0.043758,0.022621,0.052873,-0.232492,-1.295265,0.013811,0.037514,-0.011951,0.978886,-0.099872,-0.178341,0.187932,0.782879,0.593111,0.080384,-0.614105,0.785119,-0.012086,0.002114,0.022034,-0.0141,0.061073,-0.23769,-0.98297,0.102336,0.034062,-0.039749,0.969193,-0.202176,-0.140672,0.243463,0.872839,0.422938,0.037277,-0.444158,0.895172,-0.000116,0.001958,0.001581,0.005231,-0.003033,0.037359,-0.213603
3089,0.208337,-0.012917,0.357495,-0.897162,0.325816,-0.298313,-0.428872,-0.804402,0.41107,-0.104918,0.496325,0.861789,0.000407,-0.005776,0.012788,-0.029699,-0.081486,0.156685,0.005382,-0.231212,-0.014663,0.324467,-0.9892,0.093692,-0.112683,-0.145254,-0.732409,0.665141,-0.018956,0.674198,0.738215,-0.009391,-0.006924,0.051532,0.187281,-0.167062,-0.13088,-1.274664,0.013434,0.037571,-0.011078,0.979786,-0.09129,-0.178,0.180296,0.788478,0.588043,0.086667,-0.60825,0.788999,-0.011928,0.002761,0.022546,0.310412,-0.205453,-0.157878,-0.98346,0.102281,0.03395,-0.039509,0.970867,-0.192426,-0.142783,0.235592,0.875306,0.422297,0.043718,-0.443633,0.895141,0.000503,-0.007646,0.011281,-0.072998,0.003289,-0.015385,-0.223074
3090,0.208318,-0.013115,0.357847,-0.89643,0.326614,-0.299636,-0.43032,-0.803428,0.41146,-0.105235,0.497374,0.861146,0.00104,-0.015622,0.022301,-0.065423,-0.072889,0.136151,0.00884,-0.231457,-0.014643,0.32541,-0.989633,0.088408,-0.113144,-0.141535,-0.736357,0.661575,-0.023569,0.67061,0.741343,-0.009095,-0.005472,0.052849,0.086969,-0.10478,-0.087012,-1.263548,0.013311,0.03758,-0.010608,0.980085,-0.085686,-0.179137,0.176004,0.792554,0.583848,0.091947,-0.60375,0.791852,-0.004544,0.003072,0.022564,0.109163,-0.133592,-0.099107,-0.983624,0.102271,0.033855,-0.039337,0.970472,-0.193388,-0.144167,0.23711,0.874584,0.422943,0.044295,-0.444638,0.894614,0.00048,-0.007265,0.011588,-0.070859,0.003854,-0.015378,-0.222584
3091,0.208275,-0.013745,0.358718,-0.898283,0.320901,-0.30026,-0.425128,-0.807742,0.408401,-0.110362,0.494105,0.862385,0.001036,-0.015561,0.02236,-0.04979,0.020383,-0.008187,0.021148,-0.231808,-0.014751,0.327541,-0.99045,0.074725,-0.115831,-0.132661,-0.746887,0.651533,-0.036569,0.660574,0.749778,-0.008432,-0.013406,0.063959,0.156249,-0.15638,-0.148406,-1.248317,0.013133,0.037523,-0.009523,0.980435,-0.072377,-0.183053,0.166306,0.802069,0.573609,0.105305,-0.592829,0.798413,-0.00422,-0.006536,0.03216,0.101315,-0.148355,-0.16573,-0.98346,0.10225,0.033541,-0.038901,0.971518,-0.18761,-0.144753,0.231929,0.878077,0.418554,0.048579,-0.440206,0.896581,0.000852,-0.013303,0.015457,-0.11529,-0.064957,0.127052,-0.213603
