frame,MLTx,MLTy,MLTz,MLTR1,MLTR2,MLTR3,MLTR4,MLTR5,MLTR6,MLTR7,MLTR8,MLTR9,MLTTVx,MLTTVy,MLTTVz,MLTRVx,MLTRVy,MLTRVz,MLGA,MRTx,MRTy,MRTz,MRTR1,MRTR2,MRTR3,MRTR4,MRTR5,MRTR6,MRTR7,MRTR8,MRTR9,MRTTVx,MRTTVy,MRTTVz,MRTRVx,MRTRVy,MRTRVz,MRGA,SLTx,SLTy,SLTz,SLTR1,SLTR2,SLTR3,SLTR4,SLTR5,SLTR6,SLTR7,SLTR8,SLTR9,SLTTVx,SLTTVy,SLTTVz,SLTRVx,SLTRVy,SLTRVz,SLGA,SRTx,SRTy,SRTz,SRTR1,SRTR2,SRTR3,SRTR4,SRTR5,SRTR6,SRTR7,SRTR8,SRTR9,SRTTVx,SRTTVy,SRTTVz,SRTRVx,SRTRVy,SRTRVz,SRGA
8,0.136472,-0.013827,0.446136,-0.342427,0.744213,-0.57353,-0.826952,-0.52843,-0.192052,-0.445579,0.40759,0.797093,-0.012467,0.002652,0.001744,-0.000984,0.014714,-0.029553,0.156476,-0.114265,-0.020465,0.41114,0.43634,0.719406,0.54042,-0.836974,0.544944,-0.049434,-0.330589,-0.431655,0.839195,0.01347,0.000726,-0.00072,-0.151166,0.325366,0.155636,-0.038846,0.038638,0.031286,-0.006249,-0.273474,-0.779307,0.563818,0.917687,-0.387017,-0.089819,0.288204,0.492846,0.820999,0.01338,0.001311,-0.000354,-0.22513,0.490624,0.224475,-0.281964,0.077917,0.029366,-0.047959,-0.149037,0.824793,-0.545438,-0.922408,-0.314718,-0.223865,-0.356302,0.469752,0.8077,-0.006206,0.00586,-0.004417,0.035114,0.004644,-0.010444,-0.025492
9,0.135976,-0.013575,0.445904,-0.344397,0.74344,-0.573353,-0.825917,-0.530238,-0.191522,-0.445977,0.406655,0.797347,-0.012826,0.009043,-0.01019,0.034996,0.004397,-0.010307,0.189084,-0.113509,-0.020279,0.411021,0.435202,0.715055,0.547071,-0.837239,0.544847,-0.045904,-0.331419,-0.438953,0.835072,0.026803,0.002318,-0.000885,-0.066393,0.126732,0.116855,0.075419,0.039011,0.03138,-0.006308,-0.272845,-0.774085,0.571267,0.918135,-0.386883,-0.085725,0.287372,0.501111,0.816274,0.006143,0.004512,-0.005792,-0.039171,0.159976,0.086155,-0.1577,0.077669,0.029494,-0.048068,-0.15116,0.82449,-0.545313,-0.921834,-0.316742,-0.22337,-0.35689,0.468924,0.807922,-0.006422,6.9e-05,0.00025,-0.000924,0.014746,-0.029686,0.025944
10,0.135744,-0.013464,0.445775,-0.345436,0.743022,-0.57327,-0.825373,-0.53119,-0.191228,-0.446181,0.406178,0.797477,-0.000239,0.007188,-0.011535,0.035978,-0.010346,0.019234,0.209536,-0.113142,-0.020208,0.41096,0.434585,0.712039,0.551477,-0.837373,0.544847,-0.043389,-0.33189,-0.443833,0.832301,0.013491,0.00063,-0.000787,-0.082917,0.174514,0.099731,0.119768,0.0392,0.031414,-0.00634,-0.272589,-0.770979,0.575574,0.918379,-0.386846,-0.083239,0.286835,0.505905,0.813501,0.006113,0.0047,-0.005672,-0.066828,0.263213,-0.056497,-0.0932,0.077549,0.029551,-0.048132,-0.152295,0.824318,-0.545257,-0.921527,-0.317826,-0.223097,-0.3572,0.468493,0.808035,-0.006468,-0.000219,0.000109,-0.000937,0.014748,-0.029655,0.051091
11,0.135297,-0.013132,0.445446,-0.347219,0.742282,-0.573151,-0.824244,-0.533005,-0.191047,-0.446879,0.405156,0.797606,-0.012666,0.010025,-0.009696,0.034989,0.004305,-0.010345,0.249485,-0.112441,-0.020057,0.410847,0.433855,0.705716,0.560112,-0.8374,0.545201,-0.038085,-0.332774,-0.453404,0.82677,0.01341,0.001136,-0.000462,-0.082684,0.222236,-0.094445,0.187735,0.039551,0.031488,-0.006397,-0.272745,-0.764332,0.584299,0.918692,-0.387249,-0.077731,0.285682,0.515591,0.807806,0.006725,0.000468,-0.00031,-0.073189,0.151403,0.089984,0.015062,0.077329,0.029713,-0.048299,-0.154184,0.824008,-0.545194,-0.920854,-0.319845,-0.222991,-0.358124,0.467663,0.808107,1e-06,0.004329,-0.00539,0.036003,-0.010388,0.019148,0.105956
12,0.13488,-0.012774,0.445094,-0.34965,0.741381,-0.572839,-0.823928,-0.534323,-0.188715,-0.445563,0.405069,0.798385,-0.012654,0.010055,-0.009677,0.034985,0.004243,-0.01037,0.311766,-0.111714,-0.01988,0.4107,0.43544,0.69894,0.567332,-0.837185,0.546038,-0.029946,-0.331241,-0.462803,0.822165,0.026762,0.002648,-0.000686,-0.051362,0.093422,0.104622,0.257957,0.039909,0.031577,-0.00647,-0.275047,-0.757775,0.591714,0.919079,-0.387888,-0.069531,0.282208,0.524708,0.803143,0.006782,0.000149,-0.000515,-0.043325,0.151639,-0.157134,0.104708,0.077121,0.029892,-0.048474,-0.156767,0.823683,-0.544948,-0.920902,-0.32129,-0.220707,-0.35688,0.467244,0.808899,-0.006319,0.005034,-0.004829,0.035501,0.004122,-0.010108,0.169967
13,0.13448,-0.012549,0.444892,-0.350197,0.741194,-0.572747,-0.823407,-0.535023,-0.189008,-0.446096,0.40449,0.798382,-0.012643,0.001437,0.001137,-0.000984,0.014715,-0.029553,0.366505,-0.110939,-0.019738,0.41055,0.439499,0.692278,0.572349,-0.837521,0.546074,-0.017176,-0.324967,-0.472677,0.819046,0.01376,-0.00085,-0.001759,-0.688441,-0.210643,0.516696,0.321616,0.040301,0.031651,-0.006543,-0.279457,-0.752163,0.596786,0.919961,-0.387713,-0.057866,0.274907,0.532849,0.80031,0.006938,-0.000734,-0.001093,-2.09781,-1.052555,1.264029,0.196641,0.076916,0.030009,-0.048579,-0.157352,0.823623,-0.54487,-0.920537,-0.3221,-0.221045,-0.357561,0.466792,0.80886,-0.006316,0.000726,0.000578,-0.000963,0.014717,-0.029566,0.259776
14,0.134308,-0.012505,0.444863,-0.349092,0.741572,-0.572933,-0.822653,-0.535247,-0.191638,-0.448347,0.4035,0.797621,-0.012853,0.00012,0.000479,-0.00098,0.014713,-0.029551,0.390191,-0.110587,-0.0197,0.410433,0.439713,0.691086,0.573624,-0.838139,0.545211,-0.014177,-0.323075,-0.475413,0.81821,0.013975,-0.002052,-0.002544,-0.060062,0.172854,-0.112702,0.342037,0.040477,0.031672,-0.006601,-0.280495,-0.750959,0.597814,0.920579,-0.386809,-0.053964,0.271765,0.535198,0.799816,0.006392,0.003086,-0.006726,-0.023681,0.189624,-0.118914,0.235177,0.076836,0.030034,-0.048592,-0.156114,0.82375,-0.545035,-0.919794,-0.322359,-0.223747,-0.360009,0.46639,0.808005,-0.006318,0.000727,0.000578,-0.005633,0.016005,-0.032344,0.293088
15,0.134008,-0.012574,0.444838,-0.348306,0.741854,-0.573046,-0.821851,-0.535635,-0.193981,-0.450423,0.402469,0.796973,-0.013219,-0.002124,-0.000643,-0.000984,0.014715,-0.029553,0.4215,-0.109957,-0.019645,0.410095,0.440969,0.688893,0.575296,-0.839716,0.542929,-0.006286,-0.317208,-0.48118,0.817134,0.013121,0.004281,-0.014666,-0.581358,-0.307903,0.266661,0.374666,0.040792,0.031698,-0.006764,-0.281507,-0.748823,0.600014,0.922064,-0.384187,-0.046867,0.265613,0.540058,0.798614,0.007224,-0.002295,-0.002116,-1.97862,-1.299392,1.192703,0.286777,0.076686,0.030001,-0.048604,-0.155317,0.823841,-0.545126,-0.919055,-0.32285,-0.226063,-0.362234,0.465889,0.807299,-0.00035,-0.002189,-0.001089,-0.004376,0.008907,-0.029291,0.350403
16,0.133777,-0.012634,0.444509,-0.34415,0.739671,-0.578354,-0.820026,-0.536743,-0.198589,-0.456897,0.404998,0.791991,-0.001249,0.000885,-0.014684,0.032979,-0.016237,-0.012459,0.437749,-0.109439,-0.019579,0.409555,0.438396,0.688129,0.578169,-0.840497,0.541707,-0.007229,-0.318703,-0.483645,0.815094,0.013312,0.003292,-0.015327,0.036009,-0.006669,0.024942,0.414762,0.041046,0.031728,-0.007031,-0.279286,-0.747875,0.60223,0.922667,-0.38268,-0.047339,0.265865,0.542437,0.796917,0.006785,0.000969,-0.008116,0.033888,0.046782,-0.167445,0.341643,0.076566,0.029972,-0.048762,-0.151656,0.820753,-0.550785,-0.917438,-0.324255,-0.230576,-0.367841,0.470343,0.802165,-0.00062,0.00044,-0.007337,0.033922,0.011967,0.025206,0.385183
17,0.133709,-0.012616,0.444167,-0.340948,0.737128,-0.583474,-0.81889,-0.537648,-0.200813,-0.461313,0.408414,0.787665,-0.001621,0.007205,-0.026649,0.058721,-0.126602,-0.022304,0.436204,-0.109203,-0.019486,0.409215,0.438676,0.686222,0.58022,-0.840026,0.54245,-0.006251,-0.31956,-0.48552,0.813643,0.013375,0.002984,-0.015536,0.031069,0.00467,0.029202,0.418957,0.041174,0.031776,-0.007212,-0.279873,-0.745907,0.604395,0.922355,-0.383562,-0.046262,0.26633,0.54452,0.79534,0.006703,0.00146,-0.007797,0.043485,-0.024119,0.018136,0.360258,0.076533,0.02998,-0.048927,-0.149044,0.81763,-0.556116,-0.916494,-0.32537,-0.232748,-0.371246,0.474987,0.797848,-0.000835,-0.000912,-0.008019,0.02107,-0.08834,-0.032923,0.392695
18,0.133654,-0.012457,0.443248,-0.333596,0.728579,-0.598274,-0.816934,-0.540072,-0.20227,-0.470074,0.420366,0.776113,-0.001658,0.006982,-0.026768,0.015375,-0.56001,-0.149557,0.414295,-0.108753,-0.019159,0.408421,0.440623,0.68358,0.58186,-0.838337,0.545065,-0.005311,-0.321315,-0.486315,0.812476,0.01316,0.004256,-0.014713,0.028981,0.009367,0.031014,0.420494,0.041394,0.031935,-0.007606,-0.282162,-0.743624,0.606141,0.921223,-0.386398,-0.045206,0.267828,0.545636,0.79407,0.005843,0.007047,-0.012272,0.076386,-0.020073,0.042882,0.371852,0.076504,0.030055,-0.04939,-0.14375,0.809086,-0.569836,-0.91513,-0.327844,-0.234636,-0.376658,0.487746,0.787547,-0.000825,0.00342,-0.013422,-0.006283,-0.816774,-0.232254,0.383224
19,0.133454,-0.012032,0.442104,-0.327979,0.719096,-0.61268,-0.815058,-0.543237,-0.201362,-0.477229,0.43243,0.76504,-0.001529,0.007788,-0.026359,0.041887,-0.301136,-0.074756,0.392443,-0.108273,-0.018509,0.407428,0.443172,0.680616,0.583397,-0.836054,0.548566,-0.004683,-0.323755,-0.486532,0.811377,0.011276,0.016224,-0.023119,0.066717,-0.004995,0.079689,0.428948,0.041627,0.032243,-0.008088,-0.28501,-0.741171,0.60781,0.919699,-0.390099,-0.044433,0.270039,0.546339,0.792837,0.005644,0.008167,-0.011532,0.077618,-0.029907,0.069935,0.381486,0.076409,0.030258,-0.049949,-0.140017,0.79821,-0.585878,-0.914077,-0.331648,-0.23339,-0.3806,0.50286,0.776062,-0.000712,0.008401,-0.018469,0.078794,-0.455435,0.11075,0.358077
20,0.133276,-0.011747,0.441493,-0.332523,0.708828,-0.622122,-0.80748,-0.554736,-0.200539,-0.486856,0.434783,0.757603,-0.014117,0.018357,-0.035741,3.482743,0.476555,-4.372583,0.385251,-0.10805,-0.01807,0.406861,0.444291,0.678262,0.585283,-0.834836,0.550424,-0.003942,-0.325365,-0.487717,0.81002,0.00986,0.02554,-0.033254,0.07981,0.050398,0.093435,0.428301,0.041747,0.032471,-0.008379,-0.286518,-0.739017,0.60972,0.918833,-0.392226,-0.043625,0.271387,0.547733,0.791414,0.004848,0.013309,-0.016281,0.087464,0.025786,0.114584,0.383935,0.076319,0.030403,-0.050265,-0.142227,0.791449,-0.594456,-0.911439,-0.338955,-0.233211,-0.386069,0.508642,0.769566,-0.007017,0.009301,-0.017808,0.033337,-0.955962,-0.082008,0.344524
21,0.132789,-0.011094,0.440122,-0.324564,0.697864,-0.638506,-0.805404,-0.557813,-0.200352,-0.49559,0.448357,0.743904,-0.014371,0.016829,-0.036498,0.053329,-0.730675,-0.010983,0.376917,-0.107659,-0.016918,0.405468,0.446805,0.671517,0.591119,-0.831845,0.554947,-0.001469,-0.329567,-0.491907,0.805777,0.009542,0.027176,-0.03214,0.064494,0.076469,0.134851,0.422942,0.041943,0.033046,-0.009076,-0.289912,-0.732596,0.615836,0.916832,-0.397174,-0.040866,0.274532,0.552771,0.786813,0.004134,0.017974,-0.021322,0.11305,0.044898,0.145398,0.383119,0.076076,0.030733,-0.050949,-0.141404,0.778902,-0.610995,-0.908053,-0.347861,-0.233305,-0.394264,0.521826,0.756473,-0.007186,0.00826,-0.018322,0.037104,-0.692832,-0.201992,0.327215
22,0.131998,-0.010526,0.438719,-0.317547,0.688281,-0.652286,-0.803326,-0.560697,-0.200642,-0.503446,0.459426,0.731776,-0.015097,0.012546,-0.038679,0.069794,-0.397697,-0.119402,0.371117,-0.107442,-0.015566,0.403906,0.456275,0.658853,0.598094,-0.826154,0.563298,0.009927,-0.330918,-0.499476,0.80055,0.00779,0.038159,-0.041109,-0.025633,0.40232,0.074549,0.420319,0.042055,0.033731,-0.00987,-0.301214,-0.722285,0.622554,0.913239,-0.406348,-0.029585,0.274343,0.55963,0.782017,0.003903,0.019167,-0.020502,-0.045273,0.46527,0.092321,0.379363,0.075676,0.031028,-0.051662,-0.136142,0.767472,-0.626459,-0.906675,-0.351363,-0.233415,-0.399255,0.536217,0.743683,-0.00757,0.005994,-0.01947,0.069745,-0.394241,-0.117854,0.317581
23,0.130939,-0.010256,0.43734,-0.311752,0.680125,-0.66354,-0.801392,-0.563338,-0.20098,-0.510109,0.468251,0.721497,-0.028738,0.000217,-0.029472,0.066411,-0.157303,0.075241,0.366986,-0.107463,-0.014018,0.402299,0.471169,0.645455,0.601147,-0.81981,0.571857,0.028738,-0.325792,-0.507179,0.797805,-0.006065,0.039261,-0.039068,-0.272267,0.40678,0.440106,0.407044,0.042045,0.034503,-0.010675,-0.318034,-0.712283,0.625704,0.909456,-0.415655,-0.01091,0.267848,0.565582,0.779983,-0.003041,0.019813,-0.019418,-0.351101,0.556873,0.50574,0.370708,0.075147,0.031164,-0.052351,-0.132049,0.758224,-0.638481,-0.905406,-0.354452,-0.233673,-0.403487,0.547228,0.733306,-0.014386,-0.00014,-0.014849,0.071339,-0.065747,0.107987,0.310233
24,0.130305,-0.010251,0.4367,-0.309985,0.676614,-0.667944,-0.800398,-0.564822,-0.200777,-0.51274,0.471539,0.717479,-0.029372,-0.003162,-0.031258,0.058043,-0.048224,-0.129093,0.363568,-0.107545,-0.013154,0.401489,0.476508,0.64045,0.602291,-0.817453,0.574832,0.035674,-0.323948,-0.510149,0.796662,0.006781,0.043352,-0.037573,0.036602,0.211341,0.214767,0.401527,0.042001,0.034919,-0.011066,-0.324173,-0.707373,0.628119,0.908061,-0.418825,-0.00302,0.265208,0.569392,0.77811,-0.003981,0.025688,-0.023636,0.063867,0.255019,0.242307,0.364177,0.074841,0.03117,-0.052658,-0.130976,0.754675,-0.642891,-0.904821,-0.356008,-0.233571,-0.405145,0.55111,0.729475,-0.020915,0.003968,-0.020143,0.107911,-0.049638,0.100509,0.307294
25,0.128756,-0.01053,0.435571,-0.310693,0.672147,-0.672111,-0.798254,-0.568323,-0.199427,-0.515642,0.473717,0.713956,-0.043199,-0.015366,-0.022128,0.027859,0.053682,-0.153766,0.360816,-0.10785,-0.011322,0.399864,0.494377,0.626757,0.602294,-0.810117,0.58332,0.058141,-0.315492,-0.51746,0.795338,-0.006893,0.043699,-0.036032,-0.110069,0.468444,0.533899,0.388273,0.041854,0.035835,-0.011879,-0.343821,-0.698686,0.627394,0.903552,-0.428079,0.018438,0.255692,0.573223,0.778483,-0.004115,0.02641,-0.023111,0.188004,-0.005073,0.107115,0.349644,0.074056,0.031028,-0.053235,-0.132724,0.750986,-0.646841,-0.90356,-0.359915,-0.232464,-0.407385,0.553606,0.726331,-0.02163,-0.007969,-0.011189,0.029885,0.084951,-0.142841,0.300599
26,0.126864,-0.011103,0.434601,-0.299584,0.67548,-0.673811,-0.808997,-0.554171,-0.195933,-0.505391,0.48557,0.713323,-0.056708,-0.016368,-0.022464,-3.696655,-1.010254,3.760199,0.364228,-0.10824,-0.009406,0.39822,0.510339,0.615616,0.600469,-0.801114,0.594114,0.071959,-0.313069,-0.518541,0.795591,-0.008365,0.053299,-0.045821,0.163505,-0.038207,0.316487,0.370991,0.041659,0.036793,-0.012695,-0.361836,-0.688764,0.628234,0.89726,-0.440174,0.034198,0.252978,0.576064,0.777271,-0.004258,0.027197,-0.022545,0.194814,-0.099564,0.321286,0.32711,0.07313,0.030745,-0.053713,-0.125244,0.751046,-0.64826,-0.908758,-0.349019,-0.228787,-0.398085,0.560458,0.726232,-0.028395,-0.008527,-0.011383,0.028807,0.085688,-0.17773,0.300272
27,0.125879,-0.011459,0.434151,-0.292665,0.678573,-0.673745,-0.813822,-0.546635,-0.197119,-0.501696,0.489772,0.713058,-0.056966,-0.016814,-0.022807,0.024573,0.072911,-0.178802,0.364865,-0.108489,-0.008401,0.39741,0.516191,0.608982,0.602228,-0.796423,0.599858,0.076248,-0.315447,-0.519752,0.79386,-0.02034,0.043315,-0.034948,0.089678,0.043329,0.323733,0.366363,0.041542,0.037277,-0.013088,-0.36842,-0.683589,0.630057,0.89401,-0.446392,0.038446,0.254971,0.577442,0.775596,-0.003683,0.023299,-0.017002,0.076027,0.062297,0.367597,0.318129,0.072616,0.030558,-0.053948,-0.113609,0.753325,-0.647761,-0.913771,-0.33517,-0.229527,-0.390018,0.565829,0.726445,-0.028493,-0.008558,-0.011454,0.02442,0.074804,-0.180286,0.303048
28,0.123784,-0.012261,0.433305,-0.270822,0.687329,-0.674003,-0.825362,-0.526078,-0.204918,-0.495095,0.499942,0.710609,-0.057554,-0.017906,-0.023624,0.617499,-0.226067,0.551011,0.364296,-0.109157,-0.006603,0.396084,0.531422,0.602434,0.59553,-0.788647,0.608388,0.088502,-0.309646,-0.517452,0.797637,-0.020751,0.045861,-0.033229,-1.616478,-1.539668,1.570046,0.361282,0.041205,0.038196,-0.013769,-0.383475,-0.67968,0.625284,0.888445,-0.456381,0.048782,0.252212,0.574238,0.778869,-0.010368,0.023012,-0.016551,0.166078,-0.095053,0.258724,0.308658,0.07159,0.030162,-0.054364,-0.090899,0.756759,-0.647342,-0.920274,-0.312241,-0.235795,-0.380567,0.574299,0.724809,-0.02884,-0.009395,-0.012018,1.953646,-0.718717,1.626298,0.303865
29,0.121549,-0.013159,0.432526,-0.244987,0.696522,-0.674451,-0.836241,-0.503758,-0.216566,-0.490306,0.51008,0.706715,-0.058291,-0.027707,-0.013791,-0.043563,-0.029134,0.139943,0.363414,-0.110031,-0.004964,0.394917,0.544424,0.599329,0.586855,-0.782983,0.613973,0.099543,-0.301319,-0.514444,0.802756,-0.019116,0.035755,-0.023704,0.102122,-0.00865,0.067253,0.360949,0.040767,0.039022,-0.014354,-0.399085,-0.679428,0.615717,0.884269,-0.462777,0.062488,0.242483,0.569397,0.785485,-0.010263,0.022624,-0.016782,0.146537,-0.088998,0.273166,0.304249,0.070473,0.029716,-0.054757,-0.063072,0.759746,-0.647152,-0.925214,-0.287622,-0.247491,-0.374166,0.583145,0.721068,-0.029137,-0.009834,-0.012383,-0.120726,-0.097896,0.304598,0.303048
30,0.119275,-0.014082,0.431747,-0.217309,0.705586,-0.674515,-0.850775,-0.475607,-0.2235,-0.47824,0.524412,0.70449,-0.058586,-0.018859,-0.024668,0.034208,0.019581,-0.017227,0.361699,-0.111089,-0.003356,0.393858,0.563562,0.596008,0.571982,-0.776163,0.618959,0.119979,-0.283216,-0.512316,0.810669,-0.034167,0.046841,-0.031325,0.137128,-0.094271,0.277736,0.359127,0.040257,0.039804,-0.014876,-0.41906,-0.679831,0.601845,0.879552,-0.468459,0.083265,0.225333,0.564247,0.794259,-0.016253,0.018132,-0.011065,-0.053328,-0.132013,0.166378,0.302943,0.069357,0.029257,-0.055134,-0.033738,0.762163,-0.646505,-0.932763,-0.256311,-0.253489,-0.358906,0.594484,0.719565,-0.02933,-0.013775,-0.006949,-0.029892,0.023365,-0.010219,0.299783
31,0.118145,-0.014488,0.431349,-0.209163,0.70809,-0.674466,-0.855095,-0.466992,-0.225172,-0.47416,0.528753,0.704003,-0.058955,-0.019618,-0.025223,0.02521,0.082258,-0.208952,0.360998,-0.111699,-0.002604,0.393417,0.574471,0.594011,0.563138,-0.771985,0.621756,0.131881,-0.272501,-0.511243,0.815007,-0.034286,0.047928,-0.030618,0.135915,-0.083954,0.250815,0.355268,0.03994,0.040193,-0.015105,-0.430641,-0.679911,0.593521,0.876485,-0.471884,0.095381,0.215223,0.561288,0.799145,-0.022963,0.018419,-0.010285,0.078735,-0.095517,0.243306,0.30033,0.068771,0.02905,-0.05534,-0.025252,0.762711,-0.646245,-0.934938,-0.246878,-0.254836,-0.35391,0.597764,0.719322,-0.035851,-0.00859,-0.011737,0.034305,0.02748,-0.02674,0.299129
32,0.115708,-0.015317,0.430459,-0.186014,0.714274,-0.674728,-0.864461,-0.445319,-0.233176,-0.466797,0.539012,0.701138,-0.072549,-0.018564,-0.024625,2.02718,-0.710389,1.483408,0.358079,-0.113122,-0.000946,0.392566,0.591536,0.589392,0.550176,-0.763296,0.629049,0.147,-0.260175,-0.507644,0.821261,-0.033176,0.041269,-0.018955,0.114642,-0.069353,0.216317,0.339943,0.039228,0.041025,-0.015534,-0.4488,-0.678567,0.581484,0.869993,-0.480447,0.110816,0.204177,0.555622,0.805974,-0.023186,0.020302,-0.009082,0.120522,-0.059499,0.208082,0.285961,0.067558,0.028635,-0.055786,-0.003293,0.76347,-0.645834,-0.939593,-0.223419,-0.259323,-0.342277,0.605967,0.718087,-0.029738,-0.010062,-0.012863,-0.067896,-0.012547,0.079809,0.29668
33,0.113323,-0.016259,0.429619,-0.159489,0.720573,-0.674821,-0.876652,-0.417628,-0.23883,-0.453728,0.552595,0.69914,-0.060365,-0.02976,-0.015971,-0.935071,-0.435917,1.271968,0.350739,-0.114848,0.00071,0.391907,0.602303,0.585642,0.542445,-0.756605,0.635333,0.15438,-0.254963,-0.504137,0.825047,-0.0467,0.043956,-0.01614,0.114396,-0.066988,0.212825,0.326784,0.038371,0.041849,-0.015867,-0.460409,-0.6769,0.574308,0.864909,-0.487735,0.118516,0.199886,0.55129,0.810015,-0.022666,0.017391,-0.003025,0.072528,0.019265,0.005321,0.269958,0.06636,0.028168,-0.056209,0.024399,0.763361,-0.64551,-0.943878,-0.19516,-0.266467,-0.329389,0.615785,0.715758,-0.03015,-0.014829,-0.007893,-3.059714,-1.489171,4.194849,0.289658
34,0.112133,-0.016771,0.4293,-0.147594,0.723163,-0.674757,-0.882834,-0.403836,-0.239777,-0.445713,0.559408,0.698877,-0.060171,-0.02781,-0.015003,-0.040718,0.084194,-0.196197,0.348568,-0.115843,0.001479,0.391665,0.606562,0.58463,0.538777,-0.754398,0.636984,0.158328,-0.251376,-0.503224,0.826703,-0.046519,0.043795,-0.016293,0.104205,0.011341,0.030424,0.311739,0.037872,0.042238,-0.015985,-0.465101,-0.676679,0.570776,0.863159,-0.489803,0.12267,0.196559,0.549725,0.81189,-0.029005,0.016113,-0.003294,0.071979,0.035548,-0.025294,0.257711,0.065765,0.027907,-0.056371,0.038172,0.763082,-0.645172,-0.946973,-0.178508,-0.267161,-0.319035,0.621159,0.715805,-0.029988,-0.013567,-0.007266,-0.113954,0.052041,-0.101185,0.28525
35,0.10973,-0.017811,0.428846,-0.123945,0.727755,-0.674578,-0.89471,-0.375884,-0.241202,-0.428953,0.57275,0.698559,-0.059772,-0.024058,-0.013097,-0.013327,0.093951,-0.224681,0.346172,-0.117857,0.002901,0.391333,0.612721,0.583786,0.532688,-0.751725,0.638382,0.165264,-0.244335,-0.502431,0.829293,-0.057771,0.032758,-0.006443,0.065316,0.028651,-0.019907,0.28655,0.036848,0.042968,-0.016156,-0.471629,-0.67701,0.564997,0.861091,-0.491629,0.129695,0.189965,0.547683,0.814834,-0.028887,0.01641,-0.00317,0.072025,0.034897,-0.02551,0.223747,0.064585,0.027396,-0.056599,0.062299,0.762035,-0.644531,-0.952026,-0.148485,-0.267575,-0.299605,0.630281,0.716227,-0.029724,-0.011417,-0.006151,-0.041176,0.076725,-0.173979,0.280514
36,0.107339,-0.018761,0.428518,-0.102067,0.731491,-0.674202,-0.906492,-0.347458,-0.239828,-0.40957,0.58577,0.699395,-0.072513,-0.018672,-0.009928,-0.345412,-0.018715,0.118214,0.343462,-0.119782,0.004128,0.391295,0.619998,0.58314,0.52492,-0.749002,0.638976,0.175039,-0.234103,-0.502424,0.832243,-0.056282,0.024559,0.004024,0.029518,0.032308,-0.041706,0.281072,0.035923,0.043561,-0.016179,-0.479347,-0.677774,0.557536,0.858978,-0.492586,0.139698,0.179951,0.545876,0.818313,-0.028949,0.017784,-0.00238,0.063196,0.012961,0.009251,0.206928,0.063394,0.026917,-0.056766,0.083269,0.760684,-0.643758,-0.956704,-0.119772,-0.265275,-0.278895,0.637975,0.717777,-0.029701,-0.010457,-0.005668,-3.71875,-1.303294,3.855241,0.276269
37,0.104902,-0.019614,0.428311,-0.081094,0.736105,-0.672026,-0.913983,-0.323799,-0.244462,-0.397458,0.593479,0.699884,-0.059396,-0.02687,0.000644,-0.378348,-0.02103,0.130884,0.34381,-0.121664,0.005067,0.39152,0.628498,0.5826,0.515322,-0.746003,0.638863,0.187794,-0.220587,-0.503193,0.835464,-0.041755,0.016433,0.013428,-0.016989,0.009172,-0.023534,0.275451,0.03496,0.044046,-0.016066,-0.488248,-0.678875,0.548399,0.856627,-0.492873,0.152529,0.166743,0.544246,0.822187,-0.028026,0.012456,0.002078,-0.009909,-0.005437,-0.009085,0.199417,0.062148,0.026482,-0.056874,0.10548,0.760253,-0.641005,-0.958578,-0.09377,-0.268952,-0.264578,0.642823,0.718871,-0.036026,-0.007529,-0.003951,-1.131154,-0.386854,1.144564,0.274962
38,0.103658,-0.020054,0.42828,-0.075707,0.738599,-0.669914,-0.914357,-0.319365,-0.248856,-0.397666,0.592781,0.700356,-0.059211,-0.025333,0.001474,0.575523,-0.128135,0.316685,0.343629,-0.122593,0.005508,0.391677,0.629676,0.582541,0.51395,-0.745585,0.63881,0.189627,-0.218628,-0.50333,0.835897,-0.041656,0.016548,0.013425,-0.00305,0.022333,-0.035104,0.271595,0.03448,0.044273,-0.015983,-0.489416,-0.679043,0.547148,0.85632,-0.492853,0.154306,0.164883,0.544055,0.822689,-0.020833,0.008257,0.006734,0.001178,0.026274,-0.038653,0.194191,0.061504,0.026251,-0.056889,0.111318,0.761502,-0.638531,-0.957949,-0.088764,-0.272863,-0.264465,0.642055,0.719599,-0.029581,-0.012581,0.000828,0.639885,-0.18619,0.348547,0.274962
39,0.101254,-0.021102,0.428385,-0.051764,0.744735,-0.665383,-0.921376,-0.292547,-0.255837,-0.385131,0.5989,0.702154,-0.059314,-0.024199,0.001983,-1.069785,0.010175,1.290727,0.340981,-0.124372,0.006308,0.392095,0.629658,0.582983,0.513472,-0.746043,0.637927,0.190792,-0.217106,-0.503939,0.835926,-0.041521,0.01716,0.013653,-0.519262,-0.465139,0.393468,0.269098,0.033622,0.044659,-0.015785,-0.487745,-0.679278,0.548347,0.857106,-0.491876,0.153057,0.165751,0.544645,0.822123,-0.020716,0.008191,0.006622,-0.013649,0.102762,-0.21679,0.18717,0.060347,0.02575,-0.056841,0.131611,0.760703,-0.635616,-0.958099,-0.066943,-0.278501,-0.254407,0.645638,0.720019,-0.029685,-0.012237,0.000942,0.052271,0.573149,0.161115,0.273819
40,0.099153,-0.022442,0.428818,-0.023824,0.750176,-0.660843,-0.927191,-0.263695,-0.265995,-0.373783,0.605458,0.702662,-0.046992,-0.036184,0.010358,-0.062007,0.24241,0.082335,0.33615,-0.12606,0.006931,0.392582,0.630323,0.583775,0.511753,-0.746662,0.636182,0.194169,-0.212995,-0.50523,0.836205,-0.041038,0.015178,0.012316,-0.016972,0.009189,-0.023522,0.267606,0.032746,0.044987,-0.015529,-0.489961,-0.6804,0.544971,0.857122,-0.490021,0.158807,0.158995,0.544916,0.823277,-0.020514,0.007485,0.006125,-0.011576,0.014211,-0.028085,0.182761,0.059293,0.025088,-0.056625,0.164356,0.759793,-0.629047,-0.957152,-0.031301,-0.287888,-0.238425,0.64941,0.722093,-0.023702,-0.022734,0.01039,-0.388755,0.290769,0.43379,0.269247
41,0.098186,-0.023184,0.429095,-0.015882,0.752442,-0.6585,-0.927551,-0.256937,-0.271301,-0.37332,0.605548,0.70283,-0.04734,-0.044577,0.021183,-0.065418,0.144939,0.202313,0.331702,-0.126878,0.007222,0.39281,0.632368,0.58397,0.508999,-0.746223,0.635422,0.198301,-0.208408,-0.505961,0.836918,-0.040817,0.014246,0.011695,-0.158167,-0.1233,0.093819,0.26659,0.032352,0.045127,-0.015419,-0.491966,-0.680971,0.542444,0.85678,-0.489318,0.162773,0.154584,0.544835,0.82417,-0.020395,0.006944,0.005769,-0.571777,-0.511768,0.438086,0.181455,0.058805,0.024721,-0.05649,0.172511,0.76032,-0.626221,-0.955821,-0.024399,-0.292933,-0.238002,0.64909,0.722521,-0.030299,-0.021171,0.011385,-0.072298,0.306503,0.005619,0.265165
42,0.096267,-0.024749,0.429812,-0.000112,0.758733,-0.651436,-0.928034,-0.242665,-0.282555,-0.372473,0.60358,0.704969,-0.060711,-0.041316,0.023193,0.057878,0.389288,0.320504,0.321177,-0.12825,0.007746,0.393207,0.631159,0.584421,0.509982,-0.74711,0.634582,0.197647,-0.208896,-0.506495,0.836473,-0.02746,0.012164,0.00933,-0.00252,0.018757,-0.032182,0.260792,0.031661,0.045393,-0.015218,-0.490727,-0.681197,0.543284,0.857447,-0.488342,0.16219,0.154825,0.545429,0.823732,-0.013778,0.006381,0.004869,-0.000802,0.007273,-0.006016,0.174923,0.057833,0.023924,-0.056129,0.188926,0.761715,-0.619754,-0.952919,-0.010221,-0.30305,-0.237173,0.64783,0.723922,-0.023653,-0.021583,0.01099,0.359476,0.328698,1.111608,0.251448
43,0.094369,-0.026527,0.43085,0.030231,0.764462,-0.643995,-0.932376,-0.210554,-0.293792,-0.360235,0.608376,0.707203,-0.047688,-0.051054,0.033035,1.683969,-0.699364,1.941934,0.319987,-0.129362,0.008172,0.393546,0.631404,0.584827,0.509212,-0.747467,0.633637,0.199329,-0.206863,-0.507212,0.836544,-0.014419,0.011767,0.00802,-0.000471,0.003553,-0.002937,0.260577,0.031095,0.045609,-0.015046,-0.490912,-0.681652,0.542544,0.857721,-0.48731,0.163838,0.152707,0.545781,0.823894,-0.007202,0.005767,0.00396,-0.000257,0.003769,-0.003129,0.171984,0.056879,0.023038,-0.055614,0.217803,0.761618,-0.610327,-0.950139,0.022483,-0.311013,-0.223151,0.647635,0.72854,-0.023565,-0.02066,0.011509,-1.138597,-0.269749,1.428996,0.244264
44,0.092687,-0.028413,0.432033,0.054045,0.773419,-0.631623,-0.932864,-0.186431,-0.308188,-0.356188,0.604913,0.712206,-0.034085,-0.051539,0.032537,0.562831,0.070338,0.768159,0.312672,-0.13037,0.008568,0.393834,0.634609,0.585058,0.504946,-0.746633,0.632613,0.205605,-0.199928,-0.508224,0.837615,-0.02696,0.009611,0.007702,-0.000935,0.007101,-0.005872,0.260574,0.030591,0.045804,-0.014903,-0.494265,-0.682508,0.538407,0.857012,-0.486376,0.170196,0.145709,0.545544,0.825317,-0.013468,0.004663,0.003782,0.003542,0.011234,-0.009663,0.171004,0.05602,0.022074,-0.055011,0.244832,0.763717,-0.59732,-0.943927,0.047016,-0.326787,-0.22149,0.643835,0.732405,-0.017046,-0.02572,0.016327,0.631209,0.045972,0.808785,0.238385
45,0.091852,-0.029372,0.432686,0.062182,0.778956,-0.624024,-0.933129,-0.176391,-0.313254,-0.354168,0.600805,0.716676,-0.047325,-0.048138,0.034729,-0.057212,0.573841,0.128267,0.306913,-0.130781,0.008767,0.393937,0.637366,0.584921,0.501621,-0.745543,0.632433,0.210068,-0.195156,-0.508606,0.838509,-0.015374,0.019482,-0.002879,0.034338,-0.002598,0.019226,0.260619,0.030391,0.045898,-0.01485,-0.497168,-0.682916,0.535209,0.85613,-0.486317,0.174749,0.140943,0.545088,0.826446,-0.013365,0.003969,0.003361,-0.000313,0.020716,-0.034093,0.170841,0.055602,0.021595,-0.054684,0.253939,0.766419,-0.590014,-0.941764,0.056897,-0.331424,-0.22044,0.639816,0.736234,-0.023667,-0.024021,0.01742,-0.05816,0.66318,0.160877,0.231854
46,0.090182,-0.03125,0.433905,0.072526,0.790261,-0.608501,-0.933205,-0.16145,-0.320989,-0.352006,0.590154,0.726524,-0.034206,-0.043025,0.021516,-0.010416,0.485395,0.361583,0.306868,-0.131421,0.009175,0.394097,0.63724,0.584899,0.501806,-0.745566,0.632499,0.209785,-0.195476,-0.508548,0.838469,-0.013728,0.007171,0.005216,-0.00046,0.003542,-0.002942,0.259842,0.030076,0.046105,-0.014774,-0.497022,-0.682853,0.535424,0.856145,-0.48642,0.174383,0.141363,0.545073,0.826384,-0.006939,0.00416,0.002959,-0.000343,0.003645,-0.003041,0.170677,0.054781,0.020675,-0.054081,0.266006,0.774259,-0.574249,-0.938312,0.071439,-0.338328,-0.220931,0.628823,0.7455,-0.024027,-0.02475,0.016899,-0.030024,0.742516,0.369749,0.224506
47,0.088535,-0.032871,0.434831,0.087357,0.797051,-0.597599,-0.934106,-0.142829,-0.327135,-0.346214,0.585808,0.732798,-0.046897,-0.029469,0.013806,-0.032061,0.101965,0.237673,0.304451,-0.131833,0.009551,0.394197,0.636724,0.585088,0.502241,-0.745888,0.632301,0.209238,-0.195932,-0.508579,0.838344,-0.013575,0.006117,0.004579,-0.000458,0.003533,-0.002946,0.259086,0.029864,0.046294,-0.014723,-0.496438,-0.682946,0.535848,0.856411,-0.486158,0.173808,0.141805,0.545191,0.82623,-0.000443,0.003595,0.002118,-1.6e-05,3e-06,1.1e-05,0.170351,0.053974,0.019872,-0.053626,0.281755,0.777878,-0.56171,-0.934601,0.090037,-0.344111,-0.217102,0.621931,0.752375,-0.023686,-0.019306,0.012169,-0.076134,0.173744,0.021082,0.221076
48,0.087758,-0.033479,0.435152,0.092306,0.800404,-0.59235,-0.934907,-0.134988,-0.328176,-0.342756,0.58309,0.736581,-0.033173,-0.030817,0.012856,-0.034487,0.222002,0.099137,0.303053,-0.132008,0.009713,0.394223,0.636226,0.585301,0.502623,-0.746233,0.632031,0.208823,-0.196235,-0.508669,0.838219,-0.013295,0.003894,0.003269,-0.002045,0.015205,-0.029245,0.255548,0.029777,0.046379,-0.014707,-0.49591,-0.683057,0.536194,0.856671,-0.48585,0.173385,0.142078,0.545326,0.826094,-0.00103,0.008036,-0.002955,0.026699,0.063817,-0.134117,0.169045,0.053567,0.019551,-0.053457,0.28734,0.779578,-0.5565,-0.933559,0.097981,-0.34477,-0.214249,0.618592,0.755936,-0.023274,-0.013909,0.007438,-0.029531,0.263611,0.074804,0.21928
49,0.086205,-0.03431,0.435563,0.099212,0.801748,-0.589409,-0.937092,-0.123871,-0.326322,-0.334771,0.583709,0.739756,-0.044723,-0.013643,0.007543,-0.040329,0.069146,-0.132883,0.292334,-0.132165,0.009899,0.394251,0.635471,0.585639,0.503184,-0.746772,0.631584,0.208246,-0.196631,-0.508834,0.838025,-0.000213,0.001751,0.001025,0.0,0.0,0.0,0.24117,0.029693,0.046474,-0.014692,-0.49506,-0.683253,0.536731,0.857104,-0.485306,0.17277,0.142433,0.545566,0.825874,-0.000103,0.000846,0.0005,-9e-06,5e-06,4e-06,0.155818,0.052793,0.019125,-0.053252,0.294311,0.779151,-0.553447,-0.933143,0.109174,-0.342527,-0.206458,0.617255,0.759191,-0.015688,-0.00835,0.002795,-0.042009,0.040362,-0.140453,0.210136
50,0.084725,-0.03465,0.435786,0.112551,0.800033,-0.589342,-0.940744,-0.105072,-0.322387,-0.319993,0.589711,0.741534,-0.043004,-0.007652,0.011422,-0.04102,0.056695,-0.103159,0.286533,-0.132122,0.009936,0.394314,0.635305,0.585733,0.503285,-0.746924,0.631406,0.20824,-0.196589,-0.508948,0.837966,-0.000101,0.000828,0.000484,0.0,0.0,0.0,0.236399,0.029715,0.046489,-0.014662,-0.494875,-0.683314,0.536824,0.857222,-0.485103,0.172756,0.142368,0.54567,0.825817,-4.7e-05,0.000385,0.000226,-3e-06,-2e-06,2e-06,0.146674,0.052052,0.018951,-0.053143,0.3069,0.774255,-0.553479,-0.932459,0.128145,-0.337781,-0.190603,0.619763,0.76129,-0.014788,-0.00147,-0.000955,-0.011361,0.032148,-0.076786,0.199032
51,0.083209,-0.034711,0.435957,0.130841,0.799019,-0.586936,-0.944059,-0.080268,-0.319814,-0.302821,0.594955,0.74455,-0.042322,-0.005203,0.012998,-0.328814,-0.089564,0.267426,0.282543,-0.131968,0.00994,0.39442,0.635382,0.585731,0.50319,-0.746924,0.631323,0.208492,-0.196341,-0.509053,0.837961,-0.000218,0.001783,0.001042,0.001587,-0.011673,0.026299,0.230104,0.029792,0.046488,-0.014611,-0.494955,-0.683327,0.536733,0.857218,-0.485019,0.173007,0.142105,0.545729,0.825823,-9.9e-05,0.000799,0.000464,0.001578,-0.011679,0.026309,0.139162,0.051295,0.018923,-0.053056,0.324144,0.769223,-0.550658,-0.930029,0.152588,-0.334308,-0.173134,0.620492,0.764861,-0.014398,-0.000136,-8.7e-05,-0.991553,-0.510581,1.148256,0.193317
52,0.082445,-0.034741,0.436085,0.133445,0.798667,-0.58683,-0.944896,-0.075994,-0.318385,-0.299053,0.595988,0.745247,-0.042172,0.002935,0.001842,-0.005105,0.052354,-0.116199,0.283016,-0.131887,0.009913,0.394444,0.635123,0.585873,0.503351,-0.747149,0.631076,0.208435,-0.196322,-0.509197,0.837878,0.000111,-0.000906,-0.000529,-0.01095,0.080537,-0.181506,0.224525,0.029827,0.046478,-0.014596,-0.494773,-0.683389,0.536821,0.857335,-0.484818,0.172994,0.142039,0.545829,0.825769,9.6e-05,-0.000796,-0.000468,-1e-06,7e-06,-3e-06,0.13508,0.050914,0.018909,-0.052986,0.326943,0.767986,-0.55073,-0.929845,0.157327,-0.332616,-0.1688,0.620841,0.765546,-0.021125,-0.00241,0.006641,-0.037886,0.053175,-0.108967,0.191684
53,0.081007,-0.034982,0.436506,0.143223,0.800642,-0.581811,-0.94657,-0.060734,-0.316683,-0.289072,0.595087,0.74989,-0.04245,-0.005241,0.01293,-3.23624,-1.731224,4.233139,0.285793,-0.131789,0.009895,0.394483,0.635036,0.585935,0.503389,-0.747246,0.630942,0.208492,-0.196231,-0.509292,0.837841,-3.6e-05,0.000297,0.000174,0.0,0.0,0.0,0.213957,0.029882,0.046465,-0.014579,-0.494569,-0.683463,0.536915,0.857467,-0.484585,0.17299,0.141949,0.545943,0.825709,-2.2e-05,0.000174,0.000101,7e-06,-3e-06,1e-06,0.12316,0.050195,0.018793,-0.052778,0.332308,0.769567,-0.545285,-0.928914,0.166905,-0.330546,-0.163366,0.616367,0.770325,-0.014678,-0.004626,0.005185,-0.038139,0.034814,-0.116058,0.194623
54,0.079891,-0.035391,0.437039,0.148677,0.805012,-0.574365,-0.947529,-0.050158,-0.315666,-0.283117,0.59016,0.756031,-0.028678,-0.007018,0.011784,0.043381,0.536672,0.059308,0.274501,-0.131755,0.00993,0.394547,0.634965,0.585981,0.503425,-0.747325,0.630833,0.208538,-0.196163,-0.509373,0.837808,-0.000166,0.001349,0.000788,0.0,0.0,0.0,0.200931,0.029899,0.046482,-0.014548,-0.494489,-0.683496,0.536947,0.857527,-0.484464,0.173031,0.141866,0.54601,0.825679,-8.6e-05,0.000701,0.000408,4e-06,6e-06,-2e-06,0.106014,0.049621,0.018585,-0.052508,0.34278,0.769291,-0.539158,-0.926694,0.182775,-0.328374,-0.154071,0.612195,0.77555,-0.014333,-0.003461,0.005938,0.057773,0.7258,0.142077,0.187765
55,0.079366,-0.035659,0.437418,0.151707,0.806321,-0.571732,-0.948131,-0.044674,-0.31468,-0.279471,0.588814,0.758433,-0.028697,-0.014508,0.023355,-0.060776,0.133075,-0.07311,0.272911,-0.131735,0.009933,0.394593,0.63479,0.586076,0.503535,-0.747483,0.630649,0.208528,-0.196125,-0.509492,0.837744,-0.000132,0.001074,0.000627,0.0,0.0,0.0,0.199221,0.029909,0.046484,-0.014524,-0.494296,-0.683556,0.537049,0.857649,-0.484255,0.173013,0.141804,0.54612,0.825617,-7.9e-05,0.00064,0.000373,1e-06,6e-06,-1e-06,0.099809,0.049369,0.018455,-0.052328,0.346289,0.770859,-0.534658,-0.925745,0.188498,-0.327817,-0.151919,0.608477,0.778893,-0.014454,-0.007549,0.011497,-0.045303,0.040761,0.096722,0.18205
56,0.078513,-0.036384,0.438412,0.161899,0.813192,-0.559064,-0.947313,-0.030512,-0.318809,-0.276521,0.580214,0.766104,-0.015526,-0.025774,0.032492,0.018543,0.667928,0.289074,0.280614,-0.131719,0.009882,0.394724,0.634521,0.586235,0.503689,-0.74777,0.630257,0.208683,-0.1959,-0.509795,0.837613,-0.000133,0.001085,0.000633,0.0,0.0,0.0,0.196995,0.029916,0.046462,-0.014463,-0.494009,-0.683657,0.537184,0.857857,-0.483842,0.173139,0.141545,0.546359,0.825502,-9.7e-05,0.000779,0.000456,1e-05,2e-06,-1e-05,0.094094,0.048939,0.0181,-0.051832,0.357141,0.773284,-0.52391,-0.921943,0.201819,-0.33059,-0.149905,0.601083,0.785001,-0.007707,-0.008921,0.010615,-0.046478,0.048833,0.096979,0.182213
57,0.077986,-0.037345,0.439573,0.174986,0.819099,-0.546354,-0.942981,-0.020066,-0.332197,-0.283291,0.572314,0.769564,-0.002402,-0.029789,0.0299,2.235837,-0.475074,1.298534,0.290945,-0.131721,0.009822,0.394815,0.637873,0.582541,0.50374,-0.744171,0.634444,0.208862,-0.198713,-0.508829,0.837537,-1.1e-05,8.8e-05,5.1e-05,0.0,0.0,0.0,0.195584,0.029916,0.04643,-0.014412,-0.497956,-0.68062,0.537396,0.855085,-0.488588,0.173525,0.144461,0.545928,0.825283,-1e-06,-5e-06,-2e-06,4e-06,-7.5e-05,-0.000143,0.091808,0.048671,0.017613,-0.051237,0.370896,0.777297,-0.508177,-0.91492,0.212012,-0.34347,-0.159239,0.592333,0.789799,-0.001213,-0.01488,0.014958,2.2254,-0.544509,1.262916,0.193154
58,0.077837,-0.037866,0.440108,0.180406,0.823065,-0.538575,-0.940235,-0.016385,-0.340089,-0.288973,0.566719,0.77159,-0.016091,-0.027359,0.031448,0.036306,0.238421,0.417,0.293511,-0.131727,0.009798,0.394848,0.637821,0.582574,0.503769,-0.744234,0.634351,0.20892,-0.198643,-0.508908,0.837506,-7e-06,6e-05,3.5e-05,0.0,0.0,0.0,0.194299,0.029913,0.046418,-0.014396,-0.497896,-0.680644,0.537422,0.855134,-0.488482,0.173579,0.144375,0.545992,0.825255,-1e-06,-8e-06,-7e-06,-4.5e-05,-2.7e-05,-9e-05,0.090665,0.048602,0.017363,-0.050981,0.377036,0.779103,-0.50084,-0.91112,0.214818,-0.351728,-0.166443,0.58894,0.790851,-0.001376,-0.011616,0.008851,0.223302,0.283192,0.349396,0.198379
59,0.077747,-0.038969,0.440854,0.191363,0.827702,-0.527575,-0.93561,-0.008557,-0.352891,-0.29685,0.560107,0.773427,-0.003899,-0.026808,0.015297,0.040959,0.19353,0.22341,0.293326,-0.131714,0.00977,0.3949,0.637684,0.582654,0.50385,-0.744376,0.634167,0.208974,-0.198553,-0.509046,0.837444,-5.2e-05,0.00042,0.000245,0.0,0.0,0.0,0.189237,0.02992,0.046402,-0.014371,-0.497741,-0.680699,0.537496,0.855244,-0.488273,0.173625,0.144258,0.546111,0.825198,-3.2e-05,0.000253,0.00015,-3.4e-05,-1e-05,-7e-05,0.08544,0.048554,0.016815,-0.0506,0.388504,0.780595,-0.489627,-0.904554,0.221806,-0.364119,-0.175628,0.584357,0.792263,-0.001916,-0.009504,0.001958,0.247181,0.186455,0.346094,0.202788
60,0.077733,-0.039826,0.440992,0.196306,0.82872,-0.52415,-0.934662,-0.003371,-0.355482,-0.296614,0.558657,0.774564,-0.00428,-0.01295,-0.008685,-0.002013,0.009889,-0.027101,0.296275,-0.131715,0.009785,0.394955,0.637732,0.582638,0.503807,-0.744361,0.634148,0.209086,-0.198454,-0.509088,0.837441,-0.000203,0.001655,0.000965,0.0,0.0,0.0,0.187354,0.029919,0.046408,-0.014345,-0.497791,-0.680694,0.537456,0.855233,-0.488253,0.173738,0.144152,0.546136,0.8252,-0.000131,0.001065,0.000622,-3.2e-05,-7e-06,-3.6e-05,0.080868,0.048545,0.016376,-0.050525,0.39342,0.780423,-0.485962,-0.902379,0.226679,-0.366506,-0.175872,0.582714,0.793418,-0.002214,-0.006679,-0.004477,-0.003751,-0.009233,-0.034638,0.204747
61,0.077511,-0.040249,0.44037,0.196789,0.828376,-0.524512,-0.933668,-0.004857,-0.358069,-0.299416,0.559155,0.773126,-0.005251,-0.008347,-0.022288,0.031023,0.001259,-0.038043,0.30008,-0.131705,0.009856,0.394983,0.637687,0.582661,0.503838,-0.744391,0.634128,0.209039,-0.198487,-0.509087,0.837434,-0.000182,0.001478,0.000862,0.0,0.0,0.0,0.184136,0.029924,0.046445,-0.01433,-0.49774,-0.680708,0.537485,0.855257,-0.488227,0.17369,0.144183,0.546141,0.825191,-9.4e-05,0.000761,0.000444,-9e-06,-1.2e-05,-3.1e-05,0.077439,0.048436,0.016169,-0.050827,0.393843,0.779882,-0.486487,-0.901713,0.225131,-0.369092,-0.178325,0.584037,0.791896,-0.002607,-0.004132,-0.011113,0.030145,0.000461,-0.037313,0.209646
62,0.077402,-0.040388,0.439851,0.195971,0.826802,-0.527295,-0.933907,-0.006523,-0.357419,-0.299206,0.561461,0.771534,-0.005601,-0.001874,-0.034619,0.052505,-0.107516,-0.045576,0.298417,-0.131691,0.009896,0.395005,0.63758,0.582716,0.503911,-0.744475,0.634048,0.20898,-0.198516,-0.509123,0.837405,-0.000204,0.001656,0.000965,-0.010914,0.080296,-0.181615,0.183131,0.029931,0.046465,-0.014319,-0.497746,-0.680709,0.537479,0.855255,-0.488231,0.173692,0.14418,0.546136,0.825195,-0.000127,0.001018,0.000593,-1.4e-05,-8e-06,-2e-05,0.075642,0.048381,0.016097,-0.051081,0.392638,0.778615,-0.489482,-0.902399,0.223433,-0.368446,-0.177511,0.586375,0.79035,-0.002987,-0.005291,-0.011915,0.013444,-0.103969,-0.062129,0.210299
