frame,MLTx,MLTy,MLTz,MLTR1,MLTR2,MLTR3,MLTR4,MLTR5,MLTR6,MLTR7,MLTR8,MLTR9,MLTTVx,MLTTVy,MLTTVz,MLTRVx,MLTRVy,MLTRVz,MLGA,MRTx,MRTy,MRTz,MRTR1,MRTR2,MRTR3,MRTR4,MRTR5,MRTR6,MRTR7,MRTR8,MRTR9,MRTTVx,MRTTVy,MRTTVz,MRTRVx,MRTRVy,MRTRVz,MRGA,SLTx,SLTy,SLTz,SLTR1,SLTR2,SLTR3,SLTR4,SLTR5,SLTR6,SLTR7,SLTR8,SLTR9,SLTTVx,SLTTVy,SLTTVz,SLTRVx,SLTRVy,SLTRVz,SLGA,SRTx,SRTy,SRTz,SRTR1,SRTR2,SRTR3,SRTR4,SRTR5,SRTR6,SRTR7,SRTR8,SRTR9,SRTTVx,SRTTVy,SRTTVz,SRTRVx,SRTRVy,SRTRVz,SRGA
100,0.158094,0.030011,0.394482,-0.754518,0.353873,-0.55274,-0.426201,-0.90461,0.002544,-0.49818,0.237052,0.834057,-0.000982,0.009395,-0.024099,0.061698,-0.034859,0.000667,-0.503644,-0.193853,0.050048,0.395245,0.65439,-0.602669,0.456679,0.54303,0.794757,0.270948,-0.527062,0.071432,0.846739,-0.00361,0.014597,-0.047833,-0.160937,0.392922,0.221179,-0.445191,-0.006995,0.041158,0.014246,-0.599259,0.561097,0.571014,-0.502776,-0.818841,0.276973,0.622979,-0.121113,0.772805,0.003655,0.012181,-0.028964,-0.141449,0.389062,0.321992,-0.595319,0.116938,0.036236,-0.044014,-0.700208,0.446642,-0.556972,-0.538784,-0.842441,0.00178,-0.468422,0.301334,0.830528,-0.00052,0.004269,-0.012266,0.074651,-0.008933,0.0083,-0.537898
101,0.158141,0.03026,0.393826,-0.753569,0.352275,-0.55505,-0.424949,-0.905198,0.002336,-0.500675,0.237185,0.832523,-0.001484,0.024171,-0.045455,0.034779,-0.200647,-0.281225,-0.576847,-0.193873,0.050478,0.394026,0.664889,-0.589225,0.459051,0.526304,0.805584,0.271976,-0.530894,0.061496,0.845123,-0.005122,0.027099,-0.069441,-0.72724,-0.232604,-1.262787,-0.461622,-0.007004,0.041374,0.013646,-0.607111,0.548954,0.574512,-0.487066,-0.828343,0.276789,0.627838,-0.111783,0.770274,-0.002504,0.013396,-0.034839,-2.562332,-1.227106,-4.468732,-0.610341,0.116961,0.036369,-0.044349,-0.699642,0.44558,-0.558532,-0.537749,-0.843104,0.001005,-0.470453,0.301053,0.829481,-0.000764,0.011647,-0.022949,-0.006052,-0.287957,-0.311235,-0.58166
102,0.158141,0.031257,0.391723,-0.759629,0.324488,-0.563663,-0.401874,-0.915566,0.014426,-0.51045,0.23707,0.826599,-0.002209,0.036383,-0.068016,-0.066081,-0.484618,-0.459334,-0.694257,-0.19402,0.05195,0.390653,0.683074,-0.56107,0.467549,0.4893,0.826746,0.277509,-0.543103,0.039907,0.838636,0.004302,0.049749,-0.100707,-0.397477,0.432221,0.042617,-0.539109,-0.007082,0.042094,0.011969,-0.626191,0.518443,0.582323,-0.448517,-0.85046,0.274861,0.637743,-0.089067,0.765081,-0.003579,0.024112,-0.050278,-1.021807,0.245673,-0.942412,-0.664227,0.116962,0.036855,-0.045375,-0.709156,0.419181,-0.566907,-0.516568,-0.856145,0.013136,-0.479849,0.302161,0.823676,-0.001072,0.018138,-0.034035,-0.304917,-0.745766,-0.454377,-0.672776
103,0.158004,0.032848,0.388622,-0.763547,0.270496,-0.586406,-0.363171,-0.930692,0.043479,-0.533057,0.245821,0.809598,-0.003074,0.046922,-0.091299,-0.192381,-1.046926,-0.892822,-0.732806,-0.194162,0.054036,0.386423,0.698403,-0.526025,0.485307,0.43408,0.850374,0.297276,-0.569941,0.003694,0.821594,0.00293,0.063985,-0.120999,-3.077842,-0.748096,-3.885736,-0.613513,-0.007153,0.04313,0.00986,-0.63616,0.485702,0.599494,-0.395321,-0.872442,0.287341,0.662586,-0.054198,0.747021,-0.003995,0.026025,-0.056018,-0.601908,0.967387,0.806016,-0.729054,0.116893,0.03765,-0.046914,-0.719958,0.366884,-0.589113,-0.480684,-0.875888,0.041966,-0.500601,0.313392,0.806959,-0.007549,0.023668,-0.045347,-0.276614,-1.263631,-1.030295,-0.733194
104,0.157864,0.034738,0.384609,-0.755179,0.218144,-0.618194,-0.335986,-0.938518,0.079174,-0.561979,0.267218,0.782816,-0.004173,0.044652,-0.106755,-0.367002,-1.263832,-1.47477,-0.733053,-0.194058,0.056532,0.381388,0.69022,-0.518386,0.504839,0.398805,0.854593,0.332504,-0.60466,-0.027527,0.795922,0.012917,0.075998,-0.142827,-0.726781,0.809043,0.646377,-0.743913,-0.007105,0.044375,0.007352,-0.628203,0.47297,0.617786,-0.351178,-0.880902,0.317309,0.694287,-0.017618,0.719482,0.000995,0.03181,-0.067106,-1.479163,0.531521,-0.056993,-0.757956,0.116824,0.038601,-0.048912,-0.718215,0.314662,-0.620607,-0.455281,-0.886997,0.077158,-0.526198,0.337967,0.780315,-0.002048,0.026941,-0.058169,-0.237709,-1.144139,-1.157071,-0.747563
105,0.157776,0.035695,0.382302,-0.751473,0.187987,-0.632451,-0.319407,-0.942383,0.099324,-0.576409,0.276408,0.769011,-0.004817,0.047569,-0.119634,-0.260119,-1.027079,-1.372456,-0.729036,-0.193937,0.057903,0.378563,0.692304,-0.504344,0.516084,0.362645,0.861397,0.355552,-0.624738,-0.058369,0.778562,0.013209,0.060967,-0.136015,-1.599732,0.448554,-0.121085,-0.842134,-0.007046,0.045039,0.005991,-0.627186,0.461017,0.627773,-0.317259,-0.887325,0.334662,0.711325,0.010729,0.70278,0.006671,0.030536,-0.067977,-1.370276,0.506844,-0.019752,-0.775265,0.116781,0.039081,-0.050059,-0.717941,0.283084,-0.635942,-0.439216,-0.892981,0.098346,-0.540045,0.349923,0.765444,-0.00234,0.028551,-0.06451,-0.293429,-1.224377,-1.460667,-0.74887
106,0.157553,0.0375,0.377163,-0.744003,0.12082,-0.657197,-0.281809,-0.9485,0.144577,-0.604962,0.292614,0.740557,-0.006083,0.053751,-0.145355,-0.135091,-0.661116,-1.440755,-0.713677,-0.19369,0.060412,0.373247,0.682099,-0.48467,0.547566,0.296969,0.867778,0.398378,-0.669095,-0.108521,0.735118,0.001789,0.060802,-0.134847,-0.04371,3.108181,-0.009591,-1.028064,-0.006918,0.046311,0.003274,-0.616572,0.436831,0.654993,-0.241898,-0.89682,0.370402,0.749215,0.069939,0.658623,0.006432,0.035659,-0.072058,-0.796841,1.171099,1.320614,-0.788002,0.116669,0.039984,-0.052617,-0.718514,0.214288,-0.661677,-0.40281,-0.90377,0.14472,-0.566993,0.370513,0.735689,-0.003007,0.021103,-0.068534,-0.27723,-0.880289,-1.551696,-0.742501
107,0.157251,0.039246,0.371397,-0.73303,0.061585,-0.677436,-0.255802,-0.947747,0.190558,-0.629395,0.312892,0.711329,-0.007004,0.043928,-0.151086,-0.242753,-0.83111,-1.362137,-0.706685,-0.19301,0.062556,0.367868,0.657513,-0.486049,0.575694,0.258412,0.863126,0.433784,-0.708553,-0.135848,0.692359,0.024313,0.050854,-0.14121,-0.685586,0.884789,1.143039,-1.169993,-0.006586,0.047397,0.000592,-0.586638,0.43623,0.682318,-0.199323,-0.894382,0.400437,0.784936,0.09891,0.61163,0.012431,0.01914,-0.066912,-0.424805,0.881674,0.239684,-0.787838,0.116521,0.040844,-0.055447,-0.715688,0.156168,-0.680735,-0.377688,-0.906408,0.189141,-0.587487,0.392472,0.707689,-0.003371,0.022007,-0.075484,-0.517196,-1.332782,-1.600428,-0.737276
108,0.157117,0.039924,0.368588,-0.726406,0.034103,-0.686452,-0.241909,-0.947544,0.208837,-0.642422,0.317711,0.69741,-0.007396,0.039886,-0.153672,-0.200912,-0.819081,-1.139234,-0.700839,-0.192532,0.0633,0.365151,0.653444,-0.478425,0.586611,0.236015,0.864987,0.442752,-0.720043,-0.15027,0.677363,0.024554,0.032988,-0.136732,-1.159011,-0.061719,-0.605337,-1.230429,-0.006347,0.047779,-0.000766,-0.579146,0.430504,0.692282,-0.177277,-0.895378,0.408496,0.795714,0.113853,0.594874,0.012411,0.016092,-0.068644,-3.341586,-1.241822,-3.604363,-0.797146,0.116451,0.041193,-0.056905,-0.712522,0.126218,-0.690202,-0.363183,-0.908001,0.208881,-0.60034,0.399502,0.692811,0.002397,0.013266,-0.073461,-0.408254,-1.102418,-1.280003,-0.734827
109,0.156791,0.041092,0.362531,-0.709503,-0.002574,-0.70473,-0.241622,-0.938495,0.246611,-0.661142,0.345247,0.666125,-0.008021,0.02395,-0.149159,-1.429818,-0.584591,0.241263,-0.67324,-0.191224,0.064322,0.359819,0.643573,-0.463853,0.608808,0.19923,0.869441,0.452012,-0.739784,-0.169032,0.651162,0.036844,0.020965,-0.130703,-0.604275,1.861099,-2.859654,-1.376839,-0.005712,0.048277,-0.003394,-0.567468,0.418203,0.709285,-0.144772,-0.898671,0.414041,0.810568,0.13227,0.570512,0.018465,0.010137,-0.065515,-0.242448,0.650843,0.350801,-0.802045,0.11629,0.041762,-0.059881,-0.701438,0.084724,-0.707676,-0.356829,-0.901256,0.245784,-0.616974,0.424922,0.662407,-0.010123,0.011262,-0.074786,-0.168353,-0.831442,-0.809661,-0.720783
110,0.156336,0.042291,0.356454,-0.688162,-0.025314,-0.725146,-0.263491,-0.922452,0.282181,-0.675204,0.385282,0.629034,-0.020395,0.034894,-0.158208,-0.487785,-1.280722,-0.773326,-0.645788,-0.189347,0.064776,0.354924,0.642367,-0.449875,0.620458,0.169012,0.87271,0.45798,-0.748307,-0.188767,0.635821,0.061594,-0.001345,-0.11761,-0.035528,0.324105,0.114829,-1.40287,-0.004788,0.048507,-0.005848,-0.565362,0.398728,0.722067,-0.108145,-0.903675,0.414337,0.817722,0.156163,0.554024,0.030823,-0.001135,-0.059054,-0.42729,0.221716,-0.090925,-0.800901,0.116066,0.042356,-0.062922,-0.683025,0.063967,-0.727587,-0.381493,-0.880722,0.280698,-0.622846,0.469293,0.625959,-0.003973,0.016531,-0.079787,-1.580129,-0.799221,0.24033,-0.701842
111,0.155693,0.043463,0.350263,-0.658805,-0.002936,-0.752338,-0.349289,-0.884498,0.309246,-0.665535,0.466516,0.582627,-0.020813,0.032399,-0.161049,-0.61812,-1.164492,-0.35646,-0.578386,-0.186904,0.064823,0.350365,0.636067,-0.439554,0.634194,0.142645,0.874609,0.463298,-0.7591,-0.203677,0.618179,0.074083,0.001228,-0.118213,-0.158497,0.696456,0.150832,-1.403242,-0.003552,0.048529,-0.008177,-0.558415,0.386682,0.733927,-0.081812,-0.906074,0.415133,0.825517,0.171772,0.537601,0.031245,0.000491,-0.058778,-0.051695,1.069652,-0.169155,-0.801228,0.115749,0.042943,-0.066016,-0.651313,0.080729,-0.754501,-0.460613,-0.832236,0.308572,-0.603013,0.548511,0.579231,-0.016611,0.015893,-0.080517,-4.062593,-1.615098,4.124737,-0.661672
112,0.155166,0.043977,0.347191,-0.638556,-0.007005,-0.769572,-0.377825,-0.868311,0.321336,-0.66969,0.49596,0.552781,-0.033534,0.021561,-0.15332,-0.9408,-1.435498,-0.669687,-0.56365,-0.185464,0.064804,0.348135,0.627373,-0.434115,0.646482,0.129361,0.87666,0.46332,-0.768652,-0.206504,0.605304,0.075216,-0.006727,-0.109277,-1.395283,-0.07604,-0.663796,-1.403463,-0.002833,0.048518,-0.009298,-0.547678,0.381245,0.744781,-0.070276,-0.907969,0.413101,0.833731,0.173906,0.524067,0.043342,0.00279,-0.058735,-3.906388,-1.703159,-2.99959,-0.801555,0.115491,0.043203,-0.067556,-0.631296,0.076154,-0.771793,-0.487347,-0.813088,0.318401,-0.603288,0.577137,0.550413,-0.016745,0.010689,-0.076681,-4.735785,0.196251,2.236561,-0.644364
113,0.15367,0.044529,0.341463,-0.570446,-0.036394,-0.820556,-0.403326,-0.857868,0.318374,-0.714812,0.512608,0.475714,-0.046617,0.011032,-0.146508,-1.623895,-1.592644,0.933047,-0.479841,-0.182207,0.064703,0.343712,0.592708,-0.415326,0.690067,0.096884,0.887239,0.450947,-0.800272,-0.199907,0.565212,0.099049,0.004809,-0.119761,-0.331424,1.435498,-0.163957,-1.403253,-0.001213,0.04847,-0.011501,-0.509428,0.358986,0.782056,-0.038286,-0.91738,0.396165,0.859661,0.171876,0.481083,0.043981,-0.003759,-0.056018,0.19443,2.588974,-1.974393,-0.796819,0.11474,0.043488,-0.070482,-0.567239,0.035067,-0.822805,-0.510657,-0.798814,0.318,-0.646118,0.600553,0.471026,-0.02344,-0.000604,-0.06965,-4.655554,-1.907963,3.95083,-0.602888
114,0.151463,0.044777,0.336109,-0.499594,-0.085239,-0.862082,-0.417935,-0.847961,0.325983,-0.758183,0.523255,0.389088,-0.059046,0.009397,-0.133743,-0.283511,-3.888666,1.83739,-0.336747,-0.178523,0.06464,0.33902,0.559302,-0.415762,0.717157,0.077305,0.887428,0.454345,-0.826008,-0.198159,0.527547,0.100908,-0.007333,-0.114338,-0.421109,1.106513,-0.055743,-1.403495,0.000595,0.048443,-0.013802,-0.472788,0.358675,0.804874,-0.018445,-0.917237,0.397913,0.880982,0.173283,0.440274,0.050104,0.001376,-0.061316,-0.243593,0.292035,0.356348,-0.782449,0.11364,0.0436,-0.073172,-0.505835,-0.020735,-0.86238,-0.524221,-0.786546,0.326398,-0.68507,0.617182,0.386993,-0.035818,-0.00084,-0.062768,-0.542962,-1.849574,-0.409289,-0.516834
115,0.14997,0.044939,0.333687,-0.472298,-0.105133,-0.875172,-0.433499,-0.836793,0.334405,-0.766914,0.537452,0.350734,-0.083925,0.007688,-0.119622,-0.607726,-1.88271,-0.17261,-0.281489,-0.176677,0.064662,0.336784,0.539692,-0.41807,0.730713,0.069039,0.886941,0.456621,-0.839657,-0.195467,0.506588,0.101494,-0.005495,-0.113974,-0.338838,1.206685,-0.321562,-1.403255,0.001551,0.048451,-0.014968,-0.450468,0.361333,0.816404,-0.009465,-0.91632,0.400333,0.892742,0.17261,0.416193,0.050398,0.002802,-0.060817,-0.409011,1.206536,-0.040705,-0.780817,0.112902,0.043673,-0.074395,-0.478493,-0.04467,-0.876953,-0.539067,-0.773412,0.333527,-0.693145,0.632327,0.345992,-0.048135,0.004238,-0.059373,-1.005389,-2.015891,-0.061667,-0.467357
116,0.145838,0.045449,0.329653,-0.42002,-0.127246,-0.898575,-0.489089,-0.8023,0.342168,-0.76395,0.583356,0.275869,-0.120396,0.019924,-0.095594,-0.352405,-3.478196,1.965675,-0.198892,-0.172544,0.064823,0.332056,0.502607,-0.428864,0.750636,0.050579,0.881287,0.469796,-0.863614,-0.197623,0.463658,0.101884,0.005958,-0.122991,-0.507852,1.392549,0.086479,-1.40357,0.003617,0.048532,-0.017326,-0.412499,0.369964,0.832448,0.009868,-0.911948,0.410185,0.910903,0.177416,0.372527,0.05696,0.003389,-0.061727,-0.213868,1.027971,-0.147131,-0.778204,0.110848,0.043911,-0.076431,-0.432198,-0.07273,-0.89884,-0.588862,-0.732127,0.342388,-0.682968,0.677273,0.273596,-0.066568,0.004931,-0.043397,-0.290779,-1.597484,0.054186,-0.394366
117,0.140291,0.045693,0.326771,-0.379276,-0.133264,-0.915661,-0.531144,-0.778948,0.333314,-0.757206,0.612929,0.225797,-0.159437,-0.010314,-0.054846,-0.091923,-0.913752,0.444794,-0.082626,-0.167896,0.065117,0.32713,0.472505,-0.429855,0.769387,0.025683,0.879245,0.475608,-0.881492,-0.204432,0.425491,0.115114,0.009421,-0.12344,-1.563716,0.145681,-0.393923,-1.403822,0.005888,0.048671,-0.019744,-0.378138,0.372519,0.84749,0.030206,-0.910012,0.413477,0.925255,0.181951,0.332858,0.057597,0.004296,-0.062038,-0.126566,0.854621,-0.045547,-0.771019,0.10809,0.04405,-0.077884,-0.389259,-0.086363,-0.91707,-0.628435,-0.703003,0.332949,-0.673458,0.705923,0.219377,-0.079353,0.00109,-0.03071,-0.13187,-0.72097,0.321259,-0.318436
118,0.134088,0.045058,0.325104,-0.345583,-0.130894,-0.929238,-0.553653,-0.771073,0.314461,-0.757249,0.623308,0.19516,-0.160696,-0.023805,-0.034078,0.025786,-0.593876,0.656741,-0.005436,-0.163095,0.065221,0.322464,0.441559,-0.422316,0.791622,0.012266,0.884969,0.465418,-0.897645,-0.195274,0.394923,0.129702,-0.002729,-0.119804,-0.011198,2.476795,-2.281462,-1.403674,0.008379,0.048734,-0.022166,-0.345725,0.362908,0.865315,0.0479,-0.914153,0.402528,0.937112,0.180613,0.298662,0.064882,-0.001568,-0.060116,0.005123,2.451537,-2.288013,-0.774938,0.10493,0.043737,-0.078733,-0.355034,-0.087547,-0.930744,-0.649717,-0.692747,0.312996,-0.672173,0.715845,0.189068,-0.080252,-0.011513,-0.016671,0.052836,-0.536914,0.694435,-0.238587
119,0.130916,0.044335,0.324653,-0.333687,-0.128894,-0.933854,-0.557146,-0.772121,0.305595,-0.76003,0.622424,0.186999,-0.162367,-0.043593,-0.017391,-0.041036,-0.427339,0.475033,-0.00012,-0.160545,0.065056,0.320125,0.432668,-0.417589,0.799005,0.005488,0.887374,0.460945,-0.902021,-0.194533,0.385198,0.130709,-0.004693,-0.122468,0.145852,0.511032,-0.366011,-1.403588,0.009605,0.048657,-0.023287,-0.335482,0.357861,0.871427,0.054523,-0.91611,0.3972,0.940466,0.180767,0.287827,0.065934,-0.008205,-0.057829,0.166848,0.320927,-0.248184,-0.776245,0.103406,0.043394,-0.078951,-0.343515,-0.086598,-0.935145,-0.653088,-0.693528,0.304127,-0.674887,0.715205,0.181681,-0.081142,-0.021807,-0.008612,-0.036228,-0.417684,0.481521,-0.218502
120,0.124484,0.042525,0.324342,-0.314814,-0.125954,-0.940783,-0.564006,-0.77237,0.292084,-0.763038,0.622714,0.173288,-0.163576,-0.046109,-0.00409,-0.078566,-0.288912,0.301058,-0.033882,-0.15522,0.064559,0.315674,0.418373,-0.402961,0.813989,-0.019763,0.891859,0.451808,-0.908525,-0.20461,0.364116,0.145508,-0.006852,-0.112239,-1.347899,-0.104279,-0.798099,-1.404021,0.012318,0.048392,-0.025569,-0.319679,0.341631,0.883794,0.077665,-0.920153,0.383777,0.944337,0.191326,0.26762,0.072801,-0.003255,-0.056092,-1.377378,-0.088883,-0.78724,-0.777387,0.10019,0.042491,-0.079111,-0.324255,-0.085999,-0.942052,-0.659872,-0.692994,0.290391,-0.67781,0.715795,0.167958,-0.081639,-0.022462,-0.001473,-0.078067,-0.305942,0.32428,-0.222421
121,0.118161,0.040838,0.324321,-0.304891,-0.116446,-0.945266,-0.568934,-0.773679,0.278759,-0.76342,0.622927,0.170816,-0.151425,-0.04115,-0.001102,0.04793,0.150617,0.449623,-0.050281,-0.149723,0.063849,0.31185,0.403207,-0.390337,0.827679,-0.040281,0.895932,0.442287,-0.914665,-0.211188,0.344455,0.150509,-0.030332,-0.085366,-0.011752,0.399805,-0.150899,-1.403453,0.015011,0.04804,-0.027456,-0.302983,0.328656,0.894531,0.097575,-0.92302,0.372172,0.947987,0.200045,0.247591,0.068497,-0.010071,-0.046162,-0.003344,0.402967,-0.196958,-0.783429,0.097025,0.041649,-0.07912,-0.312848,-0.079244,-0.946491,-0.66489,-0.693352,0.277819,-0.678267,0.716228,0.164225,-0.082077,-0.019538,0.00032,0.132889,0.399398,0.554308,-0.238097
122,0.115205,0.040022,0.324376,-0.302272,-0.110707,-0.946795,-0.570924,-0.774351,0.27276,-0.762979,0.623131,0.172041,-0.151741,-0.038431,0.00062,0.073719,0.231935,0.507505,-0.056537,-0.146836,0.063311,0.310145,0.391374,-0.385611,0.835537,-0.043688,0.899074,0.435536,-0.919623,-0.206482,0.333951,0.138832,-0.02615,-0.082135,0.055649,0.342041,-0.249004,-1.403513,0.016407,0.047783,-0.028282,-0.290323,0.323725,0.900507,0.100225,-0.925577,0.36505,0.951665,0.196236,0.236271,0.075549,-0.011951,-0.040846,0.079598,0.301338,-0.259309,-0.784736,0.095548,0.041242,-0.079091,-0.309451,-0.074245,-0.948012,-0.666922,-0.693697,0.272025,-0.67783,0.716429,0.16515,-0.076278,-0.024911,0.004197,0.044431,0.390748,0.347976,-0.242669
123,0.109618,0.038133,0.324545,-0.302314,-0.10037,-0.947933,-0.574004,-0.774755,0.265038,-0.760649,0.624365,0.177789,-0.128346,-0.052306,0.005686,0.062077,0.412778,0.441398,-0.050392,-0.141198,0.062194,0.307586,0.37977,-0.374679,0.845803,-0.059093,0.90253,0.426478,-0.923604,-0.211479,0.319524,0.141354,-0.0277,-0.053006,-0.041943,0.292551,-0.265364,-1.403172,0.019227,0.047203,-0.029596,-0.277756,0.311987,0.908578,0.114114,-0.928382,0.353673,0.953849,0.201917,0.222261,0.070633,-0.013303,-0.026136,-0.40633,-0.039668,-0.264785,-0.785552,0.092795,0.040327,-0.079007,-0.307938,-0.064307,-0.94923,-0.66996,-0.693741,0.264339,-0.675519,0.717347,0.170546,-0.070609,-0.025182,0.003629,-0.117525,-0.079166,0.048796,-0.248057
124,0.104723,0.036047,0.324761,-0.302285,-0.089456,-0.949035,-0.577614,-0.774795,0.256957,-0.757924,0.625958,0.183722,-0.117302,-0.055367,0.002657,0.019347,0.281001,0.384326,-0.014375,-0.135953,0.061276,0.306126,0.371618,-0.363352,0.854323,-0.074674,0.905466,0.41772,-0.925779,-0.218578,0.308255,0.129423,-0.020653,-0.030769,-0.023273,0.174511,-0.101562,-1.403214,0.021908,0.04673,-0.030355,-0.268401,0.299965,0.915413,0.128713,-0.930593,0.342678,0.954669,0.209801,0.211163,0.064629,-0.009446,-0.014752,-0.022573,0.170905,-0.095025,-0.788001,0.090296,0.03927,-0.078891,-0.306733,-0.052546,-0.950343,-0.673521,-0.69352,0.255731,-0.672521,0.718517,0.177335,-0.065207,-0.026927,0.001896,0.094062,0.514175,0.474686,-0.226013
125,0.10035,0.034005,0.32483,-0.297559,-0.073906,-0.951862,-0.582339,-0.775998,0.242239,-0.756183,0.626476,0.189054,-0.104438,-0.052897,0.004371,0.009889,0.230161,0.413362,0.010183,-0.13107,0.06072,0.305349,0.365173,-0.35738,0.859605,-0.083681,0.906957,0.412749,-0.927563,-0.222214,0.300185,0.115504,-0.00522,-0.017294,-0.00658,0.044378,0.044254,-1.402852,0.024355,0.04645,-0.030745,-0.261257,0.293692,0.919504,0.137079,-0.931645,0.336518,0.955485,0.213963,0.20314,0.058433,-0.007271,-0.004351,-0.040057,0.034143,0.052151,-0.791594,0.088103,0.03824,-0.078864,-0.300091,-0.037165,-0.953185,-0.678285,-0.694285,0.240615,-0.670725,0.718739,0.183141,-0.051574,-0.020466,-0.001308,0.09738,0.439716,0.409575,-0.203152
126,0.098324,0.03311,0.324849,-0.29691,-0.06996,-0.952363,-0.579306,-0.779627,0.23782,-0.758763,0.622405,0.192139,-0.089885,-0.040436,-0.002263,5.245951,-1.287583,-0.751271,0.017486,-0.128763,0.060591,0.305153,0.361567,-0.352133,0.863286,-0.091665,0.90794,0.408872,-0.928216,-0.226531,0.294893,0.114785,0.001513,-0.011923,-0.004676,0.025812,0.066195,-1.402894,0.02547,0.046392,-0.030841,-0.257296,0.288274,0.922331,0.144496,-0.932258,0.331685,0.955468,0.218615,0.198212,0.05734,0.001224,-0.005652,-0.00713,0.020418,0.072416,-0.791757,0.087117,0.037805,-0.078856,-0.299364,-0.030746,-0.953643,-0.679775,-0.694485,0.235784,-0.669541,0.718849,0.187003,-0.051433,-0.018963,-0.000188,0.003227,0.219537,0.161616,-0.191232
127,0.094891,0.031623,0.324926,-0.29107,-0.059726,-0.954859,-0.583317,-0.779994,0.226545,-0.75796,0.622998,0.193385,-0.076111,-0.037677,9.7e-05,-0.059886,-0.020981,0.108824,0.064061,-0.12488,0.060617,0.304941,0.353587,-0.348329,0.868122,-0.095045,0.909815,0.403902,-0.930937,-0.224893,0.287476,0.090584,-0.005896,0.001087,-0.040493,0.028965,0.0337,-1.402638,0.027459,0.046411,-0.030947,-0.248642,0.284248,0.925947,0.147273,-0.93376,0.326193,0.957333,0.217472,0.19031,0.044427,0.002875,-0.002941,-0.005382,0.033313,0.035704,-0.79339,0.085362,0.037041,-0.078815,-0.291958,-0.022795,-0.956159,-0.67971,-0.698377,0.224195,-0.67287,0.715366,0.188402,-0.044574,-0.017508,0.001024,-0.076549,-0.045231,0.04531,-0.151063
128,0.091672,0.030231,0.325076,-0.278199,-0.056203,-0.958901,-0.588604,-0.778912,0.216365,-0.758721,0.624672,0.184807,-0.075471,-0.033278,0.003547,-0.07425,-0.0637,0.078974,0.117145,-0.121417,0.060859,0.304848,0.344367,-0.34331,0.873809,-0.098795,0.912243,0.397477,-0.933987,-0.22278,0.279107,0.09021,-0.002414,0.003773,-0.043554,0.047215,0.01093,-1.402889,0.029223,0.046539,-0.030985,-0.238733,0.278992,0.930144,0.150251,-0.935693,0.31922,0.95939,0.215963,0.181462,0.045068,-0.000913,0.00207,-0.042506,0.040034,0.019676,-0.794533,0.083752,0.036344,-0.078741,-0.278587,-0.021538,-0.960168,-0.68479,-0.696514,0.214311,-0.673387,0.717219,0.179291,-0.037607,-0.016246,0.002172,-0.074758,-0.076334,0.093571,-0.08493
129,0.090309,0.029708,0.325166,-0.271858,-0.054445,-0.96082,-0.590957,-0.778529,0.211268,-0.759198,0.625303,0.180672,-0.059783,-0.019555,-0.001681,-0.036569,-0.044225,0.044438,0.149177,-0.119784,0.06101,0.30481,0.338085,-0.339415,0.877775,-0.101343,0.914067,0.392613,-0.936,-0.221272,0.273508,0.075918,0.007314,-0.003213,-0.053536,0.59203,-0.627538,-1.402764,0.03001,0.046617,-0.030999,-0.23271,0.275433,0.932728,0.151985,-0.936975,0.314607,0.960596,0.214973,0.176182,0.044125,0.0051,-0.001231,-0.131563,1.684332,-1.881452,-0.79388,0.083063,0.036073,-0.078698,-0.272029,-0.020621,-0.962067,-0.687073,-0.695823,0.209187,-0.673742,0.717916,0.175116,-0.037046,-0.014016,0.004048,-0.067122,-0.232013,0.319156,-0.049006
130,0.087651,0.029119,0.325501,-0.273433,-0.051092,-0.960557,-0.587475,-0.781834,0.208762,-0.761329,0.621446,0.184962,-0.05635,-0.007906,0.008374,0.090928,0.383316,0.283366,0.239969,-0.116853,0.061157,0.304629,0.330524,-0.335337,0.88221,-0.104279,0.915972,0.387369,-0.938365,-0.219616,0.26665,0.076629,0.004411,-0.005876,-0.010608,0.067428,-0.01643,-1.402868,0.03145,0.046697,-0.031081,-0.224091,0.270706,0.936216,0.154449,-0.938642,0.308375,0.962251,0.213702,0.168531,0.0321,0.000993,-0.003218,-0.026413,0.241262,-0.2307,-0.795349,0.081757,0.035769,-0.078544,-0.272594,-0.019836,-0.961923,-0.684089,-0.69903,0.208274,-0.676545,0.714816,0.176982,-0.034518,-0.001849,0.005786,-0.041431,-0.023848,-0.00214,0.052887
131,0.085327,0.029194,0.326102,-0.280335,-0.047818,-0.958734,-0.586845,-0.781831,0.210534,-0.759294,0.621704,0.192309,-0.052774,0.003252,0.018088,0.006785,0.198176,-0.015994,0.345873,-0.114393,0.061131,0.304308,0.323378,-0.331268,0.886386,-0.106972,0.91784,0.382179,-0.940541,-0.217997,0.260235,0.065113,-0.001694,-0.009653,-0.011744,0.068422,-0.029182,-1.402865,0.032732,0.04669,-0.031243,-0.216324,0.266414,0.939269,0.156542,-0.940137,0.302714,0.963689,0.21252,0.161668,0.032615,-0.001088,-0.005079,-0.010963,0.061445,-0.020869,-0.796003,0.080567,0.0358,-0.078243,-0.27958,-0.012809,-0.960036,-0.683393,-0.699687,0.208352,-0.674394,0.714334,0.186865,-0.032944,0.003115,0.010082,0.013339,0.251926,-0.053686,0.19446
132,0.083268,0.029318,0.326819,-0.289976,-0.042284,-0.956123,-0.585756,-0.782201,0.212186,-0.756499,0.621633,0.203244,-0.052497,0.004178,0.018808,0.124125,0.543912,0.220509,0.408751,-0.111967,0.060824,0.303864,0.312808,-0.321001,0.893925,-0.11752,0.920771,0.371893,-0.942841,-0.220988,0.249154,0.05408,-0.009779,-0.015158,-0.019659,0.119693,-0.102447,-1.402732,0.033924,0.046544,-0.031456,-0.204961,0.255842,0.94474,0.165779,-0.942212,0.291123,0.964628,0.216288,0.150703,0.026965,-0.004515,-0.007294,0.003487,-0.032339,0.082549,-0.797472,0.079556,0.035873,-0.077881,-0.287929,-0.008582,-0.957612,-0.682439,-0.699686,0.211462,-0.671843,0.714399,0.195603,-0.026232,0.002175,0.009517,-0.046874,0.038421,-0.125032,0.31056
133,0.082441,0.029289,0.327193,-0.292396,-0.040141,-0.955478,-0.585872,-0.782139,0.212093,-0.755474,0.62185,0.206368,-0.039458,0.001082,0.016703,0.125641,0.54357,0.224338,0.414992,-0.110844,0.060541,0.303568,0.304058,-0.318112,0.897967,-0.121189,0.92195,0.367772,-0.945226,-0.220254,0.240623,0.042136,-0.014136,-0.017356,-0.047563,0.089332,0.064037,-1.402947,0.03447,0.046408,-0.031598,-0.195738,0.252882,0.947489,0.168876,-0.943053,0.286585,0.966005,0.216104,0.141885,0.027361,-0.006017,-0.008652,-0.075859,0.237424,-0.041714,-0.797309,0.079125,0.035864,-0.077683,-0.290125,-0.00626,-0.956967,-0.682546,-0.699567,0.211505,-0.670788,0.714538,0.198689,-0.020281,-0.004725,0.012613,-0.078326,0.048187,-0.107726,0.343708
134,0.081103,0.02926,0.327964,-0.296342,-0.038462,-0.954331,-0.586225,-0.781498,0.213477,-0.753657,0.62276,0.210234,-0.025026,0.001981,0.018106,0.035808,0.2428,0.092684,0.398309,-0.108995,0.0599,0.30296,0.289761,-0.31456,0.903926,-0.127297,0.923315,0.36224,-0.948889,-0.219642,0.22634,0.042307,-0.013783,-0.01728,-0.218306,0.77258,-0.363401,-1.403291,0.035432,0.04607,-0.031922,-0.181378,0.248562,0.951482,0.173986,-0.944156,0.279815,0.9679,0.216297,0.128003,0.021185,-0.006994,-0.008765,-0.262734,0.909717,-0.351115,-0.797962,0.078439,0.035847,-0.077294,-0.294256,-0.002098,-0.955724,-0.682765,-0.699281,0.21175,-0.668764,0.714843,0.204335,-0.012463,0.001166,0.009231,0.056856,0.300676,0.132046,0.354811
135,0.080249,0.02948,0.328576,-0.29432,-0.047077,-0.954571,-0.563633,-0.79805,0.213086,-0.771467,0.600798,0.209539,-0.010288,0.010985,0.008936,1.581515,-0.354699,-0.353074,0.37146,-0.107217,0.059108,0.30248,0.275608,-0.298473,0.913754,-0.152282,0.924939,0.348184,-0.949406,-0.234742,0.208299,0.043961,-0.022396,-0.008022,-0.06336,0.140103,-0.143833,-1.402712,0.03629,0.045684,-0.032162,-0.165523,0.232787,0.958338,0.197511,-0.94423,0.263473,0.966225,0.232893,0.110314,0.021979,-0.01118,-0.004018,-0.09022,0.131231,-0.191269,-0.795839,0.078018,0.035957,-0.076988,-0.293436,-0.009922,-0.955926,-0.663703,-0.717565,0.211182,-0.688035,0.69642,0.203974,-0.005904,-0.000348,0.008301,5.239552,-1.171608,-1.182666,0.33342
136,0.079972,0.029571,0.328773,-0.288614,-0.050603,-0.956131,-0.550619,-0.808172,0.208925,-0.782938,0.586822,0.206579,-0.011488,0.00754,0.005918,0.083573,-0.469904,0.639074,0.351041,-0.106508,0.058731,0.302342,0.270138,-0.288729,0.918506,-0.167213,0.925339,0.34018,-0.948457,-0.245124,0.200514,0.030881,-0.022311,-0.006223,-0.099365,0.124003,-0.167142,-1.402628,0.036666,0.045485,-0.032236,-0.159503,0.222598,0.961773,0.211379,-0.94395,0.253528,0.964301,0.243737,0.10351,0.015345,-0.010724,-0.002752,-0.193536,0.075702,-0.178706,-0.7929,0.077882,0.03601,-0.076882,-0.289007,-0.014898,-0.95721,-0.650616,-0.73042,0.207806,-0.702262,0.682834,0.201404,-0.006361,-0.001636,0.007079,0.248263,-1.59339,2.205012,0.311376
137,0.079624,0.029566,0.329002,-0.276093,-0.058358,-0.959381,-0.51923,-0.830908,0.199913,-0.808487,0.553403,0.200303,4.9e-05,0.00014,0.000122,0.042956,-0.008954,-0.008964,0.301126,-0.105476,0.05817,0.302205,0.265797,-0.274606,0.924086,-0.194307,0.923564,0.330465,-0.944503,-0.267054,0.190941,0.016676,-0.017472,-0.000184,-0.057438,0.135821,-0.165336,-1.402421,0.037189,0.045199,-0.032311,-0.154602,0.208245,0.96578,0.237142,-0.941134,0.240893,0.959093,0.266269,0.096118,0.013446,-0.001061,-0.002779,-0.017908,0.113692,-0.114694,-0.789798,0.07771,0.036016,-0.076767,-0.276691,-0.024019,-0.960658,-0.622549,-0.757056,0.198237,-0.732034,0.652907,0.194517,-4.4e-05,-0.000111,-9.3e-05,0.480223,-0.093518,-0.107768,0.255041
138,0.079388,0.029341,0.329101,-0.266292,-0.064626,-0.961747,-0.491443,-0.849221,0.193082,-0.828889,0.524136,0.19558,-0.000945,-0.002675,-0.002336,0.043391,-0.012487,-0.00326,0.227986,-0.104674,0.057752,0.302299,0.2676,-0.267906,0.925531,-0.212967,0.920292,0.328089,-0.939961,-0.284572,0.188031,0.027972,-0.009047,0.005466,-0.492935,-0.185949,-0.054204,-1.402544,0.037585,0.044987,-0.032266,-0.155902,0.201489,0.967003,0.254919,-0.937604,0.236462,0.954311,0.283373,0.094811,0.007667,-0.005743,0.00254,-1.579614,-0.570913,-0.320017,-0.790288,0.077586,0.0359,-0.076714,-0.267822,-0.031556,-0.962951,-0.597197,-0.778868,0.19162,-0.756059,0.626392,0.189752,-0.007873,-0.005915,0.003334,0.10908,0.015125,-0.08401,0.17111
139,0.079243,0.029111,0.329187,-0.262387,-0.069686,-0.962466,-0.472144,-0.860571,0.190969,-0.841259,0.504613,0.194101,-0.002637,-0.01479,0.004751,0.445018,-0.074419,-0.11075,0.189106,-0.104374,0.057561,0.30244,0.267899,-0.268129,0.92538,-0.213526,0.920011,0.328513,-0.939749,-0.285269,0.188034,0.014605,-0.008391,0.007885,-0.034628,-0.00759,0.010053,-1.402607,0.037746,0.044888,-0.032194,-0.156376,0.20161,0.966902,0.256015,-0.937213,0.236824,0.95394,0.284575,0.094942,0.007216,-0.003844,0.004244,-0.033708,-0.007161,0.010371,-0.791757,0.077513,0.035782,-0.076673,-0.264622,-0.037073,-0.963639,-0.579562,-0.792554,0.189642,-0.770767,0.608672,0.188241,-0.001375,-0.007549,0.002243,0.447393,-0.069724,-0.11665,0.115917
140,0.078943,0.028452,0.329451,-0.255297,-0.077977,-0.963737,-0.438309,-0.879102,0.187184,-0.861507,0.470295,0.191456,-0.004181,-0.026469,0.01223,-0.066327,0.04109,-0.028959,0.148881,-0.103981,0.057466,0.302778,0.273629,-0.260859,0.925781,-0.23015,0.916728,0.326456,-0.934162,-0.302073,0.189622,0.000897,-0.006364,0.011527,-0.027891,-0.020042,-0.005505,-1.40008,0.037942,0.044845,-0.032028,-0.162099,0.193978,0.96752,0.272205,-0.933654,0.232794,0.948487,0.301099,0.098542,0.005631,0.00414,0.002755,0.002152,-0.005361,0.044717,-0.793553,0.077363,0.03546,-0.076548,-0.258653,-0.046283,-0.96486,-0.548164,-0.815412,0.186062,-0.79537,0.577027,0.185538,-0.008072,-0.006428,0.002883,-0.033624,0.05393,-0.070025,0.035415
141,0.078562,0.027647,0.329823,-0.243238,-0.081175,-0.966588,-0.410462,-0.894253,0.178337,-0.878554,0.440222,0.185402,-0.002759,-0.0151,0.004487,0.110583,-0.007122,-0.040394,0.149527,-0.103766,0.057507,0.303141,0.277697,-0.258246,0.925303,-0.241293,0.913489,0.327488,-0.930144,-0.313891,0.190176,-0.001543,0.006494,0.005762,0.002891,-0.018056,0.02227,-1.393136,0.038049,0.044866,-0.031839,-0.166052,0.191625,0.967318,0.283419,-0.930275,0.232938,0.94451,0.312837,0.100164,0.006676,-0.001576,0.006265,-0.031193,-0.024591,0.033333,-0.790124,0.077172,0.035052,-0.07636,-0.247059,-0.050953,-0.967659,-0.522599,-0.83393,0.177339,-0.815997,0.549511,0.179402,-0.00878,-0.012047,0.006822,0.414543,-0.013788,-0.177903,0.007329
142,0.078113,0.026831,0.330341,-0.233873,-0.083469,-0.968701,-0.387314,-0.90584,0.171506,-0.891519,0.415401,0.18073,-0.016368,-0.020677,0.01665,-0.05249,-0.195998,0.310898,0.162254,-0.10357,0.057496,0.303502,0.275459,-0.254195,0.927091,-0.248764,0.912634,0.324268,-0.928837,-0.319634,0.186973,0.013413,-0.003371,0.012332,-0.044216,-0.029704,0.029295,-1.396912,0.038141,0.044866,-0.031659,-0.163528,0.187458,0.968564,0.290411,-0.929131,0.228858,0.942825,0.318706,0.097499,-0.00066,0.002738,0.002422,-0.038221,-0.035184,0.018914,-0.79192,0.076951,0.034642,-0.076109,-0.2384,-0.054634,-0.969628,-0.500883,-0.848462,0.170958,-0.832034,0.526428,0.174908,-0.001603,-0.011822,0.007378,-0.009704,-0.478716,0.722096,0.012391
143,0.077836,0.026513,0.33061,-0.229909,-0.087482,-0.969296,-0.367093,-0.914583,0.169561,-0.901056,0.39491,0.179365,-0.014671,-0.008542,0.009555,1.57165,-0.355917,-0.175648,0.180436,-0.103479,0.057505,0.30365,0.273557,-0.252997,0.927982,-0.249709,0.912954,0.322635,-0.929143,-0.319671,0.185383,0.01363,-0.004288,0.011517,-0.011793,-0.150165,0.186116,-1.397217,0.038191,0.044871,-0.031579,-0.161566,0.186267,0.969123,0.29117,-0.929311,0.227157,0.942929,0.318881,0.095909,0.006823,-0.002204,0.005705,-0.01089,-0.153134,0.190266,-0.789961,0.076812,0.034479,-0.075972,-0.234886,-0.058617,-0.970253,-0.483514,-0.858878,0.168941,-0.843233,0.508813,0.173397,-0.008094,-0.009956,0.008658,5.285841,-0.888236,-1.055965,0.024148
144,0.077171,0.026159,0.33104,-0.220577,-0.092785,-0.97097,-0.331174,-0.929197,0.163973,-0.917168,0.357839,0.175442,-0.014599,-0.008281,0.009783,5.375093,-1.339215,-0.331003,0.222759,-0.103243,0.057505,0.303936,0.278557,-0.24787,0.927878,-0.260194,0.910441,0.321449,-0.924775,-0.330663,0.187929,0.011648,0.006591,0.003992,0.001772,-0.015422,0.029088,-1.397928,0.038304,0.04487,-0.031436,-0.166569,0.181058,0.969263,0.301409,-0.926595,0.224884,0.938832,0.329604,0.099769,0.000566,-0.003695,0.005299,-0.035918,-0.006028,0.007116,-0.789144,0.076481,0.034304,-0.075755,-0.227255,-0.064503,-0.971696,-0.453285,-0.876116,0.16417,-0.861909,0.477763,0.169863,-0.013861,-0.002581,0.005918,0.108237,-1.617347,2.364908,0.076401
145,0.076358,0.026084,0.331333,-0.215363,-0.095855,-0.971841,-0.310208,-0.936905,0.161098,-0.925703,0.336281,0.173251,-0.014622,-0.00829,0.009769,-0.034608,0.035366,-0.043958,0.255087,-0.102797,0.057327,0.304336,0.275963,-0.243142,0.929902,-0.26204,0.911722,0.316277,-0.925028,-0.330651,0.1867,0.013889,-0.00536,0.010563,-0.035941,0.006421,-0.007313,-1.400035,0.038532,0.044783,-0.031235,-0.163665,0.176237,0.970645,0.302606,-0.927512,0.21943,0.938958,0.329636,0.098471,0.006936,-0.002666,0.005286,-0.036542,0.005881,0.000965,-0.790614,0.076069,0.034265,-0.075604,-0.221382,-0.069204,-0.972728,-0.428426,-0.889159,0.160764,-0.876036,0.452332,0.167195,-0.007308,-0.004126,0.004916,-0.037681,0.038631,-0.046384,0.121959
146,0.075905,0.026119,0.331447,-0.21329,-0.096114,-0.972273,-0.305047,-0.938841,0.159674,-0.927897,0.33076,0.172138,-0.026338,0.006117,0.003923,-0.001969,0.029429,-0.059106,0.278147,-0.102562,0.057204,0.304557,0.275371,-0.240253,0.930828,-0.268805,0.91033,0.314607,-0.92326,-0.336546,0.184907,0.015986,-0.016671,0.01771,-0.207242,-0.065357,-0.014714,-1.401536,0.038644,0.044726,-0.031133,-0.162901,0.173367,0.971291,0.308936,-0.925974,0.217091,0.937027,0.335431,0.097283,0.006946,-0.002702,0.005256,-0.500889,-0.17353,-0.080634,-0.790777,0.075852,0.03428,-0.075549,-0.219317,-0.069685,-0.973161,-0.423588,-0.891734,0.159316,-0.878904,0.447161,0.166054,-0.006583,0.001543,0.001006,-0.003863,0.018217,-0.033127,0.148249
147,0.075018,0.026286,0.331586,-0.209851,-0.095539,-0.973078,-0.2999,-0.940947,0.157006,-0.930359,0.324887,0.17002,-0.026684,0.005191,0.003089,-0.001968,0.02942,-0.059093,0.306466,-0.102087,0.056937,0.304954,0.27026,-0.234674,0.933745,-0.277692,0.909551,0.309091,-0.922132,-0.342537,0.179454,0.014313,-0.007061,0.009064,-0.034624,-0.007502,0.009395,-1.400095,0.038876,0.044595,-0.030931,-0.157459,0.167632,0.973193,0.31725,-0.924661,0.210602,0.935178,0.341907,0.092415,0.000769,-0.004523,0.004568,-0.033411,-0.011801,0.005067,-0.789308,0.07541,0.034366,-0.075477,-0.215823,-0.069533,-0.973953,-0.418808,-0.894458,0.156663,-0.882054,0.441711,0.163923,-0.006821,0.000893,0.000432,-0.003276,0.018946,-0.034905,0.196909
148,0.074227,0.026502,0.331718,-0.206581,-0.093387,-0.973986,-0.300303,-0.941332,0.153895,-0.930965,0.324393,0.167631,-0.01259,0.004634,0.003325,-0.000984,0.014715,-0.029553,0.328894,-0.101625,0.056661,0.305242,0.271138,-0.229665,0.934735,-0.284102,0.908684,0.305797,-0.919919,-0.348189,0.179936,0.014805,-0.009027,0.007335,0.047154,-0.136439,-0.103572,-1.399096,0.039111,0.044456,-0.030782,-0.158114,0.162823,0.973903,0.323447,-0.923352,0.206883,0.932942,0.347718,0.09333,0.001116,-0.005934,0.003328,0.073578,-0.184523,-0.181586,-0.793227,0.075007,0.034469,-0.075415,-0.212344,-0.067833,-0.974837,-0.419291,-0.894764,0.153593,-0.882668,0.441356,0.161556,-0.012812,0.004036,0.002813,-0.003619,0.016142,-0.038314,0.231527
149,0.073516,0.026715,0.331891,-0.208176,-0.09492,-0.973498,-0.299985,-0.941111,0.155857,-0.93071,0.324593,0.168656,-0.027393,-0.004005,0.012744,-0.035613,0.050305,-0.073394,0.328956,-0.101139,0.056433,0.305416,0.270857,-0.226485,0.935592,-0.284723,0.909519,0.302724,-0.91981,-0.348098,0.180668,0.015052,-0.009967,0.006507,0.150031,-0.297679,-0.245455,-1.397502,0.039355,0.044341,-0.030696,-0.15699,0.160869,0.97441,0.324096,-0.923612,0.204699,0.932907,0.347939,0.09286,0.006425,0.000822,-0.000205,0.277272,-0.538365,-0.419959,-0.794696,0.074658,0.034583,-0.075329,-0.214123,-0.06914,-0.974356,-0.418975,-0.894574,0.155552,-0.882389,0.441538,0.162581,-0.006347,0.002177,0.001549,-0.001899,0.014888,-0.029456,0.247366
150,0.07315,0.026811,0.331994,-0.209018,-0.095707,-0.973241,-0.299865,-0.940979,0.15688,-0.930559,0.324745,0.169196,-0.025726,0.007766,0.005306,-0.001969,0.029429,-0.059106,0.324617,-0.100898,0.056356,0.305483,0.270048,-0.22369,0.936498,-0.291093,0.908085,0.300966,-0.91805,-0.353605,0.178916,0.012647,0.002531,0.000382,-0.037177,-0.032912,0.017506,-1.396634,0.039477,0.044296,-0.030662,-0.157006,0.156311,0.975148,0.329526,-0.922518,0.200931,0.931,0.352884,0.093332,0.007462,-0.004724,0.003475,-0.177775,-0.04303,-0.001409,-0.79486,0.074474,0.034625,-0.075275,-0.21508,-0.069811,-0.974097,-0.418878,-0.894437,0.15659,-0.882202,0.441708,0.163133,-0.006229,0.002492,0.001823,-0.00174,0.014825,-0.02943,0.246876
151,0.072391,0.026851,0.332267,-0.212422,-0.094899,-0.972583,-0.299529,-0.941035,0.157187,-0.929892,0.324819,0.172683,-0.014328,-0.007297,0.010595,-0.034291,0.036497,-0.043256,0.319322,-0.100583,0.056353,0.305551,0.273174,-0.220192,0.93642,-0.295786,0.906992,0.299682,-0.915625,-0.358572,0.18144,0.012486,0.003188,0.000958,0.007225,-0.023317,0.022104,-1.392933,0.039639,0.044294,-0.030629,-0.160185,0.15279,0.97519,0.334054,-0.921261,0.199212,0.928842,0.357677,0.096532,0.006235,0.001615,0.000491,0.000702,-0.000914,0.041407,-0.795839,0.074091,0.034652,-0.07514,-0.218415,-0.068481,-0.973449,-0.418537,-0.894554,0.156838,-0.881544,0.441681,0.166722,-0.012962,0.003637,0.002441,-0.00504,0.020112,-0.06529,0.241814
152,0.071684,0.026752,0.332607,-0.21413,-0.096199,-0.97208,-0.300011,-0.940558,0.159111,-0.929343,0.325819,0.173753,-0.014605,-0.007986,0.009986,-0.034583,0.035696,-0.043794,0.323908,-0.10038,0.056422,0.305555,0.274177,-0.220934,0.935952,-0.295331,0.906807,0.300691,-0.915473,-0.358583,0.182181,0.012608,0.00269,0.000518,0.002046,-0.015207,0.029244,-1.391988,0.039736,0.044329,-0.030626,-0.161088,0.153772,0.974886,0.333748,-0.921106,0.200437,0.928796,0.357655,0.097058,1e-06,-1.2e-05,-1.6e-05,-0.000279,0.000526,0.000509,-0.796656,0.073733,0.034601,-0.074965,-0.220259,-0.069661,-0.97295,-0.419004,-0.893978,0.158862,-0.880863,0.442661,0.167719,-0.007328,-0.004046,0.004958,-0.035036,0.035568,-0.043879,0.242794
153,0.071352,0.026653,0.332756,-0.215026,-0.096854,-0.971817,-0.300278,-0.940305,0.160099,-0.929049,0.326356,0.174319,-0.013656,0.00182,0.000822,-0.000984,0.014715,-0.029553,0.320341,-0.100247,0.05645,0.305561,0.274771,-0.221371,0.935675,-0.29509,0.906686,0.301292,-0.915374,-0.358619,0.18261,0.012608,0.002693,0.000519,0.002045,-0.015205,0.029245,-1.392486,0.039807,0.044344,-0.030624,-0.161728,0.154241,0.974706,0.333578,-0.921024,0.201094,0.928745,0.357664,0.097504,0.006304,0.001339,0.000248,0.001936,-0.015162,0.0293,-0.797962,0.073573,0.034553,-0.074889,-0.221213,-0.07018,-0.972696,-0.419252,-0.89369,0.159827,-0.880506,0.443161,0.168273,-0.007653,-0.004893,0.004215,-0.034787,0.051555,-0.067854,0.242794
154,0.070735,0.026361,0.333028,-0.214378,-0.09622,-0.972023,-0.301327,-0.940078,0.159461,-0.92886,0.327196,0.173749,-0.015504,-0.010263,0.007983,-0.034567,0.035729,-0.043784,0.31753,-0.099999,0.056529,0.305604,0.274321,-0.21891,0.936386,-0.300978,0.905205,0.299917,-0.913589,-0.363832,0.181233,0.012204,0.004305,0.001936,0.002045,-0.015205,0.029245,-1.39161,0.039927,0.044378,-0.030605,-0.16117,0.151724,0.975194,0.339273,-0.919373,0.199111,0.926777,0.362948,0.0967,-0.000238,0.000955,0.000838,0.002887,-0.017649,0.022864,-0.798452,0.073264,0.03441,-0.074757,-0.220448,-0.069618,-0.97291,-0.420253,-0.893341,0.159147,-0.880221,0.443953,0.167678,-0.007088,0.000263,-0.000151,-0.001228,0.032145,-0.055956,0.237405
