frame,MLTx,MLTy,MLTz,MLTR1,MLTR2,MLTR3,MLTR4,MLTR5,MLTR6,MLTR7,MLTR8,MLTR9,MLTTVx,MLTTVy,MLTTVz,MLTRVx,MLTRVy,MLTRVz,MLGA,MRTx,MRTy,MRTz,MRTR1,MRTR2,MRTR3,MRTR4,MRTR5,MRTR6,MRTR7,MRTR8,MRTR9,MRTTVx,MRTTVy,MRTTVz,MRTRVx,MRTRVy,MRTRVz,MRGA,SLTx,SLTy,SLTz,SLTR1,SLTR2,SLTR3,SLTR4,SLTR5,SLTR6,SLTR7,SLTR8,SLTR9,SLTTVx,SLTTVy,SLTTVz,SLTRVx,SLTRVy,SLTRVz,SLGA,SRTx,SRTy,SRTz,SRTR1,SRTR2,SRTR3,SRTR4,SRTR5,SRTR6,SRTR7,SRTR8,SRTR9,SRTTVx,SRTTVy,SRTTVz,SRTRVx,SRTRVy,SRTRVz,SRGA
800,0.115935,0.009875,0.293275,-0.787919,0.238962,-0.567562,-0.614084,-0.374317,0.69481,-0.045439,0.895688,0.442388,0.014209,-0.001847,-0.001398,0.000984,-0.014715,0.029553,-1.904074,-0.191179,-0.00249,0.288214,-0.371502,0.916638,0.147485,-0.531,-0.339962,0.776143,0.762038,0.208863,0.612811,-0.028458,0.009721,0.013327,-0.002431,0.013673,-0.035071,0.482205,0.033516,0.042723,-0.0265,0.533375,-0.836211,0.12752,0.459008,0.412752,0.786731,-0.710508,-0.36109,0.603979,-0.014223,0.005058,0.006907,-0.014178,0.132743,-0.203912,0.463947,0.057055,0.045485,-0.071453,0.897354,-0.21921,-0.383017,0.441118,0.471208,0.763791,0.01305,-0.854347,0.519538,0.007125,-0.000841,-0.000614,0.000806,-0.014363,0.029801,-1.089167
801,0.116064,0.009823,0.293314,-0.790506,0.234778,-0.565707,-0.61041,-0.378373,0.695849,-0.049699,0.895095,0.443129,0.014376,-0.001145,-0.000622,0.004582,0.027327,-0.031981,-1.904871,-0.19166,-0.002264,0.288433,-0.371983,0.917226,0.142536,-0.532562,-0.336535,0.776567,0.760712,0.211798,0.613451,-0.02851,0.008624,0.012022,-0.002434,0.013646,-0.035044,0.489962,0.033275,0.042838,-0.026389,0.533983,-0.836565,0.122552,0.461168,0.409668,0.78708,-0.70865,-0.363771,0.604553,-0.006969,0.004359,0.005554,-0.000697,0.00287,-0.013743,0.469826,0.057119,0.045459,-0.071433,0.899267,-0.214709,-0.381074,0.437066,0.475046,0.763743,0.017045,-0.853364,0.521036,0.000115,0.000493,0.000542,0.011431,0.151673,-0.221426,-1.089494
802,0.116295,0.009693,0.293393,-0.789948,0.234703,-0.566518,-0.611121,-0.377857,0.695505,-0.049848,0.895332,0.442631,1.3e-05,5.5e-05,6.1e-05,-0.0,0.0,-0.0,-1.904156,-0.192699,-0.001926,0.288836,-0.37122,0.918635,0.135263,-0.533292,-0.330057,0.778843,0.760573,0.215823,0.61222,-0.028572,0.007147,0.010253,-0.003306,0.014131,-0.034701,0.509458,0.032756,0.043007,-0.026187,0.533482,-0.837919,0.115273,0.462993,0.403356,0.789266,-0.707837,-0.367688,0.603134,-0.014306,0.00342,0.004969,0.007582,0.015564,-0.04078,0.487624,0.057241,0.045396,-0.071391,0.898863,-0.214749,-0.382003,0.437886,0.474543,0.763586,0.017297,-0.853634,0.520585,0.007109,-0.000896,-0.000676,0.000821,-0.014518,0.029867,-1.089984
803,0.116367,0.009607,0.293453,-0.78967,0.234661,-0.566923,-0.611477,-0.377528,0.69537,-0.049875,0.895482,0.442325,1.5e-05,6.3e-05,7e-05,-0.0,-0.0,-0.0,-1.905098,-0.193694,-0.001669,0.289217,-0.365415,0.9212,0.133619,-0.527737,-0.32315,0.785495,0.767225,0.215349,0.604032,-0.014005,0.006738,0.008708,-0.346272,0.181648,0.149709,0.530833,0.032253,0.043134,-0.025997,0.52906,-0.840941,0.113632,0.458986,0.396213,0.795202,-0.713741,-0.368554,0.595601,-0.0143,0.003214,0.004703,-0.523991,0.244647,0.164197,0.512935,0.057276,0.045353,-0.071361,0.898665,-0.21477,-0.382457,0.438289,0.474227,0.763551,0.017384,-0.853804,0.520303,4e-06,2.4e-05,2.4e-05,-8.6e-05,0.000205,0.000119,-1.091617
804,0.116373,0.009544,0.29349,-0.789163,0.234481,-0.567702,-0.612105,-0.377184,0.695004,-0.050186,0.895674,0.4419,-0.000869,-0.012066,0.006899,-0.034687,0.01819,-0.015416,-1.904173,-0.194503,-0.001434,0.28956,-0.335804,0.932222,0.134865,-0.527031,-0.304502,0.79338,0.781083,0.194161,0.593359,-0.014064,0.005726,0.007518,-0.440228,0.232387,0.192508,0.534046,0.031859,0.04325,-0.025828,0.502295,-0.857085,0.11447,0.462125,0.377972,0.802232,-0.730848,-0.350058,0.585934,-0.007082,0.002427,0.003276,-0.53842,0.333454,0.236284,0.521752,0.05728,0.045327,-0.071345,0.898304,-0.214689,-0.383348,0.439011,0.473923,0.763325,0.0178,-0.853993,0.519978,-0.00717,0.000657,0.000405,-0.001049,0.014845,-0.029463,-1.092923
805,0.116359,0.009504,0.293507,-0.79028,0.22971,-0.568098,-0.61018,-0.380619,0.694825,-0.055642,0.895464,0.441674,-7.6e-05,-0.000322,-0.000357,0.0,-0.0,-0.0,-1.904347,-0.194779,-0.001349,0.289691,-0.314476,0.939613,0.134996,-0.527485,-0.291085,0.7981,0.789583,0.178584,0.586967,-0.014131,0.004841,0.006499,-0.532334,0.293383,0.242907,0.533952,0.031711,0.043295,-0.025758,0.482645,-0.86832,0.114339,0.465059,0.364717,0.80666,-0.74214,-0.336156,0.579849,-0.007107,0.002115,0.002911,-0.549332,0.379993,0.270199,0.523058,0.057272,0.045302,-0.071335,0.899193,-0.209885,-0.383924,0.436936,0.477167,0.762494,0.02316,-0.85338,0.520772,-0.000449,-0.006086,0.00339,-0.035582,0.018164,-0.015463,-1.093413
806,0.116302,0.009446,0.293562,-0.791198,0.224863,-0.568759,-0.608449,-0.38389,0.694543,-0.061184,0.895303,0.441266,1.7e-05,7.3e-05,8.1e-05,0.0,-0.0,-0.0,-1.904551,-0.195036,-0.001177,0.289921,-0.268877,0.953737,0.134468,-0.532491,-0.263407,0.804365,0.802898,0.143464,0.578477,0.000411,0.004787,0.005434,-0.245683,0.126719,0.143567,0.53364,0.031577,0.04338,-0.025645,0.439437,-0.891112,0.113199,0.474499,0.337278,0.813077,-0.762722,-0.303583,0.571044,0.000162,0.002142,0.002434,-0.31783,0.195699,0.161387,0.523548,0.057244,0.045273,-0.071308,0.899929,-0.205038,-0.38482,0.435093,0.480262,0.761604,0.028656,-0.852822,0.521413,7e-06,3.8e-05,4.2e-05,-0.000272,0.000213,0.000156,-1.093903
807,0.116265,0.009371,0.293614,-0.791919,0.219959,-0.569674,-0.606905,-0.387077,0.694125,-0.066847,0.895155,0.440744,-7.5e-05,-0.000316,-0.000351,0.000569,-0.117211,0.160691,-1.904368,-0.194833,-0.001036,0.290146,-0.212719,0.967949,0.133482,-0.540588,-0.230262,0.809122,0.814177,0.098732,0.57204,0.000529,0.006226,0.007053,0.702721,4.486214,3.209808,0.533604,0.031678,0.043446,-0.025537,0.391563,-0.913358,0.111603,0.486384,0.308407,0.817505,-0.781094,-0.265823,0.565004,0.007496,0.003026,0.00293,0.021116,0.021132,0.086538,0.523875,0.057225,0.045236,-0.071281,0.900515,-0.200174,-0.386006,0.433467,0.483293,0.760613,0.0343,-0.852265,0.521982,-4.7e-05,-0.000182,-0.000203,-0.001168,-0.117397,0.160488,-1.094066
808,0.116258,0.009298,0.293639,-0.791681,0.219894,-0.570029,-0.607207,-0.386835,0.693996,-0.066921,0.895276,0.440487,-0.000896,-0.012174,0.006781,-0.034688,0.018183,-0.015423,-1.904146,-0.194525,-0.000944,0.290322,-0.169042,0.976673,0.132385,-0.54609,-0.204509,0.81234,0.820662,0.06379,0.567722,0.015162,0.007645,0.007652,0.083666,1.401119,1.065334,0.533394,0.031821,0.043488,-0.025454,0.350668,-0.929996,0.110169,0.496879,0.284478,0.819867,-0.793814,-0.232761,0.561853,0.007813,-0.001915,0.00763,-0.212303,0.209944,0.209039,0.523875,0.057222,0.045203,-0.071271,0.900343,-0.200149,-0.386421,0.433814,0.483073,0.760556,0.034445,-0.852396,0.52176,-0.000475,-0.0062,0.003266,-0.034467,-0.098806,0.145406,-1.094556
809,0.11626,0.008974,0.293753,-0.793972,0.210555,-0.570369,-0.602972,-0.393195,0.694114,-0.077134,0.894763,0.439861,-0.001029,-0.012736,0.00616,-0.034485,0.017914,-0.015595,-1.904071,-0.193628,-0.000788,0.290776,-0.095544,0.985991,0.136693,-0.554373,-0.166643,0.815374,0.826834,0.000879,0.562323,0.029854,0.010377,0.009676,0.009986,0.514482,0.206921,0.533947,0.03227,0.043566,-0.025226,0.274701,-0.954789,0.113646,0.513584,0.245619,0.822133,-0.812877,-0.167474,0.557836,0.015143,-0.000991,0.008112,0.122661,1.892268,0.287475,0.523875,0.057223,0.045041,-0.071214,0.902086,-0.1907,-0.387135,0.429249,0.489104,0.75929,0.044552,-0.851123,0.523071,-0.000547,-0.006488,0.002947,-0.036671,0.016973,-0.016382,-1.095209
810,0.11621,0.008548,0.293919,-0.796959,0.206607,-0.567639,-0.598603,-0.396454,0.696039,-0.080249,0.894249,0.440347,-0.000383,-0.001609,-0.001788,0.0,-0.0,-0.0,-1.904716,-0.192435,-0.000683,0.291427,-0.018138,0.989326,0.144555,-0.555331,-0.130077,0.821353,0.831395,-0.066627,0.551548,0.030527,0.001376,0.019959,-0.462149,0.313509,0.372985,0.533731,0.032866,0.043622,-0.024904,0.200115,-0.972215,0.121453,0.522679,0.21078,0.826061,-0.828709,-0.101826,0.550337,0.015225,0.000564,0.009849,-0.430995,0.633919,0.597725,0.523712,0.057199,0.044825,-0.071128,0.90424,-0.186342,-0.38422,0.42438,0.492112,0.760083,0.047444,-0.850353,0.524068,-0.000617,-0.006787,0.002617,-0.035369,0.035091,-0.038192,-1.096189
811,0.116164,0.008154,0.294075,-0.799307,0.197308,-0.567646,-0.594032,-0.402591,0.696432,-0.090127,0.893619,0.439715,-0.000354,-0.001488,-0.001655,0.026078,-0.147888,0.141369,-1.904017,-0.191083,-0.000483,0.292216,0.039085,0.987437,0.153072,-0.547125,-0.106918,0.830155,0.836025,-0.117441,0.535847,0.044617,0.016662,0.015429,-0.270361,0.20357,0.348797,0.534192,0.033537,0.043716,-0.024509,0.142704,-0.981244,0.129595,0.517223,0.185565,0.835491,-0.843869,-0.052198,0.534002,0.015343,0.002657,0.012118,-0.276522,0.529973,0.545152,0.523875,0.057175,0.044627,-0.07105,0.90602,-0.176965,-0.38446,0.419364,0.49791,0.759091,0.057094,-0.848981,0.525329,-0.000598,-0.006699,0.002716,0.050395,-0.069733,-0.104509,-1.09276
812,0.116162,0.008,0.294149,-0.799207,0.197347,-0.567773,-0.594201,-0.402188,0.696521,-0.089906,0.893791,0.439409,0.013385,-0.013894,0.005532,-0.033717,0.003405,0.014084,-1.904101,-0.190401,-0.000323,0.292636,0.059157,0.98525,0.160542,-0.537103,-0.104026,0.837038,0.8413,-0.136985,0.522792,0.045133,0.005274,0.023036,-0.681657,0.682823,-0.320422,0.534359,0.033878,0.043802,-0.024299,0.123264,-0.982978,0.136235,0.508946,0.180471,0.841667,-0.851927,-0.034411,0.522528,0.015039,0.008638,0.00857,-1.040479,1.78954,-1.874935,0.523875,0.057169,0.044553,-0.071018,0.905906,-0.17696,-0.384731,0.419615,0.497533,0.759199,0.057069,-0.849202,0.524973,-4.3e-05,-0.000159,-0.000177,6.5e-05,-0.11633,0.161275,-1.09227
813,0.116168,0.007801,0.294248,-0.799134,0.197421,-0.567851,-0.594352,-0.401677,0.696687,-0.089562,0.894005,0.439045,-0.000788,-0.011728,0.007292,-0.034703,0.018107,-0.015477,-1.904467,-0.188997,0.000112,0.293321,0.075814,0.982086,0.172485,-0.531027,-0.106525,0.840593,0.843795,-0.15656,0.513188,0.044204,0.013884,0.01209,-0.679467,1.629143,-2.025941,0.534575,0.034596,0.04403,-0.023939,0.106012,-0.983271,0.148112,0.50313,0.181519,0.844931,-0.857683,-0.015053,0.513957,0.022083,0.00684,0.005953,-0.850597,1.637338,-1.989269,0.523875,0.057177,0.044453,-0.070968,0.905841,-0.177063,-0.384837,0.41979,0.497035,0.759428,0.056811,-0.849473,0.524564,5e-06,2.8e-05,3e-05,-0.000148,0.000298,0.000191,-1.093903
814,0.116207,0.007714,0.294306,-0.798908,0.197399,-0.568176,-0.594657,-0.401379,0.696599,-0.089557,0.894143,0.438764,0.000104,0.000438,0.000487,0.0,0.0,0.0,-1.90428,-0.187707,0.000544,0.293669,0.07755,0.981861,0.17299,-0.528747,-0.106477,0.842035,0.845065,-0.158004,0.510648,0.028724,0.020074,-0.000343,-0.017741,-0.030102,0.124313,0.534363,0.035231,0.044243,-0.023759,0.103461,-0.983355,0.149355,0.499513,0.181221,0.847139,-0.860105,-0.013041,0.509948,0.014649,0.003956,0.00323,-0.039591,-0.020068,0.108096,0.523875,0.057196,0.044405,-0.070937,0.905686,-0.177099,-0.385185,0.42012,0.49673,0.759445,0.056836,-0.849643,0.524285,7.1e-05,0.000302,0.000335,0.000608,-0.116321,0.161349,-1.093413
815,0.116218,0.007698,0.294334,-0.798206,0.199825,-0.568315,-0.595712,-0.402414,0.695099,-0.088812,0.893136,0.440962,0.000257,0.001081,0.001202,0.006339,0.008253,0.005929,-1.903907,-0.187106,0.000681,0.293742,0.083518,0.980963,0.175293,-0.52937,-0.105238,0.841799,0.844098,-0.164335,0.51025,0.029115,0.005095,0.003377,0.003345,-0.030038,0.058809,0.534268,0.03552,0.044316,-0.023724,0.097429,-0.983633,0.151567,0.500548,0.180058,0.846776,-0.860208,-0.006634,0.509898,0.014237,0.008291,-0.002122,0.052891,-0.068329,0.098291,0.523875,0.057201,0.044396,-0.070924,0.905149,-0.179695,-0.385245,0.421439,0.497897,0.757949,0.055612,-0.848414,0.526402,0.00015,0.000635,0.000706,-0.01588,-0.01497,0.024409,-1.094393
816,0.116199,0.007703,0.294354,-0.798219,0.199826,-0.568296,-0.595697,-0.402394,0.695123,-0.088787,0.893145,0.440948,0.000201,0.000845,0.00094,1e-06,1e-06,1e-06,-1.903856,-0.186087,0.000877,0.293756,0.089643,0.980402,0.175407,-0.530155,-0.102,0.841703,0.842968,-0.16968,0.510368,0.028914,0.002017,-4e-05,0.294906,1.365098,0.904659,0.534345,0.03603,0.044414,-0.023717,0.097304,-0.983613,0.151773,0.500786,0.180173,0.846611,-0.860084,-0.006373,0.510111,0.007259,0.001054,0.000576,-0.010097,0.096081,-0.134766,0.523712,0.057192,0.044399,-0.070914,0.905174,-0.179625,-0.38522,0.421395,0.497692,0.758108,0.055546,-0.848549,0.526191,0.000135,0.000572,0.000637,-0.00036,-0.017296,0.02307,-1.095046
817,0.11619,0.007719,0.294356,-0.798054,0.199756,-0.568553,-0.595894,-0.402368,0.69497,-0.088955,0.893172,0.440859,8e-06,3.3e-05,3.6e-05,0.0,0.0,0.0,-1.904484,-0.185238,0.001058,0.293659,0.091552,0.98013,0.175937,-0.528318,-0.101834,0.842878,0.843914,-0.171352,0.508243,0.028841,0.000903,-0.001292,-0.067494,0.114442,-0.077705,0.533748,0.036465,0.044502,-0.023769,0.089769,-0.984285,0.152061,0.499972,0.176581,0.847848,-0.861375,-8.4e-05,0.507967,0.006887,0.006114,-0.003971,-0.011931,0.004182,0.07195,0.524038,0.057188,0.044409,-0.07091,0.90506,-0.179577,-0.385508,0.421613,0.497669,0.758001,0.055736,-0.848573,0.526133,2e-06,6e-06,7e-06,7.9e-05,-0.000141,-0.000107,-1.094719
818,0.116179,0.007712,0.294363,-0.797837,0.199676,-0.568886,-0.596158,-0.40228,0.694794,-0.089129,0.89323,0.440707,0.0,0.0,0.0,0.0,0.0,0.0,-1.904449,-0.184547,0.001263,0.293494,0.091836,0.97987,0.177232,-0.528833,-0.102696,0.84245,0.84356,-0.172327,0.508501,0.013743,0.01195,-0.008223,0.026564,0.086949,-0.11577,0.53355,0.036816,0.044598,-0.023852,0.089429,-0.984113,0.153375,0.500499,0.17754,0.847336,-0.861105,0.000988,0.508425,0.007204,8e-05,-0.000501,0.003278,-0.017298,0.027791,0.524038,0.057182,0.044405,-0.070907,0.904909,-0.179533,-0.385882,0.421909,0.497592,0.757888,0.055947,-0.848628,0.526022,3e-06,-7e-06,-8e-06,2.9e-05,-0.000104,-6.6e-05,-1.093903
819,0.11618,0.007718,0.294369,-0.797665,0.199613,-0.569149,-0.596365,-0.402229,0.694645,-0.08928,0.893267,0.440602,1.1e-05,4.5e-05,5e-05,0.0,0.0,0.0,-1.90389,-0.184261,0.001373,0.293409,0.091969,0.979188,0.180896,-0.529103,-0.105722,0.841906,0.843376,-0.174375,0.508108,0.014403,0.000261,-0.000871,-0.277406,1.56334,-2.460577,0.533317,0.036959,0.044657,-0.023897,0.089317,-0.984005,0.154129,0.500708,0.178133,0.847089,-0.860995,0.001514,0.50861,0.006871,0.005956,-0.004146,0.038322,-0.029677,0.045036,0.524038,0.057183,0.044408,-0.070903,0.90479,-0.179501,-0.386177,0.422142,0.497547,0.757787,0.056118,-0.84866,0.525951,7e-06,1.9e-05,2e-05,5e-05,-7.7e-05,-5.1e-05,-1.094066
820,0.116198,0.007695,0.29436,-0.799035,0.200036,-0.567074,-0.594688,-0.402744,0.695783,-0.088215,0.89294,0.441479,-0.00017,-0.000716,-0.000796,0.0,0.0,-0.0,-1.904594,-0.183819,0.001613,0.293257,0.093791,0.97882,0.181953,-0.527507,-0.106018,0.84287,0.844172,-0.176267,0.506129,8e-06,0.000171,0.000188,-0.050687,0.025548,0.02199,0.528508,0.03718,0.044772,-0.023972,0.087465,-0.98352,0.158233,0.498335,0.180737,0.847936,-0.86256,0.004688,0.505931,9e-06,0.000115,0.000116,-0.061802,0.148778,-0.134628,0.523875,0.057192,0.044398,-0.070907,0.905762,-0.179661,-0.383817,0.420218,0.498023,0.758544,0.054869,-0.848348,0.526587,-0.000114,-0.00048,-0.000534,-0.000171,-0.002331,0.003103,-1.095045
821,0.116228,0.007667,0.294361,-0.798941,0.200023,-0.567212,-0.59481,-0.402671,0.695722,-0.08825,0.892976,0.441399,0.014206,-0.00206,-0.001641,0.000984,-0.014715,0.029553,-1.904257,-0.18358,0.00177,0.293136,0.093945,0.978548,0.183326,-0.527941,-0.107031,0.84247,0.843883,-0.177163,0.506298,-5.6e-05,-0.001184,-0.0013,-0.013648,0.131946,-0.185062,0.520389,0.037305,0.044853,-0.024029,0.08722,-0.983346,0.159442,0.498812,0.181652,0.84746,-0.86231,0.005616,0.506348,0.0072,0.000134,-0.000443,0.003458,-0.01636,0.028358,0.523385,0.057202,0.044384,-0.070907,0.905693,-0.179659,-0.383981,0.420358,0.497952,0.758512,0.054931,-0.84839,0.526513,-3.5e-05,-0.000143,-0.000158,2.8e-05,-7.2e-05,3.6e-05,-1.095536
822,0.116227,0.007658,0.294367,-0.798869,0.200001,-0.56732,-0.594899,-0.402626,0.695671,-0.088294,0.893001,0.441339,-1e-06,-3e-06,-4e-06,0.0,0.0,0.0,-1.904665,-0.183539,0.0018,0.293105,0.094002,0.978404,0.184064,-0.528049,-0.107614,0.842328,0.843809,-0.177607,0.506266,-3.5e-05,-0.000748,-0.000821,-0.0,0.0,0.0,0.516283,0.037325,0.044871,-0.024049,0.087146,-0.983208,0.160336,0.498821,0.182385,0.847297,-0.862312,0.006141,0.506339,-2.1e-05,-0.0005,-0.000552,3.8e-05,-0.000871,-0.000521,0.520446,0.057207,0.044378,-0.070905,0.905633,-0.179652,-0.384126,0.420479,0.497907,0.758475,0.054998,-0.848417,0.526461,1e-06,6e-06,8e-06,4e-05,-2e-05,-2e-05,-1.095862
823,0.116258,0.007637,0.294375,-0.798604,0.199925,-0.567721,-0.595228,-0.402502,0.695462,-0.08848,0.893074,0.441154,-0.0,-0.0,-0.0,0.0,0.0,0.0,-1.90431,-0.183585,0.001837,0.293074,0.094104,0.978028,0.186001,-0.528212,-0.109194,0.842022,0.843695,-0.178717,0.506064,-0.014442,-0.001288,-0.000246,-0.013955,0.130486,-0.190862,0.503023,0.037302,0.04489,-0.024065,0.087007,-0.982901,0.162281,0.498686,0.183992,0.847029,-0.862404,0.00723,0.506168,-0.007223,-0.000715,-0.000201,-0.014071,0.129911,-0.191222,0.508689,0.057222,0.044367,-0.070901,0.905447,-0.179626,-0.384575,0.420849,0.497794,0.758344,0.055221,-0.848489,0.526322,-2e-06,3e-06,7e-06,5.5e-05,1e-06,-3.7e-05,-1.094719
824,0.116268,0.007618,0.294384,-0.798367,0.19985,-0.568081,-0.595521,-0.402385,0.695279,-0.088647,0.893143,0.44098,-0.0,-0.0,-0.0,0.0,0.0,0.0,-1.904154,-0.183719,0.001872,0.293017,0.094162,0.978244,0.184832,-0.528428,-0.108113,0.842027,0.843554,-0.178189,0.506486,-0.014445,-0.001332,-0.000296,-0.013946,0.130516,-0.190841,0.489434,0.03724,0.044908,-0.024094,0.087027,-0.983124,0.160909,0.499119,0.182816,0.847028,-0.862151,0.006599,0.506606,-3.1e-05,-0.000684,-0.00075,-0.000389,0.001229,-0.002802,0.491217,0.057227,0.044358,-0.070896,0.905281,-0.179597,-0.384979,0.421179,0.497687,0.758231,0.055423,-0.848558,0.52619,-3e-06,1e-06,5e-06,6.1e-05,-9e-06,-1.8e-05,-1.095372
825,0.116266,0.007591,0.294401,-0.798311,0.199843,-0.568161,-0.595597,-0.402299,0.695264,-0.088638,0.893184,0.4409,-0.0,-0.0,-0.0,0.0,0.0,0.0,-1.90383,-0.183799,0.001903,0.292951,0.094169,0.978674,0.182541,-0.528613,-0.106099,0.842167,0.843437,-0.177031,0.507086,-0.000754,0.01004,-0.009159,0.036452,-0.013164,0.017304,0.482886,0.037195,0.044919,-0.024123,0.087096,-0.983468,0.158755,0.499631,0.180992,0.847118,-0.861848,0.005538,0.507134,-0.007248,-0.001215,-0.000751,-0.002624,0.017682,-0.033908,0.482236,0.057226,0.044345,-0.070888,0.905243,-0.179601,-0.385068,0.421262,0.497606,0.758239,0.055432,-0.848605,0.526113,-4e-06,1e-06,5e-06,4.9e-05,-2e-06,-3.6e-05,-1.095536
826,0.11625,0.007514,0.294451,-0.799248,0.195065,-0.568504,-0.593512,-0.405541,0.695164,-0.09396,0.89278,0.440616,-0.0,-0.0,-0.0,0.0,-0.0,-0.0,-1.904772,-0.184027,0.001936,0.292778,0.094141,0.97958,0.177629,-0.528997,-0.101809,0.842455,0.843199,-0.174508,0.508355,-0.014526,-0.002923,-0.002052,-0.002045,0.015205,-0.029245,0.476233,0.037086,0.04494,-0.024212,0.087306,-0.984233,0.153824,0.500818,0.176847,0.847293,-0.861137,0.003064,0.508361,-7.6e-05,-0.001583,-0.001739,-0.002055,0.018138,-0.026087,0.468356,0.057218,0.044306,-0.070863,0.905939,-0.174789,-0.385644,0.419034,0.500668,0.757457,0.060684,-0.847808,0.526817,-4e-06,-0.0,3e-06,-0.000137,6.5e-05,2.3e-05,-1.095535
827,0.116243,0.007396,0.294535,-0.80072,0.195564,-0.566258,-0.591748,-0.405771,0.696532,-0.092563,0.892565,0.441345,2e-06,6e-06,7e-06,2e-06,3e-05,-4.5e-05,-1.904805,-0.18438,0.001954,0.292507,0.094069,0.980471,0.172681,-0.529516,-0.097487,0.84264,0.842882,-0.171938,0.509755,-0.015327,0.006198,-0.012236,0.032625,0.019039,-0.035881,0.46868,0.03691,0.044949,-0.024341,0.087553,-0.984976,0.148849,0.5021,0.172689,0.847392,-0.860365,0.000546,0.509676,-0.00732,-0.00259,-0.00227,-0.004114,0.033579,-0.055502,0.458722,0.057215,0.044248,-0.070821,0.906987,-0.175013,-0.38307,0.416984,0.50087,0.758454,0.059129,-0.847643,0.527261,0.00674,-0.006772,0.002965,-0.034028,-7.6e-05,0.018917,-1.095535
828,0.116236,0.007291,0.2946,-0.800738,0.195624,-0.566212,-0.591762,-0.405497,0.69668,-0.092318,0.892677,0.441171,-5.4e-05,-0.000226,-0.000252,0.0,0.0,-0.0,-1.904108,-0.184837,0.001989,0.292141,0.093986,0.981264,0.16816,-0.530225,-0.093503,0.842646,0.842446,-0.169595,0.511258,-0.014696,-0.00592,-0.005384,-0.003758,0.031958,-0.052629,0.4653,0.036687,0.044966,-0.024525,0.08779,-0.985637,0.144264,0.503536,0.168868,0.84731,-0.859502,-0.001743,0.511129,-0.007653,0.003262,-0.00594,0.033997,0.004041,-0.015474,0.451537,0.057211,0.044196,-0.070788,0.906978,-0.175065,-0.383068,0.417028,0.500598,0.758609,0.058957,-0.847793,0.527039,-4.4e-05,-0.000181,-0.000201,-1.9e-05,-1.7e-05,0.000109,-1.096025
829,0.116243,0.007249,0.294615,-0.800688,0.195628,-0.566281,-0.591835,-0.405389,0.69668,-0.092283,0.892725,0.441082,-4.7e-05,-0.000198,-0.000221,0.0,0.0,0.0,-1.904488,-0.185099,0.002043,0.291947,0.088117,0.982194,0.165896,-0.530106,-0.094642,0.842594,0.843163,-0.163426,0.512086,-0.015328,0.006336,-0.01211,0.02691,-0.035487,-0.035449,0.462941,0.03655,0.044989,-0.024626,0.093697,-0.985411,0.142075,0.5032,0.170006,0.847281,-0.859074,-0.007895,0.511788,-0.007686,0.002665,-0.006599,0.007721,-0.10623,-0.116032,0.448435,0.057214,0.044174,-0.070781,0.906943,-0.175079,-0.383145,0.417107,0.500496,0.758633,0.058942,-0.84785,0.526948,-3.2e-05,-0.000124,-0.000137,-1.1e-05,3.1e-05,2.4e-05,-1.093902
830,0.116249,0.007198,0.294635,-0.800487,0.195581,-0.566581,-0.592094,-0.405215,0.696561,-0.092361,0.892814,0.440884,-1e-06,-5e-06,-6e-06,0.0,0.0,0.0,-1.90483,-0.185691,0.002173,0.291529,0.082147,0.983942,0.158435,-0.530579,-0.091274,0.842668,0.843476,-0.154525,0.514328,-0.014686,-0.00533,-0.004764,-0.003749,0.031994,-0.052604,0.460855,0.036254,0.045058,-0.024838,0.099954,-0.985852,0.13455,0.504312,0.166767,0.847265,-0.857716,-0.016833,0.513846,-0.007647,0.003438,-0.005755,0.033884,0.005269,-0.017101,0.444516,0.057217,0.044148,-0.070771,0.906802,-0.175072,-0.383481,0.417397,0.500333,0.758581,0.059063,-0.847948,0.526778,-0.000388,-0.005845,0.003671,-0.034718,0.018085,-0.015492,-1.093249
831,0.116245,0.007169,0.294633,-0.800207,0.195489,-0.567008,-0.592439,-0.405087,0.696342,-0.092569,0.892893,0.440682,-4.7e-05,-0.000198,-0.00022,0.0,0.0,0.0,-1.904437,-0.186297,0.002302,0.291246,0.083648,0.984571,0.15367,-0.529226,-0.086652,0.844005,0.844176,-0.153165,0.513586,-0.014579,-0.003234,-0.002457,-0.259016,0.164087,0.061398,0.456977,0.035951,0.04512,-0.024983,0.099373,-0.986535,0.129889,0.50454,0.162467,0.847964,-0.857649,-0.018731,0.513892,-0.007571,0.004779,-0.004273,-0.396227,0.173286,0.144082,0.439944,0.057216,0.044134,-0.070772,0.906607,-0.175034,-0.38396,0.417786,0.500216,0.758444,0.05931,-0.848024,0.526626,-2.9e-05,-0.000116,-0.00013,-1.1e-05,1.5e-05,6e-06,-1.093249
832,0.116242,0.007148,0.294626,-0.800079,0.195447,-0.567203,-0.592598,-0.405026,0.696242,-0.092663,0.892929,0.440587,-0.000117,-0.000494,-0.000549,0.0,0.0,0.0,-1.904235,-0.186605,0.002362,0.291185,0.083581,0.984481,0.154281,-0.529463,-0.087168,0.843804,0.844034,-0.153452,0.513734,-0.01446,-0.001108,-0.000106,-0.005215,0.016848,-0.027828,0.456111,0.035802,0.045147,-0.025016,0.098572,-0.986548,0.130399,0.50381,0.162477,0.848396,-0.858171,-0.017932,0.513049,-0.007544,0.005241,-0.003763,0.050213,0.003223,-0.014324,0.437168,0.057214,0.044124,-0.070775,0.906517,-0.175017,-0.38418,0.417964,0.500161,0.758382,0.059422,-0.848061,0.526555,-0.000478,-0.006221,0.003252,-0.034718,0.018063,-0.015491,-1.093413
833,0.116241,0.007092,0.294578,-0.799926,0.1954,-0.567435,-0.592787,-0.404959,0.69612,-0.092775,0.89297,0.440481,0.013921,-0.003317,-0.003041,0.000984,-0.014715,0.029553,-1.90379,-0.187092,0.002426,0.291234,0.083471,0.985226,0.149512,-0.529659,-0.083104,0.84409,0.843922,-0.150889,0.514676,-0.014289,0.001793,0.003102,-0.001844,0.014136,-0.02755,0.456841,0.035554,0.045177,-0.024994,0.098849,-0.987145,0.125592,0.504918,0.158512,0.848488,-0.857488,-0.020459,0.514096,7.4e-05,0.001278,0.001426,0.00204,-0.016754,0.022685,0.436025,0.057208,0.044098,-0.070797,0.90642,-0.174998,-0.384417,0.418158,0.500102,0.758314,0.059544,-0.848099,0.52648,-0.000224,-0.000949,-0.001055,0.0,1.3e-05,-1e-06,-1.093576
834,0.116254,0.007006,0.294485,-0.799805,0.19537,-0.567615,-0.592934,-0.404926,0.696015,-0.092871,0.892992,0.440417,-0.00051,-0.002145,-0.002389,0.0,0.0,0.0,-1.904285,-0.187535,0.002498,0.291439,0.077551,0.985984,0.14769,-0.529099,-0.084732,0.84428,0.844845,-0.14486,0.514893,0.000258,0.004288,0.004746,-0.009955,0.09922,-0.137754,0.456829,0.035327,0.045212,-0.024891,0.104839,-0.98676,0.123737,0.50407,0.159981,0.848715,-0.857275,-0.026607,0.514169,-0.007086,0.001888,0.002651,-0.002174,0.016082,-0.030689,0.436025,0.05722,0.044054,-0.070844,0.906326,-0.174992,-0.384642,0.418344,0.500069,0.758233,0.059663,-0.848119,0.526433,-0.000317,-0.001343,-0.001496,9e-06,1.2e-05,4e-06,-1.093086
835,0.116273,0.006905,0.294359,-0.799869,0.195405,-0.567513,-0.592856,-0.404969,0.696056,-0.092822,0.892965,0.440483,-0.000595,-0.002505,-0.002794,0.0,0.0,0.0,-1.904237,-0.18791,0.00257,0.291702,0.077497,0.985834,0.148716,-0.528893,-0.085675,0.844314,0.84498,-0.145329,0.514541,-0.014084,0.004908,0.006521,-0.000361,-0.001602,-0.005898,0.457747,0.035145,0.04525,-0.024759,0.104849,-0.986612,0.124904,0.503675,0.160979,0.848761,-0.857506,-0.026081,0.513811,0.00044,-0.003558,0.006204,-0.034696,-0.003597,0.006733,0.436515,0.05723,0.044003,-0.070908,0.90637,-0.175015,-0.384527,0.418258,0.500109,0.758255,0.059599,-0.848091,0.526486,-0.000345,-0.001457,-0.001628,-0.000125,0.016836,-0.023367,-1.09227
836,0.116254,0.00688,0.294315,-0.799944,0.195424,-0.567401,-0.592761,-0.405014,0.69611,-0.092778,0.89294,0.440541,-0.000387,-0.001627,-0.001815,0.0,0.0,0.0,-1.904017,-0.18803,0.002607,0.291859,0.077511,0.985716,0.149491,-0.528748,-0.086356,0.844335,0.845068,-0.14573,0.514281,0.000345,0.005603,0.006183,0.001682,-0.016803,0.023351,0.458198,0.035084,0.045271,-0.024685,0.104815,-0.986517,0.125687,0.503429,0.161627,0.848784,-0.857655,-0.025691,0.513582,0.000146,0.00246,0.002722,1.8e-05,-8e-06,7e-06,0.437168,0.05722,0.04399,-0.070931,0.906423,-0.17502,-0.3844,0.418151,0.50015,0.758286,0.059543,-0.848066,0.526533,-0.000255,-0.001068,-0.001191,-9.7e-05,0.016861,-0.023387,-1.092596
837,0.116228,0.006869,0.294286,-0.799771,0.195348,-0.567671,-0.592967,-0.404986,0.695951,-0.092955,0.892969,0.440445,-0.014302,0.00176,0.001308,-0.000984,0.014715,-0.029553,-1.904092,-0.188094,0.002678,0.292217,0.077569,0.985541,0.150606,-0.528363,-0.087347,0.844474,0.845304,-0.146321,0.513725,0.000999,-0.005332,0.014339,-0.034671,-0.003583,0.006764,0.463095,0.035047,0.045306,-0.024505,0.104727,-0.986383,0.126808,0.502867,0.16253,0.848945,-0.857995,-0.02514,0.513041,0.000526,-0.002141,0.00775,-0.034701,-0.00358,0.00675,0.43978,0.057212,0.043981,-0.070949,0.906292,-0.17498,-0.384727,0.418406,0.500123,0.758163,0.059748,-0.84809,0.526471,6e-06,1.9e-05,2.2e-05,9e-06,4e-06,4e-06,-1.092596
838,0.116231,0.006892,0.294281,-0.799663,0.195301,-0.567839,-0.593091,-0.405002,0.695836,-0.093088,0.892973,0.44041,0.014289,-0.001811,-0.001365,0.000984,-0.014715,0.029553,-1.904091,-0.187957,0.002702,0.292674,0.076027,0.985472,0.151842,-0.52987,-0.088951,0.843362,0.844502,-0.145817,0.515185,0.0154,-0.004733,0.013884,-0.034396,0.091785,-0.129729,0.47016,0.03511,0.045322,-0.024272,0.1063,-0.986066,0.127959,0.504288,0.164373,0.847746,-0.856967,-0.025587,0.514734,0.000196,0.003314,0.003637,-0.014185,-0.021186,0.022526,0.446312,0.057203,0.043995,-0.070948,0.906237,-0.17495,-0.384871,0.418509,0.500147,0.758091,0.059864,-0.848082,0.52647,8e-06,3e-05,3.3e-05,-1e-06,-2e-06,-2e-06,-1.092923
839,0.116232,0.00691,0.29427,-0.799567,0.195257,-0.56799,-0.593202,-0.405021,0.695731,-0.093211,0.892974,0.440382,0.0,0.0,0.0,0.0,0.0,0.0,-1.90438,-0.187843,0.002664,0.292927,0.076114,0.985368,0.152474,-0.529432,-0.089522,0.843577,0.844769,-0.146174,0.514647,0.001025,-0.004858,0.014832,-0.046155,0.112009,-0.154659,0.474627,0.035173,0.045303,-0.024146,0.106185,-0.986002,0.128545,0.503571,0.164796,0.848091,-0.857403,-0.025323,0.514021,0.007684,-0.002463,0.006829,-0.037486,-0.018254,0.036927,0.450721,0.057209,0.044004,-0.070954,0.906159,-0.174928,-0.385063,0.418657,0.500162,0.757999,0.059999,-0.848078,0.526462,2e-06,9e-06,1e-05,5e-05,2.5e-05,-1.1e-05,-1.092106
840,0.116256,0.006951,0.294241,-0.799417,0.195189,-0.568223,-0.593368,-0.405095,0.695546,-0.093431,0.892955,0.440373,0.0,0.0,0.0,0.0,0.0,0.0,-1.904251,-0.187614,0.002463,0.293417,0.076302,0.98513,0.153906,-0.528379,-0.090831,0.844097,0.845411,-0.146968,0.513364,0.015268,-0.006793,0.011605,-0.032626,-0.018805,0.036003,0.484094,0.035282,0.045209,-0.023901,0.105925,-0.985822,0.130132,0.502259,0.16599,0.848636,-0.858204,-0.024532,0.51272,0.00044,-0.003486,0.006251,-0.046399,0.112141,-0.154606,0.461498,0.057221,0.044025,-0.070968,0.906055,-0.17489,-0.385326,0.418852,0.500235,0.757843,0.060214,-0.848043,0.526494,0.000387,0.005856,-0.003655,0.034757,-0.018061,0.015496,-1.092596
841,0.116257,0.00698,0.294212,-0.799316,0.195135,-0.568384,-0.593478,-0.405159,0.695415,-0.093596,0.892938,0.440373,0.000779,0.011705,-0.007323,0.034713,-0.018066,0.015504,-1.904208,-0.187411,0.002139,0.293835,0.076476,0.984917,0.155182,-0.527234,-0.092032,0.844682,0.846109,-0.147655,0.512015,0.000163,0.002748,0.003001,0.0,-0.0,-0.0,0.484817,0.035389,0.045041,-0.023684,0.105702,-0.985678,0.131396,0.500869,0.166925,0.849273,-0.859044,-0.023958,0.51134,0.000389,-0.004361,0.005293,-0.034643,-0.003458,0.006857,0.469336,0.057221,0.044035,-0.07098,0.90599,-0.174861,-0.385492,0.418973,0.500278,0.757748,0.060352,-0.848023,0.526509,1e-06,4e-06,8e-06,1.9e-05,5e-06,-1.6e-05,-1.093086
842,0.116254,0.006968,0.294199,-0.80024,0.190322,-0.568717,-0.591331,-0.408605,0.695227,-0.099072,0.892413,0.44024,-4e-05,-0.000166,-0.000186,0.0,-0.0,-0.0,-1.904207,-0.187333,0.001963,0.294166,0.074906,0.98484,0.156428,-0.528601,-0.09368,0.843646,0.845399,-0.147123,0.513341,0.000211,0.00358,0.003905,-0.010032,0.114224,-0.162506,0.474396,0.035428,0.04495,-0.023522,0.107297,-0.985355,0.132519,0.502041,0.168745,0.848221,-0.858161,-0.024482,0.512795,0.000117,0.002105,0.002294,-0.011146,-0.016352,0.025177,0.463784,0.05722,0.044033,-0.070989,0.906664,-0.170011,-0.386078,0.416699,0.503551,0.756834,0.06574,-0.847072,0.527395,-2.4e-05,-9.8e-05,-0.000109,-0.000135,6.9e-05,4.6e-05,-1.093576
843,0.116252,0.006957,0.294187,-0.800103,0.190273,-0.568926,-0.591496,-0.408567,0.695109,-0.099192,0.89244,0.440156,-0.000115,-0.000485,-0.000541,0.0,0.0,0.0,-1.905119,-0.187326,0.002017,0.294285,0.073237,0.984919,0.156722,-0.530644,-0.094451,0.842276,0.844267,-0.14609,0.515494,0.000287,0.004874,0.00531,0.133958,-0.087233,-0.036466,0.469512,0.035431,0.044976,-0.023463,0.108651,-0.985148,0.132956,0.503817,0.169869,0.846943,-0.856949,-0.025036,0.514791,0.00014,0.002461,0.002681,0.145035,-0.090331,-0.039634,0.457742,0.057219,0.044028,-0.070995,0.906567,-0.16999,-0.386313,0.416887,0.503515,0.756754,0.065873,-0.847098,0.527337,-7.3e-05,-0.000306,-0.000341,-4.3e-05,7.8e-05,5.3e-05,-1.094066
844,0.116247,0.006951,0.29415,-0.799892,0.19019,-0.56925,-0.591744,-0.408554,0.694906,-0.099415,0.892464,0.440058,-0.000146,-0.000612,-0.000684,0.0,0.0,0.0,-1.904901,-0.187404,0.002165,0.294453,0.071548,0.984963,0.157226,-0.532773,-0.0954,0.840824,0.843072,-0.145166,0.517705,0.000157,0.002651,0.002884,0.042413,-0.022639,-0.019218,0.46174,0.035393,0.045055,-0.023374,0.1106,-0.984857,0.133499,0.505964,0.171409,0.845351,-0.855433,-0.02595,0.51726,7.2e-05,0.001269,0.001383,0.011343,-0.020689,-0.014323,0.447292,0.057217,0.044025,-0.071013,0.906419,-0.169951,-0.386678,0.417172,0.503505,0.756603,0.066109,-0.847112,0.527286,-9e-05,-0.000381,-0.000424,-2.1e-05,5.7e-05,3.5e-05,-1.094066
845,0.116241,0.006943,0.294094,-0.799696,0.190107,-0.569553,-0.59197,-0.408569,0.694704,-0.099643,0.892475,0.439985,-0.000317,-0.001334,-0.00149,0.000758,-0.116342,0.16132,-1.905295,-0.187506,0.002285,0.294577,0.071528,0.984922,0.15749,-0.532799,-0.095632,0.840782,0.843058,-0.145291,0.517694,-0.014208,0.00238,0.003683,-0.002035,0.0152,-0.029249,0.449423,0.035347,0.045113,-0.023315,0.110634,-0.984825,0.133709,0.50568,0.171598,0.845482,-0.855597,-0.025926,0.516991,8.6e-05,0.001514,0.001647,-0.001301,0.000818,0.000654,0.434392,0.057214,0.044023,-0.071039,0.906338,-0.169922,-0.386881,0.417324,0.503542,0.756495,0.066266,-0.847095,0.527291,0.000208,0.005084,-0.00452,0.034593,-0.001177,-0.00785,-1.09374
846,0.116235,0.00692,0.294069,-0.799662,0.190095,-0.569605,-0.592011,-0.40856,0.694675,-0.099673,0.892482,0.439964,-0.000389,-0.001635,-0.001827,0.0,0.0,0.0,-1.90458,-0.187535,0.002359,0.294645,0.071531,0.984879,0.157754,-0.532823,-0.095851,0.840741,0.843042,-0.145435,0.517679,0.000208,0.003496,0.003796,0.00169,-0.016677,0.02344,0.442565,0.035327,0.045147,-0.023283,0.110606,-0.984787,0.134018,0.50565,0.171848,0.84545,-0.855618,-0.025745,0.516965,7.8e-05,0.001355,0.001472,-0.000104,0.000609,0.0004,0.42688,0.057211,0.044011,-0.071053,0.906258,-0.169904,-0.387076,0.41748,0.503513,0.756428,0.066378,-0.847116,0.527244,-0.000209,-0.000884,-0.000987,-6e-06,3.1e-05,2.2e-05,-1.093903
847,0.116224,0.006876,0.294005,-0.799437,0.190011,-0.569949,-0.592278,-0.40852,0.694471,-0.099888,0.892518,0.439842,-0.000421,-0.001771,-0.00198,-0.00011,0.016858,-0.023375,-1.904942,-0.18756,0.002543,0.294787,0.071538,0.984821,0.158113,-0.532915,-0.096139,0.840649,0.842983,-0.14564,0.517717,0.000255,0.004294,0.004655,0.001689,-0.016679,0.023439,0.429261,0.035314,0.045238,-0.023214,0.110566,-0.984742,0.134379,0.50569,0.172138,0.845366,-0.8556,-0.025515,0.517007,0.000108,0.00187,0.002027,7.6e-05,0.000398,0.000265,0.410388,0.057205,0.043989,-0.071084,0.906092,-0.169862,-0.387483,0.4178,0.503476,0.756276,0.066626,-0.847147,0.527164,-7.9e-05,-0.000338,-0.000377,-5e-06,1.9e-05,2e-05,-1.094229
848,0.116202,0.006831,0.293954,-0.799383,0.189988,-0.570031,-0.592342,-0.408505,0.694425,-0.099938,0.89253,0.439806,-0.000407,-0.001709,-0.001912,-0.00011,0.016858,-0.023375,-1.90498,-0.187541,0.00276,0.294946,0.071587,0.984674,0.159008,-0.533035,-0.096856,0.840492,0.842904,-0.146166,0.517699,0.000302,0.005097,0.005515,-0.009969,0.098448,-0.138306,0.412954,0.035324,0.045348,-0.023133,0.110477,-0.984632,0.135255,0.505681,0.172844,0.845228,-0.855617,-0.024982,0.517005,0.000149,0.002577,0.002789,-0.009915,0.0987,-0.138128,0.390793,0.057194,0.043967,-0.07111,0.906054,-0.16985,-0.387576,0.417873,0.503462,0.756245,0.066681,-0.847157,0.52714,-6.9e-05,-0.000296,-0.000331,-2e-06,1.1e-05,2.1e-05,-1.093739
849,0.116198,0.006814,0.293935,-0.799338,0.189972,-0.5701,-0.592396,-0.408492,0.694386,-0.099978,0.892539,0.439779,-0.000274,-0.001152,-0.001289,0.0,0.0,0.0,-1.905219,-0.187537,0.002882,0.295032,0.071604,0.984616,0.159355,-0.533105,-0.097131,0.840416,0.842858,-0.146371,0.517715,0.000286,0.004831,0.005222,0.0,-0.0,-0.0,0.405771,0.035326,0.045408,-0.02309,0.110444,-0.984588,0.135603,0.5057,0.173126,0.845159,-0.85561,-0.024768,0.517027,0.000168,0.002891,0.003125,-0.009913,0.098666,-0.138156,0.380506,0.057192,0.043957,-0.071121,0.90603,-0.169845,-0.387634,0.417919,0.503453,0.756225,0.066715,-0.847164,0.527126,-0.000169,-0.000709,-0.000794,-7e-06,1.9e-05,-5e-06,-1.091943
850,0.116192,0.006791,0.293909,-0.799224,0.189931,-0.570274,-0.592534,-0.40846,0.694288,-0.100077,0.892563,0.439709,-6.2e-05,-0.000261,-0.000292,0.0,0.0,0.0,-1.905607,-0.18755,0.003196,0.295224,0.064106,0.985003,0.160155,-0.534858,-0.101456,0.838789,0.842361,-0.140673,0.520099,0.000297,0.005036,0.00543,0.035959,-0.019304,-0.016388,0.392896,0.035325,0.04556,-0.022993,0.117853,-0.983608,0.136474,0.506855,0.177764,0.843503,-0.853936,-0.030237,0.519497,0.000159,0.002767,0.002985,0.012936,0.072975,-0.157076,0.361238,0.057189,0.043944,-0.071135,0.90595,-0.169827,-0.387829,0.418075,0.503425,0.756158,0.066827,-0.847184,0.527078,-3.7e-05,-0.000156,-0.000174,0.0,4e-06,1.3e-05,-1.092923
851,0.116181,0.006783,0.293915,-0.799166,0.189911,-0.570362,-0.592606,-0.40842,0.69425,-0.100112,0.892585,0.439655,0.000234,0.000981,0.001097,0.0,0.0,0.0,-1.905024,-0.187619,0.003454,0.295373,0.064098,0.984936,0.160574,-0.535059,-0.101783,0.838621,0.842233,-0.140911,0.52024,0.000222,0.003749,0.004035,9e-06,-5e-06,-4e-06,0.384159,0.035285,0.045699,-0.022915,0.117911,-0.983548,0.136854,0.506769,0.178118,0.843479,-0.853979,-0.030102,0.519434,0.000107,0.001841,0.001984,-0.001212,0.000563,0.000485,0.345888,0.057183,0.043938,-0.071134,0.90591,-0.169818,-0.387928,0.418156,0.503388,0.756138,0.066873,-0.847208,0.527034,0.000141,0.000586,0.000656,5e-06,1.9e-05,-6e-06,-1.093249
852,0.11618,0.006774,0.293921,-0.799093,0.18989,-0.570471,-0.592696,-0.408377,0.694199,-0.100156,0.89261,0.439595,0.0,0.0,0.0,0.0,0.0,0.0,-1.905073,-0.187767,0.00368,0.295464,0.064051,0.985339,0.158099,-0.535377,-0.099648,0.838675,0.842036,-0.139602,0.520914,0.000176,0.002957,0.003178,0.0,-0.0,-0.0,0.376068,0.035211,0.045812,-0.02287,0.118015,-0.983879,0.134363,0.507469,0.176061,0.843491,-0.853549,-0.03136,0.520066,8.6e-05,0.001452,0.001564,-8e-06,0.000701,-0.000362,0.335274,0.057183,0.043936,-0.071128,0.905859,-0.169811,-0.38805,0.418257,0.503347,0.75611,0.066928,-0.847234,0.526986,0.0,3e-06,5e-06,2.9e-05,1.7e-05,6e-06,-1.093249
853,0.11618,0.006774,0.293921,-0.800123,0.185127,-0.570593,-0.590364,-0.411857,0.694129,-0.10551,0.892017,0.439546,0.0,0.0,0.0,0.0,-0.0,-0.0,-1.905085,-0.187863,0.003801,0.295496,0.06402,0.985751,0.155525,-0.535605,-0.097437,0.838789,0.841893,-0.138241,0.521506,-0.000434,0.014605,-0.004221,0.059294,-0.146979,0.224947,0.371063,0.035163,0.045866,-0.022853,0.118109,-0.984188,0.131999,0.50804,0.174105,0.843553,-0.853197,-0.03257,0.52057,-0.007053,0.001564,0.002227,0.07292,-0.379544,0.601528,0.329722,0.057183,0.043936,-0.071128,0.906603,-0.164992,-0.38839,0.415768,0.506635,0.755286,0.072156,-0.846225,0.527915,-2e-06,1e-06,4e-06,-0.000843,-0.0001,-0.000148,-1.092923
854,0.11617,0.006785,0.293916,-0.800129,0.18512,-0.570587,-0.590353,-0.411882,0.694124,-0.105527,0.892007,0.439562,-0.014293,0.001832,0.001388,-0.000984,0.014715,-0.029553,-1.905313,-0.188142,0.003993,0.295545,0.063946,0.9861,0.153326,-0.535945,-0.09555,0.838789,0.841682,-0.137054,0.52216,-0.014192,0.001537,0.002728,1.9e-05,0.003153,-0.010502,0.361209,0.035029,0.045968,-0.02283,0.118246,-0.984503,0.129499,0.508799,0.172064,0.843514,-0.852725,-0.033853,0.52126,-0.007089,0.000893,0.0015,0.004826,-0.024598,0.033094,0.316659,0.057184,0.043941,-0.071131,0.906597,-0.164989,-0.388406,0.415778,0.506647,0.755273,0.072173,-0.846219,0.527924,-3e-06,1e-06,3e-06,-5.1e-05,8.3e-05,6.5e-05,-1.093576
855,0.11615,0.006784,0.29393,-0.800074,0.185097,-0.570672,-0.590422,-0.411843,0.694089,-0.105563,0.89203,0.439507,0.0,2e-06,2e-06,0.0,0.0,0.0,-1.904979,-0.188477,0.004131,0.295539,0.063884,0.985944,0.154353,-0.536216,-0.096413,0.838517,0.841514,-0.137577,0.522292,5e-05,0.000807,0.000865,0.0,-0.0,-0.0,0.344258,0.034856,0.046036,-0.022833,0.11827,-0.984353,0.130611,0.508893,0.173033,0.843259,-0.852665,-0.033266,0.521395,-0.007117,0.000386,0.000955,-0.002032,0.01542,-0.029271,0.299351,0.057168,0.043942,-0.071123,0.906568,-0.164978,-0.388479,0.415837,0.506612,0.755264,0.072207,-0.846242,0.527882,-2e-06,-4e-06,-3e-06,-2.3e-05,5.5e-05,4.9e-05,-1.093413
856,0.116127,0.006781,0.293926,-0.800033,0.185074,-0.570736,-0.59047,-0.411831,0.694056,-0.105604,0.89204,0.439476,-5e-06,-2e-05,-2.2e-05,0.0,0.0,0.0,-1.905542,-0.188779,0.004164,0.295537,0.063807,0.986706,0.149439,-0.536451,-0.092237,0.838836,0.84137,-0.134934,0.523213,0.0,0.0,0.0,0.022892,-0.134014,0.208196,0.301366,0.034705,0.046053,-0.022834,0.11848,-0.984945,0.125876,0.509858,0.169126,0.843468,-0.852059,-0.035755,0.522221,-0.007148,-0.0001,0.000435,0.082763,-0.478869,0.738849,0.259181,0.057156,0.04394,-0.071126,0.906539,-0.164965,-0.388552,0.415892,0.5066,0.755241,0.072252,-0.846251,0.527861,-3e-06,-1e-05,-1.1e-05,-2.6e-05,3.6e-05,3e-05,-1.092433
