frame,MLTx,MLTy,MLTz,MLTR1,MLTR2,MLTR3,MLTR4,MLTR5,MLTR6,MLTR7,MLTR8,MLTR9,MLTTVx,MLTTVy,MLTTVz,MLTRVx,MLTRVy,MLTRVz,MLGA,MRTx,MRTy,MRTz,MRTR1,MRTR2,MRTR3,MRTR4,MRTR5,MRTR6,MRTR7,MRTR8,MRTR9,MRTTVx,MRTTVy,MRTTVz,MRTRVx,MRTRVy,MRTRVz,MRGA,SLTx,SLTy,SLTz,SLTR1,SLTR2,SLTR3,SLTR4,SLTR5,SLTR6,SLTR7,SLTR8,SLTR9,SLTTVx,SLTTVy,SLTTVz,SLTRVx,SLTRVy,SLTRVz,SLGA,SRTx,SRTy,SRTz,SRTR1,SRTR2,SRTR3,SRTR4,SRTR5,SRTR6,SRTR7,SRTR8,SRTR9,SRTTVx,SRTTVy,SRTTVz,SRTRVx,SRTRVy,SRTRVz,SRGA
60,0.144195,-0.069907,0.288172,-0.608462,0.195266,-0.769215,-0.401892,-0.911584,0.086428,-0.683576,0.361481,0.6341,-0.000487,-0.003021,-0.004759,-0.000785,0.013364,-0.02554,-0.248115,-0.162947,-0.067765,0.273077,-0.692416,-0.533853,0.485337,0.720883,-0.537281,0.43771,0.027953,0.653614,0.756221,0.000953,-0.011357,0.007636,-0.996826,-0.586964,-1.208552,-0.356441,0.045479,0.020491,-0.018917,0.733484,0.501547,0.458749,-0.679567,0.554771,0.480017,-0.01375,-0.663835,0.747751,-0.00788,-0.006319,0.003885,-0.558104,-0.069649,-0.07399,-0.546331,0.075306,0.014714,-0.059703,0.615047,-0.203402,-0.761803,0.376543,0.924635,0.057125,0.692771,-0.321986,0.645284,-0.000205,-0.001291,-0.002037,-0.003395,0.002708,-0.001169,-0.422452
61,0.144178,-0.069964,0.287948,-0.610992,0.187776,-0.769074,-0.390729,-0.916408,0.086598,-0.68777,0.353171,0.634248,-0.000527,-0.003262,-0.005147,-0.00081,0.013372,-0.025517,-0.251614,-0.16322,-0.068326,0.273358,-0.647205,-0.601891,0.467807,0.760199,-0.465132,0.453522,-0.054571,0.649898,0.757969,0.00188,-0.023805,0.013418,-2.711107,-2.57774,-4.047795,-0.318281,0.045342,0.020213,-0.018774,0.690057,0.570856,0.444909,-0.720471,0.483316,0.497319,0.068866,-0.663723,0.744801,-0.007903,-0.007261,0.0023,-0.137084,-0.135202,0.051177,-0.531472,0.075297,0.014683,-0.059819,0.617403,-0.195831,-0.76188,0.365266,0.929145,0.057176,0.696701,-0.31359,0.645188,-0.000262,-0.001643,-0.002592,-0.002218,0.013799,-0.02445,-0.423921
62,0.144103,-0.069945,0.287746,-0.615108,0.179095,-0.767862,-0.379337,-0.920953,0.089003,-0.690465,0.345797,0.635382,-0.000192,-0.001184,-0.001871,0.0,-0.0,-0.0,-0.252867,-0.164165,-0.068778,0.273429,-0.608002,-0.656452,0.446538,0.782596,-0.401349,0.475812,-0.13237,0.639571,0.757159,-0.033588,-0.005235,-0.004423,-2.696229,-2.637709,-4.058595,-0.273285,0.044883,0.01998,-0.018732,0.651665,0.627415,0.426241,-0.744138,0.41997,0.519501,0.146934,-0.655724,0.740564,-0.016301,-0.007878,0.002359,-0.528863,-0.253369,0.004204,-0.480199,0.075265,0.014686,-0.059921,0.621283,-0.187013,-0.760942,0.35379,0.933433,0.059452,0.69917,-0.30615,0.646089,-0.000124,-0.000794,-0.001257,-0.000326,-0.000617,0.002155,-0.425718
63,0.144062,-0.069902,0.287658,-0.616983,0.177734,-0.766674,-0.378943,-0.920879,0.091405,-0.689006,0.346695,0.636475,-0.000136,-0.000838,-0.001324,-0.0,0.0,-0.0,-0.25259,-0.164934,-0.06886,0.273351,-0.591556,-0.675847,0.439642,0.789613,-0.375824,0.484976,-0.161802,0.63488,0.755388,-0.050351,-0.005374,-0.002527,-2.528852,-2.621786,-4.027703,-0.267131,0.044505,0.019937,-0.018775,0.635767,0.647192,0.420645,-0.751423,0.394305,0.529042,0.176529,-0.65243,0.737002,-0.016785,-0.002528,-0.002031,-0.083725,0.051624,0.128649,-0.467299,0.075238,0.014711,-0.059969,0.623124,-0.185568,-0.759789,0.353397,0.933426,0.061855,0.697729,-0.30705,0.64722,-6.9e-05,-0.000446,-0.000704,0.000565,-0.001507,0.00286,-0.425881
64,0.14402,-0.069739,0.287435,-0.624516,0.172269,-0.761806,-0.377402,-0.920492,0.101166,-0.683037,0.350467,0.640828,-5.8e-05,0.009844,-0.01008,0.018778,0.091447,-0.17287,-0.25079,-0.166987,-0.068796,0.272998,-0.594506,-0.678171,0.432016,0.782871,-0.365962,0.503109,-0.182348,0.63816,0.747907,-0.068098,0.003604,-0.012282,-0.210478,0.256252,0.22635,-0.26,0.043486,0.019967,-0.018945,0.634217,0.653598,0.413008,-0.746752,0.379432,0.546252,0.20032,-0.654858,0.728719,-0.025653,0.002361,-0.006208,-0.285543,0.32445,0.29478,-0.454236,0.075218,0.01479,-0.060076,0.630454,-0.179825,-0.755109,0.351972,0.933266,0.071614,0.69184,-0.310927,0.651675,-6.8e-05,-0.000438,-0.000692,-0.03528,0.036606,-0.04652,-0.426371
65,0.143982,-0.0695,0.287195,-0.632636,0.166184,-0.756439,-0.375104,-0.920241,0.111471,-0.6768,0.354052,0.645458,2.8e-05,0.010372,-0.009249,0.035583,-0.012958,0.018358,-0.210387,-0.16967,-0.068678,0.27244,-0.600767,-0.672448,0.432301,0.776247,-0.36182,0.516198,-0.189948,0.646524,0.738776,-0.068208,0.001764,-0.015796,-0.142928,0.259497,-0.003667,-0.236585,0.042144,0.020028,-0.01922,0.640868,0.647127,0.412934,-0.739184,0.375087,0.559389,0.207109,-0.663729,0.718727,-0.042482,0.000372,-0.007694,-0.132324,0.20521,0.156545,-0.445418,0.075198,0.014912,-0.0602,0.638455,-0.173288,-0.749896,0.3496,0.933305,0.081975,0.685678,-0.314501,0.656455,2.1e-05,0.005215,-0.004577,0.039694,-0.017795,0.024754,-0.414287
66,0.143944,-0.069356,0.287057,-0.638815,0.161531,-0.752242,-0.373299,-0.919981,0.119391,-0.671974,0.356874,0.648937,2.3e-05,0.010342,-0.009298,-0.380372,0.429341,-0.545514,-0.17233,-0.171153,-0.068647,0.272104,-0.59809,-0.675525,0.431215,0.775532,-0.352545,0.523637,-0.200957,0.648444,0.734166,-0.085059,0.000228,-0.016649,-0.242647,0.385612,0.037374,-0.193029,0.041409,0.020044,-0.019388,0.637891,0.650831,0.41172,-0.738697,0.365908,0.566072,0.217765,-0.665229,0.714176,-0.03414,0.000193,-0.009122,-0.352115,0.471159,0.109979,-0.421741,0.075179,0.014981,-0.060265,0.643964,-0.168752,-0.746212,0.347894,0.933283,0.089166,0.681381,-0.317022,0.659709,-1e-06,-0.000148,-0.000242,-1.386414,1.563366,-2.052106,-0.395019
67,0.143884,-0.06901,0.286775,-0.645649,0.16261,-0.746151,-0.385479,-0.912838,0.134551,-0.658438,0.374291,0.652988,7e-05,0.01063,-0.008847,-0.189901,-0.047886,-0.461595,-0.083979,-0.17423,-0.068685,0.271462,-0.604562,-0.684064,0.40811,0.762784,-0.349903,0.543749,-0.2284,0.640881,0.732781,-0.068405,0.000595,-0.01849,-2.51869,-3.551075,-3.424222,-0.082051,0.039838,0.020024,-0.019719,0.645392,0.657493,0.388807,-0.72389,0.363988,0.586083,0.243825,-0.659707,0.710869,-0.03432,0.000456,-0.009233,-2.491572,-3.626048,-3.38219,-0.336666,0.075149,0.015154,-0.060405,0.651565,-0.170061,-0.739284,0.360459,0.926906,0.104468,0.667481,-0.334549,0.66524,4.6e-05,0.005329,-0.004401,-0.597609,0.136101,-0.985431,-0.336561
68,0.143836,-0.068685,0.286499,-0.651914,0.161183,-0.740995,-0.392156,-0.907992,0.147432,-0.648248,0.386493,0.656068,7e-05,0.010627,-0.008854,0.029518,-0.016769,0.009944,-0.006434,-0.177099,-0.068749,0.270956,-0.609972,-0.701184,0.369142,0.745833,-0.350929,0.566141,-0.266659,0.621523,0.736522,-0.06834,0.003245,-0.014394,-0.200237,-0.690198,0.781822,0.075228,0.038429,0.019986,-0.019974,0.647879,0.67627,0.350586,-0.707097,0.362746,0.606982,0.28331,-0.64115,0.713205,-0.03375,-0.003685,-0.002656,-0.801228,-1.982896,2.039338,-0.189542,0.075125,0.015321,-0.060546,0.657434,-0.167152,-0.734738,0.36701,0.922638,0.118496,0.658091,-0.347559,0.66792,4.1e-05,0.005322,-0.004411,0.048493,0.002018,0.027481,-0.273531
69,0.14374,-0.068422,0.286315,-0.655092,0.158903,-0.738681,-0.394607,-0.905656,0.155059,-0.643542,0.392864,0.656916,1.1e-05,7e-05,0.00011,-0.129428,-0.028108,0.071429,0.092634,-0.179688,-0.068982,0.270705,-0.623873,-0.705268,0.336706,0.727248,-0.366422,0.580327,-0.285123,0.607799,0.741045,-0.066841,-0.018035,0.002985,-0.009703,-0.204584,0.360419,0.198192,0.037135,0.01988,-0.020102,0.660385,0.680755,0.316959,-0.687154,0.377609,0.62067,0.302837,-0.627681,0.717151,-0.033798,-0.003552,-0.002648,0.031254,-0.20596,0.366253,-0.014167,0.075077,0.015453,-0.060638,0.660518,-0.164647,-0.732534,0.369411,0.920661,0.126162,0.653644,-0.353938,0.668936,1e-05,4.1e-05,6.7e-05,-0.37862,0.038411,0.311141,-0.175556
70,0.143653,-0.068329,0.286248,-0.656995,0.157594,-0.73727,-0.393949,-0.905535,0.157422,-0.642003,0.393671,0.657938,0.0,1e-06,2e-06,-0.037062,0.039506,-0.051264,0.14856,-0.180888,-0.069149,0.270661,-0.629609,-0.706047,0.324163,0.71984,-0.373457,0.585059,-0.291225,0.602586,0.742928,-0.067605,-0.006311,-0.004212,0.0146,-0.118057,0.204883,0.25507,0.036509,0.019788,-0.020124,0.66562,0.681585,0.303959,-0.679197,0.384477,0.625194,0.309258,-0.62259,0.718846,-0.033797,-0.003113,-0.001983,0.016969,-0.113233,0.197679,0.070744,0.075034,0.0155,-0.060671,0.662457,-0.163433,-0.731053,0.368838,0.920578,0.128425,0.652003,-0.354716,0.670124,1e-06,-4e-06,-4e-06,-0.031798,0.048187,-0.047047,-0.102076
71,0.143395,-0.068214,0.286228,-0.655724,0.161746,-0.737502,-0.399395,-0.903231,0.156942,-0.639939,0.397259,0.657792,-0.016526,0.001604,0.001985,-1.218251,0.181566,1.236576,0.235235,-0.183118,-0.069446,0.270757,-0.63569,-0.708205,0.30714,0.711382,-0.383232,0.58907,-0.298675,0.593844,0.746998,-0.050549,-0.00212,0.001105,0.028699,-0.158082,0.252505,0.317746,0.035413,0.019637,-0.020083,0.670747,0.683968,0.286854,-0.670521,0.393889,0.62869,0.317016,-0.614034,0.722815,-0.024905,-0.006444,0.00493,-0.03039,-0.135547,0.229497,0.189946,0.074911,0.015556,-0.060683,0.661636,-0.166463,-0.731113,0.372655,0.919102,0.127977,0.650665,-0.357128,0.670145,7.1e-05,0.000331,0.000599,-4.078311,0.865937,3.632876,0.036558
72,0.143037,-0.0682,0.286315,-0.652202,0.173848,-0.737871,-0.415895,-0.895835,0.156471,-0.633003,0.408706,0.657491,-0.016565,0.001364,0.001594,-0.001065,0.014732,-0.029482,0.283908,-0.185025,-0.069572,0.271025,-0.637145,-0.712629,0.293593,0.707013,-0.388984,0.590557,-0.305842,0.584735,0.751271,-0.049546,-0.009568,0.015285,-0.000132,-0.084012,0.074132,0.360581,0.034441,0.019572,-0.01995,0.671713,0.688647,0.273065,-0.665849,0.399661,0.630011,0.324722,-0.605008,0.726993,-0.024768,-0.004657,0.007895,-0.035677,-0.06349,0.069364,0.263916,0.074732,0.015563,-0.060638,0.658083,-0.179987,-0.731115,0.391127,0.911436,0.127678,0.643385,-0.369982,0.670199,3e-05,0.000192,0.00031,0.000476,-0.000452,0.000118,0.13241
73,0.142838,-0.068215,0.286362,-0.650858,0.177976,-0.738074,-0.421511,-0.893247,0.156237,-0.630672,0.412568,0.657318,-4.1e-05,-0.010388,0.009235,-0.03557,0.013113,-0.018284,0.307955,-0.185874,-0.069615,0.271213,-0.637683,-0.715585,0.285113,0.703978,-0.391394,0.592587,-0.31165,0.57949,0.752946,-0.033399,0.002006,0.006426,-0.053233,-0.18059,0.114587,0.373681,0.034042,0.019551,-0.019857,0.671761,0.691604,0.265368,-0.663092,0.401719,0.631609,0.33022,-0.600254,0.728456,-0.024761,-0.004531,0.008072,-0.872278,-1.870173,1.683171,0.28841,0.074627,0.01556,-0.060617,0.656851,-0.184156,-0.731185,0.396798,0.909004,0.127517,0.641168,-0.373893,0.670153,-0.008289,0.000668,0.000777,-0.000325,0.01445,-0.029944,0.167844
74,0.142435,-0.068249,0.286392,-0.650201,0.178549,-0.738515,-0.422135,-0.89305,0.155674,-0.630932,0.412745,0.656958,-0.016722,0.000443,0.000118,0.004493,-0.078577,0.146017,0.33347,-0.187216,-0.069745,0.271599,-0.636469,-0.718232,0.281142,0.703456,-0.391309,0.593263,-0.315284,0.576263,0.75391,-0.032744,-0.009295,0.01407,-0.03172,0.031843,-0.082408,0.390697,0.033358,0.019495,-0.019659,0.670545,0.694528,0.260766,-0.662109,0.401715,0.632642,0.334634,-0.596871,0.729222,-0.008298,0.001092,0.002623,-0.016628,0.017552,-0.036966,0.322048,0.074432,0.01554,-0.060598,0.656307,-0.184659,-0.731547,0.397346,0.908828,0.12707,0.641386,-0.374074,0.669844,-6.8e-05,-0.000399,-0.000625,0.000396,-6e-05,-0.000358,0.223199
75,0.142134,-0.068244,0.28639,-0.648075,0.179915,-0.74005,-0.422734,-0.893234,0.152969,-0.632716,0.411751,0.655864,-0.016673,0.000749,0.000593,-0.000984,0.014715,-0.029553,0.341378,-0.188126,-0.069798,0.272016,-0.636759,-0.719242,0.277885,0.70155,-0.391127,0.595636,-0.318914,0.575126,0.753251,-0.01639,0.003995,0.008252,-0.000273,0.00129,-0.004073,0.395109,0.032897,0.01946,-0.019453,0.670732,0.695519,0.257627,-0.660025,0.401252,0.635109,0.338357,-0.596028,0.728192,-0.008213,0.001897,0.003975,0.000709,0.005404,-0.006311,0.336907,0.074281,0.015541,-0.060601,0.654122,-0.186216,-0.733107,0.398012,0.908926,0.124254,0.643202,-0.373063,0.668665,-3.3e-05,-0.000189,-0.000292,-0.000255,0.000508,-0.000911,0.246876
76,0.142022,-0.068237,0.286397,-0.646946,0.183789,-0.740087,-0.428057,-0.890705,0.152921,-0.630294,0.415497,0.655835,-1e-06,-5e-06,-7e-06,-0.0,0.0,0.0,0.348288,-0.188406,-0.069762,0.272203,-0.638403,-0.720536,0.270668,0.697458,-0.393036,0.599174,-0.324538,0.572195,0.753081,0.000441,0.004362,0.007466,-0.838498,-1.918993,1.842861,0.398524,0.032751,0.019481,-0.019354,0.671911,0.696747,0.251152,-0.656171,0.402753,0.638145,0.343474,-0.593576,0.7278,0.000218,0.002216,0.003823,-0.836125,-1.914149,1.835939,0.34099,0.074218,0.015545,-0.060598,0.653117,-0.190111,-0.733004,0.403398,0.906539,0.124315,0.640864,-0.376885,0.668767,1e-06,1.1e-05,2.1e-05,0.000389,-0.000138,-0.000291,0.254878
77,0.14187,-0.068241,0.286385,-0.645012,0.184974,-0.741478,-0.428485,-0.890926,0.150412,-0.631983,0.414495,0.654843,-8.7e-05,-0.000515,-0.000815,0.005471,-0.093291,0.175571,0.357205,-0.188654,-0.06963,0.272492,-0.640666,-0.72219,0.260728,0.691822,-0.395896,0.603806,-0.332032,0.56812,0.7529,0.000356,0.003503,0.005981,0.001585,-0.014325,0.025573,0.410543,0.032627,0.019549,-0.019205,0.673942,0.698614,0.240289,-0.649718,0.405649,0.642895,0.351663,-0.589395,0.727286,0.000169,0.001709,0.002926,0.005302,-0.00614,0.018141,0.354706,0.074143,0.015544,-0.060602,0.651317,-0.19129,-0.734298,0.403727,0.906722,0.121895,0.642487,-0.375849,0.667792,-5.6e-05,-0.000333,-0.000522,-1e-05,0.000233,-0.000554,0.270227
78,0.141842,-0.068262,0.286371,-0.644698,0.18525,-0.741682,-0.428759,-0.890844,0.150115,-0.632118,0.414547,0.65468,-4.7e-05,-0.000276,-0.000436,0.005471,-0.093287,0.175573,0.359402,-0.188577,-0.069529,0.272719,-0.644218,-0.724015,0.246529,0.683649,-0.400805,0.609846,-0.341913,0.56232,0.752831,0.000297,0.002931,0.004995,-0.075649,-0.171411,0.163629,0.419663,0.032665,0.019599,-0.019092,0.676834,0.70053,0.226171,-0.641237,0.410168,0.648519,0.361539,-0.583969,0.726821,0.000168,0.001698,0.002895,-0.273763,-0.638513,0.625337,0.369892,0.074129,0.015533,-0.06061,0.650917,-0.191666,-0.734554,0.404077,0.906618,0.121507,0.642672,-0.375907,0.667582,-2.3e-05,-0.000136,-0.000212,0.005648,-0.093292,0.175416,0.279698
79,0.14189,-0.068279,0.286345,-0.644172,0.185714,-0.742023,-0.42919,-0.890725,0.14959,-0.632362,0.414594,0.654414,-8.4e-05,-0.000498,-0.000788,-0.0,-0.0,-0.0,0.359562,-0.188525,-0.069407,0.272964,-0.64812,-0.726084,0.229638,0.673893,-0.406608,0.616825,-0.353673,0.555437,0.752508,0.000387,0.003841,0.00653,-0.020915,-0.065342,0.074264,0.429391,0.032691,0.01966,-0.018971,0.680033,0.702793,0.208892,-0.63083,0.415655,0.655197,0.373641,-0.577331,0.726002,0.00019,0.001921,0.003266,-0.017628,-0.058371,0.067604,0.384915,0.074153,0.015525,-0.060622,0.650406,-0.19215,-0.73488,0.404505,0.906497,0.120985,0.64292,-0.375953,0.667317,-5.4e-05,-0.000317,-0.000499,0.000121,-1.5e-05,-0.000106,0.281004
80,0.141926,-0.068294,0.286342,-0.643847,0.186003,-0.742233,-0.429474,-0.89064,0.14928,-0.6325,0.414647,0.654247,0.016491,-0.011934,0.007389,-0.03458,-0.00155,0.011295,0.362329,-0.188543,-0.069319,0.273096,-0.641405,-0.734689,0.22096,0.673676,-0.401761,0.620227,-0.366089,0.547593,0.752319,0.000402,0.003992,0.006779,-0.011932,-0.032396,-0.029263,0.428817,0.032682,0.019702,-0.018907,0.673184,0.711723,0.200681,-0.630581,0.410757,0.658517,0.38625,-0.569849,0.725314,0.000239,0.002395,0.004071,-0.033177,-0.112441,-0.083486,0.38867,0.074165,0.015521,-0.060628,0.650094,-0.192446,-0.735079,0.404768,0.906422,0.120667,0.64307,-0.375982,0.667156,-2.2e-05,-0.000131,-0.000206,9.5e-05,-1.1e-05,-9.6e-05,0.28231
81,0.141937,-0.068309,0.286319,-0.64347,0.186333,-0.742477,-0.429781,-0.890555,0.148905,-0.632675,0.414681,0.654056,-6.1e-05,-0.00036,-0.000569,0.0,0.0,0.0,0.371248,-0.188693,-0.069142,0.273532,-0.631331,-0.747553,0.206344,0.672299,-0.395154,0.625941,-0.385587,0.534837,0.751755,0.000666,0.0066,0.011165,-0.000519,-0.01929,0.028687,0.42776,0.032606,0.019788,-0.018695,0.662742,0.725166,0.186829,-0.62919,0.403948,0.664036,0.406068,-0.557636,0.723981,-0.007696,-0.002017,0.010724,-0.04049,0.001434,-0.016732,0.38916,0.074176,0.01551,-0.060635,0.649724,-0.192798,-0.735313,0.405095,0.906324,0.120306,0.643238,-0.376038,0.666962,-4.5e-05,-0.000266,-0.00042,6.9e-05,-1.8e-05,-5.6e-05,0.291128
82,0.141935,-0.068318,0.286304,-0.643197,0.186572,-0.742654,-0.430003,-0.890493,0.148632,-0.632802,0.414706,0.653917,-1.5e-05,-8.6e-05,-0.000137,0.0,0.0,0.0,0.37376,-0.188939,-0.068928,0.274258,-0.623696,-0.754324,0.204915,0.677426,-0.391027,0.622998,-0.389024,0.528322,0.754586,-0.015013,-0.000481,0.027323,0.266706,-0.241767,-0.378454,0.423238,0.032484,0.019894,-0.018332,0.656324,0.731103,0.186351,-0.633609,0.400009,0.662217,0.409607,-0.552703,0.725769,-0.007501,-8.8e-05,0.013927,0.441099,-0.311771,-0.378874,0.38818,0.074175,0.015504,-0.060644,0.649458,-0.193048,-0.735483,0.405317,0.90626,0.120036,0.643367,-0.376063,0.666824,-9e-06,-4.8e-05,-7.7e-05,4.6e-05,-1.6e-05,-4.1e-05,0.299783
83,0.141921,-0.068327,0.28629,-0.643041,0.186708,-0.742755,-0.43013,-0.890458,0.148477,-0.632875,0.414721,0.653838,-6.4e-05,-0.000377,-0.000597,0.0,0.0,0.0,0.37361,-0.189057,-0.068829,0.274778,-0.617368,-0.759559,0.204741,0.681346,-0.38639,0.621614,-0.39226,0.524216,0.755773,0.001994,0.002229,0.030434,0.135058,-0.196932,-0.078881,0.419322,0.032424,0.019942,-0.018075,0.649516,0.737186,0.186237,-0.638445,0.395748,0.660129,0.412935,-0.547667,0.727697,0.001009,0.001345,0.01562,0.171752,-0.214072,-0.081004,0.384425,0.074168,0.0155,-0.06065,0.649306,-0.193191,-0.73558,0.405444,0.906224,0.119883,0.64344,-0.376077,0.666745,-3.9e-05,-0.000232,-0.000369,3.6e-05,-4e-06,-4.3e-05,0.300762
84,0.141893,-0.068336,0.286255,-0.642817,0.1869,-0.7429,-0.430293,-0.890418,0.14824,-0.632991,0.414719,0.653726,-8e-05,-0.000475,-0.000752,0.0,0.0,0.0,0.37824,-0.189294,-0.068674,0.276202,-0.608686,-0.767149,0.202424,0.688897,-0.384647,0.61433,-0.392649,0.514345,0.762324,0.002479,0.007059,0.038231,0.360256,-0.452021,-0.2017,0.410929,0.032305,0.020016,-0.017379,0.641834,0.744237,0.184821,-0.645636,0.394411,0.653905,0.413765,-0.539026,0.733653,-0.006782,-0.001708,0.024364,0.318826,-0.383886,-0.472535,0.37626,0.074154,0.015496,-0.060667,0.649088,-0.193391,-0.735719,0.405607,0.906182,0.119647,0.643557,-0.376075,0.666633,-4.9e-05,-0.000294,-0.000462,3.3e-05,-1.5e-05,-1.2e-05,0.303375
85,0.141852,-0.068349,0.286214,-0.642524,0.187151,-0.743091,-0.430512,-0.890363,0.147934,-0.63314,0.414723,0.653579,-5.6e-05,-0.000332,-0.000525,0.0,0.0,0.0,0.385649,-0.189487,-0.068629,0.278063,-0.59735,-0.777399,0.197018,0.698168,-0.383401,0.604565,-0.393694,0.499664,0.771495,-0.01323,-0.000729,0.052722,0.183832,-0.289564,-0.13052,0.405328,0.032215,0.020043,-0.016451,0.629629,0.755841,0.17964,-0.656399,0.393868,0.643434,0.41558,-0.52304,0.744125,0.001684,-0.000427,0.025614,0.217151,-0.339799,-0.161698,0.367933,0.074133,0.015489,-0.060689,0.648802,-0.193656,-0.735901,0.405827,0.906123,0.119343,0.643707,-0.376079,0.666486,-3e-05,-0.000187,-0.000295,3.9e-05,2e-06,1e-06,0.313499
86,0.141858,-0.068387,0.286154,-0.642321,0.187329,-0.743221,-0.430677,-0.890317,0.147732,-0.633234,0.414742,0.653477,-0.000172,-0.001016,-0.001611,0.0,0.0,0.0,0.389808,-0.189692,-0.068792,0.280279,-0.581621,-0.791512,0.187664,0.710588,-0.382259,0.590658,-0.395041,0.477885,0.784495,-0.012437,-0.010345,0.062739,0.534294,-0.683368,-0.427048,0.403826,0.032113,0.019969,-0.01534,0.615354,0.769273,0.17192,-0.668148,0.393318,0.631567,0.418228,-0.503506,0.756019,-0.006549,0.000589,0.027681,0.22227,-0.355188,-0.18027,0.362217,0.074137,0.015471,-0.060717,0.648605,-0.193843,-0.736026,0.405993,0.906076,0.119143,0.643801,-0.376098,0.666385,-0.000107,-0.000639,-0.001012,1.8e-05,-2e-05,-3e-06,0.3215
87,0.141867,-0.068403,0.28611,-0.642366,0.187288,-0.743193,-0.430623,-0.890338,0.147761,-0.633225,0.414714,0.653502,-0.00028,-0.001651,-0.002619,-0.000793,0.013519,-0.02544,0.390409,-0.189825,-0.068933,0.281473,-0.57536,-0.797001,0.183691,0.715213,-0.381507,0.58554,-0.395868,0.469275,0.789261,-0.012333,-0.009362,0.064055,0.20285,-0.337851,-0.182601,0.404006,0.032042,0.019895,-0.01472,0.607255,0.776643,0.167526,-0.674679,0.392721,0.624962,0.419582,-0.492538,0.762467,-0.0062,-0.00462,0.032141,0.147536,-0.318497,-0.18979,0.360911,0.074141,0.015464,-0.060737,0.648634,-0.193814,-0.736008,0.40595,0.906093,0.119156,0.643799,-0.376072,0.666402,-7.1e-05,-0.000426,-0.000677,6e-06,-1.4e-05,-1.4e-05,0.32395
88,0.14187,-0.068455,0.286027,-0.642308,0.187339,-0.74323,-0.43067,-0.890325,0.147703,-0.633252,0.414719,0.653473,-0.000291,-0.00172,-0.002729,-0.000793,0.013519,-0.02544,0.392638,-0.190169,-0.069326,0.284002,-0.557871,-0.811746,0.172742,0.728362,-0.379285,0.570584,-0.396945,0.445151,0.802583,-0.012347,-0.009603,0.063118,0.426728,-0.566932,-0.351729,0.403242,0.03188,0.019708,-0.013499,0.591138,0.790855,0.158437,-0.687323,0.391137,0.612044,0.422068,-0.4707,0.774789,-0.0062,-0.004645,0.031836,0.13263,-0.306841,-0.185444,0.359441,0.074143,0.015438,-0.060779,0.648578,-0.193867,-0.736044,0.405997,0.90608,0.119098,0.643825,-0.376077,0.666373,-7.4e-05,-0.000454,-0.000722,1.2e-05,1e-05,-6e-06,0.327052
89,0.141874,-0.068508,0.285945,-0.642251,0.18739,-0.743267,-0.430717,-0.890312,0.147645,-0.633278,0.414725,0.653444,-0.000157,-0.000929,-0.001475,0.0,0.0,0.0,0.395239,-0.190527,-0.069749,0.286464,-0.542125,-0.824552,0.161882,0.739723,-0.377083,0.557273,-0.397771,0.422897,0.814125,-0.012331,-0.009551,0.062685,0.380916,-0.528357,-0.29229,0.403115,0.031696,0.019494,-0.012242,0.574497,0.804967,0.148258,-0.699998,0.389314,0.598695,0.42421,-0.447729,0.787135,-0.006237,-0.005045,0.030935,0.560487,-0.654562,-0.368815,0.358952,0.074145,0.015409,-0.060824,0.648536,-0.193907,-0.73607,0.406033,0.906069,0.119056,0.643845,-0.376081,0.666352,-7.4e-05,-0.00045,-0.000712,1.4e-05,1.4e-05,-4e-06,0.330971
90,0.14187,-0.068536,0.2859,-0.642237,0.187401,-0.743275,-0.430728,-0.890309,0.147632,-0.633284,0.414726,0.653438,-0.000206,-0.001217,-0.001934,0.0,0.0,0.0,0.396065,-0.19068,-0.06998,0.287703,-0.533869,-0.8305,0.158889,0.74665,-0.375,0.549383,-0.396004,0.412979,0.820056,-0.012479,-0.01105,0.060102,0.293705,-0.422446,-0.261741,0.402827,0.03162,0.019381,-0.011618,0.56585,0.811548,0.145608,-0.70774,0.387482,0.590728,0.422984,-0.437317,0.793622,0.002019,-0.005373,0.029678,0.410961,-0.628883,-0.097719,0.358625,0.074143,0.015397,-0.060844,0.648523,-0.193919,-0.736078,0.406043,0.906066,0.119043,0.643851,-0.376082,0.666345,-0.000135,-0.000815,-0.001294,-0.000777,0.013513,-0.025437,0.332441
91,0.141864,-0.06856,0.285842,-0.642227,0.187408,-0.743283,-0.430719,-0.890318,0.147606,-0.633302,0.414704,0.653435,-6.1e-05,-0.000357,-0.000568,0.0,0.0,0.0,0.39633,-0.190957,-0.070406,0.28986,-0.518805,-0.840546,0.155934,0.76033,-0.370464,0.533469,-0.389981,0.396386,0.831058,-0.012718,-0.013481,0.055964,0.559983,0.273572,-0.652184,0.403203,0.031481,0.019171,-0.010535,0.550611,0.822487,0.142625,-0.72216,0.383636,0.575592,0.418701,-0.419926,0.805202,0.001864,-0.006888,0.027163,1.44251,1.603626,-1.733535,0.358299,0.074139,0.015382,-0.060877,0.648513,-0.193926,-0.736085,0.406033,0.906074,0.119016,0.643868,-0.376059,0.666342,-2.9e-05,-0.000173,-0.000276,1.2e-05,6e-06,5e-06,0.334237
92,0.141861,-0.068571,0.285805,-0.642071,0.187542,-0.743384,-0.430827,-0.890294,0.147435,-0.633386,0.414695,0.653359,-1.3e-05,-7.8e-05,-0.000124,0.0,0.0,0.0,0.398541,-0.191161,-0.070704,0.291799,-0.507891,-0.847284,0.155397,0.771615,-0.367452,0.519157,-0.382131,0.384649,0.840169,-0.013477,-0.003989,0.045113,0.061489,-0.116073,-0.076142,0.40341,0.031378,0.019018,-0.00958,0.53909,0.829937,0.143476,-0.735135,0.380518,0.561054,0.411044,-0.407934,0.815249,-0.006768,-0.001938,0.022653,0.147572,0.045158,-0.235766,0.358462,0.074138,0.015377,-0.060894,0.648361,-0.194067,-0.736182,0.406142,0.906048,0.118847,0.643952,-0.376051,0.666265,-1e-06,-1.1e-05,-1.8e-05,4e-06,-4e-06,1e-06,0.336033
93,0.141859,-0.068577,0.285777,-0.642002,0.1876,-0.743429,-0.430865,-0.890289,0.147351,-0.63343,0.414679,0.653326,-4.4e-05,-0.000261,-0.000415,0.0,0.0,0.0,0.400727,-0.191269,-0.070834,0.293318,-0.49593,-0.855674,0.147873,0.778241,-0.362593,0.512641,-0.384409,0.370394,0.845518,0.002089,0.003606,0.03029,0.068787,-0.12356,-0.029658,0.404443,0.03132,0.018951,-0.008796,0.527133,0.838726,0.136632,-0.741992,0.375907,0.555104,0.414219,-0.393993,0.820481,-0.006916,-0.003516,0.020144,0.005397,-0.091569,-0.087243,0.360584,0.074137,0.015375,-0.060908,0.648293,-0.194129,-0.736225,0.406181,0.906041,0.118762,0.643996,-0.376034,0.666232,-2.5e-05,-0.000149,-0.000235,5e-06,5e-06,-1e-06,0.338646
94,0.141858,-0.06859,0.285776,-0.641927,0.187667,-0.743476,-0.430943,-0.890261,0.147293,-0.633453,0.414709,0.653286,-9.8e-05,-0.000576,-0.000916,0.0,0.0,0.0,0.401923,-0.191351,-0.07085,0.293935,-0.492495,-0.857991,0.145916,0.780574,-0.361477,0.509874,-0.3841,0.36609,0.84753,-0.014552,0.002249,0.029375,0.060829,-0.102154,-0.055184,0.404504,0.031279,0.018944,-0.008477,0.523719,0.841145,0.134881,-0.744432,0.374906,0.552508,0.414172,-0.389769,0.822521,-0.007316,0.000974,0.014464,0.02213,-0.078502,-0.053945,0.361238,0.074137,0.01537,-0.060906,0.648221,-0.194199,-0.73627,0.40626,0.906014,0.118705,0.644019,-0.376065,0.666193,-7.5e-05,-0.000441,-0.000701,-1e-06,-1e-06,-1e-05,0.340605
95,0.14187,-0.068595,0.285768,-0.641723,0.187846,-0.743607,-0.431109,-0.890215,0.147089,-0.633547,0.414727,0.653182,-6e-05,-0.000352,-0.00056,0.0,0.0,0.0,0.403376,-0.191506,-0.070704,0.294949,-0.486735,-0.861612,0.143896,0.784612,-0.358958,0.505438,-0.383224,0.360003,0.85053,0.001826,0.001044,0.026236,0.043687,-0.008945,-0.22524,0.402067,0.0312,0.01901,-0.007989,0.518352,0.844722,0.133254,-0.748484,0.372778,0.548459,0.413622,-0.384033,0.825491,-0.007645,0.006088,0.009701,0.122559,-0.13953,-0.051894,0.359768,0.074143,0.015367,-0.060911,0.648022,-0.194388,-0.736396,0.406428,0.905965,0.118503,0.644114,-0.376085,0.66609,-4.5e-05,-0.000268,-0.000426,1.5e-05,1.4e-05,-1e-06,0.343708
96,0.141867,-0.068614,0.285738,-0.641579,0.187971,-0.743699,-0.431225,-0.890182,0.146946,-0.633613,0.414741,0.653109,-0.000188,-0.001106,-0.00176,-0.000793,0.01352,-0.025439,0.402984,-0.191643,-0.070279,0.295689,-0.484507,-0.862901,0.143687,0.786275,-0.357738,0.503716,-0.382643,0.358119,0.851586,0.001258,0.012432,0.018465,0.014048,-0.037343,0.044774,0.397358,0.031132,0.019224,-0.007607,0.515938,0.846203,0.133217,-0.750396,0.371449,0.546745,0.413174,-0.382052,0.826632,0.000615,0.006212,0.009227,-0.010253,-0.020901,0.047221,0.355522,0.074141,0.015359,-0.060923,0.647868,-0.194533,-0.736493,0.406557,0.905927,0.118347,0.644187,-0.3761,0.66601,-1.6e-05,-9.6e-05,-0.000152,6e-06,6e-06,-8e-06,0.344361
97,0.141865,-0.068615,0.285716,-0.639714,0.1891,-0.745019,-0.431562,-0.890421,0.144486,-0.635268,0.413711,0.652154,-6.5e-05,-0.000384,-0.000612,0.0,-0.0,0.0,0.402444,-0.19172,-0.070045,0.296024,-0.483837,-0.863099,0.144753,0.786804,-0.356741,0.503597,-0.382404,0.358639,0.851474,-0.015317,0.011184,0.017745,-0.012456,0.092238,-0.180496,0.394738,0.0311,0.019339,-0.007443,0.515497,0.846304,0.13428,-0.750791,0.370559,0.546806,0.413005,-0.382693,0.826421,0.000595,0.006002,0.008887,-0.000449,-0.020138,0.055999,0.35193,0.07414,0.015356,-0.060937,0.646031,-0.195753,-0.737782,0.406881,0.906102,0.115868,0.645825,-0.375044,0.665019,-3.8e-05,-0.000229,-0.000365,-0.001808,0.001927,-0.002344,0.344198
98,0.14186,-0.068648,0.285664,-0.639817,0.18901,-0.744953,-0.431479,-0.890445,0.144588,-0.63522,0.413702,0.652206,-0.000116,-0.000681,-0.001084,0.0,-0.0,0.0,0.403337,-0.191834,-0.069578,0.296726,-0.480802,-0.864619,0.145793,0.78912,-0.354362,0.501648,-0.381464,0.357331,0.852445,0.001262,0.012488,0.01837,-0.0083,0.063605,-0.125836,0.391117,0.031037,0.01957,-0.007097,0.512675,0.84782,0.135517,-0.753237,0.368381,0.544912,0.412065,-0.381439,0.827469,-0.007601,0.006179,0.009681,-0.017565,0.085436,-0.152098,0.345888,0.074137,0.01534,-0.060963,0.646151,-0.195646,-0.737706,0.406794,0.906125,0.115996,0.64576,-0.375045,0.665082,-7e-05,-0.000413,-0.000659,-4.3e-05,4.1e-05,-5.3e-05,0.345177
99,0.141864,-0.068692,0.285575,-0.639747,0.189069,-0.744998,-0.431518,-0.89044,0.144503,-0.635265,0.413685,0.652174,-0.000209,-0.001231,-0.001962,0.0,0.0,0.0,0.403023,-0.191883,-0.069091,0.297465,-0.474653,-0.867738,0.147402,0.791964,-0.348143,0.501522,-0.383273,0.35588,0.852241,0.001253,0.012449,0.018189,-0.008774,0.064112,-0.125544,0.390673,0.031013,0.019819,-0.006719,0.506793,0.851014,0.1376,-0.756228,0.362245,0.544882,0.413858,-0.3802,0.827145,0.000614,0.006212,0.009081,-0.008402,0.066113,-0.12252,0.343112,0.074139,0.015318,-0.061007,0.646084,-0.195708,-0.737749,0.406833,0.906118,0.115911,0.645803,-0.375029,0.665049,-0.000107,-0.000639,-0.001018,-9e-06,3e-06,-7e-06,0.34583
100,0.141868,-0.068739,0.2855,-0.639674,0.189133,-0.745044,-0.431576,-0.890423,0.14443,-0.635298,0.413692,0.652137,-0.000126,-0.000743,-0.001185,0.0,0.0,0.0,0.403143,-0.191848,-0.068708,0.29815,-0.473616,-0.868024,0.149039,0.792672,-0.346523,0.501525,-0.383093,0.356764,0.851952,0.001746,0.000444,0.024873,-0.045208,0.074598,-0.143819,0.390489,0.031029,0.020011,-0.006383,0.506003,0.851227,0.139185,-0.7569,0.360837,0.544883,0.413596,-0.381062,0.826879,0.000513,0.005234,0.007605,0.002107,-0.011706,0.027677,0.342622,0.074142,0.015293,-0.061046,0.646013,-0.195775,-0.737792,0.406892,0.906101,0.115839,0.645836,-0.375035,0.665012,-7e-05,-0.000426,-0.000679,3e-06,4e-06,9e-06,0.34583
101,0.141852,-0.068762,0.285464,-0.639663,0.189142,-0.745051,-0.431585,-0.890421,0.144419,-0.635303,0.413693,0.652131,-0.000185,-0.001091,-0.001741,0.0,0.0,0.0,0.40291,-0.191815,-0.06852,0.298459,-0.473213,-0.868135,0.149674,0.792954,-0.3459,0.501509,-0.383008,0.357099,0.85185,0.001013,0.01016,0.014717,-0.010566,0.077157,-0.151176,0.389945,0.031047,0.020106,-0.006218,0.505615,0.851333,0.139945,-0.757224,0.360153,0.544885,0.413477,-0.381472,0.826749,0.000494,0.005049,0.007313,-0.010303,0.078248,-0.149509,0.342459,0.074134,0.015283,-0.061063,0.646002,-0.195785,-0.737799,0.4069,0.906098,0.115829,0.645842,-0.375037,0.665006,-0.000112,-0.000665,-0.00106,-7e-06,-8e-06,2e-06,0.345994
102,0.141846,-0.068802,0.285419,-0.639575,0.189221,-0.745107,-0.431674,-0.89039,0.144348,-0.635331,0.413724,0.652084,-0.000165,-0.011066,0.008157,-0.035564,0.013167,-0.018257,0.40351,-0.191773,-0.068193,0.299076,-0.470932,-0.869408,0.149479,0.794569,-0.344586,0.499854,-0.382474,0.355265,0.852856,0.000946,0.009534,0.013737,-0.010458,0.077006,-0.151261,0.388644,0.031067,0.020266,-0.005916,0.503433,0.852656,0.139754,-0.758912,0.359039,0.54327,0.413046,-0.379561,0.827843,0.000483,0.004957,0.007145,-0.000115,-0.023214,0.052136,0.34099,0.074131,0.015265,-0.061091,0.645904,-0.195876,-0.73786,0.406982,0.906074,0.11573,0.645888,-0.375047,0.664956,-3.8e-05,-0.000218,-0.00035,-7e-06,-5e-06,0.0,0.34632
103,0.141844,-0.068816,0.285396,-0.639518,0.189271,-0.745143,-0.43172,-0.890376,0.144291,-0.635358,0.413729,0.652055,-9e-06,-5.3e-05,-8.4e-05,0.0,0.0,0.0,0.405003,-0.19172,-0.067978,0.299674,-0.467113,-0.871734,0.147904,0.797231,-0.343056,0.496658,-0.381625,0.351008,0.854996,0.001456,-0.002341,0.020677,0.128926,-0.181268,-0.095339,0.383477,0.031094,0.020379,-0.005619,0.500245,0.854687,0.138789,-0.761383,0.35785,0.54059,0.41237,-0.376099,0.829758,0.000402,0.004166,0.005974,0.252835,-0.173086,-0.266488,0.337724,0.074129,0.015254,-0.061099,0.64586,-0.19592,-0.737887,0.407037,0.906053,0.115701,0.645897,-0.375075,0.664931,-0.0,1e-06,1e-06,-3e-06,-4e-06,3e-06,0.346973
104,0.141857,-0.068812,0.285403,-0.637601,0.190447,-0.746485,-0.432107,-0.890589,0.141796,-0.63702,0.412729,0.651067,7e-05,0.000412,0.000658,9e-05,-9.7e-05,0.000124,0.405459,-0.191699,-0.06789,0.299979,-0.465327,-0.872856,0.146917,0.798444,-0.342451,0.495124,-0.381273,0.3488,0.856056,0.001502,-0.001857,0.021344,0.020105,-0.06241,-0.027014,0.379052,0.031104,0.02042,-0.005469,0.497879,0.856276,0.137501,-0.763166,0.357276,0.538451,0.411937,-0.37302,0.831361,0.000429,0.004443,0.006357,0.04035,-0.082885,0.006156,0.334131,0.074136,0.015256,-0.061096,0.643941,-0.197215,-0.739219,0.407427,0.9062,0.113151,0.647566,-0.374041,0.66389,5.1e-05,0.000296,0.000472,-0.003049,0.003247,-0.003921,0.347627
105,0.141845,-0.068812,0.285404,-0.637719,0.190344,-0.746411,-0.432012,-0.890617,0.141914,-0.636966,0.412718,0.651127,0.0,0.0,0.0,0.0,-0.0,0.0,0.405277,-0.191659,-0.067774,0.300558,-0.460118,-0.876149,0.143684,0.802025,-0.340901,0.490385,-0.380088,0.341977,0.85933,0.000651,0.006641,0.009466,0.273366,-0.31018,-0.144766,0.366183,0.031124,0.020478,-0.005171,0.49359,0.859104,0.135311,-0.766189,0.355937,0.535036,0.411489,-0.367762,0.833922,0.000631,-0.002033,0.00907,0.431447,-0.433935,-0.179075,0.322048,0.07413,0.015258,-0.061094,0.644093,-0.197082,-0.739122,0.407326,0.906224,0.113318,0.647478,-0.374051,0.66397,1e-06,2e-06,8e-06,-4.6e-05,8.7e-05,-7.1e-05,0.348606
106,0.141844,-0.068816,0.285396,-0.635844,0.191481,-0.747718,-0.432356,-0.890837,0.139464,-0.638604,0.411715,0.650156,-9.7e-05,-0.000571,-0.000912,0.0,-0.0,0.0,0.405293,-0.191643,-0.06776,0.300973,-0.454883,-0.879403,0.140439,0.805602,-0.339286,0.485618,-0.378831,0.335147,0.86257,0.000327,0.003343,0.004753,0.16011,-0.099044,-0.285162,0.335554,0.031133,0.020488,-0.004959,0.487815,0.862941,0.131788,-0.770467,0.35464,0.529727,0.410386,-0.359947,0.837866,0.000169,0.001804,0.002565,0.246848,-0.260255,-0.099033,0.294615,0.07413,0.015257,-0.061095,0.642253,-0.198312,-0.740393,0.407667,0.906375,0.110861,0.649089,-0.373035,0.662967,-8e-05,-0.000455,-0.000719,-0.000108,0.000132,-0.000137,0.349913
107,0.141844,-0.068808,0.28539,-0.635832,0.191489,-0.747726,-0.432348,-0.890845,0.139436,-0.638622,0.411693,0.650152,-0.0,-0.0,-0.0,0.0,0.0,0.0,0.405202,-0.191681,-0.067765,0.301131,-0.442759,-0.88576,0.13923,0.810672,-0.329264,0.484077,-0.382374,0.328317,0.863632,5.6e-05,0.000572,0.000812,-0.218683,-0.815893,-1.439486,0.276276,0.031113,0.020487,-0.004879,0.476628,0.869282,0.131049,-0.775755,0.345768,0.527871,0.413556,-0.35326,0.839152,-4.8e-05,0.000395,0.000218,-0.789212,-2.683199,-4.77476,0.237953,0.07413,0.015259,-0.061101,0.642242,-0.198319,-0.7404,0.407658,0.906382,0.110835,0.649105,-0.373014,0.662964,-2e-06,3e-06,9e-06,-2e-06,6e-06,0.0,0.350566
108,0.141844,-0.068808,0.28539,-0.63573,0.191578,-0.74779,-0.432429,-0.890821,0.139335,-0.638669,0.411703,0.650101,-0.0,-0.0,-0.0,0.0,0.0,0.0,0.404817,-0.191706,-0.067771,0.301125,-0.435675,-0.889423,0.138226,0.813897,-0.323852,0.482313,-0.383666,0.323755,0.864781,-3.1e-05,-0.000316,-0.000449,0.017198,-0.047217,-0.053379,0.23725,0.031101,0.020483,-0.004883,0.46813,0.873966,0.130526,-0.779834,0.339128,0.526165,0.415586,-0.348103,0.840304,-3.2e-05,-0.000329,-0.000459,-0.022185,-0.085757,-0.150382,0.192885,0.07413,0.015259,-0.061101,0.642143,-0.198413,-0.740461,0.407741,0.906357,0.110735,0.649152,-0.373024,0.662912,-4e-06,1e-06,7e-06,8e-06,1e-06,1e-05,0.350403
109,0.141844,-0.068808,0.28539,-0.63573,0.191578,-0.74779,-0.432429,-0.890821,0.139335,-0.638669,0.411703,0.650101,-0.0,-0.0,-0.0,0.0,0.0,0.0,0.404552,-0.191835,-0.067806,0.301049,-0.424461,-0.894679,0.139192,0.818112,-0.313247,0.482185,-0.387264,0.319672,0.864696,-0.000168,-0.001709,-0.002429,-0.006226,-0.02159,-0.038711,0.16551,0.031037,0.020465,-0.004922,0.457155,0.879496,0.13227,-0.784268,0.328502,0.526316,0.419443,-0.344343,0.839937,-0.000103,-0.001067,-0.001507,-0.023345,-0.057224,-0.153639,0.094258,0.07413,0.01526,-0.061101,0.642143,-0.198413,-0.740461,0.407741,0.906357,0.110735,0.649152,-0.373024,0.662912,-3e-06,-0.0,6e-06,6e-06,1.2e-05,5e-06,0.350076
110,0.141845,-0.068796,0.285391,-0.635703,0.191599,-0.747808,-0.432432,-0.890826,0.139293,-0.638693,0.411682,0.650089,1e-06,7e-06,1.1e-05,0.0,0.0,0.0,0.404305,-0.191957,-0.067811,0.30105,-0.423819,-0.894834,0.140148,0.818524,-0.312298,0.482104,-0.3871,0.320167,0.864586,0.000105,0.001058,0.001504,0.0,-0.0,-0.0,0.120302,0.030974,0.020455,-0.004931,0.456615,0.879627,0.133261,-0.784688,0.327607,0.526247,0.419244,-0.344861,0.839824,7.3e-05,0.000731,0.001046,0.000279,0.001173,0.001865,0.014898,0.07413,0.015266,-0.0611,0.642116,-0.198435,-0.740478,0.407744,0.906361,0.110692,0.649176,-0.373003,0.6629,-2e-06,-1e-06,3e-06,5e-06,7e-06,1e-06,0.350076
111,0.141833,-0.06879,0.285399,-0.635604,0.191685,-0.747871,-0.432512,-0.890803,0.139194,-0.638739,0.411692,0.650038,1.4e-05,8.1e-05,0.00013,0.0,0.0,0.0,0.404424,-0.192027,-0.067758,0.301113,-0.423606,-0.894885,0.140465,0.81867,-0.311991,0.482053,-0.387024,0.320323,0.864563,-0.01608,0.002283,0.004401,-0.002045,0.015205,-0.029245,0.103815,0.030946,0.020481,-0.004901,0.456466,0.879658,0.133567,-0.784823,0.327357,0.526201,0.419153,-0.34502,0.839804,0.000143,0.001433,0.002042,0.00202,-0.012048,0.027177,-0.013351,0.074124,0.015269,-0.061096,0.642019,-0.198526,-0.740538,0.407824,0.906337,0.110595,0.649222,-0.373014,0.66285,6e-06,4.5e-05,7.5e-05,1e-05,5e-06,6e-06,0.349913
112,0.141821,-0.068781,0.285393,-0.635507,0.191766,-0.747932,-0.432571,-0.890792,0.139083,-0.638796,0.411678,0.649991,0.0,0.0,0.0,0.0,0.0,0.0,0.403084,-0.192084,-0.067647,0.301346,-0.424168,-0.895377,0.135548,0.816348,-0.313428,0.485049,-0.391282,0.317526,0.863677,0.000471,0.004749,0.006735,0.001766,-0.013054,0.025674,0.075235,0.030911,0.020534,-0.004787,0.456839,0.8802,0.128623,-0.782289,0.328701,0.529129,0.423461,-0.342347,0.838735,0.000231,0.002361,0.003348,0.003367,0.005197,-0.002311,-0.058582,0.074118,0.015273,-0.061099,0.641925,-0.198612,-0.740597,0.407884,0.906324,0.110483,0.649278,-0.373,0.662802,0.0,-3e-06,-5e-06,-2e-06,-1.4e-05,-6e-06,0.349096
113,0.141809,-0.068765,0.285381,-0.635499,0.191768,-0.747939,-0.432541,-0.890813,0.139045,-0.638824,0.411633,0.649992,4e-06,2.3e-05,3.7e-05,0.0,0.0,0.0,0.40046,-0.192064,-0.067422,0.301648,-0.420329,-0.898417,0.127131,0.814332,-0.311861,0.489429,-0.399534,0.310382,0.862496,0.000477,0.004824,0.006821,-0.0,-0.0,0.0,0.064198,0.030922,0.020651,-0.00463,0.452726,0.883477,0.120438,-0.780097,0.327039,0.533378,0.43184,-0.335428,0.837258,0.000281,0.002888,0.004085,0.004742,-0.008535,0.023563,-0.086669,0.074112,0.015281,-0.061105,0.641917,-0.198613,-0.740604,0.407853,0.906342,0.110445,0.649305,-0.372954,0.662801,3e-06,1.3e-05,2.1e-05,3e-06,3e-06,2e-06,0.34632
114,0.141809,-0.06876,0.285388,-0.635484,0.19178,-0.747948,-0.432552,-0.890809,0.13903,-0.638831,0.411634,0.649984,5e-06,3.1e-05,4.9e-05,0.0,0.0,0.0,0.39946,-0.192054,-0.06732,0.301792,-0.420788,-0.898591,0.124348,0.813046,-0.312927,0.490883,-0.401661,0.308792,0.862078,0.00049,0.004971,0.007021,0.001793,-0.013015,0.025648,0.060972,0.030927,0.020702,-0.004558,0.453057,0.88368,0.117673,-0.778723,0.328034,0.534774,0.433968,-0.333918,0.836761,0.000229,0.002363,0.003338,0.001875,0.002959,-0.001163,-0.09418,0.074112,0.015284,-0.061101,0.641902,-0.198627,-0.740613,0.407865,0.906339,0.11043,0.649312,-0.372955,0.662794,3e-06,1.6e-05,2.7e-05,5e-06,7e-06,-1e-06,0.345177
115,0.14181,-0.068736,0.285368,-0.635447,0.191805,-0.747973,-0.432527,-0.890834,0.138947,-0.638884,0.411568,0.649973,0.0,0.0,0.0,0.0,0.0,0.0,0.399181,-0.192049,-0.067129,0.302044,-0.415715,-0.901004,0.123958,0.814733,-0.308502,0.490888,-0.403525,0.306199,0.862133,0.000451,0.004581,0.006453,0.001793,-0.013016,0.025647,0.047986,0.030929,0.020798,-0.004431,0.448053,0.886238,0.117599,-0.780549,0.323658,0.534778,0.435879,-0.331401,0.836769,0.000196,0.002029,0.00286,0.001961,-0.012748,0.026308,-0.108549,0.074112,0.015296,-0.061111,0.641866,-0.198653,-0.740637,0.407839,0.90636,0.110347,0.649364,-0.372889,0.662781,4e-06,-2e-06,-8e-06,3e-06,7e-06,-0.0,0.343708
116,0.141833,-0.068707,0.285319,-0.635382,0.19185,-0.748017,-0.432489,-0.890875,0.138805,-0.638975,0.411459,0.649954,-4.5e-05,-0.000267,-0.000426,0.0,0.0,0.0,0.399648,-0.192038,-0.067,0.302209,-0.404331,-0.906027,0.124995,0.818761,-0.297804,0.490793,-0.406937,0.301927,0.862036,0.000212,0.002162,0.003041,-4e-06,-1.6e-05,-2.8e-05,0.029158,0.030935,0.020866,-0.004345,0.436896,0.891572,0.119251,-0.784885,0.313095,0.53472,0.439404,-0.327215,0.836572,0.000136,0.0014,0.001977,0.001913,-0.013069,0.026142,-0.128308,0.074124,0.01531,-0.061135,0.641803,-0.198702,-0.740679,0.4078,0.906396,0.110203,0.649451,-0.372778,0.662758,-2.6e-05,-0.00017,-0.000275,-4e-06,6e-06,-5e-06,0.343708
