frame,MLTx,MLTy,MLTz,MLTR1,MLTR2,MLTR3,MLTR4,MLTR5,MLTR6,MLTR7,MLTR8,MLTR9,MLTTVx,MLTTVy,MLTTVz,MLTRVx,MLTRVy,MLTRVz,MLGA,MRTx,MRTy,MRTz,MRTR1,MRTR2,MRTR3,MRTR4,MRTR5,MRTR6,MRTR7,MRTR8,MRTR9,MRTTVx,MRTTVy,MRTTVz,MRTRVx,MRTRVy,MRTRVz,MRGA,SLTx,SLTy,SLTz,SLTR1,SLTR2,SLTR3,SLTR4,SLTR5,SLTR6,SLTR7,SLTR8,SLTR9,SLTTVx,SLTTVy,SLTTVz,SLTRVx,SLTRVy,SLTRVz,SLGA,SRTx,SRTy,SRTz,SRTR1,SRTR2,SRTR3,SRTR4,SRTR5,SRTR6,SRTR7,SRTR8,SRTR9,SRTTVx,SRTTVy,SRTTVz,SRTRVx,SRTRVy,SRTRVz,SRGA
626,-0.012871,0.002699,0.385887,-0.01907,0.519702,-0.854161,0.02303,0.854314,0.51922,0.999589,-0.010411,-0.027194,0.003026,0.004496,0.004157,0.008372,0.016233,0.006861,-0.361989,-0.208289,0.007396,0.352576,0.020644,-0.705125,0.708777,-0.01414,0.70855,0.705472,-0.999643,-0.023705,0.003746,-3.1e-05,-0.000276,-0.000207,-0.001636,0.00361,0.002171,-1.405794,0.025716,0.051408,-0.018057,-0.170366,0.668176,0.724234,0.068723,-0.725132,0.685171,0.98298,0.166502,0.077619,-1.5e-05,-0.000138,-0.000105,0.00083,0.000498,-0.001552,-0.863415,0.007936,0.053857,-0.033238,0.111735,-0.54204,-0.832891,-0.025688,-0.839435,0.542852,-0.993405,-0.03926,-0.107718,0.001739,0.00259,0.002392,-0.008462,-0.023336,0.029421,-0.447828
627,-0.012796,0.002786,0.385983,-0.01929,0.519294,-0.854405,0.023021,0.854564,0.518809,0.999586,-0.010302,-0.027372,0.003158,0.004694,0.004335,0.001402,-0.011845,0.026236,-0.411531,-0.208249,0.007402,0.352578,0.020701,-0.705199,0.708701,-0.014131,0.708475,0.705548,-0.999642,-0.023739,0.003791,0.013353,-0.000331,-0.00105,0.002021,-0.015153,0.029277,-1.40568,0.025731,0.05141,-0.018056,-0.170332,0.668224,0.724197,0.068768,-0.725084,0.685217,0.982983,0.166516,0.077552,1.8e-05,0.00016,0.00012,-0.000654,-0.000745,0.003065,-0.863579,0.007972,0.053899,-0.033191,0.112181,-0.541664,-0.833075,-0.025803,-0.839672,0.542479,-0.993352,-0.03936,-0.108173,0.001376,0.002053,0.001893,-0.003605,-0.005405,-0.001379,-0.49453
628,-0.012628,0.002922,0.386118,-0.019494,0.518944,-0.854612,0.022995,0.854777,0.518458,0.999583,-0.010185,-0.027529,0.015478,-0.002117,4.2e-05,0.000984,-0.014714,0.029553,-0.530034,-0.208174,0.007473,0.352589,0.019788,-0.703635,0.71028,-0.015117,0.710026,0.703966,-0.999645,-0.023789,0.002501,0.000169,0.001514,0.001139,-0.0,0.0,0.0,-1.318488,0.025773,0.051444,-0.018052,-0.169472,0.666622,0.725874,0.069928,-0.726538,0.683557,0.98305,0.166602,0.076512,0.000109,0.000977,0.000733,-0.001807,-0.000938,0.014881,-0.845617,0.008051,0.053969,-0.033123,0.112422,-0.54134,-0.833253,-0.025781,-0.839876,0.542164,-0.993325,-0.039469,-0.108377,0.001205,0.001796,0.001651,-0.000186,-4.3e-05,-5.3e-05,-0.570949
629,-0.012574,0.00308,0.386203,-0.019262,0.519439,-0.854317,0.022939,0.854476,0.518957,0.999588,-0.010241,-0.027308,0.00157,0.002337,0.002151,0.0,0.0,0.0,-0.648848,-0.207909,0.007519,0.352595,0.019076,-0.702341,0.711579,-0.016119,0.711299,0.702658,-0.999643,-0.023997,0.001334,0.013529,0.001296,0.00017,0.003733,-0.029453,0.054219,-1.101871,0.025901,0.051467,-0.018048,-0.168523,0.665351,0.727259,0.071214,-0.727665,0.682224,0.983121,0.166761,0.075246,2.5e-05,0.000234,0.00017,0.001009,-0.005707,0.020714,-0.747805,0.008085,0.054049,-0.033078,0.11221,-0.541802,-0.832982,-0.025778,-0.839581,0.542621,-0.993349,-0.039415,-0.108176,0.00075,0.001119,0.001028,-8.5e-05,4.2e-05,-1.2e-05,-0.677578
630,-0.012655,0.003226,0.386411,-0.022806,0.518376,-0.854875,0.011699,0.855173,0.518183,0.999713,0.001177,-0.0245,-0.01024,0.009891,0.007111,0.0015,0.004971,-0.002405,-0.73365,-0.20747,0.007597,0.352501,0.020948,-0.700262,0.713573,-0.015796,0.713307,0.700626,-0.999613,-0.025073,0.002965,0.013324,-0.000524,-0.0012,0.217827,-0.48764,-0.255288,-0.769612,0.026115,0.051506,-0.018089,-0.167363,0.664499,0.728306,0.072681,-0.728399,0.681286,0.983212,0.166956,0.073611,0.00666,-0.0003,-0.000637,-0.016175,0.009602,0.043127,-0.593169,0.008045,0.054113,-0.032983,0.115598,-0.54054,-0.833338,-0.014373,-0.839785,0.542728,-0.993191,-0.05076,-0.104847,0.000512,-0.002742,0.006788,-0.039438,-0.001498,0.007411,-0.730811
631,-0.012678,0.003342,0.386505,-0.022566,0.519619,-0.854127,0.00479,0.854387,0.519589,0.999775,0.006993,-0.020702,0.003013,0.004481,0.004115,0.043614,0.070167,0.061861,-0.826379,-0.207203,0.007668,0.352413,0.021364,-0.700765,0.713066,-0.015467,0.712811,0.701138,-0.999609,-0.025133,0.003474,0.026644,-0.00106,-0.002414,0.007808,-0.038531,0.053596,-0.608814,0.026249,0.051545,-0.018136,-0.167018,0.664873,0.728043,0.073257,-0.728006,0.681644,0.983227,0.167182,0.072883,0.006661,-0.000288,-0.000629,-0.022126,0.005889,0.038005,-0.524261,0.008029,0.054174,-0.032933,0.115357,-0.541806,-0.832549,-0.007617,-0.838602,0.54469,-0.993294,-0.056492,-0.100865,-0.005167,0.004878,0.003495,0.042157,0.102299,0.010735,-0.781104
632,-0.012684,0.003556,0.386644,-0.018602,0.522979,-0.852169,0.002294,0.852334,0.522967,0.999861,0.007129,-0.015991,0.002265,0.003369,0.003089,0.003145,0.00612,0.00266,-1.106283,-0.206656,0.007816,0.352252,0.022143,-0.701712,0.71211,-0.014843,0.711874,0.702103,-0.999603,-0.02524,0.004433,0.013454,0.000741,-0.000255,0.002045,-0.015207,0.029244,-0.3327,0.026527,0.051615,-0.01822,-0.166577,0.666291,0.726847,0.074044,-0.726613,0.683045,0.983243,0.167598,0.071702,0.006564,0.005928,-0.004305,-0.040286,0.027801,0.051679,-0.422204,0.008028,0.054284,-0.032861,0.111321,-0.545259,-0.830843,-0.005496,-0.836364,0.548145,-0.993768,-0.056454,-0.096101,0.001309,0.001952,0.001793,-0.009824,-0.028565,0.020317,-0.961704
633,-0.012611,0.00381,0.386879,-0.013042,0.523058,-0.852224,-0.000829,0.852287,0.523048,0.999944,0.006883,-0.009617,-0.008139,0.012982,0.009917,0.022533,0.045972,0.015412,-1.329006,-0.206185,0.007945,0.35217,0.029773,-0.70017,0.713349,-0.023986,0.712858,0.70085,-0.999237,-0.037102,0.003514,0.013127,0.012024,-0.008464,-1.144382,-1.190048,0.04045,-0.105764,0.026763,0.051677,-0.018257,-0.169813,0.66467,0.727582,0.080323,-0.726513,0.682441,0.982196,0.174329,0.069983,0.00683,0.000767,-6.1e-05,-4.008246,-3.878894,0.061573,-0.370604,0.008063,0.054399,-0.032754,0.105692,-0.545581,-0.831366,-0.002338,-0.836183,0.548444,-0.994395,-0.056022,-0.089654,0.002457,0.00366,0.003345,0.013693,0.018223,0.038807,-1.016569
634,-0.012513,0.003986,0.38701,-0.009892,0.524188,-0.851572,-0.002724,0.851593,0.52417,0.999972,0.006858,-0.005932,0.005906,0.008794,0.008024,0.048203,0.077762,0.041348,-1.446863,-0.205994,0.008015,0.352136,0.037169,-0.698296,0.714837,-0.03335,0.713965,0.699339,-0.998729,-0.04896,0.002331,0.01316,0.012393,-0.008188,-0.07446,-0.138625,0.051553,-0.026402,0.026863,0.051716,-0.018278,-0.176773,0.661607,0.728716,0.090039,-0.726401,0.681347,0.980124,0.186057,0.068838,0.006576,0.006166,-0.00412,-0.083916,0.004108,0.009406,-0.294674,0.00811,0.054494,-0.032682,0.10259,-0.546896,-0.83089,-0.00059,-0.835331,0.549746,-0.994723,-0.055908,-0.08602,0.003065,0.00457,0.004167,0.032426,0.05352,0.036161,-1.012814
635,-0.012221,0.004387,0.387323,-0.004641,0.523792,-0.85186,-0.005964,0.851836,0.523748,0.99999,0.006865,0.000234,0.006895,0.010284,0.00934,0.014252,-0.001281,0.062217,-1.719651,-0.20573,0.008076,0.352014,0.055272,-0.694818,0.717053,-0.049991,0.715223,0.697058,-0.997219,-0.073505,0.003877,-0.000143,-0.001376,-0.001034,-0.030682,-0.034259,-0.002021,0.067993,0.026996,0.051751,-0.018335,-0.190676,0.656566,0.729769,0.107629,-0.724944,0.680347,0.975734,0.20827,0.067563,0.006561,-0.001173,-0.001289,-0.076675,-0.029065,-0.021136,-0.14559,0.008255,0.054693,-0.032527,0.09726,-0.546726,-0.831643,0.002694,-0.835457,0.549548,-0.995255,-0.055689,-0.079783,0.003176,0.004743,0.004304,-0.0077,-0.02218,0.022022,-1.015263
636,-0.011944,0.004771,0.3877,-0.000421,0.527491,-0.849587,-0.008288,0.849553,0.527411,0.999979,0.006613,0.005075,0.007142,0.010671,0.009645,0.001952,-0.010885,0.024504,-1.886202,-0.205702,0.007947,0.351927,0.079049,-0.688637,0.720779,-0.070424,0.717276,0.693173,-0.994409,-0.104693,0.007278,-0.00028,-0.002688,-0.002022,-3.849403,-4.120672,-0.215377,0.10439,0.02701,0.051687,-0.018379,-0.204138,0.650359,0.731683,0.124335,-0.724145,0.678347,0.971014,0.22945,0.066963,-0.0002,-0.001905,-0.001426,-0.091359,-0.060491,-0.100113,-0.069333,0.008395,0.054887,-0.032337,0.093297,-0.550685,-0.829482,0.004433,-0.832878,0.553438,-0.995628,-0.055311,-0.075264,0.003753,0.005616,0.005072,-0.012526,0.050062,-0.131082,-1.028
637,-0.011608,0.005231,0.388037,0.006598,0.531116,-0.8473,-0.01201,0.847297,0.530958,0.999911,0.006018,0.013028,0.007147,0.010701,0.009622,0.156017,0.29021,0.157616,-1.894019,-0.205824,0.00791,0.351819,0.099856,-0.683982,0.722626,-0.085304,0.717596,0.691168,-0.991394,-0.129803,0.012382,-0.0139,0.009391,-0.008809,-1.065874,-1.354803,-0.16055,0.140643,0.026954,0.051661,-0.018432,-0.218403,0.645069,0.732247,0.140414,-0.72178,0.677729,0.965703,0.250836,0.067062,-5.4e-05,-0.000508,-0.000373,-0.115653,-0.084941,-0.073861,-0.020836,0.008556,0.055116,-0.03217,0.087969,-0.554977,-0.827201,0.006864,-0.830062,0.557627,-0.996099,-0.054732,-0.06921,0.003489,0.005231,0.004702,0.332606,0.595116,0.299444,-1.030776
638,-0.011459,0.005432,0.388179,0.007801,0.534126,-0.845395,-0.012608,0.845404,0.533953,0.999893,0.005834,0.014386,0.006296,0.009435,0.008464,0.00396,-0.006858,0.028405,-1.894241,-0.205898,0.007941,0.351771,0.106045,-0.681947,0.723668,-0.088486,0.718311,0.690024,-0.990479,-0.136353,0.014901,-0.013402,-0.000257,0.000623,0.025767,-0.044843,-0.065579,0.159494,0.026916,0.051678,-0.018461,-0.223355,0.642879,0.732679,0.146361,-0.721026,0.677273,0.963685,0.258508,0.066952,-0.000233,0.004991,-0.004582,-0.164828,-0.102546,-0.047958,0.003984,0.008642,0.055225,-0.032091,0.08499,-0.557502,-0.825813,0.008071,-0.828399,0.560079,-0.996348,-0.054266,-0.065906,0.003109,0.004667,0.004181,-0.009553,-0.028118,0.022165,-1.031429
639,-0.011146,0.005743,0.388441,0.017687,0.536325,-0.843853,-0.010641,0.844036,0.536155,0.999778,-0.001165,0.02169,0.018328,0.002414,0.003975,0.017492,0.088653,-0.07933,-1.894663,-0.206184,0.008006,0.3517,0.122273,-0.676893,0.725848,-0.099215,0.719236,0.687598,-0.987608,-0.155241,0.019853,-0.013786,0.010444,-0.008017,-3.963246,-3.827811,-0.140179,0.186115,0.026768,0.051712,-0.018495,-0.237217,0.636792,0.733637,0.162395,-0.718572,0.676225,0.957786,0.279551,0.067045,-0.006801,0.005208,-0.00422,-4.118917,-3.872717,-0.167141,0.046766,0.008799,0.05538,-0.03196,0.07494,-0.560046,-0.825064,0.005991,-0.827123,0.561988,-0.997169,-0.047059,-0.05863,0.009056,0.001051,0.001845,-0.006674,0.050851,-0.095905,-1.02702
640,-0.010888,0.005956,0.388657,0.036367,0.535772,-0.843606,0.00695,0.844005,0.536263,0.999282,-0.026026,0.028024,0.003748,0.005636,0.00502,-0.400537,0.389272,-0.118003,-1.895331,-0.206609,0.007997,0.351694,0.141942,-0.670282,0.728399,-0.114636,0.719666,0.684743,-0.983322,-0.179853,0.024377,-0.013472,-0.00088,0.000149,-1.186719,-1.169855,-0.099808,0.231961,0.026561,0.051709,-0.018498,-0.254057,0.628824,0.73487,0.181638,-0.71526,0.67484,0.94998,0.304928,0.067498,-0.006642,-0.000537,-0.000193,-4.127604,-3.865244,-0.274435,0.094121,0.008928,0.055486,-0.031852,0.056654,-0.560272,-0.826368,-0.011138,-0.828001,0.560615,-0.998331,-0.022557,-0.05315,0.001675,0.002531,0.002238,-1.406251,0.921375,0.068869,-1.018855
641,-0.010756,0.006004,0.388711,0.03916,0.535446,-0.843687,0.005729,0.844198,0.535974,0.99918,-0.026483,0.031045,0.002304,0.003468,0.003086,0.04307,0.082747,0.035967,-1.895266,-0.206821,0.008,0.351685,0.151787,-0.66685,0.729564,-0.122327,0.719666,0.683411,-0.980934,-0.19214,0.026725,-0.013479,-0.000927,0.000112,0.007008,-0.013557,-0.045103,0.263377,0.026455,0.051711,-0.018502,-0.263201,0.62434,0.735475,0.192167,-0.71315,0.674157,0.945408,0.318773,0.067724,-0.006764,-0.000652,-7.1e-05,-0.078609,-0.098955,-0.063428,0.128738,0.008995,0.055513,-0.031823,0.053648,-0.560227,-0.826599,-0.010408,-0.82806,0.560542,-0.998505,-0.021469,-0.050255,0.00123,0.001854,0.001647,0.041213,0.06777,0.060124,-1.017876
642,-0.010631,0.006017,0.388748,0.044563,0.534436,-0.84406,0.003302,0.844814,0.535024,0.998959,-0.027289,0.036937,0.000216,0.000325,0.000289,0.157312,0.301301,0.130927,-1.895638,-0.207249,0.007923,0.351678,0.172433,-0.660909,0.730382,-0.136673,0.718161,0.682274,-0.975638,-0.216639,0.032568,-0.01321,-0.012494,0.008095,-0.026651,-0.873296,0.508449,0.278299,0.026241,0.051677,-0.018509,-0.279366,0.615687,0.736806,0.210876,-0.709282,0.672643,0.936741,0.343289,0.068315,-0.00681,-0.001048,-0.000368,-0.072666,-0.088339,-0.082482,0.178052,0.009059,0.055521,-0.031803,0.04961,-0.559958,-0.827033,-0.008639,-0.828262,0.560272,-0.99873,-0.020651,-0.045928,1e-05,1.8e-05,1.5e-05,0.267457,0.579881,0.039816,-1.022121
643,-0.010642,0.005977,0.388727,0.044866,0.534957,-0.843713,0.003329,0.844477,0.535555,0.998944,-0.027497,0.037162,-0.000969,-0.00146,-0.001299,3.4e-05,6.4e-05,2.8e-05,-1.8961,-0.207715,0.007877,0.351684,0.185629,-0.655622,0.731911,-0.148878,0.71739,0.68053,-0.971437,-0.234467,0.03462,-0.013387,-3e-06,0.000802,0.001135,0.008254,-0.033451,0.285064,0.026008,0.051646,-0.018505,-0.292781,0.610261,0.736111,0.223689,-0.704769,0.673247,0.929645,0.361774,0.069834,-0.006697,6e-06,0.000421,-0.060037,-0.084728,-0.04392,0.191932,0.009052,0.055499,-0.031815,0.048143,-0.560091,-0.82703,-0.008109,-0.828182,0.560399,-0.998806,-0.020273,-0.044413,-0.00058,-0.000872,-0.000776,-0.001409,-0.003299,-0.001344,-1.026204
644,-0.010654,0.005959,0.388711,0.047399,0.534153,-0.844084,0.0021,0.844976,0.534773,0.998828,-0.027779,0.039984,-0.000769,-0.001158,-0.00103,0.030973,0.059188,0.025714,-1.896455,-0.207958,0.007899,0.351665,0.19431,-0.655817,0.729478,-0.149574,0.715046,0.68284,-0.969641,-0.240969,0.03991,-0.013392,-3.4e-05,0.000777,0.269073,-0.332829,0.673184,0.293758,0.025886,0.051658,-0.018514,-0.297651,0.609174,0.735057,0.227142,-0.702655,0.6743,0.927258,0.367668,0.070777,-0.006701,-3.3e-05,0.000391,-0.058137,-0.093825,-0.017422,0.200913,0.009045,0.055488,-0.031825,0.045419,-0.559342,-0.827691,-0.006631,-0.828696,0.559658,-0.998945,-0.019931,-0.041348,-0.000435,-0.000655,-0.000582,0.017189,0.037537,0.015725,-1.02702
645,-0.010742,0.005929,0.388704,0.047501,0.534281,-0.843998,0.002146,0.844892,0.534906,0.998822,-0.027879,0.040041,-0.000623,-0.000938,-0.000835,7e-06,1.3e-05,5e-06,-1.896075,-0.208492,0.007966,0.351648,0.214084,-0.655323,0.72437,-0.162102,0.707342,0.687985,-0.963467,-0.263882,0.04427,-0.013337,0.000457,0.001144,-0.004959,0.012426,-0.029423,0.30264,0.025624,0.051691,-0.018523,-0.319254,0.606267,0.728365,0.241065,-0.69135,0.681118,0.916495,0.393033,0.074566,-0.006671,0.000249,0.000603,-0.041929,-0.122806,0.096764,0.215772,0.009,0.055472,-0.03183,0.045538,-0.559556,-0.82754,-0.006851,-0.828554,0.559865,-0.998938,-0.019825,-0.041565,-0.000387,-0.000584,-0.000519,-0.000574,-0.001661,-0.000638,-1.02653
646,-0.010783,0.005947,0.388701,0.047537,0.534363,-0.843944,0.002121,0.84484,0.534988,0.998821,-0.027881,0.040082,-0.000481,-0.000724,-0.000644,0.0,0.0,0.0,-1.896664,-0.20896,0.008008,0.351696,0.229712,-0.660356,0.71495,-0.163036,0.698,0.697244,-0.959722,-0.275895,0.051758,-0.013317,0.000635,0.001274,4e-05,0.012627,-0.02341,0.312937,0.025385,0.051713,-0.018498,-0.335262,0.609358,0.718527,0.243522,-0.680697,0.690903,0.910107,0.406611,0.07982,-0.00666,0.00033,0.000659,0.012043,-0.094082,0.156125,0.229488,0.008979,0.055481,-0.031831,0.045522,-0.559642,-0.827482,-0.006833,-0.828496,0.559952,-0.998939,-0.019836,-0.041539,-0.000307,-0.000468,-0.000417,0.000226,-0.000183,2e-06,-1.026693
647,-0.010807,0.00595,0.388701,0.047443,0.534191,-0.844058,0.00212,0.844951,0.534813,0.998825,-0.027821,0.040009,-0.000257,-0.000387,-0.000344,0.008936,-0.083179,0.180439,-1.896867,-0.20919,0.008002,0.35173,0.234514,-0.664979,0.709082,-0.158538,0.69339,0.702858,-0.95932,-0.276408,0.056273,-0.013323,0.000588,0.001237,0.855683,-1.045595,2.372525,0.320243,0.025275,0.05171,-0.018481,-0.339497,0.612974,0.713445,0.240382,-0.676766,0.695847,0.909371,0.407738,0.082412,-0.006663,0.000295,0.00063,-0.003688,-0.034581,-0.029475,0.23749,0.008967,0.055482,-0.031831,0.045557,-0.559582,-0.827521,-0.006821,-0.828536,0.559893,-0.998938,-0.019862,-0.041563,-0.000186,-0.000284,-0.000253,0.000191,-0.000145,5e-06,-1.027183
648,-0.010757,0.005936,0.388681,0.04737,0.534091,-0.844125,0.002098,0.845016,0.53471,0.998829,-0.027759,0.039963,-0.0,-0.0,-0.0,0.0,0.0,0.0,-1.89665,-0.209617,0.008034,0.351793,0.254912,-0.666704,0.700369,-0.15745,0.685906,0.710406,-0.954307,-0.290523,0.068972,-0.013259,0.001131,0.001644,0.063137,-0.226374,-0.158691,0.341445,0.025057,0.051726,-0.018449,-0.360581,0.614513,0.701679,0.238162,-0.66669,0.706258,0.901808,0.421778,0.094042,-0.006625,0.000636,0.000884,0.051797,-0.504785,-0.073499,0.259534,0.008991,0.055474,-0.031842,0.045698,-0.559367,-0.827659,-0.006769,-0.828678,0.559683,-0.998932,-0.019974,-0.041655,1e-05,1e-05,6e-06,0.000143,-8.3e-05,1.2e-05,-1.027836
649,-0.010707,0.005898,0.388656,0.047322,0.534013,-0.844177,0.0021,0.845066,0.534631,0.998831,-0.027731,0.039924,-0.000506,-0.000762,-0.000678,0.0,0.0,0.0,-1.896868,-0.209943,0.008068,0.351852,0.273275,-0.669205,0.690997,-0.145887,0.681091,0.717472,-0.951081,-0.296031,0.087606,-0.013221,0.00144,0.001874,0.193579,-0.478395,-0.096248,0.362316,0.024894,0.051743,-0.01842,-0.378872,0.614569,0.691925,0.22655,-0.663324,0.713215,0.89729,0.426973,0.112084,6.1e-05,0.000524,0.000403,0.321524,-0.675195,-0.200071,0.28615,0.009018,0.055457,-0.031853,0.045749,-0.559288,-0.827709,-0.006757,-0.828731,0.559605,-0.998929,-0.020008,-0.041694,-0.000331,-0.000503,-0.000451,9e-05,-6.3e-05,-9e-06,-1.02849
650,-0.010614,0.005889,0.388605,0.047214,0.533928,-0.844237,0.002008,0.845124,0.534539,0.998836,-0.027591,0.039885,-0.0,-0.0,-0.0,0.0,0.0,0.0,-1.896607,-0.210164,0.008071,0.351867,0.291288,-0.663786,0.688862,-0.138267,0.683207,0.716969,-0.946885,-0.303254,0.106342,-4.5e-05,-0.000381,-0.000287,0.297207,-0.698555,-0.191595,0.373973,0.024779,0.051747,-0.01841,-0.395682,0.606933,0.68925,0.219782,-0.666113,0.712732,0.8917,0.433501,0.130176,-0.006692,4.3e-05,0.000429,0.01692,-0.196137,0.087963,0.308358,0.009063,0.055451,-0.03188,0.04586,-0.5592,-0.827763,-0.006653,-0.828787,0.559523,-0.998925,-0.020153,-0.041728,9e-06,8e-06,4e-06,6.3e-05,-3.6e-05,7e-06,-1.029633
651,-0.010596,0.005913,0.388586,0.047141,0.533869,-0.844278,0.001937,0.845164,0.534476,0.99884,-0.027489,0.039863,1.6e-05,2.4e-05,2.1e-05,0.0,0.0,0.0,-1.896811,-0.210276,0.008064,0.351856,0.303096,-0.658299,0.689033,-0.139412,0.684528,0.715486,-0.943017,-0.312089,0.114813,-5.2e-05,-0.000442,-0.000333,0.163576,-0.415096,-0.019755,0.379986,0.024722,0.051742,-0.018417,-0.408024,0.598261,0.689636,0.220885,-0.668246,0.710391,0.885847,0.442187,0.140514,-0.006693,3.6e-05,0.000428,0.181332,-0.466874,-0.08632,0.317992,0.009072,0.055463,-0.031889,0.045934,-0.559139,-0.8278,-0.006574,-0.828825,0.559467,-0.998922,-0.020256,-0.041747,1.1e-05,1.3e-05,1e-05,4.8e-05,-3.7e-05,1e-06,-1.029959
652,-0.01063,0.005905,0.388562,0.047119,0.533851,-0.844291,0.001912,0.845177,0.534456,0.998841,-0.027456,0.039858,-0.001197,-0.001803,-0.001606,-0.001291,0.012058,-0.026143,-1.897068,-0.210488,0.008051,0.351871,0.320478,-0.648771,0.690204,-0.133232,0.690412,0.710995,-0.938172,-0.318996,0.133934,-0.0,-2e-06,-1e-06,0.141215,-0.364211,0.010997,0.388725,0.024616,0.051735,-0.01841,-0.424364,0.585884,0.690401,0.215906,-0.674998,0.705521,0.879373,0.44846,0.159949,1e-06,2.1e-05,2.1e-05,0.127473,-0.390411,0.002108,0.333831,0.009058,0.055463,-0.031898,0.045966,-0.559104,-0.827822,-0.006544,-0.828848,0.559434,-0.998921,-0.020297,-0.041758,-0.000266,-0.000403,-0.000359,3.7e-05,-2e-05,2.1e-05,-1.031102
653,-0.010713,0.00585,0.388522,0.047281,0.534112,-0.844117,0.001935,0.845009,0.534722,0.998833,-0.027575,0.039974,-0.001119,-0.001685,-0.001501,0.0,0.0,0.0,-1.897963,-0.210584,0.00806,0.351921,0.339864,-0.637471,0.691459,-0.126442,0.697468,0.705325,-0.932293,-0.326339,0.155548,0.000148,0.001241,0.000935,0.225682,-0.529893,-0.089834,0.400349,0.024568,0.051736,-0.018387,-0.44111,0.572774,0.690905,0.2108,-0.682186,0.700132,0.872343,0.454479,0.180178,4e-06,2.3e-05,2e-05,0.394492,-0.781908,-0.253205,0.347711,0.009015,0.055433,-0.03192,0.045794,-0.559384,-0.827642,-0.006597,-0.828663,0.559708,-0.998928,-0.020171,-0.041639,-0.000703,-0.00106,-0.000945,1.7e-05,-2.4e-05,6e-06,-1.032245
654,-0.010731,0.005843,0.388461,0.047265,0.534179,-0.844076,0.00184,0.844969,0.534785,0.998834,-0.027489,0.040009,-0.000184,-0.000277,-0.000247,0.0,0.0,0.0,-1.89782,-0.210671,0.007949,0.352019,0.35698,-0.627686,0.691785,-0.120633,0.703293,0.700543,-0.926669,-0.332739,0.174448,-0.013024,-0.010291,0.009736,0.092649,-0.306856,-0.017647,0.4075,0.02453,0.051688,-0.018339,-0.457898,0.55944,0.690909,0.205803,-0.689353,0.694576,0.864854,0.460237,0.200519,-3e-06,-9e-06,-6e-06,0.10505,-0.341014,0.031195,0.361917,0.009004,0.055427,-0.031953,0.04581,-0.559448,-0.827598,-0.006509,-0.828617,0.559776,-0.998928,-0.020257,-0.041601,-7.7e-05,-0.000118,-0.000104,1.3e-05,-1.1e-05,-2e-06,-1.032899
655,-0.010738,0.005839,0.388444,0.047203,0.534091,-0.844135,0.001816,0.845027,0.534694,0.998838,-0.027431,0.039972,-0.000328,-0.000494,-0.00044,0.0,0.0,0.0,-1.897535,-0.210777,0.007863,0.352111,0.366398,-0.6218,0.692177,-0.117625,0.70688,0.697438,-0.923385,-0.336171,0.184966,-0.012972,-0.009836,0.01008,0.181206,-0.479347,-0.122441,0.407636,0.024477,0.051644,-0.018293,-0.465737,0.553046,0.690817,0.203631,-0.692724,0.691857,0.861175,0.462895,0.21001,3.3e-05,0.000288,0.00022,0.293275,-0.528757,-0.32614,0.365673,0.009001,0.055426,-0.031961,0.045873,-0.559359,-0.827655,-0.006475,-0.828676,0.55969,-0.998925,-0.020316,-0.041636,-0.000185,-0.00028,-0.000249,1.3e-05,-9e-06,9e-06,-1.033062
656,-0.010703,0.005816,0.388429,0.049674,0.533179,-0.844569,0.000591,0.845595,0.533799,0.998716,-0.027672,0.042744,-2e-06,-3e-06,-3e-06,0.022374,0.042757,0.018594,-1.89721,-0.211055,0.007768,0.35232,0.384517,-0.610976,0.691987,-0.117133,0.711159,0.693157,-0.916071,-0.346813,0.200992,0.000278,0.002301,0.001733,0.142398,-0.276622,-0.168038,0.405617,0.024333,0.05159,-0.018188,-0.48259,0.539308,0.690111,0.203889,-0.697113,0.687358,0.851783,0.472418,0.226461,-0.0065,0.001705,0.001679,0.181436,-0.427112,-0.032106,0.365836,0.009018,0.055414,-0.031969,0.043148,-0.558483,-0.828393,-0.004968,-0.829274,0.558818,-0.999056,-0.019996,-0.038556,1.5e-05,2.2e-05,2.1e-05,0.005668,0.017387,0.006726,-1.034042
657,-0.010661,0.005798,0.388431,0.049576,0.532984,-0.844698,0.000616,0.845719,0.533602,0.998721,-0.027631,0.042654,0.013496,-0.004823,-0.002497,0.000988,-0.014707,0.029557,-1.897225,-0.211366,0.007813,0.352423,0.393879,-0.604953,0.692013,-0.113967,0.714814,0.689918,-0.912496,-0.349847,0.21171,-0.013135,0.002156,0.002402,0.096804,-0.251579,0.04089,0.406619,0.024182,0.051616,-0.018134,-0.491049,0.531818,0.689956,0.20154,-0.701179,0.683907,0.847497,0.474886,0.23713,-0.00655,0.001249,0.001335,0.09205,-0.174376,-0.143637,0.365999,0.009033,0.055405,-0.031967,0.04348,-0.5584,-0.828431,-0.005159,-0.82933,0.558735,-0.99904,-0.02002,-0.038941,0.000387,0.000582,0.000521,-0.00066,-0.001164,-0.000508,-1.036164
658,-0.010624,0.005773,0.388429,0.049549,0.532918,-0.844741,0.000641,0.84576,0.533536,0.998722,-0.027635,0.04262,1e-05,1.5e-05,1.3e-05,0.0,0.0,0.0,-1.897415,-0.211535,0.007844,0.352444,0.39589,-0.603162,0.692429,-0.113375,0.716054,0.688728,-0.911702,-0.350403,0.214199,-0.013266,0.001067,0.001581,0.0394,-0.064681,-0.077784,0.406342,0.024098,0.051633,-0.018122,-0.493011,0.529657,0.690219,0.201146,-0.702449,0.682718,0.846451,0.475423,0.239776,-0.006637,0.000521,0.000786,0.022721,-0.055548,-0.070201,0.366489,0.009058,0.055393,-0.031968,0.043528,-0.558319,-0.828483,-0.00518,-0.829384,0.558654,-0.999038,-0.020026,-0.038994,5e-06,7e-06,5e-06,-5.2e-05,-0.00021,-6.4e-05,-1.032409
659,-0.010524,0.005745,0.388389,0.049404,0.532718,-0.844876,0.000597,0.84589,0.53333,0.99873,-0.02751,0.042528,0.0,0.0,0.0,0.0,0.0,0.0,-1.897147,-0.211976,0.007876,0.352457,0.395002,-0.602377,0.693618,-0.113982,0.716939,0.687706,-0.91201,-0.349945,0.213635,-0.013373,0.000204,0.000928,-0.002036,0.015188,-0.029256,0.404284,0.023872,0.051649,-0.018116,-0.491878,0.5292,0.691377,0.20208,-0.703004,0.68187,0.846887,0.475111,0.238851,-0.006692,6e-05,0.000441,-0.001186,0.019073,-0.027383,0.365673,0.009108,0.055379,-0.031987,0.043677,-0.558116,-0.828612,-0.005113,-0.829518,0.558456,-0.999032,-0.020155,-0.039085,0.0,-1e-06,-5e-06,3.9e-05,-3.8e-05,3e-06,-1.033551
660,-0.010392,0.005735,0.388301,0.051591,0.53147,-0.845531,-0.000787,0.846677,0.53208,0.998617,-0.027441,0.045156,0.00041,0.000619,0.000551,0.003176,0.006084,0.002648,-1.897341,-0.212538,0.007859,0.352515,0.402741,-0.594722,0.695771,-0.122995,0.717979,0.685064,-0.90745,-0.360728,0.215112,-0.026812,-8.1e-05,0.001481,0.002068,0.029422,-0.092735,0.399345,0.023602,0.051642,-0.018086,-0.498586,0.520393,0.693254,0.210996,-0.702839,0.679335,0.840768,0.484982,0.240625,-0.006664,0.000322,0.000637,-0.013175,0.017252,-0.026624,0.36306,0.009173,0.055372,-0.032033,0.041292,-0.556921,-0.829537,-0.003467,-0.83032,0.557274,-0.99914,-0.020135,-0.036217,0.000287,0.000429,0.000381,-0.009935,-0.014014,-0.006728,-1.033388
661,-0.010261,0.005778,0.388217,0.059358,0.528969,-0.846589,0.001567,0.848031,0.529917,0.998175,-0.033433,0.050566,0.000555,0.000838,0.000747,-0.051006,0.223482,0.070443,-1.897192,-0.212798,0.007866,0.352535,0.405652,-0.59182,0.696554,-0.127702,0.717792,0.684399,-0.905503,-0.365831,0.214697,-0.013342,0.000474,0.001126,-0.00193,0.014982,-0.029381,0.395654,0.023461,0.051642,-0.018078,-0.50092,0.517213,0.693952,0.215766,-0.701857,0.678852,0.838166,0.489782,0.239977,-0.006674,0.000246,0.000582,-0.004295,0.020374,-0.026425,0.359468,0.009239,0.055394,-0.032075,0.033561,-0.554789,-0.831313,-0.005349,-0.831869,0.554944,-0.999421,-0.014178,-0.030886,0.007724,0.00256,-0.005992,-0.316234,0.379904,0.13679,-1.033878
662,-0.009989,0.006037,0.387829,0.085372,0.514753,-0.853104,0.007268,0.855881,0.517094,0.996229,-0.050981,0.070393,0.001432,0.009152,-0.01018,-1.136913,1.304453,0.336335,-1.897193,-0.213206,0.007782,0.352647,0.415489,-0.582465,0.698637,-0.136204,0.719463,0.680995,-0.899795,-0.377367,0.218691,-0.013232,-0.011602,0.008739,0.132168,-0.387189,-0.323077,0.390899,0.023263,0.051608,-0.018023,-0.50804,0.50831,0.695353,0.224545,-0.701222,0.676657,0.831549,0.499907,0.242111,-0.006661,0.000361,0.000665,0.116802,-0.542444,-0.337395,0.353589,0.009376,0.055523,-0.032263,0.008922,-0.542269,-0.840157,-0.008535,-0.840201,0.542207,-0.999923,0.002333,-0.012125,0.00704,0.001574,-0.007035,-4.353258,3.430481,0.679203,-1.036491
663,-0.009798,0.00621,0.387322,0.105383,0.499759,-0.859756,0.022536,0.863143,0.504428,0.994059,-0.073149,0.080772,-0.00074,0.005869,-0.013108,0.074259,0.074241,0.024525,-1.896651,-0.213482,0.007619,0.352715,0.418747,-0.578274,0.700172,-0.135974,0.722299,0.678034,-0.898322,-0.378399,0.222924,-0.000299,-0.002337,-0.001759,0.015725,-0.030983,-0.01877,0.376553,0.02312,0.051522,-0.017985,-0.512144,0.501643,0.697182,0.22453,-0.705294,0.672417,0.829032,0.500913,0.248578,-0.000166,-0.001271,-0.00095,-0.019161,0.000203,0.003024,0.341669,0.009475,0.055614,-0.032512,-0.013189,-0.527934,-0.849182,-0.023484,-0.848858,0.528098,-0.999637,0.026907,-0.001202,-0.000213,0.003161,-0.006352,0.036195,0.003892,0.016153,-1.040246
664,-0.009706,0.00638,0.386856,0.128606,0.491071,-0.8616,0.042558,0.865276,0.499457,0.990636,-0.101506,0.091458,0.000323,0.007477,-0.011673,-0.287878,0.433686,0.150712,-1.897041,-0.213524,0.007491,0.352658,0.426231,-0.570603,0.701948,-0.134255,0.727362,0.672945,-0.895063,-0.380348,0.232509,-0.000326,-0.002539,-0.001914,0.245889,-0.484694,-0.293578,0.368434,0.023098,0.051457,-0.018014,-0.516908,0.495071,0.698362,0.22393,-0.709199,0.668499,0.826233,0.501937,0.25573,-0.000203,-0.001578,-0.001187,-0.025877,0.010641,0.009433,0.326156,0.009516,0.055693,-0.032751,-0.035598,-0.520822,-0.852922,-0.042878,-0.851881,0.521976,-0.998445,0.055153,0.007993,1.7e-05,0.003511,-0.006044,-1.276922,1.06785,0.291249,-1.030612
665,-0.009631,0.006508,0.386594,0.141002,0.485697,-0.862706,0.048851,0.866932,0.495999,0.988642,-0.112679,0.09959,5.7e-05,0.007076,-0.012031,0.309319,0.621855,0.261455,-1.896811,-0.213543,0.00743,0.3526,0.427997,-0.568591,0.702506,-0.133874,0.728729,0.67154,-0.894279,-0.380745,0.234865,-0.000477,-0.003718,-0.002804,0.203868,-0.402107,-0.24356,0.367317,0.023089,0.051428,-0.018042,-0.518555,0.492596,0.698892,0.223823,-0.710673,0.666968,0.825229,0.502287,0.258269,-0.000286,-0.002242,-0.001687,0.213622,-0.435517,-0.295565,0.321094,0.009554,0.055758,-0.032881,-0.046475,-0.516858,-0.854808,-0.050154,-0.853446,0.518762,-0.997659,0.066981,0.013741,0.000366,0.004035,-0.005569,-0.053313,0.142706,0.066591,-1.033388
666,-0.00936,0.006842,0.386027,0.165138,0.473924,-0.864969,0.06151,0.870347,0.488553,0.984159,-0.134467,0.115657,0.001475,0.009224,-0.010108,0.287372,0.469718,0.232237,-1.896159,-0.213632,0.007295,0.35249,0.429634,-0.566467,0.703223,-0.133599,0.730206,0.669988,-0.893536,-0.381083,0.237131,-0.013834,-0.003181,-0.00164,0.000363,0.021405,-0.059112,0.36647,0.02305,0.051361,-0.018097,-0.521248,0.488451,0.699796,0.22356,-0.713214,0.664338,0.823601,0.502732,0.262563,-0.000357,0.003674,-0.005593,0.019555,-0.003123,0.024513,0.316359,0.009682,0.05592,-0.033162,-0.071221,-0.506277,-0.859425,-0.061906,-0.857708,0.510396,-0.995537,0.089555,0.029745,0.000722,0.004573,-0.005089,0.038872,-0.000558,0.020843,-1.038287
667,-0.009095,0.007088,0.385736,0.174977,0.469138,-0.865643,0.075092,0.870281,0.486769,0.981501,-0.150754,0.118132,0.002299,0.010477,-0.008987,0.032649,-0.022634,0.013599,-1.896609,-0.213674,0.007246,0.352404,0.431213,-0.564289,0.704006,-0.133306,0.73176,0.668349,-0.892821,-0.381336,0.239411,-0.000402,0.009773,-0.009355,0.037309,-0.015599,0.015426,0.358224,0.023023,0.051326,-0.018141,-0.522405,0.486134,0.700546,0.223609,-0.714711,0.662711,0.822855,0.502853,0.264665,-9.3e-05,-0.000728,-0.00055,-0.010926,0.009957,0.006797,0.310807,0.009816,0.056047,-0.033311,-0.082865,-0.501156,-0.86138,-0.074487,-0.85882,0.506832,-0.993773,0.10616,0.033837,0.000385,0.000575,0.000514,-0.00858,-0.0161,-0.008582,-1.035348
668,-0.00897,0.007096,0.385688,0.176893,0.467333,-0.86623,0.074014,0.871294,0.485119,0.981238,-0.150503,0.120619,0.000426,0.000647,0.000578,0.035863,0.069611,0.031025,-1.89664,-0.213667,0.007217,0.352382,0.429529,-0.562815,0.706212,-0.134877,0.733165,0.666492,-0.893395,-0.380818,0.238091,-0.000121,-0.000941,-0.000711,-0.034321,0.114542,-0.218001,0.355083,0.023026,0.051316,-0.018155,-0.520621,0.485079,0.702603,0.225294,-0.715705,0.661065,0.823526,0.502457,0.263326,-6.4e-05,-0.000499,-0.000376,-0.126211,0.427112,-0.802249,0.305419,0.009885,0.056054,-0.033338,-0.084791,-0.499432,-0.862193,-0.073132,-0.859856,0.50527,-0.993711,0.105897,0.036384,0.000271,0.000407,0.00036,0.034407,0.065761,0.029232,-1.034042
669,-0.008753,0.007031,0.385698,0.197358,0.458989,-0.86627,0.077582,0.87356,0.480465,0.977026,-0.162596,0.137877,0.001017,0.001547,0.001381,0.295879,0.575,0.256226,-1.896553,-0.21364,0.007147,0.35239,0.429383,-0.562718,0.706378,-0.135093,0.733223,0.666384,-0.893432,-0.38085,0.2379,-5.9e-05,-0.000461,-0.000349,0.0,-0.0,-0.0,0.354239,0.02304,0.051282,-0.018151,-0.52031,0.484969,0.702909,0.225603,-0.715799,0.660858,0.823638,0.50243,0.263027,-2.4e-05,-0.000191,-0.000143,0.00084,0.000763,0.000482,0.300683,0.009993,0.05602,-0.033335,-0.103978,-0.492889,-0.863856,-0.07688,-0.861982,0.501074,-0.991603,0.118515,0.051734,0.007121,-0.001814,-0.000728,0.315229,0.604092,0.304041,-1.034042
670,-0.008465,0.007009,0.385818,0.213578,0.449037,-0.867638,0.077054,0.877613,0.473106,0.973632,-0.168453,0.153923,0.013431,-0.011838,0.009552,0.25987,0.575844,0.268883,-1.896632,-0.213647,0.007152,0.35242,0.42748,-0.561072,0.708838,-0.136866,0.734778,0.664306,-0.894073,-0.380284,0.236394,7.5e-05,0.000584,0.000441,-8.3e-05,0.000278,-0.00053,0.351252,0.023037,0.051284,-0.018136,-0.518183,0.483574,0.705437,0.227631,-0.717084,0.658766,0.82442,0.501941,0.261504,5.1e-05,0.000398,0.0003,0.00107,-0.001782,0.004542,0.298887,0.010131,0.056014,-0.033279,-0.120317,-0.48388,-0.866823,-0.075615,-0.866163,0.494007,-0.989851,0.124982,0.067625,0.001399,0.002134,0.0019,-0.002629,-0.007771,0.02679,-1.036654
671,-0.008166,0.006792,0.38618,0.226885,0.443869,-0.866919,0.078594,0.878877,0.470499,0.970478,-0.175431,0.165601,0.013763,-0.011322,0.010003,0.082383,0.230605,0.114833,-1.896675,-0.213616,0.007157,0.352422,0.427364,-0.560983,0.708978,-0.136951,0.734872,0.664185,-0.894115,-0.380235,0.236313,1e-06,5e-06,4e-06,0.0,-0.0,-0.0,0.347209,0.023052,0.051289,-0.018134,-0.518083,0.48354,0.705533,0.227676,-0.717145,0.658684,0.82447,0.501887,0.26145,-0.0,-6e-06,-6e-06,0.000404,0.000305,0.000241,0.295131,0.010282,0.055906,-0.033097,-0.135555,-0.478458,-0.867583,-0.076051,-0.868058,0.490602,-0.987846,0.132484,0.081282,0.000664,-0.002475,0.00695,0.101603,0.268554,0.130198,-1.031755
672,-0.008063,0.006743,0.386337,0.236522,0.438269,-0.867193,0.081236,0.880464,0.467071,0.967945,-0.18146,0.173729,0.002745,0.004195,0.003728,0.252608,0.492739,0.218575,-1.89705,-0.213587,0.007157,0.352407,0.425741,-0.559557,0.711078,-0.138434,0.736218,0.662385,-0.894658,-0.379735,0.235057,-8e-05,-0.00062,-0.000468,-0.0,0.0,-0.0,0.344819,0.023067,0.05129,-0.01814,-0.516292,0.482325,0.707675,0.229385,-0.718251,0.656883,0.82512,0.501474,0.260189,-5.4e-05,-0.000419,-0.000319,0.000718,-0.001395,0.003264,0.292845,0.010337,0.055876,-0.033015,-0.143939,-0.474101,-0.868625,-0.079046,-0.869452,0.487651,-0.986424,0.138854,0.087672,0.000733,-0.002367,0.007046,0.222295,0.516269,0.236075,-1.031266
673,-0.007963,0.006619,0.386808,0.246303,0.432278,-0.867476,0.084624,0.882032,0.463498,0.9652,-0.188103,0.18175,0.001515,-0.00467,0.014147,0.014329,0.100019,0.052081,-1.896696,-0.213499,0.007146,0.352381,0.422765,-0.556924,0.714911,-0.141198,0.738655,0.65908,-0.895634,-0.378876,0.232716,-5.8e-05,-0.000452,-0.000342,-0.0,0.0,-0.0,0.342185,0.023111,0.051283,-0.018154,-0.513036,0.480099,0.711546,0.232532,-0.720222,0.653612,0.82627,0.500783,0.257862,-3e-05,-0.000242,-0.000185,0.000651,-0.001744,0.003678,0.288273,0.010388,0.055815,-0.032779,-0.155662,-0.467635,-0.870107,-0.081258,-0.871797,0.483081,-0.984462,0.145901,0.097706,0.000748,-0.002338,0.007068,-0.012989,0.052377,0.030405,-1.029796
674,-0.007911,0.006188,0.387475,0.256381,0.426007,-0.867659,0.088866,0.883463,0.459964,0.962179,-0.195556,0.189729,-0.001,-0.015507,0.022829,0.172528,0.395451,0.375135,-1.896666,-0.213421,0.00712,0.352369,0.419737,-0.554255,0.718758,-0.144019,0.741084,0.655734,-0.896605,-0.37805,0.230308,-9.8e-05,-0.000762,-0.000576,-0.0,1e-06,-1e-06,0.335301,0.02315,0.05127,-0.018159,-0.509726,0.47784,0.715435,0.235738,-0.722176,0.650298,0.827409,0.50013,0.255467,-5.3e-05,-0.000417,-0.000319,0.000666,-0.002195,0.004353,0.282558,0.010416,0.055613,-0.032461,-0.163571,-0.46333,-0.870959,-0.08612,-0.872773,0.480469,-0.982765,0.153598,0.102858,0.000295,-0.003027,0.006458,-0.035658,0.007079,0.010675,-1.034695
675,-0.007907,0.005916,0.387868,0.261577,0.423168,-0.867497,0.088024,0.884578,0.457981,0.960851,-0.196679,0.19522,-0.000773,-0.015161,0.023137,0.090246,0.335005,0.131081,-1.896476,-0.213402,0.00712,0.352356,0.422952,-0.551712,0.71883,-0.148425,0.740277,0.655663,-0.894375,-0.383309,0.230284,-0.00028,0.010751,-0.008616,0.035341,-0.014186,0.016481,0.330482,0.02316,0.051265,-0.018164,-0.51256,0.474875,0.715384,0.239998,-0.720711,0.650365,0.824428,0.505042,0.255438,-1.2e-05,-7.6e-05,-5.8e-05,-0.002163,-0.003024,-0.001072,0.277822,0.010417,0.055469,-0.032258,-0.170449,-0.459732,-0.871546,-0.08434,-0.874436,0.477751,-0.98175,0.154939,0.110273,-0.000593,-0.007881,0.011305,0.15214,0.459842,0.154886,-1.036491
676,-0.007912,0.005376,0.388788,0.275987,0.408175,-0.870212,0.091587,0.890078,0.44648,0.95646,-0.203425,0.209354,-0.00151,-0.02328,0.034234,0.125996,0.459856,0.242139,-1.896185,-0.213391,0.007111,0.352361,0.424599,-0.547814,0.720838,-0.154294,0.740635,0.653902,-0.892601,-0.388174,0.229017,1.6e-05,0.000121,9.2e-05,-0.0,-0.0,-0.0,0.326962,0.023165,0.051265,-0.018165,-0.513686,0.470754,0.717297,0.245866,-0.720203,0.648735,0.821994,0.509605,0.254216,1.1e-05,0.000103,7.9e-05,0.000507,-7e-05,-0.0,0.269331,0.010414,0.055206,-0.031812,-0.184423,-0.446184,-0.875731,-0.087003,-0.880106,0.466735,-0.978988,0.162268,0.123492,-0.000101,-0.007141,0.011964,0.208714,0.116042,1.217811,-1.036981
677,-0.007889,0.004818,0.38975,0.288203,0.400117,-0.869995,0.089653,0.893269,0.440459,0.95302,-0.205432,0.222658,0.000822,-0.012715,0.025293,0.140495,0.434068,0.171581,-1.896616,-0.213391,0.007126,0.35236,0.42445,-0.547695,0.721016,-0.15438,0.740763,0.653736,-0.892656,-0.388096,0.228932,3e-06,2.4e-05,1.8e-05,0.0,-0.0,-0.0,0.321664,0.023165,0.051273,-0.018165,-0.513523,0.470658,0.717477,0.245964,-0.720319,0.648568,0.822067,0.509529,0.254135,1e-06,8e-06,7e-06,0.000157,0.00014,4.4e-05,0.26378,0.010424,0.054918,-0.031319,-0.19758,-0.438209,-0.876888,-0.084211,-0.883628,0.460552,-0.976662,0.16484,0.137685,0.000353,-0.006424,0.012587,0.23201,0.59916,0.242964,-1.037144
678,-0.007664,0.004555,0.390479,0.299928,0.39169,-0.869866,0.093187,0.895445,0.435277,0.949043,-0.212094,0.233155,0.005914,0.009093,0.007973,0.113915,0.208949,0.12081,-1.896392,-0.213375,0.007138,0.352305,0.424139,-0.547438,0.721394,-0.154498,0.741068,0.653363,-0.892783,-0.387878,0.228805,-0.000101,-0.000792,-0.0006,-0.01158,0.09848,-0.172391,0.314498,0.023173,0.05128,-0.018191,-0.513275,0.470503,0.717756,0.246054,-0.720543,0.648285,0.822195,0.509356,0.254068,-0.000195,0.004945,-0.004632,0.036322,-0.013316,0.016809,0.255288,0.010533,0.054776,-0.03095,-0.210362,-0.42997,-0.877994,-0.086973,-0.886298,0.454874,-0.973746,0.17205,0.149047,0.002267,1.1e-05,0.009113,0.10355,0.27437,0.124767,-1.037144
679,-0.007438,0.004661,0.39072,0.308,0.388715,-0.868379,0.096389,0.895295,0.43489,0.946124,-0.218126,0.239368,0.00753,0.011595,0.01014,-0.03302,1.380547,-2.564671,-1.896816,-0.213379,0.00715,0.352264,0.422352,-0.545901,0.723604,-0.155995,0.742506,0.651371,-0.893368,-0.387296,0.227506,-8.2e-05,-0.000642,-0.000486,-8e-06,2.5e-05,-4.8e-05,0.310812,0.023171,0.051285,-0.018213,-0.511203,0.469131,0.72013,0.247886,-0.7218,0.646186,0.822935,0.508842,0.252695,-4.8e-05,-0.000386,-0.000291,0.000737,-0.002718,0.005243,0.25088,0.010637,0.054824,-0.030834,-0.217161,-0.425127,-0.878696,-0.090633,-0.887508,0.45179,-0.971918,0.177751,0.154201,0.003771,0.005822,0.005088,0.135894,0.236023,0.162841,-1.038777
680,-0.007015,0.005174,0.391043,0.323021,0.376363,-0.868363,0.108948,0.896652,0.42909,0.939715,-0.233674,0.249719,0.009681,0.021926,0.00092,-0.173558,0.72136,0.180359,-1.896804,-0.213387,0.00716,0.35217,0.422339,-0.545866,0.723637,-0.155831,0.742613,0.651288,-0.893402,-0.38714,0.227637,-0.000149,-0.001163,-0.00088,-0.0,0.0,-0.0,0.30782,0.023167,0.051289,-0.01826,-0.511218,0.469122,0.720125,0.247708,-0.721909,0.646132,0.82298,0.508695,0.252848,-7.5e-05,-0.000591,-0.000448,4.7e-05,1.8e-05,9e-05,0.243695,0.010858,0.055084,-0.030663,-0.232391,-0.416729,-0.878823,-0.102384,-0.888059,0.448182,-0.967218,0.194131,0.163711,0.00427,0.00659,0.005734,-1.209908,1.176186,0.690045,-1.03845
681,-0.006644,0.005696,0.39134,0.331303,0.368914,-0.868439,0.11784,0.897024,0.425952,0.935742,-0.243909,0.254799,0.007632,0.011809,0.010211,0.02904,0.028124,0.074694,-1.896558,-0.213394,0.007096,0.352135,0.422229,-0.545783,0.723765,-0.155933,0.742687,0.651179,-0.893436,-0.387115,0.227543,-0.000148,-0.001156,-0.000876,0.0,0.0,0.0,0.304382,0.023163,0.051258,-0.018277,-0.511099,0.469054,0.720253,0.24782,-0.721967,0.646025,0.82302,0.508676,0.252755,-8.8e-05,-0.000694,-0.000527,3.8e-05,2.5e-05,1.3e-05,0.240429,0.011048,0.055354,-0.030513,-0.243016,-0.408501,-0.879812,-0.110652,-0.889407,0.443519,-0.96369,0.205135,0.170939,0.00379,0.005871,0.00507,0.006368,-0.013207,0.056647,-1.039757
