frame,MLTx,MLTy,MLTz,MLTR1,MLTR2,MLTR3,MLTR4,MLTR5,MLTR6,MLTR7,MLTR8,MLTR9,MLTTVx,MLTTVy,MLTTVz,MLTRVx,MLTRVy,MLTRVz,MLGA,MRTx,MRTy,MRTz,MRTR1,MRTR2,MRTR3,MRTR4,MRTR5,MRTR6,MRTR7,MRTR8,MRTR9,MRTTVx,MRTTVy,MRTTVz,MRTRVx,MRTRVy,MRTRVz,MRGA,SLTx,SLTy,SLTz,SLTR1,SLTR2,SLTR3,SLTR4,SLTR5,SLTR6,SLTR7,SLTR8,SLTR9,SLTTVx,SLTTVy,SLTTVz,SLTRVx,SLTRVy,SLTRVz,SLGA,SRTx,SRTy,SRTz,SRTR1,SRTR2,SRTR3,SRTR4,SRTR5,SRTR6,SRTR7,SRTR8,SRTR9,SRTTVx,SRTTVy,SRTTVz,SRTRVx,SRTRVy,SRTRVz,SRGA
104,0.129273,-0.013035,0.329714,-0.014118,0.098562,-0.995053,-0.16338,-0.981964,-0.095001,-0.986458,0.161102,0.031204,0.014215,-0.010992,0.008609,-0.034274,0.000576,0.012388,0.503387,-0.138825,0.020049,0.334121,-0.062901,-0.675297,0.734853,0.48073,0.624656,0.615336,-0.874466,0.392802,0.284393,-0.000482,0.004622,0.003718,-0.014854,0.095674,-0.139952,-1.402844,0.050342,0.029145,-0.009498,0.188414,0.631986,0.751726,-0.531862,-0.577809,0.619078,0.825603,-0.516458,0.227263,-0.000239,0.002262,0.001824,0.003845,0.076072,-0.155656,-0.925166,0.079708,0.017615,-0.074847,-0.126363,0.1612,-0.978798,0.037293,-0.985238,-0.167075,-0.991282,-0.057614,0.118486,0.007118,-0.005439,0.004357,-0.03495,0.000391,0.012426,0.461603
105,0.129817,-0.013061,0.329711,-0.015769,0.100702,-0.994814,-0.169266,-0.980805,-0.096654,-0.985438,0.166732,0.033749,0.01476,0.009547,-0.009584,0.028558,0.481884,0.344338,0.515742,-0.139003,0.020212,0.334243,-0.0655,-0.675269,0.734652,0.479505,0.624251,0.616701,-0.874943,0.393494,0.281956,-0.000398,0.00384,0.003083,0.001763,-0.014997,0.02455,-1.402534,0.050258,0.02923,-0.009441,0.190815,0.63164,0.751411,-0.530656,-0.57761,0.620297,0.825828,-0.517103,0.224967,-0.000177,0.001694,0.001364,0.005559,-0.006885,-0.004968,-0.926472,0.07997,0.017602,-0.074841,-0.12584,0.161522,-0.978812,0.031333,-0.985516,-0.166657,-0.991555,-0.051641,0.118956,0.007175,-0.000747,-0.000623,-0.003728,0.084564,-0.14151,0.497201
106,0.130192,-0.013093,0.329642,-0.014541,0.100991,-0.994804,-0.180785,-0.978736,-0.09677,-0.983411,0.178307,0.033727,0.01411,-0.002786,-0.002489,-0.151867,0.079558,-0.132221,0.515966,-0.139077,0.020245,0.334277,-0.065498,-0.675128,0.734782,0.479506,0.62437,0.616579,-0.874943,0.393548,0.281882,-0.000212,0.002049,0.001645,-0.013889,0.106282,-0.167515,-1.402838,0.050216,0.029246,-0.009418,0.190715,0.631603,0.751467,-0.530684,-0.577674,0.620214,0.825833,-0.517076,0.22501,-0.000111,0.001055,0.00085,0.002119,-0.017025,0.023319,-0.928268,0.080163,0.017592,-0.074878,-0.127453,0.163699,-0.978242,0.019536,-0.98568,-0.167489,-0.991652,-0.040458,0.122429,0.014207,-0.002277,-0.002005,-0.497196,-0.076281,0.038926,0.502426
107,0.131066,-0.013043,0.32943,-0.01969,0.110659,-0.993686,-0.203655,-0.973443,-0.104423,-0.978834,0.20017,0.04294,0.029086,0.008068,-0.010839,0.03518,0.15254,0.421347,0.516012,-0.139195,0.020225,0.334273,-0.062929,-0.674156,0.735897,0.480771,0.62558,0.614363,-0.874441,0.393289,0.283796,2.8e-05,-0.000269,-0.000216,0.000403,-0.000654,-0.000449,-1.402726,0.050157,0.029236,-0.009419,0.187958,0.630846,0.752797,-0.532265,-0.578729,0.617872,0.825448,-0.516822,0.227001,-0.006587,-0.001032,-0.000153,-0.00991,0.021562,-0.024202,-0.929411,0.080583,0.01761,-0.074983,-0.1339,0.171283,-0.976079,-0.004755,-0.985049,-0.172205,-0.990982,-0.018417,0.132712,0.007374,0.004756,-0.004819,0.011085,0.454366,0.332993,0.506835
108,0.132058,-0.012874,0.329177,-0.028975,0.132208,-0.990821,-0.232026,-0.96501,-0.122032,-0.972256,0.22619,0.059869,0.02916,0.008636,-0.010317,-1.616914,0.289789,0.491057,0.516075,-0.139253,0.020199,0.334246,-0.062969,-0.673555,0.736444,0.480789,0.626058,0.613862,-0.874428,0.393557,0.283463,2.6e-05,-0.000256,-0.000206,0.0,-0.0,-0.0,-1.402083,0.050128,0.02922,-0.009435,0.188015,0.630223,0.753305,-0.532289,-0.579195,0.617413,0.825419,-0.51706,0.226563,1.7e-05,-0.000163,-0.00013,-0.000442,-8.5e-05,3.2e-05,-0.931534,0.081101,0.017696,-0.075115,-0.147622,0.190687,-0.970487,-0.035385,-0.981627,-0.187494,-0.98841,0.006662,0.151657,0.014581,0.004338,-0.005159,-1.63985,0.323593,0.485487,0.509611
109,0.132544,-0.012708,0.329029,-0.040952,0.148755,-0.988048,-0.237966,-0.961832,-0.134999,-0.970373,0.229403,0.076017,0.029374,0.009955,-0.009056,0.012968,0.987724,0.909864,0.516037,-0.139241,0.020185,0.334246,-0.06297,-0.673546,0.736452,0.480766,0.626076,0.613862,-0.874441,0.393545,0.283442,8.7e-05,-0.000844,-0.000677,0.0,-0.0,-0.0,-1.402062,0.050134,0.029215,-0.009434,0.188012,0.630214,0.753312,-0.532263,-0.57922,0.617413,0.825436,-0.517042,0.226539,4.9e-05,-0.000474,-0.000381,-0.000252,-0.000176,-4.9e-05,-0.93333,0.081332,0.017774,-0.075187,-0.160062,0.202358,-0.966142,-0.043289,-0.979258,-0.197934,-0.986156,0.010141,0.165502,0.014727,0.005146,-0.004373,0.018459,0.713716,0.552962,0.510264
110,0.133437,-0.012138,0.32859,-0.065624,0.194795,-0.978669,-0.267591,-0.948249,-0.170851,-0.961228,0.250423,0.115571,0.015449,0.022932,-0.015702,0.029263,1.090683,1.192009,0.513258,-0.139138,0.020157,0.3342,-0.067017,-0.672693,0.736875,0.484482,0.623578,0.613483,-0.87208,0.398944,0.283164,9e-05,-0.000874,-0.000702,0.032986,0.027462,0.012676,-1.401769,0.050186,0.029199,-0.009458,0.191901,0.62882,0.753497,-0.535593,-0.576254,0.617309,0.822382,-0.522031,0.226207,0.005985,0.005843,-0.00446,0.149668,0.068287,0.090902,-0.934473,0.08179,0.018063,-0.075409,-0.194738,0.242711,-0.950351,-0.078642,-0.969645,-0.231523,-0.977697,0.029651,0.207914,0.007762,0.011543,-0.007786,0.019265,1.225111,1.274081,0.509284
111,0.13432,-0.011336,0.328047,-0.096642,0.267107,-0.958832,-0.306796,-0.924381,-0.226643,-0.94675,0.271925,0.172474,0.015517,0.023619,-0.015041,-0.048216,1.658284,1.994161,0.501566,-0.139008,0.020158,0.334188,-0.080238,-0.672118,0.736078,0.489273,0.616711,0.616614,-0.868264,0.410446,0.278413,3e-06,-2.9e-05,-2.3e-05,-0.027722,0.045309,0.03107,-1.401423,0.050251,0.029198,-0.009465,0.205188,0.626475,0.751947,-0.539044,-0.568929,0.621087,0.816901,-0.532773,0.22096,-2e-06,1.4e-05,1.6e-05,-0.008726,0.030793,0.01871,-0.935453,0.082226,0.018456,-0.075674,-0.23599,0.302813,-0.92337,-0.126371,-0.951702,-0.279807,-0.963503,0.050655,0.262858,0.007853,0.012173,-0.007184,-0.023303,1.477343,1.65965,0.498834
112,0.135106,-0.010472,0.327477,-0.133069,0.345325,-0.929026,-0.348971,-0.893609,-0.282232,-0.927488,0.286211,0.240575,0.029635,0.021468,-0.016979,-5.353637,0.216049,3.171209,0.488204,-0.138877,0.020248,0.334195,-0.085287,-0.677123,0.730904,0.486935,0.61157,0.623546,-0.86909,0.409917,0.276611,-0.001602,0.013413,-0.006185,0.034316,-0.017145,0.048181,-1.400878,0.050317,0.029236,-0.009461,0.210648,0.630957,0.746672,-0.535752,-0.564373,0.628053,0.817677,-0.532329,0.219152,0.006564,0.001261,0.000337,0.020506,-0.02826,0.010538,-0.936269,0.082614,0.018892,-0.075956,-0.288238,0.369046,-0.883585,-0.173592,-0.927597,-0.3308,-0.941692,0.058034,0.331432,0.007708,0.011556,-0.007773,-0.431706,1.917434,1.17444,0.485117
113,0.135555,-0.010078,0.327192,-0.154283,0.386404,-0.909359,-0.365095,-0.877481,-0.310975,-0.917921,0.283538,0.277585,0.029566,0.021256,-0.017188,-0.168535,1.603637,2.014477,0.475802,-0.138842,0.020381,0.334157,-0.090427,-0.679834,0.727764,0.484659,0.608239,0.628558,-0.869836,0.410393,0.273544,0.01303,0.003405,0.001383,-0.198397,0.30961,0.252365,-1.400658,0.050329,0.029303,-0.009479,0.213763,0.633331,0.743772,-0.534016,-0.561782,0.631843,0.818004,-0.532251,0.21812,-0.000139,0.001347,0.001079,-0.237884,0.306184,0.477912,-0.934473,0.082833,0.019084,-0.076096,-0.31343,0.403162,-0.859779,-0.200373,-0.913094,-0.355117,-0.92823,0.060972,0.366973,0.014866,0.010893,-0.008358,-0.153903,1.602658,2.058455,0.47336
114,0.136418,-0.009691,0.326788,-0.190486,0.449447,-0.872787,-0.395492,-0.848804,-0.350842,-0.898279,0.277785,0.340523,0.028834,0.008015,-0.011003,-0.191887,1.438978,1.198919,0.458743,-0.138783,0.020731,0.334072,-0.115348,-0.686283,0.718123,0.489448,0.589716,0.642346,-0.864156,0.426423,0.266948,-0.000294,0.002809,0.002253,-0.228403,0.367509,0.253056,-1.401287,0.050363,0.029485,-0.009523,0.240449,0.636639,0.732716,-0.534541,-0.543238,0.647423,0.810215,-0.54734,0.209689,-0.000152,0.001476,0.001187,-0.261931,0.405022,0.271575,-0.933657,0.083271,0.019288,-0.076301,-0.359857,0.456532,-0.813683,-0.24041,-0.88803,-0.391923,-0.901501,0.054581,0.429319,0.00726,0.004489,-0.005111,-0.208976,1.632567,1.283735,0.445111
115,0.13709,-0.009654,0.326587,-0.212437,0.499173,-0.840084,-0.429344,-0.819904,-0.378674,-0.877555,0.279615,0.389539,0.014229,-0.00167,-0.001505,-4.832125,-0.843977,2.941872,0.45758,-0.138679,0.021391,0.333858,-0.152291,-0.69275,0.704909,0.493238,0.564675,0.661658,-0.856197,0.449306,0.254783,0.01131,0.017617,-0.004157,-0.222109,0.377265,0.360636,-1.401478,0.050411,0.029806,-0.00963,0.277292,0.638563,0.717876,-0.533982,-0.518724,0.667673,0.798731,-0.568473,0.197143,-0.00091,0.007762,-0.002234,-0.298314,0.41718,0.54773,-0.93284,0.083607,0.019308,-0.076408,-0.390296,0.495658,-0.775881,-0.276204,-0.866937,-0.414887,-0.878282,0.052373,0.475265,0.007104,-0.000934,-0.000855,-0.146272,0.992197,0.633811,0.433844
116,0.13739,-0.009688,0.32657,-0.22046,0.513928,-0.829048,-0.438772,-0.811303,-0.386314,-0.870879,0.277952,0.405388,0.014298,-0.001243,-0.001098,-0.119614,0.780045,0.508053,0.458778,-0.138579,0.021811,0.333698,-0.18161,-0.695428,0.695262,0.499701,0.543553,0.674376,-0.846643,0.470752,0.247891,0.009942,0.028586,-0.012284,-0.096914,0.385811,0.690169,-1.40138,0.050465,0.030025,-0.009711,0.30666,0.637638,0.706665,-0.536635,-0.497362,0.681654,0.786117,-0.588258,0.189658,0.004977,0.014277,-0.006143,-0.097125,0.392346,0.689147,-0.932514,0.083756,0.01929,-0.076417,-0.398277,0.509965,-0.762437,-0.293467,-0.85836,-0.420825,-0.869052,0.056145,0.491522,0.007156,-0.000605,-0.000539,-0.152617,1.035843,0.436457,0.433354
117,0.137964,-0.00984,0.326711,-0.233736,0.528423,-0.8162,-0.445714,-0.804229,-0.393099,-0.86385,0.271248,0.424517,0.014552,0.000356,0.000431,-0.033153,0.210496,0.164784,0.45967,-0.138264,0.022702,0.333341,-0.227679,-0.698094,0.678835,0.500779,0.513817,0.696524,-0.834731,0.49939,0.231726,0.009939,0.028253,-0.012533,0.20786,0.538104,0.581182,-1.401856,0.050618,0.030461,-0.009883,0.35201,0.634532,0.688081,-0.532243,-0.469014,0.704799,0.769938,-0.614324,0.172628,0.005637,0.008859,-0.002049,0.987032,1.270028,1.047362,-0.93186,0.084054,0.019213,-0.076348,-0.41401,0.521125,-0.746339,-0.302759,-0.852061,-0.426997,-0.858447,0.04918,0.510538,0.007284,0.000233,0.00026,-0.015333,0.11379,0.10558,0.43466
118,0.138462,-0.010106,0.326841,-0.245769,0.531498,-0.81065,-0.451775,-0.802664,-0.38936,-0.857324,0.269873,0.438395,-0.000591,-0.012929,0.006503,-0.107712,0.238667,0.045727,0.465498,-0.137808,0.02357,0.333003,-0.262468,-0.701983,0.662059,0.494961,0.490908,0.716908,-0.827918,0.516722,0.217749,0.011437,0.01569,-0.005684,-0.356917,0.376711,0.815355,-1.402234,0.050846,0.030902,-0.010053,0.384385,0.634616,0.670455,-0.524436,-0.447576,0.724321,0.759745,-0.630029,0.160774,0.00571,0.007989,-0.002724,-0.041836,0.030023,0.355966,-0.936596,0.084304,0.01909,-0.07628,-0.425135,0.520503,-0.740497,-0.308152,-0.852472,-0.422295,-0.851059,0.048653,0.52281,0.00696,-0.001806,-0.001702,-0.194205,0.451202,-0.209981,0.437273
119,0.138577,-0.010286,0.326839,-0.248503,0.532605,-0.809087,-0.452458,-0.80233,-0.389255,-0.856173,0.26868,0.44137,-0.000917,-0.015014,0.004498,-0.057504,0.236123,-0.116601,0.471767,-0.137662,0.023934,0.332806,-0.278114,-0.702312,0.655288,0.495521,0.479392,0.724276,-0.822438,0.527004,0.213835,-0.002945,0.023787,-0.014724,-0.217461,0.22275,0.693301,-1.402395,0.050924,0.031083,-0.010147,0.400168,0.632941,0.66276,-0.522802,-0.436304,0.732336,0.75269,-0.63955,0.156308,0.005813,0.007011,-0.003501,-0.243363,0.337771,0.535868,-0.941331,0.084362,0.018997,-0.076278,-0.42812,0.521043,-0.738394,-0.308981,-0.852213,-0.422211,-0.84926,0.047393,0.525842,-0.000494,-0.007735,0.002023,-0.052523,0.215435,-0.128619,0.443968
120,0.138624,-0.010758,0.326826,-0.25365,0.529061,-0.809815,-0.453304,-0.80453,-0.38369,-0.854208,0.269106,0.444902,-0.000823,-0.005236,-0.005045,-4e-06,2.6e-05,1.5e-05,0.474478,-0.137387,0.024544,0.33246,-0.306887,-0.700455,0.644341,0.497732,0.458804,0.735999,-0.810755,0.547439,0.207002,0.011693,0.013091,-0.007747,-0.172769,0.182588,0.438202,-1.40216,0.05106,0.031395,-0.010326,0.428741,0.627639,0.649807,-0.52102,-0.415823,0.745405,0.73805,-0.658149,0.148732,0.005865,0.006454,-0.003938,-0.214584,0.212168,0.464487,-0.950639,0.084385,0.018759,-0.076286,-0.432302,0.516379,-0.739234,-0.308698,-0.855011,-0.416726,-0.847242,0.048049,0.529028,-0.000647,-0.008718,0.001075,-0.034833,0.027205,-0.043966,0.453276
121,0.138493,-0.011484,0.32705,-0.256593,0.527254,-0.810067,-0.454084,-0.805575,-0.380562,-0.852911,0.269528,0.44713,-0.001194,-0.025964,0.012905,-0.070715,0.029585,-0.034791,0.465809,-0.137188,0.025023,0.332109,-0.325086,-0.701047,0.6347,0.495912,0.444967,0.745661,-0.804735,0.558021,0.202182,-0.001298,0.010229,-0.008674,-0.030485,-0.005653,0.264782,-1.40247,0.051161,0.031631,-0.010498,0.447014,0.625837,0.639144,-0.516433,-0.402849,0.755651,0.730393,-0.667862,0.143124,0.005945,0.005686,-0.004552,-0.025885,0.080759,0.11428,-0.956354,0.084319,0.0184,-0.076184,-0.434781,0.514,-0.739437,-0.308886,-0.856415,-0.413692,-0.845904,0.048537,0.531121,-0.000501,-0.007759,0.002001,-0.035607,0.02966,-0.042569,0.448377
122,0.138187,-0.012322,0.327407,-0.256531,0.530756,-0.807796,-0.454313,-0.803839,-0.383946,-0.852808,0.267833,0.448344,-0.001484,-0.027733,0.011199,0.384355,-0.089084,0.64535,0.467432,-0.137014,0.025477,0.331804,-0.334966,-0.702967,0.627397,0.489172,0.439222,0.753477,-0.804795,0.560159,0.195933,-0.001368,0.010834,-0.008183,-0.15948,0.257485,0.209921,-1.402401,0.051247,0.03186,-0.010655,0.45579,0.627121,0.631643,-0.509309,-0.398234,0.762897,0.729971,-0.669423,0.137888,-0.000674,0.005388,-0.004116,-0.225519,0.304491,0.25212,-0.966151,0.084167,0.017985,-0.076002,-0.435519,0.516588,-0.737196,-0.309814,-0.854931,-0.41606,-0.845185,0.047191,0.532385,-0.007731,-0.007593,0.002091,1.525159,-0.715677,2.119221,0.445111
123,0.138005,-0.01276,0.327511,-0.255649,0.531624,-0.807505,-0.454016,-0.803387,-0.385241,-0.853231,0.267467,0.447755,-0.016053,-0.02768,0.011152,-0.072027,0.046606,-0.062986,0.467044,-0.136905,0.025638,0.331692,-0.337611,-0.70487,0.623833,0.487356,0.435969,0.756537,-0.804788,0.560311,0.195525,0.011691,0.012852,-0.007923,-0.001168,0.03001,0.086997,-1.402419,0.051298,0.031935,-0.010709,0.459381,0.628463,0.627696,-0.506194,-0.395462,0.766405,0.729887,-0.669808,0.136456,-0.000706,0.005649,-0.003909,0.025874,0.025575,0.035475,-0.966968,0.084081,0.017767,-0.075949,-0.434613,0.518405,-0.736455,-0.309736,-0.853879,-0.418274,-0.845679,0.04632,0.531675,-0.000818,-0.009708,0.000116,-0.037767,0.017688,-0.05448,0.445274
124,0.137719,-0.013585,0.327551,-0.255618,0.53587,-0.804704,-0.448334,-0.80309,-0.392446,-0.856239,0.259788,0.446534,-0.00175,-0.020102,-0.00047,-0.036067,0.029769,-0.042017,0.45862,-0.13652,0.025749,0.331626,-0.340079,-0.704858,0.622505,0.485611,0.435112,0.758151,-0.804801,0.560993,0.193506,0.013152,0.001202,-0.000397,0.001705,-0.014746,0.029575,-1.402296,0.05149,0.031995,-0.010745,0.461469,0.628241,0.626385,-0.504624,-0.394829,0.767765,0.729657,-0.670389,0.134824,0.007302,-0.005123,0.003641,-0.028213,-0.015123,0.003956,-0.956681,0.083932,0.017343,-0.075925,-0.435224,0.522248,-0.733373,-0.304901,-0.851932,-0.42573,-0.847121,0.038318,0.530015,-0.000888,-0.010127,-0.000303,-0.038019,0.023194,-0.050011,0.440866
125,0.137561,-0.014302,0.327426,-0.259342,0.53715,-0.802657,-0.444035,-0.804302,-0.394847,-0.857354,0.253334,0.4481,-0.001902,-0.02101,-0.001389,-0.036995,0.036674,-0.03796,0.456368,-0.136053,0.025691,0.331709,-0.342528,-0.704357,0.621729,0.483548,0.43508,0.759487,-0.805001,0.561648,0.190756,0.014552,-0.009756,0.00768,-0.034646,-0.006446,0.010261,-1.402568,0.051723,0.03197,-0.010706,0.463711,0.627504,0.625468,-0.502523,-0.395136,0.768984,0.729686,-0.670899,0.132106,0.006555,0.0008,-4.9e-05,-0.008269,0.087402,-0.140924,-0.953088,0.083853,0.016992,-0.075988,-0.439031,0.522632,-0.730825,-0.300732,-0.851971,-0.428607,-0.846647,0.031611,0.531214,-0.008052,-0.00463,-0.004568,0.00023,0.013717,-0.064419,0.434497
126,0.137505,-0.014599,0.327307,-0.260128,0.536635,-0.802747,-0.444115,-0.804645,-0.394056,-0.857073,0.253334,0.448636,-0.001945,-0.021263,-0.001655,-0.036025,0.029355,-0.042261,0.456558,-0.135815,0.025625,0.331771,-0.342551,-0.704416,0.62165,0.483284,0.435173,0.759602,-0.80515,0.561502,0.190557,0.014432,-0.008672,0.008546,-0.034443,-0.006741,0.010053,-1.402125,0.051837,0.031933,-0.010678,0.463665,0.627562,0.625443,-0.502316,-0.395307,0.769032,0.729857,-0.670744,0.131944,7e-06,-5.8e-05,-5.3e-05,-0.000588,-0.002288,-0.000845,-0.952925,0.083825,0.016843,-0.076048,-0.43957,0.52186,-0.731053,-0.300593,-0.85244,-0.42777,-0.846416,0.031715,0.531575,-0.00085,-0.005302,-0.005183,-0.000869,0.024917,-0.052248,0.433517
127,0.137404,-0.014976,0.326837,-0.261263,0.536868,-0.802222,-0.436929,-0.806787,-0.397693,-0.860413,0.245939,0.446354,-0.001721,-0.001492,-0.020656,0.034072,0.014325,-0.032327,0.466394,-0.135272,0.025519,0.331884,-0.342598,-0.704864,0.621115,0.482677,0.435006,0.760083,-0.805494,0.561068,0.190383,0.013112,0.001616,-7.7e-05,0.002045,-0.015205,0.029245,-1.402401,0.052114,0.031879,-0.010616,0.463698,0.628077,0.624902,-0.50162,-0.395276,0.769502,0.730316,-0.67028,0.131768,0.007281,-0.004866,0.003837,-0.035372,-0.007964,0.009815,-0.953088,0.083776,0.016655,-0.076268,-0.440642,0.521801,-0.73045,-0.293499,-0.852729,-0.4321,-0.848346,0.023985,0.528896,-0.008226,-0.005626,-0.005583,-0.004622,0.04462,-0.081365,0.437436
128,0.137245,-0.015143,0.326095,-0.268676,0.532828,-0.802467,-0.426122,-0.812833,-0.397106,-0.863533,0.234588,0.446437,-0.001888,-0.002477,-0.021689,0.034076,0.01435,-0.032312,0.477755,-0.134667,0.025393,0.332025,-0.342489,-0.702455,0.623899,0.482595,0.438095,0.758359,-0.805589,0.561684,0.18815,0.013108,0.001678,-3.2e-05,0.00031,-0.01233,0.023433,-1.402374,0.052416,0.031817,-0.010545,0.463349,0.625579,0.627659,-0.502033,-0.398354,0.767643,0.730252,-0.670793,0.129485,0.007284,-0.004832,0.003864,-0.039324,-0.000157,-0.004458,-0.950149,0.083695,0.016565,-0.076653,-0.447092,0.516219,-0.730497,-0.281607,-0.856369,-0.432814,-0.849002,0.012205,0.528247,-0.000937,-0.001278,-0.010879,0.033235,0.0144,-0.032469,0.450336
129,0.137203,-0.015041,0.325287,-0.272971,0.530204,-0.802755,-0.419516,-0.816471,-0.396676,-0.865413,0.227824,0.4463,-0.00109,0.00246,-0.016846,0.034719,-0.000195,-0.00744,0.476069,-0.134029,0.025174,0.332153,-0.341873,-0.697518,0.629749,0.482534,0.444613,0.754595,-0.805888,0.562709,0.183758,0.028028,-0.010663,0.005566,-0.034621,-0.006193,0.014583,-1.402389,0.052729,0.031716,-0.01048,0.462319,0.620556,0.63338,-0.503037,-0.404681,0.763666,0.730215,-0.671671,0.12507,0.006657,1.3e-05,-0.000692,0.018211,-0.126803,0.202469,-0.951619,0.083673,0.016607,-0.077059,-0.450753,0.512755,-0.730686,-0.274401,-0.858518,-0.433185,-0.849426,0.005242,0.527681,-0.000359,0.006881,-0.012457,0.065209,0.085576,-0.161307,0.456868
130,0.137203,-0.014868,0.324937,-0.273709,0.529556,-0.802932,-0.418472,-0.817162,-0.396356,-0.865684,0.226854,0.446268,-0.000543,0.005832,-0.013505,0.035353,-0.014808,0.017392,0.469769,-0.13369,0.025023,0.332201,-0.341441,-0.694349,0.633474,0.482518,0.448764,0.752145,-0.806081,0.563329,0.180988,0.013487,-0.001323,-0.002443,-0.062173,0.090974,-0.186179,-1.402525,0.052904,0.031636,-0.010454,0.461658,0.617494,0.636846,-0.503622,-0.40855,0.761217,0.73023,-0.672151,0.122373,0.007517,-0.006652,0.002406,-0.27549,0.395191,-0.806336,-0.951945,0.083672,0.016688,-0.077238,-0.451364,0.511964,-0.730864,-0.273211,-0.858996,-0.432991,-0.849485,0.004244,0.527594,-0.000145,0.008209,-0.011143,0.065403,0.085695,-0.161166,0.454908
131,0.137321,-0.014334,0.324441,-0.27424,0.528973,-0.803134,-0.416664,-0.817992,-0.39655,-0.866387,0.225224,0.445729,0.015351,0.022579,-0.016029,0.072311,-0.059053,0.089104,0.44569,-0.133221,0.024643,0.332232,-0.338613,-0.691718,0.637854,0.48392,0.453217,0.748564,-0.806437,0.562994,0.180444,0.015206,-0.014424,0.003925,-0.032087,-0.010144,0.007664,-1.402166,0.053138,0.03145,-0.010441,0.45853,0.615023,0.641478,-0.505974,-0.412738,0.757388,0.730574,-0.671857,0.121933,0.000359,-0.002899,-0.002335,-0.013761,0.021379,-0.01151,-0.952762,0.083724,0.016946,-0.077489,-0.451815,0.511253,-0.731082,-0.271305,-0.859425,-0.433336,-0.849856,0.002558,0.527007,0.000259,0.006124,-0.003565,0.030805,0.086253,-0.15362,0.43564
132,0.137672,-0.013757,0.32422,-0.273883,0.529128,-0.803155,-0.415479,-0.818178,-0.39741,-0.86707,0.224186,0.444925,0.015365,0.004435,0.004524,0.001609,-0.029414,0.054334,0.419548,-0.132872,0.024261,0.332184,-0.335783,-0.688829,0.642461,0.485548,0.457753,0.744741,-0.806646,0.562863,0.179921,0.013896,-0.004349,-0.004893,0.007262,-0.009404,-0.001879,-1.402175,0.053312,0.031261,-0.010463,0.455475,0.61242,0.646129,-0.508433,-0.416829,0.753491,0.730778,-0.67171,0.121519,0.006881,-0.001635,-0.002019,-0.009628,-0.013549,0.039711,-0.956028,0.0839,0.017238,-0.077602,-0.451498,0.511481,-0.731119,-0.270174,-0.859292,-0.434305,-0.850385,0.001441,0.526158,0.0078,0.007508,-0.00213,0.031877,0.071784,-0.123993,0.403145
133,0.137893,-0.01348,0.324222,-0.273951,0.529055,-0.803179,-0.415019,-0.818341,-0.397552,-0.867267,0.223762,0.444752,0.001577,0.019045,-0.000393,0.031666,0.071982,-0.128828,0.408023,-0.132765,0.024126,0.332142,-0.335334,-0.685227,0.646535,0.48587,0.462044,0.741876,-0.806639,0.563749,0.177154,0.013873,-0.00411,-0.004706,8.8e-05,0.000247,0.004998,-1.402347,0.053367,0.031187,-0.010484,0.454875,0.608685,0.650069,-0.509267,-0.421035,0.750583,0.730571,-0.672481,0.118465,0.001068,-0.008231,0.00183,-0.02654,-0.083488,0.132548,-0.957007,0.084016,0.017377,-0.077601,-0.451421,0.511543,-0.731123,-0.269781,-0.859256,-0.434621,-0.85055,0.001046,0.525891,0.008055,0.009165,-0.000497,0.036856,-0.04432,0.071796,0.38551
134,0.138393,-0.012819,0.324445,-0.274385,0.52872,-0.803252,-0.41421,-0.818772,-0.397511,-0.867517,0.222981,0.444659,0.016706,0.01319,0.013114,0.002232,-0.044178,0.079077,0.400377,-0.132617,0.023909,0.332006,-0.332512,-0.682131,0.651248,0.487941,0.466373,0.737797,-0.806561,0.563934,0.176921,0.000712,-0.00568,-0.004579,-0.001956,0.015449,-0.024248,-1.401931,0.053446,0.031076,-0.010554,0.451885,0.605859,0.654777,-0.512068,-0.424857,0.746512,0.730469,-0.672629,0.118255,0.000358,-0.002842,-0.002295,-0.005635,0.018295,-0.019858,-0.96011,0.08426,0.017708,-0.077496,-0.451894,0.510996,-0.731213,-0.268814,-0.859582,-0.434576,-0.850605,0.000178,0.525803,0.001304,0.012833,0.003044,0.032213,0.05733,-0.10391,0.363792
135,0.13884,-0.011855,0.324963,-0.278757,0.528243,-0.802059,-0.414836,-0.819402,-0.395554,-0.865817,0.221797,0.448546,0.018227,0.032496,0.012774,0.020493,0.03893,-0.064191,0.397847,-0.132577,0.02375,0.331862,-0.331855,-0.676023,0.657918,0.488826,0.473132,0.732891,-0.806296,0.565651,0.172594,0.013761,-0.003069,-0.003886,-0.207974,0.357184,-0.713364,-1.40203,0.053461,0.030997,-0.010625,0.450869,0.600213,0.660651,-0.513869,-0.430645,0.741945,0.729831,-0.674009,0.114266,0.000222,-0.00205,-0.001614,-0.691074,1.186557,-2.394662,-0.962069,0.08449,0.018192,-0.077235,-0.456031,0.5096,-0.729618,-0.269217,-0.86041,-0.432683,-0.848267,-0.000891,0.529567,0.009175,0.016666,0.00679,0.026518,0.02086,-0.070466,0.355628
136,0.139094,-0.010563,0.325764,-0.284086,0.523703,-0.803166,-0.416801,-0.821784,-0.388483,-0.863132,0.223741,0.452737,0.004875,0.040482,0.020197,0.029632,0.030473,-0.05927,0.398397,-0.132562,0.023629,0.331752,-0.329029,-0.672328,0.663104,0.491158,0.477776,0.728305,-0.806041,0.566147,0.172159,0.000357,-0.002851,-0.002305,0.221457,-0.298226,-0.21244,-1.401639,0.053474,0.030934,-0.010683,0.44921,0.595605,0.66593,-0.516055,-0.435474,0.737596,0.729311,-0.674993,0.111746,0.000201,-0.001584,-0.001282,0.424362,-0.475306,-0.387545,-0.963702,0.084616,0.018824,-0.076842,-0.460261,0.50404,-0.730823,-0.269971,-0.863679,-0.425645,-0.845739,0.001393,0.533594,0.002293,0.014754,0.014291,-0.00463,-0.039771,0.064352,0.353505
137,0.139179,-0.009831,0.326242,-0.286947,0.52119,-0.803784,-0.418407,-0.822933,-0.384303,-0.861404,0.22538,0.455207,0.004861,0.031246,0.030078,-0.001444,-0.056689,0.094059,0.400634,-0.132585,0.023576,0.331725,-0.328792,-0.670327,0.665244,0.491406,0.479976,0.72669,-0.805987,0.566657,0.17073,0.000258,-0.002058,-0.001665,0.003237,-0.00436,-0.003106,-1.401561,0.053462,0.030907,-0.010697,0.447129,0.594136,0.668638,-0.517988,-0.437432,0.735079,0.729221,-0.675021,0.112167,-0.005689,-0.007696,0.002961,-0.050307,0.030116,-0.035373,-0.966478,0.084659,0.019196,-0.076603,-0.462668,0.50091,-0.731454,-0.270837,-0.865493,-0.421389,-0.844147,0.003142,0.536101,0.002586,0.021305,0.011041,0.031512,-0.05474,0.082685,0.354322
138,0.139355,-0.008342,0.327383,-0.292733,0.513008,-0.806954,-0.422053,-0.82653,-0.372413,-0.857665,0.230916,0.459473,0.005334,0.034473,0.032748,-1.602605,0.93462,-1.917005,0.403243,-0.132614,0.023489,0.331659,-0.326178,-0.66847,0.668392,0.493484,0.482532,0.723582,-0.805783,0.566677,0.171624,0.000153,-0.001223,-0.00099,-0.202005,0.357019,-0.720067,-1.40126,0.053448,0.030863,-0.01073,0.444574,0.593158,0.671205,-0.520312,-0.438943,0.732533,0.729129,-0.674901,0.113485,5.2e-05,-0.000717,-0.000536,-0.690795,1.206022,-2.3874,-0.966968,0.084747,0.019944,-0.076029,-0.465196,0.493655,-0.734776,-0.271977,-0.869619,-0.412056,-0.842389,0.008155,0.538806,0.002692,0.017494,0.016625,0.002435,0.053384,-0.057612,0.356771
139,0.139543,-0.006999,0.328705,-0.296849,0.508994,-0.807992,-0.429082,-0.826942,-0.363356,-0.852746,0.238195,0.464882,0.005405,0.035139,0.032926,-0.122358,-0.011302,-0.002371,0.422603,-0.132629,0.023444,0.331637,-0.325947,-0.666274,0.670694,0.493783,0.484867,0.721815,-0.805694,0.567268,0.170086,0.001602,-0.012218,0.007082,-0.240478,0.367878,-0.737505,-1.40101,0.05344,0.030846,-0.010743,0.444295,0.590902,0.673377,-0.52088,-0.441153,0.730798,0.728893,-0.675439,0.111787,3.4e-05,-0.000575,-0.000422,-0.678737,1.197519,-2.395314,-0.97056,0.084842,0.020619,-0.075364,-0.470078,0.487276,-0.735926,-0.278376,-0.873088,-0.400279,-0.837575,0.016701,0.546065,0.002713,0.017749,0.016638,-0.407485,-0.1395,0.163043,0.370651
140,0.139661,-0.006324,0.329392,-0.29939,0.504021,-0.810169,-0.428635,-0.829601,-0.357778,-0.852079,0.23952,0.465423,0.005594,0.036494,0.033955,-8.1e-05,0.028776,-0.080242,0.431709,-0.132597,0.023434,0.331626,-0.32596,-0.666081,0.670878,0.493839,0.485025,0.721671,-0.805654,0.567358,0.16997,9e-05,-0.000718,-0.000582,0.0,-0.0,-0.0,-1.401259,0.053456,0.030837,-0.010745,0.444171,0.59008,0.674178,-0.521133,-0.441933,0.730146,0.728787,-0.675647,0.111216,5.4e-05,-0.000416,-0.000338,-0.013855,0.107376,-0.165108,-0.97252,0.084901,0.020955,-0.075022,-0.471452,0.481965,-0.73854,-0.276908,-0.875998,-0.394903,-0.83729,0.01833,0.546451,0.002675,0.012964,0.021358,-0.034624,0.053683,-0.054557,0.382571
141,0.139879,-0.005019,0.330723,-0.306554,0.492498,-0.814564,-0.427088,-0.835899,-0.344732,-0.850298,0.241594,0.467602,0.019402,0.033646,0.030901,0.016227,-0.060564,-0.327492,0.445797,-0.132513,0.023407,0.331621,-0.323117,-0.66254,0.675743,0.496009,0.48942,0.717201,-0.80547,0.567727,0.169612,2e-06,-1.5e-05,-1.2e-05,0.115371,-0.155816,-0.110938,-1.401323,0.053498,0.030823,-0.010749,0.441578,0.586581,0.678918,-0.52382,-0.445794,0.725864,0.728436,-0.676157,0.11041,-5e-06,3.5e-05,2.6e-05,0.186216,-0.228524,-0.166432,-0.977419,0.085005,0.021613,-0.074352,-0.476796,0.469952,-0.742839,-0.273195,-0.882456,-0.382928,-0.835481,0.020361,0.54914,0.002631,0.017405,0.015979,0.032651,-0.244696,-0.238108,0.403472
142,0.140291,-0.003921,0.332027,-0.313232,0.478314,-0.820455,-0.424748,-0.843208,-0.329484,-0.849028,0.244681,0.468303,0.018468,0.018986,0.035526,-0.016078,-0.097064,-0.375438,0.460799,-0.132431,0.023316,0.331679,-0.323104,-0.662528,0.675761,0.495782,0.489601,0.717234,-0.805615,0.567583,0.169403,4e-06,-3.2e-05,-2.6e-05,-0.014346,0.107698,-0.16657,-1.401231,0.053539,0.030782,-0.010722,0.44108,0.586894,0.678972,-0.523861,-0.445917,0.725759,0.728709,-0.675806,0.110766,-1e-06,-3e-06,-4e-06,-0.001862,0.001853,0.001506,-0.98542,0.085211,0.02216,-0.073708,-0.480779,0.455388,-0.749314,-0.268106,-0.88998,-0.368853,-0.834847,0.023559,0.549976,0.009206,0.009413,0.017696,0.000894,-0.274827,-0.478221,0.424537
143,0.140722,-0.003041,0.333121,-0.317092,0.466395,-0.825817,-0.420573,-0.849546,-0.318372,-0.849669,0.245777,0.466565,0.003767,0.016067,0.032618,-0.030824,0.046618,-0.361101,0.462224,-0.132291,0.02317,0.33179,-0.320694,-0.662663,0.676774,0.497182,0.490267,0.715808,-0.805718,0.566848,0.171363,0.0,-0.0,-0.0,0.135626,-0.183477,-0.130394,-1.40118,0.053609,0.030705,-0.010663,0.439245,0.587002,0.680067,-0.525156,-0.446415,0.724516,0.728885,-0.675382,0.112181,-1e-06,8e-06,6e-06,0.18565,-0.228044,-0.167701,-0.985583,0.085435,0.02262,-0.073136,-0.482165,0.442453,-0.756142,-0.261183,-0.896446,-0.358004,-0.836241,0.024875,0.547796,0.001838,0.007842,0.016131,-0.033368,0.086224,-0.338452,0.432048
144,0.140917,-0.002654,0.333617,-0.318162,0.459495,-0.829266,-0.418188,-0.852986,-0.312257,-0.850444,0.246864,0.464575,0.00357,0.02405,0.021459,0.012157,-0.062967,-0.433912,0.466845,-0.132228,0.023075,0.331861,-0.320678,-0.662515,0.676927,0.496976,0.490581,0.715737,-0.805851,0.56675,0.17106,0.001493,-0.011302,0.007828,-0.034479,0.005427,-0.021297,-1.401235,0.05364,0.030662,-0.010631,0.438608,0.587082,0.68041,-0.52541,-0.446725,0.724141,0.729086,-0.675108,0.112521,-1e-06,4e-06,2e-06,-0.011797,0.008949,0.008049,-0.98591,0.085531,0.022807,-0.072894,-0.482377,0.436309,-0.75957,-0.257923,-0.899429,-0.352849,-0.837131,0.025704,0.546398,0.008819,0.011826,0.010537,0.019719,-0.180618,-0.431278,0.435314
145,0.141073,-0.001904,0.334324,-0.320972,0.448062,-0.834423,-0.413921,-0.858752,-0.301969,-0.851471,0.247899,0.462136,0.002413,0.016324,0.014455,0.003892,-0.02503,-0.179484,0.488084,-0.132088,0.022927,0.331983,-0.318019,-0.66098,0.679677,0.498501,0.493093,0.712944,-0.805966,0.56636,0.171808,-9e-05,0.00071,0.000575,0.305564,-0.413824,-0.293541,-1.401086,0.053711,0.030583,-0.010568,0.438307,0.585024,0.682372,-0.525486,-0.449133,0.722594,0.729211,-0.675296,0.110564,-6.4e-05,0.000479,0.000386,0.014356,-0.107296,0.167374,-0.986563,0.08561,0.023189,-0.072534,-0.482803,0.424399,-0.766019,-0.251305,-0.905075,-0.34305,-0.838895,0.026879,0.543627,0.001112,0.007607,0.006732,-0.001359,0.105514,-0.334285,0.455399
146,0.141074,-0.001712,0.334548,-0.315942,0.436384,-0.842493,-0.408694,-0.86391,-0.294276,-0.855869,0.2508,0.452342,-0.000468,-0.012351,0.007159,1.471011,-1.42164,1.801286,0.49622,-0.132011,0.022877,0.332075,-0.318,-0.661169,0.679502,0.498216,0.493108,0.713133,-0.80615,0.566126,0.171718,-0.000129,0.001017,0.000823,5.6e-05,-7.5e-05,-5.3e-05,-1.401148,0.053744,0.030557,-0.010522,0.435989,0.585956,0.683057,-0.526984,-0.449031,0.721566,0.729521,-0.674556,0.113017,-9.8e-05,0.00077,0.000622,-0.002959,0.002864,0.002313,-0.987543,0.085613,0.02331,-0.072407,-0.478244,0.413028,-0.775041,-0.244919,-0.910219,-0.333937,-0.843384,0.030119,0.536466,-0.000115,-0.000743,-0.000659,0.022437,-0.33095,-0.428396,0.47581
147,0.14098,-0.002265,0.334466,-0.297639,0.422335,-0.856206,-0.401444,-0.869021,-0.289166,-0.865822,0.257121,0.429264,-0.002126,-0.023544,-0.002761,-0.008628,-0.404939,-0.334731,0.504717,-0.131867,0.022929,0.332164,-0.3141,-0.662988,0.679543,0.495189,0.496158,0.713127,-0.809541,0.561308,0.171582,-0.000216,0.0017,0.001375,-0.014353,0.107432,-0.166741,-1.401237,0.053821,0.030584,-0.010477,0.432416,0.588402,0.683226,-0.524312,-0.452371,0.721426,0.733561,-0.67018,0.112894,-0.000135,0.00105,0.000851,0.000237,0.000288,0.000159,-0.98444,0.085566,0.023033,-0.072448,-0.456695,0.405893,-0.791631,-0.235827,-0.913251,-0.332202,-0.857796,0.034973,0.512797,-0.001101,-0.012027,-0.001606,-0.008584,-0.484689,-0.357083,0.485444
148,0.140916,-0.002782,0.33432,-0.280289,0.413584,-0.866274,-0.396038,-0.871831,-0.288158,-0.87408,0.26179,0.409238,-0.003093,-0.030042,-0.008572,0.030776,-1.044075,-0.515038,0.512704,-0.131813,0.022982,0.332214,-0.314107,-0.663099,0.679432,0.495132,0.496076,0.713223,-0.809572,0.56125,0.171622,-0.000418,0.003281,0.002654,0.00208,-0.015566,0.024161,-1.401118,0.053849,0.030607,-0.010455,0.43243,0.588386,0.683232,-0.524296,-0.45239,0.721426,0.733564,-0.670182,0.112862,-0.00018,0.001409,0.00114,0.000214,0.000225,7.5e-05,-0.981664,0.085535,0.022778,-0.072518,-0.440563,0.403018,-0.802171,-0.230535,-0.914388,-0.332785,-0.867615,0.038316,0.495756,-0.00155,-0.015055,-0.004313,-0.007153,-0.489382,-0.391251,0.493282
149,0.140714,-0.004225,0.33389,-0.257206,0.390735,-0.883864,-0.367777,-0.885334,-0.28442,-0.893335,0.251419,0.372516,-0.004328,-0.038225,-0.016061,0.017798,-0.782962,-0.393116,0.520083,-0.131757,0.023094,0.332297,-0.314555,-0.667437,0.674963,0.494558,0.491566,0.716735,-0.809749,0.560079,0.174588,-0.00024,0.001883,0.001521,0.059386,-0.108715,0.215552,-1.401085,0.053876,0.030668,-0.010409,0.433236,0.592675,0.679,-0.522992,-0.448245,0.724951,0.73402,-0.669187,0.115769,-0.000146,0.001108,0.000898,0.222129,-0.397657,0.794916,-0.977092,0.085433,0.022054,-0.072735,-0.413795,0.38597,-0.824499,-0.199283,-0.922113,-0.33165,-0.88829,0.027074,0.458483,-0.002129,-0.018932,-0.00786,0.031017,-1.109652,-0.333521,0.512224
150,0.140203,-0.005801,0.33321,-0.233457,0.384465,-0.893157,-0.353345,-0.889237,-0.290478,-0.905622,0.247295,0.344558,-0.018701,-0.038616,-0.016695,-0.006978,-0.409652,0.056953,0.506096,-0.131808,0.023172,0.332351,-0.317377,-0.671278,0.669813,0.492313,0.486924,0.721434,-0.810012,0.559548,0.175074,-0.000265,0.002079,0.001679,-0.037024,0.050005,0.035449,-1.401278,0.053851,0.030706,-0.010383,0.436483,0.596435,0.673606,-0.519668,-0.444047,0.729909,0.734457,-0.668645,0.116129,-0.000149,0.001174,0.000949,-0.027023,0.033408,0.051817,-0.973173,0.085181,0.021254,-0.073086,-0.38986,0.385155,-0.836459,-0.184739,-0.922578,-0.338705,-0.902153,0.022479,0.430829,-0.009416,-0.019825,-0.008802,-0.010582,-0.429904,0.038799,0.507161
151,0.139812,-0.006488,0.332889,-0.229702,0.388287,-0.892477,-0.348919,-0.888842,-0.296963,-0.908299,0.242701,0.34076,-0.018569,-0.037297,-0.01563,-0.02902,-0.13334,0.218413,0.495546,-0.131831,0.023198,0.332362,-0.319977,-0.67314,0.6667,0.49029,0.484365,0.724527,-0.810212,0.559535,0.174185,-8e-05,0.000631,0.000509,-0.071523,0.096491,0.068415,-1.401647,0.053839,0.030722,-0.010375,0.439018,0.598093,0.670482,-0.517276,-0.441909,0.732899,0.734634,-0.668581,0.115373,-3.8e-05,0.000313,0.000253,-0.08563,0.117212,0.079512,-0.974316,0.084985,0.020905,-0.073252,-0.38701,0.389663,-0.835694,-0.181149,-0.920787,-0.34545,-0.904106,0.017692,0.42694,-0.01636,-0.01828,-0.00747,-0.035033,-0.172417,0.380657,0.497691
152,0.138836,-0.007672,0.332371,-0.219296,0.397237,-0.891155,-0.350041,-0.884559,-0.308218,-0.910448,0.24385,0.334138,-0.031367,-0.017291,-0.015986,0.001163,-0.042095,0.062661,0.486131,-0.132018,0.023324,0.332291,-0.325825,-0.682391,0.654348,0.485852,0.472751,0.735111,-0.810548,0.558272,0.17666,-0.001614,0.012221,-0.007089,-0.046705,0.103274,0.106315,-1.401612,0.053745,0.030782,-0.010413,0.445558,0.606992,0.658055,-0.510774,-0.43132,0.743687,0.735245,-0.667474,0.117857,-0.000807,0.006124,-0.003533,-0.0472,0.107661,0.092557,-0.97154,0.084488,0.020287,-0.073528,-0.378857,0.400889,-0.834118,-0.184414,-0.915933,-0.35645,-0.906894,0.018779,0.420938,-0.01563,-0.008355,-0.007711,-0.000635,-0.040254,0.061055,0.47679
153,0.137626,-0.008336,0.332215,-0.219223,0.400763,-0.889593,-0.350664,-0.883158,-0.311509,-0.910226,0.243154,0.335248,-0.030092,-0.017546,0.002213,-0.040935,0.090923,-0.082454,0.486629,-0.132266,0.02353,0.332252,-0.333929,-0.692468,0.639508,0.479217,0.45938,0.747833,-0.811188,0.557037,0.177613,-0.001928,0.014745,-0.005052,0.018105,-0.084741,0.243265,-1.401845,0.053622,0.030882,-0.010435,0.454648,0.616269,0.643044,-0.501531,-0.4195,0.756627,0.736044,-0.666506,0.118353,-0.000969,0.007426,-0.00248,0.060681,-0.115713,0.206015,-0.965498,0.083883,0.01995,-0.073611,-0.379625,0.4044,-0.832072,-0.18573,-0.914405,-0.359677,-0.906305,0.017998,0.42224,-0.014968,-0.008294,0.001567,-0.037965,0.061725,-0.101392,0.472381
154,0.137011,-0.00845,0.332204,-0.22234,0.405056,-0.886871,-0.350883,-0.881879,-0.314869,-0.909382,0.240671,0.339308,-0.029065,-0.001874,-0.001864,-0.010538,0.126903,-0.00113,0.487238,-0.132384,0.023667,0.332271,-0.336423,-0.69539,0.635015,0.476905,0.455516,0.751665,-0.811517,0.556574,0.177566,-0.000609,0.00484,0.0039,-0.008621,-0.001356,0.034274,-1.40222,0.053563,0.030947,-0.010428,0.457229,0.61896,0.638614,-0.498693,-0.416119,0.760361,0.736373,-0.666132,0.118409,-0.001022,0.00784,-0.002149,0.072347,-0.124839,0.17104,-0.959457,0.083575,0.019892,-0.073616,-0.38345,0.407883,-0.828611,-0.186588,-0.912904,-0.36303,-0.904516,0.015405,0.426159,-0.014461,-0.000489,-0.000499,-0.008304,0.081525,-0.035419,0.472544
155,0.135988,-0.00856,0.33235,-0.233347,0.412812,-0.880443,-0.353547,-0.879436,-0.318699,-0.905572,0.236391,0.352257,-0.01452,-0.009787,0.009426,-0.059015,0.290127,0.106174,0.492027,-0.13262,0.023941,0.332412,-0.341207,-0.698373,0.629162,0.47264,0.450969,0.757082,-0.812008,0.556547,0.175389,-0.000901,0.007192,0.005782,-0.00676,-0.092617,0.212559,-1.402281,0.053446,0.031083,-0.010358,0.462021,0.621403,0.632766,-0.49371,-0.412491,0.765572,0.736739,-0.666114,0.116213,-0.000445,0.003533,0.002845,0.001817,9.2e-05,0.030349,-0.94476,0.08307,0.019848,-0.073541,-0.394791,0.412341,-0.821044,-0.189898,-0.910958,-0.366186,-0.898931,0.011348,0.437941,-0.014142,0.001538,0.001362,-0.031219,0.35847,0.134554,0.47581
156,0.135424,-0.008676,0.332588,-0.237998,0.415707,-0.877833,-0.354982,-0.878452,-0.319817,-0.903794,0.234975,0.35773,-8.8e-05,-0.009508,0.009764,-0.036385,0.027367,-0.010043,0.494709,-0.132749,0.024171,0.332683,-0.346467,-0.703322,0.620718,0.468107,0.443667,0.764179,-0.812399,0.556191,0.174709,-0.001029,0.008231,0.006599,-0.043639,0.044719,0.067111,-1.402261,0.053382,0.031197,-0.010224,0.467449,0.626097,0.624093,-0.487852,-0.406036,0.772744,0.737218,-0.665684,0.115642,-0.000506,0.004019,0.003226,-0.042868,0.0564,0.062189,-0.938882,0.082789,0.019793,-0.073418,-0.399982,0.414164,-0.817607,-0.191689,-0.910148,-0.367265,-0.896252,0.009827,0.443434,1.9e-05,-0.004358,0.005261,-0.031672,-0.022203,-0.006577,0.479565
157,0.135272,-0.00893,0.332728,-0.23954,0.414484,-0.877991,-0.355262,-0.878969,-0.318081,-0.903275,0.235202,0.358891,-0.000539,-0.003239,-0.003,-0.0,3e-06,2e-06,0.510148,-0.132821,0.024428,0.333033,-0.356375,-0.70734,0.610458,0.459809,0.435861,0.773651,-0.81284,0.557274,0.169119,-0.001157,0.009261,0.0074,-0.330601,0.422551,0.335999,-1.401898,0.053345,0.031329,-0.010046,0.47532,0.629827,0.614319,-0.479857,-0.39966,0.78103,0.737433,-0.666025,0.11226,-0.000591,0.004703,0.003757,0.018614,-0.012367,0.014734,-0.934473,0.082709,0.019675,-0.073333,-0.400978,0.412412,-0.818005,-0.191579,-0.910939,-0.365357,-0.895831,0.010212,0.444276,-0.000509,-0.00753,0.002315,-0.035998,0.028506,-0.042712,0.494751
158,0.135276,-0.009096,0.3327,-0.240209,0.413958,-0.878057,-0.355318,-0.879208,-0.317357,-0.903074,0.235236,0.359372,-0.001174,-0.016028,0.003723,-0.035959,0.029454,-0.042225,0.511508,-0.132884,0.024615,0.333186,-0.359066,-0.710844,0.604784,0.457355,0.430715,0.777975,-0.813036,0.55682,0.169668,-0.014386,0.008475,0.008143,0.08741,-0.149297,0.849931,-1.402217,0.053313,0.031425,-0.009967,0.479788,0.632472,0.608096,-0.475191,-0.395309,0.78608,0.73756,-0.666114,0.110881,-0.00721,0.004325,0.004145,0.088256,-0.161911,0.943449,-0.936269,0.082711,0.019597,-0.073349,-0.401492,0.411786,-0.818068,-0.191505,-0.911222,-0.364689,-0.895616,0.010244,0.444708,0.006694,-0.003057,-0.002789,0.000865,-0.014881,0.029522,0.500793
