frame,MLTx,MLTy,MLTz,MLTR1,MLTR2,MLTR3,MLTR4,MLTR5,MLTR6,MLTR7,MLTR8,MLTR9,MLTTVx,MLTTVy,MLTTVz,MLTRVx,MLTRVy,MLTRVz,MLGA,MRTx,MRTy,MRTz,MRTR1,MRTR2,MRTR3,MRTR4,MRTR5,MRTR6,MRTR7,MRTR8,MRTR9,MRTTVx,MRTTVy,MRTTVz,MRTRVx,MRTRVy,MRTRVz,MRGA,SLTx,SLTy,SLTz,SLTR1,SLTR2,SLTR3,SLTR4,SLTR5,SLTR6,SLTR7,SLTR8,SLTR9,SLTTVx,SLTTVy,SLTTVz,SLTRVx,SLTRVy,SLTRVz,SLGA,SRTx,SRTy,SRTz,SRTR1,SRTR2,SRTR3,SRTR4,SRTR5,SRTR6,SRTR7,SRTR8,SRTR9,SRTTVx,SRTTVy,SRTTVz,SRTRVx,SRTRVy,SRTRVz,SRGA
590,0.168444,-0.060245,0.303084,-0.906235,-0.200841,-0.372084,0.018368,-0.8979,0.439784,-0.421295,0.391958,0.817867,0.000595,0.007674,0.010415,0.000839,-0.013341,0.025532,-1.167017,-0.126096,-0.042628,0.306184,-0.153594,-0.887298,0.434859,0.986926,-0.116562,0.111015,-0.047637,0.447337,0.89302,-0.017863,0.014744,-0.045209,-0.014702,0.115561,0.263007,-1.403057,0.063476,0.032617,-0.003442,0.200927,0.881367,0.427573,-0.975711,0.141178,0.167496,0.087262,-0.450842,0.888327,-0.008892,0.007259,-0.022723,0.005846,0.104722,0.268514,-0.932187,0.086687,0.019755,-0.053217,0.906008,0.207769,-0.368755,-0.026361,0.897234,0.440765,0.422437,-0.389617,0.818379,0.000303,0.003945,0.005349,0.000942,-0.013517,0.025291,-1.122152
591,0.168683,-0.059788,0.303386,-0.907749,-0.198934,-0.369407,0.017841,-0.897997,0.439608,-0.418051,0.392706,0.819172,0.000585,0.007632,0.010317,0.001193,-0.012625,0.025894,-1.167573,-0.12691,-0.041952,0.304248,-0.180547,-0.870408,0.458021,0.983053,-0.145564,0.111133,-0.029848,0.471414,0.881329,-0.017742,0.013532,-0.046899,0.165327,1.098048,0.18699,-1.40329,0.063068,0.032957,-0.004408,0.227718,0.865069,0.446988,-0.971353,0.169784,0.166267,0.067942,-0.472046,0.878951,-0.017269,0.010954,-0.027985,1.726644,1.897977,-0.700042,-0.936433,0.086807,0.019982,-0.053068,0.907569,0.205825,-0.365997,-0.02585,0.897358,0.440544,0.419106,-0.390363,0.819735,0.00836,0.003813,0.005006,-0.004925,-0.034955,0.055725,-1.117417
592,0.168944,-0.059358,0.30363,-0.909294,-0.197161,-0.366548,0.017499,-0.898057,0.439499,-0.414704,0.39346,0.82051,0.016635,0.006718,0.008752,0.003348,-0.024938,0.056666,-1.169642,-0.12788,-0.041363,0.302354,-0.207865,-0.855789,0.473719,0.977952,-0.173452,0.116016,-0.016871,0.48846,0.872345,-0.03328,0.01161,-0.047016,0.782561,0.648839,1.679716,-1.403195,0.062589,0.033252,-0.005356,0.254625,0.849248,0.46254,-0.965473,0.196037,0.171552,0.055015,-0.490252,0.869842,-0.0088,0.006617,-0.023897,2.907395,1.660557,4.842924,-0.952598,0.086931,0.020201,-0.052941,0.909147,0.20403,-0.363072,-0.02552,0.897432,0.440412,0.41569,-0.391134,0.821105,0.000159,0.008769,0.000229,0.027314,-0.035859,0.04839,-1.116926
593,0.169061,-0.059166,0.303749,-0.910265,-0.194922,-0.365332,0.016717,-0.898898,0.437807,-0.412603,0.392651,0.821955,0.000489,0.006487,0.008724,0.01923,0.12875,-0.125283,-1.171343,-0.12837,-0.041078,0.301419,-0.220601,-0.846449,0.484613,0.975297,-0.189388,0.113408,-0.003953,0.49872,0.866676,-0.034752,0.023087,-0.054779,0.035542,0.451479,0.264968,-1.403502,0.062345,0.033389,-0.005822,0.269142,0.839198,0.472554,-0.962245,0.213638,0.168648,0.040574,-0.500103,0.865013,-0.008875,0.006867,-0.023435,0.289,1.026492,0.0866,-0.958967,0.086996,0.020297,-0.052881,0.910102,0.201768,-0.361942,-0.024739,0.898348,0.438585,0.413643,-0.390203,0.822581,0.008281,0.002997,0.003878,0.012057,0.012994,0.086826,-1.116763
594,0.169317,-0.058824,0.303942,-0.911119,-0.192296,-0.364594,0.015506,-0.89992,0.435746,-0.410766,0.391598,0.823377,0.000394,0.005292,0.007097,0.009934,0.005413,0.035059,-1.177048,-0.129471,-0.040675,0.299754,-0.244538,-0.829371,0.502332,0.969518,-0.215089,0.117074,0.01124,0.516686,0.856021,-0.032129,0.002279,-0.036897,-0.296667,0.542805,0.588824,-1.403265,0.061794,0.033598,-0.006662,0.292738,0.822217,0.488122,-0.955897,0.238966,0.170746,0.023745,-0.516578,0.85591,-0.016029,0.001077,-0.018502,0.244359,0.153708,0.597807,-0.969091,0.087124,0.020471,-0.05278,0.911023,0.199101,-0.361101,-0.023512,0.899365,0.436564,0.411683,-0.389229,0.824024,0.000188,0.002562,0.003432,-0.011093,-0.01567,0.03577,-1.115457
595,0.169594,-0.058473,0.304079,-0.911514,-0.192186,-0.363663,0.015284,-0.89939,0.436848,-0.409899,0.39287,0.823203,0.000184,0.015913,-0.001776,0.036541,-0.024786,0.044629,-1.184612,-0.130564,-0.040532,0.298254,-0.270382,-0.811522,0.517994,0.961959,-0.248779,0.112593,0.037818,0.529747,0.847232,-0.030782,-0.009037,-0.029226,0.204416,0.326503,0.371159,-1.403266,0.061258,0.033674,-0.007399,0.318849,0.803119,0.503323,-0.947803,0.271265,0.167581,-0.001947,-0.530485,0.847691,-0.016068,0.001366,-0.018373,3.265707,1.421646,4.528043,-0.969907,0.087263,0.020639,-0.052713,0.911355,0.199089,-0.36027,-0.023223,0.898724,0.437898,0.410964,-0.390714,0.82368,0.008213,0.002307,0.002924,0.004899,-0.032438,0.057301,-1.114804
596,0.16988,-0.058078,0.304134,-0.911867,-0.191946,-0.362907,0.014976,-0.898979,0.437703,-0.409128,0.393926,0.823082,0.016213,0.01536,-0.002853,0.037534,-0.039529,0.074182,-1.189981,-0.131675,-0.040748,0.297121,-0.283962,-0.796099,0.534399,0.957069,-0.268627,0.108593,0.057443,0.543289,0.837496,-0.030911,-0.008612,-0.028858,0.100184,0.240779,0.013097,-1.403403,0.060691,0.033567,-0.007979,0.334528,0.786545,0.519074,-0.942099,0.292693,0.163641,-0.023218,-0.543762,0.838918,-0.015486,-0.003809,-0.013753,0.491347,0.675844,-0.256388,-0.978072,0.0874,0.020836,-0.052686,0.911693,0.198894,-0.359521,-0.022958,0.898317,0.438745,0.410228,-0.391748,0.823557,6e-05,0.007576,-0.001405,0.038206,-0.026496,0.04531,-1.11611
597,0.17004,-0.057852,0.30412,-0.912388,-0.192288,-0.361413,0.015333,-0.8983,0.439083,-0.407954,0.395306,0.823003,0.016148,0.014613,-0.003859,0.036696,-0.026116,0.048687,-1.191259,-0.132209,-0.04099,0.296622,-0.293406,-0.78814,0.541053,0.953627,-0.280588,0.108625,0.066553,0.54882,0.833205,-0.029628,-0.019388,-0.020387,-0.13953,0.339094,0.183018,-1.403779,0.060424,0.03345,-0.008233,0.343406,0.779128,0.524433,-0.938595,0.304515,0.1622,-0.033324,-0.547931,0.835859,-0.015448,-0.004452,-0.014646,-0.033212,0.398306,0.744108,-0.981991,0.08748,0.020951,-0.052691,0.912202,0.19924,-0.358036,-0.023312,0.897635,0.440121,0.409076,-0.393133,0.82347,7.4e-05,0.007797,-0.001119,0.038597,-0.026903,0.04586,-1.1166
598,0.170432,-0.057275,0.304053,-0.912751,-0.192122,-0.360582,0.015343,-0.898085,0.439523,-0.407141,0.395877,0.823131,0.016224,0.01607,-0.001947,0.037533,-0.039574,0.074157,-1.198947,-0.133432,-0.041696,0.29573,-0.307336,-0.763947,0.567381,0.944961,-0.315067,0.087844,0.112024,0.564105,0.817985,-0.029751,-0.019442,-0.020661,1.30854,2.254555,-1.199613,-1.403351,0.059824,0.033103,-0.008672,0.359648,0.755331,0.547839,-0.929831,0.339127,0.142851,-0.077887,-0.560774,0.824296,-0.022639,-0.01094,-0.010666,-0.297736,0.606732,0.041029,-0.977419,0.087675,0.02123,-0.052728,0.912567,0.199126,-0.357168,-0.023373,0.897402,0.440593,0.408257,-0.393722,0.823594,0.008095,0.007765,-0.001337,0.038632,-0.040658,0.074703,-1.1166
599,0.170906,-0.056591,0.303917,-0.914465,-0.193721,-0.355345,0.01726,-0.895917,0.443853,-0.403207,0.399992,0.823078,0.01617,0.015772,-0.002374,0.036665,-0.026089,0.048653,-1.202841,-0.134625,-0.042492,0.294945,-0.314853,-0.75265,0.578253,0.940609,-0.328706,0.084509,0.126847,0.571458,0.810684,-0.029878,-0.019488,-0.020923,0.92254,0.317472,1.075974,-1.403378,0.059216,0.032698,-0.009072,0.365486,0.7428,0.560951,-0.926066,0.350979,0.138615,-0.093919,-0.57014,0.81616,-0.014891,-0.009932,-0.010748,3.185763,0.609909,4.197159,-0.989829,0.087912,0.02158,-0.052794,0.91425,0.200722,-0.351932,-0.025279,0.895217,0.444911,0.404359,-0.397863,0.823527,0.000114,0.00852,-0.000181,0.040951,-0.029201,0.048475,-1.1166
600,0.171524,-0.055833,0.303772,-0.915473,-0.194349,-0.352397,0.018262,-0.894865,0.445932,-0.400876,0.40204,0.823219,0.01596,0.027239,-0.010153,-0.074378,0.091478,-0.047064,-1.206048,-0.135871,-0.043196,0.294057,-0.333073,-0.731187,0.595332,0.927942,-0.366044,0.069779,0.167296,0.576589,0.799638,-0.031318,-0.008433,-0.02934,3.692102,1.411862,3.837788,-1.403483,0.058594,0.032341,-0.009513,0.381115,0.723255,0.575893,-0.915021,0.384174,0.123065,-0.132236,-0.573856,0.808208,-0.014991,-0.009869,-0.010723,1.526428,2.511165,-1.160124,-0.996197,0.088221,0.021954,-0.052865,0.915191,0.201314,-0.349135,-0.026237,0.894227,0.446843,0.402163,-0.399787,0.823671,0.008089,0.008193,-0.000807,-0.506443,0.485436,-0.443214,-1.114314
601,0.171863,-0.055446,0.303709,-0.915971,-0.194646,-0.350935,0.018747,-0.894341,0.446963,-0.399717,0.403063,0.823282,0.016211,0.017323,-0.000383,0.037501,-0.039644,0.074069,-1.207294,-0.136608,-0.043494,0.293605,-0.339681,-0.718808,0.606568,0.922134,-0.381337,0.06469,0.185215,0.582209,0.791575,-0.030139,-0.018732,-0.020227,0.718176,0.727094,1.05764,-1.403471,0.058225,0.032196,-0.009743,0.390549,0.709276,0.586854,-0.907629,0.403232,0.116675,-0.153884,-0.578213,0.801241,-0.022971,-0.009539,-0.0092,2.909157,1.154947,4.23174,-1.001096,0.088391,0.02215,-0.052902,0.915734,0.201678,-0.347498,-0.026794,0.89362,0.448022,0.400888,-0.400958,0.823723,0.00811,0.008687,-0.000168,0.042031,-0.04403,0.078214,-1.113824
602,0.172623,-0.054668,0.303566,-0.916935,-0.195127,-0.34814,0.019593,-0.89333,0.448942,-0.397465,0.405067,0.823389,0.0161,0.01633,-0.001736,0.037534,-0.039706,0.07408,-1.210501,-0.138192,-0.043889,0.2927,-0.343364,-0.701895,0.624049,0.916516,-0.395434,0.059707,0.205274,0.593329,0.778259,-0.031784,-0.004595,-0.024466,0.245621,0.375574,0.015155,-1.403214,0.057452,0.031992,-0.01019,0.395683,0.691133,0.604788,-0.901673,0.417415,0.112912,-0.17441,-0.589999,0.78834,-0.015859,-0.002475,-0.01249,3.369522,0.778064,3.7637,-0.993748,0.088765,0.022536,-0.052968,0.916691,0.2022,-0.344661,-0.027679,0.892584,0.450029,0.398635,-0.402998,0.823821,0.016022,0.007829,-0.001516,0.041251,-0.044255,0.081526,-1.114314
603,0.17339,-0.054067,0.303412,-0.917828,-0.195353,-0.34565,0.019982,-0.892251,0.451066,-0.395383,0.407333,0.823273,0.01593,0.014194,-0.004577,0.036701,-0.026079,0.048699,-1.212963,-0.139795,-0.043908,0.291702,-0.35703,-0.682933,0.637279,0.904837,-0.42215,0.054715,0.232089,0.597021,0.76783,-0.031952,-0.003245,-0.022792,0.84575,0.662731,1.044119,-1.403165,0.056632,0.031981,-0.010696,0.408761,0.673173,0.61624,-0.889937,0.443677,0.105641,-0.202297,-0.591597,0.78044,-0.024497,0.003435,-0.014988,3.18619,1.077214,4.145775,-1.003382,0.089155,0.022845,-0.053042,0.917555,0.202375,-0.34225,-0.028006,0.891533,0.452087,0.396619,-0.40523,0.823699,0.008103,0.001975,0.002376,0.004063,-0.030523,0.057017,-1.113497
604,0.173773,-0.05382,0.30335,-0.918297,-0.195542,-0.344295,0.020233,-0.89163,0.452281,-0.394282,0.408601,0.823173,0.015928,0.014425,-0.004289,0.037538,-0.039724,0.074069,-1.214697,-0.140686,-0.043816,0.29114,-0.359035,-0.675465,0.644075,0.901909,-0.428518,0.053538,0.240265,0.600963,0.76222,-0.049037,0.006957,-0.029846,-0.083331,0.351694,-0.113296,-1.402849,0.056175,0.032026,-0.010986,0.412236,0.66384,0.624001,-0.886142,0.451287,0.105316,-0.211691,-0.596368,0.774293,-0.024505,0.003518,-0.014834,-0.079715,0.344979,-0.118074,-1.005178,0.089346,0.022967,-0.053075,0.918023,0.202581,-0.34087,-0.028277,0.890902,0.453313,0.395515,-0.406513,0.823598,0.007945,0.006879,-0.002594,0.039465,-0.028747,0.051307,-1.115294
605,0.174503,-0.053464,0.303266,-0.919207,-0.195818,-0.341702,0.02048,-0.890272,0.454938,-0.39215,0.411423,0.822786,0.01586,0.013737,-0.005214,-0.006896,0.002962,0.032052,-1.214702,-0.142565,-0.043402,0.289901,-0.36633,-0.658139,0.657759,0.894422,-0.443853,0.054203,0.256715,0.608992,0.750393,-0.050362,0.019143,-0.036719,0.009896,0.263247,-0.141972,-1.403339,0.055254,0.032226,-0.011592,0.420114,0.645946,0.637384,-0.878149,0.466482,0.10606,-0.228819,-0.604275,0.763212,-0.024545,0.003969,-0.014312,0.000782,0.258409,-0.192261,-1.003708,0.089711,0.023144,-0.053118,0.918916,0.202854,-0.338293,-0.028515,0.889547,0.45595,0.393419,-0.409334,0.823204,0.008038,0.001125,0.001245,-0.158034,0.137997,-0.120783,-1.114804
606,0.175196,-0.053196,0.303187,-0.919485,-0.195312,-0.341242,0.019833,-0.88988,0.455733,-0.391532,0.412509,0.822536,0.015791,0.012896,-0.006336,0.037544,-0.039698,0.074079,-1.215394,-0.144484,-0.042831,0.28861,-0.374856,-0.638349,0.672298,0.885885,-0.460311,0.05705,0.273498,0.617761,0.737179,-0.05033,0.018819,-0.037363,-0.131267,0.50353,-0.025686,-1.403665,0.054294,0.032515,-0.012233,0.428623,0.62679,0.650703,-0.869165,0.482675,0.107588,-0.246643,-0.611684,0.75167,-0.024566,0.004257,-0.014021,-0.272644,0.734299,-0.114807,-0.997993,0.090058,0.023279,-0.053157,0.919196,0.202348,-0.337836,-0.027866,0.889161,0.456745,0.392812,-0.410424,0.822952,0.008003,0.000606,0.000556,0.001969,-0.015605,0.03046,-1.114804
607,0.175495,-0.053085,0.303152,-0.919965,-0.195551,-0.339808,0.020043,-0.889104,0.457238,-0.390394,0.41407,0.822293,0.000114,0.002102,0.002752,-0.01251,-0.000923,0.012728,-1.216945,-0.145502,-0.042547,0.287968,-0.378668,-0.62832,0.679571,0.881549,-0.468409,0.058299,0.282142,0.621935,0.730381,-0.050368,0.019586,-0.036416,-0.094858,0.438627,-0.031512,-1.403679,0.053785,0.032655,-0.012556,0.432663,0.616321,0.657989,-0.864529,0.49064,0.108905,-0.255716,-0.615971,0.745109,-0.032444,0.003411,-0.014082,-0.188882,0.561681,-0.053992,-0.99783,0.090213,0.023338,-0.053178,0.919671,0.202566,-0.336409,-0.028052,0.888383,0.458244,0.391685,-0.411996,0.822703,5.5e-05,0.000993,0.00129,-0.00903,-0.004264,0.016031,-1.113661
608,0.17609,-0.052877,0.303049,-0.920281,-0.195196,-0.339155,0.019569,-0.888628,0.45818,-0.389674,0.415256,0.822036,0.015693,0.011516,-0.008166,0.036708,-0.025961,0.048755,-1.217842,-0.147446,-0.041937,0.286756,-0.385194,-0.610055,0.692423,0.872758,-0.484533,0.058786,0.300101,0.627723,0.718169,-0.049255,0.010039,-0.026307,-0.079616,0.383963,-0.081938,-1.403574,0.052794,0.032967,-0.013176,0.439342,0.597619,0.670692,-0.855322,0.506508,0.108961,-0.274594,-0.621529,0.733688,-0.024608,0.005042,-0.013086,-0.076825,0.377568,-0.086044,-0.998483,0.090505,0.02344,-0.053225,0.919982,0.202222,-0.335764,-0.027585,0.887911,0.459185,0.390986,-0.413181,0.822442,0.007988,0.000452,0.000345,0.001986,-0.01566,0.030515,-1.114477
609,0.176578,-0.052672,0.302942,-0.92066,-0.195076,-0.338196,0.019412,-0.888078,0.459252,-0.388789,0.416488,0.821833,0.015947,0.000537,0.000218,0.000984,-0.014715,0.029553,-1.219553,-0.149411,-0.041419,0.285768,-0.392426,-0.591393,0.704449,0.863226,-0.501134,0.060331,0.317815,0.632511,0.706248,-0.049352,0.012433,-0.023178,-0.025458,0.27958,-0.15734,-1.403516,0.05183,0.033219,-0.013664,0.447033,0.578319,0.682428,-0.84518,0.522936,0.110487,-0.292969,-0.626166,0.722554,-0.024669,0.006422,-0.011266,0.012576,0.145034,-0.00222,-0.99587,0.090748,0.023546,-0.053281,0.920354,0.202092,-0.334821,-0.027422,0.887377,0.460226,0.390121,-0.41439,0.822244,0.007836,0.005664,-0.00422,0.037351,-0.026528,0.049367,-1.114967
610,0.177016,-0.052451,0.302825,-0.921047,-0.194996,-0.337187,0.019331,-0.887536,0.460303,-0.387878,0.41768,0.821658,-0.00022,0.012029,-0.007023,0.035726,-0.01121,0.019219,-1.221926,-0.151284,-0.041051,0.285068,-0.395762,-0.576935,0.7145,0.856513,-0.51247,0.06078,0.331569,0.636752,0.69604,-0.048292,0.003518,-0.012139,-0.012707,0.203957,-0.23098,-1.40378,0.050912,0.033405,-0.014014,0.450745,0.563795,0.692071,-0.838055,0.534259,0.110591,-0.307395,-0.629842,0.713306,-0.016814,0.008019,-0.01022,0.048722,0.14749,-0.19957,-0.992931,0.090968,0.02365,-0.05334,0.920744,0.202035,-0.333783,-0.02736,0.886818,0.461306,0.389205,-0.415613,0.82206,-0.000128,0.005615,-0.004043,0.03605,-0.01155,0.019574,-1.114967
611,0.177206,-0.052355,0.302774,-0.921566,-0.195403,-0.335528,0.019781,-0.886696,0.4619,-0.386622,0.419272,0.821439,5.8e-05,0.001187,0.001551,-0.0,0.0,-0.0,-1.224388,-0.152146,-0.040918,0.284838,-0.403087,-0.566009,0.719129,0.84824,-0.525948,0.061655,0.343811,0.635552,0.691181,-0.03258,0.006559,-0.010152,0.298243,0.217665,0.411343,-1.403551,0.050457,0.03347,-0.014136,0.457272,0.553349,0.696208,-0.829912,0.54685,0.11045,-0.319604,-0.628298,0.709291,-0.024166,0.002576,-0.004944,1.116571,0.429761,1.041985,-0.988032,0.091062,0.023698,-0.053366,0.92126,0.20245,-0.332102,-0.027816,0.885962,0.46292,0.387949,-0.417232,0.821834,1e-05,0.000164,0.000206,0.002163,-0.002041,0.002062,-1.114967
612,0.177548,-0.052162,0.302639,-0.921973,-0.195413,-0.334401,0.019816,-0.88611,0.463021,-0.385651,0.420505,0.821265,0.015644,0.0113,-0.008485,0.036712,-0.025906,0.048781,-1.226639,-0.153846,-0.040875,0.284668,-0.404878,-0.553433,0.727858,0.843828,-0.532656,0.064535,0.352469,0.641006,0.681719,-0.047305,-0.003861,0.000993,-0.28491,0.559049,0.244095,-1.403355,0.049613,0.033496,-0.014224,0.459162,0.542353,0.703578,-0.825086,0.553898,0.111487,-0.329246,-0.631704,0.701816,-0.02365,-0.001853,0.000636,-0.026722,0.171259,-0.23874,-0.992768,0.091239,0.0238,-0.053435,0.921652,0.202422,-0.331031,-0.027807,0.885401,0.463993,0.387019,-0.418435,0.821661,0.007825,0.005654,-0.004241,0.038295,-0.027411,0.050297,-1.114967
613,0.177878,-0.051988,0.302497,-0.922418,-0.195558,-0.333088,0.020029,-0.885468,0.464238,-0.384578,0.421789,0.82111,0.0,3e-06,4e-06,-0.0,0.0,-0.0,-1.228346,-0.155493,-0.04096,0.284719,-0.409984,-0.544866,0.731455,0.836187,-0.544746,0.063059,0.364591,0.638166,0.677998,-0.031575,-0.001064,0.00267,-0.003167,0.01746,-0.032569,-1.403728,0.048783,0.033453,-0.014199,0.464624,0.53171,0.708101,-0.816982,0.565843,0.111178,-0.34156,-0.630163,0.697302,-0.023664,-0.001546,0.000998,0.003566,0.029056,-0.098039,-0.989665,0.091404,0.023888,-0.053505,0.922089,0.202566,-0.329724,-0.028016,0.88476,0.465203,0.385961,-0.419721,0.821503,0.007805,0.005349,-0.004646,0.03771,-0.026846,0.049749,-1.11513
614,0.178054,-0.051892,0.302412,-0.92294,-0.195991,-0.331383,0.02055,-0.884632,0.465806,-0.383299,0.42334,0.820909,-0.000296,0.010752,-0.008693,0.035726,-0.011173,0.019231,-1.229076,-0.156273,-0.041016,0.28478,-0.41148,-0.542785,0.732162,0.833701,-0.54867,0.061949,0.368584,0.636572,0.677337,-0.031578,-0.00079,0.003009,0.107012,0.024808,0.067208,-1.403896,0.048393,0.033426,-0.014168,0.465983,0.529819,0.708626,-0.814577,0.569567,0.109805,-0.345433,-0.628398,0.696987,-0.023668,-0.001396,0.001173,0.362729,0.072118,0.249071,-0.976112,0.091493,0.023932,-0.053544,0.922612,0.203018,-0.327978,-0.028549,0.883891,0.466819,0.38467,-0.421329,0.821285,0.007953,-1.8e-05,-0.000289,0.004228,-0.017804,0.032646,-1.116763
615,0.178419,-0.051714,0.302256,-0.92337,-0.19609,-0.330123,0.02072,-0.88401,0.466978,-0.382255,0.424593,0.820749,0.0,0.0,0.0,-0.0,0.0,-0.0,-1.229868,-0.157829,-0.041148,0.284942,-0.412299,-0.540899,0.733096,0.831548,-0.55209,0.060479,0.372517,0.635215,0.676459,-0.030523,-0.012452,0.010333,-0.04056,0.040103,-0.077122,-1.403607,0.047615,0.033367,-0.014085,0.466882,0.527886,0.709475,-0.812346,0.573049,0.108199,-0.349448,-0.626856,0.696373,-0.023674,-0.001123,0.001491,-0.007593,0.045592,-0.088974,-0.978235,0.091675,0.024024,-0.053626,0.923027,0.203099,-0.326757,-0.028703,0.883294,0.467937,0.383661,-0.42254,0.821135,2e-06,-2e-06,-8e-06,0.000859,-0.000838,0.000854,-1.115457
616,0.178844,-0.05152,0.302119,-0.924376,-0.196834,-0.32685,0.021605,-0.882337,0.470092,-0.379773,0.42772,0.820277,0.015637,0.011863,-0.007781,-1.618486,1.543468,-1.508928,-1.232669,-0.159352,-0.041267,0.285078,-0.416215,-0.536569,0.734064,0.826086,-0.560396,0.058923,0.380251,0.631594,0.675545,-0.030536,-0.012909,0.009626,-0.04056,0.040199,-0.077072,-1.403457,0.046853,0.033309,-0.014015,0.470711,0.523475,0.710214,-0.806789,0.581189,0.106343,-0.357101,-0.623051,0.695906,-0.023669,-0.001426,0.001013,-0.007452,0.045769,-0.088639,-0.989502,0.091876,0.024114,-0.053694,0.923434,0.203133,-0.325584,-0.028777,0.88268,0.46909,0.382675,-0.423805,0.820943,8e-06,0.000131,0.000164,0.000215,-0.000153,0.000198,-1.11513
617,0.179046,-0.051426,0.302082,-0.924272,-0.196449,-0.327374,0.021164,-0.882561,0.469691,-0.380049,0.427433,0.820299,0.015652,0.012323,-0.007186,0.036716,-0.025854,0.048804,-1.233672,-0.160093,-0.041353,0.285158,-0.415892,-0.534213,0.735964,0.823562,-0.564411,0.055861,0.386044,0.630011,0.673736,-0.047342,-0.002166,0.002862,0.030127,0.052399,-0.06155,-1.403527,0.046489,0.03326,-0.013975,0.470357,0.521149,0.712156,-0.804389,0.585085,0.103114,-0.362935,-0.621352,0.694406,-0.015281,-0.006044,0.00539,0.077426,0.059234,0.014008,-0.991951,0.091983,0.024161,-0.053713,0.923924,0.203485,-0.32397,-0.029168,0.881819,0.470684,0.38146,-0.425427,0.820669,0.007987,0.000936,0.000946,0.002907,-0.02956,0.055868,-1.114477
618,0.179533,-0.051211,0.302039,-0.92465,-0.196357,-0.32636,0.021042,-0.881947,0.470849,-0.379138,0.428742,0.820038,0.01566,0.012869,-0.006486,0.036717,-0.025832,0.048815,-1.235991,-0.161516,-0.041529,0.285322,-0.410239,-0.539188,0.735508,0.825357,-0.562495,0.048155,0.388247,0.627484,0.674827,-0.030571,-0.012562,0.009999,0.037018,-0.109605,-0.173349,-1.40374,0.045771,0.033177,-0.013894,0.464916,0.526141,0.712058,-0.806587,0.583331,0.09561,-0.365062,-0.618788,0.695579,-0.023676,-0.001171,0.001282,0.097483,-0.154539,-0.213751,-0.994401,0.092226,0.02427,-0.053734,0.924297,0.20339,-0.322964,-0.029042,0.881208,0.471833,0.380565,-0.426735,0.820405,5.2e-05,0.001227,0.001598,0.001182,-0.014124,0.0256,-1.115947
619,0.180094,-0.050959,0.302056,-0.924979,-0.196085,-0.325591,0.020666,-0.881377,0.471932,-0.378358,0.430038,0.819719,0.01602,0.003571,0.004087,0.00183,-0.028562,0.054814,-1.238717,-0.16283,-0.041686,0.285566,-0.412768,-0.541757,0.732198,0.820507,-0.570116,0.040877,0.395788,0.618322,0.678891,-0.030588,-0.010904,0.01222,0.02849,-0.09429,-0.16337,-1.403664,0.045115,0.033096,-0.013776,0.467277,0.528961,0.708415,-0.801997,0.590833,0.087839,-0.372091,-0.609192,0.700308,-0.015788,0.000294,0.00231,0.07054,-0.1319,-0.130802,-0.996687,0.092506,0.024397,-0.053731,0.924626,0.203122,-0.322191,-0.028678,0.88065,0.472897,0.379794,-0.428014,0.820097,0.007841,0.006921,-0.002625,0.037016,-0.02608,0.049125,-1.11709
620,0.180666,-0.050707,0.302074,-0.925278,-0.195715,-0.324963,0.02015,-0.880836,0.472963,-0.377655,0.431313,0.819373,0.01598,0.002923,0.003224,0.000984,-0.014715,0.029553,-1.240026,-0.164073,-0.041956,0.285909,-0.414915,-0.546594,0.727373,0.815966,-0.577161,0.031894,0.402877,0.607429,0.684532,-0.030603,-0.011148,0.011819,0.110958,-0.258155,-0.267996,-1.403463,0.044493,0.032962,-0.013602,0.469361,0.532889,0.70408,-0.797725,0.597775,0.079357,-0.378593,-0.59891,0.705672,-0.023201,-0.005891,0.006414,0.199981,-0.411967,-0.36149,-1.000116,0.092792,0.024526,-0.053719,0.924922,0.202741,-0.321578,-0.028145,0.880115,0.473924,0.37911,-0.429292,0.819745,0.007999,0.001707,0.001921,0.002255,-0.028972,0.055238,-1.117743
621,0.180986,-0.05055,0.302062,-0.925704,-0.195823,-0.323683,0.02025,-0.880083,0.474358,-0.376607,0.4328,0.819072,0.015985,0.003249,0.003638,0.001831,-0.028581,0.054803,-1.239594,-0.164713,-0.042107,0.286077,-0.412444,-0.551524,0.725053,0.817248,-0.575585,0.027218,0.402813,0.604464,0.687188,-0.030612,-0.011166,0.011761,0.211936,-0.471451,-0.369885,-1.403595,0.044185,0.032887,-0.013519,0.467039,0.536829,0.702629,-0.799203,0.59628,0.075656,-0.378349,-0.596878,0.707522,-0.015315,-0.006024,0.005296,-0.046467,0.038778,-0.084021,-1.000116,0.092953,0.024604,-0.053725,0.925351,0.202867,-0.320265,-0.028267,0.879349,0.475338,0.378055,-0.430802,0.819441,0.007816,0.006664,-0.002975,0.038474,-0.027391,0.050507,-1.118723
622,0.181696,-0.050204,0.301957,-0.925446,-0.201758,-0.320764,0.026075,-0.87843,0.477129,-0.376883,0.433439,0.818607,0.015937,0.002362,0.002465,0.000984,-0.014715,0.029553,-1.240238,-0.165776,-0.04247,0.286373,-0.410377,-0.551755,0.72605,0.812809,-0.582222,0.017119,0.413768,0.597855,0.686461,-0.030647,-0.012709,0.009587,0.069243,-0.101408,-0.401729,-1.403551,0.043642,0.032708,-0.013367,0.464928,0.538235,0.702953,-0.79527,0.602822,0.064418,-0.389084,-0.588988,0.708312,-0.007436,-0.005993,0.004409,0.158615,-0.35494,-0.27311,-1.000279,0.093307,0.024779,-0.053776,0.925035,0.208804,-0.317349,-0.03409,0.877648,0.478091,0.378348,-0.431433,0.818973,0.007805,0.006732,-0.0029,0.039988,-0.041945,0.076646,-1.118559
623,0.182508,-0.049767,0.301743,-0.926369,-0.202241,-0.317781,0.02688,-0.87704,0.479636,-0.374557,0.436025,0.818301,0.015554,0.012585,-0.006939,0.032685,-0.021909,0.045088,-1.241626,-0.1667,-0.042972,0.286708,-0.400579,-0.554321,0.729559,0.811956,-0.583657,0.002515,0.424897,0.594071,0.682939,-0.030681,-0.012892,0.009289,0.038141,0.007965,-0.169777,-1.403782,0.04318,0.032456,-0.013201,0.45518,0.541964,0.70646,-0.795362,0.604151,0.048983,-0.400262,-0.584187,0.706055,-0.007446,-0.006087,0.004267,0.133398,0.121195,-0.245466,-0.997177,0.093713,0.024994,-0.053878,0.925955,0.209302,-0.314322,-0.034901,0.876219,0.480647,0.376015,-0.434088,0.818645,0.015884,0.001112,0.000805,-0.007613,-0.020433,0.050305,-1.119049
624,0.182965,-0.049513,0.301596,-0.926813,-0.20242,-0.316366,0.027253,-0.876418,0.48075,-0.373431,0.437191,0.818193,0.01555,0.012891,-0.006553,0.037576,-0.03962,0.074096,-1.244999,-0.167083,-0.043248,0.286884,-0.399165,-0.554634,0.730096,0.809878,-0.586536,-0.002634,0.430165,0.590931,0.682364,-0.014892,-0.012272,0.008354,0.00649,-0.066814,-0.106056,-1.403135,0.042982,0.032317,-0.013113,0.453772,0.542226,0.707163,-0.793506,0.606986,0.043761,-0.405511,-0.580996,0.705693,-0.014897,-0.012108,0.008595,-0.04899,0.051769,-0.323548,-0.997667,0.093942,0.02512,-0.053953,0.926392,0.209486,-0.312909,-0.03528,0.875599,0.481747,0.374902,-0.435248,0.818539,0.015508,0.011408,-0.008491,0.076652,-0.054336,0.100864,-1.118723
625,0.184019,-0.048946,0.301199,-0.926477,-0.208219,-0.313578,0.033229,-0.875117,0.482741,-0.373782,0.437083,0.818091,0.031313,0.011686,-0.008802,0.037712,-0.040365,0.078452,-1.259463,-0.167669,-0.043817,0.287282,-0.389969,-0.559952,0.731006,0.812551,-0.582694,-0.012716,0.433538,0.589722,0.681275,0.000913,-0.011069,0.008239,-0.021812,-0.020217,-0.037601,-1.403257,0.042683,0.032031,-0.012915,0.444727,0.547991,0.708465,-0.796892,0.603181,0.03368,-0.408876,-0.579549,0.704941,-0.007004,-0.011419,0.008647,-0.097298,0.137389,-0.233805,-0.996523,0.094451,0.025397,-0.054142,0.926009,0.215332,-0.31006,-0.041304,0.874216,0.483775,0.375232,-0.435174,0.818427,0.007748,0.005831,-0.0041,0.03859,-0.02734,0.050873,-1.118559
626,0.185198,-0.048315,0.300709,-0.928447,-0.209841,-0.306591,0.035718,-0.871873,0.4884,-0.36864,0.442759,0.817371,0.046703,0.022322,-0.018391,0.060952,-0.0533,0.114783,-1.268961,-0.168125,-0.044352,0.28771,-0.379365,-0.564976,0.732718,0.814743,-0.579241,-0.024644,0.438796,0.588335,0.679105,0.000924,-0.010082,0.009597,0.184467,-0.455917,-0.310879,-1.403422,0.042455,0.031762,-0.012703,0.434553,0.550786,0.712599,-0.799675,0.599955,0.023932,-0.414346,-0.580248,0.701162,-0.007459,-0.005323,0.005292,-0.059154,0.116,-0.183562,-0.99734,0.095064,0.025725,-0.054398,0.927938,0.216884,-0.303136,-0.04371,0.870986,0.489358,0.370161,-0.440844,0.817701,0.023356,0.011118,-0.009269,0.066183,-0.0582,0.119841,-1.118886
627,0.186586,-0.047637,0.300115,-0.929836,-0.210675,-0.301774,0.037396,-0.869854,0.491862,-0.364966,0.446324,0.817082,0.047026,0.011293,-0.010154,0.038337,-0.054651,0.107704,-1.282384,-0.168369,-0.044839,0.288145,-0.372926,-0.565412,0.735681,0.813013,-0.581172,-0.034381,0.44744,0.586004,0.67547,0.000922,-0.010036,0.00966,0.182353,-0.456636,-0.310057,-1.403309,0.042334,0.031516,-0.01248,0.42826,0.551661,0.715725,-0.7985,0.601833,0.013912,-0.423072,-0.577465,0.698242,0.000451,-0.004981,0.004885,0.176862,-0.456503,-0.304367,-1.003055,0.09574,0.026059,-0.054692,0.929315,0.217767,-0.298245,-0.045443,0.868922,0.492858,0.36648,-0.444467,0.817398,0.015419,0.010903,-0.009238,0.072174,0.041716,-0.071097,-1.120356
628,0.18732,-0.047291,0.299798,-0.92932,-0.213008,-0.301724,0.038714,-0.868674,0.493842,-0.366137,0.447516,0.815905,0.030782,0.021504,-0.018864,0.017028,-0.18368,0.025413,-1.287939,-0.168384,-0.045058,0.288377,-0.367347,-0.565523,0.738398,0.813609,-0.580025,-0.03931,0.450956,0.587035,0.672229,0.000927,-0.009711,0.010104,-0.032937,0.003712,-0.023003,-1.403288,0.042326,0.031411,-0.012368,0.422682,0.553957,0.717266,-0.799522,0.600591,0.007308,-0.426736,-0.576559,0.69676,0.00046,-0.004691,0.005285,-0.049579,0.020517,-0.006172,-1.003545,0.096114,0.026228,-0.054846,0.928906,0.219606,-0.298171,-0.046349,0.867798,0.49475,0.367402,-0.445756,0.816281,0.023504,0.005344,-0.005519,-0.047263,-0.134558,-0.14975,-1.123295
629,0.18894,-0.046637,0.299121,-0.92898,-0.222156,-0.296123,0.047185,-0.864512,0.500364,-0.366006,0.451128,0.813972,0.031137,0.009351,-0.01207,-0.028305,-0.196133,-0.007215,-1.301058,-0.16836,-0.045397,0.288809,-0.357045,-0.563588,0.744902,0.811089,-0.582564,-0.051841,0.463593,0.586377,0.664158,0.000959,-0.007925,0.012555,0.410144,0.600872,-0.637887,-1.403155,0.042337,0.031241,-0.01216,0.414995,0.55206,0.723193,-0.797593,0.603189,-0.002764,-0.437748,-0.575667,0.69064,0.000469,-0.004057,0.006149,-0.052055,0.091518,-0.158048,-1.000443,0.096906,0.026553,-0.055178,0.928597,0.228605,-0.292313,-0.054841,0.863606,0.501175,0.367014,-0.449359,0.814479,0.023479,0.004997,-0.006029,-0.092458,-0.218585,-0.177058,-1.124601
630,0.190551,-0.046097,0.298497,-0.930339,-0.222912,-0.291248,0.048784,-0.862321,0.503979,-0.362336,0.454935,0.813495,0.046902,0.009803,-0.012377,0.037484,-0.053735,0.106955,-1.322522,-0.168301,-0.0455,0.289207,-0.344908,-0.564024,0.750271,0.811961,-0.580267,-0.062801,0.471186,0.588236,0.657134,0.000978,-0.006834,0.014041,-0.024094,0.023709,-0.031237,-1.40289,0.042367,0.031187,-0.011956,0.400925,0.552794,0.730532,-0.799193,0.600859,-0.016064,-0.447827,-0.577395,0.682689,3.8e-05,0.002538,0.003477,0.028754,0.129383,-0.187431,-0.998483,0.097723,0.026829,-0.0555,0.929664,0.230087,-0.28772,-0.056888,0.861276,0.504942,0.363987,-0.453059,0.813787,0.023237,0.010093,-0.010801,0.077395,-0.064919,0.129567,-1.126071
631,0.191428,-0.045882,0.298203,-0.929376,-0.228282,-0.290159,0.053936,-0.861505,0.504848,-0.364067,0.453824,0.813343,0.046889,0.009523,-0.012807,0.038712,-0.054793,0.108134,-1.334682,-0.168259,-0.045477,0.289376,-0.343106,-0.564413,0.750805,0.812687,-0.579138,-0.063826,0.471248,0.588976,0.656426,6.9e-05,0.003903,0.005342,0.0,-0.0,-0.0,-1.402754,0.042389,0.031195,-0.011868,0.39932,0.553202,0.731102,-0.799976,0.599793,-0.016908,-0.447863,-0.578113,0.682058,3.2e-05,0.002164,0.002962,-0.000966,-0.000929,0.000868,-0.999463,0.098179,0.02694,-0.055652,0.928646,0.235381,-0.286723,-0.061962,0.860475,0.505711,0.365753,-0.451861,0.813661,0.023453,0.004727,-0.006476,0.041689,-0.056952,0.111895,-1.126397
632,0.19321,-0.045529,0.297659,-0.929149,-0.233719,-0.286535,0.059222,-0.859029,0.508462,-0.363824,0.455754,0.812371,0.046874,0.008669,-0.014055,0.080587,-0.116305,-0.038066,-1.355787,-0.168206,-0.045341,0.289626,-0.339607,-0.560183,0.755548,0.813049,-0.578671,-0.063437,0.473151,0.593455,0.651001,7.3e-05,0.004217,0.00576,-0.129578,0.279514,0.204942,-1.403073,0.042415,0.031266,-0.011738,0.395783,0.549756,0.73561,-0.800422,0.59919,-0.017149,-0.450198,-0.582012,0.677186,3e-05,0.002085,0.002845,-0.182833,0.374798,0.266484,-0.9993,0.09907,0.027118,-0.055922,0.928385,0.240752,-0.283084,-0.067189,0.857955,0.50931,0.365492,-0.453817,0.812689,0.023443,0.004337,-0.007057,0.084404,-0.120233,-0.035101,-1.126561
633,0.195076,-0.04523,0.297155,-0.928839,-0.238968,-0.283192,0.064155,-0.856492,0.512131,-0.36378,0.457812,0.811234,0.047374,-0.002446,-0.00598,-0.001645,-0.026689,0.058879,-1.378659,-0.168229,-0.045151,0.289836,-0.339765,-0.557929,0.757143,0.812991,-0.578947,-0.06164,0.473137,0.595305,0.649319,7.5e-05,0.004341,0.005916,-0.000464,-0.009509,0.027929,-1.402874,0.042403,0.031361,-0.011634,0.396077,0.546612,0.737791,-0.800203,0.59955,-0.01461,-0.450329,-0.584597,0.674869,3.3e-05,0.002149,0.002925,0.010765,-0.032269,0.014904,-0.997667,0.100003,0.027267,-0.056174,0.928022,0.246034,-0.279716,-0.072152,0.855361,0.512981,0.365469,-0.455876,0.811546,0.023693,-0.001224,-0.003027,0.003365,-0.03124,0.064527,-1.126887
634,0.196886,-0.044992,0.296706,-0.928533,-0.244426,-0.279514,0.06932,-0.853716,0.516078,-0.363614,0.460119,0.810002,0.031604,-0.002151,-0.004762,1.5466,-2.881447,-4.41749,-1.399566,-0.168208,-0.044941,0.289996,-0.340575,-0.555527,0.758544,0.812658,-0.579641,-0.059483,0.473129,0.596873,0.647885,5.5e-05,0.003232,0.004396,-0.000522,0.00115,0.000713,-1.402719,0.042414,0.031466,-0.011552,0.396904,0.544278,0.739071,-0.79973,0.600227,-0.012549,-0.450442,-0.586078,0.673509,3e-05,0.001849,0.002517,0.007239,-0.025391,0.018532,-0.99587,0.100896,0.027385,-0.056399,0.929145,0.245995,-0.275997,-0.072273,0.852966,0.516938,0.36258,-0.460364,0.810308,0.02344,0.004389,-0.007127,0.042824,-0.044647,0.088548,-1.1295
635,0.197779,-0.044865,0.296473,-0.928867,-0.244156,-0.278639,0.069063,-0.853108,0.517116,-0.362811,0.461388,0.809639,0.046855,0.009398,-0.01345,0.038723,-0.054455,0.108296,-1.412084,-0.168194,-0.044892,0.29008,-0.340878,-0.553233,0.760084,0.812599,-0.579921,-0.057519,0.473012,0.598728,0.646257,4.3e-05,0.002552,0.003469,-0.008273,0.01822,0.011288,-1.402812,0.042421,0.031492,-0.011509,0.397234,0.541811,0.740706,-0.799555,0.600501,-0.010459,-0.450461,-0.588081,0.671747,2.2e-05,0.001415,0.001923,0.006863,-0.022519,0.021133,-0.997993,0.101337,0.027444,-0.056512,0.928003,0.251238,-0.275116,-0.077084,0.85192,0.517966,0.36451,-0.459467,0.809951,0.023438,0.004423,-0.007117,0.040388,-0.042374,0.08643,-1.128683
636,0.199424,-0.04464,0.296045,-0.928532,-0.249738,-0.274779,0.074383,-0.850192,0.521165,-0.362615,0.463786,0.808356,0.046848,0.009637,-0.013263,0.025177,-0.04185,0.095675,-1.435738,-0.168183,-0.044788,0.290167,-0.336575,-0.544064,0.768572,0.812297,-0.580576,-0.055111,0.476596,0.60644,0.636357,2.9e-05,0.001701,0.00231,-0.057322,0.127328,0.078314,-1.40284,0.042426,0.031543,-0.011466,0.393117,0.532585,0.749541,-0.799116,0.601122,-0.008008,-0.454831,-0.595822,0.661909,1.3e-05,0.000911,0.001239,-0.050795,0.095169,0.09997,-1.000443,0.10216,0.027557,-0.056727,0.927622,0.256815,-0.271223,-0.082401,0.848942,0.522021,0.364316,-0.461889,0.80866,0.015825,-0.001226,-0.002677,-0.042681,0.025479,-0.006058,-1.13097
637,0.200949,-0.044358,0.295643,-0.927703,-0.254773,-0.272955,0.078987,-0.848466,0.523296,-0.363761,0.464217,0.807594,0.031034,0.010058,-0.011751,0.036825,-0.025183,0.053865,-1.452645,-0.168103,-0.044712,0.290174,-0.327493,-0.528362,0.783309,0.81281,-0.5802,-0.051387,0.482012,0.620512,0.618459,2e-06,0.000105,0.000142,-0.161448,0.431142,0.033697,-1.402711,0.042466,0.031583,-0.01146,0.38473,0.517554,0.764277,-0.799351,0.600846,-0.004496,-0.46154,-0.609196,0.644871,-3e-06,-7e-06,-1.4e-05,-0.233227,0.501723,0.317132,-0.996687,0.102928,0.027697,-0.056929,0.926741,0.261809,-0.269452,-0.086952,0.847199,0.52411,0.365497,-0.462285,0.8079,0.0158,6.8e-05,-0.001017,0.005529,-0.03257,0.063082,-1.130153
638,0.201652,-0.0442,0.295492,-0.928051,-0.254639,-0.271894,0.078905,-0.847765,0.524442,-0.362892,0.465568,0.807207,0.031574,0.000605,-0.001388,0.001936,-0.029399,0.059076,-1.461342,-0.168058,-0.044695,0.290139,-0.328771,-0.515706,0.791169,0.806742,-0.588857,-0.048446,0.491255,0.622986,0.608621,-1.9e-05,-0.001127,-0.00153,-0.181037,0.501079,0.085533,-1.40267,0.042489,0.031593,-0.011477,0.385898,0.504439,0.772413,-0.792986,0.609236,-0.001697,-0.471438,-0.611859,0.635116,-1.2e-05,-0.000691,-0.000939,-0.179423,0.492124,0.084127,-0.989502,0.103291,0.027778,-0.057011,0.927087,0.261641,-0.268426,-0.086832,0.846522,0.525223,0.364649,-0.46362,0.807518,0.015791,0.000389,-0.000606,0.005708,-0.032705,0.063097,-1.130806
639,0.20295,-0.043875,0.295261,-0.926749,-0.259206,-0.272018,0.082812,-0.847117,0.524888,-0.365333,0.464231,0.806876,0.030918,0.012976,-0.008007,0.037744,-0.039465,0.078875,-1.471994,-0.168001,-0.044603,0.289925,-0.3205,-0.488991,0.81127,0.795678,-0.603649,-0.049366,0.514237,0.630298,0.581504,-3.3e-05,-0.002007,-0.002728,0.121814,1.300557,-0.494017,-1.402515,0.042517,0.031637,-0.011586,0.378245,0.478372,0.792521,-0.7816,0.62377,-0.00348,-0.496016,-0.618118,0.609833,-1.8e-05,-0.001093,-0.001488,0.13189,1.414836,-0.50769,-0.989829,0.103941,0.027941,-0.057127,0.925745,0.26619,-0.268582,-0.090723,0.845862,0.525628,0.367101,-0.462231,0.807203,0.01546,0.006583,-0.003902,0.038514,-0.040038,0.080121,-1.128684
640,0.204038,-0.043596,0.295153,-0.927006,-0.258533,-0.271783,0.081967,-0.846717,0.525665,-0.364872,0.465335,0.806448,0.031496,0.002415,0.000879,0.001969,-0.029429,0.059106,-1.48058,-0.16813,-0.044498,0.289538,-0.311495,-0.455341,0.834042,0.779284,-0.624633,-0.049833,0.544025,0.635001,0.548337,-7.9e-05,-0.004725,-0.006432,-0.292764,0.939907,-0.152383,-1.402822,0.042452,0.031693,-0.011774,0.369961,0.444773,0.815662,-0.764524,0.644577,-0.004716,-0.527854,-0.621849,0.578509,-0.008391,0.002821,-0.006952,-0.337797,1.110313,-0.019423,-0.987869,0.104485,0.028082,-0.057178,0.926009,0.265501,-0.268356,-0.08986,0.845474,0.526401,0.366648,-0.463338,0.806775,0.01575,0.001251,0.000475,0.002122,-0.029435,0.059594,-1.121989
641,0.205022,-0.04337,0.295085,-0.926172,-0.264032,-0.269329,0.086997,-0.844457,0.528485,-0.365822,0.466361,0.805424,0.015705,0.002194,0.001713,-0.002168,-0.025433,0.050668,-1.485279,-0.168464,-0.044243,0.289008,-0.298743,-0.423195,0.855366,0.764088,-0.643031,-0.051144,0.572016,0.638823,0.51436,-0.000958,0.007911,-0.012547,-0.181843,0.784483,-0.188287,-1.403188,0.042292,0.031808,-0.01204,0.358241,0.412837,0.837393,-0.74876,0.662809,-0.006444,-0.557692,-0.624698,0.546562,-0.008376,0.003611,-0.00588,-0.254177,1.067663,-0.029923,-0.986073,0.104959,0.028193,-0.057214,0.925143,0.271059,-0.265776,-0.094981,0.843123,0.529264,0.367545,-0.464401,0.805755,0.007555,0.006101,-0.003994,-0.008516,0.01675,0.007626,-1.117743
642,0.205431,-0.04327,0.295031,-0.926114,-0.263612,-0.269937,0.08647,-0.844754,0.528096,-0.366091,0.46606,0.805477,0.015113,0.011908,-0.008347,0.036761,-0.024611,0.049388,-1.487527,-0.168653,-0.044006,0.288755,-0.293665,-0.412311,0.862411,0.759895,-0.647998,-0.050912,0.580172,0.640904,0.5025,-0.017622,0.020275,-0.017303,-0.208679,0.982253,-0.080047,-1.40288,0.042191,0.031929,-0.01218,0.352448,0.403047,0.84459,-0.744758,0.667289,-0.007649,-0.566669,-0.62632,0.535358,-0.008803,0.010263,-0.008477,-0.169637,0.882853,-0.14686,-0.983134,0.105181,0.028247,-0.057237,0.925076,0.270571,-0.266501,-0.094356,0.843471,0.528821,0.36787,-0.464054,0.805806,0.00756,0.005922,-0.004232,0.0374,-0.025061,0.0503,-1.116437
643,0.206216,-0.043103,0.294917,-0.926424,-0.263296,-0.269182,0.08608,-0.844106,0.529194,-0.365401,0.46741,0.805007,0.015756,0.000735,-0.000235,0.000984,-0.014715,0.029553,-1.49393,-0.169053,-0.043457,0.28837,-0.29254,-0.407468,0.86509,0.758471,-0.649778,-0.049435,0.582598,0.642192,0.498029,-0.01756,0.022525,-0.014245,-0.066916,0.069097,-0.151838,-1.403022,0.041998,0.032195,-0.012367,0.351387,0.396708,0.848027,-0.743105,0.669155,-0.00512,-0.569492,-0.628374,0.529928,-0.000427,0.006358,-0.002993,-0.383171,-0.253721,0.116024,-0.987053,0.105561,0.02833,-0.057295,0.925393,0.270273,-0.265705,-0.093996,0.842814,0.529933,0.367167,-0.465421,0.805339,0.007558,0.005819,-0.004373,0.03748,-0.025108,0.050277,-1.114314
644,0.206846,-0.04295,0.294777,-0.924723,-0.26793,-0.270456,0.089986,-0.84418,0.528426,-0.368744,0.464639,0.805087,0.015137,0.010835,-0.009793,0.036762,-0.024534,0.049425,-1.498877,-0.169472,-0.042719,0.288263,-0.294852,-0.412057,0.862127,0.763249,-0.644356,-0.046805,0.575144,0.644729,0.503385,-0.016504,0.018055,0.002958,0.008288,0.158442,-0.325373,-1.403699,0.041788,0.032561,-0.012434,0.353885,0.401984,0.844496,-0.747888,0.663819,-0.00258,-0.56163,-0.630675,0.535554,-0.000803,0.015213,-0.002598,0.020019,0.117971,-0.210513,-0.992768,0.105883,0.028403,-0.05736,0.923658,0.274897,-0.266993,-0.097887,0.842852,0.529165,0.370502,-0.462633,0.805417,0.007902,-0.000149,-0.000816,-1.4e-05,-0.000111,0.004916,-1.112355
