frame,MLTx,MLTy,MLTz,MLTR1,MLTR2,MLTR3,MLTR4,MLTR5,MLTR6,MLTR7,MLTR8,MLTR9,MLTTVx,MLTTVy,MLTTVz,MLTRVx,MLTRVy,MLTRVz,MLGA,MRTx,MRTy,MRTz,MRTR1,MRTR2,MRTR3,MRTR4,MRTR5,MRTR6,MRTR7,MRTR8,MRTR9,MRTTVx,MRTTVy,MRTTVz,MRTRVx,MRTRVy,MRTRVz,MRGA,SLTx,SLTy,SLTz,SLTR1,SLTR2,SLTR3,SLTR4,SLTR5,SLTR6,SLTR7,SLTR8,SLTR9,SLTTVx,SLTTVy,SLTTVz,SLTRVx,SLTRVy,SLTRVz,SLGA,SRTx,SRTy,SRTz,SRTR1,SRTR2,SRTR3,SRTR4,SRTR5,SRTR6,SRTR7,SRTR8,SRTR9,SRTTVx,SRTTVy,SRTTVz,SRTRVx,SRTRVy,SRTRVz,SRGA
87,0.078914,0.001356,0.371908,-0.648137,0.337116,-0.682874,-0.299515,-0.937233,-0.178484,-0.699381,0.088423,0.709278,0.013405,-0.002715,-0.001716,0.046083,0.150604,0.111163,-1.581725,-0.070604,0.031585,0.346165,0.370426,0.438749,0.818703,-0.745638,0.666018,-0.019416,-0.554228,-0.603812,0.572804,0.024347,0.010258,0.004434,-1.156836,-1.492356,-0.510459,0.068137,0.057647,0.037121,-0.007861,-0.190306,-0.516063,0.835142,0.797405,-0.577471,-0.175133,0.57265,0.632618,0.521407,0.018458,0.007089,0.00283,-4.557663,-1.642673,-3.01487,-0.136309,0.07596,0.023432,-0.053409,-0.559757,0.465357,-0.685648,-0.467901,-0.860393,-0.201967,-0.683914,0.207764,0.699353,6.5e-05,0.00018,0.000133,0.065197,0.238255,0.122322,-0.907098
88,0.079013,0.001318,0.371907,-0.655668,0.323812,-0.682122,-0.283012,-0.942882,-0.17564,-0.699223,0.077478,0.710712,-0.000386,-0.001142,-0.000874,0.000834,0.000248,-0.000842,-1.587142,-0.069594,0.031789,0.346383,0.367246,0.505237,0.780933,-0.80118,0.598283,-0.010154,-0.472784,-0.62257,0.623494,0.015375,-0.008146,0.008534,-0.93537,-1.614631,-0.414399,0.088877,0.05816,0.037232,-0.007747,-0.186494,-0.57991,0.793047,0.847013,-0.503895,-0.169285,0.497782,0.640151,0.585165,0.007748,-0.004281,0.004075,-0.922808,-1.70754,-0.47572,-0.075565,0.076015,0.023415,-0.053407,-0.569801,0.4539,-0.685055,-0.452832,-0.869064,-0.199172,-0.685761,0.196726,0.700734,-0.00023,-0.000686,-0.000526,0.000504,0.011125,-0.028314,-0.907588
89,0.079002,0.001312,0.371916,-0.657601,0.319894,-0.68211,-0.27742,-0.94455,-0.175598,-0.699646,0.073354,0.710733,-6e-06,-1.7e-05,-1.3e-05,0.0,1e-06,0.0,-1.58906,-0.069179,0.031712,0.346495,0.368784,0.530176,0.763481,-0.817831,0.575385,-0.004371,-0.442051,-0.623448,0.644799,0.01356,0.000972,-0.001062,-0.079258,-1.19016,0.337143,0.089028,0.058362,0.037193,-0.00769,-0.187292,-0.604658,0.77415,0.862042,-0.479022,-0.16559,0.470961,0.636337,0.610958,0.007842,-0.004532,0.003884,-0.961829,-1.407544,-0.308803,-0.067074,0.076009,0.023409,-0.053406,-0.572427,0.450412,-0.685168,-0.447664,-0.871761,-0.19907,-0.686967,0.192772,0.700652,-3e-06,-1.1e-05,-9e-06,-0.001168,-0.000451,0.001029,-0.908731
90,0.078997,0.001319,0.371946,-0.666964,0.304861,-0.6799,-0.254856,-0.950743,-0.176376,-0.699355,0.055254,0.712655,0.000254,0.00075,0.000574,0.026407,0.086987,0.0397,-1.589693,-0.068629,0.031483,0.346749,0.37438,0.572273,0.729612,-0.837066,0.547041,0.000601,-0.39923,-0.611673,0.682886,0.014699,-0.006046,0.010183,0.257049,-1.356256,0.492241,0.087613,0.058641,0.03707,-0.007576,-0.19329,-0.643505,0.740634,0.878985,-0.448959,-0.160686,0.435917,0.619948,0.652411,0.007565,-0.003672,0.004568,-1.007171,-0.917593,-0.534501,-0.062991,0.076006,0.023411,-0.053392,-0.584534,0.437426,-0.683358,-0.426682,-0.882088,-0.199657,-0.690117,0.174871,0.702251,0.000199,0.000575,0.000441,0.062931,0.129568,0.029061,-0.911834
91,0.079032,0.001289,0.371937,-0.677583,0.2857,-0.677718,-0.226572,-0.957709,-0.177285,-0.698868,0.033064,0.714504,-0.000296,-0.000876,-0.00067,1.2442,0.73212,-0.968431,-1.590986,-0.06845,0.031317,0.347051,0.377939,0.6003,0.704836,-0.850984,0.525046,0.009293,-0.364944,-0.604067,0.708366,-0.00115,0.003419,0.002688,0.093065,-0.775059,0.609939,0.087899,0.058736,0.036983,-0.007423,-0.198304,-0.672441,0.713089,0.89158,-0.425966,-0.153744,0.407136,0.605288,0.684006,0.000755,-0.004092,0.005167,-0.20454,-0.661652,0.14657,-0.062991,0.076025,0.023399,-0.053394,-0.596816,0.42029,-0.683495,-0.401528,-0.893944,-0.199091,-0.694683,0.155622,0.702279,-0.000267,-0.000591,-0.000522,3.889723,1.490278,-3.68859,-0.910364
92,0.079095,0.001134,0.371872,-0.688802,0.262846,-0.675655,-0.192962,-0.964785,-0.178685,-0.697975,0.006963,0.716107,-0.001023,-0.003027,-0.002317,0.348493,0.13401,-0.333947,-1.591936,-0.06847,0.031201,0.347328,0.377459,0.624849,0.683433,-0.862945,0.505008,0.015053,-0.336185,-0.596228,0.728941,-0.000783,0.002331,0.00183,0.09565,-0.672017,0.403291,0.08805,0.058724,0.036932,-0.00728,-0.199423,-0.69546,0.690336,0.902038,-0.405511,-0.147943,0.382827,0.593207,0.7082,-0.000396,0.001163,0.000917,0.087941,-0.649431,0.41908,-0.062338,0.076056,0.023323,-0.053425,-0.614119,0.400402,-0.680099,-0.368612,-0.907497,-0.201429,-0.697841,0.126991,0.704905,-0.000546,-0.001628,-0.001245,0.341953,0.102427,-0.353163,-0.908568
93,0.079159,0.001032,0.371809,-0.694886,0.251891,-0.673594,-0.176273,-0.967708,-0.180109,-0.69635,-0.006739,0.717689,-0.001329,-0.003934,-0.003014,0.035966,0.045165,-0.04595,-1.593102,-0.068494,0.03111,0.347438,0.380079,0.634017,0.673464,-0.865042,0.501365,0.016371,-0.327727,-0.58959,0.738133,-0.000485,0.001442,0.001132,0.214586,-0.620686,0.307517,0.087516,0.058712,0.036887,-0.007224,-0.202257,-0.704034,0.680755,0.904052,-0.401487,-0.146617,0.376538,0.585784,0.717687,-0.005436,-0.006359,0.004303,0.225757,-0.689399,0.199774,-0.062665,0.076089,0.023273,-0.053456,-0.622281,0.390725,-0.678307,-0.352652,-0.913536,-0.2027,-0.698858,0.11307,0.706266,0.006126,-0.003087,-0.00218,0.097965,0.000705,-0.084077,-0.908241
94,0.079278,0.000809,0.371796,-0.706983,0.240244,-0.665209,-0.155276,-0.970289,-0.185477,-0.689129,-0.028144,0.724111,-0.000716,-0.002122,-0.001628,0.035755,0.121219,0.056453,-1.596568,-0.06867,0.030787,0.347671,0.384347,0.650521,0.655051,-0.867838,0.496513,0.016295,-0.315102,-0.575555,0.754526,-0.013105,-0.002377,-4.1e-05,-0.906576,-0.555972,-0.923601,0.087477,0.058629,0.036726,-0.007108,-0.208875,-0.719642,0.662182,0.905512,-0.398054,-0.146965,0.369346,0.568917,0.734789,-0.005378,-0.006468,0.004189,-3.452501,-0.65585,-3.887746,-0.063318,0.076147,0.023157,-0.053466,-0.636632,0.381482,-0.670201,-0.332426,-0.919938,-0.207859,-0.695839,0.090463,0.712477,-0.000393,-0.001174,-0.000898,0.033355,0.107959,0.010592,-0.908894
95,0.079277,0.000633,0.371841,-0.718881,0.239559,-0.652584,-0.147207,-0.969888,-0.193958,-0.678507,-0.043673,0.733313,-0.000619,-0.001836,-0.001409,1.255977,0.958233,-0.902321,-1.594548,-0.068942,0.030407,0.348036,0.387879,0.666939,0.636186,-0.869243,0.49417,0.012095,-0.306783,-0.558528,0.77058,-0.01379,-0.000327,0.001562,0.192801,-0.541238,0.319376,0.088378,0.058494,0.036532,-0.006929,-0.212384,-0.736159,0.642621,0.906671,-0.393734,-0.151394,0.364472,0.550493,0.751077,0.000549,-0.003489,0.005653,0.159029,-0.485292,0.17132,-0.062991,0.076147,0.02307,-0.053443,-0.646708,0.382758,-0.659745,-0.325646,-0.920731,-0.214961,-0.689726,0.075827,0.720088,-0.000391,-0.000996,-0.000829,3.647981,1.063754,-3.851214,-0.904159
96,0.079204,0.000573,0.371871,-0.720157,0.241322,-0.650525,-0.148202,-0.9694,-0.195629,-0.676937,-0.044782,0.734696,-0.000593,-0.001756,-0.001348,0.026065,0.095658,0.047084,-1.592845,-0.069084,0.030275,0.348218,0.392705,0.673674,0.626049,-0.867229,0.497769,0.008539,-0.306348,-0.547126,0.778889,-0.011851,-0.009784,0.010911,0.208444,-0.554715,0.085022,0.093924,0.058423,0.036468,-0.006842,-0.218264,-0.74256,0.633217,0.904483,-0.397562,-0.154446,0.366429,0.539025,0.758407,-0.007029,0.000218,0.001082,0.29488,-0.630702,0.02689,-0.061195,0.07611,0.02304,-0.053428,-0.649638,0.384835,-0.655646,-0.32519,-0.9202,-0.217906,-0.687184,0.07165,0.722941,-0.006995,0.00052,0.000217,0.013566,0.083077,-0.028342,-0.902363
97,0.079121,0.000458,0.371845,-0.72419,0.234648,-0.648486,-0.137789,-0.970577,-0.1974,-0.674828,-0.053901,0.736022,-0.000986,-0.002918,-0.002242,-0.000792,0.013079,-0.02567,-1.59419,-0.069395,0.030122,0.348519,0.402483,0.682957,0.609564,-0.863084,0.504975,0.004291,-0.305369,-0.528689,0.791897,-0.014303,0.001245,0.00278,0.115127,-0.325852,0.222282,0.107238,0.058268,0.036389,-0.006687,-0.229408,-0.752606,0.617215,0.900412,-0.404912,-0.159066,0.369633,0.519257,0.770546,-0.006127,-0.004295,0.005926,0.056031,-0.292961,0.257273,-0.044866,0.076069,0.022986,-0.053438,-0.654607,0.378734,-0.654254,-0.315085,-0.923385,-0.219273,-0.687175,0.062609,0.723788,-0.000378,-0.001122,-0.000861,-0.003242,-0.00823,-0.002904,-0.901546
98,0.078986,0.000355,0.371815,-0.726091,0.22928,-0.64828,-0.131353,-0.97163,-0.196604,-0.674066,-0.057891,0.736417,-0.001058,-0.003129,-0.002406,-0.000839,0.012906,-0.025754,-1.594201,-0.069675,0.030091,0.348795,0.410481,0.692043,0.593778,-0.859481,0.5111,-0.001327,-0.304893,-0.510666,0.803818,-0.012198,-0.008707,0.011738,0.323942,-0.634817,-0.203211,0.111753,0.058127,0.036378,-0.006553,-0.239476,-0.759881,0.604344,0.89676,-0.411684,-0.162289,0.372119,0.503087,0.780019,-0.000821,0.002462,0.001926,0.076115,-0.281462,0.326616,-0.035232,0.076002,0.022934,-0.053454,-0.657439,0.373805,-0.654249,-0.309007,-0.925653,-0.218358,-0.687232,0.058611,0.724069,-0.000358,-0.001059,-0.000812,-0.000984,-0.000408,0.000946,-0.900893
99,0.078855,0.00032,0.371784,-0.727876,0.224023,-0.648117,-0.124927,-0.972607,-0.195964,-0.673361,-0.061957,0.736731,-0.00126,-0.003719,-0.002861,-0.006559,0.101995,-0.203575,-1.594257,-0.069771,0.030077,0.348896,0.416457,0.693268,0.588161,-0.857665,0.514143,0.001457,-0.301891,-0.505923,0.807939,-0.001206,0.003647,0.002841,0.054496,-0.16117,0.131718,0.115505,0.058074,0.03637,-0.006496,-0.245652,-0.763201,0.597644,0.89555,-0.414651,-0.161414,0.371005,0.495569,0.785344,-0.005863,-0.005073,0.00531,-0.008042,-0.109248,0.136559,-0.030823,0.075937,0.022916,-0.053469,-0.660099,0.369098,-0.654243,-0.302982,-0.92779,-0.217728,-0.687364,0.054502,0.724264,-0.007155,6.5e-05,-0.000133,-0.001708,0.014798,-0.028775,-0.899097
100,0.078546,0.000213,0.371746,-0.732543,0.215421,-0.645771,-0.113204,-0.973922,-0.196554,-0.670365,-0.071156,0.738631,-0.001163,-0.003422,-0.002637,0.000272,0.000918,0.000424,-1.594638,-0.069943,0.029935,0.349099,0.430698,0.700536,0.568982,-0.854951,0.518569,0.0089,-0.289342,-0.491166,0.821524,0.001973,-0.009597,0.009249,0.057205,-0.25042,0.069188,0.116458,0.057986,0.036306,-0.006395,-0.262035,-0.770885,0.58058,0.894527,-0.419778,-0.153645,0.362157,0.479084,0.799574,-0.000203,0.000602,0.000473,0.068891,-0.284676,0.110212,-0.024945,0.075782,0.022861,-0.053489,-0.666505,0.361411,-0.652037,-0.291634,-0.93133,-0.218113,-0.68609,0.044782,0.726136,-0.007351,-0.000498,-0.000569,-0.005223,0.017719,-0.059673,-0.895341
101,0.078274,-1.1e-05,0.371773,-0.736742,0.201401,-0.645518,-0.095483,-0.976006,-0.195618,-0.668514,-0.082742,0.739101,-0.002217,-0.013926,0.006379,1.035703,0.342433,-1.24124,-1.595134,-0.06993,0.029663,0.349382,0.440036,0.714857,0.543451,-0.857867,0.51344,0.019451,-0.265659,-0.475667,0.838469,0.002042,-0.009808,0.009089,-1.079125,-1.203482,-1.231191,0.11738,0.057993,0.036167,-0.006255,-0.274941,-0.782792,0.55825,0.897785,-0.416811,-0.1423,0.344076,0.462065,0.817378,0.001008,-0.004772,0.004557,-4.675561,-2.212495,-3.185093,-0.023965,0.075646,0.022753,-0.053479,-0.672619,0.349609,-0.652193,-0.276293,-0.936267,-0.216942,-0.686472,0.034277,0.726346,-0.000756,-0.002083,-0.001663,3.569251,1.093462,-4.106,-0.899424
102,0.078026,-0.000312,0.37187,-0.740134,0.196893,-0.643024,-0.089804,-0.976523,-0.195727,-0.665547,-0.08737,0.741242,-0.002461,-0.014624,0.005837,-0.035088,0.032054,-0.041086,-1.595856,-0.069833,0.02946,0.349531,0.444729,0.723215,0.528363,-0.859151,0.511106,0.02378,-0.253391,-0.465429,0.847958,0.000277,-0.000839,-0.000653,0.049722,-0.149558,0.139151,0.13206,0.058042,0.036064,-0.006176,-0.279708,-0.793151,0.540993,0.900218,-0.41253,-0.139376,0.333722,0.448027,0.829397,0.000194,-0.000601,-0.000466,0.035635,-0.201005,0.338272,-0.012535,0.075522,0.022598,-0.053427,-0.677515,0.344612,-0.649781,-0.269182,-0.93833,-0.216973,-0.684481,0.027907,0.728496,-0.001231,-0.00731,0.002926,-0.038662,0.020717,-0.045978,-0.903179
103,0.07788,-0.00046,0.371907,-0.742002,0.197399,-0.640712,-0.090118,-0.976335,-0.19652,-0.663423,-0.088332,0.743031,-0.0014,-0.004097,-0.003168,0.010683,0.038314,0.018763,-1.595489,-0.069844,0.029414,0.349561,0.442809,0.729161,0.521762,-0.862673,0.504995,0.026624,-0.244612,-0.462817,0.851956,4e-06,-1.2e-05,-1e-05,0.044431,-0.22044,0.329245,0.138043,0.058037,0.036038,-0.006164,-0.278128,-0.798434,0.533992,0.903554,-0.406111,-0.136612,0.325936,0.444495,0.834379,0.001184,-0.005409,0.004155,-0.02883,-0.077389,0.157967,-0.00437,0.075449,0.022525,-0.053409,-0.679399,0.345547,-0.647312,-0.2695,-0.938029,-0.217877,-0.682484,0.026426,0.730421,-0.007512,-0.000906,-0.000895,0.002481,0.042434,-0.048272,-0.905302
104,0.077552,-0.000792,0.371952,-0.747406,0.194233,-0.635376,-0.079383,-0.975539,-0.204924,-0.65871,-0.102972,0.745335,-0.002804,-0.015594,0.005079,-0.016677,0.0896,-0.01636,-1.596266,-0.069861,0.029402,0.349554,0.438245,0.740293,0.509803,-0.870278,0.491251,0.034995,-0.225067,-0.459938,0.858874,0.000377,-0.001142,-0.000889,-1.658804,-2.021558,1.242145,0.149609,0.058028,0.036035,-0.006165,-0.272886,-0.807767,0.522537,0.910665,-0.392017,-0.130423,0.310195,0.440266,0.842582,0.00022,-0.000676,-0.000523,0.004978,-0.066514,0.150871,0.012775,0.075286,0.022364,-0.053389,-0.685477,0.343505,-0.641968,-0.258674,-0.939086,-0.226282,-0.680593,0.010949,0.732579,-0.007503,-0.000864,-0.000861,0.009429,0.037271,-0.034841,-0.902689
105,0.077253,-0.001137,0.371987,-0.752278,0.1923,-0.630193,-0.069673,-0.974285,-0.214211,-0.654248,-0.117486,0.747117,-0.015169,-0.002151,-0.002077,0.155162,0.445078,0.406546,-1.594846,-0.069877,0.02942,0.349569,0.431504,0.754662,0.494248,-0.879277,0.474224,0.043799,-0.201856,-0.45443,0.867532,-0.000173,0.000523,0.000407,-1.64667,-2.080858,1.153141,0.15268,0.058021,0.03604,-0.00616,-0.267313,-0.820589,0.50515,0.919143,-0.374542,-0.122035,0.289341,0.431684,0.854359,-0.000111,0.000331,0.000263,-0.024267,-0.134083,0.012876,0.021756,0.075141,0.022192,-0.053371,-0.689237,0.341039,-0.639252,-0.248207,-0.940045,-0.233896,-0.680694,-0.002543,0.732563,-0.000969,-0.002816,-0.002182,0.046411,-0.045246,-0.002053,-0.903179
106,0.077119,-0.001309,0.372006,-0.753389,0.18556,-0.630887,-0.05842,-0.974425,-0.216923,-0.654069,-0.12681,0.745748,-0.002672,-0.015178,0.005392,0.153281,-0.084264,0.111205,-1.595175,-0.069865,0.029443,0.349609,0.427369,0.763686,0.483871,-0.884005,0.465032,0.047065,-0.189592,-0.448819,0.873201,-0.000708,0.002145,0.001668,-1.382987,-2.425953,0.986249,0.155833,0.058028,0.036049,-0.006142,-0.265621,-0.828044,0.493749,0.923537,-0.365502,-0.116134,0.27663,0.425148,0.861814,-0.000368,0.001076,0.000821,-1.263272,-2.560158,0.895503,0.024859,0.075068,0.022103,-0.053364,-0.693085,0.335755,-0.637888,-0.237596,-0.941858,-0.237595,-0.680574,-0.013114,0.732562,-0.007681,-0.001353,-0.001253,0.681284,-0.491688,0.564766,-0.903016
107,0.0768,-0.001634,0.37203,-0.756099,0.179751,-0.629324,-0.047865,-0.974127,-0.220811,-0.651794,-0.137064,0.745925,-0.016418,-0.013109,0.00658,-0.036227,0.046214,-0.070916,-1.595487,-0.069888,0.029453,0.349744,0.41798,0.780923,0.464159,-0.892889,0.447199,0.051915,-0.167538,-0.437125,0.883581,-0.000969,0.002936,0.002281,-2.427853,-0.548895,-4.817332,0.161058,0.058016,0.036054,-0.006075,-0.262435,-0.842234,0.470922,0.92916,-0.352244,-0.11218,0.260362,0.408122,0.875012,-0.000585,0.001762,0.001373,0.156403,-0.276913,0.079411,0.032697,0.074915,0.021942,-0.05335,-0.696647,0.330577,-0.63671,-0.227058,-0.943483,-0.241419,-0.680533,-0.023613,0.732335,-0.00092,-0.002664,-0.002067,-0.006274,0.005159,-0.030998,-0.90122
108,0.076516,-0.001947,0.371987,-0.756453,0.173923,-0.630535,-0.035879,-0.97355,-0.225579,-0.652152,-0.148241,0.743471,-0.003168,-0.016572,0.00429,-0.035401,0.030932,-0.041636,-1.596872,-0.069958,0.029592,0.349892,0.417036,0.798351,0.434405,-0.897391,0.437324,0.058058,-0.144132,-0.415049,0.898233,-0.001703,0.005165,0.004006,0.163261,-0.495678,0.243648,0.160551,0.057982,0.036121,-0.006003,-0.25945,-0.859903,0.439604,0.935651,-0.336579,-0.106164,0.239252,0.383772,0.891894,-0.000783,0.002361,0.001837,0.065017,-0.547568,0.084275,0.03482,0.074767,0.02178,-0.05337,-0.698053,0.324858,-0.638112,-0.215061,-0.945136,-0.245898,-0.682985,-0.034417,0.72962,-0.001585,-0.008291,0.002149,-0.039764,0.032622,-0.042946,-0.902363
109,0.076281,-0.002255,0.371897,-0.757081,0.167125,-0.631619,-0.023135,-0.97295,-0.229793,-0.651998,-0.159575,0.741256,-0.002177,-0.006276,-0.004913,2.055181,-1.22509,1.341235,-1.597454,-0.070005,0.029829,0.350072,0.412744,0.816465,0.403756,-0.902781,0.425393,0.062944,-0.120866,-0.391511,0.912126,-0.002035,0.006171,0.004775,0.279006,-0.632873,0.15093,0.158385,0.057959,0.036238,-0.005914,-0.258252,-0.875217,0.409022,0.940568,-0.324436,-0.100357,0.220536,0.358796,0.906988,-0.001133,0.003413,0.002643,-0.192335,-1.296821,0.347114,0.03482,0.074651,0.021634,-0.053415,-0.701121,0.316904,-0.638748,-0.202868,-0.947442,-0.247379,-0.683573,-0.043861,0.728562,-0.000914,-0.002639,-0.002059,-0.001307,3.7e-05,0.000695,-0.903016
110,0.076181,-0.002371,0.371843,-0.758236,0.16213,-0.631536,-0.017072,-0.973163,-0.229422,-0.650842,-0.163384,0.741442,-0.002044,-0.005888,-0.004614,-0.000109,0.013071,-0.026706,-1.596941,-0.070092,0.029926,0.350191,0.41023,0.823491,0.391874,-0.905146,0.419978,0.06529,-0.111312,-0.382526,0.917141,-0.002339,0.007098,0.005485,0.287853,-0.538642,0.156042,0.148715,0.057921,0.036287,-0.005855,-0.25703,-0.881364,0.396399,0.942725,-0.31891,-0.097797,0.21261,0.348559,0.912853,-0.001091,0.003296,0.002555,0.27729,-0.626691,0.06725,0.030248,0.0746,0.021572,-0.053439,-0.702,0.313661,-0.639383,-0.196492,-0.948245,-0.249442,-0.684533,-0.049475,0.727301,-0.000811,-0.002346,-0.001833,0.006304,0.003987,-0.009934,-0.902526
111,0.075983,-0.002534,0.371711,-0.76113,0.157529,-0.629214,-0.011168,-0.973066,-0.230191,-0.647585,-0.168383,0.743174,-0.01519,-0.001981,-0.001999,0.000313,0.019351,-0.027301,-1.595918,-0.070404,0.03,0.350533,0.411474,0.832462,0.371062,-0.905944,0.417938,0.067293,-0.099564,-0.364901,0.925634,-0.013057,-0.005983,0.013796,0.184613,-0.421593,0.167568,0.137275,0.057758,0.036328,-0.00568,-0.260752,-0.889897,0.374287,0.943445,-0.317112,-0.096695,0.204739,0.327906,0.922257,-0.006554,-0.002933,0.006952,0.218054,-0.444561,0.152655,0.012775,0.074505,0.021486,-0.053508,-0.705882,0.309728,-0.637022,-0.190714,-0.949226,-0.250195,-0.68217,-0.055119,0.729111,-0.001038,-0.002992,-0.002343,-0.004949,-0.002897,-0.033768,-0.903506
112,0.075774,-0.002687,0.371561,-0.760531,0.15826,-0.629755,-0.010171,-0.972596,-0.232217,-0.648305,-0.170408,0.742084,-0.015124,-0.001757,-0.001832,-0.001856,0.02751,-0.055362,-1.595433,-0.070738,0.029939,0.350976,0.417212,0.837782,0.352203,-0.903736,0.423151,0.064329,-0.09565,-0.346195,0.933201,-0.013172,-0.005589,0.01408,0.314497,-0.59196,-0.12478,0.121265,0.057596,0.0363,-0.005463,-0.2692,-0.894251,0.357555,0.941356,-0.322736,-0.09843,0.203417,0.31009,0.92869,-0.006601,-0.002778,0.007056,0.234615,-0.781416,-0.107681,-0.003554,0.074395,0.021409,-0.053584,-0.705035,0.310253,-0.637705,-0.189582,-0.948953,-0.252083,-0.683362,-0.05683,0.727864,-0.007536,-0.000814,-0.000864,-0.002691,0.027032,-0.055185,-0.902363
113,0.075685,-0.002768,0.371521,-0.761635,0.153198,-0.629673,-0.004059,-0.972731,-0.231837,-0.647074,-0.174218,0.742273,-0.001418,-0.004065,-0.003201,-0.000873,0.012794,-0.025809,-1.595722,-0.070915,0.029826,0.351287,0.417922,0.83973,0.34668,-0.903385,0.424305,0.061609,-0.095874,-0.339993,0.935455,-0.013289,-0.005212,0.01436,0.248608,-0.405505,-0.058823,0.111706,0.057508,0.036244,-0.005308,-0.270262,-0.896426,0.351251,0.940687,-0.323575,-0.102005,0.205096,0.30285,0.930707,-0.005499,-0.007939,0.011405,0.341054,-0.543152,-0.15796,-0.015964,0.074356,0.021369,-0.053603,-0.707056,0.305523,-0.63775,-0.183635,-0.95024,-0.251634,-0.682896,-0.060806,0.727979,-0.001146,-0.007002,0.003139,-0.035134,0.017994,-0.015242,-0.900077
114,0.075582,-0.002845,0.371458,-0.761806,0.149888,-0.630262,0.002334,-0.972192,-0.234111,-0.646881,-0.180013,0.741058,-0.000493,-0.001411,-0.001113,0.313484,0.116444,-0.368593,-1.59462,-0.071319,0.02932,0.352108,0.418163,0.845067,0.333155,-0.903787,0.423665,0.06009,-0.090877,-0.327296,0.940469,-0.010967,-0.015901,0.022777,-0.490315,-0.715579,0.097716,0.10377,0.0573,0.03599,-0.004891,-0.271688,-0.901597,0.336612,0.940736,-0.322571,-0.104699,0.202978,0.288218,0.935804,-0.005501,-0.007942,0.011399,-0.594362,-0.727431,0.136079,-0.033926,0.074297,0.021326,-0.053638,-0.707809,0.302394,-0.638406,-0.177341,-0.950866,-0.253777,-0.68378,-0.06641,0.726659,-0.000208,-0.000601,-0.000471,0.315304,0.117258,-0.373007,-0.902363
115,0.075584,-0.002892,0.371474,-0.761029,0.15133,-0.630855,0.002735,-0.971623,-0.236457,-0.647792,-0.181873,0.739807,0.000146,0.000419,0.00033,0.00045,-0.000272,0.000297,-1.594862,-0.071613,0.028904,0.352929,0.415707,0.851213,0.320335,-0.905058,0.42174,0.054204,-0.089467,-0.31353,0.945281,0.00123,-0.010923,0.024844,0.328639,-0.544388,-0.132074,0.097093,0.057153,0.035784,-0.004491,-0.271388,-0.905889,0.325135,0.940917,-0.320803,-0.108444,0.202542,0.276494,0.939429,-0.006981,-0.001577,0.00795,-0.048957,0.020304,-0.027998,-0.042417,0.074299,0.021303,-0.05363,-0.706782,0.303601,-0.63897,-0.176655,-0.950357,-0.256151,-0.685018,-0.068166,0.725328,0.000127,0.000366,0.00029,-0.003976,0.002102,-0.001987,-0.902852
116,0.075614,-0.002972,0.37158,-0.762773,0.152049,-0.628573,0.002045,-0.971362,-0.237534,-0.645742,-0.182667,0.741402,0.000258,0.000739,0.000582,0.123992,0.438805,0.212917,-1.594306,-0.071952,0.028501,0.353742,0.413843,0.853753,0.315962,-0.905985,0.420012,0.052109,-0.088724,-0.308901,0.946875,-0.012995,-0.00603,0.013687,-0.003927,-0.03253,-0.050046,0.096484,0.056987,0.035587,-0.004076,-0.269369,-0.908841,0.318509,0.941285,-0.318363,-0.112361,0.20352,0.269542,0.941236,-0.005318,-0.008496,0.010975,-0.068513,0.013538,-0.084584,-0.048295,0.074314,0.021265,-0.053575,-0.707109,0.303718,-0.638554,-0.17696,-0.950328,-0.256048,-0.684603,-0.068055,0.725731,0.000174,0.000498,0.00039,0.145463,0.51616,0.250807,-0.9022
117,0.075619,-0.003028,0.371627,-0.762827,0.151974,-0.628525,0.001975,-0.971405,-0.237362,-0.645678,-0.182505,0.741497,4e-06,1.1e-05,9e-06,0.001813,0.006415,0.003111,-1.592379,-0.072123,0.028328,0.354069,0.412197,0.855173,0.314269,-0.906739,0.418554,0.050701,-0.088683,-0.30694,0.947516,0.002244,-0.014066,0.022454,-0.069223,0.072953,-0.202648,0.096674,0.056897,0.035498,-0.003907,-0.267859,-0.909971,0.316547,0.941671,-0.316742,-0.113701,0.203728,0.267627,0.941737,0.001153,-0.007172,0.011128,-0.098978,0.105654,-0.186906,-0.048132,0.074317,0.021239,-0.05355,-0.70861,0.304612,-0.63646,-0.177421,-0.949953,-0.257117,-0.682929,-0.069274,0.727192,-0.0,-2e-06,-2e-06,-0.003565,-0.015671,-0.008909,-0.902852
118,0.07565,-0.00313,0.371704,-0.762904,0.1519,-0.628449,0.001817,-0.971469,-0.2371,-0.645588,-0.182224,0.741645,0.0,0.0,0.0,0.0,1e-06,1e-06,-1.592159,-0.072387,0.02806,0.354624,0.409795,0.85684,0.312866,-0.907877,0.416206,0.049656,-0.088169,-0.305475,0.948037,4.6e-05,-0.003674,0.01376,-0.021852,-0.025034,-0.00605,0.096852,0.056766,0.035363,-0.003637,-0.265599,-0.911247,0.314776,0.942372,-0.31429,-0.114697,0.203448,0.266173,0.94221,-0.006246,-0.003816,0.006236,-0.044166,0.012441,-0.025002,-0.048295,0.074333,0.021188,-0.053511,-0.708579,0.304466,-0.636565,-0.177555,-0.950027,-0.256752,-0.682926,-0.068904,0.727229,-0.000493,-0.005127,0.004614,-0.034812,0.017594,-0.015905,-0.902526
119,0.07568,-0.003222,0.371762,-0.763012,0.151691,-0.628369,0.001788,-0.971544,-0.236791,-0.64546,-0.181995,0.741812,-0.000986,-0.010251,0.009231,-0.034531,0.018131,-0.01583,-1.591052,-0.072519,0.027864,0.355065,0.407708,0.858384,0.311356,-0.90884,0.414246,0.048416,-0.087916,-0.303797,0.9486,0.000767,-0.005925,0.012061,0.078709,-0.140802,-0.080212,0.097073,0.056699,0.035268,-0.003414,-0.263865,-0.91225,0.313328,0.942906,-0.312395,-0.11548,0.203229,0.264968,0.942596,-0.000617,0.001904,0.001434,0.164705,-0.187864,-0.113166,-0.048132,0.074349,0.021145,-0.053486,-0.708709,0.304296,-0.636501,-0.177601,-0.950095,-0.256469,-0.682779,-0.068719,0.727385,-0.0,3e-06,4e-06,-0.000125,-4.4e-05,0.000123,-0.902036
120,0.07571,-0.003253,0.37179,-0.764688,0.152471,-0.626139,0.00121,-0.971233,-0.238067,-0.643476,-0.183002,0.743287,0.000149,0.000427,0.000337,0.046837,0.165551,0.080143,-1.59025,-0.07252,0.027784,0.355242,0.407342,0.858525,0.311447,-0.909046,0.413752,0.048777,-0.087481,-0.304074,0.948551,0.001078,-0.006901,0.011327,-0.033827,0.000518,-0.023734,0.096612,0.056698,0.035228,-0.003325,-0.263315,-0.91252,0.313004,0.943122,-0.311749,-0.115459,0.202938,0.2648,0.942706,-0.000683,0.002118,0.001595,-0.008036,-0.00304,0.030195,-0.048295,0.074363,0.021125,-0.053469,-0.71008,0.305249,-0.634513,-0.178094,-0.949703,-0.257576,-0.681225,-0.069897,0.728728,0.0001,0.000286,0.000225,0.066097,0.240044,0.119041,-0.902526
121,0.075734,-0.003313,0.371822,-0.763829,0.154225,-0.626757,0.001357,-0.970615,-0.240575,-0.644495,-0.184808,0.741956,-7.8e-05,-0.000223,-0.000176,1e-05,3.5e-05,1.7e-05,-1.588421,-0.072489,0.0277,0.355571,0.406594,0.858793,0.311684,-0.909448,0.412798,0.049356,-0.086771,-0.304614,0.948443,0.000949,-0.006495,0.011632,-0.0334,-0.011775,0.002475,0.095263,0.056714,0.035183,-0.003163,-0.262547,-0.91266,0.313239,0.943515,-0.310813,-0.114768,0.202103,0.265414,0.942713,-0.000523,0.001621,0.001217,-6.8e-05,0.000187,0.000726,-0.049275,0.074375,0.021097,-0.053452,-0.709084,0.306911,-0.634825,-0.17779,-0.949035,-0.260231,-0.682341,-0.07166,0.727512,-5.1e-05,-0.000145,-0.000114,-0.001322,-0.002084,-0.001662,-0.903996
122,0.075729,-0.003343,0.371838,-0.763862,0.154162,-0.626733,0.001348,-0.970638,-0.240482,-0.644456,-0.18474,0.742007,-0.000175,-0.000503,-0.000396,0.0,0.0,0.0,-1.587721,-0.072428,0.027601,0.3558,0.405799,0.859055,0.312,-0.909853,0.411857,0.049757,-0.08625,-0.305151,0.948318,-0.000414,0.001295,0.000972,0.0,-0.0,-0.0,0.091912,0.056744,0.035138,-0.003046,-0.261866,-0.912816,0.313355,0.943831,-0.310013,-0.114335,0.201511,0.265814,0.942727,0.006073,0.002536,0.001068,0.002175,-0.01524,0.029651,-0.050581,0.074373,0.021083,-0.053444,-0.709116,0.306846,-0.634821,-0.177806,-0.949063,-0.260121,-0.682303,-0.071581,0.727555,-0.000137,-0.000393,-0.000309,-8.8e-05,-6.1e-05,5.8e-05,-0.903669
123,0.075755,-0.00338,0.371849,-0.763915,0.154028,-0.626701,0.001389,-0.970672,-0.240345,-0.644393,-0.184674,0.742078,-2e-06,-6e-06,-5e-06,0.0,0.0,0.0,-1.587754,-0.072334,0.027493,0.356055,0.405285,0.859252,0.312126,-0.910142,0.411152,0.050299,-0.085606,-0.30555,0.948248,0.00134,-0.007717,0.010717,-0.035448,0.00235,-0.022559,0.068267,0.056792,0.035079,-0.002921,-0.261199,-0.912977,0.313443,0.944159,-0.3092,-0.113828,0.200839,0.266209,0.942759,0.006928,-0.001906,0.005987,-0.045403,0.070495,-0.140775,-0.0674,0.074385,0.021063,-0.05344,-0.709193,0.306726,-0.634793,-0.177778,-0.949106,-0.259984,-0.68223,-0.071527,0.727629,2e-06,8e-06,6e-06,-5.4e-05,-2.6e-05,5e-05,-0.903342
124,0.075753,-0.003395,0.371863,-0.763933,0.154,-0.626687,0.001374,-0.970685,-0.240292,-0.644372,-0.184628,0.742108,-0.013447,0.003103,0.001993,-0.000984,0.014715,-0.029553,-1.587805,-0.072306,0.027423,0.356211,0.404105,0.86048,0.310267,-0.910634,0.410266,0.048605,-0.085961,-0.303268,0.948948,-0.001082,0.003382,0.002533,0.009095,-0.022297,0.019842,0.056284,0.056807,0.035043,-0.002845,-0.26014,-0.914065,0.311144,0.944276,-0.308133,-0.115735,0.201663,0.263699,0.943289,0.000678,-0.003898,0.005326,-0.046144,0.013622,-0.019944,-0.082423,0.07439,0.021054,-0.053433,-0.709204,0.306724,-0.634782,-0.177813,-0.94911,-0.259946,-0.682209,-0.071483,0.727653,1e-06,7e-06,7e-06,-3.8e-05,-2.8e-05,4.9e-05,-0.903832
125,0.075739,-0.003448,0.371925,-0.765669,0.154619,-0.624411,0.000831,-0.970411,-0.241401,-0.64231,-0.185552,0.743663,-0.000925,-0.01008,0.009368,-0.034494,0.018264,-0.015766,-1.587901,-0.072277,0.027149,0.356552,0.403568,0.862159,0.30628,-0.911141,0.409022,0.049565,-0.083034,-0.300156,0.950197,0.001833,-0.00926,0.009567,-0.027148,-0.007317,-0.028679,0.012596,0.05682,0.03491,-0.00267,-0.260092,-0.915485,0.306981,0.944798,-0.306899,-0.114754,0.199268,0.260188,0.944771,0.000879,-0.00454,0.004849,-0.043526,0.017396,-0.020422,-0.121613,0.074378,0.021033,-0.053405,-0.710862,0.30763,-0.632485,-0.178255,-0.948712,-0.261093,-0.680367,-0.072857,0.729241,3.6e-05,0.000102,8e-05,-0.001167,-0.004753,-0.002584,-0.904159
126,0.075721,-0.003546,0.372029,-0.764898,0.156203,-0.624961,0.000958,-0.969845,-0.243661,-0.643227,-0.187177,0.742463,-0.000979,-0.010232,0.009249,-0.034539,0.018105,-0.015843,-1.587022,-0.07222,0.026834,0.356813,0.400571,0.865618,0.3004,-0.912346,0.406926,0.044381,-0.084312,-0.292941,0.952334,-0.0,1e-06,1e-06,0.060651,-0.070523,-0.044544,-0.068912,0.056849,0.034749,-0.002537,-0.257702,-0.918321,0.300456,0.944944,-0.304433,-0.119996,0.201664,0.252991,0.946216,0.00115,-0.005379,0.004224,0.01277,-0.05496,-0.064561,-0.197706,0.074369,0.020984,-0.053353,-0.709767,0.309031,-0.633032,-0.177971,-0.948149,-0.263321,-0.681583,-0.074235,0.727964,-5e-06,-6e-06,-4e-06,-0.000551,0.000172,-0.000297,-0.904159
127,0.075719,-0.003585,0.372076,-0.764945,0.156139,-0.62492,0.000899,-0.969882,-0.243514,-0.643172,-0.187038,0.742545,0.000465,0.001333,0.001051,0.000891,-0.012733,0.025839,-1.586584,-0.072199,0.02674,0.356866,0.398639,0.867837,0.296543,-0.913073,0.405695,0.040549,-0.085601,-0.288026,0.953717,0.000126,-0.000395,-0.000296,0.264052,-0.307021,-0.193798,-0.123659,0.056859,0.034702,-0.00251,-0.256653,-0.919569,0.297524,0.944958,-0.303381,-0.122526,0.202934,0.249702,0.946818,8.6e-05,-0.000283,-0.000216,0.435128,-0.500173,-0.288168,-0.242938,0.074367,0.020957,-0.053328,-0.709848,0.308944,-0.632984,-0.178038,-0.948189,-0.263131,-0.681482,-0.074088,0.728074,-4e-06,-6e-06,-3e-06,-0.000105,1.2e-05,7e-06,-0.904322
128,0.075726,-0.003675,0.372187,-0.765084,0.155885,-0.624813,0.000832,-0.969985,-0.243106,-0.643007,-0.186718,0.742769,-0.000691,-0.009408,0.0099,-0.034542,0.018093,-0.015849,-1.586637,-0.072263,0.026688,0.356813,0.397383,0.868998,0.294824,-0.913538,0.404855,0.0384,-0.086476,-0.285691,0.95434,-0.001536,0.008336,-0.010266,0.04934,-0.006782,-0.014188,-0.26111,0.056827,0.034675,-0.002532,-0.255039,-0.921065,0.294268,0.944994,-0.301886,-0.125896,0.204794,0.245973,0.947394,0.000187,-0.000593,-0.000444,-0.006823,0.006729,-0.001372,-0.356424,0.074371,0.020914,-0.053271,-0.710024,0.308739,-0.632886,-0.178145,-0.948278,-0.262738,-0.68127,-0.073805,0.728301,-0.000336,-0.004671,0.004977,-0.03458,0.018077,-0.015825,-0.903016
129,0.075778,-0.0037,0.372285,-0.766747,0.156743,-0.622556,0.0001,-0.969674,-0.244345,-0.641024,-0.187616,0.744255,0.000491,0.00141,0.001111,0.009244,0.032616,0.015717,-1.58285,-0.072413,0.026651,0.356596,0.396698,0.869136,0.295338,-0.913784,0.404353,0.037834,-0.087021,-0.285983,0.954203,-0.000869,0.006249,-0.01183,0.035442,-0.002326,0.022574,-0.463466,0.056756,0.034661,-0.002637,-0.254351,-0.921044,0.294928,0.945109,-0.301403,-0.126188,0.205117,0.246644,0.94715,0.000774,-0.002422,-0.001813,-0.014631,0.097899,-0.172075,-0.523634,0.074396,0.020901,-0.053222,-0.711701,0.309998,-0.630381,-0.178863,-0.947755,-0.264134,-0.679329,-0.075233,0.729966,0.000366,0.001057,0.000832,0.00641,0.017255,0.006016,-0.903669
130,0.075821,-0.003683,0.372326,-0.766706,0.156909,-0.622564,-5.1e-05,-0.969658,-0.24441,-0.641073,-0.187562,0.744227,0.000849,0.002438,0.001919,0.001055,-0.012156,0.026117,-1.581942,-0.07247,0.026603,0.356421,0.396142,0.869251,0.295747,-0.913988,0.403932,0.037419,-0.087417,-0.286231,0.954093,-0.012984,0.00099,-0.014106,0.033398,0.012871,-0.006676,-0.57823,0.056727,0.034636,-0.002725,-0.25372,-0.921113,0.295255,0.945204,-0.300935,-0.126597,0.205463,0.246957,0.946993,0.001239,-0.003874,-0.002906,-0.002018,0.014112,-0.024543,-0.629773,0.074418,0.020909,-0.053202,-0.711511,0.310044,-0.630574,-0.17894,-0.947753,-0.264089,-0.679509,-0.075068,0.729816,0.000419,0.00121,0.00095,-0.000902,-0.020406,0.021569,-0.903342
131,0.075948,-0.003662,0.372346,-0.766586,0.157312,-0.622612,-0.000334,-0.969596,-0.244656,-0.641217,-0.187545,0.744107,0.000284,0.000817,0.000643,0.0,0.0,0.0,-1.580171,-0.07252,0.026609,0.35594,0.404767,0.864305,0.298548,-0.909486,0.414245,0.034202,-0.094604,-0.286462,0.953338,4e-05,0.003397,-0.013984,1.861124,1.982167,-0.647489,-0.784885,0.056698,0.034636,-0.002968,-0.263389,-0.917594,0.297736,0.941556,-0.311705,-0.127709,0.209991,0.246698,0.946066,1.2e-05,0.001745,-0.006954,0.035486,-0.003259,0.022477,-0.824578,0.074482,0.020923,-0.05319,-0.71127,0.310386,-0.630677,-0.179185,-0.947648,-0.264299,-0.679695,-0.07498,0.729651,0.006886,-0.001084,-0.000633,0.00091,-0.014896,0.029514,-0.903179
132,0.076214,-0.003679,0.37234,-0.766414,0.157883,-0.622679,-0.000734,-0.969507,-0.245003,-0.641422,-0.187521,0.743936,0.000449,0.001294,0.001018,0.0,0.0,0.0,-1.578829,-0.072628,0.026678,0.355301,0.411974,0.857093,0.30929,-0.904587,0.42539,0.026455,-0.109397,-0.291762,0.950143,-0.011929,-0.002368,-0.01666,0.079787,0.081171,-0.04867,-1.042298,0.056648,0.034673,-0.003285,-0.268478,-0.911379,0.31194,0.936422,-0.32287,-0.137362,0.225905,0.255229,0.940119,-0.000683,0.005685,-0.012261,0.248478,0.183686,-0.044438,-0.799922,0.074609,0.020913,-0.053194,-0.711002,0.310894,-0.630729,-0.179541,-0.947487,-0.264636,-0.679882,-0.074915,0.729484,0.0003,0.000863,0.000673,0.000881,-0.012727,0.025889,-0.903832
133,0.076513,-0.003669,0.37237,-0.766326,0.158184,-0.62271,-0.000962,-0.969466,-0.245168,-0.641526,-0.187484,0.743855,0.000979,0.002832,0.002226,0.0,0.0,0.0,-1.578731,-0.072864,0.026898,0.354441,0.42768,0.842753,0.326877,-0.893228,0.449411,0.010366,-0.138687,-0.297475,0.94453,-0.00164,0.012195,-0.023917,0.197443,0.146922,0.170606,-1.270419,0.056528,0.034774,-0.003716,-0.282494,-0.899755,0.33262,0.925288,-0.347054,-0.152955,0.253059,0.264561,0.930574,-0.00718,0.004412,-0.01238,0.614576,0.722194,-0.178563,-0.817557,0.074763,0.020915,-0.053181,-0.710847,0.311196,-0.630755,-0.179771,-0.947393,-0.264817,-0.679983,-0.074853,0.729396,0.007316,0.000166,0.000346,0.00187,-0.02743,0.055425,-0.902526
355,0.118153,0.033491,0.341525,-0.616255,0.04566,-0.786251,-0.302146,-0.93563,0.182416,-0.72655,0.349915,0.591365,-0.033179,0.052557,-0.009888,-0.161176,-0.284624,-0.604249,0.417777,-0.132744,0.048004,0.3194,0.424944,0.439824,0.791182,-0.739941,0.672198,0.023888,-0.521833,-0.596129,0.610068,0.009361,0.026,0.019275,0.023578,-0.182241,0.259649,0.331496,0.026586,0.045304,-0.021266,-0.248224,-0.521677,0.816233,0.799716,-0.585858,-0.131237,0.54666,0.620179,0.562617,0.010958,0.01419,0.009902,0.020745,-0.079584,0.084985,0.293962,0.095593,0.039464,-0.068609,-0.581537,0.176042,-0.794243,-0.477697,-0.864158,0.158225,-0.658498,0.471421,0.586635,-0.009783,0.030975,-0.009584,-0.293705,-0.444136,-0.620185,0.419964
356,0.116484,0.035906,0.341507,-0.610532,0.063668,-0.789457,-0.361944,-0.909017,0.206535,-0.703726,0.411751,0.579015,-0.068048,0.063556,0.014274,-1.590819,-0.107629,0.107157,0.350327,-0.132084,0.049233,0.320332,0.440262,0.437824,0.783882,-0.736077,0.675888,0.036053,-0.51456,-0.593418,0.618827,0.02065,0.03638,0.02588,0.013119,-0.099468,0.150975,0.283031,0.026912,0.045916,-0.020801,-0.264734,-0.521268,0.811292,0.798162,-0.590572,-0.119002,0.541158,0.616039,0.572401,0.010306,0.018282,0.013006,0.034453,-0.212477,0.304927,0.245301,0.094769,0.040655,-0.068637,-0.572942,0.192796,-0.796597,-0.530548,-0.828066,0.181177,-0.624705,0.526437,0.576721,-0.027498,0.031696,0.007122,-4.385161,1.1535,2.73177,0.331951
357,0.113848,0.038989,0.342415,-0.630118,0.070471,-0.773324,-0.402141,-0.881539,0.247271,-0.663512,0.466704,0.58478,-0.074452,0.088195,0.031657,-0.186798,0.119156,-0.610465,0.234406,-0.13135,0.050507,0.321631,0.459413,0.433048,0.7755,-0.731293,0.679897,0.05371,-0.504554,-0.592334,0.628035,0.021001,0.03225,0.038522,-0.021186,-0.106455,0.15555,0.217335,0.027279,0.046556,-0.020155,-0.285347,-0.518161,0.806278,0.796609,-0.595982,-0.101087,0.532907,0.613444,0.582834,0.010494,0.016083,0.019224,0.000871,-0.210972,0.280344,0.164799,0.093452,0.042177,-0.068197,-0.590476,0.202248,-0.781301,-0.566797,-0.793084,0.223064,-0.574524,0.574554,0.582931,-0.037096,0.044772,0.016352,-0.490359,0.192721,-0.456129,0.227608
358,0.110549,0.04248,0.34441,-0.657825,0.086437,-0.748225,-0.432844,-0.856357,0.281549,-0.615598,0.508963,0.601683,-0.095687,0.079132,0.071664,-0.045414,0.353708,-0.586424,0.029008,-0.130645,0.051976,0.323388,0.482694,0.430234,0.762821,-0.725453,0.684315,0.073243,-0.491081,-0.589284,0.641441,0.019142,0.043521,0.046577,-0.109365,-0.412345,0.483972,0.177351,0.027626,0.047266,-0.019299,-0.30944,-0.517423,0.797821,0.794421,-0.601783,-0.082163,0.522629,0.608382,0.597268,0.003348,0.020673,0.023115,-1.191937,-2.095836,1.908732,0.09736,0.091811,0.043927,-0.067214,-0.615036,0.222947,-0.756322,-0.592832,-0.763177,0.257118,-0.519884,0.606509,0.601552,-0.04723,0.046054,0.03256,0.00169,0.334226,-0.55794,-0.027615
359,0.108588,0.044164,0.345888,-0.668766,0.09042,-0.737984,-0.439108,-0.849012,0.293827,-0.599163,0.52044,0.608418,-0.105186,0.089116,0.077751,-4.124207,1.976331,2.770601,-0.047328,-0.130421,0.052858,0.324261,0.495532,0.428756,0.755386,-0.721969,0.686766,0.083955,-0.483376,-0.587504,0.648883,0.006102,0.045082,0.048678,-0.127178,-0.279713,0.295109,0.157793,0.027749,0.047726,-0.018844,-0.324288,-0.517026,0.792161,0.792873,-0.605295,-0.070483,0.515934,0.605227,0.606226,0.009184,0.023846,0.024682,-0.3939,-0.864133,0.867077,0.069601,0.090835,0.04477,-0.066474,-0.626418,0.225058,-0.746289,-0.593394,-0.758511,0.269337,-0.505453,0.611562,0.608694,-0.053055,0.039336,0.043179,-0.076782,0.385005,-0.629397,-0.139959
360,0.104181,0.047006,0.349624,-0.683558,0.101924,-0.722777,-0.452553,-0.836096,0.31002,-0.571867,0.53888,0.61855,-0.118464,0.050678,0.111835,-0.144077,0.411548,-0.49978,-0.202165,-0.129882,0.054522,0.326304,0.511566,0.440146,0.737944,-0.730807,0.674492,0.104473,-0.452375,-0.59329,0.665752,0.007351,0.034821,0.056055,-0.035488,-0.33811,0.441488,0.12413,0.028017,0.048573,-0.017817,-0.341526,-0.529398,0.776592,0.803608,-0.592983,-0.050827,0.487414,0.606718,0.627948,0.009792,0.018506,0.028213,-0.070188,-0.224525,0.289507,0.017838,0.088643,0.046227,-0.064604,-0.637794,0.24282,-0.730928,-0.608824,-0.740209,0.285345,-0.471753,0.626998,0.619936,-0.058525,0.031969,0.052743,-0.110776,0.266213,-0.294473,-0.287084
361,0.09901,0.048492,0.354096,-0.67256,0.123389,-0.729715,-0.460723,-0.84144,0.282284,-0.578349,0.525892,0.62368,-0.134516,0.019438,0.120379,0.343336,0.131266,0.603511,-0.287034,-0.129337,0.055932,0.328555,0.521419,0.448121,0.726156,-0.73328,0.670428,0.112962,-0.436847,-0.591937,0.677228,0.018915,0.040129,0.057842,0.053973,-0.409974,0.215583,0.091336,0.028286,0.049275,-0.016693,-0.35228,-0.537433,0.7662,0.806911,-0.589158,-0.042253,0.474122,0.603371,0.641209,0.003348,0.018782,0.028608,0.094743,-0.45277,0.103613,-0.023965,0.08607,0.047008,-0.062354,-0.623351,0.260818,-0.737161,-0.616755,-0.74351,0.258469,-0.480673,0.615764,0.624328,-0.067409,0.009487,0.060131,1.124524,-0.848868,1.882699,-0.3782
362,0.096348,0.048765,0.356441,-0.660084,0.13649,-0.738718,-0.46742,-0.844435,0.26157,-0.587282,0.517777,0.622121,-0.136558,0.003704,0.124937,0.242847,0.046984,0.480789,-0.353964,-0.129122,0.056661,0.329725,0.531123,0.451679,0.716858,-0.730705,0.672388,0.117883,-0.429408,-0.586988,0.686234,0.007955,0.028508,0.065817,0.081949,-0.508789,0.078403,0.060006,0.028397,0.049644,-0.016111,-0.363075,-0.541201,0.75847,0.805316,-0.591708,-0.03671,0.46866,0.59748,0.650672,0.003129,0.019915,0.029193,0.201696,-0.653756,-0.035484,-0.053194,0.084741,0.047154,-0.06118,-0.608462,0.272318,-0.745395,-0.623583,-0.745014,0.236848,-0.490833,0.608929,0.623127,-0.067775,0.007415,0.058529,0.987009,-1.186548,1.888455,-0.411185
