frame,MLTx,MLTy,MLTz,MLTR1,MLTR2,MLTR3,MLTR4,MLTR5,MLTR6,MLTR7,MLTR8,MLTR9,MLTTVx,MLTTVy,MLTTVz,MLTRVx,MLTRVy,MLTRVz,MLGA,MRTx,MRTy,MRTz,MRTR1,MRTR2,MRTR3,MRTR4,MRTR5,MRTR6,MRTR7,MRTR8,MRTR9,MRTTVx,MRTTVy,MRTTVz,MRTRVx,MRTRVy,MRTRVz,MRGA,SLTx,SLTy,SLTz,SLTR1,SLTR2,SLTR3,SLTR4,SLTR5,SLTR6,SLTR7,SLTR8,SLTR9,SLTTVx,SLTTVy,SLTTVz,SLTRVx,SLTRVy,SLTRVz,SLGA,SRTx,SRTy,SRTz,SRTR1,SRTR2,SRTR3,SRTR4,SRTR5,SRTR6,SRTR7,SRTR8,SRTR9,SRTTVx,SRTTVy,SRTTVz,SRTRVx,SRTRVy,SRTRVz,SRGA
174,0.136459,-0.018513,0.419179,0.713284,-0.612223,-0.341254,0.69823,0.663195,0.269477,0.060456,-0.429723,0.90095,2.9e-05,0.000187,0.000112,0.0,0.0,0.0,0.433431,-0.23796,-0.008742,0.372286,0.447812,0.822788,0.349966,-0.893971,0.417203,0.163375,-0.012134,-0.387058,0.921902,-0.000334,-0.012223,0.007791,0.076867,-0.155939,-0.096474,-0.318398,0.010829,0.043407,-0.00842,-0.300059,-0.888508,0.347154,0.952639,-0.260253,0.15731,-0.049423,0.377915,0.924519,-0.000222,-0.006355,0.003716,0.151662,-0.225071,-0.121765,-0.410937,0.082795,0.043173,-0.017034,-0.715964,0.558965,-0.418273,-0.673812,-0.710039,0.204502,-0.182681,0.428254,0.885,0.006615,-0.000566,-0.00049,0.000985,-0.014721,0.029568,0.38577
175,0.13649,-0.018509,0.419181,0.71312,-0.612335,-0.341396,0.698392,0.66306,0.269391,0.060527,-0.429771,0.900922,0.0,1e-06,0.0,0.0,0.0,0.0,0.436536,-0.238166,-0.009046,0.372487,0.449815,0.821407,0.350639,-0.892892,0.420837,0.159916,-0.016758,-0.386051,0.922251,-0.013799,4e-05,0.000644,0.027429,-0.031784,-0.054414,-0.459744,0.01073,0.043246,-0.00832,-0.301884,-0.887828,0.347313,0.952306,-0.263835,0.153307,-0.044476,0.377029,0.925132,-0.00016,-0.006051,0.003943,-0.023093,-0.022374,-0.041972,-0.540753,0.082811,0.043175,-0.017033,-0.715795,0.559088,-0.418399,-0.673972,-0.709917,0.204398,-0.182752,0.428296,0.884965,-1e-06,-1.1e-05,-8e-06,-2e-06,-1.3e-05,1.6e-05,0.390342
176,0.136491,-0.018487,0.41917,0.716697,-0.608124,-0.341431,0.694485,0.667178,0.269325,0.063126,-0.429383,0.900928,1.1e-05,6.8e-05,4.1e-05,0.0,-0.0,-1e-06,0.438432,-0.238303,-0.009075,0.372497,0.447441,0.820977,0.354661,-0.893973,0.420258,0.155338,-0.022071,-0.387597,0.92149,-0.013707,0.0005,0.000985,1.893251,1.747623,-1.05276,-0.561359,0.010656,0.04323,-0.008316,-0.299802,-0.88711,0.350932,0.953146,-0.262968,0.149526,-0.040362,0.379318,0.924384,-0.006856,0.000261,0.000497,1.882241,1.752253,-1.051209,-0.624031,0.082811,0.043186,-0.017038,-0.719058,0.554617,-0.418754,-0.669786,-0.713757,0.204782,-0.185313,0.427726,0.884708,2e-06,2.3e-05,1.2e-05,0.000641,0.000521,0.000403,0.392792
177,0.136491,-0.018467,0.419147,0.718638,-0.607741,-0.338018,0.692934,0.666866,0.27405,0.057972,-0.430408,0.900786,0.0,0.0,0.0,-2.041383,1.424205,-1.197398,0.440817,-0.238563,-0.008835,0.372294,0.436528,0.82081,0.368383,-0.898278,0.420025,0.128881,-0.049479,-0.388205,0.92017,-7e-05,0.010207,-0.009289,0.615034,0.496777,-0.292087,-0.831836,0.010531,0.043341,-0.008411,-0.289444,-0.885552,0.363344,0.957077,-0.26181,0.124327,-0.014971,0.383735,0.923321,-2.8e-05,0.005129,-0.00462,0.019364,-0.000627,0.015164,-0.732619,0.082811,0.043196,-0.01705,-0.720162,0.554381,-0.417166,-0.669286,-0.71354,0.207161,-0.182818,0.428393,0.884904,-0.0,-5e-06,-5e-06,0.000161,-9e-05,0.000241,0.39769
178,0.136501,-0.018433,0.419107,0.71867,-0.607708,-0.338009,0.692893,0.66695,0.27395,0.058064,-0.430324,0.90082,0.0,0.0,0.0,-0.0,0.0,-0.0,0.436195,-0.238793,-0.00835,0.371868,0.432679,0.818721,0.37746,-0.89868,0.424698,0.109271,-0.071374,-0.387527,0.919017,-0.013925,0.009937,-0.008875,0.054399,-0.096903,0.159196,-1.105963,0.010411,0.043596,-0.008628,-0.2851,-0.882444,0.374177,0.958454,-0.26618,0.102532,0.00912,0.387864,0.921671,-0.006977,0.004871,-0.004507,0.02439,-0.083319,0.170703,-0.724455,0.082816,0.043212,-0.01707,-0.721327,0.554087,-0.415541,-0.668703,-0.713393,0.209538,-0.180342,0.429019,0.885109,1e-06,-1e-06,-3e-06,0.000127,-0.000109,0.000185,0.39769
179,0.136501,-0.01842,0.419092,0.718549,-0.607792,-0.338115,0.693011,0.666873,0.273839,0.058154,-0.430324,0.900814,0.0,0.0,0.0,0.0,0.0,0.0,0.435188,-0.238922,-0.008119,0.371552,0.434733,0.817721,0.377267,-0.897447,0.427845,0.107103,-0.074364,-0.386169,0.919351,-0.014658,0.00638,-0.011521,0.045246,-0.074126,0.139267,-1.248169,0.010353,0.043714,-0.008778,-0.287262,-0.88175,0.374161,0.957775,-0.269352,0.100574,0.012101,0.387254,0.921893,-0.000574,0.007708,-0.011137,0.078608,-0.114454,0.214136,-0.750418,0.082816,0.043219,-0.017078,-0.7212,0.55418,-0.415636,-0.668815,-0.713324,0.209412,-0.180431,0.429012,0.885094,1e-06,-1e-06,-3e-06,-6e-06,-1e-05,8.4e-05,0.395404
180,0.13649,-0.018406,0.419065,0.719427,-0.607663,-0.336477,0.69231,0.666662,0.276117,0.055641,-0.430833,0.90073,-1e-06,-4e-06,-2e-06,-1e-06,1e-06,-1e-06,0.43743,-0.239279,-0.007737,0.37071,0.436565,0.81741,0.375823,-0.89642,0.430382,0.105531,-0.07602,-0.383997,0.920125,-0.00201,0.011324,-0.025332,0.0703,-0.0156,0.006981,-1.403391,0.01017,0.043902,-0.009195,-0.289267,-0.881718,0.372688,0.957145,-0.27212,0.099111,0.014028,0.385387,0.922648,-0.007781,0.006216,-0.011948,0.068339,-0.000313,-0.021682,-0.772136,0.082811,0.043226,-0.017091,-0.722244,0.553993,-0.41407,-0.66836,-0.713051,0.211784,-0.177926,0.429708,0.885264,1e-06,5e-06,2e-06,0.003478,-0.00246,0.002274,0.395568
181,0.13651,-0.018408,0.419063,0.719395,-0.607683,-0.336509,0.692341,0.666636,0.276101,0.055657,-0.430845,0.900723,-0.0,-0.0,-0.0,-0.0,0.0,-0.0,0.434694,-0.239744,-0.007344,0.369829,0.433162,0.818443,0.377509,-0.897848,0.428221,0.102126,-0.078602,-0.384215,0.919817,-0.015436,0.013186,-0.02335,0.057269,0.075296,-0.174151,-1.407162,0.009942,0.044088,-0.00963,-0.285888,-0.882146,0.374278,0.95812,-0.269859,0.095811,0.016484,0.385995,0.922352,-0.007736,0.006441,-0.011781,0.055504,0.088147,-0.199511,-0.771156,0.082821,0.043225,-0.017092,-0.722192,0.554021,-0.414123,-0.668402,-0.713029,0.211728,-0.17798,0.429709,0.885252,2e-06,3e-06,-1e-06,5.2e-05,-3.1e-05,7e-05,0.394914
182,0.13652,-0.018415,0.41907,0.719289,-0.60776,-0.336597,0.692449,0.666537,0.276068,0.055681,-0.430889,0.9007,-0.0,-0.0,-0.0,0.0,0.0,0.0,0.437731,-0.240246,-0.006877,0.368918,0.431096,0.817977,0.38087,-0.898635,0.426955,0.100491,-0.080942,-0.386616,0.918608,-0.00221,0.010402,-0.026041,-0.094013,0.309478,-0.040724,-1.407271,0.009685,0.044333,-0.010103,-0.283369,-0.881725,0.377175,0.958829,-0.268126,0.093561,0.018636,0.388159,0.921403,-0.001108,0.005113,-0.013077,-0.157523,0.391073,-0.018286,-0.766911,0.082826,0.043221,-0.017088,-0.722083,0.554105,-0.414201,-0.668513,-0.712938,0.211683,-0.178005,0.429752,0.885227,0.0,1e-06,-1e-06,-1e-06,-9e-06,3.7e-05,0.394914
183,0.13652,-0.018409,0.419062,0.719178,-0.607838,-0.336691,0.692559,0.666458,0.275986,0.055746,-0.430902,0.90069,-0.0,-0.0,-0.0,0.0,0.0,0.0,0.441942,-0.240496,-0.006661,0.368404,0.429728,0.818414,0.381477,-0.899165,0.42625,0.098726,-0.082331,-0.386468,0.918546,-0.00257,0.008713,-0.02732,0.068047,-0.012403,0.008755,-1.407228,0.009561,0.044439,-0.010348,-0.28241,-0.881485,0.378452,0.959089,-0.267578,0.092456,0.019767,0.38908,0.920991,-0.008092,0.004776,-0.013042,0.064687,0.088643,-0.226942,-0.763645,0.082826,0.043225,-0.017092,-0.721969,0.554191,-0.414285,-0.668619,-0.712866,0.211589,-0.178069,0.42976,0.88521,1e-06,0.0,-1e-06,1e-06,-8e-06,3.6e-05,0.398017
184,0.13655,-0.018391,0.419037,0.718798,-0.608103,-0.337023,0.692935,0.666179,0.275714,0.055967,-0.430958,0.900649,-0.0,-0.0,-0.0,0.0,0.0,0.0,0.446023,-0.241119,-0.0064,0.367313,0.427369,0.816262,0.38867,-0.899848,0.425314,0.096521,-0.087043,-0.392022,0.915754,-0.017198,0.005076,-0.029536,-0.191209,0.487726,-0.011576,-1.40758,0.009262,0.044573,-0.010879,-0.279474,-0.880231,0.383519,0.959848,-0.266194,0.088496,0.024194,0.392852,0.919283,-0.001838,-0.003475,-0.011112,0.038214,0.001455,-0.036484,-0.764788,0.082841,0.043234,-0.017105,-0.721577,0.554481,-0.414579,-0.668983,-0.712616,0.211277,-0.178287,0.4298,0.885147,2.9e-05,0.004588,-0.005176,0.035833,-0.011265,0.019035,0.405692
185,0.1366,-0.018369,0.419001,0.719652,-0.607978,-0.335422,0.692246,0.665962,0.277959,0.053495,-0.431469,0.900555,-0.0,-0.0,-0.0,-0.0,0.0,-0.0,0.4503,-0.241817,-0.006352,0.366161,0.424535,0.816567,0.391127,-0.900698,0.424652,0.091367,-0.092004,-0.392105,0.915233,-0.018055,0.001327,-0.03248,0.06448,0.025353,-0.073692,-1.407568,0.008914,0.044603,-0.011457,-0.277538,-0.878877,0.388004,0.960295,-0.26572,0.085006,0.028391,0.396191,0.917728,-0.008964,0.000863,-0.016073,0.06827,0.00763,-0.04894,-0.762992,0.082865,0.043245,-0.017123,-0.722579,0.554303,-0.41307,-0.668545,-0.71234,0.213582,-0.175857,0.430486,0.885299,1e-06,0.0,-1e-06,0.000356,-0.000252,0.000246,0.410264
186,0.136649,-0.018339,0.418958,0.720492,-0.60786,-0.33383,0.691561,0.665746,0.280174,0.051048,-0.431968,0.900458,-0.0,-0.0,-0.0,-4e-05,2.8e-05,-2.4e-05,0.452224,-0.242144,-0.006371,0.365595,0.423776,0.816831,0.391399,-0.900946,0.424408,0.090045,-0.093079,-0.391818,0.915248,-0.018072,0.001375,-0.032497,0.066345,0.012167,-0.048137,-1.407679,0.008736,0.044588,-0.011763,-0.276761,-0.879032,0.388208,0.960483,-0.265483,0.083604,0.029573,0.396006,0.917771,-0.009055,0.000513,-0.01637,0.066445,0.011556,-0.048507,-0.761195,0.08289,0.043259,-0.017144,-0.723585,0.554127,-0.411541,-0.668096,-0.712064,0.215897,-0.17341,0.431169,0.88545,1e-06,0.0,-1e-06,0.004325,-0.003041,0.002766,0.413203
187,0.13678,-0.018248,0.418843,0.721193,-0.607813,-0.332398,0.690991,0.665521,0.282108,0.048857,-0.432379,0.900382,5.3e-05,0.009181,-0.010342,0.035827,-0.011251,0.019007,0.45272,-0.242822,-0.006454,0.364567,0.422771,0.817765,0.390534,-0.901481,0.423337,0.089736,-0.092461,-0.391028,0.915648,-0.017557,-0.006325,-0.02144,0.029925,0.026435,-0.064064,-1.407816,0.008396,0.04454,-0.012282,-0.275628,-0.879792,0.387291,0.960825,-0.264326,0.083344,0.029045,0.395091,0.918182,-0.008751,-0.003115,-0.01067,0.034423,0.030578,-0.066587,-0.759399,0.082956,0.043302,-0.017198,-0.724416,0.554035,-0.410201,-0.667747,-0.71179,0.217869,-0.17127,0.431739,0.885588,0.0,-6e-06,-4e-06,0.001018,-0.000719,0.000652,0.416469
188,0.136899,-0.018185,0.418748,0.722909,-0.607535,-0.329165,0.689531,0.665143,0.286537,0.043966,-0.43335,0.900168,0.0,0.0,0.0,-0.0,0.0,-0.0,0.454773,-0.24352,-0.006634,0.363731,0.425197,0.819476,0.384263,-0.901211,0.422351,0.096811,-0.083479,-0.388499,0.917586,-0.017355,-0.005154,-0.020622,-0.021119,-0.020258,-0.037714,-1.407716,0.008053,0.044452,-0.012692,-0.277802,-0.881852,0.381,0.960417,-0.263467,0.090462,0.020608,0.39105,0.920138,-0.008627,-0.002416,-0.010169,-0.151076,-0.13919,0.029088,-0.762012,0.083015,0.043337,-0.01725,-0.72642,0.553655,-0.407159,-0.666782,-0.711294,0.222399,-0.166477,0.433042,0.885866,2.8e-05,0.004589,-0.005174,0.03784,-0.012658,0.020276,0.420224
189,0.137088,-0.018156,0.418677,0.722538,-0.607765,-0.329555,0.689899,0.664914,0.286184,0.0443,-0.433379,0.900137,0.013194,-0.001337,-0.001105,0.000984,-0.014715,0.029553,0.454088,-0.244324,-0.006879,0.363116,0.425001,0.820128,0.383088,-0.901456,0.4216,0.097806,-0.081815,-0.387938,0.917973,-0.030272,-0.010516,-0.007172,-0.005882,0.043632,-0.084032,-1.408026,0.007655,0.044328,-0.013007,-0.2775,-0.882451,0.379833,0.960535,-0.262709,0.091409,0.019121,0.390209,0.920527,-0.008359,-0.001082,-0.009169,0.043605,-0.063594,0.111413,-0.763971,0.083104,0.043352,-0.017284,-0.726035,0.553901,-0.407512,-0.667116,-0.711107,0.221997,-0.166821,0.433035,0.885804,2e-06,0.0,-5e-06,4.5e-05,-3.3e-05,2.2e-05,0.421531
190,0.137197,-0.018153,0.418653,0.722244,-0.607958,-0.329842,0.690194,0.664693,0.285986,0.044483,-0.433447,0.900096,0.0,0.0,0.0,0.0,0.0,0.0,0.453217,-0.244674,-0.006994,0.362883,0.424265,0.820323,0.383484,-0.901767,0.421056,0.097268,-0.082196,-0.388115,0.917863,-0.029938,-0.008885,-0.005924,-0.00588,0.04364,-0.084028,-1.408271,0.00748,0.044269,-0.013124,-0.276734,-0.882519,0.380232,0.960748,-0.262116,0.090865,0.019475,0.390453,0.920416,-0.00818,-0.00534,-0.00391,-0.005553,0.041777,-0.080452,-0.76789,0.083164,0.043353,-0.017297,-0.725711,0.554124,-0.407785,-0.66742,-0.710896,0.221757,-0.167012,0.433096,0.885739,0.006599,-0.000666,-0.000556,0.001011,-0.014722,0.029564,0.421531
191,0.137404,-0.01814,0.418584,0.726408,-0.603706,-0.328505,0.685792,0.668349,0.288047,0.044762,-0.433771,0.899926,-0.0,-1e-06,-0.0,-0.010494,0.066919,-0.188317,0.45268,-0.245374,-0.007192,0.362481,0.421881,0.820918,0.38484,-0.902809,0.419123,0.095955,-0.08304,-0.388953,0.917433,-0.016202,0.000472,-0.016369,0.03033,0.026757,-0.06431,-1.407866,0.007133,0.044175,-0.013316,-0.2743,-0.882704,0.381565,0.961433,-0.260037,0.089591,0.020139,0.391424,0.919989,-0.01478,0.001569,-0.006871,0.030008,0.028718,-0.068071,-0.769523,0.083262,0.043359,-0.017331,-0.729631,0.549643,-0.406853,-0.663066,-0.714165,0.2243,-0.167275,0.433427,0.885527,2.7e-05,0.004599,-0.005169,0.023375,-0.002528,0.012073,0.420061
192,0.137761,-0.018052,0.418415,0.727655,-0.603703,-0.325739,0.684754,0.667664,0.292077,0.040256,-0.434828,0.899628,-0.0,-0.0,-0.0,-0.001491,0.001033,-0.000874,0.454451,-0.246065,-0.007227,0.361997,0.42074,0.820055,0.387918,-0.903264,0.4181,0.096126,-0.083873,-0.39187,0.916115,-0.01577,0.002481,-0.01482,0.031616,0.014276,-0.038347,-1.407542,0.00678,0.044151,-0.013562,-0.273288,-0.881632,0.384756,0.961715,-0.258912,0.089821,0.02043,0.394573,0.918637,-0.007875,0.001251,-0.007389,0.038852,0.004849,-0.040744,-0.767074,0.083446,0.043403,-0.017416,-0.731238,0.549498,-0.404155,-0.66241,-0.713449,0.228478,-0.162796,0.434789,0.885695,0.006623,0.003942,-0.005718,0.038553,-0.027146,0.050037,0.421367
193,0.137997,-0.017973,0.418254,0.730145,-0.603288,-0.3209,0.682499,0.667052,0.298676,0.032966,-0.436337,0.899194,0.013129,0.007144,-0.011864,0.020244,-0.014424,0.038885,0.453581,-0.246379,-0.007108,0.361673,0.423541,0.81935,0.386354,-0.902384,0.418719,0.101549,-0.079087,-0.392682,0.916193,-0.015622,0.003164,-0.014292,-0.000996,0.028106,-0.014517,-1.407777,0.006623,0.044211,-0.013724,-0.276218,-0.881341,0.383326,0.960971,-0.259661,0.095449,0.015412,0.39473,0.918667,-0.007738,0.006923,-0.011553,0.018276,-0.040073,0.016462,-0.766584,0.083559,0.043441,-0.017491,-0.73421,0.548908,-0.399543,-0.660859,-0.712657,0.235336,-0.15556,0.436828,0.885991,0.006551,0.003457,-0.006007,-0.012714,0.008358,0.019953,0.421367
194,0.138582,-0.017672,0.41779,0.739506,-0.597363,-0.310377,0.672841,0.670817,0.311866,0.020995,-0.438715,0.898396,0.013277,0.017133,-0.021711,0.056076,-0.025562,0.057964,0.449111,-0.246887,-0.006515,0.36072,0.431936,0.814964,0.386337,-0.899159,0.422134,0.115107,-0.069806,-0.398125,0.914597,-0.015386,0.024421,-0.032056,0.023782,0.040673,0.253832,-1.407711,0.006363,0.044511,-0.014204,-0.285168,-0.878416,0.383488,0.958462,-0.263535,0.109078,0.005247,0.398665,0.917081,-0.007676,0.012223,-0.016011,0.055755,0.01518,0.244874,-0.767074,0.083851,0.043586,-0.01772,-0.744169,0.54236,-0.389944,-0.652341,-0.715676,0.249516,-0.143746,0.440059,0.886388,0.013221,0.00333,-0.00624,-0.019864,0.059584,-0.137169,0.417939
195,0.139297,-0.017188,0.417113,0.745228,-0.592035,-0.30688,0.666532,0.675658,0.31495,0.019962,-0.438515,0.898518,0.013267,0.017201,-0.021659,0.063879,0.029619,-0.119578,0.443653,-0.247357,-0.005552,0.359396,0.442981,0.808801,0.386781,-0.894399,0.427969,0.129724,-0.061153,-0.404421,0.912451,-0.015414,0.034327,-0.041475,-0.005595,0.07325,0.124511,-1.407639,0.006134,0.044981,-0.014849,-0.297149,-0.874163,0.38411,0.95482,-0.270171,0.123792,-0.004439,0.403541,0.91495,-0.000976,0.010887,-0.017302,-0.154428,-0.055004,0.217872,-0.771156,0.084209,0.043829,-0.018059,-0.749696,0.536732,-0.387136,-0.646177,-0.719984,0.253135,-0.142866,0.439933,0.886593,0.013234,0.007967,-0.011375,0.076573,-0.052419,0.098639,0.41206
196,0.140069,-0.016639,0.416319,0.747956,-0.588446,-0.307147,0.663378,0.67906,0.314292,0.022701,-0.438095,0.898657,0.026345,0.006356,-0.012637,0.037654,-0.040494,0.078103,0.436843,-0.247728,-0.004519,0.358113,0.451989,0.804976,0.384333,-0.890248,0.433723,0.138839,-0.055486,-0.40592,0.912148,-0.014705,0.027182,-0.029817,0.055942,0.048106,0.06383,-1.407794,0.005942,0.045505,-0.01551,-0.306858,-0.871898,0.381615,0.951701,-0.276841,0.132751,-0.010098,0.40392,0.914738,-0.007317,0.01365,-0.014855,0.089851,0.017999,0.052477,-0.771646,0.08459,0.044107,-0.018459,-0.752246,0.532863,-0.387533,-0.642611,-0.723247,0.252909,-0.145516,0.439283,0.886484,0.006603,0.008385,-0.010962,0.077772,-0.039405,0.071071,0.404222
197,0.140564,-0.01638,0.415928,0.751933,-0.584446,-0.305067,0.658903,0.682004,0.317317,0.021672,-0.43888,0.898299,0.026427,0.016048,-0.022645,1.758073,-1.804343,-4.868063,0.43336,-0.247913,-0.004068,0.357569,0.454792,0.805541,0.379816,-0.889052,0.4352,0.141851,-0.051588,-0.403205,0.91358,-0.014639,0.027425,-0.029611,0.10308,-0.016533,-0.006677,-1.40748,0.005861,0.045715,-0.015762,-0.309608,-0.872983,0.376884,0.950768,-0.278613,0.135695,-0.013455,0.400342,0.916266,-0.00043,0.008149,-0.010812,0.087456,-0.038862,0.024044,-0.771156,0.084837,0.044232,-0.018651,-0.753009,0.533274,-0.38548,-0.642531,-0.722226,0.256011,-0.14188,0.440462,0.886488,0.01321,0.003407,-0.006194,0.040726,-0.04244,0.08062,0.399976
198,0.141716,-0.015941,0.415261,0.765269,-0.574331,-0.290779,0.643726,0.687494,0.336065,0.005949,-0.443644,0.896198,0.039669,0.015577,-0.023239,-1.973519,1.351922,-1.067472,0.420451,-0.248169,-0.003447,0.356814,0.454125,0.809597,0.371908,-0.889947,0.431172,0.148387,-0.040781,-0.399385,0.915801,-0.000688,0.007136,-0.011624,-0.518959,-0.547062,0.327638,-1.408121,0.005722,0.046038,-0.016156,-0.307845,-0.876783,0.369433,0.951169,-0.274411,0.141333,-0.022542,0.394902,0.918445,-0.007082,0.009618,-0.009408,-1.778769,-1.771383,1.011373,-0.768543,0.085398,0.044449,-0.01898,-0.769218,0.517804,-0.374408,-0.625325,-0.730521,0.274421,-0.131417,0.445216,0.885726,0.013263,0.003902,-0.0059,0.038947,0.021244,-0.101679,0.38724
199,0.142612,-0.015586,0.414775,0.778172,-0.5627,-0.279039,0.6281,0.695275,0.349362,-0.003541,-0.446424,0.894829,0.013369,0.009415,-0.010484,0.028262,0.042288,-0.138193,0.405728,-0.248415,-0.003139,0.356496,0.456774,0.810644,0.366341,-0.888875,0.431475,0.153837,-0.033921,-0.396921,0.917151,-0.013956,0.000155,0.000582,-0.004143,0.028537,-0.054303,-1.4079,0.005604,0.046196,-0.016318,-0.310633,-0.878393,0.363225,0.950066,-0.274993,0.147484,-0.029665,0.390902,0.919953,-0.006698,0.006219,-0.003453,0.035911,0.001847,-0.015891,-0.768543,0.085866,0.044631,-0.019232,-0.783211,0.505207,-0.362417,-0.610125,-0.736708,0.291561,-0.119697,0.449473,0.885237,0.006714,0.004886,-0.005149,0.039896,0.036129,-0.130849,0.364706
200,0.142933,-0.015437,0.414607,0.783962,-0.556825,-0.274582,0.620844,0.699457,0.353955,-0.006004,-0.447264,0.894397,0.013333,2.3e-05,-0.000308,-0.000505,-0.013674,0.028686,0.401383,-0.248558,-0.003071,0.356464,0.457483,0.811015,0.364631,-0.888597,0.431349,0.155781,-0.031504,-0.396299,0.917507,-0.013669,0.001353,0.001541,-0.002048,0.015202,-0.029243,-1.407783,0.005533,0.046229,-0.016335,-0.311231,-0.878871,0.361553,0.949798,-0.274889,0.149396,-0.031913,0.389899,0.920304,-2.8e-05,-0.000139,-0.000108,0.004244,0.004192,-0.003349,-0.772789,0.086027,0.04471,-0.01932,-0.789069,0.498885,-0.358446,-0.603005,-0.740425,0.296909,-0.117279,0.450426,0.885077,0.013284,0.004228,-0.005704,0.032592,0.026231,-0.105489,0.356051
201,0.143494,-0.015188,0.414327,0.787549,-0.551786,-0.274488,0.616305,0.703787,0.353303,-0.002742,-0.446722,0.894684,0.013274,-0.000362,-0.00054,0.000984,-0.014715,0.029553,0.403802,-0.248868,-0.00302,0.356464,0.45837,0.811856,0.361632,-0.888298,0.430517,0.159738,-0.026568,-0.395479,0.918016,-4.2e-05,-0.000173,-0.000138,-0.166719,-0.159214,0.093525,-1.40788,0.005373,0.046257,-0.016333,-0.311848,-0.879808,0.358731,0.949432,-0.274077,0.153161,-0.036433,0.388354,0.920789,-0.006716,0.006165,-0.0035,-0.581336,-0.587644,0.329915,-0.775565,0.086313,0.044836,-0.019459,-0.792231,0.493636,-0.358736,-0.598184,-0.744419,0.296674,-0.120601,0.449625,0.885037,0.006638,-0.000203,-0.000292,0.001173,-0.014468,0.030313,0.350499
202,0.143919,-0.015008,0.414057,0.792232,-0.54393,-0.276682,0.610254,0.709857,0.351658,0.004146,-0.446761,0.894658,0.0,0.0,0.0,0.0,-0.0,-0.0,0.39672,-0.249046,-0.002807,0.356277,0.459642,0.809228,0.365884,-0.887631,0.430937,0.162292,-0.026907,-0.400386,0.915877,-4.8e-05,0.009783,-0.009499,-0.114588,0.224641,0.156541,-1.407614,0.005285,0.046362,-0.016421,-0.313004,-0.877908,0.362361,0.949029,-0.274227,0.155379,-0.037039,0.392526,0.918994,-4.8e-05,0.004785,-0.004833,-0.223591,0.448225,0.0265,-0.771483,0.086525,0.044926,-0.019594,-0.796109,0.485453,-0.361308,-0.59158,-0.750054,0.295721,-0.127442,0.449169,0.88431,0.006589,0.004074,-0.005628,0.045198,-0.09375,0.236037,0.347887
203,0.143996,-0.014659,0.413624,0.797649,-0.535309,-0.277929,0.603061,0.716845,0.349888,0.010946,-0.446027,0.894967,-0.000139,0.008195,-0.010882,0.035811,-0.011032,0.019165,0.395652,-0.249154,-0.002284,0.355685,0.463976,0.803517,0.372932,-0.885348,0.433634,0.167491,-0.027705,-0.408899,0.912084,-0.00081,0.016593,-0.02137,-0.127449,0.297408,0.191463,-1.407406,0.005232,0.046632,-0.016716,-0.318389,-0.872777,0.369982,0.947198,-0.277266,0.161053,-0.03798,0.401725,0.914972,-0.000426,0.008172,-0.010784,-0.145537,0.321541,0.20023,-0.770503,0.086564,0.045099,-0.019806,-0.800769,0.476448,-0.362994,-0.583755,-0.756518,0.294803,-0.134153,0.447969,0.883926,-8.5e-05,0.008575,-0.010656,0.072165,-0.02142,0.039268,0.341518
204,0.143986,-0.014371,0.4133,0.803592,-0.526086,-0.278421,0.594962,0.724143,0.348724,0.017163,-0.445223,0.89527,5e-06,0.018523,-0.020479,0.210099,-0.195565,-0.406984,0.39481,-0.249171,-0.001894,0.355192,0.467691,0.799072,0.37781,-0.883373,0.436093,0.171491,-0.028302,-0.414958,0.909325,-0.001065,0.025501,-0.031551,-0.054437,0.221732,0.172262,-1.407832,0.005224,0.046819,-0.01695,-0.322939,-0.86886,0.375222,0.94563,-0.280046,0.165397,-0.038628,0.408235,0.912059,-0.000597,0.007445,-0.011364,-0.104746,0.269166,0.184314,-0.770666,0.086559,0.045236,-0.019966,-0.805741,0.467247,-0.363951,-0.575471,-0.762938,0.294546,-0.140047,0.446772,0.883618,-0.006568,0.005136,-0.004655,0.487195,-0.589167,-1.512232,0.339559
205,0.143975,-0.013669,0.41249,0.808511,-0.517581,-0.280117,0.587968,0.73131,0.345615,0.024967,-0.443486,0.895948,0.013071,0.025967,-0.032105,0.158385,-0.169041,0.139471,0.389973,-0.249124,-0.000736,0.353752,0.481814,0.783997,0.391402,-0.875784,0.44452,0.187985,-0.0272,-0.434344,0.90026,-0.001354,0.034256,-0.041813,-0.219365,0.519634,0.376637,-1.407705,0.005247,0.047393,-0.017667,-0.338769,-0.856991,0.388331,0.939888,-0.28941,0.181248,-0.042941,0.42639,0.903519,-0.000693,0.016985,-0.02103,-0.361334,0.714816,0.462546,-0.777361,0.086548,0.045579,-0.020358,-0.80999,0.458288,-0.365905,-0.567558,-0.769663,0.292396,-0.147622,0.444511,0.883525,-6.5e-05,0.008574,-0.010642,0.526195,-0.610142,-1.464845,0.335313
206,0.143954,-0.012962,0.411553,0.811028,-0.511775,-0.283489,0.584165,0.735225,0.343756,0.031498,-0.44376,0.895607,-0.000432,0.024423,-0.032678,0.106038,-0.023751,0.030256,0.378837,-0.248979,0.000667,0.35187,0.498521,0.764661,0.408365,-0.866318,0.455135,0.205621,-0.029245,-0.457242,0.888785,-0.002292,0.030357,-0.044906,-0.365866,0.657772,0.69663,-1.407775,0.005319,0.048109,-0.018623,-0.358416,-0.840964,0.405359,0.932486,-0.301667,0.198656,-0.044779,0.449194,0.89231,-0.00118,0.014926,-0.022666,-0.466197,0.773689,0.728913,-0.772136,0.086543,0.045952,-0.020845,-0.811833,0.451954,-0.36968,-0.563071,-0.773542,0.290831,-0.154521,0.444262,0.88247,-0.000208,0.012156,-0.01637,0.110209,-0.017465,0.031297,0.323556
207,0.143935,-0.012634,0.411064,0.814201,-0.505351,-0.285906,0.579422,0.739034,0.343614,0.03664,-0.444798,0.894896,-0.000558,0.014229,-0.023009,0.013119,-0.129634,-0.030531,0.370033,-0.248886,0.001367,0.350816,0.507426,0.754617,0.416009,-0.861094,0.460849,0.214639,-0.030373,-0.468085,0.883084,0.010958,0.037409,-0.05698,-0.316122,0.611248,0.701811,-1.408143,0.005361,0.048445,-0.019128,-0.36851,-0.832886,0.412917,0.928509,-0.308027,0.207339,-0.0455,0.459803,0.886853,-0.001362,0.014163,-0.023278,-0.392095,0.714536,0.756878,-0.772136,0.086534,0.046111,-0.021081,-0.814206,0.445514,-0.37227,-0.558246,-0.776884,0.291225,-0.159465,0.444936,0.88125,-0.000217,0.007488,-0.01128,-0.002658,-0.17145,-0.011851,0.314902
208,0.14391,-0.012114,0.410146,0.822817,-0.48947,-0.288852,0.566244,0.749826,0.342199,0.048073,-0.444515,0.894495,-0.000732,0.012905,-0.023793,0.066785,-0.019735,0.008561,0.35175,-0.248649,0.002604,0.348772,0.52477,0.735538,0.428476,-0.850564,0.471954,0.231809,-0.032365,-0.487017,0.872714,-0.002941,0.027664,-0.047053,-0.396838,0.688787,0.692233,-1.408075,0.005483,0.049074,-0.020175,-0.389156,-0.817063,0.425399,0.919992,-0.321375,0.224345,-0.046591,0.478669,0.876757,-0.001454,0.013766,-0.023588,-0.3497,0.639918,0.680755,-0.776871,0.086521,0.04637,-0.02154,-0.821429,0.428718,-0.376105,-0.544079,-0.786793,0.291435,-0.170973,0.444024,0.87955,-0.000322,0.006699,-0.011749,0.085319,-0.00689,0.03664,0.291715
209,0.143892,-0.011772,0.409393,0.834191,-0.468246,-0.291403,0.547974,0.7636,0.341485,0.061583,-0.443959,0.893944,-0.000705,0.003885,-0.013441,0.509365,-0.597114,-1.470165,0.337916,-0.24833,0.003532,0.347009,0.539015,0.719496,0.437925,-0.841542,0.480758,0.246196,-0.034065,-0.50214,0.864036,0.010794,0.016842,-0.03892,-0.303039,0.557299,0.429078,-1.408095,0.005637,0.049527,-0.021045,-0.406061,-0.803581,0.435167,0.912607,-0.331799,0.238867,-0.04756,0.494131,0.868084,-0.001444,0.008832,-0.018919,-0.30165,0.525365,0.594639,-0.780627,0.086512,0.046543,-0.021927,-0.830744,0.40716,-0.379584,-0.525322,-0.798985,0.292674,-0.184117,0.442541,0.877643,-0.00034,0.001878,-0.006756,0.519439,-0.584015,-1.487761,0.27016
210,0.143966,-0.011527,0.408768,0.839809,-0.455084,-0.296082,0.538125,0.770159,0.342414,0.071163,-0.446322,0.892053,-0.000631,0.004446,-0.013103,-0.115319,-0.322531,-0.094203,0.314323,-0.248012,0.004023,0.345723,0.543227,0.703552,0.45816,-0.838178,0.485106,0.249124,-0.047656,-0.520234,0.852613,0.011016,0.007772,-0.028955,1.29113,2.27666,-1.087501,-1.408151,0.0058,0.049777,-0.021704,-0.413891,-0.788034,0.455736,0.90953,-0.337047,0.243215,-0.038057,0.51517,0.856242,0.005558,0.004019,-0.014385,1.271001,2.279832,-1.080779,-0.788628,0.086548,0.046665,-0.02224,-0.835131,0.394033,-0.383788,-0.515023,-0.805164,0.294045,-0.193149,0.443226,0.875353,-0.000313,0.002192,-0.006572,-0.190555,-0.427828,-0.096561,0.242238
211,0.144061,-0.011427,0.408471,0.845201,-0.443443,-0.298394,0.528551,0.776524,0.342953,0.078583,-0.447025,0.891078,-0.000678,0.004081,-0.013323,0.024327,-0.065094,-0.065498,0.305723,-0.247839,0.004057,0.345339,0.544843,0.695089,0.469029,-0.836693,0.486907,0.250599,-0.054858,-0.529842,0.846239,0.011538,-6.4e-05,-0.017962,-0.349254,0.544867,0.373129,-1.40769,0.005886,0.049791,-0.021899,-0.41602,-0.780436,0.466739,0.908802,-0.338925,0.243328,-0.031713,0.525402,0.850262,0.005831,0.000154,-0.008835,-0.45896,0.63595,0.411876,-0.786995,0.086597,0.046714,-0.022383,-0.839375,0.381122,-0.387549,-0.504945,-0.810655,0.296426,-0.201195,0.444503,0.872889,0.006289,0.001877,-0.006922,0.085606,-0.092671,-0.105041,0.227542
212,0.144304,-0.011145,0.407794,0.856242,-0.414227,-0.308723,0.507005,0.78858,0.347934,0.098267,-0.453921,0.885622,0.01242,0.002582,-0.01455,-0.207143,-0.529998,-0.177282,0.288274,-0.247322,0.003708,0.345057,0.549471,0.676876,0.48981,-0.832089,0.495739,0.248606,-0.075221,-0.545016,0.834963,0.012128,-0.017718,0.002397,-0.269154,0.358812,0.404106,-1.407716,0.006145,0.049616,-0.022041,-0.423813,-0.763094,0.487923,0.905636,-0.348502,0.241596,-0.014318,0.544272,0.838785,0.006114,-0.008693,0.001326,-0.33178,0.406052,0.428044,-0.788791,0.086718,0.046858,-0.022726,-0.847272,0.352257,-0.397547,-0.483551,-0.821241,0.302887,-0.219788,0.448862,0.866149,0.006215,0.001301,-0.007278,-0.295366,-0.655204,-0.181672,0.202232
213,0.14455,-0.010786,0.40695,0.868926,-0.375441,-0.322578,0.478833,0.802748,0.355367,0.124452,-0.462778,0.87771,-0.000883,0.011748,-0.02447,0.382108,-1.062269,-1.614449,0.24254,-0.246695,0.003135,0.345164,0.552362,0.659438,0.509931,-0.827982,0.504468,0.24473,-0.096541,-0.558219,0.823975,0.012944,-0.014382,0.005159,1.257179,1.9768,-1.140514,-1.40803,0.006454,0.049335,-0.021988,-0.431166,-0.74656,0.506697,0.90227,-0.358039,0.240242,0.002063,0.560762,0.827973,0.013282,-0.007934,0.00174,-0.147124,0.064822,0.31266,-0.786342,0.086842,0.047034,-0.023137,-0.855111,0.313823,-0.412672,-0.456841,-0.832439,0.313593,-0.245112,0.456683,0.855195,0.006395,0.005532,-0.012546,1.532163,-2.586807,-5.016137,0.158306
214,0.144651,-0.010609,0.406498,0.871782,-0.362208,-0.329921,0.470907,0.805387,0.359959,0.134253,-0.468713,0.873104,-0.000988,0.010937,-0.024961,-0.122773,-0.414824,-0.141248,0.206102,-0.246379,0.002786,0.345337,0.556495,0.648206,0.519743,-0.823883,0.510939,0.245136,-0.107345,-0.565437,0.817693,0.026573,-0.025946,0.012656,0.054027,0.80879,0.210026,-1.407799,0.006607,0.049166,-0.021903,-0.435167,-0.737096,0.517028,0.900249,-0.36479,0.237653,0.013433,0.568873,0.822315,0.006609,-0.006601,0.003049,1.033446,2.249169,-0.957586,-0.786832,0.086892,0.047124,-0.023363,-0.856791,0.298416,-0.420543,-0.447685,-0.835184,0.319444,-0.255905,0.461967,0.849174,0.006081,0.00024,-0.007921,-0.198207,-0.42644,-0.352063,0.117647
215,0.144802,-0.01022,0.405544,0.87935,-0.325745,-0.347389,0.448172,0.812768,0.372184,0.160019,-0.48256,0.861136,-0.000846,0.01202,-0.024297,-0.216245,-0.528318,-0.366342,0.170939,-0.245722,0.002102,0.345602,0.562025,0.631855,0.53374,-0.817286,0.523088,0.241567,-0.127251,-0.572777,0.80969,0.026477,-0.016429,0.003017,-0.111064,0.023541,0.265447,-1.407397,0.006937,0.048826,-0.021763,-0.443753,-0.720709,0.532598,0.895574,-0.377921,0.234779,0.032073,0.581165,0.813152,0.006594,-0.006754,0.002932,-0.135848,0.126562,0.10391,-0.780627,0.086967,0.04731,-0.023833,-0.860036,0.26232,-0.437637,-0.426162,-0.840965,0.33341,-0.280577,0.473249,0.83505,0.006098,0.004953,-0.012958,-0.402198,-0.893922,-0.490114,0.040737
216,0.144948,-0.009704,0.404514,0.88514,-0.286226,-0.366942,0.424417,0.819977,0.38403,0.189867,-0.495297,0.847737,-0.000824,0.012186,-0.024186,-0.398119,-0.874377,-0.527174,0.168796,-0.245087,0.001751,0.34563,0.567695,0.61425,0.548098,-0.810233,0.534449,0.240458,-0.145929,-0.581363,0.800365,0.013125,-0.003683,-0.003507,-0.073414,0.186415,0.083337,-1.407688,0.00726,0.048646,-0.021746,-0.452326,-0.704452,0.546943,0.890515,-0.390312,0.233748,0.048815,0.592792,0.803874,0.00653,-0.001993,-0.00189,0.010557,0.249494,0.143561,-0.770666,0.08704,0.047563,-0.024345,-0.86122,0.223581,-0.45641,-0.403613,-0.846633,0.346855,-0.308862,0.482932,0.819378,-0.000444,0.005775,-0.012294,-0.222065,-0.614485,-0.220097,0.017713
217,0.144982,-0.009395,0.403955,0.885023,-0.274796,-0.375855,0.419745,0.820272,0.38851,0.200445,-0.501258,0.841778,-0.000847,0.012005,-0.024291,-0.239291,-0.546519,-0.404134,0.169041,-0.244742,0.001655,0.345538,0.573924,0.60023,0.55707,-0.803345,0.544373,0.241305,-0.159123,-0.586761,0.793885,0.02652,-0.006217,-0.006066,0.216118,0.714645,-0.041946,-1.407564,0.007422,0.048602,-0.021788,-0.461802,-0.69291,0.553726,0.885031,-0.401346,0.23588,0.058792,0.598996,0.79859,0.006497,-0.002156,-0.002029,-0.264718,0.453246,0.416516,-0.767074,0.087057,0.047719,-0.024624,-0.859146,0.210898,-0.466249,-0.399143,-0.846353,0.352662,-0.320236,0.489089,0.811319,-0.000456,0.005615,-0.012388,-0.439465,-0.884785,-0.504296,0.013794
218,0.144897,-0.008691,0.402702,0.885521,-0.246088,-0.39413,0.405251,0.824041,0.395853,0.226267,-0.509948,0.82993,-0.001099,0.019328,-0.035607,-0.124852,-0.390073,-0.323146,0.170147,-0.244106,0.001509,0.345222,0.584492,0.568059,0.579369,-0.787879,0.567775,0.238352,-0.194274,-0.596498,0.778659,0.012472,-0.006613,-0.005962,3.394193,2.144735,4.006574,-1.408008,0.007746,0.048531,-0.021945,-0.474055,-0.665447,0.576586,0.876096,-0.421861,0.233427,0.087907,0.615802,0.782981,0.006306,0.002066,-0.0073,-0.232162,0.235685,0.423933,-0.765767,0.087014,0.04808,-0.025257,-0.855636,0.180998,-0.484898,-0.384834,-0.848959,0.362174,-0.346105,0.496495,0.796054,-0.000541,0.009584,-0.017852,-0.144795,-0.438141,-0.354278,0.012488
219,0.144835,-0.007863,0.401218,0.883629,-0.217674,-0.414563,0.393827,0.824438,0.406416,0.252219,-0.522113,0.814746,-0.00106,0.028876,-0.045527,0.261486,-1.136368,0.062909,0.170193,-0.243477,0.00129,0.34491,0.593337,0.535761,0.600751,-0.773888,0.584792,0.243,-0.221855,-0.609765,0.760809,0.012208,-0.007859,-0.007018,-0.198683,0.736433,0.309165,-1.408104,0.008065,0.04842,-0.022102,-0.490056,-0.63299,0.599305,0.863602,-0.445999,0.235106,0.11847,0.632776,0.765217,0.012965,-0.00452,-0.004247,0.288963,1.391624,0.086512,-0.760216,0.086983,0.048481,-0.025983,-0.851342,0.153827,-0.501549,-0.37414,-0.848203,0.374926,-0.367742,0.506841,0.779664,-0.000535,0.009527,-0.017877,-0.406077,-0.846723,-0.726749,0.012651
220,0.144772,-0.007022,0.399707,0.884579,-0.19168,-0.425233,0.380774,0.823333,0.420839,0.268345,-0.533941,0.801826,-0.001147,0.028173,-0.045921,-0.231324,-0.649216,-0.40593,0.168725,-0.242906,0.000912,0.344691,0.603639,0.507454,0.6149,-0.757989,0.60417,0.245694,-0.247569,-0.615031,0.748538,0.01222,-0.018193,0.001926,-0.304101,0.618305,0.222724,-1.407701,0.008345,0.048234,-0.022216,-0.5048,-0.607425,0.61336,0.851332,-0.467899,0.237281,0.14286,0.641953,0.753316,0.006144,-0.003803,-0.003416,1.035926,0.402168,1.272789,-0.760706,0.086951,0.048909,-0.026752,-0.848101,0.127779,-0.514194,-0.363235,-0.846745,0.388693,-0.385725,0.516425,0.764539,-0.000597,0.009056,-0.018153,-0.440603,-0.885961,-0.488128,0.011671
221,0.144669,-0.006594,0.398929,0.883699,-0.181781,-0.431366,0.376523,0.823584,0.42416,0.277066,-0.537019,0.796788,-0.001179,0.02791,-0.046064,-0.034373,-0.396296,-0.24622,0.165265,-0.242659,0.000752,0.344628,0.607274,0.494728,0.621654,-0.749654,0.615764,0.242457,-0.263589,-0.613882,0.743998,0.012819,-0.005249,-0.004858,3.280748,1.620784,4.092739,-1.40773,0.008472,0.048143,-0.02225,-0.507691,-0.597128,0.621036,0.847449,-0.475956,0.235148,0.155172,0.645679,0.747675,0.006374,-0.002841,-0.002621,-0.223878,0.3627,0.000299,-0.760705,0.0869,0.049133,-0.027159,-0.845539,0.116475,-0.521054,-0.358994,-0.8464,0.393355,-0.395205,0.519652,0.757478,-0.000568,0.013907,-0.023058,0.008673,-0.345354,-0.239269,0.009875
222,0.144343,-0.005811,0.397437,0.881138,-0.155885,-0.446476,0.364734,0.824994,0.431655,0.299959,-0.542995,0.784352,-0.014366,0.019408,-0.035173,-0.118139,-0.723507,-0.290807,0.164277,-0.242291,0.000535,0.344484,0.611849,0.46786,0.637761,-0.733465,0.637261,0.236352,-0.296593,-0.612972,0.732231,0.012931,-0.004793,-0.004483,0.893869,0.690714,1.2041,-1.408087,0.008657,0.048036,-0.022321,-0.519144,-0.569411,0.637384,0.833197,-0.503346,0.228964,0.190451,0.649932,0.735741,-0.000569,-0.001891,-0.001525,3.26816,1.817736,3.857743,-0.759726,0.086742,0.049509,-0.027879,-0.840698,0.092724,-0.533505,-0.348054,-0.847285,0.401204,-0.41483,0.52298,0.744584,-0.007192,0.009411,-0.017772,1.504984,-1.737561,1.399148,0.00465
223,0.1441,-0.005191,0.396164,0.875904,-0.141037,-0.461461,0.361615,0.825085,0.434098,0.318435,-0.54692,0.774277,-0.01438,0.019302,-0.035227,-0.277049,-0.709525,-0.28337,0.166843,-0.242201,0.000284,0.344415,0.616556,0.44411,0.65009,-0.720099,0.651775,0.237868,-0.318831,-0.615342,0.720807,-0.000846,-0.003821,-0.003209,0.871901,0.853558,1.014325,-1.407927,0.008707,0.047912,-0.022354,-0.527936,-0.547003,0.649668,0.822457,-0.520033,0.230495,0.211768,0.656012,0.724431,-0.000665,-0.002304,-0.001859,3.290145,1.898997,3.835588,-0.763482,0.086621,0.049827,-0.028528,-0.832615,0.078357,-0.54828,-0.345278,-0.847462,0.403223,-0.433052,0.52504,0.732665,-0.000652,0.004098,-0.013297,-0.034916,-0.115031,-0.294102,0.00514
224,0.144008,-0.004949,0.395603,0.873964,-0.134383,-0.467091,0.359857,0.824915,0.435878,0.325653,-0.548856,0.769892,-0.01427,0.020142,-0.034697,-0.195661,-0.558465,-0.223164,0.168034,-0.242208,0.000153,0.344397,0.617032,0.434087,0.656377,-0.715426,0.656703,0.238413,-0.328311,-0.61724,0.714906,-0.000721,-0.003257,-0.002738,-0.103105,0.247628,-0.071614,-1.407998,0.008703,0.047844,-0.022366,-0.531016,-0.535564,0.656652,0.817777,-0.526885,0.231586,0.221951,0.659971,0.717756,-0.00035,-0.001624,-0.001371,-0.069964,0.207314,-0.092257,-0.766094,0.086575,0.049946,-0.02881,-0.82951,0.071315,-0.55392,-0.343633,-0.847021,0.405549,-0.44026,0.526753,0.727119,-0.000595,0.004529,-0.01303,-0.22229,-0.579763,-0.240274,0.006119
225,0.143871,-0.004607,0.394593,0.870941,-0.123365,-0.475698,0.356991,0.824091,0.439777,0.336686,-0.552682,0.762373,-0.001194,0.009353,-0.025888,-0.209814,-0.521647,-0.197949,0.174719,-0.242221,-7.8e-05,0.344335,0.620871,0.410001,0.668139,-0.701276,0.671255,0.239922,-0.350886,-0.618022,0.703413,-0.000923,-0.004169,-0.003509,-0.105043,0.339198,-0.28792,-1.407805,0.008698,0.047732,-0.022394,-0.539067,-0.512485,0.668405,0.806161,-0.54379,0.233229,0.243945,0.664568,0.706285,-0.000363,-0.001682,-0.001422,-0.068006,0.207994,-0.092252,-0.76985,0.086501,0.050121,-0.029318,-0.82498,0.060675,-0.561894,-0.341178,-0.846084,0.409559,-0.45056,0.529584,0.718703,-0.000581,0.004649,-0.01296,-0.214782,-0.55676,-0.22313,0.012651
226,0.14387,-0.004222,0.393619,0.868938,-0.117195,-0.480891,0.35563,0.823612,0.441772,0.343217,-0.554742,0.757951,-0.000785,0.012431,-0.023947,0.035471,-0.089741,0.010356,0.178167,-0.242265,-0.00027,0.34424,0.63004,0.373245,0.680977,-0.676819,0.693739,0.246122,-0.38133,-0.61643,0.688814,-0.000898,-0.004053,-0.003416,-0.337462,0.597741,0.14055,-1.407682,0.008675,0.047635,-0.022442,-0.553733,-0.479681,0.68065,0.786272,-0.570312,0.237739,0.274145,0.66682,0.692961,-0.00052,-0.002385,-0.002021,-0.348368,0.648903,0.14911,-0.768217,0.0865,0.050308,-0.029809,-0.821414,0.052891,-0.567874,-0.339895,-0.844951,0.412951,-0.457984,0.532222,0.712032,-0.00045,0.005655,-0.012325,0.070045,-0.039233,-0.009517,0.018529
227,0.143844,-0.003623,0.392603,0.866131,-0.106669,-0.488348,0.350592,0.826037,0.44127,0.35525,-0.553273,0.753468,-0.000771,0.012534,-0.02387,0.094675,-0.079499,0.049419,0.178714,-0.242345,-0.00052,0.344163,0.635693,0.333716,0.696074,-0.651698,0.715187,0.252452,-0.414356,-0.614528,0.671214,-0.000929,-0.004184,-0.003533,-0.198351,0.599011,0.18143,-1.408189,0.008635,0.04751,-0.02248,-0.566021,-0.44117,0.69641,0.765177,-0.595523,0.244653,0.306795,0.671356,0.674652,-0.000366,-0.001659,-0.001411,-0.083835,0.847802,0.542426,-0.770013,0.086488,0.050612,-0.030314,-0.817142,0.042632,-0.574857,-0.334686,-0.847039,0.412928,-0.469322,0.529817,0.706419,-0.000274,0.011554,-0.016537,0.26444,-0.157486,0.205426,0.022612
228,0.143802,-0.003238,0.392001,0.864544,-0.102709,-0.491996,0.349915,0.825724,0.442392,0.359743,-0.554493,0.750433,-0.000785,0.02158,-0.034031,0.055724,-0.117197,-0.008999,0.178004,-0.242325,-0.000603,0.344145,0.635952,0.316947,0.703633,-0.641355,0.724045,0.253685,-0.429838,-0.613005,0.662817,0.013262,-0.003469,-0.003387,-0.157847,0.322297,0.007193,-1.408123,0.008644,0.047463,-0.022494,-0.569198,-0.423351,0.70483,0.756298,-0.605867,0.246852,0.322529,0.67357,0.665039,0.006664,-0.001634,-0.001619,-0.115281,0.264224,-0.020338,-0.76936,0.086466,0.050803,-0.03061,-0.814924,0.038925,-0.578258,-0.334283,-0.846623,0.414107,-0.473447,0.530768,0.702945,-0.000413,0.005926,-0.012146,0.041895,-0.083211,-0.026872,0.023102
229,0.143693,-0.002297,0.390691,0.857182,-0.094255,-0.506361,0.350829,0.82666,0.439913,0.376062,-0.55461,0.742302,-0.000533,0.023436,-0.032815,-0.195726,-0.577653,-0.205403,0.172357,-0.242265,-0.000664,0.344091,0.634546,0.269743,0.72428,-0.61241,0.747047,0.258473,-0.472127,-0.607905,0.638286,-0.000142,-0.000641,-0.000542,-0.20509,0.629664,0.227865,-1.408278,0.008674,0.047433,-0.02252,-0.575573,-0.377811,0.72524,0.731906,-0.633567,0.250809,0.36473,0.675167,0.641187,-5.8e-05,-0.000282,-0.000254,-0.066528,0.975949,0.38109,-0.76887,0.086411,0.05127,-0.031266,-0.806275,0.032992,-0.59062,-0.335134,-0.848224,0.410121,-0.487448,0.528607,0.694959,-0.000207,0.012004,-0.016223,0.114053,-0.047358,0.030313,0.019509
