frame,MLTx,MLTy,MLTz,MLTR1,MLTR2,MLTR3,MLTR4,MLTR5,MLTR6,MLTR7,MLTR8,MLTR9,MLTTVx,MLTTVy,MLTTVz,MLTRVx,MLTRVy,MLTRVz,MLGA,MRTx,MRTy,MRTz,MRTR1,MRTR2,MRTR3,MRTR4,MRTR5,MRTR6,MRTR7,MRTR8,MRTR9,MRTTVx,MRTTVy,MRTTVz,MRTRVx,MRTRVy,MRTRVz,MRGA,SLTx,SLTy,SLTz,SLTR1,SLTR2,SLTR3,SLTR4,SLTR5,SLTR6,SLTR7,SLTR8,SLTR9,SLTTVx,SLTTVy,SLTTVz,SLTRVx,SLTRVy,SLTRVz,SLGA,SRTx,SRTy,SRTz,SRTR1,SRTR2,SRTR3,SRTR4,SRTR5,SRTR6,SRTR7,SRTR8,SRTR9,SRTTVx,SRTTVy,SRTTVz,SRTRVx,SRTRVy,SRTRVz,SRGA
212,0.151543,-0.019788,0.313396,-0.35806,-0.399027,-0.844166,-0.044013,-0.895881,0.442078,-0.932231,0.195935,0.304272,0.015514,0.005188,0.005539,0.001662,-0.029623,0.054208,-1.356096,-0.144939,-0.031868,0.309532,-0.451318,-0.604854,0.65609,0.869981,-0.461662,0.173018,0.198791,0.649626,0.733711,0.029398,0.016307,0.014981,-0.948504,-2.2775,-0.340545,0.084481,0.055197,0.029012,-0.025435,0.435203,0.599398,0.671802,-0.863798,0.48838,0.123836,-0.253868,-0.634196,0.730304,0.022214,0.008822,0.007163,-4.75597,-3.882464,-1.662478,-0.103651,0.075717,0.029036,-0.068416,0.363021,0.462485,-0.808902,-0.088216,0.881284,0.46428,0.927595,-0.097185,0.360723,0.01509,-0.003492,0.00629,-0.033317,-0.028923,0.066477,-1.025157
213,0.152527,-0.019939,0.314107,-0.365362,-0.389515,-0.845479,-0.049947,-0.898749,0.435578,-0.929086,0.201852,0.30997,0.03083,-0.001228,0.018703,0.038017,0.114089,0.150985,-1.392019,-0.14366,-0.03131,0.310195,-0.422224,-0.682028,0.597122,0.902604,-0.376724,0.208131,0.083515,0.627694,0.773879,0.029244,0.017019,0.015673,-0.954777,-1.461776,-0.293883,0.093851,0.055837,0.02929,-0.025105,0.411038,0.678629,0.608695,-0.900837,0.404753,0.157058,-0.139787,-0.612892,0.777702,0.014589,0.008501,0.007674,-3.825505,-2.855356,-3.042558,-0.071482,0.076203,0.028966,-0.06807,0.371503,0.453896,-0.809915,-0.082472,0.885032,0.458164,0.924761,-0.103414,0.366226,0.008051,6.6e-05,0.010089,0.063974,0.187978,0.156523,-1.033485
214,0.153697,-0.02011,0.315003,-0.384487,-0.376528,-0.842877,-0.058346,-0.901314,0.429185,-0.920823,0.214658,0.325629,0.030949,0.000269,0.020199,0.071744,0.18472,0.191929,-1.413644,-0.142528,-0.030713,0.310758,-0.372602,-0.746291,0.551552,0.92786,-0.293111,0.230424,-0.009842,0.59855,0.800939,0.014388,0.011076,0.010712,-2.716486,-2.470378,-3.566994,0.121152,0.056408,0.029599,-0.024812,0.369654,0.740089,0.561803,-0.927888,0.325767,0.181382,-0.048778,-0.588339,0.807141,0.01474,0.006201,0.005152,-0.229091,-0.709242,0.723437,-0.042907,0.076801,0.028881,-0.067606,0.39224,0.442824,-0.806259,-0.074108,0.888863,0.452139,0.916872,-0.117597,0.381464,0.022921,0.000346,0.010273,0.061162,0.152414,0.256551,-1.04018
215,0.154349,-0.020052,0.315421,-0.398823,-0.376567,-0.836172,-0.053939,-0.900604,0.431247,-0.914961,0.217556,0.339915,0.031208,0.00293,0.02296,0.087747,0.872577,-0.561049,-1.41396,-0.142197,-0.030568,0.310864,-0.361511,-0.758882,0.541664,0.931812,-0.275471,0.236171,-0.029571,0.591055,0.806005,0.014811,0.005042,0.003802,-2.888403,-1.768481,-3.610747,0.124474,0.056578,0.029682,-0.024748,0.356177,0.755952,0.549247,-0.934024,0.305099,0.185777,-0.027136,-0.57918,0.814747,0.007424,0.002199,0.001412,-2.911266,-1.740005,-3.583983,-0.02919,0.077126,0.028907,-0.0674,0.405085,0.443974,-0.799244,-0.078141,0.887793,0.453558,0.910933,-0.121276,0.394324,0.015661,0.007132,0.007475,0.048266,1.86966,-1.943328,-1.039853
216,0.155579,-0.019643,0.316159,-0.424288,-0.373003,-0.825162,-0.046064,-0.901168,0.430982,-0.903844,0.22133,0.366204,0.031228,0.014748,0.015318,0.21623,0.490205,0.199041,-1.406721,-0.142034,-0.030822,0.310979,-0.326911,-0.777708,0.536928,0.943197,-0.233655,0.236049,-0.057722,0.584566,0.809206,0.001408,-0.013305,0.005674,-2.990011,-1.586703,-4.036959,0.126973,0.05666,0.029551,-0.024695,0.322698,0.775391,0.542801,-0.946501,0.263819,0.185834,0.000893,-0.57373,0.819043,0.000723,-0.006836,0.002504,-2.996137,-1.596744,-4.016638,-0.021026,0.07773,0.029106,-0.067029,0.429764,0.443976,-0.786248,-0.086008,0.886933,0.453818,0.898835,-0.127411,0.419357,0.015594,0.001907,0.011857,0.3483,0.774535,0.346463,-1.03969
217,0.156869,-0.019255,0.316659,-0.437025,-0.371355,-0.819237,-0.041736,-0.901455,0.430823,-0.897954,0.222929,0.379484,0.030639,0.010139,0.010359,0.025235,0.113437,-0.054373,-1.402749,-0.141845,-0.030905,0.310876,-0.295112,-0.795735,0.528872,0.951545,-0.19522,0.237457,-0.085347,0.574315,0.814089,0.015358,-0.002289,-0.004589,-0.228278,-0.243176,-0.244919,0.148852,0.056749,0.029506,-0.02475,0.29092,0.794719,0.532715,-0.956306,0.224635,0.187129,0.029049,-0.563879,0.825346,-0.000491,0.003734,-0.006179,-0.818577,-0.616107,-1.001423,3.9e-05,0.078388,0.029315,-0.066764,0.443578,0.442569,-0.779339,-0.090264,0.887209,0.452451,0.891678,-0.130351,0.433494,0.015324,0.005193,0.005289,-0.023212,0.149621,-0.22612,-1.048834
218,0.158033,-0.018807,0.317085,-0.438397,-0.372863,-0.817818,-0.040846,-0.900701,0.432482,-0.897325,0.223461,0.380657,0.016012,0.012457,0.012834,-0.002534,0.057804,-0.091613,-1.416376,-0.141329,-0.030975,0.310603,-0.270046,-0.812596,0.516482,0.955983,-0.16274,0.244021,-0.113909,0.56066,0.820091,0.015527,-0.004358,-0.006983,-0.004147,-0.033453,-0.046214,0.160491,0.057007,0.029471,-0.024887,0.266875,0.812219,0.518725,-0.961991,0.192194,0.193991,0.057868,-0.550781,0.83264,0.007762,-0.002135,-0.003431,-0.061181,-0.130415,0.048918,0.012286,0.07898,0.029537,-0.066553,0.444148,0.444585,-0.777866,-0.090915,0.886082,0.454524,0.891328,-0.131156,0.433971,0.007999,0.006215,0.006386,-0.002017,0.054717,-0.093757,-1.059448
219,0.158452,-0.018609,0.317316,-0.439812,-0.369113,-0.818758,-0.046833,-0.900988,0.431277,-0.896338,0.228479,0.380002,0.030587,0.010872,0.010986,0.00341,-0.059013,0.108554,-1.420504,-0.141028,-0.031033,0.310465,-0.258829,-0.819375,0.511492,0.957353,-0.147588,0.248246,-0.127601,0.554954,0.821953,0.015477,-0.003568,-0.00609,0.000434,-0.001258,0.004083,0.18712,0.057158,0.029438,-0.02496,0.256214,0.819119,0.513223,-0.963953,0.177111,0.198556,0.071743,-0.545596,0.834971,0.00773,-0.001624,-0.002857,0.003252,-0.000534,0.032303,0.032534,0.07919,0.029637,-0.066436,0.446012,0.441074,-0.778798,-0.084953,0.887073,0.453744,0.890985,-0.136215,0.433115,0.015281,0.005365,0.005402,0.005591,-0.059975,0.107805,-1.062714
220,0.159165,-0.018251,0.317753,-0.441331,-0.365289,-0.819656,-0.053117,-0.901175,0.430155,-0.89524,0.233828,0.379339,0.015709,0.010106,0.010291,0.001709,-0.029503,0.054277,-1.417916,-0.140377,-0.030944,0.310323,-0.227872,-0.837088,0.497343,0.959614,-0.106814,0.260125,-0.164348,0.537577,0.826961,0.015068,0.001811,7.6e-05,-2.756315,-1.461175,-4.548677,0.222616,0.05749,0.029474,-0.025042,0.228146,0.836991,0.497388,-0.96765,0.138408,0.210941,0.107713,-0.529423,0.841491,0.00755,0.001164,0.000188,-2.748387,-1.452134,-4.547674,0.092625,0.079547,0.029817,-0.066217,0.448007,0.437526,-0.779653,-0.078742,0.887988,0.453074,0.890555,-0.141589,0.432276,0.007848,0.005031,0.00511,0.003731,-0.032836,0.057252,-1.068103
221,0.159586,-0.017896,0.31813,-0.443469,-0.367627,-0.817454,-0.052237,-0.899879,0.432969,-0.894232,0.235162,0.380887,0.000805,-0.002739,0.016879,-0.034854,-0.001462,0.006616,-1.429231,-0.139639,-0.030759,0.310435,-0.208533,-0.853333,0.477838,0.957769,-0.079525,0.276202,-0.197439,0.516321,0.833243,0.016047,-0.005646,0.012436,-0.032931,-0.022022,0.034661,0.203777,0.057847,0.029567,-0.024992,0.208821,0.853916,0.476676,-0.967597,0.109657,0.227442,0.141945,-0.508725,0.849146,0.015563,-0.002032,0.006123,-0.024298,-0.025635,0.058154,0.094094,0.079757,0.029995,-0.066036,0.449686,0.440049,-0.777263,-0.079721,0.886515,0.455779,0.889621,-0.142993,0.433735,0.000381,0.004097,0.004217,0.00184,-0.016093,0.025324,-1.068103
222,0.159589,-0.017816,0.318331,-0.443221,-0.367288,-0.817741,-0.05261,-0.899995,0.432682,-0.894334,0.235247,0.380596,-0.013948,-0.003131,0.016646,-0.035838,0.013254,-0.022936,-1.442379,-0.139198,-0.030781,0.310633,-0.184919,-0.862655,0.47077,0.95879,-0.053442,0.278928,-0.215236,0.504025,0.836359,0.015928,-0.004203,0.014081,-2.488184,-1.812654,-4.512652,0.201962,0.058079,0.029555,-0.024886,0.187701,0.863242,0.468593,-0.969268,0.085549,0.230653,0.159021,-0.497486,0.852771,0.007979,-0.001858,0.007138,-2.44776,-1.842381,-4.521799,0.088706,0.079764,0.030038,-0.065932,0.449467,0.439662,-0.777608,-0.079346,0.886701,0.455481,0.889765,-0.143024,0.433429,0.000322,0.003479,0.003579,0.00152,-0.01534,0.024453,-1.068919
223,0.159466,-0.01792,0.318801,-0.442005,-0.365655,-0.81913,-0.054417,-0.90055,0.4313,-0.894829,0.235661,0.379174,0.000424,-0.006743,0.012734,-0.029828,-0.103295,0.177388,-1.443945,-0.138378,-0.03075,0.311359,-0.15035,-0.874597,0.460941,0.959524,-0.016988,0.280994,-0.237745,0.485624,0.841136,0.01548,0.000944,0.019931,0.061625,-0.138524,-0.03619,0.210218,0.058484,0.029569,-0.024532,0.15231,0.876497,0.456676,-0.97135,0.047465,0.232864,0.182428,-0.47906,0.858615,0.014585,0.007179,0.006178,0.116069,-0.193351,-0.003569,0.087236,0.079698,0.029988,-0.065694,0.448591,0.438078,-0.779007,-0.077621,0.887433,0.454353,0.890359,-0.143352,0.432098,0.000151,0.00167,0.001715,0.000538,-0.000292,-0.000298,-1.069899
224,0.159402,-0.018216,0.319279,-0.441063,-0.364322,-0.820231,-0.056382,-0.900865,0.430391,-0.895173,0.236524,0.377822,0.000358,-0.007438,0.012018,-0.034852,-0.001434,0.006631,-1.434555,-0.137779,-0.030574,0.312105,-0.125341,-0.881059,0.456088,0.961088,0.006045,0.276055,-0.245829,0.474042,0.845409,0.014094,0.012685,0.012406,-2.374596,-1.71378,-4.719002,0.257776,0.058778,0.029656,-0.02416,0.133275,0.88252,0.450995,-0.973105,0.030253,0.228366,0.187893,-0.469301,0.862816,0.007668,0.000989,0.010521,0.211126,-0.280277,-0.119521,0.126099,0.079671,0.029844,-0.065466,0.44779,0.436546,-0.780327,-0.075641,0.88808,0.453421,0.890932,-0.144013,0.430695,0.000152,-0.003914,0.00581,-0.035212,0.013104,-0.018357,-1.06549
225,0.159275,-0.018618,0.31968,-0.440812,-0.36389,-0.820557,-0.057903,-0.900724,0.430483,-0.895199,0.237722,0.377005,7e-05,-0.010454,0.008927,-0.035583,0.01327,-0.018145,-1.421036,-0.137377,-0.03048,0.312937,-0.092283,-0.888909,0.448682,0.960076,0.039896,0.27676,-0.263808,0.457419,0.849138,0.016601,-0.008589,0.029778,-0.04548,-0.077335,-0.053615,0.280487,0.058984,0.029714,-0.02374,0.095191,0.892364,0.441161,-0.973365,-0.009411,0.229063,0.20856,-0.451216,0.867701,9.1e-05,0.000681,0.011158,-0.076839,-0.089785,-0.124181,0.169371,0.079602,0.029643,-0.065259,0.447614,0.436119,-0.780667,-0.074121,0.888098,0.453637,0.891149,-0.14519,0.42985,3e-05,-0.005203,0.004488,-0.030273,-0.088252,0.152755,-1.062061
226,0.159253,-0.018783,0.319806,-0.4405,-0.363441,-0.820924,-0.058615,-0.900814,0.430197,-0.895307,0.238067,0.376531,1.4e-05,-0.011038,0.008329,-0.035584,0.013261,-0.018151,-1.408438,-0.137213,-0.03057,0.313406,-0.076589,-0.893498,0.442479,0.958519,0.056047,0.279346,-0.274307,0.446635,0.85155,0.016709,-0.009891,0.028279,0.03077,-0.137736,-0.029632,0.287703,0.059066,0.029672,-0.023502,0.080172,0.897158,0.434371,-0.972314,-0.02557,0.232274,0.219493,-0.440967,0.870269,0.007744,-0.000104,0.009248,0.09961,-0.151227,-0.054457,0.182924,0.079591,0.029556,-0.065193,0.447385,0.435661,-0.781053,-0.073394,0.888267,0.453423,0.891324,-0.14553,0.429373,-7e-06,-0.005608,0.004074,-0.035377,0.013157,-0.018288,-1.060591
227,0.159254,-0.018953,0.319955,-0.441648,-0.364711,-0.819742,-0.058629,-0.899982,0.431933,-0.894739,0.239272,0.377118,3.7e-05,-0.010802,0.008573,-0.035585,0.01325,-0.018158,-1.366651,-0.136855,-0.030904,0.314402,-0.061746,-0.904834,0.421254,0.95495,0.069027,0.288514,-0.290065,0.421222,0.859242,0.016587,-0.008601,0.029687,0.310892,-0.45802,-0.224921,0.289848,0.059245,0.029503,-0.023021,0.068176,0.907974,0.413442,-0.969145,-0.03812,0.243526,0.236875,-0.417288,0.877359,0.000767,-0.005171,0.014877,-0.101537,-0.063794,0.026136,0.197294,0.079591,0.029469,-0.06512,0.448317,0.43705,-0.779742,-0.073415,0.887373,0.455168,0.890854,-0.146815,0.42991,1e-05,0.000152,0.000157,0.000728,-0.002816,0.003899,-1.05455
228,0.159182,-0.019041,0.320116,-0.441578,-0.364596,-0.819832,-0.05909,-0.89993,0.43198,-0.894744,0.239645,0.37687,6.6e-05,0.000689,0.000706,-0.0,0.0,-0.0,-1.355984,-0.13677,-0.031193,0.315794,-0.042161,-0.916245,0.398384,0.950448,0.085991,0.298644,-0.307842,0.392381,0.86668,0.001004,-0.004022,0.036742,-0.48218,-0.78269,-1.597747,0.288983,0.059294,0.029348,-0.022323,0.050893,0.919924,0.388779,-0.966009,-0.053447,0.25292,0.253446,-0.388436,0.885935,0.00115,-0.006872,0.023067,-1.907091,-2.149946,-4.847467,0.200396,0.079555,0.029421,-0.065037,0.448252,0.436915,-0.779855,-0.07293,0.887378,0.455235,0.890926,-0.147185,0.429634,3.6e-05,0.000399,0.000409,0.000102,-8.1e-05,-5e-06,-1.05406
229,0.159184,-0.019048,0.320154,-0.44097,-0.363803,-0.82051,-0.059593,-0.900298,0.431143,-0.895011,0.239465,0.37635,7.3e-05,0.000762,0.000781,0.0,0.0,0.0,-1.35718,-0.136604,-0.031549,0.317528,-0.021798,-0.923556,0.382832,0.949634,0.100455,0.296711,-0.312467,0.371174,0.874333,0.002069,-0.012379,0.047849,0.345983,-0.512231,-0.290515,0.288846,0.059376,0.029177,-0.021456,0.030691,0.927386,0.372843,-0.965208,-0.06941,0.252099,0.259672,-0.367609,0.892991,0.000377,-0.000982,0.019446,-0.004369,-0.176414,0.125622,0.201703,0.079556,0.029416,-0.065019,0.447783,0.43608,-0.780591,-0.072423,0.887826,0.454442,0.891203,-0.146959,0.429136,3.6e-05,0.0004,0.000411,8.3e-05,-1.7e-05,-5.1e-05,-1.058468
230,0.159173,-0.019064,0.320167,-0.440774,-0.363548,-0.820729,-0.059779,-0.90041,0.430883,-0.895095,0.239432,0.37617,1.4e-05,-0.011027,0.008343,-0.035585,0.013244,-0.018161,-1.357286,-0.136579,-0.031671,0.318377,-0.008666,-0.925569,0.378469,0.949045,0.111475,0.294653,-0.314907,0.362896,0.876928,0.001981,-0.011419,0.048823,0.362124,-0.612837,-0.121413,0.287835,0.059389,0.029116,-0.021031,0.017823,0.929634,0.368051,-0.964789,-0.080623,0.250359,0.262416,-0.359554,0.895465,0.000332,-0.000512,0.019923,0.004826,-0.120698,-0.041018,0.201049,0.079551,0.029414,-0.065014,0.447624,0.4358,-0.780839,-0.072253,0.887976,0.454176,0.891297,-0.146882,0.428967,-0.007338,0.000274,0.000371,-0.000913,0.014702,-0.029613,-1.058958
231,0.159172,-0.019142,0.320204,-0.440345,-0.362973,-0.821214,-0.060279,-0.900638,0.430336,-0.895273,0.239444,0.375738,-9e-06,-9.5e-05,-9.8e-05,0.0,0.0,0.0,-1.353136,-0.136604,-0.031853,0.320025,0.006699,-0.927825,0.372944,0.948419,0.12396,0.291666,-0.316861,0.352915,0.880292,0.000821,-0.002063,0.038507,0.127402,-0.227053,-0.121122,0.288007,0.059376,0.029027,-0.020197,0.001811,0.932663,0.360743,-0.964667,-0.093414,0.246355,0.263465,-0.348443,0.89954,0.000356,-0.000754,0.019562,0.234615,-0.335906,-0.132975,0.20007,0.07955,0.02937,-0.064993,0.447303,0.435207,-0.781354,-0.071734,0.888267,0.453691,0.8915,-0.146888,0.428543,-7e-06,-6.9e-05,-6.9e-05,0.005142,-0.10106,0.171229,-1.059122
232,0.159173,-0.019188,0.32026,-0.440088,-0.362624,-0.821505,-0.060632,-0.900762,0.430026,-0.895376,0.239505,0.375455,2e-06,1.9e-05,2e-05,0.0,0.0,0.0,-1.352456,-0.136447,-0.032062,0.32152,0.012284,-0.929494,0.36862,0.949162,0.126662,0.288065,-0.314467,0.347505,0.883297,0.000961,-0.003684,0.036597,0.201928,-0.308965,-0.170214,0.287672,0.059455,0.028923,-0.019448,-0.003013,0.934252,0.356601,-0.965163,-0.096015,0.243394,0.26163,-0.343445,0.901995,0.000448,-0.001778,0.018366,0.400986,-0.499599,-0.206629,0.201703,0.07955,0.029347,-0.064965,0.447107,0.43484,-0.78167,-0.071379,0.88844,0.453408,0.891627,-0.146927,0.428266,-1e-06,0.0,1e-06,4.3e-05,-3e-06,-4.4e-05,-1.060265
233,0.159173,-0.019238,0.320298,-0.439995,-0.362488,-0.821615,-0.060846,-0.900789,0.429939,-0.895407,0.239609,0.375314,0.0,0.0,0.0,0.0,0.0,0.0,-1.351777,-0.13632,-0.032094,0.322231,0.023264,-0.929354,0.368444,0.947182,0.13826,0.289248,-0.319791,0.343418,0.882984,-0.000299,0.006721,0.027539,-0.030804,-0.024914,0.024855,0.286175,0.059513,0.028904,-0.019103,-0.015126,0.934755,0.354969,-0.963861,-0.108065,0.2435,0.265973,-0.338458,0.902609,0.000438,-0.001685,0.01844,-0.116307,0.085801,-0.199577,0.201376,0.07955,0.029322,-0.064946,0.447037,0.434698,-0.781789,-0.071165,0.888494,0.453336,0.891679,-0.147022,0.428125,-1e-06,-5e-06,-7e-06,3.8e-05,-7e-06,-4e-05,-1.060755
234,0.159141,-0.01939,0.320437,-0.441943,-0.360519,-0.821436,-0.061007,-0.901503,0.428418,-0.894434,0.239893,0.377446,8.4e-05,0.000879,0.000901,0.000757,0.00161,0.000924,-1.350093,-0.135979,-0.031947,0.323469,0.033403,-0.930167,0.365604,0.944434,0.148923,0.292917,-0.326957,0.336669,0.882959,0.014517,0.00929,0.028228,-0.028822,-0.048886,0.085233,0.283423,0.059683,0.028975,-0.018487,-0.024932,0.935748,0.351785,-0.961544,-0.118725,0.247661,0.273514,-0.332082,0.902723,0.007272,0.004266,0.013708,-0.029017,-0.032187,0.061748,0.19762,0.079534,0.029248,-0.064882,0.449293,0.432869,-0.781511,-0.07105,0.889318,0.451735,0.890554,-0.147435,0.43032,-0.007273,0.000984,0.001097,-0.010245,0.004526,-0.034621,-1.060755
235,0.159093,-0.019374,0.320572,-0.441935,-0.360502,-0.821448,-0.061204,-0.901461,0.428479,-0.894425,0.240079,0.377349,0.000215,0.002235,0.002288,0.0,0.0,0.0,-1.351642,-0.135553,-0.03166,0.324624,0.038306,-0.930976,0.363054,0.942584,0.154152,0.296155,-0.331734,0.33203,0.882934,0.014295,0.011169,0.030087,-0.028828,-0.048828,0.085265,0.28424,0.059897,0.029113,-0.017899,-0.029592,0.936662,0.348981,-0.959997,-0.123888,0.251109,0.278438,-0.32759,0.902859,0.00715,0.005351,0.014793,-0.041439,0.060895,-0.113835,0.196967,0.079511,0.029251,-0.064812,0.449188,0.432932,-0.781536,-0.070781,0.889247,0.451917,0.890628,-0.147677,0.430082,0.00014,-0.004095,0.005626,-0.035636,0.012868,-0.018383,-1.061408
236,0.159075,-0.019369,0.320636,-0.441779,-0.360296,-0.821622,-0.061411,-0.901535,0.428294,-0.894488,0.240111,0.377181,0.000187,0.001944,0.00199,0.000737,-0.014611,0.02483,-1.351481,-0.135281,-0.031387,0.325193,0.03676,-0.933039,0.357882,0.941544,0.152209,0.300436,-0.334844,0.327086,0.883605,0.014286,0.010924,0.029734,-0.031662,-0.0367,0.060844,0.286779,0.060028,0.029244,-0.01762,-0.027734,0.938613,0.343854,-0.959107,-0.121919,0.255439,0.281681,-0.322709,0.903611,0.007112,0.005591,0.015001,-0.037103,-0.045243,0.068411,0.197947,0.079501,0.029255,-0.064779,0.449074,0.432733,-0.781712,-0.070583,0.88934,0.451764,0.890702,-0.147699,0.429923,3.4e-05,0.000376,0.000386,0.000117,-0.000117,-8.6e-05,-1.061571
237,0.159052,-0.019573,0.320781,-0.441214,-0.359508,-0.822271,-0.0624,-0.901759,0.427679,-0.894699,0.24045,0.376464,-9e-06,-9.1e-05,-9.3e-05,0.0,0.0,0.0,-1.35167,-0.134628,-0.030661,0.326034,0.039927,-0.93519,0.351876,0.939741,0.154678,0.304787,-0.339518,0.319675,0.884533,0.014468,0.008325,0.026828,-0.03065,-0.035273,0.059915,0.297483,0.060364,0.029625,-0.017175,-0.030402,0.940797,0.337601,-0.957599,-0.124226,0.259946,0.286495,-0.315383,0.904683,0.007232,0.004043,0.013279,-0.026798,-0.029952,0.058412,0.205622,0.07949,0.02916,-0.064707,0.448627,0.431882,-0.782439,-0.069604,0.889712,0.451184,0.891004,-0.147953,0.42921,-1.3e-05,-0.000105,-0.000109,9.9e-05,-5.5e-05,-6.5e-05,-1.061734
238,0.159087,-0.019686,0.320886,-0.443122,-0.35748,-0.822129,-0.062478,-0.902525,0.426049,-0.893749,0.240596,0.378622,1.1e-05,0.000118,0.000121,0.000242,0.000517,0.000296,-1.352366,-0.134072,-0.030028,0.32665,0.043554,-0.937109,0.346298,0.937969,0.157564,0.308743,-0.34395,0.312544,0.885369,0.013526,0.014731,0.013537,0.00568,-0.042381,0.079939,0.305893,0.060636,0.029939,-0.016869,-0.033716,0.942717,0.331884,-0.956108,-0.127135,0.263995,0.291067,-0.308416,0.905626,0.0068,0.006889,0.006259,-0.005942,0.06873,-0.121307,0.218195,0.079508,0.029098,-0.064652,0.450821,0.430043,-0.78219,-0.069509,0.890544,0.449553,0.889903,-0.148299,0.431368,9e-06,-0.005454,0.004234,-0.041098,0.006548,-0.021584,-1.061571
239,0.159098,-0.019753,0.320936,-0.443113,-0.357445,-0.822149,-0.062684,-0.902489,0.426094,-0.893739,0.240782,0.378526,0.0,2e-06,2e-06,4e-06,8e-06,4e-06,-1.353204,-0.13385,-0.029781,0.326862,0.048117,-0.937929,0.34346,0.936625,0.161695,0.310681,-0.346999,0.307919,0.885799,-0.000982,0.00987,0.010331,0.001818,-0.013589,0.025346,0.306223,0.060753,0.030066,-0.016759,-0.038073,0.943635,0.328789,-0.954982,-0.131233,0.266057,0.294209,-0.303859,0.906151,0.006912,0.005684,0.004983,0.005971,-0.025699,0.054015,0.221787,0.079513,0.029065,-0.064627,0.450762,0.430044,-0.782224,-0.069279,0.890511,0.449654,0.88995,-0.148495,0.431202,4e-06,-0.005523,0.004167,-0.03109,-0.088547,0.15268,-1.061571
240,0.159072,-0.019978,0.321043,-0.445165,-0.355599,-0.821841,-0.062853,-0.903113,0.424745,-0.892704,0.241174,0.380711,-0.000115,-0.012357,0.006989,-0.026183,0.049472,-0.03064,-1.35368,-0.133339,-0.029493,0.327168,0.05231,-0.938893,0.3402,0.935246,0.16536,0.312897,-0.350104,0.302979,0.886281,0.030345,-0.001782,0.014153,-0.030404,-0.036971,0.063757,0.303032,0.060996,0.030213,-0.016609,-0.042078,0.944652,0.325362,-0.95383,-0.13491,0.268338,0.297381,-0.299049,0.906715,0.007157,0.003144,0.002316,0.002471,-0.014713,0.02982,0.222604,0.0795,0.028953,-0.064572,0.453194,0.428304,-0.781773,-0.069226,0.891267,0.448162,0.888719,-0.148985,0.433567,-5.7e-05,-0.006159,0.003515,-0.046428,0.025537,-0.042711,-1.061898
241,0.159076,-0.020002,0.321138,-0.447207,-0.353775,-0.82152,-0.062665,-0.903821,0.423265,-0.891695,0.241202,0.383053,0.00018,0.001869,0.001913,0.032387,0.053205,0.063568,-1.352238,-0.132709,-0.029184,0.327375,0.055989,-0.940712,0.334542,0.933472,0.168072,0.316726,-0.354251,0.295731,0.887081,0.014208,0.007242,0.005625,0.002044,-0.015206,0.029246,0.299605,0.061318,0.030359,-0.016508,-0.045381,0.946517,0.319444,-0.952313,-0.137574,0.272346,0.301727,-0.291852,0.907624,0.007052,0.004077,0.003277,0.006909,-0.024269,0.052915,0.217379,0.079502,0.028936,-0.06453,0.455318,0.426806,-0.781358,-0.069431,0.891955,0.446759,0.887616,-0.149167,0.435757,4.5e-05,-0.005101,0.004598,-0.009084,0.081235,0.021692,-1.063367
242,0.159131,-0.020029,0.321153,-0.447104,-0.35362,-0.821643,-0.062818,-0.903874,0.423129,-0.891736,0.241232,0.382939,-4.4e-05,-0.000461,-0.000472,0.005117,-0.100457,0.171583,-1.352581,-0.132156,-0.028989,0.327726,0.066831,-0.943266,0.325229,0.930619,0.176352,0.320598,-0.359854,0.282421,0.889161,0.015443,-0.002661,0.015104,-0.305135,-0.840038,-1.612663,0.294773,0.061594,0.030458,-0.016339,-0.052779,0.949061,0.310639,-0.949842,-0.143731,0.277744,0.308245,-0.280398,0.909044,0.00784,-0.001503,0.007196,-1.335525,-2.284246,-5.102392,0.212806,0.07953,0.028928,-0.064517,0.455137,0.426675,-0.781535,-0.069104,0.891993,0.446735,0.887735,-0.149318,0.435464,-2.8e-05,-0.000281,-0.000287,0.004401,-0.101929,0.170746,-1.062877
243,0.159131,-0.020051,0.32116,-0.447059,-0.353556,-0.821694,-0.0629,-0.903891,0.423081,-0.891753,0.241261,0.382881,-1.3e-05,-0.000133,-0.000136,0.0,0.0,0.0,-1.351978,-0.131898,-0.029058,0.328053,0.06597,-0.944327,0.322314,0.929951,0.175151,0.323182,-0.361732,0.2796,0.88929,0.016619,-0.011849,0.025336,-0.067523,-0.024847,0.014372,0.29297,0.061723,0.030424,-0.016182,-0.054705,0.950284,0.30654,-0.949383,-0.144606,0.278854,0.309318,-0.275769,0.910094,0.007633,-0.000581,0.008319,-0.05463,-0.023467,0.041155,0.211174,0.079529,0.028915,-0.064515,0.45509,0.426618,-0.781594,-0.069024,0.892017,0.4467,0.887765,-0.14934,0.435395,-1e-05,-8.7e-05,-9e-05,0.005248,-0.100828,0.171331,-1.062388
244,0.159111,-0.020051,0.321205,-0.444816,-0.356007,-0.821853,-0.057721,-0.904318,0.422905,-0.893225,0.235991,0.382734,7.5e-05,0.000783,0.000801,0.0,0.0,0.0,-1.343206,-0.131318,-0.029319,0.329164,0.070601,-0.94582,0.316909,0.9309,0.176488,0.319706,-0.35841,0.273625,0.892488,0.01599,-0.006069,0.031274,-0.006955,-0.081332,-0.025419,0.289716,0.062014,0.030286,-0.015633,-0.059041,0.951867,0.300768,-0.950302,-0.145854,0.27505,0.305679,-0.269581,0.913173,0.008569,-0.007614,0.020765,-0.073841,-0.066057,-0.023448,0.205948,0.079519,0.028914,-0.064494,0.45258,0.428818,-0.781847,-0.074221,0.891854,0.44619,0.888628,-0.143907,0.435463,5e-05,0.000507,0.000519,4.3e-05,-2.9e-05,-7.3e-05,-1.062224
245,0.159123,-0.02008,0.321248,-0.446807,-0.354119,-0.821589,-0.057504,-0.905076,0.421312,-0.892243,0.235925,0.385058,2e-06,1.7e-05,1.7e-05,0.000174,0.000374,0.000213,-1.330928,-0.130745,-0.029886,0.330689,0.081167,-0.94803,0.307641,0.932993,0.18072,0.311124,-0.35066,0.262963,0.89875,0.017411,-0.01752,0.039115,0.155317,-0.287913,-0.171829,0.289503,0.062306,0.030009,-0.014851,-0.068667,0.954203,0.291172,-0.952024,-0.149918,0.266785,0.298219,-0.258883,0.918718,0.00868,-0.008734,0.019577,0.163496,-0.296566,-0.176511,0.204969,0.079526,0.028901,-0.064471,0.454817,0.427118,-0.781479,-0.074432,0.89265,0.44456,0.887468,-0.144026,0.437784,6e-06,-0.005517,0.004172,-0.040377,0.007315,-0.021176,-1.059448
246,0.159112,-0.020137,0.321293,-0.444706,-0.356748,-0.821591,-0.052312,-0.905362,0.421373,-0.893612,0.230805,0.384985,0.0,0.0,0.0,3e-06,5e-06,3e-06,-1.33102,-0.130597,-0.03032,0.33147,0.086442,-0.949076,0.302941,0.933897,0.182957,0.307079,-0.346982,0.257562,0.901736,0.002878,-0.021265,0.037172,0.14264,-0.261531,-0.193591,0.288576,0.06238,0.029795,-0.014457,-0.073792,0.955342,0.28614,-0.952803,-0.152263,0.262645,0.294484,-0.253254,0.921488,0.001425,-0.010733,0.018476,0.140259,-0.261353,-0.19642,0.204479,0.07952,0.028872,-0.064449,0.452375,0.429532,-0.781573,-0.079612,0.892324,0.444318,0.888266,-0.138776,0.437862,8e-06,-0.005516,0.004173,-0.036411,0.012246,-0.01885,-1.060428
247,0.159104,-0.020277,0.321444,-0.446702,-0.354831,-0.821339,-0.052466,-0.90604,0.419893,-0.892605,0.231096,0.387141,0.000129,0.00135,0.001381,0.000462,0.000992,0.000565,-1.324993,-0.130593,-0.031299,0.332842,0.095209,-0.950741,0.294988,0.935159,0.186864,0.300819,-0.341251,0.248413,0.906478,0.003305,-0.025185,0.033152,0.012517,-0.200163,0.073448,0.261797,0.06238,0.029317,-0.013782,-0.082667,0.957144,0.277562,-0.953923,-0.156609,0.255938,0.288438,-0.243615,0.925988,-0.005709,-0.013863,0.01623,-0.035586,-0.071436,-0.138728,0.189129,0.079516,0.0288,-0.064376,0.454643,0.427792,-0.781212,-0.079466,0.893087,0.442808,0.887121,-0.13924,0.440031,8.4e-05,0.000886,0.000906,-0.007259,-0.008442,-0.004157,-1.061571
248,0.159133,-0.020337,0.321619,-0.446778,-0.354884,-0.821274,-0.052808,-0.905914,0.420122,-0.892547,0.231507,0.387029,0.000209,-0.008986,0.010441,-0.035591,0.01315,-0.018217,-1.292951,-0.130765,-0.031966,0.333739,0.103749,-0.952293,0.286994,0.936846,0.190338,0.2933,-0.334071,0.239635,0.911501,-0.013997,-0.00707,0.014307,0.36512,-0.412219,-0.30137,0.196529,0.062301,0.028973,-0.01333,-0.089183,0.958551,0.2706,-0.954871,-0.159563,0.25052,0.283314,-0.236046,0.929523,0.000322,-0.002245,0.007519,-0.055187,0.001459,-0.010578,0.129855,0.07953,0.028775,-0.064291,0.454616,0.427895,-0.781171,-0.079106,0.892974,0.443099,0.887167,-0.139645,0.43981,0.000111,0.001178,0.001204,0.000751,-0.014787,0.024697,-1.058305
249,0.159126,-0.02046,0.321802,-0.446715,-0.35567,-0.820969,-0.04759,-0.906856,0.41871,-0.892872,0.226551,0.389206,7e-05,-0.010436,0.00896,-0.023684,0.038735,-0.003672,-1.267069,-0.131325,-0.031846,0.334152,0.108273,-0.953921,0.279828,0.937846,0.191248,0.289487,-0.329808,0.232289,0.914949,-0.015596,0.006163,0.008157,0.275071,-0.293889,-0.175226,0.167283,0.062022,0.029024,-0.013126,-0.0938,0.960266,0.26285,-0.95578,-0.160767,0.246248,0.278721,-0.228129,0.932882,-0.007811,0.003093,0.004095,0.458129,-0.372655,-0.397618,0.066825,0.079527,0.028716,-0.064196,0.45465,0.42854,-0.780798,-0.084456,0.893434,0.441182,0.886656,-0.13464,0.442393,2.6e-05,0.000288,0.000294,-0.006527,0.006166,0.005295,-1.057815
250,0.159129,-0.020518,0.32189,-0.446694,-0.355614,-0.821004,-0.047852,-0.906821,0.418757,-0.892868,0.22678,0.389081,0.000124,0.001296,0.001324,0.000174,0.000374,0.000213,-1.258402,-0.131637,-0.031757,0.334267,0.109506,-0.955494,0.273917,0.937487,0.190739,0.29098,-0.330421,0.226129,0.91627,-0.030053,0.001784,0.005577,-0.135534,-0.937847,0.097737,0.155204,0.06187,0.029076,-0.013062,-0.09452,0.961528,0.257931,-0.955471,-0.160371,0.247701,0.279536,-0.223033,0.933871,-0.007633,0.001382,0.002318,-1.157398,-2.404369,0.83848,0.048373,0.079528,0.028681,-0.064151,0.454491,0.428582,-0.780867,-0.084046,0.893361,0.441408,0.886776,-0.134987,0.442046,7.4e-05,0.000799,0.000817,-0.004845,-0.005832,-0.002919,-1.057979
251,0.159171,-0.020553,0.322089,-0.444602,-0.358232,-0.821002,-0.042865,-0.907002,0.418905,-0.894166,0.221879,0.388926,0.00034,-0.00762,0.011834,-0.034848,-0.001369,0.006667,-1.236217,-0.13219,-0.031717,0.334392,0.112909,-0.95708,0.266907,0.937518,0.191468,0.290403,-0.329193,0.218643,0.918526,-0.015022,0.000934,0.002818,0.044324,-0.034777,-0.058211,0.125373,0.061588,0.029096,-0.012999,-0.09868,0.963564,0.248606,-0.955794,-0.161311,0.245835,0.276981,-0.213357,0.936888,-0.000152,0.001419,0.001449,0.025956,-0.041949,-0.005891,0.010979,0.079549,0.028664,-0.064058,0.452053,0.430995,-0.780954,-0.089039,0.892949,0.441262,0.887535,-0.129939,0.442036,0.000123,0.001316,0.001344,-0.000202,-0.000131,-0.000146,-1.054223
252,0.15916,-0.020631,0.322348,-0.446094,-0.360038,-0.819401,-0.042674,-0.905935,0.421228,-0.893431,0.223317,0.389793,0.000277,-0.008271,0.011168,-0.035594,0.013113,-0.018238,-1.228209,-0.132701,-0.031654,0.334446,0.117093,-0.957213,0.264619,0.938379,0.193753,0.286073,-0.325259,0.216018,0.920546,-0.016104,0.009333,-0.008227,0.350682,-0.333293,-0.20709,0.01445,0.061333,0.029125,-0.012966,-0.101346,0.963532,0.247657,-0.956105,-0.16313,0.243415,0.274939,-0.212117,0.93777,-0.007391,-0.000667,0.000264,0.343356,-0.283028,-0.435069,-0.079157,0.079544,0.028628,-0.063926,0.453214,0.432897,-0.779228,-0.089246,0.891804,0.443531,0.886922,-0.131472,0.442812,0.000146,0.001575,0.001607,0.000754,-0.014676,0.025192,-1.055856
253,0.159165,-0.020699,0.322499,-0.446068,-0.359961,-0.819449,-0.043064,-0.90588,0.421305,-0.893425,0.223662,0.389607,0.000323,-0.007791,0.011657,-0.034848,-0.001363,0.006671,-1.2282,-0.132844,-0.031589,0.334367,0.117477,-0.95705,0.265038,0.938401,0.194189,0.285706,-0.325057,0.21635,0.920539,-0.015942,0.007774,-0.009808,0.038851,0.003536,-0.011874,-0.057428,0.061255,0.029162,-0.013008,-0.103159,0.963592,0.246673,-0.956475,-0.164158,0.24126,0.272969,-0.211048,0.938586,-0.007953,0.003707,-0.005079,0.018869,0.021042,-0.008146,-0.162599,0.079546,0.028593,-0.063851,0.453207,0.432831,-0.779268,-0.088863,0.891785,0.443646,0.886964,-0.131815,0.442626,0.000106,0.001155,0.001174,-9e-06,-1.2e-05,4.8e-05,-1.056509
254,0.159222,-0.020699,0.322748,-0.446015,-0.35983,-0.819535,-0.043529,-0.905838,0.421348,-0.893429,0.224044,0.389379,0.00045,0.004721,0.004802,0.000748,-0.014457,0.02492,-1.227759,-0.132793,-0.031112,0.333766,0.113634,-0.957837,0.26387,0.940586,0.189125,0.281894,-0.320063,0.217362,0.92205,-0.00213,0.0163,-0.022574,0.058616,0.090863,-0.161425,-0.218042,0.061281,0.029402,-0.013306,-0.099143,0.964235,0.245805,-0.958295,-0.159058,0.237425,0.268031,-0.212015,0.939791,-0.001042,0.007976,-0.011459,0.054831,0.094674,-0.159105,-0.299109,0.079575,0.028586,-0.063726,0.453182,0.432709,-0.77935,-0.088382,0.891785,0.443742,0.887025,-0.132215,0.442385,0.000213,-0.003335,0.006396,-0.035607,0.013101,-0.018232,-1.057162
255,0.159271,-0.020656,0.322997,-0.44943,-0.359677,-0.817735,-0.042846,-0.905647,0.421828,-0.891746,0.22506,0.392637,0.00039,0.004094,0.004156,0.001031,-0.013837,0.025269,-1.228892,-0.132901,-0.030471,0.332527,0.103993,-0.957201,0.27008,0.94114,0.182392,0.284468,-0.321692,0.225802,0.919451,-0.002574,0.018379,-0.040053,0.008724,0.099531,0.097715,-0.661148,0.061226,0.029722,-0.013904,-0.089863,0.963344,0.252766,-0.958652,-0.152473,0.240287,0.270019,-0.220722,0.937214,-0.001178,0.00829,-0.020937,0.001447,0.20536,-0.0907,-0.571315,0.079599,0.028611,-0.063599,0.456566,0.432867,-0.777285,-0.089095,0.891512,0.444147,0.885216,-0.13353,0.445601,0.000157,0.001687,0.001714,-0.005286,-0.009767,0.000529,-1.058469
256,0.159394,-0.02065,0.323236,-0.451377,-0.357669,-0.817543,-0.04297,-0.906398,0.420202,-0.890755,0.225238,0.39478,0.01507,0.003617,0.003479,0.002371,-0.027776,0.055262,-1.228383,-0.132999,-0.029711,0.330388,0.074113,-0.954557,0.288652,0.937463,0.165271,0.306239,-0.340128,0.249103,0.906711,-0.002975,0.020028,-0.058119,-0.709609,0.848191,0.73202,-1.095844,0.061178,0.03009,-0.014942,-0.064006,0.9605,0.270818,-0.956043,-0.136832,0.259342,0.286155,-0.242314,0.927037,-0.001382,0.009255,-0.02983,-0.637406,0.748135,0.63989,-0.862789,0.079656,0.028613,-0.06348,0.458741,0.431053,-0.777013,-0.088954,0.892339,0.442513,0.884106,-0.133881,0.447696,0.000166,0.00177,0.001792,-0.008235,-0.009584,-0.004551,-1.060428
257,0.159522,-0.020579,0.323292,-0.452717,-0.359295,-0.816088,-0.042309,-0.905552,0.422088,-0.890105,0.226055,0.395777,0.014979,0.002701,0.002547,0.000991,-0.014686,0.029551,-1.228137,-0.132994,-0.029275,0.329203,0.059432,-0.953687,0.294856,0.934275,0.157039,0.320005,-0.351569,0.257655,0.899931,-0.002902,0.019319,-0.058936,-0.43336,0.62595,0.371924,-1.344859,0.061181,0.030308,-0.015541,-0.04791,0.958992,0.279351,-0.952825,-0.127797,0.275302,0.299713,-0.252983,0.919875,0.005956,0.01052,-0.029524,-0.753412,0.937296,0.565265,-0.943454,0.079719,0.028651,-0.06345,0.459718,0.432847,-0.775437,-0.089595,0.891326,0.444419,0.883533,-0.134832,0.44854,0.000175,0.001889,0.001912,0.000521,-0.019352,0.028625,-1.061244
258,0.159915,-0.020518,0.323377,-0.458789,-0.362363,-0.811327,-0.040076,-0.903714,0.426223,-0.887088,0.228506,0.401106,0.014731,0.000133,-6.2e-05,-0.362341,1.461496,-2.277462,-1.228827,-0.132881,-0.028892,0.327102,0.040168,-0.950975,0.306635,0.931192,0.146771,0.333577,-0.362285,0.27333,0.891013,0.000225,-0.006634,-0.046552,-0.290535,0.405459,0.19331,-1.403485,0.061235,0.030518,-0.016617,-0.028263,0.956062,0.291797,-0.950468,-0.116096,0.288325,0.309533,-0.269195,0.911988,0.000212,-0.003958,-0.023936,-0.229483,0.296357,0.369267,-0.904264,0.079917,0.028686,-0.063402,0.464021,0.434359,-0.77202,-0.091105,0.890307,0.446152,0.881126,-0.136689,0.452693,0.007357,7e-06,-9.8e-05,-0.009392,-0.027511,0.026231,-1.060755
259,0.160492,-0.02049,0.323397,-0.458364,-0.361636,-0.811891,-0.040468,-0.904053,0.425468,-0.88729,0.228319,0.400766,0.014896,0.001981,0.001799,0.000985,-0.014714,0.029554,-1.238657,-0.132982,-0.029654,0.325146,0.024023,-0.948709,0.315223,0.940028,0.128617,0.315815,-0.340196,0.289921,0.894469,0.002501,-0.026783,-0.048284,0.438198,-0.42245,-0.189141,-1.405576,0.061183,0.030148,-0.017592,-0.01007,0.952906,0.303097,-0.957346,-0.09672,0.272272,0.288765,-0.287427,0.913235,0.000636,-0.008261,-0.028686,0.092987,-0.001832,0.073399,-0.928431,0.080204,0.028693,-0.063399,0.464744,0.435659,-0.770851,-0.091443,0.889541,0.447608,0.880709,-0.137534,0.453247,0.007451,0.006722,-0.00307,0.037392,-0.042749,0.072671,-1.063204
677,0.149918,0.008874,0.32524,-0.219977,-0.274384,-0.936146,-0.188927,-0.929482,0.316768,-0.956778,0.246881,0.153794,0.013013,-0.016871,0.002877,0.010344,0.034672,0.270287,-1.721488,-0.147238,-0.000422,0.323796,-0.643849,-0.476433,0.598716,0.737629,-0.594183,0.320599,0.203799,0.648641,0.733208,-0.003178,0.033079,-0.006151,-1.296469,-1.107328,-1.038485,-0.066008,0.054054,0.044722,-0.018294,0.628899,0.462072,0.62528,-0.731778,0.623477,0.275274,-0.262652,-0.630686,0.730238,0.00534,0.017651,-0.002845,-4.361156,-3.997851,-2.078915,-0.28278,0.074918,0.043385,-0.062482,0.24652,0.325697,-0.91277,0.059411,0.934987,0.34967,0.967315,-0.140429,0.211143,0.006503,-0.008459,0.001412,0.024125,0.205738,0.143619,-0.992009
678,0.150094,0.008642,0.325288,-0.224047,-0.27019,-0.9364,-0.188784,-0.930577,0.313622,-0.955857,0.247374,0.158654,0.013318,-0.014434,0.005037,0.056046,0.31653,0.214126,-1.72428,-0.14705,-3.3e-05,0.323844,-0.614985,-0.523663,0.589544,0.774421,-0.54155,0.327002,0.148789,0.658308,0.737804,0.013295,0.011012,0.00871,-1.043537,-0.834651,-0.952889,-0.038168,0.054147,0.044935,-0.018274,0.600188,0.513879,0.612945,-0.773443,0.568176,0.280999,-0.203861,-0.642731,0.738469,0.00662,0.005576,0.004369,-3.534821,-2.321704,-3.920423,-0.258124,0.075005,0.04326,-0.06246,0.25026,0.322507,-0.912884,0.059529,0.935979,0.346985,0.966346,-0.141179,0.21504,0.006656,-0.00724,0.002494,0.122243,0.475029,0.315412,-0.999194
679,0.150621,0.00857,0.325448,-0.228007,-0.26981,-0.935554,-0.188287,-0.930489,0.314181,-0.955013,0.248118,0.162523,0.014446,0.00479,0.004116,0.002067,-0.028518,0.054709,-1.732685,-0.146729,-0.000177,0.324396,-0.554375,-0.600675,0.576063,0.830281,-0.445926,0.334242,0.056796,0.664337,0.74518,0.002109,-0.017655,0.020466,-3.227968,-2.199267,-4.006298,0.018578,0.054313,0.044871,-0.017991,0.542896,0.59233,0.595322,-0.832219,0.474491,0.286825,-0.112581,-0.651155,0.750547,0.001035,-0.008951,0.010053,-3.218222,-2.205691,-4.003569,-0.193624,0.075273,0.043214,-0.062382,0.255092,0.321883,-0.911766,0.059078,0.936012,0.346971,0.965109,-0.142375,0.219753,0.007262,0.002732,0.002349,-0.00588,-0.047825,0.049729,-1.009971
680,0.150977,0.008639,0.325748,-0.231476,-0.273063,-0.933756,-0.187558,-0.929274,0.31819,-0.954319,0.24912,0.165054,0.00062,-0.004596,0.013876,-0.03482,-0.000864,0.006888,-1.745496,-0.145911,-0.001007,0.325372,-0.521129,-0.635761,0.569407,0.853131,-0.404523,0.329337,0.021602,0.658197,0.752445,0.031145,-0.023744,0.030234,-0.050218,-0.677356,-0.450918,0.050182,0.054711,0.044455,-0.017523,0.510829,0.627701,0.587404,-0.856239,0.432578,0.282365,-0.076858,-0.647199,0.758436,0.01618,-0.017558,0.019046,-0.742859,-1.080132,-1.381121,-0.151658,0.075452,0.043257,-0.062231,0.2579,0.325568,-0.909665,0.058245,0.934564,0.350993,0.964413,-0.143505,0.222061,0.00727,0.002894,0.002486,0.001675,-0.034104,0.058596,-1.016176
681,0.151408,0.0087,0.326079,-0.238514,-0.26874,-0.933239,-0.192518,-0.9288,0.316608,-0.951586,0.255509,0.170959,0.014485,-0.004512,0.013794,0.039957,0.245256,0.202083,-1.746018,-0.14481,-0.002125,0.326857,-0.457128,-0.687267,0.564525,0.888832,-0.332148,0.315576,-0.028815,0.646882,0.761955,0.032175,-0.031485,0.041489,-0.038077,-0.733355,-0.522234,0.081275,0.055262,0.043897,-0.016787,0.448597,0.681364,0.578361,-0.893328,0.361324,0.267223,-0.0269,-0.636542,0.770771,0.016039,-0.015451,0.020985,-0.554885,-1.208201,-1.71384,-0.099895,0.075662,0.043288,-0.062064,0.264691,0.32262,-0.908765,0.063279,0.934535,0.350199,0.962254,-0.1502,0.226948,0.007321,0.003403,0.002928,0.130719,0.472187,0.144819,-1.01585
682,0.151715,0.00884,0.3262,-0.244628,-0.270566,-0.931126,-0.190866,-0.928059,0.319763,-0.950358,0.256274,0.17655,0.014645,0.006884,0.005917,0.044801,0.49519,-0.594198,-1.742758,-0.144266,-0.002761,0.32764,-0.419215,-0.714394,0.56026,0.905933,-0.289623,0.308769,-0.057802,0.637888,0.767868,0.018315,-0.034323,0.040413,-2.97954,-2.595308,-4.905474,0.087839,0.055545,0.043571,-0.016376,0.413112,0.708565,0.572078,-0.910679,0.320444,0.260728,0.001423,-0.628689,0.777654,0.009102,-0.017064,0.020145,-3.037988,-2.556556,-4.873463,-0.085852,0.07581,0.04335,-0.061999,0.269574,0.322191,-0.907481,0.062216,0.934572,0.350291,0.960967,-0.150889,0.23189,0.007309,0.003352,0.002871,0.018939,0.187761,-0.070836,-1.015523
683,0.152196,0.009105,0.326508,-0.259503,-0.265705,-0.928496,-0.193751,-0.927543,0.319526,-0.945802,0.263139,0.190378,0.014751,0.008039,0.006904,0.105978,0.457658,0.128281,-1.752211,-0.143385,-0.003975,0.329227,-0.36549,-0.751369,0.549412,0.925561,-0.23128,0.299633,-0.097617,0.618963,0.779243,0.016844,-0.020151,0.035074,0.16353,-0.426715,-0.052415,0.115221,0.055973,0.042978,-0.015616,0.358979,0.748468,0.557609,-0.932406,0.260793,0.250209,0.041853,-0.609739,0.791496,0.009029,-0.015671,0.021588,0.202728,-0.624721,-0.277561,-0.060542,0.076057,0.043489,-0.061845,0.285095,0.322026,-0.902784,0.064567,0.933281,0.353294,0.956321,-0.159012,0.245281,0.007379,0.004064,0.003488,0.203601,0.556476,0.42918,-1.017319
