frame,MLTx,MLTy,MLTz,MLTR1,MLTR2,MLTR3,MLTR4,MLTR5,MLTR6,MLTR7,MLTR8,MLTR9,MLTTVx,MLTTVy,MLTTVz,MLTRVx,MLTRVy,MLTRVz,MLGA,MRTx,MRTy,MRTz,MRTR1,MRTR2,MRTR3,MRTR4,MRTR5,MRTR6,MRTR7,MRTR8,MRTR9,MRTTVx,MRTTVy,MRTTVz,MRTRVx,MRTRVy,MRTRVz,MRGA,SLTx,SLTy,SLTz,SLTR1,SLTR2,SLTR3,SLTR4,SLTR5,SLTR6,SLTR7,SLTR8,SLTR9,SLTTVx,SLTTVy,SLTTVz,SLTRVx,SLTRVy,SLTRVz,SLGA,SRTx,SRTy,SRTz,SRTR1,SRTR2,SRTR3,SRTR4,SRTR5,SRTR6,SRTR7,SRTR8,SRTR9,SRTTVx,SRTTVy,SRTTVz,SRTRVx,SRTRVy,SRTRVz,SRGA
842,0.100983,0.048839,0.375672,-0.574537,0.162105,-0.802293,-0.1497,-0.984449,-0.091773,-0.803983,0.067168,0.590869,-0.026725,0.043454,-0.077201,-4.853194,-0.929774,2.212596,0.355861,-0.116811,0.069864,0.367412,0.802855,0.086713,0.589827,-0.252755,0.945476,0.205239,-0.540865,-0.313976,0.780222,-0.039375,0.030475,-0.050653,0.332003,-0.472665,-0.00931,0.297585,0.034581,0.056221,0.002785,-0.687038,-0.204611,0.697217,0.377855,-0.920196,0.102291,0.620648,0.333725,0.709523,-0.013106,0.010746,-0.021141,-0.540421,-0.903036,-1.294645,0.16137,0.087015,0.047144,-0.051469,-0.518308,0.280658,-0.807828,-0.326284,-0.938057,-0.116557,-0.790502,0.203169,0.577778,-0.00779,0.015486,-0.034903,-0.211114,-1.204256,-0.794548,0.254388
843,0.100698,0.04962,0.37419,-0.560728,0.161559,-0.812114,-0.171877,-0.982108,-0.076769,-0.809293,0.096329,0.579476,-0.014954,0.040797,-0.078886,-4.411277,-1.017587,2.64256,0.369726,-0.117418,0.070366,0.366647,0.805919,0.115174,0.580707,-0.278825,0.939055,0.200912,-0.523175,-0.323987,0.788152,-0.038843,0.026233,-0.039046,-3.008493,-1.462236,-4.271116,0.321415,0.034269,0.05648,0.002381,-0.689982,-0.228464,0.686825,0.396835,-0.912963,0.094973,0.605348,0.338086,0.72059,-0.013858,0.014659,-0.019101,-0.022424,-0.498014,0.034895,0.206765,0.086862,0.04755,-0.052238,-0.505676,0.275211,-0.817648,-0.347995,-0.932298,-0.098582,-0.789423,0.234687,0.567213,-0.007386,0.020505,-0.039354,0.064034,-0.657674,-0.582706,0.278228
844,0.100221,0.051592,0.37095,-0.540542,0.14646,-0.828498,-0.203073,-0.978311,-0.040515,-0.815795,0.146156,0.559593,-0.0009,0.053386,-0.086367,-0.333404,-0.717318,-0.312073,0.390917,-0.118979,0.071703,0.365239,0.804578,0.167085,0.569849,-0.331999,0.922103,0.198587,-0.493276,-0.349185,0.796625,-0.040885,0.037521,-0.033083,0.130594,-0.096692,0.124005,0.369523,0.033508,0.057134,0.001688,-0.683689,-0.283452,0.672475,0.452369,-0.887699,0.085742,0.572652,0.362828,0.735136,-0.019578,0.013539,-0.012367,-0.168872,-0.262519,-0.074032,0.274367,0.086616,0.048526,-0.053859,-0.487628,0.260475,-0.833289,-0.383778,-0.921246,-0.063388,-0.784176,0.288889,0.54919,-0.006156,0.028424,-0.042077,-1.379295,-0.932223,0.201118,0.320031
845,0.099987,0.054003,0.367672,-0.534169,0.120687,-0.836746,-0.215291,-0.976529,-0.003472,-0.816866,0.178133,0.548658,0.001762,0.062716,-0.08064,0.04879,-0.574141,-0.745652,0.354426,-0.120608,0.073216,0.364165,0.800816,0.169019,0.574559,-0.341771,0.91669,0.206893,-0.492716,-0.36227,0.79111,-0.030807,0.04673,-0.028982,-0.309568,0.400439,0.211561,0.414535,0.032657,0.057925,0.00113,-0.679291,-0.285376,0.676108,0.462454,-0.881811,0.092431,0.569823,0.375457,0.73098,-0.015481,0.023853,-0.014215,-0.393591,0.498643,0.280885,0.343602,0.086496,0.049741,-0.055535,-0.486173,0.234467,-0.841819,-0.396387,-0.917695,-0.026677,-0.778789,0.320717,0.539098,0.001033,0.031673,-0.040122,0.030041,-0.661023,-0.784252,0.318071
846,0.099921,0.056913,0.364821,-0.54204,0.094685,-0.835028,-0.229397,-0.972554,0.038565,-0.807789,0.212333,0.549926,-0.01612,0.08732,-0.065477,-4.552804,-0.041236,2.068679,0.212822,-0.121556,0.075381,0.363183,0.79281,0.154767,0.589484,-0.349447,0.907784,0.231839,-0.500224,-0.389997,0.773008,-0.0107,0.063663,-0.02171,-0.615637,0.692286,0.585515,0.373545,0.032189,0.058975,0.000644,-0.670574,-0.271245,0.690475,0.472973,-0.873374,0.116246,0.571512,0.404527,0.713954,-0.005426,0.032274,-0.010621,-1.081132,0.907371,0.526178,0.343765,0.086465,0.051147,-0.056946,-0.500099,0.208468,-0.8405,-0.405227,-0.914102,0.014386,-0.765305,0.347788,0.541619,-0.00238,0.038046,-0.028811,-0.046721,-0.277244,-0.874629,0.19299
847,0.099771,0.058595,0.363806,-0.552678,0.088545,-0.828704,-0.245943,-0.967373,0.060599,-0.795618,0.23719,0.557458,-0.013012,0.090825,-0.048649,-0.236498,0.414714,-0.767001,0.153089,-0.12177,0.076639,0.362891,0.784622,0.142451,0.60338,-0.355171,0.900894,0.249356,-0.509031,-0.410136,0.756663,-0.010466,0.060956,-0.009537,0.3786,2.85787,-0.770952,0.356066,0.032083,0.059601,0.000491,-0.663511,-0.257924,0.702301,0.480283,-0.866584,0.135497,0.573655,0.427208,0.698865,-0.000642,0.037474,-0.008343,-0.960036,1.044831,0.929373,0.318455,0.086391,0.051941,-0.057448,-0.509476,0.205361,-0.835619,-0.42509,-0.904397,0.036913,-0.748152,0.374019,0.548066,-0.000463,0.044933,-0.024762,-4.506366,0.725948,2.073398,0.10661
848,0.099028,0.062282,0.36269,-0.573712,0.091355,-0.813975,-0.292947,-0.950903,0.099689,-0.764195,0.295524,0.573323,-0.019627,0.095457,-0.016608,0.145267,0.524426,-0.951066,0.120644,-0.121924,0.079041,0.362886,0.760101,0.105138,0.641236,-0.364367,0.885945,0.286829,-0.538882,-0.451799,0.710878,0.002114,0.051693,0.011801,-0.127053,3.187019,-0.599444,0.350784,0.032001,0.060829,0.000487,-0.63583,-0.220093,0.739783,0.493824,-0.852628,0.170767,0.593175,0.473902,0.650814,0.000943,0.026474,0.006224,-0.055926,3.083208,-0.651244,0.295431,0.086009,0.053852,-0.058044,-0.530558,0.212296,-0.820632,-0.469702,-0.879534,0.07614,-0.705611,0.42585,0.56636,-0.009403,0.049054,-0.00753,0.172263,0.566942,-0.921182,-0.005734
849,0.097833,0.065806,0.362948,-0.594289,0.099576,-0.798092,-0.325516,-0.93717,0.125396,-0.734727,0.334184,0.59036,-0.030586,0.070111,0.026221,-0.367582,0.457053,-0.355407,0.077905,-0.121614,0.08093,0.363593,0.72886,0.067104,0.68136,-0.369618,0.876169,0.309264,-0.577132,-0.477338,0.662518,0.016383,0.032465,0.027929,-0.576993,1.593514,-0.121615,0.185336,0.032142,0.06176,0.000831,-0.604715,-0.181189,0.775557,0.500763,-0.843714,0.193341,0.619318,0.505287,0.60094,0.007072,0.022955,0.01063,-0.588278,0.72158,0.450996,0.2115,0.085442,0.055565,-0.057927,-0.548983,0.224146,-0.805217,-0.498753,-0.86091,0.100392,-0.670717,0.456718,0.584419,-0.015107,0.035928,0.013609,-4.385205,1.186343,2.445611,-0.058314
850,0.097202,0.067197,0.36361,-0.602686,0.100729,-0.791625,-0.334129,-0.932703,0.135634,-0.723943,0.346119,0.596771,-0.040596,0.069648,0.040088,-0.008247,0.41422,-0.666947,0.050326,-0.121313,0.081714,0.36409,0.710999,0.059582,0.700658,-0.377571,0.872835,0.309084,-0.594018,-0.484382,0.642168,0.024667,0.049638,0.022197,-0.321748,0.694928,0.028207,0.089246,0.032289,0.062145,0.001077,-0.58312,-0.171126,0.794157,0.50869,-0.839106,0.192701,0.633406,0.516348,0.57635,0.007849,0.017775,0.014649,0.191343,2.676385,-1.546822,0.081031,0.085126,0.056268,-0.057607,-0.556855,0.22769,-0.798792,-0.507978,-0.854236,0.110628,-0.657168,0.467373,0.591347,-0.02083,0.029665,0.024313,-0.072927,0.330421,-0.4929,-0.090809
851,0.09575,0.069608,0.365815,-0.613659,0.115756,-0.78107,-0.363388,-0.919607,0.149146,-0.700254,0.375206,0.607365,-0.050106,0.055497,0.07394,-0.134313,0.264407,-0.32272,-0.017744,-0.120445,0.083407,0.365401,0.685678,0.060217,0.725405,-0.394604,0.868082,0.301091,-0.612421,-0.492775,0.618043,0.023735,0.051007,0.03563,-0.100724,0.326397,-0.43364,-0.032503,0.032732,0.062995,0.001734,-0.5537,-0.170237,0.815129,0.523926,-0.832066,0.182117,0.647238,0.527905,0.549906,0.012792,0.019877,0.021702,-0.105689,0.387249,-0.686713,-0.123899,0.084393,0.057505,-0.056502,-0.565688,0.244198,-0.787631,-0.534021,-0.836289,0.124258,-0.628344,0.490904,0.603486,-0.018606,0.032546,0.032471,-0.194907,0.236758,-0.254013,-0.171801
852,0.093818,0.071693,0.369044,-0.619194,0.138791,-0.772904,-0.393833,-0.906398,0.152679,-0.678603,0.398755,0.616862,-0.050259,0.031834,0.101946,-0.121125,0.374238,-0.122178,-0.11436,-0.119125,0.085014,0.367206,0.670858,0.082706,0.736954,-0.417516,0.863328,0.283337,-0.613622,-0.497873,0.612743,0.037104,0.034493,0.0528,0.02719,0.021812,-0.681872,-0.142878,0.033386,0.063814,0.002634,-0.535178,-0.191697,0.8227,0.543061,-0.824063,0.161255,0.647045,0.533077,0.545124,0.023946,0.018295,0.026553,0.027671,-0.033238,-0.970463,-0.256001,0.083431,0.058567,-0.054892,-0.566822,0.267282,-0.779276,-0.561367,-0.817625,0.127886,-0.602975,0.509949,0.613492,-0.029866,0.023688,0.048326,-0.055538,0.309843,0.086683,-0.243322
853,0.091528,0.07275,0.373318,-0.618973,0.165316,-0.767846,-0.419545,-0.896027,0.14522,-0.66324,0.411823,0.624934,-0.074151,0.016347,0.121134,-1.324906,0.862214,1.171445,-0.280593,-0.117443,0.086131,0.369467,0.656075,0.119198,0.745217,-0.450517,0.853973,0.260187,-0.606185,-0.506586,0.613004,0.048978,0.026906,0.06115,0.233729,-0.359755,-0.675595,-0.29009,0.034221,0.06438,0.003765,-0.515275,-0.225588,0.826801,0.571055,-0.809742,0.134956,0.639051,0.541689,0.546063,0.019084,0.012419,0.030398,-0.120035,0.205361,-0.556117,-0.386797,0.082301,0.059117,-0.052754,-0.561979,0.291188,-0.774202,-0.582904,-0.803493,0.120914,-0.586858,0.519236,0.621281,-0.031484,0.007215,0.059963,-4.176352,1.734153,3.610011,-0.344236
854,0.090155,0.072866,0.375758,-0.616131,0.186767,-0.76521,-0.438385,-0.888411,0.136072,-0.653646,0.419058,0.63021,-0.07576,0.003447,0.127994,-1.18859,1.182695,1.197149,-0.346607,-0.116583,0.08656,0.370696,0.652834,0.130923,0.746095,-0.461682,0.849549,0.255048,-0.601252,-0.511128,0.614091,0.048883,0.026148,0.060567,-0.156572,-0.023911,-0.524921,-0.349427,0.034651,0.064599,0.004381,-0.511301,-0.238868,0.825538,0.580379,-0.804429,0.1267,0.633822,0.543907,0.54994,0.019848,0.007242,0.034405,-0.452466,-0.118765,-0.760651,-0.454562,0.081617,0.059187,-0.051533,-0.554921,0.310892,-0.771626,-0.599813,-0.792239,0.112163,-0.576442,0.525073,0.626107,-0.038034,0.001635,0.064003,-4.302556,1.152503,3.471494,-0.402204
855,0.087148,0.072615,0.380975,-0.608857,0.231324,-0.758833,-0.471048,-0.875064,0.111124,-0.63757,0.424813,0.642701,-0.078182,-0.012461,0.133435,-0.170446,0.967828,0.779349,-0.434256,-0.11458,0.087088,0.373456,0.646664,0.161222,0.745537,-0.487293,0.839185,0.241348,-0.587524,-0.519568,0.620265,0.06111,0.016802,0.06832,0.180737,-0.4416,-0.498749,-0.460513,0.035628,0.064868,0.005731,-0.501737,-0.266214,0.823036,0.602502,-0.790264,0.111682,0.620685,0.551916,0.556899,0.026089,0.002136,0.038103,-0.168549,0.008126,-0.212347,-0.559395,0.080147,0.05908,-0.048973,-0.540039,0.352837,-0.764109,-0.628709,-0.772697,0.087541,-0.559537,0.527678,0.639118,-0.033857,-0.0082,0.065617,-3.013555,-0.33663,5.472949,-0.484176
856,0.084344,0.071679,0.386056,-0.587695,0.290443,-0.755184,-0.522505,-0.84885,0.080084,-0.617053,0.441287,0.651566,-0.070949,-0.034246,0.136315,-4.084524,1.083542,4.122503,-0.573145,-0.112485,0.087465,0.376315,0.639447,0.191439,0.744614,-0.515611,0.82511,0.230809,-0.570984,-0.531762,0.625356,0.061885,0.009067,0.077495,0.009252,-0.081121,-0.279695,-0.675429,0.036695,0.065057,0.007184,-0.491983,-0.297405,0.818231,0.627235,-0.772861,0.096227,0.603761,0.560566,0.566778,0.025607,0.003373,0.038494,0.209472,0.471392,-0.940267,-0.735422,0.078715,0.058621,-0.046381,-0.509864,0.405988,-0.758426,-0.670843,-0.739548,0.055102,-0.538523,0.53688,0.649424,-0.035928,-0.018265,0.067674,0.406115,0.174311,1.087819,-0.574802
857,0.082992,0.070977,0.388649,-0.575569,0.31241,-0.755755,-0.53958,-0.839494,0.063838,-0.613798,0.444141,0.652701,-0.061022,-0.04054,0.133109,0.230769,-0.092109,0.892633,-0.612113,-0.111402,0.087628,0.377775,0.635036,0.200779,0.745928,-0.520818,0.824348,0.221658,-0.571177,-0.529505,0.627092,0.051361,0.0055,0.076378,-0.096828,-0.106936,-0.293915,-0.790202,0.037259,0.065146,0.007945,-0.486321,-0.306541,0.818244,0.630911,-0.771061,0.086116,0.604518,0.558119,0.568383,0.025657,0.002671,0.038122,-0.131823,-0.062729,-0.248389,-0.836172,0.078012,0.058257,-0.045033,-0.491731,0.429871,-0.757238,-0.690063,-0.72276,0.037811,-0.531048,0.541135,0.652042,-0.030749,-0.020774,0.066372,0.242972,-0.180894,0.90777,-0.620034
858,0.080745,0.069667,0.393583,-0.53799,0.362054,-0.761269,-0.586453,-0.809431,0.029419,-0.60488,0.461821,0.648744,-0.037029,-0.027769,0.111164,-0.214483,-0.063475,0.659613,-0.7567,-0.109425,0.088172,0.380604,0.627704,0.216715,0.747673,-0.530185,0.822198,0.20695,-0.570653,-0.52658,0.630025,0.048506,0.018196,0.068621,0.045573,-0.273343,-0.375269,-0.983849,0.038212,0.065402,0.009307,-0.477045,-0.319527,0.818736,0.63747,-0.767097,0.072054,0.605027,0.556294,0.569629,0.019054,0.007524,0.033882,0.095098,-0.329069,-0.443843,-0.849072,0.076919,0.057621,-0.042656,-0.445864,0.47102,-0.761146,-0.729131,-0.684364,0.003606,-0.519203,0.556584,0.648568,-0.024167,-0.012671,0.056419,-0.176772,-0.060924,0.671579,-0.704618
859,0.079241,0.068646,0.397699,-0.511415,0.391069,-0.765222,-0.620265,-0.784256,0.013672,-0.594154,0.481142,0.644602,-0.037043,-0.021606,0.10053,-0.281166,-0.306693,0.800777,-0.887083,-0.107602,0.088975,0.383148,0.622069,0.222739,0.750605,-0.537935,0.818087,0.203206,-0.569559,-0.530465,0.627752,0.056685,0.030447,0.060074,-0.149422,0.053862,-0.128787,-1.183071,0.03912,0.065801,0.010584,-0.470853,-0.326411,0.819605,0.643836,-0.762285,0.066292,0.603135,0.558905,0.56908,0.02299,0.014438,0.029926,-0.144581,-0.0308,0.048854,-0.850868,0.076149,0.057095,-0.040548,-0.414135,0.494492,-0.764178,-0.757479,-0.65275,-0.011883,-0.504694,0.573928,0.644894,-0.018739,-0.011237,0.050103,-0.37984,-0.246193,0.673075,-0.813206
860,0.078674,0.068321,0.399473,-0.49859,0.399095,-0.76953,-0.634358,-0.772956,0.010069,-0.590181,0.492677,0.639518,-0.024041,-0.005778,0.079933,-0.280256,-0.588084,0.712958,-0.926854,-0.106651,0.089503,0.384307,0.621422,0.223506,0.750914,-0.540182,0.816358,0.204198,-0.568134,-0.532804,0.627062,0.05801,0.021403,0.068893,-0.169093,-0.057456,0.045245,-1.303841,0.039613,0.066072,0.011184,-0.469837,-0.327084,0.81992,0.64622,-0.7602,0.06704,0.601376,0.561346,0.568539,0.022769,0.014777,0.029954,-0.151636,0.056739,-0.131807,-0.850868,0.07586,0.056926,-0.039654,-0.400075,0.500343,-0.767851,-0.769132,-0.638899,-0.015574,-0.498372,0.584349,0.640437,-0.012971,-0.008703,0.0442,-0.381074,-0.598199,0.431285,-0.82186
861,0.077748,0.06776,0.402582,-0.480417,0.408958,-0.775886,-0.64983,-0.760059,0.001681,-0.588441,0.504489,0.631867,-0.015931,-0.016996,0.074523,-0.309649,-0.485236,0.324838,-1.010588,-0.104779,0.0906,0.386722,0.603331,0.241625,0.760001,-0.56608,0.800938,0.194897,-0.562358,-0.548112,0.619024,0.047153,0.018625,0.067842,-0.261619,0.508566,-1.00703,-1.404107,0.04057,0.066632,0.012418,-0.448951,-0.343418,0.824928,0.668605,-0.741568,0.05516,0.592798,0.576315,0.562539,0.023565,0.009223,0.033859,-0.234095,0.554702,-1.061402,-0.851358,0.075395,0.056653,-0.038095,-0.380044,0.507208,-0.773502,-0.781789,-0.623063,-0.024445,-0.494339,0.595426,0.633322,-0.008246,-0.009155,0.036996,-0.389721,-0.703195,0.216744,-0.820881
862,0.077245,0.066977,0.404974,-0.466013,0.413151,-0.782421,-0.660635,-0.750683,-0.002983,-0.58801,0.514987,0.623747,-0.008204,-0.015828,0.047637,-0.17701,-0.252428,0.245268,-1.067542,-0.103108,0.091222,0.389055,0.58562,0.253313,0.769982,-0.583703,0.79082,0.183924,-0.56304,-0.557468,0.609982,0.039719,0.003273,0.062146,0.818662,1.915573,-2.057447,-1.405498,0.041401,0.066959,0.013591,-0.429329,-0.353538,0.831075,0.683248,-0.728926,0.042877,0.590634,0.586239,0.554503,0.019955,0.00113,0.030853,0.815479,1.90932,-2.050689,-0.855277,0.075145,0.056273,-0.036884,-0.364725,0.507589,-0.780594,-0.790573,-0.611709,-0.028382,-0.491903,0.606765,0.624392,-0.005022,-0.013672,0.02812,-0.222217,-0.265437,0.212917,-0.818268
863,0.076886,0.066255,0.406689,-0.458895,0.415619,-0.785316,-0.667001,-0.745024,-0.004604,-0.586429,0.521174,0.620086,-0.009047,-0.011613,0.036035,-0.095934,-0.041991,0.15403,-1.138582,-0.101702,0.090906,0.391412,0.568609,0.262526,0.779587,-0.595035,0.785556,0.169614,-0.568572,-0.560654,0.601877,0.022326,-0.014593,0.056212,-0.125829,-0.018223,-0.209962,-1.405363,0.042095,0.066812,0.01475,-0.409477,-0.36142,0.837677,0.691556,-0.721831,0.026612,0.595044,0.590199,0.545515,0.016404,-0.006562,0.028175,-0.116174,0.085374,-0.385125,-0.85936,0.074965,0.055908,-0.036044,-0.357175,0.508656,-0.783386,-0.795677,-0.604974,-0.030034,-0.489206,0.612595,0.620808,-0.004708,-0.006233,0.017844,-0.091919,-0.032851,0.158047,-0.834271
864,0.07668,0.066004,0.407373,-0.458278,0.416503,-0.785208,-0.668607,-0.743586,-0.004267,-0.585084,0.522518,0.620225,-0.009881,-0.013948,0.035086,-0.095697,-0.041343,0.154352,-1.174567,-0.101114,0.090486,0.392529,0.557037,0.267104,0.786357,-0.60197,0.782095,0.160911,-0.572702,-0.563332,0.595427,0.024573,-0.023234,0.053096,-0.194624,0.154393,-0.353315,-1.405539,0.042378,0.066619,0.015292,-0.396876,-0.364824,0.842254,0.6964,-0.717442,0.017386,0.597926,0.593446,0.538799,0.017392,-0.010366,0.026809,-0.176219,0.188243,-0.355613,-0.864258,0.074861,0.055778,-0.035699,-0.356295,0.50951,-0.783232,-0.797032,-0.603199,-0.029821,-0.487639,0.613637,0.621012,-0.004594,-0.002624,0.012642,-0.066918,0.043065,-0.033525,-0.836557
865,0.076167,0.065591,0.408227,-0.459514,0.414069,-0.785773,-0.669409,-0.742875,-6.5e-05,-0.583194,0.525455,0.619523,-0.011726,-0.005847,0.011633,-0.065513,-0.154275,0.083924,-1.206445,-0.100185,0.089462,0.394271,0.540616,0.279683,0.793412,-0.613788,0.776033,0.144812,-0.575868,-0.565625,0.590176,0.026005,-0.025967,0.03979,-0.134638,0.112753,-0.380682,-1.405477,0.042851,0.066097,0.016187,-0.378327,-0.376108,0.845819,0.705025,-0.709181,2e-06,0.599838,0.596325,0.533468,0.00801,-0.014949,0.01932,-0.14697,0.143692,-0.390524,-0.868994,0.074599,0.055567,-0.035243,-0.357903,0.507297,-0.783935,-0.79785,-0.602314,-0.025511,-0.485117,0.616333,0.620318,-0.006083,-0.003479,0.005594,-0.062644,-0.147296,0.087027,-0.83525
866,0.07569,0.065339,0.408509,-0.458692,0.41369,-0.786453,-0.673344,-0.739301,0.003768,-0.579303,0.530763,0.618648,-0.012026,-3.2e-05,0.000615,-0.120298,0.009931,0.060126,-1.224543,-0.099494,0.088406,0.395613,0.533612,0.291872,0.793764,-0.621993,0.771313,0.134666,-0.573581,-0.56594,0.592097,0.015281,-0.024121,0.028421,-0.049404,-0.025955,-0.27959,-1.40546,0.043197,0.065568,0.016847,-0.37019,-0.387308,0.844364,0.711012,-0.703096,-0.010784,0.597846,0.596362,0.53566,0.007725,-0.012474,0.014043,-0.025591,-0.062711,-0.300153,-0.875525,0.074366,0.055433,-0.035105,-0.357358,0.506509,-0.784693,-0.800807,-0.59853,-0.021647,-0.480627,0.620652,0.619506,-0.000929,-0.002534,-0.001039,-1.312225,0.04075,1.019257,-0.829862
867,0.075448,0.065323,0.408505,-0.455752,0.411496,-0.789307,-0.677292,-0.735657,0.007481,-0.577022,0.537485,0.614965,-0.012607,-0.001617,-4.1e-05,-0.032937,-0.054321,-0.094923,-1.243908,-0.099139,0.088022,0.396084,0.532461,0.295364,0.793244,-0.624045,0.770063,0.1323,-0.572417,-0.565835,0.593323,0.015523,-0.024972,0.028151,-0.086908,0.025449,-0.215579,-1.405661,0.043382,0.065361,0.017091,-0.368691,-0.390909,0.84336,0.712578,-0.70146,-0.013619,0.596907,0.595939,0.537175,0.012087,-0.006865,0.009683,-0.050503,-0.041923,0.007918,-0.877648,0.074245,0.055424,-0.035108,-0.354529,0.503867,-0.78767,-0.804395,-0.593826,-0.017809,-0.476713,0.627285,0.615838,-0.005653,0.004296,-0.004617,-0.00594,-0.067311,-0.069413,-0.839333
868,0.074832,0.065369,0.408446,-0.456024,0.406133,-0.791924,-0.676368,-0.736451,0.01173,-0.577889,0.540473,0.611523,-0.013413,-0.003778,-0.000939,-0.016683,-0.012523,-0.07509,-1.251776,-0.098403,0.087559,0.396722,0.53357,0.297851,0.791568,-0.625072,0.769278,0.132021,-0.570259,-0.565602,0.595619,0.02217,-0.003312,0.01069,-0.029365,-0.041736,0.0612,-1.405759,0.043749,0.065116,0.017415,-0.369583,-0.393113,0.841944,0.713546,-0.70047,-0.013836,0.595196,0.595653,0.539386,0.006183,-0.003924,0.004669,-0.024124,-0.099717,0.186013,-0.876505,0.073931,0.055445,-0.035138,-0.35579,0.498652,-0.790416,-0.803703,-0.594876,-0.01352,-0.476942,0.63045,0.61242,-0.005979,0.003405,-0.004988,0.032422,0.008098,-0.040333,-0.854355
869,0.074185,0.065491,0.408248,-0.456483,0.40053,-0.794509,-0.675073,-0.737558,0.015975,-0.579038,0.543143,0.608061,-0.013102,-0.002869,-0.000568,-0.02968,-0.062225,-0.067536,-1.250506,-0.097757,0.087353,0.396977,0.535608,0.297034,0.790497,-0.62443,0.769438,0.134113,-0.569051,-0.565814,0.596572,0.023435,-0.007896,0.009038,-0.031405,-0.027861,0.036026,-1.405989,0.044079,0.065013,0.017547,-0.371871,-0.392398,0.84127,0.713275,-0.700788,-0.01158,0.594096,0.595751,0.54049,0.011771,-0.00417,0.004428,-0.031925,-0.027746,0.035811,-0.876995,0.0736,0.055499,-0.03524,-0.357307,0.4933,-0.793086,-0.802699,-0.596311,-0.009268,-0.477498,0.633299,0.609038,-0.006577,-0.001511,-0.000307,-0.014175,-0.020801,-0.047193,-0.854355
870,0.073447,0.065437,0.408294,-0.455672,0.399923,-0.79528,-0.678476,-0.734347,0.019399,-0.575693,0.547917,0.606952,-0.024668,-0.008051,0.011351,-0.037464,0.04518,-0.076127,-1.248542,-0.097127,0.087344,0.397096,0.538117,0.295844,0.789238,-0.623114,0.770116,0.13632,-0.568128,-0.565512,0.597737,0.010588,0.001591,0.000264,0.002045,-0.015205,0.029245,-1.405358,0.044396,0.065004,0.017604,-0.374647,-0.391441,0.840483,0.712411,-0.701701,-0.009248,0.593388,0.595305,0.541757,0.005304,0.000758,0.000108,0.001747,-0.015191,0.029041,-0.878954,0.07323,0.055468,-0.035218,-0.356624,0.492789,-0.79371,-0.805503,-0.59256,-0.005979,-0.473268,0.637204,0.608265,-0.012315,-0.003971,0.005711,-0.02915,0.06677,-0.065681,-0.86007
871,0.073099,0.065344,0.408445,-0.453797,0.399938,-0.796344,-0.682587,-0.730452,0.02206,-0.572311,0.553084,0.605463,-0.022484,0.004468,0.003108,-0.016091,-0.007985,-0.077545,-1.231533,-0.096873,0.087383,0.397111,0.538619,0.293055,0.789937,-0.622592,0.770064,0.138977,-0.568227,-0.56703,0.596203,0.010519,0.001846,0.000358,-0.061511,0.089711,0.090641,-1.405622,0.044519,0.065021,0.017612,-0.375329,-0.388757,0.841424,0.712257,-0.701887,-0.006576,0.593142,0.596843,0.540333,0.005283,0.000836,0.000138,-0.079056,0.120127,0.108902,-0.881077,0.073064,0.055417,-0.035145,-0.354698,0.492372,-0.794831,-0.808874,-0.587972,-0.003265,-0.468946,0.641761,0.60682,-0.006501,-0.00454,0.005164,-0.039277,0.02244,-0.050817,-0.857295
872,0.072623,0.065269,0.408866,-0.453608,0.401941,-0.795443,-0.686623,-0.726587,0.024339,-0.567618,0.556706,0.60656,-0.010539,-0.002461,0.013068,-0.034763,0.03503,-0.044322,-1.175532,-0.096408,0.087373,0.397113,0.539737,0.292488,0.789384,-0.62192,0.770437,0.139912,-0.567902,-0.566815,0.596716,0.011206,-0.000621,-0.000539,0.002031,-0.015183,0.029258,-1.405681,0.044754,0.06502,0.017613,-0.376546,-0.388289,0.841097,0.711853,-0.702306,-0.005532,0.592856,0.596654,0.540856,0.005637,-0.00043,-0.000321,0.002764,-0.016941,0.027995,-0.880587,0.07282,0.055379,-0.034939,-0.354174,0.494572,-0.793699,-0.812134,-0.583468,-0.001171,-0.463678,0.644176,0.608308,-0.005023,-0.000556,0.006825,-0.033096,0.023343,-0.018335,-0.843415
873,0.072116,0.065262,0.409563,-0.46248,0.404368,-0.789078,-0.690955,-0.722036,0.034891,-0.555065,0.560848,0.614312,-0.008455,0.003088,0.015373,-1.434164,1.479781,-1.901253,-1.114458,-0.096019,0.08737,0.397119,0.539802,0.287381,0.791212,-0.621464,0.769963,0.144475,-0.568339,-0.570058,0.593201,0.010703,0.001218,0.000132,-0.197319,0.311821,0.220667,-1.405168,0.04495,0.065014,0.017615,-0.377056,-0.384414,0.842646,0.71189,-0.702288,-0.001836,0.592487,0.59918,0.538462,0.005343,0.000636,6.9e-05,-0.26333,0.455558,0.318638,-0.880587,0.072563,0.055375,-0.034586,-0.361963,0.498644,-0.787614,-0.815743,-0.578348,0.008734,-0.45116,0.645652,0.616106,-0.004134,0.001818,0.007808,-1.430131,1.466337,-1.897382,-0.829862
874,0.071883,0.065218,0.409964,-0.467487,0.40797,-0.784259,-0.69553,-0.717284,0.0414,-0.545072,0.564319,0.620054,-0.008753,0.002277,0.015035,-0.356158,0.72179,-0.454499,-1.109687,-0.095893,0.087359,0.397121,0.540022,0.287272,0.791102,-0.621342,0.770026,0.144667,-0.568265,-0.570028,0.593302,0.010783,0.000939,3.1e-05,-0.000871,-0.010425,0.032043,-1.405608,0.045013,0.06501,0.017616,-0.377066,-0.383055,0.843261,0.712005,-0.702173,-0.000591,0.592342,0.600184,0.537502,0.005395,0.000461,7e-06,0.007844,-0.02976,0.018733,-0.880587,0.072449,0.055358,-0.034383,-0.366801,0.50234,-0.783013,-0.819443,-0.572928,0.016306,-0.44042,0.647616,0.62179,-0.004352,0.001239,0.007567,-0.359077,0.854273,-0.461976,-0.83476
875,0.0715,0.064962,0.410689,-0.481634,0.404913,-0.777252,-0.695621,-0.716048,0.057954,-0.532491,0.568078,0.627509,-0.000489,-0.014467,0.020952,-0.066661,0.027889,-0.003704,-1.094054,-0.095748,0.087143,0.397152,0.540031,0.287339,0.791072,-0.621539,0.769838,0.144817,-0.56804,-0.570247,0.593305,0.000767,-0.002756,-0.001007,-1e-06,1e-06,1e-06,-1.40543,0.045085,0.064902,0.017632,-0.377091,-0.383313,0.843132,0.7122,-0.701975,-0.000607,0.592091,0.60025,0.537705,0.006698,-0.005606,0.004077,-0.033037,-0.013303,0.006435,-0.881077,0.072259,0.055241,-0.034026,-0.38155,0.502515,-0.77582,-0.819588,-0.572026,0.032563,-0.427426,0.648278,0.630113,-0.005169,-0.000937,0.006668,-0.03089,0.027051,-0.039844,-0.85011
876,0.071187,0.064643,0.411506,-0.487785,0.403306,-0.774245,-0.694984,-0.716082,0.064773,-0.527699,0.569179,0.630552,0.001689,-0.002114,0.01259,-0.038979,0.095746,-0.16711,-1.042114,-0.095673,0.087002,0.397184,0.541164,0.289362,0.789559,-0.621201,0.770339,0.143598,-0.567333,-0.568547,0.59561,0.000647,-0.002323,-0.000849,0.033408,-0.054676,-0.031964,-1.405605,0.045122,0.064832,0.017648,-0.378241,-0.385617,0.841565,0.711752,-0.702427,-0.001966,0.591896,0.598243,0.540151,0.000363,-0.001302,-0.00048,0.043359,-0.12757,0.124056,-0.881077,0.072101,0.055073,-0.033616,-0.38777,0.502061,-0.773024,-0.81915,-0.572232,0.039257,-0.422641,0.648447,0.633159,-0.005339,-0.004679,0.011867,-0.067233,0.042213,-0.033194,-0.849947
877,0.070906,0.064272,0.41228,-0.490646,0.402717,-0.772743,-0.694986,-0.715764,0.068184,-0.525039,0.569995,0.632034,-0.012426,-0.014048,0.021823,-0.068557,0.055307,-0.059109,-1.029992,-0.095632,0.086786,0.397284,0.540905,0.289612,0.789645,-0.621686,0.769945,0.143613,-0.567047,-0.568954,0.595493,0.000304,-0.00109,-0.000399,7e-06,-1.2e-05,-7e-06,-1.405563,0.045143,0.064722,0.017697,-0.377951,-0.385608,0.8417,0.712152,-0.702022,-0.001839,0.591601,0.598723,0.539941,0.001243,-0.005864,0.004144,-0.03609,0.003713,-0.021637,-0.881404,0.071969,0.054904,-0.033233,-0.390782,0.501967,-0.771568,-0.819105,-0.572052,0.042693,-0.419947,0.648679,0.634711,-0.006098,-0.006684,0.011055,-0.06753,0.042565,-0.033423,-0.846027
878,0.070729,0.064021,0.41263,-0.491499,0.402678,-0.77222,-0.695251,-0.715389,0.069399,-0.523889,0.570493,0.63254,-0.001943,-0.018308,0.019441,-0.06758,0.040574,-0.029565,-1.030301,-0.095596,0.08662,0.397384,0.541002,0.28967,0.789557,-0.621913,0.76971,0.143891,-0.566705,-0.569243,0.595543,0.000332,-0.001191,-0.000436,0.012991,-0.093903,0.174824,-1.405519,0.045161,0.06464,0.017748,-0.377918,-0.38571,0.841668,0.71245,-0.70172,-0.001679,0.591263,0.599012,0.539992,0.001263,-0.005942,0.004117,-0.03555,0.002512,-0.022478,-0.882383,0.071876,0.054776,-0.033054,-0.391676,0.502078,-0.771042,-0.819314,-0.571657,0.043953,-0.418704,0.648941,0.635264,-0.005724,-0.002398,0.006081,-0.034684,0.035004,-0.044479,-0.852069
879,0.070428,0.063773,0.413245,-0.494172,0.404521,-0.769546,-0.695311,-0.715227,0.070464,-0.521288,0.569389,0.635674,-0.009611,-2.4e-05,0.014117,-0.040151,0.109985,-0.196892,-1.025856,-0.095422,0.086291,0.397666,0.542259,0.294362,0.786954,-0.622292,0.769949,0.140942,-0.565084,-0.566511,0.599674,0.002149,-0.010505,0.008747,-0.014603,-0.031815,-0.04244,-1.405245,0.045247,0.064482,0.017882,-0.379269,-0.39067,0.838767,0.712294,-0.701864,-0.004825,0.590586,0.595619,0.544467,0.006223,-0.003876,0.004719,-0.01854,-0.028307,0.00124,-0.882873,0.071724,0.054636,-0.032753,-0.393865,0.504446,-0.768377,-0.819413,-0.571443,0.044868,-0.416451,0.64729,0.638422,-0.004669,0.000374,0.007219,-0.036845,0.015168,-0.02177,-0.864153
880,0.070008,0.063821,0.41387,-0.497295,0.406054,-0.766723,-0.694944,-0.715454,0.071768,-0.518801,0.568011,0.638934,-0.020891,-0.004469,0.026434,-0.066107,0.06366,-0.059815,-1.015245,-0.095147,0.085858,0.398088,0.542941,0.299447,0.784563,-0.623356,0.769663,0.137767,-0.563254,-0.564236,0.603528,0.004234,-0.020761,0.01761,-0.003931,-0.105307,-0.108847,-1.405668,0.045384,0.064266,0.018093,-0.379757,-0.395536,0.836262,0.712847,-0.701273,-0.007977,0.589604,0.593098,0.548271,0.006197,-0.003775,0.00476,0.041849,-0.132927,-0.061416,-0.8832,0.071519,0.054661,-0.03244,-0.396817,0.506598,-0.765437,-0.819077,-0.571822,0.046169,-0.414304,0.645273,0.641852,-0.004371,0.001142,0.007533,-0.0474,0.093604,-0.204081,-0.872154
881,0.069692,0.063764,0.41424,-0.496095,0.406444,-0.767293,-0.695219,-0.715311,0.070518,-0.519582,0.567911,0.638388,-0.010338,-0.001956,0.013334,0.093309,-0.095417,0.124127,-1.011649,-0.094965,0.085599,0.398358,0.543426,0.301959,0.783263,-0.62393,0.769442,0.136397,-0.562148,-0.563201,0.605523,0.014531,-0.017923,0.018351,-0.028497,-0.07691,-0.054249,-1.405735,0.045472,0.064137,0.018228,-0.380193,-0.398163,0.834816,0.713146,-0.70095,-0.009535,0.588961,0.591721,0.550444,0.001002,-0.005013,0.004466,-0.000682,-0.046777,-0.047697,-0.885813,0.071369,0.054643,-0.032256,-0.396195,0.506556,-0.765787,-0.81925,-0.571608,0.045745,-0.414558,0.645495,0.641464,-0.005211,-0.001061,0.006642,1.386608,-1.418879,1.825019,-0.873624
882,0.06909,0.063619,0.414896,-0.49864,0.408315,-0.764645,-0.695286,-0.715153,0.071453,-0.51705,0.566765,0.641454,-0.020637,0.002774,0.015929,-0.034635,0.03754,-0.047787,-0.99763,-0.09456,0.085153,0.398895,0.544061,0.304613,0.781793,-0.625012,0.768707,0.135588,-0.560327,-0.562779,0.607598,0.011726,-0.005055,0.010463,-0.031231,-0.026956,0.031722,-1.405342,0.045676,0.063905,0.018498,-0.380744,-0.400534,0.833429,0.713993,-0.700076,-0.010266,0.587576,0.591155,0.552529,0.007113,-0.008421,0.009383,-0.060272,-0.095121,0.164931,-0.890385,0.071064,0.05456,-0.031928,-0.397737,0.508903,-0.763428,-0.819351,-0.571447,0.045944,-0.412878,0.643789,0.644256,-0.010629,0.000609,0.007658,-0.03894,0.042629,-0.077299,-0.875257
883,0.068497,0.063594,0.415593,-0.501263,0.410133,-0.761953,-0.695285,-0.715054,0.072446,-0.514508,0.565575,0.644541,-0.019798,0.00492,0.0168,-0.031768,0.044636,-0.04448,-0.935745,-0.094097,0.084747,0.399398,0.544544,0.3048,0.781383,-0.625877,0.767782,0.136825,-0.558888,-0.56394,0.607848,0.012431,-0.00752,0.009577,-0.033315,-0.013129,0.006522,-1.405272,0.045906,0.063709,0.018752,-0.381269,-0.400663,0.833128,0.714948,-0.699118,-0.009031,0.586074,0.592201,0.553005,0.00729,-0.009021,0.009174,-0.069084,-0.010869,-0.016345,-0.894794,0.070763,0.054544,-0.031575,-0.400046,0.511284,-0.760625,-0.819354,-0.571367,0.046867,-0.410634,0.641971,0.647496,-0.004544,0.000663,0.007347,-0.04084,0.006832,-0.025137,-0.871338
884,0.068151,0.063633,0.415986,-0.499922,0.412881,-0.761349,-0.699488,-0.710808,0.073761,-0.510103,0.568912,0.645105,-0.01909,0.006718,0.017522,-0.035605,0.037505,-0.047064,-0.856841,-0.093833,0.084535,0.399627,0.54493,0.304808,0.781111,-0.626184,0.767406,0.137535,-0.558168,-0.564448,0.608038,0.012777,-0.008714,0.009148,-0.033305,-0.013166,0.006502,-1.405722,0.046037,0.063605,0.018867,-0.381687,-0.400702,0.832918,0.715327,-0.698739,-0.008351,0.585339,0.592621,0.553332,0.006442,-0.004577,0.004485,-0.033592,-0.01314,0.006306,-0.894304,0.070589,0.054562,-0.031379,-0.398199,0.513555,-0.760064,-0.822713,-0.566398,0.048321,-0.405683,0.644557,0.648048,-0.010179,-0.001533,0.013534,-0.073237,0.053642,-0.062096,-0.853212
885,0.067507,0.063804,0.41682,-0.504044,0.414387,-0.757805,-0.703195,-0.706299,0.081429,-0.500874,0.57341,0.648347,-0.018116,0.009133,0.018478,-0.034697,0.037386,-0.047857,-0.751628,-0.093423,0.084187,0.399964,0.546725,0.309213,0.77812,-0.626327,0.767715,0.135142,-0.55625,-0.56163,0.61239,0.012788,-0.008702,0.009163,0.111849,-0.251337,-0.12903,-1.405282,0.046243,0.063428,0.019035,-0.383301,-0.40441,0.83038,0.715282,-0.698762,-0.010138,0.584338,0.59007,0.557103,0.001245,-0.005842,0.00418,0.183761,-0.382755,-0.252016,-0.895283,0.070267,0.054648,-0.030963,-0.402042,0.515724,-0.756565,-0.82565,-0.561388,0.056075,-0.395807,0.647203,0.651509,-0.004205,-0.001785,0.013086,-0.065168,0.04077,-0.030788,-0.809124
886,0.067057,0.063844,0.41777,-0.503251,0.419698,-0.755405,-0.711584,-0.697221,0.086616,-0.489713,0.580599,0.650472,-0.0077,-0.001867,0.02682,-0.179109,0.043677,0.090067,-0.726425,-0.093167,0.08403,0.400118,0.547173,0.309126,0.77784,-0.626424,0.767522,0.135782,-0.555699,-0.561941,0.612604,0.002193,-0.010567,0.008794,-0.022807,-0.090249,0.152972,-1.405536,0.046375,0.063348,0.019111,-0.383852,-0.40515,0.829764,0.715344,-0.698697,-0.010233,0.5839,0.589639,0.558018,0.005194,0.001295,0.000316,0.000422,-0.012294,0.031017,-0.891528,0.070045,0.05467,-0.030502,-0.400506,0.520521,-0.75409,-0.831964,-0.55144,0.061227,-0.383966,0.651898,0.65391,-0.003928,-0.001092,0.013357,-1.33159,0.178883,1.082662,-0.765525
887,0.066699,0.063859,0.418906,-0.505293,0.419689,-0.754046,-0.712138,-0.696277,0.089605,-0.486797,0.581737,0.651643,-0.005714,0.003132,0.028775,-0.066341,0.030872,-0.006937,-0.727374,-0.092983,0.084046,0.400175,0.547842,0.308817,0.777491,-0.626095,0.767682,0.136392,-0.55541,-0.561892,0.612911,-1.1e-05,4e-05,1.5e-05,0.0,-0.0,-0.0,-1.405048,0.046463,0.063356,0.01914,-0.384701,-0.404835,0.829526,0.715095,-0.698962,-0.009484,0.583647,0.589542,0.558386,-9e-06,3e-05,8e-06,-0.00024,5.7e-05,-0.000123,-0.888915,0.069857,0.054673,-0.029925,-0.402323,0.521093,-0.752726,-0.832673,-0.550018,0.064291,-0.380512,0.652641,0.655186,-0.003479,-0.00326,0.019204,-0.10719,0.136193,-0.201677,-0.754911
888,0.066503,0.063807,0.419599,-0.503419,0.422971,-0.753465,-0.716934,-0.691163,0.090945,-0.481681,0.585439,0.652128,-0.007289,-0.007478,0.038012,-0.100074,0.051315,-0.021635,-0.731183,-0.092899,0.084043,0.400181,0.548238,0.308618,0.777291,-0.625858,0.767817,0.136721,-0.555287,-0.561816,0.613091,0.000145,-0.000507,-0.000186,0.0,-0.0,-0.0,-1.404832,0.046505,0.063352,0.019147,-0.384991,-0.404736,0.829439,0.715009,-0.699053,-0.009235,0.58356,0.589502,0.558519,0.000109,-0.000385,-0.000143,-0.00019,6e-06,-0.00011,-0.888752,0.069762,0.054656,-0.02958,-0.399848,0.523953,-0.752059,-0.836441,-0.544112,0.065634,-0.374816,0.655298,0.655818,-0.003694,-0.003819,0.018983,-0.092154,-0.033502,0.157742,-0.754585
889,0.066184,0.063411,0.420888,-0.503179,0.428629,-0.750422,-0.71879,-0.689615,0.088002,-0.479163,0.58314,0.656032,-0.008916,-0.005065,0.025568,0.001204,0.209124,0.041378,-0.774381,-0.092877,0.083963,0.400162,0.548432,0.308524,0.777192,-0.625751,0.767875,0.136888,-0.555218,-0.561789,0.61318,0.000425,-0.001487,-0.000545,0.0,-0.0,-0.0,-1.405198,0.04652,0.063313,0.019137,-0.38536,-0.404602,0.829333,0.714875,-0.699194,-0.008936,0.583481,0.589426,0.558682,0.000264,-0.000921,-0.000338,0.012353,-0.092126,0.175743,-0.888752,0.069604,0.054466,-0.028917,-0.398641,0.529441,-0.748849,-0.83791,-0.542191,0.062719,-0.372814,0.652471,0.659764,-0.004569,-0.00276,0.012701,0.004391,0.218878,0.044015,-0.771077
890,0.066206,0.062948,0.421967,-0.506171,0.437988,-0.74297,-0.720136,-0.688638,0.084585,-0.473967,0.577305,0.664907,0.00157,-0.009179,0.023253,0.124282,0.488366,0.200654,-0.832337,-0.092911,0.083877,0.400132,0.54898,0.308242,0.776917,-0.6254,0.768083,0.137327,-0.555073,-0.561659,0.61343,0.000544,-0.001902,-0.000698,0.0,-0.0,-0.0,-1.405423,0.046503,0.063271,0.019122,-0.385988,-0.404364,0.829157,0.714615,-0.699466,-0.008449,0.583384,0.589267,0.55895,9.6e-05,-0.000334,-0.000122,-7.8e-05,5e-06,-5.5e-05,-0.889568,0.069612,0.054238,-0.028396,-0.39995,0.5375,-0.742383,-0.838896,-0.540941,0.060293,-0.369178,0.646897,0.667256,0.000748,-0.004644,0.011605,0.179769,0.625779,0.262778,-0.807981
891,0.066243,0.062767,0.42241,-0.505732,0.445308,-0.738905,-0.721034,-0.688412,0.078551,-0.47307,0.571945,0.670157,0.002501,-0.000237,0.013308,0.201424,0.572048,0.260573,-0.840988,-0.09292,0.083849,0.400122,0.549129,0.308165,0.776842,-0.625304,0.76814,0.137446,-0.555034,-0.561624,0.613498,0.000498,-0.001741,-0.000639,0.0,-0.0,-0.0,-1.405325,0.046499,0.063256,0.019117,-0.386134,-0.404308,0.829116,0.714554,-0.699529,-0.008337,0.583362,0.58923,0.559012,0.000277,-0.000966,-0.000355,-0.001869,0.013357,-0.025528,-0.890385,0.069631,0.054141,-0.028162,-0.398228,0.544811,-0.737966,-0.839645,-0.540431,0.054118,-0.369336,0.641182,0.672663,0.000508,-0.005259,0.01137,0.176849,0.624038,0.259952,-0.818105
892,0.066404,0.062339,0.423099,-0.508371,0.459061,-0.728606,-0.722514,-0.687706,0.070755,-0.467961,0.561824,0.682198,0.009883,-0.018814,0.018824,0.065042,0.343107,0.139304,-0.85479,-0.09296,0.083847,0.400113,0.549281,0.308079,0.776768,-0.625189,0.768213,0.137556,-0.555012,-0.56157,0.613568,0.0,-0.0,-0.0,0.0,-0.0,-0.0,-1.405014,0.04648,0.063253,0.019112,-0.386304,-0.404238,0.829072,0.714468,-0.699619,-0.008215,0.583356,0.589172,0.55908,-0.005195,-0.001322,-0.00033,-0.002079,0.015196,-0.029304,-0.890711,0.06971,0.053938,-0.027818,-0.398412,0.560079,-0.726346,-0.840842,-0.53938,0.045304,-0.366403,0.628793,0.685834,0.005613,-0.004372,0.004643,0.124044,0.368842,0.205909,-0.830678
893,0.066808,0.061895,0.423401,-0.51026,0.470309,-0.720063,-0.723593,-0.687251,0.06381,-0.464225,0.553004,0.691888,0.010796,-0.003322,-0.002023,0.122569,0.278534,0.15782,-0.880472,-0.092955,0.083771,0.400085,0.549778,0.31032,0.775524,-0.625096,0.768613,0.135732,-0.554624,-0.559788,0.615542,0.000952,-0.003335,-0.001225,0.015794,-0.015321,-0.041766,-1.40467,0.04648,0.063221,0.0191,-0.386796,-0.406741,0.827617,0.714135,-0.699933,-0.01023,0.583438,0.587073,0.561199,0.000311,-0.001094,-0.000404,0.009039,-0.007557,-0.001253,-0.891364,0.069907,0.053714,-0.027662,-0.398322,0.570637,-0.71813,-0.841677,-0.538578,0.038887,-0.36458,0.619923,0.69482,0.004669,-0.006802,0.00371,0.176683,0.503832,0.230203,-0.848967
894,0.067249,0.061681,0.423326,-0.511855,0.474228,-0.71635,-0.723357,-0.687707,0.061522,-0.462834,0.549075,0.695938,-0.000404,-0.001036,-0.000398,7e-05,0.102861,-0.171875,-0.940584,-0.09292,0.083617,0.400029,0.549546,0.31044,0.77564,-0.625245,0.768524,0.135547,-0.554686,-0.559843,0.615437,0.001265,-0.00443,-0.00163,4e-06,-6e-06,-3e-06,-1.404869,0.046498,0.063144,0.019072,-0.386503,-0.406564,0.827841,0.714235,-0.699831,-0.010234,0.58351,0.587317,0.560869,0.000767,-0.002683,-0.000987,-0.002404,0.014363,-0.024852,-0.889078,0.070134,0.053597,-0.027699,-0.399035,0.575613,-0.71375,-0.841595,-0.538914,0.035895,-0.363989,0.615012,0.699479,0.005724,0.00248,-0.006131,0.02538,-0.054959,0.036668,-0.858764
895,0.067436,0.061717,0.423238,-0.513113,0.475884,-0.71435,-0.722844,-0.688329,0.060591,-0.462242,0.546858,0.698072,0.001856,0.011372,-0.009037,0.037075,-0.012411,0.018222,-0.95358,-0.092893,0.083496,0.399984,0.551335,0.307202,0.77566,-0.62071,0.772198,0.135514,-0.558002,-0.556559,0.615419,0.001685,-0.005901,-0.002174,0.0,-0.0,-0.0,-1.404746,0.04651,0.063087,0.019051,-0.388606,-0.403526,0.828342,0.710135,-0.703996,-0.0098,0.587105,0.584427,0.560135,0.000925,-0.003235,-0.001192,-0.001947,0.012826,-0.025746,-0.889895,0.07022,0.053606,-0.027742,-0.400031,0.577354,-0.711784,-0.841186,-0.539607,0.035062,-0.363841,0.612769,0.701522,0.001044,0.005987,-0.004409,0.024454,-0.055609,0.031509,-0.854845
896,0.067608,0.061868,0.423166,-0.515036,0.474879,-0.713634,-0.721662,-0.689447,0.061971,-0.46195,0.546326,0.698683,0.001108,0.002851,0.001094,-0.008315,0.082684,-0.180696,-0.957152,-0.092786,0.083181,0.399868,0.553567,0.306217,0.774459,-0.616095,0.776215,0.13361,-0.560905,-0.551486,0.617342,0.002356,-0.008246,-0.00305,0.000357,-0.00058,-0.000329,-1.40491,0.046565,0.062923,0.018991,-0.391079,-0.402812,0.827525,0.70571,-0.708409,-0.01132,0.590787,0.579566,0.561313,0.001228,-0.004296,-0.00159,-0.003321,0.006019,0.004407,-0.889895,0.070311,0.053685,-0.027781,-0.402222,0.576417,-0.711308,-0.840208,-0.541021,0.036687,-0.363686,0.612403,0.701921,0.000588,0.001512,0.000576,-0.008441,0.081961,-0.181214,-0.851906
