frame,MLTx,MLTy,MLTz,MLTR1,MLTR2,MLTR3,MLTR4,MLTR5,MLTR6,MLTR7,MLTR8,MLTR9,MLTTVx,MLTTVy,MLTTVz,MLTRVx,MLTRVy,MLTRVz,MLGA,MRTx,MRTy,MRTz,MRTR1,MRTR2,MRTR3,MRTR4,MRTR5,MRTR6,MRTR7,MRTR8,MRTR9,MRTTVx,MRTTVy,MRTTVz,MRTRVx,MRTRVy,MRTRVz,MRGA,SLTx,SLTy,SLTz,SLTR1,SLTR2,SLTR3,SLTR4,SLTR5,SLTR6,SLTR7,SLTR8,SLTR9,SLTTVx,SLTTVy,SLTTVz,SLTRVx,SLTRVy,SLTRVz,SLGA,SRTx,SRTy,SRTz,SRTR1,SRTR2,SRTR3,SRTR4,SRTR5,SRTR6,SRTR7,SRTR8,SRTR9,SRTTVx,SRTTVy,SRTTVz,SRTRVx,SRTRVy,SRTRVz,SRGA
242,0.107105,0.037623,0.381372,0.004757,-0.220724,-0.975348,0.585714,-0.789904,0.18156,-0.81051,-0.571872,0.12674,-0.027291,-0.007988,-0.004,0.153673,0.462406,0.365169,0.30055,-0.158397,0.044889,0.331854,-0.328609,0.858807,0.393013,-0.644184,-0.508,0.571749,0.691078,-0.066367,0.719632,0.000961,-0.008753,0.009465,-0.036545,0.010786,-0.017873,-1.405139,0.040471,0.043507,-0.010825,0.164148,-0.907856,0.385814,0.763022,0.36474,0.53363,-0.625181,0.20679,0.752586,0.000469,-0.004268,0.004804,-0.036653,0.010658,-0.018101,-0.818863,0.069056,0.043551,-0.049135,-0.054673,-0.170741,-0.983797,0.684552,-0.723686,0.087555,-0.72691,-0.668674,0.156447,-0.014044,-0.009276,0.002441,-0.039587,0.054115,-0.136987,0.087178
243,0.105987,0.037474,0.381322,-0.003879,-0.230485,-0.973091,0.582628,-0.79137,0.185066,-0.812725,-0.565954,0.13857,-0.025686,-0.001403,-0.000294,0.060509,0.251476,0.03421,0.422788,-0.158347,0.044634,0.332248,-0.3308,0.857662,0.393673,-0.643887,-0.50999,0.57031,0.690311,-0.065897,0.72041,0.000855,-0.006697,0.010957,0.147783,-0.134727,-0.135912,-1.405159,0.040496,0.043381,-0.010632,0.165868,-0.907259,0.38648,0.762861,0.366401,0.532721,-0.624923,0.20647,0.752888,0.000394,-0.002804,0.00587,0.272491,-0.219597,-0.156808,-0.812495,0.068496,0.043471,-0.049164,-0.064393,-0.182145,-0.98116,0.682351,-0.725475,0.089897,-0.728182,-0.663707,0.171002,-0.012903,-0.000929,-0.000257,0.079576,0.249894,0.172233,0.292108
244,0.10552,0.037474,0.381321,-0.010175,-0.236966,-0.971488,0.579023,-0.793459,0.187422,-0.815235,-0.56032,0.146493,-0.02513,0.000831,0.000968,0.099903,0.306161,0.229754,0.451929,-0.158357,0.044589,0.332431,-0.330824,0.857662,0.393654,-0.643559,-0.510024,0.570649,0.690605,-0.06563,0.720153,0.000829,-0.006183,0.011328,-0.033849,0.008625,-0.01962,-1.405181,0.040491,0.04336,-0.010541,0.166689,-0.907193,0.386283,0.762877,0.36686,0.532382,-0.624685,0.205944,0.753229,-0.000177,0.003299,0.002382,-0.013092,-0.01111,0.025417,-0.813965,0.068262,0.043471,-0.049165,-0.068916,-0.189299,-0.979497,0.679109,-0.728128,0.092938,-0.730793,-0.658782,0.178734,-0.006548,-0.000823,-0.00032,0.130464,0.647348,0.013043,0.361016
245,0.104826,0.037453,0.381367,-0.021024,-0.241594,-0.970173,0.561067,-0.806005,0.1885,-0.827478,-0.540076,0.153705,-0.01233,0.00136,0.001018,0.006514,0.19681,-0.213905,0.479232,-0.158446,0.044621,0.332699,-0.330922,0.857486,0.393954,-0.643072,-0.510338,0.570918,0.691012,-0.065487,0.719775,-0.012808,0.004253,0.004132,-0.013639,0.1127,-0.168096,-1.404875,0.040451,0.043374,-0.010402,0.166726,-0.907097,0.386494,0.762388,0.367172,0.532868,-0.625272,0.205816,0.752777,0.000436,-0.0036,0.005296,-0.036868,0.010988,-0.017705,-0.815108,0.067911,0.043462,-0.04914,-0.080352,-0.195159,-0.977473,0.663033,-0.742692,0.09378,-0.744264,-0.640563,0.189073,-0.006555,-0.004502,0.005009,-0.062531,0.413997,-0.653218,0.429762
246,0.104283,0.037511,0.38159,-0.030863,-0.244115,-0.969278,0.547441,-0.815461,0.18789,-0.836237,-0.524529,0.160015,-0.011241,0.005551,0.003394,-0.006431,0.157995,-0.234586,0.494017,-0.158474,0.044659,0.3328,-0.33123,0.858403,0.391691,-0.643143,-0.509039,0.571998,0.690799,-0.063526,0.720155,0.012474,0.002188,0.000512,0.002045,-0.015205,0.029245,-1.405109,0.040427,0.043399,-0.010347,0.166771,-0.907997,0.384353,0.762212,0.366003,0.533923,-0.625475,0.203915,0.753125,-3.4e-05,0.000628,0.000453,0.000619,0.002576,-0.002008,-0.814944,0.067639,0.04349,-0.049029,-0.089707,-0.198823,-0.97592,0.650566,-0.753641,0.093738,-0.754132,-0.626492,0.196954,-0.005897,-0.001957,0.006446,-0.086321,0.463059,-0.854044,0.463073
247,0.104062,0.037552,0.381964,-0.041592,-0.255684,-0.965889,0.548891,-0.813603,0.19168,-0.834807,-0.521885,0.175386,0.000955,-0.003629,0.012771,0.088471,0.313073,0.391725,0.495551,-0.158502,0.044667,0.332843,-0.331302,0.858192,0.392093,-0.64294,-0.509374,0.571927,0.690954,-0.063687,0.719993,-9e-06,0.000176,0.000127,0.0,-0.0,-0.0,-1.404712,0.040418,0.043402,-0.010326,0.166892,-0.907805,0.384755,0.762085,0.366366,0.533854,-0.625597,0.20412,0.752969,-1e-06,-9e-06,-5e-06,2.2e-05,7.6e-05,1.5e-05,-0.815434,0.067525,0.043514,-0.04884,-0.09739,-0.211799,-0.972448,0.65196,-0.751834,0.098456,-0.751972,-0.624409,0.211305,0.00051,-0.001666,0.006476,0.117267,0.421383,0.464709,0.476789
248,0.104095,0.037541,0.382169,-0.046663,-0.265833,-0.962913,0.549392,-0.811881,0.197459,-0.834203,-0.519479,0.185132,0.001026,-0.003357,0.012922,0.00652,0.319473,-0.103851,0.495462,-0.158519,0.044662,0.332865,-0.331545,0.859307,0.389437,-0.643226,-0.507747,0.573051,0.690571,-0.061581,0.720543,0.001082,-0.011139,0.007752,-0.036542,0.010751,-0.0179,-1.404647,0.040409,0.043402,-0.010319,0.166759,-0.908961,0.382073,0.762107,0.364688,0.534971,-0.625606,0.201969,0.753541,-1.4e-05,0.000254,0.000183,0.000377,0.001483,-0.001165,-0.815271,0.067542,0.043512,-0.048741,-0.102238,-0.222669,-0.969517,0.65297,-0.750283,0.10346,-0.75045,-0.622489,0.222104,0.000921,0.003552,0.002012,0.002862,0.554662,-0.500762,0.479565
249,0.104423,0.03751,0.382545,-0.071757,-0.285662,-0.955664,0.542462,-0.815195,0.202887,-0.83692,-0.503506,0.214648,0.013147,-0.005454,0.011479,0.085572,0.861661,0.015872,0.484958,-0.158541,0.044704,0.332897,-0.333735,0.859958,0.386115,-0.644623,-0.506944,0.572191,0.688212,-0.059016,0.723011,-6.1e-05,0.001203,0.000866,0.004383,-0.003471,-0.002807,-1.40472,0.040399,0.043416,-0.010302,0.168715,-0.91004,0.378632,0.763355,0.363653,0.533895,-0.623556,0.198955,0.756038,-3.8e-05,0.000744,0.000536,-0.016201,0.006159,0.000572,-0.816577,0.067702,0.0435,-0.04855,-0.122503,-0.245036,-0.961742,0.646706,-0.754775,0.109929,-0.752836,-0.608499,0.250928,0.006998,0.002407,0.00124,-0.034798,1.830467,-1.637037,0.47434
250,0.104944,0.03751,0.382746,-0.102313,-0.29852,-0.948928,0.530655,-0.823221,0.201703,-0.841262,-0.482552,0.243821,0.013757,0.004262,0.002137,0.211644,0.718333,0.592673,0.48146,-0.158549,0.044722,0.332982,-0.335942,0.860536,0.3829,-0.645861,-0.506253,0.571407,0.685976,-0.05642,0.72534,-9.7e-05,0.001893,0.001361,0.055483,-0.063167,-0.022994,-1.404875,0.040395,0.043425,-0.01026,0.170476,-0.911099,0.375279,0.764419,0.362606,0.533084,-0.621772,0.195992,0.758278,-6.2e-05,0.001178,0.000846,0.043059,-0.104187,0.006716,-0.816251,0.067962,0.043497,-0.048447,-0.150102,-0.262311,-0.953237,0.635802,-0.763957,0.110108,-0.757115,-0.589543,0.28145,0.006344,-0.003562,0.005264,0.019029,0.299113,0.146517,0.465196
251,0.105175,0.037496,0.382866,-0.112581,-0.303655,-0.946131,0.526461,-0.825758,0.202321,-0.842571,-0.474954,0.254007,0.001682,0.006541,0.003672,0.101585,0.370859,0.229236,0.481422,-0.158529,0.044737,0.33305,-0.335921,0.8606,0.382774,-0.645816,-0.506158,0.571541,0.686027,-0.056288,0.725301,-0.000145,0.002836,0.002039,0.000734,-0.000581,-0.000469,-1.40483,0.040405,0.043434,-0.010231,0.170537,-0.911112,0.37522,0.764275,0.362661,0.533253,-0.621932,0.195832,0.758188,-6.1e-05,0.001163,0.000837,-0.010166,0.005368,0.001357,-0.816904,0.068077,0.043491,-0.048391,-0.16107,-0.268872,-0.949612,0.63219,-0.766975,0.109931,-0.757886,-0.582629,0.293514,0.0067,0.001481,0.000698,0.16341,0.574673,0.358883,0.464379
252,0.105694,0.037386,0.38307,-0.125529,-0.315209,-0.940708,0.522612,-0.826967,0.207303,-0.843121,-0.465218,0.269714,0.013187,0.002121,0.000926,0.016558,0.235877,-0.146086,0.471853,-0.158554,0.044755,0.333183,-0.338134,0.861161,0.379552,-0.646972,-0.505488,0.570826,0.68385,-0.053624,0.727555,-0.000186,0.003635,0.00261,0.002107,-0.016619,0.023454,-1.404554,0.040392,0.04344,-0.01016,0.17241,-0.91213,0.371876,0.765173,0.361764,0.532575,-0.62031,0.192728,0.760309,-9.3e-05,0.001823,0.00131,-0.001745,-0.010327,0.021965,-0.815924,0.068343,0.043439,-0.048282,-0.173099,-0.282153,-0.943623,0.629047,-0.768886,0.114512,-0.757849,-0.573762,0.310581,0.006585,0.00105,0.00045,-0.000257,0.168945,-0.17699,0.46095
253,0.1065,0.037381,0.382983,-0.15175,-0.313021,-0.937569,0.484736,-0.8502,0.205338,-0.861207,-0.422932,0.28192,0.02503,0.006382,-0.011734,-0.376979,0.25398,0.320812,0.434529,-0.158591,0.044826,0.333379,-0.340324,0.861777,0.376178,-0.648136,-0.504717,0.570187,0.681659,-0.050847,0.729807,-0.000288,0.005638,0.004042,0.071446,-0.071498,-0.020853,-1.404686,0.040374,0.043472,-0.010065,0.174137,-0.9132,0.368429,0.766233,0.360664,0.531796,-0.618516,0.189698,0.762529,-0.000135,0.002603,0.001868,0.074626,-0.060975,-0.053132,-0.813801,0.068732,0.043435,-0.048315,-0.197879,-0.283175,-0.938432,0.59523,-0.795356,0.114491,-0.778809,-0.535928,0.325938,0.012041,-0.002116,-0.001653,-5.107986,1.375966,1.770297,0.425679
254,0.107003,0.037593,0.382436,-0.18679,-0.303661,-0.934315,0.437316,-0.877304,0.197646,-0.879464,-0.371303,0.297833,-4.5e-05,0.014505,-0.021419,-5.032734,1.317797,1.784949,0.400466,-0.158634,0.044993,0.33362,-0.342271,0.861349,0.375393,-0.649035,-0.505515,0.568455,0.679828,-0.050158,0.73156,0.000755,-0.004759,0.01232,-0.012281,-0.02339,-0.008592,-1.404704,0.040352,0.043561,-0.009947,0.176286,-0.913158,0.36751,0.767256,0.361361,0.529845,-0.616637,0.188569,0.764329,-0.000173,0.003315,0.002371,-0.004784,-0.007401,-0.010593,-0.814291,0.068999,0.043546,-0.048586,-0.232632,-0.278867,-0.931726,0.554097,-0.825327,0.108675,-0.799285,-0.490986,0.346517,0.005624,0.000872,-0.007021,0.083679,0.317114,-0.020751,0.381918
255,0.107155,0.037715,0.382102,-0.209656,-0.297307,-0.931503,0.413808,-0.890108,0.190901,-0.885634,-0.345078,0.310807,-0.00103,0.003236,-0.012962,0.148039,0.698984,0.149751,0.375607,-0.158674,0.045087,0.333773,-0.344226,0.860872,0.374697,-0.649949,-0.506384,0.566635,0.677967,-0.049563,0.733326,-0.012968,0.008062,0.006812,0.036594,-0.030285,-0.029086,-1.404667,0.040338,0.0436,-0.00987,0.17826,-0.913102,0.366697,0.768249,0.362008,0.527961,-0.61483,0.187601,0.766021,0.000315,-0.001226,0.006982,-0.025389,-0.025444,-0.015352,-0.814944,0.069074,0.043609,-0.048764,-0.256751,-0.27443,-0.926696,0.526774,-0.843633,0.103883,-0.8103,-0.461487,0.361166,-0.000551,0.001409,-0.006583,0.171791,0.761538,0.184565,0.352035
256,0.107312,0.037782,0.381736,-0.257463,-0.280659,-0.924656,0.364794,-0.914309,0.175887,-0.894466,-0.291683,0.338937,-0.000585,-0.002337,-0.001315,-1.37944,0.862015,0.867049,0.366747,-0.158755,0.045314,0.334129,-0.341105,0.862406,0.374024,-0.653674,-0.50344,0.564972,0.675956,-0.052856,0.734951,-0.000486,0.009582,0.00682,0.007131,-0.020563,0.020267,-1.404518,0.040292,0.043716,-0.009689,0.174888,-0.913935,0.366245,0.771097,0.358438,0.526242,-0.612227,0.190377,0.76742,-0.000252,0.004853,0.003456,-0.015878,-0.010476,0.025054,-0.813801,0.06915,0.043631,-0.048953,-0.305437,-0.264174,-0.914832,0.481203,-0.871861,0.091105,-0.821675,-0.412394,0.39342,0.005687,-0.002243,-0.001582,-4.933946,1.719545,2.09014,0.313009
257,0.107417,0.037666,0.381835,-0.288145,-0.282322,-0.915048,0.346,-0.921686,0.175358,-0.892537,-0.265734,0.364404,-0.000244,-0.008325,0.010103,0.015407,0.309678,-0.085533,0.382618,-0.158862,0.04555,0.334576,-0.345135,0.861144,0.373235,-0.655088,-0.505697,0.561306,0.672537,-0.051856,0.738152,0.000445,0.00138,0.016634,0.383622,-0.351635,-0.235888,-1.404446,0.040239,0.043829,-0.009476,0.176993,-0.91368,0.365869,0.771663,0.359566,0.524639,-0.610907,0.18947,0.768695,0.000223,0.000523,0.008201,-0.045232,-0.000765,0.008158,-0.815271,0.069202,0.043572,-0.048909,-0.336,-0.269279,-0.902547,0.461843,-0.88225,0.091288,-0.820855,-0.386163,0.420801,0.006016,-0.004882,0.004527,-0.000735,0.215203,-0.059223,0.319051
258,0.107563,0.037604,0.381952,-0.294025,-0.283762,-0.912729,0.346796,-0.921509,0.174717,-0.890301,-0.264815,0.370493,0.000248,-0.006357,0.01121,0.08475,0.55452,0.044856,0.387831,-0.15891,0.04567,0.334818,-0.34733,0.861669,0.369973,-0.656138,-0.505071,0.560642,0.670381,-0.049106,0.740298,-0.000626,0.012431,0.008791,0.193496,-0.168068,-0.098341,-1.404466,0.040215,0.043893,-0.009346,0.180248,-0.914579,0.362014,0.773421,0.359174,0.522315,-0.607725,0.185843,0.772095,-0.006029,0.000343,0.008586,0.252899,-0.197485,-0.183586,-0.814618,0.069275,0.043541,-0.048851,-0.338655,-0.271689,-0.900831,0.462422,-0.88186,0.092127,-0.819437,-0.385366,0.424281,0.006722,0.001638,0.000793,0.124893,0.520809,0.123092,0.326725
259,0.107901,0.037713,0.382151,-0.292047,-0.289515,-0.911556,0.347566,-0.920044,0.180799,-0.890654,-0.263672,0.370459,0.001687,0.006792,0.003808,-0.012994,0.048922,-0.16658,0.398968,-0.159047,0.045831,0.335342,-0.351309,0.860558,0.3688,-0.657448,-0.507086,0.557278,0.667019,-0.047769,0.743415,-0.000559,0.01117,0.007864,0.014493,-0.026359,0.015625,-1.404434,0.040146,0.043977,-0.009088,0.185118,-0.914219,0.360462,0.775246,0.361274,0.518144,-0.603923,0.183529,0.775624,-0.005984,-0.000444,0.008014,-0.06133,-0.000746,-0.001732,-0.811679,0.069439,0.043592,-0.048748,-0.337309,-0.277047,-0.899703,0.463639,-0.880658,0.097359,-0.819304,-0.384298,0.425504,0.000941,0.003799,0.002128,-0.005808,0.058934,-0.163027,0.341585
260,0.108151,0.038018,0.382117,-0.287055,-0.294955,-0.911398,0.348543,-0.918358,0.187372,-0.8919,-0.263516,0.367561,0.001758,0.01446,-0.006664,0.015648,0.011285,-0.161218,0.410484,-0.159167,0.04587,0.335778,-0.355306,0.859354,0.367775,-0.658674,-0.509234,0.553862,0.663688,-0.046531,0.746469,-0.00039,0.007843,0.005504,0.012049,-0.02441,0.017199,-1.404874,0.040086,0.044002,-0.00886,0.189201,-0.913862,0.359246,0.776631,0.363143,0.514752,-0.600871,0.18161,0.778441,-0.005867,-0.002671,0.00644,-0.058414,0.015825,-0.02352,-0.815761,0.06957,0.043749,-0.048756,-0.331612,-0.282041,-0.900269,0.465095,-0.879118,0.104098,-0.820803,-0.384192,0.422702,0.000715,0.006566,-0.003706,0.025402,0.04723,-0.176291,0.355628
261,0.108314,0.038221,0.381996,-0.287184,-0.296781,-0.910765,0.349491,-0.917709,0.188783,-0.891487,-0.263727,0.36841,0.000155,0.000628,0.000351,-0.004468,0.094673,-0.174859,0.41688,-0.159415,0.04578,0.336065,-0.357619,0.858059,0.368557,-0.658564,-0.511425,0.551971,0.662556,-0.046399,0.747482,-0.011454,-0.010704,0.009115,0.030873,-0.029314,-0.091331,-1.40444,0.039966,0.043968,-0.008715,0.191437,-0.913135,0.359908,0.776846,0.365082,0.513053,-0.599883,0.181376,0.779256,-0.005738,-0.005235,0.004644,0.0583,-0.051395,-0.109032,-0.811515,0.069653,0.043858,-0.048818,-0.331792,-0.283868,-0.899628,0.466205,-0.878395,0.105228,-0.820101,-0.384498,0.423786,6.2e-05,0.000242,0.000134,0.00175,0.00158,0.000342,0.366568
262,0.108353,0.038238,0.381982,-0.287194,-0.296917,-0.910717,0.349572,-0.917657,0.188884,-0.891452,-0.263753,0.368475,4.7e-05,0.000191,0.000107,-0.0,-0.0,-0.0,0.419116,-0.159548,0.045705,0.33614,-0.352736,0.859743,0.369337,-0.661093,-0.508201,0.551925,0.662649,-0.05056,0.74713,-4.4e-05,0.000903,0.000632,0.001193,-0.000951,-0.00076,-1.404371,0.039895,0.043924,-0.008676,0.186556,-0.913726,0.36097,0.778591,0.361583,0.512886,-0.599159,0.185366,0.778875,-0.006252,-0.000107,0.000446,-0.026811,0.133452,-0.189578,-0.811026,0.069672,0.043866,-0.048825,-0.331787,-0.284156,-0.899539,0.46635,-0.878293,0.105435,-0.82002,-0.384519,0.423923,4e-06,1.2e-05,5e-06,0.001018,0.00012,-0.000317,0.370487
263,0.108255,0.038167,0.382055,-0.28899,-0.295192,-0.91071,0.343892,-0.919787,0.188951,-0.893077,-0.258221,0.36846,-0.000813,-0.010646,0.008796,-0.034801,0.017204,-0.016267,0.425141,-0.159838,0.045558,0.336144,-0.342891,0.863152,0.370654,-0.666423,-0.501495,0.551648,0.662463,-0.058939,0.74668,0.00013,-0.002731,-0.001913,0.0,-0.0,-0.0,-1.404317,0.03975,0.04385,-0.008674,0.176185,-0.915043,0.362841,0.782367,0.353869,0.51252,-0.597376,0.193577,0.778246,7.2e-05,-0.001587,-0.001105,8.7e-05,0.000199,0.000714,-0.810372,0.069623,0.043828,-0.04879,-0.333758,-0.28266,-0.899282,0.460991,-0.881069,0.105844,-0.822248,-0.379235,0.424368,-0.000412,-0.005353,0.004383,-0.034007,0.017051,-0.016589,0.378489
264,0.107999,0.038059,0.382211,-0.289153,-0.295819,-0.910455,0.343601,-0.91975,0.189656,-0.893135,-0.257634,0.368729,-0.012069,0.00216,0.001478,-0.000984,0.014715,-0.029553,0.427123,-0.160131,0.0454,0.336059,-0.343288,0.86233,0.372197,-0.665822,-0.502821,0.551168,0.662863,-0.059688,0.746266,-0.012319,-0.004074,-0.001827,-0.002045,0.015205,-0.029245,-1.404603,0.039608,0.043768,-0.008719,0.176789,-0.914334,0.364332,0.78204,0.35525,0.512065,-0.597628,0.194395,0.77785,9.4e-05,-0.002014,-0.001407,0.000143,0.000245,0.000362,-0.810862,0.069499,0.043772,-0.048714,-0.333819,-0.283297,-0.899058,0.460779,-0.881095,0.10655,-0.822341,-0.378699,0.424664,-0.000409,-0.005323,0.004402,-0.03428,0.017146,-0.016527,0.383877
265,0.107903,0.038003,0.382281,-0.290952,-0.294187,-0.91041,0.337959,-0.921808,0.189806,-0.8947,-0.252098,0.368761,-0.0,-0.0,-0.0,-0.00033,6.9e-05,0.000134,0.426991,-0.160258,0.045304,0.336003,-0.343431,0.86205,0.372713,-0.665617,-0.503271,0.551004,0.662995,-0.059933,0.746129,-0.012266,-0.005322,-0.002705,-0.003984,0.031587,-0.052873,-1.404484,0.039545,0.043722,-0.008746,0.176998,-0.9141,0.364818,0.781931,0.35571,0.511911,-0.597708,0.194656,0.777723,8.7e-05,-0.001834,-0.001281,0.000128,0.000194,0.000298,-0.811189,0.069446,0.043745,-0.048678,-0.335787,-0.281916,-0.898759,0.455438,-0.883805,0.107069,-0.824513,-0.373377,0.425166,-2e-06,-7e-06,2e-06,-0.000303,-0.000621,0.000715,0.384857
266,0.107622,0.03806,0.382386,-0.291054,-0.294876,-0.910154,0.337989,-0.921661,0.190462,-0.894655,-0.251829,0.369054,-0.010962,0.013948,-0.006687,0.033807,-0.002524,-0.013302,0.430729,-0.160455,0.045097,0.335863,-0.345832,0.862111,0.370346,-0.666498,-0.503415,0.549806,0.660861,-0.057775,0.74819,0.000278,-0.006126,-0.004309,0.007883,0.008471,-0.029931,-1.404758,0.039441,0.043617,-0.008817,0.179335,-0.914644,0.362304,0.78289,0.355699,0.51045,-0.595752,0.192102,0.779855,0.000143,-0.003129,-0.002196,-0.01783,0.020873,-0.025588,-0.811025,0.06931,0.043768,-0.048623,-0.335783,-0.282616,-0.898541,0.455505,-0.88369,0.107724,-0.824478,-0.373119,0.425462,-0.005854,0.001808,0.001149,-0.000556,0.014642,-0.029748,0.388123
267,0.107309,0.038211,0.382467,-0.288386,-0.296102,-0.910606,0.337885,-0.921275,0.192506,-0.895562,-0.251803,0.366867,0.000661,0.002641,0.001475,-0.00421,-0.014156,-0.007533,0.433853,-0.160482,0.044864,0.335702,-0.345953,0.861823,0.370903,-0.666286,-0.503877,0.549641,0.661012,-0.058058,0.748034,0.000245,-0.00542,-0.00382,2e-06,-1e-06,-1e-06,-1.404655,0.039428,0.043502,-0.008896,0.179439,-0.914386,0.362903,0.782635,0.356192,0.510498,-0.596056,0.192417,0.779546,0.000133,-0.002887,-0.002032,-0.002466,0.016933,-0.023149,-0.810862,0.069149,0.043846,-0.048587,-0.332744,-0.283531,-0.899383,0.455543,-0.883397,0.109954,-0.825688,-0.373122,0.423105,-0.00564,0.002658,0.001624,0.005203,0.012642,0.001162,0.392695
268,0.107044,0.038369,0.382551,-0.288438,-0.296707,-0.910392,0.338057,-0.921101,0.193033,-0.89548,-0.251725,0.367121,-0.011484,0.004461,0.002759,-0.000985,0.014711,-0.029555,0.430873,-0.160472,0.044655,0.335566,-0.340978,0.863513,0.371578,-0.668991,-0.500474,0.549465,0.660858,-0.062309,0.747829,0.000209,-0.004643,-0.003278,0.00499,0.007379,0.010043,-1.404676,0.039433,0.043393,-0.008967,0.174251,-0.915006,0.363866,0.784568,0.35231,0.510225,-0.595053,0.196571,0.779275,0.000122,-0.002692,-0.001902,0.015165,0.040896,0.01048,-0.811025,0.069021,0.043926,-0.048544,-0.332988,-0.284109,-0.899111,0.45578,-0.883232,0.110292,-0.825459,-0.373071,0.423597,0.000348,0.001393,0.000782,0.000417,0.000753,0.000305,0.394164
269,0.106946,0.038426,0.382597,-0.288438,-0.296741,-0.910381,0.338041,-0.921099,0.193074,-0.895486,-0.251695,0.367127,-0.011567,0.004121,0.002568,-0.000984,0.014714,-0.029553,0.427485,-0.16044,0.044578,0.335509,-0.340998,0.863442,0.371724,-0.668939,-0.500586,0.549425,0.6609,-0.06239,0.747784,0.000187,-0.004131,-0.002919,-0.001938,0.016382,-0.023628,-1.404329,0.039449,0.043354,-0.008996,0.174271,-0.914954,0.363988,0.78455,0.352398,0.510192,-0.595071,0.196655,0.77924,6.9e-05,-0.001513,-0.001069,7.3e-05,-2.4e-05,0.000123,-0.810536,0.068968,0.043957,-0.04852,-0.332988,-0.284167,-0.899092,0.455778,-0.883226,0.11035,-0.82546,-0.373041,0.423621,-0.005788,0.002054,0.001284,-0.000829,0.014803,-0.029565,0.391878
270,0.106782,0.038557,0.382686,-0.288476,-0.2971,-0.910252,0.338105,-0.921006,0.1934,-0.895449,-0.251608,0.367276,0.000575,0.002279,0.00127,-0.0,-0.0,-0.0,0.424363,-0.160296,0.044508,0.335448,-0.335839,0.865449,0.371754,-0.671893,-0.496606,0.549432,0.660537,-0.066344,0.747765,9.6e-05,-0.002111,-0.001493,0.0,-0.0,-0.0,-1.404434,0.039521,0.043318,-0.009027,0.16881,-0.915848,0.364313,0.786622,0.347899,0.510089,-0.593908,0.200469,0.779155,0.006304,-0.000691,-0.001009,8.6e-05,0.001138,0.005581,-0.811026,0.068886,0.044022,-0.048476,-0.332973,-0.284535,-0.898981,0.455864,-0.883141,0.110674,-0.825418,-0.372962,0.423772,-0.005678,0.002478,0.001519,-0.000904,0.014704,-0.029595,0.386163
271,0.106677,0.038671,0.382741,-0.288453,-0.29705,-0.910276,0.338115,-0.921013,0.193352,-0.895453,-0.251643,0.367242,0.000455,0.001802,0.001003,-0.0,-0.0,-0.0,0.424619,-0.160022,0.044492,0.335413,-0.330676,0.867314,0.372036,-0.674745,-0.492782,0.54938,0.660228,-0.07045,0.747662,0.012572,-0.000597,-0.001462,0.616923,0.912026,1.24521,-1.404417,0.039653,0.043311,-0.009043,0.165027,-0.916349,0.364787,0.788008,0.344926,0.509969,-0.593135,0.203297,0.779012,8.2e-05,0.00012,-5.8e-05,2.049869,3.033309,4.140464,-0.810699,0.068834,0.044079,-0.048448,-0.332957,-0.284483,-0.899003,0.455873,-0.883142,0.110626,-0.82542,-0.372998,0.423736,-0.005752,0.002174,0.001347,-0.000935,0.014694,-0.029588,0.384694
272,0.106674,0.038743,0.382759,-0.288442,-0.297066,-0.910274,0.338166,-0.920995,0.19335,-0.895437,-0.251691,0.367247,0.001407,0.012892,-0.007552,0.034767,-0.01733,0.016206,0.424908,-0.1599,0.044486,0.335399,-0.330696,0.867181,0.372329,-0.674651,-0.492991,0.549308,0.660314,-0.070625,0.747569,5.4e-05,-0.001143,-0.000809,0.0,0.0,0.0,-1.404438,0.039719,0.043308,-0.00905,0.163446,-0.916483,0.365162,0.788572,0.343785,0.509867,-0.592822,0.204621,0.778903,0.006284,-0.000255,-0.000704,0.002034,-0.015414,0.029162,-0.810862,0.068831,0.04411,-0.048436,-0.332949,-0.284513,-0.898997,0.455904,-0.883124,0.110642,-0.825405,-0.373019,0.423746,0.000347,0.001384,0.000772,4.4e-05,-8e-06,-1.9e-05,0.384694
273,0.106696,0.038816,0.382833,-0.288429,-0.296848,-0.910349,0.338041,-0.921076,0.193185,-0.895489,-0.251654,0.367147,0.000487,0.001931,0.001073,-0.0,-0.0,-0.0,0.424131,-0.159664,0.044461,0.33535,-0.325557,0.868957,0.372717,-0.677458,-0.489245,0.549202,0.659986,-0.074793,0.747454,0.012533,0.000318,-0.000817,0.002045,-0.015205,0.029246,-1.404513,0.039833,0.043294,-0.009076,0.158079,-0.917152,0.365845,0.79054,0.339554,0.509655,-0.591655,0.20865,0.778722,0.006268,0.00014,-0.000424,0.002069,-0.015688,0.029183,-0.812495,0.068843,0.044152,-0.048402,-0.332962,-0.284276,-0.899067,0.455793,-0.883204,0.110461,-0.825461,-0.37301,0.423645,-0.000129,-0.004165,0.005044,-0.034742,0.017322,-0.016224,0.384857
274,0.106701,0.03891,0.382886,-0.2884,-0.296653,-0.910422,0.337992,-0.921129,0.193016,-0.895517,-0.251688,0.367056,0.000602,0.002385,0.001324,-0.0,-0.0,-0.0,0.423316,-0.159372,0.044461,0.335325,-0.325422,0.869089,0.372528,-0.677551,-0.489019,0.549289,0.659957,-0.074746,0.747484,0.012547,5.9e-05,-0.001003,0.002045,-0.015205,0.029245,-1.404423,0.039979,0.043296,-0.009087,0.15792,-0.917252,0.365661,0.790586,0.339319,0.509739,-0.591636,0.208589,0.778753,0.006284,-0.000173,-0.000649,0.001981,-0.015317,0.029103,-0.813638,0.068845,0.044196,-0.048377,-0.332962,-0.284097,-0.899124,0.455743,-0.883249,0.110311,-0.82549,-0.37304,0.423563,0.000184,0.000735,0.000407,1.5e-05,-8e-06,-2e-05,0.38404
275,0.10666,0.039012,0.382944,-0.288384,-0.296574,-0.910452,0.337971,-0.92115,0.192949,-0.89553,-0.251702,0.367014,0.000487,0.00193,0.00107,-0.0,-0.0,-0.0,0.423099,-0.15909,0.044448,0.335269,-0.32541,0.86892,0.37293,-0.677469,-0.489274,0.549164,0.660048,-0.075034,0.747375,0.012587,-0.000714,-0.001552,-0.011417,0.097861,-0.133805,-1.404362,0.04012,0.04329,-0.009114,0.157922,-0.917144,0.365933,0.790575,0.339476,0.509653,-0.591651,0.208813,0.778682,5.2e-05,-0.001026,-0.000732,-4.1e-05,-7.9e-05,-9.4e-05,-0.814291,0.068825,0.044249,-0.048347,-0.332957,-0.283995,-0.899158,0.455714,-0.883274,0.110228,-0.825508,-0.373058,0.423513,-0.005665,0.002487,0.001516,-0.000971,0.014718,-0.029567,0.382734
276,0.106626,0.039057,0.382981,-0.288387,-0.296584,-0.910448,0.33795,-0.921154,0.192967,-0.895537,-0.251675,0.367015,0.00045,0.00178,0.000987,-0.0,-0.0,-0.0,0.424127,-0.158975,0.044414,0.335234,-0.325399,0.868869,0.373058,-0.677433,-0.489351,0.549139,0.66009,-0.075122,0.747329,0.012623,-0.001393,-0.002035,0.002045,-0.015205,0.029245,-1.404564,0.040177,0.043274,-0.009131,0.157977,-0.917032,0.366189,0.790529,0.339675,0.509592,-0.591698,0.20898,0.778601,6.9e-05,-0.001356,-0.000967,-0.015451,0.129392,-0.186774,-0.814618,0.068808,0.044273,-0.048328,-0.332958,-0.284006,-0.899154,0.455695,-0.883282,0.110248,-0.825518,-0.373033,0.423516,0.000264,0.001051,0.000583,1e-05,-1.2e-05,-3e-06,0.383061
277,0.106521,0.039123,0.383031,-0.288406,-0.296759,-0.910385,0.337969,-0.921113,0.193131,-0.895523,-0.25162,0.367086,-0.011861,0.002855,0.001858,-0.000984,0.014715,-0.029553,0.423958,-0.158747,0.044373,0.335186,-0.320102,0.870982,0.372716,-0.680459,-0.484994,0.549264,0.65956,-0.078889,0.747409,0.012567,-0.000187,-0.001182,0.002048,-0.0152,0.029253,-1.404482,0.040291,0.04325,-0.009157,0.152336,-0.918007,0.366136,0.7926,0.334779,0.509613,-0.590404,0.212567,0.778612,3.4e-05,-0.000652,-0.000465,7.2e-05,-0.000482,4e-06,-0.815271,0.068756,0.044307,-0.048302,-0.332952,-0.284185,-0.8991,0.455724,-0.883246,0.110412,-0.825504,-0.37298,0.423588,-0.005946,0.001369,0.000899,-0.000973,0.014722,-0.029554,0.383551
278,0.10639,0.039115,0.383052,-0.28846,-0.297153,-0.91024,0.33802,-0.921018,0.193494,-0.895487,-0.251502,0.367257,-0.01215,0.001717,0.001228,-0.000984,0.014715,-0.029553,0.424469,-0.158528,0.044322,0.335096,-0.314918,0.87276,0.37297,-0.683302,-0.481104,0.549155,0.659109,-0.083006,0.747361,0.000183,-0.003579,-0.002541,-0.001956,0.016385,-0.023625,-1.404404,0.040405,0.04323,-0.009199,0.146896,-0.918698,0.366626,0.794585,0.330344,0.509418,-0.589114,0.216484,0.77851,0.006325,-0.00086,-0.001138,0.001958,-0.015439,0.029046,-0.815761,0.068695,0.044306,-0.048295,-0.332944,-0.28455,-0.898987,0.455807,-0.883163,0.110731,-0.825462,-0.372898,0.423743,-0.000105,-0.000413,-0.000225,6e-06,1e-05,-1e-06,0.384204
279,0.106343,0.0391,0.383078,-0.288495,-0.297313,-0.910177,0.337989,-0.920995,0.193658,-0.895487,-0.251398,0.367326,-0.000842,-0.010628,0.008813,-0.034759,0.017359,-0.016192,0.423857,-0.158469,0.044263,0.335038,-0.314965,0.872609,0.373284,-0.683215,-0.481345,0.549051,0.659176,-0.083195,0.747281,0.000201,-0.003911,-0.002779,0.0,0.0,0.0,-1.404769,0.040434,0.0432,-0.009228,0.147,-0.918551,0.366953,0.79454,0.330619,0.50931,-0.589149,0.21669,0.778427,0.000122,-0.002366,-0.001683,-0.002047,0.016245,-0.023812,-0.815924,0.068667,0.044298,-0.048283,-0.332953,-0.284739,-0.898924,0.455795,-0.883146,0.110919,-0.825464,-0.372795,0.423829,-4e-06,-1.3e-05,-4e-06,0.0,1e-06,-7e-06,0.38404
280,0.10626,0.038978,0.383199,-0.288623,-0.297606,-0.91004,0.337663,-0.921032,0.194051,-0.895569,-0.250916,0.367457,-0.000834,-0.010594,0.008835,-0.034759,0.017356,-0.016194,0.42241,-0.158348,0.044097,0.334875,-0.315003,0.872436,0.373657,-0.683149,-0.481615,0.548897,0.659226,-0.083453,0.747207,-0.000801,0.005665,-0.011679,0.036537,-0.010643,0.017975,-1.404563,0.040495,0.043117,-0.009311,0.147099,-0.918387,0.367321,0.79452,0.330903,0.509156,-0.58915,0.216948,0.778353,-0.000389,0.002664,-0.005961,0.03647,-0.010721,0.017834,-0.81674,0.068625,0.044236,-0.048222,-0.333035,-0.285051,-0.898794,0.455511,-0.88324,0.111335,-0.825588,-0.372333,0.423994,-0.0,9e-06,8e-06,-3e-06,1e-06,-8e-06,0.382734
281,0.106185,0.038805,0.383381,-0.288823,-0.29809,-0.909818,0.337197,-0.921071,0.194675,-0.895679,-0.250198,0.367677,-0.000833,-0.010591,0.00884,-0.034761,0.017348,-0.016199,0.417696,-0.158256,0.043895,0.334618,-0.315061,0.872222,0.374108,-0.683159,-0.481939,0.5486,0.659189,-0.083826,0.747199,0.0004,-0.007722,-0.005513,-0.001959,0.016393,-0.023619,-1.40414,0.040541,0.043018,-0.009437,0.14722,-0.918197,0.367748,0.794583,0.331205,0.508861,-0.589035,0.217292,0.778344,0.006465,-0.003279,-0.002871,3.9e-05,0.001121,0.005537,-0.817394,0.068588,0.044147,-0.048128,-0.333164,-0.285581,-0.898578,0.455092,-0.88337,0.112014,-0.825767,-0.371618,0.424273,-0.000424,-0.00531,0.004414,-0.034764,0.017343,-0.016199,0.379468
282,0.106073,0.038656,0.383543,-0.289013,-0.298644,-0.909576,0.336818,-0.92107,0.195337,-0.89576,-0.249543,0.367925,0.000276,0.001086,0.000602,0.0,0.0,0.0,0.413485,-0.158204,0.043699,0.334308,-0.309951,0.873866,0.374538,-0.686105,-0.478185,0.548209,0.658544,-0.08815,0.74727,0.000413,-0.007955,-0.005696,-0.001947,0.016419,-0.023588,-1.404204,0.040567,0.042921,-0.009592,0.141898,-0.918753,0.368453,0.796674,0.326917,0.508364,-0.587515,0.221402,0.778336,0.00024,-0.004605,-0.003298,-0.001744,0.016024,-0.023322,-0.818047,0.068531,0.044069,-0.048048,-0.333268,-0.286164,-0.898355,0.454776,-0.883445,0.112703,-0.825899,-0.370991,0.424565,-0.000235,-0.004573,0.004823,-0.034764,0.017354,-0.0162,0.374406
283,0.106012,0.038571,0.38363,-0.289119,-0.298956,-0.90944,0.336615,-0.921065,0.195707,-0.895803,-0.249184,0.368065,-0.000834,-0.010586,0.008848,-0.034762,0.017343,-0.016202,0.410307,-0.15821,0.0436,0.334167,-0.31002,0.873697,0.374876,-0.686095,-0.478447,0.547993,0.658522,-0.088407,0.747259,-0.000725,0.004169,-0.012777,0.034578,0.005757,-0.00564,-1.404496,0.040564,0.042863,-0.009663,0.142028,-0.918596,0.368795,0.796689,0.327195,0.508162,-0.587463,0.221642,0.778306,0.000187,-0.00356,-0.002554,-7e-05,-0.000161,-0.000132,-0.81821,0.068501,0.044033,-0.048007,-0.33332,-0.286477,-0.898236,0.454625,-0.883477,0.113067,-0.825962,-0.370673,0.42472,-0.006439,-0.004192,0.005173,-0.035752,0.03205,-0.045761,0.370977
284,0.105891,0.038358,0.38389,-0.289353,-0.299348,-0.909236,0.335914,-0.92119,0.196325,-0.89599,-0.248253,0.368239,-0.000426,-0.00898,0.009743,-0.034764,0.017334,-0.016207,0.404566,-0.158195,0.043423,0.333921,-0.30503,0.876477,0.372472,-0.689206,-0.472966,0.548847,0.657596,-0.090394,0.747836,0.000334,-0.00645,-0.004637,-0.00196,0.016411,-0.023606,-1.404262,0.040572,0.042778,-0.009789,0.136445,-0.920303,0.366639,0.798665,0.321156,0.508912,-0.586102,0.223384,0.778834,0.000155,-0.002943,-0.002116,0.000506,0.001539,-0.001607,-0.818537,0.06844,0.043924,-0.047878,-0.333489,-0.286903,-0.898037,0.454,-0.883713,0.113732,-0.826237,-0.369781,0.424963,-0.006173,-0.003133,0.005764,-0.031145,-0.061914,0.129478,0.364445
285,0.105786,0.038173,0.384232,-0.289625,-0.299765,-0.909013,0.335078,-0.921347,0.197013,-0.896214,-0.247165,0.368424,2.8e-05,-0.0072,0.010733,-0.034767,0.017322,-0.016214,0.399487,-0.158151,0.043337,0.333618,-0.305091,0.87626,0.372932,-0.689407,-0.47327,0.548331,0.657356,-0.09091,0.747984,0.000325,-0.006261,-0.004512,0.0,-0.0,0.0,-1.404409,0.040594,0.042735,-0.00994,0.136589,-0.920085,0.367131,0.798894,0.321447,0.508369,-0.585756,0.223861,0.778957,0.000195,-0.003688,-0.002661,-0.002024,0.016352,-0.023762,-0.816414,0.068388,0.04383,-0.047708,-0.333692,-0.287358,-0.897816,0.453251,-0.884001,0.114476,-0.826566,-0.368737,0.425229,-0.00592,-0.002137,0.006318,-0.03508,0.018459,-0.020365,0.357424
286,0.105727,0.038094,0.38441,-0.289768,-0.300035,-0.908878,0.334676,-0.921408,0.197412,-0.896318,-0.24661,0.368544,-0.011041,0.006126,0.003665,-0.000309,0.001139,-0.00414,0.399096,-0.158136,0.043323,0.333452,-0.305097,0.876205,0.373058,-0.689596,-0.473327,0.548045,0.657156,-0.09115,0.748132,0.000307,-0.005911,-0.004265,0.0,0.0,0.0,-1.404116,0.040601,0.042727,-0.010024,0.136616,-0.920031,0.367255,0.799074,0.321466,0.508073,-0.585504,0.224053,0.779091,-0.000371,0.002343,-0.006214,0.034525,0.005685,-0.005754,-0.816414,0.068358,0.043788,-0.047615,-0.333797,-0.287665,-0.897679,0.452878,-0.884134,0.114924,-0.826728,-0.368178,0.425398,-0.005525,0.003072,0.00184,-0.000316,0.001145,-0.004162,0.355465
287,0.105638,0.037971,0.384709,-0.292697,-0.299704,-0.908048,0.334267,-0.921767,0.196427,-0.895516,-0.245671,0.371112,-0.011267,0.005239,0.003173,0.007227,0.041884,-0.015299,0.399849,-0.158129,0.043356,0.333131,-0.305092,0.87614,0.373215,-0.690055,-0.473358,0.547439,0.656676,-0.091618,0.748496,-0.00088,0.007155,-0.01065,0.03654,-0.010676,0.017949,-1.404099,0.040605,0.042737,-0.010183,0.136643,-0.91996,0.367425,0.799479,0.321425,0.507462,-0.584944,0.224408,0.779409,0.000137,-0.00252,-0.001823,-0.001994,0.016389,-0.023654,-0.816251,0.068318,0.043727,-0.047465,-0.336972,-0.287676,-0.896488,0.452462,-0.884498,0.113757,-0.825668,-0.367294,0.428213,2e-05,-0.003556,0.005394,-0.035294,0.006085,0.011194,0.354648
288,0.105578,0.037843,0.384949,-0.292896,-0.300049,-0.90787,0.333697,-0.92186,0.196958,-0.895663,-0.2449,0.371267,-0.000476,-0.009172,0.009652,-0.034771,0.017304,-0.016224,0.398329,-0.158058,0.043427,0.332854,-0.30504,0.876141,0.373254,-0.690524,-0.473281,0.546915,0.656206,-0.092008,0.74886,-0.000853,0.006631,-0.01103,0.034576,0.005784,-0.005624,-1.404223,0.040641,0.042776,-0.010319,0.136591,-0.919959,0.367448,0.799897,0.321238,0.506921,-0.584385,0.22468,0.779751,0.000115,-0.002102,-0.001524,-2.8e-05,-2.8e-05,-6e-05,-0.816087,0.068285,0.043671,-0.047346,-0.336807,-0.288077,-0.896421,0.451935,-0.884672,0.114499,-0.826023,-0.36656,0.428155,0.000195,0.000783,0.000434,-0.000344,-0.001059,-0.000554,0.353668
289,0.105526,0.037747,0.385129,-0.293047,-0.300331,-0.907728,0.333275,-0.921923,0.197376,-0.89577,-0.244317,0.371393,-0.000415,-0.00893,0.009789,-0.034774,0.017292,-0.016231,0.391986,-0.157872,0.043491,0.332574,-0.304904,0.876263,0.373078,-0.691057,-0.473,0.546484,0.655707,-0.092291,0.749261,0.012804,-0.003363,-0.003514,7.7e-05,0.001277,0.00569,-1.404629,0.040733,0.04281,-0.010464,0.136427,-0.920047,0.367286,0.800353,0.320854,0.506445,-0.5838,0.224866,0.780136,0.006402,-0.001598,-0.0017,7.4e-05,0.001243,0.005653,-0.815924,0.068258,0.04362,-0.047258,-0.336902,-0.288382,-0.896287,0.451561,-0.884803,0.114951,-0.826189,-0.366002,0.428314,0.000221,0.000878,0.000485,0.000714,-0.013539,0.025416,0.348443
290,0.105479,0.037699,0.385203,-0.293104,-0.300398,-0.907688,0.333081,-0.921965,0.197508,-0.895824,-0.244077,0.371421,-0.000678,-0.009958,0.009223,-0.034774,0.017291,-0.016231,0.390212,-0.157792,0.043529,0.332464,-0.304827,0.876359,0.372916,-0.691312,-0.472809,0.546327,0.655474,-0.092365,0.749456,-0.000932,0.00811,-0.009958,0.034574,0.005811,-0.005609,-1.404267,0.040773,0.042825,-0.010515,0.136325,-0.920127,0.367124,0.800539,0.320617,0.5063,-0.583567,0.224877,0.780306,6.5e-05,-0.001148,-0.000837,-1.1e-05,-3.3e-05,-1.9e-05,-0.816414,0.068235,0.043595,-0.047216,-0.336951,-0.288472,-0.89624,0.451368,-0.88488,0.115119,-0.826274,-0.365745,0.428369,-0.000353,-0.005025,0.004588,-0.034752,0.017294,-0.016247,0.345341
291,0.105338,0.037628,0.385322,-0.293242,-0.300906,-0.907475,0.332881,-0.921917,0.19807,-0.895853,-0.243632,0.371643,-0.012035,0.002248,0.00152,-0.000984,0.014715,-0.029553,0.389928,-0.157646,0.043551,0.332336,-0.299542,0.87823,0.372798,-0.694344,-0.468533,0.546166,0.654698,-0.096352,0.749633,6.7e-05,-0.001259,-0.000914,4.1e-05,5.9e-05,8.2e-05,-1.404069,0.040842,0.042838,-0.010584,0.130766,-0.920856,0.367319,0.802631,0.315818,0.506006,-0.581965,0.228653,0.780406,4.6e-05,-0.000818,-0.000594,0.000601,6.7e-05,0.000989,-0.816577,0.068169,0.043558,-0.047157,-0.337012,-0.28898,-0.896053,0.451209,-0.884889,0.115676,-0.826336,-0.365323,0.428609,-1.3e-05,-4.1e-05,-2.2e-05,1.1e-05,-1e-05,-1.7e-05,0.342728
292,0.105176,0.03757,0.385404,-0.293363,-0.301464,-0.907251,0.332787,-0.921828,0.198641,-0.895848,-0.24328,0.371885,-4e-06,-1.6e-05,-9e-06,0.0,0.0,0.0,0.387832,-0.15739,0.043538,0.332281,-0.299439,0.878289,0.372741,-0.694419,-0.468414,0.546172,0.654665,-0.096394,0.749656,0.012679,-0.000873,-0.001714,-0.011574,0.098643,-0.133247,-1.403858,0.040969,0.042835,-0.010609,0.130609,-0.920952,0.367135,0.802701,0.315573,0.506046,-0.581902,0.228606,0.780466,0.006347,-0.000544,-0.000938,3.6e-05,0.001215,0.005599,-0.816414,0.068083,0.043529,-0.047116,-0.337048,-0.289581,-0.895846,0.451164,-0.884833,0.116278,-0.826346,-0.364983,0.42888,-0.006025,0.001108,0.000753,-0.000979,0.014715,-0.029573,0.340932
293,0.105095,0.037561,0.385445,-0.293413,-0.301709,-0.907153,0.332755,-0.921786,0.19889,-0.895843,-0.243136,0.371991,0.000171,0.000667,0.000368,0.0,0.0,0.0,0.386757,-0.157207,0.043492,0.332255,-0.299353,0.878369,0.372622,-0.694438,-0.468276,0.546266,0.654684,-0.096337,0.749647,0.012694,-0.001094,-0.001877,0.002045,-0.015205,0.029245,-1.404166,0.041061,0.042812,-0.010622,0.130553,-0.920954,0.367149,0.802674,0.31555,0.506104,-0.581953,0.228628,0.780422,0.006363,-0.000789,-0.001119,0.002011,-0.015273,0.02917,-0.816741,0.068042,0.043523,-0.047097,-0.337062,-0.289836,-0.895758,0.451151,-0.884807,0.116531,-0.826348,-0.364844,0.428994,0.000112,0.000443,0.000247,2e-06,-2e-06,-1.2e-05,0.338972
294,0.104936,0.037543,0.385494,-0.293496,-0.302194,-0.906964,0.332761,-0.921682,0.199358,-0.895813,-0.242923,0.372201,-0.000172,-0.000667,-0.000368,0.0,0.0,0.0,0.378862,-0.156767,0.043297,0.332135,-0.299219,0.878403,0.372648,-0.694377,-0.468206,0.546405,0.65481,-0.096365,0.749533,0.012891,-0.004398,-0.00429,6.5e-05,0.001287,0.005697,-1.404528,0.04128,0.042719,-0.010678,0.130413,-0.920968,0.367164,0.802608,0.315481,0.506251,-0.582075,0.228668,0.780319,0.006433,-0.001953,-0.001972,0.002021,-0.015234,0.029183,-0.816741,0.067963,0.043517,-0.047071,-0.337072,-0.290336,-0.895593,0.451186,-0.884726,0.117002,-0.826325,-0.364641,0.429212,-0.000118,-0.000452,-0.000245,9e-06,1e-05,4e-06,0.333094
295,0.104857,0.037566,0.385508,-0.293497,-0.302244,-0.906947,0.332773,-0.921669,0.199403,-0.895809,-0.242915,0.372218,-0.011833,0.003041,0.001957,-0.000984,0.014715,-0.029553,0.358887,-0.156224,0.043117,0.332018,-0.29891,0.878767,0.372038,-0.694534,-0.467582,0.546739,0.654785,-0.096069,0.749594,0.025442,-0.002341,-0.00389,0.004089,-0.030411,0.058491,-1.404071,0.041548,0.042624,-0.01074,0.130025,-0.921243,0.366612,0.802643,0.314878,0.506572,-0.582114,0.228392,0.780371,0.006447,-0.002051,-0.002052,5.9e-05,0.001257,0.00566,-0.816741,0.067923,0.043525,-0.047065,-0.337066,-0.290386,-0.895578,0.4512,-0.884713,0.117046,-0.826319,-0.364634,0.429229,-0.005904,0.001577,0.001013,-0.000984,0.014715,-0.029563,0.313662
296,0.104842,0.037576,0.385526,-0.293505,-0.302264,-0.906938,0.332755,-0.921669,0.199429,-0.895813,-0.242886,0.372226,0.0002,0.000774,0.000426,0.0,0.0,0.0,0.348503,-0.155916,0.043049,0.331942,-0.298744,0.878942,0.371758,-0.694652,-0.467272,0.546854,0.654735,-0.095974,0.749649,0.025453,-0.002324,-0.003886,0.004089,-0.030411,0.058491,-1.40397,0.041702,0.04259,-0.010778,0.129813,-0.92138,0.366342,0.8027,0.314551,0.506684,-0.582082,0.228289,0.780425,0.006451,-0.002039,-0.002048,3.8e-05,0.001268,0.005663,-0.817557,0.067916,0.04353,-0.047056,-0.33707,-0.290408,-0.89557,0.451185,-0.884717,0.117074,-0.826326,-0.364606,0.429239,-0.000291,-0.004774,0.004728,-0.034764,0.017324,-0.016211,0.300272
297,0.104812,0.037581,0.385584,-0.293539,-0.302329,-0.906906,0.332653,-0.921685,0.199527,-0.895839,-0.242748,0.372253,0.000408,0.00158,0.00087,0.0,0.0,0.0,0.310988,-0.155195,0.04291,0.331765,-0.296292,0.879926,0.371394,-0.694065,-0.465383,0.549205,0.656467,-0.09615,0.748111,0.025508,-0.002798,-0.00425,0.001822,-0.028581,0.059966,-1.404709,0.042062,0.042521,-0.010866,0.1271,-0.921834,0.36615,0.801778,0.312806,0.509217,-0.583948,0.22885,0.778865,0.006481,-0.002349,-0.002281,0.014324,-0.004217,0.004014,-0.813475,0.0679,0.043532,-0.047028,-0.337094,-0.290477,-0.895538,0.451095,-0.884749,0.117179,-0.826365,-0.364473,0.429276,0.000235,0.00091,0.000503,0.000703,-0.013473,0.025464,0.264348
