frame,MLTx,MLTy,MLTz,MLTR1,MLTR2,MLTR3,MLTR4,MLTR5,MLTR6,MLTR7,MLTR8,MLTR9,MLTTVx,MLTTVy,MLTTVz,MLTRVx,MLTRVy,MLTRVz,MLGA,MRTx,MRTy,MRTz,MRTR1,MRTR2,MRTR3,MRTR4,MRTR5,MRTR6,MRTR7,MRTR8,MRTR9,MRTTVx,MRTTVy,MRTTVz,MRTRVx,MRTRVy,MRTRVz,MRGA,SLTx,SLTy,SLTz,SLTR1,SLTR2,SLTR3,SLTR4,SLTR5,SLTR6,SLTR7,SLTR8,SLTR9,SLTTVx,SLTTVy,SLTTVz,SLTRVx,SLTRVy,SLTRVz,SLGA,SRTx,SRTy,SRTz,SRTR1,SRTR2,SRTR3,SRTR4,SRTR5,SRTR6,SRTR7,SRTR8,SRTR9,SRTTVx,SRTTVy,SRTTVz,SRTRVx,SRTRVy,SRTRVz,SRGA
32,0.124817,-0.01291,0.354921,0.541525,-0.50031,-0.675638,0.784875,0.588812,0.192985,0.300605,-0.634173,0.712382,0.01622,-0.007082,0.029743,1.130902,-0.174812,-1.057243,-1.475521,-0.229,-0.014509,0.322151,0.446387,0.266315,0.854286,-0.721419,0.671849,0.167652,-0.529839,-0.691464,0.490929,-0.027613,0.008839,0.009846,-0.004651,0.011668,-0.028804,-0.048173,0.01537,0.040448,-0.033277,-0.421024,-0.339732,0.841023,0.807139,-0.563362,0.176491,0.413841,0.75313,0.5114,-0.013824,0.004363,0.004877,-0.004722,0.011047,-0.027998,-0.203721,0.076774,0.046054,-0.048732,-0.506515,0.4555,-0.732093,-0.77112,-0.619185,0.148267,-0.385766,0.639631,0.664872,0.015183,-0.004419,0.014199,3.763304,-0.785359,-3.963555,-1.131852
33,0.125649,-0.013192,0.356182,0.552528,-0.495751,-0.670066,0.775542,0.60031,0.195281,0.304756,-0.626944,0.717002,0.01637,-0.014607,0.041137,-0.037267,0.136909,0.095093,-1.501354,-0.230122,-0.014216,0.32266,0.459695,0.267781,0.846738,-0.719683,0.670864,0.178692,-0.520749,-0.691855,0.500019,-0.041419,0.001573,0.022348,-0.049512,-0.039825,-0.04949,-0.080648,0.014814,0.040596,-0.033029,-0.433797,-0.343247,0.833067,0.805027,-0.562904,0.187264,0.40466,0.751877,0.520509,-0.013502,0.005945,0.006444,-0.080296,-0.176496,0.167482,-0.227562,0.077189,0.045913,-0.048109,-0.518534,0.449627,-0.727294,-0.760332,-0.631587,0.15163,-0.391172,0.631611,0.669366,0.008392,-0.001869,0.016213,0.016744,0.153577,0.130564,-1.134629
34,0.126073,-0.013544,0.357644,0.556375,-0.494579,-0.667745,0.77112,0.606686,0.193075,0.308935,-0.621716,0.71976,0.002298,-0.01348,0.041927,-0.07706,-0.02913,0.197085,-1.504426,-0.231605,-0.013925,0.323468,0.47014,0.269287,0.840502,-0.718091,0.670292,0.187051,-0.513578,-0.691828,0.50742,-0.04068,0.005064,0.025729,0.000429,-0.15197,0.065856,-0.127975,0.014072,0.040739,-0.032628,-0.443674,-0.346029,0.82669,0.803238,-0.562631,0.195586,0.397443,0.750806,0.527568,-0.020386,0.002376,0.012735,-0.00787,-0.035325,-0.142633,-0.266752,0.077408,0.045735,-0.04736,-0.52249,0.448691,-0.725037,-0.755511,-0.63779,0.149752,-0.395229,0.626018,0.67223,0.001125,-0.00675,0.020947,-0.099994,-0.06914,0.181024,-1.124994
35,0.126234,-0.013766,0.358403,0.555636,-0.497209,-0.666406,0.772377,0.605343,0.192265,0.307124,-0.620925,0.721217,0.016245,-0.015075,0.040636,-0.085492,0.039529,0.046229,-1.504618,-0.23244,-0.013806,0.323977,0.47623,0.271151,0.836465,-0.717104,0.670189,0.19116,-0.50933,-0.691202,0.512529,-0.040533,0.005612,0.026205,0.025835,-0.211775,-0.005367,-0.152601,0.013655,0.040801,-0.032371,-0.449384,-0.348363,0.822615,0.802111,-0.562731,0.199876,0.393282,0.749651,0.532308,-0.027363,0.003985,0.014518,0.054076,-0.263093,-0.050049,-0.289612,0.077482,0.045629,-0.046996,-0.52199,0.45136,-0.72374,-0.756722,-0.636583,0.148774,-0.39357,0.625329,0.673844,0.001306,-0.001518,0.016415,-0.069884,0.008671,0.021862,-1.124341
36,0.126436,-0.014332,0.359937,0.563265,-0.490278,-0.665136,0.763755,0.616088,0.192576,0.314673,-0.61586,0.722305,0.001979,-0.015102,0.04051,-0.103881,0.018617,-0.00087,-1.52045,-0.234074,-0.01365,0.325155,0.488312,0.277166,0.82748,-0.714959,0.67067,0.197408,-0.50084,-0.688351,0.52459,-0.03999,-0.003153,0.036636,0.026787,-0.305622,-0.054648,-0.209219,0.012823,0.040881,-0.031772,-0.460339,-0.356018,0.813227,0.799896,-0.563663,0.20603,0.385036,0.745341,0.544254,-0.019997,-0.001475,0.018447,0.040712,-0.325253,-0.071709,-0.340396,0.077589,0.045348,-0.046227,-0.52935,0.443858,-0.723033,-0.747661,-0.646849,0.150291,-0.400986,0.620141,0.674266,0.000917,-0.007803,0.020044,-0.10496,-0.083304,0.172207,-1.128424
37,0.12654,-0.014853,0.361518,0.570965,-0.485371,-0.662163,0.755126,0.626974,0.191468,0.321522,-0.608731,0.725325,0.002311,-0.013319,0.041915,-0.087668,-0.048865,0.18727,-1.605235,-0.235693,-0.013777,0.326465,0.497633,0.285867,0.818922,-0.710732,0.67549,0.196231,-0.497679,-0.680037,0.538264,-0.040403,-0.005345,0.034336,0.554567,-0.528285,0.016138,-0.3,0.01203,0.040825,-0.031125,-0.467995,-0.364319,0.80514,0.796526,-0.568522,0.205736,0.382787,0.737599,0.556256,-0.020319,-0.003063,0.016833,1.309673,0.252101,0.940042,-0.416816,0.07764,0.045083,-0.04544,-0.537207,0.438781,-0.720332,-0.738375,-0.657454,0.150183,-0.407688,0.612555,0.677174,0.001137,-0.006623,0.020984,-0.111153,0.010262,-0.001311,-1.129076
38,0.126596,-0.015184,0.363264,0.584734,-0.473276,-0.658895,0.738466,0.646731,0.19073,0.335139,-0.597507,0.728488,-0.01021,-0.004254,0.049132,-0.08658,0.050317,0.007005,-1.71509,-0.237184,-0.014091,0.32787,0.517022,0.29257,0.804415,-0.700618,0.684442,0.201516,-0.492244,-0.668137,0.557811,-0.040126,-0.004138,0.035406,0.094412,-0.659817,0.043641,-0.349645,0.011269,0.040662,-0.030412,-0.486137,-0.374744,0.789453,0.787517,-0.579451,0.209887,0.378795,0.723742,0.57681,-0.020081,-0.002041,0.017749,0.134685,-0.723575,0.004794,-0.48752,0.077671,0.044905,-0.044577,-0.550544,0.426178,-0.717825,-0.720847,-0.676379,0.15129,-0.421046,0.600734,0.679586,0.001849,-0.002802,0.024033,-0.098663,0.001367,0.019052,-1.128097
39,0.126568,-0.015208,0.364283,0.592345,-0.470688,-0.653931,0.731441,0.654471,0.191398,0.337159,-0.591097,0.732772,0.004845,0.000199,0.052643,0.049823,0.216924,-0.03744,-1.795826,-0.237805,-0.014223,0.328578,0.532118,0.29179,0.794796,-0.689988,0.693384,0.207534,-0.491188,-0.659193,0.569265,-0.025703,-0.005126,0.03401,0.113021,-0.640088,0.348972,-0.353637,0.010968,0.040599,-0.030071,-0.500498,-0.376405,0.779627,0.778436,-0.589756,0.214998,0.378864,0.714497,0.588179,-0.020067,-0.002016,0.017744,0.192367,-1.022888,0.915242,-0.504339,0.077651,0.044887,-0.044073,-0.558348,0.422973,-0.71368,-0.71358,-0.683639,0.1531,-0.423143,0.594752,0.683534,-0.004405,0.001741,0.02763,0.207203,0.321528,-0.394226,-1.128423
40,0.126408,-0.014894,0.366822,0.597719,-0.470859,-0.648899,0.726333,0.660662,0.189571,0.338704,-0.584039,0.737703,0.007398,0.005298,0.073716,-0.087344,0.097357,0.106978,-1.891756,-0.238869,-0.014381,0.329917,0.54443,0.298162,0.78402,-0.683041,0.700018,0.20824,-0.4874,-0.649259,0.583752,-0.025761,-0.005526,0.033523,0.073762,-0.398004,-0.103562,-0.349025,0.010436,0.040523,-0.029398,-0.511821,-0.383821,0.768583,0.772329,-0.597371,0.215996,0.376225,0.704151,0.602183,-0.012805,-0.002303,0.017225,0.161071,-0.655231,0.01545,-0.514463,0.077569,0.045035,-0.042817,-0.564233,0.423383,-0.708793,-0.707977,-0.689781,0.151557,-0.424746,0.587323,0.688943,-0.002964,0.009305,0.033443,-0.062833,0.071071,0.118501,-1.133975
41,0.126656,-0.014314,0.369626,0.598208,-0.471044,-0.648313,0.725994,0.661055,0.189502,0.338569,-0.583445,0.738235,0.008551,0.011731,0.078088,0.938746,-0.332362,-1.13927,-1.893138,-0.239692,-0.014464,0.330991,0.547989,0.29858,0.781376,-0.680765,0.701896,0.209366,-0.486599,-0.647034,0.586883,-0.026343,-0.008286,0.030775,-0.061814,-0.054236,0.103759,-0.329912,0.010016,0.040482,-0.028845,-0.515092,-0.38553,0.765536,0.770569,-0.59942,0.216605,0.37537,0.701471,0.605834,-0.013217,-0.004255,0.015294,-0.074528,-0.040673,0.118653,-0.503359,0.077694,0.045331,-0.04141,-0.563916,0.424439,-0.708412,-0.708911,-0.688807,0.15162,-0.423606,0.587703,0.689319,0.011479,0.010398,0.034014,3.465093,-1.103525,-3.957146,-1.129893
42,0.126907,-0.013981,0.371032,0.602201,-0.464876,-0.649069,0.720033,0.667419,0.18994,0.344159,-0.581152,0.737458,0.008944,0.022562,0.068879,0.975363,-0.3472,-1.120183,-1.893688,-0.239982,-0.01442,0.331371,0.548058,0.298086,0.781517,-0.680237,0.702441,0.209255,-0.487259,-0.64667,0.586735,-0.012182,0.000322,0.019685,-0.022856,-0.079757,0.146756,-0.322047,0.009875,0.040504,-0.028663,-0.515127,-0.384923,0.765817,0.77016,-0.599992,0.216475,0.376158,0.701315,0.605525,-0.006069,0.005668,0.005663,0.004977,0.013006,-0.013046,-0.497808,0.077824,0.045508,-0.040673,-0.568065,0.417237,-0.709376,-0.701912,-0.695652,0.152923,-0.429674,0.584791,0.688039,0.00449,0.01153,0.034636,0.976156,-0.357573,-1.141184,-1.129076
43,0.127347,-0.013261,0.373812,0.607365,-0.456014,-0.650541,0.711879,0.675873,0.190779,0.351936,-0.578409,0.735942,0.008472,0.011963,0.077162,0.941455,-0.321985,-1.161424,-1.893998,-0.240238,-0.014175,0.331857,0.547151,0.297942,0.782207,-0.680227,0.702738,0.20829,-0.488293,-0.646413,0.586159,0.00162,0.007326,0.007047,0.001589,-0.014426,0.024896,-0.297697,0.009742,0.040625,-0.028413,-0.514427,-0.384583,0.766459,0.770122,-0.600335,0.215658,0.377194,0.701208,0.605005,0.000758,0.003469,0.003342,0.000122,-0.00091,0.002283,-0.478703,0.078042,0.04587,-0.039306,-0.57219,0.408843,-0.710947,-0.694273,-0.702923,0.154542,-0.436558,0.582019,0.686054,0.004602,0.011725,0.034476,3.482509,-1.087792,-3.96937,-1.137731
44,0.127669,-0.012385,0.376476,0.609642,-0.450727,-0.652094,0.707571,0.680252,0.191236,0.356641,-0.577425,0.734448,0.009226,0.033384,0.058488,-0.065166,-0.045346,0.120781,-1.894136,-0.240107,-0.013953,0.332026,0.546335,0.298223,0.78267,-0.680678,0.702502,0.207612,-0.488577,-0.646542,0.585782,0.000878,0.003981,0.003822,0.001589,-0.014428,0.024894,-0.27747,0.009808,0.040738,-0.028327,-0.51362,-0.384728,0.766927,0.770519,-0.600058,0.215007,0.377482,0.701365,0.604643,0.00744,0.000681,0.000477,0.00268,-0.015029,0.029791,-0.457801,0.078203,0.046301,-0.037967,-0.574899,0.402266,-0.712511,-0.68855,-0.708279,0.155688,-0.44203,0.580104,0.684169,0.004378,0.011392,0.033776,-0.100572,-0.030891,0.104315,-1.142466
45,0.128038,-0.011332,0.378863,0.606444,-0.452614,-0.653767,0.711064,0.676652,0.191055,0.355151,-0.580168,0.733007,0.008689,0.030827,0.055897,-0.065107,-0.044968,0.120954,-1.894061,-0.239653,-0.013987,0.331995,0.549649,0.289115,0.783766,-0.671981,0.710305,0.209384,-0.496845,-0.642122,0.583684,0.013993,-0.002683,-0.00294,0.000582,-0.000328,0.004789,-0.276667,0.01003,0.040725,-0.028338,-0.51827,-0.376106,0.768075,0.762953,-0.609105,0.21655,0.386393,0.698237,0.602631,0.007098,-0.000882,-0.001039,0.00734,-0.021781,0.027237,-0.448984,0.078392,0.046844,-0.036748,-0.57157,0.404331,-0.714019,-0.692277,-0.704772,0.155071,-0.440521,0.582933,0.682736,0.004278,0.015249,0.027824,-0.065545,-0.044838,0.121419,-1.142956
46,0.128181,-0.010807,0.379882,0.6076,-0.449887,-0.654576,0.708605,0.679302,0.190789,0.358071,-0.579197,0.732355,0.007581,0.024865,0.051298,-0.06705,-0.020713,0.068703,-1.894782,-0.239336,-0.01403,0.331931,0.549884,0.28637,0.784609,-0.671382,0.710263,0.211442,-0.497397,-0.643396,0.58181,0.013983,-0.002736,-0.002996,-0.010487,0.014907,0.047512,-0.276969,0.010188,0.040701,-0.028373,-0.518889,-0.373239,0.769055,0.76233,-0.609101,0.218742,0.386789,0.699777,0.600587,0.014061,-0.002383,-0.002669,0.007263,-0.021868,0.067356,-0.447841,0.078462,0.047106,-0.036251,-0.572577,0.401495,-0.714812,-0.689629,-0.707359,0.155096,-0.443359,0.58176,0.6819,0.003819,0.012784,0.025901,-0.066171,-0.032414,0.095719,-1.144753
47,0.128328,-0.009893,0.381598,0.604966,-0.451393,-0.655977,0.711272,0.676659,0.190255,0.357247,-0.581111,0.73124,0.005862,0.015521,0.044218,-0.067025,-0.020558,0.068774,-1.894018,-0.238643,-0.014155,0.331778,0.551506,0.277329,0.786715,-0.662708,0.718348,0.211491,-0.507153,-0.638345,0.578943,0.013975,-0.002793,-0.00306,0.309237,0.474385,-0.565383,-0.277435,0.010523,0.040636,-0.028451,-0.524121,-0.364603,0.769649,0.754208,-0.61846,0.220624,0.395558,0.69611,0.599135,0.006915,-0.001753,-0.001886,0.011081,-0.024209,0.027088,-0.447677,0.078534,0.047561,-0.035402,-0.569955,0.403074,-0.716017,-0.692332,-0.70489,0.15429,-0.442523,0.583661,0.680817,0.002744,0.006876,0.021485,-0.068331,-0.008491,0.042929,-1.152264
48,0.128406,-0.009375,0.382933,0.612668,-0.444349,-0.653635,0.703872,0.682891,0.195437,0.358763,-0.579257,0.731968,0.003908,0.004763,0.036423,-0.068004,-0.008477,0.042628,-1.895098,-0.237964,-0.014253,0.331664,0.547994,0.27504,0.789967,-0.662805,0.718793,0.209669,-0.510821,-0.638832,0.575169,0.01425,-0.00152,-0.001847,0.00253,-0.013408,0.028166,-0.27794,0.010872,0.040582,-0.028513,-0.51872,-0.361984,0.774529,0.755077,-0.618872,0.216456,0.400981,0.69711,0.594348,0.007136,-0.000724,-0.000901,0.005703,-0.024926,0.027099,-0.447351,0.078576,0.047836,-0.034716,-0.577434,0.395755,-0.714106,-0.685143,-0.710569,0.160219,-0.444014,0.58178,0.681456,0.001917,0.006545,0.012858,-0.03276,-0.010747,0.036241,-1.151611
49,0.128422,-0.009265,0.383531,0.616846,-0.442886,-0.650691,0.700289,0.686196,0.196731,0.358611,-0.57647,0.734239,0.003231,0.001025,0.033749,1.070693,-0.185773,-1.14114,-1.894874,-0.237631,-0.014287,0.331636,0.544267,0.27551,0.792376,-0.66348,0.719295,0.205776,-0.513919,-0.638064,0.573258,0.014341,-0.001089,-0.001437,0.093426,0.131671,-0.149542,-0.278555,0.011039,0.040565,-0.028527,-0.515204,-0.362015,0.776858,0.755849,-0.619229,0.212712,0.404048,0.696778,0.592658,0.00719,-0.000467,-0.000657,0.338607,0.522807,-0.627082,-0.447351,0.078584,0.04789,-0.034418,-0.581024,0.395161,-0.711518,-0.682758,-0.712496,0.161835,-0.443003,0.579824,0.683776,0.001778,0.005141,0.011928,3.642045,-0.925488,-3.919504,-1.153244
50,0.128377,-0.00936,0.384741,0.61666,-0.443305,-0.650581,0.70149,0.684476,0.198432,0.35658,-0.578188,0.733878,0.002147,-0.004982,0.029504,-0.068982,0.003559,0.016461,-1.894801,-0.23704,-0.014345,0.331577,0.540894,0.275823,0.794573,-0.663906,0.719921,0.20218,-0.51692,-0.637222,0.571493,0.014149,-0.001993,-0.002314,0.002045,-0.015205,0.029245,-0.27809,0.011335,0.040539,-0.028554,-0.511713,-0.361897,0.779217,0.756488,-0.619723,0.208965,0.407275,0.696399,0.590892,-8.9e-05,-0.000431,-0.000424,-0.00175,-0.00237,0.002532,-0.447024,0.078561,0.047841,-0.033814,-0.581574,0.39465,-0.711351,-0.682973,-0.711932,0.1634,-0.441948,0.580863,0.683577,0.000924,-0.003211,0.014252,-0.071482,0.01322,-0.010258,-1.155856
51,0.128242,-0.009989,0.385988,0.616283,-0.448449,-0.647406,0.703889,0.68233,0.197327,0.352493,-0.57675,0.736977,0.000409,-0.023072,0.033447,-0.078527,0.090006,-0.001668,-1.894641,-0.236573,-0.014409,0.331502,0.5393,0.275929,0.795619,-0.664042,0.720277,0.200457,-0.518409,-0.636774,0.570644,-8.3e-05,-0.000395,-0.00038,-0.0,0.0,0.0,-0.277706,0.011574,0.040505,-0.028593,-0.51018,-0.361787,0.780273,0.7567,-0.620031,0.207279,0.408803,0.696183,0.590092,0.007095,-0.000915,-0.00109,0.001495,-0.015821,0.029767,-0.446045,0.078494,0.047534,-0.033191,-0.581716,0.40011,-0.708179,-0.68536,-0.709991,0.161838,-0.438048,0.579502,0.687233,-0.006642,-0.011362,0.016916,-0.082336,0.022316,0.120845,-1.156509
52,0.128123,-0.011051,0.38717,0.61836,-0.451198,-0.643503,0.699618,0.689024,0.189083,0.357312,-0.566563,0.742537,-0.000741,-0.02944,0.029082,0.022171,0.330731,0.069025,-1.894544,-0.236265,-0.014451,0.331453,0.539485,0.27583,0.795528,-0.663919,0.720346,0.200616,-0.518375,-0.636738,0.570715,0.000238,0.001142,0.001098,0.001601,-0.014428,0.024893,-0.278093,0.011727,0.040481,-0.028622,-0.510361,-0.361722,0.780184,0.756598,-0.620106,0.207427,0.408767,0.696149,0.590156,-8e-06,-4.7e-05,-5.1e-05,-0.000128,-3.9e-05,-0.000101,-0.446535,0.078435,0.046993,-0.03259,-0.584173,0.402452,-0.704822,-0.680092,-0.71667,0.154459,-0.442962,0.569575,0.692364,-0.000453,-0.015062,0.014305,0.038599,0.373733,0.079066,-1.155366
53,0.128095,-0.011661,0.387749,0.6142,-0.456448,-0.643784,0.701808,0.68897,0.180991,0.360177,-0.562407,0.74431,-0.00083,-0.029944,0.028755,0.166013,0.201845,0.224161,-1.894791,-0.236156,-0.014454,0.331446,0.539335,0.275874,0.795615,-0.664003,0.7203,0.200503,-0.518423,-0.636771,0.570635,0.000163,0.000785,0.000754,-0.0,0.0,0.0,-0.278353,0.011782,0.04048,-0.028624,-0.510225,-0.361743,0.780264,0.756669,-0.620052,0.20733,0.408804,0.696187,0.590086,0.007277,-3.4e-05,-0.000241,0.001934,-0.015221,0.029157,-0.446698,0.07842,0.046694,-0.032314,-0.580294,0.407707,-0.705005,-0.681591,-0.716934,0.146416,-0.445748,0.56549,0.693923,-0.000476,-0.015203,0.014215,0.602698,-0.025351,0.686011,-1.15553
54,0.128099,-0.012936,0.38897,0.611223,-0.467443,-0.638709,0.704324,0.689341,0.169433,0.360334,-0.552835,0.751372,-0.001036,-0.039574,0.038641,0.10072,0.596687,0.153055,-1.894414,-0.236056,-0.014444,0.331453,0.538703,0.276094,0.795966,-0.664374,0.720095,0.20001,-0.518604,-0.636908,0.570318,0.000124,0.000595,0.000572,-0.0,0.0,0.0,-0.278497,0.011832,0.040486,-0.028619,-0.509574,-0.361877,0.780627,0.757019,-0.619786,0.206848,0.408968,0.696354,0.589775,9.5e-05,0.000454,0.000433,-8.3e-05,-8e-06,-4.9e-05,-0.446861,0.078421,0.046066,-0.031721,-0.57765,0.417685,-0.701325,-0.683172,-0.71761,0.135314,-0.44676,0.557291,0.699879,-0.000419,-0.0149,0.014448,-0.064962,0.160696,-0.009899,-1.158959
55,0.128169,-0.014088,0.390079,0.610074,-0.477813,-0.632099,0.706081,0.689808,0.159957,0.358845,-0.543302,0.759,-0.000748,-0.029559,0.029103,0.009679,0.297311,0.051066,-1.894298,-0.236054,-0.014438,0.331459,0.5381,0.276314,0.796298,-0.664732,0.719897,0.199535,-0.518771,-0.637037,0.570021,1e-06,3e-06,3e-06,-0.0,0.0,0.0,-0.278591,0.011833,0.040491,-0.028615,-0.508951,-0.362014,0.78097,0.757356,-0.619529,0.206383,0.40912,0.696512,0.589483,-3e-06,-1.4e-05,-1.3e-05,-5.9e-05,-1.1e-05,-3.1e-05,-0.447024,0.078456,0.045463,-0.031143,-0.578192,0.430346,-0.693177,-0.684165,-0.718615,0.124536,-0.444535,0.546254,0.709926,-0.000396,-0.014797,0.014539,-0.013947,0.262593,0.035116,-1.154223
56,0.128157,-0.014635,0.390642,0.610575,-0.483728,-0.627097,0.706744,0.6901,0.155712,0.356683,-0.537666,0.764015,-0.000551,-0.028475,0.029871,0.018289,0.40956,-0.118441,-1.894211,-0.236077,-0.014443,0.331455,0.538041,0.276337,0.79633,-0.664768,0.719877,0.199487,-0.518787,-0.637049,0.569993,-7e-06,-3.5e-05,-3.4e-05,-0.0,0.0,0.0,-0.278225,0.011822,0.040489,-0.028617,-0.508889,-0.36203,0.781002,0.75739,-0.619502,0.206337,0.409133,0.696527,0.589456,-6e-06,-2.9e-05,-2.7e-05,-4.2e-05,-8e-06,-3.4e-05,-0.447024,0.078449,0.045198,-0.030873,-0.579158,0.436166,-0.688719,-0.684528,-0.718992,0.120295,-0.442715,0.541118,0.714978,-0.000265,-0.014079,0.015044,0.049009,0.390565,0.085356,-1.15504
57,0.128201,-0.01555,0.391843,0.614717,-0.496909,-0.612576,0.707727,0.690328,0.150134,0.347517,-0.525206,0.776799,0.000577,-0.022238,0.03421,0.01515,0.385903,-0.098389,-1.893713,-0.236099,-0.01444,0.331458,0.537875,0.2764,0.79642,-0.664866,0.719822,0.199356,-0.518831,-0.637085,0.569913,-0.0,-0.0,-0.0,-0.0,0.0,0.0,-0.277812,0.011811,0.04049,-0.028616,-0.508719,-0.362069,0.781095,0.757483,-0.619431,0.206209,0.409173,0.69657,0.589378,0.0,-0.0,0.0,-3.6e-05,2.9e-05,-4.1e-05,-0.446698,0.07847,0.044723,-0.030267,-0.585342,0.449916,-0.674499,-0.684999,-0.719485,0.11453,-0.433763,0.529071,0.729337,0.000312,-0.010887,0.017265,-0.01782,0.324247,-0.118822,-1.15455
58,0.128256,-0.016103,0.393146,0.618498,-0.509877,-0.597939,0.708736,0.69057,0.14415,0.338656,-0.5123,0.789232,0.002034,-0.005661,0.029112,0.093247,0.355004,0.156342,-1.893744,-0.236111,-0.014446,0.331453,0.537588,0.276505,0.796578,-0.665037,0.719727,0.19913,-0.51891,-0.637146,0.569772,-1e-05,-4.9e-05,-4.7e-05,-0.011054,0.099573,-0.171797,-0.277021,0.011805,0.040487,-0.028618,-0.50855,-0.362107,0.781187,0.757574,-0.619362,0.206083,0.409214,0.696612,0.5893,-6e-06,-3e-05,-2.8e-05,-3.7e-05,1.2e-05,-2.8e-05,-0.446534,0.078496,0.044446,-0.029628,-0.590773,0.462519,-0.661107,-0.685474,-0.719907,0.108892,-0.425571,0.517502,0.742347,0.00097,-0.002975,0.014457,0.125398,0.528979,-0.02034,-1.15455
59,0.128408,-0.016348,0.394449,0.619936,-0.517632,-0.589731,0.710178,0.689724,0.141062,0.332969,-0.505616,0.795934,0.016062,-0.004245,0.029883,0.171755,0.50728,0.250353,-1.893682,-0.236096,-0.014479,0.33142,0.53729,0.276611,0.796742,-0.665212,0.71963,0.198896,-0.518994,-0.63721,0.569624,-0.000182,-0.000874,-0.00084,0.0,0.0,0.0,-0.276695,0.011813,0.040472,-0.028633,-0.508115,-0.3622,0.781428,0.757808,-0.619184,0.205759,0.409322,0.696722,0.589094,0.007007,-0.001328,-0.001482,0.002013,-0.015216,0.029235,-0.445881,0.078567,0.044329,-0.028985,-0.592874,0.468815,-0.654761,-0.686666,-0.719069,0.106903,-0.420701,0.512982,0.748237,0.008125,-0.001495,0.01537,-0.088835,-0.049324,0.034073,-1.159122
60,0.128567,-0.016409,0.395023,0.619394,-0.518063,-0.589922,0.711044,0.68871,0.14166,0.332132,-0.506556,0.795687,0.016029,-0.004358,0.029779,-0.063847,-0.001954,0.049635,-1.894021,-0.236101,-0.014504,0.331396,0.536969,0.276728,0.796918,-0.665402,0.719524,0.198643,-0.519083,-0.637279,0.569466,-0.000242,-0.001161,-0.001116,-0.011054,0.099573,-0.171797,-0.276419,0.01181,0.040459,-0.028646,-0.507912,-0.362244,0.781539,0.757917,-0.6191,0.205608,0.409371,0.696773,0.588999,-0.000152,-0.00073,-0.000702,-2.6e-05,-1.5e-05,-5e-06,-0.445881,0.078648,0.0443,-0.028684,-0.592692,0.471128,-0.653264,-0.68774,-0.718171,0.106032,-0.419201,0.51212,0.749668,0.001237,-0.001473,0.015449,-0.082917,-0.009332,-0.017837,-1.162225
61,0.128872,-0.016469,0.396175,0.621082,-0.517463,-0.588673,0.709201,0.69075,0.140964,0.332915,-0.50439,0.796734,0.002639,-0.002167,0.031375,0.223983,-0.065988,-0.379597,-1.894068,-0.236129,-0.014585,0.331319,0.536589,0.276866,0.797125,-0.665626,0.719399,0.198344,-0.519187,-0.63736,0.56928,-0.014731,-0.000765,-0.000327,-0.002045,0.015205,-0.029245,-0.27662,0.011802,0.04042,-0.028683,-0.507414,-0.362351,0.781813,0.758185,-0.618896,0.205236,0.409493,0.696899,0.588766,-0.000305,-0.001472,-0.001416,-0.001621,0.014445,-0.024911,-0.445555,0.078805,0.044272,-0.028119,-0.593531,0.471421,-0.65229,-0.687007,-0.718947,0.105525,-0.419215,0.510761,0.750587,0.008106,-0.002161,0.014928,3.17105,-0.786755,-4.390744,-1.165001
62,0.129025,-0.016392,0.397198,0.625088,-0.517129,-0.584712,0.709472,0.688728,0.14925,0.324755,-0.507484,0.798136,0.003013,0.008488,0.022094,-1.810667,1.41046,-1.531831,-1.888548,-0.236196,-0.0147,0.331209,0.536164,0.277025,0.797356,-0.665879,0.719258,0.198008,-0.519302,-0.637451,0.569074,-0.000637,-0.003057,-0.002946,0.0,0.0,0.0,-0.27748,0.011763,0.040362,-0.028738,-0.506954,-0.362456,0.782062,0.758434,-0.618706,0.204891,0.409603,0.697013,0.588554,-0.000376,-0.001809,-0.001741,-0.001618,0.014423,-0.0249,-0.445881,0.078883,0.044308,-0.027585,-0.598158,0.469931,-0.649131,-0.686862,-0.717917,0.113198,-0.412827,0.513574,0.752206,0.001504,0.004311,0.011087,-1.807873,1.408333,-1.531648,-1.165654
63,0.129114,-0.01631,0.397732,0.626367,-0.519117,-0.581573,0.710028,0.68785,0.150644,0.32106,-0.506643,0.800163,0.002994,-9.9e-05,0.032666,-0.048841,0.048356,0.03362,-1.884181,-0.236243,-0.014774,0.331153,0.53589,0.277124,0.797506,-0.666054,0.719151,0.197808,-0.51936,-0.637529,0.568934,-0.00081,-0.003878,-0.00374,-0.001602,0.014428,-0.024894,-0.278151,0.01174,0.040326,-0.028765,-0.506691,-0.362513,0.782207,0.758586,-0.618579,0.204709,0.409648,0.697096,0.588425,-0.00033,-0.001591,-0.00153,-1.6e-05,6e-06,-1e-05,-0.446045,0.078926,0.044349,-0.02733,-0.600416,0.471987,-0.645545,-0.687447,-0.717051,0.11512,-0.408554,0.512898,0.754995,0.001599,0.004878,0.011448,-0.018358,0.013406,0.051895,-1.165164
64,0.129292,-0.016069,0.398823,0.627302,-0.523413,-0.576694,0.711491,0.686263,0.150978,0.315966,-0.504367,0.80362,0.003563,0.011694,0.024101,0.11021,0.307644,0.156412,-1.874542,-0.236415,-0.014899,0.331094,0.535241,0.27736,0.79786,-0.666492,0.718869,0.197357,-0.519467,-0.637744,0.568594,-0.000368,-0.001757,-0.001697,0.0,0.0,0.0,-0.281346,0.011652,0.040258,-0.0288,-0.506002,-0.362662,0.782583,0.758998,-0.618223,0.204258,0.409735,0.697335,0.588082,-0.007362,-0.000331,-0.000116,-0.002055,0.015197,-0.029256,-0.447188,0.079015,0.044464,-0.026782,-0.601725,0.475304,-0.641882,-0.688949,-0.715456,0.116063,-0.404073,0.512063,0.757968,0.001707,0.00126,0.017158,0.178625,0.509183,0.231956,-1.157326
65,0.129596,-0.01589,0.400015,0.628257,-0.529679,-0.569893,0.713344,0.684536,0.150074,0.309846,-0.500153,0.808622,0.016733,0.000426,0.032644,0.015153,0.1733,0.116286,-1.859775,-0.236663,-0.015032,0.331144,0.534982,0.280091,0.797079,-0.667219,0.718727,0.195409,-0.518799,-0.636714,0.570357,-0.014459,0.000634,0.001012,-0.001791,0.014596,-0.029615,-0.299498,0.011534,0.040191,-0.028775,-0.505354,-0.365406,0.781725,0.759736,-0.617966,0.20228,0.409166,0.696129,0.589904,-0.000102,-0.005916,0.0038,-0.04126,0.023294,-0.01188,-0.456495,0.079162,0.044561,-0.026187,-0.603715,0.482636,-0.634499,-0.690809,-0.713959,0.114214,-0.397883,0.507271,0.764437,0.001689,0.00121,0.017076,0.029841,0.22044,0.100691,-1.15553
66,0.129787,-0.015835,0.400696,0.629604,-0.533579,-0.564745,0.714242,0.683536,0.150362,0.305016,-0.497366,0.812169,0.003771,0.004537,0.035495,0.032427,0.21565,0.1277,-1.846079,-0.236739,-0.015107,0.331217,0.535096,0.282675,0.79609,-0.667696,0.718739,0.19373,-0.518067,-0.63556,0.572305,-3e-06,-1.2e-05,-1.2e-05,0.007707,-0.018503,-0.011211,-0.304543,0.011491,0.040154,-0.028739,-0.50506,-0.368159,0.780623,0.760252,-0.617927,0.200453,0.40857,0.694712,0.591984,-0.00715,-0.004727,0.005149,-0.046519,0.036454,-0.044591,-0.463517,0.079262,0.044583,-0.02585,-0.605664,0.486543,-0.629639,-0.691763,-0.712993,0.114469,-0.393235,0.504892,0.768407,0.008501,0.001143,0.016903,0.059374,0.260313,0.152721,-1.155366
67,0.130334,-0.015804,0.402183,0.630837,-0.541569,-0.555691,0.716421,0.681557,0.148972,0.297278,-0.49141,0.818639,0.004016,0.006129,0.036412,0.089448,0.343649,0.17494,-1.824615,-0.236898,-0.015413,0.331596,0.537152,0.284517,0.794046,-0.664634,0.722315,0.190938,-0.519878,-0.630665,0.576066,0.000379,-0.009068,0.01027,-0.021105,-0.020817,-0.037573,-0.306334,0.011416,0.040007,-0.028558,-0.506842,-0.37028,0.778461,0.757741,-0.621942,0.197521,0.41102,0.689985,0.595803,0.000272,-0.004119,0.005537,-0.033127,-0.018273,-0.00601,-0.470212,0.079537,0.044601,-0.025093,-0.607876,0.494408,-0.621326,-0.693947,-0.711089,0.113089,-0.385906,0.499912,0.775347,0.002,0.003136,0.018243,0.125066,0.410385,0.195228,-1.153244
68,0.130894,-0.015961,0.403943,0.629944,-0.548257,-0.550119,0.719332,0.678915,0.146997,0.292114,-0.487633,0.822746,0.017233,-0.004487,0.045376,-0.066915,0.08388,0.058112,-1.798037,-0.237148,-0.015851,0.332152,0.536999,0.287011,0.793252,-0.665995,0.721303,0.190017,-0.518289,-0.630697,0.57746,-0.013689,-0.017363,0.021686,-0.066813,0.017263,-0.044349,-0.305768,0.011291,0.039791,-0.028284,-0.506295,-0.372687,0.777668,0.758978,-0.620705,0.196661,0.40941,0.689802,0.597121,-0.006888,-0.00342,0.006411,-0.047401,0.039362,-0.042774,-0.472008,0.079811,0.044527,-0.024228,-0.60786,0.502006,-0.615219,-0.696834,-0.708715,0.110203,-0.380693,0.495694,0.780614,0.002027,-0.000867,0.02368,-0.088546,0.048487,0.045428,-1.152754
69,0.131745,-0.016173,0.405864,0.628561,-0.55707,-0.542797,0.722998,0.675732,0.143636,0.285995,-0.482029,0.82818,0.031051,-0.002632,0.046194,-0.006205,0.191408,0.162569,-1.742471,-0.237391,-0.016201,0.332606,0.538073,0.286542,0.792693,-0.663199,0.724268,0.18851,-0.520759,-0.627501,0.578718,-0.013938,-0.007656,0.012028,0.000922,-0.064151,-0.101786,-0.305214,0.011165,0.039609,-0.028041,-0.507395,-0.372189,0.77719,0.75667,-0.623983,0.195178,0.412311,0.687109,0.59823,-0.006972,-0.003809,0.006034,-0.004051,-0.057516,-0.098702,-0.471844,0.080232,0.044417,-0.02327,-0.607458,0.510641,-0.608473,-0.700297,-0.705817,0.106795,-0.374937,0.490986,0.786355,0.008849,-0.00051,0.023718,0.017868,0.260102,0.151599,-1.136751
70,0.132238,-0.016236,0.406794,0.627638,-0.561546,-0.539242,0.72494,0.674049,0.141749,0.283102,-0.479183,0.830821,0.031054,-0.002269,0.046344,0.149753,0.54623,0.290921,-1.715028,-0.237515,-0.016343,0.332787,0.537596,0.286657,0.792975,-0.663758,0.723758,0.188503,-0.520538,-0.628038,0.578335,-0.013943,-0.007664,0.01202,-0.035827,0.014423,-0.021099,-0.305243,0.011103,0.039538,-0.027952,-0.506879,-0.372259,0.777493,0.757205,-0.623324,0.195209,0.411962,0.687669,0.597827,-0.006991,-0.003893,0.005954,-0.042704,0.025923,-0.015354,-0.471844,0.08049,0.044386,-0.022787,-0.606763,0.514046,-0.606295,-0.702153,-0.704137,0.105693,-0.372584,0.489842,0.788183,0.015517,-0.001046,0.023212,0.123299,0.49463,0.276413,-1.13022
71,0.133139,-0.016276,0.408525,0.625762,-0.568532,-0.534078,0.728384,0.670862,0.139186,0.278389,-0.475401,0.834578,0.017332,-0.002785,0.046116,0.022029,0.275789,0.156522,-1.677966,-0.237834,-0.016547,0.333042,0.536483,0.286998,0.793606,-0.664813,0.722884,0.188141,-0.520339,-0.62889,0.577588,5e-06,2.6e-05,2.5e-05,0.0,-0.0,-0.0,-0.305372,0.010949,0.039442,-0.027826,-0.505777,-0.37233,0.778177,0.758095,-0.622316,0.194968,0.41168,0.688543,0.597015,-0.007176,0.000653,0.000828,-0.002019,0.015479,-0.028985,-0.471845,0.080928,0.044368,-0.021949,-0.605819,0.521837,-0.600556,-0.705456,-0.701341,0.102227,-0.36785,0.485598,0.793019,0.008557,-0.001913,0.022717,0.128862,0.513024,0.201003,-1.123851
72,0.13379,-0.016151,0.410022,0.627859,-0.571373,-0.528556,0.727181,0.67272,0.136485,0.276811,-0.469335,0.838527,0.017347,-0.00229,0.046287,-0.059359,0.071894,0.072438,-1.673884,-0.238219,-0.016595,0.333178,0.535907,0.289858,0.792955,-0.665747,0.722593,0.185942,-0.519737,-0.627915,0.579189,-0.014204,0.001955,0.002264,0.015088,-0.026697,-0.054281,-0.305469,0.010756,0.039412,-0.027757,-0.504793,-0.375297,0.77739,0.759015,-0.621928,0.192615,0.411193,0.687282,0.598801,7.2e-05,0.000347,0.000342,0.005396,-0.025743,-0.018249,-0.471681,0.08126,0.044431,-0.021189,-0.608614,0.525752,-0.594284,-0.704069,-0.703205,0.098934,-0.365889,0.478629,0.798146,0.00867,0.003322,0.017917,-0.027182,0.016752,0.055939,-1.133975
73,0.134062,-0.016039,0.410795,0.630607,-0.571848,-0.524758,0.724734,0.675772,0.134405,0.276979,-0.464352,0.841241,0.017362,0.006696,0.03581,0.00218,0.137614,0.128807,-1.674579,-0.238412,-0.016584,0.333208,0.535524,0.290016,0.793156,-0.665993,0.72244,0.185651,-0.519816,-0.628017,0.579007,-0.014322,0.001411,0.001738,-0.001832,0.014685,-0.029556,-0.304718,0.01066,0.039418,-0.027741,-0.50437,-0.375247,0.777688,0.759272,-0.621661,0.192465,0.411237,0.687551,0.598462,-5e-06,-1.5e-05,-8e-06,-0.004469,0.00748,0.00366,-0.471518,0.081396,0.044485,-0.020798,-0.611692,0.52597,-0.590921,-0.701276,-0.706212,0.097338,-0.366119,0.47394,0.800835,0.001998,0.003846,0.018338,0.00424,0.171707,0.078012,-1.141813
74,0.134392,-0.015829,0.412247,0.629379,-0.576505,-0.521122,0.727133,0.673458,0.133053,0.273471,-0.461945,0.84371,0.003891,0.006863,0.036048,-0.062355,0.019031,0.021823,-1.674476,-0.238858,-0.016549,0.333225,0.536818,0.290001,0.792286,-0.666042,0.722009,0.187148,-0.518416,-0.62852,0.579715,-0.01452,0.000503,0.000858,-0.030845,-0.028325,0.0241,-0.304458,0.010437,0.039436,-0.027732,-0.505637,-0.375329,0.776826,0.759222,-0.621237,0.194024,0.409771,0.687889,0.599078,-0.007293,0.000105,0.000298,-0.105834,-0.141436,0.162824,-0.470865,0.081566,0.044592,-0.020071,-0.610908,0.530932,-0.587283,-0.703748,-0.703984,0.095624,-0.362669,0.471717,0.803712,0.001997,0.003898,0.018302,-0.081716,-0.032053,0.038143,-1.150794
75,0.134599,-0.015742,0.413837,0.631541,-0.575654,-0.519445,0.725395,0.675236,0.133529,0.273102,-0.460413,0.844667,0.017095,0.00561,0.034874,-0.066453,-0.020367,0.07323,-1.670524,-0.239351,-0.016502,0.333298,0.53843,0.289858,0.791244,-0.665936,0.721639,0.188945,-0.516878,-0.629011,0.580555,-0.014232,0.001833,0.002132,-0.002045,0.015205,-0.029245,-0.303989,0.010195,0.039456,-0.027699,-0.507285,-0.375392,0.77572,0.759002,-0.620926,0.195869,0.408137,0.688135,0.59991,-0.007091,0.001038,0.001192,-0.000171,0.017778,-0.032272,-0.470701,0.081664,0.044634,-0.019276,-0.613149,0.529778,-0.585988,-0.701942,-0.705665,0.096501,-0.362388,0.470499,0.804552,0.001818,-0.001531,0.022883,-0.10043,-0.06293,0.181524,-1.150794
76,0.135058,-0.015832,0.415535,0.629911,-0.58059,-0.515919,0.728369,0.67218,0.13276,0.268935,-0.458681,0.846944,0.01684,0.004335,0.033985,-0.024537,0.091387,0.081019,-1.631706,-0.239799,-0.016461,0.333378,0.541583,0.286568,0.79029,-0.661651,0.725127,0.190633,-0.519089,-0.626496,0.581302,-0.014252,-0.008952,0.010753,-0.027376,0.032785,-0.037372,-0.303446,0.009966,0.039482,-0.02766,-0.510827,-0.372578,0.774751,0.755228,-0.625039,0.197372,0.410714,0.685937,0.600668,6.9e-05,0.000316,0.00031,0.03626,0.008731,0.025495,-0.470375,0.081895,0.044592,-0.018426,-0.612056,0.534873,-0.582493,-0.704951,-0.702814,0.095372,-0.358372,0.469002,0.80722,0.001813,-0.001475,0.022859,-0.054043,0.122772,0.065237,-1.144589
77,0.135263,-0.015898,0.416358,0.629365,-0.582881,-0.513999,0.729635,0.670846,0.13255,0.266776,-0.457726,0.848142,0.016476,0.002168,0.032635,-0.048252,0.035612,0.06184,-1.610511,-0.240013,-0.016441,0.333417,0.541179,0.286738,0.790505,-0.661915,0.724968,0.190325,-0.519175,-0.626603,0.58111,-0.014294,0.001551,0.001852,-0.002045,0.015205,-0.029245,-0.303343,0.009854,0.03949,-0.027636,-0.510372,-0.372693,0.774996,0.755493,-0.624818,0.197056,0.410791,0.686077,0.600457,-0.00715,0.000765,0.000919,-0.00204,0.015219,-0.029373,-0.470212,0.081996,0.044564,-0.018029,-0.611818,0.537425,-0.580389,-0.706234,-0.7016,0.094814,-0.356246,0.4679,0.808799,0.008108,0.000412,0.015912,-0.059543,0.015557,0.05859,-1.136261
78,0.135413,-0.016012,0.417664,0.629042,-0.586945,-0.509752,0.731358,0.669075,0.132009,0.262804,-0.455117,0.850782,0.00255,-0.001259,0.030829,-0.054734,0.037433,0.027785,-1.598978,-0.240421,-0.016407,0.333475,0.542266,0.286457,0.789861,-0.658461,0.728733,0.187912,-0.522428,-0.622347,0.582765,-0.014314,0.001463,0.001761,-0.001572,0.014029,-0.029947,-0.302311,0.009655,0.039506,-0.027608,-0.511497,-0.372665,0.774268,0.75266,-0.629037,0.194458,0.414576,0.682225,0.60224,-1e-06,-5e-06,-0.0,-0.006531,0.009954,0.004587,-0.469558,0.082078,0.044507,-0.017358,-0.61199,0.541665,-0.576251,-0.708051,-0.699862,0.094107,-0.352323,0.465608,0.811836,0.001175,-0.001128,0.015115,-0.0732,0.000846,0.019316,-1.133975
79,0.135306,-0.016115,0.418767,0.63603,-0.581468,-0.507352,0.724399,0.676459,0.132744,0.265231,-0.451228,0.852099,-0.01121,-0.003872,0.02955,-0.070956,0.028791,-0.039992,-1.590587,-0.240779,-0.01639,0.333501,0.541539,0.286771,0.790246,-0.658912,0.728476,0.187328,-0.522613,-0.622504,0.582432,-0.000178,-0.000801,-0.000771,0.0,-0.0,-0.0,-0.29879,0.009476,0.039516,-0.027594,-0.510734,-0.372775,0.774718,0.753084,-0.628682,0.193964,0.414747,0.682492,0.60182,-0.000139,-0.000625,-0.000593,-0.000148,0.00023,0.000104,-0.467925,0.082029,0.044457,-0.016806,-0.618815,0.535726,-0.574512,-0.700858,-0.706839,0.095786,-0.354772,0.461926,0.812871,0.000981,0.002003,0.009069,-0.037821,-0.018311,0.033197,-1.135445
80,0.13528,-0.01616,0.419215,0.639121,-0.578009,-0.507419,0.720956,0.680003,0.133376,0.267166,-0.450348,0.85196,0.001686,0.001971,0.016923,-0.034484,0.001856,0.008218,-1.582062,-0.24091,-0.016383,0.333511,0.541276,0.286885,0.790385,-0.659075,0.728383,0.187117,-0.522679,-0.622561,0.582312,-0.014462,0.00081,0.001126,-0.002045,0.015205,-0.029245,-0.296392,0.009411,0.039519,-0.027589,-0.51046,-0.37285,0.774862,0.753235,-0.628563,0.193759,0.414807,0.682561,0.601701,-9.7e-05,-0.000434,-0.000412,-3.3e-05,2e-05,2.4e-05,-0.465803,0.082011,0.044433,-0.016577,-0.621756,0.53203,-0.574772,-0.697293,-0.710205,0.0969,-0.356652,0.461033,0.812555,0.000774,-0.003701,0.013574,-0.070269,0.012077,-0.010543,-1.135772
81,0.135318,-0.016167,0.419896,0.640722,-0.575516,-0.508234,0.718771,0.682307,0.133405,0.269204,-0.45006,0.851471,0.0015,0.00954,0.005613,0.01048,-0.075409,0.214603,-1.568355,-0.241053,-0.016387,0.33351,0.540833,0.287069,0.790621,-0.659346,0.728228,0.186763,-0.522795,-0.622657,0.582105,-0.000143,-0.00064,-0.000617,0.0,-0.0,-0.0,-0.293999,0.009334,0.039516,-0.02759,-0.509979,-0.372978,0.775118,0.753501,-0.628357,0.193398,0.414918,0.682681,0.601488,-7.6e-05,-0.000338,-0.000323,-2e-06,9e-06,-1.2e-05,-0.462047,0.08203,0.044424,-0.016234,-0.623302,0.529341,-0.57558,-0.694919,-0.712475,0.097296,-0.358583,0.460626,0.811936,0.000673,-0.0,0.007872,-0.034371,0.001964,0.008522,-1.137078
82,0.135345,-0.016104,0.42037,0.641332,-0.573072,-0.510223,0.716424,0.685291,0.13071,0.273953,-0.448648,0.850701,0.001307,-0.000423,0.015481,-0.034491,0.001862,0.008228,-1.562354,-0.241111,-0.016409,0.333505,0.540663,0.287136,0.790713,-0.659462,0.728153,0.186645,-0.522824,-0.622714,0.582018,-1.2e-05,-5.5e-05,-5.3e-05,0.0,-0.0,-0.0,-0.293993,0.009304,0.039505,-0.027593,-0.509803,-0.373022,0.775212,0.753608,-0.628264,0.193283,0.41494,0.682743,0.601403,-1e-06,-4e-06,-1e-06,-1.5e-05,5e-06,9e-06,-0.461231,0.082043,0.044456,-0.015997,-0.623504,0.526899,-0.577598,-0.692315,-0.715342,0.094787,-0.363237,0.45898,0.810799,0.000637,-0.000254,0.007716,-0.035287,0.002412,0.007944,-1.140997
83,0.135364,-0.016162,0.421009,0.640803,-0.573548,-0.510352,0.717286,0.684223,0.131579,0.272937,-0.449667,0.850489,0.001114,-0.001649,0.014753,-0.03449,0.001872,0.008232,-1.531393,-0.24108,-0.016418,0.333495,0.540583,0.287165,0.790758,-0.659509,0.728126,0.186582,-0.522848,-0.622732,0.581977,-0.0,-2e-06,-2e-06,0.0,-0.0,-0.0,-0.293288,0.00932,0.0395,-0.027598,-0.50972,-0.373039,0.775259,0.753652,-0.62823,0.193222,0.414961,0.682765,0.601363,3e-06,1.5e-05,1.3e-05,3e-06,-1.5e-05,-5e-06,-0.460904,0.082053,0.044429,-0.015682,-0.622992,0.527397,-0.577695,-0.693286,-0.7143,0.095539,-0.362261,0.460029,0.810641,0.000507,-0.001079,0.007228,-0.03595,0.01138,-0.018822,-1.143283
84,0.135413,-0.016208,0.421288,0.64359,-0.570188,-0.51061,0.713893,0.687732,0.131734,0.275255,-0.448591,0.85031,0.001028,-0.002191,0.014433,0.81208,-0.216537,-1.401546,-1.482545,-0.241059,-0.01642,0.333492,0.542191,0.28399,0.790803,-0.655235,0.731991,0.186518,-0.52655,-0.619644,0.581936,-0.0,-0.0,-0.0,0.0,0.0,0.0,-0.292205,0.009331,0.039499,-0.027599,-0.511772,-0.370122,0.775305,0.749973,-0.63268,0.193015,0.419082,0.680238,0.60137,3e-06,1.1e-05,9e-06,-0.000146,-0.000257,-5e-06,-0.460578,0.082077,0.044406,-0.015542,-0.624634,0.52509,-0.578023,-0.691035,-0.716425,0.095942,-0.363733,0.459363,0.810359,0.000539,-0.001519,0.007012,2.788692,-0.792772,-4.505963,-1.134465
85,0.135532,-0.016226,0.421534,0.64188,-0.571337,-0.511479,0.71539,0.686305,0.131051,0.275364,-0.449312,0.849895,0.000135,0.000863,0.000503,0.0,0.0,0.0,-1.423252,-0.24108,-0.016426,0.333501,0.542013,0.284059,0.790901,-0.655356,0.731915,0.186394,-0.526583,-0.619703,0.581843,-0.014314,0.001482,0.001771,-0.002045,0.015205,-0.029245,-0.293215,0.00932,0.039496,-0.027594,-0.511587,-0.370169,0.775405,0.750087,-0.632582,0.192895,0.419103,0.680304,0.60128,-0.007154,0.000745,0.000892,-0.002155,0.015199,-0.029292,-0.459924,0.082138,0.044403,-0.01541,-0.62387,0.525106,-0.578833,-0.69127,-0.716291,0.09525,-0.364597,0.459554,0.809863,2e-05,0.000161,9.1e-05,-8.1e-05,3.3e-05,0.000223,-1.118626
86,0.135645,-0.016153,0.421244,0.640142,-0.57238,-0.512489,0.7165,0.685483,0.129275,0.276518,-0.449237,0.849559,0.012232,0.001839,-0.014954,0.035477,-0.016569,0.02133,-1.372622,-0.241194,-0.016457,0.333503,0.54171,0.284181,0.791065,-0.655567,0.731778,0.186185,-0.526631,-0.619808,0.581687,-0.014533,0.000514,0.000837,-0.002045,0.015205,-0.029245,-0.29405,0.009269,0.039482,-0.027592,-0.511293,-0.370244,0.775562,0.750271,-0.63242,0.192709,0.419132,0.680413,0.601135,-0.00014,-0.00063,-0.000601,-6.2e-05,-1.5e-05,-3.9e-05,-0.460414,0.08219,0.044442,-0.015547,-0.622119,0.526203,-0.579723,-0.692273,-0.715565,0.093396,-0.365684,0.45943,0.809443,-0.000418,0.001689,-0.00687,0.043646,-0.067127,0.179554,-1.116503
87,0.135731,-0.016103,0.420893,0.639307,-0.572828,-0.51303,0.716879,0.685322,0.128027,0.277464,-0.448913,0.849422,-0.001214,0.000974,-0.015146,0.034495,-0.001842,-0.008217,-1.351006,-0.2413,-0.016498,0.33348,0.541387,0.284313,0.791238,-0.655778,0.731651,0.185945,-0.526701,-0.619898,0.581529,-0.00065,-0.002896,-0.002792,-0.001617,0.01425,-0.024995,-0.295469,0.009211,0.039466,-0.027599,-0.510955,-0.370333,0.775743,0.750468,-0.632258,0.192473,0.419191,0.680516,0.600979,-0.007437,-0.000502,-0.00031,-0.002115,0.015197,-0.029258,-0.460904,0.082237,0.044465,-0.015724,-0.621244,0.526688,-0.58022,-0.692572,-0.715444,0.092103,-0.366605,0.459063,0.809235,0.005915,-0.000422,-0.008265,0.036767,-0.026036,0.048637,-1.115687
