frame,MLTx,MLTy,MLTz,MLTR1,MLTR2,MLTR3,MLTR4,MLTR5,MLTR6,MLTR7,MLTR8,MLTR9,MLTTVx,MLTTVy,MLTTVz,MLTRVx,MLTRVy,MLTRVz,MLGA,MRTx,MRTy,MRTz,MRTR1,MRTR2,MRTR3,MRTR4,MRTR5,MRTR6,MRTR7,MRTR8,MRTR9,MRTTVx,MRTTVy,MRTTVz,MRTRVx,MRTRVy,MRTRVz,MRGA,SLTx,SLTy,SLTz,SLTR1,SLTR2,SLTR3,SLTR4,SLTR5,SLTR6,SLTR7,SLTR8,SLTR9,SLTTVx,SLTTVy,SLTTVz,SLTRVx,SLTRVy,SLTRVz,SLGA,SRTx,SRTy,SRTz,SRTR1,SRTR2,SRTR3,SRTR4,SRTR5,SRTR6,SRTR7,SRTR8,SRTR9,SRTTVx,SRTTVy,SRTTVz,SRTRVx,SRTRVy,SRTRVz,SRGA
533,0.083199,-0.002008,0.402914,-0.591723,-0.306516,-0.745625,0.184113,-0.951839,0.245105,-0.784109,0.00813,0.620591,0.000774,0.002422,0.001564,0.372215,-0.133055,-0.282131,-0.064354,-0.095197,0.00737,0.360871,0.782403,-0.600421,0.165322,0.491879,0.758469,0.427452,-0.38303,-0.252366,0.888518,0.000325,-0.001385,-0.001058,-0.001786,0.013274,-0.025515,-0.61592,0.047306,0.027304,-0.000193,-0.802602,0.544338,0.243978,-0.391457,-0.789247,0.473126,0.4501,0.284226,0.846537,-5e-06,1.8e-05,1.4e-05,-3.2e-05,-2e-05,-1.6e-05,-0.794533,0.078255,0.022591,-0.038562,-0.489721,-0.218192,-0.844135,0.083334,-0.97546,0.203792,-0.867886,0.029456,0.495886,0.000181,0.000587,0.000375,1.234461,-0.417531,-1.059912,-0.222911
534,0.083175,-0.001987,0.402927,-0.589103,-0.30798,-0.747095,0.189499,-0.951396,0.242706,-0.784801,0.001781,0.619767,0.000138,0.000431,0.000279,0.108665,-0.129874,0.181997,-0.096452,-0.095215,0.007359,0.360865,0.782538,-0.600133,0.165731,0.491508,0.758736,0.427404,-0.383233,-0.252248,0.888464,0.000108,-0.000461,-0.000352,0.0,0.0,0.0,-0.610512,0.047297,0.027296,-0.000198,-0.802677,0.54403,0.244415,-0.391058,-0.789498,0.473038,0.450312,0.284117,0.84646,5.5e-05,-0.000235,-0.00018,-2.1e-05,-5e-06,-2.1e-05,-0.790124,0.078244,0.022606,-0.038552,-0.486868,-0.220053,-0.845302,0.089529,-0.97522,0.202308,-0.868874,0.022818,0.494505,5.5e-05,0.000166,0.000109,0.115603,-0.139059,0.199975,-0.240546
535,0.083221,-0.002005,0.402916,-0.581933,-0.313757,-0.750303,0.205601,-0.949372,0.237469,-0.786103,-0.015689,0.617918,-0.000427,-0.001337,-0.000864,9e-06,-5e-06,-2e-06,-0.201187,-0.09526,0.007328,0.360847,0.78278,-0.599613,0.166467,0.490838,0.759218,0.427318,-0.383598,-0.252034,0.888366,0.000107,-0.000456,-0.000349,0.0,0.0,0.0,-0.60924,0.047275,0.027281,-0.000207,-0.802807,0.543499,0.24517,-0.390367,-0.789932,0.472885,0.450681,0.28393,0.846327,5.5e-05,-0.000229,-0.000173,-1.4e-05,-1.2e-05,-1.1e-05,-0.785716,0.078268,0.022599,-0.038557,-0.47965,-0.226119,-0.847824,0.106352,-0.974083,0.199625,-0.87099,0.005582,0.491267,-0.00025,-0.000791,-0.000508,-0.002334,0.004001,-0.002437,-0.299821
536,0.083382,-0.002103,0.402816,-0.57706,-0.309431,-0.755844,0.215357,-0.950348,0.224571,-0.787087,-0.032807,0.615991,0.012126,-0.0055,-0.003555,0.112625,0.091022,0.290622,-0.35626,-0.095273,0.007341,0.360846,0.782966,-0.599208,0.167047,0.490324,0.759601,0.427228,-0.383876,-0.251845,0.8883,-0.000121,0.000518,0.000396,0.0,0.0,0.0,-0.596264,0.047269,0.027286,-0.000209,-0.802906,0.543084,0.245766,-0.389838,-0.790278,0.472743,0.450963,0.28376,0.846234,-8.1e-05,0.000357,0.000276,-9e-06,4e-06,-1.9e-05,-0.78147,0.078348,0.022549,-0.038607,-0.473475,-0.221897,-0.852397,0.117765,-0.975005,0.1884,-0.872898,-0.011179,0.487772,0.006031,-0.002861,-0.001849,0.129881,0.141468,0.303105,-0.400244
537,0.083479,-0.002179,0.402742,-0.576043,-0.305354,-0.758273,0.214081,-0.951589,0.220499,-0.78818,-0.034942,0.614475,0.0121,-0.005593,-0.003616,0.011734,-0.088912,0.213798,-0.432133,-0.095275,0.007347,0.360851,0.783076,-0.598972,0.167383,0.490019,0.75982,0.427188,-0.384042,-0.251747,0.888256,-3e-05,0.000128,9.8e-05,0.0,0.0,0.0,-0.561758,0.047268,0.027291,-0.000205,-0.802964,0.542842,0.24611,-0.389523,-0.790475,0.472673,0.451131,0.283674,0.846173,-1.7e-05,7.6e-05,6e-05,-9e-06,-8e-06,-1e-05,-0.766611,0.078392,0.022512,-0.038644,-0.472296,-0.217793,-0.854109,0.117244,-0.975905,0.184018,-0.873607,-0.013228,0.48645,-0.000533,-0.00168,-0.001087,-7.8e-05,-0.087499,0.172895,-0.454457
538,0.083706,-0.00224,0.402606,-0.575193,-0.292761,-0.763864,0.21109,-0.955261,0.207095,-0.789605,-0.041767,0.612214,0.013492,0.006168,-0.012122,0.046674,-0.105534,0.230313,-0.614559,-0.095286,0.007352,0.360856,0.783635,-0.598788,0.165409,0.490013,0.759336,0.428056,-0.382905,-0.253634,0.88821,-0.0,1e-06,0.0,-0.233009,-0.698894,0.380368,-0.431531,0.047262,0.027293,-0.000202,-0.803107,0.542245,0.246956,-0.388748,-0.790959,0.4725,0.451544,0.283464,0.846023,1e-06,-9e-06,-7e-06,-2.6e-05,4e-06,-7e-06,-0.682516,0.078504,0.022473,-0.038711,-0.469827,-0.204993,-0.858626,0.116062,-0.978564,0.17012,-0.875095,-0.019727,0.483548,-9.3e-05,-0.000293,-0.000193,0.000205,-0.088162,0.172494,-0.578068
539,0.084142,-0.00213,0.40235,-0.576787,-0.278845,-0.767858,0.207745,-0.959105,0.192176,-0.789328,-0.048334,0.612088,0.014174,0.008345,-0.010712,0.064398,-0.071078,0.24408,-0.864947,-0.095346,0.007353,0.360788,0.784768,-0.59732,0.165347,0.48972,0.760982,0.425459,-0.380951,-0.252162,0.889468,-0.001346,0.00835,-0.010475,0.449296,-0.120657,-0.325706,-0.224906,0.047232,0.027294,-0.00023,-0.803931,0.54204,0.244718,-0.389043,-0.790541,0.472957,0.449822,0.285019,0.846418,-0.006494,-0.001825,-0.000601,0.501107,-0.245741,-0.201171,-0.51351,0.078726,0.022529,-0.038844,-0.470049,-0.190522,-0.861831,0.114749,-0.981329,0.154354,-0.875149,-0.02634,0.483135,0.007138,0.004325,-0.005264,0.045778,-0.104669,0.222999,-0.736786
540,0.084895,-0.001805,0.401955,-0.584271,-0.257899,-0.76952,0.187557,-0.965405,0.181074,-0.788872,-0.038219,0.61339,0.014892,0.010701,-0.009189,0.048956,0.001733,0.061379,-1.17669,-0.095615,0.007384,0.36064,0.799778,-0.577066,0.165355,0.471291,0.774083,0.422628,-0.372892,-0.259353,0.890815,-0.013152,-0.002945,-0.000664,-0.222715,-0.73607,-1.566897,-0.067356,0.047102,0.027308,-0.000311,-0.817307,0.521269,0.245532,-0.371946,-0.802737,0.466119,0.440072,0.289638,0.849967,-0.007585,0.003596,-0.004684,-0.867303,-2.431933,-5.08384,-0.328339,0.079086,0.022684,-0.039034,-0.476001,-0.16923,-0.863008,0.096141,-0.985442,0.140211,-0.874173,-0.01623,0.485342,0.007476,0.005419,-0.004559,0.014297,-0.096584,0.253676,-0.723233
541,0.08533,-0.001594,0.401765,-0.594094,-0.232375,-0.77013,0.157659,-0.972433,0.171727,-0.788067,-0.019113,0.615315,0.028281,0.009297,-0.010107,0.131861,-0.28749,1.234356,-1.309165,-0.095834,0.007461,0.360534,0.824778,-0.541076,0.164223,0.43895,0.795598,0.417468,-0.357578,-0.271553,0.893454,-0.013204,-0.002713,-0.000488,-0.575883,-2.488771,-5.125065,-0.02359,0.046993,0.027347,-0.000364,-0.837399,0.487617,0.246962,-0.34204,-0.819907,0.459085,0.426344,0.299967,0.853375,-0.007517,0.003923,-0.004646,0.538313,-0.312934,-0.297371,-0.262532,0.079309,0.022793,-0.039133,-0.483965,-0.143961,-0.863164,0.067895,-0.989579,0.126976,-0.872449,0.002847,0.488695,0.014427,0.005256,-0.004639,0.138373,-0.967164,3.230534,-0.730091
542,0.086374,-0.001018,0.401434,-0.618631,-0.173999,-0.766202,0.085928,-0.9843,0.15408,-0.780215,0.02969,0.624828,0.030093,0.015376,-0.006209,-0.139523,0.34035,0.788888,-1.554478,-0.096392,0.007666,0.360221,0.875252,-0.455825,0.161708,0.361777,0.838754,0.406869,-0.322199,-0.297039,0.898787,-0.014684,0.006267,-0.010479,-0.110713,-0.750137,-1.584033,0.050412,0.046713,0.027449,-0.000514,-0.88441,0.394651,0.249137,-0.260101,-0.860016,0.438998,0.387513,0.323453,0.863256,-0.007407,0.002769,-0.005343,-0.81032,-2.369258,-5.15332,-0.164395,0.079829,0.023074,-0.039303,-0.504349,-0.083729,-0.85943,-0.001163,-0.99522,0.097641,-0.863498,0.050245,0.501841,0.014908,0.007195,-0.003431,-0.98287,0.772126,1.397582,-0.730581
543,0.08762,-0.000391,0.401159,-0.638502,-0.104371,-0.76254,0.005797,-0.991381,0.13077,-0.768826,0.0792,0.634557,0.043044,0.013023,-0.007787,0.101355,0.232305,0.556191,-1.764209,-0.097193,0.007756,0.3596,0.916639,-0.367536,0.157101,0.284895,0.876272,0.388479,-0.2816,-0.310879,0.9077,-0.028016,0.006658,-0.025464,0.420299,-0.383233,-0.642077,0.114994,0.046325,0.027503,-0.000807,-0.919481,0.304278,0.248935,-0.182828,-0.891529,0.414426,0.348033,0.335545,0.875375,-0.013208,-0.002294,-0.008437,-0.115182,-2.492289,-5.300692,-0.071646,0.080449,0.023395,-0.039436,-0.52071,-0.012488,-0.853641,-0.077464,-0.995077,0.06181,-0.850211,0.098311,0.51718,0.015142,0.008121,-0.002857,-0.136824,0.346343,0.799955,-0.750339
544,0.088253,-8.9e-05,0.401013,-0.646829,-0.070304,-0.759418,-0.031984,-0.992359,0.119042,-0.761183,0.10137,0.640587,0.030749,0.025493,-0.015811,-0.129131,0.281302,0.773844,-1.869461,-0.09776,0.007665,0.359195,0.929438,-0.335142,0.154322,0.257959,0.889105,0.377998,-0.265065,-0.311099,0.91259,-0.040476,0.000606,-0.02854,0.452511,-0.914303,-1.81055,0.132001,0.046037,0.02746,-0.001014,-0.930105,0.271288,0.247602,-0.156227,-0.902315,0.401771,0.332411,0.335007,0.88163,-0.012755,-0.004311,-0.009999,-0.144908,-2.514279,-5.215905,-0.035069,0.080782,0.023551,-0.039511,-0.527383,0.022306,-0.849334,-0.11307,-0.992605,0.044141,-0.842069,0.119314,0.526006,0.015414,0.01283,-0.007866,-0.144413,0.238283,0.752356,-0.755565
545,0.089407,0.000668,0.400664,-0.663314,0.003979,-0.748361,-0.113232,-0.988999,0.095034,-0.738929,0.147764,0.657402,0.030829,0.026152,-0.01542,-3.844912,0.877032,4.148648,-1.915215,-0.099334,0.007323,0.358289,0.957099,-0.249936,0.146575,0.185766,0.917342,0.352007,-0.223647,-0.309367,0.924196,-0.040358,-0.000205,-0.029227,0.874675,-0.666353,-0.69788,0.135879,0.045251,0.027281,-0.001473,-0.95263,0.183197,0.242763,-0.084045,-0.925713,0.368769,0.292287,0.330898,0.897259,-0.025959,-0.006318,-0.010147,0.143952,-0.736808,-1.855722,-0.004043,0.081348,0.023921,-0.039679,-0.540712,0.092729,-0.83608,-0.183815,-0.98291,0.009864,-0.820878,0.159018,0.548517,0.008724,0.009874,-0.001746,0.283555,0.396328,0.704745,-0.745277
546,0.090558,0.001497,0.400287,-0.675917,0.058802,-0.734659,-0.17809,-0.980294,0.085316,-0.714329,0.188422,0.673987,0.030578,0.025715,-0.015727,0.140475,0.169216,0.742028,-1.915945,-0.101104,0.007224,0.357371,0.981172,-0.141952,0.13093,0.095012,0.944862,0.313277,-0.16942,-0.294766,0.940358,-0.039576,-0.006331,-0.017093,1.238817,-0.678998,-0.382593,0.138227,0.044382,0.027226,-0.001932,-0.970408,0.073784,0.229918,0.004351,-0.946673,0.322164,0.241428,0.313631,0.918339,-0.02065,0.002209,-0.012852,1.072175,-0.848239,-0.582652,0.002815,0.081917,0.024331,-0.039865,-0.551357,0.150292,-0.82062,-0.250792,-0.968,-0.008782,-0.795681,0.200963,0.571406,0.015405,0.013165,-0.007676,-0.88722,0.517152,1.894532,-0.755401
547,0.09143,0.002213,0.399874,-0.679807,0.101733,-0.726332,-0.234151,-0.968601,0.083413,-0.694198,0.226643,0.68319,0.016379,0.024173,-0.016644,0.098406,0.0443,0.135032,-1.915633,-0.10272,0.007297,0.356422,0.992689,-0.051507,0.109118,0.020512,0.962899,0.268958,-0.120176,-0.264697,0.956742,-0.041157,0.003209,-0.026681,1.381226,-0.956425,-0.665065,0.154506,0.043543,0.027266,-0.002419,-0.977836,-0.018109,0.208586,0.075176,-0.960186,0.269055,0.195409,0.278772,0.940266,-0.020524,0.001566,-0.013364,1.321335,-0.931375,-0.661013,0.018164,0.082373,0.02471,-0.040076,-0.553894,0.194212,-0.809618,-0.305588,-0.951968,-0.019293,-0.774478,0.236723,0.586638,0.00814,0.011883,-0.008462,0.08255,-0.034878,0.103225,-0.760953
548,0.091765,0.002558,0.399624,-0.677754,0.130181,-0.723704,-0.268602,-0.960009,0.078787,-0.683667,0.247619,0.686521,0.015034,0.012206,-0.008284,0.069963,0.179857,-0.072224,-1.915542,-0.103595,0.007306,0.355884,0.995242,0.006283,0.097184,-0.030189,0.968323,0.247734,-0.093806,-0.249506,0.963748,-0.054085,-0.001035,-0.028433,0.870463,-1.019313,-1.716735,0.159676,0.043125,0.027274,-0.002676,-0.977605,-0.075115,0.196584,0.122607,-0.962513,0.24194,0.171042,0.260624,0.950168,-0.027188,-0.000849,-0.014415,0.734257,-2.217005,-5.461322,0.028125,0.082535,0.024879,-0.040197,-0.550134,0.222249,-0.804956,-0.338425,-0.940563,-0.028399,-0.763425,0.256795,0.592652,0.007946,0.011254,-0.008858,0.089858,0.056588,0.160394,-0.764219
549,0.092324,0.003088,0.399096,-0.672873,0.186888,-0.715793,-0.335302,-0.939505,0.069826,-0.658609,0.286752,0.695726,0.013849,0.00823,-0.010786,-0.10241,0.654638,0.451887,-1.914338,-0.105646,0.007309,0.354612,0.98964,0.126739,0.067387,-0.137591,0.970747,0.196602,-0.041748,-0.204009,0.978009,-0.053456,-0.004417,-0.03115,1.56635,-1.038448,-0.576716,0.161413,0.042099,0.027279,-0.003309,-0.966317,-0.195524,0.167334,0.225299,-0.956975,0.182857,0.124381,0.214399,0.968793,-0.027387,0.00225,-0.020568,1.278639,-1.151053,-1.658319,0.039229,0.082815,0.025146,-0.04046,-0.541736,0.276175,-0.793882,-0.401249,-0.914889,-0.044464,-0.738594,0.294457,0.606443,0.000486,0.005329,-0.004594,-0.907093,0.746382,1.460067,-0.764546
550,0.092669,0.003384,0.398625,-0.664272,0.245582,-0.706029,-0.401122,-0.914083,0.059372,-0.629968,0.322333,0.70659,0.012956,0.00519,-0.012698,0.032657,0.2404,0.264764,-1.911242,-0.107679,0.00736,0.353015,0.978266,0.20421,0.03586,-0.20716,0.967299,0.146118,-0.006083,-0.150642,0.9885,-0.0411,0.004314,-0.042982,1.481832,-0.843847,-0.031788,0.160422,0.041077,0.027302,-0.004103,-0.952535,-0.273176,0.13435,0.289748,-0.948927,0.12483,0.093388,0.157833,0.983039,-0.027068,0.000594,-0.021902,1.086434,-0.745326,0.108465,0.042168,0.082987,0.025294,-0.040696,-0.532273,0.335261,-0.777357,-0.463145,-0.88396,-0.064111,-0.708647,0.325905,0.625782,-5.8e-05,0.003503,-0.005742,-0.226796,0.35098,0.298233,-0.777772
551,0.092727,0.003423,0.39847,-0.657237,0.286033,-0.697331,-0.444149,-0.894447,0.051649,-0.60814,0.343303,0.715776,-0.00101,-0.003479,-0.002194,-0.947442,0.703457,1.446716,-1.907816,-0.108659,0.007464,0.352162,0.970418,0.240211,0.024039,-0.241152,0.961627,0.130585,0.007026,-0.132837,0.991044,-0.041343,0.005388,-0.042186,0.624371,-0.601925,-0.026755,0.160683,0.040573,0.027351,-0.004549,-0.943212,-0.309669,0.120225,0.322071,-0.941133,0.102654,0.081359,0.135546,0.987424,-0.020591,0.002596,-0.021128,0.488967,-0.544052,-0.009871,0.042821,0.083022,0.025317,-0.040777,-0.523856,0.37259,-0.765996,-0.501859,-0.861613,-0.075884,-0.688266,0.34467,0.638349,-1.9e-05,0.0036,-0.005672,-3.601189,1.105969,4.429747,-0.784793
552,0.092743,0.003372,0.398283,-0.636758,0.365419,-0.679009,-0.527017,-0.849022,0.037231,-0.562103,0.381097,0.734052,-0.001247,-0.004295,-0.002712,-0.18699,0.533438,0.344996,-1.905114,-0.110605,0.007859,0.350174,0.951678,0.306953,0.008916,-0.305636,0.944473,0.12038,0.027329,-0.11769,0.992605,-0.04384,0.021763,-0.063454,0.192984,-0.434927,-1.187206,0.160746,0.039615,0.027548,-0.005513,-0.921687,-0.373759,0.103897,0.38282,-0.919649,0.087711,0.062766,0.120616,0.990712,-0.027877,0.004448,-0.027504,0.065559,-0.789172,-5.238467,0.042821,0.083029,0.025288,-0.040873,-0.501542,0.451451,-0.738002,-0.579883,-0.808479,-0.100479,-0.642021,0.37756,0.667275,-0.000634,-0.002193,-0.001386,-0.214923,0.441672,0.296708,-0.793938
553,0.092682,0.003397,0.398096,-0.615758,0.431074,-0.659593,-0.590302,-0.806817,0.0237,-0.521195,0.403412,0.752092,-0.000532,-0.001831,-0.001158,-0.141731,0.473519,0.568954,-1.904888,-0.112053,0.008326,0.34777,0.935852,0.352268,-0.008888,-0.348471,0.929192,0.122898,0.050371,-0.112377,0.992319,-0.042443,0.013792,-0.069963,-0.746933,-3.183964,-5.258953,0.159646,0.03889,0.02779,-0.006708,-0.906339,-0.413435,0.087288,0.420318,-0.903307,0.085834,0.043362,0.114483,0.992477,-0.020299,0.001376,-0.030794,0.13947,0.071981,-0.106556,0.03531,0.082997,0.025295,-0.04097,-0.479431,0.51334,-0.711777,-0.637227,-0.761301,-0.119841,-0.603396,0.396108,0.692106,5.2e-05,0.003882,-0.005496,-0.84946,0.664208,1.327164,-0.803409
554,0.092868,0.003621,0.397699,-0.598509,0.477467,-0.643318,-0.635981,-0.771452,0.019033,-0.486463,0.419931,0.766184,0.000618,0.009596,-0.009832,-1.438311,0.867911,0.789097,-1.90431,-0.113781,0.008729,0.34462,0.906189,0.42085,-0.041193,-0.412731,0.901617,0.129126,0.09034,-0.100557,0.990752,-0.027163,0.004696,-0.07924,-0.057021,-0.919879,-1.636898,0.158634,0.038019,0.027999,-0.008277,-0.873878,-0.483586,0.049813,0.486141,-0.869649,0.085883,0.001788,0.099267,0.995058,-0.021169,0.006221,-0.044343,-0.549528,-3.204396,-5.268303,0.03384,0.083084,0.025402,-0.041165,-0.462504,0.554382,-0.691917,-0.675044,-0.726131,-0.13057,-0.574808,0.406686,0.71007,0.000332,0.004857,-0.004882,0.254556,0.61102,0.071621,-0.806185
555,0.09295,0.003853,0.3975,-0.591631,0.495637,-0.635895,-0.653183,-0.756976,0.017622,-0.471894,0.425161,0.772387,0.015124,0.020135,-0.019138,-3.278829,0.540545,4.355282,-1.903955,-0.114578,0.008946,0.34301,0.891992,0.448128,-0.059348,-0.437782,0.889214,0.13259,0.111065,-0.092868,0.989395,-0.042937,0.016802,-0.085234,-0.081045,-0.730564,-0.125375,0.158495,0.037629,0.028089,-0.00909,-0.8589,-0.51125,0.030219,0.511808,-0.854709,0.086739,-0.018517,0.089967,0.995772,-0.02127,0.007659,-0.043175,-0.723169,-2.645556,-0.123787,0.03335,0.083129,0.025516,-0.041272,-0.455782,0.573328,-0.680849,-0.694131,-0.707768,-0.131322,-0.557175,0.412744,0.720553,0.007624,0.010253,-0.009457,-3.257696,0.570434,4.372024,-0.807164
556,0.093137,0.004524,0.397042,-0.591121,0.516668,-0.619415,-0.671493,-0.740636,0.022953,-0.446174,0.428855,0.785519,0.015194,0.020436,-0.018936,0.197515,0.455297,-0.15502,-1.903701,-0.115747,0.009459,0.340079,0.868639,0.485112,-0.100616,-0.470443,0.871403,0.138827,0.153928,-0.073885,0.985246,-0.028766,0.012833,-0.073086,0.142503,-0.335592,-0.374339,0.157289,0.037041,0.028339,-0.010566,-0.837442,-0.546352,-0.013757,0.54315,-0.834799,0.089988,-0.060649,0.067887,0.995847,-0.006916,0.002827,-0.031609,0.011299,-1.139155,-1.432052,0.031554,0.083218,0.025851,-0.04149,-0.455266,0.593942,-0.663298,-0.713252,-0.689197,-0.12758,-0.532919,0.415016,0.737399,0.001309,0.01195,-0.008342,0.272514,0.53222,0.068197,-0.81141
557,0.093472,0.005228,0.396496,-0.596821,0.519116,-0.611856,-0.6739,-0.738154,0.030982,-0.434825,0.430171,0.791143,0.015044,0.019995,-0.0192,0.281138,0.539693,0.097997,-1.903713,-0.116984,0.009502,0.337517,0.84049,0.525166,-0.133303,-0.508633,0.849604,0.139288,0.185343,-0.049947,0.981334,-0.04034,-0.002605,-0.067302,0.190449,-0.164133,0.183179,0.156719,0.036425,0.028373,-0.011844,-0.809629,-0.584864,-0.049323,0.579928,-0.810078,0.086346,-0.090456,0.041304,0.995043,-0.020014,-0.001865,-0.03408,0.14748,-0.083831,-0.112748,0.030574,0.083392,0.026213,-0.041768,-0.46181,0.595042,-0.657766,-0.716467,-0.687422,-0.118848,-0.522883,0.416382,0.743786,0.007535,0.009999,-0.009606,0.281813,0.533539,0.093899,-0.806348
558,0.0937,0.005507,0.396254,-0.594249,0.523747,-0.610412,-0.679761,-0.73267,0.033028,-0.4292,0.433906,0.792174,0.001603,0.01303,-0.007644,0.03128,0.060487,-0.134974,-1.903607,-0.117687,0.009237,0.336345,0.821458,0.552777,-0.140127,-0.53638,0.832461,0.138705,0.192286,-0.039493,0.980474,-0.023654,-0.022483,-0.050931,0.31134,-0.247083,-1.64055,0.15812,0.036059,0.028238,-0.012457,-0.789815,-0.6106,-0.057966,0.605684,-0.791349,0.083136,-0.096635,0.030553,0.99485,-0.011782,-0.011256,-0.025451,0.317875,-0.241055,-1.652287,0.031064,0.083505,0.026347,-0.041887,-0.459599,0.601113,-0.653782,-0.722206,-0.681398,-0.118803,-0.5169,0.417564,0.747297,0.007042,0.004589,-0.005083,0.014995,0.112767,-0.326998,-0.804552
559,0.094118,0.005892,0.395828,-0.59744,0.52995,-0.601884,-0.681429,-0.73114,0.032552,-0.422074,0.428926,0.798689,0.013629,0.007704,-0.011081,0.284302,0.529679,0.287597,-1.903663,-0.118611,0.008681,0.334647,0.796399,0.585436,-0.151676,-0.570257,0.810516,0.13343,0.200046,-0.020524,0.979502,-0.024163,-0.021407,-0.032732,0.150003,-0.078795,0.019443,0.154253,0.0356,0.027945,-0.013319,-0.76356,-0.641698,-0.072097,0.637478,-0.766881,0.074259,-0.102942,0.01074,0.994629,-0.012097,-0.010346,-0.016029,0.121771,-0.056271,0.019399,0.029268,0.083711,0.026545,-0.042096,-0.463366,0.605303,-0.647224,-0.723656,-0.680017,-0.117886,-0.511481,0.413743,0.753128,0.000395,0.005085,-0.004726,0.050767,0.003376,0.023375,-0.811247
560,0.094572,0.006111,0.395463,-0.592426,0.54487,-0.593459,-0.693999,-0.719229,0.032358,-0.408472,0.430348,0.804971,0.012813,-0.002588,-0.001718,-0.238853,0.126195,0.483836,-1.903593,-0.119143,0.00823,0.33323,0.793366,0.588949,-0.153948,-0.57491,0.808104,0.127985,0.198782,-0.013793,0.979877,-0.024897,-0.017518,-0.029594,0.030492,0.0525,-0.088261,0.149945,0.035348,0.027731,-0.013998,-0.760535,-0.644995,-0.074603,0.641357,-0.764173,0.068545,-0.101221,0.004283,0.994854,-0.006385,-0.002501,-0.01906,0.028037,0.157852,-0.231278,0.024696,0.083932,0.026653,-0.042279,-0.460262,0.619941,-0.635477,-0.733993,-0.668392,-0.120436,-0.499411,0.411004,0.762668,0.000347,0.004947,-0.004821,-3.179547,0.399264,4.350308,-0.812226
561,0.094912,0.006384,0.395086,-0.58584,0.557829,-0.587933,-0.705748,-0.707736,0.031647,-0.397725,0.432775,0.809042,0.013754,0.015685,-0.021885,0.261852,0.381166,0.248641,-1.903611,-0.11956,0.008167,0.331922,0.794268,0.589523,-0.146941,-0.573934,0.807436,0.136311,0.198002,-0.024694,0.979821,-0.0003,0.003672,-0.032413,-0.42224,0.306795,-0.024364,0.145982,0.035126,0.027688,-0.014668,-0.760261,-0.646063,-0.06786,0.641726,-0.763149,0.076091,-0.100946,0.014301,0.994788,-0.000977,0.007603,-0.020063,-0.613783,0.289786,0.191243,0.019307,0.084108,0.026788,-0.042463,-0.452417,0.631428,-0.629775,-0.74596,-0.654945,-0.120782,-0.488734,0.415143,0.767329,6.6e-05,0.003939,-0.005446,0.256031,0.479274,0.201746,-0.812716
562,0.095036,0.00661,0.394764,-0.576333,0.569668,-0.585973,-0.717757,-0.695646,0.02957,-0.390074,0.436915,0.81054,0.013615,0.01521,-0.022177,-0.813238,0.197263,1.491805,-1.903649,-0.11963,0.008467,0.3312,0.795741,0.587699,-0.146279,-0.570751,0.808554,0.142892,0.201248,-0.030973,0.97898,-0.00406,0.029047,-0.045862,-0.442166,0.232154,0.220865,0.145019,0.035092,0.027828,-0.015024,-0.761659,-0.644489,-0.067143,0.639476,-0.76435,0.082692,-0.104615,0.020046,0.99431,-0.001275,0.009484,-0.018428,-0.505993,0.244268,0.269236,0.017511,0.084175,0.026906,-0.042633,-0.443114,0.643537,-0.624107,-0.756363,-0.642086,-0.12506,-0.481211,0.416635,0.771265,0.00679,0.007502,-0.011159,-0.80903,0.240913,1.521901,-0.812226
563,0.095248,0.007365,0.393849,-0.563296,0.593391,-0.575004,-0.740685,-0.671017,0.033039,-0.365539,0.443766,0.818217,0.000788,0.017719,-0.020484,0.060299,0.161194,0.205678,-1.903046,-0.119856,0.009517,0.329349,0.80029,0.582918,-0.140478,-0.56418,0.811452,0.152249,0.20173,-0.04334,0.978412,-0.005273,0.037565,-0.056214,-0.313593,0.187834,0.212197,0.144691,0.034979,0.028352,-0.015917,-0.766084,-0.63987,-0.060675,0.633901,-0.767776,0.093206,-0.106225,0.032941,0.993796,-0.002586,0.018629,-0.02824,-0.675003,0.424484,0.102192,0.016041,0.08428,0.027275,-0.043083,-0.430245,0.665935,-0.609441,-0.778251,-0.615714,-0.12337,-0.457399,0.421219,0.783173,0.000963,0.014545,-0.014573,-0.094097,0.257226,0.372463,-0.813043
564,0.0954,0.008693,0.392385,-0.534986,0.640944,-0.550477,-0.783167,-0.620599,0.03844,-0.316329,0.45088,0.834667,0.002264,0.045302,-0.050474,-2.840158,1.003418,4.778767,-1.901968,-0.119692,0.01125,0.327089,0.810098,0.571417,-0.131207,-0.548504,0.817786,0.174077,0.205747,-0.069787,0.976043,0.018414,0.06546,-0.070627,-0.668563,0.306724,0.453623,0.140795,0.035051,0.029216,-0.01706,-0.775488,-0.629354,-0.050308,0.621272,-0.774857,0.11669,-0.112421,0.059237,0.991893,0.003247,0.026179,-0.03133,-1.032977,0.450234,0.460098,0.012449,0.084356,0.027933,-0.043802,-0.406569,0.705919,-0.579981,-0.814569,-0.567562,-0.119787,-0.413736,0.423733,0.805773,0.000864,0.017876,-0.020349,-0.459761,1.301986,0.00125,-0.814839
565,0.095388,0.00957,0.391362,-0.522399,0.663846,-0.535213,-0.801497,-0.596472,0.042382,-0.290462,0.450283,0.844336,-0.010639,0.054812,-0.060119,0.185569,0.944139,0.215264,-1.901093,-0.119411,0.012429,0.325771,0.818201,0.561326,-0.124303,-0.534681,0.822488,0.193811,0.209996,-0.092837,0.973214,0.004731,0.063648,-0.07043,-0.992583,0.439987,0.530858,0.140737,0.035196,0.029807,-0.017718,-0.783365,-0.620091,-0.042723,0.610155,-0.780278,0.137392,-0.118532,0.081561,0.989594,0.010015,0.027313,-0.031155,-1.192127,0.499404,0.628308,0.010326,0.084356,0.028372,-0.044308,-0.391194,0.729743,-0.560751,-0.835001,-0.537634,-0.117141,-0.386962,0.422402,0.819656,0.001084,0.02603,-0.030982,-0.538644,1.092598,1.397655,-0.817615
566,0.095158,0.01174,0.388732,-0.476661,0.723483,-0.499412,-0.850753,-0.522686,0.05469,-0.220882,0.450042,0.865275,-0.011207,0.060015,-0.072414,0.29037,0.744114,-0.378401,-1.856334,-0.119006,0.014706,0.323129,0.837057,0.536947,-0.104956,-0.502735,0.830675,0.239106,0.214514,-0.14807,0.965361,0.004899,0.062231,-0.071531,-1.318364,0.521795,0.800815,0.142254,0.035391,0.030929,-0.019013,-0.801395,-0.597725,-0.022149,0.584403,-0.790348,0.18391,-0.127433,0.134441,0.982693,0.002559,0.03068,-0.036176,-0.958048,1.276694,0.648843,0.009183,0.084241,0.029456,-0.045617,-0.34719,0.785064,-0.512964,-0.881055,-0.460436,-0.108348,-0.321247,0.414333,0.851544,0.000877,0.028927,-0.036918,0.0294,0.833908,0.147498,-0.815002
567,0.094937,0.014132,0.385602,-0.409527,0.787202,-0.461136,-0.90181,-0.425709,0.074042,-0.137521,0.445198,0.884824,-0.011952,0.064576,-0.08504,-2.472271,0.965728,4.335999,-1.748763,-0.118681,0.01688,0.320575,0.849498,0.522893,-0.070194,-0.486443,0.827947,0.278946,0.202903,-0.20349,0.95775,0.006288,0.052431,-0.062255,-1.50912,0.627405,0.956195,0.147566,0.03556,0.032036,-0.020321,-0.811639,-0.583985,0.014254,0.571596,-0.788915,0.225585,-0.120493,0.191242,0.974119,0.003187,0.026194,-0.031165,-1.127399,1.15298,0.703329,0.013919,0.084132,0.030652,-0.047177,-0.287072,0.839589,-0.461171,-0.926028,-0.36641,-0.090633,-0.245073,0.401039,0.882669,0.000307,0.030516,-0.043659,-0.594413,0.966308,-0.651645,-0.783487
568,0.094847,0.01634,0.382279,-0.318824,0.84923,-0.420958,-0.946755,-0.306328,0.098946,-0.044534,0.429033,0.902206,-0.000702,0.049352,-0.078838,-2.802963,1.576032,5.785318,-1.665222,-0.118183,0.019244,0.318197,0.870449,0.492122,-0.011178,-0.464844,0.829466,0.309583,0.160525,-0.26491,0.950746,0.005079,0.059201,-0.055947,-0.821108,2.999382,0.231945,0.148707,0.035813,0.03323,-0.02154,-0.829526,-0.553423,0.074884,0.55206,-0.79235,0.259634,-0.084353,0.256714,0.962799,0.002536,0.029838,-0.027791,-0.761196,2.954753,0.23965,0.019144,0.08408,0.031757,-0.048844,-0.201635,0.891397,-0.405899,-0.966801,-0.247546,-0.063369,-0.156966,0.379646,0.911718,-0.006363,0.030707,-0.043515,-2.455965,2.01844,4.196891,-0.763566
569,0.094745,0.017417,0.380651,-0.273704,0.873891,-0.401803,-0.961813,-0.249717,0.11193,-0.002189,0.416007,0.909374,-0.013112,0.052864,-0.076425,-1.072153,1.144823,0.545166,-1.598974,-0.117999,0.020385,0.317152,0.881261,0.471835,0.027269,-0.454175,0.829784,0.324218,0.129238,-0.298709,0.945481,0.019967,0.05165,-0.046516,-0.575624,3.381021,0.041898,0.148618,0.035898,0.033782,-0.022044,-0.837956,-0.534116,0.11202,0.542588,-0.793364,0.275988,-0.058537,0.292047,0.95461,0.002389,0.030565,-0.027081,-0.851732,2.862699,0.313112,0.02045,0.084033,0.03229,-0.049662,-0.152665,0.913673,-0.376687,-0.981477,-0.184805,-0.050478,-0.115735,0.362004,0.924963,-0.000269,0.024854,-0.039392,-4.172184,2.730502,3.753189,-0.756708
570,0.094345,0.01919,0.377925,-0.164652,0.915851,-0.366268,-0.983759,-0.125545,0.128169,0.071598,0.380284,0.922109,-0.000765,0.041604,-0.06782,-0.590924,0.77041,0.976215,-1.481883,-0.117934,0.022062,0.315536,0.882629,0.455044,0.117864,-0.464916,0.808735,0.360188,0.067469,-0.373288,0.925185,-0.003775,0.025851,-0.030391,-1.442457,1.197453,0.296801,0.155769,0.035939,0.034635,-0.022855,-0.831232,-0.516873,0.204681,0.555922,-0.771713,0.308884,-0.001699,0.370541,0.928814,-0.001857,0.013017,-0.015129,-0.802554,3.481893,-1.254971,0.021757,0.083827,0.033176,-0.051031,-0.048248,0.945372,-0.322402,-0.997751,-0.060644,-0.02851,-0.046505,0.320302,0.946172,-0.007215,0.016749,-0.02873,-2.645176,1.841558,4.437955,-0.727968
571,0.094218,0.020435,0.375854,-0.051489,0.939556,-0.338569,-0.989021,-0.000927,0.147679,0.138496,0.341288,0.929714,-0.00097,0.026122,-0.046218,-0.273221,0.587435,-0.161972,-1.320717,-0.117731,0.022634,0.314388,0.874666,0.439471,0.20449,-0.484423,0.781246,0.393602,0.012121,-0.443886,0.895925,-0.000805,0.007274,-0.029416,-1.328714,1.842936,-0.926097,0.16373,0.036037,0.034942,-0.02343,-0.816067,-0.499588,0.290593,0.576185,-0.742579,0.341447,0.045205,0.44608,0.89385,-0.000332,0.003405,-0.014925,-1.199788,1.855245,-0.972698,0.034167,0.083762,0.0338,-0.052078,0.061847,0.958966,-0.276689,-0.997948,0.064006,-0.001229,0.016531,0.276197,0.960958,-0.000278,0.013609,-0.022738,-1.244551,1.158875,1.236006,-0.700862
572,0.094056,0.020919,0.375115,0.003047,0.9459,-0.324513,-0.985744,0.057452,0.158047,0.16813,0.318229,0.933,-0.013414,0.022125,-0.032971,-0.092721,0.344973,-0.028898,-1.251355,-0.11748,0.022659,0.313916,0.872202,0.425847,0.240642,-0.488846,0.772296,0.405613,-0.014213,-0.471952,0.881432,0.014488,-0.00239,-0.022103,0.184744,3.570575,4.030302,0.163353,0.036158,0.034952,-0.023659,-0.808624,-0.490353,0.325083,0.584754,-0.730656,0.352424,0.064712,0.475073,0.877562,0.007276,-0.001238,-0.011089,-0.471095,1.324987,-0.72008,0.036616,0.083685,0.03404,-0.052454,0.113783,0.96046,-0.254104,-0.992531,0.121212,0.013721,0.043979,0.250645,0.967078,-0.000322,0.009777,-0.017305,-0.50545,0.536412,1.186816,-0.677675
573,0.09347,0.021546,0.374233,0.095477,0.951319,-0.293123,-0.97191,0.152744,0.178971,0.214907,0.26662,0.939551,-0.025709,0.018635,-0.019403,-0.147776,0.345922,0.083525,-1.085989,-0.116876,0.022892,0.313274,0.893575,0.356576,0.272705,-0.444681,0.785298,0.430697,-0.0617,-0.506577,0.859905,0.012082,0.011513,-0.009283,0.815226,2.833335,3.952912,0.160639,0.036465,0.03504,-0.024007,-0.83239,-0.421548,0.359754,0.543784,-0.746476,0.383498,0.106885,0.514849,0.85059,0.012753,0.007173,-0.004242,-0.992525,-1.195078,0.277105,0.035963,0.083398,0.034356,-0.052899,0.200398,0.957177,-0.20893,-0.97597,0.213666,0.042758,0.085569,0.195342,0.976994,-0.006356,0.00848,-0.010234,-0.66072,0.674538,1.244475,-0.645343
574,0.092929,0.021952,0.373789,0.206143,0.941495,-0.266715,-0.946117,0.261354,0.191123,0.249386,0.211776,0.944979,-0.026337,0.001814,0.001188,-1.615673,1.382011,5.300897,-0.932623,-0.116286,0.024033,0.313343,0.899387,0.363538,0.242763,-0.436562,0.772791,0.460589,-0.021293,-0.520687,0.853402,0.019824,0.047016,0.003589,-1.053024,-1.969572,1.27807,0.160132,0.036767,0.035601,-0.023989,-0.842327,-0.425219,0.331169,0.534528,-0.73777,0.412278,0.069018,0.524292,0.848736,0.00976,0.024437,0.002642,-0.937271,-1.972288,1.227296,0.03433,0.083128,0.034567,-0.053128,0.299472,0.939238,-0.16777,-0.947274,0.313698,0.065305,0.113966,0.139367,0.98366,-0.00635,0.004834,-0.004706,-0.44596,0.41676,1.405822,-0.619217
575,0.092687,0.021999,0.373713,0.265041,0.929925,-0.255029,-0.928404,0.317556,0.192862,0.259997,0.184499,0.947834,-0.013928,-0.001645,-0.001103,-1.296278,1.467997,4.977986,-0.886962,-0.115908,0.024852,0.313609,0.901395,0.366199,0.231036,-0.432785,0.772963,0.463853,-0.009853,-0.518565,0.854901,0.02033,0.042136,0.017042,-0.018793,-0.182633,0.116041,0.160464,0.036948,0.035998,-0.02386,-0.845767,-0.42721,0.319639,0.530456,-0.737705,0.417619,0.057389,0.522763,0.850543,0.010001,0.022032,0.009398,-0.063068,-0.858148,0.586777,0.034167,0.083003,0.034596,-0.053162,0.355169,0.922916,-0.148593,-0.926688,0.368507,0.073824,0.122891,0.11148,0.986138,-0.006772,-0.000271,-0.000159,0.150791,0.358385,0.08509,-0.623952
576,0.092278,0.021942,0.373616,0.340564,0.908335,-0.242876,-0.901227,0.389,0.190895,0.267446,0.152748,0.951403,-0.013991,-0.001814,-0.001221,0.033746,0.079501,0.042135,-0.83409,-0.115178,0.026448,0.314528,0.908268,0.361657,0.210345,-0.418246,0.780706,0.464222,0.002529,-0.51007,0.860049,0.008145,0.030782,0.026153,0.176661,-0.454535,0.540833,0.162144,0.037315,0.036821,-0.023384,-0.854637,-0.423638,0.300208,0.517128,-0.746406,0.418874,0.046626,0.513232,0.856982,0.003057,0.021725,0.009881,0.232329,-0.362776,0.381319,0.034167,0.0828,0.034569,-0.053209,0.431806,0.893182,-0.125572,-0.892851,0.443022,0.080909,0.127898,0.07718,0.988779,-0.000751,-0.002577,-0.001701,-0.015012,0.055969,0.141739,-0.65955
577,0.091833,0.021809,0.373515,0.376821,0.897537,-0.22908,-0.884168,0.42226,0.199789,0.275575,0.126147,0.95298,-0.013838,0.006075,-0.011877,-1.781033,1.922146,-0.873913,-0.788772,-0.114999,0.027195,0.315336,0.913443,0.359338,0.19102,-0.406537,0.787907,0.462454,0.014521,-0.500536,0.865516,-0.000803,0.00279,0.020319,0.042905,-0.040037,-0.025498,0.173691,0.037403,0.037231,-0.022954,-0.861992,-0.421942,0.280953,0.505663,-0.754738,0.41794,0.035699,0.502328,0.863939,-0.001324,0.007177,0.006464,0.074293,-0.168031,0.176906,0.044617,0.082579,0.034504,-0.053253,0.46514,0.878403,-0.109778,-0.875073,0.474988,0.092906,0.133753,0.052849,0.989603,-0.007353,-0.002104,-0.0014,0.002502,0.013001,-0.064201,-0.699883
578,0.091139,0.02203,0.373126,0.390014,0.895307,-0.215313,-0.876385,0.432681,0.211443,0.281977,0.105121,0.953659,-0.013425,0.007486,-0.010945,0.023903,0.006024,0.028938,-0.779986,-0.115061,0.02729,0.31564,0.91405,0.366332,0.174079,-0.404495,0.793817,0.454062,0.027,-0.485912,0.873512,0.001421,-0.009348,0.009379,0.596957,-0.24983,-0.26056,0.173233,0.03737,0.037285,-0.022796,-0.864233,-0.427927,0.264536,0.502487,-0.760005,0.412188,0.024663,0.489152,0.871849,-0.000139,0.000727,0.000654,0.087239,-0.035648,-0.048121,0.050169,0.08223,0.034609,-0.053451,0.475092,0.875076,-0.092352,-0.868823,0.483128,0.108319,0.139406,0.028777,0.989816,-0.012698,0.009868,-0.009341,0.043629,0.028433,0.085639,-0.739235
579,0.090916,0.022394,0.372712,0.403553,0.889381,-0.214922,-0.868958,0.446104,0.214183,0.285861,0.099221,0.953135,0.001004,0.025255,-0.030862,-0.151784,-0.344839,-0.124565,-0.77994,-0.115093,0.027298,0.315611,0.914145,0.367697,0.17067,-0.404103,0.795058,0.452235,0.029442,-0.482842,0.875134,0.00022,-0.001205,-0.001083,0.082928,-0.033429,-0.031651,0.17245,0.037356,0.037282,-0.02281,-0.864014,-0.430703,0.260717,0.502938,-0.762088,0.407768,0.023063,0.483442,0.875072,0.0002,-0.001106,-0.000994,0.015414,-0.010322,-0.022957,0.050332,0.082114,0.034786,-0.053649,0.488835,0.867816,-0.08907,-0.860857,0.496397,0.111868,0.141295,0.021992,0.989722,-0.006223,0.008975,-0.009923,-0.387562,-0.536497,-0.17781,-0.758667
580,0.090656,0.023693,0.371409,0.446514,0.867761,-0.218314,-0.842028,0.490046,0.225421,0.302035,0.082097,0.949769,-0.010479,0.039009,-0.03753,-0.452507,0.058176,1.442134,-0.782764,-0.11526,0.027265,0.315511,0.914557,0.367912,0.16798,-0.402984,0.79535,0.45272,0.031806,-0.482197,0.875407,-0.00145,0.00952,-0.009225,-0.405838,0.186383,0.164071,0.168039,0.037274,0.037252,-0.022866,-0.864272,-0.431947,0.257788,0.502588,-0.762834,0.406802,0.020933,0.481149,0.876388,9.9e-05,-0.000543,-0.000487,-0.525394,0.211722,0.199271,0.046577,0.081984,0.035445,-0.054312,0.529315,0.843738,-0.089054,-0.833472,0.536733,0.131304,0.158585,0.004723,0.987333,-0.005211,0.01951,-0.018749,-0.459904,0.067542,1.446899,-0.789366
581,0.09039,0.026057,0.369382,0.470864,0.854142,-0.220846,-0.821148,0.515851,0.244102,0.321831,0.06535,0.944553,-0.006165,0.074703,-0.06106,-0.053809,-0.249356,-0.438025,-0.796559,-0.115384,0.027462,0.315434,0.913837,0.366489,0.174868,-0.404942,0.792355,0.456212,0.027489,-0.488177,0.872233,-0.000471,0.002586,0.002326,-0.141477,0.164367,-0.114362,0.166862,0.037214,0.037343,-0.022918,-0.863423,-0.429289,0.264973,0.503909,-0.758885,0.412514,0.023997,0.489696,0.871562,-0.000291,0.001604,0.001445,-0.131155,0.037838,0.080476,0.043964,0.081859,0.036566,-0.055283,0.553659,0.827998,-0.088759,-0.813505,0.560566,0.154836,0.17796,-0.01352,0.983944,-0.003449,0.032403,-0.025916,-0.281722,-0.416357,-0.251131,-0.796714
582,0.090296,0.027543,0.368177,0.473725,0.851309,-0.225617,-0.81434,0.520987,0.255722,0.334648,0.061532,0.940346,-0.004781,0.086248,-0.068995,-1.535033,0.818076,4.759816,-0.800264,-0.115459,0.027601,0.315458,0.913228,0.364156,0.182747,-0.406672,0.78961,0.459422,0.021852,-0.494335,0.868918,-0.014182,0.002615,0.004123,-0.216095,0.853248,-0.274481,0.166677,0.037182,0.037408,-0.02291,-0.862666,-0.427781,0.269833,0.505067,-0.756812,0.4149,0.026727,0.494204,0.868934,-0.001241,0.007591,-0.002064,-0.648158,0.355403,0.082932,0.043474,0.081804,0.037334,-0.055905,0.552531,0.828262,-0.093223,-0.811586,0.560107,0.166154,0.189834,-0.016147,0.981683,-0.0024,0.042944,-0.034621,-0.595199,-0.679085,-0.569133,-0.800143
583,0.090252,0.031186,0.365102,0.442256,0.860933,-0.251493,-0.817625,0.502271,0.281397,0.368027,0.08011,0.926372,-0.003571,0.104057,-0.08813,-0.625688,-1.079607,-0.875225,-0.835368,-0.115536,0.027922,0.315629,0.911422,0.359216,0.200662,-0.411258,0.785468,0.462429,0.007352,-0.504445,0.863333,-0.001321,0.007262,0.006509,-0.267328,0.161989,0.09514,0.167707,0.037138,0.03757,-0.022823,-0.858762,-0.422074,0.290482,0.510629,-0.751748,0.41729,0.042243,0.506682,0.861097,-0.00066,0.003622,0.003246,-0.376509,0.365959,0.04368,0.043638,0.081784,0.039157,-0.057429,0.531963,0.837988,-0.121612,-0.816242,0.545684,0.189676,0.225309,-0.001636,0.974285,-0.001701,0.052111,-0.044015,-0.825089,-1.31134,-1.003703,-0.810267
584,0.090329,0.03515,0.361522,0.392305,0.876526,-0.279006,-0.823616,0.469802,0.31767,0.409031,0.104083,0.90658,-0.005004,0.098755,-0.090988,-0.682852,-0.997436,-1.081049,-0.946622,-0.115175,0.028375,0.315791,0.907377,0.355478,0.224261,-0.42,0.78314,0.458504,-0.013781,-0.510674,0.859584,0.01221,0.008041,0.005426,-0.034701,0.7617,-0.319459,0.167901,0.037309,0.037794,-0.022736,-0.853554,-0.418035,0.310952,0.517523,-0.749153,0.413447,0.060115,0.513824,0.855786,0.006038,0.004372,0.003022,-0.292765,0.084141,0.155494,0.044781,0.081824,0.041147,-0.059214,0.48746,0.859119,-0.155872,-0.829946,0.511357,0.222941,0.271239,0.02069,0.962289,0.004164,0.052812,-0.051025,-0.789793,-1.086551,-1.36409,-0.846517
585,0.090408,0.038958,0.357617,0.254424,0.917832,-0.304792,-0.864341,0.3572,0.353969,0.433435,0.172247,0.884586,0.006443,0.099584,-0.105361,0.982722,-3.241454,-6.750005,-1.160595,-0.114584,0.028865,0.315889,0.917095,0.300606,0.261849,-0.391953,0.799034,0.455907,-0.07333,-0.521121,0.850246,0.012319,0.007314,0.004762,0.289241,1.127636,1.252293,0.167374,0.037599,0.038041,-0.022685,-0.860751,-0.36848,0.351182,0.495642,-0.763871,0.413326,0.115956,0.529832,0.840137,0.006173,0.003644,0.002365,0.232063,2.472724,-1.115488,0.044454,0.081858,0.04302,-0.061123,0.366531,0.909309,-0.197004,-0.880022,0.407555,0.243841,0.302017,0.083993,0.949594,0.008726,0.042694,-0.049613,1.132158,-3.336744,-6.603174,-0.833291
586,0.090587,0.040496,0.355762,0.160901,0.934448,-0.317747,-0.886693,0.278277,0.369201,0.433216,0.221179,0.873745,0.016161,0.081071,-0.101873,1.124026,-3.465296,-6.553729,-1.32058,-0.114306,0.029033,0.315919,0.921705,0.251807,0.295034,-0.367464,0.809897,0.457134,-0.124993,-0.530073,0.838607,0.012651,0.005486,0.003126,0.032353,3.201013,-1.184432,0.166578,0.037746,0.038135,-0.022669,-0.868266,-0.315704,0.382681,0.467271,-0.779553,0.417077,0.166648,0.540949,0.824379,0.006438,0.002109,0.000987,-0.174366,2.073513,0.976519,0.043474,0.081952,0.043862,-0.062125,0.269572,0.9365,-0.224267,-0.912575,0.322796,0.251011,0.307464,0.136995,0.941645,0.007863,0.03996,-0.051385,1.152231,-3.430652,-6.56978,-0.861377
587,0.090961,0.042907,0.35206,-0.062152,0.935262,-0.348522,-0.916413,0.084895,0.39109,0.395432,0.342535,0.85225,0.011288,0.051041,-0.090703,2.43658,-3.833547,-7.105217,-1.567141,-0.113546,0.029149,0.315841,0.913295,0.124284,0.387861,-0.305043,0.839503,0.449574,-0.270878,-0.529064,0.804101,0.027144,0.001156,-0.002524,1.981948,6.506712,1.992334,0.164392,0.038129,0.0382,-0.022702,-0.858732,-0.18818,0.476621,0.408537,-0.812877,0.415124,0.309316,0.551198,0.774922,0.013478,0.000331,-0.001478,1.854387,6.578815,2.020362,0.041841,0.082134,0.045048,-0.063944,0.058172,0.955938,-0.287743,-0.956809,0.135626,0.257139,0.284835,0.260358,0.922541,-0.000645,0.026733,-0.044927,2.671953,-5.059144,-5.042927,-0.855335
