frame,MLTx,MLTy,MLTz,MLTR1,MLTR2,MLTR3,MLTR4,MLTR5,MLTR6,MLTR7,MLTR8,MLTR9,MLTTVx,MLTTVy,MLTTVz,MLTRVx,MLTRVy,MLTRVz,MLGA,MRTx,MRTy,MRTz,MRTR1,MRTR2,MRTR3,MRTR4,MRTR5,MRTR6,MRTR7,MRTR8,MRTR9,MRTTVx,MRTTVy,MRTTVz,MRTRVx,MRTRVy,MRTRVz,MRGA,SLTx,SLTy,SLTz,SLTR1,SLTR2,SLTR3,SLTR4,SLTR5,SLTR6,SLTR7,SLTR8,SLTR9,SLTTVx,SLTTVy,SLTTVz,SLTRVx,SLTRVy,SLTRVz,SLGA,SRTx,SRTy,SRTz,SRTR1,SRTR2,SRTR3,SRTR4,SRTR5,SRTR6,SRTR7,SRTR8,SRTR9,SRTTVx,SRTTVy,SRTTVz,SRTRVx,SRTRVy,SRTRVz,SRGA
519,0.098817,0.035595,0.406803,-0.133892,-0.833051,-0.53679,-0.658239,-0.33019,0.676512,-0.740654,0.444952,-0.503466,-0.013073,-0.009436,0.010185,0.013214,0.099049,-0.032758,0.412806,-0.15869,0.044637,0.358768,0.36892,-0.917529,0.148428,0.39881,0.300386,0.866402,-0.839982,-0.259274,0.476519,3.8e-05,-0.000738,-0.000443,0.0,-0.0,-0.0,-1.153001,0.040324,0.043384,0.002634,-0.163874,0.973912,0.156973,-0.407529,-0.211747,0.888303,0.898367,0.081599,0.431597,2.4e-05,-0.000453,-0.000272,-1.2e-05,1.7e-05,0.0,-0.782776,0.064909,0.042545,-0.036421,-0.135504,-0.771289,-0.621893,-0.53331,-0.472211,0.701852,-0.834996,0.426765,-0.347349,-0.012888,-0.008734,0.010531,0.662554,-0.153747,-0.717917,0.188582
520,0.098419,0.035234,0.407254,-0.138748,-0.837369,-0.528779,-0.650628,-0.3255,0.68608,-0.746454,0.440272,-0.498992,-0.012501,-0.00732,0.01122,-0.049814,0.198004,-0.406002,0.474177,-0.15874,0.044529,0.358686,0.368745,-0.917309,0.150207,0.398189,0.30178,0.866203,-0.840353,-0.258433,0.476321,0.000205,-0.003969,-0.002386,0.0,-0.0,-0.0,-1.177418,0.040299,0.043333,0.0026,-0.163659,0.973661,0.158737,-0.407196,-0.213232,0.8881,0.898558,0.080708,0.431368,0.000104,-0.002002,-0.001204,-4.3e-05,1.7e-05,-4e-06,-0.783266,0.064709,0.042365,-0.0362,-0.139168,-0.780373,-0.60963,-0.517672,-0.467473,0.716577,-0.844184,0.415313,-0.338921,-0.005828,0.001486,0.00094,0.161747,0.016064,-0.356214,0.386163
521,0.098231,0.03508,0.407423,-0.138971,-0.838738,-0.526546,-0.648571,-0.324753,0.688377,-0.7482,0.43821,-0.498192,-0.013167,-0.009701,0.010068,-0.044251,0.127225,-0.252467,0.495731,-0.158765,0.044462,0.358614,0.368672,-0.91722,0.15093,0.397985,0.30236,0.866095,-0.840482,-0.258073,0.47629,0.000236,-0.004576,-0.002753,-0.012983,0.104155,-0.168919,-1.200796,0.040286,0.043301,0.002559,-0.163586,0.973579,0.159316,-0.407174,-0.213726,0.887992,0.898581,0.080393,0.431378,0.000144,-0.002774,-0.00167,-0.001898,0.015099,-0.024473,-0.783756,0.064612,0.042287,-0.036106,-0.13955,-0.782102,-0.607323,-0.514338,-0.466847,0.719381,-0.846157,0.412759,-0.337116,-0.00659,-0.004852,0.005041,0.112708,0.00403,-0.147404,0.435804
522,0.097776,0.034838,0.407762,-0.134114,-0.840827,-0.52447,-0.644974,-0.327779,0.69032,-0.752191,0.431897,-0.497696,-0.012583,-0.007555,0.011115,-0.035853,0.03165,-0.045956,0.521756,-0.158771,0.044333,0.358448,0.368588,-0.91713,0.151677,0.397884,0.30299,0.865921,-0.840566,-0.257654,0.476367,0.000238,-0.004611,-0.00278,0.0,-0.0,-0.0,-1.250053,0.040284,0.043233,0.002475,-0.163465,0.973454,0.160206,-0.407184,-0.214486,0.887804,0.898598,0.079892,0.431435,-0.000396,0.002868,-0.005676,0.03458,0.005403,-0.005851,-0.786042,0.064387,0.042164,-0.035942,-0.134144,-0.783827,-0.606316,-0.509292,-0.470327,0.720703,-0.850074,0.40547,-0.336106,-0.000392,-0.004981,0.004768,0.123408,-0.099559,0.078656,0.495568
523,0.097598,0.034589,0.407948,-0.127476,-0.841269,-0.525416,-0.64374,-0.33286,0.689039,-0.754406,0.427114,-0.49847,-0.001105,-0.003957,-0.001921,-0.001076,0.012052,-0.026156,0.524466,-0.158754,0.044277,0.358279,0.368473,-0.91702,0.152623,0.397799,0.303795,0.865678,-0.840657,-0.257102,0.476506,0.000174,-0.003373,-0.002036,0.0,0.0,0.0,-1.262149,0.040292,0.043203,0.002389,-0.163328,0.973322,0.161146,-0.407279,-0.215292,0.887565,0.89858,0.079333,0.431576,0.0001,-0.0019,-0.001147,-0.001889,0.015108,-0.024465,-0.787348,0.064296,0.042045,-0.035841,-0.126401,-0.783892,-0.607894,-0.505949,-0.476162,0.719224,-0.853251,0.398475,-0.336422,-0.006336,-0.000315,6.5e-05,0.087245,-0.133269,0.052224,0.513856
524,0.097414,0.034373,0.407967,-0.125178,-0.840327,-0.527471,-0.645822,-0.334609,0.686238,-0.753013,0.427599,-0.500157,-0.001118,-0.003995,-0.001943,-0.004507,0.000166,0.00498,0.525668,-0.158735,0.044331,0.358121,0.368382,-0.916947,0.153275,0.397936,0.304404,0.865401,-0.840632,-0.25664,0.476799,-0.001009,0.009839,-0.008876,0.036481,-0.009706,0.018606,-1.27914,0.040302,0.043223,0.002311,-0.163219,0.97323,0.161809,-0.407525,-0.21587,0.887312,0.898489,0.078885,0.431849,4e-05,-0.000717,-0.000434,-2.1e-05,7e-06,-3e-06,-0.787838,0.064203,0.041935,-0.035833,-0.120545,-0.782868,-0.610397,-0.505409,-0.480825,0.716496,-0.854417,0.394871,-0.337708,-0.000543,-0.001937,-0.000937,0.034264,-0.085373,0.113391,0.518265
525,0.097392,0.034289,0.407937,-0.123892,-0.839568,-0.528982,-0.647603,-0.33553,0.684107,-0.751697,0.42837,-0.501476,-0.001081,-0.003864,-0.001881,-1e-06,0.0,1e-06,0.525384,-0.158748,0.044358,0.358071,0.368331,-0.916895,0.153711,0.397907,0.304779,0.865282,-0.840668,-0.256384,0.476873,-0.012134,-0.001435,5.7e-05,-0.002045,0.015205,-0.029245,-1.283293,0.040295,0.04324,0.002283,-0.16316,0.97317,0.162227,-0.407607,-0.216232,0.887186,0.898462,0.078628,0.431951,-0.006069,-0.000616,9.1e-05,-0.002067,0.015212,-0.029244,-0.788491,0.064191,0.04189,-0.035849,-0.118101,-0.781884,-0.612133,-0.506069,-0.482993,0.71457,-0.854368,0.394173,-0.338646,-0.000635,-0.002267,-0.001101,0.071514,0.030086,-0.158789,0.518919
526,0.097308,0.034095,0.407832,-0.116767,-0.838818,-0.531784,-0.649043,-0.340869,0.68009,-0.751603,0.425606,-0.503963,-0.001878,-0.006707,-0.003272,0.006367,-0.071079,0.154374,0.526081,-0.158763,0.044411,0.357993,0.368235,-0.916793,0.154546,0.397819,0.305488,0.865073,-0.840752,-0.255905,0.476982,1.5e-05,-0.000292,-0.000177,0.0,0.0,0.0,-1.283112,0.040288,0.043269,0.002245,-0.163044,0.973051,0.163057,-0.407676,-0.216944,0.88698,0.898452,0.078142,0.432061,8e-06,-0.000117,-6.9e-05,-2.1e-05,3e-06,4e-06,-0.788165,0.064151,0.041797,-0.035899,-0.112896,-0.779835,-0.61572,-0.507477,-0.487506,0.710495,-0.854236,0.392676,-0.340711,-0.000895,-0.003202,-0.00156,0.073494,-0.08203,0.053308,0.519408
527,0.097194,0.033761,0.407659,-0.11203,-0.839533,-0.531675,-0.646975,-0.344513,0.680225,-0.754109,0.42123,-0.503896,-0.002576,-0.00919,-0.0045,0.006366,-0.071083,0.154372,0.525763,-0.158777,0.044447,0.357937,0.361548,-0.920454,0.148456,0.400521,0.296997,0.866781,-0.842361,-0.252755,0.475821,5.9e-05,-0.001146,-0.000693,-0.000117,7.6e-05,5.6e-05,-1.285022,0.040281,0.04329,0.002219,-0.155997,0.975269,0.156571,-0.408464,-0.208017,0.888754,0.899345,0.074689,0.430813,3.9e-05,-0.000732,-0.00044,0.00458,0.000394,-0.003729,-0.788165,0.064094,0.041631,-0.035985,-0.109137,-0.780043,-0.616134,-0.50526,-0.49026,0.71018,-0.856037,0.388815,-0.340619,-0.001285,-0.004594,-0.002249,0.077626,-0.07368,0.03873,0.519245
528,0.097159,0.033591,0.407597,-0.11176,-0.839485,-0.531808,-0.647036,-0.344733,0.680055,-0.754097,0.421146,-0.503985,-0.002161,-0.007706,-0.00378,-0.001079,0.012044,-0.02616,0.525982,-0.158769,0.044464,0.357925,0.356094,-0.922587,0.148401,0.402338,0.294589,0.866762,-0.843811,-0.24777,0.475874,1e-06,-1.4e-05,-9e-06,0.000596,0.003493,0.001918,-1.294828,0.040285,0.043296,0.002212,-0.15023,0.976227,0.15624,-0.409773,-0.205304,0.888782,0.89973,0.069499,0.430875,-2e-06,2.2e-05,1.9e-05,0.00316,0.011637,0.004622,-0.786532,0.064076,0.041544,-0.036017,-0.10747,-0.780065,-0.616399,-0.504235,-0.491569,0.710004,-0.856853,0.387113,-0.340508,-0.000949,-0.003387,-0.001661,0.059179,-0.075925,0.066014,0.519408
529,0.096977,0.033248,0.407421,-0.111806,-0.839492,-0.531788,-0.647012,-0.344706,0.680092,-0.754111,0.421155,-0.503957,-0.003406,-0.012122,-0.005969,-2.932377,3.687219,-2.630572,0.52668,-0.158774,0.044528,0.357919,0.350798,-0.925053,0.145632,0.405246,0.290037,0.866942,-0.844631,-0.243931,0.476403,-5.2e-05,0.001001,0.000605,0.074539,0.420201,0.256329,-1.326338,0.040278,0.043326,0.002208,-0.146435,0.977268,0.153306,-0.41131,-0.201097,0.889035,0.899655,0.06713,0.431408,0.000105,0.000882,0.000254,0.816573,4.659388,2.884228,-0.793226,0.063987,0.041379,-0.036103,-0.10472,-0.780213,-0.616684,-0.50262,-0.493549,0.709776,-0.85814,0.384286,-0.340467,-0.001425,-0.001482,-0.007944,0.038153,-0.114123,0.091517,0.519408
530,0.09676,0.032637,0.407132,-0.103914,-0.838506,-0.534934,-0.648457,-0.350723,0.675625,-0.754008,0.418131,-0.506621,-0.004535,-0.016105,-0.007982,2.940227,-3.721253,2.790302,0.526179,-0.158806,0.044708,0.357918,0.350785,-0.925049,0.145689,0.405449,0.290142,0.866812,-0.844539,-0.243821,0.476623,-0.000121,0.00235,0.00142,-0.0,0.0,0.0,-1.3581,0.040267,0.043417,0.002208,-0.144695,0.977535,0.153256,-0.411903,-0.200335,0.888932,0.899665,0.065498,0.431637,-0.006693,0.006635,-0.002935,0.034372,0.005139,-0.011028,-0.793553,0.063876,0.041068,-0.03625,-0.10754,-0.776682,-0.620644,-0.508981,-0.493243,0.705442,-0.854033,0.391759,-0.342273,-0.002329,-0.008289,-0.004103,0.08841,-0.085822,0.065748,0.519572
531,0.096443,0.031974,0.406752,-0.105165,-0.834981,-0.540179,-0.657174,-0.349358,0.667864,-0.746247,0.426266,-0.511312,-0.005362,-0.018981,-0.009481,-0.002563,0.024111,-0.051867,0.526287,-0.158856,0.044909,0.357942,0.349115,-0.925714,0.14548,0.404035,0.288655,0.867968,-0.845905,-0.243067,0.474579,-0.000216,0.004196,0.002531,-0.034805,0.021547,0.016078,-1.39957,0.040242,0.043515,0.002218,-0.14296,0.977843,0.152917,-0.409884,-0.199126,0.890136,0.900864,0.064575,0.429269,-0.000131,0.002553,0.001541,-0.01069,0.008294,0.038154,-0.794043,0.063719,0.040742,-0.036437,-0.1081,-0.771407,-0.627093,-0.517767,-0.494797,0.69792,-0.848664,0.400133,-0.345921,-0.002668,-0.009467,-0.004723,0.116192,-0.081633,0.021518,0.521531
532,0.096255,0.031647,0.406514,-0.097303,-0.833375,-0.544117,-0.659968,-0.355224,0.661989,-0.744855,0.42455,-0.514757,-0.00575,-0.020315,-0.010189,-0.00256,0.024121,-0.051863,0.526208,-0.158895,0.045085,0.357984,0.349123,-0.925725,0.145391,0.4042,0.288624,0.867901,-0.845823,-0.243062,0.474729,-0.000397,0.007724,0.004654,0.001375,-0.014836,0.024675,-1.401378,0.040222,0.043597,0.002235,-0.142909,0.977857,0.152879,-0.410242,-0.199095,0.889978,0.900709,0.064468,0.429611,-0.000199,0.003837,0.002313,0.010143,-0.016125,0.022716,-0.794043,0.063623,0.040571,-0.036559,-0.099197,-0.768553,-0.632048,-0.518876,-0.502038,0.691898,-0.849073,0.396589,-0.348984,-0.002905,-0.010284,-0.005152,0.114781,-0.058276,-0.016581,0.522184
533,0.095812,0.031064,0.405869,-0.084947,-0.83017,-0.551042,-0.660772,-0.367027,0.654709,-0.745669,0.420762,-0.516687,-0.017862,-0.011114,-0.019818,0.039829,0.049202,-0.083941,0.525934,-0.159056,0.045625,0.358141,0.345825,-0.927072,0.144689,0.401407,0.285433,0.870249,-0.848501,-0.241698,0.470629,-0.012759,0.011539,0.007842,-0.109731,0.067803,0.045816,-1.401865,0.040146,0.043865,0.002312,-0.139696,0.978462,0.15197,-0.406683,-0.196628,0.892157,0.902825,0.062827,0.425392,-0.000883,0.012322,1.7e-05,-0.091501,0.057146,0.103821,-0.792737,0.063411,0.040291,-0.036866,-0.091411,-0.764928,-0.637595,-0.522268,-0.508325,0.684719,-0.847867,0.395587,-0.353031,-0.008854,-0.005328,-0.009784,0.030056,-0.161928,0.168312,0.522184
534,0.095462,0.030683,0.404902,-0.076818,-0.826928,-0.557077,-0.661277,-0.37593,0.649124,-0.746113,0.419275,-0.517254,-0.006315,-0.01491,-0.022232,0.032049,0.020042,-0.061705,0.52628,-0.159443,0.046541,0.358372,0.341122,-0.929479,0.140343,0.398599,0.278116,0.873902,-0.851717,-0.240987,0.465152,-0.014167,0.030329,0.004278,-0.186558,0.113752,0.141986,-1.401736,0.039954,0.044312,0.002427,-0.135119,0.979802,0.147407,-0.40248,-0.190221,0.895447,0.905401,0.061663,0.420053,-0.007105,0.015505,0.002348,-0.275969,0.149156,0.167922,-0.792084,0.063231,0.040096,-0.037346,-0.082134,-0.761975,-0.642375,-0.524821,-0.514874,0.677839,-0.84724,0.392806,-0.357613,-0.002708,-0.002331,-0.015791,0.079022,-0.162771,0.064673,0.520551
535,0.095322,0.030582,0.404325,-0.073235,-0.825256,-0.560033,-0.663653,-0.378865,0.64498,-0.744366,0.419928,-0.519238,-0.005892,-0.006187,-0.032434,0.066109,0.002312,-0.045213,0.526456,-0.159775,0.047182,0.358522,0.336236,-0.931473,0.138909,0.394414,0.273091,0.877379,-0.855594,-0.239036,0.459002,-0.026449,0.034596,0.007663,-0.558131,0.439136,0.134126,-1.401872,0.039793,0.044629,0.002499,-0.131234,0.980564,0.145843,-0.398503,-0.186885,0.897924,0.907729,0.05972,0.415283,-0.007192,0.017698,0.003629,-0.040471,0.054617,0.088861,-0.790777,0.063159,0.040042,-0.037641,-0.077038,-0.760213,-0.645089,-0.526719,-0.518323,0.673726,-0.846541,0.391683,-0.360488,-0.002845,-0.002801,-0.016059,0.074932,-0.145966,0.04016,0.520061
536,0.095129,0.030637,0.402794,-0.059516,-0.81903,-0.570696,-0.672338,-0.38972,0.629326,-0.737783,0.422174,-0.526758,-0.004732,0.005114,-0.041334,0.059545,-0.110237,0.232237,0.526135,-0.160709,0.048717,0.358767,0.326716,-0.93574,0.132809,0.387581,0.260692,0.884169,-0.862368,-0.23621,0.447649,-0.026339,0.035979,0.008325,-0.244824,0.162336,0.13845,-1.402266,0.039325,0.045405,0.002627,-0.119887,0.983009,0.138991,-0.387002,-0.175199,0.905281,0.914251,0.054742,0.40143,-0.013737,0.024334,0.000603,-0.246523,0.275803,0.032363,-0.790451,0.063061,0.040059,-0.038406,-0.063252,-0.753081,-0.65488,-0.535846,-0.527959,0.658883,-0.841942,0.392591,-0.370142,-0.002466,0.002126,-0.020888,0.018817,-0.156687,0.054986,0.519408
537,0.095043,0.031069,0.400893,-0.051373,-0.814598,-0.577786,-0.677515,-0.396648,0.619367,-0.733657,0.424291,-0.530804,-0.004296,0.013852,-0.051499,0.142974,-0.117337,0.166464,0.525982,-0.16211,0.050592,0.358757,0.330413,-0.934971,0.129024,0.372473,0.254654,0.892384,-0.867607,-0.24561,0.4322,-0.039015,0.044448,-0.000539,-0.490184,0.337037,0.256851,-1.402194,0.038644,0.046326,0.002632,-0.125096,0.982813,0.135749,-0.372101,-0.173312,0.911867,0.919723,0.063558,0.387386,-0.019548,0.022949,0.000178,-0.663505,0.451797,0.373261,-0.786532,0.063019,0.04027,-0.039332,-0.054936,-0.749517,-0.6597,-0.543419,-0.531835,0.649496,-0.837661,0.394175,-0.378086,0.004059,0.006257,-0.026261,-0.004315,-0.16439,0.076219,0.519408
538,0.095062,0.031334,0.399872,-0.046881,-0.814159,-0.578786,-0.675621,-0.400964,0.618657,-0.735707,0.421055,-0.530543,0.007508,0.010578,-0.053568,0.144796,-0.144965,0.221775,0.526294,-0.162895,0.051427,0.358709,0.340758,-0.931886,0.124354,0.36384,0.252557,0.896532,-0.867283,-0.259072,0.424931,-0.038748,0.0417,-0.002183,-0.476509,0.28442,0.229094,-1.402056,0.038236,0.04677,0.002608,-0.135496,0.982022,0.131424,-0.362367,-0.172576,0.915919,0.922133,0.07648,0.379236,-0.025351,0.020381,-0.000891,-0.709467,0.281609,0.226563,-0.789634,0.063026,0.040413,-0.039881,-0.050849,-0.750143,-0.659317,-0.543692,-0.532977,0.64833,-0.837742,0.391433,-0.380746,0.003737,0.005114,-0.026873,0.007808,-0.179468,0.093391,0.519572
539,0.095141,0.03179,0.397744,-0.045783,-0.811819,-0.58215,-0.678077,-0.40271,0.614824,-0.733514,0.4239,-0.531312,0.007305,0.009812,-0.054029,0.056702,-0.041702,0.116084,0.526416,-0.164548,0.053029,0.358502,0.35213,-0.928857,0.11498,0.351799,0.245071,0.903389,-0.867722,-0.27648,0.412893,-0.038313,0.03777,-0.004515,-0.512033,0.20539,0.41989,-1.402661,0.037395,0.047587,0.002503,-0.14765,0.981391,0.122756,-0.349268,-0.167857,0.921865,0.925316,0.093239,0.367552,-0.01915,0.018634,-0.002364,-0.417198,0.198027,0.392993,-0.800738,0.063062,0.040636,-0.040926,-0.045627,-0.750187,-0.659648,-0.547229,-0.533673,0.644773,-0.835738,0.390398,-0.386175,-0.002283,0.006327,-0.026099,-0.027481,-0.177569,0.071633,0.519735
540,0.095257,0.032163,0.395656,-0.039547,-0.808538,-0.587152,-0.681395,-0.407992,0.60763,-0.730804,0.425118,-0.534066,-0.004633,0.012667,-0.05226,-0.836569,0.97492,-0.897762,0.526207,-0.166244,0.054422,0.358394,0.36797,-0.923174,0.111077,0.342666,0.245562,0.906759,-0.864818,-0.294423,0.40653,-0.03806,0.038218,-0.004316,-0.92829,-4.786374,-2.064146,-1.40274,0.036561,0.048263,0.002448,-0.158433,0.980129,0.119351,-0.341141,-0.167772,0.924919,0.926564,0.105822,0.360942,-0.024474,0.01275,0.001858,-0.568398,0.299697,0.21215,-0.801718,0.063121,0.040816,-0.04195,-0.03574,-0.747717,-0.663054,-0.551582,-0.538507,0.636998,-0.833354,0.388495,-0.393181,0.003412,0.000317,-0.022138,0.023325,-0.150062,0.106501,0.519898
541,0.095356,0.032442,0.393793,-0.035876,-0.806273,-0.590493,-0.683601,-0.411233,0.60295,-0.728936,0.426295,-0.535679,0.007063,0.001636,-0.04382,0.102378,-0.028862,0.000661,0.525572,-0.167919,0.055474,0.358541,0.38367,-0.917404,0.105625,0.33361,0.244224,0.91049,-0.861549,-0.312923,0.399594,-0.036927,0.028732,0.00454,-0.304405,-0.274961,-0.086388,-1.402729,0.035724,0.048788,0.002516,-0.180214,0.976896,0.114876,-0.33032,-0.170111,0.928412,0.926504,0.129367,0.353344,-0.023913,0.008356,0.006467,-0.577278,-1.280576,-0.57765,-0.810699,0.063171,0.04096,-0.042891,-0.031406,-0.746966,-0.664119,-0.555893,-0.539148,0.632693,-0.830659,0.38905,-0.398302,0.003949,0.005757,-0.026616,-0.002707,-0.14247,0.020246,0.520061
542,0.095441,0.032546,0.39299,-0.038133,-0.805889,-0.590876,-0.684621,-0.40968,0.602851,-0.727862,0.428516,-0.535369,0.008113,0.00526,-0.041868,0.10918,-0.130692,0.204092,0.525079,-0.168772,0.055926,0.358708,0.398255,-0.911062,0.10654,0.3274,0.249559,0.911298,-0.857319,-0.326888,0.397506,-0.047725,0.017454,0.013253,-0.140219,-0.372995,-0.227515,-1.402696,0.035302,0.049019,0.002596,-0.195114,0.973845,0.116429,-0.324765,-0.176164,0.929243,0.92545,0.143496,0.350643,-0.018417,0.014692,0.002452,-0.199918,-1.465102,-0.659685,-0.815434,0.063209,0.041008,-0.043311,-0.033122,-0.747709,-0.663199,-0.558182,-0.536594,0.632849,-0.829056,0.391147,-0.399585,0.004045,0.002487,-0.021011,0.009761,-0.120213,0.049794,0.520061
543,0.095845,0.032782,0.391371,-0.030142,-0.803861,-0.594091,-0.684851,-0.416341,0.598006,-0.728029,0.425889,-0.537233,0.020651,0.004214,-0.042757,0.108613,-0.146079,0.234806,0.525171,-0.170629,0.05665,0.359089,0.420198,-0.901196,0.106167,0.315512,0.25467,0.914073,-0.851307,-0.349447,0.391187,-0.047442,0.014161,0.011311,-0.104998,-0.040122,-0.112083,-1.402731,0.034373,0.049388,0.002791,-0.219083,0.968638,0.117221,-0.314034,-0.183748,0.93146,0.923788,0.167256,0.344442,-0.023745,0.007523,0.005947,-0.118761,-0.370602,-0.234617,-0.818537,0.063408,0.041129,-0.044118,-0.025527,-0.746005,-0.66545,-0.560263,-0.540623,0.627559,-0.82792,0.388847,-0.404159,0.004277,0.003268,-0.02061,0.028477,-0.129153,0.037753,0.520061
544,0.09662,0.033162,0.389556,-0.034472,-0.803211,-0.594734,-0.686445,-0.413502,0.598148,-0.726328,0.42987,-0.536364,0.022353,0.017303,-0.050357,0.139075,-0.073764,0.072051,0.524627,-0.172591,0.05736,0.359307,0.47238,-0.874018,0.113758,0.290119,0.275932,0.916311,-0.832839,-0.39873,0.383741,-0.059796,0.019814,0.001044,-1.011348,-4.568215,-3.083415,-1.402898,0.033397,0.049748,0.002907,-0.27044,0.954383,0.126546,-0.295516,-0.207392,0.932554,0.916259,0.214804,0.338123,-0.024024,0.009839,0.000141,-0.839251,0.85226,-2.61175,-0.820986,0.063803,0.041319,-0.045043,-0.025238,-0.747465,-0.663821,-0.561792,-0.538654,0.627885,-0.826893,0.388777,-0.406325,0.011259,0.008835,-0.025084,0.005659,-0.116726,0.002842,0.520551
545,0.0973,0.033645,0.388505,-0.041719,-0.801082,-0.597137,-0.688392,-0.41014,0.598225,-0.724093,0.437018,-0.533603,0.037038,0.031207,-0.057664,0.250823,0.124021,0.227835,0.523552,-0.17363,0.057782,0.359222,0.4987,-0.857314,0.127683,0.269493,0.293238,0.917234,-0.824409,-0.421921,0.377088,-0.060477,0.026398,-0.00948,-0.408523,0.370606,-0.151522,-1.403002,0.032878,0.04996,0.00287,-0.305296,0.941383,0.143494,-0.278161,-0.232277,0.932026,0.910724,0.24463,0.33277,-0.023973,0.00786,-0.000982,-0.590469,0.542177,-0.727092,-0.823762,0.06414,0.041553,-0.045572,-0.027288,-0.748426,-0.662655,-0.564089,-0.535743,0.628316,-0.825262,0.390942,-0.40756,0.01865,0.015943,-0.028654,-0.02676,-0.10156,-0.027727,0.520388
546,0.09915,0.035255,0.386103,-0.044165,-0.798725,-0.600111,-0.687161,-0.411763,0.598525,-0.725114,0.439799,-0.529918,0.051559,0.045223,-0.064711,-0.784723,0.93407,-0.861852,0.522391,-0.175878,0.058972,0.358426,0.599085,-0.780807,0.177282,0.189542,0.353278,0.91608,-0.778649,-0.514209,0.359387,-0.050074,0.038287,-0.031959,-1.883397,-5.361494,-5.137219,-1.403137,0.03175,0.050556,0.002483,-0.409448,0.891103,0.195669,-0.214703,-0.302562,0.928632,0.886709,0.338216,0.315206,-0.030708,0.018718,-0.015927,-1.140699,-5.037258,-2.053795,-0.829314,0.065047,0.042345,-0.046746,-0.026736,-0.750445,-0.660391,-0.566911,-0.532736,0.628334,-0.823344,0.391182,-0.411193,0.025952,0.023073,-0.032121,-0.028379,-0.154992,0.049853,0.519735
547,0.101801,0.037311,0.3833,-0.047516,-0.795607,-0.603985,-0.687421,-0.412678,0.597597,-0.724652,0.444576,-0.526554,0.077717,0.05636,-0.073464,0.222159,-0.183841,0.266767,0.520082,-0.178248,0.06097,0.356497,0.660408,-0.708516,0.248711,0.099826,0.410967,0.906132,-0.745035,-0.572681,0.341792,-0.063837,0.060144,-0.061094,-0.0624,0.152003,-0.750812,-1.403191,0.03057,0.051549,0.001532,-0.48683,0.829588,0.273455,-0.135707,-0.38109,0.914523,0.862889,0.408108,0.298108,-0.031576,0.023822,-0.026883,-0.673785,0.87059,-3.242348,-0.833723,0.066362,0.043368,-0.048145,-0.025947,-0.752311,-0.658296,-0.570335,-0.529685,0.627813,-0.821001,0.391739,-0.415326,0.038902,0.028133,-0.036798,-0.053585,-0.102574,-0.008216,0.518429
548,0.105195,0.039769,0.380346,-0.052716,-0.796102,-0.6029,-0.683059,-0.411689,0.603253,-0.7284,0.444607,-0.52133,0.091319,0.06975,-0.080552,0.858629,-0.081007,-0.430002,0.521113,-0.180577,0.062874,0.353834,0.701216,-0.633684,0.3267,0.011065,0.467701,0.88378,-0.7137,-0.615292,0.334531,-0.064543,0.05242,-0.079229,-0.181615,-1.559589,-1.044205,-1.403253,0.029405,0.052514,0.000213,-0.536519,0.765728,0.354693,-0.062565,-0.455244,0.888165,0.841565,0.454326,0.292155,-0.025825,0.019677,-0.036644,-1.698842,-5.05059,-3.045777,-0.828008,0.068055,0.044596,-0.049617,-0.026443,-0.755099,-0.655077,-0.572746,-0.52564,0.629018,-0.819306,0.391826,-0.418581,0.039303,0.030814,-0.035108,0.084481,-0.126197,-0.21201,0.516959
549,0.10698,0.040974,0.378897,-0.058472,-0.796456,-0.6019,-0.68131,-0.408873,0.607134,-0.729591,0.446571,-0.517975,0.090161,0.059369,-0.071455,0.26555,-0.223818,0.30361,0.521662,-0.181777,0.063793,0.352176,0.738722,-0.571824,0.356789,-0.038935,0.492103,0.869627,-0.673764,-0.655569,0.340785,-0.065339,0.05435,-0.092138,-2.018076,-6.225996,-3.119651,-1.403234,0.028806,0.052974,-0.00061,-0.58054,0.716481,0.386817,-0.02271,-0.489133,0.871912,0.813914,0.497396,0.300232,-0.032482,0.026188,-0.046543,-1.562001,-4.671123,-3.168445,-0.830784,0.068949,0.045205,-0.050343,-0.030957,-0.759067,-0.650275,-0.572145,-0.519998,0.634232,-0.819567,0.391685,-0.418199,0.045145,0.029695,-0.035776,0.164742,-0.115838,-0.313209,0.517122
550,0.111006,0.043211,0.37609,-0.066235,-0.798276,-0.598676,-0.672356,-0.407642,0.617849,-0.737186,0.444439,-0.508978,0.101941,0.059534,-0.071269,0.422929,-0.115256,0.001687,0.520086,-0.184179,0.065853,0.348152,0.801367,-0.426568,0.419334,-0.144565,0.54195,0.827843,-0.581383,-0.723475,0.372076,-0.054574,0.052841,-0.107786,0.489935,-1.497181,-1.851982,-1.403481,0.02762,0.053979,-0.002578,-0.670097,0.588246,0.452699,0.069036,-0.557848,0.827066,0.739056,0.585467,0.333202,-0.033124,0.025934,-0.053733,0.778691,-0.496318,-1.222939,-0.847602,0.07092,0.046306,-0.051722,-0.033343,-0.766324,-0.641587,-0.565622,-0.514781,0.64426,-0.82399,0.384378,-0.416285,0.057047,0.028792,-0.036374,1.98443,-0.479365,-1.930498,0.516796
551,0.114939,0.04538,0.373512,-0.07509,-0.80385,-0.590112,-0.651652,-0.408406,0.639161,-0.754709,0.433541,-0.492426,0.10101,0.051633,-0.060769,0.266261,-0.112788,0.109478,0.514387,-0.186485,0.067435,0.343939,0.821515,-0.328159,0.466279,-0.217501,0.575381,0.788393,-0.528026,-0.748664,0.400692,-0.054483,0.028848,-0.10784,-1.697391,-4.287531,-3.392586,-1.403924,0.026446,0.054796,-0.004726,-0.708956,0.494993,0.502356,0.130785,-0.607676,0.783341,0.693019,0.621056,0.366078,-0.033352,0.019768,-0.057416,1.051269,-0.02603,-1.466748,-0.853644,0.072962,0.04743,-0.053062,-0.037623,-0.777076,-0.62828,-0.542833,-0.511981,0.665738,-0.838997,0.366098,-0.40256,0.050575,0.02591,-0.030397,0.25771,-0.141124,0.117885,0.51304
552,0.11691,0.046464,0.372249,-0.078681,-0.806504,-0.586009,-0.641451,-0.409048,0.648994,-0.763031,0.427962,-0.484417,0.100501,0.051126,-0.060915,0.214894,-0.019133,-0.014133,0.504862,-0.187669,0.067922,0.341841,0.831585,-0.273889,0.483158,-0.256994,0.581233,0.772046,-0.493315,-0.76583,0.412318,-0.054737,0.026418,-0.109574,-1.874012,-4.155751,-3.424694,-1.404118,0.025833,0.055044,-0.00582,-0.7311,0.440493,0.521015,0.170161,-0.621794,0.764471,0.660709,0.647562,0.379639,-0.027312,0.012454,-0.055042,-1.851763,-4.168748,-3.433068,-0.856584,0.073911,0.047956,-0.053669,-0.04025,-0.780414,-0.623966,-0.531834,-0.51193,0.674595,-0.84589,0.358999,-0.394445,0.050699,0.031054,-0.034723,0.258622,-0.149837,0.181317,0.507161
553,0.120872,0.048646,0.369596,-0.076912,-0.811885,-0.578769,-0.618859,-0.416284,0.666102,-0.781643,0.410417,-0.469701,0.09984,0.059156,-0.070629,0.306034,-0.01753,-0.061146,0.463249,-0.189949,0.068667,0.337641,0.847858,-0.166908,0.503258,-0.332073,0.572541,0.749571,-0.4143,-0.802423,0.429344,-0.055316,0.021976,-0.113029,-0.402107,-1.194415,-1.114869,-1.404352,0.024714,0.055404,-0.007879,-0.768513,0.338559,0.542921,0.244281,-0.629004,0.738024,0.591365,0.699807,0.400694,-0.027304,0.004829,-0.052947,-2.422172,-4.400469,-2.398621,-0.862462,0.075893,0.049049,-0.054989,-0.03683,-0.785904,-0.61725,-0.507009,-0.517573,0.689245,-0.861152,0.338336,-0.379398,0.050058,0.029967,-0.035158,0.458123,0.066444,-0.316883,0.472381
554,0.124877,0.051188,0.366921,-0.06569,-0.815097,-0.575628,-0.600019,-0.428687,0.675409,-0.797214,0.390767,-0.460194,0.100846,0.068589,-0.064902,0.246705,-0.043848,0.035833,0.370918,-0.192037,0.068882,0.333273,0.850341,-0.070671,0.521456,-0.400624,0.555268,0.728774,-0.34211,-0.828509,0.443167,-0.043913,0.002459,-0.112844,0.268936,-0.398501,-0.784227,-1.405999,0.023665,0.05552,-0.010062,-0.789949,0.244985,0.562104,0.314623,-0.624895,0.714505,0.5263,0.741274,0.416557,-0.021671,-0.004792,-0.052927,-0.281931,-1.426435,-1.4283,-0.848419,0.077892,0.050302,-0.056337,-0.024809,-0.787947,-0.615241,-0.486007,-0.528301,0.696199,-0.873602,0.316284,-0.369842,0.050766,0.039517,-0.036804,0.280765,0.053589,-0.139229,0.389266
555,0.128922,0.054453,0.364172,-0.061468,-0.81486,-0.576429,-0.59142,-0.435507,0.678623,-0.803952,0.383638,-0.454434,0.101527,0.085977,-0.069028,0.282243,-0.056473,0.054477,0.225066,-0.193192,0.068153,0.329126,0.837799,0.111167,0.534533,-0.514854,0.486135,0.706068,-0.18241,-0.866872,0.463814,-0.020213,-0.030473,-0.10838,-3.06781,-5.591633,-4.049865,-1.406174,0.023079,0.055171,-0.012134,-0.813941,0.07155,0.576524,0.434884,-0.582958,0.68632,0.385196,0.809345,0.443377,-0.01019,-0.015513,-0.054162,-2.291322,-4.800764,-3.500351,-0.849399,0.079915,0.05193,-0.057708,-0.020602,-0.787189,-0.616366,-0.476382,-0.534285,0.698282,-0.878996,0.308012,-0.363996,0.050836,0.042991,-0.03458,0.287393,-0.164646,0.224564,0.220587
556,0.130848,0.056214,0.362768,-0.056993,-0.814295,-0.577686,-0.586961,-0.44076,0.679103,-0.807548,0.378794,-0.452117,0.088999,0.086939,-0.067902,0.284298,-0.146151,0.194036,0.150438,-0.193404,0.067357,0.326909,0.823088,0.184715,0.537027,-0.554857,0.462327,0.691607,-0.121561,-0.867442,0.482318,-0.008243,-0.047305,-0.106891,-0.106071,-2.082098,-1.834423,-1.406985,0.022971,0.054798,-0.013202,-0.81537,-0.002714,0.578933,0.477898,-0.567592,0.670411,0.326779,0.823304,0.464095,-0.004224,-0.024429,-0.053787,-2.107439,-4.302365,-3.366053,-0.849889,0.080846,0.052784,-0.058382,-0.016593,-0.786138,-0.617827,-0.471486,-0.538747,0.698177,-0.881716,0.302882,-0.361714,0.044478,0.042894,-0.034347,0.288604,-0.239309,0.338949,0.120653
557,0.13412,0.05891,0.360306,-0.026965,-0.813444,-0.581057,-0.568682,-0.465585,0.678089,-0.822093,0.349731,-0.44931,0.073554,0.056164,-0.055875,0.241939,-0.218826,0.295587,0.021364,-0.19328,0.064682,0.322964,0.768885,0.374639,0.518125,-0.637496,0.388912,0.665041,0.046681,-0.842097,0.537174,0.016786,-0.090245,-0.095987,-2.588385,-7.555534,-2.640931,-1.407646,0.023018,0.053455,-0.015221,-0.802361,-0.200451,0.562169,0.574581,-0.514249,0.636712,0.161466,0.833886,0.527789,0.014234,-0.045519,-0.048611,-1.911169,-5.195359,-4.19692,-0.856584,0.082556,0.05421,-0.059657,0.0132,-0.781513,-0.623749,-0.450246,-0.56163,0.694154,-0.892806,0.271677,-0.359287,0.036753,0.027657,-0.028226,0.244661,-0.219723,0.294702,-0.068601
558,0.137111,0.060868,0.358047,-0.013908,-0.808234,-0.588737,-0.557844,-0.482396,0.675334,-0.829822,0.33882,-0.443423,0.059791,0.039956,-0.050183,0.382669,0.536473,0.41045,-0.120407,-0.191918,0.060784,0.319576,0.708064,0.534171,0.461843,-0.683031,0.352618,0.639581,0.177901,-0.768975,0.613915,0.043484,-0.103376,-0.079501,1.424919,-1.776024,-0.433284,-1.408104,0.023705,0.051448,-0.016969,-0.778498,-0.376575,0.502125,0.62749,-0.484776,0.6093,0.013971,0.789419,0.613695,0.021853,-0.051419,-0.039576,1.376888,-1.733118,-0.4255,-0.860339,0.084028,0.055174,-0.060767,0.026352,-0.775924,-0.630274,-0.438663,-0.575522,0.690179,-0.898264,0.25829,-0.355536,0.035742,0.018884,-0.025914,0.221466,-0.043779,0.308197,-0.222584
559,0.138194,0.061515,0.357102,-0.013508,-0.804542,-0.593781,-0.553826,-0.488428,0.674305,-0.832517,0.338959,-0.438236,0.046714,0.025326,-0.043845,0.225113,0.134281,0.28544,-0.191433,-0.191087,0.058736,0.318202,0.704629,0.567233,0.426305,-0.681288,0.373331,0.629607,0.197095,-0.734777,0.648937,0.045023,-0.105502,-0.066754,1.168889,-1.981706,0.436098,-1.408642,0.024104,0.050452,-0.01764,-0.782913,-0.409667,0.468209,0.622062,-0.504336,0.598901,-0.009215,0.760143,0.64969,0.016412,-0.052242,-0.032564,1.210277,-3.572568,1.834893,-0.863605,0.084575,0.055506,-0.061241,0.024359,-0.770367,-0.637134,-0.433106,-0.58254,0.687798,-0.901013,0.259192,-0.347841,0.023406,0.012733,-0.021927,0.232887,0.280427,0.141013,-0.282185
560,0.139356,0.061936,0.355587,-0.027391,-0.785567,-0.618206,-0.542103,-0.507947,0.669392,-0.839842,0.354442,-0.411172,0.008866,-0.004132,-0.031213,0.316793,0.6842,0.444643,-0.26301,-0.189552,0.054486,0.316234,0.697353,0.614745,0.368482,-0.679901,0.405091,0.611203,0.225588,-0.67752,0.699957,0.035421,-0.111885,-0.040921,0.721026,-1.399,0.601873,-1.40884,0.024876,0.048323,-0.018638,-0.788084,-0.458792,0.410405,0.613811,-0.53538,0.580175,-0.046457,0.709139,0.703536,0.024025,-0.055295,-0.020423,0.85315,-1.695392,0.624692,-0.861482,0.085172,0.055732,-0.062002,0.006766,-0.752072,-0.659045,-0.41957,-0.600376,0.680814,-0.907697,0.271909,-0.319609,0.010307,-0.002862,-0.016238,0.385482,0.939895,0.454977,-0.3653
561,0.139732,0.06136,0.354566,-0.047689,-0.749652,-0.660146,-0.52701,-0.542559,0.654112,-0.848472,0.380028,-0.368376,-0.003388,-0.014411,-0.022663,0.843474,1.118102,0.864276,-0.384618,-0.18764,0.049941,0.315136,0.666988,0.661365,0.343095,-0.701533,0.402685,0.587904,0.24982,-0.633642,0.732087,0.050967,-0.116881,-0.014607,0.966835,0.809704,-1.123515,-1.408378,0.025808,0.046089,-0.019198,-0.77029,-0.510082,0.382713,0.63279,-0.537121,0.557743,-0.078931,0.6718,0.736514,0.025514,-0.057906,-0.006901,1.02327,-0.759088,-0.03981,-0.856094,0.08536,0.055444,-0.062518,-0.020575,-0.718474,-0.695248,-0.403796,-0.630184,0.663186,-0.914617,0.294384,-0.277151,-0.001725,-0.007773,-0.011775,4.183328,-2.132951,2.763453,-0.430453
562,0.139354,0.060232,0.354111,-0.074391,-0.699387,-0.710893,-0.511499,-0.585206,0.629185,-0.855978,0.411295,-0.313313,-0.028189,-0.035568,-0.005787,0.677534,2.012465,1.129561,-0.575124,-0.185937,0.045899,0.315,0.652597,0.681274,0.331625,-0.717805,0.416033,0.558218,0.241511,-0.603184,0.760069,0.052507,-0.100541,-0.002087,0.946265,-1.080751,-0.143436,-1.407893,0.026699,0.043988,-0.019271,-0.760911,-0.531916,0.371589,0.64458,-0.554035,0.526841,-0.074362,0.640398,0.764434,0.02629,-0.049432,-0.000407,0.836786,-1.054149,-0.099627,-0.849235,0.085172,0.054862,-0.062762,-0.056922,-0.668372,-0.741646,-0.384192,-0.670982,0.634176,-0.921496,0.321033,-0.21859,-0.014089,-0.017835,-0.002913,0.67297,2.022217,1.125802,-0.560596
563,0.138905,0.059431,0.354041,-0.091219,-0.669542,-0.737182,-0.498685,-0.610061,0.61572,-0.86187,0.424618,-0.27732,-0.029063,-0.048729,0.000857,0.674668,1.9792,1.318902,-0.662332,-0.185106,0.043824,0.315015,0.637023,0.709467,0.301412,-0.722632,0.413799,0.553631,0.267257,-0.571373,0.775867,0.052899,-0.101115,-0.002752,0.423406,-1.244362,0.431215,-1.407137,0.027115,0.042964,-0.019253,-0.752426,-0.563868,0.34045,0.650244,-0.553442,0.520464,-0.105053,0.612988,0.783076,0.026472,-0.050133,-0.001062,0.349513,-1.272976,0.491656,-0.849562,0.084948,0.054464,-0.062795,-0.079767,-0.638948,-0.765102,-0.369626,-0.693869,0.617997,-0.92575,0.332097,-0.180824,-0.014538,-0.024515,0.000366,0.763068,2.150004,1.445151,-0.629014
564,0.137808,0.057363,0.353917,-0.117484,-0.595757,-0.794554,-0.450306,-0.681159,0.57725,-0.884979,0.426348,-0.187256,-0.030416,-0.055692,-0.003454,1.033925,2.539033,1.76314,-0.977602,-0.183204,0.040278,0.315302,0.638519,0.731892,0.237946,-0.711235,0.443312,0.545483,0.292946,-0.518456,0.803274,0.054404,-0.078385,0.015619,0.445258,-0.844037,0.315389,-1.407211,0.028046,0.041197,-0.019134,-0.761822,-0.585104,0.277993,0.632572,-0.579485,0.513857,-0.139567,0.567319,0.811584,0.020754,-0.038516,0.008822,0.50449,-1.435772,0.633441,-0.850869,0.084412,0.053455,-0.062854,-0.117029,-0.56866,-0.814204,-0.317963,-0.755229,0.573173,-0.940852,0.325965,-0.092429,-0.015304,-0.028656,-0.002161,1.299212,2.318397,1.786664,-0.790345
565,0.136759,0.055251,0.353669,-0.172185,-0.517024,-0.838501,-0.401519,-0.740458,0.538959,-0.899322,0.430114,-0.079051,-0.030629,-0.055241,-0.003437,1.08109,2.935684,1.61835,-1.423277,-0.181735,0.037909,0.316033,0.618338,0.751355,0.230466,-0.727904,0.437186,0.528165,0.295304,-0.495285,0.816916,0.027784,-0.044606,0.011786,0.422606,-0.047405,-0.144805,-1.405841,0.028791,0.040016,-0.018755,-0.74655,-0.608465,0.269131,0.649041,-0.577078,0.495706,-0.14631,0.544748,0.825737,0.014248,-0.027674,0.009873,0.671026,1.185636,-1.402482,-0.85789,0.083886,0.052391,-0.062983,-0.183863,-0.49481,-0.849327,-0.2662,-0.806703,0.527604,-0.946219,0.323097,0.016604,-0.009244,-0.027867,-0.001962,1.310122,3.185822,1.117105,-0.884074
566,0.136312,0.054261,0.353552,-0.199439,-0.480063,-0.854288,-0.375877,-0.767637,0.519059,-0.904722,0.425222,-0.026281,-0.018356,-0.046094,-0.012974,1.380129,2.30617,1.641861,-1.552548,-0.181167,0.036996,0.316187,0.610809,0.757491,0.23046,-0.733917,0.432667,0.523544,0.296097,-0.489875,0.819885,0.040071,-0.037448,-0.000194,0.429965,-0.608345,0.413581,-1.404882,0.029071,0.039574,-0.018658,-0.740538,-0.615391,0.269996,0.65547,-0.572844,0.492146,-0.148197,0.541427,0.827583,0.013884,-0.024336,0.004191,0.397016,-0.32344,0.101444,-0.85691,0.083659,0.051894,-0.063037,-0.21794,-0.459429,-0.861061,-0.239577,-0.830089,0.503541,-0.946099,0.316032,0.070841,-0.00939,-0.028547,-0.002452,2.28988,1.675507,1.231275,-0.876236
567,0.135645,0.051915,0.353146,-0.257472,-0.402261,-0.878601,-0.3274,-0.819152,0.470926,-0.908828,0.4094,0.080306,-0.008004,-0.065121,-0.010426,5.592508,-0.413218,0.790897,-1.686697,-0.179952,0.035236,0.316235,0.633859,0.745523,0.205938,-0.71246,0.459398,0.530367,0.299994,-0.483837,0.822052,0.027185,-0.040746,-0.00201,1.079638,2.66367,4.883804,-1.403065,0.029673,0.038717,-0.018628,-0.757991,-0.604109,0.245966,0.633374,-0.591608,0.498834,-0.155835,0.533901,0.831062,0.013588,-0.02041,-0.00105,-0.178022,-0.944927,0.821191,-0.856747,0.083319,0.050708,-0.063242,-0.289649,-0.384614,-0.876456,-0.190679,-0.874166,0.446624,-0.937946,0.296486,0.179864,-0.004101,-0.032877,-0.00557,5.582715,-0.429111,0.793343,-0.86105
568,0.13536,0.049435,0.352657,-0.314405,-0.341747,-0.885666,-0.270142,-0.862184,0.428524,-0.909668,0.374406,0.179861,-0.008226,-0.066294,-0.011549,0.827914,2.339494,1.325008,-1.746231,-0.178807,0.03399,0.31601,0.657834,0.742414,0.12676,-0.669604,0.499658,0.549461,0.343758,-0.447267,0.825618,0.039045,-0.013609,-0.014513,-0.284383,-0.917889,0.971398,-1.402933,0.030266,0.038055,-0.018749,-0.788696,-0.59156,0.167372,0.580233,-0.626276,0.520679,-0.203191,0.507773,0.837185,0.019528,-0.006732,-0.007213,-0.336981,-0.940862,1.007548,-0.860502,0.083179,0.04949,-0.063484,-0.349565,-0.33447,-0.875176,-0.132179,-0.907159,0.399488,-0.927541,0.255327,0.272901,0.001906,-0.034295,-0.006587,0.727822,2.180049,0.997649,-0.901056
569,0.135312,0.048085,0.352391,-0.348273,-0.317816,-0.881898,-0.256866,-0.872421,0.41578,-0.9011,0.371725,0.223307,-0.008728,-0.069366,-0.013703,0.731901,3.328822,-1.363336,-1.766795,-0.178205,0.033667,0.315832,0.667082,0.739709,0.088455,-0.646584,0.516085,0.561711,0.369008,-0.432833,0.822407,0.026037,-0.011092,-0.011406,-0.840248,-0.712198,1.278452,-1.40332,0.030557,0.037896,-0.018835,-0.798089,-0.588277,0.130321,0.556976,-0.63777,0.532001,-0.229849,0.49717,0.836654,0.0196,-0.004558,-0.005415,-0.648424,-2.521556,2.257985,-0.866544,0.083156,0.04882,-0.063613,-0.385134,-0.311567,-0.868675,-0.119992,-0.916388,0.38188,-0.915026,0.251309,0.315547,0.00177,-0.0353,-0.007333,0.73439,2.123881,1.19168,-0.896321
570,0.135234,0.045083,0.351994,-0.406265,-0.273557,-0.871872,-0.240927,-0.888317,0.39092,-0.880937,0.36921,0.296075,0.003381,-0.071954,-0.016058,0.441963,1.412178,0.481068,-1.813141,-0.176823,0.033269,0.315371,0.68837,0.72401,0.044126,-0.603678,0.538282,0.588013,0.401101,-0.432321,0.807514,0.039234,-0.012818,-0.013999,-0.752707,-0.166835,0.977907,-1.403142,0.031228,0.037712,-0.019051,-0.818087,-0.568423,0.08733,0.511591,-0.649952,0.561993,-0.26269,0.504437,0.822518,0.013057,-0.005952,-0.006107,-1.001864,-0.05461,1.100396,-0.868504,0.083111,0.047345,-0.063806,-0.448071,-0.2766,-0.850131,-0.103959,-0.92836,0.356846,-0.887932,0.248271,0.387216,-0.004717,-0.040964,-0.003521,0.439295,1.218721,0.29249,-0.870685
571,0.135229,0.041988,0.351296,-0.440629,-0.251615,-0.861731,-0.213339,-0.903074,0.372712,-0.871444,0.348377,0.345319,0.001896,-0.081746,-0.02305,1.692258,0.266909,-0.230177,-1.829453,-0.175434,0.03268,0.314834,0.711946,0.702228,0.000689,-0.548679,0.555822,0.624458,0.437223,-0.445843,0.780975,0.039357,-0.01418,-0.015273,-1.530042,-2.135867,2.887664,-1.403978,0.031952,0.037408,-0.01933,-0.839302,-0.541833,0.04459,0.455613,-0.656249,0.601458,-0.296628,0.525121,0.797658,0.019686,-0.007144,-0.007705,-1.466847,-2.122098,2.884363,-0.85691,0.083111,0.045783,-0.064153,-0.485424,-0.25778,-0.83541,-0.078206,-0.938909,0.335159,-0.870773,0.228029,0.43561,0.000543,-0.046954,-0.007937,5.06318,-0.905755,-1.654046,-0.867582
572,0.135398,0.038232,0.350582,-0.464081,-0.243042,-0.851824,-0.193576,-0.910565,0.365201,-0.863828,0.334673,0.376593,0.013272,-0.099519,-0.020437,0.236116,0.889242,0.318198,-1.821224,-0.173802,0.03196,0.314395,0.735338,0.673496,-0.075322,-0.469857,0.586908,0.659323,0.48732,-0.450283,0.748083,0.039519,-0.013726,-0.015019,-1.536586,-0.70924,1.896986,-1.404623,0.032753,0.037052,-0.019545,-0.85999,-0.509429,-0.029963,0.375166,-0.670952,0.639588,-0.345929,0.538799,0.768133,0.02678,-0.012272,-0.004078,-1.379883,-2.143861,2.895548,-0.862789,0.083196,0.043871,-0.06452,-0.507209,-0.254351,-0.823434,-0.056994,-0.943465,0.326533,-0.859936,0.212552,0.464037,0.006603,-0.050051,-0.010417,0.175182,0.79087,0.259199,-0.865296
573,0.135531,0.036213,0.350233,-0.475317,-0.238052,-0.847025,-0.192242,-0.91135,0.363946,-0.857987,0.336114,0.388475,0.000699,-0.099184,-0.020494,0.078619,0.662004,-0.099922,-1.82215,-0.172959,0.03166,0.314106,0.755039,0.647173,-0.105236,-0.42431,0.604788,0.673889,0.498804,-0.464976,0.731338,0.03875,-0.002957,-0.023134,-1.378496,-0.029479,1.160215,-1.404576,0.033175,0.036899,-0.019685,-0.875699,-0.479121,-0.059954,0.326656,-0.679271,0.65718,-0.355593,0.555908,0.751344,0.026414,-0.007049,-0.008278,-1.017225,-0.223511,1.231236,-0.867197,0.083261,0.042896,-0.064689,-0.519252,-0.249835,-0.817287,-0.055558,-0.944425,0.323997,-0.852813,0.213643,0.476514,0.006417,-0.055884,-0.006783,0.08023,0.715408,-0.021908,-0.868398
