frame,MLTx,MLTy,MLTz,MLTR1,MLTR2,MLTR3,MLTR4,MLTR5,MLTR6,MLTR7,MLTR8,MLTR9,MLTTVx,MLTTVy,MLTTVz,MLTRVx,MLTRVy,MLTRVz,MLGA,MRTx,MRTy,MRTz,MRTR1,MRTR2,MRTR3,MRTR4,MRTR5,MRTR6,MRTR7,MRTR8,MRTR9,MRTTVx,MRTTVy,MRTTVz,MRTRVx,MRTRVy,MRTRVz,MRGA,SLTx,SLTy,SLTz,SLTR1,SLTR2,SLTR3,SLTR4,SLTR5,SLTR6,SLTR7,SLTR8,SLTR9,SLTTVx,SLTTVy,SLTTVz,SLTRVx,SLTRVy,SLTRVz,SLGA,SRTx,SRTy,SRTz,SRTR1,SRTR2,SRTR3,SRTR4,SRTR5,SRTR6,SRTR7,SRTR8,SRTR9,SRTTVx,SRTTVy,SRTTVz,SRTRVx,SRTRVy,SRTRVz,SRGA
1852,0.178529,0.049847,0.366812,-0.71493,-0.008843,-0.699173,-0.134039,-0.97964,0.149373,-0.685372,0.200512,0.700062,-0.035885,-0.001502,0.000362,1.066459,-2.328867,-0.15817,0.334313,-0.155754,0.07972,0.359651,0.623287,0.654023,0.428671,-0.777459,0.460101,0.428716,0.08238,-0.601305,0.794675,3e-06,-4.6e-05,-2.3e-05,0.961406,1.932741,-1.448285,0.49502,0.041878,0.058977,0.003266,-0.68684,-0.580363,0.437525,0.726,-0.576212,0.375369,0.034256,0.575462,0.817109,0.00555,0.000561,-9.9e-05,0.032382,0.013828,-0.006332,0.426227,0.104359,0.049072,-0.056291,-0.760316,-0.113762,-0.639512,0.086122,-0.993506,0.074343,-0.643817,0.001448,0.765177,-0.01795,-0.000504,0.00032,1.077871,-2.256201,-0.162907,0.211606
1853,0.177231,0.049826,0.366684,-0.678071,-0.059973,-0.732577,-0.100331,-0.979783,0.173004,-0.727302,0.190877,0.659261,-0.036236,0.005958,-0.009858,0.78872,-2.252015,0.035088,0.353087,-0.15564,0.079748,0.359627,0.61818,0.638959,0.457794,-0.784483,0.466239,0.408828,0.047013,-0.61266,0.78886,1.7e-05,-0.000225,-0.000111,0.303928,0.51819,-0.330611,0.530495,0.041935,0.058994,0.003255,-0.678382,-0.567365,0.466791,0.731312,-0.582466,0.354844,0.070564,0.58209,0.810056,0.005565,0.000349,-0.000205,0.096958,0.049893,0.051284,0.496932,0.103715,0.049056,-0.056353,-0.716781,-0.15339,-0.680217,0.121693,-0.988051,0.094572,-0.686596,-0.014991,0.726883,-0.018007,-0.002802,-0.000922,-0.042097,-0.892419,-1.162731,0.263859
1854,0.175947,0.049736,0.366463,-0.643522,-0.090732,-0.760061,-0.080452,-0.979432,0.184967,-0.760413,0.180285,0.623936,-0.036361,0.002878,-0.01156,-0.35725,-0.811779,-1.029343,0.380221,-0.155562,0.079551,0.359704,0.613701,0.621175,0.487345,-0.789353,0.473645,0.390534,0.010998,-0.625133,0.780353,0.000183,-0.002465,-0.00122,0.93972,1.962235,-1.466778,0.533908,0.041969,0.0589,0.003296,-0.670096,-0.551432,0.496882,0.734439,-0.589559,0.336182,0.10756,0.590204,0.800055,0.000648,-0.006408,0.003461,0.005128,-0.077172,0.113615,0.516527,0.103059,0.049008,-0.056464,-0.678541,-0.173748,-0.713717,0.142945,-0.984281,0.103714,-0.720518,-0.031648,0.692712,-0.012102,-0.004256,-0.001923,0.100183,-0.638919,-0.489948,0.301415
1855,0.174953,0.049538,0.366172,-0.609558,-0.089049,-0.787753,-0.080124,-0.98166,0.172901,-0.787948,0.168616,0.592228,-0.024293,-0.009525,-0.004475,-0.100322,-0.375885,-0.022579,0.387898,-0.155517,0.079417,0.359675,0.607497,0.610107,0.508633,-0.794164,0.474481,0.379612,-0.010487,-0.635312,0.772095,0.000271,-0.00365,-0.001809,0.09079,-0.003885,0.172988,0.534714,0.041996,0.058834,0.003282,-0.660223,-0.541755,0.520197,0.739438,-0.590269,0.323748,0.131664,0.5984,0.790304,9.5e-05,-0.001272,-0.00063,0.335211,0.439321,-0.186546,0.520283,0.102558,0.04891,-0.056614,-0.646792,-0.164589,-0.744694,0.143175,-0.985278,0.09341,-0.749106,-0.046205,0.660835,-0.01224,0.000754,-0.006343,0.019078,-0.458363,0.127018,0.327705
1856,0.174425,0.049551,0.365992,-0.591371,-0.082585,-0.802188,-0.084821,-0.982851,0.163648,-0.801214,0.164916,0.575226,-0.024386,0.004381,-0.011142,-0.20416,-0.83996,0.1353,0.391691,-0.15554,0.079371,0.359604,0.606519,0.603199,0.517954,-0.794763,0.475006,0.377697,-0.018959,-0.641483,0.766813,0.000344,-0.004648,-0.002306,0.825499,1.936042,-1.212997,0.534468,0.041984,0.058811,0.003247,-0.659273,-0.535814,0.527505,0.739032,-0.591015,0.323314,0.138527,0.602996,0.785624,0.000211,-0.002836,-0.001408,-0.081069,-0.005456,0.228857,0.521099,0.102293,0.048905,-0.056705,-0.633569,-0.152596,-0.758488,0.138122,-0.986916,0.083179,-0.761257,-0.052064,0.646356,-0.018164,0.002601,-0.005133,-0.19889,-0.765829,-0.022917,0.332604
1857,0.173412,0.049857,0.365744,-0.571609,-0.083416,-0.816303,-0.087693,-0.982908,0.161782,-0.815139,0.164158,0.555544,-0.024085,0.011541,-0.007184,-0.103228,-0.525656,0.097482,0.401557,-0.155571,0.079293,0.359428,0.613895,0.591649,0.522566,-0.789016,0.477426,0.38659,-0.021523,-0.650376,0.759217,0.000279,-0.003776,-0.001877,-0.398766,0.318554,0.491536,0.534024,0.041969,0.058767,0.003156,-0.662741,-0.524923,0.534068,0.734873,-0.593035,0.329044,0.143998,0.610543,0.778781,0.005124,0.004088,-0.004988,0.045845,-0.104225,0.217392,0.521589,0.101787,0.04905,-0.056833,-0.614464,-0.148848,-0.774775,0.135019,-0.987392,0.082613,-0.777305,-0.053847,0.626814,-0.012029,0.006017,-0.003438,-0.121613,-0.699561,0.225129,0.34681
1858,0.172623,0.050314,0.365593,-0.54086,-0.111216,-0.833754,-0.066851,-0.982398,0.174347,-0.8378,0.150167,0.524946,-0.011927,0.015221,-0.005535,-0.264571,-1.147627,-0.022498,0.405256,-0.155539,0.079451,0.359244,0.617846,0.585214,0.52515,-0.785901,0.478128,0.392027,-0.022437,-0.655657,0.754634,-0.001072,0.009811,-0.008406,-0.205228,0.240164,0.209245,0.534361,0.041985,0.058841,0.003067,-0.666039,-0.51754,0.537162,0.731619,-0.593578,0.335256,0.145339,0.616292,0.773989,-0.00059,0.005635,-0.003843,-0.440895,0.443282,0.341731,0.521752,0.101397,0.049272,-0.056907,-0.582333,-0.167376,-0.795532,0.15633,-0.983367,0.092461,-0.797776,-0.070522,0.598813,-0.005957,0.007667,-0.002713,-0.039684,-1.478653,-0.636847,0.355628
1859,0.172303,0.050579,0.365546,-0.522947,-0.133333,-0.841899,-0.051932,-0.98087,0.187536,-0.850151,0.141952,0.50707,-0.011834,0.016927,-0.004594,-0.401225,-1.21098,-0.477488,0.407478,-0.155548,0.07953,0.359174,0.618622,0.583308,0.526356,-0.785288,0.477726,0.393745,-0.022548,-0.657646,0.752899,-0.001159,0.01098,-0.007823,-0.103615,0.135109,0.129136,0.534294,0.041981,0.058878,0.003031,-0.666797,-0.514776,0.538874,0.730875,-0.592994,0.337901,0.145606,0.619162,0.771645,2e-05,-0.000239,-0.000118,-0.207679,0.304527,-0.021378,0.521589,0.101228,0.049411,-0.056932,-0.560676,-0.184202,-0.807286,0.171632,-0.979621,0.104324,-0.810052,-0.080064,0.580865,-0.005921,0.008239,-0.0024,-0.458784,-1.519676,-0.469897,0.357751
1860,0.171874,0.051151,0.365511,-0.477452,-0.180626,-0.859918,-0.015885,-0.976709,0.213916,-0.877938,0.116012,0.464535,-0.011637,0.020502,-0.002632,-0.366831,-1.229898,-0.499698,0.428897,-0.155579,0.079668,0.359065,0.61973,0.579505,0.529245,-0.784404,0.476487,0.396994,-0.022889,-0.661892,0.749158,1e-06,-1.5e-05,-8e-06,-0.084411,0.087696,0.066997,0.534428,0.041965,0.058953,0.002974,-0.667353,-0.510731,0.542026,0.730216,-0.591771,0.341453,0.146365,0.623666,0.767864,-0.000601,0.00581,-0.00375,-0.059632,0.090851,0.095889,0.521589,0.101013,0.049694,-0.056951,-0.507294,-0.21968,-0.833302,0.208257,-0.969553,0.128817,-0.83623,-0.108193,0.537599,0.00022,0.004623,0.002561,-0.349855,-1.36328,-0.609275,0.375549
1861,0.171663,0.051739,0.36552,-0.427792,-0.225404,-0.875347,0.008094,-0.969326,0.245587,-0.903324,0.098249,0.417587,-0.011617,0.020355,-0.002724,4.444655,-2.439967,-2.945047,0.458027,-0.15556,0.079722,0.35904,0.620142,0.577594,0.530849,-0.784074,0.475681,0.398611,-0.02305,-0.664138,0.747163,-1e-05,0.000141,7e-05,-0.000558,0.000581,0.000444,0.534077,0.041975,0.058981,0.002962,-0.667497,-0.508761,0.543699,0.729992,-0.591099,0.343092,0.146829,0.625909,0.765949,-7e-06,9.9e-05,4.8e-05,0.009455,-0.007966,-0.005067,0.521589,0.100908,0.049993,-0.056944,-0.452167,-0.249641,-0.856284,0.227342,-0.96058,0.159998,-0.862473,-0.122324,0.491096,0.000148,0.009968,-0.001657,-0.512923,-1.4788,-0.614468,0.40984
1862,0.171606,0.052161,0.365443,-0.403072,-0.246495,-0.881373,0.017083,-0.964907,0.261984,-0.914523,0.090842,0.394238,0.000194,0.031707,-0.011149,-0.44036,-0.591652,-0.986173,0.471385,-0.155495,0.079752,0.35904,0.620711,0.575666,0.532277,-0.783623,0.474924,0.400395,-0.023069,-0.66635,0.745191,0.011073,0.001506,-6e-06,-0.094886,0.183318,-0.068398,0.533846,0.042003,0.058995,0.002962,-0.667673,-0.507098,0.545036,0.729811,-0.590346,0.344769,0.146928,0.627966,0.764244,-3e-05,0.000411,0.000203,-0.137106,0.136661,0.100887,0.521752,0.100879,0.050192,-0.056978,-0.421609,-0.264264,-0.867415,0.241806,-0.954717,0.173331,-0.873942,-0.136668,0.466418,0.000159,0.010107,-0.00158,-0.499953,-1.389388,-0.778443,0.430088
1863,0.171615,0.053337,0.365061,-0.352834,-0.293052,-0.888636,0.053285,-0.954446,0.293539,-0.933742,0.056578,0.353486,0.011989,0.043624,-0.019228,-0.252458,-1.033855,-0.47862,0.483232,-0.155292,0.079842,0.359061,0.62029,0.575616,0.532821,-0.783949,0.474605,0.400135,-0.023326,-0.66662,0.744941,-0.00011,0.001464,0.000728,-1.8e-05,1.9e-05,1.4e-05,0.533967,0.042104,0.059039,0.002972,-0.667326,-0.506936,0.545611,0.730057,-0.590129,0.34462,0.147281,0.628301,0.763901,-8.2e-05,0.001092,0.00054,0.001351,-0.001864,-0.001691,0.521752,0.100875,0.050784,-0.057167,-0.364611,-0.300779,-0.881243,0.278378,-0.938321,0.205082,-0.888574,-0.170544,0.425852,0.000133,0.016395,-0.005255,-0.378316,-1.289945,-0.691521,0.456542
1864,0.171747,0.055056,0.364354,-0.307806,-0.340955,-0.888285,0.08028,-0.939572,0.332762,-0.947685,0.031532,0.317688,1.3e-05,0.055617,-0.02643,-0.354023,-1.241249,-0.856396,0.507169,-0.155014,0.079937,0.359098,0.619835,0.575548,0.533423,-0.784301,0.474223,0.399897,-0.023572,-0.666951,0.744637,0.010984,0.002597,0.000536,0.002045,-0.015205,0.029245,0.533952,0.042243,0.059088,0.002991,-0.666714,-0.50701,0.546289,0.730555,-0.589701,0.344299,0.147584,0.628643,0.763561,0.00548,0.001472,0.000352,0.001618,-0.01551,0.028612,0.521589,0.100945,0.051662,-0.057526,-0.311543,-0.337454,-0.888293,0.305353,-0.920789,0.242705,-0.899833,-0.19563,0.389908,2.3e-05,0.02782,-0.0132,-0.324451,-1.187791,-0.81129,0.481852
1865,0.172167,0.057349,0.363104,-0.254535,-0.3884,-0.885665,0.106827,-0.921502,0.373354,-0.96084,0.000896,0.277152,0.011518,0.064159,-0.036129,-0.40875,0.121624,-3.205796,0.516569,-0.154712,0.080043,0.35912,0.619047,0.575478,0.534414,-0.784911,0.473613,0.399424,-0.024015,-0.667445,0.74418,-0.000115,0.001496,0.000743,-0.013831,0.111806,-0.163886,0.533993,0.042399,0.059143,0.003002,-0.665882,-0.507096,0.547223,0.731219,-0.589153,0.343825,0.148046,0.629088,0.763105,-5.7e-05,0.000746,0.000366,-0.014137,0.111607,-0.164312,0.521916,0.101151,0.052787,-0.058136,-0.249466,-0.369512,-0.895112,0.330484,-0.901329,0.279973,-0.910244,-0.225977,0.346969,0.011598,0.037243,-0.022502,-0.280073,-1.684568,-1.013042,0.507978
1866,0.172512,0.05868,0.362281,-0.219205,-0.411489,-0.884687,0.120986,-0.911193,0.39378,-0.967887,-0.020211,0.250627,0.023061,0.060598,-0.038306,-0.35343,-1.751954,-1.121966,0.51437,-0.154547,0.080074,0.359124,0.618736,0.575438,0.534817,-0.785151,0.473365,0.399246,-0.024191,-0.667656,0.743985,-2e-05,0.000253,0.000125,-0.013843,0.111805,-0.163886,0.533713,0.042477,0.05916,0.003005,-0.66563,-0.507105,0.547521,0.731419,-0.588982,0.343692,0.148192,0.62924,0.762951,0.005544,0.000602,-8.1e-05,0.001791,-0.015365,0.028899,0.521752,0.101319,0.053459,-0.058544,-0.212412,-0.386673,-0.897421,0.344738,-0.888982,0.30144,-0.914349,-0.245346,0.322131,0.011503,0.036103,-0.023047,0.143569,-1.455927,-1.106786,0.510427
1867,0.173351,0.061444,0.360273,-0.156641,-0.455708,-0.876264,0.133029,-0.888857,0.438416,-0.978471,-0.047335,0.200949,0.022275,0.075535,-0.057919,-0.28539,-1.372741,-0.848097,0.513067,-0.15423,0.080103,0.359116,0.618317,0.575357,0.535388,-0.785473,0.473029,0.399011,-0.024449,-0.667963,0.743701,0.011109,0.000907,-0.000302,0.002045,-0.015205,0.029245,0.533683,0.042639,0.059173,0.003001,-0.665086,-0.507126,0.548162,0.73185,-0.588616,0.343403,0.148509,0.629565,0.762621,0.005557,0.00042,-0.000173,0.001865,-0.01531,0.029012,0.521916,0.101747,0.054868,-0.059559,-0.137716,-0.417939,-0.897975,0.35534,-0.867108,0.349077,-0.924535,-0.271014,0.267925,0.011157,0.037331,-0.029199,-0.310366,-1.419415,-0.867726,0.508631
1868,0.174532,0.064428,0.35775,-0.089408,-0.496766,-0.863294,0.148969,-0.863679,0.481497,-0.984691,-0.084943,0.152301,0.033278,0.079893,-0.069368,-0.155035,-1.135511,-0.681409,0.516865,-0.15392,0.080113,0.35912,0.618154,0.575275,0.535664,-0.785598,0.47286,0.398964,-0.024548,-0.668154,0.743526,0.011067,0.001442,-3.6e-05,-0.011841,0.096587,-0.134645,0.53372,0.04279,0.059176,0.003002,-0.664981,-0.50707,0.548342,0.731932,-0.588513,0.343404,0.148577,0.629707,0.762491,0.005524,0.000837,3.5e-05,0.001928,-0.015292,0.029088,0.521916,0.102312,0.056301,-0.060768,-0.063733,-0.444134,-0.89369,0.369566,-0.842347,0.392263,-0.927015,-0.305278,0.217822,0.016668,0.039367,-0.035013,-0.279777,-1.373508,-1.09641,0.511244
1869,0.176071,0.067446,0.355057,-0.030485,-0.533762,-0.845112,0.153233,-0.838004,0.523681,-0.987693,-0.112876,0.108393,0.044481,0.077378,-0.070515,-0.289729,-1.322183,-1.057594,0.516223,-0.153702,0.080115,0.359136,0.618882,0.573291,0.536948,-0.785028,0.472156,0.400917,-0.02445,-0.670352,0.741548,-0.0,2e-06,1e-06,-0.033037,0.131938,-0.148504,0.534001,0.042904,0.059179,0.00301,-0.665428,-0.504883,0.549816,0.73152,-0.587698,0.34567,0.148603,0.632221,0.760403,0.005551,0.0005,-0.000132,0.005521,-0.010523,0.037283,0.521752,0.103106,0.057865,-0.062169,0.003337,-0.468721,-0.883339,0.372565,-0.819165,0.436077,-0.927999,-0.330557,0.171895,0.022281,0.038475,-0.035388,-0.231034,-1.222638,-0.980977,0.51353
1870,0.17699,0.068834,0.353699,-0.005712,-0.551049,-0.83448,0.149822,-0.825546,0.544059,-0.988701,-0.121237,0.088317,0.044196,0.073844,-0.072164,-0.192973,-1.085421,-1.199967,0.515461,-0.153583,0.080109,0.359144,0.618809,0.573262,0.537063,-0.785085,0.472061,0.400917,-0.024465,-0.670444,0.741465,0.012224,-0.009064,0.008015,-0.032761,-0.02123,0.034821,0.533467,0.042959,0.059175,0.00301,-0.665205,-0.505007,0.549972,0.731688,-0.587657,0.345384,0.148774,0.632159,0.760421,7e-06,-8.9e-05,-4.8e-05,0.006145,-0.004678,-0.002608,0.521915,0.103549,0.058535,-0.062819,0.031434,-0.480548,-0.876404,0.368489,-0.809501,0.457081,-0.9291,-0.337313,0.151631,0.028033,0.030929,-0.032634,-0.152443,-1.066817,-1.715851,0.512877
1871,0.179269,0.071421,0.350785,0.039523,-0.572975,-0.818647,0.141947,-0.80776,0.572143,-0.989146,-0.138111,0.05043,0.066763,0.066099,-0.076668,-0.082484,-0.786926,-0.6762,0.515073,-0.153379,0.080168,0.359149,0.618921,0.573199,0.537002,-0.784996,0.472163,0.400971,-0.024485,-0.670426,0.74148,-0.000101,0.001239,0.000615,-0.013923,0.111772,-0.163901,0.533883,0.043065,0.059203,0.003016,-0.665314,-0.504972,0.549871,0.731589,-0.587764,0.345412,0.148771,0.632088,0.760481,-5.5e-05,0.000675,0.000332,-0.013938,0.111596,-0.164145,0.521915,0.10468,0.059833,-0.064273,0.082848,-0.493641,-0.86571,0.359339,-0.795461,0.487972,-0.929521,-0.351511,0.111482,0.027656,0.032904,-0.038255,-0.178608,-0.987563,-0.821543,0.512224
1872,0.181906,0.07386,0.347847,0.078726,-0.593679,-0.800871,0.14176,-0.788536,0.598404,-0.986876,-0.159909,0.023083,0.077899,0.065219,-0.077081,-0.153812,-1.065728,-0.828684,0.512862,-0.153256,0.080209,0.359181,0.618754,0.573169,0.537226,-0.785126,0.471994,0.400915,-0.024544,-0.670571,0.741347,-0.000157,0.001921,0.000953,-0.0,0.0,0.0,0.533829,0.043127,0.059223,0.003031,-0.665131,-0.504979,0.550086,0.731742,-0.587607,0.345355,0.148838,0.632228,0.760351,0.005456,0.001636,0.000434,0.003972,-0.031468,0.052869,0.521916,0.105994,0.061045,-0.065746,0.12452,-0.506268,-0.853338,0.358555,-0.778954,0.514459,-0.925165,-0.37003,0.08453,0.03914,0.026571,-0.03503,0.030249,-0.800748,-0.584686,0.510101
1873,0.183384,0.075029,0.346381,0.092868,-0.605101,-0.790743,0.140655,-0.778242,0.611987,-0.985821,-0.167309,0.013825,0.077697,0.064404,-0.077326,-0.092544,-0.823646,-0.7684,0.513341,-0.153191,0.080246,0.359215,0.618662,0.573155,0.537347,-0.785198,0.471885,0.400902,-0.024556,-0.67066,0.741266,-0.000188,0.002284,0.001133,-0.0,0.0,0.0,0.533857,0.043159,0.059241,0.003048,-0.665031,-0.504984,0.550203,0.73183,-0.587506,0.345341,0.148856,0.632318,0.760273,-0.00012,0.001445,0.000712,-7.7e-05,-3.5e-05,-0.00011,0.521752,0.106733,0.061629,-0.066479,0.142511,-0.515175,-0.845153,0.356236,-0.769952,0.529404,-0.923464,-0.37652,0.073797,0.038897,0.032004,-0.038818,-0.076314,-0.860189,-1.010285,0.509284
1874,0.18665,0.077347,0.343522,0.119044,-0.630968,-0.76665,0.139355,-0.753887,0.642033,-0.983221,-0.182487,-0.000859,0.088767,0.067188,-0.075735,0.290469,-0.254297,-1.186102,0.51109,-0.15309,0.080437,0.359302,0.618644,0.573122,0.537403,-0.785211,0.471869,0.400896,-0.02459,-0.670699,0.741229,0.010681,0.005986,0.002215,0.002045,-0.015205,0.029245,0.53364,0.043206,0.059334,0.00309,-0.664986,-0.504964,0.550275,0.731862,-0.587476,0.345323,0.148898,0.632361,0.760228,-0.000249,0.003005,0.001487,0.001957,-0.01623,0.023689,0.521916,0.108362,0.062781,-0.067912,0.17707,-0.535976,-0.825454,0.351829,-0.748816,0.561685,-0.919163,-0.389877,0.05598,0.044681,0.027772,-0.034271,0.878384,0.556917,-3.062381,0.508141
1875,0.190247,0.079935,0.340746,0.144059,-0.649437,-0.746675,0.135098,-0.734582,0.664913,-0.980496,-0.195859,-0.017152,0.099604,0.071826,-0.073029,-0.034474,-0.518029,-0.649903,0.507456,-0.153058,0.080661,0.359419,0.621403,0.571782,0.535645,-0.783098,0.472103,0.404735,-0.022232,-0.671677,0.740418,-0.000532,0.006431,0.003178,0.001692,-0.015845,0.024016,0.533813,0.043226,0.059444,0.003148,-0.667648,-0.503134,0.548727,0.72989,-0.58756,0.349332,0.14665,0.633741,0.759516,-0.000284,0.003432,0.001697,0.009344,-0.020946,0.020468,0.521915,0.110157,0.064071,-0.069302,0.206583,-0.550415,-0.808929,0.346144,-0.732183,0.586593,-0.915154,-0.401187,0.039266,0.044363,0.030169,-0.032757,-0.187035,-0.711583,-0.832358,0.503733
1876,0.192201,0.081218,0.339379,0.159839,-0.658808,-0.735166,0.129607,-0.724298,0.677175,-0.97881,-0.202707,-0.029465,0.088365,0.060002,-0.065409,-0.211933,-0.783219,-0.921988,0.506552,-0.153066,0.080762,0.359489,0.621594,0.571781,0.535424,-0.78295,0.472218,0.404887,-0.022103,-0.671596,0.740495,0.000786,-0.005905,0.01032,-0.036546,0.009825,-0.018425,0.534111,0.043222,0.059501,0.003181,-0.667842,-0.503141,0.548484,0.729733,-0.587708,0.349411,0.146545,0.633599,0.759655,-0.000253,0.003053,0.001507,0.00096,-0.000825,-0.000679,0.521915,0.1111,0.064697,-0.069963,0.22302,-0.556554,-0.800318,0.34059,-0.724767,0.598924,-0.913378,-0.406152,0.027919,0.049953,0.029978,-0.03299,-0.126023,-0.589573,-0.739207,0.501773
1877,0.196223,0.083604,0.336876,0.177536,-0.679409,-0.71199,0.113232,-0.704587,0.700505,-0.977813,-0.204145,-0.047268,0.110532,0.064136,-0.063519,-0.190571,-0.763544,-0.828014,0.496135,-0.153101,0.080982,0.359588,0.622922,0.572398,0.533216,-0.781944,0.472597,0.406386,-0.020156,-0.670803,0.741269,-0.000416,0.005025,0.002475,9.2e-05,-0.021147,0.027854,0.534499,0.043204,0.059613,0.003237,-0.669377,-0.503514,0.546265,0.728739,-0.587995,0.350998,0.144469,0.633036,0.760521,-0.000201,0.002417,0.001191,0.002267,-0.015945,0.023657,0.521752,0.11314,0.065908,-0.071241,0.24732,-0.574748,-0.780061,0.322437,-0.710368,0.625628,-0.91371,-0.406251,0.009632,0.049632,0.031464,-0.031966,0.023658,-0.313994,-0.612112,0.493282
1878,0.200556,0.086163,0.334525,0.168488,-0.706718,-0.687173,0.08849,-0.683494,0.724554,-0.981947,-0.182013,-0.051763,0.110295,0.057551,-0.053277,-0.765784,1.251453,-1.205074,0.49197,-0.153106,0.081134,0.359642,0.623993,0.570456,0.534045,-0.781094,0.472244,0.408426,-0.019987,-0.672704,0.739549,-0.000236,0.002848,0.001401,-0.006134,0.006463,0.004936,0.534868,0.043202,0.059689,0.003264,-0.670141,-0.501316,0.54735,0.728034,-0.587516,0.353256,0.144484,0.635222,0.758694,-0.000128,0.001542,0.000757,0.017026,-0.024778,0.020732,0.521915,0.115349,0.06721,-0.072441,0.249116,-0.605099,-0.756171,0.295379,-0.696114,0.654351,-0.922329,-0.386367,0.00532,0.055192,0.028898,-0.026631,-0.711387,1.343546,-1.243022,0.481525
1879,0.204921,0.088744,0.332177,0.150213,-0.730602,-0.666109,0.067614,-0.6646,0.744115,-0.986539,-0.155911,-0.049598,0.109949,0.053274,-0.055581,-1.080043,1.084031,-0.498005,0.499126,-0.153102,0.08119,0.35966,0.625092,0.56851,0.534834,-0.78022,0.471889,0.4105,-0.019786,-0.674596,0.737829,-0.000146,0.001768,0.000869,-0.057666,0.046697,0.07178,0.534765,0.043203,0.059716,0.003272,-0.670847,-0.499403,0.548234,0.727396,-0.58708,0.35529,0.144424,0.637129,0.757104,0.0,-6e-06,-3e-06,-0.062993,0.06954,0.054686,0.521752,0.117489,0.068493,-0.073587,0.238526,-0.633252,-0.736271,0.274052,-0.683448,0.676604,-0.931665,-0.363165,0.010524,0.054653,0.032886,-0.031266,-3.677241,3.861909,-0.744506,0.484954
1880,0.207137,0.089961,0.330967,0.14989,-0.738643,-0.657256,0.063545,-0.656211,0.751878,-0.986858,-0.15355,-0.0506,0.109777,0.052328,-0.05606,-0.017108,-0.215852,-0.464173,0.494235,-0.153103,0.081198,0.359664,0.625008,0.568512,0.534931,-0.780286,0.471823,0.410451,-0.019824,-0.674641,0.737787,-2.1e-05,0.00025,0.000123,-0.000872,0.000919,0.000702,0.534929,0.043203,0.059722,0.003275,-0.670832,-0.499349,0.5483,0.727386,-0.587132,0.355225,0.144544,0.637123,0.757086,-6e-06,7.3e-05,3.4e-05,0.009781,-0.0071,-0.003788,0.521589,0.118556,0.069078,-0.074168,0.238612,-0.642123,-0.72852,0.26825,-0.677418,0.684942,-0.93333,-0.358861,0.010609,0.054927,0.026156,-0.028101,-0.201995,-0.475371,-0.690541,0.48626
1881,0.211052,0.091951,0.328845,0.119377,-0.75973,-0.639222,0.033928,-0.640346,0.767319,-0.992431,-0.112347,-0.049866,0.08767,0.040655,-0.048262,-3.244175,4.400623,-1.290197,0.452184,-0.15302,0.081291,0.359634,0.62522,0.568472,0.534725,-0.780114,0.472113,0.410445,-0.019901,-0.674471,0.73794,0.011054,0.001095,-0.000205,0.002044,-0.015205,0.029245,0.535402,0.04324,0.059767,0.00326,-0.671004,-0.499359,0.548082,0.727211,-0.587418,0.355109,0.144626,0.636851,0.757299,-0.000625,0.005749,-0.003779,0.036571,-0.010085,0.018095,0.521752,0.120527,0.070079,-0.075242,0.219905,-0.666605,-0.712234,0.240742,-0.670441,0.70182,-0.945348,-0.325799,0.013046,0.043366,0.026728,-0.027215,-1.074051,0.926001,-0.459142,0.460624
1882,0.213999,0.093563,0.327037,0.053099,-0.77459,-0.630266,-0.006484,-0.631429,0.775388,-0.998647,-0.036127,-0.037761,0.053387,0.041556,-0.046184,0.070913,0.833305,0.358249,0.394679,-0.152788,0.081541,0.359471,0.625552,0.568354,0.534462,-0.779836,0.472847,0.410128,-0.020398,-0.674056,0.738306,0.009815,0.01235,-0.007875,0.038587,-0.025012,0.047678,0.534965,0.043357,0.059887,0.003181,-0.67131,-0.4992,0.54785,0.726842,-0.588064,0.354796,0.145057,0.636379,0.757614,0.005543,0.000366,-0.000196,0.001919,-0.015306,0.029091,0.521752,0.122027,0.070881,-0.076151,0.159316,-0.700224,-0.695919,0.196196,-0.668405,0.717455,-0.967535,-0.250839,0.030893,0.027276,0.014704,-0.020201,-3.367072,4.367841,-0.176779,0.388776
1883,0.214852,0.094199,0.326214,0.012339,-0.780714,-0.624804,-0.024458,-0.624919,0.780289,-0.999653,0.006621,-0.026023,0.032043,0.026174,-0.04077,1.261715,1.796866,-2.263301,0.379303,-0.152588,0.081702,0.359348,0.625778,0.56826,0.534296,-0.779645,0.473357,0.409903,-0.020759,-0.673776,0.738551,0.021004,0.011704,-0.008931,0.024599,0.088,-0.110553,0.535097,0.04346,0.059975,0.003118,-0.671556,-0.499065,0.547673,0.726548,-0.588568,0.354562,0.145394,0.636019,0.757852,0.010505,0.005844,-0.004476,0.024495,0.087917,-0.110675,0.521916,0.122485,0.071224,-0.07658,0.118501,-0.713153,-0.69092,0.177628,-0.669373,0.721378,-0.976936,-0.208211,0.047355,0.015487,0.019521,-0.023377,-0.809513,1.724434,-0.062751,0.356118
1884,0.215052,0.095029,0.324512,-0.099885,-0.771404,-0.628494,-0.079408,-0.623476,0.777782,-0.991715,0.128552,0.001808,-0.02374,0.017086,-0.043887,-3.212215,5.00725,0.154871,0.354544,-0.152014,0.08211,0.359071,0.626707,0.568001,0.533483,-0.778881,0.474854,0.409623,-0.021439,-0.67294,0.739293,0.020856,0.013174,-0.008196,0.040634,-0.040171,0.076941,0.534996,0.043732,0.060165,0.002984,-0.672483,-0.498669,0.546896,0.725583,-0.589905,0.354317,0.14593,0.635091,0.758526,0.00492,0.005951,-0.004049,0.03854,-0.025021,0.047614,0.522079,0.122614,0.071645,-0.077415,0.011503,-0.729489,-0.683895,0.128086,-0.677231,0.724535,-0.991696,-0.095932,0.085646,-0.011821,0.008332,-0.022069,-0.544247,2.179257,0.359521,0.314642
1885,0.213194,0.095094,0.322938,-0.196012,-0.745374,-0.637214,-0.11453,-0.627989,0.769731,-0.973661,0.22478,0.038524,-0.077657,-0.015972,-0.034386,-3.108288,5.206548,0.351619,0.30078,-0.151295,0.082577,0.358774,0.624536,0.571389,0.53241,-0.780703,0.472018,0.409432,-0.018138,-0.67207,0.740173,0.022177,0.000973,-0.001004,0.004089,-0.030411,0.058491,0.534951,0.04409,0.060405,0.002834,-0.670746,-0.502302,0.545702,0.727842,-0.587276,0.354051,0.142637,0.634664,0.75951,0.010468,0.006056,-0.004364,0.024453,0.088808,-0.110248,0.521752,0.121722,0.071694,-0.078205,-0.088397,-0.724838,-0.683224,0.09386,-0.688918,0.718735,-0.991652,-0.000593,0.128932,-0.038794,-0.007928,-0.017089,0.605375,1.276444,0.650345,0.25896
1886,0.209545,0.094477,0.321585,-0.278803,-0.705561,-0.651535,-0.138105,-0.641946,0.754192,-0.950036,0.301126,0.082352,-0.112034,-0.018176,-0.034583,0.168444,1.129448,0.839334,0.256388,-0.150451,0.082874,0.358584,0.612128,0.585729,0.531236,-0.790658,0.45492,0.409684,-0.002467,-0.671534,0.740878,0.022083,0.001962,-0.000515,-0.003046,-0.035913,0.04854,0.534448,0.044512,0.060555,0.002734,-0.660585,-0.518105,0.543317,0.739923,-0.571774,0.354383,0.127047,0.636113,0.761063,0.010396,0.006727,-0.004031,-0.039278,-0.100422,-0.034767,0.522242,0.119843,0.071375,-0.078912,-0.184484,-0.702641,-0.687212,0.069331,-0.706775,0.704032,-0.980386,0.082237,0.179103,-0.055974,-0.009211,-0.017292,0.188467,1.135403,0.950569,0.18352
1887,0.207064,0.094056,0.320977,-0.313936,-0.680486,-0.662139,-0.151532,-0.652563,0.742409,-0.936901,0.334248,0.102577,-0.135264,-0.016218,-0.032537,0.233534,1.723063,0.40549,0.235185,-0.150038,0.082995,0.358526,0.609537,0.589215,0.530359,-0.792656,0.451102,0.410046,0.001602,-0.671063,0.741306,0.033079,0.003382,-0.000554,0.006134,-0.045616,0.087736,0.533004,0.044723,0.060616,0.002705,-0.65842,-0.521911,0.542301,0.742533,-0.568173,0.354715,0.122991,0.636229,0.761633,0.005516,0.000592,-9.3e-05,0.00233,-0.014352,0.029516,0.522732,0.118603,0.071158,-0.07922,-0.224704,-0.684902,-0.69312,0.057265,-0.719363,0.692269,-0.972743,0.115864,0.200864,-0.067615,-0.008025,-0.016147,0.285823,1.779593,0.45399,0.154291
1888,0.200894,0.093082,0.320138,-0.38427,-0.624432,-0.680049,-0.192194,-0.666376,0.7204,-0.902536,0.408303,0.136909,-0.169891,-0.019959,-0.019884,-3.385073,5.04229,0.755961,0.184926,-0.149249,0.083192,0.35843,0.61078,0.588967,0.529204,-0.791698,0.452339,0.410531,0.00165,-0.670447,0.741863,0.022101,0.001711,-0.000635,0.004089,-0.030411,0.058491,0.521805,0.045118,0.060717,0.002658,-0.659678,-0.52144,0.541225,0.74143,-0.569303,0.355209,0.122901,0.635604,0.762168,0.011069,0.000695,-0.00041,-0.009955,0.082309,-0.104487,0.523385,0.115646,0.070684,-0.079633,-0.302241,-0.645328,-0.70157,0.022272,-0.740571,0.671608,-0.952971,0.187362,0.238204,-0.084551,-0.01563,-0.006408,-0.268948,0.255383,2.331774,0.097955
1889,0.194058,0.091772,0.319768,-0.464035,-0.568335,-0.679495,-0.231822,-0.66245,0.712314,-0.854391,0.488764,0.176499,-0.192638,-0.040368,-0.00446,-3.36106,5.097497,1.072474,-0.006397,-0.148871,0.083164,0.358341,0.610354,0.588842,0.529834,-0.792028,0.452066,0.410197,0.001262,-0.670741,0.741598,0.000457,-0.004684,-0.002312,-0.002078,0.016314,-0.023663,0.456189,0.045319,0.060709,0.002616,-0.659271,-0.521371,0.541787,0.741726,-0.569112,0.354899,0.123304,0.635832,0.761914,0.000241,-0.002452,-0.00122,-0.001916,0.016419,-0.023418,0.483869,0.112172,0.070029,-0.079827,-0.391656,-0.608909,-0.689807,-0.018375,-0.744374,0.66751,-0.919928,0.274109,0.280349,-0.096587,-0.013961,-0.005151,0.214196,1.473377,0.228758,-0.07448
1890,0.190057,0.091151,0.319683,-0.50387,-0.538114,-0.675717,-0.251204,-0.657197,0.710606,-0.825844,0.528463,0.196812,-0.216718,-0.023513,-0.007135,0.171755,1.378138,0.087572,-0.101647,-0.148875,0.083038,0.35827,0.609704,0.588837,0.530588,-0.792529,0.451552,0.409795,0.000956,-0.671092,0.741281,-0.010261,-0.009036,-0.003725,-0.004122,0.03152,-0.052908,0.396375,0.04532,0.060652,0.002583,-0.658627,-0.52147,0.542474,0.742243,-0.568681,0.354507,0.12363,0.636136,0.761607,0.000383,-0.00391,-0.001936,-0.001956,0.016404,-0.023456,0.431779,0.110181,0.06971,-0.07987,-0.440121,-0.586435,-0.67999,-0.042445,-0.742846,0.668115,-0.896934,0.322913,0.302051,-0.10813,-0.017546,-0.000133,-0.655653,2.299005,0.33485,-0.185844
1891,0.181023,0.090211,0.319886,-0.573404,-0.479546,-0.664295,-0.285592,-0.642997,0.710608,-0.767201,0.597778,0.232576,-0.240157,-0.018294,0.010484,-3.286076,5.02998,1.251875,-0.138196,-0.149194,0.082857,0.358064,0.610208,0.589558,0.529205,-0.792137,0.451563,0.410541,0.002309,-0.670451,0.741857,-0.010328,-0.008513,-0.003475,-0.004119,0.031529,-0.052902,0.183019,0.045161,0.060555,0.002477,-0.659302,-0.522062,0.541083,0.741877,-0.568677,0.355281,0.122222,0.635655,0.762236,-0.005843,0.00166,-0.005405,0.035195,0.007175,-0.011666,0.244648,0.105672,0.069227,-0.079783,-0.515521,-0.547965,-0.658764,-0.075289,-0.736857,0.671842,-0.853562,0.395947,0.33861,-0.120089,-0.009221,0.005338,-0.194076,0.959416,-0.290667,-0.28937
1892,0.171525,0.089934,0.320258,-0.624872,-0.405161,-0.667401,-0.340946,-0.627435,0.700039,-0.701606,0.665485,0.254765,-0.240571,-0.011897,0.01376,-0.757756,1.788707,0.580909,-0.103789,-0.149521,0.082721,0.357722,0.612965,0.593456,0.521609,-0.789971,0.453702,0.412353,0.007295,-0.665552,0.746224,-0.000457,0.002405,-0.012024,0.037701,0.003403,-0.007716,-0.046118,0.044998,0.060482,0.002313,-0.662781,-0.525427,0.533523,0.739641,-0.570535,0.356959,0.116838,0.631201,0.766767,-0.000246,0.001433,-0.005892,0.021853,0.021103,-0.005207,-0.068053,0.100923,0.0691,-0.079589,-0.584594,-0.483927,-0.6512,-0.136137,-0.732749,0.666741,-0.799821,0.478426,0.362481,-0.120399,0.000739,0.004258,-3.284023,4.404266,2.134893,-0.282512
1893,0.162459,0.089422,0.320792,-0.642718,-0.338926,-0.687087,-0.396389,-0.620382,0.676737,-0.654826,0.707725,0.265245,-0.218675,-0.023785,0.018792,0.399332,0.658204,0.26911,-0.152321,-0.149539,0.082987,0.357229,0.619529,0.595389,0.511554,-0.784825,0.462619,0.41227,0.008036,-0.657635,0.753203,-0.001983,0.016032,-0.018451,0.075558,-0.007729,0.009812,-0.225869,0.044985,0.060613,0.002056,-0.670061,-0.526121,0.523654,0.733291,-0.578754,0.356828,0.115333,0.623088,0.773601,-0.000991,0.008085,-0.009189,0.054741,0.015217,0.014243,-0.302539,0.096383,0.068857,-0.079318,-0.618118,-0.421515,-0.663517,-0.195115,-0.735394,0.648941,-0.761485,0.530584,0.372317,-0.11506,-0.011688,0.009831,0.337261,0.72063,0.463729,-0.297534
1894,0.157992,0.088744,0.321271,-0.646148,-0.313007,-0.696107,-0.418304,-0.617668,0.665943,-0.637609,0.72187,0.269045,-0.20821,-0.035614,0.02471,0.19195,0.330099,0.262075,-0.215499,-0.149574,0.083193,0.356926,0.623636,0.594149,0.507993,-0.781593,0.469078,0.411112,0.005198,-0.654167,0.756242,-0.000542,0.003293,-0.011579,0.053853,-0.013191,-0.02071,-0.323763,0.044967,0.060718,0.00191,-0.674116,-0.524236,0.520328,0.729163,-0.584714,0.355569,0.117841,0.6191,0.776419,-0.000946,0.007631,-0.009409,0.065634,-0.000841,0.002682,-0.394634,0.094228,0.068536,-0.079089,-0.628269,-0.395657,-0.669875,-0.217522,-0.737354,0.639525,-0.746968,0.547506,0.377193,-0.109966,-0.02394,0.015797,-0.10458,0.423953,1.19096,-0.320722
1895,0.150013,0.086772,0.322655,-0.649319,-0.261763,-0.71408,-0.448825,-0.626127,0.637568,-0.613194,0.734806,0.289965,-0.199006,-0.055694,0.039527,-0.458043,1.79147,1.504991,-0.422414,-0.149685,0.083446,0.356313,0.640538,0.575352,0.508599,-0.767675,0.49296,0.409389,-0.015973,-0.653384,0.756767,-0.000379,0.001575,-0.01244,0.287453,0.210381,0.371294,-0.533791,0.044911,0.060845,0.0016,-0.688223,-0.503267,0.522561,0.712132,-0.60624,0.354035,0.138624,0.615788,0.775621,-0.000173,0.000736,-0.006244,0.289251,0.214376,0.375111,-0.597278,0.090079,0.06752,-0.07838,-0.642781,-0.347043,-0.68293,-0.247705,-0.749443,0.613984,-0.724896,0.563822,0.395764,-0.099507,-0.027903,0.019885,-0.461567,1.823946,1.491795,-0.442047
1896,0.142316,0.084314,0.324509,-0.655985,-0.184895,-0.731808,-0.48283,-0.642463,0.595053,-0.579371,0.743913,0.33309,-0.190206,-0.074801,0.055403,0.635119,0.986379,1.180228,-0.537793,-0.149673,0.083648,0.355757,0.640483,0.575238,0.508797,-0.767691,0.494044,0.408051,-0.017439,-0.652665,0.757356,-0.000493,0.002774,-0.011842,0.034477,0.006772,-0.005102,-0.701484,0.044918,0.060942,0.001324,-0.688229,-0.503059,0.522753,0.711842,-0.607363,0.352691,0.140076,0.61485,0.776103,0.005268,0.002184,-0.005896,0.03648,-0.008475,0.024142,-0.783756,0.086301,0.066316,-0.077475,-0.667521,-0.271775,-0.693219,-0.280875,-0.77032,0.572465,-0.689582,0.57684,0.437871,-0.094728,-0.031053,0.024777,0.55898,1.347187,1.486876,-0.558799
1897,0.138869,0.082883,0.325596,-0.659627,-0.140614,-0.738353,-0.500271,-0.65103,0.570842,-0.560143,0.746093,0.360016,-0.180121,-0.085102,0.062957,0.835522,1.28228,1.436521,-0.600306,-0.149658,0.08379,0.355508,0.648003,0.565631,0.510045,-0.761124,0.503052,0.409345,-0.025847,-0.654168,0.755817,0.01034,0.006196,-0.010872,-0.098347,0.131472,0.135117,-0.814728,0.044925,0.061011,0.001194,-0.694156,-0.492893,0.524598,0.704345,-0.615417,0.353777,0.148473,0.615075,0.774362,0.005163,0.00328,-0.005343,-0.136548,0.158872,0.151955,-0.866054,0.084574,0.065604,-0.076935,-0.680565,-0.23009,-0.695621,-0.298209,-0.780228,0.549831,-0.669254,0.581637,0.462381,-0.089976,-0.04217,0.031859,0.470196,1.453407,1.312201,-0.599785
1898,0.131944,0.079309,0.328365,-0.665706,-0.051935,-0.744435,-0.532374,-0.666018,0.522464,-0.522119,0.744189,0.416655,-0.170671,-0.090579,0.0741,0.870745,1.441703,1.089462,-0.80377,-0.149695,0.084178,0.355227,0.653681,0.55234,0.517314,-0.755391,0.516042,0.403756,-0.044758,-0.65539,0.753873,-0.001655,0.014994,-0.005672,0.114306,0.052029,0.129719,-0.992787,0.044909,0.061189,0.00105,-0.697677,-0.478976,0.532754,0.696591,-0.627257,0.348292,0.167351,0.614108,0.771274,-0.000889,0.00821,-0.002477,0.298862,0.173316,0.42091,-0.866708,0.081108,0.063815,-0.075556,-0.705646,-0.143921,-0.693793,-0.331061,-0.798739,0.502408,-0.626467,0.584211,0.51598,-0.085336,-0.045299,0.037155,0.695469,1.147381,1.109033,-0.7216
1899,0.125989,0.075724,0.331416,-0.668151,0.019989,-0.743787,-0.549495,-0.687262,0.475076,-0.500856,0.726103,0.47111,-0.148976,-0.097468,0.084514,0.747918,1.324521,1.018703,-1.037552,-0.149768,0.084806,0.355247,0.64688,0.536926,0.541524,-0.759456,0.51697,0.394845,-0.068752,-0.667348,0.741473,-0.002488,0.023746,-0.001276,-0.056011,0.329466,0.024362,-1.163936,0.044873,0.0615,0.001058,-0.68764,-0.465909,0.556848,0.70018,-0.628448,0.338822,0.19209,0.622882,0.758366,-0.000627,0.006583,0.003308,0.021422,0.768478,-0.148685,-0.884179,0.078067,0.061987,-0.074003,-0.723504,-0.072525,-0.686499,-0.347937,-0.820598,0.453384,-0.596222,0.566884,0.568472,-0.074468,-0.048498,0.042517,0.815766,1.383367,1.059413,-0.844721
1900,0.123183,0.073886,0.3331,-0.664206,0.051932,-0.745775,-0.55891,-0.69702,0.44917,-0.495673,0.715095,0.492924,-0.137229,-0.093973,0.087049,1.052464,-0.471938,3.162131,-1.160563,-0.149737,0.085095,0.355378,0.642243,0.527066,0.556522,-0.761648,0.519659,0.387016,-0.086015,-0.673087,0.734451,-7.8e-05,0.003187,0.014784,0.701038,2.012276,-1.475421,-1.328512,0.044887,0.061654,0.001119,-0.682719,-0.45687,0.57023,0.700498,-0.63123,0.332942,0.207835,0.626752,0.75099,0.004728,0.008746,0.004007,0.001647,0.016215,0.073117,-0.888752,0.076715,0.061101,-0.073195,-0.727854,-0.043255,-0.684365,-0.355845,-0.82929,0.430873,-0.586175,0.55714,0.588211,-0.068636,-0.047008,0.043604,0.659011,1.303152,0.799171,-0.835577
1901,0.117734,0.070654,0.336579,-0.649358,0.098732,-0.754077,-0.57819,-0.70821,0.4051,-0.493247,0.698929,0.517912,-0.135422,-0.070878,0.088038,0.37886,0.208218,1.046849,-1.455549,-0.149388,0.085815,0.355866,0.639619,0.503551,0.580788,-0.759979,0.527132,0.380129,-0.11553,-0.68515,0.719087,0.019596,0.026791,0.011831,0.009768,0.072369,0.2031,-1.401872,0.045051,0.061996,0.001355,-0.674388,-0.434752,0.596817,0.698454,-0.637783,0.324643,0.239501,0.635785,0.733768,0.009789,0.013486,0.005959,0.676457,1.84896,-1.165508,-0.905734,0.073989,0.059472,-0.071459,-0.72302,0.009252,-0.690764,-0.377884,-0.842352,0.384248,-0.578312,0.538848,0.612533,-0.068262,-0.041386,0.047621,0.72531,-1.049803,2.683751,-0.838026
1902,0.112493,0.06815,0.340186,-0.634415,0.131553,-0.761746,-0.595092,-0.712056,0.372578,-0.492609,0.689512,0.530978,-0.13395,-0.059623,0.095804,0.035875,0.235147,0.591713,-1.701842,-0.1488,0.086715,0.356482,0.639896,0.492869,0.589581,-0.758362,0.528482,0.381483,-0.124355,-0.691836,0.71117,0.01922,0.029324,0.012962,0.011729,-0.09281,0.245112,-1.402796,0.045348,0.06246,0.001675,-0.672585,-0.424233,0.606345,0.696795,-0.638981,0.325849,0.249207,0.64166,0.725373,0.004734,0.009052,0.010628,0.048902,0.137671,-0.073855,-0.916021,0.071367,0.058215,-0.069659,-0.715654,0.045086,-0.696997,-0.396813,-0.847467,0.352616,-0.574784,0.528929,0.624384,-0.066465,-0.023928,0.04439,0.131285,0.264364,0.660805,-0.867255
1903,0.107678,0.066821,0.343595,-0.616974,0.152722,-0.772052,-0.608332,-0.714928,0.344649,-0.498564,0.68211,0.534963,-0.117842,-0.028107,0.086519,-0.115223,-0.059436,0.449367,-1.866155,-0.148184,0.087564,0.357263,0.63972,0.488779,0.593166,-0.757985,0.528557,0.382128,-0.127538,-0.694672,0.707834,0.020019,0.022005,0.022293,-0.040875,0.045715,-0.052522,-1.403491,0.045664,0.062895,0.00207,-0.671806,-0.42059,0.609737,0.69633,-0.639291,0.326238,0.252587,0.643747,0.722349,0.009977,0.011245,0.011257,-0.033963,0.030511,-0.052808,-0.905407,0.06891,0.057531,-0.067917,-0.704045,0.070807,-0.706616,-0.411936,-0.851229,0.32514,-0.57847,0.519995,0.628471,-0.058872,-0.013633,0.043618,-0.204275,-0.146594,0.381632,-0.868235
1904,0.105504,0.066507,0.345211,-0.607685,0.162189,-0.77747,-0.616951,-0.712852,0.333443,-0.499391,0.682085,0.534225,-0.102911,-0.004048,0.072135,-0.093223,-0.275046,0.62776,-1.910333,-0.147835,0.087989,0.357765,0.640532,0.488668,0.59238,-0.757461,0.52848,0.38327,-0.126562,-0.694808,0.707876,0.008865,0.022653,0.023233,-0.028191,-0.055157,0.081319,-1.40357,0.045828,0.063091,0.002304,-0.672641,-0.420434,0.608923,0.695868,-0.639241,0.327317,0.251634,0.643898,0.722547,0.010502,0.006688,0.015512,-0.062015,-0.063332,0.091466,-0.906714,0.067901,0.057384,-0.067163,-0.698001,0.081621,-0.711428,-0.421076,-0.850359,0.315568,-0.579213,0.519832,0.627921,-0.052017,-0.007421,0.040113,-0.141214,-0.281479,0.630943,-0.870848
1905,0.101925,0.066302,0.348091,-0.593623,0.160508,-0.788603,-0.618775,-0.717567,0.319668,-0.513834,0.677528,0.526268,-0.076517,0.008419,0.064841,-0.143758,-0.22183,0.32033,-1.913516,-0.147275,0.088573,0.358822,0.640481,0.488624,0.592472,-0.757772,0.526903,0.384823,-0.124935,-0.696037,0.706957,0.010376,0.009067,0.029521,-0.064732,-0.045696,0.062758,-1.403347,0.04611,0.063401,0.002832,-0.672617,-0.420414,0.608964,0.696427,-0.637827,0.328883,0.250147,0.645312,0.721801,0.004497,0.010165,0.010966,-0.043057,0.058141,-0.081739,-0.90655,0.066063,0.057273,-0.065689,-0.684494,0.083476,-0.724222,-0.423506,-0.854134,0.301824,-0.593388,0.513309,0.620002,-0.045399,-0.005992,0.040879,-0.233437,-0.306675,0.404514,-0.895341
1906,0.099008,0.066489,0.350762,-0.585267,0.156899,-0.795544,-0.62064,-0.718059,0.31491,-0.521117,0.677856,0.518629,-0.052304,0.005571,0.062593,-0.73381,1.556014,-1.625575,-1.91434,-0.146821,0.088684,0.35998,0.638626,0.490742,0.592723,-0.759609,0.524708,0.3842,-0.123254,-0.696207,0.707085,0.012161,-0.006593,0.034934,0.017052,-0.135345,-0.07031,-1.403396,0.04634,0.06347,0.003422,-0.671109,-0.422505,0.609181,0.698452,-0.635821,0.328474,0.248549,0.645926,0.721805,0.005326,0.00285,0.013903,0.114334,-0.211429,-0.064752,-0.907694,0.064596,0.057373,-0.064349,-0.67416,0.082652,-0.733944,-0.42654,-0.854824,0.29553,-0.602967,0.512292,0.611543,-0.031335,0.009919,0.028475,-0.109213,-0.259879,0.362081,-0.880972
