frame,MLTx,MLTy,MLTz,MLTR1,MLTR2,MLTR3,MLTR4,MLTR5,MLTR6,MLTR7,MLTR8,MLTR9,MLTTVx,MLTTVy,MLTTVz,MLTRVx,MLTRVy,MLTRVz,MLGA,MRTx,MRTy,MRTz,MRTR1,MRTR2,MRTR3,MRTR4,MRTR5,MRTR6,MRTR7,MRTR8,MRTR9,MRTTVx,MRTTVy,MRTTVz,MRTRVx,MRTRVy,MRTRVz,MRGA,SLTx,SLTy,SLTz,SLTR1,SLTR2,SLTR3,SLTR4,SLTR5,SLTR6,SLTR7,SLTR8,SLTR9,SLTTVx,SLTTVy,SLTTVz,SLTRVx,SLTRVy,SLTRVz,SLGA,SRTx,SRTy,SRTz,SRTR1,SRTR2,SRTR3,SRTR4,SRTR5,SRTR6,SRTR7,SRTR8,SRTR9,SRTTVx,SRTTVy,SRTTVz,SRTRVx,SRTRVy,SRTRVz,SRGA
1277,0.184764,0.004876,0.314388,-0.431764,0.32665,-0.840788,-0.837565,-0.491143,0.239235,-0.334272,0.807101,0.486699,-0.01582,0.023418,-0.051743,-0.230984,-1.934332,0.593435,0.221585,-0.182718,0.009165,0.335747,-0.075231,-0.81879,0.569135,0.935764,0.139056,0.323949,-0.344299,0.557964,0.754982,0.01244,-9e-06,-0.018301,-0.371117,0.549884,0.398179,0.275286,0.035253,0.046523,-0.000836,0.125485,0.84884,0.51354,-0.926491,-0.084841,0.366627,0.354777,-0.521797,0.775797,0.006217,-0.00035,-0.009442,0.018958,-0.015521,0.247342,-0.05597,0.091446,0.044734,-0.060554,0.545227,-0.340611,-0.765971,0.777778,0.546399,0.310658,0.312712,-0.765134,0.562832,-0.007882,0.011284,-0.02627,0.021722,-1.996588,0.165905,0.044559
1278,0.184074,0.006007,0.312413,-0.431688,0.268917,-0.861031,-0.826101,-0.501178,0.257586,-0.361731,0.82216,0.43958,-0.015731,0.028854,-0.046598,-0.52527,-1.304402,-0.404458,0.29795,-0.182401,0.009381,0.334649,-0.11854,-0.809642,0.574821,0.934661,0.10427,0.339811,-0.334918,0.578549,0.743623,0.011562,0.005432,-0.031179,2.788579,2.494668,4.54599,0.352415,0.035412,0.046632,-0.001377,0.16365,0.83949,0.518144,-0.92322,-0.054783,0.380346,0.347682,-0.540605,0.766069,-0.001328,0.008025,-0.019358,-0.0004,0.082006,0.315325,0.201376,0.091101,0.045293,-0.061548,0.543952,-0.284524,-0.789406,0.764123,0.556703,0.325879,0.346744,-0.780466,0.520231,-0.008009,0.020387,-0.026926,-0.709657,0.342757,-1.781607,0.135349
1279,0.183726,0.006594,0.311516,-0.43281,0.242703,-0.868226,-0.822099,-0.501449,0.26958,-0.369412,0.830143,0.417642,-0.015725,0.028752,-0.046707,-0.379081,-1.657316,-0.178146,0.33485,-0.18232,0.009612,0.333868,-0.142171,-0.803763,0.577705,0.934012,0.084125,0.3471,-0.327412,0.589928,0.738003,-0.002805,0.012608,-0.041599,0.097697,0.478713,0.820656,0.383811,0.035458,0.046747,-0.001762,0.192598,0.831475,0.521107,-0.921547,-0.029185,0.387166,0.337128,-0.554793,0.760623,0.005368,0.005845,-0.021703,0.675521,1.09761,1.588519,0.267182,0.090927,0.04559,-0.061993,0.545015,-0.259131,-0.797376,0.758648,0.557309,0.33743,0.356946,-0.788833,0.500331,-0.0078,0.015206,-0.022551,-0.505466,-1.841855,-0.441139,0.187602
1280,0.182915,0.007774,0.309689,-0.442032,0.186174,-0.877492,-0.809322,-0.504607,0.300571,-0.386288,0.842803,0.374823,-0.029702,0.030559,-0.044455,-0.398433,-1.265799,-0.853123,0.376956,-0.182298,0.01029,0.331748,-0.208402,-0.782728,0.586427,0.930089,0.026634,0.366278,-0.302058,0.622733,0.721684,-0.003788,0.015526,-0.056677,2.928829,2.64302,4.416266,0.425991,0.035471,0.047078,-0.002789,0.25304,0.81058,0.528137,-0.915357,0.023867,0.401933,0.313194,-0.58514,0.74801,-0.001897,0.006812,-0.029121,0.021691,0.377979,0.308672,0.351277,0.090532,0.046168,-0.06289,0.551831,-0.203586,-0.808724,0.74268,0.561089,0.365519,0.379351,-0.802328,0.460825,-0.007809,0.014763,-0.022982,-0.388094,-1.301369,-0.623327,0.275289
1281,0.182175,0.008735,0.308068,-0.447281,0.144699,-0.882637,-0.802813,-0.499966,0.324805,-0.39374,0.853691,0.340894,-0.015342,0.01879,-0.037652,-0.208989,-0.722811,-0.517119,0.380063,-0.182517,0.011174,0.328893,-0.295155,-0.747523,0.59505,0.919715,-0.053805,0.388797,-0.258253,0.662958,0.702606,-0.005593,0.026458,-0.082642,3.079198,2.776113,4.64018,0.432495,0.035357,0.047541,-0.004259,0.343374,0.771202,0.536041,-0.900967,0.109294,0.419896,0.265238,-0.627137,0.732357,-0.002812,0.012678,-0.041866,3.038429,2.806198,4.658859,0.386221,0.090151,0.046667,-0.063718,0.555912,-0.159076,-0.815877,0.732923,0.556852,0.390817,0.392153,-0.815235,0.426151,-0.007797,0.015334,-0.022434,-0.264116,-0.906207,-0.611483,0.307457
1282,0.181313,0.009681,0.306564,-0.449679,0.116683,-0.885561,-0.798221,-0.497392,0.339732,-0.400278,0.859498,0.317911,-0.029308,0.02073,-0.035284,-0.17602,-0.629422,-0.497963,0.375537,-0.18284,0.01252,0.325147,-0.363307,-0.712523,0.600258,0.902652,-0.109949,0.41601,-0.229968,0.693846,0.682316,-0.007258,0.041707,-0.105104,-0.166558,0.381621,0.754416,0.428311,0.035198,0.048196,-0.006094,0.411808,0.733234,0.541091,-0.88068,0.167674,0.443043,0.234127,-0.658977,0.714794,-0.003577,0.020741,-0.052612,-0.261269,0.498161,0.836429,0.391936,0.089725,0.047138,-0.064472,0.557162,-0.132563,-0.819753,0.726829,0.555277,0.40421,0.401607,-0.821032,0.40573,-0.007762,0.0166,-0.021202,0.110327,-0.133694,-0.095994,0.310396
1283,0.180753,0.010148,0.305895,-0.449422,0.110847,-0.886442,-0.797067,-0.497826,0.341798,-0.402855,0.860027,0.313193,-0.029239,0.02293,-0.033143,-0.035261,-0.320088,-0.252861,0.373086,-0.183013,0.01337,0.323051,-0.386164,-0.699849,0.600899,0.893772,-0.123073,0.431228,-0.22736,0.704458,0.672243,-0.007979,0.052399,-0.113686,-0.267489,0.51245,0.915893,0.423594,0.035108,0.048631,-0.007187,0.434198,0.720044,0.541302,-0.870814,0.181714,0.456795,0.23055,-0.669713,0.705924,-0.003948,0.025771,-0.057188,-0.313721,0.547418,0.933473,0.38965,0.089445,0.047368,-0.06481,0.556836,-0.125725,-0.821052,0.725179,0.555588,0.40674,0.40503,-0.821897,0.400544,-0.014601,0.011293,-0.016724,-0.104262,-0.528023,-0.186209,0.307457
1284,0.179388,0.011027,0.304738,-0.448621,0.110236,-0.886923,-0.795726,-0.501088,0.340152,-0.406379,0.858209,0.313624,-0.028853,0.013887,-0.023181,0.06859,0.019217,-0.046984,0.379131,-0.183345,0.015354,0.318505,-0.423043,-0.68101,0.597706,0.876453,-0.140481,0.460466,-0.229088,0.7195,0.655517,-0.008788,0.060967,-0.124291,-0.18673,0.419945,0.854292,0.420912,0.034946,0.049597,-0.009415,0.469888,0.6998,0.538036,-0.851917,0.199888,0.484026,0.231174,-0.6858,0.690097,-0.004349,0.029979,-0.062567,-0.365537,0.594676,0.971514,0.383772,0.088752,0.047817,-0.0654,0.556127,-0.124724,-0.821684,0.723736,0.558709,0.405028,0.408566,-0.819931,0.400981,-0.014404,0.007052,-0.011461,0.065388,0.026955,-0.040791,0.306967
1285,0.177935,0.011737,0.303743,-0.448546,0.109649,-0.887034,-0.794319,-0.50388,0.339316,-0.409203,0.856649,0.314217,-0.028815,0.014499,-0.022623,0.068607,0.01903,-0.047074,0.385398,-0.183691,0.017567,0.313624,-0.463839,-0.659292,0.591759,0.854866,-0.158116,0.494103,-0.231612,0.735873,0.636168,-0.008932,0.057956,-0.127446,-0.372372,0.502162,1.147198,0.423876,0.034772,0.050704,-0.011854,0.508934,0.676867,0.531823,-0.828867,0.218607,0.514966,0.232303,-0.702895,0.67229,-0.004398,0.028949,-0.063724,-0.44649,0.618129,1.243047,0.383608,0.088036,0.048168,-0.065888,0.555973,-0.124347,-0.821846,0.72249,0.561168,0.403853,0.410977,-0.818307,0.401834,-0.021513,0.013113,-0.014729,0.098756,0.022548,-0.056497,0.317418
1286,0.177194,0.012075,0.303264,-0.448304,0.109323,-0.887196,-0.793717,-0.505202,0.338756,-0.410629,0.855912,0.314364,-0.043031,0.026439,-0.029317,0.108576,-0.095596,0.102788,0.386436,-0.183861,0.018689,0.311156,-0.485476,-0.644909,0.590252,0.842526,-0.165241,0.512621,-0.232453,0.746963,0.622796,-0.00892,0.058662,-0.12706,-0.594081,0.818676,1.152992,0.420986,0.034687,0.051261,-0.013091,0.529352,0.662372,0.53014,-0.816008,0.22648,0.531824,0.232199,-0.714121,0.660388,-0.004386,0.029392,-0.063443,-0.359168,0.454305,1.124164,0.382955,0.087671,0.048333,-0.066124,0.555841,-0.124104,-0.821971,0.7219,0.562348,0.403265,0.412187,-0.817533,0.402168,-0.014383,0.007334,-0.011217,0.064832,0.020789,-0.045208,0.320357
1287,0.175781,0.012849,0.30217,-0.448045,0.105893,-0.887743,-0.79206,-0.507532,0.339154,-0.414094,0.85497,0.312379,-0.029081,0.024275,-0.031952,-0.062063,-0.383249,-0.303439,0.391053,-0.184106,0.020987,0.306427,-0.528437,-0.616068,0.584129,0.815751,-0.178229,0.550199,-0.234189,0.768008,0.595972,0.005647,0.054732,-0.114026,-0.642913,0.640338,1.339768,0.401672,0.034559,0.0524,-0.015471,0.57123,0.6313,0.524551,-0.787266,0.240632,0.567721,0.232179,-0.737262,0.634458,-0.004241,0.033289,-0.060035,-0.327816,0.37031,1.119514,0.369076,0.086949,0.048734,-0.066678,0.555235,-0.12264,-0.822601,0.720535,0.564913,0.402121,0.415382,-0.815985,0.402025,-0.014524,0.012044,-0.016044,-0.195749,-0.552612,-0.415801,0.327379
1288,0.174783,0.013847,0.30083,-0.446944,0.099687,-0.889016,-0.790206,-0.509824,0.340041,-0.418795,0.85436,0.307746,-0.015293,0.035104,-0.040581,0.053018,-0.229809,-0.129285,0.38509,-0.18421,0.023513,0.302248,-0.56095,-0.579117,0.591566,0.795561,-0.179861,0.578504,-0.227918,0.79585,0.560838,0.006855,0.057095,-0.093648,-0.659762,0.708172,1.141083,0.369817,0.034509,0.053625,-0.017542,0.602507,0.594199,0.532833,-0.766143,0.243539,0.594738,0.223626,-0.766561,0.601975,-0.003312,0.02883,-0.046031,-0.452671,2.457699,-1.030145,0.342622,0.086461,0.049211,-0.067321,0.554179,-0.115631,-0.824326,0.718411,0.566638,0.40349,0.420439,-0.815812,0.39709,-0.014528,0.011605,-0.016501,-0.080227,-0.360377,-0.286524,0.325746
1289,0.174213,0.015136,0.299354,-0.448045,0.082805,-0.890193,-0.78106,-0.520725,0.34462,-0.43446,0.849597,0.299096,-0.015137,0.037669,-0.037973,0.059887,-0.217172,-0.121856,0.365717,-0.184235,0.025798,0.299133,-0.571504,-0.544347,0.614053,0.791667,-0.16921,0.586997,-0.21491,0.822262,0.526841,0.008784,0.049237,-0.064311,-0.293132,0.576359,0.296095,0.256933,0.034495,0.054765,-0.01913,0.614679,0.559257,0.556237,-0.760727,0.233934,0.605449,0.208479,-0.795302,0.569236,-0.002352,0.024786,-0.031471,-0.305515,2.331301,-1.52798,0.260487,0.08617,0.049858,-0.068078,0.554538,-0.097931,-0.826375,0.708191,0.577007,0.406851,0.436982,-0.810846,0.389327,-0.007546,0.018783,-0.019029,0.042654,-0.258582,-0.152549,0.311376
1290,0.173899,0.016058,0.298589,-0.448561,0.077024,-0.890452,-0.779048,-0.522003,0.347229,-0.437523,0.849363,0.295268,-0.015105,0.053072,-0.041492,0.128386,-0.021577,-0.198824,0.346591,-0.184172,0.026771,0.298095,-0.575453,-0.535775,0.617892,0.789517,-0.167265,0.59044,-0.21227,0.828261,0.518448,0.009798,0.046612,-0.048325,-0.156266,0.35698,0.187801,0.12787,0.034525,0.055272,-0.019685,0.61873,0.549868,0.561086,-0.758458,0.231981,0.609036,0.204728,-0.80239,0.560585,0.00497,0.023761,-0.023733,-0.218188,0.418792,0.212714,0.146674,0.086019,0.050294,-0.06845,0.55474,-0.091705,-0.826953,0.705847,0.578079,0.409393,0.440502,-0.81081,0.385414,-0.007499,0.027128,-0.020141,0.143594,-0.162123,-0.020591,0.294394
1291,0.173015,0.018091,0.29736,-0.448419,0.070955,-0.891028,-0.773146,-0.531022,0.346747,-0.448001,0.844294,0.294092,-0.028336,0.049516,-0.025526,0.1404,-0.028137,0.009785,0.272579,-0.183395,0.028881,0.297091,-0.574215,-0.528576,0.6252,0.792191,-0.166391,0.587096,-0.205578,0.833043,0.513459,0.025653,0.051165,-0.007967,0.104029,0.01635,-0.003303,-0.159108,0.034898,0.056295,-0.020216,0.617736,0.54311,0.568711,-0.761202,0.231422,0.605816,0.197413,-0.807139,0.556375,0.012896,0.026445,-0.003165,0.121843,-0.002499,-0.019013,-0.161945,0.085586,0.051299,-0.069075,0.554492,-0.08602,-0.827731,0.699479,0.587039,0.40757,0.450851,-0.804975,0.385678,-0.014115,0.025414,-0.012098,0.144061,-0.037733,0.038474,0.232997
1292,0.171872,0.019892,0.296666,-0.447434,0.070215,-0.891582,-0.771281,-0.534939,0.344874,-0.452177,0.841881,0.294619,-0.027738,0.042979,-0.013055,0.105489,-0.031516,0.015312,0.040565,-0.182111,0.030415,0.297858,-0.559061,-0.54226,0.627213,0.804635,-0.172767,0.568021,-0.198953,0.8229,0.532087,0.028861,0.025149,0.040194,0.68152,-0.541757,-0.746454,-0.707236,0.035534,0.057076,-0.019859,0.604893,0.555435,0.570608,-0.772843,0.236829,0.588748,0.191874,-0.797121,0.572521,0.014469,0.013371,0.020858,0.529499,-0.496612,-0.443959,-0.458971,0.08502,0.052216,-0.069436,0.553498,-0.085483,-0.828451,0.697689,0.590817,0.405172,0.454828,-0.802264,0.386656,-0.013861,0.021466,-0.006536,0.103991,-0.030617,0.016218,0.011738
1293,0.169968,0.021188,0.296665,-0.448527,0.080599,-0.890153,-0.770343,-0.539886,0.339214,-0.45269,0.837769,0.305354,-0.054563,0.026599,0.009031,0.248204,0.507335,0.316589,-0.199576,-0.180696,0.031345,0.299806,-0.53185,-0.569705,0.626549,0.824912,-0.181701,0.535199,-0.190396,0.802193,0.565773,0.04374,0.012698,0.063065,0.902942,-0.936055,-0.797642,-1.374155,0.036253,0.057576,-0.018866,0.57814,0.58435,0.569462,-0.794663,0.244922,0.555448,0.185102,-0.773658,0.605961,0.015156,0.006673,0.032381,0.629955,-0.551924,-0.809358,-0.754364,0.084062,0.052879,-0.069449,0.555006,-0.093638,-0.826559,0.696714,0.595211,0.40039,0.454485,-0.798094,0.395585,-0.034231,0.01953,0.001475,0.30129,0.594602,0.334034,-0.261611
1294,0.168702,0.021709,0.296963,-0.449266,0.088479,-0.889032,-0.770326,-0.542387,0.335239,-0.451986,0.835345,0.312944,-0.054015,0.019772,0.020985,0.15831,0.375286,0.226275,-0.397695,-0.179957,0.031612,0.301221,-0.516349,-0.583122,0.627171,0.835865,-0.184276,0.517016,-0.185266,0.791908,0.58174,0.043736,0.019697,0.06915,0.657123,-0.723231,-0.573532,-1.402152,0.036611,0.057705,-0.018189,0.562484,0.599096,0.569819,-0.806769,0.246885,0.536814,0.180924,-0.761662,0.622202,0.021861,0.010222,0.034934,0.416723,-0.544391,-0.420357,-0.898549,0.08343,0.05314,-0.069307,0.555919,-0.103047,-0.824823,0.697251,0.598028,0.395224,0.452541,-0.794822,0.404305,-0.03393,0.00987,0.010672,0.220469,0.525527,0.260737,-0.387834
1295,0.165745,0.022533,0.298089,-0.448972,0.120595,-0.885396,-0.775531,-0.544758,0.319003,-0.443305,0.829725,0.339212,-0.080614,0.016774,0.037002,0.16733,0.606783,0.330482,-0.849466,-0.178536,0.031899,0.304513,-0.489905,-0.604257,0.628378,0.853521,-0.186163,0.4866,-0.176439,0.775465,0.606124,0.032441,-0.007048,0.098241,0.361482,-0.496496,-0.499234,-1.404984,0.037338,0.057869,-0.016517,0.535834,0.622338,0.570593,-0.826209,0.247249,0.506207,0.173953,-0.742672,0.646666,0.015819,0.003233,0.046376,0.557078,-0.666742,-0.567512,-0.963049,0.081961,0.053553,-0.06875,0.556738,-0.135163,-0.819617,0.704196,0.600157,0.379364,0.440623,-0.788378,0.429312,-0.040346,0.008159,0.018324,0.143899,0.802014,0.449377,-0.68241
1296,0.162258,0.023177,0.299774,-0.434064,0.167429,-0.885213,-0.789818,-0.543364,0.284455,-0.432834,0.82242,0.369198,-0.093475,0.010931,0.049568,0.423848,1.160495,0.696103,-1.415038,-0.177099,0.031734,0.30843,-0.472671,-0.618668,0.627553,0.863619,-0.183944,0.469319,-0.174329,0.764563,0.620416,0.032179,-0.005046,0.098849,0.297459,-0.441621,-0.445826,-1.405375,0.038045,0.057804,-0.014588,0.519799,0.636549,0.569748,-0.836493,0.243832,0.490739,0.173457,-0.731676,0.659213,0.022687,-0.002121,0.049255,-0.010251,-0.185304,-0.194931,-0.956191,0.080258,0.053872,-0.067925,0.544291,-0.179748,-0.819412,0.72214,0.597479,0.348614,0.426919,-0.781478,0.455006,-0.046778,0.005398,0.024783,0.422999,0.924667,0.771218,-0.978456
1297,0.16044,0.023471,0.300762,-0.4191,0.189755,-0.887915,-0.798931,-0.541678,0.261277,-0.430872,0.818647,0.379727,-0.092936,0.014231,0.052392,0.671428,-1.006932,2.709853,-1.730412,-0.176431,0.031541,0.310356,-0.465803,-0.624605,0.626807,0.867293,-0.182128,0.463212,-0.174585,0.760161,0.62573,0.03284,-0.016249,0.10595,0.124768,-0.302321,-0.35416,-1.405576,0.038391,0.057708,-0.013585,0.512164,0.643682,0.568648,-0.841116,0.24191,0.483738,0.173812,-0.726052,0.665309,0.015974,-0.00176,0.049824,0.272943,-0.423735,-0.386574,-0.954558,0.079349,0.054026,-0.067438,0.533124,-0.205488,-0.820702,0.733377,0.595904,0.327194,0.421825,-0.77632,0.468391,-0.046456,0.007597,0.026726,0.503055,1.284484,0.755335,-1.112028
1298,0.156738,0.024056,0.303088,-0.394359,0.245438,-0.8856,-0.817989,-0.532911,0.216499,-0.418325,0.809483,0.412029,-0.105303,0.011698,0.067714,-4.466987,2.223856,3.302112,-1.915793,-0.175063,0.031116,0.314376,-0.44619,-0.640163,0.625377,0.878122,-0.178762,0.443712,-0.1717,0.747927,0.641083,0.03179,-0.003236,0.098762,0.523241,-0.685811,-0.59638,-1.405268,0.039076,0.057493,-0.01157,0.494364,0.65845,0.567491,-0.851968,0.23748,0.46664,0.172491,-0.714175,0.67838,0.016234,-0.00794,0.052606,0.178726,-0.361678,-0.396765,-0.951129,0.077468,0.054319,-0.06626,0.510361,-0.258674,-0.820132,0.755473,0.590481,0.283884,0.410839,-0.764473,0.49678,-0.045769,0.011822,0.03034,0.299066,0.786294,0.661386,-1.113334
1299,0.15294,0.024518,0.305908,-0.378658,0.291253,-0.878542,-0.831409,-0.524098,0.184534,-0.406233,0.799939,0.4417,-0.090704,0.004391,0.077928,0.222334,0.79572,0.613405,-1.917646,-0.173817,0.030696,0.318305,-0.425491,-0.654545,0.624916,0.889236,-0.174646,0.422719,-0.167022,0.73637,0.655535,0.032355,-0.01732,0.103018,0.290979,-0.469496,-0.485011,-1.405549,0.039699,0.057293,-0.009603,0.473188,0.674547,0.566638,-0.864739,0.23278,0.445016,0.168282,-0.700571,0.693455,0.0157,-0.002864,0.047805,0.532509,-0.641728,-0.596246,-0.946067,0.075564,0.054557,-0.064849,0.494564,-0.308689,-0.812475,0.776837,0.576227,0.25394,0.389782,-0.756751,0.524782,-0.05214,0.00313,0.039977,0.213265,0.712496,0.804659,-1.097005
1300,0.151064,0.024633,0.30748,-0.370704,0.308651,-0.87599,-0.83797,-0.517845,0.172094,-0.400057,0.797464,0.451701,-0.103629,0.008327,0.081161,0.217104,0.670645,0.760294,-1.917277,-0.173203,0.030519,0.320174,-0.417453,-0.662203,0.622263,0.893184,-0.173434,0.414822,-0.166257,0.729783,0.663053,0.031403,-0.006944,0.094151,0.3701,-0.532558,-0.496232,-1.40521,0.040006,0.057202,-0.008664,0.465699,0.681944,0.563981,-0.868768,0.231022,0.438028,0.168418,-0.693959,0.700039,0.01606,-0.009634,0.050482,-0.098665,-0.128462,-0.21236,-0.946067,0.074631,0.054613,-0.064065,0.487414,-0.325634,-0.810178,0.785058,0.569615,0.243356,0.382245,-0.754652,0.533279,-0.045219,-0.002182,0.043805,-0.035819,0.206844,0.441683,-1.114314
1301,0.147556,0.024455,0.310881,-0.35927,0.328104,-0.873681,-0.847084,-0.507501,0.157684,-0.391217,0.796323,0.461352,-0.09022,-0.016261,0.093576,-0.064501,0.228572,0.382588,-1.917256,-0.172082,0.030252,0.323699,-0.404747,-0.67153,0.62066,0.899187,-0.169279,0.403413,-0.165337,0.7222,0.671531,0.031191,-0.009589,0.091162,-0.0873,-0.187964,0.031127,-1.405267,0.040578,0.057066,-0.006867,0.45159,0.693245,0.561672,-0.876339,0.226372,0.425186,0.167611,-0.684226,0.709746,0.015537,-0.005024,0.045383,-0.193011,-0.11373,0.077649,-0.945414,0.072872,0.054541,-0.062361,0.476425,-0.34689,-0.807889,0.796648,0.559079,0.22974,0.37198,-0.753058,0.542709,-0.044964,-0.001826,0.043619,0.028306,0.29741,0.489876,-1.110721
1302,0.144324,0.023951,0.31438,-0.350519,0.334765,-0.874708,-0.85256,-0.500617,0.149989,-0.387254,0.797898,0.461974,-0.076545,-0.017888,0.091255,-0.101598,-0.189692,0.413756,-1.916403,-0.17116,0.0303,0.326993,-0.393112,-0.681956,0.616758,0.90443,-0.166276,0.392802,-0.164835,0.713073,0.681336,0.016204,0.010775,0.074213,0.146129,-0.244045,-0.284945,-1.405002,0.041022,0.057087,-0.005277,0.441427,0.70266,0.558041,-0.881382,0.222935,0.416491,0.168245,-0.675699,0.717721,0.008049,0.005485,0.037181,0.366131,-0.429293,-0.413518,-0.945414,0.071252,0.054293,-0.060608,0.468272,-0.354623,-0.809298,0.803366,0.552205,0.222871,0.367864,-0.754527,0.543474,-0.038301,-0.008743,0.045885,0.073334,-0.509414,0.7284,-1.111701
1303,0.141404,0.023224,0.31789,-0.336031,0.340852,-0.878036,-0.859138,-0.492929,0.137384,-0.385572,0.800095,0.459575,-0.076708,-0.020282,0.088488,-0.106663,0.131451,0.346218,-1.91637,-0.170339,0.030573,0.329715,-0.385085,-0.689434,0.613499,0.907871,-0.163986,0.385763,-0.164876,0.706383,0.68826,0.015207,0.016532,0.061434,0.03687,-0.19675,-0.007268,-1.404653,0.041443,0.057225,-0.003878,0.432611,0.710994,0.554376,-0.885712,0.220303,0.408631,0.168404,-0.667796,0.725042,0.0145,0.002835,0.034225,-0.031534,-0.094536,-0.133439,-0.943944,0.069793,0.053934,-0.058849,0.454583,-0.360556,-0.814465,0.811603,0.544389,0.21199,0.366952,-0.757389,0.540098,-0.031731,-0.011017,0.043523,-0.042337,0.239756,0.442346,-1.111864
1304,0.140174,0.022729,0.319606,-0.325485,0.345043,-0.880369,-0.86319,-0.488451,0.127634,-0.38558,0.80104,0.45792,-0.063836,-0.034451,0.093484,-0.17403,0.055291,0.304078,-1.916005,-0.169951,0.030784,0.330915,-0.382005,-0.69245,0.612027,0.909152,-0.163106,0.383109,-0.164986,0.703632,0.691046,0.015165,0.013339,0.058669,-0.035017,-0.026223,-0.126313,-1.404981,0.041637,0.057333,-0.003276,0.429594,0.714119,0.552705,-0.887112,0.219357,0.406096,0.168761,-0.664768,0.727738,0.014031,0.006709,0.028824,-0.066354,-0.122593,0.083062,-0.942964,0.069173,0.053692,-0.057992,0.44451,-0.36619,-0.817505,0.817044,0.539869,0.202433,0.367217,-0.757921,0.539171,-0.025127,-0.01254,0.042063,-0.133388,0.049986,0.357578,-1.110885
1305,0.138225,0.021445,0.322838,-0.30927,0.360323,-0.880094,-0.87119,-0.478382,0.110225,-0.380927,0.80037,0.462957,-0.037894,-0.033946,0.076069,-0.10343,0.028072,0.560279,-1.915878,-0.169249,0.031279,0.332929,-0.377905,-0.697133,0.609249,0.910785,-0.162106,0.379641,-0.16543,0.699226,0.695398,0.015144,0.004859,0.051737,-0.092022,0.044518,-0.10862,-1.404809,0.041988,0.057588,-0.002263,0.425649,0.718664,0.549857,-0.888839,0.218123,0.402971,0.169665,-0.66026,0.731621,0.013555,0.008164,0.021504,-0.079644,-0.064055,0.119938,-0.944924,0.068204,0.053073,-0.056395,0.429642,-0.381889,-0.818271,0.82722,0.52982,0.187072,0.362096,-0.757264,0.54354,-0.025736,-0.01651,0.038477,-0.045265,0.180173,0.620281,-1.110068
1306,0.137049,0.019944,0.325613,-0.292689,0.378472,-0.878144,-0.878828,-0.468349,0.091003,-0.37648,0.797902,0.470788,-0.025703,-0.042693,0.068531,-0.043938,0.317529,0.550068,-1.912685,-0.168574,0.031875,0.334539,-0.375993,-0.700504,0.60656,0.911462,-0.162052,0.378034,-0.166055,0.695862,0.698616,0.02708,0.012496,0.039811,0.065512,-0.101435,-0.150868,-1.40448,0.042316,0.057869,-0.00147,0.424391,0.721229,0.547466,-0.889217,0.217894,0.402261,0.170833,-0.657533,0.733802,0.007073,0.005779,0.020068,0.206701,-0.303396,-0.084071,-0.944271,0.067607,0.052327,-0.054997,0.414092,-0.399631,-0.817815,0.837414,0.519387,0.170213,0.356741,-0.755335,0.54973,-0.005993,-0.016479,0.02969,0.009675,0.381345,0.667499,-1.106313
1307,0.136761,0.019117,0.326811,-0.285395,0.386336,-0.87712,-0.882184,-0.463536,0.082813,-0.374235,0.796935,0.474204,-0.01255,-0.036882,0.056022,-0.094199,0.183194,0.252653,-1.911976,-0.16821,0.032177,0.335211,-0.376793,-0.700734,0.605797,0.910933,-0.162074,0.379297,-0.167137,0.695626,0.698594,0.013266,0.020645,0.030574,-0.039609,0.056206,-0.083353,-1.404191,0.042498,0.058017,-0.001131,0.424644,0.721871,0.546423,-0.888928,0.217972,0.402857,0.171706,-0.656802,0.734252,0.007079,0.004078,0.018733,-0.078413,-0.030413,0.071972,-0.94525,0.067453,0.051914,-0.054391,0.406589,-0.409578,-0.816657,0.842261,0.514346,0.161376,0.353949,-0.753453,0.5541,-0.006346,-0.018626,0.027867,-0.076565,0.132064,0.460465,-1.100434
1308,0.136687,0.017559,0.328738,-0.282889,0.402307,-0.870728,-0.881938,-0.465927,0.071196,-0.376709,0.787568,0.487702,0.000333,-0.032887,0.042007,-0.01177,0.427658,0.393074,-1.914521,-0.167457,0.032792,0.336347,-0.376795,-0.702672,0.603548,0.910795,-0.162721,0.379354,-0.167885,0.693517,0.700508,0.013226,0.017258,0.027846,-0.028632,-0.052173,0.08307,-1.404306,0.042885,0.058331,-0.000552,0.424701,0.723575,0.54412,-0.888721,0.218602,0.402972,0.172635,-0.654714,0.735897,0.013017,0.008722,0.013457,-0.032021,-0.06189,0.116414,-0.946883,0.067406,0.051112,-0.053401,0.404192,-0.424143,-0.810388,0.843246,0.516027,0.150501,0.354348,-0.744189,0.566231,0.006726,-0.017929,0.019741,0.00315,0.731092,0.369484,-1.100434
1309,0.137071,0.016248,0.330065,-0.283258,0.417446,-0.863452,-0.882617,-0.465635,0.064368,-0.374839,0.77981,0.501417,0.013294,-0.028707,0.028128,0.40093,0.219663,-0.095146,-1.91511,-0.166607,0.033426,0.33736,-0.376748,-0.704553,0.601379,0.910725,-0.163501,0.379184,-0.168364,0.691422,0.702462,0.01317,0.015198,0.026153,-0.026023,-0.054742,0.08117,-1.404185,0.043309,0.058646,-4.7e-05,0.424622,0.725356,0.541805,-0.888655,0.219454,0.402654,0.173166,-0.652455,0.737776,0.012979,0.007532,0.012493,-0.053112,0.052093,-0.04761,-0.948026,0.067592,0.050452,-0.052734,0.403906,-0.440266,-0.801888,0.845223,0.514919,0.143024,0.349939,-0.735543,0.580101,0.006734,-0.009253,0.009638,1.467477,0.040738,-0.476552,-1.10468
1310,0.137867,0.015406,0.330727,-0.287205,0.43449,-0.853685,-0.884245,-0.462882,0.061836,-0.367939,0.772084,0.518203,0.02641,-0.023766,0.014836,0.070764,0.436008,0.30278,-1.916051,-0.165728,0.033928,0.338304,-0.376494,-0.706348,0.599431,0.910738,-0.164031,0.378924,-0.168861,0.689462,0.704266,0.025941,0.012221,0.022803,-0.039489,0.056177,-0.078504,-1.404102,0.043744,0.0589,0.000427,0.424474,0.727042,0.539657,-0.888599,0.220082,0.402436,0.173819,-0.650363,0.739468,0.006571,0.005831,0.011705,-0.041676,-0.042806,0.088327,-0.94721,0.067985,0.050029,-0.052398,0.407972,-0.455105,-0.791478,0.84684,0.512607,0.141756,0.341204,-0.728088,0.594531,0.013368,-0.006356,0.003332,0.19986,0.615773,0.436639,-1.107292
1311,0.138387,0.015191,0.330793,-0.288677,0.440161,-0.850276,-0.8846,-0.462321,0.060939,-0.365926,0.769198,0.523889,0.040296,-0.004971,-0.004283,0.083695,0.325842,0.088954,-1.91641,-0.165317,0.034129,0.338764,-0.375745,-0.708054,0.597884,0.911079,-0.164573,0.377869,-0.168692,0.68758,0.706144,0.025883,0.012565,0.022991,0.005894,-0.099392,0.088635,-1.404229,0.043959,0.059001,0.000663,0.423659,0.728711,0.538045,-0.889014,0.220606,0.401231,0.173686,-0.648315,0.741295,0.012931,0.006147,0.011381,-0.021051,-0.080405,0.099042,-0.949169,0.068254,0.049913,-0.052359,0.409069,-0.461616,-0.787128,0.847505,0.511928,0.140224,0.338224,-0.724457,0.600637,0.020087,-0.002807,-0.002428,0.085059,0.319379,0.091154,-1.107782
1312,0.139569,0.015036,0.330579,-0.294201,0.44915,-0.843656,-0.884643,-0.462036,0.06245,-0.361392,0.764148,0.534322,0.026883,0.00567,-0.01277,0.149147,0.325321,0.276201,-1.914759,-0.164481,0.034374,0.339844,-0.374275,-0.711476,0.594737,0.911645,-0.165265,0.376197,-0.168903,0.683872,0.709685,0.026757,0.001684,0.030999,-0.011248,-0.093594,0.031404,-1.403783,0.044367,0.059121,0.00119,0.422179,0.731952,0.534799,-0.889639,0.221244,0.39949,0.174086,-0.644435,0.744577,0.013355,0.001166,0.01572,-0.022703,-0.103034,0.056843,-0.953088,0.068844,0.049831,-0.05247,0.414401,-0.468857,-0.780028,0.847264,0.511682,0.142561,0.332286,-0.719968,0.609287,0.013425,0.002727,-0.006494,0.220994,0.441433,0.343267,-1.107619
1313,0.140859,0.014998,0.330304,-0.303365,0.453072,-0.838296,-0.883506,-0.463234,0.069299,-0.356561,0.761099,0.541867,0.027141,0.007461,-0.011287,0.049867,0.125108,-0.058481,-1.909328,-0.163649,0.034286,0.341113,-0.368053,-0.713811,0.595821,0.914765,-0.163572,0.3693,-0.165695,0.681843,0.712389,0.015002,-0.011354,0.038546,0.190142,-0.317614,-0.163246,-1.404103,0.044788,0.059083,0.001822,0.417032,0.733646,0.536513,-0.89255,0.219139,0.394121,0.171575,-0.643227,0.746204,0.013363,-0.000278,0.014637,0.430723,-0.490629,-0.234191,-0.954884,0.069478,0.049803,-0.052608,0.422745,-0.473229,-0.772878,0.845453,0.513042,0.148309,0.326335,-0.716129,0.616979,0.020127,-0.00269,-0.002376,0.004936,0.118972,-0.056448,-1.108762
1314,0.141529,0.014966,0.330247,-0.310432,0.453976,-0.835214,-0.882494,-0.464168,0.075646,-0.35296,0.75999,0.545767,0.040712,-0.002242,-0.002083,-1.122794,1.674951,-2.021249,-1.908495,-0.163256,0.034109,0.341815,-0.365316,-0.714112,0.597143,0.916017,-0.161961,0.3669,-0.164842,0.681913,0.71252,0.015012,-0.012029,0.03804,0.732113,2.060539,-1.892478,-1.403362,0.04499,0.058991,0.002188,0.413753,0.735453,0.536578,-0.894247,0.217824,0.390991,0.170676,-0.641607,0.747802,0.007472,-0.006062,0.01897,0.69246,2.085829,-1.880651,-0.956028,0.069807,0.049786,-0.052643,0.427082,-0.473311,-0.770439,0.844163,0.51404,0.152156,0.324019,-0.715359,0.619089,0.013625,-0.000393,-0.000417,-0.002913,0.050098,-0.086188,-1.108599
1315,0.14274,0.014933,0.330277,-0.321899,0.460499,-0.827264,-0.880842,-0.465995,0.083285,-0.346756,0.754926,0.556664,0.027662,0.002241,0.001733,0.117922,0.419617,0.144164,-1.902494,-0.162407,0.033676,0.3433,-0.359181,-0.719958,0.593836,0.918522,-0.160418,0.361272,-0.164395,0.676106,0.718135,0.014969,-0.01149,0.03837,0.129401,-0.245281,-0.143664,-1.403462,0.045414,0.058773,0.00293,0.407716,0.740647,0.53405,-0.897082,0.215809,0.385576,0.170323,-0.636293,0.75241,0.007461,-0.005724,0.019187,0.161144,-0.269427,-0.15697,-0.956844,0.070418,0.049767,-0.052631,0.440551,-0.477447,-0.760235,0.840689,0.516457,0.162826,0.314888,-0.710855,0.628911,0.013804,0.000906,0.000664,0.240462,0.663369,0.248253,-1.10468
1316,0.143808,0.014991,0.330515,-0.33531,0.472316,-0.815187,-0.879175,-0.467789,0.09053,-0.338167,0.74646,0.573121,0.014702,0.007496,0.006208,0.15605,0.65928,0.021756,-1.896902,-0.161584,0.033154,0.344724,-0.350888,-0.724316,0.593494,0.92212,-0.157313,0.353385,-0.162165,0.67217,0.722324,0.02779,-0.014532,0.035174,0.008474,-0.046003,-0.202874,-1.403402,0.045815,0.058523,0.003632,0.399269,0.745648,0.533472,-0.901285,0.21251,0.377522,0.16813,-0.631544,0.756891,0.007539,-0.008013,0.017567,0.008058,-0.136408,-0.068679,-0.954885,0.070956,0.049793,-0.052515,0.45291,-0.488099,-0.746077,0.838067,0.51857,0.169494,0.304163,-0.702028,0.643925,0.014135,0.003407,0.002751,0.287244,0.774997,0.35504,-1.108925
1317,0.144658,0.015238,0.330963,-0.343659,0.493185,-0.799195,-0.878359,-0.469861,0.087682,-0.331847,0.731499,0.595663,0.028902,0.011908,0.009756,0.217937,0.68397,0.311875,-1.896945,-0.160816,0.032588,0.345894,-0.345426,-0.728379,0.591722,0.924193,-0.15493,0.348994,-0.162099,0.668321,0.725902,0.015324,-0.021047,0.031672,-0.074641,-0.031052,-0.023515,-1.402999,0.046204,0.058245,0.004221,0.393651,0.749889,0.531699,-0.903706,0.209743,0.373257,0.168381,-0.627433,0.760246,0.01347,-0.004488,0.011612,-0.081589,-0.024208,0.039777,-0.955048,0.071376,0.049913,-0.052294,0.460454,-0.507912,-0.728015,0.837384,0.520682,0.166364,0.294567,-0.686232,0.665067,0.00766,0.001535,0.009911,0.305628,1.062469,0.265189,-1.11562
1318,0.144962,0.015428,0.331302,-0.346959,0.503107,-0.791548,-0.877769,-0.471447,0.085035,-0.329967,0.723673,0.606173,0.015583,0.005204,0.021595,0.09735,0.567846,-0.029685,-1.896536,-0.160428,0.032346,0.346372,-0.340714,-0.729971,0.592492,0.926369,-0.153457,0.343839,-0.159651,0.666923,0.727728,0.014358,-0.011543,0.022501,0.258429,-0.337978,-0.215727,-1.403306,0.046398,0.05812,0.004463,0.390352,0.750382,0.533434,-0.905392,0.207775,0.370263,0.167004,-0.627499,0.760495,0.007168,-0.005978,0.011093,0.267294,-0.264244,-0.408939,-0.955211,0.071533,0.050009,-0.05213,0.462798,-0.518716,-0.718853,0.837363,0.521945,0.162466,0.290928,-0.677131,0.675909,0.007966,0.008561,0.007072,0.144412,0.603573,0.025463,-1.116927
1319,0.145493,0.015772,0.332233,-0.35105,0.529473,-0.772313,-0.879445,-0.469577,0.077751,-0.321065,0.705842,0.631452,0.015944,-0.000984,0.033662,0.199857,1.02995,0.034249,-1.89806,-0.159728,0.031944,0.347009,-0.336497,-0.732448,0.591846,0.92798,-0.151456,0.340364,-0.159246,0.664662,0.729882,0.013594,-0.006849,0.009989,0.239407,-0.280556,-0.18367,-1.403307,0.046748,0.05792,0.004788,0.386017,0.753168,0.53266,-0.907312,0.205665,0.366722,0.166654,-0.624851,0.762749,0.006785,-0.003485,0.004938,0.441108,-0.360699,-0.423037,-0.955538,0.071798,0.050184,-0.051669,0.466115,-0.54215,-0.699149,0.839757,0.519844,0.156748,0.278467,-0.660178,0.697581,0.008089,0.005099,0.012804,0.024793,0.413074,-0.112237,-1.120029
1320,0.145889,0.016075,0.333489,-0.353811,0.547916,-0.758058,-0.883067,-0.462754,0.077614,-0.307835,0.696194,0.64852,0.003117,0.014281,0.028925,0.12364,0.482972,0.144902,-1.900474,-0.159135,0.031654,0.347223,-0.335255,-0.731984,0.593123,0.928305,-0.14958,0.340307,-0.159967,0.665598,0.728871,0.012783,-0.00095,-0.001699,-0.010914,0.090134,-0.13894,-1.403202,0.04704,0.057772,0.004899,0.383985,0.753704,0.533371,-0.908143,0.203912,0.365644,0.166827,-0.624779,0.76277,0.006906,-0.005852,0.003303,-0.037267,-0.002059,0.013241,-0.955701,0.071996,0.050333,-0.051049,0.467712,-0.560216,-0.683668,0.84397,0.51286,0.157126,0.262602,-0.650485,0.712676,0.001536,0.007085,0.014414,0.127304,0.675475,0.013181,-1.11611
1321,0.146016,0.016208,0.334139,-0.358351,0.550275,-0.754206,-0.882001,-0.46434,0.080215,-0.305629,0.693271,0.652682,0.002918,0.003566,0.037271,-0.057188,0.246146,-0.266237,-1.900797,-0.158882,0.031594,0.347208,-0.334973,-0.731853,0.593444,0.928401,-0.149231,0.340198,-0.160002,0.66582,0.72866,0.012811,-0.001472,-0.002063,-0.010973,0.090165,-0.138916,-1.403116,0.047171,0.057738,0.004889,0.38375,0.753576,0.533722,-0.908239,0.203579,0.365591,0.166846,-0.625043,0.76255,0.006425,-0.001201,-0.001364,0.00223,-0.014358,0.030423,-0.955538,0.072066,0.050406,-0.050712,0.471534,-0.563914,-0.677979,0.842829,0.51435,0.158373,0.25941,-0.646099,0.717817,0.001577,0.007453,0.014669,-0.054658,0.066966,-0.106023,-1.118559
1322,0.146098,0.016417,0.33553,-0.364618,0.550337,-0.751152,-0.880722,-0.465684,0.086255,-0.301884,0.69232,0.655429,0.002844,0.003084,0.036701,-0.072886,0.09039,-0.129273,-1.90129,-0.158488,0.03153,0.347108,-0.334798,-0.731725,0.593699,0.928483,-0.149082,0.340041,-0.159895,0.665993,0.728526,0.012815,-0.001412,-0.002025,0.002045,-0.015205,0.029245,-1.403345,0.047368,0.057701,0.004835,0.383514,0.753428,0.534099,-0.908368,0.203359,0.365392,0.166683,-0.625292,0.762381,0.006417,-0.000901,-0.001155,0.000616,0.000391,0.005558,-0.95717,0.072107,0.050515,-0.050013,0.477621,-0.562911,-0.674543,0.840656,0.515916,0.164704,0.255294,-0.645725,0.719627,0.00138,0.001371,0.018213,-0.067822,-0.018868,0.034965,-1.120192
1323,0.145858,0.016615,0.336961,-0.364256,0.550488,-0.751217,-0.881646,-0.463668,0.087656,-0.299616,0.693551,0.655168,-0.01042,0.004843,0.038079,-0.069968,-0.001348,0.009129,-1.90069,-0.158124,0.031532,0.347102,-0.33536,-0.731845,0.593235,0.92826,-0.149561,0.340439,-0.160011,0.665755,0.728718,0.012644,0.002153,0.000446,0.002045,-0.015205,0.029245,-1.403211,0.047551,0.057695,0.004827,0.384081,0.753488,0.533607,-0.908107,0.203878,0.365751,0.166798,-0.625051,0.762554,-4.2e-05,0.000891,0.000611,0.000338,0.000233,0.000438,-0.959783,0.071993,0.050612,-0.049299,0.477452,-0.563,-0.674588,0.841391,0.514174,0.166389,0.253179,-0.647035,0.719197,-0.005242,0.002348,0.018986,-0.064299,-0.107956,0.175387,-1.117743
1324,0.145619,0.016763,0.33772,-0.363575,0.550552,-0.7515,-0.882275,-0.462403,0.088015,-0.298595,0.694343,0.654794,-0.010274,0.005779,0.038725,-0.06996,-0.001257,0.00918,-1.89943,-0.157926,0.03159,0.347126,-0.33584,-0.731965,0.592816,0.928075,-0.150005,0.340748,-0.160076,0.665523,0.728916,0.012588,0.003243,0.001201,0.002045,-0.015205,0.029245,-1.403039,0.047645,0.057723,0.004838,0.384537,0.753557,0.53318,-0.907901,0.204325,0.366013,0.16687,-0.624821,0.762727,0.006266,0.002177,0.000979,0.004216,-0.030294,0.053982,-0.9606,0.071882,0.050682,-0.048936,0.476823,-0.563093,-0.674955,0.842003,0.513026,0.166833,0.252327,-0.647865,0.718749,-0.005156,0.002927,0.019403,-0.064567,-0.107563,0.175916,-1.114477
1325,0.145051,0.016985,0.339303,-0.363105,0.550667,-0.751642,-0.883309,-0.460131,0.08954,-0.296103,0.695759,0.654424,-0.010073,0.006909,0.039413,-0.069943,-0.001052,0.009294,-1.895254,-0.157554,0.031791,0.347233,-0.335331,-0.730971,0.594328,0.928516,-0.150058,0.339521,-0.158583,0.666603,0.728255,0.012449,0.005798,0.002968,0.002045,-0.015205,0.029245,-1.403229,0.047836,0.057824,0.004892,0.384077,0.752667,0.534768,-0.908384,0.204346,0.364802,0.165297,-0.625887,0.762195,0.006197,0.003453,0.001862,0.003432,-0.031883,0.055095,-0.962233,0.071589,0.050796,-0.048129,0.476432,-0.563207,-0.675136,0.842929,0.510915,0.168629,0.249964,-0.649433,0.71816,-0.011704,0.004108,0.020305,-0.069962,0.013407,-0.021335,-1.118233
1326,0.144552,0.016847,0.341076,-0.362453,0.550896,-0.751789,-0.884703,-0.457047,0.091548,-0.292725,0.697606,0.653977,-0.010535,-0.00594,0.046041,-0.105264,0.014178,-0.007824,-1.87696,-0.15711,0.032097,0.34743,-0.336176,-0.731164,0.593612,0.928183,-0.1508,0.340102,-0.15874,0.666223,0.728568,0.012211,0.009994,0.005858,0.003941,-0.030471,0.053612,-1.403459,0.048053,0.057969,0.004985,0.384867,0.752778,0.534042,-0.908017,0.205076,0.365306,0.165475,-0.625514,0.762462,0.0061,0.005068,0.00297,0.004071,-0.030425,0.053811,-0.962559,0.071344,0.050738,-0.04726,0.475816,-0.563452,-0.675366,0.844183,0.508098,0.170851,0.246886,-0.651426,0.717418,-0.005333,-0.003261,0.022805,-0.104586,0.014011,-0.008572,-1.11758
1327,0.144226,0.016317,0.343002,-0.36054,0.555915,-0.749009,-0.886893,-0.452962,0.090652,-0.288437,0.696283,0.657283,-0.010948,-0.018213,0.053217,-0.116569,-0.025289,0.174272,-1.854719,-0.156614,0.032522,0.347798,-0.337103,-0.731381,0.592818,0.927784,-0.151478,0.340889,-0.159106,0.66583,0.728848,0.013049,0.003124,0.016826,-0.032543,-0.020771,0.035016,-1.403253,0.048306,0.058187,0.005167,0.385818,0.752918,0.533158,-0.907546,0.205853,0.366039,0.165845,-0.62509,0.762729,0.005941,0.007703,0.00477,0.005949,-0.045671,0.078102,-0.961906,0.071177,0.050475,-0.046282,0.473962,-0.56863,-0.672323,0.846594,0.504244,0.170341,0.242154,-0.64992,0.720392,0.001097,-0.009967,0.025876,-0.132701,0.047503,0.029705,-1.113171
1328,0.144167,0.015918,0.344016,-0.35708,0.560431,-0.747299,-0.888485,-0.450645,0.086514,-0.287845,0.694159,0.659785,0.002149,-0.020661,0.051144,-0.005944,0.345377,0.203332,-1.841181,-0.156368,0.032765,0.348026,-0.334558,-0.731698,0.593869,0.929132,-0.151211,0.337318,-0.156603,0.665543,0.729651,0.011862,0.015449,0.009559,0.036671,-0.063213,0.030527,-1.403008,0.048429,0.058306,0.005285,0.383221,0.753489,0.534223,-0.909124,0.205508,0.362298,0.1632,-0.624515,0.76377,0.005895,0.008325,0.005184,0.019502,-0.070984,0.061427,-0.962232,0.071143,0.050278,-0.045773,0.47074,-0.572154,-0.671597,0.848593,0.501931,0.167191,0.241437,-0.648617,0.721805,0.000849,-0.016347,0.029326,0.055271,0.448846,0.410453,-1.113987
1329,0.144215,0.014984,0.345974,-0.351482,0.569414,-0.743151,-0.891198,-0.446612,0.07923,-0.286356,0.689433,0.665365,0.001608,-0.024627,0.04808,-0.062886,0.33433,-0.070822,-1.809625,-0.155888,0.033196,0.348562,-0.334284,-0.73155,0.594206,0.929143,-0.150514,0.337599,-0.157122,0.665863,0.729247,0.012922,0.004458,0.017667,-0.032532,-0.020835,0.034982,-1.40303,0.048669,0.05853,0.005553,0.383052,0.753283,0.534636,-0.909074,0.204737,0.362859,0.163876,-0.625017,0.763215,0.005869,0.008326,0.005155,-0.008368,0.060375,-0.089602,-0.961906,0.071168,0.049815,-0.04479,0.464726,-0.582316,-0.667035,0.852584,0.49763,0.159572,0.239016,-0.642861,0.727735,0.000762,-0.01239,0.023983,-0.060068,0.25509,0.111278,-1.113007
1330,0.144434,0.013986,0.347706,-0.345739,0.58283,-0.735404,-0.893825,-0.443041,0.069023,-0.285163,0.680461,0.675043,0.014429,-0.02914,0.044494,0.074474,0.642412,0.152154,-1.790709,-0.155429,0.033494,0.34909,-0.333508,-0.731256,0.595003,0.929317,-0.149225,0.337691,-0.157738,0.666476,0.728554,0.011952,0.012468,0.007432,-0.009195,0.074608,-0.114721,-1.40309,0.048894,0.058681,0.005819,0.38238,0.753075,0.535409,-0.909251,0.203536,0.363089,0.164458,-0.625659,0.762563,-0.000355,0.006014,0.004079,0.001951,-0.015145,0.024543,-0.961253,0.071272,0.049318,-0.043923,0.459172,-0.594164,-0.6604,0.856321,0.49385,0.151076,0.236376,-0.634885,0.735558,0.000623,-0.008886,0.018292,0.113762,0.578603,0.322371,-1.113824
1331,0.144575,0.013541,0.348468,-0.34589,0.587519,-0.731592,-0.894511,-0.441804,0.068046,-0.282819,0.677222,0.679272,0.001223,-0.018352,0.036156,-0.04834,0.265866,-0.08682,-1.783471,-0.155247,0.033563,0.349309,-0.333226,-0.731153,0.595288,0.929361,-0.148675,0.337815,-0.15808,0.666713,0.728264,0.012039,0.01077,0.006267,0.003949,-0.030414,0.053647,-1.403081,0.048994,0.058721,0.005937,0.382061,0.752986,0.535762,-0.909325,0.202935,0.363241,0.164791,-0.625963,0.762243,0.006022,0.005227,0.003019,0.004008,-0.030349,0.053748,-0.958967,0.071348,0.04909,-0.043539,0.458595,-0.600539,-0.655013,0.857529,0.492407,0.148926,0.233097,-0.62999,0.740794,0.007162,-0.010207,0.017207,-0.07163,0.131677,0.081545,-1.11562
