frame,MLTx,MLTy,MLTz,MLTR1,MLTR2,MLTR3,MLTR4,MLTR5,MLTR6,MLTR7,MLTR8,MLTR9,MLTTVx,MLTTVy,MLTTVz,MLTRVx,MLTRVy,MLTRVz,MLGA,MRTx,MRTy,MRTz,MRTR1,MRTR2,MRTR3,MRTR4,MRTR5,MRTR6,MRTR7,MRTR8,MRTR9,MRTTVx,MRTTVy,MRTTVz,MRTRVx,MRTRVy,MRTRVz,MRGA,SLTx,SLTy,SLTz,SLTR1,SLTR2,SLTR3,SLTR4,SLTR5,SLTR6,SLTR7,SLTR8,SLTR9,SLTTVx,SLTTVy,SLTTVz,SLTRVx,SLTRVy,SLTRVz,SLGA,SRTx,SRTy,SRTz,SRTR1,SRTR2,SRTR3,SRTR4,SRTR5,SRTR6,SRTR7,SRTR8,SRTR9,SRTTVx,SRTTVy,SRTTVz,SRTRVx,SRTRVy,SRTRVz,SRGA
539,0.072499,-0.006215,0.368727,-0.21574,0.689548,-0.691394,-0.738839,-0.578161,-0.34615,-0.638164,0.435289,0.635057,-7.8e-05,-0.000216,-0.000177,0.0,0.0,0.0,-0.813146,-0.074365,0.040801,0.352831,0.590153,0.552428,0.588672,-0.626221,0.773441,-0.097828,-0.510066,-0.311608,0.801621,0.00269,-0.011838,0.007517,0.427645,-1.214989,0.093525,0.375981,0.053847,0.038801,-0.00763,-0.56145,-0.54987,0.618398,0.621341,-0.773692,-0.123834,0.546543,0.314709,0.776046,0.000224,-0.000716,-0.000516,0.330538,-1.439306,-0.422458,0.32515,0.074226,0.022171,-0.059346,-0.26383,0.724102,-0.637235,-0.708708,-0.593666,-0.381173,-0.654313,0.351049,0.669804,-4.6e-05,-0.00013,-0.000106,-5.9e-05,-3.5e-05,7.2e-05,-0.819248
540,0.072498,-0.006207,0.368708,-0.219804,0.688253,-0.691404,-0.73537,-0.582545,-0.346185,-0.640771,0.431486,0.635027,-1.2e-05,-3.4e-05,-2.8e-05,7e-06,3e-06,-6e-06,-0.811494,-0.07428,0.040701,0.352861,0.591074,0.570339,0.570383,-0.632928,0.766292,-0.110144,-0.50062,-0.296634,0.813173,0.000661,-0.002051,-0.001472,0.531038,-1.137514,0.133986,0.376903,0.05389,0.038749,-0.007611,-0.563885,-0.568419,0.599109,0.627284,-0.76665,-0.136974,0.537166,0.298574,0.788863,0.006597,0.000364,-0.000507,0.757258,-1.233841,-0.064593,0.325967,0.074225,0.022175,-0.059356,-0.267822,0.722571,-0.637307,-0.70498,-0.597839,-0.381562,-0.656714,0.347098,0.669513,6e-06,1e-05,1.1e-05,-0.00091,0.000382,-0.000274,-0.818758
541,0.072501,-0.0062,0.368713,-0.219784,0.68826,-0.691403,-0.735374,-0.582532,-0.346199,-0.640774,0.431492,0.63502,6.7e-05,0.000187,0.000153,0.0,0.0,-0.0,-0.81086,-0.074131,0.040432,0.352911,0.589643,0.598398,0.542431,-0.642266,0.754617,-0.134097,-0.490291,-0.270078,0.828575,0.000926,-0.002872,-0.002064,0.284741,-0.744846,0.181703,0.362678,0.053965,0.038614,-0.007586,-0.563959,-0.597238,0.570312,0.635436,-0.754923,-0.162207,0.527418,0.270919,0.805252,0.001734,-0.007122,0.0029,0.182944,-0.727321,0.049541,0.319762,0.074227,0.022178,-0.059353,-0.267801,0.722581,-0.637305,-0.704994,-0.597819,-0.381568,-0.656707,0.347112,0.669512,5.5e-05,0.00015,0.000128,-0.000133,-4.6e-05,0.000125,-0.817778
542,0.072521,-0.006205,0.36871,-0.219737,0.688277,-0.691402,-0.735383,-0.582502,-0.346231,-0.64078,0.431506,0.635005,0.0,0.0,0.0,0.0,0.0,0.0,-0.808063,-0.074109,0.039899,0.353093,0.585043,0.621638,0.520848,-0.646795,0.745096,-0.162547,-0.489841,-0.242578,0.837302,-0.008616,-0.018496,0.004271,0.250021,-0.521843,-0.216376,0.341765,0.053976,0.038348,-0.007494,-0.560718,-0.620148,0.548645,0.638395,-0.745759,-0.190509,0.527301,0.24343,0.814059,-0.004303,-0.009271,0.002123,0.205113,-0.473004,-0.17164,0.291186,0.074237,0.022177,-0.059354,-0.267751,0.722602,-0.637303,-0.705009,-0.597783,-0.381597,-0.656712,0.347132,0.669498,0.0,-1e-06,1e-06,-7.5e-05,-3.9e-05,8.9e-05,-0.816799
543,0.072527,-0.006213,0.368691,-0.219737,0.688271,-0.691407,-0.735366,-0.582516,-0.346243,-0.6408,0.431495,0.634992,-0.000253,-0.000704,-0.000577,0.0,0.0,0.0,-0.805634,-0.074017,0.039526,0.353222,0.581112,0.63324,0.511184,-0.648936,0.739616,-0.178282,-0.491684,-0.228931,0.84006,0.004012,-0.015941,0.004575,2.254541,1.162483,-1.001919,0.339464,0.054014,0.038173,-0.007433,-0.558501,-0.630897,0.538557,0.640488,-0.740561,-0.20333,0.527115,0.23138,0.817687,0.003258,-0.013622,0.006244,0.408462,-0.850252,-0.39271,0.283675,0.074241,0.022174,-0.059363,-0.267749,0.722598,-0.637308,-0.704992,-0.597794,-0.381611,-0.656731,0.347122,0.669485,-0.000167,-0.000465,-0.00038,-6.5e-05,-3.3e-05,7.1e-05,-0.815492
544,0.072536,-0.006214,0.368677,-0.219717,0.688273,-0.691412,-0.735352,-0.582517,-0.34627,-0.640822,0.431491,0.634972,-1e-06,-4e-06,-3e-06,0.0,0.0,0.0,-0.800054,-0.073616,0.038783,0.353528,0.571582,0.655606,0.493423,-0.657856,0.72557,-0.201762,-0.490986,-0.210114,0.845369,0.016482,-0.012776,0.005313,0.358726,-0.633319,-0.431584,0.334573,0.054217,0.037793,-0.00728,-0.548445,-0.652858,0.522479,0.647527,-0.726937,-0.228629,0.529071,0.212928,0.821428,0.003117,-0.013179,0.006565,0.343759,-0.673957,-0.480295,0.276327,0.074244,0.022172,-0.059371,-0.267726,0.722602,-0.637313,-0.704981,-0.59779,-0.381637,-0.656752,0.34712,0.669465,5e-06,1e-05,9e-06,-3.5e-05,-2.3e-05,4.9e-05,-0.811737
545,0.072541,-0.006193,0.36868,-0.22373,0.686976,-0.691415,-0.731884,-0.586838,-0.346322,-0.643393,0.427695,0.634941,0.000211,0.000588,0.000482,0.0,0.0,-0.0,-0.798749,-0.073008,0.038093,0.353966,0.558828,0.675986,0.480361,-0.667859,0.710262,-0.22232,-0.492147,-0.197437,0.847746,0.015845,-0.01071,0.006807,0.120923,-0.528675,-0.8544,0.321578,0.054528,0.037441,-0.00706,-0.536455,-0.673185,0.508956,0.656484,-0.71185,-0.249594,0.530323,0.200226,0.823811,0.007875,-0.005239,0.00348,0.071658,-0.454127,-0.806302,0.26163,0.074247,0.022182,-0.05937,-0.271668,0.721071,-0.637378,-0.70126,-0.601898,-0.382036,-0.659113,0.343181,0.669175,0.000117,0.000329,0.000272,-0.000621,0.000211,-0.000115,-0.80945
546,0.072541,-0.006193,0.36868,-0.22373,0.686976,-0.691415,-0.731884,-0.586838,-0.346322,-0.643393,0.427695,0.634941,0.0,0.0,0.0,0.0,0.0,-0.0,-0.79649,-0.072259,0.037488,0.354531,0.548145,0.692083,0.469627,-0.677206,0.696804,-0.236197,-0.491372,-0.189447,0.850015,0.014841,-0.007542,0.009105,0.260211,-0.569083,-0.500613,0.316821,0.054897,0.037139,-0.006783,-0.526217,-0.688968,0.498414,0.665161,-0.698659,-0.263505,0.529768,0.192865,0.825922,0.008561,-0.009063,0.008779,-0.23315,-0.021651,-0.518615,0.252486,0.074247,0.022183,-0.059369,-0.271667,0.721072,-0.637378,-0.701266,-0.601894,-0.382032,-0.659107,0.343186,0.669178,-1e-06,-6e-06,-3e-06,-0.000112,-5.8e-05,0.000104,-0.807817
547,0.072537,-0.006198,0.368663,-0.223753,0.686962,-0.691421,-0.731862,-0.586867,-0.346319,-0.64341,0.427677,0.634936,-0.000222,-0.000619,-0.000507,0.0,0.0,0.0,-0.794724,-0.071827,0.037178,0.354879,0.546916,0.695274,0.466334,-0.67753,0.694816,-0.241074,-0.492294,-0.184995,0.850462,0.029138,-0.013345,0.019475,0.034897,-0.202268,-0.065696,0.313509,0.05512,0.036979,-0.006607,-0.525294,-0.693697,0.492798,0.665404,-0.695848,-0.270243,0.530379,0.185953,0.827114,0.014534,-0.006599,0.009781,-0.004453,-0.146539,-0.02321,0.248404,0.074246,0.022181,-0.059377,-0.271687,0.721059,-0.637384,-0.701244,-0.60192,-0.382031,-0.659122,0.343169,0.669172,-0.000145,-0.000408,-0.000333,-8.3e-05,-4.9e-05,9.3e-05,-0.807001
548,0.072533,-0.006204,0.368645,-0.223776,0.686949,-0.691427,-0.73184,-0.586896,-0.346316,-0.643426,0.427659,0.634931,-1.6e-05,-4.5e-05,-3.7e-05,0.0,0.0,0.0,-0.792945,-0.070927,0.036405,0.355696,0.534334,0.711329,0.456608,-0.686389,0.680435,-0.256538,-0.493823,-0.177241,0.851227,0.01954,-0.028778,0.026045,0.063372,-0.282668,-0.213043,0.309851,0.055568,0.036598,-0.006194,-0.513134,-0.709571,0.482909,0.673543,-0.68163,-0.285866,0.532008,0.178572,0.827694,0.009755,-0.014387,0.013013,0.049846,-0.274252,-0.201266,0.242035,0.074243,0.022177,-0.059387,-0.271706,0.721046,-0.637391,-0.701223,-0.601945,-0.38203,-0.659136,0.343153,0.669166,-3e-06,-9e-06,-7e-06,-6.1e-05,-2.3e-05,7e-05,-0.805368
549,0.072587,-0.006209,0.368643,-0.223639,0.686998,-0.691423,-0.731867,-0.586808,-0.346409,-0.643444,0.427701,0.634885,1.8e-05,5.1e-05,4.2e-05,0.0,0.0,0.0,-0.790758,-0.069976,0.035509,0.356581,0.529944,0.721536,0.445574,-0.688776,0.672774,-0.269996,-0.495225,-0.164738,0.852923,0.019601,-0.028805,0.026071,-0.001024,-0.104464,-0.333296,0.294157,0.056025,0.036166,-0.005769,-0.509435,-0.719758,0.471618,0.675158,-0.674127,-0.299521,0.533513,0.165831,0.829374,0.00979,-0.014422,0.013006,0.043308,-0.25828,-0.191973,0.231095,0.07427,0.022174,-0.059388,-0.27157,0.721103,-0.637384,-0.701258,-0.601849,-0.382116,-0.659155,0.3432,0.669123,1.1e-05,3.2e-05,2.7e-05,-3.1e-05,-3.6e-05,2.9e-05,-0.803899
550,0.072617,-0.006217,0.368638,-0.223569,0.687023,-0.691421,-0.73188,-0.586764,-0.346456,-0.643453,0.427722,0.634861,0.0,1e-06,1e-06,0.0,0.0,0.0,-0.789184,-0.06954,0.03509,0.357036,0.529047,0.726433,0.43863,-0.690741,0.668938,-0.274468,-0.49344,-0.1587,0.855099,0.019056,-0.027105,0.027325,0.016635,-0.135064,-0.351916,0.290735,0.056245,0.035953,-0.005544,-0.508842,-0.724567,0.464846,0.676932,-0.670369,-0.30392,0.531829,0.160022,0.831595,0.009673,-0.014038,0.013294,0.083944,-0.322252,-0.234719,0.221951,0.074285,0.022171,-0.05939,-0.271501,0.721132,-0.637381,-0.701275,-0.601802,-0.38216,-0.659166,0.343223,0.669101,0.006788,-0.001598,-0.001023,0.000951,-0.014731,0.029585,-0.802755
551,0.072667,-0.00622,0.368611,-0.223438,0.687059,-0.691427,-0.731871,-0.586708,-0.346571,-0.64351,0.42774,0.634791,-8e-05,-0.000222,-0.000182,0.0,0.0,0.0,-0.786223,-0.068725,0.034215,0.357953,0.519412,0.743011,0.422063,-0.702084,0.652665,-0.284677,-0.487614,-0.149407,0.860101,0.019448,-0.02815,0.026614,0.057861,-0.280397,-0.20758,0.287443,0.056669,0.035504,-0.005065,-0.499909,-0.741549,0.44743,0.687962,-0.653832,-0.314978,0.526116,0.150355,0.837015,0.009714,-0.014097,0.01328,0.028928,-0.230621,-0.172882,0.21199,0.07431,0.022169,-0.059403,-0.271371,0.721176,-0.637386,-0.701271,-0.601736,-0.38227,-0.659223,0.343243,0.669034,-5e-05,-0.00014,-0.000116,-2.5e-05,-8e-06,2.1e-05,-0.800306
552,0.072675,-0.006212,0.368578,-0.223403,0.687056,-0.691441,-0.731825,-0.586728,-0.346632,-0.643574,0.427718,0.634742,-4.9e-05,-0.000136,-0.000111,0.0,0.0,0.0,-0.783809,-0.06798,0.033506,0.358789,0.51655,0.755755,0.402494,-0.707754,0.641467,-0.295871,-0.482419,-0.132999,0.865706,0.016201,-0.014792,0.020116,0.185396,-0.510777,-0.091596,0.279448,0.05703,0.035156,-0.004666,-0.497705,-0.753748,0.42913,0.693135,-0.643067,-0.32562,0.521395,0.135383,0.842507,0.008125,-0.007523,0.009947,0.323964,-0.672209,-0.429661,0.205622,0.074314,0.022173,-0.05942,-0.271335,0.721177,-0.637401,-0.701226,-0.601748,-0.382334,-0.659286,0.343222,0.668983,-2e-05,-5.9e-05,-5e-05,-1.4e-05,-6e-06,1.5e-05,-0.798347
553,0.072697,-0.006202,0.368561,-0.223321,0.687075,-0.691449,-0.731806,-0.586704,-0.346713,-0.643624,0.427721,0.634689,-0.0,-0.0,-0.0,0.0,0.0,0.0,-0.78171,-0.067548,0.033203,0.359435,0.509489,0.770383,0.383304,-0.72168,0.625212,-0.297022,-0.469084,-0.126276,0.874001,0.000279,-0.004471,0.012972,0.123199,-0.520259,-0.601747,0.276138,0.057259,0.034993,-0.004329,-0.491821,-0.767995,0.410237,0.706924,-0.627269,-0.326787,0.5083,0.129286,0.851419,8.3e-05,-0.002115,0.006568,0.089978,-0.443756,-0.562207,0.195498,0.074325,0.022178,-0.059429,-0.271255,0.7212,-0.637408,-0.701209,-0.601718,-0.382413,-0.659337,0.343225,0.668931,1e-06,7e-06,6e-06,-1.4e-05,-2e-06,2.6e-05,-0.79655
554,0.072699,-0.006186,0.368547,-0.223286,0.687077,-0.691458,-0.731778,-0.58671,-0.346762,-0.643668,0.427709,0.634652,-0.0,-0.0,-0.0,0.0,0.0,0.0,-0.779796,-0.067409,0.033216,0.35968,0.507219,0.77716,0.372481,-0.731639,0.616765,-0.29024,-0.45591,-0.126297,0.880941,-0.002618,0.007708,0.005563,0.259043,-0.452307,-0.240993,0.276484,0.057326,0.034991,-0.004212,-0.48977,-0.77478,0.399801,0.71741,-0.618719,-0.320171,0.495427,0.130011,0.858865,-8.2e-05,-0.001622,0.006927,-0.06298,-0.154962,0.17698,0.194518,0.074326,0.022186,-0.059435,-0.27122,0.721205,-0.637417,-0.701181,-0.601719,-0.382462,-0.659381,0.343214,0.668894,-0.0,3e-06,4e-06,-6e-06,-2e-06,3.4e-05,-0.795734
555,0.072699,-0.00617,0.368521,-0.223254,0.687073,-0.691473,-0.731733,-0.586732,-0.346822,-0.643731,0.427685,0.634604,-1e-05,-2.7e-05,-2.2e-05,0.0,0.0,0.0,-0.77701,-0.067303,0.033662,0.359959,0.503654,0.788546,0.352873,-0.751816,0.601333,-0.270378,-0.426011,-0.130124,0.895235,-0.004089,0.012017,0.008643,-0.159153,-0.305663,0.234948,0.276252,0.057384,0.035214,-0.004073,-0.487123,-0.78728,0.37802,0.738428,-0.602403,-0.30304,0.466299,0.131523,0.874794,0.003107,0.012738,0.000291,-0.658108,-0.746756,0.549662,0.193212,0.074326,0.022194,-0.059449,-0.271188,0.721204,-0.637432,-0.701135,-0.601734,-0.382524,-0.659443,0.34319,0.668845,-2e-06,-9e-06,-6e-06,-1.5e-05,2e-06,2.6e-05,-0.793285
556,0.072708,-0.006163,0.368501,-0.223216,0.687076,-0.691482,-0.731705,-0.586736,-0.346874,-0.643776,0.427675,0.634566,-6.7e-05,-0.000187,-0.000153,0.0,0.0,0.0,-0.77554,-0.06743,0.034352,0.360237,0.494382,0.804093,0.330171,-0.774012,0.580136,-0.25354,-0.396013,-0.131235,0.908743,-0.004729,0.013897,0.009942,-0.156341,-0.183544,-0.107001,0.27428,0.057319,0.035563,-0.003931,-0.479245,-0.802701,0.354957,0.761219,-0.581456,-0.287147,0.436886,0.132587,0.889691,-0.003747,0.012822,0.001113,-0.666936,0.017679,-1.091556,0.190436,0.074331,0.022198,-0.059459,-0.271151,0.72121,-0.637442,-0.701108,-0.601732,-0.382576,-0.659487,0.34318,0.668807,-4.1e-05,-0.000115,-9.3e-05,-2.6e-05,9e-06,2.2e-05,-0.791652
557,0.072718,-0.006166,0.368499,-0.223193,0.687084,-0.691481,-0.73171,-0.586721,-0.346889,-0.643779,0.427682,0.634558,-1e-06,-3e-06,-2e-06,0.0,0.0,0.0,-0.775211,-0.067578,0.034719,0.360395,0.494242,0.811563,0.311581,-0.784054,0.571004,-0.243203,-0.375888,-0.125129,0.918104,-0.004996,0.014692,0.010479,-0.305597,-1.199013,0.159687,0.274211,0.057247,0.035741,-0.003856,-0.478377,-0.809609,0.34013,0.771366,-0.572519,-0.277874,0.419701,0.129436,0.898385,-0.003806,0.012991,0.001228,0.048776,-0.373786,0.581409,0.189619,0.074336,0.022196,-0.05946,-0.271127,0.72122,-0.63744,-0.701114,-0.601716,-0.382591,-0.659491,0.343188,0.668799,2e-06,5e-06,5e-06,-1.7e-05,-4e-06,1.6e-05,-0.791162
558,0.072726,-0.006175,0.368492,-0.22319,0.687085,-0.691481,-0.73171,-0.586719,-0.346891,-0.643779,0.427683,0.634557,-2e-06,-5e-06,-4e-06,0.0,0.0,0.0,-0.77423,-0.067878,0.035437,0.360709,0.488258,0.82554,0.282986,-0.803928,0.551698,-0.221954,-0.339948,-0.12018,0.93266,-0.005298,0.015605,0.011064,0.083174,-0.381334,0.482817,0.27524,0.057095,0.036107,-0.003694,-0.474714,-0.824676,0.307497,0.792964,-0.552342,-0.257148,0.381908,0.121763,0.916143,-0.003757,0.012855,0.001104,0.074942,-0.308294,0.427102,0.189619,0.074339,0.022191,-0.059463,-0.271125,0.721221,-0.63744,-0.701114,-0.601714,-0.382592,-0.659491,0.343189,0.668798,3e-06,5e-06,6e-06,-1.2e-05,2e-06,2.4e-05,-0.790345
559,0.072736,-0.006177,0.368491,-0.223166,0.687093,-0.69148,-0.731715,-0.586704,-0.346907,-0.643782,0.42769,0.634549,-0.0,-0.0,-0.0,0.0,0.0,0.0,-0.774179,-0.068307,0.036083,0.360879,0.487538,0.832758,0.262321,-0.813732,0.542341,-0.208901,-0.316824,-0.112673,0.941695,-0.016184,0.007778,0.007002,0.109717,-0.314498,0.268638,0.275087,0.056882,0.03644,-0.003602,-0.475116,-0.831651,0.287438,0.803281,-0.543277,-0.244107,0.359171,0.114915,0.926169,-0.00931,0.009275,-0.000692,0.183357,-0.450245,0.44647,0.190272,0.074345,0.02219,-0.059464,-0.271102,0.72123,-0.637439,-0.70112,-0.601699,-0.382607,-0.659495,0.343196,0.668791,-0.0,2e-06,5e-06,-2.1e-05,2.1e-05,3.4e-05,-0.789692
560,0.072748,-0.00618,0.368501,-0.22314,0.687108,-0.691474,-0.731737,-0.586673,-0.346912,-0.643766,0.427709,0.634553,0.000151,0.000421,0.000345,0.0,0.0,0.0,-0.774477,-0.068581,0.036328,0.360919,0.481598,0.837546,0.258013,-0.819613,0.534731,-0.205503,-0.310671,-0.113567,0.943636,-0.017894,0.016516,-0.002861,-1.360615,0.937667,-4.852334,0.268985,0.056739,0.036566,-0.003579,-0.471062,-0.835556,0.282746,0.808236,-0.537243,-0.241088,0.353346,0.114959,0.928402,-0.008812,0.008161,-0.001642,-1.359228,0.945408,-4.846646,0.187333,0.07435,0.022188,-0.059459,-0.271076,0.721246,-0.637432,-0.701144,-0.601669,-0.38261,-0.659479,0.343216,0.668796,9.8e-05,0.00028,0.000231,-2.5e-05,5e-06,1.3e-05,-0.789692
561,0.07274,-0.006172,0.368508,-0.223143,0.687107,-0.691475,-0.731737,-0.586675,-0.34691,-0.643765,0.427708,0.634554,2e-06,5e-06,4e-06,0.0,0.0,0.0,-0.774905,-0.069201,0.036576,0.360869,0.480268,0.839146,0.255281,-0.821343,0.53244,-0.204541,-0.308145,-0.112507,0.944591,-0.027924,0.006239,-0.008595,0.045613,-0.0694,0.136812,0.255125,0.056438,0.036693,-0.003598,-0.468299,-0.837999,0.280094,0.810985,-0.533486,-0.240195,0.350709,0.114669,0.929436,-0.006594,-0.000506,0.000408,0.012434,-0.082266,0.145876,0.175086,0.074347,0.022194,-0.059455,-0.271079,0.721245,-0.637432,-0.701144,-0.60167,-0.382608,-0.659479,0.343215,0.668797,-2e-06,-7e-06,-5e-06,-1.1e-05,-6e-06,1.3e-05,-0.789856
562,0.072738,-0.006178,0.368503,-0.223164,0.6871,-0.691475,-0.731733,-0.586688,-0.346896,-0.643763,0.427702,0.634561,-1.3e-05,-3.7e-05,-3e-05,0.0,0.0,0.0,-0.774167,-0.069771,0.036597,0.360757,0.474793,0.842187,0.255507,-0.824591,0.527209,-0.20502,-0.307947,-0.114419,0.944425,-0.012363,-0.003431,-0.000913,-0.002045,0.015205,-0.029245,0.227122,0.056148,0.036702,-0.00366,-0.462997,-0.840952,0.280057,0.814107,-0.52842,-0.240833,0.350517,0.116492,0.929283,-0.006118,-0.001909,-0.00058,-0.001769,0.014999,-0.027537,0.148633,0.074345,0.02219,-0.059458,-0.271098,0.721237,-0.637433,-0.701139,-0.601683,-0.382595,-0.659475,0.343209,0.668803,-6e-06,-1.9e-05,-1.5e-05,-1.1e-05,6e-06,8e-06,-0.789692
563,0.072737,-0.006186,0.36851,-0.223181,0.687099,-0.691471,-0.731747,-0.586685,-0.346872,-0.643741,0.427708,0.634579,0.000284,0.000792,0.000649,0.0,0.0,0.0,-0.773757,-0.070173,0.036409,0.360665,0.466922,0.846299,0.256422,-0.829109,0.519859,-0.205567,-0.307841,-0.117695,0.944057,-0.011417,-0.006285,-0.002919,-0.002045,0.015205,-0.029245,0.188594,0.055947,0.036608,-0.003706,-0.455131,-0.845047,0.280626,0.818578,-0.521109,-0.241606,0.350405,0.119752,0.92891,-0.005582,-0.003524,-0.001717,-0.003862,0.029149,-0.052997,0.10977,0.074344,0.022184,-0.059456,-0.271115,0.721234,-0.637429,-0.701153,-0.601683,-0.38257,-0.659453,0.343215,0.668822,0.000196,0.000543,0.000447,-1.1e-05,4e-06,4e-06,-0.789366
564,0.072748,-0.00618,0.368501,-0.227205,0.685775,-0.691474,-0.72825,-0.590996,-0.346912,-0.646287,0.42389,0.634553,4e-06,1e-05,8e-06,3.821451,1.917218,-3.506873,-0.772865,-0.070333,0.036281,0.360597,0.466021,0.846711,0.256701,-0.829552,0.519086,-0.205733,-0.308012,-0.118148,0.943945,-0.011047,-0.007414,-0.003714,-0.002045,0.015205,-0.029245,0.157164,0.055866,0.036546,-0.003738,-0.454257,-0.845439,0.28086,0.818993,-0.520372,-0.241791,0.350571,0.120187,0.928791,-0.005481,-0.003836,-0.00194,-0.001781,0.014955,-0.028252,0.078255,0.074351,0.022189,-0.059458,-0.271075,0.721246,-0.637432,-0.701145,-0.601668,-0.38261,-0.659479,0.343216,0.668796,2e-06,6e-06,2e-06,-1.9e-05,0.0,-3e-06,-0.789039
565,0.072747,-0.006188,0.368508,-0.227222,0.685773,-0.69147,-0.728264,-0.590993,-0.346887,-0.646265,0.423896,0.634571,0.0,0.0,0.0,0.0,0.0,-0.0,-0.771796,-0.070474,0.036026,0.360479,0.460005,0.849909,0.256987,-0.83312,0.513295,-0.205846,-0.307419,-0.120492,0.943842,0.001417,-0.004279,-0.003011,-0.0,0.0,-0.0,0.098913,0.055793,0.03641,-0.003802,-0.448213,-0.848649,0.280889,0.822564,-0.514566,-0.242095,0.34999,0.122539,0.928703,0.000738,-0.002228,-0.001562,1e-05,2.3e-05,0.000918,-0.001267,0.07435,0.022185,-0.059455,-0.275086,0.719674,-0.637492,-0.697422,-0.605779,-0.382928,-0.661763,0.339263,0.668558,1e-06,-1e-06,-1e-06,-0.000129,-2.6e-05,9.5e-05,-0.788549
566,0.072775,-0.006202,0.368498,-0.227173,0.685791,-0.691468,-0.728274,-0.590961,-0.346921,-0.646272,0.423911,0.634555,-1e-06,-3e-06,-3e-06,0.0,0.0,0.0,-0.768441,-0.070479,0.035858,0.360367,0.460208,0.850268,0.255429,-0.833983,0.512734,-0.203739,-0.304758,-0.120343,0.944724,0.001094,-0.003304,-0.002329,-0.0,-0.0,0.0,0.070534,0.055792,0.036324,-0.00386,-0.448515,-0.849,0.279343,0.823509,-0.514023,-0.240024,0.347369,0.122387,0.929707,0.000549,-0.001654,-0.001163,0.000637,0.00027,0.000486,-0.059562,0.074364,0.022178,-0.05946,-0.275033,0.719696,-0.637489,-0.697437,-0.605742,-0.382959,-0.661768,0.339282,0.668542,0.006793,-0.00159,-0.001017,0.000925,-0.014758,0.029622,-0.786916
567,0.072853,-0.006226,0.368468,-0.22701,0.685845,-0.691469,-0.728288,-0.590871,-0.347044,-0.646313,0.42395,0.634487,0.013532,-0.003321,-0.002149,0.000984,-0.014715,0.029553,-0.763887,-0.070302,0.035746,0.360297,0.460125,0.850305,0.255455,-0.83404,0.512656,-0.203702,-0.304728,-0.120413,0.944724,0.013306,0.000668,-0.001037,0.002045,-0.015205,0.029245,0.088655,0.055875,0.036268,-0.003894,-0.448423,-0.849038,0.279374,0.823567,-0.513941,-0.239999,0.347351,0.122462,0.929704,0.006819,-0.000162,-0.00087,6.8e-05,-0.001099,0.004601,-0.070503,0.074398,0.022167,-0.059474,-0.274894,0.719751,-0.637488,-0.697455,-0.605657,-0.38306,-0.661808,0.339318,0.668485,-3.2e-05,-9.1e-05,-7.5e-05,-5.2e-05,-2.4e-05,3.3e-05,-0.783651
568,0.072902,-0.006245,0.368455,-0.226914,0.68588,-0.691466,-0.728307,-0.590809,-0.34711,-0.646325,0.423979,0.634454,-0.000209,-0.000584,-0.000479,0.0,0.0,0.0,-0.76392,-0.070145,0.035686,0.36031,0.460209,0.850277,0.255399,-0.834051,0.512701,-0.203543,-0.304569,-0.120425,0.944774,0.013022,0.001536,-0.000426,0.002045,-0.015205,0.029245,0.124169,0.055954,0.036236,-0.003889,-0.448515,-0.849007,0.279321,0.823582,-0.513991,-0.239841,0.347195,0.122472,0.92976,0.001542,-0.006427,0.003468,-0.035273,0.001974,-0.022431,-0.050745,0.074428,0.022158,-0.05948,-0.274777,0.719801,-0.637482,-0.697484,-0.605576,-0.383135,-0.661825,0.339357,0.668447,0.00663,-0.002043,-0.00139,0.000956,-0.014741,0.029593,-0.782997
569,0.073017,-0.006257,0.368437,-0.22662,0.68598,-0.691462,-0.728347,-0.590635,-0.347322,-0.646384,0.424058,0.634342,3e-06,7e-06,6e-06,0.0,0.0,0.0,-0.764293,-0.069768,0.03551,0.360364,0.457445,0.849719,0.262131,-0.831653,0.513218,-0.211882,-0.315125,-0.122159,0.941083,0.013397,0.000442,-0.001204,0.193462,0.142669,0.011238,0.179994,0.056147,0.036151,-0.00386,-0.445442,-0.848415,0.285959,0.820773,-0.514556,-0.248118,0.357649,0.124185,0.925561,0.006708,0.000189,-0.000631,0.202002,0.1497,0.010754,0.022246,0.074485,0.022151,-0.059491,-0.274488,0.719918,-0.637474,-0.697537,-0.605389,-0.383334,-0.661889,0.339441,0.668342,2e-06,6e-06,4e-06,-2.4e-05,-4e-06,3.1e-05,-0.782344
570,0.073088,-0.006274,0.368426,-0.226457,0.686039,-0.691457,-0.728379,-0.590531,-0.347432,-0.646405,0.424108,0.634287,0.0,0.0,0.0,0.0,0.0,0.0,-0.765522,-0.069434,0.035326,0.36037,0.453001,0.847956,0.275231,-0.825748,0.515515,-0.228731,-0.336388,-0.124735,0.933353,0.003737,-0.01478,0.005576,-0.005893,-0.067344,0.123234,0.194611,0.056312,0.036066,-0.003859,-0.440253,-0.846651,0.298928,0.814108,-0.516824,-0.264801,0.378688,0.126781,0.916799,0.006745,0.000104,-0.000693,0.047536,0.022426,0.025242,0.063885,0.074521,0.022142,-0.059496,-0.274328,0.719986,-0.637466,-0.697577,-0.605278,-0.383436,-0.661914,0.339494,0.668291,2e-06,0.0,-3e-06,-1.4e-05,-9e-06,3e-05,-0.782344
571,0.07312,-0.006282,0.368434,-0.226384,0.686071,-0.69145,-0.72841,-0.590471,-0.347469,-0.646395,0.424141,0.634275,1.3e-05,3.7e-05,3e-05,0.0,0.0,0.0,-0.766074,-0.069321,0.035207,0.360373,0.4517,0.846608,0.281449,-0.822178,0.517545,-0.236864,-0.346739,-0.125487,0.929455,0.00137,-0.004096,-0.002904,0.071568,-0.050136,0.167335,0.198352,0.05637,0.036002,-0.003854,-0.438645,-0.845305,0.305037,0.810211,-0.518839,-0.272695,0.388776,0.127528,0.912463,0.000816,-0.002435,-0.001731,0.19324,0.176275,-0.042745,0.07352,0.074537,0.022138,-0.059492,-0.274257,0.720021,-0.637456,-0.697612,-0.605217,-0.383468,-0.661905,0.339529,0.668281,5e-06,1.7e-05,1.3e-05,-2.1e-05,-3.1e-05,3e-06,-0.782671
572,0.073151,-0.006289,0.368429,-0.226314,0.686096,-0.691448,-0.728424,-0.590426,-0.347516,-0.646404,0.424162,0.634251,0.0,0.0,0.0,0.0,0.0,0.0,-0.766215,-0.069169,0.034905,0.360296,0.453964,0.84415,0.285164,-0.817948,0.521799,-0.242116,-0.35373,-0.124412,0.926963,0.00203,-0.006063,-0.004307,0.01222,-0.083506,0.147635,0.210353,0.056443,0.035859,-0.003893,-0.440792,-0.842819,0.308798,0.805735,-0.523141,-0.277695,0.395592,0.126404,0.909686,0.00111,-0.003313,-0.002356,0.007582,-0.087555,0.148245,0.089196,0.074552,0.022135,-0.059494,-0.274188,0.720051,-0.637453,-0.697629,-0.60517,-0.383512,-0.661916,0.339552,0.668259,0.0,-3e-06,-5e-06,-9e-06,-2.6e-05,8e-06,-0.782834
573,0.073169,-0.0063,0.368421,-0.226288,0.686105,-0.691447,-0.728429,-0.590409,-0.347534,-0.646408,0.42417,0.634242,-8e-06,-2.3e-05,-1.8e-05,0.0,0.0,0.0,-0.766024,-0.069134,0.03467,0.36017,0.455519,0.843466,0.284708,-0.817239,0.523087,-0.241731,-0.35337,-0.123635,0.927204,-0.010895,-0.008029,-0.004178,-0.002045,0.015205,-0.029245,0.240277,0.056469,0.035733,-0.003957,-0.442512,-0.842084,0.308347,0.80501,-0.524526,-0.277184,0.395148,0.125565,0.909995,0.000882,-0.002631,-0.001875,-0.002094,0.014025,-0.024852,0.115159,0.074561,0.022129,-0.059499,-0.274162,0.720061,-0.637452,-0.697636,-0.605152,-0.383528,-0.66192,0.339561,0.668251,-1e-06,-7e-06,-8e-06,-1.4e-05,-5e-06,9e-06,-0.782834
574,0.073179,-0.006303,0.368419,-0.226265,0.686114,-0.691446,-0.728434,-0.590394,-0.34755,-0.646411,0.424178,0.634234,-0.0,-0.0,-0.0,0.0,0.0,0.0,-0.765961,-0.069145,0.034586,0.36009,0.454817,0.843775,0.284914,-0.817554,0.522507,-0.241922,-0.353547,-0.123976,0.927091,0.001299,-0.00388,-0.002764,0.0,0.0,0.0,0.26051,0.056458,0.03569,-0.003997,-0.441801,-0.842393,0.30852,0.805315,-0.523947,-0.277391,0.39532,0.125904,0.909873,-0.005592,-0.003582,-0.001784,-0.016289,0.112788,-0.201792,0.13508,0.074566,0.022128,-0.0595,-0.274139,0.720071,-0.637451,-0.697641,-0.605136,-0.383543,-0.661923,0.339568,0.668243,2e-06,4e-06,1e-06,-1.9e-05,1e-05,1.4e-05,-0.782834
575,0.073192,-0.006291,0.368416,-0.226204,0.686131,-0.691449,-0.728428,-0.590369,-0.347604,-0.646439,0.424185,0.634201,4.1e-05,0.000115,9.4e-05,0.0,0.0,0.0,-0.766957,-0.069132,0.034523,0.360022,0.453428,0.844388,0.285312,-0.818193,0.521352,-0.242252,-0.353851,-0.124671,0.926882,0.00013,-0.000388,-0.000277,0.0,0.0,0.0,0.286422,0.056467,0.035652,-0.004035,-0.44038,-0.843012,0.308861,0.805946,-0.522781,-0.277757,0.395619,0.126606,0.909645,3.7e-05,-0.000112,-8e-05,1.2e-05,-3.6e-05,8.7e-05,0.176229,0.074573,0.022134,-0.059501,-0.274079,0.720092,-0.637454,-0.697638,-0.605107,-0.383595,-0.661952,0.339577,0.668211,3.1e-05,8.4e-05,6.6e-05,-1.7e-05,7e-06,1.4e-05,-0.782997
576,0.073193,-0.0063,0.368435,-0.226218,0.686136,-0.691439,-0.72846,-0.59035,-0.347569,-0.646397,0.424203,0.634231,9.2e-05,0.000258,0.000212,0.0,0.0,0.0,-0.767721,-0.06915,0.034548,0.360041,0.452249,0.84441,0.287114,-0.817643,0.521176,-0.244479,-0.356623,-0.125266,0.925739,-0.000286,0.000855,0.000609,0.0,0.0,-0.0,0.30355,0.056457,0.035667,-0.004024,-0.439119,-0.843027,0.310609,0.805292,-0.522613,-0.279962,0.398344,0.127195,0.908373,-0.000204,0.000609,0.000435,-0.000513,-0.000474,0.000112,0.207581,0.074573,0.022129,-0.059492,-0.274094,0.720095,-0.637443,-0.697671,-0.605092,-0.383558,-0.661911,0.339595,0.668242,5.7e-05,0.000163,0.000133,-8e-06,-1.2e-05,8e-06,-0.783324
577,0.073184,-0.00629,0.36843,-0.226224,0.686128,-0.691445,-0.728442,-0.590368,-0.347578,-0.646416,0.42419,0.634221,0.0,0.0,0.0,0.0,0.0,0.0,-0.767131,-0.069182,0.034544,0.360078,0.451109,0.844418,0.288877,-0.817096,0.521021,-0.246628,-0.359313,-0.125858,0.924617,-3.5e-05,0.000105,7.5e-05,0.190315,0.159202,-0.017228,0.308854,0.05644,0.035668,-0.004003,-0.437963,-0.84304,0.312202,0.804704,-0.522457,-0.281938,0.400797,0.127752,0.907215,-1.7e-05,4.7e-05,3.2e-05,0.702362,0.587463,-0.063243,0.221951,0.074568,0.022134,-0.059494,-0.274099,0.720088,-0.637449,-0.697652,-0.605108,-0.383569,-0.661929,0.339582,0.668231,-1e-06,-4e-06,-6e-06,-1.5e-05,-9e-06,-7e-06,-0.783487
578,0.073184,-0.00629,0.36843,-0.226224,0.686128,-0.691445,-0.728442,-0.590368,-0.347578,-0.646416,0.42419,0.634221,0.0,0.0,0.0,0.0,0.0,0.0,-0.767106,-0.069173,0.034548,0.360067,0.450994,0.844466,0.288915,-0.81714,0.52093,-0.246674,-0.359358,-0.12591,0.924593,9.1e-05,-0.000271,-0.000193,0.0,0.0,-0.0,0.309079,0.056444,0.035671,-0.004008,-0.437781,-0.843078,0.312355,0.804686,-0.522376,-0.282138,0.401031,0.127833,0.9071,6.2e-05,-0.000189,-0.000135,-0.001073,-0.000905,0.000148,0.224563,0.074568,0.022134,-0.059494,-0.274099,0.720088,-0.637449,-0.697652,-0.605108,-0.383569,-0.661929,0.339582,0.668231,0.0,-2e-06,-4e-06,-1.1e-05,-1.2e-05,-7e-06,-0.783487
579,0.073204,-0.006294,0.368427,-0.226177,0.686145,-0.691443,-0.728451,-0.590338,-0.347609,-0.646422,0.424204,0.634205,0.0,0.0,0.0,0.0,0.0,0.0,-0.767493,-0.069168,0.034533,0.360069,0.44926,0.844219,0.292318,-0.81571,0.521123,-0.250963,-0.364744,-0.126773,0.922363,-0.012419,-0.003492,-0.000948,-0.002045,0.015205,-0.029245,0.309493,0.056451,0.035663,-0.004008,-0.435907,-0.842812,0.315678,0.803048,-0.522598,-0.286362,0.406322,0.128677,0.904623,-0.0,5e-06,4e-06,-0.00239,-0.001995,0.000273,0.227993,0.074579,0.022132,-0.059496,-0.274053,0.720108,-0.637447,-0.697663,-0.605076,-0.383598,-0.661936,0.339597,0.668216,2e-06,-0.0,-4e-06,-1e-05,-1.4e-05,-8e-06,-0.78365
580,0.073214,-0.006297,0.368425,-0.226154,0.686154,-0.691442,-0.728455,-0.590324,-0.347625,-0.646425,0.424211,0.634197,0.0,0.0,0.0,0.0,0.0,0.0,-0.767563,-0.069203,0.034422,0.36013,0.447494,0.844,0.295641,-0.814368,0.52125,-0.255023,-0.369882,-0.127713,0.920184,4e-05,-0.000121,-8.6e-05,0.0,0.0,-0.0,0.299105,0.05643,0.035607,-0.003978,-0.433964,-0.842594,0.31892,0.801531,-0.522718,-0.290364,0.411365,0.129617,0.902207,2.3e-05,-7e-05,-4.9e-05,-0.002621,-0.002195,0.00029,0.223747,0.074584,0.022131,-0.059496,-0.27403,0.720117,-0.637446,-0.697669,-0.605061,-0.383613,-0.66194,0.339604,0.668209,2e-06,-1e-06,-3e-06,-1.5e-05,1e-06,-6e-06,-0.78365
581,0.073214,-0.006297,0.368425,-0.226154,0.686154,-0.691442,-0.728455,-0.590324,-0.347625,-0.646425,0.424211,0.634197,0.0,0.0,0.0,0.0,0.0,0.0,-0.766881,-0.069199,0.034324,0.360171,0.447262,0.844124,0.295639,-0.814573,0.521004,-0.254871,-0.369712,-0.127899,0.920227,0.00047,-0.001406,-0.001002,0.0,0.0,-0.0,0.288129,0.056431,0.035561,-0.003955,-0.433742,-0.842718,0.318892,0.80175,-0.522472,-0.290203,0.411172,0.129799,0.902268,0.001452,-0.006144,0.00367,-0.037732,0.015817,-0.047709,0.216399,0.074584,0.022131,-0.059496,-0.27403,0.720117,-0.637446,-0.697669,-0.605061,-0.383613,-0.66194,0.339604,0.668209,2e-06,-1e-06,-3e-06,-1.5e-05,1e-06,-6e-06,-0.78365
582,0.073215,-0.006289,0.368418,-0.226137,0.686155,-0.691447,-0.728441,-0.590326,-0.34765,-0.646447,0.424206,0.634179,0.0,0.0,0.0,0.0,0.0,0.0,-0.766027,-0.069201,0.034101,0.360368,0.446191,0.846289,0.29103,-0.815076,0.518626,-0.258095,-0.369898,-0.123129,0.920803,0.001764,-0.008882,0.009771,0.057007,-0.12822,-0.070717,0.269153,0.056431,0.035446,-0.003865,-0.432891,-0.844903,0.314234,0.80209,-0.520109,-0.29349,0.411407,0.124995,0.90284,0.00109,-0.005071,0.004436,0.078021,-0.143823,-0.114261,0.191089,0.074584,0.022135,-0.0595,-0.274013,0.72012,-0.63745,-0.697655,-0.605061,-0.383638,-0.661962,0.339599,0.66819,3e-06,-1e-06,-3e-06,-1e-05,6e-06,0.0,-0.783324
583,0.073213,-0.006296,0.368413,-0.226157,0.686148,-0.691448,-0.728437,-0.590339,-0.347636,-0.646445,0.424199,0.634185,-8e-06,-2.3e-05,-1.8e-05,0.0,0.0,0.0,-0.765924,-0.069104,0.033683,0.360757,0.444695,0.85025,0.281625,-0.815761,0.514363,-0.264384,-0.370187,-0.113251,0.921954,0.002096,-0.009878,0.009069,0.094791,-0.165628,-0.127746,0.26022,0.056479,0.035241,-0.003667,-0.43183,-0.849013,0.304465,0.802464,-0.515761,-0.300069,0.411794,0.114743,0.904023,0.001013,-0.004853,0.004594,0.104225,-0.177948,-0.136144,0.178352,0.074583,0.022131,-0.059503,-0.274033,0.720111,-0.637451,-0.69765,-0.605074,-0.383625,-0.661958,0.339592,0.668196,-2e-06,-1e-05,-1e-05,-3e-06,6e-06,8e-06,-0.783324
584,0.073233,-0.0063,0.36841,-0.22611,0.686164,-0.691446,-0.728446,-0.59031,-0.347667,-0.646451,0.424214,0.63417,-0.0,-0.0,-0.0,0.0,0.0,0.0,-0.765758,-0.068974,0.033113,0.361292,0.443938,0.856045,0.264759,-0.815847,0.508405,-0.27541,-0.370904,-0.094828,0.923743,0.004142,-0.019608,0.018263,0.282803,-0.529304,-0.144423,0.240145,0.056543,0.034959,-0.003404,-0.431813,-0.854505,0.288715,0.802144,-0.510188,-0.310277,0.412432,0.09761,0.905743,0.001988,-0.009587,0.009279,0.41901,-0.625911,-0.434701,0.154348,0.074593,0.022129,-0.059504,-0.273987,0.720131,-0.637449,-0.697661,-0.605043,-0.383654,-0.661966,0.339607,0.668182,3e-06,2e-06,2e-06,-6e-06,4e-06,6e-06,-0.783161
585,0.073243,-0.006303,0.368408,-0.226087,0.686173,-0.691446,-0.728451,-0.590295,-0.347683,-0.646454,0.424221,0.634162,-0.0,-0.0,-0.0,0.0,0.0,0.0,-0.765438,-0.06892,0.032791,0.361644,0.444259,0.858165,0.257251,-0.815735,0.506261,-0.27966,-0.370767,-0.0867,0.924596,-0.008814,-0.021584,0.018409,0.157462,-0.276191,-0.258331,0.238452,0.056575,0.034797,-0.003229,-0.432566,-0.856901,0.280368,0.801732,-0.507834,-0.315166,0.412447,0.088449,0.906677,0.001696,-0.008717,0.009907,0.231182,-0.473531,-0.074857,0.145857,0.074598,0.022128,-0.059505,-0.273965,0.72014,-0.637448,-0.697667,-0.605028,-0.383668,-0.661969,0.339615,0.668175,2e-06,2e-06,-1e-06,-7e-06,-5e-06,2e-06,-0.782997
586,0.073275,-0.006302,0.368397,-0.226,0.686199,-0.691448,-0.72845,-0.590253,-0.347755,-0.646485,0.424236,0.63412,0.013583,-0.003173,-0.002032,0.000984,-0.014715,0.029553,-0.765327,-0.068812,0.032129,0.362396,0.447213,0.861589,0.240116,-0.815644,0.503089,-0.285589,-0.3674,-0.069228,0.92741,0.003068,-0.016404,0.020577,0.116908,-0.324892,0.017984,0.23578,0.056626,0.034457,-0.002847,-0.436217,-0.860519,0.263096,0.801416,-0.504486,-0.321286,0.409202,0.070699,0.9097,0.001504,-0.008148,0.010326,0.101749,-0.30464,0.029545,0.140306,0.074609,0.022129,-0.05951,-0.273902,0.720162,-0.63745,-0.697664,-0.604996,-0.383722,-0.661998,0.339624,0.668141,2e-06,0.0,-2e-06,6e-06,-3e-06,1.6e-05,-0.782997
587,0.073303,-0.006308,0.36838,-0.225933,0.686218,-0.691451,-0.728446,-0.590224,-0.347813,-0.646513,0.424245,0.634084,-1e-06,-2e-06,-1e-06,0.0,0.0,0.0,-0.765155,-0.06868,0.031512,0.363201,0.452197,0.862893,0.225668,-0.81606,0.502456,-0.285512,-0.360301,-0.056151,0.931071,0.002987,-0.016165,0.020768,0.053278,-0.231901,0.042404,0.231957,0.056691,0.034157,-0.002451,-0.441774,-0.861832,0.249157,0.801904,-0.503868,-0.321039,0.402225,0.057974,0.913702,0.001317,-0.007594,0.010731,0.066998,-0.172729,-0.122029,0.13557,0.074628,0.022125,-0.059519,-0.273813,0.720195,-0.637451,-0.697667,-0.604948,-0.383793,-0.662031,0.339641,0.6681,3e-06,5e-06,3e-06,-1.3e-05,1.4e-05,8e-06,-0.782834
588,0.073326,-0.006306,0.368382,-0.225866,0.686242,-0.691449,-0.728459,-0.590181,-0.347859,-0.646522,0.424266,0.634062,0.000398,0.001115,0.000914,0.0,0.0,0.0,-0.765486,-0.068635,0.03121,0.363593,0.453934,0.862789,0.222554,-0.815598,0.502986,-0.285898,-0.35916,-0.052836,0.931706,0.002962,-0.016091,0.02083,-0.044258,-0.119323,0.145067,0.225393,0.056712,0.034012,-0.002262,-0.443613,-0.861843,0.245833,0.801368,-0.504263,-0.321756,0.401267,0.054267,0.914351,0.000317,-0.002793,0.006076,-0.038783,-0.0821,0.189965,0.131488,0.074639,0.022123,-0.05952,-0.273748,0.720222,-0.637448,-0.697683,-0.604903,-0.383835,-0.662041,0.339663,0.668078,0.000236,0.000659,0.00054,0.000866,-0.012808,0.025811,-0.782834
589,0.073368,-0.006308,0.368369,-0.225755,0.686277,-0.691451,-0.728463,-0.590125,-0.347946,-0.646557,0.424289,0.634012,0.0,0.0,0.0,0.0,0.0,0.0,-0.765953,-0.068564,0.030852,0.364111,0.455925,0.862373,0.220086,-0.81645,0.503766,-0.28207,-0.354673,-0.052185,0.93346,0.000968,-0.006509,0.011508,-0.033767,-0.012477,0.002299,0.184052,0.056749,0.033825,-0.001991,-0.445854,-0.861253,0.243836,0.802424,-0.505287,-0.31749,0.396646,0.054106,0.916374,0.000638,-0.003745,0.005405,-0.032092,0.005739,-0.021998,0.101279,0.074655,0.022126,-0.059524,-0.273662,0.720254,-0.637449,-0.697686,-0.604855,-0.383904,-0.662073,0.33968,0.668038,-1e-06,-3e-06,-5e-06,1e-06,-1.9e-05,-1e-06,-0.782834
590,0.073389,-0.006305,0.368359,-0.225691,0.686295,-0.691454,-0.728458,-0.590098,-0.348002,-0.646585,0.424297,0.633977,0.0,0.0,0.0,0.0,0.0,0.0,-0.765774,-0.068512,0.03087,0.364297,0.458715,0.861479,0.217773,-0.820017,0.504883,-0.26944,-0.342622,-0.056079,0.937725,-0.001127,0.003374,0.002385,-2.454803,-1.365655,0.261297,0.132653,0.056776,0.03383,-0.001895,-0.447865,-0.860822,0.241663,0.805638,-0.505754,-0.308479,0.387768,0.056536,0.920021,-0.000382,0.001129,0.000793,-0.338801,0.514955,0.080652,0.038739,0.074671,0.022126,-0.059529,-0.273576,0.720286,-0.63745,-0.697689,-0.604808,-0.383973,-0.662106,0.339697,0.667997,1e-06,-1e-06,-3e-06,-6e-06,-6e-06,-1.1e-05,-0.782997
591,0.073389,-0.006305,0.368359,-0.225691,0.686295,-0.691454,-0.728458,-0.590098,-0.348002,-0.646585,0.424297,0.633977,0.0,0.0,0.0,0.0,0.0,0.0,-0.765617,-0.068463,0.03107,0.364246,0.446444,0.868653,0.214759,-0.83063,0.491638,-0.261305,-0.333107,-0.062834,0.940721,-0.002357,0.010665,-0.008567,-1.162683,1.456235,-5.167556,0.0674,0.056799,0.033931,-0.001914,-0.441791,-0.864797,0.238633,0.814659,-0.498127,-0.296981,0.375698,0.063201,0.924583,-0.001146,0.005231,-0.004353,0.048969,-0.006771,0.019563,-0.034252,0.074671,0.022126,-0.059529,-0.273576,0.720286,-0.63745,-0.697689,-0.604808,-0.383973,-0.662106,0.339697,0.667997,1e-06,-1e-06,-3e-06,-3e-06,-6e-06,-7e-06,-0.782834
592,0.073389,-0.006305,0.368359,-0.225691,0.686295,-0.691454,-0.728458,-0.590098,-0.348002,-0.646585,0.424297,0.633977,0.0,0.0,0.0,0.0,0.0,0.0,-0.765722,-0.068498,0.031146,0.364157,0.447797,0.867821,0.215303,-0.831088,0.492863,-0.257512,-0.330131,-0.064728,0.941641,-0.002092,0.009871,-0.009127,0.005891,0.034947,0.045308,0.032961,0.056786,0.03397,-0.001958,-0.437992,-0.866621,0.239018,0.818203,-0.494437,-0.293385,0.372433,0.067065,0.925632,-0.00096,0.004674,-0.004745,0.018099,0.025813,0.040901,-0.078014,0.074671,0.022126,-0.059529,-0.273576,0.720286,-0.63745,-0.697689,-0.604808,-0.383973,-0.662106,0.339697,0.667997,1e-06,-1e-06,-3e-06,-3e-06,-6e-06,-7e-06,-0.782834
593,0.073391,-0.006299,0.368364,-0.225671,0.686302,-0.691453,-0.728462,-0.590085,-0.348016,-0.646587,0.424303,0.633971,1e-06,2e-06,2e-06,0.0,0.0,0.0,-0.765284,-0.068541,0.031386,0.363843,0.445054,0.868917,0.216566,-0.834879,0.490145,-0.250336,-0.324208,-0.0705,0.943282,0.000573,-0.001714,-0.001212,-0.025535,0.031822,0.019495,-0.032293,0.05676,0.034088,-0.002116,-0.435191,-0.867694,0.24024,0.822329,-0.491717,-0.286336,0.366583,0.072946,0.927521,-0.00072,0.003966,-0.005245,0.030271,0.010739,0.032572,-0.163742,0.074672,0.02213,-0.059527,-0.273556,0.720294,-0.637449,-0.697694,-0.604795,-0.383985,-0.662109,0.339703,0.667991,-1e-06,-5e-06,-6e-06,-8e-06,-1e-06,-3e-06,-0.782671
594,0.073401,-0.006301,0.368363,-0.225648,0.686311,-0.691452,-0.728467,-0.59007,-0.348032,-0.64659,0.42431,0.633963,0.0,0.0,0.0,0.0,0.0,0.0,-0.765666,-0.068577,0.031648,0.363473,0.443018,0.87008,0.216073,-0.839238,0.487322,-0.241103,-0.315612,-0.075632,0.945797,-0.001231,0.007292,-0.010941,-0.057061,0.113114,0.093485,-0.097545,0.056742,0.034217,-0.002296,-0.433134,-0.86902,0.239161,0.827108,-0.488661,-0.27767,0.35817,0.077543,0.93043,0.000516,-0.001529,-0.001081,-0.142136,0.18642,0.110428,-0.232977,0.074677,0.022129,-0.059527,-0.273533,0.720304,-0.637448,-0.6977,-0.604779,-0.384,-0.662112,0.339711,0.667984,2e-06,-2e-06,-4e-06,8e-06,-1.3e-05,-5e-06,-0.782671
595,0.073401,-0.006301,0.368363,-0.225648,0.686311,-0.691452,-0.728467,-0.59007,-0.348032,-0.64659,0.42431,0.633963,0.0,0.0,0.0,0.0,0.0,0.0,-0.765714,-0.06859,0.031745,0.363288,0.444189,0.869326,0.216701,-0.839647,0.488368,-0.237537,-0.312865,-0.077548,0.946554,-0.000946,0.006442,-0.011543,-0.075598,0.147496,0.081031,-0.141367,0.056735,0.034269,-0.002393,-0.434296,-0.868246,0.239864,0.827657,-0.489726,-0.274134,0.355484,0.07947,0.931297,-0.000595,0.003602,-0.0055,-0.106396,0.182903,0.132655,-0.268574,0.074677,0.022129,-0.059527,-0.273533,0.720304,-0.637448,-0.6977,-0.604778,-0.384,-0.662112,0.339711,0.667984,2e-06,-1e-06,-3e-06,-5e-06,1e-06,-9e-06,-0.782508
596,0.073413,-0.006305,0.368374,-0.229681,0.684977,-0.691446,-0.724983,-0.594342,-0.348037,-0.649075,0.420493,0.633966,0.000468,0.001312,0.001075,0.000869,-0.012807,0.025803,-0.767106,-0.068623,0.031829,0.36288,0.44438,0.868574,0.219311,-0.839357,0.48931,-0.23662,-0.313371,-0.080036,0.94618,-0.0003,0.004508,-0.012916,0.033084,0.000949,0.024558,-0.25485,0.056718,0.034312,-0.002596,-0.434418,-0.867374,0.242779,0.827384,-0.490809,-0.273021,0.35597,0.082267,0.930868,8.3e-05,0.001579,-0.006935,0.045343,-0.002681,-0.009607,-0.365405,0.074682,0.022123,-0.059525,-0.277516,0.718727,-0.637507,-0.693963,-0.608854,-0.384332,-0.664379,0.335749,0.667736,2e-06,0.0,-2e-06,-0.000138,-2.7e-05,7.3e-05,-0.782997
