frame,MLTx,MLTy,MLTz,MLTR1,MLTR2,MLTR3,MLTR4,MLTR5,MLTR6,MLTR7,MLTR8,MLTR9,MLTTVx,MLTTVy,MLTTVz,MLTRVx,MLTRVy,MLTRVz,MLGA,MRTx,MRTy,MRTz,MRTR1,MRTR2,MRTR3,MRTR4,MRTR5,MRTR6,MRTR7,MRTR8,MRTR9,MRTTVx,MRTTVy,MRTTVz,MRTRVx,MRTRVy,MRTRVz,MRGA,SLTx,SLTy,SLTz,SLTR1,SLTR2,SLTR3,SLTR4,SLTR5,SLTR6,SLTR7,SLTR8,SLTR9,SLTTVx,SLTTVy,SLTTVz,SLTRVx,SLTRVy,SLTRVz,SLGA,SRTx,SRTy,SRTz,SRTR1,SRTR2,SRTR3,SRTR4,SRTR5,SRTR6,SRTR7,SRTR8,SRTR9,SRTTVx,SRTTVy,SRTTVz,SRTRVx,SRTRVy,SRTRVz,SRGA
636,0.02629,0.030782,0.356953,-0.339836,0.358016,-0.869702,-0.57311,-0.811994,-0.110378,-0.745294,0.460475,0.482211,-0.000577,-0.001072,-0.000898,-4.840541,-0.670325,2.783887,0.04708,-0.135317,0.068923,0.32186,-0.128347,0.886536,0.444491,-0.939789,-0.25174,0.23099,0.316846,-0.389187,0.864873,-0.000669,0.004915,0.00352,0.002408,-0.01783,0.02251,-0.691056,0.025556,0.053195,-0.022151,0.26723,-0.866684,0.421242,0.905077,0.375799,0.199021,-0.330791,0.328072,0.884841,-0.000282,0.002064,0.001479,0.000775,0.000376,0.002385,-0.700478,0.05035,0.040208,-0.063774,-0.361706,0.323469,-0.874377,-0.464367,-0.875767,-0.131888,-0.808412,0.358328,0.466979,0.000623,0.00463,-0.004864,-0.081881,0.01119,0.009238,-0.31321
637,0.026436,0.030879,0.356692,-0.344188,0.360862,-0.866809,-0.592009,-0.799932,-0.098008,-0.728335,0.478973,0.490041,-0.001303,-0.002422,-0.002031,-1.267362,1.395743,-1.773847,0.190972,-0.135348,0.069022,0.321922,-0.126614,0.885872,0.446308,-0.939416,-0.251438,0.232829,0.318643,-0.390895,0.863441,-0.000127,0.000932,0.000667,-0.016957,0.123464,-0.154982,-0.761094,0.025539,0.053252,-0.022115,0.265349,-0.866327,0.423163,0.90486,0.375301,0.200938,-0.332892,0.329585,0.88349,-4.5e-05,0.000326,0.000235,-0.009698,0.118303,-0.155815,-0.707663,0.050423,0.040256,-0.063904,-0.363697,0.328505,-0.871669,-0.490047,-0.863274,-0.120873,-0.792198,0.383198,0.474953,-0.000693,-0.001311,-0.001104,-1.258756,1.388124,-1.76578,-0.158084
638,0.026665,0.031042,0.356335,-0.347944,0.362175,-0.86476,-0.60329,-0.792496,-0.089232,-0.717211,0.490199,0.495319,-0.000932,-0.001735,-0.001456,-0.380312,0.448221,-0.584039,0.279421,-0.13539,0.06899,0.321891,-0.127387,0.885257,0.447306,-0.939247,-0.252458,0.232409,0.318836,-0.391629,0.863037,0.000265,-0.001947,-0.001394,-0.016616,0.123057,-0.15534,-0.840611,0.025518,0.053236,-0.02213,0.265992,-0.865721,0.423997,0.904601,0.376147,0.200522,-0.333082,0.330211,0.883185,-0.000635,0.004647,-0.00431,0.037181,-0.009618,0.018931,-0.708152,0.050531,0.040335,-0.064079,-0.365978,0.330167,-0.870085,-0.502153,-0.857222,-0.114068,-0.783518,0.39517,0.479519,0.000787,0.004923,-0.004621,0.036461,-0.027572,0.018076,0.088321
639,0.026745,0.03117,0.356185,-0.348135,0.364561,-0.86368,-0.612829,-0.785649,-0.084664,-0.708989,0.499356,0.498001,0.001668,0.010046,-0.009068,-0.085174,0.110713,-0.160014,0.313838,-0.135457,0.068943,0.32183,-0.127756,0.88498,0.44775,-0.93919,-0.252907,0.232151,0.318856,-0.391967,0.862876,0.000512,-0.003775,-0.002703,-0.002407,0.017833,-0.022507,-0.871432,0.025484,0.053216,-0.022158,0.266389,-0.865342,0.424521,0.904448,0.376663,0.200243,-0.33318,0.330615,0.882997,-0.006568,0.003368,-0.004647,0.034954,0.005643,-0.010424,-0.708479,0.050575,0.040394,-0.064158,-0.368599,0.331447,-0.868491,-0.512839,-0.85174,-0.107399,-0.775325,0.405809,0.48393,-0.000186,-0.000359,-0.000302,-0.429185,0.491851,-0.636716,0.159516
640,0.026855,0.031445,0.355974,-0.353352,0.365155,-0.861307,-0.622357,-0.779109,-0.075046,-0.698023,0.509064,0.50363,0.000426,0.000795,0.000667,-1.266524,1.496605,-1.94562,0.366266,-0.135741,0.068811,0.321673,-0.120725,0.885984,0.447716,-0.939994,-0.246888,0.235356,0.319217,-0.393542,0.862026,-0.013046,0.006035,-0.0098,0.02398,0.030806,-0.024722,-0.922388,0.025343,0.053144,-0.022241,0.259409,-0.867303,0.424844,0.906164,0.37073,0.203531,-0.334025,0.33218,0.882089,-0.00652,0.003001,-0.004907,0.048959,0.018565,-0.033725,-0.708969,0.05063,0.040534,-0.064268,-0.371714,0.332419,-0.86679,-0.52305,-0.84638,-0.100287,-0.766971,0.416097,0.488483,0.001311,0.005907,-0.003791,0.035873,-0.026842,0.016678,0.256347
641,0.026812,0.031695,0.355873,-0.357135,0.369275,-0.857984,-0.64104,-0.764943,-0.06246,-0.678937,0.527232,0.510977,0.002431,0.011463,-0.007872,-1.2337,1.475183,-1.932036,0.413788,-0.136178,0.068651,0.321557,-0.116427,0.886104,0.448615,-0.941298,-0.242418,0.234787,0.316953,-0.39605,0.861712,-0.023522,-0.006928,-0.002657,0.06285,0.065446,0.070092,-0.954247,0.025138,0.053067,-0.022299,0.255698,-0.867959,0.425752,0.907939,0.366865,0.202619,-0.332059,0.334747,0.881861,-0.005763,-0.002584,-0.001264,0.754211,0.413205,1.411444,-0.710602,0.050608,0.040657,-0.064313,-0.376066,0.335968,-0.863538,-0.54366,-0.834681,-0.08798,-0.750338,0.436386,0.496547,-0.006067,0.002738,0.001736,0.004714,0.008876,-0.023352,0.329012
642,0.026727,0.031988,0.355818,-0.364245,0.374289,-0.852806,-0.663686,-0.746679,-0.044303,-0.652909,0.549389,0.521448,-0.011631,0.006408,0.004248,-1.794101,0.493263,0.080983,0.450371,-0.136729,0.068381,0.32143,-0.099364,0.888003,0.448964,-0.944615,-0.225872,0.237946,0.312838,-0.401563,0.860664,-0.0114,-0.006302,-0.003373,-0.002178,0.015396,-0.029056,-1.031814,0.024853,0.052929,-0.022363,0.23858,-0.872299,0.426817,0.913822,0.350395,0.205307,-0.328644,0.341053,0.880724,-0.00564,-0.003597,-0.002,-9.9e-05,0.02894,-0.053741,-0.708642,0.050571,0.040805,-0.064347,-0.385884,0.338678,-0.858131,-0.567527,-0.82049,-0.068617,-0.727328,0.460535,0.508823,0.00154,0.006382,-0.003445,-5.937702,1.196556,0.982644,0.387306
643,0.026612,0.03224,0.355739,-0.364784,0.378321,-0.850794,-0.675891,-0.736025,-0.037556,-0.639967,0.560871,0.525255,-0.009918,0.016512,-0.00476,-0.006463,0.091282,-0.163845,0.465975,-0.137035,0.068197,0.321364,-0.094944,0.888073,0.449783,-0.945781,-0.22132,0.237595,0.310674,-0.403945,0.860333,-0.011253,-0.007516,-0.004251,-0.004428,0.033049,-0.051744,-1.075598,0.024704,0.052842,-0.022393,0.234236,-0.873025,0.427737,0.91561,0.346,0.204794,-0.326788,0.343671,0.880396,-0.004908,-0.009117,0.001688,-0.038677,0.024002,-0.048214,-0.709459,0.050517,0.040922,-0.064379,-0.386972,0.343073,-0.855893,-0.582573,-0.810451,-0.061462,-0.714746,0.474836,0.513486,0.001467,0.006181,-0.003551,-0.388174,0.038415,0.138083,0.411963
644,0.026272,0.032792,0.35551,-0.370946,0.379127,-0.847766,-0.689526,-0.723904,-0.02209,-0.621622,0.575888,0.531004,0.001651,0.009985,-0.0091,-4.652773,-0.044744,2.77632,0.500828,-0.137476,0.067849,0.321298,-0.078168,0.888526,0.45211,-0.948978,-0.205147,0.239351,0.305525,-0.411441,0.858623,-0.01152,-0.005581,-0.002865,0.747203,0.412454,1.394679,-1.14318,0.02448,0.052662,-0.02243,0.222896,-0.874592,0.430586,0.919062,0.3358,0.206307,-0.325025,0.349751,0.878653,-0.005769,-0.002711,-0.001369,0.004485,0.00904,-0.032085,-0.717297,0.050345,0.041204,-0.06449,-0.395079,0.340608,-0.853169,-0.593265,-0.803684,-0.046128,-0.70139,0.487931,0.51959,-0.005617,0.007012,-0.003414,0.038348,0.101309,-0.179098,0.459971
645,0.02599,0.03325,0.355133,-0.367217,0.378899,-0.84949,-0.706329,-0.707787,-0.010425,-0.604759,0.595717,0.528598,-0.000199,0.006556,-0.011972,-0.045273,-0.171318,-0.305225,0.519751,-0.137743,0.067573,0.321231,-0.057963,0.889656,0.452927,-0.953411,-0.183731,0.239132,0.296043,-0.419075,0.858253,0.000465,-0.003649,-0.002633,0.01792,0.028543,0.015934,-1.245606,0.024342,0.052522,-0.022464,0.198028,-0.879694,0.432345,0.928373,0.309848,0.205223,-0.314495,0.360738,0.878043,-0.005864,-0.002018,-0.000873,0.065486,0.050325,0.09913,-0.714684,0.050201,0.041442,-0.064677,-0.389546,0.343655,-0.85449,-0.616873,-0.786283,-0.035003,-0.683901,0.513476,0.518286,0.000649,0.008105,-0.010665,-0.049347,-0.279227,-0.371977,0.501283
646,0.025942,0.033395,0.35482,-0.362828,0.379015,-0.851322,-0.716965,-0.697073,-0.004839,-0.594823,0.608137,0.525719,-0.002086,0.003071,-0.014902,-0.033847,-0.126392,-0.314257,0.519881,-0.137816,0.067496,0.321242,-0.049202,0.891843,0.44965,-0.95549,-0.173001,0.238837,0.290865,-0.418998,0.860059,4.5e-05,-0.000357,-0.000258,0.186895,-0.234682,-0.205678,-1.314986,0.024307,0.052478,-0.022463,0.18801,-0.882914,0.430249,0.931819,0.298802,0.205985,-0.310427,0.362187,0.878894,0.000801,-0.006074,0.003295,0.390976,-0.457553,-0.365429,-0.713704,0.05018,0.04152,-0.06483,-0.385004,0.343956,-0.856426,-0.62885,-0.776971,-0.029348,-0.675513,0.527265,0.515434,-0.000106,0.006709,-0.011838,-0.014617,-0.198921,-0.331968,0.508794
647,0.025991,0.033575,0.353961,-0.354534,0.36807,-0.859579,-0.718189,-0.695825,-0.001795,-0.598343,0.616243,0.512109,-0.002002,0.010157,-0.026453,0.006933,-0.223334,-0.111682,0.521163,-0.13777,0.067572,0.321303,-0.031584,0.895199,0.444536,-0.957755,-0.154154,0.242644,0.28579,-0.419211,0.861655,-0.00043,0.003375,0.002434,9.5e-05,-3.3e-05,4.2e-05,-1.392606,0.02433,0.052514,-0.022434,0.172357,-0.888704,0.424849,0.936877,0.281107,0.207941,-0.304227,0.362192,0.881058,0.005745,0.002948,0.001547,0.002944,-0.028202,0.050446,-0.734769,0.050203,0.041605,-0.065256,-0.375253,0.333808,-0.864728,-0.630198,-0.775996,-0.026078,-0.679731,0.535165,0.50156,0.005067,0.002332,-0.014964,0.005384,-0.122728,-0.287839,0.514836
648,0.026036,0.033821,0.352816,-0.347004,0.360334,-0.865906,-0.728089,-0.685431,0.006483,-0.590758,0.632256,0.501283,-0.00214,0.016845,-0.038363,0.045803,-0.206187,-0.110402,0.520669,-0.137568,0.067858,0.321532,-0.008033,0.89851,0.438869,-0.960422,-0.128982,0.246752,0.278334,-0.42064,0.863398,0.010701,0.011952,0.007443,0.732043,0.376075,1.48324,-1.402523,0.024423,0.052644,-0.022328,0.154566,-0.894309,0.419905,0.941568,0.262076,0.211576,-0.299262,0.362667,0.882561,0.006084,0.000442,0.007402,-0.027979,-0.037361,0.05313,-0.734115,0.050226,0.041726,-0.065823,-0.366781,0.326962,-0.870957,-0.641469,-0.766942,-0.017776,-0.673786,0.552173,0.491035,-0.002166,0.002902,-0.015088,0.019262,-0.169923,-0.117236,0.516469
649,0.026077,0.034301,0.351251,-0.337963,0.352392,-0.872723,-0.737677,-0.675006,0.013048,-0.584083,0.647757,0.489167,-0.001409,0.025142,-0.04892,0.060297,-0.287266,-0.133472,0.52049,-0.13728,0.068394,0.321928,0.004515,0.900273,0.435293,-0.961508,-0.115531,0.249177,0.27462,-0.420787,0.864514,0.009958,0.01744,0.011337,0.026284,-0.039692,0.112986,-1.402395,0.024572,0.052909,-0.022132,0.137144,-0.89848,0.417042,0.946105,0.243515,0.213505,-0.293387,0.365285,0.883453,0.005011,0.00845,0.005471,0.224038,0.093874,0.48437,-0.727911,0.050245,0.041961,-0.066604,-0.356802,0.320515,-0.877474,-0.652389,-0.757796,-0.011524,-0.66864,0.568343,0.479484,-0.001922,0.006814,-0.02058,0.019435,-0.296396,-0.167532,0.516306
650,0.026136,0.034614,0.350315,-0.331729,0.346247,-0.877562,-0.740223,-0.672183,0.01454,-0.584442,0.653982,0.480377,0.008194,0.008076,-0.044749,0.008107,-0.346031,-0.159488,0.519939,-0.137176,0.068717,0.322157,0.010242,0.900412,0.434908,-0.962173,-0.109381,0.249382,0.272113,-0.422136,0.86465,0.009747,0.018906,0.012351,0.006802,-0.050845,0.074287,-1.402594,0.024624,0.053078,-0.022012,0.131319,-0.899436,0.416856,0.947661,0.237338,0.213561,-0.291021,0.366994,0.883527,-0.001142,0.008749,0.006241,-0.012145,0.08694,-0.111294,-0.732156,0.050271,0.042124,-0.067073,-0.349791,0.315335,-0.882161,-0.655263,-0.755332,-0.010176,-0.669534,0.574489,0.470836,-0.001387,0.011266,-0.02559,0.019783,-0.403922,-0.2432,0.516306
651,0.02629,0.035371,0.348239,-0.320365,0.336698,-0.885464,-0.752758,-0.657904,0.022124,-0.574709,0.673207,0.465326,0.011462,0.02798,-0.062975,0.053563,-0.429571,-0.190398,0.518091,-0.137188,0.069375,0.322709,0.032633,0.901196,0.432171,-0.964035,-0.085567,0.251491,0.26359,-0.425961,0.865413,-0.002519,0.019365,0.013731,0.004763,-0.035628,0.045057,-1.402568,0.024622,0.05341,-0.021734,0.109123,-0.903269,0.414964,0.952865,0.21394,0.215117,-0.283086,0.371931,0.88404,-0.001295,0.009889,0.007012,0.004783,-0.035265,0.043572,-0.737708,0.05035,0.042504,-0.06813,-0.337144,0.307242,-0.889907,-0.669552,-0.742759,-0.002777,-0.66184,0.594904,0.456131,0.005722,0.013906,-0.031557,0.052206,-0.437735,-0.196941,0.515
652,0.026425,0.036286,0.346014,-0.314363,0.327038,-0.891217,-0.760832,-0.648212,0.030447,-0.567357,0.687229,0.453706,-0.001209,0.032504,-0.060359,-0.632518,0.233897,-0.51052,0.516976,-0.137329,0.070172,0.323264,0.062102,0.903327,0.424422,-0.964849,-0.054294,0.257006,0.255134,-0.426593,0.867633,-0.002523,0.019413,0.013663,0.013493,-0.041268,0.093991,-1.402576,0.024551,0.053813,-0.021453,0.079944,-0.909343,0.408292,0.95818,0.183012,0.219988,-0.274768,0.373631,0.885946,-0.001279,0.009773,0.006877,0.018934,0.069794,0.051956,-0.741137,0.050416,0.042946,-0.069222,-0.329247,0.29817,-0.895929,-0.678608,-0.734483,0.004943,-0.656572,0.609612,0.444167,0.00475,0.008655,-0.027305,-2.397653,1.37702,-1.362121,0.51353
653,0.02656,0.036895,0.344778,-0.308955,0.32168,-0.89505,-0.766483,-0.641342,0.03402,-0.562713,0.696148,0.445824,0.012081,0.029147,-0.062018,-0.07314,-0.429354,-0.099286,0.515843,-0.137439,0.070529,0.323521,0.073868,0.903753,0.421623,-0.964965,-0.041786,0.258902,0.251516,-0.427106,0.868437,-0.002397,0.018469,0.012954,0.033469,-0.054155,0.208292,-1.402821,0.024496,0.053987,-0.021328,0.068767,-0.911208,0.406166,0.960027,0.171169,0.221467,-0.271326,0.374701,0.886555,-0.007145,0.008247,0.00636,0.291206,-0.285058,1.876663,-0.746362,0.050478,0.043238,-0.069819,-0.32424,0.2945,-0.898965,-0.685192,-0.728311,0.008542,-0.652211,0.618734,0.437937,0.005995,0.014409,-0.031153,-1.506576,-0.584745,0.415831,0.512713
654,0.026941,0.038303,0.34225,-0.296338,0.318244,-0.900528,-0.788145,-0.614011,0.042307,-0.539109,0.721886,0.4339,0.014066,0.039762,-0.070445,-0.404579,-0.571095,-0.060216,0.507478,-0.137794,0.071161,0.323943,0.095444,0.901929,0.421196,-0.965694,-0.018581,0.258889,0.241215,-0.432584,0.868648,-0.01385,0.013591,0.010583,0.684644,0.531768,1.300549,-1.403262,0.024321,0.054316,-0.021109,0.048108,-0.912483,0.406274,0.963751,0.149269,0.221134,-0.262426,0.380909,0.886589,-0.006833,0.006269,0.004942,2.328155,1.423891,4.793107,-0.752731,0.050673,0.043967,-0.071127,-0.310933,0.293025,-0.904132,-0.710319,-0.703692,0.016217,-0.631479,0.647265,0.426942,0.00708,0.019879,-0.035228,-0.447328,-0.695444,-0.139279,0.506182
655,0.027577,0.040102,0.339325,-0.275768,0.316025,-0.907813,-0.818487,-0.572379,0.04932,-0.503692,0.75624,0.417638,0.029099,0.046648,-0.080746,-4.939319,-0.34042,2.118016,0.488061,-0.138398,0.071758,0.324204,0.132562,0.897927,0.419698,-0.965392,0.021211,0.259812,0.224232,-0.440738,0.869099,-0.01339,0.010367,0.008289,2.293335,1.539237,4.651399,-1.403608,0.02402,0.054616,-0.020977,0.014463,-0.91371,0.406107,0.968539,0.113716,0.221359,-0.248439,0.390129,0.886609,-0.013444,0.01051,0.000889,0.000458,-0.055459,0.015416,-0.757629,0.050991,0.044866,-0.072589,-0.290376,0.292342,-0.911162,-0.744532,-0.667182,0.023211,-0.601126,0.68513,0.411392,0.014517,0.023151,-0.040511,-4.956429,-0.412177,2.075557,0.48577
656,0.028471,0.042148,0.33611,-0.273901,0.296955,-0.91479,-0.819772,-0.569455,0.06054,-0.502622,0.766131,0.400551,0.031533,0.058189,-0.088135,0.164829,-0.484312,-0.120564,0.467735,-0.139207,0.072493,0.324251,0.162957,0.895245,0.414697,-0.964058,0.055289,0.259749,0.209414,-0.44324,0.87152,-0.014403,0.018354,-0.001205,0.761541,0.371649,1.416352,-1.403865,0.023615,0.054984,-0.020948,-0.019879,-0.915204,0.402498,0.972467,0.075794,0.22037,-0.23219,0.395797,0.888499,-0.013051,0.008048,-0.000822,2.355697,1.41456,4.728331,-0.762528,0.051437,0.045888,-0.074197,-0.285534,0.273103,-0.918631,-0.747558,-0.663263,0.035176,-0.599688,0.696775,0.393544,0.015843,0.029118,-0.044049,0.184819,-0.433781,-0.08498,0.461277
657,0.029055,0.043239,0.33447,-0.275908,0.284987,-0.917988,-0.823141,-0.563164,0.072511,-0.495978,0.775284,0.39111,0.032337,0.059755,-0.086618,0.03678,-0.805938,-0.556674,0.462731,-0.139637,0.072885,0.324152,0.189867,0.890885,0.412633,-0.961737,0.084434,0.260513,0.197018,-0.447423,0.872273,-0.027437,0.0261,-0.009736,0.757635,0.424381,1.44946,-1.404317,0.02341,0.055172,-0.020993,-0.04337,-0.914837,0.401485,0.973987,0.050746,0.220845,-0.222411,0.40062,0.888839,-0.013691,0.012802,-0.005027,0.079527,0.027378,0.017096,-0.762528,0.051716,0.046409,-0.074986,-0.286304,0.263644,-0.921151,-0.752077,-0.657497,0.045571,-0.593641,0.705824,0.386524,0.016023,0.02949,-0.043671,0.185293,-0.400537,-0.079646,0.45099
658,0.030428,0.045542,0.331082,-0.293986,0.270161,-0.916859,-0.836606,-0.536604,0.11008,-0.461893,0.799075,0.384916,0.045673,0.056926,-0.08757,-5.603756,1.800478,-0.301784,0.452034,-0.140283,0.073636,0.323756,0.247809,0.879401,0.406493,-0.955137,0.151791,0.254177,0.161519,-0.452346,0.877016,-0.014764,0.021207,-0.014167,2.465774,1.226915,4.709357,-1.405035,0.023076,0.055557,-0.021189,-0.103196,-0.911496,0.39815,0.97675,-0.017245,0.213683,-0.187905,0.410945,0.892084,-0.007321,0.010106,-0.007418,0.305207,-0.241094,-0.158496,-0.76759,0.052398,0.047562,-0.07668,-0.301098,0.242737,-0.92218,-0.765962,-0.637599,0.082262,-0.568014,0.731125,0.377908,0.016831,0.031087,-0.042106,0.119345,-0.554638,-0.387224,0.433354
659,0.031866,0.047911,0.327937,-0.313084,0.251836,-0.915752,-0.843914,-0.516047,0.146551,-0.435283,0.818385,0.375236,0.047861,0.061325,-0.083278,0.087555,-0.447018,-0.767581,0.448618,-0.140713,0.074238,0.323028,0.327206,0.857185,0.397694,-0.93833,0.245367,0.243445,0.110696,-0.453901,0.884072,-0.013537,0.011193,-0.021055,2.71672,1.181515,5.056352,-1.405891,0.022855,0.05587,-0.021555,-0.188901,-0.89992,0.393013,0.972593,-0.116206,0.201387,-0.135561,0.420284,0.897208,-0.006644,0.005038,-0.010894,2.757199,1.146205,5.038764,-0.776245,0.053114,0.048742,-0.078256,-0.318927,0.225171,-0.920642,-0.780131,-0.613982,0.120083,-0.538219,0.75652,0.371478,0.017774,0.032958,-0.040261,0.013619,-0.647436,-0.935886,0.422087
660,0.032684,0.049097,0.326453,-0.326575,0.246406,-0.912512,-0.846057,-0.50658,0.165941,-0.420973,0.825922,0.375048,0.047463,0.053844,-0.072043,0.114316,-0.112345,-0.793777,0.449635,-0.140833,0.074313,0.322597,0.373658,0.840886,0.391514,-0.924311,0.302737,0.232237,0.0763,-0.449714,0.889831,-0.012803,0.00505,-0.02532,1.091602,-0.012266,1.088441,-1.405705,0.0228,0.055909,-0.021759,-0.238018,-0.889907,0.389117,0.96603,-0.175386,0.189802,-0.100661,0.421075,0.901422,-0.000378,0.002785,-0.012991,2.792641,0.750048,4.55435,-0.777388,0.053521,0.049334,-0.079006,-0.331618,0.217173,-0.918076,-0.783816,-0.605004,0.140006,-0.525035,0.766032,0.370854,0.018599,0.034584,-0.038684,0.101406,-0.262188,-0.753718,0.420944
661,0.034577,0.051322,0.323865,-0.354574,0.257404,-0.898925,-0.863768,-0.458279,0.209422,-0.357619,0.850398,0.385953,0.048919,0.050128,-0.057261,-0.35424,0.200229,-0.729794,0.449878,-0.140967,0.074259,0.321628,0.431998,0.822264,0.370473,-0.901448,0.382414,0.202696,0.024463,-0.422561,0.905928,-0.000506,0.002565,-0.028204,2.705017,0.342279,4.584335,-1.406563,0.022729,0.055875,-0.022258,-0.299066,-0.87936,0.370519,0.953189,-0.257152,0.159067,-0.044597,0.400746,0.915102,-0.000134,0.00086,-0.014367,2.752134,0.296316,4.550105,-0.782449,0.054466,0.050445,-0.080308,-0.360952,0.225258,-0.90497,-0.807966,-0.560144,0.182835,-0.465728,0.79718,0.384186,0.024787,0.025581,-0.028178,-1.508933,0.217906,-0.20122,0.420128
662,0.036748,0.053039,0.322004,-0.380735,0.299352,-0.874914,-0.883715,-0.396315,0.248906,-0.271765,0.86757,0.416525,0.06087,0.031571,-0.037014,-0.27676,0.70517,-0.616725,0.452189,-0.141229,0.073859,0.320722,0.443745,0.829596,0.338898,-0.89601,0.406415,0.178679,0.009952,-0.38399,0.923209,-0.010635,-0.01277,-0.02295,0.428246,-0.643849,-0.140584,-1.407134,0.022598,0.05567,-0.022715,-0.311336,-0.887922,0.33862,0.950011,-0.282045,0.133894,-0.023381,0.363379,0.931347,-0.005285,-0.006589,-0.011616,0.357954,-0.579439,-0.131028,-0.788818,0.055569,0.05132,-0.081262,-0.392908,0.263184,-0.88111,-0.836014,-0.501324,0.223055,-0.383018,0.824261,0.417,0.030662,0.01615,-0.018207,-0.274473,0.702079,-0.604771,0.421924
663,0.037938,0.053527,0.321407,-0.389266,0.320587,-0.863563,-0.891386,-0.367413,0.26535,-0.23174,0.872662,0.429867,0.059815,0.022962,-0.027067,-0.289541,0.813578,-0.720443,0.454287,-0.141467,0.073417,0.320346,0.450192,0.832535,0.322805,-0.892826,0.417233,0.169444,0.005828,-0.365541,0.930703,-0.020877,-0.027573,-0.017296,0.4424,-0.657511,-0.262519,-1.407225,0.022487,0.055459,-0.022897,-0.318419,-0.890965,0.323711,0.947795,-0.293073,0.125663,-0.01709,0.346826,0.937773,-0.004511,-0.012865,-0.008548,0.59831,-0.951023,-0.160986,-0.7929,0.056143,0.051556,-0.081549,-0.403387,0.282929,-0.870189,-0.84765,-0.473715,0.238917,-0.344626,0.833992,0.430916,0.03622,0.009447,-0.014772,-1.336669,0.996369,-0.00714,0.425353
664,0.040228,0.053636,0.320867,-0.404417,0.353901,-0.843354,-0.894618,-0.344687,0.284293,-0.189586,0.869014,0.457057,0.041015,-0.005491,-0.001081,-0.181764,1.071001,-0.153175,0.436206,-0.141947,0.072348,0.319791,0.462223,0.836174,0.295218,-0.886678,0.436494,0.152339,-0.002048,-0.333235,0.942769,-0.009661,-0.021074,-0.013914,0.608158,-0.959279,-0.188753,-1.407553,0.022248,0.054919,-0.023178,-0.331511,-0.895122,0.298086,0.943437,-0.312811,0.109887,-0.005117,0.317654,0.948192,-0.004069,-0.01654,-0.003646,0.329333,-0.680938,0.030677,-0.800248,0.057279,0.051632,-0.081822,-0.423368,0.311507,-0.850718,-0.853287,-0.452619,0.258911,-0.304399,0.835522,0.45743,0.026783,-0.004839,-0.00186,-4.225126,2.823932,2.421047,0.417352
665,0.041989,0.053179,0.321122,-0.403529,0.403942,-0.820999,-0.902922,-0.320954,0.285817,-0.147554,0.856133,0.495269,0.0418,-0.010676,0.011916,0.433552,1.346817,-0.051244,0.405509,-0.142455,0.071564,0.319412,0.480447,0.834549,0.269609,-0.876878,0.460816,0.136626,-0.010811,-0.303112,0.952821,-0.010372,-0.015402,-0.009924,0.391067,-0.609149,-0.1008,-1.408452,0.021987,0.054509,-0.02338,-0.349726,-0.896703,0.271317,0.936809,-0.33748,0.092169,0.008916,0.286407,0.958066,-0.00521,-0.00748,-0.004797,0.39037,-0.610362,-0.103323,-0.801881,0.058177,0.051398,-0.081704,-0.429105,0.36186,-0.827602,-0.864857,-0.428906,0.260886,-0.26056,0.827705,0.497003,0.019778,-0.011068,0.009588,0.444178,1.418928,0.195848,0.381591
666,0.0431,0.052646,0.322042,-0.392522,0.456575,-0.798442,-0.910892,-0.313153,0.268667,-0.126886,0.832186,0.539809,0.014203,-0.021479,0.035051,0.580257,1.591141,0.237347,0.39388,-0.142983,0.070769,0.319046,0.507705,0.831256,0.226363,-0.861412,0.492145,0.125284,-0.007887,-0.259653,0.965599,-0.010268,-0.016843,-0.011018,0.576107,-1.225126,-0.195664,-1.408743,0.02173,0.054135,-0.023552,-0.380023,-0.895451,0.231839,0.924893,-0.371213,0.082288,0.012377,0.245698,0.969266,-0.005132,-0.008522,-0.005601,-1.078368,-2.946943,0.639307,-0.805473,0.058738,0.051141,-0.081262,-0.424954,0.41397,-0.805011,-0.873241,-0.421741,0.244095,-0.238459,0.806698,0.540716,0.014686,-0.006626,0.012981,0.580015,1.465299,0.237516,0.354485
667,0.043462,0.052246,0.322695,-0.385457,0.478175,-0.789187,-0.914264,-0.313513,0.25652,-0.124287,0.819809,0.559011,0.027136,-0.024648,0.033371,0.605662,1.301457,0.352971,0.392541,-0.143098,0.070347,0.318952,0.52106,0.829744,0.200031,-0.853428,0.507214,0.119699,-0.002784,-0.234135,0.97213,-0.009153,-0.025738,-0.002181,0.713215,-0.793395,0.13767,-1.408482,0.021665,0.053903,-0.023608,-0.393936,-0.896335,0.203459,0.919071,-0.38679,0.075501,0.011022,0.216736,0.976167,-0.004597,-0.01271,-0.000966,0.764394,-0.807648,0.123022,-0.802534,0.058916,0.050948,-0.080936,-0.42113,0.437227,-0.794658,-0.87618,-0.422565,0.231834,-0.234431,0.793895,0.561044,0.006384,-0.015616,0.021952,1.098112,-0.581173,1.89939,0.346647
668,0.044109,0.051017,0.324371,-0.379931,0.522945,-0.763037,-0.918282,-0.312603,0.24292,-0.111029,0.792326,0.599933,0.02347,-0.04598,0.04952,-3.806528,2.598284,3.515966,0.386916,-0.143157,0.069367,0.318891,0.541217,0.829515,0.137769,-0.840743,0.532183,0.09933,0.008407,-0.170642,0.985228,0.004264,-0.035911,0.00462,0.367948,-1.959447,-0.088234,-1.408118,0.021634,0.05343,-0.023638,-0.417094,-0.897333,0.144308,0.908812,-0.413457,0.055789,0.009604,0.154418,0.987958,0.001403,-0.012111,-0.001145,-1.047804,-3.306207,0.638204,-0.802044,0.059249,0.050337,-0.080088,-0.423988,0.480214,-0.767871,-0.877581,-0.427348,0.21731,-0.223793,0.766007,0.602618,0.006736,-0.014906,0.022578,0.494362,1.325235,0.282772,0.339462
669,0.044749,0.049521,0.326339,-0.373582,0.561371,-0.738474,-0.922378,-0.309184,0.231509,-0.097905,0.766942,0.634225,0.011861,-0.040149,0.053585,0.187505,0.890368,-0.084725,0.392054,-0.142926,0.068263,0.318966,0.568029,0.819033,0.080745,-0.822562,0.562256,0.084811,0.023358,-0.115637,0.992948,0.016086,-0.032277,0.006125,0.942863,-0.598701,5.817232,-1.407917,0.021745,0.052875,-0.023602,-0.440609,-0.893498,0.086742,0.897697,-0.438726,0.04072,0.001673,0.095809,0.995397,0.001996,-0.016745,0.003187,0.615766,-1.328571,0.38028,-0.802045,0.059574,0.049588,-0.079105,-0.419324,0.523079,-0.741994,-0.884577,-0.41924,0.204354,-0.204181,0.742041,0.638501,0.005781,-0.020324,0.026562,0.219966,0.850991,0.099815,0.336523
670,0.045057,0.048653,0.327369,-0.377651,0.578754,-0.72282,-0.921291,-0.313089,0.230586,-0.092392,0.752289,0.652344,0.010814,-0.04234,0.051651,-0.138537,1.306438,-0.516934,0.399077,-0.142692,0.067691,0.319099,0.578723,0.813352,0.059406,-0.81497,0.574494,0.075604,0.026645,-0.093205,0.995222,0.015815,-0.029581,0.008096,0.474711,-1.109738,0.54335,-1.40776,0.021863,0.052585,-0.023538,-0.457888,-0.886513,0.066565,0.889006,-0.456791,0.03176,0.002251,0.07372,0.997276,0.007114,-0.008385,0.001013,0.64005,-1.130185,0.370267,-0.802208,0.05973,0.049159,-0.078585,-0.42533,0.5394,-0.726733,-0.883145,-0.422909,0.202979,-0.197856,0.728144,0.656245,0.01171,-0.02307,0.024686,-0.767286,2.678376,-1.631732,0.342891
671,0.045794,0.046883,0.329164,-0.383395,0.610311,-0.693234,-0.920375,-0.315038,0.231587,-0.076585,0.726066,0.683367,0.024039,-0.038114,0.038944,0.184814,0.790057,-0.133123,0.405597,-0.142092,0.067059,0.319339,0.59699,0.801665,0.03047,-0.801265,0.594188,0.069631,0.036972,-0.067007,0.996999,0.013628,-0.010971,0.00627,0.051862,-0.518008,0.613972,-1.408228,0.022159,0.052263,-0.023422,-0.477482,-0.877802,0.038372,0.878631,-0.476826,0.025341,-0.003947,0.045815,0.998941,0.006782,-0.005259,0.003295,-0.002159,-0.36473,0.46745,-0.799268,0.060104,0.048261,-0.077666,-0.436448,0.56978,-0.696321,-0.881753,-0.424801,0.205072,-0.178953,0.703487,0.687809,0.011911,-0.019217,0.019317,0.180989,0.771453,-0.134018,0.355138
672,0.046476,0.045287,0.330649,-0.383546,0.633529,-0.671996,-0.921373,-0.312179,0.231493,-0.062655,0.707159,0.704292,0.011201,-0.027807,0.029382,0.056415,0.456991,-0.174965,0.4037,-0.141656,0.066819,0.319612,0.623918,0.781382,0.012702,-0.780284,0.622158,0.063333,0.040807,-0.050425,0.997825,0.013201,-0.007109,0.009093,0.280636,-0.357279,-0.043577,-1.408228,0.022387,0.052138,-0.023279,-0.509578,-0.860144,0.02194,0.860402,-0.509218,0.020103,-0.006119,0.029121,0.999556,0.006559,-0.003293,0.004737,0.343246,-0.403646,-0.043629,-0.806943,0.060442,0.047477,-0.076931,-0.439402,0.59273,-0.674977,-0.883262,-0.421953,0.204455,-0.163622,0.686021,0.708944,0.010813,-0.02159,0.017252,0.01103,0.562794,-0.328964,0.357751
673,0.047307,0.044093,0.33151,-0.381603,0.64406,-0.663031,-0.922359,-0.312185,0.227524,-0.059981,0.697576,0.714015,0.025506,-0.014301,0.007151,0.027028,0.167025,-0.067298,0.39633,-0.141068,0.06685,0.320065,0.656206,0.75456,-0.004992,-0.753473,0.655726,0.047297,0.038143,-0.028242,0.998805,0.010526,0.014898,0.009691,0.305629,-0.370629,0.010473,-1.408259,0.022674,0.052137,-0.023069,-0.54605,-0.837732,0.005781,0.837752,-0.546036,0.00382,-4.3e-05,0.006929,0.999975,0.011244,0.008558,0.005081,0.406743,-0.36348,-0.131785,-0.808903,0.060844,0.046885,-0.076497,-0.438865,0.603107,-0.666076,-0.884175,-0.421928,0.200526,-0.160098,0.676932,0.718422,0.011693,-0.012836,0.007368,-1.5e-05,0.127968,-0.054054,0.353995
674,0.047769,0.043745,0.331692,-0.381342,0.643143,-0.664071,-0.922334,-0.313164,0.226274,-0.061969,0.697984,0.713446,0.025116,-0.015136,0.006412,1.028302,-1.873856,1.493449,0.38706,-0.14083,0.067105,0.320421,0.67101,0.741287,-0.015171,-0.740232,0.67105,0.041023,0.039753,-0.017247,0.998992,0.011194,0.009972,0.021471,0.256651,-0.361766,0.170263,-1.408103,0.022793,0.05226,-0.022901,-0.562486,-0.826799,-0.003558,0.826806,-0.562482,-0.002208,-0.000176,-0.004184,0.999991,0.004726,0.011896,0.008049,0.369501,-0.276124,1.507422,-0.807596,0.061083,0.0467,-0.076402,-0.440707,0.602707,-0.665222,-0.883295,-0.423174,0.201774,-0.159894,0.676511,0.718864,0.012606,-0.007436,0.003308,-0.039865,0.078791,-0.107122,0.3473
675,0.048599,0.043471,0.331766,-0.382292,0.643059,-0.663606,-0.921896,-0.314401,0.226343,-0.062618,0.697505,0.713857,0.013882,-0.001239,-5.4e-05,0.005226,0.098417,-0.133987,0.373155,-0.140396,0.068091,0.321276,0.691634,0.721216,-0.038495,-0.720538,0.692731,0.029728,0.047243,0.006251,0.998796,0.00963,0.022568,0.030375,0.254175,-0.282071,0.053638,-1.408458,0.023016,0.05275,-0.02247,-0.586938,-0.809218,-0.025849,0.809619,-0.586804,-0.013312,-0.004395,-0.028741,0.999576,0.004012,0.017446,0.011974,0.330811,-0.423485,0.54355,-0.80727,0.0615,0.046555,-0.076365,-0.439912,0.601629,-0.666722,-0.883233,-0.424117,0.200059,-0.162407,0.67688,0.717953,0.013296,-0.00248,-0.00115,0.002036,-0.045293,0.079828,0.326236
676,0.049406,0.043447,0.331543,-0.385101,0.645558,-0.659543,-0.921022,-0.314173,0.230185,-0.05814,0.695296,0.716387,0.025329,-0.007646,-0.004636,-0.318598,0.452195,-0.259994,0.367837,-0.140254,0.069647,0.322412,0.716657,0.695223,-0.055307,-0.695423,0.718359,0.01672,0.050458,0.025585,0.99833,-0.005052,0.042114,0.02981,0.273977,-0.267101,0.052881,-1.408666,0.023094,0.05351,-0.021909,-0.61578,-0.786869,-0.040634,0.787901,-0.615282,-0.025274,-0.005114,-0.047579,0.998854,0.003388,0.022296,0.015235,0.344166,-0.36031,1.531623,-0.808413,0.061894,0.046543,-0.076471,-0.441609,0.603012,-0.664346,-0.882896,-0.423796,0.202215,-0.159609,0.675849,0.71955,0.012605,-0.003953,-0.002445,0.004524,-0.032387,0.05994,0.314479
677,0.049772,0.043439,0.331392,-0.383635,0.645316,-0.660634,-0.921589,-0.313418,0.228943,-0.058844,0.695861,0.715781,0.014449,0.007026,-0.010395,0.033547,-0.037993,0.042585,0.367427,-0.140308,0.070476,0.323037,0.730055,0.680475,-0.062968,-0.68131,0.731901,0.008437,0.050914,0.035865,0.99799,-0.005342,0.044467,0.031224,0.539117,-0.471812,-0.202634,-1.408541,0.023066,0.053928,-0.021594,-0.63231,-0.77331,-0.046636,0.774701,-0.631503,-0.032252,-0.00451,-0.056522,0.99839,-0.002,0.01682,0.019402,0.016116,-0.119866,0.495777,-0.812985,0.062085,0.046534,-0.076549,-0.441804,0.603645,-0.663642,-0.882999,-0.423298,0.202805,-0.158497,0.675596,0.720033,0.012477,-0.004228,-0.00269,-0.000465,-0.144532,0.222778,0.311703
678,0.050467,0.043357,0.331125,-0.385338,0.646961,-0.658028,-0.921055,-0.31327,0.231283,-0.056036,0.694398,0.717425,0.012494,-0.004179,-0.002641,0.000982,-0.014711,0.02955,0.362126,-0.140534,0.072053,0.324354,0.752126,0.654342,-0.078321,-0.656474,0.754295,-0.003817,0.055637,0.053443,0.996951,-0.015597,0.030403,0.037061,0.310835,-0.306853,-0.149556,-1.408471,0.022956,0.054733,-0.02093,-0.658114,-0.750417,-0.061307,0.752889,-0.65661,-0.044939,-0.006532,-0.075732,0.997106,-0.001901,0.015989,0.018567,0.497488,-0.463619,-0.076592,-0.817557,0.062432,0.046494,-0.076689,-0.443784,0.605025,-0.661058,-0.882518,-0.423168,0.205156,-0.155614,0.674442,0.721741,0.012563,-0.004035,-0.002527,0.004768,-0.033631,0.061538,0.307131
679,0.051154,0.043136,0.331038,-0.387107,0.648781,-0.655192,-0.920518,-0.312774,0.234075,-0.052589,0.692921,0.719111,0.010955,-0.01454,0.00585,-0.031628,0.008468,0.016477,0.35868,-0.140606,0.072836,0.325696,0.774388,0.625351,-0.096177,-0.62943,0.776797,-0.018374,0.062248,0.073957,0.995248,-0.000916,0.009214,0.036046,0.345925,-0.331436,-0.202347,-1.408883,0.02291,0.055165,-0.020236,-0.684936,-0.724414,-0.078013,0.728529,-0.682444,-0.059272,-0.010302,-0.097432,0.995188,0.005421,0.005382,0.018045,0.440288,-0.421024,-0.12334,-0.823109,0.062776,0.046387,-0.076736,-0.445822,0.606563,-0.658272,-0.882101,-0.422682,0.207933,-0.152116,0.673364,0.723491,0.006522,-0.001492,-0.000814,0.003082,-0.017915,0.031474,0.299783
680,0.051527,0.042978,0.33106,-0.388331,0.652521,-0.650738,-0.920176,-0.312795,0.235387,-0.049477,0.68939,0.722717,-0.001213,-0.009663,0.009108,-0.03057,0.02579,-0.011212,0.354008,-0.140578,0.073031,0.327071,0.791021,0.599617,-0.121395,-0.606321,0.794746,-0.026225,0.07976,0.093573,0.992343,0.001202,-0.007623,0.039304,0.370758,-0.791042,-0.123127,-1.408917,0.022924,0.055264,-0.019564,-0.706204,-0.700896,-0.1001,0.707589,-0.70356,-0.065724,-0.024361,-0.117244,0.992804,0.005774,0.002417,0.015913,-1.728715,-2.405491,1.277271,-0.824742,0.062966,0.046304,-0.076728,-0.447518,0.610202,-0.653743,-0.881813,-0.422718,0.209079,-0.148769,0.670046,0.727258,0.006549,-0.00143,-0.000759,-0.009664,-0.027556,0.023896,0.295047
681,0.051573,0.042964,0.331103,-0.388771,0.655338,-0.647638,-0.920061,-0.313198,0.2353,-0.048161,0.686529,0.725524,0.000683,0.001495,0.001302,0.062521,0.080175,0.057096,0.352901,-0.140466,0.07302,0.327731,0.792496,0.596431,-0.12732,-0.604084,0.796283,-0.030802,0.082016,0.10055,0.991477,0.01299,-0.006199,0.039157,0.266434,-0.427664,0.102975,-1.408673,0.022981,0.055251,-0.019211,-0.707851,-0.698071,-0.107898,0.705866,-0.704767,-0.071098,-0.026411,-0.126488,0.991616,0.006493,-0.003294,0.019462,0.279498,-0.434322,0.102319,-0.824415,0.06299,0.046296,-0.076701,-0.448416,0.612873,-0.650621,-0.881621,-0.42314,0.209033,-0.147194,0.667336,0.730065,0.000359,0.000787,0.000679,0.056555,0.069888,0.054984,0.292598
682,0.051535,0.043012,0.331284,-0.386137,0.659065,-0.645428,-0.921111,-0.313155,0.231215,-0.04926,0.682972,0.7288,-0.000498,-0.008099,0.010469,0.03191,0.105961,0.045838,0.348678,-0.140053,0.073001,0.329188,0.795302,0.590067,-0.138954,-0.599715,0.799196,-0.039517,0.086735,0.113995,0.989619,0.012586,-0.003172,0.041045,0.288633,-0.313212,-0.210912,-1.408805,0.023188,0.055234,-0.018487,-0.712086,-0.691944,-0.118932,0.701477,-0.708264,-0.079308,-0.029358,-0.139903,0.989729,0.006256,-0.00149,0.020591,0.345036,-0.359456,-0.211927,-0.828824,0.062971,0.046322,-0.076616,-0.446244,0.616906,-0.648299,-0.882583,-0.423207,0.204795,-0.148026,0.663567,0.733325,-0.005444,0.003846,0.002854,0.060398,0.081401,0.055507,0.288026
683,0.051389,0.043032,0.331563,-0.385002,0.66102,-0.644106,-0.921581,-0.312976,0.229581,-0.049361,0.681162,0.730486,0.001401,0.003061,0.00266,0.001278,0.00164,0.001166,0.345994,-0.139493,0.073364,0.330675,0.796264,0.586817,-0.146975,-0.597892,0.800288,-0.044712,0.090384,0.122716,0.988248,0.010252,0.014565,0.037831,0.122224,-0.085397,-0.202378,-1.408895,0.023465,0.055404,-0.017761,-0.713609,-0.688941,-0.126973,0.699824,-0.709283,-0.084633,-0.031753,-0.149254,0.988289,0.005101,0.007292,0.018923,0.20503,-0.257863,-0.06608,-0.833723,0.062898,0.04633,-0.076472,-0.445368,0.61894,-0.646961,-0.883057,-0.42296,0.203256,-0.147836,0.661828,0.734933,-0.00019,-0.00391,0.005356,-0.044439,-0.00514,0.003613,0.281494
684,0.051368,0.042995,0.331686,-0.384562,0.661023,-0.644365,-0.921775,-0.312456,0.229508,-0.049154,0.681397,0.73028,0.001477,0.003227,0.002802,-0.000566,-0.016371,0.023713,0.344122,-0.139301,0.073633,0.331435,0.79861,0.58253,-0.151236,-0.593999,0.803251,-0.043447,0.095167,0.123775,0.987667,0.01007,0.015722,0.038442,-0.520777,-0.636113,-0.22803,-1.409175,0.023565,0.055546,-0.017366,-0.716431,-0.685201,-0.13124,0.696723,-0.712428,-0.0838,-0.036079,-0.151475,0.987802,0.004989,0.00804,0.019339,-0.607062,-0.679399,-0.237827,-0.834702,0.062887,0.04631,-0.076411,-0.444989,0.618896,-0.647264,-0.883286,-0.422455,0.203312,-0.147611,0.662191,0.734651,-0.00048,-0.00454,0.004809,-0.034159,0.021021,-0.014672,0.279208
685,0.051398,0.042863,0.331889,-0.384131,0.663812,-0.64175,-0.922042,-0.311875,0.229226,-0.047512,0.678947,0.732667,-0.001316,-0.009882,0.008921,0.236536,0.369917,0.232766,0.340386,-0.139021,0.073991,0.333114,0.802743,0.575449,-0.15638,-0.587768,0.807694,-0.045753,0.098969,0.127896,0.986768,0.011397,0.005184,0.045912,0.14249,-0.225779,-0.088741,-1.409806,0.0237,0.055726,-0.016542,-0.722177,-0.678292,-0.135573,0.690572,-0.718234,-0.085143,-0.039621,-0.155111,0.987101,-0.000179,0.001934,0.023041,0.233585,-0.175327,-0.302163,-0.819353,0.062904,0.046248,-0.076306,-0.44562,0.620357,-0.645429,-0.883327,-0.421834,0.204423,-0.145449,0.66122,0.735956,-0.000682,-0.004991,0.004415,0.394403,0.535796,0.329769,0.275452
686,0.051449,0.04264,0.332069,-0.387229,0.665814,-0.637803,-0.92097,-0.311897,0.233469,-0.043007,0.676974,0.734768,-0.00191,-0.011186,0.007794,-0.032601,0.023188,-0.013086,0.337494,-0.138738,0.074251,0.335046,0.812671,0.559334,-0.163413,-0.572856,0.818135,-0.049246,0.105127,0.132905,0.985468,0.010693,0.010252,0.048817,-0.015472,-0.021995,-0.130666,-1.409208,0.023843,0.055848,-0.015598,-0.734292,-0.663687,-0.142592,0.677342,-0.730243,-0.089164,-0.044949,-0.162057,0.985756,0.005313,0.00516,0.024448,0.004107,-0.139636,0.006246,-0.818863,0.06293,0.046142,-0.076219,-0.448376,0.62326,-0.640706,-0.882638,-0.421875,0.207295,-0.141099,0.658458,0.739272,1e-06,1.2e-05,1e-05,0.000362,-0.007735,0.001929,0.27186
687,0.051533,0.04229,0.332222,-0.386834,0.666031,-0.637815,-0.921174,-0.311044,0.233803,-0.042194,0.677152,0.734651,-0.00032,-0.0007,-0.000607,0.0,0.0,0.0,0.335153,-0.138573,0.07479,0.336854,0.828647,0.533182,-0.170447,-0.547962,0.834757,-0.053418,0.112757,0.136969,0.984067,-0.002522,0.020495,0.041432,0.091618,-0.160777,-0.039825,-1.408922,0.02393,0.056119,-0.014688,-0.754137,-0.6398,-0.148098,0.65465,-0.750274,-0.092306,-0.052057,-0.166563,0.984655,0.0045,0.011064,0.020766,0.141101,-0.108734,-0.168157,-0.826701,0.062967,0.045967,-0.076141,-0.44801,0.623478,-0.64075,-0.882943,-0.421068,0.207633,-0.140345,0.658768,0.739139,-0.001251,-0.006236,0.003341,-0.032461,0.022877,-0.013313,0.267941
688,0.051542,0.042076,0.332329,-0.385152,0.667962,-0.636813,-0.921869,-0.310465,0.231823,-0.042387,0.675514,0.736147,-0.002188,-0.011805,0.007265,-0.023806,0.034525,-0.005071,0.334541,-0.138609,0.075148,0.337633,0.833073,0.525157,-0.173754,-0.540633,0.839363,-0.055849,0.115464,0.139779,0.983358,-0.002354,0.019174,0.040426,0.090646,-0.159439,-0.042532,-1.409101,0.023911,0.056305,-0.014277,-0.75973,-0.632409,-0.151223,0.647955,-0.755777,-0.094627,-0.054448,-0.169877,0.983959,-0.001241,0.009853,0.020394,0.093396,-0.051683,-0.22065,-0.821476,0.062976,0.045857,-0.07609,-0.446499,0.625772,-0.639568,-0.883689,-0.4206,0.205398,-0.140471,0.656889,0.740785,-0.001128,-0.00597,0.003572,-0.047182,-0.09822,0.14773,0.265981
689,0.05146,0.041609,0.332646,-0.382508,0.671976,-0.634178,-0.922973,-0.309617,0.228542,-0.042308,0.671912,0.73944,-0.001898,-0.011174,0.00782,0.087397,0.178456,0.09603,0.331853,-0.138784,0.076113,0.339009,0.847007,0.499344,-0.182281,-0.516819,0.853697,-0.063504,0.122835,0.147343,0.981359,-0.003598,0.028527,0.031527,-0.192013,-0.155296,1.448896,-1.409223,0.023823,0.056787,-0.013585,-0.776375,-0.60989,-0.158984,0.62735,-0.772043,-0.101883,-0.060605,-0.178838,0.98201,-0.001856,0.014459,0.015608,-0.877615,-0.532814,5.401728,-0.825558,0.062934,0.045623,-0.075933,-0.444675,0.629554,-0.637121,-0.88469,-0.419853,0.202598,-0.139951,0.653746,0.743659,-0.00094,-0.005556,0.003936,0.147705,0.247643,0.139572,0.263205
690,0.051377,0.041207,0.332966,-0.380153,0.675983,-0.631329,-0.923947,-0.309028,0.225383,-0.042277,0.668153,0.74284,-0.001853,-0.011078,0.007911,0.02109,0.092631,0.035568,0.329302,-0.138963,0.077574,0.339953,0.855544,0.481868,-0.189313,-0.501281,0.862321,-0.071088,0.127914,0.155088,0.979515,-0.006377,0.04944,0.01549,0.243526,-0.226608,0.025289,-1.409424,0.023734,0.05751,-0.013106,-0.788633,-0.592402,-0.164671,0.611428,-0.783849,-0.108327,-0.064904,-0.186115,0.980381,-0.002383,0.018486,0.011084,0.240282,-0.143454,-0.095386,-0.831763,0.062893,0.045422,-0.075772,-0.442641,0.634249,-0.633874,-0.885755,-0.419371,0.198912,-0.139669,0.649504,0.747419,-0.000926,-0.005524,0.00397,0.013529,0.087381,0.034638,0.259776
