frame,MLTx,MLTy,MLTz,MLTR1,MLTR2,MLTR3,MLTR4,MLTR5,MLTR6,MLTR7,MLTR8,MLTR9,MLTTVx,MLTTVy,MLTTVz,MLTRVx,MLTRVy,MLTRVz,MLGA,MRTx,MRTy,MRTz,MRTR1,MRTR2,MRTR3,MRTR4,MRTR5,MRTR6,MRTR7,MRTR8,MRTR9,MRTTVx,MRTTVy,MRTTVz,MRTRVx,MRTRVy,MRTRVz,MRGA,SLTx,SLTy,SLTz,SLTR1,SLTR2,SLTR3,SLTR4,SLTR5,SLTR6,SLTR7,SLTR8,SLTR9,SLTTVx,SLTTVy,SLTTVz,SLTRVx,SLTRVy,SLTRVz,SLGA,SRTx,SRTy,SRTz,SRTR1,SRTR2,SRTR3,SRTR4,SRTR5,SRTR6,SRTR7,SRTR8,SRTR9,SRTTVx,SRTTVy,SRTTVz,SRTRVx,SRTRVy,SRTRVz,SRGA
523,0.044805,-0.002748,0.346547,0.144616,0.397159,-0.906309,0.187451,0.888345,0.419139,0.971405,-0.230991,0.055152,-0.060438,0.004666,-0.001232,-0.014466,0.06787,-0.178853,0.046651,-0.21549,0.008523,0.354469,0.240473,-0.591849,0.769336,-0.176456,0.752633,0.634304,-0.954711,-0.287542,0.075565,0.000398,0.002975,0.00221,-0.054057,0.118638,0.111814,-1.407868,0.022116,0.051969,-0.017111,-0.338825,0.540218,0.770299,0.269938,-0.72849,0.629631,0.901293,0.421268,0.101005,0.000111,0.000888,0.000662,-0.061448,0.153738,0.10515,-0.869457,0.036794,0.051128,-0.052912,-0.051911,-0.42914,-0.901744,-0.179971,-0.884158,0.431131,-0.982301,0.184668,-0.031336,-0.036136,0.010131,-0.003257,0.033132,0.081153,-0.15061,-0.166315
524,0.04231,-0.00237,0.346654,0.136573,0.407307,-0.903047,0.179471,0.88632,0.426847,0.974082,-0.220868,0.049075,-0.071923,0.014011,0.006228,-0.053417,-0.107091,-0.052104,0.047067,-0.21536,0.00844,0.3547,0.234679,-0.606901,0.759335,-0.164944,0.74486,0.646461,-0.958199,-0.276194,0.073723,0.000456,0.003417,0.002535,0.001063,-0.073634,0.187213,-1.408137,0.02218,0.051927,-0.016996,-0.334567,0.556362,0.760608,0.257231,-0.722555,0.641674,0.906584,0.410335,0.09863,0.00701,-0.003812,0.005097,-0.009181,-0.027778,0.020073,-0.870437,0.035549,0.051309,-0.052866,-0.043786,-0.438891,-0.897472,-0.172716,-0.881482,0.439497,-0.983997,0.174252,-0.037207,-0.028923,0.005283,0.002217,-0.051841,-0.028964,-0.165299,-0.166152
525,0.039661,-0.001812,0.347051,0.121279,0.419807,-0.899499,0.156109,0.886835,0.434886,0.98013,-0.193679,0.043142,-0.069405,0.019523,0.01143,0.030325,-0.179407,-0.255771,0.046738,-0.215133,0.008289,0.354938,0.223918,-0.614603,0.756383,-0.152172,0.744424,0.650085,-0.962864,-0.259893,0.072193,0.000404,-0.009614,0.009473,-0.036168,0.013678,-0.016635,-1.407751,0.022294,0.051861,-0.016877,-0.325285,0.565283,0.758052,0.244165,-0.724255,0.644854,0.913548,0.394851,0.097567,0.006715,0.000296,-0.000156,0.016194,-0.119093,0.198899,-0.87011,0.034223,0.051584,-0.052672,-0.02864,-0.450176,-0.892479,-0.14996,-0.880806,0.4491,-0.988276,0.146699,-0.042282,-0.035414,0.004637,0.010311,0.281923,-0.373642,-0.319849,-0.167295
526,0.03842,-0.001499,0.347306,0.120156,0.422169,-0.898544,0.150829,0.886822,0.436772,0.981095,-0.188527,0.044004,-0.0704,0.010215,0.021365,-0.040022,0.091608,-0.163793,0.046496,-0.215012,0.008177,0.355009,0.225759,-0.61652,0.754273,-0.151023,0.742653,0.652376,-0.962618,-0.260416,0.073582,0.013509,-0.011619,0.00723,-0.033995,-0.001982,0.013049,-1.407878,0.02235,0.051806,-0.01684,-0.327417,0.566919,0.75591,0.242711,-0.722701,0.647141,0.913174,0.395353,0.099027,-1.8e-05,-9.4e-05,-7.1e-05,-0.002238,4.5e-05,-0.004916,-0.870274,0.033604,0.051746,-0.052546,-0.02712,-0.452651,-0.891274,-0.144881,-0.880408,0.45154,-0.989076,0.141375,-0.041704,-0.034333,0.010573,0.006505,0.003459,0.094312,-0.135217,-0.166968
527,0.035812,-0.000837,0.348019,0.113859,0.429772,-0.895755,0.136361,0.886317,0.442516,0.983967,-0.17306,0.043429,-0.069015,0.013176,0.024078,-0.038077,0.08064,-0.136979,0.043417,-0.214822,0.007894,0.355149,0.224773,-0.620848,0.751011,-0.144815,0.740789,0.655892,-0.963801,-0.255403,0.075637,-6.8e-05,-0.01322,0.006804,-0.03197,0.018527,-0.022205,-1.407905,0.02245,0.051667,-0.016768,-0.327036,0.571365,0.75272,0.23627,-0.721787,0.650537,0.914998,0.390594,0.101053,0.006654,-0.006572,0.003049,0.034865,-0.111055,0.245295,-0.867008,0.032326,0.052073,-0.052198,-0.020774,-0.459697,-0.887832,-0.130871,-0.879132,0.458254,-0.991181,0.125711,-0.041899,-0.033835,0.011623,0.007444,-0.001876,0.083057,-0.141422,-0.168928
528,0.033203,-0.000393,0.348971,0.10792,0.437162,-0.89291,0.11628,0.886431,0.447985,0.987216,-0.152713,0.045945,-0.070685,0.002735,0.032796,-0.071108,0.116603,-0.176038,0.040269,-0.214645,0.0076,0.355269,0.216711,-0.628129,0.747317,-0.129672,0.740104,0.659823,-0.967786,-0.239107,0.077978,-5.7e-05,-0.000437,-0.000324,0.065773,-0.100544,0.217644,-1.407935,0.022538,0.051508,-0.016711,-0.319879,0.579653,0.749452,0.221261,-0.723439,0.653971,0.921259,0.375016,0.103158,0.006729,-0.006031,0.003455,0.206137,-0.375112,0.814807,-0.869294,0.030998,0.052308,-0.051712,-0.014879,-0.466748,-0.884264,-0.111253,-0.878098,0.465365,-0.99368,0.105301,-0.038863,-0.034414,0.006879,0.012273,-0.038527,0.095644,-0.159391,-0.174807
529,0.030437,-0.000155,0.350245,0.102286,0.444682,-0.889854,0.097149,0.885796,0.453761,0.989887,-0.133409,0.048515,-0.070006,0.004335,0.034166,-0.059351,0.110959,-0.176539,0.060529,-0.214365,0.007367,0.35538,0.210845,-0.631105,0.746487,-0.126571,0.739499,0.661102,-0.969484,-0.23308,0.075081,-0.000135,-0.001034,-0.000767,-0.034809,0.079799,0.047347,-1.407673,0.022678,0.051395,-0.016654,-0.314617,0.583583,0.748629,0.218157,-0.723113,0.655374,0.923808,0.369511,0.100191,0.006553,-0.001031,-0.00115,-0.033907,0.074041,0.081115,-0.8706,0.029615,0.052426,-0.051076,-0.009173,-0.473909,-0.880525,-0.092699,-0.876368,0.472637,-0.995651,0.085959,-0.035892,-0.034866,0.002471,0.017432,-0.032251,0.08379,-0.150019,-0.157824
530,0.028983,-6.4e-05,0.350993,0.102283,0.448016,-0.888181,0.093082,0.884627,0.456883,0.990277,-0.129957,0.049889,-0.082803,0.010585,0.03849,-0.07171,0.118169,-0.18004,0.059514,-0.214238,0.007235,0.355411,0.204868,-0.633894,0.745787,-0.12321,0.739086,0.662198,-0.97119,-0.226755,0.072355,0.013323,-0.013281,0.006,-0.232607,0.485168,0.296933,-1.407548,0.022737,0.051334,-0.01664,-0.310919,0.585339,0.748804,0.214098,-0.724469,0.655214,0.926007,0.364036,0.099931,-0.000143,-0.001068,-0.000795,0.040909,0.021194,-0.002307,-0.871743,0.028892,0.052467,-0.050705,-0.00915,-0.477179,-0.878757,-0.088956,-0.874922,0.476022,-0.995993,0.082527,-0.034443,-0.03473,0.0028,0.017703,-0.072266,0.104262,-0.148736,-0.152109
531,0.02593,1.9e-05,0.352657,0.099911,0.455544,-0.884615,0.080207,0.882474,0.463441,0.991648,-0.117816,0.052736,-0.070895,-0.004141,0.044684,-0.103126,0.138871,-0.189719,0.067292,-0.214084,0.006972,0.35538,0.194558,-0.641191,0.742302,-0.114931,0.736549,0.666499,-0.974308,-0.21418,0.068655,0.012714,-0.005232,-0.004654,-0.026199,0.059769,0.040238,-1.407782,0.022814,0.051201,-0.01665,-0.299647,0.596194,0.744824,0.20616,-0.72179,0.660694,0.931509,0.351528,0.093371,-0.000251,-0.00192,-0.001427,-0.003682,0.042853,0.017161,-0.872396,0.027362,0.052517,-0.049873,-0.006718,-0.484486,-0.874772,-0.076749,-0.871962,0.483519,-0.997027,0.070386,-0.031326,-0.042067,0.000618,0.024164,-0.10269,0.139461,-0.191691,-0.145741
532,0.022992,-0.0,0.354442,0.099266,0.461123,-0.881792,0.073088,0.880389,0.468557,0.992263,-0.111528,0.054792,-0.070065,-0.002256,0.046323,-0.10347,0.126264,-0.16405,0.078324,-0.214043,0.006783,0.355185,0.185358,-0.649752,0.737195,-0.105062,0.73269,0.672354,-0.977201,-0.201261,0.066599,-0.000864,-0.006665,-0.004966,-0.0044,0.020315,-0.021391,-1.407899,0.02284,0.051106,-0.016742,-0.29167,0.606022,0.740044,0.195576,-0.719555,0.666325,0.93631,0.339082,0.091349,-0.000382,-0.00295,-0.002194,0.016907,-0.015155,-0.015171,-0.872396,0.025866,0.052504,-0.048965,-0.006173,-0.490052,-0.87167,-0.070269,-0.86932,0.489228,-0.997508,0.064272,-0.02907,-0.035039,-0.001088,0.023255,-0.104876,0.126987,-0.163295,-0.130718
533,0.021597,-6e-05,0.355357,0.096066,0.464268,-0.880495,0.064456,0.879821,0.470885,0.99318,-0.102561,0.055695,-0.071721,-0.012349,0.05549,-0.124553,0.142289,-0.178579,0.082966,-0.214058,0.006687,0.355089,0.185353,-0.649741,0.737206,-0.105015,0.732711,0.672339,-0.977207,-0.201221,0.066631,-0.000825,-0.006364,-0.004746,-0.00174,0.014215,-0.025007,-1.407847,0.022832,0.051058,-0.016797,-0.291814,0.605824,0.740149,0.195412,-0.719745,0.666168,0.9363,0.339031,0.091646,-0.000377,-0.002918,-0.002176,0.000394,0.00915,-0.028372,-0.872396,0.025196,0.05248,-0.048528,-0.002828,-0.492911,-0.870074,-0.06179,-0.868329,0.492123,-0.998084,0.055154,-0.028001,-0.035152,-0.001221,0.023077,-0.061156,0.012947,0.011707,-0.124186
534,0.018916,-0.000393,0.357236,0.094967,0.468934,-0.878139,0.058085,0.878005,0.475084,0.99368,-0.096702,0.05724,-0.07113,-0.003663,0.044664,-0.103808,0.140242,-0.189289,0.090678,-0.214093,0.006578,0.354896,0.185035,-0.649409,0.737578,-0.104915,0.733094,0.671937,-0.977277,-0.200899,0.066567,-0.000518,-0.003992,-0.002983,-0.001693,0.014114,-0.025067,-1.407659,0.022814,0.050998,-0.016897,-0.291525,0.605484,0.740541,0.195403,-0.720149,0.665734,0.936392,0.338783,0.091628,-0.006842,-0.001067,-0.000413,-0.003047,0.014196,-0.02942,-0.872233,0.023857,0.052313,-0.047581,-0.001719,-0.497428,-0.867503,-0.055902,-0.8661,0.496734,-0.998434,0.049349,-0.026319,-0.029532,-0.009137,0.025734,-0.132299,0.042731,0.028657,-0.113246
535,0.016406,-0.0009,0.359069,0.093034,0.472422,-0.876474,0.04547,0.877351,0.47766,0.994522,-0.084874,0.061237,-0.060392,-0.02031,0.049238,-0.125429,0.065938,0.007811,0.096933,-0.214096,0.006456,0.354829,0.174505,-0.654895,0.73529,-0.102957,0.730418,0.675146,-0.979407,-0.192697,0.05909,-0.000258,-0.001988,-0.001487,-0.096391,0.221575,0.131362,-1.407607,0.022812,0.050935,-0.016933,-0.284576,0.610562,0.739073,0.190948,-0.7194,0.667832,0.939443,0.331174,0.088138,-0.000119,-0.000918,-0.000686,0.077791,0.040202,0.073056,-0.872723,0.022576,0.05206,-0.046646,-0.000104,-0.500792,-0.865567,-0.043529,-0.864744,0.500321,-0.999052,0.037729,-0.021709,-0.030275,-0.010252,0.024575,-0.140339,0.042762,-0.002947,-0.100509
536,0.013928,-0.001427,0.360728,0.085085,0.476714,-0.874957,0.022221,0.877008,0.479932,0.996033,-0.060865,0.06512,-0.059971,-0.011944,0.038139,-0.057418,0.015545,0.015361,0.09998,-0.214073,0.006344,0.354718,0.169754,-0.659005,0.732725,-0.098096,0.728423,0.678019,-0.980735,-0.186147,0.058065,-0.000418,-0.003221,-0.002411,-0.000723,0.001663,0.000986,-1.40804,0.022824,0.050882,-0.016986,-0.28155,0.614469,0.736991,0.184456,-0.719078,0.670001,0.941649,0.324582,0.089114,-0.000213,-0.001646,-0.00123,0.00735,-0.009547,0.013716,-0.873539,0.021337,0.051797,-0.045816,0.007989,-0.504728,-0.863241,-0.020613,-0.863168,0.504495,-0.999755,0.013764,-0.0173,-0.030084,-0.0061,0.018993,-0.066807,0.002276,0.011443,-0.094794
537,0.012706,-0.001699,0.361529,0.081224,0.479025,-0.874061,0.013826,0.876326,0.48149,0.996512,-0.051783,0.065647,-0.060293,-0.012293,0.037731,0.336539,-0.190717,-0.040712,0.1059,-0.214012,0.006301,0.354645,0.16757,-0.660493,0.731889,-0.098793,0.727298,0.679126,-0.981038,-0.185277,0.05568,0.012981,-0.003406,-0.003315,-0.032691,0.064655,0.076605,-1.407856,0.022849,0.05086,-0.017022,-0.281317,0.615216,0.736457,0.183547,-0.718784,0.670566,0.941897,0.323816,0.089285,-0.000206,-0.001598,-0.001196,0.037134,0.013879,0.028011,-0.873213,0.020749,0.051665,-0.04543,0.011766,-0.506841,-0.861959,-0.012855,-0.862024,0.506704,-0.999848,0.005119,-0.016658,-0.030745,-0.010738,0.023995,1.328752,-0.656322,-0.296423,-0.090875
538,0.010378,-0.002172,0.363179,0.076368,0.483324,-0.87213,0.002195,0.874595,0.484821,0.996995,-0.039534,0.06682,-0.058382,-0.008649,0.041184,-0.089973,0.106748,-0.13459,0.134644,-0.213867,0.006259,0.354592,0.167539,-0.660476,0.731911,-0.098774,0.727322,0.679102,-0.981045,-0.18524,0.055676,-9e-06,-7e-05,-5.3e-05,-7e-06,1.7e-05,1e-05,-1.407941,0.022926,0.050836,-0.017052,-0.281018,0.615342,0.736466,0.183574,-0.718754,0.670591,0.941981,0.323645,0.089022,0.006806,-0.005721,0.003678,-0.019646,-0.018696,0.011859,-0.874029,0.01958,0.051421,-0.044613,0.016955,-0.5108,-0.859531,-0.001185,-0.859665,0.510856,-0.999855,-0.007643,-0.015181,-0.029521,-0.004846,0.020128,-0.059357,0.015518,0.017202,-0.061319
539,0.008121,-0.002469,0.364671,0.076732,0.486723,-0.870205,-0.006165,0.872987,0.487675,0.99695,-0.032655,0.071074,-0.059216,-0.009743,0.039986,-0.061316,0.192745,-0.12744,0.15345,-0.213675,0.006255,0.35459,0.167552,-0.660513,0.731875,-0.098786,0.727284,0.679142,-0.981041,-0.185262,0.055668,2.2e-05,0.000171,0.000128,-0.0,0.0,0.0,-1.407697,0.023023,0.050836,-0.017051,-0.280718,0.615523,0.736429,0.183809,-0.718602,0.670689,0.942025,0.323637,0.088586,0.006683,-0.000225,-0.000554,-0.019811,0.017837,0.017523,-0.874682,0.018432,0.051273,-0.043847,0.016283,-0.514162,-0.857538,0.00687,-0.857574,0.514313,-0.999843,-0.014266,-0.010432,-0.029648,-0.0049,0.020009,-0.073528,0.17541,-0.133845,-0.030131
540,0.006963,-0.002576,0.365358,0.075584,0.488847,-0.869115,-0.009819,0.871924,0.489513,0.99701,-0.029068,0.071789,-0.059926,-0.010762,0.03892,-0.101789,0.127426,-0.158845,0.161591,-0.213554,0.006264,0.354577,0.167651,-0.660617,0.731758,-0.098721,0.727182,0.67926,-0.981031,-0.185289,0.055756,0.013337,-0.000664,-0.001264,0.002045,-0.015205,0.029245,-1.407683,0.023078,0.050842,-0.017056,-0.280592,0.615719,0.736313,0.183916,-0.718426,0.670848,0.942041,0.323654,0.088344,6e-06,4e-05,2.6e-05,0.000797,-0.004831,0.01555,-0.875009,0.017899,0.051226,-0.043527,0.01772,-0.516034,-0.856384,0.01037,-0.856378,0.516244,-0.999788,-0.018028,-0.009824,-0.030139,-0.005645,0.019246,-0.104576,0.041618,-0.010921,-0.017394
541,0.004779,-0.00283,0.366598,0.069985,0.493071,-0.867196,-0.02243,0.86988,0.492726,0.997221,-0.015639,0.073021,-0.059186,-0.002037,0.028148,-0.070294,0.116945,-0.171304,0.180653,-0.213295,0.006297,0.354524,0.159565,-0.664756,0.729815,-0.095777,0.725274,0.681718,-0.982661,-0.177843,0.051121,0.01333,-0.000712,-0.001302,-0.107288,0.235641,0.17808,-1.407438,0.023208,0.050859,-0.017082,-0.278176,0.618086,0.735246,0.180725,-0.718108,0.672055,0.943374,0.319827,0.088056,0.006664,-0.000362,-0.000657,0.106593,0.084985,0.15729,-0.875009,0.016785,0.051096,-0.042892,0.023349,-0.520066,-0.853806,0.022434,-0.853551,0.520524,-0.999475,-0.031308,-0.008263,-0.030258,-0.005672,0.019158,-0.103744,0.127246,-0.157256,0.005793
542,0.002628,-0.003162,0.36788,0.067324,0.496842,-0.865252,-0.029658,0.867827,0.495952,0.997219,-0.008339,0.074242,-0.058333,-0.000328,0.029706,-0.062977,0.016638,0.032988,0.226358,-0.212999,0.00635,0.354408,0.153891,-0.66759,0.728445,-0.091836,0.724271,0.683324,-0.983934,-0.171217,0.049214,0.013219,-0.001579,-0.001954,0.000873,-0.012524,0.030838,-1.407677,0.023356,0.050886,-0.017139,-0.273097,0.621667,0.734131,0.174616,-0.718428,0.673327,0.946005,0.312075,0.087647,-0.000208,0.004861,-0.00471,-0.000496,0.029641,0.012106,-0.875499,0.015706,0.050925,-0.042256,0.025934,-0.523772,-0.851463,0.029244,-0.850987,0.52437,-0.999235,-0.0385,-0.006753,-0.02338,-0.007914,0.017941,-0.102377,0.113015,-0.129214,0.05527
543,0.000702,-0.003329,0.36914,0.071447,0.50239,-0.86171,-0.027509,0.864576,0.501719,0.996988,-0.01276,0.076668,-0.056558,0.002766,0.032649,0.272144,1.077035,-2.709617,0.273442,-0.212752,0.006477,0.354175,0.150742,-0.667711,0.728993,-0.093145,0.724445,0.682963,-0.984294,-0.170015,0.046073,-0.000588,0.008376,-0.010418,-0.806201,1.06456,-2.414721,-1.407422,0.023484,0.050951,-0.017255,-0.271157,0.622111,0.734473,0.174163,-0.718754,0.673096,0.946646,0.310433,0.086546,-0.000291,0.004149,-0.005225,-0.380064,0.643408,-2.563193,-0.879418,0.01472,0.050838,-0.041617,0.02205,-0.528678,-0.848535,0.026309,-0.848141,0.529116,-0.99941,-0.033991,-0.004793,-0.028173,0.001463,0.016486,0.271802,1.08029,-2.70855,0.119606
544,-0.000154,-0.003295,0.369722,0.074675,0.508438,-0.85788,-0.027571,0.861001,0.507827,0.996746,-0.014896,0.079385,-0.040493,0.008779,0.021435,-0.005062,0.154189,-0.333158,0.294258,-0.21265,0.006552,0.354036,0.151063,-0.667987,0.728674,-0.092658,0.724218,0.683269,-0.984291,-0.169896,0.046572,-0.000581,0.008437,-0.010371,0.036219,-0.013242,0.016843,-1.407747,0.023535,0.050984,-0.017321,-0.270545,0.622049,0.734751,0.174409,-0.718915,0.672861,0.946776,0.310186,0.086008,0.006488,-0.001786,-0.00173,-0.000465,0.015549,0.043445,-0.879744,0.014307,0.050852,-0.041334,0.0186,-0.535303,-0.844455,0.025809,-0.844062,0.535622,-0.999493,-0.031758,-0.001884,-0.020876,-0.000172,0.015885,0.048019,0.406298,-0.961131,0.152428
545,-0.001731,-0.003038,0.37072,0.084725,0.524106,-0.847455,-0.031377,0.851491,0.523403,0.995817,-0.018401,0.089646,-0.039736,0.010024,0.022589,0.002907,0.056355,-0.127824,0.318338,-0.21246,0.006655,0.353852,0.147891,-0.66809,0.72923,-0.094112,0.724385,0.682894,-0.984631,-0.168785,0.043318,-7.4e-05,-0.00059,-0.000443,-0.000164,0.000373,0.000222,-1.407841,0.02363,0.051036,-0.01742,-0.268686,0.621899,0.73556,0.174314,-0.719638,0.672111,0.947323,0.308806,0.08495,-2.7e-05,-0.000246,-0.000189,0.010663,0.002523,0.015771,-0.878438,0.013504,0.050986,-0.040825,0.008215,-0.551368,-0.834221,0.02794,-0.833797,0.551363,-0.999575,-0.027838,0.008556,-0.019875,0.005033,0.01134,-0.004281,0.047038,-0.139385,0.202231
546,-0.003126,-0.002752,0.37161,0.094367,0.540289,-0.836198,-0.036513,0.841257,0.539374,0.994762,-0.021034,0.10016,-0.026193,0.004788,0.019563,0.076845,0.037011,0.332965,0.351475,-0.212315,0.006725,0.353745,0.145893,-0.6697,0.728154,-0.09456,0.723119,0.684172,-0.984884,-0.16783,0.041235,-1.3e-05,-0.000107,-8.1e-05,-0.000164,0.000373,0.000223,-1.407928,0.023702,0.051071,-0.017474,-0.267937,0.623155,0.73477,0.173205,-0.719073,0.673003,0.947738,0.307588,0.084733,0.0,-1.9e-05,-1.5e-05,0.00688,0.00324,0.008517,-0.878928,0.012827,0.051126,-0.040394,-0.001152,-0.568145,-0.822927,0.030988,-0.822553,0.567843,-0.999518,-0.024847,0.018553,-0.019742,0.005253,0.011518,0.172957,0.336067,-0.034445,0.24534
547,-0.003686,-0.002647,0.372024,0.094962,0.541795,-0.835156,-0.036855,0.840283,0.540867,0.994692,-0.021251,0.100807,-0.026054,0.005012,0.019764,-0.018627,-0.117393,0.286133,0.361392,-0.212269,0.006734,0.353698,0.144521,-0.668008,0.72998,-0.095738,0.724723,0.682308,-0.984971,-0.167656,0.039846,-0.000151,-0.001211,-0.000909,-0.023065,0.028561,-0.064916,-1.407535,0.023726,0.051078,-0.017495,-0.266659,0.621481,0.73665,0.174316,-0.720621,0.671058,0.947895,0.307354,0.083826,0.006431,0.004328,-0.00549,-0.052644,0.093001,-0.176496,-0.878928,0.012537,0.051181,-0.040179,-0.00231,-0.569341,-0.822097,0.031466,-0.821734,0.569001,-0.999501,-0.024554,0.019813,-0.012802,0.002886,0.010277,-0.038036,-0.062372,0.137179,0.265098
548,-0.004779,-0.002329,0.372784,0.104411,0.54537,-0.831695,-0.042952,0.837956,0.54402,0.993489,-0.021751,0.111956,-0.037795,0.020197,0.013214,0.072655,-0.028297,0.314846,0.372809,-0.212194,0.006719,0.353645,0.14064,-0.668928,0.729896,-0.091342,0.725212,0.682392,-0.985945,-0.161802,0.039955,-0.000107,-0.000859,-0.000645,0.000265,0.000247,1.4e-05,-1.40742,0.023763,0.051069,-0.017522,-0.262682,0.623115,0.736698,0.169987,-0.721683,0.671027,0.94979,0.301497,0.083652,-6.4e-05,-0.000525,-0.000391,0.007715,-0.001678,0.014251,-0.878928,0.012006,0.051334,-0.039802,-0.011984,-0.573318,-0.819244,0.037259,-0.81899,0.572595,-0.999233,-0.023663,0.031176,-0.013058,0.002481,0.009856,0.049342,-0.002795,0.353426,0.291388
549,-0.005717,-0.002139,0.373378,0.111007,0.541401,-0.833431,-0.04671,0.840527,0.539726,0.992595,-0.021652,0.119635,-0.025581,0.012869,0.008194,0.085317,0.076257,0.180426,0.380189,-0.212118,0.006696,0.353598,0.138324,-0.670245,0.729129,-0.092156,0.724201,0.683355,-0.986194,-0.160877,0.03747,-0.000175,-0.001412,-0.001061,-0.000164,0.000373,0.000223,-1.407481,0.023801,0.051059,-0.017545,-0.262101,0.623865,0.736271,0.168979,-0.721487,0.671492,0.95013,0.300413,0.083682,-9.3e-05,-0.000757,-0.000569,0.004774,-0.000867,0.000574,-0.875499,0.011523,0.051435,-0.039494,-0.018357,-0.569492,-0.821791,0.041328,-0.821659,0.568478,-0.998976,-0.023528,0.038619,-0.006967,-0.001208,0.007328,0.066751,0.092878,0.233623,0.306411
550,-0.006482,-0.001993,0.373898,0.11665,0.541164,-0.832814,-0.049413,0.84066,0.539278,0.99181,-0.022423,0.125845,-0.013627,-0.001964,0.015051,0.11461,0.286019,0.069527,0.378785,-0.212026,0.006651,0.353533,0.137028,-0.668621,0.730864,-0.09335,0.725723,0.681576,-0.986261,-0.160782,0.03609,-0.000158,-0.001276,-0.000959,-0.0,0.0,0.0,-1.407572,0.023848,0.051037,-0.017577,-0.260904,0.622178,0.738121,0.17009,-0.723014,0.669566,0.950262,0.300239,0.082811,-0.000115,-0.000936,-0.000706,0.005117,-0.003656,0.005557,-0.870274,0.011139,0.051508,-0.039241,-0.022829,-0.56995,-0.821361,0.043359,-0.821366,0.568749,-0.998798,-0.022629,0.043464,-0.013215,0.00224,0.009588,0.266021,0.516898,0.17836,0.313596
551,-0.006798,-0.001878,0.374128,0.120901,0.544419,-0.830082,-0.051584,0.838529,0.542383,0.991185,-0.023427,0.1305,-0.011469,0.008462,0.00607,0.078222,0.147702,0.03001,0.374495,-0.211978,0.006636,0.353506,0.137069,-0.668663,0.730817,-0.09331,0.725684,0.681623,-0.986259,-0.160783,0.036137,-0.000119,-0.000965,-0.000726,-0.0,0.0,0.0,-1.407457,0.023866,0.051028,-0.017591,-0.260873,0.622257,0.738065,0.170064,-0.72296,0.669631,0.950274,0.300207,0.082777,-8.5e-05,-0.000689,-0.000523,0.003779,-0.002374,0.003284,-0.870437,0.01098,0.051564,-0.039128,-0.028105,-0.57292,-0.819128,0.045791,-0.81933,0.57149,-0.998555,-0.021447,0.049261,-0.013371,0.002001,0.009343,0.087884,0.255248,0.023509,0.311473
552,-0.007452,-0.00172,0.374574,0.125652,0.554796,-0.822471,-0.053513,0.831623,0.55273,0.990486,-0.026124,0.135212,-0.012714,0.006548,0.004181,-0.000964,0.014748,-0.029538,0.357519,-0.211915,0.0066,0.35345,0.132968,-0.669328,0.730966,-0.089001,0.726371,0.681467,-0.987213,-0.154831,0.036074,-0.00023,-0.001866,-0.001405,-0.001691,0.014184,-0.025027,-1.407444,0.023903,0.051012,-0.017618,-0.25689,0.623654,0.738284,0.165878,-0.724131,0.669416,0.952098,0.294431,0.082571,-3.6e-05,-0.000294,-0.000223,0.002286,-0.001751,0.005014,-0.870927,0.010651,0.051647,-0.038894,-0.0331,-0.583244,-0.811622,0.046519,-0.812086,0.58168,-0.998368,-0.018502,0.054012,-0.007248,-0.001628,0.006894,-0.036181,0.032901,-0.038064,0.294001
553,-0.008176,-0.001725,0.374963,0.12697,0.556443,-0.821155,-0.052867,0.830473,0.554519,0.990351,-0.027681,0.135889,-0.027154,0.010486,0.005778,-0.001969,0.029429,-0.059106,0.341735,-0.211866,0.006615,0.353421,0.132803,-0.669162,0.731149,-0.088975,0.726555,0.681275,-0.987237,-0.154689,0.03601,-0.000286,0.010876,-0.008534,0.036231,-0.013218,0.016852,-1.407311,0.023927,0.051012,-0.017632,-0.256609,0.623545,0.738473,0.165958,-0.724283,0.669232,0.95216,0.294287,0.082375,5e-06,3.6e-05,2.7e-05,0.000937,-0.000559,0.004461,-0.867171,0.010294,0.051643,-0.038701,-0.034383,-0.58486,-0.810404,0.04566,-0.810957,0.583321,-0.998364,-0.016947,0.054588,-0.007899,-0.002612,0.005923,-0.033275,0.037669,-0.042872,0.272936
554,-0.008552,-0.001748,0.375185,0.127669,0.557255,-0.820495,-0.052462,0.829899,0.555415,0.990281,-0.028552,0.136213,-0.015253,-0.004398,0.012629,-0.033443,0.037954,-0.042907,0.334056,-0.211837,0.00663,0.353405,0.13278,-0.669137,0.731175,-0.088931,0.726588,0.681245,-0.987244,-0.15464,0.03603,-0.0,-0.0,-0.0,-0.0,0.0,0.0,-1.407406,0.023942,0.051024,-0.017643,-0.256484,0.623586,0.738481,0.166011,-0.724264,0.669239,0.952184,0.294245,0.08224,3e-06,2.1e-05,1.4e-05,0.001357,-0.001067,0.006568,-0.867824,0.0101,0.051634,-0.038595,-0.035085,-0.585695,-0.809771,0.045186,-0.810371,0.584171,-0.998361,-0.016094,0.054897,-0.00765,-0.002224,0.006302,-0.033266,0.037789,-0.042922,0.262649
555,-0.009226,-0.001896,0.375773,0.1296,0.551011,-0.8244,-0.044445,0.833803,0.550244,0.990421,-0.035351,0.133581,-0.014519,-0.00326,0.013738,-0.033453,0.037903,-0.042731,0.328652,-0.211778,0.006653,0.353368,0.125445,-0.669781,0.73188,-0.086563,0.727404,0.680679,-0.988404,-0.147902,0.032331,-0.0,-1e-06,-1e-06,-0.001599,0.003629,0.002168,-1.40738,0.023971,0.051036,-0.017661,-0.251323,0.624137,0.73979,0.161925,-0.726439,0.667882,0.954262,0.287645,0.081507,2e-06,1.2e-05,8e-06,0.001976,-0.000938,0.007612,-0.867334,0.009762,0.051559,-0.038302,-0.036957,-0.579593,-0.814067,0.037782,-0.814851,0.578436,-0.998602,-0.00938,0.052012,-0.008069,-0.006394,0.01181,-0.064173,0.063749,-0.064494,0.248279
556,-0.009899,-0.002186,0.376512,0.124949,0.53733,-0.834093,-0.038907,0.842685,0.536973,0.991257,-0.035305,0.127242,-0.016636,-0.013526,0.022864,-0.31581,-0.930197,2.51126,0.328378,-0.211701,0.006675,0.353318,0.121528,-0.670558,0.73183,-0.082111,0.727875,0.680727,-0.989268,-0.141978,0.032458,-8e-06,-6.5e-05,-4.9e-05,-0.0,1e-06,0.0,-1.407477,0.024005,0.051047,-0.017686,-0.247426,0.625659,0.739818,0.157756,-0.727356,0.66788,0.955976,0.281962,0.081265,-3e-06,-3.2e-05,-2.5e-05,0.001305,-0.001602,0.006915,-0.863252,0.009428,0.051419,-0.037934,-0.033109,-0.568235,-0.822199,0.034142,-0.822813,0.567284,-0.998868,-0.009289,0.046643,-0.008313,-0.006738,0.011467,-0.055939,-0.020328,0.113028,0.242238
557,-0.010298,-0.00239,0.37696,0.123282,0.531948,-0.837782,-0.036466,0.846077,0.531785,0.99156,-0.035665,0.124752,-0.016126,-0.012736,0.023636,-0.058422,-0.025792,0.129814,0.34122,-0.211662,0.006683,0.353296,0.12159,-0.670618,0.731764,-0.082041,0.727821,0.680794,-0.989266,-0.141971,0.032538,-7e-06,-5.5e-05,-4.2e-05,-0.0,0.0,0.0,-1.407438,0.024029,0.051051,-0.017697,-0.24738,0.625786,0.739725,0.157787,-0.727244,0.667995,0.955984,0.281968,0.081166,0.006668,-0.000347,-0.000653,-0.018596,0.019654,0.014225,-0.864069,0.009227,0.051315,-0.037713,-0.030478,-0.560697,-0.827459,0.031929,-0.827968,0.559865,-0.999024,-0.009356,0.043137,-0.014693,-0.003458,0.013539,-0.057393,-0.025173,0.128882,0.245993
558,-0.01108,-0.002864,0.378037,0.121401,0.524458,-0.842764,-0.032299,0.850678,0.524668,0.99194,-0.037121,0.121266,-0.015217,-0.011331,0.025009,-0.057559,-0.022919,0.123789,0.36375,-0.211574,0.00668,0.353264,0.118145,-0.670397,0.732531,-0.084054,0.728198,0.680144,-0.98951,-0.141087,0.028743,-3e-06,-2.5e-05,-1.9e-05,-0.001156,0.002621,0.001566,-1.407373,0.024073,0.051049,-0.017713,-0.24599,0.624871,0.740961,0.157983,-0.72838,0.66671,0.95631,0.281064,0.080455,1e-06,6e-06,5e-06,0.000863,0.000479,0.001019,-0.864722,0.008835,0.051077,-0.037176,-0.028562,-0.55333,-0.832471,0.028592,-0.832923,0.552649,-0.999182,-0.008017,0.039611,-0.014128,-0.002574,0.0144,-0.056216,-0.018674,0.114704,0.275876
559,-0.011996,-0.00337,0.379233,0.124404,0.519841,-0.845183,-0.023536,0.853103,0.521185,0.99181,-0.045586,0.11942,-0.029197,-0.006543,0.027385,-0.066921,0.075924,-0.085795,0.37562,-0.211526,0.006687,0.353241,0.110272,-0.671825,0.73245,-0.075351,0.729072,0.680228,-0.991109,-0.129359,0.028833,-0.0,-1e-06,-1e-06,7e-06,7e-06,1e-06,-1.407683,0.024097,0.051053,-0.017725,-0.238375,0.627604,0.74114,0.149542,-0.730318,0.666537,0.95959,0.269717,0.080236,0.0,1.3e-05,1.1e-05,0.001813,-0.003459,0.013803,-0.865865,0.008384,0.050825,-0.036575,-0.031503,-0.548803,-0.835357,0.020255,-0.835951,0.548429,-0.999298,0.000357,0.037451,-0.008736,-0.010846,0.01704,-0.088587,0.002521,0.105836,0.29596
560,-0.013006,-0.003947,0.380535,0.128914,0.502829,-0.854745,-0.00132,0.862018,0.506847,0.991507,-0.064831,0.112858,-0.030596,-0.015628,0.037664,-0.161454,-0.274215,0.854741,0.400654,-0.211435,0.006698,0.353231,0.110246,-0.671806,0.732471,-0.07533,0.729095,0.680205,-0.991113,-0.129325,0.028832,2e-06,1.7e-05,1.3e-05,-0.0,0.0,0.0,-1.407369,0.024143,0.051059,-0.017729,-0.238131,0.627698,0.741139,0.149609,-0.730276,0.666567,0.95964,0.269612,0.079992,1e-06,7e-06,4e-06,0.001282,-0.004309,0.01464,-0.867987,0.007879,0.050539,-0.03593,-0.036352,-0.533046,-0.845305,-0.000196,-0.84586,0.533404,-0.999339,0.019556,0.030644,-0.008454,-0.010483,0.017434,-0.332121,-0.878063,2.497897,0.320291
561,-0.01339,-0.004179,0.381153,0.129861,0.495967,-0.858603,0.006622,0.865477,0.500877,0.991362,-0.071341,0.11018,-0.029271,-0.013632,0.039611,-0.09944,0.098889,-0.09859,0.408361,-0.211365,0.006703,0.353218,0.109122,-0.670268,0.734046,-0.076464,0.730508,0.678561,-0.99115,-0.129334,0.027521,0.013046,0.010231,-0.009798,0.038279,-0.028394,0.046112,-1.407182,0.024178,0.051061,-0.017736,-0.237145,0.626099,0.742807,0.150724,-0.731647,0.664812,0.95971,0.269615,0.079138,0.006522,0.005113,-0.004902,-0.036591,0.035762,0.02881,-0.868151,0.007685,0.050419,-0.035624,-0.036917,-0.52552,-0.84998,-0.007571,-0.850388,0.526101,-0.999289,0.025857,0.027415,-0.006823,-0.004413,0.013735,-0.052715,-0.030233,0.139355,0.338089
562,-0.014018,-0.004428,0.382324,0.129833,0.486422,-0.86405,0.015837,0.870292,0.492254,0.991261,-0.078194,0.106368,-0.010832,0.002361,0.019173,-0.151645,0.017198,0.180006,0.408908,-0.211185,0.006694,0.353201,0.109273,-0.670445,0.733862,-0.076416,0.730332,0.678755,-0.991137,-0.129408,0.027631,0.013339,-0.000648,-0.00127,0.002045,-0.015205,0.029245,-1.407257,0.024263,0.051057,-0.017744,-0.237107,0.626528,0.742456,0.150817,-0.731245,0.665232,0.959705,0.269706,0.078892,-1e-06,1e-06,-5e-06,0.000387,-0.003796,0.010974,-0.869457,0.007369,0.050291,-0.035042,-0.036728,-0.516423,-0.855545,-0.015335,-0.855731,0.517194,-0.999207,0.032116,0.02351,-0.006393,-0.003778,0.014341,-1.505361,0.799988,0.313067,0.353275
563,-0.014542,-0.004462,0.383239,0.138325,0.482031,-0.865192,0.033191,0.870837,0.490421,0.989672,-0.097148,0.10554,-0.011073,0.001999,0.018797,-0.032102,0.026076,-0.016674,0.399301,-0.211045,0.006672,0.353188,0.101401,-0.671791,0.733761,-0.067762,0.731086,0.678863,-0.992592,-0.117718,0.027669,-0.0,-1e-06,-1e-06,0.009854,0.009117,0.000372,-1.407402,0.024338,0.051046,-0.017751,-0.229366,0.62915,0.742671,0.142496,-0.733087,0.665039,0.962853,0.258365,0.078494,-1e-06,6e-06,3e-06,0.01196,0.002682,0.022464,-0.869784,0.007104,0.050275,-0.03457,-0.045546,-0.512331,-0.857579,-0.032966,-0.857231,0.513874,-0.998417,0.051676,0.022154,-0.012281,0.003788,0.010971,-0.03333,0.052958,-0.073703,0.350663
564,-0.014816,-0.004383,0.383605,0.144501,0.480556,-0.865003,0.044026,0.870184,0.490728,0.988359,-0.109586,0.105666,-0.011302,0.001657,0.018452,-0.463696,0.282028,0.009664,0.396031,-0.210998,0.00668,0.353154,0.101473,-0.671864,0.733685,-0.067665,0.731023,0.678941,-0.992592,-0.117698,0.027775,-8.1e-05,-0.000675,-0.000508,0.0,0.0,0.0,-1.407369,0.024362,0.051051,-0.017767,-0.22936,0.629349,0.742504,0.142507,-0.732907,0.665235,0.962852,0.25839,0.078414,0.006616,-0.00076,-0.000965,-0.017718,0.016738,0.017162,-0.870763,0.006968,0.050315,-0.034386,-0.051512,-0.511193,-0.85792,-0.043356,-0.857106,0.51331,-0.99773,0.063637,0.021988,-0.00446,0.006138,0.004825,-1.449738,0.821014,0.185447,0.343804
565,-0.015244,-0.003908,0.384161,0.148347,0.480922,-0.864148,0.049334,0.869124,0.492099,0.987533,-0.116226,0.106286,-0.007322,0.014547,0.011819,0.000417,0.002862,-0.003322,0.391952,-0.210957,0.006743,0.353023,0.100232,-0.670127,0.735442,-0.068486,0.732665,0.677086,-0.99266,-0.117394,0.026598,-0.00037,0.010284,-0.008976,0.036238,-0.013165,0.016878,-1.40737,0.024382,0.051077,-0.017831,-0.228212,0.627666,0.74428,0.143642,-0.734381,0.663362,0.962956,0.258297,0.077436,-4e-05,-0.000346,-0.000261,0.002782,-0.002629,0.007704,-0.876968,0.006749,0.050544,-0.03411,-0.05568,-0.511685,-0.857367,-0.049267,-0.856245,0.514215,-0.997232,0.070872,0.022466,-0.003511,0.007511,0.00615,0.001192,0.002488,-0.003472,0.33711
566,-0.015504,-0.00329,0.384586,0.151432,0.480469,-0.863865,0.054264,0.86858,0.492542,0.986803,-0.122055,0.106538,-0.007152,0.014754,0.01198,0.000417,0.002858,-0.003324,0.389421,-0.210968,0.006811,0.352873,0.098036,-0.671465,0.734517,-0.068965,0.731615,0.678172,-0.992844,-0.116301,0.024474,-0.000571,0.008617,-0.010231,0.033835,0.002654,-0.00717,-1.407174,0.024377,0.051114,-0.017903,-0.227717,0.628536,0.743698,0.142651,-0.733989,0.66401,0.963221,0.257296,0.077481,-5.9e-05,-0.000509,-0.000383,0.003644,-0.000759,0.002038,-0.877458,0.00662,0.050855,-0.033895,-0.058787,-0.511372,-0.857346,-0.054224,-0.855928,0.514244,-0.996796,0.076719,0.022589,-0.003511,0.007482,0.006096,0.002442,-0.009327,0.02285,0.331231
567,-0.015763,-0.002754,0.384953,0.154585,0.480091,-0.863517,0.059202,0.867945,0.49309,0.986026,-0.127938,0.106828,-0.00718,0.021736,-0.000375,0.031428,-0.008629,-0.016267,0.382029,-0.210965,0.006835,0.352777,0.094084,-0.672034,0.734513,-0.064396,0.732033,0.67817,-0.993528,-0.110263,0.024654,-0.000215,-0.001783,-0.001345,-0.001689,0.014226,-0.025003,-1.407591,0.024378,0.051129,-0.017955,-0.223981,0.629798,0.743765,0.138528,-0.734832,0.663951,0.964697,0.251745,0.077344,-1.9e-05,-0.000178,-0.000133,0.004922,0.001406,0.005307,-0.877785,0.006494,0.051125,-0.033703,-0.061973,-0.511126,-0.857268,-0.059228,-0.855522,0.514366,-0.996318,0.082652,0.022746,-0.004107,0.006591,0.005221,0.000939,0.002577,-0.003378,0.327312
568,-0.015873,-0.00255,0.385103,0.15236,0.481397,-0.863185,0.060387,0.867209,0.49424,0.986303,-0.128021,0.104137,-0.009619,0.011097,0.008414,-0.17235,-0.292068,-0.12726,0.366853,-0.210977,0.006845,0.35276,0.094081,-0.672023,0.734524,-0.064346,0.73205,0.678157,-0.993531,-0.110224,0.024687,-3.6e-05,-0.000301,-0.000227,-0.0,0.0,0.0,-1.407243,0.024372,0.051131,-0.017966,-0.223924,0.629818,0.743765,0.138441,-0.73485,0.663949,0.964723,0.251642,0.077358,-1.5e-05,-0.000138,-0.000102,0.003938,0.001935,0.002181,-0.875336,0.006439,0.05123,-0.033632,-0.06125,-0.511623,-0.857024,-0.059622,-0.855227,0.514811,-0.996339,0.08263,0.021879,-0.004737,0.005661,0.004321,-0.361489,-0.607522,-0.260639,0.317678
569,-0.015786,-0.002418,0.385215,0.149746,0.482113,-0.863243,0.061654,0.86683,0.49475,0.986628,-0.127904,0.101159,0.001738,0.002542,0.002442,-0.012856,-0.021979,-0.009238,0.338848,-0.210978,0.006854,0.352742,0.094009,-0.67194,0.734609,-0.064314,0.732137,0.678066,-0.99354,-0.110148,0.024669,-2.4e-05,-0.000199,-0.00015,-0.0,0.0,0.0,-1.407526,0.024371,0.051136,-0.017974,-0.223752,0.629802,0.74383,0.138359,-0.734926,0.663882,0.964774,0.251461,0.077303,-8e-06,-8.4e-05,-5.9e-05,0.002652,0.001866,0.000162,-0.8706,0.00648,0.051301,-0.033571,-0.056764,-0.513054,-0.856477,-0.061991,-0.854393,0.515914,-0.99646,0.08238,0.016694,0.000913,0.00134,0.001288,0.005832,-0.006318,0.028759,0.279958
570,-0.015528,-0.002326,0.385136,0.144516,0.483842,-0.863167,0.063884,0.865936,0.496029,0.987272,-0.127423,0.09531,0.001242,0.001818,0.001745,-0.104549,-0.193381,-0.05017,0.30469,-0.210988,0.006846,0.35275,0.093822,-0.671744,0.734812,-0.064387,0.732329,0.677851,-0.993553,-0.110069,0.024514,-0.0,-0.0,-0.0,-0.0,0.0,0.0,-1.407476,0.024366,0.051133,-0.01797,-0.223559,0.629613,0.744048,0.138328,-0.735148,0.663643,0.964824,0.251287,0.077255,2e-06,1e-05,1e-05,0.001611,0.00147,0.000288,-0.869784,0.006606,0.051341,-0.03361,-0.05236,-0.51416,-0.856094,-0.063879,-0.85379,0.516683,-0.996582,0.08174,0.01186,0.006858,-0.002543,-0.001321,-0.194402,-0.346656,-0.110493,0.241095
571,-0.015096,-0.002275,0.384836,0.141117,0.484002,-0.86364,0.064578,0.866005,0.495818,0.987723,-0.126338,0.092031,0.014985,0.003844,-0.013084,0.004634,-0.087506,0.021973,0.258231,-0.211016,0.006854,0.352769,0.089818,-0.67226,0.73484,-0.060082,0.732722,0.677822,-0.994187,-0.10419,0.024477,6e-06,4.9e-05,3.7e-05,0.0,0.0,0.0,-1.407431,0.024352,0.051137,-0.01796,-0.219715,0.630761,0.744221,0.133972,-0.736126,0.663452,0.96632,0.245476,0.077234,2e-06,2.1e-05,1.7e-05,0.001678,-0.000755,0.006491,-0.868641,0.006818,0.05137,-0.033757,-0.048115,-0.514541,-0.856114,-0.065013,-0.853676,0.516729,-0.996723,0.080521,0.007622,0.006577,-0.002956,-0.001723,-0.017746,-0.048312,0.015488,0.177411
572,-0.014875,-0.002255,0.384689,0.140749,0.483759,-0.863836,0.064287,0.866209,0.495501,0.987795,-0.125871,0.091898,0.01324,-0.005771,-0.003303,0.000564,-0.015437,0.029248,0.245125,-0.211036,0.006863,0.352765,0.089804,-0.672239,0.734861,-0.060061,0.732745,0.677799,-0.99419,-0.104164,0.024484,0.0,1e-06,1e-06,-0.0,0.0,0.0,-1.407186,0.024342,0.051141,-0.017962,-0.219717,0.63077,0.744212,0.133927,-0.736128,0.663458,0.966326,0.245444,0.077263,-2e-06,-6e-06,-6e-06,0.001093,0.000321,0.001736,-0.868641,0.006929,0.051383,-0.033835,-0.047894,-0.5142,-0.856331,-0.064554,-0.853929,0.516369,-0.996763,0.080011,0.007704,0.000854,0.004777,-0.004928,0.038043,-0.014241,0.017201,0.149978
573,-0.014664,-0.001997,0.384334,0.140182,0.483849,-0.863878,0.063257,0.866328,0.495425,0.987943,-0.124693,0.091916,0.001751,0.009635,-0.009764,0.032411,-0.023343,0.013289,0.231583,-0.211087,0.00689,0.352751,0.089772,-0.672189,0.734911,-0.059994,0.732801,0.677744,-0.994197,-0.104092,0.024514,0.0,0.0,0.0,-0.0,0.0,0.0,-1.407355,0.024317,0.051155,-0.017969,-0.219686,0.630726,0.744259,0.133868,-0.73619,0.663402,0.966341,0.245372,0.077296,-2e-06,-2e-06,-5e-06,0.001113,0.00027,0.001984,-0.861129,0.007038,0.051509,-0.034015,-0.047397,-0.514207,-0.856355,-0.063462,-0.854036,0.516327,-0.996857,0.078818,0.007846,0.000869,0.004797,-0.004906,0.032564,-0.023184,0.013381,0.114218
574,-0.014595,-0.001676,0.384002,0.137122,0.484831,-0.863818,0.063467,0.865958,0.496046,0.988362,-0.12344,0.089051,0.000291,0.000428,0.000411,-0.017608,-0.030322,-0.012909,0.234236,-0.211168,0.006895,0.352747,0.089589,-0.671978,0.735125,-0.060017,0.733011,0.677515,-0.994212,-0.103977,0.024395,-5.4e-05,-0.000448,-0.000338,-0.0,0.0,0.0,-1.407277,0.024276,0.051158,-0.017971,-0.219592,0.630484,0.744492,0.133772,-0.736451,0.663131,0.966376,0.245211,0.077378,-3.7e-05,-0.000297,-0.000227,0.001582,-0.000868,0.000958,-0.861456,0.007071,0.051664,-0.034179,-0.044065,-0.515166,-0.855956,-0.063922,-0.853579,0.517026,-0.996981,0.077497,0.004683,0.001111,0.005155,-0.00456,0.024011,-0.039094,0.006718,0.106543
575,-0.014522,-0.001545,0.383864,0.134402,0.485787,-0.863709,0.064288,0.8655,0.496737,0.988686,-0.122887,0.086174,0.00206,0.01009,-0.009325,-0.022786,-0.118477,-0.02728,0.239913,-0.211228,0.006906,0.352746,0.089523,-0.671897,0.735208,-0.06001,0.733093,0.677427,-0.994218,-0.103925,0.024364,-1e-06,-7e-06,-5e-06,-0.0,0.0,0.0,-1.407126,0.024246,0.051162,-0.017972,-0.219598,0.630366,0.74459,0.133714,-0.73657,0.663011,0.966383,0.245159,0.077461,-0.0,3e-06,3e-06,0.000759,-3.2e-05,0.002007,-0.860966,0.007108,0.05173,-0.034247,-0.041451,-0.515927,-0.855629,-0.064744,-0.853178,0.517585,-0.99704,0.076851,0.001962,0.000196,0.000281,0.000266,-0.060895,-0.105456,-0.044947,0.108503
576,-0.01431,-0.00128,0.383556,0.121756,0.490876,-0.862706,0.06964,0.862801,0.500697,0.989976,-0.121647,0.071944,0.001862,0.009801,-0.009602,-0.312977,-0.620317,-0.242213,0.24667,-0.21134,0.006929,0.352732,0.089404,-0.671746,0.735361,-0.059967,0.733248,0.677263,-0.994231,-0.103807,0.024329,-0.000123,-0.00101,-0.000762,-0.0,0.0,0.0,-1.407468,0.024191,0.051177,-0.017977,-0.219603,0.630182,0.744744,0.133614,-0.736758,0.662823,0.966395,0.245066,0.077593,-8.2e-05,-0.000682,-0.000513,0.002817,-0.001593,-0.000888,-0.859823,0.00721,0.051862,-0.034395,-0.03069,-0.519506,-0.853915,-0.069413,-0.851147,0.520316,-0.997115,0.075241,-0.009939,0.000937,0.004903,-0.0048,-0.034149,-0.140508,-0.036657,0.11879
577,-0.014014,-0.001057,0.383155,0.103343,0.496667,-0.861794,0.077555,0.859766,0.504738,0.991503,-0.119609,0.051409,0.012438,-0.006909,-0.004406,-0.375341,-0.656247,-0.277558,0.248641,-0.211434,0.006977,0.352674,0.08934,-0.67164,0.735465,-0.059782,0.733372,0.677146,-0.994248,-0.103623,0.024423,-0.000423,0.009795,-0.00934,0.036231,-0.013223,0.016848,-1.407197,0.024144,0.051197,-0.018003,-0.219567,0.630067,0.744852,0.133531,-0.736889,0.662694,0.966415,0.244967,0.077663,-9.1e-05,-0.00075,-0.000565,0.004856,0.00965,-0.026924,-0.859986,0.00736,0.05198,-0.034597,-0.012401,-0.524372,-0.851399,-0.077623,-0.84839,0.523649,-0.996905,0.072582,-0.030183,0.007487,0.001935,-0.006538,-0.155868,-0.368424,-0.099184,0.125322
578,-0.013792,-0.001013,0.382974,0.091735,0.498533,-0.86203,0.075973,0.859648,0.505179,0.992781,-0.112448,0.042062,-1.3e-05,-2e-05,-1.9e-05,-0.200129,-0.351423,-0.151367,0.24714,-0.211487,0.007007,0.352636,0.089307,-0.671582,0.735523,-0.059664,0.733441,0.677081,-0.994258,-0.103512,0.024487,-0.00019,-0.001561,-0.001178,-0.001686,0.014242,-0.024995,-1.407116,0.024117,0.051215,-0.018025,-0.219505,0.630013,0.744916,0.133493,-0.736961,0.662621,0.966434,0.24489,0.077664,-9.3e-05,-0.000762,-0.000572,0.005878,0.008661,-0.022022,-0.85917,0.007474,0.052,-0.034695,0.001806,-0.526679,-0.850061,-0.077482,-0.847581,0.524978,-0.996991,0.064916,-0.042339,1e-06,-1.1e-05,-1.5e-05,-0.18772,-0.330275,-0.140879,0.125158
