frame,MLTx,MLTy,MLTz,MLTR1,MLTR2,MLTR3,MLTR4,MLTR5,MLTR6,MLTR7,MLTR8,MLTR9,MLTTVx,MLTTVy,MLTTVz,MLTRVx,MLTRVy,MLTRVz,MLGA,MRTx,MRTy,MRTz,MRTR1,MRTR2,MRTR3,MRTR4,MRTR5,MRTR6,MRTR7,MRTR8,MRTR9,MRTTVx,MRTTVy,MRTTVz,MRTRVx,MRTRVy,MRTRVz,MRGA,SLTx,SLTy,SLTz,SLTR1,SLTR2,SLTR3,SLTR4,SLTR5,SLTR6,SLTR7,SLTR8,SLTR9,SLTTVx,SLTTVy,SLTTVz,SLTRVx,SLTRVy,SLTRVz,SLGA,SRTx,SRTy,SRTz,SRTR1,SRTR2,SRTR3,SRTR4,SRTR5,SRTR6,SRTR7,SRTR8,SRTR9,SRTTVx,SRTTVy,SRTTVz,SRTRVx,SRTRVy,SRTRVz,SRGA
186,0.058791,0.02418,0.333772,0.137114,0.64232,-0.754102,-0.907811,-0.223041,-0.355111,-0.39647,0.732475,0.553461,-0.015615,-0.009387,0.008588,0.043953,0.131649,0.084621,0.483427,-0.109665,0.04711,0.3096,-0.497572,0.331342,0.80164,-0.84758,0.011003,-0.530491,-0.183943,-0.943801,0.27435,-0.000162,0.000767,0.00067,-0.031287,-0.549361,-0.417955,-1.365998,0.034893,0.039605,-0.028757,0.57705,-0.392988,0.715941,0.782216,0.013878,-0.622851,0.234837,0.919438,0.31541,0.007331,-0.004262,0.004,-0.025263,-0.052129,-0.007863,-0.772489,0.067187,0.033304,-0.074986,0.238574,0.618658,-0.74856,-0.92898,-0.079222,-0.36155,-0.282979,0.781655,0.555821,-0.014483,-0.003073,0.005262,0.607622,-0.194832,0.590222,0.475483
187,0.058465,0.023977,0.334042,0.139585,0.644188,-0.752053,-0.909236,-0.217341,-0.354999,-0.39232,0.732546,0.556317,-0.01403,-0.005625,0.011998,-0.012259,0.119321,0.044308,0.476295,-0.109456,0.047044,0.309684,-0.501426,0.333028,0.798534,-0.846094,0.004333,-0.532954,-0.180293,-0.943264,0.278589,0.001952,-0.011387,0.007267,-0.054548,-0.242621,-0.211391,-1.365268,0.034998,0.039573,-0.028714,0.58117,-0.396265,0.710785,0.779828,0.021523,-0.625623,0.232614,0.917884,0.321527,0.00098,-0.005724,0.003596,-0.052788,-0.239633,-0.207618,-0.774448,0.06701,0.033188,-0.074844,0.241524,0.620494,-0.746091,-0.929383,-0.073244,-0.361774,-0.279125,0.780782,0.558987,-0.006912,-0.002547,0.00625,-0.015216,0.099127,0.026968,0.469605
188,0.057743,0.023944,0.334661,0.150334,0.650873,-0.744184,-0.912015,-0.199175,-0.358509,-0.381762,0.731795,0.564589,-0.011764,-0.000295,0.016811,0.08072,0.525324,0.30522,0.465263,-0.109189,0.04688,0.309793,-0.508254,0.337263,0.792416,-0.841089,0.003515,-0.540824,-0.18452,-0.941765,0.280879,0.002223,-0.01264,0.006175,0.428576,0.348634,-0.619197,-1.365352,0.03513,0.039496,-0.028662,0.586648,-0.400925,0.703635,0.774314,0.023167,-0.632376,0.237234,0.915817,0.324033,0.000105,-0.000554,-0.000505,1.56801,1.298031,-1.86516,-0.774122,0.066663,0.033171,-0.074548,0.252461,0.623478,-0.739958,-0.92982,-0.055301,-0.363835,-0.267763,0.779882,0.565761,-0.011618,0.007302,0.005589,0.022758,0.103684,0.017567,0.453112
189,0.05696,0.02434,0.335262,0.162292,0.656826,-0.736401,-0.914044,-0.180998,-0.362954,-0.371895,0.731191,0.571909,-0.010887,0.001713,0.018591,0.016211,0.240921,0.122189,0.464936,-0.108996,0.046588,0.309867,-0.516865,0.338619,0.786243,-0.836103,-0.002298,-0.548507,-0.183253,-0.941284,0.283314,0.013442,-0.00044,-0.002144,-0.004369,-0.127742,-0.098516,-1.367275,0.035222,0.039347,-0.02862,0.594964,-0.40113,0.696499,0.768285,0.029255,-0.639437,0.236122,0.915554,0.325588,0.001231,-0.006876,0.002597,-0.037429,-0.140109,-0.146794,-0.775918,0.066264,0.033375,-0.074236,0.265872,0.629288,-0.730279,-0.928531,-0.036452,-0.369461,-0.259117,0.776317,0.574621,-0.011086,0.008491,0.00664,0.058739,0.273059,0.130567,0.446417
190,0.056587,0.024522,0.335596,0.168618,0.659947,-0.732177,-0.916404,-0.168519,-0.363012,-0.363172,0.731361,0.577273,-0.010958,0.001526,0.018403,-1.1989,-0.366958,1.075186,0.466675,-0.10891,0.046447,0.309891,-0.519637,0.339685,0.783953,-0.834018,-0.002315,-0.551673,-0.184901,-0.940901,0.283514,0.000384,-0.001801,-0.001576,-0.001534,-0.026988,-0.020353,-1.368607,0.03527,0.039279,-0.028614,0.597605,-0.402315,0.693548,0.765666,0.02964,-0.642554,0.237952,0.915021,0.325752,0.000281,-0.001317,-0.001157,0.005832,-0.003235,0.015136,-0.777714,0.066079,0.033469,-0.074066,0.271407,0.631825,-0.72604,-0.928928,-0.025435,-0.369384,-0.251853,0.774693,0.580017,-0.011994,0.002552,0.010451,-4.011922,-1.715869,3.31663,0.446091
191,0.055971,0.024564,0.336325,0.176231,0.662555,-0.728017,-0.918074,-0.156074,-0.364351,-0.355254,0.731761,0.581676,-0.01195,-0.000792,0.016297,-0.025547,0.073775,-0.01961,0.46946,-0.108838,0.046383,0.309879,-0.520771,0.33893,0.783527,-0.83309,-0.001131,-0.553076,-0.185888,-0.941174,0.281957,0.012853,0.002357,0.000301,0.002044,-0.015212,0.02924,-1.367739,0.035308,0.039238,-0.02862,0.598373,-0.401327,0.693458,0.764849,0.028318,-0.643586,0.238651,0.915496,0.3239,0.00641,0.001256,0.000217,0.000663,-0.013152,0.030128,-0.781796,0.065774,0.033496,-0.073696,0.280527,0.632946,-0.721583,-0.928623,-0.011215,-0.370854,-0.242823,0.774114,0.584622,-0.00659,-0.005383,0.012699,-0.06193,0.047228,-0.036132,0.448867
192,0.055444,0.024226,0.337173,0.180502,0.670567,-0.719586,-0.918105,-0.147503,-0.367827,-0.353026,0.726217,0.589922,-0.01411,-0.012954,0.023413,-0.010473,0.300956,0.097042,0.467303,-0.108709,0.046337,0.309874,-0.527566,0.335489,0.780456,-0.829143,-0.003167,-0.558968,-0.184368,-0.942397,0.278852,0.000574,-0.002683,-0.00235,-0.007172,-0.075324,-0.093374,-1.36729,0.03537,0.039223,-0.028616,0.605089,-0.397495,0.689829,0.760204,0.031023,-0.648942,0.23655,0.917079,0.320949,0.000226,-0.001043,-0.000916,-0.012705,-0.139337,-0.105522,-0.777061,0.065511,0.033332,-0.073275,0.285763,0.639689,-0.713537,-0.927442,-0.002817,-0.373956,-0.241226,0.768628,0.592469,-0.006876,-0.006035,0.012109,0.005382,0.365078,0.175643,0.448377
193,0.054855,0.023832,0.338073,0.186253,0.682366,-0.706917,-0.917095,-0.137305,-0.374241,-0.352672,0.717166,0.6011,-0.01363,-0.011822,0.024425,0.01621,0.396855,0.190929,0.46136,-0.108464,0.04601,0.309784,-0.537393,0.331592,0.775401,-0.821793,0.000773,-0.569727,-0.188814,-0.943777,0.271105,0.014515,-0.005317,-0.00644,0.141746,0.084272,-0.185558,-1.375962,0.035486,0.039065,-0.028656,0.614228,-0.393852,0.683814,0.751638,0.028082,-0.658976,0.240337,0.918744,0.313284,0.001893,-0.009928,-8.2e-05,0.500883,0.4284,-0.652314,-0.776571,0.065215,0.033131,-0.072828,0.293218,0.650449,-0.700669,-0.92482,0.007204,-0.380334,-0.242341,0.759515,0.603661,-0.006905,-0.006089,0.012062,0.036856,0.390501,0.425534,0.441356
194,0.054511,0.023616,0.338584,0.191931,0.68953,-0.698396,-0.916452,-0.128584,-0.378884,-0.351302,0.71191,0.608111,-0.026514,-0.007527,0.027235,0.05083,0.560638,0.254661,0.46103,-0.108346,0.045829,0.309653,-0.538715,0.333571,0.773634,-0.820713,-0.000154,-0.571283,-0.189741,-0.943081,0.27287,0.002011,-0.009352,-0.008223,-0.005635,-0.040279,-0.066277,-1.379225,0.035551,0.038971,-0.028725,0.615412,-0.395646,0.681712,0.750315,0.029129,-0.660438,0.241442,0.91794,0.314786,0.001058,-0.004908,-0.004319,0.00204,-0.018862,-0.039142,-0.775101,0.065048,0.033021,-0.072575,0.29971,0.656173,-0.692538,-0.922949,0.015643,-0.384602,-0.241532,0.754447,0.610303,-0.006743,-0.005706,0.0124,0.089669,0.742672,0.420943,0.438906
195,0.053953,0.023068,0.33966,0.200611,0.702277,-0.683086,-0.9145,-0.115739,-0.387641,-0.351549,0.701576,0.619864,-0.015136,-0.022399,0.032998,0.002514,0.502042,0.226927,0.465237,-0.108095,0.045556,0.30936,-0.541443,0.334512,0.771319,-0.818472,0.000218,-0.574489,-0.191636,-0.942749,0.272696,0.014537,-0.005278,-0.006445,-0.001547,-0.01617,-0.007411,-1.378381,0.035673,0.038829,-0.028875,0.617801,-0.396477,0.679063,0.747737,0.028975,-0.663362,0.243332,0.917587,0.314361,0.000815,-0.003762,-0.003321,0.022875,-0.101758,0.144364,-0.773632,0.064759,0.032746,-0.072024,0.310291,0.667899,-0.676483,-0.918849,0.028222,-0.393596,-0.24379,0.743716,0.622456,-0.007598,-0.011232,0.016481,0.007265,0.527295,0.244822,0.440539
196,0.053517,0.02232,0.34076,0.20569,0.713795,-0.669502,-0.912174,-0.107858,-0.395318,-0.354652,0.69113,0.629753,-0.002942,-0.028251,0.028845,-0.01967,0.289342,0.365468,0.468073,-0.107782,0.045377,0.309062,-0.541601,0.334325,0.771289,-0.817983,0.002166,-0.575181,-0.193261,-0.942813,0.271324,0.00144,-0.006644,-0.005879,0.015623,-0.10247,0.13481,-1.373755,0.03583,0.038735,-0.029022,0.617959,-0.396008,0.679193,0.747175,0.026986,-0.664078,0.244652,0.91785,0.312564,0.00063,-0.002888,-0.002559,-0.003382,-0.000495,0.003368,-0.772816,0.064549,0.032391,-0.071491,0.316568,0.678151,-0.663244,-0.91545,0.035275,-0.400879,-0.248461,0.734074,0.631982,-0.001533,-0.014231,0.014332,0.023352,0.604077,0.337051,0.444131
197,0.053368,0.021869,0.341203,0.207845,0.71756,-0.664796,-0.911452,-0.104532,-0.397869,-0.355254,0.687734,0.633123,-0.00257,-0.02022,0.018014,-0.032628,0.085572,0.232061,0.467809,-0.107667,0.045371,0.308937,-0.542583,0.33177,0.771702,-0.818491,-0.002032,-0.574458,-0.188312,-0.943712,0.271677,0.000914,-0.004209,-0.003728,0.018286,-0.11986,0.157632,-1.371075,0.035894,0.038728,-0.029088,0.619018,-0.393496,0.679688,0.747886,0.031149,-0.663095,0.239753,0.918798,0.313572,0.006889,-0.000802,-0.001618,0.002036,-0.014306,0.029223,-0.773469,0.064469,0.032152,-0.071247,0.319779,0.682282,-0.657443,-0.913886,0.038944,-0.404097,-0.250105,0.73005,0.635981,-0.001384,-0.010298,0.008847,-0.041713,0.020202,0.182316,0.445438
198,0.053223,0.020864,0.341944,0.211329,0.725236,-0.6553,-0.910089,-0.098435,-0.402517,-0.356695,0.680544,0.640043,0.008065,-0.036927,0.022228,-0.080358,0.130611,0.036921,0.459586,-0.107454,0.045473,0.308879,-0.54162,0.327621,0.774147,-0.82042,-0.005117,-0.571681,-0.182627,-0.945144,0.27058,-0.000352,0.001616,0.001432,0.018104,-0.118087,0.158714,-1.367493,0.036001,0.038776,-0.029127,0.618392,-0.389392,0.682615,0.750241,0.033948,-0.660291,0.233939,0.920445,0.313131,0.007225,-0.003488,0.004683,-0.035983,-0.031755,0.021547,-0.773959,0.064392,0.031661,-0.070888,0.324273,0.689166,-0.647993,-0.911585,0.044667,-0.408676,-0.252702,0.723224,0.642718,-0.001803,-0.011265,0.008,-0.053035,0.080806,-0.012717,0.441029
199,0.053138,0.020178,0.342577,0.212123,0.733386,-0.645906,-0.90897,-0.094556,-0.405961,-0.359072,0.672312,0.647372,3e-06,-0.007188,0.011617,0.012623,0.205093,0.131874,0.449813,-0.107402,0.045349,0.308947,-0.544688,0.325497,0.772889,-0.818077,-0.00319,-0.575042,-0.183998,-0.945883,0.267042,0.002322,-0.012951,0.005894,-0.018259,-0.112412,0.138178,-1.367,0.036024,0.03873,-0.029085,0.621431,-0.387284,0.681053,0.747398,0.032323,-0.663588,0.234983,0.921393,0.309542,0.001225,-0.006766,0.002687,-0.040568,0.004848,-0.015924,-0.774612,0.064349,0.031301,-0.070579,0.325978,0.696474,-0.639265,-0.910083,0.048151,-0.411616,-0.255899,0.715964,0.649546,-0.000862,-0.009135,0.009893,0.002831,0.343549,0.195238,0.429762
200,0.053088,0.020075,0.342832,0.211801,0.735557,-0.643538,-0.908813,-0.09386,-0.406472,-0.359658,0.670034,0.649405,0.000886,-0.00518,0.013393,-0.022536,0.052786,0.038752,0.44662,-0.10732,0.04523,0.308977,-0.547215,0.326679,0.770602,-0.815977,-0.00299,-0.57802,-0.185809,-0.945478,0.267225,0.000435,-0.001995,-0.001768,-0.000566,-0.013228,-0.009981,-1.367544,0.03606,0.038667,-0.029066,0.623684,-0.388599,0.678239,0.744913,0.03251,-0.666368,0.236901,0.920832,0.309749,0.001173,-0.006535,0.002892,-0.013725,-0.112775,0.151533,-0.774938,0.064323,0.031246,-0.070455,0.32615,0.699147,-0.636253,-0.909646,0.048966,-0.412488,-0.257236,0.713298,0.651946,-0.00547,0.004443,0.003426,0.0066,0.135946,-0.194723,0.423557
201,0.052872,0.020261,0.343243,0.210953,0.737798,-0.641248,-0.908715,-0.093624,-0.406745,-0.360403,0.667599,0.651496,-0.009984,0.010983,0.008687,-0.0008,0.000351,-0.004556,0.443618,-0.107161,0.045136,0.308965,-0.550585,0.330149,0.766714,-0.812975,-0.003303,-0.582233,-0.188973,-0.944275,0.269252,0.000157,-0.000718,-0.000637,-0.007511,-0.179013,-0.135029,-1.367521,0.036146,0.038616,-0.029076,0.626318,-0.391291,0.674252,0.741754,0.033023,-0.669857,0.239843,0.919673,0.310925,8.5e-05,-0.000391,-0.00035,-0.023117,-0.250742,-0.202854,-0.773632,0.06422,0.031334,-0.07024,0.325487,0.701232,-0.634295,-0.909623,0.049067,-0.412525,-0.258153,0.711242,0.653827,-0.005008,0.005475,0.004334,-0.003309,0.093012,-0.181512,0.415719
202,0.052612,0.020553,0.343541,0.20761,0.739002,-0.640951,-0.910165,-0.094094,-0.403382,-0.358676,0.6662,0.653877,-0.01115,0.008304,0.006311,-0.000951,-0.00029,-0.004947,0.449121,-0.106942,0.045139,0.309003,-0.549853,0.330629,0.767032,-0.813416,-0.003102,-0.581618,-0.189203,-0.944108,0.269675,0.014962,-0.009294,0.007324,-0.034518,-0.00786,0.009727,-1.366549,0.036249,0.038622,-0.02906,0.625648,-0.392219,0.674335,0.742097,0.03271,-0.669492,0.24053,0.919289,0.31153,-7e-06,3e-05,2.4e-05,0.000438,0.002366,0.002153,-0.774285,0.064093,0.031486,-0.070086,0.322341,0.702861,-0.634098,-0.911183,0.048806,-0.409098,-0.256592,0.70965,0.656168,-0.005636,0.004028,0.00305,0.000444,-0.002048,-0.003381,0.417352
203,0.052535,0.020506,0.343615,0.206892,0.739242,-0.640908,-0.910375,-0.094394,-0.402838,-0.358558,0.665893,0.654255,-0.000737,-0.00167,-0.00147,0.0,0.0,0.0,0.449492,-0.106754,0.044991,0.309045,-0.549049,0.331232,0.767347,-0.813935,-0.003111,-0.580891,-0.189306,-0.943897,0.27034,0.002346,-0.013002,0.005851,-0.036559,0.007359,-0.019506,-1.364886,0.036348,0.038551,-0.029037,0.624848,-0.392815,0.674729,0.74272,0.03265,-0.668804,0.240687,0.919037,0.312153,0.006615,0.00048,-0.000487,0.001772,-0.014882,0.029165,-0.774938,0.064053,0.031472,-0.07004,0.321696,0.703188,-0.634063,-0.911433,0.048555,-0.408573,-0.256517,0.709343,0.656529,-0.000486,-0.001097,-0.000964,-0.000357,-0.000252,0.000383,0.420454
204,0.052505,0.020427,0.343572,0.206021,0.73756,-0.643121,-0.910984,-0.095329,-0.401239,-0.357511,0.667621,0.653066,-0.001542,-0.003492,-0.003076,-0.052181,-0.204923,-0.1585,0.447068,-0.106631,0.044974,0.309053,-0.55016,0.330424,0.7669,-0.812962,-0.00185,-0.582257,-0.190255,-0.944183,0.268671,4.5e-05,-0.000203,-0.00018,0.000107,8.6e-05,-0.000119,-1.363577,0.036406,0.038534,-0.029033,0.625992,-0.391944,0.674175,0.741517,0.031528,-0.670192,0.241423,0.919448,0.31037,2.3e-05,-0.000104,-9.6e-05,0.014567,-0.121205,0.160739,-0.775265,0.064037,0.031431,-0.070062,0.320685,0.701996,-0.635894,-0.912077,0.047774,-0.407225,-0.255491,0.710576,0.655595,-0.000845,-0.001911,-0.001681,-0.062538,-0.267237,-0.204041,0.419964
205,0.052484,0.020355,0.343444,0.204785,0.737876,-0.643154,-0.911167,-0.09623,-0.400608,-0.357752,0.667142,0.653422,-0.001107,-0.002507,-0.002211,-1.1e-05,-4.7e-05,-2.9e-05,0.439541,-0.106405,0.045047,0.309072,-0.548937,0.331235,0.767427,-0.813648,-0.001275,-0.581299,-0.190852,-0.943901,0.269239,-0.000106,0.000478,0.000424,-0.0,-0.0,-0.0,-1.360457,0.036524,0.038572,-0.029023,0.624767,-0.392801,0.674812,0.742343,0.030898,-0.669305,0.242054,0.919103,0.310898,0.006373,0.001573,0.00048,0.001818,-0.015103,0.029253,-0.775265,0.064025,0.031391,-0.070131,0.319436,0.702148,-0.636355,-0.912516,0.046871,-0.406346,-0.255488,0.710486,0.655694,-0.000652,-0.001475,-0.001301,0.000205,0.017497,-0.022485,0.414576
206,0.052448,0.020322,0.34336,0.204362,0.7399,-0.640959,-0.910778,-0.096181,-0.401501,-0.358981,0.664905,0.655027,-0.000772,-0.001747,-0.001541,0.01221,0.050907,0.031009,0.434762,-0.106148,0.044858,0.309108,-0.55118,0.332573,0.765236,-0.811704,-0.001124,-0.584011,-0.192647,-0.943432,0.269604,0.002717,-0.014611,0.004423,-0.039974,0.003076,-0.058646,-1.358634,0.03665,0.038488,-0.029002,0.626843,-0.39419,0.672073,0.739966,0.031105,-0.671923,0.243961,0.918502,0.311185,0.006661,0.00029,-0.000662,0.007791,-0.021574,0.036712,-0.775591,0.064006,0.031373,-0.070175,0.319451,0.704364,-0.633893,-0.912043,0.047009,-0.407389,-0.257152,0.708279,0.657428,-0.000428,-0.000971,-0.000857,0.011314,0.053768,-0.004417,0.406901
207,0.052429,0.020268,0.343339,0.205793,0.739214,-0.641294,-0.909763,-0.096829,-0.403642,-0.360738,0.665574,0.653381,-0.000973,-0.002202,-0.001944,0.000182,0.000742,0.000455,0.432822,-0.106016,0.044693,0.309143,-0.552065,0.3349,0.763582,-0.810867,-0.002126,-0.58517,-0.19363,-0.942609,0.271768,0.002641,-0.014259,0.004737,-0.038015,-0.034332,-0.050876,-1.358881,0.036717,0.038403,-0.028987,0.627511,-0.396422,0.670133,0.739008,0.032257,-0.672923,0.245146,0.917501,0.313201,0.006773,-0.000207,-0.001102,0.007175,-0.024804,-0.002887,-0.775591,0.063997,0.031347,-0.070184,0.320694,0.703362,-0.634378,-0.911153,0.046118,-0.409479,-0.258756,0.709333,0.655661,-0.000564,-0.001281,-0.001131,-0.005309,0.008864,-0.033396,0.404778
208,0.052454,0.020158,0.343287,0.205662,0.739275,-0.641265,-0.90981,-0.096857,-0.403531,-0.360695,0.665502,0.653477,-0.000414,-0.000938,-0.000829,-0.000238,0.103523,-0.169834,0.424476,-0.105716,0.044471,0.309301,-0.556669,0.33855,0.758614,-0.808262,-0.009545,-0.58869,-0.191335,-0.941263,0.277991,0.012487,0.004381,0.00206,-0.033408,-0.032062,-0.015672,-1.356812,0.036869,0.038279,-0.028912,0.631468,-0.399916,0.664314,0.736133,0.040008,-0.675652,0.243626,0.915678,0.319655,0.0062,0.002385,0.001196,-0.01905,0.002328,0.023943,-0.776408,0.064008,0.031288,-0.070213,0.320653,0.703338,-0.634425,-0.911202,0.046166,-0.409362,-0.258631,0.709354,0.655687,-0.000229,-0.000516,-0.000454,-0.000202,-0.000205,-6.9e-05,0.395797
209,0.052513,0.020064,0.34321,0.207237,0.738549,-0.641593,-0.908742,-0.09745,-0.405787,-0.362483,0.66622,0.651754,-0.000945,-0.00214,-0.001892,0.0,0.0,0.0,0.412347,-0.105423,0.044258,0.309598,-0.55742,0.341005,0.756961,-0.807609,-0.011116,-0.589557,-0.191901,-0.940361,0.280638,0.001719,-0.010079,0.00846,-0.036616,0.004989,-0.021263,-1.354177,0.03701,0.03818,-0.028763,0.631828,-0.402094,0.662655,0.735546,0.0414,-0.676207,0.244465,0.914661,0.321917,0.000762,-0.004625,0.004593,-0.031963,0.018008,-0.006465,-0.775755,0.06404,0.031245,-0.070247,0.321991,0.70243,-0.634754,-0.910257,0.045357,-0.411551,-0.260295,0.710305,0.653997,0.006257,-0.002629,-0.001817,0.00034,-0.014405,0.029287,0.381591
210,0.052531,0.019953,0.343116,0.207398,0.740439,-0.639359,-0.908268,-0.096935,-0.40697,-0.363579,0.664195,0.653209,-0.001421,-0.003219,-0.002849,0.0862,0.372851,0.193304,0.403418,-0.105148,0.044039,0.309906,-0.557863,0.343699,0.755415,-0.80713,-0.012569,-0.590184,-0.192624,-0.939365,0.283466,0.001176,-0.007652,0.010619,-0.034874,-0.039982,-0.019072,-1.351225,0.037153,0.038068,-0.028612,0.632109,-0.404706,0.660795,0.734978,0.04302,-0.676724,0.245447,0.913434,0.324643,0.006052,0.00304,0.001776,0.008982,-0.030027,0.027145,-0.775591,0.064049,0.031191,-0.070294,0.32196,0.703141,-0.633982,-0.910125,0.045407,-0.411836,-0.260791,0.709599,0.654566,-0.000524,-0.001191,-0.001057,0.132304,0.618617,0.405057,0.368691
211,0.052537,0.019896,0.343055,0.207298,0.740465,-0.639362,-0.908276,-0.097018,-0.406931,-0.363614,0.664154,0.653231,-0.00149,-0.003375,-0.002988,0.001226,0.020232,-0.021423,0.394734,-0.104993,0.044044,0.310071,-0.559064,0.342844,0.754915,-0.80613,-0.011606,-0.591569,-0.193326,-0.939688,0.281911,0.00085,-0.006198,0.011907,-0.033893,-0.010521,0.002978,-1.346859,0.03723,0.038069,-0.028531,0.63316,-0.403722,0.66039,0.733897,0.042003,-0.677959,0.245969,0.913916,0.322885,0.005844,0.003952,0.002582,0.002298,-0.010192,0.036637,-0.775102,0.064052,0.031162,-0.070324,0.322404,0.704432,-0.632321,-0.909671,0.045799,-0.412795,-0.261826,0.708292,0.655567,-0.000563,-0.001278,-0.001133,-0.001568,-0.01401,-0.01164,0.360527
212,0.052536,0.019751,0.342971,0.207018,0.740565,-0.639337,-0.908351,-0.097145,-0.406734,-0.363587,0.664024,0.653378,-0.000991,-0.002245,-0.00199,0.0,1e-06,1e-06,0.374372,-0.104711,0.044036,0.310415,-0.564138,0.343153,0.750989,-0.80321,-0.017112,-0.595394,-0.190725,-0.939491,0.284329,0.001195,-0.007724,0.010551,0.464017,0.209862,-0.68815,-1.343843,0.03737,0.038069,-0.028349,0.637629,-0.403603,0.65615,0.730919,0.04798,-0.680775,0.243281,0.913674,0.325595,0.000591,-0.00385,0.005277,0.517194,0.220533,-0.769057,-0.776571,0.064049,0.031086,-0.07037,0.322041,0.704456,-0.632479,-0.909825,0.045591,-0.412479,-0.261738,0.708281,0.655614,-0.000493,-0.001117,-0.000991,-0.000167,-0.000452,-0.000206,0.335053
213,0.052567,0.019634,0.342899,0.217699,0.73915,-0.637424,-0.907868,-0.086318,-0.41024,-0.35853,0.667087,0.653052,-0.000799,-0.001809,-0.001605,-3.519938,-2.262902,3.613209,0.346021,-0.104405,0.043918,0.310701,-0.566579,0.350101,0.745928,-0.800669,-0.01977,-0.598726,-0.194129,-0.93688,0.290573,0.014225,-0.005747,0.010466,-0.0349,-0.127023,-0.043282,-1.342744,0.037518,0.038011,-0.028211,0.63971,-0.410615,0.649742,0.727619,0.051131,-0.684072,0.247668,0.910373,0.33148,-0.00028,0.001218,0.001073,0.010564,-0.086997,-0.047935,-0.777224,0.064065,0.031027,-0.070406,0.32836,0.703439,-0.630358,-0.907889,0.050923,-0.416103,-0.260604,0.708928,0.655366,-0.000474,-0.001077,-0.000957,-0.001619,-0.013823,-0.01179,0.305498
214,0.052594,0.019589,0.342876,0.218321,0.740903,-0.635172,-0.907303,-0.085489,-0.41166,-0.35958,0.665248,0.65435,-0.000329,-0.000746,-0.000662,0.073513,0.304239,0.185212,0.320658,-0.104264,0.043946,0.310822,-0.568214,0.354651,0.742527,-0.798893,-0.021249,-0.601043,-0.196642,-0.93514,0.294463,-0.001046,0.004596,0.004062,-0.012085,-0.511717,-0.345524,-1.340343,0.037594,0.03802,-0.028149,0.640121,-0.413272,0.647648,0.726642,0.051949,-0.685048,0.249467,0.909123,0.333555,-0.000531,0.002319,0.002042,0.000719,-0.477636,-0.305108,-0.777224,0.064078,0.031003,-0.070419,0.332936,0.702188,-0.629352,-0.907286,0.056734,-0.416668,-0.256873,0.709727,0.655974,-0.000165,-0.000374,-0.000338,0.109346,0.508015,0.33018,0.280841
215,0.052668,0.019554,0.342851,0.225658,0.742266,-0.631003,-0.905519,-0.079007,-0.416852,-0.359557,0.66453,0.655092,0.00023,0.000522,0.000464,0.034628,0.143534,0.087392,0.253767,-0.103993,0.044112,0.311056,-0.56724,0.355316,0.742954,-0.799521,-0.021033,-0.600215,-0.196901,-0.934893,0.295074,0.00111,-0.007334,0.010889,-0.036519,0.00695,-0.01977,-1.332839,0.037724,0.038106,-0.028035,0.639614,-0.415451,0.646756,0.72658,0.052078,-0.685104,0.250946,0.908123,0.335169,-0.000535,0.002331,0.002052,0.000456,0.004787,0.003931,-0.777061,0.064115,0.030985,-0.070432,0.340839,0.703251,-0.623912,-0.90412,0.063304,-0.422561,-0.25767,0.708117,0.6574,0.000181,0.000412,0.000362,0.037561,0.170648,0.09887,0.202135
216,0.05271,0.019549,0.34285,0.231753,0.746113,-0.624221,-0.904231,-0.071298,-0.421016,-0.358927,0.661085,0.658911,1e-05,2.2e-05,1.9e-05,0.047681,0.197903,0.120479,0.191471,-0.103764,0.044239,0.311249,-0.567391,0.358035,0.741532,-0.799045,-0.021569,-0.600829,-0.198385,-0.933846,0.297387,-0.000951,0.004144,0.003651,0.001108,-0.074589,-0.019768,-1.328763,0.037844,0.038169,-0.027933,0.639661,-0.418122,0.644985,0.725968,0.05289,-0.68569,0.252589,0.906849,0.337376,-0.000466,0.002019,0.001775,0.007365,-0.058808,-0.000555,-0.773795,0.064137,0.030985,-0.07043,0.347317,0.705965,-0.617238,-0.901708,0.070702,-0.426523,-0.25747,0.704708,0.66113,1e-05,2.4e-05,1.9e-05,0.060495,0.256645,0.158617,0.115264
217,0.0527,0.019582,0.342864,0.238397,0.751555,-0.615123,-0.90228,-0.062812,-0.426517,-0.359493,0.655761,0.663905,0.000549,0.001246,0.001105,0.107541,0.447096,0.272199,0.153188,-0.103573,0.044411,0.311421,-0.567517,0.360756,0.740116,-0.798557,-0.02197,-0.601464,-0.199982,-0.932792,0.299616,0.011959,0.006547,0.00393,0.002023,-0.016055,0.028613,-1.324359,0.037935,0.038251,-0.02785,0.639502,-0.420693,0.64347,0.725464,0.053216,-0.686198,0.254436,0.90564,0.33923,0.007033,-0.002566,0.005491,-0.031699,0.000505,0.019267,-0.773469,0.064131,0.030999,-0.070425,0.354175,0.709308,-0.609459,-0.898868,0.078366,-0.431155,-0.258061,0.700528,0.66533,0.000326,0.000738,0.000653,0.118776,0.458632,0.304035,0.044559
218,0.05271,0.019599,0.342892,0.238934,0.753259,-0.612827,-0.9017,-0.062003,-0.427861,-0.360593,0.653881,0.665161,0.000813,0.001844,0.001636,0.01625,0.067583,0.041143,0.131074,-0.103515,0.044464,0.311496,-0.568186,0.363115,0.738447,-0.797735,-0.022612,-0.602529,-0.201349,-0.931863,0.301584,-0.000658,0.002857,0.002511,-0.003842,-0.15223,-0.11334,-1.322359,0.037968,0.038283,-0.027808,0.639857,-0.422546,0.6419,0.724726,0.053924,-0.686923,0.255643,0.904735,0.340734,-0.00039,0.001678,0.001471,-0.014942,-0.209728,-0.168535,-0.773795,0.064135,0.031007,-0.070412,0.355576,0.712272,-0.605172,-0.897569,0.079662,-0.433617,-0.260644,0.697368,0.667639,0.000492,0.001115,0.000988,0.011715,0.013925,0.033539,0.018106
219,0.052718,0.019714,0.343005,0.239981,0.756642,-0.608232,-0.900531,-0.060405,-0.430541,-0.362813,0.650114,0.667641,5.7e-05,-0.007067,0.011732,-0.031399,0.014313,0.015264,0.104277,-0.103468,0.044507,0.311604,-0.56886,0.365481,0.736759,-0.79692,-0.023334,-0.603579,-0.202664,-0.930923,0.303601,-0.000334,0.001449,0.001273,-0.000389,-0.015677,-0.011669,-1.313528,0.037991,0.038306,-0.027753,0.640398,-0.425294,0.639541,0.723572,0.054855,-0.688064,0.257548,0.903391,0.34286,-0.000153,0.000657,0.000575,0.007344,0.005754,0.013695,-0.772652,0.06414,0.031067,-0.07036,0.356949,0.7153,-0.600776,-0.896223,0.080903,-0.436163,-0.263383,0.694118,0.669947,0.00072,0.001632,0.001446,-0.002951,-0.022949,-0.018791,-0.032514
220,0.052733,0.019832,0.343147,0.245219,0.756828,-0.605908,-0.900253,-0.054067,-0.431965,-0.359996,0.650457,0.668832,0.001543,0.003501,0.003098,9.6e-05,-0.014756,0.024758,0.071624,-0.103462,0.044465,0.311697,-0.568648,0.365687,0.73682,-0.797087,-0.023474,-0.603354,-0.202602,-0.930839,0.3039,-0.000128,0.000556,0.000488,-0.0,-3e-06,-2e-06,-1.299543,0.037994,0.038284,-0.027708,0.640073,-0.425327,0.639845,0.7239,0.054812,-0.687722,0.257436,0.903377,0.342979,-7.8e-05,0.000333,0.000294,-0.000377,0.001283,0.000396,-0.772815,0.064147,0.031124,-0.070284,0.362041,0.71452,-0.598654,-0.895051,0.087057,-0.437383,-0.260401,0.694177,0.67105,0.000703,0.001606,0.001419,-0.001214,-0.006723,-0.004797,-0.071867
221,0.052733,0.019832,0.343213,0.245099,0.756889,-0.605879,-0.90032,-0.054054,-0.431825,-0.359907,0.650386,0.668948,-0.000967,-0.009387,0.009676,-0.03329,0.021601,-0.014041,0.053432,-0.103446,0.044477,0.311731,-0.568343,0.365919,0.73694,-0.797273,-0.023371,-0.603112,-0.202727,-0.93075,0.304088,0.01253,0.004037,0.001718,0.020378,-0.133704,0.187898,-1.290021,0.037998,0.038286,-0.027694,0.63991,-0.425449,0.639927,0.724026,0.054773,-0.687593,0.257486,0.903322,0.343086,-0.000223,0.000965,0.000846,0.002175,-0.016527,0.022816,-0.771346,0.06415,0.031132,-0.07025,0.361948,0.71454,-0.598686,-0.895117,0.087065,-0.437247,-0.260305,0.694155,0.67111,0.00046,0.001053,0.000932,-0.00039,-0.001105,-0.000446,-0.094564
222,0.052762,0.019736,0.343346,0.24525,0.758766,-0.603467,-0.899936,-0.053213,-0.432731,-0.360767,0.648267,0.670541,0.000308,0.0007,0.000619,0.006392,0.026586,0.01616,-0.012362,-0.103355,0.044511,0.311812,-0.567384,0.366628,0.737327,-0.797853,-0.023019,-0.602358,-0.20313,-0.930481,0.304644,-0.000152,0.000659,0.000578,-0.0,-0.0,-0.0,-1.261963,0.038047,0.038311,-0.027653,0.638856,-0.426257,0.640442,0.724768,0.054273,-0.686851,0.258016,0.902972,0.343609,-9.9e-05,0.000425,0.00037,-0.000344,0.000373,-0.000202,-0.76759,0.064164,0.031081,-0.07018,0.362484,0.716524,-0.595985,-0.894525,0.087993,-0.43827,-0.261588,0.69199,0.672844,0.000159,0.000368,0.000325,0.003413,0.00416,-0.002043,-0.155472
223,0.052804,0.019634,0.343435,0.245551,0.760576,-0.601062,-0.899491,-0.052322,-0.433763,-0.361672,0.646216,0.672031,-0.001595,-0.010817,0.008414,-0.005677,0.136386,0.055679,-0.159127,-0.103273,0.044448,0.31185,-0.56646,0.367335,0.737686,-0.798423,-0.022757,-0.601612,-0.203468,-0.930209,0.305246,0.000152,-0.00066,-0.000579,-0.0,-0.0,-0.0,-1.203916,0.038089,0.038276,-0.027631,0.637983,-0.426957,0.640847,0.725409,0.053993,-0.686195,0.258375,0.902658,0.344165,9.2e-05,-0.000403,-0.000355,-0.000219,0.000252,-0.000153,-0.756813,0.064185,0.031034,-0.070139,0.362987,0.718036,-0.593855,-0.894016,0.088742,-0.439158,-0.262631,0.690325,0.674148,5e-06,1.4e-05,1.2e-05,0.034617,0.146355,0.090154,-0.245608
224,0.05282,0.019594,0.343469,0.247732,0.761458,-0.599047,-0.897758,-0.051949,-0.437383,-0.364485,0.645207,0.67148,1e-05,2.3e-05,2e-05,0.014812,0.061612,0.037412,-0.281775,-0.103208,0.044423,0.311846,-0.567792,0.364595,0.73802,-0.798767,-0.02712,-0.600974,-0.198357,-0.931166,0.305692,0.000168,-0.000726,-0.000638,-0.110125,0.089675,-0.045614,-1.109175,0.038117,0.038261,-0.027634,0.639335,-0.424463,0.641155,0.725844,0.057962,-0.685411,0.253769,0.903587,0.345152,0.000121,-0.000584,-0.000497,-1.252419,0.995146,-0.507176,-0.740321,0.064193,0.031009,-0.070119,0.365368,0.718796,-0.591471,-0.892118,0.088978,-0.442953,-0.265765,0.689503,0.673761,0.00658,-0.001903,-0.001176,0.011923,0.02843,0.048453,-0.313864
225,0.052849,0.019557,0.343506,0.259797,0.76324,-0.591622,-0.888064,-0.05171,-0.456773,-0.379551,0.643118,0.665107,0.001885,0.011478,-0.007831,0.767534,-0.087017,0.534211,-0.611914,-0.103006,0.044566,0.311861,-0.563581,0.367651,0.73973,-0.801586,-0.026816,-0.597224,-0.198998,-0.929976,0.308881,-0.000476,0.002051,0.001799,-0.004239,-0.003068,0.004213,-0.798179,0.038224,0.038329,-0.02763,0.63532,-0.427383,0.643202,0.729178,0.057731,-0.681883,0.254292,0.902224,0.348317,0.006117,0.002649,0.001405,-0.007837,-0.02315,0.039791,-0.600707,0.064206,0.030985,-0.070099,0.376937,0.718454,-0.584586,-0.882903,0.087906,-0.461253,-0.28,0.689996,0.66746,0.00016,0.000362,0.000307,2.292712,-0.897392,1.558994,-0.513405
226,0.052917,0.019803,0.343494,0.252369,0.772017,-0.58339,-0.878338,-0.070117,-0.472839,-0.406268,0.630785,0.661122,0.003527,0.015209,-0.004536,0.071277,0.122133,0.133959,-1.183806,-0.102718,0.044879,0.31188,-0.538858,0.380113,0.751757,-0.820951,-0.036668,-0.569762,-0.188306,-0.924627,0.33086,-0.000555,0.00238,0.002086,-0.550999,-0.179392,0.44812,-0.253543,0.038368,0.038482,-0.027617,0.613241,-0.439173,0.656553,0.750391,0.064336,-0.657854,0.246671,0.896095,0.369005,0.006036,0.002974,0.001687,-0.165715,0.104609,0.145476,-0.459297,0.064236,0.0311,-0.070112,0.371236,0.728484,-0.575754,-0.875533,0.068128,-0.478329,-0.30923,0.681666,0.663104,0.001791,0.007675,-0.002212,0.085458,0.175363,0.146694,-0.778425
227,0.053003,0.020104,0.343556,0.237097,0.780404,-0.578618,-0.874558,-0.087802,-0.476876,-0.423264,0.618132,0.66241,0.00235,0.005345,0.004709,0.004597,0.004615,0.036536,-1.480201,-0.102854,0.045157,0.311837,-0.508201,0.38536,0.770209,-0.845278,-0.0516,-0.531767,-0.164515,-0.921743,0.350982,-0.015463,0.01119,-0.005657,-0.123402,0.734606,0.536903,0.063973,0.038305,0.038624,-0.027637,0.583765,-0.448517,0.676793,0.779805,0.077599,-0.621193,0.226097,0.890399,0.395056,-0.000266,0.001154,0.001015,-0.588612,0.101873,0.497099,-0.365732,0.064281,0.031257,-0.070081,0.357365,0.739133,-0.570939,-0.874436,0.050039,-0.482552,-0.328101,0.671697,0.664206,0.00111,0.00254,0.002232,-0.00095,-0.014236,-0.014705,-0.751809
228,0.053095,0.020192,0.343624,0.22336,0.784456,-0.578606,-0.872816,-0.103228,-0.476978,-0.434183,0.61058,0.662348,0.001936,0.004406,0.003878,0.007837,0.006692,-0.008721,-1.558295,-0.103054,0.045219,0.311762,-0.490129,0.38818,0.780436,-0.857567,-0.054251,-0.511438,-0.15555,-0.920408,0.35849,-0.0148,0.008362,-0.008134,-0.511633,0.254723,0.826992,0.156849,0.038203,0.03866,-0.02767,0.566695,-0.450131,0.6901,0.794742,0.077684,-0.601954,0.217349,0.889576,0.401761,-0.006279,-0.001909,-0.000762,-1.811189,-0.409118,2.164723,-0.328175,0.064329,0.031307,-0.070043,0.34429,0.745052,-0.57128,-0.875161,0.034367,-0.482607,-0.339934,0.66612,0.663873,0.000989,0.002267,0.001988,0.004661,-0.001053,-0.013017,-0.763076
229,0.053589,0.020296,0.343705,0.199796,0.789088,-0.580919,-0.869895,-0.129942,-0.475782,-0.451176,0.599418,0.661184,0.015469,0.001544,0.002336,0.279908,0.163602,-0.301065,-1.678271,-0.103734,0.045404,0.311469,-0.427221,0.39752,0.812066,-0.888553,-0.018351,-0.458335,-0.166733,-0.917848,0.360026,-0.027689,0.006061,-0.008335,-1.155991,-0.268847,2.520927,0.331525,0.037869,0.038748,-0.027821,0.509151,-0.460472,0.727138,0.829607,0.037623,-0.557077,0.229161,0.886876,0.401167,-0.00741,0.004288,-0.003983,1.262691,0.680316,1.1586,-0.110509,0.06457,0.031357,-0.070004,0.321938,0.752896,-0.574022,-0.876475,0.007763,-0.481384,-0.357976,0.658092,0.662394,0.007639,0.000545,0.000967,0.964718,0.752265,-1.087828,-0.79802
230,0.054287,0.020287,0.343769,0.18589,0.787384,-0.587807,-0.868969,-0.14742,-0.472368,-0.458829,0.597616,0.657539,0.015247,0.001087,0.001919,-0.065204,-0.315995,-0.119996,-1.812464,-0.104969,0.045892,0.311031,-0.352925,0.391211,0.849935,-0.91598,0.040919,-0.399049,-0.190421,-0.919824,0.342821,-0.029954,0.018723,-0.014529,-0.908712,0.080026,2.642086,0.430236,0.037252,0.038987,-0.028038,0.43971,-0.455824,0.773872,0.86244,-0.026218,-0.505478,0.250699,0.889683,0.381593,-0.021407,0.008174,-0.007423,1.426302,1.201949,1.138222,0.190762,0.06492,0.031353,-0.069971,0.307697,0.754082,-0.580242,-0.878035,-0.00991,-0.478492,-0.366573,0.656704,0.659062,0.007491,0.000248,0.000682,-0.089756,-0.429851,-0.235293,-0.791652
231,0.055129,0.020126,0.343832,0.145649,0.79259,-0.592143,-0.860699,-0.193548,-0.470861,-0.487997,0.577252,0.654727,0.014781,5.9e-05,0.001002,0.97628,0.693994,-1.078645,-1.842748,-0.10629,0.0466,0.310442,-0.287014,0.37353,0.882094,-0.933125,0.099208,-0.345499,-0.216178,-0.922712,0.318955,-0.029672,0.017841,-0.015301,1.245579,0.173839,1.73065,0.487985,0.036591,0.039344,-0.02833,0.377264,-0.438932,0.815481,0.885454,-0.087063,-0.456497,0.27137,0.894292,0.355808,-0.015891,0.01447,-0.011184,3.8533,-1.848236,4.592691,0.405816,0.065341,0.031274,-0.069938,0.269951,0.76427,-0.585677,-0.877267,-0.055505,-0.476782,-0.396898,0.642503,0.655485,0.013778,-0.00246,-0.001107,3.291814,2.55779,-3.592615,-0.793121
232,0.055623,0.020065,0.343812,0.123176,0.794763,-0.594328,-0.854923,-0.219056,-0.470205,-0.504053,0.565034,0.653218,0.027962,-0.003552,-0.00122,0.281582,0.118065,-0.284927,-1.877601,-0.106835,0.046997,0.310066,-0.256774,0.363244,0.895607,-0.939743,0.12262,-0.319032,-0.225357,-0.923992,0.308733,-0.029019,0.015037,-0.017749,0.297982,0.463062,1.730187,0.505983,0.036318,0.039548,-0.028514,0.349325,-0.430375,0.832315,0.894011,-0.112884,-0.43359,0.280562,0.895563,0.345327,-0.015614,0.013697,-0.012049,0.479485,-1.203673,3.067118,0.450068,0.065583,0.031245,-0.069948,0.247095,0.770294,-0.587868,-0.875371,-0.082716,-0.476322,-0.415534,0.6323,0.653855,0.013794,-0.002207,-0.001003,0.980309,0.697695,-1.064507,-0.793448
233,0.056519,0.019917,0.343729,0.079121,0.798081,-0.597371,-0.85092,-0.258033,-0.457521,-0.519387,0.543522,0.65943,0.026546,-0.006813,-0.004092,-0.15653,-0.073731,-0.277778,-1.910586,-0.10783,0.047741,0.309207,-0.186028,0.353984,0.916559,-0.944889,0.191323,-0.265544,-0.269096,-0.915868,0.297719,-0.028355,0.012221,-0.020206,-0.895249,-0.725638,3.095191,0.529392,0.03582,0.03992,-0.028942,0.28352,-0.42095,0.861636,0.90284,-0.185705,-0.387805,0.323257,0.88787,0.327399,-0.015023,0.011235,-0.014226,0.214555,0.143877,0.797876,0.500851,0.066028,0.031178,-0.069984,0.20467,0.78095,-0.590107,-0.876859,-0.121638,-0.465102,-0.435001,0.612634,0.659888,0.006675,-0.001628,-0.000971,-1.276842,1.53705,-2.495885,-0.803245
234,0.057221,0.019724,0.343608,0.044887,0.798499,-0.600358,-0.848377,-0.286785,-0.444953,-0.527533,0.528308,0.665302,0.026358,-0.007246,-0.004486,3.228076,1.900174,-3.710695,-1.910793,-0.108953,0.048518,0.308138,-0.118054,0.343013,0.931878,-0.944303,0.251494,-0.212077,-0.30693,-0.905422,0.293033,-0.029931,0.021983,-0.028863,5.397943,-0.768251,2.890663,0.530705,0.035248,0.040311,-0.029486,0.215685,-0.410317,0.886069,0.908592,-0.248063,-0.33604,0.357684,0.877555,0.319308,-0.014938,0.010681,-0.014487,5.419923,-0.636315,2.959888,0.515221,0.066393,0.031074,-0.070049,0.17154,0.786985,-0.592644,-0.879307,-0.148982,-0.452351,-0.444288,0.598712,0.666446,0.013129,-0.003802,-0.002356,3.215294,1.722561,-3.831201,-0.805041
235,0.057614,0.019695,0.343528,0.006296,0.797193,-0.603729,-0.841433,-0.321933,-0.433959,-0.540326,0.509737,0.669509,0.028473,0.004982,-0.011678,3.203749,2.23004,-4.014225,-1.907544,-0.109556,0.049006,0.307513,-0.076732,0.339227,0.937565,-0.941488,0.284847,-0.179993,-0.327996,-0.896923,0.296328,-0.029678,0.020941,-0.029767,0.66939,0.046506,1.237455,0.530427,0.034947,0.040555,-0.029799,0.174424,-0.405227,0.897422,0.908378,-0.285531,-0.305484,0.380032,0.868482,0.318295,-0.014792,0.01036,-0.014973,0.677682,0.025048,1.198604,0.517997,0.066578,0.031055,-0.070087,0.136424,0.790391,-0.597218,-0.878874,-0.18162,-0.441128,-0.45713,0.58506,0.669877,0.006932,-0.000993,-0.000431,-0.493177,0.194471,-0.961278,-0.804878
236,0.058494,0.019688,0.343324,-0.073619,0.783619,-0.6169,-0.822206,-0.397709,-0.407157,-0.56432,0.476268,0.674343,0.013828,-0.002052,-0.000888,2.633759,1.846574,-4.306344,-1.894085,-0.110923,0.049762,0.306163,0.032261,0.317257,0.947786,-0.925717,0.366966,-0.091206,-0.376754,-0.874819,0.304321,-0.041188,0.012639,-0.035339,-0.591549,-1.183726,4.096169,0.530498,0.034288,0.040929,-0.030442,0.073332,-0.385437,0.919815,0.900098,-0.37159,-0.227471,0.42947,0.844605,0.319681,-0.01419,0.007567,-0.017449,0.278958,0.379136,2.090571,0.518976,0.067023,0.031055,-0.070193,0.055512,0.790587,-0.609827,-0.871592,-0.259581,-0.415864,-0.487077,0.554606,0.67466,0.006999,-0.000823,-0.000289,-2.274632,0.359791,-1.506044,-0.792958
237,0.059136,0.019313,0.34327,-0.118095,0.774116,-0.621968,-0.804815,-0.441443,-0.396702,-0.581517,0.452756,0.675927,0.011998,-0.006437,-0.004718,-0.040298,-0.267243,0.080211,-1.891913,-0.1119,0.049978,0.304787,0.140009,0.282525,0.948983,-0.893837,0.448317,-0.001476,-0.426009,-0.848368,0.314088,-0.026993,0.008142,-0.04118,5.439725,-0.041787,3.89993,0.530588,0.033773,0.04105,-0.031155,-0.037566,-0.347159,0.937053,0.87818,-0.458936,-0.13482,0.476851,0.817837,0.322109,-0.013388,0.003579,-0.020856,5.440932,0.042292,3.928922,0.521752,0.067347,0.030874,-0.070213,0.004979,0.787141,-0.616752,-0.860161,-0.311178,-0.404091,-0.509996,0.532519,0.675519,0.005063,-0.00907,0.001445,-0.101781,-0.235093,-0.020545,-0.798837
238,0.059428,0.018939,0.343275,-0.126545,0.771054,-0.624106,-0.797839,-0.452912,-0.397865,-0.589291,0.446627,0.673267,0.009623,-0.019398,0.001824,-0.111626,-0.610507,0.068417,-1.896124,-0.112271,0.049983,0.304076,0.185366,0.265934,0.945997,-0.88328,0.466895,0.041947,-0.430732,-0.843673,0.320232,-0.012201,-0.001309,-0.034115,0.1534,-0.345629,1.952963,0.530881,0.033593,0.041047,-0.031502,-0.08185,-0.328633,0.940903,0.871524,-0.481569,-0.092385,0.483471,0.812459,0.325828,-0.012344,-0.002529,-0.017843,0.117639,-0.0705,1.84402,0.522079,0.067495,0.030693,-0.070212,-0.003809,0.786849,-0.617133,-0.854797,-0.322826,-0.40633,-0.518948,0.525976,0.673826,0.004866,-0.009571,0.001006,-0.119934,-0.575345,-0.110645,-0.804878
239,0.05982,0.018174,0.343327,-0.150218,0.767606,-0.623106,-0.787572,-0.473833,-0.393934,-0.597456,0.430608,0.676499,0.011288,-0.008224,-0.006297,0.00087,0.000162,0.004869,-1.894628,-0.112624,0.04987,0.302686,0.261647,0.238085,0.935333,-0.861076,0.495249,0.114934,-0.436161,-0.835748,0.333393,-0.009443,-0.017059,-0.031049,0.079616,-0.463989,1.795984,0.531216,0.033415,0.040999,-0.032197,-0.15793,-0.299817,0.940833,0.857175,-0.514631,-0.020112,0.490212,0.803283,0.338272,0.000777,-0.001713,-0.018979,0.084361,-0.329939,1.969962,0.522895,0.06769,0.030308,-0.07019,-0.027239,0.785634,-0.61809,-0.848099,-0.345459,-0.401727,-0.529136,0.513259,0.675706,0.004872,-0.009592,0.000993,-0.032491,0.022623,-0.002893,-0.803245
240,0.05993,0.017952,0.343423,-0.153086,0.767198,-0.622911,-0.787527,-0.475429,-0.392097,-0.596783,0.429578,0.677746,0.000703,0.001696,0.001484,-0.0,-0.0,-0.0,-1.893651,-0.112366,0.049248,0.301291,0.307005,0.228669,0.923823,-0.845135,0.51173,0.154314,-0.43782,-0.828403,0.349176,0.019636,-0.03078,-0.029941,0.543738,1.169391,-0.873094,0.530984,0.033533,0.040696,-0.032891,-0.207139,-0.288883,0.934686,0.8452,-0.533985,0.022269,0.492675,0.79461,0.354773,0.002426,-0.010789,-0.01863,0.109249,-0.645509,1.152662,0.523059,0.067744,0.03018,-0.070149,-0.030187,0.785699,-0.617871,-0.848351,-0.347026,-0.399839,-0.528571,0.512102,0.677024,0.000451,0.00109,0.00095,-0.001555,-0.000961,0.001752,-0.797857
