frame,MLTx,MLTy,MLTz,MLTR1,MLTR2,MLTR3,MLTR4,MLTR5,MLTR6,MLTR7,MLTR8,MLTR9,MLTTVx,MLTTVy,MLTTVz,MLTRVx,MLTRVy,MLTRVz,MLGA,MRTx,MRTy,MRTz,MRTR1,MRTR2,MRTR3,MRTR4,MRTR5,MRTR6,MRTR7,MRTR8,MRTR9,MRTTVx,MRTTVy,MRTTVz,MRTRVx,MRTRVy,MRTRVz,MRGA,SLTx,SLTy,SLTz,SLTR1,SLTR2,SLTR3,SLTR4,SLTR5,SLTR6,SLTR7,SLTR8,SLTR9,SLTTVx,SLTTVy,SLTTVz,SLTRVx,SLTRVy,SLTRVz,SLGA,SRTx,SRTy,SRTz,SRTR1,SRTR2,SRTR3,SRTR4,SRTR5,SRTR6,SRTR7,SRTR8,SRTR9,SRTTVx,SRTTVy,SRTTVz,SRTRVx,SRTRVy,SRTRVz,SRGA
2626,0.126974,-0.010389,0.405774,0.641872,-0.639543,-0.42312,0.700459,0.713494,-0.015974,0.311317,-0.285325,0.906476,0.000874,-0.003575,0.013702,-0.034417,0.002245,0.008442,-1.892349,-0.168969,0.007377,0.308061,0.509093,0.257814,0.821187,-0.49109,0.870508,0.031292,-0.707396,-0.419536,0.568722,-0.027962,-0.015222,-0.012346,0.006819,-0.065515,0.081505,0.125031,0.04535,0.050999,-0.039827,-0.403929,-0.373106,0.835243,0.663766,-0.747826,-0.013055,0.629487,0.549133,0.549724,-0.013971,-0.007938,-0.006471,0.006986,-0.046399,0.054579,-0.009732,0.078362,0.047203,-0.023574,-0.621956,0.595589,-0.508373,-0.643921,-0.758428,-0.100756,-0.445574,0.264687,0.855221,0.000296,-0.002514,0.006403,-0.038383,0.014466,-0.019426,-1.11585
2627,0.126679,-0.010589,0.406337,0.641052,-0.639801,-0.423973,0.700661,0.713269,-0.017084,0.312546,-0.285309,0.906058,0.000521,-0.005508,0.012503,-0.034411,0.002277,0.008458,-1.892137,-0.170474,0.006795,0.307573,0.510973,0.254964,0.820909,-0.491717,0.869972,0.036006,-0.705603,-0.422378,0.568844,-0.042109,-0.015321,-0.011272,-0.041101,0.01874,-0.060271,0.11906,0.044603,0.050707,-0.040073,-0.406176,-0.37058,0.835278,0.664475,-0.747262,-0.008413,0.62729,0.551605,0.549761,-0.014031,-0.007543,-0.00613,-0.401341,-0.507371,0.495393,-0.009569,0.078211,0.047106,-0.023285,-0.621071,0.595893,-0.509098,-0.644001,-0.758215,-0.101836,-0.446689,0.264612,0.854662,-0.006434,-0.002528,0.006515,-0.037581,0.028053,-0.048146,-1.116177
2628,0.12635,-0.010792,0.406862,0.639227,-0.640285,-0.425993,0.700631,0.713202,-0.02076,0.316322,-0.284392,0.905035,0.00049,-0.005682,0.012396,-0.035649,0.01284,-0.018324,-1.891968,-0.172156,0.006318,0.307127,0.514218,0.254271,0.819096,-0.492274,0.869516,0.03926,-0.702854,-0.423732,0.571236,-0.042237,-0.01414,-0.010224,-0.029695,-0.079379,0.078158,0.116648,0.043746,0.050462,-0.040301,-0.409699,-0.370713,0.833497,0.665119,-0.746718,-0.005183,0.624309,0.552252,0.552498,-0.021537,-0.00086,-0.008426,-0.087492,-0.111796,0.082795,-0.01659,0.07805,0.047005,-0.023028,-0.618993,0.596523,-0.510888,-0.643505,-0.75813,-0.105536,-0.450275,0.263434,0.853144,0.000216,-0.00295,0.006137,-0.038161,0.014325,-0.019444,-1.116503
2629,0.126193,-0.010847,0.407082,0.63856,-0.640333,-0.426919,0.700365,0.713407,-0.022594,0.318246,-0.283771,0.904555,-0.012728,-0.00441,0.013423,-0.036634,0.027556,-0.047876,-1.89201,-0.173078,0.006113,0.306922,0.515715,0.254022,0.818231,-0.492602,0.869262,0.040754,-0.701527,-0.424403,0.572368,-0.042286,-0.012494,-0.008651,0.004577,-0.050389,0.052222,0.11867,0.043285,0.050357,-0.040406,-0.411266,-0.370774,0.832698,0.665466,-0.746418,-0.003685,0.622907,0.552617,0.553714,-0.028167,-0.00671,-0.004134,-0.007136,0.080987,-0.145148,-0.016427,0.077972,0.046976,-0.022913,-0.618207,0.596623,-0.511723,-0.643005,-0.758306,-0.107309,-0.452066,0.262701,0.852421,0.000269,-0.002669,0.006311,-0.039276,0.015033,-0.020036,-1.118953
2630,0.125884,-0.010856,0.407465,0.638758,-0.6403,-0.426672,0.70053,0.71327,-0.021774,0.317486,-0.284187,0.904692,0.000973,0.00523,0.003228,0.001253,-0.010492,0.026812,-1.892297,-0.1751,0.005784,0.306502,0.522867,0.251846,0.814355,-0.49306,0.868627,0.048087,-0.695892,-0.42699,0.577301,-0.042406,-0.012391,-0.008668,-1.216396,-1.595724,1.704184,0.12443,0.042258,0.050191,-0.040616,-0.418208,-0.370225,0.829478,0.66612,-0.745838,0.002953,0.617563,0.553767,0.55853,-0.021199,-0.006117,-0.004223,-1.213428,-1.592476,1.701179,-0.012181,0.077812,0.046965,-0.02272,-0.618497,0.596538,-0.51147,-0.643271,-0.758204,-0.106431,-0.451289,0.263187,0.852684,-0.006269,-0.001667,0.007047,-0.028111,-0.044821,0.137216,-1.117973
2631,0.125531,-0.010766,0.407766,0.638539,-0.640552,-0.426622,0.700902,0.712915,-0.02147,0.31711,-0.28451,0.904723,0.000847,0.00453,0.002791,0.008681,-0.072317,0.185072,-1.891239,-0.177364,0.005556,0.306056,0.525667,0.251578,0.812633,-0.493534,0.868214,0.050609,-0.693443,-0.427986,0.579506,-0.057386,-0.000965,-0.015276,0.024701,0.081326,-0.147135,0.129592,0.041126,0.050078,-0.040839,-0.4218,-0.370383,0.827586,0.666609,-0.745381,0.006161,0.614586,0.554276,0.561302,-0.028685,-0.000433,-0.007551,0.026625,0.083973,-0.150087,-0.004833,0.077636,0.047013,-0.022567,-0.618399,0.596728,-0.511367,-0.643633,-0.757941,-0.106115,-0.450908,0.263512,0.852784,-0.006191,-0.001273,0.00729,-0.03541,0.017093,-0.02098,-1.119279
2632,0.125284,-0.01055,0.407964,0.637756,-0.641168,-0.426866,0.701552,0.712264,-0.021821,0.317245,-0.284751,0.904599,0.001045,0.005561,0.00342,0.00126,-0.010476,0.026818,-1.892116,-0.179837,0.005443,0.305606,0.530514,0.250529,0.809804,-0.493816,0.867775,0.055184,-0.689543,-0.429489,0.583037,-0.071529,0.000323,-0.012991,0.036561,-0.03263,0.010703,0.129097,0.03989,0.05002,-0.041065,-0.42691,-0.370327,0.824987,0.667009,-0.744971,0.010752,0.61061,0.554865,0.565048,-0.035757,0.000173,-0.006445,0.039783,-0.028229,0.005806,-0.003201,0.077512,0.047119,-0.02247,-0.617535,0.597475,-0.51154,-0.644347,-0.757264,-0.106618,-0.451073,0.263769,0.852618,0.000453,0.002431,0.0015,0.008697,-0.072286,0.185129,-1.119769
2633,0.125217,-0.010428,0.408041,0.637335,-0.641486,-0.427019,0.701874,0.711939,-0.022067,0.31738,-0.284847,0.904521,0.001138,0.006051,0.003717,0.001261,-0.010476,0.026818,-1.891733,-0.181113,0.005448,0.3054,0.531888,0.250457,0.808924,-0.493944,0.867632,0.056288,-0.688393,-0.429821,0.584151,-0.056687,-0.009142,-0.004594,0.002143,-0.035593,0.022724,0.128967,0.039273,0.050024,-0.041169,-0.428262,-0.370533,0.824194,0.667165,-0.744815,0.011821,0.609492,0.554936,0.566183,-0.03574,0.001194,-0.005468,0.026497,0.082768,-0.155929,-0.003037,0.077478,0.047179,-0.022432,-0.617118,0.59782,-0.511639,-0.644655,-0.75696,-0.106907,-0.451202,0.263857,0.852522,0.000514,0.002751,0.001694,-4e-06,-7e-06,3.4e-05,-1.119932
2634,0.125151,-0.010185,0.408193,0.636685,-0.641971,-0.427259,0.702368,0.71144,-0.022444,0.317591,-0.285,0.904399,0.001088,0.005778,0.003541,0.001262,-0.010476,0.026818,-1.891748,-0.183782,0.005559,0.305022,0.538783,0.248629,0.804915,-0.493943,0.867178,0.06291,-0.683015,-0.431793,0.58899,-0.07151,0.003201,-0.0104,0.003533,-0.078253,0.059943,0.129153,0.037944,0.050077,-0.041353,-0.435572,-0.370126,0.820538,0.667396,-0.744473,0.018463,0.604035,0.555666,0.571293,-0.035743,0.001738,-0.005017,-0.092247,-0.080389,0.023217,-0.003037,0.077446,0.047303,-0.022355,-0.616475,0.598348,-0.511796,-0.645128,-0.756494,-0.10735,-0.451404,0.263996,0.852372,0.000475,0.002541,0.001559,2e-06,-3e-06,2.2e-05,-1.11732
2635,0.125186,-0.01,0.408306,0.637362,-0.641981,-0.426235,0.702828,0.711055,-0.020134,0.315215,-0.285934,0.904936,0.000783,0.004163,0.002547,-0.0,0.0,-0.0,-1.892267,-0.186536,0.005667,0.304668,0.540745,0.249023,0.803476,-0.494636,0.866671,0.064427,-0.68096,-0.432583,0.590786,-0.071537,0.003643,-0.010162,0.024446,0.079591,-0.153014,0.139034,0.036567,0.050132,-0.041529,-0.437605,-0.370857,0.819124,0.667979,-0.743909,0.020055,0.601917,0.555935,0.573263,-0.035758,0.001927,-0.004926,0.037707,-0.031481,0.007798,0.002841,0.077464,0.047399,-0.022295,-0.617277,0.598322,-0.510861,-0.645926,-0.756129,-0.105103,-0.449162,0.265101,0.853213,0.000386,0.002065,0.001263,0.002976,-0.001836,0.001565,-1.118953
2636,0.125201,-0.009918,0.408356,0.637064,-0.642197,-0.426354,0.703052,0.710829,-0.020302,0.315317,-0.286012,0.904875,0.000744,0.003956,0.002418,-0.0,0.0,-0.0,-1.891628,-0.187897,0.005691,0.304507,0.541513,0.24934,0.80286,-0.495172,0.866315,0.065079,-0.679959,-0.433113,0.59155,-0.071561,0.003748,-0.010159,0.024446,0.079495,-0.153063,0.140886,0.035887,0.050143,-0.04161,-0.43831,-0.37132,0.818538,0.668459,-0.74346,0.020684,0.600871,0.556226,0.574078,-0.035468,-0.003843,-0.0012,0.000716,-0.019466,-0.008296,0.007577,0.077471,0.047438,-0.022272,-0.616967,0.598562,-0.510954,-0.646138,-0.755917,-0.105328,-0.449284,0.265163,0.85313,0.000423,0.002261,0.001383,0.010402,-0.083014,0.212128,-1.119606
2637,0.125247,-0.009808,0.40847,0.637017,-0.64376,-0.42406,0.703501,0.710342,-0.021697,0.31441,-0.2837,0.905918,0.000617,0.003282,0.002004,0.00038,0.000914,0.000339,-1.89223,-0.19064,0.005653,0.304181,0.544402,0.24953,0.800845,-0.496678,0.865214,0.06819,-0.676545,-0.435202,0.593926,-0.071678,0.003123,-0.011002,-0.085725,-0.070215,0.01237,0.132521,0.034515,0.050126,-0.041772,-0.441029,-0.37211,0.816717,0.669851,-0.74212,0.023598,0.597321,0.557486,0.576554,-0.035837,0.001515,-0.005499,-0.381556,-0.471172,0.455768,0.006597,0.077494,0.047494,-0.022214,-0.61734,0.600179,-0.508601,-0.646436,-0.755451,-0.106831,-0.448342,0.262827,0.854347,0.000306,0.001635,0.000998,-0.003943,-0.009545,-0.003536,-1.119769
2638,0.125242,-0.009795,0.408609,0.637135,-0.645216,-0.421664,0.703892,0.709919,-0.022839,0.313297,-0.281447,0.907006,0.00041,0.002184,0.001332,0.002271,0.005464,0.002022,-1.891871,-0.193426,0.00545,0.303913,0.546758,0.250019,0.799085,-0.498775,0.863766,0.071164,-0.673093,-0.437792,0.595942,-0.07132,-0.009154,-0.004417,-0.012133,0.092108,-0.169432,0.113503,0.033143,0.050032,-0.041906,-0.443661,-0.372959,0.814902,0.671654,-0.740378,0.026821,0.593333,0.559232,0.578976,-0.035928,0.001018,-0.006115,0.024729,0.097998,-0.17967,-0.009242,0.077491,0.047503,-0.022149,-0.617894,0.601688,-0.506139,-0.646692,-0.75505,-0.108107,-0.447207,0.260517,0.855649,-0.006446,0.001394,0.000973,-0.007772,-0.001684,-0.035652,-1.119606
2639,0.125217,-0.009833,0.408717,0.637134,-0.645245,-0.421621,0.703996,0.709825,-0.022589,0.313066,-0.28162,0.907032,4.9e-05,0.000259,0.000158,1e-06,1e-06,1e-06,-1.892551,-0.196049,0.005129,0.303766,0.552561,0.248763,0.795477,-0.500137,0.8624,0.077862,-0.66732,-0.441188,0.599917,-0.071382,-0.007877,-0.003331,-0.000689,-0.021044,-0.006862,0.075446,0.03181,0.049866,-0.041984,-0.44952,-0.372982,0.811674,0.673125,-0.738777,0.033305,0.587224,0.56133,0.583159,-0.035689,-0.003947,-0.001632,0.003864,-0.015039,-0.013637,-0.039451,0.07748,0.047484,-0.022089,-0.617852,0.601602,-0.506294,-0.646839,-0.754978,-0.107735,-0.447054,0.260927,0.855604,1.2e-05,6.7e-05,4.1e-05,-0.000236,-0.000546,-0.000204,-1.119116
2640,0.12519,-0.009843,0.408759,0.637094,-0.645286,-0.421618,0.704064,0.709759,-0.022522,0.312994,-0.28169,0.907035,-0.000148,-0.009069,0.010306,-0.035647,0.012892,-0.018292,-1.892669,-0.197324,0.004992,0.303711,0.555919,0.247857,0.793418,-0.5005,0.861844,0.081594,-0.664253,-0.442781,0.602143,-0.071361,-0.006787,-0.002323,-0.00081,-0.021119,-0.006773,0.050045,0.031173,0.049796,-0.042013,-0.453089,-0.372768,0.809786,0.67354,-0.738222,0.037032,0.583998,0.562202,0.585554,-0.028598,-0.003341,-0.001518,-0.005395,0.082977,-0.147059,-0.069333,0.077466,0.047481,-0.022073,-0.617801,0.601652,-0.506297,-0.646916,-0.754916,-0.107705,-0.447013,0.260991,0.855606,3.9e-05,0.00022,0.000135,-2.6e-05,-6.8e-05,-2.4e-05,-1.121729
2641,0.125114,-0.009839,0.408811,0.636903,-0.645443,-0.421666,0.704248,0.709576,-0.022544,0.312969,-0.281792,0.907012,1.2e-05,6.4e-05,3.9e-05,0.0,0.0,0.0,-1.892797,-0.199754,0.004782,0.303654,0.561747,0.246192,0.789823,-0.500583,0.861193,0.087737,-0.659272,-0.444971,0.605992,-0.057123,-0.004713,-0.001279,0.000293,-0.037416,0.023706,0.040236,0.029974,0.049691,-0.042042,-0.459365,-0.372278,0.806469,0.673742,-0.737701,0.043229,0.578839,0.56321,0.589694,-0.028575,-0.002509,-0.000749,-0.005111,-0.044763,0.031856,-0.10738,0.077433,0.047478,-0.022044,-0.61761,0.601826,-0.506321,-0.647124,-0.754733,-0.107734,-0.446975,0.261116,0.855588,-1e-06,-1e-06,1e-06,5e-06,-4e-06,7e-06,-1.121892
2642,0.125056,-0.009824,0.408809,0.636546,-0.645708,-0.421801,0.704511,0.709308,-0.022772,0.313105,-0.281861,0.906944,-1.5e-05,-7.9e-05,-4.8e-05,0.0,0.0,0.0,-1.892202,-0.201995,0.004569,0.303604,0.562643,0.246659,0.789039,-0.501513,0.860547,0.088749,-0.657798,-0.445961,0.606864,-0.057229,-0.004823,-0.001532,-0.008178,0.060821,-0.116981,0.003778,0.028854,0.049587,-0.042064,-0.460115,-0.372922,0.805743,0.674566,-0.736892,0.044152,0.57728,0.563842,0.590616,-0.028659,-0.002859,-0.001183,-0.009227,0.077944,-0.141391,-0.127301,0.077398,0.047486,-0.022045,-0.617275,0.6021,-0.506404,-0.647359,-0.754496,-0.107984,-0.447098,0.261169,0.855507,-1.5e-05,-7.4e-05,-4.4e-05,9e-06,3e-06,4e-06,-1.121402
2643,0.125014,-0.009827,0.408796,0.636413,-0.645806,-0.42185,0.704603,0.709213,-0.022872,0.313167,-0.281873,0.906918,-0.013164,0.001309,0.001046,-0.000984,0.014715,-0.029553,-1.892342,-0.203071,0.004409,0.303563,0.561271,0.247757,0.789673,-0.502611,0.860029,0.087552,-0.658131,-0.446354,0.606214,-0.057479,-0.006651,-0.003473,0.001028,-0.03619,0.02239,-0.045583,0.028316,0.049511,-0.04208,-0.458526,-0.373712,0.806283,0.675464,-0.736141,0.042929,0.577495,0.5643,0.589969,-0.028741,-0.003354,-0.001725,-0.00968,0.077367,-0.140735,-0.163715,0.077377,0.047484,-0.022051,-0.617144,0.602208,-0.506436,-0.647443,-0.754407,-0.108097,-0.447156,0.261178,0.855474,-0.006585,0.00064,0.000515,-0.000976,0.014708,-0.029544,-1.122218
2644,0.124979,-0.009846,0.408774,0.63595,-0.646143,-0.422033,0.704943,0.708865,-0.023157,0.313342,-0.281974,0.906826,-6.1e-05,-0.000321,-0.000196,0.008743,-0.072148,0.185135,-1.89285,-0.204974,0.004059,0.303432,0.558522,0.252768,0.790034,-0.505737,0.858651,0.08296,-0.65807,-0.446205,0.606388,-0.057302,-0.018585,0.003559,-0.045864,0.091278,-0.156872,-0.118198,0.027321,0.04933,-0.04215,-0.454697,-0.378134,0.80639,0.678066,-0.734009,0.038147,0.577473,0.564131,0.590152,-0.028655,-0.009331,0.001771,-0.047859,0.095848,-0.154203,-0.250749,0.07736,0.047474,-0.022063,-0.616684,0.602574,-0.50656,-0.647765,-0.754084,-0.108427,-0.447324,0.261267,0.855359,-2.7e-05,-0.000147,-8.9e-05,0.008754,-0.072135,0.18514,-1.122545
2645,0.124997,-0.009849,0.40876,0.635686,-0.64633,-0.422145,0.705131,0.708673,-0.023327,0.313455,-0.282031,0.90677,-0.0,-1e-06,-0.0,0.0,0.0,0.0,-1.892658,-0.206684,0.003789,0.303205,0.565704,0.256187,0.783797,-0.507875,0.85703,0.08658,-0.650243,-0.447375,0.613923,-0.043667,-0.008206,-0.006114,0.020031,-0.28872,-0.071682,-0.163903,0.026467,0.049195,-0.042262,-0.461382,-0.382365,0.800576,0.679837,-0.732152,0.042113,0.570042,0.563692,0.597747,-0.02183,-0.004095,-0.003018,0.048061,-0.342545,-0.109352,-0.304635,0.077369,0.047472,-0.02207,-0.616421,0.602778,-0.506639,-0.647942,-0.753904,-0.108622,-0.447432,0.261316,0.855287,4e-06,1.8e-05,1.1e-05,6e-06,-1e-06,1e-06,-1.123525
2646,0.125001,-0.009819,0.408754,0.636819,-0.645998,-0.420944,0.705219,0.708664,-0.020789,0.310952,-0.282811,0.907388,4e-06,2.3e-05,1.4e-05,-0.0,0.0,-0.0,-1.892321,-0.208362,0.003533,0.303004,0.580656,0.25317,0.77378,-0.507259,0.855842,0.100785,-0.637423,-0.451349,0.624371,-0.043588,-0.006743,-0.004705,-0.005457,-0.072731,0.060743,-0.170969,0.025643,0.049067,-0.042364,-0.477129,-0.383111,0.790931,0.67985,-0.731214,0.055934,0.556911,0.564403,0.609342,-0.02179,-0.00336,-0.002311,-0.034804,-0.070379,0.099625,-0.330272,0.077371,0.047488,-0.022073,-0.617687,0.602368,-0.505583,-0.648364,-0.753901,-0.106095,-0.445068,0.262269,0.856229,2e-06,5e-06,5e-06,0.002189,-0.001331,0.001119,-1.123851
2647,0.125002,-0.009819,0.408766,0.636815,-0.646003,-0.420942,0.705232,0.708653,-0.020769,0.310933,-0.282828,0.90739,6e-06,3e-05,1.9e-05,-0.0,0.0,-0.0,-1.892304,-0.209178,0.003411,0.302935,0.594696,0.247206,0.764995,-0.504656,0.85545,0.116026,-0.626457,-0.455374,0.632495,-0.043397,-0.004877,-0.00282,-1.271495,-1.699756,1.915972,-0.170779,0.025219,0.049001,-0.042403,-0.491865,-0.380011,0.783364,0.677993,-0.731652,0.070778,0.546254,0.565929,0.617519,-0.021695,-0.002407,-0.001348,-1.261194,-1.681646,1.903283,-0.334027,0.077371,0.047488,-0.022067,-0.617673,0.602377,-0.505589,-0.648377,-0.753889,-0.106096,-0.445068,0.26228,0.856225,1e-06,5e-06,3e-06,0.000297,-0.00018,0.000142,-1.123851
2648,0.124975,-0.009815,0.408793,0.636865,-0.645975,-0.42091,0.705214,0.708672,-0.020697,0.310871,-0.282842,0.907406,7.7e-05,0.000407,0.000248,0.0,0.0,0.0,-1.892711,-0.210793,0.003205,0.302879,0.610238,0.23994,0.755004,-0.49865,0.856825,0.130892,-0.616244,-0.456663,0.641535,-0.029096,-0.00414,-0.002859,0.015061,-0.179954,0.243989,-0.171983,0.024439,0.048902,-0.042428,-0.509216,-0.37597,0.774173,0.673241,-0.734382,0.086181,0.536138,0.565091,0.627078,-0.021443,-0.006966,0.003654,-0.01939,-0.164161,0.220086,-0.337946,0.077363,0.047489,-0.022054,-0.617703,0.602361,-0.505571,-0.648381,-0.753894,-0.106037,-0.44502,0.262304,0.856243,5.7e-05,0.000305,0.000186,1.1e-05,1e-06,-5e-06,-1.122545
2649,0.124848,-0.009798,0.408817,0.636994,-0.645899,-0.42083,0.705132,0.708756,-0.020611,0.310793,-0.282804,0.907445,-0.01309,0.0017,0.001284,-0.000984,0.014715,-0.029553,-1.892148,-0.212433,0.002959,0.30294,0.618081,0.238649,0.749009,-0.49468,0.858515,0.134823,-0.611614,-0.454154,0.647716,-0.043262,-0.002829,-0.000863,0.006911,-0.066789,0.040696,-0.19935,0.023624,0.048784,-0.0424,-0.517604,-0.376462,0.76835,0.669805,-0.737051,0.090092,0.532397,0.561276,0.633656,-0.021629,-0.001395,-0.000383,-0.005831,-0.045817,0.050497,-0.345294,0.0773,0.047498,-0.022041,-0.617837,0.602277,-0.505508,-0.648306,-0.753973,-0.10594,-0.444945,0.262271,0.856292,-2e-06,-9e-06,-4e-06,2e-06,0.0,-9e-06,-1.121239
2650,0.12476,-0.009801,0.408841,0.638387,-0.646898,-0.417169,0.705428,0.708499,-0.019282,0.307249,-0.281165,0.909159,-0.00012,-0.000633,-0.000386,0.154711,0.374072,0.138236,-1.892211,-0.213262,0.002783,0.303019,0.620286,0.240412,0.746619,-0.494532,0.858648,0.134522,-0.609499,-0.452974,0.65053,-0.042963,-0.013529,0.007551,-0.013254,-0.120018,0.011764,-0.248017,0.023209,0.048695,-0.042362,-0.519644,-0.378446,0.765995,0.669546,-0.737303,0.089944,0.530732,0.559608,0.636522,-0.021482,-0.006756,0.003814,-0.013346,-0.133579,-0.000723,-0.371094,0.077251,0.047499,-0.022028,-0.619453,0.602238,-0.503574,-0.648701,-0.753946,-0.10369,-0.442114,0.262438,0.857706,-0.006628,0.000405,0.000367,0.276357,0.672605,0.215722,-1.121565
2651,0.124529,-0.009808,0.408865,0.639014,-0.646475,-0.416865,0.704983,0.708953,-0.018902,0.306968,-0.280995,0.909307,-0.013116,0.001572,0.001205,-0.000951,0.014794,-0.029524,-1.892165,-0.214825,0.00239,0.303332,0.62583,0.252041,0.738108,-0.497889,0.857478,0.129506,-0.601035,-0.448864,0.661166,-0.04257,-0.010238,0.010905,0.084558,-0.468895,-0.235846,-0.389545,0.022411,0.048493,-0.04221,-0.523109,-0.389687,0.757958,0.671995,-0.735592,0.085593,0.524194,0.554119,0.646662,-0.021282,-0.005034,0.005569,0.159169,-0.550166,-0.520693,-0.47805,0.07714,0.047492,-0.022018,-0.620396,0.602737,-0.501813,-0.648369,-0.754154,-0.104243,-0.441276,0.260688,0.858671,-1.2e-05,-6.1e-05,-3.5e-05,-0.001452,-0.003672,-0.001306,-1.120095
2652,0.124251,-0.009787,0.408883,0.640756,-0.645732,-0.415339,0.704616,0.709389,-0.015991,0.304172,-0.281601,0.910059,-7e-06,-3.6e-05,-2.2e-05,0.0,0.0,0.0,-1.892686,-0.216165,0.001955,0.303868,0.637041,0.27432,0.72036,-0.503726,0.85547,0.11985,-0.584149,-0.439562,0.682216,-0.028053,-0.008613,0.011905,0.149921,-0.709069,-0.362675,-0.502484,0.021736,0.048276,-0.041941,-0.530371,-0.413685,0.73998,0.676703,-0.732364,0.075591,0.510664,0.540839,0.668367,-0.021031,-0.009464,0.010724,0.20284,-0.907334,-0.553878,-0.609662,0.076996,0.047503,-0.022009,-0.622294,0.601844,-0.500532,-0.648347,-0.754582,-0.101249,-0.438629,0.261512,0.859775,-0.006546,0.000853,0.000646,0.001545,0.013085,-0.028284,-1.120749
2653,0.124093,-0.009774,0.408894,0.640962,-0.645602,-0.415225,0.704466,0.709539,-0.015887,0.304084,-0.281521,0.910113,-0.013108,0.001617,0.001231,-0.000984,0.014715,-0.029553,-1.892774,-0.216689,0.001704,0.304161,0.647234,0.285465,0.706815,-0.505351,0.854814,0.117677,-0.571395,-0.433717,0.696606,-0.028071,-0.008624,0.01188,0.170546,-0.846368,-0.215823,-0.55022,0.021474,0.048153,-0.041792,-0.538552,-0.426802,0.726499,0.678168,-0.731259,0.073125,0.500049,0.53207,0.683265,-0.006903,-0.004443,0.005508,0.254376,-1.068059,-0.324123,-0.659955,0.076922,0.047509,-0.022004,-0.622472,0.601718,-0.500462,-0.648214,-0.754708,-0.10116,-0.438573,0.261437,0.859827,-9e-06,-4e-05,-1.9e-05,0.000333,-0.000212,0.000153,-1.119769
2654,0.123778,-0.009755,0.408948,0.641607,-0.645177,-0.414888,0.704017,0.709995,-0.015481,0.303765,-0.281349,0.910273,-0.013089,0.00172,0.001293,-0.000984,0.014715,-0.029553,-1.892425,-0.217626,0.001076,0.304977,0.683861,0.299777,0.665175,-0.49471,0.860563,0.120946,-0.537009,-0.412161,0.735941,-0.02709,-0.02706,0.031888,0.211897,-1.350072,-0.07986,-0.626695,0.021015,0.047846,-0.041406,-0.572782,-0.446401,0.687493,0.668995,-0.739228,0.077377,0.473673,0.50425,0.722056,-0.006539,-0.008272,0.011317,0.064146,-1.322492,0.207326,-0.749928,0.076764,0.047519,-0.021976,-0.623125,0.601252,-0.50021,-0.647791,-0.755132,-0.100698,-0.43827,0.261284,0.860028,-0.006543,0.000868,0.000655,-0.000974,0.014708,-0.029558,-1.11634
2655,0.123479,-0.009752,0.408979,0.641908,-0.644998,-0.414701,0.703819,0.710195,-0.015289,0.303587,-0.281254,0.910361,-0.013278,0.00075,0.000699,-0.000984,0.014715,-0.029553,-1.892372,-0.218554,0.000308,0.306191,0.727089,0.292362,0.621175,-0.457468,0.880912,0.121044,-0.512708,-0.372551,0.773434,-0.040725,-0.022143,0.037555,3.737227,-0.861997,4.250105,-0.724104,0.020531,0.047446,-0.040778,-0.618512,-0.449675,0.644386,0.638235,-0.765862,0.078164,0.458363,0.459616,0.760694,-0.020332,-0.010996,0.018987,3.684205,-0.757685,4.288057,-0.839575,0.076615,0.047522,-0.02196,-0.623435,0.601053,-0.500062,-0.647607,-0.75532,-0.10048,-0.4381,0.261201,0.86014,-0.000125,-0.000641,-0.000388,-3e-06,1e-06,-7e-06,-1.116503
2656,0.123292,-0.009735,0.409005,0.642052,-0.644918,-0.414602,0.703727,0.710288,-0.015198,0.303496,-0.281202,0.910408,-0.000194,-0.009217,0.010218,-0.035632,0.013034,-0.018221,-1.892432,-0.219949,-0.000637,0.307828,0.754494,0.305987,0.580604,-0.448138,0.886449,0.115381,-0.480304,-0.347638,0.805183,-0.040328,-0.031595,0.047272,0.260157,-1.363754,0.068033,-0.755711,0.019849,0.046989,-0.039974,-0.644487,-0.466989,0.605439,0.629043,-0.773969,0.072632,0.434674,0.427658,0.792569,-0.020183,-0.009618,0.020261,0.095588,-1.032472,0.579029,-0.89444,0.076521,0.047532,-0.021952,-0.623573,0.600971,-0.499989,-0.647518,-0.755405,-0.100407,-0.438036,0.261141,0.860191,4.7e-05,0.00024,0.00015,0.008826,-0.0721,0.185142,-1.11732
2657,0.123254,-0.009729,0.409021,0.64201,-0.644956,-0.414608,0.70377,0.710246,-0.015202,0.303486,-0.281222,0.910405,1.9e-05,9.9e-05,6e-05,0.008831,-0.0721,0.18515,-1.892536,-0.220788,-0.001137,0.308711,0.767298,0.310101,0.561323,-0.442988,0.889143,0.114541,-0.464526,-0.336944,0.81887,-0.040167,-0.030375,0.048486,0.220007,-1.234631,0.196654,-0.786317,0.01943,0.046738,-0.039533,-0.657003,-0.473827,0.586373,0.624768,-0.777505,0.071749,0.421912,0.413487,0.806856,-0.027324,-0.009208,0.020942,0.245775,-1.257806,0.106381,-0.888399,0.076498,0.047533,-0.021939,-0.623679,0.6009,-0.499943,-0.647469,-0.755462,-0.1003,-0.437958,0.261143,0.86023,1.1e-05,5.9e-05,3.7e-05,1e-06,-2e-06,-3e-06,-1.116993
2658,0.123174,-0.009748,0.409047,0.643386,-0.644458,-0.413247,0.703681,0.710387,-0.01241,0.300769,-0.282004,0.911065,-1e-06,-7e-06,-4e-06,-0.008837,0.072086,-0.185155,-1.892598,-0.222787,-0.002114,0.310745,0.780019,0.317046,0.539484,-0.434224,0.894964,0.102085,-0.451419,-0.314293,0.835047,-0.05362,-0.024397,0.055014,0.035517,-0.632024,0.349908,-0.959926,0.018435,0.046244,-0.038522,-0.668906,-0.484579,0.56369,0.617394,-0.784494,0.058239,0.41399,0.386976,0.823929,-0.026927,-0.012661,0.027073,0.036709,-0.573695,0.303345,-0.893624,0.076457,0.047523,-0.021926,-0.625076,0.600402,-0.498795,-0.647823,-0.755514,-0.097582,-0.435436,0.262135,0.861208,-1e-06,2e-06,3e-06,-0.00765,0.071381,-0.184566,-1.11732
2659,0.123124,-0.009741,0.409052,0.643481,-0.644395,-0.413198,0.703611,0.710457,-0.012361,0.30073,-0.281971,0.911087,-0.0,-0.0,-0.0,0.0,0.0,0.0,-1.892766,-0.224985,-0.00308,0.312953,0.782127,0.325153,0.531549,-0.428839,0.89972,0.080848,-0.452925,-0.291601,0.842432,-0.067681,-0.022173,0.057591,0.529715,0.040065,-0.218794,-1.16,0.017317,0.045756,-0.037393,-0.670064,-0.492275,0.555589,0.61185,-0.790065,0.037887,0.420301,0.365324,0.830593,-0.033868,-0.010985,0.028933,0.554234,0.115234,-0.233521,-0.901299,0.076433,0.047527,-0.021924,-0.625165,0.600335,-0.498763,-0.647754,-0.755579,-0.097536,-0.435409,0.262101,0.861232,-1e-06,1e-06,4e-06,2.8e-05,-1.2e-05,-2e-06,-1.117483
2660,0.123123,-0.009748,0.409048,0.643383,-0.644466,-0.413238,0.703686,0.710382,-0.012415,0.300764,-0.281997,0.911068,-0.000245,-0.00126,-0.000768,0.0,0.0,0.0,-1.892627,-0.226191,-0.00362,0.314108,0.783161,0.328422,0.528005,-0.426813,0.901382,0.072622,-0.453054,-0.282657,0.845405,-0.053649,-0.024141,0.054988,0.267193,-0.53241,-0.05293,-1.236975,0.016734,0.045499,-0.036833,-0.670279,-0.49437,0.553465,0.609636,-0.792082,0.030795,0.423166,0.358053,0.832302,-0.033953,-0.017182,0.0323,0.63508,-0.096083,-0.409233,-0.898196,0.076433,0.047526,-0.021924,-0.625068,0.600413,-0.498792,-0.647826,-0.755509,-0.0976,-0.435442,0.262124,0.861208,-0.000146,-0.000741,-0.000448,-0.00127,0.010447,-0.026839,-1.118789
2661,0.123133,-0.00975,0.409047,0.643364,-0.644479,-0.413248,0.7037,0.710368,-0.012425,0.300772,-0.282003,0.911064,-0.0,-0.0,-0.0,0.0,0.0,0.0,-1.892632,-0.228605,-0.004726,0.316344,0.780961,0.340267,0.523746,-0.437761,0.896272,0.070678,-0.446337,-0.28491,0.848217,-0.053795,-0.024563,0.054392,-0.19968,-0.148129,0.067063,-1.385553,0.015507,0.044936,-0.035695,-0.66603,-0.506656,0.54745,0.619413,-0.784584,0.027462,0.415607,0.357389,0.836386,-0.026944,-0.012298,0.027221,-0.228806,-0.110459,0.089938,-0.900156,0.076437,0.047522,-0.021926,-0.625049,0.600426,-0.498799,-0.647839,-0.755497,-0.097612,-0.43545,0.26213,0.861202,-1e-06,5e-06,6e-06,8e-06,-0.0,-8e-06,-1.119279
2662,0.123127,-0.009726,0.409061,0.64322,-0.644586,-0.413307,0.703811,0.710257,-0.012506,0.300821,-0.28204,0.911036,0.000187,0.00096,0.000585,0.0,0.0,0.0,-1.892416,-0.230784,-0.005445,0.318577,0.769372,0.374058,0.517822,-0.477077,0.875476,0.076639,-0.425625,-0.306484,0.851336,-0.052387,-0.005884,0.053532,-0.348693,-0.190422,-0.179297,-1.40522,0.014455,0.044575,-0.034632,-0.648618,-0.535799,0.540567,0.652437,-0.75715,0.032376,0.391944,0.373685,0.840677,-0.026267,-0.00306,0.026767,-2.968421,-0.453882,-4.619804,-0.901789,0.076434,0.047532,-0.02192,-0.624906,0.600542,-0.498839,-0.647946,-0.755393,-0.097708,-0.435497,0.262163,0.861168,0.000122,0.000632,0.000386,1.2e-05,-1e-05,0.0,-1.118953
2663,0.123049,-0.009723,0.409077,0.643384,-0.644478,-0.41322,0.703698,0.710371,-0.012398,0.300735,-0.282,0.911077,-0.013086,0.001742,0.001303,-0.000984,0.014715,-0.029553,-1.891829,-0.232739,-0.005721,0.3209,0.761528,0.395552,0.513424,-0.50467,0.858871,0.087076,-0.407464,-0.325926,0.852999,-0.051465,-0.001745,0.057272,-2.719813,-1.822926,-0.268995,-1.404882,0.013477,0.044437,-0.03347,-0.637763,-0.552297,0.536866,0.673199,-0.738371,0.040123,0.374246,0.387007,0.842712,-0.018706,-0.001609,0.027741,-0.11488,0.154867,-0.228372,-0.897216,0.076395,0.047536,-0.021911,-0.625072,0.600423,-0.498773,-0.64784,-0.755499,-0.097584,-0.435415,0.262128,0.86122,-0.006545,0.000862,0.000647,-0.00099,0.014711,-0.02956,-1.119116
2664,0.12297,-0.009712,0.409085,0.643535,-0.644377,-0.413141,0.703586,0.710483,-0.012319,0.300674,-0.281947,0.911114,0.0,0.0,0.0,0.0,0.0,0.0,-1.891441,-0.233646,-0.005864,0.322006,0.75633,0.40553,0.513324,-0.517332,0.850981,0.090176,-0.401196,-0.33428,0.852738,-0.051646,-0.013957,0.064223,-0.998451,-0.073002,-1.520311,-1.404756,0.013006,0.04437,-0.03289,-0.629951,-0.563437,0.534509,0.686999,-0.725253,0.045165,0.362207,0.395659,0.843954,-0.025873,-0.001386,0.028166,-2.941728,-0.439174,-4.777711,-0.894114,0.07636,0.04754,-0.021908,-0.625206,0.600326,-0.498722,-0.647745,-0.755591,-0.097502,-0.435363,0.262086,0.861259,-2e-06,-6e-06,-1e-06,-7e-06,-6e-06,-5e-06,-1.119442
2665,0.122785,-0.00968,0.409108,0.643769,-0.642736,-0.415327,0.703044,0.711045,-0.010762,0.301438,-0.284261,0.910142,0.0,1e-06,0.0,-0.022237,-0.053137,-0.019596,-1.891938,-0.235294,-0.006187,0.324142,0.748695,0.422386,0.510918,-0.537366,0.83795,0.094926,-0.388954,-0.346159,0.853669,-0.037816,-0.006264,0.052021,-1.643164,-2.127897,0.892581,-1.404723,0.012163,0.044207,-0.031794,-0.617755,-0.577796,0.533414,0.704999,-0.70743,0.050179,0.34836,0.407054,0.844364,-0.018964,-0.003209,0.025963,-1.641848,-2.126358,0.894623,-0.892318,0.076263,0.047557,-0.021896,-0.625009,0.59852,-0.501136,-0.647353,-0.756154,-0.095726,-0.43623,0.264583,0.860057,-2e-06,-8e-06,-2e-06,-0.016102,-0.038775,-0.014583,-1.118953
2666,0.122651,-0.009647,0.409131,0.644001,-0.642584,-0.415203,0.702873,0.711216,-0.010642,0.301343,-0.284178,0.910199,1.1e-05,5.8e-05,3.5e-05,-4e-06,-1e-05,-4e-06,-1.89184,-0.236408,-0.006328,0.326299,0.736306,0.448077,0.507022,-0.56853,0.81592,0.104793,-0.367644,-0.365987,0.854842,-0.022344,-0.001542,0.055871,-0.106316,0.016343,-0.00845,-1.405077,0.011621,0.044129,-0.030766,-0.600804,-0.601849,0.526129,0.731575,-0.679255,0.058397,0.32223,0.419988,0.848397,-0.011231,-0.006284,0.032111,-0.143513,0.041562,-0.035104,-0.891338,0.076196,0.047574,-0.021884,-0.625297,0.598486,-0.500816,-0.647196,-0.756289,-0.095721,-0.43605,0.264272,0.860244,5e-06,2.7e-05,1.9e-05,0.000617,0.001473,0.000531,-1.119116
2667,0.122505,-0.00962,0.40915,0.644268,-0.642407,-0.415063,0.702674,0.711414,-0.010503,0.301233,-0.284084,0.910265,1e-06,7e-06,4e-06,-0.0,-0.0,-0.0,-1.891955,-0.237108,-0.006608,0.328556,0.731268,0.466414,0.497691,-0.586491,0.802412,0.10999,-0.348957,-0.372917,0.859666,-0.008448,-0.014916,0.061268,-0.029911,-0.187619,-0.158219,-1.405064,0.011258,0.044001,-0.029611,-0.592645,-0.618143,0.5164,0.746316,-0.662563,0.063403,0.302956,0.422974,0.853996,-0.011268,-0.006562,0.031703,0.024216,-0.272126,-0.206994,-0.88546,0.076123,0.047588,-0.021874,-0.625571,0.598299,-0.500698,-0.647006,-0.756472,-0.095563,-0.435939,0.264174,0.86033,-2e-06,-9e-06,-4e-06,1.2e-05,3e-05,1.3e-05,-1.119769
2668,0.122437,-0.00961,0.409169,0.644283,-0.642407,-0.41504,0.702675,0.711414,-0.010477,0.3012,-0.284085,0.910275,0.000152,0.000774,0.000472,-0.0,-0.0,-0.0,-1.891909,-0.23741,-0.006902,0.329708,0.72788,0.474885,0.494637,-0.593787,0.797213,0.108637,-0.343641,-0.373388,0.8616,-0.008977,-0.017454,0.058774,0.017742,-0.282783,-0.217753,-1.405028,0.011109,0.043859,-0.02903,-0.587775,-0.625318,0.513319,0.752192,-0.656005,0.062159,0.297871,0.42265,0.855943,-0.004552,-0.008846,0.029289,0.113141,-0.437152,-0.290087,-0.888889,0.076089,0.047591,-0.021866,-0.625588,0.598298,-0.500677,-0.64701,-0.756471,-0.095537,-0.435908,0.264177,0.860345,0.0001,0.000512,0.000312,3e-06,3e-06,2e-06,-1.120422
2669,0.122308,-0.009601,0.409178,0.644317,-0.642397,-0.415001,0.702655,0.711434,-0.010467,0.301174,-0.284055,0.910293,-0.0,-1e-06,-1e-06,-0.0,-0.0,-0.0,-1.892012,-0.237668,-0.007634,0.332017,0.724129,0.489011,0.48631,-0.603828,0.790153,0.10481,-0.333901,-0.370165,0.866805,-0.008554,-0.015462,0.060459,0.009444,-0.279489,-0.179521,-1.405046,0.010978,0.043485,-0.027883,-0.581496,-0.63855,0.504098,0.760401,-0.646882,0.057733,0.289226,0.416889,0.861714,0.002603,-0.009003,0.028845,0.078677,-0.481832,-0.055641,-0.886113,0.076025,0.047597,-0.021861,-0.625627,0.598286,-0.500643,-0.64699,-0.75649,-0.095524,-0.435882,0.264149,0.860366,-1e-06,-2e-06,1e-06,1.2e-05,5e-06,5e-06,-1.120912
2670,0.122256,-0.009609,0.409174,0.644331,-0.642393,-0.414986,0.702647,0.711442,-0.010462,0.301164,-0.284044,0.9103,-4.9e-05,-0.000249,-0.000152,-0.0,-0.0,-0.0,-1.891941,-0.237502,-0.008093,0.334391,0.715222,0.508884,0.479047,-0.621403,0.776652,0.102975,-0.320535,-0.371978,0.871064,0.006522,-0.011984,0.062995,-0.086365,-0.103712,-0.033115,-1.404537,0.011052,0.043255,-0.026724,-0.568743,-0.656594,0.495394,0.774853,-0.62975,0.054909,0.275922,0.415087,0.86693,0.003189,-0.000795,0.027031,-0.075215,-0.125131,-0.064412,-0.884806,0.075999,0.047593,-0.021863,-0.625642,0.598281,-0.500629,-0.646982,-0.756498,-0.095519,-0.435873,0.264138,0.860374,-3.1e-05,-0.000153,-9.1e-05,0.0,-3e-06,2e-06,-1.121402
2671,0.122245,-0.009615,0.40917,0.644252,-0.642452,-0.415017,0.702707,0.711381,-0.010507,0.30119,-0.284063,0.910286,-8e-05,-0.000407,-0.000248,-0.0,-0.0,-0.0,-1.891781,-0.237422,-0.008195,0.335491,0.709163,0.518939,0.477264,-0.631637,0.768294,0.103404,-0.313895,-0.375447,0.871993,0.006389,-0.001795,0.053715,-0.113054,-0.036794,0.000723,-1.404836,0.011093,0.0432,-0.026163,-0.560779,-0.665124,0.493088,0.783144,-0.619388,0.055164,0.268722,0.417094,0.868228,0.003183,-0.006163,0.031272,-0.394786,-0.028719,-0.400312,-0.886439,0.075993,0.04759,-0.021864,-0.625564,0.598345,-0.50065,-0.64704,-0.756441,-0.095571,-0.435898,0.264155,0.860356,-5.1e-05,-0.000257,-0.000155,3e-06,-4e-06,5e-06,-1.121565
2672,0.122245,-0.009601,0.409155,0.644227,-0.642466,-0.415035,0.702709,0.711379,-0.010567,0.301241,-0.284038,0.910277,-0.0,-0.0,-0.0,-0.0,-0.0,-0.0,-1.89134,-0.237243,-0.008452,0.337535,0.702404,0.529086,0.476119,-0.642789,0.758713,0.105411,-0.306334,-0.380757,0.87238,0.005626,-0.005303,0.050275,-0.102846,0.001574,0.026765,-1.404836,0.011187,0.043078,-0.025114,-0.552053,-0.673395,0.491708,0.792188,-0.607577,0.057333,0.260143,0.421176,0.86887,0.002796,-0.002578,0.025202,-0.106827,0.010385,0.032235,-0.877622,0.075993,0.047597,-0.021872,-0.625538,0.598361,-0.500665,-0.647034,-0.756439,-0.095631,-0.435945,0.264126,0.860341,1e-06,7e-06,6e-06,1e-06,-6e-06,2e-06,-1.121239
2673,0.122243,-0.009615,0.409146,0.64426,-0.642442,-0.415021,0.702683,0.711404,-0.010549,0.301229,-0.284029,0.910283,-0.000292,-0.001484,-0.000905,-0.001287,0.010446,-0.026828,-1.891651,-0.236979,-0.008704,0.339477,0.692116,0.541571,0.477146,-0.657887,0.745181,0.108731,-0.29753,-0.389849,0.87141,0.005191,-0.00726,0.048308,-2.739983,-0.598913,-4.788853,-1.404549,0.011317,0.042956,-0.02416,-0.543484,-0.679974,0.492199,0.800611,-0.596122,0.060488,0.25228,0.426935,0.868378,0.009531,0.000891,0.018834,-0.063974,-0.027574,0.074449,-0.869294,0.075992,0.047593,-0.021874,-0.625555,0.598347,-0.50066,-0.647022,-0.756451,-0.09562,-0.435939,0.264123,0.860345,1e-06,8e-06,6e-06,-1e-06,-0.0,1e-06,-1.121075
2674,0.122233,-0.009614,0.409147,0.644279,-0.642429,-0.415011,0.702669,0.711418,-0.010539,0.301222,-0.284022,0.910288,-4e-06,-2.2e-05,-1.3e-05,-0.0,-0.0,-0.0,-1.891884,-0.236862,-0.008706,0.340268,0.685205,0.549858,0.477641,-0.667425,0.736483,0.109866,-0.29221,-0.394767,0.870997,0.00525,0.003846,0.039885,-0.870208,-0.096634,-1.573595,-1.404562,0.011377,0.042946,-0.023745,-0.53222,-0.688958,0.492014,0.810638,-0.582309,0.061485,0.244144,0.431569,0.868413,0.002494,0.001797,0.019868,-2.711292,-0.613253,-4.767169,-0.867171,0.075987,0.04759,-0.021876,-0.62559,0.59832,-0.500648,-0.646996,-0.756476,-0.095597,-0.435926,0.264112,0.860355,-0.0,1e-06,-1e-06,2e-06,-8e-06,6e-06,-1.121239
2675,0.122233,-0.009607,0.40914,0.644153,-0.642519,-0.415067,0.702757,0.71133,-0.010632,0.301286,-0.28404,0.910261,-0.0,-0.0,-0.0,-0.0,-0.0,-0.0,-1.892292,-0.236693,-0.008493,0.341849,0.670995,0.566262,0.478649,-0.686143,0.718784,0.111759,-0.281589,-0.404129,0.870202,0.005342,0.004412,0.040168,-0.06897,-0.01328,0.039553,-1.40441,0.011459,0.043049,-0.022971,-0.513639,-0.702995,0.491905,0.826313,-0.559679,0.062969,0.231042,0.438812,0.868367,-0.004332,0.002887,0.020925,-0.089826,-0.001693,-0.023612,-0.870274,0.075987,0.047594,-0.02188,-0.625464,0.598419,-0.500688,-0.647077,-0.756394,-0.095703,-0.435988,0.264126,0.86032,-0.0,4e-06,4e-06,-1e-06,-1e-06,1e-06,-1.121075
2676,0.12223,-0.009615,0.409123,0.644173,-0.642502,-0.415062,0.702733,0.711354,-0.010644,0.3013,-0.284018,0.910263,-1.9e-05,-9.5e-05,-5.8e-05,-0.0,-0.0,-0.0,-1.89198,-0.236638,-0.008174,0.343193,0.663095,0.57463,0.479684,-0.696018,0.709028,0.113014,-0.275986,-0.409535,0.869469,-0.009064,0.014286,0.031029,-0.044434,0.085254,-0.143026,-1.404563,0.011494,0.04321,-0.022278,-0.50418,-0.709488,0.492369,0.833946,-0.548103,0.064151,0.224355,0.442953,0.868018,0.002344,0.000754,0.018715,-0.067969,0.002097,0.019515,-0.874192,0.075986,0.04759,-0.021888,-0.625484,0.5984,-0.500686,-0.647049,-0.756416,-0.095711,-0.436001,0.264103,0.86032,-9e-06,-4.6e-05,-2.7e-05,1e-06,3e-06,7e-06,-1.121075
2677,0.122228,-0.009615,0.409099,0.644181,-0.642492,-0.415066,0.702709,0.711377,-0.010685,0.301339,-0.283984,0.910261,0.000179,0.009092,-0.010294,0.035622,-0.013118,0.01818,-1.892205,-0.236805,-0.007758,0.344472,0.655113,0.582915,0.480656,-0.705674,0.699256,0.11402,-0.270446,-0.41462,0.8688,-0.009197,0.013496,0.030158,-0.046673,0.099043,-0.169224,-1.404611,0.01141,0.043418,-0.021639,-0.494644,-0.715897,0.492765,0.841346,-0.536571,0.065015,0.21786,0.446745,0.867729,-0.004531,0.007171,0.015448,-0.034458,-0.011893,0.027711,-0.878112,0.075984,0.047587,-0.021896,-0.625503,0.598382,-0.500683,-0.647022,-0.756439,-0.095719,-0.436013,0.264081,0.860321,-6e-05,-0.000306,-0.000186,-1e-06,-2e-06,4e-06,-1.121075
2678,0.122225,-0.009623,0.409082,0.644087,-0.642558,-0.415109,0.702772,0.711314,-0.010761,0.301392,-0.283993,0.910241,-0.000127,-0.000645,-0.000394,0.0,0.0,0.0,-1.891845,-0.236985,-0.007511,0.345073,0.647562,0.590895,0.481143,-0.714544,0.69013,0.114377,-0.265266,-0.418611,0.868483,-0.009344,0.012682,0.029368,-0.832436,-0.18775,-1.435011,-1.404673,0.011321,0.043542,-0.021338,-0.486724,-0.721235,0.492867,0.847236,-0.527199,0.065201,0.212814,0.44931,0.867657,-0.01166,0.007311,0.015809,-2.709747,-0.525304,-4.969411,-0.879908,0.075983,0.047586,-0.021908,-0.625396,0.598462,-0.500721,-0.647075,-0.756379,-0.095832,-0.436087,0.264072,0.860286,-7.9e-05,-0.000403,-0.000246,9e-06,2e-06,9e-06,-1.120096
2679,0.122218,-0.009638,0.409037,0.644132,-0.642518,-0.415101,0.702711,0.711373,-0.010804,0.301438,-0.283933,0.910244,-0.000116,-0.000591,-0.000361,0.0,0.0,0.0,-1.891948,-0.237514,-0.00687,0.346146,0.641167,0.5956,0.483898,-0.720303,0.684485,0.112151,-0.265214,-0.421214,0.867239,-0.023319,0.013203,0.030143,-0.036347,0.017525,-0.024576,-1.404607,0.011065,0.043853,-0.02081,-0.478061,-0.725426,0.49519,0.852503,-0.518934,0.062803,0.211412,0.452175,0.866511,-0.004788,0.005746,0.0141,-0.03453,0.001955,0.005993,-0.878765,0.07598,0.047578,-0.021931,-0.625439,0.598419,-0.500719,-0.647005,-0.756434,-0.095867,-0.43613,0.264009,0.860284,-6.8e-05,-0.000346,-0.000211,-4e-06,-1e-06,-0.0,-1.120096
2680,0.122203,-0.009667,0.40902,0.645389,-0.642093,-0.413805,0.702673,0.711446,-0.008146,0.298833,-0.284709,0.91086,-0.00016,-0.000814,-0.000497,-0.0,0.0,-0.0,-1.892252,-0.238141,-0.006141,0.347104,0.63873,0.596281,0.486277,-0.72155,0.68355,0.109817,-0.2677,-0.421769,0.866205,-0.009378,0.012006,0.028465,-0.034698,0.00204,0.004982,-1.404327,0.010742,0.044226,-0.020324,-0.475486,-0.725599,0.49741,0.853385,-0.517759,0.060487,0.213649,0.453244,0.865403,-0.011534,0.012392,0.011014,-0.000537,-0.013196,0.01864,-0.878928,0.075972,0.047564,-0.021939,-0.626837,0.597908,-0.499581,-0.647313,-0.756504,-0.093197,-0.433658,0.264966,0.861239,-9.8e-05,-0.000504,-0.000307,0.002752,-0.001694,0.001411,-1.120586
2681,0.122203,-0.009667,0.40902,0.645389,-0.642093,-0.413805,0.702673,0.711446,-0.008146,0.298833,-0.284709,0.91086,-2e-06,-1.2e-05,-7e-06,-0.0,0.0,-0.0,-1.89189,-0.23849,-0.005782,0.347583,0.635606,0.596762,0.489767,-0.722455,0.683316,0.105223,-0.272655,-0.42147,0.864804,-0.023175,0.013257,0.029943,-0.020062,0.016415,-0.009249,-1.404727,0.010573,0.044404,-0.020085,-0.472151,-0.725461,0.500777,0.853998,-0.517272,0.055823,0.218541,0.45402,0.863773,-0.004802,0.010773,0.009356,0.049859,0.029625,-0.011059,-0.881541,0.075972,0.047563,-0.02194,-0.626824,0.597913,-0.499591,-0.647311,-0.756503,-0.093222,-0.433681,0.264958,0.86123,5e-06,2.5e-05,1.5e-05,0.000364,-0.000225,0.000183,-1.120586
