frame,MLTx,MLTy,MLTz,MLTR1,MLTR2,MLTR3,MLTR4,MLTR5,MLTR6,MLTR7,MLTR8,MLTR9,MLTTVx,MLTTVy,MLTTVz,MLTRVx,MLTRVy,MLTRVz,MLGA,MRTx,MRTy,MRTz,MRTR1,MRTR2,MRTR3,MRTR4,MRTR5,MRTR6,MRTR7,MRTR8,MRTR9,MRTTVx,MRTTVy,MRTTVz,MRTRVx,MRTRVy,MRTRVz,MRGA,SLTx,SLTy,SLTz,SLTR1,SLTR2,SLTR3,SLTR4,SLTR5,SLTR6,SLTR7,SLTR8,SLTR9,SLTTVx,SLTTVy,SLTTVz,SLTRVx,SLTRVy,SLTRVz,SLGA,SRTx,SRTy,SRTz,SRTR1,SRTR2,SRTR3,SRTR4,SRTR5,SRTR6,SRTR7,SRTR8,SRTR9,SRTTVx,SRTTVy,SRTTVz,SRTRVx,SRTRVy,SRTRVz,SRGA
620,0.078829,-0.018186,0.39256,-0.477603,-0.613694,-0.628746,0.222229,-0.776756,0.589268,-0.84942,0.142469,0.50815,-0.014535,0.000162,-0.000202,-0.02913,0.041093,-0.006806,-0.697997,-0.093513,0.007855,0.353597,0.718102,-0.561822,0.410703,0.200648,0.732097,0.650928,-0.667272,-0.384316,0.637897,-0.001895,0.010592,-0.008695,-0.165447,0.138832,0.113921,-0.149496,0.047989,0.022337,-0.004077,-0.716223,0.54104,0.440794,-0.184009,-0.755683,0.628555,0.673175,0.369076,0.640794,-0.000943,0.0053,-0.004342,-0.285336,0.209601,0.14797,-0.445091,0.076636,0.015288,-0.044467,-0.386487,-0.625145,-0.678101,0.308505,-0.780507,0.54372,-0.869167,0.000943,0.494516,-0.007283,2e-06,-0.000146,-0.029041,0.039776,-0.007193,-0.645017
621,0.078509,-0.017935,0.39215,-0.49992,-0.597604,-0.626893,0.20193,-0.784314,0.586555,-0.841589,0.167381,0.513555,-0.014426,0.008003,-0.011448,-0.05514,0.106723,0.040918,-0.847686,-0.093663,0.008411,0.353096,0.720864,-0.568194,0.396865,0.208704,0.723868,0.657566,-0.661798,-0.390469,0.63986,-0.003694,0.020788,-0.017691,-0.133401,-0.476111,0.710766,0.040947,0.047915,0.022611,-0.004324,-0.718719,0.547902,0.428071,-0.191429,-0.7478,0.635727,0.668428,0.374964,0.642343,-0.00754,0.003639,-0.004814,-0.430156,-1.695219,2.108713,-0.377652,0.076482,0.015412,-0.044666,-0.410848,-0.612062,-0.67571,0.289562,-0.790377,0.539867,-0.864498,0.026143,0.501955,-0.007103,0.004294,-0.005491,-0.295452,0.280525,0.243046,-0.729765
622,0.078145,-0.017652,0.39161,-0.506889,-0.597694,-0.621185,0.200998,-0.782712,0.589012,-0.837629,0.174445,0.517663,-0.001218,0.003866,-0.014247,0.033969,-0.012256,0.011307,-0.899246,-0.094056,0.009168,0.352448,0.728925,-0.575742,0.370381,0.219436,0.708842,0.670317,-0.649377,-0.406606,0.642529,-0.017459,0.020072,-0.016541,-0.091962,-0.489337,0.664505,0.173513,0.047724,0.022986,-0.004652,-0.727168,0.556482,0.401935,-0.202045,-0.733087,0.64943,0.656051,0.391036,0.645513,-0.008778,0.010202,-0.008134,-0.281119,-1.851221,2.297043,-0.089934,0.076295,0.015554,-0.044936,-0.417825,-0.61345,-0.67015,0.288207,-0.78902,0.542571,-0.861602,0.033557,0.506473,-0.007229,0.007671,-0.011528,0.045965,0.066194,-0.222028,-0.74642
623,0.077912,-0.017509,0.391289,-0.513301,-0.59595,-0.617584,0.198889,-0.782635,0.589828,-0.834215,0.180666,0.521031,-0.015157,0.005857,-0.013086,0.038286,0.019109,-0.035692,-0.903343,-0.094391,0.009588,0.352109,0.74105,-0.56853,0.357226,0.214821,0.704673,0.676182,-0.637079,-0.423624,0.643845,-0.017637,0.020891,-0.015881,-0.551094,-1.210195,-0.819518,0.221179,0.047564,0.023188,-0.004815,-0.736273,0.554149,0.388356,-0.201669,-0.727524,0.655772,0.645934,0.404508,0.647411,-0.008711,0.010041,-0.008258,0.017956,-0.142498,0.212047,0.016041,0.076184,0.015625,-0.045097,-0.424557,-0.612676,-0.666616,0.286161,-0.789327,0.543206,-0.858988,0.039862,0.510439,-0.007177,0.007833,-0.011406,0.055463,-0.033098,0.006108,-0.757851
624,0.077414,-0.017221,0.390646,-0.527914,-0.586463,-0.61434,0.183154,-0.784944,0.591852,-0.828667,0.200653,0.522567,-0.014768,0.014532,-0.023706,-3.328344,3.264065,2.865463,-0.981946,-0.095348,0.010143,0.351554,0.782908,-0.529472,0.326659,0.188061,0.701764,0.687091,-0.594009,-0.475824,0.648543,-0.02831,0.004718,-0.009971,-0.125889,-0.434033,-0.176883,0.255008,0.047081,0.023486,-0.005096,-0.78152,0.511809,0.356757,-0.171304,-0.7259,0.666125,0.5999,0.459477,0.654981,-0.015059,0.00753,-0.009402,-0.469314,-1.299672,-0.917171,0.127406,0.075935,0.015766,-0.045415,-0.436266,-0.608017,-0.663314,0.275109,-0.791995,0.545029,-0.856729,0.055294,0.512792,-0.007727,0.002468,-0.006888,0.03152,0.006979,-0.034637,-0.773526
625,0.076721,-0.016961,0.390066,-0.545471,-0.583299,-0.601888,0.170374,-0.780308,0.601717,-0.819963,0.226395,0.52577,-0.015058,0.006231,-0.012833,0.033779,-0.001815,-0.01364,-1.022611,-0.096988,0.010137,0.351022,0.840269,-0.460581,0.286014,0.147793,0.701984,0.696642,-0.522687,-0.542508,0.65753,-0.053689,-0.005607,-0.014875,-1.487074,-4.103739,-3.67365,0.258641,0.046249,0.023488,-0.005363,-0.838515,0.444901,0.314571,-0.131999,-0.725988,0.674919,0.528648,0.524407,0.667479,-0.02686,-0.003218,-0.007506,-1.498711,-4.09865,-3.683967,0.158757,0.075598,0.015891,-0.045708,-0.458142,-0.605258,-0.650974,0.257208,-0.791293,0.554705,-0.850851,0.086698,0.518202,-0.007667,0.002672,-0.006737,0.02618,0.080738,-0.216463,-0.808634
626,0.075974,-0.016831,0.389838,-0.572961,-0.567616,-0.591247,0.148304,-0.781296,0.606262,-0.805352,0.260382,0.532575,-0.015219,-0.001668,-0.001651,0.019382,0.302017,0.096937,-0.989312,-0.099149,0.009968,0.350298,0.881836,-0.39895,0.251387,0.122489,0.708418,0.695036,-0.456476,-0.581604,0.673223,-0.053133,-0.008162,-0.016983,0.478795,-0.531395,-0.077474,0.294313,0.045189,0.023406,-0.005719,-0.88045,0.383386,0.278967,-0.105291,-0.731771,0.673368,0.4623,0.563494,0.684655,-0.027452,0.001173,-0.012846,0.677757,-0.976783,-0.187224,0.187333,0.075213,0.015962,-0.045831,-0.487082,-0.594069,-0.640182,0.235586,-0.795214,0.558688,-0.840981,0.121309,0.527289,-0.007441,-0.000377,-0.000458,-0.129599,0.573574,0.337621,-0.795897
627,0.075708,-0.01682,0.389801,-0.58528,-0.556763,-0.589498,0.135734,-0.784047,0.605656,-0.798675,0.275152,0.535199,-0.01478,-0.000371,-0.000664,0.084316,0.179571,0.039691,-0.98598,-0.100448,0.009904,0.349805,0.894129,-0.373207,0.247468,0.109716,0.718168,0.687118,-0.435281,-0.586743,0.682734,-0.067774,-0.002366,-0.02786,0.065662,-1.490195,-1.110908,0.325241,0.044545,0.023374,-0.005961,-0.89226,0.358556,0.274425,-0.09381,-0.741728,0.664107,0.441668,0.566812,0.695451,-0.034114,-0.00091,-0.013431,-0.81537,-4.235053,-3.753204,0.219012,0.07508,0.015966,-0.04585,-0.500954,-0.584806,-0.638001,0.223391,-0.799562,0.557491,-0.836146,0.136754,0.531185,-0.007448,-0.000382,-0.000464,0.100863,0.256245,0.046654,-0.788059
628,0.075319,-0.01689,0.389725,-0.612911,-0.530268,-0.585835,0.110523,-0.791664,0.600853,-0.781637,0.304177,0.544562,-0.000607,0.005711,-0.012875,0.24047,0.41229,0.169078,-1.051937,-0.103334,0.009775,0.348438,0.919954,-0.30081,0.251375,0.06483,0.748934,0.659416,-0.387776,-0.58995,0.708134,-0.066214,-0.010033,-0.034145,0.857599,-0.537546,-0.360863,0.345108,0.043129,0.023319,-0.006621,-0.917525,0.285659,0.276669,-0.047888,-0.770016,0.636224,0.394783,0.570503,0.720189,-0.040682,-0.000625,-0.021278,0.515818,-0.758078,-0.416282,0.272244,0.074886,0.015931,-0.045881,-0.53049,-0.563066,-0.633668,0.199168,-0.809388,0.552469,-0.823961,0.166873,0.541517,-0.000628,-0.001845,-0.001397,-0.018759,0.796005,0.47572,-0.805695
629,0.075132,-0.016912,0.389678,-0.630188,-0.513561,-0.582377,0.09886,-0.797025,0.595777,-0.769355,0.318513,0.553778,-0.000249,-0.00072,-0.000552,0.165995,0.278036,0.110083,-1.170854,-0.106234,0.009644,0.346654,0.930671,-0.272429,0.244183,0.059851,0.771609,0.633223,-0.36209,-0.574358,0.734075,-0.067064,-0.004612,-0.04715,0.799803,-0.5536,-0.145582,0.332582,0.04165,0.023249,-0.007526,-0.928588,0.256308,0.268381,-0.04303,-0.79267,0.608129,0.368606,0.553154,0.747094,-0.040129,-0.003731,-0.02387,1.015952,-0.739679,-0.296425,0.271265,0.074786,0.015919,-0.045912,-0.550873,-0.548201,-0.629295,0.18856,-0.816274,0.546022,-0.813008,0.18213,0.553033,-9.9e-05,-0.000301,-0.000223,0.243488,0.373759,0.141228,-0.808797
630,0.075126,-0.01694,0.389682,-0.637115,-0.506781,-0.580778,0.095128,-0.799443,0.593139,-0.7641,0.323275,0.558275,-0.000105,-0.000303,-0.000232,0.262109,0.438957,0.173766,-1.22649,-0.107686,0.009557,0.345677,0.937026,-0.254764,0.238892,0.053824,0.780958,0.622207,-0.346257,-0.56984,0.745152,-0.067017,-0.00535,-0.047866,0.610796,-0.408588,-0.037396,0.325049,0.040925,0.023201,-0.008018,-0.93511,0.238098,0.262445,-0.03691,-0.802044,0.596122,0.352428,0.547753,0.758788,-0.040131,-0.003974,-0.024129,0.706212,-0.472007,-0.130832,0.266366,0.074783,0.015906,-0.045909,-0.557658,-0.542986,-0.627839,0.18479,-0.818597,0.543828,-0.809239,0.187252,0.556836,-2.4e-05,-7.8e-05,-5.5e-05,0.261053,0.467397,0.191863,-0.806674
631,0.075422,-0.016943,0.389688,-0.661995,-0.47699,-0.578177,0.068059,-0.806474,0.587316,-0.745607,0.350039,0.567071,0.000602,0.001747,0.001338,-3.065563,3.463634,3.220209,-1.3089,-0.110586,0.009255,0.343821,0.947519,-0.223428,0.228644,0.038293,0.789146,0.612956,-0.318576,-0.571746,0.755963,-0.067209,-0.005502,-0.048242,-0.331784,-2.162313,1.964032,0.323139,0.039476,0.023046,-0.008949,-0.945056,0.20573,0.254053,-0.01918,-0.810697,0.58515,0.326343,0.548127,0.7701,-0.039397,-0.009376,-0.020048,0.012545,0.010552,-0.069736,0.253302,0.074931,0.015904,-0.045907,-0.584211,-0.519494,-0.623555,0.16415,-0.828056,0.536075,-0.794827,0.210824,0.569035,0.007587,0.004459,-0.005019,0.188886,0.224037,0.147899,-0.824963
632,0.076029,-0.016965,0.389532,-0.689866,-0.443358,-0.572333,0.046971,-0.816324,0.575657,-0.721575,0.37079,0.584698,0.013593,-0.003096,-0.001989,0.41789,0.779344,0.130689,-1.478535,-0.113257,0.008549,0.342211,0.95354,-0.200919,0.224464,0.022509,0.790281,0.612277,-0.301606,-0.57852,0.757768,-0.05215,-0.01522,-0.040815,-0.313897,-0.922954,-1.406643,0.338792,0.038159,0.022707,-0.009745,-0.950415,0.189945,0.246231,-0.010188,-0.810382,0.585813,0.310814,0.554258,0.772134,-0.032696,-0.009092,-0.020774,0.071394,0.020311,-0.00689,0.266366,0.075221,0.015902,-0.045978,-0.617765,-0.487681,-0.616873,0.139625,-0.840025,0.524272,-0.773867,0.237746,0.587031,0.007177,0.003284,-0.005926,0.195389,0.259776,0.168009,-0.81288
633,0.076431,-0.016997,0.389414,-0.700464,-0.434036,-0.566575,0.04478,-0.819029,0.571977,-0.711431,0.375815,0.593849,0.027181,-0.006201,-0.003992,0.216754,0.685838,-0.119466,-1.569183,-0.1143,0.008088,0.34152,0.957024,-0.18701,0.221636,0.0134,0.791718,0.610685,-0.29088,-0.58123,0.759883,-0.050292,-0.02799,-0.03415,0.060719,0.040699,-0.226143,0.341541,0.037612,0.022473,-0.010103,-0.954945,0.170532,0.242893,0.003465,-0.811968,0.583691,0.296759,0.558235,0.774795,-0.025037,-0.014407,-0.017381,0.023058,0.004705,-0.335448,0.273551,0.075427,0.015884,-0.046038,-0.630784,-0.479161,-0.610339,0.138218,-0.843366,0.519256,-0.763547,0.243179,0.598212,0.006794,-0.001567,-0.001023,0.115206,1.108281,-0.450458,-0.803735
634,0.077451,-0.017214,0.389313,-0.737615,-0.395359,-0.547413,0.028615,-0.828281,0.559557,-0.673722,0.397561,0.622954,0.04132,-0.007655,-0.004754,0.57728,0.998402,0.320847,-1.705747,-0.115937,0.006961,0.340078,0.961581,-0.172198,0.213777,0.006177,0.791869,0.610605,-0.275638,-0.585603,0.762205,-0.036305,-0.030455,-0.03819,0.310876,-0.083178,-0.294774,0.331285,0.036788,0.021914,-0.01082,-0.959244,0.157008,0.234943,0.010446,-0.811158,0.584732,0.282384,0.563355,0.776459,-0.011332,-0.014312,-0.019109,0.54933,-0.276598,-0.136661,0.271591,0.075946,0.01577,-0.046092,-0.672349,-0.447458,-0.589684,0.123693,-0.85333,0.506483,-0.729826,0.267594,0.629084,0.020659,-0.003844,-0.002407,0.499439,0.920189,0.310762,-0.813369
635,0.07858,-0.017512,0.389192,-0.780612,-0.3423,-0.522993,0.000436,-0.837051,0.5471,-0.624075,0.427266,0.654219,0.027218,-0.006073,-0.00393,0.399673,0.82102,-0.025825,-1.808761,-0.116892,0.005533,0.338643,0.962849,-0.167069,0.212135,0.004303,0.794722,0.606903,-0.271193,-0.583227,0.765613,-0.020664,-0.043458,-0.033704,0.080099,0.043244,-0.224949,0.315275,0.036305,0.021204,-0.011538,-0.960673,0.151201,0.232906,0.012289,-0.814781,0.579637,0.277409,0.559704,0.780881,-0.00355,-0.020432,-0.016548,0.084131,0.010983,-0.176418,0.255752,0.076501,0.015626,-0.04615,-0.722974,-0.400934,-0.562636,0.097026,-0.865234,0.491889,-0.684027,0.301033,0.664443,0.020413,-0.00456,-0.002979,0.474956,0.962486,0.078728,-0.792632
636,0.079596,-0.017744,0.389013,-0.805958,-0.321788,-0.496919,0.004689,-0.842855,0.538095,-0.590983,0.431748,0.68144,0.02713,-0.006334,-0.004147,0.241669,0.620995,-0.324884,-1.863599,-0.117227,0.003955,0.337322,0.963861,-0.158434,0.214155,-0.001062,0.801337,0.598157,-0.26759,-0.576563,0.771903,0.006243,-0.037886,-0.032744,0.409419,-0.208525,-0.288188,0.285118,0.036131,0.020392,-0.012218,-0.96133,0.143388,0.235122,0.017485,-0.820261,0.571721,0.27484,0.553725,0.786035,0.003147,-0.018997,-0.016403,0.57482,-0.265956,-0.303202,0.226849,0.077009,0.015509,-0.046239,-0.751608,-0.384791,-0.535742,0.101789,-0.870144,0.482168,-0.651707,0.307869,0.693175,0.013557,-0.003197,-0.002118,0.232784,0.638971,-0.305494,-0.80945
637,0.080131,-0.017833,0.38892,-0.816745,-0.313523,-0.484435,0.006967,-0.844853,0.534928,-0.575974,0.43391,0.692823,0.027346,-0.005673,-0.003649,0.031553,0.925815,0.034758,-1.855681,-0.1172,0.003222,0.336698,0.96401,-0.155983,0.215282,-0.003019,0.803023,0.595885,-0.267036,-0.574887,0.773343,0.006088,-0.036998,-0.032198,0.062464,0.025948,-0.157068,0.267321,0.036143,0.020038,-0.012519,-0.961705,0.139891,0.235696,0.019522,-0.822794,0.568002,0.273388,0.550852,0.788555,0.002948,-0.017804,-0.015481,0.029038,0.020637,-0.13292,0.207091,0.077276,0.015464,-0.046287,-0.76289,-0.379539,-0.5234,0.104565,-0.871329,0.479427,-0.638016,0.311021,0.704414,0.013693,-0.002784,-0.001797,-0.468343,1.65669,0.880282,-0.807654
638,0.081192,-0.017729,0.38839,-0.851059,-0.253547,-0.459846,-0.033739,-0.847537,0.529637,-0.522967,0.466578,0.713329,0.028284,0.012321,-0.02438,0.349442,0.573689,-0.09758,-1.746586,-0.116784,0.002063,0.335521,0.963636,-0.154979,0.217669,-0.005147,0.803414,0.595343,-0.268355,-0.574613,0.77309,0.016964,-0.016236,-0.034001,0.032367,0.021909,-0.024844,0.231854,0.036348,0.019441,-0.013115,-0.961232,0.138854,0.238223,0.021859,-0.82286,0.567822,0.274869,0.551017,0.787925,0.009314,-0.0136,-0.012851,-0.005626,0.0308,-0.042627,0.163493,0.077797,0.015511,-0.046536,-0.804653,-0.325992,-0.496246,0.063876,-0.87847,0.473507,-0.590298,0.349311,0.727687,0.013708,0.001051,-0.007506,0.345304,1.151827,-0.314553,-0.777446
639,0.082023,-0.017576,0.387635,-0.870505,-0.231257,-0.434495,-0.038949,-0.847664,0.529075,-0.489577,0.477769,0.729436,0.011766,-0.001155,-0.017801,0.183723,0.376065,-0.250979,-1.476639,-0.116019,0.001295,0.334626,0.962922,-0.155948,0.220119,-0.006404,0.802246,0.596904,-0.270886,-0.57598,0.771188,0.017125,-0.017818,-0.017617,-0.128386,0.095583,0.037516,0.195642,0.036732,0.019051,-0.013573,-0.96052,0.139554,0.240674,0.023245,-0.821807,0.56929,0.277234,0.552409,0.786119,0.014617,-0.002167,-0.012727,-0.139313,0.101066,0.103615,0.112873,0.078232,0.015602,-0.046915,-0.827834,-0.30736,-0.469275,0.058885,-0.879529,0.472186,-0.557873,0.363259,0.746204,0.01264,-0.002251,-0.010035,0.196304,0.286163,-0.023243,-0.660366
640,0.082341,-0.017638,0.387195,-0.879353,-0.220366,-0.422166,-0.042114,-0.847083,0.529763,-0.473259,0.483897,0.736136,0.024042,-0.008337,-0.022995,0.30566,0.452386,-0.002102,-1.407527,-0.115571,0.001034,0.334316,0.962426,-0.157473,0.221203,-0.006481,0.800821,0.598814,-0.272651,-0.577544,0.769395,0.016556,-0.014206,-0.014461,-0.152483,0.111297,0.048642,0.187561,0.036962,0.018916,-0.013733,-0.959993,0.141145,0.241847,0.023322,-0.820371,0.571354,0.279048,0.554137,0.784259,0.008215,-0.006645,-0.006837,-0.164763,0.118486,0.053228,0.093114,0.078387,0.015576,-0.047131,-0.837536,-0.299366,-0.457067,0.055615,-0.878902,0.473747,-0.543542,0.371361,0.752762,0.005256,-0.002557,-0.010444,0.448979,0.683319,-0.148278,-0.617094
641,0.08303,-0.017546,0.385742,-0.900428,-0.176042,-0.397849,-0.071624,-0.842067,0.534569,-0.428004,0.510052,0.746115,0.010129,0.008789,-0.044768,-0.322187,1.358796,1.035118,-1.385861,-0.114525,0.000765,0.333961,0.961619,-0.161081,0.222111,-0.00551,0.797743,0.602917,-0.275514,-0.580792,0.765922,0.028901,-0.003082,-0.006366,-0.107563,0.055087,0.083955,0.179399,0.037474,0.018782,-0.013909,-0.959161,0.144911,0.242919,0.022315,-0.817357,0.575698,0.281977,0.557609,0.780743,0.014356,-0.000933,-0.002652,-0.120055,0.067399,0.094719,0.074989,0.078736,0.015614,-0.047851,-0.863782,-0.261313,-0.430808,0.026928,-0.877725,0.478407,-0.503145,0.401638,0.7652,0.005068,0.003942,-0.022588,-1.708172,3.601089,3.941573,-0.629178
642,0.083122,-0.016901,0.383611,-0.911952,-0.17027,-0.373357,-0.066864,-0.836087,0.54448,-0.403735,0.521713,0.751559,-0.003691,0.018779,-0.054766,0.056041,0.21307,-0.252281,-1.386934,-0.113316,0.000791,0.333855,0.961338,-0.16335,0.221669,-0.004153,0.796059,0.605151,-0.276521,-0.582464,0.764287,0.028035,0.002093,-0.001756,-0.17305,0.097219,0.113845,0.168002,0.038068,0.018796,-0.013959,-0.959029,0.14684,0.242282,0.020887,-0.816219,0.577363,0.282536,0.558769,0.779711,0.013884,0.001842,-0.000183,-0.330682,0.160042,0.180207,0.06111,0.078782,0.015922,-0.048895,-0.877256,-0.256562,-0.405704,0.029451,-0.872354,0.487985,-0.479116,0.41614,0.772835,-0.00142,0.01439,-0.032157,-0.594081,1.162229,0.745467,-0.688779
643,0.08328,-0.015949,0.381171,-0.929143,-0.133323,-0.344913,-0.089058,-0.824675,0.558526,-0.357751,0.54983,0.754804,0.010565,0.025268,-0.066756,0.037866,0.195537,-0.277554,-1.42341,-0.112211,0.001057,0.333808,0.960951,-0.165394,0.22183,-0.003251,0.794611,0.607055,-0.277879,-0.583858,0.762729,0.027591,0.004599,0.000473,-0.202058,0.102605,0.152865,0.164824,0.03863,0.018935,-0.013979,-0.958633,0.14886,0.242615,0.020082,-0.814856,0.579315,0.283933,0.560223,0.778159,0.013771,0.002461,0.000361,-0.330448,0.159531,0.180089,0.050332,0.078858,0.016398,-0.050135,-0.899454,-0.223899,-0.3753,0.005661,-0.864681,0.502288,-0.436977,0.449661,0.779009,-0.001391,0.014495,-0.032115,-0.285782,0.648253,-0.628967,-0.742665
644,0.083345,-0.015378,0.3799,-0.936137,-0.116626,-0.331801,-0.0979,-0.819792,0.564205,-0.336646,0.560798,0.75644,0.011122,0.027009,-0.065406,-0.425423,1.070271,0.902792,-1.473625,-0.111696,0.001228,0.333742,0.960545,-0.167292,0.222165,-0.002563,0.793207,0.608891,-0.279293,-0.585221,0.761167,0.026067,0.01457,-0.008714,-0.248035,0.149547,0.211134,0.166409,0.038888,0.019021,-0.014005,-0.958305,0.150461,0.242923,0.019478,-0.813767,0.580863,0.285081,0.561376,0.776907,0.013898,0.001753,-0.000279,-0.484789,0.241824,0.230178,0.049353,0.078893,0.016689,-0.050798,-0.908618,-0.209755,-0.36113,-0.003125,-0.861281,0.508118,-0.417615,0.462813,0.78192,0.005603,0.013493,-0.03271,-0.418741,1.075355,0.917311,-0.77124
645,0.083437,-0.014176,0.377469,-0.943438,-0.108154,-0.313484,-0.095935,-0.815962,0.570065,-0.316274,0.568027,0.759831,-0.002403,0.022817,-0.051701,-1.083779,1.758284,-1.956922,-1.763187,-0.11079,0.001495,0.333531,0.959316,-0.17283,0.223235,-0.000761,0.788857,0.614523,-0.283514,-0.589468,0.756314,0.026519,0.012059,-0.010992,-0.130929,0.073907,0.157565,0.172379,0.03934,0.01916,-0.014106,-0.956928,0.156658,0.244427,0.01769,-0.808893,0.587688,0.289781,0.5667,0.771282,0.006443,0.004461,-0.005999,-0.177899,0.224798,-0.051793,0.052618,0.078939,0.017279,-0.051996,-0.91652,-0.202253,-0.345085,-0.003495,-0.858658,0.512536,-0.399972,0.470955,0.78627,-0.000721,0.01658,-0.03048,0.170941,0.012732,-0.148061,-0.830025
646,0.083913,-0.013119,0.375273,-0.95479,-0.065029,-0.290159,-0.121334,-0.805756,0.579661,-0.270306,0.588738,0.761806,0.012513,0.023799,-0.050528,-1.506211,3.278738,4.027928,-1.911359,-0.110249,0.001687,0.33299,0.957186,-0.181856,0.225201,0.001901,0.781662,0.623646,-0.290647,-0.596281,0.748222,0.013669,0.004693,-0.0158,-0.264889,0.186861,0.163206,0.172843,0.03962,0.019264,-0.014378,-0.954876,0.165564,0.246573,0.015078,-0.802116,0.596977,0.296618,0.573758,0.763425,0.006879,0.002149,-0.008089,-0.28657,0.196531,0.167993,0.056374,0.079176,0.017814,-0.053115,-0.934015,-0.165091,-0.316796,-0.027206,-0.851358,0.523878,-0.356195,0.497929,0.79069,0.006509,0.012016,-0.025014,-1.511811,3.273135,4.030735,-0.790672
647,0.084261,-0.012605,0.374329,-0.959476,-0.039697,-0.279061,-0.136889,-0.799924,0.584256,-0.245229,0.598826,0.762429,0.013921,0.028227,-0.046981,-0.439792,1.141946,0.99654,-1.912986,-0.110075,0.001838,0.332569,0.957427,-0.179997,0.225669,-0.001195,0.779024,0.62694,-0.289852,-0.600286,0.745323,0.012291,0.013822,-0.025743,-0.156393,0.134262,0.15079,0.16965,0.039706,0.019339,-0.014589,-0.955056,0.163883,0.247002,0.018093,-0.799487,0.60041,0.295872,0.577894,0.76059,0.006196,0.006702,-0.013071,-0.158234,0.136625,0.152302,0.054578,0.079343,0.018056,-0.053573,-0.941989,-0.141207,-0.304493,-0.043685,-0.8479,0.528352,-0.332787,0.511004,0.792544,0.007216,0.014273,-0.023211,-1.816193,3.740223,3.706179,-0.780058
648,0.085032,-0.011384,0.372533,-0.965552,0.000243,-0.260299,-0.159448,-0.791102,0.590515,-0.204579,0.611673,0.76422,0.014357,0.022095,-0.034366,-1.362147,3.33629,4.116613,-1.912571,-0.109939,0.002421,0.331362,0.955475,-0.181513,0.232618,-0.006126,0.775741,0.63097,-0.296181,-0.604066,0.73976,0.010937,0.022805,-0.035824,0.187053,2.215921,-1.618922,0.159049,0.039772,0.019612,-0.015167,-0.953941,0.164519,0.250855,0.021441,-0.796679,0.604021,0.299224,0.58158,0.756458,-0.001386,0.010085,-0.018172,-0.337524,0.389867,0.084965,0.043474,0.079719,0.018661,-0.054456,-0.952886,-0.107803,-0.283523,-0.063792,-0.842587,0.534767,-0.296543,0.527659,0.796013,0.007633,0.016212,-0.021812,-0.107386,0.472266,0.107264,-0.789856
649,0.085858,-0.010424,0.370911,-0.968621,0.054573,-0.242571,-0.194256,-0.775211,0.60107,-0.154039,0.629258,0.761796,0.014232,0.029372,-0.045999,-0.017244,-0.125525,-0.153937,-1.908331,-0.109883,0.003192,0.329895,0.952448,-0.189005,0.23898,-0.005718,0.772854,0.634506,-0.305817,-0.605455,0.734685,-0.002537,0.018729,-0.037671,-0.0954,0.124874,0.130606,0.156616,0.039805,0.019999,-0.0159,-0.949947,0.17238,0.260549,0.022779,-0.793556,0.60807,0.311579,0.583569,0.74991,0.005732,0.010108,-0.019106,-0.198579,0.179987,0.178295,0.036453,0.080141,0.019151,-0.055259,-0.963852,-0.049166,-0.261858,-0.105678,-0.831661,0.545133,-0.24458,0.553101,0.796403,0.013545,0.008183,-0.019305,-0.270477,0.045109,0.173512,-0.788059
650,0.086523,-0.00966,0.369287,-0.968014,0.10451,-0.228192,-0.225819,-0.759704,0.609778,-0.108428,0.64167,0.759296,0.012409,0.016005,-0.039248,-2.342015,5.158317,2.292119,-1.906106,-0.109928,0.003871,0.328413,0.947248,-0.201303,0.24938,-0.006507,0.765626,0.643202,-0.321599,-0.610634,0.723577,-0.000752,0.007491,-0.029729,-0.456652,0.301575,0.391896,0.15736,0.039781,0.020349,-0.016672,-0.94482,0.183812,0.271158,0.023732,-0.78716,0.616291,0.326727,0.58872,0.739363,-0.000342,0.003681,-0.014925,-0.587016,0.345888,0.413125,0.034167,0.08048,0.019548,-0.056085,-0.968818,-0.006704,-0.247678,-0.13571,-0.821992,0.553092,-0.207298,0.569458,0.795451,0.006092,0.007611,-0.019962,0.135545,-0.044246,0.021759,-0.789855
651,0.086821,-0.00933,0.368419,-0.967405,0.116375,-0.225009,-0.233573,-0.753865,0.614087,-0.09696,0.646479,0.756763,0.025471,0.011278,-0.042674,-1.331872,3.10569,4.129263,-1.905725,-0.109981,0.004202,0.327676,0.945193,-0.206767,0.252684,-0.006064,0.762415,0.647008,-0.327616,-0.612813,0.719021,-0.000823,0.007868,-0.029405,-0.166739,0.363126,-0.054682,0.155153,0.039755,0.020503,-0.017017,-0.94282,0.189944,0.273882,0.022729,-0.783171,0.62139,0.332526,0.592084,0.734072,-0.001228,0.009274,-0.018939,0.106807,2.116508,-1.54283,0.03286,0.08062,0.01971,-0.056502,-0.970674,0.005473,-0.240336,-0.142827,-0.817293,0.558239,-0.19337,0.576195,0.794107,0.005848,0.006818,-0.020606,-0.272819,-0.433445,-0.126819,-0.792305
652,0.087295,-0.008993,0.366984,-0.966315,0.152097,-0.207719,-0.250577,-0.741265,0.622662,-0.05807,0.653546,0.754674,-0.002693,0.006581,-0.029795,-1.146699,3.47623,4.122554,-1.90524,-0.109991,0.004831,0.326458,0.942568,-0.218357,0.252737,-0.001263,0.754113,0.656694,-0.335169,-0.619015,0.710173,0.012271,0.013991,-0.025693,-0.240841,0.182773,0.191913,0.144805,0.039745,0.020818,-0.017645,-0.940092,0.201392,0.275075,0.0184,-0.775716,0.630812,0.340421,0.598083,0.72554,-0.00073,0.005751,-0.013034,-0.325767,0.143428,0.364714,0.023389,0.08087,0.019881,-0.057243,-0.974404,0.038643,-0.221456,-0.161074,-0.807205,0.567868,-0.156817,0.589004,0.792768,0.005593,0.002199,-0.015598,-0.069997,0.196598,-0.036266,-0.797857
653,0.087599,-0.008514,0.365934,-0.958571,0.205359,-0.19752,-0.284616,-0.724638,0.627587,-0.01306,0.657546,0.753319,0.000443,0.016669,-0.021578,0.056971,-0.010931,0.064115,-1.905039,-0.109836,0.005338,0.325493,0.939201,-0.225407,0.259007,-0.002186,0.750154,0.66121,-0.344514,-0.621284,0.70369,-0.001822,0.013184,-0.024524,-0.361835,0.288312,0.204226,0.140622,0.039828,0.021074,-0.018127,-0.936896,0.207522,0.281354,0.019274,-0.772887,0.63425,0.349076,0.599649,0.720115,0.006875,0.002297,-0.008031,-0.408559,0.342218,0.202166,0.013429,0.081017,0.020103,-0.057783,-0.973424,0.097412,-0.207258,-0.201483,-0.79448,0.572891,-0.108856,0.599425,0.792993,0.000202,0.008276,-0.010851,0.059273,0.058106,0.144152,-0.790509
654,0.088011,-0.007989,0.365225,-0.953303,0.234569,-0.190359,-0.301846,-0.712089,0.63387,0.014318,0.661434,0.749884,0.014431,0.007317,-0.011198,-0.048205,-0.104761,-0.008197,-1.906199,-0.10951,0.00562,0.324904,0.937262,-0.227045,0.264539,-0.004522,0.750609,0.660681,-0.349745,-0.620134,0.702122,0.014788,-0.002812,-0.004572,-0.002988,-0.012087,0.031605,0.141238,0.039986,0.021218,-0.01843,-0.934502,0.210337,0.287164,0.021362,-0.772148,0.635083,0.355315,0.599621,0.717081,0.00658,0.003839,-0.006607,0.057229,-0.01828,0.025014,0.011469,0.081219,0.020373,-0.058138,-0.971949,0.126772,-0.198097,-0.220454,-0.784527,0.579582,-0.081938,0.606996,0.790468,0.007708,0.009064,-0.00999,-0.026967,-0.0979,-0.027973,-0.795081
655,0.088301,-0.007744,0.364997,-0.950107,0.24944,-0.18741,-0.310892,-0.705353,0.637021,0.027889,0.663189,0.747951,0.015392,0.010464,-0.008628,-0.032019,-0.089471,0.070252,-1.905896,-0.109332,0.005655,0.324746,0.936735,-0.228834,0.264866,-0.00418,0.749091,0.662404,-0.351164,-0.621308,0.700374,0.000902,-0.00473,-0.004417,-0.080462,0.063587,0.012294,0.140821,0.04008,0.021238,-0.018508,-0.934057,0.211925,0.287444,0.021106,-0.770723,0.636819,0.356498,0.600893,0.715427,0.007274,-0.000712,-0.001646,-0.093488,0.140584,-0.098862,0.011306,0.081363,0.020493,-0.058254,-0.970713,0.141539,-0.194117,-0.230191,-0.779228,0.582936,-0.068753,0.610548,0.788988,0.00761,0.004963,-0.004548,-0.036558,-0.022442,0.118998,-0.796714
656,0.088708,-0.007269,0.364735,-0.943496,0.280665,-0.176318,-0.326276,-0.692326,0.643585,0.059734,0.664396,0.745008,0.015891,0.012157,-0.007251,-1.17323,2.153125,-1.559373,-1.905167,-0.108926,0.005603,0.32467,0.936567,-0.228638,0.265627,-0.004834,0.749165,0.662316,-0.351604,-0.621292,0.700167,0.014143,0.000637,-0.001366,0.00203,-0.015196,0.029252,0.135225,0.040278,0.021211,-0.018547,-0.933879,0.211695,0.28819,0.021698,-0.770898,0.636588,0.356928,0.60075,0.715333,0.006962,0.000915,-0.000134,-0.01141,0.086459,-0.141849,0.008367,0.081568,0.020735,-0.058381,-0.96779,0.172195,-0.183657,-0.248564,-0.769344,0.588493,-0.03996,0.615189,0.787365,0.001301,0.008002,-0.002268,-0.248871,1.053627,1.287355,-0.79949
657,0.089142,-0.006759,0.364554,-0.93402,0.314177,-0.170129,-0.346494,-0.680076,0.646072,0.088441,0.662,0.744285,0.002642,0.016268,-0.004313,0.035386,-0.029489,0.042857,-1.905811,-0.108492,0.005559,0.324667,0.936291,-0.22824,0.266941,-0.006033,0.749247,0.662213,-0.352323,-0.621339,0.699764,0.014261,5.7e-05,-0.001915,-0.012589,0.088773,-0.139646,0.133266,0.040494,0.021193,-0.018544,-0.933625,0.211212,0.289365,0.022855,-0.770958,0.636474,0.35752,0.600842,0.714959,0.000264,-0.001356,-0.001275,-0.002647,0.013881,-0.025814,0.002488,0.081791,0.02099,-0.058471,-0.96319,0.206377,-0.172256,-0.268683,-0.759451,0.592488,-0.008544,0.616961,0.786946,0.008065,0.006542,-0.003262,0.040589,-0.05055,0.079482,-0.796387
658,0.089373,-0.006535,0.364492,-0.930369,0.327492,-0.164948,-0.352785,-0.676452,0.646473,0.101291,0.65924,0.745097,0.015646,0.003855,0.003525,0.043963,0.024834,0.08005,-1.905481,-0.108275,0.005545,0.324623,0.936058,-0.227909,0.268036,-0.006978,0.749412,0.662017,-0.352923,-0.621262,0.69953,0.014304,-0.000146,-0.002109,0.002045,-0.015205,0.029245,0.132058,0.040603,0.021186,-0.018566,-0.933348,0.210765,0.290581,0.023945,-0.771128,0.636228,0.35817,0.600781,0.714685,0.00031,-0.001585,-0.001492,-0.015116,0.103011,-0.169981,0.001672,0.081902,0.021107,-0.058506,-0.961369,0.219554,-0.166026,-0.275224,-0.756855,0.592807,0.004495,0.615601,0.788044,0.008185,0.006952,-0.00293,0.074806,0.001701,0.110668,-0.795081
659,0.089701,-0.006032,0.364419,-0.915386,0.371326,-0.155666,-0.377941,-0.658909,0.650363,0.140064,0.6537,0.743697,0.016628,0.014791,-0.005139,-0.046467,0.368726,0.2644,-1.905302,-0.107903,0.005517,0.324463,0.935665,-0.227387,0.269847,-0.008467,0.749778,0.661585,-0.353934,-0.621013,0.69924,0.000618,-0.003168,-0.002971,-0.0,0.0,0.0,0.125045,0.040794,0.021173,-0.018646,-0.932936,0.21015,0.292345,0.025447,-0.771461,0.635767,0.359139,0.60057,0.714376,0.007287,-0.000724,-0.001676,0.001714,-0.01585,0.028495,-0.00437,0.082066,0.021356,-0.058537,-0.952182,0.263979,-0.153827,-0.302429,-0.742799,0.597314,0.043416,0.615274,0.787116,0.001043,0.003409,0.002753,-0.257139,1.076769,1.27064,-0.796714
660,0.089889,-0.005462,0.364345,-0.898026,0.416354,-0.142281,-0.401076,-0.641483,0.653918,0.182106,0.643781,0.743243,0.002532,0.015968,-0.004579,-1.110505,4.229897,3.700198,-1.905715,-0.107523,0.005439,0.324339,0.935459,-0.227138,0.270768,-0.009242,0.749908,0.661427,-0.35446,-0.620947,0.699032,0.014582,-0.001468,-0.003368,-8.1e-05,-0.000136,0.004775,0.118451,0.040978,0.021135,-0.018707,-0.93272,0.209839,0.293256,0.02625,-0.771579,0.635591,0.359642,0.600527,0.714159,0.00722,-0.00035,-0.00133,0.001825,-0.015639,0.028729,-0.012698,0.082167,0.021645,-0.058572,-0.942358,0.304729,-0.138201,-0.324358,-0.730523,0.600938,0.082164,0.611126,0.787257,0.001388,0.00844,-0.001924,-1.167627,2.068252,-1.363127,-0.800959
661,0.089931,-0.005112,0.364221,-0.888781,0.437399,-0.137094,-0.412439,-0.63244,0.655656,0.201183,0.638732,0.74268,0.002404,0.015544,-0.004923,0.034769,-0.027322,0.044532,-1.906144,-0.107323,0.0054,0.32429,0.935348,-0.226998,0.271269,-0.009676,0.749964,0.661358,-0.354742,-0.620931,0.698903,0.000635,-0.003223,-0.003029,-0.0,0.0,0.0,0.115194,0.041084,0.021115,-0.018733,-0.932603,0.209674,0.293748,0.02669,-0.771627,0.635514,0.359915,0.600523,0.714025,0.007278,-0.000646,-0.001612,-0.000267,-0.000498,0.004357,-0.017107,0.082188,0.02182,-0.058634,-0.934238,0.332024,-0.130227,-0.34039,-0.721084,0.603467,0.10646,0.60811,0.786681,0.001488,0.012574,-0.007322,0.067649,0.051079,-0.128704,-0.803899
662,0.08994,-0.004318,0.363837,-0.874844,0.468383,-0.123736,-0.425067,-0.619481,0.65995,0.233543,0.629364,0.741206,0.002213,0.014907,-0.005437,0.016237,0.069363,0.151232,-1.905302,-0.10688,0.005328,0.324161,0.935133,-0.226752,0.272214,-0.010466,0.750095,0.661197,-0.355286,-0.620863,0.698687,0.014639,-0.001669,-0.003575,-8.4e-05,-0.000137,0.004775,0.106258,0.041305,0.021079,-0.018797,-0.932374,0.209381,0.29468,0.027492,-0.771744,0.635337,0.360445,0.600474,0.713799,0.007319,-0.000819,-0.001781,-0.000207,-0.000382,0.004495,-0.028047,0.082192,0.022216,-0.058826,-0.924576,0.363363,-0.114569,-0.354475,-0.71017,0.60828,0.139663,0.603013,0.785409,0.001392,0.012228,-0.007594,0.007184,0.379623,0.230131,-0.806348
663,0.08987,-0.003639,0.363517,-0.860743,0.496884,-0.110779,-0.435489,-0.605847,0.665785,0.264772,0.620693,0.738012,0.001961,0.014065,-0.006113,-0.577673,3.65032,4.119354,-1.905597,-0.106381,0.005255,0.32401,0.934986,-0.226634,0.272816,-0.010934,0.750185,0.661088,-0.35566,-0.620798,0.698555,0.014738,-0.002094,-0.003989,-8.6e-05,-0.000137,0.004775,0.102086,0.041549,0.021043,-0.018871,-0.932219,0.20923,0.295278,0.027972,-0.771827,0.635216,0.36081,0.600421,0.713659,0.00731,-0.000743,-0.001716,0.001954,-0.015376,0.029062,-0.036538,0.082157,0.022555,-0.058987,-0.916608,0.387095,-0.099926,-0.362802,-0.700418,0.614644,0.167935,0.599642,0.782449,0.000817,0.006515,-0.00347,0.04125,-0.021545,0.017423,-0.807491
664,0.089901,-0.00337,0.363432,-0.846805,0.523846,-0.092471,-0.441882,-0.595832,0.670594,0.297242,0.60807,0.736155,0.000503,0.001655,0.001331,0.002292,0.011426,-0.000357,-1.906016,-0.105949,0.005134,0.323851,0.934196,-0.228015,0.274369,-0.01181,0.748656,0.662803,-0.357709,-0.622133,0.696317,0.000964,-0.00479,-0.004526,-0.0187,0.120223,-0.192466,0.102174,0.041771,0.020981,-0.018952,-0.931394,0.210633,0.296878,0.028873,-0.77026,0.637074,0.362863,0.60194,0.711335,0.000481,-0.002373,-0.00225,-0.003893,0.115308,-0.194941,-0.039314,0.082174,0.022697,-0.05903,-0.904167,0.419791,-0.079096,-0.374418,-0.689653,0.61983,0.20565,0.590045,0.780739,0.000223,0.000764,0.000619,-0.008198,-0.010111,0.011367,-0.807491
665,0.089975,-0.003378,0.363428,-0.835996,0.542594,-0.082145,-0.448944,-0.590016,0.671046,0.316677,0.597193,0.736956,2.9e-05,9.6e-05,7.7e-05,0.071387,0.207232,0.048411,-1.905393,-0.105747,0.005092,0.323784,0.932855,-0.229426,0.277736,-0.013655,0.747662,0.66389,-0.361136,-0.622808,0.693941,0.014486,-0.000741,-0.00273,-0.282279,0.169853,0.160754,0.10075,0.041867,0.020957,-0.018988,-0.930273,0.210919,0.300173,0.030937,-0.770193,0.637058,0.365559,0.601925,0.709965,0.007304,-0.000664,-0.00165,-0.500212,0.265973,0.207123,-0.039804,0.082211,0.022695,-0.059031,-0.896175,0.438552,-0.067381,-0.381851,-0.684975,0.620481,0.225959,0.58179,0.78132,-2.9e-05,-6.7e-05,-4.9e-05,0.002167,0.42007,0.024177,-0.807981
666,0.090205,-0.003547,0.363467,-0.814444,0.575992,-0.070416,-0.467972,-0.580111,0.666668,0.344158,0.575198,0.742112,-1.2e-05,-4.1e-05,-3.3e-05,0.342035,0.424639,0.213391,-1.905503,-0.105447,0.005048,0.3237,0.932908,-0.229577,0.27743,-0.013353,0.7476,0.663965,-0.361007,-0.622826,0.693992,0.000283,-0.001395,-0.001321,-6.1e-05,3.9e-05,2.9e-05,0.098401,0.042022,0.020934,-0.019031,-0.930079,0.212082,0.299955,0.030393,-0.769298,0.638166,0.366098,0.602662,0.709062,0.000154,-0.000744,-0.000711,0.00328,-0.001547,-0.000824,-0.043233,0.082325,0.022606,-0.059013,-0.879719,0.472449,-0.053711,-0.401186,-0.676858,0.61718,0.255231,0.564494,0.784986,0.006336,-0.006605,0.003585,0.317032,0.49039,0.302144,-0.803082
667,0.090634,-0.003787,0.363495,-0.786302,0.614523,-0.064322,-0.493466,-0.561826,0.663939,0.372844,0.55303,0.745099,0.013326,-0.003501,-0.002455,-0.292199,3.732948,4.187365,-1.90529,-0.105302,0.005024,0.323644,0.93281,-0.229462,0.277857,-0.013703,0.747678,0.66387,-0.36125,-0.622775,0.693911,0.014088,0.001271,-0.000835,-0.012696,0.088781,-0.139631,0.091915,0.042089,0.020923,-0.019058,-0.930008,0.211966,0.300257,0.030648,-0.769372,0.638064,0.366258,0.602607,0.709026,0.000145,-0.000712,-0.000678,-7.8e-05,-0.000289,-0.0003,-0.049275,0.082535,0.022488,-0.058998,-0.858902,0.510239,-0.044079,-0.426252,-0.664497,0.613801,0.283894,0.545984,0.788228,0.006609,-0.001881,-0.001331,0.045324,0.064085,0.091073,-0.806838
668,0.090965,-0.003873,0.363435,-0.775369,0.628706,-0.059814,-0.500179,-0.553415,0.665977,0.386564,0.545511,0.743648,0.013436,-0.00314,-0.002167,-0.038684,0.134944,0.094775,-1.905538,-0.105277,0.005009,0.323626,0.932686,-0.229276,0.278425,-0.014203,0.747768,0.663758,-0.361551,-0.622736,0.69379,0.00026,-0.00128,-0.001213,-0.0,0.0,0.0,0.089104,0.042107,0.020918,-0.019066,-0.929847,0.211715,0.300931,0.031253,-0.769471,0.637916,0.366614,0.60257,0.708874,0.000138,-0.000674,-0.000641,-0.002255,0.014854,-0.02472,-0.053031,0.082699,0.022444,-0.05903,-0.846816,0.530517,-0.038113,-0.437757,-0.654464,0.616477,0.302108,0.538727,0.786449,0.013483,-0.00294,-0.002008,-0.153335,0.470546,0.26746,-0.804552
669,0.091713,-0.003936,0.363337,-0.748739,0.660935,-0.05099,-0.516486,-0.533338,0.669899,0.416495,0.527091,0.740766,0.0277,-0.003487,-0.002102,0.001927,-0.02915,0.059342,-1.905397,-0.105278,0.005011,0.323614,0.932383,-0.228817,0.279814,-0.015418,0.748006,0.663463,-0.362283,-0.62262,0.693512,1e-06,-4e-06,-4e-06,-0.0,0.0,0.0,0.087052,0.042107,0.020917,-0.019073,-0.92952,0.211202,0.302298,0.032473,-0.769687,0.637594,0.367336,0.602473,0.708582,-7e-06,3.9e-05,3.7e-05,-0.014814,0.103833,-0.169032,-0.057113,0.083062,0.02241,-0.05908,-0.824579,0.565122,-0.026542,-0.456438,-0.63681,0.621398,0.334263,0.524507,0.783044,0.013955,-0.001356,-0.000742,0.008685,-0.05362,0.090366,-0.808471
670,0.092451,-0.003889,0.363326,-0.732374,0.679058,-0.050536,-0.528705,-0.520226,0.670677,0.430048,0.517058,0.740093,0.014778,0.001428,0.001488,0.006234,-0.104923,0.207212,-1.905303,-0.105323,0.00503,0.323583,0.932157,-0.228485,0.280837,-0.016277,0.748233,0.663186,-0.362828,-0.622469,0.693362,1e-06,-3e-06,-2e-06,-0.0,0.0,0.0,0.083487,0.042084,0.020928,-0.019088,-0.929276,0.210831,0.303306,0.033336,-0.769897,0.637296,0.367876,0.602335,0.708419,-3e-06,1.6e-05,1.8e-05,-5.8e-05,-0.000101,-0.000113,-0.061195,0.083436,0.02243,-0.059088,-0.810743,0.584889,-0.024489,-0.470083,-0.625533,0.622679,0.348879,0.516345,0.782093,0.014211,-0.000464,-3.8e-05,0.002843,-0.025248,0.066613,-0.819574
671,0.093323,-0.003725,0.363189,-0.718498,0.693583,-0.052433,-0.538091,-0.506409,0.673781,0.441662,0.511459,0.737138,0.028696,0.007727,-0.010544,-0.109555,0.997493,1.261795,-1.905017,-0.105322,0.005028,0.323553,0.931935,-0.228159,0.281838,-0.017136,0.748424,0.662949,-0.36336,-0.62236,0.693182,0.000124,-0.000612,-0.00058,-0.0,0.0,0.0,0.080606,0.042084,0.020928,-0.019102,-0.929036,0.210469,0.304291,0.034196,-0.770072,0.637039,0.368403,0.602238,0.708228,8e-05,-0.000389,-0.000368,-3.8e-05,-7.1e-05,-7.8e-05,-0.064624,0.083874,0.022516,-0.059147,-0.799718,0.599835,-0.025449,-0.480311,-0.613783,0.626555,0.36021,0.513291,0.778961,0.014592,0.004221,-0.005139,-0.31362,3.598174,4.093409,-0.830188
672,0.093848,-0.003573,0.362957,-0.708939,0.703304,-0.053057,-0.543375,-0.496593,0.676839,0.450556,0.50779,0.734286,0.028257,0.006296,-0.0117,-0.219129,0.868307,1.190968,-1.905469,-0.105319,0.005015,0.323541,0.931835,-0.228007,0.282292,-0.017538,0.748496,0.662857,-0.363598,-0.622328,0.693085,0.000176,-0.000864,-0.00082,-0.0,0.0,0.0,0.079539,0.042085,0.020922,-0.019107,-0.928928,0.210301,0.304738,0.034598,-0.770137,0.636938,0.368639,0.602213,0.708126,0.000114,-0.000555,-0.000526,-3.6e-05,-5.8e-05,-6.4e-05,-0.06642,0.084136,0.022594,-0.059261,-0.791132,0.61113,-0.025074,-0.48719,-0.604841,0.62993,0.369803,0.510574,0.776246,0.014707,0.008515,-0.010391,-0.444313,3.418743,4.023384,-0.832474
673,0.095038,-0.003074,0.362143,-0.689666,0.722132,-0.05414,-0.553669,-0.477559,0.682173,0.46762,0.499548,0.729253,0.04172,0.0112,-0.024856,-0.459162,3.515544,3.810402,-1.905323,-0.105304,0.004992,0.323517,0.931638,-0.227712,0.283178,-0.018319,0.748637,0.662677,-0.364064,-0.622268,0.692895,5.8e-05,-0.000286,-0.000271,-0.0,0.0,0.0,0.078731,0.042094,0.020909,-0.019121,-0.928715,0.209975,0.30561,0.03538,-0.770264,0.636741,0.369101,0.602164,0.707927,3.1e-05,-0.000152,-0.000142,-0.01477,0.103979,-0.168899,-0.06838,0.084726,0.022844,-0.059662,-0.776855,0.629192,-0.024744,-0.497845,-0.589673,0.635952,0.385545,0.506362,0.771331,0.014214,0.007345,-0.011199,-0.243019,-0.428803,-0.064834,-0.838353
674,0.096468,-0.002325,0.360935,-0.679576,0.731419,-0.05699,-0.555937,-0.462654,0.690548,0.479557,0.500051,0.721111,0.042984,0.031329,-0.043489,-0.373422,-0.753731,-0.166737,-1.904825,-0.105301,0.004981,0.323493,0.931534,-0.227562,0.283638,-0.018714,0.748726,0.662565,-0.364309,-0.622216,0.692812,7.2e-05,-0.000356,-0.000338,-0.0,0.0,0.0,0.071424,0.042095,0.020904,-0.019133,-0.928603,0.209809,0.306064,0.035776,-0.770346,0.636621,0.369344,0.602118,0.70784,3.4e-05,-0.000171,-0.000163,-1.6e-05,-2.1e-05,-4.1e-05,-0.074258,0.08544,0.023209,-0.060261,-0.763321,0.645509,-0.02563,-0.506156,-0.572939,0.644628,0.401429,0.505032,0.764066,0.020997,0.010026,-0.01759,-0.057877,-0.230968,-0.202239,-0.837536
