frame,MLTx,MLTy,MLTz,MLTR1,MLTR2,MLTR3,MLTR4,MLTR5,MLTR6,MLTR7,MLTR8,MLTR9,MLTTVx,MLTTVy,MLTTVz,MLTRVx,MLTRVy,MLTRVz,MLGA,MRTx,MRTy,MRTz,MRTR1,MRTR2,MRTR3,MRTR4,MRTR5,MRTR6,MRTR7,MRTR8,MRTR9,MRTTVx,MRTTVy,MRTTVz,MRTRVx,MRTRVy,MRTRVz,MRGA,SLTx,SLTy,SLTz,SLTR1,SLTR2,SLTR3,SLTR4,SLTR5,SLTR6,SLTR7,SLTR8,SLTR9,SLTTVx,SLTTVy,SLTTVz,SLTRVx,SLTRVy,SLTRVz,SLGA,SRTx,SRTy,SRTz,SRTR1,SRTR2,SRTR3,SRTR4,SRTR5,SRTR6,SRTR7,SRTR8,SRTR9,SRTTVx,SRTTVy,SRTTVz,SRTRVx,SRTRVy,SRTRVz,SRGA
3117,0.089171,0.071628,0.402124,-0.257546,0.964226,-0.063113,-0.699294,-0.140857,0.700799,0.667157,0.223422,0.710642,-0.027307,-0.049214,-0.019083,1.101409,-2.788618,0.634478,-1.909429,-0.108979,0.019445,0.39781,0.229486,0.515367,0.825666,-0.829574,0.547221,-0.110855,-0.509212,-0.660153,0.552053,-0.011987,-0.003779,-0.001165,-0.002045,0.015205,-0.029245,0.181513,0.025213,0.053596,-0.009809,-0.289321,-0.485495,0.824977,0.783935,-0.614738,-0.086843,0.549307,0.621603,0.558454,-0.005993,-0.001887,-0.000581,-0.002898,0.014576,-0.028119,0.063069,0.090621,0.066364,-0.061299,-0.270856,0.961639,-0.043432,-0.665038,-0.154314,0.730692,0.69596,0.226797,0.681324,-0.013724,-0.024909,-0.009623,0.282925,0.1062,0.112273,-0.90073
3118,0.088058,0.069585,0.401291,-0.299089,0.951318,-0.074724,-0.708492,-0.168869,0.685196,0.639591,0.256693,0.724609,-0.029998,-0.056812,-0.022748,0.574782,-0.277246,0.408614,-1.909342,-0.109001,0.019362,0.397767,0.224204,0.516219,0.826585,-0.829017,0.546885,-0.116538,-0.512458,-0.659767,0.549506,0.000298,-0.001518,-0.000848,0.0,0.0,-0.0,0.188017,0.025202,0.053555,-0.00983,-0.284142,-0.486771,0.826024,0.783533,-0.614418,-0.092548,0.552574,0.620921,0.555983,0.000179,-0.000906,-0.000506,-0.001324,-0.000983,0.001735,0.065845,0.090056,0.06533,-0.061721,-0.318722,0.946255,-0.054922,-0.673966,-0.185503,0.715093,0.666472,0.264932,0.696868,-0.015008,-0.028527,-0.011387,1.320021,-1.639842,1.281885,-0.895178
3119,0.087378,0.068493,0.400847,-0.328543,0.941289,-0.077973,-0.709946,-0.191604,0.677669,0.623349,0.276829,0.73132,-0.041589,-0.055667,-0.022022,0.807251,-3.199177,-4.255441,-1.909194,-0.109016,0.019343,0.397735,0.224102,0.516233,0.826604,-0.829014,0.546869,-0.116637,-0.512508,-0.659769,0.549457,0.0002,-0.001018,-0.000569,0.0,0.0,-0.0,0.190903,0.025194,0.053545,-0.009846,-0.284057,-0.486789,0.826042,0.783535,-0.614403,-0.09263,0.552615,0.620921,0.555942,-0.000657,0.004263,-0.005141,0.035489,-0.003275,0.022295,0.070417,0.089719,0.064781,-0.061945,-0.342941,0.937545,-0.058305,-0.676668,-0.20351,0.707603,0.651544,0.28212,0.704199,-0.015393,-0.029467,-0.011941,0.564167,0.522881,-0.009842,-0.895178
3120,0.085895,0.0662,0.399914,-0.384541,0.918381,-0.093537,-0.712261,-0.230661,0.662911,0.587706,0.320396,0.742951,-0.032668,-0.063365,-0.02662,0.461579,-0.653366,0.032833,-1.908203,-0.109055,0.019304,0.397683,0.224025,0.516234,0.826624,-0.828991,0.546885,-0.116728,-0.51258,-0.659756,0.549407,0.000156,-0.000797,-0.000446,0.0,0.0,0.0,0.193503,0.025175,0.053525,-0.009872,-0.283983,-0.486796,0.826064,0.783513,-0.614417,-0.092719,0.552684,0.620902,0.555895,8.7e-05,-0.000442,-0.000246,-3e-05,-7e-06,3e-06,0.076459,0.088975,0.063637,-0.062409,-0.403253,0.912406,-0.070004,-0.678241,-0.24665,0.692208,0.614308,0.326615,0.718294,-0.021719,-0.030062,-0.012315,1.198326,-2.630265,0.241957,-0.897954
3121,0.084336,0.063694,0.398817,-0.441858,0.889521,-0.11644,-0.711797,-0.268562,0.648992,0.546568,0.368536,0.751978,-0.034318,-0.067094,-0.029166,0.294614,-0.457713,0.051288,-1.907813,-0.10913,0.019251,0.397626,0.223831,0.516257,0.826662,-0.828995,0.54684,-0.116904,-0.512657,-0.659775,0.549312,0.000336,-0.001714,-0.000959,0.0,0.0,0.0,0.196944,0.025137,0.053501,-0.0099,-0.283791,-0.486835,0.826107,0.783526,-0.614375,-0.092895,0.552764,0.620914,0.555802,0.000211,-0.001068,-0.000596,-1.1e-05,0.0,-1.1e-05,0.079398,0.088208,0.062409,-0.062947,-0.460644,0.883119,-0.088923,-0.677087,-0.284852,0.678536,0.573898,0.372773,0.729164,-0.02262,-0.03198,-0.013568,0.188619,-0.997211,-1.461116,-0.88832
3122,0.082735,0.061017,0.397706,-0.50377,0.850747,-0.149967,-0.712537,-0.311004,0.628919,0.489034,0.422629,0.763058,-0.036366,-0.071865,-0.032344,1.035995,-3.386623,-4.409393,-1.907309,-0.109251,0.019196,0.397538,0.2211,0.516665,0.827142,-0.828639,0.546737,-0.119874,-0.514412,-0.659541,0.54795,0.000284,-0.001454,-0.000814,0.0,0.0,-0.0,0.199163,0.025077,0.053472,-0.009945,-0.281099,-0.487465,0.826656,0.783243,-0.614274,-0.095891,0.554537,0.620518,0.554476,0.000142,-0.000717,-0.000399,-0.001158,-0.00086,0.001536,0.084297,0.087382,0.06102,-0.063524,-0.52271,0.84368,-0.122383,-0.679452,-0.32558,0.657527,0.514897,0.426849,0.743424,-0.018244,-0.036116,-0.016367,1.008844,-3.370893,-4.424856,-0.889953
3123,0.081812,0.059546,0.397067,-0.53493,0.827439,-0.170996,-0.713883,-0.334299,0.615295,0.452617,0.45018,0.769742,-0.048581,-0.071071,-0.032107,1.995317,-5.178989,-2.934248,-1.907176,-0.109339,0.019156,0.3975,0.220642,0.516754,0.827208,-0.828719,0.546536,-0.120236,-0.51448,-0.659637,0.54777,-0.011915,-0.004215,-0.001411,-0.002045,0.015205,-0.029245,0.199332,0.025037,0.053454,-0.009963,-0.280688,-0.487581,0.826727,0.783343,-0.614097,-0.09622,0.554605,0.620603,0.554313,0.000217,-0.001105,-0.000617,-0.001655,0.0116,-0.026092,0.085603,0.086938,0.060311,-0.063832,-0.55106,0.822667,-0.13982,-0.681234,-0.346742,0.644739,0.481925,0.450541,0.751505,-0.018935,-0.037844,-0.017293,0.253144,-0.170427,-0.574487,-0.891749
3124,0.079829,0.056397,0.395938,-0.582054,0.787215,-0.203839,-0.717871,-0.379613,0.583547,0.382718,0.485006,0.786335,-0.064511,-0.086084,-0.026178,0.902573,0.203405,0.126124,-1.906138,-0.109552,0.019125,0.397477,0.220386,0.516779,0.827262,-0.828751,0.546445,-0.120435,-0.514538,-0.659695,0.547646,-9.3e-05,0.000479,0.000268,0.0,0.0,0.0,0.199051,0.024932,0.053435,-0.009977,-0.280438,-0.487625,0.826786,0.783387,-0.61401,-0.096416,0.55467,0.620655,0.554191,-8.4e-05,0.000432,0.000244,-9e-06,7e-06,-2.2e-05,0.085603,0.085955,0.058746,-0.064396,-0.6051,0.777014,-0.173496,-0.683484,-0.395231,0.61371,0.40829,0.489939,0.770232,-0.026819,-0.045311,-0.014326,1.167897,-1.793402,1.370139,-0.893708
3125,0.07718,0.052909,0.39471,-0.625083,0.742396,-0.241175,-0.720255,-0.429377,0.54483,0.301698,0.513346,0.803418,-0.07861,-0.080474,-0.038792,1.465209,-1.427103,1.069857,-1.906937,-0.109765,0.019148,0.397449,0.220138,0.51679,0.82732,-0.828739,0.546412,-0.120665,-0.514664,-0.659712,0.547507,-0.012314,-0.002163,-0.000262,0.008197,-0.065634,0.152169,0.197926,0.024824,0.05345,-0.009989,-0.280053,-0.487703,0.826871,0.783425,-0.613907,-0.096755,0.55481,0.620695,0.554005,-5e-06,3.2e-05,2.3e-05,-3.1e-05,-8e-06,2.3e-05,0.085113,0.084636,0.057001,-0.065005,-0.648473,0.732577,-0.206912,-0.686561,-0.445434,0.574649,0.328809,0.514702,0.791811,-0.034431,-0.047688,-0.016127,0.845104,0.387565,-0.711492,-0.890116
3126,0.074339,0.049261,0.393269,-0.660509,0.69824,-0.276105,-0.716542,-0.476207,0.509673,0.225209,0.533614,0.815208,-0.070796,-0.090028,-0.046016,1.133673,-0.878598,-1.384796,-1.906843,-0.109853,0.019109,0.397446,0.219841,0.516852,0.82736,-0.828822,0.546241,-0.120868,-0.514656,-0.659806,0.547402,1.9e-05,-0.0001,-5.6e-05,0.0,0.0,0.0,0.198133,0.024776,0.053429,-0.009991,-0.279879,-0.487749,0.826902,0.783492,-0.613805,-0.096867,0.554804,0.62076,0.553939,1e-05,-5.3e-05,-2.8e-05,-5e-06,-1e-06,-1.7e-05,0.084623,0.083186,0.055147,-0.06574,-0.683785,0.688211,-0.24249,-0.685093,-0.491124,0.537999,0.251164,0.534004,0.807312,-0.035536,-0.045482,-0.02319,1.223805,-0.875358,-1.370058,-0.888973
3127,0.072912,0.047266,0.392508,-0.668677,0.681133,-0.298287,-0.719184,-0.490417,0.492177,0.189781,0.542781,0.818168,-0.072268,-0.092169,-0.048275,1.456461,-1.689111,1.065795,-1.906896,-0.109897,0.019086,0.397447,0.219685,0.516887,0.82738,-0.828872,0.546142,-0.12097,-0.514641,-0.659861,0.54735,1.4e-05,-7e-05,-3.9e-05,0.0,0.0,0.0,0.197875,0.024754,0.053417,-0.00999,-0.279727,-0.487796,0.826926,0.783552,-0.613712,-0.096968,0.554795,0.620815,0.553886,6e-06,-2.8e-05,-1.5e-05,-1.1e-05,-1.2e-05,-1.1e-05,0.084787,0.082499,0.054182,-0.066103,-0.693487,0.670893,-0.262634,-0.686738,-0.505303,0.522549,0.217865,0.542743,0.811149,-0.037035,-0.052082,-0.019971,0.837204,-0.25282,-0.408236,-0.890116
3128,0.070073,0.043329,0.39088,-0.678189,0.651528,-0.340024,-0.72322,-0.509346,0.46636,0.131496,0.56138,0.817061,-0.061926,-0.102419,-0.041726,0.22843,-0.37072,-0.021111,-1.907608,-0.110018,0.019126,0.397456,0.217274,0.517237,0.827798,-0.828484,0.546131,-0.123649,-0.516286,-0.659595,0.54612,-0.000408,0.002114,0.001183,3e-06,2e-06,-4e-06,0.196182,0.024694,0.053432,-0.009988,-0.2773,-0.488356,0.827413,0.783226,-0.613687,-0.09972,0.556472,0.620399,0.552669,-0.00012,0.000623,0.000351,-0.003101,-0.002325,0.004181,0.083807,0.08107,0.052204,-0.066927,-0.7033,0.641947,-0.305406,-0.693258,-0.524241,0.494533,0.157357,0.55953,0.813734,-0.036849,-0.049688,-0.019838,0.827923,-1.836858,1.047277,-0.891912
3129,0.06719,0.039447,0.389531,-0.682457,0.627177,-0.375431,-0.726778,-0.527246,0.440201,0.078983,0.572491,0.816115,-0.073919,-0.1029,-0.029027,1.026851,-2.060811,1.771202,-1.90807,-0.11004,0.019185,0.397513,0.217285,0.517241,0.827793,-0.828509,0.5461,-0.123616,-0.516241,-0.659618,0.546135,-0.000456,0.002362,0.001321,0.0,0.0,-0.0,0.19436,0.024683,0.053464,-0.009958,-0.277373,-0.488343,0.827396,0.783252,-0.613669,-0.099623,0.556398,0.620428,0.552711,-0.000268,0.001387,0.000779,0.001408,-0.011761,0.026366,0.081194,0.079631,0.050257,-0.06761,-0.70997,0.617628,-0.338344,-0.696116,-0.542759,0.469929,0.106602,0.569163,0.815284,-0.042663,-0.049221,-0.013087,0.213046,0.064673,0.245433,-0.894525
3130,0.065676,0.037481,0.389083,-0.680437,0.623484,-0.385121,-0.730237,-0.532475,0.428014,0.062635,0.571689,0.818093,-0.073766,-0.107592,-0.017597,0.297713,0.113848,0.466946,-1.907912,-0.109998,0.019209,0.397556,0.217465,0.517216,0.827761,-0.828509,0.546138,-0.123448,-0.516165,-0.659606,0.546221,-0.000388,0.002005,0.001121,0.0,0.0,0.0,0.194118,0.024704,0.053478,-0.009936,-0.27755,-0.488303,0.82736,0.783246,-0.613705,-0.099454,0.556319,0.620423,0.552795,-0.000242,0.001247,0.000698,-1.7e-05,-1.4e-05,1e-06,0.080378,0.078872,0.049271,-0.06784,-0.707713,0.61329,-0.350737,-0.700962,-0.547497,0.457053,0.088279,0.569316,0.817364,-0.042044,-0.046621,-0.01204,0.505063,0.133117,0.661279,-0.895668
3131,0.062389,0.033641,0.388757,-0.680038,0.610945,-0.405389,-0.732957,-0.551653,0.398027,0.02038,0.567044,0.823452,-0.081838,-0.090383,-0.008744,0.74671,-0.079641,0.491437,-1.907585,-0.109911,0.019249,0.397594,0.217779,0.517161,0.827712,-0.828464,0.546264,-0.123194,-0.516105,-0.659544,0.546352,-2.3e-05,0.000116,6.5e-05,0.0,0.0,0.0,0.194022,0.024747,0.053501,-0.009915,-0.277857,-0.488224,0.827304,0.783185,-0.613823,-0.099201,0.55625,0.620369,0.552925,1e-06,-1.5e-05,-1.2e-05,-1e-05,8e-06,1.4e-05,0.080215,0.077229,0.047337,-0.068012,-0.70812,0.60076,-0.371014,-0.704528,-0.566212,0.427835,0.046953,0.564349,0.824199,-0.041284,-0.049625,0.000688,1.230855,-0.495695,-0.442792,-0.901873
3132,0.059337,0.029976,0.388809,-0.675243,0.603753,-0.423762,-0.737533,-0.5621,0.374247,-0.011409,0.564493,0.825376,-0.080357,-0.0904,0.005607,0.074788,-0.182556,0.79703,-1.907959,-0.10993,0.019253,0.397598,0.217896,0.517131,0.8277,-0.828436,0.546326,-0.123105,-0.5161,-0.659517,0.546389,-0.000153,0.000791,0.000442,0.0,0.0,0.0,0.191776,0.024737,0.0535,-0.009915,-0.277971,-0.488184,0.827289,0.783151,-0.613881,-0.099111,0.556242,0.620343,0.552963,-9.9e-05,0.000504,0.000282,3e-06,-1e-05,-1.7e-05,0.078582,0.075673,0.045472,-0.067988,-0.70344,0.594765,-0.389134,-0.710603,-0.577237,0.402292,0.014646,0.559509,0.828694,-0.03999,-0.044753,0.003133,0.00583,-0.223813,0.787755,-0.902036
3133,0.057877,0.0281,0.389044,-0.669768,0.60477,-0.43094,-0.74226,-0.562936,0.36349,-0.021936,0.562569,0.826476,-0.067138,-0.097205,0.016599,-0.002081,-0.204196,0.79895,-1.908106,-0.10995,0.019257,0.39759,0.217863,0.517132,0.827708,-0.82843,0.546327,-0.12314,-0.516124,-0.659514,0.54637,-0.012298,-0.002212,-0.00029,-0.002045,0.015205,-0.029245,0.190834,0.024732,0.053504,-0.009918,-0.277962,-0.488182,0.827294,0.783139,-0.613894,-0.099129,0.556264,0.620332,0.552953,3e-06,-1.6e-05,-9e-06,-1e-05,-1.3e-05,6e-06,0.077602,0.074997,0.044602,-0.067886,-0.699096,0.595529,-0.395736,-0.715013,-0.578828,0.392063,0.004422,0.557047,0.830468,-0.03269,-0.043053,0.004036,0.019847,-0.131481,0.647302,-0.906282
3134,0.055098,0.024706,0.390077,-0.658186,0.601484,-0.452829,-0.750614,-0.570949,0.332517,-0.057725,0.558007,0.827843,-0.075072,-0.087711,0.037852,0.269328,-0.204617,1.014722,-1.907194,-0.109971,0.019214,0.39758,0.217692,0.517173,0.827728,-0.828484,0.54622,-0.123254,-0.516109,-0.659571,0.546315,0.000297,-0.001534,-0.000858,0.0,0.0,0.0,0.189483,0.024716,0.053484,-0.009922,-0.277772,-0.488242,0.827321,0.78321,-0.613781,-0.09926,0.556258,0.620396,0.552888,0.000164,-0.000859,-0.00048,3e-06,7e-06,-1.1e-05,0.075316,0.07355,0.042829,-0.067359,-0.687747,0.59269,-0.419191,-0.725271,-0.585941,0.361461,-0.031387,0.55262,0.832841,-0.037238,-0.043124,0.019445,0.265323,-0.214758,1.021453,-0.909221
3135,0.052732,0.02135,0.391636,-0.647514,0.592361,-0.479458,-0.754794,-0.585291,0.296132,-0.104406,0.552902,0.826696,-0.059226,-0.081643,0.041787,1.195269,-2.210963,2.266546,-1.90732,-0.110023,0.019142,0.397533,0.217495,0.517208,0.827758,-0.828516,0.546137,-0.123409,-0.516142,-0.659614,0.546234,0.000444,-0.002297,-0.001285,-0.001484,0.011709,-0.026289,0.191166,0.02469,0.053449,-0.009945,-0.277599,-0.488286,0.827354,0.783246,-0.613713,-0.0994,0.556294,0.620429,0.552814,0.000105,-0.000543,-0.000301,-1.5e-05,-1.1e-05,1.6e-05,0.075316,0.07241,0.04122,-0.066606,-0.68021,0.584079,-0.442905,-0.729125,-0.601305,0.326816,-0.075435,0.545237,0.83488,-0.023138,-0.042082,0.020201,0.022306,-0.238396,0.752206,-0.909221
3136,0.051193,0.018309,0.393263,-0.64161,0.589323,-0.490998,-0.755187,-0.597476,0.269606,-0.133682,0.543042,0.829013,-0.042526,-0.074772,0.046505,0.335643,0.114115,1.009641,-1.901262,-0.110163,0.01907,0.397527,0.21443,0.517724,0.828235,-0.828327,0.545711,-0.126528,-0.517723,-0.659562,0.544798,-0.012235,-0.002565,-0.000487,-0.002045,0.015205,-0.029245,0.191846,0.024625,0.053413,-0.009954,-0.274611,-0.48904,0.827906,0.78314,-0.613333,-0.102531,0.557924,0.62021,0.551415,4e-05,-0.00021,-0.000117,-0.000394,-0.00029,0.000496,0.075969,0.071617,0.039665,-0.065779,-0.673481,0.579797,-0.458538,-0.73148,-0.612162,0.300321,-0.106575,0.537673,0.83639,-0.014584,-0.038259,0.02281,0.409516,0.085454,0.997552,-0.917222
3137,0.05046,0.016864,0.394338,-0.636487,0.589723,-0.497149,-0.757246,-0.600284,0.257312,-0.145902,0.539503,0.829262,-0.038356,-0.064868,0.053136,0.098578,-0.094064,1.009712,-1.764575,-0.110231,0.019026,0.397519,0.21416,0.517782,0.828269,-0.828402,0.545553,-0.126713,-0.517714,-0.659647,0.544704,-0.012075,-0.003401,-0.000955,-0.002045,0.015205,-0.029245,0.193288,0.024591,0.053389,-0.009953,-0.274337,-0.489127,0.827944,0.783253,-0.613159,-0.102709,0.5579,0.620313,0.551323,0.000141,-0.00074,-0.000413,-6.9e-05,-3.9e-05,5.8e-05,0.077112,0.07126,0.038956,-0.065269,-0.669034,0.580812,-0.463735,-0.733684,-0.615801,0.287221,-0.118747,0.532395,0.838125,-0.019172,-0.032366,0.026637,0.238162,0.115459,0.822733,-0.907098
3138,0.049039,0.014893,0.396772,-0.633448,0.589532,-0.50124,-0.755322,-0.611794,0.234881,-0.167403,0.526646,0.833455,-0.028089,-0.034017,0.057662,0.130325,0.06396,0.73161,-1.039717,-0.110412,0.018924,0.397488,0.213616,0.517888,0.828343,-0.82854,0.545255,-0.127093,-0.517717,-0.65981,0.544503,0.000244,-0.001271,-0.000712,0.0,0.0,0.0,0.194016,0.024501,0.053338,-0.009969,-0.273807,-0.489277,0.828032,0.783424,-0.612877,-0.103088,0.557921,0.620474,0.551121,0.000177,-0.000922,-0.000514,-1.5e-05,9e-06,-4e-06,0.078908,0.070544,0.037941,-0.064065,-0.665849,0.580694,-0.468442,-0.732844,-0.626813,0.264657,-0.139941,0.519517,0.842921,-0.013775,-0.01631,0.029317,0.28663,0.221139,0.79382,-0.718988
3139,0.047881,0.014182,0.3991,-0.622125,0.600492,-0.50241,-0.76576,-0.600351,0.230569,-0.1624,0.527418,0.833956,-0.033085,-0.005943,0.05991,-0.115369,-0.060323,0.26751,-0.447571,-0.1106,0.018805,0.397494,0.213175,0.517984,0.828396,-0.82871,0.544937,-0.127347,-0.517626,-0.659998,0.544361,-0.010675,-0.012476,0.009023,-0.037757,0.018493,-0.051265,0.194563,0.024406,0.053279,-0.009971,-0.27339,-0.489399,0.828097,0.783606,-0.612601,-0.103342,0.557869,0.620649,0.550976,2.9e-05,-0.000153,-8.2e-05,-1.1e-05,-1e-06,-5e-06,0.079561,0.069941,0.037565,-0.062848,-0.653847,0.592792,-0.470191,-0.744517,-0.6148,0.260218,-0.134818,0.520209,0.84333,-0.016193,-0.002092,0.030561,-0.143037,-0.0884,0.260894,-0.578721
3140,0.047492,0.014142,0.400261,-0.615929,0.603736,-0.506142,-0.770778,-0.594694,0.228501,-0.162285,0.53011,0.83227,-0.017609,-0.003296,0.061812,-0.108034,-0.172228,0.502946,-0.202646,-0.110691,0.018773,0.397518,0.213054,0.518011,0.828411,-0.828779,0.544821,-0.127393,-0.517565,-0.660072,0.544329,-0.000177,0.000926,0.000518,0.0,0.0,0.0,0.195424,0.024358,0.053257,-0.009957,-0.273234,-0.489451,0.828118,0.783712,-0.612456,-0.103404,0.557797,0.620752,0.550933,-0.006306,-0.000316,0.000301,-0.002067,0.015193,-0.029235,0.080215,0.069754,0.037548,-0.06229,-0.648184,0.595859,-0.47414,-0.749461,-0.609398,0.258728,-0.134775,0.523053,0.841576,-0.008473,-0.00081,0.031481,-0.120918,-0.094715,0.321007,-0.52957
3141,0.047482,0.014219,0.402474,-0.580242,0.624756,-0.522537,-0.800075,-0.557266,0.22205,-0.151749,0.546132,0.823856,0.011405,0.004804,0.051205,-0.471802,-0.28619,0.948752,0.069356,-0.11087,0.018703,0.397561,0.212647,0.518105,0.828456,-0.828955,0.544502,-0.127611,-0.51745,-0.660262,0.544209,-0.012314,-0.002188,-0.000277,-0.002045,0.015205,-0.029245,0.196122,0.024272,0.053227,-0.009933,-0.272861,-0.489571,0.82817,0.783911,-0.612167,-0.103602,0.557699,0.620943,0.550817,-2e-06,6e-06,7e-06,8e-06,1e-05,-3.1e-05,0.081847,0.069743,0.037595,-0.061171,-0.613822,0.617515,-0.49183,-0.77947,-0.572792,0.253642,-0.125089,0.539058,0.832927,0.011956,0.000539,0.024493,-1.162091,-0.027399,1.74196,-0.45413
3142,0.04864,0.014341,0.404156,-0.537436,0.635043,-0.554914,-0.827221,-0.524911,0.200363,-0.163379,0.565927,0.808122,0.036965,0.005678,0.035816,-0.217773,-0.51761,0.569849,0.195175,-0.110985,0.018591,0.397644,0.20985,0.518597,0.828862,-0.828829,0.544031,-0.130406,-0.518789,-0.660264,0.542929,-0.0,0.0,0.0,0.040635,0.030626,-0.054614,0.196382,0.02421,0.05317,-0.009892,-0.270053,-0.490305,0.828656,0.783887,-0.611705,-0.106475,0.559098,0.620819,0.549537,-2e-06,1e-06,3e-06,0.040465,0.030548,-0.054412,0.082011,0.070317,0.037668,-0.060316,-0.572265,0.629244,-0.525892,-0.808458,-0.54041,0.233132,-0.137501,0.558575,0.817976,0.018696,0.00338,0.018246,-0.294781,-0.667314,0.57571,-0.327743
3143,0.049866,0.014645,0.405477,-0.512608,0.640373,-0.572015,-0.841483,-0.507137,0.186256,-0.170186,0.576019,0.799542,0.022917,0.006305,0.035845,-0.048116,-0.237392,0.611336,0.217447,-0.11103,0.018446,0.397793,0.212635,0.517481,0.828849,-0.825939,0.548417,-0.13037,-0.522257,-0.657502,0.542956,0.001444,-0.009294,0.009862,-0.035717,0.003303,-0.022009,0.200258,0.024187,0.0531,-0.009821,-0.272799,-0.488943,0.828561,0.780625,-0.615873,-0.106417,0.56232,0.617766,0.549691,-7.9e-05,0.000403,0.000228,-0.000213,-5e-05,6.1e-05,0.08495,0.070938,0.037826,-0.059652,-0.548614,0.634599,-0.544339,-0.823465,-0.522778,0.220469,-0.14466,0.569197,0.809374,0.011469,0.003223,0.017954,-0.055605,-0.270345,0.768106,-0.023859
3144,0.050414,0.014777,0.406145,-0.508333,0.64475,-0.570912,-0.845529,-0.499432,0.188731,-0.162821,0.577857,0.799748,0.036467,0.005223,0.035143,-0.045654,-0.192175,0.494477,0.242677,-0.111009,0.018374,0.397899,0.210248,0.517914,0.829188,-0.82573,0.548136,-0.132858,-0.523551,-0.657396,0.541837,-0.000236,0.001243,0.000696,0.012194,0.00917,-0.016392,0.20229,0.024198,0.053059,-0.009765,-0.270403,-0.489588,0.828966,0.780509,-0.615574,-0.108962,0.563637,0.617552,0.548581,0.006784,-0.003057,0.00535,0.006701,0.018575,-0.047237,0.086909,0.071218,0.037888,-0.059308,-0.544009,0.639264,-0.543502,-0.827764,-0.514888,0.222927,-0.137334,0.571166,0.809263,0.01822,0.002625,0.017562,-0.033897,-0.201235,0.504057,0.056643
3145,0.051252,0.015053,0.407835,-0.510116,0.652761,-0.560117,-0.847342,-0.493191,0.19684,-0.147127,0.574208,0.805398,0.011641,0.006171,0.051146,0.046161,0.220872,0.297556,0.338246,-0.110954,0.018132,0.398169,0.210607,0.517276,0.829495,-0.822655,0.552145,-0.13531,-0.528229,-0.654535,0.54076,0.001537,-0.009784,0.009594,-0.034614,0.004097,-0.023499,0.206564,0.024225,0.052945,-0.009632,-0.270719,-0.488912,0.829261,0.777143,-0.619374,-0.111463,0.568119,0.61428,0.547631,-1.2e-05,3.8e-05,2.2e-05,-0.000456,-0.000166,0.000324,0.091972,0.071632,0.038022,-0.058483,-0.545767,0.646552,-0.533017,-0.829093,-0.508845,0.231693,-0.121422,0.568371,0.813763,0.011932,0.001029,0.024318,0.06467,0.376331,0.454421,0.187112
3146,0.051763,0.015226,0.409701,-0.503962,0.660188,-0.556973,-0.851307,-0.488638,0.190998,-0.145444,0.569588,0.808976,0.009241,0.000683,0.047555,0.153141,0.374635,0.171311,0.399273,-0.110897,0.017837,0.398433,0.205177,0.518378,0.830167,-0.822522,0.551009,-0.140639,-0.530562,-0.654621,0.538366,0.001653,-0.010395,0.009256,0.004964,0.03367,-0.076736,0.209163,0.024253,0.052797,-0.0095,-0.265458,-0.49044,0.830059,0.777233,-0.618286,-0.116751,0.570473,0.614157,0.545315,0.000838,-0.005282,0.004581,0.109829,0.11234,-0.218171,0.095564,0.071894,0.038122,-0.057542,-0.539498,0.653784,-0.530572,-0.833446,-0.504181,0.226202,-0.119617,0.56424,0.816899,0.004562,0.000263,0.023721,0.319284,0.58346,0.237041,0.300109
3147,0.051981,0.015189,0.410584,-0.497925,0.661769,-0.560516,-0.853884,-0.487046,0.183412,-0.151008,0.569116,0.808289,0.008118,-0.001903,0.045909,-0.017921,0.03041,0.094368,0.42342,-0.11088,0.017725,0.39854,0.204809,0.518527,0.830165,-0.822818,0.550542,-0.140738,-0.530245,-0.654897,0.538344,0.001558,-0.009897,0.009537,-0.035706,0.003244,-0.022036,0.211236,0.024262,0.05274,-0.009447,-0.265103,-0.490619,0.830067,0.77757,-0.617844,-0.116846,0.570179,0.61446,0.545283,0.000774,-0.004944,0.00477,-0.036608,0.002681,-0.02105,0.09785,0.072006,0.038104,-0.057082,-0.533251,0.656717,-0.533259,-0.836623,-0.502775,0.217435,-0.125316,0.562084,0.81753,0.003917,-0.001224,0.022781,-0.060949,-0.014572,0.077736,0.338646
3148,0.052762,0.014818,0.412122,-0.477731,0.661491,-0.578142,-0.861851,-0.480437,0.162375,-0.169764,0.575019,0.80035,0.018386,-0.003459,0.029201,0.089008,-0.229029,0.369305,0.456553,-0.110864,0.017614,0.398693,0.205254,0.517849,0.830479,-0.819448,0.554883,-0.143333,-0.535271,-0.65176,0.537176,-0.00021,0.001106,0.000619,0.0,0.0,-0.0,0.212709,0.024271,0.05268,-0.009368,-0.265491,-0.48991,0.830362,0.773928,-0.621901,-0.119472,0.574934,0.610922,0.544264,-0.00012,0.000607,0.000338,-0.000467,-0.000182,0.000265,0.101442,0.072399,0.037923,-0.056311,-0.513872,0.656554,-0.55215,-0.845617,-0.496046,0.197151,-0.144452,0.568219,0.810098,0.00901,-0.002096,0.014368,0.089435,-0.232121,0.369614,0.403962
3149,0.053937,0.014163,0.413286,-0.475226,0.652658,-0.590122,-0.857417,-0.494036,0.144,-0.196974,0.5736,0.795118,0.028399,-0.012588,0.023669,3.458351,-0.702979,-3.63495,0.431236,-0.110858,0.01757,0.39877,0.20547,0.517828,0.830438,-0.81953,0.554832,-0.143062,-0.535063,-0.651819,0.537311,-4e-06,2.1e-05,1.2e-05,0.0,0.0,0.0,0.212331,0.024273,0.052661,-0.009328,-0.265704,-0.489873,0.830316,0.774012,-0.621849,-0.119195,0.574722,0.611004,0.544396,2e-06,-2.3e-05,-1.3e-05,-0.000123,3.5e-05,-7.8e-05,0.101769,0.072974,0.037598,-0.055739,-0.508749,0.649345,-0.565265,-0.844315,-0.504636,0.180202,-0.16824,0.56894,0.804985,0.013324,-0.011839,0.016323,0.334352,0.456327,0.614989,0.410004
3150,0.054682,0.013495,0.414467,-0.484046,0.637879,-0.599046,-0.845765,-0.516637,0.133186,-0.223937,0.570325,0.790322,0.013772,-0.021284,0.034154,-0.062763,-0.050986,0.158085,0.406809,-0.110824,0.017545,0.398753,0.205747,0.517762,0.830411,-0.819468,0.554977,-0.142854,-0.535052,-0.651748,0.537408,0.00019,-0.000999,-0.000559,0.0,0.0,0.0,0.2137,0.02429,0.052649,-0.009335,-0.265971,-0.489786,0.830282,0.773937,-0.621982,-0.118988,0.574699,0.610939,0.544493,0.000148,-0.000779,-0.000436,-8.8e-05,0.0,-4.6e-05,0.102749,0.07335,0.037268,-0.055164,-0.52134,0.632756,-0.572558,-0.829858,-0.532273,0.167388,-0.198841,0.562409,0.802594,0.007453,-0.005731,0.012171,0.240344,-0.132116,-0.190747,0.375059
3151,0.05481,0.013311,0.414955,-0.491271,0.625222,-0.606462,-0.834761,-0.536718,0.122799,-0.248118,0.565799,0.786344,0.002162,-0.008805,0.025993,1.896127,-1.810352,1.489049,0.403905,-0.110833,0.017544,0.398753,0.205867,0.51773,0.830401,-0.819441,0.55504,-0.142762,-0.535047,-0.65172,0.537447,3e-06,-1.7e-05,-1e-05,0.0,0.0,0.0,0.213667,0.024286,0.052646,-0.009337,-0.266087,-0.489745,0.830269,0.773904,-0.622041,-0.118896,0.57469,0.610913,0.544532,-2e-06,7e-06,5e-06,-6.9e-05,-6e-06,-4.2e-05,0.103239,0.073419,0.037167,-0.054908,-0.529938,0.620312,-0.578253,-0.818842,-0.551662,0.158638,-0.220596,0.557566,0.800285,0.007703,-0.001624,0.0068,0.989483,-0.284468,-1.097703,0.365915
3152,0.054907,0.012709,0.41585,-0.478691,0.610688,-0.63084,-0.82687,-0.555124,0.089967,-0.294665,0.563928,0.771482,-0.002329,-0.019623,0.019618,1.93182,-1.952937,1.855007,0.399065,-0.110855,0.017555,0.398761,0.206148,0.517655,0.830378,-0.819378,0.555188,-0.142547,-0.535035,-0.651652,0.537541,-2e-05,0.000107,6e-05,0.0,0.0,0.0,0.21391,0.024275,0.052652,-0.009333,-0.26636,-0.489648,0.830238,0.773826,-0.622179,-0.118681,0.574669,0.610848,0.544626,-1.3e-05,7.2e-05,4.2e-05,-4.9e-05,8e-06,-3.1e-05,0.103892,0.073474,0.036882,-0.054451,-0.518451,0.605743,-0.603558,-0.812081,-0.569856,0.125651,-0.267829,0.555282,0.787355,-0.001393,-0.010325,0.009502,1.030835,-0.299079,-0.958368,0.354158
3153,0.05492,0.011388,0.416743,-0.467718,0.58221,-0.665069,-0.805565,-0.590405,0.049596,-0.363209,0.558227,0.745982,0.006387,-0.039187,0.023639,1.639498,-2.348977,1.735689,0.410095,-0.11084,0.017527,0.398767,0.209305,0.51641,0.830364,-0.816084,0.560044,-0.142451,-0.538836,-0.648474,0.537588,8.4e-05,-0.000443,-0.000248,8e-06,-1e-06,5e-06,0.21558,0.024282,0.052638,-0.009329,-0.269405,-0.488148,0.830139,0.770132,-0.626757,-0.118622,0.578201,0.60736,0.54479,5.3e-05,-0.000285,-0.00016,-0.000301,0.000113,0.000187,0.104871,0.073476,0.036232,-0.054016,-0.508676,0.579655,-0.63659,-0.792454,-0.604256,0.083008,-0.336548,0.546693,0.766721,0.002794,-0.020507,0.011269,3.595866,-0.758267,-3.311918,0.356608
3154,0.055117,0.010722,0.417097,-0.465277,0.568983,-0.678101,-0.793241,-0.60793,0.034098,-0.392265,0.553052,0.735043,0.020715,-0.031255,0.012653,3.555264,-0.902485,-3.253079,0.396026,-0.110826,0.017499,0.398785,0.206844,0.516868,0.830695,-0.815717,0.559892,-0.145118,-0.540337,-0.64824,0.536362,9.3e-05,-0.000492,-0.000275,3e-06,2e-06,-4e-06,0.21634,0.024289,0.052624,-0.00932,-0.266957,-0.488813,0.830539,0.769835,-0.626601,-0.12134,0.579729,0.606986,0.543582,0.000836,-0.005254,0.004599,-0.038766,0.001109,-0.01814,0.106014,0.073561,0.035887,-0.05384,-0.502608,0.567448,-0.652217,-0.78327,-0.618194,0.065753,-0.365885,0.54391,0.755174,0.009749,-0.020579,0.011206,-0.285661,-0.947881,0.591265,0.358404
3155,0.055827,0.009912,0.417916,-0.447934,0.563643,-0.69405,-0.791856,-0.610496,0.015192,-0.414602,0.555689,0.720653,0.014928,-0.011595,0.024362,-0.081401,-0.406664,0.716698,0.379637,-0.110742,0.017446,0.398874,0.204494,0.517337,0.830985,-0.815436,0.559651,-0.14761,-0.541653,-0.648074,0.535234,0.001475,-0.009457,0.009789,-0.045801,0.083096,-0.203896,0.216201,0.024331,0.0526,-0.00928,-0.264832,-0.489409,0.830868,0.769575,-0.626457,-0.123709,0.581048,0.606654,0.542543,0.006111,0.001375,0.000296,0.000469,-0.0163,0.031185,0.106994,0.073912,0.035442,-0.053442,-0.488577,0.559148,-0.669809,-0.779415,-0.624741,0.047001,-0.392177,0.545024,0.741043,0.007724,-0.005132,0.012566,-0.078533,-0.419302,0.749816,0.333584
3156,0.056307,0.009905,0.418953,-0.462032,0.569236,-0.680105,-0.801334,-0.596494,0.045057,-0.379463,0.565098,0.732597,0.0083,0.013237,0.023375,-0.154623,-0.092781,0.435942,0.365064,-0.110583,0.017337,0.399017,0.205211,0.51977,0.829288,-0.815694,0.559061,-0.148415,-0.540992,-0.646637,0.537635,0.013887,-0.007673,0.00984,0.006874,-0.291782,-0.117833,0.214871,0.024405,0.052546,-0.009208,-0.265329,-0.490964,0.829791,0.769918,-0.625945,-0.12417,0.580367,0.605926,0.544083,-2e-06,-1e-05,-9e-06,0.066776,-0.463433,-0.207105,0.106178,0.074154,0.035428,-0.052924,-0.502121,0.56475,-0.654928,-0.787924,-0.6109,0.077302,-0.356439,0.554849,0.751726,0.004522,0.00756,0.012235,-0.544371,0.225568,0.082357,0.315785
3157,0.056788,0.011119,0.419753,-0.474839,0.572153,-0.668741,-0.806089,-0.587677,0.069486,-0.352664,0.571345,0.741094,0.004518,0.051978,0.014668,-0.106293,0.007654,0.122548,0.344834,-0.110363,0.017148,0.399225,0.205529,0.519827,0.829174,-0.816046,0.558698,-0.147846,-0.540341,-0.646905,0.537967,0.001735,-0.010797,0.009045,-0.035679,0.0031,-0.022104,0.211533,0.02452,0.052454,-0.009103,-0.265913,-0.491897,0.829051,0.770316,-0.62548,-0.124039,0.57957,0.605648,0.54524,0.006284,0.000474,-0.000214,0.001526,-0.011958,0.030659,0.103402,0.074395,0.036034,-0.052518,-0.513975,0.567628,-0.643138,-0.792008,-0.60199,0.101636,-0.329472,0.56161,0.758974,0.002589,0.026823,0.007811,-0.1013,0.003117,0.129311,0.289169
3158,0.057078,0.012278,0.420107,-0.487389,0.571543,-0.660179,-0.80548,-0.58616,0.087118,-0.33658,0.573508,0.74688,0.022044,0.061126,0.019558,-0.483679,0.343614,-0.340778,0.330865,-0.110194,0.017041,0.399334,0.206395,0.522206,0.827462,-0.816227,0.558241,-0.148571,-0.539738,-0.645384,0.540394,0.012529,0.001193,-0.000282,0.080083,-0.551379,-0.209605,0.209957,0.024601,0.052396,-0.009045,-0.266257,-0.491839,0.828975,0.770484,-0.625367,-0.123566,0.579189,0.605812,0.545463,0.000903,-0.005597,0.004408,-0.035778,0.003564,-0.021937,0.102095,0.074536,0.036605,-0.052347,-0.525987,0.566786,-0.634106,-0.790681,-0.600534,0.119086,-0.313306,0.564013,0.76402,0.011437,0.0316,0.01037,-0.520372,0.372305,-0.374245,0.275615
3159,0.058076,0.015322,0.420985,-0.523293,0.567357,-0.635857,-0.796378,-0.591098,0.127894,-0.302648,0.572601,0.761944,0.043147,0.086833,0.017605,-0.120268,0.288697,-0.615882,0.313073,-0.109811,0.016742,0.39956,0.204623,0.522664,0.827613,-0.816188,0.557823,-0.150346,-0.540469,-0.645375,0.539673,0.014421,-0.010337,0.008355,-0.033579,-0.012226,0.007035,0.207341,0.024791,0.052252,-0.008935,-0.265142,-0.494849,0.82754,0.770587,-0.624629,-0.126619,0.579563,0.60412,0.54694,0.001089,-0.006546,0.003877,-0.041117,0.016887,-0.041992,0.099483,0.075019,0.038094,-0.051914,-0.560361,0.562089,-0.608318,-0.779932,-0.605289,0.159156,-0.278748,0.563632,0.777571,0.015224,0.041102,0.015275,-0.566823,0.652886,-1.080935,0.242467
3160,0.059479,0.018799,0.422135,-0.552388,0.57155,-0.606831,-0.794095,-0.582211,0.174403,-0.252943,0.577506,0.776231,0.033993,0.091738,0.034362,-1.046602,0.634691,0.435218,0.312229,-0.109316,0.016248,0.399807,0.203063,0.528154,0.824506,-0.816544,0.556041,-0.154942,-0.540518,-0.642441,0.543114,0.015285,-0.014682,0.005917,-0.031438,-0.025475,-0.03026,0.204673,0.025043,0.052005,-0.008806,-0.264089,-0.500764,0.824313,0.771221,-0.622875,-0.131313,0.579201,0.601049,0.550694,0.007672,-0.007509,0.002858,-0.037916,0.01188,-0.01175,0.095074,0.075729,0.039843,-0.051338,-0.588956,0.564698,-0.57814,-0.774877,-0.597776,0.205496,-0.229555,0.569016,0.789635,0.023123,0.044297,0.016211,-3.434832,1.325983,3.445475,0.232997
3161,0.060308,0.020689,0.422723,-0.548979,0.59071,-0.591379,-0.808379,-0.555099,0.195861,-0.2119,0.584844,0.782996,0.045634,0.087735,0.031156,-3.889295,1.957484,2.925851,0.268089,-0.109017,0.015903,0.399935,0.2007,0.531235,0.823104,-0.816651,0.554795,-0.158801,-0.541237,-0.64098,0.544124,0.015719,-0.016817,0.004711,-0.038069,0.031083,-0.222396,0.205451,0.02518,0.051846,-0.008745,-0.262109,-0.503963,0.822993,0.771437,-0.621802,-0.135074,0.579812,0.599484,0.551756,0.007863,-0.008448,0.002327,-0.031615,-0.034059,-0.031358,0.095074,0.076127,0.040765,-0.051044,-0.585433,0.581657,-0.564749,-0.787266,-0.574216,0.224692,-0.193595,0.57615,0.794085,0.017258,0.046751,0.017265,-1.028965,0.722722,0.292067,0.217811
3162,0.06206,0.023767,0.424053,-0.55506,0.609556,-0.566035,-0.814168,-0.537553,0.219404,-0.169851,0.58187,0.795365,0.043094,0.075739,0.038452,0.151022,0.712392,-0.722319,0.071209,-0.108441,0.015137,0.400117,0.198376,0.536936,0.819962,-0.817261,0.552416,-0.163876,-0.54117,-0.638283,0.54735,0.003872,-0.021576,0.002971,-0.032853,-0.01485,-0.061456,0.2001,0.025479,0.051456,-0.008653,-0.260086,-0.509962,0.819935,0.772409,-0.619445,-0.140255,0.579429,0.596847,0.555008,0.00819,-0.010009,0.001433,-0.036512,0.004999,-0.014928,0.091645,0.077026,0.042358,-0.050367,-0.589386,0.60245,-0.538217,-0.794717,-0.552031,0.25236,-0.145078,0.576468,0.804137,0.027485,0.036099,0.018139,0.311039,0.935394,-0.626042,0.023005
3163,0.063918,0.026273,0.42599,-0.575349,0.61321,-0.541288,-0.802019,-0.552818,0.226119,-0.159866,0.563456,0.810548,0.041909,0.060281,0.058848,0.242104,0.800201,-0.316426,-0.091069,-0.107793,0.014187,0.400361,0.19649,0.545051,0.815048,-0.818105,0.549313,-0.169976,-0.540579,-0.634076,0.552797,0.018274,-0.031167,0.01172,-0.030938,-0.274452,-0.193986,0.188122,0.025805,0.050972,-0.00853,-0.258528,-0.517555,0.815658,0.773642,-0.616568,-0.146016,0.57848,0.593279,0.559803,0.009144,-0.015649,0.005812,-0.02343,-0.344834,-0.223285,0.080541,0.077954,0.043612,-0.049408,-0.60897,0.605628,-0.512219,-0.781746,-0.567568,0.258336,-0.134264,0.557745,0.81908,0.021086,0.030503,0.029591,0.421499,1.044589,-0.221887,-0.180455
3164,0.06568,0.028198,0.428646,-0.587388,0.627527,-0.511106,-0.794692,-0.566733,0.217371,-0.15253,0.53307,0.832225,0.050036,0.035111,0.074104,0.548086,1.216485,0.241851,-0.410487,-0.10696,0.013115,0.40075,0.207013,0.549144,0.809678,-0.809845,0.56051,-0.172955,-0.549039,-0.620595,0.559714,0.030549,-0.027737,0.012668,-0.044927,-0.179969,-0.084845,0.177983,0.026223,0.050432,-0.008338,-0.269472,-0.521569,0.809536,0.764566,-0.62698,-0.149449,0.585511,0.578672,0.567728,0.015272,-0.013899,0.006305,-0.049979,-0.145579,-0.069372,0.064539,0.078836,0.044592,-0.048082,-0.620498,0.618351,-0.48231,-0.774059,-0.581554,0.25025,-0.125748,0.528616,0.839494,0.019086,0.019094,0.038006,0.34375,0.988121,-0.093011,-0.378037
3165,0.066485,0.028757,0.430073,-0.590049,0.635064,-0.49858,-0.792227,-0.57448,0.20572,-0.155051,0.515581,0.842711,0.047047,0.021031,0.081459,0.542576,1.164369,0.2201,-0.595948,-0.106511,0.01254,0.400966,0.214004,0.551717,0.806103,-0.804122,0.56802,-0.175146,-0.554752,-0.611413,0.564171,0.030927,-0.029354,0.01173,4.417003,-1.196983,2.980709,0.176393,0.026435,0.050158,-0.008233,-0.273348,-0.524782,0.806153,0.761968,-0.629641,-0.151512,0.587098,0.572848,0.571979,0.009147,-0.015406,0.00593,-0.031667,-0.27878,-0.163576,0.06111,0.079242,0.044883,-0.047368,-0.622616,0.626312,-0.469128,-0.77207,-0.589344,0.237865,-0.1275,0.510298,0.850493,0.018165,0.016987,0.036737,0.424129,0.709964,0.01228,-0.501811
3166,0.068122,0.029474,0.433296,-0.595116,0.657269,-0.462472,-0.788686,-0.588183,0.178848,-0.153733,0.47036,0.868996,0.033018,0.019183,0.080206,0.705195,1.597532,0.061984,-1.13575,-0.105664,0.011368,0.401354,0.212196,0.562392,0.799174,-0.805612,0.563562,-0.182539,-0.553279,-0.605793,0.571629,0.029537,-0.019972,0.001795,-0.006111,-0.20952,-0.073305,0.166917,0.026859,0.049567,-0.008036,-0.275404,-0.534308,0.799166,0.760284,-0.629811,-0.159076,0.588319,0.563783,0.579679,0.009407,-0.016503,0.005283,-0.044823,-0.207112,-0.15869,0.054905,0.080066,0.045242,-0.045756,-0.626421,0.647842,-0.433471,-0.769487,-0.60273,0.2112,-0.124442,0.46585,0.876069,0.021616,0.002704,0.043889,0.516993,1.365588,-0.019052,-0.796877
3167,0.069553,0.029704,0.43665,-0.603761,0.677675,-0.41985,-0.784426,-0.598857,0.161301,-0.141376,0.425883,0.89368,0.041115,0.000528,0.085004,0.455418,1.402985,-0.457811,-1.703984,-0.104939,0.010211,0.401622,0.226211,0.567227,0.79188,-0.793967,0.57833,-0.187308,-0.564468,-0.587065,0.580166,0.006549,-0.036068,0.009791,0.377056,-0.483698,0.012241,0.146488,0.02723,0.048996,-0.007904,-0.289044,-0.536959,0.792545,0.747789,-0.643543,-0.163287,0.597715,0.54546,0.587545,0.008673,-0.011711,0.000361,1.378273,-0.967816,0.63955,0.03482,0.080764,0.045366,-0.044112,-0.632732,0.668828,-0.390279,-0.766461,-0.61276,0.192512,-0.11039,0.420942,0.900344,0.014752,0.001919,0.043506,0.334427,1.259821,-0.538597,-0.87297
3168,0.07024,0.02964,0.438286,-0.605047,0.690781,-0.39596,-0.785804,-0.598182,0.157042,-0.127628,0.405302,0.905245,0.039715,-0.002856,0.08329,0.539171,1.509561,-0.449031,-1.88945,-0.10462,0.00969,0.401716,0.229539,0.568518,0.789994,-0.791303,0.581593,-0.188477,-0.566866,-0.582573,0.582353,0.01717,-0.022359,0.001349,-0.021753,-0.098185,-0.060852,0.133843,0.027386,0.048726,-0.007856,-0.293127,-0.539246,0.789486,0.744653,-0.646678,-0.165223,0.59964,0.539463,0.59111,0.008663,-0.011595,0.000422,-0.026885,-0.06118,-0.076151,0.02045,0.081124,0.045336,-0.043261,-0.633478,0.681783,-0.365889,-0.767859,-0.612207,0.188662,-0.095374,0.400465,0.911334,0.019946,-0.001066,0.041784,0.272251,1.063601,-0.322442,-0.848477
3169,0.071752,0.029435,0.441635,-0.59971,0.716163,-0.357077,-0.793936,-0.588339,0.153278,-0.09957,0.374524,0.92187,0.039523,-0.002519,0.083002,0.147084,0.89898,-0.633971,-1.908158,-0.104055,0.008742,0.401871,0.22669,0.572023,0.788285,-0.792096,0.579228,-0.192388,-0.566902,-0.5815,0.583389,0.016956,-0.021072,0.002057,-0.035745,0.006358,-0.047608,0.109645,0.027669,0.048252,-0.007779,-0.29047,-0.542758,0.788061,0.745716,-0.644472,-0.169002,0.599611,0.53858,0.591944,0.008341,-0.009897,0.001393,-0.028421,-0.060505,0.171302,-0.014004,0.081877,0.045225,-0.04159,-0.626324,0.708321,-0.325574,-0.776778,-0.602318,0.183922,-0.065824,0.368094,0.927455,0.019592,-0.001606,0.041337,0.241661,0.958672,-0.435586,-0.900893
3170,0.073309,0.029204,0.444793,-0.589199,0.736102,-0.333231,-0.804147,-0.574447,0.152743,-0.078262,0.357044,0.930818,0.048829,-0.010785,0.078544,-0.066836,0.425282,-0.367562,-1.908479,-0.103599,0.008033,0.401903,0.226928,0.574604,0.786337,-0.792878,0.577854,-0.193297,-0.565712,-0.580324,0.585711,0.016653,-0.019416,0.002994,-0.034756,-0.002055,-0.019912,0.103066,0.027903,0.047889,-0.007762,-0.2908,-0.545242,0.786222,0.746663,-0.643151,-0.169854,0.598272,0.53765,0.59414,0.00832,-0.009685,0.001503,-0.035913,0.004535,-0.017404,-0.03115,0.082671,0.045113,-0.039979,-0.61529,0.728396,-0.301424,-0.7871,-0.588761,0.183938,-0.043488,0.350426,0.935579,0.024279,-0.005648,0.039143,-0.118776,0.376479,-0.380415,-0.903179
3171,0.074064,0.029083,0.446317,-0.584622,0.742007,-0.328158,-0.807899,-0.569527,0.151359,-0.073864,0.35268,0.932839,0.038282,0.002275,0.070252,-0.128896,0.289656,-0.419168,-1.908426,-0.103404,0.00774,0.401847,0.227155,0.574599,0.786275,-0.792991,0.577797,-0.193004,-0.565463,-0.580386,0.58589,0.002606,-0.012526,-0.007376,0.007833,-0.06518,0.156876,0.092352,0.027999,0.047749,-0.007787,-0.290889,-0.545228,0.786199,0.746814,-0.643035,-0.169627,0.598039,0.537802,0.594235,0.008411,-0.010074,0.001266,-0.036567,0.010267,-0.046249,-0.038498,0.083032,0.045046,-0.039245,-0.61027,0.734511,-0.296754,-0.791223,-0.583665,0.18248,-0.039172,0.346161,0.937356,0.018743,-0.003371,0.040336,-0.18568,0.180652,-0.225935,-0.905955
3172,0.075561,0.028917,0.44943,-0.568894,0.755303,-0.325458,-0.819413,-0.554385,0.145572,-0.069776,0.348557,0.934702,0.038789,0.004566,0.0708,-0.159891,0.164006,-0.222605,-1.908537,-0.103144,0.007187,0.401589,0.228219,0.574304,0.786182,-0.792834,0.578297,-0.192148,-0.565255,-0.580179,0.586296,0.003133,-0.01502,-0.008891,-0.002651,0.02208,-0.053171,0.065258,0.028129,0.047472,-0.007916,-0.29203,-0.544795,0.786076,0.746568,-0.643569,-0.168678,0.59779,0.537601,0.594668,0.001582,-0.007576,-0.004488,-0.002883,0.022141,-0.053345,-0.06838,0.083779,0.044958,-0.03769,-0.594836,0.747853,-0.294761,-0.803088,-0.568799,0.177527,-0.034896,0.342319,0.938935,0.018803,-0.002811,0.040398,-0.225246,0.093911,-0.087209,-0.898444
