frame,MLTx,MLTy,MLTz,MLTR1,MLTR2,MLTR3,MLTR4,MLTR5,MLTR6,MLTR7,MLTR8,MLTR9,MLTTVx,MLTTVy,MLTTVz,MLTRVx,MLTRVy,MLTRVz,MLGA,MRTx,MRTy,MRTz,MRTR1,MRTR2,MRTR3,MRTR4,MRTR5,MRTR6,MRTR7,MRTR8,MRTR9,MRTTVx,MRTTVy,MRTTVz,MRTRVx,MRTRVy,MRTRVz,MRGA,SLTx,SLTy,SLTz,SLTR1,SLTR2,SLTR3,SLTR4,SLTR5,SLTR6,SLTR7,SLTR8,SLTR9,SLTTVx,SLTTVy,SLTTVz,SLTRVx,SLTRVy,SLTRVz,SLGA,SRTx,SRTy,SRTz,SRTR1,SRTR2,SRTR3,SRTR4,SRTR5,SRTR6,SRTR7,SRTR8,SRTR9,SRTTVx,SRTTVy,SRTTVz,SRTRVx,SRTRVy,SRTRVz,SRGA
724,0.107577,-0.003798,0.313436,-0.549732,-0.404585,-0.730856,-0.038132,-0.861846,0.505707,-0.833807,0.306371,0.459272,0.014319,0.006098,-0.012709,0.03554,-0.032663,0.04527,-1.917628,-0.196966,0.005323,0.292792,-0.757516,0.652287,0.026112,-0.449644,-0.550173,0.703607,0.474272,0.52042,0.709994,0.013892,-0.004651,-0.005998,0.184263,1.836177,-2.022227,-0.085623,0.030606,0.046636,-0.024202,0.864448,-0.502582,0.011849,0.341916,0.605052,0.71903,-0.368541,-0.617513,0.694877,-0.000246,-0.00279,-0.003042,-0.000664,-0.461557,-0.211556,-0.543555,0.052881,0.038651,-0.06137,0.657333,0.39039,-0.644599,-0.115045,0.897318,0.426127,0.744766,-0.205949,0.634749,0.007157,0.003009,-0.006399,0.042174,-0.028731,0.047369,-1.004909
725,0.107659,-0.003729,0.313275,-0.551729,-0.400958,-0.73135,-0.043201,-0.86197,0.505087,-0.832238,0.31076,0.459168,0.014358,0.006251,-0.012551,0.035431,-0.016806,0.021201,-1.917614,-0.196935,0.005171,0.292639,-0.774991,0.6311,0.033065,-0.429762,-0.564488,0.704693,0.464371,0.531115,0.708618,-0.000683,-0.007654,-0.008341,-0.02427,-0.433308,-0.231373,0.004238,0.030628,0.046568,-0.02427,0.876927,-0.480097,0.022478,0.318775,0.615991,0.720373,-0.359696,-0.624549,0.693222,-0.000481,-0.004163,-0.004208,-0.179615,-3.806411,-4.206945,-0.500447,0.052917,0.038683,-0.061445,0.659642,0.38689,-0.64435,-0.109986,0.89779,0.426468,0.743488,-0.210447,0.634772,9.7e-05,0.004445,-0.005235,0.036878,-0.017814,0.01625,-1.003113
726,0.10785,-0.003639,0.313066,-0.558143,-0.390479,-0.732153,-0.05858,-0.861629,0.504118,-0.827001,0.324741,0.458954,-0.000175,-0.000676,-0.000709,-0.000885,0.000609,0.000555,-1.917368,-0.196975,0.004691,0.292145,-0.80042,0.59806,0.040541,-0.398645,-0.581416,0.709205,0.448725,0.550735,0.703704,-0.001357,-0.015134,-0.016573,-0.411159,0.158125,0.317562,0.094269,0.030608,0.046333,-0.024512,0.897389,-0.440177,0.030606,0.283824,0.628958,0.723778,-0.33784,-0.640824,0.689353,-0.00069,-0.007854,-0.008623,-0.460709,0.30692,0.190915,-0.38745,0.053017,0.038727,-0.061558,0.666722,0.376898,-0.642983,-0.094732,0.898568,0.428485,0.73926,-0.22477,0.6348,-7.6e-05,-0.00032,-0.000338,0.000441,-3.5e-05,0.004638,-1.006542
727,0.108085,-0.003498,0.312899,-0.572651,-0.371277,-0.730937,-0.088093,-0.858566,0.505049,-0.814363,0.354065,0.459867,0.000795,0.011289,-0.007947,0.031588,-0.014444,0.016129,-1.917218,-0.197173,0.003924,0.29131,-0.821464,0.568423,0.045641,-0.371144,-0.5935,0.714103,0.434034,0.568943,0.698413,-0.001987,-0.021897,-0.024176,-0.391805,-3.816992,-3.863036,0.132253,0.030508,0.045943,-0.024936,0.911308,-0.410111,0.036416,0.25591,0.633497,0.730199,-0.322532,-0.656117,0.682262,-0.001142,-0.011434,-0.012341,-0.379893,-3.830293,-3.852882,-0.101691,0.053135,0.038794,-0.061638,0.681913,0.359015,-0.637261,-0.065818,0.897834,0.435385,0.728465,-0.254951,0.635875,0.00718,-0.000989,-0.000702,-0.003192,-0.011733,0.039242,-1.012094
728,0.108387,-0.00334,0.312706,-0.586108,-0.35644,-0.727649,-0.111142,-0.854209,0.507885,-0.801869,0.378987,0.461954,0.014104,-0.002904,-0.002376,-0.031608,0.008126,0.050086,-1.916511,-0.19744,0.002888,0.290156,-0.838347,0.542923,0.049004,-0.347677,-0.601559,0.719154,0.420978,0.585167,0.692979,-0.002649,-0.028718,-0.032066,-0.036598,0.051937,-0.110219,0.157837,0.030377,0.045447,-0.025488,0.923734,-0.380886,0.040508,0.230457,0.637131,0.735495,-0.305949,-0.670066,0.676318,-0.008558,-0.014883,-0.016153,-0.016199,-0.258063,-0.452941,-0.008616,0.053281,0.038881,-0.061734,0.695322,0.34555,-0.630175,-0.043602,0.895496,0.442926,0.717373,-0.280499,0.637725,0.007425,0.004081,-0.005281,-0.068907,0.037746,0.121326,-1.023035
729,0.108589,-0.003208,0.312542,-0.591921,-0.345638,-0.728155,-0.126205,-0.852525,0.507194,-0.795343,0.392541,0.461918,0.014931,0.008551,-0.010149,0.003133,-0.009644,0.066138,-1.916582,-0.197626,0.002275,0.289478,-0.850221,0.524215,0.048106,-0.33371,-0.607191,0.721035,0.408257,0.596313,0.691086,-0.002967,-0.031826,-0.035774,-0.061389,-0.289572,-0.40656,0.174359,0.030284,0.045143,-0.025824,0.9314,-0.361786,0.040046,0.216814,0.639792,0.737331,-0.292378,-0.678068,0.674343,-0.00888,-0.016523,-0.017813,-0.30168,-4.088741,-3.728656,0.015715,0.053376,0.038939,-0.06181,0.701731,0.335274,-0.62862,-0.028677,0.894924,0.445295,0.711863,-0.29445,0.637611,0.000277,0.005158,-0.004488,-0.330834,0.237388,0.245271,-1.024994
730,0.108998,-0.002894,0.312103,-0.604853,-0.325281,-0.726905,-0.154622,-0.84746,0.507815,-0.780456,0.419949,0.463203,0.015132,0.017608,-0.020435,0.067277,-0.032283,0.039026,-1.916883,-0.197979,0.00091,0.287979,-0.856634,0.513596,0.048868,-0.325519,-0.611343,0.721271,0.401395,0.601299,0.690786,-0.017965,-0.036272,-0.04044,-0.039367,-0.588255,0.614345,0.224842,0.030112,0.044448,-0.026589,0.936339,-0.348568,0.042058,0.206345,0.643259,0.737318,-0.28406,-0.681702,0.674234,-0.001706,-0.018241,-0.020799,-0.140985,-1.817747,1.882395,0.071887,0.053592,0.039105,-0.062034,0.715408,0.315942,-0.623193,-0.000512,0.892162,0.451714,0.698706,-0.322841,0.638422,0.007566,0.008769,-0.010261,0.073126,-0.035245,0.042991,-1.036588
731,0.109415,-0.002492,0.311519,-0.620228,-0.306692,-0.722014,-0.180323,-0.840039,0.511654,-0.762672,0.447915,0.466616,0.014824,0.016458,-0.021645,-0.037547,0.042159,0.106655,-1.916539,-0.198347,-0.000541,0.286451,-0.856871,0.513214,0.048743,-0.325124,-0.611145,0.721617,0.401211,0.601827,0.690433,-0.003411,-0.035049,-0.040593,-0.007914,0.084525,-0.116421,0.285791,0.029921,0.043714,-0.027361,0.936549,-0.34814,0.040903,0.206691,0.642704,0.737706,-0.283114,-0.682444,0.673881,-0.008943,-0.017238,-0.019485,0.002738,-0.031878,0.035714,0.151572,0.053795,0.0393,-0.062317,0.730622,0.299126,-0.613769,0.024201,0.887016,0.461104,0.682351,-0.351747,0.640835,-6.2e-05,0.003834,-0.00588,-0.326228,0.234531,0.251848,-1.037731
732,0.109609,-0.002288,0.311192,-0.626998,-0.301616,-0.718294,-0.187226,-0.836674,0.51468,-0.755438,0.457557,0.469022,0.013793,0.004176,-0.014761,0.035228,-0.015442,0.019684,-1.916272,-0.198518,-0.001228,0.285722,-0.857041,0.513087,0.047051,-0.325927,-0.610392,0.721892,0.400191,0.602698,0.690265,-0.00329,-0.033469,-0.039046,-0.006328,0.067609,-0.093144,0.311651,0.029834,0.043355,-0.027744,0.936697,-0.347926,0.039311,0.207541,0.642129,0.737968,-0.282001,-0.683094,0.673689,-0.001624,-0.01674,-0.019519,-0.006081,0.070487,-0.096684,0.190762,0.053898,0.039409,-0.062488,0.736857,0.294759,-0.608405,0.030666,0.884444,0.465635,0.675351,-0.361765,0.64267,0.006886,0.002006,-0.007477,0.041858,-0.024612,0.028794,-1.036098
733,0.109943,-0.001849,0.310496,-0.637774,-0.287692,-0.714508,-0.207821,-0.828977,0.51921,-0.740895,0.479983,0.469807,-0.000348,0.006874,-0.01258,-1.150005,0.842951,0.794654,-1.916008,-0.198771,-0.002561,0.284292,-0.857252,0.512762,0.046746,-0.325685,-0.61011,0.722239,0.399936,0.603259,0.689923,-0.003164,-0.031639,-0.037436,-0.006324,0.06759,-0.093158,0.352333,0.029709,0.042699,-0.028447,0.936846,-0.347565,0.038951,0.207402,0.641786,0.738305,-0.281608,-0.6836,0.67334,-0.001352,-0.02179,-0.015189,-0.031564,-0.03367,0.049687,0.254119,0.054064,0.039625,-0.06284,0.747261,0.282376,-0.60155,0.049965,0.87879,0.474584,0.662648,-0.384695,0.642577,-0.000179,0.003374,-0.006358,-1.175282,0.86161,0.780902,-1.040017
734,0.110205,-0.001453,0.309824,-0.646085,-0.272032,-0.713174,-0.229854,-0.821649,0.521566,-0.727062,0.501237,0.469221,0.013916,0.004705,-0.014221,0.020559,-0.055723,0.030311,-1.915765,-0.198795,-0.003959,0.282972,-0.857305,0.512397,0.04969,-0.32336,-0.610877,0.722636,0.40171,0.602794,0.689298,-0.00303,-0.030017,-0.036005,-0.006331,0.067536,-0.093197,0.373242,0.029697,0.041999,-0.029107,0.93683,-0.347263,0.041922,0.204959,0.642108,0.738707,-0.283445,-0.683451,0.672721,-0.001269,-0.020816,-0.014279,-0.042618,0.081473,-0.109482,0.297718,0.05419,0.039821,-0.063171,0.756175,0.267318,-0.597275,0.072063,0.873181,0.482037,0.650388,-0.407546,0.641015,-0.000287,0.002949,-0.006816,0.046281,-0.012065,-0.014036,-1.047038
735,0.110274,-0.001272,0.309498,-0.650698,-0.265331,-0.711504,-0.237815,-0.818654,0.522706,-0.72036,0.509657,0.470488,0.000228,0.017423,-0.021285,0.069023,-0.019891,0.007397,-1.916191,-0.198702,-0.004686,0.282377,-0.857316,0.512196,0.051533,-0.32188,-0.611278,0.722957,0.402875,0.602558,0.688823,-0.002482,-0.0407,-0.027679,-0.042589,0.081464,-0.109421,0.370409,0.029743,0.041624,-0.029419,0.936803,-0.347097,0.043855,0.203362,0.642243,0.73903,-0.284681,-0.683408,0.672242,-0.001215,-0.020251,-0.013722,-0.042679,0.081423,-0.109514,0.306209,0.05423,0.039907,-0.063331,0.760839,0.261029,-0.594126,0.079716,0.871006,0.484761,0.644025,-0.416187,0.641887,0.006931,0.002203,-0.007278,0.045313,-0.030965,0.05008,-1.045405
736,0.11029,-0.001004,0.308964,-0.659819,-0.247055,-0.709682,-0.25966,-0.811302,0.523772,-0.70435,0.530174,0.472051,-0.000475,0.006378,-0.013117,-3.887604,2.892816,2.600597,-1.916376,-0.198282,-0.006072,0.28129,-0.854244,0.516927,0.055186,-0.322572,-0.610097,0.723646,0.408816,0.599705,0.687813,0.012784,-0.03648,-0.023891,-0.038918,0.050134,-0.05612,0.3635,0.029947,0.04094,-0.029958,0.934648,-0.352412,0.047314,0.204319,0.641193,0.739678,-0.291009,-0.681671,0.671294,0.006402,-0.018301,-0.012025,-0.038534,0.05259,-0.054901,0.303923,0.054238,0.040045,-0.063602,0.768861,0.247419,-0.589606,0.096505,0.866637,0.489516,0.63209,-0.433269,0.642446,-0.007317,0.004445,-0.005563,0.038787,-0.00658,-0.009072,-1.045895
737,0.110174,-0.00084,0.308581,-0.679618,-0.215407,-0.70126,-0.296054,-0.794108,0.530769,-0.670367,0.568596,0.476796,-0.000977,-0.003864,-0.004103,-0.350181,0.168063,0.38564,-1.916078,-0.197687,-0.007211,0.280385,-0.828597,0.556528,0.060783,-0.347296,-0.595947,0.723994,0.440188,0.578077,0.686968,0.012872,-0.020046,-0.025702,0.098149,1.237275,1.096981,0.34638,0.030249,0.040356,-0.03042,0.91688,-0.395766,0.051949,0.230857,0.631946,0.73983,-0.325629,-0.666343,0.670784,0.00647,-0.009771,-0.012538,0.100573,1.242116,1.115282,0.292819,0.05418,0.040129,-0.063798,0.790177,0.21472,-0.574033,0.136084,0.851769,0.505933,0.597578,-0.477894,0.643829,-0.00731,0.004479,-0.005525,-1.16563,0.94802,0.686549,-1.05455
738,0.110033,-0.000632,0.308215,-0.695401,-0.176802,-0.696566,-0.338467,-0.774484,0.534404,-0.633102,0.607607,0.479608,-0.01428,0.010371,-0.009552,-3.919857,3.030135,2.708426,-1.915974,-0.196953,-0.008051,0.279603,-0.804997,0.588362,0.076168,-0.36292,-0.589743,0.721406,0.470378,0.552334,0.688138,0.013393,-0.015434,-0.020181,0.035084,0.164246,0.020236,0.318368,0.030616,0.039936,-0.030811,0.899297,-0.432249,0.066516,0.247764,0.628881,0.736967,-0.360384,-0.646272,0.672647,0.006744,-0.007464,-0.009812,0.006478,0.160467,0.026591,0.263427,0.054109,0.040231,-0.063983,0.806681,0.178622,-0.563346,0.177259,0.836212,0.518967,0.563776,-0.518499,0.642894,-0.007121,0.005116,-0.00473,-3.919931,3.023755,2.707225,-1.058469
739,0.109948,-0.000476,0.308033,-0.704328,-0.157784,-0.69215,-0.357688,-0.763334,0.537916,-0.612345,0.626636,0.482067,0.00019,0.009004,-0.010334,-1.115483,0.985907,0.648314,-1.915913,-0.196518,-0.008436,0.279274,-0.787324,0.609985,0.089613,-0.373076,-0.58691,0.71853,0.491875,0.531504,0.689511,0.028972,-0.025603,-0.011998,0.183734,1.354669,0.938535,0.294352,0.030812,0.039759,-0.030963,0.88856,-0.451942,0.078785,0.254959,0.62926,0.734185,-0.381386,-0.632281,0.674362,0.0071,-0.012331,-0.004949,0.181401,1.987139,-1.961138,0.241872,0.054066,0.040305,-0.064071,0.815719,0.160634,-0.555696,0.196208,0.826879,0.527042,0.544154,-0.53895,0.642983,-0.007086,0.005233,-0.004608,-3.791246,2.963635,2.651379,-1.058305
740,0.109715,-5e-06,0.307596,-0.720698,-0.11878,-0.683031,-0.394529,-0.739885,0.544875,-0.569193,0.662311,0.487227,0.000469,0.01009,-0.009175,-0.067339,0.063879,0.088028,-1.915642,-0.195486,-0.009093,0.278791,-0.776874,0.619265,0.113883,-0.375873,-0.601049,0.705262,0.506167,0.504304,0.699525,0.028926,-0.010124,-0.014737,0.389573,-0.396073,0.095164,0.24704,0.031339,0.03942,-0.031211,0.876808,-0.469513,0.103755,0.258654,0.642442,0.721363,-0.405346,-0.605661,0.68474,0.014535,-0.004413,-0.006589,0.497222,-0.228654,-0.211101,0.180475,0.053949,0.040543,-0.064293,0.832721,0.122594,-0.53995,0.233575,0.806385,0.54331,0.502014,-0.578544,0.642859,0.000262,0.005132,-0.004503,-0.05729,0.054273,0.100537,-1.059611
741,0.109398,0.000865,0.307072,-0.735019,-0.083142,-0.672963,-0.424303,-0.717775,0.552029,-0.528024,0.691394,0.493145,0.002719,0.035331,-0.022107,0.066443,0.015439,0.009791,-1.916008,-0.194058,-0.009478,0.278453,-0.769991,0.624266,0.1319,-0.385415,-0.619654,0.68368,0.509496,0.474796,0.717527,0.044444,-0.004488,-0.008797,0.636228,-0.445186,-0.05522,0.198065,0.032064,0.039222,-0.031388,0.870954,-0.476154,0.12131,0.264963,0.663028,0.700134,-0.413803,-0.577642,0.70363,0.022252,-0.002017,-0.004149,0.668322,-0.462721,-0.064156,0.114669,0.053789,0.040964,-0.064549,0.846902,0.088958,-0.524254,0.26271,0.787183,0.557966,0.462319,-0.61027,0.643296,-0.006119,0.013226,-0.006175,-0.052957,0.32858,-0.295455,-1.055366
742,0.109224,0.001403,0.306783,-0.740006,-0.057889,-0.670138,-0.44649,-0.702891,0.553681,-0.50217,0.709008,0.495137,-0.012437,0.025622,-0.013212,-0.267827,0.257617,0.248479,-1.91643,-0.193233,-0.009565,0.278316,-0.774714,0.617144,0.137633,-0.385731,-0.633587,0.670606,0.502034,0.465654,0.728691,0.044612,-0.00276,-0.006679,1.083118,1.261845,-1.877763,0.187167,0.032449,0.039181,-0.03145,0.874059,-0.469384,0.125291,0.263692,0.674973,0.689112,-0.408026,-0.569287,0.71374,0.022611,-0.006922,0.000686,0.416346,-0.494774,0.123855,0.090502,0.053709,0.041239,-0.064694,0.852708,0.064776,-0.518355,0.284659,0.774398,0.565045,0.438015,-0.629373,0.641896,-0.006175,0.012941,-0.006466,-1.080077,1.021127,0.656017,-1.055366
743,0.108817,0.002688,0.306084,-0.751091,-0.011769,-0.660128,-0.481743,-0.673965,0.56006,-0.450565,0.738681,0.501367,-0.011621,0.036818,-0.021165,-3.550039,3.071347,2.772342,-1.916286,-0.191708,-0.009617,0.278204,-0.780735,0.608247,0.143103,-0.389226,-0.652398,0.650241,0.489848,0.451193,0.74588,0.029911,0.000141,-0.002024,0.819211,-0.606613,0.023407,0.175693,0.033229,0.039156,-0.031507,0.87837,-0.458988,0.133398,0.261964,0.695715,0.668845,-0.399799,-0.552549,0.731334,0.022454,0.000275,-0.001336,0.368205,0.220507,-0.340049,0.060783,0.053502,0.041894,-0.065046,0.864322,0.021404,-0.502481,0.318801,0.749415,0.580294,0.388988,-0.661753,0.640913,-0.005734,0.018358,-0.010522,-3.546344,3.061965,2.77645,-1.059285
744,0.108207,0.004373,0.305174,-0.762896,0.050325,-0.644595,-0.524715,-0.630726,0.571691,-0.376848,0.774306,0.508393,-0.010592,0.048669,-0.028379,-1.157643,0.801243,0.522039,-1.916038,-0.190311,-0.009614,0.278186,-0.781936,0.604783,0.151013,-0.390961,-0.664342,0.636971,0.486535,0.438263,0.755693,0.045021,0.002333,-0.000452,0.354546,-0.26317,0.137427,0.176989,0.03391,0.039157,-0.031516,0.879632,-0.454324,0.140839,0.261271,0.708934,0.655095,-0.397471,-0.539445,0.742303,0.01502,0.000831,-0.000108,0.804668,1.567955,-1.600033,0.052455,0.05321,0.042699,-0.06548,0.876306,-0.036984,-0.480331,0.359879,0.713095,0.601648,0.320271,-0.70009,0.6382,-0.012364,0.025486,-0.013328,-0.857611,1.53559,-2.382693,-1.060265
745,0.1074,0.00636,0.304039,-0.764843,0.116527,-0.633626,-0.567708,-0.586902,0.577257,-0.303664,0.80108,0.515836,-0.02482,0.050085,-0.027521,-0.9237,1.034078,0.701314,-1.91504,-0.189273,-0.009614,0.278205,-0.77897,0.606643,0.158683,-0.390336,-0.667013,0.634559,0.491773,0.431592,0.756142,0.029945,0.000745,-0.001367,0.01581,-0.145764,0.219354,0.183736,0.034446,0.039163,-0.031499,0.877313,-0.456296,0.148711,0.259805,0.712096,0.652242,-0.403512,-0.533585,0.743279,0.014976,0.0004,-0.000668,0.009051,-0.152714,0.234301,0.058007,0.052803,0.043711,-0.066058,0.880432,-0.103241,-0.462795,0.405203,0.670722,0.621242,0.24627,-0.734488,0.632358,-0.011864,0.030771,-0.017521,-3.351262,3.377455,2.568331,-1.065653
746,0.106981,0.007439,0.303437,-0.762751,0.147547,-0.629671,-0.587302,-0.565744,0.578776,-0.269892,0.811085,0.518967,-0.023725,0.062059,-0.034581,-0.88163,0.904449,0.885151,-1.915082,-0.188855,-0.009628,0.27822,-0.777751,0.606713,0.164294,-0.388442,-0.669265,0.633349,0.495194,0.427999,0.755952,0.029963,0.001027,-0.00103,0.095754,0.477741,-0.320217,0.183612,0.034667,0.039156,-0.031493,0.876112,-0.4569,0.153849,0.257886,0.713766,0.651178,-0.407336,-0.530829,0.743167,0.014983,0.000517,-0.000529,0.103127,0.540543,-0.370299,0.06013,0.052592,0.044246,-0.066357,0.879593,-0.13399,-0.456467,0.425314,0.651355,0.628366,0.213127,-0.746848,0.629915,-0.0122,0.025266,-0.013449,-3.366055,3.290554,2.730688,-1.066307
747,0.106101,0.009562,0.302373,-0.759961,0.191865,-0.621041,-0.61128,-0.535852,0.582385,-0.220106,0.82198,0.525289,-0.023645,0.053566,-0.023723,0.042318,0.157089,-0.081779,-1.914659,-0.18821,-0.009602,0.278269,-0.777266,0.606542,0.167195,-0.387165,-0.670416,0.632914,0.496955,0.426441,0.755677,0.015099,0.002243,0.001649,0.003733,-0.031975,0.052619,0.184516,0.034983,0.039166,-0.031472,0.875516,-0.456996,0.156926,0.256413,0.714693,0.650742,-0.409541,-0.529498,0.742905,0.007518,0.000673,0.000247,-0.009288,0.101639,-0.129027,0.06111,0.052151,0.045306,-0.066898,0.877606,-0.178898,-0.444748,0.450939,0.622886,0.63927,0.162663,-0.761582,0.627321,-0.01172,0.027142,-0.011473,-0.173011,0.22444,0.295004,-1.072512
748,0.105066,0.011509,0.301766,-0.746466,0.253825,-0.615147,-0.64786,-0.488432,0.584537,-0.151163,0.83455,0.529814,-0.023201,0.046442,-0.011488,-1.010556,1.128117,0.805448,-1.91327,-0.187823,-0.009529,0.278346,-0.776227,0.607021,0.170256,-0.384896,-0.670019,0.634715,0.500335,0.426382,0.753476,0.000115,0.00167,0.002102,-0.015435,0.117632,-0.159671,0.187044,0.035183,0.039205,-0.031431,0.874508,-0.457933,0.159787,0.254431,0.713627,0.652687,-0.412916,-0.530126,0.740585,0.007545,0.001116,0.000802,0.006874,0.100352,-0.130211,0.063069,0.051633,0.04628,-0.067208,0.867315,-0.239761,-0.436209,0.488313,0.579754,0.652253,0.09651,-0.778716,0.619908,-0.011923,0.017587,-0.001822,-3.644482,3.497527,3.182115,-1.079043
749,0.10406,0.012843,0.301728,-0.732846,0.311925,-0.604719,-0.675373,-0.4417,0.590546,-0.081991,0.840802,0.535123,-0.024373,0.025562,0.005813,-0.232954,1.729014,-2.154693,-1.91165,-0.187685,-0.009515,0.278402,-0.775228,0.607281,0.173843,-0.382184,-0.669894,0.636482,0.503953,0.426208,0.751159,5.6e-05,0.000818,0.001029,-0.000869,0.000443,0.000382,0.188053,0.035252,0.039213,-0.031402,0.873526,-0.458497,0.163496,0.251781,0.713033,0.654362,-0.416602,-0.530437,0.738294,3.1e-05,0.000476,0.000594,-0.000702,0.11466,-0.16119,0.065355,0.051131,0.046957,-0.067233,0.853842,-0.299065,-0.426042,0.519763,0.534289,0.666619,0.028267,-0.790628,0.611642,-0.012133,0.013019,0.003177,-0.046012,0.0606,0.087296,-1.080676
750,0.103563,0.013188,0.301959,-0.727635,0.324752,-0.604259,-0.68264,-0.429959,0.590855,-0.067025,0.842014,0.535301,-0.024957,0.015271,0.014594,-0.002084,-0.004036,-0.012163,-1.912082,-0.187706,-0.009519,0.278416,-0.775263,0.606734,0.17559,-0.380961,-0.670742,0.636323,0.504827,0.425655,0.750886,6e-06,8.1e-05,0.000102,-1.3e-05,7e-06,6e-06,0.188822,0.035241,0.039212,-0.031394,0.87346,-0.457995,0.165248,0.250466,0.713695,0.654145,-0.417532,-0.529981,0.738096,0.0,-3e-06,-5e-06,0.001713,9.1e-05,0.000271,0.066498,0.050883,0.047133,-0.067121,0.85066,-0.312396,-0.42283,0.525578,0.523744,0.670417,0.01202,-0.792527,0.609717,-0.012582,0.007315,0.006981,0.007174,0.009365,-0.035194,-1.081166
751,0.102587,0.013421,0.302825,-0.71453,0.34977,-0.605932,-0.6986,-0.404058,0.59048,-0.037415,0.844785,0.533822,-0.0254,0.005492,0.023858,-0.037103,0.032355,-0.049893,-1.912153,-0.18792,-0.009547,0.278414,-0.775738,0.605955,0.17618,-0.379859,-0.671172,0.636528,0.504928,0.426087,0.750573,-7.3e-05,-0.001056,-0.001328,-0.011677,0.115669,-0.161292,0.18784,0.035135,0.039199,-0.031393,0.87379,-0.457215,0.165659,0.249462,0.713842,0.654368,-0.417442,-0.530455,0.737806,-0.007524,-0.000811,-0.000427,-0.001347,0.019802,-0.033007,0.066825,0.050395,0.047254,-0.06669,0.839652,-0.338305,-0.424891,0.542877,0.499228,0.675319,-0.016346,-0.797697,0.602836,-0.013073,-0.002522,0.01623,-0.064127,0.039377,-0.045568,-1.084758
752,0.101688,0.013179,0.304063,-0.697461,0.373874,-0.611401,-0.716524,-0.38064,0.584533,-0.013319,0.845308,0.534139,-0.012528,-0.00866,0.029324,0.230515,0.413853,0.32259,-1.91144,-0.188248,-0.00958,0.278382,-0.776224,0.60537,0.176053,-0.379256,-0.671288,0.636766,0.504635,0.426736,0.750402,-0.014998,-0.000834,0.000125,-0.002045,0.015205,-0.029245,0.185853,0.03497,0.039179,-0.031413,0.874145,-0.456517,0.165713,0.248735,0.713894,0.654587,-0.417132,-0.530986,0.737599,-0.007499,-0.000424,5.8e-05,-0.001644,0.018042,-0.031546,0.065192,0.049938,0.04714,-0.066057,0.826255,-0.362002,-0.431573,0.561934,0.476481,0.676161,-0.039135,-0.801198,0.597116,-0.006277,-0.004304,0.014708,0.220155,0.407794,0.313822,-1.087044
753,0.10135,0.012907,0.304728,-0.693616,0.37527,-0.61491,-0.720232,-0.378876,0.581111,-0.014043,0.84548,0.533848,-0.012449,-0.008377,0.029594,0.146167,0.325529,0.211629,-1.9107,-0.188428,-0.009577,0.2784,-0.776275,0.604997,0.177104,-0.378494,-0.671827,0.636651,0.505129,0.426416,0.750251,-0.014948,-0.000111,0.001032,-0.013685,0.13092,-0.190572,0.185047,0.034886,0.03918,-0.031405,0.874126,-0.456218,0.166636,0.248003,0.714236,0.654492,-0.417608,-0.530783,0.737476,-0.007471,-2.4e-05,0.000561,-0.001975,0.015719,-0.029467,0.064212,0.049768,0.047003,-0.065725,0.822999,-0.364656,-0.435542,0.566736,0.475155,0.67308,-0.038492,-0.800782,0.597717,-0.006257,-0.004231,0.014769,0.264003,0.392832,0.234156,-1.090147
754,0.100827,0.01218,0.306052,-0.689588,0.379603,-0.616777,-0.724127,-0.376538,0.57778,-0.01206,0.844584,0.535312,-0.014366,-0.023032,0.033853,-0.03449,0.155203,0.018749,-1.911472,-0.188728,-0.009548,0.278461,-0.776738,0.604777,0.175826,-0.378677,-0.671363,0.637031,0.504279,0.427457,0.750231,4.4e-05,0.000609,0.000767,-0.0,0.0,0.0,0.183564,0.03473,0.039195,-0.031374,0.874532,-0.45584,0.165534,0.248143,0.713864,0.654845,-0.416674,-0.531607,0.737411,-0.007449,0.000301,0.000965,-0.01362,0.13122,-0.190659,0.062253,0.049519,0.046657,-0.065081,0.819283,-0.370306,-0.437775,0.571928,0.473307,0.669984,-0.040897,-0.799282,0.599561,-0.007152,-0.011338,0.017122,-0.004226,0.19726,0.045323,-1.096678
755,0.100512,0.011653,0.307096,-0.676534,0.405685,-0.614628,-0.736364,-0.35976,0.572985,0.012169,0.83973,0.542893,-0.013188,-0.010923,0.026888,0.017225,0.377999,0.223087,-1.91178,-0.188928,-0.009522,0.278509,-0.777189,0.604373,0.17522,-0.378417,-0.671212,0.637345,0.503779,0.428264,0.750106,1.7e-05,0.000233,0.000293,-5e-06,-4.1e-05,3.6e-05,0.180247,0.03463,0.039209,-0.031348,0.874907,-0.455355,0.164886,0.247948,0.713638,0.655164,-0.416002,-0.532325,0.737272,8e-06,0.000118,0.000154,-0.010979,0.12014,-0.165297,0.058824,0.049355,0.046381,-0.06455,0.808053,-0.396467,-0.435733,0.585377,0.45725,0.669518,-0.066203,-0.796075,0.601565,-0.006562,-0.00528,0.013638,-0.115239,0.655696,0.461478,-1.095699
756,0.100332,0.011612,0.307857,-0.643924,0.45859,-0.612456,-0.762456,-0.317765,0.563612,0.064646,0.829325,0.55504,0.001561,-0.002499,0.016861,-3.112218,3.563554,3.385901,-1.910915,-0.18895,-0.009508,0.278512,-0.777595,0.604193,0.174035,-0.378605,-0.670762,0.637706,0.503009,0.429219,0.750077,1e-06,1e-05,1.2e-05,-0.011667,0.115268,-0.160928,0.174703,0.034619,0.039216,-0.031347,0.87528,-0.45512,0.163556,0.248333,0.713169,0.655531,-0.414988,-0.533157,0.737243,-1e-06,-1.3e-05,-1.5e-05,0.000552,0.003691,-0.003417,0.053272,0.04926,0.046359,-0.064163,0.78169,-0.446835,-0.435083,0.612822,0.42079,0.668867,-0.115795,-0.789476,0.602758,0.00128,0.004542,0.004689,0.289976,0.478854,0.375728,-1.09031
757,0.100382,0.011706,0.308056,-0.624361,0.485472,-0.611993,-0.775529,-0.29121,0.56011,0.094471,0.823726,0.559086,0.002202,0.007692,0.007908,-3.278253,3.247738,3.232675,-1.909718,-0.188917,-0.009514,0.278503,-0.777596,0.604041,0.174558,-0.37825,-0.671012,0.637654,0.503275,0.429044,0.749999,-1.1e-05,-0.000156,-0.000196,-0.0,-0.0,0.0,0.170513,0.034636,0.039213,-0.031352,0.875238,-0.454937,0.164281,0.247797,0.713421,0.655459,-0.415395,-0.532974,0.737146,0.007466,-3.2e-05,-0.000619,-0.009455,0.101239,-0.13271,0.048863,0.049285,0.046404,-0.064059,0.763419,-0.476762,-0.435761,0.629007,0.39547,0.669292,-0.146763,-0.785048,0.601796,0.001033,0.00368,0.003795,0.087223,0.188587,0.174715,-1.087208
758,0.100602,0.011923,0.308244,-0.590382,0.527958,-0.610536,-0.794444,-0.246347,0.555106,0.143399,0.812106,0.565639,0.015214,0.002192,0.003002,-3.349652,3.089718,3.21846,-1.90872,-0.188748,-0.009501,0.278506,-0.777574,0.603849,0.175316,-0.377759,-0.671358,0.637581,0.503678,0.428773,0.749883,0.014958,0.000296,-0.000791,0.002045,-0.015205,0.029245,0.166425,0.034715,0.039219,-0.03135,0.87518,-0.454762,0.165076,0.247226,0.713684,0.655388,-0.415858,-0.532772,0.737032,5e-06,7.8e-05,9.5e-05,-4e-06,2.4e-05,5e-06,0.040862,0.04939,0.046515,-0.063963,0.732448,-0.52205,-0.437016,0.651678,0.351798,0.671977,-0.197064,-0.776983,0.597882,0.000493,0.001773,0.001829,-0.020362,0.058223,0.050126,-1.096189
759,0.100887,0.012154,0.308116,-0.550308,0.573518,-0.606864,-0.809052,-0.186463,0.55735,0.207172,0.796986,0.567379,0.015042,0.009574,-0.008815,-0.656184,1.986617,-1.781055,-1.906125,-0.188557,-0.009502,0.278505,-0.777558,0.603402,0.176919,-0.376674,-0.6721,0.637441,0.504516,0.428241,0.749624,0.0,1e-06,1e-06,-0.0,0.0,0.0,0.166343,0.034816,0.039219,-0.031351,0.875079,-0.454375,0.166666,0.246044,0.714208,0.655262,-0.41677,-0.5324,0.736785,0.007473,7.4e-05,-0.000493,-0.009611,0.100525,-0.132074,0.038575,0.049533,0.046629,-0.064021,0.691709,-0.572637,-0.440026,0.672282,0.288043,0.681958,-0.263769,-0.767539,0.584216,-1e-06,1e-05,1.1e-05,-1.063866,0.935215,0.971765,-1.098638
760,0.100906,0.012328,0.308033,-0.533661,0.595828,-0.6002,-0.811506,-0.160895,0.561731,0.238786,0.7861,0.570135,0.001376,0.012781,-0.006274,-3.753673,4.905905,1.136106,-1.905793,-0.188456,-0.009492,0.278493,-0.776484,0.604394,0.178246,-0.375604,-0.670909,0.639325,0.506965,0.428709,0.747702,0.014948,0.000169,-0.000957,-0.482748,0.243473,0.250387,0.166474,0.034866,0.039224,-0.031357,0.874895,-0.454325,0.167769,0.245252,0.714318,0.655439,-0.417623,-0.532295,0.736377,0.007472,7.8e-05,-0.000488,-0.48284,0.243417,0.250356,0.038086,0.049546,0.046711,-0.064068,0.678592,-0.592343,-0.434327,0.674161,0.267549,0.688421,-0.291577,-0.759964,0.580892,0.000677,0.006369,-0.003145,-0.260973,0.234607,0.329595,-1.103537
761,0.100881,0.012701,0.307845,-0.496264,0.643355,-0.582977,-0.810546,-0.10268,0.576579,0.311697,0.757867,0.573157,-0.012648,0.014681,-0.005069,-0.135285,-0.162505,-0.1437,-1.905981,-0.188299,-0.009479,0.278497,-0.776467,0.604016,0.179596,-0.374701,-0.671545,0.639187,0.50766,0.428246,0.747495,0.014969,0.000485,-0.000563,0.001941,-0.01515,0.029293,0.166435,0.034945,0.03923,-0.031355,0.874096,-0.455285,0.169324,0.24422,0.713224,0.657013,-0.419894,-0.53294,0.734617,0.007486,0.000252,-0.000275,0.005946,-0.016127,0.028728,0.037759,0.049539,0.046895,-0.064164,0.638577,-0.646019,-0.418183,0.673719,0.206685,0.709496,-0.371915,-0.734806,0.567219,0.000127,0.000466,0.000505,-0.300176,-0.020115,-0.306529,-1.092596
762,0.100782,0.013058,0.307797,-0.448929,0.685642,-0.573065,-0.807862,-0.03728,0.588168,0.382464,0.726152,0.57136,0.000769,0.002699,0.002763,-0.388875,0.151806,0.186713,-1.905712,-0.18824,-0.00944,0.278541,-0.776463,0.603757,0.180477,-0.374103,-0.671966,0.639095,0.508107,0.427951,0.747361,6.6e-05,0.000941,0.001183,-0.0,0.0,0.0,0.166365,0.034974,0.039249,-0.031334,0.874053,-0.455037,0.170207,0.24356,0.713554,0.6569,-0.420367,-0.53271,0.734514,4.2e-05,0.000592,0.000744,2e-05,-0.000184,-0.000193,0.037269,0.049483,0.047071,-0.064192,0.594159,-0.689658,-0.413938,0.672497,0.143603,0.726033,-0.441272,-0.709752,0.549117,-0.006556,0.002498,0.002017,-3.343784,3.19866,2.837168,-1.100598
763,0.1007,0.01323,0.307779,-0.421173,0.704071,-0.571789,-0.805542,-0.000604,0.592515,0.417347,0.709278,0.568132,0.001514,0.013239,-0.005799,-0.393263,0.193946,-0.001327,-1.905369,-0.188239,-0.009424,0.278562,-0.775396,0.604813,0.181531,-0.373184,-0.670646,0.641016,0.51041,0.428529,0.745458,6.1e-05,0.000876,0.0011,-0.411164,0.220948,0.188706,0.166648,0.034975,0.039257,-0.031324,0.874016,-0.45481,0.171004,0.242948,0.713836,0.65682,-0.420798,-0.532527,0.734399,4.5e-05,0.00065,0.000815,-6.8e-05,-0.000119,-0.000177,0.037596,0.049443,0.047161,-0.064196,0.56694,-0.710676,-0.416554,0.671822,0.106278,0.733047,-0.476689,-0.695445,0.537701,-0.006672,0.002134,0.001831,-1.178095,0.746413,0.754881,-1.106803
764,0.100572,0.013535,0.307647,-0.393811,0.718827,-0.572927,-0.801303,0.036979,0.597092,0.450878,0.693338,0.562156,0.000699,0.010376,-0.008724,-1.018403,0.728711,0.98526,-1.905254,-0.18826,-0.009402,0.278591,-0.775409,0.604379,0.182916,-0.372223,-0.671325,0.640864,0.511093,0.428079,0.745248,5.5e-05,0.000781,0.000981,-0.000103,5.6e-05,4.8e-05,0.167475,0.034965,0.039268,-0.031309,0.873112,-0.455932,0.172628,0.241834,0.712505,0.658674,-0.423309,-0.533349,0.732357,3.4e-05,0.000488,0.000613,0.004198,-0.001081,-0.000662,0.038739,0.04938,0.047318,-0.064257,0.54257,-0.726792,-0.421177,0.668769,0.070346,0.740134,-0.508295,-0.683246,0.524223,0.000543,0.005859,-0.003861,-3.256967,3.104527,2.988756,-1.112028
765,0.100555,0.013818,0.307369,-0.363453,0.733445,-0.574461,-0.79693,0.074646,0.599418,0.482969,0.674756,0.558096,0.000607,0.01005,-0.009054,-3.176511,3.147594,3.241784,-1.905348,-0.188282,-0.009397,0.278599,-0.775417,0.604101,0.183794,-0.371612,-0.671756,0.640766,0.511525,0.427795,0.745115,0.0,2e-06,3e-06,-0.0,0.0,0.0,0.16778,0.034954,0.039272,-0.031303,0.87308,-0.455659,0.173508,0.241158,0.712846,0.658553,-0.423761,-0.533127,0.732257,-2e-06,-2e-05,-2.5e-05,-2.9e-05,-0.000239,-0.000295,0.039882,0.049371,0.047457,-0.064399,0.51748,-0.741688,-0.426745,0.666195,0.036216,0.744897,-0.537027,-0.669765,0.51285,0.007184,0.003635,-0.005554,0.02703,-0.034686,0.045017,-1.111375
766,0.100777,0.014182,0.306897,-0.301518,0.75957,-0.576354,-0.782339,0.148485,0.604872,0.545395,0.632343,0.550195,0.00108,0.019646,-0.018566,-0.420062,-0.016524,0.107816,-1.904349,-0.188305,-0.009414,0.27858,-0.775821,0.60404,0.182285,-0.372024,-0.671127,0.641186,0.510611,0.428865,0.745126,-4.9e-05,-0.000696,-0.000874,-0.024166,-0.184692,0.164801,0.166942,0.034942,0.039264,-0.031312,0.87344,-0.455465,0.172199,0.241564,0.712366,0.658923,-0.422786,-0.533933,0.732233,-3.2e-05,-0.000464,-0.000582,-0.088761,-0.680386,0.60943,0.039718,0.049482,0.047634,-0.064626,0.454592,-0.775203,-0.438641,0.656132,-0.041593,0.753498,-0.602359,-0.630341,0.489727,0.006951,0.002895,-0.006506,-3.551092,2.900294,2.783658,-1.102394
767,0.100879,0.014357,0.306589,-0.283489,0.765714,-0.577375,-0.775716,0.17093,0.60747,0.564189,0.61914,0.546245,0.014246,0.014844,-0.02274,-0.122242,-0.288119,-0.139883,-1.904026,-0.188305,-0.009414,0.27858,-0.775823,0.603908,0.182712,-0.371729,-0.671335,0.641139,0.510823,0.428726,0.745062,-1e-06,-9e-06,-1.1e-05,-0.0,0.0,0.0,0.166791,0.034942,0.039263,-0.031314,0.873453,-0.455357,0.17242,0.241346,0.712444,0.658919,-0.422883,-0.533922,0.732185,-1e-06,3e-06,3e-06,8.7e-05,0.000872,-0.00112,0.039555,0.049529,0.047729,-0.06478,0.436662,-0.783074,-0.442855,0.650075,-0.065628,0.757031,-0.621875,-0.618456,0.480399,-0.000322,0.002796,-0.006785,-0.248288,-0.304697,-0.226483,-1.108109
768,0.101088,0.014832,0.305939,-0.279261,0.765998,-0.579056,-0.768851,0.182925,0.612682,0.575581,0.615356,0.538582,0.000943,0.019182,-0.019029,-3.37357,3.022465,2.740747,-1.904331,-0.188305,-0.009408,0.278587,-0.775826,0.603738,0.18326,-0.371349,-0.671603,0.641079,0.511095,0.428546,0.744978,3e-06,4.2e-05,5.3e-05,-0.0,0.0,0.0,0.16694,0.034942,0.039266,-0.03131,0.873425,-0.455196,0.172985,0.240913,0.712644,0.658861,-0.423188,-0.533792,0.732104,2e-06,2e-05,2.6e-05,-3.8e-05,-8.9e-05,-0.000128,0.039065,0.049636,0.047958,-0.065112,0.436788,-0.782026,-0.44458,0.644391,-0.072836,0.761218,-0.627674,-0.618974,0.472117,0.007003,0.003009,-0.006211,-0.378879,-0.499538,-0.291746,-1.111048
769,0.101323,0.015417,0.305258,-0.242433,0.775297,-0.583254,-0.753927,0.227852,0.616157,0.610899,0.588147,0.530011,0.00064,0.018129,-0.020102,-3.403499,3.033464,2.68656,-1.904129,-0.188305,-0.009408,0.278587,-0.77583,0.60343,0.184256,-0.370661,-0.672088,0.640969,0.511589,0.428221,0.744826,0.0,0.0,0.0,-0.0,0.0,0.0,0.167534,0.034942,0.039266,-0.03131,0.873373,-0.454913,0.173988,0.240144,0.712998,0.658759,-0.423731,-0.53356,0.731959,0.0,-2e-06,-2e-06,-8.4e-05,-4.3e-05,-0.000114,0.038902,0.049754,0.048254,-0.065449,0.402189,-0.794488,-0.455008,0.632064,-0.118604,0.765786,-0.662373,-0.595585,0.454466,0.007339,0.008166,-0.010587,-0.343467,-0.500274,-0.316963,-1.111701
770,0.101466,0.015714,0.304859,-0.233408,0.777211,-0.584387,-0.748177,0.240363,0.618409,0.621386,0.580604,0.526123,0.014237,0.014904,-0.022669,-0.067809,-0.229206,-0.101634,-1.904691,-0.188305,-0.009408,0.278587,-0.775832,0.603209,0.184967,-0.370169,-0.672434,0.64089,0.511942,0.427989,0.744717,0.0,0.0,0.0,-0.0,0.0,0.0,0.167584,0.034942,0.039266,-0.03131,0.873335,-0.454713,0.174704,0.239597,0.71325,0.658685,-0.424121,-0.533395,0.731854,-1e-06,-1e-06,-1e-06,-7.3e-05,-4.1e-05,-0.000107,0.039065,0.049821,0.048404,-0.065647,0.390343,-0.798521,-0.458251,0.624912,-0.135721,0.768806,-0.676103,-0.586466,0.446028,0.000231,0.008699,-0.010411,-0.086197,-0.246924,-0.16121,-1.112518
771,0.101784,0.016205,0.303914,-0.242513,0.763062,-0.599141,-0.743196,0.250869,0.620239,0.623885,0.59475,0.507018,0.01292,0.010287,-0.027452,-0.227417,-0.489576,-0.264333,-1.904237,-0.188293,-0.009411,0.278599,-0.775833,0.602868,0.186077,-0.369391,-0.672961,0.640786,0.512505,0.427643,0.744529,7e-06,9.6e-05,0.00012,-0.0,0.0,0.0,0.167366,0.034948,0.039264,-0.031304,0.873272,-0.454402,0.175822,0.238733,0.713627,0.65859,-0.424737,-0.533154,0.731672,4e-06,5.5e-05,6.9e-05,-4.9e-05,-5.7e-05,-7.6e-05,0.039555,0.049982,0.048656,-0.066113,0.400338,-0.785284,-0.472289,0.620957,-0.146547,0.770023,-0.673899,-0.601541,0.428959,0.006554,0.005402,-0.013455,-0.366006,-1.148358,0.343859,-1.113171
772,0.102176,0.016667,0.302709,-0.268016,0.749411,-0.605472,-0.732228,0.250015,0.633488,0.62645,0.6122,0.482492,0.013556,0.020506,-0.036339,-0.39666,-0.635741,-0.614481,-1.904628,-0.18827,-0.009406,0.278604,-0.77583,0.602539,0.187149,-0.368654,-0.67348,0.640666,0.51304,0.42729,0.744363,0.014944,0.000179,-0.000949,0.002045,-0.015205,0.029245,0.167558,0.034954,0.039267,-0.031301,0.873209,-0.454095,0.176924,0.237892,0.714014,0.658476,-0.425337,-0.532899,0.731509,-0.0,-6e-06,-7e-06,-7.2e-05,-2.2e-05,-7.2e-05,0.040045,0.050172,0.048875,-0.066705,0.424372,-0.770671,-0.475367,0.608416,-0.146125,0.780049,-0.670624,-0.620252,0.406877,0.006713,0.00996,-0.018475,-0.221442,-0.414748,-0.461492,-1.115457
773,0.102833,0.017544,0.301436,-0.33403,0.716918,-0.611962,-0.732422,0.211285,0.647216,0.593712,0.663516,0.45528,0.028979,0.023898,-0.032049,3.180341,-4.650033,-3.623397,-1.904218,-0.188223,-0.009378,0.278635,-0.775822,0.6023,0.18795,-0.368108,-0.673864,0.640576,0.513445,0.427023,0.744237,0.015013,0.001186,0.000315,0.002045,-0.015205,0.029245,0.166512,0.034983,0.03928,-0.031287,0.873158,-0.453889,0.177708,0.237302,0.714284,0.658396,-0.425773,-0.532713,0.731391,0.007511,0.000639,0.000216,0.00205,-0.015255,0.029218,0.039392,0.050507,0.049316,-0.067377,0.487917,-0.734413,-0.471776,0.602934,-0.107267,0.790546,-0.631193,-0.670171,0.390466,0.014625,0.012401,-0.015943,3.210195,-4.637855,-3.637301,-1.121825
774,0.103394,0.018179,0.300824,-0.407953,0.66936,-0.620949,-0.746962,0.146443,0.648517,0.525529,0.72756,0.441024,0.030125,0.028154,-0.027598,0.811812,-2.043747,-0.761578,-1.90465,-0.188188,-0.009356,0.278661,-0.775815,0.602178,0.188369,-0.367825,-0.674062,0.64053,0.513658,0.426882,0.744171,0.000101,0.001446,0.001815,-0.0,0.0,0.0,0.163913,0.035,0.03929,-0.031276,0.873128,-0.453779,0.17813,0.236987,0.714428,0.658353,-0.426008,-0.532612,0.731327,0.007531,0.00094,0.000592,0.003736,-0.032017,0.052606,0.038412,0.050787,0.049631,-0.067687,0.561858,-0.680753,-0.46999,0.612084,-0.040076,0.789776,-0.556478,-0.731415,0.394161,0.015186,0.014418,-0.013419,0.809542,-2.094781,-0.720508,-1.124764
775,0.10467,0.019628,0.299968,-0.493756,0.606233,-0.623484,-0.745761,0.073643,0.66211,0.447919,0.79114,0.416525,0.018953,0.04042,-0.015517,0.059617,-0.519181,-0.926952,-1.904687,-0.188107,-0.009316,0.278704,-0.776202,0.602408,0.186026,-0.368834,-0.673012,0.641054,0.512348,0.428211,0.744311,8e-05,0.001147,0.001439,-0.011659,0.115714,-0.161325,0.160876,0.035041,0.03931,-0.031254,0.873561,-0.453912,0.175651,0.238271,0.713521,0.658872,-0.424401,-0.533713,0.731459,9e-06,0.000116,0.000144,0.000132,0.000842,-0.000843,0.033677,0.05141,0.050319,-0.068109,0.641331,-0.611986,-0.462781,0.604717,0.031934,0.795799,-0.47224,-0.790222,0.39056,0.016574,0.019591,-0.008262,2.94395,-3.961154,-3.343023,-1.136358
776,0.105484,0.021058,0.299664,-0.525921,0.594738,-0.608062,-0.73525,0.04157,0.676499,0.428268,0.802126,0.416182,0.034322,0.044406,-0.010681,1.19501,-1.007307,-1.094981,-1.90472,-0.188005,-0.009293,0.278725,-0.775091,0.6038,0.186146,-0.368593,-0.67122,0.643068,0.514201,0.429058,0.742542,6e-05,0.000873,0.001094,-0.000142,7.8e-05,6.6e-05,0.160264,0.035086,0.039322,-0.031242,0.872695,-0.455483,0.17589,0.238252,0.711686,0.660861,-0.42619,-0.534824,0.729605,3.9e-05,0.000571,0.000714,0.006936,-0.017925,0.022729,0.032044,0.051811,0.051036,-0.068265,0.668009,-0.59837,-0.442397,0.58863,0.061167,0.806084,-0.455277,-0.79888,0.393079,0.016618,0.016173,-0.001903,1.18849,-0.864229,-1.068417,-1.123295
777,0.106136,0.021736,0.299666,-0.580434,0.546621,-0.603611,-0.732578,-0.026749,0.680137,0.35635,0.83629,0.416727,0.034688,0.038164,0.002154,3.794066,-4.106008,-2.751093,-1.905078,-0.187971,-0.009278,0.278724,-0.775085,0.603796,0.186184,-0.368586,-0.671246,0.643045,0.514215,0.429024,0.742552,7.6e-05,0.001109,0.001391,0.001689,-0.016766,0.023376,0.160086,0.035109,0.039329,-0.031244,0.872694,-0.455473,0.175924,0.238256,0.711735,0.660807,-0.426191,-0.534768,0.729646,-2e-06,-2.1e-05,-2.8e-05,0.000659,-0.000353,-0.000321,0.031227,0.052144,0.051388,-0.068273,0.717714,-0.546682,-0.431305,0.581459,0.129712,0.803168,-0.383132,-0.827232,0.410969,0.024233,0.018008,0.000323,1.451714,-1.379413,-1.071685,-1.108762
778,0.107983,0.022738,0.300307,-0.62801,0.494719,-0.60075,-0.723953,-0.088077,0.684184,0.286344,0.863976,0.414221,0.035496,0.0343,0.017161,0.19227,1.520145,-2.331937,-1.905545,-0.187903,-0.009267,0.278733,-0.773979,0.605013,0.186835,-0.367962,-0.669717,0.644993,0.516326,0.429695,0.740697,2.6e-05,0.000378,0.000474,-0.01344,0.007404,0.0063,0.159097,0.035143,0.039336,-0.031237,0.871802,-0.45694,0.176539,0.237846,0.709908,0.662916,-0.42824,-0.535943,0.727581,1.2e-05,0.000192,0.000237,0.015222,0.001936,0.003848,0.030248,0.05305,0.051884,-0.067964,0.76272,-0.486374,-0.426259,0.56978,0.193553,0.798678,-0.305952,-0.852042,0.424754,0.01728,0.011404,0.012327,-0.048136,-0.135859,0.091595,-1.100924
779,0.109262,0.023517,0.301416,-0.632755,0.499707,-0.591574,-0.718287,-0.093223,0.689453,0.29016,0.860555,0.418663,0.033522,0.011605,0.031998,-0.031149,-0.049532,0.094981,-1.904651,-0.187789,-0.009227,0.278774,-0.773956,0.60498,0.187034,-0.367847,-0.669799,0.644975,0.516443,0.429614,0.740663,7.4e-05,0.00109,0.001366,-2e-06,1e-06,1e-06,0.15979,0.0352,0.039355,-0.031219,0.871795,-0.456884,0.176717,0.237821,0.710119,0.6627,-0.428267,-0.535712,0.727735,5e-05,0.000739,0.000925,0.002407,-0.017245,0.022961,0.029921,0.053699,0.052295,-0.067408,0.766651,-0.491548,-0.413069,0.561073,0.200112,0.803213,-0.312158,-0.847546,0.429211,0.016943,0.006542,0.016746,-0.017401,0.073593,-0.071818,-1.093903
