frame,MLTx,MLTy,MLTz,MLTR1,MLTR2,MLTR3,MLTR4,MLTR5,MLTR6,MLTR7,MLTR8,MLTR9,MLTTVx,MLTTVy,MLTTVz,MLTRVx,MLTRVy,MLTRVz,MLGA,MRTx,MRTy,MRTz,MRTR1,MRTR2,MRTR3,MRTR4,MRTR5,MRTR6,MRTR7,MRTR8,MRTR9,MRTTVx,MRTTVy,MRTTVz,MRTRVx,MRTRVy,MRTRVz,MRGA,SLTx,SLTy,SLTz,SLTR1,SLTR2,SLTR3,SLTR4,SLTR5,SLTR6,SLTR7,SLTR8,SLTR9,SLTTVx,SLTTVy,SLTTVz,SLTRVx,SLTRVy,SLTRVz,SLGA,SRTx,SRTy,SRTz,SRTR1,SRTR2,SRTR3,SRTR4,SRTR5,SRTR6,SRTR7,SRTR8,SRTR9,SRTTVx,SRTTVy,SRTTVz,SRTRVx,SRTRVy,SRTRVz,SRGA
298,0.065904,0.025843,0.336481,-0.148308,-0.463665,-0.873536,-0.293279,-0.822943,0.486543,-0.944284,0.328921,-0.012843,0.019537,0.03453,-0.022307,0.291454,0.113959,0.678055,0.299894,-0.114629,0.057111,0.307699,0.660962,-0.201101,0.722965,-0.287404,0.822007,0.491566,-0.693946,-0.532433,0.484579,-0.084346,0.037147,-0.009083,0.452185,-0.527321,-0.280806,-1.404655,0.032699,0.04421,-0.02944,-0.560765,0.14351,0.815443,0.346042,-0.854104,0.38828,0.752195,0.499911,0.429291,-0.041296,0.013194,-0.000675,0.38897,-0.86819,0.03009,-0.793554,0.070988,0.034532,-0.073056,-0.197387,-0.381286,-0.903138,-0.479052,-0.766259,0.428199,-0.855305,0.517171,-0.031407,0.002351,0.013109,-0.00632,0.331216,0.325029,0.676735,-0.36579
299,0.066466,0.027191,0.335628,-0.171323,-0.454201,-0.874297,-0.275587,-0.829895,0.485076,-0.945689,0.32461,0.0181,0.006048,0.03695,-0.020965,0.350931,0.495569,0.440905,0.45289,-0.118158,0.058616,0.30736,0.694382,-0.167201,0.699907,-0.303897,0.813384,0.495971,-0.653073,-0.556877,0.513076,-0.09669,0.037815,-0.007196,-0.760238,-1.290996,-1.055338,-1.404791,0.03094,0.04496,-0.029612,-0.596918,0.11206,0.794437,0.361519,-0.846405,0.391026,0.716235,0.520615,0.464723,-0.048379,0.018854,-0.003507,-3.35459,-3.496242,-3.066591,-0.799432,0.071275,0.035209,-0.07348,-0.217348,-0.367432,-0.904296,-0.463283,-0.77661,0.426901,-0.859143,0.511731,-0.001431,0.010181,0.021913,-0.015939,0.484525,0.695295,0.620339,-0.16086
300,0.067076,0.028618,0.334557,-0.182004,-0.443765,-0.877492,-0.266273,-0.836806,0.478358,-0.946348,0.321263,0.035236,0.017881,0.030584,-0.025635,0.159805,0.162153,-0.007819,0.520141,-0.122196,0.060446,0.306731,0.74495,-0.118048,0.656586,-0.320178,0.800051,0.507285,-0.586105,-0.587973,0.557344,-0.111036,0.054126,-0.025491,0.146681,-0.898003,-0.138697,-1.404228,0.028959,0.045865,-0.029902,-0.652507,0.064982,0.75499,0.379775,-0.83412,0.400016,0.655747,0.54774,0.519591,-0.055566,0.026999,-0.01266,-3.083355,-4.160181,-2.479254,-0.807596,0.071577,0.035929,-0.07401,-0.226184,-0.353121,-0.907824,-0.454978,-0.785768,0.419002,-0.861298,0.507812,0.017065,0.016237,0.019149,-0.017908,0.16127,-0.049494,0.158489,0.138778
301,0.067651,0.029281,0.333902,-0.19055,-0.434716,-0.880203,-0.272185,-0.838076,0.472774,-0.942969,0.330201,0.042471,0.031908,0.037106,-0.036806,0.255091,0.160951,0.297851,0.522032,-0.124268,0.061429,0.306266,0.76305,-0.105795,0.637615,-0.311296,0.804257,0.506161,-0.567298,-0.584576,0.57992,-0.11042,0.053529,-0.026084,0.426116,-2.810263,2.051048,-1.40424,0.027929,0.046351,-0.030134,-0.670842,0.052805,0.739717,0.373526,-0.837641,0.398541,0.640663,0.543662,0.5422,-0.048961,0.027505,-0.013102,0.862668,-1.078638,-0.075542,-0.806453,0.071848,0.036249,-0.074322,-0.232076,-0.343832,-0.909901,-0.461108,-0.784765,0.414154,-0.856458,0.515677,0.023581,0.009325,0.019854,-0.017681,0.334129,0.368626,0.362215,0.294557
302,0.068759,0.03035,0.332742,-0.215383,-0.416672,-0.883199,-0.311285,-0.827944,0.466457,-0.925337,0.375907,0.049724,0.017507,0.029897,-0.026157,-1.186525,1.222466,0.266586,0.520096,-0.128488,0.063648,0.305338,0.791739,-0.052189,0.608619,-0.327798,0.804289,0.495582,-0.51635,-0.591805,0.61888,-0.111864,0.070359,-0.028751,-2.629554,-3.975174,-3.042098,-1.404141,0.02578,0.047466,-0.030614,-0.705112,0.006331,0.709067,0.382417,-0.838683,0.387771,0.597138,0.544581,0.588945,-0.055089,0.02941,-0.010872,0.788192,-1.899854,0.670033,-0.800248,0.072416,0.03679,-0.074921,-0.251051,-0.322569,-0.912645,-0.495894,-0.766858,0.407452,-0.831301,0.554867,0.03256,0.015196,0.013092,-0.014253,-4.603219,2.922882,0.666924,0.481688
303,0.069558,0.031459,0.331811,-0.245841,-0.395929,-0.884787,-0.365072,-0.80776,0.462838,-0.897647,0.437284,0.055143,0.018435,0.032425,-0.023914,-4.770407,2.524253,0.406522,0.517145,-0.132887,0.066304,0.304278,0.837854,0.047645,0.543803,-0.361066,0.795336,0.486833,-0.410352,-0.604299,0.682859,-0.122965,0.069114,-0.028507,1.006927,-1.960491,-0.440493,-1.403729,0.023537,0.048822,-0.031152,-0.760709,-0.092255,0.642502,0.418093,-0.826801,0.376294,0.496507,0.554877,0.667526,-0.061462,0.034416,-0.014303,0.990551,-1.939997,-0.441701,-0.80678,0.072822,0.037353,-0.075399,-0.277606,-0.293746,-0.914683,-0.54385,-0.736804,0.401678,-0.791935,0.608959,0.044787,0.009224,0.016174,-0.01193,-4.792976,2.459352,0.367448,0.509121
304,0.069978,0.032733,0.330976,-0.263781,-0.377572,-0.88764,-0.383096,-0.803527,0.455579,-0.884935,0.460691,0.068417,0.005472,0.035795,-0.0217,0.296174,0.498854,0.184426,0.5168,-0.137158,0.069297,0.303124,0.878476,0.129132,0.459995,-0.36081,0.810205,0.461864,-0.314144,-0.571868,0.757723,-0.097722,0.077843,-0.02415,1.679046,-2.168555,0.098047,-1.403042,0.021402,0.050311,-0.031736,-0.81211,-0.167849,0.558841,0.414587,-0.839924,0.350206,0.410603,0.516094,0.751699,-0.048871,0.039075,-0.011893,1.655464,-2.134535,0.099503,-0.815924,0.07303,0.037979,-0.075807,-0.291028,-0.273339,-0.916835,-0.561845,-0.726826,0.395035,-0.774359,0.630086,0.057953,0.002848,0.018134,-0.010661,0.300959,0.402122,0.359253,0.51304
305,0.070023,0.033408,0.330595,-0.2767,-0.364702,-0.889087,-0.398973,-0.798094,0.451485,-0.873894,0.480097,0.076437,-0.00892,0.028111,-0.011525,-1.183656,1.229474,0.507531,0.517086,-0.139316,0.070729,0.302808,0.891214,0.152203,0.427273,-0.354742,0.820683,0.447852,-0.283605,-0.550894,0.784823,-0.108535,0.070901,-0.012425,1.088871,-1.733527,0.673205,-1.402958,0.020365,0.050993,-0.031896,-0.828169,-0.190645,0.527056,0.408211,-0.849539,0.334133,0.384054,0.49187,0.781386,-0.059567,0.028428,-0.003137,1.146168,-1.648475,0.348894,-0.817067,0.073058,0.038319,-0.076001,-0.30052,-0.258742,-0.918008,-0.574744,-0.71899,0.390796,-0.761155,0.645062,0.06736,0.00258,0.017378,-0.01117,-4.575884,3.097128,0.678105,0.513203
306,0.06974,0.034395,0.330122,-0.307285,-0.331834,-0.891912,-0.44039,-0.781262,0.442332,-0.843223,0.52912,0.095047,-0.010956,0.01556,-0.004829,-1.184038,1.365668,0.578359,0.501193,-0.1436,0.073094,0.30271,0.902754,0.170676,0.394837,-0.342951,0.839407,0.421562,-0.260607,-0.516191,0.815778,-0.092644,0.05391,0.004254,0.686732,-0.870547,-0.07629,-1.402997,0.018217,0.052186,-0.031948,-0.844284,-0.205634,0.494871,0.392504,-0.866009,0.309786,0.364861,0.455786,0.81187,-0.052478,0.026498,0.002461,0.763686,0.124902,-2.15483,-0.812332,0.072919,0.038819,-0.076239,-0.323645,-0.220239,-0.920188,-0.61136,-0.693581,0.381028,-0.722143,0.685885,0.089829,-0.005447,0.007712,-0.002321,-4.634794,3.153462,0.9927,0.504549
307,0.068595,0.034938,0.330299,-0.346306,-0.286432,-0.89335,-0.489384,-0.757272,0.432451,-0.799953,0.587305,0.123188,-0.038951,0.002192,0.017119,0.075621,0.783736,0.158796,0.423821,-0.14693,0.075186,0.303231,0.916354,0.176231,0.359485,-0.321861,0.858042,0.400128,-0.239085,-0.482587,0.842503,-0.077691,0.041354,0.024286,0.764903,-1.155677,0.418274,-1.403817,0.016518,0.053248,-0.031689,-0.862561,-0.208943,0.460793,0.368521,-0.88348,0.289229,0.346669,0.41929,0.839056,-0.038907,0.021137,0.012569,0.785193,-1.171483,0.416102,-0.802534,0.072355,0.039091,-0.076162,-0.353089,-0.165371,-0.920858,-0.654898,-0.659226,0.369497,-0.668158,0.733534,0.124464,-0.018774,0.006477,0.004447,-0.140625,0.967939,0.457857,0.445764
308,0.06765,0.035186,0.330602,-0.367421,-0.251725,-0.895368,-0.513389,-0.747848,0.420865,-0.775091,0.614616,0.14666,-0.049403,0.018895,0.013224,0.369753,1.252941,0.71654,0.360798,-0.148398,0.076192,0.303737,0.922007,0.190701,0.336938,-0.317345,0.870534,0.376026,-0.222763,-0.453867,0.862696,-0.065567,0.046678,0.026968,1.52914,-1.339742,-0.320711,-1.403855,0.015833,0.053717,-0.031455,-0.870696,-0.2189,0.44042,0.360711,-0.892954,0.269294,0.334327,0.393338,0.856452,-0.032867,0.023737,0.013855,1.462677,-1.303988,-0.277212,-0.800248,0.071905,0.039205,-0.076019,-0.366012,-0.130323,-0.921439,-0.675712,-0.6436,0.359432,-0.639881,0.754184,0.147504,-0.024837,0.009079,0.006318,-1.024505,1.844903,0.854682,0.382081
309,0.065372,0.035737,0.331464,-0.398281,-0.187677,-0.897884,-0.530789,-0.751171,0.392399,-0.74762,0.633102,0.200682,-0.07543,0.017719,0.028005,0.672898,1.674823,0.917551,0.16923,-0.150534,0.078043,0.304893,0.938745,0.21599,0.26851,-0.301627,0.891545,0.337792,-0.167606,-0.398367,0.901707,-0.041369,0.054459,0.030069,1.27309,-2.039629,0.182893,-1.403867,0.014731,0.054661,-0.030865,-0.896327,-0.240756,0.372335,0.340183,-0.911993,0.229221,0.284381,0.332119,0.899346,-0.020045,0.021296,0.01828,0.47398,-3.692194,1.276828,-0.809066,0.070729,0.03949,-0.075576,-0.383454,-0.059373,-0.921649,-0.692161,-0.642217,0.329347,-0.611453,0.764219,0.205165,-0.037635,0.009053,0.014184,0.680031,1.685622,0.924349,0.179274
310,0.062252,0.036439,0.332749,-0.431719,-0.111802,-0.895078,-0.525319,-0.77549,0.350181,-0.732745,0.621517,0.277179,-0.08629,0.025865,0.033955,0.803522,1.918207,1.075263,0.02659,-0.151877,0.07998,0.306526,0.947618,0.226829,0.224855,-0.288519,0.909607,0.29884,-0.137935,-0.348353,0.927085,-0.027167,0.04095,0.048747,1.044116,-1.20015,0.266922,-1.403868,0.01407,0.055615,-0.030076,-0.910597,-0.249024,0.329849,0.322791,-0.926933,0.19131,0.258107,0.280679,0.924445,-0.013652,0.020868,0.024724,0.838794,-1.093097,0.368395,-0.812658,0.069234,0.039824,-0.074965,-0.400072,0.019343,-0.916279,-0.689706,-0.664734,0.287111,-0.603528,0.746829,0.279283,-0.043068,0.013104,0.017157,0.877322,2.081659,1.186829,-0.064519
311,0.058729,0.037577,0.33448,-0.473096,-0.025213,-0.880676,-0.518918,-0.799834,0.301599,-0.711416,0.599712,0.366414,-0.094018,0.040824,0.045548,0.862942,1.983866,1.110127,-0.016513,-0.152651,0.081239,0.308353,0.945237,0.244615,0.216058,-0.300655,0.909894,0.285716,-0.127887,-0.335344,0.933302,-0.001389,0.024423,0.0487,-1.165453,-2.112983,-4.52093,-1.403737,0.013657,0.056285,-0.029129,-0.910918,-0.262061,0.31867,0.328243,-0.928255,0.174923,0.249967,0.263942,0.931585,-0.006644,0.011634,0.024498,-0.017251,-0.213391,0.450866,-0.810046,0.067439,0.040385,-0.074095,-0.424169,0.114768,-0.89828,-0.685876,-0.688415,0.235917,-0.591314,0.716179,0.370721,-0.047798,0.015038,0.026932,0.98813,2.445332,1.157204,-0.182088
312,0.056898,0.03827,0.335542,-0.493769,0.015892,-0.869474,-0.520598,-0.806272,0.280847,-0.695962,0.591296,0.407471,-0.093667,0.034084,0.05694,0.727229,1.86608,0.757722,-0.031936,-0.152692,0.081662,0.309307,0.946249,0.238344,0.218623,-0.295267,0.912178,0.284046,-0.132911,-0.333637,0.933211,-0.00115,0.021482,0.046228,-0.025561,-0.313453,0.363649,-1.403701,0.013632,0.056492,-0.028665,-0.910092,-0.261361,0.321593,0.328058,-0.928539,0.173756,0.253199,0.263635,0.930798,9.8e-05,0.004118,0.025837,-0.019572,-0.086683,0.282543,-0.811189,0.066524,0.040735,-0.073568,-0.436438,0.159342,-0.885511,-0.687893,-0.693468,0.214254,-0.579934,0.702646,0.412266,-0.046548,0.017755,0.029122,0.820007,1.957985,1.065964,-0.207561
313,0.053436,0.039491,0.338256,-0.534063,0.072322,-0.842372,-0.52341,-0.810728,0.262173,-0.663316,0.580829,0.471886,-0.09156,0.023826,0.082294,0.242318,1.257269,0.059861,-0.051247,-0.15249,0.082044,0.311066,0.944615,0.232855,0.231241,-0.293977,0.913326,0.281685,-0.146793,-0.334364,0.930868,0.000862,0.000618,0.045661,-0.045988,0.187886,-0.046644,-1.404202,0.013736,0.056706,-0.027746,-0.907291,-0.256048,0.333558,0.32558,-0.929759,0.171884,0.266118,0.264549,0.926927,0.000439,-0.000131,0.022513,-0.042383,0.196267,-0.04331,-0.813638,0.06479,0.041346,-0.072223,-0.46554,0.22301,-0.856468,-0.69078,-0.696521,0.194115,-0.553259,0.682,0.478309,-0.038493,0.015809,0.036276,0.177095,1.848133,-0.485839,-0.231239
314,0.050408,0.040684,0.341521,-0.565219,0.117176,-0.816604,-0.532006,-0.808298,0.252183,-0.629813,0.576828,0.520224,-0.073337,0.03129,0.088533,0.346707,1.250669,0.177831,-0.096895,-0.151987,0.081594,0.312687,0.942327,0.238728,0.234563,-0.301349,0.909855,0.285107,-0.146539,-0.339657,0.92899,0.015072,-0.023855,0.041804,-0.155966,0.12441,-0.144326,-1.403975,0.013981,0.056497,-0.026946,-0.904751,-0.261902,0.335905,0.333034,-0.926619,0.17454,0.265544,0.269783,0.925582,0.007522,-0.012106,0.020768,-0.136994,-0.0247,0.031051,-0.816904,0.063242,0.041952,-0.070559,-0.488395,0.270679,-0.829579,-0.698075,-0.691629,0.185307,-0.523603,0.669612,0.526743,-0.036477,0.016181,0.044764,0.393644,1.316292,0.224335,-0.255569
315,0.049084,0.041176,0.343321,-0.58017,0.136565,-0.802993,-0.533778,-0.80839,0.24811,-0.614533,0.572392,0.542903,-0.062012,0.017256,0.094496,0.434124,1.445108,0.273767,-0.132407,-0.151619,0.081168,0.313421,0.94182,0.239421,0.235888,-0.302827,0.908679,0.287285,-0.146747,-0.342312,0.927982,0.027173,-0.026522,0.038843,-0.138266,-0.02113,0.03435,-1.403704,0.014161,0.056282,-0.02658,-0.904028,-0.262713,0.337214,0.334838,-0.925585,0.176562,0.265736,0.27253,0.924722,0.00704,-0.008121,0.01613,-0.118144,0.112713,-0.124689,-0.81772,0.062607,0.042199,-0.069687,-0.499248,0.290204,-0.816414,-0.699626,-0.690874,0.18225,-0.51115,0.662173,0.547952,-0.035917,0.017129,0.045319,0.288963,1.19356,-0.103412,-0.273204
316,0.046626,0.041742,0.347173,-0.606508,0.168798,-0.776981,-0.528783,-0.815398,0.235554,-0.59304,0.553506,0.584775,-0.062421,0.008675,0.103749,0.34908,1.401643,0.001849,-0.200792,-0.150774,0.080428,0.314679,0.938858,0.240391,0.246472,-0.30776,0.906626,0.288524,-0.155278,-0.347047,0.92483,0.014468,-0.019961,0.029634,-0.118817,0.113079,-0.129268,-1.403785,0.014589,0.055904,-0.025952,-0.899781,-0.264267,0.347213,0.339708,-0.923663,0.177323,0.273847,0.277503,0.920868,0.013154,-0.010047,0.014228,-0.104646,-0.018884,0.032467,-0.817394,0.061381,0.04249,-0.06776,-0.519599,0.326957,-0.789376,-0.695587,-0.698379,0.168597,-0.49616,0.636683,0.590304,-0.031211,0.004458,0.052031,0.396617,1.391608,0.232767,-0.323824
317,0.044372,0.042136,0.351271,-0.627302,0.198501,-0.753084,-0.524822,-0.822171,0.220383,-0.574642,0.53323,0.620869,-0.048065,0.008074,0.103237,0.356399,1.240492,0.162118,-0.237986,-0.149783,0.079462,0.315698,0.935778,0.240268,0.258037,-0.311935,0.905063,0.288949,-0.165288,-0.351192,0.921525,0.038763,-0.025192,0.023849,-0.101743,-0.029924,0.058318,-1.404022,0.01509,0.055414,-0.025431,-0.895205,-0.264987,0.358313,0.343943,-0.922083,0.177386,0.28339,0.282036,0.916594,0.019401,-0.013023,0.011605,-0.103211,-0.037001,0.062015,-0.82017,0.06025,0.042689,-0.065709,-0.535114,0.358643,-0.764871,-0.692253,-0.705097,0.153694,-0.484187,0.611728,0.625579,-0.031126,0.000859,0.057208,0.055198,0.961923,-0.326377,-0.360728
318,0.04254,0.041971,0.355597,-0.63975,0.212026,-0.738789,-0.515598,-0.83122,0.207855,-0.569236,0.513626,0.642017,-0.036812,-0.005614,0.109343,0.045347,0.554885,0.23479,-0.305161,-0.148463,0.078589,0.316428,0.93317,0.240339,0.26725,-0.314928,0.904857,0.286335,-0.174176,-0.351673,0.919702,0.027662,-0.032613,0.019686,-0.09198,-0.002386,0.000315,-1.403543,0.015739,0.05499,-0.025072,-0.891428,-0.26581,0.367015,0.346513,-0.921756,0.17405,0.292034,0.282329,0.913786,0.019034,-0.009815,0.006402,-0.098438,0.100502,-0.092345,-0.820006,0.059316,0.042611,-0.063506,-0.545705,0.37567,-0.74905,-0.684399,-0.715595,0.139713,-0.483532,0.588892,0.647612,-0.018475,-0.002825,0.054703,0.012623,0.513915,0.203716,-0.40351
319,0.041796,0.041716,0.357902,-0.644937,0.228166,-0.729413,-0.517942,-0.832278,0.197542,-0.561205,0.504907,0.655855,-0.03643,-0.004978,0.109507,0.228645,0.840474,0.406632,-0.326809,-0.147756,0.07804,0.316711,0.932527,0.239923,0.269855,-0.315644,0.904351,0.287144,-0.176321,-0.353257,0.918686,0.028091,-0.036294,0.017098,-0.105905,0.003052,0.006638,-1.403812,0.016078,0.054726,-0.024934,-0.890457,-0.265511,0.36958,0.34733,-0.92127,0.174994,0.29402,0.284191,0.912571,0.019306,-0.012244,0.004684,-0.076083,-0.006485,0.035246,-0.821966,0.058973,0.042492,-0.062438,-0.547701,0.389826,-0.740309,-0.686162,-0.715585,0.130835,-0.478752,0.579631,0.659411,-0.012343,-0.005001,0.05322,0.399173,1.213703,0.405495,-0.424738
320,0.040494,0.041084,0.36223,-0.658318,0.254927,-0.70829,-0.513673,-0.839922,0.175053,-0.549469,0.478748,0.684771,-0.028194,-0.024503,0.111515,0.27812,0.987045,0.460328,-0.336532,-0.146531,0.077136,0.316992,0.932666,0.239366,0.269869,-0.315561,0.903624,0.289515,-0.175729,-0.355489,0.917938,0.038923,-0.025838,0.008449,-0.069634,-0.005091,0.031033,-1.403539,0.016701,0.054255,-0.024791,-0.890626,-0.26489,0.369619,0.347523,-0.920707,0.177553,0.293279,0.286585,0.912061,0.012803,-0.007345,0.001191,-0.032511,-0.019283,0.041779,-0.827681,0.058308,0.042186,-0.060224,-0.556519,0.418403,-0.71779,-0.682454,-0.722947,0.107713,-0.473858,0.549804,0.687876,-0.013441,-0.007362,0.051195,0.348506,1.044411,0.49136,-0.449231
321,0.039703,0.040086,0.366143,-0.669938,0.264946,-0.693565,-0.508034,-0.84479,0.167935,-0.540595,0.464527,0.701426,-0.006907,-0.039468,0.101442,-0.170228,0.282302,0.045577,-0.333492,-0.145426,0.076597,0.317065,0.93268,0.238954,0.270186,-0.31553,0.903214,0.290825,-0.175712,-0.356806,0.91743,0.025633,-0.014048,0.002867,-0.048739,0.107618,-0.111023,-1.403582,0.017259,0.053974,-0.024757,-0.890665,-0.264409,0.369869,0.347553,-0.920428,0.178938,0.293125,0.287923,0.911689,0.012125,-0.001354,-0.002075,0.001913,-0.011918,0.036824,-0.83013,0.057904,0.041683,-0.058222,-0.566731,0.431703,-0.701746,-0.677752,-0.728575,0.099145,-0.468474,0.531798,0.705494,-0.003658,-0.02004,0.050521,-0.244497,0.174095,-0.014521,-0.45413
322,0.039612,0.039497,0.367946,-0.674196,0.263293,-0.69006,-0.504688,-0.846366,0.170077,-0.53843,0.462597,0.70436,-0.00399,-0.019842,0.082944,-0.190392,0.103437,-0.005254,-0.329072,-0.14493,0.076508,0.317047,0.932619,0.238827,0.270507,-0.315572,0.903124,0.291057,-0.175959,-0.357117,0.917262,0.025476,-0.01233,0.004086,-0.048795,0.107534,-0.111075,-1.403999,0.017517,0.053921,-0.024768,-0.890512,-0.264353,0.370276,0.347703,-0.920326,0.179171,0.293411,0.2883,0.911478,0.012731,-0.006111,0.002063,-0.04867,0.107608,-0.110767,-0.831437,0.05786,0.041394,-0.057353,-0.571312,0.430218,-0.698937,-0.674849,-0.73091,0.101724,-0.467097,0.529793,0.707911,-0.002955,-0.015187,0.045834,-0.260627,0.158101,-0.195781,-0.45266
323,0.039518,0.038595,0.371138,-0.680695,0.25868,-0.685408,-0.501272,-0.846727,0.178186,-0.533419,0.46454,0.70689,-0.005411,-0.022744,0.080672,-0.197365,0.191938,-0.184549,-0.327837,-0.143969,0.076677,0.316998,0.934001,0.238675,0.265834,-0.313978,0.903145,0.292711,-0.171396,-0.357165,0.918107,0.02342,0.005184,0.001507,0.004089,-0.030411,0.058491,-1.403671,0.017985,0.053996,-0.024798,-0.892526,-0.263834,0.365769,0.346289,-0.920495,0.181027,0.288928,0.288234,0.912929,0.011729,0.002447,0.000632,0.005028,-0.027268,0.057727,-0.835519,0.057812,0.040942,-0.055758,-0.578683,0.426386,-0.695212,-0.672033,-0.732263,0.11028,-0.462057,0.531023,0.710294,-0.001902,-0.006206,0.035902,-0.161519,0.069922,-0.001216,-0.450211
324,0.039335,0.038078,0.373765,-0.675391,0.261813,-0.689453,-0.505707,-0.844858,0.17449,-0.535972,0.46618,0.703873,-0.004496,-0.007244,0.059072,1.146479,-1.708411,1.682542,-0.317423,-0.14324,0.076999,0.317134,0.932151,0.244406,0.267115,-0.319983,0.901068,0.29261,-0.170342,-0.358544,0.917765,0.022731,0.011059,0.00569,-0.009903,0.078252,-0.071569,-1.404148,0.018354,0.054154,-0.024732,-0.890547,-0.269624,0.366373,0.352228,-0.918382,0.180301,0.287857,0.289613,0.912832,0.00543,0.00501,0.003012,0.003871,-0.0327,0.051632,-0.836009,0.057719,0.040676,-0.054412,-0.573416,0.428416,-0.698321,-0.675666,-0.729348,0.107361,-0.463324,0.533395,0.707686,-0.002424,-0.00389,0.029349,1.144036,-1.703846,1.678092,-0.445149
325,0.039261,0.037775,0.375984,-0.671175,0.252238,-0.697098,-0.504766,-0.844165,0.180467,-0.542115,0.472679,0.694776,-0.003183,0.002251,0.049396,-0.235312,-0.187319,-0.127266,-0.311512,-0.142611,0.077465,0.317402,0.93291,0.24984,0.259328,-0.322774,0.899194,0.295299,-0.160579,-0.359512,0.919146,0.02236,0.013841,0.007645,0.006024,-0.050652,0.081244,-1.403778,0.018669,0.05439,-0.024596,-0.892292,-0.274539,0.358388,0.355437,-0.91666,0.182748,0.278349,0.29045,0.915511,0.005242,0.006477,0.004046,-0.008586,0.078558,-0.078979,-0.834703,0.05768,0.040519,-0.053326,-0.570251,0.418833,-0.706676,-0.674999,-0.729189,0.112512,-0.468177,0.541166,0.698533,-0.0025,-0.004072,0.029146,-0.303557,-0.264563,-0.186323,-0.44025
326,0.039188,0.03772,0.376962,-0.671123,0.249431,-0.698156,-0.501474,-0.846305,0.17962,-0.545221,0.47034,0.693931,-0.004344,-0.000151,0.047658,-0.097755,0.036334,0.00045,-0.311159,-0.14241,0.07767,0.317572,0.932188,0.255282,0.256609,-0.327163,0.897276,0.296302,-0.155778,-0.360489,0.919589,0.010522,0.012484,0.007764,0.004431,-0.033614,0.051286,-1.403951,0.018773,0.054496,-0.024509,-0.891935,-0.279746,0.355236,0.359922,-0.914798,0.183302,0.273692,0.291351,0.916627,-0.000677,0.005818,0.004121,0.003078,-0.014233,0.021337,-0.828008,0.057644,0.040494,-0.052834,-0.57071,0.415673,-0.70817,-0.67213,-0.731903,0.112061,-0.471731,0.539937,0.697091,-0.002296,-0.000257,0.023707,-0.076343,0.062662,0.004489,-0.439107
327,0.038753,0.037955,0.378627,-0.665527,0.252424,-0.702425,-0.505048,-0.845207,0.17471,-0.548771,0.470714,0.690873,-0.027096,0.024848,0.031816,-0.035006,0.038901,-0.05183,-0.311554,-0.142138,0.078041,0.317941,0.928927,0.26641,0.257123,-0.338106,0.893121,0.296569,-0.151798,-0.362768,0.919359,0.010632,0.01131,0.006902,0.000982,-0.03759,0.038946,-1.404068,0.018909,0.054684,-0.024323,-0.888731,-0.290767,0.354415,0.370706,-0.910648,0.182472,0.269691,0.293553,0.917111,-0.000583,0.004963,0.003504,-0.036686,-0.062327,-0.11611,-0.821313,0.057436,0.040603,-0.051995,-0.564408,0.417896,-0.711902,-0.675201,-0.729848,0.10688,-0.474916,0.541002,0.694097,-0.008318,0.005277,0.019225,-0.066271,-0.058678,0.1605,-0.438291
328,0.037888,0.038546,0.379989,-0.660995,0.254915,-0.705797,-0.507995,-0.844249,0.170754,-0.551524,0.471088,0.688422,-0.027427,0.023917,0.031043,-0.034523,0.025247,-0.026459,-0.295449,-0.142188,0.078167,0.31819,0.93034,0.267632,0.250665,-0.337262,0.892549,0.299238,-0.144813,-0.363277,0.920284,-0.010904,-0.007957,0.010447,-0.108411,-0.091326,-0.088426,-1.404102,0.018891,0.054759,-0.024196,-0.890685,-0.291528,0.348841,0.370391,-0.910267,0.184996,0.263607,0.29398,0.918741,-0.000324,0.00274,0.001932,-0.612685,-2.52183,1.00419,-0.81821,0.057001,0.040895,-0.051317,-0.559346,0.419548,-0.714919,-0.677678,-0.728121,0.102914,-0.477371,0.54205,0.691591,-0.014939,0.006123,0.019566,-0.065663,-0.032709,0.108218,-0.435842
329,0.03736,0.038901,0.380615,-0.660734,0.255371,-0.705877,-0.508816,-0.843713,0.170963,-0.551082,0.4718,0.688289,-0.028506,0.021589,0.029413,-0.034907,0.039136,-0.051712,-0.265403,-0.142214,0.078165,0.318304,0.929989,0.268111,0.251452,-0.338039,0.892215,0.299358,-0.145255,-0.363745,0.920029,0.000968,-0.007303,0.009816,-0.036739,0.010614,-0.017577,-1.403758,0.018874,0.054759,-0.024139,-0.890491,-0.292087,0.348869,0.371057,-0.909935,0.185292,0.263327,0.294451,0.918671,-0.000325,0.002752,0.001939,-0.013455,0.110575,-0.130551,-0.820986,0.056739,0.041076,-0.051002,-0.558983,0.419952,-0.714966,-0.678391,-0.727428,0.103116,-0.476783,0.542667,0.691512,-0.014298,0.010755,0.014693,-0.032104,-0.055889,0.122795,-0.424248
330,0.036002,0.039835,0.381734,-0.66221,0.254584,-0.704776,-0.508411,-0.843558,0.172914,-0.549681,0.4725,0.688928,-0.0419,0.022834,0.029802,-0.036254,0.067776,-0.106502,-0.236504,-0.142237,0.078075,0.318569,0.930093,0.26903,0.250081,-0.33861,0.891543,0.300712,-0.143224,-0.364715,0.919963,0.001154,-0.008897,0.008696,-0.053501,-0.057034,0.009088,-1.403922,0.018862,0.054715,-0.024005,-0.890771,-0.292897,0.347473,0.371801,-0.909364,0.186602,0.261325,0.295411,0.918934,0.000545,-0.004211,0.004514,-0.097466,-0.233165,0.077289,-0.826375,0.05605,0.041552,-0.050431,-0.560683,0.419424,-0.713944,-0.678052,-0.727455,0.105134,-0.475267,0.543038,0.692264,-0.021036,0.011282,0.01483,-0.036292,0.067769,-0.106517,-0.397305
331,0.034217,0.040894,0.382589,-0.663748,0.248332,-0.70556,-0.506416,-0.843386,0.179488,-0.549667,0.476128,0.686437,-0.044966,0.016474,0.025486,-0.122696,-0.064682,-0.176821,-0.225916,-0.142181,0.07785,0.318856,0.93001,0.271297,0.24793,-0.339826,0.891397,0.299772,-0.140844,-0.363393,0.920853,0.001011,-0.007671,0.009562,-0.028047,0.108979,-0.158665,-1.403838,0.018891,0.054596,-0.023866,-0.891037,-0.295037,0.344971,0.372781,-0.909241,0.185237,0.25901,0.293652,0.920152,0.000552,-0.004264,0.004478,-0.040851,0.012351,-0.021264,-0.826538,0.055176,0.042079,-0.050011,-0.563331,0.413604,-0.715254,-0.67643,-0.727972,0.111794,-0.474447,0.546797,0.689863,-0.021717,0.013155,0.008117,-0.102838,-0.206567,-0.001422,-0.381792
332,0.033255,0.041313,0.382971,-0.661992,0.246314,-0.707914,-0.506416,-0.843258,0.180085,-0.551779,0.477403,0.683852,-0.046629,0.013143,0.023249,-0.106441,-0.02506,-0.18837,-0.22672,-0.142151,0.077763,0.319018,0.930495,0.272787,0.244453,-0.339761,0.891833,0.298547,-0.13774,-0.361202,0.922184,0.000879,-0.006536,0.01036,-0.025438,-0.011638,0.000304,-1.404282,0.018906,0.054548,-0.023783,-0.891902,-0.296363,0.34158,0.37269,-0.909529,0.184005,0.256145,0.291419,0.921663,0.000428,-0.003223,0.005211,-0.057072,0.003,0.009468,-0.827191,0.054696,0.042291,-0.049818,-0.561877,0.411349,-0.717694,-0.676445,-0.727864,0.112405,-0.476146,0.548639,0.687225,-0.022287,0.011983,0.007324,-0.079516,-0.167889,0.017358,-0.37967
333,0.031363,0.042124,0.383671,-0.659569,0.244754,-0.710711,-0.507065,-0.842834,0.180248,-0.55408,0.478953,0.680901,-0.056382,0.028443,0.017181,-0.001664,-0.035115,0.052311,-0.230421,-0.142177,0.077627,0.319431,0.930026,0.279895,0.238121,-0.344237,0.890033,0.298792,-0.129472,-0.360213,0.923768,0.000575,-0.003939,0.012177,-0.033131,-0.008288,0.003923,-1.404174,0.018894,0.054479,-0.023577,-0.892284,-0.30292,0.334764,0.377178,-0.907678,0.184001,0.248121,0.290447,0.924162,0.000268,-0.001855,0.006169,-0.044972,0.000737,0.006983,-0.835029,0.053749,0.042681,-0.049473,-0.559844,0.409478,-0.720348,-0.676931,-0.727377,0.112628,-0.477847,0.550681,0.684406,-0.022437,0.011628,0.007067,0.004128,-0.041775,0.085588,-0.379833
334,0.029326,0.042993,0.384473,-0.658959,0.244497,-0.711365,-0.506854,-0.843084,0.17967,-0.554997,0.478645,0.680371,-0.057649,0.019171,0.026795,1.198904,-1.657776,1.616962,-0.230674,-0.142162,0.07746,0.319942,0.929627,0.289836,0.227554,-0.349355,0.889291,0.295035,-0.118017,-0.354141,0.927642,0.000359,-0.002093,0.013459,0.532411,-0.277327,-0.25545,-1.404009,0.018901,0.054396,-0.023327,-0.893497,-0.310725,0.324209,0.381278,-0.906341,0.18213,0.237252,0.286347,0.928286,0.00015,-0.000859,0.006861,0.003915,-0.097957,-0.00194,-0.835682,0.052729,0.043116,-0.049077,-0.561305,0.408911,-0.719532,-0.676392,-0.727644,0.114131,-0.476894,0.550749,0.685015,-0.022042,0.012318,0.007499,-0.003446,0.045291,-0.092824,-0.380486
335,0.027227,0.043453,0.38549,-0.65722,0.247316,-0.711999,-0.507702,-0.843431,0.175597,-0.556282,0.476577,0.680773,-0.047353,0.011683,0.022144,0.262174,0.095409,0.372541,-0.22919,-0.14224,0.077465,0.320501,0.928907,0.297992,0.219828,-0.354097,0.888127,0.29288,-0.109126,-0.350281,0.930193,7.6e-05,0.000345,0.015132,-0.023113,-0.012637,-0.000746,-1.404134,0.018867,0.054398,-0.023054,-0.893577,-0.319769,0.315065,0.386249,-0.905325,0.176626,0.228757,0.279522,0.932489,5.1e-05,0.0,0.00745,-0.067032,0.0102,0.009993,-0.83111,0.051696,0.043352,-0.048576,-0.557316,0.410153,-0.721922,-0.677375,-0.727419,0.10965,-0.480168,0.550122,0.68323,-0.023832,0.005565,0.010915,1.588565,-1.174167,2.093025,-0.37967
336,0.026291,0.043538,0.386019,-0.655578,0.248124,-0.71323,-0.508682,-0.843136,0.174173,-0.557323,0.476678,0.67985,-0.049714,0.000622,0.030641,-0.066021,0.109711,-0.142619,-0.230739,-0.142363,0.077465,0.320802,0.929877,0.299588,0.213462,-0.35332,0.888508,0.292665,-0.103152,-0.347947,0.931749,-0.011783,-0.000233,0.015787,-0.673371,-2.53278,0.929241,-1.40408,0.018805,0.054398,-0.022903,-0.894376,-0.321016,0.311512,0.386188,-0.905552,0.175594,0.225722,0.27735,0.933877,-0.005883,-0.000278,0.007785,-0.047926,0.014768,-0.026934,-0.825232,0.051229,0.043399,-0.048315,-0.554984,0.412336,-0.722475,-0.678292,-0.727095,0.106071,-0.481571,0.548917,0.683211,-0.023643,0.00595,0.011169,-0.045086,-0.035339,0.057485,-0.37967
337,0.02469,0.043631,0.387139,-0.655319,0.25609,-0.710647,-0.51091,-0.8432,0.167201,-0.55559,0.472325,0.684293,-0.035911,-0.000254,0.030393,0.127771,0.275134,0.237495,-0.234601,-0.142605,0.077425,0.321366,0.931656,0.305599,0.196513,-0.35265,0.890313,0.287947,-0.088132,-0.33796,0.936952,-0.011615,-0.001564,0.014837,0.487922,-0.491783,-0.191196,-1.404024,0.018679,0.054382,-0.022607,-0.899556,-0.32449,0.292412,0.383704,-0.906915,0.173997,0.208733,0.26872,0.940329,-0.00581,-0.000852,0.007373,0.428214,-0.479492,-0.174006,-0.819027,0.050402,0.04344,-0.047747,-0.553291,0.418933,-0.719974,-0.680106,-0.726251,0.100067,-0.480961,0.545026,0.686747,-0.018068,-0.000309,0.015105,0.238466,0.445945,0.327263,-0.381629
338,0.023286,0.043499,0.388389,-0.655492,0.259665,-0.70919,-0.513398,-0.841886,0.166199,-0.553091,0.472712,0.686048,-0.024739,-0.006042,0.026939,-0.054647,-0.003959,0.096735,-0.234937,-0.142776,0.07739,0.321914,0.93305,0.309042,0.184124,-0.351408,0.892006,0.284203,-0.077582,-0.330275,0.940618,0.000266,-0.001217,0.013992,0.039257,-0.158273,0.131492,-1.403848,0.018594,0.054367,-0.022337,-0.902284,-0.328279,0.279492,0.382573,-0.908534,0.167937,0.198799,0.258453,0.945346,0.000112,-0.000509,0.007067,-0.029072,-0.005462,-0.012631,-0.818374,0.049698,0.04338,-0.047118,-0.552947,0.423429,-0.717604,-0.682186,-0.724565,0.098119,-0.478404,0.543795,0.689503,-0.01903,-0.00537,0.019681,-0.108511,0.086747,-0.110588,-0.381792
339,0.022691,0.043344,0.389006,-0.655918,0.262531,-0.707739,-0.51468,-0.841374,0.164819,-0.551393,0.472036,0.687877,-0.024708,-0.005957,0.027001,-0.057591,0.07597,-0.053394,-0.234936,-0.14282,0.077329,0.3222,0.933009,0.310059,0.182617,-0.351732,0.892451,0.282401,-0.076588,-0.328113,0.941456,0.000397,-0.00236,0.013199,0.010055,-0.026964,-0.015944,-1.403952,0.018571,0.054339,-0.022198,-0.902487,-0.329029,0.277951,0.382558,-0.908846,0.166277,0.197905,0.256395,0.946094,0.000954,-0.0073,0.009813,-0.05034,-0.007265,-0.031263,-0.81821,0.0494,0.043302,-0.04681,-0.552746,0.426313,-0.71605,-0.683328,-0.723689,0.096625,-0.477006,0.542707,0.691327,-0.013539,-0.008443,0.017843,-0.1054,-0.009114,0.068455,-0.381956
340,0.021827,0.042967,0.3901,-0.657638,0.270068,-0.703293,-0.516852,-0.840914,0.160309,-0.547302,0.468583,0.693482,-0.012818,-0.010477,0.024401,0.152865,0.383102,0.140222,-0.233547,-0.14269,0.077095,0.322642,0.932136,0.3158,0.177152,-0.354809,0.893743,0.274348,-0.072861,-0.318991,0.94488,0.012718,-0.00596,0.009677,0.190318,-0.102705,-0.092188,-1.404084,0.018631,0.054227,-0.021967,-0.902411,-0.334093,0.272093,0.384409,-0.909514,0.158156,0.194634,0.247317,0.949184,0.000457,-0.003494,0.005012,0.239893,-0.125461,-0.120844,-0.813638,0.048963,0.043114,-0.046262,-0.552931,0.432399,-0.712248,-0.685164,-0.722381,0.093354,-0.474148,0.539625,0.695692,-0.00659,-0.005539,0.012017,0.301966,0.530569,0.407941,-0.381303
341,0.021286,0.042556,0.391026,-0.658984,0.2752,-0.700036,-0.518604,-0.840316,0.15777,-0.544019,0.466662,0.69735,-0.011227,-0.000902,0.014869,0.187895,0.266098,0.327679,-0.23492,-0.142496,0.076836,0.322994,0.932212,0.319909,0.169203,-0.355873,0.894754,0.269637,-0.066308,-0.311985,0.947698,0.001053,-0.008055,0.009302,-0.658448,-2.578267,0.811299,-1.40419,0.018734,0.054091,-0.02179,-0.903209,-0.33792,0.264616,0.385215,-0.91012,0.152609,0.189263,0.239772,0.952201,0.000539,-0.004183,0.004544,-0.707216,-2.558634,0.822506,-0.819517,0.048693,0.042906,-0.045795,-0.55349,0.437433,-0.708731,-0.686563,-0.721358,0.090951,-0.471464,0.536929,0.69959,-0.000915,-0.008311,0.010382,0.301195,0.61291,0.261746,-0.381139
342,0.021124,0.042292,0.391431,-0.659502,0.277857,-0.698497,-0.519566,-0.839988,0.156344,-0.542473,0.465674,0.699212,-0.002565,-0.017998,0.01986,-0.003063,0.141975,0.02143,-0.235459,-0.142422,0.076681,0.323161,0.932537,0.322672,0.162014,-0.356098,0.895485,0.266896,-0.060134,-0.306998,0.949736,0.001078,-0.008271,0.009158,-0.554457,-2.629,0.747405,-1.404485,0.01877,0.054015,-0.021711,-0.903956,-0.339975,0.259381,0.385397,-0.910529,0.149684,0.185285,0.235272,0.954104,0.006476,-0.004023,0.004125,0.227078,-0.109991,-0.104846,-0.822946,0.048609,0.042777,-0.045584,-0.553624,0.441605,-0.706034,-0.687403,-0.720912,0.088104,-0.470081,0.534107,0.702675,-0.001347,-0.009091,0.009876,-0.020924,0.113839,0.006985,-0.381629
343,0.021016,0.041785,0.392071,-0.660364,0.285624,-0.694538,-0.521806,-0.839619,0.150768,-0.539268,0.461617,0.704363,-0.002409,-0.017722,0.020058,-0.036027,0.077109,0.020857,-0.235898,-0.142405,0.076484,0.323472,0.933741,0.327713,0.143954,-0.355194,0.897262,0.262093,-0.044448,-0.29628,0.953995,-0.000595,0.005141,0.003506,0.098396,-0.043452,-0.044983,-1.404196,0.018779,0.05391,-0.02156,-0.908249,-0.343878,0.238393,0.383442,-0.912077,0.145214,0.167498,0.2233,0.96025,-0.000321,0.002733,0.001863,0.081852,-0.047462,-0.02906,-0.823109,0.048555,0.042531,-0.045277,-0.553066,0.449311,-0.701595,-0.68921,-0.719873,0.082286,-0.468088,0.529056,0.707808,0.00538,-0.006645,0.003741,-0.018977,-0.071351,0.19812,-0.382282
344,0.021052,0.041344,0.392474,-0.660717,0.290985,-0.691972,-0.52354,-0.839223,0.146909,-0.537154,0.458974,0.707697,-0.001286,-0.009012,0.009937,-0.02525,0.034502,-0.007739,-0.233936,-0.142634,0.076623,0.323774,0.935685,0.328738,0.128129,-0.35148,0.899046,0.260981,-0.030577,-0.289654,0.956571,-0.011328,-0.003923,0.013161,-0.03389,0.006462,-0.025827,-1.404084,0.01867,0.053973,-0.021414,-0.912232,-0.343643,0.223027,0.379623,-0.91373,0.144855,0.154008,0.216808,0.963989,-0.006444,0.004236,0.003407,-0.005201,-0.112681,0.151567,-0.820333,0.048568,0.042309,-0.045071,-0.552438,0.454332,-0.698851,-0.690638,-0.71892,0.078567,-0.466723,0.526057,0.710938,-0.000581,-0.00438,0.005052,-0.03768,-0.098023,0.180246,-0.381466
345,0.021066,0.041126,0.392677,-0.661009,0.291079,-0.691654,-0.523836,-0.838938,0.147487,-0.536508,0.459437,0.707888,-0.001889,-0.010106,0.009229,-0.032358,0.02343,-0.013264,-0.218755,-0.14284,0.076802,0.324189,0.935723,0.330104,0.124281,-0.35165,0.89929,0.259913,-0.027144,-0.287335,0.957374,0.000222,-0.000819,0.014198,-0.740834,-2.448369,0.614315,-1.404046,0.018562,0.054068,-0.021197,-0.912579,-0.344684,0.219981,0.379758,-0.913897,0.143437,0.1516,0.214437,0.9649,9.2e-05,-0.000298,0.007179,-0.768417,-2.437881,0.620083,-0.821313,0.048579,0.042196,-0.044966,-0.552679,0.454212,-0.698739,-0.69092,-0.718557,0.079399,-0.466021,0.526655,0.710955,-2.7e-05,-3.8e-05,-2.6e-05,-0.000551,-0.000835,-0.000399,-0.37673
346,0.021016,0.041056,0.392726,-0.661331,0.290922,-0.691412,-0.523721,-0.838943,0.147862,-0.536222,0.459527,0.708045,-0.00308,-0.012259,0.007828,-0.033035,0.036624,-0.038878,-0.212277,-0.142878,0.076838,0.32446,0.937014,0.327779,0.120651,-0.34828,0.901656,0.256225,-0.02598,-0.282529,0.958835,0.000133,-4.1e-05,0.014711,0.096082,-0.066206,-0.054402,-1.404343,0.018543,0.054086,-0.021062,-0.914588,-0.341998,0.215789,0.375644,-0.916095,0.140215,0.149731,0.209299,0.96632,4.8e-05,8.2e-05,0.007428,0.06204,-0.045021,-0.049761,-0.825068,0.048556,0.04216,-0.044936,-0.553052,0.45411,-0.69851,-0.690834,-0.718594,0.079807,-0.465705,0.526692,0.711134,-0.001585,-0.006206,0.003865,-0.033117,0.036533,-0.038917,-0.371179
347,0.020869,0.040861,0.392705,-0.661166,0.288646,-0.692523,-0.523543,-0.838636,0.150215,-0.536599,0.461519,0.706462,-0.002834,-0.005119,-0.003337,-0.002594,0.010214,-0.027095,-0.211961,-0.142862,0.076815,0.325084,0.938263,0.328683,0.107807,-0.345415,0.905159,0.247609,-0.017379,-0.269984,0.962637,6.7e-05,0.000539,0.015074,0.252754,-0.148954,-0.102106,-1.403736,0.018551,0.054076,-0.020759,-0.917577,-0.341449,0.203624,0.371428,-0.918905,0.132867,0.141744,0.197547,0.969991,0.000829,-0.006209,0.010538,0.431706,-0.204151,-0.213222,-0.825722,0.048484,0.042068,-0.044944,-0.553262,0.451763,-0.699864,-0.690728,-0.718415,0.082301,-0.465613,0.52895,0.709518,-0.001529,-0.002761,-0.001797,0.00797,0.026969,-0.018583,-0.366443
348,0.020719,0.040668,0.392578,-0.661712,0.288234,-0.692173,-0.5231,-0.838825,0.150702,-0.536357,0.461434,0.706701,-0.003248,-0.005862,-0.003831,-0.000677,0.013192,-0.025614,-0.21117,-0.142915,0.076632,0.32574,0.941986,0.317834,0.107867,-0.334998,0.908587,0.249361,-0.019938,-0.271439,0.962178,6.2e-05,0.000591,0.015087,-0.0343,-0.007609,0.004671,-1.404217,0.018529,0.053984,-0.020432,-0.921086,-0.331163,0.204769,0.361668,-0.922487,0.134951,0.144206,0.19836,0.969462,0.000804,-0.005983,0.010689,-0.090248,0.127656,-0.164757,-0.825068,0.048407,0.041967,-0.04501,-0.553917,0.451605,-0.699448,-0.690356,-0.718731,0.082661,-0.465386,0.528656,0.709886,-0.001538,-0.002779,-0.001813,0.000229,0.000377,0.000188,-0.365463
349,0.020577,0.040423,0.392441,-0.662191,0.287896,-0.691856,-0.52275,-0.838963,0.151149,-0.536109,0.461395,0.706916,-0.003468,-0.006253,-0.004098,-0.0,-0.0,-0.0,-0.210315,-0.143075,0.076521,0.32643,0.944499,0.309787,0.109291,-0.327601,0.911515,0.248499,-0.023828,-0.270911,0.962238,-3e-05,0.001439,0.015624,0.63175,0.308404,1.217548,-1.404193,0.018445,0.053929,-0.020081,-0.923146,-0.323509,0.207707,0.354977,-0.924722,0.137403,0.14762,0.200574,0.968492,0.00053,-0.004842,0.011374,0.541687,1.360574,5.329223,-0.825558,0.048334,0.04184,-0.045081,-0.554487,0.451353,-0.699159,-0.690053,-0.718968,0.083124,-0.465156,0.528548,0.710116,-0.001795,-0.003244,-0.00212,5e-06,1.4e-05,3e-06,-0.364483
350,0.020495,0.04026,0.39237,-0.662451,0.287732,-0.691675,-0.522593,-0.839013,0.151414,-0.535939,0.461407,0.707036,-0.00574,-0.017045,0.004678,-0.033039,0.036616,-0.038882,-0.211953,-0.143121,0.076478,0.326736,0.945884,0.305111,0.110465,-0.323426,0.912804,0.249235,-0.025979,-0.271869,0.961912,0.000224,-0.000791,0.014128,-0.010579,0.026388,0.144818,-1.404202,0.018421,0.053912,-0.019925,-0.924556,-0.318804,0.208709,0.350226,-0.926765,0.135821,0.150124,0.19867,0.9685,9.5e-05,-0.000334,0.00711,-0.014506,0.251072,0.333933,-0.829314,0.048295,0.041765,-0.045118,-0.554751,0.451245,-0.699019,-0.689928,-0.719062,0.083353,-0.465026,0.528513,0.710227,-0.001871,-0.003378,-0.002215,-8e-06,2e-06,-6e-06,-0.364484
351,0.020328,0.039928,0.392223,-0.662987,0.287393,-0.691302,-0.522268,-0.839117,0.151956,-0.535593,0.461428,0.707284,-0.003901,-0.007025,-0.004626,-0.00068,0.013186,-0.025617,-0.21305,-0.143232,0.076405,0.327303,0.948021,0.296866,0.114539,-0.316512,0.915791,0.247146,-0.032718,-0.270936,0.96197,0.000227,-0.000806,0.014099,-0.032037,-0.008603,0.003554,-1.404181,0.018366,0.053874,-0.019643,-0.926172,-0.310721,0.213672,0.342928,-0.929682,0.1345,0.156856,0.197844,0.967601,-0.005755,-0.000967,0.007188,-0.050586,0.011735,-0.022579,-0.835682,0.04821,0.041594,-0.045189,-0.555378,0.451009,-0.698674,-0.689664,-0.719249,0.083925,-0.46467,0.528461,0.710499,-0.001888,-0.003405,-0.002238,-3e-06,1e-05,-8e-06,-0.365953
352,0.020143,0.039668,0.392062,-0.663473,0.287036,-0.690984,-0.52189,-0.839271,0.152401,-0.535359,0.461371,0.707499,-0.003941,-0.007089,-0.004682,-0.00068,0.013185,-0.025618,-0.206982,-0.143193,0.076335,0.32777,0.950896,0.287564,0.114445,-0.307451,0.919238,0.245784,-0.035722,-0.269273,0.962331,0.000736,-0.005313,0.011111,-0.034556,0.009684,-0.017636,-1.404073,0.018384,0.053845,-0.0194,-0.929011,-0.301434,0.21465,0.333741,-0.933075,0.134117,0.159858,0.196233,0.967438,0.000379,-0.002797,0.005462,-0.048445,0.014217,-0.01503,-0.831927,0.048118,0.041465,-0.045269,-0.555942,0.450745,-0.698395,-0.689348,-0.719499,0.084375,-0.464463,0.528346,0.71072,-0.007803,-0.000976,-0.00083,-0.001662,0.0279,-0.055168,-0.36432
