frame,MLTx,MLTy,MLTz,MLTR1,MLTR2,MLTR3,MLTR4,MLTR5,MLTR6,MLTR7,MLTR8,MLTR9,MLTTVx,MLTTVy,MLTTVz,MLTRVx,MLTRVy,MLTRVz,MLGA,MRTx,MRTy,MRTz,MRTR1,MRTR2,MRTR3,MRTR4,MRTR5,MRTR6,MRTR7,MRTR8,MRTR9,MRTTVx,MRTTVy,MRTTVz,MRTRVx,MRTRVy,MRTRVz,MRGA,SLTx,SLTy,SLTz,SLTR1,SLTR2,SLTR3,SLTR4,SLTR5,SLTR6,SLTR7,SLTR8,SLTR9,SLTTVx,SLTTVy,SLTTVz,SLTRVx,SLTRVy,SLTRVz,SLGA,SRTx,SRTy,SRTz,SRTR1,SRTR2,SRTR3,SRTR4,SRTR5,SRTR6,SRTR7,SRTR8,SRTR9,SRTTVx,SRTTVy,SRTTVz,SRTRVx,SRTRVy,SRTRVz,SRGA
73,0.231746,-0.051137,0.364374,-0.804514,0.553277,-0.216075,-0.591782,-0.777912,0.211234,-0.05022,0.297116,0.953534,0.000262,-0.002251,-0.002141,0.643189,-0.460507,0.247046,0.52141,-0.257844,-0.034149,0.34136,-0.839396,-0.394132,0.374254,0.541803,-0.65969,0.520761,0.042695,0.640387,0.766775,-0.001074,-0.003844,-0.003925,0.018629,-0.028281,-0.01582,0.534497,-0.002829,0.036608,0.012613,0.832359,0.413303,0.369266,-0.553683,0.649825,0.520731,-0.024739,-0.637892,0.769727,0.006745,-0.00819,0.001482,-0.031248,-0.023939,-0.008859,0.364667,0.118498,0.02515,-0.024424,0.833713,-0.509155,-0.213734,0.548645,0.807613,0.216213,0.062528,-0.297523,0.952664,-0.007317,-0.002163,-0.00147,2.149122,-1.597256,0.971532,0.316275
74,0.231557,-0.051271,0.364262,-0.804389,0.553423,-0.216166,-0.591948,-0.777798,0.211187,-0.050261,0.297142,0.953524,0.000365,-0.003151,-0.003,0.0,-0.0,0.0,0.520679,-0.257677,-0.034452,0.341212,-0.839231,-0.394192,0.374559,0.542057,-0.65938,0.52089,0.042698,0.64067,0.766539,-0.001513,-0.005421,-0.005547,-0.001814,0.013089,-0.025608,0.53409,-0.002739,0.036458,0.01254,0.832161,0.413341,0.36967,-0.553984,0.649316,0.521046,-0.024663,-0.638386,0.76932,-0.000711,-0.002556,-0.002617,-0.000882,0.000854,0.000282,0.381649,0.118404,0.025084,-0.02448,0.833498,-0.509246,-0.214355,0.548871,0.807663,0.215452,0.063409,-0.297232,0.952697,-0.007269,-0.002628,-0.001907,-0.001098,0.025072,-0.059333,0.338319
75,0.231452,-0.051346,0.3642,-0.804309,0.553514,-0.216226,-0.592053,-0.777726,0.211158,-0.05029,0.29716,0.953516,0.000369,-0.003201,-0.003049,-0.0,-0.0,-0.0,0.521161,-0.257648,-0.034656,0.341121,-0.839012,-0.394294,0.374943,0.542391,-0.659076,0.520926,0.04277,0.64092,0.766326,-0.002178,-0.017799,0.001525,-0.037717,0.028307,-0.041461,0.533134,-0.002729,0.036366,0.012498,0.831949,0.41343,0.370047,-0.554299,0.649025,0.521075,-0.024741,-0.638625,0.76912,-0.001015,-0.003644,-0.003734,-0.001868,0.013349,-0.025396,0.389324,0.118351,0.025048,-0.02451,0.833442,-0.509308,-0.214427,0.54895,0.807618,0.215419,0.063461,-0.297249,0.952688,-0.007311,-0.002262,-0.001562,0.00406,-0.061404,0.151831,0.348116
76,0.231279,-0.051518,0.364065,-0.803988,0.553868,-0.216515,-0.592477,-0.77743,0.21106,-0.05043,0.297276,0.953473,0.000438,-0.003816,-0.00364,0.0,0.0,0.0,0.520929,-0.257752,-0.03511,0.340819,-0.838274,-0.394688,0.376177,0.5435,-0.658319,0.520728,0.04317,0.641456,0.765854,-0.003255,-0.011641,-0.011974,-0.003643,0.026167,-0.051221,0.524324,-0.002773,0.036141,0.012356,0.831229,0.413791,0.37126,-0.555362,0.648244,0.520914,-0.025117,-0.639183,0.768644,-0.001632,-0.005852,-0.006018,-0.003601,0.026275,-0.051073,0.403203,0.118264,0.024962,-0.024577,0.833184,-0.509606,-0.214717,0.549321,0.807392,0.215322,0.063632,-0.297352,0.952644,-0.007264,-0.002713,-0.001994,0.003931,-0.061224,0.152668,0.366568
77,0.231152,-0.051703,0.363886,-0.799931,0.559433,-0.217234,-0.598058,-0.773232,0.21074,-0.049087,0.297795,0.953381,-0.014434,-0.006368,-0.004901,0.000625,-0.058016,0.167176,0.520745,-0.257975,-0.035611,0.340362,-0.839944,-0.394908,0.3722,0.541226,-0.65771,0.523857,0.038977,0.641947,0.765669,-0.003806,-0.013564,-0.014024,-0.097173,-0.22243,0.285434,0.519993,-0.002886,0.035885,0.012122,0.832725,0.414077,0.367569,-0.553282,0.64763,0.523883,-0.021121,-0.63962,0.7684,-0.001891,-0.006761,-0.006985,-0.392796,-0.57047,0.563556,0.412674,0.118202,0.024867,-0.024669,0.829466,-0.515329,-0.215455,0.555068,0.803533,0.215017,0.06232,-0.297942,0.952547,-0.007204,-0.003281,-0.002543,0.001276,-0.05828,0.166054,0.382571
78,0.231087,-0.051824,0.363762,-0.796241,0.564543,-0.217571,-0.60309,-0.769359,0.210575,-0.047525,0.298176,0.953341,0.000651,-0.005703,-0.005457,-7e-06,7e-06,3.1e-05,0.52014,-0.258111,-0.035891,0.340072,-0.8414,-0.397164,0.366466,0.539321,-0.657932,0.525541,0.033438,0.640327,0.767285,-0.004301,-0.015292,-0.015859,0.102088,-0.209435,0.046459,0.521519,-0.002956,0.03574,0.011972,0.834433,0.415938,0.361545,-0.550887,0.648086,0.525839,-0.015596,-0.637949,0.76992,-0.002191,-0.007818,-0.008103,0.128036,-0.2197,0.035258,0.417899,0.118169,0.024809,-0.024728,0.826055,-0.520628,-0.215819,0.560301,0.799936,0.214859,0.06078,-0.298409,0.9525,-0.007102,-0.004201,-0.003425,-0.001004,0.025426,-0.057316,0.390082
79,0.230927,-0.052115,0.363485,-0.782207,0.58369,-0.217954,-0.621681,-0.754468,0.210386,-0.04067,0.299333,0.953296,0.000856,-0.007525,-0.00722,-0.003584,0.013775,-0.013848,0.520555,-0.25837,-0.036527,0.339411,-0.847738,-0.398819,0.349679,0.530016,-0.658495,0.53423,0.018264,0.638719,0.769135,-0.004779,-0.016916,-0.017665,0.005281,-0.016482,-0.052753,0.521716,-0.003084,0.035426,0.011645,0.840532,0.418144,0.34447,-0.541761,0.648918,0.534228,-0.000148,-0.635656,0.771971,-0.002443,-0.00868,-0.009057,-0.022802,-0.122302,0.148381,0.431942,0.118088,0.024665,-0.024865,0.813046,-0.54052,-0.216316,0.579689,0.786045,0.21469,0.05399,-0.299949,0.952425,-0.007078,-0.004477,-0.003698,-0.005995,-0.04071,0.169438,0.403145
80,0.230738,-0.052442,0.363117,-0.78216,0.583754,-0.21795,-0.621736,-0.754462,0.210247,-0.040734,0.299223,0.953328,0.001091,-0.00965,-0.00929,-0.000659,0.010953,-0.026649,0.520243,-0.258589,-0.037214,0.338676,-0.851206,-0.402152,0.337216,0.524667,-0.660611,0.536891,0.007925,0.634431,0.77285,-0.004941,-0.017416,-0.018325,0.052631,-0.130313,0.088559,0.519599,-0.003196,0.035074,0.011269,0.843825,0.421522,0.33208,-0.536525,0.651195,0.536736,0.009997,-0.631081,0.775652,-0.002472,-0.00875,-0.009201,0.024184,-0.109358,0.085679,0.440434,0.117994,0.024503,-0.025047,0.813022,-0.540557,-0.216313,0.579716,0.786065,0.214545,0.054063,-0.29983,0.952459,-0.006944,-0.005726,-0.004913,-0.002038,0.036394,-0.083895,0.415066
81,0.230632,-0.052601,0.362902,-0.782106,0.58382,-0.21797,-0.621799,-0.75445,0.210103,-0.040817,0.299125,0.953355,0.000258,0.00019,-0.018996,0.034768,0.005538,-0.004586,0.520365,-0.258688,-0.037565,0.338307,-0.851225,-0.403971,0.334985,0.524654,-0.661606,0.535677,0.006298,0.632236,0.774662,-0.005056,-0.017787,-0.018786,0.067935,-0.153201,0.075762,0.519155,-0.003244,0.034905,0.011091,0.843778,0.423223,0.33003,-0.536569,0.652095,0.535597,0.011466,-0.629009,0.777312,-0.002562,-0.009052,-0.009554,0.065971,-0.149821,0.039593,0.444189,0.117941,0.024419,-0.025153,0.812992,-0.540598,-0.216326,0.579753,0.786069,0.21443,0.054127,-0.299745,0.952482,-0.006952,-0.005692,-0.004889,-0.001431,0.025489,-0.05706,0.420618
82,0.230409,-0.052923,0.362424,-0.782119,0.583833,-0.217884,-0.621772,-0.75456,0.209787,-0.040957,0.298821,0.953444,0.001085,-0.009689,-0.00938,-0.000662,0.010966,-0.026644,0.519883,-0.258838,-0.038215,0.337617,-0.849186,-0.410734,0.331921,0.527969,-0.6628,0.530923,0.002995,0.626609,0.779241,-0.004518,-0.015843,-0.016851,0.084319,-0.106706,-0.125449,0.519929,-0.00332,0.034576,0.010743,0.841678,0.429835,0.326831,-0.539779,0.653299,0.530885,0.014675,-0.623251,0.781884,-0.002233,-0.007866,-0.008362,0.092066,-0.126984,-0.140731,0.451864,0.117835,0.02426,-0.025389,0.813079,-0.540523,-0.216183,0.57962,0.786247,0.214137,0.054228,-0.299415,0.95258,0.000584,-0.00516,-0.004989,-0.000531,0.010837,-0.027227,0.430578
83,0.230181,-0.053193,0.361908,-0.775177,0.593061,-0.217771,-0.630618,-0.747312,0.209325,-0.037641,0.298853,0.953571,-0.013993,-0.011098,-0.009587,-0.001649,0.025694,-0.056191,0.520345,-0.258898,-0.038753,0.337044,-0.847195,-0.415624,0.330921,0.531161,-0.663035,0.527433,0.001262,0.62313,0.78203,-0.003218,-0.011262,-0.012047,0.042154,-0.124787,0.124564,0.522295,-0.003353,0.034296,0.010444,0.839397,0.435076,0.325763,-0.543266,0.653343,0.527261,0.016564,-0.619558,0.784776,-0.001548,-0.005452,-0.005831,0.008718,-0.101116,0.124856,0.461171,0.117716,0.02412,-0.025659,0.806577,-0.550183,-0.216173,0.588928,0.779436,0.213641,0.050952,-0.299628,0.952693,-0.006989,-0.005552,-0.00479,-0.001264,0.025555,-0.056854,0.440376
84,0.22997,-0.0534,0.36138,-0.771454,0.597865,-0.217858,-0.635248,-0.743569,0.208656,-0.03629,0.298614,0.953698,0.000977,-0.008827,-0.008608,0.003936,-0.064888,0.157163,0.52026,-0.258851,-0.03912,0.336651,-0.84638,-0.420322,0.327049,0.532444,-0.663374,0.525712,-0.00295,0.619612,0.784816,-0.002168,-0.007585,-0.008145,0.079989,-0.11119,-0.095,0.522641,-0.003328,0.034116,0.010252,0.838614,0.439348,0.322025,-0.544339,0.653625,0.525802,0.020526,-0.616236,0.787294,0.006455,-0.004562,-0.004863,0.103786,-0.153568,-0.079963,0.468683,0.11761,0.024016,-0.025924,0.803119,-0.555175,-0.216286,0.59375,0.775951,0.212977,0.049588,-0.299466,0.952817,0.000492,-0.004383,-0.00427,0.004323,-0.06502,0.156548,0.448377
85,0.229856,-0.053486,0.361117,-0.771467,0.597871,-0.217795,-0.635222,-0.74368,0.208337,-0.036456,0.298325,0.953782,0.000114,0.001363,-0.017969,0.034773,0.005487,-0.004612,0.519593,-0.258771,-0.039247,0.336515,-0.846303,-0.420374,0.327183,0.532567,-0.663305,0.525673,-0.002895,0.61965,0.784786,-0.001567,-0.005483,-0.005895,-0.000626,0.011264,-0.026626,0.52304,-0.003289,0.034051,0.010183,0.83835,0.439789,0.322108,-0.544737,0.653394,0.525677,0.020723,-0.616166,0.787343,0.006802,-0.003354,-0.003572,-0.009927,-0.00592,0.029837,0.472439,0.117554,0.023972,-0.026049,0.803137,-0.555172,-0.216228,0.593715,0.776059,0.212681,0.049731,-0.299189,0.952896,-0.007077,-0.004879,-0.00416,-0.001482,0.025601,-0.056714,0.451643
86,0.229661,-0.053648,0.360672,-0.771322,0.59804,-0.217844,-0.635377,-0.743709,0.207761,-0.036808,0.297916,0.953896,0.000835,-0.007615,-0.00746,0.00396,-0.065027,0.157102,0.519639,-0.258478,-0.039445,0.336304,-0.845964,-0.420599,0.327768,0.533106,-0.663009,0.525501,-0.00265,0.619815,0.784657,0.014,-0.005315,-0.005656,-0.01235,0.088153,-0.173121,0.52226,-0.003147,0.033955,0.010079,0.838109,0.439839,0.322666,-0.545117,0.653107,0.525639,0.020461,-0.616434,0.78714,0.007164,-0.002096,-0.002228,0.002444,-0.013892,0.030937,0.4775,0.117456,0.023892,-0.026278,0.803014,-0.555332,-0.216273,0.593852,0.776119,0.212081,0.050078,-0.298738,0.953019,0.00042,-0.003768,-0.003688,0.004049,-0.065122,0.156736,0.458011
87,0.229475,-0.053782,0.360224,-0.771025,0.598354,-0.218031,-0.635709,-0.743615,0.207079,-0.03727,0.297519,0.954002,-0.014274,-0.009084,-0.007718,0.00299,-0.050407,0.127509,0.519246,-0.258075,-0.039541,0.336201,-0.84562,-0.420828,0.328363,0.533654,-0.662708,0.525325,-0.002401,0.619983,0.784525,-4.5e-05,-0.000159,-0.000171,0.0,-0.0,-0.0,0.520859,-0.00294,0.033904,0.010025,0.837723,0.440048,0.323383,-0.545723,0.652766,0.525434,0.020123,-0.616647,0.786982,0.007494,-0.000934,-0.000983,0.00249,-0.01443,0.030388,0.480603,0.117368,0.02383,-0.026498,0.802801,-0.555587,-0.216406,0.594104,0.776105,0.211423,0.05049,-0.298298,0.953135,1.3e-05,0.001129,-0.008565,0.034833,0.005406,-0.004874,0.4634
88,0.229405,-0.053844,0.35998,-0.770762,0.59862,-0.218231,-0.63601,-0.743476,0.206657,-0.037586,0.297332,0.954048,0.000842,-0.007731,-0.007606,-0.000675,0.011044,-0.026611,0.51919,-0.257807,-0.039583,0.336157,-0.844632,-0.420876,0.330833,0.535225,-0.662755,0.523663,-7.6e-05,0.619898,0.784595,0.014941,-0.002012,-0.002111,0.002045,-0.015205,0.029245,0.520654,-0.002812,0.033886,0.010006,0.836732,0.440069,0.325908,-0.547323,0.652777,0.523753,0.017742,-0.616619,0.787061,0.007501,-0.000911,-0.000961,0.000624,-0.017068,0.032589,0.481746,0.117327,0.023798,-0.02662,0.802485,-0.555939,-0.216676,0.594502,0.775923,0.210974,0.050835,-0.298117,0.953174,-0.007535,0.000341,-0.008742,0.033875,0.02014,-0.034369,0.466012
89,0.229265,-0.053978,0.359426,-0.77018,0.599208,-0.218672,-0.63667,-0.743178,0.205693,-0.038306,0.296892,0.954157,0.000924,-0.008515,-0.008406,0.003999,-0.065297,0.156989,0.518985,-0.257087,-0.039636,0.336116,-0.843125,-0.420658,0.334931,0.537589,-0.663256,0.5206,0.004209,0.619511,0.78489,0.0153,-0.00072,-0.000732,0.012173,-0.00083,0.015386,0.520647,-0.002452,0.03386,0.009986,0.835249,0.439801,0.33005,-0.549708,0.653237,0.520674,0.013392,-0.616324,0.787378,0.015185,-0.001137,-0.00119,0.036883,0.016303,0.01451,0.484685,0.117257,0.023732,-0.026896,0.802026,-0.55646,-0.217036,0.595065,0.775743,0.210044,0.051483,-0.297611,0.953297,-0.00749,-0.000137,-0.009228,0.033829,0.020125,-0.034307,0.470748
90,0.229099,-0.054065,0.358786,-0.77002,0.599404,-0.218698,-0.636825,-0.74333,0.20466,-0.038937,0.296115,0.954373,-0.014984,-0.000536,-0.018752,0.033792,0.020161,-0.034187,0.51584,-0.256236,-0.039668,0.336083,-0.83926,-0.420115,0.345163,0.543432,-0.664539,0.512838,0.014976,0.618501,0.785554,0.015582,0.000329,0.000382,0.035754,0.032794,-0.01691,0.520655,-0.002026,0.033844,0.00997,0.831446,0.439191,0.340303,-0.555598,0.654377,0.512932,0.002589,-0.615548,0.788094,0.015333,-0.000578,-0.000608,0.123483,0.124152,-0.076283,0.488441,0.117175,0.023685,-0.02722,0.801807,-0.556737,-0.217135,0.595305,0.775846,0.208984,0.052114,-0.296826,0.953507,-0.007482,-0.000275,-0.009381,0.033829,0.020141,-0.034263,0.47385
91,0.228911,-0.054033,0.358089,-0.770041,0.59944,-0.218527,-0.636754,-0.743738,0.203395,-0.039651,0.29502,0.954682,4.4e-05,0.001883,-0.017596,0.034777,0.00544,-0.004638,0.511443,-0.255289,-0.039693,0.336071,-0.837786,-0.419221,0.3498,0.545523,-0.666043,0.508651,0.020796,0.617487,0.786219,0.030559,-0.001448,-0.001535,0.004089,-0.03041,0.058491,0.518167,-0.001557,0.033834,0.009966,0.830013,0.438277,0.34495,-0.557734,0.655818,0.508758,-0.003248,-0.614666,0.78878,0.007879,0.000504,0.000528,-0.000535,-0.018849,0.033213,0.49089,0.117081,0.023699,-0.027563,0.80183,-0.556769,-0.216969,0.595218,0.776246,0.207743,0.052756,-0.295718,0.953817,-0.007548,0.000305,-0.008819,0.0338,0.020131,-0.034229,0.47336
92,0.228794,-0.053952,0.357712,-0.770145,0.599375,-0.218338,-0.636603,-0.744075,0.202634,-0.040053,0.294302,0.954887,-0.000129,0.003484,-0.016013,0.035465,-0.005713,0.021927,0.508636,-0.254813,-0.039693,0.336071,-0.838318,-0.41889,0.34892,0.544718,-0.666486,0.508933,0.020415,0.617234,0.786428,0.015828,0.001306,0.001404,0.003865,-0.028285,0.054858,0.518253,-0.001314,0.033832,0.009964,0.83057,0.437947,0.344027,-0.556906,0.656284,0.509063,-0.002837,-0.614404,0.788986,0.015286,-0.000684,-0.00075,0.003867,-0.030769,0.059215,0.49236,0.117023,0.023731,-0.027745,0.801951,-0.556675,-0.216764,0.595026,0.77658,0.207041,0.05308,-0.295017,0.954016,-0.007582,0.000604,-0.008526,0.033799,0.020135,-0.034219,0.472381
93,0.228494,-0.053702,0.356976,-0.770255,0.599345,-0.218032,-0.636409,-0.744697,0.200951,-0.040975,0.292791,0.955312,-0.001104,0.014883,-0.024157,0.070944,-0.011542,0.043801,0.505352,-0.253893,-0.03968,0.336083,-0.838988,-0.418474,0.347807,0.543702,-0.667044,0.509287,0.019931,0.616912,0.786693,0.015872,0.001533,0.001628,0.002045,-0.015205,0.029245,0.516501,-0.000854,0.033838,0.00997,0.831261,0.437528,0.342889,-0.555876,0.65688,0.509421,-0.002351,-0.614066,0.78925,0.015501,0.000157,0.000134,0.006002,-0.043395,0.08427,0.493176,0.116879,0.023855,-0.028114,0.802046,-0.556651,-0.216471,0.594821,0.777185,0.205354,0.053928,-0.293465,0.954446,-0.000526,0.007303,-0.012211,0.070943,-0.011563,0.043784,0.469768
94,0.228079,-0.053321,0.356188,-0.770978,0.59917,-0.215947,-0.635638,-0.745252,0.201331,-0.039349,0.291736,0.955703,-0.015441,0.003538,-0.014771,0.033795,0.020125,-0.034208,0.505108,-0.253073,-0.039604,0.336162,-0.839327,-0.418267,0.347238,0.543188,-0.667326,0.509468,0.01968,0.616747,0.786829,0.016403,0.003588,0.003809,0.003864,-0.028285,0.054858,0.513447,-0.000445,0.033873,0.010006,0.831595,0.437327,0.342337,-0.555378,0.657168,0.509592,-0.002114,-0.613901,0.78938,0.01563,0.000697,0.0007,-0.006596,0.046853,-0.092547,0.490237,0.11667,0.024054,-0.028515,0.802732,-0.556466,-0.214396,0.594043,0.777694,0.205678,0.052282,-0.292465,0.954845,-0.008151,0.007096,-0.011814,0.069688,0.014013,-0.01219,0.470911
95,0.22783,-0.053054,0.355741,-0.770906,0.599292,-0.215865,-0.635677,-0.745563,0.200055,-0.040096,0.290694,0.95599,-0.001134,0.015204,-0.023848,0.070266,-0.000485,0.017189,0.504034,-0.252734,-0.039548,0.336221,-0.83947,-0.418179,0.346998,0.54297,-0.667445,0.509543,0.019574,0.616678,0.786885,0.016196,0.002854,0.003012,-0.010513,0.075061,-0.147516,0.512803,-0.000269,0.033905,0.01004,0.831763,0.437225,0.342058,-0.555127,0.657314,0.509678,-0.001995,-0.613817,0.789445,0.008117,0.0015,0.00157,-0.010465,0.075114,-0.147413,0.489584,0.116541,0.024184,-0.028734,0.802691,-0.556565,-0.214294,0.59404,0.778024,0.204434,0.052946,-0.291397,0.955135,-0.008166,0.007256,-0.011658,0.070028,0.002891,0.014169,0.471891
96,0.227214,-0.052446,0.354755,-0.770796,0.599517,-0.215633,-0.635703,-0.746298,0.197212,-0.041741,0.288339,0.956632,-0.016283,0.013865,-0.023992,0.069295,0.014105,-0.012424,0.503494,-0.252203,-0.039423,0.336351,-0.83695,-0.423167,0.347039,0.546957,-0.664193,0.509529,0.015935,0.616794,0.786877,0.016093,0.002531,0.00265,-0.010511,0.075061,-0.147516,0.509811,-9e-06,0.033968,0.010106,0.829194,0.442128,0.341992,-0.558957,0.654022,0.509726,0.001694,-0.613821,0.789442,0.008147,0.001649,0.001722,0.004025,-0.028152,0.055011,0.488768,0.116238,0.024489,-0.029227,0.80258,-0.556808,-0.214078,0.594052,0.778757,0.201588,0.05447,-0.288964,0.955788,-0.008558,0.012196,-0.016485,0.105506,-0.003267,0.035878,0.47336
97,0.226426,-0.05169,0.353577,-0.770677,0.599775,-0.215344,-0.63571,-0.747195,0.193763,-0.043736,0.285474,0.957402,-0.032134,0.021662,-0.034549,0.103839,0.022548,-0.020308,0.504874,-0.251874,-0.039316,0.336464,-0.834192,-0.428266,0.347423,0.551237,-0.66074,0.509405,0.012442,0.616989,0.786786,0.015699,0.001083,0.001094,-0.01051,0.075061,-0.147516,0.509181,0.000162,0.034024,0.010165,0.826266,0.447209,0.342472,-0.563255,0.650421,0.509602,0.005148,-0.613967,0.789314,0.00784,0.000506,0.000502,-0.010416,0.075217,-0.147302,0.488278,0.11585,0.024866,-0.02981,0.802471,-0.557072,-0.213796,0.594028,0.779654,0.198164,0.056296,-0.286022,0.956567,-0.008507,0.011799,-0.016888,0.104807,0.007812,0.009281,0.476136
98,0.225448,-0.05082,0.352234,-0.771878,0.59827,-0.215226,-0.634218,-0.748456,0.193781,-0.044198,0.285327,0.957425,-0.016963,0.02297,-0.034455,0.07767,-0.053873,0.014455,0.502419,-0.251671,-0.0393,0.336496,-0.83374,-0.428546,0.348164,0.551914,-0.660341,0.509189,0.012742,0.617223,0.786598,0.01496,-0.001714,-0.00189,-0.010511,0.075056,-0.147519,0.508709,0.000258,0.034035,0.010183,0.825877,0.447436,0.343113,-0.563828,0.650065,0.509423,0.004888,-0.614178,0.789152,-2.3e-05,-8.2e-05,-9.4e-05,5.7e-05,9e-05,0.000161,0.489257,0.115349,0.025308,-0.030496,0.803551,-0.555485,-0.213871,0.592515,0.780771,0.198298,0.056833,-0.286064,0.956523,-0.008451,0.011399,-0.017297,0.096407,-0.032919,0.013505,0.477279
99,0.224863,-0.050321,0.351472,-0.77322,0.596557,-0.215165,-0.632622,-0.749353,0.195529,-0.043634,0.286558,0.957083,-0.032896,0.031879,-0.043912,0.048334,-0.11596,-0.035279,0.501935,-0.251577,-0.039343,0.336464,-0.83343,-0.428735,0.348671,0.552377,-0.660063,0.509048,0.012944,0.617389,0.786464,0.014539,-0.00332,-0.003603,0.002045,-0.015205,0.029245,0.508524,0.000306,0.034014,0.010169,0.825493,0.447663,0.343742,-0.564393,0.649713,0.509246,0.004637,-0.614385,0.788992,-0.000286,-0.001088,-0.001163,-0.012507,0.090334,-0.176644,0.489421,0.11508,0.025536,-0.030848,0.804693,-0.553993,-0.213445,0.591038,0.781475,0.199925,0.056045,-0.287033,0.956279,-0.016001,0.010647,-0.01747,-0.229207,-0.042326,-0.178033,0.476953
100,0.223614,-0.049326,0.349906,-0.775493,0.594038,-0.213952,-0.629817,-0.751768,0.195314,-0.043858,0.285472,0.957398,-0.03196,0.020699,-0.035626,0.10053,0.015569,-0.023352,0.502789,-0.251308,-0.039576,0.336259,-0.83181,-0.429116,0.352055,0.554749,-0.659562,0.507114,0.015635,0.617661,0.786202,0.01328,-0.008164,-0.008782,0.000497,-0.001739,0.003257,0.508343,0.000446,0.033899,0.010068,0.823872,0.448009,0.347162,-0.566772,0.649168,0.507296,0.001906,-0.614709,0.788751,0.006585,-0.004305,-0.004633,-0.002558,-0.005941,0.007433,0.489747,0.114456,0.026036,-0.031629,0.807007,-0.550956,-0.212567,0.587837,0.783866,0.2,0.056433,-0.286357,0.956459,-0.015974,0.010557,-0.017583,0.120938,0.022161,0.003264,0.478749
101,0.222302,-0.048377,0.348371,-0.776877,0.591929,-0.214774,-0.627885,-0.754043,0.192746,-0.046895,0.283852,0.957735,-0.031878,0.020135,-0.036247,0.103496,0.020316,-0.021338,0.499481,-0.250769,-0.040018,0.335829,-0.82797,-0.431415,0.358243,0.560277,-0.659986,0.500441,0.021576,0.615604,0.787673,0.027466,-0.013037,-0.014109,0.05098,-0.13217,0.174062,0.50699,0.000705,0.033682,0.009856,0.819935,0.450326,0.353428,-0.57244,0.649559,0.500383,-0.004236,-0.612599,0.790381,0.00616,-0.00599,-0.006461,0.039634,0.009724,-0.064255,0.4904,0.113788,0.026523,-0.032412,0.808294,-0.548795,-0.21327,0.585771,0.786118,0.197206,0.05943,-0.284328,0.956883,-0.023473,0.00946,-0.018145,0.109654,0.044981,-0.050184,0.478422
102,0.221679,-0.047959,0.347676,-0.777078,0.591811,-0.214372,-0.627559,-0.7548,0.190839,-0.047905,0.282086,0.958207,-0.03194,0.020991,-0.035406,0.103991,0.020955,-0.02107,0.499049,-0.250359,-0.040291,0.335579,-0.823486,-0.431014,0.368902,0.566339,-0.660869,0.492389,0.032601,0.614937,0.787815,0.027408,-0.013369,-0.014503,0.391248,0.428492,-0.302202,0.504174,0.000909,0.033543,0.009729,0.815742,0.449906,0.363521,-0.578231,0.650109,0.492956,-0.014544,-0.612325,0.790471,0.013608,-0.01225,-0.003099,1.203892,1.778334,-1.676545,0.489257,0.113477,0.02673,-0.032762,0.808485,-0.548699,-0.212791,0.585417,0.78687,0.195243,0.060309,-0.282423,0.957391,-0.023509,0.00995,-0.017667,0.104727,0.025442,-0.023472,0.477279
103,0.220478,-0.04725,0.346418,-0.777274,0.591752,-0.21382,-0.627165,-0.755989,0.187395,-0.049792,0.279017,0.959009,-0.031963,0.02155,-0.034886,0.104034,0.020598,-0.021244,0.49792,-0.249279,-0.040959,0.335034,-0.816424,-0.431322,0.383932,0.575236,-0.664276,0.477257,0.050207,0.611035,0.789923,0.027115,-0.014782,-0.016118,0.049065,-0.059748,0.163631,0.497673,0.001449,0.033208,0.009456,0.808403,0.45015,0.379274,-0.58771,0.653252,0.477345,-0.032885,-0.608791,0.792648,0.013466,-0.007775,-0.008489,0.119529,0.075141,0.030125,0.484685,0.112876,0.027084,-0.033392,0.808662,-0.548657,-0.212225,0.584995,0.788033,0.191792,0.062012,-0.279246,0.958214,-0.008044,0.00654,-0.012446,0.069289,0.012984,-0.012384,0.4763
104,0.219426,-0.046713,0.34546,-0.777602,0.591534,-0.213231,-0.626649,-0.757048,0.184827,-0.051132,0.276602,0.959637,-0.016233,0.01447,-0.02355,0.069436,0.012652,-0.013128,0.496153,-0.248046,-0.041821,0.334459,-0.810199,-0.437997,0.389522,0.583471,-0.66492,0.466237,0.055805,0.605567,0.793749,0.04129,-0.020254,-0.02227,0.264809,-0.14483,-0.04807,0.489977,0.002077,0.032776,0.009167,0.802396,0.456108,0.384869,-0.595531,0.653828,0.466744,-0.038753,-0.603716,0.796256,0.020606,-0.010307,-0.011351,0.312982,-0.172296,-0.061557,0.476357,0.112338,0.027359,-0.033885,0.808975,-0.548431,-0.211615,0.584429,0.789089,0.189154,0.063246,-0.276695,0.958873,-0.008108,0.007336,-0.011654,0.069339,0.012728,-0.012675,0.475646
105,0.218979,-0.04651,0.345108,-0.777705,0.591472,-0.21303,-0.626479,-0.757424,0.183859,-0.051644,0.275706,0.959868,-0.015608,0.005869,-0.012617,0.034631,0.007583,-0.008293,0.495884,-0.247426,-0.042333,0.334126,-0.808148,-0.441782,0.389508,0.586532,-0.66259,0.465713,0.053352,0.605376,0.794063,0.040978,-0.032273,-0.015014,-0.031558,-0.008051,0.018575,0.484024,0.002387,0.032519,0.009,0.800025,0.460487,0.384591,-0.598888,0.651349,0.465915,-0.035955,-0.603071,0.796876,0.020448,-0.016336,-0.007748,-0.049233,0.000967,0.02377,0.471132,0.112121,0.027456,-0.034058,0.809065,-0.548373,-0.211421,0.584256,0.789443,0.18821,0.063696,-0.275798,0.959102,-0.015706,0.007278,-0.011168,0.068385,0.027359,-0.042321,0.475483
106,0.218323,-0.046248,0.344654,-0.777542,0.591677,-0.213053,-0.62661,-0.757647,0.18249,-0.052481,0.274654,0.960124,-0.015723,0.007388,-0.011082,0.034637,0.007511,-0.008328,0.497809,-0.246341,-0.043319,0.333346,-0.80203,-0.454665,0.387321,0.595498,-0.657307,0.461806,0.045625,0.6016,0.797408,0.02583,-0.020916,-0.02317,0.006663,-0.013604,0.00185,0.46754,0.002918,0.032031,0.008615,0.793611,0.473319,0.382295,-0.607769,0.645882,0.462009,-0.02824,-0.599003,0.800248,0.012849,-0.010766,-0.011939,-0.018393,0.005013,0.00322,0.45415,0.111793,0.027587,-0.034285,0.808908,-0.548595,-0.211444,0.584388,0.78967,0.186842,0.064471,-0.274704,0.959364,-0.000288,0.004167,-0.005594,0.035577,-0.007151,0.021485,0.476953
107,0.217966,-0.046192,0.34447,-0.776864,0.592351,-0.213655,-0.627395,-0.757167,0.181784,-0.053131,0.274526,0.960125,6.8e-05,-0.000886,-0.000903,-0.0,-0.0,-0.0,0.500234,-0.245742,-0.044023,0.332503,-0.78849,-0.48015,0.384357,0.614281,-0.643699,0.456337,0.029287,0.596521,0.801977,0.011272,-0.017284,-0.019212,0.083491,-0.114746,-0.094414,0.454687,0.003222,0.031673,0.008186,0.779649,0.498215,0.379378,-0.626098,0.631916,0.456817,-0.012142,-0.593685,0.804604,0.005665,-0.008591,-0.009558,0.096008,-0.142405,-0.115273,0.435208,0.111609,0.027619,-0.03438,0.808269,-0.549306,-0.212044,0.585201,0.78924,0.186114,0.06512,-0.274519,0.959373,-0.007516,-0.001037,-0.000505,0.004558,-0.069266,0.150816,0.480382
108,0.217929,-0.046306,0.344476,-0.776136,0.593048,-0.214369,-0.62827,-0.756458,0.181714,-0.053435,0.274974,0.95998,9.6e-05,-0.001246,-0.00127,-0.0,-0.0,-0.0,0.503747,-0.245767,-0.044434,0.331814,-0.771563,-0.507915,0.383019,0.635963,-0.625328,0.452162,0.010818,0.593094,0.804976,-0.002843,-0.011503,-0.012784,-0.075352,-0.379472,-0.519719,0.4418,0.003214,0.031461,0.007835,0.762466,0.524969,0.378221,-0.647,0.613267,0.453093,0.005909,-0.590178,0.807251,-0.009035,-0.005088,-0.005606,-0.470058,-0.946823,-1.543054,0.41643,0.11159,0.027564,-0.034375,0.807578,-0.550044,-0.212762,0.586117,0.788576,0.186045,0.065446,-0.27495,0.959228,5.8e-05,-0.000751,-0.000761,-1e-06,2.4e-05,0.000115,0.485281
109,0.21799,-0.04636,0.344506,-0.775797,0.593368,-0.214709,-0.628678,-0.756113,0.181739,-0.053545,0.275232,0.9599,3.1e-05,-0.000398,-0.000406,0.005571,-0.083946,0.180223,0.50613,-0.245981,-0.044559,0.331521,-0.765242,-0.519469,0.380194,0.643629,-0.61775,0.45173,0.001163,0.591037,0.806559,-0.002655,-0.000129,-0.020842,0.10691,-0.105641,-0.067751,0.438092,0.003114,0.031399,0.007697,0.755552,0.537031,0.37515,-0.654894,0.605248,0.452535,0.015967,-0.587598,0.808995,-0.008811,-0.004211,-0.00464,0.104285,-0.119782,-0.139049,0.408265,0.111615,0.027535,-0.034361,0.807354,-0.550279,-0.213004,0.586419,0.788337,0.186109,0.065507,-0.275165,0.959162,0.000386,-0.005324,0.004429,-0.035633,0.007245,-0.021125,0.48773
110,0.218161,-0.046368,0.344514,-0.775435,0.59371,-0.215069,-0.629108,-0.755776,0.181653,-0.053735,0.275419,0.959835,0.0,-6e-06,-6e-06,-0.0,-0.0,-0.0,0.510948,-0.246632,-0.044711,0.33103,-0.74691,-0.553428,0.368555,0.664077,-0.594947,0.45274,-0.030354,0.583599,0.81139,-0.017524,-0.007727,-0.008565,0.29758,-0.453214,-0.347398,0.439056,0.002781,0.031322,0.007441,0.736992,0.569289,0.364352,-0.674262,0.581716,0.454946,0.047047,-0.58096,0.81257,-0.00873,-0.003791,-0.004194,0.271897,-0.418819,-0.350242,0.402713,0.111706,0.027532,-0.034357,0.806914,-0.550745,-0.213467,0.586995,0.787937,0.185985,0.065768,-0.275378,0.959083,-2e-06,2.8e-05,2.7e-05,-1.4e-05,4e-06,6.1e-05,0.495078
111,0.218352,-0.046322,0.344473,-0.774795,0.594322,-0.215686,-0.629856,-0.75524,0.181287,-0.054192,0.275567,0.959767,0.015128,0.001012,-6.6e-05,0.000984,-0.014715,0.029553,0.512659,-0.247643,-0.044625,0.330461,-0.727648,-0.586426,0.355842,0.683002,-0.572405,0.453647,-0.061434,0.573871,0.816554,-0.032594,0.00508,-0.014976,-0.080597,-0.292206,-0.527642,0.438645,0.002288,0.031364,0.007164,0.716569,0.603057,0.3505,-0.693136,0.55942,0.454545,0.07804,-0.568658,0.818863,-0.008715,0.001646,-0.008506,-0.502813,-0.917434,-1.295675,0.403203,0.111796,0.027555,-0.034376,0.806323,-0.551376,-0.214073,0.587756,0.787454,0.185626,0.066223,-0.275497,0.959017,5e-06,-6.6e-05,-7.2e-05,-1.1e-05,-1e-05,4.8e-05,0.49965
112,0.21842,-0.046321,0.344454,-0.774368,0.594728,-0.216096,-0.630358,-0.754866,0.181102,-0.054458,0.275713,0.95971,0.000101,-0.001288,-0.001313,-0.000807,0.012167,-0.026113,0.512374,-0.248234,-0.044478,0.330114,-0.719724,-0.601225,0.347154,0.69008,-0.565609,0.451453,-0.07417,0.56524,0.821502,-0.032561,0.005294,-0.014774,0.244833,-0.42265,-0.40643,0.437439,0.002005,0.031432,0.006999,0.709063,0.616175,0.342866,-0.69935,0.552301,0.453732,0.090214,-0.561508,0.822538,-0.008739,0.001647,-0.008528,-0.228032,-1.229839,-1.715166,0.403203,0.111836,0.027559,-0.034383,0.805893,-0.551832,-0.214513,0.588312,0.787085,0.185431,0.066514,-0.275638,0.958956,0.007561,0.000545,3e-06,0.001009,-0.014705,0.029599,0.500793
113,0.2185,-0.046322,0.344448,-0.773924,0.59515,-0.216526,-0.63088,-0.75447,0.180935,-0.05472,0.275887,0.959645,6e-06,-7.8e-05,-8e-05,0.0,0.0,0.0,0.512361,-0.249418,-0.043916,0.329345,-0.701567,-0.632657,0.327932,0.704717,-0.548309,0.450183,-0.104123,0.547727,0.830071,-0.031858,0.018546,-0.020736,-0.269633,-1.144384,-1.558388,0.434692,0.0014,0.031711,0.006605,0.690683,0.646978,0.32307,-0.713254,0.535781,0.451891,0.119269,-0.542545,0.831516,-0.01618,0.008918,-0.010854,-1.519461,-3.208842,-4.550258,0.40108,0.111876,0.027556,-0.034389,0.805485,-0.552264,-0.214933,0.58884,0.786728,0.18527,0.066776,-0.275793,0.958893,2e-06,-3.2e-05,-3.6e-05,-2e-06,-9e-06,2.9e-05,0.501936
114,0.218488,-0.046309,0.344447,-0.77356,0.595498,-0.216871,-0.631306,-0.754152,0.180774,-0.054945,0.276006,0.959598,-0.0,0.0,0.0,0.0,0.0,0.0,0.513834,-0.250665,-0.042959,0.328285,-0.68134,-0.664926,0.306006,0.719471,-0.531926,0.446487,-0.133254,0.525207,0.840396,-0.031903,0.028723,-0.030159,0.480509,-0.617632,-0.161089,0.431584,0.000777,0.032188,0.006081,0.668888,0.679367,0.30174,-0.7283,0.517621,0.44905,0.148883,-0.520122,0.841014,-0.015906,0.014446,-0.014955,0.498545,-0.595883,-0.377258,0.397978,0.11187,0.027563,-0.034389,0.805142,-0.552629,-0.21528,0.589284,0.786434,0.185109,0.067007,-0.2759,0.958847,-1e-06,3e-06,3e-06,-6e-06,-1.4e-05,2.4e-05,0.503732
115,0.218464,-0.046295,0.344433,-0.773035,0.595998,-0.217367,-0.631919,-0.753697,0.180526,-0.055278,0.276166,0.959533,-0.0,0.0,0.0,0.005568,-0.083979,0.180208,0.514695,-0.251903,-0.041614,0.326941,-0.665283,-0.690396,0.284154,0.729505,-0.520564,0.443587,-0.157496,0.50327,0.849575,-0.031585,0.04011,-0.038205,0.454003,-0.53919,-0.09047,0.424456,0.000158,0.032857,0.005412,0.651954,0.704752,0.279784,-0.73829,0.505872,0.446117,0.172867,-0.49741,0.850117,-0.015702,0.020298,-0.0188,0.434973,-0.464273,-0.310929,0.390793,0.111858,0.027569,-0.034396,0.80473,-0.553067,-0.215694,0.589813,0.786087,0.184896,0.067295,-0.27601,0.958795,-1e-06,1e-06,3e-06,-6e-06,-5e-06,2.1e-05,0.505202
116,0.218463,-0.046274,0.344425,-0.772823,0.5962,-0.217565,-0.632164,-0.753523,0.180397,-0.055431,0.276205,0.959513,-2.6e-05,0.000335,0.000342,0.0,0.0,0.0,0.51537,-0.252526,-0.040772,0.326169,-0.649757,-0.709767,0.272099,0.739176,-0.506823,0.44349,-0.176053,0.490182,0.853575,-0.031233,0.041288,-0.036891,-1.303197,-2.746943,-4.569218,0.422413,-0.000143,0.033261,0.005039,0.639186,0.721176,0.267104,-0.745661,0.496159,0.444762,0.188226,-0.483456,0.854892,-0.015631,0.020476,-0.018606,-0.253601,-0.772483,0.35327,0.387038,0.111857,0.027579,-0.034401,0.804446,-0.553369,-0.215979,0.590176,0.785853,0.184733,0.067503,-0.276074,0.958762,-2.1e-05,0.000261,0.000267,7e-06,6e-06,1.8e-05,0.505855
117,0.218449,-0.046244,0.344397,-0.772351,0.596651,-0.218007,-0.632711,-0.75313,0.180119,-0.055763,0.276303,0.959465,-0.0,0.0,0.0,0.0,0.0,0.0,0.516604,-0.253608,-0.038988,0.324601,-0.627442,-0.73767,0.249301,0.751988,-0.491264,0.43944,-0.200902,0.464123,0.862608,-0.030713,0.053172,-0.044341,0.178208,-0.437015,-0.01186,0.41408,-0.000696,0.034164,0.004244,0.612247,0.751994,0.244248,-0.76077,0.476143,0.441039,0.215362,-0.455842,0.863612,-0.01545,0.020987,-0.018044,-0.206528,-1.029062,0.341958,0.377567,0.11185,0.027595,-0.034414,0.804001,-0.553843,-0.216424,0.590744,0.785491,0.184456,0.06784,-0.276154,0.958715,2e-06,-5e-06,-4e-06,2.5e-05,2e-05,1.8e-05,0.507161
118,0.218444,-0.046176,0.344334,-0.771723,0.597251,-0.218588,-0.633433,-0.752634,0.179656,-0.056262,0.276358,0.959421,-0.0,0.0,0.0,0.0,0.0,0.0,0.516598,-0.254607,-0.037157,0.322974,-0.608311,-0.759379,0.230853,0.762593,-0.478839,0.434856,-0.218915,0.44153,0.870052,-0.015661,0.050879,-0.046882,0.230985,-0.123679,-0.020943,0.406336,-0.001201,0.035082,0.003434,0.592192,0.773628,0.225405,-0.771327,0.46329,0.436367,0.233158,-0.432275,0.871077,-0.015327,0.021282,-0.017721,0.167168,-0.165284,0.121338,0.367769,0.111848,0.027629,-0.034446,0.803408,-0.554474,-0.217009,0.591493,0.785035,0.183994,0.06834,-0.276181,0.958672,3e-06,-3e-06,-4e-06,2.3e-05,2e-06,1.9e-05,0.508794
119,0.218439,-0.046099,0.344264,-0.77144,0.597525,-0.218838,-0.633749,-0.752454,0.179297,-0.056576,0.276258,0.959431,-0.0,0.0,0.0,0.0,0.0,0.0,0.517219,-0.255073,-0.036274,0.32217,-0.597219,-0.771789,0.218317,0.768061,-0.472121,0.432572,-0.230032,0.426993,0.874429,-0.030985,0.041506,-0.036722,-1.103225,-2.286434,1.078549,0.402235,-0.001422,0.035509,0.003047,0.581379,0.784284,0.216552,-0.776956,0.456139,0.433907,0.241529,-0.420516,0.874545,-0.015338,0.021194,-0.017832,0.465864,-0.492695,-0.302313,0.362217,0.111845,0.027664,-0.034477,0.803151,-0.554751,-0.217252,0.591808,0.784875,0.183665,0.068628,-0.276083,0.95868,4e-06,-2e-06,-4e-06,1.3e-05,5e-06,1.9e-05,0.509448
120,0.21841,-0.045862,0.344034,-0.767312,0.602641,-0.219323,-0.638815,-0.748402,0.178275,-0.055756,0.276145,0.959512,-0.000731,0.010055,-0.00946,0.035623,-0.007234,0.021211,0.517367,-0.255872,-0.034841,0.320813,-0.583859,-0.785678,0.204474,0.775408,-0.465291,0.426827,-0.239475,0.408748,0.880591,-0.031102,0.030711,-0.028104,0.240035,-0.189193,-0.149594,0.387813,-0.001826,0.036249,0.002348,0.567504,0.798882,0.199313,-0.783569,0.449657,0.42875,0.252898,-0.399494,0.881162,-0.007881,0.019921,-0.019239,0.307382,-0.261607,-0.100635,0.349481,0.111831,0.027782,-0.034592,0.799295,-0.560093,-0.217766,0.597101,0.781094,0.182649,0.067795,-0.276019,0.958757,-0.00036,0.005013,-0.004746,0.035705,-0.007263,0.021075,0.510917
121,0.218353,-0.045539,0.3437,-0.766833,0.603117,-0.219689,-0.639304,-0.748296,0.176962,-0.056714,0.275394,0.959671,-0.015823,0.008738,-0.009705,0.034641,0.007453,-0.008355,0.517344,-0.256513,-0.033912,0.319777,-0.572701,-0.797343,0.190394,0.781379,-0.460944,0.420608,-0.246888,0.390657,0.886734,-0.001193,0.0161,-0.023581,0.158418,-0.14849,-0.040068,0.381904,-0.002159,0.036718,0.001827,0.555731,0.810519,0.184986,-0.789719,0.445121,0.422149,0.259819,-0.380689,0.887451,-0.008245,0.008463,-0.011374,0.118503,-0.095004,-0.11186,0.334458,0.111808,0.027944,-0.034759,0.798833,-0.560602,-0.21815,0.597613,0.78101,0.181332,0.068722,-0.275223,0.95892,-0.00035,0.004905,-0.004852,0.035672,-0.007273,0.021109,0.511244
122,0.218295,-0.045189,0.343247,-0.766263,0.603683,-0.220122,-0.639881,-0.74818,0.175362,-0.057879,0.27447,0.959867,-0.000552,0.007781,-0.01178,0.035628,-0.007294,0.021183,0.515024,-0.256946,-0.033574,0.3192,-0.56131,-0.807526,0.181172,0.790062,-0.457882,0.407528,-0.24543,0.372905,0.894745,-0.016196,-0.002156,-0.002637,0.414536,-0.546602,-0.372225,0.376902,-0.002376,0.03689,0.001526,0.5454,0.819294,0.176901,-0.797479,0.442265,0.410398,0.258,-0.364906,0.894582,-0.008077,-0.001041,-0.001272,0.353876,-0.498621,-0.376075,0.327436,0.111773,0.028122,-0.034982,0.798313,-0.561178,-0.218572,0.59818,0.780944,0.17974,0.069827,-0.274234,0.959124,-0.00062,0.008731,-0.010808,0.070469,-0.00233,0.016246,0.510264
123,0.21826,-0.045016,0.342981,-0.766005,0.603942,-0.220309,-0.640134,-0.748162,0.174509,-0.058485,0.273947,0.959979,-0.000484,0.006912,-0.012667,0.034813,0.004985,-0.004878,0.51344,-0.25708,-0.033606,0.319098,-0.556262,-0.811825,0.177494,0.793746,-0.456035,0.402408,-0.245043,0.365755,0.897798,-0.001175,-0.004107,-0.004728,0.23701,-0.30817,-0.221838,0.375193,-0.002442,0.036875,0.001477,0.539422,0.824203,0.172372,-0.801751,0.440178,0.404274,0.257329,-0.356274,0.898247,-0.000556,-0.001971,-0.002264,0.234644,-0.307576,-0.223702,0.324007,0.111755,0.028212,-0.035119,0.798061,-0.56146,-0.218768,0.598446,0.780942,0.178858,0.070424,-0.273661,0.959244,-0.000231,0.003418,-0.006371,0.034836,0.004978,-0.004918,0.508958
124,0.218122,-0.044666,0.34237,-0.765683,0.604286,-0.220486,-0.640408,-0.748342,0.172725,-0.059676,0.272697,0.960262,-0.001178,0.016527,-0.022578,0.071266,-0.014712,0.042306,0.507212,-0.25727,-0.033818,0.319106,-0.54635,-0.820146,0.169863,0.800728,-0.452203,0.392786,-0.244644,0.351648,0.903524,-0.000456,-0.001592,-0.001835,0.283534,-0.30181,-0.416503,0.375458,-0.002538,0.036768,0.001479,0.529881,0.83181,0.165277,-0.808247,0.436296,0.39545,0.25683,-0.343126,0.903494,-0.000342,-0.006259,0.003329,0.408828,-0.533387,-0.293637,0.321721,0.111687,0.028379,-0.035418,0.79778,-0.561796,-0.21893,0.598692,0.781146,0.177133,0.071504,-0.272386,0.959526,-0.000177,0.002749,-0.007057,0.034825,0.004973,-0.004897,0.503079
125,0.217906,-0.044332,0.341675,-0.765337,0.604656,-0.220674,-0.640699,-0.748534,0.170805,-0.060956,0.271352,0.960562,-0.000303,0.004579,-0.015068,0.034813,0.004982,-0.00488,0.498055,-0.257359,-0.034034,0.319173,-0.539625,-0.825601,0.164864,0.805348,-0.449328,0.386593,-0.244417,0.34243,0.90712,-0.0004,-0.001394,-0.001608,0.086456,-0.035411,-0.25392,0.378201,-0.002581,0.036667,0.001513,0.522205,0.837746,0.15963,-0.813369,0.432974,0.38854,0.256382,-0.332736,0.907498,-0.007583,0.000756,0.000789,0.123096,-0.158833,-0.139859,0.322864,0.111578,0.028552,-0.035767,0.797434,-0.562205,-0.219141,0.599004,0.781348,0.175181,0.072738,-0.270962,0.959837,-0.000525,0.007611,-0.011958,0.076163,-0.087897,0.195723,0.493118
126,0.217769,-0.044147,0.34131,-0.76531,0.604707,-0.220626,-0.640673,-0.748776,0.169836,-0.061551,0.270569,0.960745,-0.000394,0.005751,-0.01387,0.03564,-0.007438,0.021113,0.495572,-0.257405,-0.034077,0.319218,-0.536202,-0.828319,0.162376,0.807701,-0.447836,0.383401,-0.244188,0.337778,0.908924,-6e-06,-2e-05,-2.4e-05,0.205407,-0.27904,-0.169918,0.378344,-0.002599,0.036638,0.001535,0.51936,0.839805,0.158086,-0.815246,0.431456,0.386289,0.256201,-0.329502,0.908729,1.7e-05,7.1e-05,8.1e-05,0.387713,-0.382864,-0.395209,0.324497,0.111516,0.028636,-0.035944,0.797417,-0.562249,-0.219091,0.598965,0.781583,0.174265,0.073257,-0.27019,0.960015,-0.000171,0.002672,-0.00714,0.035626,-0.007447,0.021113,0.488546
127,0.217473,-0.043819,0.340629,-0.765246,0.604815,-0.22055,-0.64064,-0.749208,0.168046,-0.062654,0.269133,0.961077,-0.000359,0.005289,-0.014353,0.034814,0.004968,-0.004887,0.492519,-0.257505,-0.034141,0.319316,-0.532254,-0.83121,0.160584,0.810414,-0.445613,0.380254,-0.243844,0.333581,0.910564,1.1e-05,3.9e-05,4.5e-05,0.054421,-0.074176,-0.045131,0.376965,-0.002654,0.036609,0.001587,0.514455,0.843307,0.15546,-0.81853,0.428885,0.382185,0.255625,-0.323866,0.910915,8e-06,3.5e-05,4.4e-05,0.029607,-0.051841,-0.044561,0.32466,0.111362,0.028806,-0.036293,0.797354,-0.562366,-0.219018,0.598918,0.782027,0.172424,0.074313,-0.268656,0.960364,-0.007739,0.002346,-0.006932,0.034668,0.007213,-0.008449,0.482015
128,0.217148,-0.043545,0.339998,-0.764941,0.605141,-0.220715,-0.640891,-0.749374,0.166342,-0.063791,0.267938,0.961336,-0.00041,0.005957,-0.013673,0.035649,-0.007551,0.021058,0.491081,-0.257632,-0.034195,0.319458,-0.528111,-0.834148,0.159021,0.813237,-0.443112,0.377136,-0.24346,0.329545,0.912135,-0.014724,0.003061,0.003355,0.117172,-0.147952,-0.128416,0.371268,-0.002713,0.03658,0.001656,0.510765,0.845761,0.154289,-0.820973,0.426558,0.37954,0.255187,-0.320523,0.912219,0.000208,0.000733,0.000846,0.166083,-0.125464,-0.284801,0.320742,0.111199,0.028941,-0.03661,0.797081,-0.562694,-0.219172,0.599149,0.782222,0.170726,0.075375,-0.267399,0.960632,-0.008087,0.007207,-0.011834,0.069483,0.012111,-0.013367,0.478259
