frame,MLTx,MLTy,MLTz,MLTR1,MLTR2,MLTR3,MLTR4,MLTR5,MLTR6,MLTR7,MLTR8,MLTR9,MLTTVx,MLTTVy,MLTTVz,MLTRVx,MLTRVy,MLTRVz,MLGA,MRTx,MRTy,MRTz,MRTR1,MRTR2,MRTR3,MRTR4,MRTR5,MRTR6,MRTR7,MRTR8,MRTR9,MRTTVx,MRTTVy,MRTTVz,MRTRVx,MRTRVy,MRTRVz,MRGA,SLTx,SLTy,SLTz,SLTR1,SLTR2,SLTR3,SLTR4,SLTR5,SLTR6,SLTR7,SLTR8,SLTR9,SLTTVx,SLTTVy,SLTTVz,SLTRVx,SLTRVy,SLTRVz,SLGA,SRTx,SRTy,SRTz,SRTR1,SRTR2,SRTR3,SRTR4,SRTR5,SRTR6,SRTR7,SRTR8,SRTR9,SRTTVx,SRTTVy,SRTTVz,SRTRVx,SRTRVy,SRTRVz,SRGA
134,0.07667,-0.003626,0.372408,-0.766209,0.158574,-0.622756,-0.001236,-0.969405,-0.245406,-0.641666,-0.187468,0.743739,0.001458,0.004223,0.003316,0.000896,-0.012716,0.025847,-1.578175,-0.072995,0.027168,0.353961,0.436644,0.832932,0.339937,-0.886159,0.463297,0.003401,-0.155192,-0.303777,0.939946,-0.014834,0.01027,-0.023674,-0.105636,0.52746,0.416627,-1.340539,0.056468,0.034903,-0.003949,-0.289811,-0.892679,0.345156,0.91873,-0.360544,-0.161065,0.268223,0.270427,0.924621,-0.002308,0.012566,-0.015339,2.094348,1.881306,0.032605,-0.818047,0.074835,0.020934,-0.053164,-0.710678,0.311517,-0.630787,-0.179996,-0.94729,-0.265031,-0.6801,-0.074813,0.729291,0.000706,0.002044,0.001599,0.000893,-0.012718,0.02587,-0.902689
135,0.077041,-0.003552,0.372463,-0.765885,0.159632,-0.622883,-0.00196,-0.969236,-0.24607,-0.642051,-0.187446,0.743412,0.014791,0.000854,0.001099,0.00188,-0.027431,0.0554,-1.571565,-0.073367,0.027924,0.352849,0.450044,0.804906,0.386754,-0.866479,0.498331,-0.028548,-0.216257,-0.323284,0.921186,-0.017092,0.020925,-0.032139,2.359635,2.474133,1.218915,-1.402773,0.056282,0.035285,-0.004508,-0.298411,-0.868978,0.394748,0.898958,-0.394853,-0.18964,0.32066,0.298272,0.899004,-0.002161,0.012409,-0.015597,2.347651,1.019304,5.457108,-0.838785,0.075023,0.020975,-0.053133,-0.710157,0.312497,-0.630888,-0.180662,-0.946975,-0.265702,-0.680467,-0.074712,0.728958,0.007248,2e-06,0.000212,0.000994,-0.014728,0.029572,-0.902199
136,0.077639,-0.003514,0.372496,-0.766374,0.156572,-0.623059,0.002762,-0.969,-0.246987,-0.641464,-0.191208,0.74296,0.014816,0.000973,0.001183,0.000984,-0.014715,0.029553,-1.562203,-0.074164,0.028823,0.351563,0.460762,0.765795,0.448608,-0.842913,0.535788,-0.048608,-0.278141,-0.356708,0.891773,-0.032151,0.028558,-0.041158,-0.342375,0.839543,0.580439,-1.404748,0.055888,0.035732,-0.005147,-0.30339,-0.83352,0.461733,0.875363,-0.43523,-0.210505,0.37642,0.340319,0.861678,-0.008594,0.010688,-0.015867,-0.037293,1.275608,0.638233,-0.848582,0.075322,0.020995,-0.053116,-0.711208,0.309595,-0.631136,-0.175964,-0.94762,-0.266553,-0.680601,-0.078518,0.728433,0.007535,0.000856,0.000872,0.001809,-0.02746,0.055546,-0.901056
137,0.078038,-0.003473,0.3725,-0.767047,0.152806,-0.623165,0.008009,-0.968837,-0.247512,-0.640615,-0.195043,0.742697,0.029785,0.009898,-0.008683,1.070633,0.350282,-1.130482,-1.559701,-0.074687,0.029154,0.350881,0.456432,0.751106,0.47697,-0.838549,0.542338,-0.051362,-0.297811,-0.377468,0.876749,-0.028839,0.014592,-0.035217,1.209366,2.663923,-0.241592,-1.404341,0.055624,0.035908,-0.005486,-0.297882,-0.819799,0.489075,0.871822,-0.442319,-0.210424,0.388833,0.363705,0.846478,-0.01456,0.007794,-0.017213,-0.639994,0.901825,0.529944,-0.846133,0.075515,0.021009,-0.053112,-0.712086,0.307261,-0.631286,-0.172444,-0.94815,-0.266969,-0.680584,-0.081243,0.72815,0.007585,0.001147,0.001028,3.449308,1.339783,-4.045776,-0.901546
138,0.078925,-0.00329,0.372523,-0.766457,0.154655,-0.623434,0.006908,-0.968507,-0.248835,-0.641333,-0.195228,0.742028,0.016387,0.00573,0.004869,0.001876,-0.027441,0.055395,-1.545424,-0.075908,0.029797,0.349465,0.456356,0.718544,0.524809,-0.820644,0.567828,-0.063619,-0.344267,-0.402556,0.848111,-0.029365,0.016363,-0.033846,0.190144,1.446274,-0.701736,-1.404723,0.055027,0.036216,-0.006188,-0.295064,-0.789609,0.538009,0.854617,-0.469903,-0.22095,0.427277,0.394597,0.813465,-0.014637,0.008089,-0.016969,-0.458988,0.984984,-0.124077,-0.837805,0.075963,0.0211,-0.053108,-0.711659,0.307708,-0.63155,-0.171744,-0.947898,-0.268313,-0.681208,-0.082483,0.727427,0.01496,0.001505,0.001562,-0.003434,0.045615,-0.093195,-0.898934
139,0.080019,-0.002992,0.372614,-0.766534,0.152786,-0.623801,0.011003,-0.96799,-0.250692,-0.641183,-0.199226,0.741094,0.030798,0.005862,0.005317,0.002858,-0.042164,0.084944,-1.536816,-0.077024,0.030434,0.348217,0.431944,0.696328,0.573187,-0.805914,0.583285,-0.10107,-0.405228,-0.419162,0.812377,-0.02791,0.008307,-0.023414,-0.326015,1.086936,-0.968323,-1.405444,0.054458,0.03654,-0.006832,-0.263839,-0.767039,0.584841,0.835313,-0.484885,-0.259108,0.482327,0.420163,0.768649,-0.014913,0.009047,-0.016224,-0.435038,1.234202,-0.826436,-0.837805,0.076516,0.021251,-0.053061,-0.712063,0.305926,-0.63196,-0.16761,-0.948124,-0.270123,-0.681815,-0.086422,0.7264,0.015466,0.003135,0.002804,0.00269,-0.042221,0.085218,-0.895015
140,0.08126,-0.002621,0.37289,-0.766682,0.150817,-0.624098,0.014992,-0.967516,-0.252308,-0.640925,-0.202992,0.740295,0.032053,0.009971,0.008416,-0.002386,0.032997,-0.067529,-1.538096,-0.078297,0.031024,0.347226,0.423336,0.675356,0.603882,-0.795521,0.596039,-0.108714,-0.433865,-0.43523,0.788796,-0.029538,0.013789,-0.019187,-0.217861,1.146112,-0.204908,-1.405385,0.053824,0.036828,-0.007332,-0.252574,-0.747342,0.614561,0.825379,-0.497869,-0.266221,0.50493,0.440006,0.74259,-0.015938,0.012465,-0.013588,0.333968,1.074165,0.696064,-0.830947,0.077112,0.021429,-0.052929,-0.712594,0.303985,-0.632298,-0.163542,-0.9484,-0.271645,-0.682248,-0.090165,0.725539,0.015964,0.004794,0.004044,0.002615,-0.042092,0.085322,-0.893872
141,0.08188,-0.00241,0.373078,-0.766301,0.152167,-0.624238,0.014033,-0.967321,-0.25311,-0.641402,-0.202915,0.739902,0.032538,0.011638,0.009648,0.003746,-0.054901,0.110781,-1.538089,-0.078911,0.031322,0.346879,0.414989,0.666293,0.61954,-0.794912,0.596768,-0.109159,-0.442951,-0.44802,0.776489,-0.030148,0.015913,-0.017549,-0.077053,1.028927,-0.114352,-1.405535,0.053528,0.036971,-0.007499,-0.242824,-0.738343,0.629193,0.825293,-0.498117,-0.266024,0.509829,0.454672,0.730305,-0.015165,0.008384,-0.008469,2.908896,0.74099,3.711925,-0.83111,0.077422,0.021533,-0.052836,-0.711961,0.305247,-0.632404,-0.164439,-0.948011,-0.272458,-0.682693,-0.089987,0.725141,0.016293,0.005895,0.004866,0.003573,-0.054969,0.111049,-0.897301
142,0.083142,-0.001886,0.373465,-0.766385,0.150447,-0.624552,0.017848,-0.966795,-0.254875,-0.641208,-0.206674,0.73903,0.032994,0.013476,0.010935,1.039225,0.367667,-1.114501,-1.538815,-0.079982,0.031877,0.346444,0.385433,0.661751,0.643054,-0.809345,0.577141,-0.108639,-0.443485,-0.479413,0.757198,-0.031383,0.020283,-0.014191,-0.239404,0.892062,-0.593722,-1.405056,0.052982,0.037253,-0.007724,-0.210858,-0.7305,0.649544,0.837119,-0.478053,-0.265885,0.504746,0.487682,0.712317,-0.014513,0.004542,-0.003093,-0.321102,0.906856,-0.40182,-0.83111,0.078066,0.021801,-0.052637,-0.711863,0.304821,-0.632719,-0.162226,-0.947905,-0.274148,-0.683325,-0.092513,0.724229,0.016541,0.007036,0.005604,3.458442,1.351907,-3.970286,-0.90171
143,0.084374,-0.001308,0.373901,-0.768134,0.152033,-0.622013,0.015235,-0.966755,-0.255194,-0.639179,-0.205697,0.741057,0.032922,0.01371,0.010982,0.046981,0.111469,0.191238,-1.539569,-0.081057,0.032122,0.346239,0.362279,0.662722,0.655397,-0.819133,0.561862,-0.115181,-0.445005,-0.495963,0.745556,-0.028538,0.007589,-0.00739,-0.042287,0.294683,-0.300205,-1.404866,0.052441,0.037388,-0.007823,-0.185586,-0.72928,0.658565,0.844401,-0.46112,-0.272679,0.502537,0.505488,0.701382,-0.012968,-0.00225,-3.4e-05,-0.082774,0.399254,-0.537029,-0.830947,0.078695,0.022098,-0.052413,-0.713734,0.305414,-0.630321,-0.163166,-0.947665,-0.27442,-0.681146,-0.093017,0.726214,0.016467,0.006886,0.005494,0.05735,0.136629,0.209183,-0.89975
144,0.08497,-0.001042,0.374099,-0.768494,0.151909,-0.6216,0.013854,-0.967201,-0.25358,-0.638779,-0.203683,0.741958,0.032481,0.012544,0.01004,0.004329,-0.052452,0.111928,-1.538097,-0.08153,0.032067,0.34622,0.354989,0.667046,0.654999,-0.822701,0.555646,-0.119812,-0.444288,-0.497175,0.745177,-0.026134,-0.003829,0.000398,-0.01122,0.18273,-0.398143,-1.40469,0.052194,0.037364,-0.007835,-0.177598,-0.733226,0.656382,0.846574,-0.453908,-0.27799,0.501766,0.506306,0.701344,-0.013043,-0.001989,0.00016,-0.010161,0.195988,-0.391117,-0.835519,0.078994,0.022234,-0.052312,-0.714301,0.305431,-0.62967,-0.164655,-0.947826,-0.272972,-0.680192,-0.091305,0.727324,0.01622,0.006222,0.004962,0.005751,-0.070737,0.106693,-0.899424
145,0.086149,-0.00052,0.374357,-0.772019,0.147894,-0.618191,0.0149,-0.968043,-0.250284,-0.634493,-0.202627,0.745915,0.031226,0.008963,0.00725,0.003576,-0.039312,0.086326,-1.538429,-0.082536,0.03185,0.346296,0.35831,0.6853,0.63401,-0.830234,0.544474,-0.119134,-0.42727,-0.484553,0.763225,-0.025967,-0.004353,-2e-05,0.250469,-0.400137,-0.557983,-1.404607,0.051701,0.037259,-0.007795,-0.182529,-0.750042,0.635704,0.85314,-0.442204,-0.276779,0.488706,0.491824,0.720606,-0.013036,-0.002008,0.000132,0.343129,-0.640165,-0.698217,-0.838948,0.079572,0.022495,-0.052183,-0.718626,0.302047,-0.626373,-0.163799,-0.948921,-0.269661,-0.67583,-0.091186,0.731395,0.015719,0.004834,0.003872,0.004086,-0.071507,0.105169,-0.89975
146,0.087193,-1.2e-05,0.374461,-0.773961,0.149521,-0.615364,0.011124,-0.968332,-0.249362,-0.632201,-0.200036,0.748556,0.031168,0.016602,-0.004004,0.038193,-0.057151,0.102303,-1.539603,-0.083432,0.031592,0.346231,0.362042,0.715217,0.597814,-0.839649,0.528748,-0.123896,-0.405136,-0.457998,0.79118,-0.024935,-0.007942,-0.002777,-2.918862,-0.049848,-4.912627,-1.404678,0.051251,0.037134,-0.007825,-0.192944,-0.777026,0.599167,0.857439,-0.4304,-0.282049,0.477041,0.45933,0.749297,-0.006017,-0.002756,-0.001274,0.496052,-1.022747,-0.667139,-0.847276,0.080095,0.022747,-0.052127,-0.72027,0.303968,-0.623549,-0.16759,-0.948505,-0.268793,-0.673144,-0.089103,0.734123,0.015189,0.00329,0.002684,0.001354,-0.057211,0.078326,-0.899424
147,0.088204,0.000436,0.374442,-0.77765,0.144399,-0.611928,0.013231,-0.969261,-0.245621,-0.62762,-0.199291,0.752598,0.016994,0.016789,-0.004141,-2.078049,1.126428,-1.264407,-1.541162,-0.084449,0.031383,0.346117,0.364237,0.743968,0.56021,-0.85122,0.50998,-0.123611,-0.378092,-0.432775,0.818301,-0.027645,0.004789,-0.00959,0.263766,-0.556361,-0.204145,-1.404363,0.050745,0.03702,-0.007884,-0.193481,-0.806461,0.558735,0.869346,-0.404893,-0.283369,0.454754,0.430908,0.779433,-0.012728,-0.003066,-0.000681,0.194208,-0.725079,-0.16277,-0.856257,0.080605,0.02297,-0.052136,-0.723863,0.301093,-0.620776,-0.165311,-0.949231,-0.26764,-0.669845,-0.091114,0.736888,0.015098,0.006871,-0.003104,0.035537,-0.076282,0.093354,-0.902199
148,0.088691,0.000638,0.374371,-0.777898,0.144347,-0.611623,0.012106,-0.969605,-0.244317,-0.627334,-0.197645,0.75327,0.029798,0.012571,-0.007062,0.037576,-0.059455,0.101148,-1.54066,-0.085041,0.031294,0.346037,0.367161,0.75605,0.541823,-0.85621,0.502313,-0.120504,-0.36371,-0.420622,0.831057,-0.027619,0.004734,-0.009639,0.343568,-0.772269,0.154319,-1.40439,0.050439,0.036977,-0.007927,-0.198138,-0.817659,0.540531,0.873935,-0.397074,-0.280301,0.443822,0.416851,0.793256,-0.013811,0.002372,-0.004794,0.360824,-0.76194,0.149171,-0.861809,0.080844,0.023072,-0.052171,-0.725129,0.299491,-0.620073,-0.166939,-0.950062,-0.26365,-0.66807,-0.087666,0.738915,0.014803,0.005968,-0.003782,0.042638,-0.066329,0.103348,-0.903016
149,0.089548,0.001024,0.374189,-0.779248,0.139544,-0.61102,0.0157,-0.970213,-0.241686,-0.625578,-0.198108,0.754607,0.015945,0.013594,-0.006538,0.035756,-0.032,0.045796,-1.542623,-0.08615,0.031039,0.345961,0.358103,0.787731,0.501232,-0.875655,0.469642,-0.112247,-0.324247,-0.399704,0.857301,-0.02533,-0.006561,-0.001756,-0.582811,-0.724042,-0.858008,-1.404345,0.049908,0.036857,-0.007963,-0.195808,-0.844503,0.498469,0.888975,-0.367447,-0.27332,0.413981,0.389609,0.822692,-0.012627,-0.003436,-0.000975,-0.231011,-1.608344,0.713862,-0.864422,0.081277,0.023263,-0.052264,-0.72732,0.295065,-0.619629,-0.163581,-0.95137,-0.261027,-0.666517,-0.088491,0.740218,0.007698,0.002124,0.001663,0.003899,-0.028859,0.057157,-0.903996
150,0.090266,0.001366,0.374149,-0.779289,0.140135,-0.610832,0.014226,-0.970439,-0.24087,-0.625563,-0.196579,0.75502,0.01548,0.004654,0.003638,0.001844,-0.027549,0.055343,-1.544752,-0.087275,0.030629,0.345723,0.356742,0.808836,0.467451,-0.884763,0.453137,-0.108604,-0.300088,-0.37586,0.876664,-0.03633,-0.016018,-0.00738,0.344132,-0.87642,0.450342,-1.404395,0.049347,0.036665,-0.008072,-0.19314,-0.86469,0.463689,0.899135,-0.34515,-0.269121,0.392749,0.364942,0.844135,-0.011819,-0.006411,-0.003254,0.378729,-0.966858,0.424352,-0.862789,0.081629,0.023432,-0.052292,-0.727265,0.295615,-0.619431,-0.165047,-0.951334,-0.260232,-0.666215,-0.087023,0.740663,0.014279,0.000667,0.000682,0.003559,-0.030477,0.06045,-0.904812
151,0.090555,0.001455,0.374205,-0.779907,0.136234,-0.610927,0.019481,-0.970237,-0.241313,-0.624651,-0.200281,0.754802,0.015408,0.004457,0.003484,1.014736,0.372537,-1.196087,-1.545347,-0.087938,0.030301,0.345551,0.35411,0.816636,0.455745,-0.888086,0.446362,-0.109537,-0.293303,-0.366983,0.882701,-0.035821,-0.018035,-0.008944,0.228733,-0.692806,0.195025,-1.404333,0.048988,0.036488,-0.008164,-0.192532,-0.871985,0.450082,0.901193,-0.338618,-0.270532,0.388306,0.353525,0.851021,-0.017847,-0.009256,-0.004629,0.245243,-0.714684,0.180556,-0.860013,0.081779,0.023479,-0.052262,-0.728078,0.29327,-0.619591,-0.161568,-0.951814,-0.260662,-0.66618,-0.089676,0.740378,0.007604,0.002052,0.001531,3.382102,1.304774,-4.112264,-0.905465
152,0.091059,0.001546,0.374378,-0.782113,0.136102,-0.608129,0.017869,-0.970526,-0.240277,-0.621936,-0.198968,0.757387,0.015003,0.003173,0.002523,0.076251,0.292132,0.211797,-1.545596,-0.089452,0.02956,0.345053,0.352627,0.825856,0.440008,-0.88792,0.443727,-0.120989,-0.295584,-0.34907,0.889181,-0.037156,-0.010409,-0.019718,0.877081,0.070913,-0.187821,-1.40394,0.048245,0.036121,-0.008406,-0.192856,-0.88015,0.433753,0.899265,-0.335406,-0.280757,0.392592,0.335914,0.856173,-0.017384,-0.011171,-0.006128,2.288779,1.157525,-0.638102,-0.862952,0.082033,0.023526,-0.052174,-0.730061,0.291707,-0.617994,-0.161267,-0.952317,-0.259003,-0.66408,-0.089426,0.742293,0.007403,0.001263,0.001014,0.125139,0.530839,0.302778,-0.904812
153,0.091449,0.001598,0.374622,-0.783545,0.13781,-0.605897,0.016272,-0.970176,-0.241795,-0.620176,-0.199495,0.75869,0.015295,0.004208,0.00327,0.009474,0.005401,0.071452,-1.54771,-0.090731,0.029201,0.344312,0.356788,0.824703,0.438814,-0.880578,0.45374,-0.136518,-0.31212,-0.338744,0.887523,-0.026985,0.005263,-0.025918,0.124858,-0.197259,0.275187,-1.40414,0.047604,0.035928,-0.00878,-0.19663,-0.879685,0.433001,0.890292,-0.345198,-0.297014,0.41075,0.327095,0.851053,-0.018795,-0.004477,-0.009302,0.058366,-0.139119,0.252487,-0.863278,0.082232,0.023551,-0.052053,-0.732118,0.294288,-0.614326,-0.163115,-0.951361,-0.261351,-0.661359,-0.091134,0.744511,0.007647,0.002118,0.001638,0.002344,-0.028233,0.054031,-0.904649
154,0.09172,0.001683,0.374874,-0.788253,0.14081,-0.599061,0.013515,-0.969239,-0.245693,-0.614251,-0.201947,0.76285,0.001187,-0.003532,0.014146,0.072919,0.467993,0.235963,-1.550198,-0.091979,0.029303,0.343435,0.359358,0.817575,0.449917,-0.874136,0.463711,-0.144196,-0.326951,-0.342503,0.880715,-0.027708,0.008039,-0.023791,0.070421,-0.018047,0.349054,-1.403873,0.04697,0.035978,-0.00923,-0.198608,-0.87301,0.445429,0.883811,-0.355963,-0.30359,0.423593,0.33338,0.842273,-0.013875,0.00414,-0.011779,0.076642,-0.037725,0.339612,-0.861319,0.082367,0.023594,-0.051932,-0.735058,0.297207,-0.60939,-0.165105,-0.950209,-0.264276,-0.657593,-0.093645,0.747529,0.007555,0.001827,0.001419,0.118802,0.476603,0.300419,-0.904812
155,0.091825,0.001737,0.375028,-0.790471,0.1405,-0.596205,0.012003,-0.969564,-0.244487,-0.611428,-0.200599,0.765469,0.002245,0.007583,0.005544,0.0169,0.056975,0.059869,-1.550938,-0.092559,0.02947,0.342923,0.362042,0.812442,0.457006,-0.872402,0.468036,-0.140679,-0.328621,-0.348788,0.877621,-0.014679,0.010118,-0.023805,-0.313673,0.518189,0.328534,-1.40412,0.046696,0.036054,-0.009463,-0.200267,-0.869661,0.451201,0.882839,-0.35988,-0.301794,0.424837,0.337899,0.839843,-0.013749,0.003665,-0.01215,-0.001064,0.110754,0.01289,-0.865238,0.082419,0.023616,-0.051853,-0.738713,0.298134,-0.604498,-0.167188,-0.949876,-0.264163,-0.652955,-0.094076,0.75153,0.001084,0.003675,0.002683,0.010483,0.016783,0.040097,-0.904485
156,0.092067,0.001816,0.375388,-0.797296,0.143116,-0.586415,0.007721,-0.968954,-0.247064,-0.602578,-0.201697,0.772169,0.015582,0.005307,0.004034,0.08283,0.327549,0.228429,-1.552217,-0.093488,0.02999,0.341685,0.355952,0.801744,0.4801,-0.869284,0.472638,-0.144546,-0.343227,-0.366904,0.864546,-0.028244,0.013037,-0.036561,-0.161858,0.589097,0.034614,-1.403743,0.046223,0.036328,-0.010083,-0.192305,-0.858653,0.475113,0.879766,-0.365348,-0.304189,0.434774,0.359492,0.825673,-0.007735,0.008107,-0.01784,-0.143183,0.836645,0.119481,-0.864421,0.082535,0.023657,-0.051672,-0.744353,0.301322,-0.595937,-0.170924,-0.94865,-0.26617,-0.64554,-0.096265,0.757634,0.000729,-0.001285,0.007412,0.087026,0.539787,0.274208,-0.904975
157,0.092301,0.001863,0.375825,-0.800364,0.145269,-0.581687,0.005337,-0.968403,-0.249279,-0.598526,-0.202807,0.775025,0.014976,-0.004235,0.013763,0.020686,0.225812,0.153926,-1.552382,-0.094292,0.030614,0.340087,0.368158,0.7547,0.543028,-0.834916,0.525352,-0.163873,-0.409394,-0.394005,0.822813,-0.016542,0.023157,-0.046964,2.337472,3.045878,0.952602,-1.403533,0.045817,0.036636,-0.010878,-0.199602,-0.818123,0.539289,0.849529,-0.418757,-0.320844,0.488321,0.394101,0.778605,-0.013533,0.004469,-0.019981,3.037945,1.26413,4.996953,-0.864748,0.082653,0.023684,-0.051457,-0.747232,0.304075,-0.590916,-0.173177,-0.947554,-0.268606,-0.641602,-0.098378,0.760702,0.001264,0.004315,0.003135,0.078793,0.334805,0.196825,-0.901873
158,0.09239,0.001827,0.376074,-0.800374,0.145527,-0.581609,0.004788,-0.968476,-0.249005,-0.598518,-0.20227,0.775171,0.001469,-0.002545,0.014827,-0.033167,0.007759,0.011152,-1.552823,-0.09471,0.030893,0.33924,0.366084,0.725075,0.583301,-0.81556,0.551854,-0.173935,-0.448448,-0.412957,0.792606,-0.016361,0.022428,-0.047544,-0.36791,1.50356,0.475457,-1.404101,0.045602,0.036782,-0.011322,-0.193739,-0.788477,0.583754,0.8303,-0.448723,-0.330527,0.522557,0.420655,0.741607,-0.008125,0.01105,-0.023884,-0.468174,1.573605,0.584001,-0.856747,0.082703,0.023667,-0.051332,-0.747555,0.30458,-0.590246,-0.173882,-0.94741,-0.26866,-0.641034,-0.098205,0.761202,0.000675,-0.001449,0.007282,-0.037965,-0.014777,-0.000303,-0.902199
159,0.092596,0.001645,0.376556,-0.803577,0.147297,-0.576726,0.002387,-0.968057,-0.250662,-0.594229,-0.202994,0.778276,0.000591,-0.005527,0.01266,-0.032762,0.026212,-0.011923,-1.551795,-0.09549,0.031516,0.337551,0.374346,0.66515,0.64609,-0.780702,0.602042,-0.167285,-0.500686,-0.44262,0.743817,-0.016686,0.023738,-0.046521,-0.446126,2.021297,-0.096764,-1.404206,0.045225,0.037075,-0.012138,-0.199698,-0.734448,0.648619,0.802377,-0.502515,-0.321975,0.562415,0.45614,0.689655,-0.007264,0.006321,-0.0193,2.877104,1.08067,3.701847,-0.84303,0.082807,0.023581,-0.051087,-0.750494,0.306898,-0.585296,-0.176168,-0.946492,-0.270399,-0.636963,-0.099823,0.764403,0.006992,-0.003764,0.005678,-0.037389,-0.032096,0.02772,-0.901546
160,0.092775,0.001495,0.376949,-0.805183,0.148324,-0.574217,0.000826,-0.967903,-0.251266,-0.592056,-0.202982,0.779933,0.000424,-0.006095,0.012247,-0.034741,0.017468,-0.016157,-1.55248,-0.096191,0.032229,0.336143,0.380877,0.617593,0.688115,-0.747158,0.643979,-0.164255,-0.545026,-0.452349,0.705826,-0.016499,0.020274,-0.032504,-0.154045,1.737672,-0.549874,-1.404329,0.044878,0.03742,-0.012857,-0.204798,-0.68936,0.694866,0.774516,-0.548204,-0.315587,0.598482,0.473554,0.646191,-0.014614,0.008703,-0.016558,3.408271,0.611493,2.841773,-0.839438,0.082896,0.023505,-0.050892,-0.7518,0.308083,-0.582992,-0.177606,-0.946074,-0.270921,-0.635021,-0.100136,0.765976,0.00029,-0.002755,0.006331,-0.035815,-0.004314,0.005165,-0.90073
161,0.092929,0.001485,0.37718,-0.805235,0.14838,-0.57413,0.000476,-0.967991,-0.250931,-0.591986,-0.202524,0.780105,0.00109,0.003733,0.002693,0.0,0.0,0.0,-1.552329,-0.096819,0.032798,0.335231,0.383351,0.593578,0.7076,-0.729092,0.664792,-0.162511,-0.567324,-0.454356,0.686707,-0.002677,0.016371,-0.020485,-0.693988,0.484877,-0.332255,-1.402084,0.044557,0.037714,-0.013323,-0.204646,-0.66566,0.717646,0.757829,-0.571783,-0.314259,0.619527,0.479541,0.62147,-0.00795,0.007647,-0.00983,-0.23833,1.185107,-0.565245,-0.841234,0.082973,0.023495,-0.050773,-0.751806,0.308105,-0.582973,-0.177963,-0.94612,-0.270528,-0.634914,-0.099637,0.76613,0.000617,0.002131,0.001535,0.000802,-0.012892,0.025835,-0.900893
162,0.092987,0.001516,0.377253,-0.805222,0.148481,-0.574123,0.000337,-0.967996,-0.250911,-0.592004,-0.202425,0.780117,0.014072,0.000312,0.000364,0.000984,-0.014715,0.029553,-1.552898,-0.097037,0.032918,0.335,0.380178,0.59308,0.709727,-0.726263,0.666569,-0.167818,-0.573061,-0.452396,0.68323,-0.013974,0.00459,-0.011453,-0.052454,0.564102,-0.855065,-1.391183,0.044442,0.037782,-0.013451,-0.201382,-0.66478,0.719383,0.755808,-0.572622,-0.31758,0.623056,0.479761,0.617761,-0.007045,0.00258,-0.005488,-0.025953,0.528523,-0.900044,-0.840254,0.082997,0.023513,-0.050735,-0.751783,0.30818,-0.582963,-0.178086,-0.946106,-0.270496,-0.634906,-0.099537,0.766149,0.000492,0.001702,0.001226,-3.9e-05,-3.7e-05,5.5e-05,-0.899587
163,0.093075,0.001622,0.377367,-0.805293,0.148256,-0.57408,0.000454,-0.968043,-0.250725,-0.591907,-0.20236,0.780207,0.001097,0.003761,0.002708,0.000901,-0.012676,0.025867,-1.552715,-0.097278,0.032921,0.334944,0.378297,0.593727,0.71019,-0.727207,0.665318,-0.16869,-0.573106,-0.45339,0.682533,-0.000395,0.001625,0.001295,-0.553351,-0.273161,0.088616,-1.346915,0.044322,0.037785,-0.013484,-0.197738,-0.665486,0.719741,0.755358,-0.571411,-0.320815,0.624766,0.480226,0.615669,-0.000131,0.000554,0.000449,-0.026368,0.216554,-0.337007,-0.828334,0.083045,0.023561,-0.050682,-0.751895,0.307976,-0.582927,-0.177987,-0.946177,-0.270312,-0.634802,-0.099492,0.766241,0.00048,0.001657,0.00119,-4e-05,-2.2e-05,2.9e-05,-0.899587
164,0.09312,0.001717,0.377411,-0.806822,0.148985,-0.57174,-0.000209,-0.967721,-0.251968,-0.589823,-0.203367,0.781523,0.000312,0.001069,0.000769,3.5e-05,0.000155,7.5e-05,-1.552717,-0.097316,0.03262,0.335219,0.371294,0.598435,0.709935,-0.730751,0.660038,-0.174031,-0.573169,-0.454924,0.681458,-0.010932,-0.013323,0.007802,-0.017037,-0.036021,-0.088583,-1.314721,0.044306,0.037645,-0.013339,-0.192068,-0.669669,0.717393,0.75842,-0.565209,-0.324556,0.622822,0.481748,0.616449,0.000935,-0.00521,0.004235,-0.014605,-0.044671,-0.051535,-0.817231,0.083069,0.023614,-0.050656,-0.753317,0.308978,-0.580556,-0.178579,-0.945699,-0.271591,-0.632947,-0.100919,0.767589,0.000157,0.000542,0.000389,-0.001035,-0.004884,-0.002442,-0.899913
165,0.093125,0.001754,0.377388,-0.806787,0.149064,-0.57177,-0.000202,-0.96769,-0.25209,-0.589872,-0.20346,0.781462,0.000805,0.010306,-0.009207,0.034858,-0.016954,0.016405,-1.553627,-0.097285,0.03229,0.335424,0.368856,0.605404,0.705282,-0.731428,0.657271,-0.1815,-0.573878,-0.44968,0.684336,0.004345,-0.023286,0.014989,0.226931,-0.221235,-0.422711,-1.314626,0.044317,0.037477,-0.013231,-0.189532,-0.675609,0.71248,0.757755,-0.5621,-0.331436,0.624407,0.477068,0.618482,0.002182,-0.011709,0.007442,0.260164,-0.278289,-0.486128,-0.820986,0.083071,0.02363,-0.050664,-0.753255,0.309021,-0.580613,-0.178562,-0.945681,-0.271666,-0.633026,-0.100959,0.767518,-2.5e-05,-8.5e-05,-6.1e-05,-0.000171,-0.000698,-0.000311,-0.89975
166,0.093194,0.001781,0.37732,-0.806738,0.149147,-0.571816,-0.00015,-0.967642,-0.252271,-0.589938,-0.203624,0.781369,-7e-05,-0.000239,-0.000172,0.0,0.0,0.0,-1.556045,-0.097313,0.031384,0.335873,0.36178,0.619554,0.696605,-0.732456,0.651161,-0.198573,-0.577055,-0.439176,0.688473,-0.008197,-0.027432,0.013362,-0.010914,-0.082297,-0.383033,-1.314415,0.044306,0.037034,-0.013012,-0.182761,-0.689242,0.701101,0.755256,-0.554971,-0.348705,0.629433,0.465781,0.621981,0.002408,-0.012666,0.006691,0.005886,-0.202917,-0.171335,-0.8316,0.083105,0.023644,-0.050703,-0.753177,0.309106,-0.580669,-0.178491,-0.945635,-0.27187,-0.633138,-0.101122,0.767403,0.006555,-0.001477,-0.000997,0.000956,-0.014739,0.02957,-0.900077
167,0.093329,0.0018,0.377285,-0.806806,0.14884,-0.5718,0.000141,-0.967667,-0.252176,-0.589845,-0.203731,0.781412,0.000158,0.000545,0.000392,0.0,0.0,0.0,-1.559027,-0.097579,0.0303,0.336339,0.344498,0.627167,0.698551,-0.732533,0.644955,-0.217627,-0.587427,-0.437532,0.680704,-0.007685,-0.029742,0.011545,0.453981,0.617411,-0.673102,-1.310215,0.044172,0.036495,-0.012776,-0.165493,-0.694542,0.700158,0.751884,-0.54827,-0.366153,0.638185,0.465843,0.612951,-0.003915,-0.014606,0.005988,1.733111,1.607442,-1.417694,-0.83356,0.083173,0.023652,-0.050721,-0.753301,0.308818,-0.58066,-0.178212,-0.945716,-0.27177,-0.633069,-0.101244,0.767445,0.000102,0.000349,0.00025,-0.0062,0.087562,-0.178457,-0.900077
168,0.093425,0.001896,0.377231,-0.806806,0.148707,-0.571836,0.000401,-0.967636,-0.252294,-0.589845,-0.203974,0.781348,0.000205,0.000707,0.000509,0.0,0.0,0.0,-1.560811,-0.097919,0.029147,0.3367,0.318654,0.62759,0.710339,-0.730375,0.640242,-0.237856,-0.604436,-0.443812,0.661476,-0.019969,-0.035382,0.008711,0.361274,0.898635,-0.535372,-1.229917,0.04401,0.035931,-0.012594,-0.140101,-0.693185,0.707012,0.746618,-0.542959,-0.384391,0.650332,0.474014,0.593613,-0.003555,-0.016221,0.004705,-0.195028,0.560016,0.220097,-0.815108,0.08322,0.023701,-0.050748,-0.753326,0.308688,-0.580698,-0.177949,-0.945734,-0.271884,-0.633114,-0.101482,0.767376,0.000127,0.000432,0.000309,4e-06,-3e-06,2.5e-05,-0.90024
169,0.093497,0.00195,0.37722,-0.807446,0.147326,-0.57129,4.1e-05,-0.96827,-0.249851,-0.58897,-0.201955,0.782531,0.013897,-0.000217,-2.5e-05,0.001399,-0.027169,0.055136,-1.561582,-0.098191,0.028594,0.33676,0.300969,0.624203,0.720957,-0.728095,0.638662,-0.248843,-0.616125,-0.450819,0.645767,-0.019448,-0.037782,0.006788,1.604671,2.063706,-1.491918,-1.14415,0.043862,0.035635,-0.012559,-0.119313,-0.687649,0.716171,0.741947,-0.541074,-0.395919,0.659755,0.484124,0.574757,-0.009674,-0.019133,0.003204,1.580433,2.067432,-1.46701,-0.772816,0.08325,0.023725,-0.050756,-0.754267,0.307373,-0.580173,-0.17845,-0.946356,-0.269378,-0.631851,-0.099651,0.768656,0.000174,0.000597,0.000426,0.00385,-0.002003,0.002242,-0.89975
170,0.093644,0.002032,0.377267,-0.807281,0.147915,-0.57137,-0.000377,-0.96818,-0.250199,-0.589195,-0.201958,0.782361,0.000871,0.003003,0.002157,0.0,0.0,0.0,-1.566642,-0.098708,0.027633,0.336623,0.279778,0.599262,0.750067,-0.705478,0.658238,-0.262596,-0.651408,-0.456444,0.605962,-0.010003,-0.015327,-0.010664,0.22957,1.493321,-0.315802,-1.038156,0.043611,0.035169,-0.012624,-0.0992,-0.663445,0.741618,0.719862,-0.562396,-0.406825,0.68699,0.493506,0.53338,-0.011465,-0.009117,-0.005659,-0.226735,0.767649,-0.070773,-0.707663,0.083324,0.023765,-0.050732,-0.753971,0.307952,-0.580251,-0.178827,-0.946168,-0.269787,-0.632097,-0.099647,0.768454,0.000382,0.001322,0.000947,8.6e-05,-4.9e-05,6.2e-05,-0.898607
171,0.093733,0.002146,0.377375,-0.807306,0.147847,-0.571352,-0.000359,-0.9682,-0.250123,-0.589161,-0.201912,0.782399,0.001158,0.003997,0.002867,0.000896,-0.012695,0.025857,-1.571322,-0.098943,0.02685,0.336322,0.249655,0.582451,0.773572,-0.698285,0.661765,-0.272762,-0.671076,-0.472812,0.570937,-0.010029,-0.01539,-0.010764,-0.243467,0.971137,0.094005,-0.931569,0.043488,0.034756,-0.012783,-0.064436,-0.643481,0.762745,0.710891,-0.566009,-0.417452,0.700343,0.51533,0.493916,-0.005003,-0.007753,-0.005427,-0.2661,1.053852,0.185361,-0.680066,0.083374,0.023822,-0.050679,-0.753997,0.307913,-0.580238,-0.178831,-0.946185,-0.269725,-0.632065,-0.099607,0.768486,0.000451,0.001567,0.001123,-1.1e-05,-1.3e-05,-1e-06,-0.89877
172,0.093729,0.002198,0.377424,-0.80736,0.147665,-0.571324,-0.000241,-0.968231,-0.250001,-0.589088,-0.201895,0.782458,0.000884,0.003052,0.002188,0.000896,-0.012695,0.025857,-1.576134,-0.099041,0.026568,0.336126,0.241971,0.573794,0.782433,-0.688355,0.669851,-0.278208,-0.68402,-0.471998,0.556055,-0.010379,-0.013964,-0.009631,-0.145179,0.675776,-0.340715,-0.789313,0.043442,0.034622,-0.012876,-0.057094,-0.633257,0.771832,0.701235,-0.575724,-0.420487,0.710639,0.517229,0.476933,-0.005289,-0.006539,-0.004451,-0.180406,0.759235,-0.277763,-0.651327,0.083372,0.02385,-0.050653,-0.754085,0.307744,-0.580214,-0.178723,-0.94624,-0.269602,-0.631991,-0.099605,0.768547,0.000323,0.001126,0.000808,-1.2e-05,-4e-06,-1e-06,-0.89975
173,0.093648,0.002243,0.377456,-0.807396,0.147534,-0.571307,-0.000145,-0.96825,-0.249928,-0.589038,-0.2019,0.782494,5e-06,1.9e-05,1.4e-05,0.0,0.0,0.0,-1.579562,-0.099016,0.026493,0.335861,0.236017,0.552651,0.79929,-0.673458,0.685996,-0.275312,-0.700726,-0.474007,0.53307,-0.001692,0.009814,-0.009029,1.24084,0.08494,0.788554,-0.455914,0.043455,0.034559,-0.013022,-0.04907,-0.612867,0.78866,0.689973,-0.591721,-0.416896,0.722169,0.523698,0.451897,0.006667,0.000854,-0.000141,4.286632,-0.963437,2.857435,-0.506325,0.083333,0.023878,-0.050633,-0.754135,0.307642,-0.580202,-0.178648,-0.946272,-0.26954,-0.631952,-0.099618,0.768578,-2.7e-05,-8.9e-05,-6.4e-05,0.0,-4e-06,6e-06,-0.900567
174,0.093586,0.002211,0.377432,-0.805918,0.146595,-0.573631,0.000703,-0.968589,-0.248609,-0.591057,-0.200952,0.781215,-0.000273,-0.00094,-0.000674,-7.9e-05,-0.000348,-0.000168,-1.582685,-0.098478,0.027094,0.335896,0.232723,0.534239,0.812662,-0.672629,0.691951,-0.262121,-0.702618,-0.486292,0.519337,0.008938,0.02254,-0.000396,-1.618143,-1.17425,1.778991,-0.188418,0.043724,0.034862,-0.013009,-0.045545,-0.594539,0.802775,0.690551,-0.599424,-0.404758,0.721847,0.535923,0.43786,0.004359,0.011747,0.000181,-1.614245,-1.23452,1.721228,-0.407371,0.083302,0.02386,-0.050646,-0.752781,0.306456,-0.582583,-0.177891,-0.9468,-0.268184,-0.633777,-0.098248,0.767249,-0.000182,-0.000624,-0.000446,0.001448,0.006893,0.003496,-0.900566
175,0.093562,0.002193,0.377432,-0.805949,0.146492,-0.573612,0.000762,-0.968609,-0.248532,-0.591014,-0.200932,0.781253,-0.013286,0.002284,0.001511,-0.000985,0.01471,-0.029555,-1.585938,-0.098117,0.027448,0.335988,0.235601,0.524163,0.818375,-0.67537,0.69383,-0.249821,-0.699023,-0.494508,0.516422,0.011099,0.010686,0.00696,-0.244568,0.305002,0.280186,-0.098355,0.04389,0.035034,-0.012958,-0.048866,-0.586127,0.808743,0.695262,-0.601293,-0.393772,0.717093,0.543047,0.436895,0.005525,0.005437,0.003545,-1.684583,-0.857745,1.95308,-0.388103,0.083294,0.023848,-0.050648,-0.752853,0.306405,-0.582517,-0.177868,-0.946815,-0.268146,-0.633698,-0.098264,0.767313,-6e-05,-0.000204,-0.000146,0.000213,0.001002,0.000492,-0.900403
176,0.093559,0.002179,0.377434,-0.805962,0.146457,-0.573603,0.000772,-0.968619,-0.248493,-0.590996,-0.200909,0.781273,0.000176,0.000607,0.000435,-0.0,-0.0,-0.0,-1.597935,-0.097552,0.027998,0.336055,0.241059,0.508985,0.826327,-0.680811,0.695481,-0.229642,-0.69185,-0.507856,0.513117,0.009956,0.017988,-0.004096,-0.089916,0.32529,0.148046,-0.014859,0.044178,0.035325,-0.012913,-0.055168,-0.571493,0.818749,0.704337,-0.603487,-0.37378,0.707718,0.556055,0.435817,0.005108,0.008459,-0.002488,-0.20677,0.288241,0.272993,-0.24751,0.083287,0.02384,-0.050648,-0.752889,0.306353,-0.582498,-0.177847,-0.946833,-0.268098,-0.633662,-0.098253,0.767344,0.000106,0.000368,0.000264,9e-06,0.0,-7e-06,-0.90122
177,0.093563,0.002169,0.377477,-0.805976,0.146461,-0.573583,0.000704,-0.968638,-0.248418,-0.590978,-0.200813,0.781311,0.000309,0.001063,0.000762,-0.0,-0.0,-0.0,-1.603229,-0.097194,0.028361,0.335862,0.229509,0.49216,0.8397,-0.682288,0.696618,-0.221676,-0.694306,-0.52266,0.4946,0.011542,0.011321,-0.009479,-0.151377,0.807146,0.355548,0.012764,0.044356,0.035516,-0.013002,-0.043912,-0.556002,0.83002,0.706818,-0.604442,-0.367501,0.70603,0.570536,0.419534,0.000422,-0.001743,-0.001415,-0.083752,0.342415,-0.058743,-0.18448,0.083289,0.023835,-0.050627,-0.752902,0.306359,-0.582479,-0.177918,-0.94684,-0.268024,-0.633627,-0.098163,0.767385,-0.000184,-0.004403,0.005141,-0.033956,0.004245,0.009442,-0.901383
178,0.093536,0.002197,0.377472,-0.806013,0.146296,-0.573572,0.000858,-0.968652,-0.248364,-0.590926,-0.200867,0.781336,0.000248,0.000855,0.000613,-0.0,-0.0,-0.0,-1.608111,-0.096845,0.028544,0.335595,0.213142,0.477561,0.852348,-0.676673,0.701443,-0.223664,-0.704922,-0.529689,0.471569,0.000851,-0.003518,-0.002847,-0.08993,0.446704,0.01471,0.011934,0.044535,0.035608,-0.013143,-0.026788,-0.538253,0.842356,0.701707,-0.610281,-0.367646,0.711961,0.581239,0.394044,0.005792,0.005581,-0.00481,-0.061913,0.452493,0.10872,-0.168477,0.083276,0.02385,-0.050629,-0.75297,0.306205,-0.582472,-0.177771,-0.946884,-0.267969,-0.633587,-0.098226,0.76741,0.000165,0.000567,0.000405,4e-06,-5e-06,-1.3e-05,-0.901383
179,0.093529,0.002214,0.377471,-0.806046,0.146165,-0.573561,0.00097,-0.968666,-0.248309,-0.590882,-0.200895,0.781362,0.000156,0.000538,0.000385,-0.0,-0.0,-0.0,-1.613292,-0.096705,0.028622,0.335485,0.203566,0.468915,0.85946,-0.671169,0.705949,-0.226058,-0.71296,-0.531415,0.457329,-0.001357,0.008294,-0.010233,-0.061685,0.658375,0.142397,0.011424,0.044607,0.035639,-0.013197,-0.017423,-0.530047,0.847789,0.696273,-0.61496,-0.370171,0.717565,0.583843,0.379771,0.006893,-0.000318,-0.001115,-0.009582,0.85693,0.320974,-0.166518,0.083272,0.023859,-0.050629,-0.753027,0.306082,-0.582463,-0.177664,-0.94692,-0.267913,-0.63355,-0.098263,0.767436,0.0001,0.000344,0.000247,8e-06,3e-06,-3e-06,-0.901873
180,0.093538,0.002281,0.377444,-0.806761,0.144483,-0.572981,0.000866,-0.969322,-0.245736,-0.589906,-0.198935,0.7826,2.1e-05,7.1e-05,5.1e-05,-0.0,0.0,-0.0,-1.620089,-0.096514,0.028704,0.335361,0.19693,0.452695,0.869642,-0.649028,0.72502,-0.230308,-0.734981,-0.519638,0.435479,0.013202,0.001771,-0.000268,0.311923,1.059536,-0.338814,0.01732,0.044698,0.03568,-0.013265,-0.011858,-0.51413,0.857629,0.676112,-0.63603,-0.371938,0.736703,0.575444,0.355151,0.000129,-0.000523,-0.00043,1.316594,2.131494,-1.634409,-0.164231,0.083277,0.023894,-0.050641,-0.754061,0.304553,-0.581926,-0.17794,-0.947589,-0.265349,-0.632241,-0.096542,0.768733,0.0004,0.005149,-0.004606,0.035439,-0.017255,0.01674,-0.902689
181,0.093543,0.002382,0.37733,-0.80811,0.144103,-0.571173,-0.005131,-0.971268,-0.237877,-0.588037,-0.189487,0.786342,-0.000182,-0.000627,-0.000449,-0.005334,0.002694,-0.003056,-1.61977,-0.096343,0.028682,0.335284,0.197382,0.44012,0.875972,-0.627347,0.743338,-0.231989,-0.75346,-0.504302,0.421711,0.013701,-0.000263,-0.001919,-0.097151,0.461243,0.309431,0.072043,0.044787,0.035674,-0.0133,-0.011678,-0.501937,0.864824,0.656147,-0.656482,-0.372157,0.754542,0.563107,0.337011,0.006847,-0.000126,-0.000961,-0.092594,0.58305,0.421288,-0.122919,0.08328,0.023945,-0.050698,-0.755513,0.304384,-0.580129,-0.184374,-0.94851,-0.257553,-0.628653,-0.087624,0.772733,-0.000102,-0.000357,-0.000255,0.002027,-0.001079,0.001012,-0.900403
182,0.093553,0.002489,0.377245,-0.808322,0.138929,-0.572155,-0.003826,-0.972948,-0.230935,-0.587756,-0.184662,0.787699,0.000208,0.000718,0.000514,-0.030024,-0.044624,-0.036177,-1.619839,-0.096262,0.028643,0.335244,0.198386,0.436375,0.877616,-0.618124,0.750599,-0.23336,-0.760786,-0.496731,0.417522,0.000762,-0.003127,-0.002538,-0.065143,0.305799,0.201045,0.10039,0.044828,0.035655,-0.01332,-0.012741,-0.498294,0.866914,0.647667,-0.664649,-0.372515,0.761816,0.556725,0.331197,0.006937,-0.000488,-0.001254,-0.069813,0.462157,0.337796,-0.090424,0.083284,0.023996,-0.050742,-0.756534,0.299241,-0.581473,-0.183473,-0.950577,-0.25048,-0.627689,-0.082812,0.774046,0.000122,0.000413,0.000296,-0.016321,-0.021839,-0.018618,-0.900403
183,0.093547,0.002788,0.376987,-0.812638,0.136026,-0.566711,-0.017555,-0.97762,-0.209575,-0.581527,-0.160537,0.797547,0.000752,0.010131,-0.009323,0.019538,0.068939,-0.152117,-1.618319,-0.096203,0.028403,0.335036,0.194924,0.433552,0.879789,-0.602149,0.760955,-0.241451,-0.774373,-0.483247,0.408268,0.002068,-0.008482,-0.0069,0.153416,0.146348,-0.17421,0.126931,0.044855,0.035542,-0.013418,-0.009032,-0.494104,0.869355,0.632052,-0.676515,-0.377936,0.774872,0.546065,0.31841,0.001077,-0.004417,-0.003596,0.574517,0.356784,-0.435357,-0.035069,0.083281,0.024143,-0.050867,-0.761526,0.297353,-0.575898,-0.198458,-0.952847,-0.229556,-0.617002,-0.060522,0.78463,0.000372,0.005036,-0.004678,0.012936,0.057586,-0.120435,-0.891422
184,0.093419,0.003245,0.376604,-0.810651,0.144229,-0.567529,-0.031516,-0.978501,-0.203748,-0.583708,-0.147469,0.798477,0.000801,0.010288,-0.009205,-0.06407,0.007969,-0.058597,-1.61656,-0.096239,0.027955,0.334498,0.19455,0.426155,0.883477,-0.566156,0.784303,-0.253515,-0.801162,-0.451404,0.39273,0.004143,-0.017016,-0.013914,-0.009286,0.110323,0.009023,0.136657,0.044835,0.035327,-0.013679,-0.00873,-0.486971,0.873374,0.596889,-0.703278,-0.386164,0.802276,0.517936,0.296807,-0.00538,-0.004606,-0.011416,0.040554,0.103941,0.018455,-0.012861,0.083217,0.024371,-0.051059,-0.757818,0.304941,-0.57682,-0.21227,-0.951195,-0.223981,-0.61697,-0.047295,0.785563,0.00041,0.005154,-0.004591,-0.257532,-0.039107,0.234561,-0.903832
185,0.093374,0.00353,0.376311,-0.810674,0.147689,-0.566605,-0.037852,-0.97883,-0.201075,-0.5833,-0.14175,0.79981,0.000159,0.00808,-0.010784,-0.905444,-0.33763,1.316599,-1.613919,-0.096168,0.027339,0.333671,0.191626,0.423236,0.885518,-0.528242,0.804894,-0.27026,-0.827339,-0.416515,0.376681,0.003646,-0.012254,-0.027201,0.06871,0.091421,-0.017533,0.138846,0.044871,0.035016,-0.014088,-0.005815,-0.483807,0.875155,0.559137,-0.727149,-0.39827,0.829054,0.487016,0.274743,0.002882,-0.011813,-0.009732,0.140969,0.061193,-0.017457,-0.0029,0.083196,0.024519,-0.051202,-0.757899,0.30708,-0.575577,-0.217018,-0.950714,-0.22146,-0.615216,-0.042934,0.787188,-0.000167,-0.000472,-0.000392,-3.13303,-1.021283,4.244808,-0.898607
186,0.093377,0.003516,0.376276,-0.809921,0.152037,-0.566531,-0.043276,-0.978649,-0.20086,-0.583968,-0.13836,0.799916,-0.000409,-0.001407,-0.001009,-0.281785,-0.099905,0.397868,-1.610705,-0.096077,0.026955,0.333163,0.18921,0.421212,0.887001,-0.511769,0.81324,-0.276888,-0.838177,-0.402085,0.368307,0.00674,-0.027671,-0.022918,-0.01504,0.108715,-0.073095,0.138436,0.044915,0.034833,-0.014342,-0.003431,-0.481508,0.876434,0.542704,-0.737037,-0.4028,0.839916,0.474263,0.263845,0.002266,-0.007908,-0.015117,0.015133,0.063148,-0.052649,-0.001921,0.083197,0.024512,-0.051225,-0.755971,0.312173,-0.575373,-0.223497,-0.949234,-0.221366,-0.615269,-0.038753,0.787364,-0.000256,-0.000883,-0.000636,-0.947044,-0.333025,1.341896,-0.899587
187,0.09332,0.003429,0.376287,-0.809866,0.152278,-0.566545,-0.043553,-0.978633,-0.200877,-0.584024,-0.138206,0.799901,-0.000154,-0.00053,-0.00038,-0.0,-0.0,-0.0,-1.596489,-0.095841,0.026134,0.331884,0.180274,0.411102,0.893582,-0.472648,0.832922,-0.287713,-0.862756,-0.371006,0.343324,0.006145,-0.022447,-0.036061,1.304941,2.00941,-1.658697,0.13881,0.045033,0.034418,-0.014978,0.002093,-0.471381,0.881926,0.505458,-0.760473,-0.407665,0.862848,0.44663,0.236672,0.003128,-0.01141,-0.018183,0.376795,0.593971,0.591563,-0.000614,0.083167,0.024466,-0.051221,-0.755718,0.312783,-0.575374,-0.224243,-0.949052,-0.221392,-0.615308,-0.038287,0.787356,-6.4e-05,-0.000225,-0.000161,0.000442,0.000161,-0.000618,-0.898934
188,0.093161,0.00337,0.376281,-0.810547,0.157549,-0.564124,-0.049718,-0.978142,-0.201834,-0.582587,-0.135753,0.801368,-0.013959,-7.2e-05,-0.000184,-0.001708,0.028078,-0.055085,-1.591129,-0.095558,0.025288,0.330308,0.173831,0.395267,0.901963,-0.423433,0.856925,-0.293797,-0.889228,-0.331356,0.315182,0.007244,-0.026865,-0.040198,5.052481,-1.13369,1.991405,0.137695,0.045174,0.033995,-0.015767,0.013341,-0.456186,0.889784,0.462123,-0.786312,-0.410066,0.886714,0.416661,0.200323,0.002543,-0.007585,-0.023806,0.408703,0.502621,0.525025,-0.000778,0.083095,0.024441,-0.051221,-0.755457,0.318117,-0.572787,-0.230225,-0.947358,-0.222502,-0.613417,-0.036221,0.788927,-0.000227,-0.000776,-0.000555,-0.001899,-0.008298,-0.004602,-0.899424
