frame,MLTx,MLTy,MLTz,MLTR1,MLTR2,MLTR3,MLTR4,MLTR5,MLTR6,MLTR7,MLTR8,MLTR9,MLTTVx,MLTTVy,MLTTVz,MLTRVx,MLTRVy,MLTRVz,MLGA,MRTx,MRTy,MRTz,MRTR1,MRTR2,MRTR3,MRTR4,MRTR5,MRTR6,MRTR7,MRTR8,MRTR9,MRTTVx,MRTTVy,MRTTVz,MRTRVx,MRTRVy,MRTRVz,MRGA,SLTx,SLTy,SLTz,SLTR1,SLTR2,SLTR3,SLTR4,SLTR5,SLTR6,SLTR7,SLTR8,SLTR9,SLTTVx,SLTTVy,SLTTVz,SLTRVx,SLTRVy,SLTRVz,SLGA,SRTx,SRTy,SRTz,SRTR1,SRTR2,SRTR3,SRTR4,SRTR5,SRTR6,SRTR7,SRTR8,SRTR9,SRTTVx,SRTTVy,SRTTVz,SRTRVx,SRTRVy,SRTRVz,SRGA
802,0.030206,0.040964,0.388306,-0.360723,-0.470667,-0.805231,0.263425,-0.879607,0.396068,-0.894256,-0.068668,0.442287,-0.000476,-0.000918,-0.000595,-0.351754,-0.661539,-0.116573,0.157651,-0.131282,0.088512,0.335553,0.959719,-0.280449,0.016704,0.281044,0.957645,-0.062157,0.000215,0.064684,0.997837,0.001778,-0.011941,0.006737,-0.036681,0.009011,-0.018563,-0.70211,0.02434,0.059931,-0.015515,-0.948513,0.272211,0.161935,-0.289857,-0.952108,-0.09732,0.127689,-0.139247,0.98199,-0.003831,-0.012834,0.006661,-0.075858,0.032916,-0.067679,-0.828334,0.053145,0.042105,-0.047152,-0.410794,-0.34659,-0.843281,0.059099,-0.933103,0.354717,-0.90981,0.095878,0.403796,-0.006166,0.00181,0.001041,-0.023688,-0.036359,-0.062464,0.014187
803,0.030092,0.041007,0.388296,-0.347586,-0.475782,-0.807998,0.27063,-0.875948,0.399308,-0.897316,-0.079289,0.434239,-0.010369,0.014119,-0.006858,-0.132379,-0.269262,-0.149974,0.15172,-0.131293,0.088237,0.335695,0.960039,-0.279311,0.017369,0.279953,0.95802,-0.061305,-0.000737,0.064052,0.997878,-0.009396,-0.013962,0.006454,-0.038723,0.024207,-0.047817,-0.705762,0.024339,0.059794,-0.015444,-0.948749,0.271027,0.162535,-0.288666,-0.952539,-0.096642,0.128629,-0.138607,0.981958,0.000915,-0.006178,0.003248,-0.036923,0.009046,-0.019634,-0.836172,0.053093,0.042123,-0.047154,-0.397229,-0.355034,-0.846261,0.065985,-0.930798,0.359527,-0.915344,0.086974,0.393167,-0.006127,0.001885,0.00109,-0.226728,-0.44248,-0.0404,0.011575
804,0.029713,0.041241,0.38825,-0.313396,-0.489846,-0.81356,0.288716,-0.865301,0.409717,-0.904284,-0.105881,0.413626,-0.010442,0.013965,-0.006958,-0.452561,-0.881172,-0.240735,0.138705,-0.131256,0.087875,0.335906,0.960695,-0.276949,0.018884,0.277691,0.958759,-0.060027,-0.002702,0.063243,0.997926,-0.0,2e-06,1e-06,-0.0,0.0,0.0,-0.691905,0.024353,0.059607,-0.015336,-0.949228,0.268486,0.163954,-0.28619,-0.953381,-0.095703,0.130616,-0.137766,0.981814,0.000884,-0.005974,0.003373,-0.054006,0.131163,-0.175337,-0.837479,0.052904,0.042242,-0.047175,-0.368769,-0.374411,-0.850779,0.086253,-0.925121,0.369742,-0.92551,0.062967,0.37345,-0.006171,0.001796,0.001036,-0.246965,-0.372467,-0.226705,-0.003775
805,0.029532,0.041424,0.388223,-0.289344,-0.497126,-0.818041,0.297825,-0.858922,0.416563,-0.909359,-0.122491,0.397603,0.000395,0.000758,0.000491,-0.137331,-0.221101,-0.11364,0.140402,-0.13127,0.087559,0.336036,0.960008,-0.279153,0.021218,0.280033,0.958145,-0.058944,-0.005096,0.062863,0.997941,0.00039,-0.002457,-0.001463,-0.019666,0.139663,-0.178743,-0.668956,0.024349,0.05946,-0.015271,-0.948206,0.270685,0.166234,-0.288532,-0.952815,-0.094295,0.132866,-0.137375,0.981567,0.000115,-0.000732,-0.000436,-0.016929,0.122027,-0.156835,-0.831763,0.052809,0.042337,-0.047192,-0.343755,-0.387653,-0.85531,0.094936,-0.920496,0.379042,-0.934247,0.049098,0.353228,0.001206,0.005658,-0.00419,-0.097988,-0.230497,-0.092677,-0.011449
806,0.029547,0.041508,0.388195,-0.272751,-0.502911,-0.820203,0.309905,-0.853003,0.419901,-0.91047,-0.139038,0.389538,0.002431,0.01137,-0.008359,1.15506,-1.102839,-0.829687,0.142988,-0.131286,0.087384,0.33607,0.960476,-0.277447,0.022359,0.2784,0.95865,-0.058462,-0.006435,0.062708,0.997942,-0.010644,-0.005477,-0.002347,-0.021696,0.154808,-0.208036,-0.660142,0.024338,0.059367,-0.015252,-0.948564,0.268705,0.167399,-0.286673,-0.9534,-0.094055,0.134325,-0.137207,0.981392,-0.005311,-0.00282,-0.001222,-0.021742,0.154833,-0.208577,-0.829641,0.052817,0.04238,-0.047206,-0.329802,-0.395946,-0.857004,0.107717,-0.91765,0.382511,-0.937884,0.033839,0.345293,0.001239,0.005735,-0.004149,1.119665,-1.179418,-0.875607,-0.009163
807,0.029581,0.041609,0.388225,-0.249973,-0.510934,-0.8225,0.331691,-0.843248,0.422951,-0.90936,-0.16646,0.38129,0.000931,0.001785,0.001157,4.39016,-2.589864,-2.237074,0.143425,-0.131394,0.087083,0.335965,0.961168,-0.274638,0.026875,0.275889,0.95932,-0.059367,-0.010699,0.064804,0.997772,-0.010254,-0.008019,-0.003868,-0.004529,0.03287,-0.051876,-0.64782,0.024287,0.059218,-0.015303,-0.948668,0.265582,0.171739,-0.284325,-0.953976,-0.09533,0.138518,-0.139266,0.980518,0.00047,-0.002972,-0.001771,-0.001082,-0.001992,-0.000401,-0.83013,0.052834,0.042431,-0.047191,-0.311676,-0.406424,-0.858881,0.126122,-0.913603,0.386551,-0.94178,0.012155,0.336007,0.000587,0.001118,0.000729,-0.234415,-0.372142,-0.189848,-0.006551
808,0.029488,0.041611,0.38833,-0.234714,-0.517242,-0.823052,0.356104,-0.833588,0.422247,-0.9042,-0.193348,0.380876,-0.011843,0.004547,0.002669,4.547601,-2.3189,-2.134502,0.143651,-0.13151,0.086889,0.335809,0.961506,-0.273366,0.027708,0.274674,0.959666,-0.059407,-0.011573,0.065058,0.997746,0.000894,-0.005674,-0.003395,-0.002482,0.017668,-0.022628,-0.637669,0.024226,0.059117,-0.015383,-0.94891,0.264217,0.172502,-0.283092,-0.954321,-0.095546,0.139378,-0.139498,0.980363,-0.006117,0.002607,-0.004931,0.034546,0.006195,-0.010918,-0.819517,0.052794,0.042433,-0.047137,-0.297531,-0.416045,-0.859291,0.151797,-0.909218,0.387658,-0.942566,-0.015098,0.333675,-1.3e-05,-3.2e-05,-1.3e-05,0.000342,0.005375,0.003817,-0.005897
809,0.029446,0.041495,0.388431,-0.231741,-0.518118,-0.823344,0.360583,-0.831833,0.421906,-0.903195,-0.198473,0.380624,-6.2e-05,-0.000118,-7.7e-05,0.003317,-0.0017,-0.001533,0.139499,-0.131612,0.086769,0.335674,0.96191,-0.271833,0.028751,0.273213,0.960079,-0.059477,-0.012658,0.065392,0.997711,0.000543,-0.003458,-0.002072,-0.0,0.0,0.0,-0.639046,0.024176,0.059054,-0.015453,-0.949163,0.262724,0.173391,-0.281759,-0.954687,-0.095827,0.140359,-0.13981,0.980179,-0.005402,-0.002304,-0.000917,-0.002108,0.015232,-0.029417,-0.816414,0.052768,0.042376,-0.047086,-0.292151,-0.419493,-0.85946,0.161771,-0.907394,0.387899,-0.94259,-0.02571,0.332958,-4.5e-05,-9.2e-05,-5.7e-05,0.009839,-0.004048,-0.003274,-0.007367
810,0.029446,0.04147,0.388474,-0.225671,-0.521098,-0.823149,0.370356,-0.827388,0.422182,-0.900782,-0.208943,0.380739,0.000562,0.001077,0.000697,2.7e-05,-1.4e-05,-1.2e-05,0.135556,-0.131641,0.086738,0.335627,0.96217,-0.270839,0.029449,0.272266,0.960348,-0.059479,-0.013395,0.065571,0.997689,0.000272,-0.00173,-0.001037,0.0,0.0,0.0,-0.638834,0.024166,0.059036,-0.015478,-0.949332,0.26168,0.174042,-0.280822,-0.954949,-0.09597,0.141089,-0.139982,0.980049,0.000178,-0.001123,-0.000673,-5.8e-05,1.4e-05,-0.000142,-0.816414,0.052766,0.04236,-0.047067,-0.286834,-0.423677,-0.859199,0.17222,-0.905079,0.388807,-0.942372,-0.036448,0.332573,-0.000538,-0.004392,0.005023,-0.032832,0.011237,0.014069,-0.010959
811,0.029277,0.04146,0.388594,-0.200894,-0.531923,-0.822645,0.409012,-0.808604,0.422896,-0.889893,-0.25086,0.381035,-0.011869,0.004504,0.002639,0.035931,-0.004262,-0.046652,0.135424,-0.131598,0.086682,0.335601,0.962671,-0.268896,0.03085,0.270416,0.960881,-0.059297,-0.014921,0.065747,0.997656,0.000249,-0.001583,-0.000949,0.0,0.0,0.0,-0.637267,0.024183,0.05901,-0.015489,-0.949679,0.259483,0.175433,-0.278828,-0.955522,-0.096079,0.1427,-0.14016,0.979791,0.000129,-0.000824,-0.000494,-0.002534,0.017687,-0.022722,-0.815598,0.052688,0.042357,-0.047006,-0.264819,-0.439421,-0.858358,0.21382,-0.894737,0.392077,-0.940292,-0.079705,0.330901,-0.005942,0.002228,0.001317,0.122409,-0.046562,-0.083569,-0.016348
812,0.028726,0.041464,0.388786,-0.170103,-0.537519,-0.825944,0.444321,-0.789952,0.422524,-0.87936,-0.29445,0.374236,-0.02449,0.007597,0.00436,-0.185568,-0.857848,0.40849,0.139536,-0.131605,0.086619,0.335565,0.963097,-0.26687,0.034887,0.26868,0.961297,-0.060449,-0.018628,0.06791,0.997449,0.00027,-0.001722,-0.001033,0.00089,0.001805,7.7e-05,-0.638996,0.024179,0.05898,-0.015507,-0.949576,0.257145,0.179389,-0.277259,-0.955834,-0.097503,0.146394,-0.142324,0.978934,0.000166,-0.001058,-0.000634,-0.000137,-0.000285,0.00012,-0.815108,0.052417,0.042358,-0.046911,-0.238238,-0.451066,-0.860105,0.253323,-0.883809,0.39333,-0.937587,-0.124178,0.324822,-0.007292,-0.003808,0.005291,0.318896,-1.363358,2.306532,-0.013736
813,0.028418,0.041483,0.388851,-0.166752,-0.536039,-0.827587,0.448768,-0.788617,0.420311,-0.877746,-0.300647,0.373095,-0.013007,0.002356,0.001243,-0.005892,0.006753,-0.03363,0.14004,-0.131603,0.086604,0.335556,0.963225,-0.26636,0.035248,0.268195,0.961434,-0.060412,-0.019021,0.067962,0.997438,0.000139,-0.000886,-0.000532,0.0,0.0,0.0,-0.640179,0.02418,0.058971,-0.015512,-0.949666,0.256615,0.17967,-0.276768,-0.955975,-0.097513,0.146738,-0.142332,0.978881,8.1e-05,-0.000511,-0.000307,-0.000477,-0.000911,-7.3e-05,-0.815598,0.052254,0.042371,-0.046876,-0.231783,-0.450326,-0.862253,0.256836,-0.883269,0.392262,-0.938248,-0.130538,0.320387,-0.00654,0.001109,0.000593,0.006462,0.03516,-0.02562,-0.012103
814,0.027895,0.041635,0.388868,-0.157386,-0.531683,-0.832218,0.456733,-0.786356,0.415944,-0.875376,-0.313984,0.367639,-0.010667,0.013508,-0.007267,-0.089452,-0.306749,0.054221,0.158327,-0.131553,0.086621,0.335551,0.963424,-0.265555,0.035855,0.267432,0.961649,-0.060374,-0.019672,0.068071,0.997418,0.011269,0.001716,0.000105,0.002045,-0.015205,0.029245,-0.639131,0.024201,0.058979,-0.015515,-0.949794,0.255741,0.180237,-0.275983,-0.956195,-0.097589,0.147385,-0.142432,0.978769,-4e-06,3.2e-05,1.8e-05,-3.5e-05,-1e-05,-4.4e-05,-0.816087,0.052,0.042438,-0.046868,-0.222732,-0.447576,-0.866063,0.265743,-0.882611,0.387785,-0.93796,-0.143778,0.315526,-0.006403,0.001373,0.00076,-0.233891,-0.47919,-0.062383,-0.001652
815,0.027581,0.041796,0.388905,-0.142146,-0.533073,-0.83407,0.473967,-0.776397,0.415374,-0.868817,-0.335621,0.364063,-0.010953,0.006258,0.00377,-0.003405,-0.003674,-0.006607,0.20755,-0.131512,0.086634,0.335566,0.963775,-0.26414,0.036881,0.266086,0.962031,-0.060242,-0.020793,0.068188,0.997387,0.011265,0.00174,0.000119,0.002045,-0.015205,0.029245,-0.638519,0.024221,0.058986,-0.015507,-0.950014,0.25425,0.18119,-0.274632,-0.956577,-0.09766,0.148492,-0.142539,0.978586,-2e-06,1.1e-05,5e-06,-0.01714,0.121963,-0.156165,-0.815598,0.051836,0.042518,-0.046855,-0.206845,-0.452251,-0.867573,0.284162,-0.876294,0.389048,-0.936197,-0.166059,0.30977,0.00016,0.000293,0.000202,0.013604,-0.074098,0.186753,0.045866
816,0.027492,0.041896,0.388909,-0.127462,-0.534956,-0.835237,0.485573,-0.767937,0.417688,-0.864696,-0.35167,0.358687,0.000395,0.000746,0.000484,-0.199505,-0.451023,-0.009802,0.224287,-0.13151,0.086619,0.335557,0.963959,-0.263391,0.037411,0.265374,0.962231,-0.060189,-0.021369,0.068261,0.99737,0.000208,-0.00132,-0.000792,0.0,0.0,0.0,-0.638239,0.024226,0.058982,-0.015509,-0.950126,0.253485,0.181672,-0.27394,-0.956769,-0.097712,0.14905,-0.142606,0.978492,0.000122,-0.000774,-0.000465,-0.002516,0.017686,-0.022649,-0.815598,0.051794,0.042572,-0.04685,-0.194889,-0.456689,-0.868016,0.297991,-0.870722,0.391207,-0.934462,-0.182419,0.305783,0.001252,0.005708,-0.004153,-0.12035,-0.541568,-0.27258,0.074768
817,0.027313,0.042203,0.388772,-0.099726,-0.539485,-0.836096,0.515382,-0.746782,0.420321,-0.851013,-0.388328,0.35356,0.00177,0.010036,-0.009226,0.137597,-0.118225,-0.055995,0.247427,-0.131559,0.086602,0.335561,0.964258,-0.262176,0.038235,0.264215,0.962556,-0.060082,-0.022276,0.068349,0.997344,0.0,-0.0,-0.0,0.0,0.0,0.0,-0.639254,0.024202,0.05897,-0.015509,-0.95032,0.252208,0.182433,-0.272777,-0.957095,-0.09778,0.149945,-0.142686,0.978343,-1e-06,7e-06,6e-06,-3.1e-05,4e-06,-1.7e-05,-0.815598,0.051701,0.042726,-0.046912,-0.166347,-0.467266,-0.868326,0.330217,-0.856147,0.397452,-0.929131,-0.220621,0.296717,-0.00506,0.007239,-0.003301,0.456608,-0.208801,-0.187457,0.115591
818,0.027227,0.042582,0.388496,-0.087751,-0.539652,-0.837329,0.522868,-0.740416,0.422334,-0.847776,-0.400087,0.348186,0.00189,0.010255,-0.009078,0.028224,-0.030214,0.009752,0.270545,-0.131628,0.086599,0.335565,0.964558,-0.260947,0.039061,0.263043,0.962882,-0.060003,-0.023179,0.068462,0.997316,-2.8e-05,0.000181,0.000108,-0.01712,0.12197,-0.15614,-0.639683,0.024167,0.058969,-0.015507,-0.950496,0.251043,0.183118,-0.271718,-0.957387,-0.097869,0.150746,-0.142781,0.978206,-1.9e-05,0.000138,8.5e-05,-2.1e-05,7e-06,-1.3e-05,-0.815761,0.051657,0.042915,-0.047051,-0.154792,-0.469806,-0.869091,0.338924,-0.851561,0.399965,-0.927991,-0.232646,0.291043,0.000956,0.005133,-0.004524,0.047709,-0.094164,0.20092,0.149229
819,0.027323,0.043049,0.388079,-0.072422,-0.539911,-0.838628,0.53495,-0.730681,0.424154,-0.841684,-0.417241,0.342791,0.002097,0.010642,-0.008819,1.41186,-0.744641,-0.564398,0.291806,-0.131615,0.086681,0.335591,0.96476,-0.260107,0.039679,0.262246,0.9631,-0.059994,-0.023836,0.068596,0.997291,-0.000295,0.001877,0.001126,0.0,0.0,0.0,-0.63969,0.024175,0.059007,-0.015496,-0.950637,0.250033,0.183771,-0.270814,-0.957631,-0.097988,0.151485,-0.142919,0.978072,-0.000208,0.001321,0.000792,0.002449,-0.017675,0.022617,-0.816088,0.051704,0.043147,-0.04726,-0.140661,-0.472855,-0.86984,0.35111,-0.845296,0.402735,-0.925708,-0.24876,0.284924,0.001021,0.005458,-0.004517,4.66888,-2.362816,-1.877954,0.18254
820,0.027365,0.043264,0.3879,-0.066374,-0.539935,-0.839112,0.53871,-0.727253,0.425283,-0.839789,-0.423146,0.340188,0.002104,0.010653,-0.008808,-0.073443,-0.198062,-0.077393,0.295312,-0.131589,0.086738,0.335623,0.964852,-0.25972,0.039975,0.26188,0.963202,-0.059965,-0.024155,0.068635,0.997281,-0.000481,0.00306,0.001835,0.0,0.0,0.0,-0.63926,0.024188,0.059035,-0.015481,-0.950691,0.249624,0.184046,-0.270447,-0.957732,-0.098014,0.1518,-0.142956,0.978018,0.00534,0.002713,0.001162,0.004517,-0.032877,0.051858,-0.816088,0.051726,0.043255,-0.047349,-0.134569,-0.474307,-0.870013,0.357224,-0.842182,0.403881,-0.924273,-0.25644,0.282766,0.001091,0.00538,-0.004364,-0.127323,-0.281697,-0.119736,0.193154
821,0.0274,0.043598,0.387574,-0.065924,-0.539499,-0.839428,0.539632,-0.726893,0.42473,-0.839233,-0.424318,0.3401,0.00137,0.009268,-0.009701,0.032417,-0.02332,0.013306,0.297127,-0.131591,0.08686,0.335695,0.965145,-0.258492,0.040854,0.260712,0.963524,-0.05988,-0.025112,0.068751,0.997249,-0.000453,0.002879,0.001724,-0.014648,0.104303,-0.13351,-0.641757,0.024186,0.059098,-0.015443,-0.950857,0.248438,0.184794,-0.269375,-0.958025,-0.098097,0.152666,-0.143055,0.977868,-0.000123,0.000772,0.000461,-2.2e-05,-8e-06,-8e-06,-0.816414,0.051744,0.043425,-0.04751,-0.133643,-0.474013,-0.870316,0.358,-0.841983,0.403608,-0.924107,-0.257634,0.282222,0.000608,0.004475,-0.004953,0.032802,-0.020201,0.015062,0.203278
822,0.027277,0.04373,0.387421,-0.059277,-0.540522,-0.839266,0.548619,-0.720025,0.424914,-0.833894,-0.434584,0.340271,-0.000998,-0.001877,-0.00122,4.638223,-2.3483,-1.880515,0.30106,-0.131594,0.086934,0.335759,0.965436,-0.257263,0.04172,0.259541,0.963848,-0.059744,-0.026068,0.068814,0.99722,-0.000401,0.002551,0.001526,0.0,0.0,0.0,-0.650529,0.024185,0.059136,-0.015411,-0.951052,0.247039,0.185662,-0.268102,-0.958377,-0.098146,0.153689,-0.143119,0.977699,-0.000246,0.001569,0.000939,-2.2e-05,-3e-06,-7e-06,-0.820986,0.051684,0.043493,-0.047591,-0.1283,-0.47608,-0.869992,0.366737,-0.837833,0.404398,-0.921434,-0.267174,0.28209,-0.000592,-0.000917,-0.000791,4.632476,-2.355628,-1.884481,0.206544
823,0.027234,0.043698,0.387377,-0.059237,-0.540679,-0.839167,0.548666,-0.71991,0.425048,-0.833866,-0.434579,0.340347,-0.001554,-0.002923,-0.0019,-0.000492,0.013576,-0.025417,0.307601,-0.13158,0.087006,0.33579,0.965552,-0.256766,0.042092,0.25907,0.963975,-0.059735,-0.026464,0.068888,0.997205,-0.00047,0.00299,0.001788,0.0,0.0,0.0,-0.651249,0.024192,0.059172,-0.015395,-0.951121,0.246514,0.186007,-0.267633,-0.958502,-0.098207,0.154079,-0.143189,0.977627,-0.000244,0.001549,0.000926,-1.4e-05,1.1e-05,-7e-06,-0.824089,0.051663,0.04348,-0.047612,-0.127383,-0.476529,-0.86988,0.368247,-0.837061,0.404625,-0.920959,-0.268789,0.282108,-0.000501,-0.000949,-0.000611,-0.000811,0.000573,0.000602,0.211116
824,0.02721,0.043617,0.38736,-0.049604,-0.542065,-0.838898,0.561322,-0.709858,0.42543,-0.826047,-0.449122,0.340533,-0.000688,-0.001293,-0.000841,0.000304,-0.000154,-0.000123,0.319376,-0.131547,0.087131,0.335828,0.965852,-0.255478,0.043047,0.257849,0.964303,-0.059723,-0.027479,0.069087,0.997163,-0.000242,0.001538,0.000919,0.0,0.0,0.0,-0.650701,0.024208,0.059237,-0.015374,-0.951298,0.245156,0.186893,-0.266422,-0.958822,-0.098377,0.155079,-0.143379,0.977442,-0.001022,0.006845,-0.002857,0.019522,0.112966,-0.137546,-0.825558,0.051649,0.043436,-0.047622,-0.118243,-0.479927,-0.869303,0.382669,-0.829849,0.406094,-0.916287,-0.284638,0.281777,-0.00041,-0.000776,-0.000498,0.000686,0.000612,0.001528,0.226955
825,0.027007,0.043614,0.387412,-0.046323,-0.543178,-0.838365,0.565437,-0.706124,0.426194,-0.823431,-0.453632,0.340891,-0.012586,0.003137,0.001738,-0.000984,0.014715,-0.029553,0.323187,-0.131508,0.087209,0.33585,0.966172,-0.254089,0.044069,0.256532,0.964657,-0.059679,-0.028575,0.069268,0.99712,-9.1e-05,0.000577,0.000344,0.0,0.0,0.0,-0.6562,0.024227,0.059276,-0.015363,-0.951488,0.243692,0.18784,-0.265111,-0.95917,-0.098531,0.156159,-0.14355,0.977244,-4.4e-05,0.00028,0.000166,-0.017139,0.121978,-0.156125,-0.826211,0.051558,0.043433,-0.047597,-0.115306,-0.481646,-0.868746,0.387395,-0.827132,0.407157,-0.914674,-0.2896,0.281961,-0.005995,0.002126,0.001236,-0.001841,0.01517,-0.029171,0.235936
826,0.026521,0.043695,0.387525,-0.043199,-0.542115,-0.83922,0.569622,-0.703456,0.425031,-0.820716,-0.45901,0.340239,-0.024797,0.006998,0.003943,-0.002464,0.042996,-0.084529,0.343997,-0.131474,0.087212,0.33586,0.966424,-0.252987,0.044865,0.255483,0.964942,-0.05958,-0.029446,0.069342,0.99709,-1e-06,4e-06,2e-06,0.0,0.0,0.0,-0.667104,0.024244,0.059277,-0.015359,-0.951638,0.242532,0.188577,-0.26406,-0.959454,-0.098589,0.15702,-0.143616,0.977096,8e-06,-4.1e-05,-2.4e-05,-1.9e-05,1.1e-05,-5e-06,-0.833233,0.05132,0.043473,-0.047541,-0.111998,-0.481173,-0.869441,0.392072,-0.825361,0.406273,-0.913091,-0.295382,0.281093,-0.006217,0.001721,0.000976,-0.001844,0.016234,-0.031387,0.250795
827,0.026237,0.043764,0.387563,-0.040138,-0.540347,-0.840511,0.573902,-0.701061,0.423228,-0.817888,-0.464718,0.339297,-0.012791,0.002772,0.001496,-0.000984,0.014714,-0.029553,0.359669,-0.131468,0.087229,0.335869,0.96652,-0.252566,0.045167,0.255083,0.965049,-0.059552,-0.029775,0.06938,0.997077,-8.7e-05,0.000548,0.000327,0.0,0.0,0.0,-0.66813,0.024248,0.059284,-0.015355,-0.951696,0.242089,0.188856,-0.26366,-0.95956,-0.098621,0.157344,-0.143651,0.977039,-5.1e-05,0.000328,0.000196,-1.9e-05,-1e-06,-5e-06,-0.836172,0.051163,0.04351,-0.04752,-0.10858,-0.480099,-0.870467,0.396843,-0.82378,0.404848,-0.911441,-0.301481,0.27997,-0.00642,0.001342,0.00073,-0.001694,0.016861,-0.03171,0.2699
828,0.025681,0.043866,0.387617,-0.037283,-0.536424,-0.843152,0.578301,-0.699679,0.41951,-0.814923,-0.471295,0.337355,-0.013358,0.001735,0.000816,1.396926,-0.680816,-0.588874,0.374721,-0.131465,0.087266,0.335901,0.966739,-0.251603,0.045848,0.254167,0.965296,-0.059465,-0.030523,0.069439,0.997051,-0.000116,0.000734,0.000438,-0.017151,0.121982,-0.156127,-0.6675,0.024249,0.059303,-0.015339,-0.951812,0.241202,0.189408,-0.262854,-0.959777,-0.098662,0.157992,-0.143694,0.976929,-8.3e-05,0.000522,0.000311,-2.4e-05,2e-06,-2e-06,-0.837642,0.050891,0.043562,-0.047493,-0.105786,-0.476446,-0.872816,0.40016,-0.82393,0.401261,-0.910318,-0.306819,0.277815,-0.006887,0.000679,9.7e-05,4.652781,-2.295943,-1.926012,0.300599
829,0.025179,0.043891,0.387622,-0.037664,-0.532075,-0.845886,0.578555,-0.701791,0.415613,-0.814725,-0.473083,0.335324,-0.014034,0.000506,8e-06,0.021296,-0.097111,0.158554,0.375585,-0.13149,0.087258,0.335929,0.966996,-0.250473,0.046618,0.253087,0.965589,-0.05932,-0.031384,0.069458,0.997022,-5e-06,3.4e-05,2e-05,0.0,0.0,0.0,-0.668824,0.024236,0.0593,-0.015324,-0.951986,0.23989,0.190195,-0.261652,-0.960103,-0.098689,0.158932,-0.143716,0.976773,2e-06,-2e-05,-1.3e-05,-2.9e-05,-2e-06,-2e-06,-0.838458,0.050641,0.043575,-0.04749,-0.104247,-0.472426,-0.875183,0.40159,-0.825044,0.397526,-0.909867,-0.310024,0.27573,-0.006807,0.00063,0.000262,0.079662,-0.446056,0.75935,0.311539
830,0.024883,0.043917,0.387633,-0.03756,-0.532626,-0.845544,0.578561,-0.701487,0.416119,-0.814726,-0.472913,0.335562,-0.02578,0.005273,0.002794,-0.00246,0.042994,-0.084529,0.378628,-0.131489,0.08725,0.335925,0.967134,-0.249858,0.047051,0.252502,0.965744,-0.059282,-0.031856,0.069511,0.997004,2.8e-05,-0.00018,-0.000108,-0.017146,0.121971,-0.156137,-0.669231,0.024237,0.059296,-0.015327,-0.952053,0.239369,0.190517,-0.261181,-0.960227,-0.098729,0.159307,-0.143755,0.976706,2.1e-05,-0.000138,-8.2e-05,-1.9e-05,1e-06,-4e-06,-0.838295,0.050496,0.043585,-0.047486,-0.104254,-0.472798,-0.87498,0.401624,-0.824864,0.397864,-0.90985,-0.309934,0.275882,-0.006753,0.000751,0.000338,-0.001451,0.0156,-0.03071,0.313499
831,0.024257,0.044082,0.387701,-0.034363,-0.531907,-0.846132,0.582891,-0.698385,0.415294,-0.811779,-0.478277,0.3351,-0.012484,0.003401,0.001893,-0.000984,0.014715,-0.029553,0.394285,-0.131482,0.087205,0.335898,0.96737,-0.248799,0.047799,0.251494,0.966011,-0.059217,-0.03267,0.069602,0.996971,0.000309,-0.001959,-0.001169,-0.017146,0.121971,-0.156137,-0.668045,0.02424,0.059276,-0.015339,-0.952194,0.238255,0.191207,-0.260173,-0.960491,-0.098815,0.16011,-0.143838,0.976562,0.000186,-0.001173,-0.000701,-0.002492,0.017674,-0.022631,-0.839275,0.050176,0.043664,-0.047454,-0.100953,-0.47277,-0.875383,0.406535,-0.822671,0.397418,-0.90804,-0.315754,0.275249,-0.006273,0.001643,0.00092,-0.001468,0.015835,-0.031097,0.328685
832,0.023623,0.044315,0.387849,-0.034087,-0.533414,-0.845194,0.582883,-0.697568,0.416675,-0.811797,-0.477789,0.335753,-0.012533,0.00332,0.001836,-0.001473,0.028279,-0.054976,0.400407,-0.131459,0.087115,0.335854,0.96757,-0.247899,0.048435,0.250637,0.966239,-0.059136,-0.033369,0.069652,0.996944,0.000275,-0.001745,-0.001042,0.0,0.0,0.0,-0.668938,0.024252,0.059228,-0.015362,-0.952328,0.237183,0.191871,-0.259201,-0.960748,-0.098873,0.160889,-0.143892,0.976426,-0.005455,-0.001931,-0.000694,-0.002065,0.015202,-0.02925,-0.840418,0.049861,0.043785,-0.047378,-0.101045,-0.474338,-0.874523,0.406614,-0.821944,0.398838,-0.907994,-0.315294,0.275926,-0.011775,0.004715,0.002759,-0.002257,0.029537,-0.059073,0.341748
833,0.023026,0.044543,0.387935,-0.034026,-0.53245,-0.845804,0.583108,-0.697893,0.415816,-0.811639,-0.478391,0.335279,-0.02469,0.007342,0.004126,-0.002271,0.041979,-0.0828,0.408168,-0.131458,0.087054,0.335818,0.967685,-0.24738,0.048796,0.250143,0.966369,-0.059106,-0.033762,0.069696,0.996928,0.00022,-0.001395,-0.000834,0.0,0.0,0.0,-0.671956,0.024253,0.059197,-0.015381,-0.952396,0.236637,0.192203,-0.258707,-0.960877,-0.098916,0.161277,-0.143932,0.976356,0.000112,-0.000708,-0.000423,-1.2e-05,6e-06,-5e-06,-0.841561,0.049559,0.043902,-0.047333,-0.10076,-0.473362,-0.875085,0.406802,-0.822278,0.397957,-0.907942,-0.315889,0.275417,-0.012348,0.003674,0.002074,-0.002815,0.045441,-0.088802,0.351219
834,0.022733,0.044652,0.387963,-0.033862,-0.53314,-0.845376,0.583172,-0.697468,0.416439,-0.8116,-0.478241,0.335587,-0.024574,0.007563,0.004267,-0.001969,0.029429,-0.059106,0.412215,-0.131459,0.08706,0.335832,0.967706,-0.247281,0.048861,0.250048,0.966395,-0.059074,-0.03384,0.069678,0.996926,-0.000211,0.001335,0.000798,0.0,0.0,0.0,-0.671172,0.024253,0.059194,-0.015377,-0.952412,0.236516,0.192275,-0.258592,-0.96091,-0.0989,0.161368,-0.143915,0.976344,-1.6e-05,0.000103,6.1e-05,-1.1e-05,5e-06,-3e-06,-0.841887,0.049412,0.043955,-0.04732,-0.100768,-0.474141,-0.874663,0.40692,-0.821884,0.39865,-0.907888,-0.315747,0.275757,-0.012329,0.003713,0.002099,-0.002176,0.029947,-0.059894,0.356118
835,0.022313,0.044794,0.388033,-0.033949,-0.531537,-0.846381,0.58333,-0.698187,0.41501,-0.811482,-0.478976,0.334822,-0.000476,-0.000864,-0.000566,0.0,-0.0,0.0,0.412962,-0.131456,0.087039,0.335861,0.967895,-0.246423,0.049451,0.249227,0.966617,-0.05892,-0.03451,0.069645,0.996906,-0.000124,0.000787,0.00047,0.0,0.0,0.0,-0.670956,0.024254,0.059188,-0.01536,-0.952524,0.235632,0.192806,-0.257775,-0.961132,-0.098869,0.162016,-0.143876,0.976242,-8.3e-05,0.000531,0.000318,-1.7e-05,1.1e-05,-1e-06,-0.842214,0.049201,0.044025,-0.047286,-0.100478,-0.472514,-0.875576,0.406994,-0.822552,0.397194,-0.907887,-0.316445,0.274958,-0.006188,0.001816,0.001025,-0.001108,0.014881,-0.029765,0.362323
836,0.022061,0.044845,0.388107,-0.03416,-0.529577,-0.8476,0.583387,-0.699173,0.413267,-0.811432,-0.47971,0.333891,-0.011812,0.004651,0.002699,-0.000984,0.014715,-0.029553,0.405981,-0.131451,0.087064,0.335865,0.968036,-0.245776,0.049916,0.248612,0.966776,-0.058907,-0.035009,0.069725,0.996883,-5e-06,2.9e-05,1.7e-05,0.0,0.0,0.0,-0.669986,0.024256,0.059203,-0.015357,-0.952605,0.234951,0.193236,-0.257164,-0.961288,-0.098947,0.162508,-0.143951,0.976149,-0.0,-2e-06,0.0,-2.2e-05,1e-06,-2e-06,-0.843194,0.04908,0.044051,-0.047254,-0.100212,-0.470462,-0.87671,0.406951,-0.823453,0.395366,-0.907935,-0.317158,0.273974,-5e-06,-9e-06,-0.0,-8.3e-05,0.000188,-0.000251,0.3602
837,0.022028,0.044859,0.388127,-0.034135,-0.529784,-0.847472,0.58337,-0.699075,0.413455,-0.811445,-0.479624,0.333982,0.000738,0.001336,0.000875,0.000484,-0.013565,0.025423,0.403008,-0.131442,0.087058,0.335861,0.968112,-0.245422,0.050171,0.248276,0.966863,-0.058886,-0.035286,0.069755,0.996871,0.000145,-0.000919,-0.000549,0.0,0.0,0.0,-0.667914,0.02426,0.059202,-0.015358,-0.952649,0.234579,0.193471,-0.256828,-0.961375,-0.098976,0.162781,-0.143979,0.9761,9.8e-05,-0.000632,-0.000378,-5e-06,-2.3e-05,-9e-06,-0.843194,0.049056,0.044053,-0.047242,-0.100252,-0.470731,-0.876562,0.406926,-0.823347,0.395613,-0.907942,-0.317035,0.274095,9e-06,1.9e-05,2e-05,-5.7e-05,4.9e-05,-1.7e-05,0.357098
838,0.022053,0.044939,0.388143,-0.034069,-0.52999,-0.847346,0.583433,-0.698918,0.413632,-0.811403,-0.479625,0.334084,0.000779,0.00141,0.000923,0.0,0.0,0.0,0.397841,-0.131437,0.087027,0.335853,0.968283,-0.244638,0.050719,0.247529,0.967059,-0.058814,-0.03589,0.069793,0.996847,0.000175,-0.001107,-0.000662,0.0,0.0,0.0,-0.665481,0.024263,0.059186,-0.015362,-0.952749,0.233755,0.193976,-0.256079,-0.961571,-0.099017,0.163376,-0.144011,0.975996,0.000135,-0.000862,-0.000516,-0.017136,0.12193,-0.156159,-0.842377,0.04907,0.044095,-0.047231,-0.100235,-0.470933,-0.876455,0.407008,-0.823224,0.395784,-0.907907,-0.317053,0.274189,0.000493,0.000897,0.000587,-4.4e-05,5e-06,1.6e-05,0.350402
839,0.022039,0.045059,0.388243,-0.034061,-0.530147,-0.847248,0.583395,-0.698862,0.413781,-0.811431,-0.479533,0.334147,-0.010396,0.0072,0.004367,-0.000984,0.014715,-0.029553,0.398786,-0.131366,0.086907,0.335829,0.968464,-0.243792,0.051328,0.246719,0.967278,-0.058631,-0.036585,0.069735,0.996826,0.000414,-0.002621,-0.001568,0.0,0.0,0.0,-0.665002,0.024298,0.059127,-0.015373,-0.952852,0.232864,0.194538,-0.255253,-0.961796,-0.098956,0.164063,-0.143948,0.97589,0.000265,-0.001677,-0.001005,-2.4e-05,-1e-06,-3e-06,-0.841887,0.049063,0.044156,-0.047181,-0.100265,-0.471093,-0.876366,0.406973,-0.823169,0.395935,-0.907919,-0.31696,0.274257,-0.005171,0.003653,0.002216,-0.001016,0.014717,-0.029546,0.348443
840,0.02193,0.045208,0.388395,-0.03406,-0.530417,-0.847079,0.583297,-0.698787,0.414044,-0.811501,-0.479344,0.33425,-0.010652,0.006727,0.004055,-0.000984,0.014715,-0.029553,0.395649,-0.131312,0.086786,0.335753,0.968635,-0.242986,0.051917,0.245954,0.967475,-0.058582,-0.037224,0.069802,0.996797,0.000476,-0.003011,-0.001803,0.0,0.0,0.0,-0.665501,0.024325,0.059064,-0.015412,-0.952949,0.232016,0.195082,-0.254489,-0.961992,-0.099021,0.164693,-0.144009,0.975775,0.000279,-0.001754,-0.001051,-0.002494,0.017664,-0.022634,-0.841561,0.049014,0.04423,-0.047105,-0.100328,-0.471343,-0.876224,0.406878,-0.823099,0.396178,-0.907955,-0.316769,0.274359,0.000653,0.001184,0.000773,-2.5e-05,-7e-06,8e-06,0.347953
841,0.02183,0.045247,0.388453,-0.034047,-0.530658,-0.846929,0.58324,-0.698699,0.414273,-0.811542,-0.479205,0.334349,0.000182,0.000328,0.000214,0.0,0.0,0.0,0.393054,-0.131327,0.086771,0.335725,0.968704,-0.242661,0.052143,0.245647,0.967551,-0.058617,-0.037457,0.069879,0.996783,0.000173,-0.001094,-0.000656,0.0,0.0,0.0,-0.664993,0.024318,0.059053,-0.015429,-0.952989,0.231674,0.195289,-0.254188,-0.962063,-0.099102,0.164922,-0.144083,0.975725,9.4e-05,-0.000586,-0.000351,-6e-06,1.4e-05,-3e-06,-0.841561,0.048962,0.044255,-0.047073,-0.100373,-0.47161,-0.876076,0.40683,-0.823002,0.396428,-0.907972,-0.316624,0.274472,-0.005841,0.002435,0.001421,-0.001002,0.014728,-0.029562,0.345177
842,0.021547,0.045196,0.38852,-0.03428,-0.528918,-0.848007,0.583204,-0.699637,0.412738,-0.811558,-0.479761,0.333511,-0.00133,-0.0024,-0.001568,1.6e-05,-9.1e-05,0.000156,0.391585,-0.131309,0.086766,0.335721,0.96885,-0.24197,0.052641,0.244989,0.96772,-0.058577,-0.037998,0.069935,0.996759,0.00177,-0.01193,0.006768,-0.053823,0.130916,-0.174759,-0.664812,0.024327,0.059055,-0.015433,-0.953054,0.231087,0.195666,-0.253663,-0.962195,-0.099173,0.165351,-0.144151,0.975642,-9e-06,5.7e-05,3.4e-05,-1.3e-05,6e-06,-5e-06,-0.841071,0.04882,0.044229,-0.04704,-0.100187,-0.469761,-0.87709,0.406677,-0.823861,0.394799,-0.908062,-0.317138,0.273581,-0.000748,-0.001345,-0.000876,-0.000328,0.00288,-0.005202,0.341585
843,0.021273,0.045183,0.388564,-0.034192,-0.529718,-0.847511,0.583115,-0.699274,0.413478,-0.811626,-0.479407,0.333856,-0.012446,0.003504,0.001945,-0.000984,0.014715,-0.029553,0.385936,-0.131282,0.086758,0.335745,0.969065,-0.240951,0.053363,0.244016,0.967974,-0.05844,-0.038803,0.069939,0.996727,0.001557,-0.010578,0.007579,-0.036672,0.008979,-0.018595,-0.664287,0.02434,0.05905,-0.015422,-0.953192,0.229889,0.196408,-0.252568,-0.962481,-0.099193,0.166236,-0.144156,0.975491,-0.000146,0.000919,0.000549,-2.3e-05,1e-06,-5e-06,-0.840908,0.048681,0.044219,-0.04702,-0.100293,-0.470633,-0.876609,0.40663,-0.823501,0.395598,-0.908071,-0.31678,0.273965,-0.006227,0.001748,0.000974,-0.001004,0.01476,-0.02965,0.33685
844,0.021058,0.045245,0.388599,-0.031237,-0.527949,-0.848728,0.587388,-0.696731,0.41172,-0.808663,-0.485021,0.332935,-0.012457,0.003489,0.001934,-0.000984,0.014715,-0.029553,0.384139,-0.131259,0.086777,0.335754,0.969168,-0.240453,0.05373,0.243543,0.968095,-0.058411,-0.039201,0.06998,0.996709,-7.6e-05,0.000482,0.000289,0.0,0.0,0.0,-0.66046,0.024352,0.059058,-0.015413,-0.95325,0.22935,0.196752,-0.252078,-0.962607,-0.099209,0.166641,-0.144168,0.97542,-5.7e-05,0.000358,0.000214,-0.017143,0.121921,-0.156178,-0.840255,0.048583,0.044247,-0.047004,-0.096967,-0.469396,-0.877646,0.411422,-0.82184,0.394093,-0.906271,-0.32287,0.272811,-0.006338,0.001551,0.000848,-0.001636,0.030088,-0.057473,0.333584
845,0.020474,0.045374,0.38868,-0.031307,-0.526578,-0.849577,0.58751,-0.697342,0.410509,-0.808571,-0.485635,0.332263,-0.01551,-0.008624,0.009773,-0.033637,0.052063,-0.068063,0.384872,-0.13126,0.086784,0.335759,0.969389,-0.239392,0.054476,0.242533,0.968352,-0.058353,-0.040014,0.070062,0.996671,-0.0,2e-06,1e-06,-0.017154,0.12192,-0.156176,-0.658829,0.024351,0.059063,-0.01541,-0.953362,0.22836,0.197361,-0.251184,-0.962833,-0.099291,0.167352,-0.144235,0.975289,3e-06,-1.6e-05,-9e-06,-2.2e-05,-9e-06,-5e-06,-0.837315,0.048298,0.044318,-0.046966,-0.096705,-0.467957,-0.878443,0.411491,-0.822418,0.392813,-0.906268,-0.323485,0.272092,-0.006619,0.001055,0.000522,0.002169,-0.07794,0.144493,0.330481
846,0.019959,0.045443,0.388748,-0.031487,-0.524707,-0.850727,0.587587,-0.69825,0.408853,-0.808508,-0.486356,0.33136,-0.012854,0.002807,0.001479,-0.000984,0.014715,-0.029553,0.388048,-0.131251,0.08678,0.335745,0.969562,-0.238554,0.055075,0.241738,0.968552,-0.058333,-0.040658,0.070154,0.996638,1.1e-05,-7e-05,-4.2e-05,-0.017156,0.121923,-0.156172,-0.658847,0.024356,0.059059,-0.015417,-0.953458,0.227479,0.197912,-0.250393,-0.963028,-0.099389,0.167986,-0.14432,0.975167,0.005637,0.000827,3.3e-05,0.002034,-0.015215,0.029239,-0.836825,0.048028,0.044347,-0.04693,-0.09646,-0.466125,-0.879444,0.411444,-0.823214,0.391194,-0.906316,-0.324107,0.271191,-0.007547,-0.00392,0.005151,-0.029852,-0.054799,0.132678,0.332277
847,0.019507,0.045355,0.388857,-0.031743,-0.523243,-0.851618,0.587439,-0.699115,0.407585,-0.808605,-0.486692,0.33063,-0.013335,0.001974,0.000928,-0.000984,0.014715,-0.029553,0.385457,-0.131262,0.086795,0.335744,0.969708,-0.237844,0.055573,0.241063,0.968721,-0.058322,-0.041194,0.070234,0.996611,-6.5e-05,0.000408,0.000244,0.0,0.0,0.0,-0.655942,0.024351,0.059066,-0.015418,-0.953555,0.226607,0.198447,-0.249609,-0.963222,-0.099489,0.168604,-0.144403,0.975048,-5e-05,0.00032,0.000193,-3.1e-05,1.9e-05,-0.0,-0.835846,0.047804,0.044305,-0.046873,-0.096367,-0.464592,-0.880264,0.411183,-0.823972,0.389867,-0.906443,-0.32438,0.270437,-0.007989,-0.004691,0.004642,-0.030323,-0.04077,0.106545,0.332604
848,0.019335,0.045235,0.388929,-0.032142,-0.520888,-0.853046,0.587323,-0.700423,0.405501,-0.808673,-0.487339,0.329509,-0.013495,0.001702,0.000747,0.002438,-0.078675,0.146038,0.384291,-0.131292,0.086822,0.335752,0.969782,-0.237484,0.055813,0.240721,0.968806,-0.058332,-0.04145,0.070286,0.996597,-0.000257,0.001621,0.000971,0.0,0.0,0.0,-0.654447,0.024336,0.059077,-0.015416,-0.953601,0.226211,0.198679,-0.249255,-0.963307,-0.09955,0.16887,-0.144453,0.974995,-3.9e-05,0.000254,0.000152,-1.4e-05,3e-06,-4e-06,-0.834376,0.047719,0.04425,-0.046841,-0.096198,-0.462197,-0.881543,0.410931,-0.825093,0.387757,-0.906576,-0.324953,0.269304,-0.006649,0.001031,0.000498,-0.00134,0.01768,-0.03488,0.331134
849,0.019192,0.044872,0.389128,-0.032858,-0.518282,-0.854604,0.586737,-0.702216,0.403244,-0.809069,-0.48754,0.328237,-0.003075,-0.012124,0.007838,-0.032141,0.023842,-0.013059,0.385149,-0.13134,0.086853,0.335774,0.969959,-0.236621,0.056393,0.239898,0.969012,-0.058291,-0.042084,0.070348,0.996566,-0.000194,0.001225,0.000734,0.0,0.0,0.0,-0.654259,0.024312,0.059095,-0.015403,-0.953702,0.225324,0.199199,-0.24845,-0.963506,-0.09963,0.16948,-0.144509,0.97488,-0.000123,0.000779,0.000469,-0.017143,0.121934,-0.156166,-0.832743,0.04764,0.044062,-0.046739,-0.096299,-0.459393,-0.882997,0.410076,-0.826644,0.385352,-0.906953,-0.324987,0.26799,-0.001527,-0.006038,0.003938,-0.032229,0.024476,-0.014195,0.329828
850,0.01929,0.044426,0.389445,-0.033839,-0.515114,-0.85648,0.585872,-0.704503,0.400501,-0.809654,-0.487601,0.3267,0.010546,-0.01364,0.007221,-0.031177,0.009089,0.016475,0.385726,-0.131334,0.086871,0.335774,0.970094,-0.235955,0.056871,0.239266,0.969169,-0.058282,-0.042597,0.070425,0.996538,-0.001859,0.012494,-0.006431,0.036672,-0.008984,0.018592,-0.653096,0.024315,0.0591,-0.015401,-0.953778,0.224609,0.199643,-0.247804,-0.963667,-0.09969,0.169999,-0.144555,0.974783,-5.6e-05,0.000355,0.000212,-9e-06,-6e-06,-4e-06,-0.83209,0.047683,0.043841,-0.046585,-0.096506,-0.45602,-0.884721,0.408919,-0.828556,0.382464,-0.907452,-0.32487,0.266436,-0.000512,-0.004234,0.005124,-0.031662,0.010565,0.011966,0.329991
851,0.019368,0.044229,0.389567,-0.034073,-0.515172,-0.856435,0.585466,-0.704786,0.400596,-0.809937,-0.487131,0.3267,0.011855,-0.004651,-0.002686,0.000984,-0.014715,0.029553,0.38465,-0.131315,0.086857,0.335775,0.970163,-0.235608,0.057122,0.238935,0.969254,-0.058236,-0.042876,0.070426,0.996526,0.011403,0.000813,-0.000436,0.002045,-0.015205,0.029245,-0.651162,0.024319,0.059101,-0.015401,-0.953817,0.224235,0.199878,-0.247467,-0.96375,-0.099721,0.170272,-0.144579,0.974732,0.0001,-0.000634,-0.000379,-1.3e-05,-3e-06,-6e-06,-0.831763,0.047728,0.043741,-0.046519,-0.096761,-0.456025,-0.88469,0.408438,-0.828765,0.382526,-0.907642,-0.324328,0.26645,0.005933,-0.002307,-0.001332,0.000986,-0.014668,0.029483,0.329501
852,0.019419,0.043968,0.389778,-0.034358,-0.515661,-0.85613,0.584853,-0.705007,0.401104,-0.810367,-0.486295,0.326879,-0.00188,-0.010016,0.009238,-0.032184,0.023762,-0.013099,0.379968,-0.131214,0.086874,0.335766,0.970276,-0.23503,0.057597,0.23839,0.969389,-0.058223,-0.043382,0.0705,0.996499,-0.00177,0.011913,-0.006778,0.036672,-0.008974,0.018598,-0.642223,0.024375,0.059107,-0.015407,-0.953864,0.223645,0.20031,-0.246947,-0.963877,-0.099785,0.170759,-0.144648,0.974637,-0.000886,0.005963,-0.003387,0.036663,-0.008986,0.01859,-0.825232,0.047754,0.043612,-0.046413,-0.097155,-0.456458,-0.884423,0.407769,-0.828877,0.382996,-0.907901,-0.323431,0.266659,-0.000947,-0.005014,0.004616,-0.032183,0.023768,-0.013105,0.325093
853,0.019322,0.043883,0.389922,-0.034476,-0.516079,-0.855873,0.584527,-0.70504,0.401521,-0.810597,-0.485804,0.327038,6.8e-05,0.000122,8e-05,0.0,0.0,0.0,0.371377,-0.131079,0.086896,0.335757,0.970393,-0.23442,0.058117,0.237816,0.969531,-0.058204,-0.043934,0.070579,0.99647,0.01146,0.000459,-0.000649,0.002045,-0.015205,0.029245,-0.640535,0.024437,0.05912,-0.015409,-0.953918,0.222974,0.200802,-0.246355,-0.964021,-0.099854,0.171313,-0.144721,0.974529,0.000119,-0.000746,-0.000449,-0.002513,0.017689,-0.022628,-0.820496,0.047706,0.04357,-0.046341,-0.097368,-0.456854,-0.884196,0.407423,-0.828862,0.383398,-0.908033,-0.322911,0.266838,3.1e-05,5.9e-05,4e-05,8e-06,1.9e-05,-2e-06,0.318724
854,0.019147,0.043805,0.390092,-0.034597,-0.516587,-0.855562,0.584162,-0.705054,0.402027,-0.810855,-0.485242,0.327232,-0.01377,-0.005408,0.011899,-0.033167,0.038477,-0.042653,0.357021,-0.131046,0.086855,0.335731,0.970614,-0.233301,0.058919,0.236752,0.969795,-0.058145,-0.044806,0.070662,0.996425,0.000247,-0.001555,-0.000931,0.0,0.0,0.0,-0.636395,0.024458,0.0591,-0.015423,-0.954034,0.22182,0.20153,-0.245315,-0.964277,-0.099951,0.17216,-0.144795,0.974369,0.000171,-0.001075,-0.000646,-0.002512,0.017661,-0.02263,-0.818864,0.047623,0.043533,-0.046261,-0.097593,-0.457304,-0.883938,0.407057,-0.82883,0.383853,-0.908173,-0.322353,0.267037,-1e-05,-1.2e-05,-5e-06,-5e-06,1.1e-05,-2.4e-05,0.305334
855,0.019096,0.043702,0.390189,-0.034703,-0.516887,-0.855376,0.583894,-0.705104,0.402329,-0.811044,-0.484851,0.327345,-0.002001,-0.010227,0.009106,-0.032185,0.023758,-0.013102,0.339691,-0.131052,0.086841,0.335712,0.970697,-0.232881,0.059213,0.236353,0.969891,-0.058151,-0.045119,0.070718,0.996407,-0.011051,-0.003047,-0.000901,-0.002045,0.015205,-0.029245,-0.627889,0.024459,0.059093,-0.015432,-0.954076,0.221401,0.201791,-0.244941,-0.964365,-0.100012,0.172458,-0.144846,0.974308,0.000158,-0.000985,-0.000591,-2.3e-05,1e-06,-4e-06,-0.814291,0.047594,0.043486,-0.046214,-0.097756,-0.457592,-0.883771,0.406792,-0.828825,0.384146,-0.908274,-0.321959,0.267168,-1.4e-05,-2.1e-05,-1.1e-05,-5e-06,-4e-06,-6e-06,0.292761
856,0.019119,0.043495,0.390328,-0.034928,-0.517117,-0.855228,0.58345,-0.705324,0.402586,-0.811353,-0.484285,0.327416,-0.000541,-0.000962,-0.000632,0.0,0.0,0.0,0.27856,-0.131105,0.086734,0.335644,0.97092,-0.231754,0.059965,0.23528,0.970154,-0.058129,-0.045935,0.070821,0.996362,0.000651,-0.004102,-0.00246,-0.002489,0.01767,-0.022627,-0.62335,0.024429,0.059041,-0.015465,-0.954207,0.220196,0.202487,-0.243853,-0.964626,-0.100151,0.173272,-0.144942,0.974149,0.000337,-0.002114,-0.001267,-0.002519,0.017672,-0.022627,-0.804657,0.047605,0.043377,-0.046137,-0.098055,-0.457805,-0.883628,0.406259,-0.828967,0.384403,-0.908481,-0.321289,0.267272,-0.00031,-0.000551,-0.000362,5e-06,1.7e-05,-6e-06,0.233323
857,0.019252,0.043309,0.390389,-0.035127,-0.516991,-0.855296,0.583159,-0.705613,0.402502,-0.811554,-0.483998,0.327343,0.011787,-0.004803,-0.002786,0.000984,-0.014715,0.029553,0.145439,-0.131144,0.0866,0.335557,0.971057,-0.23106,0.060418,0.234618,0.970314,-0.058128,-0.046426,0.070893,0.996334,0.000359,-0.002261,-0.001358,0.0,0.0,0.0,-0.622855,0.02441,0.058969,-0.015512,-0.954287,0.219469,0.202901,-0.243197,-0.964782,-0.100247,0.173754,-0.145009,0.974054,0.000212,-0.001331,-0.000797,-4e-06,-7e-06,-5e-06,-0.802698,0.04767,0.043281,-0.046108,-0.098221,-0.457637,-0.883697,0.405919,-0.829186,0.384291,-0.908615,-0.320964,0.267207,0.005898,-0.00239,-0.001387,0.000992,-0.014702,0.02955,0.106936
