frame,MLTx,MLTy,MLTz,MLTR1,MLTR2,MLTR3,MLTR4,MLTR5,MLTR6,MLTR7,MLTR8,MLTR9,MLTTVx,MLTTVy,MLTTVz,MLTRVx,MLTRVy,MLTRVz,MLGA,MRTx,MRTy,MRTz,MRTR1,MRTR2,MRTR3,MRTR4,MRTR5,MRTR6,MRTR7,MRTR8,MRTR9,MRTTVx,MRTTVy,MRTTVz,MRTRVx,MRTRVy,MRTRVz,MRGA,SLTx,SLTy,SLTz,SLTR1,SLTR2,SLTR3,SLTR4,SLTR5,SLTR6,SLTR7,SLTR8,SLTR9,SLTTVx,SLTTVy,SLTTVz,SLTRVx,SLTRVy,SLTRVz,SLGA,SRTx,SRTy,SRTz,SRTR1,SRTR2,SRTR3,SRTR4,SRTR5,SRTR6,SRTR7,SRTR8,SRTR9,SRTTVx,SRTTVy,SRTTVz,SRTRVx,SRTRVy,SRTRVz,SRGA
117,0.228189,-0.056981,0.351708,-0.679973,0.619188,-0.392797,-0.688638,-0.723226,0.051908,-0.2511,0.305016,0.918662,0.001529,-0.016787,0.002451,-0.036341,0.017259,-0.04842,0.519035,-0.235549,-0.026619,0.315344,-0.907073,-0.195993,0.372554,0.30043,-0.921189,0.247159,0.295885,0.336371,0.893963,-0.017055,0.013436,-0.025999,-0.067531,0.037399,0.245123,-1.407043,0.004099,0.04414,-0.003566,0.880687,0.185326,0.435939,-0.274217,0.94987,0.150167,-0.386257,-0.251792,0.887358,-0.008553,0.006518,-0.013211,-0.246053,0.123287,0.343261,-0.865238,0.115571,0.025459,-0.031479,0.711864,-0.609306,-0.349278,0.648119,0.761501,-0.007485,0.270537,-0.221045,0.936988,-0.007252,-0.004644,-0.00419,0.004867,0.09805,-0.234829,0.510427
118,0.22817,-0.057275,0.351734,-0.686582,0.615771,-0.386621,-0.686158,-0.724582,0.064335,-0.239675,0.308684,0.920487,0.001434,-0.015892,0.003374,-0.240679,0.123643,-0.14149,0.517936,-0.23582,-0.026388,0.314894,-0.904705,-0.200747,0.375766,0.308383,-0.916996,0.252886,0.294941,0.344926,0.89101,-0.016855,0.014386,-0.024961,-0.208789,0.183162,0.332027,-1.407276,0.003957,0.044268,-0.003808,0.87822,0.190077,0.43886,-0.282731,0.946451,0.155862,-0.385734,-0.26096,0.884933,-0.008373,0.007376,-0.012268,-0.255128,0.228622,0.355027,-0.866381,0.115562,0.025311,-0.031467,0.717968,-0.605252,-0.343789,0.645654,0.763619,0.004006,0.2601,-0.224845,0.939037,0.00075,-0.008184,0.001429,-2.300691,1.272621,-1.263975,0.510264
119,0.228225,-0.057762,0.351883,-0.700562,0.606054,-0.376769,-0.677306,-0.730928,0.083499,-0.22392,0.312926,0.923019,0.001077,-0.012479,0.006929,-0.239524,0.113256,-0.114777,0.505403,-0.236592,-0.025643,0.31357,-0.904896,-0.186786,0.382447,0.302648,-0.914031,0.269973,0.300273,0.360285,0.883116,-0.017979,0.02034,-0.039032,-0.154852,0.255966,0.138028,-1.407737,0.00358,0.044644,-0.004443,0.877028,0.176041,0.447024,-0.278472,0.944477,0.174399,-0.391502,-0.277436,0.877356,-0.016412,0.016347,-0.0228,-0.136076,0.282723,0.148268,-0.883363,0.11559,0.025053,-0.031393,0.73186,-0.593773,-0.334386,0.636339,0.771049,0.023574,0.24383,-0.230035,0.94214,0.00052,-0.00609,0.003621,-0.249636,0.11859,-0.118426,0.502589
120,0.228461,-0.05818,0.351909,-0.705366,0.600879,-0.376098,-0.672017,-0.735631,0.084923,-0.224769,0.311893,0.923162,0.000817,-0.007752,-0.008115,-0.000699,0.011222,-0.026536,0.438776,-0.237582,-0.024524,0.31175,-0.906674,-0.171581,0.385349,0.294592,-0.911254,0.287688,0.302922,0.374582,0.876236,-0.018604,0.028587,-0.050594,-0.291256,0.304856,0.423503,-1.408671,0.003097,0.045187,-0.005326,0.878103,0.162323,0.450095,-0.272298,0.943038,0.191135,-0.393431,-0.290396,0.872284,-0.009201,0.014621,-0.024904,-0.05074,-0.139565,0.174624,-0.881404,0.115707,0.024856,-0.031368,0.736359,-0.588308,-0.334169,0.630795,0.775559,0.024611,0.244689,-0.228914,0.942191,0.000424,-0.004042,-0.004237,-0.000617,0.011139,-0.026138,0.447397
121,0.228712,-0.058341,0.3516,-0.704161,0.601818,-0.376852,-0.673061,-0.73477,0.0841,-0.225416,0.312111,0.92293,0.015903,-0.001337,-0.02272,0.040582,-0.086789,0.208015,0.38094,-0.23806,-0.023847,0.31065,-0.908717,-0.167164,0.382468,0.290649,-0.910914,0.292733,0.300597,0.377392,0.875831,-0.019025,0.037708,-0.061142,0.052865,0.081129,0.082128,-1.408567,0.002859,0.045524,-0.005869,0.879848,0.155976,0.448929,-0.268423,0.942611,0.198577,-0.392192,-0.295221,0.871222,-0.009539,0.018594,-0.030838,0.029699,0.052718,0.099353,-0.881404,0.115826,0.024782,-0.0315,0.735298,-0.58928,-0.33479,0.631804,0.774757,0.023944,0.245271,-0.229127,0.941987,0.008405,-0.006043,-0.006998,0.004406,-0.069737,0.159907,0.392042
122,0.229092,-0.058556,0.350848,-0.702078,0.601952,-0.380506,-0.674317,-0.733704,0.083352,-0.228138,0.314348,0.921502,0.01561,0.001674,-0.01962,0.024761,-0.042257,0.011226,0.332199,-0.239392,-0.022222,0.307757,-0.914882,-0.15468,0.372902,0.279867,-0.908551,0.310069,0.291983,0.38824,0.874002,-0.036111,0.051323,-0.087449,-0.041255,0.252794,0.143326,-1.408703,0.002207,0.046338,-0.00729,0.886474,0.143152,0.440079,-0.25926,0.941335,0.216036,-0.383337,-0.305605,0.871583,-0.018075,0.025365,-0.044016,-0.254331,0.38044,0.270523,-0.879118,0.116017,0.024662,-0.031896,0.733046,-0.589825,-0.338745,0.63324,0.773603,0.023333,0.248292,-0.231611,0.940588,0.00784,0.000573,-0.010091,0.03322,-0.026218,0.00959,0.280514
123,0.229088,-0.058452,0.350401,-0.705333,0.591993,-0.389995,-0.664936,-0.743172,0.074348,-0.244948,0.311021,0.91831,0.000205,-0.001913,-0.002021,0.6569,-0.604316,0.081057,0.324254,-0.240989,-0.020384,0.304391,-0.918552,-0.136945,0.370809,0.267817,-0.905388,0.329364,0.29177,0.402024,0.867819,-0.036414,0.050257,-0.08909,-0.492563,-0.285782,0.601611,-1.408975,0.001373,0.047282,-0.009047,0.889066,0.124625,0.440487,-0.249074,0.939026,0.237048,-0.384087,-0.320466,0.865897,-0.018196,0.024941,-0.044719,-0.496053,-0.370468,0.62992,-0.879281,0.116022,0.024704,-0.032138,0.735935,-0.580824,-0.347908,0.623546,0.78166,0.014033,0.263796,-0.227264,0.937422,-0.000307,0.004061,-0.005753,2.35744,-1.587816,0.479974,0.24459
124,0.228869,-0.05817,0.349993,-0.714881,0.570795,-0.403959,-0.641796,-0.764892,0.054853,-0.276791,0.297758,0.913649,-0.016881,0.017136,-0.020741,0.241363,-0.105359,-0.10555,0.303432,-0.242779,-0.018578,0.301258,-0.920273,-0.112637,0.374703,0.253711,-0.900655,0.352684,0.298904,0.419777,0.856917,-0.050474,0.044566,-0.074874,-0.430084,0.625268,0.338198,-1.408524,0.000496,0.04816,-0.010595,0.889617,0.10182,0.445212,-0.237441,0.935842,0.260423,-0.390132,-0.337388,0.856717,-0.025121,0.022539,-0.037096,-0.469651,0.570174,0.58663,-0.872913,0.115918,0.024844,-0.032328,0.744047,-0.559788,-0.364732,0.598949,0.800754,-0.007146,0.296061,-0.213139,0.931084,-0.000334,0.004364,-0.005429,0.754256,-0.449718,0.333628,0.222709
125,0.228713,-0.057963,0.349787,-0.713973,0.563084,-0.416201,-0.634832,-0.771296,0.045399,-0.294568,0.295927,0.908671,-0.016317,0.009606,-0.008616,-0.104723,-0.38752,-0.3448,0.287514,-0.243674,-0.017797,0.299932,-0.919982,-0.102391,0.378339,0.248237,-0.899038,0.360615,0.304368,0.425809,0.852003,-0.035014,0.034925,-0.065195,-0.373221,0.421605,0.48885,-1.408206,4.2e-05,0.048551,-0.011265,0.888371,0.091696,0.449875,-0.232739,0.934567,0.269104,-0.395763,-0.343768,0.851583,-0.024887,0.018215,-0.031646,-0.38264,0.580083,0.302929,-0.861319,0.11584,0.024949,-0.032438,0.742649,-0.554002,-0.376236,0.591977,0.805754,-0.017966,0.313107,-0.20938,0.926349,-0.000405,0.005036,-0.004719,-0.167155,-0.720943,-0.212601,0.202135
126,0.228349,-0.057494,0.349331,-0.709279,0.551536,-0.439063,-0.62681,-0.778382,0.034675,-0.321758,0.299113,0.898349,-0.016858,0.017099,-0.020791,-0.102728,-0.420092,-0.37516,0.255649,-0.245378,-0.016662,0.297871,-0.919823,-0.073438,0.385388,0.228936,-0.89803,0.375586,0.319658,0.433797,0.842319,-0.034259,0.016929,-0.044091,-0.413455,0.406374,0.465977,-1.407814,-0.000811,0.049125,-0.012304,0.886223,0.063452,0.458892,-0.214697,0.934027,0.285479,-0.410504,-0.351521,0.841379,-0.017079,0.013821,-0.026337,-0.398455,0.547558,0.33547,-0.875035,0.115658,0.025186,-0.032648,0.73713,-0.544555,-0.400123,0.583723,0.811435,-0.028969,0.340449,-0.212207,0.916003,-0.008466,0.009008,-0.009907,-0.18452,-0.781707,-0.467861,0.160986
127,0.227861,-0.057107,0.348318,-0.70541,0.539,-0.46035,-0.624684,-0.779601,0.044315,-0.334131,0.318158,0.88722,-0.015681,0.005833,-0.032747,-0.206821,-0.450604,-0.326276,0.125342,-0.246833,-0.016024,0.295765,-0.918407,-0.016347,0.395287,0.182829,-0.903431,0.387712,0.351925,0.42837,0.832172,-0.036572,0.008376,-0.054729,-0.319942,0.447178,0.182681,-1.407507,-0.001519,0.049456,-0.013309,0.88114,0.006992,0.472803,-0.169306,0.938264,0.301653,-0.441505,-0.345848,0.827926,-0.018297,0.003997,-0.02756,-0.594993,0.710706,0.372639,-0.884506,0.115417,0.025395,-0.033123,0.732683,-0.533292,-0.422817,0.581179,0.813553,-0.019019,0.354127,-0.231798,0.906015,-0.007853,0.003117,-0.016152,-1.034927,-0.608125,0.753286,0.050601
128,0.227598,-0.056923,0.347478,-0.704326,0.528581,-0.473891,-0.622475,-0.780743,0.054203,-0.340465,0.332499,0.87952,-0.015987,0.010853,-0.04761,-0.233482,-0.798428,-0.611505,0.082906,-0.247488,-0.015778,0.294538,-0.913337,0.023718,0.406502,0.151037,-0.907199,0.392569,0.379231,0.419918,0.824449,-0.037435,0.005404,-0.058604,1.950558,2.70905,4.747452,-1.407185,-0.001846,0.049582,-0.013919,0.873488,-0.026409,0.486127,-0.143465,0.940224,0.30886,-0.465226,-0.339528,0.817486,-0.011173,0.007406,-0.034344,-0.051671,1.571764,0.317717,-0.886466,0.115286,0.025488,-0.033535,0.73088,-0.525354,-0.435679,0.579706,0.814764,-0.009971,0.360215,-0.245278,0.900046,-0.007976,0.005498,-0.023716,-0.119512,-0.515674,-0.469347,-0.032187
129,0.226903,-0.056309,0.34548,-0.697886,0.511922,-0.500935,-0.624898,-0.776931,0.076509,-0.349162,0.365786,0.862736,-0.016919,0.021891,-0.056161,-0.384319,-1.17415,-0.937604,0.053411,-0.248633,-0.015286,0.29177,-0.884658,0.122569,0.449831,0.079099,-0.911248,0.404109,0.460544,0.392928,0.795846,-0.039058,0.010545,-0.07479,2.68899,5.262036,3.599298,-1.406997,-0.002431,0.049834,-0.015319,0.838352,-0.120204,0.53171,-0.072123,0.942352,0.326756,-0.540336,-0.312285,0.781354,-0.012196,0.003894,-0.039,-0.654915,1.269779,1.251014,-0.898386,0.114934,0.025781,-0.034563,0.723593,-0.51175,-0.463167,0.582502,0.812739,0.012036,0.370275,-0.278505,0.886188,-0.016098,0.010066,-0.028357,-0.280856,-0.87416,-0.832938,-0.118405
130,0.225932,-0.055172,0.343025,-0.691288,0.497013,-0.524543,-0.631926,-0.767843,0.105162,-0.349646,0.403547,0.845533,-0.034063,0.042,-0.073921,-0.231143,-0.868038,-0.789952,0.067839,-0.249395,-0.015323,0.288416,-0.805469,0.258893,0.533091,-0.017959,-0.909672,0.414858,0.593343,0.32426,0.736656,-0.01291,-0.016242,-0.087114,2.024604,4.759831,5.06696,-1.405479,-0.002825,0.049827,-0.017015,0.743961,-0.248724,0.620207,0.026445,0.938377,0.344599,-0.667699,-0.239967,0.704693,-0.006552,-0.008671,-0.044217,1.966885,4.840926,5.087564,-0.903774,0.114455,0.026338,-0.035789,0.715883,-0.49781,-0.489587,0.589795,0.806437,0.042427,0.373701,-0.319128,0.870921,-0.016583,0.016069,-0.032117,-0.433854,-1.121459,-1.087754,-0.138489
131,0.224705,-0.053295,0.339947,-0.676682,0.484931,-0.554065,-0.650566,-0.746152,0.141393,-0.344015,0.455527,0.821082,-0.03488,0.052818,-0.082711,-0.512384,-1.134925,-1.22606,0.089283,-0.249434,-0.015805,0.284869,-0.677379,0.379418,0.630231,-0.114228,-0.900489,0.41953,0.72753,0.21172,0.652486,0.017672,-0.017112,-0.089353,3.493933,5.201868,4.660365,-1.405756,-0.002855,0.049576,-0.018776,0.604623,-0.353486,0.713777,0.116822,0.925793,0.359526,-0.787897,-0.133993,0.601051,0.009005,-0.008535,-0.04477,2.751601,6.363717,2.277277,-0.908837,0.113842,0.027272,-0.037325,0.700376,-0.489821,-0.519179,0.6101,0.78835,0.079259,0.370472,-0.372263,0.850981,-0.01778,0.031541,-0.045953,-0.518982,-0.756633,-0.768168,-0.118405
132,0.223985,-0.05201,0.338094,-0.669544,0.475745,-0.570459,-0.660853,-0.732142,0.164961,-0.338351,0.486842,0.805314,-0.035803,0.064819,-0.090137,-0.77955,-1.131596,-1.135952,0.101899,-0.248875,-0.016182,0.283083,-0.602927,0.408277,0.685406,-0.142477,-0.900333,0.411139,0.785693,0.149726,0.60011,0.033257,-0.017079,-0.089876,3.282533,6.882649,0.571489,-1.405364,-0.002595,0.049395,-0.019642,0.528103,-0.379491,0.759666,0.14968,0.92218,0.356621,-0.835884,-0.074626,0.543809,0.024078,-0.009692,-0.046269,-0.719715,2.949635,-0.235471,-0.910796,0.113495,0.02788,-0.038214,0.693032,-0.482721,-0.53543,0.620688,0.777316,0.102591,0.366676,-0.403434,0.838324,-0.017873,0.031912,-0.045529,-3.683988,-0.254345,3.003719,-0.105341
133,0.221956,-0.049163,0.334348,-0.648634,0.470615,-0.598198,-0.696662,-0.683616,0.217495,-0.30578,0.557227,0.772026,-0.052539,0.083728,-0.109266,-0.871346,-1.116066,-1.422254,0.154846,-0.247037,-0.017033,0.279667,-0.502404,0.431647,0.749175,-0.168,-0.898607,0.405235,0.848744,0.077197,0.523008,0.049603,-0.015156,-0.088644,3.40928,4.345566,1.606474,-1.405456,-0.001653,0.048946,-0.021421,0.413642,-0.393539,0.820991,0.176349,0.919307,0.351816,-0.893196,-0.000745,0.449664,0.024978,-0.007388,-0.044287,3.437772,4.30809,1.575548,-0.916185,0.112473,0.02933,-0.040111,0.671117,-0.480437,-0.564606,0.659824,0.734305,0.15946,0.337983,-0.479557,0.809809,-0.033463,0.036052,-0.050117,-1.797954,-1.178646,-0.722773,-0.050639
134,0.218845,-0.04623,0.330009,-0.638425,0.432845,-0.636478,-0.707571,-0.655506,0.263868,-0.302213,0.618272,0.725557,-0.097745,0.073936,-0.116679,-4.141188,-0.045598,2.356354,0.198744,-0.243962,-0.017512,0.276255,-0.442131,0.424766,0.789991,-0.13996,-0.902557,0.407106,0.886471,0.068904,0.457476,0.097198,-0.013449,-0.087325,-0.771033,2.237763,-0.883009,-1.404903,-0.000153,0.048711,-0.023096,0.352716,-0.381485,0.854435,0.151516,0.924355,0.350156,-0.923381,0.005955,0.383836,0.048645,-0.012091,-0.03933,-0.561956,1.77521,-0.929162,-0.925492,0.110934,0.030809,-0.042269,0.660901,-0.4427,-0.60599,0.668568,0.71413,0.207448,0.340918,-0.542249,0.767945,-0.041062,0.037249,-0.058609,-0.521031,-2.280135,-1.378028,0.01631
135,0.217045,-0.04492,0.327688,-0.632986,0.405006,-0.659806,-0.708434,-0.646712,0.282588,-0.311474,0.645797,0.697106,-0.096471,0.058106,-0.11392,-0.673729,-2.296076,-0.798494,0.224639,-0.241881,-0.017921,0.274605,-0.405539,0.420791,0.811458,-0.133366,-0.905397,0.402994,0.904755,0.05469,0.422245,0.127837,-0.027737,-0.084173,-0.778337,2.095294,-0.468284,-1.405036,0.000877,0.048516,-0.023916,0.315024,-0.373534,0.872485,0.145487,0.927433,0.344529,-0.937866,0.018401,0.346508,0.056384,-0.012929,-0.040889,-0.600344,1.833022,-0.675274,-0.925329,0.109997,0.031496,-0.043468,0.652192,-0.420385,-0.630809,0.673389,0.703435,0.227431,0.348125,-0.573109,0.741858,-0.048083,0.028574,-0.057463,-0.651974,-2.357283,-0.769658,0.051581
136,0.21305,-0.042676,0.32298,-0.612986,0.363152,-0.701722,-0.7239,-0.614017,0.314521,-0.315895,0.70032,0.640148,-0.111472,0.053317,-0.118992,-0.767302,-1.782974,-0.840605,0.264137,-0.2367,-0.019269,0.271448,-0.346115,0.408283,0.844689,-0.118682,-0.912085,0.392364,0.931035,0.035052,0.363054,0.144203,-0.039602,-0.079395,-0.502609,1.332752,-0.031219,-1.405576,0.003516,0.047834,-0.02552,0.252001,-0.355573,0.900035,0.131288,0.934013,0.332238,-0.958779,0.03444,0.282055,0.072137,-0.019806,-0.039789,-0.445134,1.229663,-0.102692,-0.928921,0.108041,0.032593,-0.045783,0.629836,-0.383412,-0.6755,0.690718,0.674256,0.261319,0.355267,-0.631168,0.689501,-0.055627,0.026661,-0.05943,-0.627359,-1.622583,-0.681449,0.119346
137,0.208269,-0.040772,0.318502,-0.602748,0.310035,-0.735267,-0.725783,-0.595935,0.343617,-0.330895,0.740372,0.585137,-0.126334,0.045245,-0.107329,-0.647333,-1.616505,-0.610734,0.276504,-0.230728,-0.020703,0.268265,-0.323985,0.385791,0.863823,-0.10824,-0.922121,0.371363,0.9402,0.026344,0.339399,0.161777,-0.035975,-0.077158,0.004875,0.475948,-0.589808,-1.406197,0.00638,0.04714,-0.02706,0.229229,-0.332142,0.914951,0.122963,0.942331,0.311275,-0.965574,0.041152,0.256851,0.073211,-0.017389,-0.037701,0.025421,0.347476,-0.477909,-0.932024,0.105705,0.033521,-0.047998,0.617055,-0.334175,-0.712439,0.693401,0.658966,0.291473,0.37207,-0.673862,0.638336,-0.062711,0.016658,-0.049912,-0.729822,-1.657356,-0.652281,0.151678
138,0.205851,-0.040034,0.316601,-0.598221,0.286414,-0.748428,-0.724834,-0.591669,0.352867,-0.341018,0.753221,0.562487,-0.141145,0.035298,-0.097291,-0.36872,-1.192272,-0.237862,0.286319,-0.227675,-0.021343,0.266904,-0.319849,0.375624,0.869824,-0.105874,-0.926401,0.361256,0.941879,0.022996,0.334958,0.163336,-0.042909,-0.064299,0.123322,0.108659,-0.642186,-1.406384,0.007966,0.046804,-0.02778,0.223859,-0.321374,0.920111,0.121234,0.94592,0.300892,-0.967051,0.044192,0.250714,0.089476,-0.015795,-0.036296,0.263476,-0.117929,-0.742983,-0.936106,0.104454,0.033909,-0.048995,0.611155,-0.308854,-0.728764,0.692308,0.654886,0.303039,0.383663,-0.689734,0.614059,-0.063125,0.023283,-0.05312,-0.465702,-1.306423,-0.497259,0.163108
139,0.200513,-0.038931,0.313047,-0.592474,0.240384,-0.768918,-0.721791,-0.582305,0.374048,-0.357099,0.776311,0.519469,-0.140817,0.025625,-0.088765,-0.428918,-1.248021,-0.304566,0.311106,-0.220839,-0.022671,0.264554,-0.311452,0.360529,0.879208,-0.089485,-0.932175,0.35068,0.946372,0.030103,0.321459,0.181821,-0.033901,-0.054338,-0.117574,0.505733,-0.271545,-1.406575,0.011377,0.046134,-0.028964,0.217118,-0.304165,0.927546,0.106599,0.951919,0.287205,-0.970307,0.036518,0.239102,0.09102,-0.016566,-0.02669,-0.181356,0.454203,-0.029122,-0.934963,0.101832,0.034462,-0.050742,0.603078,-0.267063,-0.751646,0.689858,0.647709,0.323369,0.400489,-0.713546,0.574855,-0.070052,0.007422,-0.039964,-0.320122,-0.999282,-0.198463,0.19593
140,0.19551,-0.038829,0.310208,-0.575923,0.207824,-0.790676,-0.723676,-0.579518,0.374731,-0.379623,0.787749,0.485144,-0.124348,-0.008153,-0.066823,-0.159975,-0.717747,0.135568,0.294029,-0.213328,-0.023897,0.262549,-0.305753,0.341647,0.888698,-0.062199,-0.938503,0.339524,0.950401,0.048117,0.307059,0.18404,-0.026228,-0.046044,-0.033484,0.258354,-0.17118,-1.406841,0.015057,0.045529,-0.02995,0.210971,-0.284728,0.935104,0.080394,0.958449,0.273698,-0.97418,0.017434,0.225095,0.09988,-0.013225,-0.023539,-0.022403,0.122599,0.025359,-0.935779,0.099277,0.034534,-0.052196,0.5846,-0.234695,-0.776633,0.691552,0.644715,0.325726,0.424261,-0.727502,0.539204,-0.069561,-0.00979,-0.028957,-0.229087,-0.647929,-0.111913,0.202951
141,0.190721,-0.039794,0.308098,-0.559386,0.18458,-0.808123,-0.724732,-0.582097,0.368642,-0.401673,0.791656,0.460399,-0.123848,-0.039947,-0.041685,-0.117706,-0.514806,0.151493,0.286976,-0.20575,-0.024503,0.26094,-0.319162,0.32284,0.891011,-0.017935,-0.942005,0.335021,0.947869,0.090551,0.305298,0.201337,-0.004889,-0.04267,-0.386108,-0.153242,-0.15472,-1.406868,0.018991,0.045205,-0.030792,0.225292,-0.265867,0.937313,0.037006,0.963688,0.264453,-0.973587,-0.024893,0.22695,0.100757,-0.002108,-0.020957,-0.399903,-0.132989,-0.139065,-0.934636,0.096883,0.03406,-0.053264,0.566803,-0.214413,-0.795462,0.692408,0.64719,0.318926,0.446434,-0.731553,0.515291,-0.062096,-0.014563,-0.025055,-0.040747,-0.62711,0.08444,0.185479
142,0.188431,-0.040594,0.307346,-0.553307,0.179476,-0.81344,-0.725148,-0.584335,0.364259,-0.409264,0.791187,0.45448,-0.108459,-0.048371,-0.031631,-0.036333,-0.245673,0.352179,0.287844,-0.201919,-0.024592,0.260196,-0.332997,0.311646,0.889933,0.001581,-0.943545,0.331141,0.943282,0.111295,0.312562,0.186663,-0.012743,-0.030136,0.260741,-0.563275,-0.25442,-1.406814,0.020837,0.045167,-0.03115,0.237768,-0.256804,0.936758,0.017149,0.965376,0.260296,-0.971169,-0.045826,0.233939,0.101047,-0.000145,-0.018733,0.031611,-0.03851,-0.006918,-0.937249,0.095733,0.03366,-0.053648,0.560515,-0.209425,-0.801225,0.692539,0.649053,0.314831,0.454105,-0.731348,0.50884,-0.062147,-0.019411,-0.020439,0.035028,-0.16567,0.346715,0.183193
143,0.184077,-0.042347,0.306163,-0.539887,0.17789,-0.822753,-0.730082,-0.585443,0.352432,-0.418316,0.790728,0.446976,-0.109006,-0.053772,-0.017653,-0.058237,-0.207977,0.347395,0.292294,-0.194458,-0.024762,0.259065,-0.35112,0.298905,0.887334,0.030983,-0.943377,0.330173,0.936195,0.143057,0.320838,0.17191,-0.006155,-0.02176,0.015318,-0.074538,0.106157,-1.406991,0.024509,0.04508,-0.031704,0.258845,-0.243286,0.934778,-0.011397,0.966924,0.254808,-0.965851,-0.07661,0.24751,0.09385,-0.002904,-0.011249,-0.119719,-0.096817,0.119782,-0.936269,0.093556,0.03278,-0.054252,0.547049,-0.209991,-0.810332,0.697429,0.649696,0.302465,0.462955,-0.730614,0.50187,-0.054651,-0.021385,-0.012936,-0.024468,-0.216207,0.369348,0.184989
144,0.180119,-0.043973,0.305386,-0.527545,0.179285,-0.830421,-0.737312,-0.582187,0.342639,-0.421381,0.792812,0.440356,-0.094359,-0.035712,-0.018891,-0.020922,-0.246556,0.422063,0.321303,-0.187937,-0.024756,0.258233,-0.365935,0.289975,0.884306,0.066752,-0.939518,0.335832,0.928637,0.181566,0.32331,0.172379,-0.001714,-0.01717,0.007973,-0.035454,0.136418,-1.40674,0.027835,0.045085,-0.03213,0.27389,-0.235769,0.932414,-0.04781,0.96495,0.25804,-0.960571,-0.115253,0.253018,0.078069,0.005216,-0.011346,0.053756,-0.161927,0.311392,-0.937086,0.091613,0.03197,-0.054636,0.534977,-0.212676,-0.817659,0.704769,0.646072,0.29307,0.465938,-0.733047,0.495521,-0.04716,-0.018065,-0.009621,-0.02956,-0.13465,0.224703,0.206054
145,0.178431,-0.044609,0.305069,-0.524076,0.179321,-0.832606,-0.736672,-0.586038,0.337411,-0.42679,0.789963,0.44027,-0.094531,-0.032614,-0.015401,-0.002333,-0.100106,0.275296,0.342237,-0.184851,-0.02466,0.257859,-0.378359,0.280573,0.882108,0.091934,-0.936781,0.337526,0.92149,0.208457,0.327512,0.141065,-0.001055,-0.014353,-0.239544,-0.543011,-0.36433,-1.4066,0.02939,0.045135,-0.032315,0.285111,-0.228972,0.930743,-0.073203,0.96301,0.259333,-0.955695,-0.142072,0.257803,0.078094,0.005784,-0.010951,-1.185914,-1.175852,-0.576175,-0.941658,0.090692,0.031625,-0.054809,0.531066,-0.213432,-0.820008,0.704172,0.649434,0.287011,0.471284,-0.729849,0.495186,-0.047241,-0.015993,-0.007251,-0.019532,-0.122331,0.264741,0.229241
146,0.175269,-0.045641,0.30456,-0.516543,0.177244,-0.837743,-0.738031,-0.588238,0.330543,-0.433569,0.788798,0.435709,-0.063572,-0.015219,-0.017295,0.005851,-0.106641,0.178794,0.390627,-0.179528,-0.024458,0.257102,-0.392119,0.26951,0.879545,0.121306,-0.932547,0.339962,0.912305,0.239668,0.331846,0.108913,0.009502,-0.021734,-0.079327,-0.158369,0.144643,-1.406146,0.032063,0.045237,-0.032684,0.301443,-0.216743,0.928522,-0.102685,0.960777,0.257609,-0.947938,-0.172999,0.267364,0.062709,-0.000824,-0.00765,-0.444732,-0.146958,-0.102443,-0.942964,0.089164,0.031124,-0.055054,0.523732,-0.211878,-0.825113,0.705255,0.651121,0.280455,0.477827,-0.728799,0.490441,-0.031639,-0.012928,-0.004171,-0.03194,-0.09584,0.159805,0.287046
147,0.172733,-0.046384,0.304096,-0.506091,0.172482,-0.845084,-0.73698,-0.595475,0.319752,-0.447452,0.784418,0.429537,-0.063588,-0.025791,-0.008725,-0.030628,-0.08088,0.134864,0.422609,-0.175659,-0.024138,0.256404,-0.397609,0.26151,0.879495,0.135487,-0.93121,0.338269,0.907927,0.253336,0.333696,0.077629,0.011939,-0.015437,-0.37657,-0.101499,-0.196606,-1.406023,0.034009,0.045391,-0.033044,0.307199,-0.209511,0.928296,-0.11632,0.959883,0.255134,-0.944509,-0.186356,0.270504,0.038829,0.005861,-0.007957,-1.37111,-0.074754,-1.138685,-0.940188,0.087843,0.030746,-0.055284,0.512601,-0.208343,-0.832966,0.704005,0.657352,0.268821,0.491545,-0.72421,0.483634,-0.031779,-0.012768,-0.004161,-0.033682,-0.075885,0.129611,0.351382
148,0.170224,-0.046986,0.30331,-0.485591,0.166332,-0.858243,-0.74186,-0.597745,0.303835,-0.461876,0.784028,0.414727,-0.064293,-0.018082,-0.021675,0.013685,-0.902187,0.667487,0.444263,-0.17278,-0.023572,0.25598,-0.400157,0.253877,0.880575,0.168039,-0.924171,0.342937,0.90134,0.284886,0.32602,0.062852,0.004073,-0.000871,-0.498297,0.558924,-0.696544,-1.405487,0.035454,0.045674,-0.033265,0.310679,-0.202443,0.928706,-0.149219,0.954553,0.257995,-0.938729,-0.218734,0.266351,0.030978,0.007605,-0.004565,-1.416966,1.292385,-2.400637,-0.940025,0.086613,0.030458,-0.055661,0.492825,-0.20578,-0.845444,0.708466,0.658999,0.252578,0.505172,-0.723446,0.47056,-0.03227,-0.004205,-0.015831,0.311902,-2.278986,2.285375,0.385347
149,0.168989,-0.047367,0.302816,-0.479786,0.15348,-0.863883,-0.734446,-0.608906,0.299658,-0.479443,0.778055,0.405946,-0.06464,-0.020625,-0.025159,-0.095324,-0.753398,-0.014469,0.456304,-0.171746,-0.023477,0.25593,-0.399462,0.25013,0.881962,0.179894,-0.92189,0.343062,0.899356,0.29539,0.32213,0.047124,0.002962,-0.000889,-0.053881,0.12957,-0.028815,-1.405623,0.035978,0.045726,-0.033285,0.309204,-0.198268,0.930097,-0.16193,0.952766,0.256933,-0.937107,-0.230056,0.262493,0.023572,0.001666,-0.0002,-0.058208,-0.020937,0.112173,-0.940515,0.085996,0.030271,-0.055904,0.485733,-0.194385,-0.852218,0.700754,0.66938,0.246723,0.522499,-0.717037,0.461357,-0.032318,-0.01053,-0.012819,0.451094,-0.328101,0.121159,0.402982
150,0.166526,-0.048088,0.301613,-0.469654,0.125405,-0.873924,-0.721154,-0.62551,0.297734,-0.508734,0.769909,0.385301,-0.065326,-0.012022,-0.03717,0.000488,-0.65232,0.067944,0.490294,-0.170424,-0.023324,0.256028,-0.402867,0.242638,0.882506,0.202335,-0.916675,0.344529,0.893045,0.317061,0.31907,0.015791,0.00478,0.005486,0.003147,-0.03137,0.053052,-1.405401,0.03665,0.045799,-0.033243,0.313092,-0.190645,0.930391,-0.184631,0.948736,0.256535,-0.931603,-0.252098,0.261843,0.015741,0.002733,0.002317,-0.003252,0.076811,-0.109148,-0.939372,0.084765,0.029905,-0.056503,0.473897,-0.165968,-0.864797,0.68653,0.684646,0.244815,0.551449,-0.709727,0.438394,-0.032592,-0.011813,-0.014745,0.205404,-0.870305,-0.18497,0.44756
151,0.16394,-0.04868,0.300285,-0.456412,0.102914,-0.883823,-0.721363,-0.624299,0.299762,-0.52036,0.774243,0.360279,-0.065568,-0.010837,-0.036217,-0.196203,-0.783536,0.028996,0.511262,-0.170194,-0.023223,0.256251,-0.407246,0.235631,0.882395,0.218593,-0.912842,0.344777,0.88721,0.333001,0.31911,-0.015619,0.002205,0.005233,-0.002073,0.015194,-0.029256,-1.405688,0.036777,0.045856,-0.033124,0.317932,-0.183839,0.930119,-0.200946,0.945668,0.255599,-0.926574,-0.268167,0.263716,3.6e-05,0.001742,0.002659,0.016086,-0.131559,0.18527,-0.940352,0.083471,0.029604,-0.057173,0.459592,-0.14573,-0.876091,0.686722,0.68385,0.246497,0.563194,-0.71492,0.414368,-0.032718,-0.011083,-0.014088,-0.228376,-0.674741,-0.166435,0.48675
152,0.161371,-0.049042,0.298927,-0.445539,0.079985,-0.891708,-0.716738,-0.628695,0.301663,-0.535937,0.773423,0.338549,-0.065645,-0.008377,-0.033533,-0.112672,-0.4884,-0.037732,0.516981,-0.170516,-0.02307,0.256618,-0.413428,0.226329,0.881954,0.239925,-0.907226,0.345412,0.8788,0.354125,0.319638,-0.014622,-0.005701,0.018316,-0.475356,-0.161464,-0.182135,-1.405252,0.036622,0.045928,-0.032957,0.324147,-0.175614,0.929563,-0.220841,0.94142,0.254863,-0.919868,-0.287899,0.266376,-0.007664,0.003215,0.005758,-4.875226,-1.899555,-1.771604,-0.936596,0.082187,0.029419,-0.057857,0.447134,-0.123019,-0.885966,0.681899,0.687893,0.248628,0.578864,-0.71531,0.391467,-0.032789,-0.004116,-0.016626,-0.15358,-0.586316,-0.092374,0.504876
153,0.160022,-0.049142,0.298289,-0.441622,0.064525,-0.894903,-0.706517,-0.639781,0.302467,-0.552483,0.765758,0.329247,-0.065609,-0.006638,-0.031487,-0.053578,-0.456519,-0.027839,0.517456,-0.170779,-0.023006,0.256861,-0.414968,0.223925,0.881846,0.245363,-0.90571,0.345575,0.876572,0.359496,0.319764,0.000171,0.006889,0.0105,0.001529,-0.016929,0.023221,-1.405036,0.036479,0.045963,-0.032821,0.326242,-0.172563,0.929401,-0.227999,0.939804,0.254527,-0.917377,-0.29494,0.267259,7.8e-05,0.003535,0.005396,0.00261,-0.015191,0.024384,-0.933167,0.081512,0.029368,-0.058178,0.442362,-0.10806,-0.890302,0.671076,0.698443,0.248662,0.594955,-0.707459,0.381481,-0.040692,-0.00277,-0.014938,0.002435,-0.557422,-0.139441,0.508631
154,0.156992,-0.049262,0.297172,-0.435026,0.035897,-0.899727,-0.688343,-0.657415,0.306532,-0.579956,0.752624,0.311825,-0.097284,-0.001792,-0.025513,-0.160762,-0.475986,-0.334338,0.517157,-0.171146,-0.022885,0.257487,-0.4236,0.20954,0.881276,0.277407,-0.896048,0.346522,0.862779,0.390997,0.320306,0.00113,-0.002162,0.021787,-0.164304,-0.07332,-0.018333,-1.405148,0.036296,0.046022,-0.03252,0.335576,-0.158703,0.928548,-0.26032,0.931698,0.253321,-0.905329,-0.326728,0.271341,0.000104,0.004627,0.007029,-0.438522,-0.192222,-0.138297,-0.938882,0.080009,0.029305,-0.058741,0.434385,-0.081664,-0.897017,0.651944,0.715676,0.250553,0.621512,-0.693641,0.364119,-0.040603,-0.000626,-0.012352,-0.149611,-0.60479,-0.110824,0.512877
155,0.153602,-0.049383,0.296448,-0.429894,0.03095,-0.902374,-0.689376,-0.656655,0.305839,-0.582555,0.753513,0.304754,-0.081115,-0.008867,-0.012406,-0.006016,-0.008361,-0.031714,0.519927,-0.171029,-0.022738,0.258129,-0.438909,0.180032,0.880306,0.329251,-0.87927,0.344111,0.836501,0.440648,0.325513,0.000178,0.007079,0.010688,-4.75906,-2.111938,-1.923481,-1.404602,0.036355,0.046102,-0.032179,0.351915,-0.131079,0.926808,-0.311264,0.917409,0.247939,-0.882762,-0.375735,0.28205,0.000161,0.003404,0.005121,-4.73653,-2.145557,-1.956124,-0.942311,0.078308,0.029246,-0.059109,0.428588,-0.075426,-0.900345,0.652995,0.714566,0.25098,0.624426,-0.695488,0.355508,-0.048462,-0.003741,-0.005265,0.015759,-0.050327,0.134144,0.515653
156,0.151747,-0.049488,0.296226,-0.427926,0.028333,-0.903394,-0.689826,-0.656047,0.306127,-0.583471,0.754148,0.301412,-0.096977,-0.006524,-0.009658,0.000441,-0.101648,0.139116,0.521224,-0.170764,-0.022841,0.258395,-0.443313,0.169908,0.880112,0.345002,-0.873804,0.342599,0.827784,0.455304,0.327619,0.01663,-0.006967,0.012641,-0.018057,-0.071661,-0.004886,-1.404513,0.036487,0.046055,-0.03204,0.357617,-0.119716,0.926163,-0.328528,0.912227,0.244768,-0.874173,-0.391803,0.286898,0.008293,-0.003715,0.005971,-0.036336,-0.028968,0.026972,-0.943617,0.077386,0.029193,-0.059221,0.426633,-0.073095,-0.901465,0.653444,0.714023,0.251356,0.625295,-0.696295,0.352389,-0.048512,-0.003519,-0.005119,0.007159,0.04079,-0.042445,0.516959
157,0.147755,-0.049924,0.296012,-0.420841,0.029386,-0.906683,-0.692599,-0.655885,0.300156,-0.585343,0.754248,0.297508,-0.097204,-0.016046,3.1e-05,-0.031944,-0.079391,0.1259,0.521791,-0.170016,-0.023267,0.258585,-0.453551,0.144276,0.879471,0.386208,-0.857439,0.339963,0.803682,0.493666,0.332041,0.015584,-0.002405,-0.005463,-0.125595,-0.072396,-0.025218,-1.405119,0.036861,0.045846,-0.031938,0.369054,-0.094881,0.924552,-0.37013,0.897483,0.239848,-0.852527,-0.430721,0.296101,0.007771,-0.001559,-0.003279,-0.138101,-0.043981,-0.004891,-0.943944,0.075427,0.028987,-0.059328,0.419559,-0.075164,-0.90461,0.656246,0.713639,0.245071,0.627145,-0.696469,0.34874,-0.048564,-0.002666,-0.004293,0.001264,-0.08781,0.138882,0.520388
158,0.144266,-0.050312,0.295897,-0.403428,0.032588,-0.914456,-0.698809,-0.656122,0.284852,-0.590218,0.753905,0.288612,-0.080979,-0.002986,-0.005789,0.004482,-0.107309,0.173745,0.521443,-0.16923,-0.023652,0.258078,-0.459131,0.116706,0.880664,0.432156,-0.836701,0.336313,0.776651,0.534847,0.332589,0.015436,-0.011279,-0.01897,-4.837505,-1.811054,-2.082819,-1.405164,0.037248,0.045661,-0.032179,0.375064,-0.070489,0.924314,-0.411565,0.880782,0.234172,-0.830626,-0.468245,0.301339,0.015542,-0.0056,-0.010366,0.046293,-0.102127,-0.063255,-0.944434,0.07364,0.02878,-0.059387,0.402387,-0.079895,-0.911976,0.662436,0.712993,0.22982,0.631871,-0.696603,0.339825,-0.040541,-0.006893,0.001493,-0.033748,-0.087767,0.147238,0.520551
159,0.142775,-0.050363,0.295831,-0.396478,0.033916,-0.917442,-0.701217,-0.656188,0.278719,-0.592075,0.753789,0.285091,-0.064604,-0.00082,-0.00265,0.006136,-0.1361,0.228376,0.52134,-0.168788,-0.023878,0.257642,-0.455999,0.106775,0.883547,0.448828,-0.829606,0.332026,0.768992,0.547827,0.32924,0.014511,-0.001464,-0.02924,-4.833297,-1.674533,-2.014521,-1.405329,0.037469,0.045541,-0.032398,0.372324,-0.060204,0.926147,-0.428182,0.874205,0.228962,-0.823428,-0.481808,0.299709,0.015549,-0.006653,-0.012023,0.0519,0.586844,-0.68998,-0.944434,0.072918,0.028751,-0.059424,0.395752,-0.081765,-0.914709,0.664754,0.71272,0.223899,0.633625,-0.696666,0.336414,-0.03232,-0.000549,-0.001452,0.004209,-0.120083,0.200913,0.519735
160,0.140367,-0.050201,0.295783,-0.398596,0.030602,-0.916641,-0.700652,-0.655067,0.282747,-0.59132,0.754908,0.283692,-0.064143,0.002383,0.001483,-0.061463,-0.307623,0.098466,0.522175,-0.168027,-0.024348,0.25664,-0.434617,0.093769,0.895716,0.481653,-0.816095,0.319268,0.761445,0.570062,0.308375,0.015444,-0.015726,-0.026071,-0.085055,2.146347,-2.154732,-1.405489,0.037849,0.045308,-0.032906,0.354185,-0.043038,0.934184,-0.464547,0.858877,0.215696,-0.811633,-0.510369,0.284209,0.015582,-0.007449,-0.013368,-0.378219,0.400702,0.323368,-0.940678,0.071684,0.028833,-0.059446,0.397756,-0.078807,-0.914099,0.664322,0.71192,0.227693,0.632823,-0.697823,0.335524,-0.031888,0.007243,-0.002641,-0.064225,-0.435868,0.093119,0.520551
161,0.138437,-0.050037,0.295831,-0.389809,0.029446,-0.92045,-0.703489,-0.654511,0.27693,-0.593813,0.755437,0.276997,-0.031908,0.002232,0.002069,-0.001298,-0.192336,0.272667,0.521607,-0.167306,-0.024698,0.255627,-0.41736,0.081129,0.905107,0.526876,-0.789821,0.313874,0.740833,0.607771,0.285734,0.015568,-0.011095,-0.019138,-5.136275,-1.404561,-1.572917,-1.404934,0.038215,0.045114,-0.033441,0.33352,-0.029904,0.942268,-0.509943,0.834932,0.206993,-0.79292,-0.549539,0.263217,0.00789,-0.005565,-0.009552,-5.126818,-1.418256,-1.581746,-0.940841,0.070707,0.028917,-0.05942,0.388685,-0.077596,-0.918097,0.667179,0.710931,0.22237,0.635448,-0.698967,0.328098,-0.02391,0.001814,0.001781,0.009339,-0.151037,0.257538,0.520551
162,0.137125,-0.04992,0.295775,-0.380365,0.022682,-0.924583,-0.70602,-0.652859,0.274377,-0.596933,0.757108,0.265492,-0.016344,0.008604,-0.01219,0.015985,-0.150605,0.098838,0.522223,-0.166644,-0.024838,0.254806,-0.407959,0.066199,0.910592,0.563532,-0.766362,0.30831,0.718737,0.638836,0.274172,0.014681,0.002503,-0.023629,0.016163,0.124737,-0.159671,-1.404769,0.038546,0.045046,-0.03385,0.324792,-0.013319,0.945691,-0.548634,0.811823,0.199858,-0.770397,-0.58375,0.256366,0.007349,0.001394,-0.011606,0.029765,0.101754,-0.177976,-0.944434,0.07004,0.028984,-0.059436,0.378586,-0.071518,-0.922798,0.669892,0.709155,0.219868,0.638683,-0.701415,0.316386,-0.008186,0.00422,-0.006181,0.037988,-0.09792,0.127153,0.521041
163,0.136768,-0.049998,0.295603,-0.374482,0.01082,-0.927196,-0.699676,-0.659462,0.274837,-0.608018,0.751643,0.255685,-0.017246,-0.006125,-0.00897,-0.068976,-0.44252,0.137458,0.522309,-0.16628,-0.02484,0.25441,-0.403334,0.052719,0.913528,0.588085,-0.749836,0.303045,0.70145,0.659386,0.27026,0.015664,-0.007783,-0.014165,-0.055502,0.124688,-0.196025,-1.404723,0.038711,0.045045,-0.034035,0.320902,0.000664,0.947111,-0.573262,0.796152,0.193676,-0.753917,-0.605095,0.255867,0.007365,0.002322,-0.010184,-0.428064,-0.005805,-0.335446,-0.942311,0.06987,0.028954,-0.059508,0.372604,-0.061029,-0.925981,0.663109,0.715565,0.219666,0.649194,-0.695875,0.307091,-0.008685,-0.003441,-0.004989,-0.000373,-0.642995,0.011587,0.521531
164,0.136645,-0.050505,0.294939,-0.361689,-0.012392,-0.93224,-0.686982,-0.672438,0.275416,-0.629844,0.740062,0.235864,-0.002601,-0.014642,-0.020272,-0.196827,-0.816212,-0.063544,0.521662,-0.165625,-0.024706,0.254053,-0.397077,0.032337,0.917211,0.625394,-0.721812,0.296317,0.672106,0.691229,0.265216,0.014796,0.012349,-0.008321,0.034923,-0.026766,0.044006,-1.40422,0.039056,0.045104,-0.034239,0.315145,0.021672,0.948795,-0.611402,0.769268,0.185508,-0.725858,-0.638557,0.255681,0.007404,0.006537,-0.003615,0.037024,-0.02855,0.051412,-0.935453,0.069802,0.028698,-0.059845,0.358569,-0.040215,-0.932636,0.64974,0.728104,0.218408,0.670273,-0.684285,0.287204,-0.001347,-0.007648,-0.010587,-0.169639,-0.744173,-0.025447,0.522021
165,0.136799,-0.050935,0.293817,-0.350667,-0.027374,-0.936124,-0.688811,-0.669684,0.277551,-0.634077,0.742173,0.217149,-0.002633,0.004563,-0.041079,-0.045679,-0.489441,-0.059136,0.521502,-0.165176,-0.024572,0.254184,-0.386834,0.0216,0.921891,0.645727,-0.707268,0.287649,0.658695,0.706525,0.258467,2.3e-05,0.003051,0.00477,1.8e-05,0.000372,-0.000476,-1.404294,0.03928,0.045174,-0.034167,0.305071,0.033136,0.951752,-0.631584,0.755028,0.176159,-0.712763,-0.654853,0.251266,0.007893,0.002461,0.002814,0.005731,-0.036142,0.059872,-0.933657,0.069878,0.028477,-0.060396,0.346464,-0.024773,-0.937735,0.651771,0.725304,0.221648,0.674652,-0.687982,0.267438,0.006506,-0.004268,-0.017536,-0.118452,-0.586902,-0.133711,0.522184
166,0.13678,-0.050966,0.29308,-0.346211,-0.038164,-0.937405,-0.688748,-0.668091,0.281518,-0.636592,0.743146,0.206184,-0.002921,-0.006713,-0.033212,-0.181835,-0.809705,-0.263692,0.521757,-0.164956,-0.024562,0.254363,-0.384307,0.019032,0.923005,0.650879,-0.703354,0.285631,0.655089,0.710499,0.256734,0.001008,-0.006998,0.014648,-0.034618,-0.005223,0.005908,-1.40441,0.03939,0.045183,-0.034081,0.302637,0.035866,0.95243,-0.636681,0.751235,0.174017,-0.709258,-0.659059,0.250187,0.007892,0.002835,0.003394,0.00583,-0.034178,0.057102,-0.930554,0.069869,0.028463,-0.06077,0.341941,-0.016243,-0.93958,0.651766,0.724376,0.224674,0.67696,-0.689213,0.258281,-0.001425,0.001584,-0.021569,0.009648,-0.194379,-0.156477,0.522021
167,0.136479,-0.050808,0.291416,-0.340001,-0.051712,-0.939027,-0.687877,-0.667191,0.285751,-0.640871,0.743153,0.192446,-0.002958,0.002921,-0.043751,-0.006276,-0.349788,-0.015922,0.52199,-0.164569,-0.024292,0.254618,-0.382868,0.009904,0.923745,0.667698,-0.687982,0.284243,0.638788,0.725587,0.25561,2.5e-05,0.004714,0.007341,-0.457557,-0.158164,-0.103791,-1.403947,0.039584,0.045319,-0.033943,0.301629,0.044861,0.952369,-0.653681,0.73689,0.172319,-0.694061,-0.674522,0.251592,0.007886,0.002744,0.003247,-1.540506,-0.508344,-0.399252,-0.931697,0.069718,0.028538,-0.061599,0.334377,-0.001076,-0.942438,0.650996,0.72335,0.230147,0.681466,-0.69048,0.242572,-0.009349,0.007571,-0.025482,0.012164,-0.400287,-0.056268,0.522021
168,0.135784,-0.05075,0.28964,-0.324362,-0.066095,-0.943645,-0.689711,-0.66618,0.283681,-0.646991,0.742938,0.171674,-0.035967,-0.008945,-0.038187,-0.071165,-0.398002,-0.152971,0.52197,-0.164469,-0.0238,0.254582,-0.38378,0.015615,0.923288,0.666614,-0.687121,0.288834,0.639374,0.726294,0.252112,-0.000975,0.013351,-0.004739,-0.026363,0.107301,0.108284,-1.404177,0.039634,0.045567,-0.033948,0.302315,0.039291,0.952397,-0.65334,0.736077,0.17702,-0.694083,-0.675755,0.248197,-0.000488,0.006733,-0.002284,-0.042628,0.143649,0.136254,-0.932513,0.069391,0.028574,-0.062468,0.318228,0.010993,-0.94795,0.652885,0.722468,0.227552,0.687365,-0.691316,0.222732,-0.009912,-0.005034,-0.019564,-0.14671,-0.902665,0.139523,0.522021
169,0.135315,-0.050899,0.288868,-0.309061,-0.071535,-0.948372,-0.693186,-0.665774,0.276062,-0.650772,0.742806,0.15736,-0.036159,-0.009588,-0.039323,-0.094319,-0.59158,-0.002671,0.52218,-0.164489,-0.023539,0.254472,-0.383847,0.018396,0.923209,0.666117,-0.686788,0.290764,0.639852,0.72654,0.250185,-0.000979,0.012525,-0.006022,0.011993,0.03472,0.052863,-1.403932,0.039625,0.045698,-0.034003,0.302172,0.036022,0.952572,-0.653066,0.735758,0.17934,-0.694403,-0.676284,0.24585,-0.000487,0.006234,-0.003059,0.022505,0.008001,0.031977,-0.933657,0.069148,0.028499,-0.062873,0.302603,0.015378,-0.952992,0.656333,0.721667,0.22005,0.691127,-0.692068,0.208285,-0.009981,-0.005249,-0.019973,-0.148085,-1.127563,0.517093,0.522184
170,0.134113,-0.051694,0.28749,-0.279811,-0.076806,-0.957002,-0.700444,-0.665366,0.258143,-0.656243,0.742651,0.133572,-0.037258,-0.03362,-0.026056,-0.099524,-0.4583,0.191961,0.521921,-0.164696,-0.023052,0.254142,-0.382366,0.029188,0.923545,0.665675,-0.68439,0.297357,0.641196,0.728433,0.241075,-0.017684,0.021034,-0.016242,-0.023337,0.169992,0.142246,-1.404168,0.039527,0.045939,-0.034163,0.300196,0.025727,0.95353,-0.653238,0.733988,0.185853,-0.695098,-0.678674,0.237146,-0.000491,0.004855,-0.005199,-0.081095,0.226951,0.164397,-0.938229,0.068548,0.02811,-0.063567,0.273041,0.019005,-0.961814,0.663515,0.720211,0.202591,0.696559,-0.693494,0.184037,-0.018483,-0.011368,-0.017269,-0.087485,-0.546871,0.159193,0.522184
171,0.132645,-0.05268,0.286445,-0.267036,-0.074059,-0.96086,-0.703893,-0.665994,0.246898,-0.657888,0.742364,0.126913,-0.052697,-0.027235,-0.017937,-0.031064,-0.096274,0.163728,0.520576,-0.165089,-0.022738,0.253662,-0.37997,0.039799,0.924138,0.66569,-0.68181,0.303193,0.642602,0.730332,0.231391,-0.016715,0.006774,-0.012939,-0.05344,0.183216,0.090177,-1.403839,0.03933,0.046101,-0.034405,0.297216,0.015002,0.954691,-0.653864,0.731828,0.192062,-0.695789,-0.681323,0.22732,-0.000494,0.00389,-0.006698,-0.058656,0.164715,0.152924,-0.937576,0.067818,0.027605,-0.064108,0.260314,0.015381,-0.965401,0.666897,0.720175,0.191298,0.698201,-0.693621,0.177214,-0.018101,-0.008745,-0.013664,0.006535,-0.120623,0.213428,0.521041
