frame,MLTx,MLTy,MLTz,MLTR1,MLTR2,MLTR3,MLTR4,MLTR5,MLTR6,MLTR7,MLTR8,MLTR9,MLTTVx,MLTTVy,MLTTVz,MLTRVx,MLTRVy,MLTRVz,MLGA,MRTx,MRTy,MRTz,MRTR1,MRTR2,MRTR3,MRTR4,MRTR5,MRTR6,MRTR7,MRTR8,MRTR9,MRTTVx,MRTTVy,MRTTVz,MRTRVx,MRTRVy,MRTRVz,MRGA,SLTx,SLTy,SLTz,SLTR1,SLTR2,SLTR3,SLTR4,SLTR5,SLTR6,SLTR7,SLTR8,SLTR9,SLTTVx,SLTTVy,SLTTVz,SLTRVx,SLTRVy,SLTRVz,SLGA,SRTx,SRTy,SRTz,SRTR1,SRTR2,SRTR3,SRTR4,SRTR5,SRTR6,SRTR7,SRTR8,SRTR9,SRTTVx,SRTTVy,SRTTVz,SRTRVx,SRTRVy,SRTRVz,SRGA
249,0.107359,0.028426,0.393026,-0.302134,-0.290861,-0.907833,0.042047,-0.955458,0.292068,-0.951975,0.050427,0.302039,5.3e-05,0.000214,0.000118,0.0,0.0,0.0,0.447682,-0.102306,0.04447,0.342669,0.114874,0.862032,0.493655,-0.949364,0.241579,-0.200701,-0.292387,-0.446685,0.845486,0.010981,0.006179,0.01889,-0.031828,-0.025287,0.032607,-0.892462,0.038752,0.040009,-0.013493,-0.015603,-0.920058,0.39147,0.902963,-0.181117,-0.389684,0.429433,0.347403,0.833604,0.000192,-0.003358,0.01343,-0.068381,-0.01901,0.007727,-0.79437,0.091199,0.036842,-0.04674,-0.298097,-0.268945,-0.915863,0.106395,-0.962869,0.248119,-0.948587,-0.02348,0.315643,4.1e-05,0.000159,8.6e-05,4.1e-05,-1.3e-05,-1.1e-05,0.420617
250,0.107342,0.028429,0.393039,-0.302156,-0.290896,-0.907814,0.042032,-0.955446,0.29211,-0.951968,0.05046,0.302054,1.8e-05,7.2e-05,4e-05,0.0,0.0,0.0,0.447269,-0.102192,0.044446,0.343114,0.114965,0.862123,0.493476,-0.949662,0.241144,-0.199815,-0.291383,-0.446745,0.8458,0.011262,0.004933,0.017978,-0.03183,-0.025286,0.032609,-0.892328,0.038809,0.039998,-0.013276,-0.015701,-0.920121,0.391318,0.903396,-0.180782,-0.388833,0.428517,0.34741,0.834073,0.006655,-0.003231,0.012831,-0.084067,0.088179,-0.154295,-0.794207,0.09119,0.036844,-0.046733,-0.298117,-0.268982,-0.915846,0.106381,-0.962859,0.248162,-0.948582,-0.023448,0.315659,7e-06,3.1e-05,1.7e-05,3.4e-05,-6e-06,-1e-05,0.420454
251,0.107254,0.028453,0.393066,-0.302247,-0.291077,-0.907726,0.042061,-0.955387,0.292297,-0.951938,0.050522,0.302139,0.000141,0.000569,0.000313,0.0,0.0,0.0,0.446097,-0.101918,0.044374,0.343968,0.116597,0.862923,0.491692,-0.950757,0.240145,-0.195766,-0.28713,-0.445737,0.847784,0.011199,0.005137,0.018087,-0.031827,-0.025299,0.032603,-0.894139,0.038946,0.039961,-0.012843,-0.017648,-0.920754,0.389743,0.905181,-0.180272,-0.3849,0.424658,0.345995,0.836631,0.006524,-0.00269,0.013202,-0.064683,-0.034761,0.035836,-0.795839,0.091146,0.036855,-0.046721,-0.298194,-0.269173,-0.915765,0.10641,-0.962807,0.248351,-0.948555,-0.02339,0.315746,9.2e-05,0.000366,0.000202,2.1e-05,-2e-06,-1.1e-05,0.418985
252,0.107125,0.028453,0.393113,-0.302417,-0.291393,-0.907567,0.042055,-0.955282,0.292641,-0.951884,0.050688,0.302281,-0.01219,0.002209,0.001506,-0.000984,0.014715,-0.029553,0.445288,-0.101567,0.044289,0.344875,0.117424,0.866426,0.485292,-0.951407,0.238251,-0.194922,-0.28463,-0.439909,0.851662,0.011193,0.005086,0.018012,0.101381,-0.254788,-0.12755,-0.892259,0.039126,0.039921,-0.012383,-0.019665,-0.92323,0.383743,0.906071,-0.178715,-0.38353,0.422667,0.340157,0.840027,0.00558,0.002553,0.009007,0.144467,-0.327462,-0.180055,-0.79437,0.091082,0.036856,-0.046696,-0.298341,-0.269506,-0.915619,0.106404,-0.962718,0.2487,-0.948509,-0.023228,0.315895,-0.0061,0.001089,0.000747,-0.000969,0.014712,-0.029559,0.418332
253,0.107017,0.028472,0.393138,-0.302478,-0.291509,-0.90751,0.042064,-0.955244,0.292764,-0.951864,0.050737,0.302335,0.0,1e-06,1e-06,0.0,0.0,0.0,0.445448,-0.101212,0.044156,0.345688,0.116733,0.869264,0.480358,-0.95152,0.236498,-0.1965,-0.284537,-0.435223,0.854097,-0.000576,-6e-05,0.0157,0.00988,-0.085381,-0.048938,-0.890214,0.039303,0.039856,-0.011981,-0.019637,-0.925767,0.377583,0.905689,-0.176434,-0.385484,0.423487,0.334404,0.841921,0.006903,-0.004349,0.012008,-0.026975,-0.101931,-0.009706,-0.799922,0.091028,0.036865,-0.046684,-0.298394,-0.269629,-0.915565,0.106413,-0.962684,0.248824,-0.948491,-0.023181,0.315951,-0.006099,0.001088,0.000746,-0.000969,0.014728,-0.02956,0.417678
254,0.10698,0.028479,0.393142,-0.302516,-0.291592,-0.907471,0.042088,-0.955218,0.292845,-0.951851,0.050753,0.302375,-0.012191,0.002201,0.001502,-0.000984,0.014715,-0.029553,0.444963,-0.101063,0.044075,0.34603,0.116387,0.870664,0.477902,-0.951537,0.23568,-0.197397,-0.284619,-0.43286,0.855271,-0.000186,-0.001723,0.014524,-0.021572,-0.031261,-0.011308,-0.890284,0.039377,0.039817,-0.011809,-0.019687,-0.926887,0.374823,0.905513,-0.175464,-0.386339,0.423861,0.331801,0.842762,0.006101,0.000304,0.007407,-0.039946,-0.011162,0.043257,-0.804494,0.091014,0.036868,-0.046682,-0.298418,-0.269693,-0.915538,0.106431,-0.962666,0.248885,-0.948482,-0.02317,0.31598,0.0,-8e-06,-2e-06,2.2e-05,3.1e-05,2e-06,0.417515
255,0.106944,0.028486,0.393147,-0.302555,-0.291674,-0.907431,0.042112,-0.955192,0.292927,-0.951838,0.050769,0.302414,0.0,0.0,0.0,0.0,0.0,0.0,0.444894,-0.100832,0.043932,0.346579,0.115906,0.872099,0.475396,-0.951737,0.234481,-0.197863,-0.284148,-0.430613,0.85656,0.000651,-0.005272,0.01203,-0.035938,0.004912,-0.021151,-0.888862,0.039492,0.039749,-0.011532,-0.019724,-0.927842,0.372451,0.905682,-0.174375,-0.386436,0.423498,0.3297,0.843769,0.006402,-0.000974,0.006508,-0.036069,-0.018048,0.037735,-0.808086,0.090991,0.036872,-0.046679,-0.298458,-0.269801,-0.915493,0.10646,-0.962637,0.248988,-0.948465,-0.023151,0.31603,2e-06,-4e-06,-0.0,2.2e-05,3.4e-05,1e-06,0.417678
256,0.106918,0.028498,0.393155,-0.302575,-0.291718,-0.907411,0.042125,-0.955178,0.29297,-0.951831,0.050777,0.302435,1.5e-05,5.8e-05,3.2e-05,0.0,0.0,0.0,0.443355,-0.100618,0.04377,0.346928,0.115322,0.873485,0.472986,-0.951828,0.233395,-0.198707,-0.28408,-0.428382,0.857701,0.001521,-0.008945,0.009462,-0.035933,0.00488,-0.02117,-0.889239,0.039598,0.039669,-0.011356,-0.019554,-0.928894,0.369829,0.905612,-0.173194,-0.387129,0.423654,0.327352,0.844604,0.005895,0.002451,0.001043,-0.001649,-0.008837,0.033716,-0.809719,0.090978,0.036878,-0.046676,-0.298476,-0.269847,-0.915474,0.106473,-0.962624,0.249031,-0.948458,-0.023144,0.316051,9e-06,2.7e-05,1.5e-05,1.3e-05,6e-06,3e-06,0.416535
257,0.106884,0.028512,0.393163,-0.302605,-0.291783,-0.90738,0.042144,-0.955158,0.293034,-0.95182,0.050789,0.302465,-0.012137,0.002419,0.001622,-0.000984,0.014715,-0.029553,0.443058,-0.100501,0.043701,0.347046,0.115449,0.873516,0.472898,-0.951925,0.233317,-0.198334,-0.283703,-0.428362,0.857835,0.011941,0.004322,0.001692,0.002047,-0.01521,0.029242,-0.889308,0.039653,0.039628,-0.011296,-0.019664,-0.928895,0.36982,0.905797,-0.17314,-0.38672,0.423253,0.327377,0.844795,0.0008,-0.004656,0.004599,-0.036676,0.006164,-0.020328,-0.809719,0.090961,0.036885,-0.046671,-0.298501,-0.269915,-0.915446,0.106491,-0.962605,0.249096,-0.948448,-0.023132,0.316083,-0.006067,0.001208,0.000811,-0.000972,0.014719,-0.029552,0.415556
258,0.106794,0.028536,0.393179,-0.302693,-0.291971,-0.90729,0.042199,-0.955099,0.293219,-0.95179,0.050825,0.302555,1e-06,4e-06,2e-06,0.0,0.0,0.0,0.442912,-0.100196,0.043589,0.347267,0.115765,0.873566,0.472728,-0.952096,0.233237,-0.197605,-0.282999,-0.428303,0.858097,0.001704,-0.009696,0.008943,-0.036123,0.005172,-0.020963,-0.890773,0.03981,0.039575,-0.01119,-0.020046,-0.928929,0.369712,0.906081,-0.173192,-0.386031,0.422627,0.327251,0.845158,0.005972,0.002138,0.000825,0.00203,-0.015174,0.029222,-0.809719,0.090916,0.036897,-0.046663,-0.298575,-0.270112,-0.915364,0.106546,-0.962551,0.249283,-0.948419,-0.023098,0.316173,-1e-06,-1.2e-05,-6e-06,9e-06,7e-06,6e-06,0.415229
259,0.106693,0.028555,0.393191,-0.302798,-0.292197,-0.907182,0.042265,-0.955027,0.293443,-0.951754,0.050869,0.302662,0.0,0.0,0.0,0.0,0.0,0.0,0.442894,-0.099772,0.04348,0.347419,0.117672,0.874195,0.471092,-0.952714,0.23324,-0.194601,-0.28012,-0.427014,0.859683,0.012459,0.00217,0.000184,0.002045,-0.015205,0.029245,-0.890695,0.040018,0.039516,-0.01111,-0.022163,-0.92942,0.368357,0.907227,-0.173504,-0.383189,0.420055,0.325691,0.847041,0.006258,0.000954,-6e-06,0.00239,-0.014957,0.029158,-0.80678,0.090866,0.036906,-0.046657,-0.298664,-0.27035,-0.915264,0.106611,-0.962485,0.249509,-0.948384,-0.023058,0.316282,-0.006092,0.001099,0.00075,-0.000964,0.014753,-0.029546,0.415066
260,0.10662,0.028568,0.393201,-0.302874,-0.292362,-0.907103,0.042313,-0.954975,0.293605,-0.951727,0.050901,0.302741,0.0,0.0,0.0,0.0,0.0,0.0,0.44292,-0.099324,0.043301,0.347593,0.1175,0.875531,0.468646,-0.952666,0.23265,-0.195539,-0.280354,-0.424586,0.860808,0.014604,-0.00929,0.007898,-0.032646,-0.01255,0.006567,-0.889774,0.040241,0.03943,-0.011027,-0.022386,-0.930496,0.365614,0.906963,-0.172761,-0.384148,0.420612,0.322999,0.847794,0.001156,-0.006094,0.003597,-0.043234,0.017327,-0.012384,-0.804494,0.090829,0.036913,-0.046653,-0.298729,-0.270522,-0.915192,0.106658,-0.962438,0.249673,-0.948358,-0.023028,0.316362,3e-06,-3e-06,-3e-06,1.2e-05,2.3e-05,4e-06,0.415066
261,0.106591,0.028565,0.3932,-0.302854,-0.292318,-0.907124,0.0423,-0.954989,0.293561,-0.951734,0.050892,0.30272,-9e-06,-3.6e-05,-2e-05,0.0,0.0,0.0,0.443358,-0.09907,0.043187,0.347677,0.110903,0.87878,0.464152,-0.953737,0.225452,-0.19872,-0.279389,-0.421744,0.862518,0.014953,-0.010699,0.006913,0.066727,-0.171361,-0.137044,-0.890391,0.040362,0.039379,-0.010986,-0.01672,-0.932733,0.360177,0.907474,-0.165391,-0.386181,0.419775,0.320395,0.849197,0.006319,0.00072,-0.000174,0.177045,-0.311885,-0.175312,-0.804167,0.090814,0.036911,-0.046653,-0.298712,-0.270476,-0.915212,0.106645,-0.96245,0.249629,-0.948365,-0.023036,0.316341,-2e-06,-2.1e-05,-1.1e-05,7e-06,6e-06,-2e-06,0.414902
262,0.10659,0.028566,0.393189,-0.302851,-0.292325,-0.907123,0.042326,-0.954988,0.29356,-0.951734,0.050867,0.302725,-1e-06,-4e-06,-2e-06,0.0,0.0,0.0,0.443537,-0.09852,0.042993,0.347842,0.098664,0.885095,0.454822,-0.955574,0.211867,-0.204754,-0.277687,-0.415525,0.866078,0.014723,-0.009676,0.007629,0.254331,-0.502411,-0.328627,-0.891265,0.040643,0.039274,-0.010903,-0.006453,-0.936852,0.349665,0.908396,-0.151679,-0.389626,0.418059,0.31512,0.852012,0.006358,0.00058,-0.000275,0.008797,-0.022234,0.024407,-0.804494,0.090814,0.036911,-0.046659,-0.298709,-0.270482,-0.915211,0.106672,-0.962448,0.249627,-0.948363,-0.023061,0.316345,3e-06,8e-06,3e-06,-0.0,-1.4e-05,-4e-06,0.415066
263,0.1066,0.028564,0.393199,-0.302845,-0.292297,-0.907134,0.042294,-0.954996,0.293541,-0.951737,0.050888,0.30271,0.000272,0.001089,0.000598,0.0,0.0,0.0,0.443152,-0.09799,0.042701,0.348059,0.081491,0.891686,0.445248,-0.958381,0.192783,-0.210416,-0.273539,-0.41069,0.869697,0.012736,0.001154,-0.000539,0.292005,-0.508473,-0.308831,-0.889454,0.040914,0.039125,-0.010791,0.008957,-0.941782,0.336103,0.90986,-0.131756,-0.393437,0.414816,0.309331,0.85571,0.006368,0.000555,-0.000298,0.259965,-0.447788,-0.267388,-0.804657,0.090819,0.036908,-0.046655,-0.298704,-0.270454,-0.915221,0.106639,-0.962456,0.249608,-0.948368,-0.02304,0.316331,0.000155,0.000628,0.000344,-4e-06,-2e-05,-8e-06,0.414902
264,0.1066,0.028564,0.393199,-0.302845,-0.292297,-0.907134,0.042294,-0.954996,0.293541,-0.951737,0.050888,0.30271,3e-06,1.4e-05,7e-06,0.0,0.0,0.0,0.443241,-0.097725,0.04253,0.348175,0.076484,0.893436,0.442622,-0.959326,0.186963,-0.211359,-0.27166,-0.409575,0.870812,0.014772,-0.009759,0.007573,-0.213008,0.02507,-0.472587,-0.889347,0.041041,0.039043,-0.010737,0.013362,-0.943704,0.330519,0.909995,-0.125515,-0.395162,0.414401,0.306051,0.857089,0.007419,-0.005019,0.003681,-0.758724,0.17718,-1.310955,-0.804657,0.090819,0.036911,-0.046653,-0.298704,-0.270454,-0.915221,0.10664,-0.962456,0.249608,-0.948368,-0.02304,0.316331,-1e-06,4e-06,1e-06,-3e-06,-1.8e-05,-5e-06,0.414902
265,0.106582,0.028567,0.393201,-0.302864,-0.292338,-0.907114,0.042306,-0.954982,0.293582,-0.951731,0.050896,0.30273,0.0,0.0,0.0,0.0,0.0,0.0,0.442481,-0.097179,0.042159,0.348432,0.071694,0.896422,0.437354,-0.960083,0.180918,-0.213173,-0.270284,-0.405738,0.873033,0.002395,-0.012362,0.007104,-0.017089,-0.105896,0.143116,-0.888592,0.041319,0.038858,-0.010608,0.017738,-0.945753,0.3244,0.910495,-0.118785,-0.39609,0.413138,0.302391,0.858997,0.007406,-0.004945,0.003732,-0.045901,0.011169,0.023265,-0.80531,0.09081,0.036912,-0.046652,-0.29872,-0.270497,-0.915203,0.106651,-0.962444,0.249649,-0.948362,-0.023033,0.316351,0.0,-2e-06,-1e-06,1e-05,2.8e-05,-2e-06,0.414739
266,0.106547,0.028581,0.39321,-0.302894,-0.292403,-0.907084,0.042325,-0.954962,0.293645,-0.95172,0.050909,0.30276,1.7e-05,6.9e-05,3.8e-05,0.0,0.0,0.0,0.441771,-0.096521,0.041666,0.348796,0.065545,0.899293,0.432398,-0.961026,0.173564,-0.215033,-0.268483,-0.40258,0.875048,0.014801,-0.009697,0.007623,-0.025186,-0.025269,-0.002006,-0.889665,0.041638,0.038614,-0.01043,0.022862,-0.947797,0.318052,0.910971,-0.111303,-0.397168,0.411835,0.298816,0.860871,0.014698,-0.009313,0.007881,-0.059743,-0.112031,0.194113,-0.80433,0.090793,0.036919,-0.046648,-0.298746,-0.270565,-0.915174,0.10667,-0.962426,0.249713,-0.948352,-0.023021,0.316382,1.1e-05,4.3e-05,2.3e-05,4e-06,7e-06,0.0,0.414086
267,0.10652,0.028586,0.393213,-0.302923,-0.292465,-0.907054,0.042343,-0.954942,0.293706,-0.95171,0.05092,0.30279,0.0,1e-06,1e-06,0.0,0.0,0.0,0.441282,-0.09617,0.041404,0.348983,0.059585,0.90087,0.429971,-0.962,0.166845,-0.215991,-0.266368,-0.401893,0.87601,0.027326,-0.007465,0.00783,-0.730643,0.308562,-1.43126,-0.889988,0.041814,0.038479,-0.010333,0.026755,-0.948797,0.314748,0.911412,-0.106182,-0.397558,0.410623,0.297502,0.861904,0.008639,-0.010974,0.007423,-2.441913,1.188498,-4.858181,-0.804167,0.090779,0.036922,-0.046646,-0.29877,-0.27063,-0.915147,0.106688,-0.962408,0.249775,-0.948342,-0.02301,0.316412,-1e-06,-7e-06,-2e-06,8e-06,1.1e-05,7e-06,0.413596
268,0.106455,0.02859,0.393228,-0.303001,-0.29262,-0.906978,0.042364,-0.954892,0.293868,-0.951684,0.050977,0.302862,0.0,0.0,0.0,0.0,0.0,0.0,0.441251,-0.095435,0.040876,0.349338,0.058639,0.903278,0.42502,-0.961894,0.165065,-0.217824,-0.26696,-0.397185,0.877975,0.027548,-0.008173,0.00733,0.230097,-0.466443,-0.259826,-0.889691,0.042182,0.038216,-0.010154,0.027924,-0.949688,0.311949,0.911884,-0.10364,-0.397146,0.409495,0.295551,0.863112,0.007647,-0.005764,0.003159,-0.037445,-0.004503,0.012525,-0.803351,0.090747,0.036924,-0.046639,-0.298837,-0.270793,-0.915077,0.106708,-0.962363,0.249938,-0.948319,-0.022955,0.316486,-0.006093,0.001105,0.000754,-0.00097,0.01474,-0.029544,0.413269
269,0.106381,0.028596,0.393244,-0.303089,-0.292797,-0.906892,0.042391,-0.954835,0.29405,-0.951655,0.051037,0.302944,0.0,0.0,0.0,0.0,0.0,0.0,0.441286,-0.094752,0.040471,0.349642,0.053947,0.903743,0.424653,-0.963192,0.159296,-0.216381,-0.263241,-0.398484,0.878509,0.014807,-0.00946,0.007798,-0.24512,0.096902,-0.429082,-0.888525,0.042534,0.038008,-0.010002,0.032748,-0.950738,0.30826,0.91276,-0.097203,-0.396762,0.40718,0.294361,0.864612,0.007386,-0.004681,0.003922,-0.254096,0.095652,-0.432048,-0.797146,0.09071,0.036927,-0.046631,-0.298912,-0.270978,-0.914998,0.106734,-0.962312,0.250122,-0.948292,-0.022897,0.31657,0.0,-3e-06,2e-06,1.2e-05,3.1e-05,6e-06,0.41278
270,0.106306,0.028601,0.393249,-0.303173,-0.292979,-0.906804,0.042444,-0.954777,0.29423,-0.951626,0.051072,0.30303,-0.000121,-0.000483,-0.000265,0.0,0.0,0.0,0.441001,-0.094249,0.040236,0.349854,0.053962,0.903794,0.424542,-0.963441,0.158906,-0.215559,-0.262326,-0.398524,0.878765,0.000164,-0.000643,-0.000453,-0.015418,0.103931,-0.168849,-0.88871,0.042779,0.037894,-0.009898,0.032704,-0.950767,0.308173,0.913156,-0.096919,-0.395919,0.406294,0.294358,0.86503,0.006308,0.000963,-2.3e-05,0.002149,-0.015187,0.029567,-0.801718,0.090673,0.03693,-0.046628,-0.298984,-0.27117,-0.914918,0.106787,-0.962259,0.250305,-0.948264,-0.022864,0.316657,-0.006173,0.000791,0.000585,-0.000972,0.014725,-0.029533,0.41229
271,0.106279,0.028606,0.393253,-0.303202,-0.293041,-0.906775,0.042462,-0.954757,0.294291,-0.951615,0.051084,0.30306,-2e-06,-7e-06,-4e-06,0.0,0.0,0.0,0.440086,-0.094021,0.040211,0.349907,0.049013,0.904132,0.424422,-0.964394,0.153449,-0.215247,-0.259775,-0.399895,0.878899,0.012421,0.002734,0.000545,0.002044,-0.015205,0.029245,-0.88835,0.042895,0.037877,-0.009869,0.037729,-0.950906,0.307168,0.914093,-0.091353,-0.39508,0.403745,0.295686,0.86577,0.007248,-0.00409,0.004341,-0.033045,-0.009477,0.008599,-0.804004,0.090659,0.036932,-0.046627,-0.299008,-0.271234,-0.91489,0.106804,-0.962241,0.250366,-0.948254,-0.022853,0.316687,1e-06,2e-06,6e-06,6e-06,1.1e-05,6e-06,0.411963
272,0.106208,0.028627,0.393266,-0.30327,-0.293188,-0.906705,0.042505,-0.954711,0.294436,-0.951592,0.051112,0.303129,2e-06,6e-06,3e-06,0.0,0.0,0.0,0.438811,-0.093668,0.040286,0.349957,0.029109,0.903997,0.426538,-0.968037,0.131883,-0.213178,-0.248977,-0.407833,0.878377,0.012351,0.003005,0.000734,-0.705286,0.338485,-1.426899,-0.886177,0.043071,0.037916,-0.009844,0.056119,-0.950316,0.306183,0.917562,-0.071809,-0.391052,0.39361,0.302888,0.867945,4.1e-05,-4e-06,1.8e-05,-2.346003,1.168703,-4.864551,-0.802534,0.090623,0.036943,-0.04662,-0.299066,-0.271388,-0.914826,0.106847,-0.962198,0.250512,-0.948231,-0.022827,0.316758,-1e-06,-2e-06,2e-06,-4e-06,-6e-06,-9e-06,0.410167
273,0.106088,0.028634,0.393295,-0.303417,-0.293478,-0.906561,0.042541,-0.954616,0.294738,-0.951543,0.051221,0.303263,-0.012185,0.002228,0.001515,-0.000984,0.014715,-0.029553,0.436435,-0.093415,0.040373,0.349988,0.018617,0.900828,0.433766,-0.96902,0.123164,-0.213928,-0.246135,-0.417475,0.874641,0.011922,0.004658,0.001897,-0.101711,0.14031,0.154385,-0.885002,0.043198,0.037956,-0.00983,0.069363,-0.947804,0.311214,0.918393,-0.061147,-0.390914,0.38954,0.312932,0.866216,-7.4e-05,0.000282,0.000192,-0.166936,0.252551,0.125009,-0.807107,0.090568,0.036945,-0.046606,-0.299184,-0.271672,-0.914703,0.106875,-0.962121,0.250798,-0.94819,-0.022725,0.316886,0.0,-2e-06,2e-06,6e-06,2.1e-05,2e-06,0.408371
274,0.105995,0.028635,0.39332,-0.303535,-0.293707,-0.906448,0.042559,-0.95454,0.29498,-0.951505,0.051319,0.303368,-0.012184,0.002231,0.001516,-0.000984,0.014715,-0.029553,0.434951,-0.093295,0.040445,0.350024,0.013744,0.897461,0.440869,-0.969229,0.120376,-0.214569,-0.24563,-0.425479,0.870918,0.011805,0.005101,0.002209,2.022939,1.790843,-0.53626,-0.885155,0.043258,0.037991,-0.009813,0.073883,-0.945505,0.317113,0.919535,-0.058489,-0.388629,0.385999,0.32031,0.865104,0.00577,0.003061,0.001458,-0.085914,0.118132,0.15489,-0.80678,0.090521,0.036945,-0.046594,-0.299286,-0.271912,-0.914598,0.106893,-0.962055,0.251042,-0.948156,-0.02263,0.316995,-0.006091,0.001113,0.00076,-0.000984,0.014718,-0.029553,0.406901
275,0.105762,0.028615,0.393404,-0.303865,-0.294312,-0.906141,0.04254,-0.954336,0.295642,-0.9514,0.051647,0.303641,0.0,0.0,0.0,0.0,0.0,0.0,0.434069,-0.093204,0.040622,0.350134,0.007682,0.885336,0.464879,-0.970338,0.118972,-0.210294,-0.241473,-0.450583,0.859377,-0.001039,0.004005,0.002817,0.247879,1.047483,0.387967,-0.881594,0.043308,0.038082,-0.009757,0.085346,-0.93648,0.340177,0.920183,-0.05684,-0.387338,0.382069,0.346083,0.856882,-0.000637,0.002428,0.001681,1.954188,1.850049,-0.556826,-0.797146,0.090405,0.036939,-0.046555,-0.299562,-0.272537,-0.914322,0.106893,-0.961885,0.251693,-0.948069,-0.022337,0.317276,-1e-06,-0.0,1e-06,-1.3e-05,-1.8e-05,-9e-06,0.404452
276,0.105471,0.028575,0.393511,-0.30418,-0.294843,-0.905862,0.042427,-0.954151,0.296255,-0.951304,0.052042,0.303874,-0.000276,-0.001088,-0.000597,0.0,0.0,0.0,0.432679,-0.0933,0.040802,0.350266,0.006813,0.863379,0.504502,-0.96734,0.133566,-0.215286,-0.253241,-0.487638,0.835429,-0.013602,0.001885,0.0027,1.576988,2.457407,-0.293076,-0.881485,0.043265,0.038172,-0.009692,0.091807,-0.920143,0.380667,0.917091,-0.070808,-0.392337,0.38796,0.385126,0.837355,-0.00058,0.002236,0.001574,-0.228337,0.456244,0.297986,-0.804494,0.09026,0.036918,-0.046496,-0.299849,-0.273111,-0.914057,0.106757,-0.961732,0.252335,-0.947994,-0.02192,0.317531,-0.006285,0.00037,0.000354,-0.001882,0.027431,-0.055419,0.402492
277,0.105133,0.028504,0.393671,-0.304603,-0.295527,-0.905498,0.042213,-0.953908,0.297068,-0.951178,0.052625,0.304169,-0.000734,-0.010279,0.009222,-0.034943,0.016615,-0.016571,0.428791,-0.093487,0.040878,0.350349,-0.003679,0.843242,0.537513,-0.96562,0.136752,-0.220931,-0.259774,-0.5209,0.813046,-0.013087,-7.6e-05,0.00132,-0.252442,0.589365,-0.121449,-0.880248,0.04317,0.038215,-0.009647,0.1082,-0.902486,0.416906,0.914192,-0.074432,-0.398387,0.390569,0.424238,0.816992,-0.000392,0.001507,0.001065,-0.292708,0.606386,-0.028439,-0.810046,0.09009,0.036884,-0.046422,-0.300212,-0.273823,-0.913724,0.106562,-0.961542,0.253141,-0.947901,-0.021372,0.317845,-0.006092,0.001132,0.000773,-0.000994,0.01472,-0.029573,0.398573
278,0.104931,0.028424,0.393788,-0.303779,-0.293732,-0.906358,0.041659,-0.954479,0.295306,-0.951467,0.052309,0.303318,-0.013155,-0.008937,0.010251,-0.035925,0.031338,-0.04612,0.426943,-0.093566,0.040873,0.350377,-0.014059,0.833577,0.552216,-0.9655,0.132329,-0.224124,-0.259856,-0.537357,0.802238,-0.012681,-0.001642,0.000221,1.686406,2.460414,-1.140495,-0.881439,0.04313,0.038215,-0.009631,0.119241,-0.895377,0.429045,0.914267,-0.069487,-0.399107,0.387164,0.439852,0.810329,-0.000158,0.000599,0.000424,-0.35522,0.822616,-0.153222,-0.816087,0.08999,0.036846,-0.046362,-0.299508,-0.271924,-0.914522,0.106015,-0.962074,0.251343,-0.948185,-0.021674,0.316976,-0.006622,-0.004628,0.005044,-0.036347,0.032445,-0.048225,0.395797
279,0.10445,0.028116,0.394165,-0.304943,-0.289204,-0.907423,0.040504,-0.95586,0.290971,-0.951143,0.052328,0.304329,-0.01323,-0.009174,0.010127,-0.024946,-0.002399,0.019504,0.414991,-0.093636,0.040914,0.350436,-0.029668,0.814003,0.580096,-0.964616,0.128822,-0.2299,-0.261805,-0.567406,0.780623,-0.000643,0.002488,0.001743,-0.341183,0.933797,-0.327054,-0.885744,0.043091,0.03823,-0.009604,0.141193,-0.878072,0.457224,0.911351,-0.065098,-0.406448,0.386655,0.474079,0.791041,-0.000339,0.001295,0.000908,-0.377726,0.981415,-0.281694,-0.825722,0.08975,0.036692,-0.046174,-0.301057,-0.267391,-0.91535,0.104894,-0.963343,0.246911,-0.947819,-0.02168,0.318069,-0.006669,-0.004773,0.004968,-0.000756,-0.099978,0.182345,0.386
280,0.103776,0.027595,0.394776,-0.300883,-0.273858,-0.913519,0.037127,-0.960523,0.275662,-0.952577,0.04936,0.300313,-0.025958,-0.016239,0.021432,0.080128,-0.217094,0.682005,0.393053,-0.093715,0.040942,0.350523,-0.028736,0.796049,0.604542,-0.964569,0.136618,-0.225555,-0.262082,-0.590596,0.763133,0.001517,-0.008702,0.009705,-0.273136,0.728277,-0.180185,-0.885636,0.043052,0.038245,-0.009561,0.144087,-0.86305,0.484131,0.912338,-0.073615,-0.402764,0.383245,0.499724,0.776787,0.000772,-0.004417,0.004806,-0.272806,0.715761,-0.186646,-0.824415,0.089422,0.036434,-0.045878,-0.298887,-0.253986,-0.919867,0.101985,-0.966911,0.233838,-0.948822,-0.023921,0.3149,-0.013005,-0.008178,0.010695,-0.035485,0.311041,-0.211071,0.363629
281,0.103345,0.027232,0.395179,-0.300379,-0.261088,-0.917415,0.02939,-0.963887,0.264632,-0.953007,0.052845,0.298349,-0.027113,-0.027958,0.029904,0.330456,-1.019274,2.177807,0.384502,-0.0937,0.040908,0.35058,-0.024645,0.784688,0.619395,-0.962603,0.148605,-0.226377,-0.269623,-0.602787,0.750876,-0.000363,0.001406,0.000984,-0.199595,1.178292,-0.091273,-0.888145,0.043059,0.038228,-0.009531,0.142363,-0.854948,0.498794,0.909976,-0.085228,-0.405805,0.389453,0.511663,0.76585,-0.000222,0.000841,0.000584,0.561551,1.071188,-0.580982,-0.824905,0.089203,0.036257,-0.045674,-0.299505,-0.24076,-0.923217,0.094285,-0.970369,0.22247,-0.949423,-0.020415,0.313331,-0.013242,-0.009031,0.010235,-0.05155,0.157328,-0.077467,0.349096
282,0.102228,0.02634,0.396134,-0.297575,-0.229206,-0.9268,0.024862,-0.972285,0.232414,-0.954018,0.046397,0.296183,-0.039722,-0.026798,0.030875,0.397107,-1.013579,2.374645,0.377089,-0.093616,0.04083,0.350825,-0.01796,0.761897,0.647442,-0.959103,0.169841,-0.226293,-0.282325,-0.625976,0.726849,-0.001126,0.004359,0.003047,-0.07284,0.875187,0.569738,-0.894001,0.043102,0.038184,-0.009413,0.140978,-0.835989,0.530327,0.906814,-0.105907,-0.408009,0.397256,0.538428,0.743156,0.000582,-0.003671,0.005327,0.852862,0.286408,0.902853,-0.830294,0.088649,0.035811,-0.045197,-0.299044,-0.208383,-0.931208,0.089826,-0.977678,0.189935,-0.950001,-0.026848,0.311087,-0.013516,-0.009904,0.009773,-0.015642,0.210751,0.032334,0.331951
283,0.101109,0.025298,0.397107,-0.303934,-0.18984,-0.933611,0.02086,-0.981035,0.192636,-0.9521,0.039303,0.303294,-0.028189,-0.031322,0.02815,0.046649,0.422461,0.319346,0.375493,-0.093336,0.040545,0.351418,-0.024239,0.742678,0.669204,-0.958469,0.173028,-0.22657,-0.284002,-0.647826,0.706773,0.014968,-0.012879,0.021221,-0.235236,0.546744,-0.110684,-0.893948,0.043237,0.038049,-0.009123,0.150003,-0.818345,0.554806,0.906581,-0.110046,-0.407431,0.394473,0.564093,0.725389,0.001326,-0.007991,0.010208,-0.235029,0.66221,-0.149251,-0.824415,0.088086,0.035293,-0.044709,-0.306629,-0.167049,-0.937055,0.085452,-0.985334,0.147693,-0.947985,-0.034786,0.316407,-0.013664,-0.010298,0.009572,0.154096,0.340239,0.743379,0.322317
284,0.100054,0.024365,0.397996,-0.317934,-0.146106,-0.936812,0.016487,-0.988752,0.148555,-0.947588,0.031961,0.317935,-0.027078,-0.019495,0.019745,0.197069,0.600932,0.89363,0.374927,-0.092993,0.03984,0.352299,-0.020454,0.72679,0.68655,-0.956783,0.185021,-0.224203,-0.289922,-0.662367,0.690708,0.002772,-0.016369,0.020176,-0.283559,0.645177,-0.070235,-0.89703,0.043411,0.037706,-0.008687,0.149019,-0.805897,0.572994,0.905159,-0.122113,-0.407153,0.398094,0.579325,0.711268,0.008597,-0.012187,0.014508,-0.36407,0.72549,-0.015137,-0.828171,0.087567,0.034825,-0.044271,-0.321856,-0.12589,-0.938381,0.080849,-0.991154,0.105239,-0.943329,-0.041995,0.329188,-0.007396,-0.010857,0.009138,0.285845,-0.134446,1.486038,0.320194
285,0.099622,0.023994,0.398362,-0.326618,-0.1305,-0.936128,0.014012,-0.990975,0.133201,-0.94466,0.030544,0.326667,-0.014609,-0.02098,0.01866,0.110659,0.392964,0.753073,0.375441,-0.092837,0.039487,0.352754,-0.02857,0.718406,0.695031,-0.956975,0.181216,-0.226483,-0.288595,-0.672489,0.681421,0.014777,-0.012087,0.021808,-0.177903,0.93462,-0.058924,-0.897326,0.043486,0.03752,-0.008455,0.158668,-0.79865,0.580501,0.904839,-0.117646,-0.409176,0.395082,0.590184,0.703983,0.002281,-0.013116,0.014554,0.452081,0.71068,-0.593763,-0.83013,0.087335,0.034632,-0.044081,-0.333337,-0.109635,-0.93641,0.078346,-0.993001,0.088371,-0.939546,-0.043907,0.339593,-0.013521,-0.009573,0.00999,0.152968,0.462916,0.965635,0.319704
286,0.098881,0.023401,0.399017,-0.345247,-0.095512,-0.933663,0.007978,-0.995063,0.098786,-0.938063,0.026768,0.345469,-0.014114,-0.019036,0.019755,0.059614,0.24881,0.685809,0.380571,-0.092595,0.038749,0.353861,-0.034417,0.702229,0.711112,-0.955238,0.186089,-0.229835,-0.293657,-0.688062,0.663475,0.003699,-0.02278,0.031554,-0.333401,0.714706,-0.054724,-0.899861,0.043611,0.037154,-0.007905,0.167065,-0.784061,0.597776,0.902627,-0.122303,-0.41268,0.396677,0.608514,0.687282,0.001781,-0.011205,0.0159,-0.337943,0.618372,0.110997,-0.824089,0.086959,0.034326,-0.043746,-0.354908,-0.075291,-0.931864,0.071912,-0.995996,0.053084,-0.932131,-0.048172,0.358902,-0.007051,-0.009449,0.009929,0.037942,0.155965,0.643184,0.322643
287,0.098326,0.023036,0.39956,-0.362553,-0.064965,-0.929721,0.002053,-0.997611,0.068852,-0.931525,0.023128,0.362979,-0.012726,-0.006575,0.011649,0.167798,0.615273,0.877366,0.381718,-0.092603,0.038041,0.354922,-0.041496,0.686741,0.725711,-0.955075,0.18607,-0.23053,-0.293268,-0.703525,0.647232,-0.008655,-0.02577,0.030869,-0.204527,0.335289,-0.100934,-0.90136,0.043611,0.036804,-0.007373,0.176131,-0.769014,0.614487,0.902794,-0.122617,-0.412221,0.392351,0.627361,0.672665,0.000789,-0.005959,0.011657,-0.174881,0.305598,-0.060846,-0.820006,0.086686,0.034146,-0.04348,-0.371419,-0.047642,-0.927242,0.065699,-0.997527,0.024936,-0.926137,-0.051657,0.37363,-0.006313,-0.003067,0.005955,0.04132,0.148126,0.444656,0.325256
288,0.098111,0.022873,0.399801,-0.366966,-0.053952,-0.928692,-0.00078,-0.998288,0.058246,-0.929792,0.022159,0.367454,-0.001299,-0.019384,0.019313,0.011304,0.185386,0.473686,0.381769,-0.092674,0.03777,0.355432,-0.043232,0.676596,0.735079,-0.954374,0.18964,-0.230525,-0.295291,-0.712344,0.636579,0.000994,-0.009525,0.024964,-0.310947,0.757851,0.23982,-0.902933,0.043573,0.036658,-0.007118,0.17983,-0.761688,0.622489,0.901547,-0.125545,-0.414066,0.393539,0.635664,0.66412,-0.005588,-0.006671,0.011841,-0.108578,0.311704,-0.165849,-0.819353,0.086575,0.034071,-0.043361,-0.37856,-0.03596,-0.924877,0.062794,-0.99794,0.013098,-0.923443,-0.053119,0.380038,-0.006375,-0.003294,0.005829,0.051176,0.209125,0.472458,0.326072
289,0.097808,0.022574,0.400171,-0.377081,-0.035154,-0.925537,-0.005417,-0.999167,0.040101,-0.92571,0.020171,0.37773,-0.000834,-0.010348,0.0093,0.033752,0.248398,0.307807,0.381644,-0.092988,0.037409,0.356331,-0.039229,0.6601,0.750147,-0.952475,0.202256,-0.227635,-0.301907,-0.724243,0.619829,-0.013564,-0.001091,0.016322,1.05931,0.107557,1.066316,-0.913421,0.043416,0.036477,-0.006658,0.178318,-0.745751,0.641916,0.901006,-0.138438,-0.411122,0.395461,0.651681,0.647241,-0.00682,-0.000452,0.008231,1.09424,0.110697,1.059289,-0.825395,0.086424,0.03392,-0.043171,-0.389385,-0.018025,-0.920898,0.057863,-0.998312,-0.004926,-0.919255,-0.055205,0.38977,-0.006192,0.001041,0.000718,0.087763,0.227353,0.504626,0.326399
290,0.097577,0.022253,0.400528,-0.383695,-0.022205,-0.923218,-0.009245,-0.999556,0.027826,-0.922952,0.019232,0.38447,-0.01302,-0.007563,0.011118,-0.014026,0.026867,0.170267,0.381416,-0.093596,0.037171,0.357082,-0.034945,0.642564,0.765429,-0.952957,0.209316,-0.219074,-0.300915,-0.73787,0.604037,-0.02573,-0.004638,0.015186,-0.191185,0.527675,0.02496,-0.913271,0.043121,0.036363,-0.006286,0.17609,-0.730859,0.659421,0.902865,-0.146991,-0.404013,0.392205,0.666512,0.633984,-0.006747,-0.000693,0.00805,-0.224098,0.62099,0.129768,-0.826538,0.086308,0.033755,-0.042989,-0.39727,-0.005278,-0.917686,0.053805,-0.998397,-0.01755,-0.916122,-0.056348,0.396917,-0.006515,-0.003776,0.005566,-0.027827,-0.051406,0.134417,0.326399
291,0.097445,0.021852,0.400951,-0.391614,-0.012183,-0.920073,-0.012445,-0.999738,0.018478,-0.919574,0.018695,0.392507,-0.000749,-0.010031,0.009489,0.019372,0.320383,0.121365,0.380883,-0.09433,0.037158,0.357593,-0.030403,0.623142,0.781512,-0.950532,0.223789,-0.215271,-0.308973,-0.750166,0.584508,-0.027389,0.004848,0.005899,1.128289,0.391402,1.083675,-0.914631,0.042759,0.036356,-0.006031,0.177746,-0.714657,0.676514,0.902273,-0.156066,-0.401927,0.392821,0.681842,0.617076,-0.013736,0.002539,0.003037,0.467726,0.789177,-0.641285,-0.816577,0.086242,0.033555,-0.042777,-0.404818,0.003678,-0.914389,0.050492,-0.998375,-0.02637,-0.913001,-0.056844,0.403974,-0.000383,-0.005019,0.004745,0.027737,0.367424,0.142838,0.326236
292,0.097396,0.021579,0.401219,-0.393621,-0.00943,-0.919249,-0.013892,-0.999759,0.016147,-0.918694,0.019131,0.394541,-0.001493,-0.020049,0.018994,-0.047264,0.161082,0.024794,0.378735,-0.094785,0.037242,0.357729,-0.026499,0.613302,0.789398,-0.948405,0.23416,-0.213615,-0.315795,-0.755087,0.57444,-0.02718,0.004141,0.0054,-0.144942,0.512125,0.038603,-0.917834,0.042536,0.036396,-0.005959,0.171419,-0.705103,0.688073,0.899643,-0.172643,-0.401043,0.401568,0.687767,0.604747,-0.013584,0.002003,0.002665,-0.209021,0.696939,0.171416,-0.818047,0.086218,0.033426,-0.042651,-0.407407,0.006476,-0.913223,0.049043,-0.998376,-0.028959,-0.911928,-0.056585,0.406428,-0.000384,-0.005015,0.00475,-0.003756,0.066472,0.224126,0.325419
293,0.097327,0.020823,0.401918,-0.401074,-0.004651,-0.916058,-0.01673,-0.99977,0.012343,-0.91541,0.020274,0.402046,-0.001906,-0.021547,0.018192,-0.047316,0.179842,0.001255,0.367032,-0.095914,0.037371,0.357914,-0.009848,0.58485,0.811076,-0.942353,0.265873,-0.203016,-0.334337,-0.767041,0.547476,-0.02708,0.003997,0.005266,-0.21699,0.821909,-0.002064,-0.930347,0.041962,0.036459,-0.005867,0.158281,-0.679991,0.715931,0.895967,-0.205804,-0.393556,0.414956,0.703744,0.576675,-0.019726,0.00061,0.002349,-0.242172,0.867261,0.234694,-0.822293,0.086184,0.033051,-0.042299,-0.41515,0.010676,-0.90969,0.046145,-0.998396,-0.032775,-0.908581,-0.055584,0.413991,-0.001124,-0.015027,0.014269,-0.081034,0.183748,0.010439,0.317418
294,0.097278,0.019707,0.402949,-0.410127,0.003449,-0.912047,-0.020644,-0.999758,0.005445,-0.911301,0.02105,0.411235,-0.002973,-0.040119,0.038101,-0.068042,0.476316,0.116223,0.347672,-0.097148,0.037539,0.358146,0.000621,0.557825,0.829953,-0.937255,0.289669,-0.193852,-0.34852,-0.778444,0.52194,-0.027292,0.005157,0.006004,-0.109763,0.872582,0.120937,-0.943939,0.041356,0.036539,-0.005755,0.151334,-0.65722,0.738348,0.892711,-0.229873,-0.387589,0.424458,0.717787,0.55192,-0.019891,0.001487,0.002925,1.269791,0.222586,0.629553,-0.813801,0.08616,0.032497,-0.041793,-0.423551,0.017564,-0.905701,0.042208,-0.998343,-0.0391,-0.904888,-0.054789,0.422108,-0.001143,-0.015098,0.014257,0.008039,0.575827,0.401982,0.29619
295,0.097227,0.019043,0.403577,-0.412717,0.011539,-0.910811,-0.023127,-0.999716,-0.002244,-0.910069,0.020116,0.414002,-0.002288,-0.030316,0.028483,-0.05932,0.184965,0.227433,0.339932,-0.09769,0.03764,0.358265,0.004443,0.544477,0.838759,-0.932852,0.304397,-0.192519,-0.360116,-0.782252,0.508194,-0.03974,0.003023,0.005816,4.395979,-0.154374,3.052451,-0.958667,0.04108,0.036592,-0.005693,0.152155,-0.645059,0.74883,0.890308,-0.239549,-0.387255,0.429184,0.725612,0.537854,-0.01375,0.003037,0.00331,-0.285503,1.079264,0.155996,-0.810209,0.086134,0.032162,-0.041475,-0.42776,0.025778,-0.903524,0.039602,-0.998098,-0.047225,-0.903024,-0.055983,0.425926,-0.001538,-0.020196,0.018998,-0.094001,0.221049,0.211795,0.28476
296,0.097093,0.017492,0.405063,-0.422776,0.036644,-0.905518,-0.030099,-0.999183,-0.02644,-0.905225,0.016024,0.424662,-0.003077,-0.040563,0.038001,-0.003572,0.726617,0.445138,0.336056,-0.098808,0.037865,0.358566,0.009522,0.516299,0.856351,-0.928534,0.32239,-0.183912,-0.371016,-0.794033,0.481374,-0.027605,0.006929,0.007118,-0.18233,0.775542,-0.035034,-0.994848,0.040516,0.036703,-0.005543,0.1463,-0.618196,0.772287,0.886438,-0.264615,-0.379742,0.439114,0.740142,0.50928,-0.013892,0.003807,0.003802,-0.201637,0.787731,0.211865,-0.81919,0.086067,0.031376,-0.040721,-0.437628,0.049411,-0.897797,0.032191,-0.996987,-0.070561,-0.898579,-0.05978,0.434718,-0.001577,-0.020334,0.018976,-0.020467,0.65148,0.398408,0.270553
297,0.097046,0.01578,0.406644,-0.429025,0.063996,-0.901048,-0.039781,-0.997841,-0.051988,-0.9019,0.013454,0.431767,0.009398,-0.042755,0.036622,-0.062675,0.073434,0.643588,0.336204,-0.099739,0.038116,0.358968,0.015053,0.487653,0.872903,-0.923734,0.340929,-0.174401,-0.382635,-0.804303,0.454477,-0.028097,0.00933,0.008655,-0.138693,0.729262,0.226463,-1.011878,0.04004,0.036829,-0.00534,0.143769,-0.592114,0.792924,0.883577,-0.284036,-0.372309,0.445669,0.754137,0.482343,-0.014068,0.004713,0.004372,-0.144097,0.757831,0.252607,-0.811515,0.086043,0.030518,-0.039931,-0.447451,0.076857,-0.890999,0.02195,-0.995056,-0.096856,-0.894038,-0.062896,0.443552,0.004672,-0.021384,0.018306,-0.07349,0.017654,0.609624,0.267614
298,0.096978,0.014058,0.408224,-0.440444,0.085393,-0.893735,-0.045221,-0.996295,-0.072966,-0.89611,0.008164,0.443787,-0.003312,-0.04154,0.037672,4.879522,0.782861,-1.985989,0.338082,-0.100451,0.038379,0.359437,0.003369,0.462699,0.886505,-0.925308,0.337585,-0.172552,-0.379086,-0.820275,0.428143,-0.003514,0.015007,0.009894,-0.136735,0.590325,0.192758,-1.020572,0.039684,0.036962,-0.005105,0.157402,-0.568537,0.807459,0.885451,-0.280792,-0.370313,0.437264,0.773253,0.459214,-0.001772,0.007531,0.004978,-0.141718,0.600081,0.207714,-0.806943,0.08601,0.02966,-0.03914,-0.459355,0.097606,-0.882873,0.014349,-0.992998,-0.117247,-0.888136,-0.066527,0.454738,-0.001796,-0.020724,0.018696,4.883597,0.804622,-1.969123,0.267614
299,0.096939,0.013255,0.408997,-0.445394,0.095294,-0.890275,-0.050799,-0.995389,-0.081191,-0.893356,0.008937,0.44929,-0.002719,-0.039431,0.038889,-0.0557,0.414846,0.511288,0.341759,-0.100671,0.0385,0.359731,-0.004544,0.450822,0.892597,-0.925507,0.336116,-0.174344,-0.37858,-0.827448,0.414571,-0.015873,0.012693,0.009558,-0.173415,0.768909,0.228284,-1.021738,0.03958,0.037018,-0.004961,0.166178,-0.558689,0.812558,0.885039,-0.278868,-0.372743,0.434844,0.781088,0.44812,-0.000952,0.002783,0.009574,-0.251542,0.896787,0.119255,-0.804167,0.08599,0.029269,-0.03877,-0.464242,0.105664,-0.879382,0.01065,-0.99212,-0.124832,-0.885644,-0.067317,0.459459,-0.001379,-0.019704,0.019453,-0.030868,0.641786,0.609747,0.269247
300,0.096839,0.011824,0.410415,-0.453256,0.103648,-0.885359,-0.047995,-0.994594,-0.091925,-0.889541,0.000691,0.456884,-0.001921,-0.02918,0.029451,0.015886,0.570067,0.359099,0.344964,-0.10086,0.038624,0.360463,-0.022219,0.428997,0.903028,-0.925285,0.333228,-0.180944,-0.378482,-0.840101,0.388388,0.000749,-0.008151,0.02555,-0.230332,0.73953,0.196836,-1.021822,0.039478,0.037093,-0.004598,0.185161,-0.537813,0.822479,0.883584,-0.275202,-0.37887,0.430109,0.796881,0.424246,-0.000695,0.001689,0.008828,-0.224846,0.792597,0.249808,-0.798942,0.08594,0.02855,-0.038057,-0.471397,0.112995,-0.874652,0.013285,-0.990735,-0.135151,-0.88182,-0.07533,0.465528,-0.001291,-0.019414,0.019662,0.003432,-0.00381,0.043796,0.273819
301,0.096734,0.010624,0.411668,-0.455773,0.105532,-0.883843,-0.047597,-0.994396,-0.094248,-0.888273,-0.001026,0.459343,-0.00186,-0.028985,0.029616,-0.102937,0.068772,-0.041947,0.344729,-0.100861,0.038432,0.361288,-0.02517,0.408918,0.91222,-0.918231,0.3513,-0.182686,-0.395106,-0.842723,0.365475,-0.000738,0.000708,0.015879,-0.157139,0.604976,0.132984,-1.023104,0.039478,0.036994,-0.004181,0.189275,-0.518186,0.83406,0.876717,-0.293342,-0.381204,0.4422,0.803388,0.39878,0.000587,-0.005061,0.012121,-0.207596,0.78628,0.265178,-0.790614,0.085888,0.027952,-0.03743,-0.476129,0.115572,-0.871746,0.013415,-0.990255,-0.13861,-0.879272,-0.077691,0.469939,-0.00095,-0.014493,0.014811,-0.106228,0.034024,-0.056859,0.276269
302,0.096681,0.010099,0.412211,-0.456995,0.10241,-0.88358,-0.043203,-0.994714,-0.093005,-0.887869,-0.004464,0.460104,-0.001848,-0.028949,0.02966,-0.105441,0.04773,-0.050573,0.343997,-0.100809,0.038244,0.361706,-0.025739,0.400548,0.91591,-0.914755,0.360069,-0.183048,-0.403048,-0.843032,0.355968,-8.7e-05,-0.002093,0.014053,-0.103469,0.404071,0.025541,-1.024181,0.039503,0.036904,-0.003969,0.190286,-0.509418,0.839216,0.873546,-0.302238,-0.381534,0.448004,0.805695,0.387489,0.000964,-0.006659,0.011085,-0.130277,0.461046,0.025018,-0.790124,0.08586,0.027678,-0.037147,-0.476907,0.112215,-0.87176,0.017838,-0.990376,-0.137242,-0.878772,-0.081002,0.470316,-0.000941,-0.014477,0.014833,-0.106924,0.040484,-0.053445,0.276269
303,0.096573,0.009183,0.413157,-0.459162,0.097677,-0.882992,-0.039377,-0.995179,-0.089671,-0.886926,-0.006533,0.461894,-0.001833,-0.028912,0.029723,-0.10553,0.04722,-0.050778,0.339268,-0.100546,0.03784,0.362545,-0.037364,0.388225,0.920802,-0.915187,0.356714,-0.187408,-0.401143,-0.850179,0.340796,0.014176,-0.010479,0.02284,-0.09127,0.123942,-0.133664,-1.026926,0.039631,0.036701,-0.003556,0.202502,-0.496971,0.843807,0.873318,-0.298201,-0.385214,0.443065,0.81492,0.373628,6e-06,-0.001316,0.006848,-0.051053,-0.026772,-0.011471,-0.785062,0.085807,0.027238,-0.036693,-0.478653,0.107382,-0.871412,0.021819,-0.990731,-0.134071,-0.877732,-0.083187,0.471874,-0.000632,-0.009656,0.0099,-0.071095,0.031301,-0.033585,0.274309
304,0.096523,0.008494,0.413896,-0.460904,0.093444,-0.882542,-0.035096,-0.995564,-0.087142,-0.8862,-0.009314,0.463238,-0.000939,-0.018263,0.020397,-0.070381,0.031373,-0.033894,0.330834,-0.100258,0.037387,0.363283,-0.049835,0.383612,0.922144,-0.914145,0.354375,-0.196698,-0.402148,-0.853241,0.331842,0.002618,-0.016157,0.020369,0.026131,0.125141,-0.206676,-1.031401,0.039773,0.036483,-0.003193,0.214381,-0.492915,0.843252,0.870812,-0.294581,-0.393583,0.442409,0.818691,0.366084,0.000354,-0.002816,0.005877,1.031599,1.431213,-2.093754,-0.78196,0.085781,0.026881,-0.036314,-0.480146,0.102993,-0.87112,0.026095,-0.990966,-0.131546,-0.876799,-0.085893,0.473121,-0.000437,-0.008976,0.010285,-0.071042,0.031411,-0.033593,0.265818
