frame,MLTx,MLTy,MLTz,MLTR1,MLTR2,MLTR3,MLTR4,MLTR5,MLTR6,MLTR7,MLTR8,MLTR9,MLTTVx,MLTTVy,MLTTVz,MLTRVx,MLTRVy,MLTRVz,MLGA,MRTx,MRTy,MRTz,MRTR1,MRTR2,MRTR3,MRTR4,MRTR5,MRTR6,MRTR7,MRTR8,MRTR9,MRTTVx,MRTTVy,MRTTVz,MRTRVx,MRTRVy,MRTRVz,MRGA,SLTx,SLTy,SLTz,SLTR1,SLTR2,SLTR3,SLTR4,SLTR5,SLTR6,SLTR7,SLTR8,SLTR9,SLTTVx,SLTTVy,SLTTVz,SLTRVx,SLTRVy,SLTRVz,SLGA,SRTx,SRTy,SRTz,SRTR1,SRTR2,SRTR3,SRTR4,SRTR5,SRTR6,SRTR7,SRTR8,SRTR9,SRTTVx,SRTTVy,SRTTVz,SRTRVx,SRTRVy,SRTRVz,SRGA
129,0.078714,0.01904,0.425863,-0.471113,0.27201,-0.839112,-0.436018,-0.898716,-0.046595,-0.766217,0.343572,0.543044,-0.0,-0.0,-0.0,0.0,0.0,0.0,0.490696,-0.079392,-0.023196,0.393992,0.476382,-0.523236,0.706595,0.780211,0.622055,-0.065218,-0.40602,0.582994,0.703654,0.002772,-0.016618,0.021701,-0.054846,-0.099735,0.126756,-1.402868,0.039809,0.032233,-0.012033,-0.467928,0.54926,0.692355,-0.804491,-0.589026,-0.076428,0.365836,-0.592757,0.717497,0.001274,-0.007928,0.01114,-0.075149,0.001062,-0.014507,-0.801065,0.085293,0.039772,-0.049131,-0.520006,0.247058,-0.817652,-0.374657,-0.92623,-0.041594,-0.76761,0.28471,0.574207,-3e-06,6e-06,4e-06,3.8e-05,-2.8e-05,-5.6e-05,0.474177
130,0.078851,0.019013,0.425845,-0.470929,0.272161,-0.839166,-0.436115,-0.898659,-0.046777,-0.766275,0.3436,0.542944,7.2e-05,0.000215,0.000107,0.0,0.0,0.0,0.491893,-0.079118,-0.023723,0.394599,0.481401,-0.518256,0.706863,0.779507,0.621861,-0.074777,-0.401427,0.587629,0.702432,0.015797,-0.008216,0.009217,0.517937,0.326073,-0.51217,-1.402359,0.039944,0.031976,-0.011718,-0.471622,0.546399,0.692111,-0.803907,-0.588956,-0.082842,0.362359,-0.595464,0.71702,0.001842,-0.010049,0.009525,-0.076304,0.006029,-0.039895,-0.793717,0.085362,0.039758,-0.04914,-0.519835,0.247222,-0.817711,-0.374764,-0.926178,-0.041771,-0.767673,0.284735,0.574109,3.6e-05,0.000117,5.7e-05,3.9e-05,-1e-05,-4.6e-05,0.475973
131,0.078915,0.019004,0.425827,-0.470787,0.27228,-0.839207,-0.43617,-0.898624,-0.046934,-0.766332,0.343597,0.542867,0.011992,-0.00306,-0.001923,0.000984,-0.014715,0.029553,0.494793,-0.07903,-0.023957,0.394777,0.476894,-0.521372,0.707625,0.785958,0.613334,-0.077623,-0.394146,0.593812,0.701355,0.002313,-0.011772,0.008216,-0.03358,0.001188,-0.024686,-1.402713,0.039995,0.031849,-0.011625,-0.468033,0.54746,0.693708,-0.809754,-0.580045,-0.088568,0.353896,-0.603186,0.714788,0.001187,-0.006024,0.003998,-0.040692,-0.001775,-0.018361,-0.796003,0.085394,0.039754,-0.049149,-0.519703,0.247352,-0.817756,-0.374827,-0.926146,-0.041926,-0.767732,0.284728,0.574035,0.005991,-0.001534,-0.000966,0.001021,-0.014726,0.029511,0.477769
132,0.078998,0.019011,0.425783,-0.470665,0.272346,-0.839254,-0.436143,-0.89863,-0.047082,-0.766422,0.34353,0.542781,0.0,0.0,0.0,0.0,0.0,0.0,0.497574,-0.078933,-0.024421,0.394977,0.456706,-0.533379,0.711982,0.805706,0.58727,-0.076713,-0.37779,0.609329,0.697034,0.00289,-0.013931,0.006565,-0.046031,0.051019,-0.034751,-1.40263,0.040043,0.031622,-0.011527,-0.447087,0.558567,0.698652,-0.828488,-0.553045,-0.088017,0.337223,-0.618177,0.710025,0.000537,-0.002018,-0.001543,-0.002901,0.008189,0.003588,-0.797636,0.085436,0.039758,-0.04917,-0.519588,0.247425,-0.817806,-0.374804,-0.926148,-0.042075,-0.767821,0.284656,0.573951,-1e-06,-1e-06,-2e-06,3e-05,5e-06,-4.5e-05,0.482341
133,0.079045,0.019042,0.425719,-0.468862,0.275238,-0.83932,-0.441397,-0.896048,-0.047331,-0.764521,0.347934,0.542658,0.000755,0.009373,-0.010121,0.034876,-0.017083,0.016233,0.498244,-0.078846,-0.024756,0.395196,0.445389,-0.535159,0.717791,0.812564,0.578234,-0.072925,-0.376592,0.616379,0.691461,0.01372,0.00276,0.000391,-0.021326,0.078688,0.06536,-1.402753,0.040085,0.03144,-0.011422,-0.435857,0.559859,0.704688,-0.83499,-0.543745,-0.084457,0.335887,-0.625219,0.704471,0.000846,-0.004731,0.004988,-0.053827,0.075075,0.005011,-0.804167,0.085458,0.039769,-0.049199,-0.518001,0.250438,-0.817896,-0.380256,-0.923923,-0.042075,-0.766211,0.289215,0.573824,-6e-06,-1.8e-05,-1e-05,0.000162,2.2e-05,-0.000105,0.484791
134,0.079046,0.019056,0.425704,-0.468831,0.275251,-0.839333,-0.441368,-0.896059,-0.047379,-0.764556,0.347894,0.542634,-0.0,-1e-06,-0.0,0.0,0.0,0.0,0.497712,-0.078749,-0.02477,0.395277,0.438366,-0.535897,0.721554,0.816425,0.573111,-0.070196,-0.376471,0.620515,0.687818,-0.000271,0.00101,0.000772,-0.085032,0.352566,0.138408,-1.402629,0.040138,0.031434,-0.011381,-0.429719,0.560886,0.707636,-0.838584,-0.538501,-0.082412,0.334839,-0.628826,0.701754,0.006604,0.002327,0.000914,-0.124983,0.526943,0.246055,-0.804331,0.085459,0.03978,-0.04921,-0.517959,0.250459,-0.817916,-0.380212,-0.923938,-0.04215,-0.766262,0.289149,0.573789,2e-06,6e-06,2e-06,0.000126,-1.1e-05,-9.8e-05,0.485444
135,0.079038,0.019065,0.425698,-0.467196,0.278013,-0.839334,-0.446642,-0.893442,-0.047385,-0.762495,0.352393,0.542631,-0.0,-0.0,-0.0,-0.0,-0.0,0.0,0.496459,-0.078384,-0.024744,0.395393,0.423261,-0.540434,0.727167,0.826996,0.55822,-0.066339,-0.370606,0.630098,0.682268,0.013613,0.003162,0.000695,-0.118382,0.467735,0.214729,-1.402797,0.040319,0.031452,-0.011319,-0.41484,0.565041,0.713186,-0.848562,-0.523147,-0.079108,0.328402,-0.638001,0.696495,0.006805,0.001581,0.000338,-0.165983,0.650875,0.283449,-0.800575,0.085455,0.039784,-0.049213,-0.516514,0.253335,-0.817944,-0.385659,-0.921687,-0.041931,-0.764512,0.293789,0.573766,0.0,4e-06,-0.0,0.000219,2.6e-05,-0.000137,0.483811
136,0.079022,0.019077,0.425705,-0.467218,0.277996,-0.839328,-0.446631,-0.893448,-0.047364,-0.762488,0.352389,0.542643,5e-06,1.4e-05,7e-06,0.0,0.0,0.0,0.496105,-0.078135,-0.02486,0.395702,0.413097,-0.543476,0.730737,0.833709,0.548515,-0.0632,-0.366999,0.635987,0.678745,0.000717,-0.00581,0.012773,-0.0426,0.031061,-0.011699,-1.402661,0.040445,0.031391,-0.011174,-0.40341,0.566872,0.718273,-0.855069,-0.513007,-0.075367,0.325756,-0.644577,0.691667,0.007042,-0.000878,0.007068,-0.028126,-0.041374,0.026231,-0.803677,0.085448,0.039791,-0.04921,-0.516537,0.253313,-0.817937,-0.385639,-0.921696,-0.041911,-0.764507,0.29378,0.573778,-0.005996,0.001531,0.000962,-0.000835,0.01471,-0.029658,0.483811
137,0.079013,0.019073,0.425714,-0.465597,0.280736,-0.839316,-0.451918,-0.890788,-0.047321,-0.760365,0.356915,0.542664,0.0,0.0,0.0,-0.0,-0.0,0.0,0.495985,-0.077754,-0.0249,0.396448,0.412559,-0.544642,0.730172,0.833568,0.548938,-0.061364,-0.367923,0.634624,0.67952,-0.000837,-6.9e-05,0.017141,-0.033931,-0.009853,0.003465,-1.402786,0.040637,0.031367,-0.010804,-0.403165,0.568209,0.717353,-0.854926,-0.513478,-0.073762,0.326433,-0.643022,0.692793,0.007136,-0.002848,0.014163,-0.066819,-0.026362,0.008144,-0.803024,0.085443,0.039788,-0.049205,-0.515103,0.256166,-0.817952,-0.391105,-0.919403,-0.041641,-0.762695,0.298456,0.573775,1e-06,-2e-06,-2e-06,0.000363,0.000199,-3.8e-05,0.483321
138,0.079013,0.019073,0.425714,-0.465597,0.280736,-0.839316,-0.451918,-0.890788,-0.047321,-0.760365,0.356915,0.542664,0.0,0.0,0.0,-0.0,-0.0,0.0,0.49601,-0.07751,-0.024935,0.396892,0.412232,-0.545355,0.729825,0.833482,0.549193,-0.060245,-0.368485,0.633791,0.679993,-0.000688,-0.000635,0.016702,-0.033927,-0.009873,0.003455,-1.402743,0.040752,0.031356,-0.010589,-0.402815,0.56889,0.71701,-0.85488,-0.513708,-0.072684,0.326984,-0.642237,0.693262,0.006452,0.001242,0.008673,-0.025613,-0.09437,0.218568,-0.803841,0.085443,0.039788,-0.049205,-0.515105,0.256165,-0.817951,-0.391099,-0.919405,-0.041643,-0.762697,0.29845,0.573777,1e-06,-1e-06,-3e-06,0.000225,2.5e-05,-0.000137,0.483321
139,0.079013,0.019073,0.425714,-0.465597,0.280736,-0.839316,-0.451918,-0.890788,-0.047321,-0.760365,0.356915,0.542664,0.000304,0.000904,0.000451,0.0,0.0,0.0,0.497721,-0.077235,-0.025149,0.397753,0.408184,-0.545609,0.731906,0.836255,0.544992,-0.059951,-0.366693,0.637193,0.677779,0.001151,-0.010587,0.026308,0.073607,0.156723,-0.158041,-1.402837,0.040894,0.031253,-0.010149,-0.39855,0.569017,0.719288,-0.857502,-0.509394,-0.07216,0.325342,-0.645551,0.690953,0.000593,-0.005422,0.013051,0.504045,0.420299,-0.597674,-0.801391,0.085442,0.039785,-0.049207,-0.515107,0.256161,-0.817951,-0.391092,-0.919408,-0.041643,-0.762699,0.298444,0.573777,0.000245,0.000729,0.000362,0.000154,-4e-06,-0.000111,0.484138
140,0.079019,0.019063,0.425708,-0.465594,0.280736,-0.839318,-0.451919,-0.890787,-0.047322,-0.760366,0.356916,0.542662,-0.000138,-0.000411,-0.000205,0.0,0.0,0.0,0.500424,-0.077101,-0.025437,0.398757,0.408332,-0.546132,0.731434,0.835415,0.546469,-0.058198,-0.368442,0.635477,0.678441,0.000436,-0.007964,0.028281,-0.06877,-0.009848,-0.020149,-1.402562,0.040957,0.031106,-0.009662,-0.398907,0.569507,0.718702,-0.856742,-0.510874,-0.070702,0.326902,-0.643947,0.691712,0.000113,-0.003651,0.01439,-0.06775,-0.021462,0.006154,-0.801555,0.085446,0.039784,-0.049208,-0.515106,0.256159,-0.817953,-0.391088,-0.91941,-0.041644,-0.762702,0.29844,0.573774,-9.2e-05,-0.000271,-0.000136,0.0001,-1e-06,-6.9e-05,0.48626
141,0.079019,0.019063,0.425708,-0.465594,0.280736,-0.839318,-0.451919,-0.890787,-0.047322,-0.760366,0.356916,0.542662,-2e-06,-6e-06,-3e-06,0.0,0.0,0.0,0.502602,-0.076919,-0.025454,0.399272,0.40448,-0.549567,0.731002,0.838677,0.541606,-0.056723,-0.365258,0.636684,0.679031,0.013496,-0.002886,0.030402,-0.066709,-0.025112,0.00907,-1.402431,0.041044,0.03109,-0.009403,-0.394954,0.572736,0.71832,-0.859792,-0.505909,-0.069365,0.323677,-0.645002,0.692245,0.006742,-0.001472,0.015176,-0.067055,-0.025412,0.008821,-0.802208,0.085446,0.039783,-0.049208,-0.515107,0.256157,-0.817953,-0.391085,-0.919411,-0.041644,-0.762703,0.298438,0.573774,2e-06,3e-06,-0.0,8.4e-05,1.3e-05,-4.7e-05,0.488546
142,0.079016,0.019055,0.425705,-0.465609,0.280721,-0.839315,-0.451911,-0.890792,-0.047305,-0.760361,0.356915,0.542668,-6.1e-05,-0.000182,-9.1e-05,0.0,0.0,0.0,0.504197,-0.076546,-0.025422,0.400234,0.39233,-0.556653,0.732261,0.848048,0.527152,-0.053477,-0.356745,0.642648,0.677938,-0.001368,0.001794,0.018458,-0.043886,0.030167,0.018547,-1.402886,0.041239,0.031113,-0.008905,-0.382305,0.579216,0.719965,-0.868634,-0.491007,-0.066232,0.315145,-0.650707,0.690842,0.006855,-0.00192,0.014819,-0.070822,-0.008217,0.016224,-0.803187,0.085445,0.03978,-0.04921,-0.515121,0.25614,-0.817949,-0.391073,-0.919417,-0.041627,-0.7627,0.298435,0.573781,-3.8e-05,-0.00011,-5.6e-05,5.1e-05,-1e-06,-4.9e-05,0.491976
143,0.079016,0.019055,0.425705,-0.465609,0.280721,-0.839315,-0.451911,-0.890792,-0.047305,-0.760361,0.356915,0.542668,-0.0,-0.0,-0.0,0.0,0.0,0.0,0.505119,-0.076466,-0.025345,0.400828,0.381825,-0.554355,0.739521,0.851362,0.522326,-0.047872,-0.36022,0.648551,0.670437,-0.002373,0.008653,0.006477,-0.016112,0.184268,0.129618,-1.40251,0.041279,0.03115,-0.008602,-0.37215,0.57654,0.727396,-0.871803,-0.486072,-0.060767,0.318532,-0.656761,0.683521,-0.000345,-0.000379,0.008258,0.019844,0.206725,0.187241,-0.804494,0.085445,0.039779,-0.04921,-0.515121,0.25614,-0.817949,-0.391073,-0.919417,-0.041628,-0.7627,0.298434,0.573781,-0.0,7e-06,3e-06,3.3e-05,-3.6e-05,-6.4e-05,0.493445
144,0.079017,0.019062,0.425697,-0.465594,0.280728,-0.839321,-0.451897,-0.890798,-0.047329,-0.760379,0.356896,0.542656,-0.0,-0.0,-0.0,0.0,0.0,0.0,0.506501,-0.076433,-0.02505,0.401124,0.370537,-0.556597,0.743569,0.854929,0.517237,-0.038699,-0.363534,0.650712,0.666544,0.011402,0.010978,0.006523,-0.011676,0.042019,0.084327,-1.402606,0.041294,0.031301,-0.008452,-0.36061,0.578282,0.731812,-0.875376,-0.480689,-0.051509,0.321987,-0.659186,0.679556,0.005717,0.005411,0.003201,0.005797,-0.003574,0.061273,-0.804821,0.085445,0.039783,-0.049214,-0.515107,0.256147,-0.817956,-0.391059,-0.919422,-0.041653,-0.762716,0.298414,0.573769,-3e-06,3e-06,2e-06,3.6e-05,-3.5e-05,-5.9e-05,0.494915
145,0.079017,0.019062,0.425697,-0.465594,0.280728,-0.839321,-0.451897,-0.890798,-0.047329,-0.760379,0.356896,0.542656,-0.0,-0.0,-0.0,0.0,0.0,0.0,0.507413,-0.076436,-0.024882,0.401245,0.368438,-0.55979,0.742213,0.854836,0.517738,-0.033703,-0.365876,0.647567,0.668323,-0.002112,0.007692,0.005732,-0.000628,-0.009609,0.028808,-1.402723,0.041294,0.031382,-0.008394,-0.358581,0.581549,0.730218,-0.875379,-0.48118,-0.046649,0.324238,-0.655946,0.681618,-0.000999,0.003627,0.002703,0.007259,-0.022286,0.018925,-0.806617,0.085445,0.039783,-0.049214,-0.515107,0.256147,-0.817956,-0.391059,-0.919422,-0.041653,-0.762716,0.298414,0.573769,-2e-06,3e-06,2e-06,3.4e-05,-3.5e-05,-6.2e-05,0.496221
146,0.079015,0.019055,0.425693,-0.465609,0.280713,-0.839318,-0.451888,-0.890803,-0.047312,-0.760375,0.356895,0.542663,-2e-05,-5.8e-05,-2.9e-05,0.0,0.0,0.0,0.50758,-0.076483,-0.024656,0.401525,0.363864,-0.563811,0.741425,0.857865,0.512884,-0.030834,-0.363346,0.647946,0.669334,-0.002207,0.008038,0.005973,0.000875,-0.00977,0.027097,-1.402503,0.041271,0.031492,-0.008256,-0.353963,0.585371,0.729417,-0.878244,-0.476179,-0.044041,0.321553,-0.656196,0.682649,-0.000262,-0.000656,0.008034,-0.033809,-0.009967,0.00264,-0.8058,0.085444,0.039779,-0.049216,-0.515121,0.25613,-0.817952,-0.391049,-0.919427,-0.041635,-0.762712,0.298412,0.573776,-1.2e-05,-2.7e-05,-1.3e-05,3.7e-05,-2e-06,-4.2e-05,0.497527
147,0.079024,0.019053,0.425692,-0.46392,0.28348,-0.839323,-0.457164,-0.888106,-0.047331,-0.758254,0.361393,0.542654,-0.0,-0.0,-0.0,-0.417468,-0.023542,0.269909,0.508569,-0.076532,-0.024464,0.40201,0.351285,-0.568466,0.743933,0.86439,0.502169,-0.024285,-0.360224,0.65227,0.666818,-0.00132,0.001611,0.01821,4.024146,0.063745,3.765173,-1.402472,0.041247,0.031587,-0.00802,-0.344864,0.587717,0.731885,-0.881662,-0.47037,-0.037724,0.322086,-0.658285,0.680382,-0.001563,0.005671,0.004199,-0.073828,0.286671,0.13279,-0.801881,0.085448,0.039778,-0.049216,-0.513753,0.258759,-0.817985,-0.396021,-0.917305,-0.041447,-0.761067,0.302646,0.573743,-1.1e-05,1e-06,-6e-06,-1.409782,-0.080741,0.904409,0.498344
148,0.079029,0.019036,0.425694,-0.463932,0.283475,-0.839318,-0.45718,-0.888099,-0.047308,-0.758237,0.361414,0.542663,-5.2e-05,-0.000155,-7.7e-05,-0.0,-0.0,0.0,0.508319,-0.0766,-0.024337,0.402324,0.339834,-0.575194,0.744081,0.870425,0.491936,-0.017104,-0.356636,0.654178,0.666877,-0.001726,0.003097,0.019289,-0.090254,0.038972,0.092035,-1.402737,0.041214,0.031649,-0.007872,-0.329411,0.595433,0.732766,-0.890177,-0.45457,-0.030799,0.314755,-0.662438,0.679782,-0.001658,0.00601,0.004441,-0.47209,-0.304062,0.774827,-0.798779,0.085451,0.03977,-0.049215,-0.513633,0.259013,-0.81798,-0.396526,-0.917088,-0.041405,-0.760885,0.303084,0.573752,-3.2e-05,-9.1e-05,-4.5e-05,0.000224,8.3e-05,-7.7e-05,0.498834
149,0.079025,0.019028,0.425679,-0.463947,0.283451,-0.839318,-0.457149,-0.888116,-0.047297,-0.758247,0.361392,0.542664,-4.6e-05,-0.000136,-6.8e-05,0.0,0.0,0.0,0.50915,-0.076718,-0.024265,0.403021,0.318385,-0.573797,0.754572,0.87922,0.476267,-0.008661,-0.354815,0.666889,0.655154,0.000589,-0.008533,0.027677,-0.194502,0.517683,0.181907,-1.402642,0.041151,0.031697,-0.007514,-0.308974,0.594034,0.742736,-0.898452,-0.438463,-0.023072,0.311957,-0.674442,0.669185,-0.000519,0.000266,0.008686,-0.19743,0.699506,0.501742,-0.797799,0.085449,0.039765,-0.049223,-0.513648,0.258985,-0.817979,-0.396487,-0.917106,-0.041396,-0.760895,0.303056,0.573754,-2e-05,-5.5e-05,-2.7e-05,0.000132,1e-06,-9.5e-05,0.499487
150,0.079018,0.019012,0.42566,-0.463977,0.283412,-0.839314,-0.457109,-0.888137,-0.047269,-0.758252,0.361369,0.542672,-0.000389,-0.00116,-0.000579,0.0,0.0,0.0,0.510051,-0.076777,-0.024383,0.403654,0.288891,-0.573338,0.766693,0.89278,0.450418,0.000574,-0.346032,0.685018,0.640995,0.00014,-0.003698,0.014248,-0.079625,0.612512,0.325988,-1.402859,0.041121,0.03164,-0.00719,-0.279887,0.592433,0.755437,-0.911027,-0.412095,-0.014358,0.302806,-0.692243,0.655063,0.000204,-0.002372,0.006737,0.114576,0.902461,0.624139,-0.796819,0.085446,0.03976,-0.049231,-0.513677,0.258941,-0.817975,-0.396441,-0.917127,-0.04137,-0.7609,0.303028,0.573762,-0.000254,-0.000759,-0.000378,8.6e-05,1.8e-05,-6.4e-05,0.501283
151,0.079028,0.018985,0.425646,-0.463986,0.283399,-0.839314,-0.457103,-0.888141,-0.047255,-0.75825,0.36137,0.542674,-0.000535,-0.001593,-0.000795,-0.001604,0.010538,-0.026775,0.511263,-0.076693,-0.024736,0.404243,0.258424,-0.5695,0.780307,0.905127,0.424933,0.010518,-0.337901,0.70425,0.624274,0.001162,-0.007435,0.01151,-0.258901,0.8785,0.295584,-1.402902,0.041163,0.031462,-0.00689,-0.250121,0.587815,0.769358,-0.922541,-0.385862,-0.005109,0.293863,-0.711043,0.638797,0.000614,-0.003879,0.005634,-0.245598,0.826975,0.277443,-0.796166,0.085452,0.039747,-0.049238,-0.513672,0.258941,-0.817979,-0.39644,-0.917127,-0.041373,-0.760904,0.303028,0.573757,-8e-06,-2.6e-05,-1.3e-05,5.9e-05,2e-06,-3e-05,0.502426
152,0.079053,0.018971,0.425638,-0.463945,0.283431,-0.839325,-0.457124,-0.888128,-0.047294,-0.758262,0.361376,0.542653,-9.2e-05,-0.000276,-0.000138,0.0,0.0,0.0,0.511945,-0.076686,-0.024968,0.404535,0.25024,-0.566235,0.785334,0.907192,0.420399,0.014189,-0.33851,0.709585,0.61787,0.00138,-0.008232,0.010927,-0.125369,0.354555,0.104507,-1.402626,0.041167,0.031348,-0.006749,-0.24086,0.583054,0.775908,-0.924522,-0.381127,-0.000596,0.295372,-0.717488,0.630845,-0.005242,-0.010298,0.010222,-0.172826,0.40982,0.065808,-0.796819,0.085463,0.039737,-0.049243,-0.513648,0.25896,-0.817987,-0.396452,-0.917121,-0.041394,-0.760913,0.303031,0.573743,-5e-05,-0.000149,-7.4e-05,4.6e-05,5e-06,-3e-05,0.502916
153,0.079119,0.018912,0.425595,-0.463854,0.283488,-0.839356,-0.457147,-0.888111,-0.047385,-0.758304,0.361372,0.542597,-0.000683,-0.002037,-0.001017,-0.001603,0.010539,-0.026775,0.511919,-0.076642,-0.025367,0.405072,0.225185,-0.560761,0.796763,0.916128,0.400151,0.022849,-0.331929,0.725471,0.602808,0.001439,-0.008447,0.010772,-0.024198,0.429188,0.219335,-1.402843,0.041189,0.031149,-0.006486,-0.217349,0.577235,0.787119,-0.932571,-0.360912,0.007162,0.288215,-0.732489,0.616757,0.000691,-0.004145,0.005431,1.115791,0.754068,1.239456,-0.798126,0.085497,0.039711,-0.049263,-0.513549,0.259039,-0.818024,-0.396487,-0.9171,-0.041501,-0.760962,0.303024,0.573682,-0.000122,-0.000367,-0.000184,3.4e-05,4e-06,-1.6e-05,0.503243
154,0.079186,0.01886,0.425544,-0.463748,0.283552,-0.839393,-0.457156,-0.888101,-0.047499,-0.758364,0.361348,0.54253,-0.000226,-0.000674,-0.000337,0.0,0.0,0.0,0.511964,-0.07654,-0.02549,0.405315,0.201598,-0.556118,0.806277,0.924951,0.378803,0.030146,-0.322447,0.740363,0.589708,-0.000546,0.001993,0.001459,-0.167143,0.695185,0.287633,-1.403018,0.041242,0.031077,-0.00636,-0.194663,0.572525,0.796442,-0.940787,-0.338725,0.01355,0.277533,-0.746646,0.604561,0.000709,-0.0042,0.005404,-0.028852,0.120619,0.046729,-0.798289,0.085529,0.039681,-0.049291,-0.513463,0.259094,-0.818061,-0.396491,-0.917094,-0.041598,-0.761018,0.302995,0.573623,-0.000103,-0.000313,-0.000156,3e-05,2.1e-05,-1.2e-05,0.504059
155,0.079206,0.01883,0.425528,-0.463738,0.283554,-0.839398,-0.45716,-0.888099,-0.047504,-0.758367,0.361351,0.542522,-0.000282,-0.000841,-0.000421,0.0,0.0,0.0,0.512354,-0.076494,-0.025527,0.405423,0.190007,-0.553347,0.810984,0.929131,0.368128,0.033633,-0.317404,0.747791,0.583033,-0.000498,0.001819,0.001331,-0.136367,0.537905,0.192666,-1.402788,0.041265,0.031059,-0.006306,-0.182617,0.568657,0.802047,-0.944585,-0.327807,0.017346,0.272781,-0.754434,0.597008,0.000512,-0.003489,0.005924,-0.240048,0.830883,0.090815,-0.798779,0.085539,0.039667,-0.049298,-0.513454,0.259096,-0.818066,-0.396495,-0.917093,-0.041602,-0.761022,0.302998,0.573616,-0.000164,-0.000497,-0.00025,2.6e-05,4e-06,-7e-06,0.504059
156,0.079228,0.018809,0.425517,-0.463713,0.283571,-0.839406,-0.457172,-0.888091,-0.047526,-0.758375,0.361357,0.542508,-7e-06,-2e-05,-1e-05,0.0,0.0,0.0,0.511781,-0.076566,-0.025596,0.405674,0.168205,-0.544589,0.821658,0.934993,0.352067,0.042081,-0.312415,0.761825,0.567347,-0.001154,0.004217,0.003083,-0.165086,0.689821,0.284596,-1.402935,0.04123,0.031019,-0.006184,-0.162276,0.559919,0.8125,-0.949917,-0.311503,0.024944,0.267062,-0.76776,0.582426,0.000248,-0.002514,0.006639,0.014323,0.291288,0.195002,-0.794696,0.08555,0.039655,-0.049305,-0.513431,0.259115,-0.818075,-0.396508,-0.917086,-0.041624,-0.761031,0.303003,0.573601,9e-06,2.9e-05,1.4e-05,1.6e-05,3e-06,-1.5e-05,0.504222
157,0.07923,0.018816,0.42552,-0.463698,0.283586,-0.839409,-0.457181,-0.888086,-0.047543,-0.75838,0.361358,0.542501,0.0,1e-06,0.0,0.0,0.0,0.0,0.511284,-0.076586,-0.025585,0.406012,0.137851,-0.537739,0.831761,0.942153,0.330128,0.057421,-0.305646,0.776381,0.551069,-0.001208,0.004414,0.003221,4.450476,0.894781,3.251461,-1.402742,0.041219,0.03103,-0.006017,-0.134783,0.550349,0.823983,-0.954719,-0.294712,0.040674,0.265223,-0.781191,0.565151,0.00016,-0.002206,0.006862,-0.277352,0.952783,0.308353,-0.798125,0.085551,0.03966,-0.049302,-0.513417,0.259131,-0.818079,-0.396517,-0.917081,-0.041641,-0.761036,0.303003,0.573595,2e-06,7e-06,4e-06,9e-06,-3e-06,-1.5e-05,0.504059
158,0.079219,0.018811,0.425518,-0.463732,0.283556,-0.839401,-0.457162,-0.888097,-0.047507,-0.75837,0.361354,0.542517,-4.4e-05,-0.000132,-6.6e-05,0.0,0.0,0.0,0.510441,-0.076606,-0.02565,0.406486,0.095838,-0.524258,0.846144,0.943313,0.319084,0.090991,-0.317822,0.790091,0.52403,-0.00031,-0.002051,0.015435,-0.35648,1.21286,0.459094,-1.402958,0.041209,0.030995,-0.005782,-0.091106,0.536742,0.838812,-0.957846,-0.277678,0.073648,0.27245,-0.796744,0.539415,-0.000128,-0.001155,0.007624,-0.262661,0.754417,0.335554,-0.797799,0.085546,0.039657,-0.049303,-0.513448,0.259098,-0.818069,-0.396497,-0.917092,-0.041605,-0.761025,0.303,0.573611,-2.7e-05,-7.5e-05,-3.8e-05,8e-06,6e-06,-1.2e-05,0.503732
159,0.079225,0.018801,0.425513,-0.463728,0.283557,-0.839403,-0.457164,-0.888096,-0.047508,-0.758371,0.361355,0.542514,-0.000264,-0.000789,-0.000395,0.0,0.0,0.0,0.510637,-0.07663,-0.025763,0.406827,0.069019,-0.516258,0.853642,0.945067,0.30776,0.109847,-0.31952,0.79979,0.508041,1.4e-05,-0.003234,0.01457,0.06012,1.303668,0.8828,-1.403089,0.041197,0.030943,-0.005608,-0.065245,0.527626,0.846966,-0.959361,-0.266681,0.092228,0.274532,-0.80653,0.523584,-0.000161,-0.001037,0.007691,1.17088,1.081382,1.166027,-0.799269,0.085549,0.039654,-0.049305,-0.513445,0.259099,-0.818071,-0.396498,-0.917091,-0.041607,-0.761027,0.303001,0.573608,-0.000177,-0.00052,-0.00026,4e-06,-2.5e-05,-2e-05,0.503243
160,0.079225,0.018801,0.425513,-0.463728,0.283557,-0.839403,-0.457164,-0.888096,-0.047508,-0.758371,0.361355,0.542514,-0.0,-0.0,-0.0,0.0,0.0,0.0,0.510175,-0.076496,-0.025925,0.407443,0.022564,-0.495232,0.868462,0.948649,0.284626,0.13779,-0.315461,0.821353,0.475107,0.013829,-0.001329,0.014351,-0.257573,0.95057,0.606867,-1.402866,0.041258,0.030864,-0.005298,-0.019127,0.503851,0.863578,-0.962621,-0.242682,0.12027,0.270173,-0.828998,0.48966,0.000307,-0.002753,0.006457,-0.180015,1.058981,0.627473,-0.796819,0.085549,0.039652,-0.049306,-0.513445,0.259099,-0.818071,-0.396498,-0.917091,-0.041607,-0.761027,0.303001,0.573608,-1e-06,9e-06,4e-06,0.0,-1.8e-05,-2.4e-05,0.502916
161,0.079223,0.018793,0.425509,-0.462056,0.286283,-0.839399,-0.462406,-0.885379,-0.047491,-0.756214,0.365839,0.542521,-0.0,-0.0,-0.0,-0.0,-0.0,0.0,0.50981,-0.075927,-0.025932,0.407828,-0.008675,-0.474966,0.879957,0.949131,0.272939,0.156809,-0.314649,0.837124,0.447306,0.014559,-0.003997,0.012411,-0.190672,0.588939,0.21983,-1.40299,0.041537,0.030861,-0.005104,0.011366,0.481928,0.876136,-0.962973,-0.230748,0.139418,0.269357,-0.845281,0.46146,0.006393,0.002799,0.001226,-0.209668,0.911355,0.370481,-0.801718,0.085548,0.039648,-0.049308,-0.51196,0.261944,-0.818096,-0.401925,-0.914737,-0.041365,-0.759178,0.307636,0.573591,-0.0,1e-05,5e-06,0.000143,1.1e-05,-8.8e-05,0.502426
162,0.079231,0.018784,0.425515,-0.462053,0.286292,-0.839398,-0.46243,-0.885367,-0.047485,-0.756201,0.365861,0.542524,-0.0,-0.0,-0.0,-0.0,0.0,0.0,0.508957,-0.075693,-0.025846,0.407874,-0.01702,-0.467903,0.883611,0.948155,0.272794,0.162848,-0.317226,0.841133,0.437866,0.013119,0.004431,0.001615,-0.154412,0.565484,0.233643,-1.403218,0.041654,0.030901,-0.005078,0.018799,0.475214,0.879668,-0.962188,-0.230522,0.145095,0.271734,-0.849135,0.452912,0.006508,0.002392,0.00093,-0.178062,0.672827,0.273621,-0.803024,0.085552,0.039644,-0.049305,-0.511958,0.261952,-0.818094,-0.401946,-0.914728,-0.041359,-0.759168,0.307656,0.573593,-3e-06,8e-06,3e-06,0.000104,-2.1e-05,-8.9e-05,0.5021
163,0.079252,0.018787,0.425516,-0.462001,0.286338,-0.839411,-0.462458,-0.885349,-0.047541,-0.756216,0.365867,0.542498,1e-06,4e-06,2e-06,0.0,0.0,0.0,0.508203,-0.075239,-0.025505,0.407669,-0.022306,-0.465032,0.885008,0.947895,0.271409,0.166633,-0.317668,0.843168,0.43361,0.011989,0.011717,-0.010007,0.03292,-0.000683,0.058014,-1.403138,0.041891,0.031075,-0.005179,0.025013,0.471085,0.881732,-0.96183,-0.22908,0.149677,0.272498,-0.851821,0.447374,0.006029,0.005746,-0.005092,0.047157,-0.049875,0.040975,-0.804494,0.085562,0.039646,-0.049304,-0.511911,0.261999,-0.818109,-0.401973,-0.914714,-0.041413,-0.759186,0.307657,0.573568,0.005996,-0.001528,-0.000962,0.001052,-0.014714,0.029504,0.500467
164,0.079268,0.018782,0.425502,-0.461963,0.28636,-0.839424,-0.462454,-0.885349,-0.047586,-0.756241,0.365851,0.542474,-0.00031,-0.000926,-0.000463,0.0,0.0,0.0,0.507813,-0.074606,-0.025061,0.407263,-0.034778,-0.46403,0.885132,0.952652,0.25214,0.169744,-0.301907,0.849682,0.432153,0.012486,0.00992,-0.011313,0.029921,0.009995,0.061834,-1.403103,0.042202,0.031293,-0.005377,0.037275,0.469629,0.882076,-0.965817,-0.209661,0.15244,0.256528,-0.857607,0.44576,0.006324,0.004693,-0.005862,0.037231,-0.009772,0.024743,-0.805147,0.085571,0.039645,-0.04931,-0.511876,0.262024,-0.818123,-0.40197,-0.914713,-0.041458,-0.759211,0.307639,0.573545,-0.00021,-0.000626,-0.000312,4.6e-05,-1e-06,-6.1e-05,0.499813
165,0.079285,0.01877,0.425506,-0.461942,0.286386,-0.839427,-0.462488,-0.885331,-0.0476,-0.756234,0.365875,0.542468,-0.0,-0.0,-0.0,0.0,0.0,0.0,0.507334,-0.074365,-0.024567,0.406747,-0.047453,-0.45631,0.88855,0.951363,0.25027,0.179462,-0.304215,0.854396,0.421099,-0.002139,0.010881,-0.009004,-0.110471,0.515361,0.238099,-1.402885,0.042331,0.031531,-0.005643,0.048615,0.462577,0.885244,-0.964748,-0.207757,0.161542,0.258642,-0.861892,0.436171,0.005002,0.011025,-0.009711,-0.158021,0.774278,0.352197,-0.811842,0.085579,0.039637,-0.049309,-0.511856,0.26205,-0.818127,-0.402004,-0.914697,-0.04147,-0.759206,0.307664,0.573539,-0.0,5e-06,2e-06,3.6e-05,-1.6e-05,-5.8e-05,0.499324
166,0.079297,0.018776,0.425509,-0.461908,0.286416,-0.839436,-0.462506,-0.885319,-0.047636,-0.756244,0.365879,0.542452,0.000263,0.000787,0.000394,0.0,0.0,0.0,0.506872,-0.074275,-0.024154,0.406406,-0.054566,-0.454565,0.889036,0.950693,0.248413,0.185494,-0.305105,0.855865,0.417454,0.009418,0.024057,-0.017946,-0.025212,0.330259,0.200344,-1.402962,0.042371,0.031733,-0.00581,0.056149,0.459844,0.886222,-0.964032,-0.205985,0.167961,0.259785,-0.863778,0.431739,0.00462,0.012384,-0.008719,-0.061467,0.44285,0.266465,-0.814618,0.085584,0.039638,-0.049309,-0.511825,0.262082,-0.818136,-0.402024,-0.914687,-0.041506,-0.759217,0.307667,0.573523,0.000176,0.000533,0.000266,3.2e-05,-1.1e-05,-5.6e-05,0.498997
167,0.079315,0.018771,0.425506,-0.460166,0.289177,-0.839445,-0.46776,-0.882553,-0.047674,-0.754075,0.370356,0.542433,0.0,0.0,0.0,-0.0,-0.0,0.0,0.506052,-0.073964,-0.023409,0.405843,-0.07591,-0.448288,0.890656,0.951634,0.233948,0.198988,-0.297482,0.863219,0.407702,0.011705,0.012603,-0.009357,-0.065361,0.343525,0.182408,-1.403069,0.042528,0.032122,-0.006092,0.07741,0.452465,0.888415,-0.964604,-0.191316,0.181484,0.252083,-0.871018,0.42164,0.005888,0.006222,-0.004742,-0.072698,0.369721,0.186022,-0.812658,0.085594,0.039638,-0.049309,-0.510274,0.264967,-0.818176,-0.407466,-0.912284,-0.041319,-0.757358,0.312295,0.57348,-2e-06,-4e-06,-2e-06,0.000165,2.8e-05,-0.000114,0.498181
168,0.079297,0.018776,0.425509,-0.460204,0.289146,-0.839436,-0.46774,-0.882565,-0.047636,-0.754064,0.370351,0.542452,0.0,0.0,0.0,0.0,0.0,0.0,0.505755,-0.073851,-0.023091,0.405497,-0.090882,-0.442877,0.89196,0.951323,0.226072,0.209309,-0.294238,0.868093,0.399628,2.3e-05,-8.2e-05,-5.9e-05,-0.01763,0.013648,0.216402,-1.40284,0.042585,0.032279,-0.006267,0.092536,0.445797,0.890337,-0.964094,-0.183419,0.19204,0.248916,-0.87614,0.412818,2.3e-05,-5.4e-05,-4.1e-05,0.010407,-0.06451,0.189185,-0.811842,0.085585,0.03964,-0.049308,-0.51031,0.26493,-0.818165,-0.407439,-0.912298,-0.041282,-0.757348,0.312286,0.573499,1e-06,-1e-06,-1e-06,0.000111,1.4e-05,-7.6e-05,0.496548
169,0.079296,0.018769,0.425516,-0.460219,0.28914,-0.839429,-0.467755,-0.882559,-0.047612,-0.754046,0.37037,0.542464,0.0,0.0,0.0,0.0,0.0,0.0,0.505336,-0.07382,-0.023033,0.405457,-0.095934,-0.439645,0.893029,0.950565,0.225546,0.213282,-0.295073,0.869868,0.395126,0.013265,0.003784,0.001137,-0.152698,0.467313,0.415751,-1.403347,0.042601,0.032306,-0.006288,0.095856,0.44449,0.890639,-0.963683,-0.182609,0.194852,0.249249,-0.876973,0.410843,0.006628,0.001922,0.000589,-0.136587,0.420898,0.39977,-0.812005,0.085584,0.039636,-0.049304,-0.510326,0.264921,-0.818158,-0.407449,-0.912295,-0.041257,-0.757332,0.312304,0.57351,0.0,-1e-06,-2e-06,9.5e-05,1.8e-05,-4.3e-05,0.496221
170,0.079313,0.018757,0.425521,-0.460197,0.289165,-0.839433,-0.467788,-0.88254,-0.047625,-0.754039,0.370395,0.542457,0.0,0.0,0.0,0.0,0.0,0.0,0.504913,-0.073738,-0.022997,0.405549,-0.099575,-0.442012,0.89146,0.950136,0.223652,0.217151,-0.295242,0.86916,0.396556,-0.000384,0.001353,0.000982,0.005482,-0.066165,0.18747,-1.403264,0.042643,0.032324,-0.006242,0.100633,0.445082,0.889816,-0.963061,-0.180948,0.199426,0.249772,-0.877017,0.410432,0.007284,-0.002051,0.006151,-0.031464,-0.021289,0.003178,-0.810699,0.085593,0.03963,-0.049302,-0.510307,0.264947,-0.818162,-0.407482,-0.91228,-0.041269,-0.757327,0.312326,0.573503,-0.0,-0.0,-1e-06,4.9e-05,5e-06,-6.1e-05,0.495894
171,0.079317,0.018739,0.425512,-0.460103,0.289253,-0.839454,-0.467839,-0.882508,-0.04773,-0.754065,0.370403,0.542415,-1e-05,-3.1e-05,-1.5e-05,0.0,0.0,0.0,0.505754,-0.073715,-0.023273,0.405947,-0.118166,-0.437809,0.891264,0.951633,0.206222,0.2276,-0.283302,0.875574,0.391119,0.001327,-0.007975,0.011107,-0.867878,-0.925126,2.452262,-1.403186,0.042658,0.032195,-0.00605,0.116723,0.438803,0.890969,-0.964545,-0.163723,0.206995,0.236702,-0.883541,0.404136,0.000591,-0.003743,0.00573,-0.118875,0.219531,0.266309,-0.808739,0.085595,0.039621,-0.049306,-0.51022,0.26504,-0.818186,-0.407537,-0.91225,-0.041371,-0.757356,0.312332,0.573462,-2e-06,-9e-06,-6e-06,4.3e-05,-2e-06,-3.8e-05,0.495894
172,0.079324,0.01873,0.425507,-0.4601,0.289254,-0.839456,-0.46784,-0.882507,-0.047732,-0.754066,0.370404,0.542412,-3e-06,-8e-06,-4e-06,0.0,0.0,0.0,0.505632,-0.073795,-0.023655,0.406559,-0.138612,-0.426391,0.893851,0.948697,0.201622,0.243425,-0.283846,0.882244,0.37542,-0.01134,-0.01717,0.022939,-0.38317,0.659253,0.651117,-1.402945,0.042619,0.031999,-0.005748,0.137455,0.429579,0.892506,-0.961507,-0.158572,0.224405,0.237926,-0.888997,0.391247,0.000314,-0.002782,0.006428,-0.370477,-0.061618,0.891902,-0.809066,0.085598,0.039616,-0.049309,-0.510217,0.265041,-0.818187,-0.407537,-0.91225,-0.041373,-0.757358,0.312333,0.57346,3e-06,9e-06,4e-06,3.2e-05,-7e-06,-4.2e-05,0.496221
173,0.079342,0.018725,0.425504,-0.460062,0.289285,-0.839465,-0.467859,-0.882495,-0.04777,-0.754077,0.370409,0.542394,-0.0,-0.0,-0.0,0.0,0.0,0.0,0.505384,-0.073821,-0.023805,0.406911,-0.149759,-0.420913,0.894648,0.945955,0.202046,0.253535,-0.287294,0.884768,0.366758,0.000115,-0.003695,0.014207,-0.319991,0.56705,0.645835,-1.403055,0.042602,0.031918,-0.005563,0.149415,0.42261,0.89391,-0.958747,-0.159183,0.235508,0.241824,-0.892222,0.381392,-4e-06,-0.001676,0.00723,-0.376328,0.69237,0.706445,-0.808086,0.085607,0.039614,-0.04931,-0.510183,0.265074,-0.818198,-0.407559,-0.912239,-0.04141,-0.75737,0.312337,0.573442,0.0,9e-06,4e-06,2.5e-05,-2.2e-05,-4.6e-05,0.496221
174,0.079368,0.018711,0.425507,-0.458094,0.290896,-0.839985,-0.467789,-0.882378,-0.050526,-0.755319,0.369423,0.541338,0.012004,-0.003049,-0.001918,0.000984,-0.014715,0.029553,0.504481,-0.074003,-0.024175,0.407745,-0.170329,-0.401946,0.899677,0.940636,0.205493,0.270019,-0.293202,0.892738,0.341929,-0.013497,-0.00623,0.013966,-0.26253,0.677099,0.393783,-1.403062,0.04251,0.031736,-0.005144,0.169441,0.402246,0.899714,-0.953821,-0.162812,0.252421,0.24802,-0.900938,0.356084,-0.006791,-0.003026,0.007049,-0.284804,0.735975,0.41334,-0.803024,0.085616,0.039609,-0.049308,-0.508366,0.266806,-0.818765,-0.407587,-0.912098,-0.044152,-0.758574,0.311273,0.572427,-1e-06,3e-06,2e-06,-0.000246,0.000197,-0.000391,0.495568
175,0.079367,0.018697,0.425522,-0.458125,0.290884,-0.839972,-0.467818,-0.882366,-0.050478,-0.755283,0.369462,0.541362,-0.0,-0.0,-0.0,0.0,0.0,0.0,0.503108,-0.074127,-0.024445,0.408465,-0.192899,-0.380758,0.904325,0.934534,0.209394,0.287633,-0.298642,0.901057,0.31428,1.4e-05,-0.003326,0.014462,-0.195674,0.447955,0.345829,-1.403211,0.042448,0.031603,-0.004788,0.191333,0.37945,0.905212,-0.948167,-0.166935,0.270389,0.25371,-0.910027,0.327842,0.000657,-0.005653,0.01279,-0.245321,0.498186,0.371188,-0.802861,0.08562,0.0396,-0.049301,-0.508381,0.266806,-0.818756,-0.407625,-0.912083,-0.044116,-0.758544,0.311318,0.572443,-0.0,1e-06,-1e-06,1.4e-05,-7e-06,-2.8e-05,0.495078
176,0.079376,0.018688,0.425528,-0.458122,0.290893,-0.839971,-0.467841,-0.882354,-0.050472,-0.75527,0.369484,0.541365,-0.0,-0.0,-0.0,0.0,0.0,0.0,0.503321,-0.074108,-0.024504,0.408762,-0.207418,-0.368573,0.906158,0.93412,0.200242,0.295393,-0.29007,0.908165,0.301595,5.4e-05,-0.003465,0.014359,-0.177453,0.400353,0.329418,-1.40348,0.042457,0.031574,-0.004639,0.205229,0.366738,0.907405,-0.947544,-0.157666,0.27803,0.245031,-0.916866,0.315143,-0.000119,-0.001254,0.007525,-0.189506,0.51597,0.192414,-0.804657,0.085624,0.039596,-0.049298,-0.508378,0.266816,-0.818755,-0.40765,-0.912072,-0.04411,-0.758533,0.311341,0.572445,-1e-06,2e-06,1e-06,1.1e-05,3e-06,-3.9e-05,0.494751
177,0.0794,0.018653,0.425554,-0.456093,0.292589,-0.840485,-0.467865,-0.882176,-0.053276,-0.756484,0.368566,0.540294,0.012005,-0.003048,-0.001918,0.001012,-0.014736,0.029595,0.501171,-0.07421,-0.024486,0.409175,-0.220694,-0.354807,0.908514,0.932024,0.197574,0.303692,-0.286979,0.914197,0.285921,-0.001839,0.006535,0.004688,-0.104562,0.311429,0.140284,-1.403178,0.042406,0.03158,-0.004429,0.21771,0.352905,0.909977,-0.945567,-0.154791,0.286255,0.241877,-0.922766,0.299996,-0.000924,0.003259,0.002339,-0.109693,0.321333,0.143322,-0.805147,0.085632,0.039579,-0.049284,-0.506476,0.268666,-0.819328,-0.407776,-0.911874,-0.046942,-0.759736,0.310328,0.571398,-2e-06,0.0,1e-06,-0.003175,0.00229,-0.004396,0.494098
178,0.079505,0.018583,0.425582,-0.45596,0.292738,-0.840505,-0.468065,-0.882065,-0.053358,-0.75644,0.368712,0.540255,-0.0,-0.0,-0.0,0.0,-0.0,0.0,0.496924,-0.074385,-0.024422,0.409539,-0.228084,-0.346414,0.909926,0.929769,0.199656,0.309194,-0.2885,0.91695,0.27538,-0.001496,0.005327,0.003812,-0.136673,0.3658,0.339387,-1.403489,0.042319,0.031615,-0.004252,0.223774,0.345356,0.911401,-0.943767,-0.156716,0.291105,0.243366,-0.925293,0.290867,-0.006713,-0.003228,0.006889,-0.307301,0.788153,0.215714,-0.802208,0.085685,0.039548,-0.049274,-0.506374,0.268801,-0.819347,-0.407974,-0.911783,-0.046989,-0.759698,0.310479,0.571367,-1e-06,0.0,-1e-06,-4.9e-05,2.9e-05,-0.000102,0.490016
179,0.079594,0.018546,0.425583,-0.455804,0.292881,-0.84054,-0.468189,-0.881991,-0.0535,-0.756458,0.368777,0.540187,-0.0,-0.0,-0.0,0.0,0.0,0.0,0.495906,-0.07443,-0.024455,0.409735,-0.235705,-0.338777,0.910859,0.929212,0.195701,0.313367,-0.284127,0.920641,0.267501,0.000494,-0.005021,0.013227,4.879323,2.044971,1.775371,-1.4039,0.042295,0.031604,-0.004156,0.229549,0.338208,0.912645,-0.942058,-0.158452,0.295666,0.244607,-0.927635,0.282239,-0.000519,0.001826,0.001308,-0.210128,0.61232,0.213538,-0.802698,0.085733,0.039525,-0.049271,-0.506226,0.268963,-0.819385,-0.408132,-0.911705,-0.047118,-0.759711,0.310565,0.571302,1e-06,0.0,-2e-06,1.2e-05,1.7e-05,-1.4e-05,0.487077
180,0.079839,0.018464,0.425589,-0.45545,0.293196,-0.840622,-0.468477,-0.881819,-0.053806,-0.756493,0.368937,0.540029,0.012073,-0.002847,-0.001817,0.000984,-0.014715,0.029553,0.493865,-0.074437,-0.024678,0.410059,-0.252453,-0.317184,0.91414,0.925715,0.19557,0.323633,-0.281117,0.928304,0.243078,-0.011592,-0.01291,0.009155,-0.287721,0.773118,0.212384,-1.403777,0.042294,0.031501,-0.003988,0.24648,0.315986,0.916187,-0.939923,-0.152461,0.305448,0.2362,-0.936434,0.259424,0.000207,-0.000754,-0.000539,-0.126511,0.390743,0.137301,-0.803677,0.085851,0.039485,-0.049266,-0.505916,0.269286,-0.819471,-0.408432,-0.911557,-0.047393,-0.759757,0.310722,0.571157,3.7e-05,0.000108,4.7e-05,1e-05,-4e-06,-5e-06,0.484954
181,0.080057,0.018382,0.425608,-0.455062,0.29356,-0.840705,-0.468808,-0.881622,-0.054151,-0.756522,0.369117,0.539864,0.012173,-0.002544,-0.001666,0.000984,-0.014715,0.029553,0.493569,-0.074432,-0.024881,0.410271,-0.268346,-0.2955,0.916876,0.924052,0.189775,0.331734,-0.271696,0.936602,0.220958,0.001453,-0.00844,0.010785,-0.30503,0.819367,0.262456,-1.403778,0.042295,0.031387,-0.003884,0.26133,0.293716,0.919476,-0.938201,-0.146633,0.313491,0.226903,-0.944578,0.237245,0.000695,-0.004116,0.005469,-0.150678,0.369534,0.106244,-0.808576,0.08596,0.039444,-0.049258,-0.505557,0.269677,-0.819563,-0.408788,-0.91138,-0.047723,-0.759804,0.310901,0.570996,0.000103,0.000308,0.000147,1e-05,3e-06,-0.0,0.482831
182,0.080223,0.018296,0.425615,-0.454798,0.293809,-0.840761,-0.469052,-0.881479,-0.054373,-0.75653,0.369261,0.539755,0.012011,-0.003035,-0.001912,0.000984,-0.014715,0.029553,0.493995,-0.07444,-0.02511,0.410441,-0.283822,-0.274687,0.918685,0.925428,0.172098,0.337488,-0.250457,0.946279,0.204182,0.002591,-0.012502,0.007883,-0.209402,0.57911,0.148715,-1.404241,0.042288,0.031281,-0.003793,0.276519,0.271278,0.921924,-0.938747,-0.129035,0.319534,0.205643,-0.953812,0.218981,0.000403,-0.001452,-0.001034,-0.243773,0.837338,0.294704,-0.81772,0.086043,0.039401,-0.049254,-0.505314,0.269943,-0.819626,-0.409049,-0.911252,-0.047935,-0.759826,0.311046,0.570888,-1e-06,-8e-06,-8e-06,1.2e-05,9e-06,0.0,0.482831
183,0.080294,0.018264,0.425618,-0.454679,0.29392,-0.840787,-0.469156,-0.881417,-0.054477,-0.756537,0.369321,0.539704,-0.0,-0.0,-0.0,0.0,0.0,0.0,0.494218,-0.074445,-0.02532,0.410499,-0.28866,-0.262478,0.920745,0.926906,0.163998,0.337467,-0.239222,0.951157,0.194774,0.003155,-0.01452,0.006438,4.892086,2.365137,1.194082,-1.40411,0.042285,0.031177,-0.003764,0.279404,0.260376,0.924195,-0.939099,-0.12645,0.319535,0.200063,-0.95719,0.209188,0.001554,-0.007184,0.003278,-0.274991,0.696903,0.218115,-0.815761,0.086083,0.039384,-0.049253,-0.505186,0.27008,-0.81966,-0.409172,-0.91119,-0.048052,-0.759845,0.311107,0.57083,2e-06,0.0,-5e-06,5e-06,-4e-06,-1.1e-05,0.482668
184,0.080446,0.018212,0.425609,-0.454497,0.294069,-0.840834,-0.46929,-0.881336,-0.054631,-0.756563,0.369394,0.539617,-0.0,-0.0,-0.0,0.0,0.0,0.0,0.495228,-0.074667,-0.025672,0.410445,-0.28401,-0.240493,0.928167,0.930272,0.165055,0.327545,-0.23162,0.956744,0.17566,-0.012486,-0.006551,-0.003123,-0.032005,0.194553,-0.25626,-1.403933,0.042183,0.030988,-0.003794,0.276106,0.235415,0.93185,-0.94276,-0.1223,0.310236,0.186999,-0.964169,0.188172,-0.006179,-0.003495,-0.001714,0.013667,0.124697,-0.29435,-0.818047,0.086159,0.039358,-0.049258,-0.505016,0.270241,-0.819711,-0.409317,-0.911117,-0.0482,-0.75988,0.31118,0.570744,1e-06,1e-06,-3e-06,-0.011034,0.072558,-0.184873,0.483484
185,0.08059,0.018175,0.425586,-0.454197,0.294316,-0.840909,-0.469442,-0.881236,-0.054935,-0.756649,0.369436,0.539467,-0.0,-0.0,-0.0,0.0,0.0,0.0,0.495896,-0.07535,-0.025744,0.410359,-0.270744,-0.225573,0.935845,0.934873,0.16995,0.31155,-0.228991,0.959498,0.163674,-0.027304,-0.004728,-0.000251,-0.009784,0.096646,-0.246585,-1.403871,0.041853,0.030949,-0.003841,0.261837,0.221897,0.939255,-0.947321,-0.126908,0.294067,0.184452,-0.966775,0.176979,-0.014569,0.002566,-0.005002,0.032794,0.061297,-0.198622,-0.818374,0.086227,0.039341,-0.049268,-0.504754,0.270493,-0.81979,-0.409476,-0.911031,-0.048479,-0.759968,0.311214,0.570608,-0.0,1e-06,-3e-06,8e-06,-7e-06,-1.3e-05,0.484301
