frame,MLTx,MLTy,MLTz,MLTR1,MLTR2,MLTR3,MLTR4,MLTR5,MLTR6,MLTR7,MLTR8,MLTR9,MLTTVx,MLTTVy,MLTTVz,MLTRVx,MLTRVy,MLTRVz,MLGA,MRTx,MRTy,MRTz,MRTR1,MRTR2,MRTR3,MRTR4,MRTR5,MRTR6,MRTR7,MRTR8,MRTR9,MRTTVx,MRTTVy,MRTTVz,MRTRVx,MRTRVy,MRTRVz,MRGA,SLTx,SLTy,SLTz,SLTR1,SLTR2,SLTR3,SLTR4,SLTR5,SLTR6,SLTR7,SLTR8,SLTR9,SLTTVx,SLTTVy,SLTTVz,SLTRVx,SLTRVy,SLTRVz,SLGA,SRTx,SRTy,SRTz,SRTR1,SRTR2,SRTR3,SRTR4,SRTR5,SRTR6,SRTR7,SRTR8,SRTR9,SRTTVx,SRTTVy,SRTTVz,SRTRVx,SRTRVy,SRTRVz,SRGA
590,0.175243,-0.040211,0.277612,-0.595506,0.786135,-0.165558,-0.803293,-0.57953,0.137249,0.012686,0.213743,0.976822,-0.030861,-0.013813,0.029504,-0.081968,0.027441,-0.078655,-1.909484,-0.236881,0.004333,0.255755,-0.958992,-0.229158,-0.166767,0.035151,-0.680323,0.732023,-0.279982,0.696423,0.660657,0.067323,-0.084532,0.118791,0.886466,0.690039,0.144688,-1.401055,0.009356,0.045694,-0.042128,0.967549,0.187326,-0.169581,-0.002385,0.677859,0.735187,0.252671,-0.710925,0.656309,0.026162,-0.035218,0.057486,-0.010033,4.80865,1.561802,-1.027059,0.086104,0.022436,-0.079365,0.633657,-0.757661,-0.156292,0.773414,0.615844,0.150218,-0.017562,-0.216065,0.97622,-0.015551,-0.00097,0.011195,-0.024103,0.021076,-0.036365,-1.080186
591,0.174065,-0.040576,0.27881,-0.597868,0.784164,-0.166388,-0.801493,-0.580921,0.141817,0.015288,0.217167,0.976029,-0.046566,-0.01038,0.034709,-0.074592,0.036468,-0.078039,-1.90916,-0.234411,0.00094,0.260617,-0.95933,-0.22873,-0.165408,0.043567,-0.699221,0.71353,-0.277639,0.677585,0.680924,0.067981,-0.093017,0.129375,0.637876,-0.425717,-0.319374,-1.400576,0.010617,0.04397,-0.039646,0.967712,0.188101,-0.167777,-0.011714,0.698482,0.715531,0.251781,-0.690463,0.678133,0.033941,-0.046449,0.064783,0.621751,-0.386361,-0.373992,-1.027222,0.085521,0.022251,-0.078768,0.635962,-0.755582,-0.156989,0.771461,0.617193,0.154662,-0.019967,-0.219471,0.975414,-0.015345,-0.005257,0.017067,-0.060555,0.0352,-0.047692,-1.082145
592,0.172766,-0.040901,0.280261,-0.598552,0.783389,-0.167579,-0.800986,-0.581409,0.142673,0.015075,0.218648,0.975701,-0.030373,-0.006609,0.039435,-0.070963,0.009082,-0.022521,-1.909355,-0.231862,-0.00298,0.265779,-0.962687,-0.220838,-0.156379,0.049957,-0.713293,0.699036,-0.264691,0.665412,0.697874,0.06796,-0.104932,0.135283,0.565678,-0.437532,0.42944,-1.400387,0.011868,0.042054,-0.037108,0.970845,0.180216,-0.158052,-0.017816,0.711787,0.702168,0.239041,-0.678881,0.694246,0.0264,-0.051911,0.068489,-0.09141,1.16379,0.802505,-1.029018,0.084865,0.022086,-0.078046,0.636629,-0.754801,-0.158043,0.770919,0.617691,0.155374,-0.019655,-0.220753,0.975131,-0.015225,-0.003551,0.019394,-0.074089,0.027108,-0.047051,-1.073654
593,0.171299,-0.040933,0.281852,-0.600497,0.78128,-0.170442,-0.799535,-0.582813,0.145067,0.014743,0.222411,0.974855,-0.045884,-0.002006,0.045979,-0.112801,-0.026538,-0.081792,-1.909492,-0.22926,-0.007181,0.27101,-0.964125,-0.217516,-0.152121,0.054662,-0.723814,0.687779,-0.258482,0.655057,0.709895,0.067781,-0.106598,0.132154,0.390356,-0.764763,0.394865,-1.40049,0.01317,0.03996,-0.034485,0.972123,0.177082,-0.153676,-0.022526,0.722933,0.69055,0.233381,-0.667838,0.70677,0.033835,-0.058999,0.069948,0.563065,-0.644466,0.279119,-1.030162,0.084138,0.022068,-0.077255,0.638407,-0.752662,-0.161042,0.769459,0.618865,0.15792,-0.019197,-0.224733,0.97423,-0.015113,0.004691,0.018916,-0.069941,-0.047469,-0.040259,-1.072022
594,0.170556,-0.040786,0.282631,-0.601855,0.779509,-0.173725,-0.798542,-0.58398,0.145839,0.012974,0.225527,0.974164,-0.029981,0.011202,0.040134,-0.280537,-0.306411,-0.182511,-1.909335,-0.227987,-0.009327,0.273612,-0.964992,-0.214896,-0.150338,0.056928,-0.731486,0.679427,-0.254747,0.647348,0.718267,0.067832,-0.106876,0.131409,0.842696,-0.639486,-0.052495,-1.400236,0.013806,0.038886,-0.033184,0.973107,0.172979,-0.152118,-0.022827,0.729539,0.683558,0.229217,-0.661702,0.713868,0.033723,-0.053983,0.064983,0.493167,-0.196071,0.37252,-1.031304,0.08376,0.022136,-0.076863,0.639161,-0.751604,-0.162978,0.768877,0.619719,0.157399,-0.017301,-0.225913,0.973993,-0.022924,0.006052,0.020896,-0.476427,-0.512703,-0.230055,-1.072838
595,0.169013,-0.040214,0.284278,-0.606027,0.775187,-0.178496,-0.795355,-0.586514,0.152916,0.014597,0.233671,0.97222,-0.029609,0.014147,0.043747,-0.090216,-0.086756,-0.019602,-1.909701,-0.225489,-0.013687,0.278761,-0.967148,-0.208766,-0.145025,0.061853,-0.746943,0.661955,-0.245287,0.631496,0.735466,0.067512,-0.109756,0.12701,0.514323,0.477944,1.167917,-1.399849,0.015031,0.036751,-0.030652,0.973958,0.172397,-0.147254,-0.031312,0.745536,0.665729,0.224553,-0.643781,0.731519,0.02614,-0.05438,0.064313,0.817098,1.335174,-1.661068,-1.031468,0.082989,0.022424,-0.076037,0.64388,-0.746181,-0.169207,0.7649,0.622389,0.166008,-0.018559,-0.236315,0.971498,-0.022832,0.012743,0.018092,-0.024961,-0.041145,-0.062469,-1.07692
596,0.167467,-0.039354,0.285842,-0.612363,0.768237,-0.186731,-0.790464,-0.590356,0.163149,0.015855,0.246551,0.969014,-0.029518,0.026042,0.036061,-0.126585,-0.171693,-0.076964,-1.910101,-0.223146,-0.017936,0.283548,-0.970654,-0.19403,-0.14204,0.058023,-0.76252,0.644306,-0.232087,0.617396,0.751545,0.067164,-0.113178,0.122165,0.659091,-0.701573,0.168626,-1.397935,0.016208,0.034627,-0.028251,0.977892,0.152252,-0.143336,-0.023511,0.761174,0.648121,0.207781,-0.630423,0.747926,0.025885,-0.056478,0.061411,1.039156,-0.529567,0.307697,-1.041265,0.082233,0.022843,-0.075262,0.649855,-0.739141,-0.177083,0.759815,0.625879,0.175943,-0.019214,-0.248888,0.968341,-0.014686,0.007791,0.022633,-0.211464,-0.12678,-0.278255,-1.071695
597,0.165987,-0.038305,0.287238,-0.619459,0.760691,-0.194074,-0.784894,-0.594942,0.17308,0.016963,0.258594,0.965851,-0.045111,0.03819,0.028934,-0.056274,-0.141368,-0.038102,-1.909465,-0.221096,-0.02218,0.287917,-0.974401,-0.177699,-0.137684,0.058514,-0.792163,0.607444,-0.21577,0.584058,0.782421,0.051355,-0.11784,0.116458,1.333943,-0.766546,0.026281,-1.311308,0.017278,0.032426,-0.025975,0.980913,0.134967,-0.139975,-0.021802,0.791671,0.610558,0.193219,-0.595853,0.779503,0.025539,-0.059299,0.057723,1.229836,-0.770544,0.001477,-1.013996,0.081482,0.023374,-0.074545,0.656958,-0.730959,-0.184671,0.753669,0.630329,0.186192,-0.019695,-0.261501,0.965001,-0.014674,0.013128,0.01795,-0.060547,-0.009131,-0.206909,-1.067449
598,0.165286,-0.037744,0.287898,-0.623498,0.756216,-0.198574,-0.78168,-0.597444,0.178907,0.017426,0.265825,0.963878,-0.045063,0.037189,0.027321,-0.292324,-0.412296,-0.23069,-1.909818,-0.220103,-0.024351,0.290046,-0.977522,-0.15996,-0.137316,0.050072,-0.809193,0.58535,-0.203504,0.565515,0.799151,0.051025,-0.108272,0.106266,1.220519,0.145236,1.27115,-1.172733,0.017755,0.031381,-0.024951,0.983148,0.118514,-0.139188,-0.013953,0.80781,0.589277,0.182275,-0.577404,0.795851,0.025277,-0.05406,0.053264,1.116217,2.833265,4.000335,-0.960763,0.081114,0.023671,-0.074201,0.660333,-0.727059,-0.187999,0.750712,0.632493,0.190746,-0.019775,-0.267089,0.963468,-0.022554,0.018591,0.013676,-0.393058,-0.51008,-0.238324,-1.070225
599,0.163875,-0.036565,0.289126,-0.63044,0.748493,-0.20579,-0.776081,-0.601789,0.188468,0.018003,0.277592,0.960544,-0.044779,0.025202,0.033881,-0.386959,-0.357813,-0.455517,-1.909348,-0.2183,-0.028734,0.294124,-0.981885,-0.137832,-0.129981,0.048165,-0.845459,0.531802,-0.181944,0.516081,0.836911,0.035196,-0.112805,0.10105,1.629532,-0.351055,0.03028,-0.812293,0.018676,0.029151,-0.02287,0.986598,0.095175,-0.132531,-0.009741,0.845162,0.534421,0.162874,-0.525968,0.834762,0.017474,-0.05677,0.050032,1.724072,-0.32014,0.002924,-0.783103,0.080426,0.024253,-0.073598,0.666673,-0.719472,-0.194691,0.745088,0.636391,0.199621,-0.019721,-0.278144,0.960336,-0.014613,0.018212,0.012837,-0.37791,-0.538263,-0.284376,-1.069899
600,0.162447,-0.035369,0.290272,-0.636144,0.742088,-0.211357,-0.771407,-0.605384,0.195992,0.018277,0.286795,0.957832,-0.028987,0.024306,0.032088,-0.122772,-0.163715,-0.072634,-1.909578,-0.216821,-0.033213,0.297744,-0.987467,-0.109444,-0.113676,0.043155,-0.880561,0.471894,-0.150489,0.461213,0.874356,0.034111,-0.121247,0.090563,1.971938,1.484519,-0.777272,-0.515981,0.019403,0.026961,-0.021088,0.990742,0.067005,-0.11807,-0.002747,0.879426,0.476027,0.13573,-0.471296,0.871468,0.016815,-0.055322,0.040825,1.272455,-0.247235,0.255976,-0.65198,0.079706,0.024851,-0.073025,0.67302,-0.711638,-0.201527,0.739365,0.640139,0.208707,-0.019518,-0.289467,0.956988,-0.022341,0.018055,0.012482,-0.083668,-0.070999,-0.243462,-1.066633
601,0.161705,-0.034834,0.290841,-0.638858,0.738924,-0.214236,-0.769157,-0.606981,0.199858,0.018432,0.291539,0.956395,-0.044551,0.023867,0.031444,-0.073749,-0.088675,-0.066665,-1.910025,-0.21618,-0.035556,0.299371,-0.989388,-0.101571,-0.103856,0.045744,-0.896735,0.440121,-0.136578,0.430831,0.891961,0.033305,-0.114408,0.077034,2.129209,1.431328,-0.493694,-0.371072,0.019717,0.025831,-0.020299,0.992411,0.059256,-0.107738,-0.004973,0.894842,0.446353,0.122857,-0.44243,0.888347,0.016534,-0.05758,0.038019,2.006985,1.413473,-0.494597,-0.601197,0.079341,0.025119,-0.072739,0.675748,-0.708195,-0.204505,0.736877,0.641701,0.212677,-0.019385,-0.294411,0.955481,-0.014511,0.011706,0.015391,-0.038906,0.033634,-0.212389,-1.061081
602,0.160176,-0.033899,0.291963,-0.648338,0.728849,-0.220188,-0.761217,-0.614285,0.207787,0.016989,0.301416,0.953356,-0.044537,0.021847,0.028434,-0.053205,-0.063775,-0.052005,-1.91007,-0.215087,-0.040112,0.301814,-0.992806,-0.088896,-0.080153,0.050948,-0.920189,0.38806,-0.106993,0.381302,0.918164,0.015595,-0.116799,0.052449,1.747092,1.841104,-0.461524,-0.171012,0.020278,0.023519,-0.019029,0.9953,0.047103,-0.084606,-0.010116,0.919516,0.392922,0.096304,-0.390219,0.915671,0.015434,-0.059044,0.025102,1.001162,0.013332,0.425622,-0.487873,0.078577,0.025588,-0.072175,0.684899,-0.697632,-0.210289,0.728429,0.648676,0.220475,-0.017401,-0.304184,0.952453,-0.022311,0.010723,0.013987,-0.010284,-0.010809,-0.078858,-1.061408
603,0.158486,-0.0331,0.293051,-0.657259,0.718844,-0.226538,-0.753563,-0.620913,0.215827,0.015299,0.311667,0.950083,-0.044452,0.020725,0.026641,-0.12891,-0.153816,-0.105163,-1.909647,-0.213786,-0.044801,0.303085,-0.996897,-0.065811,-0.043108,0.04625,-0.934115,0.35387,-0.062293,0.350867,0.934278,0.043889,-0.112458,0.011686,0.6686,0.502339,-0.089147,-0.077951,0.020935,0.021135,-0.018368,0.998654,0.024379,-0.045777,-0.006457,0.934213,0.356657,0.051461,-0.355881,0.933113,0.021767,-0.057136,0.004671,0.674735,0.544711,-0.098224,-0.32246,0.077714,0.025995,-0.071623,0.6933,-0.687436,-0.216255,0.720488,0.654866,0.228136,-0.015211,-0.313976,0.949308,-0.02226,0.010235,0.013186,-0.111727,-0.138064,-0.103792,-1.069409
604,0.156676,-0.032467,0.294047,-0.669801,0.704485,-0.234759,-0.742534,-0.631852,0.222213,0.009041,0.322275,0.946617,-0.044614,0.006524,0.030638,1.039176,-1.463212,-5.444059,-1.909959,-0.211953,-0.049608,0.302917,-0.99987,0.014993,0.005201,-0.012398,-0.938704,0.344405,0.011312,0.344282,0.938725,0.04162,-0.10523,-0.025405,-0.153807,0.904314,1.061099,-0.040937,0.021833,0.018767,-0.018446,0.998494,-0.054828,0.001849,0.050792,0.936694,0.346445,-0.020727,-0.345829,0.938068,0.028513,-0.059138,-0.010096,-0.264582,2.296612,4.803137,-0.255348,0.076826,0.026311,-0.071134,0.700973,-0.67712,-0.223929,0.713112,0.660903,0.233832,-0.010336,-0.323596,0.946138,-0.022321,0.008853,0.011284,-0.31744,-0.342364,-0.227408,-1.06549
605,0.1557,-0.032211,0.294523,-0.671828,0.70093,-0.239559,-0.740723,-0.633109,0.224664,0.006638,0.327507,0.944839,-0.060113,0.006059,0.02992,-0.125442,-0.169125,-0.156005,-1.909389,-0.210847,-0.051773,0.302354,-0.998197,0.052856,0.028281,-0.039916,-0.937119,0.346624,0.046088,0.34481,0.937468,0.057046,-0.0975,-0.039684,-0.025929,2.309925,4.570918,-0.024099,0.022357,0.017716,-0.018719,0.995716,-0.089236,0.02417,0.07523,0.934022,0.349201,-0.053736,-0.345887,0.936735,0.036545,-0.054981,-0.016951,-0.215444,0.610731,-0.168842,-0.234773,0.076344,0.026438,-0.070896,0.707138,-0.668932,-0.229095,0.707051,0.666355,0.236744,-0.005707,-0.329392,0.944175,-0.022362,0.008149,0.010329,0.023086,-0.349997,-0.061061,-1.063041
606,0.153617,-0.031775,0.295406,-0.678795,0.690093,-0.251106,-0.734366,-0.637108,0.234034,0.002363,0.342403,0.939565,-0.060169,0.015187,0.018903,-0.393901,-0.321212,-0.506064,-1.90996,-0.208329,-0.055051,0.300413,-0.990438,0.120175,0.067682,-0.088218,-0.928788,0.359867,0.107362,0.350309,0.930387,0.05689,-0.063295,-0.065181,-0.709804,1.339839,0.798692,-0.008339,0.023635,0.016007,-0.019712,0.985128,-0.159769,0.063205,0.126743,0.924108,0.360498,-0.116005,-0.347127,0.930615,0.036434,-0.037662,-0.029365,0.076923,2.58115,4.406856,-0.206197,0.075303,0.026653,-0.070451,0.713094,-0.658877,-0.239533,0.701067,0.669815,0.244647,-0.000749,-0.342386,0.939558,-0.030165,0.001688,0.013164,-0.440677,-0.422535,-0.424287,-1.067776
607,0.151319,-0.031405,0.296129,-0.687723,0.678873,-0.257321,-0.726008,-0.64156,0.247557,0.003823,0.35622,0.934409,-0.060589,0.000298,0.022133,-0.300768,-0.246372,-0.290498,-1.90997,-0.205327,-0.05703,0.297423,-0.975848,0.181818,0.121055,-0.124575,-0.91823,0.375856,0.180727,0.351473,0.918514,0.072667,-0.028587,-0.090751,-0.349984,1.353457,0.781121,-0.003762,0.025095,0.015015,-0.021172,0.969016,-0.218065,0.115995,0.159935,0.911836,0.37812,-0.188223,-0.347853,0.91846,0.0366,-0.019735,-0.041141,-0.764733,1.644424,-0.894688,-0.197706,0.074154,0.026846,-0.070088,0.722037,-0.646503,-0.246365,0.691852,0.673944,0.259111,-0.00148,-0.357536,0.933897,-0.030278,0.005634,0.006903,-0.342651,-0.341668,-0.309073,-1.064837
608,0.150114,-0.031267,0.296443,-0.691203,0.673214,-0.262804,-0.722702,-0.643403,0.252402,0.001687,0.363549,0.931588,-0.060662,-0.000492,0.021022,1.401946,-2.153854,0.760936,-1.90976,-0.20381,-0.057664,0.295779,-0.965045,0.208877,0.158274,-0.133975,-0.912051,0.38749,0.226509,0.352481,0.907917,0.089192,-0.028174,-0.092052,-0.69792,1.573336,1.034631,-0.003476,0.025914,0.014672,-0.02206,0.956067,-0.248981,0.154736,0.172556,0.904697,0.389547,-0.236979,-0.345733,0.907914,0.044629,-0.014067,-0.046052,-0.838788,1.596266,1.077328,-0.194767,0.073551,0.026914,-0.069932,0.726277,-0.640381,-0.249866,0.687399,0.675724,0.266228,-0.001647,-0.365113,0.930961,-0.030314,0.005178,0.006271,-0.195186,-0.18642,-0.241496,-1.059775
609,0.147655,-0.031133,0.296939,-0.698296,0.661613,-0.273306,-0.715844,-0.647057,0.262407,-0.002369,0.378056,0.925795,-0.061137,0.006062,0.00689,-0.1316,-0.089761,-0.203972,-1.909405,-0.20052,-0.058359,0.292061,-0.924783,0.288186,0.24843,-0.16727,-0.894221,0.415119,0.342945,0.34198,0.874815,0.090094,-0.011598,-0.094613,0.241808,4.332645,3.656904,-0.012789,0.027524,0.014322,-0.023892,0.914865,-0.32251,0.242917,0.201657,0.886206,0.417099,-0.349794,-0.332604,0.875795,0.045097,-0.00587,-0.047471,-0.815674,3.810365,-1.518907,-0.196726,0.072322,0.026981,-0.069676,0.73237,-0.628175,-0.262732,0.680878,0.679062,0.274369,0.006059,-0.379829,0.925036,-0.030644,-0.002533,0.007594,-0.140927,-0.054688,-0.234487,-1.061244
610,0.145232,-0.031214,0.297274,-0.705181,0.649298,-0.284917,-0.709009,-0.650927,0.27124,-0.008472,0.392471,0.91974,-0.046284,0.001658,0.001412,-0.194599,-0.171788,-0.215395,-1.90906,-0.197,-0.058299,0.288472,-0.877082,0.356563,0.321841,-0.184435,-0.868531,0.459969,0.444637,0.343625,0.827093,0.091364,0.010649,-0.088378,-1.482684,1.91973,-0.633307,-0.038576,0.029317,0.014339,-0.025734,0.862204,-0.394359,0.317937,0.222057,0.858363,0.462496,-0.455296,-0.328166,0.827654,0.045814,0.005834,-0.043544,-1.590357,1.968541,-0.608274,-0.215341,0.071105,0.026941,-0.069507,0.738747,-0.615838,-0.273852,0.67386,0.682634,0.282705,0.012841,-0.393386,0.919283,-0.030969,-0.004632,0.00487,-0.271695,-0.178737,-0.287822,-1.061081
611,0.144047,-0.031324,0.297402,-0.709037,0.643093,-0.289384,-0.70513,-0.652808,0.276777,-0.010042,0.399495,0.916695,-0.062023,-0.009578,0.009161,-0.260211,-0.173758,-0.280604,-1.9094,-0.195164,-0.05776,0.286746,-0.850487,0.390584,0.35229,-0.19003,-0.852558,0.486792,0.491546,0.346574,0.798831,0.091906,0.030865,-0.083813,-2.104287,-0.156547,1.058616,-0.043722,0.030166,0.014574,-0.026543,0.835337,-0.425494,0.348089,0.227211,0.843801,0.486182,-0.500586,-0.327037,0.801535,0.04603,0.015993,-0.040915,0.213153,4.483506,3.577901,-0.225139,0.070519,0.026889,-0.069447,0.742307,-0.609567,-0.27822,0.669896,0.684286,0.28808,0.014778,-0.400223,0.916298,-0.023297,-9.9e-05,-0.000447,-0.285344,-0.13638,-0.457442,-1.059448
612,0.141787,-0.031638,0.29767,-0.714168,0.634295,-0.296107,-0.699877,-0.655454,0.283768,-0.013208,0.409104,0.912407,-0.06194,0.001453,0.000629,-0.047168,0.011041,-0.146177,-1.909156,-0.191472,-0.05543,0.283766,-0.788781,0.477325,0.387269,-0.220805,-0.807898,0.546333,0.574637,0.344825,0.742126,0.108139,0.084927,-0.079718,0.701579,4.966441,4.16643,-0.040962,0.032005,0.015696,-0.028057,0.774184,-0.505541,0.380877,0.25227,0.798322,0.546846,-0.580516,-0.327276,0.745581,0.046125,0.043329,-0.03778,0.425193,4.687769,3.887162,-0.230854,0.069405,0.026728,-0.069318,0.747396,-0.599993,-0.285317,0.664117,0.68674,0.295528,0.018624,-0.41036,0.911732,-0.031078,-0.004837,0.004458,-0.033994,0.06356,-0.166908,-1.066306
613,0.139842,-0.031983,0.297866,-0.720285,0.624285,-0.302495,-0.693559,-0.657484,0.294384,-0.014215,0.421059,0.906937,-0.04687,-0.001069,-0.002358,-0.34506,-0.31504,-0.331552,-1.910011,-0.187844,-0.051962,0.281322,-0.717846,0.560538,0.412899,-0.245604,-0.758717,0.603291,0.652334,0.330954,0.681758,0.108338,0.09717,-0.062396,-1.496941,1.72195,0.895224,0.01148,0.033855,0.017465,-0.029296,0.695664,-0.591114,0.408209,0.279725,0.746296,0.603982,-0.661668,-0.305983,0.68452,0.046563,0.043781,-0.025396,-1.493675,2.837234,1.669184,-0.204891,0.06841,0.026554,-0.069215,0.752593,-0.591087,-0.290202,0.658182,0.688606,0.304329,0.01995,-0.420042,0.907284,-0.023519,-0.005875,0.00324,-0.37676,-0.420736,-0.209464,-1.067613
614,0.138123,-0.03234,0.298029,-0.724905,0.614379,-0.311603,-0.68863,-0.658742,0.303018,-0.018201,0.433471,0.900999,-0.031632,-0.012295,0.005983,-0.517577,-0.477817,-0.380292,-1.909422,-0.184354,-0.048539,0.279312,-0.59766,0.668422,0.442727,-0.287185,-0.693924,0.660249,0.749281,0.266617,0.606099,0.092724,0.075259,-0.044921,-0.946674,2.684868,1.61936,0.048698,0.03558,0.019174,-0.030264,0.575961,-0.69034,0.437834,0.315424,0.681789,0.660054,-0.754172,-0.242061,0.610433,0.038402,0.03769,-0.021741,-1.061484,2.792854,1.675333,-0.151821,0.067562,0.026376,-0.06914,0.756552,-0.581633,-0.298882,0.653473,0.689563,0.31221,0.024506,-0.431515,0.901772,-0.015829,-0.006218,0.002937,-0.180531,-0.110421,-0.174063,-1.070062
615,0.137427,-0.032491,0.298089,-0.727481,0.610462,-0.313294,-0.685924,-0.659276,0.307954,-0.017653,0.438164,0.898737,-0.031659,-0.01227,0.00598,-0.384423,-0.316234,-0.319374,-1.909086,-0.182702,-0.04715,0.278457,-0.506332,0.731492,0.456661,-0.322314,-0.651602,0.686631,0.800448,0.199554,0.565088,0.093039,0.063278,-0.0383,0.85222,5.775211,4.014023,0.084859,0.036407,0.019876,-0.030688,0.483788,-0.749488,0.451902,0.348804,0.63869,0.685864,-0.802673,-0.174188,0.570415,0.038697,0.031115,-0.01923,0.675529,5.981343,3.93008,-0.120633,0.067208,0.026305,-0.069113,0.759157,-0.577219,-0.300826,0.650453,0.689986,0.317535,0.024279,-0.436732,0.899262,-0.015675,-0.000445,-0.000929,-0.444918,-0.55167,-0.211567,-1.069736
616,0.136385,-0.032656,0.298239,-0.730441,0.606288,-0.314509,-0.682794,-0.660027,0.313255,-0.016758,0.442802,0.896478,-0.015501,0.000628,0.000364,-0.009629,0.00539,-0.034967,-1.908903,-0.179564,-0.04497,0.277253,-0.351611,0.801818,0.483165,-0.353562,-0.591525,0.724586,0.867214,0.082936,0.490839,0.093279,0.052883,-0.029589,-1.413182,1.37387,0.35789,0.099892,0.03804,0.02102,-0.031321,0.317246,-0.818248,0.479398,0.380684,0.572875,0.725874,-0.868581,-0.047782,0.493236,0.046637,0.02651,-0.014768,-1.46005,1.387318,0.366477,-0.060705,0.066668,0.02621,-0.069037,0.762727,-0.571299,-0.30309,0.646277,0.690641,0.32456,0.023906,-0.443431,0.895989,-0.015443,0.000974,0.000816,0.031546,-0.052344,0.111819,-1.058632
617,0.135722,-0.032741,0.29838,-0.732012,0.602903,-0.31735,-0.681106,-0.659639,0.317716,-0.016879,0.447968,0.893906,-0.015395,0.001258,0.001139,-0.007464,0.007724,-0.033608,-1.909095,-0.176449,-0.043573,0.276634,-0.287343,0.816898,0.500105,-0.325843,-0.57424,0.751005,0.901015,0.051815,0.430524,0.079354,0.020185,-0.002964,-1.055012,1.05512,0.108413,0.06853,0.039567,0.02171,-0.031632,0.252975,-0.830586,0.496114,0.353084,0.556686,0.751951,-0.90074,-0.015055,0.434095,0.039284,0.015703,-0.005554,-1.012822,0.74449,0.721533,-0.076708,0.066337,0.026169,-0.068964,0.764132,-0.567955,-0.305822,0.644601,0.690166,0.328876,0.024282,-0.448438,0.893483,-0.007834,-0.004873,0.004766,-0.017824,0.042996,-0.046167,-1.065
618,0.135502,-0.032848,0.298522,-0.734742,0.599034,-0.318369,-0.67808,-0.662753,0.317709,-0.019772,0.448564,0.893547,-0.000179,-0.010474,0.009029,-0.035348,0.014902,-0.017324,-1.909349,-0.173582,-0.042587,0.276507,-0.263984,0.839785,0.474411,-0.310763,-0.539571,0.782447,0.913376,0.058068,0.402785,0.063248,0.021975,0.000921,-0.442902,-0.652329,2.485847,0.059108,0.041031,0.022209,-0.031698,0.228164,-0.851963,0.471273,0.336291,0.523211,0.783043,-0.9137,-0.020178,0.405886,0.031621,0.011034,0.000544,-0.492362,-0.631182,2.468198,-0.103324,0.066222,0.02612,-0.068895,0.76664,-0.564128,-0.306628,0.641499,0.693195,0.32857,0.027198,-0.448597,0.893319,7.2e-05,0.000425,0.000539,0.003826,-0.10143,0.173074,-1.070225
619,0.135526,-0.032917,0.298603,-0.734146,0.599389,-0.319074,-0.678719,-0.662128,0.317648,-0.019965,0.449012,0.893318,0.000136,0.00077,0.000965,-0.0,-0.0,-0.0,-1.909231,-0.172285,-0.042179,0.276595,-0.259352,0.850124,0.458276,-0.310073,-0.522573,0.794169,0.91493,0.062801,0.398524,0.064058,0.012704,0.011636,-0.345566,-0.069088,0.950779,0.065642,0.041655,0.022406,-0.031661,0.223031,-0.862036,0.455137,0.334935,0.506239,0.794694,-0.915464,-0.0248,0.401633,0.023621,0.011432,0.001913,-0.23021,-0.931259,2.607039,-0.104141,0.066233,0.026082,-0.068851,0.766051,-0.564548,-0.307328,0.642197,0.692562,0.328543,0.027365,-0.449045,0.893089,0.007781,-0.000134,5.8e-05,0.0003,-0.013849,0.031815,-1.069246
620,0.135676,-0.033085,0.298762,-0.736386,0.59582,-0.320593,-0.676186,-0.664777,0.317516,-0.023029,0.44985,0.892822,3.2e-05,0.000183,0.00023,0.004217,-0.102597,0.170338,-1.909484,-0.170318,-0.04164,0.277071,-0.269014,0.865783,0.421951,-0.310003,-0.492507,0.813184,0.912172,0.086862,0.400325,0.032107,0.01263,0.01478,-0.032004,-0.150452,0.316603,0.07221,0.042663,0.022682,-0.031418,0.231635,-0.878442,0.417953,0.333515,0.47531,0.814154,-0.913844,-0.049193,0.403072,0.016053,0.006393,0.00746,0.030258,-0.17635,0.267981,-0.093527,0.066309,0.026,-0.068769,0.768196,-0.560873,-0.308698,0.639492,0.695121,0.328415,0.030384,-0.449697,0.892663,0.007569,-0.006095,0.003658,-0.034962,0.000709,0.013902,-1.068919
621,0.135994,-0.033284,0.298854,-0.738436,0.592353,-0.322296,-0.673824,-0.667298,0.317247,-0.026232,0.450698,0.892307,-0.000444,-0.012021,0.007092,-0.035356,0.014843,-0.017356,-1.909418,-0.169256,-0.041103,0.277763,-0.279989,0.875586,0.393631,-0.316849,-0.471223,0.823097,0.906512,0.104633,0.40884,0.016208,0.015632,0.02073,0.030826,-0.255113,0.415236,0.077679,0.043188,0.022941,-0.031084,0.242654,-0.888217,0.390114,0.339693,0.454469,0.823448,-0.908695,-0.067294,0.411999,0.008105,0.00811,0.010765,0.030359,-0.275603,0.427118,-0.089281,0.066463,0.025908,-0.068723,0.770081,-0.557348,-0.310381,0.637058,0.697508,0.328084,0.033637,-0.450382,0.892201,0.007696,-0.00064,-0.000589,0.00053,-0.014305,0.030846,-1.068756
622,0.136201,-0.033362,0.298895,-0.741102,0.588483,-0.323267,-0.670762,-0.670487,0.317014,-0.029272,0.45104,0.892039,0.01542,-0.001166,-0.001034,0.001375,-0.015098,0.028475,-1.909185,-0.169048,-0.040769,0.278202,-0.284553,0.88,0.380291,-0.323223,-0.461414,0.82617,0.902839,0.11106,0.415223,0.000342,0.016405,0.023529,0.039588,-0.248441,0.382236,0.087839,0.043298,0.023109,-0.030865,0.24728,-0.892703,0.376741,0.34581,0.444519,0.826328,-0.905134,-0.074053,0.418626,-0.000279,0.014249,0.008357,0.048405,-0.271383,0.423733,-0.081443,0.066566,0.025861,-0.068703,0.772515,-0.553406,-0.311385,0.633933,0.700484,0.327795,0.036717,-0.450624,0.891957,2e-06,4.2e-05,5.1e-05,0.004962,-0.103765,0.168121,-1.068429
623,0.136616,-0.033537,0.299002,-0.739983,0.589196,-0.324527,-0.671981,-0.669325,0.316888,-0.029588,0.451832,0.891628,0.015437,-0.001073,-0.000927,0.000984,-0.014715,0.029553,-1.909225,-0.169047,-0.040102,0.279175,-0.30373,0.880442,0.364091,-0.32867,-0.455393,0.827362,0.89461,0.130518,0.427201,0.000362,0.01786,0.025388,0.149355,-0.591979,0.933942,0.107363,0.043299,0.023444,-0.030376,0.266617,-0.893524,0.361288,0.350799,0.439111,0.827116,-0.897694,-0.093784,0.430522,-0.007767,0.008412,0.012916,0.291471,-1.507904,2.559241,-0.057929,0.066767,0.025774,-0.068649,0.771524,-0.554137,-0.312539,0.635122,0.699432,0.327739,0.036988,-0.45136,0.891574,-0.000119,-0.005437,0.00426,-0.035638,0.015094,-0.016556,-1.069082
624,0.136903,-0.033662,0.299068,-0.742569,0.58537,-0.325544,-0.668981,-0.672395,0.316737,-0.032567,0.45225,0.891312,0.015412,-0.001223,-0.001121,0.000984,-0.014715,0.029553,-1.909401,-0.169389,-0.039309,0.2803,-0.311471,0.882894,0.35139,-0.338581,-0.44851,0.827125,0.888238,0.137537,0.438155,0.000436,0.021004,0.029546,0.072749,-0.091806,0.039632,0.12966,0.043133,0.02383,-0.029829,0.27447,-0.896595,0.347538,0.360566,0.431009,0.827177,-0.891435,-0.101725,0.441581,0.000205,0.010791,0.015187,0.061161,-0.098632,0.027108,-0.034742,0.066916,0.025711,-0.068616,0.773841,-0.55027,-0.313642,0.632111,0.70227,0.327492,0.040052,-0.451684,0.891277,-3e-06,-1.3e-05,-1.9e-05,-0.000232,0.000232,0.000702,-1.069736
625,0.136995,-0.033703,0.299086,-0.742131,0.585639,-0.326058,-0.669456,-0.671983,0.316607,-0.03277,0.452514,0.89117,0.0,0.0,0.0,-0.0,-0.0,-0.0,-1.90934,-0.169511,-0.038865,0.280936,-0.314488,0.884663,0.344179,-0.342968,-0.443858,0.827826,0.885491,0.141183,0.442535,0.000496,0.023872,0.033384,0.041881,-0.084638,0.080928,0.150645,0.043072,0.024048,-0.029517,0.27754,-0.898414,0.340328,0.364715,0.426255,0.827821,-0.888793,-0.105631,0.445967,0.00023,0.012058,0.016873,0.010023,-0.081038,0.08078,-0.015147,0.066968,0.02569,-0.068608,0.773402,-0.550579,-0.31418,0.632634,0.70186,0.327362,0.040272,-0.451944,0.891135,-2e-06,-8e-06,-1.2e-05,-0.000193,0.000206,0.000577,-1.069572
626,0.137062,-0.033744,0.299086,-0.744756,0.581732,-0.327065,-0.666367,-0.675211,0.316255,-0.035941,0.452751,0.890928,-2.3e-05,-0.000132,-0.000166,0.0,-0.0,-0.0,-1.909207,-0.169645,-0.03788,0.282322,-0.321629,0.886497,0.332671,-0.344603,-0.436718,0.830939,0.882294,0.151495,0.4455,0.000552,0.027039,0.03733,0.007288,-0.060739,0.097694,0.187311,0.042999,0.024549,-0.028811,0.284538,-0.900528,0.328764,0.365637,0.418959,0.831133,-0.886198,-0.11628,0.448476,0.000256,0.013645,0.01885,-0.007425,0.046731,-0.075241,0.036126,0.067001,0.02567,-0.068608,0.775859,-0.546558,-0.315143,0.629406,0.704941,0.326963,0.043453,-0.452031,0.890943,-1.3e-05,-6.7e-05,-8.5e-05,-0.000229,8.9e-05,0.000567,-1.069899
627,0.137014,-0.033746,0.299083,-0.744037,0.582148,-0.327961,-0.667142,-0.674616,0.31589,-0.036432,0.453103,0.890729,-0.015415,0.00122,0.001121,-0.000984,0.014715,-0.029553,-1.909057,-0.16953,-0.036823,0.283814,-0.328247,0.887232,0.324135,-0.345134,-0.431956,0.833205,0.879652,0.160506,0.447563,0.016201,0.02854,0.037171,0.009326,-0.075931,0.126948,0.231044,0.043052,0.025081,-0.028059,0.291104,-0.901495,0.320256,0.365932,0.41422,0.833375,-0.88394,-0.125407,0.450468,0.000244,0.013988,0.019053,-0.00543,0.044738,-0.072421,0.081521,0.066984,0.025668,-0.068611,0.775149,-0.547031,-0.316068,0.630246,0.704358,0.326603,0.043963,-0.452367,0.890747,-1e-06,7e-06,9e-06,-0.000128,0.000129,0.000367,-1.070389
628,0.136911,-0.033741,0.299103,-0.743199,0.582628,-0.329007,-0.668044,-0.673911,0.315489,-0.036989,0.453534,0.890486,0.000136,0.000789,0.000988,-0.0,-0.0,-0.0,-1.909022,-0.169322,-0.035797,0.285251,-0.327115,0.889179,0.319919,-0.344901,-0.427411,0.835641,0.880164,0.161887,0.446057,0.000466,0.026213,0.035229,-0.46021,0.349783,0.153599,0.307553,0.043162,0.025599,-0.027335,0.291667,-0.902769,0.31613,0.367248,0.41086,0.83446,-0.883209,-0.127286,0.451374,0.000652,0.00724,0.021292,-0.029252,-0.049878,0.079135,0.169698,0.066926,0.02567,-0.068602,0.774358,-0.547548,-0.31711,0.631178,0.703699,0.326224,0.044527,-0.452767,0.890515,7.5e-05,0.000454,0.000573,-6.7e-05,8.8e-05,0.000249,-1.071368
629,0.136876,-0.033738,0.299106,-0.742803,0.582854,-0.329499,-0.668469,-0.673583,0.315288,-0.037259,0.453729,0.890376,2e-06,1.2e-05,1.4e-05,0.0,0.0,0.0,-1.909035,-0.169248,-0.035422,0.285955,-0.327049,0.889081,0.320257,-0.344504,-0.427624,0.835696,0.880344,0.161861,0.445712,0.016896,0.013166,0.038942,-0.035606,-0.045585,0.087717,0.320565,0.043193,0.025795,-0.026979,0.289731,-0.903322,0.316329,0.364971,0.409806,0.835975,-0.884789,-0.126756,0.44842,0.000184,0.011955,0.015975,0.010159,0.058068,-0.097919,0.211663,0.066909,0.025673,-0.068598,0.773978,-0.547796,-0.317609,0.631624,0.703389,0.326029,0.044806,-0.452949,0.890409,-0.007707,0.000614,0.000567,-0.001035,0.014798,-0.029346,-1.071532
630,0.13684,-0.033738,0.299089,-0.745421,0.578922,-0.330517,-0.665353,-0.676867,0.314847,-0.040522,0.45388,0.890156,-2.4e-05,-0.000136,-0.000171,0.0,-0.0,-0.0,-1.909417,-0.169111,-0.034907,0.287403,-0.326921,0.888869,0.320975,-0.343206,-0.427998,0.836039,0.880898,0.162035,0.444552,0.001257,0.010967,0.037356,-0.031004,-0.034794,0.055227,0.321088,0.043267,0.026052,-0.026256,0.289687,-0.903084,0.317048,0.36389,0.410296,0.836206,-0.885248,-0.126867,0.44748,0.000604,0.005467,0.018658,-0.043076,0.069293,-0.113807,0.237137,0.066891,0.025673,-0.068607,0.776434,-0.54374,-0.318584,0.628361,0.70653,0.32554,0.04808,-0.452947,0.890239,-1.6e-05,-8.1e-05,-9.8e-05,-8.2e-05,8.5e-05,0.000278,-1.072022
631,0.136871,-0.033762,0.299059,-0.744632,0.579387,-0.331481,-0.666204,-0.676218,0.314442,-0.041049,0.454253,0.889942,-0.000172,-0.000999,-0.001251,0.0,0.0,0.0,-1.909214,-0.169013,-0.034539,0.288873,-0.329098,0.889015,0.318336,-0.344601,-0.426813,0.836071,0.879544,0.164327,0.446387,0.001212,0.009145,0.034671,0.030675,0.033285,-0.17554,0.321539,0.043316,0.026237,-0.025519,0.291803,-0.90339,0.314223,0.365472,0.408903,0.836198,-0.8839,-0.129166,0.449482,0.00059,0.005026,0.017927,0.050336,-0.093243,0.009045,0.241872,0.066906,0.025662,-0.06862,0.775676,-0.544248,-0.319561,0.629254,0.705916,0.325149,0.048622,-0.453295,0.890032,-0.000113,-0.000651,-0.000817,-4.9e-05,5e-05,0.000189,-1.072675
632,0.136945,-0.033807,0.299005,-0.743907,0.579817,-0.332356,-0.666983,-0.675623,0.314069,-0.041524,0.45459,0.889748,-0.000281,-0.001633,-0.002047,-0.000623,0.014823,-0.024707,-1.909274,-0.168983,-0.034451,0.289634,-0.329947,0.890733,0.312604,-0.34592,-0.422079,0.837928,0.878709,0.167211,0.446961,0.001197,0.008516,0.033722,-0.042617,0.068746,-0.114111,0.321697,0.043353,0.026286,-0.024777,0.2957,-0.907008,0.299829,0.370447,0.398179,0.839179,-0.880528,-0.137074,0.45374,0.001014,-0.001767,0.020296,0.006898,-0.566851,0.96637,0.242852,0.066944,0.02564,-0.068647,0.774983,-0.544715,-0.320447,0.63007,0.705353,0.324788,0.049112,-0.45361,0.889845,-0.000138,-0.000809,-0.001015,-0.000653,0.014858,-0.024583,-1.072675
633,0.136965,-0.033822,0.298969,-0.746986,0.575604,-0.332775,-0.663339,-0.679294,0.31387,-0.044462,0.454479,0.889663,-0.000185,-0.001074,-0.001347,0.551726,-0.520383,-1.475023,-1.908893,-0.168921,-0.0345,0.291179,-0.330794,0.8966,0.294406,-0.356508,-0.407461,0.840721,0.874147,0.172014,0.454028,0.002068,-0.003815,0.040099,-0.04191,-0.132446,0.194969,0.315798,0.043361,0.026261,-0.024386,0.29331,-0.910804,0.290523,0.37664,0.389402,0.84054,-0.878698,-0.137116,0.457261,0.001007,-0.001863,0.020109,-0.063324,-0.156083,0.259879,0.241382,0.066953,0.025632,-0.068665,0.774655,-0.544931,-0.320871,0.630453,0.7051,0.324594,0.049365,-0.453743,0.889763,-0.000135,-0.000794,-0.000999,-9e-06,4.9e-05,0.0001,-1.072185
634,0.136993,-0.033863,0.298919,-0.746499,0.575892,-0.333365,-0.663864,-0.678896,0.313619,-0.044785,0.454706,0.88953,-8.1e-05,-0.000469,-0.000589,0.0,-0.0,-0.0,-1.909219,-0.168957,-0.034668,0.292762,-0.33864,0.899723,0.275341,-0.366309,-0.395489,0.842223,0.86707,0.183213,0.463126,0.002076,-0.002879,0.041094,0.2826,-1.49375,2.356284,0.307676,0.043343,0.026172,-0.023584,0.300423,-0.913569,0.27411,0.384865,0.379059,0.841541,-0.872711,-0.147323,0.465479,-0.006725,-0.001966,0.020685,0.090542,-0.196309,0.071679,0.231585,0.066967,0.025609,-0.068693,0.777413,-0.540667,-0.321414,0.626804,0.708485,0.324291,0.052383,-0.453572,0.889678,-4.3e-05,-0.000253,-0.000318,-6.9e-05,4.2e-05,0.000204,-1.073491
635,0.136977,-0.033881,0.298879,-0.746039,0.57616,-0.333934,-0.664358,-0.678533,0.313359,-0.045117,0.454909,0.88941,-0.0001,-0.000582,-0.00073,0.0,0.0,0.0,-1.908982,-0.169016,-0.03474,0.294442,-0.337105,0.900923,0.273293,-0.377712,-0.3952,0.837308,0.862761,0.177895,0.473137,0.002096,-0.001051,0.043174,0.168437,-0.181306,-0.075628,0.305324,0.043314,0.026129,-0.022761,0.298822,-0.915514,0.26933,0.397151,0.375928,0.837226,-0.867741,-0.143218,0.475933,0.001016,-0.000601,0.021502,0.29118,-0.253005,-0.129376,0.227176,0.066959,0.025601,-0.068711,0.776971,-0.54096,-0.321989,0.627324,0.70814,0.324038,0.052722,-0.45376,0.889562,-7e-05,-0.000413,-0.000518,-3.4e-05,5.5e-05,0.000131,-1.074308
636,0.136964,-0.033891,0.298867,-0.745814,0.57629,-0.33421,-0.6646,-0.678349,0.313243,-0.045269,0.455017,0.889346,-8.4e-05,-0.00049,-0.000615,0.0,0.0,0.0,-1.909376,-0.169016,-0.034724,0.295216,-0.331737,0.90297,0.273106,-0.386443,-0.394049,0.833859,0.860967,0.16994,0.479291,0.002092,-0.001021,0.04309,0.462381,-0.237635,-0.364225,0.303282,0.043315,0.026142,-0.022343,0.292663,-0.917598,0.268999,0.404868,0.373767,0.834493,-0.866273,-0.135317,0.480894,0.001014,-0.000479,0.021598,0.374677,-0.218051,-0.345999,0.224727,0.066952,0.025596,-0.068718,0.776756,-0.541103,-0.32227,0.627578,0.707967,0.323927,0.052879,-0.453861,0.889502,-5e-05,-0.000286,-0.000357,-3.9e-05,3.4e-05,0.00011,-1.074144
637,0.136946,-0.033903,0.298801,-0.745272,0.576601,-0.334883,-0.665179,-0.677943,0.312894,-0.045694,0.455228,0.889217,-0.000125,-0.000726,-0.000911,0.0,0.0,0.0,-1.908915,-0.169,-0.03453,0.296757,-0.335257,0.901828,0.27258,-0.395504,-0.397198,0.828098,0.855474,0.168679,0.489464,0.001192,0.010564,0.035233,0.443807,-0.350373,-0.169742,0.302918,0.043322,0.026236,-0.021585,0.296174,-0.916611,0.26852,0.41386,0.376528,0.828822,-0.860813,-0.134346,0.490867,0.001014,-0.000289,0.021704,0.430531,-0.382102,-0.215284,0.222604,0.066944,0.025589,-0.068751,0.776237,-0.541441,-0.322951,0.628183,0.707586,0.323586,0.053313,-0.454052,0.889378,-6.2e-05,-0.000359,-0.00045,-1.9e-05,2.9e-05,7.7e-05,-1.075124
638,0.136929,-0.033899,0.298723,-0.744887,0.576817,-0.335368,-0.665584,-0.67769,0.31258,-0.046052,0.455332,0.889145,-0.000109,-0.000634,-0.000796,0.0,0.0,0.0,-1.90923,-0.169061,-0.03427,0.298197,-0.328202,0.904713,0.271607,-0.40232,-0.393914,0.826381,0.855022,0.160803,0.492892,0.00117,0.009321,0.03344,-0.004956,-0.006186,0.071247,0.303139,0.043292,0.026369,-0.020861,0.29063,-0.91863,0.267678,0.421702,0.374092,0.825967,-0.858894,-0.12717,0.496111,0.000554,0.004487,0.016514,-0.022542,0.107394,0.10814,0.222604,0.066935,0.025592,-0.06879,0.775869,-0.541675,-0.323442,0.628606,0.707351,0.323279,0.053675,-0.454139,0.889311,-6.2e-05,-0.000369,-0.00046,-1.8e-05,2.1e-05,5.3e-05,-1.072022
639,0.136914,-0.033904,0.298684,-0.744669,0.576939,-0.33564,-0.665815,-0.677537,0.312422,-0.046239,0.455404,0.889099,-0.000274,-0.001591,-0.001999,-0.000622,0.014831,-0.024703,-1.908901,-0.16912,-0.034091,0.298854,-0.324622,0.906027,0.271528,-0.405743,-0.392594,0.825334,0.854766,0.156606,0.494684,0.001173,0.009645,0.033722,0.12979,-0.04744,-0.196409,0.302313,0.043263,0.02646,-0.020522,0.286418,-0.919996,0.267527,0.424684,0.372203,0.825292,-0.85884,-0.122764,0.497313,0.000557,0.004789,0.016829,0.168404,-0.056843,-0.204622,0.221298,0.066928,0.025592,-0.068807,0.775648,-0.541816,-0.323734,0.628861,0.707197,0.323117,0.053874,-0.454209,0.889264,-4.7e-05,-0.000281,-0.000351,-1.2e-05,1.8e-05,4.5e-05,-1.072511
640,0.136895,-0.033927,0.298605,-0.746011,0.575467,-0.335189,-0.664451,-0.677221,0.31599,-0.044232,0.457729,0.888006,-0.000177,-0.001025,-0.001289,-0.00445,-0.005072,-0.002928,-1.908888,-0.169218,-0.033611,0.299945,-0.324596,0.90587,0.272084,-0.404871,-0.392926,0.825605,0.85519,0.156684,0.493927,0.001137,0.007272,0.030613,-0.043489,0.067747,-0.11471,0.300767,0.043213,0.0267,-0.019985,0.286744,-0.919757,0.268,0.423962,0.372694,0.825442,-0.859088,-0.123068,0.49681,-0.007568,0.00837,0.010989,-0.000712,-0.011816,0.021789,0.219175,0.066918,0.025578,-0.068849,0.77695,-0.540181,-0.323346,0.627413,0.706763,0.32686,0.051965,-0.456825,0.888036,-0.000104,-0.000615,-0.000773,0.016187,0.007085,-0.000135,-1.074308
641,0.136863,-0.033979,0.298538,-0.746081,0.575424,-0.335106,-0.664375,-0.677278,0.316027,-0.044187,0.457698,0.888024,-0.000176,-0.00102,-0.001284,-1e-06,-1e-06,-1e-06,-1.909207,-0.169279,-0.03294,0.30075,-0.324515,0.905612,0.273036,-0.404563,-0.393693,0.82539,0.855366,0.156246,0.49376,0.000206,0.015654,0.018948,0.003622,-0.029447,0.04941,0.299446,0.043183,0.027028,-0.019583,0.286602,-0.919513,0.268988,0.423657,0.373462,0.825251,-0.859286,-0.12256,0.496593,9e-05,0.007851,0.009506,0.00397,-0.028187,0.050159,0.217215,0.066902,0.025552,-0.068883,0.777005,-0.54021,-0.323164,0.627346,0.706892,0.32671,0.051951,-0.456591,0.888157,-0.000101,-0.000605,-0.000762,0.000385,0.000417,0.000327,-1.073818
642,0.13684,-0.034035,0.29845,-0.745799,0.575585,-0.335457,-0.664677,-0.67706,0.315858,-0.044399,0.457818,0.887952,-0.000235,-0.001361,-0.001713,-0.0,-0.0,-0.0,-1.909298,-0.169276,-0.032332,0.301403,-0.324448,0.905427,0.273728,-0.404437,-0.394266,0.825178,0.855451,0.155877,0.49373,0.000173,0.01352,0.01626,0.001811,-0.014727,0.024703,0.294667,0.043184,0.027339,-0.019248,0.286494,-0.91932,0.269762,0.423547,0.374086,0.825026,-0.859377,-0.122108,0.496548,8.2e-05,0.007202,0.008665,0.00386,-0.028602,0.049907,0.21346,0.066891,0.025524,-0.068926,0.77673,-0.540393,-0.323517,0.627668,0.706684,0.326541,0.052164,-0.456696,0.888091,-0.000141,-0.000822,-0.001036,-4.8e-05,8.6e-05,0.000177,-1.074961
643,0.136823,-0.034059,0.298404,-0.745616,0.575688,-0.335686,-0.664872,-0.676923,0.315741,-0.044543,0.45789,0.887908,1e-06,0.009544,-0.010206,0.035369,-0.014766,0.017395,-1.909252,-0.169252,-0.032047,0.301695,-0.324408,0.905325,0.274113,-0.404372,-0.394583,0.825058,0.855497,0.155668,0.493716,-0.000735,0.023557,0.006732,0.038271,-0.02507,0.043006,0.291102,0.043196,0.027478,-0.019099,0.286442,-0.919218,0.270162,0.423475,0.374408,0.824917,-0.859429,-0.121884,0.496512,7.2e-05,0.006571,0.00788,-0.008661,0.072873,-0.120693,0.210194,0.066882,0.025509,-0.068945,0.776563,-0.540503,-0.323734,0.627865,0.706549,0.326455,0.052285,-0.456774,0.888044,-0.000162,-0.000945,-0.001189,-4.9e-05,5.2e-05,0.000148,-1.074798
644,0.136813,-0.03411,0.298322,-0.745217,0.575918,-0.336178,-0.6653,-0.67661,0.315511,-0.044831,0.458063,0.887804,-0.000327,-0.001894,-0.002387,0.003665,-0.087546,0.145765,-1.909371,-0.16919,-0.031556,0.302259,-0.324351,0.905183,0.274649,-0.40421,-0.395012,0.824932,0.855595,0.155407,0.493628,0.000135,0.011218,0.01338,0.001812,-0.014729,0.024702,0.287593,0.043227,0.027722,-0.018825,0.286365,-0.919076,0.270726,0.423354,0.374857,0.824774,-0.859514,-0.121574,0.496441,5.9e-05,0.005583,0.006659,0.001958,-0.014257,0.024979,0.204315,0.066877,0.025488,-0.068987,0.776243,-0.540712,-0.324153,0.628238,0.706316,0.326242,0.052552,-0.456888,0.887969,-9.3e-05,-0.000547,-0.000688,-3.3e-05,3.8e-05,9.9e-05,-1.07643
