frame,MLTx,MLTy,MLTz,MLTR1,MLTR2,MLTR3,MLTR4,MLTR5,MLTR6,MLTR7,MLTR8,MLTR9,MLTTVx,MLTTVy,MLTTVz,MLTRVx,MLTRVy,MLTRVz,MLGA,MRTx,MRTy,MRTz,MRTR1,MRTR2,MRTR3,MRTR4,MRTR5,MRTR6,MRTR7,MRTR8,MRTR9,MRTTVx,MRTTVy,MRTTVz,MRTRVx,MRTRVy,MRTRVz,MRGA,SLTx,SLTy,SLTz,SLTR1,SLTR2,SLTR3,SLTR4,SLTR5,SLTR6,SLTR7,SLTR8,SLTR9,SLTTVx,SLTTVy,SLTTVz,SLTRVx,SLTRVy,SLTRVz,SLGA,SRTx,SRTy,SRTz,SRTR1,SRTR2,SRTR3,SRTR4,SRTR5,SRTR6,SRTR7,SRTR8,SRTR9,SRTTVx,SRTTVy,SRTTVz,SRTRVx,SRTRVy,SRTRVz,SRGA
1199,0.119623,-0.023253,0.405313,-0.648328,-0.368457,-0.6663,0.066298,-0.899121,0.432616,-0.757681,0.236756,0.608188,0.0002,0.000977,0.000661,0.0,0.0,0.0,-0.323812,-0.156389,0.002874,0.355326,0.758696,-0.199956,0.619991,-0.171942,0.856389,0.486792,-0.629229,-0.475677,0.614545,2e-06,-3.4e-05,-2.6e-05,-0.052905,0.057123,0.034863,-0.752902,0.041475,0.022498,0.00091,-0.668325,0.352384,0.655107,0.016925,-0.873244,0.486987,0.743676,0.336553,0.577647,-3e-06,0.000111,8.8e-05,-0.027024,-0.045473,0.205211,-0.579479,0.075307,0.013118,-0.037161,-0.659378,-0.409188,-0.630701,0.205536,-0.905064,0.372308,-0.723169,0.11586,0.680882,0.006885,-0.000363,-0.000307,0.001314,-0.014901,0.029217,-0.397468
1200,0.119583,-0.023074,0.405299,-0.651907,-0.365678,-0.664336,0.067732,-0.900647,0.429209,-0.754476,0.235257,0.612738,0.000723,0.003525,0.002382,0.198479,0.289805,0.099328,-0.355993,-0.156526,0.00296,0.355352,0.757984,-0.199629,0.620966,-0.177143,0.853108,0.490673,-0.628641,-0.48167,0.610465,-0.013517,0.001353,0.002181,-0.231637,0.262848,0.121933,-0.419073,0.041412,0.02254,0.000921,-0.668628,0.350753,0.655674,0.022467,-0.871828,0.489295,0.743257,0.341887,0.575048,-4.1e-05,0.000861,0.000653,-0.476524,0.475978,0.282067,-0.489833,0.07529,0.0132,-0.037174,-0.661904,-0.407588,-0.629089,0.206487,-0.90592,0.36969,-0.720586,0.114801,0.683794,0.000472,0.006405,-0.003918,0.457109,0.564635,0.20002,-0.44123
1201,0.119581,-0.022863,0.405306,-0.651747,-0.36521,-0.66475,0.067588,-0.900936,0.428624,-0.754626,0.234874,0.612699,0.000415,0.002025,0.001367,4.2e-05,6.2e-05,2.1e-05,-0.439587,-0.156736,0.00313,0.355485,0.757517,-0.194257,0.623237,-0.193005,0.845252,0.49823,-0.624513,-0.497458,0.601982,-0.013683,0.005313,0.00516,-0.234397,0.253934,0.150159,-0.081951,0.041307,0.022619,0.000984,-0.668761,0.345816,0.658155,0.040264,-0.867094,0.496513,0.742385,0.358549,0.565956,-0.000124,0.002719,0.002053,-0.414566,0.426466,0.256241,-0.411943,0.075286,0.013313,-0.037165,-0.663011,-0.40644,-0.628666,0.206685,-0.906522,0.368101,-0.719511,0.11412,0.68504,0.000291,0.001419,0.000959,-0.002519,-0.003471,-0.001079,-0.482543
1202,0.119643,-0.022805,0.405319,-0.651639,-0.364875,-0.66504,0.067369,-0.901105,0.428302,-0.754739,0.234744,0.61261,0.013975,0.000345,0.000108,0.000985,-0.014714,0.029554,-0.498608,-0.156812,0.003251,0.355583,0.754602,-0.200389,0.62483,-0.193564,0.841751,0.503906,-0.62786,-0.500938,0.59558,-0.013723,0.006361,0.005942,-0.345695,0.373814,0.223374,0.041497,0.041269,0.022682,0.001034,-0.6647,0.351085,0.659478,0.041763,-0.863865,0.501988,0.745941,0.361214,0.559549,-0.000162,0.003594,0.002708,-0.520789,0.523386,0.347599,-0.34826,0.075311,0.013341,-0.037159,-0.662947,-0.406114,-0.628944,0.206467,-0.906684,0.367823,-0.719633,0.113991,0.684933,0.000297,0.001451,0.000979,0.00119,-0.010769,0.026573,-0.518467
1203,0.119721,-0.022682,0.405414,-0.653358,-0.363207,-0.664267,0.067736,-0.90195,0.426463,-0.753219,0.234084,0.61473,0.001022,0.004997,0.003367,0.006858,-0.002088,0.029706,-0.554368,-0.15696,0.003435,0.355771,0.747488,-0.214459,0.628698,-0.195404,0.83346,0.516814,-0.635752,-0.508889,0.580271,-0.000226,0.005201,0.003906,-0.275263,0.284932,0.207596,0.239236,0.041189,0.022781,0.001134,-0.654047,0.364117,0.663054,0.046201,-0.855665,0.515462,0.755041,0.36777,0.542823,-0.0001,0.002225,0.001673,-0.336866,0.36266,0.221059,-0.049765,0.075355,0.013399,-0.037114,-0.664914,-0.404617,-0.627832,0.206841,-0.907435,0.365755,-0.717708,0.113334,0.687058,0.000522,0.002561,0.001725,-0.010893,-0.023484,0.024399,-0.585416
1204,0.119768,-0.022504,0.405534,-0.653241,-0.362778,-0.664615,0.067411,-0.902147,0.426097,-0.753349,0.233987,0.614608,0.00082,0.004009,0.002697,1e-06,2e-06,1e-06,-0.613917,-0.157071,0.003673,0.355971,0.742337,-0.219574,0.633021,-0.212367,0.81883,0.533246,-0.636339,-0.530001,0.560389,-0.000335,0.007748,0.005805,-0.42302,0.508949,0.108948,0.426914,0.041134,0.022895,0.00123,-0.648096,0.367791,0.666858,0.066414,-0.845018,0.530596,0.758656,0.388166,0.523226,-0.000171,0.003801,0.002851,-0.573065,0.535176,0.347345,0.250363,0.075379,0.01349,-0.037052,-0.664724,-0.404231,-0.628282,0.206427,-0.907612,0.36555,-0.718003,0.113296,0.686756,0.000476,0.002334,0.001569,0.001068,-0.010805,0.026617,-0.62183
1205,0.119839,-0.022403,0.405589,-0.653048,-0.36211,-0.665169,0.066922,-0.902461,0.425508,-0.75356,0.233808,0.614417,0.000308,0.001509,0.001014,0.0,0.0,0.0,-0.713086,-0.157184,0.003942,0.356168,0.734486,-0.233466,0.637194,-0.219918,0.806268,0.549092,-0.642848,-0.543132,0.540015,-0.000234,0.005444,0.004069,-0.316061,0.41024,0.05184,0.522674,0.041078,0.023037,0.001334,-0.636904,0.380357,0.670583,0.077347,-0.833907,0.546457,0.767053,0.399908,0.501699,-0.006791,0.001842,0.00195,-0.35093,0.395798,0.203454,0.444679,0.075415,0.013545,-0.037022,-0.66465,-0.403526,-0.628812,0.205931,-0.90795,0.364989,-0.718214,0.113099,0.686568,0.000287,0.005518,-0.00452,0.035778,-0.013001,0.018131,-0.663632
1206,0.119918,-0.022355,0.405583,-0.652898,-0.361649,-0.665568,0.066624,-0.902694,0.425061,-0.753717,0.233623,0.614295,0.00032,0.001568,0.001054,0.0,0.0,0.0,-0.786869,-0.157374,0.003948,0.356214,0.728937,-0.243279,0.639888,-0.222135,0.799959,0.557365,-0.648378,-0.548115,0.528242,-0.013395,-0.000402,0.000843,-0.432628,0.480411,0.254636,0.533112,0.040987,0.023049,0.001364,-0.629783,0.38814,0.672844,0.081025,-0.828655,0.553862,0.772532,0.403331,0.490425,-0.006692,-0.000439,0.00025,-0.607534,0.730142,0.172054,0.489421,0.075454,0.013567,-0.037026,-0.664588,-0.403034,-0.629194,0.205626,-0.908194,0.364555,-0.718359,0.112901,0.686449,0.006938,-2e-05,-8e-05,0.001093,-0.014771,0.029454,-0.663632
1207,0.120086,-0.022154,0.405532,-0.654466,-0.359707,-0.665079,0.067072,-0.903761,0.422717,-0.752315,0.232487,0.61644,0.000668,0.003281,0.002202,0.000665,0.00098,0.000337,-0.886107,-0.158037,0.003827,0.356069,0.72248,-0.257715,0.641558,-0.224045,0.790458,0.570012,-0.654915,-0.55523,0.512511,-0.013155,-0.00644,-0.003676,-0.260136,0.30213,0.119987,0.534058,0.040655,0.022991,0.001293,-0.620068,0.401496,0.67403,0.085501,-0.819432,0.566762,0.779875,0.409061,0.473775,-0.007097,0.002164,-0.006148,-0.280967,0.333286,0.208109,0.514894,0.075538,0.013664,-0.037054,-0.666391,-0.40128,-0.628407,0.206018,-0.909105,0.362054,-0.716573,0.111807,0.688491,0.007288,0.005837,-0.004375,0.02898,-0.036822,0.045597,-0.664938
1208,0.120218,-0.021873,0.405534,-0.654194,-0.358969,-0.665745,0.06679,-0.904196,0.421831,-0.752576,0.231935,0.616329,0.001111,0.013702,-0.007255,0.035657,-0.012917,0.018255,-0.922622,-0.158961,0.003618,0.355817,0.71866,-0.265691,0.642595,-0.225442,0.785048,0.576897,-0.658629,-0.55912,0.503444,-0.026516,-0.008729,-0.004269,-0.209772,0.266517,0.051968,0.534988,0.040188,0.022879,0.001161,-0.614745,0.408319,0.674806,0.08818,-0.814621,0.57325,0.783781,0.411907,0.464779,-0.013252,-0.004475,-0.002206,-0.243723,0.296315,0.063692,0.51816,0.075604,0.013802,-0.037049,-0.666194,-0.400531,-0.629093,0.205664,-0.909499,0.361266,-0.716858,0.111292,0.688278,0.000514,0.002528,0.001692,0.001276,-0.010469,0.026767,-0.666734
1209,0.120308,-0.021739,0.405524,-0.654042,-0.358568,-0.666111,0.066632,-0.904431,0.421351,-0.752723,0.231637,0.616263,0.000971,0.004785,0.003203,0.001327,-0.010207,0.026918,-0.941267,-0.159481,0.003483,0.35571,0.718701,-0.268139,0.641531,-0.224995,0.783192,0.579587,-0.658737,-0.560547,0.501713,-0.026536,-0.008763,-0.004306,-0.146327,0.197698,0.009955,0.535391,0.039938,0.022813,0.001108,-0.614366,0.410756,0.673671,0.088207,-0.812699,0.575967,0.784074,0.413277,0.463063,-0.013268,-0.004312,-0.002085,-0.188603,0.143489,0.237178,0.518976,0.075649,0.013873,-0.037057,-0.666115,-0.400088,-0.629459,0.205504,-0.909735,0.360762,-0.716977,0.110953,0.688208,0.00048,0.002373,0.001588,0.001407,-0.010285,0.026831,-0.667877
1210,0.120513,-0.021526,0.405517,-0.653756,-0.357802,-0.666803,0.066268,-0.904859,0.420489,-0.753003,0.231149,0.616103,0.0143,0.002204,0.001333,0.002309,-0.02493,0.056468,-0.998551,-0.160282,0.003164,0.355376,0.719427,-0.268227,0.64068,-0.224525,0.782953,0.580092,-0.658104,-0.560838,0.502217,-0.01305,-0.011618,-0.007613,-0.003879,0.028988,-0.054486,0.536163,0.039533,0.022657,0.000944,-0.614927,0.411152,0.672917,0.08785,-0.812295,0.576591,0.783675,0.413677,0.463382,-0.00651,-0.006135,-0.004037,-0.002326,0.0259,-0.056915,0.519629,0.075746,0.01398,-0.03706,-0.665983,-0.399301,-0.630098,0.205146,-0.910142,0.359938,-0.717203,0.11045,0.688055,0.0003,0.001482,0.000989,7.1e-05,-4.1e-05,-5.2e-05,-0.672286
1211,0.120708,-0.021234,0.405415,-0.653435,-0.35706,-0.667515,0.066151,-0.905351,0.419446,-0.753292,0.230363,0.616044,0.001021,0.013309,-0.007525,0.035656,-0.012912,0.018261,-1.034169,-0.160965,0.002864,0.354756,0.717348,-0.269453,0.642494,-0.225581,0.782546,0.580231,-0.66001,-0.560817,0.499735,-0.012909,-0.017488,-0.012095,-0.005895,0.043018,-0.079577,0.536816,0.039191,0.022514,0.000639,-0.612558,0.411929,0.674601,0.089014,-0.812086,0.576707,0.785397,0.413316,0.460782,-0.013655,-0.003859,-0.010163,0.033581,0.043604,-0.093241,0.519793,0.075849,0.014121,-0.037108,-0.665811,-0.39847,-0.630806,0.204959,-0.910602,0.35888,-0.717417,0.109656,0.687959,0.000461,0.002275,0.001515,0.001384,-0.010247,0.026879,-0.675879
1212,0.120786,-0.020826,0.405231,-0.65697,-0.350983,-0.667269,0.06145,-0.907033,0.416518,-0.75061,0.233067,0.618297,0.000695,0.011693,-0.008604,0.036916,-0.011048,0.018909,-1.056352,-0.161511,0.002336,0.35396,0.71505,-0.270518,0.644604,-0.226921,0.782209,0.580164,-0.662041,-0.560774,0.49709,-0.012824,-0.022414,-0.015938,-0.037233,0.077747,-0.058311,0.537617,0.038918,0.02225,0.000242,-0.609907,0.412584,0.676599,0.090537,-0.811915,0.576711,0.787283,0.412998,0.457839,-0.006881,-0.006344,-0.012669,0.013535,0.070533,-0.071402,0.520119,0.075889,0.014334,-0.037201,-0.670068,-0.392801,-0.629852,0.200276,-0.912716,0.356142,-0.71477,0.112495,0.690251,0.000332,0.005763,-0.004356,0.026675,-0.023788,0.015685,-0.676859
1213,0.120835,-0.020654,0.405074,-0.658579,-0.349229,-0.666602,0.06216,-0.908035,0.414223,-0.749139,0.231791,0.620556,0.013758,0.007882,-0.011286,0.362485,0.37378,0.397975,-1.109239,-0.161739,0.001964,0.353544,0.713391,-0.272104,0.645774,-0.227826,0.781281,0.581059,-0.663517,-0.561298,0.494523,-0.012808,-0.024219,-0.017387,-0.16627,0.220982,0.029459,0.537801,0.038804,0.022064,3.4e-05,-0.608407,0.413163,0.677596,0.09144,-0.811618,0.576986,0.788339,0.413002,0.456014,-0.006866,-0.007412,-0.013525,-0.230284,0.315288,0.076503,0.520283,0.075908,0.014419,-0.037273,-0.669887,-0.392488,-0.63024,0.200364,-0.912923,0.355562,-0.714916,0.111909,0.690196,1e-06,-1.8e-05,-1.6e-05,-0.001345,-0.001942,-0.000614,-0.677022
1214,0.120902,-0.020235,0.404665,-0.662161,-0.343749,-0.665902,0.058258,-0.90953,0.411503,-0.74629,0.234109,0.623115,0.000586,0.011155,-0.008957,0.088691,0.06617,0.04596,-1.190562,-0.162242,0.001138,0.352714,0.710299,-0.270062,0.650025,-0.23081,0.782921,0.577664,-0.665798,-0.56,0.492926,-0.012862,-0.025165,-0.018274,-0.007491,0.056696,-0.104892,0.537486,0.038553,0.021647,-0.000385,-0.605212,0.411024,0.681745,0.093939,-0.813537,0.573874,0.790501,0.411358,0.453751,-0.006913,-0.007021,-0.013302,0.032762,0.031074,-0.0621,0.520609,0.075945,0.014621,-0.037483,-0.67592,-0.386329,-0.627598,0.196998,-0.915313,0.351271,-0.710156,0.113796,0.694786,0.000321,0.005686,-0.004407,0.091234,0.05939,0.075953,-0.680451
1215,0.120927,-0.019702,0.404196,-0.667411,-0.336718,-0.664251,0.055001,-0.911814,0.406869,-0.741845,0.235428,0.627906,0.000842,0.02067,-0.018997,0.145064,0.08419,0.075297,-1.277984,-0.162822,0.000191,0.351891,0.710052,-0.259402,0.654621,-0.243523,0.781704,0.57408,-0.661511,-0.56671,0.491025,-0.026443,-0.028368,-0.019796,-0.0095,0.071885,-0.134149,0.538182,0.038268,0.021176,-0.000794,-0.606976,0.400512,0.686418,0.106447,-0.814967,0.569645,0.787558,0.418829,0.452033,-0.006435,-0.013835,-0.010189,-0.007734,0.056272,-0.104625,0.520936,0.075958,0.014884,-0.037714,-0.681712,-0.380089,-0.62514,0.193583,-0.917715,0.346876,-0.705545,0.115453,0.699197,0.000326,0.005705,-0.004393,0.124366,0.10634,0.091676,-0.687309
1216,0.120958,-0.01942,0.403929,-0.670978,-0.331202,-0.66343,0.050713,-0.913122,0.404485,-0.738926,0.238163,0.630312,0.000468,0.010569,-0.00934,0.064309,0.029822,0.033375,-1.321924,-0.163126,-0.000364,0.351446,0.712157,-0.250262,0.655891,-0.253863,0.77913,0.573101,-0.655326,-0.574323,0.490474,-0.026448,-0.031391,-0.022271,-0.009498,0.071891,-0.134146,0.538491,0.038116,0.020903,-0.001013,-0.610865,0.391988,0.687887,0.117056,-0.814572,0.568127,0.783033,0.427571,0.45171,-0.006419,-0.015698,-0.0117,0.003078,-0.024955,0.044164,0.520936,0.075974,0.01503,-0.03785,-0.686033,-0.374908,-0.623539,0.189333,-0.919481,0.344537,-0.702503,0.118308,0.701778,0.00039,0.010132,-0.009632,0.075066,-0.013179,0.045165,-0.694004
1217,0.121004,-0.018831,0.403388,-0.679894,-0.31617,-0.661685,0.036774,-0.915867,0.399758,-0.731563,0.247848,0.635148,0.000353,0.009996,-0.009716,0.050405,0.009077,0.026108,-1.459413,-0.163799,-0.001776,0.350369,0.712709,-0.240026,0.659109,-0.265965,0.776869,0.570677,-0.649895,-0.581717,0.488983,-0.012813,-0.040202,-0.030713,-0.009253,0.070518,-0.130116,0.538648,0.037769,0.020192,-0.001554,-0.613303,0.38202,0.691317,0.129308,-0.814883,0.565017,0.77919,0.43592,0.450372,-0.006384,-0.020588,-0.01573,-0.009153,0.070678,-0.129961,0.520609,0.075997,0.015326,-0.03812,-0.696398,-0.361093,-0.620194,0.17536,-0.923618,0.340847,-0.6959,0.128608,0.706528,0.000316,0.009749,-0.009882,0.05166,0.034674,-0.147976,-0.692044
1218,0.121097,-0.018219,0.402775,-0.692283,-0.286267,-0.662451,0.00522,-0.919935,0.392,-0.72077,0.268268,0.63918,0.00042,0.010329,-0.009489,1.166571,-1.435808,2.099257,-1.634458,-0.16447,-0.003629,0.348962,0.71341,-0.230024,0.661911,-0.277724,0.774286,0.568581,-0.644174,-0.589163,0.487637,-0.012817,-0.050137,-0.039248,-0.007509,-0.018721,0.012154,0.539018,0.037438,0.019286,-0.002242,-0.615897,0.37237,0.694269,0.14124,-0.81478,0.562302,0.775062,0.444379,0.449227,-0.013226,-0.026264,-0.019985,-0.044553,0.087802,-0.231513,0.520772,0.076043,0.015622,-0.03842,-0.712854,-0.334677,-0.616302,0.144619,-0.930048,0.337778,-0.686238,0.151658,0.71139,0.00026,0.005353,-0.004621,-0.040135,0.08422,0.132433,-0.700372
1219,0.121245,-0.017693,0.402204,-0.709594,-0.253172,-0.657591,-0.024422,-0.923844,0.381952,-0.703331,0.287399,0.650195,0.000348,0.01821,-0.020594,0.029786,0.593252,0.515068,-1.790178,-0.165022,-0.005778,0.347224,0.715839,-0.216218,0.66394,-0.293247,0.769705,0.567004,-0.634515,-0.600303,0.486714,-0.012925,-0.056929,-0.045634,-0.014646,0.112012,-0.205766,0.538618,0.037162,0.018211,-0.00311,-0.621121,0.359441,0.696426,0.157189,-0.813429,0.56002,0.767788,0.457312,0.448738,-0.006446,-0.028184,-0.022562,-5.5e-05,0.003055,-0.006029,0.520936,0.076117,0.015893,-0.038707,-0.731468,-0.303234,-0.610739,0.114333,-0.937538,0.328556,-0.672221,0.170501,0.720449,1.9e-05,0.004141,-0.005419,-0.635224,1.268496,1.311263,-0.727642
1220,0.121339,-0.017462,0.401903,-0.718881,-0.232565,-0.655109,-0.039376,-0.927258,0.372307,-0.69315,0.293724,0.658252,0.013338,0.006041,-0.012481,0.283125,0.54614,0.334075,-1.892533,-0.165218,-0.006788,0.346289,0.717578,-0.20949,0.66422,-0.297956,0.769539,0.564771,-0.63034,-0.602905,0.488918,-0.013,-0.058679,-0.047552,0.349578,-0.389905,-0.280317,0.538368,0.037064,0.017705,-0.003579,-0.622763,0.35509,0.697191,0.162373,-0.813027,0.559125,0.765376,0.461408,0.448666,-2.9e-05,-0.02348,-0.028264,0.026041,0.073989,-0.132068,0.520772,0.07616,0.016013,-0.03886,-0.743011,-0.283707,-0.606172,0.098831,-0.942289,0.319878,-0.661941,0.177765,0.72817,6.8e-05,0.008503,-0.010694,0.238322,0.901343,0.589073,-0.733683
1221,0.121504,-0.017023,0.40142,-0.741693,-0.187658,-0.643988,-0.06805,-0.934079,0.350483,-0.666387,0.304002,0.680836,0.00045,0.010497,-0.009363,0.431147,0.643225,0.282553,-1.915399,-0.165563,-0.008738,0.34426,0.716792,-0.208955,0.665235,-0.298354,0.77025,0.563591,-0.631045,-0.602183,0.488898,0.000683,-0.054152,-0.045918,0.001697,-0.012576,0.022662,0.537935,0.036887,0.016695,-0.004622,-0.623408,0.352426,0.697967,0.161981,-0.815083,0.556238,0.764934,0.459821,0.451043,0.000368,-0.027037,-0.022916,-0.001154,-0.009475,0.024576,0.522079,0.076246,0.01623,-0.039109,-0.770298,-0.24182,-0.590053,0.06933,-0.951581,0.299476,-0.633903,0.189777,0.749766,0.000249,0.005323,-0.004639,0.455263,0.671945,0.291495,-0.751972
1222,0.121845,-0.016613,0.400978,-0.766024,-0.132156,-0.629116,-0.108234,-0.938168,0.328782,-0.632717,0.320106,0.705144,0.01373,0.008095,-0.011107,0.613041,0.845275,0.368216,-1.915631,-0.165728,-0.010405,0.342407,0.721097,-0.193895,0.665143,-0.311445,0.766716,0.561322,-0.619701,-0.611672,0.491621,-0.014425,-0.034523,-0.046517,-0.072662,-0.010001,-0.210601,0.538134,0.03681,0.01588,-0.005526,-0.63064,0.338879,0.698178,0.174916,-0.814414,0.553292,0.756106,0.471051,0.454327,-0.000179,-0.016592,-0.023267,-1.080714,-0.967406,-0.757032,0.522242,0.076407,0.016431,-0.03932,-0.798128,-0.191419,-0.57127,0.02776,-0.958862,0.282508,-0.601848,0.209619,0.770608,0.000311,0.00977,-0.009851,0.43118,0.513668,0.238819,-0.75932
1223,0.122038,-0.016458,0.400735,-0.774804,-0.110256,-0.62255,-0.123269,-0.939448,0.319711,-0.619142,0.324586,0.715076,0.013524,0.007079,-0.011782,0.316553,1.025025,0.732341,-1.915778,-0.165757,-0.010975,0.341578,0.722271,-0.189663,0.665089,-0.315518,0.765253,0.561044,-0.61626,-0.614827,0.49201,-0.015445,-0.019639,-0.051839,0.074292,-0.030198,0.056196,0.537812,0.036796,0.015572,-0.005954,-0.632722,0.334645,0.698336,0.179759,-0.813697,0.552795,0.753225,0.475298,0.454689,-0.000224,-0.014127,-0.021278,0.02795,0.048202,-0.08046,0.522895,0.076509,0.016513,-0.039445,-0.808636,-0.171368,-0.562796,0.012681,-0.961489,0.274547,-0.588172,0.214872,0.779668,0.006748,0.003406,-0.005982,-0.705072,0.994534,1.40975,-0.757524
1224,0.122551,-0.016216,0.400277,-0.787118,-0.094274,-0.609593,-0.125349,-0.943198,0.307631,-0.602992,0.318665,0.731355,0.013318,0.006066,-0.012455,0.221192,0.264581,0.125165,-1.915844,-0.165778,-0.011753,0.339962,0.724039,-0.180874,0.665615,-0.323915,0.762674,0.559769,-0.609786,-0.620662,0.492749,-0.001536,-0.009145,-0.04427,0.067488,0.022791,-0.037928,0.537915,0.036779,0.015173,-0.006783,-0.636246,0.326453,0.699012,0.188366,-0.812903,0.551095,0.748136,0.482303,0.455714,-0.00075,-0.004136,-0.021751,0.068009,0.023298,-0.037428,0.523385,0.076771,0.016637,-0.039678,-0.823182,-0.155568,-0.546048,0.009673,-0.965433,0.260468,-0.567694,0.20913,0.796232,0.00667,0.003057,-0.006221,0.163063,0.185376,0.106218,-0.760626
1225,0.123391,-0.016247,0.400038,-0.796666,-0.0789,-0.599285,-0.134487,-0.943468,0.302908,-0.588318,0.322005,0.741769,0.026476,-0.00524,-0.003804,-1.337199,1.646963,-1.684381,-1.915895,-0.165778,-0.012213,0.338722,0.726947,-0.167912,0.665842,-0.336641,0.757843,0.55882,-0.599332,-0.630163,0.493517,-0.000714,-0.010208,-0.027267,-3.64695,-3.069917,-2.758947,0.537671,0.03678,0.014945,-0.007394,-0.63989,0.318387,0.699407,0.196952,-0.811787,0.549737,0.742799,0.48952,0.456747,-0.000339,-0.004873,-0.013432,0.031562,0.032877,-0.05616,0.521589,0.077181,0.016624,-0.039797,-0.832381,-0.140542,-0.536086,-0.000603,-0.96708,0.25447,-0.554203,0.21214,0.804894,0.013214,-0.002763,-0.002008,0.024627,0.023599,0.056287,-0.766342
1226,0.124645,-0.016494,0.399881,-0.804158,-0.054462,-0.591955,-0.1558,-0.941688,0.2982,-0.572679,0.332089,0.749522,0.026619,-0.004547,-0.003356,0.049861,0.052554,0.083786,-1.915309,-0.165934,-0.012421,0.337837,0.728329,-0.158988,0.666522,-0.3454,0.754767,0.557638,-0.592623,-0.636152,0.493934,-0.014926,-0.003748,-0.020342,0.030797,0.033653,-0.060741,0.537677,0.036702,0.014841,-0.007843,-0.644901,0.305925,0.700365,0.210887,-0.809582,0.547817,0.734594,0.500985,0.457585,-0.007454,-0.001423,-0.009773,0.03136,0.034212,-0.060203,0.520283,0.077807,0.016497,-0.039877,-0.842769,-0.119113,-0.524929,-0.021546,-0.966961,0.254007,-0.537842,0.22538,0.812359,0.020003,-0.003214,-0.002407,0.005991,0.07476,-0.08698,-0.765525
1227,0.125315,-0.016586,0.399774,-0.808125,-0.045194,-0.587313,-0.160534,-0.942425,0.29332,-0.565753,0.331374,0.755078,0.040067,-0.006115,-0.004574,0.305169,0.415282,0.258948,-1.915317,-0.166042,-0.01245,0.337518,0.728933,-0.15449,0.666918,-0.349886,0.75313,0.557054,-0.589233,-0.639198,0.494058,-0.000839,0.001273,-0.017117,0.034645,0.004428,-0.006384,0.537596,0.036648,0.014825,-0.007998,-0.6464,0.301655,0.700836,0.215592,-0.808889,0.547009,0.731906,0.504681,0.457832,-0.007015,-0.004777,-0.003656,-0.003263,0.029755,-0.053855,0.520773,0.078152,0.016449,-0.039932,-0.846487,-0.111477,-0.520607,-0.026638,-0.96774,0.250534,-0.531742,0.225942,0.81621,0.02004,-0.003039,-0.002297,0.4115,0.543692,0.287265,-0.764056
1228,0.126849,-0.016789,0.399568,-0.815943,-0.038732,-0.576872,-0.159328,-0.944069,0.288653,-0.554775,0.327479,0.764859,0.040185,-0.005507,-0.004194,0.220006,0.286753,0.211434,-1.915456,-0.166181,-0.012502,0.337196,0.728443,-0.154208,0.667519,-0.350114,0.753562,0.556326,-0.589704,-0.638758,0.494066,3e-05,-0.00335,-0.003009,0.0,-0.0,-0.0,0.537406,0.036578,0.014802,-0.008163,-0.645936,0.301295,0.701418,0.215649,-0.809379,0.54626,0.732299,0.504109,0.457833,2e-05,-0.001349,-0.001209,0.000413,0.00035,0.000292,0.521589,0.078904,0.01635,-0.040033,-0.854427,-0.106252,-0.50859,-0.025417,-0.969146,0.245169,-0.518948,0.222406,0.825364,0.026807,-0.003593,-0.002769,0.297427,0.374223,0.272968,-0.772383
1229,0.128611,-0.017012,0.399405,-0.829745,-0.004766,-0.558162,-0.185166,-0.941,0.283202,-0.525551,0.338339,0.780608,0.040374,-0.004465,-0.003526,0.375022,0.585917,0.347379,-1.914786,-0.166348,-0.012416,0.33715,0.72808,-0.153989,0.667966,-0.350375,0.753789,0.555854,-0.589998,-0.638543,0.493993,-2.5e-05,0.00297,0.002667,0.001804,-0.014051,0.025094,0.537584,0.036495,0.014843,-0.008188,-0.645584,0.301009,0.701864,0.215831,-0.809664,0.545765,0.732555,0.503822,0.45774,-0.007082,0.00116,0.001669,-0.001763,0.015447,-0.029052,0.521589,0.07977,0.016239,-0.040113,-0.86958,-0.076095,-0.487891,-0.051667,-0.968609,0.243159,-0.49108,0.236654,0.838352,0.020213,-0.002131,-0.001722,0.228207,0.973712,0.751305,-0.770424
1230,0.129441,-0.017086,0.399331,-0.837547,0.01551,-0.546187,-0.199772,-0.939095,0.279576,-0.507547,0.343246,0.79032,0.040397,-0.004312,-0.003437,0.333027,0.597118,0.145493,-1.914087,-0.166456,-0.012346,0.337195,0.727981,-0.153924,0.668089,-0.350461,0.753839,0.555731,-0.590069,-0.638499,0.493964,-2.3e-05,0.002895,0.002598,0.0,-0.0,-0.0,0.537615,0.036442,0.014885,-0.008159,-0.645505,0.30094,0.701967,0.215879,-0.809727,0.545652,0.732611,0.503761,0.457716,-0.007085,0.001628,0.002088,-0.001797,0.015383,-0.029085,0.521752,0.0802,0.016201,-0.040151,-0.879254,-0.056464,-0.472994,-0.066732,-0.968557,0.239672,-0.471654,0.242297,0.84784,0.026932,-0.002873,-0.002323,0.389115,0.752435,0.312425,-0.771567
1231,0.13093,-0.017203,0.399194,-0.855335,0.052966,-0.515406,-0.215119,-0.941282,0.260163,-0.470301,0.333329,0.817151,0.027059,-0.002099,-0.001789,0.61529,1.068816,0.045819,-1.911396,-0.166541,-0.012266,0.337288,0.72777,-0.153794,0.668348,-0.35072,0.753857,0.555544,-0.590175,-0.63851,0.493824,-9e-06,0.001197,0.001073,0.0,-0.0,-0.0,0.537621,0.036399,0.014933,-0.008106,-0.645309,0.300777,0.702216,0.216109,-0.8098,0.545453,0.732715,0.503742,0.457571,-5e-06,0.000587,0.000528,0.000161,0.000132,9.2e-05,0.521752,0.08095,0.016142,-0.040221,-0.897867,-0.023373,-0.439644,-0.083449,-0.971452,0.222071,-0.432284,0.236078,0.870285,0.020278,-0.001672,-0.001437,0.681046,1.169574,0.138804,-0.768138
1232,0.132095,-0.017324,0.399132,-0.868555,0.109974,-0.483285,-0.253951,-0.936109,0.243272,-0.424576,0.333883,0.841596,0.026932,-0.002821,-0.002283,-2.168493,2.342271,4.488635,-1.910598,-0.166477,-0.012281,0.337255,0.727726,-0.153774,0.668401,-0.35075,0.75388,0.555494,-0.590211,-0.638487,0.49381,1.1e-05,-0.001336,-0.001198,0.0,-0.0,-0.0,0.53762,0.036431,0.014927,-0.00812,-0.645265,0.300753,0.702267,0.216126,-0.809831,0.545401,0.732749,0.503707,0.457555,7e-06,-0.000777,-0.000696,0.000102,8.7e-05,7.3e-05,0.521915,0.081533,0.016084,-0.04025,-0.914757,0.025456,-0.4032,-0.118628,-0.970943,0.207837,-0.386194,0.237952,0.891197,0.013457,-0.001434,-0.001184,0.464475,0.972932,0.145141,-0.769934
1233,0.13308,-0.017452,0.39903,-0.875251,0.15124,-0.459466,-0.281961,-0.931326,0.230441,-0.391975,0.331052,0.858364,0.01312,-0.003511,-0.002547,-0.445568,0.88456,1.244196,-1.909912,-0.166457,-0.012348,0.337153,0.727515,-0.153655,0.668658,-0.35094,0.753963,0.55526,-0.590358,-0.638418,0.493723,2.9e-05,-0.003579,-0.003213,-0.001804,0.014054,-0.025092,0.537798,0.03644,0.014897,-0.008169,-0.64508,0.300606,0.7025,0.216265,-0.809948,0.545171,0.73287,0.503606,0.457471,1.2e-05,-0.001441,-0.001296,6.3e-05,5.5e-05,6.3e-05,0.521916,0.082031,0.016023,-0.040299,-0.924293,0.068862,-0.375418,-0.152271,-0.968453,0.197256,-0.349992,0.239488,0.905621,0.013483,-0.001873,-0.001412,-2.071244,1.68413,4.736827,-0.768138
1234,0.133449,-0.017521,0.398978,-0.87464,0.178952,-0.450584,-0.304924,-0.925604,0.224168,-0.375862,0.333232,0.864703,0.013088,-0.003725,-0.002693,1.908061,-1.264623,1.083881,-1.908923,-0.166472,-0.012363,0.337044,0.727424,-0.153605,0.668769,-0.350932,0.754095,0.555087,-0.590476,-0.638274,0.493769,3.4e-05,-0.00423,-0.0038,-0.001804,0.014059,-0.02509,0.53784,0.036433,0.014889,-0.008224,-0.644995,0.30054,0.702606,0.21622,-0.810075,0.545,0.732959,0.503441,0.457512,1.7e-05,-0.001825,-0.001639,5.6e-05,4.3e-05,5.1e-05,0.521752,0.082216,0.015988,-0.040326,-0.926777,0.096804,-0.362921,-0.177318,-0.964533,0.195536,-0.331121,0.245571,0.911072,0.013371,-0.001956,-0.001534,0.219712,0.449307,-0.170475,-0.77222
1235,0.13392,-0.017565,0.398756,-0.872265,0.228507,-0.432417,-0.346215,-0.912983,0.2158,-0.344396,0.337654,0.876018,0.012965,0.004209,-0.013754,0.203319,0.319594,-0.000105,-1.906878,-0.166488,-0.012284,0.336772,0.72741,-0.153613,0.668781,-0.350549,0.754516,0.554757,-0.59072,-0.637775,0.494121,2e-05,-0.002531,-0.002276,-0.001804,0.014075,-0.025081,0.537654,0.036425,0.014923,-0.008364,-0.644979,0.300546,0.702619,0.21574,-0.810409,0.544694,0.733115,0.5029,0.457857,-0.000453,0.004785,-0.004838,0.036493,-0.00964,0.018718,0.522079,0.082451,0.015966,-0.040431,-0.927375,0.145914,-0.344504,-0.22095,-0.956681,0.189579,-0.301918,0.251929,0.919443,0.006465,0.00202,-0.006947,0.095162,0.533797,0.435633,-0.78463
1236,0.133964,-0.017349,0.398163,-0.865399,0.272923,-0.42029,-0.384623,-0.899361,0.207816,-0.320202,0.341152,0.883806,-0.000584,0.005127,-0.012933,-2.181679,1.362969,4.776083,-1.906713,-0.166479,-0.012034,0.336542,0.727542,-0.153713,0.668616,-0.349872,0.755047,0.554462,-0.59096,-0.637122,0.494676,-0.000922,0.0108,-0.008571,0.03645,-0.009683,0.018678,0.537599,0.03643,0.015041,-0.008479,-0.645074,0.300653,0.702485,0.214996,-0.810785,0.544429,0.733249,0.502229,0.458378,4e-06,5.6e-05,5.2e-05,2.7e-05,9e-06,4e-05,0.521752,0.082477,0.016067,-0.040731,-0.925578,0.185179,-0.330171,-0.255761,-0.948917,0.184774,-0.279089,0.255468,0.925659,-0.007019,0.007676,-0.011131,0.174742,0.141093,0.041544,-0.790182
1237,0.133891,-0.017155,0.397804,-0.859246,0.300228,-0.414253,-0.409785,-0.888645,0.20581,-0.305269,0.346218,0.887114,-0.000612,0.013675,-0.023575,0.222255,0.223054,0.135062,-1.906888,-0.166476,-0.011936,0.336464,0.72749,-0.153691,0.668677,-0.349739,0.755256,0.554261,-0.591103,-0.63688,0.494817,-0.000923,0.010851,-0.008523,0.036451,-0.009689,0.018674,0.537678,0.036431,0.015091,-0.008516,-0.645025,0.300621,0.702544,0.214812,-0.810962,0.544238,0.733347,0.501962,0.458514,3e-06,5e-05,4.4e-05,2.6e-05,1.6e-05,1.6e-05,0.521752,0.082447,0.016161,-0.040902,-0.920943,0.217259,-0.323513,-0.287263,-0.939448,0.186856,-0.263328,0.265018,0.92759,-0.000322,0.006716,-0.011874,0.154318,0.459905,0.581001,-0.789039
1238,0.133431,-0.016637,0.396954,-0.850122,0.336922,-0.404748,-0.44396,-0.871897,0.206562,-0.28225,0.35487,0.891308,-0.0276,0.016203,-0.021467,0.093566,0.060014,-0.021453,-1.905908,-0.166482,-0.011858,0.336425,0.728398,-0.149392,0.668663,-0.354066,0.753304,0.55417,-0.587392,-0.640211,0.494938,-1.1e-05,0.001309,0.001178,0.001805,-0.01411,0.025061,0.5374,0.036428,0.015133,-0.008541,-0.646799,0.296593,0.702625,0.219431,-0.809955,0.543895,0.730411,0.505968,0.458796,1e-06,1.3e-05,1e-05,5.4e-05,0.000103,0.00013,0.521589,0.082221,0.016419,-0.041333,-0.915255,0.254876,-0.312001,-0.323155,-0.926917,0.190772,-0.240576,0.27543,0.930731,-0.007014,0.007672,-0.01112,0.064573,0.001309,0.059165,-0.790182
1239,0.132681,-0.015904,0.396071,-0.837817,0.370691,-0.400869,-0.477457,-0.853553,0.208456,-0.263852,0.365579,0.892615,-0.013858,0.016369,-0.021547,0.051241,0.00985,0.020774,-1.90607,-0.16647,-0.011867,0.336443,0.730357,-0.150113,0.666362,-0.352439,0.752702,0.556022,-0.585938,-0.640748,0.495966,-0.0,3.1e-05,2.8e-05,-0.0,-0.0,0.0,0.537433,0.036434,0.015132,-0.008528,-0.648698,0.297719,0.700395,0.218038,-0.809023,0.545838,0.729143,0.506797,0.459898,1e-06,8e-06,8e-06,0.000182,0.000634,-0.000798,0.521752,0.081841,0.016785,-0.041775,-0.906468,0.289372,-0.307536,-0.35813,-0.912693,0.196807,-0.223736,0.288537,0.93096,-0.013572,0.009392,-0.009857,0.017215,0.028308,0.109445,-0.790672
1240,0.131892,-0.015015,0.395232,-0.822593,0.412804,-0.391124,-0.518267,-0.827289,0.216713,-0.233093,0.380456,0.894957,-0.013114,0.02067,-0.018642,0.005541,0.046959,0.015155,-1.906408,-0.166288,-0.011876,0.33646,0.730586,-0.150259,0.666076,-0.352216,0.752615,0.556281,-0.585785,-0.640817,0.496057,-0.0,1e-06,1e-06,0.0,0.0,0.0,0.537633,0.03652,0.015127,-0.00852,-0.648888,0.297896,0.700144,0.217867,-0.808901,0.546087,0.729025,0.506888,0.459985,-1e-06,-6e-06,-9e-06,3.6e-05,7.1e-05,1.7e-05,0.521916,0.081445,0.017223,-0.042199,-0.895296,0.332382,-0.296591,-0.40066,-0.89184,0.209981,-0.194718,0.306827,0.931633,-0.01316,0.016057,-0.013552,-0.110911,0.187358,0.016186,-0.79704
1241,0.131433,-0.014518,0.394776,-0.818622,0.426129,-0.385119,-0.530351,-0.81822,0.221847,-0.219563,0.385322,0.896296,-0.026806,0.020561,-0.018518,-0.279573,0.274193,0.316432,-1.906318,-0.166203,-0.011872,0.336456,0.730613,-0.150282,0.666042,-0.352181,0.75261,0.55631,-0.585773,-0.640817,0.496071,-2e-06,0.000277,0.00025,0.0,0.0,0.0,0.537536,0.036568,0.015129,-0.008523,-0.648924,0.297936,0.700093,0.217819,-0.808884,0.546132,0.729007,0.506892,0.460008,-3e-06,0.000188,0.000164,3.6e-05,3.2e-05,3.2e-05,0.521916,0.081221,0.017477,-0.042424,-0.89243,0.345362,-0.290332,-0.412786,-0.88475,0.216386,-0.18214,0.312954,0.932139,-0.013309,0.015049,-0.01422,-1.130011,0.9581,1.075688,-0.796224
1242,0.13033,-0.013463,0.393761,-0.808361,0.4489,-0.380904,-0.551557,-0.803698,0.223217,-0.204929,0.389967,0.897751,-0.026818,0.02879,-0.029326,0.098638,0.004763,-0.018627,-1.906334,-0.166064,-0.01186,0.336468,0.730817,-0.15041,0.665789,-0.351958,0.75256,0.556518,-0.585653,-0.640845,0.496177,-1e-06,8.7e-05,7.8e-05,0.0,0.0,0.0,0.537671,0.036637,0.015136,-0.008516,-0.649108,0.298105,0.69985,0.21762,-0.80879,0.54635,0.728902,0.506943,0.460119,-0.0,4.1e-05,3.5e-05,3.9e-05,2e-05,4e-06,0.522079,0.08068,0.017996,-0.042919,-0.884366,0.36927,-0.285543,-0.435614,-0.872689,0.220576,-0.167738,0.319457,0.932636,-0.02007,0.015379,-0.013895,0.054315,0.033771,0.100243,-0.803245
1243,0.129062,-0.012344,0.392644,-0.794835,0.472918,-0.380306,-0.576163,-0.784859,0.228046,-0.189655,0.399784,0.896789,-0.040352,0.02932,-0.028773,-0.546595,0.371044,-0.457792,-1.906605,-0.165926,-0.011841,0.336486,0.731823,-0.146164,0.66563,-0.35627,0.750426,0.556656,-0.581771,-0.644326,0.496236,-6e-06,0.000634,0.00057,-0.0,-0.0,-0.0,0.537384,0.036706,0.015144,-0.008508,-0.650978,0.294153,0.699786,0.22229,-0.807586,0.546251,0.725819,0.511153,0.460334,0.007063,0.000758,5.1e-05,-0.010328,0.082223,-0.143649,0.521916,0.080026,0.018574,-0.043496,-0.873505,0.394904,-0.284672,-0.461837,-0.857134,0.228091,-0.153928,0.330711,0.931093,-0.020187,0.014524,-0.014462,-0.624979,0.397981,-0.496867,-0.803082
1244,0.128339,-0.011779,0.391993,-0.788042,0.483049,-0.381706,-0.587641,-0.775065,0.232217,-0.1827,0.406697,0.895123,-0.040883,0.026222,-0.03086,-0.281377,-0.478574,-0.245519,-1.906425,-0.165852,-0.011831,0.336489,0.73279,-0.141899,0.665489,-0.360574,0.748287,0.556765,-0.577884,-0.647763,0.496303,-2e-06,0.000194,0.000174,-0.0,-0.0,-0.0,0.537394,0.036743,0.01515,-0.008506,-0.652812,0.290172,0.699739,0.22695,-0.806376,0.546123,0.722723,0.515322,0.460557,0.007066,0.000484,-0.000197,0.002176,-0.01504,0.029416,0.522079,0.079691,0.018842,-0.043795,-0.868035,0.406941,-0.284451,-0.474289,-0.849073,0.232645,-0.146848,0.336856,0.930033,-0.020273,0.018182,-0.020165,0.067453,-0.00413,0.0667,-0.805042
1245,0.126904,-0.010878,0.390768,-0.78049,0.494904,-0.382035,-0.600864,-0.762612,0.239495,-0.171851,0.415854,0.893062,-0.041634,0.013656,-0.023011,-0.035452,-0.10498,-0.132466,-1.906723,-0.165703,-0.011825,0.336494,0.732997,-0.142026,0.665234,-0.360348,0.748239,0.556975,-0.577763,-0.647789,0.49641,-1e-06,8.3e-05,7.4e-05,-0.0,-0.0,-0.0,0.537589,0.036818,0.015153,-0.008503,-0.652998,0.290346,0.699494,0.226743,-0.806284,0.546344,0.72262,0.515368,0.460669,0.0,3e-05,2.5e-05,0.000128,0.000103,6.6e-05,0.522242,0.078963,0.019305,-0.044423,-0.861993,0.418159,-0.286546,-0.487629,-0.838455,0.243329,-0.138506,0.349477,0.92665,-0.020724,0.011436,-0.016542,0.000533,-0.129562,-0.126424,-0.806348
1246,0.125123,-0.010133,0.389662,-0.763819,0.518036,-0.385052,-0.626246,-0.739259,0.247556,-0.155465,0.429577,0.889562,-0.055308,0.013947,-0.022709,-0.275575,-0.27384,-0.149872,-1.907098,-0.165554,-0.011819,0.3365,0.733114,-0.142104,0.665088,-0.360223,0.748205,0.557102,-0.577692,-0.647812,0.496462,-4e-06,0.000357,0.000321,0.0,0.0,0.0,0.537439,0.036892,0.015155,-0.008501,-0.653103,0.29045,0.699353,0.226629,-0.806226,0.546477,0.722561,0.515401,0.460724,-4e-06,0.000229,0.0002,8.1e-05,9.2e-05,2.4e-05,0.522569,0.078078,0.019676,-0.044977,-0.848342,0.443897,-0.288567,-0.514812,-0.818865,0.253824,-0.123626,0.363887,0.923201,-0.027395,0.012427,-0.015812,-0.541225,-0.405964,0.172404,-0.804878
1247,0.124123,-0.009817,0.389114,-0.746895,0.546137,-0.379378,-0.651852,-0.714096,0.255201,-0.130613,0.437223,0.889833,-0.055845,0.011329,-0.024527,-0.065906,0.001143,-0.036703,-1.906613,-0.165531,-0.011821,0.336523,0.73315,-0.142125,0.665043,-0.360212,0.748165,0.557162,-0.577653,-0.647853,0.496454,-1.5e-05,0.001411,0.001268,0.001807,-0.014103,0.025065,0.537507,0.036904,0.015152,-0.008491,-0.653136,0.290479,0.69931,0.226628,-0.806186,0.546537,0.722532,0.515447,0.460718,-8e-06,0.000694,0.000622,0.001875,-0.014053,0.025113,0.522242,0.077578,0.019839,-0.045248,-0.834378,0.47258,-0.28369,-0.541981,-0.79712,0.266185,-0.100341,0.375854,0.92123,-0.027715,0.010819,-0.016917,-0.141451,0.081317,0.300485,-0.805368
1248,0.121941,-0.0092,0.387798,-0.715846,0.594894,-0.365665,-0.692747,-0.670866,0.264597,-0.08702,0.441981,0.892809,-0.069915,0.018401,-0.036078,-0.508396,0.494731,1.33693,-1.907062,-0.165455,-0.011824,0.336569,0.733266,-0.142194,0.664901,-0.360139,0.74808,0.557323,-0.577551,-0.647936,0.496465,-1.3e-05,0.001157,0.00104,0.0,0.0,0.0,0.537524,0.036942,0.015151,-0.008467,-0.653241,0.290572,0.699172,0.226581,-0.806088,0.546701,0.722451,0.515547,0.460732,-8e-06,0.000748,0.000671,4.9e-05,3.5e-05,3.1e-05,0.522405,0.076493,0.020146,-0.045901,-0.808769,0.522744,-0.269498,-0.585246,-0.760627,0.28095,-0.058122,0.384947,0.921106,-0.028396,0.003031,-0.01411,-1.962484,1.602673,4.626959,-0.805532
1249,0.119568,-0.008773,0.386608,-0.686076,0.63545,-0.354329,-0.725554,-0.633742,0.268169,-0.053297,0.440276,0.896294,-0.056929,0.007271,-0.02754,-0.167273,0.473745,0.254964,-1.906782,-0.165316,-0.011812,0.336581,0.733382,-0.14227,0.664757,-0.360016,0.748046,0.557449,-0.577481,-0.647959,0.496517,-0.0,1.1e-05,1e-05,0.0,0.0,0.0,0.537552,0.037011,0.01516,-0.008459,-0.653346,0.290672,0.699033,0.226472,-0.806029,0.546832,0.722391,0.515583,0.460787,1e-06,-2.2e-05,-2.1e-05,4.2e-05,1.9e-05,1.4e-05,0.522242,0.075279,0.02036,-0.046514,-0.782157,0.567034,-0.258266,-0.622633,-0.727002,0.289474,-0.023618,0.387219,0.921684,-0.028471,0.003543,-0.013796,-0.16643,0.495543,0.252661,-0.806674
1250,0.117261,-0.008648,0.385635,-0.636429,0.696957,-0.330538,-0.771362,-0.572958,0.276933,0.004412,0.430343,0.90267,-0.057597,0.005039,-0.029243,0.08595,0.301089,0.001511,-1.906671,-0.165252,-0.01183,0.336573,0.733434,-0.142304,0.664692,-0.359969,0.748021,0.557513,-0.577444,-0.64798,0.496532,1e-05,-0.000854,-0.000768,0.0,0.0,0.0,0.537612,0.037043,0.015152,-0.008462,-0.653392,0.290717,0.698971,0.226434,-0.805996,0.546898,0.722361,0.51561,0.460804,7e-06,-0.000576,-0.000519,2e-05,1e-05,2.4e-05,0.522242,0.074148,0.020423,-0.046988,-0.73769,0.632971,-0.234861,-0.674213,-0.672451,0.305361,0.035351,0.383608,0.922818,-0.028706,0.00291,-0.014303,-0.130278,0.519245,0.280692,-0.812063
1251,0.116082,-0.008616,0.385118,-0.618072,0.718703,-0.318588,-0.785854,-0.553581,0.275596,0.022471,0.419805,0.907351,-0.057544,0.0058,-0.028798,0.35891,0.422775,0.029066,-1.906316,-0.16525,-0.011846,0.336586,0.733416,-0.142292,0.664715,-0.360022,0.74799,0.557521,-0.577435,-0.648019,0.496491,0.0,-1.2e-05,-1.1e-05,0.0,0.0,0.0,0.537616,0.037044,0.015142,-0.008458,-0.653376,0.290702,0.698993,0.226491,-0.805976,0.546903,0.722358,0.515649,0.460764,-1e-06,-0.0,0.0,2.1e-05,4e-06,1.8e-05,0.522405,0.073579,0.020437,-0.047242,-0.721213,0.655344,-0.224444,-0.690553,-0.654616,0.307593,0.054654,0.376831,0.924667,-0.028904,0.002237,-0.014818,0.377308,0.55083,0.188285,-0.815002
1252,0.113985,-0.008712,0.384289,-0.566829,0.766501,-0.302038,-0.821544,-0.498334,0.276948,0.062465,0.404163,0.912566,-0.058113,-0.003804,-0.019148,-0.086836,0.250308,0.31909,-1.906476,-0.16526,-0.011856,0.336605,0.733395,-0.142278,0.66474,-0.360076,0.747959,0.557528,-0.577426,-0.648058,0.496451,-0.0,4e-06,3e-06,0.0,0.0,0.0,0.537566,0.037039,0.015137,-0.008448,-0.653357,0.290685,0.699017,0.22655,-0.805957,0.546907,0.722356,0.515688,0.460723,-0.0,-2e-06,-3e-06,8e-06,1.1e-05,6e-06,0.522405,0.072509,0.02039,-0.047668,-0.674017,0.708841,-0.20795,-0.732371,-0.604393,0.313592,0.096603,0.363664,0.926507,-0.029122,-0.002248,-0.00978,-0.490536,0.52848,1.399132,-0.81092
1253,0.112007,-0.008851,0.383436,-0.522224,0.807651,-0.273911,-0.845279,-0.447466,0.291976,0.113893,0.383001,0.916715,-0.044632,-0.004648,-0.019929,-0.513823,0.757439,-0.494107,-1.906265,-0.165281,-0.011844,0.336618,0.733392,-0.142275,0.664744,-0.360081,0.747959,0.557524,-0.577427,-0.648058,0.496449,-2e-06,0.000135,0.000121,0.0,0.0,0.0,0.537394,0.037029,0.015143,-0.008441,-0.653354,0.290681,0.699021,0.226554,-0.805958,0.546902,0.722357,0.515688,0.460722,-1e-06,7.6e-05,6.9e-05,3e-06,5e-06,1e-05,0.522242,0.071498,0.020316,-0.048104,-0.631593,0.753755,-0.181497,-0.760579,-0.556985,0.333595,0.150358,0.34874,0.925079,-0.022301,-0.002292,-0.009893,-0.58179,0.782365,-0.52421,-0.807817
1254,0.111158,-0.008841,0.383006,-0.503265,0.822594,-0.26478,-0.853958,-0.426417,0.298156,0.132975,0.375137,0.917397,-0.030562,-0.003679,-0.019302,-1.443872,1.774283,4.806668,-1.905663,-0.16527,-0.011859,0.336618,0.733384,-0.142271,0.664754,-0.360105,0.747943,0.55753,-0.577422,-0.648078,0.49643,1e-06,-9.5e-05,-8.6e-05,0.0,0.0,0.0,0.537509,0.037034,0.015136,-0.008441,-0.653347,0.290676,0.699031,0.226581,-0.805948,0.546907,0.722355,0.515708,0.460703,2e-06,-7.6e-05,-6.7e-05,3e-06,9e-06,0.0,0.522242,0.071084,0.020318,-0.048314,-0.618089,0.766825,-0.173043,-0.767925,-0.541912,0.3415,0.168097,0.343961,0.923814,-0.021927,-0.000519,-0.00866,0.025317,0.053152,-0.084976,-0.807981
