frame,MLTx,MLTy,MLTz,MLTR1,MLTR2,MLTR3,MLTR4,MLTR5,MLTR6,MLTR7,MLTR8,MLTR9,MLTTVx,MLTTVy,MLTTVz,MLTRVx,MLTRVy,MLTRVz,MLGA,MRTx,MRTy,MRTz,MRTR1,MRTR2,MRTR3,MRTR4,MRTR5,MRTR6,MRTR7,MRTR8,MRTR9,MRTTVx,MRTTVy,MRTTVz,MRTRVx,MRTRVy,MRTRVz,MRGA,SLTx,SLTy,SLTz,SLTR1,SLTR2,SLTR3,SLTR4,SLTR5,SLTR6,SLTR7,SLTR8,SLTR9,SLTTVx,SLTTVy,SLTTVz,SLTRVx,SLTRVy,SLTRVz,SLGA,SRTx,SRTy,SRTz,SRTR1,SRTR2,SRTR3,SRTR4,SRTR5,SRTR6,SRTR7,SRTR8,SRTR9,SRTTVx,SRTTVy,SRTTVz,SRTRVx,SRTRVy,SRTRVz,SRGA
218,0.125832,-0.018945,0.300855,-0.082188,0.128274,-0.98835,-0.551583,-0.831785,-0.06214,-0.829971,0.539886,0.140347,0.013415,-0.000103,-0.020817,0.035652,-0.015372,0.021904,0.423347,-0.194524,-0.021027,0.311966,-0.14268,0.927517,0.345466,-0.425423,-0.372504,0.824736,0.893804,-0.030463,0.447269,-0.014062,0.008506,0.010162,-2.09955,-5.097145,-2.5417,-1.403934,0.030572,0.032996,-0.013966,0.096532,-0.934711,0.342047,0.445864,0.347853,0.824744,-0.889879,0.072892,0.450333,-0.014345,0.004218,0.005241,-2.046082,-5.065083,-2.565613,-0.899529,0.061369,0.033064,-0.067722,0.103926,-0.123456,-0.986892,0.513564,0.856409,-0.053052,0.851734,-0.501319,0.152406,0.014063,-0.00593,-0.006428,0.002376,-0.014084,0.034844,-0.04574
219,0.127182,-0.019107,0.30041,-0.080138,0.129475,-0.988362,-0.551277,-0.831822,-0.064324,-0.830377,0.539542,0.139267,0.044401,-0.006955,-0.006601,0.002481,-0.028691,0.064337,0.427098,-0.19519,-0.020649,0.312131,-0.269679,0.905187,0.328482,-0.376714,-0.412989,0.829132,0.8865,0.098714,0.451926,-0.015013,0.014557,-0.003523,-0.079668,-0.863094,0.456779,-1.403674,0.03024,0.033184,-0.013876,0.23002,-0.916483,0.327336,0.396533,0.39543,0.828489,-0.888735,-0.06077,0.454373,-0.007133,0.001432,0.00178,-2.001932,-5.082513,-2.57877,-0.90704,0.062025,0.032977,-0.067952,0.102036,-0.124689,-0.986934,0.513261,0.856459,-0.05514,0.852144,-0.500929,0.151387,0.02235,-0.002777,-0.002496,0.003531,-0.044111,0.088583,0.259776
220,0.129097,-0.018904,0.300136,-0.079541,0.130114,-0.988326,-0.55084,-0.832039,-0.06526,-0.830726,0.539053,0.139083,0.061047,0.009413,-0.008224,0.039596,-0.090237,0.159292,0.448657,-0.195674,-0.020308,0.312016,-0.393976,0.86563,0.308962,-0.333124,-0.447656,0.829799,0.857085,0.222903,0.464307,-0.015271,0.011423,-0.006901,-1.472547,-5.018518,-2.594633,-1.403884,0.029992,0.033355,-0.013933,0.35196,-0.885024,0.30472,0.356835,0.427833,0.830437,-0.865327,-0.183547,0.466388,-0.000312,0.005437,-0.004149,0.248796,-0.723584,-0.354401,-0.915042,0.062994,0.033075,-0.068092,0.101497,-0.125345,-0.986907,0.512814,0.856667,-0.056063,0.852478,-0.50041,0.151228,0.023055,0.005444,-0.003515,0.039088,-0.061973,0.108343,0.376529
221,0.130281,-0.018688,0.300011,-0.080018,0.130123,-0.988287,-0.550566,-0.832236,-0.065053,-0.830861,0.538745,0.139465,0.061383,0.011576,-0.005781,0.039608,-0.090159,0.159267,0.459158,-0.195829,-0.020124,0.311861,-0.447441,0.844201,0.295147,-0.319605,-0.459054,0.828888,0.835783,0.275478,0.474807,-0.000625,0.010063,-0.009333,0.614905,-2.30868,1.825777,-1.403667,0.02991,0.033442,-0.014007,0.408368,-0.864331,0.293543,0.340048,0.44248,0.829806,-0.847114,-0.239047,0.474609,-0.007547,0.004617,-0.004738,-1.514795,-4.849818,-2.770882,-0.916511,0.063563,0.03318,-0.068151,0.102123,-0.125248,-0.986855,0.512536,0.856856,-0.055711,0.852571,-0.500109,0.151699,0.030686,0.005706,-0.003018,0.040967,-0.093677,0.164627,0.402656
222,0.13293,-0.018168,0.299802,-0.09204,0.125329,-0.987859,-0.550882,-0.832792,-0.054383,-0.82939,0.539029,0.146921,0.061541,0.013506,-0.003753,-0.380261,1.399356,-2.131846,0.479079,-0.195989,-0.019809,0.311468,-0.542072,0.795927,0.269536,-0.29692,-0.481345,0.824669,0.786783,0.365989,0.496879,-0.000862,0.007377,-0.012221,0.468796,-0.614435,0.110076,-1.403764,0.029829,0.033603,-0.014206,0.508035,-0.819471,0.265265,0.319665,0.465357,0.825382,-0.79982,-0.334528,0.498374,-0.000448,0.0039,-0.005846,0.631987,-1.145817,0.571072,-0.924186,0.064883,0.033444,-0.068251,0.111407,-0.121147,-0.986362,0.512537,0.857355,-0.047412,0.851407,-0.500265,0.157607,0.03847,0.011864,-0.006321,0.078868,-0.224904,0.368933,0.436783
223,0.136058,-0.017432,0.29948,-0.111409,0.117367,-0.986843,-0.551288,-0.833479,-0.036944,-0.826718,0.539769,0.158788,0.076897,0.025545,-0.010786,-0.34456,1.258401,-1.909579,0.488905,-0.195884,-0.019672,0.310925,-0.63458,0.734449,0.240591,-0.281115,-0.50919,0.813408,0.7207,0.447604,0.529251,0.013549,0.003434,-0.01745,-0.649014,-7.08488,-1.074838,-1.403609,0.029877,0.033672,-0.014468,0.59577,-0.766705,0.239207,0.306931,0.492574,0.814348,-0.742192,-0.411745,0.528787,-0.000391,0.001401,-0.008434,-0.402976,-5.480398,-3.129571,-0.930391,0.066435,0.033804,-0.068405,0.130625,-0.112169,-0.985065,0.512684,0.858062,-0.029723,0.848582,-0.501145,0.169592,0.038212,0.006657,-0.002,0.003009,0.028422,-0.015667,0.461114
224,0.137709,-0.017025,0.29929,-0.11903,0.114317,-0.986311,-0.551299,-0.833746,-0.030156,-0.825639,0.540016,0.163492,0.091653,0.024478,-0.011904,0.042515,-0.108051,0.196251,0.487774,-0.195771,-0.019695,0.31065,-0.680903,0.695895,0.228238,-0.269476,-0.527697,0.805514,0.681839,0.486085,0.546516,0.013479,0.002584,-0.018384,0.404904,-2.366661,-0.86974,-1.404009,0.029933,0.033661,-0.014613,0.649182,-0.72691,0.223971,0.295175,0.512134,0.806591,-0.701023,-0.457514,0.547034,-0.000184,-0.004789,-0.004897,-0.370837,-5.776465,-3.482103,-0.92043,0.06729,0.034018,-0.068503,0.140365,-0.107643,-0.98423,0.512599,0.858376,-0.020775,0.847076,-0.5016,0.175664,0.04571,0.006777,-0.001805,-0.095517,0.363536,-0.522792,0.466339
225,0.141345,-0.016106,0.298881,-0.132183,0.109214,-0.985213,-0.550868,-0.834367,-0.018638,-0.823908,0.540119,0.171678,0.091427,0.025826,-0.0108,0.073661,-0.122345,0.217128,0.477717,-0.195422,-0.019704,0.309945,-0.770922,0.610708,0.180847,-0.25707,-0.557967,0.789001,0.583718,0.560987,0.586882,0.013244,-0.00024,-0.02149,0.802139,-1.578334,0.141384,-1.40411,0.030107,0.033658,-0.014962,0.743926,-0.644432,0.176863,0.283101,0.543657,0.79012,-0.605332,-0.537721,0.58688,-0.000748,0.000164,-0.00994,0.820583,-2.955931,-0.308308,-0.916838,0.069108,0.034477,-0.068706,0.153264,-0.101931,-0.982913,0.511969,0.858954,-0.009245,0.84522,-0.501804,0.183832,0.045753,0.013088,-0.005249,0.064732,-0.00991,0.04375,0.463073
226,0.145008,-0.015248,0.29848,-0.142625,0.105349,-0.984177,-0.549752,-0.835254,-0.009793,-0.822899,0.539522,0.178269,0.090805,0.024498,-0.012791,-0.054363,0.42325,-0.615851,0.470384,-0.194962,-0.019803,0.308919,-0.836397,0.529602,0.141251,-0.245022,-0.591595,0.768058,0.491376,0.607113,0.62436,0.012703,-0.006766,-0.0287,0.833745,-2.502977,-0.741432,-1.403979,0.030342,0.033613,-0.015478,0.812998,-0.565987,0.136715,0.272604,0.577463,0.76956,-0.514509,-0.588383,0.623767,0.006323,-0.003643,-0.014635,0.714161,-2.495502,-0.743522,-0.915695,0.07094,0.03491,-0.068902,0.162486,-0.098094,-0.981822,0.510693,0.859762,-0.001382,0.844269,-0.501185,0.189795,0.045304,0.006476,-0.00263,-0.385016,1.480865,-2.224381,0.450336
227,0.14684,-0.014908,0.298289,-0.144028,0.105138,-0.983995,-0.549114,-0.835683,-0.008971,-0.823079,0.538899,0.17932,0.105107,0.010845,-0.007669,0.038351,-0.009167,0.057614,0.464868,-0.194652,-0.019952,0.308289,-0.876369,0.465402,0.123981,-0.219251,-0.614488,0.757805,0.429969,0.636335,0.640366,0.012461,-0.009852,-0.032173,0.768944,-2.497085,-0.791345,-1.404537,0.030492,0.033541,-0.01578,0.854904,-0.504654,0.120262,0.247909,0.601034,0.759801,-0.455718,-0.619743,0.638934,0.006122,-0.005415,-0.016113,0.308202,-5.753863,-3.722046,-0.914878,0.071851,0.035088,-0.068997,0.164625,-0.097437,-0.981531,0.51,0.860174,0.000149,0.844273,-0.500605,0.191299,0.045189,0.006327,-0.002906,0.038938,-0.014179,0.058187,0.445438
228,0.150471,-0.014583,0.298017,-0.149946,0.10663,-0.98295,-0.548563,-0.836063,-0.007068,-0.822383,0.538014,0.185082,0.089774,0.009994,-0.009192,0.039656,0.104917,0.127513,0.455968,-0.193775,-0.020368,0.306673,-0.926939,0.363701,0.092182,-0.179711,-0.645773,0.742034,0.330574,0.670784,0.663802,0.0262,-0.005991,-0.049679,0.442406,-1.018605,0.166571,-1.40438,0.030934,0.033331,-0.016598,0.911602,-0.401582,0.087815,0.208626,0.636043,0.742915,-0.354196,-0.658923,0.663599,0.013105,-0.003284,-0.02525,0.367087,-0.999209,0.171744,-0.914878,0.073673,0.035251,-0.069132,0.170536,-0.098653,-0.9804,0.509356,0.860553,0.002007,0.843488,-0.499715,0.197004,0.044752,-0.00124,-0.001363,0.005114,0.167783,0.109027,0.434007
229,0.153962,-0.0149,0.297932,-0.155068,0.108578,-0.981942,-0.549089,-0.835727,-0.005752,-0.821074,0.538143,0.190437,0.089045,-0.01666,0.001618,-0.033393,0.061658,0.010886,0.444621,-0.192665,-0.021046,0.304811,-0.956028,0.285649,0.066383,-0.148043,-0.665154,0.731838,0.254409,0.689458,0.678076,0.026499,-0.022263,-0.047766,0.394631,-0.499485,0.030682,-1.404315,0.031479,0.033,-0.017513,0.943582,-0.32518,0.06253,0.177349,0.655734,0.733866,-0.279642,-0.681374,0.676409,0.020748,-0.010904,-0.024209,0.528469,-0.93459,-0.015147,-0.907857,0.075419,0.035104,-0.069176,0.175832,-0.100746,-0.979251,0.509893,0.860232,0.003054,0.842075,-0.499851,0.202626,0.044485,-0.008648,0.000381,-0.03752,0.034809,-0.005316,0.417678
230,0.157147,-0.015529,0.298009,-0.159167,0.114137,-0.980655,-0.550495,-0.834785,-0.007864,-0.819342,0.538448,0.196923,0.074312,-0.015507,0.002663,-0.034061,0.101484,-0.002305,0.441983,-0.191475,-0.021965,0.302991,-0.978714,0.200825,0.042189,-0.107003,-0.674376,0.730549,0.176399,0.710219,0.681421,0.027362,-0.032326,-0.038985,-0.43555,-6.022171,-1.650315,-1.405274,0.032072,0.032535,-0.018436,0.968341,-0.246203,0.041219,0.138442,0.667059,0.732028,-0.207723,-0.703147,0.680026,0.020892,-0.010725,-0.024313,0.035109,-0.299773,0.239994,-0.903774,0.077017,0.034785,-0.069144,0.180171,-0.106197,-0.977885,0.511381,0.859353,0.000895,0.840253,-0.500234,0.209138,0.037134,-0.00793,0.001074,-0.038861,0.074538,-0.018965,0.408371
231,0.158631,-0.015874,0.298102,-0.16115,0.116914,-0.980004,-0.551335,-0.83422,-0.008916,-0.818388,0.538724,0.200114,0.074439,-0.025919,0.011489,-0.066289,0.284053,0.089674,0.441494,-0.19078,-0.022439,0.302097,-0.986411,0.160875,0.033218,-0.085966,-0.677262,0.730657,0.141288,0.717659,0.681812,0.027046,-0.01881,-0.044701,0.016607,-0.350558,-0.356878,-1.405323,0.032409,0.032296,-0.01887,0.978783,-0.202775,0.029388,0.116901,0.67046,0.732677,-0.168273,-0.713697,0.67994,0.021145,-0.014929,-0.018582,-0.196795,-4.199265,-3.526868,-0.900835,0.077786,0.034604,-0.069099,0.181949,-0.108114,-0.977346,0.512215,0.858857,0.00035,0.839362,-0.500675,0.211646,0.037217,-0.012952,0.005695,-0.059825,0.338681,0.124096,0.407391
232,0.161381,-0.016589,0.298381,-0.164764,0.122554,-0.978713,-0.553229,-0.832937,-0.011219,-0.816383,0.539447,0.206257,0.05977,-0.024164,0.01342,-0.066338,0.338779,0.085525,0.424332,-0.189501,-0.023245,0.300735,-0.996568,0.081214,0.015718,-0.043878,-0.67886,0.73291,0.071453,0.729591,0.68004,0.043424,-0.021925,-0.028789,-0.007107,-0.381599,-0.30122,-1.405198,0.033052,0.031878,-0.019584,0.992364,-0.122745,0.012073,0.074394,0.673779,0.735177,-0.098374,-0.728666,0.677766,0.013907,-0.005701,-0.018311,0.03378,-1.320768,-0.976622,-0.891854,0.079139,0.034255,-0.068966,0.185513,-0.113184,-0.976101,0.514138,0.857705,-0.001741,0.837404,-0.501528,0.217307,0.037338,-0.00653,0.002489,-0.011027,0.353511,0.395466,0.397267
233,0.163801,-0.01752,0.298831,-0.169688,0.125536,-0.977493,-0.540972,-0.840905,-0.014139,-0.82355,0.526237,0.211821,0.059756,-0.02582,0.011335,-0.066117,0.068797,0.112888,0.367498,-0.188088,-0.024,0.299742,-0.999987,-0.000904,-0.004156,-0.00255,-0.679311,0.733802,-0.00222,0.733793,0.67927,0.043902,-0.017718,-0.024181,0.003029,-0.367812,-0.325972,-1.405305,0.033759,0.031503,-0.020078,0.999129,-0.041013,-0.007568,0.033325,0.67602,0.736129,-0.025075,-0.73574,0.676798,0.014504,-0.008213,-0.010801,0.008552,-1.221781,-1.139701,-0.891201,0.080349,0.033794,-0.068736,0.191203,-0.116949,-0.974558,0.50161,0.865077,-0.005398,0.843699,-0.487816,0.224068,0.029917,-0.012365,0.006251,-0.073612,0.152263,-0.034293,0.347627
234,0.164856,-0.018143,0.29915,-0.172332,0.126555,-0.976898,-0.532713,-0.846133,-0.015694,-0.828365,0.517541,0.21445,0.05991,-0.037201,0.019127,-0.102309,0.002283,0.077595,0.323344,-0.187406,-0.024363,0.299357,-0.99948,-0.03023,-0.010843,0.012453,-0.678842,0.734133,-0.028287,0.733643,0.678845,0.044735,-0.027356,-0.014391,-0.033237,-0.036018,-0.008868,-1.405251,0.034117,0.031317,-0.020277,0.999836,-0.01128,-0.01411,0.018022,0.676191,0.736506,0.001233,-0.736639,0.676284,0.02243,-0.013489,-0.007017,-0.031508,-0.022123,-0.008217,-0.889405,0.080877,0.033486,-0.06858,0.193959,-0.117973,-0.973889,0.493131,0.869925,-0.007167,0.848056,-0.478866,0.226906,0.02246,-0.018553,0.009694,-0.11004,-0.007724,-0.000825,0.300436
235,0.16658,-0.019699,0.300033,-0.180555,0.133458,-0.974492,-0.517329,-0.855503,-0.021366,-0.836315,0.500104,0.224721,0.045166,-0.036337,0.020285,-0.098531,0.250887,0.196657,0.184568,-0.185958,-0.025102,0.298768,-0.995684,-0.088835,-0.026715,0.040544,-0.676758,0.735043,-0.082114,0.730889,0.677438,0.045197,-0.022734,-0.00914,0.010745,-1.255389,-1.063721,-1.405403,0.034824,0.030955,-0.02057,0.998517,0.045544,-0.029811,-0.008784,0.675292,0.737498,0.053719,-0.736142,0.67469,0.014482,-0.006011,-0.008287,0.131035,-4.121515,-3.684207,-0.887935,0.081744,0.032706,-0.068141,0.202122,-0.123854,-0.971497,0.477278,0.87866,-0.012719,0.855191,-0.461103,0.236709,0.015119,-0.023816,0.014232,-0.130451,0.36786,0.2047,0.153311
236,0.167789,-0.021628,0.301281,-0.189046,0.143254,-0.971486,-0.502914,-0.863814,-0.029567,-0.843191,0.482802,0.236555,0.01565,-0.056691,0.039389,-0.171664,0.298295,0.093991,0.013157,-0.184438,-0.025644,0.298386,-0.984994,-0.164325,-0.052681,0.072852,-0.673261,0.735762,-0.155121,0.72108,0.675162,0.044898,-0.007094,-0.012097,0.010677,-0.156228,-0.021837,-1.405409,0.035584,0.030678,-0.02076,0.990845,0.123067,-0.055503,-0.042243,0.673098,0.738345,0.128224,-0.729241,0.672135,0.015287,-0.009085,-0.001359,0.001024,-0.515629,-0.107702,-0.887772,0.08236,0.031747,-0.067527,0.211237,-0.133817,-0.968231,0.4626,0.886304,-0.021569,0.861034,-0.443347,0.249123,0.00775,-0.022665,0.015714,-0.139638,0.315445,0.129531,-0.091625
237,0.168199,-0.023914,0.302941,-0.19463,0.163795,-0.967127,-0.484384,-0.873381,-0.050493,-0.852706,0.458425,0.25053,0.000895,-0.06615,0.04987,-0.197098,0.667121,0.25629,-0.083578,-0.182839,-0.026077,0.298316,-0.971059,-0.226682,-0.075172,0.099239,-0.669675,0.735949,-0.215932,0.707466,0.672851,0.046044,-0.011481,0.003977,0.077503,-1.432435,-0.872309,-1.40565,0.036383,0.030459,-0.020806,0.979807,0.18434,-0.077437,-0.067817,0.670728,0.738596,0.188092,-0.71843,0.669686,0.015247,-0.005611,0.0027,0.318411,-4.842693,-2.864938,-0.889242,0.08257,0.030628,-0.066718,0.216415,-0.152347,-0.964341,0.443605,0.895243,-0.041878,0.8697,-0.418723,0.261326,0.000396,-0.033537,0.024395,-0.185512,0.849321,0.374745,-0.243649
238,0.168145,-0.025188,0.30387,-0.191603,0.177413,-0.965328,-0.472391,-0.878761,-0.067796,-0.860089,0.442797,0.253384,0.000827,-0.067047,0.048879,0.301918,0.409891,0.264777,-0.125957,-0.182074,-0.026289,0.298466,-0.961922,-0.260454,-0.082826,0.116964,-0.666532,0.736199,-0.245728,0.698798,0.671686,0.031075,-0.008954,0.008212,0.367396,-4.658277,-3.072701,-1.405794,0.036772,0.030353,-0.020732,0.973092,0.214449,-0.084276,-0.083361,0.668638,0.738899,0.214806,-0.711992,0.668524,0.02352,-0.009501,0.008173,-0.25737,-1.930929,2.070612,-0.887445,0.082549,0.029998,-0.066253,0.214825,-0.167478,-0.962185,0.433307,0.899261,-0.059782,0.875268,-0.404079,0.265753,0.000313,-0.033644,0.024237,5.371566,0.664253,-0.3517,-0.284961
239,0.16779,-0.027972,0.305907,-0.180757,0.212571,-0.960305,-0.44903,-0.886483,-0.111765,-0.874834,0.410734,0.256884,-0.014318,-0.066358,0.050059,0.052899,0.135606,1.28245,-0.230491,-0.180602,-0.026745,0.298892,-0.944633,-0.31633,-0.087151,0.1523,-0.658261,0.737178,-0.289357,0.68348,0.670067,0.03185,-0.019882,0.016556,0.076077,-1.232765,-1.090597,-1.4057,0.037496,0.030145,-0.020519,0.958428,0.271036,-0.089184,-0.118413,0.662196,0.739914,0.259601,-0.698594,0.666762,0.0156,-0.003916,0.004728,-0.038654,0.04326,-0.131057,-0.882383,0.082378,0.028609,-0.065239,0.207299,-0.199867,-0.957642,0.408727,0.907068,-0.100836,0.888801,-0.370511,0.269725,0.000385,-0.033342,0.024698,-0.044075,0.099898,0.385092,-0.362197
240,0.167049,-0.030763,0.308056,-0.172057,0.245386,-0.954058,-0.421258,-0.893761,-0.153963,-0.890273,0.375104,0.258336,-0.029581,-0.065432,0.051476,5.085967,0.992686,-0.628488,-0.30795,-0.179426,-0.027284,0.299485,-0.930267,-0.354777,-0.09342,0.174131,-0.651368,0.738466,-0.321656,0.671143,0.667808,0.031255,-0.005727,0.011947,-0.029317,-0.044119,0.056224,-1.405891,0.038096,0.029861,-0.020217,0.944076,0.315669,-0.095246,-0.144367,0.655436,0.741324,0.29644,-0.686117,0.664353,0.016017,-0.008554,0.009895,-0.064314,-0.0341,-0.006544,-0.879934,0.082007,0.027184,-0.064143,0.197475,-0.237106,-0.951201,0.386751,0.910448,-0.146656,0.900792,-0.338917,0.271491,-0.007153,-0.038401,0.029587,-0.217037,0.341899,0.742539,-0.435025
241,0.166517,-0.032174,0.309173,-0.169658,0.261392,-0.950229,-0.411095,-0.895036,-0.172867,-0.895471,0.360976,0.260489,-0.029656,-0.065168,0.051797,1.376193,0.455144,0.355626,-0.330204,-0.178968,-0.027477,0.299825,-0.923847,-0.371172,-0.093428,0.185285,-0.647529,0.739127,-0.333664,0.66599,0.667075,0.016162,-0.004758,0.014403,-0.043609,0.074997,-0.142128,-1.405861,0.038331,0.029764,-0.020047,0.938366,0.332241,-0.095315,-0.155523,0.652119,0.741992,0.308677,-0.681437,0.663597,0.00809,-0.002412,0.007152,-0.028519,-0.047849,0.008537,-0.879281,0.081731,0.026455,-0.063565,0.196911,-0.252625,-0.947314,0.372169,0.91317,-0.16616,0.907036,-0.319843,0.273832,-0.014862,-0.032591,0.0259,1.387613,0.475163,0.353364,-0.461478
242,0.165136,-0.034907,0.311294,-0.162747,0.28914,-0.943375,-0.395742,-0.894926,-0.206075,-0.90364,0.33943,0.261245,-0.029969,-0.06638,0.050412,-0.186961,-0.143227,0.599102,-0.352923,-0.17832,-0.027768,0.300469,-0.909873,-0.403811,-0.095177,0.206348,-0.639726,0.740342,-0.358685,0.654479,0.665481,0.016149,-0.004937,0.014164,-0.032501,-0.019947,0.035116,-1.405554,0.038656,0.029623,-0.019721,0.925799,0.365419,-0.096772,-0.176955,0.645158,0.743275,0.334039,-0.670999,0.661949,0.000502,-0.00277,0.007387,-0.048356,0.116849,-0.188669,-0.880424,0.081051,0.025115,-0.062521,0.192207,-0.280866,-0.940303,0.356803,0.912594,-0.199655,0.914192,-0.297128,0.275621,-0.022602,-0.038635,0.02962,-0.196585,-0.15901,0.473882,-0.491034
243,0.163316,-0.03741,0.313229,-0.153769,0.308449,-0.938755,-0.387671,-0.892663,-0.22986,-0.908707,0.328194,0.258009,-0.045584,-0.066499,0.050464,0.077146,-0.522707,1.018518,-0.339832,-0.178154,-0.027801,0.300977,-0.898023,-0.429231,-0.096466,0.222093,-0.631811,0.74258,-0.378541,0.645964,0.662798,0.001062,-0.003734,0.016903,-0.238179,-1.749717,1.881634,-1.40577,0.038745,0.029602,-0.019464,0.915161,0.391227,-0.097058,-0.19352,0.637659,0.745614,0.353594,-0.663575,0.659271,0.00054,-0.001798,0.008539,-0.233087,-1.747824,1.883092,-0.878627,0.080147,0.023864,-0.061554,0.184227,-0.299714,-0.936072,0.349351,0.910151,-0.22266,0.918702,-0.285997,0.27238,-0.022876,-0.028126,0.02062,0.758196,-1.334639,2.407943,-0.495606
244,0.161396,-0.039666,0.314845,-0.147463,0.320047,-0.935879,-0.371203,-0.894914,-0.247605,-0.9166,0.310485,0.251933,-0.061513,-0.05718,0.040206,-0.087561,-0.166202,0.31854,-0.330914,-0.178261,-0.027564,0.301427,-0.88838,-0.449026,-0.095641,0.235549,-0.624821,0.744345,-0.392855,0.639293,0.660933,0.00034,0.008756,0.010306,0.001504,-0.014835,0.024662,-1.405737,0.038691,0.029721,-0.019239,0.906326,0.41129,-0.097013,-0.20656,0.631467,0.747383,0.368651,-0.657334,0.657272,0.000176,0.004463,0.005257,0.006909,-0.012806,0.026515,-0.887282,0.079193,0.022734,-0.06074,0.177462,-0.311803,-0.933426,0.332946,0.911574,-0.241204,0.926095,-0.267976,0.265583,-0.023094,-0.028802,0.019808,0.131729,-0.395327,0.744005,-0.485972
245,0.160445,-0.040746,0.31554,-0.143518,0.325105,-0.934749,-0.362066,-0.896244,-0.256179,-0.920875,0.301264,0.247499,-0.046456,-0.059287,0.037544,-0.128443,-0.06018,0.132428,-0.332129,-0.178423,-0.027448,0.301642,-0.886223,-0.45286,-0.09756,0.235979,-0.622749,0.745943,-0.397432,0.638614,0.658849,-0.014815,0.007365,0.009983,-0.020871,0.108252,-0.170482,-1.405818,0.03861,0.029781,-0.019128,0.904343,0.415173,-0.098958,-0.206947,0.629324,0.749081,0.373275,-0.656948,0.655044,-0.007408,0.003678,0.004994,0.001771,0.114388,-0.171655,-0.888099,0.078712,0.022196,-0.06039,0.173524,-0.317155,-0.932363,0.323883,0.912441,-0.2501,0.930047,-0.258578,0.261051,-0.023295,-0.024376,0.014336,-0.005323,0.053666,-0.05896,-0.484992
246,0.158784,-0.042774,0.316713,-0.130155,0.340001,-0.931399,-0.347175,-0.895496,-0.278437,-0.928578,0.286691,0.235751,-0.031548,-0.050911,0.025859,-0.132443,-0.085167,0.171155,-0.334968,-0.178754,-0.027394,0.302072,-0.883511,-0.458535,-0.09563,0.240905,-0.620126,0.746554,-0.400496,0.637123,0.658438,0.000181,0.00451,0.005284,-2e-06,1e-06,1e-06,-1.405992,0.038445,0.029811,-0.01891,0.901917,0.420883,-0.096955,-0.212038,0.62705,0.749564,0.376275,-0.655488,0.654791,-0.007076,-0.003251,0.007461,-0.048478,0.115584,-0.191431,-0.888588,0.077875,0.021179,-0.059799,0.16082,-0.332643,-0.929238,0.309386,0.911031,-0.272581,0.937238,-0.243657,0.249427,-0.023458,-0.02473,0.013865,-0.140183,0.010782,-0.009423,-0.485155
247,0.157513,-0.044552,0.317565,-0.11589,0.351725,-0.928926,-0.337456,-0.893489,-0.296264,-0.934051,0.278695,0.223393,-0.031817,-0.040592,0.016568,-0.079682,-0.03332,0.071273,-0.388633,-0.179065,-0.027617,0.302508,-0.877742,-0.469298,-0.096541,0.247287,-0.616515,0.747457,-0.409178,0.632787,0.65728,0.000869,-0.008534,0.011207,-0.033364,-0.013813,-0.002114,-1.406053,0.03829,0.029704,-0.018695,0.896613,0.431875,-0.097818,-0.218562,0.623731,0.750459,0.385117,-0.651492,0.653637,-0.007149,-0.005075,0.005323,-0.033958,-0.005514,-0.077469,-0.892508,0.07724,0.020284,-0.059372,0.146935,-0.344948,-0.927049,0.300118,0.908588,-0.290511,0.942517,-0.235538,0.237028,-0.008147,-0.020184,0.008394,-0.013561,-0.220642,0.465676,-0.504423
248,0.156976,-0.04528,0.317883,-0.114043,0.35476,-0.928001,-0.333522,-0.893504,-0.300643,-0.935693,0.274776,0.221371,-0.031744,-0.028172,0.009774,-0.068459,-0.025531,0.053754,-0.414599,-0.179188,-0.027793,0.302664,-0.877475,-0.46943,-0.09831,0.245906,-0.616528,0.747902,-0.410579,0.632676,0.656514,-0.014344,-0.011253,0.009338,-0.03893,0.021922,-0.042102,-1.405863,0.038234,0.029619,-0.018614,0.896342,0.432009,-0.099688,-0.217103,0.62372,0.750891,0.38657,-0.651413,0.652857,0.000376,-0.005583,0.00407,-0.049758,0.103982,-0.17476,-0.893651,0.076959,0.019901,-0.059212,0.145313,-0.348145,-0.926109,0.296376,0.908377,-0.294976,0.943951,-0.231613,0.235181,-0.015882,-0.014064,0.004937,-0.072419,-0.0213,0.049757,-0.526958
249,0.156088,-0.046368,0.318307,-0.113073,0.357118,-0.927214,-0.330315,-0.89358,-0.30394,-0.936948,0.271455,0.220154,-0.016142,-0.027034,0.010986,-0.073084,0.052938,-0.09232,-0.419849,-0.1794,-0.028004,0.30285,-0.877465,-0.469654,-0.097324,0.246368,-0.615643,0.748479,-0.410324,0.633372,0.656002,2.7e-05,0.000629,0.000735,-0.0,0.0,0.0,-1.406137,0.038122,0.029504,-0.018523,0.896363,0.432217,-0.098592,-0.217653,0.622806,0.751491,0.386211,-0.65215,0.652334,8e-06,0.00029,0.000342,-5.6e-05,0.000509,0.000277,-0.898549,0.076521,0.019365,-0.059005,0.14442,-0.350582,-0.925329,0.293223,0.908294,-0.298364,0.945072,-0.228238,0.233975,-0.008074,-0.008,0.001323,-0.03322,-0.052128,0.101652,-0.546716
250,0.155501,-0.046851,0.318431,-0.115296,0.355152,-0.927696,-0.331152,-0.894189,-0.301225,-0.936378,0.272032,0.221859,-0.015888,-0.013516,0.005505,-0.043082,0.133071,-0.249648,-0.418759,-0.179594,-0.027945,0.302857,-0.877454,-0.469965,-0.095913,0.247483,-0.615082,0.748572,-0.409677,0.633687,0.656102,4e-05,0.000923,0.001079,-0.0,0.0,0.0,-1.405874,0.038025,0.029532,-0.018522,0.896378,0.432506,-0.097178,-0.21878,0.622296,0.751586,0.385539,-0.652444,0.652437,-0.000354,0.006143,-0.003406,0.036389,-0.010895,0.018112,-0.901325,0.076227,0.019118,-0.058943,0.146458,-0.348608,-0.925754,0.294062,0.908883,-0.295733,0.944498,-0.228917,0.235626,-0.000151,-0.001317,-0.001534,-0.000752,-0.000214,0.000143,-0.549982
251,0.155346,-0.04683,0.31836,-0.119045,0.352919,-0.928074,-0.325525,-0.896878,-0.299358,-0.937876,0.26603,0.222807,-5e-06,-4.5e-05,-5.3e-05,0.461612,0.148897,-0.110821,-0.417864,-0.179697,-0.02769,0.302957,-0.877447,-0.470313,-0.09426,0.248856,-0.61455,0.748554,-0.408862,0.633945,0.65636,0.000241,0.005605,0.006541,0.001772,-0.014927,0.024585,-1.405989,0.037973,0.029652,-0.01848,0.896396,0.432841,-0.095503,-0.220182,0.621817,0.751574,0.384697,-0.65268,0.652698,0.000117,0.002761,0.003226,0.001723,-0.014729,0.024755,-0.903938,0.076143,0.019122,-0.058977,0.150063,-0.346125,-0.926108,0.288783,0.911211,-0.293764,0.94556,-0.223361,0.236694,-9e-06,0.005425,-0.004297,1.590891,0.489289,-0.351854,-0.550961
252,0.155382,-0.046749,0.318311,-0.11949,0.35249,-0.92818,-0.325254,-0.897134,-0.298886,-0.937914,0.265736,0.223001,5.6e-05,0.0005,0.000588,0.0,0.0,-0.0,-0.416482,-0.179715,-0.027565,0.303105,-0.877445,-0.470466,-0.09351,0.249412,-0.614212,0.748646,-0.408528,0.63416,0.656361,0.000309,0.007174,0.008361,0.001772,-0.014927,0.024585,-1.405894,0.037964,0.029714,-0.018407,0.896405,0.432988,-0.094752,-0.22075,0.621502,0.751667,0.384351,-0.652882,0.6527,0.000157,0.003728,0.004346,-0.010488,0.088236,-0.144943,-0.904428,0.076161,0.019164,-0.059,0.150675,-0.345606,-0.926203,0.288015,0.911603,-0.293303,0.945697,-0.222567,0.236895,3.2e-05,0.005722,-0.003944,0.03503,-0.012565,0.018747,-0.550961
253,0.155617,-0.046595,0.318219,-0.120563,0.351474,-0.928426,-0.324714,-0.897711,-0.297737,-0.937962,0.265134,0.223514,0.015567,-0.0002,-0.000284,-0.004646,0.077973,-0.146332,-0.414172,-0.179588,-0.027311,0.303644,-0.877453,-0.470524,-0.093141,0.249501,-0.613785,0.748967,-0.408455,0.634531,0.656047,0.00044,0.01038,0.012046,0.001772,-0.014917,0.024592,-1.405929,0.038027,0.02984,-0.018146,0.89642,0.433042,-0.094357,-0.220881,0.621086,0.751973,0.38424,-0.653242,0.652405,0.000214,0.005206,0.006042,-0.010472,0.088146,-0.145051,-0.907367,0.076273,0.019243,-0.059043,0.151612,-0.344631,-0.926414,0.287462,0.912111,-0.292265,0.945716,-0.221998,0.237355,0.0078,3.8e-05,1.7e-05,0.000575,-0.014828,0.029667,-0.550471
254,0.155792,-0.046541,0.318169,-0.123794,0.348407,-0.929157,-0.325031,-0.898889,-0.29381,-0.937427,0.265194,0.225676,0.0,2e-06,3e-06,-0.0,0.0,-0.0,-0.411705,-0.179376,-0.027198,0.304218,-0.877467,-0.470746,-0.091881,0.250102,-0.612743,0.74962,-0.40806,0.635373,0.655478,0.001109,-0.002668,0.017957,-0.034661,-0.003739,0.006733,-1.405908,0.038133,0.029908,-0.017846,0.896449,0.433247,-0.093139,-0.221488,0.620086,0.752618,0.383824,-0.654055,0.651835,0.008086,-0.001085,0.008614,-0.032639,-0.018862,0.036034,-0.909326,0.076367,0.019271,-0.059066,0.154806,-0.341315,-0.927112,0.287665,0.913336,-0.28821,0.945136,-0.222081,0.239575,-0.0,-9e-06,-1.3e-05,-0.005025,0.091534,-0.173635,-0.549165
743,0.137194,-0.031907,0.298909,-0.726544,0.509656,-0.460901,-0.65743,-0.710687,0.250363,-0.199059,0.484272,0.851988,0.003258,0.019054,0.023693,-0.022472,-0.061764,-0.429362,0.448119,-0.173194,-0.02987,0.307328,-0.64046,0.758077,0.122967,-0.327006,-0.413919,0.849513,0.695689,0.502899,0.512807,-0.015064,0.001249,0.002841,0.298209,-0.644567,0.307975,-1.404359,0.041232,0.028568,-0.016289,0.607259,-0.785606,0.118567,0.346473,0.396149,0.850307,-0.714977,-0.475276,0.512756,-0.007583,0.000881,0.001718,0.483893,-1.36136,0.622581,-0.851685,0.067067,0.026584,-0.068702,0.756312,-0.475121,-0.449725,0.620059,0.739801,0.261191,0.208609,-0.476398,0.854123,0.001647,0.009708,0.012075,0.00573,-0.026691,-0.426873,-0.247404
744,0.137601,-0.031432,0.299834,-0.718227,0.495154,-0.488895,-0.656621,-0.714807,0.240564,-0.229461,0.493179,0.839136,0.018105,0.015151,0.019068,-0.395281,-0.360809,-0.496546,0.501554,-0.173694,-0.029851,0.307349,-0.698685,0.708954,0.095993,-0.316414,-0.426401,0.847347,0.642532,0.560747,0.52209,-0.015119,-0.001138,8.9e-05,0.06803,-0.219883,0.289503,-1.404967,0.040982,0.028581,-0.016273,0.668504,-0.738056,0.09151,0.337062,0.410359,0.847345,-0.66294,-0.535609,0.523098,-5.3e-05,-0.000399,-0.000486,0.010321,-0.134665,0.137384,-0.869973,0.067265,0.026821,-0.068239,0.747468,-0.462712,-0.476643,0.619681,0.744196,0.249332,0.239347,-0.481734,0.842997,0.00138,0.008229,0.010148,0.093289,-0.045553,-0.176789,0.052071
745,0.138138,-0.030946,0.300458,-0.712194,0.48884,-0.503847,-0.65894,-0.713017,0.239535,-0.241277,0.501988,0.830554,0.01735,0.020551,0.003701,-0.151153,-0.140248,-0.213878,0.519697,-0.174161,-0.029761,0.307403,-0.739851,0.667503,0.083971,-0.303479,-0.44236,0.843891,0.601369,0.598014,0.529715,-0.015052,0.00136,0.002948,0.136467,-0.206576,0.059325,-1.405318,0.040753,0.02862,-0.016253,0.710978,-0.698702,0.079527,0.324582,0.426384,0.8443,-0.623824,-0.574466,0.529935,-0.007974,0.005947,-0.002993,0.190908,-0.533723,-0.361286,-0.894304,0.067535,0.02707,-0.067912,0.741725,-0.455286,-0.4925,0.621662,0.742306,0.250032,0.25175,-0.491624,0.833622,0.008549,0.004804,0.006059,-0.248354,-0.174303,-0.267008,0.362813
746,0.138551,-0.030882,0.300643,-0.712596,0.487005,-0.505053,-0.658512,-0.712633,0.241843,-0.241258,0.50431,0.829152,0.01606,-0.006221,0.014561,-0.098372,-0.084685,-0.003673,0.520948,-0.174403,-0.029688,0.307398,-0.75956,0.645547,0.079562,-0.293325,-0.448971,0.843991,0.581505,0.616895,0.530242,-0.015068,0.00064,0.002117,-0.440575,-4.661892,-2.96777,-1.405416,0.040627,0.02866,-0.016251,0.728019,-0.681463,0.074795,0.317352,0.431706,0.844344,-0.607679,-0.590963,0.530554,-0.007965,0.006011,-0.00293,0.015606,-0.024939,-0.03686,-0.903448,0.067742,0.027116,-0.067819,0.74226,-0.452979,-0.49382,0.620974,0.741945,0.2528,0.251875,-0.494293,0.832005,0.008059,0.001903,0.00249,-0.043629,-0.082782,0.016497,0.459317
747,0.139563,-0.031012,0.300653,-0.709777,0.488574,-0.507502,-0.661079,-0.710828,0.240145,-0.242541,0.505337,0.828152,0.030518,-0.00293,-0.00294,0.001955,-0.029444,0.059098,0.513946,-0.174926,-0.029352,0.307391,-0.793738,0.60467,0.065912,-0.2788,-0.457804,0.844169,0.541612,0.650894,0.531843,-0.015787,0.014791,-0.00262,0.130701,-1.599719,2.241403,-1.405794,0.040365,0.028818,-0.016258,0.767574,-0.637749,0.064069,0.298641,0.444289,0.844642,-0.567135,-0.629192,0.531483,-0.007894,0.007958,-0.000716,-0.009101,-0.322731,-0.432101,-0.918634,0.068243,0.027047,-0.06781,0.739605,-0.454858,-0.496071,0.623598,0.740406,0.250844,0.253196,-0.494875,0.831258,0.01519,-0.001862,-0.001972,0.003494,-0.027369,0.060652,0.503079
748,0.14083,-0.031039,0.300382,-0.708629,0.490065,-0.507668,-0.662612,-0.709473,0.239929,-0.24172,0.505794,0.828113,0.030319,-0.004183,-0.004529,-0.033447,0.024556,0.021767,0.503848,-0.175579,-0.028559,0.307351,-0.838366,0.542007,0.057976,-0.249309,-0.475643,0.84353,0.485826,0.692034,0.533784,-0.031489,0.029887,-0.004946,0.041521,-0.428925,-0.265124,-1.406174,0.040044,0.029206,-0.016279,0.814514,-0.577693,0.053261,0.27219,0.461613,0.84429,-0.512326,-0.673189,0.533232,-0.007808,0.010002,0.001638,-0.060639,-1.430287,-0.893633,-0.92239,0.068864,0.027026,-0.067947,0.738445,-0.456424,-0.496362,0.625248,0.739114,0.250546,0.252513,-0.495364,0.831174,0.022841,-0.002499,-0.002636,-0.433068,0.620172,-0.370215,0.50014
749,0.142309,-0.031183,0.300099,-0.710234,0.491777,-0.503754,-0.66298,-0.70789,0.24356,-0.235947,0.506349,0.829438,0.030195,-0.005067,-0.005681,0.001968,-0.029428,0.059106,0.482337,-0.17645,-0.027368,0.307233,-0.880752,0.470278,0.055721,-0.208497,-0.490487,0.8461,0.426338,0.732977,0.529947,-0.016299,0.031935,-0.004027,-0.155363,-1.36322,-0.767321,-1.406476,0.039603,0.029803,-0.016335,0.859546,-0.508494,0.051112,0.23233,0.477879,0.847144,-0.455193,-0.716285,0.528897,-0.016195,0.020518,-0.006043,-0.377673,-4.638923,-2.850504,-0.925166,0.069626,0.026952,-0.068098,0.740119,-0.45812,-0.492289,0.625639,0.737505,0.254285,0.246572,-0.496197,0.832459,0.015085,-0.002638,-0.002993,0.004997,-0.034257,0.06292,0.481688
750,0.143125,-0.031354,0.299985,-0.711904,0.492605,-0.500578,-0.662736,-0.707059,0.246617,-0.231573,0.506703,0.830454,0.045392,-0.007074,-0.007933,0.002303,-0.029221,0.063997,0.465219,-0.17693,-0.026703,0.307092,-0.903152,0.425976,0.053403,-0.184403,-0.496997,0.847893,0.388858,0.755374,0.527316,-0.016288,0.030982,-0.005137,-0.200183,-1.442293,-0.841761,-1.406103,0.039362,0.030139,-0.016402,0.883857,-0.465202,0.048827,0.208555,0.485359,0.849076,-0.41869,-0.740279,0.526008,-0.015811,0.015099,-0.001772,-0.474271,-4.999784,-3.07472,-0.924676,0.070034,0.026868,-0.068154,0.741774,-0.458881,-0.489079,0.62539,0.736654,0.257345,0.242191,-0.496757,0.833411,0.022691,-0.003588,-0.004056,0.00596,-0.034945,0.06836,0.462583
751,0.144789,-0.031695,0.299868,-0.710679,0.494226,-0.500721,-0.664559,-0.705189,0.247068,-0.230116,0.507727,0.830233,0.04579,-0.004595,-0.005003,0.007451,-0.146977,0.258847,0.425797,-0.177901,-0.025217,0.306658,-0.944729,0.324472,0.04687,-0.129432,-0.50017,0.856161,0.302432,0.802346,0.514431,-0.016992,0.041773,-0.013742,-0.733238,-6.163378,-0.361736,-1.406594,0.038877,0.030878,-0.016615,0.928742,-0.367908,0.045612,0.153184,0.492884,0.856504,-0.337596,-0.788485,0.51412,-0.015961,0.020761,-0.006425,-0.244646,-1.293183,-0.702917,-0.92092,0.070865,0.026692,-0.068219,0.74059,-0.460567,-0.489288,0.627316,0.734862,0.257783,0.240833,-0.49785,0.833152,0.022902,-0.002263,-0.002488,0.007956,-0.147718,0.259672,0.414249
752,0.146531,-0.032019,0.299834,-0.706734,0.498134,-0.502429,-0.668345,-0.703021,0.243001,-0.231297,0.50691,0.830404,0.045862,-0.014294,0.004851,-0.031879,-0.029244,0.071396,0.345885,-0.178649,-0.023624,0.305949,-0.97238,0.230005,0.039559,-0.080936,-0.490862,0.867432,0.220158,0.839963,0.495839,-0.017059,0.037874,-0.018157,-0.882581,-4.79453,-2.598637,-1.406433,0.038496,0.031696,-0.016969,0.961862,-0.271232,0.035395,0.104566,0.484182,0.868696,-0.252756,-0.831865,0.494078,-0.008729,0.018635,-0.009118,-0.993091,-4.788913,-2.575843,-0.918471,0.071719,0.026535,-0.068238,0.73688,-0.464701,-0.490979,0.631239,0.732924,0.25369,0.241961,-0.496864,0.833415,0.023008,-0.001558,-0.001679,-0.000715,-0.154183,0.256541,0.338972
753,0.147451,-0.032202,0.299881,-0.703735,0.503158,-0.501632,-0.671359,-0.70199,0.237611,-0.231715,0.503361,0.832444,0.061354,-0.014352,0.004876,0.165942,0.072769,0.398086,0.248658,-0.178899,-0.022831,0.305477,-0.983549,0.176846,0.036702,-0.054528,-0.483877,0.873398,0.173457,0.856786,0.485482,-0.01789,0.046523,-0.029107,-0.703301,-1.129365,-0.483139,-1.406393,0.038371,0.032095,-0.017202,0.975553,-0.21731,0.032717,0.077242,0.478451,0.87471,-0.205737,-0.850799,0.48354,-0.008901,0.023116,-0.014769,-0.801829,-1.122919,-0.475322,-0.917491,0.072196,0.026438,-0.068213,0.734174,-0.469406,-0.490555,0.634247,0.732011,0.248774,0.242316,-0.493777,0.835144,0.030688,-0.007093,0.002505,0.221023,0.124322,0.418496,0.254388
754,0.149357,-0.032584,0.300082,-0.703447,0.510952,-0.494101,-0.674067,-0.700065,0.235616,-0.224645,0.498162,0.837494,0.046428,-6.1e-05,0.000266,-0.282248,0.677723,-0.212244,-0.007127,-0.178979,-0.021328,0.304359,-0.998645,0.039879,0.033292,0.010431,-0.471867,0.88157,0.052129,0.880653,0.470739,0.011794,0.043518,-0.035015,-0.455938,-1.07665,-1.125099,-1.406003,0.038325,0.032831,-0.017748,0.99611,-0.083183,0.02905,0.013399,0.468885,0.883157,-0.087085,-0.879333,0.468176,-0.001741,0.021942,-0.016561,-0.979982,-3.762492,-4.933992,-0.895447,0.073131,0.026246,-0.068114,0.733743,-0.477604,-0.483232,0.637299,0.730351,0.245835,0.235518,-0.488344,0.840267,0.023112,-0.005938,0.003788,-1.253798,2.108149,-1.189313,-0.041005
755,0.150871,-0.033048,0.300602,-0.709405,0.522704,-0.472833,-0.673493,-0.7005,0.235964,-0.207003,0.48519,0.849569,0.03131,-0.018051,0.021742,-0.204475,1.013873,-0.328739,-0.169757,-0.178681,-0.019829,0.303175,-0.995382,-0.087365,0.039662,0.075435,-0.458894,0.885246,-0.057878,0.88424,0.463284,0.012519,0.032402,-0.026822,-0.203808,-0.024286,-0.806354,-1.405764,0.038469,0.033569,-0.018337,0.998488,0.043402,0.033713,-0.049892,0.458628,0.887226,0.023045,-0.887567,0.4601,0.006053,0.01654,-0.013024,-0.396322,-5.237209,-2.577405,-0.894957,0.073882,0.026021,-0.067869,0.73904,-0.488411,-0.463976,0.637034,0.730689,0.245522,0.219107,-0.477018,0.851143,0.023311,-0.009639,0.010133,0.439195,0.627512,0.213765,-0.278103
756,0.152016,-0.033566,0.301381,-0.716035,0.538309,-0.444481,-0.67249,-0.702735,0.232146,-0.1865,0.464461,0.865749,0.031533,-0.016321,0.02379,0.349121,0.580667,0.154152,-0.296702,-0.178107,-0.018735,0.302365,-0.986886,-0.156816,0.038148,0.105251,-0.447022,0.888272,-0.12099,0.880818,0.457586,0.013364,0.024454,-0.015087,-0.525914,-4.725114,-2.260636,-1.405851,0.038761,0.034125,-0.018765,0.993315,0.109838,0.035484,-0.081453,0.449182,0.889719,0.081786,-0.886662,0.455126,0.014539,0.006293,-0.004561,-0.57239,0.245023,0.31349,-0.889078,0.074467,0.025761,-0.067474,0.747282,-0.503861,-0.433233,0.635282,0.732926,0.243384,0.194896,-0.457102,0.867797,0.015772,-0.008043,0.012016,0.512792,0.751009,0.231795,-0.404
757,0.152519,-0.033835,0.301886,-0.717062,0.547825,-0.430994,-0.673163,-0.704688,0.224137,-0.180042,0.450165,0.874622,0.031756,-0.014486,0.025991,0.592817,0.847842,0.310811,-0.365113,-0.177701,-0.018423,0.302183,-0.985193,-0.166735,0.039822,0.110968,-0.444027,0.889078,-0.129308,0.880523,0.455874,0.014138,0.013696,-0.00654,-0.133652,-0.029979,-0.014793,-1.405756,0.038964,0.034285,-0.018858,0.991511,0.124632,0.037025,-0.089215,0.445041,0.891054,0.094576,-0.886794,0.452383,0.014933,0.001662,0.000552,-0.239189,-0.252982,-0.295594,-0.889895,0.074718,0.025625,-0.067223,0.748693,-0.512415,-0.420581,0.635714,0.734848,0.236358,0.18795,-0.444329,0.875925,0.008218,-0.006517,0.013842,0.250682,0.582799,-0.090836,-0.45364
758,0.153325,-0.034482,0.303123,-0.717863,0.565221,-0.406502,-0.674625,-0.708982,0.205421,-0.171207,0.420994,0.890775,0.016566,-0.01211,0.028773,0.446675,0.792729,0.009846,-0.538747,-0.176686,-0.018232,0.30226,-0.979657,-0.195686,0.044384,0.127908,-0.439251,0.889175,-0.15326,0.876992,0.455259,0.015753,-0.006888,0.011585,-0.035281,-0.014858,0.003641,-1.405741,0.039478,0.034386,-0.018822,0.987267,0.153486,0.04175,-0.106256,0.441058,0.891165,0.118367,-0.884256,0.451751,0.007904,-0.00331,0.005927,-0.030595,-0.018613,0.010135,-0.890548,0.075133,0.025298,-0.066592,0.749666,-0.531232,-0.394705,0.637667,0.739427,0.215934,0.177145,-0.413569,0.893073,0.008279,-0.005944,0.014508,0.455529,0.802784,0.016319,-0.570883
759,0.153991,-0.035324,0.304528,-0.718947,0.582641,-0.379063,-0.675883,-0.713288,0.185405,-0.161467,0.38877,0.90709,0.016513,-0.023253,0.036915,0.635098,0.936089,0.28811,-0.867243,-0.175486,-0.018501,0.302595,-0.970749,-0.235271,0.0478,0.149669,-0.43794,0.886421,-0.186383,0.867925,0.460251,0.030518,-0.009524,0.007256,0.128993,-0.129089,-0.039519,-1.405829,0.040067,0.034262,-0.018649,0.980127,0.193115,0.045355,-0.128007,0.441053,0.888305,0.151541,-0.876458,0.457008,0.015274,-0.004801,0.003567,0.123884,-0.073318,-0.232963,-0.893487,0.075467,0.02488,-0.065887,0.751255,-0.547743,-0.368228,0.638845,0.743631,0.197204,0.16581,-0.383391,0.908579,0.008243,-0.011589,0.018485,0.575683,0.883114,0.275718,-0.765852
760,0.154314,-0.035795,0.30529,-0.720412,0.588329,-0.367317,-0.67545,-0.715388,0.178771,-0.156707,0.376157,0.913222,0.016501,-0.023375,0.036735,0.244151,0.498988,0.043241,-1.027775,-0.174874,-0.018802,0.302759,-0.964451,-0.259146,0.051655,0.16551,-0.440544,0.882305,-0.204664,0.859798,0.467679,0.031316,-0.022299,0.013516,0.453808,-0.327987,-0.21765,-1.405792,0.040373,0.034117,-0.018569,0.975121,0.216153,0.049154,-0.142893,0.443403,0.884858,0.16947,-0.869868,0.463258,0.015257,-0.005747,0.002494,0.739595,-0.417501,-0.272489,-0.887282,0.075622,0.024653,-0.065519,0.752383,-0.554644,-0.355371,0.638945,0.745693,0.18892,0.160215,-0.369203,0.915434,0.008254,-0.011477,0.01861,0.273347,0.627552,-0.070977,-0.888973
