frame,MLTx,MLTy,MLTz,MLTR1,MLTR2,MLTR3,MLTR4,MLTR5,MLTR6,MLTR7,MLTR8,MLTR9,MLTTVx,MLTTVy,MLTTVz,MLTRVx,MLTRVy,MLTRVz,MLGA,MRTx,MRTy,MRTz,MRTR1,MRTR2,MRTR3,MRTR4,MRTR5,MRTR6,MRTR7,MRTR8,MRTR9,MRTTVx,MRTTVy,MRTTVz,MRTRVx,MRTRVy,MRTRVz,MRGA,SLTx,SLTy,SLTz,SLTR1,SLTR2,SLTR3,SLTR4,SLTR5,SLTR6,SLTR7,SLTR8,SLTR9,SLTTVx,SLTTVy,SLTTVz,SLTRVx,SLTRVy,SLTRVz,SLGA,SRTx,SRTy,SRTz,SRTR1,SRTR2,SRTR3,SRTR4,SRTR5,SRTR6,SRTR7,SRTR8,SRTR9,SRTTVx,SRTTVy,SRTTVz,SRTRVx,SRTRVy,SRTRVz,SRGA
58,0.172014,-0.013339,0.370558,-0.599918,0.658251,-0.454807,-0.676995,-0.720529,-0.149956,-0.425671,0.217117,0.87846,1e-06,1.3e-05,9e-06,0.0,0.0,0.0,0.31484,-0.194352,-0.032685,0.30808,-0.741175,-0.263442,0.617454,0.625337,-0.605143,0.492634,0.244787,0.751566,0.612447,-0.017148,0.030065,-0.027468,0.087689,0.135221,0.071475,-0.316361,0.029694,0.025546,-0.01542,0.772174,0.225874,0.593908,-0.563597,0.67511,0.476007,-0.293436,-0.702286,0.648605,-0.008586,0.014712,-0.014096,0.18217,0.696834,-0.579108,-0.34826,0.0844,0.035708,-0.032467,0.681074,-0.627118,-0.377968,0.64855,0.756279,-0.086159,0.339882,-0.186451,0.921799,1e-06,-1e-06,-2e-06,-5e-06,6e-06,-0.0,0.221893
59,0.171963,-0.013324,0.37057,-0.599982,0.658208,-0.454786,-0.676953,-0.720576,-0.149921,-0.425647,0.217095,0.878476,7.3e-05,0.001414,0.001055,0.000876,-0.012405,0.025998,0.313724,-0.195201,-0.031331,0.306532,-0.722898,-0.248735,0.644624,0.632531,-0.613414,0.472822,0.27871,0.749849,0.599925,-0.018334,0.033835,-0.044246,0.081183,0.05089,0.058761,-0.748942,0.02927,0.026229,-0.016179,0.753258,0.213583,0.62208,-0.570414,0.68302,0.456191,-0.32746,-0.698473,0.636321,-0.009192,0.016375,-0.022737,0.084561,0.046124,0.048657,-0.643163,0.084375,0.035712,-0.032464,0.681149,-0.627057,-0.377934,0.648489,0.756336,-0.086122,0.339849,-0.186424,0.921817,2e-06,-7e-06,-6e-06,4e-06,9e-06,5e-06,0.220913
60,0.17189,-0.013322,0.370573,-0.60012,0.658113,-0.454741,-0.676862,-0.720677,-0.149846,-0.425597,0.217048,0.878512,0.0,0.0,0.0,0.0,0.0,0.0,0.31283,-0.196301,-0.029667,0.304327,-0.712877,-0.240658,0.658696,0.637961,-0.612332,0.466893,0.291861,0.753352,0.589187,-0.034969,0.05146,-0.065133,0.020058,0.284716,-0.036143,-1.347331,0.028726,0.027053,-0.017275,0.743138,0.207334,0.636204,-0.575912,0.682273,0.450363,-0.34069,-0.70108,0.62643,-0.00991,0.025367,-0.033458,-0.053634,0.423907,-0.128531,-0.873402,0.084339,0.035716,-0.032459,0.68126,-0.626967,-0.377883,0.648398,0.75642,-0.086066,0.339799,-0.186385,0.921843,-0.006877,0.000121,0.000288,-0.000969,0.014736,-0.029541,0.219607
61,0.17186,-0.013322,0.370575,-0.600179,0.658072,-0.454722,-0.676823,-0.72072,-0.149814,-0.425575,0.217028,0.878528,0.0,0.0,0.0,0.0,0.0,0.0,0.313312,-0.196832,-0.028589,0.303055,-0.710409,-0.234597,0.663532,0.638433,-0.61132,0.467573,0.296817,0.756073,0.583195,-0.035201,0.065272,-0.070209,-0.011151,0.356689,0.030748,-1.398355,0.02846,0.027579,-0.017918,0.740228,0.201817,0.64135,-0.576541,0.681295,0.451039,-0.345922,-0.703637,0.62067,-0.009724,0.027133,-0.031402,-0.130148,0.426166,0.121785,-0.850705,0.084323,0.035717,-0.032459,0.681314,-0.626923,-0.377858,0.648353,0.756461,-0.086039,0.339775,-0.186366,0.921856,-0.006875,0.000123,0.000288,-0.000964,0.014739,-0.02954,0.21928
62,0.171798,-0.01332,0.370578,-0.600297,0.65799,-0.454684,-0.676745,-0.720807,-0.14975,-0.425533,0.216987,0.878558,0.0,0.0,0.0,0.0,0.0,0.0,0.31293,-0.197783,-0.025964,0.30053,-0.741436,-0.214422,0.635836,0.610376,-0.60888,0.506596,0.279441,0.763965,0.581491,-0.034448,0.071664,-0.062674,-0.839463,-1.176017,2.631613,-1.401949,0.027983,0.028881,-0.019193,0.767111,0.179702,0.61583,-0.549888,0.678602,0.486951,-0.330398,-0.712184,0.619379,-0.009621,0.03601,-0.03159,-0.521323,0.625185,0.81686,-0.835846,0.084292,0.035717,-0.032458,0.681423,-0.626835,-0.377809,0.648264,0.756544,-0.085985,0.339727,-0.186328,0.921881,6e-06,-4e-06,-4e-06,6e-06,8e-06,3e-06,0.219117
63,0.171695,-0.013312,0.3706,-0.600473,0.65787,-0.454626,-0.676641,-0.720929,-0.149631,-0.42545,0.216946,0.878609,0.000226,-0.009986,0.009473,-0.035738,0.01071,-0.01948,0.312585,-0.198723,-0.022934,0.298341,-0.776703,-0.18312,0.602653,0.572272,-0.604545,0.554044,0.263839,0.775427,0.573555,-0.018152,0.082094,-0.051243,-0.415167,0.552434,0.811239,-1.402151,0.027506,0.030384,-0.020302,0.800715,0.143473,0.581609,-0.509927,0.672757,0.53607,-0.31437,-0.725818,0.611848,-0.009045,0.041071,-0.02558,-0.459766,0.663858,0.843521,-0.841724,0.084241,0.035725,-0.03245,0.681572,-0.626714,-0.37774,0.648142,0.756657,-0.08591,0.339661,-0.186275,0.921916,1.2e-05,0.000172,0.000129,2e-06,1.5e-05,4e-06,0.218627
64,0.171623,-0.013304,0.370608,-0.600594,0.657787,-0.454586,-0.676561,-0.721017,-0.149565,-0.425406,0.216904,0.87864,6e-06,0.000109,8.1e-05,0.0,0.0,0.0,0.312774,-0.199178,-0.021394,0.297486,-0.786096,-0.164065,0.595925,0.558709,-0.60066,0.571827,0.265108,0.782653,0.563058,-0.032234,0.074524,-0.037929,-0.424915,0.441796,0.90763,-1.401871,0.027284,0.031158,-0.020733,0.808197,0.122855,0.575953,-0.496465,0.668176,0.554131,-0.316761,-0.733789,0.601012,-0.008561,0.037443,-0.019203,-0.63325,0.628171,1.062434,-0.852011,0.084205,0.035726,-0.032442,0.681696,-0.626614,-0.377682,0.64805,0.756745,-0.085824,0.339589,-0.186251,0.921948,-0.006876,0.000185,0.000334,-0.000978,0.014718,-0.029548,0.218627
65,0.171469,-0.013286,0.370613,-0.600859,0.657604,-0.454501,-0.676375,-0.721217,-0.149444,-0.425328,0.216795,0.878705,0.0,3e-06,2e-06,0.0,0.0,0.0,0.313827,-0.199854,-0.018712,0.296188,-0.80424,-0.118929,0.582275,0.529934,-0.586659,0.61232,0.269774,0.801155,0.534074,-0.016,0.053283,-0.02134,-0.816656,0.740851,1.120295,-1.400864,0.026941,0.032516,-0.021378,0.822256,0.077082,0.563872,-0.468459,0.654286,0.593679,-0.323173,-0.752307,0.5741,-0.008191,0.03251,-0.01437,-0.485279,0.344631,1.107284,-0.84401,0.084128,0.035735,-0.03244,0.68194,-0.626416,-0.377571,0.647841,0.756935,-0.085727,0.339498,-0.186146,0.922002,-0.0,-1.3e-05,-7e-06,-3e-06,-7e-06,-0.0,0.218627
66,0.171303,-0.013304,0.370605,-0.601107,0.657433,-0.454419,-0.676212,-0.721399,-0.149309,-0.425237,0.21671,0.87877,-3.8e-05,-0.000705,-0.000526,0.0,0.0,0.0,0.318916,-0.20055,-0.016744,0.295566,-0.819932,-0.079719,0.566875,0.503982,-0.569818,0.649033,0.272296,0.817943,0.506643,-0.015121,0.044959,-0.009946,-0.440677,0.289719,0.811209,-1.399692,0.026593,0.033503,-0.021693,0.83439,0.033604,0.550148,-0.44256,0.635796,0.632379,-0.328531,-0.771125,0.545374,-0.007575,0.022207,-0.005279,-0.533588,0.505052,0.686828,-0.843194,0.084045,0.035726,-0.032444,0.682167,-0.626231,-0.377466,0.647655,0.757108,-0.085613,0.339396,-0.186065,0.922056,-2e-05,-0.000387,-0.000285,-9e-06,1e-06,-6e-06,0.221566
67,0.171187,-0.013299,0.370561,-0.601339,0.657271,-0.454347,-0.676012,-0.721593,-0.149275,-0.425226,0.216557,0.878813,-1.6e-05,-0.000291,-0.000217,0.0,0.0,0.0,0.322625,-0.201011,-0.015416,0.295593,-0.827691,-0.059326,0.558031,0.490277,-0.559915,0.667875,0.273858,0.826443,0.491789,-0.013841,0.025188,0.009119,-0.244554,0.156334,0.382143,-1.399289,0.026358,0.034184,-0.021683,0.840471,0.012057,0.541721,-0.428685,0.626276,0.651158,-0.331416,-0.779508,0.531535,-0.00689,0.01283,0.004841,-0.239345,0.148512,0.376045,-0.859196,0.083987,0.035727,-0.032467,0.682381,-0.626055,-0.377372,0.647442,0.757291,-0.085602,0.339372,-0.185913,0.922096,-7e-06,-0.000126,-9e-05,-8e-06,-6e-06,-6e-06,0.226465
68,0.171134,-0.013303,0.370534,-0.601462,0.657184,-0.454309,-0.675907,-0.721695,-0.149253,-0.425218,0.216479,0.878836,-4.3e-05,-0.000798,-0.000596,0.0,0.0,0.0,0.325874,-0.201057,-0.014934,0.295905,-0.830037,-0.059319,0.554537,0.487208,-0.560665,0.669491,0.272229,0.825935,0.493543,0.001866,0.017326,0.02007,0.01081,-0.137856,0.216124,-1.399332,0.026334,0.034416,-0.021538,0.842637,0.011379,0.538359,-0.425445,0.626929,0.652652,-0.330087,-0.778992,0.533116,-0.006436,0.009272,0.011192,0.046516,-0.151731,0.165864,-0.859033,0.083961,0.035726,-0.03248,0.682494,-0.625962,-0.377322,0.64733,0.757387,-0.085593,0.339358,-0.185835,0.922117,-2.1e-05,-0.000408,-0.000304,-3e-06,-3e-06,-2e-06,0.229404
69,0.171046,-0.013219,0.37037,-0.597615,0.660688,-0.454305,-0.679927,-0.71783,-0.149635,-0.424239,0.218643,0.878774,-0.000104,-0.001918,-0.001433,-0.0,-0.0,1e-06,0.333267,-0.200911,-0.014161,0.296902,-0.838482,-0.080785,0.5389,0.484274,-0.563512,0.669228,0.250658,0.822197,0.510906,0.002608,0.024452,0.028064,-0.457855,-1.566674,-1.067697,-1.399839,0.026405,0.034786,-0.021057,0.852695,0.024993,0.521809,-0.418164,0.631362,0.653085,-0.313128,-0.775085,0.54881,0.001501,0.006425,0.017822,0.550799,-0.752324,-0.146699,-0.8574,0.083917,0.035767,-0.032556,0.678851,-0.62969,-0.377689,0.651602,0.753731,-0.085457,0.338488,-0.18809,0.921979,-2.6e-05,-0.000499,-0.000372,0.000846,0.000618,0.000192,0.237895
70,0.170952,-0.013023,0.370024,-0.59751,0.660741,-0.454366,-0.67955,-0.717989,-0.150585,-0.424991,0.217962,0.87858,-0.000376,0.007067,-0.011651,0.035735,-0.0108,0.019437,0.337265,-0.200591,-0.013008,0.298345,-0.843818,-0.153873,0.514088,0.505036,-0.551041,0.664249,0.182128,0.820316,0.542009,0.003834,0.036568,0.041406,0.418492,-1.028965,-0.596896,-1.399539,0.026565,0.035361,-0.020337,0.863802,0.101288,0.493544,-0.443298,0.618332,0.648962,-0.239442,-0.779362,0.579018,0.009302,0.018507,0.020509,-0.600041,-1.593563,-0.77961,-0.862135,0.08387,0.035863,-0.032724,0.678773,-0.629739,-0.37775,0.651314,0.75387,-0.086422,0.339197,-0.187373,0.921864,-0.007054,0.003816,-0.00542,0.034824,0.003943,-0.010224,0.24508
71,0.17078,-0.012749,0.36951,-0.597416,0.659159,-0.45678,-0.678429,-0.719072,-0.15047,-0.426905,0.219174,0.877349,-0.000688,0.015302,-0.022424,0.052579,-0.061814,-0.011808,0.343957,-0.200436,-0.011511,0.30018,-0.842004,-0.196168,0.502532,0.518832,-0.549019,0.655229,0.148417,0.812668,0.563389,0.004521,0.043743,0.048685,0.271937,-0.430383,0.143224,-1.400672,0.026643,0.03611,-0.019417,0.864873,0.145851,0.480335,-0.458868,0.6177,0.638659,-0.203554,-0.77277,0.601158,0.002475,0.016248,0.028337,0.243075,-0.440516,0.106019,-0.86981,0.083784,0.035999,-0.032976,0.678801,-0.628111,-0.380401,0.650153,0.754886,-0.086298,0.341364,-0.188739,0.920785,-0.007122,0.002536,-0.006378,0.011451,0.049598,-0.244755,0.254224
72,0.170645,-0.01258,0.36917,-0.59757,0.659034,-0.456761,-0.677901,-0.719411,-0.151231,-0.427528,0.218443,0.877228,-0.014544,0.013797,-0.023167,0.069297,0.004577,-0.017123,0.345587,-0.200364,-0.010772,0.301246,-0.84184,-0.205114,0.499224,0.52106,-0.549345,0.653184,0.141321,0.810246,0.568675,0.004638,0.045205,0.049839,0.126291,-0.29785,0.240674,-1.400267,0.02668,0.036485,-0.01888,0.865294,0.154991,0.4767,-0.461381,0.618001,0.636554,-0.195941,-0.770747,0.606263,0.002534,0.017059,0.029005,0.04619,-0.258629,0.211814,-0.866544,0.083722,0.036088,-0.033149,0.678979,-0.628007,-0.380255,0.649662,0.755202,-0.087219,0.341944,-0.187817,0.920759,-0.000281,0.001689,-0.007204,0.039158,0.011867,-0.003932,0.25798
73,0.170302,-0.012158,0.368237,-0.597322,0.65425,-0.463906,-0.675323,-0.722258,-0.14918,-0.431924,0.223359,0.87383,-0.014757,0.01003,-0.026003,0.038549,-0.08485,-0.059467,0.340515,-0.200183,-0.009437,0.303448,-0.843735,-0.206825,0.495303,0.518684,-0.550927,0.653744,0.13872,0.808739,0.571456,0.004957,0.033285,0.056156,-0.026109,-0.081925,0.127269,-1.400845,0.026771,0.037165,-0.017771,0.867361,0.156152,0.472545,-0.458751,0.618982,0.6375,-0.19295,-0.769725,0.608517,0.002428,0.01645,0.02788,-0.037421,-0.058435,0.109441,-0.876668,0.083545,0.036305,-0.033623,0.679179,-0.623183,-0.387759,0.646708,0.757943,-0.085378,0.347105,-0.19278,0.917797,-0.007378,0.00478,-0.01317,0.055246,-0.045334,-0.049098,0.259613
74,0.169941,-0.01167,0.366844,-0.597045,0.64433,-0.477935,-0.670652,-0.727751,-0.143441,-0.439505,0.234081,0.867219,-0.00158,0.013228,-0.040978,-0.01711,-0.360945,-0.162565,0.316888,-0.199903,-0.008411,0.305564,-0.846006,-0.196705,0.495552,0.512524,-0.555543,0.654694,0.147576,0.808091,0.570152,0.019131,0.014617,0.05453,0.010016,0.046032,0.177232,-1.40081,0.026907,0.037697,-0.016699,0.868813,0.145839,0.473173,-0.452178,0.623055,0.638229,-0.201734,-0.768461,0.607264,0.002082,0.013337,0.024157,0.212103,0.374466,0.224918,-0.881404,0.083365,0.036549,-0.034301,0.67984,-0.613744,-0.401415,0.641355,0.763018,-0.080415,0.355642,-0.20278,0.912358,-0.007663,0.006523,-0.020362,-0.055523,-0.447882,-0.235534,0.242631
75,0.16974,-0.011401,0.365918,-0.596847,0.635825,-0.489434,-0.66701,-0.732162,-0.137867,-0.445268,0.243377,0.861702,-0.001851,0.008641,-0.044491,-0.160733,-0.664473,-0.530064,0.304956,-0.199641,-0.008154,0.306496,-0.85794,-0.120766,0.499345,0.4644,-0.597536,0.653618,0.220513,0.792799,0.568072,0.018403,0.0078,0.047064,3.016215,4.103581,3.442921,-1.400936,0.027038,0.037835,-0.016222,0.874207,0.074763,0.479762,-0.404664,0.658247,0.634788,-0.268344,-0.749079,0.605698,0.008895,0.008987,0.018973,1.093157,1.411864,1.355295,-0.88467,0.083264,0.036687,-0.034761,0.68036,-0.606307,-0.411703,0.637312,0.766837,-0.076114,0.361858,-0.210599,0.908133,-0.007914,0.008934,-0.027057,-0.145937,-0.820343,-0.439516,0.225975
76,0.169192,-0.010766,0.363551,-0.596881,0.613747,-0.51681,-0.656374,-0.743909,-0.125477,-0.460735,0.263558,0.847519,-0.016574,0.020232,-0.069509,-0.204173,-0.938534,-0.720442,0.296646,-0.198958,-0.008159,0.307836,-0.85934,0.082642,0.504675,0.319553,-0.68347,0.656269,0.400235,0.725113,0.560256,0.016681,-0.009369,0.02881,3.57399,4.930011,4.230323,-1.400971,0.027386,0.037844,-0.015523,0.859351,-0.131706,0.494133,-0.250534,0.733933,0.631327,-0.44581,-0.666329,0.59771,0.008172,-0.005718,0.013548,3.574446,4.930952,4.251503,-0.887282,0.082996,0.037003,-0.035933,0.682145,-0.584856,-0.438886,0.624947,0.777928,-0.065328,0.37963,-0.229717,0.896163,-0.008245,0.010053,-0.034794,-0.280421,-1.161305,-0.795869,0.201971
77,0.168397,-0.009976,0.360482,-0.591559,0.588224,-0.551449,-0.641796,-0.757472,-0.119605,-0.487332,0.282428,0.826298,-0.017345,0.021783,-0.085692,-0.073462,-0.662074,-0.566352,0.298548,-0.198229,-0.009288,0.308418,-0.788003,0.334901,0.516609,0.116708,-0.742483,0.659569,0.60544,0.579605,0.54531,0.014284,-0.03517,0.001765,3.817478,5.368011,4.491178,-1.400025,0.027748,0.037306,-0.015218,0.770366,-0.371828,0.517956,-0.048052,0.776184,0.628672,-0.635788,-0.509196,0.580079,0.014603,-0.024386,0.003322,3.715695,5.648733,4.247978,-0.891364,0.082598,0.037398,-0.037461,0.678991,-0.55857,-0.476412,0.608673,0.791142,-0.060084,0.410471,-0.249183,0.877165,-0.015578,0.010116,-0.04325,-0.141134,-0.78831,-0.702422,0.198706
78,0.167404,-0.009184,0.356786,-0.575269,0.56367,-0.592778,-0.630551,-0.76716,-0.117652,-0.520364,0.30539,0.797487,-0.032037,0.02324,-0.101873,-0.008269,-0.9317,-0.289999,0.280596,-0.197527,-0.011269,0.308158,-0.663517,0.523022,0.534963,-0.064605,-0.752302,0.655594,0.746161,0.399775,0.532248,0.013448,-0.061981,-0.00684,3.837535,4.952908,3.766801,-1.400497,0.0281,0.036315,-0.015358,0.631625,-0.550077,0.546318,0.134485,0.771735,0.621561,-0.76352,-0.319122,0.561424,0.006528,-0.025894,-0.00808,3.243762,4.476476,2.616368,-0.898223,0.082095,0.037803,-0.03934,0.666085,-0.534897,-0.519822,0.596468,0.800438,-0.059354,0.447834,-0.270522,0.852209,-0.015984,0.011119,-0.051306,-0.006867,-0.914907,-0.290599,0.188418
79,0.166703,-0.008759,0.354712,-0.566579,0.54974,-0.613856,-0.626853,-0.771026,-0.112006,-0.534175,0.320649,0.78222,-0.03226,0.021297,-0.103733,-0.207514,-1.398349,-0.365988,0.266153,-0.19716,-0.012433,0.307792,-0.609392,0.574982,0.54592,-0.124189,-0.749146,0.650609,0.783811,0.327954,0.52721,0.012495,-0.056546,-0.021244,0.966349,1.785475,0.217994,-1.400583,0.028273,0.035749,-0.015531,0.574129,-0.599056,0.558127,0.195842,0.76236,0.616808,-0.794997,-0.244823,0.555013,0.006415,-0.034322,-0.007105,1.090454,1.40082,1.194228,-0.900182,0.081774,0.037996,-0.040303,0.659773,-0.523737,-0.538884,0.592506,0.803642,-0.05563,0.462206,-0.28259,0.840539,-0.016069,0.010423,-0.052007,-0.172988,-1.270439,-0.293407,0.173232
80,0.164872,-0.007936,0.350676,-0.536643,0.537683,-0.650351,-0.639752,-0.761767,-0.101982,-0.549589,0.360662,0.753592,-0.060484,0.019246,-0.105437,-1.205902,-1.329104,0.886178,0.25969,-0.196398,-0.014815,0.306758,-0.507699,0.647094,0.568773,-0.239451,-0.740054,0.628424,0.828193,0.182044,0.529924,0.026619,-0.064519,-0.031421,4.543016,4.364734,3.438117,-1.400419,0.028668,0.034508,-0.016075,0.463054,-0.662845,0.588401,0.311383,0.743205,0.592187,-0.829831,-0.090997,0.550543,0.013427,-0.032739,-0.016442,4.631648,4.305163,3.418543,-0.888588,0.080828,0.03842,-0.042401,0.632958,-0.511586,-0.58107,0.603886,0.795913,-0.042927,0.484442,-0.323729,0.812719,-0.030191,0.009364,-0.052905,-1.253756,-1.399194,0.866218,0.150045
81,0.162461,-0.007321,0.346491,-0.503232,0.517852,-0.691832,-0.652941,-0.752237,-0.0882,-0.565478,0.406692,0.71754,-0.06136,0.013521,-0.111129,-0.284121,-1.455691,-0.2289,0.279382,-0.195396,-0.017097,0.305208,-0.379338,0.703658,0.600799,-0.375672,-0.710432,0.595056,0.846003,-0.000854,0.53305,0.026227,-0.055019,-0.042251,1.456436,1.45971,0.571681,-1.400803,0.029148,0.033399,-0.01683,0.336525,-0.705606,0.623594,0.441578,0.703141,0.557316,-0.83172,0.087815,0.548204,0.013146,-0.027666,-0.021594,3.743593,5.120924,0.52098,-0.890384,0.079646,0.038726,-0.044449,0.603426,-0.495108,-0.625095,0.616488,0.786861,-0.028118,0.505784,-0.368397,0.780041,-0.037496,0.001962,-0.050551,-0.630823,-1.55536,-0.277984,0.155434
82,0.161114,-0.0072,0.344362,-0.479377,0.509761,-0.714414,-0.664026,-0.74289,-0.084587,-0.573261,0.433202,0.69551,-0.061906,0.010325,-0.114434,-4.113264,-1.959297,3.525488,0.295889,-0.194912,-0.018132,0.304423,-0.319612,0.716778,0.619732,-0.43606,-0.69183,0.575463,0.841614,-0.087208,0.532863,0.026385,-0.054723,-0.042372,4.271784,5.10374,0.636076,-1.400947,0.029409,0.032837,-0.017258,0.271411,-0.714643,0.644686,0.503064,0.676382,0.53799,-0.820525,0.178302,0.543089,0.01323,-0.027448,-0.021657,4.26576,5.079665,0.657153,-0.891201,0.078973,0.038788,-0.045512,0.584493,-0.485629,-0.650024,0.62313,0.781758,-0.023736,0.519688,-0.391176,0.759542,-0.037896,-0.000901,-0.053274,-0.226941,-1.654216,-0.466171,0.170946
83,0.1582,-0.007483,0.340086,-0.433947,0.488693,-0.75691,-0.679607,-0.729054,-0.08115,-0.590954,0.478576,0.649435,-0.077419,-0.008286,-0.113898,-0.131419,-1.407263,-0.186205,0.322783,-0.194091,-0.020332,0.302722,-0.179142,0.725193,0.664827,-0.550998,-0.633689,0.54293,0.815233,-0.269956,0.512232,0.026703,-0.053923,-0.042437,3.703807,4.198338,2.348291,-1.40192,0.029804,0.031773,-0.018083,0.138104,-0.709501,0.691038,0.609964,0.610633,0.505045,-0.780301,0.35176,0.517101,0.005886,-0.026912,-0.021066,3.753323,5.925028,0.482444,-0.900998,0.077493,0.038652,-0.047691,0.539532,-0.469562,-0.698867,0.643421,0.765312,-0.017478,0.543058,-0.440236,0.715037,-0.038659,-0.004619,-0.057308,-0.159766,-1.458696,-0.219971,0.210952
84,0.155038,-0.008327,0.335844,-0.382697,0.473251,-0.793487,-0.698172,-0.710586,-0.087148,-0.604615,0.520048,0.603339,-0.093033,-0.022483,-0.110237,-0.137877,-1.489361,-0.111682,0.346156,-0.193305,-0.022344,0.30133,-0.06401,0.694798,0.716345,-0.626585,-0.586566,0.513094,0.776748,-0.416864,0.471965,0.02745,-0.047762,-0.036174,3.683265,4.531179,1.972872,-1.402266,0.0302,0.030738,-0.018804,0.025695,-0.667761,0.743931,0.681432,0.556193,0.475709,-0.731429,0.494716,0.469325,0.006262,-0.023478,-0.017022,0.96675,2.275961,-0.669865,-0.930228,0.075946,0.038235,-0.049774,0.492591,-0.458789,-0.739503,0.66352,0.747835,-0.02198,0.563111,-0.479848,0.672793,-0.039368,-0.016956,-0.051113,-0.01195,-1.207685,0.362461,0.246223
85,0.153389,-0.008866,0.333743,-0.352729,0.470277,-0.808992,-0.707953,-0.699411,-0.097968,-0.611459,0.537584,0.580645,-0.093647,-0.022225,-0.111198,-0.025307,-1.25401,0.265927,0.356103,-0.192917,-0.02322,0.300743,-0.021308,0.676591,0.736045,-0.649606,-0.568892,0.504289,0.759941,-0.468226,0.450684,0.027994,-0.04243,-0.030297,0.518421,2.198427,0.156712,-1.402598,0.030404,0.030276,-0.019117,-0.01946,-0.644509,0.764348,0.705389,0.532936,0.467338,-0.708553,0.548257,0.444259,0.014031,-0.020877,-0.014702,0.540608,2.179614,0.155104,-0.943127,0.075122,0.037961,-0.050828,0.464304,-0.456528,-0.758948,0.674783,0.737375,-0.030738,0.573662,-0.497853,0.650424,-0.039744,-0.017597,-0.052289,-0.047927,-1.23651,0.246629,0.261899
86,0.149913,-0.010032,0.329529,-0.311718,0.455246,-0.834044,-0.712493,-0.692685,-0.111862,-0.628274,0.558812,0.541321,-0.094742,-0.030055,-0.102392,0.056828,-0.992033,0.607904,0.382909,-0.192026,-0.02461,0.299861,0.073258,0.642185,0.763036,-0.698091,-0.513274,0.499153,0.712092,-0.570021,0.409714,0.029133,-0.030651,-0.0169,0.767984,1.944153,0.227218,-1.40267,0.030827,0.029598,-0.019552,-0.107646,-0.603239,0.790262,0.746028,0.476402,0.465277,-0.657155,0.639643,0.398751,0.0146,-0.01501,-0.008,-0.246879,1.620117,-0.321833,-0.962559,0.073414,0.037385,-0.052907,0.426174,-0.442884,-0.788814,0.68082,0.731204,-0.042711,0.595701,-0.518838,0.613144,-0.047329,-0.015591,-0.051617,0.013861,-1.152604,0.481825,0.296353
87,0.146517,-0.011275,0.325663,-0.277042,0.442072,-0.85315,-0.715952,-0.687101,-0.123603,-0.640505,0.576018,0.507921,-0.081621,-0.039881,-0.095394,0.011389,-1.006524,0.377135,0.409522,-0.190893,-0.025481,0.299437,0.189436,0.591305,0.783877,-0.747512,-0.430663,0.505658,0.636338,-0.682466,0.359412,0.03006,-0.020511,-0.005104,4.169624,4.352485,2.111251,-1.402547,0.031404,0.029147,-0.019775,-0.218982,-0.541687,0.811554,0.788495,0.391682,0.474195,-0.574737,0.743747,0.341347,0.015059,-0.009904,-0.002115,0.832182,2.596078,0.858438,-0.973989,0.071681,0.036754,-0.054882,0.392616,-0.432904,-0.811446,0.686083,0.725436,-0.055058,0.612487,-0.535104,0.581826,-0.047931,-0.01972,-0.047388,-0.043276,-1.086873,0.067799,0.334563
88,0.143158,-0.012884,0.322076,-0.249129,0.428506,-0.86854,-0.717961,-0.683554,-0.131364,-0.649683,0.590316,0.479027,-0.082629,-0.047271,-0.085948,0.013419,-0.737172,0.276834,0.432875,-0.189643,-0.026181,0.299525,0.312134,0.514863,0.798424,-0.770812,-0.353872,0.529677,0.554851,-0.781385,0.285377,0.030697,-0.013093,0.003608,0.129642,2.893451,1.157037,-1.402972,0.032029,0.028799,-0.019729,-0.335047,-0.45501,0.82505,0.808855,0.310187,0.499536,-0.483214,0.834715,0.26411,0.015569,-0.011742,0.006013,3.435774,4.741446,2.124847,-0.980848,0.070001,0.03595,-0.056682,0.365535,-0.420424,-0.830437,0.689089,0.722001,-0.062209,0.625731,-0.549506,0.553626,-0.041225,-0.023597,-0.042852,-0.004832,-0.71077,0.061627,0.371467
89,0.141565,-0.01387,0.320471,-0.235235,0.421329,-0.875894,-0.718295,-0.682413,-0.135411,-0.65449,0.59677,0.464257,-0.083293,-0.056751,-0.077274,-0.002074,-0.62485,0.317079,0.444685,-0.188959,-0.026482,0.299678,0.365639,0.470879,0.802853,-0.773782,-0.325428,0.543408,0.516684,-0.820488,0.244334,0.031492,-0.02231,0.014015,-0.815022,2.411019,0.618478,-1.402609,0.032371,0.028655,-0.019652,-0.386021,-0.405945,0.828369,0.80966,0.281239,0.515125,-0.442082,0.869547,0.220113,0.015449,-0.005247,0.003355,0.319159,2.879441,1.058508,-0.982971,0.069205,0.035461,-0.057487,0.351987,-0.413626,-0.839653,0.689862,0.720931,-0.065948,0.63261,-0.556032,0.539103,-0.041547,-0.028255,-0.038433,-0.002747,-0.515037,0.142966,0.387796
90,0.138569,-0.016104,0.317722,-0.218862,0.401697,-0.889261,-0.706593,-0.693709,-0.139518,-0.672668,0.597308,0.43677,-0.083639,-0.060039,-0.063224,0.435745,-0.38173,-0.174965,0.465312,-0.187518,-0.026909,0.300041,0.461946,0.368242,0.806843,-0.782217,-0.259395,0.566377,0.417271,-0.893195,0.167181,0.031032,-0.009036,0.008331,-0.896841,1.780684,0.271594,-1.402947,0.033103,0.02844,-0.019457,-0.475782,-0.292957,0.829341,0.811903,0.216377,0.542212,-0.338295,0.93132,0.134904,0.015546,-0.004418,0.004362,-0.927389,1.813686,0.296228,-0.977582,0.067676,0.034316,-0.058897,0.335594,-0.395135,-0.855128,0.678235,0.731332,-0.07176,0.653738,-0.555896,0.513425,-0.041725,-0.029769,-0.031299,0.456801,-0.304445,-0.136227,0.421107
91,0.135867,-0.018466,0.315537,-0.202685,0.387718,-0.899243,-0.69481,-0.703993,-0.146986,-0.689806,0.594526,0.413199,-0.068575,-0.052279,-0.056666,0.091354,-0.41871,0.317695,0.472914,-0.186026,-0.027038,0.300365,0.520007,0.29884,0.800174,-0.771737,-0.236859,0.590129,0.365227,-0.92474,0.10643,0.045693,0.005464,0.002898,-0.238596,1.576296,0.311084,-1.40297,0.033833,0.028373,-0.019296,-0.52739,-0.220498,0.820511,0.800182,0.195723,0.566921,-0.285598,0.955548,0.073216,0.015312,0.003236,0.002618,0.671529,2.333777,0.47737,-0.977745,0.066324,0.033132,-0.059993,0.319974,-0.382118,-0.866949,0.66661,0.741037,-0.080588,0.673236,-0.552131,0.491836,-0.034181,-0.025772,-0.027898,0.113826,-0.346521,0.374439,0.442172
92,0.134644,-0.01959,0.314617,-0.194903,0.381075,-0.903792,-0.691201,-0.707086,-0.149137,-0.695657,0.595158,0.402338,-0.06851,-0.058475,-0.0439,-0.102451,-0.717644,-0.149094,0.468341,-0.18528,-0.026979,0.300456,0.541915,0.273808,0.794574,-0.770217,-0.216219,0.599956,0.335392,-0.937433,0.092699,0.030497,0.004494,0.002907,0.99953,1.853298,0.096977,-1.402883,0.034223,0.028408,-0.019245,-0.548101,-0.192604,0.813933,0.796636,0.176308,0.578174,-0.254862,0.965307,0.0568,0.015252,0.002319,0.001512,1.051079,1.799074,0.038248,-0.979541,0.065712,0.032568,-0.060455,0.313012,-0.378226,-0.871187,0.66331,0.743559,-0.084493,0.679737,-0.55142,0.483624,-0.034136,-0.028779,-0.021416,-0.092535,-0.643327,-0.113052,0.443805
93,0.132427,-0.021558,0.313033,-0.183926,0.377716,-0.907495,-0.683845,-0.712309,-0.157936,-0.705851,0.591064,0.390441,-0.052333,-0.048077,-0.033404,-0.048553,-0.211544,0.027769,0.468616,-0.183863,-0.026774,0.300582,0.567482,0.249819,0.784567,-0.762635,-0.199425,0.615265,0.309452,-0.947773,0.076344,0.045613,0.005412,0.0027,-0.072296,0.185198,0.954759,-1.402767,0.034915,0.028508,-0.019183,-0.569777,-0.167898,0.804464,0.789496,0.159925,0.592553,-0.228143,0.972745,0.041434,0.015276,0.003006,0.002329,0.422635,-0.653028,2.611541,-0.974806,0.064622,0.031598,-0.061239,0.302024,-0.37398,-0.87688,0.656481,0.748568,-0.093145,0.691239,-0.547524,0.471596,-0.025893,-0.018157,-0.02042,-0.019845,-0.25553,0.026084,0.441682
94,0.130673,-0.023094,0.3119,-0.182397,0.377284,-0.907983,-0.676157,-0.718527,-0.162793,-0.713611,0.583775,0.387291,-0.036097,-0.039822,-0.024571,-0.035545,0.001734,-0.004547,0.473527,-0.182767,-0.026539,0.300705,0.577287,0.235078,0.781965,-0.760394,-0.19388,0.619795,0.29658,-0.952665,0.065824,0.0153,0.003921,0.003368,-0.133759,0.31374,0.230156,-1.403053,0.035474,0.028629,-0.019118,-0.578985,-0.152766,0.800898,0.786391,0.154785,0.598022,-0.215325,0.976065,0.030515,0.014871,0.007951,-0.002535,-0.108574,0.469821,0.402885,-0.974479,0.06374,0.030827,-0.061808,0.300481,-0.373709,-0.877526,0.649048,0.75428,-0.098976,0.698889,-0.539817,0.469202,-0.017748,-0.013892,-0.015854,-0.00206,-0.010556,0.014404,0.446744
95,0.129438,-0.024249,0.311089,-0.18632,0.37511,-0.908087,-0.667452,-0.726524,-0.163222,-0.72075,0.575223,0.386865,-0.034389,-0.029543,-0.0134,-0.033832,-0.012724,0.019845,0.477326,-0.182092,-0.026369,0.300832,0.595691,0.212831,0.774498,-0.755258,-0.179407,0.630342,0.272357,-0.960671,0.052878,0.015275,0.003731,0.003126,-0.31527,0.61861,0.464244,-1.40288,0.035818,0.028714,-0.019054,-0.595181,-0.130081,0.792992,0.780538,0.141089,0.608977,-0.191099,0.981413,0.01756,0.00764,0.00177,0.001447,-0.275748,0.560864,0.421861,-0.97301,0.063109,0.030235,-0.062223,0.304232,-0.371369,-0.877226,0.64005,0.761732,-0.100498,0.705533,-0.530895,0.469439,-0.017073,-0.014204,-0.00604,-0.038507,-0.010685,0.015347,0.452133
96,0.128987,-0.024642,0.310791,-0.188273,0.373957,-0.90816,-0.662508,-0.730931,-0.163691,-0.724789,0.570376,0.386495,-0.01793,-0.013884,-0.01616,-0.002126,0.044236,-0.078988,0.478734,-0.181897,-0.026319,0.300874,0.607201,0.205235,0.767578,-0.748534,-0.175846,0.639303,0.265419,-0.96297,0.045867,0.015208,0.002494,0.001667,-0.307801,0.556576,0.425639,-1.403272,0.035909,0.028738,-0.019034,-0.605905,-0.122195,0.786096,0.773882,0.138447,0.618011,-0.18435,0.982802,0.010678,0.007596,0.000898,0.000419,0.078429,0.186148,0.405934,-0.974643,0.062897,0.030051,-0.062365,0.305963,-0.370172,-0.87713,0.634974,0.765809,-0.101698,0.709361,-0.52584,0.469359,-0.008848,-0.006393,-0.00744,-0.010581,0.134122,-0.23015,0.455072
97,0.128498,-0.025028,0.31045,-0.186923,0.373067,-0.908804,-0.647313,-0.742602,-0.17176,-0.738733,0.555708,0.381432,-0.00126,-0.006486,-0.007376,1.14086,-1.365945,2.077711,0.478626,-0.181679,-0.02621,0.300937,0.62098,0.197703,0.758477,-0.737925,-0.178435,0.650816,0.263226,-0.96406,0.034113,0.000118,0.002407,0.002824,0.751695,-0.958625,2.486,-1.402639,0.036024,0.028793,-0.019004,-0.620328,-0.111359,0.776396,0.762956,0.143898,0.63023,-0.181904,0.983306,-0.004302,4.1e-05,0.001205,0.00144,0.80808,-1.036332,2.428869,-0.975622,0.06264,0.029848,-0.062539,0.307258,-0.368305,-0.877463,0.620302,0.776775,-0.108834,0.721676,-0.510853,0.46713,-0.000493,-0.002573,-0.002915,-0.004486,0.016331,-0.028848,0.457031
98,0.12838,-0.025035,0.310408,-0.19157,0.370326,-0.908958,-0.633401,-0.75404,-0.173774,-0.749514,0.541981,0.380148,0.000273,0.001404,0.001597,0.448097,0.18837,-0.35982,0.47939,-0.181611,-0.026033,0.301011,0.629181,0.190542,0.753536,-0.733398,-0.175132,0.656803,0.256325,-0.966097,0.028587,0.000165,0.003371,0.003951,-0.005024,-0.003261,0.032274,-1.403095,0.036058,0.028877,-0.018971,-0.628224,-0.104567,0.770972,0.758095,0.140613,0.636802,-0.174998,0.984526,-0.009065,8.1e-05,0.001609,0.001884,0.018603,-0.02442,-0.022861,-0.973336,0.06258,0.029845,-0.06256,0.308993,-0.366457,-0.877628,0.60634,0.786836,-0.115067,0.732716,-0.496587,0.465324,-0.007244,0.00204,0.002099,1.526081,0.315364,-0.65364,0.457848
99,0.128424,-0.024989,0.310477,-0.190289,0.367592,-0.910336,-0.628387,-0.757993,-0.174781,-0.754047,0.538324,0.376361,0.000653,0.003356,0.003815,0.000501,-0.024807,0.018196,0.48281,-0.181609,-0.025934,0.30108,0.63257,0.193993,0.749809,-0.730403,-0.172199,0.660903,0.256531,-0.965942,0.031802,0.000226,0.004627,0.00542,0.002267,-0.015681,0.026363,-1.402943,0.036059,0.028926,-0.018938,-0.631754,-0.108221,0.767577,0.755106,0.137912,0.640933,-0.17522,0.984514,-0.005409,0.000102,0.002078,0.002431,0.003497,-0.022779,0.01653,-0.972193,0.062597,0.02987,-0.062523,0.307842,-0.363423,-0.879292,0.600815,0.790849,-0.116521,0.737735,-0.492423,0.461807,0.000369,0.001886,0.002146,0.012315,0.016156,8.9e-05,0.459154
100,0.128571,-0.024907,0.310636,-0.19085,0.361342,-0.912718,-0.623779,-0.762532,-0.17151,-0.757721,0.536148,0.372064,0.015519,0.001279,0.001898,-0.057663,-0.522171,-0.271883,0.490492,-0.181702,-0.025745,0.301294,0.636657,0.198411,0.745179,-0.726593,-0.16896,0.665919,0.25723,-0.965622,0.035638,0.000249,0.005084,0.005943,0.001763,-0.015096,0.024488,-1.402966,0.036013,0.029021,-0.01883,-0.636198,-0.112578,0.763267,0.751186,0.135274,0.64608,-0.175985,0.984391,-0.001494,0.000115,0.002399,0.002804,-0.003539,0.000596,-0.005158,-0.964029,0.062673,0.029921,-0.062432,0.309481,-0.359689,-0.880252,0.595884,0.794757,-0.115252,0.741042,-0.48886,0.460294,0.000325,0.001673,0.001897,0.001099,-0.004197,0.031163,0.470584
101,0.128839,-0.024975,0.310644,-0.191091,0.361305,-0.912682,-0.623844,-0.762525,-0.171304,-0.757606,0.536184,0.372245,0.014563,-0.003658,-0.003712,0.000388,-5.9e-05,0.004745,0.492394,-0.181998,-0.025545,0.301553,0.637615,0.199778,0.743994,-0.725532,-0.168498,0.667192,0.257849,-0.965422,0.036553,-0.01481,0.004842,0.0069,-0.000284,0.000111,-0.004761,-1.402976,0.035871,0.029123,-0.018699,-0.637264,-0.113944,0.762175,0.750119,0.135029,0.64737,-0.17668,0.984267,-0.000578,0.000115,0.002394,0.002797,-0.001199,-0.000992,-8.8e-05,-0.964029,0.062809,0.029897,-0.062416,0.308727,-0.357285,-0.881495,0.595719,0.795113,-0.113633,0.741488,-0.490042,0.458315,-0.000144,-0.000744,-0.000847,-0.000128,0.004263,0.002885,0.476789
102,0.129063,-0.02507,0.310559,-0.191274,0.361271,-0.912657,-0.623837,-0.762561,-0.171171,-0.757565,0.536156,0.372369,0.014234,-0.005389,-0.005686,-0.003637,0.101937,-0.165958,0.489656,-0.182186,-0.025443,0.301672,0.637937,0.20026,0.743588,-0.725176,-0.168314,0.667626,0.258052,-0.965355,0.036896,-0.014806,0.00478,0.006817,-0.000285,0.00011,-0.004762,-1.402736,0.035777,0.029174,-0.01864,-0.637629,-0.114432,0.761796,0.749754,0.134915,0.647816,-0.176909,0.984226,-0.00023,-0.000246,0.007943,-0.001306,0.047629,-0.116507,0.186669,-0.966968,0.062916,0.029852,-0.062455,0.308802,-0.357332,-0.88145,0.595742,0.795099,-0.113617,0.741439,-0.490031,0.458406,-0.000397,-0.00207,-0.002356,-0.00117,0.015272,-0.024019,0.476953
103,0.129644,-0.025354,0.310316,-0.19202,0.36108,-0.912576,-0.623804,-0.762719,-0.170586,-0.757403,0.53606,0.372836,0.029069,-0.007795,-0.008016,0.001969,-0.029429,0.059106,0.477522,-0.182732,-0.025263,0.301881,0.639687,0.202205,0.741556,-0.723554,-0.166736,0.669778,0.258271,-0.965226,0.038695,-0.029942,0.0026,0.005497,-0.004089,0.030411,-0.058491,-1.402967,0.035509,0.029268,-0.018531,-0.639597,-0.116364,0.759851,0.748017,0.133592,0.650095,-0.177158,0.984181,0.001597,-0.007439,0.001622,0.002514,-0.00109,-0.000252,-0.005204,-0.968438,0.0632,0.029713,-0.062582,0.309654,-0.357039,-0.881269,0.595597,0.795304,-0.112934,0.741199,-0.489911,0.458921,0.006969,-0.003525,-0.003807,-8e-05,4e-06,0.005052,0.468298
104,0.130503,-0.025667,0.309999,-0.191847,0.361302,-0.912524,-0.623861,-0.762615,-0.170846,-0.757401,0.536059,0.372844,0.029009,-0.008279,-0.008615,0.001376,-0.014668,0.034361,0.47088,-0.183448,-0.025053,0.301914,0.644298,0.20696,0.736233,-0.719442,-0.162094,0.675325,0.258292,-0.965016,0.043513,-0.015665,0.012455,-0.005402,0.036435,0.000978,-0.005796,-1.403087,0.03514,0.029374,-0.018512,-0.644706,-0.120967,0.754797,0.743626,0.12954,0.655925,-0.177122,0.984167,0.006439,-0.007838,0.006156,-0.002772,0.033114,0.004059,-0.013646,-0.967458,0.063645,0.029544,-0.062746,0.309454,-0.357299,-0.881234,0.595731,0.795165,-0.113205,0.741175,-0.489947,0.458922,0.014509,-0.004138,-0.004319,0.001065,-0.014706,0.034526,0.456215
105,0.131644,-0.025914,0.309669,-0.193178,0.360674,-0.912492,-0.619376,-0.766064,-0.17173,-0.760733,0.531549,0.372516,0.029472,-0.005936,-0.005993,1.510716,0.357191,-0.729268,0.46212,-0.184306,-0.024835,0.301842,0.646306,0.209353,0.733793,-0.71762,-0.15979,0.677807,0.258339,-0.964886,0.04602,-0.01503,-3.5e-05,0.001166,0.010027,-0.089172,0.139605,-1.402896,0.034716,0.029483,-0.018549,-0.646839,-0.123178,0.752612,0.741775,0.12757,0.658403,-0.177112,0.98415,0.008853,-0.015383,0.005408,-0.003043,0.031723,0.018896,-0.041772,-0.968601,0.064215,0.029417,-0.062916,0.310552,-0.356717,-0.881084,0.591605,0.798044,-0.114577,0.744016,-0.485671,0.45887,0.014747,-0.002906,-0.002941,1.532798,0.36906,-0.721955,0.444948
106,0.132299,-0.025999,0.309525,-0.195224,0.36003,-0.912311,-0.619855,-0.766118,-0.169753,-0.759819,0.531909,0.373866,0.029724,-0.0046,-0.004493,-0.002422,0.072792,-0.112102,0.459052,-0.184775,-0.024693,0.301807,0.646496,0.209738,0.733515,-0.717481,-0.1593,0.67807,0.258252,-0.964884,0.046554,-0.014986,0.000657,0.00196,-0.002045,0.015205,-0.029245,-1.402997,0.034493,0.029547,-0.018568,-0.64716,-0.123669,0.752255,0.741499,0.127108,0.658803,-0.177092,0.984148,0.009441,-0.007482,0.000514,0.001211,-0.002274,0.015039,-0.029319,-0.969907,0.06452,0.029376,-0.062985,0.312724,-0.355827,-0.880675,0.591459,0.798437,-0.112575,0.743222,-0.485679,0.460147,0.022502,0.002255,-0.007333,0.038192,-0.059524,0.105808,0.439559
107,0.133637,-0.026124,0.309367,-0.197863,0.358601,-0.912305,-0.610964,-0.772875,-0.171346,-0.766304,0.523033,0.373151,0.030073,-0.002678,-0.002345,0.03862,0.080177,-0.128333,0.455898,-0.185748,-0.024389,0.301715,0.651097,0.214582,0.728024,-0.71336,-0.154169,0.683581,0.258103,-0.964659,0.051759,-0.030698,0.011341,-0.00556,0.0325,0.018386,-0.04044,-1.402927,0.034001,0.0297,-0.018612,-0.652287,-0.128374,0.747021,0.737046,0.122552,0.664637,-0.176871,0.984124,0.014679,-0.007831,0.005792,-0.003211,0.031851,0.006109,-0.01809,-0.970887,0.0652,0.029313,-0.063066,0.31516,-0.354311,-0.880418,0.582458,0.804639,-0.115314,0.749276,-0.476465,0.459962,0.01506,-0.001223,-0.001063,0.138921,-0.00354,0.003012,0.431068
108,0.134936,-0.02625,0.309298,-0.198835,0.358151,-0.912271,-0.606649,-0.776013,-0.172492,-0.769472,0.518682,0.372705,0.030087,-0.002575,-0.002278,-0.002265,0.072497,-0.111633,0.453879,-0.186705,-0.02408,0.301675,0.656377,0.225501,0.719936,-0.706237,-0.151548,0.691516,0.264216,-0.962594,0.058859,-0.029936,0.00135,0.003885,0.842697,-1.058163,2.334719,-1.403224,0.033522,0.029857,-0.018637,-0.656932,-0.137691,0.74127,0.731427,0.122126,0.670894,-0.182904,0.982917,0.020483,-0.01528,0.006485,-0.00184,0.042961,-0.084412,0.123765,-0.97301,0.06585,0.029252,-0.063097,0.316116,-0.353784,-0.880287,0.578089,0.807547,-0.116955,0.752251,-0.471914,0.459797,0.015051,-0.001259,-0.00113,0.001247,-0.029669,0.059037,0.428292
109,0.135483,-0.026351,0.309241,-0.200982,0.357055,-0.91223,-0.602107,-0.779535,-0.172519,-0.772472,0.514139,0.372793,0.029497,-0.015322,0.004068,0.420358,0.071278,-0.143652,0.452544,-0.18717,-0.023924,0.301686,0.655584,0.230294,0.719142,-0.704734,-0.155075,0.692268,0.27012,-0.960902,0.059706,-0.030534,0.013191,-0.003474,0.032306,0.018505,-0.041027,-1.403025,0.03329,0.02993,-0.018629,-0.658193,-0.144013,0.738946,0.728726,0.1246,0.673373,-0.189048,0.981699,0.022935,-0.007413,0.00134,0.002146,0.00958,-0.088649,0.137554,-0.976602,0.066124,0.02921,-0.063125,0.318115,-0.352627,-0.880031,0.573762,0.810565,-0.117388,0.754718,-0.467586,0.460177,0.007328,-0.001761,-0.001872,1.531142,0.384699,-0.751633,0.426169
110,0.136197,-0.026633,0.309011,-0.20318,0.353004,-0.913319,-0.597309,-0.783747,-0.170102,-0.775612,0.51053,0.371231,0.013982,-0.007566,-0.008363,-0.02115,-0.191067,-0.10867,0.455173,-0.187946,-0.023596,0.30181,0.661777,0.233889,0.712277,-0.698701,-0.151625,0.699113,0.27068,-0.960589,0.06216,-0.015326,0.015789,-0.001642,0.070925,-0.145956,0.245883,-1.402999,0.032902,0.030089,-0.018573,-0.664621,-0.147105,0.732555,0.722749,0.122088,0.680241,-0.189503,0.981556,0.025177,-0.007337,0.002452,0.00342,0.29899,-0.467231,0.955303,-0.970234,0.066482,0.029073,-0.063227,0.320633,-0.349002,-0.880563,0.568188,0.814681,-0.116,0.757862,-0.463133,0.459512,-0.000515,-0.003047,-0.003507,-0.046225,-0.344805,-0.236152,0.424373
111,0.136409,-0.026981,0.308569,-0.206181,0.345201,-0.915626,-0.587571,-0.791882,-0.166297,-0.782225,0.503275,0.367241,-0.001826,-0.010744,-0.012367,-0.003314,-0.11459,-0.107817,0.460853,-0.188509,-0.023364,0.302044,0.664372,0.242506,0.70696,-0.693585,-0.152006,0.704108,0.277374,-0.9584,0.0663,-0.014623,0.005265,0.007194,0.001749,-0.002624,0.000996,-1.403014,0.032609,0.030214,-0.018453,-0.668217,-0.15596,0.727435,0.717592,0.12292,0.685529,-0.196331,0.980085,0.029778,-0.00731,0.002659,0.003638,-0.000604,0.000631,-0.006115,-0.961089,0.0666,0.028898,-0.063448,0.322997,-0.34018,-0.883147,0.55758,0.822415,-0.112861,0.764707,-0.455972,0.455315,-0.00099,-0.005869,-0.006761,0.024156,-0.099724,-0.149168,0.430415
112,0.136164,-0.02742,0.307917,-0.201705,0.328633,-0.922692,-0.5769,-0.801118,-0.159277,-0.791285,0.499761,0.352326,-0.017361,-0.002613,-0.024453,-0.062365,-0.801887,-0.555589,0.46437,-0.188865,-0.023167,0.302313,0.665165,0.243747,0.705786,-0.692568,-0.151543,0.705208,0.278011,-0.95816,0.067102,-0.014607,0.005284,0.007193,-0.000319,7e-06,-0.004823,-1.403213,0.032431,0.030313,-0.018317,-0.669092,-0.157135,0.726377,0.716605,0.122619,0.686616,-0.196958,0.979935,0.03056,-0.007307,0.002634,0.003595,-0.000213,0.000202,-0.004972,-0.962559,0.066483,0.028676,-0.06377,0.319724,-0.326767,-0.889381,0.546034,0.830655,-0.108897,0.774353,-0.450815,0.444006,-0.008848,-0.007037,-0.008306,-0.055186,-0.385876,-0.335626,0.435804
