frame,MLTx,MLTy,MLTz,MLTR1,MLTR2,MLTR3,MLTR4,MLTR5,MLTR6,MLTR7,MLTR8,MLTR9,MLTTVx,MLTTVy,MLTTVz,MLTRVx,MLTRVy,MLTRVz,MLGA,MRTx,MRTy,MRTz,MRTR1,MRTR2,MRTR3,MRTR4,MRTR5,MRTR6,MRTR7,MRTR8,MRTR9,MRTTVx,MRTTVy,MRTTVz,MRTRVx,MRTRVy,MRTRVz,MRGA,SLTx,SLTy,SLTz,SLTR1,SLTR2,SLTR3,SLTR4,SLTR5,SLTR6,SLTR7,SLTR8,SLTR9,SLTTVx,SLTTVy,SLTTVz,SLTRVx,SLTRVy,SLTRVz,SLGA,SRTx,SRTy,SRTz,SRTR1,SRTR2,SRTR3,SRTR4,SRTR5,SRTR6,SRTR7,SRTR8,SRTR9,SRTTVx,SRTTVy,SRTTVz,SRTRVx,SRTRVy,SRTRVz,SRGA
446,0.086975,0.003621,0.414812,-0.137533,-0.246689,-0.959309,0.240598,-0.947801,0.209181,-0.960668,-0.20174,0.190903,-0.00066,-0.009503,0.010027,-0.059403,-0.106346,-0.064138,0.029562,-0.092393,0.035504,0.367159,0.261749,-0.185575,0.947122,-0.802917,0.502542,0.320483,-0.535742,-0.844094,-0.018666,0.0,-0.0,-0.0,-0.0,0.0,0.0,-1.27297,0.043712,0.035526,-0.001242,-0.094843,0.057486,0.99383,0.852982,-0.51002,0.110902,0.51325,0.858238,-0.000663,1e-06,8e-06,8e-06,-0.000127,-4.3e-05,3.3e-05,-0.814291,0.081007,0.024443,-0.035851,-0.13676,-0.212264,-0.967595,0.30267,-0.939016,0.163215,-0.943232,-0.270541,0.192665,0.0,-2e-06,-2e-06,-0.021079,-0.118102,-0.046088,-0.100443
447,0.086994,0.003617,0.414809,-0.131916,-0.248392,-0.959659,0.239907,-0.947314,0.212164,-0.961635,-0.20194,0.185754,-0.0,-0.0,-0.0,-0.095972,-0.4814,-0.186403,-0.006849,-0.092393,0.035504,0.367159,0.261749,-0.185575,0.947122,-0.802917,0.502542,0.320483,-0.535742,-0.844094,-0.018666,0.0,-0.0,-0.0,-0.0,0.0,0.0,-1.272724,0.043712,0.035526,-0.001242,-0.094843,0.057485,0.99383,0.852984,-0.510018,0.110902,0.513247,0.85824,-0.000662,2e-06,4e-06,7e-06,-9.6e-05,-2.3e-05,1.4e-05,-0.813311,0.081016,0.024437,-0.035848,-0.133569,-0.213535,-0.967761,0.302335,-0.93874,0.165405,-0.943797,-0.270495,0.189945,0.006304,-0.001406,-0.000909,-0.098122,-0.523348,-0.167709,-0.146327
448,0.087051,0.003626,0.414766,-0.130704,-0.240486,-0.961836,0.239773,-0.949001,0.20464,-0.961836,-0.203584,0.1829,-7.6e-05,-0.000246,-0.000143,0.023385,-0.093622,0.229181,-0.072614,-0.09241,0.035492,0.367165,0.26164,-0.18842,0.94659,-0.802848,0.501744,0.321903,-0.535899,-0.843934,-0.0212,0.0,-0.0,-0.0,-4.1e-05,0.000175,0.0001,-1.270403,0.043704,0.03552,-0.001239,-0.094865,0.060433,0.993654,0.85316,-0.509388,0.112432,0.51295,0.858411,-0.003236,2e-06,1e-06,3e-06,0.000585,-0.005142,-0.002889,-0.812822,0.081045,0.024442,-0.03587,-0.130983,-0.2058,-0.969788,0.301963,-0.940017,0.158698,-0.944278,-0.272053,0.18527,0.000287,0.004592,-0.005106,0.123602,-0.353894,0.85985,-0.216542
449,0.087125,0.003594,0.41477,-0.12895,-0.228614,-0.964963,0.239332,-0.95147,0.19338,-0.962185,-0.205734,0.178609,4.5e-05,0.000148,8.5e-05,0.010418,-0.074297,0.186365,-0.129808,-0.092401,0.035494,0.367165,0.261663,-0.188422,0.946584,-0.802841,0.501741,0.321924,-0.535897,-0.843936,-0.021189,0.0,-0.0,-0.0,-0.0,0.0,0.0,-1.262823,0.043709,0.035521,-0.001239,-0.094891,0.060378,0.993654,0.853156,-0.509396,0.112426,0.512952,0.858411,-0.003175,-0.0,1e-06,-1e-06,3.3e-05,-8.5e-05,-6.4e-05,-0.813475,0.081082,0.024426,-0.035868,-0.130073,-0.193602,-0.972419,0.301499,-0.942031,0.147223,-0.944552,-0.274034,0.180903,2.8e-05,0.000102,5.8e-05,-0.000768,0.001666,-0.003869,-0.263243
450,0.087193,0.003573,0.41478,-0.131113,-0.223328,-0.965908,0.239428,-0.952585,0.187693,-0.961866,-0.206387,0.179572,1e-06,2e-06,1e-06,0.028128,0.017342,0.219711,-0.206976,-0.092418,0.035483,0.36716,0.261882,-0.188427,0.946522,-0.802781,0.501717,0.322111,-0.535881,-0.843949,-0.021079,1e-06,-6e-06,-4e-06,-0.0,0.0,0.0,-1.252988,0.0437,0.035516,-0.001242,-0.095117,0.060383,0.993632,0.853129,-0.509398,0.112622,0.512955,0.858409,-0.003062,-1e-06,5e-06,3e-06,1.6e-05,-9e-06,1.4e-05,-0.813148,0.081116,0.024415,-0.035863,-0.132743,-0.188504,-0.973059,0.3016,-0.942873,0.141513,-0.944148,-0.27469,0.182013,-2e-06,-5e-06,-5e-06,0.019098,0.100016,0.037136,-0.314353
451,0.087201,0.003571,0.414767,-0.130983,-0.222452,-0.966128,0.239387,-0.952758,0.186864,-0.961894,-0.206533,0.179251,-1.3e-05,-4.1e-05,-2.4e-05,0.010533,-0.071971,0.185117,-0.238942,-0.092442,0.035462,0.367149,0.262055,-0.18843,0.946474,-0.802733,0.501698,0.32226,-0.535868,-0.843959,-0.02099,0.000237,-0.000917,-0.000591,-0.0,0.0,0.0,-1.245106,0.043688,0.035507,-0.001246,-0.095296,0.060386,0.993615,0.853107,-0.5094,0.112778,0.512958,0.858408,-0.002972,0.000156,-0.000605,-0.000388,1.4e-05,-1.6e-05,2.1e-05,-0.812168,0.081119,0.024414,-0.035869,-0.132639,-0.18748,-0.973271,0.301531,-0.943038,0.140563,-0.944184,-0.274828,0.181614,-6e-06,-1.8e-05,-1.1e-05,0.007563,-0.085353,0.179764,-0.341949
452,0.087179,0.003599,0.414784,-0.132222,-0.221108,-0.966268,0.233699,-0.954274,0.186329,-0.963121,-0.200912,0.179053,-0.013055,-0.006008,0.012242,-0.079334,0.039219,-0.038234,-0.302832,-0.092458,0.03545,0.367143,0.262559,-0.188444,0.946331,-0.802594,0.501643,0.322694,-0.535831,-0.843989,-0.020737,2e-06,-7e-06,-4e-06,-0.0,0.0,0.0,-1.225921,0.04368,0.035499,-0.00125,-0.095818,0.0604,0.993564,0.853045,-0.509404,0.113233,0.512965,0.858405,-0.002714,-3e-06,1.3e-05,9e-06,1.1e-05,1.1e-05,-1e-05,-0.809229,0.081113,0.02443,-0.035866,-0.133817,-0.186184,-0.973359,0.295969,-0.944875,0.140046,-0.945777,-0.269344,0.181545,0.000135,0.000438,0.000255,-0.145623,0.028173,0.026605,-0.39159
453,0.087138,0.003663,0.414822,-0.134887,-0.219807,-0.966197,0.222407,-0.956917,0.186592,-0.965419,-0.189454,0.179167,0.000483,0.001575,0.000911,-0.043252,0.008353,0.00802,-0.34549,-0.09246,0.035458,0.367148,0.262867,-0.188454,0.946244,-0.802509,0.501608,0.322959,-0.535808,-0.844008,-0.020583,-7.3e-05,0.000285,0.000183,-0.0,0.0,0.0,-1.205543,0.043679,0.035503,-0.001248,-0.096135,0.060409,0.993533,0.853007,-0.509405,0.113511,0.512969,0.858403,-0.002558,-4.6e-05,0.000188,0.000125,1.4e-05,-9e-06,4e-06,-0.807106,0.081088,0.024459,-0.035843,-0.136574,-0.185087,-0.973185,0.284819,-0.948247,0.140373,-0.948801,-0.25801,0.182222,0.00031,0.000999,0.000584,-0.155473,0.101975,-0.157855,-0.431922
454,0.087083,0.003753,0.414864,-0.136217,-0.219133,-0.966163,0.216775,-0.958187,0.186706,-0.966511,-0.183743,0.179229,0.001204,0.003921,0.002265,0.001132,-0.010588,0.0268,-0.373825,-0.092458,0.03545,0.367143,0.263132,-0.188462,0.946169,-0.802435,0.501579,0.323187,-0.535788,-0.844023,-0.02045,0.000119,-0.00046,-0.000296,-0.0,0.0,0.0,-1.197734,0.04368,0.035501,-0.001249,-0.09641,0.060417,0.993506,0.852974,-0.509407,0.11375,0.512972,0.858401,-0.002423,9.6e-05,-0.000363,-0.000232,1.1e-05,1.2e-05,-3.9e-05,-0.807106,0.081058,0.024498,-0.035825,-0.137958,-0.184511,-0.973099,0.279227,-0.949886,0.140523,-0.950262,-0.252329,0.182565,-0.00577,0.003128,0.001915,-0.002922,0.004414,-0.002375,-0.449395
455,0.08696,0.003907,0.414967,-0.136269,-0.219191,-0.966142,0.216762,-0.958179,0.186757,-0.966506,-0.183709,0.179287,0.00073,0.002375,0.001371,0.0,0.0,0.0,-0.446491,-0.092446,0.035437,0.367146,0.263407,-0.188465,0.946092,-0.802374,0.501527,0.323421,-0.535746,-0.844054,-0.020317,0.000195,-0.000754,-0.000486,-0.0,0.0,0.0,-1.175976,0.043686,0.035495,-0.001248,-0.096693,0.060421,0.993478,0.852953,-0.509387,0.113996,0.512953,0.858413,-0.002282,0.000131,-0.000503,-0.000324,1.1e-05,-3e-06,2.9e-05,-0.806943,0.080999,0.024583,-0.03577,-0.137997,-0.184555,-0.973085,0.27923,-0.949881,0.140556,-0.950256,-0.252319,0.182614,0.000438,0.001425,0.000825,0.000397,-5.9e-05,-7.9e-05,-0.495606
456,0.086848,0.003957,0.415021,-0.136346,-0.219419,-0.96608,0.216737,-0.958143,0.186973,-0.966501,-0.183627,0.1794,5.2e-05,0.000168,9.7e-05,0.0,0.0,0.0,-0.510716,-0.092429,0.035449,0.367151,0.263283,-0.191316,0.945554,-0.802294,0.500742,0.324831,-0.535926,-0.843875,-0.022857,-2.8e-05,0.000107,6.9e-05,-0.052853,0.223302,0.127976,-1.100559,0.043695,0.035499,-0.001246,-0.096723,0.062248,0.993362,0.853028,-0.509045,0.114957,0.512823,0.858485,-0.003862,-2.2e-05,8e-05,5.3e-05,-0.089624,0.436597,0.249327,-0.790941,0.080944,0.02461,-0.035741,-0.138056,-0.184792,-0.973032,0.279218,-0.949852,0.140773,-0.95025,-0.252253,0.18273,8e-06,2.6e-05,1.9e-05,0.000271,-3.3e-05,-5e-05,-0.548839
457,0.08678,0.003979,0.415011,-0.141561,-0.216425,-0.966005,0.194063,-0.962939,0.187244,-0.970555,-0.160698,0.179519,-0.0,-1e-06,-1e-06,-0.144144,0.02794,0.026787,-0.568485,-0.092358,0.03551,0.367194,0.263914,-0.191335,0.945374,-0.802133,0.500647,0.325374,-0.535857,-0.843926,-0.02255,0.011682,0.005125,0.002096,0.002033,-0.015158,0.029273,-0.715303,0.043727,0.035523,-0.001228,-0.097331,0.063369,0.993232,0.853054,-0.508754,0.116052,0.512665,0.858576,-0.00454,-0.000437,0.001693,0.001092,0.002414,-0.017037,0.023426,-0.650511,0.080909,0.024619,-0.035747,-0.143342,-0.182184,-0.972759,0.257349,-0.955958,0.141115,-0.955627,-0.230111,0.183914,-1.5e-05,-2.2e-05,-2.8e-05,-1.617441,0.320269,0.299512,-0.592111
458,0.086764,0.004019,0.414977,-0.141527,-0.216401,-0.966016,0.194187,-0.962922,0.187203,-0.970535,-0.160831,0.179506,0.000662,0.009499,-0.010029,0.035085,-0.016206,0.016675,-0.600529,-0.092294,0.035601,0.367245,0.26205,-0.19447,0.945253,-0.796032,0.51006,0.32574,-0.545782,-0.837547,-0.022345,-0.000976,0.003774,0.00243,0.000343,0.000119,-8e-06,-0.511929,0.043764,0.03557,-0.001203,-0.095547,0.066566,0.993196,0.847212,-0.51838,0.116246,0.522591,0.852555,-0.006866,0.00554,0.003725,0.001791,0.005483,-0.033937,0.054588,-0.56413,0.080901,0.024635,-0.035761,-0.143435,-0.182107,-0.97276,0.256951,-0.956068,0.141095,-0.95572,-0.229714,0.183926,-3e-06,-1.6e-05,-5e-06,0.000692,-0.000189,-0.000175,-0.614155
459,0.086742,0.004132,0.414856,-0.146812,-0.214108,-0.965737,0.183537,-0.965233,0.18604,-0.971815,-0.149677,0.182209,-0.011993,0.012114,-0.008322,0.053933,0.105614,0.028818,-0.655573,-0.092235,0.035714,0.367309,0.262533,-0.194496,0.945114,-0.795898,0.510001,0.326159,-0.545746,-0.837577,-0.022109,-0.000341,0.001319,0.000849,-0.0,0.0,0.0,-0.241042,0.043791,0.035633,-0.001166,-0.096074,0.066552,0.993146,0.847154,-0.518376,0.116687,0.522589,0.852558,-0.006578,-0.000192,0.000741,0.000476,-0.000173,-0.000115,4e-05,-0.444601,0.080894,0.02469,-0.035822,-0.148925,-0.180122,-0.972304,0.246456,-0.959001,0.139909,-0.957642,-0.218795,0.187211,-3.7e-05,-0.000139,-7.4e-05,0.021846,0.128337,0.04972,-0.660366
460,0.086714,0.004244,0.4147,-0.147932,-0.213123,-0.965785,0.178285,-0.966251,0.185862,-0.972621,-0.144432,0.18214,0.000153,0.007844,-0.01098,0.033604,-0.005528,-0.010052,-0.70634,-0.092229,0.035731,0.367308,0.262734,-0.19451,0.945055,-0.795827,0.509998,0.326337,-0.545753,-0.837575,-0.022004,-1e-06,2e-06,1e-06,-0.0,0.0,0.0,-0.055228,0.043794,0.035642,-0.001166,-0.096284,0.066566,0.993125,0.847118,-0.518392,0.116874,0.522609,0.852547,-0.006476,1.4e-05,-5.8e-05,-3.9e-05,-0.000123,-2.1e-05,-6e-06,-0.370794,0.080877,0.024751,-0.035897,-0.150048,-0.179219,-0.972298,0.241265,-0.960339,0.139782,-0.958788,-0.213608,0.187337,-3.4e-05,-0.000125,-6.9e-05,0.000293,-0.002294,-0.000974,-0.682084
461,0.086697,0.004305,0.414631,-0.14977,-0.215117,-0.965059,0.172914,-0.966698,0.188593,-0.973306,-0.138367,0.183183,-7.3e-05,-0.000238,-0.000137,-0.024801,0.093956,-0.228893,-0.722123,-0.092227,0.035724,0.367303,0.262938,-0.191666,0.945579,-0.795884,0.510783,0.324968,-0.545572,-0.837757,-0.019442,2.8e-05,-0.000107,-6.9e-05,0.038518,-0.161264,-0.09245,0.028296,0.043795,0.035638,-0.001169,-0.09635,0.063981,0.993288,0.846996,-0.518881,0.115582,0.522794,0.852448,-0.004198,2.3e-05,-9.6e-05,-6.2e-05,0.051462,-0.235207,-0.134478,-0.262696,0.080867,0.024781,-0.035938,-0.151696,-0.181168,-0.971681,0.235988,-0.961268,0.142384,-0.959842,-0.207706,0.188574,0.000305,0.004628,-0.005077,-0.05733,0.33041,-0.82809,-0.686329
462,0.086636,0.004441,0.41449,-0.151548,-0.216952,-0.96437,0.167785,-0.967101,0.191144,-0.973927,-0.132577,0.184166,-0.012594,0.002805,0.001814,-0.000984,0.014715,-0.029553,-0.747005,-0.09221,0.035699,0.367263,0.263251,-0.183123,0.947183,-0.796109,0.513185,0.320601,-0.545091,-0.838211,-0.011894,0.000498,-0.001922,-0.001238,0.046589,-0.195417,-0.112036,0.150476,0.043803,0.035627,-0.001188,-0.096287,0.05475,0.993846,0.846482,-0.52078,0.110699,0.523637,0.851932,0.003799,0.000326,-0.001263,-0.000814,0.05539,-0.226868,-0.130166,-0.069196,0.080842,0.024847,-0.036009,-0.153368,-0.183336,-0.971012,0.230952,-0.962073,0.145171,-0.960801,-0.201993,0.189893,0.000342,0.004771,-0.004995,0.036113,-0.017775,0.019431,-0.697759
463,0.086577,0.004629,0.414344,-0.153969,-0.215125,-0.964396,0.156874,-0.968951,0.19104,-0.975361,-0.121614,0.184139,0.000778,0.009864,-0.00981,0.035067,-0.016271,0.016649,-0.781032,-0.092245,0.035606,0.36722,0.263995,-0.168833,0.949628,-0.796495,0.516984,0.313459,-0.544168,-0.838894,0.000799,0.000125,-0.000484,-0.000312,0.047985,-0.201664,-0.115603,0.252069,0.043787,0.035575,-0.001213,-0.096415,0.039962,0.994538,0.845646,-0.523705,0.103024,0.524962,0.850961,0.016699,6e-05,-0.000227,-0.000144,0.053646,-0.207491,-0.119155,0.072376,0.080807,0.024939,-0.036078,-0.155912,-0.181668,-0.970921,0.220145,-0.964609,0.145136,-0.962926,-0.191116,0.190388,7.2e-05,0.000224,0.000134,0.000752,-0.000356,-0.000175,-0.71017
464,0.086455,0.004749,0.414229,-0.159329,-0.212979,-0.964002,0.146193,-0.970773,0.190257,-0.976153,-0.110359,0.18701,0.000507,0.008981,-0.010318,0.078568,0.225162,0.111421,-0.78485,-0.092299,0.035662,0.367271,0.265186,-0.154531,0.951729,-0.796763,0.520635,0.306663,-0.543197,-0.839412,0.01373,-0.000948,0.003667,0.00236,0.056529,-0.24318,-0.10626,0.355922,0.043762,0.035598,-0.001191,-0.097005,0.025675,0.994952,0.844771,-0.526454,0.095947,0.526261,0.849815,0.029379,-0.000378,0.001462,0.000942,0.063723,-0.261346,-0.149789,0.21395,0.080747,0.025,-0.036134,-0.160636,-0.180017,-0.970458,0.209504,-0.96704,0.144705,-0.964522,-0.18007,0.193055,-0.006394,0.001068,0.00072,0.064742,0.400557,0.121905,-0.717844
465,0.086407,0.004795,0.414175,-0.160073,-0.216085,-0.963187,0.146545,-0.970132,0.193234,-0.975977,-0.109958,0.188159,-0.000126,-0.000406,-0.000234,0.000694,0.003518,0.001375,-0.784915,-0.092338,0.035737,0.367321,0.265658,-0.148803,0.95251,-0.796867,0.522076,0.303929,-0.542813,-0.839559,0.018905,-0.00103,0.003983,0.002562,0.033189,-0.139383,-0.079897,0.394627,0.043741,0.035638,-0.001164,-0.097291,0.019541,0.995063,0.84438,-0.527624,0.092919,0.526836,0.849252,0.034833,-0.000634,0.00245,0.001577,0.035151,-0.128269,-0.040551,0.277796,0.080723,0.025026,-0.036166,-0.162111,-0.183024,-0.96965,0.210004,-0.966536,0.147326,-0.964166,-0.179748,0.195121,-7.2e-05,-0.00024,-0.000134,-0.002769,-0.01657,-0.004485,-0.719314
466,0.086355,0.00496,0.414051,-0.162053,-0.218316,-0.962352,0.141467,-0.970283,0.196238,-0.976398,-0.104076,0.189322,0.000352,0.001137,0.000656,0.0,1e-06,0.0,-0.787939,-0.092587,0.035873,0.367417,0.26608,-0.1373,0.954118,-0.797211,0.524968,0.297987,-0.542101,-0.83973,0.029012,-0.013212,0.000868,0.001756,0.02933,-0.116864,-0.104949,0.445911,0.043621,0.035711,-0.001114,-0.097296,0.008063,0.995222,0.843713,-0.529733,0.086775,0.527902,0.848125,0.044738,-0.00055,0.002129,0.00137,0.034352,-0.132297,-0.042704,0.370056,0.080696,0.025106,-0.036229,-0.163745,-0.185459,-0.968912,0.204977,-0.967129,0.150477,-0.964972,-0.173965,0.196377,0.000579,0.005532,-0.004555,0.036022,-0.018281,0.019614,-0.720294
467,0.086326,0.005182,0.413924,-0.164702,-0.217199,-0.962155,0.130612,-0.971663,0.196932,-0.977463,-0.092971,0.189603,0.000404,0.001305,0.000753,-1e-06,0.0,0.0,-0.797501,-0.092965,0.03594,0.367494,0.266115,-0.128627,0.955316,-0.797563,0.527092,0.29326,-0.541566,-0.839786,0.036463,-0.001026,0.003997,0.002562,0.067156,-0.289291,-0.132674,0.483382,0.043427,0.035742,-0.001076,-0.096916,0.00047,0.995292,0.843325,-0.531052,0.082369,0.528591,0.847338,0.051072,-0.006517,9.6e-05,0.000665,0.085126,-0.395368,-0.264526,0.430146,0.080682,0.025218,-0.036292,-0.166449,-0.184482,-0.968638,0.194228,-0.96923,0.151219,-0.966731,-0.162966,0.197159,0.0006,0.005592,-0.004516,0.035768,-0.016676,0.016492,-0.730091
468,0.086321,0.005301,0.413842,-0.165961,-0.21645,-0.962108,0.12521,-0.972341,0.197099,-0.977955,-0.087493,0.189672,0.000324,0.001046,0.000603,-0.000349,7.1e-05,6.9e-05,-0.803066,-0.093158,0.035973,0.367532,0.265941,-0.125719,0.955752,-0.797733,0.527801,0.291518,-0.541401,-0.839785,0.038857,-0.013131,0.00061,0.001583,0.015824,-0.06041,-0.072582,0.499902,0.043335,0.035762,-0.001056,-0.096723,-0.003602,0.995304,0.843125,-0.531731,0.08001,0.528946,0.846905,0.054467,-0.006658,0.000663,0.001026,0.000311,0.06334,-0.230294,0.454803,0.080679,0.025279,-0.036332,-0.167754,-0.183812,-0.96854,0.188876,-0.970255,0.151424,-0.967565,-0.157532,0.197481,0.000544,0.005409,-0.00462,0.034627,-0.016515,0.016638,-0.734174
469,0.086347,0.005599,0.41363,-0.173867,-0.212932,-0.961496,0.115221,-0.974034,0.194818,-0.9778,-0.076654,0.195086,0.001278,0.01146,-0.008879,0.071928,0.189051,0.097907,-0.810192,-0.093626,0.036051,0.367624,0.262867,-0.116823,0.957729,-0.79901,0.529929,0.284064,-0.541015,-0.839741,0.044738,-0.013543,0.002277,0.002642,-0.240485,1.172285,-2.500859,0.52614,0.043102,0.035797,-0.001012,-0.096131,-0.012125,0.995294,0.842738,-0.533086,0.074902,0.529669,0.845973,0.061464,-0.006683,0.000784,0.001102,0.037343,-0.147274,-0.12234,0.496769,0.080692,0.025423,-0.036435,-0.175425,-0.180931,-0.967723,0.178913,-0.972457,0.149383,-0.968098,-0.146933,0.202965,0.000347,0.001097,0.000638,0.051863,0.297032,0.147973,-0.73352
470,0.086407,0.005971,0.413392,-0.182874,-0.208093,-0.960885,0.099556,-0.976236,0.192415,-0.977867,-0.060223,0.200443,0.001527,0.012264,-0.008413,0.069886,0.158591,0.085658,-0.810602,-0.094365,0.036054,0.367694,0.25923,-0.106292,0.959944,-0.803715,0.527304,0.275548,-0.535768,-0.8428,0.050043,-0.025441,-0.001819,0.001201,-0.056854,0.330695,-0.837574,0.532563,0.042736,0.035803,-0.000975,-0.090047,-0.023182,0.995667,0.846126,-0.529099,0.064203,0.525319,0.848242,0.067258,-0.012789,-0.000643,0.00078,-0.231157,1.272018,-2.48533,0.510158,0.080721,0.025609,-0.036555,-0.185003,-0.176634,-0.966733,0.163389,-0.975551,0.146978,-0.969059,-0.130763,0.20934,0.000877,0.006475,-0.004002,0.074424,0.295377,-0.073943,-0.740052
471,0.086503,0.006558,0.41315,-0.192949,-0.202072,-0.960199,0.078347,-0.97861,0.190148,-0.977847,-0.038295,0.205851,0.002844,0.016519,-0.005967,0.036822,0.041724,0.072335,-0.810696,-0.095345,0.035974,0.367736,0.239642,-0.092036,0.966484,-0.812713,0.525446,0.25167,-0.53127,-0.845651,0.04989,-0.037357,-0.005824,-0.000187,0.037888,-0.144594,-0.222329,0.53277,0.04225,0.035767,-0.000952,-0.068393,-0.037176,0.996965,0.85095,-0.523807,0.038843,0.520773,0.851025,0.06746,-0.012593,-0.001385,0.000307,0.043365,-0.170258,-0.244973,0.512934,0.080768,0.025897,-0.036679,-0.195975,-0.171156,-0.965556,0.142377,-0.979182,0.144673,-0.970217,-0.109121,0.216264,0.001414,0.0082,-0.003009,-0.009597,0.109582,-0.141141,-0.753932
472,0.086575,0.006905,0.413035,-0.197826,-0.198701,-0.95991,0.067732,-0.979667,0.188777,-0.97766,-0.027432,0.208459,0.003083,0.017294,-0.005526,-0.436619,0.088545,0.155636,-0.810148,-0.095913,0.03588,0.36773,0.222105,-0.085265,0.971283,-0.817228,0.526939,0.233253,-0.531945,-0.845441,0.046119,-0.037067,-0.006968,-0.000921,0.023362,-0.082923,-0.187047,0.532755,0.041965,0.035721,-0.000955,-0.05016,-0.044226,0.997761,0.852164,-0.522903,0.019663,0.520863,0.851243,0.063917,-0.012406,-0.002125,-0.000166,0.009823,0.035194,-0.349442,0.513098,0.080804,0.026071,-0.036736,-0.200996,-0.168183,-0.965046,0.132324,-0.980783,0.143365,-0.970613,-0.098883,0.219389,0.001539,0.008634,-0.002784,-1.58692,0.361632,0.172233,-0.75932
473,0.086813,0.007666,0.412728,-0.206253,-0.193107,-0.959278,0.052533,-0.981101,0.18615,-0.976843,-0.011766,0.213696,0.003476,0.018584,-0.004796,0.025817,-0.013494,0.050618,-0.809217,-0.097201,0.035599,0.367664,0.181313,-0.067365,0.981111,-0.829448,0.525402,0.189477,-0.52844,-0.848033,0.038139,-0.036504,-0.009266,-0.002395,0.027959,-0.051424,-0.62583,0.531276,0.041321,0.035582,-0.000986,-0.008335,-0.06093,0.998107,0.85659,-0.515424,-0.024311,0.515929,0.854766,0.056488,-0.01821,-0.004812,-0.001294,0.03471,-0.120719,-0.739765,0.516364,0.080923,0.026452,-0.036889,-0.209773,-0.163073,-0.964054,0.116677,-0.983122,0.14091,-0.970763,-0.082924,0.225259,0.008008,0.007882,-0.003303,-0.010526,-0.058594,0.072769,-0.769771
474,0.087078,0.008504,0.412361,-0.211822,-0.188428,-0.958995,0.03723,-0.982078,0.184685,-0.976348,0.003644,0.216237,0.003479,0.018615,-0.004789,0.036664,-0.026117,0.043715,-0.810561,-0.098601,0.035299,0.367608,0.165342,-0.043054,0.985291,-0.841989,0.51394,0.163869,-0.513614,-0.856627,0.047473,-0.024566,-0.00523,-0.001002,0.016497,-0.03231,-0.55078,0.531189,0.040618,0.035426,-0.001018,0.008231,-0.086133,0.996249,0.864307,-0.500431,-0.050407,0.502896,0.86148,0.070326,-0.018421,-0.003933,-0.000741,0.037498,-0.094226,-0.395201,0.516853,0.081056,0.026872,-0.037072,-0.21539,-0.158825,-0.963525,0.101397,-0.984988,0.139696,-0.971249,-0.067609,0.228261,0.008335,0.012651,-0.008289,0.061359,0.003669,-0.099614,-0.776792
475,0.087206,0.008942,0.412147,-0.216319,-0.184566,-0.958742,0.026846,-0.982719,0.183069,-0.975697,0.014086,0.218731,0.003941,0.027441,-0.015154,0.088235,0.046643,0.096381,-0.812062,-0.099312,0.035156,0.367585,0.158349,-0.02813,0.986978,-0.843303,0.515982,0.150121,-0.513654,-0.85604,0.056729,-0.036874,-0.007734,-0.001438,0.067531,-0.35044,-0.541115,0.531198,0.04028,0.035359,-0.001029,0.015532,-0.09936,0.99493,0.863369,-0.500565,-0.063468,0.504333,0.859978,0.07801,-0.018442,-0.003872,-0.000703,0.103117,-0.649343,-0.712943,0.517343,0.08112,0.02709,-0.037173,-0.220158,-0.155262,-0.963028,0.091039,-0.986212,0.138187,-0.971206,-0.057251,0.231257,0.007808,0.007301,-0.003641,0.053963,0.054861,0.112119,-0.783977
476,0.087373,0.009846,0.411692,-0.225359,-0.177205,-0.958048,0.006244,-0.983559,0.180399,-0.973989,0.034886,0.223955,0.00367,0.02656,-0.01565,-1.486636,0.40773,0.492871,-0.813153,-0.100631,0.034879,0.367535,0.148848,0.006327,0.988835,-0.851166,0.509734,0.124979,-0.50341,-0.860256,0.080002,-0.036889,-0.007666,-0.001407,0.143242,-0.848078,-0.823056,0.532998,0.039621,0.03522,-0.001054,0.025815,-0.131236,0.991014,0.866861,-0.490796,-0.087575,0.497879,0.861334,0.101093,-0.012299,-0.00256,-0.000452,0.093892,-0.579181,-0.634477,0.518813,0.081203,0.027537,-0.037398,-0.228301,-0.149885,-0.961983,0.07627,-0.987795,0.135806,-0.970598,-0.042366,0.236946,0.001682,0.012745,-0.008123,0.109038,0.275402,-0.056359,-0.789203
477,0.087489,0.010623,0.411222,-0.23815,-0.164303,-0.957254,-0.014252,-0.984886,0.172536,-0.970842,0.05493,0.233402,0.002776,0.023647,-0.017289,0.137341,0.311278,0.17385,-0.815056,-0.101889,0.034635,0.367499,0.139679,0.044357,0.989198,-0.861663,0.497569,0.099475,-0.487928,-0.866288,0.106463,-0.024924,-0.003647,-1.6e-05,0.153361,-0.984972,-0.861944,0.532164,0.038975,0.035091,-0.001074,0.035472,-0.168984,0.984979,0.87258,-0.47523,-0.112955,0.48718,0.863481,0.130594,-0.018644,-0.002956,-0.000135,0.093676,-0.595571,-0.647782,0.521915,0.081265,0.027944,-0.03764,-0.242889,-0.136466,-0.960406,0.050002,-0.9905,0.128097,-0.968764,-0.016909,0.247405,0.001377,0.011743,-0.008682,0.146285,0.349489,0.182414,-0.794754
478,0.087597,0.011279,0.410742,-0.260894,-0.139559,-0.95525,-0.046054,-0.986565,0.156657,-0.963959,0.085031,0.252153,0.013865,0.009149,-0.010376,0.183718,0.781283,0.381761,-0.812955,-0.103079,0.034477,0.367499,0.127412,0.085745,0.988132,-0.874932,0.478887,0.071377,-0.467215,-0.873732,0.134781,-0.037549,-0.004663,0.000475,-0.054531,-0.661029,-0.957563,0.531311,0.038384,0.035012,-0.001075,0.047705,-0.211222,0.976272,0.880298,-0.452976,-0.141019,0.472015,0.866138,0.164329,-0.012694,-0.000783,0.000662,-0.359739,-0.856361,-0.792923,0.520772,0.081313,0.028269,-0.037876,-0.265456,-0.114059,-0.957352,0.01795,-0.993389,0.113375,-0.963955,0.012911,0.265748,0.001131,0.010935,-0.009129,0.07456,0.224194,0.140796,-0.793611
479,0.087658,0.011518,0.41052,-0.271627,-0.126469,-0.954081,-0.062272,-0.986936,0.148498,-0.960063,0.099899,0.261392,0.000921,0.010302,-0.009495,0.093702,0.503493,0.23944,-0.809476,-0.103618,0.03443,0.367518,0.120182,0.10695,0.98697,-0.878717,0.474006,0.055752,-0.461989,-0.874084,0.14969,-0.025323,-0.001758,0.001168,0.068999,-0.519846,-0.825338,0.531056,0.0381,0.034987,-0.001065,0.055345,-0.233575,0.970762,0.881159,-0.445814,-0.157504,0.469568,0.864113,0.181143,-0.012687,-0.000767,0.00067,0.073302,-0.482038,-0.80311,0.519956,0.081349,0.028389,-0.037987,-0.278698,-0.100941,-0.955058,0.001821,-0.994514,0.10458,-0.960376,0.027407,0.277352,0.000447,0.005061,-0.004788,0.021589,0.660178,0.316885,-0.786263
480,0.087838,0.011841,0.41016,-0.296508,-0.104342,-0.949337,-0.088924,-0.986673,0.136164,-0.950529,0.124915,0.284462,0.000737,0.009705,-0.009827,0.095109,0.296402,0.145926,-0.802767,-0.104522,0.034417,0.367603,0.111733,0.151517,0.982115,-0.883146,0.46817,0.028363,-0.45561,-0.870692,0.184871,-0.01344,0.00273,0.002861,0.107363,-0.922255,-0.980655,0.530425,0.037654,0.034978,-0.001024,0.062991,-0.274045,0.959651,0.880872,-0.43674,-0.182539,0.469142,0.856829,0.213888,-0.012811,-0.000154,0.001051,0.072303,-0.541355,-0.61042,0.519303,0.081438,0.028548,-0.038168,-0.305908,-0.080162,-0.948679,-0.024983,-0.995429,0.092168,-0.951732,0.051896,0.302507,0.000358,0.004776,-0.004949,0.084914,0.259984,0.131248,-0.785937
481,0.088113,0.011914,0.410012,-0.316161,-0.082081,-0.945172,-0.111107,-0.986184,0.122752,-0.941801,0.14392,0.303852,7.9e-05,0.000259,0.000146,0.028037,0.366867,0.16289,-0.802591,-0.105139,0.034509,0.367703,0.111238,0.189494,0.975556,-0.884301,0.466733,0.010291,-0.453485,-0.864051,0.218245,-0.013367,0.002478,0.002692,0.052849,-1.041096,-0.571622,0.530582,0.037345,0.035028,-0.000972,0.063158,-0.3109,0.948341,0.878753,-0.433111,-0.200514,0.473077,0.846022,0.24585,-0.006784,0.001693,0.001645,-0.108009,-1.009558,0.459313,0.51914,0.081575,0.028586,-0.038246,-0.326139,-0.059665,-0.943436,-0.047352,-0.995722,0.079341,-0.944134,0.07055,0.321918,0.006267,-0.001254,-0.000818,-0.060164,0.419405,0.241484,-0.789692
482,0.088271,0.011903,0.410015,-0.325939,-0.073702,-0.942538,-0.116591,-0.986205,0.117379,-0.937785,0.148235,0.314025,0.00053,0.001737,0.000981,0.151137,0.779673,0.322123,-0.803754,-0.105327,0.034579,0.367762,0.108925,0.206817,0.972292,-0.884693,0.466103,8.4e-05,-0.453278,-0.860433,0.232502,-0.000999,0.004623,0.002913,0.107,-0.979511,-0.551721,0.53062,0.037246,0.035063,-0.000941,0.06507,-0.32778,0.942509,0.877348,-0.431202,-0.210532,0.47542,0.840609,0.259519,-0.006735,0.001492,0.001513,0.063029,-0.476027,-0.270397,0.519303,0.081653,0.028578,-0.038247,-0.334274,-0.053183,-0.940973,-0.053042,-0.995762,0.075122,-0.940981,0.075023,0.330036,0.006565,-0.000264,-0.000262,0.043655,0.203873,0.119628,-0.78659
483,0.088578,0.011893,0.410084,-0.344248,-0.050062,-0.937567,-0.13975,-0.984713,0.103835,-0.928009,0.166825,0.333159,0.013512,0.000789,0.000214,-0.021481,0.592944,0.354958,-0.805291,-0.105565,0.0347,0.367869,0.104822,0.236189,0.966032,-0.88793,0.459631,-0.01591,-0.447878,-0.856382,0.256668,-0.000833,0.003867,0.002432,0.047639,-0.439415,-0.214433,0.530873,0.037131,0.035124,-0.000888,0.068425,-0.358106,0.931169,0.877466,-0.422533,-0.226975,0.474731,0.832601,0.285314,-0.000353,0.00163,0.00103,0.063282,-0.585272,-0.329934,0.519956,0.081802,0.028575,-0.038217,-0.354591,-0.030829,-0.934512,-0.07584,-0.995214,0.061609,-0.93194,0.092719,0.350556,0.006672,0.000141,-4.6e-05,-1.431023,0.902211,0.884857,-0.788386
484,0.088926,0.011905,0.41013,-0.364398,-0.017682,-0.9311,-0.168991,-0.981955,0.084728,-0.915348,0.188237,0.355995,0.013469,0.000676,0.000147,-0.019668,0.601096,0.362914,-0.805035,-0.105728,0.034745,0.367899,0.099897,0.260229,0.96036,-0.893598,0.447903,-0.028296,-0.437608,-0.85566,0.27606,-0.012409,-0.001874,-5.7e-05,-1.563788,-0.224132,-0.648116,0.530356,0.037044,0.035151,-0.000869,0.072434,-0.381521,0.921517,0.880437,-0.409639,-0.238801,0.468598,0.828635,0.306234,-0.006176,-0.001087,-0.00011,-1.588688,-0.180582,-0.603512,0.520446,0.081977,0.028579,-0.038189,-0.377744,0.000678,-0.925909,-0.105861,-0.993473,0.04246,-0.919838,0.114057,0.375351,0.006567,-0.000228,-0.000243,-0.319798,0.804662,0.519108,-0.786753
485,0.089334,0.011905,0.410191,-0.390652,0.018887,-0.920369,-0.198493,-0.977988,0.064124,-0.898418,0.207708,0.386949,0.013415,0.000527,6e-05,0.155608,0.689325,0.535621,-0.802231,-0.105839,0.034723,0.367896,0.097133,0.275008,0.956518,-0.896384,0.441751,-0.035861,-0.432498,-0.854254,0.288201,-0.012092,-0.003348,-0.000984,0.008351,-0.082693,-0.084364,0.530444,0.036993,0.035141,-0.000871,0.074923,-0.395382,0.915456,0.882,-0.40205,-0.245829,0.465255,0.82585,0.318604,0.000176,-0.000812,-0.000507,0.01507,-0.07266,-0.037907,0.521262,0.082176,0.02858,-0.038158,-0.405211,0.034275,-0.91358,-0.135987,-0.990439,0.023158,-0.904052,0.133618,0.405998,0.006646,3.5e-05,-9.9e-05,0.175078,0.975989,0.443189,-0.783814
486,0.089558,0.011912,0.410214,-0.404759,0.03853,-0.913636,-0.216211,-0.974803,0.054619,-0.888013,0.219592,0.40403,0.012869,-0.00859,0.010216,0.13052,0.932953,0.43372,-0.798904,-0.105853,0.034697,0.367881,0.095132,0.281238,0.954906,-0.899022,0.436108,-0.038757,-0.427433,-0.855132,0.29311,0.000423,-0.001971,-0.001239,0.011456,-0.115301,-0.098028,0.530607,0.036982,0.035128,-0.000878,0.076538,-0.400946,0.912898,0.884067,-0.396081,-0.24808,0.461049,0.826051,0.324148,8.9e-05,-0.000406,-0.000255,0.015196,-0.15355,-0.088143,0.521589,0.082288,0.028587,-0.03815,-0.419805,0.052444,-0.906097,-0.154005,-0.987968,0.014169,-0.894452,0.145491,0.422831,0.000511,0.001681,0.000946,-0.02245,0.621727,0.312411,-0.783814
487,0.090054,0.011931,0.410238,-0.427828,0.070193,-0.901156,-0.240227,-0.969941,0.03844,-0.870842,0.232834,0.432954,0.013469,0.000757,0.000184,0.14103,0.74529,0.343383,-0.792976,-0.105856,0.034666,0.367863,0.096151,0.284105,0.953955,-0.898905,0.436309,-0.039218,-0.427453,-0.854085,0.296118,5.6e-05,-0.00026,-0.000163,7.4e-05,-0.000688,-0.000388,0.530627,0.036981,0.035107,-0.000891,0.0754,-0.403454,0.911887,0.883862,-0.39632,-0.24843,0.46163,0.824714,0.326715,2.9e-05,-0.000134,-8.6e-05,-0.001487,0.012411,0.006883,0.521752,0.082541,0.028594,-0.038134,-0.445768,0.082842,-0.891306,-0.178613,-0.983917,-0.00212,-0.877147,0.158254,0.453395,0.006826,0.000662,0.000248,0.189544,0.9688,0.465042,-0.776139
488,0.090632,0.011928,0.410317,-0.446767,0.103445,-0.888675,-0.270288,-0.962471,0.023788,-0.852313,0.250691,0.459068,0.013935,0.00237,0.001084,-1.300456,0.948665,1.203178,-0.794115,-0.105805,0.034653,0.36785,0.097334,0.284776,0.953635,-0.901149,0.431863,-0.036866,-0.422432,-0.85612,0.297444,2.4e-05,-0.000113,-7.1e-05,0.0,-0.0,-0.0,0.530924,0.037007,0.0351,-0.000897,0.074207,-0.403991,0.911747,0.886462,-0.39208,-0.245878,0.456811,0.826476,0.329028,9e-06,-3.8e-05,-2.4e-05,0.012153,-0.095336,0.173095,0.522079,0.082829,0.02859,-0.038096,-0.465706,0.112701,-0.877732,-0.20751,-0.978109,-0.015489,-0.860265,0.174925,0.478899,0.012602,-0.005421,0.004235,-4.881074,0.490182,2.721032,-0.781038
489,0.09093,0.011898,0.410363,-0.454859,0.118236,-0.882705,-0.282557,-0.959084,0.017075,-0.844009,0.257028,0.470757,0.025866,-0.001976,-0.001599,-0.320165,0.623229,0.559049,-0.795927,-0.105788,0.034664,0.367855,0.09903,0.284838,0.953442,-0.900954,0.432386,-0.035476,-0.422456,-0.855835,0.298229,-0.000193,0.000898,0.000565,0.013314,-0.096269,0.173508,0.530751,0.037016,0.035104,-0.000896,0.072664,-0.404074,0.911835,0.886524,-0.392697,-0.244669,0.45694,0.826143,0.329687,-0.000135,0.000627,0.000393,-0.001048,0.000384,-0.000379,0.522079,0.082975,0.02858,-0.03807,-0.475734,0.128143,-0.870204,-0.221347,-0.974934,-0.022557,-0.851283,0.181886,0.492173,0.006466,-0.004152,0.005177,-1.364525,0.851339,1.132249,-0.781854
490,0.091497,0.011847,0.410507,-0.473164,0.154255,-0.867391,-0.312964,-0.949749,0.00176,-0.822948,0.272097,0.498745,0.013765,0.001867,0.000794,-4.674878,0.650659,3.056303,-0.798886,-0.105782,0.034681,0.367865,0.100215,0.285542,0.953108,-0.903167,0.427933,-0.03312,-0.417421,-0.857838,0.299561,-8e-06,3.7e-05,2.3e-05,0.0,-0.0,-0.0,0.530557,0.037018,0.035115,-0.000889,0.071315,-0.404777,0.911629,0.889081,-0.388511,-0.242057,0.452158,0.827776,0.332173,-1e-06,8e-06,4e-06,-0.000465,0.000532,-0.000287,0.522242,0.083262,0.028551,-0.038,-0.49692,0.159849,-0.852946,-0.247319,-0.968213,-0.037365,-0.831807,0.192383,0.520658,0.00666,-0.003504,0.005539,0.111356,0.781683,0.364786,-0.787243
491,0.092087,0.011737,0.410776,-0.495848,0.19361,-0.846579,-0.338671,-0.940739,-0.016844,-0.799059,0.278113,0.533089,0.026386,-8.1e-05,-0.000553,0.2292,1.241384,0.581794,-0.79857,-0.105791,0.034679,0.367865,0.101156,0.286256,0.952794,-0.90538,0.423395,-0.030962,-0.41237,-0.859851,0.300784,-0.0,0.0,0.0,-0.0,0.0,-0.0,0.530164,0.037014,0.035114,-0.000889,0.070502,-0.405469,0.911385,0.891586,-0.384109,-0.239858,0.447326,0.82949,0.33443,0.0,-3e-06,-4e-06,-3.2e-05,0.000759,-0.000244,0.522242,0.083548,0.028499,-0.037869,-0.518677,0.197584,-0.831825,-0.279297,-0.958708,-0.05357,-0.808063,0.204541,0.552445,0.00667,-0.003454,0.005563,0.170793,1.104679,0.495711,-0.792468
492,0.092387,0.011636,0.410943,-0.504479,0.215262,-0.836187,-0.357013,-0.933748,-0.025052,-0.785559,0.285617,0.54895,0.013517,-0.006269,0.011494,-0.259412,1.165447,0.585364,-0.798319,-0.105789,0.034672,0.36786,0.102315,0.286311,0.952654,-0.905243,0.423755,-0.030012,-0.412385,-0.859655,0.301322,2.7e-05,-0.000128,-8.1e-05,0.0,-0.0,-0.0,0.530293,0.037014,0.03511,-0.000891,0.069194,-0.405551,0.911449,0.891629,-0.384646,-0.238839,0.447447,0.829201,0.334986,1.6e-05,-7.8e-05,-5.1e-05,-0.000174,0.000145,-0.000116,0.522405,0.083702,0.02845,-0.037791,-0.529136,0.217723,-0.820128,-0.296546,-0.953024,-0.061676,-0.795031,0.210571,0.568844,0.013008,-0.000377,-0.000533,-4.458442,0.763125,3.461051,-0.793448
493,0.093051,0.011489,0.411236,-0.519297,0.249163,-0.817493,-0.382029,-0.92332,-0.038806,-0.763836,0.291838,0.575684,0.026777,0.001381,0.000246,0.113578,0.578523,0.339454,-0.800084,-0.105789,0.034672,0.36786,0.104381,0.286406,0.952401,-0.904997,0.424397,-0.028319,-0.41241,-0.859307,0.302281,0.0,-0.0,-0.0,0.0,-0.0,-0.0,0.530483,0.037014,0.03511,-0.000892,0.067121,-0.405687,0.911543,0.891693,-0.385495,-0.237226,0.447635,0.82874,0.335873,-2e-06,3e-06,1e-06,-0.000128,5.1e-05,-5.2e-05,0.522405,0.084034,0.028371,-0.037636,-0.547575,0.252444,-0.797767,-0.324298,-0.942914,-0.075781,-0.771356,0.217219,0.598184,0.00678,-0.003038,0.005788,0.083425,0.779287,0.117165,-0.793611
494,0.093873,0.011432,0.411461,-0.534249,0.279801,-0.797706,-0.401207,-0.914487,-0.052128,-0.743418,0.291842,0.601818,0.026702,0.001239,0.000155,0.085963,0.567133,0.088362,-0.79936,-0.105791,0.034679,0.367865,0.106026,0.286482,0.952197,-0.904798,0.424909,-0.026971,-0.412428,-0.859029,0.303044,-0.00014,0.00065,0.000409,0.013314,-0.096269,0.173508,0.530956,0.037014,0.035112,-0.00089,0.065618,-0.405783,0.91161,0.891737,-0.38611,-0.236056,0.447769,0.828406,0.336517,-9.4e-05,0.000435,0.000273,-7.3e-05,2.8e-05,-3.5e-05,0.522405,0.084446,0.028345,-0.037522,-0.563991,0.281324,-0.776383,-0.344268,-0.934681,-0.088595,-0.750595,0.217317,0.624003,0.013523,0.001219,0.000397,0.106866,0.529525,0.318057,-0.799163
495,0.094852,0.011508,0.411551,-0.547216,0.306068,-0.779053,-0.424615,-0.903575,-0.056802,-0.720642,0.299329,0.625383,0.027398,0.003849,0.001585,0.093635,0.457785,0.289238,-0.803687,-0.105791,0.034679,0.367865,0.107353,0.286542,0.95203,-0.904636,0.425321,-0.025883,-0.412442,-0.858805,0.303661,-0.0,0.0,0.0,0.0,-0.0,-0.0,0.530622,0.037014,0.035114,-0.000889,0.064135,-0.405879,0.911673,0.891778,-0.386719,-0.234904,0.447904,0.828076,0.337151,-0.0,-5e-06,-4e-06,-4.5e-05,-1e-06,-4.5e-05,0.522405,0.084944,0.028379,-0.037479,-0.578276,0.305754,-0.75638,-0.36834,-0.925093,-0.092346,-0.727957,0.225203,0.64758,0.013728,0.00202,0.000832,0.088497,0.411458,0.272271,-0.802266
496,0.095387,0.011648,0.41156,-0.557443,0.318448,-0.766742,-0.435695,-0.89831,-0.056398,-0.706045,0.302226,0.640459,0.027823,0.005471,0.002468,0.15466,1.035387,0.09546,-0.803818,-0.105791,0.034679,0.367865,0.108238,0.286581,0.951918,-0.904527,0.425596,-0.025158,-0.41245,-0.858655,0.304072,-0.0,0.0,0.0,0.0,-0.0,-0.0,0.530789,0.037014,0.035114,-0.000889,0.063245,-0.405935,0.91171,0.891801,-0.387085,-0.234212,0.447985,0.827877,0.337532,-1e-06,-3e-06,-5e-06,0.01328,-0.09628,0.173443,0.522569,0.08519,0.028444,-0.037477,-0.587367,0.315469,-0.745303,-0.379581,-0.920713,-0.090571,-0.714784,0.229705,0.660544,0.014318,0.007867,-0.003545,0.121743,0.506551,0.119522,-0.804552
497,0.096354,0.012044,0.41161,-0.570409,0.347201,-0.7444,-0.460585,-0.885558,-0.06018,-0.679399,0.308095,0.665974,0.028351,0.007625,0.003621,-0.176801,1.032265,0.652664,-0.801856,-0.10578,0.034673,0.36786,0.109716,0.286646,0.951729,-0.904343,0.426056,-0.023947,-0.412464,-0.858406,0.304757,2e-05,-9.2e-05,-5.8e-05,0.0,-0.0,-0.0,0.530883,0.037019,0.035111,-0.000891,0.061759,-0.406028,0.91177,0.891837,-0.387697,-0.233057,0.448118,0.827545,0.338167,9e-06,-4.4e-05,-2.9e-05,-2.2e-05,1.9e-05,-2.8e-05,0.522569,0.085684,0.028644,-0.037451,-0.602039,0.341853,-0.721584,-0.404657,-0.909691,-0.093352,-0.688332,0.235793,0.686003,0.01429,0.004223,0.002023,-1.163135,0.559304,1.048742,-0.799163
498,0.09742,0.012368,0.411799,-0.58234,0.375392,-0.721114,-0.483418,-0.873019,-0.064157,-0.652912,0.310766,0.690766,0.028735,0.009325,0.004511,0.059281,0.959162,0.202117,-0.803188,-0.10578,0.034673,0.36786,0.110749,0.286692,0.951596,-0.904214,0.426377,-0.023101,-0.412472,-0.858231,0.305237,-0.000118,0.000551,0.000347,0.0,0.0,0.0,0.530329,0.037019,0.03511,-0.000892,0.06072,-0.406093,0.911811,0.891862,-0.388124,-0.23225,0.448211,0.827313,0.338612,-7e-05,0.000319,0.0002,-1.6e-05,4e-06,-3e-06,0.522732,0.086218,0.028806,-0.037356,-0.615643,0.369063,-0.696258,-0.42881,-0.898178,-0.096933,-0.661138,0.238887,0.711216,0.014257,0.004239,0.002009,-0.186893,1.006563,0.444169,-0.804062
499,0.097972,0.012468,0.411944,-0.589658,0.388538,-0.708087,-0.492152,-0.86795,-0.066493,-0.639691,0.30879,0.703897,0.028422,0.008343,0.003954,0.218415,1.19928,0.162083,-0.80173,-0.105789,0.034672,0.36786,0.111167,0.286711,0.951541,-0.904161,0.426507,-0.022759,-0.412476,-0.85816,0.305432,-2e-06,8e-06,5e-06,0.0,0.0,0.0,0.530602,0.037014,0.03511,-0.000891,0.0603,-0.40612,0.911827,0.891872,-0.388297,-0.231924,0.448249,0.827219,0.338792,-1e-06,3e-06,1e-06,-9e-06,1.6e-05,-1e-06,0.522732,0.086494,0.028859,-0.037282,-0.623013,0.380616,-0.683363,-0.437908,-0.893609,-0.098483,-0.648144,0.237894,0.723405,0.014008,-0.000291,0.007094,0.085433,0.761475,-0.038154,-0.799326
500,0.099095,0.012647,0.412299,-0.599874,0.40954,-0.687367,-0.508543,-0.858356,-0.067683,-0.616984,0.30844,0.724032,0.028057,-0.000133,0.014421,0.065108,0.744738,-0.262173,-0.804128,-0.105795,0.034655,0.367851,0.111984,0.286747,0.951435,-0.904058,0.426762,-0.02209,-0.412482,-0.858021,0.305812,0.000251,-0.001167,-0.000734,0.0,0.0,0.0,0.530485,0.037011,0.035105,-0.000895,0.059477,-0.406171,0.911859,0.89189,-0.388635,-0.231285,0.448322,0.827035,0.339145,0.000167,-0.000779,-0.000492,-5e-06,4e-06,4e-06,0.522732,0.087056,0.028951,-0.037109,-0.635071,0.401414,-0.659962,-0.455214,-0.884738,-0.100087,-0.62407,0.236862,0.744601,0.014443,0.005196,0.002491,0.145405,0.781062,0.018864,-0.801939
501,0.100247,0.012809,0.412836,-0.607515,0.436026,-0.663966,-0.530034,-0.845061,-0.07006,-0.59089,0.308815,0.745325,0.028935,0.003474,0.016313,-0.260513,0.564661,0.29382,-0.805961,-0.105798,0.034624,0.367832,0.112759,0.286781,0.951332,-0.903959,0.427003,-0.021456,-0.412488,-0.85789,0.306173,0.000106,-0.000493,-0.00031,0.0,0.0,0.0,0.530965,0.03701,0.035086,-0.000906,0.058697,-0.406219,0.911888,0.891907,-0.388956,-0.23068,0.448391,0.82686,0.339479,6.2e-05,-0.000291,-0.000185,-6e-06,-8e-06,1.6e-05,0.522732,0.087631,0.029028,-0.036843,-0.644512,0.426152,-0.634821,-0.477021,-0.872984,-0.101726,-0.59754,0.237259,0.765932,0.014434,0.001631,0.008082,-1.039602,0.628217,1.010637,-0.806021
