frame,MLTx,MLTy,MLTz,MLTR1,MLTR2,MLTR3,MLTR4,MLTR5,MLTR6,MLTR7,MLTR8,MLTR9,MLTTVx,MLTTVy,MLTTVz,MLTRVx,MLTRVy,MLTRVz,MLGA,MRTx,MRTy,MRTz,MRTR1,MRTR2,MRTR3,MRTR4,MRTR5,MRTR6,MRTR7,MRTR8,MRTR9,MRTTVx,MRTTVy,MRTTVz,MRTRVx,MRTRVy,MRTRVz,MRGA,SLTx,SLTy,SLTz,SLTR1,SLTR2,SLTR3,SLTR4,SLTR5,SLTR6,SLTR7,SLTR8,SLTR9,SLTTVx,SLTTVy,SLTTVz,SLTRVx,SLTRVy,SLTRVz,SLGA,SRTx,SRTy,SRTz,SRTR1,SRTR2,SRTR3,SRTR4,SRTR5,SRTR6,SRTR7,SRTR8,SRTR9,SRTTVx,SRTTVy,SRTTVz,SRTRVx,SRTRVy,SRTRVz,SRGA
440,0.157479,-0.015216,0.345883,-0.258646,-0.495154,-0.82944,-0.006321,-0.857767,0.513972,-0.965644,0.13879,0.219765,0.029484,-0.000477,0.017216,0.3026,0.922306,0.114366,-1.015769,-0.13547,-0.028966,0.314441,0.039795,-0.912513,0.407097,0.927731,0.184929,0.324115,-0.371098,0.365919,0.853377,-0.047618,0.01456,-0.039434,-0.014327,0.081281,0.339956,-1.352534,0.061073,0.029515,-0.017774,-0.014527,0.939037,0.343507,-0.922405,-0.14519,0.357893,0.385949,-0.311654,0.868282,-0.024466,0.012994,-0.023586,0.197558,0.157126,0.291342,-0.923859,0.076747,0.032265,-0.046919,0.289241,0.472548,-0.832488,-0.105782,0.880113,0.462829,0.951392,-0.045807,0.304552,0.021815,-0.000562,0.00819,0.078091,0.313673,0.094466,-1.009155
441,0.158135,-0.015278,0.346198,-0.270418,-0.492888,-0.827031,-0.003053,-0.858588,0.512629,-0.962416,0.141757,0.231707,0.029248,-0.002712,0.015243,0.148725,0.576518,-0.066453,-1.015507,-0.136351,-0.028498,0.313575,0.011392,-0.909844,0.414784,0.932208,0.159588,0.324737,-0.361674,0.384102,0.849424,-0.049074,0.027145,-0.046033,-0.156686,0.266271,0.549597,-1.349329,0.060634,0.029743,-0.018206,0.012499,0.936818,0.349593,-0.92729,-0.119955,0.354602,0.374133,-0.328606,0.867203,-0.01636,0.008753,-0.01907,-0.058325,0.551671,0.389853,-0.931044,0.077075,0.032236,-0.046759,0.302928,0.470364,-0.828849,-0.109603,0.881138,0.45998,0.946689,-0.048496,0.318475,0.021681,-0.001857,0.007047,0.184361,0.637704,0.003101,-1.008502
442,0.159244,-0.015555,0.346763,-0.295859,-0.486498,-0.82209,0.004069,-0.861247,0.508142,-0.954869,0.147593,0.257815,0.028832,-0.018038,0.019968,0.070619,0.397554,0.006192,-1.011645,-0.137959,-0.027875,0.312249,-0.069841,-0.890152,0.45027,0.94589,0.084128,0.313286,-0.316671,0.448897,0.835508,-0.031752,0.009829,-0.026281,0.828643,1.442583,1.353636,-1.337359,0.059824,0.030061,-0.018877,0.093243,0.918468,0.384345,-0.939552,-0.04657,0.339225,0.329466,-0.392743,0.858606,-0.023315,0.004381,-0.013138,3.259021,4.17368,3.917899,-0.934636,0.077629,0.032105,-0.046477,0.328788,0.466203,-0.821311,-0.116639,0.883048,0.454554,0.937172,-0.053655,0.344713,0.007313,-0.003243,0.006073,0.086362,0.479949,-0.153062,-1.007522
443,0.160167,-0.016263,0.347378,-0.315761,-0.481819,-0.817429,0.008701,-0.862933,0.505215,-0.94842,0.153009,0.277695,0.028477,-0.022382,0.016196,0.057688,0.363815,-0.012247,-1.014201,-0.139546,-0.027765,0.311713,-0.12092,-0.867161,0.483117,0.947306,0.044451,0.317127,-0.296329,0.497088,0.815448,-0.044671,-0.007764,-0.002815,-0.361776,0.300148,0.443779,-1.311491,0.059047,0.030122,-0.019156,0.145838,0.896517,0.418315,-0.940479,-0.005563,0.339804,0.306967,-0.442973,0.842345,-0.015512,0.002763,-0.005208,-0.241993,1.093076,0.203976,-0.929085,0.078091,0.031752,-0.046169,0.348075,0.463649,-0.814783,-0.120867,0.884074,0.451445,0.929642,-0.058656,0.363764,0.014206,-0.011434,0.00787,0.074847,0.402432,0.00792,-1.006215
444,0.160583,-0.016711,0.347713,-0.323971,-0.47934,-0.815672,0.01018,-0.863882,0.503563,-0.945623,0.155427,0.285773,0.014305,-0.021839,0.016928,0.042315,0.346674,-0.058664,-1.022346,-0.140153,-0.027835,0.311653,-0.136305,-0.86359,0.485413,0.944537,0.034311,0.326506,-0.298457,0.504071,0.81037,-0.029792,-0.005124,-0.00184,-0.242308,0.086016,0.461015,-1.305872,0.058726,0.030086,-0.019185,0.162099,0.892493,0.420926,-0.936992,0.005437,0.349307,0.309465,-0.451027,0.837141,-0.014889,-0.002628,-0.000948,-0.219866,0.003501,0.678767,-0.927615,0.078299,0.031532,-0.046011,0.356057,0.461896,-0.812326,-0.122224,0.884848,0.44956,0.926436,-0.060783,0.371511,0.014226,-0.011348,0.007944,0.09944,0.338295,0.19729,-1.008502
445,0.161135,-0.017452,0.348374,-0.344513,-0.468178,-0.813736,0.002324,-0.867216,0.497898,-0.938365,0.170218,0.300873,0.014547,-0.019328,0.01911,-1.251414,1.16488,0.69099,-1.074891,-0.14105,-0.027965,0.311547,-0.201491,-0.84516,0.495072,0.945255,-0.03553,0.32429,-0.256241,0.534365,0.805393,-0.014855,-0.003175,-0.001626,3.128078,2.389922,4.275552,-1.287148,0.058266,0.030022,-0.019235,0.226008,0.87415,0.429862,-0.936792,0.074044,0.341962,0.267097,-0.479978,0.835631,-0.007412,-0.001398,-0.000803,3.169176,2.431968,4.232306,-0.939209,0.078579,0.031146,-0.045682,0.376151,0.453511,-0.807983,-0.115728,0.888193,0.444656,0.919302,-0.073752,0.386579,-3.5e-05,-0.009936,0.009232,-4.353144,3.199714,1.838096,-1.036261
446,0.161493,-0.018211,0.349037,-0.361169,-0.457343,-0.812674,-0.001118,-0.87128,0.490756,-0.932065,0.178719,0.315184,6.5e-05,-0.022086,0.017005,0.068174,0.206809,0.277474,-1.078517,-0.141591,-0.027703,0.31135,-0.294755,-0.810232,0.506593,0.937952,-0.144266,0.315227,-0.181961,0.569085,0.801808,-0.016341,0.010998,-0.006365,0.950548,0.577091,1.440243,-1.262794,0.058002,0.030147,-0.019333,0.318687,0.838576,0.441846,-0.92819,0.181623,0.324769,0.192094,-0.513617,0.836239,-0.00818,0.005923,-0.002858,3.0648,1.993113,4.661442,-0.938229,0.078764,0.030774,-0.045344,0.394643,0.44354,-0.804691,-0.110563,0.892334,0.437625,0.912157,-0.083737,0.401192,0.007077,-0.006262,0.003469,0.123165,0.319436,0.173767,-1.052917
447,0.16162,-0.018605,0.349289,-0.365987,-0.454694,-0.812005,-0.000728,-0.872395,0.488773,-0.93018,0.180036,0.319969,-6.6e-05,-0.023685,0.015627,0.014209,0.199543,0.050787,-1.077838,-0.141954,-0.027481,0.311272,-0.329237,-0.791581,0.514776,0.931867,-0.184748,0.31213,-0.151568,0.583455,0.797791,-0.031427,0.011178,-0.004239,0.049013,0.309346,-0.227823,-1.261109,0.057826,0.030258,-0.019373,0.354697,0.819313,0.450462,-0.92108,0.223427,0.318889,0.160625,-0.528021,0.833902,-0.007637,0.001254,0.002428,0.233238,0.291633,0.28366,-0.942638,0.078828,0.030578,-0.045217,0.399666,0.441137,-0.803532,-0.110789,0.893406,0.435373,0.90994,-0.084981,0.405937,0.007007,-0.00717,0.002681,0.0512,0.195917,0.079321,-1.052917
448,0.161932,-0.019178,0.349518,-0.372947,-0.450334,-0.811267,-3.1e-05,-0.874336,0.485292,-0.927404,0.181568,0.327082,0.013936,-0.00419,-0.00391,0.093823,0.175598,0.125114,-1.084159,-0.142855,-0.02719,0.311323,-0.421178,-0.739827,0.524649,0.903407,-0.291598,0.314264,-0.078995,0.607255,0.790484,-0.015304,0.003242,0.005551,0.858238,0.750633,1.315168,-1.261508,0.05737,0.030408,-0.019349,0.44454,0.767392,0.462053,-0.891356,0.327884,0.31301,0.088701,-0.551,0.829777,-0.01576,0.006325,-0.001458,3.112487,2.19602,4.474826,-0.95864,0.078978,0.030282,-0.045097,0.40642,0.437707,-0.802018,-0.11117,0.894951,0.432091,0.906897,-0.086451,0.412386,0.006929,-0.002491,-0.002304,0.13119,0.249414,0.128335,-1.055366
449,0.16238,-0.019374,0.349406,-0.379112,-0.443462,-0.812196,-0.004783,-0.876758,0.48088,-0.924883,0.186738,0.331284,0.013926,-0.004445,-0.004142,0.237894,0.489251,0.250349,-1.114765,-0.144199,-0.026854,0.311387,-0.480017,-0.687335,0.545111,0.877057,-0.365994,0.31105,-0.013696,0.62826,0.777795,-0.031501,0.013696,-0.00152,-0.303947,0.622235,0.162855,-1.265115,0.056703,0.030573,-0.019313,0.503177,0.716018,0.483871,-0.863928,0.403194,0.301764,0.020975,-0.56987,0.821466,-0.015135,0.001235,0.003324,0.332851,0.594718,-0.140305,-0.977255,0.079202,0.030183,-0.045154,0.411194,0.432423,-0.802451,-0.105701,0.896998,0.429209,0.905398,-0.091668,0.414549,0.006997,-0.001817,-0.001724,-0.010329,-0.032013,0.022944,-1.067776
450,0.163028,-0.01956,0.34919,-0.386759,-0.44375,-0.808424,-0.007792,-0.875032,0.483974,-0.921682,0.194027,0.33598,0.013774,-0.006522,-0.005962,0.198786,0.412719,0.209758,-1.123154,-0.145647,-0.02648,0.311411,-0.528239,-0.626773,0.572809,0.846483,-0.440789,0.298504,0.066045,0.643336,0.76264,-0.04635,0.011952,-0.001684,0.245073,1.038418,-0.628943,-1.264506,0.055985,0.030763,-0.019299,0.55234,0.6556,0.514887,-0.831593,0.476358,0.285542,-0.05807,-0.585893,0.808304,-0.01569,0.006399,-0.001248,1.110853,2.618433,-1.39585,-0.991298,0.079526,0.030093,-0.045259,0.418639,0.433527,-0.797994,-0.102941,0.89569,0.432598,0.902299,-0.098956,0.419599,0.014033,-0.003316,-0.003181,0.234944,0.462617,0.278268,-1.069409
451,0.163479,-0.019672,0.349055,-0.392581,-0.447562,-0.803501,-0.00504,-0.872572,0.488432,-0.919231,0.19635,0.341304,0.028064,-0.006819,-0.006525,0.173921,0.329242,0.238616,-1.124462,-0.146481,-0.026258,0.311405,-0.555894,-0.593254,0.582256,0.82504,-0.478709,0.300132,0.101362,0.647966,0.754803,-0.046333,0.012438,-0.001194,0.608184,1.087053,1.110216,-1.264128,0.055568,0.030873,-0.019303,0.577881,0.623864,0.526161,-0.810772,0.512542,0.282751,-0.093282,-0.589994,0.802,-0.023228,0.006172,-0.000745,2.634675,2.534607,3.947144,-0.994074,0.079746,0.030035,-0.045328,0.424291,0.437808,-0.792653,-0.106154,0.893365,0.436612,0.899281,-0.101107,0.425522,0.013985,-0.004026,-0.003814,0.32945,0.560878,0.328716,-1.070389
452,0.164582,-0.019896,0.348712,-0.411715,-0.450251,-0.792345,-0.003066,-0.868758,0.495199,-0.910811,0.206865,0.357291,0.028011,-0.008007,-0.007601,0.188701,0.375499,0.230214,-1.143692,-0.148249,-0.02544,0.311288,-0.581916,-0.547749,0.601112,0.798774,-0.523441,0.296485,0.152965,0.653365,0.741336,-0.04646,0.01692,0.003665,3.266747,2.001378,3.60071,-1.274457,0.054667,0.031281,-0.019368,0.603993,0.578055,0.548674,-0.783683,0.55603,0.276892,-0.145021,-0.597229,0.788851,-0.023271,0.00864,0.002004,3.328609,1.936723,3.570987,-1.001259,0.080298,0.029924,-0.045498,0.44266,0.442323,-0.780001,-0.108745,0.889928,0.442946,0.89007,-0.111253,0.442036,0.014018,-0.003877,-0.003707,0.298294,0.535605,0.318172,-1.073328
453,0.165928,-0.020327,0.348358,-0.437911,-0.440536,-0.783714,-0.012242,-0.868734,0.495099,-0.898407,0.226947,0.376015,0.027894,-0.022837,-0.002469,0.085088,0.437651,-0.071902,-1.210107,-0.149967,-0.024185,0.311227,-0.613923,-0.486059,0.621961,0.758894,-0.579992,0.296011,0.217611,0.654335,0.724123,-0.032777,0.033758,-0.000104,3.088954,2.490472,3.974858,-1.275545,0.053838,0.031883,-0.0194,0.63317,0.522463,0.571075,-0.745861,0.609021,0.269783,-0.206846,-0.596762,0.775299,-0.023828,0.016197,0.000116,0.957274,0.983415,0.812963,-0.999789,0.080971,0.029719,-0.045673,0.469412,0.434553,-0.768645,-0.099753,0.891039,0.442829,0.877326,-0.131194,0.461613,0.021063,-0.005961,-0.005722,0.073259,0.783072,-0.540276,-1.083615
454,0.166748,-0.020634,0.348137,-0.44787,-0.435845,-0.780703,-0.009583,-0.870775,0.491559,-0.893507,0.228173,0.386794,0.056323,-0.014474,-0.014025,0.329661,0.707294,0.355836,-1.23285,-0.15079,-0.023598,0.311231,-0.62972,-0.45231,0.631553,0.73499,-0.609885,0.296247,0.251955,0.651301,0.715673,-0.047487,0.031288,-0.001158,0.118258,0.730149,0.001931,-1.277056,0.053396,0.032207,-0.019391,0.65149,0.483432,0.584681,-0.717792,0.642304,0.268736,-0.245628,-0.594759,0.765459,-0.023739,0.01572,-0.000452,0.145343,0.702385,-0.009614,-1.000116,0.08137,0.029561,-0.04578,0.477643,0.432192,-0.764896,-0.101922,0.892011,0.440371,0.872621,-0.13238,0.470113,0.021029,-0.006806,-0.006493,0.05015,0.402449,-0.233397,-1.089494
455,0.168485,-0.021237,0.347603,-0.473079,-0.429567,-0.769229,-0.001612,-0.87268,0.48826,-0.880447,0.232755,0.413117,0.0421,-0.014854,-0.014157,0.271677,0.60512,0.267766,-1.280203,-0.152358,-0.022621,0.311286,-0.651056,-0.385811,0.653656,0.693369,-0.652489,0.305666,0.309376,0.65271,0.691461,-0.046128,0.019062,0.00564,-0.093108,0.860716,0.313476,-1.326583,0.052629,0.03269,-0.019364,0.6721,0.41943,0.610213,-0.67556,0.684732,0.273424,-0.30315,-0.596003,0.743558,-0.015642,0.009691,0.002169,0.506508,1.402979,1.234355,-1.000932,0.08226,0.029251,-0.046055,0.504009,0.427562,-0.750442,-0.110269,0.893615,0.435076,0.856629,-0.136532,0.497538,0.021051,-0.007471,-0.007141,0.279822,0.613574,0.280262,-1.080839
456,0.169861,-0.0218,0.347054,-0.51034,-0.416372,-0.752485,0.004666,-0.876328,0.481663,-0.859343,0.242814,0.45011,0.027837,-0.015042,-0.014077,0.298281,0.810797,-0.028551,-1.375492,-0.153601,-0.021839,0.311392,-0.670639,-0.320434,0.668996,0.641201,-0.703729,0.305876,0.373605,0.634492,0.676537,-0.016261,0.01849,0.001544,0.269461,0.486332,0.123588,-1.38618,0.052008,0.033078,-0.019305,0.690866,0.354779,0.629948,-0.623123,0.734052,0.269971,-0.366635,-0.579049,0.728203,-0.015579,0.008721,0.001064,3.913134,2.204799,3.829732,-1.01073,0.082937,0.028975,-0.046325,0.540484,0.418112,-0.730109,-0.116127,0.896545,0.427458,0.833301,-0.146249,0.533122,0.013942,-0.007243,-0.006815,0.36252,0.93738,0.037371,-1.090963
457,0.170395,-0.02209,0.346809,-0.52794,-0.407947,-0.744919,0.004808,-0.878528,0.477637,-0.84863,0.249085,0.466703,0.027957,-0.013769,-0.012991,0.271454,0.730658,-0.036751,-1.385113,-0.154151,-0.021521,0.311372,-0.685949,-0.267835,0.676557,0.593415,-0.743863,0.307343,0.421793,0.612634,0.668306,-0.030941,0.015127,-0.000477,4.504569,2.922544,4.801748,-1.401074,0.051715,0.033252,-0.019312,0.705036,0.304656,0.640397,-0.575514,0.77344,0.265655,-0.414376,-0.555854,0.720637,-0.015545,0.007407,-0.00038,4.558884,2.875628,4.783112,-1.006648,0.083214,0.028821,-0.046455,0.558477,0.411435,-0.720294,-0.116114,0.898551,0.423228,0.821353,-0.152727,0.549593,0.013985,-0.006912,-0.006539,0.239261,0.693287,-0.048596,-1.088187
458,0.171397,-0.02281,0.346262,-0.550529,-0.396519,-0.734667,0.013172,-0.88404,0.467197,-0.834046,0.248016,0.492832,0.027802,-0.018183,-0.017043,0.202335,0.583624,-0.13584,-1.399824,-0.155187,-0.02109,0.311422,-0.691167,-0.174656,0.701267,0.506169,-0.809481,0.297435,0.516563,0.560755,0.646978,-0.030845,0.014169,-0.00157,0.154329,0.62272,0.142652,-1.402814,0.051215,0.033458,-0.019292,0.709911,0.211855,0.671671,-0.486626,0.836975,0.250336,-0.509137,-0.504569,0.697272,-0.014924,0.00165,0.003472,3.520804,2.295315,3.517191,-0.988196,0.083695,0.028485,-0.046714,0.580219,0.402373,-0.708125,-0.12341,0.902836,0.411894,0.805056,-0.151599,0.573499,0.013891,-0.009321,-0.008742,0.321805,0.735721,0.006583,-1.085085
459,0.172406,-0.023783,0.345634,-0.563613,-0.385295,-0.730707,0.0174,-0.889921,0.455753,-0.825173,0.244628,0.50919,0.027694,-0.022502,-0.021093,0.308184,0.688462,0.098714,-1.445358,-0.15611,-0.020769,0.311537,-0.690034,-0.108186,0.71564,0.4385,-0.849029,0.29462,0.576573,0.517242,0.632367,-0.016042,0.015896,-0.001369,0.97869,1.165929,1.106731,-1.402771,0.050742,0.033616,-0.019236,0.708295,0.148158,0.690193,-0.418761,0.875298,0.24185,-0.568293,-0.460327,0.682013,-0.014862,0.001634,0.003438,4.305233,1.964998,3.447233,-0.98297,0.08421,0.027991,-0.047028,0.592585,0.393496,-0.702853,-0.126766,0.907243,0.401047,0.79547,-0.148557,0.587501,0.01386,-0.011106,-0.010431,-0.006051,0.139475,-0.143772,-1.088024
460,0.173601,-0.024737,0.344914,-0.571606,-0.375475,-0.72961,0.008398,-0.891813,0.452296,-0.819793,0.252869,0.513832,0.042367,-0.021668,-0.020936,0.017103,0.033484,0.031964,-1.447687,-0.157164,-0.020434,0.311695,-0.684577,-0.020967,0.728633,0.335688,-0.896263,0.289758,0.647812,0.442984,0.619652,-0.029694,0.003444,0.006923,4.201237,2.218741,3.49667,-1.402985,0.05022,0.033789,-0.019159,0.70143,0.063968,0.709861,-0.319356,0.918598,0.232785,-0.637186,-0.389981,0.664761,-0.007486,0.002731,0.003768,0.971686,1.047313,0.935005,-0.98444,0.084802,0.027507,-0.047393,0.602916,0.383391,-0.699644,-0.117876,0.910146,0.397163,0.789048,-0.156985,0.593934,0.013976,-0.01032,-0.009816,-0.01595,0.007313,0.017838,-1.087371
461,0.17431,-0.025142,0.344523,-0.573654,-0.371738,-0.729916,0.002874,-0.892017,0.451962,-0.818398,0.25763,0.513692,0.028055,-0.01969,-0.018819,0.000519,-0.002517,0.008153,-1.447609,-0.157573,-0.020398,0.31187,-0.67959,0.00548,0.733565,0.30294,-0.908543,0.287594,0.668886,0.417668,0.614824,-0.014913,0.004199,0.006122,0.294785,0.4278,-0.019263,-1.402949,0.05001,0.033807,-0.019071,0.695809,0.033226,0.717457,-0.281165,0.931806,0.229529,-0.660905,-0.361432,0.657701,-0.00695,-0.00299,0.007664,1.160648,0.642738,0.866543,-0.988359,0.085161,0.027301,-0.047592,0.60502,0.379996,-0.699681,-0.112268,0.910699,0.39752,0.788255,-0.161956,0.593652,0.021275,-0.0101,-0.009869,-0.001942,-0.028034,0.032114,-1.082636
462,0.17584,-0.025913,0.343684,-0.573585,-0.364225,-0.733748,-0.005237,-0.894084,0.447836,-0.818435,0.261162,0.511845,0.05714,-0.022651,-0.022597,0.008094,-0.12373,0.24362,-1.430181,-0.158241,-0.020495,0.312324,-0.668551,0.059283,0.741294,0.234151,-0.929255,0.285643,0.706605,0.364471,0.60641,-0.013842,-0.007448,0.013698,4.14504,1.753631,3.262121,-1.403085,0.049671,0.033761,-0.018841,0.683959,-0.018501,0.729284,-0.213569,0.950802,0.224416,-0.697558,-0.309244,0.646359,-0.0069,-0.003855,0.006726,4.163751,1.719329,3.243844,-0.990645,0.085937,0.026913,-0.048014,0.605752,0.372437,-0.703103,-0.10411,0.913185,0.394023,0.788812,-0.16548,0.591937,0.028575,-0.011478,-0.011468,0.010853,-0.125457,0.241657,-1.072348
463,0.177611,-0.026633,0.342638,-0.571389,-0.36025,-0.737414,-0.007579,-0.896173,0.443609,-0.819953,0.259505,0.510256,0.042855,-0.021877,-0.0217,0.000404,-0.00439,0.011925,-1.42301,-0.158895,-0.020968,0.312765,-0.653459,0.100419,0.750266,0.175388,-0.944026,0.279263,0.737114,0.313954,0.598296,-0.013756,-0.011108,0.009753,4.128372,1.683036,3.115397,-1.402768,0.049349,0.03353,-0.018622,0.669089,-0.055775,0.741085,-0.158572,0.963502,0.215681,-0.726067,-0.261825,0.635825,-0.01427,-0.00605,0.005136,0.071482,0.065081,0.009621,-0.998483,0.086806,0.026557,-0.048533,0.604162,0.368188,-0.7067,-0.101689,0.915226,0.389896,0.790346,-0.163697,0.590385,0.021312,-0.005264,-0.014972,0.038827,-0.029507,0.055426,-1.071368
464,0.179287,-0.026924,0.341733,-0.575468,-0.36509,-0.731841,-0.005025,-0.893254,0.449493,-0.817113,0.262795,0.513121,0.043056,-0.001268,-0.021419,0.037834,-0.041628,0.082532,-1.395867,-0.159489,-0.021635,0.31331,-0.631679,0.146504,0.761255,0.099677,-0.958407,0.267307,0.769527,0.244556,0.589816,-0.027512,-0.023701,0.017901,0.026927,0.192064,-0.176031,-1.404198,0.049062,0.033209,-0.01836,0.646337,-0.104163,0.755908,-0.077598,0.97653,0.200913,-0.759096,-0.188514,0.623085,-0.014277,-0.006341,0.004818,1.262509,0.499809,0.936147,-1.000769,0.087643,0.026392,-0.048997,0.607358,0.373774,-0.701005,-0.10462,0.912349,0.395819,0.787508,-0.167066,0.593227,0.021542,-0.000596,-0.010702,0.04178,-0.047611,0.088347,-1.066306
465,0.180107,-0.026906,0.341369,-0.577439,-0.367396,-0.729129,-0.003714,-0.891861,0.452263,-0.815726,0.264314,0.514544,0.043225,0.003152,-0.017331,0.038687,-0.054861,0.108118,-1.382002,-0.159888,-0.022042,0.313599,-0.622441,0.163986,0.765288,0.069745,-0.96222,0.263061,0.780277,0.216918,0.586496,-0.027522,-0.024384,0.017161,4.266587,1.542786,3.232991,-1.404701,0.048858,0.032997,-0.018209,0.637741,-0.117441,0.761244,-0.053329,0.979203,0.195743,-0.768402,-0.16543,0.618215,-0.006385,-0.011854,0.008183,0.29109,0.263637,0.05588,-0.999136,0.088053,0.026398,-0.049182,0.608888,0.376404,-0.698265,-0.106095,0.910986,0.398558,0.786128,-0.168595,0.594623,0.021772,-0.004001,-0.004514,0.005657,-0.036411,0.068742,-1.06451
466,0.181753,-0.026766,0.340777,-0.573748,-0.365961,-0.732756,-0.005294,-0.892971,0.450051,-0.81832,0.262545,0.511321,0.043611,-0.006385,-0.007533,0.001872,-0.03126,0.062898,-1.376301,-0.160658,-0.023043,0.31429,-0.612603,0.175991,0.770543,0.043277,-0.965895,0.255163,0.789919,0.189448,0.583095,-0.012792,-0.022993,0.017108,-0.033995,-0.027698,-0.105704,-1.404532,0.048467,0.032493,-0.017867,0.626928,-0.132423,0.76774,-0.021206,0.982182,0.186727,-0.778788,-0.133345,0.612949,-0.013811,-0.011945,0.008859,-0.052503,0.086189,-0.306678,-1.004688,0.088893,0.026479,-0.049474,0.605527,0.374441,-0.702232,-0.10441,0.912147,0.39634,0.788945,-0.166674,0.591425,0.021821,-0.003033,-0.003647,0.007876,-0.025271,0.064903,-1.06598
467,0.183645,-0.026825,0.340241,-0.571487,-0.359911,-0.737503,-0.013413,-0.894494,0.446847,-0.81981,0.265702,0.507288,0.043283,0.002611,-0.018017,0.019738,-0.077064,0.064645,-1.349872,-0.16159,-0.023596,0.314735,-0.596914,0.215434,0.772834,-0.021459,-0.967148,0.253175,0.802719,0.13428,0.580925,-0.02864,-0.012028,0.010265,0.065253,0.179301,-0.159317,-1.404864,0.048007,0.032212,-0.017643,0.610588,-0.171391,0.773179,0.043321,0.982067,0.183484,-0.790762,-0.078538,0.607063,-0.014831,-0.000398,0.001119,0.389894,0.159372,0.239876,-1.006811,0.089839,0.026455,-0.049738,0.604024,0.36807,-0.706878,-0.096085,0.914125,0.39388,0.791151,-0.169993,0.58752,0.021649,0.001283,-0.00906,0.041159,-0.053169,0.072823,-1.06353
468,0.184548,-0.026904,0.33999,-0.570513,-0.358173,-0.739102,-0.014437,-0.895403,0.44499,-0.820472,0.264984,0.506593,0.043676,-0.008099,-0.009294,0.007744,-0.123469,0.239025,-1.344973,-0.162132,-0.023757,0.314921,-0.588018,0.233571,0.774384,-0.04862,-0.965805,0.254537,0.808076,0.11174,0.578264,-0.028672,-0.010492,0.011898,1.203822,0.524982,0.921439,-1.405505,0.047737,0.032129,-0.017552,0.601645,-0.188223,0.776269,0.068754,0.980435,0.18444,-0.795798,-0.057596,0.602815,-0.014303,-0.004991,0.00619,4.19627,1.494296,3.184607,-1.005994,0.090291,0.026416,-0.049863,0.603464,0.366121,-0.708367,-0.095114,0.915066,0.391926,0.791696,-0.169138,0.587033,0.021847,-0.00407,-0.004697,0.013816,-0.116713,0.24135,-1.065653
469,0.186182,-0.026948,0.339529,-0.571821,-0.35923,-0.737577,-0.014024,-0.894644,0.446528,-0.819567,0.26612,0.507462,0.043387,0.005158,-0.015742,0.037363,-0.040056,0.081162,-1.346113,-0.163254,-0.024096,0.315417,-0.577762,0.248429,0.777474,-0.068331,-0.963864,0.257356,0.81402,0.095264,0.572852,-0.028698,-0.009125,0.013325,0.202827,0.385551,0.378942,-1.405456,0.047186,0.031964,-0.017309,0.592234,-0.201739,0.780102,0.088519,0.978579,0.185865,-0.800888,-0.041021,0.597406,-0.01432,-0.004639,0.006562,3.957787,1.916905,3.372339,-1.008281,0.091091,0.026388,-0.050091,0.604643,0.367432,-0.706681,-0.09567,0.914317,0.393535,0.790729,-0.17034,0.587988,0.014396,0.002835,-0.007367,0.037879,-0.027428,0.053749,-1.065163
470,0.187671,-0.026729,0.339107,-0.579161,-0.363946,-0.729494,-0.010428,-0.891456,0.452956,-0.814446,0.27039,0.513414,0.043436,0.010053,-0.011168,-0.623879,1.417777,-2.133416,-1.347302,-0.164205,-0.024569,0.31581,-0.55922,0.273966,0.782436,-0.109908,-0.959918,0.257704,0.822361,0.057786,0.565904,-0.027729,-0.023998,0.017483,4.203127,1.613299,3.137324,-1.405688,0.046699,0.031735,-0.017103,0.57367,-0.225015,0.787572,0.125902,0.974323,0.186663,-0.809351,-0.007926,0.58727,-0.006942,-0.006274,0.0041,-0.01586,0.209053,0.131291,-1.004851,0.091836,0.026491,-0.050308,0.609979,0.371177,-0.700109,-0.098707,0.91222,0.397632,0.786245,-0.173442,0.593073,0.014417,0.004977,-0.005361,0.030159,-0.056781,0.082659,-1.064347
471,0.188333,-0.02652,0.338936,-0.579975,-0.364754,-0.728442,-0.009763,-0.891006,0.453855,-0.813874,0.270785,0.514113,0.028817,0.011679,-0.009049,0.037739,-0.039613,0.078841,-1.345909,-0.16463,-0.024847,0.315979,-0.54516,0.290003,0.786569,-0.135693,-0.956346,0.258698,0.827921,0.033948,0.559694,-0.013867,-0.013302,0.007341,-0.076265,0.326713,0.16691,-1.405869,0.046482,0.031592,-0.017014,0.558255,-0.243324,0.793185,0.157274,0.969728,0.186789,-0.814625,0.020472,0.579625,-0.006951,-0.006132,0.004251,0.127792,0.509751,0.459616,-1.002728,0.092172,0.026595,-0.050394,0.611525,0.374052,-0.697224,-0.100255,0.910724,0.40066,0.784847,-0.175114,0.594431,0.014417,0.006108,-0.004293,0.032486,0.045551,-0.091745,-1.065
472,0.18974,-0.025981,0.338577,-0.581946,-0.371005,-0.723699,-0.00723,-0.887501,0.460719,-0.812492,0.273803,0.514701,0.028778,0.012415,-0.008386,0.019148,-0.00154,0.017417,-1.338097,-0.165071,-0.025428,0.316447,-0.532213,0.302595,0.790681,-0.159912,-0.952995,0.25722,0.831999,0.01009,0.554562,0.00094,-0.010437,0.008943,-0.037052,0.010794,-0.017985,-1.405646,0.046261,0.0313,-0.016789,0.544695,-0.25577,0.798679,0.181475,0.96574,0.185504,-0.818763,0.043897,0.57245,-0.00696,-0.005467,0.004953,-0.032406,0.009549,-0.057201,-1.013832,0.092876,0.026869,-0.05057,0.612437,0.38074,-0.692789,-0.103056,0.907347,0.407552,0.783772,-0.178204,0.594931,0.021696,0.006558,-0.004197,-0.016252,0.096712,-0.102791,-1.067286
473,0.19123,-0.02538,0.338172,-0.584007,-0.377411,-0.718709,-0.004357,-0.883901,0.467624,-0.81103,0.276692,0.51546,0.02873,0.012616,-0.00823,-0.028733,0.182236,-0.300799,-1.305845,-0.165525,-0.025673,0.316791,-0.530059,0.304481,0.791403,-0.16396,-0.95243,0.256763,0.832584,0.005972,0.553744,-0.014851,0.002571,0.004207,0.008583,0.018654,-0.021809,-1.405748,0.04604,0.031164,-0.016617,0.542646,-0.257259,0.799594,0.185258,0.965156,0.184801,-0.819276,0.04785,0.571398,-1.6e-05,0.00175,0.001882,0.117606,0.037558,0.082011,-1.011056,0.093621,0.027172,-0.05077,0.613388,0.387345,-0.688271,-0.106096,0.903984,0.414191,0.782622,-0.181037,0.595589,0.014147,0.011788,-0.008396,-0.135542,0.451516,-0.636195,-1.062877
474,0.192406,-0.024589,0.337732,-0.59097,-0.377538,-0.712927,-0.010962,-0.879912,0.474979,-0.805904,0.288979,0.516756,0.028662,0.015191,-0.00582,-0.020591,0.092562,-0.123537,-1.302876,-0.165875,-0.025404,0.317007,-0.525085,0.31749,0.789606,-0.193044,-0.947991,0.252947,0.829489,-0.019994,0.558043,-0.015778,0.016715,-0.000796,0.122579,-0.002619,-0.197549,-1.405523,0.04586,0.031294,-0.016506,0.537539,-0.27044,0.798695,0.214304,0.95989,0.18079,-0.815552,0.073982,0.573934,-0.007433,0.002844,0.003772,0.193059,-0.088239,0.001143,-1.011056,0.09422,0.027569,-0.050996,0.619963,0.3885,-0.681698,-0.100042,0.900862,0.42242,0.778226,-0.193686,0.597368,0.014339,0.007727,-0.002805,-0.018663,0.106061,-0.130577,-1.063041
475,0.192998,-0.024035,0.337435,-0.596413,-0.379967,-0.70708,-0.017614,-0.874483,0.484707,-0.801763,0.302008,0.515746,0.027665,0.037744,-0.022255,-0.059951,-0.244791,-0.250108,-1.29872,-0.166196,-0.025333,0.317175,-0.517265,0.329157,0.789989,-0.214948,-0.943391,0.252476,0.829006,-0.039608,0.557713,-0.014834,0.004859,0.00662,0.116764,0.051356,0.053027,-1.405785,0.045694,0.03134,-0.016418,0.529559,-0.281747,0.800116,0.236064,0.954917,0.180017,-0.814764,0.093549,0.572195,-0.007428,0.002509,0.00341,0.107709,0.061774,0.060938,-1.013343,0.094516,0.027846,-0.051145,0.625389,0.391105,-0.675222,-0.093746,0.896713,0.43257,0.774661,-0.207225,0.597458,0.013843,0.018936,-0.011083,-0.125887,-0.334367,-0.269276,-1.06451
476,0.194279,-0.022741,0.336685,-0.604714,-0.385544,-0.696938,-0.020463,-0.867243,0.497436,-0.795449,0.315542,0.517417,0.042086,0.037394,-0.023274,0.055965,-0.079977,-0.079226,-1.263324,-0.16698,-0.025487,0.317707,-0.5111,0.336986,0.790701,-0.230009,-0.939944,0.252062,0.828781,-0.053447,0.556892,-0.028719,-0.006808,0.015653,-0.038734,0.025969,-0.052117,-1.405852,0.045313,0.031266,-0.016157,0.523193,-0.289494,0.801537,0.251084,0.95115,0.179639,-0.814386,0.107267,0.570322,-0.006962,-0.003329,0.007211,-0.038433,0.01001,-0.023777,-1.014812,0.095141,0.028482,-0.051508,0.631484,0.398441,-0.665185,-0.091307,0.890116,0.446493,0.769993,-0.221217,0.598474,0.013784,0.018817,-0.011201,0.069543,-0.085902,-0.078134,-1.057815
477,0.195522,-0.021434,0.335878,-0.610105,-0.391409,-0.688924,-0.023788,-0.860052,0.509624,-0.791226,0.327795,0.516274,0.041956,0.036434,-0.024201,-3.776905,2.578517,2.912826,-1.259277,-0.167563,-0.025613,0.318263,-0.507089,0.342776,0.790795,-0.240069,-0.93731,0.252488,0.828387,-0.062226,0.556566,1.6e-05,0.00756,0.008015,0.001808,-0.014332,0.024935,-1.405925,0.04501,0.031194,-0.01588,0.519089,-0.295107,0.802157,0.261014,0.948404,0.180003,-0.813889,0.115937,0.569334,-0.006955,-0.001992,0.008615,-0.037909,0.009686,-0.02369,-1.014649,0.095762,0.029138,-0.051909,0.633307,0.408504,-0.657301,-0.093681,0.883556,0.458858,0.768209,-0.229021,0.597832,0.013989,0.012858,-0.007413,-0.026361,-0.160163,-0.174515,-1.056999
478,0.19632,-0.020735,0.335466,-0.614468,-0.402246,-0.678729,-0.022209,-0.851135,0.52445,-0.787887,0.337828,0.514912,0.042365,0.02737,-0.013945,-0.082975,-0.210792,-0.257081,-1.266083,-0.167742,-0.025592,0.318514,-0.50516,0.347384,0.790018,-0.251129,-0.9349,0.250657,0.826281,-0.072195,0.55849,-0.01479,0.006828,0.008636,0.016933,-0.027361,-0.021737,-1.405837,0.044926,0.031207,-0.015759,0.517313,-0.299621,0.801631,0.272078,0.94569,0.177886,-0.811393,0.126084,0.570738,-0.007406,0.003352,0.004266,0.007361,-0.015428,-0.013955,-1.014975,0.096145,0.029473,-0.052114,0.638759,0.416222,-0.647105,-0.090457,0.875837,0.474053,0.76407,-0.24427,0.597099,0.020944,0.019145,-0.011249,-0.317431,0.05091,-0.96023,-1.059775
479,0.198042,-0.019042,0.334755,-0.626335,-0.410233,-0.662916,-0.030142,-0.836993,0.546356,-0.778214,0.36269,0.512705,0.040921,0.056282,-0.024381,-0.416605,-0.090767,-0.143888,-1.271399,-0.168077,-0.025634,0.318938,-0.498993,0.359231,0.788639,-0.27845,-0.928177,0.246754,0.821249,-0.096903,0.56216,-0.013883,-0.006472,0.014535,0.069888,-0.159741,-0.126527,-1.405634,0.044758,0.031194,-0.015539,0.510427,-0.31166,0.801456,0.299125,0.938157,0.174313,-0.806218,0.150761,0.572086,-0.007405,0.001927,0.002748,0.1565,-0.227942,-0.173177,-1.015139,0.097022,0.030316,-0.052481,0.648989,0.425692,-0.630554,-0.084081,0.863862,0.49666,0.756136,-0.26931,0.596429,0.020732,0.023236,-0.007442,-1.206018,0.4326,0.613052,-1.066306
480,0.199686,-0.017228,0.334173,-0.629886,-0.410876,-0.659143,-0.038562,-0.831065,0.554812,-0.774969,0.375393,0.508458,0.041765,0.034975,-0.006942,-0.089283,-0.302952,-0.193582,-1.271286,-0.168381,-0.025634,0.319373,-0.501388,0.363145,0.785319,-0.295529,-0.924882,0.239147,0.813787,-0.112619,0.570028,-0.013867,-0.004409,0.016691,0.207572,-0.326355,-0.211782,-1.405574,0.044606,0.031189,-0.015327,0.511977,-0.316086,0.798729,0.315789,0.933982,0.167193,-0.798847,0.166631,0.577994,6e-06,0.003565,0.003766,0.452659,-0.527141,-0.224658,-1.008607,0.097844,0.031238,-0.052771,0.651813,0.427006,-0.626741,-0.075609,0.858894,0.50654,0.7546,-0.282782,0.592124,0.020609,0.023182,-0.007522,-0.159558,-0.360294,-0.376787,-1.075777
481,0.201218,-0.015948,0.333882,-0.636844,-0.405615,-0.655708,-0.058623,-0.822531,0.565666,-0.767994,0.399181,0.500867,0.042233,0.021962,-0.000478,-0.126072,-0.11572,0.129272,-1.284466,-0.168876,-0.025401,0.319741,-0.497686,0.37269,0.7832,-0.316943,-0.918611,0.23587,0.807973,-0.131292,0.574287,-0.014741,0.006968,0.008698,0.017233,-0.028312,-0.022275,-1.40573,0.044359,0.031303,-0.015139,0.509435,-0.325144,0.796716,0.337251,0.927237,0.162766,-0.791666,0.185775,0.582023,-0.014775,0.003132,0.004683,-0.007415,0.020815,-0.032945,-1.006648,0.09861,0.031887,-0.052915,0.657873,0.42365,-0.622673,-0.056063,0.852036,0.520471,0.751038,-0.307495,0.584283,0.020837,0.016385,-0.004559,-0.284917,0.200101,0.14992,-1.071532
482,0.201964,-0.015487,0.333891,-0.638393,-0.405863,-0.654045,-0.066655,-0.817384,0.5722,-0.76605,0.409384,0.49558,0.04273,0.012068,0.008924,-0.253218,-0.582642,-0.171303,-1.298971,-0.169252,-0.025397,0.32002,-0.49751,0.374471,0.782462,-0.327026,-0.916369,0.230771,0.804051,-0.141528,0.577351,-0.013841,-0.004013,0.017056,0.085861,-0.195811,-0.149939,-1.405602,0.044176,0.031307,-0.015005,0.508298,-0.327458,0.796495,0.347139,0.924326,0.158479,-0.788116,0.195939,0.583506,-0.014324,-0.002445,0.00877,0.180252,-0.341458,-0.276792,-1.012526,0.098972,0.03211,-0.052917,0.661038,0.422246,-0.620271,-0.048268,0.848857,0.526414,0.748798,-0.31804,0.581508,0.021065,0.011794,0.000478,0.071059,-0.079278,0.12879,-1.075941
483,0.202978,-0.014742,0.334162,-0.645626,-0.401689,-0.649505,-0.077973,-0.811401,0.579241,-0.758885,0.425113,0.493356,0.01384,0.013501,0.01172,-0.027749,-0.08392,0.01715,-1.333559,-0.170102,-0.025367,0.320431,-0.499496,0.373975,0.781433,-0.336571,-0.914873,0.222846,0.798864,-0.152149,0.581833,-0.02949,0.004904,0.007844,0.260742,-0.355165,-0.494207,-1.405732,0.043751,0.031322,-0.014791,0.50894,-0.327527,0.796055,0.356226,0.922017,0.151608,-0.783633,0.206417,0.585925,-0.007368,0.002606,0.003421,-0.014775,0.032359,-0.020005,-1.013016,0.099501,0.032488,-0.052785,0.666549,0.420559,-0.615501,-0.037302,0.843447,0.535915,0.744526,-0.334255,0.577886,0.014075,0.007539,0.006187,-0.010191,0.003159,-0.103923,-1.086881
484,0.204115,-0.013968,0.334394,-0.668981,-0.388927,-0.63344,-0.105661,-0.793808,0.598897,-0.734928,0.46806,0.490743,0.041844,0.023806,0.001036,-0.108782,-0.030594,-0.350322,-1.408346,-0.170924,-0.025025,0.320745,-0.500922,0.378264,0.77845,-0.341785,-0.912724,0.223724,0.795752,-0.154452,0.58548,-0.015529,0.018435,0.000729,0.031236,0.076502,-0.166013,-1.406028,0.043329,0.031493,-0.014634,0.512399,-0.331108,0.792347,0.361615,0.920078,0.150633,-0.778897,0.20934,0.591181,-0.007772,0.009259,0.000424,0.013669,0.107379,-0.151675,-1.014812,0.100043,0.032871,-0.052664,0.689528,0.409691,-0.597246,-0.00957,0.829713,0.558107,0.724195,-0.379115,0.576031,0.020947,0.012208,0.000797,-0.616141,1.154431,-2.221952,-1.093413
485,0.204986,-0.013528,0.33443,-0.681382,-0.374262,-0.62904,-0.129999,-0.783885,0.607122,-0.719473,0.495919,0.486261,0.056062,0.024557,0.000885,-0.529534,-0.196269,-0.047887,-1.419602,-0.171467,-0.024914,0.32088,-0.503815,0.379607,0.775926,-0.347031,-0.91147,0.220737,0.791645,-0.158518,0.589942,-0.02944,0.003975,0.006802,0.137452,-0.213808,-0.20834,-1.405854,0.043069,0.031552,-0.014563,0.514358,-0.333013,0.790276,0.366686,0.918439,0.148358,-0.775226,0.213475,0.594518,-0.014721,0.002345,0.003794,0.204358,-0.256116,-0.433648,-1.014812,0.100488,0.033095,-0.052643,0.703642,0.395827,-0.590091,0.014032,0.822563,0.568499,0.710415,-0.4083,0.573236,0.020879,0.012077,0.00063,-1.271557,0.380619,0.638164,-1.098148
486,0.206759,-0.012389,0.334232,-0.691118,-0.353785,-0.630267,-0.156575,-0.778054,0.608349,-0.70475,0.519562,0.483124,0.027424,0.02116,-0.000712,0.026856,0.03377,-0.074825,-1.42359,-0.172462,-0.024763,0.321084,-0.510257,0.38001,0.771506,-0.345988,-0.911926,0.220495,0.787974,-0.154883,0.595796,-0.014679,0.003601,0.005055,0.017887,-0.124008,-0.000489,-1.405825,0.042566,0.031626,-0.014463,0.521568,-0.3335,0.785331,0.365711,0.918986,0.147376,-0.770858,0.210338,0.601278,-0.00735,0.001378,0.002105,-0.059914,-0.2188,0.111008,-1.023303,0.101396,0.033675,-0.052741,0.713743,0.377588,-0.589912,0.040885,0.818345,0.57327,0.699212,-0.433287,0.56865,0.013729,0.010493,-0.00046,0.061793,0.063774,-0.06415,-1.091943
487,0.208148,-0.011203,0.334013,-0.706318,-0.315194,-0.633888,-0.202866,-0.767776,0.607732,-0.677362,0.558235,0.479147,0.054972,0.035784,-0.007495,-1.145789,0.643089,0.833874,-1.427422,-0.172999,-0.024574,0.321149,-0.522715,0.383383,0.761431,-0.346404,-0.911566,0.221325,0.77959,-0.148537,0.608308,-0.015523,0.013499,-0.004464,-0.124287,-0.772362,0.401096,-1.406174,0.042298,0.031715,-0.014427,0.532865,-0.337403,0.776024,0.365961,0.918758,0.148171,-0.762972,0.205039,0.613051,-9e-06,0.001779,0.001849,-0.793205,-2.11337,1.694544,-1.023793,0.10207,0.03425,-0.052851,0.732535,0.340174,-0.589637,0.086501,0.812647,0.576298,0.675209,-0.473164,0.565868,0.020571,0.012176,0.000638,-3.836924,2.925268,2.623941,-1.090963
488,0.21054,-0.009744,0.333814,-0.730266,-0.25069,-0.63554,-0.274107,-0.744615,0.608593,-0.624897,0.61895,0.475849,0.054575,0.037467,-0.006095,-3.516465,3.384573,2.600348,-1.424769,-0.173251,-0.024378,0.321346,-0.536012,0.387985,0.749766,-0.341926,-0.911735,0.227508,0.772518,-0.134888,0.62039,8.6e-05,0.004607,0.004769,0.016509,-0.126451,0.001981,-1.406126,0.042166,0.031809,-0.014333,0.546717,-0.343283,0.763713,0.361699,0.919429,0.154347,-0.755165,0.19185,0.626832,4.3e-05,0.002559,0.002658,-0.299555,-0.652789,0.560408,-1.028692,0.103266,0.03498,-0.052951,0.759488,0.281929,-0.586252,0.156001,0.795974,0.584882,0.631537,-0.535667,0.560552,0.034025,0.025052,-0.006957,-0.081695,0.433728,-0.473324,-1.090637
489,0.211716,-0.008943,0.333639,-0.737906,-0.238954,-0.631222,-0.283619,-0.738905,0.611189,-0.611545,0.630321,0.478262,0.05445,0.037035,-0.006551,-0.299249,1.390876,-2.117852,-1.423003,-0.173297,-0.024247,0.321412,-0.55273,0.382269,0.740507,-0.322315,-0.917429,0.233174,0.769179,-0.110259,0.62934,-0.000747,0.015634,-0.003571,-0.944433,-0.951734,-1.07516,-1.405805,0.042143,0.031877,-0.014298,0.560895,-0.340279,0.754722,0.343672,0.925068,0.161671,-0.753183,0.168697,0.63581,7.6e-05,0.002102,0.002103,-3.860864,-1.785552,-3.721857,-1.029345,0.103854,0.035381,-0.053036,0.768263,0.265774,-0.582353,0.171537,0.79099,0.58729,0.616722,-0.551089,0.562097,0.026867,0.02417,-0.007364,0.02569,0.076365,0.140708,-1.088024
490,0.213427,-0.007461,0.33326,-0.747638,-0.244336,-0.617562,-0.27563,-0.731889,0.623169,-0.603323,0.636424,0.480616,0.040102,0.035499,-0.007151,-0.103311,0.302938,-0.803398,-1.421653,-0.173073,-0.023893,0.321475,-0.585505,0.380092,0.716035,-0.29278,-0.92273,0.250564,0.756667,-0.063396,0.650615,-0.000741,0.016339,-0.002851,-0.243636,-0.452715,-0.155129,-1.40605,0.042249,0.03205,-0.014269,0.594831,-0.339231,0.728764,0.314564,0.932525,0.177325,-0.739746,0.123765,0.661405,0.007052,0.007978,-0.002411,-4.156588,-2.275047,-2.890908,-1.031141,0.104715,0.036123,-0.053226,0.77741,0.272901,-0.566707,0.162302,0.78343,0.599912,0.607693,-0.558355,0.564754,0.02007,0.017942,-0.003424,-0.361997,1.268792,-2.441172,-1.091127
491,0.215471,-0.006147,0.333075,-0.765204,-0.22608,-0.602822,-0.295113,-0.709032,0.640432,-0.571262,0.668241,0.476593,0.054074,0.035321,-0.008295,-0.064328,-0.123601,-0.113202,-1.423177,-0.17301,-0.023579,0.321408,-0.611834,0.363339,0.702591,-0.263286,-0.931082,0.252389,0.746629,-0.031004,0.664415,1.5e-05,0.000862,0.000888,-0.153705,-0.530913,-0.347561,-1.406253,0.042286,0.032222,-0.014295,0.620821,-0.32405,0.713842,0.284192,0.941659,0.180309,-0.730626,0.090928,0.676694,-0.000411,0.005824,-0.003845,-0.829617,-1.094635,-1.020637,-1.033591,0.105732,0.036783,-0.053315,0.795197,0.25759,-0.548915,0.181504,0.762646,0.620827,0.578547,-0.59331,0.5597,0.027463,0.012114,-5e-05,-0.230342,0.379383,-0.816261,-1.087861
492,0.216443,-0.005637,0.332976,-0.773675,-0.215008,-0.596024,-0.30502,-0.698158,0.647696,-0.554421,0.68317,0.475314,0.040924,0.020559,-0.002469,-1.012984,0.984831,0.673787,-1.425865,-0.17305,-0.023499,0.321346,-0.625284,0.351404,0.696797,-0.245361,-0.936056,0.252051,0.741586,-0.013791,0.670614,0.0,1.3e-05,1.3e-05,-0.188621,-0.542196,-0.12482,-1.405903,0.042266,0.032261,-0.014327,0.635281,-0.312269,0.706331,0.266145,0.947102,0.17934,-0.724971,0.074056,0.684785,-2e-06,-0.000121,-0.000118,-0.198648,-0.533512,-0.121952,-1.029508,0.106222,0.037047,-0.053364,0.803316,0.249171,-0.540921,0.190113,0.753458,0.629409,0.564392,-0.608451,0.557895,0.027435,0.010301,-0.001619,-3.304429,3.577922,2.33545,-1.088351
493,0.217882,-0.004891,0.332864,-0.786452,-0.209784,-0.580972,-0.301179,-0.690984,0.657118,-0.538321,0.692028,0.480973,0.041699,0.009171,0.005472,-0.003196,0.042015,-0.057818,-1.442254,-0.172918,-0.023465,0.321339,-0.667188,0.308687,0.677911,-0.192408,-0.950553,0.24364,0.720425,0.031743,0.692707,0.014728,0.001868,0.000624,-3.431389,-1.970392,-3.91633,-1.405756,0.042327,0.032272,-0.014336,0.674735,-0.275724,0.684623,0.218476,0.960641,0.171567,-0.704982,0.033811,0.708417,0.007349,0.000303,-0.000334,0.430323,-0.945716,-0.389741,-1.034897,0.106927,0.037412,-0.053426,0.815559,0.244444,-0.524508,0.187015,0.746421,0.638655,0.547619,-0.618953,0.563036,0.020425,0.010229,-0.001338,0.03527,0.03343,-0.025477,-1.094066
494,0.220085,-0.004183,0.332733,-0.798996,-0.170046,-0.576832,-0.330947,-0.676595,0.657773,-0.501143,0.716668,0.485045,0.069253,0.018093,-0.006708,-0.088984,0.59061,0.60597,-1.45358,-0.172463,-0.023194,0.32134,-0.712227,0.269535,0.648132,-0.142424,-0.959552,0.242712,0.688219,0.08023,0.720959,0.013935,0.016801,-0.003691,0.353115,-0.728093,0.126843,-1.405929,0.042549,0.03239,-0.014338,0.721641,-0.235332,0.651039,0.162596,0.971756,0.171033,-0.672901,-0.017568,0.739523,0.006962,0.008027,-0.00223,0.184638,-0.966619,0.092925,-1.030651,0.108033,0.037776,-0.053482,0.830149,0.208237,-0.517192,0.216799,0.734064,0.643542,0.513662,-0.646364,0.564237,0.034649,0.008904,-0.003504,-0.586778,1.54584,1.245547,-1.10468
