frame,MLTx,MLTy,MLTz,MLTR1,MLTR2,MLTR3,MLTR4,MLTR5,MLTR6,MLTR7,MLTR8,MLTR9,MLTTVx,MLTTVy,MLTTVz,MLTRVx,MLTRVy,MLTRVz,MLGA,MRTx,MRTy,MRTz,MRTR1,MRTR2,MRTR3,MRTR4,MRTR5,MRTR6,MRTR7,MRTR8,MRTR9,MRTTVx,MRTTVy,MRTTVz,MRTRVx,MRTRVy,MRTRVz,MRGA,SLTx,SLTy,SLTz,SLTR1,SLTR2,SLTR3,SLTR4,SLTR5,SLTR6,SLTR7,SLTR8,SLTR9,SLTTVx,SLTTVy,SLTTVz,SLTRVx,SLTRVy,SLTRVz,SLGA,SRTx,SRTy,SRTz,SRTR1,SRTR2,SRTR3,SRTR4,SRTR5,SRTR6,SRTR7,SRTR8,SRTR9,SRTTVx,SRTTVy,SRTTVz,SRTRVx,SRTRVy,SRTRVz,SRGA
35,0.089169,0.005024,0.357005,-0.734005,0.422903,-0.531446,-0.452866,-0.887862,-0.08115,-0.505262,0.180576,0.843878,-0.0093,0.016034,0.012506,-0.006696,-0.015706,-0.013223,-1.431292,-0.087074,0.029566,0.346463,-0.023417,0.60716,0.794229,-0.910621,0.31492,-0.267449,-0.412444,-0.730256,0.544499,-0.00838,-0.022132,0.001252,0.158404,0.391759,0.020754,-1.402906,0.049418,0.036148,-0.007693,0.209282,-0.638361,0.740739,0.884947,-0.198631,-0.421204,0.416014,0.743666,0.523346,0.002377,-0.010273,0.000413,0.811237,0.712378,-0.086723,-0.834703,0.0811,0.025252,-0.060865,-0.630367,0.563533,-0.533917,-0.611289,-0.784268,-0.106055,-0.478501,0.259524,0.838858,-0.004644,0.00805,0.006289,0.00871,0.015092,-0.002272,-0.822514
36,0.088479,0.00573,0.357548,-0.727401,0.430146,-0.534703,-0.465361,-0.881802,-0.076402,-0.503466,0.192714,0.842265,-0.02322,0.009336,0.023994,-0.083869,-0.032141,-0.045607,-1.431407,-0.08713,0.028748,0.346141,-0.014034,0.587458,0.809128,-0.888647,0.363644,-0.279291,-0.458258,-0.723676,0.515904,-0.007915,-0.020903,-0.014443,-0.030445,0.490468,0.159036,-1.402833,0.049392,0.035732,-0.007853,0.200361,-0.620402,0.758258,0.866414,-0.2491,-0.432753,0.457363,0.743673,0.487615,0.002596,-0.009519,-0.00733,0.118354,0.747189,0.034998,-0.833723,0.080756,0.025614,-0.060599,-0.622508,0.569364,-0.536942,-0.622411,-0.776098,-0.101364,-0.474433,0.271099,0.837506,-0.010957,0.010558,0.008077,-0.091906,-0.045955,0.092776,-0.833944
37,0.088084,0.006101,0.357922,-0.726768,0.433048,-0.533219,-0.470315,-0.879434,-0.073292,-0.499771,0.19697,0.84348,-0.008173,0.019382,0.015072,-0.000174,-0.013904,0.020488,-1.431675,-0.087193,0.028354,0.345809,-0.004419,0.574523,0.818471,-0.874291,0.395072,-0.2819,-0.485276,-0.71754,0.499507,0.005455,-0.020027,-0.015467,1.219981,0.194131,0.946899,-1.402949,0.049359,0.035521,-0.00803,0.191376,-0.608777,0.769912,0.855284,-0.281389,-0.435094,0.481521,0.741761,0.466827,0.002852,-0.010447,-0.008068,1.22414,0.210805,0.976472,-0.834866,0.080553,0.025793,-0.060411,-0.621489,0.572195,-0.53511,-0.626882,-0.772879,-0.098366,-0.46986,0.274318,0.839035,-0.011283,0.005688,0.012801,-0.029914,0.125617,-0.193057,-0.841618
38,0.087437,0.006802,0.358753,-0.725199,0.43468,-0.534027,-0.47531,-0.877124,-0.068587,-0.497324,0.203543,0.843366,-0.00841,0.010938,0.025485,-0.035097,0.003269,0.004158,-1.432606,-0.087256,0.027524,0.345051,0.012586,0.553245,0.832918,-0.839027,0.45899,-0.292056,-0.543863,-0.695851,0.468899,-0.006666,-0.025761,-0.018388,1.320986,-0.050855,0.659902,-1.402668,0.04933,0.035114,-0.008396,0.17743,-0.589747,0.787855,0.827781,-0.343536,-0.443575,0.532254,0.730876,0.427228,0.003143,-0.011519,-0.008974,0.156482,0.574312,-0.140611,-0.83307,0.080229,0.026146,-0.06,-0.619612,0.573494,-0.535895,-0.631409,-0.769764,-0.093724,-0.466263,0.280296,0.839065,-0.010323,0.012385,0.00945,0.003424,0.109253,-0.177777,-0.846681
39,0.086782,0.007626,0.359624,-0.723915,0.440527,-0.530968,-0.485163,-0.872188,-0.062261,-0.489636,0.211981,0.845782,-0.019968,0.026512,0.02011,-0.004834,0.097189,-0.183015,-1.4353,-0.086966,0.02668,0.344421,0.018106,0.547812,0.8364,-0.817884,0.4893,-0.302631,-0.575025,-0.67928,0.455838,0.008082,-0.032759,-0.008939,-0.006095,0.135925,-0.233855,-1.403018,0.049476,0.034672,-0.008733,0.169535,-0.58563,0.79265,0.80637,-0.379968,-0.4532,0.566589,0.716003,0.407817,0.004076,-0.016465,-0.004546,-0.014645,0.104842,-0.247831,-0.836336,0.079906,0.026552,-0.059562,-0.6172,0.57912,-0.532619,-0.640375,-0.763049,-0.087599,-0.457145,0.28701,0.841809,-0.003236,0.012226,0.009436,0.002645,-0.027458,0.046334,-0.84913
40,0.086452,0.008151,0.360049,-0.72183,0.444249,-0.530707,-0.489831,-0.869608,-0.061806,-0.488072,0.214784,0.845979,-0.019655,0.027313,0.020657,-0.00483,0.097182,-0.183019,-1.436195,-0.086734,0.026192,0.344112,0.014237,0.547599,0.836614,-0.809593,0.497369,-0.311635,-0.586742,-0.673561,0.449345,0.008464,-0.034114,-0.010084,2.84309,1.058984,-1.308339,-1.402686,0.049588,0.034442,-0.008882,0.171661,-0.585478,0.792304,0.799613,-0.386976,-0.459203,0.575457,0.712364,0.401727,0.003346,-0.012349,-0.009661,4.617149,-1.668395,2.41671,-0.838622,0.079743,0.026806,-0.059357,-0.614474,0.582359,-0.532239,-0.644458,-0.759655,-0.08716,-0.455077,0.289448,0.842095,-0.009822,0.01372,0.010392,-0.000124,0.001599,-0.009245,-0.851743
41,0.086046,0.009177,0.360831,-0.721565,0.447301,-0.528499,-0.495592,-0.866668,-0.056977,-0.482627,0.220245,0.847697,-0.005992,0.025534,0.019452,-0.184114,0.115823,-0.085087,-1.436003,-0.086322,0.025273,0.343464,0.015476,0.547257,0.836816,-0.79408,0.51533,-0.32219,-0.607543,-0.660194,0.441473,0.005814,-0.021247,-0.016904,0.010711,-0.072452,0.12075,-1.402898,0.049796,0.033972,-0.009208,0.172186,-0.58507,0.792492,0.782524,-0.407425,-0.470808,0.598337,0.701211,0.387679,0.009439,-0.009295,-0.008272,-0.011428,0.022137,-0.039287,-0.843194,0.079531,0.027341,-0.058949,-0.613776,0.5852,-0.529924,-0.649582,-0.755824,-0.082296,-0.448689,0.293718,0.844042,-0.002982,0.012852,0.009802,-0.197706,0.125313,-0.093714,-0.853212
42,0.085926,0.010143,0.361617,-0.7196,0.45429,-0.525206,-0.506963,-0.860511,-0.049815,-0.473686,0.229842,0.850189,0.007353,0.023058,0.017705,-0.612843,0.3871,-0.278082,-1.446446,-0.086076,0.024599,0.34293,0.015272,0.544586,0.838561,-0.777141,0.53418,-0.332622,-0.629068,-0.647279,0.430309,0.004086,-0.014904,-0.011937,0.057467,0.516813,0.009143,-1.402848,0.049921,0.033632,-0.009477,0.171162,-0.584571,0.793082,0.766093,-0.427191,-0.480215,0.619518,0.68977,0.374717,0.002032,-0.00739,-0.00593,1.415808,1.849879,-1.382636,-0.848582,0.079471,0.027806,-0.058569,-0.609024,0.592161,-0.527668,-0.659568,-0.747614,-0.077729,-0.440521,0.300694,0.845886,-0.002935,0.012926,0.009777,0.003217,-0.02904,0.047933,-0.855662
43,0.085892,0.010972,0.362384,-0.717305,0.458189,-0.524958,-0.511833,-0.857653,-0.049298,-0.471932,0.232753,0.850372,-0.007075,0.014456,0.027587,-0.033699,-0.008339,0.030622,-1.46856,-0.085896,0.02425,0.342627,0.020485,0.541839,0.840228,-0.765773,0.548835,-0.335121,-0.642719,-0.637234,0.425097,0.001934,-0.007044,-0.005662,-0.007748,0.27368,0.062346,-1.402928,0.050013,0.033448,-0.009637,0.166639,-0.581322,0.796426,0.755977,-0.443239,-0.481701,0.633031,0.682351,0.365605,0.000773,-0.002796,-0.002254,0.461391,0.774284,-0.153971,-0.852828,0.079455,0.028239,-0.058172,-0.607587,0.595026,-0.5261,-0.663963,-0.744024,-0.074698,-0.435879,0.303926,0.847135,-0.00357,0.007157,0.013744,-0.033081,-0.00846,0.030037,-0.856641
44,0.085963,0.011304,0.362761,-0.717055,0.458473,-0.525052,-0.512213,-0.857427,-0.04928,-0.4719,0.233026,0.850315,0.00545,0.009684,0.024191,-0.033294,-0.009229,0.034894,-1.477454,-0.085848,0.024143,0.342576,0.02428,0.539222,0.841808,-0.758555,0.558428,-0.335687,-0.651096,-0.63108,0.421515,0.001153,-0.0042,-0.003379,-0.022137,0.141018,0.083174,-1.402827,0.050038,0.033392,-0.009664,0.163264,-0.578324,0.799303,0.74982,-0.453797,-0.481494,0.641181,0.677944,0.35955,0.001658,-0.007582,0.002392,-0.056632,0.189802,0.05435,-0.852991,0.079489,0.028404,-0.05799,-0.607313,0.595233,-0.526181,-0.664257,-0.743762,-0.07469,-0.435812,0.30416,0.847085,0.003272,0.010299,0.007813,0.00155,-0.02758,0.050019,-0.856968
45,0.086192,0.011859,0.363483,-0.71563,0.459941,-0.525711,-0.513883,-0.856395,-0.049825,-0.472248,0.23392,0.849876,0.005362,0.016866,0.012696,0.000589,-0.013791,0.025299,-1.489246,-0.085892,0.023857,0.342526,0.034113,0.529307,0.84774,-0.727742,0.594554,-0.341805,-0.684955,-0.605937,0.4044,0.001285,-0.004685,-0.003775,1.343564,-0.264005,0.82397,-1.402421,0.050013,0.03326,-0.00968,0.156441,-0.570444,0.8063,0.725062,-0.488007,-0.485936,0.670679,0.660638,0.337263,-0.004827,-0.009172,0.001997,-0.119181,0.50961,0.259505,-0.854624,0.079603,0.02868,-0.05763,-0.605653,0.596393,-0.526781,-0.665664,-0.742449,-0.07523,-0.435975,0.305097,0.846664,0.002854,0.009011,0.006783,0.001433,-0.027538,0.050217,-0.861377
46,0.086338,0.012145,0.364175,-0.71192,0.465267,-0.526062,-0.520402,-0.852452,-0.049777,-0.470722,0.237743,0.849662,0.003131,0.002462,0.018591,-0.033876,0.004585,0.009607,-1.507384,-0.086066,0.023525,0.342407,0.06458,0.514574,0.855006,-0.679554,0.650131,-0.33981,-0.730769,-0.559723,0.390577,-0.011613,-0.008139,-0.004789,4.777966,-1.552857,2.377267,-1.401726,0.049931,0.033095,-0.00974,0.126091,-0.559252,0.819351,0.684167,-0.549059,-0.48005,0.718341,0.621104,0.31339,0.000599,-0.002187,-0.00177,0.346591,0.275549,0.49105,-0.852991,0.079679,0.028833,-0.057277,-0.600958,0.600949,-0.52698,-0.671344,-0.737318,-0.075223,-0.433758,0.308579,0.84654,0.002095,0.006635,0.004962,0.001469,-0.027599,0.050194,-0.864806
47,0.08637,0.012185,0.364493,-0.711467,0.465801,-0.526203,-0.52116,-0.851997,-0.049651,-0.470571,0.238326,0.849583,0.00226,-0.000278,0.016526,-0.033875,0.00459,0.00961,-1.523367,-0.086141,0.023372,0.342363,0.073686,0.503822,0.860654,-0.655318,0.675007,-0.338906,-0.751754,-0.539662,0.378806,-0.011724,-0.007757,-0.004484,0.011887,0.607126,0.369987,-1.401726,0.049893,0.033018,-0.009762,0.113531,-0.550936,0.826788,0.659361,-0.580716,-0.477504,0.743204,0.599364,0.297336,0.0016,-0.007412,0.002525,0.277372,0.539247,0.522825,-0.854134,0.079695,0.028855,-0.057116,-0.600413,0.601386,-0.527103,-0.671998,-0.736735,-0.0751,-0.4335,0.309121,0.846475,0.001073,-0.000286,0.008152,-0.033651,0.004607,0.009257,-0.868725
48,0.086255,0.012218,0.365042,-0.705755,0.471786,-0.528557,-0.526701,-0.848315,-0.054024,-0.472998,0.239672,0.847854,-0.011892,-0.000853,0.015827,-0.034813,0.019296,-0.01991,-1.527096,-0.086083,0.022904,0.342349,0.083179,0.483629,0.871307,-0.613318,0.713991,-0.337627,-0.785461,-0.506914,0.354899,0.004097,-0.018109,0.002396,-0.048957,0.666218,0.436158,-1.401653,0.049915,0.032795,-0.009766,0.103834,-0.532784,0.839856,0.622433,-0.623815,-0.472686,0.775755,0.571835,0.266849,0.001968,-0.008762,0.001435,1.336222,-0.212324,0.516615,-0.860176,0.079643,0.02887,-0.056843,-0.593574,0.606243,-0.529279,-0.676667,-0.731978,-0.07955,-0.435648,0.310928,0.844709,0.000978,0.00311,0.002317,-0.004738,0.003364,-0.003189,-0.868562
49,0.086021,0.012251,0.365337,-0.702802,0.469137,-0.534812,-0.525061,-0.849264,-0.055085,-0.47917,0.241506,0.843859,0.000214,0.000672,0.0005,-0.072806,-0.19062,-0.101276,-1.513804,-0.085846,0.022229,0.342405,0.089737,0.471247,0.877419,-0.584064,0.738503,-0.336773,-0.806758,-0.482842,0.340394,0.004261,-0.018695,0.001908,-0.107742,0.37446,0.172744,-1.401141,0.050028,0.032459,-0.009743,0.097244,-0.520756,0.848148,0.596464,-0.6517,-0.468526,0.796726,0.551452,0.247238,0.002064,-0.009127,0.001128,-0.105867,0.608478,0.356131,-0.860013,0.079522,0.028889,-0.056687,-0.59107,0.603407,-0.53529,-0.675312,-0.733102,-0.080707,-0.441122,0.313785,0.840802,-0.006526,0.001455,0.000958,-0.110097,-0.254537,-0.170199,-0.861214
50,0.085491,0.012223,0.365333,-0.697741,0.46384,-0.545945,-0.526211,-0.848934,-0.048839,-0.485262,0.252623,0.837096,-0.027506,0.001416,0.000542,-0.1564,-0.371767,-0.272203,-1.512285,-0.085341,0.021666,0.342576,0.099409,0.460023,0.882319,-0.553263,0.762577,-0.335127,-0.827093,-0.455422,0.329199,0.016601,-0.012955,0.004761,-0.11899,0.477225,0.279996,-1.400935,0.050283,0.032166,-0.00966,0.087155,-0.511586,0.8548,0.568888,-0.678833,-0.464275,0.817783,0.526749,0.231871,0.008183,-0.006075,0.0027,-0.120927,0.48523,0.328124,-0.859686,0.079256,0.028873,-0.056691,-0.586864,0.597489,-0.546438,-0.676554,-0.732617,-0.074457,-0.444818,0.326,0.834181,-0.013851,0.000399,4.5e-05,-0.184407,-0.43323,-0.299467,-0.864316
51,0.085154,0.012178,0.365306,-0.695191,0.460555,-0.551945,-0.523856,-0.850332,-0.049818,-0.491421,0.253928,0.833098,-0.014704,-0.002232,-0.001924,-0.162677,-0.2972,-0.42033,-1.513599,-0.085101,0.021364,0.342718,0.108154,0.453401,0.884716,-0.530709,0.778864,-0.334146,-0.840676,-0.433961,0.323736,0.018393,-0.022553,0.014067,4.781552,-1.656334,1.896348,-1.401526,0.050403,0.032017,-0.009593,0.081781,-0.50464,0.859447,0.552951,-0.694469,-0.460387,0.82919,0.512883,0.222247,0.00165,-0.007588,0.002377,-0.0932,0.225453,0.083009,-0.860666,0.079092,0.028849,-0.056706,-0.584813,0.594436,-0.55194,-0.674606,-0.734254,-0.076001,-0.450442,0.327896,0.830412,-0.007557,-0.001762,-0.001438,-0.258263,-0.590562,-0.373035,-0.865132
52,0.084325,0.01194,0.365365,-0.691007,0.457017,-0.56008,-0.518942,-0.852966,-0.055851,-0.502401,0.251482,0.827271,-0.016453,-0.014931,0.005322,-0.030967,0.007105,-0.075295,-1.514095,-0.084548,0.020982,0.342985,0.119898,0.440425,0.889743,-0.498995,0.801526,-0.329386,-0.858337,-0.405044,0.31474,0.01559,-0.009163,0.007846,1.385931,-0.262799,0.710876,-1.401145,0.050681,0.031821,-0.009458,0.067481,-0.493793,0.866956,0.521897,-0.723106,-0.452483,0.850334,0.482996,0.208913,0.006809,0.000696,-0.000384,4.872924,-1.438134,2.024982,-0.862462,0.078672,0.028728,-0.056678,-0.581259,0.589153,-0.56128,-0.669815,-0.738087,-0.081082,-0.462044,0.328825,0.823643,-0.008271,-0.007596,0.002577,-0.017125,0.060236,-0.060109,-0.866439
53,0.08336,0.011445,0.365608,-0.688235,0.459585,-0.56139,-0.52056,-0.851753,-0.059207,-0.504526,0.250912,0.82615,-0.029638,-0.012153,0.0071,-0.032188,0.058024,-0.097097,-1.513621,-0.084028,0.020775,0.3431,0.136844,0.421998,0.896204,-0.457109,0.829545,-0.320685,-0.878908,-0.366317,0.305279,0.015949,-0.010389,0.006842,1.342516,0.007296,0.848992,-1.40093,0.050939,0.031723,-0.009396,0.050709,-0.479459,0.876097,0.487806,-0.753577,-0.440642,0.871477,0.449711,0.19567,0.006814,0.000542,-0.000477,-0.037509,0.108148,0.097686,-0.864911,0.078206,0.028488,-0.056564,-0.577991,0.591527,-0.562157,-0.671185,-0.736422,-0.084806,-0.464151,0.328295,0.822669,-0.015231,-0.011021,0.00825,-0.020022,0.044043,-0.083007,-0.868398
54,0.082915,0.01115,0.365819,-0.688102,0.459268,-0.561813,-0.519803,-0.852156,-0.060062,-0.505486,0.250126,0.825801,-0.029025,-0.010175,0.008575,-0.037007,0.061554,-0.100119,-1.51212,-0.083906,0.020743,0.343097,0.147366,0.410279,0.89997,-0.428008,0.846763,-0.31581,-0.891782,-0.339179,0.299243,0.000395,-0.001417,-0.001157,4.926662,-1.454494,1.837424,-1.401108,0.051007,0.031699,-0.009398,0.039383,-0.466541,0.883622,0.45895,-0.777065,-0.430736,0.887588,0.422503,0.183516,0.000261,-0.00077,-0.000691,4.912697,-1.492348,1.789485,-0.872423,0.077976,0.02833,-0.056459,-0.577976,0.591176,-0.562542,-0.670488,-0.736965,-0.085593,-0.465174,0.327707,0.822325,-0.008367,-0.011448,0.008073,-0.075166,0.055751,-0.063784,-0.868725
55,0.082058,0.010442,0.366431,-0.684221,0.460818,-0.565273,-0.518837,-0.85224,-0.066838,-0.511703,0.246973,0.822916,-0.016304,-0.021462,0.017196,-0.06902,0.064234,-0.085334,-1.51306,-0.083634,0.020779,0.343089,0.154233,0.380939,0.911641,-0.373356,0.876749,-0.303068,-0.91489,-0.294113,0.276292,0.013361,0.0021,-0.00012,1.350302,0.35017,1.021272,-1.395936,0.051138,0.031719,-0.0094,0.031159,-0.441868,0.896538,0.413111,-0.811081,-0.414107,0.910147,0.383273,0.157268,0.006704,0.000938,-0.000152,0.025972,0.477792,0.36871,-0.873239,0.077548,0.027987,-0.056164,-0.573863,0.591968,-0.565909,-0.669334,-0.737193,-0.092396,-0.47188,0.32576,0.819272,-0.008029,-0.010337,0.008909,-0.061169,0.045275,-0.055045,-0.870684
56,0.081456,0.00974,0.367141,-0.680396,0.462358,-0.568624,-0.517876,-0.852283,-0.073427,-0.517737,0.243935,0.820043,-0.01504,-0.017556,0.020145,0.108792,-0.080062,0.051092,-1.512545,-0.083526,0.020955,0.343008,0.15479,0.35386,0.922396,-0.322174,0.900697,-0.291346,-0.934056,-0.252531,0.252253,-0.002432,0.011875,-0.007456,4.97962,-0.622148,1.806488,-1.372076,0.051198,0.031801,-0.00944,0.029537,-0.41501,0.909337,0.367372,-0.841555,-0.396008,0.929605,0.345762,0.127606,-0.000203,0.000708,0.000584,0.023248,0.388508,0.293216,-0.865728,0.077234,0.027617,-0.055798,-0.569784,0.592822,-0.569128,-0.66834,-0.737259,-0.098843,-0.478191,0.324052,0.816285,-0.007472,-0.008603,0.010214,0.119798,-0.088102,0.058027,-0.87297
57,0.081297,0.009007,0.367976,-0.678896,0.463084,-0.569823,-0.518031,-0.852022,-0.075324,-0.519544,0.243467,0.819039,-0.001705,-0.027233,0.03003,-0.102637,0.041882,-0.021531,-1.510535,-0.083597,0.021308,0.342973,0.149842,0.32306,0.934436,-0.270942,0.922349,-0.275311,-0.950973,-0.212345,0.224552,-0.001406,0.005016,0.004093,0.282749,0.788981,0.709512,-1.363541,0.051163,0.031977,-0.009465,0.031339,-0.383744,0.922907,0.317157,-0.871824,-0.373273,0.947854,0.304405,0.094385,-0.001732,0.007783,-0.002218,1.464213,0.109969,0.520629,-0.867361,0.077155,0.02726,-0.055392,-0.568131,0.593274,-0.570308,-0.668384,-0.736954,-0.100798,-0.480093,0.323918,0.815222,-0.000423,-0.008607,0.010367,-0.071543,0.038777,-0.032827,-0.868888
58,0.081295,0.008658,0.368434,-0.677797,0.463779,-0.570566,-0.518434,-0.851672,-0.0765,-0.520577,0.243367,0.818413,-8.3e-05,-0.014993,0.0224,-0.068205,0.023416,-0.005872,-1.511577,-0.083653,0.021546,0.342949,0.145674,0.311571,0.938985,-0.250252,0.929853,-0.269595,-0.957266,-0.196115,0.212236,-0.001206,0.004301,0.003506,0.360726,0.44052,0.223617,-1.319808,0.051135,0.032094,-0.009471,0.03655,-0.370618,0.928065,0.300117,-0.881746,-0.36394,0.953201,0.291831,0.079001,-0.001631,0.007664,-0.002418,5.085043,-0.709546,1.430702,-0.860339,0.077154,0.027081,-0.05516,-0.566923,0.593757,-0.571007,-0.668699,-0.736511,-0.10194,-0.481081,0.32404,0.81459,-6.8e-05,-0.007536,0.011172,-0.071048,0.038349,-0.032566,-0.868072
59,0.081429,0.008054,0.369484,-0.672345,0.466919,-0.574442,-0.519067,-0.850586,-0.083933,-0.526972,0.241156,0.814967,0.001327,-0.010752,0.025577,1.917802,-1.434965,1.242406,-1.512631,-0.083757,0.022211,0.342727,0.142891,0.288013,0.946901,-0.226244,0.940894,-0.251924,-0.963637,-0.178609,0.198406,0.007578,0.028987,-0.012456,-0.002655,0.452765,0.176878,-1.257071,0.051079,0.03242,-0.009574,0.037125,-0.3477,0.93687,0.279335,-0.896533,-0.3438,0.959475,0.274465,0.063841,-0.002705,0.012837,-0.006657,0.094476,0.645069,0.349347,-0.833233,0.07722,0.026777,-0.054636,-0.56255,0.595396,-0.573619,-0.669255,-0.735305,-0.106879,-0.485421,0.323773,0.812118,0.000755,-0.00505,0.013031,-0.07195,0.02602,-0.008081,-0.869378
60,0.081737,0.007527,0.370533,-0.670198,0.470524,-0.574009,-0.520638,-0.849183,-0.088298,-0.528157,0.239083,0.814811,0.001423,-0.010452,0.025791,-0.050386,0.066577,0.015955,-1.511583,-0.083873,0.022936,0.342248,0.140562,0.27133,0.952163,-0.193957,0.950623,-0.242138,-0.97099,-0.150999,0.185041,-0.004139,0.021147,-0.016991,0.421734,0.571048,0.331879,-1.197196,0.051023,0.032796,-0.009809,0.037973,-0.332152,0.94246,0.250398,-0.909888,-0.330761,0.967397,0.248551,0.048619,-0.001986,0.010313,-0.008706,1.532017,0.260283,0.773004,-0.822782,0.077376,0.026519,-0.054108,-0.558173,0.599172,-0.573964,-0.670164,-0.73342,-0.113904,-0.489205,0.321072,0.810919,0.007331,-0.006495,0.012086,-0.066406,0.127825,-0.140789,-0.871991
61,0.081875,0.007317,0.371008,-0.6687,0.471543,-0.57492,-0.521226,-0.848654,-0.089901,-0.529474,0.238954,0.813993,0.001301,-0.010819,0.025513,-0.068,0.023864,-0.005647,-1.511135,-0.083892,0.023222,0.341925,0.13971,0.263046,0.95461,-0.171122,0.955973,-0.238257,-0.975396,-0.130414,0.177361,0.009878,0.02071,-0.019159,5.247238,-0.772471,1.401871,-1.190767,0.051007,0.032942,-0.009968,0.040044,-0.324528,0.945027,0.234081,-0.916419,-0.324623,0.971391,0.234213,0.039269,-0.001391,0.008165,-0.010442,-0.066825,0.61121,0.38171,-0.825395,0.077445,0.026416,-0.053869,-0.556454,0.599786,-0.57499,-0.670615,-0.732777,-0.11538,-0.490543,0.321394,0.809983,0.007238,-0.006775,0.011877,-0.074014,0.001926,0.018019,-0.870848
62,0.082032,0.007071,0.37182,-0.66636,0.475119,-0.574693,-0.52233,-0.847415,-0.095035,-0.531334,0.236255,0.813569,0.002128,-0.000919,0.01607,-0.03192,0.009466,0.012053,-1.511613,-0.083671,0.023598,0.341348,0.132714,0.242466,0.961036,-0.131325,0.965363,-0.225303,-0.982511,-0.096628,0.158741,0.012252,0.009053,-0.011553,5.276662,-0.845677,1.187942,-1.179394,0.051118,0.033128,-0.010264,0.046944,-0.302323,0.952048,0.197999,-0.931371,-0.30552,0.979077,0.202847,0.016137,0.006275,0.004007,-0.006195,-0.044331,0.49108,0.334442,-0.838785,0.077524,0.02629,-0.053459,-0.553509,0.602919,-0.574557,-0.671378,-0.731243,-0.120557,-0.492827,0.319015,0.809536,0.00105,-0.000457,0.008034,-0.044764,-0.007579,0.000487,-0.87395
63,0.082088,0.006878,0.372506,-0.660531,0.478287,-0.57878,-0.522172,-0.846497,-0.103685,-0.538711,0.233136,0.809609,-0.011736,-0.000214,0.016314,-0.029879,0.016221,-0.016711,-1.512878,-0.083275,0.023709,0.340999,0.11646,0.227256,0.966842,-0.097659,0.971366,-0.216437,-0.988458,-0.069517,0.134094,0.014824,-0.003234,-0.004485,-0.069006,0.380698,0.240503,-1.154035,0.051315,0.033188,-0.010441,0.06107,-0.284867,0.956619,0.161414,-0.942974,-0.291108,0.984995,0.17219,-0.011606,0.007381,-0.001506,-0.002147,-0.090925,0.402354,0.287462,-0.842704,0.077558,0.026195,-0.053114,-0.547027,0.604886,-0.578681,-0.670879,-0.730237,-0.129123,-0.50068,0.317592,0.805266,0.000585,-0.001875,0.006983,-0.024822,-0.002002,0.015481,-0.87493
64,0.0819,0.006751,0.373011,-0.65816,0.479447,-0.580518,-0.52187,-0.84623,-0.107319,-0.541893,0.23172,0.807889,-0.01278,-0.003393,0.013969,-0.034731,0.019753,-0.01972,-1.511663,-0.082696,0.023591,0.340779,0.105535,0.212158,0.971516,-0.053435,0.976766,-0.207382,-0.993042,-0.030312,0.11319,0.014921,-0.003492,-0.004718,5.296334,-0.719439,0.661536,-1.130957,0.051606,0.033128,-0.010553,0.072154,-0.26934,0.960338,0.125732,-0.95271,-0.276647,0.989436,0.140707,-0.034877,0.013937,-4e-05,-0.001883,-0.070118,0.326811,0.277205,-0.842541,0.077465,0.026135,-0.05286,-0.544481,0.605593,-0.580341,-0.670469,-0.729973,-0.132697,-0.503995,0.31685,0.803488,-4e-05,-0.003782,0.00558,-0.03854,0.020977,-0.018195,-0.870848
65,0.081721,0.006702,0.373159,-0.656159,0.478447,-0.5836,-0.521389,-0.846463,-0.107825,-0.544774,0.232932,0.8056,0.000221,0.000669,0.000492,-0.005745,-0.013928,-0.006918,-1.511405,-0.082317,0.023499,0.340707,0.096002,0.211669,0.97261,-0.047946,0.976969,-0.207767,-0.994277,-0.026971,0.102708,0.017132,-0.014429,0.00345,-0.068258,0.322535,-0.104943,-1.13025,0.051794,0.033085,-0.010592,0.080721,-0.267133,0.960272,0.114837,-0.954508,-0.275182,0.990098,0.132488,-0.046373,0.014173,-0.000822,-0.002536,-0.00547,0.285595,-0.093072,-0.845643,0.077371,0.026112,-0.052778,-0.542623,0.604104,-0.583625,-0.670029,-0.730323,-0.132994,-0.506578,0.31888,0.801057,2.4e-05,9.3e-05,7.2e-05,0.003137,0.015308,0.004432,-0.865949
66,0.081294,0.006637,0.373229,-0.650207,0.477431,-0.591046,-0.520074,-0.846739,-0.111931,-0.553098,0.23401,0.799593,-0.014343,-0.000719,-0.000791,-0.03088,-0.057725,-0.065505,-1.509449,-0.081382,0.023361,0.340561,0.086121,0.204157,0.975138,-0.031879,0.978833,-0.201997,-0.995813,-0.013965,0.089573,0.027892,9.9e-05,-0.003674,5.361329,-0.969974,0.66282,-1.129708,0.052258,0.033009,-0.010664,0.090958,-0.259604,0.961421,0.10594,-0.957422,-0.268547,0.990203,0.12628,-0.059583,0.014106,-0.000499,-0.002298,-0.039682,0.173385,0.151343,-0.854134,0.077163,0.02608,-0.052743,-0.536788,0.602076,-0.591068,-0.668719,-0.73077,-0.137072,-0.514463,0.32168,0.794888,-0.007359,-0.000919,-0.000802,-0.029066,-0.025698,-0.086211,-0.864479
67,0.080803,0.006471,0.373012,-0.648614,0.468025,-0.600248,-0.510005,-0.852597,-0.113775,-0.564218,0.231746,0.792451,-0.016522,-0.007209,-0.005593,0.050806,-0.149071,-0.047762,-1.5026,-0.08031,0.023461,0.340481,0.083138,0.197886,0.976688,-0.031973,0.980101,-0.195739,-0.99606,-0.015223,0.086575,0.026525,0.0049,0.000262,-0.044235,0.230975,0.220219,-1.072165,0.052786,0.03305,-0.01071,0.091097,-0.253895,0.962932,0.101328,-0.95957,-0.262595,0.990673,0.121494,-0.061687,0.014409,-0.003127,0.004116,-0.061885,0.462537,0.345982,-0.848909,0.076913,0.025999,-0.05285,-0.536849,0.592629,-0.600486,-0.659901,-0.738421,-0.138792,-0.525664,0.321751,0.787497,-0.008367,-0.003936,-0.003034,0.064217,-0.112275,-0.032587,-0.866602
68,0.08032,0.00607,0.372634,-0.646363,0.464044,-0.605741,-0.507105,-0.854364,-0.113483,-0.569386,0.233241,0.788305,-0.004982,-0.014892,-0.01105,-0.012593,-0.001138,-0.064905,-1.480371,-0.079313,0.023743,0.340566,0.08865,0.18449,0.978824,-0.032464,0.982699,-0.182163,-0.995576,-0.015878,0.091867,0.025306,0.00903,0.003657,-0.521351,-1.370102,2.425651,-0.973216,0.053296,0.033191,-0.010668,0.087063,-0.242683,0.96619,0.103532,-0.962417,-0.251065,0.990808,0.12189,-0.058666,0.012527,0.004946,0.002168,-0.003097,0.07968,0.387894,-0.814944,0.076671,0.025797,-0.053041,-0.535338,0.588363,-0.606003,-0.657357,-0.740745,-0.13848,-0.530371,0.324227,0.783314,-0.002564,-0.00768,-0.005689,0.003445,0.038991,-0.044795,-0.864153
69,0.080039,0.005803,0.372432,-0.645068,0.460931,-0.609488,-0.502805,-0.8566,-0.115743,-0.57464,0.231213,0.785084,-0.018199,-0.012024,-0.009244,-0.019371,-0.016128,-0.077057,-1.478525,-0.078797,0.023985,0.340685,0.094791,0.17554,0.979894,-0.033056,0.98433,-0.17302,-0.994998,-0.01623,0.097867,0.03728,0.015752,0.007295,0.006771,-0.062101,0.119092,-0.905293,0.05354,0.033303,-0.010614,0.078814,-0.232101,0.969493,0.106681,-0.964969,-0.239691,0.991164,0.122318,-0.051292,0.011968,0.006801,0.003696,-0.007193,-0.091759,0.126418,-0.795839,0.076538,0.02567,-0.053136,-0.534635,0.585127,-0.609747,-0.653477,-0.743747,-0.140738,-0.535847,0.323212,0.78,-0.009264,-0.006518,-0.004987,-0.011134,-0.076643,0.080933,-0.864316
70,0.079562,0.005204,0.372055,-0.64419,0.457974,-0.612638,-0.494596,-0.860336,-0.123157,-0.582681,0.223097,0.781497,-0.005632,-0.01671,-0.012514,0.175203,-0.102592,0.066848,-1.477812,-0.077764,0.024734,0.341143,0.112423,0.150276,0.982227,-0.035565,0.988457,-0.147041,-0.993096,-0.01861,0.115225,0.021515,0.021384,0.013787,-0.051379,-0.093246,0.142387,-0.780008,0.054073,0.033676,-0.010389,0.059096,-0.209177,0.97609,0.113517,-0.970048,-0.214755,0.991776,0.123494,-0.033581,0.010695,0.010891,0.007042,-0.146495,-0.535175,0.81968,-0.754364,0.076292,0.025365,-0.053329,-0.534395,0.582334,-0.612623,-0.646058,-0.748765,-0.148185,-0.545004,0.316601,0.776358,-0.009894,-0.012003,-0.000703,0.61976,-0.503004,0.516248,-0.864806
71,0.079276,0.004429,0.371738,-0.64265,0.455819,-0.615853,-0.487104,-0.863466,-0.130876,-0.59063,0.215304,0.777706,0.00701,-0.028747,-0.004424,-0.029638,-0.060519,0.139617,-1.487327,-0.077173,0.025521,0.34165,0.126499,0.130357,0.98336,-0.037968,0.991219,-0.126398,-0.99133,-0.021529,0.12909,0.008933,0.016549,0.011651,-0.015134,0.060055,-0.097637,-0.718277,0.05437,0.034084,-0.010124,0.043229,-0.190851,0.980666,0.119361,-0.973566,-0.194731,0.991909,0.125471,-0.019306,0.004335,0.008697,0.00616,-0.01904,0.025482,-0.043124,-0.752567,0.076145,0.024984,-0.053489,-0.533327,0.579884,-0.615869,-0.638973,-0.753261,-0.155914,-0.554323,0.310371,0.772265,-0.002918,-0.01234,-0.000835,-0.034104,-0.056215,0.134015,-0.868235
72,0.079215,0.004032,0.371642,-0.643995,0.4534,-0.616234,-0.483355,-0.865443,-0.131714,-0.592239,0.212467,0.777263,0.007753,-0.026585,-0.00282,-0.035102,0.029639,-0.037583,-1.501181,-0.077077,0.025824,0.341872,0.131573,0.123044,0.983636,-0.045002,0.991966,-0.11795,-0.99038,-0.02892,0.134806,-0.003783,0.01242,0.010136,-0.520079,-1.410265,2.121547,-0.712181,0.054419,0.034233,-0.010015,0.039488,-0.186414,0.981676,0.126991,-0.97354,-0.189978,0.991116,0.132167,-0.01477,0.004612,0.007759,0.005386,-0.156514,0.098114,-0.1483,-0.769386,0.076113,0.02478,-0.053541,-0.53502,0.577828,-0.616334,-0.635714,-0.755837,-0.156772,-0.556435,0.307936,0.771721,-0.002662,-0.011577,-0.000274,-0.036334,0.031638,-0.041041,-0.877869
73,0.079201,0.003348,0.371586,-0.646034,0.44857,-0.617633,-0.474797,-0.869653,-0.135063,-0.596913,0.205431,0.775577,-0.003768,-0.018539,0.002908,-0.029784,-0.058714,0.135818,-1.501318,-0.077046,0.026418,0.342275,0.138527,0.1131,0.983875,-0.057692,0.992672,-0.105872,-0.988782,-0.042256,0.142788,-0.004383,0.01437,0.01167,-1.671173,0.010964,0.016664,-0.672746,0.054439,0.034531,-0.009813,0.029789,-0.175203,0.984081,0.140277,-0.974042,-0.177662,0.989663,0.143337,-0.004439,-0.002054,0.006952,0.005436,-5.589358,0.088905,-0.01966,-0.79388,0.076107,0.024427,-0.053577,-0.537914,0.573486,-0.617869,-0.628027,-0.761547,-0.160086,-0.562343,0.301926,0.769811,0.004848,-0.010456,0.000726,-0.037708,0.01847,-0.012977,-0.882605
74,0.079349,0.002742,0.371641,-0.644105,0.445834,-0.621616,-0.464552,-0.873537,-0.145243,-0.606963,0.194661,0.770539,0.010697,-0.018017,0.003638,0.564017,-0.508243,0.588821,-1.49979,-0.077256,0.02708,0.342762,0.144411,0.105055,0.983921,-0.075641,0.992589,-0.094762,-0.986734,-0.060889,0.150038,-0.005269,0.017294,0.013957,0.004469,-0.029646,0.049239,-0.638998,0.054335,0.034859,-0.009572,0.023273,-0.167948,0.98552,0.161427,-0.97222,-0.169494,0.986609,0.163035,0.004485,-0.002667,0.00873,0.007053,0.007059,-0.023774,0.043055,-0.800411,0.076176,0.024124,-0.053549,-0.537024,0.570274,-0.621603,-0.618614,-0.767211,-0.169417,-0.573515,0.293552,0.764791,0.005774,-0.004055,-0.002915,1.969786,-1.405186,1.32609,-0.883421
75,0.079461,0.002449,0.37169,-0.645904,0.438628,-0.624867,-0.45473,-0.878452,-0.146679,-0.612455,0.188854,0.767633,-0.001471,-0.004364,-0.003321,-0.009819,-0.135511,0.111447,-1.499537,-0.077373,0.027395,0.343019,0.149639,0.103081,0.983348,-0.087278,0.992023,-0.090592,-0.984999,-0.072415,0.156193,-0.005025,0.016506,0.013279,-5.426841,0.454657,-0.824108,-0.634461,0.054273,0.035026,-0.009436,0.017397,-0.166473,0.985892,0.171754,-0.970886,-0.166971,0.984985,0.172236,0.011701,-0.002433,0.008243,0.006463,-5.419123,0.497418,-0.816455,-0.809229,0.076233,0.023981,-0.053522,-0.53949,0.563678,-0.625473,-0.609745,-0.77383,-0.171453,-0.580655,0.288882,0.761174,-0.00116,-0.007146,0.003062,0.033036,-0.11672,0.009606,-0.883421
76,0.079733,0.001975,0.371873,-0.643005,0.435089,-0.630308,-0.445714,-0.881799,-0.15408,-0.622049,0.181316,0.761713,0.012023,-0.014157,0.006573,-0.15365,-0.371883,-0.154355,-1.497179,-0.077509,0.027891,0.343491,0.165183,0.10245,0.980923,-0.104424,0.990793,-0.085779,-0.980856,-0.088407,0.173115,-0.003737,0.012284,0.009829,-0.048495,-0.355251,0.090463,-0.617798,0.054207,0.035271,-0.009203,0.002935,-0.168067,0.985771,0.190875,-0.967556,-0.16553,0.981609,0.188644,0.02924,-0.001821,0.00588,0.00471,-0.96429,-1.803148,1.985898,-0.805637,0.076369,0.02374,-0.053433,-0.537955,0.561248,-0.62897,-0.601461,-0.778335,-0.180104,-0.590634,0.281413,0.756278,0.006001,-0.007105,0.003261,-0.026203,-0.723282,0.07541,-0.878686
77,0.079813,0.001777,0.371992,-0.647748,0.424173,-0.632886,-0.431732,-0.888764,-0.153881,-0.626958,0.173028,0.759614,-0.000282,-0.000838,-0.000639,-0.00611,-0.016676,-0.00828,-1.44064,-0.077417,0.028441,0.343896,0.185481,0.101893,0.977347,-0.133244,0.988007,-0.0776,-0.973734,-0.115976,0.195591,0.008917,0.016164,0.011068,0.018822,-0.198796,-0.198237,-0.584894,0.054244,0.035539,-0.009005,-0.018378,-0.169141,0.98542,0.220452,-0.962016,-0.161013,0.975224,0.214279,0.054968,0.004451,0.008082,0.005542,-0.115995,-0.861053,0.580081,-0.784736,0.076415,0.023645,-0.053371,-0.543785,0.54992,-0.633943,-0.58901,-0.788172,-0.178466,-0.597799,0.276352,0.752505,-0.000199,-0.000586,-0.000449,0.008341,-0.078608,0.183874,-0.874603
78,0.079606,0.001638,0.371959,-0.647547,0.400643,-0.648239,-0.398374,-0.903093,-0.160289,-0.648839,0.153942,0.74521,-0.001756,-0.005219,-0.003979,3.419834,0.334959,-4.195471,-1.422778,-0.077022,0.028953,0.344368,0.210787,0.102383,0.972151,-0.169368,0.983259,-0.066711,-0.962939,-0.150732,0.223362,0.012054,0.002372,0.016927,-0.269118,-0.921455,0.155464,-0.561276,0.054442,0.035812,-0.008762,-0.042519,-0.171393,0.984284,0.257055,-0.953886,-0.154996,0.96546,0.246425,0.084615,0.004877,0.006587,0.004327,-0.977833,-1.974875,1.634646,-0.758773,0.076314,0.023579,-0.053378,-0.545211,0.531146,-0.648558,-0.563556,-0.804981,-0.185496,-0.620603,0.264365,0.738215,-0.007473,-0.000963,-0.000906,-0.244219,-0.785078,-0.203762,-0.864153
79,0.079438,0.001519,0.371942,-0.639463,0.393645,-0.660437,-0.387005,-0.907002,-0.165971,-0.663561,0.148964,0.73316,-0.002595,-0.015111,0.005497,-0.185933,-0.683501,-0.082164,-1.426719,-0.076795,0.029115,0.34451,0.219507,0.107577,0.969657,-0.18758,0.979986,-0.06614,-0.95761,-0.167519,0.234059,0.011089,0.008916,0.005269,0.067326,-0.404966,-0.412754,-0.540743,0.054555,0.035894,-0.008683,-0.052054,-0.177342,0.982771,0.27494,-0.948619,-0.156617,0.96005,0.262051,0.098137,0.005712,0.003879,0.002176,0.048965,-0.582345,-0.583934,-0.743097,0.076229,0.02352,-0.053393,-0.54146,0.519499,-0.661014,-0.548159,-0.814286,-0.190941,-0.637449,0.258954,0.725672,-0.007626,-0.001409,-0.001249,-0.113951,-1.013476,-0.156805,-0.867582
80,0.079046,0.001239,0.371963,-0.625885,0.373208,-0.684857,-0.358246,-0.917506,-0.172668,-0.692028,0.136806,0.708807,-0.014922,-0.001767,-0.001711,1.622467,-2.322528,1.380492,-1.440942,-0.07621,0.029441,0.344666,0.241215,0.116588,0.963439,-0.241217,0.968778,-0.056722,-0.940242,-0.218873,0.260579,0.011161,0.008623,0.005028,-5.455137,-0.620725,-1.005561,-0.466545,0.054854,0.036052,-0.008611,-0.073782,-0.188504,0.979296,0.326195,-0.93252,-0.154924,0.942417,0.308012,0.130292,0.005691,0.004169,0.002288,-5.467853,-0.715098,-0.989518,-0.689211,0.076037,0.023373,-0.053381,-0.533845,0.496772,-0.68427,-0.522262,-0.830139,-0.195219,-0.665019,0.253151,0.702611,-0.001173,-0.007175,0.003044,-0.096943,-0.417644,0.177763,-0.885707
81,0.078649,0.001176,0.372059,-0.616829,0.367709,-0.695957,-0.346636,-0.920688,-0.179297,-0.705926,0.130185,0.696237,-0.013332,0.002949,0.001893,-0.024212,-0.320129,0.452761,-1.483812,-0.075321,0.029825,0.344963,0.264911,0.131666,0.955237,-0.306009,0.950878,-0.04608,-0.914681,-0.280279,0.290971,0.026201,0.0012,0.014161,-0.10545,-0.900836,-0.503196,-0.371236,0.055299,0.036244,-0.008462,-0.095775,-0.20462,0.974144,0.391544,-0.907496,-0.152125,0.915161,0.366851,0.167033,0.013071,0.000648,0.007115,-0.102879,-0.89223,-0.494183,-0.60185,0.075836,0.023334,-0.053339,-0.523092,0.489039,-0.698007,-0.510791,-0.835496,-0.202576,-0.682251,0.25057,0.686838,-0.006612,0.001633,0.001076,-0.044021,-0.2263,0.463607,-0.893382
82,0.078444,0.001237,0.3721,-0.619588,0.364169,-0.695368,-0.34232,-0.922517,-0.17819,-0.705614,0.127174,0.69711,-0.012991,0.003952,0.002659,-1.861448,1.086053,-1.028492,-1.527448,-0.074851,0.029903,0.345172,0.276382,0.147476,0.94966,-0.347178,0.936716,-0.044305,-0.896412,-0.31765,0.308881,0.026752,-0.000563,0.012761,-0.378819,-0.743609,-1.014382,-0.3291,0.055523,0.036286,-0.00836,-0.106515,-0.220746,0.969497,0.430476,-0.889165,-0.15516,0.896294,0.400819,0.189735,0.012115,0.005451,0.002497,-1.535904,-0.403808,-0.908109,-0.559395,0.075734,0.023365,-0.053318,-0.524946,0.487526,-0.697674,-0.506501,-0.837693,-0.204267,-0.684023,0.246143,0.686676,-0.006411,0.002224,0.001528,0.015126,-0.225674,0.50596,-0.904975
83,0.078211,0.001337,0.372106,-0.623527,0.360753,-0.693626,-0.342015,-0.923618,-0.172997,-0.702284,0.128907,0.700148,7e-06,2e-05,1.5e-05,-1.772087,1.247956,-1.46613,-1.568583,-0.073987,0.029942,0.345487,0.303016,0.195925,0.932623,-0.434677,0.899292,-0.047569,-0.84837,-0.391228,0.356473,0.025103,0.008177,0.002846,-0.567658,-1.437512,-0.311134,-0.260173,0.055955,0.036302,-0.008199,-0.130115,-0.272314,0.95337,0.512079,-0.841832,-0.170568,0.849025,0.466007,0.248981,0.013695,-0.0013,0.005563,-2.29792,-2.565706,0.641836,-0.482812,0.075613,0.023421,-0.053311,-0.529306,0.485304,-0.695926,-0.506802,-0.838685,-0.199394,-0.68043,0.247157,0.689874,1e-05,2.6e-05,2.7e-05,0.36818,-0.096629,0.011419,-0.910201
84,0.078195,0.001425,0.372083,-0.628755,0.357537,-0.690564,-0.338435,-0.925305,-0.171006,-0.699347,0.125739,0.703655,0.000406,0.001191,0.000911,-0.147041,0.08938,0.069575,-1.576969,-0.073037,0.030264,0.345703,0.332792,0.259371,0.906624,-0.531855,0.845517,-0.046536,-0.779023,-0.467034,0.418168,0.023999,0.011582,0.005518,-1.677166,-1.528697,-0.434258,-0.141251,0.056424,0.03645,-0.0081,-0.156526,-0.336787,0.928479,0.597596,-0.78076,-0.182461,0.78637,0.526295,0.323472,0.01196,0.00586,0.002796,-0.330214,-1.579948,-0.595323,-0.392348,0.075605,0.023462,-0.053324,-0.536593,0.482342,-0.692396,-0.503812,-0.841359,-0.19567,-0.676934,0.243843,0.694478,0.000291,0.000828,0.000626,-1.859483,1.261197,-1.300679,-0.91412
85,0.078368,0.001433,0.372005,-0.635793,0.355059,-0.68538,-0.325786,-0.928367,-0.1788,-0.698983,0.109159,0.706777,-0.000404,-0.001186,-0.000907,0.089254,0.324528,0.159855,-1.577926,-0.072142,0.030785,0.345936,0.354881,0.331644,0.874107,-0.632021,0.774027,-0.036945,-0.689251,-0.539759,0.483172,0.010852,0.009281,0.005497,-1.30149,-1.732872,-1.168203,-0.040762,0.056885,0.036718,-0.007979,-0.177009,-0.408259,0.895539,0.694028,-0.696941,-0.180544,0.697847,0.589572,0.406708,0.01162,0.006928,0.003643,-5.118531,-1.782485,-2.215779,-0.274289,0.075693,0.023473,-0.053359,-0.543846,0.480268,-0.688166,-0.491984,-0.846803,-0.202174,-0.679839,0.228615,0.696815,0.006414,-0.002223,-0.001519,0.144193,0.42642,0.441452,-0.914446
86,0.078547,0.001401,0.371959,-0.641105,0.34489,-0.685624,-0.310035,-0.933557,-0.179782,-0.701281,0.096872,0.706291,0.01315,-0.003471,-0.002291,0.104586,0.016857,-0.073497,-1.578416,-0.071686,0.031051,0.346036,0.36265,0.367465,0.856415,-0.67404,0.737995,-0.031096,-0.643883,-0.566441,0.51422,0.023813,0.011986,0.00581,-0.170816,-1.738072,-0.242476,-0.0002,0.057116,0.036856,-0.007926,-0.184132,-0.446103,0.875835,0.733575,-0.655441,-0.179623,0.654188,0.609417,0.447937,0.011911,0.005944,0.00284,-0.179248,-1.603923,-0.167255,-0.225792,0.075777,0.023455,-0.053383,-0.551487,0.472125,-0.687719,-0.477662,-0.854612,-0.203658,-0.683885,0.216183,0.696824,0.006555,-0.001804,-0.001199,0.339096,0.054275,-0.336075,-0.913793
478,0.07558,0.036689,0.377578,-0.682523,0.555665,-0.47481,-0.646259,-0.76221,0.036858,-0.340581,0.331311,0.879924,0.028469,0.026265,-0.029813,-1.786049,1.70754,-1.156319,-1.66986,-0.086946,0.073296,0.357397,0.105449,0.587764,0.802126,-0.921153,0.3616,-0.143726,-0.374631,-0.724452,0.578519,0.024559,-0.065809,0.074882,-0.107871,-0.447378,-0.872705,-1.403308,0.049473,0.058022,-0.002262,0.081495,-0.632585,0.77019,0.919678,-0.250096,-0.302726,0.384121,0.732999,0.561394,0.011144,-0.02777,0.033254,-0.049428,-0.503112,-0.880212,-0.868014,0.074286,0.041087,-0.050563,-0.554269,0.683483,-0.475011,-0.779732,-0.626047,0.009029,-0.291208,0.375387,0.879932,0.01364,0.007918,-0.01048,0.073577,-0.073451,0.092677,-0.857948
479,0.076514,0.037415,0.376851,-0.678008,0.561474,-0.474444,-0.654088,-0.7553,0.040769,-0.334619,0.337267,0.879948,0.015865,0.021345,-0.017458,0.06245,-0.054021,0.071215,-1.691724,-0.086373,0.070772,0.359719,0.078824,0.604948,0.792349,-0.924657,0.34139,-0.168515,-0.372514,-0.720116,0.58526,0.001305,-0.063771,0.049884,-0.092109,-0.294901,-0.824881,-1.40315,0.049767,0.056739,-0.001071,0.108574,-0.647203,0.754545,0.917032,-0.227801,-0.327349,0.383747,0.727484,0.568773,0.000832,-0.032638,0.024485,-0.086814,-0.342277,-0.858902,-0.86834,0.074764,0.041458,-0.050939,-0.550257,0.688184,-0.472883,-0.78603,-0.617998,0.015274,-0.28173,0.380105,0.880992,0.007984,0.010778,-0.008677,0.070037,-0.052727,0.073128,-0.859581
480,0.076983,0.037768,0.376552,-0.68135,0.56101,-0.470186,-0.65386,-0.755176,0.046352,-0.328228,0.338316,0.88195,0.0287,0.020262,-0.018147,-1.814369,1.716597,-1.150517,-1.697297,-0.086304,0.069568,0.36053,0.064836,0.6128,0.787569,-0.925089,0.332831,-0.182669,-0.37412,-0.717487,0.587461,0.000985,-0.059758,0.038041,-0.103556,-0.189896,-0.524802,-1.403201,0.049801,0.056161,-0.000679,0.122311,-0.653789,0.746726,0.914199,-0.218675,-0.341202,0.386365,0.724389,0.570947,-0.000474,-0.025225,0.014533,-0.062758,-0.223285,-0.511652,-0.867034,0.074998,0.041632,-0.05109,-0.553309,0.688305,-0.469131,-0.785898,-0.618027,0.020153,-0.276065,0.37984,0.882898,0.014391,0.010208,-0.00904,-1.807547,1.712431,-1.14862,-0.859907
