frame,MLTx,MLTy,MLTz,MLTR1,MLTR2,MLTR3,MLTR4,MLTR5,MLTR6,MLTR7,MLTR8,MLTR9,MLTTVx,MLTTVy,MLTTVz,MLTRVx,MLTRVy,MLTRVz,MLGA,MRTx,MRTy,MRTz,MRTR1,MRTR2,MRTR3,MRTR4,MRTR5,MRTR6,MRTR7,MRTR8,MRTR9,MRTTVx,MRTTVy,MRTTVz,MRTRVx,MRTRVy,MRTRVz,MRGA,SLTx,SLTy,SLTz,SLTR1,SLTR2,SLTR3,SLTR4,SLTR5,SLTR6,SLTR7,SLTR8,SLTR9,SLTTVx,SLTTVy,SLTTVz,SLTRVx,SLTRVy,SLTRVz,SLGA,SRTx,SRTy,SRTz,SRTR1,SRTR2,SRTR3,SRTR4,SRTR5,SRTR6,SRTR7,SRTR8,SRTR9,SRTTVx,SRTTVy,SRTTVz,SRTRVx,SRTRVy,SRTRVz,SRGA
157,0.124858,-0.033836,0.287159,-0.140659,0.031061,-0.989594,-0.989927,-0.020292,0.140016,-0.015563,0.999286,0.034835,-0.003185,-0.014763,-0.020098,-0.00101,0.030495,-0.048901,0.419348,-0.170478,-0.030949,0.255625,0.276669,-0.477732,0.833797,-0.911714,-0.40459,0.070847,0.303156,-0.779149,-0.548532,0.000881,-0.012007,0.00683,-0.036484,0.011668,-0.017439,-1.387987,0.036387,0.041655,-0.033353,-0.280144,0.455773,0.84486,0.933337,0.335145,0.128683,-0.224501,0.824589,-0.519279,0.000442,-0.00603,0.003378,0.111566,0.001422,-0.032253,-1.048123,0.063823,0.036986,-0.064014,0.131487,-0.097708,-0.98649,0.991187,0.029129,0.129228,0.016109,-0.994788,0.100677,-0.001375,-0.001873,-0.014223,0.033492,0.014919,-0.031901,0.361017
158,0.12471,-0.034348,0.286142,-0.126936,0.022835,-0.991671,-0.991766,-0.01956,0.126444,-0.016359,0.999532,0.026365,-0.003565,-0.007278,-0.033474,0.030292,-0.009149,0.006963,0.436507,-0.170464,-0.031207,0.255916,0.27139,-0.476431,0.836273,-0.912075,-0.404661,0.065588,0.306822,-0.779909,-0.545405,6.6e-05,0.002353,0.003736,-0.00193,-0.019858,-0.013659,-1.384316,0.036394,0.041518,-0.033211,-0.274244,0.456594,0.846351,0.935109,0.331992,0.1239,-0.224411,0.82541,-0.518012,0.000484,-0.004327,0.006076,0.044729,-0.031512,-0.0723,-1.050083,0.063749,0.03673,-0.064523,0.11766,-0.089589,-0.989004,0.992911,0.027451,0.115638,0.016789,-0.9956,0.092184,-0.001794,-0.003762,-0.016905,0.029757,-0.004304,-0.000611,0.386163
159,0.124532,-0.035104,0.285064,-0.112639,0.014305,-0.993556,-0.993483,-0.018712,0.112308,-0.016852,0.999717,0.017557,-0.004412,-0.020239,-0.028074,-0.12668,-1.402292,2.276953,0.433163,-0.170229,-0.031334,0.256213,0.270104,-0.473936,0.838105,-0.911893,-0.405182,0.064896,0.308493,-0.781158,-0.542666,6e-05,0.002202,0.003491,0.001711,-0.01781,0.022654,-1.373919,0.036512,0.041457,-0.033057,-0.271751,0.457239,0.846807,0.936017,0.330073,0.122154,-0.223655,0.825822,-0.517682,0.008426,-0.004701,0.004523,-0.002224,0.022924,-0.007952,-1.046817,0.063661,0.036358,-0.065053,0.105888,-0.082688,-0.990933,0.99423,0.025977,0.104073,0.017136,-0.996236,0.084962,-0.002207,-0.010209,-0.014154,0.001737,-0.056164,0.09004,0.396451
160,0.124437,-0.035493,0.28454,-0.108731,0.01197,-0.994022,-0.993916,-0.018528,0.108443,-0.016992,0.999755,0.01515,-0.00428,-0.019579,-0.027294,0.001962,-0.059542,0.095374,0.424918,-0.17015,-0.031408,0.256281,0.270391,-0.473569,0.83822,-0.911712,-0.405555,0.065108,0.308776,-0.781188,-0.542462,0.000904,-0.011321,0.007917,-0.036487,0.011593,-0.017488,-1.365548,0.036551,0.041429,-0.03302,-0.271594,0.457401,0.84677,0.936192,0.329536,0.12227,-0.223115,0.825948,-0.517715,-1e-06,9.6e-05,0.00015,0.031479,0.005465,-0.005801,-1.044531,0.063612,0.036153,-0.065329,0.099489,-0.078935,-0.991902,0.994888,0.025192,0.097784,0.017269,-0.99656,0.081038,-0.002129,-0.009817,-0.013679,0.001802,-0.055522,0.08899,0.389919
161,0.124191,-0.036187,0.283581,-0.107696,0.010651,-0.99415,-0.993907,-0.024395,0.107355,-0.022982,0.999645,0.014452,-0.003658,-0.016628,-0.023394,-0.001005,0.030518,-0.048887,0.422884,-0.170101,-0.031478,0.256242,0.267941,-0.474696,0.838369,-0.913942,-0.400442,0.065495,0.304296,-0.783136,-0.542185,-4e-05,-0.001508,-0.002392,-0.0,-0.0,-0.0,-1.35551,0.036576,0.041391,-0.033034,-0.272196,0.456662,0.846975,0.93581,0.330519,0.122539,-0.223982,0.825963,-0.517315,-1.2e-05,-0.000563,-0.000894,0.088268,0.018802,-0.040074,-1.042898,0.063491,0.035815,-0.065797,0.098421,-0.077603,-0.992114,0.994872,0.030988,0.096271,0.023272,-0.996502,0.080255,-0.001805,-0.008269,-0.011627,-0.001218,0.030967,-0.049391,0.377835
162,0.124047,-0.036901,0.282859,-0.109157,0.01158,-0.99398,-0.993761,-0.023964,0.1088,-0.022431,0.999644,0.015362,-0.002852,-0.012904,-0.018296,-0.001008,0.030498,-0.0489,0.422557,-0.170155,-0.031545,0.256045,0.266911,-0.476208,0.837839,-0.913957,-0.400723,0.063535,0.305154,-0.782073,-0.543236,-0.016043,-0.004786,-0.005686,-0.004186,0.031922,-0.053289,-1.353969,0.036555,0.04136,-0.03313,-0.269428,0.458002,0.847138,0.937059,0.327558,0.120934,-0.222098,0.826402,-0.517428,-5e-05,-0.00198,-0.003144,0.062515,0.02701,-0.014311,-1.044694,0.063417,0.035456,-0.066169,0.099893,-0.078523,-0.991894,0.994738,0.030674,0.097751,0.02275,-0.99644,0.081174,0.006528,-0.006927,-0.00935,-0.000166,0.015803,-0.019351,0.382734
163,0.124201,-0.037305,0.282317,-0.110347,0.012347,-0.99384,-0.993632,-0.023933,0.109973,-0.022297,0.999635,0.016147,-0.001818,-0.008234,-0.011732,-0.000506,0.015248,-0.02445,0.409955,-0.170166,-0.031844,0.255745,0.264522,-0.479698,0.836605,-0.913942,-0.401463,0.058918,0.307275,-0.779554,-0.545656,-0.00016,-0.005872,-0.009359,-0.001853,0.016403,-0.023638,-1.338704,0.036543,0.041209,-0.033281,-0.265319,0.45948,0.847633,0.938194,0.325689,0.117119,-0.222251,0.82632,-0.517493,0.000369,-0.008794,-0.001035,0.013398,0.000781,-0.033619,-1.038979,0.063493,0.035242,-0.066448,0.101152,-0.079324,-0.991703,0.994614,0.030695,0.098994,0.022588,-0.996376,0.082002,-0.000649,0.001622,-0.009722,0.034074,0.014684,-0.032054,0.368038
164,0.124234,-0.03739,0.28209,-0.109404,0.015203,-0.993904,-0.993734,-0.024343,0.10896,-0.02241,0.999582,0.019009,-0.00148,-0.006701,-0.009566,0.002039,0.038082,-0.01026,0.410112,-0.170127,-0.03206,0.255591,0.263065,-0.481809,0.835852,-0.913975,-0.401778,0.056193,0.308426,-0.778088,-0.547098,0.000724,-0.017921,-0.002618,-0.03833,0.027991,-0.041112,-1.334217,0.036563,0.041107,-0.033358,-0.263259,0.460253,0.847857,0.938647,0.325161,0.114938,-0.22279,0.826097,-0.517616,0.007893,-0.002873,-0.005549,0.015006,0.078581,-0.008361,-1.039469,0.063509,0.035198,-0.066564,0.100056,-0.082481,-0.991557,0.994722,0.031066,0.097791,0.022737,-0.996108,0.085154,-0.00069,-0.003162,-0.004515,-0.002508,0.008737,-0.028463,0.364119
165,0.124077,-0.037464,0.281742,-0.104849,0.012455,-0.994433,-0.994216,-0.024357,0.104468,-0.022797,0.999623,0.016175,-0.000858,-0.003873,-0.005543,-0.000503,0.015265,-0.02444,0.420448,-0.169913,-0.032496,0.255356,0.257238,-0.48765,0.834276,-0.916367,-0.397043,0.050608,0.306246,-0.776872,-0.550041,0.000749,-0.017195,-0.001491,0.075179,0.047206,-0.138801,-1.323098,0.03667,0.040884,-0.033483,-0.257267,0.46359,0.847878,0.940655,0.321092,0.109855,-0.221319,0.825823,-0.518685,-6.3e-05,-0.00272,-0.004359,0.042963,0.030678,0.003363,-1.03653,0.063431,0.035163,-0.066735,0.095617,-0.079463,-0.992241,0.99515,0.030738,0.093436,0.023075,-0.996363,0.082016,-0.000332,-0.001523,-0.002179,-0.000186,0.000804,-0.003414,0.369507
166,0.123883,-0.037352,0.281584,-0.100093,0.009554,-0.994955,-0.994694,-0.024487,0.099778,-0.023293,0.999655,0.013193,0.000244,0.010308,-0.009379,0.035176,-0.015858,0.016817,0.433323,-0.169471,-0.032913,0.255084,0.256256,-0.489246,0.833644,-0.916132,-0.397879,0.048244,0.307768,-0.77544,-0.551212,0.015831,-0.005369,-0.010594,0.000195,0.001153,0.005594,-1.305654,0.036891,0.04067,-0.033619,-0.255355,0.465644,0.84733,0.941166,0.320362,0.107581,-0.221358,0.82495,-0.520055,0.007923,-0.002697,-0.005324,0.008296,0.077035,-0.002509,-1.031794,0.063334,0.035215,-0.066811,0.090875,-0.076605,-0.992911,0.995584,0.030524,0.088765,0.023508,-0.996593,0.079041,-7.4e-05,-0.000351,-0.000503,-0.00402,0.123529,-0.197686,0.379795
167,0.123825,-0.037231,0.281464,-0.093812,0.002376,-0.99561,-0.995295,-0.024199,0.093671,-0.02376,0.999714,0.005874,-0.000444,-0.001995,-0.002858,-0.008311,-0.056946,-0.043088,0.442902,-0.169168,-0.033065,0.254959,0.255262,-0.490813,0.833027,-0.916016,-0.398401,0.046095,0.308938,-0.77418,-0.552328,0.015875,-0.004076,-0.008536,0.000193,0.001148,0.00559,-1.300586,0.037042,0.040591,-0.033685,-0.253786,0.466893,0.847114,0.941409,0.320349,0.105473,-0.222128,0.824249,-0.520837,0.007945,-0.001973,-0.004171,0.006645,0.07212,0.005869,-1.032121,0.063306,0.035284,-0.066868,0.084626,-0.06919,-0.994007,0.996126,0.029814,0.082731,0.023911,-0.997157,0.071445,0.000106,0.005063,-0.004819,0.02629,-0.102969,0.041022,0.392858
168,0.123669,-0.037153,0.280953,-0.067133,-0.016882,-0.997624,-0.997427,-0.023663,0.067467,-0.02467,0.999611,-0.014008,-0.017707,-0.007027,-0.011071,-0.010994,-0.194285,0.299527,0.444081,-0.168613,-0.033398,0.254884,0.2516,-0.493624,0.832481,-0.918014,-0.394019,0.043952,0.306006,-0.774631,-0.553327,0.000855,-0.014287,0.003135,-0.025311,0.012056,-0.024989,-1.291769,0.03732,0.040424,-0.033724,-0.252322,0.468593,0.846613,0.941611,0.320481,0.103251,-0.222941,0.823232,-0.522096,0.000432,-0.007087,0.001648,0.038646,-0.007625,-0.041903,-1.031141,0.063237,0.035334,-0.067107,0.05811,-0.050261,-0.997044,0.998007,0.027534,0.056778,0.024599,-0.998356,0.051761,-0.000692,0.001473,-0.009977,-0.000296,-0.561797,0.933546,0.407228
169,0.123474,-0.037171,0.280083,-0.052032,-0.032851,-0.998128,-0.998297,-0.024259,0.052786,-0.02589,0.99922,-0.03029,-0.002315,-0.00111,-0.025891,0.040214,-0.204347,0.300066,0.420836,-0.168086,-0.033963,0.254971,0.248123,-0.498749,0.830467,-0.917538,-0.395884,0.036522,0.310245,-0.770384,-0.556884,0.00083,-0.015962,0.000416,-0.445282,0.45837,-0.620469,-1.278517,0.037583,0.040153,-0.033672,-0.248996,0.467975,0.847937,0.940925,0.324329,0.097305,-0.229475,0.822075,-0.521087,0.008895,-0.013236,0.003813,-0.984671,-0.390609,-1.74777,-1.033917,0.063133,0.035322,-0.067538,0.043184,-0.034339,-0.998476,0.998739,0.027091,0.042264,0.025598,-0.999043,0.035465,-0.000948,0.004919,-0.017173,0.07439,-0.08436,0.162868,0.391062
170,0.12299,-0.036836,0.278792,-0.055118,-0.035186,-0.997882,-0.997861,-0.03293,0.056225,-0.034778,0.998895,-0.032053,-0.018194,0.009477,-0.036035,5.633079,0.038168,-0.433574,0.418753,-0.167662,-0.034685,0.254974,0.241948,-0.498636,0.832355,-0.917826,-0.395777,0.029834,0.31425,-0.770512,-0.554456,0.016872,-0.01566,-0.001149,-0.043577,-0.069808,-0.06789,-1.274899,0.037783,0.039796,-0.033672,-0.242605,0.470083,0.848624,0.942268,0.322299,0.090843,-0.230807,0.821671,-0.521136,0.000421,-0.008052,7.7e-05,-0.012278,-0.021316,-0.133619,-1.042082,0.062896,0.035484,-0.068182,0.04564,-0.031847,-0.998449,0.99855,0.029995,0.044688,0.028526,-0.999042,0.03317,-0.008992,0.005041,-0.017558,0.231103,1.378468,-2.202664,0.375223
171,0.122718,-0.036644,0.278049,-0.059309,-0.040068,-0.997458,-0.997337,-0.039853,0.060849,-0.042124,0.998464,-0.036355,-0.018381,0.008739,-0.037209,0.052594,-0.46318,-0.10985,0.422294,-0.167459,-0.034887,0.254957,0.239585,-0.497557,0.833683,-0.918041,-0.395412,0.027977,0.31543,-0.771396,-0.552552,-6.2e-05,-0.003088,-0.005016,-0.008146,-0.054684,-0.071812,-1.271319,0.037897,0.039681,-0.033685,-0.240058,0.471189,0.848735,0.942827,0.321386,0.088248,-0.23119,0.821395,-0.521402,0.008469,-0.006556,0.001483,-0.022184,0.020243,-0.125403,-1.042898,0.062753,0.035582,-0.068569,0.049581,-0.028278,-0.998369,0.997889,0.043369,0.048329,0.041932,-0.998658,0.030369,-0.00921,0.004199,-0.018853,0.043118,-0.601391,-0.190708,0.375876
172,0.122429,-0.036484,0.276725,-0.068226,-0.049178,-0.99648,-0.996386,-0.0471,0.070491,-0.050323,0.997752,-0.044546,-0.00207,0.00939,-0.035375,0.053287,-0.189754,-0.135019,0.420664,-0.167098,-0.035066,0.254975,0.240126,-0.496957,0.833885,-0.917733,-0.3961,0.028352,0.315914,-0.771432,-0.552227,-3e-06,-0.000161,-0.000262,-1e-06,-1.3e-05,-9e-06,-1.2628,0.038071,0.039588,-0.03368,-0.238741,0.472409,0.848429,0.943301,0.320307,0.08709,-0.230616,0.821117,-0.522094,1e-06,1.4e-05,1.5e-05,0.03244,0.006118,0.001427,-1.041428,0.062608,0.035651,-0.069228,0.059259,-0.01775,-0.998084,0.99699,0.051125,0.058284,0.049992,-0.998534,0.020727,-0.001243,-0.000901,-0.013621,0.019551,-0.294767,0.010199,0.377672
173,0.122209,-0.036487,0.275842,-0.078896,-0.060294,-0.995081,-0.995522,-0.047187,0.081737,-0.051793,0.997152,-0.055062,-0.001542,0.002523,-0.020962,0.023425,-0.136554,-0.094233,0.442114,-0.167031,-0.034938,0.254997,0.241124,-0.495672,0.834362,-0.917503,-0.396532,0.02972,0.315821,-0.772036,-0.551434,4.3e-05,0.002296,0.003729,0.001864,-0.016247,0.023727,-1.229554,0.038111,0.03965,-0.033674,-0.239226,0.472686,0.848137,0.943466,0.319569,0.088012,-0.229436,0.821244,-0.522412,-0.00045,0.006872,-0.001993,0.029198,0.019445,0.024213,-1.036856,0.062503,0.035651,-0.069676,0.070159,-0.006464,-0.997514,0.996211,0.051967,0.069731,0.051388,-0.998627,0.010086,-0.000814,0.001004,-0.010859,0.021335,-0.135018,-0.120295,0.384694
174,0.122101,-0.036621,0.275584,-0.08072,-0.066057,-0.994568,-0.995369,-0.046742,0.083836,-0.051933,0.996815,-0.06074,-0.002002,-0.008662,-0.012864,-0.017245,-0.191125,-0.155953,0.449432,-0.167097,-0.034826,0.255008,0.241658,-0.494952,0.834634,-0.917412,-0.396682,0.030524,0.315677,-0.772422,-0.550977,2.9e-05,0.001575,0.002557,-0.0,-0.0,-0.0,-1.212379,0.038078,0.039711,-0.033661,-0.239665,0.472478,0.848129,0.943491,0.319293,0.08874,-0.228875,0.821471,-0.522303,-0.008004,0.000583,0.00197,0.042557,-0.049167,0.014457,-1.032774,0.062443,0.035588,-0.069809,0.071592,-0.001039,-0.997433,0.996103,0.051717,0.071443,0.05151,-0.998661,0.004737,-0.008923,-0.003565,-0.005839,-0.01951,-0.314581,-0.070962,0.401186
175,0.121974,-0.037096,0.275244,-0.076631,-0.071697,-0.994501,-0.995717,-0.046049,0.079991,-0.051443,0.996465,-0.066623,-0.002216,-0.018771,-0.003187,-0.03639,0.042614,-0.068118,0.451258,-0.167365,-0.034747,0.255053,0.242497,-0.493753,0.835102,-0.917196,-0.39709,0.031694,0.315661,-0.772981,-0.550202,-0.016057,-0.001563,-0.000495,0.008945,-0.080729,0.110738,-1.183598,0.037944,0.039756,-0.033629,-0.240376,0.471649,0.84839,0.943506,0.318885,0.090046,-0.228069,0.822106,-0.521656,-0.008031,-0.000843,-0.000341,0.021483,-0.040153,0.025223,-1.029508,0.062381,0.035355,-0.069981,0.067536,0.004768,-0.997705,0.996414,0.050766,0.067692,0.050973,-0.998699,-0.001322,-0.008646,-0.002288,-0.003965,0.002921,-0.056878,0.125029,0.415882
176,0.121876,-0.037433,0.275073,-0.074476,-0.072847,-0.994581,-0.995915,-0.045429,0.07785,-0.050768,0.996411,-0.067928,-0.000957,-0.004118,-0.00616,-0.276847,-1.444554,2.305763,0.447523,-0.16757,-0.034839,0.254969,0.242883,-0.493167,0.835336,-0.917054,-0.397379,0.032175,0.315775,-0.773206,-0.549818,-0.016093,-0.00308,-0.002965,-0.004915,0.031422,-0.052303,-1.183256,0.037847,0.039711,-0.033671,-0.24373,0.468416,0.849223,0.941265,0.325244,0.090748,-0.233697,0.821463,-0.520176,-6e-06,-0.000859,-0.001389,0.050189,0.011621,-0.036689,-1.031304,0.062331,0.035179,-0.070068,0.067856,0.004213,-0.997685,0.996419,0.050273,0.067982,0.050443,-0.998726,-0.000787,-0.000639,-0.007376,0.001396,-0.035135,0.01665,-0.016351,0.413923
177,0.121894,-0.03754,0.274842,-0.075246,-0.07241,-0.994555,-0.995855,-0.045465,0.078601,-0.050823,0.996441,-0.06745,-0.000779,-0.003353,-0.005025,-0.000458,0.015491,-0.024298,0.451117,-0.167533,-0.034901,0.254904,0.241874,-0.494637,0.834759,-0.91696,-0.397754,0.030141,0.31682,-0.772073,-0.550809,-1.3e-05,-0.000627,-0.001019,-0.0,0.0,-0.0,-1.182672,0.03786,0.039674,-0.033711,-0.241198,0.469354,0.849428,0.942113,0.323299,0.088876,-0.232905,0.821695,-0.520164,0.008023,6.1e-05,-0.000917,0.034492,0.05832,-0.015213,-1.044858,0.06234,0.035128,-0.070181,0.066055,0.005211,-0.997802,0.996546,0.050076,0.066234,0.050311,-0.998731,-0.001885,-0.000306,-0.001338,-0.002004,-5e-06,0.000128,-0.000178,0.415392
178,0.121919,-0.037584,0.27476,-0.075611,-0.072195,-0.994543,-0.995827,-0.04546,0.078956,-0.050825,0.996456,-0.067219,-0.000623,-0.002682,-0.004021,-0.00362,0.122406,-0.191983,0.450971,-0.167461,-0.034893,0.254908,0.242244,-0.494173,0.834926,-0.916847,-0.397979,0.030595,0.316864,-0.772254,-0.55053,1.8e-05,0.000913,0.001484,0.001861,-0.016254,0.023722,-1.181386,0.037896,0.039676,-0.033714,-0.241177,0.469686,0.849251,0.942314,0.322632,0.089171,-0.232114,0.821767,-0.520403,3e-06,3.8e-05,6.2e-05,0.038449,0.007112,0.001698,-1.049593,0.062352,0.035105,-0.070223,0.066441,0.004986,-0.997777,0.99652,0.050094,0.066608,0.050315,-0.998731,-0.001641,-0.000287,-0.001242,-0.001863,-0.003656,0.122427,-0.191986,0.416535
179,0.121884,-0.03765,0.274715,-0.076345,-0.071978,-0.994503,-0.995461,-0.051175,0.080069,-0.056569,0.996195,-0.066506,-6.1e-05,-0.000264,-0.000396,0.494653,-0.039825,0.033079,0.448933,-0.167207,-0.034851,0.254962,0.243195,-0.493001,0.835342,-0.916549,-0.398577,0.031743,0.316997,-0.772696,-0.549832,2.6e-05,0.001349,0.002191,-0.0,-0.0,-0.0,-1.171735,0.038023,0.039698,-0.033684,-0.241616,0.47032,0.848775,0.942518,0.32181,0.089981,-0.230825,0.821727,-0.52104,1.4e-05,0.000749,0.00121,0.026983,0.000752,0.01335,-1.047144,0.062335,0.03507,-0.070248,0.067209,0.004741,-0.997727,0.996191,0.055355,0.067369,0.055548,-0.998455,-0.001003,5e-06,-5.8e-05,-6e-05,1.66653,-0.137439,0.122501,0.416045
180,0.121795,-0.037757,0.274793,-0.068327,-0.076708,-0.994732,-0.995365,-0.062241,0.073117,-0.067444,0.995217,-0.070861,-0.000482,-0.011288,0.007975,5.462083,-0.389022,0.376653,0.447696,-0.167139,-0.034929,0.255044,0.243383,-0.492765,0.835427,-0.916399,-0.398915,0.031815,0.317286,-0.772672,-0.5497,0.000938,-0.011553,0.007543,-0.036495,0.011305,-0.017654,-1.166604,0.038057,0.039666,-0.033641,-0.241652,0.470342,0.848752,0.942597,0.321519,0.090199,-0.230466,0.821828,-0.521039,-1e-06,-2.3e-05,-3.9e-05,0.010407,0.002069,-0.000688,-1.045837,0.062291,0.035023,-0.070209,0.059502,0.009142,-0.998186,0.996359,0.060611,0.059948,0.06105,-0.998119,-0.005503,6e-06,4.6e-05,6.6e-05,-0.000479,0.00279,-0.004269,0.414902
181,0.121709,-0.037778,0.274811,-0.06051,-0.08094,-0.994903,-0.995915,-0.061873,0.065552,-0.066795,0.99491,-0.075627,-5e-06,-2.3e-05,-3.5e-05,-0.002238,-0.011812,0.018883,0.44453,-0.167146,-0.035009,0.255054,0.241906,-0.494835,0.834632,-0.916406,-0.399104,0.029125,0.318393,-0.77125,-0.551056,-0.016077,-0.002227,-0.001568,-0.00391,0.03145,-0.052979,-1.164717,0.038059,0.039625,-0.033629,-0.239709,0.470531,0.849198,0.942805,0.321524,0.087979,-0.231641,0.821718,-0.520691,-7e-06,-0.000368,-0.000599,0.008874,0.004731,0.000503,-1.046001,0.062248,0.035009,-0.070197,0.05128,0.013733,-0.998589,0.996485,0.065604,0.052074,0.066226,-0.99775,-0.010321,-1e-06,1.5e-05,1.9e-05,-0.025761,-0.137512,0.219918,0.412453
182,0.121696,-0.037638,0.274628,-0.056899,-0.082986,-0.994948,-0.9961,-0.062426,0.062118,-0.067202,0.99471,-0.077872,-0.00038,-0.00163,-0.002447,-0.0,-0.0,0.0,0.428485,-0.16716,-0.035168,0.255095,0.242,-0.494691,0.83469,-0.91625,-0.39947,0.029032,0.318771,-0.771153,-0.550972,-7e-06,-0.000381,-0.00062,0.012857,-0.112026,0.163816,-1.159786,0.038046,0.039541,-0.033615,-0.239443,0.470419,0.849336,0.942854,0.321435,0.087775,-0.231715,0.821817,-0.520502,-4e-06,-0.000221,-0.000358,0.003385,0.002311,-0.001009,-1.046327,0.062242,0.035083,-0.070283,0.047728,0.01574,-0.998736,0.996637,0.065911,0.048667,0.066594,-0.997701,-0.012542,1.4e-05,0.004663,-0.005462,0.034552,-0.00019,-0.00834,0.398573
183,0.121935,-0.037564,0.274214,-0.056971,-0.082995,-0.994943,-0.996045,-0.063179,0.062251,-0.067962,0.994661,-0.077829,0.015063,0.004017,-0.017793,0.035656,-0.015338,0.021922,0.422313,-0.167201,-0.035414,0.255257,0.237921,-0.495901,0.835145,-0.9165,-0.399219,0.024183,0.321118,-0.770504,-0.550517,0.000944,-0.011139,0.008215,-0.036529,0.010834,-0.017974,-1.153467,0.038025,0.039422,-0.033538,-0.237864,0.468118,0.851049,0.941428,0.326733,0.083406,-0.239023,0.821042,-0.518418,0.00048,-0.00549,0.00424,0.012679,-0.027848,-0.062401,-1.04698,0.062357,0.035122,-0.070477,0.047825,0.015735,-0.998731,0.996584,0.06664,0.048772,0.067323,-0.997652,-0.012494,-0.000676,-0.002923,-0.0044,-0.000562,0.015509,-0.024303,0.382734
184,0.122118,-0.037876,0.273743,-0.054543,-0.084296,-0.99497,-0.995777,-0.068958,0.060376,-0.07364,0.99417,-0.078941,-0.0019,-0.008177,-0.012355,-0.000458,0.015504,-0.024271,0.421185,-0.167165,-0.035675,0.255501,0.23557,-0.494714,0.836514,-0.916554,-0.399212,0.022153,0.322696,-0.771271,-0.548517,0.000971,-0.009745,0.010478,-0.034643,-0.005071,0.005985,-1.139431,0.038044,0.039285,-0.033416,-0.23471,0.468351,0.851796,0.942242,0.325005,0.080931,-0.238934,0.821595,-0.517582,0.000485,-0.004838,0.005295,0.003881,-0.027984,-0.012967,-1.044041,0.062454,0.034969,-0.070717,0.045313,0.017083,-0.998826,0.996299,0.07232,0.046435,0.073028,-0.997234,-0.013743,-0.001023,-0.004428,-0.006694,-0.00046,0.019032,-0.029553,0.379795
185,0.122128,-0.038053,0.273497,-0.052511,-0.085357,-0.994988,-0.995906,-0.068794,0.058407,-0.073377,0.994092,-0.080157,-0.001866,-0.008027,-0.012157,-0.000458,0.015509,-0.024281,0.416773,-0.167055,-0.03578,0.255674,0.231999,-0.495299,0.837166,-0.91671,-0.39906,0.01808,0.324837,-0.770974,-0.54767,5.1e-05,0.002691,0.004366,-0.009694,-0.016273,-6e-06,-1.133094,0.038099,0.039232,-0.033332,-0.231077,0.468822,0.85253,0.942768,0.324401,0.077142,-0.240395,0.821565,-0.516953,0.000487,-0.00465,0.0056,-0.045699,-0.051948,-0.114004,-1.044694,0.062459,0.034877,-0.070844,0.043282,0.018139,-0.998898,0.99641,0.072019,0.044482,0.072746,-0.997238,-0.014956,-0.000984,-0.004259,-0.006452,-0.000406,0.018783,-0.029446,0.376856
186,0.121968,-0.038396,0.273027,-0.043078,-0.090379,-0.994998,-0.996431,-0.068315,0.049292,-0.072383,0.993687,-0.085876,-0.002022,-0.008663,-0.013182,-0.00792,-0.023932,0.038613,0.403892,-0.166964,-0.03595,0.255901,0.22959,-0.494201,0.838478,-0.916835,-0.398859,0.016094,0.326196,-0.771783,-0.545719,0.000961,-0.010331,0.009522,-0.036114,-0.02393,-0.006713,-1.114407,0.038144,0.039155,-0.033215,-0.228737,0.46898,0.853074,0.943256,0.323462,0.075093,-0.24072,0.821845,-0.516356,0.008032,0.000524,-0.000178,-0.013167,0.039057,-0.063388,-1.040449,0.062378,0.034706,-0.07108,0.033837,0.023159,-0.999158,0.996853,0.070921,0.035403,0.071681,-0.997212,-0.020687,-0.001058,-0.004563,-0.006939,-0.026429,-0.107177,0.171762,0.363139
187,0.121806,-0.038723,0.272523,-0.031105,-0.096667,-0.994853,-0.996503,-0.074079,0.038302,-0.077369,0.99269,-0.092787,-0.001763,-0.007524,-0.011504,-0.000458,0.015501,-0.024273,0.374556,-0.16692,-0.036039,0.255969,0.227404,-0.492797,0.839898,-0.917018,-0.398495,0.01461,0.327214,-0.772868,-0.54357,0.0,2e-06,3e-06,-0.000474,-0.006095,-0.004102,-1.102881,0.038166,0.039107,-0.033175,-0.226573,0.469298,0.853477,0.94364,0.322821,0.073001,-0.241261,0.821915,-0.515991,-2e-06,-3.3e-05,-5.6e-05,0.00237,-0.003909,-0.03287,-1.041265,0.062297,0.034539,-0.071337,0.02185,0.029459,-0.999326,0.996822,0.075935,0.024034,0.076592,-0.996677,-0.027707,-0.000894,-0.003836,-0.005863,0.003013,-0.086347,0.135016,0.33538
188,0.121779,-0.038842,0.272341,-0.027659,-0.098485,-0.994777,-0.996621,-0.074122,0.034995,-0.077154,0.992509,-0.094864,-0.001297,-0.005531,-0.008471,-0.000457,0.01551,-0.024286,0.35533,-0.166932,-0.036057,0.25596,0.227353,-0.49286,0.839875,-0.917023,-0.398485,0.014533,0.327233,-0.772834,-0.543608,-5e-06,-0.00027,-0.000438,-7e-06,-8.9e-05,-6e-05,-1.096398,0.038161,0.039098,-0.03318,-0.226177,0.469394,0.853529,0.943771,0.3225,0.072734,-0.241122,0.821987,-0.515943,-6e-06,-0.000192,-0.000312,0.011386,0.002044,-0.010472,-1.040775,0.062283,0.034478,-0.07143,0.018424,0.03127,-0.99934,0.99691,0.075755,0.020749,0.076354,-0.996635,-0.029778,-0.000567,-0.002441,-0.00374,0.002886,-0.088796,0.138952,0.31056
189,0.121739,-0.03896,0.272159,-0.02718,-0.098595,-0.994779,-0.996162,-0.080009,0.035095,-0.083025,0.992042,-0.094804,-0.000692,-0.002948,-0.004522,0.003551,0.015368,-0.023904,0.362243,-0.166957,-0.03606,0.25592,0.227546,-0.492596,0.839978,-0.916984,-0.398565,0.014809,0.327209,-0.772961,-0.543442,-2.7e-05,-0.001461,-0.002369,-0.001862,0.01616,-0.023787,-1.091373,0.038148,0.039099,-0.033197,-0.226037,0.469507,0.853504,0.943928,0.322011,0.072848,-0.240635,0.822114,-0.515967,-7e-06,-0.00035,-0.000567,0.01384,0.00612,0.006388,-1.041428,0.062262,0.034417,-0.071525,0.018001,0.031355,-0.999345,0.996449,0.081653,0.02051,0.082242,-0.996167,-0.029774,-0.000246,-0.001055,-0.001621,0.013349,0.000473,0.000446,0.285576
190,0.12173,-0.039138,0.271982,-0.02204,-0.101045,-0.994661,-0.995841,-0.085611,0.030709,-0.088237,0.99133,-0.0975,-0.000936,-0.003985,-0.006126,0.003532,0.015287,-0.023743,0.371961,-0.166993,-0.036116,0.255873,0.227722,-0.492349,0.840075,-0.916915,-0.398717,0.015008,0.327281,-0.77304,-0.543285,-1.5e-05,-0.0008,-0.001298,-0.0,-0.0,-0.0,-1.080179,0.03813,0.039068,-0.033225,-0.225996,0.469594,0.853467,0.944026,0.321697,0.072972,-0.240291,0.822187,-0.516011,-8e-06,-0.000493,-0.0008,0.00962,0.006987,0.009243,-1.042572,0.062259,0.034332,-0.071606,0.012798,0.033845,-0.999344,0.996087,0.086957,0.015701,0.087432,-0.995636,-0.0326,-0.000667,-0.007457,0.001194,-0.021644,0.020528,-0.022386,0.299782
191,0.121626,-0.03931,0.271826,-0.019549,-0.102111,-0.994604,-0.995397,-0.091225,0.028877,-0.093665,0.990721,-0.098621,-0.000686,-0.002914,-0.004488,0.0,-0.0,0.0,0.371725,-0.166968,-0.036156,0.255825,0.226648,-0.4939,0.839455,-0.916825,-0.398997,0.01292,0.328277,-0.771905,-0.544298,-1.1e-05,-0.0006,-0.000975,-0.0,0.0,-0.0,-1.074147,0.038142,0.039047,-0.03325,-0.224453,0.469977,0.853663,0.944191,0.321611,0.071196,-0.241087,0.822002,-0.515934,-6e-06,-0.000294,-0.000479,0.007043,0.005369,0.012393,-1.043225,0.062206,0.034244,-0.071687,0.010393,0.03487,-0.999337,0.995624,0.092449,0.01358,0.092861,-0.995106,-0.033757,-0.000635,-0.007323,0.001398,-0.035897,0.032582,-0.042172,0.304191
192,0.121531,-0.039447,0.271743,-0.017232,-0.103263,-0.994527,-0.995483,-0.09097,0.026641,-0.093209,0.990626,-0.099991,-0.001177,-0.004988,-0.007693,-0.000476,0.015402,-0.024141,0.37258,-0.166956,-0.036155,0.255825,0.226664,-0.493883,0.839461,-0.916821,-0.399006,0.01294,0.328279,-0.771911,-0.544288,-0.0,-7e-06,-1.2e-05,-0.0,-0.0,-0.0,-1.072819,0.038148,0.039047,-0.033251,-0.224561,0.47,0.853622,0.944182,0.321612,0.071306,-0.241022,0.821988,-0.515988,1e-06,2.8e-05,4.4e-05,0.001559,0.000454,0.002748,-1.043878,0.06216,0.03418,-0.071722,0.008013,0.036056,-0.999317,0.995691,0.092035,0.011305,0.09238,-0.995102,-0.035163,-0.000571,-0.002425,-0.003746,-0.000544,0.018798,-0.02954,0.305498
193,0.121408,-0.039848,0.27135,0.004177,-0.11399,-0.993496,-0.99586,-0.090529,0.006147,-0.090654,0.989503,-0.11266,-0.002698,-0.02066,-0.006542,-0.033556,-0.063357,0.108109,0.351201,-0.166906,-0.036155,0.255877,0.226848,-0.493652,0.839547,-0.916742,-0.399181,0.013126,0.32837,-0.771969,-0.544151,9e-06,0.000481,0.000781,-0.0,-0.0,-0.0,-1.068847,0.038174,0.039047,-0.033224,-0.224673,0.469985,0.853601,0.944152,0.321683,0.071391,-0.241037,0.821969,-0.516011,0.008509,-0.005032,0.003951,-0.035937,0.025796,0.015759,-1.044041,0.062099,0.033982,-0.071916,-0.013494,0.046893,-0.998808,0.995881,0.090197,-0.00922,0.089657,-0.994819,-0.047917,-0.001382,-0.010484,-0.003512,-0.032737,-0.051941,0.089672,0.294721
194,0.121308,-0.040166,0.270701,0.018362,-0.121188,-0.992482,-0.99579,-0.091214,-0.007339,-0.089669,0.988593,-0.121118,-0.002473,-0.010418,-0.01623,0.002243,-0.075949,0.119079,0.304345,-0.166887,-0.036237,0.25592,0.227109,-0.493302,0.839682,-0.916588,-0.399527,0.01333,0.328619,-0.772014,-0.543937,-2e-05,-0.001083,-0.001759,-0.0,-0.0,-0.0,-1.060439,0.038183,0.03901,-0.033197,-0.224832,0.469851,0.853633,0.944084,0.321858,0.0715,-0.241155,0.821977,-0.515943,-1.3e-05,-0.000667,-0.001083,0.001942,0.004016,-0.012745,-1.044531,0.062049,0.033823,-0.072238,-0.027416,0.054022,-0.998162,0.995691,0.089962,-0.022479,0.088582,-0.994478,-0.056256,-0.001196,-0.005072,-0.0079,0.00249,-0.074434,0.116657,0.242957
195,0.121183,-0.040282,0.27038,0.016643,-0.120381,-0.992611,-0.995775,-0.091503,-0.005653,-0.090175,0.988664,-0.12016,-0.002075,-0.008715,-0.013615,0.004933,-0.079634,0.124491,0.298847,-0.166871,-0.03632,0.255922,0.227083,-0.493336,0.839669,-0.916535,-0.399653,0.013196,0.328785,-0.771926,-0.54396,-2.5e-05,-0.001371,-0.002227,-0.0,-0.0,-0.0,-1.05308,0.038191,0.038969,-0.033196,-0.224814,0.469856,0.853635,0.944044,0.322,0.071389,-0.241328,0.821918,-0.515955,0.000461,-0.0062,0.00308,-0.031498,-0.021582,-0.007531,-1.044531,0.061992,0.033763,-0.072402,-0.025718,0.053215,-0.998251,0.99569,0.090364,-0.020835,0.089098,-0.994485,-0.055309,-0.000764,0.001382,-0.010641,0.060562,0.141613,-0.234429,0.218137
196,0.120943,-0.040508,0.269993,0.007054,-0.114847,-0.993381,-0.99463,-0.10325,0.00482,-0.103137,0.988158,-0.113723,-0.001331,-0.005564,-0.008726,0.001894,0.027336,-0.043147,0.316454,-0.166879,-0.036432,0.25588,0.225598,-0.495417,0.838844,-0.916507,-0.399796,0.010504,0.329883,-0.770517,-0.545292,-2.9e-05,-0.001555,-0.002527,-0.001862,0.016142,-0.023799,-1.047365,0.038187,0.038911,-0.033219,-0.22295,0.470138,0.853968,0.944159,0.322151,0.069141,-0.242601,0.821697,-0.515709,-7e-06,-0.000361,-0.000587,-0.002555,0.002889,0.002276,-1.046164,0.061864,0.033643,-0.072607,-0.016113,0.047635,-0.998734,0.994635,0.102839,-0.011142,0.102178,-0.993556,-0.049037,-0.000613,-0.002575,-0.004042,0.006909,0.052945,-0.083322,0.212912
197,0.120824,-0.040636,0.269766,0.004063,-0.113409,-0.993563,-0.994613,-0.103238,0.007663,-0.103455,0.988324,-0.111981,-0.000556,-0.002319,-0.003644,0.0,0.0,-0.0,0.324539,-0.166863,-0.036478,0.255921,0.223418,-0.493992,0.840266,-0.916723,-0.399334,0.009116,0.330767,-0.771671,-0.54312,1.1e-05,0.000623,0.001013,-0.022646,-0.301219,-0.202398,-1.046618,0.038195,0.038884,-0.033205,-0.22275,0.470108,0.854037,0.944125,0.322319,0.068826,-0.242917,0.82165,-0.515637,9e-06,0.000446,0.000723,-0.082106,-0.037899,-0.145796,-1.047797,0.061804,0.033576,-0.072725,-0.013185,0.046214,-0.998843,0.994645,0.103007,-0.008363,0.102502,-0.993606,-0.047324,-0.000298,-0.001251,-0.001966,-0.00027,-0.000371,0.000605,0.231201
198,0.120725,-0.040664,0.269639,0.002999,-0.112915,-0.993623,-0.994608,-0.103206,0.008673,-0.103539,0.988383,-0.11138,-0.000261,-0.001087,-0.00171,0.0,0.0,0.0,0.319125,-0.16679,-0.036576,0.25609,0.223464,-0.49394,0.840284,-0.916563,-0.399707,0.008927,0.331181,-0.771512,-0.543095,4.5e-05,0.002483,0.004033,0.001857,-0.016192,0.023765,-1.030349,0.038232,0.038833,-0.033124,-0.22114,0.47014,0.854438,0.94427,0.322264,0.06707,-0.243823,0.821653,-0.515204,0.000486,-0.004744,0.005447,-0.029437,-0.032604,-0.005717,-1.048123,0.061755,0.033563,-0.072787,-0.012127,0.04572,-0.99888,0.99465,0.103036,-0.007359,0.102584,-0.993626,-0.046725,-0.000103,-0.000443,-0.000696,-0.000171,-3e-06,7e-06,0.232017
199,0.120724,-0.040689,0.269656,0.002425,-0.112618,-0.993658,-0.994619,-0.103058,0.0092,-0.103451,0.988432,-0.111026,9.1e-05,0.00038,0.000597,0.0,0.0,0.0,0.303888,-0.16672,-0.036653,0.256214,0.222156,-0.495806,0.839532,-0.916426,-0.400071,0.006369,0.332439,-0.770125,-0.544293,0.000963,-0.010348,0.009495,-1.427388,0.000632,0.884023,-1.018208,0.038266,0.038803,-0.033059,-0.219228,0.470288,0.854849,0.944464,0.322119,0.064999,-0.244795,0.821625,-0.514788,0.008524,-0.004482,0.004839,0.044422,0.029517,-0.022171,-1.047797,0.061754,0.033549,-0.07278,-0.011552,0.045421,-0.9989,0.994666,0.10292,-0.006824,0.102497,-0.993651,-0.046367,0.000101,0.000417,0.000657,-0.000145,-9e-06,3e-06,0.224179
200,0.120846,-0.040698,0.269805,0.003336,-0.111983,-0.993728,-0.992663,-0.120374,0.010179,-0.120771,0.986544,-0.110327,0.016476,0.000102,0.00142,0.001092,-0.014716,0.029565,0.286292,-0.166658,-0.03698,0.256409,0.221089,-0.495603,0.839934,-0.91409,-0.405428,0.001523,0.339503,-0.767452,-0.543708,0.000932,-0.012079,0.006683,-0.036548,0.010544,-0.018179,-0.999088,0.038297,0.038647,-0.032959,-0.220053,0.468007,0.855888,0.94097,0.333173,0.059746,-0.257198,0.818513,-0.513697,0.000469,-0.006237,0.003026,0.008048,-0.019015,-0.041257,-1.042572,0.06181,0.033547,-0.072703,-0.012443,0.044784,-0.998918,0.992711,0.120312,-0.006972,0.11987,-0.991725,-0.045955,0.000306,0.001304,0.002038,0.001054,-0.014368,0.023431,0.195603
201,0.121015,-0.040551,0.26974,0.003172,-0.111928,-0.993734,-0.992612,-0.12077,0.010381,-0.121187,0.986502,-0.110248,0.000373,0.010829,-0.008697,0.035125,-0.016147,0.016649,0.287599,-0.166622,-0.037354,0.256509,0.216916,-0.496946,0.840228,-0.914174,-0.405225,-0.003524,0.341964,-0.766689,-0.543242,-3.6e-05,-0.001995,-0.003241,-0.003263,-0.042923,-0.028669,-0.995413,0.038316,0.038451,-0.032904,-0.21558,0.468659,0.85667,0.94169,0.331886,0.055411,-0.258348,0.818663,-0.51288,-1.9e-05,-0.001084,-0.00176,-0.006386,-0.003595,-0.078132,-1.043061,0.061901,0.033622,-0.072723,-0.012277,0.044718,-0.998924,0.992669,0.120675,-0.006798,0.120242,-0.991684,-0.045872,-8.8e-05,-0.000366,-0.00058,-0.000444,2.2e-05,-1.6e-05,0.185969
202,0.121095,-0.040499,0.269616,0.003082,-0.111908,-0.993737,-0.992578,-0.121044,0.010499,-0.121472,0.986471,-0.110214,0.000108,0.009726,-0.010432,0.035125,-0.016147,0.016648,0.282173,-0.16661,-0.037529,0.256561,0.216684,-0.497247,0.840111,-0.914084,-0.405422,-0.004062,0.34235,-0.76639,-0.54342,-1.7e-05,-0.000958,-0.001558,-4.8e-05,-0.000628,-0.000419,-0.989432,0.038321,0.038361,-0.032882,-0.214463,0.468798,0.856874,0.94189,0.331489,0.054382,-0.25855,0.818745,-0.512648,-1e-05,-0.000468,-0.000763,0.018128,0.003221,-0.023112,-1.045674,0.061942,0.033652,-0.072788,-0.012201,0.044708,-0.998925,0.992632,0.120975,-0.006709,0.120546,-0.991648,-0.045854,3.1e-05,0.004757,-0.005385,0.034767,-0.016147,0.016626,0.18303
203,0.121194,-0.040523,0.269509,0.002211,-0.111483,-0.993787,-0.992568,-0.121044,0.011316,-0.121564,0.986519,-0.109685,-0.000606,-0.011817,0.007145,-0.038262,0.123227,-0.184227,0.262735,-0.166606,-0.037594,0.256573,0.214333,-0.496031,0.841431,-0.914321,-0.404868,-0.005637,0.343199,-0.76747,-0.541357,4e-06,0.000237,0.000386,-4.8e-05,-0.000628,-0.000419,-0.977804,0.038323,0.038327,-0.032879,-0.212226,0.469237,0.85719,0.942322,0.330588,0.052335,-0.258819,0.818857,-0.512332,-0.000468,0.005951,-0.003484,0.01715,0.017023,-0.012139,-1.044368,0.06199,0.033641,-0.07285,-0.011478,0.044355,-0.998949,0.992627,0.121054,-0.00603,0.120659,-0.991654,-0.045417,-6.7e-05,-0.000292,-0.000461,-0.000251,1.2e-05,-8e-06,0.164415
204,0.121176,-0.040605,0.269688,0.001484,-0.111081,-0.993833,-0.992622,-0.120544,0.011937,-0.121136,0.986625,-0.109204,-7.6e-05,-0.009591,0.010642,-0.035127,0.016135,-0.016654,0.253071,-0.1666,-0.037515,0.256541,0.214786,-0.49543,0.84167,-0.91427,-0.404994,-0.004941,0.343053,-0.767793,-0.540992,-0.000945,0.011391,-0.007799,0.036492,-0.011136,0.017766,-0.95642,0.038327,0.038368,-0.032891,-0.212378,0.469399,0.857064,0.942526,0.329925,0.052861,-0.257954,0.819032,-0.512489,-0.000472,0.005691,-0.003906,0.014545,0.020681,0.000391,-1.042082,0.061981,0.033594,-0.07276,-0.010603,0.043876,-0.99898,0.992692,0.120554,-0.005242,0.120201,-0.991736,-0.044833,-1.8e-05,-0.004703,0.005468,-0.035298,0.016118,-0.016653,0.14482
205,0.121153,-0.040698,0.26981,0.001475,-0.111029,-0.993839,-0.992666,-0.120182,0.0119,-0.120773,0.986674,-0.109156,0.000267,0.001119,0.001758,0.0,0.0,0.0,0.228433,-0.166637,-0.037509,0.256517,0.214816,-0.495378,0.841692,-0.914279,-0.404974,-0.00487,0.343009,-0.767837,-0.540957,-0.016105,-0.001061,0.000343,-0.002045,0.015205,-0.029245,-0.945336,0.038314,0.038371,-0.032904,-0.212395,0.469429,0.857044,0.942608,0.32966,0.053034,-0.257637,0.819121,-0.512506,-2e-06,-0.000126,-0.000203,0.012114,0.002786,-0.000674,-1.039632,0.06197,0.033549,-0.072697,-0.010594,0.043823,-0.998982,0.992737,0.120188,-0.005255,0.119835,-0.991783,-0.044778,-7.6e-05,-0.004945,0.005085,-0.035266,0.016119,-0.016693,0.129797
206,0.121119,-0.040948,0.270012,0.006505,-0.113257,-0.993567,-0.992816,-0.119324,0.007049,-0.119371,0.986528,-0.111984,-0.000364,-0.010796,0.008748,-0.042585,-0.023238,0.046287,0.181066,-0.166768,-0.037472,0.256356,0.214861,-0.495286,0.841735,-0.914373,-0.404764,-0.004629,0.34273,-0.768007,-0.540893,-3.6e-05,-0.001927,-0.003137,-0.0,-0.0,-0.0,-0.926705,0.038243,0.038392,-0.03298,-0.21222,0.469525,0.857034,0.942819,0.329031,0.053203,-0.257011,0.819319,-0.512504,-0.008071,-0.001662,-0.001669,0.020845,-0.039113,-0.009558,-1.037346,0.061953,0.033429,-0.072598,-0.015642,0.04608,-0.998814,0.992839,0.11903,-0.010057,0.118425,-0.99182,-0.047612,6.8e-05,0.000304,0.000476,-0.025766,-0.141421,0.226231,0.064481
207,0.121074,-0.041008,0.270127,0.006376,-0.113165,-0.993579,-0.992851,-0.119024,0.007132,-0.119083,0.986574,-0.111879,6e-05,0.000253,0.000397,-0.0,-0.0,0.0,0.164415,-0.166803,-0.037458,0.256104,0.213502,-0.497233,0.840932,-0.914471,-0.404511,-0.006873,0.343319,-0.766879,-0.542117,-4.1e-05,-0.00222,-0.003618,-0.0,-0.0,-0.0,-0.904228,0.038225,0.038397,-0.033109,-0.210552,0.470313,0.857014,0.943086,0.328552,0.051395,-0.257402,0.819059,-0.512723,-1.8e-05,-0.001136,-0.00185,0.00671,0.011213,0.004658,-1.03604,0.061931,0.033396,-0.072536,-0.015494,0.045975,-0.998821,0.992879,0.118703,-0.009938,0.118106,-0.991864,-0.047487,2.2e-05,0.000103,0.000162,-2.6e-05,9.7e-05,-0.000138,0.021045
208,0.121095,-0.041025,0.270102,0.006229,-0.11309,-0.993588,-0.992853,-0.119007,0.007267,-0.119081,0.986585,-0.111787,-7.9e-05,-0.000331,-0.000519,0.0,0.0,0.0,0.15191,-0.166782,-0.037523,0.255957,0.213418,-0.497358,0.84088,-0.914513,-0.404415,-0.006958,0.343261,-0.766849,-0.542197,-4.2e-05,-0.002232,-0.003643,-0.001861,0.016083,-0.023839,-0.902759,0.038235,0.038365,-0.033181,-0.210501,0.470731,0.856797,0.943165,0.328335,0.051331,-0.257153,0.818906,-0.513092,0.000458,-0.006505,0.00258,-0.029211,-0.017949,-0.013212,-1.042245,0.061941,0.033387,-0.072548,-0.015346,0.045899,-0.998827,0.992882,0.118694,-0.0098,0.118105,-0.991869,-0.047393,-5.4e-05,-0.000221,-0.000347,-2e-05,2e-06,-1.9e-05,0.000308
209,0.121131,-0.041028,0.270099,0.006165,-0.11305,-0.993593,-0.992853,-0.119,0.007326,-0.119081,0.986591,-0.11174,0.016055,-0.001667,-0.00137,0.000984,-0.014715,0.029553,0.149973,-0.166746,-0.037553,0.255903,0.213465,-0.497307,0.840899,-0.914501,-0.404444,-0.006902,0.343264,-0.766867,-0.542169,-2.5e-05,-0.001351,-0.002206,-0.0,-0.0,-0.0,-0.90188,0.038253,0.038348,-0.033212,-0.21048,0.470977,0.856666,0.943197,0.328253,0.051274,-0.257054,0.818797,-0.513315,-9e-06,-0.000651,-0.001062,0.002353,0.006167,0.002275,-1.043715,0.061953,0.033385,-0.07255,-0.015258,0.045851,-0.998831,0.992883,0.118689,-0.009719,0.118104,-0.991872,-0.047335,0.0,0.0,-2e-06,-1.9e-05,-0.0,7e-06,-0.00753
210,0.121156,-0.041014,0.270085,0.006105,-0.113024,-0.993596,-0.992847,-0.119045,0.007388,-0.119133,0.986588,-0.111706,-7.1e-05,-0.000298,-0.000468,0.0,0.0,0.0,0.158063,-0.166673,-0.037576,0.255875,0.213672,-0.497051,0.840997,-0.914436,-0.404593,-0.006657,0.343305,-0.766955,-0.542019,-0.0,-6e-06,-1e-05,-0.0,-0.0,-0.0,-0.899636,0.03829,0.038336,-0.033227,-0.210649,0.471212,0.856496,0.943193,0.328246,0.051383,-0.256929,0.818665,-0.513589,1e-06,5.8e-05,9.1e-05,0.002304,0.000696,0.00531,-1.044694,0.061971,0.033393,-0.072557,-0.015221,0.045832,-0.998832,0.992878,0.118739,-0.009682,0.118156,-0.991866,-0.047313,-4.1e-05,-0.00017,-0.000266,-1.2e-05,1.8e-05,-4e-06,-0.007367
211,0.121141,-0.041075,0.26999,0.005986,-0.112967,-0.993603,-0.992848,-0.11903,0.007498,-0.119131,0.986597,-0.111636,-0.000463,-0.001941,-0.003051,-0.000461,0.015472,-0.02431,0.148862,-0.166562,-0.037559,0.255948,0.212628,-0.498607,0.84034,-0.914294,-0.404876,-0.008752,0.344333,-0.765794,-0.543008,2e-05,0.00109,0.00178,-0.0,0.0,-0.0,-0.888437,0.038346,0.038344,-0.033191,-0.209177,0.471522,0.856686,0.943253,0.328351,0.04959,-0.257911,0.818444,-0.513448,1.2e-05,0.000719,0.001173,0.002543,-0.004126,0.009826,-1.044858,0.061965,0.033364,-0.072601,-0.015122,0.045784,-0.998836,0.992879,0.118732,-0.00959,0.118155,-0.991869,-0.047254,-0.000146,-0.000618,-0.000968,-7e-06,-5e-06,-1.2e-05,-0.006224
