frame,MLTx,MLTy,MLTz,MLTR1,MLTR2,MLTR3,MLTR4,MLTR5,MLTR6,MLTR7,MLTR8,MLTR9,MLTTVx,MLTTVy,MLTTVz,MLTRVx,MLTRVy,MLTRVz,MLGA,MRTx,MRTy,MRTz,MRTR1,MRTR2,MRTR3,MRTR4,MRTR5,MRTR6,MRTR7,MRTR8,MRTR9,MRTTVx,MRTTVy,MRTTVz,MRTRVx,MRTRVy,MRTRVz,MRGA,SLTx,SLTy,SLTz,SLTR1,SLTR2,SLTR3,SLTR4,SLTR5,SLTR6,SLTR7,SLTR8,SLTR9,SLTTVx,SLTTVy,SLTTVz,SLTRVx,SLTRVy,SLTRVz,SLGA,SRTx,SRTy,SRTz,SRTR1,SRTR2,SRTR3,SRTR4,SRTR5,SRTR6,SRTR7,SRTR8,SRTR9,SRTTVx,SRTTVy,SRTTVz,SRTRVx,SRTRVy,SRTRVz,SRGA
271,0.139933,-0.012887,0.290506,-0.594172,-0.23559,-0.769092,0.12761,-0.971645,0.198981,-0.793425,0.020371,0.608349,0.000307,0.001893,0.002281,-0.004879,-0.009125,-0.006075,-1.550305,-0.175005,-0.036861,0.289478,-0.319371,-0.350629,0.880371,0.92177,-0.330257,0.202987,0.219956,0.87675,0.427542,0.034962,0.005721,0.072903,0.994687,1.61398,-0.15008,-1.189295,0.039069,0.035614,-0.011686,0.391617,0.327915,0.859712,-0.886153,0.385962,0.256446,-0.247724,-0.862266,0.441733,0.017423,0.002588,0.036068,0.989797,1.644147,-0.129092,-1.01073,0.07233,0.043324,-0.059078,0.581137,0.260393,-0.771021,-0.173725,0.965282,0.19506,0.795046,0.020589,0.606198,0.000185,0.001144,0.001381,0.005145,0.114516,-0.138151,-1.040996
272,0.139943,-0.012895,0.290658,-0.587059,-0.24004,-0.773168,0.133416,-0.970659,0.199984,-0.797758,0.014541,0.602825,0.00038,0.002345,0.002823,0.191131,-0.749326,0.450779,-1.549027,-0.173545,-0.037098,0.292409,-0.293883,-0.318001,0.901387,0.921964,-0.342946,0.179732,0.252319,0.884248,0.392815,0.051019,-0.008137,0.075145,1.252741,0.96988,-0.354288,-1.218245,0.03978,0.035496,-0.010253,0.366157,0.296521,0.882044,-0.886972,0.397889,0.234442,-0.281438,-0.868192,0.408696,0.017653,-0.004808,0.037511,4.759127,1.592601,1.130627,-1.043061,0.072335,0.043321,-0.059002,0.574924,0.26463,-0.77423,-0.179577,0.963992,0.19614,0.798256,0.026269,0.601744,0.000144,0.000721,0.00086,0.817468,-2.087449,1.664024,-1.040343
273,0.139999,-0.012938,0.290848,-0.583498,-0.244569,-0.774443,0.138511,-0.969576,0.201764,-0.799503,0.010757,0.600589,4.7e-05,-0.009276,0.010346,-0.060119,-0.030608,-0.047564,-1.54844,-0.171633,-0.037664,0.295364,-0.271545,-0.300654,0.914254,0.919027,-0.36288,0.153754,0.285856,0.882335,0.373676,0.051565,-0.023215,0.077519,0.281992,0.379185,-0.666824,-1.237405,0.040716,0.035224,-0.0088,0.343647,0.280828,0.896125,-0.884292,0.417985,0.208121,-0.316121,-0.863957,0.391974,0.025728,-0.01171,0.038787,4.929688,1.039894,1.135655,-1.014485,0.072363,0.043304,-0.058909,0.570083,0.268824,-0.776362,-0.184479,0.962708,0.197886,0.800607,0.030411,0.598416,0.00025,0.001564,0.00188,-0.021109,-0.060838,-0.007462,-1.043119
274,0.140016,-0.012949,0.290948,-0.581925,-0.24769,-0.774635,0.143909,-0.968823,0.201605,-0.799697,0.006143,0.600395,0.000402,0.002483,0.002985,-0.000427,-0.000796,-0.000529,-1.547743,-0.170555,-0.038082,0.296757,-0.261547,-0.29821,0.917963,0.919157,-0.367011,0.142785,0.294628,0.881453,0.368915,0.050566,-0.014823,0.065582,-0.090391,0.024612,-0.531962,-1.250139,0.04125,0.035018,-0.008099,0.334004,0.278205,0.900579,-0.884162,0.423583,0.197063,-0.326646,-0.862078,0.387457,0.02568,-0.012895,0.03695,-0.055091,-0.047871,-0.829789,-1.018404,0.072372,0.043295,-0.058855,0.568476,0.27184,-0.77649,-0.189899,0.961702,0.197654,0.800483,0.035093,0.598326,0.000232,0.001445,0.001739,0.005926,-0.007035,0.029664,-1.045242
275,0.140069,-0.013027,0.29113,-0.581644,-0.246871,-0.775107,0.143074,-0.96903,0.201204,-0.800051,0.006431,0.59992,-7.1e-05,-0.010009,0.009462,-0.035268,0.015665,-0.016805,-1.546808,-0.168242,-0.03908,0.299322,-0.225998,-0.30371,0.925569,0.926004,-0.36179,0.107513,0.302469,0.88174,0.361814,0.066781,-0.029942,0.066655,0.023244,-0.338227,-0.855137,-1.2787,0.042425,0.034515,-0.00679,0.298953,0.284611,0.910836,-0.893577,0.418452,0.162534,-0.334882,-0.862493,0.379419,0.025597,-0.015619,0.033286,-0.11609,0.286044,-0.716332,-1.030651,0.072398,0.043262,-0.058765,0.568319,0.270924,-0.776924,-0.189072,0.961969,0.197146,0.800789,0.034853,0.59793,0.00014,0.000884,0.001061,-0.000494,0.000337,0.000596,-1.048344
276,0.140104,-0.013125,0.291254,-0.5784,-0.252918,-0.775585,0.153748,-0.967484,0.200769,-0.800426,-0.002812,0.599447,-0.00028,-0.011302,0.007911,1.250617,-0.317212,-1.010669,-1.546741,-0.165772,-0.040266,0.301585,-0.161674,-0.304616,0.938649,0.931255,-0.361715,0.043136,0.326561,0.88146,0.340955,0.051222,-0.03844,0.057329,1.514023,0.169063,-0.330218,-1.304756,0.043666,0.033931,-0.005648,0.234793,0.291973,0.927158,-0.903491,0.417403,0.097354,-0.358574,-0.860538,0.361798,0.032849,-0.013333,0.024318,5.367339,0.688588,0.331556,-1.013506,0.072416,0.043215,-0.058701,0.565288,0.275801,-0.77742,-0.197948,0.960266,0.196734,0.80079,0.042678,0.597422,-3.6e-05,7.2e-05,1.4e-05,4.284723,-1.113171,-3.312461,-1.049324
277,0.140115,-0.013181,0.2913,-0.578296,-0.252605,-0.775764,0.153419,-0.967566,0.200625,-0.800564,-0.00269,0.599264,7e-06,4.6e-05,5.5e-05,-0.0,-0.0,-0.0,-1.546691,-0.16455,-0.040951,0.302556,-0.139857,-0.308268,0.940959,0.932501,-0.360488,0.020622,0.332997,0.880697,0.336674,0.050305,-0.031683,0.04361,-0.058629,0.353236,-1.170782,-1.310669,0.044252,0.033598,-0.005173,0.215549,0.297026,0.930222,-0.905138,0.418232,0.076191,-0.366418,-0.858403,0.359,0.032868,-0.01552,0.021328,0.663901,1.494977,-2.98057,-1.014812,0.072421,0.043182,-0.058675,0.564709,0.276503,-0.777591,-0.199318,0.960006,0.196618,0.800859,0.043956,0.597237,-0.000161,-0.005771,0.003811,-0.035837,0.015824,-0.016345,-1.048998
278,0.140119,-0.013299,0.291336,-0.576658,-0.255607,-0.776,0.158673,-0.966753,0.200458,-0.800723,-0.007224,0.599014,-0.000156,-0.000965,-0.001159,8e-06,-2e-06,-6e-06,-1.546149,-0.162269,-0.042372,0.304102,-0.110298,-0.311857,0.943701,0.936111,-0.351548,-0.00664,0.333939,0.883049,0.329503,0.065954,-0.036808,0.03537,-0.182116,0.344166,-0.662967,-1.316113,0.045412,0.032875,-0.004383,0.185066,0.30265,0.934961,-0.911185,0.409202,0.0479,-0.368091,-0.860788,0.351499,0.032946,-0.018478,0.017553,-0.199168,0.398369,-0.632028,-1.013342,0.072424,0.043124,-0.058657,0.562929,0.279423,-0.777838,-0.204523,0.958942,0.196465,0.800799,0.04849,0.596966,-0.000106,-0.00065,-0.000781,-0.000471,0.000216,0.000457,-1.050794
279,0.140135,-0.013444,0.291388,-0.576542,-0.255205,-0.776218,0.158148,-0.966861,0.200351,-0.80091,-0.006936,0.598767,-0.000354,-0.011767,0.007355,-0.035272,0.015636,-0.016823,-1.545632,-0.159856,-0.043738,0.305048,-0.085746,-0.305781,0.948229,0.933616,-0.356878,-0.030539,0.347821,0.883028,0.314872,0.049694,-0.034217,0.018164,-0.124305,0.220437,-0.319245,-1.317013,0.046624,0.032192,-0.003903,0.160234,0.297205,0.941272,-0.909851,0.414233,0.024092,-0.382746,-0.860278,0.336786,0.032601,-0.016833,0.008493,-0.091407,0.168284,-0.256522,-1.017588,0.072431,0.043053,-0.058637,0.562833,0.278989,-0.778063,-0.203996,0.959082,0.19633,0.801001,0.048221,0.596716,-3e-05,-0.00018,-0.000216,-0.000363,9.7e-05,0.000297,-1.052427
280,0.140156,-0.013506,0.291427,-0.574969,-0.258417,-0.776323,0.16361,-0.965963,0.2003,-0.800946,-0.011534,0.598648,-1e-06,-5e-06,-5e-06,0.0,-0.0,-0.0,-1.546209,-0.158679,-0.044386,0.305317,-0.074996,-0.297023,0.951916,0.930534,-0.363911,-0.040118,0.358396,0.883136,0.302468,0.064379,-0.024678,0.006125,-0.119327,0.296276,-0.219944,-1.316511,0.047206,0.031862,-0.003767,0.149127,0.289021,0.945635,-0.906923,0.421052,0.014333,-0.394019,-0.859756,0.32491,0.024902,-0.018544,0.007208,-0.162351,0.316588,-0.259076,-1.01024,0.072441,0.043017,-0.058615,0.56111,0.282143,-0.77817,-0.209406,0.957917,0.19632,0.800814,0.052797,0.59658,-0.000153,-0.005733,0.003858,-0.035692,0.015797,-0.016421,-1.053406
281,0.140218,-0.013663,0.291513,-0.574929,-0.258154,-0.77644,0.163103,-0.966038,0.200351,-0.801078,-0.011138,0.598479,-3e-06,-1.9e-05,-2.3e-05,-0.0,-0.0,-0.0,-1.546692,-0.15633,-0.045667,0.305586,-0.061865,-0.279159,0.958245,0.925955,-0.374332,-0.049151,0.372472,0.884584,0.280426,0.063676,-0.018154,-0.008056,-0.118097,0.446851,0.086676,-1.315239,0.048363,0.031228,-0.00363,0.135198,0.273415,0.952347,-0.902242,0.431207,0.004287,-0.409486,-0.859828,0.304986,0.032349,-0.01479,-0.000173,-0.176966,0.739732,0.251329,-1.010567,0.072473,0.042939,-0.058572,0.561089,0.281867,-0.778286,-0.208885,0.958021,0.196369,0.800965,0.052391,0.596413,-0.000154,-0.00575,0.003838,-0.035597,0.015691,-0.016594,-1.05406
282,0.140357,-0.013895,0.29164,-0.574865,-0.257719,-0.776632,0.16233,-0.966161,0.200386,-0.801281,-0.010562,0.598218,0.014631,-0.012609,0.006633,-0.034294,0.00088,0.012705,-1.547348,-0.154189,-0.046589,0.305354,-0.062658,-0.257862,0.964144,0.908676,-0.41422,-0.051612,0.412726,0.873166,0.259039,0.063925,-0.018993,-0.009403,5.209639,0.125384,1.723243,-1.314767,0.049451,0.03075,-0.003753,0.133336,0.251838,0.958539,-0.885491,0.464653,0.001096,-0.445113,-0.848925,0.284955,0.024146,-0.010027,-0.00446,-0.163987,0.656377,0.205372,-1.013669,0.072537,0.042828,-0.05851,0.561047,0.281429,-0.778474,-0.208132,0.95818,0.196394,0.80119,0.051839,0.596158,-2e-06,9e-06,8e-06,-0.000216,5.3e-05,0.000163,-1.054713
283,0.140572,-0.014219,0.291819,-0.574836,-0.257256,-0.776806,0.161333,-0.966293,0.200554,-0.801503,-0.009726,0.597934,-0.000317,-0.011582,0.007582,-0.035284,0.015562,-0.016867,-1.54729,-0.15229,-0.047118,0.304835,-0.071269,-0.229475,0.970697,0.892397,-0.449349,-0.040589,0.445556,0.863625,0.235571,0.047338,-0.008012,-0.016051,0.048899,0.515619,0.147662,-1.313767,0.050389,0.03048,-0.004009,0.14207,0.222212,0.964591,-0.863929,0.503487,0.011256,-0.483158,-0.834938,0.263506,0.023672,-0.004028,-0.008085,1.498175,0.666573,0.631863,-1.017425,0.07265,0.042666,-0.058421,0.561039,0.280937,-0.778658,-0.20712,0.958369,0.196542,0.801458,0.051008,0.59587,0.007309,-0.00635,0.003254,-0.034443,0.000866,0.012784,-1.055529
284,0.14071,-0.014447,0.291934,-0.574817,-0.256947,-0.776923,0.160653,-0.966381,0.200675,-0.801654,-0.009151,0.597742,-0.000374,-0.011955,0.007136,-0.035287,0.01554,-0.01688,-1.547335,-0.151475,-0.047229,0.304541,-0.080595,-0.210258,0.974314,0.87956,-0.474797,-0.029587,0.468894,0.85483,0.22196,0.047349,-0.006824,-0.014638,0.26641,1.01277,0.589758,-1.313627,0.050832,0.030418,-0.00417,0.150495,0.203942,0.967346,-0.848698,0.528474,0.02062,-0.507012,-0.824088,0.252618,0.023673,-0.003291,-0.007216,0.275747,0.962703,0.56482,-1.020364,0.072719,0.042552,-0.058363,0.561035,0.280624,-0.778773,-0.206442,0.958491,0.196661,0.801636,0.050438,0.595679,0.007126,-0.012334,0.006813,-0.069713,0.016395,-0.004116,-1.055529
285,0.141057,-0.015084,0.292223,-0.574803,-0.256234,-0.777168,0.158882,-0.966584,0.201105,-0.802015,-0.007571,0.597278,0.014093,-0.025863,0.012202,-0.066143,-0.094081,0.161177,-1.547914,-0.149986,-0.047383,0.304069,-0.107418,-0.176893,0.978346,0.854788,-0.518913,0.000145,0.507756,0.836501,0.205701,0.031574,-0.003333,-0.008313,-0.593716,-0.859171,2.490001,-1.312675,0.051577,0.030336,-0.004413,0.174542,0.166463,0.970476,-0.819498,0.570943,0.049456,-0.545855,-0.803936,0.236069,0.015788,-0.001502,-0.003994,-0.582055,-0.908205,2.442291,-1.011546,0.072893,0.042231,-0.058214,0.561064,0.279919,-0.779006,-0.204664,0.958779,0.197112,0.802071,0.048842,0.595226,0.00703,-0.013009,0.006001,-0.066196,-0.094069,0.161224,-1.054713
286,0.141534,-0.015852,0.292534,-0.573314,-0.258887,-0.777389,0.162585,-0.96585,0.201676,-0.802341,-0.010453,0.596798,0.014334,-0.01488,0.003887,-0.033384,0.00045,0.011874,-1.547785,-0.148964,-0.04738,0.303787,-0.135571,-0.145535,0.980016,0.83425,-0.550289,0.033804,0.534512,0.822329,0.194768,0.031469,-0.000311,-0.004516,-0.527511,-0.511337,2.478766,-1.31309,0.05207,0.030339,-0.004549,0.199739,0.136411,0.970307,-0.795257,0.601075,0.079202,-0.572424,-0.787464,0.22854,0.007334,0.004834,-0.006072,0.459923,0.362973,-0.039077,-1.02216,0.073126,0.041852,-0.05806,0.559442,0.282518,-0.779235,-0.208366,0.957863,0.197686,0.802251,0.051773,0.594736,0.006987,-0.013391,0.00554,-0.067105,0.031373,-0.030553,-1.05259
287,0.141822,-0.016262,0.292692,-0.573375,-0.258581,-0.777446,0.161572,-0.965942,0.202045,-0.802501,-0.009451,0.596598,0.014044,-0.02653,0.011394,-0.070162,0.031933,-0.028431,-1.547781,-0.148681,-0.047284,0.303619,-0.137098,-0.138368,0.980842,0.828555,-0.558617,0.037125,0.542919,0.81793,0.189982,0.014672,0.009185,-0.012694,-0.037299,0.487103,-0.373238,-1.311831,0.052224,0.030386,-0.004628,0.203119,0.126285,0.970975,-0.788579,0.608921,0.085767,-0.580416,-0.783113,0.223269,0.007323,0.005111,-0.005713,-0.020461,0.365002,-0.184281,-1.025753,0.073275,0.041641,-0.05798,0.559521,0.282202,-0.779292,-0.20733,0.958011,0.198061,0.802464,0.050751,0.594537,0.007019,-0.013248,0.005706,-0.070341,0.031971,-0.028303,-1.052917
288,0.14244,-0.016973,0.292993,-0.575528,-0.256523,-0.776536,0.15982,-0.966501,0.200758,-0.801309,-0.008252,0.598217,0.014578,-0.013582,0.005434,-0.019357,0.029297,0.031134,-1.547034,-0.148478,-0.046886,0.303139,-0.13679,-0.121199,0.983153,0.816446,-0.57578,0.042732,0.561042,0.808675,0.176462,-0.001038,0.008748,-0.011188,0.032642,0.224391,0.013794,-1.309172,0.052331,0.03059,-0.004872,0.201356,0.109303,0.9734,-0.775223,0.625221,0.090155,-0.598736,-0.772756,0.210627,-0.000513,0.004412,-0.005563,0.041655,0.172971,-0.020333,-1.021834,0.073578,0.041288,-0.057834,0.562005,0.280138,-0.778249,-0.205697,0.958675,0.196541,0.801147,0.049626,0.596404,0.007139,-0.012592,0.006491,-0.065915,-0.085184,0.169312,-1.052427
289,0.143099,-0.01759,0.293294,-0.58089,-0.255014,-0.773033,0.158603,-0.966916,0.199724,-0.79767,-0.006278,0.603084,0.014756,-0.012563,0.006652,0.142616,0.340654,0.231957,-1.546539,-0.148735,-0.046332,0.302328,-0.137734,-0.099146,0.98549,0.795288,-0.60407,0.050495,0.59044,0.790814,0.160797,-0.000878,0.005223,-0.015714,-0.040471,0.539718,0.320181,-1.309592,0.052202,0.03087,-0.005264,0.201383,0.089334,0.975429,-0.751999,0.652204,0.095523,-0.627646,-0.75276,0.198522,-0.008828,0.007438,-0.011847,-0.019533,0.622969,0.183859,-1.014812,0.073908,0.040978,-0.057685,0.566027,0.279771,-0.775461,-0.204418,0.958907,0.196746,0.79864,0.047155,0.599958,0.007256,-0.011948,0.007264,0.246958,0.577925,0.346581,-1.051284
290,0.143718,-0.018095,0.293534,-0.588427,-0.252609,-0.768107,0.157999,-0.967555,0.197094,-0.792243,-0.005078,0.610207,0.014756,-0.012692,0.006486,0.143118,0.458144,0.070389,-1.545363,-0.149173,-0.045753,0.301438,-0.140001,-0.074331,0.987353,0.775678,-0.62794,0.06283,0.615472,0.774745,0.144313,-0.00204,0.016787,-0.023314,0.158656,0.460342,0.324723,-1.309044,0.051983,0.031151,-0.005711,0.201897,0.063387,0.977353,-0.730404,0.67456,0.107135,-0.652493,-0.735493,0.18249,-0.008819,0.007306,-0.012022,0.476213,0.66457,0.404432,-1.022977,0.074217,0.040727,-0.057563,0.573797,0.277531,-0.77054,-0.203793,0.959624,0.193876,0.793236,0.045785,0.607189,0.007372,-0.006354,0.00322,0.276278,0.556131,0.358989,-1.055856
291,0.14404,-0.018357,0.293676,-0.591716,-0.252997,-0.765448,0.157706,-0.967462,0.197786,-0.789846,-0.003375,0.613318,0.014806,-0.012415,0.006814,-0.005599,0.064916,0.046588,-1.545547,-0.149446,-0.045456,0.300992,-0.140703,-0.060767,0.988181,0.767354,-0.637319,0.070186,0.625665,0.768224,0.135045,-0.017722,0.016145,-0.022084,-0.025421,0.745715,0.205219,-1.307938,0.051853,0.031299,-0.005937,0.202226,0.05085,0.978017,-0.720983,0.683587,0.113537,-0.662787,-0.728095,0.174901,-0.001008,0.00837,-0.011694,-0.010965,0.684367,0.40274,-1.019874,0.074378,0.040596,-0.057493,0.578569,0.277363,-0.767024,-0.20364,0.959743,0.193446,0.789801,0.044275,0.611761,0.007401,-0.006186,0.003423,-0.033956,0.037762,0.022617,-1.057815
292,0.144684,-0.018913,0.293984,-0.597138,-0.251862,-0.761602,0.156752,-0.967763,0.197068,-0.785943,-0.001399,0.618319,0.014852,-0.01223,0.007026,-0.009663,0.047976,0.042867,-1.546831,-0.149927,-0.044905,0.300206,-0.142068,-0.035624,0.989211,0.746534,-0.660029,0.083562,0.650077,0.750385,0.119105,-0.017711,0.016088,-0.022179,0.173671,0.359975,0.19319,-1.307458,0.051613,0.031576,-0.006328,0.201524,0.023812,0.979193,-0.698139,0.704689,0.126544,-0.687014,-0.709115,0.158636,-0.008855,0.008296,-0.010764,0.520118,0.416515,0.277266,-1.025099,0.0747,0.040318,-0.057338,0.58392,0.27654,-0.763257,-0.202651,0.96008,0.192817,0.786109,0.042085,0.616652,0.007425,-0.006082,0.003542,-0.02448,0.02214,0.034613,-1.057979
293,0.145237,-0.019539,0.294353,-0.604885,-0.254723,-0.754503,0.156297,-0.967008,0.201092,-0.780084,0.004021,0.625684,0.0146,-0.024032,0.014367,-0.131777,0.238778,-0.129331,-1.547289,-0.150271,-0.044401,0.29951,-0.141694,-0.01218,0.989831,0.73318,-0.673063,0.096788,0.665185,0.739443,0.103041,-0.002113,0.018745,-0.020818,0.157709,0.498806,0.341159,-1.305188,0.051434,0.031832,-0.006687,0.199903,0.001245,0.979814,-0.683168,0.717012,0.138469,-0.702367,-0.697058,0.144183,-0.001049,0.009407,-0.010363,0.142637,0.566832,0.37734,-1.02314,0.074977,0.040011,-0.057156,0.591418,0.279658,-0.756317,-0.202162,0.959401,0.196667,0.780611,0.036586,0.623944,0.007394,-0.006379,0.003179,-0.368093,0.628636,-0.566981,-1.059122
294,0.145478,-0.019893,0.29456,-0.609104,-0.252042,-0.752005,0.155677,-0.967711,0.198172,-0.776916,0.003944,0.629614,0.014849,-0.012456,0.006743,0.104915,0.269042,0.183132,-1.547419,-0.150416,-0.044168,0.299201,-0.141784,-0.001419,0.989892,0.724389,-0.681621,0.102895,0.67473,0.731646,0.096412,-0.000996,0.00791,-0.0123,-0.007305,0.451565,0.284099,-1.303187,0.051362,0.031946,-0.006836,0.19943,-0.009229,0.979868,-0.673514,0.72503,0.143907,-0.711762,-0.688654,0.138377,-0.008864,0.008556,-0.010441,0.010466,0.754181,0.176285,-1.023793,0.075098,0.039829,-0.05705,0.595122,0.277803,-0.754092,-0.201599,0.959953,0.194541,0.777937,0.036249,0.627294,0.007315,-0.011925,0.007285,0.139785,0.511248,0.0701,-1.057815
295,0.145927,-0.020687,0.295048,-0.616715,-0.250189,-0.7464,0.154569,-0.96818,0.196745,-0.771108,0.006269,0.636695,0.014696,-0.02366,0.014813,-0.027137,0.09725,0.04699,-1.547417,-0.150614,-0.043802,0.298665,-0.138025,0.014562,0.990317,0.715267,-0.6901,0.109953,0.685159,0.723488,0.083577,-0.016642,0.006717,-0.0118,0.008186,0.326449,0.174547,-1.298853,0.051269,0.03213,-0.007103,0.194551,-0.025367,0.980563,-0.663491,0.73287,0.150601,-0.722446,-0.679895,0.12575,-0.000482,0.003752,-0.006418,0.021677,0.426634,0.238147,-1.008117,0.075322,0.039436,-0.056809,0.603642,0.275814,-0.748025,-0.200525,0.960613,0.192381,0.771625,0.033868,0.635174,0.007341,-0.011819,0.007409,-0.044103,0.070492,0.039346,-1.068429
296,0.146307,-0.021664,0.295687,-0.626375,-0.247186,-0.739323,0.153162,-0.968933,0.194119,-0.763561,0.008656,0.645699,0.014549,-0.034931,0.022815,0.028048,0.286255,0.13866,-1.54681,-0.150662,-0.043513,0.298194,-0.136483,0.024196,0.990343,0.710187,-0.694517,0.114958,0.690729,0.718976,0.076347,-0.000991,0.007787,-0.012471,0.027734,0.060875,0.0594,-1.29513,0.051239,0.032275,-0.007337,0.192148,-0.03566,0.980717,-0.657849,0.736883,0.155683,-0.728226,-0.675078,0.118131,-0.000476,0.003628,-0.00658,0.03491,0.029979,0.008955,-1.013506,0.075512,0.038952,-0.056493,0.612674,0.273745,-0.741413,-0.199147,0.961302,0.190365,0.764833,0.031018,0.64348,0.007356,-0.011797,0.007439,0.131646,0.381649,0.219409,-1.081819
297,0.146573,-0.022811,0.296493,-0.632961,-0.243928,-0.734782,0.151108,-0.969739,0.191687,-0.758519,0.010596,0.651585,-0.000522,-0.033826,0.024002,-0.078491,0.097373,-0.018929,-1.546545,-0.150687,-0.043241,0.297682,-0.134198,0.036692,0.99027,0.705079,-0.698586,0.12155,0.696384,0.714474,0.06662,-0.000959,0.006969,-0.013538,-0.009166,0.352545,0.195414,-1.295091,0.051227,0.032409,-0.007587,0.189719,-0.046052,0.980757,-0.652203,0.74076,0.160946,-0.733918,-0.670188,0.110501,-0.000475,0.003482,-0.006774,-0.063112,0.647022,0.366044,-1.017915,0.075651,0.038378,-0.056089,0.620245,0.270246,-0.736384,-0.197106,0.962352,0.187155,0.759239,0.029064,0.650162,-0.000274,-0.016918,0.011989,-0.104547,-0.051221,0.128263,-1.085411
298,0.146665,-0.023452,0.296936,-0.637225,-0.241613,-0.731856,0.149942,-0.970309,0.189709,-0.755172,0.011445,0.655448,-0.000522,-0.033857,0.023975,-0.047805,0.041763,0.180371,-1.546976,-0.150706,-0.04309,0.297421,-0.134023,0.039729,0.990177,0.704513,-0.698814,0.123512,0.696992,0.714085,0.064409,-0.000961,0.007028,-0.013467,0.023146,0.095732,0.046592,-1.295764,0.051217,0.032487,-0.007723,0.188796,-0.050836,0.980699,-0.65148,0.740767,0.163816,-0.734798,-0.669834,0.106735,-0.000483,0.00378,-0.006387,0.030446,0.058224,0.0581,-1.013996,0.075697,0.038058,-0.055868,0.624565,0.268343,-0.733423,-0.196071,0.962915,0.185339,0.755959,0.028047,0.654017,0.007295,-0.017406,0.011484,-0.0671,0.114638,0.034458,-1.086881
299,0.146744,-0.024805,0.297865,-0.643942,-0.238978,-0.726824,0.147831,-0.970928,0.188192,-0.749869,0.014028,0.661458,-0.000546,-0.034074,0.023733,-0.080083,0.093793,-0.0216,-1.545621,-0.150751,-0.042718,0.296888,-0.131341,0.043017,0.990399,0.699439,-0.703904,0.123445,0.702587,0.708872,0.061105,-0.000996,0.007897,-0.012344,0.036331,-0.007888,0.019661,-1.296812,0.051194,0.032672,-0.007991,0.185981,-0.053585,0.98109,-0.646098,0.745601,0.163201,-0.740248,-0.664233,0.104047,-0.000479,0.003709,-0.006486,0.035788,-0.009213,-0.009114,-1.000279,0.075736,0.037381,-0.055403,0.631397,0.265887,-0.72845,-0.193868,0.963673,0.183706,0.750834,0.025232,0.660008,-0.000294,-0.017084,0.011807,-0.105591,0.058358,-0.038689,-1.089657
300,0.146728,-0.026252,0.298827,-0.650729,-0.236731,-0.721495,0.145812,-0.971434,0.187155,-0.744383,0.016872,0.667561,-0.015929,-0.034486,0.023102,-0.091452,0.104681,-0.087504,-1.545306,-0.150845,-0.042232,0.296201,-0.117184,0.042452,0.992198,0.699596,-0.705512,0.112928,0.704915,0.707308,0.051716,-0.002076,0.017899,-0.021959,0.072383,-0.011028,0.034328,-1.297715,0.051148,0.032913,-0.008329,0.171876,-0.052154,0.983736,-0.64685,0.747187,0.152628,-0.742996,-0.662563,0.094688,-0.000453,0.003098,-0.007284,0.036484,-0.00589,-0.020632,-1.004198,0.075735,0.03666,-0.05492,0.638282,0.263941,-0.723139,-0.191835,0.964284,0.182633,0.745516,0.022152,0.666118,-0.000392,-0.022835,0.015691,-0.153595,0.048732,-0.070776,-1.086555
301,0.146714,-0.026998,0.299322,-0.654961,-0.2346,-0.718356,0.144552,-0.971932,0.185543,-0.740908,0.017969,0.671387,-0.000621,-0.034626,0.023098,-0.009674,0.22734,0.058558,-1.545405,-0.150908,-0.042003,0.295858,-0.108551,0.040233,0.993272,0.699838,-0.706463,0.105214,0.706046,0.70649,0.04727,-0.016592,0.005674,-0.013194,0.034392,0.006394,-0.01014,-1.298293,0.051121,0.033031,-0.008505,0.1636,-0.04927,0.985295,-0.647455,0.748198,0.144918,-0.744336,-0.661643,0.090506,-0.00101,0.008536,-0.011518,0.070517,-0.01314,0.022593,-1.010893,0.075721,0.036272,-0.054666,0.642278,0.262363,-0.720169,-0.190633,0.964745,0.181449,0.742385,0.020748,0.66965,-0.000329,-0.017329,0.011528,-0.00437,0.235173,0.06251,-1.088187
302,0.146662,-0.028425,0.300244,-0.65953,-0.233127,-0.714645,0.14224,-0.972222,0.185808,-0.737292,0.021178,0.675262,-0.000622,-0.034632,0.023107,-0.086141,-0.03092,0.134698,-1.545416,-0.150913,-0.04162,0.295112,-0.097204,0.037359,0.994559,0.699613,-0.70812,0.095092,0.707907,0.704992,0.041433,-0.00085,0.004196,-0.017205,0.034513,0.008921,-0.011597,-1.299458,0.051113,0.033227,-0.008872,0.152575,-0.04567,0.987235,-0.647739,0.749842,0.134794,-0.746427,-0.660038,0.084825,-0.000968,0.007497,-0.012885,0.069946,0.003246,0.001611,-1.027875,0.075696,0.035571,-0.054215,0.647225,0.260994,-0.716226,-0.188402,0.965181,0.181462,0.738649,0.017492,0.673861,-0.000342,-0.017429,0.011416,-0.113552,0.04011,-0.050562,-1.097658
303,0.146592,-0.029643,0.301046,-0.663932,-0.231377,-0.711129,0.140204,-0.972582,0.185471,-0.73372,0.023718,0.679057,-0.000472,-0.023491,0.014927,-0.055299,0.058135,-0.017717,-1.545303,-0.150872,-0.041412,0.294214,-0.091716,0.036024,0.995129,0.698839,-0.709521,0.090209,0.709395,0.703654,0.038636,-0.000684,-2.2e-05,-0.022784,0.032728,0.020015,-0.030664,-1.300704,0.051133,0.033336,-0.009314,0.147275,-0.044012,0.988115,-0.647178,0.751186,0.129918,-0.747977,-0.65862,0.082147,-0.000334,0.000137,-0.011196,0.032121,0.016346,-0.024591,-1.032774,0.07566,0.034958,-0.053811,0.651645,0.259386,-0.712795,-0.1863,0.96566,0.181086,0.735289,0.014791,0.677591,-0.000344,-0.017446,0.011401,-0.110952,0.043627,-0.048836,-1.098148
304,0.146521,-0.030595,0.301745,-0.668078,-0.229061,-0.707989,0.138296,-0.973086,0.184255,-0.73031,0.025463,0.68266,-0.000236,-0.021803,0.016973,-0.062777,0.04385,-0.026248,-1.546407,-0.150779,-0.04121,0.293094,-0.082023,0.039693,0.995836,0.698255,-0.710624,0.085952,0.711145,0.702337,0.029308,0.013937,0.009986,-0.034574,0.04166,0.224431,0.145884,-1.301867,0.051174,0.033431,-0.009872,0.137582,-0.046411,0.989402,-0.646829,0.752281,0.125233,-0.750121,-0.657204,0.07348,-0.00084,0.004304,-0.017152,0.020027,0.366409,0.183353,-1.033754,0.075624,0.034479,-0.053464,0.655873,0.257296,-0.709667,-0.18441,0.966246,0.17989,0.731999,0.012884,0.681183,-0.007755,-0.010321,0.009106,-0.083741,0.029373,-0.069706,-1.096842
305,0.146483,-0.03096,0.302052,-0.670118,-0.227898,-0.706434,0.137549,-0.973343,0.183451,-0.728579,0.026041,0.684486,-0.000183,-0.02142,0.017437,-0.062744,0.043874,-0.026262,-1.546413,-0.150746,-0.041103,0.292473,-0.078318,0.04183,0.996046,0.697798,-0.711205,0.08485,0.712006,0.701622,0.025248,-0.001697,0.008236,-0.034855,0.053439,0.131443,0.060239,-1.302922,0.051197,0.033484,-0.010184,0.133564,-0.049159,0.989819,-0.646412,0.752743,0.12461,-0.751206,-0.656475,0.068763,-0.000827,0.004027,-0.017546,0.051701,0.143431,0.073229,-1.033427,0.075605,0.034289,-0.053303,0.657971,0.25627,-0.708094,-0.183656,0.966527,0.179145,0.730303,0.012173,0.683013,-9.6e-05,-0.010654,0.008788,-0.083704,0.012624,-0.041381,-1.094392
306,0.14637,-0.031512,0.302618,-0.675177,-0.227243,-0.701813,0.136556,-0.973428,0.183741,-0.724081,0.028497,0.689146,-0.015064,-0.007456,0.012484,-1.259179,1.840321,-1.742185,-1.547349,-0.150651,-0.04086,0.291072,-0.065033,0.054171,0.996407,0.693139,-0.715814,0.08427,0.717854,0.696051,0.00774,-0.001612,0.006106,-0.037832,0.021474,0.377814,0.174956,-1.305265,0.051243,0.033609,-0.010897,0.119589,-0.060515,0.990977,-0.641484,0.757105,0.123647,-0.757757,-0.650483,0.051722,-0.000784,0.002984,-0.01901,0.017998,0.396675,0.1952,-1.020364,0.075554,0.034014,-0.053027,0.661855,0.254172,-0.705226,-0.182469,0.967092,0.177304,0.727085,0.011332,0.686453,7.8e-05,-0.009431,0.010263,-0.001428,0.143457,0.065012,-1.096842
307,0.14628,-0.031842,0.30316,-0.677213,-0.226074,-0.700228,0.135577,-0.973675,0.183162,-0.722362,0.02938,0.690911,0.000474,-0.006682,0.013571,0.057782,0.174993,0.109197,-1.54741,-0.150582,-0.040626,0.28957,-0.049455,0.071857,0.996184,0.688807,-0.719752,0.086228,0.723229,0.690343,-0.015163,-0.001595,0.005619,-0.038657,0.008722,0.481979,0.246696,-1.308166,0.051278,0.033723,-0.011651,0.102915,-0.077253,0.991685,-0.636809,0.760763,0.12535,-0.764121,-0.644415,0.029099,-0.000772,0.002722,-0.019444,0.005145,0.503337,0.26963,-1.020527,0.075503,0.033849,-0.052756,0.664549,0.255247,-0.702298,-0.181778,0.966838,0.179385,0.724797,0.008453,0.68891,0.000204,-0.003507,0.006586,0.112912,0.278187,0.129585,-1.098475
308,0.146233,-0.031959,0.30344,-0.677258,-0.226086,-0.70018,0.135092,-0.973652,0.183643,-0.72241,0.03006,0.690831,0.000665,0.004713,0.005669,0.001354,0.002569,0.001492,-1.547557,-0.150506,-0.040512,0.288807,-0.04152,0.082713,0.995704,0.680243,-0.727528,0.088916,0.731774,0.680899,-0.02732,-0.001574,0.005119,-0.039424,0.464781,0.835226,0.1555,-1.310892,0.051316,0.033781,-0.012032,0.094661,-0.086613,0.991734,-0.627697,0.768029,0.126989,-0.77268,-0.63453,0.018336,-0.000766,0.00254,-0.019736,0.450923,0.966404,0.243551,-1.025589,0.07548,0.033787,-0.052612,0.665065,0.254911,-0.701931,-0.181211,0.966932,0.179454,0.724465,0.00785,0.689266,0.000322,-0.002665,0.007597,-0.043647,-0.01354,0.00108,-1.104353
309,0.146201,-0.032163,0.304037,-0.677742,-0.22828,-0.698999,0.139542,-0.973245,0.182469,-0.721109,0.026404,0.692338,0.000708,-0.005015,0.015554,-0.03466,-0.00037,0.007181,-1.546927,-0.150314,-0.040328,0.287297,-0.028748,0.101634,0.994402,0.667023,-0.738921,0.094921,0.744433,0.66588,-0.047809,-0.001585,0.005428,-0.039195,0.006966,0.509665,0.292074,-1.315193,0.051407,0.033871,-0.012763,0.080936,-0.104312,0.991245,-0.613338,0.778706,0.132025,-0.785661,-0.618655,-0.000953,-0.000774,0.00274,-0.019563,-0.005668,0.609994,0.357118,-1.023466,0.075463,0.033691,-0.052323,0.665367,0.257199,-0.70081,-0.185692,0.96629,0.178329,0.723052,0.011481,0.690697,0.000308,-0.002774,0.007458,-0.038858,-0.006986,0.003848,-1.103863
310,0.146227,-0.032314,0.3046,-0.681449,-0.225139,-0.696409,0.138336,-0.973981,0.179433,-0.71784,0.026209,0.695734,0.00073,-0.004851,0.015733,0.000137,0.065923,0.045449,-1.547297,-0.149972,-0.040318,0.285944,-0.018763,0.114708,0.993218,0.658118,-0.746366,0.098747,0.752619,0.655356,-0.062745,0.01528,-0.004016,-0.031132,0.019005,0.133084,0.077049,-1.318909,0.051577,0.033876,-0.013456,0.069252,-0.118889,0.990489,-0.60384,0.785334,0.136482,-0.794091,-0.607549,-0.017405,0.007098,0.003341,-0.019933,0.059659,0.084634,0.041068,-1.033264,0.075477,0.033615,-0.052035,0.669332,0.254218,-0.698117,-0.18459,0.967077,0.17518,0.719667,0.011612,0.694221,0.000339,-0.002543,0.007725,-0.005748,0.060467,0.044619,-1.105333
311,0.146289,-0.032485,0.305186,-0.683315,-0.223453,-0.695122,0.13716,-0.974354,0.178308,-0.71629,0.026769,0.697309,0.000688,-0.005137,0.015373,-0.021656,0.02445,0.021464,-1.545759,-0.149564,-0.040353,0.284672,-0.008177,0.128041,0.991731,0.640322,-0.761037,0.103652,0.76799,0.635706,-0.07702,-0.000476,-0.004553,-0.029851,5.438834,1.193636,-0.147271,-1.32165,0.051787,0.033857,-0.014104,0.058938,-0.129054,0.989884,-0.586157,0.79819,0.138962,-0.808049,-0.588418,-0.028602,-0.000149,-0.002379,-0.014973,5.448468,1.141299,-0.180743,-1.03408,0.075508,0.03353,-0.05174,0.67134,0.252574,-0.696783,-0.183407,0.967515,0.173999,0.718096,0.010982,0.695856,0.00031,-0.002756,0.007464,-0.038623,0.000673,0.011203,-1.105823
312,0.146323,-0.032609,0.305474,-0.685185,-0.221938,-0.693766,0.136512,-0.9747,0.17691,-0.714626,0.026778,0.699014,0.000416,-0.017109,0.022585,-0.049391,0.069214,-0.011901,-1.544549,-0.149377,-0.040361,0.284084,-0.00564,0.133734,0.990997,0.635623,-0.764518,0.106904,0.771903,0.630328,-0.081947,0.015251,-0.002224,-0.028927,0.153695,0.256179,0.131181,-1.323857,0.051875,0.033853,-0.014388,0.055103,-0.136424,0.989116,-0.57989,0.802058,0.142929,-0.812828,-0.581455,-0.034915,0.007646,-0.001162,-0.014539,0.498537,0.328608,0.125531,-1.032121,0.075526,0.033475,-0.051597,0.673295,0.251117,-0.695422,-0.182791,0.967894,0.172531,0.716421,0.010953,0.697581,0.000399,0.002899,0.003452,0.005274,0.003561,0.039052,-1.106149
313,0.146352,-0.032906,0.306039,-0.688757,-0.225191,-0.689165,0.14149,-0.974012,0.176785,-0.71021,0.024525,0.703582,0.000357,-0.007487,0.012559,-0.00482,0.072385,0.015567,-1.543038,-0.14909,-0.0403,0.28297,0.006677,0.152049,0.988346,0.622631,-0.77398,0.11498,0.782398,0.614409,-0.101088,-0.001783,0.010362,-0.032906,5.481753,1.050097,-0.287271,-1.32598,0.052025,0.033876,-0.014947,0.042546,-0.153699,0.987201,-0.570549,0.807393,0.150294,-0.82016,-0.569641,-0.053341,-0.000283,-0.000744,-0.012894,-0.0344,0.557738,0.303673,-1.032121,0.07554,0.033324,-0.051309,0.67674,0.254586,-0.690803,-0.187753,0.966962,0.17243,0.711879,0.01301,0.702181,0.000203,-0.003519,0.006543,-0.020325,0.035236,0.032817,-1.106476
314,0.146363,-0.033302,0.306582,-0.692654,-0.222758,-0.686042,0.140411,-0.974562,0.174599,-0.706625,0.024879,0.70717,0.00031,-0.00782,0.012158,0.074811,0.208695,0.126377,-1.541368,-0.148965,-0.040135,0.281896,0.018563,0.17626,0.984164,0.614334,-0.778558,0.127966,0.788725,0.602001,-0.123979,-0.00067,0.000181,-0.023541,-0.053853,0.729068,0.40902,-1.326538,0.052087,0.033964,-0.015486,0.028662,-0.175816,0.984005,-0.556322,0.815055,0.161833,-0.830472,-0.552062,-0.074449,-0.000335,0.000396,-0.011343,-0.060303,0.766664,0.467351,-1.033264,0.075545,0.033124,-0.05104,0.680073,0.252804,-0.688179,-0.186705,0.967439,0.170884,0.708972,0.012273,0.705129,1.8e-05,-0.00985,0.009748,0.104867,0.343648,0.136347,-1.108762
315,0.146353,-0.033534,0.306837,-0.691403,-0.226927,-0.685938,0.145618,-0.973678,0.175265,-0.706797,0.021569,0.707107,0.000156,-0.008922,0.010849,-0.033888,0.01699,-0.01609,-1.540228,-0.148908,-0.039987,0.281378,0.023928,0.186981,0.982068,0.60999,-0.780964,0.133946,0.791938,0.595604,-0.133985,-0.000734,0.001633,-0.021531,-0.023512,0.482001,0.290329,-1.32732,0.052116,0.034036,-0.015747,0.021894,-0.187495,0.982021,-0.551606,0.816953,0.168276,-0.833816,-0.545373,-0.085537,0.00697,0.006939,-0.015187,-0.00305,0.596707,0.392672,-1.033264,0.075541,0.033009,-0.050911,0.679174,0.256498,-0.687699,-0.191786,0.966416,0.171046,0.708477,0.015721,0.705557,8.2e-05,-0.004377,0.005524,-0.045534,-0.015723,0.000617,-1.109742
316,0.146348,-0.034096,0.307311,-0.693205,-0.224933,-0.684775,0.143795,-0.974117,0.174332,-0.705403,0.022653,0.708463,-0.000129,-0.010956,0.008436,-0.001064,-0.029386,0.186134,-1.532687,-0.148913,-0.039537,0.280358,0.025212,0.209439,0.977492,0.594534,-0.789168,0.153871,0.803564,0.577004,-0.145651,-0.00199,0.014964,-0.026597,-0.006272,0.644374,0.425724,-1.327744,0.052114,0.034256,-0.016256,0.019914,-0.208106,0.977903,-0.534369,0.824456,0.186333,-0.845016,-0.526272,-0.094787,-0.000982,0.007546,-0.013212,0.047522,0.195791,-0.084185,-1.033427,0.075539,0.03273,-0.050672,0.681112,0.254747,-0.686432,-0.190134,0.966896,0.170172,0.70706,0.014608,0.707001,-0.000151,-0.011056,0.008319,-0.048413,0.076926,-0.00537,-1.111865
317,0.146365,-0.03484,0.307746,-0.692402,-0.231394,-0.683433,0.153467,-0.972737,0.173787,-0.704154,0.015727,0.709891,-0.000595,-0.024334,0.013999,-0.068795,0.03192,-0.033376,-1.514103,-0.149033,-0.038944,0.279484,0.008323,0.227049,0.973843,0.579511,-0.794695,0.180446,0.814832,0.56256,-0.139423,-0.002165,0.018909,-0.021019,0.056229,0.215219,0.036418,-1.329308,0.052054,0.034548,-0.016699,0.034694,-0.228616,0.972897,-0.517631,0.828622,0.213172,-0.854899,-0.510998,-0.089591,-0.000484,0.003765,-0.006623,0.049675,0.185117,0.160938,-1.032937,0.075547,0.032363,-0.050455,0.679958,0.26103,-0.685215,-0.199629,0.96509,0.16955,0.705552,0.021502,0.70833,-0.000347,-0.012468,0.006642,-0.078008,-0.07256,0.10544,-1.108435
318,0.146425,-0.035809,0.308173,-0.696849,-0.231787,-0.678765,0.157411,-0.972693,0.170476,-0.698879,0.012232,0.715154,0.014381,-0.027922,0.009877,0.02359,0.208377,0.070185,-1.484166,-0.149173,-0.038315,0.278899,-0.011361,0.236374,0.971591,0.568149,-0.797986,0.2009,0.822781,0.553988,-0.126459,-0.002288,0.021726,-0.017017,0.061175,0.082706,-0.125296,-1.328603,0.051984,0.034864,-0.016991,0.053661,-0.239065,0.969519,-0.504879,0.831177,0.232896,-0.86152,-0.501987,-0.076097,-0.008448,0.004694,-0.004156,0.021227,0.107064,-0.180397,-1.032937,0.075572,0.031881,-0.050239,0.684043,0.261923,-0.680794,-0.203663,0.964771,0.166543,0.700432,0.02473,0.713289,-0.000482,-0.013439,0.005486,0.064157,0.278031,0.100503,-1.103047
319,0.146472,-0.036383,0.308377,-0.697483,-0.234828,-0.677066,0.162251,-0.971999,0.169897,-0.697138,0.008931,0.7169,0.014259,-0.028906,0.008697,-0.054108,0.059081,-0.013472,-1.457204,-0.149237,-0.03803,0.278716,-0.020537,0.24121,0.970251,0.560097,-0.801035,0.211115,0.828117,0.547461,-0.119879,-0.001201,0.012181,-0.006635,0.039108,0.057817,-0.087231,-1.328533,0.051958,0.035005,-0.017085,0.062223,-0.244315,0.967697,-0.496123,0.83373,0.242393,-0.866019,-0.495179,-0.069333,-0.001159,0.011413,-0.007726,0.248306,-0.369597,0.621996,-1.028365,0.075596,0.031605,-0.050141,0.685055,0.264613,-0.678732,-0.208448,0.963942,0.165417,0.698031,0.02816,0.715512,-0.000539,-0.013866,0.004973,-0.073549,-0.071563,0.142717,-1.095862
320,0.14656,-0.037543,0.308687,-0.704001,-0.239779,-0.668532,0.167202,-0.970783,0.172033,-0.689374,0.009623,0.72436,-0.001402,-0.030182,0.007,-0.455961,0.613638,-0.529746,-1.410203,-0.149337,-0.037621,0.278497,-0.043737,0.251597,0.966839,0.55337,-0.799577,0.233223,0.831759,0.544898,-0.10548,-0.001201,0.012182,-0.006634,0.052364,-0.047317,0.081209,-1.329854,0.051902,0.035217,-0.01719,0.084576,-0.256144,0.962931,-0.488184,0.831808,0.264142,-0.868633,-0.492427,-0.054694,-2.1e-05,0.000648,0.000922,0.052129,-0.126262,0.207917,-1.03653,0.075644,0.031003,-0.049979,0.691281,0.269874,-0.670295,-0.213293,0.962512,0.167556,0.690387,0.027141,0.72293,-0.00072,-0.015224,0.003335,-0.528527,0.627309,-0.600355,-1.082146
321,0.146644,-0.038806,0.308858,-0.710667,-0.241225,-0.660915,0.172476,-0.970452,0.168662,-0.681189,0.006163,0.732101,-0.001818,-0.033199,0.003332,0.479115,0.39608,-0.216766,-1.380647,-0.149372,-0.03737,0.278426,-0.070349,0.265652,0.961495,0.535889,-0.802845,0.261147,0.841357,0.533286,-0.0871,-7.3e-05,0.001665,0.002365,0.176443,-0.421507,0.693799,-1.335886,0.051884,0.035347,-0.017231,0.107306,-0.2704,0.956749,-0.469728,0.834343,0.288488,-0.876265,-0.480368,-0.037484,-2.4e-05,0.000588,0.000833,-0.000101,-0.000489,0.001099,-1.031631,0.075687,0.030385,-0.049894,0.696507,0.272306,-0.663871,-0.218045,0.961763,0.165731,0.683617,0.029322,0.72925,0.006813,-0.01692,0.001356,1.265772,0.194457,-1.003397,-1.074798
322,0.146687,-0.03946,0.308883,-0.712844,-0.241113,-0.658607,0.172336,-0.970474,0.168678,-0.678946,0.007032,0.734173,-0.002021,-0.034676,0.001517,-0.011746,0.170853,-0.022955,-1.371736,-0.149365,-0.037299,0.278452,-0.081301,0.271855,0.958893,0.527872,-0.804249,0.272888,0.845442,0.528012,-0.079335,-9.3e-05,0.002129,0.003023,0.189622,-0.525555,0.860566,-1.343331,0.051887,0.035382,-0.017217,0.11939,-0.278182,0.953079,-0.460405,0.834981,0.301385,-0.879643,-0.474785,-0.028388,0.007809,0.001939,0.001624,0.603375,-1.528194,2.515343,-1.03457,0.075709,0.030059,-0.04988,0.699976,0.271808,-0.660418,-0.21841,0.961908,0.164399,0.679948,0.029167,0.732678,0.006713,-0.017755,0.00033,-0.01319,0.15814,0.010785,-1.073981
323,0.146818,-0.040682,0.308808,-0.717112,-0.240718,-0.654103,0.172193,-0.970562,0.168318,-0.674474,0.008363,0.73827,0.013488,-0.035437,0.000662,-0.063616,0.040047,-0.024263,-1.358218,-0.149349,-0.037137,0.278661,-0.104675,0.280797,0.954038,0.517176,-0.803946,0.293486,0.849501,0.523768,-0.062279,-0.000213,0.004852,0.006877,0.198473,-0.62359,0.832866,-1.354417,0.051896,0.03546,-0.017117,0.14183,-0.288371,0.946955,-0.448529,0.834068,0.321172,-0.882442,-0.470289,-0.011048,-0.000124,0.002402,0.003418,0.613382,-1.697019,2.580882,-1.046817,0.075768,0.029444,-0.049922,0.704351,0.271568,-0.65585,-0.218196,0.962023,0.164013,0.675484,0.027581,0.736858,-0.00102,-0.012381,-0.004144,-0.052476,0.022516,-0.074231,-1.07937
324,0.146935,-0.041841,0.308608,-0.720139,-0.247104,-0.648371,0.183314,-0.96899,0.16561,-0.668293,0.000707,0.743916,0.013293,-0.03715,-0.001527,0.117945,0.396554,0.136367,-1.334577,-0.149408,-0.036899,0.278986,-0.123179,0.287533,0.949812,0.497914,-0.809932,0.309882,0.858504,0.51073,-0.044607,-0.000292,0.006648,0.009392,0.0844,-0.311067,0.295674,-1.361471,0.051866,0.035581,-0.016951,0.160515,-0.296561,0.941427,-0.427697,0.838702,0.337125,-0.889555,-0.456759,0.007786,-0.000156,0.003429,0.004846,0.075364,-0.288931,0.304479,-1.050736,0.075831,0.028853,-0.05002,0.706087,0.278801,-0.65093,-0.229321,0.959722,0.162307,0.669964,0.034669,0.741583,0.006639,-0.018649,-0.000858,0.199484,0.516529,0.186022,-1.084922
325,0.146995,-0.042423,0.308454,-0.722108,-0.246348,-0.646466,0.182985,-0.969182,0.164847,-0.666255,0.001043,0.745741,0.013164,-0.038237,-0.002921,0.112622,0.386093,0.130266,-1.32338,-0.149426,-0.036758,0.279188,-0.137132,0.289496,0.9473,0.489733,-0.811387,0.318976,0.861107,0.507298,-0.031713,-0.000312,0.007092,0.010002,0.105558,-0.745368,0.037367,-1.362219,0.051857,0.035651,-0.016852,0.172482,-0.301531,0.937725,-0.419048,0.839085,0.346891,-0.89143,-0.452785,0.018371,-0.000167,0.003657,0.005157,0.018736,-0.215968,0.385626,-1.052369,0.075857,0.028577,-0.050095,0.707764,0.278275,-0.649331,-0.228974,0.959893,0.161789,0.66831,0.034172,0.743096,-0.001162,-0.013439,-0.005516,0.294219,0.616282,0.22053,-1.082472
