frame,MLTx,MLTy,MLTz,MLTR1,MLTR2,MLTR3,MLTR4,MLTR5,MLTR6,MLTR7,MLTR8,MLTR9,MLTTVx,MLTTVy,MLTTVz,MLTRVx,MLTRVy,MLTRVz,MLGA,MRTx,MRTy,MRTz,MRTR1,MRTR2,MRTR3,MRTR4,MRTR5,MRTR6,MRTR7,MRTR8,MRTR9,MRTTVx,MRTTVy,MRTTVz,MRTRVx,MRTRVy,MRTRVz,MRGA,SLTx,SLTy,SLTz,SLTR1,SLTR2,SLTR3,SLTR4,SLTR5,SLTR6,SLTR7,SLTR8,SLTR9,SLTTVx,SLTTVy,SLTTVz,SLTRVx,SLTRVy,SLTRVz,SLGA,SRTx,SRTy,SRTz,SRTR1,SRTR2,SRTR3,SRTR4,SRTR5,SRTR6,SRTR7,SRTR8,SRTR9,SRTTVx,SRTTVy,SRTTVz,SRTRVx,SRTRVy,SRTRVz,SRGA
246,0.113869,0.013557,0.356131,0.070137,0.510805,-0.856857,-0.517659,-0.715564,-0.469009,-0.852803,0.475815,0.215299,-0.028519,0.005988,-0.145313,-1.112749,-0.770224,0.225529,0.371071,-0.117584,0.023085,0.347886,0.695966,0.45474,0.555728,-0.443998,0.880767,-0.164465,-0.565111,-0.132868,0.814161,-0.028432,0.013138,-0.020299,0.062411,0.026627,-0.015776,0.396738,0.03177,0.030004,-0.010869,-0.657664,-0.470234,0.588521,0.460366,-0.869267,-0.1801,0.596271,0.15249,0.788166,-0.014179,0.006405,-0.010256,0.065199,-0.093558,0.107106,0.318456,0.094873,0.031,-0.06553,0.031934,0.553614,-0.83216,-0.484088,-0.719846,-0.497472,-0.874435,0.418725,0.24501,-0.007715,0.001503,-0.073797,-4.416583,-2.609596,1.097709,0.319377
247,0.112543,0.0137,0.350482,0.068288,0.509993,-0.857489,-0.517443,-0.716691,-0.467523,-0.853081,0.47499,0.216016,-0.056183,-0.000971,-0.136096,0.198058,0.464354,-0.195255,0.356555,-0.118821,0.023537,0.347102,0.694148,0.454144,0.558483,-0.443051,0.881039,-0.165558,-0.568085,-0.133101,0.812051,-0.028335,0.012756,-0.020581,0.064478,0.036538,-0.039774,0.428118,0.031141,0.030235,-0.011268,-0.655756,-0.469634,0.591123,0.459369,-0.869556,-0.181247,0.599135,0.15269,0.785953,-0.020683,0.005688,-0.010101,0.073897,0.017692,-0.055663,0.361564,0.094199,0.03107,-0.068413,0.031531,0.551957,-0.833275,-0.4848,-0.720609,-0.495672,-0.874056,0.419601,0.244868,-0.028015,-0.000663,-0.068156,0.161345,0.56719,-0.125732,0.304518
248,0.110005,0.013819,0.345317,0.077854,0.501657,-0.861583,-0.534719,-0.708317,-0.460797,-0.84154,0.495952,0.21417,-0.082046,0.009905,-0.130001,0.265671,0.081435,-0.26485,0.338835,-0.120282,0.024036,0.346254,0.691716,0.456464,0.559608,-0.443561,0.880057,-0.169371,-0.570648,-0.131653,0.810488,-0.042783,0.021175,-0.029345,0.100703,0.040745,-0.051547,0.46986,0.030415,0.030483,-0.011689,-0.653282,-0.471999,0.591979,0.459709,-0.868544,-0.185196,0.601572,0.151153,0.784387,-0.014126,0.006314,-0.010313,0.068678,0.016882,-0.018064,0.412021,0.092928,0.031121,-0.071003,0.040975,0.54504,-0.837407,-0.502533,-0.713148,-0.488753,-0.863586,0.440851,0.244679,-0.040874,0.005101,-0.064841,0.268696,0.07865,-0.266331,0.280841
249,0.10829,0.013875,0.342984,0.080798,0.498618,-0.863074,-0.538513,-0.70675,-0.458781,-0.838842,0.501222,0.21248,-0.096545,-0.00591,-0.109655,0.230049,0.08705,-0.242366,0.3347,-0.120997,0.024251,0.345845,0.689893,0.455955,0.562267,-0.443393,0.880123,-0.16947,-0.572982,-0.132978,0.808623,-0.04116,0.010384,-0.020991,0.061397,0.043393,-0.040173,0.488085,0.030042,0.030596,-0.011905,-0.651246,-0.471295,0.594777,0.459492,-0.868658,-0.185198,0.603941,0.152686,0.782266,-0.020554,0.005107,-0.010535,0.073301,0.018649,-0.054994,0.439944,0.092106,0.031148,-0.072132,0.044266,0.542336,-0.838994,-0.506492,-0.711699,-0.486774,-0.861106,0.446492,0.243185,-0.041122,0.001318,-0.059799,0.348753,-0.009223,-0.063902,0.271043
250,0.104014,0.013893,0.338799,0.082786,0.491992,-0.866681,-0.55415,-0.700032,-0.450383,-0.8284,0.516941,0.215761,-0.123451,-0.003964,-0.093399,0.033981,-0.014141,-0.146888,0.312484,-0.122513,0.024675,0.344923,0.69322,0.453056,0.560515,-0.444697,0.880902,-0.161835,-0.567931,-0.137657,0.811399,-0.042335,0.018858,-0.031077,0.09812,0.04466,-0.048497,0.502107,0.029299,0.030805,-0.012352,-0.654833,-0.468458,0.593076,0.461182,-0.869371,-0.177493,0.598752,0.157288,0.785338,-0.020341,0.003876,-0.011459,0.077849,0.036289,-0.084219,0.474561,0.090023,0.03115,-0.074195,0.046342,0.53636,-0.842716,-0.522139,-0.706195,-0.478182,-0.8516,0.462174,0.247328,-0.054996,-0.003452,-0.04768,-1.284732,-0.613472,-0.003599,0.251449
251,0.098855,0.013759,0.335446,0.080856,0.485693,-0.870408,-0.577143,-0.689102,-0.438198,-0.812738,0.537173,0.225677,-0.150736,-0.001858,-0.076876,0.070118,0.229941,-0.408757,0.272874,-0.124042,0.024999,0.343916,0.694045,0.451248,0.560952,-0.444684,0.881479,-0.158695,-0.566931,-0.139887,0.811716,-0.040234,0.004683,-0.025298,0.063141,0.049652,-0.070225,0.508368,0.028534,0.030974,-0.012857,-0.655678,-0.466693,0.593534,0.461286,-0.869934,-0.174441,0.597746,0.159412,0.785675,-0.020848,0.007541,-0.016933,0.108258,0.042581,-0.0863,0.488278,0.087459,0.031085,-0.075889,0.045116,0.530327,-0.846591,-0.545777,-0.696715,-0.465526,-0.836714,0.483053,0.258007,-0.068497,-0.002009,-0.039053,-0.422847,0.105861,-0.487185,0.20834
252,0.096094,0.01374,0.334135,0.081619,0.487636,-0.86925,-0.592849,-0.677271,-0.435666,-0.801274,0.550283,0.234896,-0.15072,-0.006274,-0.063898,-0.42364,0.51286,-0.002334,0.251073,-0.124813,0.025137,0.34337,0.694749,0.451201,0.560118,-0.444899,0.881489,-0.158039,-0.565899,-0.139981,0.81242,-0.04011,0.003806,-0.025975,0.064505,0.046546,-0.07223,0.510493,0.028148,0.031042,-0.01313,-0.656466,-0.466763,0.592607,0.461544,-0.869906,-0.173896,0.596681,0.159357,0.786496,-0.020769,0.007027,-0.017323,0.102759,0.053986,-0.079946,0.492523,0.086026,0.031073,-0.076582,0.046328,0.530285,-0.846552,-0.561529,-0.687066,-0.461112,-0.826158,0.496726,0.26594,-0.075038,-0.002284,-0.031113,-1.451241,0.036647,0.320008,0.179111
253,0.0894,0.013753,0.332224,0.07554,0.496462,-0.864792,-0.62214,-0.654234,-0.42999,-0.779352,0.569882,0.260522,-0.190597,-0.004734,-0.030229,-1.531078,0.285346,0.651549,0.228269,-0.126418,0.02537,0.342228,0.696707,0.451273,0.557622,-0.446571,0.881188,-0.154966,-0.562159,-0.141635,0.814726,-0.039925,0.002353,-0.027117,-0.535889,-0.415905,0.222345,0.507477,0.027346,0.031158,-0.013702,-0.658091,-0.467119,0.59052,0.463175,-0.869491,-0.171619,0.593618,0.160574,0.788563,-0.020771,0.007015,-0.017361,-1.89029,-1.550365,1.011611,0.495136,0.082692,0.031072,-0.077558,0.039337,0.538212,-0.84189,-0.591111,-0.66677,-0.453878,-0.80563,0.515505,0.291914,-0.088018,0.001608,-0.020186,-4.776918,-1.742251,1.21157,0.128491
254,0.082202,0.01372,0.331326,0.067507,0.518888,-0.852199,-0.643268,-0.630217,-0.434746,-0.762746,0.576893,0.292299,-0.18863,0.007689,-0.020879,-0.101807,1.137045,0.308593,0.20858,-0.12808,0.025651,0.341026,0.698505,0.451493,0.55519,-0.448251,0.880828,-0.15214,-0.558576,-0.143177,0.816919,-0.041498,0.013477,-0.035211,0.098502,0.053312,-0.076968,0.504807,0.026516,0.031292,-0.014301,-0.660478,-0.46718,0.587801,0.46516,-0.869119,-0.168096,0.589401,0.162398,0.791348,-0.026481,0.000543,-0.013366,0.068682,0.066147,-0.105472,0.493176,0.079093,0.031055,-0.078007,0.031016,0.559899,-0.827979,-0.61483,-0.64243,-0.457457,-0.788049,0.523255,0.324317,-0.094685,-0.00109,-0.005715,-0.071418,0.699754,-0.001534,0.106773
255,0.074609,0.013801,0.331329,0.065352,0.549489,-0.832968,-0.66821,-0.595799,-0.445524,-0.741181,0.585028,0.329272,-0.201078,0.004254,0.01007,-0.304085,1.184772,0.637297,0.178848,-0.129896,0.025963,0.339862,0.703534,0.4499,0.55011,-0.450391,0.881048,-0.144341,-0.550478,-0.146797,0.821758,-0.04033,0.00489,-0.025287,0.06318,0.044431,-0.071984,0.502405,0.025628,0.031442,-0.014877,-0.665835,-0.465696,0.582915,0.467638,-0.869262,-0.160302,0.581358,0.165859,0.796562,-0.020079,0.001937,-0.013,0.055059,0.05507,-0.093556,0.490237,0.075301,0.031094,-0.078021,0.027375,0.589127,-0.807576,-0.641504,-0.609223,-0.466175,-0.76663,0.530825,0.36125,-0.100399,0.002491,0.005478,-0.554713,0.669342,0.485116,0.064318
256,0.07075,0.013889,0.331627,0.064845,0.563418,-0.82365,-0.681596,-0.577784,-0.448959,-0.728933,0.589806,0.347581,-0.199993,0.0096,0.0142,-4.699684,-1.695827,2.426314,0.177325,-0.130816,0.026095,0.339336,0.707164,0.448348,0.546712,-0.451325,0.88145,-0.138868,-0.545031,-0.149122,0.824965,-0.053472,0.004313,-0.024421,0.057749,0.056777,-0.099513,0.500983,0.025168,0.03151,-0.015145,-0.669676,-0.464243,0.579665,0.468797,-0.869622,-0.154871,0.575988,0.168032,0.800001,-0.026673,0.001821,-0.012434,0.029817,-0.082191,0.090225,0.488768,0.073372,0.03114,-0.077869,0.022085,0.604494,-0.796303,-0.652446,-0.59479,-0.469615,-0.757512,0.529916,0.381264,-0.093718,-0.001813,0.010756,-0.235931,1.130004,0.450618,0.053214
257,0.063249,0.014173,0.332732,0.073754,0.591719,-0.802792,-0.710642,-0.533522,-0.4586,-0.699769,0.603584,0.382148,-0.183551,0.01016,0.032767,-0.207043,0.783283,0.59782,0.182904,-0.132727,0.026306,0.338499,0.71708,0.443313,0.53783,-0.452492,0.883021,-0.124327,-0.530914,-0.154783,0.833087,-0.053976,0.00827,-0.021444,0.078437,-0.061604,0.089802,0.500501,0.024198,0.031614,-0.015576,-0.679963,-0.459667,0.571275,0.470759,-0.871,-0.140514,0.56217,0.173388,0.80864,-0.026907,0.003588,-0.011108,0.074175,0.069626,-0.108992,0.486645,0.069614,0.03128,-0.077326,0.033263,0.63123,-0.774881,-0.687355,-0.548397,-0.476238,-0.725559,0.54846,0.415638,-0.091412,0.006012,0.017367,-0.27922,0.772123,0.69193,0.047989
258,0.056517,0.014738,0.334237,0.079898,0.610044,-0.788358,-0.738326,-0.495069,-0.457987,-0.669791,0.617897,0.411836,-0.16608,0.018475,0.040569,-0.150182,0.624011,0.338189,0.214971,-0.134927,0.026377,0.337931,0.720425,0.44155,0.5348,-0.451822,0.883844,-0.120873,-0.526939,-0.155125,0.835545,-0.052918,0.000496,-0.010927,0.042393,-0.053819,0.069772,0.497435,0.023098,0.031652,-0.015864,-0.683418,-0.458042,0.568451,0.470223,-0.871822,-0.137167,0.558416,0.173557,0.811201,-0.032925,-0.000747,-0.00554,0.039536,-0.022112,0.015458,0.486318,0.066242,0.03156,-0.076574,0.038514,0.649544,-0.759347,-0.716997,-0.511335,-0.473762,-0.69601,0.562697,0.446027,-0.083788,0.003894,0.024653,-0.213876,0.738109,0.635,0.0684
259,0.050317,0.015385,0.336137,0.092032,0.620614,-0.778726,-0.757855,-0.463556,-0.459069,-0.64601,0.631637,0.428641,-0.150972,0.012696,0.053985,-0.140847,0.245289,0.148389,0.240934,-0.137232,0.026278,0.33764,0.721766,0.443447,0.531413,-0.452997,0.883158,-0.12149,-0.524085,-0.153613,0.837617,-0.051819,-0.007892,-0.000888,0.016378,0.005074,-0.154613,0.490826,0.021945,0.031606,-0.016013,-0.685042,-0.460007,0.564898,0.471221,-0.871158,-0.137958,0.555578,0.171685,0.813545,-0.032405,-0.004729,-0.000362,0.023253,-0.078061,-0.014194,0.480603,0.063139,0.03189,-0.075625,0.050005,0.661024,-0.748696,-0.738076,-0.480573,-0.473595,-0.672861,0.576277,0.463855,-0.074695,0.011814,0.022956,-0.11138,0.252246,0.151476,0.110202
260,0.047386,0.015641,0.337212,0.097133,0.624042,-0.775359,-0.764846,-0.451622,-0.45937,-0.636964,0.636873,0.434392,-0.137124,0.010408,0.052696,-0.127722,0.14175,0.088817,0.249286,-0.138338,0.026178,0.3376,0.72207,0.443995,0.530542,-0.454415,0.882636,-0.119975,-0.522433,-0.155029,0.838387,-0.064997,-0.00787,0.00038,-0.009997,0.075107,-0.146708,0.488565,0.021397,0.031556,-0.016033,-0.68536,-0.460488,0.56412,0.472711,-0.870602,-0.136362,0.553918,0.173209,0.814354,-0.026011,-0.003031,0.000281,0.005245,-0.033136,0.052611,0.477827,0.06167,0.032024,-0.075082,0.054931,0.664675,-0.745109,-0.74566,-0.468986,-0.473331,-0.664057,0.581599,0.46986,-0.068308,0.005819,0.027037,-0.126478,0.202606,-0.071312,0.125062
261,0.042424,0.015668,0.339531,0.101673,0.634185,-0.766497,-0.775276,-0.432237,-0.460532,-0.623505,0.640281,0.448674,-0.124505,-0.001314,0.060976,-0.132915,0.543707,-0.05431,0.274589,-0.140409,0.025963,0.33764,0.719912,0.450933,0.527614,-0.458903,0.879561,-0.125356,-0.521483,-0.15246,0.839449,-0.052106,-0.005225,0.001067,-0.00599,0.055749,-0.120401,0.485507,0.020376,0.031453,-0.016011,-0.683309,-0.467368,0.560941,0.476754,-0.867488,-0.142021,0.552986,0.170386,0.815581,-0.019572,-0.001679,0.000651,-0.017137,0.066288,-0.077738,0.473092,0.059228,0.032048,-0.073943,0.059516,0.673583,-0.73671,-0.757042,-0.450587,-0.473136,-0.650649,0.58588,0.483114,-0.062912,-0.005596,0.035238,0.30066,0.361721,0.877226,0.153801
262,0.0381,0.015224,0.342082,0.115539,0.65682,-0.745174,-0.777562,-0.406953,-0.479333,-0.618238,0.633982,0.464625,-0.10059,-0.028571,0.0749,-0.278321,1.108672,0.517497,0.276662,-0.142155,0.02585,0.337712,0.720556,0.454088,0.524017,-0.46286,0.877693,-0.123886,-0.517069,-0.153865,0.841919,-0.03919,-0.002662,0.001723,-0.005763,0.044621,-0.088365,0.483795,0.019479,0.031396,-0.015974,-0.68382,-0.470633,0.557579,0.480896,-0.865415,-0.140692,0.548752,0.17193,0.818114,-0.019618,-0.001128,0.00105,-0.006545,0.059833,-0.084854,0.469826,0.057053,0.031842,-0.072674,0.072952,0.694209,-0.716065,-0.760699,-0.425596,-0.490106,-0.644991,0.580465,0.497036,-0.056187,-0.006965,0.03441,-0.076445,0.76062,0.508458,0.174375
263,0.036279,0.014736,0.343414,0.123499,0.669648,-0.732369,-0.781501,-0.389126,-0.487657,-0.611704,0.631739,0.476184,-0.085588,-0.021734,0.064036,-0.264585,1.087125,0.777144,0.275817,-0.142972,0.025831,0.337739,0.720716,0.454705,0.523262,-0.464405,0.877098,-0.122313,-0.515456,-0.155439,0.842619,-0.039232,-0.002108,0.002129,-0.006129,0.045604,-0.087744,0.482739,0.019085,0.031386,-0.015961,-0.684014,-0.471147,0.556906,0.482429,-0.864818,-0.139105,0.547162,0.173517,0.818844,-0.019657,-0.000655,0.0014,-0.001134,0.034638,-0.064468,0.46803,0.056101,0.031591,-0.071977,0.080044,0.70715,-0.702517,-0.76581,-0.407515,-0.497459,-0.638065,0.577814,0.508923,-0.05045,-0.014261,0.03749,-0.273883,0.852131,0.33234,0.177151
264,0.03322,0.013232,0.346382,0.134955,0.700383,-0.700925,-0.786592,-0.354379,-0.505629,-0.602703,0.618707,0.503961,-0.074344,-0.043685,0.082008,-0.326293,0.900174,0.90681,0.274494,-0.144278,0.025868,0.337793,0.720165,0.456088,0.522817,-0.466608,0.87607,-0.121295,-0.514232,-0.157187,0.843043,-0.040564,0.00978,-0.005331,0.030354,0.036698,-0.068753,0.480734,0.018402,0.031404,-0.015932,-0.683325,-0.472611,0.55651,0.484726,-0.863666,-0.138278,0.545991,0.175266,0.819252,-0.020288,0.004926,-0.002616,0.030877,0.03705,-0.068841,0.464111,0.054538,0.030827,-0.070472,0.089919,0.738556,-0.668169,-0.773032,-0.371248,-0.514388,-0.627961,0.562769,0.537545,-0.037173,-0.021768,0.041126,-0.347011,1.010024,0.976959,0.176988
265,0.030949,0.011315,0.349577,0.145669,0.729499,-0.668324,-0.786636,-0.324206,-0.525418,-0.600157,0.601357,0.527454,-0.048437,-0.060485,0.087891,-0.321212,0.498289,0.680218,0.273174,-0.145299,0.02593,0.33785,0.718394,0.45798,0.5236,-0.468319,0.87498,-0.122557,-0.515153,-0.157758,0.842373,-0.026155,-0.001042,0.001659,-0.004089,0.030411,-0.058491,0.480729,0.017901,0.031438,-0.015902,-0.681503,-0.474413,0.557211,0.486311,-0.862561,-0.139602,0.546858,0.175839,0.81855,-0.006584,0.000243,0.000819,-0.002008,0.015194,-0.02914,0.462804,0.053421,0.029892,-0.068905,0.098978,0.76742,-0.633457,-0.774723,-0.340083,-0.533054,-0.624505,0.543515,0.560877,-0.023184,-0.024571,0.039991,-0.291623,0.439383,0.928378,0.174212
266,0.030117,0.010231,0.351196,0.152142,0.742603,-0.652257,-0.786541,-0.308591,-0.534879,-0.598681,0.593481,0.537949,-0.034812,-0.064178,0.085993,-0.339141,0.610473,0.776711,0.273981,-0.145734,0.025947,0.337867,0.717486,0.458932,0.524011,-0.469191,0.874425,-0.123182,-0.515624,-0.158071,0.842026,-0.026119,-0.001393,0.001385,-0.004089,0.030411,-0.058491,0.479547,0.017683,0.031447,-0.015893,-0.680553,-0.475336,0.557585,0.487137,-0.861987,-0.140268,0.547306,0.176161,0.818182,-0.007203,0.005657,-0.003305,0.034476,0.006165,-0.010235,0.461988,0.053001,0.029353,-0.068094,0.105062,0.779259,-0.617831,-0.775514,-0.324708,-0.541425,-0.622526,0.536021,0.570212,-0.016381,-0.026437,0.039,-0.344153,0.796664,0.947892,0.174539
267,0.029081,0.007793,0.354411,0.172559,0.756799,-0.630495,-0.781662,-0.284209,-0.555159,-0.59956,0.58769,0.543302,-0.008081,-0.072928,0.08099,-0.114089,0.233979,0.594877,0.277171,-0.146286,0.025948,0.33787,0.718395,0.460932,0.521001,-0.471027,0.873457,-0.123044,-0.512672,-0.157605,0.843914,5.7e-05,-0.000679,-0.000517,0.001719,-0.004174,-0.002809,0.478615,0.017398,0.031449,-0.015889,-0.681561,-0.477528,0.554473,0.489003,-0.860914,-0.140361,0.54438,0.175475,0.820279,-0.007095,0.004465,-0.004219,0.027144,0.021186,-0.003746,0.459865,0.052475,0.028141,-0.066481,0.12471,0.793701,-0.595386,-0.772184,-0.299169,-0.560561,-0.62304,0.529656,0.575573,-0.009766,-0.028705,0.037691,0.401158,0.059754,1.213641,0.177805
268,0.028796,0.005348,0.357366,0.189847,0.763015,-0.617908,-0.776807,-0.268088,-0.569799,-0.600664,0.587221,0.542587,-0.005066,-0.060005,0.074541,-0.243729,0.534897,0.455451,0.276618,-0.146488,0.025982,0.337816,0.718124,0.461217,0.521123,-0.471192,0.87332,-0.123389,-0.5129,-0.157535,0.843789,2.3e-05,-0.00028,-0.000213,0.0,-1e-06,-1e-06,0.477023,0.017297,0.031462,-0.015919,-0.681221,-0.477693,0.554748,0.489132,-0.860803,-0.140591,0.544689,0.175571,0.820053,-0.000617,0.005451,-0.004085,0.036362,-0.008679,0.019215,0.458885,0.05233,0.02691,-0.065003,0.142404,0.798677,-0.584666,-0.768192,-0.283312,-0.57412,-0.62418,0.530894,0.573193,-0.002694,-0.030231,0.037069,-0.027063,-0.033681,0.252293,0.179764
269,0.028824,0.003126,0.360181,0.203179,0.769449,-0.605566,-0.769164,-0.257213,-0.584978,-0.606132,0.583678,0.540324,0.0114,-0.051492,0.065372,0.420219,-0.010434,0.547943,0.274447,-0.146385,0.02603,0.337768,0.718585,0.462908,0.518983,-0.471717,0.872789,-0.125124,-0.511769,-0.155498,0.844853,2.5e-05,-0.000299,-0.000228,0.00202,-0.00491,-0.003307,0.475588,0.017348,0.031485,-0.015943,-0.681784,-0.479532,0.552466,0.489586,-0.860234,-0.142483,0.543576,0.173338,0.821266,0.00652,0.000454,-0.000264,-0.019503,0.106672,-0.131038,0.456926,0.052337,0.025815,-0.063623,0.153362,0.80692,-0.570402,-0.762941,-0.27016,-0.587311,-0.628013,0.525254,0.574201,0.005577,-0.025898,0.032545,-0.214833,0.169992,0.023891,0.179111
270,0.028928,0.002203,0.361433,0.204781,0.77612,-0.596446,-0.767641,-0.250653,-0.589807,-0.607525,0.577672,0.545193,-0.001467,-0.04595,0.069044,-0.256851,0.554299,0.208589,0.272713,-0.146247,0.026028,0.337766,0.718686,0.462787,0.51895,-0.471619,0.872855,-0.125031,-0.511717,-0.155485,0.844887,0.013014,0.001203,-0.000303,0.002074,-0.015277,0.029197,0.475055,0.017413,0.031483,-0.015945,-0.681825,-0.47933,0.552591,0.489498,-0.860318,-0.142283,0.543605,0.173481,0.821217,0.006508,0.000609,-0.000147,0.000481,-0.011872,0.031109,0.456273,0.052392,0.025313,-0.062943,0.156827,0.812743,-0.561118,-0.760329,-0.263247,-0.593801,-0.63032,0.519758,0.576668,-0.000713,-0.022855,0.03463,-0.293231,0.648097,0.266118,0.176825
271,0.0293,0.00063,0.363891,0.205937,0.790752,-0.576494,-0.765831,-0.236436,-0.597973,-0.609417,0.563658,0.557608,0.015277,-0.036836,0.060259,-0.249319,0.614551,0.517717,0.268822,-0.145926,0.026072,0.337781,0.719153,0.462279,0.518756,-0.471151,0.873153,-0.124715,-0.511492,-0.15532,0.845053,0.012967,0.001761,0.00012,0.002045,-0.015205,0.029245,0.472648,0.017573,0.031505,-0.015937,-0.682307,-0.478813,0.552443,0.489045,-0.860634,-0.141923,0.543407,0.173335,0.821378,-2.5e-05,0.000304,0.000227,5.4e-05,3.9e-05,0.000148,0.454476,0.052572,0.024539,-0.061738,0.157529,0.826038,-0.541151,-0.759359,-0.249004,-0.601141,-0.631314,0.505626,0.588034,0.007831,-0.017967,0.030531,-0.253982,0.742704,0.338223,0.172579
272,0.029788,-0.000449,0.366225,0.205739,0.804587,-0.557097,-0.765079,-0.222645,-0.604198,-0.610428,0.549529,0.570457,0.018866,-0.022585,0.054614,-0.173052,0.334735,0.204492,0.270358,-0.145593,0.026098,0.33777,0.719188,0.462188,0.518789,-0.471078,0.8732,-0.124662,-0.51151,-0.155331,0.84504,0.013007,0.001291,-0.000241,0.002045,-0.015205,0.029245,0.46921,0.017739,0.031519,-0.015942,-0.682345,-0.478718,0.552478,0.488972,-0.860685,-0.141866,0.543424,0.173345,0.821364,0.006505,0.000644,-0.000127,0.002104,-0.015219,0.029327,0.452517,0.052814,0.023994,-0.060569,0.156455,0.840108,-0.519364,-0.759439,-0.233875,-0.607086,-0.631485,0.489407,0.60142,0.002656,-0.009101,0.028605,-0.172281,0.365242,0.172017,0.171273
273,0.030045,-0.000842,0.367361,0.203298,0.812067,-0.547048,-0.76639,-0.215673,-0.605065,-0.609598,0.541251,0.579193,0.019307,-0.021665,0.055358,-0.189487,0.450659,0.262423,0.270128,-0.145437,0.026107,0.337761,0.719332,0.462021,0.518739,-0.470923,0.873298,-0.124565,-0.511451,-0.155278,0.845086,0.013008,0.001273,-0.000256,0.002045,-0.015205,0.029245,0.468304,0.017818,0.031523,-0.015946,-0.682497,-0.478554,0.552433,0.488822,-0.860787,-0.141762,0.543369,0.17329,0.821413,0.006503,0.000641,-0.000131,0.002099,-0.015217,0.029306,0.450558,0.052943,0.023799,-0.06,0.153865,0.84661,-0.509486,-0.761126,-0.227255,-0.607488,-0.630089,0.481254,0.60941,0.002905,-0.0086,0.029013,-0.213711,0.655742,0.111336,0.171273
274,0.030338,-0.001298,0.369485,0.199062,0.823188,-0.531772,-0.768824,-0.205237,-0.605607,-0.607924,0.528368,0.592691,0.006731,-0.015452,0.059415,-0.17045,0.325622,0.160373,0.268317,-0.145191,0.026111,0.337741,0.719592,0.461725,0.518641,-0.470646,0.873471,-0.124394,-0.51134,-0.155178,0.845171,0.013042,0.000899,-0.000542,0.002045,-0.015205,0.029245,0.466581,0.017941,0.031525,-0.015956,-0.68277,-0.478265,0.552346,0.488556,-0.860969,-0.141578,0.543265,0.173187,0.821503,2.3e-05,-0.000254,-0.000198,4.4e-05,-6e-06,4.2e-05,0.448598,0.053095,0.02357,-0.058938,0.1491,0.856998,-0.493277,-0.764094,-0.216784,-0.607588,-0.627637,0.467502,0.622504,0.004146,-0.002534,0.025173,-0.137402,0.330722,0.182742,0.170293
275,0.030485,-0.001482,0.371642,0.194444,0.830774,-0.521585,-0.771486,-0.198807,-0.604365,-0.606036,0.518877,0.602921,-0.003868,0.001742,0.05486,-0.12777,0.244584,0.138827,0.259086,-0.14509,0.026079,0.337707,0.719567,0.461733,0.518669,-0.470658,0.873464,-0.124398,-0.511364,-0.155199,0.845153,0.000102,-0.001173,-0.000894,0.0,-0.0,-0.0,0.465598,0.017996,0.031511,-0.015973,-0.682761,-0.478253,0.552367,0.488551,-0.860973,-0.141572,0.543281,0.173199,0.82149,6.5e-05,-0.000742,-0.000567,2.6e-05,-2e-06,3.1e-05,0.446312,0.053174,0.023469,-0.05788,0.144408,0.863484,-0.483259,-0.766987,-0.210893,-0.606014,-0.6252,0.458167,0.631827,-0.002068,0.000675,0.027259,-0.150121,0.374943,0.179973,0.163435
276,0.03031,-0.001375,0.373715,0.198558,0.831138,-0.519451,-0.776814,-0.189644,-0.600472,-0.597841,0.521712,0.608629,-0.00427,0.000923,0.053901,-0.106493,0.138001,-0.168431,0.25889,-0.145056,0.026033,0.337669,0.719514,0.461779,0.518701,-0.470706,0.873435,-0.124425,-0.511395,-0.155225,0.845129,7e-05,-0.000805,-0.000614,0.0,-0.0,-0.0,0.464321,0.018013,0.031486,-0.015993,-0.682706,-0.478297,0.552397,0.488595,-0.860943,-0.141602,0.54331,0.173226,0.821465,-0.006463,-0.001128,-0.000246,-0.002034,0.015203,-0.029218,0.445169,0.053087,0.023529,-0.056818,0.148379,0.86424,-0.480699,-0.77278,-0.201982,-0.601675,-0.617085,0.460751,0.637897,-0.002079,0.000637,0.027109,-0.099779,0.110543,-0.186602,0.15723
277,0.030193,-0.001311,0.37476,0.205382,0.829332,-0.519683,-0.780641,-0.181373,-0.598059,-0.59051,0.527486,0.610806,-0.004896,-0.000328,0.052703,-0.099132,0.039618,0.005786,0.265672,-0.145074,0.026011,0.337642,0.719434,0.461859,0.518741,-0.47077,0.87339,-0.124494,-0.511448,-0.155239,0.845094,9.8e-05,-0.001127,-0.00086,0.0,-0.0,-0.0,0.463258,0.018004,0.031476,-0.016006,-0.682622,-0.478374,0.552434,0.488654,-0.860897,-0.141673,0.543362,0.17324,0.821428,6e-05,-0.000684,-0.000522,1.7e-05,1.7e-05,2e-05,0.444189,0.053032,0.023563,-0.056313,0.155372,0.862654,-0.481338,-0.776962,-0.194202,-0.598844,-0.610072,0.467025,0.640076,-0.001749,0.004861,0.021665,-0.077644,0.09191,-0.153667,0.159189
278,0.029972,-0.00139,0.37661,0.211806,0.828014,-0.519207,-0.783943,-0.173222,-0.596154,-0.583833,0.532268,0.613071,-0.007314,-0.005123,0.048431,-0.105382,0.126558,-0.17405,0.265166,-0.145138,0.025948,0.337601,0.719205,0.462093,0.51885,-0.470996,0.873249,-0.12463,-0.511562,-0.155338,0.845008,7.1e-05,-0.000821,-0.000627,0.0,-0.0,-0.0,0.457862,0.017972,0.031444,-0.016027,-0.682383,-0.478601,0.552533,0.488869,-0.860751,-0.141819,0.543469,0.173342,0.821336,4.9e-05,-0.000565,-0.00043,-4e-06,-3e-06,1.4e-05,0.44027,0.052922,0.02353,-0.055364,0.161951,0.861631,-0.481001,-0.780693,-0.18626,-0.596509,-0.603563,0.472121,0.642505,-0.004013,-0.003202,0.023674,-0.103599,0.052935,-0.023021,0.165394
279,0.029679,-0.001663,0.378304,0.219908,0.829944,-0.512717,-0.783505,-0.162786,-0.599661,-0.58143,0.532554,0.615104,-0.009655,-0.009752,0.044403,-0.168194,0.677803,0.060767,0.257596,-0.145193,0.025901,0.33757,0.719021,0.462282,0.518937,-0.471179,0.873135,-0.124739,-0.511652,-0.155418,0.844938,6.4e-05,-0.000735,-0.000561,0.0,-0.0,-0.0,0.454366,0.017945,0.03142,-0.016043,-0.682191,-0.478784,0.552613,0.489043,-0.860633,-0.141937,0.543554,0.173423,0.821262,3.8e-05,-0.000423,-0.000322,5e-06,-6e-06,3e-06,0.433575,0.052777,0.023396,-0.054515,0.170688,0.862323,-0.476721,-0.780856,-0.176696,-0.5992,-0.600939,0.474527,0.643191,-0.005033,-0.005225,0.021909,-0.096698,0.040587,-0.033523,0.157883
280,0.029501,-0.001915,0.37916,0.225811,0.830797,-0.508755,-0.782175,-0.156619,-0.60303,-0.580965,0.533074,0.615094,-0.010813,-0.012036,0.042445,2.182038,-0.243202,1.483971,0.255845,-0.145202,0.025893,0.337565,0.718991,0.462313,0.518951,-0.471209,0.873116,-0.124757,-0.511667,-0.155431,0.844926,2.1e-05,-0.000244,-0.000186,0.0,-0.0,-0.0,0.453372,0.01794,0.031415,-0.016046,-0.682159,-0.478814,0.552626,0.489072,-0.860613,-0.141957,0.543569,0.173437,0.82125,9e-06,-0.000108,-8.4e-05,-2e-06,-1e-06,8e-06,0.431942,0.052689,0.023271,-0.054085,0.174444,0.864723,-0.470979,-0.78168,-0.169253,-0.600274,-0.598786,0.47287,0.646412,-0.005326,-0.005803,0.021408,-0.117099,0.194229,0.039081,0.15527
281,0.029144,-0.002485,0.380739,0.229828,0.836799,-0.496983,-0.781442,-0.145649,-0.606717,-0.580379,0.526764,0.621052,-0.010211,-0.003719,0.031534,-0.083098,0.184097,0.065815,0.241679,-0.145192,0.025899,0.337581,0.719025,0.462279,0.518933,-0.471189,0.873132,-0.124715,-0.511637,-0.155439,0.844944,-1.1e-05,0.000126,9.6e-05,0.0,0.0,0.0,0.452317,0.017945,0.03142,-0.016037,-0.682195,-0.478781,0.552609,0.489054,-0.86063,-0.141914,0.543539,0.173443,0.821268,-7e-06,8.7e-05,6.7e-05,9e-06,9e-06,-2e-06,0.429983,0.052507,0.022978,-0.053296,0.179706,0.87058,-0.458034,-0.779846,-0.157734,-0.60577,-0.599619,0.466057,0.650573,-0.006142,-0.007411,0.020039,-0.111162,0.202984,0.00489,0.143187
282,0.02851,-0.002838,0.3823,0.2402,0.843027,-0.481305,-0.783766,-0.124041,-0.60852,-0.573008,0.522349,0.631539,-0.023332,0.001082,0.034428,-0.351397,0.155208,0.439814,0.239939,-0.145146,0.025937,0.337618,0.719183,0.462119,0.518857,-0.471048,0.873225,-0.1246,-0.511545,-0.155392,0.845007,-0.000162,0.001868,0.001426,0.001986,-0.015487,0.02422,0.450833,0.017968,0.031436,-0.016021,-0.682345,-0.47864,0.552547,0.488934,-0.860717,-0.141801,0.543459,0.173402,0.82133,-2.9e-05,0.000338,0.000258,1.9e-05,1.5e-05,-3e-06,0.42835,0.052198,0.022802,-0.052535,0.188799,0.876168,-0.443491,-0.782997,-0.138253,-0.606466,-0.59268,0.461752,0.659934,-0.011768,0.000293,0.017057,-2.81015,-2.631231,3.780788,0.1329
283,0.027775,-0.002796,0.383602,0.245666,0.8471,-0.471291,-0.78644,-0.110001,-0.60777,-0.566998,0.518897,0.639755,-0.021292,0.012134,0.025771,-0.053702,0.215001,0.067324,0.238377,-0.145139,0.025966,0.337639,0.719257,0.462046,0.51882,-0.470976,0.87327,-0.124557,-0.511507,-0.155359,0.845037,-8.1e-05,0.000932,0.000711,0.0,0.0,0.0,0.449814,0.017972,0.031453,-0.016008,-0.682438,-0.478554,0.552506,0.488852,-0.860773,-0.141746,0.543416,0.173361,0.821367,-5.1e-05,0.000584,0.000446,9e-06,2e-06,-2e-06,0.42688,0.051824,0.022812,-0.051866,0.195295,0.880335,-0.432284,-0.786724,-0.122561,-0.605015,-0.585597,0.458244,0.668645,-0.011529,0.000834,0.017444,-0.088418,0.269083,0.033161,0.13143
284,0.027283,-0.002679,0.384215,0.253191,0.847598,-0.466387,-0.788262,-0.098666,-0.607355,-0.561132,0.520359,0.643727,-0.022283,0.010159,0.024094,-0.067915,0.334661,0.094515,0.23883,-0.145139,0.025966,0.337639,0.719257,0.462046,0.51882,-0.470976,0.87327,-0.124557,-0.511507,-0.155359,0.845037,-1e-06,1.4e-05,1e-05,0.0,0.0,0.0,0.449211,0.017971,0.031455,-0.016007,-0.682438,-0.478554,0.552506,0.488852,-0.860773,-0.141746,0.543416,0.173361,0.821367,2e-06,-2.4e-05,-1.8e-05,5e-06,1e-05,5e-06,0.426064,0.05159,0.022875,-0.051569,0.203111,0.880443,-0.428444,-0.789116,-0.111864,-0.603971,-0.57969,0.460766,0.672051,-0.010958,0.005488,0.012397,-0.120514,0.513603,0.271762,0.130287
285,0.026324,-0.002459,0.38518,0.261007,0.848207,-0.46094,-0.788698,-0.087888,-0.608443,-0.55693,0.521296,0.646612,-0.024693,0.005436,0.020131,-0.039048,0.084902,-0.057521,0.237604,-0.145156,0.025943,0.337624,0.719181,0.462122,0.518857,-0.47105,0.873224,-0.124602,-0.511545,-0.155392,0.845008,9.1e-05,-0.00105,-0.000801,0.0,0.0,0.0,0.447139,0.017963,0.031444,-0.016013,-0.682358,-0.478629,0.552539,0.488924,-0.860724,-0.141794,0.543451,0.173395,0.821336,6.2e-05,-0.000704,-0.000536,-3e-06,-4e-06,1.3e-05,0.423941,0.051114,0.02299,-0.051076,0.210662,0.881845,-0.421864,-0.790079,-0.100542,-0.604704,-0.57567,0.460695,0.675546,-0.012247,0.002945,0.010266,-0.031043,0.047197,-0.054139,0.130777
286,0.02546,-0.002177,0.38583,0.268764,0.847165,-0.458391,-0.789,-0.079275,-0.609234,-0.552803,0.524358,0.647676,-0.024552,0.005677,0.020303,-0.034484,0.040976,-0.046175,0.219668,-0.145225,0.025938,0.337614,0.719064,0.462247,0.518909,-0.471156,0.873153,-0.124697,-0.511613,-0.155418,0.844962,-0.00128,0.011201,-0.007951,0.036491,-0.009005,0.018936,0.445415,0.017928,0.031439,-0.01602,-0.682235,-0.47875,0.552586,0.489023,-0.860652,-0.141894,0.543516,0.173423,0.821287,-0.000642,0.00561,-0.003967,0.036497,-0.009013,0.018941,0.421982,0.050669,0.023127,-0.050748,0.21844,0.880981,-0.419709,-0.790855,-0.092148,-0.605026,-0.571692,0.464091,0.676599,-0.011737,0.007451,0.005101,-0.009264,0.087151,-0.225464,0.11755
287,0.02503,-0.001955,0.386056,0.271739,0.845932,-0.458914,-0.790096,-0.076091,-0.608219,-0.549777,0.526812,0.64826,-0.023804,0.014186,0.009569,-0.000786,0.0174,-0.032846,0.209991,-0.145243,0.025922,0.337604,0.719003,0.46231,0.518938,-0.471217,0.873115,-0.124733,-0.511643,-0.155445,0.844939,0.000105,-0.001208,-0.000922,0.0,0.0,0.0,0.444086,0.017919,0.031434,-0.016023,-0.682186,-0.478798,0.552606,0.489068,-0.860621,-0.141924,0.543538,0.173443,0.821269,-0.0,2e-06,0.0,1e-06,3e-06,9e-06,0.420512,0.050459,0.023232,-0.050632,0.221486,0.879862,-0.420458,-0.792141,-0.089129,-0.603794,-0.568731,0.466794,0.677234,-0.011931,0.007061,0.004771,-0.00944,0.09683,-0.21444,0.105303
288,0.024385,-0.001471,0.386185,0.27242,0.844965,-0.460291,-0.79157,-0.07508,-0.606426,-0.547315,0.528505,0.648966,-0.010961,0.015951,-0.005652,0.023968,0.07644,-0.195803,0.167042,-0.145253,0.025921,0.337604,0.718987,0.462327,0.518944,-0.471233,0.873105,-0.124743,-0.511651,-0.155452,0.844933,0.0,-0.0,-0.0,0.0,0.0,0.0,0.442221,0.017914,0.031431,-0.016026,-0.682155,-0.478828,0.552619,0.489096,-0.860602,-0.141944,0.543552,0.173456,0.821257,-0.0,1.1e-05,8e-06,-4e-06,-2e-06,6e-06,0.417899,0.050128,0.02348,-0.050558,0.222325,0.878973,-0.421873,-0.793637,-0.08818,-0.601966,-0.566313,0.468646,0.677981,-0.0062,0.003069,0.002008,-0.000902,0.014631,-0.029533,0.06693
289,0.023954,-0.001102,0.38604,0.272853,0.843957,-0.46188,-0.792942,-0.074517,-0.6047,-0.545106,0.53019,0.64945,-0.012929,0.012192,-0.008758,0.024001,0.07653,-0.195764,0.122102,-0.145225,0.025938,0.337614,0.719064,0.462247,0.518909,-0.471156,0.873153,-0.124697,-0.511613,-0.155418,0.844962,-1.5e-05,0.000171,0.000131,0.0,0.0,0.0,0.440636,0.017928,0.03144,-0.01602,-0.682236,-0.47875,0.552586,0.489022,-0.860652,-0.141894,0.543517,0.173422,0.821287,-7e-06,8.5e-05,6.5e-05,-3e-06,-6e-06,-2e-06,0.415613,0.049914,0.023668,-0.050627,0.222807,0.878062,-0.423512,-0.795018,-0.087759,-0.600203,-0.564183,0.47043,0.678521,-0.000795,-0.00151,-0.001241,-0.001175,0.0121,-0.026269,0.00292
290,0.024104,-0.001093,0.385638,0.278677,0.842214,-0.461584,-0.789978,-0.072227,-0.608843,-0.54647,0.533265,0.645775,0.011085,-0.008619,-0.00604,0.000984,-0.014715,0.029553,0.052948,-0.145177,0.025948,0.33763,0.719064,0.46224,0.518915,-0.471165,0.873152,-0.12467,-0.511605,-0.155445,0.844962,0.012905,0.002546,0.000714,0.002045,-0.015205,0.029245,0.4368,0.017948,0.031442,-0.016014,-0.682219,-0.47876,0.552599,0.489048,-0.86064,-0.141879,0.543515,0.173455,0.821281,-6.2e-05,0.000714,0.000544,0.001985,-0.015495,0.024219,0.412511,0.049982,0.023673,-0.050835,0.228594,0.876629,-0.423397,-0.792227,-0.085253,-0.604241,-0.565791,0.473553,0.675001,0.005474,-0.004449,-0.003137,-0.002469,-0.014062,0.027572,-0.073336
291,0.024277,-0.001135,0.385433,0.279657,0.842069,-0.461255,-0.788133,-0.072954,-0.611143,-0.548631,0.533395,0.643833,0.012883,0.001885,-0.015106,0.034423,-0.035881,0.043897,0.006625,-0.145177,0.025955,0.337635,0.719078,0.462226,0.518908,-0.471151,0.873161,-0.124662,-0.511598,-0.155438,0.844968,-1.6e-05,0.000187,0.000142,0.0,0.0,0.0,0.434462,0.017952,0.031449,-0.016009,-0.682251,-0.478729,0.552586,0.489019,-0.860659,-0.141859,0.543501,0.173442,0.821294,-9e-06,9.9e-05,7.6e-05,3e-06,-2e-06,-3e-06,0.409572,0.050062,0.023648,-0.050934,0.229538,0.876531,-0.423088,-0.790394,-0.085795,-0.60656,-0.567968,0.473636,0.673112,0.005577,-0.004256,-0.002979,-0.004053,-0.00196,0.001306,-0.124773
292,0.024849,-0.001185,0.385051,0.283697,0.841514,-0.459799,-0.782383,-0.074041,-0.618358,-0.554762,0.53412,0.637951,0.014536,0.005049,-0.012492,0.034435,-0.035854,0.043911,-0.113173,-0.1452,0.02599,0.337651,0.720575,0.461388,0.517575,-0.471333,0.873413,-0.122178,-0.509316,-0.156507,0.846148,-6.9e-05,0.000797,0.000608,-0.0,-0.0,0.0,0.430119,0.017946,0.031465,-0.016003,-0.683856,-0.477916,0.551304,0.489303,-0.860906,-0.139358,0.541223,0.174454,0.822582,-5.2e-05,0.000601,0.000458,0.001528,0.001154,-0.000839,0.40402,0.050345,0.023617,-0.051129,0.233616,0.876124,-0.421697,-0.784669,-0.086246,-0.613885,-0.57421,0.474306,0.667319,0.013926,0.000328,-0.007529,0.029845,-0.049652,0.070577,-0.227973
293,0.025459,-0.00096,0.384668,0.283749,0.844224,-0.45477,-0.779645,-0.072922,-0.621938,-0.558579,0.529985,0.638068,0.01604,0.007967,-0.01008,0.026821,0.111619,-0.071113,-0.209531,-0.145261,0.026002,0.337629,0.720494,0.461472,0.517612,-0.471374,0.873375,-0.122294,-0.509393,-0.156472,0.846108,1.7e-05,-0.000198,-0.000151,0.0,0.0,0.0,0.429126,0.01791,0.031472,-0.016012,-0.683744,-0.47802,0.551352,0.489352,-0.860856,-0.139502,0.54132,0.174421,0.822526,1e-05,-0.000118,-8.9e-05,1.3e-05,1.3e-05,-1.5e-05,0.400427,0.05065,0.023728,-0.051322,0.233759,0.878705,-0.416212,-0.781991,-0.084475,-0.617538,-0.577794,0.46983,0.667393,0.007821,0.003585,-0.005379,0.046713,0.030794,0.076757,-0.313374
294,0.025831,-0.000773,0.384369,0.28586,0.843783,-0.454268,-0.777156,-0.073142,-0.62502,-0.560971,0.530657,0.635406,0.016778,0.016507,-0.020765,0.132538,-0.066921,0.094132,-0.267146,-0.145321,0.026008,0.337601,0.721757,0.460864,0.516394,-0.471747,0.873494,-0.119986,-0.507253,-0.157601,0.847183,4.1e-05,-0.000478,-0.000365,-0.0,-0.0,0.0,0.428094,0.01788,0.031475,-0.016026,-0.685093,-0.477444,0.550176,0.489832,-0.860954,-0.137187,0.539176,0.175508,0.823702,3.2e-05,-0.000367,-0.000279,0.002431,0.001853,-0.001336,0.399611,0.050837,0.023823,-0.051464,0.235635,0.87832,-0.415968,-0.779612,-0.084714,-0.620506,-0.580241,0.470507,0.664787,0.00777,0.0035,-0.005451,0.269571,-0.085706,0.161924,-0.351094
295,0.026753,-9.8e-05,0.383351,0.288729,0.842788,-0.4543,-0.77339,-0.074331,-0.629535,-0.564701,0.532069,0.630906,0.031247,0.021612,-0.033212,0.094461,-0.008592,-0.077799,-0.422652,-0.145506,0.026068,0.33754,0.722908,0.460373,0.51522,-0.472132,0.87357,-0.117901,-0.50525,-0.158614,0.848191,-0.01301,-0.001307,0.000229,-0.002048,0.015203,-0.029243,0.42552,0.017793,0.031504,-0.016057,-0.686336,-0.476967,0.549039,0.490296,-0.861022,-0.135094,0.53717,0.176472,0.824806,-1e-06,1.1e-05,1.2e-05,0.003921,0.002978,-0.002156,0.396672,0.051304,0.024166,-0.051981,0.238616,0.877404,-0.416201,-0.77581,-0.085551,-0.625139,-0.584107,0.472061,0.660285,0.015652,0.010829,-0.016598,0.093664,-0.008861,-0.078137,-0.456253
296,0.027731,0.00096,0.381973,0.289262,0.838976,-0.460968,-0.771937,-0.08026,-0.630589,-0.566415,0.537201,0.624992,0.030845,0.020987,-0.033715,0.128884,-0.407898,-0.268164,-0.489054,-0.145814,0.02618,0.337468,0.723958,0.459992,0.514085,-0.47255,0.8736,-0.115989,-0.503351,-0.159553,0.849143,-6e-06,6.5e-05,5e-05,-0.0,-0.0,0.0,0.421795,0.017634,0.03156,-0.016093,-0.687412,-0.476646,0.547971,0.49081,-0.861018,-0.133241,0.535321,0.177358,0.825817,-0.0,2.5e-05,2.4e-05,0.00126,0.00097,-0.000712,0.392426,0.051794,0.024697,-0.052668,0.238915,0.874525,-0.422047,-0.773986,-0.090966,-0.626633,-0.586399,0.476372,0.655137,0.015425,0.010457,-0.016908,0.156069,-0.53216,-0.361206,-0.535285
297,0.029343,0.002048,0.38019,0.291012,0.833162,-0.470317,-0.771528,-0.086253,-0.630299,-0.566078,0.545252,0.61829,0.045287,0.026332,-0.045961,-2.226948,0.24604,-1.234712,-0.555939,-0.146227,0.026343,0.337345,0.724911,0.45971,0.512994,-0.472952,0.873603,-0.114312,-0.501597,-0.160349,0.850031,-0.001273,0.011304,-0.007866,0.036495,-0.009107,0.018879,0.415297,0.017428,0.031638,-0.016152,-0.688404,-0.476409,0.54693,0.491309,-0.860988,-0.131577,0.533586,0.178134,0.826772,-0.0065,-0.000651,0.00012,-0.001724,0.015477,-0.029448,0.386384,0.052565,0.025221,-0.053526,0.242456,0.868373,-0.4326,-0.771662,-0.097644,-0.628492,-0.588006,0.486203,0.646416,0.022644,0.013105,-0.02305,0.126767,-0.096494,-0.044421,-0.584436
298,0.030118,0.002643,0.379297,0.29154,0.829469,-0.476478,-0.772298,-0.089736,-0.628868,-0.564754,0.550292,0.615027,0.034077,0.041892,-0.051824,0.210294,-0.601521,-0.317094,-0.590436,-0.146477,0.026465,0.337238,0.724593,0.460033,0.513153,-0.47303,0.873484,-0.114902,-0.501982,-0.160073,0.849855,-0.014235,0.009582,-0.007958,0.034451,0.00607,-0.010382,0.412237,0.017308,0.0317,-0.016205,-0.688086,-0.476708,0.547071,0.491342,-0.86088,-0.132164,0.533967,0.177859,0.826586,-0.007109,0.004712,-0.004032,0.034469,0.006109,-0.010407,0.382302,0.052986,0.025536,-0.054008,0.241433,0.866286,-0.437329,-0.773839,-0.100067,-0.625426,-0.585561,0.489421,0.646207,0.017094,0.020993,-0.025897,0.207757,-0.562447,-0.282131,-0.612522
299,0.0319,0.004068,0.377336,0.288757,0.820409,-0.493551,-0.781976,-0.095263,-0.615963,-0.552726,0.56279,0.614645,0.048203,0.039785,-0.052511,0.209996,-0.77559,-0.161477,-0.602821,-0.147092,0.026849,0.336905,0.724918,0.449374,0.522061,-0.4651,0.878357,-0.11002,-0.50889,-0.163635,0.845055,-0.015474,0.020827,-0.015858,-0.023557,0.227558,0.164907,0.412333,0.017006,0.031884,-0.016366,-0.688316,-0.466389,0.555608,0.484009,-0.865777,-0.127136,0.540328,0.18141,0.821666,-0.007092,0.004619,-0.004098,-0.12899,0.392243,0.241579,0.378546,0.053876,0.026247,-0.05499,0.238896,0.857525,-0.455607,-0.783144,-0.10726,-0.61252,-0.574119,0.503135,0.645941,0.024193,0.020006,-0.026195,0.251636,-0.911676,-0.251027,-0.642241
300,0.0341,0.005645,0.375209,0.272125,0.808179,-0.52234,-0.784021,-0.128438,-0.607278,-0.558224,0.573777,0.599327,0.048753,0.041449,-0.051114,0.253261,-0.968059,-0.25791,-0.608594,-0.147865,0.027415,0.33639,0.72938,0.42401,0.536854,-0.443644,0.890526,-0.100385,-0.521546,-0.165501,0.836937,-0.02823,0.017056,-0.01751,-0.074834,0.373011,0.190382,0.411285,0.016618,0.032176,-0.016623,-0.692655,-0.440601,0.571051,0.463215,-0.878614,-0.11605,0.552866,0.184137,0.812669,-0.007025,0.003941,-0.004612,-0.132012,0.414211,0.269089,0.376424,0.054935,0.027007,-0.056013,0.221891,0.846365,-0.484178,-0.783455,-0.140858,-0.605272,-0.580482,0.513637,0.631834,0.025204,0.02586,-0.03019,0.287702,-1.34572,-0.268137,-0.654161
301,0.035169,0.006451,0.37419,0.261971,0.799752,-0.540197,-0.785095,-0.148848,-0.6012,-0.561553,0.580609,0.589558,0.062249,0.038193,-0.052817,1.195443,-0.354742,-1.165236,-0.6009,-0.148308,0.027758,0.336035,0.732178,0.405847,0.546988,-0.428525,0.898696,-0.092985,-0.530216,-0.166841,0.831203,-0.015134,0.017105,-0.018672,-0.181628,0.625819,0.407174,0.409172,0.016402,0.032342,-0.016793,-0.69583,-0.423906,0.57976,0.449198,-0.886729,-0.109226,0.560392,0.184425,0.807432,-0.007563,0.0086,-0.009284,0.006164,0.24047,0.193686,0.374627,0.055488,0.027424,-0.056542,0.21338,0.837878,-0.502422,-0.783653,-0.160305,-0.600157,-0.5834,0.521787,0.6224,0.024815,0.021552,-0.024842,3.220965,2.530625,-3.367907,-0.654651
