frame,MLTx,MLTy,MLTz,MLTR1,MLTR2,MLTR3,MLTR4,MLTR5,MLTR6,MLTR7,MLTR8,MLTR9,MLTTVx,MLTTVy,MLTTVz,MLTRVx,MLTRVy,MLTRVz,MLGA,MRTx,MRTy,MRTz,MRTR1,MRTR2,MRTR3,MRTR4,MRTR5,MRTR6,MRTR7,MRTR8,MRTR9,MRTTVx,MRTTVy,MRTTVz,MRTRVx,MRTRVy,MRTRVz,MRGA,SLTx,SLTy,SLTz,SLTR1,SLTR2,SLTR3,SLTR4,SLTR5,SLTR6,SLTR7,SLTR8,SLTR9,SLTTVx,SLTTVy,SLTTVz,SLTRVx,SLTRVy,SLTRVz,SLGA,SRTx,SRTy,SRTz,SRTR1,SRTR2,SRTR3,SRTR4,SRTR5,SRTR6,SRTR7,SRTR8,SRTR9,SRTTVx,SRTTVy,SRTTVz,SRTRVx,SRTRVy,SRTRVz,SRGA
3875,0.190137,0.046105,0.39051,-0.133296,-0.250947,-0.958803,-0.15832,-0.9496,0.270493,-0.978198,0.188159,0.088044,0.011687,0.002299,0.000691,0.000285,0.276537,-0.547329,0.184567,-0.120395,0.027053,0.352596,0.639585,-0.041819,0.767576,-0.421549,0.815801,0.395852,-0.643525,-0.576696,0.50315,-0.033811,-0.032953,-0.019482,-0.012143,0.08942,-0.162023,0.54097,0.059514,0.036158,-0.000611,-0.594509,0.1072,0.79691,0.369633,-0.843715,0.389248,0.714094,0.525976,0.461972,-0.010524,-0.015445,-0.009624,-0.010166,0.074221,-0.132795,0.524038,0.109724,0.046578,-0.04554,-0.168315,-0.138403,-0.975968,-0.138169,-0.977006,0.162379,-0.976001,0.162179,0.145322,0.006063,-0.003817,0.004939,0.002218,0.509985,-0.929967,-0.121507
3876,0.190365,0.04619,0.390552,-0.145035,-0.266108,-0.952993,-0.155333,-0.94509,0.287486,-0.976992,0.190052,0.096924,0.01165,0.004967,0.001936,0.000867,0.281676,-0.545152,0.311969,-0.12103,0.02638,0.352156,0.638056,-0.040812,0.768902,-0.422862,0.815846,0.394356,-0.644179,-0.576705,0.502301,-0.035167,-0.024466,-0.029621,0.037936,-0.017771,0.029232,0.541075,0.05921,0.035834,-0.000817,-0.592989,0.106072,0.798192,0.370895,-0.84388,0.387687,0.714702,0.525941,0.461071,-0.016701,-0.018053,-0.01089,-0.014184,0.104029,-0.186806,0.524202,0.109838,0.046619,-0.04552,-0.179918,-0.154175,-0.971524,-0.134532,-0.974504,0.179561,-0.974438,0.163007,0.154589,0.005818,0.003132,0.001265,0.026783,0.569253,-1.094746,0.030516
3877,0.190806,0.046559,0.390616,-0.168707,-0.296567,-0.940017,-0.14883,-0.93507,0.321661,-0.97417,0.194532,0.114787,0.011594,0.007814,0.003255,-0.01691,0.260634,-0.499692,0.472905,-0.122297,0.024961,0.35123,0.634232,-0.04121,0.772038,-0.425514,0.815018,0.393215,-0.646204,-0.577846,0.498374,-0.033307,-0.03871,-0.02394,-0.191161,0.355495,0.009595,0.542005,0.058575,0.035131,-0.001281,-0.589699,0.104665,0.800812,0.373377,-0.843905,0.385243,0.716131,0.526182,0.458571,-0.016593,-0.019646,-0.012152,-0.40294,0.632523,0.183172,0.524202,0.110049,0.046802,-0.045488,-0.202684,-0.1861,-0.961397,-0.126821,-0.968518,0.214215,-0.970996,0.165343,0.172701,0.005557,0.009898,-0.002502,0.019327,0.22995,-0.440186,0.327052
3878,0.191534,0.047,0.390692,-0.180417,-0.320976,-0.929768,-0.144616,-0.926335,0.347796,-0.972691,0.1976,0.121868,0.023207,0.010426,0.004077,-0.101443,-0.298858,-0.718043,0.51406,-0.123631,0.023589,0.350138,0.629201,-0.047735,0.775769,-0.423172,0.816058,0.393583,-0.652629,-0.575863,0.49226,-0.047774,-0.031724,-0.034099,-0.022379,0.176531,-0.154539,0.542279,0.057902,0.034426,-0.001834,-0.583128,0.112645,0.804532,0.371193,-0.843969,0.387209,0.722618,0.524429,0.450329,-0.016655,-0.020235,-0.01273,-0.027369,0.050306,0.015594,0.523875,0.110417,0.047025,-0.045449,-0.215948,-0.210248,-0.953499,-0.121611,-0.963145,0.239918,-0.968801,0.167766,0.182421,0.0116,0.005259,0.00205,-0.009027,0.24548,-0.435059,0.466666
3879,0.192398,0.047303,0.390906,-0.188388,-0.335743,-0.922947,-0.142413,-0.920487,0.36386,-0.971495,0.200398,0.126747,0.023165,0.009957,0.003846,0.148659,1.279721,-2.561337,0.51849,-0.125158,0.022313,0.348852,0.620545,-0.064778,0.781485,-0.416315,0.817215,0.398465,-0.665211,-0.572524,0.479139,-0.048067,-0.032198,-0.034779,-0.098162,0.292576,-0.079514,0.542325,0.057139,0.033786,-0.002478,-0.572739,0.129008,0.809522,0.364548,-0.844427,0.392488,0.734216,0.519904,0.436606,-0.017559,-0.015028,-0.017228,-0.083223,0.183896,0.126153,0.523059,0.110849,0.04718,-0.04534,-0.21966,-0.225482,-0.949161,-0.119674,-0.959347,0.255598,-0.968208,0.169734,0.183746,0.005748,0.004701,0.001971,-0.002219,0.174922,-0.287835,0.5021
3880,0.192788,0.047498,0.390983,-0.188827,-0.340953,-0.920945,-0.14196,-0.918473,0.369087,-0.971475,0.20085,0.12618,0.011464,0.010377,0.004409,-0.011802,0.146431,-0.302273,0.521627,-0.126,0.021851,0.348063,0.613911,-0.084274,0.784859,-0.402794,0.821548,0.403422,-0.679546,-0.563692,0.469396,-0.05014,-0.018787,-0.04141,4.191619,2.552789,2.829681,0.542506,0.056719,0.033544,-0.002874,-0.565157,0.143837,0.812346,0.356094,-0.845698,0.39748,0.744172,0.513911,0.426733,-0.018502,-0.008876,-0.02095,-0.219261,0.510429,0.12467,0.522569,0.111049,0.047276,-0.045302,-0.221479,-0.233082,-0.946899,-0.118325,-0.957416,0.263347,-0.967959,0.170368,0.184468,0.01156,0.005359,0.002083,0.005084,0.067929,-0.080381,0.508958
3881,0.193509,0.048031,0.391111,-0.188118,-0.371623,-0.90915,-0.126326,-0.90882,0.397569,-0.97377,0.190095,0.125154,0.011387,0.012044,0.005156,-0.059176,-0.043648,-1.33172,0.522698,-0.127545,0.021357,0.34643,0.60172,-0.107582,0.791423,-0.399464,0.817411,0.414973,-0.692294,-0.565702,0.447853,-0.037909,-0.013202,-0.038826,-0.325971,0.672199,0.266671,0.543141,0.055951,0.033297,-0.003679,-0.550851,0.168189,0.81748,0.348391,-0.843726,0.408349,0.75841,0.509743,0.406171,-0.018894,-0.00685,-0.01957,-0.102412,0.339456,0.050873,0.522569,0.11141,0.047542,-0.045239,-0.221062,-0.263305,-0.939042,-0.101934,-0.951352,0.290753,-0.969917,0.159995,0.183468,0.011559,0.006379,0.002565,0.005165,0.429131,-2.98442,0.514999
3882,0.194106,0.048172,0.391527,-0.174207,-0.424631,-0.888474,-0.117206,-0.886906,0.446803,-0.977507,0.182493,0.105846,0.011894,7.7e-05,0.013399,-0.317795,-1.024014,-1.150559,0.523504,-0.128758,0.020924,0.344972,0.590606,-0.125844,0.797081,-0.39659,0.81487,0.422655,-0.703425,-0.565575,0.430329,-0.038185,-0.012433,-0.038459,-0.073846,0.297098,-0.011173,0.543034,0.055335,0.03308,-0.00442,-0.536699,0.18788,0.82259,0.346371,-0.839909,0.417826,0.769402,0.509168,0.385702,-0.019168,-0.005478,-0.018648,-0.045731,0.244177,0.023215,0.522569,0.111708,0.04762,-0.045033,-0.207353,-0.318018,-0.925131,-0.091017,-0.935311,0.341917,-0.974022,0.1551,0.164995,0.005945,-2.2e-05,0.006666,-0.252193,-0.690035,-0.959767,0.517449
3883,0.194362,0.048214,0.391744,-0.16369,-0.443813,-0.881068,-0.118621,-0.877772,0.46413,-0.979165,0.181034,0.092137,0.011898,-0.000429,0.013163,-0.251567,-0.531005,-1.119804,0.522481,-0.129388,0.020642,0.34428,0.584786,-0.13533,0.799814,-0.393021,0.815156,0.425428,-0.710257,-0.562953,0.422471,-0.038394,-0.011546,-0.037894,-0.075383,0.289136,0.018234,0.543024,0.055021,0.032938,-0.004766,-0.530125,0.1965,0.824836,0.342851,-0.840033,0.420472,0.775512,0.505699,0.377953,-0.018424,-0.011293,-0.014835,-0.118441,0.311461,0.008209,0.522569,0.111836,0.047641,-0.044924,-0.194171,-0.338953,-0.920547,-0.092063,-0.927969,0.361104,-0.976637,0.154864,0.148979,0.005694,0.004933,0.002059,-0.281657,-0.880017,-1.048097,0.517939
3884,0.194862,0.048645,0.391697,-0.149283,-0.475433,-0.86702,-0.10932,-0.863528,0.49228,-0.982562,0.168858,0.078019,0.011008,0.014417,-0.007521,-0.114326,-0.193799,-0.871961,0.511312,-0.130924,0.020322,0.342865,0.574166,-0.151996,0.804502,-0.385095,0.816897,0.42932,-0.723147,-0.556115,0.409461,-0.040977,0.006768,-0.040686,-0.077638,0.333718,0.107491,0.542552,0.054255,0.032761,-0.005481,-0.518211,0.211587,0.828665,0.334925,-0.841321,0.424266,0.786944,0.497401,0.365116,-0.019734,-0.002106,-0.016208,-0.182979,0.437829,0.150411,0.522569,0.112086,0.047859,-0.044936,-0.179293,-0.371475,-0.910966,-0.081192,-0.917225,0.390007,-0.980439,0.143889,0.134291,0.01108,0.011726,-0.008751,-0.033993,-0.279971,-0.602871,0.51157
3885,0.195713,0.048992,0.391127,-0.134102,-0.466906,-0.874106,-0.099662,-0.87124,0.480604,-0.985791,0.152141,0.071394,0.034607,0.001687,-0.014053,0.03112,0.265655,-0.510632,0.514115,-0.132817,0.020486,0.341683,0.582075,-0.16088,0.797056,-0.378382,0.813938,0.440757,-0.72037,-0.557938,0.411869,-0.042225,0.016403,-0.033348,0.074344,-0.102188,0.150959,0.542423,0.053329,0.032835,-0.006068,-0.524858,0.221352,0.821904,0.329362,-0.837564,0.435896,0.784884,0.499488,0.366697,-0.027638,0.007199,-0.016749,-0.131723,-1.588669,2.114129,0.522405,0.112502,0.048048,-0.045214,-0.163561,-0.362471,-0.91753,-0.071873,-0.923205,0.377525,-0.983911,0.127694,0.124949,0.011517,0.000104,-0.00719,0.065421,0.291444,-0.556261,0.505692
3886,0.197201,0.048959,0.390692,-0.135232,-0.48219,-0.865593,-0.086326,-0.864556,0.495038,-0.986892,0.142262,0.076372,0.035174,-0.007727,-0.004648,-0.004459,0.059597,-0.113927,0.513563,-0.134856,0.02086,0.340735,0.581033,-0.162957,0.797394,-0.376844,0.814425,0.441175,-0.722016,-0.556621,0.410768,-0.054662,0.010303,-0.020095,0.064535,0.045201,-0.077754,0.542438,0.052294,0.033027,-0.006555,-0.524295,0.223328,0.821729,0.327479,-0.837901,0.436667,0.786048,0.498041,0.366172,-0.027308,0.005063,-0.010084,0.079648,-0.049459,0.061802,0.522405,0.113246,0.04802,-0.045441,-0.164507,-0.379165,-0.910587,-0.058038,-0.917844,0.392672,-0.984666,0.117446,0.128985,0.023399,-0.003589,-0.002401,-0.006836,0.149005,-0.247403,0.508304
3887,0.197943,0.048742,0.390671,-0.135641,-0.492418,-0.859751,-0.085624,-0.858694,0.505259,-0.986897,0.142756,0.075385,0.035195,-0.007101,-0.004366,-0.034958,-0.046771,-0.175846,0.515447,-0.135988,0.021038,0.340447,0.581477,-0.165838,0.796476,-0.375536,0.813645,0.443721,-0.722341,-0.556906,0.409808,-0.055161,0.014988,-0.016505,0.001907,0.146171,-0.010221,0.542302,0.051729,0.033113,-0.006702,-0.524613,0.226116,0.820762,0.32643,-0.836971,0.439228,0.786271,0.498347,0.365275,-0.033462,0.001492,-0.00386,-0.055884,0.199098,-0.043752,0.522405,0.113618,0.047909,-0.045453,-0.164472,-0.390136,-0.905948,-0.057192,-0.913139,0.403616,-0.984722,0.118196,0.127873,0.017881,-0.008781,0.002261,-0.069065,0.049848,-0.349502,0.508141
3888,0.199391,0.048055,0.390659,-0.132826,-0.497903,-0.857027,-0.087304,-0.855446,0.510454,-0.987136,0.143237,0.071227,0.047774,-0.023029,0.001663,-0.055588,-0.114329,0.03259,0.520805,-0.138673,0.021468,0.34014,0.584177,-0.172233,0.793135,-0.372266,0.811401,0.450534,-0.721857,-0.558228,0.40886,-0.080619,0.008014,-0.002723,-0.027717,0.155279,-0.07295,0.542273,0.050396,0.033332,-0.006859,-0.526881,0.232905,0.817405,0.323703,-0.834254,0.446358,0.785883,0.499774,0.364161,-0.041006,0.009704,-0.005247,0.006509,0.171675,-0.08211,0.522405,0.114336,0.047578,-0.045458,-0.161475,-0.395943,-0.903965,-0.058754,-0.910504,0.409303,-0.985125,0.119204,0.12376,0.018084,-0.012358,0.000604,-0.050728,0.028332,-0.186469,0.514836
3889,0.201246,0.046851,0.39061,-0.117791,-0.496232,-0.860189,-0.093102,-0.856881,0.507011,-0.988532,0.140419,0.055807,0.049155,-0.044513,0.005424,-0.192045,-0.424451,-0.214787,0.514013,-0.142063,0.022074,0.340057,0.591378,-0.18626,0.784583,-0.365338,0.805381,0.466716,-0.719538,-0.562404,0.407222,-0.09402,0.012714,0.001966,-0.048366,-0.056377,0.283113,0.542555,0.048736,0.033627,-0.006898,-0.532445,0.247056,0.809608,0.318657,-0.827593,0.46211,0.784193,0.504035,0.361921,-0.047017,0.006185,0.000906,-0.251056,-1.394772,2.155858,0.522242,0.115263,0.046993,-0.04548,-0.147789,-0.392849,-0.907649,-0.064526,-0.911941,0.405213,-0.986911,0.118453,0.109426,0.02426,-0.016915,-0.001742,-0.229176,-0.73057,-0.099925,0.512713
3890,0.203222,0.044956,0.390564,-0.103692,-0.495835,-0.86223,-0.09957,-0.857369,0.504952,-0.989498,0.138823,0.040609,0.050341,-0.058842,-0.001486,-0.119243,-0.158204,-0.111055,0.503806,-0.145598,0.022855,0.339865,0.594435,-0.189936,0.781385,-0.361584,0.804685,0.470821,-0.718918,-0.562165,0.408645,-0.095981,0.032722,-0.016084,0.038908,-0.420789,0.546283,0.541948,0.046902,0.034044,-0.006987,-0.535921,0.251098,0.806062,0.314707,-0.826524,0.466708,0.78342,0.503793,0.363929,-0.047985,0.016281,-0.008042,0.045092,-0.482905,0.608118,0.522405,0.11625,0.046059,-0.045496,-0.132557,-0.392774,-0.910031,-0.071332,-0.911972,0.404002,-0.988605,0.118468,0.092871,0.018996,-0.025016,-0.005456,-0.071369,-0.240359,0.055482,0.503569
3891,0.204136,0.04379,0.39041,-0.100632,-0.491392,-0.865132,-0.102329,-0.859818,0.500215,-0.989537,0.139472,0.037322,0.050961,-0.065037,-0.004608,-0.225612,-0.412726,0.89372,0.49108,-0.147687,0.023432,0.339614,0.597029,-0.193602,0.778503,-0.358399,0.803727,0.474876,-0.718367,-0.562281,0.409454,-0.108869,0.032833,-0.014892,0.099676,-0.012144,0.025055,0.541994,0.045857,0.03433,-0.007114,-0.538467,0.25515,0.803088,0.311767,-0.825098,0.471182,0.782849,0.504093,0.364741,-0.054432,0.016407,-0.007392,0.120426,-0.030109,-0.00014,0.522569,0.116707,0.045477,-0.045572,-0.130278,-0.388679,-0.912116,-0.073771,-0.913606,0.399851,-0.988729,0.119379,0.09035,0.019332,-0.028709,-0.007295,-0.556946,-1.046357,2.428485,0.492955
3892,0.205733,0.041114,0.389818,-0.116985,-0.470966,-0.874386,-0.120083,-0.867258,0.483131,-0.985716,0.162098,0.045993,0.027958,-0.069548,-0.020616,0.143348,0.699212,0.214586,0.462462,-0.152441,0.024783,0.338925,0.604849,-0.201812,0.770338,-0.350057,0.801385,0.48495,-0.715943,-0.562724,0.413073,-0.122356,0.042147,-0.023384,0.110138,-0.020769,0.094985,0.541648,0.043571,0.034981,-0.007442,-0.545861,0.263932,0.795219,0.304375,-0.821789,0.481681,0.780634,0.504977,0.368248,-0.06115,0.0205,-0.012048,0.071029,-0.503858,0.738496,0.522732,0.117503,0.044168,-0.045854,-0.14483,-0.367614,-0.918631,-0.092628,-0.919305,0.382487,-0.985111,0.140487,0.099092,0.019916,-0.03457,-0.010413,0.205808,0.922489,0.428655,0.457521
3893,0.206477,0.038163,0.388828,-0.157217,-0.431205,-0.888476,-0.144743,-0.879879,0.452585,-0.976719,0.200286,0.077027,0.005073,-0.083216,-0.027454,0.287654,1.226684,0.446977,0.451875,-0.157333,0.026163,0.338076,0.612476,-0.212818,0.761297,-0.340546,0.797971,0.497196,-0.714052,-0.563504,0.415278,-0.134531,0.039078,-0.024819,-0.128942,0.443027,0.258904,0.541472,0.041084,0.035686,-0.007871,-0.554358,0.273122,0.786187,0.295436,-0.818528,0.492675,0.778077,0.505386,0.373067,-0.067263,0.019629,-0.012259,0.158054,-0.033183,-0.034509,0.522405,0.117894,0.04267,-0.046356,-0.186662,-0.326699,-0.926511,-0.118064,-0.928792,0.35129,-0.975303,0.17496,0.134798,0.008235,-0.036635,-0.018543,0.343496,1.309051,0.748086,0.434007
3894,0.206643,0.03648,0.38819,-0.182581,-0.404117,-0.896325,-0.153298,-0.888789,0.431886,-0.970954,0.216756,0.101445,0.005302,-0.086778,-0.029824,0.35303,1.397395,0.725404,0.449197,-0.160015,0.026975,0.337587,0.618036,-0.214688,0.756262,-0.335293,0.798006,0.500699,-0.71175,-0.562743,0.420233,-0.14721,0.040406,-0.022855,0.134547,0.00905,-0.052797,0.541602,0.039748,0.036087,-0.008119,-0.558728,0.277704,0.781475,0.290568,-0.817001,0.498074,0.776783,0.50536,0.375789,-0.067089,0.020179,-0.011915,0.154679,-0.003946,-0.073465,0.522242,0.117975,0.041858,-0.046665,-0.21165,-0.300715,-0.929932,-0.127345,-0.934891,0.331302,-0.969013,0.188542,0.159575,0.002376,-0.038428,-0.0195,0.146519,0.491299,2.850316,0.426496
3895,0.206681,0.033182,0.386816,-0.236871,-0.359651,-0.902546,-0.166992,-0.900074,0.402433,-0.956804,0.246485,0.154269,0.005366,-0.088604,-0.031966,0.350638,1.520232,0.506173,0.441433,-0.165669,0.028522,0.336669,0.626989,-0.203121,0.752076,-0.347869,0.790691,0.503715,-0.69774,-0.577186,0.42412,-0.145365,0.026912,-0.017014,0.099483,0.026178,-0.10174,0.541292,0.03692,0.036872,-0.008576,-0.568921,0.266662,0.777958,0.303844,-0.810882,0.500148,0.764203,0.520923,0.380304,-0.073154,0.018986,-0.012431,0.138501,0.01443,-0.090846,0.522406,0.117999,0.040195,-0.047353,-0.266908,-0.255793,-0.929155,-0.142203,-0.943124,0.300488,-0.953172,0.212331,0.215353,0.002737,-0.044764,-0.016196,-0.091428,1.50003,0.687482,0.417515
3896,0.2065,0.029935,0.385518,-0.276946,-0.317406,-0.906973,-0.195882,-0.905409,0.376613,-0.940381,0.282351,0.189708,-0.007948,-0.074176,-0.039573,-0.190295,1.040446,0.47942,0.434118,-0.171472,0.029643,0.335898,0.64466,-0.188703,0.740809,-0.356638,0.78278,0.5099,-0.676898,-0.592668,0.436367,-0.157756,0.026439,-0.016729,0.232987,-0.188202,-0.292097,0.540956,0.034078,0.037419,-0.008958,-0.587893,0.254952,0.767711,0.313509,-0.803056,0.506767,0.745716,0.538609,0.392181,-0.072411,0.013041,-0.008914,0.405025,-0.405383,-0.418861,0.522405,0.117912,0.038524,-0.048021,-0.309412,-0.212519,-0.926875,-0.171662,-0.94621,0.274257,-0.935305,0.243968,0.256288,-0.003961,-0.037082,-0.019777,-1.182329,1.725489,0.789584,0.404125
3897,0.206328,0.028459,0.384792,-0.286925,-0.299088,-0.910091,-0.200981,-0.910083,0.362391,-0.936293,0.287257,0.202151,-0.008364,-0.068962,-0.037267,0.193945,-0.76462,2.665201,0.433353,-0.17421,0.030104,0.335642,0.652833,-0.179595,0.735898,-0.361973,0.779305,0.51146,-0.666144,-0.600041,0.442793,-0.14459,0.029127,-0.015933,0.203725,-0.231003,-0.2868,0.54085,0.03265,0.037655,-0.009095,-0.597187,0.245992,0.763449,0.319132,-0.800362,0.507517,0.735881,0.546724,0.399462,-0.065424,0.009045,-0.004365,0.203269,-0.509299,-0.249524,0.522242,0.117829,0.037803,-0.048375,-0.322378,-0.195465,-0.92621,-0.176887,-0.948775,0.261795,-0.929936,0.248232,0.271289,-0.010313,-0.034688,-0.018496,0.177109,0.622109,0.223828,0.401186
3898,0.205803,0.026107,0.383416,-0.309216,-0.274565,-0.910519,-0.214354,-0.912664,0.347949,-0.926153,0.303101,0.224493,-0.009165,-0.058757,-0.03242,0.136403,0.438025,0.210073,0.433752,-0.179676,0.030721,0.335428,0.664782,-0.155259,0.730719,-0.373126,0.778274,0.504977,-0.647916,-0.608148,0.458502,-0.143432,0.019054,-0.007588,0.253338,-0.473317,-0.177746,0.541121,0.029917,0.037969,-0.009204,-0.611301,0.22251,0.759473,0.33002,-0.800565,0.500181,0.719303,0.556403,0.415953,-0.071356,0.003667,4.4e-05,0.273919,-1.000868,0.237984,0.522242,0.117564,0.036594,-0.04908,-0.34243,-0.169949,-0.924044,-0.191818,-0.950143,0.245832,-0.919753,0.261429,0.292757,-0.010794,-0.02903,-0.015769,0.186243,0.468484,0.441423,0.399553
3899,0.205195,0.02406,0.382287,-0.321262,-0.260711,-0.910421,-0.235116,-0.909306,0.343299,-0.916959,0.324663,0.231964,-0.009923,-0.048463,-0.027174,0.033556,0.080273,0.09644,0.431167,-0.18506,0.030935,0.335492,0.678454,-0.132861,0.722523,-0.379265,0.778835,0.499507,-0.629924,-0.612746,0.477075,-0.129024,-0.002488,0.007503,-1.092537,-1.070808,-0.876314,0.540856,0.027171,0.038083,-0.009175,-0.627888,0.200172,0.752121,0.335346,-0.802479,0.493528,0.702352,0.562102,0.43674,-0.064509,-0.001294,0.003801,-1.161637,-1.01399,-0.860303,0.523222,0.117261,0.035563,-0.049649,-0.354958,-0.156079,-0.921761,-0.212787,-0.946597,0.242226,-0.910344,0.282119,0.302791,-0.011168,-0.024687,-0.013598,0.027819,0.094477,0.03654,0.398573
3900,0.20433,0.022439,0.381324,-0.3303,-0.251403,-0.909804,-0.250271,-0.906057,0.341169,-0.9097,0.340693,0.237487,-0.023916,-0.026668,-0.029562,0.152401,0.352803,0.220034,0.435007,-0.190286,0.030748,0.335963,0.689729,-0.092805,0.718089,-0.400081,0.777626,0.48494,-0.604256,-0.621648,0.498288,-0.128941,0.000595,0.009456,0.157574,-0.502555,-0.528108,0.540404,0.024607,0.037987,-0.008945,-0.642372,0.162243,0.749022,0.355631,-0.802638,0.478851,0.678884,0.573976,0.457894,-0.064208,-0.005358,0.008721,-0.010578,-0.925964,-0.651803,0.523222,0.116833,0.034742,-0.050131,-0.362514,-0.148488,-0.920072,-0.228245,-0.943016,0.242121,-0.903596,0.297775,0.307965,-0.01167,-0.017513,-0.009648,0.216152,0.699589,0.174605,0.396287
3901,0.203788,0.021926,0.380901,-0.33242,-0.250087,-0.909395,-0.255054,-0.904446,0.3419,-0.907595,0.345906,0.238005,-0.023721,-0.03018,-0.016624,-0.009082,-0.011572,0.046927,0.441425,-0.192986,0.030598,0.336286,0.697244,-0.069313,0.713469,-0.410123,0.777612,0.476501,-0.588686,-0.624754,0.51283,-0.141318,-0.009887,0.018602,0.311182,-0.651213,-0.413545,0.53978,0.023309,0.03792,-0.008793,-0.651666,0.140167,0.745441,0.365292,-0.803304,0.470385,0.664749,0.578839,0.472285,-0.064214,-0.004838,0.009025,0.361733,-1.003824,-0.328357,0.522079,0.116577,0.034492,-0.050339,-0.365955,-0.145835,-0.919134,-0.232788,-0.941903,0.242132,-0.901047,0.302573,0.310745,-0.011885,-0.014141,-0.00774,-0.14005,-0.001293,0.093615,0.402166
3902,0.202748,0.021105,0.380361,-0.338746,-0.245511,-0.908307,-0.264625,-0.901536,0.342313,-0.902497,0.356618,0.241557,-0.024329,-0.020275,-0.010945,0.002388,-0.034381,0.066837,0.44495,-0.197988,0.030201,0.336993,0.707754,-0.022957,0.70608,-0.428445,0.780603,0.455004,-0.562484,-0.624512,0.541719,-0.128556,-0.00916,0.017942,0.539799,-1.119554,-0.486089,0.539272,0.020707,0.037716,-0.008425,-0.666529,0.094835,0.739422,0.38221,-0.808116,0.448176,0.640042,0.581337,0.502386,-0.0643,-0.004611,0.009026,0.503922,-1.086788,-0.465229,0.522242,0.116043,0.034075,-0.050618,-0.372221,-0.141733,-0.917258,-0.24232,-0.939155,0.243449,-0.895952,0.312887,0.315229,-0.012184,-0.009431,-0.00504,-0.004158,0.047706,-0.113953,0.41229
3903,0.201764,0.020441,0.38001,-0.341607,-0.244385,-0.907538,-0.263929,-0.90181,0.342129,-0.901619,0.356698,0.244697,-0.024654,-0.015123,-0.007971,0.013025,0.107943,-0.084348,0.43843,-0.202999,0.029421,0.338051,0.719028,0.020705,0.694666,-0.441768,0.785109,0.434025,-0.537288,-0.618978,0.572757,-0.128319,-0.018572,0.026908,0.361511,-0.855606,-0.323069,0.537691,0.018298,0.037343,-0.007919,-0.681964,0.051738,0.729552,0.394157,-0.814248,0.426191,0.616088,0.578205,0.534895,-0.057718,-0.009392,0.01305,0.453586,-0.974526,-0.614353,0.523059,0.115551,0.033748,-0.050791,-0.375096,-0.140532,-0.916271,-0.24154,-0.93948,0.242972,-0.894964,0.312454,0.318451,-0.01236,-0.006597,-0.003402,0.014388,-0.00941,0.111709,0.411147
3904,0.20127,0.020213,0.379883,-0.347396,-0.238687,-0.906857,-0.268451,-0.901281,0.339998,-0.898059,0.361853,0.250158,-0.02484,-0.011499,-0.005846,0.106398,0.38341,0.085111,0.428952,-0.205383,0.028969,0.338662,0.726686,0.041558,0.685705,-0.446863,0.786584,0.426065,-0.522554,-0.616079,0.589276,-0.128007,-0.028022,0.036031,0.473111,-1.103897,-0.494152,0.537414,0.017058,0.037108,-0.007606,-0.691763,0.032312,0.7214,0.398603,-0.815931,0.418773,0.602145,0.577244,0.551552,-0.064158,-0.008175,0.014291,0.271902,-0.804763,-0.164974,0.523385,0.115295,0.033628,-0.050857,-0.38033,-0.135759,-0.914831,-0.246158,-0.938627,0.241628,-0.891489,0.317092,0.32357,-0.012429,-0.005386,-0.002693,0.143234,0.468684,0.126103,0.404615
3905,0.200242,0.020039,0.379741,-0.359799,-0.223119,-0.905985,-0.266675,-0.905898,0.328945,-0.893682,0.36023,0.267571,-0.025222,-0.002565,-0.00057,0.119548,0.406521,0.129555,0.381855,-0.210232,0.028048,0.339967,0.740191,0.066417,0.669102,-0.446259,0.792738,0.415154,-0.503763,-0.605966,0.615542,-0.128182,-0.025641,0.037553,0.116641,-0.75607,0.049949,0.535653,0.014585,0.036636,-0.00694,-0.708984,0.005672,0.705201,0.397368,-0.822901,0.406118,0.582614,0.568156,0.58117,-0.064117,-0.012833,0.018836,0.063575,-0.719808,0.09262,0.523385,0.11479,0.033539,-0.05093,-0.393453,-0.119836,-0.9115,-0.244587,-0.942091,0.229435,-0.886211,0.313213,0.341358,-0.012621,-0.000987,-9.3e-05,0.137854,0.472665,0.156926,0.364282
3906,0.199341,0.02002,0.379833,-0.378551,-0.181549,-0.907626,-0.293686,-0.90635,0.303725,-0.877302,0.381753,0.290915,-0.025347,0.00097,0.001517,0.219416,0.616417,0.463539,0.328137,-0.21481,0.027271,0.341207,0.747951,0.089247,0.65772,-0.447649,0.799328,0.400774,-0.49089,-0.594295,0.636949,-0.115845,-0.015213,0.028005,0.177442,-0.450683,-0.082586,0.495638,0.012297,0.036252,-0.006316,-0.719134,-0.016602,0.694672,0.397616,-0.8297,0.391788,0.569866,0.557962,0.603266,-0.057952,-0.007655,0.014039,0.127119,-0.401278,-0.050696,0.517833,0.114344,0.033535,-0.050881,-0.411633,-0.079847,-0.907844,-0.272677,-0.939729,0.206288,-0.8696,0.332463,0.365052,-0.012692,0.001196,0.001198,0.234836,0.871913,0.447341,0.293414
3907,0.199029,0.020013,0.379909,-0.386843,-0.163634,-0.907536,-0.30454,-0.906249,0.293156,-0.869948,0.389985,0.301876,-0.0127,0.001326,0.001255,0.183935,0.497089,0.433507,0.308238,-0.21709,0.026961,0.34177,0.75109,0.100808,0.652452,-0.448813,0.802611,0.392832,-0.484992,-0.588005,0.647223,-0.115831,-0.013978,0.028804,0.360915,-0.815746,-0.246394,0.436081,0.011199,0.0361,-0.006047,-0.722783,-0.025651,0.690598,0.397933,-0.832461,0.385558,0.565007,0.553488,0.611896,-0.057984,-0.001252,0.010575,0.076206,-0.28671,-0.06462,0.478154,0.114174,0.033537,-0.050839,-0.42133,-0.060774,-0.904868,-0.283875,-0.938775,0.195231,-0.861333,0.339126,0.378281,-0.006349,0.000776,0.000711,0.175612,0.479407,0.421675,0.26043
3908,0.198651,0.019791,0.380101,-0.404466,-0.131471,-0.905079,-0.315732,-0.908701,0.273035,-0.857845,0.396354,0.327159,-0.012041,-0.012225,0.008437,0.254383,0.889596,0.605593,0.257303,-0.22182,0.026661,0.34293,0.754058,0.108109,0.647843,-0.445888,0.808364,0.384272,-0.483081,-0.578761,0.65691,-0.102222,-0.008742,0.031716,1.102373,0.413047,1.081974,0.196849,0.008872,0.035944,-0.005486,-0.726823,-0.039266,0.6857,0.399367,-0.836399,0.375422,0.558778,0.546711,0.623596,-0.057671,0.001367,0.012372,0.070191,-0.236366,-0.063652,0.269468,0.113989,0.033437,-0.050743,-0.437389,-0.031596,-0.898716,-0.295931,-0.938662,0.177024,-0.849185,0.343386,0.40121,3e-05,-0.000839,-0.000486,0.123071,0.427095,0.444923,0.195113
3909,0.198691,0.019362,0.380359,-0.418143,-0.097604,-0.903147,-0.339338,-0.905453,0.254903,-0.842123,0.413175,0.346616,0.00064,-0.012923,0.00756,-1.302701,1.081395,1.09886,0.191402,-0.225569,0.02659,0.344197,0.756229,0.120108,0.643182,-0.448474,0.810787,0.376071,-0.477248,-0.572995,0.666164,-0.075046,-0.002059,0.035075,0.075432,-0.3137,-0.143388,0.041537,0.006943,0.035897,-0.004845,-0.73058,-0.046041,0.681272,0.396062,-0.841311,0.367871,0.556225,0.538586,0.63288,-0.043863,0.00033,0.018941,0.064412,-0.606219,0.116108,-0.013188,0.114004,0.033222,-0.050613,-0.451813,0.001652,-0.89211,-0.318623,-0.934341,0.159638,-0.833272,0.356373,0.422674,0.000169,-0.00691,0.003436,-4.792161,2.094427,2.459774,0.119673
3910,0.198908,0.018803,0.380603,-0.438637,-0.05567,-0.896964,-0.362282,-0.902431,0.233114,-0.821886,0.42727,0.376791,0.013948,-0.025276,0.014995,0.198376,0.922443,0.411705,0.087587,-0.228194,0.02695,0.34563,0.776282,0.141265,0.614347,-0.443406,0.814947,0.373077,-0.448919,-0.562193,0.69446,-0.04749,0.005491,0.039066,0.398166,-0.843334,-0.231014,-0.063699,0.005642,0.036066,-0.004143,-0.75323,-0.06369,0.654665,0.390138,-0.84458,0.36671,0.529562,0.531627,0.661011,-0.030086,0.009523,0.016748,0.262995,-0.579115,-0.085935,-0.161945,0.114108,0.032948,-0.050494,-0.472919,0.043542,-0.880028,-0.344005,-0.928634,0.138918,-0.811176,0.368431,0.454148,0.000361,-0.007296,0.00329,0.342969,1.127722,0.751554,-0.00704
3911,0.199027,0.018512,0.380757,-0.453004,-0.029524,-0.891045,-0.373485,-0.901233,0.219681,-0.808967,0.43234,0.398348,0.000686,-0.014102,0.006868,0.281329,1.095108,0.484167,0.0532,-0.229211,0.02723,0.346328,0.782079,0.151245,0.60454,-0.442559,0.817639,0.368159,-0.439582,-0.555662,0.705599,-0.059641,0.020931,0.03463,0.374265,-0.76329,-0.155078,-0.140686,0.005116,0.03621,-0.003778,-0.760638,-0.074571,0.644877,0.38903,-0.847609,0.360851,0.519695,0.525354,0.673734,-0.023446,0.004414,0.020738,0.49783,-0.855264,-0.431744,-0.235263,0.114172,0.032795,-0.050415,-0.487321,0.068622,-0.870521,-0.355718,-0.926041,0.126134,-0.797484,0.371128,0.47569,0.006668,-0.006178,0.003715,0.398389,1.411195,0.704864,-0.066968
3912,0.199352,0.01793,0.381201,-0.484207,0.021094,-0.874725,-0.38546,-0.902608,0.191546,-0.784897,0.429889,0.446272,0.001135,-0.020957,0.018053,0.34741,1.43412,0.6558,-0.031019,-0.230985,0.027736,0.348067,0.791186,0.168216,0.587979,-0.440988,0.822913,0.35816,-0.424588,-0.542873,0.724484,-0.032845,0.012909,0.043392,0.174819,-0.425055,-0.112627,-0.347444,0.00422,0.036469,-0.002909,-0.772248,-0.091993,0.628625,0.386718,-0.853105,0.350228,0.504065,0.513564,0.694384,-0.022744,0.007705,0.022959,0.212311,-0.565533,-0.009426,-0.408841,0.114335,0.032502,-0.0502,-0.517737,0.115656,-0.847685,-0.368702,-0.92425,0.099089,-0.772014,0.363845,0.521162,0.006619,-0.004863,0.004495,0.270731,1.032499,0.521826,-0.171637
3913,0.199855,0.017283,0.381851,-0.514736,0.076181,-0.853984,-0.40903,-0.897197,0.166443,-0.752878,0.43488,0.494046,0.013778,-0.018793,0.018885,-0.692232,2.634758,-1.577069,-0.20658,-0.232346,0.028234,0.349816,0.803112,0.183748,0.566779,-0.437454,0.827539,0.351778,-0.405389,-0.530688,0.74424,-0.032425,0.014216,0.044038,0.341042,-0.786663,-0.055749,-0.634749,0.00354,0.036722,-0.002031,-0.786107,-0.10529,0.609056,0.382393,-0.857014,0.345399,0.485603,0.50442,0.713967,-0.016313,0.006768,0.021807,0.322253,-0.743772,-0.259582,-0.647898,0.114582,0.032179,-0.049875,-0.546548,0.169896,-0.820012,-0.393842,-0.916302,0.072654,-0.739035,0.362664,0.567716,0.006882,-0.009145,0.009583,0.336211,1.402245,0.679059,-0.279246
3914,0.200136,0.01687,0.382317,-0.529304,0.106699,-0.841723,-0.421618,-0.893971,0.151743,-0.735633,0.435066,0.519219,0.013722,-0.016957,0.019989,0.325583,1.449652,0.471857,-0.309364,-0.23289,0.028473,0.350715,0.811647,0.189495,0.552551,-0.433772,0.828909,0.353108,-0.39211,-0.526518,0.754249,-0.032306,0.014403,0.044024,0.161785,-0.486683,-0.072463,-0.849448,0.003275,0.036838,-0.001596,-0.795838,-0.111526,0.595149,0.378926,-0.858371,0.34585,0.472287,0.500758,0.725385,-0.01616,0.007358,0.02215,-0.024283,-1.239952,0.326369,-0.796003,0.114717,0.031981,-0.049654,-0.562039,0.195815,-0.803596,-0.406466,-0.911548,0.062164,-0.720344,0.361573,0.591918,0.006865,-0.008614,0.009905,0.329176,1.330356,0.635433,-0.350931
3915,0.200601,0.016095,0.383318,-0.554826,0.181756,-0.811898,-0.468029,-0.874969,0.123896,-0.687182,0.448502,0.571537,0.001498,-0.024799,0.031118,-0.930541,1.976412,1.760346,-0.50549,-0.23357,0.029097,0.352549,0.82052,0.20272,0.534455,-0.43122,0.833129,0.346235,-0.376101,-0.514816,0.770309,-0.005158,0.009828,0.055091,0.112492,-0.389134,0.000987,-1.235459,0.002914,0.037151,-0.000653,-0.80715,-0.124797,0.577004,0.375609,-0.862608,0.338856,0.455441,0.490236,0.743129,-0.002534,0.005323,0.027848,0.068521,-0.346869,0.019267,-0.896426,0.11496,0.031576,-0.049135,-0.587916,0.267027,-0.763577,-0.453776,-0.890303,0.038041,-0.669657,0.368858,0.644594,0.000748,-0.012296,0.015616,-0.963165,1.963624,1.749228,-0.49332
3916,0.201122,0.015388,0.384313,-0.580668,0.232235,-0.780344,-0.478232,-0.872955,0.095996,-0.658195,0.428633,0.618934,0.013626,-0.013725,0.021952,0.397396,1.548357,0.76007,-0.913234,-0.234189,0.029941,0.3544,0.823117,0.216291,0.525061,-0.436167,0.832734,0.340948,-0.364515,-0.509927,0.77908,-0.005511,0.017985,0.044469,-0.012725,-0.089262,-0.012176,-1.402622,0.002609,0.03758,0.000266,-0.811315,-0.1385,0.567966,0.380525,-0.862656,0.333203,0.443811,0.486458,0.752588,-0.015429,0.01032,0.023827,-0.07255,-0.009018,-0.05041,-0.875035,0.115221,0.031226,-0.048636,-0.613021,0.313692,-0.725121,-0.465591,-0.884933,0.010786,-0.638301,0.344222,0.688535,0.006806,-0.006847,0.010971,0.367765,1.467717,0.726765,-0.725519
3917,0.201728,0.014519,0.385393,-0.603886,0.270267,-0.749882,-0.487016,-0.86983,0.078629,-0.630274,0.412347,0.657839,0.014278,-0.025124,0.030535,0.296121,1.43537,0.422754,-1.45032,-0.234775,0.030817,0.356054,0.825608,0.233538,0.513637,-0.445993,0.827561,0.340831,-0.346496,-0.510767,0.786716,-0.018261,0.018065,0.044835,-1.185116,-2.009822,1.547505,-1.405413,0.002323,0.038013,0.001077,-0.814261,-0.155718,0.559223,0.391448,-0.858655,0.330876,0.428657,0.488326,0.760125,-0.00284,0.013667,0.017371,0.038721,-0.129891,-0.025894,-0.915695,0.115518,0.030802,-0.048106,-0.634877,0.346933,-0.690339,-0.475036,-0.879949,-0.005351,-0.60932,0.324538,0.723465,0.00681,-0.006932,0.010935,0.221182,0.938361,0.465023,-0.882768
3918,0.201945,0.014092,0.385993,-0.613568,0.290607,-0.734253,-0.49797,-0.864007,0.074087,-0.612112,0.410728,0.675758,0.014189,-0.022795,0.031929,0.208757,1.149254,0.324943,-1.712111,-0.234933,0.031211,0.356849,0.830346,0.238946,0.503411,-0.445192,0.827633,0.341705,-0.336023,-0.508148,0.792929,-0.018183,0.018212,0.044764,-0.228021,-0.852009,0.302153,-1.405398,0.002244,0.038204,0.001477,-0.819871,-0.159819,0.549789,0.390392,-0.858461,0.332622,0.418814,0.48734,0.76622,-0.00288,0.008217,0.021464,0.292573,-0.45957,-0.249831,-0.913082,0.115627,0.030593,-0.047821,-0.64407,0.365294,-0.67211,-0.486259,-0.873768,-0.008924,-0.590529,0.321072,0.740396,0.007058,-0.010873,0.016263,0.03889,0.930705,0.313262,-0.845211
3919,0.202253,0.013466,0.387127,-0.628542,0.324532,-0.706866,-0.513326,-0.855829,0.063449,-0.583589,0.402324,0.705398,0.013436,-0.008704,0.024957,0.25419,1.202914,0.14164,-1.905415,-0.235384,0.032116,0.3584,0.832854,0.255717,0.490872,-0.451707,0.826382,0.336137,-0.320728,-0.502006,0.803111,-0.005327,0.018009,0.043599,0.10698,-0.253171,-0.118702,-1.405142,0.002011,0.038666,0.002265,-0.826027,-0.17664,0.535234,0.395952,-0.857686,0.328016,0.401123,0.482878,0.778413,-0.008864,0.015275,0.018506,0.171228,-0.292874,-0.16093,-0.904101,0.115787,0.030261,-0.047231,-0.658813,0.39608,-0.639597,-0.502178,-0.864573,-0.018135,-0.560162,0.309245,0.768495,0.006693,-0.004161,0.012584,0.211448,1.087662,0.097172,-0.859744
3920,0.202839,0.01288,0.388366,-0.639772,0.339242,-0.689676,-0.517725,-0.853395,0.060413,-0.567282,0.395286,0.722473,0.026103,-0.006898,0.025539,0.105664,0.602121,0.114506,-1.90687,-0.235982,0.032831,0.360124,0.837497,0.271846,0.474014,-0.456858,0.824082,0.334819,-0.30065,-0.49731,0.81373,-0.005601,0.016184,0.042077,-0.312656,-0.86474,0.554431,-1.405012,0.001713,0.039027,0.003129,-0.832409,-0.193047,0.519449,0.401653,-0.855983,0.325526,0.381798,0.479609,0.790066,-0.009104,0.008584,0.021717,-1.230308,-2.063403,1.392525,-0.898386,0.116069,0.029973,-0.04662,-0.669471,0.408775,-0.62025,-0.506825,-0.861794,-0.020919,-0.54308,0.300354,0.784124,0.006966,-0.008656,0.01759,0.148964,0.816451,0.171642,-0.864969
3921,0.203142,0.012647,0.388986,-0.643235,0.346506,-0.682808,-0.522174,-0.8507,0.060126,-0.559237,0.394785,0.72899,0.013307,-0.006019,0.026526,0.029393,0.478479,0.051524,-1.906615,-0.236283,0.0332,0.360977,0.838972,0.277848,0.467887,-0.458155,0.824424,0.332194,-0.294482,-0.493418,0.818341,-0.018028,0.027681,0.034607,0.187093,-0.304315,-0.198199,-1.404502,0.001574,0.039201,0.003543,-0.835049,-0.197594,0.513467,0.402165,-0.856097,0.324591,0.375441,0.477548,0.794349,-0.00284,0.00795,0.020882,0.347608,-0.526267,-0.272637,-0.899039,0.116226,0.029861,-0.046325,-0.672635,0.415069,-0.612599,-0.511221,-0.859196,-0.02083,-0.53499,0.299162,0.790118,0.013003,-0.002735,0.013174,-0.183688,0.762551,0.522187,-0.87395
3922,0.203502,0.01253,0.39015,-0.651304,0.350319,-0.673146,-0.520928,-0.851413,0.060853,-0.551003,0.389854,0.73786,0.013631,-0.010495,0.03914,-0.059806,0.114625,0.078421,-1.906939,-0.236696,0.033786,0.362403,0.840125,0.277452,0.466049,-0.458004,0.823,0.335913,-0.291405,-0.496012,0.817875,-0.006898,0.019262,0.028278,-0.033257,-0.013363,0.029293,-1.404451,0.001358,0.039512,0.00428,-0.836244,-0.198168,0.511297,0.402831,-0.854635,0.327605,0.372052,0.479925,0.794512,-0.009846,0.0044,0.01884,-0.083918,0.126257,-0.180754,-0.897406,0.116411,0.029792,-0.04572,-0.680862,0.418284,-0.601219,-0.510064,-0.859888,-0.020615,-0.525604,0.292625,0.798817,0.00679,-0.005048,0.019681,-0.077833,0.066538,0.058486,-0.873624
3923,0.203647,0.012284,0.391293,-0.647739,0.354765,-0.674256,-0.527464,-0.847384,0.060783,-0.54899,0.394571,0.736852,0.000627,-0.0077,0.02599,-0.070541,0.003878,-0.015518,-1.907009,-0.237128,0.03397,0.363633,0.83758,0.285832,0.465564,-0.46614,0.818154,0.336558,-0.285748,-0.499273,0.817886,-0.00898,0.008497,0.021347,-0.032046,-0.002199,0.002272,-1.40426,0.001144,0.039615,0.004902,-0.834519,-0.206705,0.510734,0.411234,-0.850591,0.327688,0.366692,0.483494,0.794839,-0.004725,-0.001899,0.01445,-0.093264,0.147848,-0.202941,-0.901652,0.116483,0.029688,-0.04516,-0.677303,0.422468,-0.602312,-0.516448,-0.85609,-0.019723,-0.523967,0.297704,0.798016,0.000284,-0.003602,0.013136,-0.071264,-0.009878,0.00488,-0.869705
3924,0.203464,0.012252,0.392138,-0.642293,0.350697,-0.681555,-0.528902,-0.846334,0.062871,-0.553981,0.400416,0.729931,-0.000152,0.006254,0.018767,-0.16668,-0.40386,-0.143012,-1.90724,-0.237507,0.033916,0.364301,0.835115,0.289843,0.467508,-0.470464,0.816565,0.334392,-0.28587,-0.499568,0.817663,-0.011495,-0.004249,0.013312,-0.033978,0.013143,-0.022055,-1.403873,0.000956,0.039598,0.005236,-0.832336,-0.210804,0.512617,0.415466,-0.849464,0.325265,0.366883,0.483705,0.794622,-0.0059,-0.002824,0.006223,-0.059263,0.129591,-0.186621,-0.903611,0.116392,0.029651,-0.044739,-0.672418,0.420253,-0.609295,-0.518044,-0.855161,-0.018122,-0.528662,0.303456,0.792735,-0.006139,-0.002028,0.014264,-0.326327,-0.707834,-0.326847,-0.869541
3925,0.203492,0.012347,0.392623,-0.638833,0.3427,-0.688836,-0.528563,-0.846053,0.069201,-0.558287,0.40787,0.722485,0.000241,0.00067,0.030726,-0.245106,-0.521444,-0.219755,-1.907379,-0.237752,0.033807,0.3645,0.833696,0.297403,0.465289,-0.476482,0.813118,0.334271,-0.27996,-0.500758,0.818979,-0.012179,-0.007668,0.011168,0.010858,0.047533,-0.270372,-1.403555,0.000837,0.039541,0.005334,-0.831815,-0.218093,0.51041,0.421412,-0.846624,0.325022,0.36124,0.485451,0.796142,-0.006138,-0.004028,0.005468,0.048475,-0.1103,-0.108834,-0.904264,0.116406,0.029692,-0.044505,-0.669161,0.413205,-0.617643,-0.517449,-0.855631,-0.011809,-0.533355,0.311698,0.786368,0.006428,0.001101,0.015568,-0.271282,-0.640756,-0.248752,-0.869705
3926,0.203557,0.012722,0.393742,-0.636099,0.33668,-0.694313,-0.529145,-0.845207,0.074853,-0.560851,0.414582,0.716656,-0.000718,0.018276,0.025451,-0.035843,-0.035734,0.05429,-1.907859,-0.238351,0.033513,0.364865,0.834591,0.308773,0.456188,-0.482298,0.809509,0.334691,-0.266985,-0.499738,0.823919,-0.012443,-0.008918,0.010389,0.116457,-0.19761,-0.183519,-1.403907,0.000531,0.03938,0.005514,-0.834086,-0.229188,0.50177,0.427451,-0.843495,0.325271,0.348692,0.485787,0.801514,-0.012438,-0.003825,0.005954,0.176314,-0.264043,-0.246791,-0.904428,0.116439,0.029882,-0.043927,-0.666178,0.406618,-0.625193,-0.517462,-0.85569,-0.005146,-0.537064,0.320086,0.780452,-0.000394,0.009492,0.012927,-0.015861,0.010911,0.06994,-0.869378
3927,0.203731,0.013223,0.395013,-0.640047,0.334823,-0.691577,-0.530912,-0.843339,0.082979,-0.55466,0.419855,0.718402,-0.000783,0.01933,0.025874,-0.040067,0.055316,-0.124497,-1.907866,-0.239185,0.03349,0.365395,0.836207,0.315238,0.448747,-0.483824,0.809116,0.333436,-0.259019,-0.496334,0.828508,-0.022786,0.00254,0.018268,-0.014317,-0.002506,-0.070866,-1.404154,0.000114,0.039346,0.005764,-0.836604,-0.236404,0.494172,0.429284,-0.843311,0.323327,0.340305,0.482637,0.807002,-0.011331,0.001624,0.009368,-0.04984,0.020108,-0.038973,-0.90753,0.116526,0.030134,-0.043297,-0.670137,0.404686,-0.622209,-0.518957,-0.854794,0.002972,-0.530658,0.324891,0.782844,0.006203,0.004932,0.017603,-0.064915,-0.035269,0.067417,-0.871501
3928,0.203941,0.013463,0.395658,-0.639773,0.332746,-0.692832,-0.532066,-0.842231,0.086745,-0.553871,0.423711,0.716745,0.012382,0.010449,0.035449,-0.077295,-0.062573,0.054094,-1.908058,-0.239778,0.033587,0.365813,0.835323,0.318011,0.448436,-0.485794,0.808643,0.331713,-0.258178,-0.495337,0.829366,-0.021983,0.00634,0.020621,-0.028011,0.004647,-0.032269,-1.403824,-0.000183,0.039392,0.005971,-0.835916,-0.239212,0.493984,0.43127,-0.842963,0.321587,0.339483,0.481861,0.807812,-0.0172,0.003852,0.011108,-0.061498,0.063272,-0.077291,-0.90949,0.116626,0.030257,-0.042978,-0.669881,0.402502,-0.6239,-0.519868,-0.854216,0.007094,-0.53009,0.329098,0.781471,0.006172,0.005238,0.017731,-0.060789,-0.040465,0.065772,-0.87493
3929,0.204396,0.013995,0.39705,-0.639524,0.333299,-0.692796,-0.534823,-0.840204,0.089406,-0.551502,0.427282,0.716452,0.012168,0.013414,0.036903,-0.067935,-0.034824,0.066414,-1.907125,-0.241192,0.033611,0.367026,0.833892,0.319739,0.449868,-0.489035,0.8057,0.334104,-0.256672,-0.499011,0.827629,-0.034155,-0.011348,0.040755,-0.120793,0.165203,-0.255558,-1.403984,-0.000871,0.039417,0.006562,-0.834693,-0.240649,0.495353,0.4346,-0.840287,0.324097,0.338246,0.485802,0.805968,-0.023337,-0.00521,0.021039,-0.111346,0.099068,-0.138963,-0.910959,0.116849,0.030516,-0.042297,-0.669772,0.403195,-0.623568,-0.522459,-0.852606,0.009881,-0.527674,0.332407,0.781705,0.005735,0.012234,0.013985,-0.028281,-0.055149,0.116129,-0.88636
