frame,MLTx,MLTy,MLTz,MLTR1,MLTR2,MLTR3,MLTR4,MLTR5,MLTR6,MLTR7,MLTR8,MLTR9,MLTTVx,MLTTVy,MLTTVz,MLTRVx,MLTRVy,MLTRVz,MLGA,MRTx,MRTy,MRTz,MRTR1,MRTR2,MRTR3,MRTR4,MRTR5,MRTR6,MRTR7,MRTR8,MRTR9,MRTTVx,MRTTVy,MRTTVz,MRTRVx,MRTRVy,MRTRVz,MRGA,SLTx,SLTy,SLTz,SLTR1,SLTR2,SLTR3,SLTR4,SLTR5,SLTR6,SLTR7,SLTR8,SLTR9,SLTTVx,SLTTVy,SLTTVz,SLTRVx,SLTRVy,SLTRVz,SLGA,SRTx,SRTy,SRTz,SRTR1,SRTR2,SRTR3,SRTR4,SRTR5,SRTR6,SRTR7,SRTR8,SRTR9,SRTTVx,SRTTVy,SRTTVz,SRTRVx,SRTRVy,SRTRVz,SRGA
215,0.130513,-0.020841,0.301029,-0.527775,0.095683,-0.844004,-0.598105,-0.747393,0.289216,-0.60248,0.657322,0.452739,-0.012315,0.006432,0.028405,-1.41162,-0.07967,1.636562,0.412828,-0.190921,-0.008601,0.306522,-0.749236,0.491746,0.443646,-0.145831,-0.77578,0.613868,0.64697,0.394613,0.65236,-0.031348,0.025286,-0.030776,0.196744,-0.282998,0.061752,-1.407159,0.032074,0.04016,-0.028322,0.602925,-0.491821,0.628166,0.113127,0.832124,0.542928,-0.789736,-0.256283,0.557346,-0.015672,0.012461,-0.015561,0.143229,-0.750521,0.516048,-0.888588,0.066559,0.027825,-0.074547,0.576644,0.002442,-0.816991,0.460362,0.825153,0.327396,0.674942,-0.564903,0.474695,0.001482,0.007748,0.009261,-4.638569,1.114695,3.262986,0.074605
216,0.130709,-0.020416,0.301976,-0.49307,0.118754,-0.861873,-0.633067,-0.728487,0.261735,-0.596174,0.674527,0.43545,0.017724,0.003981,0.026294,-0.601207,0.965923,-1.079486,0.485469,-0.192074,-0.007239,0.305193,-0.78558,0.467207,0.405676,-0.14183,-0.774005,0.617036,0.603258,0.426603,0.67376,-0.03166,0.039303,-0.035817,0.284838,-1.051024,0.75278,-1.407533,0.031485,0.040845,-0.029003,0.64788,-0.475208,0.595338,0.108583,0.831181,0.545295,-0.753962,-0.288642,0.590106,-0.015814,0.019632,-0.017912,0.284818,-1.099943,0.797306,-0.885976,0.066647,0.028047,-0.074063,0.544878,-0.027019,-0.838079,0.501301,0.811691,0.299754,0.672163,-0.58346,0.455818,0.001611,0.008579,0.01003,0.025016,-0.669714,1.065054,0.36069
217,0.13094,-0.020143,0.302267,-0.484601,0.125208,-0.865754,-0.643131,-0.721844,0.255532,-0.592348,0.680466,0.431413,0.002393,0.012698,0.014803,-0.462809,-0.376332,1.05334,0.515283,-0.19267,-0.006571,0.304464,-0.805797,0.448329,0.386889,-0.135422,-0.775376,0.616754,0.577498,0.444018,0.684987,-0.017416,0.035879,-0.040456,0.320895,-0.606309,0.374881,-1.407423,0.031187,0.041185,-0.02936,0.673349,-0.460257,0.578588,0.102644,0.833208,0.543348,-0.732164,-0.306474,0.608283,-0.0087,0.017781,-0.020382,0.274168,-0.576488,0.394583,-0.887119,0.06677,0.028188,-0.073903,0.539975,-0.033547,-0.841012,0.511347,0.80674,0.296132,0.668544,-0.589953,0.452774,0.008729,0.005969,0.007184,-1.628106,0.377096,0.935501,0.442172
218,0.131314,-0.019671,0.302256,-0.486041,0.138398,-0.862934,-0.662735,-0.702016,0.260629,-0.569125,0.698399,0.434007,0.000495,0.01177,-0.007427,-0.177254,0.267139,-0.278452,0.52196,-0.193936,-0.005215,0.303032,-0.844875,0.40061,0.354528,-0.115427,-0.783472,0.610559,0.523414,0.474416,0.707694,-0.045904,0.040453,-0.033607,0.255979,-0.764535,-0.253373,-1.407479,0.03057,0.041837,-0.030075,0.721696,-0.420834,0.549593,0.084963,0.841819,0.533029,-0.686975,-0.33799,0.643293,-0.015685,0.020574,-0.016895,-0.069485,-1.579869,-1.099208,-0.873729,0.06696,0.028437,-0.073887,0.542265,-0.04709,-0.838886,0.534389,0.789788,0.3011,0.648364,-0.611568,0.45344,0.007436,-0.000902,-0.000848,-0.716633,1.406609,-1.717961,0.505039
219,0.131787,-0.019726,0.301826,-0.497507,0.150938,-0.854254,-0.678646,-0.681087,0.274831,-0.539727,0.716276,0.442346,0.013575,-0.008828,-0.00987,-0.003109,0.106876,-0.163147,0.521663,-0.195607,-0.003592,0.301794,-0.890954,0.307312,0.334294,-0.043721,-0.790649,0.610652,0.453084,0.529055,0.717411,-0.045799,0.039968,-0.034148,-0.021265,-0.546211,-0.106261,-1.407359,0.029747,0.042642,-0.030672,0.779632,-0.335439,0.528823,0.015825,0.854728,0.518834,-0.626037,-0.396131,0.671682,-0.022684,0.014445,-0.012845,-1.93529,-3.767968,-4.21781,-0.868504,0.06719,0.028414,-0.074105,0.555315,-0.057915,-0.82962,0.552651,0.771144,0.31609,0.621451,-0.63402,0.460234,0.006714,-0.004827,-0.005427,0.00211,0.097712,-0.150682,0.516306
220,0.132719,-0.020421,0.301437,-0.510128,0.154679,-0.846102,-0.681249,-0.673166,0.287609,-0.524452,0.722929,0.449833,0.027537,-0.025206,-0.007489,-0.458759,0.265907,0.04888,0.520448,-0.196444,-0.002606,0.300386,-0.923948,0.222739,0.310963,0.017914,-0.786661,0.617072,0.383226,0.575427,0.722416,-0.002709,0.020323,-0.03809,-0.550079,-1.737025,-0.47031,-1.407686,0.029301,0.043165,-0.031379,0.824649,-0.257567,0.503599,-0.046292,0.856594,0.513909,-0.563747,-0.447107,0.694466,-0.008556,0.010057,-0.018592,-2.094372,-5.389851,-2.163031,-0.871116,0.06765,0.028067,-0.074305,0.567874,-0.059581,-0.820955,0.555422,0.763818,0.328764,0.607473,-0.642674,0.466846,0.013783,-0.012532,-0.003668,-1.458025,0.579755,0.602048,0.517286
221,0.133407,-0.020895,0.301297,-0.512581,0.157123,-0.844167,-0.680765,-0.673514,0.28794,-0.522686,0.722075,0.453249,0.042853,-0.025129,-0.007057,0.091408,0.38197,0.058093,0.519228,-0.196667,-0.002244,0.299678,-0.94106,0.170003,0.292398,0.051926,-0.781395,0.62182,0.33537,0.600132,0.726107,-0.00231,0.007882,-0.031498,-0.556457,-1.766063,-0.522528,-1.407616,0.029189,0.043349,-0.031738,0.850335,-0.209126,0.482904,-0.080821,0.854862,0.51252,-0.519998,-0.474843,0.710018,-0.008622,0.009595,-0.019097,-2.036936,-5.49552,-2.268255,-0.87177,0.067987,0.027824,-0.074383,0.570251,-0.060573,-0.819233,0.555108,0.763538,0.329944,0.605531,-0.642914,0.469033,0.021367,-0.012912,-0.003957,0.216484,0.470203,0.337345,0.516796
222,0.13539,-0.0219,0.301043,-0.508441,0.169782,-0.84422,-0.694441,-0.660538,0.285331,-0.508569,0.731122,0.454803,0.058183,-0.025632,-0.007451,-0.026935,-0.016924,0.083697,0.518635,-0.196654,-0.002061,0.297928,-0.964102,0.037662,0.262829,0.141312,-0.764906,0.628397,0.225918,0.642926,0.731759,0.025091,-0.008744,-0.051568,-1.414574,-3.682209,-4.002497,-1.408126,0.029196,0.043461,-0.032605,0.892421,-0.084036,0.443306,-0.1707,0.846594,0.504122,-0.417665,-0.525562,0.741174,0.012371,-0.005148,-0.026543,-1.432685,-3.658005,-4.004666,-0.870953,0.068972,0.027319,-0.074512,0.568601,-0.07531,-0.819158,0.570789,0.753192,0.326956,0.59236,-0.653475,0.471252,0.02907,-0.012941,-0.003911,-0.044054,-0.026086,0.045432,0.515489
223,0.137957,-0.022959,0.300761,-0.495915,0.186191,-0.848202,-0.711334,-0.647338,0.273731,-0.497497,0.738869,0.454528,0.073521,-0.026443,-0.008347,-0.024699,-0.030812,0.116057,0.479694,-0.195752,-0.002824,0.295719,-0.971907,-0.073572,0.223552,0.202757,-0.743359,0.63737,0.12051,0.664877,0.737075,0.024565,-0.016402,-0.060603,-0.356906,-1.544145,-0.874677,-1.408063,0.029636,0.043076,-0.033697,0.918528,0.020415,0.394827,-0.234905,0.831453,0.503493,-0.318001,-0.555219,0.768508,0.005115,-0.014442,-0.026493,-1.475148,-4.692194,-3.613562,-0.867197,0.07025,0.02679,-0.074653,0.558892,-0.09343,-0.82396,0.590077,0.742932,0.316007,0.582622,-0.662814,0.47035,0.03658,-0.019028,-0.00042,-0.078878,-0.042157,0.08105,0.496548
224,0.139413,-0.023598,0.300705,-0.485778,0.195877,-0.851879,-0.719414,-0.643128,0.262301,-0.495891,0.740028,0.454398,0.073611,-0.036231,0.00126,0.035838,0.125782,0.268001,0.435747,-0.195378,-0.003371,0.294718,-0.969714,-0.146697,0.195262,0.239455,-0.726701,0.643817,0.048673,0.671252,0.739537,0.025283,-0.026356,-0.051646,-1.260134,-4.710444,-3.589297,-1.408367,0.029822,0.042797,-0.034211,0.929038,0.0851,0.360063,-0.270757,0.819617,0.504894,-0.252147,-0.566555,0.784497,0.005622,-0.019784,-0.022495,-0.763901,-3.307032,0.851715,-0.866708,0.071006,0.026458,-0.074687,0.55038,-0.10418,-0.828388,0.599211,0.740206,0.305025,0.581401,-0.664259,0.46982,0.036816,-0.018044,0.000656,0.039562,0.139874,0.265837,0.454909
225,0.142499,-0.02488,0.301159,-0.486513,0.213154,-0.847299,-0.722836,-0.64292,0.253246,-0.490167,0.735399,0.467923,0.075462,-0.035509,0.023194,0.056956,0.35201,0.320119,0.341799,-0.194584,-0.005017,0.29287,-0.959268,-0.246114,0.138652,0.2751,-0.703679,0.65505,-0.062439,0.666814,0.742512,0.025699,-0.041374,-0.048805,-1.176448,-5.946422,-1.856367,-1.408427,0.030215,0.042,-0.035121,0.938919,0.177882,0.294598,-0.312032,0.801088,0.510777,-0.145141,-0.571502,0.807662,0.013163,-0.026499,-0.020663,-0.079821,-0.597159,0.033454,-0.8703,0.07249,0.025826,-0.07449,0.553637,-0.120477,-0.823996,0.602723,0.740754,0.296659,0.574638,-0.660884,0.482723,0.037792,-0.017336,0.012042,0.156421,0.605729,0.429308,0.34877
226,0.145502,-0.026102,0.302422,-0.490606,0.246116,-0.835929,-0.727389,-0.64388,0.237268,-0.479239,0.724142,0.495958,0.076742,-0.047277,0.051681,0.21727,1.009473,0.503938,0.068414,-0.193506,-0.007216,0.291774,-0.943256,-0.316444,0.100613,0.301263,-0.688699,0.659446,-0.138192,0.65273,0.744789,0.0286,-0.063451,-0.012437,-0.325445,-4.371952,-3.820621,-1.408759,0.030756,0.040865,-0.035724,0.938891,0.242187,0.244597,-0.337345,0.788667,0.514006,-0.068421,-0.56511,0.822173,0.021412,-0.025949,-0.010521,0.493443,-1.08843,-0.009083,-0.867361,0.074048,0.025191,-0.073845,0.562103,-0.152315,-0.81292,0.607758,0.742713,0.28108,0.560954,-0.652055,0.510052,0.038441,-0.023129,0.026387,0.304875,1.14958,0.581297,0.087015
227,0.146805,-0.026891,0.303518,-0.491831,0.270337,-0.827687,-0.73096,-0.644684,0.223725,-0.47251,0.714702,0.515715,0.062584,-0.039514,0.060513,0.366947,1.253281,0.872026,-0.012516,-0.192691,-0.00846,0.291692,-0.928367,-0.363383,0.077976,0.320333,-0.676388,0.663189,-0.187074,0.641113,0.744205,0.044678,-0.067004,0.003137,-0.225914,-1.546166,-0.644512,-1.408734,0.03114,0.040265,-0.035778,0.933071,0.288655,0.214605,-0.35919,0.779203,0.513638,-0.018957,-0.556345,0.830734,0.0224,-0.033214,0.001892,-0.158607,-0.734613,0.191488,-0.86883,0.0747,0.024793,-0.073302,0.566563,-0.175671,-0.805073,0.611657,0.744334,0.268031,0.552159,-0.644286,0.529164,0.031367,-0.01916,0.030914,0.342325,1.222868,0.858987,-0.068928
228,0.148403,-0.028613,0.306875,-0.50021,0.332053,-0.799735,-0.737717,-0.646997,0.192717,-0.452818,0.685962,0.569595,0.019012,-0.053047,0.107594,0.339698,1.701132,0.53138,-0.07406,-0.190514,-0.011241,0.292338,-0.895389,-0.444462,0.026885,0.345227,-0.655083,0.672026,-0.279941,0.611561,0.739925,0.062062,-0.076933,0.032304,-0.34228,-2.138719,-0.275434,-1.408804,0.032216,0.038874,-0.035477,0.91832,0.365179,0.152747,-0.388966,0.760893,0.519371,0.073439,-0.536362,0.840786,0.03102,-0.0387,0.015859,-0.214691,-1.432828,-0.761772,-0.868667,0.075485,0.02396,-0.07171,0.582396,-0.234869,-0.778235,0.619225,0.748425,0.237527,0.526663,-0.620238,0.581317,0.017183,-0.020986,0.049688,0.428545,1.659822,0.79755,-0.251486
229,0.148893,-0.030535,0.311399,-0.508414,0.395172,-0.765114,-0.738752,-0.656669,0.151666,-0.441868,0.641845,0.62675,0.004714,-0.055515,0.125014,0.738795,1.208987,1.259154,-0.083058,-0.188191,-0.013868,0.294085,-0.858807,-0.51228,0.003364,0.378486,-0.630282,0.677811,-0.344016,0.584024,0.735141,0.063489,-0.062233,0.049324,-0.188181,-0.545646,-0.023608,-1.408976,0.033377,0.037555,-0.034619,0.892948,0.436086,0.111679,-0.426187,0.739085,0.521649,0.144944,-0.513402,0.845818,0.024175,-0.030582,0.025679,-0.222937,-3.972085,-3.753316,-0.860992,0.075745,0.022997,-0.069402,0.599701,-0.298221,-0.742578,0.62072,0.759017,0.196467,0.505039,-0.578755,0.640295,0.002312,-0.03305,0.066931,1.657228,0.32362,2.639394,-0.289533
230,0.148737,-0.03321,0.316714,-0.503878,0.449461,-0.737656,-0.739364,-0.665936,0.099211,-0.44602,0.594825,0.668787,-0.010317,-0.07378,0.145235,1.714749,0.082768,2.575595,-0.073441,-0.185969,-0.015974,0.296256,-0.825333,-0.564563,-0.009241,0.40679,-0.606076,0.683468,-0.390411,0.561037,0.729849,0.064321,-0.052503,0.060485,-0.179471,-1.261593,-0.983131,-1.408745,0.034513,0.036482,-0.033512,0.86808,0.48874,0.087004,-0.45699,0.718299,0.5246,0.193898,-0.495155,0.846891,0.024236,-0.019987,0.027381,-0.132095,-3.785843,-3.983365,-0.861319,0.075674,0.021675,-0.066743,0.603441,-0.351977,-0.71552,0.622204,0.769036,0.146441,0.498717,-0.533568,0.683069,-0.005226,-0.03694,0.07259,0.172738,1.384953,0.629542,-0.291329
231,0.148521,-0.034725,0.319628,-0.509783,0.469026,-0.721236,-0.736716,-0.670899,0.08436,-0.443683,0.573765,0.688452,-0.010125,-0.072095,0.146732,0.39207,1.472592,0.804034,-0.068123,-0.184957,-0.016572,0.29725,-0.812,-0.583418,-0.016439,0.41519,-0.597389,0.68606,-0.409046,0.550987,0.727295,0.048344,-0.026459,0.049707,-0.127836,-0.370047,-0.295105,-1.408796,0.035025,0.036176,-0.033007,0.857754,0.508557,0.075005,-0.467193,0.710345,0.526441,0.214446,-0.486599,0.846896,0.023855,-0.006812,0.021745,-0.058156,-1.216723,-1.099054,-0.863932,0.075567,0.020919,-0.065285,0.609449,-0.371105,-0.700608,0.620071,0.773779,0.129528,0.494047,-0.513367,0.70169,-0.005175,-0.041468,0.077698,0.470567,1.261092,0.205502,-0.291166
232,0.148187,-0.037712,0.325514,-0.517305,0.495263,-0.697965,-0.738533,-0.670382,0.071607,-0.431803,0.551894,0.713433,0.005152,-0.071581,0.146573,0.193967,0.451503,0.040502,-0.005734,-0.18324,-0.016227,0.298733,-0.785099,-0.618875,-0.024586,0.434819,-0.579186,0.6895,-0.439953,0.531412,0.723813,0.031184,0.030197,0.032015,0.132699,-3.803164,-4.020169,-1.408871,0.03589,0.036323,-0.032263,0.839472,0.540155,0.059306,-0.485424,0.696374,0.528607,0.244231,-0.47254,0.846791,0.015611,0.015529,0.01649,0.023736,-0.116255,0.124557,-0.864748,0.075395,0.019429,-0.062337,0.619961,-0.399224,-0.675475,0.623421,0.773367,0.115104,0.476438,-0.492465,0.728342,0.002473,-0.036007,0.073085,1.021427,0.396784,-0.779315,-0.26357
233,0.148501,-0.040559,0.331019,-0.515167,0.514421,-0.68558,-0.74739,-0.661132,0.065459,-0.418951,0.545475,0.725923,0.004638,-0.065122,0.132582,-0.209462,0.285261,0.277292,-0.007086,-0.182192,-0.015117,0.29983,-0.761027,-0.648319,-0.022596,0.452422,-0.555563,0.697565,-0.463828,0.521458,0.716106,0.015919,0.024349,0.026238,-0.19744,-3.706373,-3.695846,-1.408965,0.036421,0.036902,-0.031688,0.818236,0.572393,0.053439,-0.507443,0.675436,0.535057,0.270167,-0.46492,0.843123,0.015352,0.012316,0.012666,-0.486003,0.312311,0.145808,-0.864258,0.075553,0.018011,-0.05957,0.620196,-0.417924,-0.663848,0.633553,0.765876,0.109738,0.462564,-0.488642,0.739771,0.009787,-0.033231,0.065592,-0.199592,0.398841,0.147025,-0.23777
234,0.148907,-0.041764,0.333504,-0.515352,0.519185,-0.681839,-0.750634,-0.657315,0.06676,-0.412888,0.545568,0.729319,0.034953,-0.056449,0.121363,-0.251172,0.164844,0.092354,-0.010499,-0.181791,-0.014693,0.300368,-0.749016,-0.661843,-0.030525,0.454434,-0.546889,0.70309,-0.481073,0.513586,0.710395,0.031367,0.013783,0.033614,-0.422699,-0.013066,0.458573,-1.408596,0.036627,0.037121,-0.031412,0.80616,0.590294,0.040719,-0.514457,0.665267,0.541067,0.292299,-0.457135,0.839993,0.015682,0.006882,0.0168,-0.46825,0.002425,0.467241,-0.866871,0.075744,0.017403,-0.058326,0.620892,-0.422944,-0.660008,0.637384,0.762511,0.11098,0.456325,-0.489585,0.743015,0.009799,-0.028012,0.060909,-0.272767,0.143996,0.050042,-0.240056
235,0.150085,-0.043531,0.337719,-0.528014,0.528773,-0.664564,-0.754587,-0.65111,0.081393,-0.389016,0.543788,0.743631,0.034449,-0.039481,0.09855,-1.646968,2.069543,-1.333179,-0.014512,-0.181244,-0.013859,0.301689,-0.726147,-0.685852,-0.048056,0.457734,-0.534569,0.710387,-0.511982,0.49471,0.702139,0.015946,0.02862,0.030527,-0.090783,-0.008139,0.140679,-1.40876,0.036901,0.037534,-0.030756,0.79001,0.61286,0.016869,-0.519433,0.654454,0.549435,0.325686,-0.442822,0.835365,0.007972,0.014467,0.015441,-0.041883,-0.006101,0.14013,-0.85838,0.076346,0.016502,-0.056169,0.633268,-0.429105,-0.64408,0.641469,0.756627,0.126613,0.432998,-0.493338,0.754406,0.017129,-0.019983,0.049004,-1.674374,1.997375,-1.351573,-0.241852
236,0.151527,-0.044651,0.34103,-0.537634,0.535953,-0.65096,-0.756661,-0.647292,0.091919,-0.371435,0.541306,0.754355,0.033857,-0.022952,0.075427,-0.069073,0.278639,0.157512,-0.02306,-0.181042,-0.012964,0.303046,-0.718137,-0.694147,-0.049298,0.462946,-0.529588,0.71074,-0.518548,0.48846,0.701697,0.001837,0.015068,0.03683,-0.0433,0.072759,-0.111691,-1.408645,0.037001,0.037976,-0.030099,0.783434,0.621336,0.013075,-0.525032,0.650456,0.548859,0.332521,-0.43686,0.835811,0.000531,0.012964,0.014224,-0.004531,0.060997,-0.095822,-0.85936,0.077041,0.01596,-0.054569,0.643876,-0.43577,-0.62891,0.643438,0.753159,0.136887,0.414018,-0.492802,0.765332,0.016889,-0.011345,0.03783,-0.140866,0.644835,-0.07086,-0.24969
237,0.152912,-0.04531,0.343596,-0.541153,0.547436,-0.638367,-0.758378,-0.645675,0.089102,-0.362733,0.531658,0.765371,0.033399,-0.015544,0.062884,0.001624,0.301202,0.208912,-0.005982,-0.180884,-0.01198,0.304246,-0.709697,-0.70289,-0.047617,0.470017,-0.522902,0.711049,-0.523781,0.483133,0.701498,0.001164,0.028439,0.030835,0.007037,-0.062441,0.096633,-1.408779,0.03708,0.038465,-0.029487,0.775668,0.631018,0.012398,-0.532894,0.644272,0.548577,0.338174,-0.432121,0.836008,0.007874,0.014142,0.014732,-0.005554,0.047851,-0.067083,-0.862625,0.077746,0.015618,-0.053255,0.648682,-0.447131,-0.61586,0.64548,0.751938,0.133954,0.403194,-0.484419,0.776383,0.016648,-0.00783,0.031362,0.022046,0.431898,0.081954,-0.246914
238,0.153613,-0.045585,0.3447,-0.54225,0.555393,-0.630515,-0.759664,-0.644665,0.085378,-0.358384,0.524582,0.772271,0.032855,-0.009392,0.049298,0.02043,0.349152,0.035599,-0.004347,-0.180798,-0.011479,0.304797,-0.696961,-0.715605,-0.046333,0.479936,-0.513639,0.711176,-0.531828,0.474325,0.701454,0.001007,0.024923,0.026878,-0.006679,0.058031,-0.097079,-1.408964,0.037124,0.038723,-0.029203,0.764305,0.644781,0.00968,-0.543493,0.636017,0.54781,0.347061,-0.423955,0.836546,0.000855,0.006724,0.017315,-0.044195,0.068356,-0.124717,-0.862952,0.078096,0.015481,-0.052694,0.650565,-0.455321,-0.607821,0.64718,0.751173,0.129986,0.397394,-0.477935,0.783361,0.016336,-0.005147,0.024171,0.024036,0.28628,0.200465,-0.241363
239,0.154748,-0.045958,0.346127,-0.536804,0.579655,-0.613096,-0.769805,-0.63388,0.07462,-0.344714,0.511297,0.787258,0.031494,7.2e-05,0.019435,0.2807,0.784202,0.216822,0.020739,-0.180697,-0.010798,0.305869,-0.675065,-0.736503,-0.042912,0.496459,-0.496677,0.711881,-0.544752,0.460189,0.700952,0.001614,0.010936,0.03168,-0.04137,0.040765,-0.14315,-1.408405,0.037174,0.039068,-0.02867,0.744419,0.66768,0.006608,-0.561554,0.620681,0.547185,0.361243,-0.411046,0.836985,0.000789,0.005229,0.015599,-0.039312,-0.015482,-0.243215,-0.864258,0.078665,0.015299,-0.051962,0.647846,-0.478773,-0.592512,0.65915,0.742217,0.120966,0.381858,-0.468922,0.796426,0.015698,-0.000135,0.009524,0.03345,0.148623,0.160992,-0.224543
240,0.155633,-0.045955,0.346488,-0.539568,0.590344,-0.600338,-0.769814,-0.634644,0.067722,-0.340357,0.497951,0.79764,0.015311,0.001479,0.001347,0.08564,0.275088,-0.057577,0.048182,-0.1806,-0.010444,0.307305,-0.657069,-0.752339,-0.047303,0.504708,-0.485814,0.713574,-0.55899,0.445941,0.69895,0.002405,0.001518,0.041362,-0.067507,-0.024001,0.036735,-1.40861,0.037221,0.039244,-0.027975,0.729175,0.68432,-0.002802,-0.571125,0.610806,0.548389,0.376986,-0.398272,0.836217,0.001189,0.000757,0.020697,-0.067629,-0.025144,0.024311,-0.864585,0.079107,0.015295,-0.051773,0.651726,-0.490767,-0.578273,0.659693,0.743003,0.11292,0.374241,-0.455075,0.80799,0.007627,0.000597,0.000513,0.103379,0.30917,-0.006089,-0.191232
241,0.155822,-0.045874,0.346347,-0.541421,0.593417,-0.595622,-0.769063,-0.635779,0.065565,-0.33911,0.492828,0.801344,-0.000344,0.007519,-0.012034,0.071634,0.181778,-0.143256,0.066978,-0.18057,-0.01049,0.308196,-0.652466,-0.756167,-0.049905,0.505263,-0.483303,0.714885,-0.563856,0.442176,0.697431,0.003165,-0.008938,0.050059,-0.10397,-0.011615,0.019838,-1.408891,0.037236,0.039228,-0.027537,0.725541,0.688146,-0.006639,-0.572168,0.608565,0.549792,0.382377,-0.395098,0.835275,0.00157,-0.004262,0.025266,-0.104192,-0.007989,0.014337,-0.867524,0.079213,0.015338,-0.05184,0.65372,-0.493812,-0.573409,0.658997,0.743969,0.1106,0.371983,-0.450177,0.811768,0.007338,0.003202,-0.00666,0.055594,0.130146,-0.090284,-0.168535
242,0.155664,-0.045768,0.345882,-0.543664,0.596263,-0.590715,-0.767864,-0.63747,0.063155,-0.338237,0.487179,0.805158,-0.000714,0.004028,-0.015554,0.041176,0.014887,-0.000576,0.081713,-0.180558,-0.011014,0.310267,-0.637872,-0.768452,-0.050906,0.520034,-0.478675,0.707367,-0.567128,0.425706,0.704984,0.003797,-0.02261,0.055307,0.33525,-0.298777,-0.256298,-1.408294,0.037242,0.038978,-0.026497,0.713963,0.700093,-0.011177,-0.584412,0.60463,0.541187,0.38564,-0.379856,0.840827,0.001882,-0.010929,0.028054,0.461938,-0.422671,-0.334921,-0.868504,0.079133,0.015384,-0.052081,0.656181,-0.496096,-0.568607,0.657603,0.745519,0.108436,0.370114,-0.445071,0.815429,-0.007911,0.002212,-0.007508,0.022622,-0.016784,-0.015637,-0.13506
243,0.155058,-0.045951,0.345586,-0.543282,0.596442,-0.590887,-0.768014,-0.637331,0.062726,-0.338509,0.487142,0.805066,-0.030943,-0.005587,-0.005387,0.003365,-0.042872,0.09474,0.112085,-0.180417,-0.011549,0.311922,-0.630863,-0.77429,-0.049786,0.529117,-0.4764,0.702149,-0.566577,0.417593,0.710261,0.002158,-0.004346,0.034785,0.134893,-0.14229,-0.086283,-1.408698,0.037314,0.0387,-0.025642,0.706375,0.707727,-0.01243,-0.593965,0.602199,0.533443,0.385017,-0.369428,0.845744,0.001051,-0.002162,0.017403,0.158412,-0.168032,-0.105978,-0.872096,0.07884,0.01529,-0.052239,0.655884,-0.496002,-0.569031,0.657677,0.74548,0.108255,0.370507,-0.445242,0.815158,-0.007894,-0.00825,0.001562,-0.030583,-0.047154,0.103135,-0.101422
244,0.15423,-0.046352,0.345585,-0.541331,0.59682,-0.592294,-0.768577,-0.636855,0.060635,-0.340351,0.487302,0.804192,-0.01583,-0.00583,-0.005787,-0.00189,0.026948,-0.055631,0.147595,-0.180319,-0.011533,0.313245,-0.628187,-0.776339,-0.051666,0.531111,-0.476526,0.700555,-0.567685,0.413618,0.7117,0.001462,0.008212,0.027981,0.016422,-0.065572,0.032419,-1.408456,0.037363,0.038698,-0.024984,0.703912,0.710128,-0.015012,-0.595951,0.601969,0.531483,0.386458,-0.365171,0.846935,0.00069,0.003599,0.013469,-0.009126,-0.045883,0.001651,-0.870953,0.07842,0.015087,-0.052242,0.654019,-0.496654,-0.570607,0.658424,0.745128,0.106116,0.372472,-0.445104,0.814337,-0.015429,-0.007505,0.002363,-0.0386,0.053886,-0.106198,-0.055048
245,0.153774,-0.046551,0.345565,-0.538328,0.597082,-0.594761,-0.768763,-0.637036,0.056208,-0.344661,0.486743,0.802694,-0.030929,-0.004817,-0.004671,0.012809,0.017455,-0.047326,0.168753,-0.180348,-0.011378,0.313745,-0.628162,-0.776369,-0.05152,0.530842,-0.476171,0.701,-0.567963,0.413971,0.711273,0.001435,0.007529,0.027213,-0.044257,0.085604,-0.137658,-1.40815,0.037349,0.038779,-0.024723,0.703818,0.710224,-0.014849,-0.595752,0.601507,0.532228,0.386933,-0.365746,0.84647,0.000696,0.00375,0.013591,-0.055033,0.090923,-0.135317,-0.872096,0.078198,0.014986,-0.052254,0.65119,-0.497317,-0.57326,0.658778,0.745438,0.101649,0.376778,-0.443844,0.813043,-0.007961,-0.008531,0.00126,0.010687,3.5e-05,-0.037778,-0.026309
246,0.152961,-0.046787,0.345331,-0.536711,0.596728,-0.596575,-0.768028,-0.638241,0.052467,-0.348789,0.4856,0.801602,-0.015921,0.004254,-0.015291,0.0338,0.015215,-0.036662,0.205904,-0.180439,-0.011206,0.314868,-0.620395,-0.782647,-0.050635,0.537444,-0.471407,0.699187,-0.570293,0.407546,0.713117,0.002131,-0.00469,0.034115,0.007615,-0.05841,-0.023872,-1.408696,0.037303,0.038868,-0.024173,0.696936,0.716951,-0.016163,-0.602232,0.597359,0.529602,0.389353,-0.359365,0.848091,0.00105,-0.002269,0.017141,-0.004514,0.042473,-0.201065,-0.873402,0.077786,0.014864,-0.052367,0.649695,-0.497134,-0.575111,0.658009,0.74661,0.097965,0.380682,-0.442076,0.812187,-0.007933,-0.002896,-0.002881,-0.002397,0.016184,-0.031748,0.028883
247,0.152348,-0.047021,0.345038,-0.539484,0.593341,-0.597452,-0.763786,-0.643464,0.050554,-0.353779,0.482858,0.801072,-0.016005,-0.006718,-0.006768,-0.001894,0.026943,-0.055634,0.247377,-0.180233,-0.011579,0.316212,-0.612855,-0.788559,-0.050736,0.546321,-0.469367,0.693659,-0.570021,0.398388,0.718489,0.002754,-0.018772,0.039193,0.089432,-0.126081,-0.098874,-1.408181,0.037407,0.038682,-0.023486,0.69033,0.723259,-0.018429,-0.61009,0.595628,0.522509,0.388886,-0.349461,0.852434,0.00135,-0.009547,0.019436,0.048733,-0.116147,-0.107436,-0.874546,0.07748,0.014752,-0.052516,0.651979,-0.493321,-0.575809,0.653076,0.751197,0.095883,0.385245,-0.438561,0.811942,-0.007993,-0.003303,-0.003313,-0.002634,0.027171,-0.056608,0.086035
248,0.152175,-0.047141,0.344916,-0.543034,0.590121,-0.597425,-0.759938,-0.648002,0.050583,-0.356614,0.480737,0.80109,-0.015875,-0.00551,-0.005548,-0.001894,0.026943,-0.055634,0.269074,-0.180076,-0.01197,0.316899,-0.608514,-0.792258,-0.045048,0.554494,-0.465267,0.689926,-0.566779,0.39585,0.722446,0.002625,-0.022314,0.035613,0.075536,-0.11676,-0.09243,-1.408121,0.037478,0.038507,-0.023165,0.685514,0.727924,-0.013972,-0.617846,0.591787,0.517739,0.385143,-0.346286,0.855423,0.00127,-0.011711,0.017248,0.122491,-0.147205,-0.15618,-0.874545,0.077392,0.014689,-0.052579,0.655009,-0.489579,-0.575563,0.64856,0.755112,0.095777,0.387725,-0.436023,0.812128,-0.000336,-0.00291,-0.002964,-0.001144,0.011941,-0.026308,0.118203
249,0.152121,-0.047311,0.344743,-0.549431,0.583909,-0.597679,-0.752533,-0.656616,0.050207,-0.362453,0.47663,0.800924,-0.000398,-0.003404,-0.003481,0.0,-0.0,-0.0,0.281034,-0.179693,-0.012729,0.317954,-0.60154,-0.797551,-0.045316,0.563128,-0.463734,0.683938,-0.56572,0.386904,0.7281,0.001725,-0.015621,0.022991,0.211917,-0.181512,-0.14716,-1.40868,0.037677,0.038116,-0.022621,0.679427,0.733568,-0.015997,-0.625027,0.590041,0.511068,0.384342,-0.337235,0.85939,0.008423,-0.01363,0.01473,0.281476,-0.237115,-0.153778,-0.876015,0.077359,0.014601,-0.05267,0.660441,-0.482412,-0.575408,0.639897,0.762546,0.095155,0.392871,-0.431047,0.812311,0.007357,-0.002272,-0.002357,-0.000153,-0.002582,0.003678,0.157883
250,0.152281,-0.047422,0.344659,-0.555038,0.577971,-0.59827,-0.745473,-0.664682,0.049386,-0.368432,0.472683,0.800534,0.015108,-0.00116,-0.001263,0.000985,-0.014715,0.029553,0.280167,-0.179142,-0.013003,0.318521,-0.598882,-0.799437,-0.047243,0.56549,-0.464058,0.681766,-0.566186,0.38259,0.730015,0.000185,0.005556,0.005562,0.009021,-0.019776,0.021107,-1.408155,0.037952,0.037967,-0.022335,0.676644,0.73607,-0.018756,-0.627636,0.589909,0.508015,0.384999,-0.331974,0.861143,0.007291,0.00264,0.002043,-0.023919,-0.007938,0.024424,-0.877321,0.077434,0.014543,-0.052714,0.665131,-0.475648,-0.575637,0.631697,0.769484,0.094083,0.398194,-0.426207,0.812273,-2e-06,-1.9e-05,-2.1e-05,-0.00055,-0.000408,0.000353,0.166048
251,0.152398,-0.047388,0.344663,-0.554562,0.580162,-0.596589,-0.745992,-0.664245,0.047396,-0.368101,0.47061,0.801907,0.000103,0.000885,0.000906,0.019594,0.043602,0.019736,0.277491,-0.178785,-0.012796,0.318582,-0.59889,-0.799636,-0.043648,0.567384,-0.462281,0.6814,-0.564283,0.384327,0.730576,0.01452,0.003013,0.001825,0.002046,-0.015206,0.029245,-1.408223,0.038125,0.038072,-0.022302,0.676164,0.736594,-0.015126,-0.629427,0.588216,0.507762,0.382912,-0.33381,0.861364,4.2e-05,0.0014,0.001393,-0.011923,0.087817,-0.139353,-0.875689,0.077498,0.014562,-0.052709,0.664957,-0.478108,-0.573799,0.632375,0.769188,0.091926,0.397409,-0.423983,0.81382,6.4e-05,0.000544,0.000557,0.003612,0.016535,0.012316,0.165231
252,0.152387,-0.047389,0.344677,-0.554206,0.580335,-0.596751,-0.746211,-0.664014,0.047175,-0.368191,0.470722,0.8018,-0.015138,0.00089,0.000989,-0.000698,0.015352,-0.029265,0.278492,-0.178609,-0.012698,0.318665,-0.598877,-0.799655,-0.043472,0.567459,-0.462168,0.681414,-0.564221,0.384423,0.730573,0.000199,0.006323,0.006316,0.001774,-0.014945,0.024574,-1.408047,0.038218,0.038113,-0.022268,0.676195,0.736569,-0.015007,-0.629437,0.58819,0.507781,0.382842,-0.333913,0.861355,0.000101,0.003271,0.00326,0.001529,-0.013321,0.02809,-0.878301,0.077493,0.014565,-0.0527,0.664576,-0.478226,-0.57414,0.632677,0.76895,0.091843,0.397563,-0.424282,0.813589,-0.007568,0.000456,0.000504,-0.005714,0.006781,-0.031648,0.164904
253,0.152237,-0.047436,0.344689,-0.553484,0.580693,-0.597072,-0.746678,-0.663518,0.046764,-0.368331,0.470978,0.801585,-0.015264,-0.000176,-0.000104,-0.000984,0.014715,-0.029553,0.284863,-0.178331,-0.012516,0.319244,-0.598837,-0.799706,-0.043094,0.567196,-0.461623,0.682002,-0.564527,0.384974,0.730046,0.015572,0.002049,0.020091,-0.043094,0.069097,-0.109133,-1.408056,0.038351,0.038199,-0.021991,0.676216,0.736555,-0.01474,-0.629223,0.587852,0.508436,0.383156,-0.334538,0.860973,0.000568,0.000772,0.010386,-0.034702,-0.002453,0.00897,-0.881077,0.077424,0.014543,-0.052692,0.663897,-0.47865,-0.574573,0.633255,0.768516,0.091487,0.397779,-0.424589,0.813323,-7.6e-05,-0.000647,-0.000663,-0.000147,-0.000159,3.1e-05,0.16915
254,0.152111,-0.047428,0.344683,-0.552598,0.581123,-0.597475,-0.74719,-0.662985,0.046138,-0.368625,0.471198,0.801321,-2.4e-05,0.010189,-0.009351,0.03569,-0.011778,0.018947,0.293258,-0.178054,-0.012791,0.320193,-0.595265,-0.802491,-0.040729,0.571325,-0.458482,0.680673,-0.564146,0.382924,0.731418,0.017006,-0.023168,0.033466,0.023602,-0.083934,-0.061963,-1.407973,0.038496,0.038073,-0.021498,0.672845,0.739662,-0.013376,-0.633205,0.585165,0.506589,0.382531,-0.332386,0.862083,0.008489,-0.011618,0.016699,0.01677,-0.083053,-0.064994,-0.883527,0.077355,0.014541,-0.052693,0.663136,-0.479183,-0.575007,0.63386,0.768083,0.090926,0.398083,-0.424771,0.813079,1e-06,1.4e-05,1.5e-05,-3.5e-05,-2e-06,5.4e-05,0.179111
255,0.152088,-0.047419,0.344677,-0.552004,0.581407,-0.597748,-0.747528,-0.662633,0.045714,-0.368829,0.471341,0.801142,-0.0,-0.0,-0.0,0.0,0.0,0.0,0.295844,-0.177901,-0.013176,0.320797,-0.592014,-0.804921,-0.040159,0.574821,-0.456789,0.678866,-0.56402,0.379829,0.733127,0.016238,-0.012063,0.025255,0.062783,-0.097288,-0.045396,-1.408031,0.038573,0.03788,-0.021197,0.669757,0.742451,-0.013806,-0.636605,0.583648,0.504071,0.382306,-0.328816,0.863551,0.008103,-0.006042,0.012614,0.021895,-0.086048,-0.054135,-0.88516,0.077343,0.01455,-0.052699,0.662593,-0.479557,-0.57532,0.634268,0.767799,0.090485,0.398338,-0.424862,0.812907,1e-06,1.1e-05,1e-05,-2.8e-05,-1.8e-05,5.2e-05,0.184499
256,0.152085,-0.047451,0.344659,-0.550722,0.582022,-0.598332,-0.748288,-0.661834,0.044863,-0.369206,0.471704,0.800755,-5.7e-05,-0.000483,-0.000495,0.0,0.0,0.0,0.299591,-0.177654,-0.013736,0.322041,-0.583342,-0.811028,-0.044018,0.583783,-0.456474,0.671389,-0.563862,0.366975,0.739765,0.016347,-0.008089,0.029135,0.155373,-0.159959,-0.08918,-1.40827,0.03869,0.037597,-0.020591,0.662725,0.748599,-0.019866,-0.643995,0.583258,0.495055,0.382185,-0.315291,0.868634,0.001353,-0.009142,0.019717,0.126704,-0.167915,-0.140153,-0.886302,0.077342,0.014534,-0.052708,0.661449,-0.480351,-0.575974,0.635182,0.767139,0.089665,0.398782,-0.425158,0.812534,-3.5e-05,-0.000293,-0.0003,-1.1e-05,1.8e-05,3.5e-05,0.191521
257,0.152152,-0.047459,0.344636,-0.550246,0.582245,-0.598552,-0.748554,-0.661556,0.044521,-0.369376,0.471818,0.800609,-0.0,-2e-06,-2e-06,0.0,0.0,0.0,0.300647,-0.177487,-0.013957,0.323179,-0.576091,-0.816009,-0.047322,0.591362,-0.456194,0.664915,-0.563428,0.356097,0.74539,0.001159,0.002705,0.021734,0.089742,-0.101394,-0.026762,-1.407381,0.038779,0.037487,-0.020016,0.656346,0.754045,-0.025012,-0.650593,0.582461,0.487306,0.382019,-0.303568,0.872873,0.000943,-0.004399,0.014786,0.025849,-0.075059,-0.087579,-0.884016,0.077375,0.014529,-0.052721,0.661025,-0.48064,-0.576221,0.635504,0.766911,0.089333,0.398973,-0.425242,0.812396,0.007577,-0.000387,-0.000435,0.000958,-0.014725,0.029573,0.19544
258,0.152162,-0.047434,0.344587,-0.553382,0.579116,-0.598697,-0.74475,-0.665856,0.044213,-0.37236,0.469622,0.800518,-0.000122,-0.001047,-0.001073,0.0,-0.0,-0.0,0.295758,-0.177434,-0.013703,0.323867,-0.574643,-0.81699,-0.048006,0.592688,-0.456025,0.66385,-0.563515,0.354056,0.746297,0.000364,0.013292,0.012938,0.00381,-0.029493,0.049369,-1.407748,0.038806,0.03761,-0.019668,0.654909,0.755264,-0.025877,-0.651779,0.581841,0.486461,0.382463,-0.301722,0.873318,0.000161,0.006335,0.006166,-0.007027,-0.009269,0.027871,-0.875852,0.077381,0.014545,-0.052741,0.663642,-0.477066,-0.576182,0.631105,0.770589,0.088871,0.401602,-0.42261,0.812474,2e-06,1e-05,9e-06,-0.000154,-8e-05,0.000151,0.194133
259,0.152148,-0.047459,0.344576,-0.552974,0.579315,-0.598881,-0.745,-0.665593,0.043955,-0.372466,0.469748,0.800395,-0.000142,-0.001212,-0.001241,0.0,0.0,0.0,0.292001,-0.177428,-0.013464,0.3241,-0.574494,-0.817132,-0.04737,0.592995,-0.45554,0.663908,-0.563344,0.354353,0.746284,0.000333,0.012216,0.011862,-0.008719,0.07186,-0.12128,-1.407667,0.038809,0.037732,-0.019549,0.654794,0.755379,-0.025402,-0.651982,0.581527,0.486564,0.382312,-0.302038,0.873274,0.000143,0.005628,0.005465,0.00043,-0.011966,0.028679,-0.876342,0.077374,0.014531,-0.052748,0.663292,-0.477313,-0.57638,0.631395,0.770379,0.088635,0.401724,-0.422715,0.812359,-7.7e-05,-0.000662,-0.000679,-9.1e-05,1e-05,0.000135,0.191194
260,0.152125,-0.047563,0.34447,-0.551934,0.579818,-0.599354,-0.74561,-0.664957,0.043246,-0.37279,0.470029,0.80008,-0.00034,-0.002906,-0.002979,0.0,0.0,0.0,0.289961,-0.177248,-0.013305,0.324683,-0.572679,-0.818458,-0.046448,0.595087,-0.45415,0.662989,-0.56299,0.353072,0.747159,0.01544,0.000744,0.018505,0.07476,-0.105407,0.010537,-1.407658,0.038893,0.037814,-0.019262,0.653313,0.756679,-0.024843,-0.653802,0.580427,0.485435,0.381738,-0.300899,0.873919,0.000518,-0.000352,0.009144,0.101255,-0.092417,-0.050858,-0.877485,0.077362,0.014481,-0.052799,0.662363,-0.477963,-0.57691,0.632132,0.769852,0.087951,0.402099,-0.422939,0.812057,-0.000204,-0.001751,-0.001794,0.00532,-0.072154,0.154005,0.186949
261,0.152097,-0.047694,0.344306,-0.555162,0.576633,-0.599445,-0.741754,-0.669267,0.043072,-0.375668,0.467832,0.800021,-0.000437,-0.003734,-0.003834,0.0,-0.0,-0.0,0.283103,-0.176974,-0.013604,0.325585,-0.567923,-0.821742,-0.046849,0.599961,-0.452401,0.659783,-0.562639,0.347636,0.749966,0.002569,-0.024593,0.033111,0.257074,-0.138658,-0.379372,-1.407638,0.039035,0.037679,-0.018812,0.649914,0.759552,-0.026264,-0.657214,0.579031,0.482486,0.381681,-0.296314,0.875509,0.008051,-0.006727,0.011855,0.531619,-0.366675,-0.171918,-0.878791,0.077348,0.014415,-0.052882,0.665074,-0.474312,-0.576804,0.627664,0.773535,0.087631,0.404614,-0.420321,0.812168,-0.000259,-0.002232,-0.002293,-0.001088,0.012189,-0.025898,0.182213
262,0.152063,-0.047792,0.34422,-0.555114,0.576659,-0.599465,-0.741792,-0.669225,0.043059,-0.375662,0.46786,0.800007,-0.00053,-0.00452,-0.004645,0.0,-0.0,-0.0,0.278746,-0.176881,-0.014,0.326079,-0.56481,-0.823851,-0.047459,0.602969,-0.451407,0.657719,-0.562563,0.34391,0.75174,0.002481,-0.028098,0.029743,0.230927,-0.200257,-0.215473,-1.407658,0.039083,0.037475,-0.018549,0.646824,0.762131,-0.027821,-0.660394,0.57798,0.479394,0.381441,-0.29171,0.877158,0.001218,-0.01425,0.014673,0.293865,-0.224474,-0.209763,-0.877648,0.077331,0.014365,-0.052926,0.66503,-0.474347,-0.576826,0.627713,0.773497,0.087621,0.404611,-0.420352,0.812153,-0.000275,-0.002358,-0.002425,-0.000123,0.0,0.000161,0.176008
263,0.151984,-0.047992,0.34403,-0.553561,0.576874,-0.600694,-0.74181,-0.669352,0.040707,-0.377911,0.467413,0.799209,-0.015788,-0.004395,-0.004459,-0.001894,0.026944,-0.055634,0.271086,-0.17681,-0.01459,0.327072,-0.557444,-0.828439,-0.054188,0.608657,-0.45233,0.651819,-0.56379,0.331417,0.756417,0.001069,0.000177,0.019072,0.260964,-0.310288,0.070669,-1.407562,0.039118,0.037165,-0.018074,0.641077,0.766621,-0.036208,-0.665078,0.578468,0.472276,0.383002,-0.278684,0.880706,0.000507,-0.000272,0.009187,0.337004,-0.245435,-0.14627,-0.877975,0.077297,0.014266,-0.05302,0.66355,-0.474801,-0.578156,0.627855,0.773647,0.085245,0.406815,-0.419562,0.81146,-0.000269,-0.002319,-0.002389,-0.001312,0.012486,-0.026211,0.165068
264,0.151937,-0.048093,0.343911,-0.553808,0.576752,-0.600582,-0.741655,-0.669515,0.040855,-0.377854,0.467329,0.799285,-0.000155,-0.001314,-0.001355,0.0,0.0,0.0,0.266745,-0.17688,-0.014243,0.327553,-0.55596,-0.82939,-0.054879,0.610296,-0.452265,0.650331,-0.563486,0.329114,0.757648,-0.014098,0.009151,0.00992,0.000218,0.00041,-0.004613,-1.407378,0.039088,0.037343,-0.017822,0.639173,0.768147,-0.037505,-0.666941,0.577923,0.470312,0.382944,-0.275597,0.881702,0.000113,0.004854,0.004635,-0.022168,0.091445,-0.144841,-0.880097,0.077267,0.014209,-0.053087,0.663805,-0.474624,-0.578009,0.627645,0.773799,0.085415,0.406722,-0.419484,0.811547,-7.7e-05,-0.000661,-0.000678,-7.2e-05,1.2e-05,7.2e-05,0.156577
265,0.151833,-0.048092,0.343898,-0.552139,0.577022,-0.601859,-0.741712,-0.669598,0.038384,-0.380175,0.466878,0.798448,-0.015159,0.000994,0.001089,-0.000984,0.014715,-0.029553,0.262142,-0.176905,-0.013936,0.327834,-0.55539,-0.829913,-0.052692,0.611345,-0.450561,0.650527,-0.562912,0.330132,0.757632,0.014523,0.008137,0.006572,0.003826,-0.029673,0.054103,-1.407873,0.039065,0.037497,-0.01768,0.638389,0.768896,-0.035452,-0.668078,0.57638,0.470591,0.38227,-0.276736,0.881638,8.8e-05,0.003726,0.003549,0.001382,-0.012681,0.028035,-0.879934,0.077221,0.01421,-0.053092,0.662232,-0.475137,-0.579389,0.627825,0.773924,0.082925,0.409003,-0.418671,0.81082,2.3e-05,0.000197,0.000208,-0.001212,0.00093,-0.000864,0.150045
266,0.151732,-0.048066,0.34391,-0.555681,0.573678,-0.601796,-0.737645,-0.674072,0.038455,-0.382908,0.464563,0.798492,-0.01516,0.000979,0.001072,-0.000984,0.014715,-0.029553,0.263832,-0.176877,-0.013817,0.328016,-0.555262,-0.830031,-0.052188,0.611507,-0.450126,0.650676,-0.562863,0.330431,0.757538,0.000994,-0.002653,0.016289,-0.034659,-0.003762,0.006727,-1.407561,0.039084,0.037558,-0.017589,0.638255,0.769026,-0.035035,-0.668244,0.576057,0.470751,0.382202,-0.277047,0.881569,0.000491,-0.001327,0.008145,-0.034808,-0.002336,0.009343,-0.880424,0.077171,0.014225,-0.053085,0.665232,-0.471279,-0.579103,0.623107,0.777735,0.082853,0.411343,-0.41596,0.811032,1.5e-05,0.00013,0.000137,-0.000417,-5.2e-05,3.5e-05,0.147759
267,0.151515,-0.04806,0.343917,-0.555842,0.573605,-0.601715,-0.737552,-0.674167,0.038562,-0.382853,0.464514,0.798547,-3.7e-05,-0.000307,-0.000317,0.0,0.0,0.0,0.281439,-0.176553,-0.013976,0.328532,-0.553482,-0.831254,-0.051631,0.613133,-0.448764,0.650087,-0.562849,0.329205,0.758081,0.015228,-0.005569,0.012329,-0.030928,-0.006939,0.009447,-1.407419,0.039235,0.03749,-0.01734,0.636568,0.770425,-0.035009,-0.669928,0.57488,0.469795,0.382068,-0.275603,0.88208,0.000845,-0.008395,0.010824,-0.084653,0.01084,-0.015482,-0.879118,0.077057,0.014229,-0.053079,0.665391,-0.471176,-0.579004,0.622988,0.777818,0.082972,0.411266,-0.415922,0.811091,-0.007617,0.000192,0.000231,-0.001094,0.01473,-0.029414,0.160006
268,0.151399,-0.048034,0.34387,-0.555537,0.57176,-0.603749,-0.7374,-0.674255,0.039897,-0.383586,0.466655,0.796945,-0.000151,-0.001269,-0.001309,-0.017287,-0.024921,-0.042918,0.293053,-0.176107,-0.014466,0.329332,-0.54897,-0.834131,-0.053385,0.617235,-0.447761,0.646889,-0.562791,0.323226,0.760694,0.001748,-0.015027,0.023324,0.038808,-0.159686,0.114518,-1.407537,0.03947,0.037233,-0.016931,0.632941,0.773267,-0.037986,-0.673359,0.57405,0.46589,0.382063,-0.269303,0.884026,0.000863,-0.00752,0.011651,0.005677,-0.148627,0.107008,-0.88075,0.076999,0.014244,-0.053101,0.664831,-0.469186,-0.581259,0.622785,0.777818,0.084482,0.412476,-0.418166,0.80932,-7.4e-05,-0.000617,-0.000635,-0.001241,0.00349,-0.034445,0.179927
269,0.151397,-0.04803,0.34383,-0.555425,0.571811,-0.603804,-0.737435,-0.674226,0.039759,-0.383682,0.466635,0.796911,-0.000131,-0.001099,-0.001134,-0.000239,-0.000543,-0.000246,0.295805,-0.176013,-0.014564,0.329613,-0.547473,-0.835072,-0.054032,0.618629,-0.447492,0.645742,-0.56272,0.321156,0.761622,0.000923,-0.005325,0.013729,-0.00453,-0.024569,-0.007448,-1.407553,0.039516,0.037189,-0.016793,0.631516,0.77438,-0.039013,-0.674696,0.573623,0.464479,0.382062,-0.267005,0.884723,0.000445,-0.002958,0.00658,-0.043135,0.00149,-0.042108,-0.880914,0.076998,0.014246,-0.053121,0.664791,-0.469372,-0.581155,0.622803,0.777833,0.084213,0.412514,-0.417929,0.809423,-8.4e-05,-0.000706,-0.000728,0.00443,0.008018,0.002497,0.186295
