frame,MLTx,MLTy,MLTz,MLTR1,MLTR2,MLTR3,MLTR4,MLTR5,MLTR6,MLTR7,MLTR8,MLTR9,MLTTVx,MLTTVy,MLTTVz,MLTRVx,MLTRVy,MLTRVz,MLGA,MRTx,MRTy,MRTz,MRTR1,MRTR2,MRTR3,MRTR4,MRTR5,MRTR6,MRTR7,MRTR8,MRTR9,MRTTVx,MRTTVy,MRTTVz,MRTRVx,MRTRVy,MRTRVz,MRGA,SLTx,SLTy,SLTz,SLTR1,SLTR2,SLTR3,SLTR4,SLTR5,SLTR6,SLTR7,SLTR8,SLTR9,SLTTVx,SLTTVy,SLTTVz,SLTRVx,SLTRVy,SLTRVz,SLGA,SRTx,SRTy,SRTz,SRTR1,SRTR2,SRTR3,SRTR4,SRTR5,SRTR6,SRTR7,SRTR8,SRTR9,SRTTVx,SRTTVy,SRTTVz,SRTRVx,SRTRVy,SRTRVz,SRGA
459,0.150657,-0.044557,0.343119,-0.510411,0.043734,-0.858844,-0.191763,-0.979336,0.064032,-0.837666,0.197316,0.509322,0.015038,-0.001255,-0.001332,0.000984,-0.014715,0.029553,-0.215124,-0.171499,-0.034662,0.342698,-0.856564,0.337908,0.390011,-0.188077,-0.908112,0.374025,0.481632,0.246605,0.84088,0.014668,-0.002297,-0.003478,0.002045,-0.015205,0.029245,-1.174261,0.041626,0.027265,-0.00996,0.754808,-0.324031,0.570322,0.184401,0.939224,0.289574,-0.629491,-0.113405,0.768686,0.007335,-0.001264,-0.001851,0.002022,-0.015213,0.029242,-0.865401,0.076901,0.015911,-0.053525,0.547093,0.033065,-0.836417,0.052169,0.99593,0.073495,0.835443,-0.083844,0.543141,0.00751,-0.000692,-0.000737,0.000863,-0.014711,0.029639,-0.315333
460,0.150946,-0.044618,0.34307,-0.510843,0.035058,-0.858985,-0.174573,-0.98257,0.063656,-0.841151,0.182424,0.50913,0.014834,-0.002968,-0.003082,0.039439,-0.017564,0.006761,-0.343518,-0.171432,-0.03458,0.342555,-0.856569,0.338002,0.389917,-0.188372,-0.908171,0.373732,0.481506,0.246258,0.841054,-0.000871,0.009137,-0.01029,0.036438,-0.009102,0.018991,-0.977394,0.04166,0.027299,-0.010031,0.754822,-0.324122,0.570252,0.184715,0.939233,0.289344,-0.629383,-0.113069,0.768824,0.007348,-0.000475,-0.001093,0.002036,-0.015224,0.029257,-0.765957,0.077046,0.015883,-0.053547,0.546329,0.04173,-0.836529,0.034717,0.996771,0.072397,0.83685,-0.068595,0.543116,0.007393,-0.001721,-0.001789,0.128929,-0.011451,-0.073033,-0.394039
461,0.151536,-0.044815,0.343015,-0.51271,0.031463,-0.858012,-0.163604,-0.984587,0.061596,-0.842216,0.171909,0.511025,0.014999,-0.011981,0.007451,-0.022261,0.042731,0.032,-0.613484,-0.171084,-0.034115,0.34234,-0.856636,0.339024,0.388881,-0.190088,-0.908038,0.373187,0.480711,0.245343,0.841776,0.013891,0.01509,-0.005823,0.026202,0.064476,-0.129294,-0.506451,0.041828,0.027525,-0.010145,0.755005,-0.325369,0.569299,0.186572,0.938916,0.289182,-0.628615,-0.112118,0.769591,-0.000391,0.007831,-0.002006,0.038212,-0.021967,0.044731,-0.602993,0.077334,0.015784,-0.053583,0.547861,0.045474,-0.835331,0.02355,0.997287,0.069736,0.836237,-0.057878,0.545304,0.00748,-0.001,-0.001062,0.008807,0.024597,0.049621,-0.58313
462,0.152308,-0.04486,0.342993,-0.511751,0.032949,-0.858528,-0.164448,-0.984534,0.060177,-0.842635,0.171931,0.510326,0.030298,-0.000723,-0.000895,0.001972,-0.029418,0.059112,-0.941208,-0.170527,-0.033518,0.341975,-0.856487,0.337068,0.390907,-0.185649,-0.907704,0.376221,0.482712,0.249238,0.839484,0.01295,0.020837,-0.019374,-0.094962,0.196511,-0.028328,-0.111251,0.042112,0.02784,-0.010318,0.754725,-0.322979,0.571028,0.181594,0.939256,0.29124,-0.630406,-0.116111,0.767531,0.00648,0.01024,-0.009866,-0.119564,0.217422,-0.017026,-0.494242,0.07772,0.015756,-0.053592,0.546941,0.043979,-0.836014,0.024535,0.997348,0.068518,0.836811,-0.057987,0.544411,0.015172,-0.000177,-0.000271,0.001055,-0.030858,0.058777,-0.79802
463,0.152956,-0.044854,0.342965,-0.509153,0.036551,-0.859926,-0.165364,-0.984628,0.055998,-0.844031,0.17066,0.508443,0.030321,-0.000477,-0.000664,0.107383,-0.147664,0.250695,-1.21158,-0.1702,-0.033296,0.341615,-0.855425,0.338842,0.391696,-0.186445,-0.906937,0.377674,0.484287,0.249622,0.838462,0.012891,0.015637,-0.024383,-0.182225,0.207373,0.174239,0.029745,0.042271,0.027952,-0.010483,0.75393,-0.324115,0.571435,0.182232,0.938868,0.29209,-0.631174,-0.116082,0.766905,0.014229,0.002817,-0.008119,-0.386175,0.345288,0.262737,-0.456195,0.078027,0.01576,-0.053604,0.545374,0.040921,-0.837192,0.02545,0.997538,0.065338,0.837805,-0.056941,0.54299,0.015244,6.5e-05,-4.2e-05,1.175099,-1.341871,2.186545,-0.940736
464,0.154311,-0.044963,0.34305,-0.502603,0.045464,-0.863347,-0.167477,-0.984808,0.045576,-0.847538,0.167434,0.503658,0.030616,-0.008337,0.011011,-0.031972,-0.031015,0.067705,-1.503555,-0.169731,-0.032937,0.340639,-0.854107,0.34372,0.39032,-0.1895,-0.904449,0.382093,0.485427,0.251955,0.837103,0.01285,0.010689,-0.029186,-0.00647,0.02558,0.090196,0.222576,0.042505,0.028131,-0.010972,0.751803,-0.329762,0.571006,0.184072,0.936496,0.298482,-0.633173,-0.119294,0.764761,-0.000909,0.004486,-0.014785,-0.018886,-0.005608,0.085331,-0.32246,0.078721,0.015705,-0.053569,0.539756,0.030278,-0.841276,0.0281,0.998147,0.053953,0.841351,-0.052761,0.537905,0.015254,0.000664,0.000546,-0.000798,-0.026913,0.055404,-1.000174
465,0.155797,-0.044891,0.343273,-0.498616,0.05557,-0.865066,-0.170215,-0.984778,0.034789,-0.84935,0.164519,0.501564,0.03094,0.005697,0.005522,0.005179,-0.032859,0.089306,-1.618925,-0.169702,-0.03252,0.339311,-0.855552,0.343785,0.387083,-0.187701,-0.902678,0.387137,0.483575,0.258133,0.836293,-0.002748,0.016453,-0.041498,0.009311,0.083118,0.054769,0.325378,0.042525,0.028336,-0.011632,0.7539,-0.330193,0.567984,0.181398,0.935537,0.303092,-0.631449,-0.12547,0.765198,-0.000917,0.002925,-0.016321,-0.049306,0.113095,0.043126,-0.021842,0.079464,0.015735,-0.053457,0.537536,0.019698,-0.84301,0.031276,0.998573,0.043276,0.84266,-0.049628,0.536153,0.023021,0.002548,0.002366,0.003743,-0.157356,0.28705,-0.988254
466,0.157175,-0.044722,0.343578,-0.502086,0.086735,-0.860484,-0.196949,-0.980268,0.016047,-0.841493,0.177415,0.510334,0.030987,0.006714,0.006489,1.364876,-0.896991,2.620807,-1.776717,-0.169849,-0.032106,0.337776,-0.868015,0.314078,0.384573,-0.158097,-0.908914,0.385763,0.47179,0.273658,0.838086,-0.001907,0.002835,-0.035673,0.064126,0.002694,-0.02454,0.397127,0.04245,0.028548,-0.012417,0.768634,-0.301605,0.564124,0.152954,0.942945,0.295736,-0.621133,-0.141027,0.770911,-0.00093,0.001187,-0.018065,0.061093,0.005296,-0.022543,0.254772,0.080153,0.015822,-0.053302,0.54567,-0.007961,-0.837961,0.058877,0.997847,0.02886,0.835928,-0.065085,0.544964,0.015538,-0.001706,0.00793,0.154618,0.712433,0.408734,-0.987274
467,0.157577,-0.044672,0.343815,-0.506076,0.119969,-0.854131,-0.234126,-0.972189,0.002107,-0.829499,0.200885,0.521155,0.016088,-0.001617,0.017852,-0.285461,0.626148,0.821939,-1.791194,-0.169873,-0.031934,0.336976,-0.867983,0.31391,0.384781,-0.158722,-0.909464,0.384208,0.471639,0.272023,0.838703,-0.001909,0.002862,-0.035705,0.069312,0.007879,-0.013283,0.444383,0.042439,0.028629,-0.012806,0.768565,-0.301438,0.564307,0.153838,0.94324,0.294332,-0.621,-0.139401,0.771314,-0.001369,0.006414,-0.022588,0.105556,-0.000858,0.006365,0.330212,0.08036,0.015849,-0.053189,0.552904,-0.042539,-0.832157,0.097004,0.995191,0.013578,0.827578,-0.08823,0.554372,0.008031,0.004564,0.004525,-1.229033,0.852345,1.564997,-0.988907
468,0.158223,-0.043913,0.344029,-0.525417,0.195562,-0.828093,-0.299733,-0.953365,-0.035033,-0.795677,0.229551,0.560563,0.016252,0.033718,-0.005437,-4.181861,1.003157,4.196239,-1.785732,-0.169856,-0.031723,0.335468,-0.869974,0.310586,0.382977,-0.159787,-0.912237,0.377128,0.467586,0.266511,0.842732,0.012811,0.002485,-0.037507,0.165627,-0.078682,-0.06048,0.524936,0.042442,0.028735,-0.01356,0.771062,-0.29848,0.56247,0.15631,0.945027,0.28721,-0.617276,-0.133537,0.77533,-0.000931,0.001407,-0.017933,0.186024,-0.094814,-0.074778,0.464437,0.080683,0.016213,-0.053075,0.581587,-0.111258,-0.805839,0.1607,0.986795,-0.020262,0.797452,-0.117715,0.591787,0.008217,0.017575,-0.002009,0.418656,1.439839,1.197358,-0.988907
469,0.158377,-0.042687,0.344025,-0.553767,0.261312,-0.790635,-0.341545,-0.937195,-0.070598,-0.758744,0.230611,0.609224,-0.013713,0.025086,0.005746,-1.085572,1.262841,2.117411,-1.822537,-0.169835,-0.031661,0.333908,-0.880531,0.295215,0.370817,-0.148102,-0.914417,0.376618,0.451368,0.276338,0.848391,-0.001957,-0.001681,-0.040496,-0.427432,-0.814347,-0.046517,0.535587,0.042458,0.02877,-0.014336,0.78421,-0.285258,0.551036,0.145423,0.94782,0.283704,-0.603213,-0.14235,0.784774,-0.00093,-0.0008,-0.020246,-1.640345,-2.711847,-0.053031,0.510485,0.080771,0.016834,-0.053077,0.617018,-0.175204,-0.767197,0.209859,0.97623,-0.054161,0.75845,-0.127585,0.63912,0.00065,0.012797,0.003013,-4.484028,1.565491,4.003379,-1.008338
470,0.158276,-0.042225,0.344093,-0.560081,0.300517,-0.772039,-0.37626,-0.922482,-0.086185,-0.7374,0.241837,0.6307,-0.013898,0.023002,0.003629,0.183705,1.198395,0.940938,-1.820048,-0.169865,-0.031646,0.333063,-0.886713,0.282884,0.36566,-0.139123,-0.91743,0.372694,0.442008,0.27925,0.852357,-0.001967,-0.002258,-0.041173,0.194182,-0.434933,-0.627364,0.535637,0.042442,0.028775,-0.014776,0.791802,-0.274666,0.545533,0.137055,0.950303,0.279535,-0.595201,-0.146569,0.790096,-0.000959,-0.001251,-0.020706,0.312697,-0.52609,-0.684778,0.5162,0.080721,0.01707,-0.053038,0.628002,-0.214886,-0.747954,0.248841,0.966109,-0.068628,0.737353,-0.143023,0.660191,0.000521,0.010674,0.0009,-0.068569,1.164053,1.405396,-1.019605
471,0.158036,-0.041171,0.343846,-0.567933,0.374921,-0.732756,-0.444376,-0.888983,-0.110508,-0.692139,0.262386,0.672402,-0.014341,0.02918,-0.009742,-0.876407,1.210831,1.825226,-1.777172,-0.170109,-0.031625,0.331284,-0.896536,0.263077,0.356378,-0.121923,-0.919887,0.372661,0.42699,0.290327,0.856302,-0.002015,-0.005241,-0.04441,0.085048,-0.076139,0.13391,0.536095,0.042322,0.028789,-0.015625,0.804989,-0.255847,0.535288,0.120129,0.953839,0.275242,-0.580999,-0.157263,0.798565,-0.008372,-0.002723,-0.021638,0.061367,-0.035331,0.111978,0.519956,0.080602,0.017598,-0.053154,0.644023,-0.286353,-0.709391,0.320394,0.943019,-0.089789,0.694681,-0.169458,0.699071,0.000279,0.014123,-0.00543,-3.799661,0.361014,4.220485,-1.018136
472,0.157573,-0.040175,0.34325,-0.572843,0.428613,-0.698705,-0.4777,-0.867214,-0.14041,-0.665401,0.2528,0.702397,-0.015203,0.020137,-0.018734,-3.535483,0.529185,4.52388,-1.746643,-0.170442,-0.031748,0.329165,-0.902294,0.258069,0.345336,-0.124229,-0.922573,0.365184,0.413972,0.286283,0.864021,-0.00212,-0.011772,-0.051418,0.461626,-0.318933,-0.276097,0.536604,0.042161,0.028736,-0.016677,0.81176,-0.253901,0.525907,0.123683,0.95486,0.270083,-0.570742,-0.154197,0.80652,-0.001468,-0.000961,-0.030485,0.095038,-0.052871,-0.027452,0.521426,0.080371,0.018108,-0.053439,0.65629,-0.336556,-0.675287,0.353769,0.927785,-0.118581,0.66643,-0.161072,0.727959,-0.000167,0.009233,-0.010274,0.236322,0.863467,0.430661,-1.009645
473,0.157428,-0.039683,0.342486,-0.556708,0.492762,-0.66881,-0.526052,-0.832168,-0.175321,-0.642268,0.253608,0.723327,-0.000646,0.015494,-0.023521,0.268214,1.011245,0.541965,-1.763545,-0.170976,-0.031774,0.326716,-0.910389,0.250856,0.32902,-0.127331,-0.926376,0.354327,0.394824,0.280371,0.874854,-0.017943,-0.004579,-0.062888,0.687548,-0.486317,-0.415496,0.537032,0.041887,0.028714,-0.017946,0.823197,-0.249055,0.510213,0.129062,0.957211,0.259019,-0.552891,-0.147375,0.820117,-0.008939,-0.002465,-0.031611,0.643562,-0.438457,-0.403269,0.522242,0.080293,0.018355,-0.053835,0.646709,-0.407347,-0.644851,0.413704,0.897612,-0.152118,0.640792,-0.168402,0.749016,-0.000343,0.007433,-0.012068,0.277321,1.057628,0.553382,-1.022381
474,0.15736,-0.039397,0.342041,-0.551731,0.522418,-0.650168,-0.547794,-0.814759,-0.189894,-0.628254,0.250733,0.736516,-0.000556,0.016392,-0.022629,0.316809,1.250429,0.656482,-1.768864,-0.17133,-0.0317,0.325285,-0.916649,0.247944,0.31348,-0.131441,-0.927571,0.349671,0.378625,0.279015,0.882415,-0.01887,0.005171,-0.072871,-0.501299,-2.664836,1.074898,0.536267,0.041723,0.028746,-0.018608,0.830931,-0.247536,0.498275,0.133284,0.95806,0.253684,-0.540174,-0.144382,0.829075,-0.001959,0.002614,-0.037046,0.353467,-0.234104,-0.001824,0.522079,0.080264,0.01848,-0.054046,0.64403,-0.435961,-0.62862,0.437768,0.883909,-0.16451,0.627363,-0.169241,0.760113,-0.000289,0.007943,-0.011564,0.28102,1.054221,0.552957,-1.025484
475,0.157216,-0.038879,0.341259,-0.549348,0.564537,-0.616085,-0.571065,-0.791834,-0.216463,-0.609361,0.232204,0.758148,-0.015573,0.005397,-0.013944,0.290805,1.02913,0.510961,-1.77064,-0.171907,-0.031695,0.322512,-0.915732,0.268255,0.299106,-0.163583,-0.928762,0.332529,0.368152,0.255248,0.893966,-0.018154,-0.007742,-0.067095,0.658251,-0.511041,-0.22343,0.535038,0.041434,0.028758,-0.019999,0.831841,-0.27064,0.484556,0.1683,0.954946,0.244446,-0.528881,-0.121789,0.839911,-0.001568,-0.00362,-0.033931,0.384066,-0.27919,-0.03159,0.521916,0.080192,0.018744,-0.05444,0.646509,-0.478639,-0.594079,0.465136,0.864531,-0.190351,0.604709,-0.153263,0.781559,-0.000279,0.007973,-0.011541,0.92186,0.291256,1.054511,-1.036588
476,0.157317,-0.038606,0.340623,-0.513803,0.629062,-0.583381,-0.618639,-0.742735,-0.25613,-0.593786,0.228515,0.771509,-0.000419,0.006801,-0.012713,-2.832674,-0.555798,4.914669,-1.782421,-0.172258,-0.032558,0.320266,-0.916016,0.279235,0.287981,-0.185584,-0.931355,0.31316,0.35681,0.233071,0.904559,-0.015753,-0.041525,-0.043487,0.600427,-0.438243,-0.489219,0.534373,0.041251,0.028334,-0.021159,0.833529,-0.282831,0.474589,0.193738,0.954111,0.228335,-0.517391,-0.098378,0.850074,-0.000771,-0.01531,-0.026651,0.728775,-0.629689,-0.317071,0.522405,0.080236,0.01888,-0.054773,0.622614,-0.544882,-0.561653,0.515909,0.825486,-0.228931,0.588377,-0.147226,0.795069,0.007265,0.002853,-0.007,0.914275,0.767779,1.35027,-1.039364
477,0.157446,-0.038397,0.340347,-0.498314,0.663214,-0.558458,-0.642964,-0.714734,-0.275181,-0.581039,0.221112,0.783281,-0.000302,0.018934,-0.020093,0.139193,1.339862,1.213516,-1.782764,-0.172282,-0.033198,0.319329,-0.915464,0.284058,0.285005,-0.195413,-0.932871,0.302487,0.352949,0.220872,0.909124,-0.000738,-0.038582,-0.042009,0.575549,-0.405101,-0.39744,0.534108,0.041234,0.028007,-0.021634,0.833228,-0.287777,0.472139,0.205211,0.953848,0.219231,-0.513439,-0.085781,0.853827,-0.000754,-0.013704,-0.025088,0.700825,-0.530511,-0.143413,0.522405,0.0803,0.018986,-0.054917,0.607419,-0.584134,-0.538357,0.5492,0.79845,-0.246689,0.573952,-0.145822,0.8058,-0.00012,0.009578,-0.009942,0.118486,1.271397,1.180186,-1.043282
478,0.157106,-0.037458,0.33955,-0.484116,0.720078,-0.497156,-0.679382,-0.667328,-0.305099,-0.550867,0.189155,0.812892,-0.015074,0.032006,-0.026359,0.415995,1.658322,0.863567,-1.772738,-0.172173,-0.034071,0.317699,-0.916097,0.276428,0.29042,-0.194325,-0.939575,0.281725,0.351901,0.201312,0.914058,-0.000509,-0.026252,-0.028961,0.295562,-0.272016,-0.061811,0.528164,0.041289,0.027558,-0.022455,0.833688,-0.278933,0.476613,0.207726,0.958072,0.197349,-0.511677,-0.065523,0.856675,0.006895,-0.006752,-0.018389,0.664744,-0.29247,-0.209226,0.522405,0.080136,0.019445,-0.055305,0.598613,-0.642739,-0.478066,0.593061,0.756787,-0.274863,0.53846,-0.118985,0.834207,-0.007514,0.016085,-0.013096,0.343565,1.28677,0.687672,-1.044099
479,0.156327,-0.03629,0.338766,-0.451207,0.777426,-0.438254,-0.72309,-0.606229,-0.331058,-0.522501,0.16655,0.83623,-0.014616,0.025129,-0.013731,-2.135843,-0.588868,5.300058,-1.80143,-0.171963,-0.034379,0.316672,-0.907614,0.280336,0.312476,-0.200313,-0.943244,0.264764,0.370105,0.177366,0.911826,-0.001084,-0.001294,-0.02203,0.081304,-0.032906,0.137596,0.530083,0.041393,0.027382,-0.022993,0.821821,-0.279037,0.496737,0.216674,0.959418,0.180468,-0.526935,-0.040683,0.84893,0.007031,-0.000131,-0.011142,0.157711,0.093215,0.103196,0.522405,0.079746,0.020029,-0.055704,0.575965,-0.701915,-0.41902,0.641935,0.705718,-0.2998,0.506144,-0.096309,0.857053,-0.007244,0.013026,-0.0064,0.301143,1.500571,0.940385,-1.047038
480,0.155857,-0.035519,0.338358,-0.414598,0.829456,-0.374375,-0.762569,-0.541103,-0.354497,-0.496107,0.137477,0.857324,3.9e-05,0.011132,-0.00837,0.286037,1.550777,0.959488,-1.786124,-0.171829,-0.034447,0.316117,-0.902368,0.278722,0.32869,-0.200561,-0.946571,0.252413,0.382616,0.161506,0.909606,-0.000124,-0.006637,-0.0074,0.032138,0.073886,-0.054003,0.531453,0.041461,0.027358,-0.023259,0.814151,-0.27539,0.511192,0.219379,0.96101,0.168321,-0.537615,-0.024894,0.842822,-3.6e-05,-0.002641,-0.002948,0.421086,0.64335,-0.20385,0.522242,0.079507,0.020433,-0.055904,0.539906,-0.761971,-0.357631,0.694959,0.643247,-0.321346,0.474902,-0.075042,0.876832,2.1e-05,0.005453,-0.004288,0.262415,1.428069,0.900865,-1.045569
481,0.155732,-0.035161,0.338029,-0.411516,0.842792,-0.346991,-0.769634,-0.525201,-0.363041,-0.487704,0.116607,0.865202,-0.015129,0.01987,-0.018985,0.298282,1.29768,0.412175,-1.789516,-0.171827,-0.03444,0.315922,-0.901007,0.277548,0.333384,-0.199913,-0.94762,0.248968,0.386154,0.157334,0.908842,-0.0001,-0.005303,-0.005919,0.00126,0.019426,-0.027701,0.531578,0.041461,0.027366,-0.023358,0.812032,-0.273488,0.515565,0.219395,0.961656,0.164567,-0.540804,-0.020521,0.840898,-0.000457,0.003242,-0.006705,0.041561,-0.001615,0.015509,0.522405,0.07945,0.020599,-0.056052,0.537076,-0.77572,-0.331371,0.704598,0.628534,-0.329371,0.463778,-0.056586,0.884141,-0.00752,0.01028,-0.00913,0.250253,1.152077,0.147795,-1.042629
482,0.155035,-0.03415,0.337352,-0.4104,0.857513,-0.310304,-0.777844,-0.506718,-0.37171,-0.47548,0.087748,0.875355,-0.029331,0.026447,-0.01229,0.177328,0.73849,-0.04872,-1.868504,-0.171971,-0.034161,0.315547,-0.899386,0.276733,0.3384,-0.198501,-0.948137,0.248128,0.390645,0.155652,0.907212,-0.015943,0.011066,-0.006892,-0.000627,0.120929,-0.171755,0.534302,0.041396,0.027493,-0.023545,0.809565,-0.272218,0.520097,0.21821,0.962044,0.163873,-0.544965,-0.019176,0.838238,-0.00797,0.005278,-0.003728,0.015687,0.10758,-0.178102,0.522242,0.079111,0.021088,-0.056407,0.536373,-0.79131,-0.293482,0.715967,0.610739,-0.338211,0.446871,-0.028716,0.894136,-0.00723,0.01812,-0.011044,0.226125,1.02264,0.074143,-1.051447
483,0.154355,-0.033186,0.336787,-0.368379,0.886945,-0.278696,-0.806709,-0.453891,-0.378386,-0.461654,0.084331,0.883058,-0.014789,0.022395,-0.016467,-1.274983,-0.903617,4.87757,-1.902564,-0.172461,-0.033347,0.314995,-0.897512,0.276962,0.343157,-0.197234,-0.948011,0.249616,0.395578,0.156013,0.905009,-0.016777,0.021547,-0.015842,0.02634,0.119126,-0.147859,0.534282,0.041151,0.02791,-0.023811,0.80686,-0.271826,0.524487,0.216726,0.962145,0.165243,-0.54955,-0.019658,0.835229,-0.008376,0.010883,-0.007792,0.068279,-0.001491,0.011728,0.522405,0.078766,0.021587,-0.056681,0.502317,-0.822805,-0.265833,0.748323,0.5677,-0.343115,0.433231,-0.026577,0.90089,-0.007379,0.011193,-0.008215,0.049612,0.653937,0.212578,-1.073002
484,0.154141,-0.032913,0.336521,-0.366423,0.89297,-0.261503,-0.81009,-0.444356,-0.382458,-0.457276,0.070586,0.886534,-0.000163,0.019632,-0.019341,0.305172,1.258504,0.023341,-1.906119,-0.172789,-0.032972,0.31462,-0.896547,0.27654,0.346008,-0.196068,-0.948133,0.25007,0.398342,0.15602,0.903794,-0.016849,0.017574,-0.020282,0.0319,0.039958,0.002778,0.534588,0.040981,0.028113,-0.023996,0.805463,-0.270873,0.52712,0.215449,0.962415,0.165343,-0.552096,-0.019611,0.833549,-0.008416,0.008665,-0.010266,0.064501,0.014106,-0.01253,0.522405,0.078648,0.021729,-0.056814,0.495842,-0.83209,-0.248527,0.756447,0.55441,-0.347009,0.426529,-0.015936,0.904332,-0.007526,0.004578,-0.005085,0.155887,0.71725,-0.094047,-1.058795
485,0.154386,-0.032772,0.336193,-0.376944,0.89872,-0.224188,-0.809795,-0.437185,-0.391245,-0.44917,0.032947,0.892854,0.014527,-0.003601,-0.003716,0.199467,0.970004,0.05426,-1.912872,-0.173556,-0.032769,0.313766,-0.88876,0.295118,0.350717,-0.215261,-0.944161,0.249311,0.405826,0.145721,0.902183,-0.016227,-0.002291,-0.021887,0.029946,0.034112,-0.060394,0.535004,0.040615,0.028224,-0.024398,0.795856,-0.288348,0.532415,0.234336,0.957481,0.168271,-0.558298,-0.009155,0.829589,-0.015655,-0.001919,-0.011111,0.041501,0.039042,-0.096898,0.522895,0.078754,0.021808,-0.056984,0.505548,-0.836827,-0.210096,0.757559,0.547068,-0.356116,0.412945,0.020874,0.910516,0.007295,-0.001574,-0.001635,0.258503,1.177389,0.194127,-1.042303
486,0.155652,-0.033008,0.336207,-0.366037,0.913414,-0.178149,-0.820211,-0.407023,-0.401943,-0.439203,-0.002146,0.8984,0.04471,-0.011235,0.007832,0.270546,1.363368,0.116736,-1.912973,-0.17477,-0.033169,0.313131,-0.888719,0.290915,0.354315,-0.211009,-0.945608,0.247458,0.408149,0.144801,0.901283,-0.030577,-0.01359,-0.012601,-0.005877,0.044638,-0.083486,0.534454,0.040002,0.028017,-0.024739,0.795574,-0.283613,0.535374,0.230567,0.958904,0.16535,-0.560268,-0.008108,0.828271,-0.0157,-0.00189,-0.01113,0.028787,0.048252,-0.090557,0.523222,0.079386,0.021683,-0.056991,0.49507,-0.853112,-0.164631,0.772342,0.5189,-0.366374,0.397986,0.05423,0.915786,0.014961,-0.00503,0.004557,0.308927,1.5029,0.194977,-1.038547
487,0.156795,-0.033264,0.336624,-0.342337,0.931458,-0.123436,-0.839474,-0.362156,-0.405091,-0.42161,-0.036218,0.906069,0.015438,-0.005774,0.013543,-0.367776,-0.715394,4.933379,-1.913727,-0.175874,-0.033453,0.312549,-0.884418,0.302678,0.355223,-0.22507,-0.943327,0.243744,0.409978,0.135251,0.901936,-0.015441,-0.010332,-0.010356,0.030954,0.024205,-0.024438,0.534455,0.039444,0.027868,-0.025037,0.790533,-0.294805,0.536792,0.244867,0.955555,0.164174,-0.561334,0.001658,0.827587,-0.015681,-9.3e-05,-0.009152,0.082462,0.072148,0.069092,0.523222,0.079969,0.021552,-0.056785,0.47684,-0.871976,-0.110812,0.795016,0.481618,-0.368772,0.37493,0.087747,0.92289,0.007693,0.00235,0.002258,0.199009,1.129901,-0.498857,-1.044752
488,0.157208,-0.033251,0.336793,-0.340873,0.934187,-0.105574,-0.841795,-0.353229,-0.408146,-0.41816,-0.05142,0.906932,0.015501,-0.005084,0.014218,0.178224,1.035149,-0.156355,-1.913657,-0.176425,-0.033486,0.312248,-0.884426,0.3014,0.356287,-0.223946,-0.943828,0.24284,0.410576,0.134616,0.901759,-0.03135,0.001573,-0.016382,0.030845,0.033948,-0.065368,0.535251,0.039174,0.027846,-0.025187,0.790339,-0.293509,0.537788,0.243935,0.955953,0.163243,-0.562013,0.002168,0.827124,-0.015662,0.000844,-0.008107,0.025171,0.038527,-0.063173,0.523385,0.080164,0.021558,-0.056701,0.469784,-0.87787,-0.092978,0.801505,0.468303,-0.371862,0.369989,0.100173,0.923619,0.007706,0.00247,0.002373,-0.114081,0.037492,0.814941,-1.047202
489,0.15854,-0.033218,0.336779,-0.318808,0.943542,-0.090195,-0.851436,-0.326836,-0.41013,-0.416065,-0.055135,0.907677,0.044304,-0.00422,-0.004754,-0.079748,-0.312055,1.328585,-1.913935,-0.177796,-0.03305,0.311578,-0.884457,0.299371,0.357917,-0.222717,-0.944791,0.240209,0.411179,0.132374,0.901816,-0.047062,0.017947,-0.017383,0.064966,0.038696,-0.076314,0.53484,0.038494,0.028053,-0.025527,0.790211,-0.291308,0.539171,0.243195,0.956619,0.160422,-0.562514,0.004356,0.826776,-0.015927,0.009937,-0.00823,0.068463,0.009219,-0.022304,0.523385,0.080832,0.021592,-0.056683,0.450326,-0.889523,-0.077162,0.814035,0.444536,-0.373809,0.366813,0.105523,0.924289,0.022052,-0.0018,-0.002254,-0.418295,-1.788986,4.71203,-1.048344
490,0.160382,-0.033392,0.3362,-0.288582,0.954911,-0.070076,-0.861389,-0.290823,-0.416417,-0.41767,-0.060999,0.906564,0.043591,-0.001043,-0.021144,0.139959,0.299863,0.199302,-1.912764,-0.17915,-0.031623,0.31065,-0.881656,0.307642,0.357813,-0.226079,-0.940861,0.252197,0.415346,0.14108,0.898581,-0.033111,0.046784,-0.027675,-0.122338,0.201595,0.190674,0.534391,0.037812,0.028754,-0.025989,0.786965,-0.299273,0.539555,0.244088,0.954156,0.173226,-0.566662,-0.004624,0.823936,-0.016548,0.023332,-0.013879,-0.195473,0.286782,0.202938,0.523385,0.081769,0.021504,-0.056974,0.419857,-0.905742,-0.057887,0.829761,0.408912,-0.37985,0.367717,0.11145,0.923234,0.021775,-0.00091,-0.010969,0.117719,0.240209,0.170243,-1.044262
491,0.161067,-0.033237,0.335701,-0.286155,0.956518,-0.056867,-0.864163,-0.283198,-0.415925,-0.413596,-0.07107,0.907697,0.028809,0.011719,-0.027695,0.15766,0.396509,-0.153066,-1.912416,-0.179904,-0.030705,0.310175,-0.877059,0.317256,0.360702,-0.229104,-0.936139,0.266627,0.423358,0.15082,0.893244,-0.032935,0.04897,-0.025218,-0.652473,0.656646,0.495291,0.534958,0.037453,0.029196,-0.026216,0.782755,-0.306936,0.541372,0.244548,0.951638,0.185954,-0.572267,-0.013165,0.819961,-0.016056,0.019582,-0.007728,-0.490933,0.504944,0.356053,0.523385,0.0821,0.02157,-0.057221,0.416903,-0.907855,-0.044615,0.833678,0.401475,-0.379207,0.362177,0.120898,0.924235,0.014369,0.011002,-0.018457,0.194956,0.257568,0.026542,-1.042956
492,0.162201,-0.03218,0.3344,-0.287753,0.957126,-0.033951,-0.873197,-0.276695,-0.401171,-0.393015,-0.086986,0.915423,0.04379,0.036483,-0.042155,-2.272417,1.509097,0.347398,-1.912603,-0.181514,-0.029012,0.309475,-0.871156,0.337372,0.356736,-0.23761,-0.925376,0.295221,0.430807,0.172004,0.885824,-0.031959,0.039324,-0.015404,-0.501402,0.324946,0.562369,0.531994,0.036618,0.030085,-0.026578,0.774945,-0.328318,0.540061,0.247356,0.943879,0.218874,-0.581613,-0.036029,0.812666,-0.015966,0.019741,-0.007582,-0.572531,0.390397,0.593295,0.522079,0.082661,0.022083,-0.057871,0.417824,-0.908164,-0.025682,0.841652,0.397559,-0.365468,0.342115,0.131086,0.930468,0.014572,0.013565,-0.015907,0.084865,0.087151,-0.248647,-1.036914
493,0.163466,-0.030949,0.33273,-0.261926,0.965075,-0.008379,-0.894453,-0.245946,-0.373411,-0.362112,-0.091515,0.927646,0.02841,0.031466,-0.046975,0.345376,0.47527,0.49857,-1.912857,-0.182921,-0.027671,0.308904,-0.86292,0.351522,0.363032,-0.243501,-0.91864,0.311034,0.443914,0.179564,0.877816,-0.031298,0.024634,-0.011283,-0.275677,0.207274,0.352426,0.527847,0.035938,0.030744,-0.026847,0.76488,-0.340926,0.546558,0.250006,0.939069,0.235891,-0.593678,-0.043785,0.803509,-0.015652,0.012091,-0.005871,-0.513983,0.493959,0.301314,0.522895,0.083289,0.022698,-0.058678,0.393835,-0.919181,-0.000162,0.866322,0.371246,-0.334158,0.307212,0.131463,0.942516,0.014086,0.015956,-0.023486,0.104838,-1.936447,4.892952,-1.035281
494,0.163977,-0.030215,0.331744,-0.256766,0.966497,9.3e-05,-0.90015,-0.23905,-0.364086,-0.351554,-0.094774,0.931373,0.028381,0.043495,-0.054415,-2.414345,1.011185,0.46664,-1.912815,-0.183436,-0.027333,0.30872,-0.859764,0.35605,0.366097,-0.244613,-0.916301,0.317004,0.449402,0.182556,0.874399,-0.03068,0.01139,-0.005491,-0.424157,0.403495,0.221362,0.527714,0.035669,0.030929,-0.026943,0.76136,-0.344672,0.549117,0.250253,0.937572,0.241519,-0.598082,-0.046464,0.800085,-0.007833,0.005726,-0.003291,-0.429529,0.39923,0.262051,0.523059,0.083554,0.023066,-0.059191,0.387228,-0.921933,0.009623,0.872113,0.362876,-0.328237,0.299121,0.135495,0.944546,0.014159,0.026941,-0.031766,0.167194,-0.34842,1.220307,-1.037567
495,0.165156,-0.027902,0.329333,-0.260687,0.965288,0.017533,-0.903617,-0.237503,-0.356426,-0.339573,-0.109962,0.934144,0.028314,0.068659,-0.068087,-0.520919,0.50089,-0.201088,-1.913252,-0.184481,-0.027092,0.308702,-0.857632,0.35721,0.369946,-0.243272,-0.915503,0.320326,0.454186,0.184283,0.871562,-0.02989,0.001625,0.004199,-0.032854,0.146193,-0.219359,0.526886,0.035152,0.031051,-0.026967,0.75763,-0.34624,0.553275,0.248321,0.936856,0.246245,-0.603599,-0.049173,0.795769,-0.014921,0.001197,0.002552,0.015707,0.002614,-0.040814,0.523222,0.084127,0.024188,-0.060373,0.389605,-0.920583,0.02709,0.875755,0.361208,-0.32028,0.285059,0.148506,0.946934,0.014248,0.034823,-0.033547,0.238861,0.129082,-0.179376,-1.040017
496,0.166571,-0.025595,0.326648,-0.241128,0.970066,0.029574,-0.915432,-0.217163,-0.338817,-0.32196,-0.10998,0.940358,0.027646,0.061802,-0.074976,-2.329507,1.026161,0.238402,-1.910459,-0.184933,-0.026935,0.308915,-0.857598,0.355344,0.371817,-0.241227,-0.916291,0.319615,0.455342,0.183969,0.871024,0.000253,0.004385,0.004929,-0.012105,0.101702,-0.170473,0.525721,0.034909,0.031123,-0.026858,0.757647,-0.343864,0.554731,0.246467,0.937758,0.244669,-0.604337,-0.04865,0.795241,0.000152,0.002657,0.002996,0.002261,-0.015872,0.023331,0.523222,0.084852,0.025377,-0.061725,0.370788,-0.927947,0.037803,0.889389,0.343072,-0.302137,0.267398,0.14565,0.952514,0.021207,0.029931,-0.03862,0.255414,0.084874,-0.18378,-1.031362
497,0.168,-0.022921,0.323469,-0.234966,0.970887,0.047059,-0.922761,-0.207527,-0.324679,-0.305176,-0.120922,0.944602,0.027328,0.085308,-0.090201,0.24507,0.119369,-0.151408,-1.845732,-0.184937,-0.026664,0.308909,-0.855356,0.356504,0.375848,-0.239779,-0.915489,0.322986,0.460304,0.185707,0.868042,-0.000604,0.012461,-0.006698,-0.146721,0.145039,0.124423,0.527316,0.034907,0.031261,-0.02685,0.755023,-0.34392,0.558263,0.244318,0.937653,0.247216,-0.608479,-0.05026,0.791976,4.2e-05,0.000741,0.000834,-0.300907,0.343168,-0.010701,0.523385,0.08555,0.026663,-0.063283,0.363777,-0.929784,0.056279,0.898339,0.334217,-0.285105,0.246277,0.154272,0.956841,0.013805,0.037243,-0.040815,-0.565159,0.381706,-0.046656,-1.026137
498,0.168748,-0.021229,0.321765,-0.22709,0.972523,0.051712,-0.928162,-0.19999,-0.313832,-0.294593,-0.120477,0.948012,0.041917,0.098113,-0.096993,-2.291962,0.958324,0.080388,-1.832232,-0.184929,-0.02654,0.308893,-0.855328,0.355807,0.376573,-0.239131,-0.915835,0.322485,0.460694,0.18534,0.867914,0.00013,0.002256,0.002532,-0.002674,0.002289,0.001561,0.528119,0.034911,0.031324,-0.026865,0.7545,-0.343532,0.559208,0.243727,0.937794,0.247261,-0.609365,-0.050265,0.791294,7.5e-05,0.001278,0.001435,0.003217,0.076261,-0.152396,0.523385,0.085934,0.027535,-0.064169,0.356141,-0.932527,0.05962,0.903478,0.327357,-0.276701,0.238515,0.15241,0.959104,0.021141,0.044128,-0.043721,0.208324,-0.173518,-0.233763,-1.016829
499,0.170653,-0.017485,0.317951,-0.203235,0.976603,0.070628,-0.939834,-0.174283,-0.293784,-0.274356,-0.127302,0.953179,0.056022,0.094899,-0.100457,-0.304964,0.509547,0.488064,-1.832774,-0.184841,-0.02632,0.308899,-0.85569,0.35851,0.373172,-0.240249,-0.913822,0.327329,0.459437,0.189994,0.867573,0.000172,0.003014,0.003378,0.001554,-0.014596,0.024801,0.526474,0.034955,0.03143,-0.026866,0.755318,-0.346613,0.556195,0.243893,0.936397,0.252341,-0.608285,-0.054945,0.791814,0.007566,0.001423,0.001009,0.009501,-0.015891,0.023493,0.523222,0.086881,0.029416,-0.066066,0.333245,-0.939669,0.077252,0.91798,0.304676,-0.253935,0.215078,0.155539,0.96413,0.028078,0.047395,-0.050335,-1.973767,0.970542,1.999008,-1.01634
500,0.172515,-0.013474,0.313905,-0.175468,0.980308,0.090837,-0.950559,-0.14463,-0.274755,-0.255997,-0.135779,0.957108,0.040807,0.120829,-0.112448,0.188337,0.225244,-0.155554,-1.830798,-0.184716,-0.02609,0.308961,-0.856048,0.36152,0.369426,-0.241702,-0.911625,0.332346,0.458002,0.194765,0.867274,0.000226,0.003989,0.004466,-0.000919,-0.012502,0.026247,0.527796,0.035017,0.031545,-0.026835,0.756042,-0.350143,0.552991,0.244309,0.934781,0.257868,-0.607217,-0.059859,0.792277,-0.000246,0.007258,-0.002201,0.051841,-0.016211,0.0084,0.523222,0.087818,0.031405,-0.068092,0.304533,-0.947508,0.097403,0.932316,0.275576,-0.23419,0.195055,0.162129,0.967298,0.020609,0.055056,-0.051919,-0.442084,0.506784,-0.103386,-1.024178
501,0.173322,-0.010978,0.311651,-0.171108,0.98047,0.097186,-0.95521,-0.140853,-0.260205,-0.24123,-0.138578,0.960537,0.040496,0.134331,-0.117915,-0.476043,0.242291,-0.337183,-1.829698,-0.184751,-0.025888,0.308988,-0.854591,0.365332,0.369049,-0.242821,-0.909216,0.33808,0.460128,0.198855,0.865218,-0.000394,0.016213,-0.002505,-0.037731,0.038761,0.086824,0.530086,0.035,0.031638,-0.026822,0.754335,-0.353923,0.552915,0.244181,0.933066,0.264125,-0.609387,-0.064227,0.790266,-0.007664,0.008267,-0.000485,-0.042523,0.065006,0.060913,0.523222,0.088206,0.0326,-0.069177,0.299518,-0.948486,0.103261,0.936479,0.271563,-0.221946,0.18247,0.163179,0.969575,0.020358,0.067126,-0.058998,0.001372,-0.35087,-0.117661,-1.02532
502,0.175065,-0.005872,0.306918,-0.14378,0.983549,0.109562,-0.965319,-0.114956,-0.234342,-0.217721,-0.140681,0.965833,0.039438,0.13889,-0.132301,-0.380382,0.411427,-0.318273,-1.832662,-0.184964,-0.025375,0.30913,-0.852046,0.370832,0.369448,-0.244481,-0.905882,0.345748,0.46396,0.20381,0.862013,-0.000235,0.0189,0.000476,-0.09761,0.089793,0.121842,0.532017,0.034894,0.031896,-0.026751,0.751559,-0.359027,0.553405,0.244371,0.930761,0.271968,-0.612732,-0.069163,0.787258,-0.007246,0.003913,0.004951,-0.184916,0.250458,-0.075747,0.523222,0.089093,0.035212,-0.071565,0.272624,-0.955365,0.113813,0.94928,0.247835,-0.193505,0.156661,0.160795,0.974474,0.02718,0.063651,-0.062542,-2.185597,1.030945,0.252489,-1.029403
503,0.17716,-0.000341,0.301397,-0.154577,0.982084,0.107992,-0.967694,-0.128405,-0.216915,-0.198977,-0.139256,0.970074,0.052821,0.145581,-0.144841,-0.083278,-0.293946,-0.748015,-1.878726,-0.185271,-0.024681,0.309232,-0.852043,0.376453,0.363727,-0.247584,-0.901916,0.353814,0.462314,0.210945,0.86118,-0.000187,0.019565,0.001186,-0.154068,-0.139384,0.219441,0.533564,0.03474,0.032244,-0.026698,0.751993,-0.365337,0.548665,0.245793,0.927738,0.280868,-0.61163,-0.076352,0.78745,-0.007552,0.009809,0.001206,-0.426252,-0.631783,0.525906,0.523222,0.090136,0.037974,-0.07432,0.282178,-0.952495,0.114577,0.94939,0.260072,-0.176127,0.137962,0.158477,0.977676,0.019226,0.078543,-0.076002,-0.784919,-0.474642,-0.568887,-1.037894
504,0.178908,0.006311,0.295618,-0.18692,0.979025,0.081342,-0.966769,-0.168562,-0.192136,-0.17417,-0.115773,0.9779,0.037751,0.182304,-0.143971,-0.191539,-0.914295,-1.339419,-1.912802,-0.185869,-0.02369,0.309207,-0.848715,0.38691,0.360521,-0.251889,-0.895057,0.367911,0.466099,0.220959,0.856616,-0.015665,0.031613,-0.004869,-0.405869,0.383755,0.310973,0.534635,0.034452,0.032727,-0.02671,0.749802,-0.374945,0.545171,0.247466,0.923058,0.294487,-0.613641,-0.085895,0.784898,-0.01526,0.016075,-0.001554,-0.067025,0.10866,0.111185,0.523385,0.091015,0.041264,-0.077234,0.313695,-0.94527,0.089774,0.942372,0.298356,-0.151383,0.116313,0.132089,0.984389,0.026154,0.091247,-0.072151,-0.346868,-1.200658,-1.490368,-1.055039
505,0.179796,0.010057,0.292897,-0.210707,0.976029,0.054913,-0.963226,-0.197653,-0.181937,-0.166468,-0.092445,0.981718,0.051818,0.191016,-0.134441,-0.423966,-1.281762,-1.547239,-1.913809,-0.186307,-0.023032,0.309137,-0.845716,0.394961,0.358835,-0.254963,-0.889685,0.378667,0.469869,0.228264,0.852632,-0.030403,0.033079,-0.00214,-0.337455,0.337817,0.240391,0.534464,0.034245,0.033045,-0.026743,0.745918,-0.383599,0.544478,0.248076,0.918681,0.307379,-0.618112,-0.094208,0.780423,-0.007762,0.016695,-0.001452,-0.594839,0.447333,0.577631,0.523385,0.091453,0.043127,-0.078605,0.337408,-0.939128,0.064751,0.934674,0.326037,-0.141714,0.111977,0.108337,0.987787,0.026053,0.095697,-0.067047,-0.326097,-1.150971,-1.424467,-1.052427
506,0.181661,0.017748,0.287991,-0.271483,0.962259,-0.019993,-0.948291,-0.270921,-0.165284,-0.164132,-0.027112,0.986079,0.051006,0.20295,-0.120069,-0.910877,-1.794755,-2.190833,-1.914544,-0.187364,-0.021324,0.308998,-0.83218,0.414435,0.36839,-0.259121,-0.877899,0.402595,0.491301,0.239057,0.837459,-0.030549,0.049759,-0.004332,-0.561875,0.528275,0.435804,0.535224,0.033705,0.033906,-0.02682,0.729673,-0.400967,0.553897,0.247353,0.909953,0.332867,-0.63749,-0.105876,0.763148,-0.015257,0.025182,-0.001815,-0.812151,0.725266,0.563135,0.523548,0.092386,0.046969,-0.081064,0.397773,-0.917461,-0.006272,0.909747,0.395296,-0.126882,0.118889,0.044765,0.991897,0.018617,0.101733,-0.059584,-0.852489,-1.775476,-2.188114,-1.055039
507,0.183853,0.025997,0.283586,-0.346207,0.932208,-0.105713,-0.921989,-0.358843,-0.145398,-0.173052,0.045966,0.983853,0.063647,0.212361,-0.108748,1.098186,-3.059716,-2.691323,-1.914293,-0.188731,-0.019333,0.308972,-0.817161,0.436553,0.376379,-0.264135,-0.863873,0.428824,0.513371,0.250458,0.820722,-0.044921,0.05225,-0.00071,-0.695435,0.630766,0.506729,0.535455,0.033038,0.034888,-0.026833,0.712759,-0.420423,0.561442,0.247208,0.899661,0.359857,-0.656401,-0.117698,0.745173,-0.022473,0.026028,-0.000432,-0.424136,0.421662,0.325039,0.523385,0.093478,0.051096,-0.083264,0.471887,-0.877236,-0.088198,0.871297,0.479294,-0.105445,0.134773,-0.027089,0.990505,0.032135,0.100849,-0.050366,-1.08396,-1.304498,-2.633187,-1.071858
508,0.185057,0.030132,0.281454,-0.386131,0.913124,-0.130972,-0.907568,-0.401393,-0.123192,-0.164587,0.070159,0.983878,0.049343,0.199334,-0.10161,-0.768129,-0.76597,-2.244839,-1.910363,-0.189522,-0.018478,0.309018,-0.812519,0.443519,0.37828,-0.265964,-0.859389,0.436631,0.519761,0.253608,0.815717,-0.044262,0.039601,0.005693,-0.353162,0.340367,0.242424,0.535706,0.032647,0.035325,-0.026808,0.706414,-0.427821,0.563868,0.247205,0.895611,0.369824,-0.663226,-0.121858,0.738431,-0.022475,0.024948,-0.001658,-0.559999,0.519993,0.389239,0.523385,0.094062,0.053102,-0.084285,0.509966,-0.852488,-0.114873,0.849935,0.519934,-0.085304,0.132447,-0.054133,0.989709,0.0317,0.099457,-0.051386,-0.794937,-0.803933,-2.350188,-1.077574
509,0.186922,0.037704,0.277878,-0.45572,0.872542,-0.17617,-0.874253,-0.475895,-0.095798,-0.166866,0.109271,0.979919,0.034892,0.198823,-0.080425,-0.614501,-0.570604,-2.258617,-1.914507,-0.191124,-0.017145,0.309198,-0.802764,0.457762,0.38212,-0.272469,-0.851494,0.447943,0.531429,0.254905,0.807756,-0.043682,0.025012,0.009925,-0.123019,0.165777,0.115794,0.535646,0.03183,0.036016,-0.026712,0.694645,-0.441669,0.567799,0.251226,0.888569,0.383834,-0.674057,-0.123983,0.728199,-0.022161,0.017837,0.00066,-0.032881,0.209386,0.191449,0.523385,0.095024,0.056947,-0.086136,0.577038,-0.801383,-0.157511,0.804567,0.590924,-0.058981,0.140343,-0.092694,0.985753,0.017372,0.105719,-0.04326,-0.33802,-1.442931,-2.264364,-1.074471
510,0.187743,0.046175,0.275513,-0.514048,0.817109,-0.261023,-0.830796,-0.549932,-0.085581,-0.212842,0.171844,0.96187,0.020998,0.214349,-0.042709,-0.72197,-1.514781,-2.284203,-1.915339,-0.192563,-0.016256,0.309532,-0.793838,0.468505,0.387704,-0.275925,-0.845516,0.457057,0.542937,0.255266,0.799951,-0.028419,0.011986,0.014876,-0.165814,0.136023,0.086971,0.535169,0.031094,0.036469,-0.026543,0.684245,-0.451136,0.572961,0.252795,0.883701,0.393911,-0.684034,-0.12469,0.718713,-0.014225,0.005845,0.007303,-0.127624,0.108743,0.069278,0.523548,0.09544,0.061158,-0.087354,0.630246,-0.73893,-0.238266,0.751508,0.657684,-0.051821,0.194996,-0.146399,0.969815,0.003708,0.114265,-0.023225,0.829324,-2.80401,-2.116892,-1.075941
511,0.188325,0.054954,0.274157,-0.556751,0.760992,-0.333113,-0.795867,-0.60349,-0.048645,-0.237363,0.23708,0.942061,0.020177,0.226807,-0.028813,0.379051,-2.810492,-1.675547,-1.914519,-0.193799,-0.015867,0.310022,-0.788695,0.472358,0.393483,-0.272866,-0.842388,0.464607,0.551912,0.258474,0.792747,-0.028652,0.008201,0.010741,-0.06246,0.065019,0.00127,0.535512,0.030477,0.036666,-0.026295,0.677853,-0.454064,0.578222,0.248289,0.881662,0.401278,-0.692002,-0.128441,0.710376,-0.014349,0.00391,0.005189,0.001073,0.019521,-0.027631,0.523385,0.095725,0.065475,-0.088015,0.668223,-0.677544,-0.307262,0.708425,0.705619,-0.015301,0.227177,-0.207448,0.951501,0.010197,0.113365,-0.014504,-1.118315,-0.785952,-2.160168,-1.07986
512,0.188689,0.059032,0.273804,-0.566162,0.743866,-0.355203,-0.78822,-0.614595,-0.030882,-0.240581,0.261565,0.934736,0.020595,0.208022,-0.010696,-0.924165,-0.774241,-1.624261,-1.914516,-0.194359,-0.01572,0.310218,-0.786092,0.474371,0.39626,-0.271391,-0.840761,0.468402,0.556339,0.260072,0.789121,-0.028731,0.006938,0.009363,-0.108194,0.198624,-0.14697,0.535254,0.030208,0.036737,-0.026201,0.674842,-0.455585,0.580542,0.246228,0.88061,0.404842,-0.695672,-0.130258,0.706451,-0.014399,0.003149,0.004362,-0.072461,0.078046,0.012548,0.523385,0.095915,0.067603,-0.088206,0.676684,-0.657481,-0.331385,0.697336,0.71674,0.001911,0.236261,-0.23238,0.943493,0.01016,0.110844,-0.007647,-0.324159,-1.141449,-1.339372,-1.075124
513,0.189125,0.067422,0.274036,-0.530664,0.749129,-0.396545,-0.812265,-0.583081,-0.014669,-0.241554,0.313379,0.918408,0.007794,0.201917,0.019781,-1.038132,-0.770694,1.398763,-1.915029,-0.195091,-0.015542,0.310458,-0.783407,0.475696,0.399972,-0.269064,-0.839592,0.47183,0.56124,0.261421,0.785196,-0.014374,0.0032,0.004376,-0.084083,0.083879,0.019398,0.532525,0.029836,0.036828,-0.026077,0.671663,-0.456024,0.583874,0.243284,0.880168,0.407574,-0.699771,-0.131705,0.70212,-0.006922,-0.003959,0.006287,-0.123564,0.085755,0.03006,0.523385,0.096137,0.071795,-0.088106,0.646583,-0.664546,-0.374577,0.722401,0.691162,0.020778,0.245086,-0.28403,0.926962,0.003768,0.10173,0.010548,-2.871735,-0.792772,5.049763,-1.073002
