frame,MLTx,MLTy,MLTz,MLTR1,MLTR2,MLTR3,MLTR4,MLTR5,MLTR6,MLTR7,MLTR8,MLTR9,MLTTVx,MLTTVy,MLTTVz,MLTRVx,MLTRVy,MLTRVz,MLGA,MRTx,MRTy,MRTz,MRTR1,MRTR2,MRTR3,MRTR4,MRTR5,MRTR6,MRTR7,MRTR8,MRTR9,MRTTVx,MRTTVy,MRTTVz,MRTRVx,MRTRVy,MRTRVz,MRGA,SLTx,SLTy,SLTz,SLTR1,SLTR2,SLTR3,SLTR4,SLTR5,SLTR6,SLTR7,SLTR8,SLTR9,SLTTVx,SLTTVy,SLTTVz,SLTRVx,SLTRVy,SLTRVz,SLGA,SRTx,SRTy,SRTz,SRTR1,SRTR2,SRTR3,SRTR4,SRTR5,SRTR6,SRTR7,SRTR8,SRTR9,SRTTVx,SRTTVy,SRTTVz,SRTRVx,SRTRVy,SRTRVz,SRGA
110,0.154094,-0.045937,0.294949,-0.115751,0.033663,-0.992731,-0.232355,-0.972598,-0.005942,-0.96559,0.22993,0.121636,0.029354,0.012028,-0.053078,0.107678,-0.025883,0.038671,0.084475,-0.166424,-0.022569,0.288557,-0.299201,0.082206,0.950638,0.092123,-0.989092,0.114647,0.95004,0.121788,0.287149,0.088223,0.029495,-0.039015,1.635909,0.395818,0.652449,-1.403993,0.042475,0.031711,-0.023671,0.330818,0.034781,0.943053,-0.13171,0.991241,0.009644,-0.934457,-0.1274,0.332501,0.044257,0.014757,-0.019731,5.315338,0.844619,1.720012,-1.001259,0.076251,0.019705,-0.070052,0.124705,-0.03989,-0.991391,0.2265,0.973952,-0.010697,0.965994,-0.223216,0.130491,0.014698,0.005892,-0.026705,0.105839,-0.025083,0.039156,-0.147634
111,0.154638,-0.045779,0.293878,-0.119635,0.02734,-0.992464,-0.20723,-0.978276,-0.002023,-0.970815,0.205386,0.123938,0.029187,0.010437,-0.055392,0.600159,-0.024739,-0.022758,0.118495,-0.164853,-0.021955,0.287808,-0.292534,0.088238,0.952171,0.090149,-0.988707,0.119441,0.952295,0.12068,0.280059,0.072988,0.03035,-0.036488,0.057559,0.168705,0.351705,-1.403659,0.043266,0.032018,-0.024046,0.324691,0.028688,0.945384,-0.1279,0.99169,0.013833,-0.937132,-0.125407,0.325662,0.036526,0.01526,-0.018197,0.031382,0.325589,0.217558,-1.002892,0.076513,0.01978,-0.070566,0.128585,-0.03353,-0.991131,0.201865,0.979388,-0.006943,0.970935,-0.199182,0.132703,0.0146,0.005035,-0.027949,1.763381,0.074132,-0.334839,-0.114486
112,0.155962,-0.04563,0.291726,-0.12335,0.019034,-0.992204,-0.162926,-0.986623,0.001275,-0.978758,0.161783,0.126036,0.0288,0.006535,-0.061108,0.14781,0.00023,-0.010706,0.194304,-0.161896,-0.020352,0.286355,-0.283445,0.101395,0.953609,0.073191,-0.989159,0.12705,0.95648,0.105694,0.271732,0.071731,0.048316,-0.036329,0.114609,0.117936,0.13947,-1.403861,0.044745,0.032809,-0.024779,0.316013,0.015162,0.948633,-0.110785,0.993621,0.021024,-0.942264,-0.111738,0.315676,0.035897,0.024312,-0.018029,0.118145,0.113707,0.104573,-1.00877,0.077186,0.019861,-0.07166,0.132258,-0.025101,-0.990897,0.156848,0.987613,-0.004083,0.978726,-0.15488,0.134557,0.014422,0.003086,-0.030808,0.146218,-0.000949,-0.004856,-0.009163
113,0.157532,-0.045721,0.289349,-0.125967,0.012048,-0.991984,-0.124425,-0.992208,0.003695,-0.984058,0.123871,0.127719,0.028545,-0.007983,-0.058152,0.114602,0.002586,-0.009554,0.238476,-0.159095,-0.018168,0.285054,-0.277374,0.127843,0.952214,0.053603,-0.987454,0.148309,0.959547,0.092031,0.265824,0.070188,0.065887,-0.03657,-0.006209,0.463831,0.703223,-1.403312,0.046125,0.033874,-0.025418,0.312388,-0.008876,0.949913,-0.090798,0.995099,0.039158,-0.945605,-0.098482,0.310051,0.035089,0.033202,-0.018003,-0.229621,-1.489734,2.416577,-1.009423,0.077971,0.019815,-0.072849,0.134829,-0.018087,-0.990703,0.118279,0.992978,-0.002032,0.983783,-0.116906,0.136021,0.014292,-0.004207,-0.029386,0.112852,0.000693,-0.003792,0.064971
114,0.158374,-0.04586,0.288092,-0.127984,0.007394,-0.991772,-0.105206,-0.994418,0.00611,-0.986035,0.105106,0.129283,0.04425,-2e-05,-0.071137,0.150416,-0.01043,0.013351,0.280367,-0.157869,-0.017064,0.284511,-0.275785,0.145739,0.950102,0.037739,-0.985983,0.162318,0.960758,0.080451,0.265205,0.070982,0.056298,-0.026659,0.218476,0.146278,0.514815,-1.403913,0.046759,0.034452,-0.025702,0.310023,-0.029481,0.950271,-0.074409,0.9957,0.055166,-0.947812,-0.087811,0.306496,0.027967,0.028347,-0.012221,0.513101,0.225549,0.596594,-1.011057,0.078375,0.019747,-0.073448,0.136835,-0.013384,-0.990502,0.099129,0.995074,0.000248,0.98562,-0.098221,0.137487,0.022184,-0.005552,-0.031438,0.21859,-0.015225,0.01309,0.107589
115,0.160041,-0.046288,0.285484,-0.133896,-0.005379,-0.991003,-0.066742,-0.997652,0.014379,-0.988592,0.068066,0.134457,0.044264,-0.013481,-0.067134,1.713277,-0.019465,-0.223314,0.343144,-0.155376,-0.014717,0.283569,-0.262082,0.191433,0.945863,0.000221,-0.980059,0.198537,0.96531,0.052016,0.255605,0.070369,0.060731,-0.021328,1.546567,0.882569,1.184846,-1.403368,0.048006,0.035624,-0.026174,0.299938,-0.074127,0.951073,-0.037099,0.995315,0.089275,-0.953236,-0.062061,0.295783,0.027814,0.029483,-0.011058,5.19045,1.752772,2.149309,-1.011056,0.079208,0.019536,-0.074757,0.142678,-0.000764,-0.989768,0.062286,0.998024,0.008208,0.987806,-0.06282,0.142444,0.014057,-0.006732,-0.0337,5.544402,-0.075816,-0.767391,0.212422
116,0.161724,-0.046948,0.282851,-0.138832,-0.015172,-0.990223,-0.046245,-0.99868,0.021732,-0.989077,0.048822,0.13918,0.044381,-0.014938,-0.070284,0.064871,0.120613,-0.193846,0.366792,-0.152956,-0.012315,0.282861,-0.249956,0.236991,0.938802,-0.020324,-0.970593,0.239728,0.968294,0.040557,0.246221,0.054729,0.063305,-0.016431,0.024431,0.351463,0.583736,-1.403141,0.049222,0.036825,-0.026529,0.287687,-0.122371,0.949874,-0.01325,0.9912,0.131708,-0.957632,-0.050476,0.283534,0.034875,0.032258,-0.008469,0.020703,0.319281,0.7934,-1.011873,0.08005,0.019205,-0.076074,0.147406,0.009102,-0.989034,0.039993,0.999084,0.015155,0.988266,-0.041788,0.146907,0.022261,-0.00719,-0.034746,0.069265,0.003076,0.0042,0.267778
117,0.163397,-0.047728,0.28033,-0.136773,-0.032133,-0.990104,-0.019271,-0.999186,0.035036,-0.990258,0.023905,0.137276,0.044936,-0.024219,-0.060479,5.513732,-0.598945,-1.261244,0.403105,-0.150661,-0.009912,0.282405,-0.239391,0.285881,0.927876,-0.04111,-0.957731,0.284596,0.97029,0.029639,0.239837,0.054056,0.066863,-0.012224,1.530963,0.847995,1.095507,-1.403487,0.05037,0.038025,-0.026758,0.280072,-0.1715,0.944535,0.007786,0.984286,0.176409,-0.959947,-0.042053,0.277006,0.027722,0.027917,-0.00225,5.031757,1.920085,2.437338,-1.007464,0.080886,0.018814,-0.077345,0.147549,0.023898,-0.988765,0.019108,0.999452,0.027008,0.988869,-0.022878,0.147011,0.022495,-0.012227,-0.030421,0.037552,0.03523,-0.003429,0.314968
118,0.164249,-0.048175,0.27907,-0.135666,-0.036867,-0.990091,-0.012002,-0.999161,0.038796,-0.990526,0.017185,0.136343,0.045134,-0.023737,-0.060326,0.036945,-0.089099,-0.080513,0.421291,-0.149626,-0.008638,0.282277,-0.234332,0.316695,0.919122,-0.063977,-0.948357,0.310582,0.970282,0.013592,0.241314,0.054829,0.058317,-0.001146,-0.023607,0.116701,0.9825,-1.403645,0.050866,0.038642,-0.026829,0.275207,-0.202375,0.939842,0.033246,0.979011,0.201074,-0.960809,-0.024091,0.276159,0.02676,0.035052,-0.004163,-0.113966,-1.05091,3.251509,-1.012036,0.081295,0.018599,-0.077953,0.143812,0.030924,-0.989121,0.005696,0.999469,0.032075,0.989588,-0.010247,0.143559,0.022584,-0.012063,-0.030454,0.038334,-0.110753,-0.093753,0.341258
119,0.165814,-0.049176,0.276789,-0.128036,-0.050239,-0.990519,0.008288,-0.998724,0.04953,-0.991589,-0.001812,0.129523,0.045604,-0.02177,-0.058431,0.037351,-0.130983,-0.072296,0.429363,-0.147728,-0.00625,0.28236,-0.232878,0.365821,0.901074,-0.092321,-0.930611,0.35408,0.968346,-0.001177,0.249336,0.055305,0.050945,0.011143,0.027249,-0.10323,0.745197,-1.403508,0.051821,0.039838,-0.026792,0.274857,-0.254238,0.927262,0.063784,0.967103,0.246254,-0.959366,-0.00854,0.282032,0.027662,0.025679,0.005793,-0.01248,-0.025605,0.874514,-1.008117,0.082083,0.018098,-0.079102,0.135996,0.04429,-0.989718,-0.014688,0.99898,0.042686,0.9906,0.008732,0.136508,0.022785,-0.011446,-0.030064,0.039317,-0.140395,-0.111921,0.374896
120,0.167171,-0.050208,0.274803,-0.118289,-0.06503,-0.99087,0.022258,-0.997766,0.062772,-0.992595,-0.014556,0.120706,0.03009,-0.028773,-0.044616,-0.003377,-0.445079,-0.558991,0.429288,-0.145912,-0.004286,0.282834,-0.240514,0.394899,0.886678,-0.107879,-0.918638,0.38,0.964874,-0.004742,0.262408,0.05601,0.040894,0.020056,0.09276,-0.463232,0.69232,-1.403533,0.052744,0.040851,-0.026553,0.283223,-0.284684,0.915826,0.080879,0.958615,0.272973,-0.955637,-0.003241,0.294527,0.019994,0.025828,0.00679,0.138035,-0.484377,0.661779,-1.010567,0.082767,0.017581,-0.080107,0.12836,0.057537,-0.990056,-0.028586,0.998115,0.054299,0.991315,0.021332,0.129763,0.01502,-0.008587,-0.026055,0.041162,-0.018878,-0.043599,0.380448
121,0.167702,-0.050662,0.27396,-0.117507,-0.070854,-0.990564,0.02885,-0.997264,0.067857,-0.992519,-0.020523,0.120464,0.03047,-0.02532,-0.039628,-0.006453,0.063284,-0.251817,0.437371,-0.145108,-0.003414,0.283237,-0.247711,0.412187,0.876774,-0.119457,-0.910995,0.394656,0.961693,-0.007481,0.273776,0.026248,0.040284,0.023127,0.132687,-2.078562,2.852885,-1.403871,0.053157,0.041285,-0.026354,0.28963,-0.300311,0.908805,0.092514,0.95384,0.285709,-0.952657,0.001327,0.304043,0.02044,0.021296,0.011924,0.094109,-0.470421,0.67783,-1.01122,0.083032,0.017348,-0.080537,0.125037,0.064848,-0.99003,-0.035425,0.997517,0.060865,0.991519,0.027461,0.127023,0.007106,-0.01272,-0.019796,-0.001408,0.110379,-0.262408,0.385673
122,0.16843,-0.051404,0.272621,-0.118592,-0.089426,-0.988931,0.048061,-0.995276,0.084183,-0.991644,-0.037442,0.123561,0.014829,-0.018287,-0.028869,-0.057855,0.556361,-0.925314,0.450566,-0.143771,-0.002097,0.284424,-0.259114,0.448642,0.85532,-0.146837,-0.893493,0.424315,0.954888,-0.016198,0.296294,0.043096,0.020383,0.039427,0.021155,-0.448787,0.649366,-1.403833,0.053836,0.041961,-0.02575,0.303695,-0.341198,0.88958,0.122426,0.939913,0.318708,-0.94487,0.012118,0.327218,0.021532,0.010252,0.019768,0.020653,-0.442172,0.637705,-1.013669,0.083413,0.016963,-0.081228,0.126007,0.082627,-0.988582,-0.054791,0.995583,0.076229,0.990514,0.044561,0.129977,0.007535,-0.008702,-0.013737,-0.172173,1.587702,-2.558688,0.404615
123,0.168661,-0.051953,0.271889,-0.125366,-0.108021,-0.986236,0.049261,-0.993498,0.102501,-0.990743,-0.035605,0.131101,-0.000664,-0.021246,-0.007733,-0.042735,0.145742,-0.239975,0.458749,-0.142722,-0.001161,0.285806,-0.275042,0.483147,0.831211,-0.169062,-0.875309,0.452975,0.946741,-0.016535,0.321357,0.013752,0.016541,0.038486,0.054968,-0.965567,1.213737,-1.403969,0.054355,0.042426,-0.02507,0.319856,-0.376269,0.869547,0.145939,0.926374,0.347176,-0.936158,0.015855,0.351218,0.014126,0.00866,0.01873,0.080263,-2.111578,2.767944,-1.012363,0.083534,0.016687,-0.081606,0.133297,0.102009,-0.985811,-0.056156,0.993867,0.095249,0.989483,0.042663,0.138208,-0.000353,-0.004454,-0.007025,-0.011594,0.227336,-0.356112,0.415229
124,0.16849,-0.052279,0.271746,-0.135651,-0.127029,-0.982603,0.050347,-0.991342,0.121154,-0.98932,-0.032886,0.142096,-9.1e-05,-0.001091,-0.001723,-0.005381,0.102785,-0.170253,0.492736,-0.142184,-0.000481,0.287151,-0.296101,0.50872,0.808406,-0.18034,-0.86083,0.475797,0.938295,-0.005532,0.345592,-0.000734,0.013188,0.036235,0.025556,-0.412308,0.524546,-1.403872,0.054629,0.04277,-0.024394,0.341885,-0.404019,0.848458,0.158735,0.914718,0.371608,-0.926238,0.007632,0.37686,0.006887,0.007404,0.018059,0.008143,-0.418127,0.598944,-1.0122,0.083449,0.016515,-0.081684,0.14355,0.121082,-0.982207,-0.057313,0.991838,0.113893,0.987981,0.039944,0.149318,-0.008194,-6.4e-05,2.8e-05,-0.012595,0.215796,-0.362033,0.450173
125,0.168248,-0.052334,0.271855,-0.146816,-0.135313,-0.979888,0.050882,-0.990314,0.129075,-0.987684,-0.030747,0.1535,-0.01602,-0.008758,0.012204,-0.056439,0.509667,-0.511453,0.506494,-0.142095,-0.000177,0.287786,-0.307154,0.522388,0.795461,-0.186694,-0.852617,0.487979,0.9335,0.00073,0.358384,-0.000598,0.011458,0.034089,0.028593,-0.456755,0.57601,-1.404188,0.054674,0.042924,-0.024073,0.353077,-0.418562,0.836744,0.165757,0.908183,0.384354,-0.920793,0.00299,0.390038,-0.000309,0.005611,0.016903,0.007704,-0.543713,0.741625,-1.010077,0.083328,0.016488,-0.081627,0.154909,0.129429,-0.979413,-0.058001,0.990862,0.121768,0.986224,0.037944,0.161,-0.007972,-0.003938,0.006799,-0.062384,0.506015,-0.531725,0.472707
126,0.167507,-0.052425,0.272401,-0.169626,-0.146697,-0.974552,0.05155,-0.98882,0.139818,-0.983961,-0.026346,0.176506,-0.015681,-0.004804,0.018393,-0.030924,0.456988,-0.220351,0.520872,-0.142275,0.000444,0.288815,-0.324026,0.551555,0.768625,-0.199065,-0.833932,0.514649,0.925223,0.013069,0.379017,-0.016114,0.017848,0.022439,0.047824,-0.392002,0.54458,-1.403993,0.054589,0.043234,-0.023553,0.370077,-0.450086,0.81269,0.179538,0.892958,0.412783,-0.911487,-0.006852,0.411271,-0.00078,0.009156,0.010509,0.062621,-0.529668,0.747257,-1.009913,0.082964,0.01645,-0.081354,0.177528,0.14066,-0.974011,-0.058744,0.989482,0.132187,0.98236,0.03375,0.183923,-0.016008,-0.002015,0.00993,-0.033695,0.502767,-0.227136,0.505365
127,0.166578,-0.05269,0.273231,-0.200893,-0.15532,-0.967245,0.05188,-0.987646,0.147766,-0.978001,-0.020309,0.207675,-0.031968,-0.003801,0.020099,-0.284942,2.194723,-2.422788,0.522184,-0.142738,0.001006,0.28956,-0.336651,0.581321,0.740759,-0.217004,-0.813308,0.539789,0.916656,0.02025,0.39899,-0.015683,0.013241,0.017021,0.052676,-0.861788,1.164479,-1.404117,0.054357,0.043518,-0.023177,0.382712,-0.481624,0.788396,0.198818,0.876306,0.438815,-0.90222,-0.011192,0.431128,-0.007879,0.00628,0.008165,0.07367,-2.02282,2.700429,-1.010403,0.082494,0.016321,-0.080923,0.208029,0.149224,-0.966671,-0.059109,0.988405,0.139859,0.976334,0.028044,0.214438,-0.015935,-0.001806,0.010238,-0.271364,2.246207,-2.394305,0.515979
128,0.166031,-0.052827,0.273716,-0.219181,-0.155521,-0.963233,0.046218,-0.987756,0.148908,-0.974329,-0.011694,0.224886,-0.031853,-0.002611,0.021901,-0.00401,0.833824,-0.266826,0.522634,-0.143098,0.001247,0.289833,-0.344092,0.594313,0.7269,-0.223514,-0.803674,0.551437,0.912328,0.026533,0.408432,-0.016815,0.022897,0.007365,0.092345,-1.925365,2.562358,-1.404205,0.054178,0.043634,-0.023037,0.389548,-0.494477,0.777009,0.205445,0.869049,0.45005,-0.897799,-0.015683,0.440124,-0.007722,0.005186,0.006859,0.044064,-0.337837,0.470692,-1.0122,0.082221,0.016252,-0.080681,0.227406,0.149927,-0.962189,-0.053521,0.988507,0.141378,0.972328,0.019347,0.232817,-0.015928,-0.001181,0.011164,-0.014448,0.803794,-0.281808,0.518102
129,0.164714,-0.052752,0.27475,-0.272634,-0.171389,-0.946753,0.04402,-0.985193,0.165615,-0.960784,0.003682,0.277322,-0.047692,0.01496,0.023699,0.111293,1.475047,-0.098736,0.522995,-0.144024,0.001593,0.290252,-0.353839,0.616642,0.703236,-0.234062,-0.786239,0.571818,0.905943,0.036963,0.42162,-0.029538,0.00538,0.009871,0.0205,-0.299413,0.474199,-1.404494,0.053719,0.043815,-0.022828,0.400372,-0.520976,0.753847,0.218117,0.853197,0.473792,-0.890014,-0.025267,0.45523,-0.01476,0.002506,0.00474,0.03865,-0.306962,0.456535,-1.011383,0.08158,0.016278,-0.080182,0.277956,0.167225,-0.945925,-0.051439,0.985908,0.159178,0.959215,0.004413,0.282641,-0.015604,0.002091,0.016178,0.016089,1.01519,-0.307625,0.519408
130,0.163274,-0.052272,0.276021,-0.324119,-0.200159,-0.924623,0.052357,-0.979656,0.193661,-0.944176,0.014601,0.329158,-0.030755,0.019515,0.030265,0.097304,1.219477,-0.41126,0.523204,-0.145115,0.001726,0.290543,-0.354284,0.633028,0.688294,-0.239007,-0.772789,0.587882,0.904476,0.042981,0.42419,-0.029277,0.002557,0.006619,-0.157913,0.048774,0.49246,-1.404375,0.053163,0.043881,-0.022682,0.401924,-0.538618,0.740504,0.224433,0.841979,0.490611,-0.887742,-0.030995,0.459296,-0.014629,0.001086,0.00311,-0.222054,0.110423,0.537646,-1.019384,0.080854,0.016517,-0.079548,0.33012,0.19568,-0.923433,-0.059696,0.980646,0.186463,0.942048,-0.00643,0.335412,-0.023478,0.004634,0.019994,0.033155,1.351077,-0.609667,0.520715
131,0.162133,-0.051826,0.277545,-0.358786,-0.22384,-0.906209,0.061976,-0.974391,0.216085,-0.930927,0.021636,0.364601,-0.014071,0.010003,0.040459,-0.000281,0.748244,-0.643883,0.52318,-0.146197,0.001747,0.290691,-0.353847,0.64234,0.679841,-0.241523,-0.76487,0.597139,0.903979,0.046298,0.424901,-0.028958,-0.00149,0.002013,-0.020789,-0.041158,0.136667,-1.40412,0.052622,0.043893,-0.022606,0.400716,-0.549395,0.733206,0.227371,0.834863,0.501304,-0.887541,-0.034171,0.459459,-0.014467,-0.000954,0.00079,0.012054,-0.070054,0.115098,-1.023793,0.080277,0.016748,-0.078784,0.36582,0.218762,-0.904609,-0.069271,0.975685,0.207938,0.928103,-0.013405,0.372079,-0.015229,0.00487,0.020096,-0.008755,0.784111,-0.692197,0.521041
132,0.161808,-0.051648,0.278325,-0.37329,-0.233692,-0.897824,0.066337,-0.972001,0.225359,-0.924889,0.02485,0.379461,-0.014029,0.010152,0.040499,0.004992,0.622875,-0.487344,0.522985,-0.146728,0.001708,0.290716,-0.35246,0.644819,0.678212,-0.241476,-0.762746,0.599867,0.904531,0.046853,0.423663,-0.014456,-0.001052,0.000652,-0.068277,0.012067,0.218801,-1.404445,0.052362,0.043873,-0.022596,0.399727,-0.551764,0.731965,0.227568,0.833272,0.503855,-0.887936,-0.034832,0.458645,-0.014437,-0.001348,0.000336,-0.109215,0.172052,0.050749,-1.023467,0.080115,0.016838,-0.078391,0.380124,0.228953,-0.89615,-0.073707,0.973296,0.217398,0.921993,-0.016585,0.386848,-0.007079,0.004675,0.019666,0.002484,0.652784,-0.501867,0.521041
133,0.161552,-0.051283,0.279907,-0.400424,-0.244071,-0.883253,0.072949,-0.969307,0.234719,-0.912936,0.029851,0.407041,0.002241,0.009881,0.03966,0.130264,0.936692,-0.070295,0.522493,-0.147755,0.001589,0.290713,-0.354734,0.647995,0.673986,-0.24319,-0.759904,0.602775,0.903185,0.04911,0.426272,-0.02884,-0.003207,2.6e-05,-0.004101,0.030326,-0.058327,-1.404227,0.051854,0.04381,-0.022601,0.401967,-0.555536,0.727874,0.229689,0.830682,0.507157,-0.886377,-0.036676,0.461508,-0.007192,-0.001069,-0.000275,-0.000358,0.017439,-0.035904,-1.021834,0.079981,0.017023,-0.077596,0.405092,0.240971,-0.881948,-0.08043,0.970293,0.228167,0.91073,-0.021494,0.412439,-0.006992,0.005369,0.020515,-0.032318,0.408539,-0.411841,0.520878
134,0.161715,-0.051101,0.281423,-0.425035,-0.243715,-0.871776,0.076253,-0.96929,0.233738,-0.901444,0.033168,0.431655,0.001819,0.005944,0.033501,0.077871,0.612373,-0.063779,0.523125,-0.14874,0.001481,0.290685,-0.357058,0.656201,0.664756,-0.246154,-0.752516,0.610788,0.901467,0.053635,0.429353,-0.028865,-0.002902,0.000335,-0.021154,-0.406418,0.650843,-1.40429,0.051362,0.043754,-0.022617,0.403985,-0.564094,0.720134,0.23274,0.82471,0.515446,-0.884662,-0.040628,0.464457,-0.007246,-0.000847,-9e-06,0.044389,-1.569956,2.225919,-1.02265,0.080064,0.017122,-0.076826,0.431472,0.239867,-0.869651,-0.083917,0.970495,0.226047,0.898214,-0.024555,0.43887,0.000949,-0.002357,0.021201,0.066787,0.692912,-0.00963,0.520878
135,0.161906,-0.051126,0.282124,-0.438742,-0.240336,-0.865903,0.077146,-0.970089,0.230103,-0.894763,0.034448,0.445241,0.001666,0.004545,0.031328,0.112156,0.703467,0.021477,0.523179,-0.149242,0.001468,0.290688,-0.355776,0.658754,0.662916,-0.246159,-0.750233,0.613588,0.901971,0.054295,0.428209,-0.028898,-0.002356,0.000931,-0.046209,0.089292,-0.013045,-1.404046,0.051111,0.043747,-0.022617,0.402968,-0.56749,0.718032,0.233189,0.822322,0.519046,-0.885007,-0.041721,0.463702,-0.007229,-0.000481,0.000371,-0.030952,0.072172,0.006569,-1.021344,0.08016,0.017111,-0.076463,0.44529,0.236813,-0.863501,-0.084868,0.971211,0.222587,0.891354,-0.025832,0.452569,0.000788,0.002059,0.015348,0.113157,0.707952,0.024249,0.521205
136,0.162264,-0.051376,0.283394,-0.463804,-0.235674,-0.854043,0.079048,-0.971134,0.224995,-0.881841,0.037129,0.470112,0.001185,-8.5e-05,0.024382,0.144925,0.687563,0.2065,0.523272,-0.15012,0.001526,0.290707,-0.350081,0.663757,0.660955,-0.244749,-0.745812,0.619513,0.904572,0.054283,0.422687,-0.015726,0.011673,-0.005547,-0.004037,0.058805,0.030498,-1.404233,0.050678,0.04377,-0.022606,0.397245,-0.572967,0.716871,0.232041,0.818478,0.525595,-0.887892,-0.042446,0.458088,-0.007279,0.000336,0.001282,-0.018127,0.059286,0.005009,-1.029018,0.080338,0.016993,-0.075846,0.468518,0.232991,-0.852176,-0.086522,0.972061,0.2182,0.879206,-0.028499,0.475587,0.008696,-0.005867,0.015857,-0.050324,0.340003,-0.202978,0.521204
137,0.162457,-0.051883,0.284432,-0.479494,-0.237275,-0.844885,0.081063,-0.970614,0.226516,-0.87321,0.040413,0.485693,0.000776,-0.01614,0.025313,-0.010945,0.431087,-0.230005,0.523716,-0.150717,0.001609,0.29072,-0.345394,0.665587,0.661581,-0.243024,-0.744255,0.622059,0.906832,0.053244,0.417952,-2.3e-05,0.0004,0.00045,-0.00606,0.008508,0.006568,-1.404064,0.050362,0.043818,-0.022598,0.392699,-0.574822,0.717889,0.230635,0.817207,0.528185,-0.890277,-0.041848,0.453491,-0.007231,-0.000427,0.000414,0.004012,0.116112,-0.20139,-1.021997,0.080435,0.016743,-0.075313,0.485781,0.23378,-0.842237,-0.088441,0.97177,0.218725,0.869594,-0.031764,0.492743,0.000341,-0.008363,0.012223,-0.000289,0.370389,-0.068184,0.521694
138,0.162492,-0.052215,0.284862,-0.483466,-0.239428,-0.842009,0.081671,-0.970011,0.228868,-0.870957,0.042173,0.489573,0.000526,-0.018669,0.021613,-0.068261,0.150787,-0.19429,0.523705,-0.150949,0.001639,0.290705,-0.343031,0.666514,0.661876,-0.242163,-0.743464,0.62334,0.907955,0.05271,0.415574,-0.014439,-0.001197,0.000413,-0.05075,0.08367,0.023616,-1.404085,0.050257,0.043834,-0.022605,0.390623,-0.575692,0.718325,0.229866,0.816602,0.529454,-0.891389,-0.041698,0.451315,1e-06,-1.9e-05,-1e-05,-0.063921,0.09215,0.071136,-1.015628,0.080453,0.01657,-0.075088,0.490076,0.236029,-0.839115,-0.089025,0.971161,0.221177,0.867121,-0.033692,0.496955,0.000223,-0.009578,0.010447,-0.095928,0.093727,-0.223092,0.521368
139,0.162391,-0.053066,0.285546,-0.485094,-0.237332,-0.841666,0.080435,-0.970497,0.227238,-0.870165,0.042821,0.490924,6.3e-05,-0.023316,0.014829,-0.071181,0.025278,-0.036758,0.523371,-0.151215,0.001666,0.29066,-0.341592,0.66897,0.660141,-0.242208,-0.741226,0.625982,0.908484,0.053103,0.414366,-0.015564,0.009233,-0.008309,-0.118988,0.234712,0.13008,-1.403993,0.050119,0.043845,-0.022623,0.390395,-0.577655,0.716872,0.230479,0.815188,0.531363,-0.891331,-0.042218,0.451382,1e-06,-3.4e-05,-3.3e-05,-0.336267,0.405737,0.308324,-1.018241,0.080408,0.016162,-0.074758,0.49118,0.234074,-0.839017,-0.087782,0.971614,0.219677,0.866622,-0.03425,0.497786,2.6e-05,-0.011585,0.007521,-0.074376,0.02192,-0.046459,0.521205
140,0.161989,-0.053954,0.286084,-0.48438,-0.236096,-0.842425,0.078273,-0.970733,0.226987,-0.87076,0.044296,0.489736,-0.016322,-0.012621,0.006092,-0.036623,0.027291,-0.048051,0.523026,-0.151248,0.001675,0.290644,-0.34143,0.668673,0.660524,-0.24208,-0.741508,0.625697,0.908579,0.052897,0.414185,1e-06,-2e-05,-2.3e-05,-3.8e-05,5.4e-05,4.1e-05,-1.403973,0.050097,0.04385,-0.022638,0.389076,-0.578008,0.717304,0.230042,0.814952,0.531915,-0.89202,-0.041945,0.450044,0.0,-4e-06,-3e-06,0.001942,-0.002616,-0.002082,-1.017098,0.080206,0.0157,-0.074488,0.490444,0.23298,-0.839752,-0.085659,0.971823,0.219594,0.867252,-0.035766,0.496581,-0.00815,-0.012048,0.006891,-0.073284,0.056778,-0.09712,0.521531
141,0.161368,-0.054788,0.286611,-0.484873,-0.237086,-0.841863,0.076574,-0.970369,0.22911,-0.870637,0.046912,0.489712,-0.016216,-0.023105,0.015187,-0.07227,0.039862,-0.066592,0.523347,-0.15123,0.001706,0.290614,-0.336626,0.670688,0.660947,-0.240289,-0.739758,0.628453,0.910839,0.051897,0.40932,3e-06,-4.5e-05,-5.1e-05,-0.035079,0.04957,0.03828,-1.404005,0.050106,0.043865,-0.022652,0.384247,-0.580223,0.718119,0.228226,0.813388,0.53508,-0.894576,-0.04171,0.444964,2e-06,-1.9e-05,-2.2e-05,-0.022221,0.042581,0.033094,-1.018895,0.079889,0.015276,-0.074227,0.490947,0.23408,-0.839152,-0.084038,0.971459,0.22182,0.867126,-0.038381,0.496606,-0.008121,-0.011591,0.007547,-0.071202,0.03961,-0.06736,0.521204
142,0.160967,-0.05515,0.28689,-0.487415,-0.236212,-0.84064,0.075894,-0.970533,0.228642,-0.869273,0.047931,0.49203,-0.032302,-0.021056,0.018224,-0.069917,0.064634,-0.090552,0.523067,-0.151233,0.001729,0.290579,-0.334336,0.671891,0.660888,-0.239553,-0.738697,0.629981,0.911873,0.051468,0.407066,5.1e-05,-0.000919,-0.001033,-0.151559,0.214217,0.165462,-1.404064,0.050104,0.043879,-0.022667,0.382956,-0.58092,0.718245,0.227904,0.812898,0.535962,-0.895211,-0.041558,0.443698,3.5e-05,-0.000607,-0.000681,-0.266291,0.328448,0.252695,-1.019221,0.079701,0.0151,-0.074098,0.493666,0.233049,-0.837843,-0.083438,0.971672,0.221112,0.865639,-0.039248,0.499127,-0.008043,-0.01074,0.008783,-0.080908,0.026555,-0.07232,0.521368
143,0.160025,-0.055862,0.287576,-0.4948,-0.233135,-0.837178,0.074507,-0.971177,0.226352,-0.865206,0.049906,0.498955,-0.03219,-0.019513,0.020416,-0.025578,0.197635,-0.017022,0.523426,-0.151309,0.001817,0.290441,-0.332068,0.673123,0.660777,-0.239122,-0.737619,0.631406,0.912811,0.050823,0.405037,9.8e-05,-0.001769,-0.001989,-0.004257,0.006016,0.004651,-1.403596,0.050066,0.04392,-0.022732,0.37975,-0.582867,0.71837,0.227287,0.811525,0.5383,-0.896733,-0.041144,0.440654,3.3e-05,-0.000561,-0.000629,0.016138,-0.010891,-0.008275,-1.026732,0.07923,0.014743,-0.073757,0.500927,0.230149,-0.834327,-0.082144,0.972286,0.218886,0.861581,-0.041111,0.50595,-0.016082,-0.00955,0.010524,-0.019423,0.219493,-0.004444,0.521694
144,0.158931,-0.056656,0.288489,-0.504962,-0.22987,-0.831997,0.073364,-0.971829,0.223914,-0.859405,0.052309,0.50864,-0.032033,-0.017628,0.023091,-0.041169,0.149899,-0.04382,0.52316,-0.151501,0.001951,0.290229,-0.32751,0.675502,0.660626,-0.238034,-0.735524,0.634254,0.914735,0.049629,0.400824,-0.001098,0.009985,-0.009216,0.011108,0.02546,0.045844,-1.40383,0.049971,0.043985,-0.022841,0.375254,-0.585425,0.718652,0.226297,0.809712,0.541439,-0.898873,-0.040548,0.436327,6e-05,-0.001045,-0.001172,-0.003662,0.020193,0.01577,-1.027549,0.078695,0.014351,-0.073311,0.511391,0.226709,-0.828903,-0.081024,0.972996,0.216132,0.855519,-0.043367,0.51595,-0.015982,-0.014138,0.015999,-0.089903,0.151949,-0.063931,0.521531
145,0.158381,-0.057058,0.28902,-0.510167,-0.228569,-0.829175,0.072867,-0.972063,0.223061,-0.856363,0.053656,0.513606,-0.031875,-0.027441,0.033134,-0.065837,0.194261,-0.045177,0.523109,-0.151607,0.002004,0.290102,-0.325204,0.67664,0.6606,-0.23747,-0.734521,0.635626,0.915701,0.048991,0.39869,-0.001068,0.009444,-0.009825,-0.092018,0.171248,0.158788,-1.403528,0.049918,0.044013,-0.022903,0.374022,-0.586011,0.718817,0.226167,0.809306,0.542099,-0.899419,-0.040184,0.435235,-0.007725,0.003659,-0.005229,-0.234319,0.349771,0.219129,-1.023956,0.078408,0.014147,-0.073041,0.516489,0.225554,-0.826052,-0.080497,0.973201,0.215403,0.8525,-0.044759,0.520804,-0.015934,-0.007847,0.012952,-0.039945,0.156537,-0.004532,0.521205
146,0.157181,-0.057899,0.290316,-0.514672,-0.231782,-0.825491,0.077164,-0.971383,0.224572,-0.853282,0.052164,0.518859,-0.031528,-0.023991,0.03804,-0.066979,0.055337,-0.106129,0.523328,-0.151834,0.00205,0.289904,-0.322808,0.677566,0.660825,-0.236906,-0.733723,0.636758,0.916691,0.048151,0.396511,0.00014,-0.002619,-0.00295,-0.006272,0.022716,-0.018734,-1.403776,0.049804,0.044039,-0.023005,0.370694,-0.587638,0.719212,0.225448,0.808156,0.54411,-0.900976,-0.039553,0.432061,-0.00717,-0.001446,-0.000753,0.013961,0.003821,-0.038029,-1.018078,0.077808,0.013724,-0.072397,0.520899,0.228813,-0.822379,-0.084659,0.972502,0.216959,0.849409,-0.043392,0.525946,-0.015756,-0.011783,0.019357,0.003632,-0.000602,-0.175999,0.521041
147,0.156004,-0.058727,0.291827,-0.513232,-0.23505,-0.825464,0.080472,-0.970711,0.226311,-0.853845,0.050009,0.518146,-0.031265,-0.021504,0.041503,-0.108066,0.053391,-0.089418,0.522714,-0.152037,0.002069,0.289734,-0.321413,0.680174,0.658823,-0.237216,-0.731289,0.639436,0.9171,0.048391,0.395536,-0.001058,0.009324,-0.009963,0.041867,-0.053585,0.078682,-1.403884,0.049703,0.044044,-0.023088,0.369489,-0.590385,0.71758,0.226005,0.806134,0.546871,-0.901331,-0.039887,0.431288,7.5e-05,-0.001369,-0.00154,0.020173,-0.143719,0.190977,-1.012036,0.077219,0.013309,-0.071643,0.519134,0.232278,-0.822524,-0.088002,0.971774,0.218883,0.850149,-0.041245,0.524922,-0.01561,-0.010366,0.021334,-0.107162,0.038771,-0.065169,0.521204
148,0.154815,-0.059381,0.293457,-0.510239,-0.235202,-0.827274,0.08313,-0.970864,0.22469,-0.855386,0.04616,0.515958,-0.03096,-0.018914,0.045057,-0.022935,-0.092333,0.12895,0.523137,-0.152199,0.00202,0.289637,-0.321263,0.679833,0.659248,-0.237123,-0.731623,0.639089,0.917177,0.048144,0.395389,0.000101,-0.001934,-0.002183,-0.0,0.0,0.0,-1.403868,0.049621,0.044023,-0.02314,0.369395,-0.589983,0.717959,0.225923,0.80644,0.546453,-0.90139,-0.039653,0.431186,5.9e-05,-0.001096,-0.001233,-0.002455,0.016349,-0.023901,-1.008117,0.076625,0.012982,-0.070828,0.516221,0.232594,-0.824266,-0.090722,0.971851,0.217423,0.851636,-0.037459,0.522792,-0.015522,-0.004131,0.018128,0.240669,-0.460029,0.665743,0.521205
149,0.15426,-0.059641,0.294274,-0.510507,-0.235698,-0.826967,0.081898,-0.970657,0.22603,-0.855344,0.047949,0.515864,-0.014628,-0.01898,0.044985,-0.106271,0.025119,-0.034462,0.522493,-0.152273,0.001991,0.289613,-0.321146,0.679592,0.659554,-0.236987,-0.731856,0.638873,0.917252,0.048017,0.395228,5e-05,-0.000964,-0.001088,-0.0,0.0,0.0,-1.403912,0.049584,0.044007,-0.023153,0.369285,-0.589708,0.718242,0.225761,0.806647,0.546216,-0.901476,-0.039558,0.431016,3.5e-05,-0.000658,-0.00074,-0.000424,-0.000321,-0.000289,-1.008444,0.076353,0.012855,-0.070432,0.516397,0.23293,-0.824061,-0.089522,0.971707,0.218565,0.851656,-0.039095,0.522639,-0.015494,-0.003894,0.018424,-0.071932,0.027957,-0.046809,0.521204
150,0.153354,-0.060004,0.295679,-0.5121,-0.233078,-0.826725,0.079732,-0.971224,0.224364,-0.854595,0.049264,0.51698,-0.014751,-0.009149,0.034837,-0.07055,0.012903,-0.015731,0.523057,-0.15238,0.001961,0.289609,-0.320872,0.679065,0.66023,-0.236665,-0.732363,0.638411,0.917431,0.047747,0.394846,0.0,-9e-06,-1e-05,-0.0,0.0,0.0,-1.404001,0.049531,0.043991,-0.023157,0.369021,-0.589113,0.718865,0.22539,0.807091,0.545713,-0.901677,-0.039355,0.430614,-1e-06,4.4e-05,5.4e-05,-0.000315,-0.000204,-0.000191,-1.00877,0.075889,0.012671,-0.069707,0.518074,0.230338,-0.823736,-0.087306,0.972267,0.216961,0.850867,-0.040485,0.523816,-0.007428,0.000619,0.012831,-0.039012,0.008725,-0.026259,0.521694
151,0.152688,-0.060158,0.296802,-0.519206,-0.229615,-0.823254,0.078637,-0.971984,0.221438,-0.850392,0.050512,0.523745,-0.014979,-0.000271,0.023382,0.012932,0.15322,0.050317,0.522955,-0.152478,0.001947,0.289605,-0.320615,0.678575,0.660858,-0.236389,-0.732835,0.637971,0.917592,0.047476,0.394505,0.0,-1e-06,-1e-06,-0.0,0.0,0.0,-1.40367,0.049482,0.043985,-0.023157,0.36877,-0.588562,0.719445,0.225069,0.807503,0.545235,-0.90186,-0.039141,0.430251,-1e-06,2e-05,2.3e-05,-0.000218,-0.000157,-0.000119,-1.00877,0.075556,0.012593,-0.069137,0.525169,0.226988,-0.820166,-0.086275,0.973006,0.214044,0.846612,-0.041649,0.530576,-0.007479,0.000102,0.01204,0.023136,0.182442,0.065628,0.521858
152,0.152363,-0.060195,0.297571,-0.520446,-0.226303,-0.823388,0.077491,-0.972782,0.218318,-0.849739,0.050093,0.524845,0.000757,-0.004866,0.016988,-0.03525,0.013682,-0.017973,0.52371,-0.152553,0.001929,0.289594,-0.320462,0.678272,0.661243,-0.236219,-0.733126,0.6377,0.917689,0.047313,0.394298,2.3e-05,-0.000441,-0.000498,-0.0,0.0,0.0,-1.403558,0.049445,0.043978,-0.023161,0.368623,-0.588221,0.7198,0.22487,0.807758,0.54494,-0.901969,-0.039016,0.430031,1.7e-05,-0.000335,-0.000376,-0.000136,-0.000116,-5.6e-05,-1.009423,0.075388,0.01258,-0.068744,0.526504,0.223588,-0.820244,-0.084984,0.973806,0.210897,0.845913,-0.04133,0.531714,0.000409,0.003272,0.004622,-0.005556,-0.025889,0.019639,0.521205
153,0.152351,-0.060209,0.297801,-0.522605,-0.224663,-0.822469,0.077114,-0.97316,0.216761,-0.848445,0.050129,0.52693,0.000632,0.004893,0.006895,0.108356,0.294452,0.185987,0.523286,-0.152564,0.001934,0.2896,-0.320464,0.678269,0.661246,-0.236217,-0.733129,0.637697,0.917689,0.047314,0.394299,-2.6e-05,0.00051,0.000576,-0.0,0.0,0.0,-1.403475,0.049439,0.043978,-0.02316,0.368627,-0.588216,0.719801,0.224866,0.807761,0.544937,-0.901969,-0.039019,0.430032,-1.9e-05,0.000354,0.0004,-0.000104,-7.4e-05,-8.5e-05,-1.009587,0.075382,0.01257,-0.068625,0.52773,0.222586,-0.819728,-0.084616,0.97403,0.210009,0.845186,-0.041466,0.53286,0.000282,0.002262,0.003193,0.169897,0.413365,0.238557,0.521368
154,0.152449,-0.060192,0.298005,-0.521328,-0.222136,-0.823965,0.076394,-0.973799,0.214131,-0.849296,0.048956,0.525668,0.016406,0.000747,0.001206,0.001007,-0.014649,0.029588,0.523116,-0.152576,0.001951,0.289621,-0.320379,0.678121,0.661438,-0.236133,-0.733271,0.637564,0.91774,0.047228,0.39419,-5.5e-05,0.001083,0.001222,-0.0,0.0,0.0,-1.403461,0.049433,0.043986,-0.023151,0.368544,-0.58805,0.71998,0.224769,0.807885,0.544792,-0.902027,-0.038951,0.429917,-3.2e-05,0.000631,0.000713,0.001927,-0.01676,0.02334,-1.006648,0.075431,0.012579,-0.068522,0.527329,0.219486,-0.820822,-0.083835,0.974785,0.206796,0.845514,-0.040236,0.532433,0.008179,0.000218,0.000383,-0.000441,-0.017297,0.027332,0.521368
155,0.152645,-0.060185,0.298015,-0.521134,-0.22162,-0.824226,0.076126,-0.97392,0.213674,-0.84944,0.048877,0.525443,-4.3e-05,-0.000338,-0.000476,0.0,0.0,0.0,0.522293,-0.152544,0.001977,0.289646,-0.320323,0.678047,0.661541,-0.23609,-0.733343,0.637498,0.917771,0.047175,0.394125,-2.4e-05,0.000462,0.000521,-0.0,0.0,0.0,-1.403255,0.049449,0.044001,-0.023136,0.36849,-0.587966,0.720076,0.224717,0.807948,0.54472,-0.902062,-0.038911,0.429847,-1.5e-05,0.000277,0.000312,-5.3e-05,-4.7e-05,-2.7e-05,-1.008117,0.075529,0.012581,-0.068519,0.527115,0.218995,-0.82109,-0.083575,0.974898,0.206364,0.845673,-0.040155,0.532187,0.008059,-0.000714,-0.000934,0.001261,-0.014858,0.029312,0.521531
156,0.152777,-0.060215,0.297993,-0.520929,-0.221082,-0.8245,0.075823,-0.974045,0.21321,-0.849593,0.048819,0.525202,-6.2e-05,-0.000486,-0.000685,0.0,0.0,0.0,0.520425,-0.152534,0.001995,0.289665,-0.3203,0.678015,0.661585,-0.236071,-0.733374,0.637469,0.917783,0.047153,0.394098,-6.1e-05,0.001197,0.00135,-0.0,0.0,0.0,-1.403394,0.049454,0.044008,-0.023128,0.368468,-0.58793,0.720118,0.224695,0.807976,0.544689,-0.902077,-0.038894,0.429818,-3.6e-05,0.000683,0.00077,0.001973,-0.016749,0.02337,-1.008281,0.075594,0.012564,-0.068533,0.526914,0.218457,-0.821363,-0.083277,0.975022,0.205903,0.845828,-0.040093,0.531945,-4.7e-05,-0.000365,-0.000518,0.000263,-6.5e-05,-0.000159,0.520715
157,0.153211,-0.060282,0.297938,-0.518806,-0.222036,-0.825582,0.080446,-0.974078,0.211356,-0.850467,0.043508,0.524251,0.016107,-0.001602,-0.002121,0.000984,-0.014715,0.029553,0.439282,-0.152535,0.002007,0.289679,-0.320264,0.677955,0.661664,-0.236036,-0.733432,0.637415,0.917805,0.047117,0.394052,-3e-06,6.5e-05,7.3e-05,-0.0,0.0,0.0,-1.403433,0.049453,0.044017,-0.023119,0.368433,-0.587862,0.720191,0.224655,0.808027,0.54463,-0.902101,-0.038865,0.42977,-2e-06,1.3e-05,1.4e-05,-3.4e-05,-1.8e-05,-2e-05,-1.007627,0.075799,0.012531,-0.06856,0.524851,0.219579,-0.822384,-0.087999,0.974974,0.204159,0.846632,-0.034784,0.531039,0.008035,-0.000961,-0.001293,0.000253,-0.001087,0.004165,0.475973
158,0.154027,-0.060313,0.297899,-0.514924,-0.224837,-0.827253,0.090279,-0.973849,0.208422,-0.851842,0.032911,0.522789,0.016257,-0.000392,-0.000439,0.00657,-0.108143,0.205043,0.042449,-0.152566,0.001975,0.289647,-0.32016,0.677762,0.661912,-0.235928,-0.733617,0.637242,0.917869,0.04701,0.393916,6.5e-05,-0.001266,-0.001428,0.0,0.0,0.0,-1.403244,0.049438,0.044003,-0.023133,0.36833,-0.587647,0.720419,0.224533,0.808187,0.544442,-0.902173,-0.038776,0.429626,-0.007179,-0.001438,-0.000753,-0.002071,0.015188,-0.029257,-1.008934,0.076212,0.012512,-0.068584,0.520948,0.222353,-0.824118,-0.097833,0.974666,0.201129,0.847962,-0.024152,0.529504,0.016247,-0.000491,-0.000592,0.001844,-0.029137,0.059437,0.233487
159,0.154721,-0.060322,0.297853,-0.512864,-0.225867,-0.828251,0.095069,-0.973777,0.20662,-0.852565,0.027502,0.521923,0.032447,-0.0013,-0.001642,0.001969,-0.029429,0.059106,-0.245472,-0.152608,0.001942,0.289615,-0.320102,0.677638,0.662066,-0.235859,-0.733735,0.637132,0.917906,0.046946,0.393835,7.9e-05,-0.001549,-0.001749,0.0,0.0,0.0,-1.403412,0.049417,0.043985,-0.02315,0.368272,-0.587509,0.720561,0.224455,0.80829,0.544322,-0.902216,-0.038724,0.42954,4.3e-05,-0.000839,-0.000946,-1.9e-05,-1.8e-05,-1.2e-05,-1.008607,0.076553,0.012508,-0.068605,0.51885,0.223269,-0.825194,-0.102566,0.974577,0.199197,0.848689,-0.018716,0.528559,0.016227,-0.00064,-0.000822,0.007279,-0.122623,0.234977,0.076891
160,0.156449,-0.060199,0.297621,-0.507891,-0.220635,-0.832713,0.093068,-0.975039,0.201518,-0.855761,0.025118,0.516788,0.04866,0.009262,-0.010639,-0.063506,-0.365807,-0.054228,-1.017865,-0.152755,0.001842,0.289521,-0.319918,0.677236,0.662567,-0.235636,-0.73412,0.636771,0.918028,0.046744,0.393577,0.000105,-0.002075,-0.002344,0.0,0.0,0.0,-1.402978,0.049343,0.043935,-0.023197,0.368087,-0.587061,0.72102,0.224204,0.808624,0.543929,-0.902354,-0.038557,0.429265,6.8e-05,-0.001294,-0.001456,-1.9e-05,-3e-06,-3e-06,-1.008281,0.077411,0.012565,-0.068719,0.515106,0.217292,-0.829125,-0.100473,0.97597,0.193355,0.851216,-0.016293,0.52456,0.02437,-0.000618,-0.000825,-0.197342,-0.566535,-0.175344,-0.235321
161,0.158444,-0.059729,0.297121,-0.517098,-0.184184,-0.835901,0.03435,-0.980251,0.194678,-0.85461,0.072176,0.514256,0.048623,0.020896,-0.018248,-0.341731,0.014737,0.407839,-1.780905,-0.153007,0.001681,0.289401,-0.319627,0.676586,0.663372,-0.235228,-0.734738,0.636209,0.918233,0.046461,0.393131,-0.014277,-0.004767,-0.003659,-0.002045,0.015205,-0.029245,-1.402736,0.049217,0.043855,-0.023257,0.367794,-0.586336,0.721759,0.223754,0.809159,0.543318,-0.902585,-0.038333,0.428799,-0.007133,-0.002482,-0.001936,-0.00207,0.015215,-0.029259,-1.008444,0.078408,0.012795,-0.068967,0.523327,0.181784,-0.832516,-0.042102,0.981303,0.187806,0.85109,-0.063234,0.521195,0.024266,0.009952,-0.009848,-1.327575,0.263586,0.988976,-0.535122
162,0.160705,-0.058804,0.296342,-0.521534,-0.149201,-0.84011,-0.029188,-0.980895,0.192261,-0.852101,0.124971,0.508265,0.064862,0.022067,-0.016864,-1.357709,0.236632,1.017199,-1.916966,-0.153319,0.001419,0.28922,-0.323199,0.673762,0.664514,-0.230238,-0.736985,0.635435,0.918253,0.051534,0.392453,-0.014199,-0.00667,-0.005828,-0.103205,-0.062909,-0.111202,-1.402615,0.049067,0.043727,-0.023344,0.371205,-0.583359,0.722424,0.218784,0.811057,0.542512,-0.902407,-0.043328,0.428698,0.000131,-0.002667,-0.003016,-0.331892,-0.322782,-0.196474,-1.008607,0.079557,0.013264,-0.069365,0.527794,0.146732,-0.836601,0.021614,0.982326,0.185926,0.849096,-0.116212,0.515294,0.032458,0.011146,-0.008305,-1.357684,0.268693,1.035806,-0.837373
163,0.161885,-0.058132,0.295887,-0.520928,-0.131502,-0.843437,-0.063598,-0.979336,0.191906,-0.850601,0.153767,0.502854,0.064856,0.034911,-0.022757,-1.450991,-0.183607,0.842702,-1.918233,-0.153525,0.001229,0.289108,-0.33026,0.671761,0.663066,-0.227255,-0.738309,0.634972,0.91649,0.058181,0.395632,-0.014145,-0.008025,-0.007377,0.03461,-0.045397,-0.111167,-1.402473,0.048964,0.043634,-0.023398,0.378282,-0.581208,0.720485,0.215783,0.812246,0.541935,-0.900188,-0.049535,0.432673,-0.007071,-0.004027,-0.003698,0.015228,-0.070283,-0.133722,-1.008607,0.080122,0.013585,-0.069587,0.528554,0.128689,-0.839088,0.054902,0.981191,0.185066,0.847122,-0.143885,0.511547,0.032344,0.017308,-0.011669,-4.911087,0.419125,2.54536,-0.984008
164,0.164222,-0.056515,0.294977,-0.521539,-0.108276,-0.846356,-0.107792,-0.975606,0.191171,-0.845764,0.191062,0.498202,0.048788,0.039259,-0.016794,-0.092608,-0.505196,-0.258615,-1.918641,-0.153919,0.000744,0.288871,-0.350116,0.660162,0.664527,-0.210257,-0.746614,0.631105,0.913195,0.080414,0.39934,-0.012957,-0.021112,-0.001697,-0.239608,-0.462238,-0.416694,-1.367493,0.048761,0.043388,-0.023521,0.397282,-0.568969,0.720028,0.198328,0.819294,0.53798,-0.896008,-0.070928,0.438333,-0.006474,-0.010653,-0.000947,-0.212094,-0.494997,-0.439034,-1.005994,0.081315,0.014405,-0.070052,0.529861,0.103968,-0.841687,0.100887,0.977682,0.184277,0.842062,-0.182556,0.507546,0.024439,0.019835,-0.00814,-0.073416,-0.477439,-0.242386,-1.071858
