frame,MLTx,MLTy,MLTz,MLTR1,MLTR2,MLTR3,MLTR4,MLTR5,MLTR6,MLTR7,MLTR8,MLTR9,MLTTVx,MLTTVy,MLTTVz,MLTRVx,MLTRVy,MLTRVz,MLGA,MRTx,MRTy,MRTz,MRTR1,MRTR2,MRTR3,MRTR4,MRTR5,MRTR6,MRTR7,MRTR8,MRTR9,MRTTVx,MRTTVy,MRTTVz,MRTRVx,MRTRVy,MRTRVz,MRGA,SLTx,SLTy,SLTz,SLTR1,SLTR2,SLTR3,SLTR4,SLTR5,SLTR6,SLTR7,SLTR8,SLTR9,SLTTVx,SLTTVy,SLTTVz,SLTRVx,SLTRVy,SLTRVz,SLGA,SRTx,SRTy,SRTz,SRTR1,SRTR2,SRTR3,SRTR4,SRTR5,SRTR6,SRTR7,SRTR8,SRTR9,SRTTVx,SRTTVy,SRTTVz,SRTRVx,SRTRVy,SRTRVz,SRGA
340,0.123496,-0.010214,0.356991,-0.510509,0.03253,-0.859284,0.587035,-0.716946,-0.375967,-0.627653,-0.696412,0.347979,0.016417,0.011156,0.009234,0.004814,0.028214,0.084212,-1.796289,-0.13726,0.024802,0.313727,0.370878,0.388349,0.843579,-0.866901,0.470412,0.16471,-0.333308,-0.792862,0.510038,0.014465,-0.006444,0.010466,0.061958,-0.313178,0.02907,0.005039,0.050302,0.034849,-0.020245,-0.410235,-0.376307,0.830722,0.795947,-0.592378,0.124721,0.445169,0.712376,0.542534,0.006471,0.002862,0.001788,0.12875,-0.477973,0.208686,-0.18399,0.076627,0.019507,-0.064494,-0.502157,-0.003184,-0.864769,0.696566,-0.594097,-0.402297,-0.512477,-0.804386,0.300548,0.015212,0.005117,0.004266,0.017519,-0.032318,0.120707,-0.869215
341,0.123861,-0.00999,0.357189,-0.513453,0.029868,-0.857624,0.590077,-0.713276,-0.378177,-0.622378,-0.700286,0.349675,0.016545,0.011939,0.009845,0.003505,-0.023264,0.090006,-1.791274,-0.136945,0.024819,0.313866,0.377999,0.397028,0.836347,-0.864937,0.473459,0.166298,-0.330403,-0.786734,0.521292,0.012942,0.005768,0.003634,0.128228,-0.477506,0.215136,0.020183,0.050455,0.034854,-0.020178,-0.418294,-0.383433,0.823413,0.793698,-0.595102,0.126082,0.441671,0.70628,0.553258,0.013176,0.00362,0.001694,0.173377,-0.568585,0.146645,-0.171416,0.07681,0.019618,-0.064395,-0.504601,-0.006371,-0.863328,0.699077,-0.589809,-0.404246,-0.506624,-0.807516,0.302073,0.015131,0.004808,0.003997,0.011225,-0.060106,0.070826,-0.865949
342,0.124383,-0.009565,0.357564,-0.518431,0.020962,-0.854889,0.596799,-0.707051,-0.379316,-0.611754,-0.70688,0.35511,0.002478,0.012654,0.010308,0.00506,0.233908,-0.038121,-1.772036,-0.13642,0.024959,0.314063,0.386301,0.410532,0.82597,-0.866207,0.469028,0.172138,-0.317198,-0.782462,0.535726,0.012848,0.006484,0.004266,0.091532,-0.38743,0.282717,0.048033,0.050728,0.034923,-0.020076,-0.428906,-0.395318,0.812258,0.795536,-0.591285,0.132303,0.427974,0.702926,0.568095,0.006421,0.003246,0.002126,0.083383,-0.36361,0.291425,-0.134186,0.077076,0.019833,-0.064206,-0.507642,-0.015614,-0.861426,0.704798,-0.582589,-0.404781,-0.495537,-0.812616,0.306751,0.008052,0.004987,0.004086,0.006471,0.205553,0.182758,-0.862683
343,0.124639,-0.009135,0.35794,-0.520987,0.020549,-0.853343,0.595912,-0.706945,-0.380905,-0.610445,-0.706997,0.357125,0.00238,0.012206,0.009899,0.017058,0.309378,0.192562,-1.765582,-0.136015,0.025163,0.314223,0.395511,0.422033,0.815752,-0.86716,0.464113,0.180465,-0.302914,-0.779281,0.548477,-0.00054,0.004708,0.004213,-0.225189,-0.716079,0.723095,0.059439,0.05093,0.035023,-0.019997,-0.438807,-0.404947,0.802163,0.797504,-0.586841,0.14001,0.414046,0.701166,0.580458,0.00646,0.002841,0.00176,-0.833407,-2.077292,2.227075,-0.108386,0.077204,0.020048,-0.064018,-0.509147,-0.016077,-0.860528,0.704249,-0.582546,-0.405798,-0.494773,-0.812638,0.307924,0.001234,0.006357,0.005149,-0.009702,0.504916,0.349815,-0.864969
344,0.124712,-0.008598,0.358387,-0.525662,0.018184,-0.850525,0.594903,-0.706745,-0.382849,-0.60741,-0.70726,0.361748,0.002803,0.014399,0.011616,0.015832,0.25246,0.195527,-1.763737,-0.135748,0.025403,0.31439,0.408486,0.434759,0.802568,-0.865403,0.463858,0.189334,-0.290456,-0.772419,0.564683,-0.000646,0.005585,0.004989,-0.278745,-0.517563,-0.094855,0.069981,0.051064,0.035142,-0.019914,-0.454582,-0.414431,0.788417,0.795378,-0.587287,0.149889,0.400908,0.695227,0.596599,0.006294,0.0042,0.002973,-1.206971,-0.724338,-0.901674,-0.095486,0.07724,0.020313,-0.063797,-0.513882,-0.01955,-0.857637,0.703062,-0.582451,-0.407986,-0.491555,-0.81263,0.313056,0.001143,0.001692,0.01009,-0.036006,0.424919,0.241773,-0.870684
345,0.124724,-0.008323,0.358622,-0.528074,0.01731,-0.849048,0.59424,-0.706644,-0.384063,-0.605964,-0.707382,0.363929,0.002684,0.013793,0.011097,0.005485,0.078716,0.073172,-1.762838,-0.135583,0.025563,0.314512,0.416173,0.441135,0.795104,-0.863111,0.466592,0.193041,-0.286334,-0.767145,0.573903,-0.000873,0.007509,0.0067,0.104437,-0.391439,0.238061,0.076901,0.051146,0.035222,-0.019854,-0.463114,-0.420083,0.78042,0.793028,-0.589599,0.153227,0.395767,0.689856,0.606189,-0.000451,0.003863,0.003441,0.084978,-0.349616,0.254085,-0.086505,0.077247,0.020453,-0.063678,-0.517097,-0.021401,-0.855658,0.702102,-0.582383,-0.409732,-0.489553,-0.812632,0.316174,0.001421,0.00733,0.005897,0.013156,0.053627,0.087925,-0.87542
346,0.124809,-0.007883,0.359079,-0.52833,0.014693,-0.848938,0.598035,-0.703243,-0.384416,-0.601999,-0.710819,0.363813,0.002047,0.010538,0.008438,0.012189,-0.008088,0.020695,-1.764071,-0.135348,0.025899,0.314806,0.427228,0.458892,0.779028,-0.863425,0.46255,0.201192,-0.268531,-0.759153,0.592825,-0.00102,0.008706,0.007745,-0.061225,-0.235388,0.04176,0.084627,0.051264,0.035388,-0.019708,-0.476578,-0.435443,0.763715,0.794028,-0.58608,0.161332,0.377348,0.683299,0.625068,0.006159,0.005261,0.003904,-0.347742,-0.38889,0.044028,-0.071319,0.07729,0.02068,-0.063444,-0.516618,-0.023944,-0.855879,0.70551,-0.57829,-0.409676,-0.485138,-0.815479,0.315648,0.007899,0.004446,0.003579,0.033805,0.079115,-0.138138,-0.880972
347,0.124901,-0.007544,0.359415,-0.530622,0.013332,-0.84753,0.597523,-0.703236,-0.385222,-0.600488,-0.710851,0.36624,0.00192,0.0099,0.007898,0.02014,0.366356,0.221856,-1.767711,-0.135169,0.026274,0.315113,0.441305,0.476567,0.760346,-0.860518,0.464841,0.208244,-0.254732,-0.746778,0.614245,-0.001061,0.009001,0.007981,0.212438,-0.595237,-0.077871,0.084622,0.051354,0.035577,-0.019553,-0.49349,-0.448071,0.745452,0.790721,-0.58811,0.16996,0.362254,0.673318,0.644526,0.00613,0.005391,0.004005,0.162241,-0.86819,0.216654,-0.067563,0.077337,0.02085,-0.063276,-0.517562,-0.024962,-0.85528,0.705263,-0.578433,-0.4099,-0.484491,-0.815347,0.31698,0.000943,0.004889,0.0039,-0.009967,0.520728,0.325815,-0.883584
348,0.124944,-0.007328,0.3596,-0.530499,0.012859,-0.847614,0.597732,-0.70327,-0.384836,-0.600389,-0.710826,0.366452,0.002326,0.012002,0.009554,0.001863,-0.020978,0.054017,-1.767978,-0.1351,0.026464,0.315298,0.44755,0.485489,0.750993,-0.860006,0.463666,0.212926,-0.24538,-0.741753,0.624062,-0.001143,0.009668,0.008557,-2.064741,-2.581792,0.773,0.085045,0.051388,0.035672,-0.019461,-0.499282,-0.455801,0.736859,0.790177,-0.588413,0.171433,0.355438,0.667843,0.653948,-0.000621,0.005011,0.004429,-3.967189,-1.691963,-3.30817,-0.066747,0.077357,0.020954,-0.063186,-0.518655,-0.026201,-0.854581,0.705114,-0.578396,-0.410208,-0.483539,-0.815334,0.318462,0.001156,0.005996,0.004772,0.005239,-0.040483,0.041128,-0.883421
349,0.125019,-0.006892,0.35996,-0.532305,0.00953,-0.846526,0.597334,-0.704282,-0.383602,-0.599185,-0.709871,0.370253,0.002183,0.011282,0.008943,0.005318,0.074666,0.07103,-1.768262,-0.135,0.026815,0.315644,0.455641,0.496386,0.738907,-0.8582,0.465193,0.216848,-0.236648,-0.733548,0.637,-0.001067,0.008992,0.007931,-0.305706,-0.317275,-0.19076,0.089525,0.051438,0.03585,-0.019286,-0.5105,-0.466227,0.722509,0.788479,-0.589038,0.177012,0.343058,0.660049,0.668315,-0.00054,0.004493,0.003962,-1.18356,-0.668358,-0.763154,-0.063155,0.077394,0.021169,-0.063008,-0.519858,-0.029779,-0.853733,0.704831,-0.579616,-0.408971,-0.482658,-0.814345,0.322307,0.001136,0.005896,0.004673,0.009539,0.082256,0.076466,-0.882768
350,0.125119,-0.00643,0.360338,-0.538616,0.00324,-0.842572,0.59529,-0.706164,-0.38332,-0.595564,-0.708049,0.37947,0.002533,0.013115,0.01035,0.010969,0.16135,0.148277,-1.768602,-0.134928,0.027146,0.31595,0.466981,0.502596,0.727542,-0.853645,0.470662,0.222939,-0.230946,-0.725793,0.647882,-0.000983,0.008256,0.007258,0.023213,-0.149602,0.179064,0.094047,0.051474,0.036019,-0.01913,-0.522675,-0.470408,0.711003,0.783533,-0.593737,0.183169,0.335985,0.652833,0.678912,-0.00049,0.004085,0.003591,0.003802,-0.11335,0.193308,-0.058093,0.077443,0.021392,-0.062826,-0.524994,-0.037105,-0.850295,0.7031,-0.581891,-0.40872,-0.479614,-0.812419,0.331578,0.001229,0.00639,0.005041,0.014874,0.250141,0.199737,-0.879992
351,0.125207,-0.006197,0.360535,-0.545434,-0.000773,-0.838181,0.593025,-0.706984,-0.385313,-0.591602,-0.707232,0.387114,0.002547,0.013208,0.010398,-0.00639,0.682442,0.314112,-1.76871,-0.134914,0.027286,0.316083,0.47036,0.508987,0.720892,-0.8541,0.467828,0.227122,-0.222224,-0.723172,0.653836,-0.000921,0.007732,0.006788,0.03133,-0.183562,0.171361,0.097861,0.051481,0.036086,-0.019066,-0.526876,-0.47592,0.704201,0.784473,-0.591167,0.187406,0.327111,0.651168,0.684819,-0.000446,0.003713,0.003259,-0.002351,-0.195548,0.213396,-0.053847,0.077488,0.021514,-0.062723,-0.529381,-0.041237,-0.84738,0.701523,-0.58297,-0.40989,-0.477095,-0.811445,0.337542,0.008196,0.006204,0.004892,-0.121942,0.194763,-0.060771,-0.878686
352,0.125501,-0.005659,0.36097,-0.556709,-0.007504,-0.830701,0.588906,-0.708777,-0.388327,-0.585173,-0.705388,0.400034,0.002762,0.014398,0.011273,0.01389,0.274258,0.174187,-1.769215,-0.134726,0.027494,0.316424,0.474542,0.516605,0.712685,-0.852605,0.470796,0.226602,-0.219044,-0.715811,0.662945,0.012304,0.009883,0.007132,0.1226,-0.229733,-0.097533,0.098454,0.05157,0.036188,-0.018903,-0.532328,-0.481565,0.696219,0.782389,-0.593924,0.187404,0.323255,0.644475,0.692934,0.00616,0.004839,0.003472,0.227191,-0.376126,-0.198155,-0.048622,0.077628,0.021778,-0.062509,-0.541164,-0.051185,-0.839357,0.697287,-0.585229,-0.413878,-0.470032,-0.80925,0.352396,0.001421,0.007441,0.005825,0.018897,0.405129,0.285837,-0.885707
353,0.125854,-0.005021,0.36148,-0.564742,-0.016756,-0.825124,0.585266,-0.712962,-0.386161,-0.581107,-0.700986,0.413472,0.003626,0.019016,0.014794,0.01042,-0.034921,0.270588,-1.770998,-0.134429,0.027569,0.316837,0.483519,0.525854,0.69977,-0.849816,0.473389,0.231624,-0.210053,-0.707322,0.67486,0.013853,-0.002223,0.014048,-0.949754,-2.1067,1.618448,0.104314,0.051718,0.03623,-0.018693,-0.540662,-0.489067,0.684469,0.779957,-0.596283,0.190031,0.3152,0.636599,0.703839,0.006185,0.004565,0.003222,0.159335,-0.36016,0.047715,-0.046336,0.077811,0.022103,-0.062249,-0.548325,-0.062275,-0.833942,0.694203,-0.589926,-0.412393,-0.466282,-0.805052,0.366703,0.001842,0.009696,0.007539,0.025581,-0.099263,0.236693,-0.890279
354,0.126074,-0.004641,0.3618,-0.568948,-0.020558,-0.822144,0.582986,-0.715116,-0.385627,-0.579291,-0.698683,0.419871,0.004013,0.021123,0.016368,0.009007,0.137518,0.168257,-1.771296,-0.134238,0.027586,0.317079,0.486476,0.528724,0.695546,-0.848809,0.474419,0.233203,-0.207274,-0.704489,0.678672,0.013728,-0.001238,0.014898,-0.008326,-0.062462,0.004043,0.1093,0.051814,0.036236,-0.018574,-0.545971,-0.492037,0.678096,0.778318,-0.597415,0.193171,0.310058,0.633241,0.709133,0.006852,-0.000575,0.007483,-0.019284,-0.136893,0.179809,-0.039804,0.077914,0.022277,-0.062101,-0.551194,-0.066754,-0.831701,0.692616,-0.592431,-0.411468,-0.465259,-0.802849,0.37278,0.001952,0.010323,0.007997,0.012072,0.236288,0.198124,-0.892565
355,0.126581,-0.003933,0.362436,-0.577195,-0.028566,-0.816135,0.578545,-0.719561,-0.384043,-0.575568,-0.693811,0.432868,0.003945,0.020946,0.016107,0.026004,0.479764,0.536251,-1.773533,-0.133776,0.027553,0.317772,0.488781,0.538356,0.686482,-0.848469,0.47617,0.230861,-0.203194,-0.695968,0.688625,0.013429,0.001083,0.016888,0.062051,-0.176154,-0.082076,0.109815,0.052039,0.036222,-0.018238,-0.54967,-0.500322,0.668984,0.777649,-0.598989,0.19098,0.305163,0.625211,0.718321,0.006744,0.000229,0.008168,0.11191,-0.245933,-0.137775,-0.033762,0.078176,0.022652,-0.061768,-0.55692,-0.075249,-0.827149,0.689237,-0.597575,-0.4097,-0.463454,-0.798273,0.384666,0.001976,0.010548,0.008106,0.040416,0.420945,0.508264,-0.896158
356,0.127055,-0.003183,0.363123,-0.587002,-0.039986,-0.808626,0.573677,-0.72524,-0.38065,-0.570494,-0.68729,0.449661,0.017816,0.021159,0.016104,-0.000281,0.298926,0.2685,-1.77591,-0.133274,0.027362,0.31843,0.496357,0.549554,0.67202,-0.846426,0.478076,0.234391,-0.193074,-0.68584,0.701576,0.013777,-0.001801,0.014367,0.042066,-0.142707,-0.056311,0.118671,0.052295,0.036129,-0.017895,-0.558966,-0.510068,0.653748,0.775421,-0.600833,0.194216,0.293731,0.615491,0.731363,0.007657,-0.006837,0.010756,0.007236,-0.225537,0.084771,-0.0287,0.078413,0.023025,-0.061425,-0.566329,-0.089275,-0.819329,0.684732,-0.604252,-0.407454,-0.458706,-0.791775,0.403335,0.008903,0.01061,0.008069,0.006032,0.303979,0.282717,-0.886687
357,0.127537,-0.002531,0.363821,-0.599881,-0.04842,-0.798652,0.566825,-0.730136,-0.381552,-0.563902,-0.681529,0.466433,0.016808,0.007669,0.022687,-0.066316,0.170759,0.321457,-1.779331,-0.132709,0.027149,0.319008,0.50511,0.560531,0.656247,-0.843591,0.480963,0.23867,-0.182468,-0.674856,0.71494,0.014056,-0.004055,0.012407,0.052407,-0.23603,0.087783,0.131222,0.052577,0.036024,-0.017603,-0.569236,-0.518891,0.637747,0.772344,-0.60342,0.198413,0.281874,0.605504,0.744251,0.006962,-0.001589,0.006573,0.045318,-0.240352,0.107906,-0.011228,0.078648,0.023355,-0.06108,-0.577972,-0.100432,-0.809852,0.678775,-0.610057,-0.40877,-0.453002,-0.785966,0.420767,0.001827,0.009917,0.007501,-0.143302,0.356154,0.007819,-0.891096
358,0.127756,-0.002262,0.364188,-0.606323,-0.052366,-0.793521,0.563137,-0.732751,-0.381999,-0.560694,-0.678419,0.47476,0.017227,0.018502,0.013899,-0.006893,0.204361,0.187426,-1.781067,-0.132465,0.027068,0.319238,0.509562,0.565929,0.648122,-0.842035,0.482646,0.240757,-0.177187,-0.669126,0.721622,0.014107,-0.004458,0.012055,0.275014,-0.597974,-0.148414,0.136552,0.052699,0.035983,-0.017489,-0.575052,-0.521097,0.630691,0.770138,-0.604915,0.202397,0.276046,0.602108,0.749175,0.007093,-0.002614,0.005686,-0.023317,-0.120903,0.158327,-0.00486,0.078758,0.023483,-0.060895,-0.583911,-0.105602,-0.804919,0.67544,-0.613243,-0.409528,-0.450364,-0.782803,0.429407,0.001652,0.004797,0.012063,-0.05783,0.148136,0.304706,-0.894851
359,0.128099,-0.001772,0.364947,-0.621261,-0.061045,-0.781252,0.554803,-0.738269,-0.383567,-0.552585,-0.671668,0.493497,0.003483,0.019002,0.014224,-0.147841,0.493227,0.099384,-1.785585,-0.132045,0.026879,0.319552,0.521084,0.574922,0.630815,-0.837528,0.486466,0.248659,-0.16455,-0.658613,0.734177,0.014475,-0.007312,0.009591,0.082575,-0.290088,0.081008,0.142815,0.052909,0.035894,-0.017334,-0.587346,-0.529338,0.612229,0.765677,-0.608517,0.20843,0.262222,0.591191,0.762713,0.006539,0.001537,0.000559,0.167009,-0.341899,0.021264,0.008857,0.078933,0.023725,-0.060524,-0.59659,-0.115881,-0.794135,0.668402,-0.619439,-0.411744,-0.444205,-0.776444,0.447007,0.008333,0.003547,0.010998,-1.742986,1.600977,-1.295174,-0.88685
360,0.128259,-0.001251,0.365714,-0.631332,-0.069048,-0.772462,0.548557,-0.74377,-0.38192,-0.547376,-0.66478,0.508404,0.003188,0.009026,0.023501,-0.02592,0.433265,0.486224,-1.787806,-0.131665,0.02668,0.31985,0.527244,0.586919,0.614435,-0.835328,0.490199,0.24873,-0.155859,-0.645128,0.747918,0.014492,-0.007398,0.009516,0.115095,-0.323561,0.019982,0.140935,0.0531,0.035789,-0.017183,-0.595365,-0.539657,0.59524,0.762936,-0.612021,0.208226,0.251929,0.578101,0.7761,0.000579,-0.004341,0.00496,0.129392,-0.332326,-0.035182,0.009836,0.079014,0.023991,-0.060136,-0.604442,-0.12634,-0.786566,0.663572,-0.626183,-0.409348,-0.440817,-0.769372,0.462327,0.001597,0.004593,0.01181,-0.015389,0.544914,0.322011,-0.889299
361,0.128306,-0.000976,0.366107,-0.634656,-0.075007,-0.769176,0.546184,-0.747596,-0.377829,-0.545902,-0.659818,0.516391,0.003638,0.01993,0.014756,-0.155602,0.357386,0.032647,-1.787122,-0.131504,0.02661,0.320007,0.530001,0.591503,0.60763,-0.834198,0.492093,0.24878,-0.152508,-0.639475,0.753443,0.0011,-0.008125,0.010414,0.090211,-0.272023,0.018041,0.140798,0.053185,0.035752,-0.017107,-0.598787,-0.543517,0.588254,0.761591,-0.613704,0.208196,0.247856,0.572674,0.781416,0.007136,-0.00288,0.005457,0.102133,-0.316569,0.053129,0.009673,0.079037,0.024124,-0.059937,-0.608091,-0.133265,-0.782601,0.661198,-0.630614,-0.406375,-0.439364,-0.764568,0.471585,0.001645,0.004857,0.011976,-0.61138,0.684958,-0.396443,-0.883094
362,0.128308,-0.000428,0.366913,-0.646236,-0.085449,-0.758368,0.539034,-0.754483,-0.374391,-0.539379,-0.650633,0.534578,-0.010335,0.01011,0.024221,-0.567651,0.523775,-0.213902,-1.786931,-0.131185,0.026577,0.320426,0.535077,0.595888,0.598833,-0.831765,0.49532,0.250518,-0.147991,-0.632878,0.759887,0.013694,-0.001301,0.014752,-0.013471,-0.140845,0.193077,0.138568,0.053336,0.035727,-0.01691,-0.604317,-0.546897,0.579399,0.758962,-0.616423,0.209758,0.242439,0.566503,0.787589,0.006824,-0.000516,0.007488,-0.036854,-0.111525,0.205519,0.008693,0.079044,0.024404,-0.059536,-0.618346,-0.145662,-0.772289,0.655049,-0.638475,-0.404053,-0.434232,-0.755732,0.490214,0.001755,0.009541,0.006969,-1.786756,1.308076,-1.619161,-0.884401
363,0.128268,3.9e-05,0.367694,-0.660422,-0.093635,-0.745065,0.530238,-0.760649,-0.374478,-0.530845,-0.642267,0.552924,0.003422,0.018753,0.013687,-0.000778,0.248352,0.40981,-1.787172,-0.130783,0.026676,0.321128,0.534078,0.604022,0.591531,-0.832726,0.496372,0.245187,-0.146177,-0.624286,0.767308,-0.000493,0.003957,0.020739,0.108964,-0.32122,0.053261,0.136658,0.053548,0.03577,-0.01656,-0.604772,-0.554287,0.571853,0.759463,-0.617531,0.204621,0.239719,0.558051,0.794426,0.007127,-0.002796,0.014198,0.092655,-0.260428,-0.130893,0.004938,0.07902,0.02464,-0.059137,-0.631225,-0.157326,-0.759475,0.647248,-0.646384,-0.40405,-0.427345,-0.746616,0.509843,0.001692,0.009344,0.006823,0.01225,0.206276,0.394828,-0.878849
364,0.128295,0.000397,0.368554,-0.682823,-0.101846,-0.723481,0.511826,-0.773251,-0.374284,-0.520462,-0.625748,0.581021,0.002761,0.00675,0.021507,-0.215037,0.815312,0.477476,-1.786213,-0.130421,0.026765,0.322084,0.53703,0.616212,0.576084,-0.832593,0.496616,0.245142,-0.135694,-0.612062,0.778993,0.013999,-0.003686,0.029963,0.148016,-0.345258,-0.19602,0.140306,0.053718,0.035819,-0.016089,-0.609969,-0.564362,0.556266,0.758968,-0.617897,0.20535,0.227824,0.547445,0.805232,0.006965,-0.0017,0.015097,0.333995,-0.563242,-0.339587,0.006571,0.079032,0.024816,-0.058722,-0.650522,-0.168754,-0.740501,0.631922,-0.661117,-0.404473,-0.421301,-0.731058,0.536711,0.001483,0.003897,0.011085,-1.92523,1.278054,-1.331883,-0.878033
365,0.128335,0.000519,0.368954,-0.695311,-0.104573,-0.711092,0.503142,-0.777255,-0.377748,-0.51233,-0.620311,0.593934,0.002628,0.006038,0.020957,-0.047457,0.838865,0.914463,-1.786314,-0.130213,0.026794,0.322616,0.535213,0.622255,0.571259,-0.833941,0.496561,0.240631,-0.13459,-0.605963,0.783937,0.013866,-0.002794,0.03068,0.192276,-0.498341,-0.062709,0.1396,0.053822,0.035834,-0.015822,-0.608956,-0.570259,0.55134,0.760302,-0.617752,0.200805,0.226081,0.541467,0.809752,0.000268,-0.001994,0.015579,0.382619,-0.624903,-0.414194,0.00755,0.079053,0.02488,-0.058513,-0.662367,-0.174709,-0.728522,0.624108,-0.666613,-0.407572,-0.414436,-0.72464,0.55058,0.001253,0.002765,0.0103,-0.028573,0.454626,0.467652,-0.870684
366,0.12846,0.000765,0.36979,-0.715211,-0.107714,-0.690592,0.478756,-0.795291,-0.371857,-0.508275,-0.596455,0.621229,0.002816,0.007111,0.021658,-0.099681,0.415885,0.416694,-1.786304,-0.129874,0.026825,0.323781,0.532911,0.632192,0.562433,-0.835816,0.496599,0.233956,-0.132054,-0.595559,0.792297,0.013697,-0.001737,0.03148,0.215077,-0.439013,-0.264196,0.142385,0.053996,0.035857,-0.015228,-0.608305,-0.579734,0.5421,0.761995,-0.617687,0.194486,0.222098,0.531385,0.817497,-0.000579,0.004184,0.012122,0.239887,-0.442899,-0.299135,0.009183,0.079115,0.024999,-0.058099,-0.683473,-0.1828,-0.706716,0.601942,-0.688817,-0.403974,-0.412952,-0.701508,0.580823,0.001369,0.003425,0.010739,-0.23044,0.539206,0.33621,-0.865296
367,0.128594,0.001028,0.370597,-0.731921,-0.115362,-0.671586,0.46385,-0.806255,-0.367106,-0.498207,-0.580073,0.644462,0.002669,0.006344,0.021037,-0.076826,0.684473,0.370332,-1.785484,-0.129526,0.026775,0.324861,0.532517,0.640524,0.553304,-0.836776,0.496427,0.230867,-0.127454,-0.586734,0.799601,0.012585,0.006219,0.020879,0.082385,-0.290573,0.118294,0.141711,0.05417,0.035834,-0.01468,-0.608575,-0.589075,0.531626,0.763433,-0.617346,0.189875,0.216347,0.521414,0.825421,0.007093,-0.002883,0.014011,0.016612,-0.149207,-0.094749,0.011143,0.079183,0.025134,-0.057686,-0.698194,-0.193481,-0.689266,0.589245,-0.702107,-0.399792,-0.406587,-0.68528,0.604216,0.001312,0.003129,0.01049,-0.076959,0.78855,0.435697,-0.863336
368,0.128633,0.001154,0.370972,-0.740104,-0.113185,-0.662934,0.451889,-0.813676,-0.36565,-0.497104,-0.570059,0.654177,0.002321,0.004437,0.019648,-0.390648,0.494772,0.452814,-1.784945,-0.1293,0.026739,0.325347,0.53019,0.646407,0.548678,-0.838385,0.495898,0.226118,-0.126577,-0.580698,0.804134,0.012757,0.004865,0.019719,0.322086,-0.533191,-0.341803,0.137404,0.054282,0.035818,-0.014436,-0.607921,-0.593028,0.527966,0.764395,-0.616995,0.187125,0.214783,0.517332,0.828392,0.007096,-0.002919,0.013968,-0.030125,-0.099627,-0.0243,0.00951,0.079202,0.025199,-0.057504,-0.706629,-0.193262,-0.680678,0.578898,-0.711062,-0.399081,-0.406878,-0.676046,0.614337,0.001217,0.002615,0.010101,-1.182662,0.357979,1.193125,-0.862357
369,0.128706,0.001359,0.371636,-0.757154,-0.115119,-0.643048,0.433055,-0.825367,-0.362222,-0.488109,-0.552598,0.675583,0.002097,0.011607,0.008218,-0.129932,1.000229,0.22025,-1.785514,-0.128895,0.026714,0.326257,0.529245,0.650284,0.544996,-0.839258,0.495257,0.224278,-0.12472,-0.576905,0.807149,-0.000396,0.002812,0.019441,-0.028829,-0.015743,-0.001242,0.132237,0.05449,0.035803,-0.013983,-0.60679,-0.598787,0.522741,0.766013,-0.616088,0.183463,0.212199,0.511751,0.832515,0.006309,0.002732,0.010073,-0.054463,-0.014854,0.06736,0.001835,0.07924,0.025301,-0.057165,-0.722456,-0.198074,-0.662437,0.5623,-0.72583,-0.396218,-0.402336,-0.658739,0.635758,0.000855,0.000627,0.008673,-0.371527,0.301042,0.366107,-0.866602
370,0.128839,0.001368,0.372185,-0.77245,-0.114142,-0.624771,0.41604,-0.834137,-0.362074,-0.478854,-0.53948,0.692594,0.000771,-0.004111,0.013537,-3.505445,-1.431112,3.644471,-1.788062,-0.12863,0.026968,0.326972,0.530762,0.652598,0.540739,-0.838802,0.495405,0.225651,-0.121279,-0.574157,0.809629,0.01116,0.016077,0.011789,0.006451,-0.047249,0.076946,0.130661,0.054619,0.035923,-0.013631,-0.608694,-0.600419,0.51864,0.765532,-0.616197,0.185095,0.208451,0.509702,0.834715,0.005567,0.008054,0.005901,0.003859,-0.041208,0.080745,-0.001757,0.079306,0.025316,-0.056896,-0.738158,-0.205284,-0.642635,0.55027,-0.7343,-0.397499,-0.390287,-0.64704,0.654991,0.007222,0.002474,0.001682,-0.011543,0.589167,0.142023,-0.872481
371,0.128992,0.001198,0.372519,-0.787378,-0.112851,-0.60609,0.39929,-0.842327,-0.361972,-0.468697,-0.526882,0.709045,0.01364,0.000358,0.000126,-3.361609,-1.443241,3.79024,-1.791882,-0.128485,0.027509,0.327507,0.530808,0.65257,0.540727,-0.838801,0.495304,0.225875,-0.121079,-0.574276,0.809574,-0.002358,0.016855,0.013828,0.004322,-0.031908,0.047799,0.126028,0.054696,0.036189,-0.013361,-0.608815,-0.600286,0.518652,0.765479,-0.616173,0.185395,0.20829,0.509889,0.834642,0.005375,0.009324,0.006914,-0.00758,0.063457,-0.086197,-0.006656,0.079378,0.025227,-0.056719,-0.753155,-0.20761,-0.624223,0.535215,-0.745103,-0.397949,-0.382493,-0.633812,0.672294,-3e-05,-0.004318,0.00517,-0.042581,0.574367,0.039781,-0.882441
372,0.129064,0.001093,0.372654,-0.792598,-0.114301,-0.598973,0.394637,-0.844905,-0.361065,-0.463819,-0.522422,0.715524,0.000372,0.002071,0.001459,-0.0118,0.420173,-0.233119,-1.792226,-0.128463,0.02785,0.327779,0.530503,0.652594,0.540998,-0.83898,0.495071,0.225724,-0.121179,-0.57445,0.809435,-0.00241,0.017202,0.014069,-0.010594,0.078195,-0.11714,0.124401,0.054706,0.036367,-0.013219,-0.608567,-0.600332,0.518889,0.765641,-0.61601,0.185268,0.208419,0.510031,0.834522,-0.001224,0.008675,0.007092,-0.009749,0.078505,-0.115787,-0.008942,0.079418,0.02517,-0.056655,-0.759865,-0.20616,-0.616523,0.52643,-0.751571,-0.397506,-0.381411,-0.626608,0.679622,0.000159,0.000928,0.000649,-0.009497,0.345611,-0.276021,-0.881135
373,0.129251,0.000932,0.372896,-0.801152,-0.116972,-0.586957,0.386653,-0.84967,-0.358515,-0.455785,-0.514036,0.726673,0.00024,-0.007068,0.011453,-0.042001,0.509355,0.051789,-1.792037,-0.128473,0.028338,0.328424,0.529713,0.656992,0.536429,-0.83983,0.494417,0.22399,-0.118712,-0.569982,0.812952,-0.000593,0.004081,0.020246,0.0251,-0.106075,-0.031642,0.124306,0.054701,0.036614,-0.0129,-0.608532,-0.604529,0.514034,0.766452,-0.61555,0.183436,0.205521,0.50561,0.837925,-0.000268,0.001779,0.009912,0.03089,-0.100458,-0.06629,-0.011065,0.079511,0.025087,-0.056542,-0.766817,-0.210232,-0.606459,0.519946,-0.757462,-0.39485,-0.37636,-0.618104,0.690144,0.000194,0.001116,0.000781,-0.032991,0.804366,0.004372,-0.879829
374,0.129451,0.000912,0.373114,-0.805481,-0.123701,-0.579606,0.385941,-0.851599,-0.354685,-0.448713,-0.50924,0.73441,0.000552,-0.005318,0.012682,-0.033582,0.343609,-0.04346,-1.791904,-0.128439,0.028442,0.329024,0.527158,0.662795,0.531788,-0.841543,0.493678,0.219137,-0.117938,-0.563873,0.817313,0.000248,-0.00192,0.015342,0.018845,-0.084173,-0.051072,0.124932,0.054717,0.036674,-0.012593,-0.606804,-0.610608,0.508866,0.768229,-0.614838,0.178318,0.203988,0.49913,0.842173,0.000144,-0.001161,0.007509,-0.003332,-0.065862,-0.048357,-0.010575,0.079611,0.025074,-0.056435,-0.770552,-0.21812,-0.598892,0.51924,-0.759752,-0.391363,-0.369646,-0.612535,0.698686,0.007047,0.001491,0.000981,-0.002639,0.511833,-0.150452,-0.870848
375,0.129544,0.000902,0.373254,-0.807209,-0.124185,-0.577093,0.38331,-0.853673,-0.352544,-0.447863,-0.505636,0.737413,0.000777,0.004365,0.003065,-0.00178,0.214646,-0.115191,-1.791604,-0.128445,0.028409,0.329277,0.526313,0.66474,0.530195,-0.842136,0.493305,0.217699,-0.117482,-0.561907,0.818732,0.000531,-0.003932,0.013707,-0.008141,-0.045437,-0.022806,0.124033,0.054714,0.036659,-0.012466,-0.606203,-0.612609,0.507174,0.768902,-0.614405,0.176903,0.203239,0.497207,0.843491,0.000302,-0.002287,0.006594,-0.038652,-0.002276,-0.037446,-0.011391,0.079652,0.025071,-0.056364,-0.772524,-0.218829,-0.596086,0.516623,-0.762411,-0.389651,-0.369196,-0.608967,0.702034,0.000395,0.002254,0.00158,-7e-06,0.263627,-0.091567,-0.87346
376,0.129723,0.000784,0.373575,-0.810802,-0.135479,-0.569465,0.386392,-0.854585,-0.346925,-0.438646,-0.501164,0.745957,0.000482,-0.005711,0.012403,-0.035376,0.248081,-0.092691,-1.791764,-0.128535,0.028331,0.329693,0.526597,0.667214,0.526794,-0.842374,0.492596,0.218376,-0.114441,-0.55959,0.820747,-0.000787,0.005617,0.004529,0.1539,-0.23383,-0.134353,0.123198,0.05467,0.036615,-0.012262,-0.607326,-0.613571,0.504663,0.768869,-0.613853,0.178955,0.199987,0.496704,0.844564,0.00039,-0.002916,0.006083,0.298436,-0.435342,-0.26728,-0.012861,0.079747,0.025015,-0.056207,-0.774284,-0.231083,-0.589138,0.519868,-0.763112,-0.383922,-0.36086,-0.603539,0.710998,0.000389,0.002225,0.001559,-0.00922,0.30482,-0.04922,-0.882115
377,0.129796,0.000635,0.374012,-0.813179,-0.144126,-0.563927,0.386004,-0.858617,-0.337267,-0.434575,-0.491765,0.754545,0.000626,-0.004893,0.012974,-0.243762,0.222021,-0.293194,-1.793416,-0.128651,0.028299,0.329895,0.527833,0.667742,0.524884,-0.841958,0.492323,0.220588,-0.111767,-0.559201,0.821381,-0.000409,0.002928,0.002357,0.002181,-0.015915,0.023924,0.124815,0.054612,0.036596,-0.012157,-0.608216,-0.614871,0.502003,0.768895,-0.613458,0.180191,0.197164,0.495583,0.845886,-0.000136,0.000933,0.000752,-0.001462,0.003361,0.001619,-0.012534,0.079783,0.024938,-0.055985,-0.775529,-0.240356,-0.583766,0.519978,-0.767586,-0.374745,-0.358018,-0.594171,0.720265,0.00041,-0.001891,0.006866,-0.799525,0.452596,-0.792995,-0.880482
378,0.129785,0.000494,0.374516,-0.816196,-0.150265,-0.557933,0.381121,-0.865696,-0.324482,-0.433225,-0.477302,0.764543,0.000606,-0.005005,0.012892,-0.11687,0.146611,-0.004081,-1.792144,-0.128819,0.028357,0.329972,0.52898,0.668254,0.523075,-0.841535,0.492224,0.222416,-0.109491,-0.558677,0.822043,-0.000452,0.003248,0.002613,0.002139,-0.01588,0.023966,0.12535,0.054528,0.036622,-0.012121,-0.609496,-0.615088,0.50018,0.768478,-0.613422,0.182085,0.194823,0.495357,0.84656,-0.006681,0.000173,0.000855,0.001329,0.019494,-0.031149,-0.012045,0.079778,0.024869,-0.055731,-0.777343,-0.247405,-0.578384,0.516403,-0.776025,-0.362094,-0.359257,-0.580151,0.730998,-0.006421,-0.002124,0.006778,-0.313691,0.154031,0.040483,-0.877216
379,0.129785,0.000434,0.374707,-0.814931,-0.160426,-0.556952,0.384975,-0.868091,-0.313342,-0.432202,-0.469574,0.769889,0.000775,0.004379,0.003055,-0.024386,0.096525,-0.188007,-1.791843,-0.128885,0.028406,0.330005,0.52783,0.670185,0.521765,-0.842236,0.491952,0.220354,-0.109655,-0.556599,0.82343,-0.000303,0.002181,0.001754,0.128789,-0.185422,-0.134507,0.127596,0.054495,0.036649,-0.012103,-0.608877,-0.616622,0.499043,0.768957,-0.613331,0.180357,0.194867,0.493559,0.8476,-0.000151,0.001068,0.000861,0.17832,-0.236433,-0.156654,-0.010902,0.079778,0.024838,-0.05563,-0.774446,-0.25733,-0.577939,0.520495,-0.778447,-0.350863,-0.359607,-0.572539,0.736804,0.000377,0.002183,0.001525,-0.014656,0.076805,-0.190362,-0.878522
380,0.129783,0.00042,0.375042,-0.814519,-0.168278,-0.555236,0.383718,-0.87399,-0.298116,-0.43409,-0.455674,0.777145,0.000653,-0.00474,0.013071,-0.041437,0.10224,-0.196001,-1.792046,-0.128818,0.028427,0.330078,0.528349,0.672505,0.518242,-0.842213,0.491922,0.220509,-0.107292,-0.553819,0.825613,0.001516,-0.010988,0.008012,-0.025196,-0.008212,-0.031179,0.128542,0.054522,0.036665,-0.012068,-0.609494,-0.619296,0.494962,0.769159,-0.613216,0.179885,0.192117,0.490344,0.85009,-2.7e-05,0.000192,0.000154,-0.00819,0.00377,-0.007293,-0.007146,0.079777,0.02483,-0.055469,-0.772795,-0.264822,-0.576763,0.519975,-0.785255,-0.336153,-0.363886,-0.55968,0.744543,0.000588,0.003362,0.002343,-0.009813,0.16236,-0.330964,-0.879665
381,0.129826,0.000583,0.375315,-0.816535,-0.16957,-0.551872,0.380164,-0.877258,-0.293028,-0.433429,-0.448866,0.781464,0.001151,0.00651,0.004522,-0.011423,0.182434,-0.353375,-1.790703,-0.128747,0.028416,0.330213,0.529055,0.674803,0.514523,-0.842095,0.491943,0.220913,-0.104695,-0.550998,0.827831,-0.000532,0.003812,0.003062,0.015397,-0.034918,0.01015,0.125719,0.054565,0.036647,-0.012004,-0.610549,-0.621277,0.491165,0.769055,-0.613217,0.180323,0.18916,0.48783,0.852196,-0.000215,0.001538,0.001235,-0.006655,0.002599,-0.008031,-0.009269,0.079798,0.024908,-0.055329,-0.7748,-0.266483,-0.573298,0.516745,-0.789377,-0.331448,-0.364223,-0.553055,0.749313,0.000512,-0.001276,0.00729,-0.041745,0.072798,-0.179693,-0.874114
382,0.129851,0.00071,0.37544,-0.817659,-0.173043,-0.549123,0.381681,-0.876911,-0.292093,-0.429969,-0.448215,0.783746,0.0014,0.007924,0.005497,0.023066,0.351718,-0.01711,-1.790352,-0.12874,0.028436,0.330291,0.527987,0.676704,0.51312,-0.842764,0.491637,0.219033,-0.104698,-0.548934,0.8292,-0.000401,0.002872,0.002305,0.210093,-0.302241,-0.218997,0.126658,0.054567,0.036662,-0.011961,-0.610227,-0.622077,0.490553,0.769354,-0.613047,0.179629,0.188989,0.487024,0.852696,-0.000212,0.001488,0.001191,0.328586,-0.424401,-0.268305,-0.009595,0.07981,0.024969,-0.055269,-0.774601,-0.270208,-0.571822,0.51871,-0.788712,-0.329957,-0.361846,-0.552195,0.751097,0.000676,0.003855,0.002674,0.046124,0.440607,0.249195,-0.87395
383,0.129851,0.000955,0.375684,-0.819381,-0.176121,-0.545565,0.378999,-0.880365,-0.285112,-0.429062,-0.440173,0.788785,0.001247,0.007055,0.004881,-0.002957,0.09572,-0.14242,-1.790764,-0.128769,0.028493,0.330452,0.526989,0.678604,0.511635,-0.843402,0.491324,0.217272,-0.104585,-0.546865,0.83058,-0.000443,0.003174,0.002544,0.093194,-0.134063,-0.097089,0.127672,0.054553,0.03669,-0.011881,-0.609267,-0.624718,0.488385,0.770213,-0.612699,0.177117,0.188585,0.484073,0.854464,0.000511,-0.003744,0.005412,0.103326,-0.181617,-0.147133,-0.008452,0.07981,0.025092,-0.055146,-0.776627,-0.273951,-0.567274,0.516123,-0.79302,-0.323628,-0.361202,-0.544122,0.757273,0.000534,0.003051,0.002111,-0.003081,0.080667,-0.180594,-0.874767
384,0.129852,0.001181,0.375865,-0.820087,-0.173485,-0.545348,0.375382,-0.882299,-0.283916,-0.430884,-0.437342,0.789365,-0.012214,0.007387,0.00525,-0.000108,0.001987,-0.003712,-1.79042,-0.128799,0.028637,0.330707,0.528162,0.683167,0.5043,-0.843255,0.491377,0.217723,-0.099711,-0.541103,0.834942,-0.001092,0.007835,0.006266,0.038075,-0.067733,-0.013402,0.127872,0.054539,0.036754,-0.01176,-0.610977,-0.62918,0.480456,0.770222,-0.612687,0.177119,0.18293,0.478274,0.858947,0.000232,-0.00173,0.00702,-0.015233,-0.037485,-0.032683,-0.007962,0.079816,0.025209,-0.055053,-0.777511,-0.271509,-0.567237,0.513037,-0.795497,-0.322453,-0.363687,-0.541725,0.757802,0.000454,0.00259,0.001785,0.000208,-0.001001,-0.001054,-0.885217
385,0.12988,0.001389,0.376033,-0.819943,-0.175374,-0.544961,0.375616,-0.883116,-0.281051,-0.430954,-0.434932,0.790658,0.001054,0.005971,0.004112,0.000875,-0.012731,0.025839,-1.790521,-0.128874,0.028813,0.331017,0.527483,0.691353,0.493745,-0.844232,0.491143,0.214443,-0.094893,-0.530818,0.842076,-0.001014,0.007286,0.005811,0.140859,-0.214732,-0.119889,0.128424,0.054501,0.03685,-0.011598,-0.611727,-0.636513,0.469723,0.771039,-0.612517,0.174126,0.17688,0.468693,0.86547,-0.000513,0.00365,0.002911,0.156784,-0.224856,-0.129176,-0.006983,0.079825,0.025312,-0.05497,-0.777048,-0.273428,-0.566949,0.51341,-0.796418,-0.319573,-0.364148,-0.539401,0.759236,0.000472,0.00269,0.001855,0.004174,-0.001435,0.001962,-0.88685
386,0.129881,0.001506,0.376113,-0.818246,-0.17669,-0.547083,0.376391,-0.883883,-0.277582,-0.433492,-0.432836,0.79042,0.000968,0.005483,0.003772,-2.296692,0.800598,-1.311303,-1.789836,-0.12888,0.028925,0.331194,0.527306,0.693069,0.491524,-0.844377,0.491505,0.213036,-0.094587,-0.528236,0.843732,-0.001234,0.00886,0.007055,0.019535,-0.040698,0.005997,0.127947,0.054499,0.036897,-0.011517,-0.611507,-0.638619,0.467144,0.77137,-0.612636,0.172231,0.1762,0.465662,0.867244,-0.000626,0.004466,0.003558,-0.00085,-0.115602,0.180392,-0.007309,0.079825,0.025369,-0.054931,-0.775417,-0.272715,-0.569521,0.514162,-0.79626,-0.318756,-0.366558,-0.539996,0.757653,0.000512,0.002911,0.002002,-0.009151,-0.109756,-0.021402,-0.887177
387,0.129881,0.001748,0.376256,-0.818243,-0.176682,-0.547089,0.376411,-0.883861,-0.277626,-0.43348,-0.432884,0.790401,0.000964,0.005461,0.003749,0.000874,-0.012752,0.02583,-1.789268,-0.128853,0.029156,0.331497,0.527063,0.694785,0.489357,-0.844567,0.491771,0.211665,-0.094239,-0.525727,0.845336,-0.000995,0.007138,0.005667,0.002375,-0.016157,0.023747,0.128885,0.054511,0.037024,-0.011356,-0.611576,-0.639998,0.465162,0.771485,-0.612774,0.171225,0.175456,0.463582,0.868508,-0.000492,0.003494,0.002773,-0.003283,-0.009194,0.027738,-0.007472,0.079826,0.025492,-0.054858,-0.775135,-0.274322,-0.569132,0.514299,-0.797187,-0.316209,-0.366962,-0.537809,0.759011,0.000412,0.00235,0.001615,0.000537,0.001872,0.000863,-0.887014
388,0.129917,0.001898,0.376359,-0.818291,-0.176358,-0.547122,0.376174,-0.883909,-0.277795,-0.433595,-0.432919,0.790318,0.000547,0.003099,0.002125,-0.0,-0.0,-0.0,-1.789402,-0.128859,0.029344,0.331694,0.526446,0.694888,0.489873,-0.844941,0.491211,0.211472,-0.09433,-0.526115,0.845085,-0.000603,0.004324,0.003426,0.0,-0.0,-0.0,0.129051,0.054507,0.03712,-0.011257,-0.61102,-0.640131,0.465709,0.771889,-0.612296,0.171114,0.175617,0.46403,0.868236,-0.000339,0.002409,0.00191,0.002648,-0.015453,0.025237,-0.006493,0.079844,0.02557,-0.054804,-0.775248,-0.273995,-0.569135,0.514059,-0.797264,-0.316404,-0.367058,-0.537862,0.758928,0.000318,0.001804,0.001236,0.000103,8.7e-05,-0.000104,-0.88734
389,0.129931,0.001977,0.376413,-0.818218,-0.17774,-0.546784,0.376057,-0.88476,-0.275232,-0.433834,-0.430608,0.791449,0.000755,0.004281,0.002933,0.000876,-0.012733,0.025839,-1.789714,-0.128841,0.029422,0.331765,0.526576,0.694865,0.489768,-0.844867,0.491303,0.211554,-0.094271,-0.52606,0.845125,-0.000569,0.004076,0.003227,0.002142,-0.015821,0.02399,0.129197,0.054517,0.037156,-0.011224,-0.611145,-0.640075,0.465622,0.7718,-0.612387,0.171187,0.175568,0.463988,0.868268,0.006245,0.002707,0.001445,0.002562,-0.014986,0.030229,-0.006329,0.079851,0.025606,-0.05478,-0.774952,-0.275394,-0.568863,0.514073,-0.798259,-0.313863,-0.367665,-0.535667,0.760186,0.000291,0.001652,0.001132,0.001641,-0.000566,0.000792,-0.887177
390,0.129942,0.002183,0.376505,-0.818116,-0.179268,-0.546438,0.376097,-0.885537,-0.272667,-0.433992,-0.428373,0.792575,0.000767,0.004351,0.002976,-0.0,-0.0,-0.0,-1.788248,-0.12888,0.02956,0.331901,0.525884,0.698925,0.484707,-0.84554,0.490947,0.209684,-0.09206,-0.520986,0.848505,-0.000635,0.004547,0.003595,0.248787,-0.355321,-0.256786,0.128618,0.054498,0.037221,-0.011159,-0.611887,-0.64209,0.461858,0.771821,-0.612349,0.17123,0.172873,0.461246,0.870268,-0.000339,0.002407,0.001903,-0.005681,0.007581,0.002432,-0.006656,0.079856,0.025709,-0.054733,-0.774618,-0.27688,-0.568596,0.5142,-0.799157,-0.31136,-0.368189,-0.533558,0.761414,0.00045,0.002557,0.00175,0.001867,-0.013071,0.026288,-0.88734
391,0.129936,0.002382,0.37663,-0.81799,-0.180997,-0.546057,0.376247,-0.886309,-0.269936,-0.434099,-0.42604,0.793773,0.000777,0.004406,0.003008,-0.0,-0.0,-0.0,-1.787929,-0.128945,0.029738,0.332109,0.527204,0.705497,0.473624,-0.845458,0.49091,0.210099,-0.084932,-0.512081,0.854647,-0.013954,0.005146,0.00545,-1.234621,-2.282998,1.052201,0.127471,0.054471,0.037308,-0.011057,-0.612588,-0.648554,0.451787,0.772525,-0.612162,0.168706,0.167152,0.452365,0.876028,-0.000469,0.003331,0.002625,0.395797,-0.52453,-0.301303,-0.007473,0.079854,0.025811,-0.05467,-0.774224,-0.278581,-0.568303,0.514448,-0.800038,-0.308677,-0.368672,-0.531348,0.762724,0.000392,0.002237,0.001528,0.000261,-7e-05,5e-05,-0.887666
392,0.129941,0.002579,0.376777,-0.817895,-0.182543,-0.545685,0.376239,-0.887124,-0.267257,-0.434285,-0.423677,0.794935,0.001061,0.006019,0.004102,0.000875,-0.012736,0.025838,-1.78793,-0.12908,0.029992,0.332481,0.52743,0.70934,0.467596,-0.845593,0.491179,0.208926,-0.082124,-0.50648,0.858252,-0.001607,0.011553,0.00908,0.046234,-0.166602,0.159503,0.127109,0.054399,0.037429,-0.010874,-0.614112,-0.653473,0.442535,0.772603,-0.612232,0.168094,0.16109,0.445133,0.880855,-7.7e-05,0.000472,0.008701,-0.037925,-0.030083,0.006471,-0.008616,0.079855,0.025904,-0.0546,-0.773881,-0.280134,-0.568007,0.514561,-0.800981,-0.30603,-0.369234,-0.529106,0.764011,-0.00613,0.003431,0.00242,0.000424,0.00181,-0.00348,-0.888646
393,0.12995,0.002688,0.376851,-0.817916,-0.182396,-0.545701,0.376131,-0.887147,-0.267335,-0.434338,-0.423694,0.794897,0.000941,0.005337,0.003633,-0.0,-0.0,-0.0,-1.786691,-0.1291,0.030136,0.332757,0.52588,0.712824,0.46403,-0.846578,0.490896,0.205572,-0.081903,-0.501839,0.860995,-0.001819,0.013078,0.010254,0.058875,-0.10906,-0.007904,0.127965,0.054389,0.037501,-0.010743,-0.613249,-0.656816,0.438768,0.773454,-0.612048,0.164818,0.160292,0.440441,0.883355,0.006349,0.001763,0.009012,0.013834,-0.100685,-0.034467,-0.008452,0.07986,0.025959,-0.054563,-0.773926,-0.279989,-0.568016,0.514459,-0.801014,-0.306114,-0.369281,-0.529132,0.763969,0.000498,0.002837,0.001933,0.000977,-0.012722,0.025838,-0.889136
394,0.129955,0.002878,0.376993,-0.817861,-0.18367,-0.545357,0.375923,-0.887996,-0.264795,-0.43462,-0.421358,0.795984,0.000477,-0.005695,0.01233,-0.721126,0.263683,-0.374539,-1.785713,-0.129058,0.030253,0.333378,0.524244,0.716345,0.460445,-0.847678,0.490129,0.202853,-0.081011,-0.497554,0.863563,0.012842,0.002474,0.017159,-0.019689,-0.040882,0.020957,0.129307,0.054409,0.03757,-0.010418,-0.612072,-0.660435,0.43496,0.774705,-0.611172,0.162166,0.158736,0.436225,0.885725,0.006405,0.001287,0.00862,-0.053915,-0.005358,0.033706,-0.006656,0.079863,0.026059,-0.054488,-0.773704,-0.281126,-0.567758,0.514342,-0.801963,-0.303819,-0.36991,-0.527088,0.765077,0.000224,-0.002933,0.0061,-0.794051,0.292086,-0.416812,-0.889953
