frame,MLTx,MLTy,MLTz,MLTR1,MLTR2,MLTR3,MLTR4,MLTR5,MLTR6,MLTR7,MLTR8,MLTR9,MLTTVx,MLTTVy,MLTTVz,MLTRVx,MLTRVy,MLTRVz,MLGA,MRTx,MRTy,MRTz,MRTR1,MRTR2,MRTR3,MRTR4,MRTR5,MRTR6,MRTR7,MRTR8,MRTR9,MRTTVx,MRTTVy,MRTTVz,MRTRVx,MRTRVy,MRTRVz,MRGA,SLTx,SLTy,SLTz,SLTR1,SLTR2,SLTR3,SLTR4,SLTR5,SLTR6,SLTR7,SLTR8,SLTR9,SLTTVx,SLTTVy,SLTTVz,SLTRVx,SLTRVy,SLTRVz,SLGA,SRTx,SRTy,SRTz,SRTR1,SRTR2,SRTR3,SRTR4,SRTR5,SRTR6,SRTR7,SRTR8,SRTR9,SRTTVx,SRTTVy,SRTTVz,SRTRVx,SRTRVy,SRTRVz,SRGA
705,0.103786,0.015059,0.313931,-0.790929,0.141986,-0.595244,-0.551529,-0.586871,0.592765,-0.264188,0.796952,0.54323,0.006311,0.023121,0.022509,0.00019,-0.049003,0.071233,-1.914999,-0.189979,-0.011499,0.291647,-0.794931,0.606609,0.010095,-0.244881,-0.335851,0.909489,0.556088,0.719724,0.415483,0.016501,0.003775,0.024394,0.56402,-0.292842,-0.899009,-0.976778,0.034011,0.038769,-0.025037,0.883454,-0.468318,-0.013618,0.198718,0.348233,0.916103,-0.424286,-0.812041,0.400711,0.008236,0.001904,0.012209,0.643502,-0.262504,-0.99529,-1.011873,0.050674,0.047759,-0.060986,0.895365,-0.071974,-0.439476,0.365827,0.681627,0.633683,0.25395,-0.728151,0.636635,0.009994,0.010355,0.010376,0.001496,-0.062511,0.10419,-1.044589
706,0.104233,0.015991,0.314757,-0.786738,0.151162,-0.598531,-0.562638,-0.574588,0.594356,-0.253091,0.80417,0.537851,0.020126,0.021435,0.021243,-0.138976,-0.247739,-0.025256,-1.915039,-0.189288,-0.011354,0.292493,-0.805506,0.592277,0.018917,-0.241876,-0.357572,0.901982,0.541995,0.721211,0.43123,0.016223,0.000469,0.020441,-0.04522,0.758006,-2.481961,-0.978251,0.034351,0.038847,-0.024615,0.892007,-0.451967,-0.006936,0.194122,0.369175,0.90886,-0.408215,-0.812056,0.417043,0.008113,0.000468,0.010479,0.563065,-0.495853,-0.048463,-1.016118,0.050893,0.048227,-0.060571,0.892874,-0.082669,-0.442651,0.378266,0.671025,0.637683,0.244314,-0.736811,0.630411,0.00366,0.017483,0.007508,-0.199629,-0.323259,-0.078883,-1.045568
707,0.104834,0.017176,0.315459,-0.78333,0.153001,-0.60252,-0.569597,-0.564927,0.596984,-0.248071,0.810638,0.530429,0.021342,0.034218,0.014632,-0.25399,-0.461411,-0.143625,-1.914903,-0.188746,-0.011352,0.293119,-0.812278,0.582781,0.023702,-0.240477,-0.37145,0.896733,0.532419,0.721943,0.441806,0.015306,0.007865,0.007985,0.17755,-0.141323,-0.034175,-0.971699,0.034622,0.038847,-0.024296,0.897612,-0.440783,0.000917,0.187698,0.384112,0.904006,-0.398823,-0.811275,0.427518,0.007935,-0.002031,0.007559,0.141847,-0.258612,0.116501,-1.008444,0.051193,0.048814,-0.060218,0.89044,-0.086235,-0.446854,0.386119,0.662871,0.641493,0.240888,-0.74375,0.623544,0.003843,0.018258,0.008135,-0.264572,-0.484667,-0.202815,-1.046875
708,0.105135,0.017849,0.315758,-0.782256,0.152592,-0.604017,-0.572092,-0.559828,0.599395,-0.245715,0.814243,0.525984,0.021676,0.035671,0.015895,-0.184043,-0.374397,-0.08464,-1.914412,-0.188532,-0.011379,0.293324,-0.814485,0.579722,0.022983,-0.241905,-0.375143,0.894809,0.528381,0.722499,0.445726,0.01511,0.005078,0.004749,0.078153,-0.063258,-0.008762,-0.9657,0.034735,0.038838,-0.024189,0.8994,-0.437124,0.000165,0.188491,0.388169,0.902105,-0.394397,-0.811323,0.431514,0.007534,0.002347,0.00214,0.010885,-0.057984,0.008345,-1.003708,0.051351,0.049162,-0.060064,0.889565,-0.08496,-0.448836,0.388476,0.657629,0.645453,0.24033,-0.748535,0.618009,0.010864,0.017965,0.00806,-0.233873,-0.4056,-0.100281,-1.048018
709,0.10567,0.019512,0.316271,-0.785119,0.151933,-0.600458,-0.571707,-0.550789,0.608074,-0.237367,0.820507,0.52005,0.008025,0.038014,0.017334,-0.182185,0.34004,-0.877173,-1.914842,-0.188306,-0.011415,0.293533,-0.815409,0.578371,0.024226,-0.241355,-0.377518,0.893959,0.527206,0.722346,0.447363,0.000101,0.001519,0.001754,0.000153,-9.7e-05,-7.6e-05,-0.92921,0.034847,0.038819,-0.024086,0.900031,-0.435821,0.001316,0.187463,0.38986,0.90159,-0.393446,-0.811214,0.432587,3.4e-05,0.00057,0.000652,-0.006515,0.009217,0.005695,-0.990645,0.051616,0.049982,-0.059812,0.891235,-0.08351,-0.445785,0.388114,0.648981,0.654362,0.234661,-0.756207,0.610806,0.004544,0.02496,0.005053,-0.340947,1.437519,-2.429643,-1.048671
710,0.106296,0.021365,0.316501,-0.785882,0.141508,-0.602005,-0.568417,-0.54879,0.612947,-0.242665,0.823717,0.512475,0.007903,0.04562,0.005903,-0.245388,-0.488547,-0.212987,-1.915312,-0.188282,-0.01136,0.293579,-0.815086,0.578678,0.027532,-0.239013,-0.378992,0.893964,0.528772,0.721328,0.447158,9.3e-05,0.001406,0.001622,-0.01175,0.111109,-0.164524,-0.85243,0.034859,0.038841,-0.024069,0.899668,-0.436551,0.004457,0.185143,0.39076,0.90168,-0.395371,-0.810388,0.432379,5.1e-05,0.000804,0.000926,-0.000113,0.006672,0.003248,-0.965498,0.051934,0.050929,-0.059685,0.891479,-0.074006,-0.446975,0.383879,0.647361,0.658452,0.240625,-0.758581,0.605518,0.003926,0.02271,0.002847,-0.38112,-0.56178,-0.25118,-1.048018
711,0.107199,0.023002,0.316616,-0.785769,0.107243,-0.609189,-0.554955,-0.557256,0.617627,-0.272265,0.82325,0.498154,0.019481,0.028696,0.008762,3.233483,-3.592039,-2.982337,-1.91485,-0.188254,-0.011204,0.293694,-0.818246,0.574074,0.030071,-0.235005,-0.381585,0.893924,0.525676,0.72364,0.447072,0.000299,0.004504,0.005191,-0.048153,-1.49819,-0.717388,-0.741476,0.034873,0.038912,-0.02402,0.901179,-0.433386,0.00722,0.181462,0.392353,0.901737,-0.393634,-0.811316,0.432224,-7.2e-05,0.001786,0.002629,-0.199995,-4.846751,-2.618461,-0.92092,0.052365,0.051723,-0.059629,0.888573,-0.044022,-0.456615,0.372314,0.650704,0.661789,0.267988,-0.758053,0.594589,0.0096,0.013815,0.003877,-0.189354,-0.271016,-0.304591,-1.049977
712,0.107598,0.02349,0.316694,-0.785718,0.090253,-0.612002,-0.547913,-0.560866,0.620639,-0.286264,0.822858,0.490901,0.018063,0.023434,0.003864,-0.09961,-0.117193,-0.221603,-1.914049,-0.188257,-0.011083,0.293834,-0.821513,0.569325,0.03127,-0.231879,-0.383489,0.893925,0.521953,0.726383,0.446986,0.000448,0.006766,0.007786,-0.0256,-0.349603,-0.362999,-0.723648,0.034871,0.038969,-0.023953,0.904162,-0.427106,0.008391,0.177683,0.393866,0.901829,-0.388482,-0.813909,0.432008,0.00021,0.003434,0.003993,-0.055352,-1.510544,-0.725201,-0.910306,0.05258,0.05199,-0.059582,0.887167,-0.022105,-0.460917,0.360635,0.656361,0.662669,0.28788,-0.754122,0.590274,0.01579,0.010788,0.001281,-0.078471,-0.270294,-0.025296,-1.0521
713,0.108136,0.023922,0.316779,-0.785636,0.05506,-0.616271,-0.526629,-0.582389,0.619239,-0.323842,0.810973,0.487316,0.014339,0.001352,0.001671,0.028429,-0.059265,0.031136,-1.91431,-0.188172,-0.010606,0.294362,-0.833411,0.551663,0.032948,-0.224763,-0.392609,0.891781,0.505942,0.735099,0.451126,0.001003,0.015272,0.017485,0.244655,-0.18784,-0.074945,-0.746025,0.034913,0.039198,-0.023701,0.912842,-0.408175,0.010494,0.168991,0.401079,0.90032,-0.371697,-0.820077,0.4351,0.000216,0.013777,0.005348,0.413718,-0.116399,-0.264225,-0.926145,0.052851,0.052219,-0.059535,0.883911,0.01276,-0.46748,0.337078,0.675518,0.655784,0.32416,-0.737232,0.592797,0.0069,-0.000333,-0.000109,0.096746,-0.097689,-0.041133,-1.050141
714,0.108534,0.023611,0.316656,-0.784621,0.022758,-0.619594,-0.504887,-0.60352,0.617109,-0.358923,0.796993,0.485803,0.011606,-0.009299,-0.008118,0.003446,-0.000622,0.004021,-1.914403,-0.188002,-0.009733,0.295239,-0.843838,0.535513,0.033965,-0.221118,-0.404496,0.887369,0.489994,0.740591,0.459667,0.00149,0.02305,0.026157,0.169833,-0.154247,-0.012063,-0.849349,0.034998,0.039622,-0.023276,0.920643,-0.39022,0.011983,0.163518,0.413297,0.895793,-0.354509,-0.822747,0.444308,0.000763,0.011891,0.013488,0.214954,-0.19857,-0.04252,-0.981011,0.053051,0.052068,-0.059592,0.879792,0.044349,-0.473283,0.313827,0.693631,0.648373,0.357039,-0.718963,0.596333,0.00569,-0.005063,-0.004455,0.00156,-0.002819,-0.000365,-1.044262
715,0.108568,0.023373,0.316534,-0.784734,0.009303,-0.619799,-0.492011,-0.617585,0.613585,-0.376099,0.786436,0.489995,-0.002257,-0.008789,-0.008091,0.399645,-0.167034,-0.182092,-1.914235,-0.187885,-0.009235,0.295749,-0.847771,0.529218,0.034686,-0.222169,-0.413553,0.882921,0.482665,0.740123,0.468099,0.001022,0.037208,0.021378,0.412114,-0.298976,-0.099353,-0.909488,0.035057,0.039891,-0.022999,0.923371,-0.383691,0.01285,0.163112,0.422399,0.891612,-0.347532,-0.821194,0.452616,0.000523,0.01898,0.011106,0.413365,-0.305197,-0.102476,-1.00975,0.053072,0.051943,-0.059658,0.878441,0.057398,-0.474389,0.300355,0.70581,0.641575,0.371654,-0.706071,0.602773,-0.001715,-0.010614,-0.000701,1.113792,-0.964295,-0.580567,-1.044915
716,0.108418,0.022887,0.316045,-0.784148,-0.017385,-0.620367,-0.462385,-0.65042,0.6026,-0.413005,0.759395,0.502766,-0.004051,-0.015739,-0.014564,1.260365,-0.662766,-0.668496,-1.914185,-0.18753,-0.008115,0.296984,-0.861273,0.506513,0.040558,-0.218438,-0.440913,0.870526,0.459895,0.740244,0.490305,0.001791,0.02881,0.032138,0.610698,-0.090303,-0.998504,-1.0794,0.035234,0.040445,-0.022388,0.932669,-0.360271,0.018266,0.155754,0.447857,0.880434,-0.325376,-0.818308,0.473816,0.008238,0.015176,0.016378,0.655833,0.742898,-2.703916,-0.999626,0.052999,0.051709,-0.059894,0.875312,0.080381,-0.476829,0.273046,0.731681,0.62457,0.399091,-0.676891,0.618501,-0.001576,-0.002199,-0.011144,0.448156,0.462724,0.268745,-1.034955
717,0.108222,0.022217,0.315395,-0.774947,-0.066141,-0.628591,-0.416098,-0.695254,0.586051,-0.474833,0.715795,0.512053,0.008372,-0.022031,-0.020074,1.438082,-0.472146,-0.474093,-1.914362,-0.187066,-0.006973,0.298249,-0.875073,0.481808,0.045806,-0.2141,-0.470021,0.856256,0.435179,0.738855,0.514368,0.016337,0.029544,0.031437,0.68331,-0.45429,-0.302723,-1.200109,0.035467,0.041032,-0.021737,0.942627,-0.3329,0.025105,0.145515,0.477385,0.866561,-0.300464,-0.813191,0.498438,0.00816,0.014869,0.015813,0.713457,-0.464563,-0.307727,-0.992931,0.052894,0.051367,-0.060226,0.86148,0.131295,-0.490522,0.222742,0.770391,0.597397,0.456329,-0.623906,0.634432,-0.002484,-0.009832,-0.009052,3.507992,-3.299733,-2.608562,-1.027117
718,0.107968,0.021238,0.314561,-0.763914,-0.119568,-0.634179,-0.366185,-0.728896,0.578439,-0.530468,0.674251,0.513825,-0.006848,-0.026418,-0.024851,1.11101,-1.187165,-0.577026,-1.914473,-0.186575,-0.005941,0.299437,-0.887418,0.458675,0.045817,-0.212493,-0.495022,0.842457,0.410208,0.73728,0.536666,0.01599,0.02549,0.02665,0.609753,-0.435344,-0.194515,-1.288076,0.035707,0.041546,-0.021145,0.951061,-0.307937,0.025625,0.139424,0.501656,0.853757,-0.275759,-0.808402,0.520039,0.0083,0.006962,0.017102,0.786811,-0.607753,-0.108716,-0.982644,0.052773,0.050881,-0.060639,0.846433,0.180197,-0.501077,0.17206,0.797969,0.577615,0.503929,-0.575128,0.644423,-0.003531,-0.013782,-0.012853,3.628051,-3.808545,-2.287467,-1.013074
719,0.107831,0.020673,0.314015,-0.753682,-0.161434,-0.63714,-0.324735,-0.751368,0.574426,-0.570526,0.640034,0.514668,-0.007756,-0.029854,-0.028248,3.855084,-3.393657,-3.193586,-1.914168,-0.186319,-0.005508,0.29995,-0.894336,0.445335,0.042779,-0.212131,-0.506056,0.835967,0.395059,0.737983,0.546967,0.015827,0.023453,0.024305,0.726824,-0.503799,-0.249309,-1.32414,0.035835,0.041763,-0.020887,0.955545,-0.293962,0.022781,0.13725,0.511863,0.848032,-0.26095,-0.807206,0.529455,0.007888,0.011449,0.011837,0.21444,-0.354081,0.133553,-0.977745,0.052705,0.0506,-0.060911,0.83311,0.216881,-0.508811,0.133528,0.813843,0.565534,0.536746,-0.539093,0.649061,0.002917,-0.016019,-0.01491,1.085022,-0.958405,-0.920839,-1.012584
720,0.107523,0.019475,0.312805,-0.730901,-0.231625,-0.642012,-0.24227,-0.79138,0.561244,-0.637169,0.566039,0.52311,-0.022061,-0.030145,-0.029403,1.388648,-0.496967,-0.741795,-1.913988,-0.185801,-0.004814,0.300692,-0.909093,0.41478,0.038714,-0.205929,-0.527966,0.823881,0.363312,0.740473,0.565303,0.015297,0.015229,0.015265,0.810964,-0.535449,-0.311784,-1.396052,0.036095,0.042119,-0.020506,0.964983,-0.261597,0.019349,0.127449,0.532048,0.837067,-0.229269,-0.805289,0.546757,0.007618,0.007124,0.007085,0.395101,-0.287559,-0.11441,-0.976929,0.052558,0.050008,-0.061508,0.802959,0.285787,-0.52305,0.049999,0.842162,0.5369,0.593932,-0.457261,0.661933,-0.004185,-0.016093,-0.015425,0.693063,0.23955,0.051015,-1.010298
721,0.107028,0.01806,0.311645,-0.716085,-0.283162,-0.638033,-0.16452,-0.819845,0.548414,-0.677492,0.498029,0.541294,-0.022489,-0.031301,-0.030949,1.462027,-0.371676,-0.70872,-1.914443,-0.185297,-0.004458,0.300991,-0.926453,0.374504,0.037719,-0.189699,-0.550831,0.812732,0.326315,0.745314,0.581282,0.014723,0.005196,0.004444,0.495352,-1.71242,-1.17676,-1.399417,0.036347,0.042303,-0.020351,0.974353,-0.2242,0.019215,0.110784,0.552275,0.826268,-0.195862,-0.802948,0.562949,0.007014,0.007978,-0.002015,0.755547,-0.500808,-0.291691,-0.97056,0.05231,0.049302,-0.062094,0.782095,0.335278,-0.525276,-0.027144,0.860454,0.508803,0.622567,-0.383675,0.682057,-0.004419,-0.016878,-0.016388,0.77959,0.417604,0.079261,-1.007359
722,0.106802,0.017413,0.311082,-0.708068,-0.300963,-0.638832,-0.131168,-0.832868,0.537677,-0.693007,0.464877,0.551052,-0.00838,-0.03175,-0.031035,0.718315,0.088385,0.928612,-1.914536,-0.185079,-0.00443,0.301003,-0.933404,0.356853,0.037478,-0.182396,-0.561525,0.807066,0.310224,0.746017,0.589137,0.01448,0.000647,-0.000439,0.36383,-4.817565,-3.499572,-1.399355,0.036461,0.04232,-0.020341,0.979404,-0.200966,0.019495,0.099221,0.563134,0.820387,-0.175849,-0.801556,0.571475,0.006927,-0.000239,-0.00061,0.416589,-4.838449,-3.495231,-0.965988,0.052184,0.048945,-0.062401,0.770531,0.355781,-0.528867,-0.064554,0.869015,0.490555,0.634124,-0.343847,0.69257,-0.004166,-0.015905,-0.015547,0.8467,0.125755,1.029692,-1.008338
723,0.106123,0.016072,0.309919,-0.703639,-0.318116,-0.635405,-0.084382,-0.850487,0.519156,-0.704684,0.419307,0.572389,-0.023411,-0.041954,-0.023198,0.522505,0.774787,0.338544,-1.915017,-0.18481,-0.004578,0.300732,-0.946866,0.319382,0.037829,-0.165692,-0.584905,0.793956,0.276895,0.745084,0.606665,0.013395,0.003851,-0.017003,0.746893,-0.844562,-0.628992,-1.399503,0.03659,0.042244,-0.020472,0.986656,-0.161487,0.020755,0.078377,0.582822,0.808811,-0.142709,-0.796392,0.587702,-0.000241,-0.004394,-0.00472,0.157887,-1.49393,-1.178999,-0.95864,0.051853,0.048293,-0.062972,0.763008,0.372708,-0.528116,-0.108573,0.879316,0.463696,0.637204,-0.296465,0.711391,-0.011195,-0.015169,-0.015314,0.239125,0.35411,0.081728,-1.002133
724,0.105336,0.0147,0.308919,-0.707322,-0.326426,-0.627047,-0.058893,-0.85674,0.512347,-0.703583,0.399724,0.587554,-0.023084,-0.040135,-0.02179,0.279047,0.581882,-0.047964,-1.914841,-0.184662,-0.004775,0.300251,-0.962688,0.270313,0.012364,-0.159702,-0.604047,0.780741,0.219728,0.749281,0.624629,-0.000448,-0.008744,-0.009432,0.697345,-1.036488,0.451794,-1.399848,0.036668,0.04214,-0.020726,0.994027,-0.109093,-0.00265,0.068126,0.601412,0.796028,-0.085247,-0.791455,0.605253,0.00669,0.00127,-0.009238,0.789047,-2.357396,1.923177,-0.95913,0.051459,0.047604,-0.063475,0.764933,0.380626,-0.519614,-0.132403,0.882409,0.451467,0.630353,-0.276544,0.72538,-0.010965,-0.014008,-0.014357,0.489658,0.58196,0.193349,-0.995602
725,0.104423,0.013347,0.308159,-0.704805,-0.333599,-0.626104,-0.042723,-0.861007,0.506768,-0.707264,0.384333,0.593375,-0.021918,-0.035245,-0.017185,0.060794,0.198906,-0.034863,-1.914522,-0.184467,-0.004841,0.29968,-0.975661,0.219168,-0.006449,-0.146044,-0.627105,0.765078,0.164869,0.747109,0.643824,-0.001138,0.002296,-0.017604,0.56778,-0.415535,-0.089627,-1.399803,0.036766,0.042101,-0.021018,0.998266,-0.054949,-0.021046,0.050771,0.623557,0.780127,-0.029744,-0.779844,0.625266,-0.000546,0.001064,-0.008904,0.559896,-0.410467,-0.093778,-0.95717,0.050993,0.046908,-0.063867,0.76228,0.386625,-0.519084,-0.147582,0.884686,0.442209,0.630196,-0.26048,0.731438,-0.010901,-0.017456,-0.008412,0.034735,0.189113,-0.046075,-0.998051
726,0.103869,0.012686,0.307815,-0.704602,-0.333882,-0.626182,-0.042694,-0.860883,0.506981,-0.707467,0.384365,0.593111,-0.022142,-0.035746,-0.017847,-0.034128,0.08471,-0.11447,-1.915011,-0.184429,-0.004913,0.299402,-0.982107,0.187763,-0.01422,-0.133353,-0.639565,0.757038,0.134291,0.745139,0.653143,-0.000472,-0.0093,-0.010089,0.607193,-4.58128,-3.712355,-1.399997,0.036785,0.042068,-0.021154,0.99919,-0.028869,-0.028014,0.039967,0.633447,0.772752,-0.004563,-0.773246,0.634088,-0.000554,0.000923,-0.009064,0.699743,-0.46156,-0.131637,-0.953741,0.050726,0.046595,-0.064029,0.762072,0.386709,-0.519327,-0.147337,0.884588,0.442488,0.630505,-0.260691,0.731097,-0.018037,-0.01685,-0.00821,-0.054652,0.105844,-0.177635,-1.0005
727,0.102551,0.011499,0.307245,-0.706254,-0.335867,-0.623253,-0.041319,-0.859284,0.5098,-0.7059,0.386214,0.593777,-0.048821,-0.026137,-0.009697,-0.03726,-0.001245,-0.011569,-1.914438,-0.184351,-0.00502,0.298854,-0.991198,0.127171,-0.036686,-0.112845,-0.665917,0.737397,0.0706,0.734874,0.674418,-0.001077,0.003527,-0.016318,1.208697,-5.312789,-3.420552,-1.400713,0.036824,0.042006,-0.02143,0.998356,0.031312,-0.047986,0.015756,0.655162,0.755324,0.05509,-0.754839,0.653592,-0.000171,-0.003958,-0.004316,0.513503,-2.416802,2.051894,-0.952435,0.050057,0.045982,-0.064327,0.762874,0.38923,-0.516257,-0.149038,0.882847,0.445385,0.629134,-0.262831,0.731511,-0.024325,-0.012796,-0.004549,-0.03705,-0.001957,-0.012629,-1.004419
728,0.101097,0.010841,0.306806,-0.7083,-0.33513,-0.621325,-0.040267,-0.859547,0.509441,-0.703908,0.386267,0.596102,-0.032356,-0.010864,-0.012826,0.009275,-0.038054,0.065995,-1.914733,-0.184224,-0.005033,0.298418,-0.9951,0.077112,-0.06182,-0.098164,-0.691831,0.71531,0.013652,0.717765,0.696053,-0.00028,-0.005552,-0.006063,1.384247,-4.726545,-4.00292,-1.400727,0.036887,0.041999,-0.021648,0.994026,0.081862,-0.072186,-0.002586,0.678862,0.734261,0.109113,-0.729687,0.675018,0.007132,-0.002804,-0.003647,0.78848,-0.521505,-0.17284,-0.950312,0.049342,0.045656,-0.064543,0.764736,0.388805,-0.513816,-0.1502,0.883026,0.444638,0.626591,-0.262856,0.733681,-0.023062,-0.003939,-0.005227,-0.01507,-0.039165,0.030252,-1.00246
729,0.100373,0.010633,0.306599,-0.708403,-0.335535,-0.620989,-0.039982,-0.859325,0.509838,-0.703821,0.386411,0.596112,-0.03195,-0.009205,-0.011171,-0.001864,0.062493,-0.106322,-1.914468,-0.184165,-0.005051,0.298302,-0.995801,0.056243,-0.072167,-0.090927,-0.703457,0.70485,-0.00986,0.708371,0.705674,-0.000161,-0.003201,-0.003498,1.011607,-0.793114,-0.142423,-1.400817,0.036916,0.041988,-0.021716,0.990545,0.109691,-0.082387,-0.016273,0.690268,0.72337,0.136216,-0.715191,0.685526,-5.1e-05,-0.001468,-0.001607,0.932557,-0.788535,-0.14747,-0.953578,0.048997,0.045555,-0.064642,0.76462,0.389237,-0.513663,-0.150352,0.882759,0.445118,0.626697,-0.263116,0.733497,-0.015783,-0.003965,-0.004898,-0.006688,0.041929,-0.084861,-1.008828
730,0.09906,0.010366,0.306312,-0.708802,-0.33653,-0.619994,-0.039136,-0.858789,0.510804,-0.703466,0.386737,0.596319,-0.030804,-0.004895,-0.006771,-0.001975,0.045875,-0.082774,-1.914183,-0.184004,-0.005008,0.298276,-0.995297,0.030677,-0.091844,-0.085726,-0.721905,0.686614,-0.043976,0.69121,0.72122,7.3e-05,0.001468,0.001604,0.818895,-0.643163,-0.01636,-1.400888,0.036997,0.042008,-0.021731,0.985611,0.135535,-0.100994,-0.024967,0.707693,0.706078,0.167171,-0.693397,0.700894,0.007327,0.001246,0.000777,0.310161,-0.422392,0.200416,-0.952762,0.048323,0.045418,-0.064791,0.764674,0.390371,-0.51272,-0.151293,0.88215,0.446006,0.626405,-0.263478,0.733617,-0.01538,-0.00239,-0.003302,-0.001718,-0.067983,0.080034,-1.016993
731,0.0977,0.010175,0.3062,-0.709212,-0.337519,-0.618986,-0.03842,-0.858181,0.51188,-0.703092,0.387228,0.596441,-0.030975,-0.013131,0.004167,-0.036297,0.065015,-0.097826,-1.914523,-0.183939,-0.00496,0.29846,-0.994713,0.00525,-0.102515,-0.073606,-0.733618,0.675515,-0.070397,0.679474,0.730221,0.000208,0.004217,0.004602,0.343408,-0.298149,0.047631,-1.401056,0.03703,0.042032,-0.021639,0.980488,0.162107,-0.111185,-0.040044,0.718472,0.694402,0.192451,-0.676401,0.710945,0.000443,-0.003818,0.005923,0.38277,-0.2942,-0.009965,-0.952109,0.047643,0.045326,-0.06485,0.764765,0.391465,-0.511749,-0.152141,0.88152,0.446962,0.626087,-0.263963,0.733714,-0.021842,0.000786,-0.000435,-0.002791,-0.053067,0.050704,-1.022055
732,0.096298,0.010025,0.306345,-0.709404,-0.338182,-0.618404,-0.038337,-0.85759,0.512876,-0.702903,0.38796,0.596189,-0.043764,-0.006352,0.010363,-0.037256,0.063375,-0.103668,-1.913884,-0.183631,-0.004813,0.2989,-0.992191,-0.02734,-0.121662,-0.061195,-0.74401,0.665311,-0.107446,0.667587,0.736645,0.015019,0.010991,0.010789,0.249881,-0.383751,0.070601,-1.401282,0.037172,0.042098,-0.021433,0.972529,0.193941,-0.128733,-0.054375,0.727003,0.684476,0.226337,-0.658674,0.717578,0.00752,0.00566,0.005569,0.143331,-2.605995,1.336717,-0.958314,0.046947,0.045248,-0.064781,0.764769,0.392183,-0.511194,-0.15234,0.880975,0.447967,0.626034,-0.264716,0.733488,-0.014334,0.001369,0.000582,-0.00193,-0.084008,0.104123,-1.031036
733,0.095615,0.009958,0.306514,-0.70966,-0.338641,-0.617859,-0.038229,-0.857151,0.513617,-0.70265,0.388531,0.596115,-0.043201,-0.004386,0.012399,-0.037361,-0.049812,0.059874,-1.91375,-0.183373,-0.00463,0.299245,-0.989689,-0.045171,-0.135895,-0.056279,-0.750455,0.658471,-0.130468,0.659379,0.740311,0.01519,0.015052,0.015157,0.036688,-2.301971,1.726044,-1.401653,0.037301,0.042185,-0.021265,0.967288,0.211266,-0.140429,-0.061554,0.732489,0.67799,0.246098,-0.647167,0.721532,0.007606,0.007641,0.007702,0.505744,-0.285163,-0.13617,-0.9606,0.046616,0.045216,-0.064701,0.764888,0.392748,-0.510583,-0.1526,0.880545,0.448723,0.625826,-0.265308,0.733452,-0.014541,-0.003235,0.005574,-0.036153,0.048581,-0.074299,-1.034791
734,0.094328,0.009916,0.306936,-0.708728,-0.338416,-0.619051,-0.039211,-0.857223,0.513423,-0.703537,0.388568,0.595045,-0.027394,0.007007,0.005546,-0.001969,0.029429,-0.059106,-1.913764,-0.182845,-0.004159,0.300211,-0.983641,-0.087469,-0.157452,-0.035011,-0.765031,0.642989,-0.175445,0.638087,0.749618,0.000971,0.021426,0.023058,0.632035,-1.317328,-0.074754,-1.40138,0.037577,0.042421,-0.020776,0.954145,0.251249,-0.162726,-0.082529,0.743338,0.663804,0.287741,-0.619936,0.729988,0.008065,0.005966,0.015818,0.578896,-3.733247,0.393709,-0.955538,0.045947,0.045194,-0.064478,0.764203,0.392354,-0.511908,-0.151587,0.880716,0.448731,0.626908,-0.265323,0.732522,-0.013652,0.003675,0.002976,-0.002391,0.030868,-0.060526,-1.040017
735,0.093095,0.009912,0.307472,-0.71204,-0.33004,-0.619773,-0.050094,-0.856552,0.513596,-0.699492,0.397154,0.594144,-0.02689,0.008626,0.007204,-0.001969,0.029429,-0.059106,-1.914164,-0.182199,-0.003661,0.301549,-0.97703,-0.119956,-0.176109,-0.016679,-0.781206,0.623997,-0.211186,0.612748,0.761449,0.016287,0.015785,0.035533,0.764621,-0.55507,-0.074534,-1.401609,0.0379,0.042679,-0.020097,0.941751,0.283184,-0.181409,-0.103501,0.757284,0.64483,0.319984,-0.588494,0.742484,0.008152,0.008227,0.018115,0.832549,-0.552122,-0.072775,-0.954884,0.045331,0.045194,-0.064208,0.768545,0.384418,-0.511429,-0.140881,0.881426,0.45082,0.62409,-0.274425,0.731574,-0.013416,0.004435,0.003751,-0.000755,0.029603,-0.059036,-1.041486
736,0.092569,0.009951,0.307699,-0.714221,-0.326208,-0.619292,-0.055037,-0.855877,0.514215,-0.696893,0.401748,0.594109,-0.028101,-0.00312,0.014523,-0.036214,0.048885,-0.074006,-1.914529,-0.18185,-0.003415,0.302411,-0.972278,-0.139359,-0.18774,-0.005453,-0.789498,0.613675,-0.232502,0.597858,0.767054,0.017079,0.007537,0.046441,0.716572,-0.581708,-0.290215,-1.401668,0.038069,0.042799,-0.019683,0.93387,0.301512,-0.19229,-0.115788,0.76368,0.635126,0.338346,-0.570861,0.748089,0.008532,0.003942,0.0234,1.016122,-1.114487,-0.34551,-0.957007,0.045089,0.045213,-0.0641,0.771022,0.380857,-0.510364,-0.136032,0.881446,0.452268,0.622108,-0.279283,0.731424,-0.007065,-0.002843,0.006401,-0.033588,-0.079486,0.120814,-1.042466
737,0.091856,0.01012,0.308004,-0.712635,-0.325236,-0.621625,-0.056458,-0.856619,0.512824,-0.698401,0.400952,0.592874,-0.013189,0.005094,0.004396,-0.000984,0.014715,-0.029553,-1.913888,-0.181279,-0.003057,0.304348,-0.963219,-0.170208,-0.207919,0.013431,-0.80355,0.595031,-0.267124,0.570564,0.776508,0.017888,0.000798,0.058663,0.316729,-1.080124,0.498224,-1.401516,0.038354,0.042982,-0.018718,0.919461,0.331985,-0.210655,-0.138649,0.775126,0.616404,0.367922,-0.537553,0.758729,0.001402,0.006427,0.026382,0.131264,-2.582243,1.413564,-0.960763,0.044718,0.045301,-0.063938,0.770003,0.379618,-0.512819,-0.134522,0.882267,0.451118,0.623697,-0.278377,0.730415,-0.00653,0.002778,0.002456,-0.001103,-0.097875,0.133742,-1.045895
738,0.091492,0.010228,0.308108,-0.712792,-0.319791,-0.624265,-0.063013,-0.857249,0.511004,-0.697681,0.403969,0.591672,0.000186,0.000589,0.000617,-0.0,0.0,0.0,-1.913702,-0.180835,-0.002841,0.30669,-0.954998,-0.197536,-0.221246,0.033663,-0.813515,0.580512,-0.29344,0.547187,0.7838,0.003555,0.002722,0.061309,0.25366,-0.322567,0.090098,-1.401926,0.038581,0.043093,-0.017565,0.90633,0.358315,-0.223996,-0.160312,0.782011,0.602293,0.390978,-0.509968,0.766203,0.008919,0.001598,0.030326,0.41206,-0.473269,-0.038816,-0.959783,0.044531,0.045358,-0.063884,0.771257,0.374121,-0.51497,-0.12788,0.883613,0.450414,0.623544,-0.281531,0.729336,6.5e-05,0.000214,0.000232,0.000334,-6.3e-05,-0.000337,-1.046385
739,0.091457,0.010262,0.308126,-0.712387,-0.319386,-0.624934,-0.063506,-0.857486,0.510546,-0.69805,0.403786,0.591363,3e-06,9e-06,1e-05,0.0,0.0,0.0,-1.914168,-0.180602,-0.002853,0.309044,-0.943842,-0.229888,-0.237287,0.05368,-0.815557,0.576125,-0.324761,0.531322,0.782362,0.003511,0.002472,0.060566,1.269219,-3.256652,-4.277364,-1.40222,0.038699,0.043091,-0.016363,0.891602,0.384285,-0.239518,-0.176384,0.781909,0.597918,0.417052,-0.490858,0.764934,0.001715,0.000865,0.029921,-0.093539,-0.04591,0.010001,-0.951945,0.044513,0.045374,-0.063876,0.771023,0.373647,-0.515665,-0.127357,0.883884,0.45003,0.623941,-0.28131,0.729082,-1.5e-05,-5.2e-05,-5.3e-05,0.000171,-0.000131,-0.000207,-1.046548
740,0.09151,0.01025,0.308131,-0.712209,-0.319165,-0.62525,-0.06378,-0.857593,0.510332,-0.698207,0.403734,0.591213,0.000271,0.000858,0.000899,0.0,0.0,0.0,-1.913944,-0.18053,-0.002902,0.31027,-0.938352,-0.241999,-0.246825,0.058611,-0.815272,0.576047,-0.339435,0.526372,0.779474,-0.010063,-0.009708,0.06849,-0.088983,-0.03088,-0.019514,-1.401547,0.03874,0.043072,-0.015751,0.881855,0.400692,-0.248549,-0.185678,0.779633,0.598075,0.433421,-0.481266,0.761924,0.001722,0.001276,0.030214,-0.075526,-0.07179,0.049967,-0.955048,0.044539,0.045365,-0.063876,0.770928,0.373393,-0.51599,-0.127069,0.884013,0.449859,0.624117,-0.281243,0.728957,0.000174,0.000547,0.000574,0.000116,-0.000125,-0.000159,-1.047038
741,0.091735,0.01023,0.30811,-0.713023,-0.316567,-0.625642,-0.064255,-0.859051,0.507813,-0.697332,0.402672,0.592968,0.001169,0.011547,-0.007548,0.162759,0.130857,0.118376,-1.913842,-0.180553,-0.00296,0.312644,-0.929078,-0.266581,-0.256401,0.074507,-0.814048,0.575942,-0.361071,0.516327,0.776465,-0.010851,-0.000491,0.058066,0.410047,-0.256816,-0.181475,-1.401398,0.038729,0.043044,-0.014556,0.86936,0.422125,-0.256949,-0.19898,0.774948,0.599885,0.452348,-0.470388,0.757703,0.001661,-0.000144,0.028573,-0.11561,-0.019095,0.039407,-0.954231,0.044652,0.045356,-0.063884,0.771865,0.371247,-0.516138,-0.126498,0.885255,0.447571,0.623074,-0.280174,0.73026,0.000578,0.00575,-0.003802,0.200867,0.159912,0.132247,-1.047691
742,0.091978,0.010191,0.308086,-0.716159,-0.313084,-0.623811,-0.068489,-0.857941,0.509135,-0.693707,0.407731,0.593762,0.000102,0.000324,0.000339,2.7e-05,3.2e-05,2.2e-05,-1.913775,-0.180869,-0.003044,0.314728,-0.919267,-0.291609,-0.264392,0.091907,-0.812286,0.575916,-0.381529,0.505489,0.773808,-0.011729,0.005618,0.044679,-0.002465,0.055001,-0.197583,-1.401611,0.038567,0.043006,-0.013488,0.854892,0.44629,-0.264545,-0.217495,0.771237,0.598238,0.471014,-0.453892,0.75639,-0.005897,0.002587,0.022134,-0.03591,0.066853,-0.206945,-0.959293,0.044773,0.045336,-0.063897,0.775261,0.367917,-0.513426,-0.122282,0.88489,0.449461,0.619691,-0.285666,0.731011,0.007057,-0.001076,-0.00066,0.000426,-0.018752,0.030898,-1.048508
743,0.092121,0.010153,0.308055,-0.716049,-0.312901,-0.624028,-0.068679,-0.858031,0.508957,-0.693801,0.407681,0.593686,0.013812,-0.003107,-0.002316,0.000985,-0.014714,0.029554,-1.914228,-0.181188,-0.003086,0.315658,-0.911765,-0.306774,-0.273069,0.102153,-0.813522,0.572433,-0.39659,0.494417,0.77339,-0.01185,0.001639,0.040651,0.366655,-0.44369,-0.041455,-1.401116,0.038421,0.042992,-0.013054,0.845933,0.458943,-0.271602,-0.226395,0.770181,0.596293,0.482847,-0.442935,0.755424,-0.005961,0.000404,0.019937,-0.562726,-2.282662,1.437379,-0.964192,0.044845,0.045318,-0.063911,0.775192,0.367715,-0.513674,-0.12207,0.884996,0.44931,0.619818,-0.285598,0.730929,0.006894,-0.001592,-0.001203,0.001123,-0.015395,0.029437,-1.048508
744,0.092463,0.010069,0.308005,-0.719045,-0.30921,-0.622422,-0.073115,-0.856977,0.510114,-0.690242,0.412683,0.594378,0.013985,-0.002558,-0.001746,0.000984,-0.014715,0.029553,-1.913865,-0.182183,-0.003115,0.316707,-0.900388,-0.334813,-0.277837,0.127022,-0.813194,0.567904,-0.414926,0.476466,0.775035,-0.028028,0.007801,0.0098,0.156526,-0.126619,-0.194762,-1.400117,0.037921,0.042985,-0.012486,0.829149,0.485772,-0.276651,-0.252177,0.766684,0.590424,0.498915,-0.419785,0.758197,-0.013707,-0.002569,0.008093,0.191005,-0.319007,-0.507757,-0.963049,0.04501,0.045276,-0.063937,0.778263,0.364537,-0.511291,-0.117838,0.884557,0.451299,0.616782,-0.29098,0.731375,0.006997,-0.001264,-0.000865,0.00175,-0.015955,0.030224,-1.048181
745,0.092781,0.010015,0.307984,-0.718691,-0.308689,-0.623089,-0.073702,-0.857227,0.50961,-0.690548,0.412555,0.594112,0.013995,-0.002522,-0.001713,0.000984,-0.014715,0.029553,-1.914398,-0.183826,-0.003268,0.316346,-0.898469,-0.34519,-0.271273,0.139969,-0.811008,0.567986,-0.414919,0.472785,0.77729,-0.044194,-0.010314,-0.025683,0.025311,0.079981,-0.143152,-1.153,0.037128,0.042937,-0.012619,0.825412,0.49577,-0.270013,-0.264481,0.76216,0.590898,0.498742,-0.416321,0.760218,-0.022111,-0.005666,-0.013304,0.002999,0.192366,-0.30586,-0.918797,0.045169,0.04525,-0.063947,0.778085,0.363948,-0.51198,-0.117213,0.884855,0.450878,0.617124,-0.290811,0.731153,0.006997,-0.001264,-0.000864,0.001171,-0.014879,0.029359,-1.048508
746,0.092918,0.009988,0.307979,-0.718437,-0.308354,-0.623548,-0.074102,-0.857387,0.509283,-0.690771,0.412472,0.593911,1.7e-05,5.4e-05,5.7e-05,0.0,0.0,0.0,-1.913652,-0.18481,-0.003549,0.315591,-0.899667,-0.346608,-0.265431,0.143073,-0.808642,0.570581,-0.411257,0.475795,0.7774,-0.059909,-0.014128,-0.047472,-0.455796,0.471231,-0.174137,-0.807765,0.03662,0.042803,-0.012997,0.825632,0.498403,-0.264434,-0.269091,0.759788,0.59187,0.495903,-0.41751,0.761422,-0.02288,-0.008013,-0.02516,0.056372,0.088233,-0.14423,-0.804004,0.045243,0.045235,-0.06395,0.777951,0.363548,-0.512468,-0.11677,0.885055,0.4506,0.617378,-0.290704,0.730981,0.007003,-0.001243,-0.000844,0.001126,-0.014821,0.029371,-1.049651
747,0.093154,0.010004,0.307995,-0.719365,-0.305889,-0.623692,-0.074425,-0.858752,0.50693,-0.68977,0.411462,0.595772,0.000391,0.00126,0.001319,0.127793,0.150824,0.103744,-1.913771,-0.186964,-0.004275,0.312965,-0.909625,-0.331831,-0.249924,0.12648,-0.794427,0.593988,-0.394488,0.509114,0.764883,-0.048491,-0.011416,-0.084962,-0.969763,0.667611,0.254249,-0.282729,0.035537,0.042429,-0.014306,0.837377,0.486572,-0.249091,-0.250929,0.747007,0.615641,0.485626,-0.45302,0.747622,-0.031084,-0.012572,-0.039141,-1.177232,0.705705,0.481291,-0.646265,0.04536,0.045242,-0.063944,0.778848,0.361686,-0.512423,-0.116366,0.886128,0.448592,0.616322,-0.289757,0.732248,0.007244,-0.000465,-3.1e-05,0.208228,0.205317,0.171135,-1.049161
748,0.093253,0.010074,0.308073,-0.71923,-0.305715,-0.623933,-0.074624,-0.85884,0.506752,-0.689888,0.411407,0.595672,0.000795,0.002562,0.002681,2.7e-05,3.2e-05,2.2e-05,-1.913646,-0.189267,-0.004838,0.309026,-0.923006,-0.302831,-0.237371,0.09383,-0.775602,0.624156,-0.37194,0.554207,0.744566,-0.065116,-0.017372,-0.110984,-1.106156,0.583472,0.60946,-0.009928,0.034391,0.042144,-0.01627,0.855878,0.45962,-0.237108,-0.214779,0.732946,0.645491,0.470468,-0.501537,0.72603,-0.025695,-0.004059,-0.060922,-1.254176,0.814808,0.595785,-0.543555,0.04541,0.045275,-0.063907,0.779113,0.360991,-0.512509,-0.11597,0.886441,0.448077,0.616062,-0.289667,0.732502,0.000478,0.001539,0.001606,-0.002141,-0.018136,0.022813,-1.048508
749,0.093241,0.010214,0.308216,-0.718993,-0.305491,-0.624315,-0.074917,-0.858961,0.506502,-0.690103,0.411319,0.595484,0.001117,0.003597,0.003759,0.0,0.0,0.0,-1.914197,-0.191552,-0.005463,0.303783,-0.929611,-0.285645,-0.232857,0.065366,-0.749819,0.658357,-0.361469,0.597151,0.715971,-0.053907,-0.011285,-0.14791,-1.258769,0.668452,0.664411,0.055909,0.033263,0.041837,-0.018826,0.865116,0.444071,-0.233182,-0.182661,0.711918,0.67809,0.467127,-0.544033,0.697007,-0.026634,-0.01222,-0.070837,-1.250697,0.401237,0.32883,-0.466646,0.045403,0.045343,-0.063837,0.778967,0.360753,-0.512901,-0.115671,0.886569,0.447901,0.616303,-0.289572,0.732336,0.000583,0.001883,0.001967,0.000103,-0.000167,-0.000215,-1.047528
750,0.093236,0.010301,0.308319,-0.720681,-0.301122,-0.624492,-0.080158,-0.858548,0.506401,-0.687752,0.415381,0.595385,0.001577,0.00508,0.005304,-2.4e-05,-0.016335,0.023744,-1.913785,-0.192545,-0.005839,0.300951,-0.932265,-0.276367,-0.23344,0.049439,-0.736753,0.674303,-0.357151,0.617431,0.700774,-0.05474,-0.016484,-0.155307,-1.529158,0.712705,0.969383,0.059591,0.032747,0.041637,-0.020296,0.869446,0.435121,-0.233948,-0.164431,0.701433,0.693507,0.465858,-0.5645,0.681406,-0.027359,-0.009304,-0.078669,-1.315592,0.608142,0.843336,-0.347933,0.0454,0.045386,-0.063786,0.781154,0.35662,-0.512465,-0.110472,0.886812,0.44873,0.614486,-0.293914,0.732134,0.000719,0.00232,0.002421,0.000794,-0.016806,0.024036,-1.047855
751,0.093287,0.01047,0.308481,-0.720267,-0.300702,-0.625171,-0.080672,-0.85878,0.505925,-0.688124,0.415204,0.595077,0.001333,0.004297,0.004478,-2.4e-05,-0.016336,0.023743,-1.91407,-0.194401,-0.006465,0.294723,-0.931497,-0.272742,-0.240658,0.028472,-0.714469,0.699041,-0.361409,0.64464,0.673562,-0.041526,-0.004314,-0.167407,-1.106372,0.462514,0.847309,0.058606,0.031812,0.0413,-0.023426,0.870109,0.429838,-0.241139,-0.137951,0.682113,0.718115,0.473157,-0.591574,0.65281,-0.020465,-0.008656,-0.080608,-1.35463,0.618384,0.914262,-0.150189,0.045427,0.045475,-0.0637,0.780907,0.356111,-0.513193,-0.109909,0.887091,0.448317,0.6149,-0.29369,0.731876,0.000658,0.00213,0.002221,0.000142,-0.016467,0.023556,-1.048671
752,0.093382,0.010598,0.308617,-0.72169,-0.296056,-0.625747,-0.086218,-0.85848,0.505521,-0.685959,0.419144,0.594816,0.000883,0.00285,0.002965,-6e-06,5e-06,6e-06,-1.914164,-0.195983,-0.006703,0.288407,-0.931188,-0.268812,-0.246213,0.010667,-0.695438,0.71846,-0.363166,0.666727,0.650729,-0.041637,0.002524,-0.163676,-0.929801,0.352846,0.766002,0.068966,0.03102,0.041165,-0.0266,0.870812,0.425226,-0.246715,-0.116433,0.665958,0.736846,0.477628,-0.612929,0.629435,-0.01311,-0.004538,-0.078475,-1.13302,0.458064,0.874242,-0.114591,0.045475,0.04554,-0.063631,0.78294,0.351657,-0.513168,-0.104376,0.887463,0.448903,0.613278,-0.297902,0.731535,0.000492,0.001599,0.001662,0.001599,-0.017127,0.024887,-1.047691
753,0.093457,0.010619,0.308659,-0.721506,-0.295832,-0.626066,-0.086499,-0.85858,0.505302,-0.686118,0.419096,0.594667,0.000429,0.001385,0.00144,-0.0,0.0,0.0,-1.914484,-0.196681,-0.006775,0.285381,-0.933735,-0.262297,-0.24358,0.003396,-0.687148,0.726464,-0.356731,0.677821,0.642779,-0.041029,-0.004377,-0.15256,-0.777318,0.250285,0.695007,0.076756,0.03067,0.041127,-0.028122,0.874735,0.418563,-0.24422,-0.107289,0.658727,0.744693,0.472575,-0.625206,0.621119,-0.013051,-0.002392,-0.076911,-0.872993,0.336719,0.789688,-0.102344,0.045513,0.045554,-0.063607,0.782838,0.351392,-0.513505,-0.104077,0.887594,0.448714,0.613459,-0.297826,0.731414,0.000224,0.000732,0.000759,0.000357,-0.000219,-5e-05,-1.047691
754,0.093632,0.010622,0.308657,-0.72275,-0.296551,-0.624288,-0.085652,-0.857901,0.506598,-0.684914,0.41998,0.595431,0.013897,-0.002725,-0.001937,0.000984,-0.014715,0.029553,-1.914101,-0.197871,-0.006921,0.279839,-0.942405,-0.245258,-0.227406,-0.003619,-0.672629,0.739927,-0.333229,0.698434,0.633255,-0.02504,-0.003656,-0.134415,-0.253872,0.237264,0.150933,0.10216,0.030069,0.041045,-0.030911,0.886901,0.401266,-0.22889,-0.095913,0.644629,0.758454,0.451891,-0.650721,0.610209,-0.012393,-0.001452,-0.066668,-0.279986,0.576519,-0.15448,-0.077034,0.045596,0.045556,-0.063607,0.78366,0.352382,-0.511569,-0.105091,0.886868,0.449911,0.612235,-0.298816,0.732035,-7.4e-05,-0.000235,-0.000248,0.000519,-0.001395,0.00096,-1.048508
755,0.093764,0.010588,0.308616,-0.722646,-0.296391,-0.624485,-0.085806,-0.857989,0.506424,-0.685005,0.419913,0.595373,-3.1e-05,-0.000101,-0.000105,0.0,0.0,0.0,-1.913918,-0.198943,-0.006878,0.275068,-0.949721,-0.231723,-0.210539,-0.005947,-0.659246,0.75186,-0.311807,0.715592,0.624954,-0.023424,-0.000653,-0.111074,-0.700031,1.949492,-1.634827,0.152319,0.029524,0.041059,-0.033355,0.895991,0.389527,-0.213231,-0.092252,0.632969,0.76866,0.434383,-0.669042,0.60307,-0.011562,0.000307,-0.054702,-0.620074,1.937377,-1.625532,-0.023965,0.045666,0.045535,-0.063632,0.783598,0.352183,-0.511799,-0.104903,0.886977,0.449739,0.612346,-0.298726,0.731979,-1.8e-05,-6.5e-05,-6.9e-05,6.8e-05,-8.3e-05,-7.7e-05,-1.048671
756,0.093899,0.010555,0.308605,-0.722465,-0.296138,-0.624814,-0.086105,-0.8581,0.506184,-0.685158,0.419864,0.595232,0.000265,0.000861,0.000896,-0.000132,-0.112747,0.163856,-1.913641,-0.19987,-0.006784,0.271246,-0.951479,-0.229308,-0.205174,-0.006063,-0.65296,0.757324,-0.306416,0.722101,0.620114,-0.021805,0.00084,-0.088347,-0.105658,0.571624,-0.528901,0.203908,0.029068,0.041105,-0.035234,0.898546,0.386397,-0.208114,-0.089542,0.625623,0.774969,0.429646,-0.677711,0.59675,-0.010726,0.001354,-0.042923,-0.140561,1.659534,-1.837869,0.042658,0.045733,0.045516,-0.06364,0.783548,0.351979,-0.512018,-0.104679,0.88707,0.449609,0.61245,-0.298693,0.731906,0.000181,0.000587,0.000606,5e-05,-5.5e-05,-6.5e-05,-1.048834
757,0.093941,0.010547,0.308599,-0.722427,-0.29608,-0.624885,-0.086167,-0.858128,0.506126,-0.68519,0.419848,0.595206,4e-06,1.3e-05,1.3e-05,0.0,0.0,0.0,-1.914125,-0.200327,-0.006777,0.269695,-0.950608,-0.230782,-0.207549,-0.008098,-0.650278,0.75961,-0.309055,0.724052,0.61652,-0.020849,-0.005319,-0.074333,-0.085902,-0.064457,0.031842,0.230431,0.02884,0.041112,-0.036013,0.89756,0.387882,-0.209599,-0.087757,0.623062,0.777233,0.432068,-0.679221,0.593275,-0.010276,-0.001881,-0.036116,-0.010593,-0.319475,-0.17487,0.076785,0.045754,0.045515,-0.06364,0.78349,0.35183,-0.512208,-0.104517,0.887145,0.449499,0.612551,-0.298644,0.731842,2e-06,4e-06,1e-06,5.9e-05,-1.6e-05,-6.3e-05,-1.048998
758,0.094034,0.010525,0.308581,-0.722283,-0.295891,-0.625142,-0.086383,-0.858221,0.505932,-0.685315,0.419791,0.595102,-2.7e-05,-8.9e-05,-9.2e-05,0.0,0.0,0.0,-1.913894,-0.201325,-0.006796,0.267147,-0.948304,-0.241301,-0.20612,-0.002315,-0.644478,0.764576,-0.316122,0.725822,0.61083,-0.019655,-0.008824,-0.05695,-0.440116,0.279497,0.077865,0.308079,0.028341,0.04111,-0.037286,0.893062,0.399011,-0.207916,-0.094047,0.617443,0.780973,0.439993,-0.677903,0.588941,-0.017413,0.002327,-0.03046,-0.430588,0.317342,0.093847,0.166432,0.045801,0.045503,-0.063649,0.783417,0.351612,-0.51247,-0.104283,0.887254,0.449338,0.612684,-0.298577,0.731757,0.006968,-0.001303,-0.000914,0.001023,-0.014749,0.029501,-1.049324
759,0.094139,0.010454,0.30856,-0.725508,-0.292554,-0.622973,-0.090378,-0.856851,0.507553,-0.681382,0.424897,0.595993,0.013652,-0.003529,-0.002782,0.000984,-0.014715,0.029553,-1.913836,-0.202347,-0.006935,0.265105,-0.950354,-0.237987,-0.200453,-0.001842,-0.640164,0.768193,-0.30993,0.730714,0.608164,-0.033882,-0.015413,-0.042454,-0.129754,0.150304,-0.074564,0.387318,0.027837,0.041048,-0.038306,0.89594,0.395337,-0.20248,-0.092591,0.612074,0.785361,0.434415,-0.684889,0.584986,-0.009523,-0.001561,-0.02489,-0.10225,0.128987,-0.022645,0.272571,0.045854,0.045469,-0.063659,0.78657,0.348815,-0.509542,-0.1005,0.886483,0.451716,0.609266,-0.304097,0.732337,0.00681,-0.001816,-0.001448,0.001472,-0.015133,0.029882,-1.049487
