frame,MLTx,MLTy,MLTz,MLTR1,MLTR2,MLTR3,MLTR4,MLTR5,MLTR6,MLTR7,MLTR8,MLTR9,MLTTVx,MLTTVy,MLTTVz,MLTRVx,MLTRVy,MLTRVz,MLGA,MRTx,MRTy,MRTz,MRTR1,MRTR2,MRTR3,MRTR4,MRTR5,MRTR6,MRTR7,MRTR8,MRTR9,MRTTVx,MRTTVy,MRTTVz,MRTRVx,MRTRVy,MRTRVz,MRGA,SLTx,SLTy,SLTz,SLTR1,SLTR2,SLTR3,SLTR4,SLTR5,SLTR6,SLTR7,SLTR8,SLTR9,SLTTVx,SLTTVy,SLTTVz,SLTRVx,SLTRVy,SLTRVz,SLGA,SRTx,SRTy,SRTz,SRTR1,SRTR2,SRTR3,SRTR4,SRTR5,SRTR6,SRTR7,SRTR8,SRTR9,SRTTVx,SRTTVy,SRTTVz,SRTRVx,SRTRVy,SRTRVz,SRGA
417,0.085018,0.00559,0.39793,-0.592348,0.042842,-0.804571,-0.060969,-0.998091,-0.008326,-0.802658,0.044061,0.594833,0.012862,-0.002651,-0.001718,0.119868,0.29406,0.379348,-0.560242,-0.098708,0.015625,0.360311,0.823025,-0.450923,0.345385,0.346294,0.880235,0.324347,-0.45131,-0.146781,0.880135,-0.000223,0.000979,0.000718,-1.432901,-2.319551,-5.057307,-0.540078,0.044733,0.029666,-0.000131,-0.823007,0.326662,0.464704,-0.184366,-0.927425,0.325409,0.537277,0.182138,0.823503,-0.000222,0.000464,0.000459,-1.483272,-2.29275,-5.043137,-0.709785,0.079293,0.02571,-0.040845,-0.563232,0.14864,-0.812819,-0.234444,-0.972009,-0.015297,-0.792341,0.181945,0.582314,0.006445,-0.001316,-0.000858,0.125662,0.307719,0.383129,-0.528917
418,0.085909,0.005574,0.397653,-0.601684,0.091223,-0.793536,-0.117926,-0.992699,-0.02477,-0.789258,0.078554,0.609039,0.026518,0.004625,-0.013056,0.052551,0.324365,0.544783,-0.8148,-0.098862,0.015674,0.360363,0.898886,-0.303785,0.315768,0.199695,0.925355,0.322138,-0.391188,-0.226133,0.892019,-0.000739,0.003252,0.002382,-0.360516,-1.365839,-1.960784,-0.29242,0.044656,0.029687,-0.000107,-0.882649,0.171239,0.437729,-0.035067,-0.952671,0.301971,0.468721,0.251185,0.846879,-0.006958,-0.000219,0.000753,-2.151678,-3.754176,-6.640527,-0.60185,0.079728,0.0257,-0.040978,-0.564262,0.197695,-0.801575,-0.289156,-0.956732,-0.032413,-0.773302,0.213491,0.597013,0.012893,-0.002575,-0.001684,-0.231167,0.438684,0.786565,-0.705108
419,0.087134,0.005426,0.397398,-0.606974,0.144502,-0.781503,-0.183507,-0.982224,-0.039159,-0.772519,0.119456,0.623677,0.038856,-0.006996,-0.004575,-2.688712,1.709235,-0.307962,-1.081089,-0.099358,0.015715,0.36041,0.95506,-0.091538,0.281909,-0.000909,0.950055,0.311977,-0.297587,-0.298104,0.906885,-0.013421,-0.000587,0.001028,-1.647552,-3.650996,-6.356253,-0.044532,0.04441,0.029714,-8e-05,-0.914473,-0.040214,0.402642,0.159565,-0.950255,0.267494,0.371856,0.308864,0.875399,-0.013291,-0.001397,0.000478,-2.580145,-4.45367,-4.471911,-0.344014,0.080336,0.025628,-0.04111,-0.558155,0.250796,-0.790925,-0.349986,-0.935438,-0.049635,-0.75231,0.249109,0.609895,0.013011,-0.00202,-0.001369,-4.129107,0.333043,4.008442,-0.751809
420,0.087814,0.005294,0.397335,-0.605858,0.170524,-0.777112,-0.216532,-0.975212,-0.045248,-0.764816,0.140637,0.628734,0.039041,-0.006371,-0.004187,-4.216668,0.021235,3.945817,-1.188331,-0.09978,0.015701,0.360384,0.963748,-0.001278,0.266797,-0.084384,0.94702,0.309786,-0.254268,-0.321074,0.912208,-0.026082,-0.00452,-0.000396,-2.714522,-4.927704,-5.439537,0.031313,0.044204,0.029711,-9e-05,-0.913248,-0.131931,0.385448,0.241762,-0.937017,0.252089,0.327913,0.323406,0.887626,-0.006674,-0.000947,6.3e-05,-1.338563,-2.228304,-5.343779,-0.235916,0.080676,0.025562,-0.041142,-0.556286,0.273158,-0.784812,-0.377541,-0.924408,-0.054139,-0.740276,0.266182,0.617364,0.019588,-0.002999,-0.001994,0.028435,0.352658,0.606904,-0.751156
421,0.089186,0.005085,0.397279,-0.612354,0.218966,-0.759686,-0.280829,-0.958442,-0.049958,-0.738297,0.182471,0.649345,0.039601,-0.004435,-0.00298,-1.121437,0.565677,1.494156,-1.332355,-0.100964,0.015537,0.360126,0.962215,0.117493,0.245618,-0.191247,0.933527,0.303127,-0.194885,-0.338803,0.920378,-0.039678,-0.001916,-0.013507,-1.14703,-1.930437,-4.941138,0.109262,0.043617,0.029633,-0.000212,-0.900157,-0.250194,0.356537,0.345474,-0.908627,0.234611,0.265261,0.334361,0.904344,-0.019818,-0.000815,-0.006652,0.191646,-0.291432,0.073794,-0.085689,0.081361,0.025456,-0.04117,-0.55292,0.323833,-0.76773,-0.441764,-0.89516,-0.059425,-0.706486,0.306299,0.63801,0.019889,-0.001844,-0.001283,-4.062284,0.619422,4.218114,-0.756708
422,0.09067,0.004941,0.397203,-0.617733,0.300061,-0.726921,-0.380526,-0.922954,-0.057685,-0.68746,0.240599,0.685228,0.039779,-0.003698,-0.002536,-2.718047,2.298573,-0.181631,-1.430159,-0.102624,0.015377,0.35954,0.955658,0.179949,0.233083,-0.246242,0.922175,0.298149,-0.162492,-0.342556,0.925265,-0.052301,-0.006182,-0.01522,0.080904,-1.103393,-0.454589,0.137829,0.042793,0.029551,-0.000507,-0.885621,-0.314265,0.341922,0.401854,-0.887623,0.225026,0.23278,0.336691,0.912388,-0.026855,0.001424,-0.012513,-1.381696,-2.865505,-0.439674,-0.014004,0.082094,0.025385,-0.041208,-0.543766,0.402576,-0.736376,-0.529961,-0.845073,-0.070659,-0.650737,0.351829,0.672872,0.019925,-0.001768,-0.00124,-0.150916,1.015362,0.71776,-0.782018
423,0.09209,0.004995,0.396966,-0.616075,0.386365,-0.686453,-0.473054,-0.878245,-0.069836,-0.629096,0.281219,0.724693,0.039594,-0.004157,-0.002847,-3.678579,0.766078,4.453751,-1.456828,-0.104685,0.015522,0.358536,0.945857,0.232916,0.226045,-0.294484,0.908382,0.296743,-0.137408,-0.347543,0.927468,-0.042437,0.015496,-0.033723,0.099975,-0.037872,-0.038003,0.143761,0.041779,0.029614,-0.000994,-0.870008,-0.366763,0.3295,0.447691,-0.867624,0.216335,0.206538,0.335728,0.919036,-0.027671,0.006442,-0.017071,-0.257782,-0.727599,0.209749,0.010816,0.082815,0.025415,-0.041324,-0.530944,0.487793,-0.692932,-0.613808,-0.785144,-0.08239,-0.584241,0.381583,0.716278,0.013478,-0.000468,-0.000397,-0.195155,1.566235,0.524194,-0.804062
424,0.092695,0.005053,0.39682,-0.616207,0.423674,-0.663954,-0.508249,-0.857853,-0.075783,-0.600922,0.290224,0.744775,0.026653,-0.001838,-0.001315,0.027819,1.520336,0.720463,-1.450802,-0.105656,0.015726,0.357936,0.945497,0.241008,0.218959,-0.299645,0.906847,0.296269,-0.128347,-0.346041,0.929325,-0.055347,0.012715,-0.03434,0.012975,-0.157838,0.006739,0.149517,0.041278,0.029717,-0.001304,-0.869498,-0.374473,0.322091,0.452459,-0.865409,0.215281,0.198124,0.332919,0.921905,-0.021119,0.00744,-0.017056,-0.274645,-0.709618,0.287005,0.016368,0.083122,0.025443,-0.041398,-0.521502,0.526138,-0.671724,-0.649084,-0.755617,-0.087924,-0.553827,0.390153,0.735564,0.013517,0.003418,-0.005881,-0.827588,1.133567,1.247268,-0.806674
425,0.093827,0.005255,0.396439,-0.602836,0.491431,-0.628593,-0.580588,-0.810534,-0.076958,-0.546572,0.317945,0.774724,0.027243,0.007794,-0.011116,-0.77951,1.092862,1.055825,-1.441229,-0.107535,0.016267,0.356503,0.943849,0.261927,0.201332,-0.313428,0.902203,0.296187,-0.105248,-0.342996,0.933349,-0.054531,0.008836,-0.037219,-0.555294,-1.126293,-1.360919,0.159118,0.040317,0.029997,-0.00203,-0.867608,-0.393851,0.303539,0.464824,-0.859212,0.213756,0.176616,0.326549,0.928532,-0.027219,0.004248,-0.018703,-0.603996,-1.189608,-1.342888,0.032697,0.083697,0.025543,-0.04159,-0.497604,0.591636,-0.634315,-0.712125,-0.69617,-0.090685,-0.495244,0.406586,0.767736,0.013645,0.003932,-0.005558,-0.760566,1.168584,1.09364,-0.798673
426,0.094871,0.005582,0.395912,-0.578985,0.558549,-0.594007,-0.653871,-0.753245,-0.071036,-0.486397,0.346576,0.802079,0.013583,0.007575,-0.011167,-3.098125,0.564199,4.080005,-1.425681,-0.109534,0.016871,0.354548,0.936288,0.301556,0.180058,-0.34429,0.888797,0.302389,-0.070025,-0.345502,0.935729,-0.042953,0.022198,-0.061784,-0.923319,-2.292028,0.913512,0.167828,0.039331,0.030301,-0.002976,-0.856733,-0.431782,0.282084,0.495194,-0.841541,0.215847,0.144187,0.32461,0.934792,-0.027023,0.004273,-0.026952,0.128884,0.071458,-0.077806,0.038739,0.084216,0.025708,-0.041846,-0.465972,0.651316,-0.598879,-0.771222,-0.630742,-0.085902,-0.433688,0.421841,0.796218,0.013529,0.007349,-0.011327,0.213201,1.062336,-0.16025,-0.805858
427,0.095349,0.005775,0.395542,-0.564416,0.593096,-0.57421,-0.687586,-0.722639,-0.07064,-0.456148,0.354207,0.816391,0.026837,0.014056,-0.023019,-2.864615,0.945507,4.476498,-1.414428,-0.110605,0.017219,0.353234,0.931666,0.318951,0.173958,-0.358683,0.882967,0.302738,-0.058211,-0.344855,0.936776,-0.056627,0.02493,-0.074882,0.201599,0.069016,-0.066819,0.168419,0.038779,0.030485,-0.003656,-0.851528,-0.448117,0.272193,0.507879,-0.833921,0.215946,0.130219,0.322126,0.937697,-0.028149,0.011829,-0.03787,0.207463,0.088549,-0.068106,0.042984,0.084449,0.025801,-0.042028,-0.446013,0.681289,-0.580444,-0.799051,-0.595266,-0.084695,-0.403221,0.42603,0.809882,0.006611,0.003127,-0.006014,-0.076061,0.888812,0.015513,-0.807654
428,0.096199,0.006266,0.394775,-0.541691,0.648207,-0.535205,-0.737,-0.672389,-0.068524,-0.403617,0.356517,0.842625,0.02697,0.014664,-0.022624,-2.641723,0.702373,4.42168,-1.377054,-0.112498,0.01795,0.350352,0.924265,0.347365,0.158315,-0.380232,0.873366,0.304284,-0.033732,-0.34188,0.939065,-0.042835,0.022821,-0.078027,0.200216,0.063324,-0.060412,0.166867,0.03785,0.030834,-0.005073,-0.842568,-0.474702,0.25443,0.527904,-0.821522,0.215446,0.106747,0.315843,0.942787,-0.021329,0.011194,-0.039131,0.213374,-0.031627,0.115508,0.044617,0.084873,0.026043,-0.042413,-0.414926,0.732732,-0.539387,-0.839374,-0.537045,-0.083858,-0.351121,0.417952,0.837871,0.013487,0.007279,-0.011361,0.35369,1.39688,-0.227645,-0.802919
429,0.097204,0.006768,0.393871,-0.512173,0.700182,-0.497463,-0.782024,-0.619608,-0.06706,-0.354556,0.353807,0.865528,0.026524,0.013202,-0.023532,-0.552093,0.744047,1.074531,-1.349954,-0.114219,0.018429,0.347357,0.917476,0.373149,0.137796,-0.397609,0.866209,0.302526,-0.007628,-0.332827,0.942884,-0.040331,0.006862,-0.073778,0.044535,-0.305274,-0.516833,0.161635,0.037009,0.031077,-0.006545,-0.83587,-0.497113,0.232806,0.542439,-0.813037,0.211496,0.084143,0.303066,0.949247,-0.021122,0.00888,-0.041081,-1.616552,-4.072037,-4.231837,0.040208,0.085376,0.026295,-0.042864,-0.37428,0.780767,-0.500316,-0.876809,-0.473595,-0.083138,-0.301859,0.407565,0.861841,0.013209,0.006399,-0.011939,-2.439327,0.600435,4.493994,-0.802592
430,0.097992,0.007323,0.392862,-0.47999,0.744605,-0.463917,-0.819714,-0.569015,-0.06529,-0.312001,0.348011,0.884065,0.025528,0.009676,-0.025742,0.333768,0.996489,0.016543,-1.32833,-0.115816,0.018736,0.344344,0.903714,0.408816,0.127135,-0.427781,0.852763,0.299554,0.01291,-0.32562,0.94534,-0.041726,0.015186,-0.084432,0.206964,0.02109,-0.241084,0.158118,0.036191,0.031225,-0.008078,-0.818337,-0.531758,0.218075,0.571164,-0.79468,0.205559,0.063992,0.292773,0.954037,-0.013398,0.003153,-0.03797,0.107875,-0.06947,-0.565366,0.034656,0.085772,0.026578,-0.043365,-0.334392,0.818163,-0.46775,-0.905726,-0.416162,-0.08043,-0.260465,0.396759,0.880192,0.006424,0.006263,-0.011932,-0.06892,0.538348,-0.077858,-0.806838
431,0.098417,0.007524,0.39232,-0.466369,0.761072,-0.450905,-0.834781,-0.547237,-0.060376,-0.29213,0.347299,0.891106,0.024816,0.007092,-0.027373,-0.038939,0.579643,-0.055396,-1.311627,-0.116476,0.018887,0.342872,0.896307,0.426979,0.119639,-0.442551,0.845857,0.297671,0.024774,-0.320297,0.946921,-0.027288,0.008106,-0.074814,0.444535,-0.126863,-0.255931,0.157901,0.035857,0.031298,-0.008821,-0.809882,-0.547861,0.209613,0.584181,-0.785662,0.203632,0.053123,0.28737,0.956344,-0.01364,0.004331,-0.03715,0.63945,-0.263389,-0.401486,0.033024,0.085994,0.026685,-0.043645,-0.318352,0.833179,-0.452175,-0.916756,-0.391986,-0.076835,-0.241265,0.390074,0.888612,0.012365,0.003324,-0.013834,-0.058143,0.522562,-0.074786,-0.804878
432,0.099166,0.008102,0.390981,-0.469539,0.774607,-0.423748,-0.840111,-0.53954,-0.055504,-0.271046,0.328967,0.904622,0.012372,0.01848,-0.035883,0.311809,0.686337,-0.273765,-1.275106,-0.117435,0.019254,0.339926,0.891865,0.439932,0.10501,-0.450232,0.842289,0.296266,0.040766,-0.312071,0.949112,-0.027139,0.006587,-0.076394,0.071346,-0.144502,-0.004654,0.158132,0.035377,0.031485,-0.010291,-0.805272,-0.560423,0.19355,0.591614,-0.781025,0.199975,0.039097,0.275542,0.960493,-0.006925,0.004312,-0.038105,-0.222041,-0.71379,0.233358,0.032534,0.086363,0.026963,-0.044303,-0.319452,0.846226,-0.42644,-0.92081,-0.383465,-0.071154,-0.223737,0.36994,0.901712,0.006189,0.009156,-0.018006,0.425689,0.817173,-0.020819,-0.800633
433,0.099711,0.008925,0.389432,-0.454941,0.792144,-0.406918,-0.855419,-0.515709,-0.047685,-0.247066,0.325403,0.912742,0.024779,0.014546,-0.038448,0.153698,0.263089,-0.163613,-1.261977,-0.118252,0.019545,0.336799,0.890414,0.44189,0.109029,-0.453599,0.842845,0.289471,0.034899,-0.307769,0.950749,-0.013662,0.006419,-0.078516,0.169099,0.057232,-0.050605,0.146527,0.034969,0.031625,-0.011821,-0.803179,-0.56214,0.197232,0.594005,-0.780903,0.193252,0.045384,0.272373,0.96112,-0.013438,0.002462,-0.039062,0.166982,0.073468,-0.077597,0.026165,0.086626,0.027366,-0.045059,-0.302243,0.861174,-0.40869,-0.931817,-0.357285,-0.063739,-0.20091,0.36156,0.910444,0.006147,0.009008,-0.018078,0.010635,0.352436,0.25362,-0.803245
434,0.100261,0.010118,0.387385,-0.447341,0.801954,-0.395981,-0.865542,-0.499638,-0.03421,-0.224733,0.326434,0.91813,0.012746,0.034998,-0.056927,0.144395,0.099503,-0.278735,-1.25929,-0.11875,0.019915,0.333666,0.893914,0.432636,0.117194,-0.447287,0.845389,0.291865,0.026072,-0.313874,0.949034,-0.013928,0.007624,-0.078021,0.501755,1.876706,5.351841,0.139456,0.034716,0.031807,-0.013395,-0.80321,-0.559205,0.205284,0.593488,-0.780851,0.195043,0.051227,0.278494,0.95907,-0.007704,0.009081,-0.04323,-0.346772,0.401089,0.208869,0.016368,0.086905,0.027952,-0.046072,-0.293226,0.869536,-0.397397,-0.939186,-0.339704,-0.050304,-0.178739,0.35848,0.916266,0.00675,0.022519,-0.03318,-0.003101,0.208666,-0.343094,-0.808797
435,0.100488,0.010942,0.3862,-0.45527,0.800676,-0.389476,-0.863486,-0.503664,-0.026202,-0.216585,0.32338,0.921164,0.013912,0.046905,-0.065074,-0.444916,0.529338,-0.512312,-1.269252,-0.118844,0.02011,0.332185,0.906025,0.404614,0.124084,-0.422817,0.855014,0.300182,0.014224,-0.324955,0.94555,-0.00069,0.009765,-0.078055,-0.366842,0.412109,0.295438,0.121227,0.034663,0.031908,-0.014164,-0.821095,-0.528469,0.21569,0.567329,-0.797158,0.206582,0.062767,0.29199,0.954359,-0.00026,0.004679,-0.039176,-0.542115,0.558495,0.466085,0.005591,0.087022,0.028368,-0.046686,-0.301234,0.869499,-0.391443,-0.937878,-0.344287,-0.043011,-0.172167,0.354169,0.919196,0.006929,0.023184,-0.032715,-1.921967,1.500335,-0.933923,-0.812716
436,0.101165,0.013305,0.383129,-0.457506,0.806373,-0.374829,-0.86987,-0.493252,0.00046,-0.183952,0.325258,0.927576,0.02813,0.065066,-0.084885,-4.024168,1.436568,3.9991,-1.271089,-0.118792,0.020405,0.329182,0.946211,0.286983,0.149392,-0.321408,0.885513,0.335407,-0.037224,-0.365749,0.929896,-0.001089,0.012206,-0.076512,-1.064142,0.991586,1.326176,0.099889,0.034684,0.03205,-0.015644,-0.871595,-0.421738,0.249917,0.478856,-0.841597,0.249823,0.10497,0.337418,0.935483,0.005833,0.007521,-0.037982,-0.268673,2.852358,6.424359,-0.02968,0.087355,0.029543,-0.048213,-0.307128,0.873477,-0.377769,-0.940765,-0.338577,-0.018009,-0.143635,0.349861,0.925724,0.007999,0.038479,-0.046491,0.147793,-0.15869,-0.320751,-0.813043
437,0.102032,0.016399,0.379392,-0.46441,0.80831,-0.361943,-0.872331,-0.488008,0.029299,-0.152378,0.328333,0.932205,0.016734,0.087881,-0.101233,0.007339,-0.320119,-0.64354,-1.275596,-0.118573,0.020898,0.326656,0.96499,0.172738,0.19735,-0.235566,0.901247,0.363587,-0.11627,-0.39757,0.9101,-0.001498,0.013585,-0.058241,1.018317,4.875129,4.980201,0.095222,0.034802,0.032278,-0.016929,-0.899126,-0.31561,0.303253,0.402483,-0.868443,0.289504,0.171988,0.382355,0.907868,0.005946,0.008073,-0.028831,-0.595806,1.215856,0.879686,-0.047152,0.087781,0.031051,-0.050036,-0.308624,0.879627,-0.361947,-0.945065,-0.32666,0.011966,-0.107708,0.345757,0.932121,0.008447,0.043951,-0.050623,-0.388494,0.553429,-0.639845,-0.819411
438,0.102434,0.018074,0.377419,-0.469582,0.808848,-0.35398,-0.872219,-0.487116,0.043853,-0.136381,0.328332,0.934679,0.029791,0.094386,-0.112584,-0.448827,-0.101582,0.842087,-1.273895,-0.118559,0.021214,0.325636,0.966243,0.115271,0.230387,-0.197345,0.905745,0.374986,-0.166662,-0.407943,0.897591,-0.002321,0.018478,-0.054114,0.546467,4.031604,1.140727,0.096558,0.034808,0.032439,-0.017463,-0.905605,-0.254603,0.339197,0.362541,-0.879746,0.307587,0.220095,0.401525,0.889007,-0.001466,0.009837,-0.026561,0.901898,5.090708,5.039077,-0.048785,0.087989,0.031922,-0.051054,-0.315962,0.879797,-0.35514,-0.944267,-0.328031,0.027458,-0.09234,0.344023,0.934409,0.008216,0.043272,-0.050966,-1.97319,-0.135313,4.516227,-0.819248
439,0.10331,0.02155,0.373179,-0.492306,0.800831,-0.3411,-0.863298,-0.499258,0.073684,-0.110682,0.329748,0.937573,0.028921,0.091408,-0.113854,-0.04991,-0.468877,-0.509939,-1.272953,-0.118708,0.021831,0.323982,0.950552,0.017577,0.310052,-0.146518,0.90547,0.398233,-0.274935,-0.423995,0.862845,-0.000396,0.004701,-0.031042,-0.439319,2.940882,0.113259,0.097745,0.034733,0.032755,-0.018296,-0.893147,-0.157002,0.421472,0.314385,-0.888068,0.335405,0.321637,0.432071,0.842534,-0.00109,0.008432,-0.019031,-0.994327,1.593391,1.464206,-0.049275,0.088428,0.033663,-0.053172,-0.338279,0.876759,-0.341846,-0.938692,-0.340058,0.056722,-0.066516,0.340076,0.938042,0.014017,0.039958,-0.05281,-0.267966,-0.379181,-0.429746,-0.820228
440,0.104494,0.024584,0.369063,-0.510286,0.797568,-0.321775,-0.85633,-0.505784,0.104182,-0.079028,0.327713,0.941481,0.026753,0.068474,-0.096843,-0.428837,0.547604,-0.896856,-1.276447,-0.118756,0.021906,0.322774,0.907878,-0.083722,0.410778,-0.104106,0.903986,0.414615,-0.407184,-0.419081,0.81144,-0.011391,-0.012614,-0.026962,-0.099474,4.20302,0.161751,0.096768,0.034711,0.032816,-0.018886,-0.852404,-0.054759,0.520008,0.274948,-0.892851,0.356677,0.444759,0.447009,0.776126,0.000782,-0.004907,-0.013022,1.474587,3.898336,4.508217,-0.050745,0.08902,0.035186,-0.055238,-0.357178,0.875641,-0.325079,-0.933332,-0.348104,0.08783,-0.036254,0.334777,0.941599,0.019635,0.032517,-0.049599,-1.817012,1.722861,-1.478855,-0.817125
441,0.105052,0.025914,0.367137,-0.519044,0.796542,-0.310096,-0.852137,-0.510587,0.114609,-0.066401,0.322738,0.944171,0.026522,0.067733,-0.097127,-0.296203,0.646619,-0.630246,-1.276475,-0.118762,0.021599,0.322221,0.873148,-0.138542,0.467343,-0.078761,0.905931,0.415956,-0.482097,-0.399828,0.779476,-0.009032,-0.02792,-0.022826,-0.043725,4.580239,-0.674461,0.097306,0.034706,0.032673,-0.019159,-0.818911,0.003153,0.57391,0.249743,-0.898384,0.361293,0.516732,0.439197,0.73491,0.001269,-0.00741,-0.015264,1.80124,4.42513,3.410742,-0.050581,0.089309,0.035876,-0.056238,-0.367076,0.875911,-0.313104,-0.929871,-0.354359,0.098835,-0.024381,0.327426,0.944561,0.013283,0.033642,-0.048721,-0.305627,0.73886,-0.641051,-0.816962
442,0.106012,0.027979,0.363632,-0.537131,0.789694,-0.296511,-0.841299,-0.526976,0.120348,-0.060554,0.313112,0.947798,0.035419,0.028595,-0.075721,-0.055671,-0.283365,-0.447292,-1.280156,-0.118731,0.021032,0.321159,0.805458,-0.195058,0.559625,-0.067528,0.907816,0.413817,-0.589755,-0.370861,0.717297,-0.000141,0.003174,-0.032684,-1.021353,1.926777,-1.502674,0.075359,0.034722,0.032362,-0.019701,-0.746875,0.068224,0.661454,0.237376,-0.901829,0.361048,0.621151,0.426672,0.657359,-0.00587,-0.005172,-0.012611,-1.069515,1.858611,-1.34931,-0.064298,0.089769,0.036886,-0.057928,-0.384777,0.873733,-0.297549,-0.922776,-0.371383,0.102748,-0.02073,0.314107,0.94916,0.011971,0.02118,-0.04113,0.228014,0.098502,-0.250634,-0.819574
443,0.107035,0.028913,0.360888,-0.551629,0.779622,-0.296547,-0.831158,-0.543613,0.116764,-0.069495,0.309914,0.948236,0.021998,0.020152,-0.065598,0.14827,-0.006142,-0.125817,-1.310108,-0.118743,0.021497,0.320314,0.744462,-0.228226,0.62744,-0.064437,0.910713,0.407902,-0.665431,-0.343814,0.662462,-0.003246,0.021638,-0.016301,-0.703499,2.100266,-1.089398,0.084376,0.034721,0.032569,-0.020147,-0.683128,0.106453,0.722497,0.23412,-0.905181,0.354731,0.691753,0.411478,0.593432,-0.002575,0.017217,-0.011353,0.337857,1.759812,-0.116135,-0.075891,0.090292,0.037365,-0.05934,-0.402194,0.865006,-0.300005,-0.915072,-0.390416,0.101081,-0.029692,0.31518,0.948566,0.017315,0.008749,-0.033727,0.170944,-0.100453,0.077395,-0.827412
444,0.107517,0.02915,0.359764,-0.565351,0.768515,-0.29968,-0.82112,-0.558898,0.11561,-0.077946,0.310475,0.947395,0.020937,0.000807,-0.047105,-0.10217,-0.361764,-0.193589,-1.32498,-0.118753,0.022172,0.319996,0.718395,-0.236844,0.654068,-0.070002,0.910768,0.406861,-0.692953,-0.337779,0.636855,-0.006072,0.03956,-0.018113,-0.681988,1.539888,-1.124164,0.104763,0.034716,0.032901,-0.020303,-0.654477,0.119197,0.746626,0.239583,-0.903911,0.35432,0.717119,0.410774,0.563032,0.003597,0.021332,-0.008547,-0.888014,1.333842,-0.695082,-0.062501,0.090533,0.037486,-0.059912,-0.416959,0.857328,-0.301881,-0.908116,-0.406943,0.098593,-0.038322,0.315252,0.948233,0.010989,0.006059,-0.027643,-0.220639,-0.619588,-0.345402,-0.827902
445,0.108522,0.029391,0.358102,-0.582715,0.756451,-0.297102,-0.808495,-0.576674,0.117277,-0.081898,0.3076,0.947999,0.035882,0.007594,-0.042557,0.105125,-0.066568,0.085284,-1.333122,-0.11891,0.023791,0.319439,0.666719,-0.27636,0.692172,-0.066227,0.902973,0.424484,-0.743142,-0.328508,0.582825,-0.004936,0.031606,-0.007412,-1.333328,-0.160697,1.674166,0.134836,0.034633,0.03374,-0.020576,-0.602772,0.16287,0.781113,0.237988,-0.897689,0.370829,0.761594,0.409422,0.502341,-0.002531,0.016119,-0.003437,-1.423288,-0.055425,1.732297,-0.019719,0.091041,0.0376,-0.060765,-0.437012,0.847644,-0.300863,-0.89845,-0.427182,0.101495,-0.042492,0.314666,0.94825,0.018052,0.00411,-0.021075,0.113108,-0.06921,0.090723,-0.828882
446,0.10984,0.029207,0.356825,-0.610741,0.73349,-0.298384,-0.785982,-0.607299,0.115725,-0.095572,0.304287,0.947788,0.034372,-0.013979,-0.025689,0.043698,-0.13595,0.213053,-1.31911,-0.119201,0.025012,0.319007,0.611672,-0.346035,0.711412,-0.035804,0.886137,0.461967,-0.791014,-0.307612,0.52871,-0.004168,0.027087,-0.011393,-0.880008,0.831267,1.005833,0.151345,0.034487,0.034354,-0.020775,-0.555596,0.238951,0.796375,0.210576,-0.886146,0.412797,0.804344,0.397046,0.442022,-0.008818,0.012751,-0.005544,-0.933425,-0.102635,2.491987,0.010163,0.09169,0.03752,-0.06139,-0.468755,0.82987,-0.302628,-0.881514,-0.461423,0.1001,-0.056569,0.313693,0.947837,0.017661,-0.001357,-0.016928,0.084205,-0.055076,0.031206,-0.817288
447,0.1114,0.029255,0.355752,-0.6276,0.718566,-0.29971,-0.770924,-0.627303,0.110175,-0.108066,0.299302,0.948033,0.038469,0.010443,-0.024732,0.079503,-0.068717,0.126927,-1.320966,-0.119514,0.025591,0.318673,0.552905,-0.421722,0.718636,-0.011048,0.858575,0.512504,-0.833811,-0.290778,0.469117,-0.015051,0.009419,-0.007637,-1.182633,1.526449,0.916711,0.156197,0.034334,0.034653,-0.020941,-0.508159,0.320531,0.799395,0.188384,-0.864325,0.466317,0.840407,0.387557,0.378832,-0.000837,0.005599,-0.003885,-0.977901,1.515393,0.691795,0.025022,0.09245,0.037515,-0.061928,-0.487916,0.818211,-0.304084,-0.870099,-0.483723,0.094537,-0.069742,0.31071,0.947942,0.025679,0.004463,-0.012924,0.062113,-0.102903,0.157513,-0.823657
448,0.112202,0.029485,0.355335,-0.634153,0.712097,-0.301351,-0.764745,-0.635154,0.108248,-0.113539,0.298212,0.947737,0.039473,0.01481,-0.021693,0.117553,-0.095112,-0.020556,-1.320392,-0.119667,0.025727,0.318559,0.525942,-0.456081,0.71789,-0.00301,0.842961,0.537905,-0.85112,-0.284497,0.441043,-0.015033,0.009347,-0.0077,-1.203586,1.501171,0.902078,0.156115,0.034258,0.034718,-0.021001,-0.486289,0.358237,0.796986,0.181621,-0.850736,0.493215,0.854713,0.384595,0.34864,-0.000847,0.00563,-0.003853,-1.038313,1.20641,0.971114,0.027145,0.09288,0.03764,-0.062154,-0.49527,0.813003,-0.306158,-0.86546,-0.492331,0.092666,-0.075393,0.310863,0.947459,0.01988,0.007921,-0.010509,0.113306,-0.099683,-0.02055,-0.823004
449,0.114056,0.029965,0.354609,-0.636611,0.710762,-0.299314,-0.7631,-0.636643,0.111064,-0.11083,0.298224,0.948054,0.039084,0.005883,-0.011964,0.036318,-0.060248,0.104151,-1.33316,-0.119841,0.025793,0.318558,0.478336,-0.506982,0.717046,0.000853,0.816687,0.577023,-0.878721,-0.274763,0.390152,-0.0003,0.001801,0.001589,-0.988955,1.217381,0.68961,0.149273,0.034167,0.03475,-0.021009,-0.445936,0.415525,0.792766,0.179521,-0.826189,0.534025,0.876876,0.38046,0.293831,-0.006845,0.000109,0.000938,-0.723687,0.832492,0.599455,0.023063,0.093795,0.037888,-0.062505,-0.498042,0.812083,-0.304095,-0.864109,-0.49413,0.095656,-0.072582,0.310412,0.947826,0.026373,0.007782,-0.010633,0.074817,-0.09526,0.152887,-0.82284
450,0.115806,0.030569,0.354161,-0.639699,0.711708,-0.29035,-0.761528,-0.638091,0.113521,-0.103686,0.292839,0.950537,0.041251,0.015936,-0.005001,0.067965,-0.030628,0.15672,-1.363148,-0.119814,0.025803,0.318696,0.449899,-0.533373,0.716307,-0.013509,0.797809,0.602705,-0.893483,-0.280163,0.350799,-0.000419,0.002507,0.002211,-0.790851,0.984025,0.544888,0.14859,0.03418,0.034756,-0.020939,-0.421222,0.445782,0.789842,0.194646,-0.806144,0.558787,0.885824,0.389113,0.252796,-0.000208,0.001222,0.001079,-0.737681,0.923563,0.49805,0.019797,0.094668,0.038178,-0.062737,-0.501048,0.813621,-0.294907,-0.862855,-0.495876,0.097916,-0.066571,0.303523,0.950495,0.020771,0.008548,-0.002126,0.056777,0.050194,-0.00727,-0.823003
451,0.117527,0.03115,0.354089,-0.637899,0.721764,-0.268676,-0.765188,-0.633463,0.114818,-0.086537,0.277928,0.95671,0.040691,0.006403,0.004233,0.357764,0.615398,0.469046,-1.405478,-0.119741,0.02586,0.318748,0.435416,-0.543047,0.717986,-0.021594,0.790929,0.611473,-0.900457,-0.281067,0.331726,-0.000205,0.001227,0.001082,-0.129767,0.24385,-0.06207,0.148636,0.034216,0.034786,-0.020911,-0.406981,0.458938,0.789773,0.203468,-0.797346,0.568189,0.890486,0.391936,0.231126,-0.000121,0.000732,0.000644,-0.076916,0.186358,-0.107016,0.018654,0.095531,0.038483,-0.062769,-0.49898,0.821809,-0.275042,-0.865031,-0.491484,0.100809,-0.052333,0.288221,0.956132,0.020445,0.003621,0.002378,-0.065125,0.402095,0.001552,-0.82333
452,0.118398,0.031266,0.354175,-0.637137,0.726534,-0.257391,-0.766823,-0.63123,0.116201,-0.077263,0.270502,0.959628,0.040648,0.006499,0.004266,0.143852,0.395821,0.105877,-1.420784,-0.119666,0.025896,0.318784,0.432351,-0.543534,0.719469,-0.023565,0.790714,0.611677,-0.90188,-0.28073,0.328126,-0.000375,0.002239,0.001973,-0.019724,0.103182,-0.134185,0.148752,0.034255,0.034801,-0.020896,-0.404149,0.45934,0.790992,0.205197,-0.797192,0.567783,0.891379,0.391779,0.22793,0.006561,0.001584,0.000549,0.018429,0.059894,-0.162805,0.018817,0.095982,0.038546,-0.062723,-0.496507,0.82765,-0.261676,-0.86688,-0.488303,0.100387,-0.044692,0.276685,0.95992,0.020347,0.003342,0.002168,0.128911,0.364778,0.109703,-0.82578
453,0.120006,0.032076,0.354211,-0.63585,0.733736,-0.239521,-0.768651,-0.630107,0.110061,-0.069383,0.253174,0.964943,0.030508,0.028725,0.003703,0.148841,0.185704,0.083854,-1.422514,-0.119607,0.025971,0.318854,0.430023,-0.541388,0.722475,-0.025451,0.792557,0.609212,-0.902938,-0.279683,0.326103,-0.000435,0.002593,0.002283,-0.013436,0.095871,-0.139809,0.149027,0.034284,0.034838,-0.020861,-0.401531,0.456999,0.793677,0.206834,-0.798968,0.564685,0.892183,0.390898,0.226287,-0.000129,0.000758,0.000666,-0.016339,0.110206,-0.164651,0.019307,0.096784,0.038939,-0.062713,-0.493877,0.83468,-0.243706,-0.868607,-0.486494,0.094037,-0.040071,0.258128,0.965278,0.015325,0.014685,0.002047,0.111366,0.136236,0.078866,-0.831168
454,0.121384,0.033605,0.354049,-0.640087,0.728483,-0.244227,-0.764919,-0.634083,0.113185,-0.071616,0.258352,0.963407,0.030818,0.039044,-0.005127,-0.26967,-0.612331,-0.173272,-1.409284,-0.119662,0.02606,0.318911,0.430504,-0.538494,0.72435,-0.025549,0.794833,0.606236,-0.902707,-0.278817,0.327483,-0.000352,0.002102,0.001849,0.04937,0.035398,-0.222444,0.149974,0.034256,0.034885,-0.020831,-0.401459,0.453946,0.795463,0.20684,-0.801151,0.561581,0.892214,0.389986,0.227735,-0.000218,0.001293,0.001139,0.076697,-0.092552,-0.070767,0.01996,0.097476,0.039716,-0.062785,-0.497772,0.831113,-0.247938,-0.86633,-0.490029,0.096662,-0.04116,0.262912,0.963941,0.015426,0.019568,-0.00256,-0.405119,-0.781801,-0.207445,-0.817615
455,0.12217,0.034399,0.353827,-0.646804,0.718513,-0.255791,-0.758708,-0.640334,0.11961,-0.077051,0.270537,0.959635,0.043404,0.045691,-0.016465,-0.396943,-0.896003,-0.282977,-1.418708,-0.119684,0.026126,0.318957,0.430444,-0.538439,0.724427,-0.025573,0.794888,0.606163,-0.902735,-0.278768,0.327447,-0.000483,0.002883,0.002535,0.000951,-0.001122,-0.000862,0.150077,0.034246,0.034917,-0.020809,-0.401334,0.453771,0.795627,0.206937,-0.801271,0.561374,0.892248,0.389943,0.227675,-0.000286,0.0017,0.001495,-0.006712,-0.008124,0.03029,0.020287,0.097854,0.040101,-0.062887,-0.505556,0.822963,-0.25912,-0.861664,-0.496945,0.102854,-0.044124,0.275273,0.960352,0.021665,0.022614,-0.008411,-0.131894,-0.377049,-0.254102,-0.818921
456,0.123651,0.036624,0.353038,-0.679204,0.673077,-0.292737,-0.72607,-0.674499,0.13359,-0.106695,0.302441,0.947192,0.032161,0.063259,-0.020147,-0.374802,-0.824307,-0.835812,-1.449049,-0.119719,0.026213,0.319049,0.432308,-0.536827,0.724513,-0.024642,0.79604,0.604687,-0.901872,-0.27859,0.329967,-0.000435,0.002598,0.002282,0.000221,-0.00026,-0.0002,0.150158,0.034228,0.034961,-0.020762,-0.402929,0.451947,0.795859,0.206037,-0.802458,0.560007,0.891738,0.389619,0.230216,-0.000253,0.001502,0.001318,0.012634,-0.123532,0.191102,0.020287,0.098596,0.041198,-0.063286,-0.544903,0.783668,-0.298234,-0.83578,-0.536237,0.117987,-0.067462,0.31355,0.947171,0.016514,0.037566,-0.013921,-0.406151,-1.323584,-1.079234,-0.832474
457,0.124843,0.039917,0.351827,-0.711926,0.616604,-0.336162,-0.686543,-0.711811,0.148171,-0.14704,0.335506,0.930506,0.033735,0.088351,-0.034373,0.143084,-1.316802,-0.557822,-1.450799,-0.119742,0.026351,0.31917,0.432627,-0.537127,0.7241,-0.024384,0.795787,0.605031,-0.901726,-0.278734,0.330243,-0.00072,0.004304,0.003776,0.0,-0.0,-0.0,0.148943,0.034217,0.035027,-0.020704,-0.403307,0.452255,0.795492,0.205837,-0.802212,0.560433,0.891613,0.389768,0.230447,-0.000439,0.002613,0.002294,0.001838,-0.016389,0.023684,0.01996,0.099192,0.042837,-0.063886,-0.587125,0.733456,-0.342528,-0.803243,-0.580355,0.134118,-0.100419,0.353878,0.929885,0.010604,0.044639,-0.016836,1.248897,-2.683436,-0.241726,-0.82284
458,0.125344,0.041791,0.351027,-0.731751,0.578722,-0.360092,-0.659694,-0.734175,0.160504,-0.170579,0.354276,0.919467,0.021414,0.099017,-0.042485,-0.739684,-1.215032,-1.433355,-1.44736,-0.119774,0.026482,0.319274,0.432838,-0.537327,0.723825,-0.024189,0.795626,0.605251,-0.90163,-0.278809,0.330442,-0.001072,0.006403,0.005611,0.002276,-0.016247,0.02369,0.148254,0.034201,0.035088,-0.020657,-0.403565,0.45242,0.795267,0.205667,-0.802091,0.560669,0.891535,0.389826,0.230648,-0.000618,0.003684,0.00323,0.001983,-0.016427,0.023617,0.018981,0.09944,0.043739,-0.064263,-0.610872,0.702479,-0.365181,-0.782467,-0.606014,0.143147,-0.120747,0.373186,0.919864,0.010818,0.049832,-0.021066,-0.391995,-1.416617,-1.731043,-0.824636
459,0.126006,0.045855,0.349189,-0.76243,0.484927,-0.428476,-0.594921,-0.785755,0.169202,-0.253684,0.383306,0.888115,0.009384,0.11055,-0.049709,1.517481,-3.553189,-2.110197,-1.466612,-0.119775,0.02679,0.31955,0.433344,-0.537818,0.723157,-0.023795,0.795206,0.605819,-0.901398,-0.27906,0.330863,-0.001438,0.008583,0.007499,0.002277,-0.016247,0.023691,0.14857,0.034201,0.035244,-0.020517,-0.404217,0.452853,0.79469,0.205306,-0.801742,0.5613,0.891323,0.390042,0.231105,-0.00074,0.004392,0.003837,0.002102,-0.016388,0.023629,0.018817,0.099787,0.045846,-0.065213,-0.658099,0.613987,-0.435802,-0.726858,-0.66907,0.154987,-0.196422,0.418763,0.886597,0.004749,0.055207,-0.024943,1.519854,-3.525966,-2.14199,-0.82382
460,0.126098,0.050486,0.347073,-0.773017,0.381463,-0.506927,-0.532503,-0.824463,0.191504,-0.343934,0.417497,0.84109,-0.002008,0.12353,-0.05573,0.695792,-3.255469,-1.265242,-1.493545,-0.119752,0.027138,0.319844,0.428804,-0.5335,0.729037,-0.027554,0.798797,0.600914,-0.903455,-0.277092,0.326883,-0.001659,0.009892,0.008615,0.002277,-0.016246,0.023689,0.150563,0.034212,0.035421,-0.020367,-0.398414,0.449007,0.799786,0.208867,-0.804656,0.555789,0.893106,0.388483,0.226803,-0.000855,0.005079,0.004421,0.002874,-0.019635,0.028915,0.01947,0.099834,0.048114,-0.066251,-0.685964,0.514888,-0.514143,-0.672915,-0.717728,0.179028,-0.276836,0.468781,0.838812,-0.000931,0.061661,-0.02798,-0.022409,-2.17355,-3.619784,-0.834924
461,0.125524,0.055348,0.344756,-0.763743,0.291961,-0.575762,-0.493119,-0.83944,0.228357,-0.4157,0.457957,0.785809,-0.02753,0.118139,-0.058237,1.099648,-3.735399,-1.51104,-1.509157,-0.119781,0.027492,0.320148,0.424728,-0.529624,0.734231,-0.030858,0.801979,0.596499,-0.905267,-0.275342,0.323329,-0.001475,0.008788,0.007628,-0.01344,0.095877,-0.139805,0.156273,0.034198,0.035595,-0.020218,-0.393333,0.44564,0.804172,0.211914,-0.807179,0.550957,0.89464,0.387125,0.223052,-0.000743,0.004405,0.003822,-0.01337,0.094804,-0.138262,0.023553,0.099565,0.050516,-0.067379,-0.689706,0.430233,-0.582412,-0.641271,-0.736467,0.215373,-0.336267,0.522029,0.783842,-0.007391,0.063463,-0.033892,0.217272,-3.323845,-0.18403,-0.843578
462,0.125167,0.05767,0.343398,-0.74994,0.25735,-0.609432,-0.47932,-0.846304,0.232367,-0.455037,0.466049,0.758792,-0.016035,0.119859,-0.071898,0.508317,-3.26395,0.65442,-1.514684,-0.119798,0.02765,0.320296,0.42257,-0.527566,0.736953,-0.032613,0.803642,0.594163,-0.906212,-0.274448,0.321435,-0.001392,0.008297,0.00719,0.002277,-0.016246,0.023691,0.158246,0.034189,0.035675,-0.020142,-0.390575,0.443804,0.806529,0.213575,-0.808528,0.548331,0.895453,0.386419,0.221005,0.005938,0.005058,0.00356,0.0048,-0.034205,0.057161,0.026165,0.099377,0.051727,-0.068071,-0.685081,0.386995,-0.617169,-0.623367,-0.749813,0.221792,-0.37693,0.536668,0.754923,-0.008094,0.059295,-0.036365,-0.339152,-1.909194,-0.400069,-0.852396
463,0.124048,0.062572,0.34023,-0.739393,0.194727,-0.644534,-0.435803,-0.868101,0.237589,-0.512341,0.456315,0.727538,-0.039371,0.138243,-0.088473,3.490465,-2.33186,-3.875693,-1.522467,-0.1198,0.027901,0.320508,0.421841,-0.526897,0.737849,-0.033173,0.804189,0.593391,-0.906531,-0.274132,0.320806,-0.0009,0.005359,0.004633,0.002278,-0.016246,0.023691,0.163663,0.034187,0.035808,-0.02003,-0.389601,0.443177,0.807343,0.214133,-0.808998,0.547419,0.895743,0.386155,0.220287,-0.000384,0.002272,0.001965,-0.000104,-0.000126,6.4e-05,0.031717,0.098825,0.054166,-0.069651,-0.682279,0.327065,-0.653852,-0.588821,-0.77594,0.226285,-0.43334,0.539392,0.721991,-0.019721,0.068646,-0.044557,-0.187153,-1.146036,0.052261,-0.858438
464,0.1224,0.068173,0.336713,-0.73403,0.153801,-0.661506,-0.406214,-0.880008,0.246066,-0.543377,0.449137,0.709257,-0.038503,0.137592,-0.087514,0.024436,-0.842108,0.143908,-1.528804,-0.119771,0.027963,0.320662,0.42016,-0.525266,0.739968,-0.034723,0.805436,0.591609,-0.907252,-0.273604,0.319215,-0.00026,0.001549,0.001338,-0.0,0.0,-0.0,0.16361,0.034201,0.035843,-0.01995,-0.387459,0.441724,0.809168,0.2156,-0.809971,0.5454,0.89632,0.385778,0.218595,0.000739,-0.004994,0.004399,-0.036156,0.005877,-0.016841,0.034983,0.097999,0.056959,-0.071416,-0.685888,0.281466,-0.671068,-0.557178,-0.796301,0.23549,-0.46809,0.535425,0.703001,-0.024529,0.07606,-0.046371,-0.069156,-0.802998,-0.006163,-0.858274
465,0.121476,0.071062,0.33493,-0.730104,0.137305,-0.669434,-0.403216,-0.877463,0.259707,-0.550841,0.459364,0.69684,-0.049575,0.140135,-0.084998,-0.336874,-1.232045,-0.331413,-1.535492,-0.119743,0.027911,0.320719,0.42024,-0.52531,0.739891,-0.034869,0.805337,0.591735,-0.907209,-0.273811,0.31916,-2.2e-05,0.000129,0.000111,-0.0,0.0,-0.0,0.163036,0.034215,0.035817,-0.019921,-0.387572,0.441772,0.809088,0.215738,-0.809848,0.545529,0.896239,0.385983,0.218568,0.000884,-0.005851,0.00366,-0.036499,0.007383,-0.019243,0.034983,0.09754,0.058398,-0.072311,-0.684756,0.266748,-0.678198,-0.554356,-0.794742,0.247129,-0.473072,0.545187,0.692078,-0.024801,0.069723,-0.042733,-0.058451,-0.932174,-0.080044,-0.864643
466,0.119336,0.076545,0.331724,-0.729682,0.106364,-0.675497,-0.389769,-0.876346,0.282966,-0.560969,0.469626,0.681757,-0.059737,0.14317,-0.081537,-0.210655,-0.712991,-0.745821,-1.543955,-0.119689,0.027621,0.320859,0.416847,-0.521922,0.744196,-0.038356,0.807793,0.588162,-0.908629,-0.273062,0.315744,0.000259,-0.00154,-0.00133,-1.6e-05,0.000101,-0.00015,0.161738,0.034242,0.035671,-0.019852,-0.3832,0.438725,0.81282,0.219059,-0.811721,0.541405,0.897312,0.385523,0.214945,0.001028,-0.00671,0.002919,-0.037981,0.020344,-0.037714,0.03384,0.096474,0.061136,-0.073917,-0.689236,0.236174,-0.684963,-0.541533,-0.795986,0.270458,-0.481346,0.55734,0.676518,-0.029881,0.071296,-0.040967,0.113324,-0.477658,-0.297491,-0.868888
467,0.117126,0.082179,0.328322,-0.728258,0.092147,-0.679112,-0.376228,-0.882008,0.283699,-0.571939,0.461988,0.677849,-0.05893,0.147763,-0.091668,0.420898,-0.016879,-0.233516,-1.560368,-0.119634,0.027329,0.321011,0.416675,-0.518225,0.746871,-0.039784,0.81031,0.584592,-0.908645,-0.272648,0.316053,3.5e-05,-0.000206,-0.000178,0.046803,-0.055659,-0.042537,0.159598,0.03427,0.03552,-0.01978,-0.382368,0.434857,0.815287,0.22023,-0.814018,0.537468,0.89738,0.385062,0.215486,1.3e-05,-9.1e-05,-7.9e-05,0.034125,-0.041685,-0.030077,0.033024,0.095371,0.063963,-0.075607,-0.690153,0.219595,-0.68954,-0.528858,-0.803448,0.273458,-0.49396,0.553398,0.670637,-0.024119,0.067311,-0.042919,0.443777,-0.098321,0.002382,-0.869868
468,0.115151,0.087652,0.324848,-0.726196,0.083212,-0.682467,-0.364108,-0.888564,0.27902,-0.582299,0.451007,0.676423,-0.045879,0.146996,-0.090665,0.438358,-0.033303,-0.167086,-1.591918,-0.119593,0.027059,0.321118,0.412832,-0.514424,0.751618,-0.043451,0.813062,0.580496,-0.910226,-0.27166,0.312333,-0.0129,-0.004062,-0.001864,-0.002035,0.015193,-0.029254,0.15726,0.03429,0.035388,-0.019725,-0.377346,0.431636,0.819329,0.223768,-0.816021,0.532951,0.89863,0.384447,0.211336,-0.006438,-0.002122,-0.001013,-0.002655,0.01421,-0.024918,0.030737,0.094377,0.066689,-0.077351,-0.689681,0.210953,-0.692703,-0.518054,-0.812121,0.268473,-0.505925,0.544019,0.669389,-0.022957,0.073159,-0.045567,0.457204,-0.01341,-0.149569,-0.871501
469,0.114173,0.090506,0.323158,-0.72473,0.080317,-0.684369,-0.36244,-0.889128,0.279391,-0.585155,0.450422,0.674345,-0.057297,0.139216,-0.080493,0.318676,-0.091205,-0.292418,-1.604435,-0.119573,0.026866,0.321174,0.412475,-0.513999,0.752104,-0.044173,0.813256,0.58017,-0.910352,-0.271883,0.311771,0.002174,-0.014087,0.005272,-0.036466,0.007591,-0.019591,0.157356,0.034299,0.035302,-0.0197,-0.376925,0.431305,0.819697,0.224385,-0.816089,0.532586,0.898653,0.384673,0.210826,0.000183,-0.001104,-0.000956,-0.00017,-0.000161,0.000586,0.030084,0.093891,0.068115,-0.078203,-0.688649,0.207955,-0.694634,-0.51666,-0.812883,0.268852,-0.508748,0.544035,0.667233,-0.022238,0.074757,-0.044079,0.351821,-0.130131,-0.251832,-0.864969
470,0.112305,0.09623,0.319837,-0.722298,0.074104,-0.687634,-0.358619,-0.890272,0.280679,-0.590488,0.449235,0.670477,-0.043346,0.14916,-0.086681,0.167818,-0.451321,-0.279965,-1.604158,-0.119601,0.026389,0.321285,0.412154,-0.513464,0.752646,-0.04547,0.813354,0.579932,-0.910434,-0.272599,0.310907,0.00241,-0.015509,0.004043,-0.023119,-0.087715,0.120612,0.157377,0.034285,0.035059,-0.019642,-0.376362,0.430729,0.820258,0.22573,-0.816043,0.532088,0.898552,0.385415,0.209899,0.001145,-0.007412,0.002319,-0.036524,0.007537,-0.019598,0.029594,0.092952,0.070977,-0.079859,-0.687436,0.202465,-0.697451,-0.513253,-0.814881,0.26933,-0.51381,0.543116,0.664095,-0.022414,0.068084,-0.040518,-0.00327,-0.431171,-0.556082,-0.858601
471,0.110669,0.101821,0.316522,-0.718629,0.065992,-0.692288,-0.355288,-0.890607,0.283833,-0.596937,0.449845,0.664329,-0.042665,0.146872,-0.086517,0.149742,-0.449371,-0.327556,-1.610123,-0.119711,0.025717,0.321463,0.410016,-0.511066,0.755441,-0.048628,0.81474,0.577727,-0.911233,-0.272971,0.308228,0.002528,-0.016256,0.003399,-0.109567,0.48356,-0.729324,0.156968,0.03423,0.034723,-0.019553,-0.374303,0.429043,0.822081,0.228335,-0.816587,0.530139,0.898754,0.386143,0.207685,-0.005435,-0.008915,0.001856,-0.272608,1.556153,-2.334578,0.029594,0.092135,0.073777,-0.081514,-0.685139,0.193947,-0.702117,-0.510152,-0.815785,0.272469,-0.519932,0.544865,0.657869,-0.016401,0.06643,-0.040856,-0.027481,-0.446275,-0.581842,-0.849946
