frame,MLTx,MLTy,MLTz,MLTR1,MLTR2,MLTR3,MLTR4,MLTR5,MLTR6,MLTR7,MLTR8,MLTR9,MLTTVx,MLTTVy,MLTTVz,MLTRVx,MLTRVy,MLTRVz,MLGA,MRTx,MRTy,MRTz,MRTR1,MRTR2,MRTR3,MRTR4,MRTR5,MRTR6,MRTR7,MRTR8,MRTR9,MRTTVx,MRTTVy,MRTTVz,MRTRVx,MRTRVy,MRTRVz,MRGA,SLTx,SLTy,SLTz,SLTR1,SLTR2,SLTR3,SLTR4,SLTR5,SLTR6,SLTR7,SLTR8,SLTR9,SLTTVx,SLTTVy,SLTTVz,SLTRVx,SLTRVy,SLTRVz,SLGA,SRTx,SRTy,SRTz,SRTR1,SRTR2,SRTR3,SRTR4,SRTR5,SRTR6,SRTR7,SRTR8,SRTR9,SRTTVx,SRTTVy,SRTTVz,SRTRVx,SRTRVy,SRTRVz,SRGA
826,0.089241,-0.01053,0.334743,-0.158042,0.187128,-0.969562,-0.620335,-0.782723,-0.050006,-0.768068,0.593314,0.240992,0.000909,-0.004932,0.014331,-0.034107,0.003693,0.009165,0.310716,-0.226149,-0.00764,0.300004,-0.781475,0.622371,0.044075,-0.174804,-0.286025,0.942108,0.599921,0.727723,0.332231,0.000523,0.002825,0.003146,3.8e-05,-2.3e-05,-1.8e-05,-1.401076,0.015858,0.040561,-0.021447,0.855521,-0.517364,-0.020429,0.254598,0.385997,0.886671,-0.450846,-0.763767,0.461948,-0.006977,-0.003689,0.006349,-0.038969,0.016674,-0.019972,-0.939862,0.043265,0.034826,-0.050565,0.350127,-0.209911,-0.912878,0.510138,0.860089,-0.002113,0.785601,-0.464954,0.408225,-0.006726,-0.001354,0.007853,-0.035124,0.018391,-0.020388,0.217321
827,0.089177,-0.010539,0.334959,-0.158303,0.187105,-0.969524,-0.620627,-0.782509,-0.049733,-0.767777,0.593604,0.241203,0.000656,-0.005741,0.013535,-0.034601,0.017964,-0.015869,0.310954,-0.226183,-0.007662,0.300119,-0.781571,0.622445,0.041241,-0.177158,-0.284681,0.942076,0.599105,0.728186,0.33269,0.000425,0.002294,0.002553,1e-06,-0.0,-0.0,-1.401337,0.015841,0.04055,-0.021389,0.855238,-0.517711,-0.023271,0.257123,0.384914,0.886413,-0.449949,-0.764078,0.462309,0.000262,-0.004419,0.00532,-0.037138,0.018871,-0.017996,-0.936759,0.043234,0.034824,-0.050455,0.350354,-0.20986,-0.912803,0.51041,0.859928,-0.001797,0.785323,-0.465274,0.408394,0.000931,0.002992,0.002931,0.00047,-0.014259,0.025044,0.217157
828,0.089105,-0.010572,0.335409,-0.158573,0.187184,-0.969465,-0.621286,-0.782006,-0.049422,-0.767188,0.594242,0.241507,0.000818,-0.005219,0.014035,-0.034101,0.003713,0.009176,0.310721,-0.226303,-0.00759,0.300311,-0.789971,0.611874,0.039341,-0.176396,-0.288067,0.941189,0.588207,0.735778,0.33542,-0.013927,0.0044,0.005328,0.12938,-0.56162,-0.243661,-1.401258,0.015781,0.040583,-0.021295,0.861542,-0.506964,-0.027048,0.256006,0.387819,0.885469,-0.438411,-0.769794,0.463909,-0.006975,0.002172,0.002627,0.152475,-0.569379,-0.247566,-0.938555,0.043197,0.034807,-0.050231,0.350635,-0.209886,-0.912689,0.511059,0.859544,-0.001327,0.784775,-0.465973,0.40865,0.00034,-0.00281,0.006824,-0.034617,0.017955,-0.015871,0.217321
829,0.089129,-0.01064,0.335872,-0.158676,0.187364,-0.969413,-0.622028,-0.781425,-0.04927,-0.766566,0.594947,0.241746,0.000908,-0.004929,0.014306,-0.0341,0.003719,0.009179,0.303977,-0.22652,-0.007451,0.300473,-0.789937,0.611893,0.039729,-0.176101,-0.288264,0.941183,0.588341,0.735685,0.335388,0.000541,0.002908,0.003228,3.2e-05,-2e-05,-1.5e-05,-1.401002,0.015672,0.040654,-0.021213,0.86187,-0.506429,-0.026619,0.255488,0.388265,0.885423,-0.43807,-0.769921,0.464021,0.000272,0.001476,0.001637,-0.002052,0.00135,0.000945,-0.936596,0.043209,0.034772,-0.049999,0.35075,-0.210048,-0.912607,0.511833,0.859083,-0.001011,0.784219,-0.466749,0.408833,0.000862,0.002771,0.002698,-1.3e-05,1.1e-05,-3e-06,0.214218
830,0.08916,-0.010693,0.336107,-0.158651,0.187499,-0.969391,-0.622439,-0.781098,-0.049265,-0.766237,0.595334,0.241835,0.000803,-0.005262,0.013978,-0.034099,0.003721,0.00918,0.297707,-0.226665,-0.007409,0.30054,-0.793475,0.607265,0.040229,-0.174009,-0.289528,0.941185,0.584185,0.739019,0.335325,-0.014208,0.002836,0.003578,-0.002044,0.015205,-0.029246,-1.400925,0.015605,0.040676,-0.021179,0.864798,-0.501393,-0.026969,0.253287,0.38923,0.885632,-0.433553,-0.772725,0.463602,0.000197,0.001072,0.001188,2.9e-05,0.001686,0.000193,-0.938229,0.043225,0.034747,-0.049881,0.350739,-0.210183,-0.912581,0.512278,0.858819,-0.000914,0.783934,-0.467174,0.408894,0.000788,0.002541,0.002472,-6e-06,1.3e-05,-1e-06,0.207687
831,0.089206,-0.010856,0.336536,-0.158915,0.187642,-0.96932,-0.623239,-0.780479,-0.048964,-0.765531,0.596101,0.242182,0.000304,-0.006855,0.012424,-0.034099,0.003725,0.009182,0.293586,-0.226989,-0.007312,0.300673,-0.797119,0.602769,0.035526,-0.17659,-0.288794,0.94093,0.578418,0.742978,0.336573,-0.014172,0.003004,0.003757,0.628455,-0.912072,2.495281,-1.401237,0.015444,0.040723,-0.021115,0.867436,-0.496667,-0.029578,0.253267,0.389602,0.885474,-0.428262,-0.775584,0.463745,0.000208,0.001123,0.001247,0.001413,-0.014611,0.023694,-0.941168,0.043249,0.034664,-0.049659,0.351001,-0.210292,-0.912455,0.51311,0.858322,-0.000434,0.783272,-0.468037,0.409175,0.000111,-0.003536,0.006105,-0.034107,0.003709,0.009171,0.197236
832,0.089206,-0.011106,0.33691,-0.160468,0.186771,-0.969233,-0.619426,-0.783538,-0.048489,-0.768295,0.592352,0.242631,-0.000375,-0.009026,0.010317,-0.034622,0.01788,-0.015916,0.292118,-0.227381,-0.007235,0.300787,-0.79712,0.602884,0.033502,-0.178478,-0.288069,0.940796,0.577835,0.743166,0.337156,-0.014295,0.002326,0.002997,-0.002045,0.015205,-0.029245,-1.400541,0.015242,0.040763,-0.021056,0.866909,-0.497275,-0.034426,0.257857,0.388278,0.884731,-0.426589,-0.775859,0.464827,-0.007154,0.001148,0.001484,-0.002845,0.017448,-0.031875,-0.945087,0.043249,0.034541,-0.049471,0.352389,-0.2092,-0.912171,0.508886,0.860833,-0.000833,0.785402,-0.463898,0.409807,-0.00022,-0.004595,0.005077,-0.034988,0.01781,-0.016286,0.194297
833,0.089189,-0.011418,0.337237,-0.161109,0.186768,-0.969127,-0.620238,-0.782936,-0.047831,-0.767505,0.593148,0.243185,-0.000664,-0.009951,0.009422,-0.034628,0.017857,-0.015929,0.275608,-0.227812,-0.007192,0.300878,-0.80403,0.59356,0.034839,-0.174028,-0.290764,0.940799,0.569554,0.749598,0.337008,-0.014537,0.001042,0.001567,-0.01698,-0.014264,-0.244322,-1.400949,0.015032,0.040785,-0.02101,0.872581,-0.487222,-0.03486,0.253294,0.390301,0.885159,-0.417663,-0.781204,0.46398,-0.007284,0.00046,0.000715,-0.02119,-0.459013,-0.194753,-0.9477,0.043241,0.034388,-0.049313,0.352978,-0.209102,-0.911965,0.509631,0.860392,-2.4e-05,0.784653,-0.464758,0.410265,-0.000328,-0.00495,0.004736,-0.034751,0.017868,-0.015912,0.182377
834,0.089174,-0.011605,0.337398,-0.161514,0.186742,-0.969064,-0.620673,-0.782616,-0.04742,-0.767068,0.593578,0.243516,-0.000892,-0.010682,0.008715,-0.034631,0.017845,-0.015936,0.268519,-0.228058,-0.007221,0.300883,-0.803917,0.593664,0.035657,-0.173393,-0.291116,0.940808,0.569907,0.749379,0.336898,-0.014819,-0.000422,-5.9e-05,-0.002045,0.015205,-0.029245,-1.401029,0.014915,0.040772,-0.021005,0.872655,-0.487158,-0.033902,0.252476,0.39066,0.885234,-0.418005,-0.781064,0.463907,-0.007479,-0.000561,-0.000417,-0.003215,0.032141,-0.053222,-0.9477,0.043234,0.034299,-0.049235,0.353342,-0.209021,-0.911843,0.510011,0.860167,0.000455,0.784243,-0.465211,0.410536,-1.2e-05,-2e-05,-2e-05,-9.9e-05,-2e-06,2.4e-05,0.170946
835,0.089132,-0.011956,0.337672,-0.16218,0.186719,-0.968958,-0.621459,-0.782033,-0.046736,-0.766289,0.594352,0.244076,-0.001084,-0.011295,0.008123,-0.034637,0.017823,-0.015948,0.263371,-0.228542,-0.007296,0.30086,-0.802919,0.595296,0.030582,-0.177114,-0.287054,0.941363,0.57017,0.749649,0.33585,-0.014999,-0.001315,-0.001059,-0.337481,0.225871,0.132737,-1.400944,0.014667,0.040734,-0.021018,0.871869,-0.488224,-0.038486,0.256731,0.388716,0.884866,-0.417053,-0.781368,0.464252,-0.007548,-0.000902,-0.00079,-0.591227,0.277331,0.159765,-0.941821,0.043212,0.034119,-0.049094,0.353985,-0.208895,-0.911622,0.510753,0.859726,0.001324,0.783469,-0.466083,0.411024,-0.000602,-0.005833,0.003883,-0.034701,0.017836,-0.015925,0.156087
836,0.089124,-0.012204,0.337891,-0.164885,0.18839,-0.968177,-0.617524,-0.785089,-0.047652,-0.768885,0.589778,0.24699,0.000283,0.000906,0.000878,2.4e-05,0.000249,0.000136,0.254067,-0.229021,-0.007367,0.300793,-0.80285,0.59547,0.028962,-0.178732,-0.286565,0.941206,0.569761,0.749698,0.336434,-0.015096,-0.001769,-0.001573,-0.002116,0.01525,-0.029211,-1.400942,0.014422,0.040697,-0.021053,0.870941,-0.489739,-0.040199,0.258366,0.386813,0.885224,-0.41798,-0.781364,0.463424,-0.007561,-0.000949,-0.000853,0.000749,0.015598,-0.030218,-0.941821,0.043206,0.033987,-0.048986,0.356751,-0.210179,-0.910248,0.506684,0.862131,-0.000485,0.784855,-0.461036,0.414061,-0.000269,-0.004769,0.004916,-0.036817,0.011564,-0.020453,0.147596
837,0.08913,-0.012298,0.337986,-0.165053,0.188398,-0.968147,-0.617767,-0.784909,-0.047476,-0.768654,0.590015,0.247143,0.000177,0.000568,0.000551,0.0,3e-06,2e-06,0.242736,-0.229242,-0.007414,0.300732,-0.802762,0.595554,0.029664,-0.178226,-0.286923,0.941193,0.570044,0.749494,0.336409,-0.015198,-0.00226,-0.002125,-0.011715,0.126097,-0.194053,-1.400933,0.014317,0.040675,-0.021082,0.870959,-0.489752,-0.039652,0.257953,0.387063,0.885235,-0.418198,-0.781232,0.463449,-0.000387,-0.001987,-0.002199,-0.001016,0.01596,-0.024148,-0.942964,0.04321,0.033941,-0.048937,0.356888,-0.210106,-0.910211,0.506916,0.861995,-0.000217,0.784644,-0.461323,0.414142,-0.000324,-0.004944,0.004746,-0.035004,0.0169,-0.01656,0.136818
838,0.089134,-0.012378,0.338138,-0.165314,0.188383,-0.968106,-0.618058,-0.784696,-0.047208,-0.768364,0.590303,0.247358,0.000483,0.001546,0.001498,0.0,0.0,0.0,0.234118,-0.229582,-0.007522,0.300637,-0.80271,0.595714,0.027805,-0.180015,-0.286296,0.941044,0.569555,0.749607,0.336987,-0.015134,-0.00188,-0.001713,-0.003443,0.031273,-0.053127,-1.401369,0.014147,0.040619,-0.021132,0.870691,-0.490087,-0.041347,0.259681,0.386697,0.88489,-0.417685,-0.781203,0.46396,-0.000199,-0.001021,-0.001129,-0.009755,0.110972,-0.165313,-0.945414,0.043211,0.033899,-0.048863,0.357148,-0.210032,-0.910127,0.507176,0.861842,0.000135,0.784357,-0.461643,0.414328,0.000102,0.000337,0.000325,-6.1e-05,-1.1e-05,1e-06,0.115917
839,0.089147,-0.012352,0.338205,-0.165346,0.188387,-0.968099,-0.618115,-0.784653,-0.047174,-0.768311,0.590359,0.24739,0.000613,0.001964,0.001902,0.000554,-0.014037,0.025164,0.233056,-0.229698,-0.007608,0.300544,-0.802579,0.595851,0.028648,-0.179402,-0.286698,0.941038,0.569933,0.749344,0.336931,-0.00071,-0.003616,-0.004026,-0.011047,0.126953,-0.188695,-1.400861,0.014084,0.040579,-0.021174,0.870695,-0.490144,-0.040604,0.259111,0.386977,0.884934,-0.418032,-0.781029,0.463941,-0.000292,-0.001495,-0.00166,-1.5e-05,-9.4e-05,-7.5e-05,-0.94672,0.043218,0.033912,-0.04883,0.357177,-0.210032,-0.910115,0.507233,0.861808,0.000181,0.784307,-0.461705,0.414354,0.000129,0.000421,0.000407,-4.2e-05,5e-06,2e-06,0.109712
840,0.089173,-0.012313,0.338258,-0.165319,0.188406,-0.9681,-0.618139,-0.784633,-0.047198,-0.768297,0.59038,0.247382,0.000569,0.001821,0.001763,0.000554,-0.014036,0.025164,0.223924,-0.22969,-0.0078,0.300343,-0.802395,0.596049,0.029647,-0.178677,-0.287148,0.941039,0.570419,0.749015,0.336842,-0.00109,-0.005544,-0.006185,-0.01105,0.126948,-0.188698,-1.401269,0.014088,0.040485,-0.021273,0.87067,-0.490272,-0.039579,0.258337,0.387336,0.885004,-0.418563,-0.780771,0.463897,0.006752,-0.003255,-0.003816,0.00203,-0.015275,0.029219,-0.947863,0.043231,0.033932,-0.048803,0.357154,-0.210055,-0.910119,0.507264,0.86179,0.000163,0.784298,-0.461729,0.414345,9.9e-05,0.000318,0.000307,-2.6e-05,7e-06,1.9e-05,0.102201
841,0.0892,-0.012299,0.338273,-0.165352,0.188394,-0.968097,-0.618134,-0.784638,-0.047169,-0.768294,0.590376,0.2474,0.000249,0.000798,0.000772,0.0,0.0,0.0,0.220375,-0.229699,-0.00795,0.30016,-0.802256,0.596197,0.030437,-0.178128,-0.287541,0.941023,0.570788,0.748745,0.336815,-0.001842,-0.009367,-0.010467,-0.01245,0.14302,-0.212576,-1.401134,0.014084,0.040413,-0.021361,0.87065,-0.490385,-0.038599,0.257617,0.38772,0.885045,-0.419048,-0.780509,0.4639,-0.000953,-0.004869,-0.00544,-0.012481,0.142988,-0.212608,-0.948679,0.043245,0.033942,-0.048793,0.357166,-0.21005,-0.910115,0.507261,0.861792,0.000172,0.784294,-0.461728,0.414353,0.000143,0.000462,0.000448,-2.3e-05,-0.0,1e-05,0.095669
842,0.08926,-0.012292,0.338297,-0.16518,0.188481,-0.968109,-0.618179,-0.784593,-0.047333,-0.768295,0.590408,0.24732,0.014354,-0.002188,-0.001335,0.000984,-0.014715,0.029553,0.220059,-0.229808,-0.008482,0.299518,-0.801999,0.596589,0.029521,-0.179326,-0.287433,0.940829,0.570774,0.748475,0.337439,-0.003397,-0.017203,-0.019342,-0.002797,0.032138,-0.04776,-1.401132,0.014032,0.040158,-0.02167,0.870332,-0.490876,-0.03951,0.258839,0.387718,0.88469,-0.418955,-0.780201,0.464501,-0.001789,-0.009097,-0.010223,-0.004907,0.049495,-0.074276,-0.949659,0.043275,0.033945,-0.048781,0.357011,-0.210162,-0.91015,0.50734,0.861745,2.2e-05,0.784313,-0.461764,0.414276,0.007172,-0.001109,-0.000682,0.000969,-0.014705,0.029553,0.089628
843,0.089331,-0.012318,0.338275,-0.1652,0.188481,-0.968106,-0.618175,-0.784596,-0.047321,-0.768293,0.590404,0.247336,-0.000334,-0.00107,-0.001036,0.0,0.0,0.0,0.218755,-0.230075,-0.009177,0.298565,-0.801775,0.596933,0.0286,-0.18063,-0.287487,0.940562,0.570676,0.748179,0.338261,-0.019118,-0.010014,-0.031731,0.029663,0.047847,-0.08538,-1.401242,0.013904,0.039806,-0.022143,0.870037,-0.491325,-0.040408,0.260106,0.387871,0.884251,-0.418782,-0.779842,0.465259,-0.002292,-0.011584,-0.013132,0.004373,-0.06074,0.089237,-0.949986,0.043311,0.033935,-0.048789,0.357013,-0.21017,-0.910147,0.507341,0.861745,1.6e-05,0.784312,-0.461761,0.414282,-8e-06,-2.5e-05,-2.7e-05,-1.2e-05,-8e-06,1e-06,0.088321
844,0.089373,-0.012326,0.33827,-0.165112,0.188525,-0.968112,-0.618188,-0.784581,-0.047408,-0.768303,0.59041,0.247293,-5e-06,-1.6e-05,-1.5e-05,0.0,0.0,0.0,0.216356,-0.230324,-0.009581,0.297986,-0.804054,0.593936,0.026995,-0.179879,-0.286098,0.94113,0.567697,0.751092,0.336813,-0.019707,-0.024161,-0.027209,-0.026732,0.076282,-0.088675,-1.40087,0.013772,0.039599,-0.022446,0.871692,-0.488205,-0.042522,0.259518,0.386278,0.885121,-0.415695,-0.782588,0.463413,-0.009907,-0.012416,-0.013983,-0.001788,0.083081,-0.098829,-0.949659,0.043332,0.033927,-0.048795,0.356951,-0.210215,-0.910161,0.507364,0.861731,-4.9e-05,0.784325,-0.461766,0.414251,-3e-06,-9e-06,-1.1e-05,-1.1e-05,-1e-06,1e-06,0.087015
845,0.089461,-0.012336,0.338265,-0.165187,0.188502,-0.968104,-0.618177,-0.784594,-0.047345,-0.768295,0.590401,0.247338,9e-06,2.9e-05,2.8e-05,0.0,0.0,0.0,0.211322,-0.23095,-0.010337,0.29677,-0.806302,0.59093,0.025883,-0.17898,-0.285259,0.941556,0.564784,0.753778,0.33571,-0.019463,-0.022395,-0.025497,-0.010339,0.06616,-0.098789,-1.401042,0.013456,0.039211,-0.023066,0.873319,-0.48515,-0.04407,0.258817,0.385443,0.885689,-0.412706,-0.784896,0.46218,-0.009712,-0.011187,-0.01273,0.007292,0.068316,-0.103093,-0.944924,0.043375,0.033923,-0.048797,0.35702,-0.210181,-0.910142,0.507341,0.861745,9e-06,0.784309,-0.461756,0.414294,3e-06,1.1e-05,7e-06,-6e-06,-1.3e-05,-2e-06,0.080483
846,0.089464,-0.012332,0.338283,-0.165438,0.188399,-0.968081,-0.618162,-0.78462,-0.047111,-0.768253,0.590399,0.247472,5.5e-05,0.000176,0.00017,0.0,0.0,0.0,0.208628,-0.231629,-0.010865,0.29576,-0.812115,0.58288,0.026672,-0.174562,-0.286128,0.942121,0.557789,0.759698,0.334057,-0.018251,-0.004649,-0.026161,0.029237,0.032922,-0.060607,-1.401433,0.013122,0.03894,-0.02357,0.878075,-0.476431,-0.044694,0.254469,0.385804,0.886792,-0.405252,-0.790043,0.460002,-0.009121,-0.008057,-0.009218,0.00753,0.049943,-0.078763,-0.944761,0.043377,0.033925,-0.048788,0.357247,-0.210042,-0.910085,0.507282,0.86178,0.000236,0.784244,-0.461754,0.414419,3.1e-05,0.000104,0.000102,-6e-06,-1e-06,-3e-06,0.074605
847,0.089462,-0.012338,0.338277,-0.165458,0.18839,-0.968079,-0.618159,-0.784623,-0.047092,-0.768251,0.590398,0.247482,-1e-06,-2e-06,-2e-06,0.0,0.0,0.0,0.20477,-0.232207,-0.011285,0.295202,-0.811984,0.583117,0.025461,-0.175975,-0.285974,0.941905,0.557536,0.759574,0.334761,-0.002254,-0.01084,-0.012681,0.006759,-0.078979,0.116902,-1.401114,0.012827,0.038731,-0.023857,0.877832,-0.476784,-0.045685,0.255779,0.386,0.88633,-0.404954,-0.789734,0.460794,-0.008358,-0.009879,-0.000842,-0.039381,0.047182,-0.070425,-0.946883,0.043376,0.033922,-0.048791,0.357265,-0.210031,-0.910081,0.507275,0.861784,0.000253,0.78424,-0.461752,0.414428,0.0,-1e-06,-3e-06,-6e-06,-6e-06,1e-06,0.071339
848,0.08946,-0.012344,0.338271,-0.165477,0.188382,-0.968078,-0.618156,-0.784626,-0.047074,-0.768249,0.590396,0.247493,-0.000105,-0.000336,-0.000325,0.0,0.0,0.0,0.202788,-0.232469,-0.011434,0.295079,-0.815268,0.578468,0.026542,-0.173433,-0.287451,0.941927,0.553523,0.762568,0.334614,-0.001307,-0.006258,-0.007332,-0.001378,0.016112,-0.023853,-1.401109,0.012695,0.038649,-0.023926,0.880606,-0.471658,-0.045492,0.253147,0.387124,0.886595,-0.400559,-0.792258,0.460303,-0.000562,-0.002714,-0.003176,-0.000966,0.016118,-0.02479,-0.946393,0.043375,0.033919,-0.048793,0.357283,-0.210019,-0.910076,0.507268,0.861787,0.000271,0.784236,-0.46175,0.414438,-6.9e-05,-0.00022,-0.000214,-5e-06,0.0,6e-06,0.068236
849,0.089471,-0.012338,0.338263,-0.165574,0.188335,-0.96807,-0.618122,-0.784659,-0.046987,-0.768256,0.590368,0.247538,-0.0,-0.0,-0.0,0.0,0.0,0.0,0.202719,-0.23291,-0.011609,0.295089,-0.818465,0.57398,0.02558,-0.172725,-0.288074,0.941867,0.549004,0.76572,0.334859,-0.014897,-0.010787,0.008787,-0.0379,0.030963,-0.04463,-1.401136,0.012481,0.038567,-0.023923,0.883052,-0.466885,-0.047291,0.252436,0.387649,0.886568,-0.395593,-0.794823,0.460173,-0.007364,0.000654,0.000903,-0.002652,0.018057,-0.035074,-0.947373,0.04338,0.033922,-0.048798,0.357369,-0.209959,-0.910056,0.507216,0.861819,0.000348,0.784231,-0.46172,0.414482,1e-06,4e-06,3e-06,-7e-06,6e-06,2e-06,0.064317
850,0.089501,-0.01235,0.338253,-0.165527,0.188359,-0.968074,-0.618128,-0.784651,-0.047033,-0.768261,0.590371,0.247516,-2e-06,-8e-06,-8e-06,0.0,0.0,0.0,0.202262,-0.233137,-0.011549,0.29534,-0.818439,0.574111,0.023365,-0.174677,-0.287144,0.941791,0.548424,0.765971,0.335237,-0.013664,0.006328,0.007679,-0.0019,0.015005,-0.028694,-1.401164,0.012367,0.038593,-0.023795,0.882759,-0.467214,-0.049455,0.254452,0.38695,0.886297,-0.394954,-0.794971,0.460468,0.000711,0.003382,0.003965,0.000211,-0.013799,0.019585,-0.947536,0.043395,0.033915,-0.048803,0.357328,-0.209989,-0.910066,0.507231,0.861809,0.000304,0.78424,-0.461723,0.414461,0.0,3e-06,2e-06,-9e-06,-5e-06,-1e-06,0.064317
851,0.089533,-0.012356,0.338249,-0.165461,0.188391,-0.968079,-0.618137,-0.784639,-0.047098,-0.768268,0.590375,0.247484,-0.0,-0.0,-0.0,0.0,0.0,0.0,0.202,-0.233158,-0.011423,0.295567,-0.819453,0.572639,0.023959,-0.174901,-0.289458,0.941041,0.546835,0.766203,0.337295,0.00198,0.009385,0.010971,0.056831,0.052326,-0.173419,-1.401067,0.012351,0.038656,-0.023681,0.883562,-0.465742,-0.048998,0.254327,0.389349,0.885281,-0.393236,-0.794663,0.462465,0.001068,0.005085,0.005947,0.040106,0.0489,-0.173392,-0.94672,0.043411,0.033912,-0.048805,0.357268,-0.210032,-0.910079,0.507253,0.861796,0.000243,0.784253,-0.461728,0.414431,1e-06,5e-06,3e-06,-5e-06,-2e-06,-2e-06,0.063991
852,0.089641,-0.012368,0.338229,-0.165221,0.188502,-0.968098,-0.618151,-0.784615,-0.047332,-0.768309,0.590372,0.247363,-0.0,-0.0,-0.0,0.0,0.0,0.0,0.201281,-0.233049,-0.011056,0.296184,-0.819427,0.572677,0.023965,-0.174737,-0.289212,0.941147,0.546927,0.766268,0.336998,0.002655,0.012627,0.014683,-0.006734,0.078834,-0.117002,-1.40115,0.012405,0.038839,-0.02338,0.883653,-0.465558,-0.049105,0.254145,0.388983,0.885494,-0.393148,-0.794951,0.462046,0.001404,0.006717,0.007811,0.001273,-0.031905,0.048109,-0.947373,0.043465,0.033907,-0.048815,0.357052,-0.210176,-0.910131,0.507311,0.861762,1.6e-05,0.784314,-0.461725,0.414319,1e-06,2e-06,1e-06,0.0,1.1e-05,-3e-06,0.063174
853,0.089747,-0.012388,0.338215,-0.165136,0.188551,-0.968103,-0.618162,-0.784601,-0.047422,-0.768318,0.590376,0.247326,-0.0,-0.0,-0.0,0.0,0.0,0.0,0.201289,-0.23289,-0.010611,0.296888,-0.820425,0.571224,0.024461,-0.174942,-0.291335,0.940454,0.545361,0.76655,0.338891,0.003181,0.015199,0.017563,0.003442,-0.032607,0.047407,-1.400755,0.012486,0.039063,-0.023018,0.884527,-0.463939,-0.048701,0.253864,0.391145,0.884623,-0.391362,-0.794836,0.463756,0.001614,0.007756,0.008961,-0.014853,0.078165,-0.116028,-0.944271,0.043518,0.033897,-0.048822,0.356976,-0.210237,-0.910146,0.50734,0.861745,-6.9e-05,0.784329,-0.461729,0.414285,1e-06,1e-06,-3e-06,2e-06,-4e-06,4e-06,0.062521
854,0.089824,-0.012396,0.338212,-0.165097,0.188577,-0.968105,-0.618167,-0.784594,-0.047465,-0.768322,0.590377,0.247311,1.1e-05,3.5e-05,3.3e-05,0.0,0.0,0.0,0.197122,-0.232752,-0.010095,0.297655,-0.820367,0.571298,0.024672,-0.174643,-0.291201,0.940551,0.545544,0.766545,0.338606,0.003187,0.015295,0.017553,0.002758,-0.032143,0.04776,-1.400738,0.012555,0.039325,-0.022631,0.884494,-0.464023,-0.048492,0.253587,0.39091,0.884806,-0.391615,-0.794903,0.463428,0.001589,0.007683,0.008815,0.002583,-0.031561,0.048091,-0.941658,0.043557,0.033893,-0.048823,0.356942,-0.210268,-0.910153,0.507353,0.861737,-0.00011,0.784336,-0.46173,0.414271,5e-06,1.5e-05,1.1e-05,0.0,-1.5e-05,0.0,0.060235
855,0.089856,-0.012402,0.338208,-0.165167,0.18855,-0.968098,-0.618157,-0.784606,-0.047403,-0.768315,0.59037,0.24735,0.0,1e-06,0.0,0.0,0.0,0.0,0.194498,-0.232682,-0.009869,0.298022,-0.821336,0.56987,0.025425,-0.174718,-0.293544,0.939809,0.544058,0.766715,0.340605,0.002988,0.014372,0.016441,0.031567,-0.051079,0.033319,-1.401013,0.012591,0.03944,-0.022444,0.885323,-0.462497,-0.047944,0.253359,0.393371,0.88378,-0.389886,-0.794578,0.465438,0.001455,0.007048,0.00806,0.01138,-0.057359,0.033328,-0.939209,0.043573,0.03389,-0.048825,0.357006,-0.210231,-0.910136,0.507331,0.861751,-5.2e-05,0.784322,-0.461722,0.414307,1e-06,-4e-06,-9e-06,-4e-06,-1e-06,-9e-06,0.056806
856,0.089875,-0.012412,0.338199,-0.165142,0.188563,-0.9681,-0.618161,-0.784601,-0.047428,-0.768318,0.590371,0.247339,-0.0,-1e-06,-1e-06,0.0,0.0,0.0,0.193311,-0.232513,-0.009576,0.29873,-0.82223,0.568537,0.026376,-0.17442,-0.295621,0.939213,0.542801,0.766908,0.342172,0.016929,0.009887,0.01094,0.011279,-0.036428,0.0492,-1.401068,0.01267,0.039593,-0.022091,0.886207,-0.460876,-0.047215,0.252662,0.395369,0.883088,-0.388327,-0.794528,0.466824,0.001244,0.006058,0.006889,-0.02002,0.069973,-0.119542,-0.939372,0.043582,0.033885,-0.04883,0.356984,-0.210248,-0.910141,0.507339,0.861746,-7.5e-05,0.784327,-0.461724,0.414296,2e-06,4e-06,-1e-06,-5e-06,-6e-06,-2e-06,0.052234
857,0.089907,-0.012418,0.338195,-0.165212,0.188536,-0.968093,-0.618151,-0.784613,-0.047366,-0.768311,0.590364,0.247377,-0.0,-0.0,-0.0,0.0,0.0,0.0,0.19291,-0.232349,-0.009478,0.299337,-0.823103,0.567107,0.029723,-0.171775,-0.298319,0.938847,0.542321,0.766925,0.342897,0.001874,0.009091,0.010298,0.002933,-0.017051,0.023131,-1.401134,0.012759,0.039645,-0.021777,0.887326,-0.459019,-0.04419,0.249633,0.39756,0.882966,-0.387729,-0.794511,0.467352,0.000903,0.004431,0.005016,-0.009242,-0.017183,0.025835,-0.940841,0.043598,0.033882,-0.048832,0.357047,-0.210211,-0.910125,0.507317,0.861759,-1.7e-05,0.784312,-0.461716,0.414332,-0.0,2e-06,-0.0,-5e-06,-2.7e-05,6e-06,0.051418
858,0.089928,-0.012422,0.338192,-0.165168,0.188558,-0.968096,-0.618157,-0.784606,-0.04741,-0.768315,0.590367,0.247355,-0.0,-0.0,-0.0,0.0,0.0,0.0,0.190866,-0.232284,-0.009505,0.299631,-0.824072,0.56567,0.030239,-0.171822,-0.300264,0.938218,0.540831,0.767228,0.344568,0.001561,-0.003699,0.01651,0.005402,-0.026602,-0.011499,-1.401048,0.012791,0.039633,-0.021636,0.888099,-0.457551,-0.043893,0.249446,0.399548,0.882121,-0.386078,-0.79436,0.468972,0.000764,0.003759,0.004247,0.023777,-0.049416,0.003055,-0.943128,0.043609,0.03388,-0.048833,0.357007,-0.210239,-0.910134,0.507331,0.86175,-5.8e-05,0.784321,-0.461719,0.414312,2e-06,2e-06,-2e-06,-5e-06,-1.7e-05,7e-06,0.050438
859,0.089968,-0.012434,0.338169,-0.165237,0.188527,-0.96809,-0.618126,-0.784633,-0.047351,-0.768325,0.590341,0.247389,-0.000172,-0.000556,-0.000538,-0.003842,0.096878,-0.173663,0.185022,-0.23219,-0.009581,0.300133,-0.826029,0.562758,0.03117,-0.172025,-0.304193,0.936914,0.537769,0.767825,0.348013,0.001089,-0.005984,0.013911,-0.024506,0.008183,-0.021141,-1.401115,0.012838,0.039596,-0.021383,0.88985,-0.454178,-0.043461,0.248914,0.403429,0.880503,-0.382372,-0.794334,0.472043,0.000634,0.003132,0.003529,-0.018238,-0.026111,0.021563,-0.9477,0.043629,0.033874,-0.048845,0.35707,-0.210198,-0.910119,0.507287,0.861776,-7e-06,0.784321,-0.46169,0.414345,-9.4e-05,-0.000306,-0.0003,-0.003842,0.096876,-0.173663,0.04358
860,0.090007,-0.012446,0.338145,-0.16517,0.188554,-0.968096,-0.618115,-0.784638,-0.047418,-0.768348,0.590325,0.247353,-1.5e-05,-5e-05,-4.8e-05,0.0,0.0,0.0,0.182001,-0.232142,-0.009672,0.300526,-0.82798,0.559827,0.032176,-0.172222,-0.308282,0.935541,0.534694,0.768339,0.351597,0.000864,0.004215,0.004744,0.457877,-0.317024,-0.204101,-1.400659,0.012862,0.039545,-0.021185,0.890668,-0.452594,-0.043227,0.248419,0.404819,0.880004,-0.380786,-0.794531,0.472993,0.000325,-0.004026,0.005788,-0.040624,0.017369,-0.013874,-0.943944,0.043648,0.033867,-0.048858,0.35701,-0.210235,-0.910134,0.507287,0.861776,-7.6e-05,0.784348,-0.461673,0.414312,-3e-06,-1.2e-05,-1.5e-05,-9e-06,-1e-05,8e-06,0.037864
861,0.090027,-0.012448,0.338129,-0.165128,0.188569,-0.968101,-0.618101,-0.784647,-0.047461,-0.768369,0.590309,0.247328,-3.9e-05,-0.000128,-0.000123,0.0,0.0,0.0,0.181251,-0.232142,-0.009725,0.300668,-0.827932,0.559888,0.032331,-0.171939,-0.30808,0.935659,0.534859,0.768375,0.351267,0.000596,-0.008381,0.011203,-0.028808,-0.004056,0.005643,-1.400971,0.012862,0.039522,-0.021118,0.891502,-0.450993,-0.04277,0.248103,0.407075,0.879053,-0.379036,-0.794289,0.474801,0.000247,0.001235,0.001388,-0.014106,-0.005149,-0.000648,-0.943944,0.043658,0.033866,-0.048865,0.356971,-0.210256,-0.910144,0.50728,0.861781,-0.000121,0.784371,-0.461655,0.414289,-2.1e-05,-6.5e-05,-6.4e-05,-9e-06,-5e-06,5e-06,0.036231
862,0.090067,-0.012461,0.338106,-0.165061,0.188597,-0.968107,-0.618089,-0.784652,-0.047529,-0.768393,0.590294,0.247291,-1.3e-05,-4.2e-05,-4.1e-05,0.0,0.0,0.0,0.18164,-0.232079,-0.009661,0.300785,-0.827959,0.559863,0.032086,-0.172084,-0.307909,0.935689,0.534772,0.768462,0.35121,0.000444,0.002171,0.002439,1e-06,-1e-06,-1e-06,-1.401185,0.012893,0.03955,-0.021056,0.891467,-0.451035,-0.043049,0.248233,0.406717,0.879182,-0.379033,-0.794448,0.474537,0.000257,0.001267,0.001423,-0.000581,0.001659,0.000975,-0.941658,0.043678,0.03386,-0.048877,0.356911,-0.210293,-0.910159,0.50728,0.861781,-0.00019,0.784398,-0.461638,0.414256,-3e-06,-7e-06,-9e-06,-1e-05,-4e-06,7e-06,0.035252
863,0.090078,-0.012445,0.338079,-0.165142,0.188545,-0.968103,-0.618016,-0.784713,-0.04746,-0.768434,0.590228,0.247319,-1e-06,-4e-06,-4e-06,0.0,0.0,0.0,0.183278,-0.231852,-0.009499,0.300808,-0.826939,0.561396,0.031612,-0.171907,-0.305746,0.93643,0.536406,0.768206,0.349273,0.014975,0.000648,0.000397,-0.007861,0.095189,-0.135882,-1.400949,0.013001,0.039631,-0.021044,0.89055,-0.452808,-0.043402,0.248565,0.4045,0.88011,-0.380965,-0.794571,0.472781,0.000214,0.001047,0.001171,0.005405,0.001407,-8.6e-05,-0.943291,0.043684,0.033868,-0.048891,0.356982,-0.21023,-0.910146,0.507188,0.861835,-0.000139,0.784425,-0.461566,0.414286,3e-06,1.1e-05,1e-05,-1.2e-05,4e-06,3e-06,0.035415
864,0.090112,-0.012426,0.338055,-0.165022,0.188582,-0.968116,-0.617972,-0.784741,-0.047579,-0.768496,0.590179,0.247244,-0.0,-0.0,-0.0,0.0,0.0,0.0,0.183105,-0.23146,-0.009445,0.300781,-0.826858,0.561501,0.031836,-0.171841,-0.305938,0.936379,0.536551,0.768052,0.349388,0.000231,0.001139,0.001278,-0.0,0.0,0.0,-1.400907,0.013202,0.039657,-0.021059,0.8905,-0.452941,-0.043032,0.248401,0.404758,0.880038,-0.381188,-0.794364,0.472948,0.007424,2.1e-05,-0.000153,0.003512,-0.03075,0.053382,-0.943944,0.043701,0.033877,-0.048902,0.356873,-0.210285,-0.910176,0.507162,0.86185,-0.000265,0.784491,-0.461513,0.414219,-2e-06,6e-06,6e-06,-5e-06,-1.2e-05,1.1e-05,0.035742
865,0.090133,-0.01243,0.338052,-0.165115,0.188545,-0.968108,-0.617959,-0.784757,-0.047495,-0.768486,0.590171,0.247293,-0.0,-0.0,-0.0,0.0,0.0,0.0,0.182126,-0.231228,-0.009434,0.300757,-0.826831,0.561542,0.031829,-0.171893,-0.30597,0.936359,0.536577,0.768009,0.349442,0.000212,0.001049,0.001177,-0.0,0.0,0.0,-1.400981,0.013318,0.039662,-0.021072,0.890474,-0.452993,-0.043032,0.248448,0.404793,0.880009,-0.381219,-0.794317,0.473003,0.007433,7.7e-05,-9.4e-05,0.002011,-0.014856,0.029396,-0.944434,0.043711,0.033875,-0.048904,0.356956,-0.210234,-0.910155,0.507133,0.861867,-0.000186,0.784473,-0.461503,0.414265,-4e-06,4e-06,6e-06,-9e-06,-6e-06,3e-06,0.035415
866,0.090163,-0.012443,0.338042,-0.165068,0.188569,-0.968111,-0.617965,-0.784749,-0.047542,-0.768491,0.590174,0.247271,-2e-06,-7e-06,-7e-06,0.0,0.0,0.0,0.180987,-0.23076,-0.009307,0.300765,-0.826739,0.561525,0.03441,-0.169673,-0.306992,0.93643,0.537425,0.767614,0.349007,0.015332,0.013905,-0.005351,0.029654,0.063534,-0.096513,-1.40097,0.013546,0.039717,-0.021069,0.890707,-0.452765,-0.040541,0.246188,0.405491,0.880322,-0.382141,-0.79409,0.472639,0.007603,0.000943,0.000871,0.002422,-0.01578,0.030899,-0.944434,0.043726,0.033869,-0.048909,0.356914,-0.210265,-0.910164,0.507148,0.861858,-0.000231,0.784482,-0.461507,0.414245,-1e-06,3e-06,4e-06,-9e-06,-8e-06,5e-06,0.034925
867,0.090187,-0.012432,0.338039,-0.165122,0.188542,-0.968107,-0.617937,-0.784774,-0.047495,-0.768502,0.590149,0.247296,1e-06,4e-06,4e-06,0.0,0.0,0.0,0.178399,-0.230383,-0.009112,0.300912,-0.826701,0.561438,0.03667,-0.167627,-0.307792,0.936536,0.538126,0.767358,0.34849,0.015538,0.003633,0.003702,-0.007659,0.095106,-0.13595,-1.400926,0.013741,0.039822,-0.020996,0.890944,-0.452503,-0.038207,0.244018,0.406096,0.880647,-0.38298,-0.793931,0.472228,0.00779,0.001923,0.001963,-0.006887,0.093654,-0.132787,-0.945087,0.043738,0.033875,-0.04891,0.356963,-0.21023,-0.910153,0.507109,0.861881,-0.000191,0.784485,-0.46148,0.414269,-3e-06,-1e-06,0.0,-4e-06,-5e-06,2e-06,0.031496
868,0.090198,-0.012434,0.338038,-0.1651,0.188552,-0.968109,-0.61794,-0.78477,-0.047517,-0.768505,0.59015,0.247285,0.0,0.0,0.0,0.0,0.0,0.0,0.180037,-0.230253,-0.009016,0.301017,-0.826693,0.561453,0.036627,-0.167669,-0.30777,0.936536,0.538126,0.767356,0.348495,0.015589,0.003928,0.004024,-0.007664,0.095107,-0.135949,-1.400889,0.0138,0.039869,-0.020944,0.890932,-0.45251,-0.038398,0.24418,0.406031,0.880633,-0.382904,-0.79396,0.47224,0.000599,0.003027,0.003376,0.001533,-0.016089,0.024455,-0.945577,0.043744,0.033874,-0.048911,0.356943,-0.210244,-0.910158,0.507117,0.861877,-0.000211,0.784489,-0.461481,0.414259,-3e-06,-1e-06,-1e-06,-6e-06,-3e-06,-3e-06,0.031006
869,0.090215,-0.012451,0.338023,-0.165095,0.188557,-0.968109,-0.617941,-0.784769,-0.047523,-0.768505,0.59015,0.247284,-0.000124,-0.0004,-0.000387,0.0,0.0,0.0,0.17661,-0.230165,-0.008818,0.301283,-0.826562,0.561597,0.037349,-0.167103,-0.308025,0.936553,0.538502,0.767148,0.348372,0.001205,0.006086,0.006782,0.001407,-0.015982,0.023938,-1.401263,0.01385,0.039969,-0.02081,0.89091,-0.452624,-0.037538,0.243506,0.406256,0.880715,-0.383383,-0.79378,0.472154,0.000604,0.003069,0.003417,0.001409,-0.015909,0.024015,-0.94623,0.043753,0.033866,-0.048918,0.356939,-0.210249,-0.910158,0.507118,0.861876,-0.000218,0.78449,-0.461481,0.414258,-8e-05,-0.000258,-0.00025,-6e-06,-7e-06,1.2e-05,0.03068
870,0.09026,-0.012452,0.338024,-0.165123,0.18855,-0.968106,-0.617936,-0.784774,-0.047501,-0.768502,0.590146,0.247302,0.000144,0.000466,0.000451,0.0,0.0,0.0,0.177141,-0.230294,-0.00876,0.301583,-0.828275,0.558876,0.040128,-0.166203,-0.313247,0.93498,0.536142,0.767024,0.352262,0.000719,0.003625,0.004031,0.020711,0.075056,-0.155856,-1.40072,0.013791,0.039999,-0.020659,0.892583,-0.449496,-0.035328,0.241948,0.41138,0.878764,-0.380468,-0.792917,0.475946,0.000319,-0.004081,0.005703,-0.026441,-0.014155,-0.032837,-0.945903,0.043774,0.033863,-0.048919,0.356965,-0.210238,-0.910151,0.50711,0.861881,-0.000197,0.784483,-0.461477,0.414274,0.007202,-0.001005,-0.00059,0.000977,-0.014721,0.029557,0.02823
871,0.090302,-0.01246,0.338018,-0.165171,0.188534,-0.9681,-0.617929,-0.784782,-0.047461,-0.768498,0.590141,0.247329,0.014213,-0.00264,-0.001788,-0.002854,0.082209,-0.144084,0.171998,-0.23049,-0.008903,0.301828,-0.829149,0.557492,0.041286,-0.165659,-0.315373,0.934361,0.534956,0.767161,0.353765,-0.014506,0.001457,0.001983,0.001437,0.012897,-0.030992,-1.401001,0.013694,0.039937,-0.020534,0.893482,-0.447784,-0.034306,0.240875,0.413351,0.878133,-0.379034,-0.792861,0.477182,-0.007272,0.00065,0.000906,-0.016716,0.011564,-0.029074,-0.944434,0.043791,0.033862,-0.04892,0.356905,-0.21028,-0.910165,0.507132,0.861868,-0.000259,0.784496,-0.461482,0.414244,-2e-06,-1e-06,-2e-06,-4e-06,-3e-06,3e-06,0.026107
872,0.090324,-0.012464,0.338016,-0.165126,0.188556,-0.968104,-0.617936,-0.784774,-0.047504,-0.768502,0.590144,0.247308,0.0,0.0,0.0,0.0,0.0,0.0,0.170467,-0.230626,-0.00902,0.301886,-0.830073,0.556046,0.042228,-0.165456,-0.317692,0.933611,0.533584,0.767256,0.355627,-0.014906,-0.000533,-0.000231,0.23567,-0.142597,-0.148561,-1.401068,0.013626,0.039876,-0.0205,0.893886,-0.447025,-0.03371,0.240381,0.414484,0.877735,-0.378397,-0.792698,0.477958,-0.000226,-0.00111,-0.001228,0.386132,-0.169206,-0.179438,-0.941984,0.043807,0.033859,-0.048922,0.356968,-0.210243,-0.910148,0.50711,0.861881,-0.0002,0.784482,-0.461474,0.41428,-0.0,-2e-06,-3e-06,-3e-06,2e-06,1.2e-05,0.022025
873,0.090397,-0.012476,0.337994,-0.164973,0.188625,-0.968116,-0.617936,-0.784764,-0.047656,-0.768535,0.590135,0.247229,-0.0,-1e-06,-1e-06,0.0,0.0,0.0,0.167796,-0.230985,-0.009222,0.301901,-0.831009,0.554734,0.041065,-0.167188,-0.319295,0.932756,0.531581,0.767541,0.358002,-0.000537,-0.002676,-0.002978,0.386632,-0.257408,-0.19439,-1.401248,0.013446,0.039773,-0.020495,0.894075,-0.446523,-0.035278,0.241777,0.414808,0.877198,-0.377056,-0.792811,0.478829,-0.007546,-0.000699,-0.000595,-0.004984,0.016554,-0.028831,-0.943291,0.043843,0.033852,-0.048933,0.35683,-0.210334,-0.910181,0.507138,0.861864,-0.000348,0.784526,-0.461464,0.414207,2e-06,4e-06,3e-06,-8e-06,-2e-06,2e-06,0.018596
874,0.090461,-0.012488,0.337985,-0.164977,0.188631,-0.968115,-0.617936,-0.784765,-0.047659,-0.768535,0.590132,0.247235,-0.0,-0.0,-0.0,0.0,0.0,0.0,0.161347,-0.231467,-0.00934,0.301858,-0.830823,0.554899,0.042571,-0.165974,-0.31986,0.932778,0.532253,0.767186,0.357763,-0.015195,-0.001865,-0.001734,-0.001962,0.01515,-0.029287,-1.401312,0.013211,0.039713,-0.020518,0.894956,-0.444894,-0.033496,0.240359,0.417535,0.876294,-0.375872,-0.792296,0.48061,-0.007589,-0.000886,-0.000807,-0.005752,0.016244,-0.028185,-0.944271,0.043875,0.033847,-0.048937,0.356834,-0.210339,-0.910179,0.507138,0.861864,-0.000351,0.784525,-0.461461,0.414213,1e-06,1e-06,-1e-06,-4e-06,-3e-06,1.3e-05,0.010432
875,0.090484,-0.012486,0.337989,-0.164913,0.188661,-0.96812,-0.617945,-0.784754,-0.04772,-0.768541,0.590137,0.247204,3.9e-05,0.000127,0.000123,0.0,0.0,0.0,0.159887,-0.231718,-0.009399,0.301844,-0.830865,0.555005,0.040313,-0.168025,-0.319081,0.932678,0.531542,0.767434,0.358289,-0.01509,-0.001317,-0.001128,-0.002043,0.015204,-0.029246,-1.401006,0.013079,0.03968,-0.020528,0.89471,-0.445217,-0.035702,0.24245,0.416983,0.87598,-0.375114,-0.792405,0.481022,-0.007583,-0.000841,-0.000759,-0.004473,0.033285,-0.054409,-0.944434,0.043887,0.033848,-0.048935,0.356777,-0.210378,-0.910192,0.507159,0.861852,-0.00041,0.784537,-0.461466,0.414184,2.3e-05,7.7e-05,7.4e-05,-9e-06,-4e-06,3e-06,0.007492
876,0.090484,-0.012486,0.337989,-0.165049,0.188602,-0.968108,-0.617925,-0.784777,-0.047593,-0.768527,0.590126,0.247274,0.0,0.0,0.0,0.0,0.0,0.0,0.15846,-0.232161,-0.009431,0.301896,-0.830823,0.555182,0.038713,-0.16955,-0.318552,0.932584,0.531123,0.767526,0.358714,-0.014592,0.001149,0.001612,-0.002045,0.015205,-0.029245,-1.400964,0.012862,0.03966,-0.020507,0.894467,-0.445576,-0.03728,0.244034,0.416616,0.875715,-0.374667,-0.792397,0.481385,-0.007281,0.000653,0.000905,-0.002308,0.016446,-0.02966,-0.944107,0.043887,0.033848,-0.048935,0.3569,-0.2103,-0.910162,0.507115,0.861878,-0.00029,0.78451,-0.461454,0.41425,1e-06,-4e-06,-5e-06,-6e-06,-0.0,5e-06,0.003084
877,0.090484,-0.012486,0.337989,-0.165049,0.188602,-0.968108,-0.617925,-0.784777,-0.047593,-0.768527,0.590126,0.247274,0.0,0.0,0.0,0.0,0.0,0.0,0.160633,-0.232517,-0.009476,0.302039,-0.830794,0.555351,0.036856,-0.171179,-0.317764,0.932555,0.530645,0.767729,0.358986,-0.014213,0.002999,0.003668,-0.010304,0.109168,-0.170743,-1.400963,0.012673,0.039638,-0.020435,0.894211,-0.445935,-0.039083,0.245738,0.416033,0.875516,-0.374164,-0.792501,0.481605,-0.007099,0.001546,0.001891,-0.011366,0.111959,-0.174613,-0.94525,0.043887,0.033848,-0.048935,0.3569,-0.2103,-0.910162,0.507115,0.861878,-0.00029,0.78451,-0.461454,0.41425,1e-06,-2e-06,-4e-06,-7e-06,6e-06,1e-06,0.003084
878,0.090494,-0.012486,0.337975,-0.165029,0.188606,-0.968111,-0.617908,-0.78479,-0.047615,-0.768546,0.590108,0.24726,-2e-06,-5e-06,-5e-06,0.0,0.0,0.0,0.162236,-0.232814,-0.009534,0.302213,-0.830792,0.555492,0.034714,-0.172986,-0.316788,0.932553,0.530061,0.76803,0.359205,0.000337,0.001633,0.00182,0.055549,-0.104918,0.249718,-1.401248,0.012525,0.03961,-0.020346,0.893968,-0.446256,-0.040932,0.247414,0.415345,0.87537,-0.373638,-0.79268,0.481716,-0.007265,-0.004868,0.004999,0.162483,-0.305205,0.784109,-0.94574,0.043892,0.033847,-0.048942,0.356881,-0.210306,-0.910168,0.5071,0.861887,-0.000315,0.784528,-0.461434,0.414237,3e-06,3e-06,1e-06,-8e-06,-5e-06,1.3e-05,0.00488
879,0.090503,-0.012486,0.337961,-0.165009,0.18861,-0.968113,-0.61789,-0.784802,-0.047636,-0.768564,0.590089,0.247245,-5.4e-05,-0.000176,-0.00017,0.0,0.0,0.0,0.162346,-0.23293,-0.009561,0.302293,-0.830751,0.555536,0.035005,-0.172671,-0.316773,0.932617,0.530229,0.768005,0.359012,-0.014292,0.002613,0.003229,-0.002045,0.015205,-0.029245,-1.401125,0.012473,0.039597,-0.020306,0.893944,-0.446309,-0.040887,0.247348,0.41523,0.875443,-0.373741,-0.792711,0.481586,0.000185,0.000905,0.001014,-0.000329,0.000935,-0.001073,-0.945904,0.043896,0.033848,-0.048949,0.356862,-0.210313,-0.910174,0.507085,0.861896,-0.000339,0.784547,-0.461414,0.414225,-2.5e-05,-8.9e-05,-8.8e-05,-6e-06,2e-06,1.4e-05,0.00537
880,0.090535,-0.012482,0.337938,-0.165063,0.188578,-0.968111,-0.617841,-0.784843,-0.047592,-0.768592,0.590045,0.247265,-1e-06,-3e-06,-3e-06,0.0,0.0,0.0,0.159517,-0.233034,-0.009529,0.302439,-0.831746,0.554007,0.035603,-0.172756,-0.319041,0.931828,0.528637,0.768172,0.360996,0.000446,0.002154,0.002397,0.002121,-0.001431,-0.001075,-1.401208,0.012415,0.039613,-0.020233,0.894821,-0.444584,-0.040486,0.247019,0.417549,0.874433,-0.371854,-0.792462,0.483453,0.000276,0.001346,0.0015,-0.011697,-0.002293,0.000318,-0.946557,0.043912,0.033849,-0.048961,0.356911,-0.210274,-0.910164,0.507024,0.861932,-0.000307,0.784564,-0.461365,0.414246,2e-06,9e-06,7e-06,-1e-05,-3e-06,8e-06,0.005043
881,0.090536,-0.012466,0.337925,-0.165028,0.188581,-0.968116,-0.617805,-0.784869,-0.047628,-0.768629,0.590009,0.247237,-0.0,-0.0,-0.0,0.0,0.0,0.0,0.160077,-0.233011,-0.009487,0.302609,-0.831663,0.554102,0.03605,-0.172325,-0.319069,0.931898,0.528909,0.768092,0.360769,0.000489,0.002362,0.002625,0.0,-0.0,-0.0,-1.401189,0.012427,0.039635,-0.020147,0.894802,-0.444663,-0.040042,0.24657,0.417418,0.874622,-0.372198,-0.792487,0.483147,-0.007018,-0.003687,0.006306,-0.038237,0.031394,-0.0444,-0.94672,0.043913,0.033858,-0.048967,0.356878,-0.210282,-0.910175,0.506992,0.86195,-0.000351,0.7846,-0.461326,0.414222,-1e-06,3e-06,5e-06,-9e-06,-1e-06,8e-06,0.0039
882,0.090547,-0.01246,0.337917,-0.164988,0.188594,-0.96812,-0.61779,-0.784879,-0.047668,-0.768649,0.589993,0.247212,-0.0,-0.0,-0.0,0.0,0.0,0.0,0.158679,-0.233002,-0.009501,0.302701,-0.831593,0.554183,0.036424,-0.17196,-0.319086,0.931959,0.529137,0.768026,0.360572,0.000403,0.001949,0.002165,0.0,-0.0,-0.0,-1.401029,0.012432,0.03963,-0.020098,0.894786,-0.444729,-0.039658,0.246221,0.417391,0.874734,-0.372467,-0.792464,0.482978,0.000196,0.000961,0.001067,-6.4e-05,0.000438,0.000252,-0.946883,0.043919,0.033861,-0.048971,0.356841,-0.210301,-0.910185,0.506983,0.861956,-0.000393,0.784622,-0.461308,0.4142,-2e-06,2e-06,4e-06,-8e-06,2e-06,6e-06,0.003573
