frame,MLTx,MLTy,MLTz,MLTR1,MLTR2,MLTR3,MLTR4,MLTR5,MLTR6,MLTR7,MLTR8,MLTR9,MLTTVx,MLTTVy,MLTTVz,MLTRVx,MLTRVy,MLTRVz,MLGA,MRTx,MRTy,MRTz,MRTR1,MRTR2,MRTR3,MRTR4,MRTR5,MRTR6,MRTR7,MRTR8,MRTR9,MRTTVx,MRTTVy,MRTTVz,MRTRVx,MRTRVy,MRTRVz,MRGA,SLTx,SLTy,SLTz,SLTR1,SLTR2,SLTR3,SLTR4,SLTR5,SLTR6,SLTR7,SLTR8,SLTR9,SLTTVx,SLTTVy,SLTTVz,SLTRVx,SLTRVy,SLTRVz,SLGA,SRTx,SRTy,SRTz,SRTR1,SRTR2,SRTR3,SRTR4,SRTR5,SRTR6,SRTR7,SRTR8,SRTR9,SRTTVx,SRTTVy,SRTTVz,SRTRVx,SRTRVy,SRTRVz,SRGA
181,0.086773,0.025768,0.432543,-0.472043,0.323922,-0.819936,-0.379455,-0.914118,-0.142738,-0.795173,0.243341,0.555439,0.018382,-0.021722,-0.010746,0.019339,0.088653,0.072315,0.34307,-0.073291,-0.007384,0.360158,0.07344,0.934144,0.349247,-0.984942,0.013179,0.172192,0.156168,-0.357806,0.92057,0.025757,0.008461,0.020932,0.225315,-0.343284,0.152064,-1.408796,0.043046,0.040185,-0.028636,-0.157692,-0.921116,0.355919,0.976613,-0.09213,0.194264,-0.146149,0.378229,0.914102,0.014065,-0.001548,0.014438,0.176453,-0.3294,0.097105,-0.707173,0.08939,0.043392,-0.046104,-0.51377,0.320129,-0.795962,-0.369613,-0.91985,-0.131381,-0.774225,0.226698,0.590916,0.009392,-0.00667,-0.010683,0.053998,0.104085,0.06962,0.35824
182,0.087413,0.025085,0.431843,-0.469458,0.348885,-0.811131,-0.395689,-0.90432,-0.16002,-0.788773,0.245394,0.563601,0.018065,-0.015862,-0.022539,-1.167587,0.53873,1.265855,0.23561,-0.072457,-0.007318,0.361061,0.08152,0.938881,0.334436,-0.98675,0.029009,0.159427,0.139891,-0.34418,0.92835,0.014386,-0.006099,0.028392,0.10133,-0.23481,0.129915,-1.408618,0.043474,0.040217,-0.02818,-0.165791,-0.925461,0.340636,0.977406,-0.108282,0.181526,-0.13111,0.363035,0.922504,0.007191,-0.003093,0.014145,0.00924,-0.166957,0.15247,-0.711745,0.089712,0.043054,-0.046447,-0.51024,0.342951,-0.788694,-0.385162,-0.911067,-0.146986,-0.768963,0.228777,0.596955,0.008572,-0.012656,-0.006323,-4.425538,-0.647557,3.416255,0.210952
183,0.087724,0.024749,0.431479,-0.46633,0.367246,-0.804806,-0.412485,-0.895044,-0.169482,-0.782004,0.252473,0.569872,0.006628,-0.012213,-0.020406,-1.19201,0.216228,1.339124,0.170319,-0.072157,-0.007324,0.361544,0.078914,0.941842,0.326646,-0.987926,0.030278,0.15172,0.13292,-0.335857,0.932414,0.012269,0.004429,0.019512,0.347462,-0.42573,0.068894,-1.408795,0.043624,0.040213,-0.02794,-0.163734,-0.928422,0.333499,0.978472,-0.109789,0.17475,-0.125628,0.354933,0.926412,0.006149,0.002114,0.009658,0.369498,-0.441977,0.063243,-0.71501,0.089873,0.042877,-0.046639,-0.508247,0.363434,-0.780768,-0.403899,-0.901297,-0.156616,-0.760624,0.235752,0.604872,0.003318,-0.006123,-0.010222,-1.207753,0.240647,1.352776,0.126858
184,0.088383,0.023958,0.430725,-0.445575,0.435252,-0.782345,-0.494193,-0.848207,-0.190501,-0.745958,0.3012,0.594013,0.017559,-0.017951,-0.023604,-1.224176,0.464602,1.621353,0.077117,-0.071297,-0.007524,0.362372,0.082352,0.946508,0.311982,-0.988489,0.037924,0.146239,0.126494,-0.321622,0.938308,0.029908,-0.009038,0.023786,0.214408,-0.571975,-0.072434,-1.408543,0.044035,0.040128,-0.027538,-0.167762,-0.932242,0.320592,0.978344,-0.117446,0.170438,-0.121237,0.342243,0.931756,0.015044,-0.004894,0.011536,-1.513899,-2.242152,0.858211,-0.719746,0.090197,0.042491,-0.047007,-0.487857,0.430637,-0.759306,-0.48623,-0.856466,-0.173336,-0.724965,0.284635,0.627222,0.014154,-0.015343,-0.007832,-4.513662,-0.035694,4.267066,-0.032514
185,0.089389,0.022919,0.429781,-0.423003,0.500787,-0.7552,-0.582966,-0.788399,-0.196341,-0.693204,0.356576,0.626378,0.02756,-0.027145,-0.028443,-2.030762,1.42403,-0.897051,0.047375,-0.070393,-0.008164,0.363607,0.084351,0.954154,0.287171,-0.98877,0.04468,0.142379,0.122927,-0.297155,0.946811,0.030343,-0.01393,0.037436,0.41526,-0.457842,-0.214899,-1.40918,0.044508,0.039787,-0.026914,-0.169606,-0.940565,0.294227,0.978224,-0.124435,0.166109,-0.119625,0.315994,0.941189,0.015095,-0.00678,0.01886,0.5083,-0.509006,-0.237912,-0.71844,0.090698,0.041981,-0.047474,-0.46352,0.498963,-0.732245,-0.577244,-0.797004,-0.177687,-0.672262,0.340323,0.657451,0.0138,-0.013573,-0.014229,-1.122444,0.298918,1.913924,-0.101259
186,0.090662,0.021913,0.428466,-0.42897,0.535535,-0.727484,-0.627521,-0.755913,-0.18651,-0.64927,0.375834,0.66123,0.039829,-0.022014,-0.041201,-0.373426,0.967444,0.44522,-0.003012,-0.069459,-0.008887,0.365393,0.081983,0.961916,0.260745,-0.989497,0.047512,0.136279,0.11861,-0.27039,0.955345,0.030699,-0.018622,0.051239,0.259659,-0.44217,0.030624,-1.409016,0.044976,0.039423,-0.026023,-0.166859,-0.94901,0.267463,0.979017,-0.127285,0.159133,-0.116975,0.288404,0.950336,0.015257,-0.009101,0.025784,0.24239,-0.426692,0.032163,-0.720889,0.091328,0.041471,-0.048128,-0.469384,0.531483,-0.705126,-0.622254,-0.765676,-0.162905,-0.62648,0.362303,0.690114,0.013661,-0.014402,-0.014703,-1.745587,1.733582,-0.82796,-0.167065
187,0.091263,0.021456,0.427797,-0.435056,0.549169,-0.713572,-0.649045,-0.740505,-0.174256,-0.623565,0.386641,0.679486,0.028422,-0.018082,-0.038963,-0.417835,1.100376,0.04876,-0.015636,-0.069031,-0.009374,0.366462,0.080104,0.964411,0.251963,-0.990262,0.048326,0.130309,0.113408,-0.261162,0.958539,0.018972,-0.031768,0.06,0.116471,-0.328055,-0.000487,-1.409217,0.045182,0.039195,-0.025508,-0.164772,-0.951803,0.258689,0.97992,-0.128116,0.152777,-0.112272,0.278668,0.953801,0.009229,-0.015164,0.030596,0.115521,-0.342588,0.012724,-0.720399,0.091632,0.041237,-0.048466,-0.474882,0.545141,-0.690874,-0.643584,-0.75056,-0.14986,-0.600238,0.37347,0.707272,0.013966,-0.013555,-0.01435,-1.805233,1.75216,-0.9904,-0.195315
188,0.092174,0.02085,0.426241,-0.44457,0.574042,-0.687662,-0.693459,-0.706448,-0.141483,-0.566469,0.413248,0.712998,0.01733,-0.005844,-0.047405,-0.02974,0.850179,-0.226878,-0.011439,-0.068542,-0.010726,0.369036,0.072116,0.969981,0.232222,-0.992307,0.046495,0.114444,0.100135,-0.23991,0.965546,0.005809,-0.040252,0.072697,0.467399,-0.629718,-0.185698,-1.4091,0.045433,0.038519,-0.024229,-0.157734,-0.957759,0.24045,0.982151,-0.126897,0.138833,-0.102456,0.258057,0.960681,0.002756,-0.019796,0.036615,0.526947,-0.692949,-0.199487,-0.729053,0.092091,0.040929,-0.049241,-0.483844,0.570224,-0.66388,-0.687433,-0.717096,-0.114923,-0.541598,0.400769,0.738954,0.008434,-0.007433,-0.01857,-0.517889,1.376428,-0.724661,-0.208541
189,0.092965,0.020722,0.424269,-0.442274,0.599258,-0.66733,-0.731075,-0.671842,-0.118869,-0.519031,0.434546,0.736073,0.018462,0.004987,-0.056907,-0.162757,1.010987,-0.415861,-0.033554,-0.068429,-0.012023,0.371983,0.065045,0.975117,0.211912,-0.994026,0.044875,0.099157,0.087114,-0.218324,0.97191,0.001385,-0.022319,0.069848,0.392472,-0.550539,-0.082507,-1.409036,0.045492,0.037868,-0.022784,-0.150398,-0.963751,0.220372,0.984411,-0.125429,0.123295,-0.091185,0.23548,0.967591,0.001457,-0.015598,0.040086,0.492073,-0.662061,-0.180756,-0.72987,0.092479,0.040861,-0.050207,-0.480578,0.59441,-0.644764,-0.723899,-0.683888,-0.090916,-0.494988,0.423052,0.758955,0.009109,0.002127,-0.028659,-3.695071,-0.261136,3.341676,-0.217032
190,0.093287,0.020746,0.423267,-0.432257,0.614299,-0.66018,-0.753895,-0.647824,-0.109264,-0.49427,0.449709,0.743967,0.018166,0.003841,-0.057494,-0.956276,0.735485,0.418196,-0.050664,-0.068417,-0.01246,0.373384,0.063381,0.977102,0.20309,-0.99456,0.045198,0.093491,0.082106,-0.209142,0.974362,0.000638,-0.019875,0.071783,0.212293,-0.406288,-0.006684,-1.409341,0.045498,0.037642,-0.022056,-0.148148,-0.966289,0.210564,0.985219,-0.125689,0.116382,-0.085993,0.224693,0.970627,-0.006687,-0.011168,0.035886,0.272153,-0.451113,-0.035662,-0.726931,0.092654,0.040876,-0.050745,-0.471297,0.609913,-0.63709,-0.746902,-0.660167,-0.079473,-0.469057,0.438389,0.76668,0.009116,0.00189,-0.028769,-0.932194,0.879561,0.469449,-0.22683
191,0.093937,0.020674,0.421124,-0.414491,0.637029,-0.649951,-0.790029,-0.606325,-0.09053,-0.451244,0.475162,0.755399,0.016365,-0.009994,-0.049719,0.057079,0.357234,-0.630398,-0.0947,-0.068601,-0.013196,0.376173,0.060977,0.97998,0.189506,-0.995201,0.045347,0.08633,0.075947,-0.195096,0.977769,-0.015512,-0.011325,0.06296,0.006551,-0.212942,0.112003,-1.409412,0.045411,0.037275,-0.020655,-0.145332,-0.969612,0.196799,0.986075,-0.125701,0.108877,-0.080831,0.209882,0.974379,-6e-06,-0.009021,0.036548,-0.083413,-0.103744,-0.088137,-0.71893,0.092975,0.040849,-0.051796,-0.452812,0.634244,-0.626653,-0.783591,-0.618403,-0.059681,-0.425377,0.464016,0.777008,0.008431,-0.000632,-0.030051,0.015948,0.418573,-0.747883,-0.253446
192,0.094579,0.02057,0.418871,-0.428667,0.634538,-0.643158,-0.792868,-0.605455,-0.068973,-0.432643,0.479581,0.763446,0.016804,-0.001532,-0.060376,0.092073,0.185403,-0.544389,-0.169585,-0.069078,-0.013592,0.378628,0.058367,0.98138,0.182968,-0.995436,0.043562,0.084522,0.074919,-0.188304,0.979179,-0.017429,-0.001279,0.053306,-0.086298,-0.040833,0.000127,-1.409099,0.045172,0.037077,-0.019421,-0.142823,-0.971241,0.190504,0.986449,-0.123983,0.107452,-0.080743,0.20327,0.975787,-0.001887,0.000758,0.026825,-0.127258,-0.013893,0.011078,-0.718603,0.093295,0.040792,-0.052919,-0.466835,0.631208,-0.619387,-0.785372,-0.617872,-0.037725,-0.406514,0.468838,0.784178,0.008557,-0.000358,-0.029991,0.062462,0.191527,-0.551284,-0.298841
193,0.09484,0.020579,0.417692,-0.435835,0.633978,-0.638879,-0.795402,-0.60344,-0.056281,-0.420671,0.482845,0.768066,0.004775,0.001019,-0.058778,-0.378794,0.190269,-0.135607,-0.211706,-0.069218,-0.013598,0.379667,0.057857,0.981466,0.182673,-0.99531,0.042705,0.086421,0.07696,-0.188054,0.979069,-0.003579,0.001218,0.053259,-0.09959,-0.04396,0.035315,-1.409174,0.045096,0.037075,-0.018899,-0.142411,-0.971306,0.19048,0.986313,-0.123099,0.109694,-0.083099,0.203495,0.975542,-0.001672,8.8e-05,0.026223,-0.108321,-0.02637,0.013213,-0.719256,0.093429,0.040794,-0.05351,-0.474161,0.630197,-0.614834,-0.786939,-0.616522,-0.025038,-0.394838,0.471965,0.788257,0.008574,-0.000365,-0.03003,-1.612573,0.436424,0.261239,-0.32562
194,0.095319,0.020547,0.415228,-0.4548,0.627388,-0.632129,-0.790174,-0.611641,-0.038628,-0.410312,0.481141,0.77471,0.004113,-0.001528,-0.060242,-0.059326,0.224298,-0.515205,-0.339689,-0.069254,-0.013472,0.381462,0.07269,0.980001,0.185217,-0.994164,0.056564,0.0915,0.079117,-0.192023,0.978126,-0.003274,0.003748,0.037679,-0.16304,0.125395,-0.142292,-1.409323,0.045076,0.037146,-0.018002,-0.157304,-0.96858,0.192633,0.98389,-0.136935,0.114921,-0.084932,0.207607,0.974517,-0.007477,-0.004719,0.023253,-0.242855,0.178992,-0.165603,-0.719419,0.093664,0.040782,-0.054717,-0.491679,0.623693,-0.607665,-0.781246,-0.624164,-0.0085,-0.384584,0.470557,0.794147,0.002286,0.00355,-0.035313,-1.809138,1.26908,-1.908711,-0.403183
195,0.095482,0.020365,0.412978,-0.46062,0.628195,-0.627093,-0.792887,-0.608726,-0.027479,-0.398424,0.483773,0.779263,-0.008437,-0.000566,-0.0596,0.064517,0.168434,-0.446087,-0.473968,-0.069528,-0.013391,0.382925,0.06895,0.980039,0.186445,-0.994205,0.052258,0.093595,0.081911,-0.193054,0.977693,-0.003451,0.004391,0.038038,-0.074405,0.044376,-0.15061,-1.40935,0.044938,0.037181,-0.017249,-0.15371,-0.968882,0.194009,0.984215,-0.132696,0.117095,-0.087707,0.208945,0.973985,-0.001722,0.002088,0.01894,-0.072387,0.043192,-0.149802,-0.719093,0.093755,0.040688,-0.055866,-0.498178,0.624033,-0.601997,-0.783252,-0.621693,0.003723,-0.371934,0.47337,0.798489,0.001537,-0.006466,-0.025762,-0.103644,0.254,-0.542165,-0.500831
196,0.095316,0.020082,0.410875,-0.477671,0.621345,-0.621133,-0.78561,-0.618526,-0.014663,-0.392711,0.480188,0.784363,-0.008944,-0.009598,-0.049705,0.091458,0.075321,-0.238207,-0.620124,-0.069803,-0.013147,0.384246,0.066504,0.98049,0.184955,-0.994359,0.049981,0.093203,0.082071,-0.191346,0.978016,-0.016137,-0.001496,0.03513,-0.05704,-0.01627,-0.027963,-1.40941,0.044806,0.037307,-0.016599,-0.151277,-0.969587,0.192393,0.984591,-0.130527,0.116369,-0.087717,0.207033,0.974393,-0.002354,0.005966,0.013261,-0.052139,0.062407,-0.155724,-0.719583,0.093672,0.040547,-0.056923,-0.515045,0.616746,-0.595274,-0.775112,-0.631613,0.01625,-0.365961,0.469774,0.803357,-0.0044,-0.004672,-0.024778,0.097995,0.071833,-0.23601,-0.60599
197,0.095057,0.019898,0.409988,-0.484766,0.618372,-0.618599,-0.782268,-0.622844,-0.009675,-0.390677,0.478448,0.786439,-0.021086,-0.014051,-0.03695,0.056806,0.095391,-0.257808,-0.69074,-0.069871,-0.013022,0.384834,0.071581,0.980113,0.185059,-0.994017,0.054958,0.094041,0.081925,-0.191919,0.977915,-0.004227,0.01051,0.025344,-0.032355,-0.021991,0.02951,-1.409408,0.044767,0.037364,-0.016302,-0.156318,-0.968759,0.192534,0.983802,-0.1354,0.117468,-0.087729,0.207778,0.974233,-0.001237,0.000534,0.017631,-0.07228,-0.017592,0.007082,-0.722032,0.093538,0.040446,-0.057388,-0.522128,0.613535,-0.592415,-0.771339,-0.636075,0.021072,-0.363892,0.467955,0.805356,-0.010492,-0.006968,-0.018441,0.059665,0.094138,-0.257839,-0.661836
198,0.094241,0.019388,0.408743,-0.496102,0.613446,-0.614502,-0.776544,-0.630036,-0.002116,-0.387847,0.475372,0.789698,-0.019749,-0.016288,-0.023407,0.031556,0.021243,-0.065744,-0.806473,-0.070011,-0.012771,0.386046,0.075088,0.980142,0.183507,-0.993851,0.058751,0.093497,0.080779,-0.190635,0.978262,-0.002856,0.002512,0.036239,-0.073885,0.043383,-0.151046,-1.409115,0.044699,0.037487,-0.015705,-0.159923,-0.968508,0.190828,0.983317,-0.139328,0.116936,-0.086666,0.206345,0.974633,-0.002223,0.005557,0.012849,-0.038675,-0.016793,0.030572,-0.723175,0.093135,0.040189,-0.058006,-0.533167,0.608388,-0.587874,-0.765163,-0.643213,0.028299,-0.360912,0.464907,0.808456,-0.016108,-0.007343,-0.011111,0.021771,0.126889,-0.304583,-0.758177
199,0.093185,0.018814,0.408219,-0.504153,0.610239,-0.611133,-0.773113,-0.634231,0.004387,-0.384302,0.473925,0.792297,-0.030002,-0.013662,-0.006811,-0.004407,0.052516,-0.111863,-0.844095,-0.070126,-0.012501,0.387136,0.072972,0.980597,0.181923,-0.994032,0.056885,0.092733,0.080508,-0.18884,0.978633,-0.003662,0.008678,0.023718,0.01282,-0.058469,0.012469,-1.409351,0.044638,0.037628,-0.015142,-0.15772,-0.969187,0.189205,0.983694,-0.137436,0.115996,-0.086418,0.204415,0.975061,-0.001811,0.004212,0.011765,-0.011256,-0.040703,0.014917,-0.724971,0.09261,0.039897,-0.058277,-0.541013,0.605012,-0.584178,-0.76136,-0.647404,0.03461,-0.357261,0.463494,0.810886,-0.014804,-0.006195,-0.003046,-0.001102,0.05054,-0.110339,-0.811247
200,0.092036,0.018543,0.408278,-0.511362,0.608005,-0.607359,-0.771343,-0.636277,0.012387,-0.378288,0.474057,0.795107,-0.026392,-0.00832,0.011095,-0.036911,0.046113,-0.075609,-0.828367,-0.069997,-0.012169,0.387996,0.083471,0.979732,0.182071,-0.99328,0.067311,0.093802,0.079555,-0.189913,0.978503,0.011073,0.007514,0.021012,-0.031647,-0.025966,0.032247,-1.409408,0.044702,0.037798,-0.014709,-0.168146,-0.96742,0.189274,0.982037,-0.14772,0.117387,-0.085603,0.205612,0.974881,0.00558,0.003559,0.010357,-0.032725,-0.024596,0.032364,-0.725461,0.092023,0.039749,-0.058254,-0.548087,0.602586,-0.580077,-0.759143,-0.649531,0.042544,-0.351142,0.463679,0.813449,-0.01299,-0.003462,0.005942,-0.03543,0.045267,-0.075137,-0.816962
201,0.091489,0.018558,0.40848,-0.512681,0.607526,-0.606726,-0.770834,-0.63687,0.013555,-0.377539,0.473876,0.795571,-0.024497,-0.001859,0.014607,-0.035671,0.034626,-0.049204,-0.796939,-0.069851,-0.012033,0.388355,0.088156,0.978846,0.18461,-0.993069,0.072118,0.092455,0.077089,-0.192716,0.978152,-0.001436,0.001268,0.018008,-0.041416,0.064734,-0.180829,-1.409435,0.04477,0.037866,-0.014542,-0.172917,-0.966105,0.191677,0.981444,-0.15264,0.116043,-0.082852,0.208186,0.974572,0.005915,0.002438,0.009499,-0.032893,-0.027092,0.032528,-0.726278,0.091767,0.039754,-0.05816,-0.549287,0.602108,-0.579438,-0.758603,-0.650092,0.043603,-0.350434,0.463514,0.813848,-0.012204,-0.000764,0.007412,-0.028043,-0.033533,0.106258,-0.810104
202,0.090757,0.018764,0.40895,-0.513413,0.607404,-0.606228,-0.770793,-0.636897,0.014563,-0.376627,0.473995,0.795932,-0.009703,0.011222,0.006371,0.000256,0.003211,-0.003159,-0.723906,-0.069634,-0.011798,0.38889,0.093559,0.977536,0.188845,-0.99289,0.077815,0.089713,0.0729,-0.197129,0.977594,0.010496,0.012788,0.0079,0.003155,-0.026124,0.055891,-1.409593,0.04488,0.037976,-0.014267,-0.178145,-0.964319,0.195838,0.980879,-0.158179,0.113378,-0.078355,0.212291,0.974059,-0.000474,-0.000216,0.008347,-0.034523,-0.011887,0.003117,-0.725788,0.091389,0.039865,-0.057915,-0.550076,0.601935,-0.578869,-0.758476,-0.650167,0.044675,-0.34947,0.463633,0.814195,-0.005156,0.000985,0.008208,-0.034515,0.019957,-0.019863,-0.779242
203,0.09035,0.019189,0.409362,-0.513546,0.607464,-0.606056,-0.770898,-0.636762,0.014898,-0.376231,0.4741,0.796057,-0.009048,0.013322,0.007482,0.00026,0.003221,-0.003155,-0.648195,-0.069194,-0.011647,0.389439,0.094343,0.977615,0.188042,-0.992743,0.078461,0.090776,0.073886,-0.196475,0.977651,0.013297,1.9e-05,0.015297,-0.03164,-0.026017,0.032217,-1.409045,0.045103,0.038057,-0.013989,-0.178953,-0.964342,0.194984,0.980648,-0.158836,0.114456,-0.079404,0.211693,0.974104,0.006709,-0.000217,0.007473,-0.03167,-0.026047,0.032109,-0.726114,0.091185,0.04009,-0.057702,-0.550211,0.601986,-0.578688,-0.758561,-0.650045,0.045016,-0.349074,0.463739,0.814305,-0.004477,0.006841,0.003845,0.000362,0.003199,-0.003327,-0.722416
204,0.090217,0.019451,0.409531,-0.513596,0.60747,-0.606007,-0.770898,-0.636761,0.014956,-0.376164,0.474092,0.796093,-0.00845,0.015267,0.008514,0.001508,-0.008271,0.023245,-0.619764,-0.068899,-0.011655,0.389701,0.0999,0.977088,0.187912,-0.992239,0.084005,0.09132,0.073332,-0.196809,0.977626,0.013827,-0.001729,0.013982,0.06183,0.019386,0.518466,-1.409232,0.045246,0.038054,-0.013863,-0.183916,-0.963456,0.194747,0.979769,-0.163783,0.115009,-0.07891,0.211959,0.974087,0.007106,-0.001487,0.006506,0.281638,0.133217,1.644314,-0.726604,0.091121,0.040215,-0.057621,-0.550276,0.601981,-0.578631,-0.758546,-0.650057,0.045085,-0.349003,0.463728,0.814341,-0.00439,0.007108,0.003983,0.00035,0.003226,-0.003294,-0.698903
205,0.090104,0.019934,0.409841,-0.511192,0.606174,-0.609329,-0.77103,-0.636634,0.013425,-0.379153,0.475917,0.793583,0.003591,0.011951,0.006402,-0.064898,-0.21935,-0.029397,-0.554152,-0.068328,-0.011831,0.39019,0.109565,0.975967,0.188351,-0.991567,0.094364,0.088453,0.068431,-0.197685,0.977804,0.014598,-0.004236,0.0121,-0.029843,-0.017554,0.004445,-1.409217,0.045537,0.037963,-0.013615,-0.193978,-0.961466,0.194819,0.978229,-0.174646,0.112094,-0.07375,0.212322,0.974412,0.007319,-0.002212,0.005973,-0.046151,-0.005779,0.006043,-0.725625,0.091062,0.040462,-0.057462,-0.547984,0.601123,-0.58169,-0.758839,-0.649835,0.043323,-0.35196,0.465149,0.812255,-0.004529,0.006598,0.003688,-0.109762,-0.295784,-0.120828,-0.654324
206,0.09022,0.020317,0.410057,-0.510369,0.606555,-0.609638,-0.771474,-0.636108,0.012876,-0.379358,0.476134,0.793354,0.015101,0.007004,0.003427,0.002218,-0.026246,0.055936,-0.459973,-0.067655,-0.01206,0.390628,0.114605,0.975421,0.188178,-0.991248,0.100039,0.085755,0.064693,-0.19759,0.978078,0.015654,-0.007625,0.009556,0.076215,-0.05292,0.673253,-1.409363,0.045873,0.03785,-0.013395,-0.198766,-0.960548,0.194523,0.977544,-0.18014,0.10934,-0.069985,0.211888,0.974784,0.007882,-0.004015,0.004615,0.050701,-0.041528,0.682287,-0.715664,0.091122,0.040661,-0.05735,-0.547195,0.601123,-0.582433,-0.75922,-0.649409,0.043038,-0.352366,0.465745,0.811738,0.007534,0.003455,0.001687,0.003337,-0.02369,0.056684,-0.590968
207,0.090319,0.020447,0.410136,-0.509885,0.606776,-0.609824,-0.771739,-0.635793,0.012563,-0.379472,0.476273,0.793217,0.014494,0.00501,0.002357,0.002232,-0.026204,0.055954,-0.421693,-0.067242,-0.012214,0.390823,0.113942,0.975904,0.186063,-0.991407,0.099825,0.084154,0.063424,-0.195284,0.978624,0.015905,-0.008399,0.008973,-0.023632,-0.02268,0.002119,-1.409243,0.046063,0.037777,-0.013305,-0.198203,-0.961096,0.192377,0.977741,-0.180088,0.107653,-0.06882,0.209432,0.975398,0.008128,-0.004793,0.004032,-0.0513,0.006765,-0.02234,-0.7155,0.091167,0.040727,-0.05731,-0.546763,0.601349,-0.582604,-0.759482,-0.649121,0.042754,-0.352471,0.465854,0.81163,0.001044,0.003488,0.001857,0.001396,-0.01111,0.026545,-0.559779
208,0.09054,0.020566,0.410195,-0.508706,0.607297,-0.61029,-0.772354,-0.635062,0.01176,-0.379804,0.476584,0.792871,0.000607,0.00203,0.00108,-0.0,-0.0,-0.0,-0.381252,-0.066539,-0.012603,0.391143,0.112869,0.97603,0.186061,-0.991691,0.099281,0.081398,0.060847,-0.194934,0.978857,0.016538,-0.010351,0.007499,-0.021303,-0.014716,-0.025844,-1.409499,0.046432,0.037576,-0.013139,-0.197157,-0.961309,0.192389,0.978122,-0.179595,0.104984,-0.06637,0.208878,0.975686,0.008278,-0.005224,0.003701,-0.047837,0.004031,-0.022476,-0.721379,0.091284,0.040793,-0.057278,-0.545576,0.601914,-0.583134,-0.760168,-0.64837,0.041956,-0.352833,0.46617,0.811291,0.000235,0.000789,0.000415,-7e-06,1.3e-05,2.4e-05,-0.513568
209,0.090803,0.02054,0.410163,-0.508167,0.607513,-0.610525,-0.77262,-0.634744,0.011387,-0.379984,0.476731,0.792696,0.012178,-0.002687,-0.001743,0.000984,-0.014715,0.029553,-0.347208,-0.065917,-0.012961,0.391597,0.112333,0.976559,0.183587,-0.991776,0.099039,0.080647,0.060448,-0.192369,0.979389,0.015202,-0.006029,0.010749,-0.032207,-0.015816,0.005234,-1.409389,0.046739,0.037392,-0.012922,-0.196617,-0.961882,0.190063,0.978234,-0.179333,0.104387,-0.066324,0.20645,0.976206,0.007559,-0.002901,0.005447,-0.040335,-0.00963,0.006539,-0.723665,0.09141,0.040777,-0.057295,-0.545072,0.602131,-0.58338,-0.760444,-0.648068,0.04161,-0.353016,0.466309,0.811131,-4.3e-05,-0.000141,-7.9e-05,-3e-06,-2e-06,2e-05,-0.486625
210,0.090936,0.020526,0.410152,-0.50796,0.607594,-0.610616,-0.772726,-0.634618,0.011252,-0.380046,0.476795,0.792627,0.000344,0.001154,0.000614,-0.0,-0.0,-0.0,-0.323209,-0.065378,-0.013317,0.392163,0.11092,0.977111,0.181495,-0.991948,0.097867,0.079968,0.060251,-0.190137,0.979837,0.016989,-0.01526,0.020844,-0.059627,-0.022087,-0.021306,-1.409257,0.047014,0.037215,-0.012632,-0.195189,-0.962597,0.187899,0.978526,-0.178198,0.10359,-0.066232,0.204083,0.976709,0.008479,-0.007608,0.010429,-0.082038,-0.005146,-0.018402,-0.730033,0.091479,0.040764,-0.057304,-0.544849,0.602227,-0.58349,-0.76057,-0.647929,0.041467,-0.353088,0.466379,0.811059,0.000216,0.000727,0.000384,-1e-06,9e-06,1.1e-05,-0.465234
211,0.090929,0.020536,0.410157,-0.507834,0.607652,-0.610663,-0.772792,-0.634539,0.011165,-0.38008,0.476826,0.792593,0.000239,0.000801,0.000426,-0.0,-0.0,-0.0,-0.303229,-0.065124,-0.013488,0.392415,0.111154,0.977561,0.178916,-0.991747,0.097782,0.082515,0.063044,-0.187845,0.980103,0.015175,-0.005892,0.010853,-0.032482,-0.01569,0.005298,-1.40942,0.047135,0.037132,-0.01251,-0.195436,-0.963029,0.185415,0.978259,-0.178058,0.106313,-0.069368,0.202161,0.976891,0.008497,-0.007657,0.010395,-0.067912,-0.00839,-0.018894,-0.73134,0.091476,0.040769,-0.057301,-0.544727,0.602287,-0.583542,-0.760641,-0.647851,0.041383,-0.353124,0.466409,0.811026,0.000149,0.000498,0.000262,1e-06,-7e-06,1.4e-05,-0.452987
212,0.090838,0.020617,0.410147,-0.507941,0.60759,-0.610635,-0.772682,-0.634674,0.01114,-0.380161,0.476726,0.792614,0.000166,0.000556,0.000295,-0.0,-0.0,-0.0,-0.257271,-0.064603,-0.013766,0.392964,0.111603,0.978053,0.175919,-0.99146,0.097805,0.085874,0.066658,-0.185235,0.980361,0.014359,-0.003298,0.012806,-0.03256,-0.015654,0.005303,-1.409251,0.047396,0.036991,-0.012243,-0.195875,-0.963504,0.182459,0.977893,-0.178031,0.10967,-0.073184,0.199907,0.977077,0.007239,-0.001858,0.006236,-0.030079,-0.012159,0.004719,-0.731993,0.091435,0.040805,-0.057303,-0.544824,0.60223,-0.58351,-0.760545,-0.647965,0.041368,-0.353182,0.466324,0.81105,0.000118,0.000399,0.000214,-1e-06,-1.2e-05,1e-05,-0.422942
213,0.090733,0.020765,0.410139,-0.508165,0.60972,-0.608321,-0.776108,-0.630363,0.016427,-0.372823,0.479709,0.794298,0.000734,0.00246,0.001306,0.001023,-0.011492,0.026685,-0.202322,-0.064353,-0.013916,0.393499,0.101038,0.981622,0.161868,-0.991771,0.086729,0.093819,0.077944,-0.171254,0.982069,0.013487,-0.000564,0.014859,-0.343301,-0.241178,-1.583344,-1.40948,0.047523,0.036912,-0.011973,-0.187007,-0.967785,0.168581,0.978647,-0.168634,0.117522,-0.085308,0.186959,0.978656,0.000246,-0.002208,0.006708,-1.085871,-0.734656,-5.402632,-0.729217,0.091377,0.04088,-0.057312,-0.545013,0.604333,-0.581154,-0.763794,-0.643755,0.046864,-0.3458,0.469424,0.812442,0.000172,0.000572,0.000305,0.002856,-0.001632,0.003387,-0.386854
214,0.090727,0.02086,0.410158,-0.508458,0.614138,-0.603615,-0.782977,-0.621434,0.027188,-0.357785,0.485673,0.797583,0.000477,0.001596,0.000847,-0.008582,0.079365,-0.182166,-0.134123,-0.064201,-0.013964,0.393977,0.086588,0.985043,0.148946,-0.991971,0.071599,0.103925,0.091612,-0.157992,0.983112,0.013439,-0.00043,0.014954,-0.032749,-0.027875,0.032387,-1.409584,0.047603,0.03689,-0.011726,-0.170886,-0.972854,0.15605,0.980155,-0.151701,0.127594,-0.100458,0.174757,0.979473,0.006705,-0.000206,0.007487,-0.025512,-0.017403,0.030842,-0.729053,0.091375,0.040931,-0.057301,-0.545016,0.608807,-0.576464,-0.770431,-0.634888,0.057893,-0.330745,0.475679,0.815068,0.000292,0.000979,0.000522,0.005452,-0.003162,0.003459,-0.338194
215,0.090738,0.020866,0.41016,-0.510813,0.613544,-0.602229,-0.782577,-0.621798,0.030217,-0.355296,0.48596,0.798521,3.1e-05,0.000104,5.5e-05,-0.0,0.0,-0.0,-0.121338,-0.06414,-0.013963,0.394186,0.08211,0.986211,0.143653,-0.991862,0.066969,0.107978,0.09678,-0.152595,0.983469,0.000248,-0.004411,0.013717,-0.078022,-0.059821,-0.01108,-1.409458,0.047632,0.036894,-0.011626,-0.166421,-0.974434,0.150933,0.980342,-0.147056,0.131536,-0.105978,0.169856,0.979753,0.006625,3.9e-05,0.007671,-0.185394,-0.235907,0.078901,-0.732809,0.091381,0.040937,-0.057298,-0.547407,0.608107,-0.574935,-0.769816,-0.635347,0.060953,-0.328218,0.47596,0.815925,-2e-06,-9e-06,-5e-06,0.002705,-0.001671,0.00153,-0.316803
216,0.090755,0.020866,0.41007,-0.511022,0.613413,-0.602185,-0.782383,-0.622042,0.030212,-0.355423,0.485812,0.798554,0.00014,0.007714,-0.01083,0.03491,-0.016819,0.016435,-0.114852,-0.063976,-0.013919,0.39459,0.082128,0.986884,0.138945,-0.991798,0.067407,0.108289,0.097414,-0.147945,0.984117,-0.001651,0.005167,0.003864,-1.61021,-2.196254,0.470855,-1.409269,0.047715,0.036913,-0.01142,-0.166124,-0.974842,0.148608,0.980511,-0.147266,0.13004,-0.104884,0.167315,0.980308,0.00659,0.000153,0.007746,-0.03598,-0.022535,0.03302,-0.733952,0.09139,0.040936,-0.057338,-0.547598,0.607975,-0.574893,-0.769624,-0.635583,0.060926,-0.328351,0.475815,0.815956,-0.000185,-0.000623,-0.00033,0.008789,-0.07943,0.18197,-0.299984
217,0.090784,0.020894,0.409961,-0.503206,0.619585,-0.602448,-0.789847,-0.612563,0.029658,-0.350043,0.489992,0.798376,-7.2e-05,-0.000243,-0.000129,-0.089895,0.004426,0.119131,-0.114058,-0.063769,-0.013915,0.394997,0.081143,0.987552,0.134718,-0.991809,0.066799,0.108566,0.098127,-0.143671,0.984679,0.000632,-0.005616,0.012808,-0.001688,-0.027428,-0.035612,-1.409359,0.047817,0.036922,-0.011217,-0.165392,-0.975976,0.141828,0.980311,-0.146964,0.13187,-0.107859,0.160846,0.981067,0.006882,-0.000775,0.007049,-0.014834,-0.033807,0.018579,-0.735748,0.091403,0.040947,-0.0574,-0.539988,0.614207,-0.575466,-0.777171,-0.62635,0.060742,-0.323136,0.480036,0.815566,-2.6e-05,-9.5e-05,-5.1e-05,-0.303476,0.013859,0.400366,-0.295738
218,0.090795,0.020914,0.409937,-0.503142,0.619598,-0.602489,-0.789849,-0.612566,0.02956,-0.35013,0.489974,0.798349,-1e-06,-4e-06,-2e-06,-0.0,0.0,0.0,-0.113338,-0.063644,-0.01394,0.395154,0.075914,0.98863,0.129765,-0.991715,0.061504,0.11248,0.103138,-0.138477,0.984911,0.001243,-0.007523,0.011384,-0.034169,-0.001159,-0.024163,-1.409669,0.047879,0.036909,-0.011133,-0.160122,-0.977525,0.13713,0.98055,-0.141543,0.135968,-0.113502,0.156234,0.981176,0.000651,-0.00388,0.005601,-0.03606,0.012183,-0.024873,-0.734769,0.091409,0.040957,-0.057411,-0.539834,0.614301,-0.57551,-0.777272,-0.626235,0.060644,-0.323151,0.480066,0.815542,1.3e-05,3.8e-05,2e-05,0.000337,5.7e-05,-0.000345,-0.295248
219,0.090899,0.020929,0.409886,-0.499029,0.622714,-0.602697,-0.793632,-0.607674,0.029177,-0.34746,0.492102,0.798207,-0.0,-0.0,-0.0,-0.0,0.0,0.0,-0.113154,-0.063232,-0.01388,0.395487,0.049389,0.992201,0.114414,-0.991646,0.035198,0.123828,0.118786,-0.120827,0.985472,0.0116,0.008865,0.004869,-0.331695,-0.428763,-1.535939,-1.409843,0.048088,0.036931,-0.010972,-0.134147,-0.983366,0.122453,0.982325,-0.11568,0.147153,-0.13054,0.140029,0.981503,0.00578,0.004507,0.002475,-0.338801,-0.43476,-1.550694,-0.726768,0.091461,0.040965,-0.057436,-0.535785,0.617492,-0.575879,-0.781151,-0.621407,0.060457,-0.320524,0.482241,0.815295,4e-06,1.3e-05,5e-06,0.00029,-2.5e-05,-0.000385,-0.294105
220,0.09097,0.020898,0.40989,-0.495189,0.625719,-0.602751,-0.797308,-0.602846,0.029122,-0.344535,0.494218,0.798167,-0.0,-0.0,-0.0,-3.33112,0.160944,4.411093,-0.113479,-0.063039,-0.013738,0.395855,0.03431,0.994483,0.099084,-0.990592,0.02084,0.135005,0.132165,-0.10404,0.985683,-0.000101,-0.003349,0.014486,-0.179201,-0.198658,0.017769,-1.409919,0.048185,0.037002,-0.010795,-0.1184,-0.987049,0.108237,0.982364,-0.100552,0.157634,-0.144709,0.124992,0.981547,-0.000196,-0.001261,0.007528,-1.63496,-2.201892,0.46368,-0.725951,0.091497,0.04095,-0.057434,-0.535654,0.617548,-0.57594,-0.781239,-0.621301,0.060406,-0.320529,0.482304,0.815256,-0.0,6e-06,-0.0,0.000178,-3.7e-05,-0.000276,-0.294759
221,0.090981,0.020896,0.4099,-0.495163,0.625733,-0.602758,-0.797331,-0.602815,0.029124,-0.344519,0.494238,0.798163,1.5e-05,5e-05,2.6e-05,-0.0,0.0,0.0,-0.110895,-0.06306,-0.013661,0.396012,0.029093,0.994918,0.096351,-0.990414,0.015811,0.136983,0.13474,-0.10067,0.985684,-0.002269,0.007037,0.005227,0.000922,-0.010437,0.026846,-1.409591,0.048174,0.037039,-0.010711,-0.11321,-0.988013,0.10494,0.982463,-0.095571,0.160092,-0.148144,0.121224,0.981507,-0.000175,-0.001319,0.007508,-0.028991,-0.004669,0.002517,-0.725135,0.091502,0.04095,-0.057429,-0.531977,0.620577,-0.576093,-0.78493,-0.616613,0.060596,-0.317622,0.484429,0.815133,6e-06,2.6e-05,1.3e-05,0.000343,8.5e-05,-0.000329,-0.294432
920,0.070951,0.022301,0.409028,-0.34638,-0.218283,-0.91237,-0.493543,-0.784682,0.375049,-0.797362,0.580472,0.165205,0.025421,-0.010466,0.008904,0.107575,0.5959,-0.098676,0.081413,-0.084341,0.014201,0.380441,0.22534,0.29087,0.929843,-0.76266,0.646518,-0.017294,-0.606443,-0.705614,0.366332,-0.000149,0.000548,0.000367,0.0209,-0.171572,-0.083335,-1.406167,0.037531,0.050977,-0.018491,-0.268947,-0.260948,0.927132,0.707061,-0.707125,0.006082,0.654011,0.657175,0.374685,-0.006425,-0.001242,-0.000161,0.040001,-0.290829,0.038255,-0.762691,0.081478,0.041656,-0.057868,-0.382994,-0.2187,-0.897488,-0.463085,-0.795212,0.391394,-0.799292,0.565515,0.203285,0.007023,0.000973,0.000419,0.181247,0.615806,0.082213,-0.107464
921,0.071645,0.022256,0.409116,-0.359663,-0.196548,-0.912171,-0.491232,-0.79125,0.364124,-0.792882,0.579291,0.189171,0.025911,-0.002016,-0.001557,0.215699,0.283853,0.876687,0.117859,-0.084431,0.014298,0.380369,0.235585,0.296525,0.925507,-0.761343,0.648152,-0.013741,-0.60421,-0.701756,0.377268,-0.00192,0.010134,-0.009222,0.09966,-0.50387,-0.000589,-1.405962,0.037492,0.051022,-0.018524,-0.278685,-0.264127,0.923347,0.705526,-0.708609,0.010242,0.651587,0.654301,0.383827,-0.000946,0.005016,-0.004643,0.112925,-0.621005,-0.059505,-0.757466,0.08182,0.041632,-0.05782,-0.398006,-0.199895,-0.895339,-0.460362,-0.800667,0.383403,-0.793509,0.564777,0.226646,0.006882,0.000611,0.000217,0.216775,0.753549,0.135,-0.064682
922,0.072512,0.022181,0.408967,-0.367261,-0.178696,-0.912816,-0.494815,-0.79345,0.354354,-0.787145,0.582034,0.204121,0.024464,-0.005985,-0.003762,0.079157,0.293246,-0.019597,0.116974,-0.08454,0.014603,0.380123,0.248199,0.30057,0.920894,-0.766787,0.641844,-0.002702,-0.592164,-0.705829,0.3886,-0.002239,0.011312,-0.008428,0.040029,-0.207349,0.382533,-1.406395,0.037433,0.051171,-0.018649,-0.292253,-0.269493,0.917584,0.711355,-0.70254,0.020233,0.639187,0.658642,0.397025,-0.001161,0.00582,-0.004104,-0.026924,-0.092999,0.2542,-0.759752,0.082261,0.041601,-0.057891,-0.40479,-0.179267,-0.896664,-0.465194,-0.803842,0.370716,-0.787235,0.567185,0.241993,0.006109,-0.001515,-0.000965,0.086873,0.239576,0.135716,-0.040352
923,0.072944,0.022065,0.40886,-0.370338,-0.174082,-0.912464,-0.494073,-0.794904,0.352124,-0.786166,0.581442,0.209513,0.011769,-0.004286,-0.002599,0.036528,0.085444,0.072143,0.103191,-0.084571,0.014839,0.380027,0.253151,0.306834,0.917474,-0.77292,0.634449,0.00121,-0.582007,-0.709818,0.396595,0.011713,0.006614,0.003093,-0.429688,-0.198103,-0.036145,-1.406328,0.037414,0.051287,-0.018704,-0.297863,-0.275115,0.914105,0.717558,-0.696073,0.024322,0.629593,0.663169,0.404745,-0.001556,0.007288,-0.003117,-1.480144,-0.166281,-0.477253,-0.760079,0.082481,0.041541,-0.057945,-0.408164,-0.174568,-0.896062,-0.464495,-0.805281,0.368464,-0.785904,0.56661,0.247601,0.011857,-0.004043,-0.002478,0.002846,0.102377,-0.100198,-0.047047
924,0.073573,0.021862,0.408815,-0.374917,-0.167033,-0.911912,-0.493245,-0.796924,0.348702,-0.784509,0.580735,0.21753,0.012764,-0.001494,-0.001052,0.05259,0.130645,0.09133,0.099318,-0.084501,0.015103,0.38001,0.260795,0.31517,0.912494,-0.777769,0.628476,0.005344,-0.572094,-0.711491,0.407864,0.0121,0.005157,0.002116,0.087626,-0.663649,-0.073111,-1.406528,0.037447,0.051425,-0.018708,-0.305157,-0.280387,0.910088,0.723026,-0.690177,0.029799,0.619767,0.667111,0.413339,-0.000319,0.001178,0.000789,-0.032682,-0.091153,0.188839,-0.760405,0.082792,0.041431,-0.057973,-0.412484,-0.168141,-0.895312,-0.46384,-0.80711,0.365274,-0.784033,0.565952,0.25493,0.006476,-0.000483,-0.00039,0.062076,0.1541,0.101237,-0.060437
925,0.074235,0.021836,0.408686,-0.378284,-0.157501,-0.912218,-0.507216,-0.78907,0.346516,-0.773916,0.593965,0.219744,0.012384,-0.002546,-0.001637,0.001521,-0.013197,0.030199,0.108143,-0.084501,0.015218,0.38006,0.270978,0.330022,0.904239,-0.786925,0.6169,0.010798,-0.554573,-0.7149,0.42571,-0.001173,0.004322,0.002889,0.096794,-0.690334,-0.089388,-1.406439,0.037453,0.051477,-0.018687,-0.316612,-0.294917,0.901543,0.732983,-0.679335,0.035188,0.602073,0.671957,0.431255,-0.000494,0.001809,0.001209,0.073033,-0.729188,-0.159986,-0.766121,0.083116,0.041425,-0.058033,-0.416074,-0.158629,-0.895387,-0.478074,-0.799439,0.363785,-0.773515,0.579424,0.25679,0.006712,0.003724,-0.005625,0.030024,-0.047976,0.039102,-0.057497
926,0.074679,0.021786,0.40849,-0.379423,-0.155092,-0.912157,-0.506731,-0.790023,0.345049,-0.773674,0.593327,0.222302,-0.00061,-0.001734,-0.000961,0.000527,0.001491,0.000635,0.112826,-0.08454,0.015398,0.38018,0.280426,0.342298,0.896764,-0.794923,0.606412,0.017238,-0.538231,-0.718113,0.441004,-0.001197,0.00441,0.002943,0.037656,-0.261608,0.313886,-1.4066,0.037433,0.051571,-0.018625,-0.327239,-0.308928,0.893015,0.741885,-0.669313,0.040318,0.585252,0.675709,0.448214,0.005622,0.004128,0.002089,0.026312,-0.231502,0.394364,-0.766774,0.083352,0.041399,-0.058132,-0.417166,-0.156258,-0.895296,-0.477619,-0.800411,0.362245,-0.773209,0.578726,0.259272,0.005674,-0.002752,-0.001646,-0.003723,-0.026947,0.024395,-0.052272
927,0.074771,0.021691,0.408469,-0.37922,-0.154955,-0.912265,-0.506878,-0.790022,0.344838,-0.773678,0.593365,0.222187,0.011294,-0.005652,-0.00336,0.000992,-0.014693,0.029563,0.126413,-0.084523,0.015486,0.380222,0.282408,0.345528,0.894901,-0.796787,0.603926,0.018393,-0.534425,-0.718665,0.444718,-0.000658,0.002421,0.001615,0.114578,-0.010879,-0.039124,-1.406502,0.03744,0.05162,-0.0186,-0.329674,-0.311671,0.891165,0.743874,-0.667003,0.041913,0.581347,0.676733,0.451738,-0.000377,0.00138,0.000919,0.373375,0.256901,-0.373587,-0.769223,0.083394,0.041353,-0.058142,-0.416923,-0.156238,-0.895413,-0.477766,-0.800382,0.362114,-0.773249,0.578771,0.259053,-0.000528,-0.001507,-0.000842,-0.0009,0.009191,-0.027489,-0.045087
928,0.074921,0.021597,0.408437,-0.387724,-0.133537,-0.912076,-0.534217,-0.773796,0.340329,-0.750732,0.619364,0.22982,0.00012,0.000343,0.00019,-0.001778,0.126563,0.057695,0.130167,-0.084488,0.015502,0.380253,0.278231,0.34553,0.896208,-0.7944,0.607209,0.012645,-0.540137,-0.715891,0.442284,0.001921,-0.010128,0.009217,-0.023707,-0.083139,0.154597,-1.406477,0.037457,0.051632,-0.018588,-0.325158,-0.311574,0.892856,0.741314,-0.670186,0.036099,0.587133,0.673625,0.448891,2.7e-05,-0.000105,-6.9e-05,0.00889,-0.087907,0.186484,-0.757303,0.083471,0.041297,-0.058163,-0.425906,-0.134653,-0.89469,-0.505453,-0.784752,0.358721,-0.750413,0.605006,0.26617,0.006197,-0.001271,-0.000822,-0.104231,0.139543,0.107663,-0.031207
929,0.075014,0.021605,0.40844,-0.405307,-0.092674,-0.909496,-0.568082,-0.753927,0.329924,-0.715772,0.650502,0.254061,0.000512,0.001462,0.00081,-0.257744,0.824491,0.1917,0.129769,-0.084415,0.015261,0.38033,0.275469,0.362045,0.890524,-0.801615,0.597764,0.005073,-0.530804,-0.7157,0.453744,0.001116,-0.004107,-0.002741,0.018741,-0.290115,-0.195205,-1.406673,0.037493,0.051511,-0.018544,-0.324036,-0.328729,0.887095,0.749341,-0.661567,0.028562,0.577484,0.673992,0.460701,0.000593,-0.00219,-0.001464,0.009087,-0.257211,-0.17894,-0.758936,0.083517,0.041301,-0.058161,-0.443921,-0.0943,-0.891089,-0.539928,-0.765496,0.349989,-0.71513,0.636492,0.288905,0.000299,0.000845,0.000466,-0.253964,0.84568,0.19872,-0.024349
930,0.075046,0.021613,0.408443,-0.415686,-0.065318,-0.907185,-0.584426,-0.745072,0.321381,-0.6964,0.663854,0.272675,0.012297,-0.002795,-0.001776,0.291393,0.820018,0.385444,0.122974,-0.084324,0.015034,0.38039,0.273092,0.38388,0.88207,-0.80954,0.586989,-0.004693,-0.519882,-0.713264,0.469936,0.003521,-0.016007,0.005294,0.050154,-1.086073,-0.660666,-1.406457,0.037531,0.051409,-0.018518,-0.322827,-0.347072,0.880524,0.757766,-0.652195,0.020747,0.567073,0.673929,0.473546,0.000886,-0.003279,-0.002189,-1.297444,-0.883261,-1.249635,-0.759262,0.08353,0.041309,-0.058157,-0.453865,-0.068782,-0.888411,-0.556973,-0.756348,0.3431,-0.695547,0.650543,0.30497,0.000107,0.000268,0.000145,0.35337,1.146937,0.493721,-0.025982
931,0.075199,0.021573,0.408406,-0.436179,-0.00178,-0.899883,-0.616613,-0.72774,0.300257,-0.65488,0.685846,0.317451,-0.00056,-0.0016,-0.000887,0.437919,1.265664,0.508266,0.056306,-0.084045,0.014535,0.380412,0.275882,0.425724,0.861765,-0.818012,0.574727,-0.021914,-0.504927,-0.699416,0.505697,0.01713,-0.016326,0.003732,0.228007,-1.320172,-0.667365,-1.406852,0.037671,0.051155,-0.018504,-0.328642,-0.389772,0.860273,0.767975,-0.64047,0.003198,0.549734,0.66172,0.509822,0.001297,-0.004783,-0.003211,0.202247,-1.038308,-0.320262,-0.766611,0.083613,0.041292,-0.058174,-0.475188,-0.005472,-0.879867,-0.590321,-0.739543,0.323413,-0.652469,0.673086,0.348192,0.006071,-0.001662,-0.001043,0.500239,1.448944,0.654729,-0.081174
932,0.075487,0.021568,0.408342,-0.457936,0.061912,-0.886852,-0.630776,-0.725584,0.274995,-0.625897,0.685255,0.372431,0.012616,-0.001874,-0.001267,0.425704,1.405073,0.429474,0.015581,-0.08397,0.014104,0.380162,0.268142,0.469007,0.841501,-0.822172,0.566643,-0.053697,-0.502324,-0.678042,0.536463,0.003141,-0.011524,-0.007751,0.215335,-1.005593,-0.547329,-1.406779,0.037714,0.050937,-0.018625,-0.324341,-0.435812,0.839565,0.773607,-0.632968,-0.029709,0.544366,0.639858,0.542444,0.000712,-0.001103,-0.008767,0.336858,-1.277452,-0.698701,-0.766284,0.08375,0.041284,-0.058209,-0.497644,0.058479,-0.865407,-0.605585,-0.73772,0.298385,-0.62098,0.672567,0.402537,0.006393,-0.000735,-0.000529,0.380046,1.506571,0.718435,-0.154002
933,0.075908,0.021614,0.408405,-0.485562,0.111889,-0.867038,-0.626396,-0.736349,0.255712,-0.609234,0.667132,0.428713,0.01436,0.003168,0.001521,0.498743,1.449855,0.467845,0.010637,-0.083716,0.013476,0.379718,0.264485,0.527541,0.807304,-0.84016,0.536994,-0.075512,-0.473658,-0.658949,0.584206,0.017839,-0.015662,-0.011967,0.281592,-1.427766,-0.505831,-1.406966,0.037841,0.050622,-0.018848,-0.324927,-0.495136,0.805768,0.794534,-0.605039,-0.051394,0.512968,0.623511,0.589996,0.008992,-0.008119,-0.006189,0.306373,-1.508793,-0.549605,-0.76857,0.083963,0.041301,-0.058181,-0.52541,0.108143,-0.843948,-0.601921,-0.748287,0.278848,-0.60136,0.6545,0.458251,0.007247,0.001762,0.000852,0.436172,1.326568,0.42387,-0.179639
