frame,MLTx,MLTy,MLTz,MLTR1,MLTR2,MLTR3,MLTR4,MLTR5,MLTR6,MLTR7,MLTR8,MLTR9,MLTTVx,MLTTVy,MLTTVz,MLTRVx,MLTRVy,MLTRVz,MLGA,MRTx,MRTy,MRTz,MRTR1,MRTR2,MRTR3,MRTR4,MRTR5,MRTR6,MRTR7,MRTR8,MRTR9,MRTTVx,MRTTVy,MRTTVz,MRTRVx,MRTRVy,MRTRVz,MRGA,SLTx,SLTy,SLTz,SLTR1,SLTR2,SLTR3,SLTR4,SLTR5,SLTR6,SLTR7,SLTR8,SLTR9,SLTTVx,SLTTVy,SLTTVz,SLTRVx,SLTRVy,SLTRVz,SLGA,SRTx,SRTy,SRTz,SRTR1,SRTR2,SRTR3,SRTR4,SRTR5,SRTR6,SRTR7,SRTR8,SRTR9,SRTTVx,SRTTVy,SRTTVz,SRTRVx,SRTRVy,SRTRVz,SRGA
31,0.174164,0.001437,0.385427,-0.408587,0.425527,-0.807483,-0.776746,-0.626659,0.062732,-0.478822,0.65231,0.587578,-0.013111,4.8e-05,0.000439,0.005115,-0.069064,0.15073,0.17985,-0.199884,-0.034416,0.336595,0.011833,-0.627087,0.778854,0.997823,0.057489,0.031275,-0.064419,0.777556,0.625396,0.014473,0.012289,-0.008089,0.03844,-0.026564,0.047071,-0.041714,0.027428,0.027384,-0.013008,-0.09839,0.721979,0.684883,-0.990797,-0.006788,-0.135181,-0.092949,-0.691881,0.716002,-0.000409,0.011693,-0.007783,0.071651,-0.024232,0.036253,-0.171416,0.088665,0.038904,-0.032375,0.496699,-0.359739,-0.789858,0.679694,0.727153,0.096242,0.539727,-0.584666,0.605689,-1e-06,-2e-06,3e-06,-3e-06,-9e-06,-1.4e-05,0.025944
32,0.174016,0.00144,0.385422,-0.408929,0.425424,-0.807364,-0.776601,-0.626812,0.062996,-0.478765,0.652229,0.587714,-2.4e-05,-0.000561,-0.000355,0.0,0.0,0.0,0.180817,-0.199812,-0.033596,0.335904,-0.012666,-0.634336,0.772948,0.998598,0.03112,0.042051,-0.050729,0.773175,0.632052,-0.001121,0.020361,-0.018578,0.187115,-0.017685,0.131231,-0.150577,0.02747,0.027792,-0.013348,-0.072821,0.727303,0.682441,-0.991585,0.020631,-0.127796,-0.107026,-0.686005,0.719681,-0.000573,0.009959,-0.009513,0.457155,0.097851,0.172074,-0.263349,0.088586,0.038908,-0.032375,0.496913,-0.359644,-0.789767,0.679573,0.727245,0.096407,0.539682,-0.584611,0.605782,-1.6e-05,-0.000338,-0.000211,-5e-06,-3e-06,-2.2e-05,0.025781
33,0.173876,0.001398,0.385388,-0.409365,0.42529,-0.807213,-0.776418,-0.627004,0.063338,-0.478687,0.652133,0.587884,-6.8e-05,-0.001552,-0.000982,0.0,0.0,0.0,0.182235,-0.199964,-0.032889,0.335231,-0.045293,-0.644714,0.763075,0.997779,0.007483,0.065697,-0.048025,0.765148,0.641955,-0.015341,0.010343,-0.008226,-1.34288,-1.448668,1.665809,-0.372598,0.027393,0.028149,-0.013696,-0.03868,0.734327,0.677692,-0.993046,0.047213,-0.107838,-0.111184,-0.677151,0.727394,-0.007668,0.005159,-0.004129,-1.318215,-1.467785,1.636333,-0.434641,0.088516,0.038888,-0.032392,0.497321,-0.359452,-0.789598,0.679351,0.727407,0.096742,0.539585,-0.584527,0.605949,-3.6e-05,-0.000822,-0.000518,1e-06,-3e-06,-5e-06,0.028067
34,0.173771,0.001281,0.385258,-0.409655,0.425198,-0.807114,-0.776242,-0.627206,0.063499,-0.478726,0.651998,0.588002,-0.000233,-0.0053,-0.003359,0.0,0.0,0.0,0.161347,-0.200627,-0.032251,0.334726,-0.079399,-0.646339,0.758903,0.996608,-0.036575,0.073269,-0.019516,0.762941,0.646068,-0.015776,0.021517,-0.016523,0.398487,0.078908,0.200838,-0.702108,0.027067,0.028459,-0.013944,-0.004087,0.734332,0.678777,-0.99026,0.091493,-0.104944,-0.139167,-0.672595,0.726805,-0.007621,0.005476,-0.003802,1.173863,0.094215,1.054575,-0.704723,0.088463,0.038836,-0.032453,0.497591,-0.359321,-0.789487,0.679142,0.727583,0.096897,0.5396,-0.584389,0.606069,-0.000259,0.001796,-0.006766,0.034873,0.001731,-0.006484,0.018759
35,0.173783,0.001163,0.385135,-0.406775,0.425778,-0.808265,-0.776577,-0.627096,0.06042,-0.480636,0.651726,0.586745,-0.000391,-0.008913,-0.005657,0.005218,-0.071684,0.154139,0.137506,-0.20086,-0.031941,0.334524,-0.100366,-0.648264,0.754766,0.99488,-0.059955,0.080952,-0.007116,0.759824,0.649985,-0.000878,0.022516,-0.016411,4.118953,0.283695,3.790703,-0.807759,0.026945,0.028621,-0.014052,0.016484,0.734908,0.677965,-0.988416,0.114288,-0.099856,-0.150869,-0.668466,0.728279,-0.000433,0.011304,-0.00809,4.11411,0.280569,3.792324,-0.840908,0.08847,0.038782,-0.032511,0.494964,-0.360234,-0.790721,0.679562,0.727582,0.093913,0.541484,-0.583828,0.604928,-0.0002,-0.00462,-0.002931,-0.001808,0.013065,-0.027472,-0.002468
36,0.173781,0.000908,0.384699,-0.404099,0.424357,-0.810352,-0.773072,-0.63195,0.054509,-0.488475,0.647957,0.58444,-0.000527,-0.012002,-0.007648,-0.000881,0.012162,-0.026113,0.110857,-0.201274,-0.031108,0.334008,-0.162404,-0.664953,0.729009,0.986635,-0.10299,0.126013,-0.008524,0.740551,0.671844,-0.000647,0.024632,-0.014293,-1.328404,-1.8384,2.262095,-0.984034,0.026744,0.029017,-0.014302,0.081435,0.744164,0.663014,-0.984625,0.163209,-0.062248,-0.154532,-0.647751,0.746014,-0.007701,0.012307,-0.006713,-0.363296,-0.724657,0.963693,-0.822129,0.088473,0.038654,-0.032723,0.492022,-0.359262,-0.792997,0.675755,0.73189,0.087701,0.548879,-0.579023,0.602879,-0.000359,-0.000604,-0.008307,0.03162,0.004285,-0.010797,-0.052599
37,0.173645,0.000726,0.384134,-0.406176,0.422077,-0.810504,-0.768985,-0.636996,0.053582,-0.493174,0.644502,0.584315,-0.01396,-0.002791,-0.017251,0.03909,-0.055477,0.117976,0.109319,-0.201778,-0.029926,0.333512,-0.22075,-0.681926,0.697307,0.975065,-0.139627,0.172299,-0.01987,0.718798,0.694837,-0.014715,0.030912,-0.007173,-0.191383,-0.85663,1.373327,-1.070358,0.026491,0.029609,-0.014563,0.146653,0.754842,0.639301,-0.978587,0.205072,-0.017651,-0.144427,-0.623023,0.768753,-0.007562,0.021084,-0.007659,-0.856279,-1.930713,2.894675,-0.849889,0.088405,0.038557,-0.03301,0.49396,-0.356622,-0.792983,0.670969,0.736388,0.086786,0.552994,-0.574936,0.603028,-0.000263,-0.006111,-0.00391,-0.001186,0.012247,-0.025967,-0.070071
38,0.173552,0.000629,0.383824,-0.406046,0.422109,-0.810553,-0.768759,-0.637303,0.053158,-0.493632,0.644177,0.584286,-0.01381,-0.014525,-0.008914,0.003341,-0.045098,0.098338,0.112439,-0.202004,-0.029062,0.33322,-0.266683,-0.684539,0.678438,0.963594,-0.178025,0.199317,-0.01534,0.707741,0.706209,-0.01486,0.044509,-0.013063,-0.158036,-0.940446,1.611823,-1.144938,0.026372,0.030052,-0.014712,0.196325,0.752835,0.628247,-0.969048,0.246767,0.007121,-0.14967,-0.6102,0.77798,-0.007393,0.022512,-0.006268,-0.17875,-1.006508,1.630295,-0.867687,0.088359,0.038514,-0.033167,0.493823,-0.356679,-0.793043,0.670718,0.736671,0.086326,0.553422,-0.574538,0.603016,-0.000422,-0.001999,-0.009221,0.034653,0.001769,-0.006326,-0.070397
39,0.173272,0.000408,0.383142,-0.41039,0.41234,-0.813389,-0.760316,-0.647158,0.055477,-0.503013,0.640685,0.580111,-0.013852,-0.014773,-0.009126,-0.018596,-0.026503,-0.080123,0.117937,-0.203023,-0.02698,0.332484,-0.348805,-0.680193,0.64472,0.937084,-0.246873,0.246702,-0.008216,0.691051,0.722664,-0.044563,0.055243,-0.020113,3.453242,1.016774,5.432379,-1.398735,0.02588,0.031082,-0.015064,0.277173,0.743555,0.608522,-0.948312,0.313563,0.048799,-0.154526,-0.590595,0.792034,-0.014925,0.027699,-0.010393,-0.562697,-0.472606,1.827685,-0.869647,0.088213,0.038394,-0.033514,0.496732,-0.346117,-0.795901,0.660938,0.745212,0.088426,0.56251,-0.569965,0.598933,-0.00692,-0.007509,-0.00464,-0.006227,0.005841,-0.067697,-0.064519
40,0.172902,0.00013,0.382471,-0.411832,0.405083,-0.816301,-0.755811,-0.652231,0.057585,-0.508585,0.640179,0.575794,-0.000974,-0.005923,-0.019789,0.016285,-0.042581,-0.058564,0.120491,-0.204402,-0.024792,0.331423,-0.431315,-0.65871,0.61649,0.902105,-0.319085,0.290389,0.00596,0.682206,0.731043,-0.03072,0.060708,-0.034877,3.531411,1.906672,5.753649,-1.405561,0.025186,0.032181,-0.015581,0.361344,0.716259,0.596994,-0.917018,0.388919,0.08843,-0.168843,-0.579408,0.797356,-0.022464,0.024781,-0.01286,1.064416,0.241177,2.267205,-0.859849,0.088029,0.038258,-0.033842,0.49723,-0.338612,-0.798813,0.655715,0.749574,0.090418,0.568153,-0.568753,0.594744,-0.007053,-0.002518,-0.009399,0.03562,-0.078678,0.104801,-0.060763
41,0.172677,-1.5e-05,0.382156,-0.411031,0.402776,-0.817845,-0.755629,-0.652368,0.058416,-0.509503,0.641495,0.573513,-0.014157,-0.005254,-0.018979,-0.028244,-0.167281,-0.152308,0.121969,-0.205225,-0.02377,0.330727,-0.479092,-0.641386,0.599238,0.877567,-0.361036,0.315378,0.014658,0.677764,0.735041,-0.04592,0.054754,-0.039907,3.150896,1.54731,5.363599,-1.406245,0.024764,0.032723,-0.015935,0.414371,0.690992,0.592305,-0.892017,0.437469,0.113689,-0.180557,-0.575456,0.797652,-0.023018,0.026985,-0.020359,3.133411,1.554043,5.376483,-0.866544,0.087916,0.038182,-0.034008,0.496373,-0.336982,-0.800035,0.655486,0.749715,0.090902,0.569166,-0.569534,0.593026,-0.007068,-0.002624,-0.00948,-0.041604,-0.20053,-0.165667,-0.05815
42,0.17215,-0.000357,0.381589,-0.408917,0.400927,-0.819811,-0.755815,-0.652192,0.057978,-0.510928,0.642833,0.570742,-0.027165,-0.014527,-0.008703,-0.000426,-0.039786,0.064445,0.127094,-0.207092,-0.021949,0.328851,-0.539077,-0.608198,0.582651,0.841768,-0.410384,0.350636,0.026521,0.680233,0.732423,-0.032501,0.043447,-0.051867,-0.052798,-0.002321,0.942906,-1.406037,0.02383,0.033636,-0.016871,0.475066,0.651851,0.591102,-0.858487,0.490794,0.148728,-0.193161,-0.578109,0.792765,-0.016285,0.021172,-0.026438,-0.01944,-0.041989,0.924326,-0.864421,0.087663,0.038015,-0.034289,0.494045,-0.334987,-0.80231,0.655647,0.749592,0.090758,0.571003,-0.570871,0.589966,-0.006946,-0.006999,-0.004368,0.006047,0.045383,-0.048554,-0.053578
43,0.171508,-0.000866,0.381239,-0.405153,0.401928,-0.821189,-0.756484,-0.651743,0.054172,-0.512935,0.642661,0.569132,-0.013887,-0.012523,-0.007836,0.004305,-0.057958,0.124297,0.138885,-0.208844,-0.020242,0.32665,-0.60067,-0.555182,0.575291,0.796682,-0.475034,0.373598,0.066612,0.683423,0.726883,-0.04746,0.040007,-0.054548,3.140766,2.241418,4.592774,-1.405942,0.022971,0.034468,-0.017957,0.529919,0.599447,0.599872,-0.816818,0.550974,0.170982,-0.228019,-0.580593,0.781611,-0.01674,0.024177,-0.033127,0.023854,0.173279,0.860959,-0.866218,0.087347,0.037762,-0.034463,0.490648,-0.33669,-0.80368,0.656485,0.74932,0.086869,0.572966,-0.570226,0.588685,-0.006962,-0.00676,-0.004235,-0.005195,0.042446,-0.084595,-0.042475
44,0.17091,-0.001514,0.381095,-0.401807,0.402802,-0.822403,-0.757318,-0.651025,0.051079,-0.514338,0.642841,0.567662,-0.013727,-0.022558,0.00156,-0.03849,0.050011,-0.101133,0.147898,-0.210412,-0.018629,0.324431,-0.651906,-0.494576,0.574808,0.748849,-0.538648,0.386027,0.119507,0.682712,0.720753,-0.032879,0.039579,-0.055801,0.942499,0.811429,1.525674,-1.405592,0.022181,0.035268,-0.019073,0.578644,0.534535,0.615988,-0.765312,0.616927,0.183566,-0.281897,-0.577643,0.766068,-0.016462,0.019723,-0.027954,3.1415,2.268496,4.547783,-0.874545,0.087038,0.037439,-0.034541,0.48732,-0.338124,-0.805102,0.657642,0.748673,0.083639,0.574478,-0.570228,0.587208,-0.00692,-0.005459,-0.003399,0.00313,-0.056901,0.123137,-0.028268
45,0.170581,-0.00181,0.381041,-0.396616,0.403958,-0.824354,-0.757912,-0.650732,0.045707,-0.517484,0.64241,0.565284,-0.01367,-0.021006,0.00257,0.086816,-0.167397,0.28724,0.153764,-0.211047,-0.017944,0.323314,-0.670085,-0.468489,0.575756,0.72757,-0.567776,0.384975,0.147375,0.677451,0.720558,-0.033372,0.03579,-0.05964,0.192126,-0.052045,0.169764,-1.405982,0.021864,0.035617,-0.019625,0.595513,0.506224,0.623779,-0.741037,0.645984,0.183213,-0.310205,-0.57135,0.759823,-0.009374,0.017713,-0.03033,0.29324,-0.00804,0.100404,-0.8703,0.086883,0.037292,-0.034566,0.483179,-0.339685,-0.806939,0.658385,0.748509,0.079139,0.577119,-0.569515,0.585308,-0.006928,-0.00551,-0.003441,1.311674,-1.297402,1.943151,-0.0219
46,0.170001,-0.002237,0.380799,-0.389522,0.405774,-0.82684,-0.759053,-0.649862,0.038602,-0.521191,0.642145,0.562171,-0.013928,-0.011304,-0.00712,0.004527,-0.058019,0.124675,0.152216,-0.211838,-0.016966,0.321079,-0.692347,-0.454026,0.560809,0.705064,-0.59052,0.392562,0.153795,0.667759,0.728222,-0.004211,0.008941,-0.049411,0.015638,-0.166092,0.135655,-1.406262,0.021458,0.036115,-0.020746,0.618935,0.489523,0.614235,-0.718607,0.668598,0.191256,-0.317053,-0.559769,0.765594,-0.009508,0.010108,-0.028357,-0.176279,-0.717813,0.700456,-0.879118,0.086583,0.037074,-0.034684,0.475866,-0.342668,-0.810017,0.659988,0.74788,0.071346,0.581348,-0.568554,0.582048,-0.006972,-0.005874,-0.003697,0.001161,-0.054701,0.119892,-0.014062
47,0.169445,-0.002638,0.380452,-0.38645,0.406851,-0.827753,-0.760078,-0.648818,0.035888,-0.521987,0.642517,0.561006,-0.014019,-0.012243,-0.007782,0.004242,-0.05776,0.124215,0.155369,-0.212,-0.01655,0.319114,-0.710476,-0.456061,0.535933,0.690897,-0.596287,0.408702,0.134059,0.661215,0.738029,-0.003896,-0.001942,-0.041155,0.076454,-0.089458,0.133797,-1.406157,0.021375,0.036321,-0.021752,0.64112,0.487589,0.592639,-0.706966,0.675699,0.208873,-0.298602,-0.552889,0.777913,-0.001922,-0.001039,-0.020638,0.084017,-0.074872,0.119926,-0.88173,0.0863,0.03687,-0.03486,0.472981,-0.344179,-0.811067,0.661301,0.746971,0.068664,0.582211,-0.568836,0.580909,-0.007008,-0.006199,-0.003933,0.004113,-0.057678,0.1242,-0.013409
48,0.169212,-0.002813,0.380257,-0.385433,0.407203,-0.828054,-0.760354,-0.648547,0.034928,-0.522337,0.642567,0.560623,-0.013981,-0.011285,-0.007161,-0.00187,0.027,-0.055608,0.147046,-0.211986,-0.016368,0.318224,-0.716987,-0.456357,0.526934,0.68532,-0.599245,0.413734,0.127844,0.658328,0.741703,-0.003388,0.00182,-0.037391,0.080223,-0.10041,0.15437,-1.406697,0.021381,0.036405,-0.022205,0.648972,0.486451,0.584979,-0.702165,0.67898,0.214358,-0.292915,-0.549864,0.782208,-0.001648,0.001013,-0.018584,0.085067,-0.090565,0.144614,-0.879444,0.086183,0.036781,-0.034959,0.472036,-0.344666,-0.81141,0.661653,0.746746,0.067717,0.582577,-0.568837,0.58054,-0.006985,-0.005637,-0.003568,-0.00192,0.027013,-0.055545,-0.013572
49,0.168823,-0.003277,0.379909,-0.381337,0.408291,-0.829413,-0.761011,-0.647984,0.030844,-0.524386,0.642444,0.558849,-0.014084,-0.012447,-0.007979,-0.00187,0.027003,-0.055606,0.121069,-0.211603,-0.016121,0.317231,-0.710717,-0.479099,0.515108,0.696757,-0.579691,0.422401,0.097116,0.659709,0.745128,0.01377,-0.006375,-0.00729,-1.168484,-0.391606,-0.78898,-1.406734,0.021565,0.036516,-0.022713,0.646426,0.508658,0.568682,-0.715733,0.662474,0.221028,-0.264309,-0.549902,0.792304,0.014073,0.002919,-0.007589,-2.798899,-2.462762,-3.886375,-0.871606,0.085994,0.03656,-0.035125,0.468232,-0.346275,-0.812927,0.662528,0.746323,0.0637,0.584649,-0.568413,0.57887,-0.007022,-0.005978,-0.003817,-0.002385,0.027499,-0.056306,-0.040189
50,0.168536,-0.003789,0.379656,-0.37535,0.409705,-0.831444,-0.761691,-0.647445,0.02476,-0.52771,0.642086,0.556124,-0.014036,-0.011138,-0.007134,-0.001871,0.026998,-0.055609,0.115467,-0.210919,-0.016265,0.317299,-0.68865,-0.513903,0.511523,0.723387,-0.533907,0.437709,0.049023,0.672096,0.738747,0.015303,-0.008464,0.01022,-1.136853,-0.498402,-0.823335,-1.406787,0.021908,0.036448,-0.022683,0.627882,0.542125,0.558448,-0.747535,0.619819,0.238777,-0.21669,-0.567383,0.794431,0.00774,-0.003431,0.005911,-3.217303,-1.989074,-3.769485,-0.865891,0.085851,0.036296,-0.035257,0.462476,-0.348538,-0.815252,0.663573,0.745895,0.057545,0.588036,-0.567592,0.576239,-0.000351,-0.005904,-0.003976,-0.002848,0.014265,-0.028985,-0.057007
51,0.168231,-0.004197,0.379389,-0.374522,0.410001,-0.831672,-0.761987,-0.647124,0.024056,-0.527874,0.64222,0.555814,-0.000603,-0.009864,-0.006679,-0.000887,0.012284,-0.026055,0.115821,-0.210173,-0.016528,0.318113,-0.678377,-0.5233,0.515706,0.734568,-0.490664,0.468607,0.008662,0.697363,0.71657,0.016667,0.002021,0.020969,-0.871955,0.370555,0.360285,-1.40691,0.022281,0.036311,-0.022281,0.616757,0.554184,0.559007,-0.767674,0.580483,0.271506,-0.17403,-0.596589,0.78345,0.008381,0.001338,0.010821,-1.529902,-0.013126,-0.617944,-0.865891,0.085693,0.036091,-0.035391,0.461756,-0.348923,-0.815495,0.663927,0.745628,0.056904,0.588202,-0.567705,0.575958,-0.006972,-0.004674,-0.002971,0.004215,-0.057738,0.124181,-0.062886
52,0.168068,-0.004389,0.379263,-0.374305,0.410081,-0.83173,-0.762064,-0.647039,0.02387,-0.527915,0.642254,0.555736,-0.0006,-0.00974,-0.006607,-0.000887,0.012284,-0.026055,0.115255,-0.209787,-0.016488,0.318593,-0.66965,-0.53,0.52025,0.742482,-0.466903,0.480267,-0.0108,0.708544,0.705487,0.016965,0.004505,0.023464,-2.465252,-0.454213,-5.23068,-1.406239,0.022474,0.036335,-0.022037,0.612803,0.556681,0.560872,-0.774739,0.56309,0.28759,-0.155726,-0.610765,0.776346,0.008523,0.002642,0.012122,-0.43569,0.492437,0.406859,-0.862462,0.085612,0.035995,-0.035454,0.461555,-0.349033,-0.815562,0.664023,0.745556,0.056721,0.58825,-0.567732,0.575882,-0.006975,-0.00462,-0.00294,-0.001879,0.027013,-0.055602,-0.063376
53,0.16775,-0.004801,0.378955,-0.371801,0.410621,-0.832586,-0.762122,-0.647066,0.021146,-0.5296,0.641882,0.554561,-0.014201,-0.012654,-0.008245,0.003367,-0.045503,0.098147,0.124515,-0.209056,-0.016223,0.319151,-0.67132,-0.516545,0.531509,0.741022,-0.460279,0.488839,-0.007028,0.722667,0.691062,0.015453,0.006795,0.006165,-0.064445,-0.016303,0.258535,-1.406472,0.022843,0.036489,-0.021728,0.607279,0.548154,0.575097,-0.778967,0.553187,0.295286,-0.156274,-0.627303,0.762933,0.007778,0.003841,0.003523,-0.004509,-0.082648,0.260399,-0.866544,0.085458,0.035797,-0.035603,0.459254,-0.349868,-0.816503,0.66415,0.745642,0.054056,0.589906,-0.567106,0.574804,-0.000373,-0.00605,-0.004118,-0.002346,0.013747,-0.028251,-0.060763
54,0.167404,-0.005268,0.37834,-0.360892,0.410415,-0.837474,-0.76218,-0.647247,0.01119,-0.537018,0.641831,0.547441,-0.001341,-0.021036,-0.014418,0.268951,-0.899699,0.53473,0.110209,-0.208683,-0.016016,0.319063,-0.687374,-0.492857,0.533479,0.725862,-0.488609,0.484065,0.022945,0.720576,0.692897,0.014526,-0.000475,-0.001247,3.432581,2.660039,4.050706,-1.406195,0.023035,0.036596,-0.021769,0.620647,0.525214,0.582191,-0.76202,0.578957,0.290058,-0.184721,-0.623665,0.759552,0.007172,-0.00051,-0.000925,3.532525,2.563224,4.008057,-0.879118,0.085286,0.03558,-0.035893,0.451713,-0.352648,-0.819508,0.664521,0.745894,0.045314,0.595286,-0.565049,0.571272,-0.000728,-0.005234,-0.011737,0.028941,0.018665,-0.040333,-0.057334
55,0.167191,-0.005549,0.37787,-0.352315,0.412335,-0.840178,-0.762332,-0.647162,0.002,-0.542476,0.640684,0.543389,-0.015275,-0.015768,-0.026829,0.039187,-0.055186,0.092794,0.086963,-0.208638,-0.015858,0.319017,-0.725362,-0.43846,0.530655,0.683514,-0.549231,0.480716,0.081581,0.711945,0.697382,-1.6e-05,0.013771,-0.005516,4.226607,3.069461,5.116322,-1.406461,0.023057,0.036667,-0.021801,0.654668,0.469599,0.592355,-0.715955,0.636615,0.286583,-0.242523,-0.611717,0.752983,-8.9e-05,0.006808,-0.002842,4.304672,3.017165,5.086904,-0.882057,0.08518,0.035436,-0.03613,0.440334,-0.354024,-0.825088,0.665166,0.745876,0.03495,0.603041,-0.564211,0.56392,-0.007641,-0.008113,-0.013563,0.046628,-0.030802,0.102149,-0.075133
56,0.166517,-0.006272,0.376538,-0.326663,0.408164,-0.852489,-0.763187,-0.645934,-0.016886,-0.557146,0.644584,0.523571,-0.016188,-0.015701,-0.043416,-0.034686,-0.689621,0.075135,0.069545,-0.20907,-0.015654,0.319014,-0.792389,-0.312456,0.52391,0.572024,-0.678614,0.460657,0.212585,0.665095,0.715764,-0.014414,0.001293,0.002073,4.732848,2.767704,4.973988,-1.406118,0.022846,0.036769,-0.021803,0.711898,0.343959,0.612285,-0.59802,0.754009,0.271739,-0.368201,-0.559609,0.742472,-0.014507,0.000911,0.001714,4.274293,2.975124,4.901508,-0.886139,0.084843,0.035077,-0.036789,0.415666,-0.355015,-0.837367,0.666978,0.74492,0.015265,0.618352,-0.564851,0.546426,-0.014755,-0.013132,-0.016979,0.003498,-0.796179,0.142208,-0.120527
57,0.165229,-0.00684,0.37448,-0.310333,0.394505,-0.86493,-0.764137,-0.644722,-0.019957,-0.565135,0.654239,0.502613,-0.030565,-0.013116,-0.058129,-0.035633,-0.787111,0.162141,0.080892,-0.210121,-0.015294,0.319393,-0.843193,-0.182865,0.505547,0.43085,-0.792085,0.432323,0.322429,0.582574,0.745996,-0.027274,0.014329,0.016013,3.752343,1.721548,4.160463,-1.407417,0.022333,0.036919,-0.021644,0.756724,0.211534,0.618563,-0.447265,0.857611,0.253883,-0.476782,-0.468781,0.743587,-0.01362,0.006994,0.007864,4.003039,1.429717,3.925308,-0.892507,0.084204,0.034788,-0.037815,0.398029,-0.342683,-0.850964,0.668179,0.743887,0.012971,0.628577,-0.57376,0.525062,-0.022075,-0.007445,-0.029492,-0.109672,-0.905226,-0.180583,-0.122487
58,0.163372,-0.007053,0.371814,-0.293009,0.367425,-0.882717,-0.764188,-0.644803,-0.014791,-0.574256,0.669768,0.470815,-0.044887,0.004416,-0.078944,-0.118972,-1.296103,-0.324619,0.100125,-0.211467,-0.014678,0.320133,-0.878696,-0.061212,0.473431,0.280343,-0.868723,0.408243,0.387387,0.491522,0.779872,-0.041589,0.015315,0.017602,3.584341,1.612057,4.614005,-1.407879,0.021658,0.037246,-0.021255,0.789654,0.085498,0.607565,-0.289538,0.924975,0.246148,-0.540937,-0.370285,0.755165,-0.02072,0.008248,0.009408,1.680554,-0.007178,1.527784,-0.904917,0.08328,0.03467,-0.039144,0.37835,-0.319915,-0.868622,0.668129,0.74385,0.017059,0.640667,-0.586806,0.49518,-0.029154,-0.003146,-0.034809,-0.059481,-1.003134,-0.025072,-0.103382
59,0.162354,-0.007037,0.370325,-0.282743,0.351285,-0.892581,-0.764114,-0.644951,-0.011839,-0.579486,0.678247,0.45189,-0.045034,-0.006825,-0.070698,-0.137365,-1.363143,-0.165893,0.111735,-0.212377,-0.014416,0.320488,-0.883888,0.014975,0.46745,0.191948,-0.899674,0.392016,0.427525,0.436208,0.791712,-0.05622,0.014154,0.017069,3.635792,2.294324,4.232388,-1.40772,0.021224,0.037376,-0.021079,0.792458,0.009745,0.609848,-0.198747,0.949424,0.243087,-0.576636,-0.313842,0.754316,-0.020899,0.006667,0.0078,3.587833,1.462144,4.66363,-0.906224,0.082771,0.03468,-0.039893,0.366285,-0.304598,-0.879235,0.667849,0.744014,0.02047,0.647929,-0.594695,0.475946,-0.029334,0.001514,-0.03991,0.00577,-0.929812,0.030434,-0.090972
60,0.160112,-0.006959,0.367094,-0.255173,0.318339,-0.913013,-0.76824,-0.640083,-0.008523,-0.586808,0.69884,0.409031,-0.059525,-0.00077,-0.08336,-0.033244,-1.147744,-0.115262,0.13263,-0.214044,-0.013946,0.321059,-0.870589,0.112126,0.479054,0.071464,-0.934425,0.348821,0.487838,0.33778,0.804849,-0.042029,0.010943,0.013014,4.301477,2.462799,5.789388,-1.407437,0.020371,0.037621,-0.020783,0.770457,-0.083299,0.632025,-0.071558,0.97386,0.215583,-0.633462,-0.211324,0.744356,-0.020802,-0.000177,0.010477,4.588803,3.623203,3.425432,-0.90949,0.081655,0.034719,-0.041503,0.334833,-0.274303,-0.901467,0.672486,0.739696,0.024704,0.660035,-0.614496,0.43214,-0.029709,-0.000563,-0.041769,-0.10115,-1.540712,-0.085206,-0.059783
61,0.157344,-0.006895,0.363618,-0.214854,0.29425,-0.931289,-0.790938,-0.611776,-0.010879,-0.572682,0.733887,0.365337,-0.073978,0.007866,-0.094312,0.080612,-0.995414,0.162042,0.180629,-0.215187,-0.01423,0.321397,-0.820072,0.247403,0.516008,-0.097879,-0.948977,0.29966,0.564839,0.194934,0.801761,-0.015183,-0.017345,0.002666,0.924945,0.276605,0.188086,-1.407924,0.019792,0.037508,-0.020592,0.703457,-0.21714,0.676755,0.110892,0.974058,0.197263,-0.702032,-0.063719,0.709287,-0.007674,-0.009221,0.000761,2.56822,2.063088,-0.000238,-0.911123,0.080276,0.034744,-0.043239,0.29222,-0.255054,-0.921712,0.698975,0.714748,0.02382,0.652717,-0.651215,0.38714,-0.043789,-0.001453,-0.042569,0.016325,-1.20737,0.216593,-0.015042
62,0.155705,-0.006811,0.361843,-0.195393,0.283661,-0.938831,-0.801596,-0.597684,-0.013811,-0.564807,0.74951,0.345334,-0.088014,0.008316,-0.094159,-5.084007,-0.984743,2.073345,0.216268,-0.215564,-0.014621,0.321313,-0.784615,0.307979,0.53807,-0.175154,-0.942563,0.284306,0.595703,0.128448,0.792781,-0.016317,-0.024916,-0.004946,4.446291,3.92888,3.57613,-1.407659,0.019598,0.037308,-0.020632,0.662027,-0.271287,0.698658,0.188111,0.962496,0.195487,-0.725488,0.002008,0.68823,-0.008166,-0.013155,-0.003311,4.4135,3.926513,3.606423,-0.913899,0.079429,0.034788,-0.044163,0.271738,-0.246501,-0.930266,0.710332,0.703551,0.021068,0.649296,-0.666523,0.366279,-0.04402,0.003776,-0.047274,-5.070547,-0.961147,2.090933,0.027087
63,0.152311,-0.006607,0.358203,-0.180949,0.258687,-0.948886,-0.804365,-0.594049,-0.008617,-0.565697,0.761368,0.316753,-0.088816,0.007523,-0.095773,0.135661,-0.799106,0.179879,0.26463,-0.216093,-0.015979,0.320736,-0.666168,0.457262,0.58917,-0.362363,-0.888846,0.280318,0.65269,-0.027317,0.757041,-0.003923,-0.039212,-0.020217,2.918563,2.613981,4.574955,-1.408157,0.019334,0.036643,-0.020913,0.52901,-0.404223,0.746157,0.365992,0.901964,0.229149,-0.765635,0.151865,0.625091,-0.009379,-0.020285,-0.010412,0.243945,1.571015,1.609845,-0.923043,0.077765,0.034886,-0.045948,0.254657,-0.224582,-0.940591,0.714602,0.699025,0.026569,0.65153,-0.678915,0.338499,-0.044312,0.003896,-0.047716,0.11742,-0.940647,0.147789,0.108896
64,0.148823,-0.006619,0.354545,-0.173209,0.228241,-0.958097,-0.802843,-0.596159,0.003067,-0.570272,0.769447,0.287695,-0.08994,-0.004873,-0.089491,0.071989,-1.063214,0.004448,0.269754,-0.21643,-0.01705,0.320082,-0.605017,0.511312,0.610332,-0.41942,-0.856161,0.301678,0.677546,-0.074095,0.731645,-0.002121,-0.014155,-0.014457,-0.358754,0.499073,-0.416308,-1.407681,0.019165,0.036066,-0.021274,0.457279,-0.45699,0.762925,0.421629,0.866734,0.266457,-0.783022,0.199826,0.58902,-0.008329,-0.006642,-0.006455,-1.313667,-1.206268,0.920164,-0.929411,0.076056,0.034888,-0.047744,0.243989,-0.197506,-0.949452,0.71239,0.700791,0.037289,0.658003,-0.685479,0.311687,-0.044905,-0.002613,-0.044804,0.107683,-0.692479,0.134268,0.147106
65,0.145489,-0.006926,0.351279,-0.161309,0.197776,-0.966907,-0.801004,-0.598532,0.01115,-0.576327,0.776048,0.256172,-0.076783,-0.014,-0.080815,0.05534,-0.918969,-0.13115,0.27941,-0.217061,-0.017404,0.319687,-0.60592,0.511246,0.609492,-0.404697,-0.857621,0.31724,0.685653,-0.055068,0.725749,-0.016388,-0.011317,-0.01097,-0.085717,0.381498,-0.545529,-1.407477,0.018844,0.035888,-0.021472,0.459147,-0.456209,0.76227,0.403972,0.871437,0.278215,-0.791195,0.180195,0.584414,-0.008168,-0.005501,-0.005303,-0.038795,0.337041,-0.597533,-0.924513,0.074349,0.034731,-0.049418,0.227589,-0.16758,-0.959228,0.709838,0.702885,0.045622,0.666583,-0.69128,0.278924,-0.045141,-0.001019,-0.044135,0.056991,-1.269139,-0.095762,0.156903
66,0.143839,-0.007129,0.349719,-0.158126,0.18051,-0.970802,-0.799842,-0.599895,0.018681,-0.578819,0.779217,0.240448,-0.076931,-0.012039,-0.079797,0.066057,-0.87287,-0.10979,0.288747,-0.217434,-0.017699,0.319532,-0.582274,0.53057,0.61599,-0.429348,-0.844011,0.321309,0.691102,-0.078039,0.718437,-0.016425,-0.011372,-0.011061,0.099818,0.484233,0.519063,-1.40725,0.018664,0.035747,-0.021544,0.434587,-0.472745,0.76658,0.426396,0.857723,0.287221,-0.793296,0.202045,0.574332,-0.008135,-0.011523,-0.001689,0.733882,1.137307,1.312522,-0.923696,0.073524,0.034627,-0.0502,0.222109,-0.150334,-0.963362,0.708173,0.704016,0.05341,0.670193,-0.69409,0.26283,-0.045289,-0.005158,-0.039066,0.041038,-1.047395,-0.230679,0.167027
67,0.140544,-0.007697,0.346732,-0.15397,0.145327,-0.977353,-0.797022,-0.602861,0.035864,-0.583813,0.784312,0.209868,-0.091635,-0.01951,-0.069494,0.03437,-0.716406,-0.317982,0.318279,-0.217716,-0.018701,0.319335,-0.515661,0.576081,0.634204,-0.490958,-0.805226,0.332421,0.702819,-0.140662,0.697225,-0.00198,-0.025395,-0.006527,-0.035406,0.775727,0.617371,-1.407545,0.018519,0.035254,-0.021641,0.363079,-0.512262,0.778306,0.482526,0.817948,0.313255,-0.797083,0.261817,0.54416,-0.000958,-0.012524,-0.003086,0.766824,1.793998,1.144035,-0.926145,0.071911,0.034354,-0.051671,0.213489,-0.116751,-0.969943,0.704321,0.706422,0.069993,0.677018,-0.698094,0.233043,-0.045751,-0.00984,-0.034743,-0.018379,-1.11285,-0.526381,0.197563
68,0.137286,-0.008549,0.344272,-0.146526,0.118605,-0.982094,-0.805244,-0.590914,0.048723,-0.57438,0.797816,0.183314,-0.092103,-0.025501,-0.057912,-0.164335,-0.740466,-0.530693,0.386594,-0.217465,-0.019552,0.319181,-0.429561,0.613686,0.662465,-0.54959,-0.759672,0.347539,0.717066,-0.215552,0.662734,0.01307,-0.010845,-0.011889,-0.509369,1.369833,0.794939,-1.408051,0.018638,0.034819,-0.021721,0.273148,-0.541559,0.795049,0.535549,0.772164,0.341978,-0.79911,0.332377,0.500947,0.006638,-0.011071,-0.00191,0.462773,1.686298,1.318987,-0.927452,0.070253,0.033918,-0.052935,0.202576,-0.092186,-0.974917,0.713451,0.695837,0.082449,0.670783,-0.712258,0.20673,-0.038996,-0.013426,-0.029478,-0.510363,-0.921559,-0.312041,0.264838
69,0.135558,-0.009084,0.34327,-0.144675,0.111264,-0.983227,-0.811369,-0.582061,0.053466,-0.566177,0.805355,0.17571,-0.092127,-0.031585,-0.045728,-0.008296,-0.265085,-0.317012,0.425629,-0.217111,-0.019956,0.319041,-0.385033,0.620736,0.682956,-0.572065,-0.741138,0.35127,0.724685,-0.256209,0.639572,0.013046,-0.023805,-0.005599,-0.751844,1.164818,0.222154,-1.408034,0.018816,0.034627,-0.021788,0.223674,-0.544333,0.808499,0.555605,0.752749,0.353088,-0.800795,0.37023,0.470804,0.013766,-0.006431,-0.007301,-0.718095,1.296105,0.403969,-0.921736,0.069354,0.033636,-0.053462,0.199247,-0.082755,-0.976448,0.720506,0.687747,0.088734,0.664206,-0.721217,0.196656,-0.045971,-0.01547,-0.022533,0.003252,-0.203441,-0.284562,0.320357
70,0.13225,-0.010183,0.341726,-0.140847,0.095882,-0.9854,-0.82068,-0.567991,0.061982,-0.553589,0.817309,0.159916,-0.077431,-0.02424,-0.040095,0.005996,-0.212331,-0.218117,0.486959,-0.216304,-0.020803,0.318624,-0.275877,0.640733,0.71648,-0.626418,-0.68513,0.371659,0.729354,-0.347072,0.589446,0.042203,-0.026887,-0.010193,-0.456353,1.597445,0.300115,-1.4084,0.019208,0.034205,-0.021994,0.109259,-0.555018,0.824631,0.601453,0.697413,0.389704,-0.791401,0.453398,0.410016,0.013656,-0.007443,-0.008425,0.419461,2.058104,1.327575,-0.920103,0.067729,0.033094,-0.054221,0.193473,-0.068482,-0.978712,0.731356,0.675012,0.097344,0.653976,-0.734621,0.180682,-0.038606,-0.011696,-0.019615,0.011289,-0.342858,-0.030917,0.419474
71,0.129393,-0.011425,0.340531,-0.135986,0.082844,-0.987264,-0.827302,-0.55771,0.0671,-0.544887,0.825787,0.145607,-0.063584,-0.032261,-0.029569,-0.042415,-0.499573,-0.13814,0.516928,-0.214578,-0.021688,0.318239,-0.181455,0.639482,0.74708,-0.648135,-0.649022,0.398277,0.73978,-0.412724,0.531269,0.057707,-0.023194,-0.007135,-1.031002,1.685843,0.235457,-1.408229,0.020064,0.033753,-0.022195,0.012273,-0.545535,0.837997,0.616853,0.663719,0.423046,-0.786982,0.511729,0.344661,0.028713,-0.006085,-0.007727,-1.199348,1.863419,0.602218,-0.926472,0.066272,0.032468,-0.054829,0.187243,-0.057309,-0.98064,0.739125,0.665766,0.102221,0.647019,-0.743956,0.167019,-0.031714,-0.015831,-0.014471,-0.060355,-0.594487,-0.190192,0.488057
72,0.12743,-0.012659,0.339522,-0.132561,0.071186,-0.988638,-0.827498,-0.556961,0.070798,-0.545436,0.827392,0.13397,-0.034884,-0.039785,-0.018165,-0.08307,-0.477469,-0.270447,0.518598,-0.212413,-0.021876,0.317742,-0.090244,0.645848,0.758108,-0.655143,-0.611723,0.443303,0.75016,-0.457456,0.477344,0.058578,-0.004418,-0.007465,3.131328,4.130645,3.250906,-1.408438,0.021145,0.033646,-0.022449,-0.075576,-0.54587,0.834453,0.610501,0.636333,0.47156,-0.788401,0.545074,0.285163,0.021805,0.003743,-0.007099,-0.921194,1.393347,0.61253,-0.918307,0.06529,0.031849,-0.055335,0.182434,-0.046805,-0.982103,0.739271,0.665071,0.10563,0.648224,-0.745311,0.155933,-0.017358,-0.019567,-0.008748,-0.112119,-0.632211,-0.35526,0.508958
73,0.126761,-0.013177,0.339111,-0.131676,0.068267,-0.988962,-0.82759,-0.556709,0.071707,-0.545513,0.827812,0.131034,-0.033506,-0.023304,-0.021753,-0.02097,-0.100892,-0.230244,0.517506,-0.21137,-0.021828,0.317546,-0.048444,0.652329,0.75638,-0.652297,-0.594043,0.470697,0.756421,-0.471382,0.453309,0.044008,-0.002743,-0.005047,-1.335653,0.093254,2.730213,-1.408211,0.021673,0.033673,-0.022544,-0.120763,-0.548535,0.82736,0.605703,0.619609,0.499207,-0.786472,0.561421,0.257424,0.029226,0.003973,-0.007244,-0.828073,1.383114,0.588824,-0.918144,0.064967,0.031594,-0.055537,0.180782,-0.042766,-0.982592,0.739335,0.664766,0.107094,0.648614,-0.745826,0.151796,-0.016666,-0.011294,-0.010517,-0.021004,-0.236116,-0.077816,0.511081
74,0.125907,-0.013839,0.338409,-0.133081,0.0651,-0.988988,-0.827285,-0.55678,0.074618,-0.545634,0.828023,0.129185,-0.017287,-0.014025,-0.013176,-0.002972,0.036335,-0.083457,0.518465,-0.208932,-0.021984,0.317331,0.026078,0.650611,0.758957,-0.629678,-0.578873,0.518022,0.776324,-0.492205,0.393597,0.073533,-0.003168,-0.007126,-1.055042,1.589744,0.975515,-1.408113,0.022881,0.0336,-0.022645,-0.194255,-0.545049,0.815589,0.574063,0.611024,0.545069,-0.795434,0.574082,0.194198,0.029596,-0.006845,0.001217,-0.966624,1.332681,0.976607,-0.922716,0.064534,0.031255,-0.055895,0.18174,-0.039218,-0.982563,0.738865,0.664792,0.110129,0.648882,-0.745997,0.149797,-0.00117,-0.00176,-0.010917,0.038198,0.018063,0.0026,0.512387
75,0.126038,-0.013911,0.337883,-0.139452,0.064491,-0.988149,-0.826292,-0.557482,0.080173,-0.54554,0.827599,0.132262,0.013934,0.005371,-0.013456,0.036198,-0.029642,0.046252,0.517871,-0.206388,-0.022273,0.317353,0.083292,0.647881,0.757168,-0.612585,-0.565896,0.551756,0.785831,-0.510581,0.348768,0.074395,-0.010349,0.005063,-0.395425,0.727604,0.633895,-1.407952,0.024153,0.033455,-0.022642,-0.252768,-0.53933,0.803262,0.549186,0.603537,0.578045,-0.796556,0.587252,0.143638,0.029689,0.000967,-0.000611,-0.173222,1.023577,0.84787,-0.931371,0.064587,0.03121,-0.056159,0.188163,-0.037985,-0.981402,0.737557,0.665306,0.11566,0.648539,-0.745603,0.153202,0.007016,0.002889,-0.00654,0.036173,-0.03214,0.05219,0.512877
76,0.126415,-0.013775,0.337665,-0.141473,0.064286,-0.987875,-0.825789,-0.557975,0.081897,-0.545777,0.827283,0.133256,0.014624,0.008962,-0.010128,0.036243,-0.029896,0.046736,0.518298,-0.205159,-0.022421,0.317443,0.114297,0.644865,0.755696,-0.617536,-0.549631,0.562574,0.77798,-0.53176,0.334428,0.060082,-0.020896,0.014619,-0.128099,0.889308,0.660881,-1.40769,0.024773,0.033389,-0.022597,-0.28149,-0.535368,0.796331,0.551772,0.588653,0.59079,-0.785053,0.605695,0.129701,0.029873,-0.00462,0.003424,0.825058,1.505937,1.110783,-0.930227,0.064776,0.03128,-0.056266,0.190118,-0.037514,-0.981043,0.736928,0.665706,0.117355,0.648684,-0.74527,0.154207,0.014547,0.004201,-0.005229,0.037254,-0.047967,0.082577,0.513203
77,0.127453,-0.013365,0.337428,-0.142104,0.061245,-0.987978,-0.825059,-0.558745,0.083981,-0.546716,0.826998,0.131161,0.029376,0.001548,0.001808,0.001956,-0.029559,0.059034,0.518799,-0.202496,-0.023278,0.317688,0.161117,0.640488,0.750871,-0.622301,-0.524463,0.581045,0.76574,-0.561667,0.313105,0.074381,-0.02634,0.007848,-0.50707,0.597222,0.524085,-1.407549,0.026078,0.032979,-0.022468,-0.32547,-0.529595,0.783323,0.552874,0.565468,0.612025,-0.767071,0.632276,0.108757,0.037115,-0.013858,0.003173,-0.220981,0.218072,0.242591,-0.932187,0.06528,0.03149,-0.05638,0.190356,-0.034352,-0.981113,0.736012,0.666343,0.11947,0.649654,-0.744853,0.152126,0.014998,0.006704,-0.002926,0.033303,0.056819,-0.093096,0.513693
78,0.128492,-0.012984,0.337262,-0.143349,0.060316,-0.987856,-0.821161,-0.564359,0.084648,-0.55223,0.823246,0.13166,0.029398,0.010601,-0.008459,5.496661,-0.512348,-0.651241,0.519158,-0.200162,-0.023998,0.318046,0.186298,0.640461,0.745047,-0.611858,-0.517572,0.598066,0.768404,-0.568065,0.294485,0.045047,-0.009272,0.007503,-0.529894,0.686932,0.526902,-1.407785,0.027277,0.032593,-0.022296,-0.34897,-0.529341,0.773315,0.539339,0.561388,0.627659,-0.766376,0.636114,0.089586,0.029944,-0.004413,0.003505,-0.62983,0.797401,0.66801,-0.942311,0.065813,0.031693,-0.056451,0.19115,-0.034223,-0.980963,0.735336,0.66699,0.120018,0.650185,-0.74428,0.15266,0.014756,0.005584,-0.003984,0.036984,-0.044598,0.076826,0.514836
79,0.129202,-0.012754,0.336882,-0.143837,0.054793,-0.988106,-0.810321,-0.579653,0.08576,-0.567889,0.812949,0.129007,0.013922,0.005528,-0.01333,0.035203,-0.020263,0.019148,0.519873,-0.198246,-0.024147,0.318053,0.245177,0.633184,0.734138,-0.597569,-0.49747,0.628785,0.763023,-0.593635,0.255454,0.044327,-0.000575,-0.003387,-0.833097,1.159114,0.850706,-1.407564,0.02822,0.032522,-0.02228,-0.403529,-0.521213,0.751997,0.519361,0.546164,0.657243,-0.753278,0.655775,0.050305,0.022161,-0.000336,-0.001767,-0.81357,1.168538,0.847393,-0.933657,0.06617,0.031816,-0.056627,0.191072,-0.027545,-0.981189,0.718468,0.68501,0.120681,0.668801,-0.728012,0.150676,-0.000358,-0.001962,-0.001831,0.002647,0.029868,-0.016323,0.516306
80,0.129382,-0.012759,0.336711,-0.143928,0.050986,-0.988297,-0.806615,-0.584578,0.087258,-0.573116,0.809669,0.126494,0.013667,0.004138,-0.014622,0.025953,-0.116983,-0.035194,0.519365,-0.197506,-0.024091,0.317945,0.271677,0.629324,0.728103,-0.586439,-0.49149,0.643787,0.762648,-0.602659,0.234593,0.029055,0.010889,-0.010358,-0.616443,0.88983,0.675158,-1.407241,0.028612,0.032545,-0.022334,-0.431012,-0.516256,0.740071,0.503502,0.543012,0.672028,-0.748807,0.66228,0.025891,0.022181,-0.000128,-0.001565,-0.842617,1.131634,0.856448,-0.932677,0.066265,0.031815,-0.056718,0.190635,-0.02389,-0.98137,0.714075,0.689369,0.12193,0.673613,-0.724015,0.148477,-0.000468,-0.002573,-0.002393,-0.011529,-0.117518,-0.065947,0.516306
81,0.129715,-0.012785,0.336175,-0.142915,0.035888,-0.989107,-0.791783,-0.603744,0.092444,-0.59368,0.796324,0.115932,-0.001116,0.002662,-0.016169,0.012671,-0.275583,-0.162741,0.518107,-0.195847,-0.023638,0.317714,0.321467,0.618376,0.717121,-0.575493,-0.47369,0.666603,0.751484,-0.627743,0.202668,0.058855,0.014262,-0.008775,-0.218744,0.304147,0.373472,-1.407139,0.029429,0.032767,-0.022453,-0.478917,-0.503872,0.718853,0.486816,0.528986,0.695114,-0.730512,0.682852,-0.008048,0.022092,0.007606,-0.003422,-0.176898,0.285784,0.341677,-0.929738,0.066436,0.0318,-0.056987,0.187616,-0.009244,-0.982198,0.696557,0.706278,0.126407,0.692537,-0.707873,0.138948,0.006744,0.005891,-0.013101,0.047052,-0.385903,-0.16174,0.516469
82,0.129946,-0.012322,0.335264,-0.144855,0.007292,-0.989449,-0.771043,-0.6275,0.108203,-0.619919,0.778571,0.097751,-0.000506,0.014751,-0.023587,-0.067239,0.787719,-2.709496,0.512494,-0.193878,-0.023645,0.317529,0.350812,0.61073,0.709882,-0.565697,-0.465764,0.68043,0.745738,-0.641025,0.181175,0.058795,-0.003654,-0.007839,-0.405752,0.528139,0.458185,-1.406988,0.030415,0.032781,-0.022534,-0.503605,-0.496647,0.70691,0.476472,0.522885,0.706799,-0.720663,0.692771,-0.02669,0.022317,-0.007128,0.000945,-0.080209,0.055569,0.120648,-0.929901,0.066551,0.032022,-0.057445,0.183076,0.017826,-0.982936,0.672546,0.726989,0.138448,0.717052,-0.686417,0.121106,-0.000204,0.007542,-0.011646,-0.017846,-0.803478,-0.436013,0.51206
83,0.129917,-0.01204,0.334828,-0.142068,-0.008224,-0.989845,-0.76623,-0.632138,0.115172,-0.626498,0.77482,0.084738,-0.000469,0.014953,-0.023399,-0.016248,-0.941331,-0.516371,0.513569,-0.192776,-0.023862,0.317523,0.355317,0.608385,0.709654,-0.56211,-0.467382,0.682291,0.746311,-0.642075,0.174994,0.044726,-0.013357,0.00283,-0.162405,0.233492,0.00514,-1.407022,0.030948,0.032676,-0.022547,-0.509378,-0.493643,0.704875,0.471476,0.525134,0.708479,-0.71989,0.693216,-0.034751,0.02977,-0.006501,0.001069,-0.17755,0.159351,0.23823,-0.930554,0.066541,0.032156,-0.057655,0.181652,0.031545,-0.982856,0.666561,0.730882,0.146652,0.722978,-0.681773,0.111739,-0.000165,0.007767,-0.011432,0.006742,-0.651117,-0.316688,0.510264
84,0.129641,-0.011674,0.333948,-0.137185,-0.036367,-0.9899,-0.756756,-0.640948,0.128368,-0.63898,0.766767,0.06164,-0.001657,-0.000264,-0.018951,-0.031215,-0.707939,-0.411736,0.514612,-0.19088,-0.02418,0.317563,0.355294,0.608193,0.70983,-0.561224,-0.468346,0.682359,0.746988,-0.641553,0.174015,0.044228,-0.001618,-0.00484,0.006103,-0.045574,0.087763,-1.406754,0.031919,0.032506,-0.022525,-0.509075,-0.493474,0.705213,0.470952,0.526103,0.708109,-0.720448,0.692602,-0.035423,0.022408,-0.006454,0.001576,-0.031043,-0.026248,0.043273,-0.927941,0.066399,0.032356,-0.058108,0.17216,0.06125,-0.983162,0.655269,0.738097,0.160726,0.735514,-0.671907,0.086935,-0.000844,-0.000322,-0.009651,-0.050874,-0.799893,-0.464866,0.51157
85,0.129054,-0.011711,0.333233,-0.134207,-0.060907,-0.989103,-0.751609,-0.64421,0.141598,-0.645655,0.762496,0.041911,-0.016434,-0.010202,-0.009782,-0.033067,-0.300804,-0.243534,0.516479,-0.189069,-0.024352,0.317474,0.37255,0.601243,0.706898,-0.569247,-0.453399,0.6858,0.732354,-0.658627,0.172429,0.0443,-0.000802,-0.004066,-0.025781,-0.001885,0.115553,-1.406962,0.032824,0.032417,-0.022573,-0.525211,-0.486167,0.698422,0.477026,0.511456,0.714743,-0.704697,0.708557,-0.036708,0.022148,-0.000501,-0.002164,-0.016607,-0.013612,0.105666,-0.926798,0.066104,0.032334,-0.058469,0.1654,0.086439,-0.982431,0.649107,0.740428,0.174429,0.742497,-0.666554,0.066358,-0.008218,-0.005169,-0.004949,-0.021487,-0.240523,-0.204667,0.51353
