frame,MLTx,MLTy,MLTz,MLTR1,MLTR2,MLTR3,MLTR4,MLTR5,MLTR6,MLTR7,MLTR8,MLTR9,MLTTVx,MLTTVy,MLTTVz,MLTRVx,MLTRVy,MLTRVz,MLGA,MRTx,MRTy,MRTz,MRTR1,MRTR2,MRTR3,MRTR4,MRTR5,MRTR6,MRTR7,MRTR8,MRTR9,MRTTVx,MRTTVy,MRTTVz,MRTRVx,MRTRVy,MRTRVz,MRGA,SLTx,SLTy,SLTz,SLTR1,SLTR2,SLTR3,SLTR4,SLTR5,SLTR6,SLTR7,SLTR8,SLTR9,SLTTVx,SLTTVy,SLTTVz,SLTRVx,SLTRVy,SLTRVz,SLGA,SRTx,SRTy,SRTz,SRTR1,SRTR2,SRTR3,SRTR4,SRTR5,SRTR6,SRTR7,SRTR8,SRTR9,SRTTVx,SRTTVy,SRTTVz,SRTRVx,SRTRVy,SRTRVz,SRGA
1627,0.135299,0.016898,0.446652,0.387059,0.794873,-0.467341,-0.912882,0.401581,-0.07315,0.129043,0.453956,0.881646,-0.001824,-0.020004,0.006218,0.745788,0.120194,-1.894603,0.276493,-0.123517,0.028149,0.425408,0.356218,0.501666,0.788309,-0.820621,0.571367,0.007358,-0.447145,-0.650149,0.614191,0.022887,0.005713,0.00114,0.013151,-0.101206,0.244117,0.442052,0.033195,0.05613,0.000982,-0.258812,-0.572975,0.777634,0.890667,-0.453111,-0.03743,0.373801,0.682926,0.627601,0.011412,0.003072,0.000655,0.013025,-0.101395,0.243841,0.410225,0.077334,0.044486,-0.047242,0.231666,0.869416,-0.4364,-0.971566,0.229323,-0.058895,0.048872,0.437636,0.897822,-0.006728,-0.004819,-0.001556,2.75038,0.368521,-5.239947,0.202298
1628,0.134842,0.016456,0.446486,0.265404,0.834934,-0.482174,-0.962149,0.261293,-0.077251,0.061152,0.483391,0.873282,-0.013942,-0.012275,-0.004304,0.951248,-0.293853,-1.893596,0.273416,-0.122952,0.028658,0.425283,0.36083,0.497766,0.788683,-0.818289,0.574628,0.011852,-0.447728,-0.650267,0.613641,0.020939,0.018695,-0.007375,0.031745,0.000562,0.093925,0.441485,0.033478,0.056386,0.000921,-0.263876,-0.569494,0.778488,0.888952,-0.456819,-0.032862,0.374343,0.683368,0.626796,0.010439,0.009566,-0.003604,0.039932,-0.031185,0.081886,0.407449,0.077111,0.04427,-0.047319,0.104722,0.887536,-0.448678,-0.994217,0.082649,-0.068563,-0.023769,0.453263,0.891059,-0.007026,-0.002113,-0.007596,3.555668,-0.407558,-5.434032,0.181234
1629,0.134646,0.01627,0.446282,0.181976,0.852579,-0.489938,-0.983135,0.166359,-0.075777,0.016666,0.494407,0.869086,-0.014052,-0.012859,-0.004552,0.970402,-0.145744,-2.077013,0.27635,-0.122656,0.029,0.425146,0.365509,0.492573,0.789789,-0.813658,0.581111,0.014275,-0.452358,-0.648449,0.612167,0.009408,0.016371,-0.007718,1.289817,0.244487,1.160659,0.44258,0.033622,0.056554,0.000856,-0.268199,-0.566388,0.779277,0.886191,-0.46228,-0.030996,0.3778,0.682276,0.625912,0.010476,0.009456,-0.00361,4.319156,0.414141,3.631689,0.408102,0.077008,0.044171,-0.047422,0.017732,0.889358,-0.456866,-0.997388,-0.016264,-0.070371,-0.070016,0.45692,0.886747,-0.00703,-0.006478,-0.002296,0.980097,-0.115256,-2.086123,0.179601
1630,0.134512,0.016032,0.445746,0.027828,0.859286,-0.510782,-0.997347,-0.01035,-0.071852,-0.06707,0.510359,0.857358,-0.001643,0.00655,-0.025617,5.211883,-1.238563,-4.143384,0.285898,-0.122186,0.029677,0.424656,0.380971,0.475102,0.793177,-0.797259,0.60319,0.021774,-0.468544,-0.641255,0.607553,0.008807,0.020833,-0.019825,4.386995,0.188124,3.53302,0.42753,0.033855,0.056899,0.000619,-0.28359,-0.55164,0.784391,0.875239,-0.483126,-0.023333,0.391831,0.679913,0.619827,0.005127,0.005521,-0.004992,-0.132016,-0.036652,0.285127,0.400754,0.07694,0.044047,-0.047693,-0.134637,0.868646,-0.476788,-0.978807,-0.191513,-0.072512,-0.154298,0.456921,0.876022,-0.000825,0.003438,-0.012777,5.182253,-1.30404,-4.156982,0.187602
1631,0.134705,0.016375,0.445037,-0.089926,0.839955,-0.535195,-0.985929,-0.151024,-0.071462,-0.140748,0.520194,0.842387,0.01205,0.008636,-0.011198,2.963661,-0.273116,-4.931673,0.293661,-0.12213,0.030458,0.423801,0.401596,0.442999,0.801539,-0.768457,0.639051,0.031969,-0.498541,-0.629339,0.596031,-0.003957,0.027238,-0.030436,4.4682,0.490021,3.497249,0.396472,0.033887,0.057294,0.000183,-0.310388,-0.521807,0.794591,0.849929,-0.526713,-0.013888,0.425769,0.671036,0.606985,-0.001889,0.013378,-0.015294,4.477077,0.477847,3.484797,0.372668,0.077034,0.044205,-0.048053,-0.246685,0.82864,-0.502494,-0.941517,-0.327748,-0.078264,-0.229544,0.453801,0.86103,0.006088,0.004873,-0.005403,2.93839,-0.314199,-4.93888,0.197563
1632,0.134971,0.017232,0.444257,-0.213173,0.800685,-0.559916,-0.947253,-0.30969,-0.082313,-0.23905,0.511839,0.825169,0.001165,0.024173,-0.018552,3.328233,-0.534994,-5.106176,0.345785,-0.122448,0.031449,0.422543,0.425734,0.399254,0.811997,-0.729055,0.682814,0.046653,-0.536326,-0.61235,0.580728,-0.015003,0.022262,-0.031844,0.131668,0.397651,0.248741,0.326185,0.033735,0.057774,-0.000422,-0.340502,-0.481958,0.807325,0.816771,-0.57696,5.2e-05,0.46577,0.659418,0.590106,-0.007515,0.01132,-0.015838,1.330994,0.635783,1.19863,0.310944,0.077167,0.044631,-0.048433,-0.357593,0.771287,-0.526539,-0.876486,-0.471791,-0.095835,-0.322333,0.427234,0.844731,0.006489,0.011348,-0.009837,1.38492,-0.472888,-1.592278,0.233487
1633,0.135162,0.017744,0.443809,-0.263572,0.776539,-0.572331,-0.92147,-0.378131,-0.088782,-0.285039,0.503018,0.815937,0.013014,0.023334,-0.019407,0.84744,-0.90027,-1.505535,0.364785,-0.122651,0.031943,0.421901,0.433227,0.378771,0.817825,-0.710513,0.701749,0.051509,-0.554916,-0.603864,0.572084,-0.015107,0.022959,-0.031514,0.032139,0.444636,0.240832,0.295787,0.033632,0.058027,-0.000756,-0.350755,-0.462724,0.81416,0.800804,-0.598907,0.004615,0.485471,0.653602,0.580621,-0.001702,0.012008,-0.01585,0.1023,0.464421,0.52697,0.268652,0.077259,0.044892,-0.048655,-0.406433,0.737044,-0.539978,-0.836293,-0.538124,-0.105048,-0.368,0.408885,0.835097,0.006505,0.016053,-0.015034,3.4304,-0.11898,-4.656447,0.268104
1634,0.135902,0.018848,0.44277,-0.315277,0.73867,-0.59583,-0.88388,-0.457075,-0.099044,-0.345115,0.494495,0.797745,0.024876,0.022975,-0.020051,3.328031,-0.189938,-4.212577,0.359432,-0.123041,0.033051,0.420658,0.450935,0.342418,0.824256,-0.675769,0.734213,0.064828,-0.583522,-0.586668,0.561415,-0.015959,0.028427,-0.02912,0.044507,0.155338,0.41234,0.26597,0.033433,0.058581,-0.001393,-0.373009,-0.42903,0.822677,0.771166,-0.636385,0.017776,0.515913,0.641051,0.568231,-0.007999,0.014441,-0.014458,0.048216,0.10352,0.407083,0.201213,0.077625,0.045447,-0.049173,-0.44757,0.691637,-0.566849,-0.787333,-0.605335,-0.116936,-0.424012,0.393962,0.815479,0.012501,0.015919,-0.015297,0.23947,-0.939633,0.038772,0.292598
1635,0.136528,0.020128,0.441872,-0.39302,0.685337,-0.613103,-0.828341,-0.55331,-0.087591,-0.398784,0.472578,0.785919,0.01387,0.029499,-0.016919,0.319276,-0.442608,-0.273441,0.356611,-0.123197,0.034184,0.419717,0.472467,0.316505,0.822551,-0.651861,0.75356,0.084606,-0.593631,-0.576559,0.561289,-0.00355,0.023936,-0.017683,0.033469,0.044205,0.332897,0.270075,0.033357,0.059131,-0.00185,-0.397743,-0.406984,0.822291,0.750955,-0.65932,0.036914,0.52713,0.632186,0.567867,0.003321,0.01755,-0.013749,-0.074625,0.07125,0.411683,0.186517,0.077937,0.046067,-0.049614,-0.517196,0.623258,-0.586562,-0.712304,-0.6934,-0.108712,-0.474478,0.361586,0.802573,0.006997,0.015398,-0.008258,3.611971,-0.170075,-4.482098,0.285086
1636,0.136682,0.020822,0.44149,-0.432753,0.652702,-0.621893,-0.792372,-0.604344,-0.082985,-0.429471,0.456043,0.779491,0.002628,0.042496,-0.025267,1.155729,-0.361148,-1.281193,0.382058,-0.12318,0.034668,0.419354,0.479571,0.307912,0.821701,-0.643921,0.759579,0.091319,-0.596605,-0.57329,0.561484,-0.003598,0.024215,-0.01755,4.511736,0.790281,3.732148,0.287688,0.033363,0.059392,-0.002044,-0.405952,-0.401433,0.821007,0.745159,-0.665494,0.043053,0.529093,0.629259,0.569291,-0.00172,0.012068,-0.008784,4.450984,1.005435,3.802305,0.193865,0.078023,0.046424,-0.049812,-0.54982,0.584266,-0.596933,-0.667638,-0.73686,-0.106279,-0.501952,0.340101,0.795219,0.007163,0.016612,-0.007789,3.745041,-0.016096,-4.750474,0.29619
1637,0.136973,0.022405,0.440687,-0.479906,0.592089,-0.647431,-0.731162,-0.677722,-0.077901,-0.484312,0.435251,0.758963,0.014581,0.043063,-0.025574,0.063237,-0.688634,-0.184598,0.420535,-0.12302,0.035677,0.418598,0.491543,0.290917,0.820819,-0.626773,0.772495,0.101689,-0.605088,-0.564816,0.560994,-0.003466,0.023319,-0.017899,0.075743,-0.02251,0.259898,0.291816,0.033444,0.059891,-0.002414,-0.420117,-0.383684,0.822367,0.729185,-0.682162,0.054243,0.540175,0.622447,0.566365,0.003265,0.017742,-0.013636,0.153166,-0.088722,0.339728,0.21297,0.078165,0.047219,-0.050212,-0.585945,0.516261,-0.624612,-0.592623,-0.798708,-0.10422,-0.552688,0.309092,0.773948,0.001385,0.017346,-0.007176,0.209417,-0.776224,-0.572627,0.34779
1638,0.137209,0.023735,0.439913,-0.503559,0.541631,-0.673134,-0.688028,-0.722583,-0.066797,-0.521955,0.428822,0.737361,0.001939,0.029658,-0.016314,-0.66785,-0.55965,-0.754852,0.446459,-0.123016,0.036601,0.417951,0.507438,0.264385,0.820121,-0.599892,0.791565,0.116135,-0.619087,-0.551247,0.559215,0.007798,0.026424,-0.017189,0.022134,0.102011,0.37391,0.285267,0.033442,0.060351,-0.002738,-0.439584,-0.360155,0.822832,0.705672,-0.705237,0.068309,0.55569,0.610678,0.564162,-0.001761,0.011886,-0.008841,-0.003111,0.194702,0.345582,0.2115,0.078289,0.047899,-0.050599,-0.599811,0.464264,-0.651678,-0.541917,-0.834927,-0.096027,-0.588686,0.295557,0.752391,0.001,0.014709,-0.008227,-1.965713,0.139844,-2.013432,0.390245
1639,0.137235,0.024256,0.439635,-0.516846,0.515014,-0.683868,-0.661223,-0.747497,-0.063278,-0.543142,0.41884,0.727734,-0.009978,0.029133,-0.015978,0.05459,-0.651032,-0.082221,0.461758,-0.123002,0.036985,0.417714,0.51211,0.256179,0.819821,-0.591834,0.796912,0.120814,-0.622994,-0.54739,0.558664,0.007873,0.02589,-0.017404,0.068526,-0.049335,0.277526,0.282649,0.033449,0.060545,-0.002856,-0.445194,-0.352097,0.823303,0.698553,-0.71179,0.073329,0.5602,0.607768,0.562843,-0.001146,0.007616,-0.003712,0.046823,-0.085291,0.235268,0.206275,0.078303,0.048171,-0.050743,-0.60773,0.434816,-0.664528,-0.510892,-0.854704,-0.092028,-0.607991,0.283574,0.741573,-0.005005,0.01434,-0.008074,0.059192,-0.607021,-0.062418,0.409187
1640,0.137139,0.024946,0.439158,-0.550812,0.447332,-0.70466,-0.585929,-0.808456,-0.055297,-0.593744,0.381861,0.708291,0.000388,0.019422,-0.020257,1.08888,-0.655469,-1.394311,0.512885,-0.122892,0.03771,0.417364,0.519797,0.240181,0.819826,-0.580928,0.802935,0.133236,-0.626894,-0.545818,0.555833,0.008795,0.019141,-0.006398,0.412073,0.147253,0.402131,0.28134,0.033508,0.060913,-0.003039,-0.455134,-0.337372,0.824034,0.689,-0.719649,0.085916,0.56403,0.606863,0.559987,0.00439,0.009668,-0.00316,0.432214,0.111825,0.385512,0.201703,0.078256,0.048523,-0.05098,-0.62891,0.363662,-0.687183,-0.426026,-0.900549,-0.086677,-0.650363,0.238246,0.721294,0.000153,0.009318,-0.010275,1.079122,-0.730457,-1.424946,0.467482
1641,0.137157,0.025329,0.438389,-0.554936,0.403977,-0.727251,-0.546039,-0.836366,-0.048,-0.626955,0.369963,0.685625,-0.001333,0.008112,-0.024613,0.050905,-0.706093,-0.123151,0.52389,-0.122887,0.038528,0.417182,0.544003,0.213509,0.81146,-0.558031,0.814206,0.160014,-0.62719,-0.540135,0.561026,-0.00346,0.022235,-0.004491,0.010292,-0.113865,0.29449,0.280218,0.033512,0.061311,-0.003129,-0.483016,-0.314032,0.817361,0.668672,-0.734954,0.112778,0.565307,0.601021,0.564978,-0.001794,0.011534,-0.002072,-0.053556,-0.23581,0.415762,0.200233,0.078267,0.048717,-0.051353,-0.625031,0.320674,-0.71169,-0.381308,-0.920971,-0.080094,-0.681131,0.221312,0.697911,-0.000728,0.003522,-0.012507,0.261069,-0.765056,-0.597143,0.507488
1642,0.137095,0.025379,0.437637,-0.555897,0.369499,-0.744644,-0.515619,-0.855874,-0.03984,-0.651357,0.361341,0.667228,-0.001284,0.008438,-0.024487,-0.424242,-0.093924,-0.791004,0.516769,-0.122949,0.03937,0.417137,0.563681,0.189808,0.803883,-0.542139,0.819208,0.186863,-0.623764,-0.541385,0.563635,-0.002283,0.01405,0.005848,-0.047211,0.082082,0.284143,0.298867,0.03348,0.061739,-0.003154,-0.50601,-0.293431,0.81108,0.654526,-0.743053,0.139519,0.561737,0.601472,0.568051,0.003793,0.013143,-0.001721,-0.014774,0.028383,0.561002,0.211827,0.078233,0.048726,-0.051735,-0.619011,0.287889,-0.730715,-0.347922,-0.934638,-0.073495,-0.704113,0.208738,0.678714,-0.006462,0.000275,-0.006577,-1.421416,0.54073,-2.22469,0.511407
1643,0.136956,0.025413,0.437344,-0.563121,0.347248,-0.749906,-0.489948,-0.871013,-0.035485,-0.664805,0.346996,0.661555,-0.001475,-0.001223,-0.014367,-0.010567,-0.605316,-0.169815,0.516978,-0.12293,0.039755,0.417118,0.568027,0.180404,0.802989,-0.536932,0.820595,0.195605,-0.62433,-0.542486,0.561947,-0.001957,0.012026,0.004992,-0.070695,0.094214,0.506546,0.29828,0.033488,0.061937,-0.003161,-0.511493,-0.284926,0.810673,0.64996,-0.745395,0.148109,0.562072,0.602663,0.566455,0.003991,0.011875,-0.002255,-0.068032,0.165526,0.593978,0.217542,0.078164,0.048746,-0.051885,-0.623554,0.265164,-0.735437,-0.319903,-0.944901,-0.069451,-0.713331,0.191962,0.674023,-0.00648,0.004639,-0.011803,0.157301,-0.445169,-0.72772,0.511081
1644,0.136782,0.025528,0.43656,-0.571435,0.320014,-0.755711,-0.462839,-0.886065,-0.025305,-0.677002,0.334909,0.655386,-0.001688,-0.002592,-0.014915,-0.091603,-0.358307,-0.195004,0.517835,-0.122926,0.040401,0.416968,0.574023,0.160396,0.80297,-0.527523,0.822369,0.212984,-0.626874,-0.546044,0.555633,-0.002681,0.017381,-0.00655,-0.111485,0.289806,0.5854,0.296053,0.03349,0.062262,-0.003231,-0.520358,-0.266655,0.811247,0.641498,-0.749116,0.165243,0.563655,0.606399,0.560867,0.004255,0.010171,-0.002966,-0.211812,0.559643,0.547765,0.219828,0.078076,0.048803,-0.052277,-0.626304,0.236857,-0.742725,-0.290396,-0.955042,-0.059689,-0.723472,0.178301,0.666929,-0.00079,0.003153,-0.012653,-0.216576,-0.474297,-0.366454,0.512713
1645,0.136571,0.025768,0.435996,-0.578419,0.30868,-0.755111,-0.455203,-0.890241,-0.015302,-0.676241,0.334488,0.656387,-0.011652,0.009693,-0.009555,0.033353,0.002546,-0.012614,0.510679,-0.123017,0.041045,0.416872,0.578031,0.144873,0.803046,-0.520484,0.823309,0.226258,-0.629079,-0.548937,0.550264,0.008193,0.022198,-0.005174,-0.01108,0.048522,0.329587,0.281737,0.033442,0.06257,-0.003284,-0.526041,-0.250717,0.812663,0.635094,-0.751336,0.179302,0.565629,0.610438,0.554462,-0.001591,0.010241,-0.00264,-0.02908,0.108928,0.320959,0.208724,0.077977,0.048902,-0.052568,-0.630466,0.224161,-0.743144,-0.282225,-0.958067,-0.049557,-0.723091,0.17849,0.667293,-0.005782,0.005064,-0.004686,0.028135,0.023632,-0.011639,0.508304
1646,0.136382,0.025996,0.435887,-0.582932,0.30264,-0.754085,-0.448789,-0.893545,-0.011753,-0.676646,0.331192,0.657639,-0.010692,0.015854,-0.007131,0.036096,-0.007212,0.016134,0.508741,-0.123034,0.041315,0.416879,0.579701,0.140479,0.802623,-0.518174,0.823662,0.230237,-0.629452,-0.549542,0.549233,0.009624,0.012425,0.004507,-0.021052,-0.015666,0.277784,0.287122,0.033433,0.062714,-0.003282,-0.528436,-0.246388,0.812433,0.632849,-0.752216,0.183502,0.565912,0.611116,0.553424,-0.000869,0.005343,0.002196,-0.013111,-0.018556,0.241939,0.205622,0.077877,0.04901,-0.052625,-0.633925,0.217326,-0.742231,-0.275232,-0.960271,-0.046098,-0.722762,0.175063,0.668555,-0.005332,0.00798,-0.003537,0.036072,0.003016,-0.004119,0.504875
1647,0.136058,0.026612,0.43574,-0.586825,0.2938,-0.754561,-0.441129,-0.897405,-0.006422,-0.67831,0.32872,0.657165,-0.010263,0.018455,-0.006114,-0.049872,-0.392454,-0.151742,0.511621,-0.122904,0.041757,0.416937,0.5819,0.135719,0.801851,-0.515439,0.824117,0.234708,-0.629672,-0.550051,0.548471,-0.002546,0.016504,-0.006931,0.03553,-0.00288,0.022139,0.291652,0.0335,0.062945,-0.003249,-0.531538,-0.242111,0.811695,0.630212,-0.753319,0.187994,0.56595,0.611466,0.552999,-0.00126,0.008177,-0.003499,0.040258,-0.013914,0.017386,0.209377,0.077713,0.049335,-0.052697,-0.636935,0.208757,-0.742113,-0.267136,-0.962762,-0.041551,-0.723153,0.171781,0.668984,-0.005077,0.009541,-0.002928,-0.095155,-0.57239,-0.210076,0.50112
1648,0.135989,0.027191,0.435504,-0.591424,0.28231,-0.755356,-0.428643,-0.903456,-0.002115,-0.682298,0.322171,0.656279,0.012539,0.01294,-0.009341,4.198833,-0.071347,-3.598915,0.508119,-0.122661,0.042142,0.416966,0.583047,0.134877,0.801159,-0.514359,0.824519,0.235661,-0.629495,-0.549653,0.549073,0.010295,0.008111,0.002721,0.002044,-0.015205,0.029245,0.291337,0.033622,0.063136,-0.003235,-0.532835,-0.241517,0.811021,0.629243,-0.753902,0.188901,0.565808,0.610982,0.553678,0.005149,0.004059,0.00136,0.001672,-0.015516,0.02885,0.212643,0.077675,0.049629,-0.052808,-0.637304,0.199505,-0.744339,-0.259387,-0.96508,-0.036583,-0.725646,0.169758,0.666798,0.000533,0.007551,-0.003976,0.031914,-0.06132,0.036897,0.505692
1649,0.136146,0.027775,0.435384,-0.602625,0.26009,-0.754481,-0.40512,-0.91421,0.008358,-0.686836,0.310364,0.657236,0.002037,0.013098,0.005092,-0.007614,0.045364,-0.134128,0.45424,-0.122516,0.042429,0.417063,0.583516,0.134565,0.80087,-0.513988,0.824631,0.236079,-0.629364,-0.549562,0.549314,0.010449,0.007099,0.002303,0.003485,-0.02641,0.055756,0.296996,0.033691,0.063277,-0.003187,-0.53331,-0.241293,0.810776,0.628942,-0.754056,0.189291,0.565696,0.610882,0.553905,-0.00034,0.002055,0.000834,-0.000315,-8.3e-05,-0.000223,0.21395,0.077755,0.049908,-0.052878,-0.645212,0.171944,-0.744403,-0.228514,-0.973173,-0.026722,-0.729029,0.152865,0.667195,0.001021,0.010701,-0.002756,0.0362,0.061046,-0.127729,0.468788
1650,0.136196,0.028162,0.43543,-0.609035,0.253525,-0.751563,-0.403467,-0.914796,0.018293,-0.682137,0.314051,0.66037,0.002803,0.018034,0.006985,-0.019982,0.057272,-0.148062,0.41531,-0.122432,0.042501,0.417097,0.583405,0.134678,0.800932,-0.514105,0.824592,0.235964,-0.629372,-0.549593,0.549273,0.010816,0.004859,0.001391,-0.007889,0.062118,-0.153713,0.299939,0.033732,0.063316,-0.003169,-0.533317,-0.241317,0.810764,0.628964,-0.754035,0.189297,0.565664,0.610897,0.55392,-0.000263,0.001586,0.000644,0.001169,-0.011284,0.026349,0.218358,0.07778,0.050096,-0.052857,-0.650395,0.164293,-0.741615,-0.226762,-0.973804,-0.016861,-0.724958,0.157203,0.670613,0.001409,0.009059,0.003511,-0.047358,0.077562,-0.176795,0.428129
1651,0.136047,0.029217,0.43581,-0.617985,0.264709,-0.740317,-0.440104,-0.896717,0.046677,-0.650736,0.354328,0.671582,-0.006984,0.030609,0.012263,-6.119164,1.607608,1.854355,0.313741,-0.122078,0.042513,0.417135,0.582645,0.138206,0.800884,-0.519067,0.821465,0.236008,-0.625989,-0.553393,0.549324,0.011518,0.000634,-0.000327,0.002044,-0.015205,0.029245,0.287324,0.033909,0.063324,-0.003149,-0.531965,-0.244784,0.810613,0.633548,-0.750207,0.189223,0.561809,0.614222,0.554166,0.005812,-1e-06,-0.000297,0.001944,-0.014899,0.029144,0.215256,0.077708,0.050615,-0.052671,-0.660689,0.170957,-0.730932,-0.260061,-0.965547,0.009238,-0.704171,0.19619,0.682386,-0.003529,0.010944,0.011359,-1.258965,0.379044,0.831793,0.310886
1652,0.135641,0.030426,0.436618,-0.602671,0.340138,-0.721899,-0.549857,-0.832576,0.066684,-0.57761,0.436702,0.689699,-0.017299,0.030673,0.026388,-1.236475,0.592065,0.718983,0.205443,-0.121473,0.042431,0.417204,0.580191,0.151467,0.800267,-0.537906,0.80896,0.237012,-0.61219,-0.568169,0.549791,0.013044,-0.009481,0.009223,-0.034688,-0.012081,0.006666,0.279374,0.034212,0.063282,-0.00312,-0.527761,-0.257566,0.809399,0.650547,-0.73526,0.190209,0.546127,0.626938,0.555601,0.011487,0.000841,-0.000251,0.001126,-0.030308,0.056341,0.205295,0.07751,0.051223,-0.052271,-0.660351,0.249262,-0.708381,-0.384584,-0.922466,0.033916,-0.645004,0.294828,0.705014,-0.00282,0.015494,0.012949,-4.111817,0.767663,3.737668,0.17111
1653,0.13546,0.031051,0.437165,-0.590055,0.390511,-0.706669,-0.612428,-0.786798,0.076501,-0.525404,0.477434,0.704297,-0.016525,0.035123,0.02792,-1.390946,1.252887,1.328181,0.132062,-0.121095,0.042409,0.417278,0.578137,0.167126,0.798635,-0.556554,0.796436,0.236371,-0.597261,-0.581345,0.552431,0.022658,0.003601,0.000302,0.005006,-0.04164,0.051697,0.260932,0.034397,0.063264,-0.00308,-0.52368,-0.272998,0.806989,0.667339,-0.720269,0.189395,0.529545,0.637717,0.559373,0.012048,-0.003035,0.005004,-0.050207,-0.014653,0.034233,0.195334,0.077419,0.051533,-0.051998,-0.656135,0.298554,-0.693074,-0.454045,-0.88976,0.046567,-0.602767,0.345241,0.71936,-0.00257,0.017118,0.013468,-5.194026,1.120588,4.79483,0.088811
1654,0.135123,0.032386,0.43855,-0.50893,0.536333,-0.673337,-0.781009,-0.616583,0.099107,-0.361388,0.575651,0.73352,-0.003449,0.034954,0.040593,-5.227612,1.605569,5.511134,0.019249,-0.120125,0.042362,0.41763,0.566645,0.220819,0.793816,-0.619942,0.74878,0.234383,-0.543326,-0.625205,0.56016,0.034708,3e-05,0.01195,-1.289554,-0.722721,-0.795965,0.239197,0.034879,0.063237,-0.002911,-0.505477,-0.323166,0.800035,0.722458,-0.665461,0.187655,0.471749,0.672847,0.569849,0.017309,0.000464,0.006158,-4.425671,-1.644537,-3.208543,0.160227,0.077243,0.052211,-0.051296,-0.604622,0.457488,-0.652025,-0.651602,-0.754886,0.07457,-0.45809,0.469947,0.754521,-0.00169,0.018021,0.020479,-5.236234,1.581751,5.525815,-0.104525
1655,0.13456,0.033666,0.440587,-0.403035,0.667073,-0.626595,-0.897694,-0.421358,0.128746,-0.177644,0.613549,0.769433,-0.013847,0.033117,0.053622,-1.341228,1.570558,1.193812,0.039978,-0.118673,0.042489,0.418222,0.546817,0.290657,0.785176,-0.694512,0.681108,0.231689,-0.468112,-0.672364,0.573289,0.033545,0.006488,0.014591,-4.324422,-1.536241,-3.186939,0.245836,0.035606,0.063294,-0.002617,-0.478368,-0.387903,0.787841,0.784741,-0.591489,0.185259,0.394138,0.706873,0.587353,0.022367,0.004481,0.007486,-0.075582,-0.282166,-0.048163,0.14798,0.076964,0.052858,-0.050275,-0.523209,0.604505,-0.600686,-0.803705,-0.584406,0.111921,-0.283389,0.541333,0.79161,-0.00686,0.016966,0.026979,-1.303073,1.64625,1.227747,-0.163963
1656,0.134042,0.034879,0.442813,-0.280801,0.767877,-0.575813,-0.959741,-0.229162,0.162336,-0.006958,0.59726,0.802034,-0.002413,0.023186,0.06259,-1.286293,1.609971,0.99081,0.180229,-0.116872,0.042783,0.418976,0.523156,0.35653,0.774071,-0.751301,0.621583,0.22162,-0.402771,-0.697942,0.592043,0.044318,0.010866,0.015811,-2.911954,-0.541875,-5.311989,0.305021,0.036502,0.063445,-0.002238,-0.448881,-0.448302,0.773,0.832359,-0.524473,0.179181,0.325091,0.723845,0.608574,0.022831,0.000956,0.01289,0.166401,-0.903246,-0.341887,0.18717,0.076708,0.053465,-0.049182,-0.421578,0.723353,-0.546837,-0.899656,-0.409154,0.152354,-0.113535,0.556195,0.823259,-0.006726,0.017368,0.026812,-4.51835,2.565904,5.27316,-0.056191
1657,0.133944,0.035371,0.443906,-0.220376,0.803828,-0.552576,-0.973429,-0.145067,0.177096,0.062462,0.575922,0.815131,-0.003074,0.018853,0.060894,-4.031941,2.228881,5.26157,0.221255,-0.115995,0.042959,0.41936,0.503735,0.390551,0.770528,-0.782896,0.583275,0.216329,-0.365555,-0.712697,0.598578,0.04374,0.013697,0.016957,-4.245532,-1.691322,-3.224511,0.336096,0.036941,0.063529,-0.002048,-0.422837,-0.480532,0.768307,0.859143,-0.482244,0.171213,0.288238,0.732481,0.616756,0.022682,0.001676,0.013186,-0.267329,-0.572629,-0.232877,0.224563,0.07666,0.053721,-0.048632,-0.37265,0.767597,-0.521464,-0.926915,-0.334694,0.169723,-0.044252,0.546601,0.836222,0.004089,0.013054,0.024631,-3.258623,2.120171,4.273613,0.02872
1658,0.133932,0.035713,0.446154,-0.190279,0.837941,-0.51156,-0.976134,-0.105896,0.189521,0.104866,0.534372,0.838735,0.005598,-0.00657,0.064969,0.188445,1.192308,-0.472751,0.179613,-0.114141,0.043202,0.420276,0.470082,0.435146,0.767895,-0.817647,0.542186,0.193446,-0.332734,-0.71934,0.609672,0.045932,1.2e-05,0.02513,1.333763,0.957091,-1.880002,0.368047,0.037865,0.063669,-0.001587,-0.383028,-0.52265,0.761659,0.889553,-0.430927,0.151642,0.248964,0.73562,0.629983,0.022956,5e-06,0.012527,0.106502,-0.52982,0.089068,0.288737,0.076654,0.053917,-0.047504,-0.344019,0.806596,-0.480679,-0.938913,-0.290296,0.184848,0.009558,0.514907,0.857192,0.002823,0.00115,0.027258,-0.009377,0.72826,-0.77895,0.070522
1659,0.134185,0.035372,0.44813,-0.209853,0.848829,-0.48528,-0.972043,-0.127613,0.197024,0.105567,0.512004,0.852487,0.00295,-0.006429,0.038149,0.102347,0.632413,-0.255039,0.084751,-0.112475,0.0427,0.421228,0.439033,0.470594,0.765364,-0.843182,0.509871,0.17032,-0.310616,-0.7207,0.619655,0.03909,-0.026159,0.028905,-0.195688,-0.744027,-0.562575,0.349114,0.038697,0.063442,-0.001107,-0.346028,-0.551336,0.759139,0.909773,-0.394918,0.127874,0.229297,0.734893,0.638243,0.018938,-0.009181,0.009154,-1.331552,-0.364512,-1.040758,0.297228,0.076783,0.053752,-0.046489,-0.365419,0.813483,-0.452452,-0.930732,-0.311821,0.191062,0.014342,0.490929,0.871081,0.001312,-0.004024,0.018807,0.137759,0.68161,-0.258985,-0.020757
1660,0.134376,0.035076,0.4489,-0.247306,0.843445,-0.476955,-0.965364,-0.172181,0.195955,0.083455,0.507847,0.857411,0.012936,-0.015209,0.034672,0.914423,0.224164,-1.472882,-0.004107,-0.111789,0.042201,0.421635,0.432313,0.478387,0.764358,-0.84591,0.508612,0.160264,-0.312616,-0.716454,0.623562,0.027477,-0.024348,0.016519,0.145319,-0.487048,-0.218107,0.320742,0.039045,0.063192,-0.000899,-0.33803,-0.558956,0.757167,0.912186,-0.392591,0.117418,0.231626,0.730369,0.64258,0.014588,-0.017459,0.012947,0.196561,-0.619168,-0.502373,0.282368,0.076874,0.053609,-0.046117,-0.400035,0.801212,-0.445005,-0.91648,-0.352858,0.188559,-0.005948,0.483269,0.875451,0.006287,-0.008264,0.017093,2.88554,-0.259835,-4.973205,-0.094401
1661,0.134647,0.034513,0.449951,-0.28941,0.824356,-0.486543,-0.957154,-0.24372,0.156295,0.010615,0.509905,0.860181,0.000762,-0.011733,0.023035,0.928854,0.273155,0.090904,-0.208691,-0.110859,0.04101,0.422138,0.426343,0.484911,0.7636,-0.849627,0.504235,0.15432,-0.310718,-0.715168,0.625981,0.006595,-0.036531,0.012681,-0.07666,0.079711,-0.26019,0.158864,0.039518,0.062595,-0.000649,-0.331373,-0.565577,0.75519,0.915026,-0.387799,0.111078,0.230039,0.727828,0.646024,0.014016,-0.012409,0.001288,-0.048616,0.027036,-0.002577,0.159737,0.077012,0.053313,-0.045591,-0.439883,0.773699,-0.455952,-0.894611,-0.421937,0.147103,-0.07857,0.472608,0.877763,0.000379,-0.005781,0.011544,2.307799,-1.488813,0.879956,-0.270265
1662,0.134388,0.034456,0.450625,-0.328061,0.790994,-0.516478,-0.938575,-0.334839,0.08326,-0.106678,0.511083,0.852901,-0.009496,0.011796,0.004445,0.958522,-0.354144,-0.143856,-0.351349,-0.110193,0.040041,0.422494,0.426918,0.485726,0.76276,-0.850593,0.501892,0.156624,-0.307262,-0.716264,0.626434,0.025837,-0.013447,0.007198,-0.032631,-0.017555,0.009209,0.039451,0.039843,0.062087,-0.000484,-0.331798,-0.566046,0.754653,0.915748,-0.385363,0.113575,0.226527,0.728756,0.646219,0.012955,-0.006949,0.003495,-0.030142,-0.01486,0.008845,-0.031803,0.076886,0.053259,-0.045258,-0.471639,0.736924,-0.48425,-0.860679,-0.504168,0.07103,-0.1918,0.450284,0.872041,-0.004896,0.001231,0.007391,3.67661,-0.907583,-4.388878,-0.401551
1663,0.134192,0.034539,0.450805,-0.325547,0.782262,-0.53116,-0.9329,-0.357196,0.045615,-0.153648,0.509395,0.846721,-0.009914,0.009158,0.003586,0.939256,0.007288,0.776382,-0.404089,-0.109772,0.039781,0.422742,0.432337,0.485814,0.759645,-0.849548,0.501692,0.162809,-0.302536,-0.716345,0.628638,0.024864,-0.008552,0.009194,-0.032637,-0.017657,0.009213,-0.014965,0.040294,0.06185,-0.000208,-0.34434,-0.570015,0.745997,0.91365,-0.386297,0.126557,0.216037,0.72516,0.653812,0.012712,-0.006629,0.010512,-1.356924,-1.529996,1.93318,-0.172396,0.076721,0.053317,-0.045093,-0.452866,0.729063,-0.513204,-0.851339,-0.524579,0.006024,-0.264824,0.439639,0.858244,-0.005471,-0.002691,0.006157,0.266863,0.303672,0.683569,-0.503771
1664,0.133932,0.034425,0.451106,-0.293239,0.784357,-0.546664,-0.938939,-0.343893,0.010145,-0.179679,0.515283,0.837989,-0.011348,-0.007881,0.011503,-1.971517,1.03204,-0.234861,-0.547001,-0.108824,0.039423,0.42338,0.441815,0.488127,0.752677,-0.847532,0.502007,0.172085,-0.294384,-0.714552,0.634521,0.025461,-0.013278,0.021066,-0.066182,-0.027779,0.012653,-0.067444,0.040534,0.061771,-4e-05,-0.346566,-0.570191,0.744831,0.913216,-0.386503,0.129035,0.214305,0.724911,0.654657,0.012642,-0.006254,0.010675,-0.07012,-0.014074,0.016233,-0.207667,0.076657,0.053262,-0.045012,-0.436024,0.736575,-0.517047,-0.858572,-0.512653,-0.006285,-0.269696,0.441183,0.855932,-0.000155,-0.005028,0.005093,0.010658,-0.379578,1.103949,-0.554554
1665,0.133366,0.03417,0.451549,-0.279947,0.79872,-0.532655,-0.94826,-0.316576,0.023568,-0.149461,0.510698,0.846685,-0.022093,0.004382,0.002676,-0.482751,0.26096,0.727122,-0.687325,-0.107756,0.038916,0.424284,0.444858,0.490441,0.749374,-0.847105,0.501866,0.174574,-0.291006,-0.713067,0.637742,0.026642,-0.020808,0.031833,-0.10078,-0.027833,-0.01086,-0.138449,0.041057,0.061527,0.000401,-0.34921,-0.572819,0.741571,0.912886,-0.386512,0.131325,0.211401,0.722831,0.657893,0.013348,-0.010594,0.015824,-0.109024,-0.010131,-0.003879,-0.275432,0.076376,0.053119,-0.04479,-0.426876,0.752328,-0.501775,-0.872711,-0.488121,0.010587,-0.236963,0.442424,0.864932,-0.011087,-0.002119,0.006666,-1.946044,1.319688,-0.396211,-0.668694
1666,0.132169,0.034644,0.451683,-0.276448,0.80422,-0.526167,-0.952477,-0.302114,0.038563,-0.127613,0.510822,0.850178,-0.042773,0.02497,-0.002833,0.033301,0.038008,-0.072378,-0.73023,-0.1068,0.038414,0.425342,0.447926,0.497328,0.742979,-0.846884,0.502255,0.174528,-0.28691,-0.70801,0.645188,0.012822,-0.009052,0.023394,0.005306,-0.23006,0.108544,-0.207206,0.04155,0.061265,0.000941,-0.351591,-0.579836,0.734964,0.912699,-0.386948,0.13134,0.208238,0.71698,0.665263,0.012631,-0.007173,0.01724,-0.026461,-0.201176,-0.051503,-0.341402,0.075784,0.053337,-0.044725,-0.423886,0.758547,-0.494899,-0.879815,-0.474595,0.026143,-0.215046,0.446502,0.868556,-0.021422,0.008235,0.003937,0.007877,0.039452,-0.084845,-0.728785
1667,0.131361,0.035046,0.451731,-0.282952,0.802029,-0.526055,-0.949835,-0.310455,0.037469,-0.132921,0.509268,0.850297,-0.042813,0.016247,0.007783,0.859123,0.04992,-1.689249,-0.764668,-0.106374,0.03821,0.425955,0.448992,0.504263,0.737642,-0.84713,0.502654,0.17217,-0.284504,-0.702807,0.651907,0.012162,-0.005976,0.024654,0.090281,-0.370462,-0.132444,-0.242214,0.041764,0.061161,0.001246,-0.352093,-0.586217,0.729642,0.91284,-0.38729,0.129336,0.206764,0.711586,0.671485,0.012448,-0.006329,0.017594,0.117256,-0.51013,-0.175192,-0.375856,0.07538,0.053546,-0.044704,-0.428333,0.755978,-0.495002,-0.876595,-0.480601,0.024547,-0.219341,0.444431,0.868544,-0.021468,0.00818,0.003887,2.887371,-0.027907,-5.163864,-0.74887
1668,0.129499,0.035753,0.452052,-0.307849,0.78972,-0.530675,-0.936843,-0.348871,0.0242,-0.165651,0.503626,0.847908,-0.053655,0.018656,0.00922,0.048608,0.091676,-0.28463,-0.853267,-0.105486,0.037928,0.427198,0.450817,0.52027,0.72531,-0.847783,0.503696,0.165794,-0.279625,-0.690294,0.667209,0.024484,-0.010656,0.036067,0.221104,-0.740696,-0.269447,-0.341703,0.042194,0.061026,0.001855,-0.352206,-0.600567,0.717822,0.913388,-0.387848,0.123669,0.204135,0.699208,0.685153,0.012103,-0.004764,0.018246,-0.000365,-0.270623,-0.049898,-0.46289,0.074474,0.0539,-0.04455,-0.451828,0.738695,-0.500179,-0.855951,-0.516963,0.009726,-0.25139,0.432524,0.865866,-0.021259,0.008647,0.004093,0.735723,-0.301467,-0.004942,-0.802429
1669,0.127331,0.036149,0.452715,-0.296167,0.788586,-0.538946,-0.937138,-0.348892,0.004389,-0.184212,0.505385,0.843018,-0.065427,0.008014,0.019934,0.599234,-0.417993,0.605084,-1.0151,-0.104448,0.037962,0.428342,0.454027,0.533416,0.713665,-0.847506,0.505568,0.161459,-0.275232,-0.678805,0.680687,0.03264,0.007957,0.029231,0.12791,-0.528909,0.122403,-0.382687,0.042712,0.061026,0.002426,-0.353681,-0.614647,0.705065,0.913333,-0.389578,0.118535,0.20182,0.685884,0.699164,0.016303,0.003983,0.014598,0.249202,-0.725217,-0.16571,-0.52788,0.073397,0.05411,-0.04422,-0.4422,0.739722,-0.507216,-0.856091,-0.516771,-0.007301,-0.267516,0.430996,0.861787,-0.032718,0.004049,0.01001,-0.02776,-0.026668,0.204144,-0.818921
1670,0.124977,0.036124,0.453658,-0.288049,0.789266,-0.542339,-0.939898,-0.341407,0.002255,-0.183028,0.509411,0.84085,-0.055225,-0.014107,0.039113,-0.090266,-0.026507,0.200617,-1.062014,-0.10357,0.038275,0.42957,0.457703,0.544006,0.703248,-0.846879,0.507459,0.158796,-0.271039,-0.668923,0.692057,0.00888,0.008413,0.03037,0.106798,-0.402641,-0.110448,-0.444503,0.043167,0.061187,0.003051,-0.356412,-0.625381,0.694167,0.912826,-0.391543,0.115935,0.199293,0.674975,0.710415,0.010714,0.001252,0.020638,0.153722,-0.5856,-0.136278,-0.581765,0.072175,0.054101,-0.043735,-0.432665,0.742141,-0.511884,-0.860337,-0.509592,-0.011626,-0.269481,0.435363,0.858974,-0.027661,-0.007242,0.019535,-0.081304,-0.004676,0.206851,-0.851253
1671,0.123808,0.035992,0.454252,-0.283593,0.790479,-0.542921,-0.941414,-0.337212,0.000674,-0.182201,0.51032,0.840478,-0.055191,-0.005983,0.028343,-0.042049,-0.085462,0.38222,-1.068172,-0.103318,0.038375,0.430257,0.456407,0.546268,0.702335,-0.847516,0.50711,0.156491,-0.271229,-0.667343,0.693506,-0.002241,0.00541,0.029642,0.083413,0.073944,-0.171894,-0.490312,0.043296,0.061244,0.003397,-0.354803,-0.628417,0.692247,0.91337,-0.391107,0.113092,0.199674,0.672403,0.712743,0.005199,-0.000483,0.020191,0.385082,0.454293,-0.560147,-0.618996,0.07159,0.054035,-0.043438,-0.428514,0.744284,-0.512265,-0.862619,-0.505683,-0.013133,-0.268819,0.436262,0.858726,-0.027625,-0.003059,0.014186,-0.040712,-0.081922,0.383551,-0.846027
1672,0.12162,0.035515,0.455568,-0.277494,0.792422,-0.543241,-0.943729,-0.330679,-0.000389,-0.179609,0.511577,0.840272,-0.044898,-0.019094,0.037015,-0.099413,0.036468,0.016381,-1.07437,-0.103141,0.038327,0.431631,0.441535,0.548944,0.709717,-0.851824,0.504803,0.139657,-0.282138,-0.6669,0.689569,-0.00036,-0.00533,0.039142,0.347757,0.409688,-0.565891,-0.589206,0.04338,0.061224,0.004071,-0.341379,-0.629041,0.698402,0.916461,-0.387752,0.098723,0.208706,0.673761,0.708863,-0.000241,-0.002488,0.019638,-0.112742,-0.026571,0.022463,-0.701294,0.070534,0.053809,-0.042804,-0.422869,0.747327,-0.512525,-0.866078,-0.499709,-0.014064,-0.266624,0.43794,0.858556,-0.028022,-0.00875,0.019144,-0.088698,-0.009658,0.176042,-0.846354
1673,0.119751,0.034972,0.456785,-0.273629,0.793427,-0.543734,-0.944958,-0.327145,-0.001933,-0.17908,0.512289,0.839951,-0.045013,-0.01923,0.037071,-0.08702,-0.022872,0.2059,-1.123785,-0.103206,0.038212,0.43302,0.424991,0.5504,0.718633,-0.857079,0.499945,0.124119,-0.291475,-0.66936,0.683274,-0.001762,0.003244,0.028697,-0.063162,0.062155,-0.193575,-0.773758,0.043351,0.061168,0.00478,-0.322589,-0.628191,0.708033,0.920781,-0.381583,0.080966,0.219312,0.678062,0.701522,-0.000123,-0.003018,0.019422,-0.075326,0.084977,-0.244709,-0.823436,0.069578,0.053531,-0.042186,-0.419382,0.749018,-0.512922,-0.867912,-0.496478,-0.01537,-0.266167,0.438726,0.858297,-0.022428,-0.005288,0.013217,-0.065035,0.025357,0.034006,-0.847334
1674,0.118915,0.034662,0.457416,-0.27,0.793498,-0.545441,-0.945383,-0.32586,-0.006176,-0.18231,0.512995,0.838824,-0.033671,-0.011927,0.025267,0.54956,-0.297482,0.277867,-1.168145,-0.103248,0.038062,0.433756,0.416528,0.55392,0.720881,-0.860329,0.496324,0.115888,-0.2941,-0.669154,0.68235,0.000238,-0.007984,0.038089,-0.082341,-0.010189,-0.225679,-0.846235,0.043329,0.0611,0.005146,-0.313685,-0.630775,0.709735,0.923222,-0.377327,0.072692,0.22195,0.678045,0.700708,0.000168,-0.004312,0.018924,-0.092826,-0.007226,-0.215212,-0.840744,0.069156,0.053372,-0.041866,-0.416084,0.749877,-0.51435,-0.868701,-0.494974,-0.018892,-0.268757,0.438957,0.857371,-0.022506,-0.009427,0.018647,1.979144,-1.185631,1.357607,-0.847987
1675,0.117433,0.033972,0.45886,-0.259628,0.795278,-0.547879,-0.946537,-0.321995,-0.018947,-0.191167,0.512679,0.837044,-0.033511,-0.01861,0.036686,2.026323,-1.101966,1.410266,-1.311485,-0.103154,0.037725,0.435177,0.405606,0.558971,0.723206,-0.865757,0.488588,0.108081,-0.293425,-0.670654,0.681168,0.012121,-0.008768,0.037339,-0.091928,-0.046081,-0.022122,-0.914876,0.043371,0.060934,0.005858,-0.302033,-0.634444,0.711516,0.927324,-0.368569,0.064997,0.221006,0.679438,0.699656,0.000364,-0.005196,0.018587,-0.11276,0.054708,-0.200401,-0.844827,0.068415,0.053028,-0.041149,-0.407468,0.753578,-0.515838,-0.870601,-0.49109,-0.029724,-0.275723,0.436977,0.856169,-0.022258,-0.008093,0.019111,-0.067574,0.14024,0.040914,-0.848967
1676,0.116168,0.033156,0.460363,-0.251106,0.798125,-0.547712,-0.948503,-0.315711,-0.025297,-0.192804,0.512161,0.836985,-0.033635,-0.018942,0.036675,-0.079619,-0.02085,0.240375,-1.428719,-0.103016,0.037559,0.436363,0.40152,0.562726,0.722574,-0.868524,0.484173,0.105716,-0.290845,-0.67072,0.682208,-0.000756,-0.001266,0.026925,-0.036282,-0.091096,-0.019673,-0.925568,0.043446,0.060842,0.006452,-0.297509,-0.637492,0.710698,0.929392,-0.363709,0.062812,0.218445,0.679204,0.700686,0.005275,0.00015,0.013533,-0.036344,-0.094262,-0.016794,-0.859686,0.067782,0.052621,-0.040396,-0.39818,0.75812,-0.516435,-0.873652,-0.485031,-0.03842,-0.279614,0.435887,0.855463,-0.016812,-0.009339,0.0184,-0.105754,0.009785,0.0415,-0.863663
1677,0.11513,0.032553,0.46165,-0.244259,0.804594,-0.541305,-0.950649,-0.308762,-0.030069,-0.191031,0.506246,0.840981,-0.021527,-0.00849,0.025793,0.021498,0.119591,0.334497,-1.453604,-0.102835,0.037391,0.437565,0.402013,0.565349,0.720248,-0.869349,0.482479,0.106679,-0.287678,-0.669737,0.684513,-0.000374,-0.002991,0.026264,0.121937,-0.444925,-0.181747,-0.960875,0.043535,0.060762,0.007055,-0.298045,-0.638144,0.709887,0.929964,-0.361823,0.065187,0.215255,0.679599,0.701291,0.000493,-0.005775,0.01837,0.120806,-0.529281,-0.205865,-0.858706,0.067258,0.052311,-0.039751,-0.392645,0.765324,-0.510007,-0.877074,-0.478449,-0.042724,-0.276711,0.430539,0.859107,-0.010774,-0.008007,0.018477,-0.006934,0.229988,0.167597,-0.864153
1678,0.114804,0.032364,0.462251,-0.241545,0.806851,-0.539159,-0.951536,-0.30587,-0.031541,-0.190068,0.504407,0.842303,-0.009845,-0.015371,0.036398,-0.058109,0.080391,0.159531,-1.45702,-0.10277,0.037221,0.438157,0.402071,0.565625,0.719999,-0.869841,0.481349,0.107764,-0.286101,-0.670317,0.684605,0.000175,-0.005436,0.025351,-0.066371,-0.014892,-0.021757,-0.984666,0.043567,0.06068,0.007352,-0.297765,-0.64036,0.708007,0.93037,-0.360822,0.064937,0.213882,0.678045,0.703212,5.6e-05,-0.002661,0.012696,-0.076483,0.007798,-0.0136,-0.859196,0.067097,0.052217,-0.039465,-0.390365,0.768125,-0.507541,-0.87848,-0.47572,-0.044301,-0.275477,0.428571,0.860487,-0.004979,-0.007853,0.018161,-0.054834,0.102008,0.135762,-0.867255
1679,0.114488,0.032119,0.463283,-0.237937,0.816407,-0.526224,-0.955101,-0.295088,-0.026056,-0.176266,0.495381,0.850621,-0.009,0.003576,0.01534,-0.257952,0.636977,0.635859,-1.452459,-0.102806,0.037001,0.439134,0.40204,0.56821,0.717978,-0.870699,0.47973,0.108057,-0.283521,-0.669292,0.686678,-0.000321,-0.003226,0.026173,-0.064934,-0.025607,0.005011,-1.012797,0.043551,0.060561,0.007837,-0.297427,-0.642858,0.705882,0.931014,-0.359101,0.065248,0.211538,0.676593,0.705317,-6.1e-05,-0.002136,0.012892,-0.070135,-0.057935,0.173931,-0.862299,0.066932,0.05209,-0.038929,-0.388727,0.77623,-0.496344,-0.883741,-0.466478,-0.037393,-0.26056,0.424104,0.867319,0.000898,-0.003517,0.012397,-1.670225,0.349284,0.985507,-0.867419
1680,0.114645,0.032077,0.464044,-0.239099,0.824991,-0.51212,-0.957434,-0.288091,-0.017193,-0.161431,0.485184,0.859397,0.013852,0.002878,0.013601,0.055442,0.138407,0.284754,-1.458476,-0.102937,0.037118,0.440052,0.402385,0.572747,0.71417,-0.871266,0.478946,0.106956,-0.281275,-0.665982,0.690808,-0.001243,0.000895,0.027667,-0.036613,-0.039383,-0.211501,-1.026548,0.043487,0.060616,0.008295,-0.29742,-0.647241,0.701869,0.931389,-0.358306,0.064261,0.209892,0.672826,0.709401,-0.001367,0.004857,0.008625,0.003701,-0.103229,3.7e-05,-0.863278,0.067002,0.052068,-0.038548,-0.391177,0.785448,-0.479635,-0.887535,-0.459817,-0.029146,-0.243437,0.414292,0.876983,0.001387,-0.001368,0.013055,0.034104,0.171039,0.246909,-0.867745
1681,0.114812,0.032175,0.464401,-0.238346,0.830406,-0.50365,-0.95839,-0.284945,-0.01637,-0.156817,0.477758,0.864398,0.014702,0.006746,0.014773,0.078958,0.204864,0.30266,-1.462111,-0.102973,0.037213,0.440456,0.400323,0.574996,0.713521,-0.871861,0.478591,0.103645,-0.282372,-0.664298,0.691981,-0.002391,0.008334,0.016716,1.61525,1.166129,-1.855516,-1.028187,0.043468,0.060665,0.008502,-0.29711,-0.649149,0.700236,0.931646,-0.357747,0.063649,0.20919,0.671283,0.711067,-0.00038,-0.000697,0.013407,0.030612,-0.235959,-0.101628,-0.861482,0.067084,0.052112,-0.038372,-0.391355,0.790547,-0.471036,-0.889049,-0.45694,-0.028232,-0.237554,0.407726,0.881661,0.002019,0.005277,0.008349,0.086283,0.300114,0.123924,-0.868562
