frame,MLTx,MLTy,MLTz,MLTR1,MLTR2,MLTR3,MLTR4,MLTR5,MLTR6,MLTR7,MLTR8,MLTR9,MLTTVx,MLTTVy,MLTTVz,MLTRVx,MLTRVy,MLTRVz,MLGA,MRTx,MRTy,MRTz,MRTR1,MRTR2,MRTR3,MRTR4,MRTR5,MRTR6,MRTR7,MRTR8,MRTR9,MRTTVx,MRTTVy,MRTTVz,MRTRVx,MRTRVy,MRTRVz,MRGA,SLTx,SLTy,SLTz,SLTR1,SLTR2,SLTR3,SLTR4,SLTR5,SLTR6,SLTR7,SLTR8,SLTR9,SLTTVx,SLTTVy,SLTTVz,SLTRVx,SLTRVy,SLTRVz,SLGA,SRTx,SRTy,SRTz,SRTR1,SRTR2,SRTR3,SRTR4,SRTR5,SRTR6,SRTR7,SRTR8,SRTR9,SRTTVx,SRTTVy,SRTTVz,SRTRVx,SRTRVy,SRTRVz,SRGA
1095,0.154182,0.004556,0.21807,0.17621,-0.646125,-0.742643,0.053348,-0.747078,0.662571,-0.983138,-0.155572,-0.096244,0.016337,-0.00571,0.018638,-1.129853,1.352367,0.116722,-1.911505,-0.190712,-0.033635,0.302511,-0.793213,0.40225,0.457165,-0.079456,-0.812575,0.577358,0.60471,0.421135,0.675896,-1.6e-05,-0.000204,-0.000245,0.0,0.0,0.0,0.121497,0.031536,0.037379,-0.005936,0.789303,-0.430849,0.437457,0.133149,0.81562,0.563058,-0.599392,-0.386177,0.701138,-9e-06,-0.00011,-0.000132,-5e-06,7e-06,-1e-05,-0.026251,0.079575,0.052893,-0.096366,-0.236855,0.616887,-0.750566,-0.148111,0.740592,0.655428,0.960188,0.266408,-0.084045,0.000374,-0.008328,0.013154,-3.99957,3.999267,-0.201882,-0.957881
1096,0.154332,0.004232,0.219159,0.142299,-0.648811,-0.747557,0.053864,-0.749055,0.660293,-0.988547,-0.133424,-0.070708,0.001427,-0.012188,0.035059,0.275801,0.811094,0.5042,-1.911963,-0.190795,-0.033655,0.302477,-0.793155,0.402113,0.457385,-0.079277,-0.812673,0.577244,0.604809,0.421076,0.675843,-5.6e-05,-0.000704,-0.000846,0.0,0.0,0.0,0.127823,0.031495,0.03737,-0.005952,0.789259,-0.430707,0.437677,0.13297,0.815724,0.562949,-0.59949,-0.386115,0.701088,-4.2e-05,-0.000524,-0.00063,1e-06,-1e-05,9e-06,-0.019393,0.079656,0.052732,-0.095831,-0.204067,0.624332,-0.754032,-0.146511,0.742088,0.654093,0.967931,0.243953,-0.059965,0.008418,-0.006529,0.016909,0.090651,0.313495,0.321152,-0.958535
1097,0.154409,0.004001,0.219897,0.121265,-0.648529,-0.751499,0.051977,-0.751906,0.657197,-0.991422,-0.117954,-0.056531,0.017061,-0.011549,0.03641,0.231984,0.607621,0.565279,-1.912019,-0.190854,-0.033678,0.302454,-0.793109,0.402006,0.457559,-0.079123,-0.812742,0.577169,0.60489,0.421046,0.675789,-0.000121,-0.001507,-0.001812,0.0,0.0,0.0,0.131352,0.031466,0.03736,-0.005962,0.789222,-0.430596,0.437851,0.132817,0.815798,0.562878,-0.599572,-0.386082,0.701037,-7.1e-05,-0.000886,-0.001066,-0.00174,0.014697,-0.024721,-0.0158,0.079688,0.052622,-0.095472,-0.182652,0.626312,-0.757872,-0.145231,0.745196,0.650838,0.972391,0.228943,-0.045152,0.000819,-0.005196,0.019113,0.076812,0.659611,-0.076071,-0.967842
1098,0.154516,0.003338,0.221536,0.07603,-0.646798,-0.758892,0.054755,-0.757245,0.65081,-0.995708,-0.090235,-0.021209,0.001691,-0.021324,0.046668,0.187513,0.720344,0.395454,-1.911668,-0.190986,-0.033737,0.302375,-0.79303,0.401817,0.457862,-0.07887,-0.812873,0.577019,0.605027,0.420974,0.675712,-0.015485,-0.002419,-0.001811,-0.003779,0.029903,-0.053971,0.134511,0.031405,0.037331,-0.006,0.789169,-0.430424,0.438116,0.132598,0.815922,0.56275,-0.59969,-0.386012,0.700974,-6.1e-05,-0.000758,-0.00091,2.6e-05,-2.1e-05,5e-06,-0.009922,0.079749,0.052293,-0.094637,-0.136115,0.628984,-0.765409,-0.149264,0.75076,0.643489,0.979383,0.201837,-0.008305,0.000826,-0.010649,0.023373,0.281093,0.882354,0.560438,-0.990376
1099,0.15461,0.002384,0.223577,0.029602,-0.643652,-0.764776,0.054307,-0.762952,0.644149,-0.998135,-0.059805,0.013327,0.002053,-0.018556,0.051236,0.135896,0.70578,0.353138,-1.911984,-0.191107,-0.033802,0.302289,-0.792915,0.401558,0.458288,-0.078512,-0.813051,0.576817,0.605224,0.420879,0.675595,-0.000162,-0.002005,-0.002415,0.0,0.0,0.0,0.136527,0.031339,0.037298,-0.006044,0.789076,-0.430142,0.438562,0.132224,0.816121,0.562549,-0.599896,-0.385905,0.700857,-0.007706,-0.000748,-0.000349,-0.002058,0.015217,-0.029251,-0.006329,0.079796,0.051816,-0.093618,-0.089331,0.630923,-0.770684,-0.1494,0.756535,0.636657,0.984732,0.172014,0.026677,0.000955,-0.015207,0.029177,0.099416,0.926766,0.474412,-1.017646
1100,0.154657,0.001256,0.225963,-0.01922,-0.637833,-0.769965,0.058954,-0.769495,0.635904,-0.998064,-0.032382,0.053356,0.002161,-0.039928,0.069032,0.196491,1.004657,0.345454,-1.911801,-0.19124,-0.033853,0.302204,-0.790414,0.405991,0.458703,-0.082992,-0.812759,0.576602,0.607893,0.417172,0.675497,-0.000112,-0.00138,-0.001663,0.0,0.0,0.0,0.138299,0.031273,0.03727,-0.00609,0.786389,-0.434453,0.439137,0.136674,0.815638,0.562186,-0.602421,-0.382079,0.700787,-6.7e-05,-0.000817,-0.000986,-5.8e-05,-0.000132,-6.1e-05,-0.00339,0.07982,0.051258,-0.092433,-0.040589,0.630638,-0.775014,-0.154519,0.76236,0.628434,0.987155,0.145262,0.066502,0.001141,-0.013706,0.031576,0.371288,1.09004,0.697356,-1.033159
1101,0.154692,0.000635,0.227311,-0.046477,-0.633592,-0.7723,0.061706,-0.773485,0.630782,-0.996966,-0.017556,0.076011,0.002641,-0.025106,0.066814,0.221241,0.916793,0.536462,-1.912026,-0.191301,-0.033862,0.302149,-0.787953,0.410557,0.458873,-0.087701,-0.812355,0.576473,0.610423,0.413472,0.675491,-0.000111,-0.001362,-0.001642,0.068471,0.086019,0.100794,0.139003,0.031242,0.037266,-0.006116,0.78397,-0.4385,0.43944,0.14093,0.815092,0.561927,-0.604589,-0.378604,0.700806,-7.6e-05,-0.000982,-0.001172,0.771829,0.968219,1.128332,-0.002084,0.079837,0.050941,-0.09176,-0.012796,0.629512,-0.776884,-0.157732,0.76595,0.62325,0.987399,0.130514,0.089493,0.001245,-0.018451,0.037019,0.234972,1.340362,0.580149,-1.032995
1102,0.154799,-0.000723,0.230342,-0.099984,-0.622945,-0.775879,0.070538,-0.782266,0.618915,-0.992373,0.007922,0.123126,0.002927,-0.044995,0.086763,0.388465,1.390954,0.667371,-1.912133,-0.191401,-0.033838,0.302039,-0.784135,0.416939,0.459658,-0.092389,-0.81073,0.578027,0.614635,0.410258,0.673629,-0.000101,-0.001228,-0.001482,-0.258954,0.284348,0.18764,0.140705,0.031192,0.037278,-0.006172,0.780609,-0.44388,0.44002,0.146027,0.814051,0.562135,-0.60772,-0.374554,0.700274,-0.000364,0.004793,-0.005028,-0.462004,0.436715,0.282619,-0.000125,0.079891,0.050268,-0.090254,0.039653,0.625725,-0.779034,-0.166441,0.772891,0.612319,0.985253,0.105384,0.134794,0.001521,-0.016201,0.040496,0.298107,1.116444,0.479279,-1.034138
1103,0.154924,-0.002062,0.233678,-0.178294,-0.611524,-0.770905,0.06506,-0.789074,0.610821,-0.981614,0.059506,0.181437,0.003554,-0.028735,0.086167,-3.848022,4.67252,1.549917,-1.911207,-0.191523,-0.033795,0.301938,-0.77775,0.427905,0.460427,-0.101867,-0.808495,0.579563,0.621218,0.403313,0.671782,-0.000713,0.009738,-0.009875,0.068218,0.115153,0.144517,0.14025,0.031131,0.037297,-0.006218,0.773019,-0.455422,0.441622,0.154851,0.81055,0.564826,-0.615191,-0.368236,0.697094,-1.4e-05,-0.000235,-0.00027,0.7447,1.018451,1.155509,0.001508,0.079953,0.049594,-0.088584,0.116388,0.623152,-0.77339,-0.166952,0.779878,0.603255,0.97907,0.058907,0.194805,0.001644,-0.020645,0.046069,0.465911,1.690619,0.309757,-1.025647
1104,0.155006,-0.002785,0.235545,-0.216922,-0.601482,-0.768902,0.069816,-0.795201,0.60229,-0.973431,0.077711,0.215452,0.019045,-0.039834,0.094137,0.543871,1.689781,0.684054,-1.91168,-0.191596,-0.033762,0.301885,-0.773853,0.434343,0.460965,-0.106655,-0.806653,0.581265,0.62527,0.400102,0.66994,-8.2e-05,-0.000989,-0.001194,2.510174,3.25341,3.729543,0.134582,0.031094,0.037317,-0.006248,0.771336,-0.457649,0.442262,0.155296,0.809252,0.566562,-0.617189,-0.368329,0.695277,-5.9e-05,-0.000721,-0.000869,-0.023251,0.04142,0.032227,-0.000614,0.079987,0.049247,-0.087685,0.157111,0.61773,-0.770535,-0.166916,0.78561,0.59578,0.973372,0.035011,0.226536,0.0018,-0.019323,0.047991,0.487209,1.705905,0.344839,-1.030872
1105,0.155232,-0.004239,0.239349,-0.276508,-0.583634,-0.763519,0.070362,-0.804659,0.58953,-0.9581,0.110008,0.264516,0.003995,-0.046869,0.107663,0.322893,1.33562,0.333949,-1.911838,-0.191803,-0.033608,0.301728,-0.764528,0.448955,0.462522,-0.116221,-0.801674,0.586299,0.634964,0.393921,0.664463,-0.015944,0.010521,-0.007843,-0.290059,0.359387,0.223697,0.129045,0.030997,0.037388,-0.006325,0.759818,-0.474955,0.443951,0.169746,0.804103,0.56974,-0.627584,-0.35754,0.691594,-0.000325,0.005236,-0.004493,-0.307382,0.384659,0.286069,-0.009595,0.080107,0.048512,-0.085756,0.220743,0.605673,-0.76448,-0.168838,0.795712,0.581665,0.960606,0.000675,0.277909,0.009768,-0.01736,0.050655,0.398102,1.523634,0.334578,-1.033159
1106,0.155478,-0.005635,0.243488,-0.344461,-0.561356,-0.75251,0.068894,-0.814519,0.576007,-0.935853,0.147262,0.320186,0.004575,-0.030544,0.106271,0.392281,1.448889,0.219167,-1.911369,-0.19205,-0.033362,0.301506,-0.750806,0.469762,0.464333,-0.130529,-0.794515,0.592993,0.648418,0.384021,0.657225,-0.000628,0.010695,-0.008719,-0.213966,0.277306,0.212634,0.124879,0.030868,0.037511,-0.006436,0.744723,-0.495751,0.446786,0.183738,0.795904,0.576866,-0.641582,-0.347514,0.683817,-0.000316,0.005333,-0.004375,-0.335516,0.400034,0.289431,-0.016617,0.08023,0.047808,-0.083684,0.290856,0.590993,-0.752415,-0.16844,0.805761,0.567781,0.941822,-0.038405,0.333907,0.002173,-0.021369,0.056445,0.35072,1.568062,0.282427,-1.035118
1107,0.155852,-0.00708,0.247898,-0.399271,-0.540091,-0.740898,0.074431,-0.824531,0.560874,-0.913323,0.169463,0.370339,0.004847,-0.038726,0.11743,0.289449,1.40822,0.386763,-1.911669,-0.192315,-0.033053,0.301183,-0.732273,0.496606,0.465994,-0.149581,-0.784727,0.601468,0.665279,0.370108,0.648296,-0.000783,0.008841,-0.010959,-0.094142,0.193336,0.130459,0.12423,0.030736,0.03767,-0.006593,0.724449,-0.522473,0.449659,0.202495,0.784836,0.585684,-0.658914,-0.333245,0.674373,-0.007998,0.004853,-0.004422,-0.036934,0.268361,0.207211,-0.019719,0.080417,0.047089,-0.081483,0.346962,0.576538,-0.739743,-0.174607,0.814659,0.55303,0.921481,-0.062716,0.383324,0.010086,-0.019466,0.058653,-0.252806,1.196614,0.272544,-1.032179
1108,0.156048,-0.007808,0.250184,-0.423153,-0.5309,-0.734256,0.079114,-0.828938,0.553692,-0.902084,0.176862,0.393688,0.004981,-0.03722,0.118867,0.530543,1.470719,0.472728,-1.911451,-0.192421,-0.032881,0.300975,-0.718923,0.515049,0.46676,-0.16365,-0.777936,0.606604,0.676432,0.359067,0.642941,-0.001428,0.019289,-0.019976,-0.081447,0.157597,0.121254,0.124267,0.030683,0.037752,-0.006693,0.710238,-0.540404,0.451137,0.216448,0.77745,0.590525,-0.66986,-0.321766,0.669144,-0.000387,0.00445,-0.005447,-0.101288,0.162027,0.140179,-0.020372,0.080518,0.046712,-0.080294,0.371756,0.570409,-0.732414,-0.179396,0.818229,0.546184,0.910831,-0.071655,0.406511,0.002446,-0.018528,0.059582,0.511427,1.451885,0.458217,-1.031689
1109,0.156417,-0.009246,0.254715,-0.47027,-0.510686,-0.719785,0.082813,-0.837533,0.540049,-0.878057,0.194991,0.437059,0.004804,-0.037886,0.11623,0.39436,1.250268,0.251421,-1.911601,-0.192588,-0.032605,0.300408,-0.672559,0.572569,0.468849,-0.213043,-0.756408,0.618379,0.709539,0.31529,0.630087,-0.001165,0.004371,-0.016381,0.039032,0.474291,0.654893,0.122134,0.0306,0.037899,-0.006973,0.661948,-0.595229,0.45555,0.264841,0.754297,0.600744,-0.701201,-0.277014,0.656946,-0.000584,0.002069,-0.008325,0.544409,1.359785,1.262352,-0.021189,0.080701,0.046013,-0.078064,0.420758,0.55524,-0.717405,-0.184025,0.826613,0.531832,0.888311,-0.091752,0.449982,0.002338,-0.018986,0.058082,0.446042,1.478098,0.175707,-1.029729
1110,0.156767,-0.010816,0.25923,-0.513454,-0.491193,-0.703661,0.085593,-0.845227,0.527482,-0.853213,0.211215,0.476909,0.00472,-0.037857,0.114782,0.513929,1.37183,0.326185,-1.91116,-0.192708,-0.032412,0.299671,-0.615357,0.63004,0.473686,-0.26281,-0.730424,0.630354,0.743899,0.26261,0.614421,-0.001336,0.002423,-0.018778,2.319321,3.772955,3.821549,0.117695,0.030539,0.037994,-0.007344,0.606347,-0.646655,0.462796,0.310099,0.728194,0.611204,-0.732244,-0.227089,0.642065,-0.000986,0.006498,-0.013824,-0.384383,0.498393,0.358735,-0.025761,0.080876,0.045228,-0.075805,0.464677,0.541488,-0.700617,-0.187122,0.833409,0.520012,0.865482,-0.110537,0.488591,0.002278,-0.019121,0.057137,0.305096,1.084641,0.113795,-1.034791
1111,0.156911,-0.011587,0.261432,-0.538567,-0.476412,-0.694998,0.079505,-0.849889,0.520902,-0.838168,0.225873,0.49647,0.004568,-0.038834,0.112699,0.45676,1.295684,0.263722,-1.911427,-0.192748,-0.032349,0.299276,-0.583849,0.655326,0.479229,-0.2854,-0.718168,0.634599,0.760756,0.232913,0.605694,-0.001394,0.001775,-0.019588,2.464916,4.437666,2.985809,0.114484,0.030519,0.038026,-0.007549,0.570991,-0.67339,0.469591,0.335407,0.713437,0.615231,-0.749314,-0.193787,0.633226,-0.00056,0.000721,-0.010081,2.45068,4.505084,2.941293,-0.029517,0.080948,0.044845,-0.074701,0.491638,0.529344,-0.691437,-0.18168,0.838904,0.51306,0.851635,-0.126619,0.508609,0.002186,-0.019763,0.055879,0.555405,1.490296,0.37474,-1.035771
1112,0.157057,-0.013196,0.265617,-0.574152,-0.460737,-0.676842,0.087042,-0.856334,0.509006,-0.813409,0.233901,0.532618,0.003962,-0.043586,0.104879,0.227982,0.84654,0.134845,-1.912158,-0.192736,-0.032235,0.298447,-0.514134,0.70059,0.494805,-0.326866,-0.693288,0.642218,0.793605,0.167571,0.584786,0.013895,0.001566,-0.020966,0.573935,1.880466,0.798414,0.112877,0.030519,0.03808,-0.007959,0.500279,-0.715508,0.487615,0.376227,0.686844,0.621849,-0.779854,-0.127644,0.612808,-0.000555,0.000528,-0.010522,2.560963,5.695328,1.635475,-0.034415,0.081022,0.044047,-0.072598,0.530002,0.516818,-0.672306,-0.190175,0.845064,0.499699,0.826396,-0.136985,0.546172,0.001876,-0.022193,0.051898,0.326203,1.102082,0.036958,-1.03969
1113,0.15713,-0.014836,0.269525,-0.612661,-0.437766,-0.658068,0.078814,-0.862312,0.500178,-0.785661,0.255114,0.563632,0.003648,-0.045949,0.10075,0.085215,0.861507,0.13272,-1.911132,-0.192633,-0.032147,0.29761,-0.44254,0.73704,0.510805,-0.361061,-0.667747,0.650909,0.821375,0.102697,0.560945,0.013846,0.000897,-0.021844,-0.251393,0.399121,0.208484,0.113,0.030571,0.038124,-0.008377,0.425618,-0.749421,0.507165,0.410262,0.659361,0.630021,-0.806557,-0.060078,0.588095,-0.000707,0.000834,-0.0099,-0.190838,0.753731,-0.088137,-0.035069,0.08106,0.043209,-0.070607,0.570901,0.498339,-0.652479,-0.182499,0.851863,0.490939,0.800478,-0.161201,0.577276,0.001749,-0.023161,0.050127,0.058802,0.839331,0.118598,-1.044426
1114,0.157104,-0.015627,0.271367,-0.63088,-0.427096,-0.647784,0.077849,-0.865522,0.494756,-0.771197,0.262228,0.580102,-0.011789,-0.035341,0.091523,0.314484,1.012593,-0.053125,-1.911333,-0.192546,-0.032115,0.297198,-0.401416,0.755178,0.518231,-0.378303,-0.651898,0.657153,0.834589,0.066796,0.546683,0.01388,0.001231,-0.021462,-0.237023,0.705913,1.013874,0.11345,0.030614,0.038139,-0.008584,0.385687,-0.764641,0.516302,0.427266,0.644002,0.634589,-0.817733,-0.024154,0.575089,-0.00073,0.000394,-0.010456,0.377992,1.600798,1.630948,-0.035232,0.081051,0.042827,-0.069721,0.589019,0.490279,-0.642403,-0.18148,0.854883,0.486043,0.787477,-0.169705,0.592518,0.001667,-0.018233,0.045009,0.513377,1.074448,0.263353,-1.040017
1115,0.157005,-0.01726,0.27484,-0.660163,-0.412506,-0.627749,0.080292,-0.869701,0.486975,-0.746015,0.271588,0.608053,0.003111,-0.039121,0.085843,0.150902,0.663,-0.019722,-1.910999,-0.192372,-0.032016,0.296382,-0.33572,0.778658,0.530071,-0.401635,-0.627236,0.667232,0.85243,0.010133,0.522612,0.014031,0.002875,-0.019485,-0.287583,0.222115,0.88617,0.113701,0.030702,0.038184,-0.00899,0.319234,-0.785005,0.530901,0.449817,0.618601,0.644202,-0.834118,0.033157,0.550587,0.007016,0.001295,-0.009912,0.471961,1.478997,1.570789,-0.034579,0.080995,0.042011,-0.067983,0.620115,0.478746,-0.621496,-0.184439,0.858972,0.477647,0.76252,-0.181569,0.620962,-0.006205,-0.019855,0.042541,0.21675,0.76918,-0.022554,-1.045405
1116,0.156841,-0.018923,0.278204,-0.680299,-0.405711,-0.61044,0.085833,-0.871225,0.483292,-0.727064,0.276887,0.628283,-0.012426,-0.040549,0.083471,0.170685,0.70422,-0.072178,-1.911879,-0.192205,-0.03183,0.295624,-0.274359,0.798267,0.536179,-0.425915,-0.600668,0.676556,0.862466,-0.043746,0.504086,-0.001227,0.00375,-0.017348,2.73092,3.814754,3.302485,0.113981,0.03079,0.038278,-0.009376,0.26063,-0.801118,0.538777,0.46977,0.592776,0.654164,-0.843437,0.082607,0.530837,0.007063,0.001943,-0.009115,-0.280207,0.104329,0.579209,-0.034252,0.080918,0.041195,-0.066333,0.639474,0.475147,-0.604405,-0.189643,0.85935,0.474923,0.745055,-0.18908,0.639641,-0.006281,-0.020424,0.041555,0.25313,0.817946,0.009285,-1.041813
1117,0.156598,-0.020506,0.281313,-0.702944,-0.384668,-0.598286,0.072478,-0.875526,0.477675,-0.706689,0.292889,0.644076,-0.012505,-0.02997,0.074198,0.167729,0.405888,0.22923,-1.91169,-0.19201,-0.031638,0.294937,-0.21931,0.810293,0.543433,-0.444852,-0.578665,0.683511,0.868568,-0.092859,0.486652,-0.001154,0.004593,-0.016326,2.782835,4.068886,2.82117,0.113026,0.030882,0.038377,-0.009715,0.206002,-0.811395,0.546993,0.48866,0.569594,0.660888,-0.847805,0.13115,0.513834,-0.00058,0.00247,-0.007896,-0.35766,1.867457,-1.821481,-0.034905,0.080797,0.040382,-0.064747,0.665089,0.45645,-0.591023,-0.177287,0.865331,0.468796,0.725414,-0.20701,0.656445,-0.006354,-0.021019,0.04058,0.215239,0.617719,0.100621,-1.045242
1118,0.156407,-0.021268,0.282849,-0.715204,-0.371758,-0.591882,0.068213,-0.879924,0.470161,-0.69471,0.296345,0.655427,-0.01263,-0.042051,0.080933,0.454877,0.893245,0.278681,-1.911314,-0.191912,-0.031574,0.294678,-0.200361,0.81467,0.544205,-0.452598,-0.569502,0.686117,0.869119,-0.109853,0.482107,-0.001088,0.005374,-0.015361,-0.061667,0.107225,0.065403,0.112116,0.030937,0.038406,-0.009849,0.181051,-0.815821,0.549231,0.498701,0.557493,0.663699,-0.847653,0.153739,0.507786,-0.000225,-0.002693,-0.003342,-0.031624,0.108178,0.051399,-0.035722,0.080702,0.040005,-0.063981,0.677153,0.446272,-0.585067,-0.173057,0.869382,0.462844,0.715202,-0.212166,0.665936,-0.006368,-0.01555,0.036279,0.178712,0.436996,0.214375,-1.043446
1119,0.155992,-0.02283,0.285747,-0.725929,-0.36431,-0.583396,0.067876,-0.882031,0.466247,-0.683531,0.299312,0.665751,-0.013062,-0.034651,0.067683,-0.072686,0.153428,0.027977,-1.911292,-0.191691,-0.031549,0.294361,-0.165002,0.820828,0.546816,-0.46176,-0.554082,0.692608,0.871681,-0.139241,0.469731,0.015134,-0.002539,-0.004278,-0.178424,0.150419,0.144493,0.111709,0.031041,0.038419,-0.010015,0.146123,-0.820269,0.552997,0.507675,0.541953,0.66974,-0.849066,0.182878,0.495622,-0.000411,0.004233,-0.005739,-0.173601,0.190544,0.124263,-0.036538,0.080495,0.039226,-0.062523,0.6905,0.438315,-0.575403,-0.173232,0.872548,0.456782,0.702281,-0.215729,0.678425,-0.006622,-0.023238,0.037495,-0.160703,0.129915,-0.006287,-1.043609
1120,0.155555,-0.024334,0.288422,-0.731332,-0.360531,-0.578978,0.065417,-0.882062,0.46654,-0.677989,0.303764,0.669392,-0.013222,-0.024934,0.05749,0.03506,0.23522,0.070331,-1.911132,-0.19138,-0.031575,0.294338,-0.134329,0.824953,0.548999,-0.466639,-0.541298,0.699413,0.874306,-0.163262,0.456944,0.015387,0.000461,-0.000534,0.58628,1.44337,0.994884,0.104496,0.031196,0.038405,-0.010028,0.117934,-0.822657,0.556171,0.511995,0.530269,0.675777,-0.850853,0.205059,0.483733,0.008094,-0.005066,0.003842,2.472861,4.288734,2.847538,-0.042417,0.080276,0.038468,-0.061183,0.695468,0.435901,-0.571237,-0.170594,0.872414,0.458029,0.698011,-0.221095,0.681098,-0.006639,-0.017798,0.03314,0.078641,0.301438,0.112482,-1.045568
1121,0.155283,-0.024958,0.289636,-0.734214,-0.356922,-0.577565,0.063737,-0.883174,0.464665,-0.675028,0.304791,0.671913,-0.013347,-0.036876,0.064539,0.169629,0.421623,0.192567,-1.911052,-0.191109,-0.031586,0.294404,-0.12208,0.825507,0.551022,-0.471035,-0.536748,0.699973,0.873728,-0.175128,0.453644,0.015567,0.002661,0.00221,-0.057036,0.025901,0.092604,0.103694,0.031337,0.038398,-0.009997,0.102933,-0.822984,0.55866,0.516225,0.524283,0.677227,-0.850244,0.218685,0.478811,0.007791,0.001459,0.001273,-0.007792,-0.011583,0.075298,-0.045356,0.08014,0.03816,-0.06058,0.69784,0.433489,-0.570179,-0.168849,0.873186,0.457202,0.696065,-0.222781,0.682539,-0.006728,-0.013108,0.027895,0.22397,0.455374,0.209928,-1.044425
1122,0.154738,-0.026102,0.291738,-0.738389,-0.351206,-0.575744,0.060329,-0.884701,0.462207,-0.670776,0.306987,0.675164,-0.013822,-0.029951,0.050942,-0.000648,0.19698,0.044448,-1.911381,-0.19026,-0.031668,0.294636,-0.097534,0.825919,0.555282,-0.479365,-0.527832,0.701097,0.872248,-0.198832,0.446668,0.015565,0.002771,0.002325,0.073651,0.099704,0.103052,0.104303,0.031745,0.038363,-0.009879,0.079162,-0.822159,0.563726,0.524069,0.515372,0.678044,-0.847989,0.241756,0.471666,0.015507,0.002024,0.001366,0.939803,1.224885,0.656884,-0.046989,0.079873,0.037595,-0.059537,0.70343,0.427621,-0.567737,-0.166012,0.875524,0.453758,0.691105,-0.224936,0.68686,-0.006971,-0.015193,0.025211,0.099452,0.291059,0.09577,-1.048834
1123,0.154129,-0.026996,0.293338,-0.738647,-0.351413,-0.575286,0.057704,-0.883233,0.465341,-0.670722,0.310959,0.673398,-0.014251,-0.022686,0.037856,-0.106815,0.041566,-0.058229,-1.911272,-0.188965,-0.031892,0.294957,-0.082193,0.82426,0.560206,-0.487184,-0.523488,0.698961,0.869472,-0.216501,0.443857,0.046897,-0.008098,0.008474,0.886592,1.229181,0.637093,0.106477,0.032393,0.038254,-0.009716,0.065446,-0.819777,0.56893,0.531217,0.511268,0.675583,-0.844703,0.258012,0.46894,0.015851,-0.003763,0.004842,3.055106,3.828953,2.526801,-0.045682,0.079563,0.037139,-0.058715,0.703871,0.427517,-0.567268,-0.163096,0.874534,0.456714,0.69135,-0.228948,0.685286,-0.007141,-0.01124,0.019065,-0.10826,0.037534,-0.061625,-1.049977
1124,0.153347,-0.027644,0.294529,-0.73824,-0.350563,-0.576327,0.054687,-0.882675,0.466761,-0.671422,0.313495,0.67152,-0.014643,-0.015148,0.025159,-0.071335,0.027522,-0.040542,-1.911073,-0.187013,-0.032286,0.295391,-0.071546,0.820906,0.566555,-0.491292,-0.523221,0.696279,0.868086,-0.229551,0.439995,0.062377,-0.00633,0.009347,-0.040236,0.054672,-0.06982,0.107418,0.033363,0.038054,-0.009501,0.053792,-0.815913,0.575665,0.536068,0.509978,0.67272,-0.842458,0.272409,0.464818,0.031544,-0.00831,0.009261,-0.064686,-0.05808,0.109511,-0.043886,0.079172,0.036812,-0.058114,0.703519,0.426716,-0.568307,-0.160128,0.874287,0.458235,0.6924,-0.231375,0.683407,-0.007384,-0.007906,0.012181,-0.065523,-0.079225,0.126292,-1.047691
1125,0.152875,-0.027873,0.294953,-0.737898,-0.349963,-0.577129,0.053287,-0.882637,0.466996,-0.67191,0.314273,0.670669,-0.014885,-0.017083,0.022746,-0.067429,-0.062617,0.103618,-1.910582,-0.185775,-0.032512,0.295705,-0.068691,0.821593,0.565914,-0.495162,-0.520417,0.69564,0.866112,-0.233458,0.441827,0.06316,-0.015829,0.019442,0.033088,-0.047632,-0.131202,0.108036,0.033958,0.03795,-0.009356,0.050603,-0.816469,0.575167,0.539714,0.506925,0.672113,-0.840326,0.276415,0.466311,0.031223,-0.002551,0.005357,0.160586,-0.214337,-0.013506,-0.043396,0.078947,0.0367,-0.057908,0.703264,0.426153,-0.569046,-0.158835,0.874377,0.458513,0.692958,-0.232071,0.682606,-0.01511,-0.008165,0.011833,-0.066667,-0.064056,0.09717,-1.048998
1126,0.151881,-0.028073,0.295494,-0.737544,-0.349521,-0.577848,0.051921,-0.88249,0.467427,-0.672405,0.315176,0.669748,-0.030114,0.005444,0.006596,0.003226,-0.091078,0.134037,-1.911042,-0.183126,-0.03301,0.296308,-0.055864,0.822764,0.565624,-0.504055,-0.512145,0.695392,0.861877,-0.247283,0.442586,0.078538,-0.015767,0.018002,-0.054011,-0.074372,0.131041,0.11298,0.0353,0.037697,-0.009044,0.038318,-0.816996,0.575368,0.548451,0.498508,0.671334,-0.835304,0.289837,0.467184,0.031565,-0.008264,0.009137,-0.094238,0.056516,-0.059099,-0.039804,0.078444,0.036585,-0.057631,0.702967,0.425756,-0.569709,-0.15751,0.874332,0.459056,0.693561,-0.232966,0.681687,-0.007514,-0.003693,0.006394,-0.035732,0.028247,-0.04811,-1.05112
1127,0.150769,-0.028121,0.295875,-0.736017,-0.351363,-0.578678,0.05119,-0.881234,0.46987,-0.674132,0.316642,0.667316,-0.03023,-0.005985,0.014365,-0.257251,-0.219715,-0.200679,-1.911429,-0.180215,-0.033453,0.296845,-0.055468,0.823878,0.564039,-0.502425,-0.511096,0.69734,0.862853,-0.245733,0.441546,0.06245,-0.005048,0.010346,-0.026482,-0.064522,0.123734,0.117545,0.036733,0.037474,-0.008775,0.037723,-0.818061,0.573891,0.546596,0.497662,0.673471,-0.836545,0.288282,0.465923,0.038909,-0.002231,0.004819,-0.038018,0.022535,-0.01723,-0.033925,0.077888,0.036563,-0.057447,0.702029,0.426518,-0.570295,-0.156774,0.873725,0.460462,0.694677,-0.23385,0.680247,-0.015115,0.002268,0.002729,-0.403589,-0.376101,-0.284814,-1.0521
1128,0.150204,-0.028074,0.296029,-0.735963,-0.351458,-0.578689,0.051137,-0.881153,0.470029,-0.674195,0.316764,0.667195,-0.03008,0.005535,0.006623,-6.1e-05,-0.094533,0.131977,-1.91138,-0.17879,-0.033559,0.297032,-0.0553,0.824939,0.562502,-0.502006,-0.509841,0.69856,0.863108,-0.244777,0.441579,0.077803,-0.004816,0.009138,-0.038477,0.037738,-0.041558,0.116104,0.037469,0.037419,-0.008677,0.03746,-0.819279,0.572169,0.546147,0.496278,0.674856,-0.836851,0.287209,0.466037,0.038915,-0.002033,0.004986,-0.025088,-0.080529,0.152412,-0.032946,0.077605,0.036581,-0.057369,0.701061,0.427628,-0.570654,-0.156605,0.873034,0.461828,0.695692,-0.234402,0.679019,-0.015085,0.002473,0.002968,0.012772,0.0388,-0.056148,-1.05112
1129,0.149089,-0.027938,0.29637,-0.73599,-0.351894,-0.578389,0.051308,-0.880868,0.470543,-0.674153,0.317072,0.667091,-0.030006,-0.00436,0.016278,-0.036793,0.028486,-0.052242,-1.912058,-0.17591,-0.033597,0.297181,-0.052806,0.827571,0.558864,-0.500154,-0.506196,0.702528,0.864335,-0.243451,0.439909,0.076881,0.003571,-0.002737,-0.118064,0.039436,0.225371,0.116448,0.038938,0.037403,-0.008593,0.034977,-0.821812,0.568682,0.544249,0.492913,0.678843,-0.838193,0.285761,0.464512,0.038436,0.001649,-0.00159,-0.143085,0.054954,0.235918,-0.033109,0.077036,0.036649,-0.057198,0.701091,0.427932,-0.570389,-0.15678,0.872838,0.462138,0.695622,-0.234575,0.679031,-0.015003,-0.002132,0.008218,-0.036258,0.028615,-0.052338,-1.056509
1130,0.147906,-0.027836,0.29693,-0.736006,-0.352273,-0.578139,0.051142,-0.880476,0.471295,-0.674148,0.317742,0.666777,-0.029626,-0.001689,0.019483,-0.036786,0.028573,-0.052199,-1.911426,-0.173374,-0.033545,0.297018,-0.048187,0.829754,0.556037,-0.497107,-0.502653,0.707219,0.866354,-0.243365,0.435968,0.061417,1.9e-05,-0.005922,-0.042734,0.08939,-0.055068,0.124108,0.040183,0.037431,-0.008671,0.029691,-0.823889,0.565972,0.540832,0.489421,0.684081,-0.840606,0.285785,0.460117,0.03072,0.000308,-0.002637,0.006123,-0.045856,0.127102,-0.026741,0.076466,0.0367,-0.056935,0.701041,0.428259,-0.570206,-0.156577,0.872519,0.46281,0.695719,-0.235168,0.678727,-0.014794,-0.000633,0.010022,-0.036657,0.028479,-0.052344,-1.058305
1131,0.146775,-0.027775,0.297779,-0.741508,-0.351984,-0.571242,0.053604,-0.879738,0.472397,-0.667899,0.320099,0.671918,-0.029116,0.001746,0.023585,-0.001526,0.074719,-0.032067,-1.911781,-0.171164,-0.033423,0.296618,-0.03515,0.834329,0.550136,-0.487886,-0.494635,0.719192,0.872186,-0.244164,0.423721,0.045157,0.008477,-0.016066,-0.401089,0.442263,0.173584,0.134564,0.041276,0.037489,-0.008865,0.018304,-0.82786,0.560634,0.533085,0.48246,0.695019,-0.845863,0.286144,0.450151,0.030264,0.004298,-0.008771,-0.014796,0.016079,0.158736,-0.013188,0.0759,0.036727,-0.056515,0.706583,0.428606,-0.563059,-0.159151,0.871566,0.463726,0.689499,-0.238049,0.684048,-0.014535,0.001136,0.012134,-0.027161,0.118018,-0.07491,-1.062061
1132,0.146221,-0.027769,0.298303,-0.745586,-0.353275,-0.565105,0.055977,-0.878167,0.475038,-0.66315,0.322983,0.675234,-0.028792,0.003886,0.026128,-0.019069,0.10511,-0.054545,-1.911816,-0.170264,-0.033347,0.296372,-0.028764,0.837387,0.545846,-0.483403,-0.48951,0.725697,0.874903,-0.244033,0.418158,0.045157,0.008223,-0.016446,-0.263349,0.22752,0.266587,0.136933,0.041743,0.037524,-0.008994,0.010195,-0.830719,0.556597,0.527373,0.477386,0.702836,-0.849571,0.28637,0.442966,0.023028,-0.001361,-0.004063,-0.386529,0.295116,0.318494,-0.007799,0.075612,0.036729,-0.056246,0.710452,0.430347,-0.556828,-0.161381,0.869778,0.466307,0.684991,-0.241427,0.687385,-0.014493,-0.003654,0.017148,-0.13086,0.228787,-0.208204,-1.062387
1133,0.145166,-0.027882,0.29957,-0.760165,-0.359617,-0.541174,0.065805,-0.871232,0.486412,-0.645466,0.334584,0.686625,-0.028675,-0.005583,0.036193,-0.275696,0.611714,-0.600106,-1.911458,-0.168719,-0.033107,0.295714,-0.013775,0.841875,0.539489,-0.472706,-0.48081,0.738448,0.88107,-0.245897,0.403874,0.029769,0.005792,-0.018004,-0.233929,0.213172,0.217615,0.149547,0.04251,0.037643,-0.009315,-0.005252,-0.83461,0.550816,0.516703,0.469328,0.716064,-0.856148,0.288369,0.428781,0.014895,0.00291,-0.009013,-0.370852,0.325728,0.294995,0.004284,0.075085,0.036678,-0.055614,0.723703,0.438,-0.533299,-0.170324,0.862231,0.477017,0.668761,-0.254385,0.698602,-0.014319,-0.0027,0.018235,-0.860777,1.956507,-2.109052,-1.050467
1134,0.144229,-0.028049,0.301075,-0.772066,-0.357814,-0.525289,0.072205,-0.870531,0.486759,-0.630491,0.338322,0.698603,-0.028229,-0.002799,0.039367,0.175867,0.431394,-0.063088,-1.912117,-0.167696,-0.032763,0.294872,-0.009066,0.847234,0.531134,-0.456788,-0.475892,0.751535,0.88948,-0.236859,0.390622,0.028854,0.015585,-0.02791,-0.456817,0.246239,0.286597,0.163871,0.043033,0.037813,-0.009741,-0.009694,-0.839863,0.54271,0.501984,0.465304,0.729042,-0.864821,0.2795,0.417087,0.007206,0.001663,-0.009793,-0.67401,0.029215,0.111465,0.024206,0.074617,0.036593,-0.054862,0.734996,0.438635,-0.517087,-0.176691,0.860135,0.478485,0.654645,-0.26032,0.709698,-0.014077,-0.000989,0.020198,0.289878,0.577382,-0.042446,-1.050467
1135,0.143852,-0.028149,0.301903,-0.775569,-0.355998,-0.521348,0.07355,-0.871193,0.485371,-0.626023,0.338533,0.702509,-0.012857,-0.002851,0.03941,0.045133,0.140433,0.058687,-1.912293,-0.167334,-0.032574,0.29437,-0.013081,0.851314,0.524485,-0.447323,-0.473982,0.758404,0.894233,-0.225756,0.386323,0.013465,0.013506,-0.028927,-0.256492,0.097576,0.110414,0.1688,0.043225,0.037914,-0.010001,-0.007395,-0.844324,0.53578,0.491434,0.463558,0.737295,-0.870882,0.268753,0.411502,0.006746,0.006693,-0.014547,-0.223221,0.084248,0.088629,0.032207,0.074422,0.036544,-0.054447,0.739273,0.436673,-0.512631,-0.178291,0.861008,0.476314,0.649374,-0.260728,0.714375,-0.014,-0.000517,0.02071,0.026438,0.240769,-0.110182,-1.05357
1136,0.143264,-0.028383,0.303676,-0.786201,-0.355299,-0.505664,0.078626,-0.869103,0.488313,-0.611995,0.344591,0.711861,-0.012519,-0.010565,0.051467,-0.011464,0.116283,0.050798,-1.911981,-0.166939,-0.032123,0.29331,-0.016817,0.862534,0.50571,-0.432279,-0.462226,0.774219,0.901544,-0.206665,0.379962,-0.001921,0.012243,-0.028932,0.164395,-1.2453,2.457501,0.185185,0.043423,0.038134,-0.010522,-0.005005,-0.854452,0.519506,0.476004,0.454844,0.752686,-0.879428,0.251054,0.404446,0.007214,0.001264,-0.010318,-0.165428,0.009101,0.044025,0.051312,0.074128,0.036428,-0.053567,0.749708,0.437276,-0.496715,-0.183105,0.858353,0.479272,0.635932,-0.268364,0.723582,-0.006179,0.000348,0.021723,0.006684,0.19239,-0.092027,-1.053896
1137,0.14286,-0.028489,0.305624,-0.799677,-0.354183,-0.484888,0.085219,-0.866317,0.492143,-0.593382,0.352669,0.723567,-0.01171,0.004444,0.047533,0.047269,0.256309,-0.095682,-1.912178,-0.166928,-0.031655,0.292243,-0.00315,0.871538,0.490309,-0.423287,-0.445265,0.788987,0.905933,-0.206145,0.369666,-0.001912,0.01376,-0.027062,-0.304413,0.21926,0.42158,0.203452,0.043428,0.038368,-0.011071,-0.018585,-0.864512,0.502267,0.467829,0.436449,0.768535,-0.883623,0.249258,0.396332,-0.000936,0.006907,-0.013498,-0.373611,0.259459,0.438832,0.074009,0.073922,0.03637,-0.052574,0.762987,0.437751,-0.47563,-0.189425,0.854909,0.482956,0.618035,-0.278393,0.735206,-0.005852,0.002444,0.02404,0.001172,0.213175,-0.097977,-1.059448
1138,0.142628,-0.028568,0.307847,-0.81555,-0.346431,-0.463582,0.08696,-0.865337,0.493561,-0.571126,0.362637,0.736435,0.004,0.007052,0.050387,0.39274,0.573995,0.178872,-1.912291,-0.167118,-0.031177,0.291359,-0.004407,0.879819,0.47528,-0.412319,-0.434485,0.800718,0.910973,-0.193538,0.364053,-0.000966,0.005585,-0.015191,-0.074371,-0.011416,0.261336,0.221169,0.043333,0.038601,-0.011512,-0.019124,-0.872989,0.487364,0.456014,0.426183,0.781292,-0.889766,0.237187,0.389944,-0.000933,0.007986,-0.012139,0.002379,-0.014414,0.236265,0.099809,0.073808,0.036329,-0.051504,0.777858,0.433329,-0.45515,-0.190736,0.852879,0.48602,0.598795,-0.29124,0.746071,0.00185,-0.002131,0.029214,-0.028925,0.180987,-0.047462,-1.055039
1139,0.142561,-0.028608,0.308921,-0.822575,-0.341211,-0.454961,0.08464,-0.864587,0.495275,-0.561325,0.369313,0.740641,-0.011374,-0.003269,0.059152,0.021617,0.211979,0.059779,-1.912757,-0.16726,-0.03097,0.291017,-0.009448,0.884551,0.466338,-0.403388,-0.429983,0.807667,0.91493,-0.181591,0.360264,-0.016341,0.006276,-0.01267,-0.353909,0.232973,0.397739,0.22816,0.043268,0.038704,-0.011685,-0.01294,-0.877977,0.478527,0.448689,0.422582,0.787465,-0.893593,0.224899,0.38847,-0.000928,0.008902,-0.01097,-0.321383,0.350029,0.255909,0.110097,0.073777,0.036315,-0.050944,0.786625,0.427642,-0.445356,-0.188681,0.853295,0.486092,0.587894,-0.298342,0.751911,0.001919,0.003228,0.024761,-0.01717,0.418411,-0.177908,-1.055856
1140,0.142506,-0.028789,0.310976,-0.828228,-0.335743,-0.448732,0.084893,-0.866645,0.491621,-0.552921,0.369492,0.746847,0.003125,0.001363,0.043357,0.010255,0.069586,0.086776,-1.91297,-0.167575,-0.030581,0.290622,-0.032014,0.896212,0.44246,-0.38983,-0.418707,0.820153,0.92031,-0.14735,0.362189,-0.016295,0.010853,-0.006855,-0.018778,-0.064318,0.194295,0.237275,0.043105,0.038899,-0.01189,0.006727,-0.891141,0.453676,0.433643,0.411408,0.801684,-0.901059,0.191341,0.389204,-0.008139,0.005658,-0.003115,0.042245,-0.082019,0.153578,0.127406,0.073746,0.036232,-0.049884,0.792824,0.422703,-0.439034,-0.188864,0.855321,0.482447,0.579448,-0.299578,0.757952,0.001501,0.000489,0.021462,-0.033063,0.038601,0.077696,-1.060101
1141,0.142548,-0.029055,0.312536,-0.833567,-0.331401,-0.442024,0.084403,-0.867138,0.490837,-0.544924,0.372244,0.751345,0.001726,-0.007892,0.032703,-0.985044,1.931921,-1.776541,-1.912528,-0.167808,-0.030262,0.290667,-0.046483,0.910397,0.411105,-0.376323,-0.397071,0.837048,0.925321,-0.116941,0.360513,-0.015325,0.004046,0.006776,0.102803,-1.002222,2.603711,0.253482,0.042988,0.039059,-0.011868,0.02039,-0.905896,0.423008,0.420249,0.391669,0.818526,-0.907179,0.161079,0.388688,-0.007673,0.00216,0.003647,0.047844,-0.97408,2.606393,0.141775,0.073767,0.036113,-0.04912,0.797715,0.417986,-0.434667,-0.187517,0.857005,0.479978,0.573137,-0.301378,0.762026,0.000954,0.001693,0.012316,-0.026537,-0.095431,0.223831,-1.056672
1142,0.142588,-0.029134,0.313024,-0.834665,-0.329223,-0.441579,0.083429,-0.868059,0.489372,-0.543392,0.372026,0.752562,0.001508,0.000371,0.021198,-0.000921,0.021009,0.051972,-1.912816,-0.167933,-0.030146,0.290845,-0.050994,0.914128,0.402194,-0.373499,-0.390834,0.841238,0.926233,-0.108468,0.36082,7e-05,0.00712,0.009031,-0.02658,-0.087258,0.216763,0.271136,0.042926,0.039116,-0.011779,0.023619,-0.910365,0.413132,0.416844,0.384579,0.823614,-0.908671,0.152759,0.388563,3.5e-05,0.003794,0.004823,0.033709,-0.104897,0.183773,0.159247,0.073788,0.036066,-0.048853,0.799799,0.417018,-0.431759,-0.187473,0.856833,0.480301,0.57024,-0.303202,0.763474,0.000667,-0.000245,0.010111,-0.036897,-0.006812,0.044953,-1.053407
1143,0.142681,-0.029163,0.313412,-0.837577,-0.328765,-0.436376,0.084547,-0.867103,0.490873,-0.538724,0.374654,0.754611,0.000274,0.001835,0.002063,0.005017,-0.099524,0.172129,-1.913009,-0.168141,-0.02996,0.29132,-0.054206,0.920015,0.388105,-0.369369,-0.379464,0.848238,0.927709,-0.098529,0.359876,8.2e-05,0.007986,0.010094,-0.000264,-0.013558,0.025598,0.282774,0.042822,0.039211,-0.01154,0.02626,-0.916502,0.399165,0.412821,0.373607,0.83066,-0.910433,0.142971,0.388162,0.000492,-0.001442,0.009292,-0.016016,-0.009954,-0.005729,0.186516,0.073834,0.036054,-0.048656,0.802549,0.417126,-0.426521,-0.188481,0.855599,0.482103,0.56603,-0.30652,0.765281,7.1e-05,0.000561,0.000627,-0.005452,-0.022408,0.022664,-1.0521
1144,0.142753,-0.029169,0.313141,-0.838943,-0.329264,-0.433364,0.085212,-0.865924,0.492835,-0.536491,0.376938,0.755065,-0.000703,0.004998,-0.015144,0.013426,-0.048892,0.116639,-1.912757,-0.168325,-0.029947,0.291874,-0.060512,0.923062,0.37985,-0.368098,-0.374245,0.851105,0.927833,-0.089479,0.361915,0.000984,-0.004144,0.016946,-0.02334,-0.037682,0.07217,0.281775,0.04273,0.039225,-0.011261,0.032345,-0.919908,0.390796,0.41159,0.368567,0.833517,-0.910794,0.133888,0.390547,0.000482,-0.002095,0.008451,-0.007325,-0.019795,0.07177,0.194191,0.07387,0.036048,-0.048787,0.803729,0.417894,-0.423536,-0.189071,0.854316,0.484143,0.564154,-0.309042,0.765651,0.007149,0.001735,-0.00835,-0.057176,0.166633,-0.151625,-1.054223
1145,0.142745,-0.029184,0.312876,-0.839597,-0.329491,-0.431922,0.085612,-0.865423,0.493646,-0.535404,0.377891,0.75536,-0.001088,0.002422,-0.018059,-0.250268,0.463899,-0.369388,-1.91207,-0.168391,-0.029963,0.292178,-0.062638,0.923509,0.378417,-0.369984,-0.373515,0.850607,0.926944,-0.087889,0.364574,8.8e-05,0.00809,0.010172,0.188846,-0.165229,-0.083207,0.279245,0.042697,0.03921,-0.011109,0.033737,-0.920536,0.389196,0.412963,0.367459,0.833326,-0.910122,0.13261,0.392545,0.000489,-0.001415,0.009295,0.275418,-0.21362,-0.158068,0.193538,0.073866,0.03604,-0.04892,0.804083,0.417933,-0.422825,-0.189174,0.854106,0.484474,0.563615,-0.30957,0.765834,-0.000586,0.000809,-0.009494,-0.928996,1.88979,-1.81503,-1.054713
1146,0.142664,-0.029318,0.312334,-0.84216,-0.324722,-0.430544,0.080982,-0.865518,0.49426,-0.532094,0.381779,0.755744,-0.001327,-0.008871,-0.010043,-0.00068,0.014506,-0.024894,-1.911913,-0.168284,-0.030016,0.29295,-0.067897,0.928178,0.365877,-0.375331,-0.36343,0.852631,0.924428,-0.0806,0.372559,0.016344,-0.000169,0.020264,0.444396,-1.318791,2.428851,0.28012,0.042745,0.039186,-0.010728,0.039087,-0.924395,0.379426,0.418243,0.359988,0.833955,-0.907493,0.126096,0.400693,0.0005,-9.4e-05,0.010922,0.021915,-0.079571,-0.016615,0.191415,0.073824,0.035966,-0.049208,0.807334,0.413741,-0.420747,-0.184831,0.854441,0.485557,0.560399,-0.31424,0.766292,-0.000676,-0.004573,-0.005176,0.000275,0.013128,-0.025175,-1.055366
1147,0.142556,-0.029566,0.311848,-0.841662,-0.326749,-0.429983,0.081384,-0.863882,0.497048,-0.532819,0.383755,0.754231,-0.001191,0.001777,-0.018866,0.025132,-0.115523,0.155846,-1.912272,-0.168173,-0.030156,0.293992,-0.080628,0.931293,0.355225,-0.379414,-0.358114,0.853073,0.921751,-0.067167,0.381742,0.001951,-0.00909,0.032694,-0.003763,-0.087157,0.046757,0.2789,0.042807,0.039114,-0.010201,0.051689,-0.929314,0.365653,0.422648,0.352093,0.835104,-0.904818,0.111377,0.410972,0.000961,-0.004423,0.016501,-0.05654,-0.069044,0.057278,0.191579,0.07377,0.035839,-0.049446,0.80651,0.415911,-0.420189,-0.185096,0.852613,0.48866,0.561498,-0.316334,0.764625,-0.000716,-0.004821,-0.005477,0.011233,0.010595,-0.029837,-1.057979
1148,0.142396,-0.029876,0.311495,-0.840381,-0.328233,-0.431356,0.080992,-0.862947,0.498732,-0.534894,0.384593,0.752332,-0.001151,-0.007635,-0.008709,-0.001334,0.013796,-0.025289,-1.912374,-0.167939,-0.030287,0.295212,-0.093149,0.93325,0.346928,-0.382716,-0.355117,0.852851,0.919219,-0.054507,0.389781,0.00196,-0.007234,0.034884,0.158655,-0.191936,-0.117072,0.280694,0.042924,0.03905,-0.009589,0.063177,-0.931987,0.356943,0.425117,0.348718,0.835267,-0.90293,0.098973,0.418234,0.000961,-0.003516,0.017567,0.218394,-0.210639,-0.140141,0.191415,0.073689,0.035684,-0.04963,0.805088,0.417147,-0.421687,-0.184671,0.851866,0.490121,0.563674,-0.316717,0.762863,-0.000562,-0.00377,-0.004298,0.014026,-0.079492,0.147932,-1.060265
1149,0.142307,-0.030017,0.311348,-0.840275,-0.327958,-0.431771,0.080617,-0.863084,0.498555,-0.535116,0.384519,0.752212,-0.001037,-0.006862,-0.007839,-0.000687,0.014503,-0.024895,-1.911865,-0.167837,-0.030356,0.295858,-0.100975,0.933383,0.344372,-0.381982,-0.355866,0.852867,0.918707,-0.046599,0.392005,0.001962,-0.006517,0.035704,-0.521803,-1.518177,-0.704563,0.285652,0.042974,0.039019,-0.009279,0.06962,-0.932557,0.354244,0.425404,0.348953,0.835022,-0.902321,0.092563,0.421008,0.000604,0.00264,0.013827,-1.806545,-4.840084,-2.20461,0.194518,0.073645,0.035613,-0.049705,0.805054,0.416831,-0.422064,-0.184351,0.852076,0.489877,0.563827,-0.31657,0.762811,-0.00049,-0.003273,-0.003737,0.000834,0.015521,-0.024633,-1.060918
