frame,MLTx,MLTy,MLTz,MLTR1,MLTR2,MLTR3,MLTR4,MLTR5,MLTR6,MLTR7,MLTR8,MLTR9,MLTTVx,MLTTVy,MLTTVz,MLTRVx,MLTRVy,MLTRVz,MLGA,MRTx,MRTy,MRTz,MRTR1,MRTR2,MRTR3,MRTR4,MRTR5,MRTR6,MRTR7,MRTR8,MRTR9,MRTTVx,MRTTVy,MRTTVz,MRTRVx,MRTRVy,MRTRVz,MRGA,SLTx,SLTy,SLTz,SLTR1,SLTR2,SLTR3,SLTR4,SLTR5,SLTR6,SLTR7,SLTR8,SLTR9,SLTTVx,SLTTVy,SLTTVz,SLTRVx,SLTRVy,SLTRVz,SLGA,SRTx,SRTy,SRTz,SRTR1,SRTR2,SRTR3,SRTR4,SRTR5,SRTR6,SRTR7,SRTR8,SRTR9,SRTTVx,SRTTVy,SRTTVz,SRTRVx,SRTRVy,SRTRVz,SRGA
2409,0.166509,-0.001352,0.33158,-0.696903,-0.343198,-0.62975,0.025474,-0.889385,0.456418,-0.715868,0.302459,0.629348,0.001212,0.017349,0.015356,0.009977,-0.01999,0.054971,-0.15817,-0.13535,0.013819,0.330111,-0.736633,0.673796,-0.057989,-0.627839,-0.649285,0.429163,0.252453,0.35169,0.901357,0.000575,-0.005111,-0.004341,-0.088852,0.053446,0.007032,-1.402655,0.061002,0.051462,-0.009385,0.701725,-0.711756,-0.031397,0.672581,0.64728,0.358696,-0.234981,-0.272823,0.932926,-0.000448,0.003321,-0.005921,-0.049077,0.029769,0.060573,-0.962886,0.081485,0.039605,-0.053195,0.712265,0.427025,-0.55707,-0.229467,0.891701,0.390144,0.663342,-0.150057,0.733116,0.00066,0.003342,0.011993,-0.049675,-0.02663,0.029397,-0.231892
2410,0.166597,-0.001117,0.331989,-0.705457,-0.326691,-0.629006,0.009597,-0.891786,0.452325,-0.707834,0.313461,0.633041,0.001421,0.007985,0.025073,0.017628,0.630626,0.589251,-0.318217,-0.135342,0.013746,0.329997,-0.736681,0.673754,-0.05787,-0.627784,-0.649391,0.429083,0.252452,0.351574,0.901402,0.000646,-0.005742,-0.004882,-0.003291,0.015885,-0.023859,-1.40269,0.061006,0.051424,-0.009444,0.701638,-0.711844,-0.031323,0.67269,0.64727,0.35851,-0.234929,-0.272615,0.932999,0.000331,-0.002902,-0.002468,0.00977,0.011706,-0.02333,-0.963702,0.081529,0.039727,-0.052994,0.721381,0.413908,-0.555236,-0.213888,0.895705,0.389825,0.65868,-0.162454,0.734675,0.000723,0.004391,0.012888,-1.117558,0.743322,1.072667,-0.340806
2411,0.16684,-0.000696,0.332894,-0.723756,-0.274833,-0.633001,-0.046577,-0.895749,0.442082,-0.687611,0.349779,0.636296,0.00136,0.007294,0.024349,-3.117616,2.131828,4.283545,-0.707166,-0.135359,0.013613,0.329755,-0.736042,0.674548,-0.056726,-0.6275,-0.648276,0.43118,0.255012,0.352109,0.900473,0.00055,-0.004897,-0.004172,-0.001071,0.000471,0.000387,-1.402453,0.060998,0.051354,-0.009567,0.701004,-0.712521,-0.030112,0.672438,0.646327,0.360676,-0.237528,-0.273084,0.932204,0.000283,-0.002481,-0.002112,0.01019,-0.002901,0.000531,-0.965498,0.081651,0.039945,-0.052534,0.747455,0.368792,-0.552542,-0.16349,0.908289,0.385072,0.64388,-0.197489,0.739199,0.007691,0.003535,0.011916,0.987456,-1.461251,2.247344,-0.60648
2412,0.167132,-0.00047,0.33365,-0.721785,-0.240636,-0.648973,-0.077476,-0.903656,0.421158,-0.6869,0.35456,0.634415,0.014776,0.012261,0.010348,0.805847,-1.896256,2.226397,-1.228528,-0.135353,0.013552,0.329559,-0.734409,0.676452,-0.055205,-0.627423,-0.64547,0.43548,0.259881,0.353601,0.898494,0.000303,-0.002699,-0.002303,-0.228679,0.100609,0.082817,-1.401963,0.061002,0.051322,-0.009667,0.699728,-0.713836,-0.028601,0.672254,0.644363,0.364513,-0.241773,-0.274287,0.930758,0.000176,-0.001546,-0.001319,-0.355884,0.142235,0.091182,-0.958477,0.081793,0.040064,-0.052144,0.756807,0.330505,-0.563922,-0.127257,0.920738,0.368844,0.641129,-0.207381,0.738881,0.007435,0.000678,0.009381,-0.031911,-0.183902,0.277622,-0.902036
2413,0.167875,-0.000207,0.333942,-0.707522,-0.176036,-0.684448,-0.146546,-0.910901,0.385687,-0.690483,0.373399,0.619543,0.028123,0.016772,-0.003996,-3.661558,1.705819,4.049229,-1.863343,-0.135359,0.013508,0.329444,-0.733674,0.677325,-0.054263,-0.627237,-0.644189,0.43764,0.262401,0.354263,0.8975,0.000182,-0.001624,-0.001386,-0.005491,0.002418,0.001991,-1.401658,0.060999,0.0513,-0.009724,0.698576,-0.715012,-0.027335,0.672197,0.642693,0.367554,-0.245238,-0.275139,0.929599,-0.000606,0.004713,-0.004744,0.055398,-0.012357,0.023348,-0.962396,0.082159,0.040196,-0.051991,0.75518,0.265705,-0.599252,-0.060302,0.93845,0.340111,0.652737,-0.220709,0.724721,0.014086,0.002345,0.001687,0.280894,-0.930409,1.213348,-1.008828
2414,0.168329,-6e-05,0.333964,-0.690644,-0.150482,-0.707398,-0.171998,-0.915887,0.362683,-0.701619,0.372338,0.607555,0.014194,0.004182,0.003285,0.260257,-0.972416,1.333625,-1.914898,-0.135366,0.01348,0.329421,-0.732838,0.678286,-0.053561,-0.627171,-0.642706,0.439909,0.264891,0.355115,0.896431,0.000101,-0.000903,-0.000772,-0.010489,0.00462,0.003803,-1.401368,0.060995,0.051286,-0.009736,0.697719,-0.71588,-0.026522,0.672129,0.641371,0.369979,-0.247851,-0.275968,0.928661,5.3e-05,-0.000457,-0.00039,0.01849,-0.002867,0.00679,-0.95864,0.082381,0.040272,-0.051984,0.74892,0.234794,-0.619668,-0.02912,0.945881,0.323203,0.662019,-0.224009,0.715226,0.00701,0.007272,-0.002813,0.066657,-0.481032,0.800921,-0.976986
2415,0.168967,0.000105,0.333876,-0.665977,-0.10823,-0.73811,-0.219772,-0.917054,0.332692,-0.71207,0.383911,0.587875,0.013975,0.000873,0.000409,-0.064974,-0.46618,0.856965,-1.919937,-0.135417,0.013478,0.329398,-0.731181,0.680184,-0.052114,-0.626993,-0.639784,0.4444,0.26986,0.35675,0.894298,1e-06,-1.1e-05,-9e-06,-0.165812,0.073081,0.060157,-1.401059,0.060969,0.051285,-0.009747,0.696296,-0.717318,-0.025013,0.671885,0.639145,0.37425,-0.252469,-0.277395,0.92699,-7e-06,5.7e-05,4.8e-05,-0.22874,0.095432,0.069191,-0.961416,0.08271,0.040353,-0.05203,0.734422,0.186216,-0.652645,0.022641,0.954365,0.297782,0.678314,-0.233474,0.696691,0.013864,0.005716,-0.004338,-0.241597,-0.023527,0.445166,-0.972741
2416,0.169665,0.00017,0.333807,-0.669866,-0.083989,-0.737747,-0.254948,-0.907167,0.334695,-0.696542,0.412388,0.58719,0.013861,0.012474,-0.007409,-0.768743,1.273209,-1.286127,-1.922042,-0.135469,0.01348,0.329393,-0.729559,0.682039,-0.050576,-0.626701,-0.636909,0.448917,0.274893,0.358344,0.892125,0.0,-0.0,-0.0,-0.088505,0.039048,0.032136,-1.400472,0.060943,0.051288,-0.009748,0.694458,-0.71916,-0.023145,0.671622,0.63634,0.379466,-0.258169,-0.279068,0.924915,-1e-06,1.9e-05,1.7e-05,-0.056548,0.031165,0.03588,-0.958477,0.083053,0.040375,-0.052067,0.741261,0.161866,-0.651405,0.058804,0.951094,0.30325,0.668634,-0.263093,0.695491,0.006975,0.000193,-1.9e-05,0.01886,-0.49623,0.842578,-0.979762
2417,0.169815,0.000307,0.333814,-0.6704,-0.068998,-0.738815,-0.275322,-0.901472,0.333944,-0.688233,0.42737,0.586275,0.000275,0.004629,0.004009,-1.28853,0.486701,1.15626,-1.921454,-0.135479,0.013479,0.329393,-0.728732,0.682977,-0.049836,-0.626561,-0.635446,0.451181,0.277404,0.35915,0.891023,0.0,-0.0,-0.0,-0.05414,0.023897,0.019664,-1.400448,0.060938,0.051287,-0.009748,0.69355,-0.720062,-0.022296,0.671533,0.634984,0.381886,-0.260825,-0.27983,0.923939,-0.0,1.1e-05,9e-06,-0.013483,0.013559,0.023515,-0.95815,0.083138,0.040442,-0.052071,0.74476,0.148922,-0.650502,0.077849,0.948737,0.306327,0.662775,-0.278781,0.694989,-4.9e-05,0.007611,-0.00239,-4.306408,2.071796,3.117323,-0.982538
2418,0.169931,0.000727,0.33388,-0.669825,-0.04655,-0.741089,-0.304494,-0.893049,0.331237,-0.676419,0.447582,0.58494,0.000325,0.005523,0.004773,-0.032405,-3.8e-05,0.050862,-1.922516,-0.135481,0.013496,0.329381,-0.725198,0.687259,-0.041886,-0.625001,-0.631361,0.459012,0.289936,0.358182,0.887415,0.0,-0.0,-0.0,-0.254267,0.112176,0.092327,-1.364106,0.060937,0.051296,-0.009754,0.690429,-0.723263,-0.014045,0.669972,0.631994,0.389513,-0.272844,-0.278341,0.920913,-3e-06,3e-06,2e-06,-0.340777,0.13874,0.109724,-0.950966,0.083196,0.04065,-0.052034,0.748284,0.125401,-0.651417,0.109751,0.945036,0.307995,0.654236,-0.301962,0.693392,0.000176,0.002934,0.002534,-0.376337,0.253906,0.145175,-0.981232
2419,0.169968,0.000875,0.33394,-0.671262,-0.031109,-0.740598,-0.325004,-0.885616,0.331705,-0.665374,0.463393,0.585296,0.013981,0.001463,0.000903,-0.109525,0.034781,0.116889,-1.922376,-0.135493,0.01351,0.329381,-0.718393,0.695496,-0.01372,-0.618725,-0.629664,0.46972,0.31896,0.345052,0.882648,-2.9e-05,0.000262,0.000224,-0.264906,0.812357,-0.046257,-0.743186,0.060931,0.051303,-0.009754,0.684517,-0.728855,0.014328,0.663857,0.631353,0.400856,-0.301213,-0.264881,0.916028,-8e-06,0.000161,0.000112,0.012559,2.624608,-1.053541,-0.768733,0.08321,0.040737,-0.051999,0.752075,0.110442,-0.649757,0.130906,0.941187,0.311497,0.645945,-0.319326,0.693386,5.3e-05,0.000854,0.000736,-0.372156,0.152163,0.314421,-0.988254
2420,0.169969,0.000895,0.333957,-0.671074,-0.022742,-0.741072,-0.33592,-0.881731,0.331178,-0.660128,0.47121,0.584994,2.3e-05,0.000396,0.000342,-0.000269,0.00012,0.000212,-1.922459,-0.135545,0.013433,0.329441,-0.702181,0.711473,0.027183,-0.60951,-0.62025,0.493682,0.36899,0.329186,0.869106,-0.0,3e-06,2e-06,-0.718335,0.903722,0.242467,-0.166677,0.060905,0.051265,-0.009724,0.66963,-0.740509,0.056919,0.654809,0.624819,0.425236,-0.350456,-0.247479,0.90329,1e-05,-1.2e-05,-2.8e-05,-0.657707,2.787047,-0.817142,-0.60136,0.083216,0.040746,-0.051992,0.753298,0.102048,-0.649713,0.142391,0.93915,0.312602,0.642079,-0.327996,0.692929,1.2e-05,0.00017,0.000146,0.002069,-0.000306,0.00069,-0.992336
2421,0.16996,0.000922,0.333981,-0.671034,-0.022712,-0.741109,-0.335954,-0.881733,0.331139,-0.660151,0.471208,0.58497,8.7e-05,0.001473,0.001271,-0.0,0.0,0.0,-1.922501,-0.135547,0.013368,0.329465,-0.690095,0.72199,0.049909,-0.604315,-0.612666,0.509291,0.399153,0.320385,0.859007,4.6e-05,-0.000415,-0.000354,-0.695268,2.594169,-0.51155,0.010829,0.060904,0.051233,-0.009711,0.658353,-0.74859,0.078634,0.650492,0.618399,0.440954,-0.378722,-0.239153,0.894077,2.5e-05,-0.000273,-0.000229,-0.712077,0.232956,0.684322,-0.536044,0.083211,0.040757,-0.051982,0.753263,0.102029,-0.649757,0.142393,0.939167,0.31255,0.64212,-0.327954,0.692912,4.5e-05,0.000763,0.00066,0.001346,-0.000565,-0.001035,-0.997071
2422,0.169965,0.001008,0.334055,-0.670508,-0.018217,-0.741709,-0.341741,-0.879758,0.330471,-0.657715,0.475075,0.584587,0.000146,0.002491,0.002148,-0.0,-0.0,-0.0,-1.922259,-0.135514,0.013255,0.32938,-0.666472,0.741164,0.080521,-0.598381,-0.59608,0.535315,0.445594,0.307652,0.84063,0.000362,-0.00324,-0.00277,-0.657137,0.610874,0.488036,0.214399,0.060921,0.051179,-0.009752,0.633613,-0.765176,0.114187,0.644122,0.603508,0.469982,-0.428532,-0.224236,0.875258,0.000193,-0.001744,-0.001488,-0.622111,0.652951,0.466204,-0.432518,0.083214,0.040798,-0.051946,0.753544,0.097514,-0.650123,0.14842,0.938167,0.312749,0.640423,-0.332162,0.692478,8.5e-05,0.001464,0.001262,0.001727,-0.015294,0.023796,-0.998214
2423,0.17001,0.00109,0.334099,-0.669911,-0.013689,-0.742346,-0.347521,-0.877771,0.329726,-0.655295,0.47888,0.5842,0.000115,0.001962,0.001691,0.00077,-0.01487,0.024675,-1.922151,-0.135395,0.013103,0.329172,-0.645252,0.757441,0.099619,-0.594959,-0.579877,0.556507,0.480101,0.298859,0.824651,0.000637,-0.005683,-0.004869,-0.428845,-0.081354,0.610172,0.367506,0.06098,0.051105,-0.009853,0.612085,-0.779073,0.135634,0.640684,0.58909,0.492439,-0.463547,-0.214516,0.859713,0.00039,-0.003488,-0.002986,-0.422983,-0.014932,0.680578,-0.315275,0.083236,0.04084,-0.051924,0.753778,0.092959,-0.65052,0.154451,0.937148,0.312886,0.638719,-0.33632,0.692044,2.3e-05,0.000389,0.000334,0.006207,-0.102967,0.169705,-0.998868
2424,0.170052,0.001136,0.334084,-0.669589,-0.01343,-0.742641,-0.347735,-0.877834,0.329332,-0.65551,0.478772,0.584047,2.4e-05,0.000414,0.000356,-0.0,-0.0,-0.0,-1.921324,-0.135305,0.012945,0.329029,-0.637462,0.762955,0.107396,-0.593378,-0.574918,0.563299,0.492318,0.29439,0.819036,0.0011,-0.009794,-0.008405,-0.266044,-0.176186,0.560141,0.397154,0.061024,0.051034,-0.009919,0.604124,-0.783763,0.144039,0.639217,0.584544,0.499708,-0.47585,-0.209813,0.854133,0.000582,-0.005172,-0.004438,-0.23414,-0.13761,0.527162,-0.167007,0.083257,0.040866,-0.051929,0.753533,0.092636,-0.650849,0.1547,0.937234,0.312505,0.638947,-0.336169,0.691906,1.1e-05,0.000185,0.000159,0.000614,-0.000278,-0.000593,-0.998378
2425,0.170218,0.001248,0.334002,-0.668812,-0.012792,-0.743352,-0.3482,-0.878028,0.328323,-0.656056,0.478433,0.583711,-4e-06,-7.5e-05,-6.5e-05,-0.0,-0.0,-0.0,-1.921227,-0.135248,0.012351,0.328532,-0.630453,0.767281,0.117479,-0.59146,-0.572731,0.567529,0.50353,0.287346,0.81471,0.002098,-0.018696,-0.016135,0.001128,-0.072218,0.12175,0.406239,0.061052,0.050738,-0.010166,0.597073,-0.787264,0.154005,0.638042,0.582429,0.503664,-0.486214,-0.202462,0.850061,0.001106,-0.009797,-0.008452,0.046697,-0.094055,0.119062,0.143408,0.08334,0.040921,-0.05197,0.75297,0.09187,-0.651609,0.155233,0.937463,0.311552,0.639482,-0.33574,0.69162,-3e-06,-7.5e-05,-6.8e-05,0.000402,-0.000188,-0.00041,-0.999194
2426,0.170425,0.001272,0.33395,-0.668069,-0.008161,-0.744085,-0.354028,-0.87604,0.327397,-0.653694,0.482157,0.583297,0.013866,-0.000283,-0.000608,0.000984,-0.014715,0.029553,-1.921299,-0.135246,0.011518,0.327821,-0.625574,0.77171,0.114514,-0.601812,-0.570608,0.558715,0.497295,0.279626,0.8212,0.002461,-0.021998,-0.019134,0.143014,-0.228345,0.044718,0.399177,0.061053,0.050316,-0.010527,0.592089,-0.791538,0.151317,0.648375,0.579409,0.493856,-0.478581,-0.194296,0.856275,0.001272,-0.011294,-0.009825,0.095824,-0.240072,0.05317,0.322864,0.083443,0.040932,-0.051997,0.753083,0.087152,-0.652126,0.161372,0.936442,0.311503,0.637826,-0.339823,0.691155,0.006933,-0.000138,-0.000305,0.001479,-0.014891,0.029267,-1.000664
2427,0.170539,0.001255,0.333946,-0.667737,-0.007874,-0.744386,-0.354347,-0.876039,0.327056,-0.653861,0.482164,0.583105,0.000146,-0.011206,0.008146,-0.035654,0.012705,-0.018408,-1.920987,-0.135295,0.011029,0.327419,-0.615333,0.780185,0.112555,-0.614097,-0.563852,0.552168,0.495032,0.269661,0.825887,-0.010893,-0.025939,-0.021137,-0.022732,-2.200554,1.193779,0.396637,0.061029,0.050071,-0.010728,0.5813,-0.79951,0.151236,0.659767,0.571907,0.487471,-0.476231,-0.183587,0.859941,-0.005413,-0.013193,-0.01079,-0.031122,-2.200022,1.191027,0.337234,0.0835,0.040924,-0.051999,0.752845,0.086808,-0.652447,0.161722,0.93648,0.311205,0.63802,-0.339805,0.690986,7.5e-05,-0.005598,0.004073,-0.035325,0.012569,-0.018728,-0.998541
2428,0.170787,0.001246,0.333917,-0.667104,-0.007326,-0.744959,-0.354906,-0.876072,0.32636,-0.654204,0.482111,0.582763,-2.4e-05,-0.000428,-0.000369,0.0,0.0,0.0,-1.920769,-0.135551,0.009812,0.326474,-0.615864,0.779824,0.112147,-0.619138,-0.566947,0.543298,0.488034,0.264177,0.831803,-0.010203,-0.032938,-0.027544,0.478962,-0.092067,-0.274116,0.384563,0.060904,0.049478,-0.011187,0.58141,-0.799642,0.150107,0.664115,0.573015,0.480211,-0.470011,-0.179512,0.864212,-0.005085,-0.016504,-0.013797,0.503855,-0.122982,-0.274521,0.338377,0.083625,0.04092,-0.052013,0.75239,0.086148,-0.653059,0.162344,0.93658,0.310585,0.638398,-0.339701,0.690688,-1.5e-05,-0.000273,-0.00024,0.000228,-0.0001,-0.000218,-1.00099
2429,0.171026,0.001266,0.333888,-0.666436,-0.006755,-0.745562,-0.355457,-0.876131,0.3256,-0.654586,0.482011,0.582417,-0.0,-0.0,-0.0,0.0,0.0,0.0,-1.921078,-0.135976,0.008384,0.325298,-0.600084,0.792224,0.110781,-0.63187,-0.554233,0.541757,0.491347,0.254099,0.832992,-0.009787,-0.037878,-0.032317,0.05707,0.33596,0.287598,0.383738,0.060692,0.048765,-0.011774,0.566302,-0.81047,0.149799,0.676427,0.560871,0.477355,-0.4709,-0.168999,0.865847,-0.004838,-0.019322,-0.016475,0.14416,0.997736,1.246879,0.331192,0.083744,0.040929,-0.052028,0.751909,0.085454,-0.653703,0.162967,0.936698,0.309898,0.638805,-0.339547,0.690386,0.006933,-0.000117,-0.000291,0.001141,-0.014791,0.029408,-1.002623
2430,0.171194,0.001307,0.333891,-0.665924,-0.006321,-0.746023,-0.355882,-0.876173,0.325025,-0.654876,0.481942,0.582148,5.2e-05,0.000952,0.00082,0.0,0.0,0.0,-1.920439,-0.136546,0.006896,0.324014,-0.592642,0.796932,0.116896,-0.634718,-0.551286,0.541434,0.496676,0.245674,0.832358,-0.009942,-0.037828,-0.032714,-0.009618,0.078738,-0.123142,0.387233,0.060407,0.048014,-0.012422,0.558394,-0.81465,0.156653,0.679231,0.557385,0.477458,-0.476277,-0.160207,0.864576,-0.011822,-0.019884,-0.016437,-0.01248,0.113672,-0.169239,0.332988,0.083828,0.040948,-0.052028,0.751541,0.084927,-0.654196,0.163447,0.936786,0.30938,0.639116,-0.339438,0.690152,3.5e-05,0.000621,0.000531,0.000113,-3.6e-05,-0.000103,-1.004093
2431,0.171236,0.001321,0.333889,-0.665743,-0.006172,-0.746186,-0.356025,-0.876191,0.32482,-0.654983,0.481911,0.582054,2.1e-05,0.000377,0.000325,0.0,0.0,0.0,-1.920588,-0.136848,0.006186,0.323398,-0.584115,0.802774,0.11981,-0.639472,-0.545931,0.541266,0.500657,0.238533,0.83205,-0.010264,-0.03546,-0.030767,-0.008474,0.083831,-0.115319,0.390782,0.060257,0.047653,-0.012736,0.549706,-0.819837,0.160278,0.683719,0.551798,0.477541,-0.479948,-0.152922,0.863865,-0.005129,-0.017585,-0.015239,-0.003535,0.099839,-0.089501,0.335764,0.083849,0.040957,-0.052027,0.751409,0.084744,-0.654371,0.163609,0.936819,0.309194,0.63923,-0.339392,0.69007,1.2e-05,0.000227,0.000191,8.2e-05,-5.8e-05,-8.5e-05,-1.004909
2432,0.171235,0.001379,0.333846,-0.665473,-0.005969,-0.746429,-0.356132,-0.876287,0.324443,-0.6552,0.481738,0.581953,0.0,0.0,0.0,0.0,0.0,0.0,-1.920825,-0.137374,0.004798,0.322297,-0.552439,0.823973,0.125979,-0.657944,-0.523711,0.541083,0.512509,0.214988,0.83125,-0.010728,-0.032212,-0.028141,0.052598,0.345691,0.286976,0.395835,0.059995,0.046954,-0.01329,0.517697,-0.8387,0.169027,0.70089,0.529046,0.478396,-0.490654,-0.129194,0.861722,-0.005393,-0.015638,-0.013624,0.18371,1.081592,1.118178,0.344419,0.083849,0.040986,-0.052049,0.75121,0.08449,-0.654632,0.163747,0.936915,0.308828,0.639428,-0.339189,0.689986,0.0,-1.1e-05,-9e-06,8.5e-05,-1.2e-05,-7.8e-05,-1.004583
2433,0.171181,0.001469,0.333751,-0.664964,-0.005601,-0.746884,-0.356327,-0.876465,0.323746,-0.655609,0.481418,0.581757,-0.000224,0.009957,-0.009219,0.035658,-0.012671,0.018423,-1.92029,-0.137803,0.003563,0.32145,-0.494543,0.858627,0.134824,-0.689562,-0.481912,0.540554,0.52973,0.173274,0.830196,-0.011562,-0.024952,-0.021652,0.059072,0.330302,0.311016,0.377959,0.059785,0.046342,-0.013716,0.459574,-0.869237,0.182256,0.730035,0.486593,0.47987,-0.505806,-0.087482,0.858199,-0.005776,-0.011874,-0.010141,0.735866,3.013045,4.52217,0.337397,0.083822,0.041029,-0.052091,0.750833,0.084021,-0.655126,0.164022,0.937086,0.308166,0.639801,-0.338837,0.689814,1e-06,-1.9e-05,-1.6e-05,5.7e-05,-2.6e-05,-5.4e-05,-1.005399
2434,0.171159,0.001496,0.333722,-0.664676,-0.005385,-0.747143,-0.3565,-0.876523,0.323398,-0.655808,0.481314,0.581619,-2.4e-05,-0.000444,-0.000383,0.0,0.0,0.0,-1.920245,-0.137986,0.003092,0.321189,-0.468222,0.871965,0.142955,-0.700246,-0.46472,0.541873,0.539516,0.152513,0.827965,-0.010834,-0.030196,-0.008168,0.01947,0.34914,0.309591,0.365216,0.059686,0.046079,-0.013864,0.431514,-0.881307,0.192592,0.740462,0.467973,0.482406,-0.515276,-0.065558,0.854512,-0.005461,-0.014619,-0.003642,0.048921,0.336279,0.312658,0.323681,0.083811,0.041044,-0.052111,0.750622,0.083754,-0.655402,0.164207,0.937165,0.307825,0.640002,-0.338681,0.689704,-0.006946,-0.000156,5.2e-05,-0.000927,0.014694,-0.029587,-1.006216
2435,0.171146,0.001514,0.333644,-0.664119,-0.004963,-0.747641,-0.356849,-0.876627,0.322732,-0.656182,0.481129,0.581349,-5.1e-05,-0.000917,-0.00079,0.0,0.0,0.0,-1.920296,-0.138361,0.002446,0.320996,-0.431691,0.888471,0.155736,-0.715936,-0.442394,0.540053,0.54926,0.120518,0.826832,-0.012203,-0.016803,0.004351,-0.005465,0.165367,0.033187,0.338756,0.0595,0.045749,-0.013967,0.394677,-0.895032,0.207717,0.755216,0.444766,0.481488,-0.523333,-0.033161,0.851482,-0.006168,-0.007753,0.002788,-0.004381,0.160561,0.033366,0.28841,0.083804,0.041054,-0.052149,0.750213,0.083225,-0.655937,0.16462,0.937297,0.307203,0.640375,-0.338448,0.689472,-3.6e-05,-0.000677,-0.000584,4.2e-05,-1.6e-05,-1.5e-05,-1.007032
2436,0.171143,0.001501,0.33358,-0.663691,-0.004635,-0.748023,-0.357142,-0.876689,0.322239,-0.656456,0.481019,0.58113,-5.3e-05,-0.000956,-0.000824,0.0,0.0,0.0,-1.920475,-0.138492,0.002328,0.321388,-0.405287,0.900261,0.158943,-0.727581,-0.422793,0.54019,0.55402,0.102153,0.826129,0.000382,-0.00132,0.017252,0.044586,0.26191,0.416046,0.339904,0.059435,0.045688,-0.01378,0.368372,-0.90505,0.212568,0.765749,0.425039,0.482669,-0.52719,-0.015028,0.849613,0.000102,0.000238,0.009473,0.223809,0.903411,1.385248,0.271591,0.083802,0.041047,-0.052182,0.749898,0.082814,-0.656348,0.164963,0.937386,0.306748,0.640655,-0.338303,0.689283,-3.2e-05,-0.000578,-0.000499,2.7e-05,-1e-05,-2.6e-05,-1.008012
2437,0.171139,0.001481,0.333509,-0.663372,-0.004392,-0.748307,-0.357342,-0.876747,0.321858,-0.65667,0.480914,0.580976,-4.2e-05,-0.000761,-0.000656,0.0,0.0,0.0,-1.920167,-0.138335,0.002547,0.322362,-0.389302,0.906142,0.165356,-0.732991,-0.413359,0.540178,0.558317,0.087944,0.82487,0.000569,-0.000725,0.036177,-0.066065,-0.023324,0.030864,0.360637,0.059513,0.0458,-0.013284,0.351934,-0.909799,0.220015,0.770882,0.415047,0.483194,-0.530926,-0.000447,0.847417,0.000206,0.000265,0.018675,-0.067217,-0.032223,0.033195,0.286287,0.083801,0.041036,-0.052219,0.749664,0.082511,-0.656653,0.165198,0.93746,0.306392,0.640868,-0.33817,0.68915,-1.8e-05,-0.000354,-0.000306,2.6e-05,-0.0,-3e-06,-1.008175
2438,0.171117,0.001462,0.333493,-0.663252,-0.004304,-0.748414,-0.357442,-0.87675,0.321739,-0.656737,0.48091,0.580904,-3.1e-05,-0.000558,-0.000482,0.0,0.0,0.0,-1.920388,-0.138152,0.002689,0.323065,-0.383707,0.907466,0.17107,-0.733958,-0.411995,0.539906,0.560908,0.080463,0.823875,0.012805,0.0152,0.030865,0.004413,0.150592,-0.056703,0.376382,0.059594,0.045868,-0.012954,0.346512,-0.910638,0.225092,0.771927,0.413155,0.483146,-0.53297,0.006339,0.84611,5.7e-05,0.001537,0.019793,0.297871,2.221785,-1.516993,0.30131,0.083795,0.041026,-0.052227,0.749564,0.082381,-0.656784,0.165328,0.937477,0.306272,0.640951,-0.338155,0.68908,-2e-05,-0.000368,-0.000316,1.4e-05,-1e-06,-2.2e-05,-1.008012
2439,0.171085,0.001434,0.333483,-0.662868,-0.004012,-0.748755,-0.357782,-0.876747,0.321369,-0.656939,0.480917,0.580669,-7.4e-05,-0.001344,-0.00116,-0.000774,0.014913,-0.024649,-1.919552,-0.137719,0.002866,0.324691,-0.365782,0.912645,0.182412,-0.736932,-0.403601,0.542192,0.568908,0.062748,0.81992,0.01366,0.008447,0.042735,-0.061218,0.05087,0.207092,0.41537,0.059815,0.045967,-0.012125,0.328921,-0.913764,0.23842,0.774182,0.405491,0.486024,-0.540788,0.024717,0.840795,0.007498,-0.001517,0.025247,-0.016649,0.402126,0.253291,0.344255,0.083774,0.041015,-0.052229,0.749283,0.082019,-0.65715,0.165707,0.937514,0.305952,0.641182,-0.338139,0.688873,3e-06,3e-05,2.7e-05,0.005363,-0.102915,0.170098,-1.008338
2440,0.171086,0.001447,0.333495,-0.662551,-0.003766,-0.749037,-0.358051,-0.876755,0.321047,-0.657112,0.480904,0.580484,4.6e-05,0.000827,0.000714,0.0,0.0,0.0,-1.919234,-0.137254,0.002847,0.326525,-0.348645,0.917231,0.19268,-0.73901,-0.395354,0.545431,0.576899,0.046613,0.815401,0.015139,-0.004403,0.049008,-0.120501,0.070875,-0.122995,0.444491,0.060046,0.045973,-0.011201,0.311757,-0.916855,0.249366,0.77618,0.397121,0.489733,-0.548043,0.040876,0.83545,0.00059,-0.002791,0.024758,-0.098592,0.071757,-0.153313,0.392426,0.083774,0.041018,-0.052227,0.749061,0.081725,-0.65744,0.166,0.937552,0.305679,0.641366,-0.338107,0.688717,3.1e-05,0.000567,0.00049,9e-06,-1e-06,-9e-06,-1.008665
2441,0.171096,0.001447,0.333494,-0.662343,-0.003603,-0.749222,-0.358229,-0.87676,0.320834,-0.657225,0.480896,0.580363,1e-06,1.2e-05,1e-05,0.0,0.0,0.0,-1.919895,-0.137022,0.00275,0.327449,-0.337465,0.920883,0.195149,-0.740416,-0.387569,0.549097,0.58171,0.039649,0.812345,0.01525,-0.005677,0.047757,-0.12151,0.078809,-0.110816,0.446769,0.060168,0.045925,-0.010718,0.300539,-0.919739,0.252496,0.77726,0.389609,0.494035,-0.552759,0.047778,0.831969,0.007598,-0.002885,0.023832,-0.089947,0.067838,-0.116383,0.406959,0.083779,0.04102,-0.052225,0.748909,0.081521,-0.657638,0.166202,0.937577,0.30549,0.641491,-0.338086,0.688611,-0.0,6e-06,6e-06,1.6e-05,-3e-06,-8e-06,-1.008502
2442,0.171096,0.00144,0.333488,-0.661971,-0.003315,-0.749552,-0.358544,-0.876769,0.320457,-0.657428,0.480881,0.580145,-2e-06,-3.7e-05,-3.2e-05,0.0,0.0,0.0,-1.919993,-0.136675,0.002456,0.329217,-0.328957,0.922746,0.200792,-0.740497,-0.383884,0.55157,0.586451,0.031594,0.809283,0.001834,-0.01151,0.043928,-0.116931,0.082391,-0.154318,0.440033,0.060334,0.045791,-0.009862,0.29216,-0.920837,0.258265,0.777566,0.385936,0.496431,-0.556806,0.055781,0.828767,0.00091,-0.005994,0.021748,-0.118351,0.096047,-0.180572,0.412184,0.083779,0.041016,-0.052228,0.748636,0.081161,-0.657993,0.16656,0.937623,0.305156,0.641717,-0.338046,0.68842,-1e-06,-1.7e-05,-1.5e-05,1.2e-05,2e-06,-5e-06,-1.008991
2443,0.171105,0.00142,0.333471,-0.66069,-0.005367,-0.75067,-0.358785,-0.876116,0.321972,-0.658585,0.482056,0.577854,-1.1e-05,-0.000204,-0.000176,-0.196523,-0.327835,-0.191937,-1.919446,-0.136501,0.00216,0.330617,-0.32551,0.922939,0.205468,-0.739088,-0.383773,0.553535,0.590139,0.027159,0.80676,0.002256,-0.015598,0.040196,-0.003149,0.269667,0.391984,0.428691,0.060427,0.045641,-0.009144,0.289522,-0.920261,0.263239,0.775903,0.386685,0.498446,-0.560492,0.059937,0.825987,0.00045,-0.002472,0.015811,0.252252,1.024212,1.189408,0.40206,0.083784,0.041006,-0.052237,0.748026,0.081561,-0.658638,0.16681,0.937454,0.305536,0.642363,-0.338417,0.687635,-4e-06,-0.000114,-9.8e-05,-0.382925,-0.561782,-0.301344,-1.008502
2444,0.171095,0.001414,0.333465,-0.660623,-0.005317,-0.75073,-0.358841,-0.876117,0.321905,-0.658622,0.482053,0.577814,-0.0,-1e-06,-1e-06,-4.2e-05,-7e-05,-4.1e-05,-1.919698,-0.136362,0.001873,0.331756,-0.313153,0.926606,0.208154,-0.745477,-0.375509,0.550628,0.58877,0.01609,0.808056,0.001547,-0.010825,0.026385,-0.006276,0.069552,0.095236,0.420114,0.060495,0.045504,-0.008576,0.277158,-0.923154,0.266399,0.78206,0.377819,0.495614,-0.558179,0.070977,0.826678,0.000745,-0.00528,0.013304,0.277354,0.908639,1.352316,0.390303,0.083778,0.041003,-0.05224,0.747141,0.08289,-0.659475,0.166744,0.937088,0.306693,0.643409,-0.339106,0.686316,0.0,1.4e-05,1.2e-05,0.002249,0.002715,0.001225,-1.004256
2445,0.171095,0.001414,0.333465,-0.660526,-0.005242,-0.750815,-0.358923,-0.87612,0.321807,-0.658675,0.482049,0.577757,-0.0,-0.0,-0.0,-1e-06,-1e-06,-1e-06,-1.919745,-0.136312,0.001659,0.332185,-0.305558,0.928889,0.209261,-0.751042,-0.370096,0.546716,0.585667,0.008719,0.81042,0.000543,-0.003212,0.015132,1.315858,3.030871,4.245986,0.415637,0.06052,0.045396,-0.008356,0.274216,-0.923634,0.267776,0.785069,0.375822,0.492365,-0.555402,0.075208,0.828173,0.000993,-0.007706,0.011163,0.278475,-0.138074,-0.120162,0.385078,0.083779,0.041003,-0.05224,0.747083,0.082778,-0.659555,0.166834,0.937107,0.306587,0.643453,-0.339082,0.686287,-1e-06,8e-06,9e-06,0.00024,0.000442,0.000294,-1.002787
2446,0.171085,0.001436,0.333471,-0.660405,-0.005153,-0.750922,-0.359005,-0.876136,0.321672,-0.658751,0.482021,0.577694,9e-06,0.000162,0.00014,-0.0,-0.0,-0.0,-1.919402,-0.136164,0.00116,0.332853,-0.299557,0.930565,0.210489,-0.757041,-0.365987,0.541181,0.581015,0.001594,0.813807,0.002312,-0.018118,0.019951,0.492667,-0.233458,-0.198593,0.401251,0.060595,0.045143,-0.008018,0.261856,-0.926538,0.270108,0.79172,0.366279,0.488895,-0.551914,0.085829,0.829471,0.007436,-0.003444,0.005174,-0.033851,-0.013799,0.000626,0.371851,0.083774,0.041014,-0.052237,0.746996,0.082659,-0.659668,0.166934,0.937131,0.306459,0.643528,-0.339045,0.686235,3e-06,9.8e-05,8.6e-05,-8e-05,3.6e-05,9.4e-05,-1.003276
2447,0.171065,0.001441,0.33349,-0.659935,-0.004794,-0.751337,-0.359417,-0.876135,0.321213,-0.658997,0.482025,0.577409,0.0,5e-06,4e-06,-0.0,-0.0,-0.0,-1.919421,-0.135923,0.000662,0.333337,-0.280528,0.936472,0.210514,-0.766664,-0.350456,0.537904,0.577858,-0.011675,0.81597,0.001237,-0.009812,0.009318,1.15206,2.970083,4.481672,0.363983,0.06071,0.044891,-0.007778,0.249538,-0.929841,0.270418,0.799827,0.355333,0.48375,-0.545899,0.095574,0.832381,0.000686,-0.005662,0.00399,-0.054043,0.008681,-0.023532,0.335601,0.083764,0.041017,-0.052227,0.746651,0.082206,-0.660115,0.167402,0.937179,0.306057,0.643807,-0.339022,0.685984,-1e-06,-1.3e-05,-1e-05,-4.4e-05,2.5e-05,8.8e-05,-1.003603
2448,0.171055,0.001448,0.333496,-0.659743,-0.004648,-0.751507,-0.359578,-0.87614,0.321019,-0.659102,0.482017,0.577296,1.5e-05,0.000262,0.000226,-0.0,-0.0,-0.0,-1.919024,-0.135777,0.000503,0.333466,-0.283083,0.935926,0.209519,-0.768905,-0.351925,0.53373,0.573621,-0.011189,0.818961,0.001361,-0.010972,0.008298,0.095816,-0.047484,-0.062772,0.351435,0.060789,0.044808,-0.00771,0.246344,-0.930926,0.269612,0.803796,0.35167,0.479833,-0.541504,0.098509,0.834906,0.007595,-0.004813,0.003967,0.095291,-0.065533,-0.038559,0.313393,0.083759,0.04102,-0.052224,0.746509,0.082022,-0.660299,0.167585,0.937202,0.305885,0.643923,-0.339002,0.685885,9e-06,0.000159,0.000138,-3.8e-05,4.5e-05,7.2e-05,-1.003603
2449,0.170994,0.001476,0.333522,-0.659681,-0.004615,-0.751561,-0.359622,-0.876142,0.320967,-0.65914,0.482015,0.577255,-0.013785,0.001714,0.001849,-0.000984,0.014715,-0.029553,-1.919475,-0.135411,0.000527,0.333594,-0.286608,0.935302,0.207502,-0.77271,-0.353599,0.527088,0.566717,-0.010449,0.823763,0.013583,0.003797,0.001798,0.331552,-0.152718,-0.078051,0.334891,0.060972,0.044811,-0.007648,0.249442,-0.930668,0.267646,0.80692,0.352561,0.473899,-0.535405,0.097759,0.838918,0.006782,0.001948,0.000937,0.433404,-0.185398,-0.095414,0.281062,0.083733,0.041031,-0.052214,0.746451,0.081958,-0.660372,0.167653,0.93721,0.305823,0.643973,-0.338996,0.685841,4.8e-05,0.000857,0.00074,0.000737,-0.014883,0.024696,-1.003113
2450,0.170944,0.00151,0.333553,-0.659494,-0.004482,-0.751727,-0.359773,-0.876146,0.320785,-0.659245,0.482008,0.577141,1.3e-05,0.000241,0.000208,-0.0,-0.0,-0.0,-1.919267,-0.134987,0.000763,0.333644,-0.287499,0.935282,0.206357,-0.774309,-0.35366,0.524693,0.564077,-0.010114,0.825577,0.013486,0.0046,0.002498,0.055925,-0.037636,0.011721,0.341008,0.06118,0.044926,-0.007625,0.250795,-0.930687,0.266312,0.808832,0.352615,0.470586,-0.531874,0.097381,0.841204,0.006675,0.00292,0.001788,0.05303,-0.053166,0.033449,0.275673,0.083703,0.041052,-0.052195,0.746322,0.081805,-0.660537,0.167811,0.93723,0.305677,0.644081,-0.338979,0.685748,7e-06,0.000108,9.4e-05,-3.1e-05,2.1e-05,3.3e-05,-1.003113
2451,0.170902,0.001504,0.333549,-0.659084,-0.004177,-0.752087,-0.360112,-0.876157,0.320376,-0.65947,0.481992,0.576898,-6.6e-05,-0.001182,-0.00102,-0.0,-0.0,-0.0,-1.919247,-0.134688,0.001084,0.333741,-0.287288,0.934051,0.212145,-0.774048,-0.356737,0.522994,0.564543,-0.015136,0.825182,0.013199,0.007099,0.004686,0.44261,2.222439,-1.486102,0.34444,0.061329,0.045085,-0.007578,0.250777,-0.929842,0.269264,0.808658,0.354125,0.469753,-0.532149,0.099939,0.840731,-0.00028,0.002549,0.002233,-0.015075,0.101438,-0.170011,0.279592,0.083682,0.041052,-0.052195,0.746021,0.081418,-0.660926,0.168197,0.937279,0.305315,0.64433,-0.338937,0.685535,-4e-05,-0.000713,-0.000615,-0.000797,0.01491,-0.02462,-1.002786
2452,0.170891,0.001504,0.333549,-0.659003,-0.004116,-0.752159,-0.360179,-0.876159,0.320295,-0.659514,0.481988,0.576849,-1e-06,-1.7e-05,-1.5e-05,-0.0,-0.0,-0.0,-1.919247,-0.134578,0.001229,0.333813,-0.286184,0.934185,0.213047,-0.772715,-0.356373,0.525208,0.566924,-0.015495,0.823541,-0.000591,0.005379,0.00472,-0.036935,0.001575,0.037419,0.344781,0.061389,0.045159,-0.00754,0.249652,-0.929036,0.273066,0.807064,0.355456,0.471485,-0.535089,0.102674,0.838532,0.006626,0.003265,0.002085,-0.026866,0.094415,-0.129885,0.281225,0.083677,0.041048,-0.052198,0.74596,0.081342,-0.661003,0.168274,0.937288,0.305243,0.64438,-0.338929,0.685492,-1e-06,-9e-06,-7e-06,-2e-05,-4e-06,3.3e-05,-1.003276
2453,0.170861,0.001501,0.333574,-0.658849,-0.004003,-0.752295,-0.360341,-0.876137,0.320173,-0.65958,0.482029,0.576741,4.1e-05,0.000727,0.000627,-0.0,-0.0,-0.0,-1.919154,-0.134306,0.001508,0.334024,-0.286589,0.933825,0.214079,-0.772387,-0.357292,0.525067,0.567168,-0.016049,0.823363,0.013024,0.008477,0.005874,0.003976,-0.029828,0.054001,0.343811,0.06152,0.045297,-0.007436,0.250167,-0.928621,0.274003,0.806935,0.356366,0.471017,-0.535042,0.10327,0.838489,0.006515,0.004187,0.002888,0.003386,-0.015575,0.029173,0.281062,0.083662,0.041045,-0.052186,0.745847,0.081198,-0.661149,0.168452,0.937288,0.305143,0.644465,-0.338962,0.685396,2.6e-05,0.00048,0.000415,-1.2e-05,1.4e-05,1.9e-05,-1.003603
2454,0.170799,0.001492,0.333595,-0.658659,-0.003868,-0.752462,-0.360529,-0.876116,0.320018,-0.659668,0.482068,0.576608,-7.2e-05,-0.001278,-0.001103,-0.000772,0.014911,-0.02465,-1.919209,-0.13397,0.001876,0.334304,-0.285765,0.933702,0.215712,-0.770771,-0.357583,0.527239,0.569776,-0.016773,0.821546,-0.000938,0.008371,0.007306,-0.012121,0.086592,-0.145857,0.344102,0.061694,0.045481,-0.007297,0.24929,-0.928409,0.275518,0.805425,0.356732,0.47332,-0.537721,0.103915,0.836694,0.00641,0.005023,0.003605,0.013555,-0.032745,0.052583,0.281062,0.083631,0.041046,-0.052171,0.745694,0.081011,-0.661343,0.168676,0.937294,0.305003,0.644583,-0.338992,0.685271,1e-06,1.9e-05,1.8e-05,0.005333,-0.10289,0.170119,-1.001643
2455,0.170768,0.001493,0.333596,-0.658607,-0.003836,-0.752507,-0.360568,-0.876117,0.319971,-0.659697,0.482066,0.576575,-0.013866,0.000236,0.000571,-0.000984,0.014715,-0.029553,-1.919116,-0.13379,0.002045,0.334428,-0.28047,0.935163,0.216328,-0.772682,-0.353561,0.527153,0.56981,-0.020479,0.821438,0.012992,0.008465,0.005835,0.002035,-0.015201,0.029248,0.344098,0.061778,0.04557,-0.00723,0.244034,-0.929504,0.276529,0.807151,0.35274,0.473373,-0.537545,0.107682,0.83633,-0.000457,0.004024,0.003503,-0.009726,0.085581,-0.146523,0.280899,0.083615,0.041043,-0.052174,0.745666,0.080982,-0.661379,0.168706,0.937298,0.304974,0.644607,-0.338988,0.685249,-0.006934,0.000112,0.000281,-0.000988,0.014714,-0.029537,-1.001317
2456,0.170737,0.001502,0.333592,-0.658351,-0.003647,-0.752733,-0.360761,-0.876136,0.319702,-0.659848,0.482033,0.576431,5e-06,8.3e-05,7.2e-05,0.0,0.0,0.0,-1.919313,-0.133377,0.00236,0.334625,-0.281101,0.934597,0.21795,-0.772205,-0.355005,0.526881,0.570147,-0.021372,0.821181,0.013189,0.006558,0.00416,0.002045,-0.015205,0.029245,0.343537,0.061984,0.04573,-0.007129,0.244761,-0.92885,0.278079,0.806737,0.354189,0.472996,-0.537835,0.108566,0.83603,0.006555,0.003614,0.002365,-0.009439,0.071011,-0.11696,0.280082,0.083599,0.041047,-0.052176,0.745476,0.080743,-0.661622,0.168929,0.937337,0.30473,0.644769,-0.338937,0.685123,3e-06,5.1e-05,4.5e-05,-1.5e-05,2e-06,2e-06,-1.001317
2457,0.170685,0.001493,0.333612,-0.658145,-0.003498,-0.752913,-0.360964,-0.876115,0.319529,-0.659943,0.482071,0.57629,5e-06,8.4e-05,7.2e-05,0.0,0.0,0.0,-1.918446,-0.132929,0.002549,0.33463,-0.280417,0.934315,0.220029,-0.770573,-0.355683,0.52881,0.572687,-0.022437,0.819384,0.013732,0.00177,-8e-06,-0.270258,0.100282,0.119276,0.340288,0.062207,0.045829,-0.007123,0.244713,-0.928298,0.279959,0.805629,0.355334,0.474024,-0.539515,0.109543,0.834819,0.006888,0.000682,-0.000188,-0.45529,0.165328,0.159275,0.278613,0.083574,0.041043,-0.052166,0.745323,0.080553,-0.661818,0.169154,0.937343,0.304587,0.644886,-0.338965,0.684998,4e-06,4.5e-05,3.9e-05,0.005339,-0.102884,0.170122,-1.00148
2458,0.170624,0.001491,0.333638,-0.658037,-0.003427,-0.753008,-0.361082,-0.876092,0.319458,-0.659986,0.482113,0.576206,9e-06,0.000164,0.000142,0.0,0.0,0.0,-1.918956,-0.132429,0.002732,0.33445,-0.280565,0.934116,0.220687,-0.770708,-0.356171,0.528286,0.572433,-0.023043,0.819544,0.013867,0.000605,-0.001027,0.001986,-0.015181,0.029265,0.337919,0.062458,0.045917,-0.007216,0.244332,-0.928147,0.280793,0.805335,0.355518,0.474386,-0.540127,0.110225,0.834333,0.006253,0.005596,-0.004832,0.041699,-0.02391,0.048305,0.274857,0.083543,0.041042,-0.052153,0.745242,0.080461,-0.661921,0.169284,0.937337,0.304533,0.644946,-0.339004,0.684923,8e-05,-0.005473,0.004184,-0.035659,0.012706,-0.018404,-1.00148
2459,0.170583,0.001505,0.333652,-0.657876,-0.003312,-0.753149,-0.361212,-0.876096,0.319301,-0.660075,0.482107,0.576108,1.4e-05,0.000244,0.000211,0.005321,-0.10289,0.170128,-1.918958,-0.132161,0.002842,0.334326,-0.280494,0.934132,0.220709,-0.77093,-0.356117,0.527998,0.572168,-0.023226,0.819724,0.013965,-0.000222,-0.00175,0.002044,-0.015205,0.029246,0.33562,0.062592,0.045972,-0.007278,0.244273,-0.928156,0.280813,0.805555,0.355438,0.474071,-0.539824,0.110408,0.834505,0.006311,0.005093,-0.005272,0.038818,-0.022979,0.048792,0.273714,0.083523,0.041049,-0.052146,0.745194,0.080408,-0.661982,0.169339,0.937344,0.304481,0.644988,-0.338997,0.684887,9e-06,0.000166,0.000143,-4e-06,-7e-06,-2e-06,-1.00148
2460,0.170522,0.001526,0.333672,-0.657731,-0.003215,-0.753276,-0.361326,-0.876099,0.319165,-0.660157,0.482102,0.576018,4e-05,0.000705,0.000607,0.0,0.0,0.0,-1.919028,-0.131762,0.002904,0.334133,-0.275176,0.935536,0.221453,-0.773038,-0.352141,0.527582,0.571899,-0.027191,0.81979,-0.001168,0.00884,-0.010142,0.022892,0.093681,-0.150886,0.314762,0.062797,0.046,-0.007378,0.238905,-0.929248,0.281818,0.807469,0.351315,0.473888,-0.539367,0.114345,0.83427,-0.000578,0.004401,-0.005093,0.023345,0.093253,-0.151165,0.258854,0.083492,0.041058,-0.052137,0.745014,0.080189,-0.662211,0.169561,0.937372,0.304273,0.645137,-0.338973,0.684758,2.5e-05,0.00045,0.00039,6e-06,-3e-06,-3e-06,-1.00148
2461,0.170469,0.001512,0.333674,-0.657445,-0.003006,-0.753527,-0.361577,-0.876093,0.318897,-0.660305,0.482114,0.575838,-0.013868,0.000195,0.000533,-0.000984,0.014715,-0.029553,-1.918966,-0.131544,0.002916,0.334079,-0.275287,0.934694,0.224845,-0.772727,-0.354158,0.526686,0.572265,-0.02993,0.819439,4e-06,-3.1e-05,-2.7e-05,-0.013493,0.101212,-0.17066,0.294488,0.062906,0.046003,-0.007407,0.239128,-0.928205,0.285048,0.807254,0.353183,0.472865,-0.53959,0.117032,0.833753,-7e-06,7.2e-05,5.8e-05,-0.00095,-0.004129,0.002433,0.230932,0.083466,0.041052,-0.052135,0.744801,0.079924,-0.662482,0.169845,0.937396,0.304039,0.645308,-0.338968,0.684599,-0.006934,9e-05,0.00026,-0.000978,0.014697,-0.02955,-1.001643
2462,0.170438,0.001514,0.333664,-0.657202,-0.002827,-0.753739,-0.361758,-0.876111,0.318641,-0.660448,0.482082,0.575702,-0.0,-4e-06,-3e-06,0.0,0.0,0.0,-1.919371,-0.131398,0.002926,0.334084,-0.27576,0.934278,0.225991,-0.772353,-0.355205,0.526531,0.572544,-0.030524,0.819222,8.2e-05,-0.000683,-0.000596,-0.0,0.0,0.0,0.279558,0.062979,0.046012,-0.007401,0.23973,-0.927687,0.286225,0.806886,0.354337,0.47263,-0.539873,0.117648,0.833483,5.4e-05,-0.000438,-0.000384,-0.01354,0.101057,-0.170726,0.211174,0.08345,0.041053,-0.05214,0.744621,0.079699,-0.662711,0.170053,0.937433,0.303808,0.645461,-0.338918,0.68448,1e-06,3e-06,3e-06,8e-06,-5e-06,1e-05,-1.001317
2463,0.170437,0.001516,0.333652,-0.65701,-0.002681,-0.753907,-0.3619,-0.876128,0.318432,-0.660561,0.482052,0.575598,-1e-06,-2.3e-05,-2e-05,0.0,0.0,0.0,-1.919572,-0.131364,0.0029,0.334084,-0.26507,0.937148,0.226898,-0.776197,-0.346879,0.526429,0.572379,-0.037756,0.819036,5.5e-05,-0.000453,-0.000395,0.112856,0.261839,0.407378,0.267113,0.062996,0.045998,-0.007402,0.229434,-0.92984,0.287675,0.810168,0.346246,0.473011,-0.539431,0.12454,0.832767,4.1e-05,-0.000273,-0.000244,0.371152,0.890029,1.371039,0.197947,0.08345,0.041054,-0.052146,0.74448,0.079516,-0.662892,0.170217,0.937465,0.303619,0.645581,-0.338873,0.684389,0.0,-4e-06,-2e-06,8e-06,-3e-06,1.4e-05,-1.001154
2464,0.170438,0.001514,0.333664,-0.65691,-0.002604,-0.753994,-0.362002,-0.876118,0.318345,-0.660604,0.482071,0.575531,2.1e-05,0.000363,0.000313,0.0,0.0,0.0,-1.918674,-0.131411,0.002857,0.33408,-0.256042,0.939345,0.228176,-0.780965,-0.34,0.523859,0.569985,-0.045249,0.820325,3e-06,-2.3e-05,-2e-05,0.012374,-0.005329,-0.004153,0.239743,0.062973,0.045976,-0.007405,0.219941,-0.931602,0.289385,0.814832,0.338546,0.470567,-0.536351,0.132303,0.833559,-5e-06,1.8e-05,1.8e-05,-0.014729,0.002617,-0.000418,0.162023,0.08345,0.041053,-0.052141,0.744406,0.079419,-0.662986,0.170329,0.937468,0.303546,0.645635,-0.338888,0.68433,1.1e-05,0.000205,0.000178,5e-06,3e-06,4e-06,-0.999684
2465,0.170438,0.001514,0.333664,-0.656813,-0.002529,-0.754079,-0.362083,-0.87612,0.318247,-0.660657,0.482067,0.575475,0.0,5e-06,5e-06,0.0,0.0,0.0,-1.919024,-0.131432,0.002856,0.334068,-0.256347,0.939093,0.228871,-0.780772,-0.340647,0.523725,0.570111,-0.045622,0.820216,7e-06,-6.1e-05,-5.3e-05,-0.013313,0.101115,-0.17073,0.232701,0.062962,0.045976,-0.007411,0.220166,-0.931368,0.289966,0.814579,0.339079,0.470622,-0.536644,0.132585,0.833327,0.0,-1.3e-05,-1.1e-05,-0.00555,0.001535,0.000593,0.147164,0.08345,0.041053,-0.05214,0.744335,0.079325,-0.663077,0.170422,0.937479,0.303459,0.645693,-0.338878,0.68428,-1e-06,-1e-06,-0.0,2e-06,-1e-06,-4e-06,-0.999357
