frame,MLTx,MLTy,MLTz,MLTR1,MLTR2,MLTR3,MLTR4,MLTR5,MLTR6,MLTR7,MLTR8,MLTR9,MLTTVx,MLTTVy,MLTTVz,MLTRVx,MLTRVy,MLTRVz,MLGA,MRTx,MRTy,MRTz,MRTR1,MRTR2,MRTR3,MRTR4,MRTR5,MRTR6,MRTR7,MRTR8,MRTR9,MRTTVx,MRTTVy,MRTTVz,MRTRVx,MRTRVy,MRTRVz,MRGA,SLTx,SLTy,SLTz,SLTR1,SLTR2,SLTR3,SLTR4,SLTR5,SLTR6,SLTR7,SLTR8,SLTR9,SLTTVx,SLTTVy,SLTTVz,SLTRVx,SLTRVy,SLTRVz,SLGA,SRTx,SRTy,SRTz,SRTR1,SRTR2,SRTR3,SRTR4,SRTR5,SRTR6,SRTR7,SRTR8,SRTR9,SRTTVx,SRTTVy,SRTTVz,SRTRVx,SRTRVy,SRTRVz,SRGA
171,0.148268,-0.031932,0.297075,-0.246933,-0.012419,-0.968976,-0.214653,-0.974366,0.067135,-0.944669,0.224581,0.239145,-0.014207,-0.010914,0.030406,-0.073692,0.131573,-0.176298,0.521308,-0.143753,-0.041836,0.29344,0.82305,0.010731,0.567859,-0.004546,0.999883,-0.012103,-0.568947,0.007348,0.822258,0.000139,-0.002254,-0.002992,0.0,-0.0,-0.0,-1.249753,0.054741,0.021013,-0.022006,-0.798873,0.05415,0.599056,-0.030086,-0.99829,0.050116,0.600746,0.022013,0.799136,8e-05,-0.001255,-0.001666,0.000293,2.8e-05,0.000414,-0.926309,0.073199,0.026351,-0.069232,0.360323,-0.017602,-0.932661,0.157494,0.986616,0.042226,0.919435,-0.162104,0.358273,0.00056,-0.00086,0.009972,-0.049692,0.08073,-0.183608,0.518428
172,0.147952,-0.032306,0.297963,-0.246316,-0.003354,-0.969207,-0.216605,-0.974498,0.058366,-0.944386,0.22431,0.240516,0.000562,-0.016324,0.023791,-0.055667,0.150368,0.074331,0.521049,-0.143645,-0.041863,0.293388,0.823066,0.010664,0.567838,-0.004489,0.999884,-0.012068,-0.568925,0.007352,0.822273,3e-06,-4.5e-05,-6e-05,0.0,-0.0,-0.0,-1.237811,0.054795,0.020999,-0.022032,-0.798886,0.054229,0.599032,-0.030158,-0.998286,0.050153,0.600725,0.022,0.799152,-6e-06,0.0001,0.000133,0.00021,1.7e-05,0.000267,-0.927125,0.073036,0.026168,-0.068783,0.359877,-0.026214,-0.93263,0.16031,0.986476,0.034132,0.919123,-0.161794,0.359213,-0.007419,-0.002523,0.007809,-0.016289,0.195719,0.082332,0.518265
173,0.14775,-0.032503,0.298261,-0.244542,-0.001479,-0.969661,-0.217493,-0.974424,0.056282,-0.944645,0.224653,0.239174,-0.015152,-0.007562,0.01248,-0.036253,0.030856,-0.046041,0.521397,-0.143553,-0.041828,0.293421,0.823149,0.010394,0.567722,-0.004257,0.999887,-0.011932,-0.568806,0.007373,0.822356,-0.000113,0.001814,0.002408,0.0,-0.0,-0.0,-1.235464,0.054841,0.021014,-0.022019,-0.798965,0.054499,0.598902,-0.030391,-0.998271,0.050298,0.600608,0.021985,0.79924,0.007759,0.001921,0.001415,0.004097,-0.029629,0.054337,-0.928431,0.072941,0.026068,-0.068627,0.358442,-0.028356,-0.93312,0.161552,0.986342,0.032084,0.919466,-0.162248,0.358127,-0.0076,-0.003849,0.006163,-0.039893,0.002236,-0.034861,0.518755
174,0.147262,-0.032831,0.298577,-0.244528,0.006898,-0.969641,-0.219094,-0.974495,0.048265,-0.944279,0.22423,0.24101,-0.015514,6.5e-05,-8.9e-05,0.020477,0.075176,0.238806,0.520979,-0.143265,-0.041703,0.293561,0.824625,0.010974,0.565565,-0.00392,0.999868,-0.013483,-0.566664,0.00887,0.823818,0.015478,0.004356,0.003504,0.002478,-0.015862,0.02883,-1.231187,0.054979,0.021079,-0.021945,-0.800591,0.053775,0.596791,-0.030773,-0.99834,0.048676,0.598419,0.020605,0.800917,-0.000114,0.001778,0.002351,-0.004098,-0.006446,0.029064,-0.931207,0.072697,0.025899,-0.068467,0.358703,-0.036299,-0.932745,0.163943,0.986161,0.02467,0.918941,-0.161766,0.35969,-0.007875,-0.00584,0.003687,-0.009664,0.253945,0.084706,0.520061
175,0.146708,-0.032997,0.298629,-0.242781,0.012779,-0.97002,-0.219735,-0.974636,0.042102,-0.944582,0.223347,0.24064,-0.015586,-0.000394,-0.000672,0.012373,-0.003391,0.191527,0.52125,-0.142885,-0.041553,0.29372,0.824852,0.010219,0.565249,-0.003284,0.999876,-0.01308,-0.566339,0.008901,0.824041,0.015481,0.004145,0.003211,0.002045,-0.015205,0.029245,-1.22918,0.055169,0.021156,-0.021862,-0.800755,0.054568,0.5965,-0.031397,-0.998296,0.049176,0.598168,0.02065,0.801103,0.007725,0.002294,0.001894,0.003938,-0.029467,0.054361,-0.936269,0.072419,0.025811,-0.068448,0.357544,-0.042538,-0.932926,0.165332,0.986066,0.018403,0.919144,-0.160823,0.359595,-0.007827,-0.000406,-0.000588,0.00563,0.107417,0.020438,0.519898
176,0.146439,-0.033009,0.298612,-0.240603,0.014968,-0.970532,-0.219857,-0.974721,0.039417,-0.945114,0.222837,0.239021,-0.015517,0.000115,-4.7e-05,0.017386,-0.125594,0.203652,0.520691,-0.142712,-0.041484,0.293786,0.824969,0.00983,0.565086,-0.00295,0.99988,-0.012884,-0.566171,0.008931,0.824157,0.015503,0.003745,0.002676,0.002045,-0.015205,0.029245,-1.228543,0.055255,0.021192,-0.021828,-0.800864,0.054953,0.596319,-0.031727,-0.998275,0.049386,0.598004,0.020632,0.801226,-9e-05,0.00136,0.001793,0.000101,1.8e-05,0.000147,-0.939535,0.072284,0.025803,-0.068459,0.355541,-0.044814,-0.933585,0.165805,0.986031,0.015813,0.919836,-0.160415,0.358005,-0.007773,-3.2e-05,-0.000123,0.047887,-0.136224,0.186727,0.520061
177,0.145892,-0.032978,0.298595,-0.237641,0.017912,-0.971211,-0.220096,-0.974806,0.035822,-0.94581,0.222245,0.236806,-0.015486,0.000354,0.000238,0.003565,-0.088041,0.14068,0.521131,-0.142332,-0.041346,0.293911,0.82513,0.009264,0.564859,-0.002463,0.999884,-0.012597,-0.565937,0.008973,0.824316,0.015493,0.003781,0.002712,0.002045,-0.015205,0.029245,-1.226269,0.055446,0.021261,-0.021765,-0.801014,0.055514,0.596064,-0.032206,-0.998244,0.049691,0.597777,0.020606,0.801397,0.007729,0.002129,0.001664,0.002119,-0.015212,0.029345,-0.941168,0.072011,0.025818,-0.068468,0.352711,-0.047875,-0.934506,0.166457,0.985971,0.012314,0.920807,-0.159898,0.355732,-0.007751,0.000116,5.2e-05,-0.001813,0.0167,-0.033297,0.519898
178,0.145306,-0.032933,0.29866,-0.235077,0.020433,-0.971785,-0.22032,-0.974863,0.032744,-0.946402,0.221769,0.23488,-0.03066,0.002865,0.003133,0.00213,0.017793,-0.040436,0.520916,-0.142055,-0.041239,0.29401,0.825123,0.00923,0.56487,-0.002435,0.999885,-0.012578,-0.565947,0.008973,0.824309,-8.2e-05,0.001222,0.001614,0.0,-0.0,-0.0,-1.220424,0.055589,0.021317,-0.021713,-0.801012,0.055573,0.596062,-0.032256,-0.998241,0.049723,0.597778,0.020602,0.801396,-3.9e-05,0.000559,0.000732,4.3e-05,-7e-06,7.3e-05,-0.941984,0.071723,0.025838,-0.068438,0.350243,-0.050692,-0.935286,0.167072,0.985902,0.009129,0.921637,-0.159458,0.353774,-0.007609,0.001108,0.00128,0.012885,-0.024029,0.032455,0.519408
179,0.144628,-0.03287,0.298746,-0.237676,0.021733,-0.971125,-0.220291,-0.974893,0.032043,-0.945756,0.221512,0.237706,-0.015251,0.00196,0.002207,0.000462,0.028874,-0.021048,0.520657,-0.141824,-0.041175,0.294061,0.825004,0.009545,0.565038,-0.002709,0.999882,-0.012733,-0.566119,0.008944,0.824192,-3.8e-05,0.000563,0.000743,0.0,-0.0,-0.0,-1.215629,0.055705,0.021349,-0.021689,-0.800897,0.055267,0.596245,-0.031992,-0.998258,0.049558,0.597946,0.020616,0.801271,0.007794,0.001105,0.000305,0.002085,-0.015198,0.029284,-0.943291,0.071379,0.025871,-0.068394,0.353081,-0.051953,-0.934149,0.16711,0.985903,0.008332,0.920547,-0.159048,0.356785,-0.007606,0.001122,0.00129,-0.00538,0.002947,-0.035618,0.519408
180,0.144238,-0.032828,0.298792,-0.236153,0.023194,-0.971463,-0.220212,-0.97497,0.030199,-0.946158,0.221024,0.236559,-0.015182,0.002417,0.002766,-0.000311,3.1e-05,-0.004757,0.520307,-0.141766,-0.041158,0.294074,0.824964,0.009657,0.565095,-0.002805,0.999881,-0.012788,-0.566178,0.008934,0.824152,-1.7e-05,0.000248,0.000328,0.0,-0.0,-0.0,-1.214182,0.055734,0.021357,-0.021682,-0.800859,0.055159,0.596307,-0.031899,-0.998264,0.049499,0.598003,0.02062,0.801228,-6e-06,9.7e-05,0.000125,3.6e-05,9e-06,2.8e-05,-0.944271,0.071183,0.025891,-0.068372,0.351482,-0.053367,-0.934671,0.167247,0.985892,0.006601,0.921134,-0.158641,0.355449,-0.015369,0.001177,0.001239,-0.004446,0.026685,-0.06641,0.519408
181,0.143392,-0.032725,0.298925,-0.237153,0.02192,-0.971248,-0.219936,-0.974986,0.031643,-0.945971,0.221084,0.237252,-0.030397,0.004553,0.005142,-0.001322,0.014543,-0.034438,0.520406,-0.141683,-0.041156,0.294065,0.824855,0.012893,0.565189,-0.00365,0.999811,-0.017279,-0.566331,0.012155,0.824005,0.015664,0.001105,-0.000839,0.002117,-0.015315,0.029176,-1.210865,0.05577,0.021358,-0.021686,-0.800873,0.051886,0.596582,-0.031215,-0.998502,0.044937,0.59802,0.017366,0.801292,2.1e-05,-0.00029,-0.000382,-0.002992,0.003641,0.00209,-0.945577,0.070771,0.025939,-0.068309,0.352345,-0.051999,-0.934424,0.166805,0.985957,0.00803,0.920884,-0.158696,0.356071,-0.015233,0.002066,0.002325,-0.00182,0.029381,-0.059329,0.519408
182,0.142622,-0.032617,0.299145,-0.236096,0.022808,-0.971485,-0.219871,-0.975038,0.030488,-0.946252,0.220765,0.236428,-0.014899,0.004186,0.00492,-0.000984,0.014715,-0.029553,0.520528,-0.141635,-0.041172,0.294036,0.824643,0.013528,0.565484,-0.004197,0.999803,-0.017595,-0.566637,0.012101,0.823795,5.5e-05,-0.0008,-0.001057,0.0,-0.0,-0.0,-1.206231,0.0558,0.02135,-0.021701,-0.800655,0.051306,0.596924,-0.030701,-0.99853,0.044646,0.598338,0.01742,0.801054,3.6e-05,-0.000524,-0.000693,-4.1e-05,6.5e-05,8.8e-05,-0.942801,0.07037,0.025997,-0.068195,0.351383,-0.052921,-0.934734,0.166854,0.985957,0.006902,0.921243,-0.15839,0.355279,-0.007439,0.002184,0.002587,-0.001561,0.015944,-0.031544,0.519572
183,0.142241,-0.032555,0.299298,-0.234477,0.024388,-0.971839,-0.219943,-0.975081,0.028542,-0.946639,0.220405,0.235209,-0.014806,0.004744,0.0056,-0.000984,0.014714,-0.029553,0.520015,-0.141634,-0.041183,0.294022,0.82463,0.013566,0.565501,-0.004229,0.999802,-0.017614,-0.566655,0.012098,0.823783,4.9e-05,-0.000712,-0.00094,0.0,-0.0,-0.0,-1.203097,0.0558,0.021344,-0.021709,-0.800643,0.051271,0.596944,-0.03067,-0.998532,0.044626,0.598356,0.017422,0.80104,3.1e-05,-0.000456,-0.000605,8e-06,-5e-06,4.5e-05,-0.943128,0.07019,0.026025,-0.068122,0.349871,-0.054638,-0.935202,0.167162,0.985916,0.004937,0.921762,-0.158058,0.354077,-0.015172,-0.002487,0.007654,-0.038586,0.0462,-0.080275,0.519245
184,0.141602,-0.032404,0.299671,-0.23288,0.025902,-0.972184,-0.220175,-0.97508,0.026708,-0.946981,0.220232,0.23399,-0.014696,-0.004407,0.01623,-0.035762,0.014336,-0.022402,0.519852,-0.141647,-0.041176,0.294016,0.82467,0.013444,0.565446,-0.004109,0.999804,-0.017575,-0.566597,0.012135,0.823822,0.0,-0.0,-0.0,0.0,-0.0,-0.0,-1.1965,0.055794,0.021346,-0.021714,-0.80068,0.051391,0.596882,-0.030789,-0.998527,0.04467,0.598299,0.017389,0.801083,-1e-06,1.2e-05,1.4e-05,1.8e-05,1.6e-05,2.8e-05,-0.943944,0.06987,0.026102,-0.067942,0.34841,-0.056236,-0.935653,0.167587,0.985852,0.003151,0.922239,-0.157901,0.352905,-0.007184,0.003767,0.004525,-0.000521,0.000326,-0.005653,0.518755
185,0.141145,-0.032238,0.300131,-0.231045,0.027727,-0.972571,-0.220574,-0.975047,0.024548,-0.94734,0.220155,0.232607,-0.014409,-0.002658,0.018353,-0.035758,0.014372,-0.022384,0.519286,-0.141646,-0.041181,0.294009,0.824664,0.013463,0.565455,-0.004125,0.999803,-0.017584,-0.566606,0.012133,0.823816,2e-06,-3.5e-05,-4.6e-05,0.0,-0.0,-0.0,-1.18755,0.055794,0.021344,-0.021717,-0.800674,0.051373,0.596892,-0.030774,-0.998528,0.04466,0.598308,0.01739,0.801077,2e-06,-9e-06,-1.1e-05,1.9e-05,3e-06,1.9e-05,-0.943944,0.069637,0.026187,-0.06771,0.346742,-0.058151,-0.936155,0.168233,0.985746,0.00108,0.922749,-0.157866,0.351582,-0.007093,0.004301,0.005161,-0.00047,0.000177,-0.00545,0.518265
186,0.140996,-0.032148,0.300402,-0.231084,0.027679,-0.972563,-0.220814,-0.974989,0.024663,-0.947274,0.220414,0.232628,-0.014009,0.009554,0.011454,-0.000346,-0.000139,-0.004865,0.518346,-0.141646,-0.041181,0.294009,0.824707,0.013333,0.565395,-0.004013,0.999805,-0.01752,-0.566545,0.012144,0.823858,0.0,-1e-06,-1e-06,0.0,-0.0,-0.0,-1.183813,0.055794,0.021344,-0.021717,-0.800715,0.0515,0.596826,-0.030883,-0.998521,0.044729,0.598248,0.017384,0.801122,1e-06,6e-06,1e-05,2.4e-05,6e-06,1.5e-05,-0.944107,0.069556,0.02623,-0.067568,0.346793,-0.058082,-0.93614,0.168477,0.985704,0.001255,0.922685,-0.158153,0.351621,-0.006996,0.004889,0.005872,-0.000307,-0.0001,-0.004969,0.517775
187,0.140864,-0.032003,0.301036,-0.232896,0.030036,-0.972061,-0.221681,-0.974835,0.022936,-0.946626,0.220785,0.234905,0.001315,-0.001426,0.020097,-0.034638,0.000924,0.007924,0.509658,-0.141657,-0.041198,0.293988,0.824682,0.013411,0.56543,-0.004081,0.999804,-0.017559,-0.566581,0.012137,0.823833,1.2e-05,-0.000182,-0.000241,0.0,-0.0,-0.0,-1.175458,0.055789,0.021335,-0.021727,-0.800691,0.051424,0.596865,-0.030818,-0.998525,0.044687,0.598283,0.017387,0.801095,6e-06,-8.7e-05,-0.000113,5e-06,-1.9e-05,2e-05,-0.944107,0.069491,0.026304,-0.067249,0.348735,-0.060393,-0.935272,0.169557,0.985519,-0.000415,0.921755,-0.158438,0.353926,0.000663,-0.000622,0.010166,-0.036978,-0.010824,0.001293,0.511081
188,0.140935,-0.031862,0.301748,-0.234279,0.032914,-0.971635,-0.2228,-0.974631,0.020651,-0.94602,0.221271,0.23688,0.016979,0.00938,0.011722,0.002197,-0.024181,0.057456,0.498264,-0.14167,-0.041191,0.293982,0.824679,0.013419,0.565434,-0.004072,0.999804,-0.017584,-0.566585,0.012163,0.82383,0.0,-0.0,-0.0,0.0,-0.0,-0.0,-1.163829,0.055782,0.021339,-0.02173,-0.800688,0.051417,0.596869,-0.030828,-0.998526,0.044663,0.598286,0.017361,0.801093,2e-06,8e-06,1.1e-05,7e-06,-7e-06,1.6e-05,-0.944107,0.069527,0.026375,-0.066892,0.35027,-0.063234,-0.934511,0.170952,0.985275,-0.002594,0.920915,-0.158848,0.355922,0.008489,0.004755,0.005941,-0.002039,-0.045291,0.045654,0.497364
189,0.141188,-0.031817,0.302508,-0.233488,0.033961,-0.97179,-0.224115,-0.974348,0.019742,-0.945906,0.222353,0.23632,0.016682,-0.002076,0.019473,-0.033142,-0.029819,0.061465,0.448289,-0.14168,-0.041208,0.293961,0.824654,0.013497,0.565469,-0.00414,0.999803,-0.017623,-0.566622,0.012157,0.823805,7.8e-05,-0.001141,-0.001508,-0.001884,0.014443,-0.024865,-1.153934,0.055777,0.021333,-0.021737,-0.80067,0.051359,0.596899,-0.030778,-0.998529,0.044631,0.598313,0.017363,0.801073,3e-06,-3.9e-05,-5.2e-05,2e-06,-1e-06,1.3e-05,-0.943944,0.069641,0.026402,-0.066524,0.349438,-0.064124,-0.934762,0.172302,0.985038,-0.003161,0.92098,-0.159957,0.355258,0.000632,-0.000772,0.009919,-0.034736,-0.000819,0.00685,0.465196
190,0.14145,-0.031888,0.302849,-0.235041,0.036685,-0.971316,-0.225024,-0.97418,0.017604,-0.945304,0.222655,0.238437,0.016379,-0.003945,0.017183,-0.032311,-0.000849,0.045166,0.383039,-0.141693,-0.041206,0.293948,0.824644,0.013523,0.565482,-0.004148,0.999802,-0.017658,-0.566635,0.012181,0.823796,1.8e-05,-0.000262,-0.000347,0.0,-0.0,-0.0,-1.150101,0.055771,0.021331,-0.021747,-0.800656,0.051315,0.596922,-0.030756,-0.998531,0.044586,0.598334,0.017339,0.801058,1e-05,-0.000129,-0.000171,4e-06,-3e-06,1e-05,-0.943291,0.069779,0.026368,-0.066342,0.35125,-0.06697,-0.933883,0.173508,0.984817,-0.005363,0.920063,-0.160152,0.357537,0.008176,-0.001988,0.008566,-0.03784,-0.027034,0.030696,0.41229
191,0.142261,-0.032168,0.303466,-0.225667,0.0468,-0.973103,-0.226982,-0.973867,0.005747,-0.947129,0.22211,0.231605,0.031249,-0.007734,0.012814,-0.033072,-0.016108,0.043184,0.065848,-0.141716,-0.041209,0.293949,0.824674,0.013438,0.56544,-0.004074,0.999803,-0.017616,-0.566592,0.012188,0.823825,-7e-06,9.9e-05,0.000131,0.0,-0.0,-0.0,-1.137601,0.055759,0.02133,-0.021747,-0.800684,0.051399,0.596877,-0.030828,-0.998527,0.044631,0.598292,0.017335,0.80109,-5e-06,7.4e-05,9.9e-05,1.1e-05,4e-06,1e-06,-0.942474,0.070173,0.026233,-0.066036,0.342378,-0.077519,-0.936358,0.176845,0.984095,-0.016808,0.922769,-0.159836,0.35064,0.015659,-0.003578,0.006744,-0.02748,-0.137724,0.245894,0.155107
192,0.143179,-0.032196,0.303883,-0.208783,0.064623,-0.975848,-0.228315,-0.973447,-0.01567,-0.950694,0.219442,0.219209,0.01639,0.006205,0.007695,0.167835,-0.55638,0.918047,-0.242161,-0.141739,-0.041216,0.293942,0.823421,0.012146,0.567292,-0.003808,0.999837,-0.015678,-0.568415,0.010716,0.822589,4e-06,-5.7e-05,-7.5e-05,-0.048237,0.0732,0.046233,-1.114652,0.055748,0.021326,-0.02175,-0.799213,0.052813,0.598722,-0.030972,-0.998427,0.046727,0.600248,0.018801,0.799591,3e-06,-2.5e-05,-3e-05,-0.038848,0.061258,0.040481,-0.941331,0.070649,0.026209,-0.065823,0.326929,-0.096226,-0.940136,0.180776,0.982799,-0.037728,0.927596,-0.15762,0.338701,0.008193,0.003122,0.003858,0.191074,-0.595094,0.979002,-0.162493
193,0.144167,-0.031903,0.304165,-0.189747,0.084676,-0.978198,-0.229391,-0.972508,-0.039742,-0.95444,0.216737,0.205172,0.031752,0.005987,0.007584,0.026399,-0.285482,0.488154,-0.55602,-0.141795,-0.041259,0.293894,0.823345,0.012388,0.567398,-0.004016,0.999834,-0.0158,-0.568524,0.010696,0.822514,9.7e-05,-0.001425,-0.001883,-1e-05,1.6e-05,1e-05,-1.093113,0.055719,0.021307,-0.021771,-0.799231,0.052533,0.598723,-0.030824,-0.998444,0.046459,0.600232,0.018676,0.799607,5.9e-05,-0.000846,-0.001117,-0.000766,0.012877,-0.025726,-0.938392,0.07113,0.026353,-0.065685,0.309438,-0.117209,-0.943668,0.184681,0.980886,-0.061273,0.932813,-0.155317,0.325169,0.015969,0.008606,-0.000278,0.094754,-0.292833,0.489294,-0.460335
194,0.144738,-0.03173,0.304233,-0.180708,0.094232,-0.979036,-0.229987,-0.971834,-0.051143,-0.956061,0.2158,0.198509,0.031668,0.015559,-0.002537,0.047716,-0.262611,0.445069,-0.753026,-0.141829,-0.041284,0.293867,0.823343,0.0124,0.5674,-0.004025,0.999834,-0.015806,-0.568526,0.010696,0.822512,6.2e-05,-0.000911,-0.001204,-0.0,0.0,0.0,-1.087009,0.055703,0.021293,-0.021787,-0.799237,0.052514,0.598716,-0.030813,-0.998445,0.046441,0.600224,0.018669,0.799613,3.8e-05,-0.00056,-0.000739,0.000111,-0.000219,-0.000169,-0.938719,0.071416,0.026439,-0.065644,0.301033,-0.127282,-0.94508,0.186693,0.97974,-0.072484,0.935159,-0.15462,0.318697,0.015732,0.002157,0.002756,0.00449,-0.128544,0.226001,-0.608276
195,0.145982,-0.031363,0.304345,-0.1659,0.114122,-0.97954,-0.231186,-0.970083,-0.07392,-0.95847,0.214044,0.188539,0.031531,0.005123,0.006435,0.06134,-0.373565,0.63417,-1.256557,-0.141908,-0.041334,0.293813,0.823139,0.010099,0.567742,-0.003996,0.999889,-0.011789,-0.568822,0.007404,0.822344,3.7e-05,-0.000541,-0.000716,-0.025151,0.038226,0.02414,-1.077098,0.055663,0.021266,-0.021816,-0.79879,0.054946,0.599094,-0.030653,-0.998244,0.050683,0.600828,0.022121,0.799072,1.6e-05,-0.000243,-0.000322,-0.006461,0.014571,0.011779,-0.939698,0.072038,0.026624,-0.065594,0.287625,-0.147806,-0.946268,0.190656,0.977081,-0.094668,0.938573,-0.153183,0.309214,0.015837,0.00804,-0.001014,0.233421,-0.632799,1.031142,-0.901546
196,0.147372,-0.030889,0.304342,-0.151862,0.124931,-0.980497,-0.237259,-0.967565,-0.08659,-0.95933,0.219321,0.177798,0.046777,0.014777,-0.00349,0.025894,-0.606995,0.044574,-1.882652,-0.142023,-0.041377,0.293773,0.823036,0.010431,0.567886,-0.004283,0.999886,-0.011957,-0.56897,0.007378,0.822242,3.3e-05,-0.000484,-0.000641,-5e-06,8e-06,5e-06,-1.056626,0.055606,0.021245,-0.021835,-0.798838,0.054507,0.599071,-0.030408,-0.998272,0.050281,0.600777,0.02195,0.799114,1.7e-05,-0.000272,-0.000359,0.000788,-0.001143,-0.000691,-0.938065,0.072716,0.026852,-0.06559,0.276228,-0.161377,-0.947446,0.198711,0.974091,-0.107981,0.940325,-0.15844,0.301138,0.015727,0.007583,-0.001596,0.042485,-0.158941,0.271351,-1.045405
197,0.14802,-0.0306,0.304287,-0.143459,0.129613,-0.981155,-0.248171,-0.964402,-0.091168,-0.957872,0.230248,0.17174,0.031489,0.01575,-0.002497,-1.602309,-0.584025,0.162861,-1.916136,-0.142129,-0.04139,0.293755,0.821729,0.009287,0.569796,-0.004141,0.999907,-0.010123,-0.570859,0.005929,0.820944,2.5e-05,-0.000377,-0.000498,-0.034773,0.052928,0.033422,-1.034714,0.055553,0.021239,-0.021844,-0.797298,0.055792,0.601,-0.030433,-0.998167,0.05229,0.602817,0.023401,0.797536,-0.00781,-0.000954,-0.000113,-0.030104,0.060812,0.001817,-0.933983,0.073057,0.027002,-0.06562,0.267326,-0.165682,-0.949255,0.208427,0.971728,-0.110908,0.940794,-0.168202,0.294301,0.023251,0.007257,-0.002121,-5.409257,-1.219806,0.708552,-1.027933
198,0.149392,-0.029786,0.303942,-0.130476,0.130433,-0.982857,-0.269007,-0.95876,-0.091578,-0.954112,0.252278,0.161406,0.046519,0.024378,-0.013663,0.064152,-0.419382,-0.050346,-1.919892,-0.142434,-0.041432,0.293727,0.821579,0.00979,0.570003,-0.004558,0.999902,-0.010402,-0.571071,0.005918,0.820796,-0.015612,-0.002063,-0.000444,-0.002052,0.015217,-0.029238,-0.956982,0.055406,0.021219,-0.021857,-0.797278,0.055249,0.601077,-0.030092,-0.998201,0.051836,0.60286,0.02324,0.797507,2.3e-05,-0.000353,-0.000463,0.000905,-0.001335,-0.000814,-0.911939,0.073755,0.027416,-0.065791,0.253614,-0.166889,-0.952799,0.231078,0.966938,-0.107858,0.939298,-0.192816,0.283793,0.023252,0.012094,-0.006963,0.061484,-0.495352,-0.093519,-1.007195
199,0.150946,-0.029057,0.303319,-0.11795,0.122477,-0.985461,-0.289528,-0.95347,-0.083902,-0.949743,0.275264,0.149149,0.045679,0.01866,-0.020529,0.063313,-0.496968,-0.131997,-1.920463,-0.142909,-0.041439,0.293632,0.818853,0.007798,0.573942,-0.004443,0.999932,-0.007046,-0.574977,0.003192,0.81808,-0.016811,0.008591,-0.009206,-0.253632,0.446613,0.267877,-0.789354,0.055169,0.021212,-0.021901,-0.795622,0.055992,0.603199,-0.029813,-0.998132,0.053328,0.605059,0.024446,0.795805,-0.007791,-0.001284,-0.000557,0.006501,0.004021,-0.034842,-0.85593,0.074515,0.02778,-0.066087,0.241385,-0.159833,-0.957175,0.25086,0.963094,-0.097559,0.937444,-0.216568,0.272572,0.015198,0.009359,-0.010273,0.061105,-0.776277,-0.096341,-1.008991
200,0.152851,-0.028518,0.30245,-0.116014,0.105019,-0.987703,-0.299593,-0.951762,-0.066062,-0.946858,0.288108,0.143111,0.060353,0.014066,-0.026082,-0.053855,-0.019491,-0.564314,-1.920885,-0.143652,-0.041283,0.293379,0.816096,-0.039587,0.576551,0.044084,0.998974,0.006389,-0.577229,0.020234,0.816248,-0.016733,0.007473,-0.010705,-0.08983,0.129759,0.285516,-0.493074,0.054797,0.021292,-0.022025,-0.789735,0.104735,0.60444,-0.077816,-0.994461,0.070645,0.608491,0.008756,0.793511,-0.016204,0.003434,-0.004617,-0.107103,0.264799,0.157904,-0.713541,0.075462,0.028051,-0.06652,0.237762,-0.142425,-0.960824,0.258682,0.962751,-0.078698,0.936243,-0.229836,0.265749,0.02261,0.007367,-0.012679,-0.354114,1.017668,-2.392795,-1.008828
201,0.1539,-0.028268,0.301927,-0.114466,0.094805,-0.988916,-0.298873,-0.952587,-0.056781,-0.947275,0.288937,0.138605,0.06015,0.012545,-0.027981,0.073177,-0.513462,0.067049,-1.920393,-0.144103,-0.041068,0.293141,0.811521,-0.091743,0.57707,0.093718,0.995209,0.026625,-0.577758,0.032573,0.815473,-0.032422,0.006809,-0.009347,3.007147,0.555264,5.327133,-0.351984,0.054565,0.0214,-0.022151,-0.783959,0.154884,0.601181,-0.124595,-0.987929,0.092047,0.60818,-0.002743,0.793793,-0.016306,0.003363,-0.004597,2.952163,0.617219,5.369122,-0.652144,0.075987,0.028176,-0.066781,0.236799,-0.131972,-0.962553,0.256792,0.964,-0.068997,0.937007,-0.230837,0.262163,0.022467,0.006492,-0.013753,0.064802,-0.591645,-0.061192,-1.012747
202,0.156021,-0.027598,0.300755,-0.120641,0.070357,-0.990223,-0.302778,-0.952547,-0.030845,-0.94526,0.296004,0.137452,0.060215,0.013612,-0.026901,0.066337,-0.26173,-0.074967,-1.919991,-0.145125,-0.040293,0.292433,0.786552,-0.20362,0.582981,0.198026,0.977337,0.074382,-0.585896,0.057178,0.808282,-0.033617,0.018431,-0.016868,-0.939608,-1.054145,3.408505,-0.106318,0.054054,0.021787,-0.022505,-0.754187,0.266916,0.599964,-0.227583,-0.96328,0.142466,0.61596,-0.029095,0.787238,-0.016874,0.009205,-0.008421,-0.943693,-1.01993,3.432461,-0.425007,0.077047,0.028504,-0.067375,0.241419,-0.106962,-0.964507,0.257489,0.965341,-0.042604,0.935636,-0.238064,0.260593,0.022548,0.012849,-0.016982,0.086479,-0.300782,-0.076377,-1.011604
203,0.157973,-0.026696,0.299499,-0.125564,0.039995,-0.991302,-0.309645,-0.950837,0.000806,-0.942384,0.306997,0.13301,0.044966,0.025644,-0.034102,-0.195338,0.759766,-2.831725,-1.919082,-0.146419,-0.039019,0.291471,0.723876,-0.349561,0.594812,0.340457,0.930789,0.132871,-0.600995,0.106748,0.792006,-0.034815,0.031166,-0.022932,0.409344,1.174372,2.536102,0.07116,0.053406,0.022422,-0.022988,-0.686726,0.411186,0.599443,-0.365895,-0.908084,0.203725,0.628113,-0.07943,0.774056,-0.017385,0.015643,-0.011371,0.345362,1.275216,2.586438,-0.205217,0.078028,0.028951,-0.068,0.24444,-0.080547,-0.966313,0.261328,0.965143,-0.014344,0.933786,-0.249018,0.256968,0.022514,0.012936,-0.016938,0.118112,-0.179782,-0.16504,-1.023851
204,0.158886,-0.026214,0.29886,-0.12795,0.02706,-0.991434,-0.312511,-0.949791,0.014354,-0.941114,0.311631,0.131217,0.044935,0.025766,-0.034013,0.083423,-0.264797,-0.528728,-1.918678,-0.147206,-0.038273,0.29093,0.681863,-0.418939,0.59962,0.404454,0.898902,0.168303,-0.61036,0.128269,0.781582,-0.035964,0.04287,-0.030339,2.914049,1.922533,6.075754,0.13654,0.053026,0.022779,-0.023247,-0.645538,0.474481,0.598454,-0.421744,-0.874753,0.238618,0.63672,-0.098358,0.764795,-0.025731,0.020251,-0.015626,0.177097,1.412849,2.761711,-0.108386,0.078484,0.029192,-0.06832,0.246839,-0.064286,-0.966921,0.26208,0.965042,0.002744,0.932943,-0.254088,0.255058,0.02251,0.012999,-0.016892,-0.00453,0.039833,-1.337796,-1.030872
205,0.160578,-0.025318,0.297545,-0.128512,-0.004092,-0.991722,-0.30613,-0.950979,0.04354,-0.943132,0.309191,0.122194,0.044679,0.023905,-0.03636,0.099847,-0.2752,-0.480237,-1.919502,-0.149102,-0.036727,0.289668,0.597109,-0.523816,0.607511,0.48354,0.839251,0.248558,-0.640797,0.145983,0.753612,-0.051262,0.038904,-0.033552,-0.941421,1.20915,1.473235,0.215921,0.052084,0.023559,-0.023871,-0.554542,0.580673,0.59607,-0.501221,-0.80486,0.317768,0.664273,-0.122547,0.737375,-0.026199,0.02545,-0.020255,-1.093821,1.396558,1.889565,0.043311,0.079347,0.029652,-0.068987,0.245461,-0.032393,-0.968864,0.251995,0.967215,0.031506,0.93608,-0.251883,0.245576,0.022347,0.011835,-0.018344,0.105553,-0.257731,-0.460997,-1.050957
206,0.162093,-0.024547,0.296237,-0.129115,-0.04113,-0.990799,-0.310405,-0.947241,0.079718,-0.94165,0.317887,0.11077,0.044651,0.012344,-0.028818,-5.427032,-0.016393,-0.246476,-1.919102,-0.151181,-0.035042,0.288333,0.484298,-0.626622,0.610566,0.560771,0.757911,0.333229,-0.672165,0.18178,0.717645,-0.051156,0.040787,-0.03121,2.323263,3.102606,5.855728,0.293562,0.051064,0.024381,-0.024533,-0.444095,0.675251,0.588909,-0.5675,-0.720616,0.398317,0.693341,-0.157315,0.703227,-0.02556,0.02038,-0.015564,-0.216033,1.627766,3.17152,0.146347,0.080088,0.030031,-0.069632,0.244813,0.003777,-0.969562,0.246801,0.96681,0.066083,0.937632,-0.255467,0.235756,0.014715,0.011851,-0.018296,0.105282,-0.604448,-0.724486,-1.069409
207,0.162769,-0.0242,0.295578,-0.1302,-0.061101,-0.989626,-0.30689,-0.946591,0.098767,-0.94265,0.316637,0.105728,0.029333,0.02333,-0.037049,0.076908,-0.398038,-0.861717,-1.918899,-0.152144,-0.034221,0.287703,0.433586,-0.663902,0.609285,0.584636,0.721694,0.370531,-0.686252,0.196375,0.700256,-0.051072,0.041009,-0.030985,0.027668,1.580913,2.789212,0.336899,0.050563,0.024807,-0.02486,-0.386845,0.714049,0.583511,-0.592043,-0.677455,0.436508,0.706991,-0.176603,0.684817,-0.026011,0.02603,-0.019531,2.247897,3.177281,5.708416,0.205295,0.080432,0.030201,-0.069959,0.244761,0.023409,-0.9693,0.246719,0.965297,0.085612,0.937667,-0.260099,0.230492,0.014702,0.005788,-0.014832,0.014674,-0.700073,-0.931677,-1.06745
208,0.16404,-0.023526,0.294264,-0.127494,-0.094602,-0.98734,-0.311905,-0.941108,0.130394,-0.941377,0.324694,0.091709,0.029421,0.012487,-0.028618,0.035638,-0.235069,-0.760668,-1.918108,-0.154172,-0.032554,0.286451,0.342107,-0.721204,0.602345,0.605339,0.659342,0.445832,-0.719108,0.212995,0.661347,-0.050892,0.041391,-0.030621,-1.278298,-0.871626,3.72956,0.389014,0.049568,0.025625,-0.025474,-0.294528,0.765546,0.572006,-0.607973,-0.611908,0.505902,0.737306,-0.198762,0.645656,-0.025337,0.020667,-0.015363,2.383619,3.285749,5.195014,0.301963,0.081067,0.030539,-0.070621,0.239438,0.05752,-0.969205,0.248062,0.961488,0.118345,0.938687,-0.26876,0.215948,0.014682,0.011703,-0.018538,0.06389,-0.36442,-0.809794,-1.084922
209,0.16513,-0.022728,0.292939,-0.131782,-0.132059,-0.982466,-0.304977,-0.937609,0.166883,-0.943049,0.32178,0.084509,0.029364,0.024371,-0.035951,0.087035,0.150727,-1.237407,-1.918032,-0.155934,-0.031268,0.285485,0.239429,-0.771107,0.589966,0.635523,0.583748,0.505255,-0.734288,0.254922,0.629046,-0.034185,0.031513,-0.022929,0.276819,1.409214,2.179137,0.440398,0.04865,0.0263,-0.025981,-0.187025,0.814014,0.54991,-0.633539,-0.527765,0.565765,0.750764,-0.242578,0.614416,-0.017069,0.015773,-0.01142,0.338923,1.385756,2.161634,0.372668,0.081623,0.030943,-0.071296,0.241242,0.095705,-0.965734,0.236816,0.959236,0.154218,0.941127,-0.265905,0.208743,0.01471,0.012202,-0.01797,0.084935,0.210825,-1.294768,-1.0908
210,0.166027,-0.021827,0.291608,-0.134366,-0.168105,-0.976592,-0.29816,-0.932976,0.201565,-0.94486,0.318468,0.076455,0.029378,0.024971,-0.035279,0.05771,-0.168147,-0.696354,-1.918118,-0.157387,-0.030333,0.284837,0.168223,-0.802642,0.57224,0.643029,0.529237,0.553493,-0.747309,0.275854,0.604398,-0.033049,0.020877,-0.014216,-0.449865,0.41855,1.031802,0.449401,0.047923,0.026767,-0.026304,-0.115251,0.841751,0.527419,-0.637768,-0.469771,0.610382,0.761557,-0.266024,0.590983,-0.016518,0.010457,-0.007049,-0.425845,0.405742,1.008445,0.41398,0.082061,0.031383,-0.071948,0.241387,0.1318,-0.961436,0.226265,0.955783,0.187833,0.943681,-0.26288,0.200892,0.00712,0.012569,-0.017428,0.048205,-0.245225,-0.775416,-1.099618
211,0.166396,-0.021413,0.29098,-0.132116,-0.185122,-0.973818,-0.29557,-0.930356,0.216905,-0.945992,0.316712,0.069412,0.014322,0.014266,-0.026372,-0.013966,-0.467023,-0.956632,-1.918592,-0.157964,-0.03,0.284661,0.138845,-0.814618,0.563125,0.647838,0.504687,0.570553,-0.749149,0.286609,0.597072,-0.032001,0.011258,-0.004122,-0.264985,0.183851,0.871885,0.452171,0.047647,0.026927,-0.026394,-0.085943,0.851759,0.516836,-0.640998,-0.444404,0.6258,0.762715,-0.277507,0.584169,-0.015989,0.005229,-0.002557,-0.112261,0.450931,1.088057,0.419206,0.082251,0.031594,-0.072266,0.2393,0.147172,-0.959726,0.222095,0.953941,0.201663,0.945202,-0.261409,0.195592,0.01471,0.012608,-0.017514,0.094347,-0.075752,-0.398995,-1.1037
212,0.16708,-0.020709,0.289851,-0.130312,-0.221129,-0.966523,-0.290678,-0.923456,0.250412,-0.947758,0.313849,0.057265,0.014291,0.01398,-0.026764,-0.011837,-0.270264,-0.865399,-1.918199,-0.158856,-0.029489,0.284466,0.083543,-0.835645,0.542871,0.661684,0.453748,0.596842,-0.745169,0.310388,0.590123,-0.016516,0.012217,-0.0048,2.784052,3.302866,3.990442,0.473689,0.047195,0.027185,-0.026488,-0.036334,0.869085,0.493326,-0.650055,-0.395493,0.648856,0.759018,-0.297113,0.579323,-0.015985,0.005823,-0.001799,-0.269388,0.15625,0.801781,0.43929,0.082593,0.031948,-0.072828,0.233775,0.184549,-0.954615,0.213589,0.94809,0.235593,0.948539,-0.258971,0.182222,0.007214,0.007586,-0.012658,-0.041393,-0.447632,-0.941613,-1.109905
213,0.167755,-0.020304,0.28891,-0.124706,-0.257531,-0.958213,-0.287474,-0.91493,0.283256,-0.949495,0.3111,0.041259,0.014297,0.014102,-0.02666,-0.040303,-0.558551,-0.78386,-1.918287,-0.159505,-0.029226,0.284395,0.028561,-0.853407,0.520454,0.682354,0.397011,0.613767,-0.730444,0.338667,0.592975,-0.015439,-0.00078,0.000852,2.663571,3.310698,3.912554,0.504052,0.046871,0.027325,-0.026521,0.017578,0.883726,0.467674,-0.668874,-0.337274,0.662459,0.743167,-0.32446,0.585173,-0.008238,0.005194,-0.003584,-0.360298,0.111482,0.539501,0.475704,0.08293,0.03215,-0.073299,0.226348,0.220162,-0.948838,0.206853,0.941036,0.267697,0.951828,-0.256863,0.16746,0.007215,0.00119,-0.009626,-0.064474,-0.598329,-0.836167,-1.110395
214,0.168104,-0.020202,0.288502,-0.121247,-0.273195,-0.95431,-0.286714,-0.910767,0.297102,-0.950177,0.309972,0.033289,0.014478,0.003448,-0.017946,-0.085034,-0.558875,-0.811541,-1.918177,-0.159845,-0.029213,0.284351,0.011939,-0.860103,0.509972,0.68945,0.376354,0.618831,-0.724193,0.345283,0.596815,-0.016444,0.009057,-0.008987,0.044914,-0.098481,0.158954,0.514146,0.046701,0.027329,-0.026538,0.040027,0.889186,0.455791,-0.676544,-0.31157,0.667242,0.735313,-0.33507,0.589102,-0.00771,-0.0014,-0.000879,0.040539,-0.206432,0.287403,0.493503,0.083099,0.032202,-0.073501,0.221837,0.235208,-0.94629,0.204664,0.937621,0.281032,0.953362,-0.256015,0.15986,0.014774,0.007265,-0.013232,0.034971,-0.129133,-0.462551,-1.105006
215,0.168754,-0.019943,0.287856,-0.122357,-0.299663,-0.94619,-0.283959,-0.902914,0.322622,-0.95086,0.308522,0.026566,0.014712,0.006616,-0.014053,-0.012729,-0.063233,-0.478279,-1.918135,-0.160476,-0.029311,0.284126,-0.056115,-0.868923,0.491747,0.710174,0.311329,0.631396,-0.701649,0.38574,0.598963,-0.015383,-0.005619,-0.005553,2.624697,3.650557,3.654143,0.516526,0.046385,0.027286,-0.02665,0.10127,0.894946,0.434527,-0.693106,-0.249861,0.676144,0.713685,-0.369647,0.59499,-0.007685,-0.003421,-0.003542,-0.030362,0.471084,0.564953,0.509995,0.08343,0.032329,-0.073837,0.219173,0.264131,-0.939253,0.199077,0.930302,0.308068,0.955159,-0.254504,0.151315,0.007346,0.003018,-0.007397,0.008168,-0.134883,-0.381386,-1.098311
216,0.169389,-0.019859,0.287468,-0.128377,-0.315042,-0.940379,-0.282054,-0.897453,0.339109,-0.950626,0.309159,0.027526,0.014913,-0.004005,-0.005295,-0.022342,0.150282,-0.372481,-1.917914,-0.16112,-0.029365,0.283635,-0.119548,-0.873408,0.472078,0.723297,0.248971,0.64404,-0.679884,0.419535,0.601341,-0.01537,-0.008568,-0.009486,2.515772,3.613705,3.379145,0.524081,0.046063,0.027261,-0.026894,0.164628,0.896148,0.412086,-0.703313,-0.186268,0.686042,0.691553,-0.402767,0.599608,-0.008187,0.001146,-0.008947,-0.055846,-0.180102,0.376956,0.518323,0.083753,0.032376,-0.074033,0.22396,0.280034,-0.933499,0.195268,0.925515,0.324487,0.954835,-0.254955,0.152597,0.007471,-0.001892,-0.002524,-0.008914,0.189519,-0.344859,-1.099618
217,0.169968,-0.020007,0.287452,-0.135177,-0.319973,-0.937758,-0.281584,-0.894999,0.345917,-0.949814,0.311211,0.032053,0.015387,-0.010854,0.008162,-0.039736,0.108757,-0.15398,-1.917999,-0.161909,-0.029394,0.283053,-0.128708,-0.883642,0.450113,0.715734,0.231262,0.65892,-0.686172,0.408071,0.602087,-0.030864,-0.009002,-0.008277,-0.120882,-0.031522,0.167513,0.524505,0.045674,0.027241,-0.027191,0.178116,0.90378,0.389172,-0.695903,-0.163921,0.699177,0.695696,-0.395361,0.599746,-0.008195,0.001596,-0.008385,-0.124268,-0.578221,0.884062,0.521752,0.084037,0.032301,-0.07405,0.230383,0.284988,-0.930432,0.194081,0.923486,0.330917,0.953549,-0.256816,0.157445,0.007637,0.000538,0.000493,-0.00593,0.082498,-0.110196,-1.106313
218,0.170256,-0.020033,0.287529,-0.136665,-0.320992,-0.937194,-0.281595,-0.894439,0.347355,-0.949597,0.311774,0.033017,0.015339,0.002157,0.002346,-0.004119,0.095302,-0.136063,-1.9182,-0.16227,-0.02937,0.2828,-0.130326,-0.889616,0.437708,0.714171,0.221864,0.66383,-0.687492,0.400223,0.605838,-0.015427,-0.006336,-0.006592,-0.054832,-0.610233,0.744917,0.523998,0.045488,0.027249,-0.027323,0.179444,0.908597,0.37716,-0.694022,-0.154798,0.703114,0.697231,-0.387928,0.602809,-0.015951,0.002162,-0.006689,-0.146627,-1.872248,2.204856,0.522079,0.084181,0.032284,-0.074009,0.231784,0.286092,-0.929745,0.194025,0.922972,0.332378,0.95322,-0.257434,0.158421,0.007695,0.001463,0.001642,-0.001004,-0.029401,0.054204,-1.110232
219,0.17079,-0.019841,0.287689,-0.137783,-0.318057,-0.93803,-0.281385,-0.895456,0.344896,-0.949496,0.311859,0.035052,0.00028,0.004283,0.005315,0.00679,0.036277,0.023886,-1.917625,-0.162935,-0.029314,0.28228,-0.13289,-0.898649,0.418046,0.711923,0.206776,0.671077,-0.689326,0.387917,0.611729,-0.016421,0.00278,-0.017444,0.032578,0.02024,-0.035288,0.520375,0.045161,0.027283,-0.027567,0.181316,0.916698,0.356073,-0.690865,-0.138946,0.709506,0.699878,-0.374644,0.608121,-0.008201,0.001221,-0.008933,0.030254,0.03973,-0.071349,0.522079,0.084448,0.03238,-0.073928,0.233478,0.283061,-0.930249,0.19402,0.92389,0.329822,0.952808,-0.257493,0.160788,0.007663,0.008042,-0.001184,0.03364,-0.015977,0.089495,-1.112028
220,0.171142,-0.019554,0.287838,-0.138841,-0.318861,-0.937601,-0.280429,-0.895345,0.34596,-0.949623,0.311356,0.036062,0.01547,0.004619,0.005364,0.001732,-0.030657,0.05355,-1.917768,-0.163476,-0.029944,0.281572,-0.133793,-0.894926,0.425673,0.711347,0.212206,0.66999,-0.689744,0.393558,0.607641,-0.014468,-0.033954,-0.02068,0.009566,0.62669,-0.77184,0.34876,0.044884,0.026997,-0.027899,0.182459,0.91374,0.363023,-0.690227,-0.143908,0.709137,0.700209,-0.379958,0.604431,-0.007721,-0.011402,-0.014334,0.210786,1.832496,-2.207668,0.437984,0.08463,0.032529,-0.073847,0.234254,0.284099,-0.929737,0.193131,0.923687,0.330911,0.952798,-0.257078,0.16151,0.007733,0.002322,0.002691,-2e-05,-0.032209,0.054269,-1.112354
221,0.171227,-0.019447,0.287952,-0.145123,-0.323896,-0.934921,-0.278013,-0.89349,0.352641,-0.949386,0.311495,0.040785,0.00033,0.005164,0.006387,0.004361,-0.004265,0.005242,-1.917698,-0.163774,-0.030732,0.280877,-0.138804,-0.886022,0.442368,0.713248,0.220317,0.665335,-0.686778,0.408975,0.600781,-0.015498,-0.035553,-0.046256,0.172311,1.803413,-2.087769,0.023647,0.04473,0.026602,-0.028238,0.187772,0.905601,0.380298,-0.692531,-0.152501,0.705084,0.696521,-0.395763,0.598522,-0.007743,-0.018837,-0.024505,0.202374,1.776627,-2.084091,0.278449,0.084673,0.032583,-0.07379,0.239992,0.289653,-0.926555,0.190017,0.92197,0.337437,0.951995,-0.257044,0.166226,0.000162,0.002596,0.003207,0.002579,-0.010684,0.01482,-1.112191
222,0.171242,-0.019229,0.288238,-0.156576,-0.333069,-0.929836,-0.273807,-0.889896,0.364812,-0.948775,0.312125,0.0493,0.000403,0.006316,0.007791,0.035751,0.223947,-0.349919,-1.91799,-0.16386,-0.032105,0.278555,-0.267955,-0.817752,0.509384,0.765436,0.140229,0.627994,-0.58463,0.559191,0.587687,0.013647,-0.017479,-0.072978,3.979541,5.863717,0.681668,-0.701472,0.044681,0.025915,-0.029368,0.313365,0.840437,0.442116,-0.739962,-0.075699,0.668374,0.595195,-0.536594,0.59817,0.007265,-0.014613,-0.033405,4.610221,5.993141,1.888346,-0.027394,0.084679,0.032686,-0.073654,0.249601,0.298972,-0.921039,0.184952,0.918915,0.348405,0.950521,-0.257311,0.174067,0.000208,0.002964,0.003674,0.448028,1.424237,-2.286144,-1.111211
223,0.171255,-0.018933,0.288472,-0.157376,-0.33368,-0.929482,-0.273494,-0.889655,0.365633,-0.948732,0.312159,0.04991,0.000341,0.005353,0.006585,0.000746,-0.015957,0.023987,-1.917457,-0.163464,-0.032385,0.275082,-0.329926,-0.711484,0.620428,0.851501,0.059247,0.520932,-0.406978,0.701041,0.585468,0.011748,-0.003456,-0.102234,6.361704,5.64743,0.411694,-1.402442,0.044882,0.025763,-0.031157,0.379682,0.734768,0.562099,-0.831042,0.00394,0.556195,0.406459,-0.678306,0.612119,0.005823,-0.001972,-0.051929,6.484577,5.571067,0.345036,-0.342055,0.084686,0.03284,-0.07353,0.250959,0.300249,-0.920254,0.184248,0.918483,0.349916,0.9503,-0.25737,0.175182,7e-05,0.008238,-0.000785,0.035056,-0.013328,0.018313,-1.111211
224,0.17126,-0.018787,0.288553,-0.159388,-0.335311,-0.928551,-0.272515,-0.889072,0.367776,-0.948675,0.312076,0.051488,0.000296,0.004657,0.005723,0.000747,-0.015958,0.023981,-1.91687,-0.16307,-0.03234,0.272857,-0.340331,-0.655546,0.674111,0.895005,-0.006257,0.445938,-0.287691,0.755905,0.587966,0.026511,0.004644,-0.117659,5.928759,2.095567,1.672309,-1.408851,0.045069,0.025783,-0.032225,0.388833,0.682119,0.619291,-0.874675,0.062167,0.480706,0.289399,-0.728593,0.620805,0.013327,0.001617,-0.059631,3.258504,1.07814,-1.311999,-0.484934,0.084689,0.032916,-0.073486,0.252782,0.302037,-0.91917,0.183051,0.917936,0.351973,0.950048,-0.257227,0.176749,0.000139,0.002247,0.002761,-4.8e-05,-0.018594,0.028118,-1.111048
225,0.171266,-0.018579,0.288645,-0.167812,-0.345816,-0.923199,-0.268175,-0.885136,0.380248,-0.948449,0.311814,0.056949,0.000168,0.002651,0.003253,-0.027377,-0.169001,-0.084923,-1.916944,-0.161672,-0.032583,0.268105,-0.389604,-0.610289,0.689745,0.910905,-0.145355,0.386081,-0.134882,0.779461,0.611646,0.027774,-0.012942,-0.12162,3.484405,0.863746,3.866578,-1.40981,0.045767,0.025663,-0.034603,0.431176,0.639963,0.636029,-0.891792,0.195172,0.408183,0.137087,-0.743205,0.654868,0.021843,-0.006573,-0.061862,0.129923,0.298413,-0.438867,-0.78196,0.084692,0.033019,-0.073441,0.260463,0.312862,-0.913386,0.177547,0.914385,0.363834,0.949018,-0.256935,0.182616,-2.4e-05,0.006715,-0.002662,-0.021319,-0.25416,-0.220662,-1.109742
226,0.171294,-0.018399,0.288702,-0.173648,-0.354142,-0.918954,-0.265207,-0.881829,0.389891,-0.948226,0.311853,0.060353,1.5e-05,0.014358,-0.004182,0.028324,-0.072019,0.013763,-1.917832,-0.160046,-0.033101,0.264098,-0.436176,-0.604259,0.666793,0.887164,-0.165201,0.430793,-0.149615,0.7802,0.607261,0.04479,-0.001224,-0.083557,0.083535,-0.135547,2.604402,-1.409514,0.046558,0.025362,-0.036654,0.477457,0.630627,0.611836,-0.865292,0.21649,0.452106,0.152654,-0.745278,0.649042,0.014532,-0.00116,-0.041499,-1.050192,-0.159614,1.893277,-1.046654,0.084706,0.033102,-0.073413,0.264612,0.322167,-0.908949,0.173678,0.911213,0.373531,0.948586,-0.256705,0.185164,7.6e-05,0.001225,0.0015,0.000334,-0.041267,-0.018187,-1.111212
