frame,MLTx,MLTy,MLTz,MLTR1,MLTR2,MLTR3,MLTR4,MLTR5,MLTR6,MLTR7,MLTR8,MLTR9,MLTTVx,MLTTVy,MLTTVz,MLTRVx,MLTRVy,MLTRVz,MLGA,MRTx,MRTy,MRTz,MRTR1,MRTR2,MRTR3,MRTR4,MRTR5,MRTR6,MRTR7,MRTR8,MRTR9,MRTTVx,MRTTVy,MRTTVz,MRTRVx,MRTRVy,MRTRVz,MRGA,SLTx,SLTy,SLTz,SLTR1,SLTR2,SLTR3,SLTR4,SLTR5,SLTR6,SLTR7,SLTR8,SLTR9,SLTTVx,SLTTVy,SLTTVz,SLTRVx,SLTRVy,SLTRVz,SLGA,SRTx,SRTy,SRTz,SRTR1,SRTR2,SRTR3,SRTR4,SRTR5,SRTR6,SRTR7,SRTR8,SRTR9,SRTTVx,SRTTVy,SRTTVz,SRTRVx,SRTRVy,SRTRVz,SRGA
2644,0.117075,0.059251,0.312039,0.23545,0.934428,-0.267306,-0.94893,0.280461,0.144375,0.209578,0.218502,0.95308,-0.000242,-0.008612,0.009463,-0.034273,0.019772,-0.014361,-1.6077,-0.088127,0.016357,0.356148,0.748406,-0.178249,0.638832,-0.122223,0.909542,0.39715,-0.652761,-0.375088,0.658084,-0.001998,0.00169,0.034768,-0.02914,-0.060915,-0.018521,0.169702,0.04948,0.026165,-0.004276,-0.71743,0.11651,0.686818,0.177869,-0.9226,0.342303,0.67354,0.367742,0.641177,-0.000202,-0.003763,0.022236,-0.077033,-0.058843,-0.008579,0.04723,0.096027,0.054385,-0.085646,0.140845,0.969805,-0.199097,-0.979416,0.165858,0.115037,0.144586,0.178796,0.973203,-0.000137,-0.004355,0.00469,-0.03436,0.019504,-0.015129,-0.914283
2645,0.1171,0.059308,0.312098,0.235862,0.934189,-0.267778,-0.9488,0.280959,0.144264,0.209705,0.218881,0.952965,0.000733,0.003137,0.002562,0.0,0.0,0.0,-1.608011,-0.088152,0.016403,0.356883,0.74986,-0.176422,0.637634,-0.122683,0.909892,0.396206,-0.651004,-0.375107,0.659812,-0.002696,0.004362,0.036729,-0.061283,0.042188,-0.153852,0.170951,0.049467,0.026189,-0.003895,-0.718934,0.114604,0.685564,0.17832,-0.922892,0.341277,0.671814,0.367606,0.643063,-0.001438,0.002437,0.018559,-0.09252,0.071849,-0.136721,0.047393,0.096038,0.054411,-0.085618,0.141287,0.969645,-0.199563,-0.979339,0.166361,0.114965,0.144675,0.179197,0.973117,0.000407,0.001748,0.001426,-0.000182,-0.018311,0.021721,-0.913467
2646,0.11715,0.059407,0.312166,0.237006,0.933515,-0.269115,-0.948455,0.282328,0.143861,0.209974,0.219989,0.952651,0.000583,0.002495,0.002036,-0.000292,-0.018213,0.022334,-1.606641,-0.088322,0.016475,0.358385,0.752381,-0.174672,0.63514,-0.118764,0.912329,0.391771,-0.648818,-0.369977,0.664842,-0.015655,0.001418,0.035941,0.240894,-0.261618,-0.379167,0.176816,0.049386,0.026231,-0.003152,-0.7206,0.114599,0.683813,0.174479,-0.924535,0.338807,0.671037,0.363456,0.646226,-0.001352,0.002119,0.018242,0.288368,-0.39568,-0.225045,0.051965,0.096063,0.05446,-0.085584,0.142519,0.969195,-0.200867,-0.979138,0.167746,0.114664,0.144827,0.180335,0.972884,0.000135,0.000587,0.00048,0.000111,-4.7e-05,-0.000416,-0.911507
2647,0.11725,0.05942,0.312178,0.232795,0.934148,-0.27059,-0.949719,0.278275,0.14342,0.208978,0.222437,0.952301,0.012483,-0.001755,-0.001269,0.000984,-0.014715,0.029553,-1.606643,-0.088608,0.016625,0.359815,0.752735,-0.176794,0.634134,-0.115072,0.912998,0.391314,-0.649075,-0.367308,0.66607,-0.004542,0.014511,0.027385,-0.017382,-0.039238,0.01925,0.180015,0.049238,0.026304,-0.002432,-0.721977,0.115047,0.682284,0.170585,-0.926045,0.336659,0.670558,0.359448,0.648958,-0.001464,0.002588,0.018509,-0.075549,-0.026523,0.0355,0.057844,0.096109,0.05447,-0.085576,0.138293,0.969467,-0.202505,-0.97993,0.163581,0.113918,0.143566,0.182687,0.972632,-1.4e-05,-5.5e-05,-4.8e-05,-0.000686,4.9e-05,-0.000272,-0.912813
2648,0.117297,0.059413,0.312173,0.233429,0.933785,-0.271296,-0.94953,0.279028,0.143207,0.209127,0.223016,0.952133,0.0,1e-06,1e-06,0.0,0.0,0.0,-1.606442,-0.088688,0.016747,0.36048,0.754067,-0.174886,0.633079,-0.115508,0.91346,0.390105,-0.647448,-0.367074,0.66778,-0.002541,0.003896,0.035978,-0.012384,-0.090295,-0.002257,0.185377,0.049198,0.02637,-0.002103,-0.723257,0.113199,0.681237,0.170962,-0.926415,0.335448,0.669081,0.359081,0.650684,-0.002221,0.006987,0.013458,0.014047,-0.074017,-0.002621,0.060456,0.096137,0.054464,-0.08558,0.139008,0.969216,-0.203213,-0.979815,0.164381,0.11376,0.143663,0.183297,0.972503,-1.2e-05,-5.3e-05,-4.4e-05,-6.2e-05,-2e-06,-0.000106,-0.913303
2649,0.117419,0.059416,0.31214,0.234235,0.933941,-0.270063,-0.949095,0.279863,0.144453,0.210193,0.22132,0.952294,-0.0,-0.0,-0.0,-0.0,0.0,-0.0,-1.607018,-0.088802,0.017013,0.361617,0.756368,-0.170666,0.631484,-0.116621,0.914617,0.387052,-0.644557,-0.366187,0.671057,-0.001195,-0.00126,0.032052,-0.054968,-0.033944,-0.001529,0.197066,0.049138,0.02651,-0.001516,-0.725556,0.108895,0.679492,0.17197,-0.927381,0.332249,0.666329,0.357917,0.65414,-0.000559,-0.000852,0.015868,-0.084606,-0.005268,0.014732,0.074989,0.096198,0.054464,-0.085597,0.139736,0.969385,-0.201903,-0.979525,0.16517,0.115096,0.144921,0.181687,0.972618,0.000523,0.006038,-0.003318,0.036551,-0.02317,0.015178,-0.91265
2650,0.117592,0.059437,0.312097,0.235057,0.933486,-0.27092,-0.948882,0.280795,0.144046,0.210239,0.222053,0.952113,0.012513,-0.00162,-0.001162,0.000984,-0.014715,0.029553,-1.607786,-0.088918,0.017171,0.362455,0.756485,-0.172831,0.630755,-0.112268,0.915715,0.385741,-0.645194,-0.362407,0.672495,-0.001744,0.003798,0.019224,-0.022851,-0.033056,0.023246,0.198977,0.04908,0.026589,-0.001103,-0.725734,0.111143,0.678937,0.167605,-0.928567,0.331165,0.667246,0.354131,0.655265,-0.000718,0.001254,0.009144,-0.044342,-8.7e-05,0.009371,0.083807,0.096279,0.054475,-0.085619,0.140619,0.969078,-0.202763,-0.979406,0.166125,0.11474,0.144876,0.182453,0.972481,2.8e-05,0.000122,9.6e-05,8.3e-05,-6.8e-05,-3e-05,-0.91314
2651,0.117774,0.059454,0.312064,0.236082,0.932912,-0.272003,-0.9486,0.281976,0.143595,0.210359,0.222964,0.951874,0.0,1e-06,1e-06,0.0,0.0,0.0,-1.607952,-0.08895,0.017238,0.363032,0.75691,-0.173123,0.630164,-0.112539,0.915237,0.386796,-0.644648,-0.363474,0.672443,-0.002125,0.008196,0.005965,0.001843,-0.013497,0.025394,0.199004,0.049064,0.026623,-0.000808,-0.726097,0.111617,0.678472,0.16799,-0.928036,0.332456,0.666755,0.355372,0.655094,-3e-06,-0.001495,0.007123,-0.03623,0.003736,-0.021826,0.085277,0.096375,0.054483,-0.085636,0.141766,0.968685,-0.203841,-0.979236,0.167377,0.114368,0.144905,0.183396,0.9723,-1e-06,-7e-06,-1e-05,4.3e-05,-2.5e-05,-3.4e-05,-0.913303
2652,0.117861,0.059478,0.312035,0.236382,0.933354,-0.270219,-0.948319,0.282205,0.144991,0.211285,0.220822,0.952168,0.0,0.0,0.0,-0.003501,0.005432,-0.001817,-1.608174,-0.088935,0.017304,0.363248,0.757109,-0.173316,0.629872,-0.112518,0.91506,0.387218,-0.644417,-0.363824,0.672474,-0.002207,0.00851,0.006183,0.001839,-0.013486,0.0254,0.19877,0.049073,0.02665,-0.000704,-0.726317,0.11182,0.678203,0.167988,-0.92788,0.332892,0.666516,0.355715,0.655151,-6.5e-05,-0.00125,0.007298,-0.033892,-0.01023,0.003296,0.085766,0.096419,0.054495,-0.08565,0.141936,0.969053,-0.201965,-0.979037,0.167539,0.115826,0.146079,0.181291,0.972519,0.0,-4e-06,-6e-06,0.000291,-0.000294,-0.000405,-0.913303
2653,0.117979,0.059525,0.311988,0.237015,0.932991,-0.270919,-0.948168,0.282915,0.144599,0.211256,0.221446,0.952029,0.0,0.0,0.0,-0.0,0.0,-0.0,-1.606182,-0.088957,0.017469,0.363574,0.757504,-0.173792,0.629266,-0.112223,0.914797,0.387926,-0.644006,-0.364258,0.672633,0.000266,-0.003948,0.013534,-0.035655,0.00318,-0.022128,0.199098,0.049062,0.026734,-0.000547,-0.726766,0.112325,0.677638,0.167694,-0.927671,0.333621,0.6661,0.356101,0.655364,-0.007375,0.002159,0.002311,-0.000202,0.001734,-0.003865,0.085603,0.096478,0.054519,-0.085673,0.142638,0.968794,-0.20271,-0.978953,0.16829,0.115447,0.145958,0.181977,0.972409,0.006235,-0.000901,-0.000658,0.00111,-0.014844,0.029553,-0.913467
2654,0.118026,0.05953,0.311968,0.237647,0.93262,-0.271642,-0.947986,0.283659,0.144335,0.211362,0.222054,0.951864,-0.00019,-0.000824,-0.000673,0.0,0.0,0.0,-1.607037,-0.089038,0.017643,0.363813,0.757814,-0.174205,0.628778,-0.111886,0.914624,0.38843,-0.643699,-0.364494,0.672799,0.000648,-0.005419,0.01246,-0.035654,0.003177,-0.022129,0.203447,0.049025,0.026823,-0.000426,-0.72713,0.112765,0.677174,0.167364,-0.927535,0.334165,0.665786,0.356316,0.655566,-0.000688,0.002635,0.001908,3e-06,-1.7e-05,4e-06,0.087399,0.096502,0.054523,-0.085682,0.143337,0.968541,-0.203424,-0.978844,0.169065,0.115236,0.146003,0.182603,0.972285,-0.000128,-0.000557,-0.000456,5.3e-05,-2.9e-05,-2.9e-05,-0.91314
2655,0.118034,0.05952,0.311972,0.238016,0.932402,-0.272066,-0.947867,0.284107,0.144236,0.211479,0.222394,0.951759,-2e-06,-1e-05,-8e-06,0.0,0.0,0.0,-1.606771,-0.089051,0.017727,0.363898,0.759069,-0.172591,0.627708,-0.111404,0.915454,0.386609,-0.642302,-0.363178,0.674842,-0.001313,0.005067,0.003659,0.029659,-0.04267,0.00789,0.206748,0.049015,0.026859,-0.000382,-0.728486,0.110945,0.676016,0.166792,-0.92838,0.332099,0.664445,0.354684,0.657807,-0.00063,0.002417,0.001747,0.019824,-0.034241,0.012172,0.090665,0.096505,0.054516,-0.085682,0.143745,0.968393,-0.203842,-0.978772,0.169529,0.115169,0.146086,0.18296,0.972205,1e-06,-0.0,-2e-06,3.3e-05,-2.3e-05,-2.7e-05,-0.913303
2656,0.118016,0.059532,0.311969,0.238792,0.931927,-0.273012,-0.947629,0.285043,0.143951,0.211669,0.223183,0.951532,-0.0,-0.0,-0.0,0.0,0.0,0.0,-1.607766,-0.088998,0.01781,0.364108,0.759251,-0.172768,0.627441,-0.111387,0.915292,0.386999,-0.642091,-0.363504,0.674869,0.011638,0.007565,0.003973,0.002052,-0.015213,0.029241,0.208322,0.049041,0.026902,-0.000275,-0.728584,0.11131,0.67585,0.166845,-0.928146,0.332725,0.664324,0.355181,0.657662,0.005807,0.003812,0.002006,0.001112,-0.014252,0.029795,0.095727,0.096496,0.054522,-0.085683,0.144607,0.968067,-0.204776,-0.978629,0.1705,0.114952,0.146196,0.183777,0.972034,-0.0,2e-06,2e-06,3.3e-05,-8e-06,-2.3e-05,-0.913303
2657,0.11801,0.059558,0.311966,0.239169,0.932301,-0.2714,-0.947304,0.285397,0.145382,0.212693,0.22117,0.951773,1e-06,3e-06,3e-06,-0.0,0.0,-0.0,-1.609101,-0.08891,0.017836,0.36447,0.759603,-0.173076,0.626929,-0.111444,0.914945,0.3878,-0.641664,-0.364227,0.674885,0.000459,-0.004689,0.012973,-0.033817,-0.010301,0.003275,0.213895,0.049086,0.026914,-0.000101,-0.728966,0.111638,0.675385,0.166919,-0.927844,0.33353,0.663887,0.355867,0.657732,0.000186,-0.002199,0.006591,-0.033807,-0.010267,0.003295,0.099646,0.096493,0.054535,-0.085685,0.144873,0.968376,-0.203123,-0.978404,0.170794,0.11642,0.14743,0.18187,0.972207,-0.0,-4e-06,-1e-06,0.000459,-0.000653,0.000147,-0.912977
2658,0.11802,0.059577,0.311944,0.239821,0.931903,-0.272191,-0.947115,0.28617,0.145088,0.212796,0.221844,0.951593,-5.2e-05,-0.000225,-0.000183,-0.001946,-0.125831,0.154026,-1.608726,-0.088806,0.017892,0.364802,0.75992,-0.173364,0.626465,-0.111467,0.914642,0.388508,-0.641284,-0.364851,0.674909,-0.00166,0.006384,0.004583,0.001823,-0.013424,0.025434,0.217293,0.049133,0.026939,6.3e-05,-0.729298,0.111907,0.674981,0.167001,-0.927579,0.334225,0.663501,0.356473,0.657793,-0.000698,0.002667,0.001912,2e-05,2.8e-05,-5e-06,0.105525,0.096498,0.054545,-0.085695,0.145499,0.968138,-0.203804,-0.978308,0.171489,0.116199,0.147447,0.182477,0.97209,-3.1e-05,-0.000146,-0.000119,3.2e-05,-2.4e-05,-1.8e-05,-0.91265
2659,0.118018,0.059573,0.311928,0.24016,0.931695,-0.272602,-0.947014,0.286575,0.144949,0.212864,0.22219,0.951497,-0.000112,-0.000486,-0.000396,0.0,0.0,0.0,-1.608955,-0.088733,0.017936,0.364971,0.760113,-0.173569,0.626173,-0.111404,0.914482,0.388902,-0.641066,-0.365153,0.674953,0.000142,-0.003473,0.013836,-0.033814,-0.010313,0.003268,0.21701,0.049174,0.026963,0.000149,-0.729536,0.112149,0.674684,0.166922,-0.927438,0.334655,0.66326,0.356763,0.657879,-0.000868,0.003313,0.002373,0.001846,-0.01342,0.025441,0.106504,0.096497,0.054543,-0.085703,0.145974,0.967959,-0.204315,-0.97823,0.172022,0.116067,0.147495,0.182925,0.971999,-6.9e-05,-0.000307,-0.000251,1.8e-05,-6e-06,-1.6e-05,-0.912813
2660,0.118023,0.059551,0.311911,0.241122,0.931113,-0.273741,-0.946712,0.287736,0.144623,0.213119,0.223126,0.951221,-0.000169,-0.000734,-0.000599,0.0,0.0,0.0,-1.609308,-0.088662,0.018109,0.365411,0.760527,-0.173994,0.625553,-0.1113,0.91413,0.389759,-0.640593,-0.36583,0.675035,-0.002655,0.010191,0.007283,0.001817,-0.013399,0.025447,0.217127,0.049212,0.027042,0.000363,-0.72999,0.112574,0.674122,0.166867,-0.927135,0.335521,0.662774,0.357416,0.658014,-0.001426,0.005446,0.003891,0.001831,-0.013399,0.025454,0.106994,0.0965,0.054533,-0.085711,0.14704,0.96756,-0.205439,-0.978047,0.173227,0.115826,0.147656,0.183899,0.971791,-0.000128,-0.000559,-0.000456,3.6e-05,-9e-06,-1e-05,-0.912813
2661,0.11805,0.059549,0.311898,0.24136,0.931582,-0.271929,-0.946425,0.287918,0.14613,0.214118,0.220934,0.951509,-1e-06,-5e-06,-4e-06,-0.0,0.0,-0.0,-1.610653,-0.088628,0.018349,0.365888,0.761001,-0.174526,0.624827,-0.111062,0.913765,0.390682,-0.640071,-0.366488,0.675174,-0.002838,0.010884,0.007747,0.001813,-0.013382,0.025457,0.224523,0.049224,0.027163,0.000603,-0.730512,0.113106,0.673467,0.166685,-0.926828,0.33646,0.662244,0.358045,0.658206,-0.001536,0.005863,0.004173,0.001838,-0.013371,0.025438,0.111076,0.096513,0.05453,-0.085719,0.14715,0.967934,-0.203591,-0.977844,0.173341,0.117354,0.148882,0.181812,0.971996,4e-06,1.5e-05,1.3e-05,0.00017,-0.000198,4.4e-05,-0.91216
2662,0.118059,0.05955,0.311886,0.241551,0.931466,-0.272156,-0.946371,0.288143,0.14604,0.214144,0.221128,0.951458,-0.000224,-0.00097,-0.000792,0.0,0.0,0.0,-1.610488,-0.0886,0.018488,0.366125,0.761294,-0.17489,0.624368,-0.110818,0.913571,0.391203,-0.639764,-0.366795,0.675297,-0.000943,0.000681,0.016747,-0.03381,-0.010328,0.00326,0.228398,0.049241,0.027239,0.000725,-0.730865,0.113512,0.673016,0.166431,-0.926666,0.337029,0.661919,0.358333,0.658376,-0.001524,0.005807,0.004124,0.001838,-0.013376,0.025447,0.115322,0.096518,0.054533,-0.085723,0.147362,0.967854,-0.203817,-0.977811,0.173576,0.117279,0.148887,0.182013,0.971958,-0.000147,-0.000646,-0.000527,4.5e-05,-1.7e-05,-4e-06,-0.91216
2663,0.11807,0.059565,0.311886,0.242035,0.931172,-0.272734,-0.946223,0.288723,0.145851,0.214249,0.22161,0.951322,3.2e-05,0.000138,0.000112,0.0,0.0,0.0,-1.61041,-0.088459,0.018761,0.366732,0.763017,-0.173754,0.62258,-0.110269,0.913979,0.390407,-0.637803,-0.366324,0.677405,0.011296,0.00565,0.018788,0.089229,-0.151383,-0.042173,0.23424,0.049307,0.027373,0.001028,-0.732508,0.112596,0.671381,0.165886,-0.926974,0.33645,0.660237,0.357825,0.660338,-0.000853,0.001759,0.009358,0.145571,-0.206055,-0.078346,0.123487,0.096523,0.054538,-0.085725,0.147899,0.967651,-0.204388,-0.977722,0.174179,0.117132,0.148944,0.182511,0.971856,2.5e-05,0.000107,8.8e-05,1.4e-05,-7e-06,-5e-06,-0.91167
2664,0.118081,0.059582,0.311875,0.242691,0.930769,-0.273525,-0.946026,0.289507,0.145578,0.214379,0.222276,0.951137,0.0,0.0,0.0,-0.001944,-0.125856,0.154005,-1.610895,-0.088182,0.018922,0.36755,0.760767,-0.177117,0.624384,-0.106717,0.914709,0.389683,-0.64109,-0.362871,0.67616,0.010889,0.007112,0.019773,-0.031732,-0.025591,0.032473,0.241365,0.049446,0.027453,0.001436,-0.7304,0.115714,0.673146,0.16231,-0.927907,0.335622,0.663454,0.354397,0.658962,-0.000111,-0.002573,0.014387,-0.082949,0.070711,-0.166328,0.132304,0.096529,0.054547,-0.08573,0.148529,0.967412,-0.205064,-0.977619,0.174884,0.116939,0.14899,0.183107,0.971736,0.0,-2e-06,-2e-06,1.2e-05,2.1e-05,-7e-06,-0.911834
2665,0.118105,0.059558,0.311855,0.243331,0.930384,-0.274266,-0.945824,0.290276,0.145359,0.214544,0.222882,0.950958,-0.000337,-0.001465,-0.001196,-0.001659,-0.107619,0.13169,-1.610945,-0.087844,0.019056,0.368449,0.762139,-0.175094,0.62328,-0.107627,0.914967,0.388825,-0.639304,-0.363203,0.67767,0.012884,-0.003519,0.028456,-0.0672,-0.022839,0.010109,0.250234,0.049619,0.027525,0.001895,-0.731801,0.113702,0.671966,0.163171,-0.928076,0.334738,0.661696,0.354607,0.660614,0.00642,-0.001726,0.014247,-0.071119,-0.01913,0.012209,0.142755,0.096541,0.054537,-0.085738,0.149336,0.96711,-0.2059,-0.977478,0.175795,0.116753,0.14911,0.183828,0.971582,-0.000166,-0.000725,-0.000593,-0.001655,-0.107621,0.131692,-0.911017
2666,0.11812,0.059541,0.311842,0.243609,0.930217,-0.274582,-0.945736,0.290609,0.145263,0.214613,0.223139,0.950882,-0.000169,-0.000734,-0.000599,0.0,0.0,0.0,-1.611454,-0.087667,0.01912,0.368871,0.761904,-0.172166,0.624382,-0.108775,0.916216,0.385552,-0.63939,-0.361458,0.678522,0.011241,0.005631,0.018668,-0.024106,-0.033562,0.027798,0.254172,0.049702,0.027557,0.002101,-0.731464,0.110571,0.672855,0.164139,-0.929198,0.331132,0.661829,0.352653,0.661526,0.005551,0.003031,0.009479,-0.043037,-0.028632,0.065113,0.147817,0.096549,0.054528,-0.085746,0.149644,0.966996,-0.206212,-0.977424,0.176141,0.116682,0.149154,0.184096,0.971525,-0.000106,-0.000464,-0.000379,2.2e-05,-1e-05,-0.0,-0.911181
2667,0.118159,0.059504,0.3118,0.244254,0.92983,-0.275319,-0.945538,0.291376,0.145016,0.214751,0.223749,0.950708,-0.000186,-0.000809,-0.000661,0.0,0.0,0.0,-1.611987,-0.087358,0.019199,0.369565,0.763086,-0.169962,0.623541,-0.109694,0.91664,0.384281,-0.63782,-0.361429,0.680014,0.012111,0.002276,0.016306,-0.028353,-0.029157,0.030392,0.262127,0.04986,0.027602,0.002457,-0.732605,0.10843,0.671961,0.165017,-0.929483,0.329893,0.660347,0.352566,0.663052,0.006089,0.000973,0.008034,-0.044285,-0.013722,0.038936,0.158594,0.096568,0.054508,-0.085768,0.150359,0.96673,-0.206939,-0.977303,0.176939,0.11649,0.14923,0.184727,0.971393,-0.000112,-0.000491,-0.000402,2.2e-05,8e-06,-4e-06,-0.910691
2668,0.118192,0.059501,0.311749,0.244737,0.929534,-0.275891,-0.945406,0.291935,0.144749,0.21478,0.22425,0.950583,-4.5e-05,-0.000198,-0.000162,0.0,0.0,0.0,-1.613061,-0.087148,0.019362,0.370049,0.763498,-0.170334,0.622936,-0.10973,0.916245,0.385211,-0.637321,-0.362251,0.680043,0.012278,0.001592,0.015813,-0.031739,-0.025634,0.032451,0.266623,0.049966,0.02768,0.002696,-0.732982,0.108938,0.671467,0.165129,-0.929074,0.330988,0.6599,0.353487,0.663006,0.006151,0.000718,0.007847,-0.03204,-0.025307,0.032658,0.166105,0.096584,0.054505,-0.085795,0.150894,0.966525,-0.207504,-0.977224,0.177525,0.116263,0.149209,0.185235,0.9713,-1.7e-05,-7.6e-05,-6.3e-05,7e-06,4e-06,-4e-06,-0.911344
2669,0.118211,0.059507,0.311742,0.244699,0.930171,-0.273768,-0.945204,0.291787,0.146358,0.215709,0.221799,0.950948,-1e-06,-2e-06,-2e-06,-2.9e-05,4.4e-05,-1.5e-05,-1.612937,-0.087075,0.019485,0.370243,0.763782,-0.170713,0.622483,-0.109446,0.916073,0.385702,-0.637029,-0.36251,0.680179,0.012255,0.001652,0.015846,-0.031738,-0.025641,0.032448,0.268747,0.049998,0.027739,0.002787,-0.733287,0.109314,0.671073,0.164869,-0.928947,0.331474,0.659627,0.353705,0.663163,-0.001197,0.00447,0.003084,0.001752,-0.013118,0.025599,0.169371,0.096594,0.054509,-0.085798,0.150694,0.967027,-0.205302,-0.97707,0.177291,0.117903,0.150414,0.182827,0.97157,8e-06,3.1e-05,2.6e-05,0.00325,-0.004832,0.001229,-0.911344
2670,0.118231,0.059523,0.31173,0.245017,0.929976,-0.274147,-0.945114,0.29216,0.146199,0.215745,0.222125,0.950864,-0.0,-0.0,-0.0,-0.001931,-0.12589,0.153977,-1.613135,-0.087017,0.019636,0.370589,0.762612,-0.172548,0.623411,-0.104724,0.918016,0.38238,-0.639223,-0.35668,0.681202,-0.012713,-0.005873,0.013418,0.038663,-0.072767,-0.071172,0.273435,0.050036,0.027818,0.002961,-0.732172,0.111152,0.671987,0.159964,-0.930937,0.328276,0.662067,0.347849,0.663827,-0.000927,0.003457,0.002382,0.090219,-0.107387,-0.027456,0.174107,0.096604,0.054517,-0.085803,0.150953,0.966919,-0.205619,-0.977035,0.177575,0.117759,0.150377,0.183121,0.97152,4e-06,9e-06,8e-06,9.6e-05,-9e-05,2.4e-05,-0.911507
2671,0.118295,0.059507,0.311717,0.245489,0.929702,-0.274654,-0.944966,0.292718,0.146034,0.215853,0.222535,0.950743,-3.2e-05,-0.000138,-0.000113,0.0,0.0,0.0,-1.613536,-0.087343,0.019554,0.370844,0.761108,-0.176041,0.624272,-0.100719,0.918612,0.382023,-0.641657,-0.353419,0.680613,-0.011387,-0.010839,0.009993,-0.037503,0.017967,-0.051548,0.287719,0.049871,0.027784,0.003093,-0.730747,0.114703,0.672942,0.155978,-0.93165,0.328174,0.66459,0.344777,0.662909,-0.006669,-0.000269,0.00051,-0.001031,0.002835,-0.003045,0.187823,0.096636,0.05451,-0.085809,0.151572,0.966693,-0.206225,-0.976927,0.178267,0.117613,0.150459,0.18364,0.97141,-2.3e-05,-9.7e-05,-7.9e-05,-0.001908,-0.125893,0.153986,-0.911833
2672,0.118373,0.059468,0.311686,0.246137,0.929323,-0.275356,-0.944763,0.293486,0.145808,0.216003,0.223103,0.950576,-0.000174,-0.000758,-0.00062,0.0,0.0,0.0,-1.613799,-0.088115,0.019157,0.370818,0.761785,-0.175639,0.623559,-0.101627,0.918126,0.38295,-0.640709,-0.354879,0.680747,-0.024016,-0.011148,-0.004916,-0.005841,0.043553,-0.084076,0.290664,0.049489,0.027591,0.003089,-0.731474,0.114338,0.672214,0.156916,-0.931155,0.329131,0.663568,0.346232,0.663174,-0.012009,-0.005573,-0.002446,0.008651,-0.058668,0.116396,0.20056,0.096675,0.054491,-0.085824,0.152286,0.966433,-0.206916,-0.976802,0.179065,0.117443,0.150552,0.184231,0.971284,-9.1e-05,-0.000405,-0.000333,1.2e-05,3e-06,1e-06,-0.91069
2673,0.118381,0.05946,0.31168,0.24632,0.929212,-0.275567,-0.944705,0.293706,0.145745,0.216051,0.223276,0.950525,-6.3e-05,-0.000275,-0.000225,0.0,0.0,0.0,-1.613362,-0.088522,0.018889,0.370731,0.762373,-0.172899,0.623606,-0.102435,0.919155,0.380256,-0.63988,-0.353562,0.68221,-0.023534,-0.013069,-0.006247,0.039624,-0.004313,-0.111823,0.287756,0.049289,0.027463,0.003043,-0.732053,0.1115,0.67206,0.157499,-0.932087,0.326199,0.66279,0.344645,0.664776,-0.011818,-0.006329,-0.002969,0.046054,-0.0119,-0.117073,0.200886,0.096679,0.054486,-0.085828,0.15249,0.966357,-0.207124,-0.976766,0.179294,0.117396,0.150582,0.18441,0.971245,-3.4e-05,-0.000155,-0.000128,1.8e-05,5e-06,-2e-06,-0.910037
2674,0.118367,0.059483,0.311698,0.246676,0.928985,-0.276012,-0.944588,0.294142,0.145623,0.216156,0.223643,0.950415,0.000237,0.001035,0.000845,0.0,0.0,0.0,-1.613038,-0.088914,0.018497,0.370716,0.765344,-0.166699,0.621652,-0.102739,0.921749,0.373842,-0.636273,-0.34978,0.687513,0.002453,-0.012354,0.007572,0.03668,-0.073444,-0.066467,0.282805,0.049083,0.027245,0.003022,-0.734985,0.104994,0.669905,0.157569,-0.934451,0.319331,0.659522,0.34026,0.670263,-0.00511,-0.007724,0.003416,0.011407,-0.036685,-0.084543,0.196641,0.096671,0.054495,-0.08582,0.152887,0.9662,-0.207564,-0.976693,0.179747,0.117306,0.15065,0.184792,0.971162,0.000157,0.000691,0.000564,2.2e-05,-2.1e-05,2e-06,-0.910037
2675,0.118311,0.059532,0.311738,0.247066,0.928724,-0.276541,-0.944456,0.29463,0.145492,0.216286,0.224082,0.950281,9.6e-05,0.000416,0.00034,0.0,0.0,0.0,-1.612372,-0.088988,0.018118,0.371109,0.768495,-0.16299,0.618742,-0.098141,0.925445,0.365862,-0.633194,-0.341686,0.694392,0.003009,-0.017417,0.020187,0.001662,-0.082775,-0.062454,0.282817,0.049047,0.027054,0.003212,-0.738172,0.101272,0.666967,0.152653,-0.937948,0.311368,0.657113,0.331658,0.676907,0.000625,-0.003881,0.005377,0.00773,-0.046383,-0.05211,0.194518,0.096644,0.054523,-0.085798,0.153325,0.966017,-0.208089,-0.976611,0.180255,0.11721,0.150736,0.185251,0.971061,4.3e-05,0.000187,0.000154,2.4e-05,6e-06,-4e-06,-0.910201
2676,0.118301,0.059536,0.311729,0.247485,0.928458,-0.27706,-0.944323,0.295137,0.145323,0.216383,0.224517,0.950157,-0.000307,-0.001337,-0.001092,-0.001646,-0.107653,0.131662,-1.612831,-0.088935,0.017858,0.371435,0.769539,-0.160678,0.618049,-0.099035,0.925992,0.364231,-0.631785,-0.3413,0.695863,0.001062,-0.007003,0.011273,-0.001971,-0.032879,-0.042837,0.283871,0.049073,0.02693,0.003373,-0.739122,0.099035,0.666251,0.153484,-0.938347,0.309751,0.655851,0.331203,0.678353,0.0015,-0.008723,0.010088,-0.058275,-0.010542,-0.055163,0.195498,0.09664,0.054529,-0.0858,0.153708,0.965865,-0.208512,-0.976545,0.180687,0.117097,0.150776,0.185622,0.970984,0.000511,0.006026,-0.003323,0.034329,-0.019709,0.014388,-0.910201
2677,0.118299,0.059488,0.311689,0.248034,0.928117,-0.277711,-0.944145,0.295801,0.145132,0.216532,0.22505,0.949997,-0.000385,-0.001678,-0.001372,0.0,0.0,0.0,-1.613019,-0.088614,0.01755,0.372087,0.770955,-0.158725,0.616788,-0.099978,0.926179,0.363499,-0.629906,-0.341711,0.697363,0.013203,-0.001823,0.013464,-0.032578,-0.013435,0.006326,0.286938,0.049229,0.026768,0.003707,-0.740388,0.09725,0.665107,0.154531,-0.938349,0.309224,0.654175,0.331726,0.679714,6e-05,-0.001727,0.006856,-0.04384,-0.000278,0.008681,0.1986,0.096639,0.054503,-0.085821,0.154402,0.965596,-0.209245,-0.976418,0.181473,0.116936,0.150885,0.186255,0.970846,-0.000229,-0.000993,-0.000811,0.000286,0.018233,-0.022316,-0.909548
2678,0.118306,0.059431,0.311644,0.248411,0.927885,-0.278147,-0.944023,0.296254,0.145,0.216631,0.225406,0.94989,-0.000209,-0.00091,-0.000744,0.0,0.0,0.0,-1.612314,-0.088137,0.017652,0.372562,0.771651,-0.159592,0.615692,-0.099552,0.925674,0.364898,-0.629121,-0.342671,0.697601,0.023414,0.013592,0.00658,0.005803,-0.043404,0.084155,0.289678,0.049464,0.026814,0.003947,-0.741093,0.098185,0.664183,0.154249,-0.937889,0.310756,0.653442,0.332749,0.679919,0.006329,8.9e-05,0.007408,-0.031876,-0.025247,0.032684,0.203009,0.096641,0.054471,-0.085847,0.15482,0.965436,-0.209675,-0.976342,0.181944,0.116838,0.150948,0.186626,0.970765,-0.000101,-0.000445,-0.000364,1.4e-05,-1e-06,-1e-06,-0.909711
2679,0.118313,0.059426,0.311627,0.248238,0.928608,-0.275881,-0.943863,0.295946,0.146666,0.217526,0.222833,0.950292,-0.000275,-0.001198,-0.000979,-0.440324,0.663501,-0.229782,-1.612183,-0.087888,0.017803,0.372731,0.772067,-0.160253,0.614999,-0.098942,0.925481,0.365554,-0.628707,-0.342884,0.69787,0.012731,-8.1e-05,0.014645,-0.031768,-0.025524,0.03251,0.290696,0.049592,0.026897,0.00403,-0.741585,0.098896,0.663528,0.153621,-0.937758,0.311462,0.653032,0.332908,0.680236,0.005419,0.005017,0.002744,0.002107,-0.015134,0.029304,0.204152,0.096645,0.054469,-0.085854,0.154509,0.965946,-0.207543,-0.976224,0.181587,0.118373,0.152029,0.184319,0.971037,-0.000144,-0.000629,-0.000519,-0.488773,0.735192,-0.249392,-0.910037
2680,0.118349,0.05949,0.311605,0.248273,0.928581,-0.27594,-0.943885,0.295956,0.146502,0.217391,0.222931,0.9503,0.000121,0.000529,0.000432,-0.0,0.0,-0.0,-1.612405,-0.087337,0.018133,0.37306,0.769922,-0.159325,0.617922,-0.099503,0.926413,0.363032,-0.631243,-0.340795,0.696601,0.010578,0.010965,0.006127,0.003756,-0.028181,0.054914,0.294135,0.049868,0.027057,0.004197,-0.739213,0.097879,0.666319,0.154114,-0.938544,0.30884,0.6556,0.330988,0.6787,0.005315,0.005367,0.002975,0.001872,-0.031982,0.058567,0.207744,0.096662,0.054499,-0.085867,0.154514,0.965967,-0.207439,-0.976233,0.181566,0.118325,0.151962,0.184226,0.971065,8.5e-05,0.000367,0.000301,0.000103,-0.00014,3.8e-05,-0.910037
2681,0.118407,0.059497,0.3116,0.248669,0.928346,-0.276374,-0.943764,0.296421,0.146338,0.21746,0.22329,0.9502,0.0,1e-06,1e-06,0.0,0.0,0.0,-1.611805,-0.086693,0.01837,0.373365,0.767509,-0.157883,0.621284,-0.100654,0.927394,0.360201,-0.633994,-0.338798,0.695076,0.013348,-0.002506,0.012967,-0.031741,-0.025618,0.032455,0.297283,0.050184,0.027183,0.004349,-0.736615,0.096469,0.669395,0.155022,-0.939337,0.305961,0.658304,0.329147,0.676976,0.012094,0.005179,0.002156,0.003594,-0.047794,0.088365,0.211827,0.096692,0.054505,-0.085868,0.154952,0.965805,-0.207867,-0.976159,0.182051,0.118194,0.151994,0.184597,0.970989,0.0,-4e-06,-5e-06,3e-06,1.5e-05,-2e-06,-0.910201
2682,0.118445,0.059503,0.31158,0.243509,0.929597,-0.276764,-0.945407,0.291226,0.146169,0.21617,0.224907,0.950113,-1e-06,-4e-06,-3e-06,1e-06,-0.0,-3e-06,-1.611986,-0.086016,0.018538,0.373513,0.765294,-0.159108,0.6237,-0.101306,0.927021,0.360975,-0.636564,-0.339241,0.692506,0.025241,0.006407,0.001633,0.003422,-0.029709,0.058889,0.300434,0.050516,0.027268,0.004431,-0.734203,0.097622,0.671875,0.155851,-0.938947,0.306737,0.660799,0.32992,0.674163,0.0063,0.001625,0.000413,-0.003272,0.062718,-0.149145,0.215582,0.09671,0.054508,-0.085878,0.149689,0.966513,-0.208431,-0.977208,0.176713,0.117628,0.150522,0.186073,0.970937,1e-06,4e-06,2e-06,-0.000957,8.1e-05,-4.2e-05,-0.910527
2683,0.118448,0.059526,0.311586,0.243631,0.929519,-0.276917,-0.945373,0.291369,0.146102,0.21618,0.225041,0.950079,8.9e-05,0.000389,0.000318,0.0,-0.0,-0.0,-1.612743,-0.0857,0.018605,0.373524,0.763946,-0.158232,0.625572,-0.101913,0.927617,0.359271,-0.638085,-0.338023,0.691702,0.012914,0.002117,7.4e-05,-0.009706,0.074294,-0.148015,0.300153,0.050684,0.027304,0.004437,-0.732839,0.096778,0.673483,0.156231,-0.939451,0.304997,0.662222,0.328733,0.673347,0.006531,0.000776,-0.000167,0.001033,-0.021077,0.032851,0.217052,0.096712,0.054519,-0.085875,0.149826,0.96646,-0.208581,-0.977186,0.176865,0.117579,0.150527,0.186207,0.97091,5.8e-05,0.000251,0.000205,-0.000144,6e-06,0.000116,-0.910201
2684,0.11845,0.059574,0.311626,0.244057,0.929252,-0.277438,-0.945235,0.291888,0.145955,0.2163,0.225469,0.94995,0.000262,0.001144,0.000935,0.0,0.0,0.0,-1.613412,-0.085026,0.018659,0.373478,0.762703,-0.157541,0.627261,-0.102297,0.928185,0.357689,-0.639508,-0.336785,0.690991,0.013881,-0.001414,-0.002342,0.000341,-0.002243,0.003565,0.298641,0.05102,0.027333,0.004415,-0.73146,0.095976,0.675096,0.15662,-0.939928,0.303322,0.663654,0.327602,0.672487,0.006872,-0.000456,-0.001011,0.001669,-0.015984,0.029916,0.216889,0.096713,0.054542,-0.085856,0.150305,0.966274,-0.209096,-0.9771,0.177409,0.117472,0.150606,0.186652,0.970813,0.000165,0.000717,0.000586,1e-06,1.5e-05,9.8e-05,-0.910038
2685,0.118467,0.059648,0.311686,0.244021,0.929884,-0.275345,-0.945021,0.291756,0.1476,0.217275,0.223035,0.950302,0.000286,0.001247,0.001018,-0.0,0.0,-0.0,-1.612521,-0.084489,0.018516,0.373305,0.761316,-0.156615,0.629174,-0.102914,0.928801,0.355909,-0.64106,-0.335518,0.690168,0.002431,-0.008881,-0.006084,-0.001703,0.012964,-0.02568,0.288172,0.051292,0.027266,0.004331,-0.729948,0.095031,0.676864,0.157141,-0.940427,0.301499,0.665193,0.326441,0.67153,0.007613,-0.003125,-0.002842,0.000138,-0.002615,0.003881,0.212153,0.096722,0.05458,-0.085825,0.150117,0.966761,-0.206969,-0.976939,0.177198,0.119118,0.151833,0.184315,0.971068,0.000169,0.000744,0.000608,0.000336,-0.000517,0.000201,-0.910201
2686,0.118481,0.059667,0.311701,0.244167,0.929796,-0.275512,-0.944975,0.291931,0.14755,0.217312,0.223171,0.950262,0.000133,0.00058,0.000474,-0.0,0.0,-0.0,-1.611892,-0.084339,0.018389,0.373134,0.759655,-0.155263,0.631514,-0.103923,0.929523,0.353723,-0.642867,-0.334146,0.689153,0.001155,-0.001131,-0.016859,0.020278,0.11305,-0.206007,0.27745,0.051368,0.027201,0.00425,-0.728169,0.093728,0.678958,0.157968,-0.940985,0.299318,0.666944,0.325208,0.67039,0.001448,-0.005273,-0.003625,-0.002601,0.011224,-0.024054,0.203989,0.096729,0.054591,-0.085816,0.150279,0.9667,-0.207138,-0.976911,0.177382,0.119077,0.151855,0.184461,0.971037,5.5e-05,0.000243,0.0002,3.7e-05,-4.8e-05,7.1e-05,-0.910201
2687,0.118526,0.059654,0.311691,0.244424,0.929649,-0.275779,-0.944895,0.292233,0.147459,0.217367,0.223386,0.950199,-0.000305,-0.001331,-0.001087,0.0,0.0,0.0,-1.61103,-0.084308,0.01804,0.372612,0.75603,-0.152182,0.636593,-0.106139,0.931123,0.348825,-0.646766,-0.331103,0.68697,0.003929,-0.014336,-0.00989,-0.001708,0.012983,-0.02567,0.252344,0.051384,0.027023,0.003981,-0.724066,0.090425,0.683776,0.160069,-0.942271,0.29411,0.670898,0.322407,0.667793,0.00204,-0.007421,-0.00512,-0.002948,0.010634,-0.023452,0.176393,0.096752,0.054586,-0.085819,0.150564,0.966599,-0.207401,-0.976862,0.177698,0.119008,0.151888,0.184684,0.970989,-0.000181,-0.000791,-0.000648,8e-06,-1.5e-05,3.6e-05,-0.910201
2688,0.118587,0.059635,0.311652,0.24487,0.929386,-0.276272,-0.944767,0.292753,0.147252,0.217423,0.223801,0.950088,-3.3e-05,-0.000146,-0.000119,0.0,0.0,0.0,-1.610937,-0.084518,0.017713,0.371936,0.755286,-0.151283,0.63769,-0.10652,0.931627,0.347359,-0.647572,-0.330096,0.686695,-0.010837,-0.006873,-0.019502,0.029988,0.038782,-0.058032,0.220581,0.051285,0.026857,0.003646,-0.723273,0.089545,0.684731,0.160364,-0.942671,0.292667,0.671683,0.321484,0.667448,-0.005509,-0.00307,-0.009491,0.031628,0.025713,-0.032334,0.138836,0.096781,0.054573,-0.085842,0.151058,0.966418,-0.207886,-0.976783,0.178242,0.118839,0.151902,0.185109,0.970906,-1.6e-05,-7.1e-05,-5.8e-05,-2e-06,9e-06,2.3e-05,-0.910364
2689,0.11859,0.05966,0.311648,0.245163,0.9292,-0.276638,-0.944683,0.293099,0.147101,0.217458,0.224118,0.950005,2.3e-05,0.0001,8.1e-05,0.0,0.0,0.0,-1.609972,-0.084708,0.017476,0.371424,0.75497,-0.151043,0.638121,-0.106335,0.93194,0.346577,-0.647972,-0.329324,0.686689,0.002468,-0.009057,-0.006306,-0.001721,0.013029,-0.025645,0.18735,0.051187,0.026732,0.003381,-0.722907,0.08928,0.685151,0.16015,-0.942961,0.291849,0.672128,0.320707,0.667375,0.001184,-0.004319,-0.003004,-0.001758,0.013014,-0.02564,0.101932,0.096783,0.054586,-0.085844,0.151286,0.966327,-0.208144,-0.97675,0.178493,0.118736,0.15189,0.185341,0.970864,1.9e-05,7.9e-05,6.4e-05,-2e-06,1e-05,2.1e-05,-0.91069
2690,0.11859,0.05966,0.311648,0.245251,0.929145,-0.276745,-0.944654,0.293207,0.147071,0.217482,0.224206,0.949979,0.0,2e-06,1e-06,0.0,0.0,0.0,-1.609515,-0.084753,0.017394,0.371302,0.754901,-0.150985,0.638216,-0.106312,0.932002,0.346416,-0.648055,-0.329175,0.686682,-0.000644,0.005432,-0.012395,0.035475,-0.002487,0.022501,0.159728,0.051166,0.026684,0.003314,-0.722822,0.089204,0.685251,0.160135,-0.943017,0.291674,0.672223,0.320562,0.667349,-0.000381,0.002955,-0.006027,0.035454,-0.002497,0.022494,0.075316,0.096783,0.054586,-0.085844,0.151482,0.966251,-0.208354,-0.976715,0.178717,0.11869,0.151921,0.185524,0.970824,-0.0,-0.0,1e-06,-8e-06,7e-06,2.1e-05,-0.911017
2691,0.118582,0.05968,0.311639,0.245689,0.928864,-0.277296,-0.944522,0.293733,0.14687,0.217561,0.224675,0.94985,-1.9e-05,-8.4e-05,-6.9e-05,0.0,0.0,0.0,-1.608493,-0.084789,0.01735,0.371228,0.75601,-0.149221,0.637318,-0.105952,0.932835,0.344278,-0.646821,-0.32762,0.688586,-0.000244,0.000898,0.000626,0.003378,-0.003562,-0.002042,0.068019,0.051149,0.02666,0.003276,-0.724002,0.087311,0.684248,0.159653,-0.943811,0.28936,0.671067,0.31874,0.669383,-0.00024,0.000889,0.00062,-0.011815,0.01205,0.006717,-0.013841,0.096779,0.054596,-0.085848,0.151972,0.966056,-0.208899,-0.976633,0.179266,0.118527,0.151953,0.186005,0.970726,-1.2e-05,-5.3e-05,-4.4e-05,1.5e-05,8e-06,1.9e-05,-0.91118
2692,0.118581,0.059685,0.311618,0.246031,0.928647,-0.277723,-0.944422,0.29414,0.146701,0.21761,0.225042,0.949752,-2e-05,-8.5e-05,-7e-05,0.0,0.0,0.0,-1.607944,-0.084799,0.017555,0.37127,0.758548,-0.146277,0.63498,-0.104642,0.934391,0.340437,-0.644056,-0.324505,0.692642,-0.001229,0.004514,0.003145,0.17089,-0.191163,-0.076545,-0.018507,0.051144,0.026763,0.003297,-0.726113,0.085015,0.682298,0.158366,-0.944967,0.28628,0.669088,0.315925,0.67269,-0.001619,0.007477,-0.002879,0.352573,-0.346025,-0.140487,-0.133533,0.096778,0.054598,-0.085859,0.152355,0.965904,-0.209322,-0.976572,0.179693,0.118388,0.151965,0.186381,0.970653,-1e-05,-4.1e-05,-3.3e-05,4e-06,1e-05,4e-06,-0.91167
2693,0.11859,0.059683,0.311617,0.246227,0.928527,-0.27795,-0.944359,0.294376,0.146633,0.217661,0.225227,0.949696,-0.0,-1e-06,-1e-06,0.0,0.0,0.0,-1.608075,-0.084784,0.017658,0.371289,0.760007,-0.147351,0.632983,-0.103822,0.93383,0.342223,-0.642466,-0.325629,0.693589,-0.000796,0.002921,0.002033,0.002909,-0.003063,-0.001758,-0.053246,0.051148,0.026824,0.003314,-0.728187,0.085508,0.680023,0.157445,-0.944782,0.287396,0.667048,0.316344,0.674515,-0.000419,0.00154,0.001073,-0.011903,0.01615,0.005048,-0.182847,0.096783,0.054597,-0.085859,0.152571,0.965821,-0.209546,-0.976533,0.179938,0.118337,0.151998,0.186574,0.970611,3e-06,9e-06,7e-06,8e-06,9e-06,3e-06,-0.911997
2694,0.118631,0.0597,0.311619,0.24651,0.928357,-0.278265,-0.944275,0.294708,0.146507,0.217705,0.22549,0.949624,0.000138,0.000604,0.000493,0.0,0.0,0.0,-1.608093,-0.0848,0.017819,0.371253,0.76437,-0.152941,0.626369,-0.095939,0.933573,0.345211,-0.638504,-0.323776,0.6981,-0.002022,0.010488,-0.008867,0.045328,0.000433,0.031079,-0.119236,0.05114,0.026906,0.003303,-0.733107,0.091274,0.67396,0.149775,-0.944958,0.290894,0.663416,0.314199,0.679085,6e-06,-1.7e-05,-1.2e-05,0.009215,0.120219,-0.144558,-0.255021,0.096804,0.054605,-0.085859,0.152884,0.965705,-0.209856,-0.976482,0.180284,0.118236,0.152015,0.186844,0.970556,7.7e-05,0.000337,0.000275,-2e-05,1.7e-05,4e-06,-0.911834
2695,0.118682,0.059728,0.311605,0.246547,0.928951,-0.276245,-0.944054,0.294641,0.148057,0.218617,0.223134,0.949971,5e-06,2.3e-05,1.9e-05,-9e-06,1.3e-05,-5e-06,-1.607688,-0.084931,0.017956,0.371009,0.762027,-0.161385,0.627105,-0.08509,0.934997,0.344202,-0.642833,-0.315454,0.697938,-0.001182,0.007408,-0.011008,1.075199,0.56815,1.179634,-0.194715,0.051074,0.026977,0.003182,-0.73117,0.098471,0.67505,0.14062,-0.946522,0.290382,0.667544,0.307245,0.678222,-0.006855,0.00176,-0.006102,3.492377,1.929096,3.828669,-0.326379,0.096829,0.05462,-0.085865,0.152768,0.966175,-0.207762,-0.976316,0.180137,0.119818,0.153191,0.184538,0.970812,-0.0,0.0,1e-06,0.003101,-0.004529,0.001223,-0.91216
2696,0.118739,0.059749,0.311574,0.246762,0.928823,-0.276481,-0.944009,0.294872,0.14788,0.218568,0.223357,0.94993,-5.1e-05,-0.000225,-0.000183,-0.0,0.0,-0.0,-1.607839,-0.085268,0.018319,0.370407,0.760889,-0.166333,0.627195,-0.078061,0.936009,0.343115,-0.645073,-0.309828,0.698392,-0.015999,0.015131,-0.020363,0.068956,0.010044,0.015657,-0.30228,0.050913,0.027143,0.002888,-0.729973,0.104795,0.675393,0.131987,-0.94796,0.289739,0.670609,0.300645,0.678154,-0.006866,0.001892,-0.006051,0.03168,0.025417,-0.032721,-0.411127,0.096858,0.054631,-0.085881,0.15301,0.966078,-0.208037,-0.976293,0.180389,0.119628,0.153097,0.184801,0.970777,-3.3e-05,-0.000147,-0.000122,7.2e-05,-8.4e-05,2.8e-05,-0.912487
2697,0.118768,0.059754,0.311566,0.246824,0.92879,-0.276538,-0.943997,0.294938,0.147832,0.218553,0.22341,0.949921,-1e-06,-3e-06,-2e-06,0.0,0.0,0.0,-1.607641,-0.085495,0.018596,0.370025,0.760835,-0.16674,0.627152,-0.076942,0.936338,0.342469,-0.64527,-0.308613,0.698747,-0.015858,0.014638,-0.020699,0.068977,0.009966,0.015615,-0.362244,0.050798,0.027289,0.002691,-0.729946,0.105228,0.675355,0.130793,-0.948314,0.289123,0.670873,0.299376,0.678455,-0.00785,0.00706,-0.010526,0.067058,0.023017,-0.010153,-0.470401,0.096872,0.054633,-0.085885,0.153078,0.966055,-0.208093,-0.976285,0.180458,0.119584,0.153077,0.184853,0.97077,0.006234,-0.000884,-0.000648,0.001,-0.014739,0.029559,-0.91265
2698,0.118791,0.059774,0.31157,0.247158,0.928583,-0.276933,-0.943894,0.295337,0.14769,0.218617,0.22374,0.949829,0.000223,0.000979,0.000799,0.0,0.0,0.0,-1.605946,-0.08606,0.019313,0.369107,0.761854,-0.168285,0.6255,-0.074,0.936634,0.342308,-0.644413,-0.306869,0.700305,-0.017702,0.024573,-0.029898,0.10279,0.020286,0.012351,-0.47863,0.05051,0.027654,0.002224,-0.731118,0.106823,0.673835,0.127821,-0.94873,0.289088,0.670169,0.297488,0.67998,-0.008844,0.012312,-0.014921,0.103225,0.021377,0.011206,-0.58846,0.096883,0.054641,-0.085885,0.153449,0.965912,-0.208483,-0.976222,0.180874,0.119471,0.153108,0.185193,0.970701,0.00015,0.000656,0.000535,2.6e-05,-8e-06,5e-06,-0.912323
2699,0.118777,0.059797,0.311588,0.242011,0.929805,-0.277379,-0.945512,0.290179,0.147568,0.217392,0.225397,0.949718,0.000108,0.000471,0.000385,0.0,-0.0,-0.0,-1.605703,-0.086662,0.02011,0.368187,0.760486,-0.17556,0.625164,-0.071659,0.934094,0.349669,-0.646291,-0.310502,0.696965,-0.005592,0.029898,-0.027558,-0.213035,0.250153,0.298023,-0.624728,0.050217,0.028032,0.001779,-0.730754,0.112806,0.673254,0.125712,-0.947145,0.295146,0.670964,0.300315,0.67795,-0.008112,0.008103,-0.009772,-0.616651,-0.210011,0.816817,-0.715011,0.096877,0.054654,-0.085874,0.148208,0.966596,-0.209102,-0.97725,0.175577,0.118964,0.151705,0.186714,0.970629,-0.006154,0.001234,0.000931,-0.001038,0.014717,-0.029431,-0.91265
2700,0.11876,0.059806,0.311596,0.242253,0.92965,-0.277687,-0.945433,0.290476,0.147485,0.217463,0.225652,0.949641,4.5e-05,0.000199,0.000163,-0.001902,-0.126018,0.153873,-1.605304,-0.086952,0.020532,0.367802,0.758946,-0.179531,0.625909,-0.071263,0.93247,0.354056,-0.648144,-0.313093,0.694079,-0.018959,0.029419,-0.026456,-0.177931,0.376213,0.033319,-0.682281,0.050072,0.028246,0.001577,-0.72903,0.117769,0.674274,0.125469,-0.945403,0.300782,0.672883,0.30388,0.674451,-0.008545,0.009758,-0.008607,-0.333558,0.413328,0.268196,-0.787022,0.096868,0.05466,-0.085869,0.148479,0.966489,-0.209407,-0.977202,0.175888,0.118904,0.151752,0.186979,0.970571,1.9e-05,8.6e-05,6.9e-05,-0.00194,-0.126003,0.153985,-0.91265
