frame,MLTx,MLTy,MLTz,MLTR1,MLTR2,MLTR3,MLTR4,MLTR5,MLTR6,MLTR7,MLTR8,MLTR9,MLTTVx,MLTTVy,MLTTVz,MLTRVx,MLTRVy,MLTRVz,MLGA,MRTx,MRTy,MRTz,MRTR1,MRTR2,MRTR3,MRTR4,MRTR5,MRTR6,MRTR7,MRTR8,MRTR9,MRTTVx,MRTTVy,MRTTVz,MRTRVx,MRTRVy,MRTRVz,MRGA,SLTx,SLTy,SLTz,SLTR1,SLTR2,SLTR3,SLTR4,SLTR5,SLTR6,SLTR7,SLTR8,SLTR9,SLTTVx,SLTTVy,SLTTVz,SLTRVx,SLTRVy,SLTRVz,SLGA,SRTx,SRTy,SRTz,SRTR1,SRTR2,SRTR3,SRTR4,SRTR5,SRTR6,SRTR7,SRTR8,SRTR9,SRTTVx,SRTTVy,SRTTVz,SRTRVx,SRTRVy,SRTRVz,SRGA
80,0.097845,0.013916,0.467496,-0.530809,0.77658,-0.339426,-0.814716,-0.577836,-0.048111,-0.232841,0.250028,0.939839,-0.022518,-0.000393,0.015395,-0.037319,0.043137,-0.077747,0.521441,-0.104923,-0.019307,0.441301,-0.632325,-0.72713,0.267282,0.765453,-0.639424,0.07178,0.119496,0.250904,0.960537,0.003823,-0.025348,0.032634,-0.096386,-0.104272,0.314103,0.519629,0.027341,0.025038,0.002805,0.635477,0.701671,0.322221,-0.748666,0.66203,0.03486,-0.18886,-0.263389,0.946021,0.008277,-0.01157,0.016445,-0.089137,-0.082693,0.144991,0.227176,0.086707,0.046216,-0.019131,0.442726,-0.831988,-0.334346,0.871997,0.486345,-0.055563,0.208835,-0.26695,0.94081,-0.017022,0.001125,0.008558,-0.019826,0.005725,0.074953,0.302558
81,0.09716,0.013706,0.467882,-0.547107,0.764314,-0.341386,-0.800802,-0.596601,-0.05249,-0.243116,0.24371,0.938897,-0.001405,-0.005077,-0.001898,0.015917,-0.052435,0.191082,0.522555,-0.104785,-0.020213,0.442363,-0.639726,-0.721334,0.265366,0.759614,-0.645864,0.076031,0.117339,0.251131,0.960743,0.002705,-0.017722,0.021316,-0.070203,3.6e-05,-0.046427,0.534384,0.02741,0.024581,0.00334,0.642955,0.695648,0.32044,-0.742821,0.668317,0.039594,-0.186612,-0.263488,0.94644,-0.005032,-0.010106,0.010453,-0.072751,0.014805,-0.078367,0.536448,0.086357,0.046115,-0.01893,0.460648,-0.821353,-0.336424,0.859939,0.506858,-0.059983,0.219787,-0.261674,0.939797,-0.006825,-0.006246,0.005107,-0.042385,0.038661,-0.080057,0.522184
82,0.097014,0.013523,0.467926,-0.546435,0.762462,-0.346563,-0.797368,-0.600143,-0.063277,-0.25556,0.240809,0.936337,-0.002092,-0.007548,-0.002827,0.713102,-0.432673,0.381065,0.522405,-0.104912,-0.020548,0.442728,-0.639101,-0.721831,0.265522,0.760273,-0.644973,0.076997,0.116468,0.251996,0.960623,-0.010229,-0.019174,0.02149,-0.072247,0.015214,-0.075673,0.534945,0.027352,0.024415,0.003517,0.642335,0.696169,0.320551,-0.74357,0.667431,0.040482,-0.185764,-0.264355,0.946365,-0.005765,-0.005372,0.005293,-0.037839,0.015083,-0.054597,0.521589,0.086285,0.046029,-0.018911,0.461282,-0.81936,-0.34039,0.856984,0.510806,-0.068224,0.229774,-0.260238,0.937805,-0.000973,-0.0035,-0.0013,0.058723,-0.037614,0.043963,0.522674
83,0.097036,0.01311,0.467881,-0.54608,0.759467,-0.353626,-0.791845,-0.605678,-0.078147,-0.272861,0.236394,0.932573,-0.002325,-0.008395,-0.003157,0.60005,0.084726,-1.382612,0.522201,-0.105355,-0.020749,0.442944,-0.63774,-0.723232,0.264981,0.761841,-0.642815,0.079506,0.113623,0.253497,0.960569,-0.014336,0.007718,-0.010325,-0.026721,-0.024826,0.013823,0.535623,0.027132,0.024301,0.00364,0.640959,0.697711,0.319952,-0.745472,0.665153,0.042921,-0.182871,-0.266027,0.94646,-0.006597,-6.9e-05,0.000453,-0.217632,-0.128901,0.041275,0.521589,0.086293,0.045811,-0.018932,0.458792,-0.817251,-0.348725,0.852717,0.515288,-0.085741,0.249766,-0.258027,0.933294,0.004548,-0.005484,-0.002439,1.966044,0.37284,-4.935205,0.522348
84,0.097148,0.012814,0.467759,-0.556218,0.750353,-0.357265,-0.780318,-0.619394,-0.086185,-0.285271,0.229905,0.930479,0.010191,-0.007502,-0.003524,0.032862,-0.063189,0.179114,0.52104,-0.105825,-0.02052,0.442695,-0.640559,-0.722873,0.259094,0.760935,-0.642705,0.088557,0.1033,0.254799,0.961389,-0.014158,0.006828,-0.010818,-0.631278,-0.429421,0.214651,0.535388,0.026901,0.024417,0.003522,0.643292,0.697489,0.315727,-0.745279,0.664901,0.049635,-0.175308,-0.267235,0.94755,-0.007098,0.003515,-0.005346,0.042212,0.021402,-0.0106,0.521589,0.086342,0.045655,-0.018996,0.471432,-0.808418,-0.352436,0.841711,0.531724,-0.093762,0.263198,-0.252447,0.931126,-0.000769,-0.002795,-0.001053,0.064837,-0.030707,0.022042,0.522511
85,0.097104,0.01275,0.467747,-0.562222,0.745605,-0.357804,-0.774736,-0.626162,-0.087616,-0.288678,0.227013,0.930139,-2.6e-05,-9.4e-05,-3.5e-05,1.993304,0.431884,-4.949221,0.521393,-0.106156,-0.020168,0.442339,-0.648076,-0.720797,0.245848,0.757178,-0.644222,0.107671,0.081576,0.256846,0.962932,-0.001897,0.011831,-0.009013,-0.623261,-0.499226,0.434873,0.534727,0.026726,0.02459,0.003337,0.65207,0.695444,0.301927,-0.742795,0.665775,0.070695,-0.151851,-0.270369,0.950705,-0.001013,0.006278,-0.0043,-2.162439,-1.485695,0.77952,0.521426,0.086323,0.045617,-0.019005,0.4764,-0.805234,-0.353044,0.837875,0.537482,-0.09527,0.26647,-0.25042,0.930743,-2.3e-05,0.000139,2.2e-05,1.997948,0.434199,-4.946196,0.522674
86,0.097043,0.012791,0.467777,-0.562082,0.745717,-0.357791,-0.774838,-0.626028,-0.087678,-0.288678,0.227016,0.930138,-0.010994,0.0046,0.00243,-0.000984,0.014715,-0.029553,0.521237,-0.106215,-0.019927,0.442205,-0.651104,-0.719389,0.241939,0.75514,-0.645788,0.112493,0.076124,0.256857,0.963376,-0.002229,0.013614,-0.008026,0.035129,-0.000151,0.023156,0.534674,0.026696,0.024713,0.003266,0.655652,0.693898,0.297701,-0.740884,0.667274,0.076389,-0.145642,-0.270647,0.951597,-0.001146,0.006994,-0.003906,0.044257,0.006083,0.019089,0.519956,0.086297,0.045635,-0.018991,0.477666,-0.80448,-0.353051,0.837006,0.538821,-0.095344,0.266934,-0.249963,0.930732,0.000374,0.001346,0.000511,0.002152,-0.007588,0.027855,0.522837
87,0.096992,0.012883,0.467795,-0.561283,0.745784,-0.358904,-0.774416,-0.626186,-0.090237,-0.291346,0.226361,0.929465,0.000194,0.000701,0.000265,0.0,-0.0,0.0,0.521354,-0.106278,-0.019431,0.441988,-0.655691,-0.716773,0.237271,0.75168,-0.64897,0.117254,0.070752,0.256145,0.963974,-0.002145,0.013163,-0.008279,0.035146,-0.000165,0.023145,0.534568,0.026665,0.024961,0.003163,0.660398,0.691249,0.29334,-0.73768,0.670229,0.081363,-0.140363,-0.270123,0.952539,-0.001143,0.006983,-0.003915,0.036882,-0.007163,0.050054,0.520119,0.086269,0.04569,-0.018978,0.476872,-0.804464,-0.354161,0.836584,0.539017,-0.097911,0.269665,-0.249594,0.930044,0.000118,0.000421,0.000159,-0.001924,0.001015,-0.000473,0.522837
88,0.097027,0.012955,0.4678,-0.559909,0.746209,-0.360167,-0.77434,-0.625866,-0.093068,-0.294174,0.225849,0.928698,0.000686,0.002478,0.000934,0.002304,-0.007585,0.027706,0.521345,-0.106442,-0.019126,0.441594,-0.656519,-0.716489,0.235833,0.751116,-0.649389,0.118543,0.069028,0.255874,0.964171,-0.014773,0.011948,-0.023528,0.049654,0.010358,-0.004848,0.534891,0.026586,0.025123,0.002977,0.661333,0.69096,0.29191,-0.73718,0.670607,0.082762,-0.138572,-0.269924,0.952857,-0.000453,0.00329,-0.005953,-0.024186,-0.040742,0.042334,0.520283,0.086286,0.045723,-0.018977,0.475465,-0.80474,-0.355421,0.836452,0.538699,-0.100749,0.272542,-0.24939,0.92926,0.000144,0.000519,0.000196,-0.003855,0.002067,-0.001132,0.523327
89,0.097046,0.013016,0.467769,-0.558828,0.746432,-0.361382,-0.774043,-0.625818,-0.095818,-0.296992,0.225247,0.927947,0.000373,0.001348,0.000508,1e-06,-1e-06,0.0,0.521495,-0.106525,-0.019005,0.441281,-0.656115,-0.716733,0.236214,0.751391,-0.649238,0.117619,0.069873,0.255572,0.964191,-0.000433,0.003984,-0.013344,0.034387,0.007533,-0.004618,0.534891,0.02654,0.02518,0.002825,0.660865,0.69124,0.292309,-0.737438,0.670443,0.081796,-0.139436,-0.269616,0.952819,-0.000192,0.001896,-0.006724,0.036031,0.000411,0.022529,0.520446,0.086296,0.045756,-0.018991,0.47434,-0.804866,-0.356639,0.836148,0.538645,-0.103517,0.27542,-0.249101,0.928489,0.000395,0.005143,-0.00515,0.030812,-0.011021,0.015992,0.523164
90,0.097051,0.013219,0.467687,-0.55611,0.747234,-0.363907,-0.773719,-0.625287,-0.101717,-0.302868,0.224062,0.926334,0.000869,0.003139,0.001181,1e-06,-1e-06,0.0,0.520995,-0.106563,-0.018697,0.440507,-0.653885,-0.720255,0.231645,0.754038,-0.645166,0.122967,0.061694,0.255991,0.964637,-0.00133,0.01046,-0.025308,0.051708,-0.004917,0.024354,0.534451,0.026521,0.025338,0.002423,0.65908,0.694895,0.287633,-0.740522,0.666391,0.086885,-0.131301,-0.270263,0.953791,-0.000629,0.005095,-0.012729,0.058101,-0.000462,0.021941,0.520446,0.086298,0.045855,-0.019033,0.471544,-0.805392,-0.359149,0.835745,0.538106,-0.109411,0.281379,-0.248565,0.926843,-0.00513,0.007315,-0.003984,0.032081,-0.003869,0.014117,0.523654
91,0.097029,0.013448,0.467628,-0.550794,0.748786,-0.368769,-0.773004,-0.624221,-0.113063,-0.314175,0.22185,0.923094,0.001138,0.004109,0.001543,0.065315,-0.041567,0.048647,0.520143,-0.106561,-0.018368,0.439567,-0.645476,-0.727699,0.231962,0.761319,-0.637008,0.120616,0.060791,0.255376,0.964858,-0.000935,0.008341,-0.026482,-0.315024,-0.192742,-1.581206,0.534348,0.026521,0.025502,0.001952,0.65123,0.702265,0.287613,-0.747554,0.658885,0.083856,-0.130615,-0.269616,0.954068,-0.000433,0.004037,-0.013318,-0.310972,-0.200978,-1.599994,0.520936,0.086286,0.045969,-0.019063,0.466107,-0.806391,-0.363973,0.834864,0.537054,-0.120722,0.292822,-0.247599,0.923552,0.00042,0.001516,0.000568,0.223687,-0.120485,0.074381,0.524144
92,0.097044,0.01351,0.467641,-0.547276,0.750123,-0.37128,-0.773156,-0.622924,-0.119027,-0.319891,0.22098,0.921339,0.000851,0.00307,0.001152,0.018672,-0.060404,0.219033,0.520334,-0.106612,-0.018244,0.439067,-0.627689,-0.742965,0.232382,0.776407,-0.618782,0.119303,0.055936,0.256252,0.964919,-0.000697,0.007061,-0.027195,-0.046104,-0.052177,-0.461812,0.534293,0.026496,0.025561,0.001712,0.633885,0.718137,0.287172,-0.763133,0.641112,0.081251,-0.12576,-0.270654,0.954426,-0.006689,0.002275,-0.013813,-0.315722,-0.182552,-1.629539,0.520936,0.086295,0.046003,-0.019055,0.462564,-0.807299,-0.366473,0.834778,0.535814,-0.126678,0.298629,-0.247327,0.921764,0.000223,0.000804,0.000302,-0.008478,0.004528,-0.0026,0.524307
93,0.09709,0.013508,0.467638,-0.538982,0.753577,-0.376386,-0.774066,-0.619266,-0.131541,-0.331546,0.219508,0.917563,-0.000269,-0.000973,-0.000365,0.015862,-0.052521,0.191166,0.520617,-0.106896,-0.018063,0.43794,-0.587173,-0.775587,0.231697,0.808308,-0.576564,0.118933,0.042073,0.258101,0.96513,-0.012994,0.002233,-0.028923,-0.048805,-0.02898,-0.519688,0.534075,0.026363,0.025653,0.00116,0.59546,0.751311,0.28453,-0.795503,0.600888,0.078151,-0.112254,-0.27288,0.955476,-0.006596,0.001681,-0.014204,-1.218011,-0.64236,-5.353008,0.520936,0.086319,0.046008,-0.019055,0.453925,-0.809893,-0.371517,0.835253,0.531968,-0.139147,0.31033,-0.247148,0.917939,-0.000205,-0.00074,-0.000277,0.008229,-0.048461,0.188826,0.524634
94,0.097232,0.013426,0.467468,-0.527939,0.758185,-0.382728,-0.775133,-0.614255,-0.147753,-0.346467,0.217713,0.912463,0.010698,0.001813,-0.014178,0.050319,-0.073379,0.210508,0.507031,-0.107377,-0.017871,0.436622,-0.569456,-0.789346,0.229443,0.821277,-0.557571,0.120634,0.033414,0.258133,0.965461,-0.012671,0.000355,-0.029995,0.067562,0.022192,-0.010859,0.52642,0.026123,0.025747,0.000506,0.577002,0.76676,0.28133,-0.810206,0.580846,0.078629,-0.10312,-0.273305,0.956383,-0.006926,0.0043,-0.020465,0.107207,0.026322,0.012299,0.521262,0.086382,0.045968,-0.019133,0.442468,-0.813329,-0.377778,0.835698,0.526772,-0.155301,0.325314,-0.246992,0.912778,-0.000494,-0.001793,-0.000676,0.006756,-0.047814,0.18836,0.524797
95,0.097469,0.01344,0.46716,-0.530896,0.753466,-0.387923,-0.765501,-0.622693,-0.161964,-0.362938,0.210028,0.90785,0.011148,0.003433,-0.013566,2.390397,-1.242768,0.832233,0.493614,-0.107978,-0.017711,0.435144,-0.549645,-0.802879,0.230795,0.834759,-0.537977,0.117012,0.030896,0.257992,0.965582,-0.013369,0.005564,-0.042692,0.101986,0.029553,-0.015577,0.511685,0.025812,0.025832,-0.000259,0.557534,0.780881,0.281745,-0.82401,0.561773,0.073597,-0.100807,-0.273194,0.956662,-0.00663,0.002603,-0.021433,0.101852,0.030393,-0.013829,0.521099,0.086503,0.045967,-0.01929,0.446977,-0.808891,-0.381976,0.82749,0.536087,-0.16694,0.339809,-0.241463,0.908969,-0.000391,-0.001443,-0.000545,0.013651,-0.050511,0.186912,0.524634
96,0.097563,0.013469,0.466995,-0.546029,0.74236,-0.388329,-0.751908,-0.638603,-0.163683,-0.368828,0.201685,0.907368,0.011307,0.004006,-0.013349,0.057684,-0.078974,0.225963,0.49142,-0.108285,-0.017615,0.434284,-0.539574,-0.809469,0.231539,0.841339,-0.528089,0.114915,0.02992,0.257834,0.965655,-0.014666,0.014146,-0.053467,0.134168,0.027173,-0.005648,0.503004,0.02567,0.02587,-0.000654,0.547667,0.787766,0.281928,-0.830736,0.552112,0.071053,-0.099683,-0.273121,0.9568,-0.006539,0.002062,-0.021748,0.066795,0.013069,-0.159449,0.521262,0.08655,0.045978,-0.019369,0.462233,-0.799522,-0.383541,0.815117,0.553403,-0.171255,0.349175,-0.233471,0.907505,-0.000342,-0.001272,-0.00048,0.070993,-0.027266,0.05445,0.524797
97,0.097612,0.013525,0.466672,-0.562565,0.728534,-0.390901,-0.73325,-0.65802,-0.171252,-0.381291,0.189377,0.904865,-0.001217,-0.004424,-0.001669,-0.001975,0.007654,-0.027961,0.491219,-0.108793,-0.017353,0.432608,-0.538609,-0.809717,0.232916,0.841804,-0.528236,0.110755,0.03402,0.25675,0.965808,-0.013808,0.007727,-0.04151,0.102947,0.020945,0.011869,0.489603,0.025417,0.025993,-0.001496,0.546626,0.788012,0.283257,-0.830924,0.55235,0.066886,-0.10375,-0.271927,0.956708,-0.000425,0.004757,-0.020738,0.104352,0.014213,0.01469,0.521426,0.08658,0.046016,-0.019538,0.480007,-0.787618,-0.386329,0.798622,0.574564,-0.179102,0.363035,-0.222561,0.904804,-0.000339,0.002453,-0.006157,0.044721,-0.063848,0.206882,0.524634
98,0.097728,0.013493,0.466363,-0.576341,0.712457,-0.400352,-0.712534,-0.677923,-0.180795,-0.399506,0.180174,0.898866,-0.001066,0.003559,-0.012823,-0.168376,-0.482133,-0.126698,0.494032,-0.109155,-0.016865,0.431033,-0.538069,-0.809763,0.234001,0.841981,-0.528798,0.106654,0.03804,0.255438,0.966006,-0.014838,0.013377,-0.038279,0.102994,0.020713,0.011781,0.467872,0.025232,0.026235,-0.002308,0.546046,0.788029,0.284327,-0.830784,0.553051,0.062697,-0.107841,-0.27045,0.956674,-0.001007,0.007977,-0.018898,0.105244,0.005573,0.041815,0.521262,0.086638,0.045996,-0.019688,0.495822,-0.773836,-0.394127,0.779982,0.596364,-0.189674,0.38182,-0.213368,0.899269,0.005258,-0.003204,-0.001559,-0.219397,-0.592073,0.091307,0.524634
99,0.097889,0.01341,0.466257,-0.578969,0.707065,-0.406078,-0.704054,-0.684663,-0.188459,-0.410565,0.175904,0.894718,0.010381,-0.006845,-0.003279,-0.189434,-0.464103,-0.12153,0.494809,-0.109314,-0.016542,0.430277,-0.532796,-0.813063,0.234623,0.845302,-0.5239,0.104528,0.03859,0.255051,0.966087,-0.00351,0.025492,-0.047988,0.140387,0.004353,0.063787,0.451381,0.025148,0.026394,-0.002682,0.540811,0.791504,0.284682,-0.834133,0.548258,0.060277,-0.10837,-0.270061,0.956724,-0.007549,0.007546,-0.018639,0.095997,0.080094,-0.177263,0.505423,0.086714,0.045957,-0.019745,0.498995,-0.768816,-0.399907,0.772234,0.603893,-0.1974,0.393266,-0.21032,0.895045,0.005357,-0.002844,-0.001426,-0.19317,-0.563831,0.05911,0.524634
100,0.098382,0.013266,0.466033,-0.590545,0.688751,-0.420624,-0.681356,-0.70477,-0.197548,-0.431777,0.169072,0.886009,0.022572,-0.007126,-0.004072,-0.113008,-0.401269,0.168587,0.495593,-0.109569,-0.01589,0.428939,-0.507923,-0.828553,0.235596,0.860638,-0.499088,0.100733,0.034747,0.254977,0.966252,-0.001427,0.010907,-0.025039,0.069716,0.006339,0.018014,0.425958,0.025019,0.026727,-0.003358,0.516406,0.807757,0.284345,-0.849931,0.524016,0.054975,-0.104595,-0.270064,0.957143,-0.001419,0.010262,-0.017571,0.104868,-0.00181,0.069581,0.460518,0.086963,0.045879,-0.01986,0.512152,-0.751192,-0.416423,0.751782,0.626535,-0.205612,0.415358,-0.207755,0.885614,0.011309,-0.003507,-0.00202,-0.132285,-0.429642,0.157664,0.524797
101,0.098854,0.013265,0.465834,-0.599196,0.671309,-0.436295,-0.665508,-0.720514,-0.194757,-0.44436,0.17282,0.879036,0.012275,0.007537,-0.012,-0.148561,-0.579649,0.115829,0.494223,-0.109634,-0.015266,0.427805,-0.477956,-0.846016,0.236234,0.877844,-0.468847,0.097504,0.028856,0.255051,0.966426,-0.00181,0.013054,-0.023789,0.02871,0.043194,-0.288093,0.416536,0.024987,0.027038,-0.003925,0.487216,0.826032,0.283356,-0.867677,0.494595,0.050096,-0.098766,-0.27027,0.957704,-0.000838,0.006259,-0.012042,-0.048112,-0.043055,-0.46628,0.435045,0.087193,0.045872,-0.019956,0.522934,-0.735064,-0.431531,0.737611,0.643964,-0.203074,0.427164,-0.212108,0.878943,0.006089,-0.000172,-0.000416,-0.26598,-0.792952,0.057184,0.52496
102,0.099186,0.013398,0.465621,-0.600198,0.660057,-0.45181,-0.657225,-0.728853,-0.191835,-0.455185,0.180976,0.871827,0.000532,0.009431,-0.010596,0.671647,-0.075523,-1.317587,0.493254,-0.109752,-0.014762,0.426832,-0.457306,-0.85716,0.236939,0.888874,-0.448183,0.094697,0.025584,0.254999,0.966532,-0.00161,0.011932,-0.024426,-1.239687,-0.517103,-5.32348,0.41074,0.024928,0.027295,-0.004404,0.471638,0.835051,0.283276,-0.876443,0.479257,0.046456,-0.096969,-0.270186,0.957912,-0.007203,0.004835,-0.012351,0.060902,0.082593,-0.198899,0.419369,0.087365,0.045943,-0.020061,0.523455,-0.724671,-0.448158,0.731534,0.651906,-0.199688,0.436865,-0.223316,0.871365,0.005892,-0.000611,-0.000613,2.365109,0.607965,-4.686256,0.52447
103,0.09929,0.013513,0.465457,-0.602026,0.651291,-0.461985,-0.650584,-0.735477,-0.18917,-0.462241,0.18586,0.867073,0.000353,0.008771,-0.010843,-0.137199,-0.550837,0.088261,0.494324,-0.10983,-0.014607,0.426421,-0.457037,-0.857211,0.237271,0.888981,-0.448211,0.093564,0.026705,0.254777,0.966561,-0.001473,0.01116,-0.02487,0.063857,0.058292,-0.14371,0.410282,0.024888,0.027375,-0.004613,0.466515,0.837924,0.283276,-0.879222,0.474275,0.045057,-0.096596,-0.270082,0.957979,-0.0006,0.004897,-0.012825,0.069896,0.006572,0.019456,0.413654,0.087418,0.046006,-0.020147,0.527379,-0.715445,-0.458267,0.724527,0.660418,-0.197248,0.443768,-0.228003,0.86665,0.000177,0.00436,-0.005434,-0.148484,-0.577792,0.080778,0.52398
104,0.09946,0.013819,0.464947,-0.612171,0.626614,-0.482335,-0.628189,-0.7558,-0.184704,-0.479532,0.189143,0.856913,0.000135,0.015424,-0.022477,-0.063944,-0.638305,-0.048326,0.496011,-0.109921,-0.014449,0.425567,-0.456824,-0.857192,0.237749,0.889026,-0.448547,0.091495,0.028774,0.254248,0.96664,0.000458,-0.001132,-0.016336,0.034382,0.007524,-0.004671,0.410417,0.024842,0.027461,-0.005042,0.466211,0.837922,0.283782,-0.87915,0.474604,0.042948,-0.098697,-0.26951,0.957925,-0.006826,0.002674,-0.013605,0.067982,0.021421,-0.010285,0.408102,0.087503,0.046155,-0.020393,0.54027,-0.692418,-0.478189,0.704456,0.682987,-0.193054,0.460271,-0.232562,0.856775,0.005671,0.002016,-0.006661,-0.008114,-0.795742,-0.4079,0.523001
105,0.099569,0.014311,0.464182,-0.619048,0.601389,-0.505129,-0.605538,-0.775011,-0.180704,-0.49939,0.193257,0.844564,0.01213,0.021986,-0.034803,0.161652,-0.594836,-0.293042,0.496548,-0.109952,-0.014353,0.424719,-0.456921,-0.857057,0.238049,0.888914,-0.449154,0.089592,0.030697,0.253627,0.966744,-0.000754,0.007118,-0.027233,0.069782,0.006128,0.01804,0.410129,0.024827,0.027506,-0.005473,0.466304,0.837766,0.284091,-0.878881,0.475271,0.041042,-0.100637,-0.268821,0.957918,-0.000352,0.003492,-0.013655,0.069965,0.006144,0.018656,0.40402,0.087553,0.046396,-0.020771,0.549381,-0.668198,-0.501688,0.684248,0.70437,-0.188853,0.479566,-0.239527,0.844181,1.2e-05,0.003718,-0.00567,0.624962,-0.503835,-1.39967,0.519898
106,0.09964,0.014651,0.463702,-0.61357,0.596233,-0.517768,-0.603731,-0.776777,-0.179157,-0.508252,0.20192,0.837218,0.000525,0.016867,-0.021898,-0.215575,-0.917047,0.008342,0.495286,-0.10998,-0.014257,0.424271,-0.467189,-0.851469,0.238174,0.883412,-0.460082,0.088551,0.034756,0.252854,0.966809,-0.013903,0.006515,-0.026551,0.067749,0.021314,-0.011181,0.410354,0.024818,0.027549,-0.005683,0.476415,0.831832,0.28475,-0.872977,0.486062,0.040656,-0.104588,-0.267949,0.957738,-0.000545,0.004574,-0.013023,0.070983,0.005569,0.018314,0.402387,0.087587,0.046558,-0.021004,0.545532,-0.662867,-0.512836,0.682132,0.706696,-0.18782,0.486919,-0.24736,0.837688,0.000289,0.00847,-0.010936,-0.021367,-0.414793,0.112101,0.517775
107,0.099832,0.01545,0.46266,-0.603143,0.591603,-0.535043,-0.604527,-0.776584,-0.177305,-0.519656,0.215766,0.826698,0.012364,0.015442,-0.023089,0.003009,-0.337321,0.192513,0.495722,-0.110069,-0.013878,0.423448,-0.49332,-0.835894,0.240639,0.868661,-0.487456,0.088021,0.044332,0.253516,0.966244,-0.002079,0.014563,-0.022876,0.100983,0.020073,0.193039,0.408692,0.024771,0.027729,-0.006106,0.501741,0.815369,0.288836,-0.857458,0.512857,0.041731,-0.114106,-0.268604,0.956467,-0.001023,0.007259,-0.011448,0.199708,0.038038,0.503562,0.397815,0.087688,0.046973,-0.021546,0.534138,-0.656391,-0.532772,0.683321,0.70627,-0.185073,0.497762,-0.2652,0.825772,0.006214,0.007771,-0.011526,0.033755,-0.231324,0.236382,0.512713
108,0.099987,0.016397,0.461327,-0.603976,0.577236,-0.549597,-0.597926,-0.784052,-0.166491,-0.526272,0.227338,0.819379,0.000664,0.032254,-0.044227,-0.243999,-0.715068,0.16517,0.493582,-0.110263,-0.013226,0.422602,-0.504581,-0.82844,0.243058,0.861874,-0.499509,0.087168,0.049817,0.254518,0.965713,-0.002671,0.017901,-0.020905,0.066692,0.004046,0.047862,0.40916,0.024674,0.028055,-0.006529,0.512736,0.807432,0.291814,-0.850171,0.524864,0.041537,-0.119625,-0.269389,0.955572,-0.002025,0.013614,-0.015565,0.117335,-0.020526,0.066231,0.394712,0.087766,0.047438,-0.022194,0.537514,-0.643477,-0.54499,0.677429,0.714382,-0.175345,0.502162,-0.274942,0.819901,0.000125,0.011551,-0.016792,-0.619449,0.245807,-0.160519,0.509937
109,0.100172,0.017578,0.45966,-0.603609,0.573049,-0.554361,-0.599618,-0.784488,-0.158142,-0.524768,0.236231,0.817827,0.000786,0.032681,-0.043973,3.208124,0.741497,-4.269062,0.49094,-0.110454,-0.012406,0.421675,-0.517505,-0.818394,0.24982,0.853818,-0.512796,0.089268,0.055689,0.260535,0.963786,-0.0027,0.018071,-0.020786,-0.078608,0.259026,0.152281,0.402132,0.024577,0.02847,-0.006989,0.524679,0.797291,0.298391,-0.841999,0.537693,0.043839,-0.12549,-0.274247,0.953436,-0.002017,0.013578,-0.015571,-0.120999,0.397997,0.238281,0.39014,0.087858,0.048026,-0.023028,0.533041,-0.641515,-0.551656,0.683679,0.710688,-0.165843,0.498447,-0.288754,0.817417,0.000363,0.016121,-0.022071,0.161794,-0.068833,0.2746,0.501283
110,0.100162,0.018234,0.45878,-0.60413,0.572012,-0.554864,-0.60264,-0.783459,-0.15162,-0.520697,0.242069,0.818721,-0.011044,0.03399,-0.042752,-0.510332,0.213985,-0.188955,0.492876,-0.110533,-0.012005,0.421183,-0.528586,-0.810618,0.251967,0.846697,-0.524426,0.089526,0.060219,0.26169,0.963201,-0.002518,0.017042,-0.021378,0.028046,0.069852,0.07209,0.392505,0.024537,0.028673,-0.007234,0.535558,0.788627,0.302065,-0.834424,0.549242,0.045473,-0.130046,-0.276404,0.952201,-0.001892,0.012881,-0.015971,0.081298,0.043713,0.093126,0.380343,0.087854,0.048369,-0.023484,0.537209,-0.637675,-0.552064,0.682387,0.713292,-0.159878,0.495734,-0.290834,0.818329,-0.005494,0.016986,-0.02138,-0.560055,0.282354,-0.210144,0.50014
111,0.100022,0.019523,0.456989,-0.601627,0.573249,-0.556307,-0.606104,-0.781176,-0.14958,-0.519577,0.24647,0.818119,0.000181,0.037738,-0.055964,0.188283,-0.12044,0.248097,0.494805,-0.110715,-0.011274,0.420066,-0.554857,-0.791442,0.256408,0.828861,-0.55214,0.089805,0.071184,0.263359,0.961997,-0.003116,0.021837,-0.034222,0.095716,0.020971,0.047834,0.371808,0.024444,0.02905,-0.007798,0.560997,0.76848,0.307766,-0.815717,0.576507,0.047377,-0.141021,-0.277629,0.950281,-0.00152,0.010794,-0.017174,0.122456,-0.017885,0.038896,0.353889,0.087784,0.049016,-0.024379,0.534747,-0.638757,-0.553203,0.68563,0.710642,-0.157789,0.493918,-0.294916,0.817965,9.5e-05,0.018757,-0.028022,0.199569,-0.113844,0.256209,0.501773
112,0.099943,0.020626,0.455135,-0.59651,0.576923,-0.558016,-0.606392,-0.779364,-0.157643,-0.52511,0.243618,0.815437,0.010159,0.022088,-0.048439,0.14133,-0.063103,0.071658,0.487211,-0.110888,-0.010585,0.418772,-0.580433,-0.771381,0.260882,0.810085,-0.57934,0.089785,0.082599,0.26443,0.96079,-0.002735,0.019684,-0.035461,0.1431,0.011725,0.212454,0.3584,0.02436,0.029378,-0.008419,0.585158,0.747932,0.313346,-0.796526,0.602605,0.049101,-0.1521,-0.278321,0.948367,-0.00121,0.009079,-0.018177,0.54875,0.140515,1.647834,0.330702,0.087742,0.049562,-0.025286,0.52931,-0.641913,-0.554777,0.685693,0.708744,-0.165847,0.499655,-0.292623,0.815301,-0.000524,0.016413,-0.028858,0.19025,-0.121746,0.248674,0.493772
113,0.099937,0.021091,0.454184,-0.595462,0.577358,-0.558685,-0.605426,-0.779549,-0.160419,-0.527407,0.241996,0.814437,-0.001956,0.022289,-0.047655,0.140304,-0.048548,0.042059,0.486605,-0.11095,-0.010263,0.418093,-0.59512,-0.759325,0.263153,0.798658,-0.595004,0.089724,0.089184,0.264529,0.960174,-0.002353,0.017522,-0.036724,0.106014,0.026749,0.090808,0.347472,0.024328,0.029549,-0.008771,0.599698,0.735016,0.316406,-0.784306,0.618346,0.050103,-0.158822,-0.278206,0.947299,-0.001128,0.008597,-0.01845,0.154751,0.006988,0.186129,0.318456,0.087744,0.049795,-0.025762,0.528204,-0.642247,-0.555444,0.684746,0.709001,-0.168636,0.502117,-0.291264,0.814274,-0.001052,0.010745,-0.023978,0.138581,-0.039794,0.014464,0.490343
114,0.099988,0.021891,0.452133,-0.595,0.576662,-0.559894,-0.602134,-0.781186,-0.164787,-0.531674,0.238361,0.812733,-0.003384,0.016931,-0.049653,0.124936,0.021008,-0.174202,0.484917,-0.111122,-0.009546,0.416499,-0.636623,-0.723169,0.267823,0.76363,-0.639437,0.08901,0.107675,0.262102,0.958943,-0.003406,0.024883,-0.04804,0.232895,0.115,0.566136,0.308984,0.024242,0.029902,-0.009565,0.639327,0.697827,0.322951,-0.748295,0.661288,0.052457,-0.176958,-0.2752,0.94496,-0.000938,0.007553,-0.019065,0.512793,0.218404,1.67436,0.277959,0.087766,0.05019,-0.026763,0.527763,-0.641576,-0.556637,0.681734,0.71086,-0.172962,0.506659,-0.288195,0.812551,-0.001856,0.007729,-0.025112,0.138421,-0.039959,0.014502,0.486914
115,0.100087,0.022469,0.449855,-0.59257,0.577163,-0.56195,-0.598522,-0.782308,-0.172446,-0.538417,0.233431,0.809719,0.006306,0.014929,-0.065105,0.174755,-0.069355,0.061464,0.451009,-0.111233,-0.008816,0.414709,-0.691242,-0.671052,0.268077,0.710646,-0.698396,0.084612,0.131304,0.249849,0.95927,-0.002724,0.021016,-0.050315,0.587833,0.152544,1.638997,0.256196,0.024181,0.030266,-0.010442,0.688746,0.647914,0.325323,-0.697223,0.714949,0.052207,-0.198764,-0.262781,0.94416,-0.001288,0.010237,-0.025306,0.183497,0.021423,0.175311,0.215093,0.087815,0.050487,-0.027893,0.525405,-0.641747,-0.558668,0.678167,0.712387,-0.180536,0.513846,-0.284016,0.809503,0.00282,0.002403,-0.027499,0.135378,-0.044798,0.01562,0.4634
116,0.100157,0.022769,0.44738,-0.593948,0.570658,-0.567117,-0.585256,-0.7901,-0.18218,-0.551309,0.222988,0.803966,-0.007409,0.009214,-0.066749,0.15221,-0.111301,-0.016127,0.404735,-0.111228,-0.008252,0.41293,-0.736953,-0.620162,0.268868,0.658647,-0.748129,0.080134,0.152368,0.236935,0.959432,-0.000756,0.00849,-0.042093,1.594095,0.527687,5.172107,0.204688,0.024187,0.030558,-0.011349,0.73319,0.595691,0.327998,-0.643628,0.76357,0.051982,-0.219484,-0.249222,0.943246,-0.000322,0.004101,-0.021123,0.147258,0.024588,0.153574,0.141612,0.087857,0.050644,-0.029155,0.527351,-0.63532,-0.564152,0.665669,0.721563,-0.190343,0.528001,-0.275161,0.80343,0.001913,0.002613,-0.034476,0.14922,-0.106659,-0.010564,0.402655
117,0.100194,0.022807,0.446127,-0.599944,0.563625,-0.567838,-0.574343,-0.797461,-0.18482,-0.556258,0.214546,0.802854,0.003203,-0.004245,-0.05871,1.076737,0.269028,-1.341716,0.382213,-0.111192,-0.008077,0.412051,-0.761077,-0.589348,0.270965,0.627079,-0.775235,0.075609,0.166449,0.228213,0.959207,-0.0006,0.007621,-0.042639,1.613978,0.434414,5.357543,0.191483,0.024205,0.030645,-0.011789,0.756244,0.56431,0.331131,-0.611257,0.789854,0.049941,-0.233363,-0.240174,0.942261,-0.000235,0.00361,-0.021431,0.144227,0.021465,0.154562,0.110423,0.087871,0.050666,-0.029785,0.532981,-0.63001,-0.564815,0.656914,0.728827,-0.193064,0.533285,-0.268136,0.802314,0.001746,0.002319,-0.034676,3.320124,0.967471,-4.391252,0.368691
118,0.100144,0.022706,0.443913,-0.605112,0.554541,-0.571287,-0.561561,-0.805883,-0.187544,-0.563645,0.206632,0.799771,0.003412,-0.010965,-0.047469,3.257085,1.013885,-4.447793,0.361707,-0.111122,-0.007999,0.410664,-0.792044,-0.542406,0.280096,0.579209,-0.812563,0.064745,0.193464,0.21421,0.957366,0.000729,-0.001277,-0.032319,2.231168,1.774393,0.001874,0.184013,0.024241,0.030683,-0.012501,0.788594,0.511969,0.340595,-0.557181,0.829246,0.043572,-0.26013,-0.224134,0.939199,0.000404,-0.00068,-0.01618,2.182268,1.834854,0.020762,0.081358,0.087844,0.050602,-0.030919,0.539097,-0.621544,-0.56838,0.645045,0.73861,-0.195885,0.541563,-0.26103,0.799106,0.001639,-0.0055,-0.023798,3.266971,1.022692,-4.435138,0.316438
119,0.099976,0.022367,0.442282,-0.605422,0.553506,-0.571962,-0.558883,-0.807238,-0.189704,-0.565965,0.204115,0.798779,0.004216,-0.015418,-0.035303,0.06657,-0.015919,-0.017468,0.376565,-0.111093,-0.008233,0.409541,-0.813295,-0.501355,0.295272,0.53705,-0.842034,0.049909,0.22462,0.199809,0.95367,0.002136,-0.010631,-0.022302,1.089395,0.69952,1.37407,0.184323,0.024255,0.030569,-0.013043,0.805254,0.474399,0.355683,-0.518321,0.85452,0.033726,-0.287939,-0.211516,0.933997,0.001097,-0.005355,-0.011168,-0.064878,0.105977,0.221019,0.074663,0.087757,0.050433,-0.031723,0.540639,-0.619662,-0.56897,0.641249,0.741331,-0.198059,0.544525,-0.257773,0.79815,-0.003634,-0.006284,-0.016757,0.065348,-0.001047,-0.046495,0.31007
120,0.099849,0.022104,0.441694,-0.604355,0.553803,-0.572802,-0.557334,-0.807566,-0.192839,-0.568624,0.202005,0.797426,-0.00733,-0.019909,-0.022464,0.030326,0.013645,-0.064129,0.395876,-0.111076,-0.008405,0.40907,-0.820858,-0.481423,0.30727,0.517876,-0.854205,0.045511,0.241584,0.197104,0.950079,0.002102,-0.010439,-0.022226,1.005488,0.799928,1.619501,0.184514,0.024263,0.030486,-0.013283,0.811415,0.454672,0.367256,-0.498979,0.866086,0.030207,-0.304341,-0.207764,0.929628,0.001068,-0.005213,-0.011105,-0.277389,0.434236,0.346971,0.072703,0.087698,0.050302,-0.032022,0.539475,-0.619889,-0.569827,0.639729,0.741773,-0.201288,0.547459,-0.255945,0.79673,-0.003284,-0.004946,-0.01624,0.060685,0.00116,-0.049361,0.323949
121,0.099594,0.021461,0.440829,-0.598716,0.55287,-0.579585,-0.554118,-0.808342,-0.198766,-0.577656,0.201461,0.791046,-0.006147,-0.015446,-0.020724,-0.015609,-0.374657,-0.11793,0.433229,-0.110985,-0.008807,0.408263,-0.83268,-0.44211,0.33343,0.480313,-0.876236,0.037997,0.276401,0.19236,0.941522,0.001713,-0.00824,-0.020951,0.441488,0.813333,0.448086,0.184439,0.024309,0.030284,-0.013693,0.822788,0.410376,0.393205,-0.45592,0.889654,0.025516,-0.339346,-0.200264,0.919096,0.000946,-0.004678,-0.010826,0.09926,0.697302,2.217474,0.070417,0.087572,0.049985,-0.032448,0.534564,-0.619095,-0.575293,0.636642,0.742675,-0.207653,0.555813,-0.255252,0.791149,-0.00317,-0.011828,-0.004972,0.517783,-1.019765,0.13585,0.371957
122,0.099373,0.020789,0.440257,-0.597386,0.541528,-0.591542,-0.537532,-0.81772,-0.205829,-0.594441,0.194335,0.780321,-0.005196,-0.011873,-0.019305,0.181213,-0.370177,0.189361,0.446797,-0.110841,-0.009174,0.407529,-0.850118,-0.381221,0.363264,0.417961,-0.908071,0.025478,0.321216,0.173983,0.930813,0.001571,-0.007414,-0.020504,1.899824,1.811225,-0.143089,0.184416,0.024382,0.030094,-0.014063,0.836471,0.347175,0.42401,-0.391279,0.920085,0.018545,-0.383688,-0.181418,0.905467,0.007235,-0.002321,-0.009953,-0.134895,0.221187,0.688663,0.069111,0.087459,0.049641,-0.032743,0.53393,-0.606552,-0.589077,0.620905,0.754174,-0.213769,0.573929,-0.251624,0.779288,-0.002771,-0.01031,-0.004372,0.665581,-0.544693,0.287506,0.404942
123,0.099131,0.020141,0.439973,-0.600725,0.515371,-0.611202,-0.509135,-0.835998,-0.2046,-0.615667,0.187629,0.765361,-0.004756,-0.024943,0.003615,0.011041,-0.82454,-0.563828,0.46446,-0.11072,-0.009413,0.406909,-0.858238,-0.324928,0.397292,0.357219,-0.93395,0.008124,0.369479,0.149316,0.917089,0.000566,-0.001742,-0.017012,0.533452,0.610551,0.226132,0.187335,0.024444,0.029966,-0.014385,0.839716,0.289947,0.459136,-0.328263,0.944578,0.003855,-0.432572,-0.153955,0.888357,0.000258,-0.00064,-0.00836,0.622087,0.576849,0.178346,0.07058,0.087338,0.04932,-0.032894,0.540697,-0.582765,-0.606655,0.59491,0.774771,-0.214032,0.594749,-0.245179,0.76561,-0.007819,-0.005968,-0.002269,0.90345,-0.098653,-1.287615,0.426006
124,0.099008,0.019853,0.439927,-0.599313,0.504581,-0.621503,-0.495174,-0.843631,-0.207512,-0.628287,0.182754,0.75623,-0.003975,-0.022037,0.004844,-0.18099,-0.667329,0.111791,0.474764,-0.110637,-0.009526,0.406666,-0.859415,-0.296173,0.416747,0.323375,-0.946221,-0.005318,0.39698,0.130583,0.908415,0.001989,-0.01117,-0.00699,0.512513,0.705939,0.115705,0.186398,0.024485,0.029917,-0.014501,0.838986,0.261133,0.4774,-0.293531,0.955923,-0.007027,-0.458194,-0.134236,0.878657,0.001018,-0.005601,-0.003521,2.033222,1.947883,-0.183039,0.069927,0.087276,0.049175,-0.032918,0.540018,-0.570517,-0.61878,0.58129,0.7845,-0.216011,0.608671,-0.243041,0.75528,-0.007337,-0.004174,-0.001506,-0.210314,-0.779589,-0.130572,0.440049
125,0.098776,0.019452,0.43988,-0.594467,0.479309,-0.645691,-0.464219,-0.860155,-0.211201,-0.655891,0.173587,0.734643,-0.001836,-0.006757,-0.002912,0.177988,-0.624541,-0.190985,0.492929,-0.11061,-0.010003,0.406252,-0.85282,-0.258648,0.453641,0.271383,-0.961691,-0.03788,0.447121,0.091147,0.88974,0.002859,-0.016064,-0.010105,3.017849,0.621542,4.062104,0.187654,0.024496,0.029691,-0.014701,0.827669,0.227471,0.51305,-0.244159,0.969074,-0.035774,-0.505322,-0.095657,0.857612,-0.005129,-0.008892,-0.005034,1.913741,1.922131,-1.353275,0.069927,0.087164,0.048969,-0.032939,0.537249,-0.545969,-0.642869,0.553542,0.803333,-0.219649,0.63636,-0.237848,0.733806,-0.001014,-0.003465,-0.001538,3.330293,0.094933,-4.043412,0.466012
126,0.098557,0.019333,0.439772,-0.582485,0.455114,-0.673519,-0.433995,-0.874676,-0.215783,-0.686598,0.166041,0.707843,-0.000925,-0.003395,-0.001466,-0.229987,-1.202385,-0.020191,0.504115,-0.110516,-0.010699,0.405839,-0.845879,-0.22703,0.482636,0.222766,-0.972545,-0.066819,0.485606,0.051298,0.872593,0.003298,-0.018532,-0.011733,0.109332,0.540543,-0.669298,0.187248,0.024543,0.029344,-0.014907,0.819219,0.190963,0.540752,-0.18776,0.980273,-0.061728,-0.541872,-0.050963,0.838913,0.008188,-0.008216,-0.005776,0.667357,0.387656,0.620092,0.069274,0.087049,0.048908,-0.032993,0.52933,-0.520787,-0.669768,0.523704,0.821651,-0.224992,0.667489,-0.231666,0.707663,-0.006377,-0.000581,3.6e-05,-0.047271,-0.682716,0.036981,0.48773
127,0.09843,0.019324,0.439752,-0.572484,0.447245,-0.687226,-0.421883,-0.879314,-0.220889,-0.702372,0.162912,0.692935,-0.000437,-0.001602,-0.000692,-0.156651,-1.311683,0.205558,0.507865,-0.110363,-0.010986,0.405589,-0.844451,-0.207107,0.493963,0.192427,-0.977943,-0.080834,0.500859,0.02707,0.865026,0.016038,-0.014517,-0.010386,0.190988,0.33762,-0.471809,0.187642,0.024622,0.029188,-0.01504,0.816043,0.171236,0.552042,-0.156754,0.984877,-0.073779,-0.556328,-0.026328,0.830544,0.008037,-0.007333,-0.005236,0.20951,0.285575,-0.487219,0.069274,0.086986,0.048904,-0.033003,0.520331,-0.511876,-0.683547,0.512091,0.827584,-0.229923,0.683386,-0.230403,0.692745,-0.006084,0.00051,0.000507,0.153413,-0.801077,0.193946,0.496058
128,0.098118,0.019362,0.439816,-0.555669,0.435133,-0.708475,-0.404708,-0.885873,-0.226743,-0.725597,0.160184,0.669237,-0.011443,0.003718,0.002164,0.254535,-0.647927,0.003947,0.51557,-0.109968,-0.011352,0.40499,-0.837925,-0.176956,0.516294,0.145673,-0.984164,-0.100671,0.526974,-0.008902,0.849754,0.001102,-0.00467,-0.019039,-0.130737,0.693698,-0.464238,0.188441,0.024819,0.029002,-0.015335,0.808173,0.140965,0.571824,-0.108134,0.989942,-0.091211,-0.578931,0.01188,0.815289,0.007142,-0.001472,-0.009556,-0.036035,0.912787,-0.08037,0.069437,0.086834,0.048922,-0.032972,0.503324,-0.49729,-0.706658,0.49618,0.835865,-0.234806,0.707438,-0.232446,0.667456,-0.005629,0.002199,0.001235,1.048307,-0.429586,-1.010824,0.507488
129,0.097725,0.019509,0.439878,-0.537625,0.424417,-0.728612,-0.391918,-0.890824,-0.229792,-0.745929,0.161481,0.646174,-0.011593,0.003161,0.001924,-0.106281,-0.735143,0.135026,0.519223,-0.109538,-0.011432,0.404288,-0.831591,-0.149142,0.534981,0.106174,-0.988185,-0.110232,0.546134,-0.034659,0.836899,0.013858,-0.000514,-0.017598,2.747695,0.023419,4.269832,0.190851,0.025029,0.028961,-0.015686,0.798718,0.11779,0.590062,-0.073829,0.992426,-0.098175,-0.597158,0.03485,0.801365,-0.00029,0.003181,-0.014041,-0.262737,0.819542,-0.279868,0.071887,0.08664,0.049001,-0.032938,0.486867,-0.485006,-0.726449,0.483679,0.842225,-0.23814,0.727333,-0.235426,0.644638,-0.005765,0.001673,0.001008,-0.13859,-0.913782,0.068241,0.519245
130,0.097367,0.019555,0.439871,-0.517659,0.422183,-0.744202,-0.392409,-0.890029,-0.232026,-0.75968,0.17139,0.627326,-0.012386,0.000292,0.000685,-0.055411,-0.394252,0.040792,0.51513,-0.109096,-0.011319,0.403416,-0.8213,-0.107926,0.560188,0.050909,-0.991881,-0.116253,0.569207,-0.066804,0.819393,0.012527,0.008493,-0.027923,0.662212,0.587833,1.298913,0.192953,0.02525,0.029017,-0.016116,0.786294,0.073295,0.613488,-0.014226,0.994822,-0.100621,-0.617688,0.07039,0.783266,0.007007,-0.00072,-0.009123,2.658487,0.408666,4.569814,0.073846,0.086462,0.049029,-0.032939,0.466474,-0.480424,-0.742693,0.484228,0.84135,-0.240106,0.740219,-0.24763,0.625103,-0.006288,-0.000202,0.000201,-0.051555,-0.463521,0.234583,0.519572
131,0.097173,0.019517,0.439885,-0.509774,0.41826,-0.751821,-0.389283,-0.8914,-0.232027,-0.766593,0.173863,0.61817,-0.000985,-0.003559,-0.001539,-0.073746,-0.634374,0.172682,0.510881,-0.108979,-0.011303,0.402933,-0.811903,-0.095865,0.575859,0.031601,-0.992186,-0.12042,0.583913,-0.07943,0.807837,0.001291,-0.005522,-0.01969,-0.381445,1.036396,-0.011356,0.197195,0.025312,0.029035,-0.016358,0.77629,0.060115,0.627501,0.007079,0.994547,-0.104037,-0.630334,0.085205,0.771632,-0.000113,0.002251,-0.014658,-0.059953,0.548199,-0.072612,0.075806,0.086361,0.049013,-0.032931,0.459786,-0.476287,-0.749497,0.481272,0.842952,-0.240434,0.746306,-0.250164,0.616801,-0.006224,2.7e-05,0.000297,-0.109097,-0.733509,-0.083325,0.515
132,0.096786,0.019462,0.4399,-0.503828,0.411944,-0.759279,-0.3811,-0.89477,-0.232641,-0.774594,0.171631,0.608748,-0.012517,-0.000139,0.000498,-0.023478,-0.109505,-0.071978,0.507133,-0.108874,-0.011526,0.402069,-0.791647,-0.068563,0.607113,-0.014983,-0.991197,-0.131286,0.611753,-0.11292,0.78286,0.001738,-0.007958,-0.021332,3.078416,0.122199,4.242123,0.207975,0.025364,0.028928,-0.016781,0.75273,0.037092,0.657283,0.048547,0.992565,-0.11161,-0.656536,0.115922,0.745333,0.00156,-0.008477,-0.005517,0.135443,0.420658,-0.082854,0.089685,0.086175,0.04898,-0.032926,0.453801,-0.469104,-0.757631,0.473638,0.84715,-0.240835,0.754804,-0.249552,0.606624,-0.000513,-0.001853,-0.000792,-0.01752,-0.178811,0.123637,0.507325
133,0.096396,0.019432,0.439915,-0.501458,0.41153,-0.761071,-0.381489,-0.894648,-0.232471,-0.775941,0.173248,0.60657,-0.012584,-0.000353,0.000404,-0.001082,0.014174,-0.029738,0.506216,-0.108663,-0.01216,0.401525,-0.770318,-0.053547,0.635401,-0.051888,-0.987893,-0.145977,0.636481,-0.145329,0.757387,0.003545,-0.019384,-0.012709,-0.234721,0.911298,-0.212784,0.215453,0.025469,0.028612,-0.017064,0.729213,0.017821,0.684054,0.091814,0.988073,-0.123616,-0.678098,0.152948,0.71888,0.008379,-0.008681,-0.0063,-0.042227,0.871102,0.094547,0.09785,0.085976,0.048966,-0.032918,0.451615,-0.468872,-0.759079,0.474197,0.846808,-0.240937,0.755764,-0.251142,0.60477,-0.006357,-0.000403,0.00011,-0.00083,0.036405,-0.052298,0.503079
134,0.096226,0.019395,0.439906,-0.502051,0.410839,-0.761053,-0.381101,-0.894986,-0.231805,-0.775747,0.173143,0.606848,-0.001161,-0.004149,-0.001799,-0.001758,0.009578,-0.027123,0.506068,-0.108491,-0.01255,0.401296,-0.759816,-0.062178,0.647152,-0.049046,-0.987091,-0.152247,0.649207,-0.147319,0.746117,0.003526,-0.019245,-0.012665,-0.225976,0.702989,-0.388711,0.239756,0.025556,0.028415,-0.01718,0.717439,0.026222,0.696126,0.089448,0.987551,-0.129387,-0.690853,0.155095,0.706163,0.008522,-0.009401,-0.006803,-0.284073,0.829315,-0.356621,0.110423,0.085887,0.04895,-0.032921,0.452351,-0.468297,-0.758996,0.473838,0.847188,-0.24031,0.755549,-0.250937,0.605123,-0.006323,-0.000276,0.000165,-0.011865,0.08294,-0.216858,0.502753
