frame,MLTx,MLTy,MLTz,MLTR1,MLTR2,MLTR3,MLTR4,MLTR5,MLTR6,MLTR7,MLTR8,MLTR9,MLTTVx,MLTTVy,MLTTVz,MLTRVx,MLTRVy,MLTRVz,MLGA,MRTx,MRTy,MRTz,MRTR1,MRTR2,MRTR3,MRTR4,MRTR5,MRTR6,MRTR7,MRTR8,MRTR9,MRTTVx,MRTTVy,MRTTVz,MRTRVx,MRTRVy,MRTRVz,MRGA,SLTx,SLTy,SLTz,SLTR1,SLTR2,SLTR3,SLTR4,SLTR5,SLTR6,SLTR7,SLTR8,SLTR9,SLTTVx,SLTTVy,SLTTVz,SLTRVx,SLTRVy,SLTRVz,SLGA,SRTx,SRTy,SRTz,SRTR1,SRTR2,SRTR3,SRTR4,SRTR5,SRTR6,SRTR7,SRTR8,SRTR9,SRTTVx,SRTTVy,SRTTVz,SRTRVx,SRTRVy,SRTRVz,SRGA
438,0.121202,0.037064,0.345103,0.513095,-0.554975,-0.654814,-0.300092,-0.830725,0.46884,-0.804809,-0.04337,-0.591969,2e-06,1e-05,7e-06,0.000237,-0.00017,0.000214,0.205756,-0.142489,0.040953,0.305039,-0.488823,-0.050513,0.870914,0.343533,0.906442,0.245522,-0.801197,0.419238,-0.42683,9.5e-05,-0.000947,-0.000843,0.0,0.0,0.0,-1.403096,0.048455,0.043093,-0.024397,0.53443,0.019583,0.844985,-0.406904,-0.870291,0.277526,0.740818,-0.492146,-0.457142,6.9e-05,-0.000638,-0.000564,-4e-06,4.6e-05,2.2e-05,-0.839275,0.07526,0.042066,-0.06824,0.459413,-0.453361,-0.763807,-0.241864,-0.891285,0.38355,-0.854658,0.008529,-0.51912,-0.0,6e-06,9e-06,-0.077638,0.047035,-0.106292,0.074115
439,0.12121,0.037037,0.345119,0.513068,-0.554988,-0.654824,-0.300162,-0.830721,0.468803,-0.804801,-0.04329,-0.591987,0.012534,-0.002261,-0.001659,0.000984,-0.014715,0.029553,0.208704,-0.142546,0.041011,0.304965,-0.488834,-0.050461,0.870911,0.343763,0.906335,0.245595,-0.801092,0.419476,-0.426795,-0.001284,0.010549,-0.008055,0.036659,-0.010377,0.017882,-1.403113,0.048427,0.043118,-0.024431,0.534437,0.019514,0.844982,-0.407107,-0.870178,0.277584,0.740702,-0.49235,-0.457112,-0.00645,-0.001554,-0.000656,-0.004269,0.032832,-0.051919,-0.839111,0.075265,0.042053,-0.068231,0.457381,-0.455537,-0.763732,-0.245531,-0.890136,0.383889,-0.854702,0.011936,-0.518981,0.006258,-0.001171,-0.000856,-0.054488,0.058779,-0.011744,0.084566
440,0.121316,0.03704,0.345097,0.513267,-0.554759,-0.654863,-0.299976,-0.830867,0.468664,-0.804743,-0.043423,-0.592055,-0.0,-0.0,-0.0,0.0,0.0,0.0,0.190294,-0.1427,0.041214,0.304768,-0.488844,-0.050435,0.870907,0.344406,0.906004,0.245916,-0.80081,0.420195,-0.426618,-0.001259,0.010315,-0.008259,0.03666,-0.010401,0.017866,-1.403344,0.048351,0.043219,-0.02453,0.534445,0.019488,0.844978,-0.407703,-0.869788,0.27793,0.740368,-0.493039,-0.456909,-0.000606,0.004933,-0.004327,0.03666,-0.010375,0.017881,-0.839438,0.075317,0.042053,-0.068243,0.456033,-0.456552,-0.763932,-0.247841,-0.88958,0.383693,-0.854756,0.014357,-0.518831,0.000372,0.005675,-0.003935,-0.026393,-0.025156,-0.020461,0.073298
441,0.121383,0.037039,0.345084,0.51339,-0.554616,-0.654887,-0.299865,-0.830959,0.468573,-0.804707,-0.043499,-0.5921,-0.0,-0.0,-0.0,0.000791,-0.000566,0.000715,0.188261,-0.142788,0.04136,0.304605,-0.488855,-0.050451,0.8709,0.344884,0.905747,0.246192,-0.800597,0.420746,-0.426474,-0.001097,0.008697,-0.009698,0.034422,0.007253,-0.004798,-1.403106,0.048306,0.043295,-0.024609,0.534454,0.019522,0.844971,-0.408136,-0.869486,0.278239,0.740123,-0.493569,-0.456733,-0.007117,0.004033,-0.004401,0.034619,0.0048,-0.011369,-0.839764,0.07535,0.042053,-0.06825,0.457978,-0.454213,-0.764163,-0.243912,-0.890827,0.38332,-0.854846,0.010836,-0.518767,0.006323,-0.000863,-0.00064,-0.030369,0.055505,-0.049983,0.06595
442,0.121457,0.037003,0.345094,0.513369,-0.554604,-0.654914,-0.299916,-0.830971,0.468518,-0.804701,-0.043419,-0.592113,-0.0,-0.0,-0.0,0.0,-0.0,0.0,0.18498,-0.142965,0.041661,0.304208,-0.488935,-0.050282,0.870865,0.346029,0.905181,0.246668,-0.800055,0.421983,-0.426269,-0.000958,0.007304,-0.010937,0.034423,0.007248,-0.004799,-1.403411,0.048217,0.043448,-0.024812,0.534519,0.01934,0.844934,-0.409224,-0.868805,0.278769,0.739475,-0.494775,-0.456479,-0.000468,0.003599,-0.005513,0.03443,0.007233,-0.004789,-0.839601,0.075388,0.042035,-0.068245,0.456291,-0.455827,-0.764211,-0.24661,-0.889966,0.383591,-0.854974,0.013432,-0.518495,-1e-06,2e-06,1e-06,-0.055881,0.028287,-0.039616,0.061215
443,0.121514,0.036996,0.345088,0.512064,-0.55316,-0.657152,-0.29864,-0.831982,0.467538,-0.806005,-0.042476,-0.590405,0.000181,0.000866,0.000615,0.000437,0.002712,0.001763,0.157224,-0.143081,0.041936,0.303715,-0.489389,-0.04768,0.870756,0.347125,0.90527,0.244795,-0.799302,0.422092,-0.427572,-0.002153,0.017014,-0.019723,0.071089,-0.003238,0.013007,-1.403486,0.048165,0.043579,-0.025045,0.534739,0.016722,0.844851,-0.410352,-0.868862,0.276926,0.73869,-0.49477,-0.457754,-0.000387,0.002786,-0.006241,0.034705,0.006987,-0.004379,-0.840254,0.075415,0.042029,-0.068249,0.45539,-0.455719,-0.764813,-0.248584,-0.889979,0.382286,-0.854883,0.016031,-0.518572,0.000146,0.000695,0.000494,-0.044448,0.02103,-0.012147,0.039007
444,0.121495,0.037007,0.345084,0.512047,-0.553188,-0.657143,-0.298636,-0.831963,0.467574,-0.806017,-0.042491,-0.590387,3e-06,1.3e-05,9e-06,0.002052,-0.10859,0.166624,0.158975,-0.143129,0.042067,0.30343,-0.489447,-0.047623,0.870727,0.347785,0.904928,0.24512,-0.79898,0.42283,-0.427445,-0.013661,0.002222,-0.014034,0.032379,0.022455,-0.034041,-1.403405,0.04814,0.043652,-0.025193,0.534793,0.016674,0.844818,-0.410998,-0.868434,0.277313,0.738292,-0.495524,-0.45758,-0.000991,0.007716,-0.010568,0.071125,-0.003305,0.013068,-0.841724,0.075407,0.042037,-0.068249,0.457405,-0.453633,-0.76485,-0.24484,-0.8911,0.38209,-0.854887,0.012496,-0.518662,-0.006324,0.000868,0.000646,-0.065428,0.001995,-0.079521,0.028557
445,0.121386,0.037025,0.345134,0.511878,-0.553384,-0.657109,-0.298824,-0.83184,0.467674,-0.806055,-0.04235,-0.590346,0.000212,0.001011,0.000718,0.0,0.0,0.0,0.178947,-0.143159,0.042345,0.302694,-0.494494,-0.048931,0.867798,0.346684,0.904381,0.248675,-0.796342,0.423852,-0.431337,-0.000297,0.00058,-0.016987,-0.044065,0.33397,0.260952,-1.403228,0.04812,0.043792,-0.02556,0.538262,0.017164,0.842602,-0.410593,-0.867773,0.279967,0.735992,-0.496663,-0.460042,-0.000811,0.005911,-0.012192,-0.026268,0.597203,0.430619,-0.838132,0.075352,0.042044,-0.068226,0.456224,-0.455134,-0.764664,-0.247438,-0.890299,0.382283,-0.854771,0.0148,-0.518793,0.000137,0.000654,0.000468,-0.046667,0.025582,-0.037292,0.037701
446,0.121305,0.036967,0.345189,0.511641,-0.55362,-0.657095,-0.299136,-0.831698,0.467727,-0.806089,-0.042064,-0.59032,-8e-06,-3.6e-05,-2.6e-05,0.0,0.0,0.0,0.199034,-0.143163,0.042544,0.301767,-0.497627,-0.046376,0.866145,0.347192,0.904364,0.248027,-0.794164,0.424172,-0.435022,0.011778,0.009729,-0.027783,0.069166,0.003274,0.020663,-1.403186,0.048114,0.043887,-0.026008,0.542781,0.014765,0.839744,-0.410001,-0.867955,0.280271,0.732998,-0.496423,-0.465056,-0.000647,0.004286,-0.013678,0.059857,0.004224,-0.032888,-0.841071,0.075317,0.042017,-0.068197,0.455212,-0.456137,-0.76467,-0.249318,-0.889754,0.382332,-0.854764,0.016604,-0.51875,-9e-06,-4.1e-05,-2.7e-05,-0.036083,0.017909,-0.024187,0.054847
447,0.121275,0.036937,0.345215,0.511538,-0.553719,-0.657092,-0.299281,-0.831639,0.467739,-0.806101,-0.041928,-0.590313,-0.000694,-0.011106,0.008044,-0.03481,0.017454,-0.01598,0.213018,-0.143143,0.042673,0.30126,-0.500191,-0.046945,0.864637,0.346844,0.903992,0.249864,-0.792702,0.424903,-0.436971,-0.001225,0.007577,-0.028287,0.055778,0.069071,0.035102,-1.403409,0.048128,0.043954,-0.026273,0.545372,0.014974,0.83806,-0.409659,-0.867527,0.282089,0.731264,-0.497162,-0.466991,0.005948,0.004435,-0.014294,0.055653,0.040799,0.059295,-0.841397,0.075297,0.042006,-0.068187,0.454833,-0.456535,-0.764657,-0.250093,-0.889536,0.382333,-0.854739,0.017337,-0.518767,3.1e-05,0.000157,0.000114,-0.029465,0.015384,-0.022172,0.071012
448,0.121259,0.036944,0.345244,0.51142,-0.553838,-0.657083,-0.299396,-0.831564,0.467798,-0.806133,-0.041831,-0.590277,3.3e-05,0.000159,0.000113,0.0,0.0,0.0,0.236809,-0.14313,0.042963,0.300143,-0.500335,-0.049833,0.864392,0.338295,0.907662,0.248275,-0.796295,0.416673,-0.438362,-0.001205,0.007379,-0.028531,-1.364291,-0.397026,0.717272,-1.403056,0.048135,0.044095,-0.026834,0.545525,0.016981,0.837921,-0.403105,-0.871236,0.280096,0.734783,-0.49057,-0.468437,-0.000659,0.003844,-0.014448,-4.715169,-1.346766,2.41062,-0.841561,0.075289,0.042006,-0.068169,0.4561,-0.455263,-0.764661,-0.247507,-0.890232,0.382394,-0.854816,0.014849,-0.518716,1.7e-05,8.1e-05,5.9e-05,-0.048412,0.026287,-0.045628,0.10367
449,0.12125,0.036935,0.345262,0.511494,-0.553755,-0.657095,-0.299388,-0.83162,0.467704,-0.806089,-0.041819,-0.590338,0.0,0.0,0.0,0.0,0.0,0.0,0.257485,-0.143114,0.043242,0.299054,-0.500962,-0.047228,0.864175,0.340266,0.907281,0.246968,-0.79506,0.417801,-0.439528,-0.00124,0.007734,-0.028268,-0.347503,0.409851,-0.606948,-1.403242,0.048143,0.044233,-0.02738,0.545833,0.015989,0.83774,-0.40354,-0.871207,0.279556,0.734316,-0.490654,-0.469082,5.9e-05,-0.002075,-0.010721,-1.351285,1.340778,-2.020637,-0.840254,0.075284,0.042002,-0.06816,0.455095,-0.456205,-0.764699,-0.249421,-0.889717,0.382351,-0.854796,0.016726,-0.518693,-5e-06,-1.4e-05,-9e-06,-0.037829,0.018656,-0.02423,0.136328
450,0.121319,0.03695,0.345248,0.511543,-0.553694,-0.657109,-0.299305,-0.831658,0.46769,-0.806088,-0.041885,-0.590334,9.5e-05,0.000453,0.000322,1e-06,-0.0,1e-06,0.253507,-0.14312,0.043381,0.298184,-0.501331,-0.047264,0.863959,0.336442,0.909212,0.2451,-0.796451,0.413579,-0.440999,-0.000154,-0.000853,-0.018518,0.03214,0.025361,-0.027098,-1.40313,0.04814,0.044302,-0.027823,0.546249,0.015205,0.837484,-0.400031,-0.873708,0.276783,0.735925,-0.486213,-0.47118,-0.000109,7.4e-05,-0.008794,0.037207,0.005463,-0.001969,-0.841234,0.075318,0.042008,-0.068168,0.456775,-0.45426,-0.764854,-0.245996,-0.890764,0.38213,-0.854892,0.013603,-0.518626,7.3e-05,0.00035,0.00025,-0.047188,0.030576,-0.074014,0.143677
451,0.121311,0.036967,0.345248,0.511557,-0.553687,-0.657104,-0.299281,-0.831661,0.4677,-0.806089,-0.041913,-0.590331,3.2e-05,0.000153,0.000109,0.0,-0.0,0.0,0.254634,-0.143111,0.043354,0.297905,-0.504271,-0.045181,0.862358,0.335462,0.909878,0.243969,-0.795005,0.412342,-0.444751,0.000935,-0.009471,-0.008758,-0.109314,0.465705,0.350233,-1.40312,0.048145,0.044288,-0.027969,0.546529,0.01231,0.837348,-0.400613,-0.874215,0.274328,0.7354,-0.485382,-0.472853,-0.000247,0.001439,-0.007542,0.036573,0.005885,-0.002598,-0.841887,0.075315,0.042017,-0.068167,0.456132,-0.455084,-0.764749,-0.247258,-0.890326,0.382336,-0.854872,0.014694,-0.51863,1.8e-05,8.3e-05,5.9e-05,-0.050796,0.026872,-0.043256,0.14384
452,0.121239,0.037,0.34526,0.511476,-0.553796,-0.657074,-0.29933,-0.831588,0.467797,-0.806122,-0.041902,-0.590287,1e-06,7e-06,5e-06,0.0,-0.0,0.0,0.26312,-0.142999,0.043224,0.297706,-0.504358,-0.045044,0.862314,0.335597,0.909835,0.243946,-0.794893,0.412453,-0.444848,0.000127,-0.001286,-0.001192,-1.9e-05,8.1e-05,6.8e-05,-1.403206,0.048202,0.044214,-0.028077,0.549028,0.01272,0.835706,-0.39932,-0.874392,0.275647,0.734241,-0.485053,-0.474987,4.4e-05,-0.000388,-0.000362,0.00031,-0.003564,-0.002484,-0.840908,0.075279,0.042034,-0.068161,0.457443,-0.454004,-0.764607,-0.245056,-0.890912,0.38239,-0.854805,0.01245,-0.518799,-4e-06,-1.6e-05,-9e-06,-0.065382,0.035907,-0.066107,0.150045
453,0.121162,0.037004,0.345263,0.511337,-0.553963,-0.657042,-0.299435,-0.83148,0.467921,-0.806171,-0.041841,-0.590224,-1e-06,-6e-06,-4e-06,0.0,0.0,0.0,0.269173,-0.142756,0.043196,0.297799,-0.501823,-0.045129,0.863787,0.33641,0.909759,0.243104,-0.796155,0.412609,-0.442441,0.014364,-0.00874,0.00816,-0.034056,-0.006976,0.009569,-1.403317,0.048318,0.044208,-0.028029,0.546397,0.013001,0.837425,-0.400284,-0.874234,0.274746,0.735678,-0.485328,-0.472475,-0.000135,0.001378,0.001273,0.00123,0.013843,0.008013,-0.840744,0.07524,0.042035,-0.06816,0.456149,-0.455615,-0.764422,-0.247904,-0.89005,0.382561,-0.854675,0.014998,-0.518945,-0.006323,0.000866,0.000642,-0.063598,-0.004457,-0.040272,0.158862
454,0.121132,0.037009,0.345255,0.51129,-0.554025,-0.657027,-0.299453,-0.831439,0.467983,-0.806194,-0.041843,-0.590193,-6e-06,-2.9e-05,-2e-05,1e-06,-0.0,1e-06,0.270999,-0.142609,0.043142,0.29792,-0.501709,-0.045735,0.863822,0.335898,0.909871,0.243396,-0.796443,0.412299,-0.442213,-0.000361,0.003597,0.003329,0.002291,-0.018075,0.022326,-1.403527,0.048397,0.044179,-0.027965,0.54647,0.013629,0.837367,-0.399706,-0.874393,0.275082,0.735937,-0.485025,-0.472383,-0.000196,0.001957,0.001809,0.002399,-0.015687,0.023778,-0.841397,0.075225,0.042038,-0.068164,0.458064,-0.453713,-0.764408,-0.244398,-0.891071,0.38244,-0.854661,0.011638,-0.519055,-3e-06,-9e-06,-4e-06,-0.064966,0.038591,-0.085023,0.162782
455,0.121021,0.037067,0.345237,0.511174,-0.554199,-0.65697,-0.29946,-0.83132,0.46819,-0.806264,-0.041907,-0.590092,-0.0,-0.0,-0.0,0.0,-0.0,0.0,0.280211,-0.142288,0.042888,0.298225,-0.501517,-0.046697,0.863882,0.33465,0.910272,0.243615,-0.797089,0.411305,-0.441974,0.014296,-0.007973,0.00887,-0.034647,-0.004568,0.011584,-1.403465,0.048557,0.044057,-0.027807,0.546386,0.014607,0.837405,-0.398482,-0.874896,0.275259,0.736664,-0.484089,-0.472211,0.007138,-0.003914,0.004498,-0.034614,-0.004506,0.011572,-0.842704,0.07517,0.042067,-0.068173,0.456793,-0.455624,-0.764032,-0.24755,-0.890057,0.382774,-0.854434,0.014287,-0.519362,-0.006321,0.000873,0.000646,-0.067027,-0.002066,-0.046605,0.17013
456,0.120918,0.037174,0.345134,0.511141,-0.554326,-0.656888,-0.299231,-0.831218,0.468518,-0.80637,-0.042234,-0.589923,-0.000374,-0.001771,-0.001258,-0.000291,0.015744,-0.024138,0.307053,-0.141942,0.042589,0.298498,-0.498941,-0.046799,0.865367,0.334772,0.910553,0.242394,-0.798655,0.410671,-0.439732,0.014501,-0.009894,0.007095,-0.02656,-0.037902,-0.01601,-1.40356,0.048724,0.043915,-0.02767,0.543639,0.014942,0.839186,-0.398767,-0.875189,0.273912,0.738539,-0.483549,-0.469829,0.007238,-0.004867,0.003615,-0.022463,-0.025448,-0.011201,-0.840744,0.075119,0.042123,-0.068223,0.456306,-0.456906,-0.763557,-0.249697,-0.889372,0.382972,-0.854069,0.015905,-0.519915,-0.000185,-0.000878,-0.000621,-0.036652,0.017444,-0.031293,0.197399
457,0.120891,0.03728,0.345007,0.511143,-0.554404,-0.656821,-0.298927,-0.831146,0.46884,-0.806482,-0.042619,-0.589742,0.000473,0.010027,-0.008805,0.034797,-0.017506,0.015952,0.319712,-0.141727,0.042294,0.298698,-0.498928,-0.04688,0.865369,0.333959,0.910949,0.242026,-0.799002,0.409782,-0.439928,-1e-06,9e-06,8e-06,2e-06,-8e-06,-7e-06,-1.403421,0.048837,0.043763,-0.027568,0.54389,0.015019,0.839021,-0.397953,-0.875643,0.273645,0.738793,-0.482724,-0.470277,2e-06,-5e-05,-5.1e-05,-0.000122,0.00115,0.000812,-0.841234,0.075105,0.042174,-0.068288,0.456135,-0.457768,-0.763143,-0.250981,-0.888913,0.383198,-0.853784,0.016744,-0.520357,0.000231,0.004977,-0.004427,-0.001974,-0.037397,-0.01346,0.224342
458,0.120897,0.037283,0.344973,0.51443,-0.551364,-0.656814,-0.293935,-0.8329,0.468883,-0.806231,-0.047467,-0.589716,-0.000115,-0.000543,-0.000386,7.2e-05,-5.1e-05,6.4e-05,0.322555,-0.141649,0.042143,0.298765,-0.496919,-0.043583,0.866697,0.334865,0.911684,0.237972,-0.799877,0.408505,-0.439527,0.001484,-0.012345,0.006357,-0.034185,-4.9e-05,-0.026674,-1.403327,0.048875,0.043692,-0.027537,0.541435,0.01187,0.840657,-0.399217,-0.876354,0.269494,0.739913,-0.481519,-0.469751,0.000747,-0.00624,0.003112,-0.029957,0.022107,-0.007225,-0.841724,0.075108,0.042174,-0.068306,0.461006,-0.452614,-0.763291,-0.241785,-0.891669,0.382708,-0.853822,0.008121,-0.5205,-6.2e-05,-0.000295,-0.000205,-0.038889,0.026583,-0.078158,0.230874
459,0.120916,0.03728,0.344971,0.514461,-0.551326,-0.656822,-0.293911,-0.832924,0.468855,-0.80622,-0.047481,-0.589729,9.6e-05,0.000453,0.000322,0.0,-0.0,0.0,0.320847,-0.141564,0.042008,0.298805,-0.496952,-0.043473,0.866684,0.334625,0.911833,0.237742,-0.799957,0.408186,-0.439678,0.000105,-0.001019,-0.000942,1e-06,-2e-06,-2e-06,-1.403259,0.048919,0.04362,-0.027514,0.541704,0.011805,0.840486,-0.398914,-0.876517,0.269415,0.739881,-0.481225,-0.470104,6.8e-05,-0.000669,-0.000621,-0.000171,0.000571,0.000677,-0.842214,0.075117,0.042172,-0.068307,0.459886,-0.45388,-0.763214,-0.243808,-0.891006,0.382968,-0.85385,0.009956,-0.520422,6.9e-05,0.00033,0.000235,-0.041921,0.022262,-0.0321,0.236752
460,0.120951,0.037347,0.34503,0.514641,-0.551127,-0.656848,-0.29381,-0.833053,0.46869,-0.806143,-0.047539,-0.589831,0.000591,0.0028,0.001988,0.0,-0.0,0.0,0.321636,-0.141558,0.041951,0.298712,-0.496906,-0.043679,0.866699,0.334617,0.911786,0.237931,-0.799988,0.408268,-0.439544,0.000265,-0.00257,-0.002378,0.0,-0.0,-0.0,-1.403288,0.048921,0.043594,-0.027558,0.541683,0.012021,0.840496,-0.398882,-0.876472,0.269607,0.739913,-0.481301,-0.469976,-0.006376,-0.002604,-0.001647,-0.004499,0.033101,-0.051574,-0.842704,0.075133,0.042201,-0.068281,0.461257,-0.452233,-0.763365,-0.240912,-0.891869,0.382792,-0.853933,0.007338,-0.52033,0.00025,0.001201,0.000855,-0.057707,0.03447,-0.059198,0.236916
461,0.120956,0.037419,0.345081,0.511296,-0.554243,-0.656838,-0.298785,-0.831248,0.468749,-0.806438,-0.042732,-0.589795,0.000943,0.004473,0.003174,-0.008533,-0.00946,0.01621,0.323181,-0.141595,0.041915,0.298616,-0.496859,-0.043839,0.866718,0.334672,0.911721,0.238104,-0.799994,0.408396,-0.439413,0.000469,-0.004547,-0.004211,0.013487,-0.105942,0.132338,-1.403549,0.048902,0.043578,-0.027604,0.54167,0.012061,0.840504,-0.398966,-0.876408,0.269693,0.739877,-0.481417,-0.469912,-0.007083,0.003223,-0.005146,0.034506,0.004615,-0.011423,-0.843194,0.075136,0.042235,-0.068257,0.460467,-0.453136,-0.763306,-0.242323,-0.891399,0.382996,-0.85396,0.008609,-0.520266,0.000463,0.002199,0.00156,-0.071351,0.0499,-0.111695,0.237895
462,0.121016,0.03765,0.345257,0.51487,-0.550881,-0.656875,-0.293681,-0.833211,0.46849,-0.806043,-0.04762,-0.58996,0.001736,0.008238,0.005832,0.000288,-0.015755,0.024131,0.330929,-0.141578,0.041746,0.298433,-0.496792,-0.044128,0.866742,0.334616,0.91168,0.238341,-0.80006,0.408459,-0.439237,0.000461,-0.004474,-0.004151,0.0,-0.0,-0.0,-1.403234,0.048911,0.04349,-0.027699,0.54161,0.012483,0.840536,-0.398843,-0.876364,0.270015,0.739987,-0.481485,-0.469669,0.00685,-0.001922,-0.002547,-0.000326,0.002704,0.006888,-0.843357,0.075165,0.042348,-0.06817,0.463427,-0.449682,-0.763557,-0.236041,-0.893184,0.382762,-0.854118,0.002849,-0.52007,0.000883,0.004206,0.002979,-0.088739,0.053767,-0.062482,0.24459
463,0.12109,0.037952,0.345482,0.51491,-0.550832,-0.656884,-0.293672,-0.833243,0.468438,-0.806021,-0.047615,-0.589991,0.001662,0.007898,0.005574,0.000289,-0.015754,0.024131,0.339373,-0.141542,0.041503,0.298273,-0.496781,-0.044149,0.866747,0.334505,0.911732,0.238296,-0.800113,0.408339,-0.439251,0.000518,-0.005023,-0.004669,-0.002285,0.017951,-0.022427,-1.403292,0.04893,0.043366,-0.027781,0.541601,0.012507,0.840542,-0.398736,-0.876428,0.269966,0.740052,-0.481369,-0.469688,0.000258,-0.002488,-0.002315,-0.002355,0.017923,-0.022403,-0.843684,0.075204,0.042507,-0.068052,0.463501,-0.449232,-0.763777,-0.235221,-0.893411,0.382734,-0.854304,0.002259,-0.519767,0.000835,0.003989,0.002817,-0.08945,0.05527,-0.074486,0.256837
464,0.121221,0.038184,0.345692,0.511876,-0.553585,-0.656941,-0.298506,-0.831679,0.46816,-0.806174,-0.042856,-0.590147,0.001482,0.007055,0.004966,-3.630311,2.571549,-3.237332,0.337821,-0.141476,0.041266,0.298101,-0.494385,-0.043323,0.868158,0.335791,0.911637,0.236846,-0.80106,0.408638,-0.437242,0.00051,-0.00494,-0.004602,0.001154,-0.004741,-0.003912,-1.403254,0.048962,0.043251,-0.027864,0.539003,0.011908,0.842218,-0.400153,-0.876239,0.268479,0.741183,-0.481728,-0.467531,0.000275,-0.002642,-0.002462,-0.000291,0.033706,-0.013842,-0.84352,0.075269,0.042623,-0.067947,0.461195,-0.450997,-0.764132,-0.238771,-0.892504,0.382652,-0.854567,0.005975,-0.519305,0.000679,0.003253,0.00229,-0.067665,0.038981,-0.033991,0.26043
465,0.1213,0.038274,0.345767,0.515241,-0.550422,-0.656968,-0.29352,-0.833512,0.468054,-0.805865,-0.047649,-0.590202,0.001249,0.005953,0.004186,0.00029,-0.015751,0.024133,0.336444,-0.141428,0.041189,0.298012,-0.494448,-0.043145,0.868131,0.335865,0.911639,0.236734,-0.80099,0.408653,-0.437357,0.013602,-0.002683,-0.004042,-0.000225,0.002674,0.00676,-1.403264,0.048981,0.043209,-0.027912,0.539227,0.01171,0.842078,-0.400189,-0.876232,0.268448,0.741,-0.481745,-0.467803,0.000172,-0.001647,-0.001537,-0.000115,0.003372,0.002252,-0.842214,0.075309,0.042669,-0.067909,0.462445,-0.449397,-0.764321,-0.235808,-0.893325,0.382574,-0.854715,0.003314,-0.519086,0.000529,0.002545,0.00179,-0.086488,0.048761,-0.059687,0.25994
466,0.12143,0.038379,0.345852,0.515254,-0.550374,-0.656998,-0.293507,-0.833545,0.468004,-0.805862,-0.047629,-0.590208,0.013067,0.000527,0.000304,0.000984,-0.014715,0.029553,0.33276,-0.141315,0.041149,0.297935,-0.494375,-0.043649,0.868147,0.335723,0.911584,0.237146,-0.801095,0.408722,-0.4371,5.5e-05,-0.000527,-0.000492,0.0,-0.0,-0.0,-1.403513,0.049039,0.043184,-0.027955,0.539233,0.012204,0.842067,-0.400012,-0.876188,0.268854,0.741091,-0.481813,-0.467588,2.5e-05,-0.000225,-0.000212,-0.000156,2.5e-05,0.000115,-0.843357,0.075375,0.042727,-0.067862,0.462479,-0.44895,-0.764562,-0.234949,-0.893552,0.382573,-0.854933,0.002701,-0.51873,0.006506,0.00015,7.1e-05,-0.079678,0.078082,-0.057109,0.257164
467,0.121533,0.038471,0.345881,0.515394,-0.550215,-0.657022,-0.293343,-0.833643,0.467933,-0.805832,-0.047758,-0.590237,0.012968,7.6e-05,-1.4e-05,0.000984,-0.014715,0.029553,0.326071,-0.141077,0.041091,0.297988,-0.494241,-0.044515,0.86818,0.335197,0.911634,0.237698,-0.801398,0.408518,-0.436735,0.001403,-0.011481,0.007162,-0.036688,0.010503,-0.017747,-1.403551,0.049162,0.043162,-0.02793,0.539176,0.013122,0.84209,-0.399462,-0.876265,0.269423,0.74143,-0.48165,-0.467219,0.00654,0.001192,0.000335,0.001963,-0.015253,0.029325,-0.842051,0.075426,0.042771,-0.06785,0.462273,-0.449029,-0.764641,-0.234941,-0.893512,0.382672,-0.855047,0.002747,-0.518542,0.006474,1e-06,-3.5e-05,-0.086587,0.07827,-0.041134,0.250795
468,0.121553,0.038494,0.345861,0.515364,-0.550253,-0.657013,-0.293303,-0.833614,0.468008,-0.805865,-0.047812,-0.590187,0.00075,0.011374,-0.007848,1.123312,-0.792846,0.99376,0.326736,-0.140931,0.041049,0.298066,-0.494586,-0.042417,0.868088,0.334712,0.912404,0.235415,-0.801387,0.407017,-0.438154,0.013048,0.002705,0.000975,-1.365687,1.303132,-1.97549,-1.403185,0.04923,0.04314,-0.02789,0.539146,0.013543,0.842103,-0.399097,-0.876374,0.26961,0.741648,-0.48144,-0.467089,0.006486,0.001694,0.000803,0.001966,-0.01524,0.029283,-0.843357,0.075436,0.04278,-0.067856,0.461118,-0.450362,-0.764554,-0.237166,-0.892832,0.382886,-0.855056,0.004771,-0.518512,-2e-05,-9.3e-05,-6.7e-05,-0.10947,0.062347,-0.128158,0.248346
469,0.121528,0.038425,0.345801,0.514014,-0.551974,-0.656627,-0.292545,-0.832397,0.470642,-0.807003,-0.049143,-0.588523,-0.000446,-0.002135,-0.0015,0.0,0.0,-0.0,0.327145,-0.140647,0.040863,0.298278,-0.494544,-0.04279,0.868094,0.333913,0.912714,0.235348,-0.801746,0.406283,-0.438179,0.014558,-0.009706,0.007272,-0.034643,-0.004752,0.011467,-1.403169,0.049371,0.043055,-0.027784,0.539326,0.011369,0.842019,-0.398414,-0.877471,0.267038,0.741884,-0.479493,-0.468714,0.006525,0.001325,0.000455,0.002094,-0.015334,0.029421,-0.843684,0.075424,0.04275,-0.067888,0.461225,-0.451854,-0.763608,-0.236539,-0.892085,0.385008,-0.855172,0.003047,-0.518334,-0.000292,-0.001398,-0.000981,-0.07536,0.040002,-0.084846,0.248673
470,0.121507,0.038275,0.345696,0.51382,-0.552176,-0.656609,-0.292667,-0.832268,0.470794,-0.807081,-0.049055,-0.588422,-0.000912,-0.004364,-0.003069,-0.000285,0.015751,-0.024125,0.315825,-0.140363,0.040672,0.298444,-0.494935,-0.040568,0.867977,0.333084,0.913679,0.232766,-0.801849,0.404335,-0.439789,0.014491,-0.009002,0.007928,-0.032347,-0.022688,0.03391,-1.403065,0.049514,0.042953,-0.0277,0.539524,0.00908,0.84192,-0.397793,-0.878554,0.264391,0.742073,-0.477556,-0.470389,-1.2e-05,8.7e-05,7.6e-05,0.000385,-0.000413,0.00061,-0.843357,0.075413,0.042674,-0.067941,0.461964,-0.451252,-0.763518,-0.235284,-0.892394,0.385062,-0.855119,0.001759,-0.518427,-0.000465,-0.002224,-0.001562,-0.083081,0.043962,-0.102067,0.241161
471,0.121431,0.038175,0.345566,0.513502,-0.552546,-0.656546,-0.292789,-0.832024,0.471149,-0.807239,-0.049025,-0.588208,-0.00079,-0.003775,-0.002659,-0.00029,0.015758,-0.024129,0.313899,-0.140155,0.040616,0.298543,-0.494855,-0.041129,0.867997,0.332601,0.913782,0.23305,-0.802099,0.404045,-0.439599,-0.000138,0.00129,0.001202,0.0,-0.0,-0.0,-1.40274,0.049623,0.042922,-0.027648,0.53949,0.009686,0.841935,-0.397273,-0.878705,0.26467,0.742377,-0.477265,-0.470205,0.00065,-0.005203,0.004085,-0.036723,0.010403,-0.017785,-0.841724,0.075375,0.042623,-0.068007,0.460309,-0.453633,-0.763106,-0.23913,-0.891173,0.385519,-0.854945,0.005023,-0.518693,-0.006588,-0.000506,-0.000324,-0.080903,0.002837,-0.058603,0.23414
472,0.121385,0.038165,0.345511,0.513393,-0.552689,-0.656511,-0.292795,-0.831927,0.471317,-0.807306,-0.049066,-0.588112,-0.000513,-0.002449,-0.001726,0.0,0.0,0.0,0.310122,-0.140096,0.040627,0.29856,-0.492379,-0.040669,0.869425,0.333823,0.913624,0.231922,-0.803116,0.40445,-0.437364,-3.5e-05,0.000321,0.000299,0.007012,-0.028363,-0.023307,-1.403135,0.049652,0.042929,-0.027637,0.536774,0.009451,0.843672,-0.398603,-0.87847,0.263446,0.743631,-0.477702,-0.467773,-1.8e-05,0.000156,0.000142,0.009246,-0.00509,-0.010209,-0.842051,0.075352,0.042615,-0.068036,0.459759,-0.454507,-0.762917,-0.240643,-0.89072,0.385626,-0.854816,0.006296,-0.518891,-0.006232,0.005089,-0.004313,-0.082504,-0.035895,-0.055684,0.232017
473,0.121378,0.038132,0.345393,0.513416,-0.552696,-0.656488,-0.292632,-0.831911,0.471447,-0.807351,-0.049257,-0.588035,-0.000407,-0.001942,-0.00137,6e-06,-5e-06,6e-06,0.291971,-0.140019,0.040652,0.29856,-0.492358,-0.040903,0.869426,0.333755,0.913598,0.232119,-0.803158,0.404483,-0.437257,-0.0,1e-06,1e-06,1e-06,-5e-06,-4e-06,-1.403058,0.049691,0.042941,-0.027638,0.537047,0.009682,0.843495,-0.398471,-0.878428,0.263787,0.743505,-0.477775,-0.4679,2e-06,-2.5e-05,-2.6e-05,-0.00016,0.001061,0.000791,-0.841398,0.075348,0.042599,-0.068095,0.461312,-0.45315,-0.762787,-0.238143,-0.891425,0.385548,-0.854679,0.003794,-0.51914,0.006393,0.003444,-0.005534,-0.024539,0.009642,-0.038279,0.215361
474,0.121351,0.038115,0.345239,0.513215,-0.552961,-0.656421,-0.292544,-0.831724,0.471832,-0.80751,-0.049437,-0.587801,-0.00068,-0.003244,-0.002291,0.0,-0.0,0.0,0.283724,-0.139971,0.040668,0.298582,-0.492263,-0.041361,0.869458,0.333575,0.913579,0.232453,-0.80329,0.404481,-0.437016,-6e-06,5.7e-05,5.3e-05,0.0,-0.0,-0.0,-1.403035,0.049715,0.042949,-0.027626,0.537005,0.010152,0.843517,-0.398265,-0.878422,0.264117,0.743646,-0.477776,-0.467674,-2e-06,1.5e-05,1.4e-05,-0.000119,-3.6e-05,9.9e-05,-0.842377,0.075335,0.042594,-0.06817,0.460189,-0.455037,-0.762342,-0.241018,-0.890451,0.386013,-0.854478,0.006099,-0.519449,-0.000299,-0.001437,-0.001014,-0.052909,0.025377,-0.046776,0.199685
475,0.121324,0.038121,0.345159,0.513267,-0.552942,-0.656397,-0.292387,-0.831726,0.471925,-0.807534,-0.049619,-0.587753,0.000193,0.008704,-0.009729,0.0348,-0.017501,0.015951,0.271093,-0.139956,0.040629,0.298585,-0.492277,-0.041297,0.869453,0.333533,0.913616,0.232371,-0.803299,0.404405,-0.437069,8.6e-05,-0.000801,-0.000746,0.0,-0.0,-0.0,-1.403039,0.049722,0.042931,-0.027624,0.537013,0.010089,0.843513,-0.398227,-0.878465,0.264033,0.743661,-0.4777,-0.467729,0.000799,-0.00656,0.002822,-0.036809,0.010378,-0.01778,-0.842867,0.075321,0.04259,-0.068209,0.459864,-0.455656,-0.762169,-0.24213,-0.890127,0.386063,-0.85434,0.007008,-0.519666,-0.000333,-0.001603,-0.001131,-0.044398,0.020361,-0.038487,0.190378
476,0.121363,0.038132,0.344952,0.513229,-0.553042,-0.656343,-0.292071,-0.831636,0.472279,-0.807673,-0.050007,-0.587529,2.7e-05,0.007914,-0.010287,0.034799,-0.017505,0.015947,0.230874,-0.139933,0.040436,0.298673,-0.492666,-0.038695,0.869353,0.333031,0.914507,0.229567,-0.803268,0.402641,-0.438751,0.001458,-0.011817,0.006863,-0.036686,0.010371,-0.01783,-1.40335,0.049734,0.042832,-0.027583,0.537173,0.007461,0.843438,-0.397941,-0.879435,0.261222,0.743698,-0.47596,-0.469441,0.000725,-0.005879,0.003459,-0.03655,0.01014,-0.017497,-0.84303,0.075336,0.042599,-0.06831,0.459497,-0.456602,-0.761824,-0.24366,-0.889633,0.38624,-0.854102,0.008149,-0.52004,4.8e-05,0.004101,-0.005042,-0.004233,-0.036825,-0.024658,0.147922
477,0.12134,0.038212,0.344711,0.513386,-0.552984,-0.656269,-0.291516,-0.831635,0.472623,-0.807773,-0.050643,-0.587336,0.000151,0.008504,-0.009868,0.034796,-0.017519,0.015939,0.207679,-0.139871,0.040265,0.298818,-0.492567,-0.038974,0.869397,0.332458,0.914733,0.229497,-0.803567,0.402101,-0.438701,0.001471,-0.011932,0.006759,-0.036685,0.010357,-0.017841,-1.403209,0.049764,0.042752,-0.027511,0.5371,0.007769,0.843481,-0.397403,-0.879697,0.261155,0.744038,-0.475469,-0.469398,-5e-06,2.8e-05,2.4e-05,-5.1e-05,-1.5e-05,4.2e-05,-0.843194,0.075328,0.042635,-0.068433,0.459655,-0.457383,-0.76126,-0.244723,-0.889227,0.386503,-0.853713,0.008639,-0.52067,-0.000357,-0.001718,-0.001217,-0.018446,0.007218,-0.022525,0.110855
478,0.12138,0.03824,0.344492,0.516744,-0.549904,-0.656222,-0.286151,-0.833334,0.472911,-0.807556,-0.055917,-0.587158,-0.000665,-0.00317,-0.002248,-0.000279,0.015817,-0.02409,0.165211,-0.139839,0.040168,0.298873,-0.492512,-0.039142,0.86942,0.332173,0.914839,0.229489,-0.803719,0.401844,-0.438658,-8.4e-05,0.000777,0.000724,0.0,-0.0,-0.0,-1.403014,0.049781,0.042697,-0.027483,0.537061,0.007927,0.843505,-0.397113,-0.879841,0.261111,0.744221,-0.4752,-0.469381,-4.9e-05,0.00044,0.00041,-2.8e-05,-3.8e-05,2.2e-05,-0.84352,0.075349,0.042653,-0.068546,0.464397,-0.453057,-0.760969,-0.23647,-0.89148,0.386449,-0.853473,0.00048,-0.521136,-0.000313,-0.001498,-0.00106,-0.041798,0.019743,-0.039917,0.064317
479,0.121415,0.038239,0.344456,0.516802,-0.549843,-0.656227,-0.286049,-0.833368,0.472912,-0.807554,-0.056011,-0.587151,-0.000109,-0.000519,-0.000368,0.0,-0.0,0.0,0.131096,-0.139791,0.040184,0.298895,-0.492453,-0.039456,0.869439,0.332041,0.91483,0.229717,-0.803809,0.401835,-0.438501,-7.2e-05,0.000668,0.000622,0.0,-0.0,-0.0,-1.403247,0.049805,0.042706,-0.027472,0.53703,0.008246,0.843522,-0.396969,-0.879841,0.261332,0.74432,-0.475195,-0.469228,-5.5e-05,0.0005,0.000464,-1.8e-05,-1.9e-05,3.1e-05,-0.843357,0.075366,0.042649,-0.068567,0.463982,-0.453527,-0.760942,-0.237287,-0.891241,0.386501,-0.853471,0.001233,-0.521136,-3.6e-05,-0.000178,-0.000128,-0.037344,0.018847,-0.027365,0.031986
480,0.121556,0.03831,0.34441,0.517071,-0.549551,-0.65626,-0.285699,-0.83354,0.47282,-0.807507,-0.05631,-0.587188,0.000227,0.001084,0.000769,0.0,-0.0,0.0,0.043835,-0.139694,0.040212,0.298895,-0.492355,-0.040026,0.869468,0.331858,0.914783,0.230166,-0.803944,0.401885,-0.438207,0.000118,-0.001087,-0.001013,0.0,-0.0,-0.0,-1.40343,0.049853,0.042724,-0.027468,0.536983,0.008823,0.843546,-0.39676,-0.879805,0.261771,0.744466,-0.475252,-0.46894,7.3e-05,-0.000664,-0.00062,-0.002311,0.017843,-0.022488,-0.84401,0.075437,0.042685,-0.068589,0.465472,-0.45177,-0.761077,-0.23412,-0.892133,0.386376,-0.853535,-0.001664,-0.521031,0.000162,0.000767,0.000543,-0.053455,0.031346,-0.054009,-0.07399
481,0.121641,0.038428,0.344315,0.517403,-0.549237,-0.656261,-0.285194,-0.833713,0.472819,-0.807473,-0.056799,-0.587187,0.000691,0.0111,-0.008023,0.034798,-0.017518,0.015935,-0.011946,-0.139582,0.040197,0.298909,-0.49234,-0.040251,0.869467,0.331707,0.914801,0.230312,-0.804016,0.401821,-0.438133,-0.00014,0.00128,0.001192,0.0023,-0.017857,0.022499,-1.403103,0.04991,0.04271,-0.027467,0.536991,0.009028,0.843539,-0.39661,-0.879835,0.261895,0.74454,-0.475191,-0.468883,0.0,1e-06,-1e-06,-1.5e-05,-2.1e-05,-1.7e-05,-0.84401,0.075479,0.042744,-0.068631,0.464673,-0.452779,-0.760966,-0.235998,-0.891622,0.386411,-0.853453,3.2e-05,-0.521168,-3.7e-05,-0.000179,-0.000127,-0.041852,0.020823,-0.028376,-0.164779
482,0.121696,0.038442,0.344264,0.51752,-0.549115,-0.65627,-0.285014,-0.833782,0.472807,-0.807461,-0.056964,-0.587187,-0.000108,-0.000519,-0.000368,0.0,0.0,0.0,-0.036108,-0.139528,0.040174,0.298934,-0.492297,-0.040477,0.869481,0.331542,0.914829,0.230438,-0.804111,0.401735,-0.438039,-4e-05,0.000368,0.000343,0.0,-0.0,-0.0,-1.403122,0.049936,0.042701,-0.027452,0.536964,0.009279,0.843553,-0.396434,-0.879875,0.262028,0.744653,-0.475113,-0.468783,-2.6e-05,0.000235,0.000218,-1.2e-05,-1.4e-05,-1.4e-05,-0.843847,0.075507,0.042754,-0.068659,0.464367,-0.45309,-0.760967,-0.236681,-0.891464,0.386359,-0.85343,0.000694,-0.521205,-5.5e-05,-0.000264,-0.000187,-0.033393,0.016652,-0.024695,-0.191559
483,0.121795,0.038445,0.344182,0.514438,-0.55198,-0.65629,-0.28968,-0.832191,0.472775,-0.807766,-0.052418,-0.58719,-0.000227,-0.001091,-0.000774,-1.088101,0.78384,-0.973537,-0.080331,-0.139426,0.040072,0.298977,-0.492238,-0.040775,0.8695,0.331203,0.914927,0.230537,-0.804286,0.401483,-0.437948,4.2e-05,-0.00038,-0.000354,0.0,-0.0,-0.0,-1.402846,0.049987,0.042651,-0.027429,0.536932,0.009581,0.84357,-0.3961,-0.88,0.262113,0.744854,-0.474875,-0.468706,2.2e-05,-0.000208,-0.000195,8e-06,-3.2e-05,3e-06,-0.843847,0.075557,0.042757,-0.0687,0.463848,-0.453526,-0.761024,-0.237649,-0.891241,0.386279,-0.853443,0.001681,-0.521181,-0.000141,-0.000684,-0.000487,-0.022361,0.010319,-0.018231,-0.228953
484,0.121812,0.038455,0.344142,0.52098,-0.545815,-0.656285,-0.2797,-0.835577,0.472811,-0.807098,-0.062089,-0.587166,-0.000184,-0.000881,-0.000625,0.0,-0.0,0.0,-0.122238,-0.139363,0.039966,0.29902,-0.492187,-0.040975,0.86952,0.330903,0.91503,0.230557,-0.804441,0.401226,-0.437898,2e-06,-1.9e-05,-1.8e-05,0.0,0.0,0.0,-1.402809,0.050019,0.042602,-0.027412,0.536899,0.0098,0.843589,-0.395822,-0.880116,0.262144,0.745026,-0.474656,-0.468654,-0.0,3e-06,3e-06,5e-06,-3.1e-05,-2e-06,-0.843683,0.075565,0.042762,-0.06872,0.467998,-0.449167,-0.761069,-0.229671,-0.893428,0.386053,-0.853363,-0.005877,-0.521283,-0.000138,-0.000665,-0.000471,-0.045048,0.022003,-0.034716,-0.262427
485,0.121815,0.038436,0.344104,0.52095,-0.545853,-0.656277,-0.279681,-0.83555,0.472871,-0.807124,-0.062121,-0.587127,-0.000162,-0.000778,-0.000552,0.0,0.0,0.0,-0.17207,-0.139323,0.039886,0.299075,-0.492158,-0.041059,0.869532,0.330664,0.915131,0.230501,-0.804557,0.400989,-0.437903,-1.2e-05,0.000112,0.000104,0.0,0.0,0.0,-1.402876,0.050039,0.042557,-0.027381,0.536878,0.009872,0.843601,-0.395582,-0.88025,0.262054,0.745167,-0.474405,-0.468682,-7e-06,7.3e-05,6.8e-05,-0.0,-5e-06,-6e-06,-0.843194,0.075567,0.042751,-0.068739,0.467181,-0.450097,-0.761021,-0.231408,-0.892969,0.386077,-0.85334,-0.004262,-0.521335,-9.9e-05,-0.000469,-0.000332,-0.031358,0.015065,-0.022628,-0.297208
486,0.121809,0.038407,0.344084,0.520892,-0.545917,-0.656271,-0.27972,-0.83551,0.472918,-0.807149,-0.062094,-0.587096,-0.000251,-0.001206,-0.000856,0.0,0.0,0.0,-0.190056,-0.139309,0.039858,0.299101,-0.492158,-0.041043,0.869533,0.330586,0.915174,0.230441,-0.804589,0.400891,-0.437933,-8e-06,7e-05,6.6e-05,0.0,0.0,0.0,-1.402747,0.050046,0.042543,-0.027367,0.536876,0.009856,0.843602,-0.395511,-0.880301,0.261992,0.745207,-0.474311,-0.468715,-4e-06,3.6e-05,3.3e-05,-1.4e-05,1.9e-05,-2e-05,-0.843194,0.075564,0.042739,-0.068749,0.466877,-0.45045,-0.760998,-0.232051,-0.892793,0.386097,-0.853333,-0.003669,-0.521353,-0.000186,-0.000892,-0.000633,-0.026204,0.011687,-0.020021,-0.31419
487,0.121804,0.038388,0.344058,0.524171,-0.542765,-0.656274,-0.274712,-0.837185,0.472891,-0.806749,-0.06692,-0.587115,-0.000191,-0.000915,-0.00065,7.1e-05,-5.1e-05,6.4e-05,-0.212683,-0.139282,0.039884,0.299136,-0.489705,-0.040425,0.870945,0.331865,0.915023,0.2292,-0.80556,0.401298,-0.435769,-8.1e-05,0.000737,0.000686,0.000144,-0.000575,-0.00047,-1.402605,0.05006,0.042556,-0.027351,0.534376,0.009451,0.845193,-0.396878,-0.880049,0.260768,0.746276,-0.474788,-0.466526,-4.3e-05,0.000385,0.000358,0.00017,0.007941,0.004856,-0.843847,0.075561,0.042728,-0.068762,0.471381,-0.445415,-0.761186,-0.223346,-0.895246,0.38555,-0.853179,-0.011734,-0.521484,-0.000119,-0.000566,-0.0004,-0.03731,0.024059,-0.068803,-0.336561
488,0.121864,0.03835,0.344031,0.525376,-0.541133,-0.656658,-0.275497,-0.838351,0.470362,-0.805698,-0.065542,-0.588712,0.012277,-0.003373,-0.002453,0.000707,0.001131,0.005482,-0.263315,-0.139265,0.03991,0.299171,-0.489642,-0.040707,0.870968,0.331748,0.915015,0.2294,-0.805647,0.401288,-0.435618,-9.1e-05,0.000825,0.000768,0.0,-0.0,-0.0,-1.402309,0.050068,0.042568,-0.027334,0.534414,0.009747,0.845165,-0.396722,-0.880049,0.261004,0.746332,-0.47478,-0.466445,-6.9e-05,0.000615,0.000573,-0.000149,0.000141,0.000175,-0.844173,0.075587,0.042712,-0.068773,0.470349,-0.444874,-0.76214,-0.225855,-0.895555,0.383365,-0.853088,-0.008182,-0.521701,-3.1e-05,-0.000149,-0.000105,-0.037883,0.018912,-0.027162,-0.36628
489,0.121918,0.038329,0.344015,0.522325,-0.544042,-0.656689,-0.280336,-0.836825,0.47022,-0.806009,-0.060843,-0.588791,0.012332,-0.003113,-0.002269,-0.007835,-0.0084,0.021646,-0.290699,-0.139255,0.039911,0.299171,-0.48896,-0.046173,0.871078,0.326429,0.916288,0.231934,-0.808229,0.397781,-0.43405,-2e-06,1.4e-05,1.3e-05,-1.444211,-0.384537,0.719636,-1.400143,0.050073,0.042571,-0.027332,0.534216,0.015013,0.845213,-0.391863,-0.881531,0.263334,0.749036,-0.471885,-0.465046,-3e-06,-1.1e-05,-3.9e-05,-1.465891,-0.381877,0.720567,-0.844663,0.075614,0.0427,-0.068782,0.469846,-0.445265,-0.762221,-0.226625,-0.895367,0.383349,-0.853161,-0.007377,-0.521593,-0.000165,-0.000796,-0.000566,-0.056865,0.033046,-0.081384,-0.385058
490,0.122043,0.038267,0.343983,0.52692,-0.539087,-0.657104,-0.27604,-0.839766,0.467511,-0.804504,-0.064289,-0.590481,-0.00015,-0.000722,-0.000513,-0.0,-0.0,0.0,-0.361507,-0.139119,0.03995,0.299137,-0.488538,-0.049862,0.871112,0.3208,0.918108,0.232595,-0.810733,0.393118,-0.433628,0.013215,0.001329,-0.00033,0.002044,-0.015205,0.029245,-0.948857,0.050141,0.04259,-0.02735,0.534109,0.018989,0.845201,-0.385891,-0.884047,0.263718,0.752206,-0.46701,-0.46485,0.00661,0.000651,-0.000174,0.00252,-0.015574,0.029315,-0.728564,0.075681,0.042667,-0.0688,0.47107,-0.441763,-0.763503,-0.224307,-0.897095,0.380665,-0.853099,-0.008061,-0.521686,0.006223,-0.001281,-0.000941,-0.03451,0.049032,-0.001945,-0.429963
491,0.12218,0.038228,0.343942,0.52836,-0.537177,-0.657512,-0.276623,-0.841086,0.464786,-0.803359,-0.06303,-0.592173,-4.2e-05,-0.000204,-0.000145,-0.0,-0.0,0.0,-0.436584,-0.13866,0.040218,0.29914,-0.486848,-0.062752,0.871225,0.304245,0.922706,0.236607,-0.818094,0.380309,-0.431219,0.012652,0.006297,0.004289,0.004444,-0.033133,0.051889,-0.256182,0.050367,0.042714,-0.027356,0.533533,0.032013,0.845172,-0.369586,-0.890002,0.267021,0.760754,-0.454829,-0.463015,0.005591,0.009037,-0.001308,0.036572,-0.023087,0.043007,-0.555639,0.075749,0.042646,-0.068821,0.472047,-0.438611,-0.764716,-0.222508,-0.898638,0.378072,-0.85303,-0.008312,-0.521794,-1.8e-05,-8.3e-05,-6e-05,-0.06505,0.033069,-0.052317,-0.490217
492,0.122274,0.038207,0.343938,0.52707,-0.535684,-0.659761,-0.275295,-0.842105,0.463728,-0.804661,-0.062128,-0.590498,3.5e-05,0.00017,0.000121,0.003836,0.018457,0.013193,-0.494866,-0.138205,0.040537,0.299392,-0.482316,-0.088065,0.871554,0.282598,0.926027,0.25009,-0.828476,0.367005,-0.422845,0.013941,-0.003929,0.012618,-4.445027,-1.77974,2.95447,0.03281,0.050598,0.042881,-0.027225,0.531292,0.056682,0.84529,-0.34921,-0.894399,0.279465,0.771868,-0.443661,-0.455394,0.006851,-0.001701,0.006247,-4.408272,-1.806794,3.009357,-0.442315,0.075796,0.042636,-0.068823,0.474941,-0.434288,-0.765391,-0.216412,-0.900675,0.376761,-0.852992,-0.013299,-0.521753,2.5e-05,0.00013,9.3e-05,-0.113896,0.057314,-0.084695,-0.534632
493,0.122339,0.038191,0.343927,0.52716,-0.535565,-0.659786,-0.275219,-0.842178,0.46364,-0.804628,-0.062167,-0.590539,-4.1e-05,-0.000199,-0.000141,4.4e-05,0.000278,0.000182,-0.536036,-0.138025,0.040634,0.29954,-0.480313,-0.097982,0.871602,0.27761,0.925598,0.257166,-0.831321,0.365581,-0.418471,-0.000692,0.006049,0.005609,0.392603,-0.287304,0.473225,0.089238,0.050688,0.042929,-0.027151,0.530114,0.067153,0.845262,-0.342205,-0.895126,0.285733,0.775805,-0.440724,-0.45154,0.006213,0.003648,0.002627,1.3555,-1.320299,2.039615,-0.405738,0.075828,0.042629,-0.068828,0.473694,-0.435427,-0.765517,-0.218695,-0.900156,0.376684,-0.853104,-0.011018,-0.521624,-2.5e-05,-0.000118,-8.3e-05,-0.09698,0.047251,-0.064693,-0.560432
