frame,MLTx,MLTy,MLTz,MLTR1,MLTR2,MLTR3,MLTR4,MLTR5,MLTR6,MLTR7,MLTR8,MLTR9,MLTTVx,MLTTVy,MLTTVz,MLTRVx,MLTRVy,MLTRVz,MLGA,MRTx,MRTy,MRTz,MRTR1,MRTR2,MRTR3,MRTR4,MRTR5,MRTR6,MRTR7,MRTR8,MRTR9,MRTTVx,MRTTVy,MRTTVz,MRTRVx,MRTRVy,MRTRVz,MRGA,SLTx,SLTy,SLTz,SLTR1,SLTR2,SLTR3,SLTR4,SLTR5,SLTR6,SLTR7,SLTR8,SLTR9,SLTTVx,SLTTVy,SLTTVz,SLTRVx,SLTRVy,SLTRVz,SLGA,SRTx,SRTy,SRTz,SRTR1,SRTR2,SRTR3,SRTR4,SRTR5,SRTR6,SRTR7,SRTR8,SRTR9,SRTTVx,SRTTVy,SRTTVz,SRTRVx,SRTRVy,SRTRVz,SRGA
553,0.092746,-0.039809,0.284866,-0.44222,-0.278467,-0.85261,0.559353,-0.828683,-0.019527,-0.700553,-0.485207,0.523284,-8.2e-05,-0.000251,-0.000373,-1.559164,-0.645614,0.266662,0.310351,-0.204891,-0.018762,0.278648,-0.557628,0.047247,0.828741,0.097074,-0.987766,0.121769,0.825033,0.148304,0.54515,-0.015595,0.011912,-0.006292,0.443958,0.05759,0.262808,-1.40668,0.023597,0.044268,-0.018677,0.561969,-0.017683,0.826969,-0.13527,0.984347,0.112971,-0.816022,-0.175351,0.55078,-0.007877,0.011752,-0.007011,4.623939,0.624245,3.061846,-0.86932,0.04905,0.030776,-0.063954,0.436337,0.303336,-0.84711,-0.603486,0.796965,-0.025469,0.667392,0.522333,0.530805,0.007448,-0.006912,0.003005,-4.77448,-0.332072,2.787112,0.163925
554,0.092916,-0.039841,0.284784,-0.436942,-0.267276,-0.858889,0.537703,-0.843042,-0.011263,-0.720525,-0.466424,0.513147,0.01569,-0.002862,-0.002297,-0.038281,-0.089824,-0.247646,0.353485,-0.20576,-0.018092,0.278243,-0.565646,0.058365,0.822576,0.083168,-0.988318,0.127455,0.821093,0.140445,0.553122,-0.031241,0.023085,-0.013588,0.07007,-0.012842,-0.029298,-1.406674,0.023169,0.0446,-0.018875,0.57053,-0.029386,0.82075,-0.1196,0.985733,0.11843,-0.812521,-0.165729,0.558876,-0.008045,0.011156,-0.00768,0.036401,-0.046305,0.054335,-0.872259,0.049129,0.03076,-0.063996,0.429528,0.290997,-0.854883,-0.581594,0.813333,-0.015363,0.690835,0.503794,0.518592,-6.5e-05,-0.000204,-0.0003,-0.02818,-0.044067,-0.267766,0.235119
555,0.092962,-0.039822,0.284726,-0.433522,-0.260551,-0.86268,0.524792,-0.851188,-0.006704,-0.732016,-0.455318,0.506819,-0.000212,-0.000647,-0.00096,-0.288372,-1.607675,2.543669,0.374037,-0.206277,-0.01772,0.277991,-0.570536,0.063085,0.818841,0.076131,-0.988638,0.129352,0.818392,0.136073,0.558194,-0.031302,0.02244,-0.014454,0.134454,-0.068901,-0.056594,-1.40657,0.022898,0.044791,-0.019003,0.575495,-0.033973,0.817099,-0.11258,0.986332,0.120301,-0.810019,-0.161222,0.563804,-0.008077,0.010831,-0.00811,0.224834,-0.067219,0.021226,-0.876831,0.049158,0.030769,-0.064025,0.426486,0.285244,-0.858338,-0.569633,0.821838,-0.009922,0.702585,0.49317,0.512987,-4.2e-05,-0.000366,-0.000478,-0.288939,-1.565368,2.572375,0.267451
556,0.092988,-0.039689,0.284557,-0.427327,-0.251655,-0.868393,0.504072,-0.863643,0.002169,-0.749995,-0.436501,0.496993,-0.000416,-0.001271,-0.001885,-0.126975,-0.449904,-0.536055,0.419944,-0.207436,-0.016926,0.277353,-0.585943,0.071367,0.807199,0.061468,-0.989278,0.132227,0.808696,0.127018,0.574231,-0.031567,0.020142,-0.017519,0.279916,-0.701761,0.062229,-1.406725,0.022331,0.045184,-0.019311,0.589165,-0.042606,0.806888,-0.098352,0.987402,0.12395,-0.802004,-0.152386,0.577552,-0.015844,0.009858,-0.009007,0.41054,-1.660781,2.900796,-0.880097,0.049172,0.030837,-0.064107,0.423509,0.274762,-0.863217,-0.548961,0.835841,-0.003281,0.720611,0.475263,0.50482,0.000357,0.005366,-0.004368,0.033192,0.074248,-0.172686,0.332441
557,0.092986,-0.039491,0.284258,-0.421731,-0.240634,-0.874233,0.488097,-0.87276,0.00471,-0.763604,-0.424433,0.486613,-0.000774,-0.002365,-0.003512,-0.137052,-0.487048,-0.523816,0.456055,-0.208732,-0.016207,0.276585,-0.600224,0.079277,0.795888,0.046345,-0.989904,0.133699,0.799186,0.117049,0.589461,-0.031866,0.017795,-0.020671,0.135904,-0.246238,0.002987,-1.40693,0.02166,0.045558,-0.019708,0.60595,-0.04896,0.793994,-0.082784,0.988804,0.12415,-0.791182,-0.140958,0.595113,-0.015937,0.008789,-0.010453,0.1111,-0.194423,0.02355,-0.894304,0.049171,0.030938,-0.064254,0.418708,0.263409,-0.869079,-0.533538,0.845775,-0.000705,0.73486,0.463982,0.494672,-5.8e-05,0.004094,-0.006261,0.020953,0.045062,-0.221259,0.389756
558,0.093048,-0.039268,0.283729,-0.412118,-0.216528,-0.885054,0.480601,-0.876875,-0.009321,-0.773549,-0.428937,0.466543,-0.000829,0.006037,-0.015739,1.075665,-1.738035,1.902175,0.490305,-0.210189,-0.015496,0.275794,-0.61533,0.093586,0.782689,0.023614,-0.99024,0.137114,0.788636,0.102749,0.606102,-0.031892,0.017498,-0.021147,0.501928,-0.206237,0.529385,-1.406243,0.02096,0.045903,-0.020093,0.621499,-0.061387,0.781005,-0.062168,0.989916,0.127278,-0.780944,-0.127657,0.611415,-0.015841,0.008748,-0.010662,4.407721,0.640817,3.420641,-0.898386,0.049203,0.031046,-0.064506,0.40849,0.241594,-0.880208,-0.526334,0.850207,-0.010904,0.745725,0.467738,0.474461,0.007553,0.001953,-0.008472,-0.022237,-0.508235,0.018171,0.442172
559,0.093143,-0.039124,0.283382,-0.407775,-0.210392,-0.888538,0.475828,-0.879463,-0.010187,-0.778786,-0.426692,0.459841,0.014853,0.003166,-0.018072,-0.000467,-0.282304,0.093466,0.504882,-0.210934,-0.015206,0.27544,-0.624793,0.097336,0.774694,0.015566,-0.990396,0.13714,0.781368,0.097635,0.616274,-0.031911,0.017333,-0.021408,0.294428,-0.626358,-0.275744,-1.406586,0.020571,0.04605,-0.020275,0.629381,-0.068042,0.774111,-0.051906,0.990253,0.129241,-0.77536,-0.121523,0.619715,-0.023532,0.008849,-0.010093,0.101764,-0.227298,0.213223,-0.904264,0.049244,0.031114,-0.064676,0.404066,0.232965,-0.884566,-0.521766,0.852978,-0.013695,0.751325,0.467071,0.466212,-0.000426,0.002962,-0.007957,-0.022732,-0.306281,0.036815,0.466012
560,0.09328,-0.038766,0.282562,-0.397804,-0.20055,-0.895309,0.470814,-0.88214,-0.011652,-0.786955,-0.425918,0.446456,-0.000445,0.015802,-0.025979,0.055205,-0.197405,0.132319,0.520614,-0.212521,-0.014686,0.274671,-0.63901,0.117114,0.760225,-0.013388,-0.989831,0.141383,0.769837,0.080034,0.633095,-0.032154,0.015729,-0.023637,1.410173,-0.038614,1.031317,-1.406929,0.019795,0.046311,-0.020651,0.646116,-0.081866,0.758835,-0.029154,0.990857,0.131721,-0.762682,-0.10723,0.637822,-0.02371,0.007703,-0.011679,0.173847,-0.299575,-0.124935,-0.913082,0.049312,0.031293,-0.065086,0.394319,0.222846,-0.891544,-0.516998,0.855859,-0.014735,0.759753,0.466737,0.452692,-0.000236,0.007828,-0.013099,0.064796,-0.055226,-0.017832,0.504712
561,0.093523,-0.038335,0.281602,-0.38514,-0.193856,-0.902293,0.466332,-0.884547,-0.009068,-0.795884,-0.424028,0.4322,0.014406,0.001815,-0.020172,-0.047987,-0.516223,-0.051292,0.521497,-0.214079,-0.014353,0.273784,-0.657119,0.135415,0.741518,-0.041528,-0.988686,0.143906,0.753424,0.063614,0.654346,-0.032637,-0.000311,-0.022189,-0.124677,-1.029093,0.284851,-1.406987,0.018999,0.046489,-0.021096,0.663269,-0.103924,0.741129,0.005157,0.990922,0.134335,-0.748362,-0.085278,0.657784,-0.016459,0.005577,-0.014905,-0.772833,-2.597277,1.571609,-0.918797,0.049434,0.031513,-0.065578,0.383841,0.215269,-0.897955,-0.512577,0.858537,-0.013287,0.768069,0.465372,0.439884,-0.0003,0.007632,-0.013415,-0.068324,-0.623814,-0.359274,0.516142
562,0.093697,-0.03808,0.281038,-0.380634,-0.189862,-0.90505,0.461759,-0.886952,-0.008194,-0.800706,-0.420806,0.426403,0.014829,0.011716,-0.030216,-0.001096,-0.349522,-0.19011,0.521229,-0.214806,-0.014209,0.273175,-0.667363,0.143139,0.730841,-0.055872,-0.988158,0.142674,0.743431,0.054216,0.666509,-0.033326,0.008722,-0.033214,0.295532,-0.590288,-0.291054,-1.406843,0.018648,0.046556,-0.021382,0.673667,-0.112229,0.730463,0.019591,0.990766,0.134155,-0.738774,-0.076065,0.669645,-0.016652,0.00434,-0.016593,0.362575,-0.854364,-0.255524,-0.912755,0.049521,0.031639,-0.065853,0.379245,0.210909,-0.900938,-0.508099,0.861211,-0.012272,0.773309,0.46242,0.433772,0.007553,0.00623,-0.014547,-0.038299,-0.52117,-0.259693,0.517612
563,0.094105,-0.037584,0.279912,-0.374221,-0.182627,-0.909204,0.45272,-0.891607,-0.007301,-0.808854,-0.414128,0.41747,0.014868,0.01186,-0.030068,-4.962842,-0.114104,2.320061,0.521336,-0.215864,-0.014013,0.27169,-0.694198,0.16194,0.701324,-0.086295,-0.986004,0.142419,0.715429,0.038158,0.697544,-0.019152,0.002489,-0.042419,0.441424,-1.063767,-0.133244,-1.406949,0.018094,0.046662,-0.022147,0.701648,-0.130133,0.700538,0.050365,0.989778,0.133418,-0.710741,-0.05833,0.70103,-0.009609,0.000921,-0.021615,0.376869,-0.956406,-0.090556,-0.910469,0.049724,0.031885,-0.066418,0.370703,0.205615,-0.905704,-0.504559,0.863313,-0.010524,0.779743,0.460883,0.423777,0.007403,0.005777,-0.015268,0.077402,-0.001382,0.021898,0.518429
564,0.094735,-0.037143,0.278768,-0.366956,-0.180456,-0.912592,0.448924,-0.893546,-0.003883,-0.814286,-0.410893,0.410041,0.01525,0.013068,-0.028314,0.04964,-0.133929,-0.024733,0.520989,-0.21639,-0.013759,0.269729,-0.733471,0.177443,0.656143,-0.110174,-0.983538,0.142998,0.671625,0.032386,0.74009,-0.019997,0.010756,-0.05481,0.549648,-1.304563,-0.072379,-1.407108,0.017838,0.046782,-0.023109,0.741019,-0.144457,0.65576,0.074137,0.988215,0.133917,-0.667378,-0.050619,0.742996,-0.002377,0.005004,-0.028152,0.572792,-1.574175,0.071899,-0.900182,0.050032,0.032097,-0.066985,0.365295,0.200966,-0.908939,-0.495717,0.868453,-0.00721,0.787923,0.453211,0.416864,0.007621,0.006468,-0.014261,0.046862,-0.166236,-0.038938,0.519082
565,0.09554,-0.036785,0.277758,-0.359793,-0.179362,-0.915655,0.445157,-0.895437,0.000425,-0.81954,-0.407242,0.403158,0.030413,-2e-06,-0.021201,-0.081585,-0.448538,-0.292574,0.520449,-0.216306,-0.013486,0.267493,-0.775222,0.186348,0.603569,-0.129083,-0.982009,0.137586,0.619313,0.02853,0.784538,0.010179,0.008135,-0.059923,0.624868,-1.443108,0.121297,-1.407417,0.017868,0.046916,-0.02423,0.783083,-0.151745,0.60312,0.09278,0.987428,0.127972,-0.614957,-0.044255,0.787317,-0.002503,0.004312,-0.029342,0.643416,-1.60653,0.17287,-0.897406,0.050435,0.032287,-0.067502,0.360324,0.199241,-0.9113,-0.492044,0.870559,-0.004218,0.792501,0.44992,0.411718,0.007737,0.006844,-0.013729,-0.119827,-0.389725,-0.483636,0.519572
566,0.095983,-0.036618,0.277314,-0.360679,-0.176101,-0.915939,0.440385,-0.897793,-0.00086,-0.821724,-0.403465,0.402509,0.015034,0.003797,-0.017403,0.033709,-0.023719,0.01704,0.519601,-0.216113,-0.01336,0.266382,-0.792927,0.189999,0.578928,-0.140269,-0.981482,0.130193,0.593932,0.021805,0.804134,0.010457,0.009766,-0.05789,0.674239,-1.593675,0.287929,-1.407123,0.017963,0.046974,-0.024792,0.800671,-0.154878,0.578738,0.103763,0.987257,0.120649,-0.59005,-0.036548,0.806539,0.005186,0.004433,-0.029564,0.706781,-1.668486,0.172856,-0.896753,0.050662,0.032367,-0.067728,0.35914,0.196209,-0.912425,-0.487518,0.873102,-0.00414,0.795828,0.446311,0.409221,0.015515,0.000923,-0.009225,0.042919,-0.007526,0.066382,0.518919
567,0.097071,-0.036286,0.276573,-0.35704,-0.180434,-0.916521,0.43624,-0.899786,0.00714,-0.825517,-0.397058,0.401115,0.031823,0.004491,-0.014473,0.035094,-0.050729,0.07049,0.517856,-0.215629,-0.01332,0.264311,-0.826944,0.197015,0.52663,-0.162296,-0.980318,0.112114,0.539386,0.00701,0.841948,0.01072,-0.001719,-0.050705,0.827996,-1.759174,0.086342,-1.407372,0.018206,0.046998,-0.02583,0.834324,-0.161723,0.527017,0.125985,0.986637,0.103316,-0.536683,-0.019803,0.84355,0.005436,-0.000607,-0.024992,0.623744,-1.347421,0.155374,-0.898059,0.051187,0.032529,-0.068097,0.355316,0.200501,-0.912989,-0.483571,0.875295,0.004027,0.799942,0.440064,0.407963,0.016431,0.008179,-0.010774,0.073463,-0.033452,0.092936,0.517449
568,0.098201,-0.035939,0.276101,-0.357038,-0.180687,-0.916473,0.426644,-0.904324,0.012023,-0.830517,-0.386498,0.401109,0.032811,0.007757,-0.009563,0.036264,-0.049344,0.073588,0.51677,-0.215087,-0.013392,0.262511,-0.85508,0.204521,0.476444,-0.182589,-0.978775,0.092701,0.486362,-0.007968,0.873643,0.011375,0.002038,-0.045757,0.902725,-1.669109,-0.067809,-1.407618,0.01848,0.046957,-0.026755,0.863053,-0.168834,0.476061,0.146586,0.98564,0.08381,-0.483375,-0.002549,0.875409,0.005738,0.001142,-0.022711,0.896642,-1.664237,-0.067102,-0.897733,0.051763,0.032702,-0.068342,0.355439,0.200648,-0.912908,-0.474265,0.880337,0.008835,0.80544,0.42982,0.408067,0.016485,0.004105,-0.004451,0.04077,0.055368,-0.057046,0.515653
569,0.09878,-0.035807,0.275952,-0.358885,-0.183617,-0.915167,0.421689,-0.906575,0.016469,-0.832246,-0.379785,0.403926,0.032882,0.008066,-0.009131,0.036524,-0.046706,0.074576,0.514822,-0.21484,-0.013572,0.261717,-0.867622,0.207912,0.451658,-0.191739,-0.97797,0.082119,0.45987,-0.015598,0.887772,0.011591,-0.009829,-0.038841,0.845358,-1.576625,-0.025676,-1.407519,0.018595,0.046881,-0.027122,0.874877,-0.171606,0.452923,0.155026,0.985148,0.073808,-0.458863,0.005642,0.888488,0.005904,-0.004432,-0.018729,0.79458,-1.492336,0.067676,-0.900345,0.052042,0.032767,-0.06841,0.357263,0.203618,-0.911538,-0.469423,0.882874,0.013233,0.807468,0.423169,0.411001,0.016567,0.004407,-0.00401,0.039308,-0.061495,0.103016,0.51451
570,0.09997,-0.0357,0.275813,-0.363003,-0.191146,-0.911997,0.411819,-0.910852,0.026931,-0.83539,-0.365572,0.410496,0.033041,0.008734,-0.008191,0.010046,0.100932,-0.149923,0.510291,-0.214319,-0.014101,0.260475,-0.895523,0.210343,0.392155,-0.200491,-0.977388,0.066702,0.398443,-0.019138,0.916918,0.012225,-0.006252,-0.033968,-0.648325,-3.734385,0.734512,-1.407396,0.01886,0.046604,-0.027762,0.902301,-0.173075,0.394839,0.164161,0.984811,0.056539,-0.398628,0.013802,0.917008,0.013977,-0.00899,-0.013624,0.826167,-1.505688,0.090129,-0.900509,0.052649,0.032825,-0.06848,0.360972,0.211223,-0.90834,-0.459876,0.887667,0.023662,0.811302,0.409183,0.41756,0.016221,-0.000985,0.000308,-0.086471,0.22284,-0.311511,0.510101
571,0.101099,-0.035704,0.275855,-0.368014,-0.194197,-0.909339,0.397018,-0.917123,0.035126,-0.84034,-0.347864,0.415748,0.032573,-0.001403,0.001429,-0.001399,0.077392,-0.108181,0.49683,-0.213648,-0.014561,0.259555,-0.922807,0.191194,0.33446,-0.18676,-0.981294,0.04601,0.338161,-0.020229,0.940798,0.028964,-0.012024,-0.018745,0.637615,-1.3239,0.119758,-1.407444,0.019188,0.046371,-0.028235,0.930426,-0.152825,0.333092,0.149531,0.988113,0.035667,-0.334584,0.016622,0.942219,0.006795,-0.005841,-0.008847,0.68825,-1.486218,-0.389734,-0.902468,0.053215,0.032827,-0.068463,0.365794,0.214503,-0.905639,-0.445494,0.894713,0.031978,0.817147,0.39176,0.422841,0.016384,-0.000384,0.001181,-0.003222,0.165778,-0.246656,0.496058
572,0.102151,-0.03568,0.276057,-0.374305,-0.196482,-0.906276,0.387404,-0.921044,0.039621,-0.842039,-0.336028,0.421999,0.017457,0.003269,0.006689,-0.000425,0.079301,-0.112206,0.493979,-0.213053,-0.014858,0.259021,-0.946367,0.162613,0.279175,-0.162605,-0.986372,0.023738,0.280423,-0.023117,0.959527,0.014316,-0.007167,-0.011123,-0.805966,-1.437032,-5.074802,-1.407709,0.019492,0.046223,-0.028502,0.951753,-0.129635,0.278136,0.130835,0.9913,0.014328,-0.277574,0.022753,0.960434,0.007217,-0.003341,-0.00522,0.781466,-1.373973,0.150902,-0.904754,0.053746,0.032836,-0.068366,0.3721,0.217039,-0.90246,-0.436129,0.899146,0.036418,0.819348,0.380038,0.429229,0.01663,0.000509,0.0025,-0.003313,0.04752,-0.091859,0.485117
573,0.102647,-0.035638,0.276189,-0.379027,-0.198267,-0.903921,0.382442,-0.923008,0.042032,-0.842189,-0.329527,0.426798,0.017586,0.003762,0.007406,0.015412,0.159068,-0.061221,0.493414,-0.212783,-0.014986,0.258821,-0.955101,0.153772,0.253236,-0.154423,-0.98781,0.017857,0.254099,-0.022227,0.966852,0.014453,-0.006391,-0.010005,0.420349,-1.089823,-0.076163,-1.407572,0.019632,0.046159,-0.028602,0.961291,-0.114828,0.250466,0.116741,0.993135,0.007257,-0.24958,0.022263,0.968097,0.007275,-0.003013,-0.00475,0.402939,-1.062715,-0.072187,-0.907857,0.053994,0.032857,-0.068299,0.37669,0.219088,-0.900057,-0.431337,0.901352,0.038881,0.819787,0.373583,0.434031,0.008799,0.001908,0.003731,0.014148,0.163291,-0.055014,0.482668
574,0.103552,-0.035511,0.276506,-0.388412,-0.200871,-0.899351,0.372246,-0.926968,0.046215,-0.84247,-0.316588,0.43594,0.017782,0.004554,0.008536,0.030595,0.104946,0.139405,0.493449,-0.212215,-0.015059,0.258671,-0.971349,0.126111,0.201418,-0.128452,-0.99168,0.002008,0.201221,-0.024064,0.97918,0.015237,0.011839,-0.00775,-0.335591,-1.15856,-5.268395,-1.408028,0.01991,0.046114,-0.028679,0.97534,-0.093223,0.200049,0.096568,0.995301,-0.00701,-0.198456,0.026155,0.97976,0.007814,0.000321,0.000149,0.807161,-1.194323,0.02022,-0.902142,0.054447,0.032921,-0.06814,0.385717,0.222372,-0.895417,-0.42146,0.905807,0.043401,0.820727,0.360642,0.443106,0.016811,0.001261,0.003568,0.040828,0.231675,0.027382,0.480545
575,0.104367,-0.035395,0.276925,-0.400489,-0.207459,-0.892532,0.356914,-0.932411,0.056517,-0.843435,-0.295673,0.448579,0.018092,0.005746,0.010255,-0.078419,0.251881,-0.278555,0.492846,-0.211579,-0.014973,0.258717,-0.982888,0.099656,0.154891,-0.103762,-0.994408,-0.017902,0.153483,-0.033775,0.987505,0.015873,0.002468,0.002999,0.603534,-0.879458,0.112401,-1.407475,0.020228,0.046164,-0.028656,0.986469,-0.060577,0.152339,0.065529,0.997465,-0.0277,-0.150276,0.037308,0.987939,0.00793,0.001086,0.001265,0.764107,-0.990995,-0.024652,-0.900999,0.054854,0.032979,-0.067932,0.397761,0.229135,-0.888415,-0.406418,0.912131,0.05329,0.822562,0.339872,0.455935,0.00909,0.003019,0.005339,-0.318675,0.574142,-0.776156,0.480055
576,0.10474,-0.035324,0.277139,-0.409413,-0.207014,-0.888578,0.346619,-0.936175,0.058339,-0.843433,-0.283863,0.456146,0.017933,0.005265,0.0095,0.027212,0.496676,-0.064828,0.490136,-0.211258,-0.014842,0.258749,-0.988519,0.080792,0.127649,-0.084496,-0.996126,-0.022966,0.126549,-0.033571,0.991323,0.015738,0.015213,-0.002815,0.670251,-1.040715,0.104219,-1.407185,0.020395,0.046232,-0.028637,0.991312,-0.042138,0.124593,0.046527,0.998386,-0.032531,-0.123021,0.038046,0.991674,0.007915,0.007795,-0.001148,0.744274,-1.077067,0.093425,-0.901978,0.055041,0.033016,-0.067822,0.405278,0.229534,-0.884908,-0.396426,0.916348,0.05613,0.823768,0.328053,0.46237,0.008993,0.002743,0.004911,-0.005744,0.573949,0.261585,0.479239
577,0.105415,-0.035127,0.277531,-0.419191,-0.210804,-0.883112,0.337966,-0.938988,0.063658,-0.84213,-0.271522,0.465961,0.017796,0.004918,0.008916,0.005249,0.220483,-0.258247,0.483539,-0.210524,-0.014247,0.25882,-0.99604,0.044159,0.077107,-0.046734,-0.998411,-0.030425,0.076901,-0.033945,0.996392,0.01632,0.019271,0.003097,0.150522,-0.680774,-5.292698,-1.407325,0.020744,0.046514,-0.028606,0.997117,-0.011121,0.075044,0.014077,0.99914,-0.038977,-0.074546,0.039921,0.996417,0.007998,0.015291,-0.002422,0.590239,-1.13099,-0.039622,-0.902305,0.055379,0.033116,-0.067624,0.416201,0.233429,-0.878798,-0.387838,0.919731,0.06062,0.822409,0.315601,0.473326,0.008902,0.002489,0.0045,-0.004266,0.079286,-0.109841,0.470258
578,0.106062,-0.034918,0.277878,-0.425441,-0.21079,-0.880121,0.328834,-0.942022,0.0666,-0.842604,-0.260825,0.471187,0.01761,0.004383,0.008061,-0.001101,0.076691,-0.113857,0.481226,-0.209674,-0.013248,0.258796,-0.999352,0.015243,0.032481,-0.016447,-0.999269,-0.033535,0.033211,-0.034047,0.9988,0.016019,0.031514,-0.003507,0.261654,-0.735178,0.187838,-1.4071,0.021176,0.047008,-0.028607,0.999262,0.023712,0.030171,-0.022407,0.998827,-0.0429,-0.031153,0.042193,0.998622,0.015763,0.015897,-0.001912,-1.026693,-3.031863,0.17181,-0.898223,0.055696,0.033219,-0.067453,0.422055,0.233846,-0.87589,-0.37889,0.923231,0.063914,0.823596,0.304891,0.478256,0.008788,0.00215,0.003966,-0.001915,0.070108,-0.118405,0.463726
579,0.106356,-0.034843,0.278051,-0.428328,-0.211322,-0.878591,0.329141,-0.941953,0.06604,-0.841016,-0.260638,0.474116,0.017619,0.00447,0.008164,0.008966,0.000751,0.073414,0.480276,-0.209289,-0.012646,0.258759,-0.999895,0.00386,0.013659,-0.004416,-0.999431,-0.032426,0.014792,-0.032469,0.999295,0.016228,0.033199,-0.001086,0.088059,-0.620307,0.33231,-1.407139,0.021373,0.047318,-0.02863,0.999331,0.035213,0.009774,-0.03477,0.998497,-0.04234,-0.011251,0.041972,0.999055,0.008105,0.016406,-0.000836,-0.321219,-1.112182,0.293091,-0.899202,0.055849,0.033257,-0.067364,0.42516,0.234735,-0.874149,-0.379333,0.923086,0.06338,0.821793,0.304648,0.481502,0.008801,0.002219,0.004051,-0.002016,0.083933,-0.107935,0.462093
580,0.106859,-0.03468,0.278371,-0.431141,-0.20746,-0.878136,0.318384,-0.945575,0.067014,-0.843711,-0.250441,0.474823,0.001518,0.005397,0.007963,-0.002514,0.106711,-0.167827,0.479,-0.20861,-0.011181,0.258686,-0.999425,-0.026804,-0.020553,0.027279,-0.999174,-0.028996,-0.018493,-0.029487,0.999326,0.016131,0.047088,-0.00532,0.088391,-0.49207,0.160763,-1.40687,0.021719,0.048064,-0.028667,0.997572,0.065004,-0.02496,-0.065936,0.997078,-0.038552,0.02238,0.040104,0.998944,0.008098,0.023644,-0.00253,0.056165,-0.474858,0.17014,-0.8961,0.056108,0.033342,-0.067199,0.427874,0.231036,-0.87381,-0.368752,0.927279,0.064608,0.825194,0.294575,0.481953,0.000753,0.002691,0.003965,-0.001607,0.105635,-0.169133,0.459807
581,0.107253,-0.034511,0.278688,-0.4322,-0.203739,-0.878486,0.312293,-0.94767,0.06608,-0.845442,-0.24554,0.474305,0.001627,0.005816,0.008554,0.000367,-0.01546,0.024319,0.479093,-0.208028,-0.009512,0.258672,-0.997358,-0.052162,-0.05047,0.053595,-0.998084,-0.02984,-0.047553,-0.032382,0.998275,0.016277,0.04884,-0.002906,0.590934,-0.533543,-0.039131,-1.406541,0.02201,0.048899,-0.028673,0.994566,0.088929,-0.054117,-0.09104,0.995126,-0.037876,0.050485,0.042596,0.997815,0.00817,0.024513,-0.001341,0.748979,-0.62662,-0.038238,-0.89316,0.056303,0.033423,-0.067046,0.42912,0.227409,-0.874151,-0.362807,0.92968,0.063753,0.827179,0.28979,0.48145,0.008653,0.001777,0.003356,0.002403,-0.030237,0.053289,0.459317
582,0.107554,-0.034406,0.279013,-0.434709,-0.20508,-0.876936,0.306196,-0.949364,0.070172,-0.846382,-0.237762,0.476585,0.001449,0.005203,0.00763,-0.298312,0.448567,-0.593907,0.478181,-0.207388,-0.007777,0.258691,-0.99434,-0.070735,-0.079212,0.073389,-0.996737,-0.032624,-0.075385,-0.038143,0.996356,0.016578,0.037691,0.005055,0.566594,-0.266076,-1.754286,-1.406506,0.022331,0.049768,-0.028661,0.990759,0.106744,-0.083664,-0.110491,0.99301,-0.041496,0.07865,0.050357,0.995629,0.008279,0.018915,0.0026,0.615095,-0.285357,-1.768962,-0.885323,0.056454,0.033476,-0.066883,0.431361,0.228126,-0.87286,-0.356841,0.931746,0.067167,0.828607,0.282499,0.483324,0.008584,0.001389,0.002763,-0.992022,1.517259,-2.00754,0.458501
583,0.107669,-0.034381,0.279169,-0.435411,-0.207247,-0.876078,0.305996,-0.94926,0.072418,-0.846093,-0.236295,0.477827,0.000558,-0.006805,0.014525,-0.034552,0.001626,0.008071,0.478264,-0.207065,-0.006934,0.258763,-0.993059,-0.072451,-0.092607,0.075911,-0.996443,-0.035683,-0.088433,-0.042354,0.995113,0.016682,0.038846,0.006622,0.289285,-0.221231,-0.017048,-1.406343,0.022486,0.050174,-0.028629,0.989237,0.109125,-0.097474,-0.113926,0.992464,-0.045113,0.091816,0.055732,0.994215,0.008378,0.019624,0.003588,0.287516,-0.103383,-0.171266,-0.888262,0.056513,0.033491,-0.066801,0.43212,0.231126,-0.871695,-0.356688,0.931582,0.070185,0.828278,0.280595,0.484995,0.000256,-0.003473,0.007158,-0.03126,-0.002447,0.012898,0.458664
584,0.107857,-0.034375,0.279466,-0.437428,-0.206992,-0.875132,0.300035,-0.950969,0.074899,-0.847183,-0.229558,0.479177,0.016077,-0.009596,0.011896,-0.033644,-0.013119,0.037713,0.476924,-0.206364,-0.005465,0.25911,-0.989708,-0.078441,-0.119649,0.084424,-0.995298,-0.046783,-0.114161,-0.056284,0.991797,0.016661,0.039552,0.007438,0.378924,-0.366272,-0.100927,-1.406542,0.022843,0.050925,-0.02845,0.985595,0.11445,-0.124508,-0.122156,0.990923,-0.056102,0.116957,0.070503,0.990631,0.008337,0.019828,0.003775,0.365637,-0.348611,-0.101356,-0.888915,0.0566,0.033497,-0.066657,0.434125,0.230956,-0.870743,-0.350887,0.933592,0.072685,0.829706,0.273978,0.486335,0.000433,0.001577,0.002303,0.000646,-0.000397,0.000409,0.457521
585,0.107995,-0.034435,0.27972,-0.439435,-0.206599,-0.874219,0.293952,-0.952673,0.077321,-0.848274,-0.222752,0.480459,0.000548,0.001983,0.002894,-4.831396,0.427315,2.655268,0.476846,-0.205682,-0.004393,0.259658,-0.986299,-0.083522,-0.142227,0.092166,-0.994125,-0.05616,-0.135449,-0.068373,0.988353,0.016854,0.027395,0.013892,0.363174,-0.274434,-0.093932,-1.406207,0.023178,0.051451,-0.02818,0.981951,0.119207,-0.146835,-0.129842,0.989396,-0.065077,0.13752,0.082968,0.987017,0.008444,0.013851,0.007149,0.446878,-0.335739,-0.10137,-0.890711,0.056676,0.033465,-0.066525,0.434769,0.233175,-0.869829,-0.35045,0.933565,0.075094,0.829553,0.272183,0.487602,-3e-05,-0.004499,0.005649,-0.034384,0.016834,-0.016282,0.456052
586,0.108072,-0.034489,0.279831,-0.439424,-0.206305,-0.874294,0.293613,-0.952788,0.077195,-0.848397,-0.222534,0.480342,0.015437,-0.011895,0.008527,-0.033929,0.002289,0.013315,0.476753,-0.205385,-0.003951,0.259995,-0.9849,-0.08452,-0.151063,0.093981,-0.993884,-0.057413,-0.144036,-0.070616,0.98698,0.016886,0.027969,0.014599,0.147959,-0.136701,0.028404,-1.40694,0.023333,0.051681,-0.028008,0.980343,0.120593,-0.156153,-0.132314,0.988944,-0.066942,0.146354,0.086288,0.985461,0.008443,0.014041,0.007368,0.090247,-0.079784,0.030937,-0.890548,0.056708,0.033443,-0.066471,0.43614,0.230351,-0.869896,-0.344598,0.935747,0.075017,0.831284,0.267047,0.487495,0.000209,0.000773,0.001127,0.000527,-3.8e-05,-0.000283,0.455725
587,0.108218,-0.034581,0.279965,-0.43942,-0.205907,-0.87439,0.293144,-0.952946,0.077027,-0.848561,-0.222226,0.480195,0.0001,0.000364,0.000531,0.0,0.0,0.0,0.475116,-0.204821,-0.003226,0.260762,-0.98314,-0.087074,-0.160764,0.098382,-0.993022,-0.064509,-0.152777,-0.079106,0.98502,0.017026,0.015102,0.020066,0.126122,-0.012215,-0.156211,-1.406809,0.023609,0.052041,-0.027628,0.978541,0.122715,-0.165518,-0.136349,0.987919,-0.073649,0.15448,0.094637,0.983452,0.008522,0.007693,0.010221,0.146084,-0.13894,-0.00963,-0.89561,0.056781,0.033393,-0.066401,0.43616,0.229976,-0.869985,-0.344138,0.935928,0.074877,0.831464,0.266737,0.487358,-0.000287,-0.005441,0.004273,-0.034563,0.016956,-0.016443,0.455072
588,0.108391,-0.034663,0.27999,-0.439366,-0.205379,-0.874542,0.292781,-0.953086,0.076671,-0.848714,-0.222115,0.479975,0.015452,-0.003032,-0.002977,0.000602,0.000697,0.005203,0.474885,-0.20427,-0.002829,0.261476,-0.981775,-0.092271,-0.166117,0.1053,-0.991788,-0.07213,-0.156851,-0.08817,0.98361,0.016758,-0.001231,0.020821,0.375628,-0.163609,-0.357426,-1.407297,0.023891,0.05225,-0.027258,0.977196,0.12721,-0.17001,-0.142366,0.986567,-0.080101,0.157536,0.102478,0.982181,0.00835,-0.000762,0.010196,0.503016,-0.262434,-0.349342,-0.899855,0.056868,0.033353,-0.066387,0.43613,0.229431,-0.870144,-0.343784,0.936087,0.074509,0.831626,0.266646,0.48713,-1.1e-05,-3.8e-05,-5.8e-05,0.000248,-3e-06,-0.000152,0.454092
589,0.108567,-0.034703,0.279984,-0.439337,-0.205054,-0.874632,0.292611,-0.953158,0.076422,-0.848788,-0.222105,0.47985,0.015724,-0.002043,-0.001541,0.000984,-0.014715,0.029553,0.472902,-0.203796,-0.0027,0.261996,-0.979986,-0.100043,-0.172075,0.115188,-0.989995,-0.081095,-0.160996,-0.099146,0.981893,0.015763,0.005842,0.007153,0.588809,-0.294263,-0.443946,-1.407276,0.024129,0.052317,-0.026995,0.975213,0.134415,-0.175757,-0.151667,0.984446,-0.088663,0.161106,0.113123,0.980432,0.007836,0.002643,0.003183,0.550453,-0.264449,-0.444876,-0.897079,0.056961,0.033329,-0.066395,0.436118,0.229107,-0.870235,-0.343624,0.936166,0.074257,0.831698,0.266649,0.487006,0.007859,-0.001031,-0.000785,0.001152,-0.014732,0.029484,0.452459
590,0.108663,-0.034711,0.279982,-0.43931,-0.204845,-0.874695,0.29253,-0.953197,0.076248,-0.84883,-0.222132,0.479763,0.01589,-0.001436,-0.000659,0.000984,-0.014715,0.029553,0.472676,-0.203623,-0.00273,0.262189,-0.978849,-0.104283,-0.175989,0.120782,-0.988872,-0.086478,-0.163769,-0.105752,0.980744,0.015562,0.004287,0.005014,0.583995,-0.407742,-0.27939,-1.406991,0.024209,0.052302,-0.026906,0.973979,0.13824,-0.179591,-0.156845,0.983154,-0.093837,0.163594,0.119564,0.979255,0.000442,-0.003825,0.006393,0.104997,-0.086722,-0.099089,-0.89463,0.057002,0.033324,-0.066398,0.436103,0.228922,-0.870291,-0.343557,0.936203,0.074103,0.831734,0.266678,0.486929,0.000132,0.000476,0.000688,0.000121,-1.9e-05,-7.7e-05,0.451479
591,0.108842,-0.034732,0.279985,-0.439264,-0.204466,-0.874806,0.292361,-0.953273,0.075943,-0.848912,-0.222154,0.479608,0.015779,-0.001836,-0.001246,0.000984,-0.014715,0.029553,0.472411,-0.203445,-0.002949,0.262491,-0.976447,-0.111542,-0.184663,0.130967,-0.986574,-0.097224,-0.1701,-0.118956,0.978151,0.000246,0.001986,0.00271,0.551472,-0.357014,-0.315012,-1.407217,0.024304,0.052187,-0.026753,0.97123,0.145621,-0.188429,-0.1673,0.980329,-0.10471,0.169474,0.133222,0.976488,0.000293,-0.005022,0.004761,0.014662,-0.023446,-0.064655,-0.890221,0.057093,0.033315,-0.066395,0.436079,0.228543,-0.870403,-0.343393,0.936287,0.0738,0.831815,0.266708,0.486775,3.3e-05,0.000119,0.000169,9.4e-05,-6e-06,-4.6e-05,0.450663
592,0.109056,-0.034767,0.27999,-0.439218,-0.20403,-0.874931,0.292148,-0.953365,0.075601,-0.849009,-0.222158,0.479434,0.015957,-0.001181,-0.0003,0.000984,-0.014715,0.029553,0.472045,-0.203449,-0.003136,0.26276,-0.97519,-0.114544,-0.189405,0.135512,-0.985439,-0.102366,-0.173684,-0.125326,0.976724,0.000372,0.003006,0.004098,0.045386,-0.046081,-0.002318,-1.407561,0.024301,0.052088,-0.026627,0.969389,0.149781,-0.194546,-0.173568,0.978486,-0.111521,0.173657,0.141874,0.974532,0.000316,-0.004848,0.005002,-0.035531,0.022059,-0.043696,-0.893977,0.057199,0.033296,-0.066395,0.436056,0.228106,-0.870529,-0.343183,0.936391,0.073461,0.831913,0.266718,0.486601,0.000134,0.000488,0.000706,0.00045,-0.015433,0.024294,0.450173
593,0.109162,-0.034789,0.279986,-0.439199,-0.203833,-0.874987,0.292049,-0.953408,0.075447,-0.849053,-0.222157,0.479356,3e-06,1.2e-05,1.8e-05,0.0,0.0,0.0,0.471111,-0.203517,-0.00319,0.262918,-0.975428,-0.110208,-0.190748,0.13158,-0.985812,-0.103891,-0.175353,-0.126275,0.976303,0.000814,-0.008301,0.011901,0.027175,-0.045967,-0.016522,-1.407605,0.024266,0.052065,-0.026552,0.969842,0.145321,-0.195673,-0.169471,0.979051,-0.112862,0.175172,0.14262,0.974153,-0.007302,0.001737,0.00279,0.031271,0.101801,-0.182822,-0.892671,0.057258,0.033286,-0.066394,0.436046,0.227885,-0.870592,-0.343078,0.936443,0.073287,0.831961,0.266724,0.486515,-1e-06,-5e-06,-1.2e-05,5.8e-05,-8e-06,-3.7e-05,0.449357
594,0.109378,-0.034822,0.280012,-0.43915,-0.203372,-0.875119,0.291804,-0.953511,0.075097,-0.849162,-0.222139,0.479171,0.01595,-0.001197,-0.000332,0.000984,-0.014715,0.029553,0.469723,-0.2037,-0.003269,0.263344,-0.975842,-0.101857,-0.193262,0.123993,-0.986491,-0.106749,-0.178539,-0.127983,0.975504,0.0007,0.005624,0.007642,0.124816,-0.097851,-0.047701,-1.407466,0.02418,0.05202,-0.026346,0.970672,0.136595,-0.197826,-0.161444,0.980109,-0.115412,0.178127,0.143965,0.973418,0.0005,-0.003394,0.006981,0.157905,-0.132133,-0.088001,-0.891691,0.05736,0.033268,-0.066384,0.436024,0.227447,-0.870718,-0.342846,0.936553,0.072959,0.832069,0.26671,0.48634,0.000154,0.000559,0.000811,0.000434,-0.015407,0.024333,0.447887
595,0.109505,-0.034802,0.28005,-0.43909,-0.202996,-0.875236,0.291658,-0.95358,0.074786,-0.849244,-0.222187,0.479004,0.000223,0.000824,0.001199,0.0,0.0,0.0,0.468135,-0.203936,-0.003375,0.263962,-0.97576,-0.094819,-0.197215,0.118226,-0.986716,-0.111124,-0.182819,-0.131605,0.974228,0.001439,-0.003277,0.01868,0.129804,-0.110199,-0.086975,-1.40758,0.024056,0.051966,-0.026038,0.970828,0.12937,-0.20188,-0.155615,0.980499,-0.120014,0.182417,0.147929,0.972029,-0.006744,-0.001224,0.010324,0.160229,-0.132528,-0.11134,-0.893487,0.05743,0.033278,-0.066363,0.435983,0.227045,-0.870843,-0.342694,0.936635,0.07263,0.832153,0.266767,0.486164,0.000137,0.000509,0.000739,2.4e-05,-9e-06,-1.8e-05,0.445601
596,0.109576,-0.034774,0.280115,-0.439042,-0.202712,-0.875326,0.291526,-0.953638,0.074566,-0.849314,-0.222198,0.478875,0.000357,0.001316,0.001914,0.0,0.0,0.0,0.467557,-0.204205,-0.003472,0.264873,-0.975673,-0.082453,-0.203115,0.107693,-0.987229,-0.117115,-0.189625,-0.136014,0.97232,0.001962,0.000891,0.024233,-0.982409,-0.781092,5.304372,-1.407841,0.023921,0.051914,-0.025587,0.970451,0.122698,-0.207772,-0.150962,0.980463,-0.126102,0.18824,0.153741,0.970015,-0.006506,0.000679,0.012854,0.162245,-0.132713,-0.118235,-0.893324,0.057465,0.033292,-0.066332,0.435951,0.226761,-0.870933,-0.342564,0.936699,0.072411,0.832223,0.266783,0.486035,0.000205,0.000754,0.001096,0.000414,-0.015411,0.024352,0.443805
597,0.10958,-0.034771,0.280156,-0.439038,-0.202662,-0.87534,0.291461,-0.953659,0.074548,-0.849338,-0.222154,0.478853,0.000263,0.000971,0.001413,0.0,0.0,0.0,0.467325,-0.204353,-0.003523,0.265453,-0.975317,-0.07894,-0.206194,0.10514,-0.987163,-0.11995,-0.192839,-0.138546,0.97133,-0.01287,0.00227,0.02685,0.050232,-0.188065,0.376395,-1.407762,0.023852,0.051894,-0.025309,0.97079,0.115011,-0.210564,-0.144164,0.981141,-0.128751,0.191785,0.155346,0.969064,-0.006666,0.001384,0.013695,-0.87726,-0.876424,5.223813,-0.89414,0.057467,0.033294,-0.066311,0.43595,0.22671,-0.870947,-0.3425,0.936724,0.072393,0.83225,0.26674,0.486013,0.000159,0.000593,0.00086,1.3e-05,1e-06,-1.3e-05,0.443315
598,0.109575,-0.034777,0.280237,-0.439046,-0.202618,-0.875346,0.291331,-0.953697,0.074571,-0.849379,-0.222031,0.478837,0.000139,0.000514,0.000747,0.0,0.0,0.0,0.467645,-0.204558,-0.003688,0.266744,-0.97539,-0.065407,-0.210541,0.092744,-0.987996,-0.123274,-0.198711,-0.139661,0.969986,-0.012238,-0.00747,0.036598,0.169432,-0.27896,0.270333,-1.407559,0.023751,0.051813,-0.024651,0.971682,0.099911,-0.214129,-0.129993,0.982778,-0.131333,0.19732,0.155449,0.967936,0.001372,-0.003523,0.018178,0.111547,-0.58455,1.41201,-0.892834,0.057465,0.033292,-0.066268,0.43596,0.226666,-0.870953,-0.342373,0.936768,0.072418,0.832297,0.26662,0.485998,7.6e-05,0.000287,0.000415,1.9e-05,-1e-05,-8e-06,0.443152
599,0.109579,-0.034786,0.280297,-0.439052,-0.202576,-0.875352,0.291225,-0.953728,0.074583,-0.849412,-0.221934,0.478823,9.3e-05,0.000345,0.000501,0.0,0.0,0.0,0.46785,-0.204792,-0.004192,0.26832,-0.978373,-0.039088,-0.203101,0.068211,-0.987904,-0.139022,-0.193966,-0.149798,0.969433,-0.011799,-0.018624,0.044442,-0.188017,-0.365844,1.467904,-1.407678,0.023629,0.051561,-0.023847,0.975496,0.074017,-0.207189,-0.106096,0.983238,-0.148271,0.192742,0.16662,0.966999,-0.005935,-0.009314,0.022231,-0.199704,-0.377712,1.478559,-0.896263,0.057467,0.033288,-0.066239,0.435969,0.226625,-0.87096,-0.342269,0.936805,0.072431,0.832335,0.266525,0.485984,5.1e-05,0.000187,0.000272,1.5e-05,6e-06,-7e-06,0.443152
600,0.10958,-0.03479,0.28031,-0.439055,-0.20257,-0.875352,0.2912,-0.953735,0.07459,-0.849419,-0.221909,0.478822,0.000229,0.000844,0.001227,0.0,0.0,0.0,0.467592,-0.20488,-0.004629,0.269165,-0.979681,-0.022714,-0.199247,0.053385,-0.987129,-0.150534,-0.192018,-0.158061,0.968509,-0.011685,-0.032277,0.049096,0.317263,-0.231913,0.430929,-1.407524,0.023586,0.051346,-0.023419,0.977535,0.057077,-0.202892,-0.09049,0.983052,-0.159432,0.190353,0.174211,0.966134,-0.005866,-0.016196,0.024483,0.375286,-0.27059,0.433404,-0.900835,0.057467,0.033284,-0.066235,0.435971,0.226619,-0.87096,-0.342245,0.936813,0.072439,0.832344,0.266501,0.485984,0.000127,0.000468,0.000681,0.000408,-0.0154,0.024351,0.443152
601,0.109626,-0.034801,0.280298,-0.439016,-0.202358,-0.875421,0.291118,-0.953774,0.074416,-0.849467,-0.221937,0.478724,0.015715,-0.002039,-0.001565,0.000984,-0.014715,0.029553,0.467368,-0.205107,-0.00585,0.27086,-0.980878,0.005486,-0.194524,0.02835,-0.984775,-0.171317,-0.191255,-0.173539,0.966007,-0.012146,-0.03574,0.044494,0.106431,-0.236137,-0.019663,-1.40764,0.023482,0.05076,-0.022599,0.979739,0.029187,-0.198139,-0.065815,0.981299,-0.180884,0.189154,0.19026,0.963338,0.001382,-0.018093,0.021565,0.193544,-0.192238,-0.193182,-0.903611,0.057485,0.033281,-0.066238,0.435947,0.226429,-0.871022,-0.342172,0.936852,0.072284,0.832386,0.266527,0.485896,-8e-06,-2.4e-05,-3.5e-05,1.1e-05,-1e-06,-1.2e-05,0.442988
602,0.109731,-0.034828,0.280287,-0.439002,-0.20218,-0.875469,0.291027,-0.953813,0.074277,-0.849506,-0.221933,0.478657,-1e-06,-5e-06,-8e-06,0.0,0.0,0.0,0.467534,-0.205304,-0.006981,0.272346,-0.981596,0.041826,-0.186307,-0.005329,-0.981186,-0.192818,-0.189618,-0.188306,0.963561,-0.012761,-0.025887,0.03474,-0.082961,-0.584423,1.538211,-1.407686,0.023378,0.050192,-0.021851,0.98199,-0.00137,-0.188928,-0.037418,0.978755,-0.201589,0.18519,0.205028,0.961076,-0.006358,-0.012667,0.017735,0.599258,-0.288603,-0.036009,-0.908347,0.057543,0.033266,-0.066245,0.435941,0.226227,-0.871077,-0.342072,0.936901,0.072127,0.83243,0.266529,0.485819,1e-06,1e-06,-2e-06,1.3e-05,-8e-06,-2.1e-05,0.442988
603,0.109851,-0.034833,0.280289,-0.438963,-0.201904,-0.875552,0.29092,-0.953863,0.074047,-0.849562,-0.221968,0.478541,2.8e-05,0.000104,0.000151,0.0,0.0,0.0,0.468005,-0.20555,-0.007889,0.273464,-0.984224,0.070945,-0.16205,-0.035061,-0.975945,-0.215024,-0.172154,-0.206016,0.963215,-0.013531,-0.017308,0.023347,1.675197,1.934403,0.863826,-1.407556,0.023257,0.049726,-0.021274,0.985301,-0.034877,-0.167223,-0.003296,0.974871,-0.222743,0.170789,0.22002,0.960427,0.000676,-0.009123,0.010676,-0.084559,0.019917,-0.007009,-0.910306,0.057603,0.033264,-0.066243,0.435918,0.225949,-0.871161,-0.341967,0.936957,0.071899,0.832486,0.266567,0.485703,2e-05,7.3e-05,0.000104,1.9e-05,-4e-06,-2e-06,0.443478
604,0.109901,-0.034829,0.280299,-0.43774,-0.204365,-0.875593,0.296512,-0.952148,0.073936,-0.848261,-0.227012,0.478483,0.000113,0.000419,0.000608,9.5e-05,-8e-06,-5.2e-05,0.467874,-0.205695,-0.00822,0.273854,-0.98425,0.091383,-0.151302,-0.056082,-0.973028,-0.223619,-0.166403,-0.211703,0.962993,-0.013707,-0.018625,0.021635,-0.03791,-0.068648,0.286056,-1.408009,0.023184,0.04956,-0.021079,0.98652,-0.055409,-0.153971,0.018209,0.972255,-0.23321,0.162621,0.227262,0.960159,-0.006907,-0.00968,0.010351,0.012344,-0.002592,0.651308,-0.90998,0.057628,0.033265,-0.066239,0.434559,0.228354,-0.871212,-0.347477,0.93494,0.071736,0.830913,0.271553,0.485635,7.2e-05,0.000265,0.000383,0.000158,0.000104,-9e-05,0.443478
605,0.10996,-0.034791,0.280359,-0.436473,-0.206679,-0.875683,0.302039,-0.950427,0.073712,-0.846965,-0.232067,0.478353,0.000458,0.0017,0.002468,0.00049,-0.015407,0.024306,0.467868,-0.206099,-0.008695,0.274307,-0.984047,0.134517,-0.116391,-0.101732,-0.962115,-0.252823,-0.144738,-0.237095,0.960573,-0.014627,-0.011235,0.008719,0.487723,0.515182,0.382155,-1.407436,0.022988,0.049326,-0.020849,0.987828,-0.09801,-0.120786,0.0637,0.963314,-0.260703,0.141906,0.249836,0.957833,-0.007498,0.000116,0.000553,-0.023469,-0.194798,0.626076,-0.910143,0.057657,0.033282,-0.066212,0.433171,0.230626,-0.871305,-0.352924,0.932917,0.071478,0.829341,0.276543,0.485506,0.000118,0.000431,0.000626,3.8e-05,0.00013,-1.1e-05,0.443152
606,0.109939,-0.034744,0.28046,-0.436444,-0.206539,-0.875731,0.301939,-0.950465,0.073624,-0.847016,-0.232036,0.47828,-0.015234,0.003798,0.004125,-0.000984,0.014715,-0.029553,0.468872,-0.206724,-0.008821,0.274312,-0.981263,0.173161,-0.084443,-0.143371,-0.948872,-0.281105,-0.127553,-0.263925,0.956,-0.015428,-0.00295,-0.003049,0.054091,-0.028872,0.129709,-1.407323,0.022664,0.049254,-0.02084,0.986798,-0.13706,-0.086265,0.106632,0.950801,-0.290869,0.121887,0.277831,0.952865,-0.007725,-0.001644,-0.001728,0.035598,-0.050448,0.120722,-0.915694,0.057653,0.033306,-0.066161,0.433149,0.230436,-0.871367,-0.352799,0.932974,0.071355,0.829405,0.27651,0.485414,0.000285,0.001059,0.001534,0.000191,-0.015386,0.024453,0.443805
607,0.109937,-0.03472,0.280531,-0.436427,-0.206431,-0.875765,0.301853,-0.950498,0.073561,-0.847056,-0.231999,0.478227,0.000676,0.002509,0.003638,0.000395,-0.015396,0.02436,0.467859,-0.207161,-0.008799,0.274228,-0.979147,0.189886,-0.072156,-0.16133,-0.942485,-0.292622,-0.122324,-0.275094,0.953532,-0.030714,0.00944,-0.008738,1.744337,1.948039,0.87438,-1.40704,0.022456,0.049258,-0.020883,0.985208,-0.153502,-0.076159,0.12411,0.945665,-0.300521,0.118151,0.286624,0.950729,-0.007742,-0.001751,-0.001871,0.015626,-0.20498,0.270178,-0.922063,0.057645,0.033317,-0.066127,0.433143,0.23037,-0.871387,-0.352727,0.933003,0.071328,0.829439,0.276467,0.485381,0.000247,0.000929,0.001348,-0.000169,-7e-06,8.9e-05,0.443968
