frame,MLTx,MLTy,MLTz,MLTR1,MLTR2,MLTR3,MLTR4,MLTR5,MLTR6,MLTR7,MLTR8,MLTR9,MLTTVx,MLTTVy,MLTTVz,MLTRVx,MLTRVy,MLTRVz,MLGA,MRTx,MRTy,MRTz,MRTR1,MRTR2,MRTR3,MRTR4,MRTR5,MRTR6,MRTR7,MRTR8,MRTR9,MRTTVx,MRTTVy,MRTTVz,MRTRVx,MRTRVy,MRTRVz,MRGA,SLTx,SLTy,SLTz,SLTR1,SLTR2,SLTR3,SLTR4,SLTR5,SLTR6,SLTR7,SLTR8,SLTR9,SLTTVx,SLTTVy,SLTTVz,SLTRVx,SLTRVy,SLTRVz,SLGA,SRTx,SRTy,SRTz,SRTR1,SRTR2,SRTR3,SRTR4,SRTR5,SRTR6,SRTR7,SRTR8,SRTR9,SRTTVx,SRTTVy,SRTTVz,SRTRVx,SRTRVy,SRTRVz,SRGA
375,0.027227,0.049208,0.377683,-0.486095,-0.427025,-0.7625,0.474004,-0.861827,0.180404,-0.733575,-0.27321,0.622295,-0.00451,-0.008397,-0.005662,0.010096,0.011839,-0.033401,0.415329,-0.134401,0.077289,0.339574,0.652944,-0.729205,-0.204731,0.756267,0.642676,0.122318,0.041538,-0.233779,0.971331,7e-06,-5.1e-05,-3.1e-05,-0.033445,0.019304,0.146021,-1.247528,0.02318,0.054861,-0.013134,-0.719773,0.691122,-0.065387,-0.688605,-0.698847,0.193478,0.088022,0.184286,0.978922,0.00083,-0.005914,0.003504,-0.129451,0.06454,0.471475,-0.832743,0.051548,0.046919,-0.052274,-0.523169,-0.295528,-0.799347,0.281967,-0.945148,0.164886,-0.804231,-0.139127,0.577802,0.003577,-0.006605,-0.004246,0.034304,-0.104085,0.148519,0.361016
376,0.027098,0.048828,0.377523,-0.484961,-0.420013,-0.767103,0.473409,-0.863575,0.173477,-0.734709,-0.278509,0.618597,-0.003565,-0.006635,-0.004488,-0.000147,0.014257,-0.025046,0.420504,-0.13439,0.077208,0.339632,0.653075,-0.730924,-0.198079,0.75643,0.642302,0.123269,0.036284,-0.229415,0.972581,-0.0,2e-06,1e-06,-0.446344,0.162462,0.166935,-1.227921,0.023186,0.054821,-0.013106,-0.719696,0.691737,-0.059472,-0.688292,-0.699624,0.191778,0.091053,0.178956,0.979634,0.0,1e-06,1e-06,-9e-05,-0.001961,-0.000871,-0.828824,0.051481,0.046724,-0.052358,-0.52044,-0.288721,-0.803605,0.281348,-0.946531,0.157861,-0.806216,-0.143936,0.573844,-0.001974,-0.003676,-0.002483,-0.0025,0.016837,-0.026988,0.367875
377,0.02686,0.048768,0.377464,-0.479536,-0.423483,-0.768604,0.48353,-0.858403,0.171216,-0.731682,-0.289019,0.617362,-0.012313,0.003642,0.002043,-0.000984,0.014715,-0.029553,0.444724,-0.134369,0.077058,0.339658,0.65357,-0.730615,-0.197582,0.756029,0.642684,0.123735,0.035738,-0.229326,0.972623,0.011733,-9.3e-05,-0.000997,0.001932,-0.015164,0.029287,-1.224469,0.023192,0.054748,-0.013091,-0.719343,0.692215,-0.058169,-0.688247,-0.698857,0.194715,0.094133,0.180102,0.979133,0.000159,-0.001111,-0.000671,0.004204,-0.001403,-0.000665,-0.830947,0.051364,0.046678,-0.052397,-0.515759,-0.29317,-0.80501,0.292389,-0.943446,0.156257,-0.805295,-0.154785,0.572311,-0.000221,-0.000413,-0.000276,-0.000972,0.000591,0.000508,0.390735
378,0.026636,0.048879,0.377508,-0.476923,-0.426979,-0.768296,0.488943,-0.855232,0.171711,-0.729794,-0.293236,0.617608,-0.011014,0.006053,0.003676,-0.00084,0.000457,-0.004507,0.457568,-0.134345,0.076953,0.339668,0.654084,-0.7303,-0.197045,0.755608,0.643107,0.124108,0.035242,-0.229145,0.972683,0.000285,-0.001991,-0.001204,-0.016162,0.118303,-0.159037,-1.215451,0.023208,0.054695,-0.013087,-0.719751,0.691838,-0.057609,-0.687757,-0.699271,0.194961,0.094598,0.179945,0.979117,0.00015,-0.001051,-0.000636,-0.015579,0.117957,-0.159963,-0.834049,0.051247,0.046734,-0.052376,-0.513925,-0.297178,-0.804713,0.298316,-0.94144,0.157153,-0.804292,-0.159294,0.572483,-0.005752,0.002572,0.001536,-0.001744,0.015031,-0.028693,0.405105
379,0.02596,0.049215,0.377663,-0.471556,-0.434329,-0.767488,0.499888,-0.848613,0.17303,-0.725865,-0.301532,0.618244,-0.011677,0.004819,0.002836,-0.000984,0.014715,-0.029553,0.4998,-0.134299,0.076753,0.339663,0.651053,-0.733374,-0.195664,0.758336,0.639739,0.124879,0.032752,-0.228758,0.972862,0.00026,-0.001815,-0.001098,-0.0,0.0,0.0,-1.189527,0.023231,0.054594,-0.01309,-0.716753,0.695032,-0.056514,-0.690532,-0.69615,0.196315,0.097103,0.179734,0.97891,0.001014,-0.007188,0.00274,-0.035593,0.009439,-0.019636,-0.828661,0.050922,0.046907,-0.052294,-0.510181,-0.305424,-0.804009,0.310254,-0.937235,0.159163,-0.802158,-0.168245,0.572919,-0.005794,0.002491,0.001482,-0.001679,0.01498,-0.028599,0.452786
380,0.025426,0.049425,0.377716,-0.463832,-0.441465,-0.768123,0.510147,-0.841921,0.175757,-0.723712,-0.309792,0.616682,-0.012718,0.002909,0.001538,-0.002277,0.012579,-0.030766,0.512092,-0.134293,0.076647,0.339663,0.64812,-0.737023,-0.191647,0.760986,0.636644,0.124571,0.029364,-0.225648,0.973696,4.2e-05,-0.00029,-0.000176,-0.0,0.0,0.0,-1.189002,0.023235,0.054538,-0.013092,-0.713493,0.698675,-0.052733,-0.693377,-0.693247,0.196559,0.100774,0.176807,0.979072,0.000838,-0.005973,0.003475,-0.036846,0.006535,-0.019045,-0.834213,0.050643,0.04702,-0.052263,-0.503899,-0.314072,-0.804638,0.321501,-0.932815,0.162765,-0.801699,-0.176675,0.57102,-0.006404,0.001373,0.000722,0.005607,0.026728,-0.021659,0.491322
381,0.025264,0.049385,0.377638,-0.451232,-0.450316,-0.770487,0.524268,-0.832422,0.17941,-0.721599,-0.322433,0.612665,-0.00181,-0.003322,-0.002254,1.272594,-0.305397,-1.020266,0.512703,-0.134279,0.076606,0.339733,0.648881,-0.73656,-0.19085,0.760365,0.637286,0.125082,0.028659,-0.22535,0.973786,-0.000261,0.001826,0.001105,-0.0,0.0,0.0,-1.186523,0.023242,0.054515,-0.013058,-0.714113,0.698104,-0.051883,-0.692634,-0.693881,0.19694,0.101484,0.176573,0.979041,0.000632,-0.004548,0.004341,-0.034276,-0.008333,0.003817,-0.840744,0.050565,0.047003,-0.0523,-0.495146,-0.32208,-0.806903,0.331547,-0.928509,0.16717,-0.80306,-0.184753,0.566533,-0.000879,-0.001614,-0.001091,0.010111,0.01801,0.011205,0.499324
382,0.025242,0.049305,0.377584,-0.443557,-0.455841,-0.771693,0.533624,-0.826071,0.181175,-0.719508,-0.330873,0.610622,-0.002437,-0.004473,-0.003038,0.003545,0.000858,-0.039449,0.511285,-0.134263,0.076617,0.339791,0.649273,-0.736322,-0.190432,0.760044,0.637614,0.125355,0.028284,-0.225199,0.973832,0.011116,0.004294,0.001656,-0.0141,0.102969,-0.12989,-1.181853,0.023246,0.054521,-0.013028,-0.714371,0.697867,-0.051523,-0.692321,-0.69414,0.197129,0.101806,0.176494,0.979022,-0.000249,0.001733,0.001047,8e-06,-9e-05,-0.000419,-0.840908,0.050554,0.046963,-0.052326,-0.486591,-0.332192,-0.808007,0.347354,-0.922203,0.169959,-0.801606,-0.197964,0.564124,-0.001065,-0.001954,-0.001323,0.044978,0.009238,-0.015626,0.499977
383,0.025212,0.049076,0.37742,-0.440904,-0.458049,-0.771906,0.53835,-0.823071,0.180843,-0.717619,-0.335259,0.610451,-0.003445,-0.006323,-0.004304,-0.000136,0.014263,-0.025043,0.507493,-0.134269,0.076719,0.339938,0.650338,-0.735675,-0.189299,0.759168,0.63854,0.125953,0.027377,-0.224694,0.973974,-0.000716,0.004995,0.003017,-0.013802,0.101022,-0.136098,-1.173128,0.023247,0.054571,-0.012956,-0.715219,0.697088,-0.050286,-0.691304,-0.695036,0.197539,0.102752,0.176047,0.979003,-0.000312,0.00216,0.001305,-1.5e-05,-4.9e-05,-0.000291,-0.841724,0.050539,0.04685,-0.052408,-0.484719,-0.334773,-0.808067,0.352638,-0.92024,0.169715,-0.800432,-0.202692,0.564112,-0.001631,-0.002998,-0.002039,-0.000606,0.015223,-0.023833,0.498344
384,0.025346,0.048795,0.37713,-0.438122,-0.460744,-0.771887,0.543431,-0.819738,0.180788,-0.715495,-0.339694,0.610492,0.008097,-0.01145,-0.00736,0.000852,-0.000444,0.004515,0.49325,-0.134258,0.076758,0.340141,0.651547,-0.734929,-0.188033,0.758173,0.639548,0.126832,0.026204,-0.224272,0.974104,-0.000772,0.005384,0.003246,0.002338,-0.017108,0.02307,-1.162724,0.023252,0.054594,-0.012852,-0.716248,0.696136,-0.048809,-0.690049,-0.696088,0.198222,0.104014,0.175656,0.97894,-0.000392,0.002707,0.00163,0.00232,-0.017144,0.022872,-0.842051,0.0506,0.04671,-0.052552,-0.482553,-0.337985,-0.808026,0.35827,-0.918004,0.170028,-0.799239,-0.207445,0.564076,0.004084,-0.005665,-0.00364,0.000211,-0.014537,0.030139,0.491486
385,0.025499,0.048552,0.376949,-0.435457,-0.462924,-0.772091,0.548146,-0.816672,0.180432,-0.713528,-0.344079,0.610339,0.007081,-0.013342,-0.008663,0.000851,-0.000442,0.004515,0.475402,-0.134263,0.076791,0.340256,0.652001,-0.734645,-0.18757,0.7578,0.639911,0.127227,0.025721,-0.224166,0.974141,-0.000896,0.006249,0.003764,0.002337,-0.017103,0.023074,-1.161061,0.02325,0.05461,-0.012795,-0.716612,0.695797,-0.048302,-0.689598,-0.696445,0.198538,0.104502,0.175584,0.978902,-0.00046,0.00317,0.001908,0.002309,-0.017125,0.022908,-0.842541,0.050678,0.046591,-0.052641,-0.480369,-0.340658,-0.808205,0.363518,-0.915943,0.170007,-0.798184,-0.212132,0.563826,0.0094,-0.009083,-0.005754,0.001317,-0.014897,0.035047,0.478096
386,0.025987,0.047989,0.376529,-0.432876,-0.464639,-0.772511,0.55272,-0.813754,0.17966,-0.711571,-0.348641,0.610035,0.018974,-0.017919,-0.011363,0.001834,-0.015153,0.034071,0.441031,-0.134283,0.076921,0.340547,0.652595,-0.734265,-0.186992,0.757316,0.640339,0.127953,0.024946,-0.224188,0.974156,0.000406,-0.00308,0.012295,-0.034274,-0.008191,0.004326,-1.161238,0.02324,0.054675,-0.012655,-0.717093,0.695345,-0.047661,-0.688983,-0.696883,0.199135,0.105254,0.175636,0.978812,-0.000623,0.004317,0.002592,0.002322,-0.017104,0.022966,-0.84401,0.050916,0.046308,-0.052852,-0.478173,-0.342862,-0.808575,0.368614,-0.913985,0.169569,-0.797165,-0.216969,0.563427,0.00459,-0.001437,-0.00873,0.032391,-0.024159,0.018162,0.435477
387,0.026597,0.047486,0.376117,-0.430299,-0.466172,-0.773027,0.557266,-0.810855,0.178718,-0.70959,-0.353307,0.609658,0.010875,0.000259,-0.015317,0.033003,-0.024279,0.017539,0.410764,-0.134359,0.07708,0.340816,0.653431,-0.733733,-0.186161,0.756623,0.641016,0.128663,0.024086,-0.224001,0.974221,-0.001018,0.007115,0.00426,0.002333,-0.017081,0.02309,-1.159016,0.023202,0.054756,-0.012514,-0.717774,0.694705,-0.04674,-0.688137,-0.697551,0.199725,0.106147,0.175521,0.978736,-0.000479,0.003312,0.001985,-2e-05,-8e-06,-8.4e-05,-0.84646,0.051222,0.046045,-0.05306,-0.475947,-0.344855,-0.809041,0.373656,-0.912051,0.168946,-0.796149,-0.221894,0.562945,0.010548,-0.007042,-0.004385,0.001408,-0.029297,0.059593,0.392042
388,0.027232,0.047147,0.375909,-0.430588,-0.464868,-0.773651,0.556732,-0.811455,0.177657,-0.709833,-0.353649,0.609176,0.011831,-0.004658,-0.002737,0.000984,-0.014715,0.029553,0.397464,-0.134415,0.077159,0.341025,0.654677,-0.732948,-0.18487,0.755582,0.642075,0.129498,0.022941,-0.22354,0.974354,-0.000592,0.004137,0.002472,0.0,0.0,0.0,-1.146466,0.023173,0.054802,-0.012411,-0.718756,0.693781,-0.045339,-0.686931,-0.698569,0.200311,0.1073,0.17512,0.978682,-0.006004,0.001066,0.0011,-0.00207,0.015197,-0.029304,-0.847439,0.051537,0.045873,-0.053171,-0.475936,-0.343495,-0.809626,0.373068,-0.912497,0.167832,-0.796431,-0.222168,0.562438,0.011992,-0.004366,-0.002549,0.001569,-0.029354,0.059398,0.363956
389,0.027567,0.047051,0.375856,-0.430761,-0.464004,-0.774074,0.556376,-0.811851,0.176965,-0.710008,-0.353876,0.608841,0.012703,-0.003025,-0.001615,0.000984,-0.014715,0.029553,0.395895,-0.134422,0.077149,0.341084,0.655233,-0.732598,-0.184284,0.755116,0.642551,0.129854,0.022438,-0.223317,0.974417,-0.000227,0.001588,0.000948,0.0,0.0,0.0,-1.138444,0.023169,0.054798,-0.012376,-0.719195,0.693367,-0.044707,-0.686388,-0.699022,0.200592,0.107833,0.174952,0.978653,0.000712,-0.00512,0.003999,-0.036637,0.008872,-0.018815,-0.847276,0.051705,0.045825,-0.053198,-0.475915,-0.342596,-0.810019,0.372666,-0.912794,0.16711,-0.796633,-0.222337,0.562086,0.012507,-0.003398,-0.001882,0.001656,-0.029358,0.059359,0.356608
390,0.028155,0.046844,0.375735,-0.431058,-0.462541,-0.774784,0.555773,-0.812518,0.175791,-0.710299,-0.35426,0.608279,0.011099,-0.006026,-0.003685,0.000842,-0.000429,0.004523,0.404468,-0.134414,0.077088,0.341121,0.656139,-0.732031,-0.183311,0.754352,0.643344,0.130362,0.021658,-0.222895,0.974531,3.6e-05,-0.00025,-0.000149,0.0,0.0,0.0,-1.113459,0.023174,0.054765,-0.012358,-0.719911,0.692692,-0.043648,-0.685509,-0.699785,0.200939,0.108645,0.174579,0.97863,3.8e-05,-0.000268,-0.000161,-1.9e-05,-5e-06,-3.5e-05,-0.84597,0.051995,0.045736,-0.053249,-0.475881,-0.341101,-0.81067,0.372,-0.913285,0.165906,-0.796964,-0.222618,0.561504,0.00588,-0.002394,-0.001426,0.000765,-0.014678,0.029708,0.356934
391,0.028435,0.046675,0.375607,-0.431153,-0.462067,-0.775014,0.555618,-0.812713,0.175376,-0.710362,-0.35443,0.608105,-0.001144,-0.002153,-0.001483,-0.0,-0.0,-0.0,0.404466,-0.134337,0.077044,0.3411,0.656833,-0.731608,-0.182513,0.753765,0.643975,0.130646,0.021106,-0.222462,0.974642,0.01163,0.000474,-0.000644,0.002045,-0.015205,0.029245,-1.096016,0.023208,0.054741,-0.01237,-0.720466,0.69217,-0.042767,-0.684831,-0.700402,0.201101,0.109242,0.174175,0.978636,0.000107,-0.000764,-0.000458,-2.2e-05,4e-06,-2.8e-05,-0.84548,0.052148,0.045645,-0.053317,-0.47587,-0.340558,-0.810905,0.371801,-0.913451,0.165437,-0.797064,-0.222769,0.561304,-0.000614,-0.001157,-0.000805,-0.000149,2.5e-05,9.7e-05,0.3602
392,0.028391,0.046637,0.375567,-0.431095,-0.46238,-0.774859,0.555769,-0.812561,0.175607,-0.71028,-0.354371,0.608236,-0.013169,0.002144,0.001012,-0.000984,0.014715,-0.029553,0.404748,-0.134283,0.077036,0.341091,0.657219,-0.731375,-0.182059,0.753436,0.64433,0.130791,0.020802,-0.222206,0.974707,7.8e-05,-0.000544,-0.000325,-0.016089,0.117763,-0.159445,-1.086327,0.023239,0.054736,-0.012375,-0.720679,0.69197,-0.042402,-0.684567,-0.700644,0.201157,0.109485,0.173997,0.97864,0.005789,0.000414,-0.000221,0.002024,-0.015198,0.029222,-0.84548,0.052131,0.045625,-0.053337,-0.475884,-0.340857,-0.810771,0.371955,-0.913348,0.165662,-0.796983,-0.222734,0.561432,-0.000883,-0.001664,-0.001151,-0.00027,0.014319,-0.024955,0.360363
393,0.027972,0.046682,0.37562,-0.430897,-0.463554,-0.774268,0.556197,-0.812058,0.176575,-0.710065,-0.353991,0.608708,-0.012383,0.003635,0.002037,-0.000984,0.014715,-0.029553,0.418942,-0.13413,0.077007,0.341104,0.658015,-0.730893,-0.181115,0.752761,0.645036,0.131193,0.02009,-0.221742,0.974828,0.011651,0.000342,-0.000724,0.002045,-0.015205,0.029245,-1.074885,0.023311,0.054722,-0.012368,-0.721382,0.691307,-0.041256,-0.683694,-0.701416,0.201435,0.110316,0.173518,0.978632,0.000932,-0.006615,0.003106,-0.05504,0.143686,-0.201353,-0.84548,0.051919,0.045643,-0.053314,-0.475957,-0.342062,-0.81022,0.372422,-0.912975,0.166667,-0.796721,-0.222418,0.561928,-0.01319,-0.001223,0.006684,-0.034283,0.053174,-0.072141,0.368201
394,0.027199,0.046945,0.375772,-0.430523,-0.46536,-0.773392,0.556941,-0.81123,0.178028,-0.709709,-0.353517,0.609398,-0.023933,0.00884,0.005147,-0.001969,0.029429,-0.059106,0.437714,-0.133982,0.076949,0.341132,0.658859,-0.730376,-0.180131,0.752045,0.645772,0.131688,0.019293,-0.22131,0.974942,7.3e-05,-0.000507,-0.000303,0.0,0.0,0.0,-1.061199,0.02339,0.054692,-0.012355,-0.722023,0.690699,-0.040208,-0.682883,-0.702108,0.201776,0.111136,0.173144,0.978605,0.000873,-0.006191,0.003357,-0.052707,0.12657,-0.178277,-0.845643,0.051537,0.045773,-0.053239,-0.475998,-0.343909,-0.809414,0.37323,-0.91237,0.168166,-0.796319,-0.222051,0.562643,-0.006002,0.002177,0.001273,-0.001059,0.014728,-0.029524,0.390082
395,0.026318,0.047283,0.375936,-0.432811,-0.464963,-0.772353,0.553079,-0.813494,0.179728,-0.711332,-0.348813,0.610216,-0.024062,0.008609,0.004977,-0.001969,0.029429,-0.059106,0.453377,-0.133813,0.076939,0.341144,0.659412,-0.730046,-0.179441,0.751574,0.646261,0.131977,0.018767,-0.22097,0.97503,0.0,-3e-06,-2e-06,0.0,0.0,0.0,-1.042194,0.023474,0.054686,-0.012349,-0.722446,0.690299,-0.039465,-0.682345,-0.702577,0.201965,0.111689,0.172838,0.978596,0.005731,0.000837,3.2e-05,-0.014072,0.10248,-0.13025,-0.84548,0.051107,0.04594,-0.053158,-0.478214,-0.343035,-0.808478,0.368876,-0.91388,0.169566,-0.79702,-0.21714,0.563567,-0.012096,0.004188,0.002421,-0.001925,0.029395,-0.059209,0.412616
396,0.025915,0.047414,0.376011,-0.43536,-0.463413,-0.771852,0.548679,-0.816289,0.180545,-0.713178,-0.344327,0.610609,-0.024551,0.007715,0.004354,-0.001969,0.029429,-0.059106,0.460291,-0.133735,0.076942,0.34114,0.659642,-0.729912,-0.179145,0.751378,0.646471,0.132066,0.018566,-0.220802,0.975072,9.7e-05,-0.000665,-0.000398,0.0,0.0,0.0,-1.039291,0.023513,0.054689,-0.012351,-0.722621,0.690134,-0.039147,-0.682125,-0.702776,0.202013,0.111904,0.172682,0.978599,5.3e-05,-0.000365,-0.000221,-2.7e-05,6e-06,-1.1e-05,-0.845643,0.050897,0.046011,-0.053118,-0.48043,-0.34105,-0.808003,0.363973,-0.915742,0.17011,-0.79794,-0.212366,0.564084,-0.012338,0.003746,0.002116,-0.002053,0.043652,-0.084533,0.422904
397,0.025142,0.047639,0.376184,-0.437781,-0.462688,-0.770917,0.544539,-0.818716,0.18208,-0.714862,-0.339515,0.611334,-0.012147,0.004103,0.002342,-1.279131,0.316595,0.984012,0.472618,-0.133597,0.076896,0.341144,0.660403,-0.729444,-0.178244,0.750726,0.647148,0.132453,0.017883,-0.220365,0.975183,0.01168,0.000193,-0.000815,0.002045,-0.015205,0.029245,-1.038588,0.023578,0.054667,-0.012348,-0.723223,0.689559,-0.038158,-0.681367,-0.703439,0.202264,0.112631,0.172282,0.978587,0.000121,-0.000834,-0.000502,-0.002348,0.017047,-0.023119,-0.846949,0.0505,0.046124,-0.053031,-0.482512,-0.340193,-0.807124,0.359858,-0.917122,0.171426,-0.79855,-0.207735,0.564945,-0.006068,0.002071,0.001194,-1.287165,0.321507,1.002079,0.440212
398,0.02459,0.047918,0.376341,-0.437502,-0.464095,-0.770229,0.545148,-0.818062,0.183196,-0.71457,-0.33917,0.611867,-0.010715,0.006721,0.004147,-0.000984,0.014715,-0.029553,0.483527,-0.1335,0.076893,0.341145,0.661066,-0.729035,-0.177458,0.750156,0.647753,0.132726,0.017336,-0.219943,0.975288,1e-06,-4e-06,-2e-06,-0.016144,0.117675,-0.159505,-1.024707,0.023631,0.054663,-0.012349,-0.723722,0.68908,-0.037325,-0.680742,-0.704001,0.202414,0.113203,0.1719,0.978588,-3e-06,2.1e-05,1e-05,-0.016143,0.117676,-0.159506,-0.847929,0.050227,0.046258,-0.052955,-0.482745,-0.341357,-0.806494,0.360039,-0.91684,0.172553,-0.798328,-0.207071,0.565502,-0.005226,0.003603,0.002249,-0.000667,0.000377,-0.004701,0.455888
399,0.024391,0.048067,0.376435,-0.440159,-0.461895,-0.770038,0.54046,-0.821094,0.183521,-0.716492,-0.334829,0.61201,-0.010215,0.007626,0.00477,-0.000984,0.014715,-0.029553,0.48628,-0.133456,0.076898,0.341155,0.661346,-0.728862,-0.177127,0.749915,0.648005,0.132855,0.017094,-0.219775,0.975331,-1.4e-05,9.4e-05,5.7e-05,0.0,0.0,0.0,-1.015191,0.023653,0.054666,-0.012344,-0.723939,0.688873,-0.036967,-0.68047,-0.704242,0.202493,0.113458,0.171748,0.978585,0.005724,0.000891,6.5e-05,0.002034,-0.015213,0.029241,-0.847766,0.050131,0.04633,-0.052911,-0.484921,-0.338654,-0.806327,0.354813,-0.918877,0.172542,-0.799349,-0.202427,0.565742,-0.005164,0.003716,0.002326,-0.000975,0.014586,-0.030248,0.46144
400,0.024158,0.048326,0.376613,-0.442808,-0.459643,-0.769866,0.535719,-0.824124,0.183836,-0.718413,-0.330463,0.612131,0.001786,0.003255,0.002244,-0.0,0.0,0.0,0.489804,-0.133391,0.076871,0.341177,0.661624,-0.728075,-0.17931,0.749654,0.648053,0.13409,0.017723,-0.22222,0.974765,-0.0,0.0,0.0,-0.0,-0.0,0.0,-1.012879,0.023685,0.054653,-0.012333,-0.724488,0.688175,-0.039131,-0.680027,-0.704328,0.203673,0.112602,0.174169,0.978256,-1e-06,0.0,-2e-06,8.4e-05,0.000246,-6e-05,-0.848419,0.050008,0.046467,-0.052817,-0.487069,-0.335945,-0.806165,0.349559,-0.920886,0.172554,-0.800356,-0.197757,0.565968,-0.004824,0.004323,0.002737,-0.000663,0.014624,-0.029874,0.467645
401,0.02409,0.048546,0.376735,-0.442761,-0.459701,-0.769859,0.535779,-0.824078,0.183871,-0.718397,-0.330498,0.61213,0.001887,0.003436,0.002364,0.0,0.0,0.0,0.4983,-0.133293,0.076856,0.341213,0.661925,-0.727892,-0.178942,0.749397,0.648299,0.134333,0.017375,-0.2221,0.974798,0.011333,0.002584,0.000614,-0.014111,0.102425,-0.130291,-1.010961,0.023735,0.054644,-0.012316,-0.724719,0.687954,-0.038733,-0.679722,-0.704569,0.203861,0.112958,0.17407,0.978233,0.005658,0.00135,0.00034,-0.01411,0.102423,-0.130299,-0.849235,0.049974,0.046577,-0.052755,-0.48703,-0.336019,-0.806158,0.349638,-0.920849,0.172594,-0.800345,-0.197806,0.565967,0.001099,0.002003,0.00138,0.000368,-0.014327,0.024859,0.47581
402,0.024115,0.048666,0.37678,-0.44274,-0.459609,-0.769926,0.535795,-0.82409,0.183768,-0.718398,-0.330596,0.612076,0.004722,0.015268,-0.00546,0.032164,-0.038332,0.037952,0.49839,-0.13323,0.076847,0.341223,0.662103,-0.727784,-0.178717,0.749244,0.648451,0.134454,0.017184,-0.222008,0.974823,-2e-06,1.4e-05,8e-06,0.0,0.0,0.0,-1.00935,0.023766,0.054641,-0.012309,-0.724855,0.687824,-0.038492,-0.679543,-0.704716,0.203949,0.113156,0.173991,0.978224,0.005736,0.000824,2.5e-05,0.002034,-0.015202,0.029236,-0.850052,0.049984,0.046631,-0.052731,-0.486999,-0.335965,-0.806199,0.349657,-0.920854,0.172528,-0.800356,-0.197872,0.565928,0.001139,0.002077,0.001428,0.000213,-4.7e-05,-0.000128,0.479892
403,0.024155,0.048817,0.37693,-0.442811,-0.459299,-0.77007,0.535583,-0.824269,0.183582,-0.718512,-0.330581,0.61195,0.001813,0.003303,0.002267,0.0,0.0,0.0,0.489684,-0.133101,0.076803,0.341261,0.662766,-0.727372,-0.177937,0.748673,0.649021,0.134881,0.016523,-0.221695,0.974905,0.001514,-0.010674,0.007746,-0.0366,0.008756,-0.018841,-1.000088,0.02383,0.05462,-0.012295,-0.72536,0.687339,-0.037658,-0.678895,-0.70526,0.204229,0.113816,0.173706,0.978198,0.005626,0.00156,0.000464,0.002028,-0.0152,0.029238,-0.850378,0.050007,0.046715,-0.052656,-0.486983,-0.335615,-0.806355,0.349436,-0.920983,0.172289,-0.800463,-0.197868,0.565779,0.001079,0.001967,0.001349,0.000141,-3.1e-05,-9.4e-05,0.478422
404,0.024132,0.048913,0.37704,-0.442829,-0.459376,-0.770013,0.535539,-0.824273,0.183693,-0.718534,-0.330463,0.611988,0.001329,0.00242,0.001659,0.000124,-0.014276,0.025036,0.481977,-0.132933,0.076799,0.341288,0.663391,-0.726991,-0.177165,0.748133,0.649573,0.135222,0.015922,-0.221332,0.974998,-6e-06,4.2e-05,2.5e-05,-0.016178,0.117572,-0.159577,-0.993906,0.023914,0.054617,-0.012277,-0.725847,0.686869,-0.036817,-0.678264,-0.705792,0.204484,0.114468,0.173396,0.978177,-1e-06,1.1e-05,4e-06,-0.01618,0.117569,-0.159578,-0.850868,0.049996,0.046762,-0.052601,-0.48702,-0.33571,-0.806293,0.3494,-0.920973,0.172413,-0.800456,-0.197751,0.56583,-0.005613,0.002864,0.001726,-0.000888,0.014702,-0.029621,0.469441
405,0.024096,0.048976,0.377058,-0.4428,-0.459404,-0.770014,0.535588,-0.824241,0.183696,-0.718516,-0.330505,0.611987,7.2e-05,0.000131,9e-05,0.0,0.0,0.0,0.469711,-0.132693,0.076715,0.341314,0.66385,-0.726718,-0.176565,0.747739,0.649941,0.135634,0.015335,-0.22115,0.975049,0.011642,0.000521,-0.000621,0.002045,-0.015205,0.029245,-0.980138,0.024034,0.054576,-0.012263,-0.726194,0.686537,-0.036174,-0.677791,-0.706151,0.204812,0.115067,0.173252,0.978132,0.005829,0.000208,-0.000347,0.002042,-0.015189,0.029236,-0.850868,0.049979,0.046796,-0.052591,-0.486993,-0.335726,-0.806303,0.349449,-0.920957,0.172404,-0.800451,-0.197802,0.565819,-1.2e-05,-2.3e-05,-1.5e-05,6.7e-05,-9e-06,-4e-05,0.458011
406,0.024038,0.048982,0.377072,-0.442781,-0.459568,-0.769927,0.535639,-0.824176,0.183838,-0.718489,-0.330438,0.612055,-0.000167,-0.000304,-0.000209,0.0,0.0,0.0,0.462301,-0.132561,0.076655,0.341343,0.664083,-0.726578,-0.176266,0.74754,0.650113,0.135905,0.014993,-0.221103,0.975065,7.3e-05,-0.000493,-0.000295,0.0,0.0,0.0,-0.973644,0.0241,0.054545,-0.01225,-0.72637,0.686367,-0.035853,-0.677543,-0.706323,0.205041,0.11541,0.173228,0.978096,3.4e-05,-0.000237,-0.000147,-1e-06,-1.3e-05,-3e-06,-0.850868,0.04995,0.046799,-0.052584,-0.487012,-0.335894,-0.806222,0.349505,-0.920908,0.172551,-0.800415,-0.197745,0.56589,-0.006052,0.002064,0.001178,-0.000937,0.01469,-0.029594,0.450336
407,0.023871,0.049032,0.377099,-0.442689,-0.460132,-0.769643,0.535879,-0.823921,0.184282,-0.718367,-0.330291,0.612278,-8.9e-05,-0.000162,-0.000111,0.0,0.0,0.0,0.444534,-0.132293,0.076499,0.341388,0.66443,-0.726372,-0.175805,0.747244,0.650344,0.13643,0.01438,-0.221102,0.975074,0.000266,-0.001775,-0.001064,0.0,0.0,0.0,-0.956438,0.024234,0.054469,-0.012226,-0.726632,0.686116,-0.03536,-0.677159,-0.706556,0.205504,0.116016,0.17327,0.978016,0.005906,-0.000285,-0.000642,0.002043,-0.015213,0.029241,-0.850868,0.049865,0.046822,-0.052572,-0.487049,-0.336474,-0.805957,0.349772,-0.920719,0.173015,-0.800276,-0.197635,0.566124,-0.00597,0.002215,0.00128,-0.000959,0.014698,-0.029585,0.428782
408,0.023635,0.049117,0.377137,-0.440252,-0.461035,-0.7705,0.53571,-0.823511,0.18659,-0.719991,-0.330051,0.610496,-0.000201,-0.000365,-0.00025,-0.07635,-0.12364,-0.070037,0.424865,-0.132025,0.076292,0.341436,0.664865,-0.726105,-0.175261,0.746871,0.650639,0.137062,0.013655,-0.22111,0.975083,0.001985,-0.013685,0.005951,-0.036593,0.008642,-0.018907,-0.943489,0.024368,0.054364,-0.012203,-0.726964,0.685794,-0.034774,-0.67668,-0.706854,0.206057,0.116732,0.173327,0.977921,0.000996,-0.006873,0.002952,-0.036598,0.008654,-0.018918,-0.851032,0.049747,0.046864,-0.052553,-0.484921,-0.337786,-0.806691,0.349601,-0.920365,0.175232,-0.801642,-0.197046,0.564395,-0.006036,0.002093,0.0012,-0.106014,-0.155409,-0.126013,0.402329
409,0.023404,0.049183,0.377186,-0.440173,-0.461504,-0.770265,0.535887,-0.823308,0.186979,-0.719907,-0.329905,0.610674,-0.000387,-0.000702,-0.000481,-1.6e-05,-2.6e-05,-1.5e-05,0.404008,-0.131799,0.07613,0.341482,0.665204,-0.725898,-0.174832,0.746581,0.650863,0.13758,0.013067,-0.221131,0.975086,0.011674,0.000458,-0.000664,0.002045,-0.015205,0.029245,-0.932354,0.024477,0.054281,-0.012181,-0.727236,0.68553,-0.034298,-0.676286,-0.707097,0.206516,0.117321,0.173382,0.977841,0.00011,-0.000733,-0.000444,6e-06,-1.8e-05,-3e-06,-0.851032,0.049632,0.046898,-0.052528,-0.484811,-0.338313,-0.806536,0.349764,-0.920204,0.175748,-0.801636,-0.196893,0.564456,-0.006162,0.00187,0.001047,0.000277,0.016747,-0.028418,0.378325
410,0.023307,0.049172,0.377199,-0.437835,-0.461983,-0.771309,0.535473,-0.823119,0.188984,-0.721641,-0.329704,0.608734,-0.012986,0.002537,0.001258,-0.005931,0.021187,-0.059009,0.386222,-0.131737,0.076069,0.341505,0.665377,-0.725788,-0.174633,0.746431,0.650988,0.137799,0.012815,-0.221125,0.975091,0.001768,-0.012211,0.006839,-0.036591,0.00861,-0.018926,-0.924527,0.024512,0.054255,-0.012172,-0.727347,0.685421,-0.034108,-0.676128,-0.707202,0.206674,0.117538,0.173385,0.977814,0.005788,0.000554,-0.00014,0.002039,-0.015213,0.029241,-0.850542,0.04959,0.046894,-0.052521,-0.482363,-0.339246,-0.807612,0.349232,-0.919999,0.177869,-0.803344,-0.196247,0.562249,-0.000277,-0.000503,-0.00034,0.008605,0.014013,0.00795,0.361833
411,0.023265,0.049009,0.37716,-0.438321,-0.459503,-0.772513,0.529937,-0.826292,0.190738,-0.72542,-0.325214,0.606654,-0.002013,-0.003643,-0.002502,-0.001554,0.013697,-0.024761,0.316553,-0.131699,0.076043,0.341561,0.665605,-0.725638,-0.174385,0.746233,0.651159,0.138061,0.012513,-0.221112,0.975098,-0.000116,0.000767,0.00046,0.0,0.0,0.0,-0.901742,0.024532,0.054237,-0.012142,-0.727535,0.685235,-0.033829,-0.67587,-0.707377,0.206922,0.117861,0.173407,0.977772,-7.8e-05,0.000512,0.000306,-1.2e-05,3e-06,-7e-06,-0.84499,0.049564,0.046813,-0.05254,-0.482426,-0.336662,-0.808655,0.34312,-0.922044,0.179171,-0.805936,-0.191029,0.560333,-0.001031,-0.001869,-0.001282,0.004074,0.023334,-0.020115,0.293741
412,0.023397,0.048812,0.377044,-0.438389,-0.459227,-0.772639,0.529804,-0.826427,0.190521,-0.725475,-0.325261,0.606562,0.010243,-0.007526,-0.004686,0.000984,-0.014715,0.029553,0.193134,-0.131689,0.076095,0.341612,0.665929,-0.72543,-0.174018,0.74595,0.651448,0.13823,0.012231,-0.220946,0.975139,-0.000304,0.002008,0.001204,0.0,0.0,0.0,-0.881856,0.024537,0.054262,-0.012117,-0.727787,0.684987,-0.033432,-0.675547,-0.707653,0.207032,0.118156,0.17326,0.977762,-0.000196,0.001288,0.000771,-3e-06,-4e-06,-4e-06,-0.84499,0.049624,0.046715,-0.052598,-0.482516,-0.336376,-0.80872,0.343009,-0.922138,0.178898,-0.805929,-0.191078,0.560327,-0.000922,-0.001673,-0.001151,0.000117,0.014426,-0.025026,0.16817
413,0.023509,0.048652,0.377012,-0.441194,-0.456485,-0.772667,0.524731,-0.829669,0.190471,-0.727455,-0.320847,0.606542,0.010078,-0.007834,-0.0049,0.000857,-0.000448,0.004512,0.05781,-0.131687,0.076141,0.341639,0.666105,-0.725316,-0.173815,0.745795,0.651612,0.138295,0.012095,-0.220835,0.975166,-0.000338,0.002227,0.001335,0.0,0.0,0.0,-0.854002,0.024538,0.054286,-0.012103,-0.727924,0.684852,-0.033212,-0.675374,-0.707809,0.207063,0.118301,0.173157,0.977763,-0.000214,0.001404,0.000838,-1.8e-05,-0.0,-4e-06,-0.842051,0.049685,0.046633,-0.052615,-0.484716,-0.333088,-0.808765,0.337373,-0.924297,0.178473,-0.806987,-0.186347,0.560396,0.005057,-0.003886,-0.002431,0.000946,-0.000508,0.004072,0.042437
414,0.023828,0.048302,0.376991,-0.45997,-0.437415,-0.772749,0.489405,-0.851015,0.190336,-0.740304,-0.290101,0.60648,0.011636,-0.00502,-0.002965,-0.009394,-0.012158,0.037698,-0.122386,-0.131701,0.076231,0.341692,0.666672,-0.724949,-0.173174,0.745296,0.65214,0.138499,0.011671,-0.220486,0.97525,-0.000361,0.002378,0.001424,-0.016227,0.11723,-0.159824,-0.74591,0.024531,0.05433,-0.012077,-0.728305,0.684475,-0.032613,-0.674894,-0.708241,0.20715,0.118691,0.172878,0.977765,-0.000114,0.000748,0.000446,-1.2e-05,-4e-06,-3e-06,-0.818047,0.049833,0.046457,-0.052627,-0.499292,-0.310597,-0.808848,0.298489,-0.938052,0.175958,-0.813394,-0.153579,0.561072,-0.001143,-0.005416,0.004254,-0.148203,0.05242,0.076481,-0.191559
415,0.024283,0.04802,0.37703,-0.487699,-0.405512,-0.773146,0.432146,-0.881603,0.189732,-0.757939,-0.241082,0.606164,0.012741,-0.003005,-0.001582,-0.034562,-0.005991,0.057423,-0.35974,-0.131743,0.076391,0.341747,0.675607,-0.71674,-0.172714,0.737161,0.661312,0.138541,0.014051,-0.220014,0.975325,-0.000671,0.004428,0.002648,0.085968,-0.068959,-0.485468,-0.430288,0.02451,0.054408,-0.012051,-0.73628,0.675953,-0.03127,-0.666567,-0.716549,0.205534,0.116525,0.172174,0.97815,-0.000424,0.002684,0.00162,0.296178,-0.123188,-1.773714,-0.686108,0.050064,0.046313,-0.052609,-0.520049,-0.273599,-0.80913,0.236202,-0.956432,0.171594,-0.820826,-0.101882,0.562017,0.00548,-0.006468,0.003774,-0.150157,0.037696,0.106213,-0.36579
416,0.024554,0.047878,0.377051,-0.501893,-0.387284,-0.773408,0.400073,-0.896698,0.18933,-0.766213,-0.213921,0.605955,0.010857,-0.013121,0.007428,-0.066657,0.017965,0.044454,-0.478685,-0.131779,0.076576,0.341805,0.696514,-0.69644,-0.172716,0.717273,0.68286,0.138408,0.020652,-0.219411,0.975344,-0.001223,0.008073,0.004822,0.088469,-0.086003,-0.463158,-0.218204,0.024493,0.054494,-0.012025,-0.755746,0.654204,-0.029388,-0.645557,-0.736717,0.201253,0.11001,0.171068,0.979097,-0.000621,0.00405,0.002425,0.308333,-0.241765,-1.615627,-0.599891,0.050201,0.046247,-0.052601,-0.530269,-0.252808,-0.80926,0.201761,-0.964714,0.169167,-0.823472,-0.073573,0.562565,0.006593,-0.001097,-0.000516,-0.117442,-0.000821,0.143755,-0.452661
417,0.025169,0.047652,0.37699,-0.538395,-0.335624,-0.773002,0.312932,-0.931303,0.186331,-0.781768,-0.141167,0.607403,0.012687,-0.003088,-0.001646,-4.650902,1.117184,3.694489,-0.829585,-0.13196,0.076961,0.341939,0.737133,-0.652845,-0.174412,0.674882,0.724582,0.139457,0.034385,-0.219685,0.974895,-0.001093,0.007234,0.004307,-0.019387,0.077538,-0.148145,0.05116,0.0244,0.054697,-0.011952,-0.793812,0.607529,-0.027744,-0.600509,-0.775794,0.193728,0.096171,0.170444,0.980662,-0.000532,0.003618,0.002141,-0.025195,0.082284,-0.146761,-0.338299,0.050509,0.046132,-0.052626,-0.554451,-0.198422,-0.808215,0.115822,-0.980107,0.161167,-0.824116,-0.00425,0.566403,0.012383,-0.003654,-0.002042,-1.297094,0.2723,1.072848,-0.672123
418,0.025901,0.047521,0.376903,-0.57704,-0.290851,-0.763202,0.247543,-0.952768,0.175862,-0.777587,-0.087091,0.622737,0.013907,-0.000814,-9.1e-05,0.425897,0.69055,0.467477,-1.241692,-0.132237,0.077112,0.341986,0.767753,-0.617634,-0.17051,0.639597,0.754933,0.144654,0.038395,-0.219341,0.974822,-0.000273,0.001819,0.001081,-0.092535,0.000416,-0.41692,0.188112,0.024266,0.054774,-0.011923,-0.820485,0.571258,-0.021628,-0.564138,-0.802978,0.192282,0.092476,0.169966,0.981101,-0.006041,5.5e-05,0.000636,0.682536,-0.712268,-5.331851,-0.056133,0.050868,0.046064,-0.052672,-0.583293,-0.144814,-0.799247,0.041458,-0.988003,0.148757,-0.811202,0.053633,0.582299,0.007951,0.004766,-0.004479,0.149269,0.356667,0.346174,-0.764546
419,0.026546,0.047741,0.376785,-0.617598,-0.254396,-0.744245,0.204988,-0.965603,0.159883,-0.758552,-0.053508,0.649432,0.015818,0.002774,0.002357,-0.651386,2.661364,-1.171004,-1.5671,-0.132598,0.077182,0.341929,0.800604,-0.576985,-0.161592,0.598179,0.785656,0.157669,0.034957,-0.222167,0.974311,-0.011463,-0.001575,-1.1e-05,-0.27798,0.195318,-0.050027,0.327667,0.024085,0.054812,-0.011955,-0.850101,0.52652,-0.010156,-0.517901,-0.832379,0.197287,0.095423,0.172974,0.980292,-0.00654,0.004992,-0.003627,-0.187457,0.342148,-0.364004,0.146021,0.051187,0.046164,-0.052732,-0.615173,-0.099818,-0.782047,-0.001973,-0.991754,0.128136,-0.788389,0.080369,0.609904,0.007829,0.001223,0.001058,0.065718,0.770991,0.792776,-0.754421
420,0.026835,0.047949,0.376766,-0.636947,-0.235464,-0.734098,0.183434,-0.971153,0.15227,-0.747985,-0.037385,0.662683,0.016764,0.004565,0.003569,0.389881,0.855913,0.619027,-1.680994,-0.132794,0.077267,0.341825,0.808486,-0.566864,-0.158134,0.587779,0.791641,0.166594,0.029714,-0.226926,0.973388,-0.012793,0.007824,-0.008517,-0.647083,0.286766,0.26567,0.383178,0.023987,0.054853,-0.012002,-0.857194,0.514948,-0.006711,-0.505444,-0.838732,0.202617,0.098709,0.177074,0.979234,-0.006334,0.003595,-0.004455,-0.729865,0.338396,0.300969,0.238606,0.051338,0.046272,-0.052744,-0.633056,-0.078815,-0.770082,-0.023456,-0.992393,0.12085,-0.77375,0.094568,0.626392,0.009544,0.007761,-0.002439,0.209592,1.022267,0.895585,-0.764382
421,0.027337,0.048479,0.376719,-0.672933,-0.187267,-0.715637,0.123571,-0.982286,0.140773,-0.728487,0.006524,0.685048,0.004776,0.008902,0.006059,-0.809771,0.946618,1.345316,-1.863968,-0.13339,0.077276,0.34154,0.814302,-0.560475,-0.150902,0.580284,0.793177,0.184594,0.015189,-0.237179,0.971277,-0.010545,-0.00784,-0.003743,-0.611221,0.28165,0.190338,0.455492,0.023688,0.054865,-0.012146,-0.861194,0.508274,0.001163,-0.495587,-0.840201,0.220124,0.11286,0.188993,0.97547,-0.011837,0.001242,-0.005383,-0.807661,0.35445,0.242216,0.37577,0.051597,0.046544,-0.052763,-0.660067,-0.024543,-0.750805,-0.083267,-0.990916,0.105596,-0.746577,0.132218,0.652028,0.002423,0.004498,0.003058,-0.759465,1.036023,1.407701,-0.753932
422,0.027802,0.049197,0.376665,-0.695508,-0.137808,-0.705211,0.058027,-0.988999,0.135961,-0.715326,0.053805,0.696735,0.008369,0.022306,-0.000735,-0.847766,0.75296,1.32177,-1.915006,-0.134403,0.077136,0.341202,0.838299,-0.526415,-0.141892,0.54525,0.81218,0.207365,0.00501,-0.25054,0.968022,-0.034879,-0.001161,-0.012025,-0.617925,-0.043661,-1.212934,0.470144,0.023204,0.054795,-0.012312,-0.8789,0.476878,0.010942,-0.461191,-0.855399,0.235784,0.1218,0.202185,0.971743,-0.011735,0.000534,-0.005805,-0.446857,0.164853,-0.322579,0.426064,0.051822,0.046883,-0.052791,-0.671871,0.023589,-0.740291,-0.143484,-0.984703,0.098846,-0.726636,0.172632,0.664979,0.004045,0.010893,-0.000552,-0.022348,0.124789,-0.299921,-0.784793
423,0.027936,0.049539,0.376683,-0.701438,-0.111243,-0.704028,0.019047,-0.990315,0.137427,-0.711626,0.083119,0.697643,0.005646,0.010558,0.007137,-0.110208,0.115162,-0.029326,-1.915202,-0.135032,0.076998,0.341023,0.854276,-0.501333,-0.137365,0.519881,0.825695,0.218827,0.002625,-0.257724,0.966144,-0.034684,-0.002659,-0.012928,-0.53219,0.010004,-1.413348,0.480015,0.022876,0.054722,-0.012402,-0.894216,0.447322,0.016703,-0.430325,-0.869318,0.243115,0.123271,0.21021,0.969853,-0.016645,-0.007422,-0.002917,-0.082153,-0.826546,-5.205017,0.44027,0.051895,0.047071,-0.052783,-0.67361,0.056251,-0.736942,-0.187462,-0.977496,0.096738,-0.714917,0.203313,0.668996,0.003971,0.010757,-0.000648,-0.367094,0.106357,0.228215,-0.78463
424,0.028234,0.050221,0.376751,-0.717742,-0.037796,-0.695315,-0.092839,-0.984414,0.149268,-0.68923,0.171729,0.703916,0.005679,0.010636,0.007156,-1.378102,0.514275,0.977447,-1.915188,-0.136607,0.07672,0.340563,0.891166,-0.43527,-0.127887,0.453744,0.857123,0.243703,0.002402,-0.274663,0.961466,-0.034573,-0.00382,-0.013645,-0.190049,-1.028655,-4.90253,0.500609,0.022106,0.054584,-0.012628,-0.923828,0.381822,0.027432,-0.36274,-0.896047,0.255967,0.122314,0.226519,0.966295,-0.022952,-0.003009,-0.007013,-0.517118,0.201316,-0.355063,0.470316,0.052041,0.047404,-0.052748,-0.675083,0.126969,-0.726732,-0.290672,-0.951171,0.103832,-0.678064,0.281336,0.679027,0.002988,0.005609,0.003744,-2.497882,2.088851,-0.579277,-0.784793
425,0.028326,0.050857,0.376877,-0.734853,0.034735,-0.67737,-0.194806,-0.967415,0.161651,-0.648772,0.250696,0.718521,-0.0076,0.012319,0.007869,-3.586339,1.534221,3.968258,-1.914227,-0.138473,0.076504,0.339971,0.912207,-0.392112,-0.118815,0.409811,0.872525,0.265874,-0.001746,-0.290734,0.956731,-0.057335,-0.00907,-0.014976,-0.488459,0.189782,-0.395189,0.502231,0.021181,0.05448,-0.012923,-0.941811,0.334058,0.03737,-0.312118,-0.910354,0.271729,0.124793,0.244253,0.961648,-0.029604,0.001388,-0.010874,-0.178602,-1.051581,-5.128674,0.486808,0.052096,0.047728,-0.052681,-0.678204,0.198955,-0.707428,-0.387965,-0.914503,0.114746,-0.624116,0.352279,0.697407,-0.003538,0.006654,0.004263,-1.15655,0.505947,0.885524,-0.781364
426,0.028081,0.05131,0.377039,-0.739614,0.107341,-0.66445,-0.283439,-0.945065,0.162748,-0.609563,0.308562,0.730239,-0.009236,0.009222,0.005785,-0.147842,0.531806,0.383258,-1.913438,-0.140426,0.076318,0.339231,0.943074,-0.314199,-0.109001,0.332584,0.898066,0.28775,0.006279,-0.307229,0.951543,-0.045673,-0.009612,-0.016276,-0.05218,-1.271853,-5.237397,0.501036,0.020184,0.054383,-0.013298,-0.965051,0.257821,0.046936,-0.234961,-0.930587,0.280712,0.116052,0.259874,0.958643,-0.023482,0.000477,-0.012015,-0.600394,0.244404,-0.274457,0.488767,0.051973,0.047966,-0.052599,-0.668634,0.276354,-0.69033,-0.475681,-0.87253,0.111439,-0.571537,0.402889,0.71486,-0.00468,0.004494,0.002818,-0.110044,0.581049,0.408096,-0.783324
427,0.027987,0.051467,0.37715,-0.737006,0.144951,-0.660194,-0.329901,-0.929629,0.164095,-0.589038,0.338552,0.733787,-0.009014,0.009625,0.00605,-3.655515,1.066184,3.90873,-1.91337,-0.141356,0.076235,0.338832,0.956184,-0.27325,-0.10506,0.292489,0.909195,0.296223,0.01336,-0.313633,0.949378,-0.047136,0.001385,-0.023822,-0.290873,-0.308378,-1.328949,0.50217,0.019719,0.054337,-0.013495,-0.975947,0.212046,0.050604,-0.189654,-0.940317,0.282547,0.107498,0.266154,0.957917,-0.022968,-0.005076,-0.008214,-0.136829,-1.288938,-5.138981,0.489747,0.051928,0.048038,-0.052547,-0.660465,0.309338,-0.684174,-0.513336,-0.851007,0.110779,-0.54797,0.424377,0.720855,0.00157,0.002937,0.001965,-0.10921,0.091213,-0.04616,-0.78659
428,0.027886,0.051754,0.377382,-0.731538,0.208649,-0.649124,-0.409681,-0.89551,0.173768,-0.544136,0.392787,0.741392,0.00291,0.00543,0.003615,-0.446521,0.34992,0.056059,-1.913235,-0.142989,0.075899,0.338027,0.970146,-0.2224,-0.096678,0.241815,0.918988,0.311321,0.018374,-0.325129,0.945419,-0.033709,-0.013419,-0.019615,-0.511166,0.259818,-0.024808,0.50348,0.018897,0.054179,-0.013897,-0.985692,0.158385,0.057662,-0.135409,-0.947801,0.28868,0.100375,0.276742,0.955687,-0.017516,-0.001144,-0.013504,-0.433894,0.152158,-0.299465,0.49187,0.051872,0.048182,-0.052431,-0.641045,0.373583,-0.670444,-0.589638,-0.798909,0.118617,-0.491311,0.471358,0.732416,-0.004169,0.005438,0.00344,-1.537991,0.986162,0.541113,-0.790835
429,0.027654,0.052118,0.377602,-0.725613,0.265404,-0.634895,-0.480079,-0.856239,0.19066,-0.492122,0.44281,0.749508,0.003417,0.006362,0.004226,-3.573726,1.196238,3.985382,-1.897156,-0.14448,0.075422,0.337069,0.979992,-0.177878,-0.089258,0.197433,0.926745,0.319528,0.024637,-0.330538,0.943399,-0.03476,-0.006589,-0.029786,0.109093,-0.409119,-1.642173,0.511024,0.018152,0.05394,-0.014371,-0.991195,0.115672,0.064431,-0.092115,-0.951975,0.291989,0.095112,0.283483,0.954248,-0.023377,-0.003855,-0.014677,0.499791,-1.65368,-5.310435,0.499545,0.051755,0.048361,-0.052323,-0.62689,0.423773,-0.653777,-0.647344,-0.750251,0.134415,-0.433536,0.507482,0.744652,-0.004292,0.005192,0.003274,-0.216138,0.194361,-0.046792,-0.791162
430,0.027537,0.052301,0.377707,-0.727075,0.282718,-0.625682,-0.500655,-0.841904,0.201283,-0.468958,0.459242,0.754454,-0.008834,0.009892,0.006202,-1.159334,0.612414,0.906651,-1.866821,-0.145206,0.075174,0.336527,0.984115,-0.155525,-0.085562,0.175189,0.929841,0.323478,0.028,-0.333138,0.942389,-0.034575,-0.009048,-0.031372,0.460585,-1.67848,-5.297352,0.511632,0.017776,0.053814,-0.014653,-0.993384,0.09291,0.067485,-0.069337,-0.953764,0.292448,0.091536,0.285835,0.953897,-0.017457,-0.004823,-0.015787,0.52826,-1.71084,-5.29454,0.502484,0.051702,0.048454,-0.052271,-0.623502,0.443473,-0.643875,-0.668273,-0.729744,0.144512,-0.405777,0.520389,0.751358,-0.004149,0.005464,0.003425,-3.895523,1.805122,3.468153,-0.788713
