frame,MLTx,MLTy,MLTz,MLTR1,MLTR2,MLTR3,MLTR4,MLTR5,MLTR6,MLTR7,MLTR8,MLTR9,MLTTVx,MLTTVy,MLTTVz,MLTRVx,MLTRVy,MLTRVz,MLGA,MRTx,MRTy,MRTz,MRTR1,MRTR2,MRTR3,MRTR4,MRTR5,MRTR6,MRTR7,MRTR8,MRTR9,MRTTVx,MRTTVy,MRTTVz,MRTRVx,MRTRVy,MRTRVz,MRGA,SLTx,SLTy,SLTz,SLTR1,SLTR2,SLTR3,SLTR4,SLTR5,SLTR6,SLTR7,SLTR8,SLTR9,SLTTVx,SLTTVy,SLTTVz,SLTRVx,SLTRVy,SLTRVz,SLGA,SRTx,SRTy,SRTz,SRTR1,SRTR2,SRTR3,SRTR4,SRTR5,SRTR6,SRTR7,SRTR8,SRTR9,SRTTVx,SRTTVy,SRTTVz,SRTRVx,SRTRVy,SRTRVz,SRGA
1365,0.237195,0.157503,0.314536,-0.817447,0.571661,0.070919,-0.268916,-0.487493,0.830667,0.510449,0.659242,0.552148,-0.072403,-0.091312,0.000513,-0.262951,-1.288314,-1.176762,-1.908337,-0.166515,-0.012216,0.342423,0.76937,-0.117326,0.627929,-0.359644,0.732676,0.577734,-0.528803,-0.670165,0.520682,-2.7e-05,0.003194,0.002781,-0.010605,0.081464,-0.148897,0.537138,0.036412,0.014953,-0.005542,-0.695607,0.273736,0.664228,0.230212,-0.79088,0.567018,0.680538,0.547335,0.487125,-1e-05,0.001136,0.000989,-2e-06,4e-06,1e-06,0.522895,0.134118,0.103538,-0.082547,-0.866295,0.469223,0.171352,-0.13856,-0.555279,0.820039,0.47993,0.686654,0.546052,-0.032382,-0.038037,-0.00169,-0.503871,-4.547186,-3.260746,-0.845211
1366,0.234453,0.154242,0.31457,-0.864252,0.499845,0.057176,-0.232723,-0.497845,0.835441,0.447131,0.708103,0.546526,-0.074798,-0.086662,0.003196,-0.509888,-1.538477,1.987371,-1.910838,-0.166485,-0.012108,0.342514,0.769439,-0.117366,0.627838,-0.359557,0.732668,0.577797,-0.528762,-0.670166,0.520722,-1.8e-05,0.002098,0.001824,0.0,0.0,0.0,0.537558,0.036427,0.01501,-0.005494,-0.695603,0.273735,0.664232,0.230215,-0.790881,0.567015,0.680541,0.547334,0.487122,-1.3e-05,0.00141,0.001225,0.00179,-0.013799,0.025237,0.523059,0.132723,0.101862,-0.082536,-0.906504,0.391398,0.158294,-0.099393,-0.562234,0.820983,0.410329,0.728492,0.54857,-0.037418,-0.043294,0.00167,-0.512565,-1.526314,1.976003,-0.843088
1367,0.231506,0.151089,0.314736,-0.904012,0.425806,0.038698,-0.200312,-0.501632,0.841553,0.378876,0.752492,0.538736,-0.08656,-0.084751,0.00482,-0.591516,-2.676253,1.011854,-1.910142,-0.166474,-0.012083,0.342548,0.769421,-0.117356,0.627862,-0.359594,0.732653,0.577794,-0.528763,-0.670185,0.520696,-0.0,2.6e-05,2.2e-05,0.0,0.0,0.0,0.537438,0.036432,0.015027,-0.005473,-0.695586,0.273721,0.664255,0.230254,-0.790873,0.567011,0.680545,0.547353,0.487095,-1e-06,-7.6e-05,-6.7e-05,2e-06,-1e-06,-2e-06,0.523059,0.131282,0.100317,-0.082455,-0.938397,0.315716,0.140476,-0.066054,-0.562908,0.823875,0.339185,0.763843,0.549086,-0.043175,-0.04201,0.002611,-0.407401,-4.561694,-3.429154,-0.836557
1368,0.227317,0.146805,0.315093,-0.954306,0.29889,0.003299,-0.154417,-0.502243,0.850811,0.257143,0.811052,0.525452,-0.12382,-0.120377,0.010927,-0.38596,-1.787165,-0.593009,-1.91076,-0.166463,-0.012129,0.342508,0.769349,-0.117316,0.627958,-0.359683,0.73266,0.577729,-0.528807,-0.670184,0.520653,1e-05,-0.001124,-0.000978,0.0,0.0,0.0,0.53743,0.036438,0.015003,-0.005495,-0.695519,0.273667,0.664348,0.230336,-0.790899,0.566941,0.680586,0.547342,0.48705,7e-06,-0.000739,-0.000641,1e-06,2e-06,-9e-06,0.522895,0.129247,0.098243,-0.082279,-0.976448,0.190103,0.102018,-0.022031,-0.558242,0.829384,0.214619,0.807604,0.549283,-0.061841,-0.060151,0.00554,-0.609598,-2.602662,0.903765,-0.831495
1369,0.224829,0.144495,0.315316,-0.968287,0.249502,-0.014647,-0.141861,-0.500186,0.854203,0.207004,0.82888,0.519745,-0.135498,-0.120199,0.011631,-0.317154,-1.407971,-0.876388,-1.911055,-0.166473,-0.012162,0.342479,0.769358,-0.117321,0.627945,-0.359672,0.732659,0.577737,-0.528801,-0.670184,0.520659,1.6e-05,-0.001829,-0.001591,0.0,0.0,0.0,0.537503,0.036433,0.014986,-0.005509,-0.695528,0.273674,0.664336,0.230326,-0.790896,0.56695,0.680581,0.547343,0.487056,8e-06,-0.000997,-0.000866,-7e-06,1e-06,5e-06,0.522895,0.127911,0.096993,-0.082162,-0.987687,0.134602,0.079716,-0.008419,-0.554573,0.832091,0.156209,0.821175,0.548879,-0.067724,-0.060233,0.005814,-0.339853,-1.436863,-0.850001,-0.831005
1370,0.21883,0.139345,0.315827,-0.990591,0.127922,-0.049105,-0.107173,-0.499512,0.859636,0.08667,0.856651,0.508592,-0.16598,-0.153471,0.019029,-0.260554,-1.410669,-0.972489,-1.910864,-0.166452,-0.012181,0.342461,0.769265,-0.117269,0.62807,-0.359788,0.732669,0.577653,-0.528859,-0.670182,0.520603,-9e-06,0.001059,0.000921,0.0,0.0,0.0,0.537504,0.036443,0.01497,-0.005524,-0.695441,0.273604,0.664456,0.230433,-0.79093,0.56686,0.680634,0.54733,0.486997,-7e-06,0.000668,0.000582,0.001795,-0.013805,0.02523,0.522895,0.124973,0.094484,-0.081909,-0.999094,0.014211,0.040083,0.025648,-0.550467,0.834462,0.033923,0.834735,0.549605,-0.083369,-0.070688,0.006913,-0.302794,-6.119057,-1.336507,-0.830188
1371,0.211952,0.132789,0.316719,-0.995471,0.023486,-0.09236,-0.091692,-0.501819,0.860082,-0.024911,0.864627,0.501823,-0.189719,-0.1806,0.030048,-0.183208,-0.95797,1.456227,-1.910782,-0.166421,-0.01214,0.342494,0.76938,-0.117336,0.627916,-0.359643,0.732657,0.577759,-0.528789,-0.670184,0.520671,0.014043,0.001759,0.000309,0.002045,-0.015205,0.029245,0.537516,0.036454,0.014993,-0.005504,-0.695535,0.273682,0.664326,0.230315,-0.790893,0.566959,0.680577,0.547344,0.48706,-7e-06,0.000696,0.000606,-2e-06,-3e-06,2e-06,0.522895,0.121611,0.091274,-0.08148,-0.995952,-0.089624,-0.00671,0.043867,-0.549918,0.834065,-0.078442,0.830395,0.551625,-0.089461,-0.089843,0.015214,0.41234,-5.419665,-0.929306,-0.831005
1372,0.208439,0.12962,0.317261,-0.993575,-0.018755,-0.111817,-0.086777,-0.509512,0.856061,-0.071792,0.860287,0.504758,-0.194273,-0.16329,0.027842,0.202295,-1.322877,2.262626,-1.910889,-0.16641,-0.012121,0.342523,0.769349,-0.117318,0.627957,-0.359695,0.732642,0.577744,-0.528799,-0.670203,0.520637,-8e-06,0.000925,0.000805,0.0,0.0,0.0,0.537683,0.036464,0.015004,-0.005489,-0.695519,0.27367,0.664347,0.230352,-0.790884,0.566956,0.680581,0.547363,0.487035,-7e-06,0.000568,0.000492,-4e-06,1.1e-05,-1e-05,0.522895,0.119789,0.089614,-0.081202,-0.990848,-0.13209,-0.027751,0.05091,-0.556162,0.829512,-0.125005,0.820508,0.557797,-0.096524,-0.088211,0.016533,0.48515,-1.835854,0.954667,-0.830515
1373,0.200612,0.122906,0.318675,-0.983892,-0.098371,-0.149416,-0.074144,-0.536135,0.840853,-0.1616,0.838509,0.520399,-0.209889,-0.183424,0.043041,1.141786,-0.626548,-0.672114,-1.910598,-0.166389,-0.012093,0.342545,0.769257,-0.117267,0.628079,-0.359809,0.732652,0.577661,-0.528855,-0.670201,0.520582,-0.0,2.9e-05,2.5e-05,0.0,0.0,0.0,0.53755,0.036475,0.01502,-0.005476,-0.695433,0.273601,0.664465,0.230458,-0.790918,0.566867,0.680633,0.547349,0.486977,-0.0,-2.8e-05,-2.6e-05,-3e-06,-5e-06,8e-06,0.523059,0.115881,0.086265,-0.0805,-0.975489,-0.207383,-0.073563,0.061936,-0.579566,0.812567,-0.211148,0.788095,0.578205,-0.099946,-0.085237,0.018835,1.338705,-5.301089,-1.016046,-0.8377
1374,0.192407,0.115607,0.320405,-0.978834,-0.103484,-0.176692,-0.090083,-0.557502,0.825257,-0.18269,0.823835,0.536608,-0.206628,-0.181869,0.044732,0.548184,0.472735,-0.040157,-1.911424,-0.166388,-0.012133,0.342511,0.769098,-0.117178,0.62829,-0.360006,0.732669,0.577516,-0.528952,-0.670198,0.520488,1.2e-05,-0.001393,-0.001212,0.0,0.0,0.0,0.537574,0.036475,0.015,-0.005493,-0.695286,0.273481,0.664669,0.230639,-0.790975,0.566713,0.680722,0.547326,0.486878,7e-06,-0.000773,-0.000672,1.3e-05,-3e-06,-1.9e-05,0.523059,0.111854,0.082688,-0.079651,-0.97226,-0.210672,-0.101622,0.047455,-0.603096,0.796255,-0.229037,0.769344,0.596364,-0.10286,-0.097435,0.02517,0.134744,-0.064225,0.53867,-0.840476
1375,0.184565,0.108353,0.322371,-0.971468,-0.125713,-0.201222,-0.098381,-0.558506,0.823628,-0.214718,0.820081,0.530462,-0.202471,-0.189437,0.054275,-0.277745,-0.534884,-0.338252,-1.911477,-0.166324,-0.01225,0.342404,0.763698,-0.115451,0.635159,-0.364936,0.734222,0.572427,-0.533379,-0.6688,0.517761,0.014097,-0.003816,-0.004546,0.030446,0.145101,-0.194692,0.537395,0.036507,0.014945,-0.005544,-0.689992,0.270671,0.671302,0.234892,-0.79352,0.561381,0.684642,0.545033,0.483945,0.007052,-0.002012,-0.002362,0.032063,0.154755,-0.208102,0.523059,0.107779,0.078922,-0.078636,-0.965228,-0.228188,-0.127524,0.038426,-0.606404,0.794227,-0.258565,0.761711,0.594087,-0.101205,-0.094851,0.027185,-0.368921,-0.53776,-0.369438,-0.835903
1376,0.180667,0.104613,0.323571,-0.967705,-0.136378,-0.212118,-0.101382,-0.559958,0.822278,-0.229715,0.817396,0.52832,-0.19463,-0.192655,0.066093,-0.008362,-0.153211,0.222078,-1.911358,-0.166279,-0.012385,0.342323,0.760264,-0.114399,0.639455,-0.368002,0.735177,0.56923,-0.536171,-0.667933,0.515993,6.4e-05,-0.007047,-0.006143,-0.001553,0.014988,-0.026842,0.537651,0.03653,0.014883,-0.00558,-0.686594,0.268919,0.675477,0.237553,-0.795107,0.558008,0.687136,0.543587,0.482033,0.000497,-0.008927,0.001227,-0.038828,0.020377,-0.039705,0.522895,0.105903,0.077112,-0.078068,-0.961084,-0.23874,-0.138992,0.035985,-0.607041,0.793854,-0.273899,0.757959,0.592009,-0.097384,-0.090889,0.029686,0.241189,-0.046729,0.04174,-0.832311
1377,0.173165,0.097574,0.326356,-0.962693,-0.14155,-0.230717,-0.114699,-0.558887,0.821256,-0.243997,0.817256,0.522097,-0.189254,-0.164226,0.07082,0.122377,-0.208066,0.493315,-1.911664,-0.166218,-0.012982,0.342081,0.751783,-0.111838,0.64985,-0.375552,0.737285,0.561521,-0.542852,-0.666045,0.511428,0.000126,-0.01391,-0.012176,0.02836,0.160216,-0.224007,0.537828,0.03656,0.014591,-0.005695,-0.678446,0.26475,0.685287,0.24399,-0.798658,0.550103,0.69295,0.540418,0.47725,0.000533,-0.013153,-0.002484,0.081277,0.476773,-0.623155,0.523059,0.10215,0.073574,-0.076681,-0.957154,-0.242712,-0.157942,0.02277,-0.606815,0.794516,-0.28868,0.756879,0.586342,-0.094539,-0.087902,0.038848,0.095548,-0.048056,0.363459,-0.834597
1378,0.166091,0.091096,0.329512,-0.959027,-0.142922,-0.244715,-0.124867,-0.562221,0.817488,-0.253229,0.814728,0.521651,-0.182237,-0.162147,0.087041,0.436391,-1.443592,-0.485945,-1.911088,-0.166174,-0.014208,0.341711,0.740095,-0.12662,0.660468,-0.36618,0.747727,0.55385,-0.564892,-0.651584,0.506161,0.001141,-0.035668,-0.013324,0.295784,1.677106,-2.303167,0.537743,0.036581,0.013992,-0.005874,-0.665095,0.277808,0.69316,0.230978,-0.806176,0.544728,0.710139,0.522401,0.472016,0.000577,-0.018215,-0.007001,-0.020815,-0.043873,0.093756,0.523385,0.09861,0.070333,-0.07511,-0.95514,-0.240948,-0.172189,0.011818,-0.611972,0.79079,-0.295914,0.753281,0.587368,-0.085303,-0.080787,0.043769,1.549201,-4.556533,-2.442806,-0.825289
1379,0.162751,0.088016,0.331305,-0.956302,-0.144933,-0.254021,-0.130705,-0.565348,0.814413,-0.260457,0.812206,0.522025,-0.172389,-0.153165,0.092992,-0.016359,-0.171434,0.483556,-1.910903,-0.166163,-0.015096,0.341458,0.731838,-0.13749,0.667459,-0.358457,0.755182,0.548764,-0.580404,-0.640681,0.502516,0.002109,-0.052669,-0.010326,0.041866,0.47285,-0.621373,0.538014,0.036586,0.013557,-0.005999,-0.653098,0.286013,0.701184,0.222603,-0.812515,0.538763,0.723816,0.507951,0.466985,0.000587,-0.021168,-0.009676,0.322895,1.703446,-2.300236,0.523385,0.096936,0.068786,-0.074218,-0.952655,-0.24365,-0.181885,0.007191,-0.616089,0.787643,-0.303967,0.749044,0.588673,-0.086172,-0.076267,0.046783,0.080112,-0.118505,0.518378,-0.821697
1380,0.156579,0.081968,0.335374,-0.953137,-0.146116,-0.265,-0.137069,-0.572405,0.808415,-0.268626,0.807035,0.525891,-0.151981,-0.150494,0.109811,-0.051207,-0.025599,0.370288,-1.911428,-0.16613,-0.01732,0.340736,0.707966,-0.178279,0.683368,-0.321703,0.779857,0.536902,-0.629519,-0.599719,0.493868,0.00217,-0.06347,-0.020429,0.289219,0.500035,-0.117591,0.537735,0.036603,0.012449,-0.006357,-0.620343,0.320595,0.715816,0.181516,-0.829187,0.528677,0.763037,0.457893,0.456187,0.001098,-0.032188,-0.010621,1.16978,1.517735,-0.057744,0.523385,0.093785,0.065705,-0.072148,-0.95038,-0.243638,-0.193432,0.000841,-0.623802,0.781581,-0.311087,0.742637,0.593055,-0.075994,-0.074781,0.055295,-0.094932,-0.031101,0.365671,-0.815329
1381,0.151366,0.076076,0.339869,-0.945888,-0.166303,-0.278718,-0.133027,-0.584784,0.80019,-0.294889,0.794173,0.531373,-0.119734,-0.157662,0.12077,0.485432,-1.164061,-0.5693,-1.911038,-0.165985,-0.019941,0.339663,0.676473,-0.222433,0.702067,-0.276406,0.806805,0.52211,-0.683396,-0.546964,0.483387,0.001282,-0.060662,-0.037055,0.344435,0.403714,0.056443,0.537494,0.036676,0.011132,-0.006891,-0.57937,0.35728,0.732584,0.130984,-0.846311,0.516333,0.80447,0.395105,0.44353,0.008277,-0.036366,-0.015425,1.224851,1.201198,0.492023,0.522242,0.091225,0.06283,-0.069937,-0.942548,-0.26091,-0.208631,0.004709,-0.634832,0.772634,-0.334034,0.727263,0.599589,-0.065507,-0.078011,0.06125,1.700138,-4.172923,-2.625506,-0.812716
1382,0.148982,0.072997,0.342257,-0.940748,-0.181175,-0.286729,-0.128688,-0.591621,0.795861,-0.312656,0.785828,0.533617,-0.120767,-0.156213,0.122765,1.667693,-4.197999,-2.614907,-1.910766,-0.165868,-0.021346,0.339045,0.662169,-0.23908,0.710186,-0.254774,0.819333,0.513534,-0.705466,-0.520679,0.480702,0.002219,-0.074262,-0.03147,0.44262,0.252185,-0.274489,0.537718,0.036734,0.010433,-0.007204,-0.561006,0.371472,0.739783,0.106857,-0.853689,0.509701,0.820885,0.364997,0.439231,0.001116,-0.036824,-0.015445,1.437571,0.624297,0.440547,0.521752,0.090034,0.061295,-0.068741,-0.937624,-0.271103,-0.217631,0.006861,-0.640316,0.76808,-0.347582,0.718677,0.602237,-0.060396,-0.077923,0.06155,0.296637,0.136153,0.56193,-0.810757
1383,0.144799,0.066821,0.347191,-0.92933,-0.216576,-0.299141,-0.113587,-0.603222,0.789426,-0.350264,0.767884,0.536372,-0.098403,-0.141875,0.118615,-0.06023,0.047372,0.123645,-1.910564,-0.165489,-0.024253,0.337719,0.636296,-0.273488,0.721334,-0.212416,0.836681,0.504754,-0.742349,-0.47405,0.473346,0.01673,-0.077117,-0.036503,0.012223,0.266302,-0.290905,0.537495,0.036918,0.008978,-0.007867,-0.528554,0.399348,0.7491,0.060838,-0.862348,0.502647,0.846716,0.31125,0.431502,0.007901,-0.03321,-0.022608,0.299616,0.4347,-0.105291,0.521589,0.087934,0.058203,-0.066271,-0.92197,-0.308972,-0.233467,0.025993,-0.65088,0.758734,-0.386387,0.693462,0.608124,-0.043688,-0.077915,0.062219,0.046307,-0.300959,0.104183,-0.803899
1384,0.141549,0.060942,0.351864,-0.906325,-0.285529,-0.311596,-0.076362,-0.614595,0.78512,-0.414555,0.735722,0.535615,-0.077353,-0.159994,0.123694,-0.06506,-0.373354,0.085993,-1.90975,-0.164617,-0.027138,0.336054,0.606198,-0.314074,0.730666,-0.156797,0.853387,0.49707,-0.780398,-0.415494,0.467127,0.030605,-0.067305,-0.048684,1.164111,0.996551,0.46671,0.53769,0.037349,0.007526,-0.0087,-0.490907,0.431946,0.756592,0.004112,-0.867278,0.497805,0.871201,0.247488,0.423977,0.015408,-0.033828,-0.024514,4.016716,2.844878,2.476091,0.521099,0.086303,0.055282,-0.063929,-0.892719,-0.373858,-0.251558,0.063671,-0.657311,0.750923,-0.446091,0.654347,0.610599,-0.038811,-0.080679,0.061471,0.35141,-1.285512,-0.562881,-0.811247
1385,0.138475,0.054432,0.356551,-0.870606,-0.369665,-0.324714,-0.029064,-0.620236,0.783859,-0.490083,0.692328,0.529649,-0.080157,-0.16911,0.120415,1.50418,-4.354111,-2.639348,-1.910311,-0.163231,-0.029679,0.334091,0.569013,-0.356991,0.740792,-0.093669,0.866753,0.489795,-0.817629,-0.347642,0.458793,0.030992,-0.065922,-0.048675,3.806786,3.165556,2.629489,0.53768,0.038053,0.006226,-0.009705,-0.446428,0.465177,0.764402,-0.061166,-0.868119,0.492571,0.892726,0.173143,0.416006,0.01561,-0.033042,-0.024455,3.638864,3.332827,2.739639,0.520283,0.084768,0.052037,-0.061579,-0.851538,-0.448176,-0.272064,0.107657,-0.657329,0.745873,-0.513119,0.60585,0.607991,-0.040299,-0.085679,0.059539,-0.222239,-0.074381,0.213196,-0.818431
1386,0.136964,0.05099,0.358967,-0.850688,-0.404929,-0.335273,-0.012466,-0.622101,0.78282,-0.524503,0.670617,0.524591,-0.068453,-0.159615,0.112146,0.260178,-1.456883,-0.343104,-1.91033,-0.162402,-0.030847,0.333026,0.548406,-0.372377,0.748717,-0.068254,0.872355,0.484016,-0.83405,-0.316075,0.452018,0.044997,-0.054783,-0.059069,3.888453,3.127308,2.624569,0.537539,0.038468,0.005643,-0.010236,-0.422589,0.476117,0.771187,-0.087384,-0.868338,0.488212,0.902099,0.138924,0.408555,0.02262,-0.027496,-0.0297,3.737611,3.277525,2.729511,0.519956,0.084008,0.050309,-0.060371,-0.826954,-0.483853,-0.28641,0.126972,-0.656927,0.743184,-0.547743,0.578213,0.604685,-0.034555,-0.08581,0.06,1.551251,-4.840068,-1.862047,-0.823004
1387,0.134477,0.044447,0.363327,-0.813568,-0.463122,-0.351668,0.01787,-0.62444,0.780851,-0.580214,0.629565,0.516746,-0.059721,-0.18283,0.114605,1.689738,-4.382649,-2.392815,-1.909746,-0.160599,-0.032988,0.330713,0.505983,-0.395702,0.766416,-0.029075,0.880136,0.47376,-0.862631,-0.261504,0.432836,0.045527,-0.053817,-0.059528,-0.166663,0.588,-0.284061,0.537297,0.039369,0.004571,-0.011394,-0.373476,0.491756,0.786569,-0.128754,-0.867197,0.48103,0.91866,0.078379,0.387193,0.022777,-0.026891,-0.029759,-0.188093,0.615633,-0.284172,0.519629,0.082763,0.047058,-0.058184,-0.787276,-0.533612,-0.308957,0.154439,-0.655742,0.739019,-0.596946,0.534097,0.598661,-0.029641,-0.08578,0.053235,-0.108261,-0.036648,0.295022,-0.826269
1388,0.132216,0.037363,0.367274,-0.77758,-0.512029,-0.365022,0.047642,-0.626847,0.777666,-0.626035,0.587942,0.51228,-0.050214,-0.186171,0.098911,0.067781,0.107957,0.585044,-1.9108,-0.158499,-0.034964,0.328456,0.455389,-0.433635,0.777542,0.020974,0.878254,0.477665,-0.890561,-0.200676,0.408036,0.06089,-0.046272,-0.054594,-0.336548,0.62619,0.092141,0.537384,0.040374,0.003609,-0.01249,-0.316969,0.518121,0.794406,-0.177622,-0.855204,0.486903,0.931654,0.013229,0.363103,0.030448,-0.023234,-0.027389,-0.06842,0.974388,0.355982,0.519303,0.081629,0.043519,-0.056204,-0.7434,-0.582507,-0.328695,0.187063,-0.6529,0.733981,-0.642154,0.484155,0.594332,-0.031381,-0.092878,0.049707,0.13308,0.179493,0.351684,-0.822514
1389,0.131234,0.033868,0.369077,-0.756592,-0.538335,-0.371228,0.064694,-0.626585,0.776645,-0.649762,0.564255,0.509366,-0.037957,-0.177738,0.089236,1.787616,-4.298612,-2.453917,-1.910577,-0.157355,-0.035769,0.327476,0.427721,-0.453434,0.781949,0.045669,0.874723,0.482398,-0.903238,-0.170057,0.393834,0.06108,-0.041723,-0.050375,-0.30261,0.744206,0.20497,0.53768,0.040991,0.003169,-0.013024,-0.284404,0.53207,0.797505,-0.200223,-0.846478,0.49334,0.937563,-0.019371,0.347275,0.030545,-0.020567,-0.024894,-0.344875,0.791019,0.22979,0.519629,0.081117,0.041694,-0.055271,-0.722192,-0.603467,-0.338031,0.203195,-0.652234,0.730274,-0.661172,0.458712,0.59366,-0.019172,-0.089597,0.044293,1.708994,-4.310217,-2.476087,-0.822677
1390,0.12964,0.027417,0.372048,-0.7184,-0.582253,-0.380694,0.100676,-0.628547,0.77121,-0.687431,0.516433,0.510649,-0.026089,-0.163431,0.067957,0.474498,-1.315443,-0.452298,-1.910794,-0.154798,-0.0371,0.325802,0.376712,-0.482226,0.790909,0.071653,0.866334,0.49423,-0.923972,-0.128912,0.35989,0.061237,-0.028721,-0.037397,-0.394206,0.654866,0.169197,0.537564,0.04227,0.002495,-0.01387,-0.227438,0.54998,0.803612,-0.222909,-0.832732,0.506822,0.947936,-0.063862,0.311991,0.030617,-0.013766,-0.018089,-0.377216,0.630521,0.153446,0.520773,0.08032,0.038467,-0.053786,-0.679505,-0.64301,-0.353284,0.23934,-0.649465,0.721741,-0.693533,0.405872,0.595213,-0.013163,-0.082191,0.033698,0.424715,-1.353241,-0.457838,-0.832474
1391,0.12847,0.021828,0.374028,-0.679652,-0.623056,-0.387194,0.135763,-0.625591,0.768229,-0.720032,0.470335,0.510261,-0.024707,-0.121502,0.03247,-0.069791,-0.135549,0.20742,-1.911081,-0.152219,-0.037755,0.324657,0.329354,-0.50099,0.800329,0.080039,0.859297,0.505109,-0.941164,-0.10168,0.322079,0.059943,-0.002951,-0.030305,-0.371288,0.721086,0.067449,0.537231,0.043538,0.002164,-0.014436,-0.177428,0.558516,0.810295,-0.229391,-0.82415,0.517837,0.957025,-0.093995,0.274346,0.030507,-0.006266,-0.010224,-0.502917,0.872653,0.129121,0.521426,0.079742,0.035709,-0.052814,-0.636883,-0.678981,-0.365189,0.273865,-0.642035,0.716092,-0.720677,0.356055,0.594851,-0.012629,-0.066213,0.020566,-0.00092,-0.397027,0.012377,-0.832474
1392,0.127618,0.017514,0.374949,-0.665878,-0.632561,-0.395624,0.141293,-0.627628,0.765566,-0.731745,0.454659,0.507801,-0.010777,-0.09108,0.004458,-0.12337,-0.147646,0.334581,-1.910872,-0.149594,-0.037732,0.324134,0.293627,-0.51553,0.804987,0.081514,0.852457,0.51634,-0.952748,-0.085353,0.291289,0.075457,0.004856,-0.003433,3.944513,3.378709,2.371208,0.537219,0.044873,0.00217,-0.014714,-0.141167,0.564433,0.813318,-0.227858,-0.818013,0.528142,0.963406,-0.110765,0.244087,0.037836,0.003345,-0.001005,4.012828,3.254427,2.401872,0.521263,0.079305,0.033503,-0.052342,-0.622872,-0.686298,-0.375531,0.278854,-0.643259,0.713062,-0.730937,0.339429,0.592045,-0.005422,-0.045629,0.002178,-0.157025,-0.154666,0.324775,-0.833617
1393,0.127372,0.015803,0.374888,-0.657721,-0.638737,-0.399329,0.144614,-0.627363,0.765163,-0.738445,0.446307,0.505505,-0.01108,-0.084397,-0.007226,-0.09358,-0.08245,0.166031,-1.911127,-0.148384,-0.037377,0.324025,0.278058,-0.522886,0.80577,0.087311,0.84905,0.520984,-0.956878,-0.073862,0.2807,0.058854,0.021393,-0.004108,-0.341548,0.821612,-0.005098,0.536901,0.045456,0.00234,-0.014766,-0.123783,0.569121,0.812882,-0.234206,-0.812795,0.533395,0.964274,-0.124356,0.233902,0.029411,0.011323,-0.001408,-0.256136,0.820045,0.206414,0.521589,0.079183,0.032653,-0.05237,-0.614358,-0.69136,-0.380241,0.281927,-0.642443,0.712588,-0.736939,0.330584,0.589604,-0.005599,-0.04248,-0.003787,-0.099192,-0.081566,0.16429,-0.820391
1394,0.12688,0.012905,0.374092,-0.633145,-0.658377,-0.407077,0.16026,-0.626041,0.763125,-0.756486,0.418748,0.502401,-0.011523,-0.078177,-0.0197,-0.064451,-0.073555,0.164791,-1.910862,-0.146429,-0.036024,0.323985,0.25191,-0.547662,0.797871,0.103838,0.834908,0.540444,-0.96242,-0.052613,0.266161,0.041717,0.043478,0.001187,-0.248734,0.295101,0.701369,0.537002,0.04644,0.003012,-0.014784,-0.092876,0.587417,0.803937,-0.246093,-0.795919,0.553128,0.964785,-0.146471,0.218481,0.020819,0.02193,0.000818,-0.317207,-0.522419,2.640581,0.521425,0.07894,0.031233,-0.05276,-0.588464,-0.707693,-0.390998,0.297199,-0.639073,0.709406,-0.751918,0.301256,0.586398,-0.01202,-0.033162,-0.013785,-0.031033,-0.071308,0.152957,-0.819738
1395,0.12642,0.010578,0.372688,-0.631395,-0.655225,-0.414809,0.155398,-0.630996,0.760045,-0.758959,0.41624,0.500752,-0.010778,-0.05737,-0.03859,0.006133,-0.103504,0.199537,-1.911641,-0.145049,-0.03401,0.324106,0.236898,-0.564266,0.79087,0.101158,0.823853,0.557644,-0.966491,-0.0514,0.25123,0.009799,0.059311,0.001382,-0.252829,0.586733,0.321736,0.53748,0.047142,0.00402,-0.014716,-0.075838,0.600846,0.795758,-0.240555,-0.785509,0.570182,0.967668,-0.148183,0.204108,0.012351,0.031011,0.001223,-0.255391,0.591665,0.384598,0.521752,0.078709,0.030057,-0.053458,-0.587843,-0.703954,-0.398608,0.292606,-0.644392,0.706497,-0.754202,0.298674,0.584783,-0.00538,-0.028745,-0.019318,0.005597,-0.102345,0.20048,-0.817452
1396,0.126272,0.009551,0.371824,-0.62733,-0.652627,-0.424948,0.148869,-0.636131,0.757065,-0.763625,0.412477,0.496756,0.001958,-0.060565,-0.041323,-0.030697,-0.273158,0.396746,-1.911338,-0.144778,-0.032752,0.324138,0.231218,-0.576099,0.78399,0.101752,0.815635,0.569491,-0.967796,-0.051188,0.246197,0.008316,0.073382,-0.003851,-0.167885,0.109716,1.289397,0.537329,0.047278,0.004646,-0.014696,-0.068118,0.610397,0.78916,-0.238741,-0.777989,0.581149,0.96869,-0.148818,0.198722,0.004706,0.031469,0.002593,-0.113035,-0.647746,2.815715,0.521752,0.07863,0.029547,-0.053888,-0.585007,-0.70049,-0.408754,0.28633,-0.649925,0.703997,-0.758803,0.294805,0.580782,-0.005186,-0.02357,-0.024061,0.069332,-0.63371,0.974555,-0.814676
1397,0.126059,0.007218,0.370047,-0.629531,-0.643191,-0.435937,0.13274,-0.64187,0.755219,-0.764784,0.418365,0.490004,-0.012206,-0.064524,-0.044894,-0.14077,-0.290621,0.29883,-1.910853,-0.145112,-0.029826,0.324052,0.211855,-0.600558,0.770998,0.112938,0.798572,0.591152,-0.970959,-0.037416,0.236013,-0.022883,0.085027,-0.00837,-0.139778,0.494635,0.36501,0.537411,0.047114,0.006144,-0.014734,-0.043994,0.631494,0.774131,-0.244676,-0.758093,0.604506,0.968606,-0.162816,0.187863,-0.011458,0.04278,-0.003902,-0.186819,0.547835,0.388144,0.521752,0.078525,0.028362,-0.054788,-0.589364,-0.690582,-0.419221,0.270725,-0.657747,0.702905,-0.761155,0.300773,0.57461,-0.006124,-0.032539,-0.022632,-0.147904,-0.296535,0.298946,-0.812063
1398,0.125908,0.004689,0.368289,-0.634597,-0.631754,-0.445218,0.119439,-0.649343,0.751039,-0.762784,0.424214,0.488089,0.001698,-0.062542,-0.044648,0.007068,-0.118378,0.229009,-1.910761,-0.146508,-0.026229,0.32359,0.197352,-0.626638,0.753902,0.122398,0.778665,0.615332,-0.972849,-0.02838,0.229397,-0.038687,0.096815,-0.014645,-0.230166,0.593474,0.682011,0.537523,0.04645,0.007873,-0.01495,-0.027381,0.653123,0.756756,-0.249437,-0.737556,0.627527,0.968003,-0.171581,0.183108,-0.026707,0.04743,-0.007448,0.060611,-0.086792,1.164386,0.522079,0.078447,0.027109,-0.05566,-0.596433,-0.67953,-0.427207,0.258228,-0.666387,0.69946,-0.75999,0.306864,0.572929,0.000823,-0.031562,-0.022515,0.009633,-0.103645,0.20508,-0.815329
1399,0.125819,0.00254,0.366753,-0.636514,-0.625192,-0.451698,0.111599,-0.654169,0.748052,-0.762372,0.426511,0.486728,-0.009252,-0.04865,-0.035358,0.006904,-0.116917,0.225034,-1.910717,-0.148743,-0.022325,0.322843,0.185922,-0.649916,0.736908,0.127723,0.75951,0.637781,-0.9744,-0.023648,0.223267,-0.068574,0.104876,-0.023186,-0.053438,0.193581,1.234864,0.537418,0.045323,0.009864,-0.015321,-0.011211,0.673406,0.739187,-0.249012,-0.717825,0.650168,0.968435,-0.176778,0.175734,-0.034322,0.052463,-0.011472,0.163146,-0.622411,2.967488,0.521752,0.078401,0.025997,-0.056454,-0.599656,-0.672813,-0.433282,0.250648,-0.672093,0.696753,-0.759992,0.309211,0.571664,-0.004509,-0.023838,-0.017322,0.007165,-0.116911,0.225577,-0.821044
1400,0.125753,0.001617,0.366141,-0.639568,-0.620416,-0.453963,0.106221,-0.656206,0.747049,-0.76058,0.430337,0.486162,0.004609,-0.055985,-0.024423,-0.032823,-0.025028,0.06077,-1.910955,-0.150261,-0.0203,0.322405,0.178755,-0.658397,0.731131,0.129316,0.752277,0.64598,-0.975522,-0.020104,0.21867,-0.082708,0.103909,-0.022839,-0.036992,0.392142,0.358755,0.537301,0.044569,0.010877,-0.01554,-0.001719,0.681174,0.732119,-0.248036,-0.709532,0.659576,0.968749,-0.180458,0.170175,-0.041355,0.051968,-0.01136,-0.12788,0.510092,0.426876,0.521752,0.078368,0.025536,-0.05676,-0.603431,-0.668312,-0.435004,0.245455,-0.674703,0.696079,-0.758698,0.313262,0.571177,0.00243,-0.027455,-0.011819,-0.03248,-0.025195,0.061268,-0.820064
1401,0.125404,-0.000166,0.365164,-0.64188,-0.614442,-0.4588,0.098762,-0.659603,0.745079,-0.759636,0.4337,0.484647,-0.006909,-0.036056,-0.026823,0.003074,-0.051734,0.099777,-1.910923,-0.153677,-0.016192,0.321468,0.164449,-0.674796,0.719443,0.132434,0.737775,0.661878,-0.977599,-0.012725,0.209762,-0.081562,0.103729,-0.023625,0.156165,-0.085862,1.026895,0.537473,0.042897,0.012893,-0.015999,0.015723,0.692016,0.72171,-0.246761,-0.696787,0.673494,0.968948,-0.188679,0.159807,-0.041331,0.05706,-0.01621,-0.068693,0.448932,0.428649,0.521752,0.078199,0.024676,-0.057231,-0.606847,-0.662474,-0.439161,0.238359,-0.678785,0.694575,-0.758234,0.316823,0.569826,-0.010441,-0.022834,-0.008558,-0.027947,-0.100802,0.204471,-0.816799
1402,0.124792,-0.001474,0.364415,-0.644412,-0.608944,-0.462565,0.092125,-0.662348,0.743492,-0.758324,0.437256,0.483507,-0.019592,-0.038134,-0.011785,-0.033202,-0.022032,0.052859,-1.910787,-0.157015,-0.011941,0.320474,0.150156,-0.693624,0.704507,0.14231,0.720228,0.678935,-0.978493,-0.000822,0.205946,-0.080546,0.107094,-0.020832,0.038723,0.171344,0.472922,0.537354,0.041222,0.015007,-0.0165,0.032045,0.709452,0.704024,-0.252461,-0.6758,0.692501,0.967076,-0.19993,0.157453,-0.040298,0.053873,-0.010027,-0.094064,0.319198,0.648569,0.522079,0.077895,0.024008,-0.057617,-0.610301,-0.657085,-0.44246,0.23191,-0.682272,0.693341,-0.757462,0.320536,0.568776,-0.009519,-0.013568,-0.010185,0.002294,-0.037153,0.070215,-0.820064
1403,0.124382,-0.002075,0.364038,-0.644014,-0.608346,-0.463905,0.091164,-0.663123,0.74292,-0.758779,0.436913,0.483104,-0.019698,-0.038325,-0.012056,-0.033197,-0.021997,0.052877,-1.910578,-0.158441,-0.009846,0.320044,0.14621,-0.70171,0.697292,0.145152,0.712355,0.686596,-0.978668,0.001702,0.205107,-0.080031,0.107671,-0.020525,0.079597,0.107475,0.425472,0.537403,0.040479,0.0161,-0.016723,0.037748,0.716803,0.696252,-0.253057,-0.667181,0.700593,0.966714,-0.202638,0.156207,-0.032858,0.054458,-0.010318,0.053632,0.135129,0.476979,0.522079,0.077692,0.023714,-0.0578,-0.610091,-0.656381,-0.443791,0.230998,-0.683125,0.692805,-0.75791,0.320159,0.568391,-0.009599,-0.013798,-0.01042,0.001434,-0.023842,0.044583,-0.82333
1404,0.123444,-0.00311,0.363393,-0.644697,-0.600934,-0.472534,0.081925,-0.668915,0.738791,-0.759251,0.438329,0.481075,-0.032103,-0.021782,-0.016644,0.00657,-0.11357,0.217309,-1.909752,-0.161115,-0.005686,0.319315,0.135394,-0.716892,0.683905,0.148118,0.697047,0.701513,-0.979766,0.007214,0.199676,-0.063765,0.097398,-0.01347,0.034067,0.104546,0.442102,0.537516,0.039159,0.018151,-0.017083,0.050539,0.729187,0.682446,-0.252057,-0.651886,0.7152,0.966391,-0.208161,0.150851,-0.03189,0.048642,-0.006739,-0.077102,0.332508,0.358712,0.522079,0.077227,0.023189,-0.058122,-0.612388,-0.648729,-0.451807,0.222168,-0.689696,0.689172,-0.758696,0.321664,0.56649,-0.009173,-0.011312,-0.00863,0.002698,-0.047222,0.091581,-0.817125
1405,0.122551,-0.003882,0.362814,-0.641281,-0.596712,-0.482429,0.076028,-0.675066,0.73381,-0.76275,0.434641,0.478881,-0.017904,-0.019762,-0.015243,0.002886,-0.050162,0.095861,-1.909894,-0.163084,-0.00205,0.31882,0.123847,-0.72985,0.672289,0.148243,0.683407,0.714782,-0.981259,0.01205,0.191963,-0.033813,0.087235,-0.007547,-0.186839,0.323156,0.650558,0.537068,0.038139,0.020009,-0.017337,0.062522,0.739346,0.670416,-0.249816,-0.638754,0.727725,0.966272,-0.21298,0.144765,-0.024453,0.048609,-0.007656,-0.182673,0.482096,0.499506,0.522079,0.076776,0.022804,-0.058411,-0.610352,-0.643628,-0.461748,0.21655,-0.696291,0.684312,-0.761954,0.31768,0.564361,-0.015752,-0.0091,-0.007014,0.006523,-0.11261,0.215722,-0.819574
1406,0.122136,-0.004232,0.362544,-0.640286,-0.595329,-0.485451,0.074128,-0.676939,0.732278,-0.763773,0.433619,0.478177,-0.031141,-0.015974,-0.0124,0.0019,-0.035447,0.066308,-1.909594,-0.163811,-0.000401,0.318714,0.123826,-0.735318,0.666309,0.144306,0.677578,0.721109,-0.981848,0.00778,0.18915,-0.018539,0.075158,-0.001869,-0.107716,-0.063916,0.410529,0.537024,0.03777,0.020841,-0.01739,0.065246,0.745062,0.663796,-0.243297,-0.63326,0.734702,0.967754,-0.209436,0.139953,-0.016799,0.04318,-0.004239,-0.308613,-0.312375,0.363138,0.522079,0.076561,0.022621,-0.058552,-0.60978,-0.641962,-0.464813,0.214713,-0.698335,0.682806,-0.762932,0.316561,0.563669,-0.015523,-0.007799,-0.006044,0.002037,-0.035436,0.06604,-0.819248
1407,0.121099,-0.004699,0.362193,-0.638905,-0.593437,-0.489569,0.071521,-0.679474,0.730186,-0.765177,0.432241,0.477179,-0.029498,-0.007421,-0.005846,0.002685,-0.048679,0.091898,-1.910551,-0.165045,0.002337,0.318685,0.126829,-0.743041,0.657111,0.130375,0.669096,0.731605,-0.983415,-0.006189,0.180884,-0.032286,0.073926,-0.002009,0.015081,0.09756,0.231494,0.537065,0.037146,0.022235,-0.017407,0.063378,0.753447,0.654446,-0.227324,-0.627626,0.744585,0.971754,-0.195962,0.131499,-0.016142,0.036863,-0.001071,0.062938,0.059371,0.199287,0.522079,0.076053,0.022383,-0.058731,-0.609003,-0.639764,-0.468844,0.212279,-0.701008,0.680825,-0.764232,0.315099,0.562725,-0.021512,-0.002615,-0.002076,0.001798,-0.034041,0.062261,-0.819574
1408,0.119878,-0.004798,0.362076,-0.641122,-0.587955,-0.493272,0.065224,-0.682184,0.728247,-0.763883,0.43545,0.476333,-0.028408,-0.001892,-0.001577,0.002675,-0.048689,0.091893,-1.909677,-0.165923,0.004675,0.3191,0.119722,-0.753261,0.646727,0.128966,0.657587,0.742213,-0.984482,-0.004511,0.175034,-0.016253,0.054648,0.015238,-0.014831,-0.030062,0.338718,0.537338,0.036714,0.02338,-0.017209,0.071865,0.761814,0.643797,-0.223105,-0.616833,0.754811,0.972141,-0.197879,0.125636,-0.008143,0.028063,0.008325,-0.007496,0.056475,0.187085,0.522242,0.075442,0.022335,-0.058789,-0.61215,-0.634401,-0.472024,0.206177,-0.704344,0.679256,-0.763389,0.318487,0.561963,-0.01407,-0.000317,-0.00028,0.003675,-0.062086,0.117441,-0.819738
1409,0.118894,-0.004846,0.362074,-0.644678,-0.57611,-0.502525,0.051325,-0.688514,0.723384,-0.761946,0.441272,0.474072,-0.014388,-0.001739,-0.001419,-2.772777,3.921176,2.767012,-1.909017,-0.166347,0.006397,0.320145,0.1162,-0.760829,0.638457,0.12011,0.648752,0.751417,-0.986019,-0.009678,0.165941,-0.000466,0.036399,0.033314,-0.341462,0.369767,0.404302,0.53741,0.036496,0.024246,-0.016695,0.074271,0.768099,0.636008,-0.213907,-0.610655,0.762458,0.974025,-0.192675,0.118948,-0.007176,0.018067,0.017186,0.045399,-0.179269,0.245924,0.522079,0.074941,0.022315,-0.058786,-0.61667,-0.623591,-0.480469,0.193855,-0.711832,0.675066,-0.762979,0.323152,0.559852,-0.007294,-0.000956,-0.000733,-2.785016,3.915913,2.74967,-0.817615
1410,0.11854,-0.004883,0.362044,-0.643402,-0.574419,-0.506085,0.049044,-0.690676,0.721479,-0.763175,0.440092,0.473191,-0.014632,-0.002844,-0.002288,0.003653,-0.063391,0.121453,-1.909389,-0.166395,0.007069,0.320817,0.121806,-0.761454,0.636665,0.116573,0.64787,0.752734,-0.985774,-0.016516,0.166854,-0.000471,0.036322,0.033014,-1.053281,-1.304305,-0.175649,0.537223,0.036472,0.024598,-0.016344,0.071254,0.770322,0.633661,-0.209088,-0.609627,0.764615,0.975297,-0.186973,0.117626,-0.000249,0.018249,0.016571,-1.037818,-1.339402,-0.205634,0.522079,0.07477,0.022302,-0.058797,-0.617087,-0.620619,-0.483771,0.190524,-0.714332,0.673371,-0.763481,0.323359,0.559048,-0.014041,-8.3e-05,-0.000119,0.009352,-0.153551,0.29413,-0.820554
1411,0.117973,-0.005009,0.361918,-0.649748,-0.561348,-0.512603,0.031632,-0.69374,0.719511,-0.758703,0.451982,0.469157,-0.0149,-0.004013,-0.003215,-0.034639,-0.093966,0.140402,-1.909312,-0.166264,0.008073,0.322214,0.123182,-0.763139,0.634379,0.116137,0.645834,0.754549,-0.985656,-0.018317,0.167361,0.014292,0.019845,0.0346,-0.028889,-0.051307,0.083666,0.537453,0.036532,0.025094,-0.015663,0.069477,0.772123,0.631663,-0.208103,-0.608044,0.766142,0.975635,-0.18468,0.118435,0.00713,0.009792,0.017191,-0.029449,-0.053343,0.082991,0.522079,0.074487,0.022241,-0.058858,-0.625321,-0.608163,-0.488988,0.173267,-0.719176,0.672876,-0.760888,0.336038,0.555091,-0.007573,-0.002599,-0.002064,-0.028283,-0.04847,0.134034,-0.821044
1412,0.117551,-0.005302,0.361674,-0.654331,-0.551135,-0.517828,0.019998,-0.697154,0.716623,-0.755151,0.459236,0.467843,-0.002238,-0.010342,-0.008128,0.004435,-0.077863,0.151168,-1.90851,-0.165852,0.008352,0.323494,0.129237,-0.764848,0.631107,0.111603,0.643513,0.757212,-0.985412,-0.026469,0.167707,0.015342,-0.002376,0.032542,-0.080761,0.081676,-0.125505,0.537489,0.036738,0.02526,-0.014999,0.063583,0.775221,0.628481,-0.20302,-0.606539,0.768695,0.977107,-0.17647,0.11882,0.007656,-0.001505,0.015987,-0.070992,-0.028162,0.03842,0.522079,0.074272,0.022102,-0.058974,-0.631587,-0.598235,-0.493165,0.162075,-0.723915,0.67058,-0.758174,0.3436,0.554175,-0.008008,-0.004556,-0.003615,0.005522,-0.062855,0.123442,-0.824963
1413,0.117084,-0.005693,0.361338,-0.6559,-0.545227,-0.522081,0.0131,-0.699766,0.714232,-0.75394,0.462301,0.466776,-0.016297,-0.010189,-0.008133,-0.074261,0.043165,0.191094,-1.908396,-0.165122,0.0081,0.32454,0.136179,-0.763543,0.631228,0.106796,0.644659,0.75693,-0.985019,-0.034709,0.168514,0.014514,-0.000383,0.016329,0.014246,-0.077356,-0.004971,0.537447,0.037098,0.025137,-0.014479,0.05653,0.775235,0.629137,-0.198733,-0.608798,0.768029,0.978421,-0.168447,0.119649,0.01459,-0.0057,0.011614,-0.008991,-0.10121,-0.005809,0.522079,0.074045,0.021909,-0.05914,-0.633874,-0.592705,-0.496894,0.155757,-0.727111,0.668617,-0.75759,0.346424,0.553214,-0.008128,-0.005002,-0.003978,-0.875513,1.140831,0.888927,-0.82431
1414,0.116911,-0.005875,0.361129,-0.653803,-0.545892,-0.524012,0.011037,-0.699347,0.714677,-0.755792,0.462151,0.463919,-0.002255,-0.002184,-0.019018,0.020312,-0.014347,-0.014279,-1.908414,-0.164687,0.007962,0.324864,0.138648,-0.76305,0.631287,0.107453,0.645165,0.756406,-0.984606,-0.036084,0.170624,0.02928,-0.014828,0.020202,-0.003168,-0.089499,-0.034175,0.537456,0.037315,0.025069,-0.01431,0.053967,0.775268,0.629322,-0.199513,-0.60916,0.76754,0.978408,-0.166979,0.121802,0.01414,-0.00167,0.006219,0.036978,-0.124737,0.003653,0.522079,0.073952,0.02181,-0.059245,-0.632046,-0.5927,-0.499223,0.153033,-0.726994,0.669372,-0.759669,0.346677,0.550196,-0.008305,-0.005807,-0.004635,0.015286,-0.048651,0.095085,-0.82333
1415,0.116452,-0.006156,0.360632,-0.662192,-0.532948,-0.526795,-0.002811,-0.701259,0.712882,-0.748528,0.474205,0.463533,-0.015957,-0.000268,-0.017646,-0.835374,1.116182,0.88145,-1.908463,-0.163709,0.00761,0.325245,0.139213,-0.763951,0.630072,0.106246,0.644011,0.757559,-0.984658,-0.037563,0.170005,0.028452,-0.00956,0.006949,-0.032383,-0.01996,0.040298,0.537449,0.037804,0.024886,-0.014119,0.053545,0.776303,0.628081,-0.197785,-0.608277,0.768686,0.978781,-0.165385,0.120971,0.007357,-0.005547,0.003406,-0.036233,-0.003457,0.012196,0.522079,0.073727,0.021666,-0.059496,-0.641127,-0.581721,-0.500556,0.140846,-0.730358,0.668384,-0.754399,0.358018,0.550185,-0.001389,-0.006064,-0.004757,-2.922633,3.946474,2.519917,-0.828555
1416,0.11588,-0.006248,0.360126,-0.662868,-0.529526,-0.529389,-0.008866,-0.701456,0.712638,-0.747882,0.477735,0.460944,-0.015545,0.001726,-0.016097,0.022516,0.01691,-0.067853,-1.908567,-0.162776,0.00741,0.325239,0.137796,-0.761433,0.633422,0.103804,0.646997,0.75535,-0.985115,-0.037378,0.167372,0.027555,-0.001172,-0.003559,0.004088,-0.030409,0.058486,0.537654,0.038261,0.024778,-0.014121,0.05462,0.773489,0.631451,-0.19607,-0.611775,0.766346,0.979067,-0.165667,0.118243,0.006405,0.004678,-0.005463,0.040238,-0.027896,0.053189,0.521916,0.073446,0.021621,-0.059748,-0.643358,-0.577286,-0.502821,0.133431,-0.7313,0.668876,-0.753847,0.363235,0.547516,-0.007601,0.001587,-0.007464,0.047607,0.015759,-0.037986,-0.828555
1417,0.115608,-0.006312,0.359943,-0.668601,-0.521172,-0.530469,-0.017695,-0.702019,0.711918,-0.742602,0.486021,0.460816,-0.015762,-0.007307,-0.005964,0.003403,-0.063824,0.121237,-1.908376,-0.162345,0.007446,0.325163,0.136449,-0.758874,0.636775,0.101989,0.650026,0.752992,-0.985491,-0.036851,0.165267,0.013774,-0.000344,-0.001571,0.00204,-0.015199,0.029231,0.537616,0.038491,0.024789,-0.014167,0.055573,0.770729,0.634733,-0.195035,-0.61509,0.763953,0.97922,-0.16625,0.116137,0.013763,8.9e-05,-0.001204,0.019302,-0.140107,0.233434,0.521916,0.073304,0.021587,-0.059847,-0.650184,-0.569567,-0.502844,0.124875,-0.732942,0.668731,-0.749444,0.372006,0.547672,-0.007858,-0.003587,-0.002921,0.004861,0.030127,-0.05282,-0.822024
1418,0.115,-0.006561,0.359726,-0.679894,-0.504315,-0.532405,-0.03563,-0.702466,0.710805,-0.731623,0.502867,0.460304,-0.01555,-0.006219,-0.00512,-0.001757,0.027999,-0.055117,-1.907883,-0.161417,0.007727,0.32496,0.142718,-0.752207,0.643279,0.091081,0.65705,0.74828,-0.985679,-0.047261,0.161452,0.027456,0.002414,-0.000416,-0.110691,-0.111705,-0.03108,0.537752,0.038961,0.024926,-0.014272,0.048423,0.765507,0.641601,-0.186053,-0.6242,0.758786,0.981345,-0.156115,0.112199,0.013728,0.001284,-0.00015,-0.109461,-0.11487,-0.028195,0.521916,0.072994,0.021461,-0.059957,-0.66345,-0.553976,-0.502936,0.107022,-0.735525,0.66899,-0.740526,0.390017,0.547272,-0.007751,-0.00303,-0.002491,-0.000378,0.026987,-0.054433,-0.825779
1419,0.114309,-0.006749,0.359661,-0.687784,-0.491169,-0.534556,-0.04975,-0.702778,0.709648,-0.723379,0.515287,0.459597,-0.014633,-0.002052,-0.00179,0.00435,-0.076933,0.146886,-1.907084,-0.160504,0.00823,0.324751,0.161785,-0.74243,0.650088,0.068528,0.665523,0.74318,-0.984583,-0.074756,0.157707,0.027387,0.003816,0.000807,0.003151,-0.031063,0.05777,0.537555,0.039397,0.025171,-0.014374,0.028092,0.759794,0.649555,-0.1659,-0.637256,0.752582,0.985741,-0.128903,0.108148,0.013164,0.008077,-0.003093,0.022551,0.053666,-0.086683,0.522079,0.072653,0.021364,-0.059993,-0.67297,-0.5418,-0.50355,0.093044,-0.737378,0.669041,-0.733793,0.403393,0.546645,-0.007624,-0.006439,0.00347,-0.030084,-0.049211,0.105055,-0.820554
