frame,MLTx,MLTy,MLTz,MLTR1,MLTR2,MLTR3,MLTR4,MLTR5,MLTR6,MLTR7,MLTR8,MLTR9,MLTTVx,MLTTVy,MLTTVz,MLTRVx,MLTRVy,MLTRVz,MLGA,MRTx,MRTy,MRTz,MRTR1,MRTR2,MRTR3,MRTR4,MRTR5,MRTR6,MRTR7,MRTR8,MRTR9,MRTTVx,MRTTVy,MRTTVz,MRTRVx,MRTRVy,MRTRVz,MRGA,SLTx,SLTy,SLTz,SLTR1,SLTR2,SLTR3,SLTR4,SLTR5,SLTR6,SLTR7,SLTR8,SLTR9,SLTTVx,SLTTVy,SLTTVz,SLTRVx,SLTRVy,SLTRVz,SLGA,SRTx,SRTy,SRTz,SRTR1,SRTR2,SRTR3,SRTR4,SRTR5,SRTR6,SRTR7,SRTR8,SRTR9,SRTTVx,SRTTVy,SRTTVz,SRTRVx,SRTRVy,SRTRVz,SRGA
329,0.131921,-0.014055,0.286956,-0.438283,-0.039826,-0.897979,-0.668786,-0.653026,0.355322,-0.600017,0.756336,0.260697,-0.01529,-0.000109,-0.000653,-0.131014,-0.073541,0.216483,0.326478,-0.191451,-0.012647,0.292746,-0.590448,0.694794,0.410639,-0.258353,-0.644618,0.719483,0.765325,0.317849,0.559564,8.8e-05,0.001143,0.001333,-0.062477,0.048782,0.037372,-1.405042,0.03228,0.037782,-0.034643,0.503307,-0.615591,0.606407,0.162074,0.75657,0.633509,-0.848771,-0.220567,0.480558,-0.000238,0.006365,-0.003108,-0.002854,0.026837,0.041927,-0.856257,0.067752,0.030502,-0.08146,0.451072,0.093135,-0.887614,0.562854,0.742137,0.363904,0.692624,-0.663744,0.282336,3.4e-05,0.004777,-0.005039,-0.402327,-0.331317,0.867404,0.046519
330,0.13163,-0.014119,0.286817,-0.404402,-0.030769,-0.914088,-0.689327,-0.646594,0.326673,-0.6006,0.76225,0.241415,-0.000496,-0.002599,-0.003243,0.015643,-0.57916,0.849235,0.420173,-0.191888,-0.012188,0.292743,-0.606032,0.682714,0.40819,-0.244107,-0.647903,0.721504,0.757795,0.336749,0.558758,-0.015075,0.015297,-0.00217,0.003014,0.082252,-0.201065,-1.405209,0.032067,0.038,-0.034649,0.519459,-0.604118,0.604319,0.148077,0.760166,0.632629,-0.841566,-0.239139,0.484332,-0.007529,0.007792,-0.000912,-0.1517,-0.370561,-0.302756,-0.853808,0.067606,0.030467,-0.081532,0.42171,0.079946,-0.903198,0.583973,0.738062,0.337991,0.693638,-0.669978,0.264562,-0.000233,-0.001225,-0.001526,0.001912,-0.098881,0.147065,0.283943
331,0.131446,-0.014075,0.286751,-0.395888,-0.027039,-0.917925,-0.69237,-0.647846,0.317634,-0.602778,0.761323,0.238899,0.000159,0.010046,-0.009475,0.048012,-0.103391,0.197681,0.459559,-0.192186,-0.012066,0.292798,-0.61785,0.671371,0.409285,-0.231997,-0.652879,0.721014,0.752043,0.349677,0.558588,-0.014541,0.003306,0.004902,-0.679466,-1.197167,-0.932187,-1.404694,0.031913,0.03807,-0.03462,0.531065,-0.592816,0.605424,0.136559,0.765047,0.629327,-0.836254,-0.251537,0.487244,-0.007273,0.001595,0.002396,-0.659558,-1.225735,-0.954691,-0.855767,0.067508,0.030481,-0.081567,0.411519,0.074089,-0.908384,0.587956,0.739977,0.326711,0.696389,-0.668538,0.260953,-0.007677,-0.000205,-0.000518,0.001964,-0.198169,0.289827,0.354322
332,0.130824,-0.01373,0.286581,-0.384218,-0.021395,-0.923019,-0.703492,-0.640652,0.307629,-0.597445,0.767559,0.232251,-0.014578,0.012797,-0.006583,0.034932,-0.08541,0.110248,0.518291,-0.193256,-0.011857,0.292818,-0.647259,0.646682,0.403547,-0.207992,-0.659017,0.722752,0.734135,0.383053,0.560517,-0.02955,0.000589,0.002753,-0.204809,-0.329087,-0.337272,-1.404816,0.031389,0.038177,-0.034608,0.561727,-0.569454,0.600153,0.112743,0.771339,0.626358,-0.819604,-0.284179,0.497484,-0.015051,0.006026,-0.002449,-0.618398,-1.203867,-0.997087,-0.860013,0.067202,0.030651,-0.081655,0.40084,0.067132,-0.913684,0.60025,0.734189,0.317278,0.692116,-0.675617,0.253997,-0.00728,0.006436,-0.003238,0.022176,0.29242,-0.442533,0.470095
333,0.130672,-0.013567,0.286202,-0.387576,-0.017255,-0.921701,-0.709463,-0.632819,0.310119,-0.588146,0.774128,0.234174,-0.001332,-0.006863,-0.008585,-1.573087,1.869521,-1.585655,0.521839,-0.194423,-0.011173,0.2927,-0.663219,0.631358,0.401894,-0.194225,-0.663654,0.72234,0.723594,0.400212,0.562234,-0.014845,0.016918,-0.000349,-2.196571,-3.894598,-3.260182,-1.404467,0.030794,0.038511,-0.034675,0.577273,-0.555407,0.598563,0.100045,0.775624,0.623216,-0.810398,-0.299883,0.503313,-0.007377,0.008491,-3e-06,-2.205368,-3.895336,-3.250638,-0.866381,0.067123,0.03075,-0.081831,0.402251,0.063643,-0.913314,0.606705,0.728558,0.31798,0.685639,-0.68202,0.254451,0.00701,0.00127,-0.008977,-5.058591,1.443325,1.646476,0.508631
334,0.130724,-0.013867,0.285632,-0.38082,-0.01495,-0.924553,-0.718867,-0.624087,0.306133,-0.581112,0.781229,0.228072,-0.002184,-0.01125,-0.014138,0.00152,-0.080869,0.116034,0.522115,-0.195765,-0.010099,0.292574,-0.683336,0.614987,0.39349,-0.180139,-0.664175,0.725504,0.708367,0.424099,0.564109,-0.044538,0.031333,-0.002693,0.029637,-0.378524,0.47176,-1.404636,0.03014,0.039036,-0.034737,0.599602,-0.539372,0.591231,0.084023,0.777108,0.623732,-0.795875,-0.324314,0.511275,-0.02227,0.015855,-0.001102,0.051197,-1.683699,2.144457,-0.874219,0.067149,0.030601,-0.082115,0.398347,0.060383,-0.915244,0.617798,0.71988,0.316381,0.677971,-0.691466,0.249457,-0.001077,-0.005574,-0.007005,0.008102,-0.084437,0.143236,0.516306
335,0.13067,-0.014098,0.285358,-0.374362,-0.012215,-0.927226,-0.72471,-0.619955,0.300707,-0.578053,0.784557,0.224393,-0.002302,-0.011841,-0.01492,-0.000765,0.032512,-0.047523,0.522354,-0.196558,-0.009312,0.292453,-0.698546,0.60447,0.382936,-0.170647,-0.660304,0.731308,0.695774,0.444738,0.563888,-0.044788,0.044412,-0.008568,-0.098243,-1.552905,2.287033,-1.404516,0.029743,0.039425,-0.034795,0.615984,-0.529471,0.583286,0.072731,0.775501,0.627142,-0.784393,-0.343887,0.516205,-0.022365,0.022552,-0.003867,-0.203407,0.188204,0.117785,-0.877158,0.067122,0.030484,-0.082254,0.392245,0.056619,-0.918116,0.624346,0.716598,0.31093,0.675525,-0.695183,0.245732,-0.001134,-0.005872,-0.007399,0.001073,0.023107,-0.030394,0.517939
336,0.130635,-0.014604,0.284787,-0.350402,-0.010425,-0.936566,-0.732258,-0.620415,0.280812,-0.583558,0.784216,0.210929,-0.00249,-0.012777,-0.01619,0.003004,-0.121943,0.178095,0.522075,-0.19817,-0.007277,0.292037,-0.7182,0.585459,0.376055,-0.152862,-0.659847,0.735643,0.679718,0.470109,0.562889,-0.044788,0.058023,-0.013886,0.035405,0.057187,0.066034,-1.404203,0.028954,0.040417,-0.034995,0.637763,-0.513365,0.574206,0.055531,0.774204,0.630495,-0.768227,-0.370221,0.522267,-0.022155,0.023329,-0.003028,-0.021501,-0.013399,0.23065,-0.881404,0.067104,0.03023,-0.082541,0.36914,0.051477,-0.927946,0.632189,0.717963,0.291315,0.681228,-0.694174,0.232486,0.006307,-0.00701,-0.008598,0.007571,-0.240996,0.359672,0.519245
337,0.130627,-0.015018,0.284163,-0.338824,-0.006704,-0.94085,-0.735722,-0.621409,0.269324,-0.586044,0.783465,0.20679,-0.00203,-0.010404,-0.013256,0.006081,-0.204822,0.306872,0.521919,-0.199992,-0.004931,0.291549,-0.753121,0.548135,0.363795,-0.118812,-0.657066,0.744366,0.647986,0.516676,0.559484,-0.058727,0.061476,-0.009164,-0.337571,-1.820916,2.113396,-1.404639,0.028031,0.041608,-0.035248,0.674035,-0.477356,0.563743,0.019524,0.774403,0.632391,-0.73844,-0.415248,0.531295,-0.022271,0.036467,-0.008834,-0.91175,-0.983462,-0.651053,-0.88271,0.067099,0.030015,-0.082862,0.358573,0.046012,-0.932366,0.635679,0.719393,0.279974,0.68362,-0.693077,0.228706,-0.001045,-0.005401,-0.006882,-0.004452,-0.092936,0.106677,0.520061
338,0.130506,-0.015154,0.283953,-0.335661,-0.006501,-0.941984,-0.736598,-0.6215,0.266708,-0.586768,0.783394,0.204999,-0.016425,-0.005438,-0.007529,-0.00135,0.03104,-0.0533,0.522024,-0.201023,-0.003499,0.29121,-0.784123,0.509339,0.354566,-0.086976,-0.655724,0.74993,0.615441,0.556547,0.557988,-0.04441,0.071995,-0.018856,-2.063143,-4.168641,-2.952666,-1.404235,0.027533,0.042297,-0.035402,0.70484,-0.446632,0.551107,-0.007842,0.771948,0.635637,-0.709322,-0.452345,0.540597,-0.022169,0.036357,-0.008997,-0.719863,-1.65661,-0.006199,-0.88222,0.067043,0.029943,-0.082973,0.355291,0.045492,-0.933647,0.636658,0.719549,0.277334,0.684422,-0.692949,0.226687,-0.000599,-0.003105,-0.003961,0.001449,-0.098893,0.13828,0.520061
339,0.130418,-0.015422,0.283877,-0.332088,-0.004232,-0.943263,-0.741543,-0.616851,0.263781,-0.582564,0.787073,0.202887,-0.000806,-0.013325,0.005323,-0.035117,0.016389,-0.016427,0.521556,-0.203023,-0.000753,0.290172,-0.833756,0.434175,0.341077,-0.02512,-0.646764,0.762233,0.552577,0.626391,0.549687,-0.060069,0.073313,-0.037201,-0.648647,-2.895217,1.580528,-1.404547,0.02654,0.043691,-0.03589,0.75721,-0.373822,0.535619,-0.072994,0.766463,0.638126,-0.649079,-0.522293,0.553087,-0.030039,0.036565,-0.018683,-0.914717,-0.930508,-0.643931,-0.87177,0.066993,0.029808,-0.08302,0.352,0.042755,-0.935022,0.642281,0.715622,0.274516,0.68086,-0.697177,0.224438,-0.00016,-0.000824,-0.001054,0.003105,-0.112426,0.164013,0.520551
340,0.130685,-0.016533,0.284481,-0.3287,-0.000656,-0.944458,-0.74455,-0.615044,0.259496,-0.580653,0.788492,0.202855,0.012987,-0.04925,0.02708,-0.121275,-0.012483,0.161005,0.483819,-0.204957,0.001231,0.287964,-0.917901,0.232616,0.321464,0.117175,-0.614849,0.779849,0.380205,0.753184,0.536676,-0.020527,0.051275,-0.085462,-2.664155,-6.337578,-3.314342,-1.405402,0.025531,0.044766,-0.036979,0.851908,-0.176561,0.493029,-0.217803,0.736711,0.640169,-0.476249,-0.652749,0.589156,-0.010583,0.024015,-0.044325,-2.621158,-6.433941,-3.282205,-0.864421,0.067128,0.029255,-0.082707,0.349246,0.038445,-0.936241,0.645589,0.714303,0.270156,0.679147,-0.698779,0.224648,0.006495,-0.024594,0.013575,-0.131688,-0.036163,0.145136,0.502099
341,0.131182,-0.017729,0.28502,-0.325977,7.9e-05,-0.945402,-0.747255,-0.612577,0.257548,-0.578714,0.79041,0.200924,0.042192,-0.067239,0.027598,-0.170145,-0.057524,0.147405,0.450686,-0.205162,0.00196,0.285659,-0.942564,0.136834,0.304698,0.170466,-0.587068,0.791344,0.288343,0.797645,0.529607,0.004716,0.033842,-0.128347,-2.153916,-4.588196,-2.806998,-1.405724,0.025427,0.045128,-0.038001,0.880542,-0.089084,0.46552,-0.27014,0.712701,0.647364,-0.389447,-0.695787,0.603498,0.002115,0.015668,-0.065397,-2.837316,-5.578,-2.910998,-0.860992,0.067362,0.028689,-0.082439,0.346735,0.03757,-0.93721,0.648559,0.712236,0.268495,0.677603,-0.700932,0.222591,0.013513,-0.032918,0.014395,-0.174782,-0.052116,0.111587,0.467319
342,0.132709,-0.020742,0.286277,-0.321744,0.007513,-0.946821,-0.753472,-0.607592,0.251164,-0.573002,0.794204,0.202331,0.041928,-0.079821,0.033826,-0.179656,0.162241,0.026807,0.344609,-0.20536,0.002832,0.278825,-0.955203,0.132946,0.264395,0.147057,-0.561675,0.814143,0.25794,0.816369,0.516597,-0.016288,0.011352,-0.199808,-0.662906,0.504028,0.9249,-1.4062,0.025338,0.045599,-0.041431,0.900597,-0.083323,0.426593,-0.256073,0.691332,0.675637,-0.351214,-0.717716,0.601275,-0.008323,0.003514,-0.102327,-0.353732,0.299807,0.724889,-0.863115,0.068125,0.027185,-0.081815,0.343461,0.029537,-0.938701,0.655554,0.708186,0.262144,0.672519,-0.705406,0.223872,0.020925,-0.040008,0.016758,-0.174102,0.063034,0.199642,0.354648
343,0.133973,-0.023552,0.287649,-0.324195,0.022957,-0.945736,-0.758114,-0.604264,0.245155,-0.56545,0.796423,0.214483,0.028216,-0.062371,0.033235,-0.20593,1.775027,-1.993631,0.210595,-0.205995,0.003155,0.270664,-0.958223,0.162634,0.235264,0.11301,-0.539955,0.834033,0.263877,0.825555,0.498689,-0.017224,0.022489,-0.214164,-0.519807,0.142683,1.183844,-1.407238,0.025006,0.045707,-0.045655,0.907161,-0.119113,0.403571,-0.22524,0.672659,0.704837,-0.355421,-0.730302,0.583381,-0.008626,0.01036,-0.108038,-0.391334,0.105076,1.14781,-0.868014,0.068761,0.025766,-0.081139,0.345398,0.014107,-0.938349,0.661449,0.705639,0.254082,0.665721,-0.70843,0.234395,0.014187,-0.030634,0.017305,-0.063513,0.411759,0.209329,0.174375
344,0.134704,-0.025519,0.289056,-0.336329,0.051766,-0.940345,-0.760178,-0.604308,0.238566,-0.555498,0.795,0.243771,0.014511,-0.043502,0.034523,-0.150822,2.108166,-1.755829,0.161077,-0.206332,0.004156,0.263253,-0.963115,0.167165,0.210848,0.089107,-0.540835,0.836356,0.255053,0.824067,0.505692,-0.013227,0.027779,-0.167632,0.331178,-0.425199,0.520866,-1.407081,0.024836,0.046142,-0.049367,0.915112,-0.129722,0.381761,-0.201419,0.673145,0.711551,-0.349285,-0.728043,0.589874,-0.006447,0.014271,-0.083191,0.396276,-0.329097,0.34216,-0.872259,0.069131,0.024772,-0.080439,0.361257,-0.011941,-0.932389,0.663548,0.705813,0.248054,0.655131,-0.708297,0.262903,0.00733,-0.021247,0.017896,0.132721,0.89582,0.550449,0.042437
345,0.134923,-0.026302,0.289744,-0.343404,0.068885,-0.936682,-0.761026,-0.604843,0.234468,-0.549975,0.79327,0.261298,0.0148,-0.042031,0.036417,0.065567,0.629799,0.565632,0.155012,-0.206697,0.004879,0.260494,-0.965267,0.165843,0.201858,0.080828,-0.544764,0.834645,0.249598,0.821745,0.512151,-0.024683,0.040073,-0.128924,0.305884,-0.356332,0.398971,-1.406939,0.024646,0.046488,-0.050843,0.918874,-0.129598,0.372657,-0.192432,0.67735,0.710046,-0.34444,-0.724154,0.597461,-0.012032,0.021551,-0.062389,0.316453,-0.364201,0.392324,-0.873076,0.069241,0.024381,-0.080095,0.373327,-0.027533,-0.92729,0.663655,0.706357,0.246214,0.648219,-0.707319,0.281975,0.007496,-0.020395,0.018994,0.143338,0.823443,0.739571,0.01582
346,0.135453,-0.028006,0.291247,-0.367006,0.108111,-0.92394,-0.761151,-0.605869,0.231393,-0.534322,0.788044,0.305799,0.029766,-0.055258,0.042393,0.133578,1.355647,0.501789,-0.044638,-0.207606,0.005898,0.257709,-0.972078,0.149212,0.181086,0.066317,-0.565137,0.822288,0.226256,0.811132,0.5392,-0.018032,0.005068,-0.038702,0.64427,-1.808969,2.235453,-1.407701,0.024192,0.046992,-0.052244,0.928988,-0.116026,0.351449,-0.176253,0.696307,0.695766,-0.325444,-0.708303,0.626411,-0.008709,0.004286,-0.016975,0.538872,-1.777136,2.249843,-0.855604,0.069502,0.023541,-0.079337,0.401028,-0.06082,-0.914044,0.663675,0.70706,0.244134,0.631436,-0.704532,0.323915,0.007236,-0.026691,0.022152,-0.039624,1.39892,-0.244056,-0.119384
347,0.136373,-0.030213,0.29301,-0.385863,0.155866,-0.909319,-0.763732,-0.606863,0.220004,-0.517068,0.779173,0.35434,0.014949,-0.051435,0.046819,0.169974,1.348903,0.510681,-0.494237,-0.207991,0.005264,0.257293,-0.972411,0.167737,0.162084,0.040495,-0.562495,0.825768,0.230907,0.809322,0.539947,0.000244,-0.04028,0.014497,0.41935,4.712112,3.303099,-1.407552,0.024009,0.04672,-0.052436,0.933244,-0.130497,0.3347,-0.155008,0.694217,0.702877,-0.324078,-0.707837,0.627646,0.000164,-0.013,0.005412,-0.796501,0.287694,0.475505,-0.859033,0.069961,0.022451,-0.078481,0.42586,-0.105607,-0.898604,0.666281,0.708531,0.232491,0.612136,-0.697731,0.372099,0.015122,-0.026502,0.022615,0.11164,1.394866,0.302186,-0.417063
348,0.136584,-0.031086,0.293969,-0.404983,0.183275,-0.895792,-0.759423,-0.613016,0.217852,-0.508712,0.768283,0.388563,0.000395,-0.045415,0.054055,0.279051,1.878701,0.497254,-0.586429,-0.20814,0.00459,0.257861,-0.9693,0.180993,0.166407,0.037631,-0.559222,0.828124,0.244162,0.808717,0.535,-0.01269,-0.040114,0.03874,-0.161444,0.211003,0.029441,-1.407864,0.023934,0.046371,-0.05216,0.927888,-0.150113,0.341305,-0.148889,0.690055,0.708276,-0.341841,-0.708018,0.617944,0.001274,-0.018888,0.020613,-0.029838,0.335697,0.401497,-0.863115,0.070077,0.021987,-0.077994,0.448335,-0.129903,-0.884376,0.661196,0.713983,0.230319,0.601511,-0.688006,0.405994,0.000282,-0.022102,0.027792,0.180523,1.735317,0.236889,-0.560106
349,0.136567,-0.032451,0.296188,-0.440185,0.241838,-0.864752,-0.747996,-0.631526,0.204078,-0.496219,0.736362,0.459962,0.00173,-0.037699,0.063763,0.369765,2.031105,0.494509,-0.647924,-0.207888,0.002926,0.260593,-0.966025,0.190986,0.174103,0.039598,-0.555952,0.830231,0.25657,0.80866,0.529248,0.021327,-0.051677,0.0908,-0.039812,-0.120207,-0.076905,-1.407737,0.024048,0.045541,-0.050816,0.923132,-0.159233,0.349958,-0.150795,0.687336,0.710513,-0.353676,-0.70867,0.61049,0.010923,-0.030715,0.050371,0.058615,-0.159854,-0.139423,-0.876995,0.070067,0.0213,-0.076891,0.490464,-0.183337,-0.851957,0.64769,0.730758,0.215614,0.583044,-0.657556,0.477156,0.000988,-0.013236,0.027835,0.326697,1.787753,0.345085,-0.687799
350,0.136934,-0.033836,0.298885,-0.45475,0.301798,-0.837953,-0.744579,-0.645055,0.17169,-0.488152,0.701621,0.519098,0.018081,-0.042982,0.079515,0.683562,1.448562,1.330614,-0.812473,-0.206328,0.000121,0.265209,-0.975632,0.155888,0.154379,0.034617,-0.585015,0.810242,0.217849,0.79563,0.565135,0.053698,-0.089245,0.129819,0.787263,-0.811705,-0.407541,-1.40791,0.02484,0.044141,-0.048442,0.936494,-0.128671,0.326222,-0.141276,0.712994,0.686788,-0.320964,-0.689261,0.649538,0.026863,-0.043978,0.065808,0.911622,-0.847342,-0.461858,-0.885323,0.070252,0.020593,-0.075518,0.513108,-0.241586,-0.823623,0.643328,0.743467,0.182712,0.568196,-0.623612,0.536898,0.00908,-0.021158,0.040165,0.679248,1.356294,1.360074,-0.786753
351,0.137459,-0.035112,0.302189,-0.449509,0.355894,-0.819345,-0.750384,-0.648047,0.130122,-0.484112,0.67287,0.559382,0.01979,-0.032662,0.091869,0.150655,1.143211,0.275125,-0.82777,-0.204279,-0.004218,0.270659,-0.98634,0.087622,0.139454,0.059362,-0.600056,0.797711,0.154821,0.794967,0.586449,0.054203,-0.115622,0.139798,0.310114,-2.105918,-1.141336,-1.407741,0.025848,0.042036,-0.04574,0.950854,-0.065348,0.302662,-0.163026,0.725365,0.66878,-0.263244,-0.685255,0.679063,0.026917,-0.064039,0.073152,-0.163442,-5.379655,-3.377895,-0.888425,0.070507,0.019963,-0.073906,0.514716,-0.297369,-0.804138,0.650074,0.746879,0.139908,0.55899,-0.594762,0.577742,0.002332,-0.009864,0.042757,0.271128,1.323633,0.373423,-0.857458
352,0.137869,-0.035635,0.304051,-0.449537,0.37361,-0.811404,-0.75277,-0.647439,0.118875,-0.480371,0.663773,0.573304,0.020601,-0.027535,0.097787,0.122226,0.97955,0.381681,-0.800571,-0.20304,-0.006717,0.273341,-0.991006,0.025002,0.131427,0.090141,-0.600159,0.794744,0.099998,0.799396,0.592308,0.06864,-0.121481,0.131197,-0.453455,-5.424749,-3.638444,-1.407815,0.026463,0.0408,-0.044381,0.958243,-0.008761,0.285818,-0.190581,0.725609,0.661188,-0.213185,-0.688051,0.69364,0.03423,-0.060679,0.065678,0.158369,-2.171361,-0.927933,-0.881894,0.070719,0.01969,-0.07294,0.517097,-0.314156,-0.796188,0.652892,0.746287,0.129564,0.553482,-0.586822,0.591012,0.010343,-0.013251,0.049532,0.025833,0.800221,0.282916,-0.854192
353,0.139345,-0.036397,0.307894,-0.480975,0.391375,-0.784559,-0.753205,-0.642428,0.141213,-0.448164,0.658365,0.604757,0.037275,-0.010006,0.0966,-1.180166,2.194523,-1.680986,-0.74154,-0.200362,-0.011059,0.277781,-0.986056,-0.112791,0.122323,0.165242,-0.58271,0.795662,-0.017218,0.804908,0.593035,0.066975,-0.093722,0.099526,-0.931128,-4.783367,-3.071075,-1.407646,0.027802,0.038622,-0.042145,0.958902,0.128114,0.253164,-0.26695,0.709692,0.651977,-0.096141,-0.692764,0.714726,0.033419,-0.047139,0.049384,-0.399262,-0.673461,0.008293,-0.869973,0.071444,0.019315,-0.07105,0.547838,-0.326925,-0.77006,0.653836,0.741551,0.150331,0.521892,-0.58585,0.620006,0.026261,-0.010488,0.052666,-0.031486,0.632605,0.278264,-0.830842
354,0.141156,-0.03697,0.311939,-0.529155,0.411215,-0.742255,-0.752321,-0.631923,0.18617,-0.391841,0.656413,0.644678,0.052496,-0.009761,0.095873,-0.381186,1.43624,-0.830178,-0.575169,-0.198097,-0.013946,0.281467,-0.964141,-0.239156,0.115011,0.234122,-0.563279,0.792362,-0.123494,0.791164,0.598893,0.051281,-0.053647,0.084318,-0.432873,-4.774226,-3.546476,-1.40801,0.028919,0.03717,-0.040346,0.942531,0.249619,0.222089,-0.334031,0.689073,0.643118,0.007499,-0.680344,0.732854,0.025335,-0.021249,0.038085,0.159201,-1.71557,-1.194252,-0.864748,0.072326,0.019043,-0.069051,0.596553,-0.339205,-0.727367,0.65362,0.731256,0.195049,0.46573,-0.591779,0.657944,0.01863,-0.003765,0.049136,-0.661404,1.028067,-0.96897,-0.733847
355,0.142172,-0.037229,0.313657,-0.535329,0.422206,-0.731581,-0.756066,-0.625645,0.192105,-0.375943,0.655435,0.655056,0.051575,-0.014651,0.089615,-0.112406,0.940399,-0.386806,-0.520734,-0.197107,-0.014757,0.282822,-0.956855,-0.266407,0.115962,0.251327,-0.559288,0.789915,-0.144371,0.785301,0.601932,0.049971,-0.033863,0.064822,0.174108,-0.224401,-0.084783,-1.408484,0.029435,0.036743,-0.039622,0.934389,0.283413,0.215855,-0.354711,0.683798,0.637652,0.033117,-0.672381,0.739462,0.032736,-0.022721,0.03567,0.226418,-0.26429,-0.107924,-0.859196,0.072875,0.018916,-0.068107,0.606792,-0.349674,-0.713813,0.657342,0.725646,0.203317,0.446881,-0.592592,0.670173,0.025709,-0.007507,0.04457,-0.072372,0.991516,-0.35926,-0.683064
356,0.144779,-0.038057,0.316763,-0.555988,0.436631,-0.707301,-0.753376,-0.624204,0.206797,-0.350522,0.647296,0.676882,0.0649,-0.037049,0.084221,-0.070038,0.888372,-0.497241,-0.520363,-0.195138,-0.015713,0.285182,-0.942879,-0.312508,0.115364,0.28043,-0.558214,0.780827,-0.178422,0.768958,0.613786,0.049717,-0.018707,0.061303,0.368582,-0.758307,-0.442353,-1.4082,0.030437,0.036243,-0.03843,0.922015,0.328117,0.205486,-0.381646,0.681128,0.624827,0.065054,-0.654524,0.753236,0.024842,-0.009283,0.030711,0.439933,-0.781254,-0.447815,-0.860013,0.074155,0.018526,-0.066574,0.628071,-0.360922,-0.689391,0.654726,0.723896,0.217503,0.420546,-0.58797,0.690963,0.040045,-0.014074,0.036732,-0.01722,0.93937,-0.134317,-0.638975
357,0.147627,-0.039419,0.319595,-0.568571,0.46642,-0.677661,-0.755925,-0.621175,0.206617,-0.323875,0.629155,0.706608,0.063906,-0.033391,0.066898,0.230625,1.132076,0.045268,-0.523483,-0.193175,-0.015879,0.287188,-0.918089,-0.383294,0.100945,0.316672,-0.556533,0.768065,-0.237051,0.737591,0.632163,0.048152,0.000904,0.041362,0.233227,-2.137859,-0.500377,-1.407909,0.031401,0.03617,-0.03743,0.901755,0.394349,0.176992,-0.415484,0.67786,0.606529,0.119208,-0.620478,0.77511,0.023835,0.000506,0.020547,-0.108669,-6.399748,-1.517108,-0.85936,0.075579,0.017841,-0.065155,0.644206,-0.387361,-0.659506,0.657197,0.721438,0.218215,0.391265,-0.574001,0.719328,0.039498,-0.017538,0.032482,0.264704,1.329234,-0.024991,-0.636526
358,0.149896,-0.040664,0.32196,-0.563384,0.516326,-0.64502,-0.775555,-0.599623,0.197329,-0.284189,0.610776,0.739064,0.063519,-0.025682,0.0544,-0.734354,1.531846,1.322636,-0.562363,-0.19099,-0.016411,0.288532,-0.904931,-0.419529,0.071324,0.320527,-0.562034,0.76244,-0.278631,0.713336,0.642947,0.0627,-0.02194,0.033826,-0.002267,-0.272128,0.25783,-1.407978,0.032489,0.035921,-0.036746,0.893314,0.427415,0.138943,-0.419473,0.681937,0.599169,0.161343,-0.593529,0.788473,0.02379,-0.011702,0.016554,-0.080693,-0.767774,0.853273,-0.8574,0.076712,0.017209,-0.063975,0.645989,-0.436407,-0.626295,0.678636,0.70398,0.209438,0.349499,-0.560322,0.750925,0.024113,-0.012858,0.027118,-3.203383,2.528393,4.016389,-0.649262
359,0.150891,-0.041081,0.322941,-0.572078,0.531221,-0.624962,-0.773074,-0.603786,0.19435,-0.273395,0.593662,0.756868,0.048171,-0.01471,0.04577,0.435819,1.410181,-0.036381,-0.56609,-0.189974,-0.01688,0.289138,-0.891459,-0.448832,0.061981,0.333099,-0.556771,0.760911,-0.30588,0.699523,0.645731,0.047461,-0.025368,0.03069,-0.018434,-0.291967,0.094403,-1.407924,0.033002,0.035687,-0.036442,0.882246,0.454485,0.122817,-0.431546,0.676435,0.596827,0.188171,-0.57955,0.792914,0.023704,-0.012987,0.01496,-0.103656,-0.427187,-0.303273,-0.85544,0.077215,0.016994,-0.063484,0.655298,-0.450631,-0.606229,0.67695,0.706428,0.206631,0.335143,-0.545792,0.767976,0.023983,-0.00786,0.022285,0.211772,0.906475,-0.091705,-0.661019
360,0.152572,-0.041686,0.324405,-0.571131,0.57164,-0.589137,-0.78457,-0.591184,0.186876,-0.240759,0.568237,0.786873,0.03183,-0.011794,0.02816,0.287691,0.9956,-0.076011,-0.435546,-0.188223,-0.01767,0.290059,-0.878311,-0.475024,0.053969,0.346251,-0.554482,0.756699,-0.328409,0.683894,0.651383,0.046648,-0.017237,0.018835,0.136896,-0.145164,-0.00947,-1.407935,0.033878,0.035283,-0.035984,0.871344,0.478458,0.108793,-0.443545,0.673235,0.591627,0.209825,-0.563765,0.798837,0.015468,-0.003414,0.005479,0.220378,-0.142408,-0.058124,-0.84597,0.078062,0.016698,-0.062738,0.659014,-0.491793,-0.569067,0.690562,0.695441,0.198707,0.29803,-0.523928,0.797919,0.015867,-0.006042,0.013888,0.342346,1.291808,-0.056027,-0.623136
361,0.15352,-0.042069,0.325169,-0.559306,0.607939,-0.563588,-0.799994,-0.574001,0.174651,-0.216634,0.547793,0.808097,0.031232,-0.006239,0.013622,0.271804,0.80446,-0.178264,-0.358358,-0.18702,-0.017867,0.29044,-0.869024,-0.491776,0.054264,0.357477,-0.548537,0.755812,-0.340819,0.676827,0.652388,0.030326,0.005009,0.003692,0.003126,0.048021,-0.095946,-1.408379,0.034484,0.03517,-0.035796,0.86245,0.495197,0.104681,-0.454733,0.667281,0.589876,0.222253,-0.556341,0.800679,0.007635,0.002089,0.001916,-0.019674,-0.040257,-0.000956,-0.853808,0.078535,0.016501,-0.062354,0.651498,-0.529299,-0.543499,0.708722,0.680224,0.187101,0.270669,-0.507086,0.818291,0.007903,-0.003188,0.00674,0.369037,1.000097,-0.161822,-0.535939
362,0.15385,-0.04205,0.325281,-0.559426,0.61611,-0.554524,-0.800574,-0.574961,0.168739,-0.214179,0.537566,0.815584,0.015656,0.002592,0.002816,0.322838,0.728281,-0.041689,-0.36922,-0.186708,-0.017739,0.29057,-0.860447,-0.507225,0.048414,0.363254,-0.54427,0.756142,-0.35609,0.668838,0.652471,0.015467,0.007347,0.007675,0.00169,-0.066361,0.025463,-1.407853,0.034645,0.035227,-0.035739,0.855293,0.509332,0.095152,-0.46049,0.663012,0.590223,0.237533,-0.548631,0.801612,0.00774,0.003717,0.003882,-0.008364,-0.132603,-0.041623,-0.85691,0.078712,0.016508,-0.062293,0.652777,-0.537026,-0.534307,0.709123,0.681299,0.181588,0.266506,-0.497426,0.825554,0.007782,0.001031,0.001099,0.384067,0.813158,-0.023594,-0.523039
363,0.15437,-0.042031,0.325099,-0.570074,0.619653,-0.539529,-0.794328,-0.583456,0.169096,-0.209308,0.524187,0.825497,-0.000546,0.005855,-0.014138,0.082325,0.17902,-0.139851,-0.36932,-0.186319,-0.017351,0.29091,-0.842447,-0.537717,0.033692,0.372824,-0.536904,0.75675,-0.387755,0.650752,0.65271,0.015539,0.008934,0.009544,-0.067914,-1.834467,2.145611,-1.408004,0.03484,0.035421,-0.03557,0.840025,0.537212,0.075895,-0.472033,0.654699,0.590384,0.267473,-0.531762,0.803546,0.000295,0.004566,0.005488,0.001505,-0.004604,0.01889,-0.85593,0.078972,0.016519,-0.062375,0.663234,-0.53984,-0.518354,0.702043,0.68876,0.180955,0.259335,-0.483922,0.8358,0.007351,-0.002895,-0.003247,0.012918,0.216744,-0.292573,-0.521242
364,0.154377,-0.042118,0.324677,-0.568746,0.625033,-0.534702,-0.795873,-0.582305,0.165768,-0.207048,0.519055,0.829301,-0.01595,-0.005157,-0.005667,-0.00313,0.127259,-0.227699,-0.335701,-0.186024,-0.016985,0.291376,-0.826205,-0.562357,0.033606,0.388429,-0.525652,0.7568,-0.406875,0.639027,0.652656,0.016342,0.000313,0.020602,-0.034126,-0.05263,0.00684,-1.408133,0.034987,0.035605,-0.035344,0.825239,0.560867,0.06639,-0.485737,0.644843,0.590115,0.288164,-0.519234,0.804584,0.000395,0.006299,0.007539,-0.001572,-0.13963,-0.048771,-0.852828,0.078974,0.016468,-0.062602,0.662682,-0.544977,-0.513665,0.703662,0.68788,0.177986,0.256342,-0.479395,0.839325,-0.007983,-0.002684,-0.002953,-0.021332,0.10034,-0.240263,-0.512262
365,0.154131,-0.042074,0.324572,-0.565005,0.630097,-0.532721,-0.799347,-0.578032,0.163998,-0.2039,0.517702,0.830925,-0.015445,-0.000665,-0.000684,0.008624,0.030006,-0.021853,-0.3,-0.185853,-0.016821,0.291816,-0.818719,-0.57353,0.027463,0.392461,-0.524255,0.755688,-0.417969,0.63019,0.654236,0.015987,0.017033,0.019112,0.054229,0.014605,-0.089276,-1.408512,0.035073,0.035674,-0.035131,0.819149,0.570721,0.0572,-0.48945,0.643521,0.588488,0.299052,-0.510056,0.806479,0.00083,0.002457,0.013625,0.017263,-0.041558,-0.005081,-0.856747,0.078856,0.016481,-0.062665,0.65965,-0.550482,-0.511694,0.707697,0.684166,0.1763,0.253034,-0.47842,0.840884,-0.007725,0.004961,-0.004788,0.024496,-0.010594,-0.014703,-0.492993
366,0.153416,-0.04196,0.324686,-0.563407,0.630612,-0.533803,-0.800319,-0.57697,0.162996,-0.204507,0.518259,0.830428,-0.030269,0.004049,0.004581,0.003664,-0.062912,0.11696,-0.216348,-0.18536,-0.016236,0.293002,-0.807327,-0.589782,0.019287,0.402759,-0.527044,0.748294,-0.430136,0.612623,0.662978,0.01698,0.012313,0.034586,0.106292,-0.020077,-0.144748,-1.408477,0.035319,0.035969,-0.034543,0.809613,0.58525,0.04481,-0.498509,0.645298,0.578859,0.309861,-0.49099,0.814195,0.000707,0.012181,0.014383,0.12079,-0.12843,-0.006806,-0.859686,0.078504,0.016536,-0.06261,0.658328,-0.550883,-0.512962,0.70866,0.683342,0.175624,0.25378,-0.479134,0.840252,-0.007444,-0.003208,0.006798,-0.03533,0.025842,-0.051442,-0.439434
367,0.15271,-0.041948,0.325012,-0.561268,0.629607,-0.537231,-0.801657,-0.574926,0.163642,-0.205146,0.521737,0.82809,-0.014892,0.004033,0.004502,-0.128338,-0.190504,-0.132819,-0.163522,-0.185126,-0.015348,0.294111,-0.801926,-0.597133,0.018413,0.409144,-0.526681,0.745079,-0.434191,0.605778,0.666614,0.001415,0.024521,0.028652,-0.001386,0.059089,-0.095861,-1.408575,0.035443,0.036425,-0.033968,0.804365,0.592643,0.042059,-0.504521,0.643944,0.575146,0.313773,-0.483847,0.816968,0.000703,0.012407,0.0145,-0.030839,0.068429,-0.094239,-0.857563,0.07814,0.016547,-0.062442,0.656045,-0.550581,-0.516203,0.710374,0.681473,0.17596,0.254899,-0.482135,0.838195,-0.007438,0.002108,0.002363,-0.172516,-0.249742,-0.153826,-0.382936
368,0.152256,-0.042172,0.325524,-0.556993,0.63044,-0.540694,-0.80404,-0.572404,0.160766,-0.207456,0.523499,0.826401,-0.014797,-0.005668,0.014367,-0.035814,0.013943,-0.022578,-0.157007,-0.185104,-0.014169,0.295308,-0.787517,-0.616074,0.01618,0.420313,-0.517898,0.745019,-0.449603,0.594287,0.666742,0.001067,0.041913,0.027444,0.043228,-0.079265,0.110863,-1.408424,0.035453,0.036993,-0.033385,0.790986,0.610855,0.034561,-0.515629,0.635142,0.575082,0.329341,-0.472703,0.817364,0.000868,0.015478,0.017883,-0.005914,0.047465,-0.080708,-0.864911,0.077919,0.016437,-0.062191,0.652147,-0.551536,-0.520107,0.712947,0.679422,0.173466,0.257699,-0.483935,0.836299,0.000194,-0.008796,0.01089,-0.06384,-0.063504,0.137715,-0.364157
369,0.152195,-0.042401,0.325873,-0.552743,0.630626,-0.544823,-0.805828,-0.571095,0.156408,-0.21183,0.5247,0.824527,0.000447,-0.017192,0.022201,0.076623,-0.129182,0.089819,-0.153028,-0.185058,-0.013486,0.296047,-0.780127,-0.625459,0.013959,0.425142,-0.513829,0.745096,-0.45786,0.587987,0.666708,0.001905,0.0338,0.038741,-0.003567,0.024844,-0.04139,-1.408479,0.035475,0.037324,-0.033036,0.784294,0.619679,0.029651,-0.520457,0.631198,0.575076,0.337647,-0.466461,0.817561,0.00094,0.0169,0.019393,-0.006613,-0.021788,0.000525,-0.865238,0.077883,0.016328,-0.062018,0.648178,-0.55233,-0.52421,0.714954,0.678371,0.169269,0.262117,-0.484503,0.834596,0.000268,-0.00292,0.007081,0.516554,-0.660526,0.64891,-0.360075
370,0.152287,-0.043001,0.326785,-0.548584,0.632598,-0.546737,-0.807968,-0.569282,0.151916,-0.21447,0.524295,0.824102,0.000677,-0.004783,0.015306,-0.019547,0.024235,0.019403,-0.154805,-0.184945,-0.012136,0.297859,-0.763962,-0.645092,0.014461,0.439281,-0.503732,0.743788,-0.471552,0.575386,0.668156,0.002417,0.043835,0.049424,-0.015669,-1.224171,-1.133636,-1.408217,0.035532,0.038002,-0.032126,0.769882,0.637704,0.024778,-0.533605,0.621938,0.573112,0.350065,-0.454451,0.819101,0.001368,0.016641,0.028836,-0.139446,-4.073839,-3.752652,-0.862135,0.077929,0.016022,-0.061561,0.644343,-0.555016,-0.526097,0.717415,0.676943,0.164509,0.264833,-0.48343,0.83436,0.000311,-0.00775,0.012031,-0.075928,0.030558,-0.032879,-0.357299
371,0.152399,-0.043371,0.327643,-0.548686,0.632672,-0.546548,-0.808392,-0.568192,0.153729,-0.212608,0.525384,0.823891,0.00106,-0.001533,0.018863,-0.028235,-0.104875,0.209391,-0.155605,-0.184677,-0.011069,0.300317,-0.755506,-0.654923,0.01668,0.450606,-0.501171,0.738726,-0.474484,0.566448,0.673695,0.003676,0.020852,0.06386,0.264887,-0.140632,-0.236315,-1.408293,0.035666,0.038559,-0.030885,0.76099,0.64833,0.023698,-0.544169,0.617989,0.567422,0.353232,-0.444699,0.823085,0.002164,0.005154,0.03632,0.375629,-0.217922,-0.277235,-0.857073,0.077984,0.015832,-0.061137,0.644583,-0.554835,-0.525993,0.717843,0.675962,0.166661,0.263082,-0.485008,0.833998,0.000459,-0.001266,0.008883,-0.035209,-0.001702,0.006126,-0.356319
372,0.152441,-0.043428,0.328011,-0.551775,0.629662,-0.546914,-0.805565,-0.572141,0.153921,-0.215314,0.524719,0.823612,0.001082,-0.001335,0.019063,-0.033951,-0.013873,0.032606,-0.159279,-0.184541,-0.010992,0.301663,-0.749153,-0.662125,0.01876,0.457798,-0.497262,0.736943,-0.477664,0.561501,0.675586,0.004062,0.00454,0.065874,-0.022384,0.017291,-0.136436,-1.408312,0.035737,0.038614,-0.030178,0.753926,0.656543,0.023366,-0.552087,0.613897,0.564207,0.356081,-0.438271,0.825302,0.001981,0.002016,0.032669,-0.103032,0.035539,-0.143486,-0.856584,0.078005,0.015805,-0.060951,0.647141,-0.55146,-0.526402,0.714556,0.679432,0.166675,0.26574,-0.484006,0.833738,0.000467,-0.001194,0.008951,-0.034843,-0.001112,0.006492,-0.356972
373,0.152565,-0.043471,0.328579,-0.556516,0.625802,-0.546541,-0.800676,-0.579588,0.151551,-0.221243,0.521162,0.824299,0.000787,-0.003819,0.016314,-0.018089,-0.073287,0.192838,-0.168883,-0.184162,-0.01121,0.304365,-0.734688,-0.678251,0.014181,0.470641,-0.494697,0.730552,-0.487545,0.544252,0.682608,0.003914,0.002706,0.063292,0.233275,-0.224926,-0.07441,-1.408318,0.035926,0.038502,-0.028831,0.741082,0.671264,0.014177,-0.563351,0.61018,0.557059,0.365283,-0.420813,0.830351,0.001907,0.001174,0.031455,0.254024,-0.230211,-0.075675,-0.856257,0.078068,0.015789,-0.060654,0.651317,-0.547126,-0.525773,0.708729,0.686172,0.163921,0.271086,-0.479395,0.83468,0.000377,-0.00196,0.008099,-0.038162,-0.099399,0.185488,-0.361708
374,0.152838,-0.043631,0.329048,-0.561747,0.621736,-0.545829,-0.795419,-0.587295,0.149549,-0.22689,0.517396,0.825136,0.015689,-0.007687,0.012032,-0.02318,0.012486,0.015143,-0.183667,-0.183905,-0.011681,0.306814,-0.719802,-0.694057,0.012697,0.48526,-0.49018,0.724003,-0.495356,0.528171,0.68958,0.00334,-0.008126,0.051283,0.118067,-0.142493,-0.083373,-1.408182,0.036054,0.038281,-0.027613,0.726761,0.686847,0.007678,-0.577309,0.604724,0.548655,0.372199,-0.403174,0.836013,0.00196,-0.010026,0.029277,0.074778,-0.163263,-0.146598,-0.861809,0.078199,0.015715,-0.060421,0.655933,-0.54236,-0.524972,0.702486,0.693087,0.161686,0.27616,-0.474841,0.835619,0.000225,-0.003265,0.006664,-0.03753,-0.011532,-0.002961,-0.369709
375,0.152994,-0.043952,0.329434,-0.560538,0.627455,-0.540503,-0.79673,-0.586614,0.14518,-0.225281,0.51123,0.829409,0.000142,-0.009323,0.010286,0.022074,0.108309,0.028263,-0.194815,-0.183625,-0.012037,0.308606,-0.708886,-0.705138,0.015882,0.500182,-0.486876,0.716033,-0.496265,0.516414,0.697782,0.003154,-0.011551,0.047445,0.066996,-0.464996,-0.402126,-1.408285,0.036187,0.038097,-0.026739,0.716869,0.697164,0.007802,-0.590198,0.600845,0.539121,0.371167,-0.391084,0.842192,0.001012,-0.000519,0.019048,0.040628,-4.102597,-3.939914,-0.863768,0.078283,0.015554,-0.060228,0.655402,-0.548142,-0.519602,0.703969,0.692586,0.157327,0.273632,-0.468896,0.839798,5.5e-05,-0.004732,0.005064,0.015524,0.089907,0.056579,-0.378363
376,0.153005,-0.044149,0.329602,-0.560079,0.631104,-0.536717,-0.797344,-0.586474,0.142341,-0.224248,0.506883,0.832352,8e-06,-0.010475,0.009028,0.047643,0.150721,0.048887,-0.199068,-0.183516,-0.012087,0.309308,-0.706608,-0.7073,0.020554,0.506116,-0.485061,0.713089,-0.493497,0.515166,0.700663,0.002314,-0.003212,0.036301,0.279978,1.854778,-2.003489,-1.408357,0.036248,0.03807,-0.026368,0.713068,0.701045,0.008278,-0.595068,0.598946,0.535871,0.370711,-0.387039,0.844259,0.008407,-0.001512,0.017672,0.011071,-0.101085,0.006916,-0.862952,0.078288,0.015452,-0.06014,0.65537,-0.551817,-0.515739,0.704669,0.69251,0.154497,0.271901,-0.464678,0.8427,-1.5e-05,-0.005346,0.004393,0.027734,0.125348,0.042399,-0.382119
377,0.152896,-0.044529,0.330033,-0.566714,0.63335,-0.527019,-0.791676,-0.595761,0.135242,-0.227623,0.493081,0.839694,0.000245,-0.00843,0.011261,1.02467,0.097306,-1.260488,-0.191839,-0.183106,-0.012619,0.310477,-0.70316,-0.710668,0.022536,0.51171,-0.483955,0.709841,-0.492657,0.511557,0.70389,0.017018,-0.025552,0.031453,-0.053514,-0.023754,-0.020735,-1.408032,0.036448,0.03782,-0.025774,0.708887,0.705218,0.012027,-0.60172,0.595778,0.531959,0.367982,-0.384336,0.846684,0.008113,-0.007675,0.011168,-0.053266,-0.030097,-0.005884,-0.863605,0.078233,0.01526,-0.059935,0.661089,-0.55369,-0.506346,0.699065,0.69965,0.147635,0.272522,-0.451569,0.849597,0.00018,-0.003913,0.005961,3.134352,-0.314694,-4.465652,-0.384732
378,0.15264,-0.044812,0.33063,-0.574262,0.631705,-0.520785,-0.785206,-0.605008,0.131866,-0.231071,0.48386,0.844105,-0.014799,-0.005641,0.014338,0.054749,0.133656,-0.031534,-0.168072,-0.182215,-0.013717,0.311637,-0.697453,-0.716139,0.026355,0.521743,-0.482397,0.70357,-0.49025,0.505358,0.710022,0.031541,-0.026917,0.028859,0.446796,1.782059,-2.029013,-1.408047,0.036899,0.03725,-0.025193,0.703383,0.710689,0.013158,-0.609783,0.593795,0.52495,0.365262,-0.377264,0.851031,0.015751,-0.013681,0.014187,0.450947,1.77821,-2.031452,-0.866218,0.078111,0.015118,-0.059638,0.669028,-0.550333,-0.499534,0.690416,0.709027,0.143546,0.275185,-0.440923,0.854318,0.000278,-0.002806,0.007168,0.109166,0.093031,-0.060901,-0.373138
379,0.152545,-0.044963,0.33091,-0.581695,0.624899,-0.520747,-0.77818,-0.613883,0.132495,-0.236164,0.481527,0.844029,-0.014936,-0.006793,0.01308,-0.035596,0.028365,-0.047879,-0.158237,-0.181662,-0.014336,0.312239,-0.694135,-0.719411,0.024803,0.52579,-0.483346,0.699897,-0.49064,0.499768,0.7137,0.031521,-0.028065,0.027654,0.260408,-0.196632,-0.145868,-1.408219,0.037164,0.036951,-0.024903,0.700525,0.713533,0.011605,-0.61333,0.593676,0.520935,0.364815,-0.372046,0.853516,0.008822,-0.019493,0.018584,0.364903,-0.24188,-0.189383,-0.866871,0.078064,0.015046,-0.059494,0.675417,-0.542512,-0.49949,0.682247,0.716798,0.144005,0.27991,-0.438039,0.854266,0.000184,-0.003604,0.006298,-0.039938,-0.105245,0.179108,-0.365463
380,0.152543,-0.045328,0.331402,-0.587197,0.618194,-0.522571,-0.77184,-0.622098,0.131259,-0.243223,0.479645,0.843096,0.000264,-0.008247,0.011456,-0.035649,0.012269,-0.018711,-0.146883,-0.18054,-0.015442,0.313357,-0.688703,-0.724627,0.024389,0.533483,-0.483844,0.693704,-0.489998,0.491678,0.719735,0.030881,-0.01592,0.020541,0.335085,-0.243162,-0.117489,-1.407852,0.037713,0.036394,-0.024354,0.695525,0.718432,0.00996,-0.619636,0.592745,0.514493,0.363724,-0.364015,0.857436,0.015433,-0.007687,0.010536,0.420098,-0.312034,-0.182716,-0.867034,0.078057,0.014864,-0.059247,0.680017,-0.534981,-0.501369,0.674817,0.724064,0.142662,0.286702,-0.435345,0.853391,0.000151,-0.009136,0.010491,-0.071805,0.024334,-0.037742,-0.355013
381,0.152558,-0.045565,0.331864,-0.586599,0.618508,-0.522872,-0.772544,-0.621084,0.131915,-0.242434,0.480551,0.842807,0.000444,-0.00671,0.013121,-0.034797,-0.00065,0.007037,-0.133399,-0.179776,-0.015603,0.314166,-0.683583,-0.729106,0.03332,0.542018,-0.476709,0.692025,-0.487804,0.492033,0.720981,0.015778,0.001347,0.019915,-0.030873,-0.01987,0.035273,-1.408339,0.038112,0.036293,-0.023958,0.688302,0.725233,0.016609,-0.629126,0.585378,0.511401,0.361163,-0.362448,0.85918,0.007887,0.001001,0.010288,-0.052078,-0.016656,0.041035,-0.87128,0.078064,0.01474,-0.059021,0.679602,-0.535297,-0.501595,0.675535,0.723242,0.143432,0.285996,-0.436322,0.853129,0.000199,-0.003482,0.006422,-0.034783,-0.000657,0.006999,-0.347175
382,0.15259,-0.045528,0.33198,-0.584848,0.619256,-0.523946,-0.773708,-0.61984,0.130946,-0.242953,0.481191,0.842292,0.000142,0.00121,0.001314,0.005899,-0.08896,0.17779,-0.124496,-0.179471,-0.015246,0.31466,-0.674826,-0.737195,0.033831,0.547761,-0.469807,0.692224,-0.493549,0.486589,0.720766,0.014902,0.009783,0.00891,0.003815,-0.030217,0.053779,-1.408211,0.038265,0.036475,-0.023693,0.679905,0.733158,0.014402,-0.634793,0.578626,0.512083,0.367105,-0.35731,0.858814,0.000545,-0.000648,0.009162,-0.046991,0.104621,-0.159813,-0.873729,0.078075,0.014761,-0.058953,0.678015,-0.536282,-0.50269,0.676878,0.722162,0.142536,0.286584,-0.436902,0.852634,9.1e-05,0.000808,0.000876,4.3e-05,6e-06,-1.5e-05,-0.336888
383,0.152603,-0.045509,0.331986,-0.584064,0.619586,-0.524431,-0.774205,-0.619325,0.130441,-0.243254,0.481429,0.84207,0.015308,-0.00054,-0.000629,0.000984,-0.014715,0.029553,-0.124422,-0.17943,-0.015155,0.31484,-0.674587,-0.737362,0.034957,0.548314,-0.468967,0.692356,-0.493263,0.487148,0.720585,0.000267,0.007513,0.007755,0.001771,-0.015007,0.024537,-1.408123,0.038291,0.036526,-0.023597,0.679582,0.733436,0.015415,-0.635311,0.577895,0.512265,0.366806,-0.35792,0.858688,0.000496,-0.002023,0.007736,-0.046851,0.102191,-0.159392,-0.872913,0.078081,0.014772,-0.058949,0.677187,-0.536788,-0.503265,0.677544,0.721648,0.141978,0.286968,-0.43713,0.852388,4e-06,5.8e-05,6.2e-05,0.005926,-0.088966,0.17777,-0.335254
