frame,MLTx,MLTy,MLTz,MLTR1,MLTR2,MLTR3,MLTR4,MLTR5,MLTR6,MLTR7,MLTR8,MLTR9,MLTTVx,MLTTVy,MLTTVz,MLTRVx,MLTRVy,MLTRVz,MLGA,MRTx,MRTy,MRTz,MRTR1,MRTR2,MRTR3,MRTR4,MRTR5,MRTR6,MRTR7,MRTR8,MRTR9,MRTTVx,MRTTVy,MRTTVz,MRTRVx,MRTRVy,MRTRVz,MRGA,SLTx,SLTy,SLTz,SLTR1,SLTR2,SLTR3,SLTR4,SLTR5,SLTR6,SLTR7,SLTR8,SLTR9,SLTTVx,SLTTVy,SLTTVz,SLTRVx,SLTRVy,SLTRVz,SLGA,SRTx,SRTy,SRTz,SRTR1,SRTR2,SRTR3,SRTR4,SRTR5,SRTR6,SRTR7,SRTR8,SRTR9,SRTTVx,SRTTVy,SRTTVz,SRTRVx,SRTRVy,SRTRVz,SRGA
1913,0.194048,-0.002735,0.291056,-0.824481,0.562255,0.064396,-0.440543,-0.708979,0.550676,0.3563,0.424949,0.832164,-1e-06,8.7e-05,9.9e-05,0.0,0.0,0.0,-1.90788,-0.159929,0.033092,0.336382,-0.99185,0.078484,0.100321,0.038778,-0.56336,0.825261,0.122538,0.82231,0.555566,-0.043476,0.034275,-0.068309,-1.021055,-4.293609,-2.670154,-1.399974,0.048062,0.059967,-0.001606,0.988518,-0.11209,0.101325,-0.020646,0.5641,0.825448,-0.149682,-0.818062,0.555309,-0.015261,0.016875,-0.034866,-0.683313,0.452714,0.304156,-1.002729,0.095359,0.041099,-0.072442,0.853399,-0.515774,0.075401,0.392963,0.73163,0.557042,-0.342474,-0.44575,0.827053,-1e-06,3.6e-05,4.4e-05,-1e-06,2.1e-05,5.3e-05,-1.06745
1914,0.193939,-0.002736,0.291077,-0.824488,0.562254,0.064308,-0.440571,-0.708945,0.550697,0.356247,0.425008,0.832156,-0.014628,0.000595,0.00146,-0.000984,0.014715,-0.029553,-1.90721,-0.16062,0.033729,0.335003,-0.992165,0.07796,0.09758,0.038515,-0.551394,0.833315,0.120022,0.83043,0.543915,-0.030516,0.031744,-0.071296,-0.994191,-0.934052,-0.343961,-1.399858,0.0477,0.060298,-0.002322,0.989505,-0.105668,0.098551,-0.023892,0.553008,0.832832,-0.142503,-0.826447,0.54468,-0.015198,0.015479,-0.035904,-0.931442,-0.948641,-0.359773,-1.002239,0.095309,0.041096,-0.072434,0.853402,-0.515784,0.075292,0.393013,0.731586,0.557066,-0.342408,-0.445811,0.827047,-7e-06,0.000611,0.000696,0.000929,-0.016543,0.023605,-1.06794
1915,0.193741,-0.002722,0.291119,-0.824486,0.562285,0.064054,-0.440699,-0.708845,0.550722,0.356091,0.425131,0.83216,-0.014626,0.000629,0.001493,-0.000984,0.014715,-0.029553,-1.908003,-0.161823,0.035055,0.331948,-0.993541,0.067617,0.091088,0.041234,-0.531825,0.845811,0.106888,0.844,0.525454,-0.018539,0.038622,-0.083534,-0.298031,0.033624,0.3137,-1.399841,0.047106,0.060945,-0.003819,0.991089,-0.096293,0.092031,-0.026954,0.53165,0.846534,-0.130444,-0.841472,0.524317,-0.015085,0.012425,-0.038263,-0.426754,-0.172944,0.092841,-1.000932,0.095211,0.041104,-0.072412,0.853405,-0.515818,0.075038,0.393148,0.731493,0.557093,-0.342248,-0.445925,0.827053,-8e-06,0.0007,0.000796,2.5e-05,1.8e-05,2.1e-05,-1.068919
1916,0.193544,-0.002687,0.2912,-0.824494,0.562298,0.063853,-0.440779,-0.708761,0.550767,0.355976,0.425256,0.832145,-0.01463,0.001288,0.002236,-0.000984,0.014715,-0.029553,-1.907377,-0.162707,0.036296,0.328747,-0.994483,0.06285,0.083938,0.039908,-0.512345,0.857813,0.098174,0.856333,0.506872,-0.01746,0.024787,-0.077926,-0.454546,0.323554,0.253879,-1.39955,0.046663,0.061566,-0.005425,0.992228,-0.091041,0.084815,-0.026262,0.513064,0.857948,-0.121624,-0.853508,0.506686,-0.009157,0.017322,-0.043337,-0.614154,0.253143,0.458669,-0.997013,0.095112,0.041121,-0.072372,0.853415,-0.51583,0.074837,0.393232,0.731413,0.557139,-0.342126,-0.446043,0.82704,-1.3e-05,0.001103,0.001254,2e-06,5e-06,2e-05,-1.069572
1917,0.193457,-0.002667,0.291259,-0.827768,0.557507,0.063499,-0.436796,-0.711182,0.550819,0.353273,0.427517,0.832139,-1.8e-05,0.00186,0.002105,-0.0,-0.0,-1e-06,-1.908121,-0.163042,0.036841,0.327163,-0.994714,0.060352,0.083023,0.041502,-0.502224,0.863703,0.095078,0.862488,0.496928,-0.017463,0.02425,-0.078464,-0.513519,0.22827,0.405852,-1.399889,0.046496,0.061837,-0.006218,0.992528,-0.088415,0.084082,-0.028341,0.503214,0.863696,-0.118675,-0.859626,0.496949,-0.008673,0.012154,-0.039193,-0.773403,0.207357,0.431368,-1.001259,0.095063,0.041131,-0.072342,0.856437,-0.510839,0.074554,0.389087,0.733627,0.557137,-0.339302,-0.448145,0.827066,-1.5e-05,0.001156,0.001313,-0.0001,-0.000134,0.00033,-1.069899
1918,0.193293,-0.002614,0.291421,-0.827739,0.557594,0.063114,-0.436982,-0.710961,0.550957,0.35311,0.427771,0.832077,-2.6e-05,0.002887,0.003264,-0.0,-0.0,-0.0,-1.907789,-0.163474,0.037758,0.324154,-0.994756,0.059392,0.083212,0.044158,-0.483373,0.874263,0.093403,0.873258,0.47808,-0.003668,0.014999,-0.070634,-0.412848,0.19312,0.383553,-1.400025,0.046275,0.062294,-0.007729,0.992566,-0.087847,0.084233,-0.031382,0.483965,0.874524,-0.11759,-0.870666,0.47761,-0.002295,0.01354,-0.038806,-0.526537,0.216242,0.48374,-1.004198,0.094981,0.041157,-0.072262,0.856415,-0.510932,0.074167,0.389289,0.733412,0.557279,-0.339126,-0.44839,0.827006,-0.007071,-0.004261,0.005873,-0.036766,0.027105,-0.04784,-1.070715
1919,0.193131,-0.002552,0.291638,-0.827697,0.557707,0.062656,-0.437195,-0.710671,0.551163,0.352943,0.428106,0.831976,-0.014633,0.003099,0.004265,-0.000984,0.014715,-0.029553,-1.907915,-0.16359,0.038447,0.321423,-0.995179,0.048976,0.084916,0.052202,-0.467179,0.882583,0.084153,0.88268,0.462232,-0.003767,0.017752,-0.068761,-0.142815,-0.066639,0.173908,-1.399785,0.046217,0.062635,-0.009097,0.993223,-0.078358,0.085824,-0.039463,0.467215,0.883262,-0.109309,-0.880664,0.460956,-0.001339,0.003526,-0.030347,-0.191712,-0.339529,-0.01826,-1.007301,0.094906,0.041188,-0.072153,0.856379,-0.511062,0.073686,0.389537,0.733122,0.557488,-0.338931,-0.448718,0.826908,-2.2e-05,0.002098,0.002371,0.000933,-0.016499,0.023641,-1.069082
1920,0.193078,-0.002544,0.291758,-0.827659,0.557797,0.062352,-0.437339,-0.710457,0.551323,0.352853,0.428341,0.831893,0.000468,-0.008033,0.011512,-0.034868,-0.004229,0.005188,-1.907876,-0.163575,0.038708,0.320168,-0.995355,0.048758,0.082961,0.051206,-0.460279,0.88626,0.082655,0.886309,0.455509,-0.003831,0.019671,-0.067367,-0.156133,0.049455,0.297725,-1.399917,0.046225,0.062763,-0.009726,0.993429,-0.077816,0.083918,-0.038815,0.46071,0.886701,-0.107661,-0.884132,0.454662,-0.001351,0.003783,-0.030225,-0.229584,0.083389,0.304903,-1.00877,0.094874,0.041196,-0.072096,0.856355,-0.511142,0.073407,0.389678,0.732941,0.557627,-0.33883,-0.448921,0.826839,-1.6e-05,0.001445,0.001632,3e-06,4.5e-05,6e-05,-1.069409
1921,0.192962,-0.002574,0.291962,-0.827611,0.557918,0.061901,-0.4375,-0.710096,0.55166,0.352765,0.428781,0.831704,-1.9e-05,0.002338,0.002634,0.0,0.0,0.0,-1.907872,-0.163474,0.038997,0.317855,-0.995594,0.041069,0.084238,0.056959,-0.447206,0.892578,0.075586,0.893372,0.44276,-0.002902,0.010605,-0.058305,-0.30047,0.53161,-0.624164,-1.400097,0.046271,0.06291,-0.010867,0.994155,-0.069908,0.082265,-0.042361,0.448307,0.892875,-0.099299,-0.891141,0.442725,-0.000896,-0.00052,-0.025522,-0.335878,0.217561,0.136992,-1.012853,0.094816,0.041179,-0.071989,0.856318,-0.511269,0.072952,0.389851,0.732574,0.557988,-0.338724,-0.449375,0.826635,0.000235,-0.004526,0.005184,-0.034856,-0.004194,0.005234,-1.069572
1922,0.192836,-0.002633,0.292134,-0.827609,0.557942,0.061711,-0.437465,-0.709861,0.55199,0.352814,0.429138,0.831499,-0.01461,0.001189,0.002098,-0.000984,0.014715,-0.029553,-1.907983,-0.16342,0.03906,0.315983,-0.995545,0.044004,0.083336,0.055774,-0.43629,0.898039,0.077133,0.89861,0.431756,0.011907,-0.006323,-0.040026,-0.148322,0.10963,0.085252,-1.399648,0.046301,0.062941,-0.011849,0.993765,-0.073234,0.084061,-0.043813,0.436792,0.898494,-0.102518,-0.896575,0.430861,0.00598,-0.002904,-0.019805,-0.087838,0.104747,0.073056,-1.00975,0.094758,0.04115,-0.071903,0.856314,-0.511306,0.07274,0.389845,0.732325,0.558318,-0.338741,-0.449739,0.826431,0.000237,-0.004876,0.004789,-0.035791,0.012346,-0.018369,-1.069899
1923,0.192708,-0.002687,0.29225,-0.82759,0.558004,0.061422,-0.437543,-0.709623,0.552236,0.352764,0.429452,0.831358,-7e-06,0.000964,0.001084,0.0,0.0,0.0,-1.908063,-0.163366,0.039035,0.314485,-0.995358,0.042923,0.086094,0.059148,-0.43135,0.900207,0.077034,0.901045,0.426669,-0.000218,-0.013086,-0.027804,-0.109652,0.102354,0.007011,-1.399771,0.046329,0.062932,-0.012588,0.993614,-0.072003,0.086862,-0.047374,0.432477,0.900399,-0.102397,-0.898765,0.426304,-0.000609,-0.000157,-0.017041,-0.096868,0.080732,0.0565,-1.012036,0.094689,0.041123,-0.071844,0.856306,-0.511358,0.072472,0.389914,0.732101,0.558564,-0.338682,-0.450044,0.826289,-0.007305,0.000336,0.000758,-0.000996,0.014734,-0.029539,-1.070225
1924,0.192621,-0.002704,0.292282,-0.827615,0.557963,0.061461,-0.437464,-0.709622,0.552299,0.352804,0.429506,0.831313,-3e-06,0.000386,0.000434,0.0,0.0,0.0,-1.907618,-0.163353,0.038956,0.313896,-0.995211,0.04469,0.086885,0.059225,-0.429964,0.900865,0.078874,0.901619,0.425118,-0.000297,-0.010693,-0.025884,-0.336345,0.203448,0.102531,-1.399915,0.046335,0.062893,-0.012882,0.99345,-0.072945,0.087949,-0.047941,0.432588,0.900315,-0.103719,-0.898635,0.426258,-0.000661,0.00127,-0.015881,-0.579494,0.326483,0.053918,-1.013343,0.094645,0.041115,-0.071827,0.856327,-0.511316,0.072511,0.389835,0.732096,0.558626,-0.338719,-0.4501,0.826243,-0.007302,-3.1e-05,0.000345,-0.000993,0.014728,-0.029538,-1.070552
1925,0.192437,-0.002735,0.292333,-0.827624,0.557968,0.061287,-0.437499,-0.709515,0.552409,0.352739,0.429676,0.831253,0.000487,-0.011417,0.007699,-0.035795,0.012344,-0.018381,-1.907808,-0.163365,0.038644,0.313049,-0.995136,0.040946,0.089544,0.063371,-0.428284,0.901382,0.076515,0.9026,0.423464,0.000515,-0.016019,-0.013485,-0.020573,0.042058,-0.038877,-1.398974,0.04633,0.06274,-0.013304,0.993449,-0.070066,0.090265,-0.051646,0.429333,0.901668,-0.10193,-0.900424,0.422902,0.00028,-0.008142,-0.006855,-0.00571,0.159961,-0.203923,-1.015955,0.094558,0.041103,-0.071806,0.856332,-0.511338,0.0723,0.389915,0.731985,0.558716,-0.338615,-0.450256,0.8262,-1e-06,0.000144,0.000163,1e-05,1.9e-05,-1e-06,-1.070715
1926,0.192229,-0.002724,0.292357,-0.827654,0.557931,0.061218,-0.437498,-0.709517,0.552407,0.352668,0.429721,0.831259,-4e-06,0.000774,0.00087,0.0,0.0,0.0,-1.907845,-0.163427,0.038238,0.312508,-0.995328,0.037086,0.089095,0.064765,-0.426259,0.902243,0.072695,0.90373,0.421723,-0.012646,-0.013095,-0.009897,-0.007836,0.034242,-0.05057,-1.398541,0.046303,0.062536,-0.013582,0.99376,-0.066104,0.089837,-0.053146,0.427495,0.902453,-0.09806,-0.901596,0.421315,0.00021,-0.006247,-0.005286,0.014509,0.016297,-0.027761,-1.017588,0.094454,0.041103,-0.071793,0.856363,-0.511293,0.072247,0.389893,0.731982,0.558735,-0.338561,-0.450312,0.826193,-4e-06,0.000587,0.000662,-2.2e-05,2e-06,1.3e-05,-1.071695
1927,0.192098,-0.002733,0.292384,-0.827676,0.557902,0.061189,-0.437469,-0.709502,0.552449,0.352654,0.429783,0.831234,-3e-06,0.000539,0.000606,0.0,0.0,0.0,-1.907741,-0.16345,0.038024,0.312316,-0.9955,0.037224,0.087092,0.062861,-0.426641,0.902196,0.071997,0.903543,0.422242,0.000331,-0.010472,-0.008879,-0.002003,0.017328,-0.022938,-1.399394,0.046287,0.062432,-0.013674,0.993934,-0.066171,0.08784,-0.051253,0.427978,0.902334,-0.097302,-0.901363,0.42199,0.000177,-0.005339,-0.004527,0.000647,0.016199,-0.028524,-1.017261,0.094383,0.041099,-0.071778,0.856389,-0.511252,0.072239,0.389845,0.731976,0.558776,-0.338553,-0.450368,0.826166,-0.0073,0.000121,0.000512,-0.000978,0.014711,-0.029536,-1.072348
1928,0.191783,-0.002754,0.292501,-0.827692,0.557908,0.0609,-0.437527,-0.709329,0.552625,0.352541,0.430061,0.831138,-0.014603,0.001327,0.00223,-0.000984,0.014715,-0.029553,-1.907684,-0.163425,0.037636,0.312063,-0.995252,0.037758,0.089661,0.064981,-0.426416,0.902153,0.073554,0.903627,0.421795,0.000271,-0.008592,-0.007308,-0.001947,0.017299,-0.022965,-1.392367,0.0463,0.062238,-0.013801,0.993669,-0.066601,0.090471,-0.053474,0.427834,0.902273,-0.098799,-0.901399,0.421565,0.000134,-0.004132,-0.003514,-0.015565,0.134791,-0.182437,-1.015629,0.094231,0.041087,-0.071722,0.856404,-0.511269,0.07193,0.38993,0.731795,0.558954,-0.338413,-0.450643,0.826072,-7e-06,0.001098,0.001241,8e-06,1.6e-05,-6e-06,-1.073165
1929,0.191362,-0.002838,0.292721,-0.82788,0.55796,0.057795,-0.439188,-0.708739,0.552065,0.35002,0.430963,0.831736,-0.014132,-0.009316,0.01079,-0.036511,0.026659,-0.047618,-1.907964,-0.16341,0.037129,0.31185,-0.994951,0.036896,0.093288,0.068488,-0.428217,0.90104,0.074448,0.902812,0.42338,0.001296,-0.020512,-0.000361,-0.038031,0.028827,-0.040423,-1.380102,0.046307,0.061983,-0.013909,0.993394,-0.065619,0.094135,-0.057001,0.429796,0.901124,-0.09959,-0.900537,0.423217,0.000649,-0.010196,-0.000132,-0.046139,0.027962,-0.039215,-1.012526,0.094021,0.041049,-0.071616,0.85664,-0.511312,0.068753,0.391686,0.731301,0.558373,-0.335781,-0.451395,0.826735,-9e-06,0.001626,0.001834,-0.001178,-0.01274,0.02124,-1.073981
1930,0.190825,-0.003,0.293075,-0.831471,0.552855,0.055256,-0.436065,-0.710876,0.551793,0.345374,0.434013,0.832092,-0.014138,-0.008142,0.012094,-0.036768,0.027143,-0.047898,-1.907861,-0.163325,0.036519,0.311775,-0.994701,0.035902,0.096294,0.07152,-0.429601,0.900145,0.074941,0.902196,0.424605,0.00124,-0.018686,0.001186,-0.009705,-0.00068,-0.028894,-1.354771,0.04635,0.061684,-0.013948,0.993169,-0.064581,0.097171,-0.060008,0.431506,0.900111,-0.10006,-0.899794,0.424684,0.000639,-0.009912,0.000103,-0.051581,0.132911,-0.206488,-1.010403,0.093753,0.040967,-0.071439,0.859981,-0.506001,0.06629,0.388428,0.733268,0.558069,-0.330991,-0.45418,0.827142,-0.007075,-0.003674,0.006501,-0.037676,0.014008,-0.026222,-1.074471
1931,0.190483,-0.003115,0.293347,-0.831949,0.552592,0.050472,-0.438569,-0.710455,0.550347,0.341009,0.435035,0.833357,-0.014139,-0.0058,0.014705,-0.034992,0.009148,-0.023297,-1.90809,-0.163228,0.036109,0.311805,-0.994544,0.031695,0.099346,0.07559,-0.435699,0.896876,0.072967,0.899431,0.43077,0.002283,-0.03097,0.007852,0.504862,-0.228734,-0.309394,-1.34046,0.046397,0.061486,-0.013934,0.993084,-0.061895,0.099756,-0.063045,0.43563,0.897914,-0.099034,-0.897994,0.428716,0.007175,-0.0089,0.000371,-0.004813,0.088086,-0.201132,-1.008607,0.093582,0.040906,-0.071308,0.860515,-0.505699,0.061485,0.390987,0.732995,0.556639,-0.32656,-0.454956,0.828475,-0.007076,-0.002942,0.007316,-0.037048,0.012943,-0.025571,-1.075124
1932,0.189601,-0.003539,0.294132,-0.834021,0.550038,0.043727,-0.441583,-0.712792,0.544889,0.331914,0.434452,0.837324,-0.013689,-0.014909,0.024962,1.240939,-1.982765,1.340935,-1.907712,-0.162931,0.035047,0.312126,-0.994294,0.021407,0.104466,0.083666,-0.449201,0.889467,0.067223,0.893084,0.444684,0.002224,-0.028734,0.009788,0.622836,-0.286045,-0.361091,-1.304265,0.046546,0.060952,-0.013775,0.993132,-0.051574,0.105014,-0.070771,0.449927,0.890256,-0.093163,-0.891574,0.443187,0.007659,-0.013531,0.005008,0.697491,-0.379239,-0.353818,-1.003055,0.093141,0.040697,-0.07092,0.862618,-0.502579,0.057471,0.39196,0.735889,0.552117,-0.319774,-0.45374,0.831783,-0.014154,-0.007374,0.012934,0.05265,0.290268,-0.150889,-1.075614
1933,0.188363,-0.004286,0.295383,-0.836868,0.546703,0.028506,-0.450943,-0.717841,0.530402,0.311475,0.430338,0.847243,-0.04245,-0.02325,0.037397,0.241607,0.203682,0.007155,-1.908086,-0.16255,0.033414,0.31286,-0.992485,0.002931,0.122293,0.106442,-0.470255,0.87605,0.06133,0.882461,0.466224,0.004254,-0.050695,0.02549,0.770681,-0.463642,-0.368749,-1.261858,0.046738,0.060125,-0.013405,0.991836,-0.032737,0.123238,-0.093296,0.47251,0.876372,-0.086921,-0.880716,0.465599,0.002111,-0.025294,0.012785,0.898256,-0.486475,-0.392238,-0.988359,0.092517,0.040316,-0.070286,0.86578,-0.498849,0.039655,0.402679,0.74153,0.536638,-0.297107,-0.448643,0.842879,-0.021247,-0.011479,0.018885,0.234312,0.205922,0.017447,-1.076104
1934,0.18755,-0.004834,0.296237,-0.840418,0.541691,0.017747,-0.455584,-0.723709,0.518326,0.29466,0.426847,0.854988,-0.042036,-0.032204,0.047794,0.155761,-2.608749,-4.712009,-1.907691,-0.162302,0.032347,0.313417,-0.990663,0.003698,0.136254,0.117441,-0.482728,0.867822,0.070233,0.875697,0.477583,0.00527,-0.06135,0.033682,0.46211,-0.103249,-0.790633,-1.224871,0.046862,0.05959,-0.013127,0.989997,-0.032714,0.137236,-0.104173,0.486487,0.867454,-0.095141,-0.873074,0.478213,0.002618,-0.030585,0.016908,0.413901,-0.074214,-0.847853,-0.978398,0.092126,0.040053,-0.069879,0.866311,-0.498672,0.028804,0.411549,0.74526,0.524608,-0.283073,-0.44262,0.850855,-0.028346,-0.016109,0.024246,0.589558,-0.171611,0.320832,-1.07741
1935,0.185481,-0.006415,0.298433,-0.839628,0.543188,-0.004156,-0.476785,-0.733177,0.48487,0.261371,0.408412,0.874592,-0.070951,-0.042628,0.057728,1.592901,-4.135402,-3.859098,-1.90818,-0.161665,0.029681,0.31489,-0.986065,0.003064,0.166304,0.140549,-0.518195,0.843596,0.090006,0.855193,0.510301,0.006373,-0.073393,0.040865,0.992708,-0.215124,-0.067579,-1.155327,0.047178,0.058288,-0.012402,0.985326,-0.032356,0.167586,-0.126365,0.521735,0.843696,-0.114734,-0.852493,0.509991,0.010293,-0.041568,0.024293,1.420447,0.98929,-0.098041,-0.951945,0.091103,0.039272,-0.068779,0.865983,-0.49999,0.009058,0.431274,0.75589,0.492577,-0.25313,-0.422657,0.870221,-0.028012,-0.026884,0.032629,0.452854,0.656646,-0.082564,-1.068266
1936,0.182992,-0.008925,0.301128,-0.835004,0.550187,-0.010336,-0.493708,-0.740628,0.455734,0.24412,0.384955,0.89008,-0.070608,-0.069037,0.069212,0.595565,0.819176,-0.077691,-1.9078,-0.161009,0.02628,0.316814,-0.980635,0.008841,0.195626,0.156628,-0.563354,0.811193,0.118614,0.826097,0.55078,0.008573,-0.098019,0.054767,2.149096,3.815496,2.613755,-1.139026,0.047505,0.056601,-0.011443,0.979872,-0.032649,0.196932,-0.144132,0.566832,0.811126,-0.13811,-0.823185,0.550718,0.010899,-0.048307,0.027349,1.44417,-0.852271,-0.481554,-0.966968,0.089859,0.038035,-0.067427,0.865216,-0.501399,-0.000422,0.444359,0.766397,0.463875,-0.232263,-0.401539,0.8859,-0.035165,-0.040097,0.038693,0.4714,-0.121121,0.178914,-1.059938
1937,0.180284,-0.012146,0.304178,-0.83281,0.552637,-0.032636,-0.513163,-0.748417,0.420128,0.208786,0.365943,0.906929,-0.070478,-0.09211,0.084527,0.644417,0.123863,0.005981,-1.908114,-0.160528,0.022162,0.318913,-0.975883,0.007677,0.218137,0.166702,-0.618246,0.76806,0.141988,0.785877,0.601747,0.008875,-0.105358,0.048871,1.556777,-0.292636,-1.392587,-1.059294,0.047746,0.054553,-0.010383,0.975148,-0.038039,0.218263,-0.147956,0.621467,0.769342,-0.164909,-0.782516,0.600394,0.004919,-0.058395,0.028216,1.23129,0.995777,-2.803442,-0.955048,0.088505,0.036431,-0.06591,0.862868,-0.50496,-0.021724,0.464546,0.77541,0.427709,-0.19913,-0.379149,0.903654,-0.035425,-0.040232,0.038528,1.839617,-1.316859,0.705545,-1.05112
1938,0.178869,-0.013819,0.305751,-0.831422,0.553761,-0.046172,-0.523907,-0.753368,0.397404,0.186314,0.353907,0.91655,-0.070758,-0.09195,0.084702,1.610369,-1.418793,0.726209,-1.907682,-0.16037,0.019784,0.320026,-0.975129,0.012446,0.22127,0.161926,-0.641052,0.750178,0.152409,0.76732,0.622779,0.01106,-0.130719,0.062221,1.272372,-0.654619,-0.655883,-1.017739,0.047824,0.053373,-0.009833,0.974094,-0.042036,0.222199,-0.143468,0.644646,0.750898,-0.174805,-0.763324,0.621915,0.004973,-0.059793,0.027133,0.946343,-0.347579,-0.584609,-0.943781,0.087797,0.035594,-0.065125,0.861808,-0.506129,-0.033443,0.474457,0.781049,0.406019,-0.179378,-0.365778,0.913251,-0.035563,-0.040298,0.038447,0.633502,0.85201,-0.300648,-1.052263
1939,0.176073,-0.017442,0.308805,-0.831664,0.552165,-0.059109,-0.534235,-0.766379,0.356691,0.152684,0.327533,0.932436,-0.07162,-0.097394,0.078839,0.786283,0.341382,-0.187491,-1.907475,-0.160156,0.014574,0.322266,-0.972743,0.011255,0.231594,0.162043,-0.680881,0.714197,0.16695,0.732233,0.660171,0.011272,-0.137505,0.056834,1.583748,0.524523,0.414726,-0.931665,0.047931,0.050773,-0.008709,0.97178,-0.038924,0.232655,-0.143859,0.683852,0.715297,-0.186944,-0.728581,0.658954,-0.00133,-0.069282,0.028669,2.150007,3.344291,3.233602,-0.924022,0.086373,0.033753,-0.063559,0.862107,-0.50442,-0.048276,0.485392,0.794704,0.36447,-0.145481,-0.337645,0.929962,-0.035871,-0.04904,0.0391,0.892103,0.35645,-0.176047,-1.047365
1940,0.173377,-0.021241,0.311683,-0.830921,0.552156,-0.068843,-0.54311,-0.777767,0.316357,0.122166,0.299565,0.946236,-0.057807,-0.089151,0.067143,0.730797,0.936123,-0.189484,-1.908417,-0.160055,0.00907,0.324399,-0.968492,0.007005,0.248929,0.169063,-0.714981,0.678346,0.183949,0.699039,0.69092,-0.002316,-0.1438,0.05298,1.253812,-0.554963,-0.62353,-0.864206,0.047987,0.048023,-0.007641,0.967531,-0.036271,0.250134,-0.14886,0.718022,0.679915,-0.204263,-0.695074,0.689309,-0.001174,-0.072598,0.025853,1.090733,-0.244692,-0.157785,-0.920267,0.085047,0.031885,-0.062148,0.861647,-0.504035,-0.059258,0.494019,0.80627,0.32538,-0.116225,-0.309637,0.943724,-0.036284,-0.05038,0.037672,0.569431,0.328895,-0.000432,-1.042793
1941,0.17209,-0.023032,0.313033,-0.829286,0.553729,-0.075596,-0.549099,-0.782003,0.294846,0.105177,0.285328,0.952656,-0.058081,-0.088897,0.067431,2.080237,-1.280035,0.316207,-1.908352,-0.160063,0.006238,0.325324,-0.966087,0.008031,0.258073,0.170208,-0.731349,0.660372,0.195259,0.681885,0.704819,-0.002247,-0.149606,0.047944,1.423092,0.546988,0.492838,-0.81844,0.047982,0.046614,-0.007172,0.965194,-0.035023,0.259177,-0.150865,0.734934,0.661143,-0.213633,-0.677232,0.704071,-0.001264,-0.074623,0.024214,2.605836,3.073778,3.008659,-0.917981,0.084403,0.030987,-0.061476,0.860271,-0.505836,-0.063732,0.499326,0.81068,0.305729,-0.102983,-0.294833,0.949982,-0.036542,-0.044615,0.033776,0.759837,0.171386,-0.302971,-1.044752
1942,0.169605,-0.026292,0.315499,-0.826926,0.55506,-0.090261,-0.558042,-0.78997,0.253986,0.070699,0.259701,0.963112,-0.058841,-0.078736,0.058144,0.388139,0.554126,-0.510873,-1.894871,-0.160264,0.000502,0.32679,-0.961198,0.005164,0.275794,0.173148,-0.766649,0.618227,0.215837,0.641979,0.735623,-0.003315,-0.147171,0.031988,1.333345,-0.598743,-0.909645,-0.742694,0.04788,0.04369,-0.006421,0.960265,-0.033741,0.27704,-0.151587,0.77042,0.619252,-0.234332,-0.636642,0.734693,-0.00168,-0.074186,0.015445,1.308671,-0.600293,-0.902731,-0.910469,0.083161,0.029353,-0.06024,0.857401,-0.508456,-0.079591,0.510187,0.819428,0.261238,-0.067608,-0.264592,0.961986,-0.029484,-0.039744,0.028711,0.794397,0.054134,-0.31987,-1.04263
1943,0.167282,-0.029177,0.317574,-0.816687,0.568782,-0.097749,-0.574985,-0.78719,0.222925,0.050861,0.237552,0.970056,-0.04455,-0.069536,0.04745,0.032503,1.203927,4.9546,-1.873897,-0.16067,-0.00513,0.327574,-0.957162,-0.005905,0.28948,0.178334,-0.799338,0.573751,0.229206,0.600798,0.765747,-0.005531,-0.132098,0.008604,2.887716,2.566372,3.306339,-0.697851,0.047679,0.040921,-0.006034,0.956663,-0.017438,0.290671,-0.160229,0.801978,0.575462,-0.243147,-0.597098,0.764429,-0.009322,-0.071872,0.008824,0.976298,-0.454415,-0.834022,-0.918797,0.081994,0.027908,-0.059197,0.851089,-0.517827,-0.086611,0.522761,0.820533,0.231183,-0.048645,-0.242035,0.969047,-0.029799,-0.034424,0.024294,1.539265,-1.692431,0.22139,-1.032179
1944,0.165219,-0.031681,0.319306,-0.809054,0.578653,-0.103139,-0.586758,-0.784624,0.200129,0.035883,0.221707,0.974466,-0.04502,-0.058654,0.038871,0.60756,-0.156166,-0.19596,-1.818509,-0.161209,-0.01041,0.327834,-0.95534,-0.019959,0.29482,0.181649,-0.826302,0.533069,0.23417,0.562838,0.792617,-0.020024,-0.139059,0.002587,1.458091,0.427269,0.472123,-0.626057,0.047408,0.038231,-0.005902,0.955201,-0.006894,0.295875,-0.159057,0.831119,0.532861,-0.249581,-0.55605,0.79279,-0.01001,-0.069993,0.000864,1.526551,0.407529,0.478173,-0.85691,0.080945,0.026628,-0.058315,0.841198,-0.532803,-0.092223,0.539539,0.815759,0.20841,-0.035809,-0.225072,0.973683,-0.02255,-0.029391,0.019408,0.660808,-0.198647,-0.182607,-1.020585
1945,0.164328,-0.032776,0.320058,-0.805993,0.581866,-0.108866,-0.591534,-0.784416,0.186411,0.024069,0.213915,0.976569,-0.045064,-0.057459,0.040144,0.278307,0.185562,-0.189742,-1.769897,-0.161586,-0.013104,0.327796,-0.953353,-0.027458,0.300591,0.185096,-0.839533,0.510742,0.239528,0.542589,0.805039,-0.021281,-0.13115,-0.009264,0.925751,-0.415423,-0.820783,-0.572261,0.047227,0.036933,-0.005918,0.95343,-0.000404,0.301611,-0.161346,0.8442,0.511168,-0.254827,-0.536027,0.804821,-0.010151,-0.071135,-0.000501,0.991203,-0.575379,-0.699485,-0.823272,0.080517,0.026099,-0.057958,0.838248,-0.536412,-0.097984,0.54475,0.815812,0.194158,-0.024212,-0.216129,0.976063,-0.022653,-0.023756,0.01533,0.629947,-0.445698,0.162955,-1.003113
1946,0.162878,-0.03462,0.321302,-0.801101,0.587841,-0.112808,-0.598574,-0.785389,0.157626,0.005053,0.193062,0.981187,-0.030313,-0.035679,0.022793,0.518247,0.228967,0.374798,-1.528343,-0.162687,-0.018377,0.327281,-0.94878,-0.036241,0.313836,0.186881,-0.865086,0.465442,0.255817,0.500298,0.827117,-0.036422,-0.137378,-0.015401,1.602777,0.157575,0.627438,-0.476278,0.046682,0.034297,-0.006174,0.948916,0.009554,0.315382,-0.163993,0.868864,0.467097,-0.269562,-0.494956,0.826046,-0.018768,-0.063833,-0.01241,2.491069,2.254613,3.78389,-0.709785,0.079786,0.025168,-0.057329,0.834186,-0.541915,-0.102279,0.551442,0.817401,0.166632,-0.006697,-0.195403,0.980699,-0.015151,-0.017506,0.011779,0.738151,0.44246,0.25798,-0.927836
1947,0.162083,-0.035829,0.322124,-0.796289,0.595286,-0.107715,-0.604969,-0.782848,0.145375,0.003202,0.180179,0.983642,-0.015232,-0.012306,0.00721,0.200004,0.159018,0.015867,-1.21703,-0.164104,-0.023162,0.326125,-0.948647,-0.053375,0.311786,0.192651,-0.879021,0.436053,0.251981,0.473795,0.843734,-0.039337,-0.116585,-0.035163,0.620084,-0.337685,-0.525513,-0.432107,0.045975,0.03189,-0.006752,0.949457,0.026122,0.312806,-0.168102,0.883896,0.436426,-0.265088,-0.466951,0.843613,-0.01965,-0.058183,-0.017427,0.575966,-0.25351,-0.699414,-0.659818,0.079376,0.024548,-0.056912,0.829386,-0.550244,-0.096684,0.558646,0.815092,0.153423,-0.005613,-0.18126,0.983418,-0.007625,-0.006082,0.0037,0.154441,0.135499,0.012167,-0.802592
1948,0.162013,-0.036175,0.322331,-0.795167,0.596883,-0.10717,-0.606444,-0.782025,0.143649,0.002917,0.17847,0.983955,-6.8e-05,-0.012493,0.006801,0.011716,0.038804,-0.00584,-0.983664,-0.16501,-0.025278,0.325324,-0.949565,-0.063768,0.307002,0.197264,-0.882315,0.427249,0.244819,0.466343,0.849972,-0.040808,-0.104858,-0.043777,0.280573,-0.056265,-0.509878,-0.394587,0.045522,0.030825,-0.007152,0.95082,0.037306,0.307487,-0.172747,0.88786,0.426453,-0.257096,-0.458598,0.85064,-0.02772,-0.053309,-0.022036,0.28969,-0.12453,-0.409348,-0.628793,0.079342,0.024381,-0.05681,0.828268,-0.552018,-0.096153,0.560303,0.814282,0.151666,-0.005426,-0.179496,0.983743,-5.8e-05,-0.006367,0.003278,-0.037267,-0.084349,0.16546,-0.741685
1949,0.162521,-0.036326,0.322312,-0.794752,0.597363,-0.107576,-0.606989,-0.781572,0.143811,0.002814,0.178843,0.983887,0.03007,0.008239,-0.01187,0.031269,0.066964,-0.122213,-0.474536,-0.167335,-0.029108,0.323337,-0.952608,-0.076209,0.294485,0.200524,-0.885051,0.420009,0.229822,0.459253,0.857981,-0.072522,-0.094943,-0.052534,0.083142,-0.066479,-0.126826,-0.311595,0.044344,0.028869,-0.008165,0.9541,0.049892,0.295302,-0.176409,0.890439,0.419521,-0.242017,-0.452359,0.858369,-0.036231,-0.047462,-0.026224,0.020643,-0.025244,-0.116799,-0.551393,0.079584,0.024299,-0.05681,0.827909,-0.552424,-0.09692,0.560836,0.813764,0.152478,-0.005362,-0.180594,0.983542,0.007562,-0.000353,-0.000496,-0.000735,-0.016313,0.026024,-0.624116
1950,0.163895,-0.036221,0.321897,-0.796188,0.59384,-0.116123,-0.605073,-0.783323,0.142353,-0.00544,0.182858,0.983138,0.045063,-0.006056,-0.007332,0.370401,-0.758024,0.21149,-0.165343,-0.170364,-0.031995,0.320925,-0.95621,-0.076865,0.282392,0.195896,-0.8847,0.422924,0.218524,0.459822,0.860624,-0.091432,-0.055922,-0.071921,0.035138,0.000216,-0.011079,-0.226723,0.042864,0.027438,-0.009352,0.957682,0.050176,0.283419,-0.171805,0.889681,0.423025,-0.230927,-0.453816,0.860652,-0.037748,-0.032749,-0.031628,-0.008059,0.011044,0.002639,-0.467135,0.080265,0.024362,-0.057013,0.829517,-0.548589,-0.104644,0.558476,0.815563,0.151523,0.002221,-0.184132,0.982898,0.022487,0.002476,-0.007894,1.280965,-2.472497,0.600615,-0.54345
1951,0.16583,-0.036345,0.321419,-0.78905,0.595443,-0.151301,-0.613085,-0.779084,0.130873,-0.038971,0.19528,0.979987,0.060079,-0.008919,-0.010857,0.108845,-0.371956,0.31085,0.076281,-0.174095,-0.034271,0.318365,-0.962352,-0.075886,0.260983,0.186449,-0.882698,0.431293,0.198849,0.463813,0.86325,-0.092753,-0.05292,-0.070591,-0.770394,-2.261416,1.362514,-0.16319,0.040999,0.026303,-0.010628,0.963089,0.048964,0.264692,-0.163426,0.887712,0.430418,-0.213895,-0.457788,0.862948,-0.053845,-0.026376,-0.034454,0.037187,0.027273,-0.042192,-0.395451,0.081227,0.024302,-0.05725,0.822996,-0.550315,-0.140817,0.56682,0.811863,0.139972,0.037296,-0.195015,0.98009,0.029966,0.000807,-0.009924,0.473537,-0.936489,0.451661,-0.283328
1952,0.166966,-0.036551,0.321171,-0.782164,0.593907,-0.18852,-0.618201,-0.777525,0.115126,-0.077236,0.205847,0.975545,0.059929,-0.011662,-0.013967,1.116266,-2.808414,0.90247,0.194435,-0.176208,-0.035361,0.317083,-0.964744,-0.076531,0.251799,0.183346,-0.88153,0.434998,0.18989,0.465926,0.864129,-0.108524,-0.051179,-0.068323,9.7e-05,0.03643,-0.151659,-0.134192,0.039948,0.025756,-0.011272,0.966298,0.049181,0.25268,-0.158924,0.886159,0.435275,-0.202508,-0.460763,0.86411,-0.053812,-0.031251,-0.030076,-0.07642,-0.178857,0.06963,-0.363609,0.081795,0.024203,-0.05737,0.816998,-0.549323,-0.175376,0.57192,0.810758,0.12481,0.073627,-0.202271,0.976557,0.029987,-0.005546,-0.006704,-0.148936,-0.707343,0.587633,-0.132448
1953,0.169532,-0.037316,0.320409,-0.776352,0.565022,-0.279417,-0.605657,-0.791454,0.082174,-0.173755,0.232319,0.957008,0.059618,-0.032663,-0.016872,0.470863,-1.658397,-0.630498,0.360955,-0.18093,-0.037266,0.314543,-0.971441,-0.075287,0.225,0.171582,-0.877539,0.447682,0.164963,0.473598,0.865075,-0.124938,-0.043852,-0.060766,-0.006575,-0.048276,0.025412,-0.070641,0.03764,0.024812,-0.012529,0.972916,0.04762,0.226195,-0.147356,0.881708,0.448191,-0.178096,-0.469384,0.864846,-0.054802,-0.021965,-0.030946,-0.222943,-0.729443,0.444351,-0.303355,0.083051,0.023846,-0.057729,0.808831,-0.524773,-0.265335,0.562998,0.821347,0.091769,0.169774,-0.223609,0.959778,0.037306,-0.011089,-0.013135,-0.231569,-1.781856,0.916946,0.160332
1954,0.172332,-0.03882,0.319176,-0.762967,0.534161,-0.364141,-0.593467,-0.802067,0.066761,-0.25546,0.266373,0.929415,0.074395,-0.048607,-0.035638,-0.687673,-1.491526,0.6369,0.412251,-0.185823,-0.038645,0.31213,-0.977651,-0.072223,0.197417,0.15714,-0.874465,0.458859,0.140725,0.479718,0.865985,-0.12679,-0.028344,-0.065784,0.012885,0.015689,0.004191,-0.025493,0.035194,0.024118,-0.013731,0.9791,0.044377,0.198476,-0.13293,0.878229,0.459393,-0.153921,-0.476176,0.865773,-0.062957,-0.019175,-0.028018,-0.073355,-0.265859,0.307559,-0.242284,0.084446,0.02312,-0.058324,0.796955,-0.491275,-0.351441,0.546705,0.834064,0.073823,0.256857,-0.250968,0.933294,0.037251,-0.024569,-0.018199,1.799903,-2.298621,-3.759083,0.311703
1955,0.173655,-0.039805,0.318357,-0.753738,0.520854,-0.400795,-0.590546,-0.804353,0.065155,-0.287512,0.285145,0.914362,0.05903,-0.055804,-0.043859,-0.758658,-1.437619,1.187846,0.421827,-0.188267,-0.039256,0.310995,-0.980038,-0.069755,0.186145,0.150218,-0.872721,0.464464,0.131288,0.483243,0.865507,-0.142014,-0.037927,-0.055492,-0.791374,-2.315035,1.521355,-0.018174,0.033931,0.023804,-0.014321,0.980856,0.041926,0.190163,-0.127437,0.876594,0.46405,-0.14724,-0.4794,0.865156,-0.063621,-0.013556,-0.032509,0.070691,0.028308,-0.017725,-0.224975,0.085141,0.022613,-0.058742,0.787719,-0.476956,-0.389884,0.542921,0.836557,0.073532,0.291089,-0.2696,0.917922,0.037118,-0.028609,-0.022974,-0.966585,-1.581408,0.861187,0.346973
1956,0.176263,-0.041905,0.31632,-0.746142,0.491266,-0.449416,-0.584083,-0.806945,0.087516,-0.318737,0.32718,0.889599,0.074926,-0.060358,-0.050836,1.39072,-2.23154,-3.862665,0.45096,-0.193475,-0.040376,0.308621,-0.98335,-0.060508,0.171328,0.136807,-0.866594,0.479827,0.120678,0.495353,0.86019,-0.128259,-0.022044,-0.061042,-0.483804,0.209181,0.410857,-0.010017,0.03137,0.023244,-0.015486,0.984522,0.033953,0.171939,-0.113584,0.870747,0.478432,-0.133471,-0.490557,0.861126,-0.071426,-0.016077,-0.025165,-0.096349,-0.146783,0.127245,-0.20979,0.086438,0.021552,-0.059772,0.776805,-0.453067,-0.437381,0.540833,0.83577,0.094798,0.3226,-0.31019,0.894265,0.029622,-0.024839,-0.029596,-0.764219,-1.407569,1.024785,0.395144
1957,0.17891,-0.043801,0.313827,-0.735524,0.469685,-0.48831,-0.584992,-0.803813,0.107889,-0.340926,0.364424,0.866598,0.059562,-0.041537,-0.072446,2.075756,-1.894191,-3.943581,0.447732,-0.198408,-0.041071,0.306459,-0.986547,-0.052117,0.15492,0.123088,-0.859927,0.495287,0.108651,0.507758,0.854541,-0.128806,-0.016379,-0.055807,-0.199005,0.237269,-0.069904,-0.002017,0.028855,0.022886,-0.016592,0.98748,0.023985,0.155906,-0.099256,0.862659,0.49595,-0.122599,-0.505216,0.854239,-0.064551,-0.002116,-0.031284,-0.172336,0.146915,0.160129,-0.196726,0.087789,0.020575,-0.061045,0.76653,-0.428239,-0.478582,0.538994,0.83416,0.116878,0.349163,-0.347544,0.870228,0.029881,-0.020994,-0.036552,2.065456,-1.907744,-3.943392,0.415555
1958,0.181624,-0.045455,0.31096,-0.736666,0.430261,-0.52177,-0.566019,-0.81447,0.12741,-0.369235,0.388651,0.844182,0.07561,-0.028148,-0.080249,1.967332,-2.038823,-4.171388,0.422516,-0.203399,-0.041575,0.304423,-0.989638,-0.03753,0.13856,0.104806,-0.847833,0.519738,0.099218,0.528921,0.84277,-0.113472,-0.009473,-0.049687,-1.095324,-1.991244,1.721601,-0.015048,0.026354,0.022628,-0.017616,0.989751,0.009791,0.142468,-0.083162,0.850544,0.519287,-0.116091,-0.525812,0.84264,-0.064372,-0.004042,-0.023462,-0.494761,0.397846,0.088716,-0.198033,0.089117,0.019749,-0.062459,0.765181,-0.393194,-0.509798,0.5221,0.84229,0.13401,0.376706,-0.368708,0.849791,0.030182,-0.020001,-0.036181,-1.046137,-0.556478,0.270693,0.393185
1959,0.182885,-0.046003,0.309526,-0.739132,0.41916,-0.527289,-0.562306,-0.814921,0.140308,-0.369973,0.399679,0.838692,0.060387,-0.025783,-0.07754,-0.522061,-1.030088,0.491496,0.407377,-0.205625,-0.041709,0.303598,-0.990751,-0.02904,0.132515,0.095705,-0.84125,0.532045,0.097278,0.539841,0.836045,-0.113244,-0.004873,-0.044544,-1.136173,-1.955722,1.800708,-0.03133,0.02524,0.022557,-0.018034,0.990647,0.001337,0.136439,-0.074345,0.843767,0.531535,-0.114412,-0.536707,0.835975,-0.056545,-0.002116,-0.021779,-0.574675,0.333054,0.321544,-0.20734,0.089753,0.019471,-0.063181,0.769255,-0.376464,-0.516255,0.513275,0.845295,0.148407,0.380518,-0.379144,0.843477,0.038023,-0.013008,-0.039251,-0.685336,-0.618959,-0.104528,0.377509
1960,0.185295,-0.046485,0.306473,-0.763011,0.402533,-0.505793,-0.554514,-0.809704,0.192006,-0.331309,0.426467,0.841658,0.060346,0.005729,-0.083844,-0.860686,1.166943,-2.246057,0.296938,-0.209761,-0.041649,0.302131,-0.992351,-0.009033,0.123083,0.076449,-0.827221,0.556591,0.098042,0.561752,0.821393,-0.11232,0.005537,-0.032438,-0.635767,0.251386,0.567733,-0.096355,0.023129,0.022582,-0.018788,0.992103,-0.018742,0.124013,-0.053907,0.829063,0.55655,-0.113246,-0.55884,0.821505,-0.056071,0.003244,-0.015552,-0.734037,0.292447,0.564914,-0.251755,0.09098,0.01921,-0.064749,0.790898,-0.358369,-0.496035,0.50591,0.838954,0.200525,0.344289,-0.409544,0.844829,0.030239,0.003271,-0.041459,-0.776911,1.184294,-2.21665,0.282963
1961,0.187092,-0.045619,0.303617,-0.812741,0.387381,-0.43524,-0.528642,-0.804369,0.271109,-0.244065,0.449941,0.859077,0.029059,0.035943,-0.067338,-0.50837,0.896027,-1.006587,0.180786,-0.213029,-0.041362,0.301219,-0.99273,0.009564,0.119943,0.06172,-0.814552,0.576741,0.104469,0.579935,0.807852,-0.063977,0.003624,-0.015134,-0.741953,0.322127,0.539033,-0.223464,0.021519,0.022721,-0.019241,0.991986,-0.036773,0.120873,-0.039882,0.81665,0.575753,-0.119883,-0.57596,0.808639,-0.031938,0.002057,-0.007192,-0.242978,0.151879,0.193471,-0.343198,0.091868,0.019613,-0.066173,0.83871,-0.340555,-0.424953,0.479181,0.832272,0.27876,0.258744,-0.437428,0.861224,0.014592,0.018486,-0.03305,-1.876782,2.714445,-2.297714,0.121632
1962,0.187597,-0.044542,0.302379,-0.838079,0.372715,-0.398438,-0.503927,-0.808717,0.303327,-0.20813,0.454527,0.866091,0.028812,0.059377,-0.060084,-1.475289,2.393926,-2.545901,0.082263,-0.214244,-0.04124,0.301005,-0.992698,0.015108,0.119639,0.057752,-0.810714,0.582531,0.107046,0.585164,0.803734,-0.063052,-0.003294,-0.001712,-0.277078,0.136446,0.14232,-0.320929,0.020888,0.022786,-0.019351,0.991675,-0.044174,0.120948,-0.035035,0.811308,0.583567,-0.123905,-0.582946,0.803007,-0.031443,-0.001159,-0.000185,-0.193411,0.113341,0.14092,-0.416026,0.092131,0.020159,-0.066825,0.862854,-0.324742,-0.38733,0.453716,0.835349,0.310374,0.222765,-0.443546,0.868125,0.014477,0.030798,-0.028667,-1.467661,2.349639,-2.524557,0.01484
1963,0.188444,-0.041294,0.300489,-0.871562,0.355702,-0.337492,-0.466051,-0.814903,0.34453,-0.151393,0.457121,0.87644,0.028076,0.104828,-0.04731,-0.244387,0.794681,-1.336314,-0.223722,-0.215771,-0.041036,0.301073,-0.992622,0.023268,0.118966,0.052151,-0.803315,0.593211,0.110623,0.595004,0.795988,-0.014969,0.004114,0.00579,-0.203958,0.131477,0.05216,-0.68218,0.020124,0.022887,-0.019317,0.991387,-0.052282,0.120074,-0.029505,0.804121,0.593732,-0.127596,-0.592161,0.795653,-0.007403,0.002576,0.003589,-0.18359,0.128278,0.045196,-0.668963,0.092545,0.021739,-0.067758,0.894106,-0.306851,-0.326215,0.415912,0.839065,0.350695,0.166105,-0.449235,0.877836,0.006492,0.047495,-0.018374,-0.819819,1.107184,-0.408735,-0.26455
1964,0.189057,-0.037475,0.299439,-0.873724,0.376836,-0.307646,-0.473645,-0.803296,0.361036,-0.109996,0.460688,0.880735,0.013207,0.092741,-0.017679,-0.150353,-0.26004,-0.587816,-0.611579,-0.216184,-0.040895,0.301754,-0.992911,0.025951,0.115953,0.048969,-0.799093,0.599154,0.109459,0.600547,0.791975,0.002277,0.001104,0.023634,-0.386262,0.200562,0.151191,-1.25597,0.019918,0.022959,-0.018975,0.991683,-0.054199,0.116731,-0.026694,0.800659,0.598523,-0.125902,-0.596662,0.792553,0.001212,0.001063,0.012481,-0.53605,0.243902,0.142735,-0.951619,0.092858,0.023671,-0.068272,0.897195,-0.328661,-0.294995,0.423933,0.828138,0.366697,0.123777,-0.454057,0.882332,0.006647,0.047445,-0.007507,0.811441,-0.836953,1.402866,-0.524998
1965,0.18928,-0.033943,0.299162,-0.8785,0.360642,-0.313401,-0.461583,-0.810067,0.361531,-0.122403,0.461812,0.878506,-0.001871,0.089235,0.000223,-0.238337,-0.222866,-0.744183,-1.447864,-0.215621,-0.040711,0.303182,-0.993145,0.027919,0.113471,0.046446,-0.796054,0.603386,0.108429,0.604479,0.789121,0.020024,0.001738,0.045804,-0.09143,-0.016971,0.080722,-1.399494,0.020185,0.023044,-0.0183,0.99178,-0.056898,0.114601,-0.024061,0.796764,0.60381,-0.125666,-0.601605,0.788846,0.010062,0.001283,0.02343,-0.068071,-0.021494,0.081197,-0.969744,0.092975,0.025444,-0.06841,0.900999,-0.312177,-0.30124,0.411727,0.834112,0.367066,0.136678,-0.454755,0.880066,-0.000704,0.039296,0.004516,-0.013694,-0.829831,-0.34721,-0.820881
1966,0.189168,-0.032232,0.299393,-0.880407,0.351121,-0.318814,-0.455596,-0.812963,0.362623,-0.130767,0.464065,0.876111,-0.016733,0.085581,0.017916,-0.442076,-0.167959,-0.739842,-1.871426,-0.215114,-0.040613,0.304049,-0.992988,0.029502,0.114439,0.046179,-0.793824,0.606338,0.109986,0.607328,0.786714,0.035873,0.003823,0.047606,-0.228843,0.12765,0.014963,-1.399949,0.02044,0.023098,-0.017844,0.991618,-0.058022,0.115436,-0.024084,0.794808,0.606382,-0.126933,-0.60408,0.786749,0.010214,0.002446,0.024774,-0.295395,0.167193,-0.004837,-0.965662,0.092925,0.026296,-0.068307,0.902448,-0.302719,-0.306507,0.405584,0.836863,0.367641,0.145213,-0.456092,0.878004,-0.000892,0.048804,0.005042,0.072867,0.089322,-0.336183,-0.968495
1967,0.18843,-0.028673,0.300859,-0.882862,0.335759,-0.328429,-0.447087,-0.815091,0.368389,-0.142915,0.471651,0.870142,-0.015894,0.093732,0.047826,-0.366034,-0.380956,-0.298585,-1.915756,-0.213669,-0.040463,0.306206,-0.992822,0.02928,0.115924,0.047618,-0.791842,0.608811,0.110872,0.609919,0.784582,0.052119,0.009831,0.053809,-0.071346,0.021696,-0.018697,-1.400444,0.021177,0.023177,-0.016744,0.991431,-0.058075,0.117008,-0.025447,0.792711,0.609065,-0.128125,-0.606824,0.784441,0.0261,0.005341,0.027406,-0.069318,0.018803,-0.02167,-0.976765,0.09255,0.028101,-0.067575,0.904449,-0.286371,-0.316169,0.396282,0.838389,0.37425,0.157898,-0.463783,0.871764,-0.007946,0.047744,0.024976,-0.488732,-0.447752,-0.319696,-1.125255
