frame,MLTx,MLTy,MLTz,MLTR1,MLTR2,MLTR3,MLTR4,MLTR5,MLTR6,MLTR7,MLTR8,MLTR9,MLTTVx,MLTTVy,MLTTVz,MLTRVx,MLTRVy,MLTRVz,MLGA,MRTx,MRTy,MRTz,MRTR1,MRTR2,MRTR3,MRTR4,MRTR5,MRTR6,MRTR7,MRTR8,MRTR9,MRTTVx,MRTTVy,MRTTVz,MRTRVx,MRTRVy,MRTRVz,MRGA,SLTx,SLTy,SLTz,SLTR1,SLTR2,SLTR3,SLTR4,SLTR5,SLTR6,SLTR7,SLTR8,SLTR9,SLTTVx,SLTTVy,SLTTVz,SLTRVx,SLTRVy,SLTRVz,SLGA,SRTx,SRTy,SRTz,SRTR1,SRTR2,SRTR3,SRTR4,SRTR5,SRTR6,SRTR7,SRTR8,SRTR9,SRTTVx,SRTTVy,SRTTVz,SRTRVx,SRTRVy,SRTRVz,SRGA
40,0.145769,-0.073449,0.29758,-0.553692,0.402504,-0.729014,-0.59163,-0.806181,0.004165,-0.585358,0.433108,0.68542,0.016197,-0.003644,-0.005095,-0.495815,0.486544,-0.67311,-1.92236,-0.159258,-0.064144,0.277154,-0.56723,-0.533545,0.627352,0.812748,-0.485248,0.322351,0.133132,0.693388,0.708062,-0.017572,0.008569,-0.009898,0.025752,0.09784,-0.186625,-1.404333,0.046947,0.02196,-0.017858,0.635001,0.496076,0.592183,-0.760927,0.533912,0.368682,-0.13328,-0.684722,0.716513,-0.008785,0.004146,-0.005188,0.002522,0.117813,-0.175861,-0.973336,0.07511,0.0131,-0.055534,0.579695,-0.362578,-0.729718,0.536803,0.843676,0.007241,0.613021,-0.395912,0.683708,-3.7e-05,-0.000224,-0.000337,0.003087,-0.002524,0.003072,-0.093258
41,0.145759,-0.073462,0.297429,-0.551742,0.403348,-0.730025,-0.591509,-0.806279,0.001501,-0.587319,0.432139,0.684353,-0.000162,-0.001053,-0.001597,-0.005925,0.088633,-0.177953,-1.921957,-0.159828,-0.063622,0.276779,-0.564591,-0.534533,0.628891,0.81447,-0.483808,0.320161,0.133822,0.693636,0.70769,-0.000993,0.012862,-0.005255,0.038257,-0.023169,0.044072,-1.400677,0.046655,0.022219,-0.018057,0.6325,0.497039,0.594049,-0.762878,0.532457,0.366751,-0.134016,-0.685157,0.71596,-0.000493,0.006523,-0.002476,0.03988,-0.019487,0.042397,-0.964519,0.07511,0.0131,-0.055534,0.579695,-0.362578,-0.729718,0.536803,0.843676,0.007241,0.613021,-0.395912,0.683708,-3.7e-05,-0.000224,-0.000337,0.003087,-0.002524,0.003072,-0.093258
42,0.14576,-0.07345,0.29743,-0.553972,0.400172,-0.730084,-0.586799,-0.809714,0.001358,-0.589933,0.428662,0.684291,8.2e-05,0.00053,0.000804,0.0,0.0,0.0,-1.920996,-0.160223,-0.063035,0.276546,-0.572537,-0.535236,0.621059,0.810252,-0.484646,0.329459,0.125362,0.692507,0.710339,-0.000984,0.013636,-0.004017,-0.005546,0.039756,0.049978,-0.919665,0.046458,0.022515,-0.01817,0.640097,0.497109,0.585796,-0.758017,0.53291,0.376053,-0.125238,-0.684755,0.717931,-0.000488,0.00692,-0.001837,0.019689,0.033772,0.034287,-0.86981,0.07511,0.0131,-0.055534,0.579695,-0.362578,-0.729718,0.536803,0.843676,0.007241,0.613021,-0.395912,0.683708,-3.7e-05,-0.000224,-0.000337,0.003087,-0.002524,0.003072,-0.093258
43,0.145845,-0.073485,0.297416,-0.560935,0.390314,-0.730104,-0.572392,-0.819962,0.001342,-0.597443,0.418169,0.684269,-5.8e-05,-0.000378,-0.000573,0.002941,-5e-06,-0.002757,-1.916567,-0.160422,-0.062715,0.276403,-0.59556,-0.529919,0.603727,0.796498,-0.486621,0.358783,0.104397,0.695201,0.711098,-0.000997,0.009771,-0.010248,-0.395323,-0.396104,0.629919,-0.240396,0.046359,0.022679,-0.018225,0.659953,0.490118,0.569425,-0.743729,0.53355,0.402728,-0.106433,-0.68928,0.716633,-0.008266,-0.000699,-3e-06,-0.189123,0.257035,0.107945,-0.684802,0.07511,0.0131,-0.055534,0.579695,-0.362578,-0.729718,0.536803,0.843676,0.007241,0.613021,-0.395912,0.683708,-3.7e-05,-0.000224,-0.000337,0.003087,-0.002524,0.003072,-0.093258
44,0.145904,-0.073515,0.29739,-0.56092,0.390326,-0.730109,-0.572418,-0.819944,0.001345,-0.597432,0.418192,0.684264,-9.2e-05,-0.0006,-0.000909,0.0,-0.0,-0.0,-1.745364,-0.160537,-0.062714,0.276323,-0.606997,-0.525542,0.596115,0.788969,-0.4878,0.373514,0.095239,0.69769,0.709945,-0.016546,-0.002963,-0.002537,-0.427826,-0.465644,0.793897,-0.09249,0.046307,0.022683,-0.018269,0.671859,0.485081,0.559732,-0.734417,0.534344,0.418458,-0.096103,-0.692222,0.715256,-3e-06,-0.00128,-0.002058,-1.063166,-1.780369,2.041388,-0.536861,0.07511,0.0131,-0.055534,0.579695,-0.362578,-0.729718,0.536803,0.843676,0.007241,0.613021,-0.395912,0.683708,-3.7e-05,-0.000224,-0.000337,0.003087,-0.002524,0.003072,-0.093258
45,0.145731,-0.073543,0.297456,-0.561006,0.390278,-0.730069,-0.572464,-0.819911,0.00152,-0.597307,0.418301,0.684306,-0.016359,0.002623,0.003551,-0.000125,0.001877,-0.003765,-0.520573,-0.160751,-0.062822,0.276118,-0.625764,-0.511822,0.588599,0.775285,-0.490302,0.398084,0.085619,0.706074,0.702846,-2e-05,-0.003803,-0.006138,-0.326609,0.219148,0.570602,0.113229,0.046194,0.022629,-0.018372,0.689241,0.471411,0.550197,-0.719293,0.536359,0.441515,-0.086968,-0.700064,0.708763,-1e-05,-0.00182,-0.002937,-0.495824,0.36652,0.677225,-0.240651,0.07511,0.0131,-0.055534,0.579695,-0.362578,-0.729718,0.536803,0.843676,0.007241,0.613021,-0.395912,0.683708,-3.7e-05,-0.000224,-0.000337,0.003087,-0.002524,0.003072,-0.093258
46,0.145531,-0.073469,0.297601,-0.557371,0.387034,-0.734566,-0.572107,-0.82016,0.001897,-0.601041,0.420822,0.679475,0.00045,0.002912,0.004411,-0.03773,-0.13375,-0.033063,-0.006785,-0.160939,-0.06297,0.275866,-0.636177,-0.502845,0.585165,0.76709,-0.492773,0.410708,0.08262,0.71078,0.698447,-2.1e-05,-0.00344,-0.005564,-0.081278,0.007683,0.238728,0.287611,0.0461,0.022551,-0.018504,0.699401,0.460567,0.546547,-0.709691,0.538144,0.454685,-0.084708,-0.705887,0.703239,-8e-06,-0.002043,-0.0033,-0.058257,0.009258,0.211532,0.066171,0.07511,0.0131,-0.055534,0.579695,-0.362578,-0.729718,0.536803,0.843676,0.007241,0.613021,-0.395912,0.683708,-3.7e-05,-0.000224,-0.000337,0.003087,-0.002524,0.003072,-0.093258
47,0.145489,-0.073433,0.29769,-0.556595,0.384899,-0.736274,-0.571905,-0.820295,0.003445,-0.60195,0.422513,0.677617,0.000323,-0.00814,0.01254,-0.063534,-0.074978,-0.061168,0.129716,-0.16094,-0.063022,0.275762,-0.638892,-0.500585,0.584143,0.764915,-0.493452,0.413937,0.081829,0.711901,0.697398,-1.6e-05,-0.002543,-0.004117,-0.015541,-0.065896,0.192658,0.390658,0.0461,0.022523,-0.018559,0.701958,0.45808,0.545359,-0.707229,0.538784,0.457752,-0.084144,-0.707017,0.702172,-5e-06,-0.001437,-0.002323,0.010297,0.015826,-0.018133,0.221951,0.07511,0.0131,-0.055534,0.579695,-0.362578,-0.729718,0.536803,0.843676,0.007241,0.613021,-0.395912,0.683708,-3.7e-05,-0.000224,-0.000337,0.003087,-0.002524,0.003072,-0.093258
48,0.145284,-0.073372,0.297777,-0.564957,0.383557,-0.730584,-0.567112,-0.823601,0.006081,-0.598681,0.417277,0.683731,-0.016937,-0.001167,-0.002202,0.116647,0.397835,0.124846,0.43535,-0.160707,-0.062948,0.275772,-0.653674,-0.504139,0.564398,0.753919,-0.497488,0.429005,0.065315,0.706565,0.704531,1.2e-05,0.002156,0.00349,-0.83826,-1.904119,1.829805,0.532349,0.046216,0.022555,-0.018563,0.714357,0.460748,0.526692,-0.696385,0.542122,0.470265,-0.068857,-0.702718,0.708127,0.008284,0.001904,0.00196,0.002855,-0.031929,0.053571,0.520119,0.075024,0.013086,-0.055429,0.57912,-0.36163,-0.730645,0.531733,0.846908,0.002285,0.617963,-0.389832,0.682753,-0.000439,0.004531,-0.005832,0.300311,0.639264,0.283459,-0.090645
49,0.145236,-0.073357,0.297595,-0.5597,0.395005,-0.728527,-0.586205,-0.810069,0.011069,-0.585096,0.432766,0.68586,-0.000778,-0.005006,-0.007579,-0.155698,0.142386,-0.171731,0.465877,-0.160546,-0.062884,0.275834,-0.661998,-0.506378,0.552569,0.747432,-0.49956,0.437858,0.055143,0.703496,0.70846,0.016561,0.003327,0.003137,-0.834338,-1.916605,1.855603,0.536492,0.046297,0.02259,-0.018527,0.723134,0.462784,0.512744,-0.688366,0.543934,0.479882,-0.056817,-0.699975,0.711902,0.008281,0.001781,0.001755,-0.82897,-1.902971,1.838649,0.520283,0.074989,0.0131,-0.055514,0.575295,-0.374295,-0.72728,0.550749,0.834648,0.006102,0.60474,-0.40406,0.686312,-0.000565,0.002698,-0.008493,-0.508284,0.438483,-0.593781,-0.050476
50,0.145163,-0.07335,0.296819,-0.570586,0.413218,-0.709738,-0.629029,-0.775477,0.054134,-0.527313,0.476815,0.703289,-0.001683,-0.000582,-0.025828,-0.338091,0.221749,-0.040648,0.496124,-0.160285,-0.062811,0.275935,-0.670508,-0.512715,0.536222,0.740871,-0.498982,0.449513,0.037928,0.699309,0.713717,0.01655,0.001952,0.000904,-0.005352,-0.031161,0.043152,0.536705,0.046421,0.022629,-0.01847,0.731402,0.468768,0.495283,-0.680859,0.542941,0.491573,-0.038476,-0.696757,0.716274,0.000499,-0.004867,0.005155,-0.045905,-0.136847,0.194637,0.520936,0.074949,0.013106,-0.055892,0.587761,-0.390676,-0.708455,0.59372,0.803136,0.049685,0.549575,-0.449827,0.704004,-0.000887,0.004817,-0.017654,-1.099369,0.168316,0.984537,0.046029
51,0.144806,-0.073229,0.295422,-0.603723,0.413308,-0.681719,-0.641723,-0.759291,0.107888,-0.472288,0.502092,0.724483,-0.002227,0.006266,-0.040547,-0.555552,0.810918,-1.152223,0.502876,-0.160012,-0.062836,0.275857,-0.673249,-0.512976,0.532526,0.738504,-0.500268,0.451972,0.035393,0.698198,0.714934,-7e-06,-0.002364,-0.003823,-0.0,0.0,0.0,0.536503,0.046564,0.022623,-0.0185,0.733891,0.468874,0.491487,-0.678319,0.544066,0.493836,-0.035855,-0.695808,0.717332,0.00827,-0.000745,-0.002341,0.002126,-0.014697,0.028062,0.521426,0.074768,0.01316,-0.056592,0.620292,-0.389163,-0.68102,0.606974,0.788082,0.102505,0.49681,-0.476945,0.725053,-0.00949,0.003219,-0.020387,-1.921226,1.773486,-1.996899,0.122122
52,0.144462,-0.073053,0.294591,-0.626462,0.413803,-0.660575,-0.645952,-0.749892,0.14276,-0.435512,0.515614,0.737901,-0.018942,0.006895,-0.040169,-1.948736,2.0196,-2.332038,0.502416,-0.159925,-0.062905,0.275733,-0.672645,-0.513058,0.533209,0.739042,-0.499818,0.451589,0.035654,0.69846,0.714665,0.016542,-0.002642,-0.006543,0.002045,-0.015205,0.029245,0.535973,0.046601,0.022589,-0.01856,0.73331,0.469002,0.492232,-0.678931,0.543633,0.493471,-0.036155,-0.696059,0.717072,-3e-06,-0.002111,-0.003419,-0.014547,0.111012,-0.198651,0.521589,0.074602,0.013246,-0.057011,0.641926,-0.388593,-0.661003,0.611507,0.779535,0.135583,0.462588,-0.491243,0.738032,-0.009484,0.008364,-0.025084,-1.180243,0.828597,0.131995,0.145799
53,0.143606,-0.072311,0.292482,-0.668286,0.416082,-0.616697,-0.644661,-0.737592,0.200854,-0.370473,0.531267,0.761926,-0.019054,0.026805,-0.060137,0.003289,0.655724,-1.136938,0.474869,-0.159926,-0.063073,0.275443,-0.670928,-0.513301,0.535135,0.740564,-0.498563,0.450481,0.036402,0.699179,0.713924,-1.5e-05,-0.004955,-0.008043,-0.001816,0.014065,-0.025086,0.535051,0.046607,0.022503,-0.01871,0.731736,0.469352,0.494236,-0.680584,0.542478,0.492465,-0.036973,-0.696724,0.716385,-5e-06,-0.002431,-0.003946,-0.001996,0.013927,-0.025309,0.521589,0.074181,0.013602,-0.058042,0.684865,-0.388337,-0.616566,0.610977,0.767131,0.195488,0.397071,-0.510591,0.762647,-0.009525,0.013216,-0.030338,-0.955307,0.905315,0.139408,0.17111
54,0.143091,-0.071272,0.290127,-0.661617,0.459967,-0.592231,-0.682687,-0.696192,0.221871,-0.309436,0.550527,0.775368,-0.0024,0.036078,-0.070854,-0.783673,0.676166,0.707507,0.428678,-0.160021,-0.063196,0.275038,-0.669198,-0.513538,0.537071,0.742083,-0.497484,0.449173,0.037349,0.699774,0.713292,-0.001017,0.005251,-0.01763,0.022096,0.101936,-0.179273,0.530078,0.046559,0.022438,-0.018917,0.730122,0.469702,0.496287,-0.682259,0.541481,0.491242,-0.037993,-0.697264,0.715806,-0.000504,0.002578,-0.008892,0.021957,0.101814,-0.179407,0.521915,0.07391,0.014123,-0.059235,0.681923,-0.430626,-0.59122,0.648897,0.729173,0.217341,0.337509,-0.531851,0.776673,-0.001181,0.012383,-0.031569,-2.954937,1.346507,4.142584,0.150208
55,0.143107,-0.070014,0.287395,-0.653868,0.487277,-0.578846,-0.703669,-0.67279,0.228419,-0.277331,0.556063,0.783523,0.014024,0.033784,-0.074308,0.157433,0.238607,-0.480195,0.377233,-0.160143,-0.063188,0.274475,-0.668075,-0.513675,0.538335,0.743039,-0.497208,0.447896,0.038422,0.699869,0.713141,-0.001021,0.004802,-0.018398,0.03463,0.004818,-0.006179,0.523825,0.046498,0.02244,-0.019193,0.729086,0.469911,0.49761,-0.683306,0.541246,0.490045,-0.039052,-0.697306,0.715708,-0.000502,0.002375,-0.009239,0.03453,0.004746,-0.00627,0.521752,0.073911,0.014754,-0.060598,0.674824,-0.45927,-0.577652,0.672064,0.705814,0.223951,0.304861,-0.539347,0.78496,-0.001284,0.017364,-0.036663,0.149267,0.34806,-0.689104,0.111672
56,0.143232,-0.069317,0.285921,-0.657918,0.487824,-0.573775,-0.701325,-0.674478,0.230639,-0.273675,0.553534,0.786593,0.014024,0.033864,-0.074404,0.165447,0.146498,-0.306682,0.35011,-0.160285,-0.063128,0.274138,-0.670417,-0.509798,0.539109,0.740664,-0.501517,0.447025,0.043314,0.699624,0.713101,-0.017609,0.003113,-0.018906,0.032586,0.020019,-0.035426,0.517417,0.046434,0.022472,-0.019359,0.731243,0.465884,0.498231,-0.680701,0.545424,0.489037,-0.043912,-0.696752,0.715966,-0.000504,0.001916,-0.009996,0.034245,0.005062,-0.006453,0.521589,0.073974,0.015101,-0.061336,0.679109,-0.45943,-0.57248,0.669433,0.707571,0.226277,0.301112,-0.536904,0.788076,-0.001276,0.017419,-0.03669,0.16932,0.159321,-0.343533,0.088484
57,0.143424,-0.067745,0.282878,-0.66889,0.477069,-0.57012,-0.686908,-0.689847,0.228562,-0.28343,0.543906,0.789849,0.014152,0.045028,-0.082872,0.219684,-0.055879,0.052335,0.353208,-0.160764,-0.062786,0.273257,-0.670026,-0.507915,0.541367,0.740897,-0.501401,0.446769,0.045355,0.701074,0.711548,-0.018606,0.014521,-0.026573,0.061789,0.01871,-0.011494,0.503615,0.046194,0.022636,-0.019801,0.730894,0.463882,0.500607,-0.680933,0.545166,0.489002,-0.046075,-0.698289,0.714331,-0.009291,0.007247,-0.013299,0.084359,0.004022,-0.016686,0.521589,0.074069,0.015882,-0.062856,0.689952,-0.447812,-0.568708,0.653898,0.722553,0.22435,0.310456,-0.526668,0.791351,-0.001198,0.023018,-0.040893,0.23472,0.044397,-0.181701,0.075748
58,0.143404,-0.065877,0.279797,-0.673456,0.462912,-0.57638,-0.675953,-0.701252,0.226506,-0.298503,0.541568,0.785892,-0.001821,0.050338,-0.075283,-0.06519,-0.536439,-0.19891,0.421587,-0.16146,-0.062118,0.272146,-0.671583,-0.5064,0.540857,0.739447,-0.502695,0.447716,0.045998,0.701242,0.711342,-0.036173,0.024242,-0.034791,-0.00655,0.223057,-0.130532,0.492783,0.045853,0.022967,-0.020353,0.732269,0.462637,0.499747,-0.679421,0.546458,0.489662,-0.046555,-0.698104,0.71448,-0.009287,0.007095,-0.013585,-0.067912,0.156882,0.070928,0.522079,0.074065,0.01679,-0.064381,0.69386,-0.4353,-0.573647,0.642788,0.733507,0.220882,0.324625,-0.521995,0.788757,-0.000899,0.024905,-0.038054,0.16234,-0.13866,-0.028094,0.140084
59,0.143287,-0.064838,0.278339,-0.67587,0.45044,-0.583394,-0.669307,-0.706538,0.229792,-0.307848,0.545216,0.779742,-0.018075,0.063934,-0.080134,-0.167052,-0.77421,-0.34154,0.461617,-0.16195,-0.061693,0.271438,-0.674174,-0.50733,0.536747,0.737229,-0.504451,0.449396,0.043609,0.699305,0.713396,-0.019598,0.023818,-0.037812,0.095751,0.001108,-0.007288,0.486288,0.045601,0.023182,-0.020702,0.734757,0.463107,0.495643,-0.676896,0.54805,0.491377,-0.044078,-0.696543,0.716159,-0.018068,0.011748,-0.018026,0.09326,-0.040922,0.01775,0.522242,0.074012,0.017322,-0.065137,0.695605,-0.422764,-0.580863,0.635952,0.738473,0.2241,0.334211,-0.525287,0.782544,-0.000698,0.026152,-0.036107,0.057835,-0.33705,-0.102684,0.200828
60,0.142918,-0.062756,0.275673,-0.692594,0.401133,-0.599542,-0.63549,-0.732552,0.243908,-0.3405,0.54943,0.763029,-0.017717,0.055766,-0.067473,2.985322,-2.215202,-4.869451,0.516225,-0.163114,-0.060755,0.269952,-0.679868,-0.504632,0.532088,0.732131,-0.506888,0.454953,0.040972,0.699492,0.713369,-0.03617,0.02262,-0.037724,-0.031654,0.166216,0.069601,0.475516,0.045026,0.02365,-0.021447,0.739774,0.460582,0.490508,-0.671586,0.550186,0.496253,-0.041305,-0.696533,0.716334,-0.009778,0.011535,-0.019571,-0.102138,0.232425,0.100075,0.521426,0.073827,0.018367,-0.066473,0.70772,-0.376822,-0.597609,0.605517,0.759317,0.238298,0.36398,-0.530511,0.765556,-0.000463,0.02761,-0.033855,-0.075972,-0.482967,-0.382194,0.320194
61,0.142847,-0.06099,0.27326,-0.700491,0.357043,-0.617962,-0.614805,-0.741605,0.268346,-0.361607,0.567453,0.739774,-0.001361,0.043077,-0.061528,-0.461261,-1.020981,-0.734757,0.520225,-0.16462,-0.059628,0.268257,-0.690154,-0.503208,0.520058,0.722856,-0.511113,0.464949,0.032703,0.697438,0.715804,-0.053681,0.032329,-0.046239,-0.001802,0.187826,0.03698,0.464483,0.044279,0.02421,-0.022292,0.749309,0.458467,0.477852,-0.661412,0.553767,0.505841,-0.032708,-0.695089,0.718178,-0.018526,0.016844,-0.02304,-0.055729,0.221318,0.110098,0.520283,0.073787,0.01926,-0.067674,0.715793,-0.328291,-0.616331,0.57988,0.771192,0.262681,0.389074,-0.545424,0.742383,-0.000694,0.016105,-0.026467,-0.274254,-0.641474,-0.555357,0.373263
62,0.142895,-0.060318,0.272183,-0.703289,0.339357,-0.624713,-0.608144,-0.742286,0.281327,-0.367376,0.577344,0.729202,-0.001474,0.032233,-0.053015,-0.295023,-0.65318,-0.558043,0.52043,-0.165476,-0.059007,0.267395,-0.698333,-0.503299,0.508932,0.715277,-0.514278,0.473109,0.024488,0.695039,0.71846,-0.037077,0.033869,-0.04597,-0.050337,-0.02394,0.215281,0.459855,0.043845,0.024518,-0.022725,0.75677,0.457922,0.46648,-0.653225,0.556386,0.513546,-0.024379,-0.693354,0.720183,-0.026787,0.016829,-0.022048,-0.279968,-0.437472,0.664015,0.508036,0.073811,0.0196,-0.068216,0.717637,-0.308692,-0.624263,0.572839,0.771422,0.27706,0.396045,-0.556431,0.730432,-0.000688,0.016152,-0.026444,-0.407325,-0.724246,-0.821626,0.385837
63,0.142783,-0.059102,0.27024,-0.707262,0.304916,-0.637849,-0.594556,-0.744682,0.303189,-0.381674,0.593289,0.708774,-0.017761,0.035093,-0.049073,-0.218478,-0.376177,-0.671981,0.52119,-0.167409,-0.057687,0.265782,-0.711876,-0.5094,0.483463,0.702195,-0.518381,0.487994,0.002923,0.687508,0.726076,-0.053479,0.036487,-0.039727,-2.595628,-2.949349,-3.714849,0.453956,0.042884,0.025173,-0.023542,0.772011,0.458445,0.440257,-0.635578,0.563601,0.527629,-0.00624,-0.687153,0.726485,-0.02671,0.018374,-0.019596,-0.087541,-0.730606,0.745317,0.490074,0.073754,0.020218,-0.069211,0.720039,-0.273365,-0.63782,0.558763,0.773435,0.299303,0.411494,-0.5719,0.709649,-0.008829,0.017633,-0.024387,-0.192777,-0.339812,-0.665433,0.403799
64,0.142477,-0.057866,0.26858,-0.704761,0.279791,-0.651977,-0.584904,-0.749238,0.310647,-0.400698,0.599925,0.692501,-0.000656,0.026873,-0.035488,0.166553,-0.644993,-0.163104,0.520499,-0.169615,-0.056348,0.264429,-0.7186,-0.528407,0.452096,0.694422,-0.512426,0.505106,-0.034338,0.677571,0.734562,-0.069792,0.038928,-0.0339,-0.145432,-0.508818,-0.075677,0.449253,0.041787,0.025841,-0.024222,0.77555,0.481197,0.408619,-0.630272,0.553569,0.544351,0.035741,-0.679713,0.732605,-0.026173,0.014248,-0.013266,-0.886204,-1.647085,-0.362033,0.477337,0.073607,0.020812,-0.070021,0.717852,-0.249192,-0.65007,0.548472,0.777531,0.307609,0.428796,-0.577363,0.694827,-0.000207,0.019061,-0.021726,-0.297324,-0.346399,-0.820328,0.416862
65,0.142127,-0.056638,0.267403,-0.699493,0.26777,-0.662612,-0.580062,-0.754307,0.307444,-0.416623,0.599074,0.683785,-0.016354,0.032854,-0.026152,0.141424,-0.167518,-0.029865,0.520977,-0.172041,-0.055065,0.263503,-0.714164,-0.561589,0.417827,0.694773,-0.496943,0.519877,-0.083427,0.662271,0.744513,-0.068588,0.031695,-0.019566,0.118152,-0.195295,0.288178,0.447622,0.040574,0.026485,-0.024692,0.77087,0.515236,0.374553,-0.631063,0.53768,0.559158,0.086709,-0.667405,0.739628,-0.034257,0.016127,-0.009249,0.106874,-0.225202,0.303117,0.466233,0.073431,0.021432,-0.07063,0.710591,-0.23663,-0.66262,0.543587,0.782569,0.303476,0.446735,-0.575839,0.684716,-0.008143,0.016505,-0.012937,0.419338,-0.450635,0.24724,0.427476
66,0.141961,-0.056049,0.266973,-0.695531,0.264765,-0.667968,-0.579223,-0.756703,0.303107,-0.424341,0.59739,0.680505,-0.016245,0.023188,-0.015514,0.118432,-0.023926,-0.202241,0.520722,-0.173332,-0.054514,0.263225,-0.708652,-0.579788,0.402056,0.696957,-0.487222,0.526117,-0.108257,0.653772,0.748816,-0.067574,0.022136,-0.008954,-0.577533,-1.060189,-0.955519,0.450164,0.039928,0.026764,-0.024834,0.766501,0.532489,0.359067,-0.632567,0.529268,0.565449,0.111052,-0.660552,0.742521,-0.033909,0.011028,-0.004692,-2.140484,-3.084737,-3.874311,0.463784,0.073349,0.021731,-0.070846,0.706398,-0.23408,-0.667987,0.542725,0.784936,0.298872,0.454368,-0.573656,0.681518,0.00028,0.016809,-0.012092,0.424617,-0.450865,0.289279,0.432374
67,0.141703,-0.055151,0.266555,-0.694428,0.255952,-0.672536,-0.569542,-0.766716,0.296208,-0.438971,0.588411,0.679046,0.000684,0.014105,-0.003198,1.151137,-0.520268,-1.083534,0.521022,-0.17597,-0.053741,0.262944,-0.708396,-0.596711,0.376964,0.691847,-0.481866,0.537668,-0.138298,0.642428,0.753673,-0.066598,0.011317,-0.000638,-0.175096,0.05932,0.423279,0.462682,0.038609,0.027158,-0.024971,0.764211,0.551864,0.333807,-0.628841,0.522539,0.57577,0.14332,-0.649921,0.746365,-0.033305,0.005363,-0.000756,-0.363804,0.199668,0.442201,0.469499,0.073214,0.022185,-0.071058,0.704687,-0.226834,-0.67228,0.533809,0.793682,0.291745,0.467399,-0.564459,0.680384,-0.007864,0.007478,-0.001174,3.743078,-1.628951,-3.76953,0.443641
68,0.14147,-0.054766,0.266626,-0.700949,0.235579,-0.673216,-0.546843,-0.783475,0.29513,-0.457055,0.574717,0.678843,0.000751,0.004279,0.00718,0.009693,-0.018874,0.015538,0.519969,-0.178676,-0.053287,0.262948,-0.698888,-0.619515,0.357419,0.694651,-0.469379,0.545048,-0.169022,0.629982,0.757903,-0.066435,0.012507,0.000969,-0.011591,-0.15221,-0.01737,0.47592,0.037256,0.027385,-0.02497,0.755812,0.574032,0.315013,-0.63106,0.510252,0.584298,0.17467,-0.640413,0.747904,-0.041456,0.005812,0.000667,-0.136889,-0.308706,-0.344109,0.482889,0.073104,0.02238,-0.071027,0.710742,-0.204898,-0.672949,0.508852,0.810278,0.290718,0.485709,-0.549057,0.680163,0.000335,0.001929,0.003241,0.099467,-0.043614,-0.099767,0.450826
69,0.1413,-0.054673,0.266795,-0.701877,0.231641,-0.673614,-0.542576,-0.786567,0.294779,-0.460693,0.572094,0.6786,-0.015573,0.006381,0.009991,-0.000333,-0.000195,-0.004899,0.519488,-0.180016,-0.053084,0.263044,-0.698963,-0.622801,0.351513,0.692561,-0.46732,0.549459,-0.177056,0.628273,0.757488,-0.06551,0.002925,0.011548,-0.052125,0.091069,-0.06116,0.478454,0.036562,0.027489,-0.024925,0.755654,0.577436,0.309119,-0.628893,0.507827,0.588731,0.182975,-0.63928,0.746887,-0.032746,0.001547,0.005973,-0.026447,0.08929,-0.06706,0.487788,0.073013,0.02243,-0.070937,0.711366,-0.200985,-0.67347,0.504537,0.813136,0.290261,0.489285,-0.546273,0.679842,-0.007769,0.003307,0.005195,-0.002268,0.000667,-0.002769,0.454255
70,0.140846,-0.054518,0.267334,-0.700543,0.229868,-0.675608,-0.543387,-0.78551,0.296103,-0.461766,0.57426,0.676036,0.001133,-0.003742,0.020535,-0.034771,-0.016386,0.031181,0.519604,-0.182634,-0.052603,0.263385,-0.686505,-0.644545,0.336546,0.696658,-0.450839,0.557983,-0.207054,0.618321,0.758071,-0.065252,0.005099,0.014772,-0.219669,-0.186901,-0.437805,0.477133,0.035277,0.027728,-0.024759,0.744073,0.599571,0.294735,-0.633153,0.492021,0.59752,0.21324,-0.631212,0.74572,-0.032992,0.008296,0.003637,-0.570735,-0.839579,-1.317805,0.488278,0.072785,0.022509,-0.070676,0.709924,-0.199253,-0.675503,0.505447,0.812066,0.291667,0.490439,-0.548493,0.677217,-0.007658,0.003902,0.006165,0.006014,0.008915,0.00038,0.460624
71,0.140411,-0.054344,0.267945,-0.699195,0.2281,-0.677599,-0.544234,-0.784416,0.297443,-0.462809,0.576457,0.673448,-0.015192,0.008327,0.013118,-0.059535,-0.086836,-0.055561,0.519643,-0.184919,-0.052099,0.263839,-0.674482,-0.664786,0.321129,0.698439,-0.433904,0.569073,-0.238124,0.608949,0.756532,-0.065658,0.018557,0.010058,-0.139368,0.184042,0.064636,0.472141,0.03411,0.027982,-0.024527,0.7318,0.621363,0.279956,-0.63593,0.474861,0.608357,0.24507,-0.623229,0.742647,-0.032827,0.009327,0.005169,-0.177103,0.21723,0.061342,0.481583,0.072575,0.022595,-0.070362,0.708449,-0.197713,-0.677502,0.506499,0.810937,0.292981,0.491486,-0.550716,0.674649,-0.007664,-0.001229,0.010955,-0.102526,-0.191751,0.087824,0.466339
72,0.140153,-0.054191,0.268606,-0.698107,0.228676,-0.678527,-0.545397,-0.783814,0.296898,-0.463083,0.577045,0.672755,0.001429,0.007995,0.013221,0.001286,-0.029768,0.04934,0.519732,-0.186963,-0.051634,0.264472,-0.656405,-0.690245,0.304443,0.703027,-0.413581,0.578478,-0.272553,0.594611,0.756318,-0.048301,0.009085,0.019197,-0.736775,-1.958804,1.75081,0.468156,0.033124,0.028204,-0.02422,0.714232,0.646911,0.267165,-0.64233,0.454229,0.617321,0.277998,-0.612519,0.739956,-0.024145,0.004681,0.009889,-0.027583,-0.068193,-0.159796,0.473255,0.07244,0.022671,-0.070032,0.70744,-0.198331,-0.678374,0.507617,0.810439,0.292425,0.491785,-0.551228,0.674013,0.000549,-0.001921,0.010132,-0.034146,0.001403,0.008588,0.471727
73,0.140101,-0.05413,0.268884,-0.69735,0.229085,-0.679167,-0.54614,-0.78348,0.296414,-0.463349,0.577336,0.672323,0.001156,0.006471,0.01068,0.005131,-0.117486,0.194998,0.519549,-0.187857,-0.051421,0.264843,-0.642406,-0.705039,0.300377,0.708831,-0.397904,0.582379,-0.290268,0.587922,0.754954,-0.031777,0.010252,0.01958,-0.544593,-0.921315,-1.22844,0.465093,0.032672,0.02831,-0.024036,0.705345,0.659091,0.260931,-0.644758,0.443547,0.622537,0.294574,-0.607342,0.737808,-0.024106,0.004813,0.010028,-0.0519,0.082265,-0.012859,0.469173,0.072414,0.022706,-0.069887,0.70679,-0.198753,-0.678928,0.508314,0.810153,0.292005,0.492,-0.551495,0.673637,0.000477,-0.002329,0.009447,-0.035224,-2.6e-05,0.007826,0.47434
74,0.140151,-0.05402,0.269344,-0.695366,0.230163,-0.680835,-0.547969,-0.782749,0.294969,-0.464173,0.577898,0.671271,0.000863,0.004843,0.007964,0.00065,-0.01486,0.024685,0.519808,-0.189452,-0.050988,0.265628,-0.618829,-0.729561,0.291178,0.717865,-0.374982,0.586509,-0.317926,0.572887,0.755372,-0.047989,0.01066,0.021342,-0.14924,-0.261247,-0.43899,0.456554,0.031862,0.028536,-0.023636,0.679365,0.688698,0.253291,-0.657347,0.41777,0.627186,0.326124,-0.592588,0.736532,-0.01578,0.005948,0.011043,-0.490186,-0.971293,-1.283443,0.457416,0.07244,0.022762,-0.069653,0.704748,-0.200018,-0.680677,0.510287,0.809465,0.29047,0.492885,-0.552049,0.672536,0.008528,-0.003848,0.007279,-0.030344,-0.102728,0.182765,0.479402
75,0.140313,-0.05392,0.269612,-0.693565,0.231139,-0.68234,-0.549525,-0.782201,0.293522,-0.465025,0.578248,0.670378,0.017045,0.002288,0.004456,0.001636,-0.029571,0.05424,0.519463,-0.190812,-0.050506,0.266543,-0.598709,-0.749683,0.281982,0.724,-0.356178,0.590673,-0.341626,0.558734,0.755626,-0.031289,0.013334,0.024098,-0.004468,-0.007949,-0.019615,0.447501,0.031175,0.028774,-0.023183,0.659622,0.710435,0.245315,-0.664638,0.398961,0.631731,0.350933,-0.57975,0.735346,-0.015638,0.00682,0.012345,-0.007912,-0.035389,-0.024142,0.442883,0.072514,0.022813,-0.069519,0.703008,-0.201089,-0.68216,0.511867,0.80898,0.289038,0.493732,-0.552371,0.67165,0.000239,0.001371,0.002247,0.004242,-0.102406,0.170664,0.483158
76,0.140419,-0.053894,0.269679,-0.69277,0.231572,-0.683,-0.550197,-0.781977,0.292859,-0.465417,0.578378,0.669996,0.016754,0.000665,0.001789,0.000984,-0.014715,0.029553,0.519465,-0.191423,-0.050247,0.267011,-0.585361,-0.760759,0.280338,0.729427,-0.343417,0.591553,-0.353017,0.55171,0.755552,-0.031187,0.01386,0.024811,-0.014585,0.081567,-0.164035,0.443584,0.030858,0.028909,-0.022939,0.64688,0.722339,0.244481,-0.670817,0.386518,0.632935,0.362698,-0.573435,0.734589,-0.0156,0.006951,0.012484,-0.011665,0.08552,-0.166428,0.436188,0.072568,0.022828,-0.069482,0.702217,-0.201577,-0.68283,0.512567,0.808778,0.288362,0.494131,-0.552489,0.671259,0.000164,0.00095,0.001556,-0.000221,0.000102,0.000227,0.485281
77,0.140646,-0.053876,0.269717,-0.691287,0.232379,-0.684228,-0.551424,-0.781587,0.291591,-0.46617,0.57858,0.669297,3.2e-05,0.000182,0.000298,-0.0,-0.0,-0.0,0.519066,-0.192417,-0.049682,0.267979,-0.559412,-0.78318,0.271436,0.736772,-0.319996,0.59557,-0.378873,0.534136,0.755657,-0.014731,0.014703,0.024671,-0.010916,-0.042189,-0.013779,0.438912,0.030367,0.029187,-0.022462,0.621908,0.746348,0.23705,-0.679318,0.363596,0.637435,0.389558,-0.557459,0.733132,-0.015493,0.007544,0.013296,-0.047967,0.006817,-0.272723,0.426064,0.072687,0.022836,-0.069464,0.700753,-0.202479,-0.684065,0.513833,0.808431,0.287077,0.494893,-0.552666,0.670552,-3e-06,-8e-06,-1.6e-05,-0.000129,6.3e-05,0.000168,0.48871
78,0.140829,-0.053906,0.269695,-0.690005,0.233076,-0.685284,-0.552493,-0.781234,0.290511,-0.466803,0.578775,0.668686,-7.2e-05,-0.000409,-0.000671,-0.0,-0.0,-0.0,0.518397,-0.193095,-0.049043,0.269048,-0.533347,-0.804664,0.26086,0.742534,-0.297832,0.599896,-0.404347,0.514658,0.755973,-0.014488,0.01649,0.02724,-0.010338,-0.042083,-0.014069,0.436556,0.030028,0.029505,-0.021928,0.596635,0.769443,0.227999,-0.686182,0.3418,0.642126,0.416149,-0.539564,0.731908,-0.00721,0.008664,0.014324,-0.032433,-0.113071,-0.074758,0.419532,0.072779,0.02282,-0.069477,0.699503,-0.203247,-0.685116,0.514922,0.808121,0.285997,0.495529,-0.552837,0.66994,-5.4e-05,-0.000305,-0.000502,-9.6e-05,4.7e-05,9.3e-05,0.491159
79,0.140891,-0.053918,0.269697,-0.68929,0.233458,-0.685873,-0.55309,-0.781031,0.28992,-0.467152,0.578894,0.668339,-0.0,-0.0,-0.0,0.004515,-0.10252,0.170376,0.518635,-0.193558,-0.048365,0.270174,-0.514204,-0.817601,0.259064,0.74851,-0.28052,0.600812,-0.417901,0.503876,0.755864,-0.014321,0.017627,0.028733,-0.438252,-0.921815,-1.377838,0.432961,0.029796,0.029845,-0.021365,0.579669,0.782542,0.227179,-0.692558,0.326234,0.643377,0.429356,-0.530281,0.731063,-0.007267,0.008963,0.014274,-1.435334,-3.339892,-4.147983,0.414144,0.072809,0.022812,-0.069479,0.69891,-0.203609,-0.685614,0.515444,0.807966,0.285495,0.495824,-0.552932,0.669645,-1e-06,-6e-06,-1.3e-05,-6.3e-05,2.3e-05,5.9e-05,0.493772
80,0.140891,-0.053931,0.269717,-0.68898,0.233624,-0.686128,-0.553369,-0.780919,0.289691,-0.467281,0.578979,0.668176,1.2e-05,6.8e-05,0.000111,0.004516,-0.102511,0.170381,0.519032,-0.193727,-0.048023,0.270742,-0.503955,-0.823612,0.260163,0.752269,-0.270718,0.600615,-0.423604,0.499427,0.755643,0.0019,0.017736,0.027588,-0.438035,-0.936714,-1.348251,0.42888,0.029706,0.030017,-0.02108,0.5699,0.789188,0.2289,-0.696949,0.316671,0.643413,0.435288,-0.526213,0.730495,-0.00725,0.008982,0.014221,-1.453275,-3.235435,-4.31477,0.410551,0.072809,0.022806,-0.069469,0.698607,-0.203792,-0.685869,0.515729,0.807865,0.285267,0.495955,-0.553012,0.669481,7e-06,3.6e-05,5.6e-05,-4.7e-05,3.4e-05,3.7e-05,0.494751
81,0.140831,-0.053951,0.269761,-0.688338,0.233956,-0.686659,-0.553937,-0.78069,0.289221,-0.467552,0.579153,0.667835,0.000137,0.000777,0.001274,-0.0,-0.0,-0.0,0.519278,-0.193902,-0.047291,0.27193,-0.488168,-0.832351,0.262443,0.757928,-0.255411,0.600204,-0.431931,0.492955,0.755178,0.00207,0.019386,0.029829,-0.006712,0.059029,-0.095488,0.419058,0.029623,0.030373,-0.0205,0.553437,0.799863,0.232218,-0.704135,0.300412,0.643385,0.444859,-0.519587,0.729471,0.001032,0.009797,0.015102,-0.005947,0.059109,-0.094797,0.399284,0.072779,0.022793,-0.06945,0.697891,-0.20421,-0.686472,0.516383,0.807639,0.284719,0.49628,-0.553187,0.669096,-0.0,-6e-06,-1.3e-05,-3.4e-05,2e-06,4e-05,0.497038
82,0.140734,-0.053964,0.269815,-0.687733,0.234262,-0.687161,-0.554473,-0.780471,0.288784,-0.467808,0.579324,0.667508,0.000145,0.000821,0.001345,-0.0,-0.0,-0.0,0.518772,-0.193883,-0.046562,0.273106,-0.47069,-0.842041,0.263459,0.764437,-0.240283,0.598193,-0.439802,0.484016,0.756418,0.002121,0.020043,0.030508,-0.001609,0.052783,-0.100165,0.408615,0.029628,0.030745,-0.019899,0.536647,0.810666,0.234158,-0.711755,0.285834,0.64164,0.453226,-0.510998,0.730387,0.001057,0.010135,0.015445,-0.022008,0.058506,-0.101054,0.387038,0.07273,0.022787,-0.069423,0.697286,-0.204557,-0.686984,0.516943,0.80744,0.28427,0.496549,-0.55335,0.668761,8.1e-05,0.00047,0.000772,0.00064,-0.014836,0.024715,0.498834
83,0.140685,-0.053972,0.269838,-0.687384,0.234439,-0.687449,-0.554778,-0.780349,0.288527,-0.467959,0.579416,0.667322,3.9e-05,0.000224,0.000366,0.0,-0.0,0.0,0.518155,-0.193827,-0.046168,0.273741,-0.463677,-0.846014,0.263166,0.767399,-0.2352,0.596418,-0.442094,0.479558,0.757919,0.002221,0.021118,0.031957,0.049792,-0.091692,0.04154,0.402385,0.029656,0.030941,-0.019584,0.529949,0.814989,0.234404,-0.715163,0.280962,0.64,0.455735,-0.506805,0.731746,0.009161,0.010752,0.01571,0.029063,-0.018823,-0.078368,0.378546,0.072706,0.022785,-0.069408,0.696945,-0.204753,-0.687271,0.517254,0.807331,0.284013,0.496704,-0.553436,0.668575,2.2e-05,0.000132,0.000216,-5e-06,-3e-06,2.5e-05,0.499324
84,0.140617,-0.053973,0.269934,-0.68795,0.230789,-0.688118,-0.550866,-0.783335,0.28793,-0.471726,0.576852,0.666891,-0.016281,0.001992,0.002572,-0.000984,0.014715,-0.029553,0.517202,-0.19365,-0.045453,0.275091,-0.442887,-0.85764,0.261338,0.775588,-0.220425,0.591448,-0.449082,0.46571,0.762432,0.002258,0.021788,0.032583,0.118003,-0.070198,-0.184282,0.397846,0.029744,0.031299,-0.018907,0.51015,0.827727,0.233695,-0.724301,0.26692,0.63572,0.463825,-0.493579,0.735693,0.001426,0.005501,0.020662,0.127311,-0.206317,-0.026196,0.366626,0.072678,0.022783,-0.069362,0.697323,-0.201082,-0.687971,0.513204,0.810128,0.283394,0.50036,-0.550688,0.668118,9.8e-05,0.000569,0.000932,0.004416,-0.102393,0.170572,0.49965
85,0.140626,-0.053963,0.270068,-0.687075,0.23126,-0.688834,-0.551654,-0.783017,0.287289,-0.472081,0.577096,0.666429,0.000229,0.0013,0.002127,0.0,0.0,0.0,0.516818,-0.193478,-0.044903,0.276552,-0.423961,-0.867648,0.259684,0.781644,-0.205868,0.588715,-0.456799,0.453661,0.765108,0.002782,0.010269,0.039823,-0.013136,-0.051922,0.043227,0.396214,0.029831,0.031579,-0.018177,0.491233,0.839238,0.233171,-0.731784,0.252451,0.633055,0.47242,-0.481609,0.738153,0.001382,0.005243,0.020086,-0.061369,0.050966,-0.100289,0.360911,0.072677,0.022789,-0.069294,0.696487,-0.201589,-0.68867,0.513994,0.809846,0.282769,0.500713,-0.550918,0.667663,0.000138,0.0008,0.001308,-8.3e-05,3.1e-05,8.7e-05,0.500956
86,0.140661,-0.053959,0.270215,-0.686269,0.2317,-0.689489,-0.552399,-0.782699,0.28672,-0.472382,0.577349,0.665996,0.000244,0.001386,0.002265,0.004521,-0.102385,0.170457,0.517,-0.193306,-0.044595,0.278179,-0.411427,-0.874594,0.256524,0.787486,-0.199562,0.583074,-0.458239,0.442998,0.770476,0.003392,-0.000433,0.048273,0.153968,-0.250654,-0.118286,0.395096,0.029918,0.031737,-0.01735,0.479723,0.846507,0.230848,-0.737839,0.246817,0.62823,0.474824,-0.471705,0.74299,0.001674,-0.000185,0.024188,0.192232,-0.268321,-0.122248,0.357482,0.072694,0.022791,-0.069221,0.695805,-0.202012,-0.689235,0.51467,0.809584,0.28229,0.500968,-0.551148,0.667283,0.000145,0.000841,0.001376,-4.4e-05,2.8e-05,6.8e-05,0.5021
87,0.140665,-0.053969,0.270277,-0.686027,0.231835,-0.689685,-0.552648,-0.782575,0.286581,-0.472443,0.577463,0.665854,0.000144,0.000818,0.001337,0.0,0.0,0.0,0.517088,-0.193222,-0.044503,0.279043,-0.402611,-0.8792,0.254763,0.790797,-0.194068,0.58044,-0.460371,0.43626,0.773045,0.003388,-0.000333,0.048232,0.122718,-0.218204,-0.095813,0.394971,0.029958,0.031783,-0.016936,0.471048,0.851699,0.229608,-0.74173,0.241549,0.62569,0.477439,-0.465038,0.745513,0.001685,-5e-06,0.024361,0.174471,-0.178037,-0.267718,0.356502,0.072696,0.022787,-0.069188,0.695465,-0.202222,-0.689516,0.515013,0.809446,0.282061,0.501088,-0.551273,0.667089,7.9e-05,0.000462,0.000754,0.00449,-0.10234,0.170513,0.502753
88,0.140679,-0.054002,0.270343,-0.685487,0.232131,-0.690122,-0.553164,-0.782342,0.286221,-0.472623,0.577659,0.665555,7e-06,4e-05,6.6e-05,0.0,0.0,0.0,0.516976,-0.193095,-0.044499,0.280887,-0.388125,-0.886877,0.250599,0.797333,-0.186932,0.573803,-0.461556,0.423631,0.779337,0.003327,-0.000689,0.047353,0.106125,-0.20101,-0.08342,0.39493,0.030022,0.031786,-0.016012,0.456601,0.860436,0.226196,-0.749294,0.234844,0.619196,0.479658,-0.452213,0.75195,0.001643,-0.000273,0.023785,0.127169,-0.245345,-0.082241,0.355359,0.072704,0.022771,-0.069154,0.694939,-0.202548,-0.689952,0.515541,0.809234,0.281701,0.501275,-0.551463,0.666791,-6e-06,-2.3e-05,-3.8e-05,-2.3e-05,2.1e-05,2.6e-05,0.504222
89,0.140679,-0.054039,0.270381,-0.686255,0.228393,-0.690605,-0.549069,-0.785375,0.285799,-0.476262,0.575034,0.665235,0.0,2e-06,3e-06,0.0,-0.0,-0.0,0.516979,-0.192999,-0.044707,0.282796,-0.375354,-0.894157,0.244097,0.804862,-0.183985,0.564163,-0.459065,0.409348,0.788389,0.003783,-0.013019,0.053497,0.12635,-0.247455,-0.139487,0.394167,0.03007,0.031688,-0.015058,0.444008,0.868488,0.220416,-0.757557,0.232491,0.609963,0.478501,-0.437807,0.761157,0.001557,-0.000998,0.022584,0.192605,-0.300092,-0.153315,0.354053,0.072703,0.022752,-0.069136,0.695531,-0.198768,-0.690454,0.511293,0.812074,0.281273,0.504791,-0.548659,0.666452,-2e-06,-2e-05,-3.1e-05,-0.000107,6.3e-05,0.000132,0.505039
90,0.140678,-0.054052,0.27038,-0.685856,0.228606,-0.690932,-0.549405,-0.785258,0.285477,-0.47645,0.575109,0.665035,-1.7e-05,-9.4e-05,-0.000154,0.0,0.0,0.0,0.517276,-0.192954,-0.044861,0.283784,-0.368133,-0.898224,0.240131,0.809091,-0.182392,0.558605,-0.457488,0.401057,0.79355,0.003108,-0.002602,0.044148,0.216854,-0.315251,-0.158986,0.394335,0.030091,0.031613,-0.014579,0.4372,0.872741,0.217207,-0.761939,0.23112,0.605005,0.477811,-0.430007,0.766021,0.001499,-0.001546,0.021731,0.383849,-0.456818,-0.240191,0.353563,0.072703,0.022745,-0.069137,0.695246,-0.198942,-0.690691,0.511549,0.811993,0.281041,0.504926,-0.548716,0.666303,-1.5e-05,-8.1e-05,-0.000131,-0.000103,5.1e-05,9.6e-05,0.505365
91,0.140703,-0.054062,0.270385,-0.685298,0.228905,-0.691386,-0.549868,-0.7851,0.285018,-0.476717,0.575206,0.66476,-0.00016,-0.000912,-0.001489,-0.000656,0.014825,-0.024706,0.517463,-0.192891,-0.045318,0.285559,-0.354649,-0.904593,0.23649,0.817503,-0.177404,0.54786,-0.453186,0.388766,0.802089,0.00278,-0.005836,0.039373,0.190111,-0.274664,-0.16501,0.394417,0.030126,0.031381,-0.013653,0.423352,0.880322,0.214019,-0.77155,0.226518,0.594473,0.474849,-0.416798,0.77511,0.001349,-0.003038,0.019517,0.175005,-0.27115,-0.164762,0.352746,0.072716,0.022742,-0.069132,0.694598,-0.199335,-0.69123,0.51211,0.811829,0.280492,0.505249,-0.548816,0.665976,-8.1e-05,-0.00046,-0.000755,-0.000714,0.014851,-0.024635,0.506508
92,0.140727,-0.054076,0.270382,-0.684649,0.229252,-0.691913,-0.550405,-0.784918,0.284483,-0.477031,0.575315,0.664441,-1e-05,-5.8e-05,-9.5e-05,0.0,0.0,0.0,0.516988,-0.192779,-0.045797,0.287167,-0.342022,-0.911298,0.229237,0.824543,-0.174188,0.538258,-0.45015,0.374257,0.810654,0.002562,-0.007972,0.036227,0.301409,-0.389645,-0.239979,0.394871,0.030181,0.031143,-0.012863,0.411498,0.887395,0.207843,-0.778746,0.223856,0.586038,0.473521,-0.403011,0.783172,0.001244,-0.004073,0.017989,0.47481,-0.507466,-0.28718,0.352746,0.072727,0.022733,-0.069137,0.693964,-0.199717,-0.691755,0.512657,0.811669,0.279956,0.505564,-0.548913,0.665656,-6e-06,-3.8e-05,-6.3e-05,-2.8e-05,2.7e-05,5e-05,0.507161
93,0.140777,-0.054075,0.270386,-0.685269,0.225588,-0.692504,-0.546336,-0.787979,0.283862,-0.480796,0.572577,0.664091,0.000137,0.000778,0.00127,0.0,-0.0,-0.0,0.516729,-0.192718,-0.046164,0.288554,-0.330803,-0.916828,0.223579,0.830723,-0.170657,0.529821,-0.44718,0.362151,0.817765,-0.013422,-0.009126,0.03563,0.275008,-0.349529,-0.251328,0.394658,0.030217,0.030959,-0.012171,0.400232,0.893688,0.202817,-0.785666,0.220694,0.577946,0.471743,-0.390659,0.79047,0.001181,-0.004728,0.017019,0.437145,-0.474384,-0.264721,0.352093,0.072752,0.022731,-0.069138,0.694413,-0.196018,-0.692363,0.508432,0.814537,0.279329,0.509203,-0.545989,0.665287,8e-05,0.000461,0.000751,0.005059,-0.11707,0.195378,0.507651
94,0.140789,-0.054084,0.270391,-0.684943,0.225765,-0.692768,-0.546612,-0.787882,0.2836,-0.480946,0.572641,0.663928,2e-06,1e-05,1.6e-05,0.0,-0.0,-0.0,0.517198,-0.19271,-0.046265,0.289194,-0.325178,-0.919533,0.220702,0.833889,-0.168915,0.525386,-0.445419,0.356041,0.821401,0.002439,-0.009125,0.03444,0.301353,-0.390049,-0.238146,0.394834,0.030214,0.030907,-0.011862,0.39511,0.896462,0.200605,-0.788777,0.219137,0.574289,0.470868,-0.38514,0.793693,-0.006759,-0.004831,0.017419,-0.080198,-0.028204,-0.064576,0.352093,0.072758,0.022729,-0.069132,0.694199,-0.196152,-0.69254,0.508628,0.814473,0.279158,0.509298,-0.546037,0.665175,-0.0,4e-06,6e-06,-0.00012,5.8e-05,0.000123,0.508141
95,0.140776,-0.054092,0.270398,-0.684653,0.22592,-0.693005,-0.546859,-0.787793,0.28337,-0.48108,0.572702,0.663779,0.0,0.0,0.0,0.0,0.0,0.0,0.517261,-0.192735,-0.046322,0.290213,-0.317772,-0.923082,0.21664,0.837981,-0.166662,0.519563,-0.443092,0.347803,0.826175,0.001669,0.000192,0.023673,0.060471,-0.11423,-0.031399,0.394615,0.030203,0.030876,-0.011337,0.386067,0.901337,0.196324,-0.794435,0.216696,0.567374,0.468853,-0.375012,0.799714,0.000788,-0.000212,0.011417,0.0403,-0.098214,-0.064977,0.351603,0.072752,0.022725,-0.069128,0.69381,-0.196389,-0.692862,0.508971,0.814369,0.278837,0.509485,-0.546107,0.664974,-0.008219,0.00054,0.000538,-0.001072,0.014753,-0.02948,0.508958
