frame,MLTx,MLTy,MLTz,MLTR1,MLTR2,MLTR3,MLTR4,MLTR5,MLTR6,MLTR7,MLTR8,MLTR9,MLTTVx,MLTTVy,MLTTVz,MLTRVx,MLTRVy,MLTRVz,MLGA,MRTx,MRTy,MRTz,MRTR1,MRTR2,MRTR3,MRTR4,MRTR5,MRTR6,MRTR7,MRTR8,MRTR9,MRTTVx,MRTTVy,MRTTVz,MRTRVx,MRTRVy,MRTRVz,MRGA,SLTx,SLTy,SLTz,SLTR1,SLTR2,SLTR3,SLTR4,SLTR5,SLTR6,SLTR7,SLTR8,SLTR9,SLTTVx,SLTTVy,SLTTVz,SLTRVx,SLTRVy,SLTRVz,SLGA,SRTx,SRTy,SRTz,SRTR1,SRTR2,SRTR3,SRTR4,SRTR5,SRTR6,SRTR7,SRTR8,SRTR9,SRTTVx,SRTTVy,SRTTVz,SRTRVx,SRTRVy,SRTRVz,SRGA
240,0.099339,0.037699,0.36953,-0.193955,0.459573,-0.866729,-0.42989,-0.833921,-0.346037,-0.881578,0.304906,0.360387,0.0,1e-06,0.0,0.0,0.0,0.0,0.500819,-0.097307,0.040412,0.341519,0.049931,0.93803,0.342925,-0.986546,0.099862,-0.129181,-0.155461,-0.33304,0.929935,0.026971,-0.00772,0.02361,-2.009211,-1.948161,0.492419,-1.357903,0.040964,0.038303,-0.014039,0.069135,-0.971261,0.227754,0.957483,0.000506,-0.288488,0.280082,0.238015,0.930001,0.006152,0.000418,0.007625,-0.045088,-0.00486,0.042535,-0.823109,0.087138,0.040919,-0.058271,-0.240755,0.478668,-0.844341,-0.373853,-0.848541,-0.374448,-0.895695,0.22551,0.383242,-8e-06,-2.1e-05,-1.2e-05,-1e-05,-2.8e-05,-2.4e-05,0.489689
241,0.099326,0.037686,0.369522,-0.194374,0.459278,-0.866792,-0.429811,-0.834124,-0.345647,-0.881525,0.304795,0.360612,-0.000218,-0.000784,-0.000488,0.0,0.0,0.0,0.501735,-0.096682,0.040304,0.342202,0.046719,0.941432,0.333938,-0.986013,0.097033,-0.135263,-0.15978,-0.324132,0.932348,0.014664,-0.011329,0.022408,0.132422,-0.266787,-0.165551,-1.361732,0.041281,0.038253,-0.013695,0.069685,-0.973689,0.216963,0.956585,0.003524,-0.29143,0.282998,0.227852,0.931662,0.006304,-0.000216,0.00715,0.258067,-0.382044,-0.210603,-0.823599,0.087131,0.040914,-0.058274,-0.241151,0.478347,-0.844411,-0.373754,-0.848752,-0.374067,-0.89563,0.225395,0.383461,-0.000144,-0.000525,-0.000328,-1.1e-05,2e-06,-2.2e-05,0.490179
242,0.099345,0.037691,0.369514,-0.194803,0.458974,-0.866856,-0.429705,-0.834341,-0.345255,-0.881481,0.30466,0.360834,-0.0,-0.0,-0.0,0.0,0.0,0.0,0.502235,-0.096157,0.040408,0.342745,0.045094,0.943972,0.326916,-0.985514,0.095625,-0.139824,-0.163286,-0.317062,0.934169,0.012209,0.001207,0.01552,0.29887,-0.430792,-0.258146,-1.368054,0.041545,0.038298,-0.013423,0.069919,-0.974961,0.211096,0.955678,0.004799,-0.294373,0.285989,0.222323,0.932084,0.005021,0.006272,0.003872,-0.014568,-0.007243,0.065609,-0.821476,0.08714,0.040914,-0.05828,-0.241559,0.478015,-0.844482,-0.373626,-0.848977,-0.373685,-0.895573,0.225254,0.383677,1e-06,6e-06,4e-06,-1.6e-05,6e-06,-1.7e-05,0.490669
243,0.099347,0.037698,0.369518,-0.195392,0.458562,-0.866942,-0.429592,-0.834625,-0.344707,-0.881404,0.304503,0.361152,3e-06,9e-06,6e-06,0.0,0.0,0.0,0.502168,-0.095816,0.040706,0.343146,0.041711,0.946882,0.318853,-0.986841,0.088976,-0.134772,-0.156014,-0.310226,0.937701,0.010212,0.011833,0.007215,0.109421,-0.159379,-0.038673,-1.368881,0.041719,0.038449,-0.013216,0.07274,-0.977022,0.200339,0.956885,0.01173,-0.290227,0.281209,0.212812,0.935752,0.005102,0.005903,0.00359,0.131387,-0.173303,-0.047713,-0.822619,0.087142,0.040918,-0.058277,-0.242118,0.477564,-0.844577,-0.373484,-0.849274,-0.373151,-0.895481,0.22509,0.383987,-2e-06,0.0,1e-06,-2.5e-05,2.7e-05,-6e-06,0.490669
244,0.099348,0.037706,0.369512,-0.195617,0.458397,-0.866978,-0.429526,-0.834744,-0.344501,-0.881387,0.304423,0.361262,0.0,0.0,0.0,0.0,0.0,0.0,0.50226,-0.095683,0.040881,0.343266,0.038244,0.948353,0.31489,-0.987932,0.083246,-0.130361,-0.149867,-0.307297,0.939665,0.010591,0.010285,0.006073,0.004467,-0.033905,0.052411,-1.369406,0.041781,0.038534,-0.013156,0.07581,-0.977766,0.195513,0.958223,0.017206,-0.285503,0.275791,0.208989,0.938222,0.005358,0.004874,0.002833,-0.001407,-0.015908,0.061362,-0.820496,0.087142,0.040922,-0.058281,-0.242331,0.477385,-0.844617,-0.373406,-0.849396,-0.372952,-0.895457,0.225007,0.384093,-1e-06,-4e-06,-4e-06,-1.2e-05,2e-06,4e-06,0.490669
245,0.099337,0.037701,0.369508,-0.19387,0.459773,-0.866642,-0.428664,-0.834253,-0.346758,-0.882194,0.303695,0.359902,-4e-06,-1.5e-05,-1e-05,0.0,-0.0,0.0,0.502012,-0.095556,0.041207,0.343445,0.040264,0.950895,0.30687,-0.988571,0.082594,-0.125853,-0.145047,-0.299491,0.942936,-0.001488,0.00589,0.004302,0.001616,-0.025023,0.021602,-1.370774,0.04185,0.038697,-0.013067,0.072683,-0.979557,0.187575,0.959502,0.017356,-0.281163,0.272159,0.200414,0.941149,-0.000764,0.003013,0.002197,-0.059579,-0.050968,0.040592,-0.816088,0.087136,0.040919,-0.058282,-0.240681,0.478872,-0.844247,-0.372617,-0.848752,-0.3752,-0.89623,0.224277,0.382714,0.0,-3e-06,-3e-06,-0.000182,0.000128,-0.000261,0.490832
246,0.099347,0.037707,0.369501,-0.193954,0.459709,-0.866657,-0.428624,-0.834304,-0.346685,-0.882195,0.303652,0.359937,-0.0,-0.0,-0.0,0.0,0.0,0.0,0.502455,-0.095643,0.041357,0.34356,0.034127,0.952389,0.302954,-0.989148,0.075562,-0.125738,-0.142664,-0.296573,0.944222,-0.013178,4.9e-05,0.001483,0.008787,0.002013,-0.038705,-1.371601,0.041809,0.038779,-0.013006,0.078165,-0.980072,0.182614,0.959594,0.024298,-0.280335,0.270312,0.197148,0.94237,-0.000395,0.001556,0.001135,-0.006477,0.010589,0.001226,-0.814128,0.087141,0.040922,-0.058286,-0.240763,0.4788,-0.844264,-0.372573,-0.848804,-0.375126,-0.896226,0.224234,0.382749,1e-06,3e-06,1e-06,5e-06,-2.1e-05,-4e-06,0.492465
247,0.099356,0.037705,0.3695,-0.194177,0.459554,-0.866689,-0.428582,-0.834411,-0.346479,-0.882166,0.303592,0.360058,-0.0,-0.0,-0.0,0.0,0.0,0.0,0.502775,-0.09574,0.041387,0.343592,0.03334,0.95362,0.299146,-0.989265,0.074129,-0.125672,-0.142038,-0.292944,0.945448,-0.012872,-0.001153,0.000605,0.261379,-0.218854,-0.44061,-1.371745,0.041761,0.038795,-0.012989,0.07753,-0.980474,0.180718,0.960153,0.024612,-0.278385,0.268501,0.1951,0.943314,-0.000207,0.00081,0.00059,0.326655,-0.394006,-0.283807,-0.815271,0.087146,0.040921,-0.058287,-0.240975,0.478631,-0.8443,-0.37252,-0.848916,-0.374925,-0.896191,0.224171,0.382867,-0.0,2e-06,1e-06,0.0,-1.1e-05,3e-06,0.492139
248,0.099365,0.037703,0.369498,-0.194764,0.459144,-0.866775,-0.42847,-0.834694,-0.345935,-0.88209,0.303435,0.360376,4.1e-05,0.000149,9.3e-05,0.0,0.0,0.0,0.502476,-0.095983,0.041421,0.343583,0.030124,0.956173,0.291234,-0.988989,0.070785,-0.129707,-0.144653,-0.285322,0.947381,-5.6e-05,0.000223,0.000162,0.099197,-0.121046,-0.086799,-1.372607,0.041639,0.038811,-0.012995,0.080346,-0.982132,0.170175,0.958524,0.029293,-0.2835,0.27345,0.185895,0.943751,-1.2e-05,4.4e-05,3.5e-05,0.138871,-0.167093,-0.121243,-0.815434,0.08715,0.04092,-0.058288,-0.241532,0.478183,-0.844395,-0.372379,-0.849212,-0.374395,-0.8961,0.224007,0.383177,3.2e-05,0.000115,7.1e-05,-1e-05,4e-06,5e-06,0.492302
249,0.099356,0.037705,0.3695,-0.19539,0.458703,-0.866868,-0.42835,-0.834997,-0.345351,-0.88201,0.303269,0.360713,0.0,0.0,0.0,0.0,0.0,0.0,0.502956,-0.096193,0.041439,0.343571,0.022644,0.958178,0.285261,-0.989276,0.062696,-0.131663,-0.144047,-0.280426,0.948933,-2.3e-05,9.3e-05,6.8e-05,0.042652,-0.052068,-0.037342,-1.373414,0.04153,0.038817,-0.013002,0.087098,-0.982828,0.162668,0.957882,0.037773,-0.284664,0.273631,0.18061,0.944724,-0.006233,-0.001375,-0.000278,0.019595,-0.007694,-0.056079,-0.815108,0.087146,0.040921,-0.058287,-0.242125,0.477701,-0.844497,-0.372228,-0.849529,-0.373826,-0.896003,0.223833,0.383506,-1e-06,-2e-06,-1e-06,-1.6e-05,1e-05,1.3e-05,0.492302
250,0.099349,0.037714,0.369505,-0.193485,0.460189,-0.866507,-0.427516,-0.834428,-0.347752,-0.882835,0.302583,0.359265,0.000404,0.001455,0.000904,0.000439,-0.014423,0.024947,0.502455,-0.096304,0.041368,0.343558,0.020613,0.959963,0.27935,-0.989187,0.060204,-0.133486,-0.144963,-0.274786,0.950443,0.000278,-0.001109,-0.000808,0.006006,-0.007339,-0.005262,-1.374167,0.041475,0.038782,-0.013008,0.088321,-0.983729,0.156448,0.957364,0.040464,-0.286035,0.27505,0.17504,0.945361,0.001241,-0.006325,0.003406,-0.051801,0.02864,-0.012389,-0.814291,0.087141,0.040922,-0.058286,-0.240343,0.479293,-0.844104,-0.371471,-0.848813,-0.376198,-0.896796,0.223143,0.38205,0.0,-1e-06,-2e-06,-0.003155,0.099658,-0.172349,0.492302
251,0.09933,0.037718,0.369508,-0.193524,0.460159,-0.866515,-0.427509,-0.834448,-0.347713,-0.882831,0.302574,0.359285,5e-06,1.8e-05,1.1e-05,0.0,0.0,0.0,0.502851,-0.096308,0.041345,0.343542,0.012588,0.961305,0.275182,-0.989092,0.052407,-0.137416,-0.146514,-0.27166,0.951103,0.000325,-0.0013,-0.000947,0.293773,-0.359073,-0.257449,-1.37348,0.041472,0.038771,-0.013016,0.094833,-0.983618,0.153298,0.956709,0.047487,-0.287142,0.275158,0.173892,0.94554,0.000224,-0.000898,-0.000653,-0.005028,0.021337,-0.027923,-0.814944,0.087133,0.040928,-0.058283,-0.240364,0.479273,-0.84411,-0.371466,-0.848826,-0.376174,-0.896792,0.22314,0.382061,2e-06,3e-06,2e-06,-2e-05,1.9e-05,0.0,0.492139
252,0.099273,0.037722,0.36951,-0.19402,0.4598,-0.866594,-0.427415,-0.834692,-0.347242,-0.882767,0.302446,0.35955,-0.0,-1e-06,-0.0,-0.003024,0.09954,-0.172168,0.502796,-0.096281,0.041314,0.343517,0.004456,0.96255,0.271051,-0.988925,0.044502,-0.141351,-0.148103,-0.268631,0.951717,6.5e-05,-0.000258,-0.000188,0.068678,-0.083983,-0.060211,-1.373383,0.041482,0.03875,-0.013031,0.103026,-0.983954,0.145668,0.954825,0.056793,-0.29169,0.278737,0.169139,0.945355,3.6e-05,-0.000149,-0.000108,0.083896,-0.101988,-0.077087,-0.811515,0.087104,0.040929,-0.058281,-0.240719,0.478975,-0.844177,-0.371377,-0.84902,-0.375824,-0.896734,0.22304,0.382256,1e-06,2e-06,3e-06,-1.2e-05,1e-05,1e-06,0.492139
253,0.099199,0.037728,0.369527,-0.194554,0.459417,-0.866677,-0.427337,-0.834946,-0.346728,-0.882686,0.302329,0.359846,-0.0,-0.0,-0.0,0.0,0.0,0.0,0.502766,-0.09617,0.041346,0.343527,-0.008041,0.963115,0.268953,-0.989134,0.031874,-0.143288,-0.146543,-0.268395,0.952025,-8.7e-05,0.000346,0.000252,0.009189,-0.011243,-0.008095,-1.371054,0.041542,0.038767,-0.013026,0.115138,-0.983202,0.14162,0.953865,0.069636,-0.292045,0.277277,0.168712,0.945861,-6.3e-05,0.000244,0.000175,-0.008939,0.015175,0.003726,-0.806617,0.087067,0.040933,-0.058273,-0.241341,0.478465,-0.844289,-0.371243,-0.849349,-0.375212,-0.896622,0.222882,0.382609,-0.0,1e-06,2e-06,-8e-06,-2e-06,1.2e-05,0.492302
254,0.099178,0.037724,0.369524,-0.194732,0.459289,-0.866705,-0.427303,-0.835033,-0.34656,-0.882663,0.302283,0.359941,-3e-05,-0.000108,-6.7e-05,0.0,0.0,0.0,0.502652,-0.096123,0.041356,0.343529,-0.014035,0.963009,0.269089,-0.989306,0.025752,-0.143333,-0.14492,-0.269435,0.95198,-1e-06,4e-06,3e-06,-0.011932,0.006276,-0.042715,-1.370648,0.041561,0.038772,-0.013025,0.120902,-0.982582,0.141116,0.953679,0.075526,-0.291188,0.275459,0.169785,0.9462,-3e-06,4e-06,2e-06,-0.159818,0.178808,-0.64292,-0.804821,0.087057,0.040931,-0.058274,-0.241509,0.478326,-0.84432,-0.3712,-0.84944,-0.375048,-0.896595,0.222834,0.382702,-1.7e-05,-6.3e-05,-3.7e-05,-1.2e-05,-4e-06,-1e-06,0.492302
255,0.099156,0.037713,0.369518,-0.193021,0.460637,-0.866373,-0.42643,-0.834556,-0.348777,-0.883463,0.301548,0.358593,-0.000131,-0.00047,-0.000292,0.0,-0.0,0.0,0.503027,-0.095961,0.041288,0.343535,-0.023818,0.964491,0.263024,-0.98865,0.016371,-0.149118,-0.148077,-0.264804,0.952793,0.000425,-0.001691,-0.001233,0.19546,-0.23962,-0.171697,-1.371317,0.041646,0.038742,-0.013019,0.129438,-0.982479,0.134092,0.951655,0.085095,-0.295144,0.278562,0.165811,0.945996,0.006484,0.000382,-0.000448,0.290855,-0.357428,-0.231372,-0.808576,0.087046,0.040926,-0.058277,-0.239889,0.479786,-0.843953,-0.370396,-0.848809,-0.377264,-0.897362,0.222095,0.38133,-8.2e-05,-0.0003,-0.000186,-0.000615,0.000442,-0.000893,0.492465
256,0.099165,0.037711,0.369517,-0.193002,0.460652,-0.866369,-0.426434,-0.834546,-0.348796,-0.883465,0.301552,0.358583,-0.0,-0.0,-0.0,0.0,0.0,0.0,0.50272,-0.09566,0.041348,0.343532,-0.031889,0.966069,0.256291,-0.987879,0.00857,-0.154773,-0.151655,-0.259335,0.953734,0.012474,0.002744,0.000553,0.061511,-0.087931,-0.022886,-1.371716,0.041797,0.038768,-0.013024,0.136813,-0.982668,0.125078,0.949194,0.093924,-0.300344,0.28339,0.159815,0.945594,0.006228,0.001409,0.000299,0.028792,-0.044562,-0.003717,-0.814291,0.08705,0.040924,-0.058278,-0.239877,0.479797,-0.843951,-0.370404,-0.848801,-0.377274,-0.897362,0.222103,0.381326,1e-06,8e-06,5e-06,-2.2e-05,7e-06,-2.5e-05,0.492302
257,0.099165,0.037711,0.369517,-0.193485,0.460311,-0.866442,-0.426342,-0.834781,-0.348346,-0.883403,0.301423,0.358845,-0.0,-0.0,-0.0,0.0,0.0,0.0,0.502868,-0.095281,0.04141,0.343533,-0.04498,0.967802,0.247642,-0.987358,-0.005287,-0.158209,-0.151726,-0.252845,0.955464,0.000446,-0.001761,-0.001285,0.019595,-0.011294,-0.0434,-1.37168,0.041981,0.038803,-0.01302,0.148522,-0.982265,0.114438,0.947208,0.108053,-0.301861,0.284142,0.153229,0.946458,0.006301,0.001119,8.6e-05,0.000374,-0.006821,0.022812,-0.817884,0.087051,0.040924,-0.058278,-0.240337,0.479424,-0.844031,-0.370288,-0.849047,-0.376834,-0.897287,0.221968,0.381582,-2e-06,4e-06,3e-06,-4e-06,-1.6e-05,9e-06,0.492302
258,0.099165,0.037711,0.369517,-0.193728,0.460141,-0.866478,-0.426296,-0.834899,-0.34812,-0.883372,0.301358,0.358976,-0.0,-0.0,-0.0,0.0,0.0,0.0,0.502803,-0.09506,0.041437,0.343527,-0.044501,0.967862,0.247496,-0.987374,-0.004844,-0.158126,-0.151766,-0.252625,0.955516,0.012739,0.001707,-0.000207,0.002365,-0.015596,0.028965,-1.371728,0.042087,0.038813,-0.013024,0.148045,-0.9823,0.114747,0.947352,0.107548,-0.301588,0.283909,0.153355,0.946507,0.006438,0.000591,-0.0003,-0.005225,-0.005574,0.035041,-0.817884,0.087051,0.040924,-0.058278,-0.240566,0.479238,-0.844072,-0.37023,-0.84917,-0.376615,-0.897249,0.2219,0.38171,-2e-06,2e-06,2e-06,-8e-06,-1.1e-05,1e-05,0.492139
259,0.099165,0.037711,0.369517,-0.191944,0.461543,-0.86613,-0.425433,-0.834382,-0.350406,-0.884179,0.300643,0.357587,-0.0,-0.0,-0.0,0.0,-0.0,0.0,0.502944,-0.094681,0.041377,0.343479,-0.05125,0.968066,0.245383,-0.987025,-0.011593,-0.159942,-0.151902,-0.251614,0.955761,0.015642,-0.012429,0.005504,-0.03385,0.00204,-0.018285,-1.370703,0.042286,0.038788,-0.013046,0.154304,-0.981703,0.111575,0.946262,0.114352,-0.302508,0.284214,0.152257,0.946593,0.007837,-0.006277,0.002698,-0.046041,0.018145,-0.010002,-0.818863,0.08705,0.040924,-0.058278,-0.238876,0.480758,-0.843688,-0.36944,-0.848498,-0.378898,-0.898026,0.221182,0.380297,-2e-06,1e-06,1e-06,-0.000667,0.000472,-0.000969,0.492302
260,0.099163,0.037704,0.369512,-0.192082,0.461445,-0.866151,-0.425407,-0.83445,-0.350277,-0.884161,0.300606,0.357662,-0.000405,-0.001455,-0.000904,-0.000438,0.014423,-0.024948,0.502234,-0.094292,0.041162,0.343356,-0.06124,0.969632,0.236759,-0.985622,-0.02125,-0.167426,-0.15721,-0.244828,0.956665,0.002008,-0.007822,-0.00573,0.259053,-0.302866,-0.252433,-1.372307,0.042478,0.038686,-0.013104,0.162341,-0.981383,0.102622,0.943428,0.123902,-0.307556,0.289115,0.146745,0.945979,0.007256,-0.002553,-0.002612,0.413548,-0.509847,-0.32241,-0.818863,0.08705,0.040924,-0.058278,-0.238997,0.480658,-0.84371,-0.369415,-0.848562,-0.378779,-0.898004,0.221152,0.380367,-0.0,-0.0,1e-06,-2.1e-05,1.3e-05,-2.6e-05,0.492465
261,0.099172,0.037702,0.369511,-0.192184,0.461375,-0.866166,-0.425388,-0.834499,-0.350184,-0.884148,0.300578,0.357718,-6e-06,-2.1e-05,-1.3e-05,0.0,0.0,0.0,0.502967,-0.094106,0.041011,0.343241,-0.06345,0.970525,0.232478,-0.984926,-0.02326,-0.171215,-0.160658,-0.241058,0.957049,0.002319,-0.009016,-0.006616,0.119055,-0.132398,-0.130209,-1.373645,0.042572,0.03861,-0.013162,0.164282,-0.981666,0.096656,0.941612,0.126871,-0.311881,0.2939,0.142248,0.945191,0.007442,-0.003257,-0.003131,0.130976,-0.158927,-0.113995,-0.81919,0.087054,0.04092,-0.058281,-0.239111,0.480568,-0.843729,-0.369387,-0.848622,-0.378671,-0.897986,0.221118,0.38043,0.0,-6e-06,-4e-06,-4e-06,4e-06,2e-06,0.492302
262,0.099177,0.037686,0.369501,-0.192562,0.46111,-0.866223,-0.425316,-0.834682,-0.349833,-0.8841,0.300476,0.357923,-3.1e-05,-0.00011,-6.9e-05,0.0,0.0,0.0,0.503044,-0.093825,0.040657,0.342947,-0.072321,0.971441,0.225973,-0.983672,-0.031958,-0.176921,-0.164532,-0.236301,0.957577,0.002942,-0.011406,-0.008404,0.048778,-0.046791,-0.06884,-1.374672,0.042712,0.038433,-0.013309,0.172203,-0.981063,0.088654,0.938822,0.136204,-0.316324,0.298258,0.137703,0.944499,0.001577,-0.006096,-0.004496,0.02533,-0.016045,-0.058425,-0.81968,0.087056,0.040911,-0.058286,-0.23947,0.480278,-0.843792,-0.369296,-0.848814,-0.378329,-0.897927,0.221011,0.380631,-1.5e-05,-5.5e-05,-3.3e-05,-7e-06,4e-06,4e-06,0.492465
263,0.099182,0.03767,0.36949,-0.190916,0.462417,-0.865891,-0.424424,-0.834229,-0.35199,-0.884887,0.299725,0.356605,-6.8e-05,-0.000245,-0.000152,0.0,-0.0,0.0,0.503006,-0.093674,0.040164,0.342508,-0.075347,0.972125,0.222009,-0.982843,-0.034733,-0.180962,-0.168088,-0.233057,0.957755,0.003659,-0.014171,-0.010496,0.008632,0.002061,-0.033813,-1.379641,0.042789,0.038181,-0.013532,0.174653,-0.981006,0.084394,0.937215,0.139354,-0.319698,0.301865,0.134932,0.943753,0.001878,-0.007251,-0.005374,-0.015377,0.032713,-0.019427,-0.821966,0.087059,0.040903,-0.058291,-0.237908,0.481696,-0.843426,-0.368469,-0.848207,-0.380491,-0.898682,0.220255,0.379285,-3.9e-05,-0.000143,-8.9e-05,-0.000902,0.000653,-0.00133,0.492629
264,0.09919,0.037661,0.369485,-0.190914,0.46242,-0.86589,-0.424425,-0.834228,-0.351993,-0.884887,0.299724,0.356605,-5e-06,-1.8e-05,-1.1e-05,0.0,0.0,0.0,0.503028,-0.093512,0.039615,0.342098,-0.07843,0.971824,0.222259,-0.981978,-0.036773,-0.185207,-0.171692,-0.234002,0.956885,0.016167,-0.0112,-0.00985,2.113298,1.773967,-0.155132,-1.386698,0.042871,0.037904,-0.01374,0.177433,-0.980564,0.083723,0.935785,0.141768,-0.322812,0.304668,0.135624,0.942752,0.008111,-0.005672,-0.00502,2.092094,1.800184,-0.144724,-0.827028,0.087063,0.040898,-0.058295,-0.237916,0.48169,-0.843427,-0.368474,-0.84821,-0.380481,-0.898678,0.220259,0.379293,3e-06,5e-06,3e-06,-1.7e-05,3e-06,-3.2e-05,0.492629
265,0.09919,0.037669,0.369478,-0.191018,0.46234,-0.865909,-0.424382,-0.834289,-0.3519,-0.884885,0.299677,0.356649,-0.0,-0.0,-0.0,0.0,0.0,0.0,0.503398,-0.093421,0.039345,0.341881,-0.080243,0.972105,0.220373,-0.981534,-0.038465,-0.187203,-0.17338,-0.232548,0.956935,0.003483,-0.013467,-0.010056,0.015519,-0.006463,-0.039917,-1.390104,0.042914,0.037777,-0.013841,0.179101,-0.980405,0.082022,0.934691,0.143544,-0.325188,0.307042,0.134908,0.942085,0.001757,-0.006768,-0.005054,-0.004218,0.016913,-0.031495,-0.827518,0.087063,0.040903,-0.058298,-0.238014,0.481603,-0.843449,-0.368425,-0.848272,-0.380391,-0.898672,0.220209,0.379335,2e-06,1e-05,6e-06,-5e-06,5e-06,9e-06,0.492792
266,0.099183,0.037678,0.369484,-0.191503,0.461996,-0.865986,-0.424291,-0.834526,-0.351447,-0.884823,0.299547,0.356911,0.000211,0.000759,0.000472,0.0,0.0,0.0,0.503011,-0.093214,0.038931,0.34156,-0.082849,0.971501,0.222066,-0.980281,-0.039249,-0.193504,-0.179145,-0.234941,0.955287,0.002623,-0.010123,-0.007591,0.187088,0.176176,-0.036202,-1.395054,0.04302,0.03756,-0.014009,0.181871,-0.979771,0.083498,0.932522,0.144913,-0.330761,0.31197,0.138019,0.940013,0.001308,-0.005029,-0.003777,0.687082,0.616261,-0.046549,-0.826701,0.087059,0.040906,-0.058296,-0.238475,0.481228,-0.843533,-0.368309,-0.84852,-0.379948,-0.898597,0.220073,0.379591,0.000119,0.000436,0.000272,-7e-06,-1e-06,2.4e-05,0.492629
267,0.099181,0.037671,0.369479,-0.192124,0.461556,-0.866082,-0.424173,-0.83483,-0.350867,-0.884744,0.29938,0.357248,-0.000153,-0.000548,-0.000341,-0.003022,0.099539,-0.172169,0.503048,-0.093028,0.038521,0.341243,-0.084096,0.970907,0.224186,-0.979819,-0.039547,-0.195767,-0.181076,-0.237346,0.954328,0.003016,-0.011622,-0.008752,-0.004665,0.030872,-0.048442,-1.395895,0.043112,0.037361,-0.014164,0.183395,-0.979295,0.085708,0.931673,0.145336,-0.332959,0.313609,0.140915,0.939037,0.007643,-0.003765,-0.003606,-0.003132,-0.001906,0.005487,-0.824905,0.087059,0.040905,-0.058296,-0.23895,0.480841,-0.843619,-0.36819,-0.848775,-0.379493,-0.89852,0.219932,0.379856,-0.000124,-0.000434,-0.000268,-3e-06,-1.4e-05,1.3e-05,0.492955
268,0.099181,0.037671,0.369479,-0.192245,0.461471,-0.866101,-0.424151,-0.834889,-0.350754,-0.884729,0.299347,0.357314,-3e-06,-9e-06,-6e-06,0.0,0.0,0.0,0.502953,-0.092958,0.038334,0.341087,-0.08613,0.970773,0.223993,-0.978939,-0.04061,-0.199907,-0.184836,-0.237714,0.953515,0.002605,-0.010034,-0.007571,0.062327,-0.0633,-0.080937,-1.396631,0.043147,0.037265,-0.014244,0.185286,-0.978984,0.085195,0.930065,0.146716,-0.336827,0.317249,0.141647,0.937703,0.001318,-0.005056,-0.003815,0.070065,-0.082187,-0.093026,-0.826211,0.087059,0.040904,-0.058297,-0.239179,0.480655,-0.84366,-0.368133,-0.848898,-0.379274,-0.898482,0.219865,0.379984,0.0,-0.0,1e-06,-1.6e-05,5e-06,-2e-06,0.492955
269,0.099184,0.037647,0.369465,-0.190616,0.462765,-0.865771,-0.423253,-0.834443,-0.352893,-0.885512,0.298593,0.356001,-0.000257,-0.000923,-0.000574,0.0,-0.0,0.0,0.503039,-0.092877,0.03803,0.34082,-0.090254,0.970115,0.225218,-0.976697,-0.041918,-0.210333,-0.194469,-0.240173,0.950979,0.001908,-0.007346,-0.00556,0.239769,-0.283115,-0.238208,-1.396587,0.043189,0.037109,-0.01438,0.189137,-0.978066,0.087249,0.926575,0.148349,-0.345616,0.325092,0.146212,0.93431,0.0009,-0.003442,-0.002608,0.400332,-0.516408,-0.327151,-0.822456,0.087061,0.040894,-0.058303,-0.237617,0.482073,-0.843293,-0.367292,-0.848293,-0.381438,-0.89924,0.219099,0.37863,-0.000168,-0.000606,-0.000378,-0.002299,0.001697,-0.003381,0.492792
270,0.099185,0.037616,0.369445,-0.190788,0.462645,-0.865797,-0.423221,-0.834526,-0.352735,-0.885491,0.298546,0.356095,-0.000339,-0.001217,-0.000758,0.0,-0.0,0.0,0.503235,-0.092829,0.037866,0.340574,-0.091847,0.970262,0.223934,-0.97491,-0.041739,-0.218499,-0.202514,-0.239604,0.949442,0.001367,-0.005261,-0.003992,0.106242,-0.130684,-0.09372,-1.397509,0.043214,0.037024,-0.014505,0.190894,-0.977979,0.084351,0.923091,0.149624,-0.354279,0.333856,0.145493,0.931327,0.000668,-0.002559,-0.001942,0.108706,-0.139602,-0.097826,-0.824742,0.087061,0.040879,-0.058313,-0.237805,0.481919,-0.843327,-0.367264,-0.84839,-0.38125,-0.899202,0.21906,0.378743,-0.000219,-0.000788,-0.00049,-3.9e-05,1.7e-05,-4.8e-05,0.492792
271,0.099172,0.037603,0.369438,-0.191083,0.462434,-0.865844,-0.423166,-0.834671,-0.352458,-0.885453,0.298467,0.356255,-1e-05,-3.7e-05,-2.3e-05,0.0,0.0,0.0,0.503218,-0.092795,0.03798,0.340372,-0.089421,0.971396,0.219967,-0.975816,-0.04113,-0.214535,-0.199215,-0.235053,0.951276,-0.002108,0.010993,-0.008008,-0.020864,-0.052978,0.023509,-1.398776,0.043232,0.037073,-0.014606,0.188077,-0.978836,0.080667,0.924659,0.14878,-0.350526,0.331106,0.140515,0.933072,-3.5e-05,0.000146,0.00011,-0.20567,-0.168947,0.007505,-0.824089,0.087054,0.040869,-0.058318,-0.238086,0.481689,-0.84338,-0.367193,-0.848542,-0.380979,-0.899157,0.218978,0.378899,3e-06,1.1e-05,8e-06,-1.1e-05,4e-06,4e-06,0.492955
272,0.099172,0.037603,0.369438,-0.191325,0.462263,-0.865882,-0.42312,-0.834789,-0.352232,-0.885422,0.298402,0.356386,-0.0,-1e-06,-0.0,0.0,0.0,0.0,0.502983,-0.092749,0.038088,0.34036,-0.088712,0.971873,0.218138,-0.976254,-0.041298,-0.212501,-0.19738,-0.233032,0.952156,-0.000485,0.001866,0.001416,-4.1e-05,-3.6e-05,1e-06,-1.39754,0.043255,0.037131,-0.014615,0.187068,-0.979172,0.078912,0.925419,0.148709,-0.348546,0.329552,0.138228,0.933963,0.005953,0.002794,0.00134,0.007753,-0.010776,0.031109,-0.824742,0.087054,0.04087,-0.058318,-0.238316,0.481502,-0.843421,-0.367135,-0.848665,-0.380759,-0.899119,0.218909,0.379027,5e-06,1.9e-05,1.1e-05,-1.9e-05,1.6e-05,2.1e-05,0.492792
273,0.099163,0.037605,0.369439,-0.191948,0.461821,-0.865981,-0.423003,-0.835094,-0.35165,-0.885343,0.298235,0.356723,-0.0,-0.0,-0.0,0.0,0.0,0.0,0.503393,-0.092648,0.038319,0.340479,-0.088751,0.971855,0.218206,-0.976239,-0.041306,-0.212568,-0.197436,-0.233109,0.952125,-0.001406,0.005395,0.00409,0.0,-0.0,-0.0,-1.397646,0.043305,0.037249,-0.014554,0.1871,-0.979157,0.079019,0.925381,0.148687,-0.348657,0.329641,0.138357,0.933913,-0.000768,0.002946,0.002231,0.000141,-5.9e-05,0.000412,-0.823762,0.08705,0.040871,-0.058317,-0.238907,0.481019,-0.84353,-0.366986,-0.848985,-0.380191,-0.899024,0.218733,0.379355,-3e-06,9e-06,6e-06,-4.6e-05,1.2e-05,-0.0,0.492955
274,0.099161,0.037598,0.369434,-0.192448,0.461466,-0.866059,-0.422909,-0.835338,-0.351183,-0.885279,0.2981,0.356994,-6e-06,-2.1e-05,-1.3e-05,-0.003022,0.09954,-0.172169,0.502881,-0.092537,0.038617,0.340707,-0.087296,0.971885,0.218658,-0.977147,-0.040749,-0.208465,-0.193559,-0.233082,0.952927,-0.001998,0.007651,0.005784,-0.234126,0.274122,0.232388,-1.397023,0.043361,0.037397,-0.014441,0.186219,-0.979398,0.078108,0.926432,0.148562,-0.345907,0.327177,0.136777,0.935011,-0.000995,0.003796,0.002864,-0.41636,0.510434,0.354797,-0.823435,0.087048,0.040867,-0.05832,-0.239267,0.480726,-0.843595,-0.366896,-0.849178,-0.379846,-0.898965,0.218627,0.379556,-4e-06,-2e-06,-0.0,-2.8e-05,-1.2e-05,1.4e-05,0.492955
275,0.099168,0.037589,0.369429,-0.192688,0.461298,-0.866095,-0.422863,-0.835455,-0.350961,-0.885248,0.298035,0.357125,-3e-05,-0.000108,-6.7e-05,0.0,0.0,0.0,0.503159,-0.09251,0.038782,0.340836,-0.087238,0.971892,0.218647,-0.977157,-0.040702,-0.208429,-0.193538,-0.233058,0.952938,0.010435,0.011086,0.00682,0.001449,-0.02707,0.056035,-1.397988,0.04337,0.037475,-0.014379,0.185698,-0.979354,0.079881,0.927035,0.147665,-0.344674,0.325762,0.138058,0.935317,-0.001053,0.004018,0.003034,0.013118,-0.029387,0.019636,-0.823762,0.087052,0.040863,-0.058322,-0.239609,0.480449,-0.843656,-0.36681,-0.849361,-0.379519,-0.898909,0.218525,0.379748,-1.8e-05,-5.6e-05,-3.5e-05,-0.00304,0.099551,-0.172154,0.492955
276,0.099164,0.037574,0.369419,-0.19106,0.462588,-0.865767,-0.421965,-0.83501,-0.353095,-0.886031,0.297281,0.355809,-3.6e-05,-0.000128,-8e-05,2.6e-05,-2.2e-05,4.2e-05,0.503284,-0.09252,0.039086,0.341057,-0.08632,0.972412,0.216693,-0.977629,-0.040715,-0.206201,-0.191556,-0.230868,0.953871,-0.00201,0.007686,0.005786,0.002343,-0.015462,0.024204,-1.399468,0.043368,0.037635,-0.014263,0.184477,-0.97975,0.077821,0.927807,0.147479,-0.34267,0.324254,0.135418,0.936226,-0.000972,0.003703,0.002787,0.00508,-0.014116,0.024454,-0.825232,0.08705,0.040855,-0.058327,-0.238039,0.481872,-0.843289,-0.365964,-0.848752,-0.381691,-0.89967,0.217756,0.378384,-1.9e-05,-6.5e-05,-4e-05,-0.003063,0.002232,-0.004489,0.493282
277,0.09916,0.03756,0.36941,-0.191216,0.462478,-0.865792,-0.421936,-0.835086,-0.352949,-0.886011,0.297239,0.355894,-2.2e-05,-8e-05,-5e-05,0.0,-0.0,0.0,0.503143,-0.09247,0.039389,0.34127,-0.086191,0.973359,0.212452,-0.977676,-0.041533,-0.205814,-0.191375,-0.226673,0.954913,-0.001903,0.007269,0.005458,0.004152,-0.01767,0.022616,-1.40066,0.043393,0.037787,-0.014156,0.183769,-0.980223,0.073411,0.927807,0.148306,-0.342313,0.324655,0.131018,0.936713,-0.000901,0.003426,0.00257,-0.005669,-0.001978,0.029158,-0.826375,0.087048,0.040848,-0.058332,-0.238221,0.48172,-0.843324,-0.365943,-0.848846,-0.381504,-0.899631,0.217727,0.378494,-8e-06,-3e-05,-1.9e-05,-7.3e-05,4.7e-05,-6.7e-05,0.493282
278,0.099154,0.037538,0.369397,-0.191389,0.462355,-0.865819,-0.421903,-0.835171,-0.352788,-0.885989,0.297192,0.355988,-3.2e-05,-0.000115,-7.2e-05,0.0,0.0,0.0,0.503216,-0.092341,0.039659,0.341449,-0.085749,0.973423,0.212335,-0.977705,-0.041126,-0.205754,-0.191421,-0.226469,0.954952,-0.001475,0.005622,0.004212,0.002346,-0.015462,0.024203,-1.402515,0.043457,0.037924,-0.014065,0.183308,-0.980302,0.073515,0.927915,0.147848,-0.342217,0.324607,0.130947,0.93674,-0.000649,0.002471,0.001851,-0.000241,0.00027,0.000243,-0.828171,0.087045,0.040837,-0.058339,-0.238385,0.481586,-0.843354,-0.365903,-0.848935,-0.381345,-0.899603,0.217679,0.378587,-9e-06,-3.5e-05,-2.2e-05,-1.8e-05,-6e-06,-5e-06,0.493282
279,0.09915,0.037523,0.369388,-0.191665,0.462159,-0.865863,-0.421851,-0.835306,-0.35253,-0.885954,0.297118,0.356138,-0.000118,-0.000423,-0.000263,0.0,0.0,0.0,0.503301,-0.092281,0.039727,0.341527,-0.086822,0.973803,0.210147,-0.977278,-0.042224,-0.207553,-0.193109,-0.224617,0.955049,-0.000959,0.003651,0.002733,0.278899,-0.340278,-0.244699,-1.402713,0.043486,0.037962,-0.014023,0.183543,-0.980318,0.072718,0.927671,0.148265,-0.342698,0.325172,0.130359,0.936626,-0.000462,0.001757,0.001312,0.421094,-0.524657,-0.327632,-0.828987,0.087043,0.04083,-0.058343,-0.238647,0.481372,-0.843402,-0.365837,-0.849076,-0.381094,-0.899561,0.217601,0.378733,-5.8e-05,-0.000208,-0.000129,-1.8e-05,5e-06,1.1e-05,0.492955
280,0.099146,0.037509,0.369379,-0.190037,0.463449,-0.865532,-0.42095,-0.834858,-0.354661,-0.886734,0.296366,0.354819,-8e-05,-0.000288,-0.00018,0.003241,-0.002695,0.005223,0.503329,-0.092099,0.039726,0.341675,-0.087534,0.974246,0.207785,-0.976924,-0.043074,-0.209038,-0.194571,-0.222514,0.955245,-0.00049,0.001862,0.001393,0.017365,-0.033768,0.011048,-1.403028,0.043572,0.037959,-0.01395,0.184449,-0.98046,0.068374,0.926397,0.150199,-0.345292,0.328276,0.12703,0.936,0.001033,-0.005388,0.004082,-0.037669,0.008535,-0.02693,-0.828824,0.087041,0.040823,-0.058347,-0.237078,0.482794,-0.843032,-0.364987,-0.848465,-0.383263,-0.900321,0.216833,0.377366,-5.6e-05,-0.000202,-0.000124,0.035965,-0.029973,0.058036,0.493608
281,0.099157,0.037514,0.369382,-0.190121,0.463391,-0.865545,-0.420934,-0.834899,-0.354585,-0.886724,0.296342,0.354865,6.8e-05,0.000243,0.000152,0.0,-0.0,0.0,0.503414,-0.091931,0.039703,0.341784,-0.087207,0.974307,0.207635,-0.977006,-0.042854,-0.208703,-0.194309,-0.222287,0.955351,0.014516,-0.007523,0.009072,-0.033998,-0.010514,0.008036,-1.402914,0.043656,0.037952,-0.013898,0.184067,-0.980518,0.06857,0.926633,0.149838,-0.344817,0.327825,0.127009,0.936161,-0.000107,0.000401,0.000299,-0.000723,0.000879,0.00069,-0.826048,0.087046,0.040825,-0.058346,-0.237191,0.4827,-0.843054,-0.364984,-0.848521,-0.383143,-0.900292,0.216823,0.377439,4.5e-05,0.000166,0.000104,-9.2e-05,6.4e-05,-0.000107,0.493445
282,0.099148,0.037516,0.369383,-0.190261,0.46329,-0.865568,-0.420908,-0.834968,-0.354453,-0.886706,0.296305,0.35494,1e-06,4e-06,2e-06,0.0,0.0,0.0,0.503456,-0.091851,0.039691,0.341839,-0.087193,0.974313,0.207613,-0.977037,-0.04288,-0.208551,-0.194158,-0.222256,0.955389,-0.000271,0.001027,0.000768,0.0,-0.0,-0.0,-1.403012,0.043701,0.037941,-0.013869,0.184037,-0.980525,0.068553,0.926699,0.149839,-0.344639,0.327656,0.126954,0.936228,0.006113,0.002036,0.000756,0.001958,-0.015168,0.029521,-0.826375,0.087042,0.040827,-0.058345,-0.237324,0.482589,-0.84308,-0.364951,-0.848593,-0.383013,-0.90027,0.216785,0.377513,0.0,1e-06,-1e-06,-2.1e-05,1e-05,-4e-06,0.492792
283,0.099146,0.037509,0.369379,-0.19064,0.463021,-0.865629,-0.420837,-0.835154,-0.354099,-0.886658,0.296203,0.355146,-4.2e-05,-0.000149,-9.3e-05,0.0,0.0,0.0,0.503162,-0.091632,0.039704,0.341956,-0.086669,0.974403,0.207409,-0.977126,-0.042473,-0.208216,-0.193944,-0.221937,0.955507,0.001684,-0.009291,0.009282,-0.036039,0.004664,-0.021224,-1.403337,0.043811,0.03795,-0.013815,0.18347,-0.98064,0.068424,0.926863,0.149378,-0.344398,0.32751,0.126606,0.936326,0.005963,0.0026,0.001174,0.00205,-0.015273,0.029391,-0.826865,0.087041,0.040823,-0.058347,-0.237683,0.482296,-0.843147,-0.364862,-0.848788,-0.382668,-0.900212,0.216678,0.377714,-2.5e-05,-9.2e-05,-5.5e-05,-0.003023,0.099559,-0.172162,0.493118
284,0.099148,0.037516,0.369383,-0.191104,0.46269,-0.865703,-0.42075,-0.835382,-0.353665,-0.886599,0.296077,0.355398,2.2e-05,7.8e-05,4.9e-05,0.0,0.0,0.0,0.503213,-0.091394,0.039749,0.342166,-0.087098,0.974887,0.204945,-0.976804,-0.04309,-0.209596,-0.195367,-0.219673,0.95574,-0.000934,0.003516,0.002626,0.003476,-0.004227,-0.00303,-1.403137,0.043931,0.037967,-0.013708,0.183573,-0.980808,0.065684,0.926231,0.150204,-0.345736,0.329235,0.124306,0.936029,0.006798,-0.002027,0.005829,-0.04219,-0.01199,0.036961,-0.826538,0.087042,0.040827,-0.058345,-0.238124,0.481935,-0.843228,-0.364751,-0.849026,-0.382244,-0.90014,0.216547,0.37796,1.2e-05,4.7e-05,2.7e-05,-5e-06,-1.9e-05,5e-06,0.493118
285,0.099148,0.037516,0.369383,-0.191587,0.462347,-0.86578,-0.420659,-0.835618,-0.353214,-0.886537,0.295947,0.35566,0.0,0.0,0.0,0.0,0.0,0.0,0.502948,-0.091111,0.039839,0.342427,-0.08613,0.975055,0.204554,-0.976962,-0.042332,-0.209017,-0.195011,-0.219071,0.955951,0.011017,0.008573,0.004865,0.004386,-0.030616,0.053482,-1.403441,0.044069,0.038008,-0.01358,0.182597,-0.980995,0.065622,0.926581,0.149381,-0.345155,0.328793,0.123829,0.936248,0.000378,-0.002901,0.005935,-0.03632,0.004954,-0.02089,-0.827191,0.087042,0.040827,-0.058345,-0.238581,0.481561,-0.843313,-0.364637,-0.849272,-0.381805,-0.900065,0.216411,0.378215,-1e-06,-2e-06,-2e-06,-1.8e-05,3e-06,-1e-05,0.493772
286,0.099146,0.037509,0.369379,-0.191845,0.462163,-0.865821,-0.42061,-0.835744,-0.352973,-0.886504,0.295877,0.355801,-0.000405,-0.001454,-0.000906,-0.000438,0.014423,-0.024947,0.503388,-0.090933,0.039891,0.3426,-0.085666,0.975137,0.204354,-0.977057,-0.041993,-0.208643,-0.194742,-0.218766,0.956076,0.013164,-0.002445,0.012855,-0.031638,-0.026026,0.032216,-1.403051,0.044152,0.038036,-0.013497,0.182119,-0.981092,0.065493,0.926748,0.14901,-0.344866,0.328587,0.123503,0.936363,0.006522,-0.001012,0.00658,-0.031632,-0.026011,0.032401,-0.827518,0.087042,0.040827,-0.058345,-0.23881,0.481374,-0.843355,-0.364579,-0.849396,-0.381586,-0.900028,0.216343,0.378343,-0.0,-1e-06,-1e-06,-2.2e-05,8e-06,-1.1e-05,0.493608
287,0.099146,0.037509,0.369379,-0.190062,0.463563,-0.865465,-0.419737,-0.83522,-0.355247,-0.887304,0.295168,0.354394,-0.0,-0.0,-0.0,0.0,-0.0,0.0,0.503119,-0.090559,0.039906,0.342991,-0.086069,0.975633,0.201804,-0.976825,-0.042707,-0.209579,-0.195721,-0.216393,0.956416,0.013249,-0.00278,0.012601,-0.032147,-0.012878,0.00637,-1.403375,0.044343,0.03805,-0.013298,0.18212,-0.981274,0.06271,0.926283,0.149817,-0.345766,0.329896,0.121058,0.936222,0.00539,0.004681,0.002712,-0.005079,-0.018169,0.058255,-0.827844,0.087041,0.040823,-0.058347,-0.237142,0.482873,-0.842969,-0.363777,-0.848727,-0.383834,-0.900793,0.21563,0.376927,1e-06,4e-06,5e-06,-0.000184,0.000132,-0.000255,0.493608
288,0.099155,0.037507,0.369377,-0.190283,0.463407,-0.865501,-0.419695,-0.835328,-0.355041,-0.887276,0.295107,0.354515,-0.0,-0.0,-0.0,0.0,0.0,0.0,0.50329,-0.090156,0.039777,0.343456,-0.087352,0.976519,0.196906,-0.976223,-0.04446,-0.212004,-0.198137,-0.211972,0.956908,0.013651,-0.004274,0.011489,0.006827,-0.060098,-0.02726,-1.40319,0.044549,0.037987,-0.013059,0.182645,-0.981501,0.057402,0.925142,0.151809,-0.347944,0.332794,0.116655,0.935756,0.00683,-0.002179,0.005706,-0.016661,-0.029544,-0.014564,-0.829151,0.087046,0.040822,-0.058348,-0.237354,0.482701,-0.843007,-0.363726,-0.84884,-0.383631,-0.900758,0.215567,0.377046,-2e-06,2e-06,2e-06,-1.8e-05,-8e-06,-3.1e-05,0.493119
289,0.099172,0.037496,0.369371,-0.190504,0.463253,-0.865534,-0.419654,-0.835435,-0.354839,-0.887248,0.295046,0.354636,-7e-06,-2.5e-05,-1.6e-05,-0.003023,0.09954,-0.172169,0.503609,-0.089972,0.039616,0.343694,-0.089138,0.977286,0.192245,-0.975481,-0.046573,-0.214945,-0.200973,-0.207922,0.957205,0.003701,-0.019688,0.017763,0.031553,-0.11645,-0.131838,-1.403214,0.044639,0.037915,-0.012945,0.1836,-0.981594,0.052561,0.923832,0.154031,-0.35044,0.335894,0.112898,0.935109,0.006965,-0.002676,0.005339,0.077699,-0.144739,-0.092574,-0.828987,0.087054,0.040816,-0.058351,-0.237449,0.482627,-0.843023,-0.363703,-0.84889,-0.383543,-0.900743,0.215538,0.377101,-3e-06,-1e-05,-5e-06,-2e-06,-2.2e-05,-1.4e-05,0.493282
290,0.099184,0.037471,0.369354,-0.191,0.462903,-0.865612,-0.419561,-0.835677,-0.354378,-0.887185,0.29491,0.354906,-0.000415,-0.001489,-0.000928,-0.003461,0.113963,-0.197116,0.503946,-0.089641,0.03925,0.344132,-0.092976,0.978869,0.182108,-0.97307,-0.050493,-0.224765,-0.210679,-0.199334,0.956945,0.001744,-0.009439,0.00919,0.089485,-0.147132,-0.128777,-1.403367,0.044806,0.037726,-0.012724,0.185942,-0.981673,0.041731,0.919602,0.158912,-0.359272,0.346057,0.105179,0.932298,0.007098,-0.00315,0.004991,0.112613,-0.272728,0.05759,-0.826701,0.087061,0.040807,-0.058357,-0.237903,0.482258,-0.843106,-0.363589,-0.849134,-0.38311,-0.900668,0.215401,0.377355,0.0,-5e-06,-4e-06,-6e-06,0.0,-6e-06,0.493608
291,0.099193,0.037469,0.369353,-0.191342,0.462661,-0.865666,-0.419497,-0.835844,-0.35406,-0.887141,0.294817,0.355093,-0.0,-0.0,-0.0,0.0,0.0,0.0,0.503353,-0.089525,0.038951,0.344389,-0.095258,0.979649,0.176649,-0.971395,-0.052608,-0.231427,-0.217279,-0.194875,0.956388,0.002416,-0.01192,0.007357,0.060384,-0.111815,-0.10356,-1.403239,0.044863,0.03758,-0.012593,0.187406,-0.981612,0.03626,0.91684,0.161553,-0.365107,0.352536,0.101668,0.930258,0.001294,-0.006299,0.003426,0.099711,-0.165448,-0.139244,-0.820823,0.087064,0.040803,-0.05836,-0.238358,0.481886,-0.84319,-0.363474,-0.849379,-0.382674,-0.900594,0.215264,0.37761,1e-06,1.1e-05,8e-06,-5e-06,8e-06,2.4e-05,0.493445
292,0.099193,0.037469,0.369353,-0.189559,0.46406,-0.865309,-0.418621,-0.835318,-0.356332,-0.887939,0.294109,0.353683,-0.0,-0.0,-0.0,0.000973,-0.000812,0.001565,0.503551,-0.089563,0.038808,0.344437,-0.096499,0.979927,0.174419,-0.970941,-0.054025,-0.232999,-0.218753,-0.193068,0.956418,-0.011943,-0.005102,-0.002258,0.103714,-0.099963,-0.145737,-1.40357,0.044849,0.037507,-0.012566,0.188261,-0.981531,0.033957,0.916112,0.163042,-0.366271,0.35397,0.100063,0.929887,0.000145,-0.000555,-0.000412,0.14156,-0.173054,-0.117123,-0.823599,0.087065,0.040803,-0.05836,-0.236634,0.483435,-0.842789,-0.362654,-0.848683,-0.384991,-0.901379,0.214539,0.376146,-0.0,7e-06,5e-06,-0.000335,-4.2e-05,-1.3e-05,0.493445
293,0.099184,0.037471,0.369354,-0.189939,0.463787,-0.865372,-0.41855,-0.835506,-0.355975,-0.887891,0.294006,0.353889,-0.0,-0.0,-0.0,0.0,-0.0,0.0,0.504044,-0.089693,0.038627,0.344492,-0.098005,0.980163,0.172242,-0.970474,-0.055703,-0.234545,-0.220149,-0.191377,0.956438,0.0002,-0.00074,-0.000548,0.001146,-0.001385,-0.000978,-1.40313,0.044781,0.03741,-0.012542,0.189609,-0.981358,0.03136,0.915198,0.165078,-0.367641,0.355611,0.098409,0.929438,0.000126,-0.000473,-0.000349,-0.010126,0.012949,0.006382,-0.827191,0.08706,0.040804,-0.058359,-0.237036,0.483099,-0.842868,-0.362584,-0.848896,-0.384587,-0.901302,0.21445,0.376383,-1e-06,3e-06,3e-06,-8.2e-05,4.9e-05,-0.0001,0.493608
294,0.099168,0.037481,0.369361,-0.1902,0.463597,-0.865417,-0.418501,-0.835635,-0.355727,-0.887858,0.293937,0.35403,0.0,1e-06,0.0,0.0,0.0,0.0,0.503857,-0.089919,0.038571,0.344503,-0.099267,0.979974,0.172595,-0.970393,-0.05686,-0.234603,-0.219941,-0.192007,0.956359,-0.012617,-0.002624,-0.000423,-0.002044,0.015205,-0.029246,-1.403259,0.044673,0.037382,-0.012538,0.190828,-0.981111,0.03169,0.91509,0.166118,-0.367441,0.355236,0.099117,0.929506,-5.3e-05,0.000191,0.000145,-0.0002,-3.1e-05,0.000941,-0.825558,0.087052,0.04081,-0.058356,-0.237284,0.482892,-0.842917,-0.362523,-0.849032,-0.384344,-0.901261,0.214378,0.376521,-1e-06,-5e-06,-2e-06,-8e-06,3e-06,1.1e-05,0.493772
295,0.099158,0.037483,0.369363,-0.1907,0.463238,-0.865499,-0.418407,-0.835882,-0.355258,-0.887794,0.293802,0.354301,0.0,0.0,0.0,0.0,0.0,0.0,0.503328,-0.090029,0.038565,0.344536,-0.100667,0.980204,0.170462,-0.969862,-0.058373,-0.23642,-0.221638,-0.190359,0.956297,-0.000419,0.001555,0.001152,0.004835,-0.005869,-0.004139,-1.402975,0.044614,0.037375,-0.012523,0.1919,-0.980981,0.029146,0.914107,0.167852,-0.369096,0.357184,0.097472,0.928933,-0.000247,0.000915,0.00068,-0.008095,-0.001178,0.029064,-0.826048,0.087047,0.04081,-0.058355,-0.237758,0.482501,-0.843008,-0.362404,-0.84929,-0.383887,-0.901184,0.214237,0.376786,0.0,-2e-06,-1e-06,-2.7e-05,1.8e-05,-2.1e-05,0.493282
296,0.099149,0.037485,0.369364,-0.19096,0.463051,-0.865542,-0.418358,-0.836011,-0.355013,-0.887761,0.293732,0.354442,0.0,0.0,0.0,0.0,0.0,0.0,0.503033,-0.089993,0.038618,0.344569,-0.100567,0.980219,0.17044,-0.96987,-0.058281,-0.23641,-0.221649,-0.190313,0.956303,-0.000711,0.00264,0.001955,7.1e-05,-8.6e-05,-6.1e-05,-1.403295,0.044632,0.0374,-0.012508,0.191787,-0.980998,0.029319,0.914183,0.167697,-0.368979,0.35705,0.097569,0.928974,-0.000435,0.001612,0.001194,-0.00039,-0.011899,0.026432,-0.826212,0.087042,0.040811,-0.058355,-0.238004,0.482298,-0.843055,-0.362342,-0.849424,-0.383648,-0.901144,0.214165,0.376923,1e-06,-2e-06,-2e-06,-2.5e-05,3.3e-05,2e-06,0.493282
