frame,MLTx,MLTy,MLTz,MLTR1,MLTR2,MLTR3,MLTR4,MLTR5,MLTR6,MLTR7,MLTR8,MLTR9,MLTTVx,MLTTVy,MLTTVz,MLTRVx,MLTRVy,MLTRVz,MLGA,MRTx,MRTy,MRTz,MRTR1,MRTR2,MRTR3,MRTR4,MRTR5,MRTR6,MRTR7,MRTR8,MRTR9,MRTTVx,MRTTVy,MRTTVz,MRTRVx,MRTRVy,MRTRVz,MRGA,SLTx,SLTy,SLTz,SLTR1,SLTR2,SLTR3,SLTR4,SLTR5,SLTR6,SLTR7,SLTR8,SLTR9,SLTTVx,SLTTVy,SLTTVz,SLTRVx,SLTRVy,SLTRVz,SLGA,SRTx,SRTy,SRTz,SRTR1,SRTR2,SRTR3,SRTR4,SRTR5,SRTR6,SRTR7,SRTR8,SRTR9,SRTTVx,SRTTVy,SRTTVz,SRTRVx,SRTRVy,SRTRVz,SRGA
1220,0.18198,0.034074,0.359347,-0.778358,0.010202,-0.627774,-0.288026,-0.894264,0.342498,-0.556937,0.447384,0.699783,-0.014953,0.063078,-0.066484,-0.783898,-0.702162,-0.463034,0.135735,-0.170231,0.071049,0.366283,0.293893,0.168505,0.940864,-0.757251,0.641625,0.121748,-0.583507,-0.748451,0.314966,-0.004476,0.029467,-0.066021,0.069627,0.601727,0.410677,0.535645,0.033844,0.058214,0.005878,-0.300823,-0.183348,0.935889,0.675646,-0.733555,0.073464,0.673057,0.65443,0.344548,-0.002651,0.020642,-0.036822,0.051736,0.784277,0.587611,0.51914,0.105677,0.041522,-0.063282,-0.766073,-0.084375,-0.63719,-0.13744,-0.946913,0.290626,-0.627886,0.310216,0.713809,-0.001143,0.031895,-0.033246,-1.567027,0.354624,-1.610816,-0.039535
1221,0.181264,0.037069,0.356899,-0.773731,-0.034513,-0.632609,-0.281873,-0.875509,0.392434,-0.566441,0.481993,0.668472,-0.027326,0.089655,-0.064116,-0.695357,-1.128236,-0.567586,0.250636,-0.170275,0.07261,0.36356,0.292873,0.148348,0.944568,-0.750769,0.647346,0.131237,-0.592333,-0.747764,0.299758,0.006681,0.034382,-0.064219,0.132535,0.323901,0.270926,0.535389,0.03382,0.058975,0.004538,-0.297234,-0.163494,0.940702,0.668718,-0.738881,0.082877,0.681518,0.653699,0.328952,0.003369,0.017829,-0.031794,0.070721,0.61146,0.258392,0.519466,0.105334,0.042979,-0.064488,-0.754418,-0.126513,-0.644086,-0.135204,-0.930257,0.341087,-0.642318,0.344406,0.684698,-0.013405,0.040073,-0.02748,-1.937095,0.027723,-2.590184,0.046192
1222,0.18017,0.04033,0.354694,-0.751289,-0.097544,-0.65276,-0.275305,-0.852574,0.444182,-0.598923,0.513534,0.614493,-0.014332,0.079653,-0.055242,-1.062471,-1.688357,-0.867404,0.345941,-0.170205,0.073906,0.361232,0.294392,0.130781,0.946689,-0.744883,0.651924,0.141697,-0.598979,-0.747041,0.288128,0.006581,0.038681,-0.061928,0.165354,0.175778,0.208143,0.535693,0.033855,0.059622,0.003368,-0.296422,-0.14522,0.943951,0.662414,-0.743258,0.093668,0.687997,0.653052,0.316514,0.003773,0.013956,-0.026954,0.117694,0.242137,0.227994,0.519956,0.104783,0.044632,-0.065582,-0.722516,-0.182842,-0.666737,-0.132911,-0.909668,0.393493,-0.678457,0.372922,0.632948,-0.013314,0.040198,-0.027177,-1.056144,-1.568545,-1.06933,0.204258
1223,0.179696,0.041857,0.353586,-0.735844,-0.129194,-0.664747,-0.274703,-0.840312,0.467319,-0.618058,0.526639,0.583681,-0.026686,0.076804,-0.056416,-0.975007,-1.559696,-0.838902,0.362091,-0.170173,0.074445,0.360236,0.296856,0.121824,0.947115,-0.741938,0.653748,0.148579,-0.601417,-0.74695,0.283244,0.007413,0.030132,-0.052738,0.095376,0.318188,0.316936,0.535667,0.033869,0.059902,0.002846,-0.297997,-0.137002,0.944683,0.659262,-0.745248,0.099883,0.69034,0.652559,0.312402,-0.001871,0.014376,-0.026332,0.053826,0.485518,0.352909,0.519793,0.104551,0.045406,-0.066129,-0.701792,-0.211236,-0.680343,-0.134419,-0.898605,0.417659,-0.699584,0.384561,0.60224,-0.007121,0.037895,-0.028722,-0.958414,-1.448257,-1.012573,0.253081
1224,0.17863,0.044843,0.351232,-0.703421,-0.177978,-0.688163,-0.288112,-0.81368,0.504864,-0.648929,0.553618,0.521944,-0.026564,0.072458,-0.058731,-2.10076,-0.809767,0.158752,0.375496,-0.170025,0.075449,0.358388,0.303244,0.112356,0.946261,-0.736421,0.657759,0.158019,-0.605009,-0.744896,0.280993,0.008209,0.023121,-0.042774,0.137395,0.000139,0.072143,0.535102,0.03394,0.060399,0.001934,-0.302955,-0.125732,0.944674,0.653411,-0.748988,0.10986,0.693737,0.650544,0.309064,0.004145,0.01119,-0.021582,0.153307,-0.045368,0.039091,0.520119,0.104017,0.046907,-0.067302,-0.660113,-0.256453,-0.706032,-0.146898,-0.877694,0.45615,-0.736662,0.404825,0.541704,-0.019538,0.041334,-0.033457,-0.850593,-1.509329,-0.794824,0.297823
1225,0.177376,0.04771,0.34885,-0.667643,-0.198929,-0.717444,-0.319991,-0.793446,0.517708,-0.671414,0.575464,0.466981,-0.038663,0.070599,-0.059091,-0.904407,-1.050993,-0.033511,0.390218,-0.169645,0.076175,0.356869,0.309447,0.112139,0.944277,-0.739441,0.652653,0.164935,-0.598149,-0.749406,0.283674,0.009096,0.012802,-0.034574,-1.458109,-0.289046,-0.434714,0.530451,0.034137,0.060782,0.001144,-0.309379,-0.12497,0.942691,0.656561,-0.745191,0.116687,0.687903,0.655035,0.312597,0.00458,0.006516,-0.017236,-1.470399,-0.308713,-0.44957,0.520119,0.103385,0.048367,-0.068516,-0.6214,-0.268001,-0.736231,-0.186508,-0.862067,0.471225,-0.76097,0.430133,0.485705,-0.019301,0.035155,-0.029629,-1.740618,-0.910971,0.974853,0.321337
1226,0.176661,0.049156,0.347665,-0.653767,-0.19917,-0.730045,-0.344859,-0.78034,0.521645,-0.672771,0.593042,0.442389,-0.038282,0.059925,-0.050677,-0.416779,-1.069568,-0.146933,0.399312,-0.169402,0.076434,0.356134,0.312896,0.11348,0.942979,-0.741047,0.650102,0.167779,-0.594357,-0.751421,0.286303,0.00916,0.01074,-0.035643,-0.363083,-0.083959,-0.131432,0.519272,0.034251,0.060909,0.000806,-0.312915,-0.125587,0.94144,0.65776,-0.7437,0.119417,0.685153,0.65661,0.315321,0.004703,0.005562,-0.017751,-5.101654,-0.929527,-1.554434,0.520283,0.103042,0.049064,-0.069092,-0.608593,-0.265201,-0.74785,-0.213209,-0.853175,0.476059,-0.7643,0.449175,0.462694,-0.019193,0.035763,-0.029137,-0.465259,-2.8146,1.975061,0.334237
1227,0.17528,0.051602,0.345515,-0.628557,-0.201988,-0.751107,-0.388193,-0.755367,0.527919,-0.673218,0.623651,0.397321,-0.038182,0.056155,-0.05277,-0.400681,-1.254145,0.102359,0.373647,-0.168871,0.076729,0.35484,0.328742,0.120488,0.936698,-0.746687,0.640361,0.179808,-0.578545,-0.75867,0.299281,0.01008,0.00038,-0.027579,0.079762,-0.040706,-0.007584,0.482741,0.034512,0.061058,0.000155,-0.329552,-0.131195,0.934977,0.666007,-0.734223,0.131722,0.669201,0.666111,0.329341,0.005072,-0.000251,-0.014026,0.083622,-0.122657,0.130545,0.495463,0.102346,0.050299,-0.070165,-0.583462,-0.261705,-0.768818,-0.260089,-0.836586,0.482157,-0.769366,0.481281,0.42005,-0.019044,0.028179,-0.026305,-0.335745,-0.98434,0.317691,0.336196
1228,0.173815,0.053284,0.343867,-0.611502,-0.186801,-0.768906,-0.438048,-0.729343,0.525495,-0.658204,0.658389,0.365129,-0.049751,0.036591,-0.034825,-0.49242,-0.416944,0.361214,0.270673,-0.167974,0.07695,0.353631,0.347662,0.157834,0.924235,-0.770097,0.61028,0.185587,-0.53516,-0.776459,0.332534,0.031769,0.011966,-0.03666,-4.843426,-1.727452,-1.971312,0.422389,0.03496,0.061172,-0.000458,-0.353593,-0.16231,0.921209,0.688657,-0.711649,0.138944,0.633026,0.683528,0.36341,0.016381,-0.00023,-0.01485,0.279346,-0.854717,-0.315804,0.438147,0.101623,0.051145,-0.071008,-0.567728,-0.245291,-0.785821,-0.312402,-0.818973,0.481338,-0.761635,0.518762,0.388324,-0.024959,0.018131,-0.017526,-4.499025,2.056418,2.089331,0.254551
1229,0.171895,0.054463,0.342981,-0.604052,-0.157198,-0.781316,-0.478907,-0.712036,0.513444,-0.636292,0.684518,0.355801,-0.061067,0.023494,-0.012943,-4.111987,2.728252,2.468877,0.127951,-0.166557,0.077092,0.352249,0.362034,0.213891,0.907289,-0.789943,0.587039,0.176943,-0.495196,-0.781023,0.380326,0.032983,-0.00372,-0.031502,0.363452,-1.173069,-0.300154,0.296037,0.035668,0.061251,-0.001149,-0.374026,-0.216967,0.901681,0.71519,-0.686449,0.131491,0.590429,0.694054,0.411923,0.021647,0.004388,-0.019637,0.402417,-1.277014,-0.324194,0.320415,0.100653,0.051743,-0.07148,-0.563346,-0.217317,-0.797128,-0.352407,-0.809425,0.469722,-0.747295,0.54553,0.379403,-0.024413,0.011937,-0.006509,0.312702,0.018009,0.627235,0.088158
1230,0.170764,0.054913,0.342824,-0.603527,-0.137141,-0.785489,-0.497955,-0.704581,0.505548,-0.622027,0.696419,0.357926,-0.060617,0.017304,-0.002009,-4.18887,2.793303,2.322476,0.075585,-0.165842,0.077192,0.351515,0.371052,0.248042,0.894867,-0.797602,0.57853,0.170492,-0.475858,-0.777309,0.411354,0.031981,0.009774,-0.037934,0.517412,-1.527792,-0.502093,0.213006,0.036013,0.061292,-0.001504,-0.386778,-0.247043,0.888466,0.723776,-0.678346,0.126465,0.571445,0.691965,0.441174,0.016004,0.004534,-0.019183,0.502199,-1.451974,-0.490013,0.224563,0.100087,0.051967,-0.071564,-0.566568,-0.196308,-0.800289,-0.372323,-0.805425,0.461156,-0.735102,0.559242,0.383239,-0.030296,0.008643,-0.000982,0.163922,0.083831,0.367307,-0.00753
1231,0.168109,0.055605,0.34308,-0.611381,-0.090021,-0.786228,-0.527205,-0.694615,0.489425,-0.58943,0.713839,0.378198,-0.07181,0.005839,0.020714,-0.153646,0.482863,0.636932,0.022238,-0.164362,0.077627,0.350117,0.385907,0.309437,0.869089,-0.819406,0.547681,0.168977,-0.424156,-0.777723,0.46379,0.043178,0.014805,-0.036077,-4.431609,-2.017167,-2.463051,0.116198,0.036762,0.061501,-0.002219,-0.41112,-0.305904,0.85872,0.745685,-0.654699,0.123778,0.524339,0.691224,0.497268,0.021611,0.007298,-0.018124,0.3871,-1.200376,-0.010294,0.052129,0.098737,0.052316,-0.071439,-0.583616,-0.147156,-0.798584,-0.40725,-0.797777,0.444632,-0.702523,0.584718,0.405666,-0.035873,0.00347,0.010747,-0.178819,0.462426,0.626077,-0.127712
1232,0.165079,0.056108,0.34397,-0.622992,-0.018264,-0.782044,-0.57135,-0.672232,0.47078,-0.533545,0.740134,0.409339,-0.083133,0.01432,0.026267,0.4025,0.698335,0.484327,0.017145,-0.162721,0.078177,0.348778,0.399743,0.355224,0.844993,-0.831537,0.528292,0.171427,-0.385987,-0.771604,0.505474,0.044222,0.00457,-0.028038,0.190632,-0.936759,0.125868,0.026319,0.037582,0.061783,-0.002889,-0.429079,-0.349946,0.832723,0.763925,-0.632519,0.127817,0.481985,0.690982,0.538733,0.01594,0.007695,-0.017516,0.01491,-1.26697,-0.014507,-0.074748,0.097253,0.052566,-0.071002,-0.606631,-0.079593,-0.790988,-0.454631,-0.781485,0.427306,-0.652157,0.618825,0.437888,-0.035487,0.001845,0.017058,0.46485,0.966331,0.722224,-0.168698
1233,0.1635,0.056324,0.34462,-0.625166,0.017544,-0.780324,-0.592377,-0.661654,0.459647,-0.507469,0.749578,0.425012,-0.082605,0.008271,0.037143,0.161479,1.122374,0.830875,0.006713,-0.161998,0.078403,0.34816,0.409047,0.367926,0.835046,-0.832066,0.525955,0.175986,-0.374937,-0.767251,0.520202,0.043115,0.017587,-0.034591,0.352159,-0.973652,0.426286,-0.018058,0.037944,0.06189,-0.003196,-0.439781,-0.360439,0.822603,0.764962,-0.630232,0.132817,0.470558,0.68767,0.552886,0.016451,0.002606,-0.013481,0.401669,-1.0218,0.084828,-0.135982,0.096464,0.052674,-0.070682,-0.614375,-0.046245,-0.787657,-0.476743,-0.773684,0.417285,-0.628695,0.63188,0.453286,-0.041268,0.0103,0.015101,-0.966374,1.300685,1.098349,-0.178006
1234,0.160214,0.056696,0.346255,-0.627331,0.078026,-0.774863,-0.622313,-0.648418,0.438465,-0.46745,0.757172,0.456299,-0.081704,0.014751,0.0409,0.493003,0.947905,0.414708,-0.069724,-0.160578,0.078887,0.347191,0.421855,0.390731,0.818143,-0.838941,0.510277,0.18902,-0.344132,-0.766593,0.542007,0.032391,0.014479,-0.021818,0.22677,-0.63793,0.399225,-0.082494,0.038659,0.062124,-0.003691,-0.455597,-0.380809,0.804621,0.773807,-0.616248,0.146493,0.44006,0.689364,0.575434,0.021857,0.007922,-0.010975,0.298807,-0.765492,0.349681,-0.227915,0.094856,0.052861,-0.069881,-0.626517,0.012823,-0.779301,-0.508748,-0.764209,0.396432,-0.590466,0.64484,0.485314,-0.040863,0.007689,0.020695,0.281316,0.846331,0.368102,-0.221278
1235,0.156773,0.057176,0.348259,-0.617275,0.147106,-0.772901,-0.660448,-0.630753,0.407345,-0.426826,0.761721,0.487471,-0.104325,0.016043,0.05662,0.41124,0.889599,0.659698,-0.116085,-0.159105,0.079294,0.346617,0.424254,0.415846,0.804408,-0.848974,0.49155,0.19379,-0.315332,-0.765649,0.560544,0.034195,-0.001355,-0.003211,0.153662,-0.528253,0.213316,-0.109718,0.039383,0.062328,-0.003982,-0.461025,-0.404505,0.789829,0.786069,-0.599165,0.151972,0.411765,0.690923,0.5942,0.022219,0.005289,-0.005587,0.266334,-0.727335,0.082779,-0.270044,0.093109,0.053098,-0.068869,-0.62851,0.08382,-0.77327,-0.548997,-0.752059,0.364701,-0.550976,0.653743,0.518694,-0.046185,0.007712,0.028011,0.452412,0.907605,1.530127,-0.270755
1236,0.152826,0.057683,0.35076,-0.606661,0.219826,-0.763993,-0.69615,-0.610961,0.376926,-0.383164,0.760245,0.524634,-0.103299,0.000934,0.076139,0.387271,0.841173,0.479265,-0.102451,-0.157767,0.079418,0.346504,0.420496,0.440465,0.7932,-0.857565,0.478251,0.189189,-0.296525,-0.760315,0.577804,0.033883,0.003655,-0.000443,1.120178,1.298359,-1.901133,-0.203491,0.040077,0.062397,-0.004041,-0.461851,-0.42898,0.776317,0.795594,-0.587271,0.148803,0.392075,0.686358,0.612526,0.016925,0.002186,-4.8e-05,1.168102,1.234364,-1.943008,-0.329482,0.091097,0.053362,-0.067596,-0.630275,0.158252,-0.760071,-0.587568,-0.737137,0.333752,-0.507461,0.65695,0.557583,-0.051657,0.000886,0.038383,0.372472,0.823989,0.465417,-0.278593
1237,0.150783,0.057854,0.352174,-0.603996,0.248703,-0.757219,-0.705984,-0.607857,0.363412,-0.369154,0.753773,0.543671,-0.102756,0.003021,0.077122,0.463138,1.065922,0.38563,-0.099023,-0.157151,0.079435,0.346571,0.420634,0.450409,0.787521,-0.859398,0.475796,0.187048,-0.290959,-0.756028,0.586197,0.023576,-0.006494,0.008442,0.076458,-0.316793,0.060829,-0.25175,0.040376,0.062408,-0.004011,-0.462168,-0.439623,0.770149,0.798037,-0.584895,0.145029,0.386698,0.681636,0.621156,0.016818,0.003699,0.00079,0.091986,-0.330903,0.149356,-0.377489,0.090075,0.053451,-0.066886,-0.632404,0.185999,-0.751976,-0.597666,-0.734723,0.320898,-0.492808,0.652368,0.575807,-0.051392,0.001829,0.038812,0.516857,1.125359,0.421213,-0.27647
1238,0.146589,0.058108,0.355208,-0.596699,0.288768,-0.748739,-0.719607,-0.605484,0.339893,-0.354463,0.741251,0.570027,-0.113827,-0.003153,0.087742,0.2223,0.659719,0.325897,-0.129072,-0.15607,0.079484,0.346889,0.416473,0.475022,0.775174,-0.866491,0.465334,0.180529,-0.275462,-0.747454,0.604398,0.023253,-0.001969,0.010943,0.103735,-0.361721,0.025688,-0.296699,0.040917,0.062435,-0.003851,-0.461242,-0.463525,0.75657,0.80621,-0.575016,0.139211,0.370513,0.674165,0.63892,0.010951,0.005896,0.002415,0.15875,-0.516717,0.21494,-0.444928,0.088022,0.053582,-0.065401,-0.631739,0.226197,-0.741443,-0.611393,-0.7334,0.297188,-0.476552,0.641059,0.601613,-0.050887,0.0034,0.039476,0.384829,0.804433,0.455363,-0.283328
1239,0.142263,0.05851,0.35844,-0.574155,0.32354,-0.752139,-0.741342,-0.595348,0.309748,-0.346861,0.735032,0.582617,-0.111765,0.014905,0.083163,0.454815,0.055937,0.890519,-0.147761,-0.155147,0.079528,0.347379,0.418255,0.489674,0.765032,-0.867743,0.464185,0.177447,-0.268731,-0.738674,0.618067,0.022948,0.001842,0.013033,0.208509,-0.555357,-0.088085,-0.346461,0.041378,0.062457,-0.003606,-0.465273,-0.47547,0.746624,0.807354,-0.573768,0.137726,0.362905,0.666871,0.650832,0.011442,0.001262,0.006687,0.190909,-0.447406,-0.261282,-0.495385,0.085858,0.053775,-0.063784,-0.615815,0.263966,-0.742355,-0.634068,-0.725321,0.268078,-0.467683,0.635791,0.614037,-0.055698,0.013362,0.037849,1.171765,-1.141715,2.544469,-0.304882
1240,0.140109,0.058842,0.360073,-0.55417,0.337486,-0.760949,-0.753995,-0.590845,0.286992,-0.352065,0.732373,0.582844,-0.111021,0.016876,0.083925,0.16604,0.211733,0.613152,-0.147518,-0.154797,0.079515,0.347674,0.417399,0.494609,0.76232,-0.869849,0.460035,0.177946,-0.263185,-0.737988,0.621265,0.012814,-0.010144,0.020914,0.025167,-0.178083,-0.113065,-0.364062,0.041557,0.062456,-0.003461,-0.464935,-0.481541,0.742935,0.810028,-0.570058,0.137432,0.357337,0.665695,0.655102,0.011403,0.001677,0.006913,0.113379,-0.371874,0.05807,-0.518246,0.084781,0.053943,-0.062966,-0.597922,0.281963,-0.750323,-0.647282,-0.721973,0.2445,-0.472773,0.631863,0.614193,-0.049653,0.008091,0.041689,0.289656,0.286032,0.663062,-0.308638
1241,0.136049,0.059401,0.363213,-0.501541,0.360132,-0.786643,-0.777859,-0.5857,0.227735,-0.378105,0.725666,0.574867,-0.099187,0.01899,0.069978,0.290029,0.197783,1.035553,-0.187208,-0.154293,0.079477,0.348303,0.418214,0.499361,0.758767,-0.869979,0.460243,0.176766,-0.261453,-0.734655,0.62593,0.012711,-0.008912,0.021582,-0.057605,-0.031316,0.000928,-0.394115,0.041809,0.062438,-0.003146,-0.466253,-0.486421,0.738918,0.810171,-0.570237,0.135833,0.355287,0.661983,0.65996,0.005701,0.001748,0.007354,-0.04186,-0.025969,0.064483,-0.551067,0.082786,0.054236,-0.06141,-0.550428,0.312428,-0.77422,-0.670682,-0.717737,0.187184,-0.497205,0.622287,0.604602,-0.04995,0.003764,0.039007,0.029188,-0.373584,0.894598,-0.321865
1242,0.132554,0.059535,0.36601,-0.465161,0.37608,-0.801395,-0.7973,-0.571325,0.194606,-0.384099,0.729007,0.566608,-0.088766,-0.00071,0.072746,-0.087519,-0.56374,1.190338,-0.238318,-0.15389,0.079346,0.34897,0.413287,0.508021,0.755712,-0.872152,0.459277,0.168374,-0.262043,-0.72931,0.631904,0.012821,-0.010392,0.020772,0.206131,-0.495389,-0.356717,-0.432792,0.04201,0.062377,-0.00281,-0.463053,-0.493105,0.736498,0.81196,-0.569186,0.129412,0.355391,0.657931,0.663944,0.006388,-0.005041,0.010461,-0.060385,-0.038712,-0.007171,-0.586664,0.080998,0.054315,-0.059982,-0.517327,0.337018,-0.786633,-0.692171,-0.705325,0.153021,-0.503261,0.623646,0.598157,-0.04447,-0.000561,0.036327,-0.129457,-0.48125,0.989309,-0.368076
1243,0.129188,0.059418,0.368723,-0.446187,0.38389,-0.808449,-0.811788,-0.553859,0.184966,-0.376213,0.73834,0.559772,-0.077887,-0.008044,0.068342,-0.188513,-0.440999,0.746414,-0.204693,-0.153528,0.079124,0.349756,0.411058,0.517337,0.75059,-0.873696,0.458391,0.162687,-0.260396,-0.723302,0.639447,0.001317,-0.008606,0.022553,0.209874,-0.502479,-0.365087,-0.48617,0.042191,0.062265,-0.002428,-0.462028,-0.502435,0.730813,0.813501,-0.568273,0.123616,0.353192,0.651632,0.67129,0.00629,-0.003874,0.011099,-0.057098,-0.046277,-0.016094,-0.62814,0.079344,0.05426,-0.058651,-0.500056,0.347525,-0.793202,-0.70909,-0.690117,0.144668,-0.497127,0.634794,0.591523,-0.038682,0.001489,0.030125,-0.450706,0.132722,0.028472,-0.372811
1244,0.127657,0.059344,0.369922,-0.441105,0.385616,-0.810415,-0.816413,-0.547399,0.183838,-0.372188,0.742243,0.557295,-0.077698,5.1e-05,0.058533,-1.098231,1.396167,-1.483473,-0.157327,-0.153323,0.078945,0.350197,0.409685,0.521964,0.748134,-0.874624,0.457628,0.159825,-0.259439,-0.720459,0.643035,0.013832,-0.019114,0.029671,0.172871,-0.489941,-0.37567,-0.524424,0.042294,0.062177,-0.002202,-0.461273,-0.507081,0.728076,0.814485,-0.56747,0.120793,0.35191,0.648726,0.674769,0.006237,-0.003256,0.011431,-0.06543,-0.045556,0.020228,-0.659329,0.078545,0.054219,-0.05802,-0.492206,0.350585,-0.796757,-0.715677,-0.684021,0.141139,-0.495518,0.639691,0.587585,-0.039248,-0.005659,0.033343,-0.163576,-0.283657,0.467923,-0.351584
1245,0.124738,0.059058,0.372189,-0.427533,0.384465,-0.818197,-0.824117,-0.537736,0.177883,-0.37106,0.749862,0.547766,-0.067506,-0.009514,0.053144,-0.136866,-0.186001,0.31512,-0.111124,-0.152938,0.078527,0.351182,0.407057,0.531208,0.743044,-0.876505,0.455885,0.154409,-0.257211,-0.714793,0.650213,0.00256,-0.0201,0.029974,0.063774,-0.286891,-0.259698,-0.567839,0.04249,0.061971,-0.001708,-0.459594,-0.517419,0.721838,0.816634,-0.565692,0.114457,0.349116,0.642081,0.682531,0.006235,-0.00331,0.011398,0.195511,-0.465139,-0.281979,-0.718276,0.077082,0.054083,-0.056883,-0.480786,0.351681,-0.80322,-0.724356,-0.675511,0.137814,-0.494118,0.648077,0.579519,-0.033819,-0.004907,0.026542,-0.129414,-0.082703,0.177868,-0.306352
1246,0.122141,0.058392,0.37411,-0.421714,0.38524,-0.820849,-0.82853,-0.531486,0.176159,-0.367889,0.753907,0.544343,-0.058297,-0.022727,0.046018,-0.137734,-0.07737,0.153055,-0.125466,-0.152622,0.078098,0.352156,0.405362,0.538151,0.738963,-0.877988,0.454156,0.15104,-0.254812,-0.710694,0.655628,0.01255,-0.007211,0.022501,-0.040575,-0.061489,-0.021412,-0.604319,0.04264,0.061754,-0.001227,-0.458312,-0.525411,0.716863,0.818526,-0.563826,0.110063,0.346358,0.637215,0.688471,0.000623,-0.004106,0.011378,-0.065851,-0.018241,-0.035097,-0.75518,0.075803,0.053767,-0.055936,-0.475165,0.353677,-0.805685,-0.729662,-0.670112,0.136166,-0.491742,0.65258,0.576479,-0.028816,-0.005905,0.018869,-0.105092,0.007971,-0.001608,-0.295575
1247,0.121082,0.058056,0.374842,-0.4194,0.385562,-0.821883,-0.830276,-0.528987,0.17546,-0.3666,0.755497,0.543006,-0.058249,-0.014839,0.036128,-0.102772,-0.093578,0.169814,-0.13754,-0.152464,0.077968,0.352596,0.404853,0.540459,0.737557,-0.87853,0.453403,0.15015,-0.253749,-0.709424,0.657413,0.001164,-0.006861,0.023485,-0.050297,-0.045783,-0.014208,-0.615439,0.042728,0.061684,-0.001,-0.45828,-0.527555,0.715306,0.819089,-0.563127,0.109452,0.345067,0.63606,0.690185,0.006224,-0.003194,0.011464,-0.073765,-0.012724,0.011192,-0.773142,0.075229,0.053578,-0.055537,-0.472711,0.354508,-0.806764,-0.731996,-0.667698,0.135502,-0.490638,0.654601,0.575126,-0.02926,-0.007945,0.017831,-0.102184,-0.093653,0.169383,-0.301453
1248,0.119202,0.057323,0.375983,-0.414956,0.386152,-0.823859,-0.833405,-0.524589,0.173819,-0.364558,0.758255,0.540531,-0.036266,-0.016155,0.02079,-0.066252,-0.124005,0.221199,-0.144535,-0.152131,0.077878,0.353462,0.404741,0.542785,0.735908,-0.879182,0.45211,0.150232,-0.251656,-0.708475,0.659239,0.01105,0.006898,0.016396,-0.030582,-0.024997,0.032024,-0.620538,0.042891,0.061634,-0.000564,-0.458494,-0.52958,0.713671,0.819899,-0.56188,0.109795,0.342853,0.635479,0.691821,0.006087,-0.001635,0.012279,-0.076877,-0.014229,0.048643,-0.787185,0.074316,0.053223,-0.054982,-0.468624,0.355859,-0.808551,-0.735643,-0.663952,0.13415,-0.4891,0.657671,0.572929,-0.024428,-0.013087,0.015038,-0.101603,-0.092129,0.175164,-0.310924
1249,0.117949,0.05663,0.376579,-0.411589,0.38657,-0.82535,-0.835577,-0.521623,0.172312,-0.363406,0.760084,0.538734,-0.026088,-0.024078,0.016386,-0.072003,0.07876,-0.116219,-0.167727,-0.151749,0.077973,0.354267,0.403864,0.547318,0.733027,-0.880022,0.451162,0.148146,-0.250118,-0.705589,0.662908,0.012108,-0.002473,0.024947,-0.040787,-0.074056,0.005531,-0.638697,0.043081,0.061684,-0.000166,-0.458209,-0.534154,0.710439,0.820785,-0.561017,0.107569,0.34111,0.632407,0.695488,0.005405,0.004541,0.008741,-0.022711,-0.06028,0.037615,-0.796166,0.073671,0.05287,-0.054676,-0.465072,0.356984,-0.810104,-0.738418,-0.661185,0.132557,-0.488309,0.659845,0.571102,-0.012654,-0.006554,0.004022,-0.03006,-0.155225,0.267184,-0.318436
1250,0.117143,0.056237,0.376811,-0.409985,0.386728,-0.826074,-0.83658,-0.520258,0.171575,-0.362916,0.760938,0.537858,-0.023963,0.000432,0.000928,-0.001969,0.029429,-0.059106,-0.227116,-0.151194,0.07813,0.35515,0.400833,0.554211,0.729504,-0.883093,0.445535,0.146903,-0.244088,-0.70379,0.667056,0.010662,0.010534,0.018187,-0.028094,-0.047867,0.048609,-0.649101,0.043355,0.061758,0.00027,-0.456024,-0.541149,0.70654,0.824525,-0.5557,0.106558,0.33496,0.631153,0.699604,0.011561,0.00016,0.012778,-0.113242,-0.030235,0.049015,-0.804167,0.073269,0.052657,-0.054564,-0.46366,0.357406,-0.810727,-0.73957,-0.660007,0.132004,-0.487907,0.660795,0.570346,-0.006326,-0.001378,-0.000518,-0.001235,0.029281,-0.05454,-0.348481
1251,0.116903,0.056145,0.376897,-0.409594,0.389278,-0.82507,-0.836904,-0.520277,0.169932,-0.362612,0.759622,0.539921,-0.011777,0.001152,0.000947,0.009019,0.036419,-0.017,-0.255401,-0.150885,0.078175,0.355596,0.400056,0.558678,0.726516,-0.88365,0.44527,0.144335,-0.243342,-0.700421,0.670865,0.023151,4e-06,0.025381,-0.000313,-0.155842,-0.014356,-0.650594,0.043509,0.061786,0.000501,-0.455903,-0.545429,0.70332,0.825028,-0.555426,0.10406,0.333885,0.627701,0.703215,0.005952,-0.00051,0.012808,-0.004664,-0.141943,-0.047328,-0.806127,0.073138,0.052601,-0.05452,-0.463659,0.360226,-0.809479,-0.739914,-0.659998,0.130109,-0.487386,0.659272,0.572551,-0.006285,-0.004836,0.004724,-0.03565,-0.071005,0.125556,-0.368566
1252,0.116693,0.056069,0.377075,-0.407517,0.39948,-0.821213,-0.838116,-0.520682,0.162554,-0.362154,0.754017,0.548023,-0.000318,-0.008729,0.009558,0.061587,0.227166,0.105049,-0.309272,-0.150196,0.078247,0.356515,0.397338,0.5655,0.72272,-0.886563,0.439706,0.143522,-0.237102,-0.698465,0.675124,0.010614,0.010273,0.017956,-0.020315,-0.055536,0.045257,-0.651343,0.043858,0.061819,0.000963,-0.454013,-0.552431,0.699064,0.82865,-0.550126,0.10344,0.32743,0.626243,0.707537,0.011545,-7.5e-05,0.012619,-0.078945,-0.027948,0.075856,-0.816414,0.073029,0.052566,-0.054434,-0.463344,0.370197,-0.805149,-0.74094,-0.660244,0.122821,-0.486127,0.653476,0.580213,0.000333,0.001501,0.000781,0.120561,0.15438,0.318828,-0.407919
1253,0.116679,0.056147,0.377233,-0.402632,0.417271,-0.81475,-0.840442,-0.521173,0.148346,-0.362232,0.743959,0.561551,0.001048,0.004696,0.002418,0.20503,0.327183,0.451793,-0.367746,-0.149433,0.078321,0.357447,0.395399,0.570071,0.720188,-0.889134,0.434091,0.144705,-0.230612,-0.698267,0.677572,0.023029,0.000228,0.025407,-0.039048,-0.088203,0.036161,-0.649522,0.044235,0.06186,0.001426,-0.452712,-0.55692,0.696341,0.831861,-0.544967,0.104963,0.321027,0.626778,0.709993,0.011497,0.000142,0.012706,-0.049119,-0.075398,0.042762,-0.823762,0.073022,0.052601,-0.054352,-0.461681,0.387727,-0.79782,-0.742965,-0.660395,0.108997,-0.484616,0.643074,0.59296,-0.005772,-0.002554,0.005889,0.237693,0.623564,0.293435,-0.449231
1254,0.11668,0.056191,0.37734,-0.399582,0.427411,-0.810986,-0.841865,-0.521169,0.140062,-0.362308,0.738175,0.569085,0.001333,0.005973,0.003072,0.226354,0.377074,0.480479,-0.404037,-0.148972,0.07836,0.357908,0.395712,0.572258,0.718278,-0.889265,0.433943,0.144346,-0.229567,-0.696569,0.679672,0.023051,-0.000296,0.02512,-0.052999,-0.064218,0.053838,-0.648629,0.044466,0.06188,0.001657,-0.453279,-0.559053,0.694259,0.832019,-0.544811,0.104511,0.319813,0.625011,0.712095,0.011519,-0.000218,0.012512,-0.07556,-0.033976,0.071739,-0.824089,0.073023,0.052625,-0.054297,-0.460236,0.398247,-0.793462,-0.744401,-0.660133,0.100451,-0.483786,0.636885,0.600273,0.000686,0.003075,0.001582,0.251597,0.426485,0.507306,-0.475031
1255,0.11668,0.056234,0.377754,-0.397423,0.442835,-0.80374,-0.843825,-0.520507,0.130396,-0.360121,0.729486,0.581541,0.001792,0.00073,0.014409,0.066172,0.211455,0.162115,-0.454599,-0.148048,0.078396,0.358787,0.396089,0.576607,0.714584,-0.889609,0.433541,0.143434,-0.227575,-0.693228,0.683746,0.021842,0.009318,0.016564,-0.021051,-0.065743,0.078326,-0.646992,0.044928,0.061896,0.002101,-0.454214,-0.563088,0.690377,0.832413,-0.544373,0.103658,0.317454,0.621762,0.715984,0.006035,-0.002028,0.011959,-0.080874,-0.012475,0.047528,-0.821476,0.073022,0.052641,-0.054093,-0.46075,0.414105,-0.785,-0.746453,-0.659277,0.090342,-0.480121,0.627591,0.612871,0.000934,0.000567,0.007309,0.04487,0.164675,0.141307,-0.51961
1256,0.116755,0.056115,0.378576,-0.402622,0.45608,-0.793683,-0.844482,-0.519606,0.129739,-0.352738,0.721918,0.595347,0.001938,-0.005904,0.025025,0.051128,0.289355,0.146555,-0.492615,-0.147354,0.078425,0.359617,0.396898,0.578802,0.712357,-0.889769,0.432993,0.144093,-0.225524,-0.691741,0.685927,0.010804,0.006549,0.015889,0.100428,-0.247884,-0.129791,-0.646324,0.045275,0.061914,0.002507,-0.455724,-0.563635,0.688934,0.83242,-0.543993,0.105583,0.315265,0.621599,0.717092,0.01094,0.004091,0.007961,0.244358,-0.393611,-0.386317,-0.82066,0.073058,0.052586,-0.0537,-0.468123,0.424909,-0.774799,-0.747155,-0.658487,0.090298,-0.471827,0.621165,0.625726,0.001053,-0.002535,0.012724,0.130274,0.429312,0.264206,-0.552268
1257,0.116695,0.055863,0.379829,-0.407233,0.469026,-0.783722,-0.845309,-0.518472,0.128883,-0.34539,0.714388,0.60859,0.002785,-0.009408,0.037227,-0.000457,0.236993,0.15596,-0.51608,-0.146881,0.078598,0.360341,0.397316,0.581003,0.710329,-0.889971,0.432557,0.144155,-0.223984,-0.690168,0.688014,-0.000476,0.006504,0.016575,-0.028635,-0.029298,0.024292,-0.645303,0.045516,0.061993,0.00287,-0.45606,-0.566986,0.685956,0.832866,-0.543522,0.104479,0.313594,0.618958,0.720102,0.005276,0.00424,0.008396,-0.042961,-0.022676,0.066295,-0.821966,0.073031,0.052455,-0.053082,-0.47473,0.436775,-0.764106,-0.74822,-0.657446,0.089053,-0.463463,0.613996,0.638913,0.001327,-0.004924,0.018507,0.045098,0.346569,0.188298,-0.574639
1258,0.116651,0.055713,0.380596,-0.409263,0.479095,-0.776542,-0.846049,-0.5179,0.126304,-0.341157,0.708087,0.618265,-0.008228,-0.005002,0.039802,0.081049,0.450254,0.204781,-0.526956,-0.146725,0.078678,0.360689,0.395879,0.585359,0.707549,-0.890679,0.432142,0.140991,-0.22371,-0.686741,0.691522,-0.000467,0.006359,0.01648,0.193309,-0.405315,-0.24755,-0.644851,0.045598,0.062039,0.003057,-0.455668,-0.569902,0.683796,0.833354,-0.543119,0.102674,0.312869,0.61663,0.722412,-0.000242,0.003136,0.008207,0.306261,-0.55776,-0.337324,-0.82115,0.07301,0.052381,-0.052687,-0.478559,0.445551,-0.756613,-0.748967,-0.656883,0.0869,-0.458289,0.608265,0.648061,0.001832,-0.002653,0.019638,0.152314,0.555577,0.337095,-0.583619
1259,0.116597,0.05539,0.38239,-0.411565,0.501178,-0.761236,-0.847975,-0.516652,0.118241,-0.33353,0.693549,0.638573,-0.007384,-0.008592,0.051908,0.211923,0.814975,0.412594,-0.552349,-0.146603,0.078807,0.361413,0.395865,0.587628,0.705674,-0.891058,0.431436,0.140759,-0.222217,-0.685247,0.693483,-0.000462,0.006255,0.016381,-0.006027,-0.067486,-0.003191,-0.644611,0.045659,0.062101,0.003413,-0.45552,-0.573476,0.6809,0.834018,-0.542387,0.101139,0.31131,0.613955,0.725358,0.000481,-0.002968,0.011826,-0.055481,-0.042756,-0.014007,-0.821803,0.07298,0.052217,-0.051776,-0.484579,0.465286,-0.740736,-0.750985,-0.655511,0.079532,-0.448556,0.594822,0.66707,-0.003627,-0.003906,0.026149,0.170544,0.734166,0.375789,-0.602888
1260,0.116541,0.055071,0.384622,-0.415147,0.522824,-0.744549,-0.84973,-0.515161,0.111976,-0.32451,0.678501,0.659058,-0.006306,-0.011152,0.064467,0.033614,0.600732,0.068604,-0.559105,-0.146671,0.078887,0.362095,0.394219,0.592068,0.702879,-0.892041,0.430287,0.138024,-0.221196,-0.682144,0.696861,-0.000181,0.003548,0.01501,-0.003348,-0.059547,-0.032737,-0.644083,0.045625,0.062144,0.00375,-0.454466,-0.577885,0.67787,0.835084,-0.541238,0.098461,0.30999,0.610826,0.728557,-0.004952,-0.004689,0.011342,-0.043904,-0.036962,-0.084714,-0.821313,0.072952,0.052056,-0.05066,-0.491852,0.486719,-0.721931,-0.753032,-0.654019,0.072108,-0.437061,0.579104,0.688196,-0.003095,-0.005181,0.032432,0.018814,0.571101,0.056724,-0.615461
1261,0.116548,0.05491,0.38585,-0.415854,0.534545,-0.73578,-0.850862,-0.514313,0.107176,-0.320621,0.669951,0.669623,0.005651,-0.011136,0.064001,0.169031,0.874808,0.253391,-0.55747,-0.14676,0.078887,0.36241,0.393281,0.594292,0.701527,-0.89257,0.429654,0.136568,-0.220727,-0.680609,0.698508,-6e-05,0.002396,0.014432,-0.00759,-0.052384,-0.027539,-0.64467,0.04558,0.062147,0.003914,-0.453816,-0.580223,0.676307,0.83568,-0.540586,0.096975,0.309335,0.609186,0.730208,-0.005609,0.000825,0.007403,-0.027528,-0.01489,-0.045093,-0.821803,0.072955,0.051983,-0.050069,-0.494351,0.495862,-0.713958,-0.75414,-0.653123,0.068563,-0.432305,0.57232,0.696822,-0.00287,-0.004184,0.032884,-0.078934,0.368535,-0.053246,-0.617584
1262,0.116551,0.054714,0.388321,-0.421928,0.54852,-0.721906,-0.851485,-0.513181,0.107663,-0.310895,0.659434,0.684483,-0.004514,0.00405,0.057662,-0.004864,0.416307,-0.011078,-0.554984,-0.146997,0.078818,0.362989,0.393169,0.59936,0.697264,-0.893314,0.428402,0.135632,-0.217892,-0.676947,0.702944,-0.010761,-0.002465,0.012781,0.048315,-0.135566,-0.126904,-0.644573,0.045461,0.062115,0.00421,-0.454497,-0.584764,0.671924,0.836508,-0.53941,0.096385,0.30608,0.605877,0.73432,-0.00537,-0.001447,0.006289,0.0535,-0.136563,-0.132394,-0.822456,0.072961,0.051884,-0.048829,-0.502718,0.509212,-0.698553,-0.755121,-0.652035,0.068125,-0.420791,0.56174,0.712307,0.003163,-0.003872,0.032731,0.00133,0.482695,0.067259,-0.618074
1263,0.116578,0.054612,0.390703,-0.437263,0.551305,-0.710569,-0.849322,-0.512929,0.124609,-0.295237,0.657302,0.693409,0.006435,-0.000244,0.054985,-0.140839,0.10845,-0.138612,-0.526907,-0.147136,0.07868,0.363439,0.39199,0.601616,0.695984,-0.894055,0.427244,0.134397,-0.216973,-0.675678,0.704447,0.00072,-0.005169,0.010732,-0.033313,0.00359,-0.022754,-0.643361,0.045391,0.062049,0.004431,-0.453505,-0.587247,0.670426,0.837427,-0.538223,0.095025,0.305036,0.604528,0.735864,-0.005222,-0.002838,0.005611,-0.048827,0.024199,-0.015819,-0.821803,0.07297,0.051842,-0.047654,-0.518277,0.509026,-0.687226,-0.75321,-0.652277,0.0849,-0.405046,0.561627,0.721464,-0.002902,-0.004428,0.032595,-0.181631,0.116478,-0.188966,-0.612522
1264,0.116589,0.054524,0.392681,-0.437345,0.551097,-0.710681,-0.849871,-0.511634,0.12618,-0.293534,0.658485,0.69301,0.004745,-0.007835,0.051326,0.288801,-0.452876,0.534907,-0.464095,-0.147183,0.078536,0.363771,0.39082,0.603825,0.694727,-0.894722,0.42629,0.132981,-0.21633,-0.67431,0.705954,-0.00047,0.004635,0.002243,7.6e-05,-0.00013,-9.2e-05,-0.642967,0.045368,0.06197,0.004599,-0.452643,-0.589359,0.669155,0.838195,-0.537239,0.093814,0.304206,0.603347,0.737176,0.000407,-0.003111,0.005113,-0.037373,-0.002263,0.008125,-0.820823,0.07298,0.05181,-0.046638,-0.519135,0.508502,-0.686966,-0.753772,-0.651279,0.087533,-0.402897,0.563258,0.721397,-0.003006,0.002359,0.021911,1.318658,-1.573113,1.744619,-0.574149
1265,0.116622,0.05456,0.393523,-0.438068,0.549134,-0.711754,-0.850173,-0.510308,0.129473,-0.291578,0.661148,0.691298,0.00487,4.7e-05,0.041156,-0.166221,-0.122156,-0.041338,-0.463765,-0.147188,0.078527,0.363896,0.390728,0.603848,0.694759,-0.894835,0.425997,0.13316,-0.216029,-0.674475,0.705888,-0.000559,0.005514,0.002666,-0.012037,0.093329,-0.141647,-0.642496,0.045366,0.061962,0.004659,-0.452678,-0.589341,0.669147,0.838286,-0.537046,0.094105,0.303904,0.603537,0.737146,0.000439,-0.003414,0.004966,-0.036566,0.009682,-0.018099,-0.82066,0.072998,0.051819,-0.046226,-0.518877,0.50683,-0.688395,-0.754441,-0.650171,0.089972,-0.401974,0.566038,0.719732,0.00235,-0.000223,0.020467,-0.214812,-0.214752,-0.088363,-0.561085
1266,0.116633,0.054801,0.3948,-0.43566,0.547293,-0.714643,-0.851567,-0.507801,0.13017,-0.29112,0.664594,0.688179,-0.005983,0.019002,0.022718,-0.041443,-0.02494,0.022149,-0.469124,-0.147152,0.078526,0.364082,0.390534,0.60387,0.694849,-0.895022,0.425532,0.133389,-0.215603,-0.674749,0.705757,0.001048,-0.008398,0.009174,-0.036508,0.008994,-0.018907,-0.640457,0.045383,0.061969,0.004751,-0.452404,-0.589387,0.669292,0.838556,-0.536594,0.094285,0.303568,0.603894,0.736991,0.005358,0.002317,0.000753,0.002306,-0.015172,0.029556,-0.819027,0.073005,0.051935,-0.04557,-0.51621,0.505051,-0.6917,-0.756199,-0.647948,0.091241,-0.402104,0.570163,0.716397,0.002193,0.002696,0.01489,-0.060348,0.018229,0.01997,-0.55684
1267,0.116432,0.05519,0.395779,-0.435287,0.547658,-0.714592,-0.852359,-0.50621,0.131176,-0.28936,0.665506,0.688041,-0.007966,0.002621,0.028924,-0.069397,0.02122,-0.011637,-0.474408,-0.147081,0.078507,0.364217,0.38957,0.606002,0.693532,-0.895455,0.425159,0.13166,-0.215546,-0.673071,0.707374,-0.000241,0.00237,0.001143,0.000201,-0.000342,-0.000242,-0.64136,0.045419,0.061955,0.004822,-0.451697,-0.5916,0.667815,0.839027,-0.536162,0.092529,0.303317,0.602111,0.738552,-0.00012,0.001153,0.000554,-0.004035,0.005721,0.003398,-0.8187,0.072905,0.052138,-0.045082,-0.515912,0.505703,-0.691446,-0.757235,-0.646618,0.092082,-0.400536,0.571094,0.716534,-0.003693,0.006344,0.009892,-0.033751,0.005391,0.004992,-0.557493
1268,0.116253,0.055438,0.396167,-0.43532,0.54775,-0.7145,-0.852557,-0.505757,0.131635,-0.288726,0.665774,0.688048,-0.019082,0.012809,0.020278,-0.036168,0.03271,-0.050135,-0.48659,-0.147046,0.078506,0.364294,0.388783,0.60813,0.692111,-0.895777,0.425019,0.129909,-0.215628,-0.67124,0.709087,-0.000287,0.002815,0.001356,0.030927,-0.052721,-0.037314,-0.641495,0.045436,0.061955,0.004855,-0.45122,-0.593798,0.666184,0.839299,-0.536055,0.090666,0.303275,0.600039,0.740254,-0.000198,0.00192,0.000923,0.035113,-0.076114,-0.020831,-0.819027,0.07282,0.052258,-0.044885,-0.515938,0.505801,-0.691355,-0.75753,-0.646205,0.092554,-0.399944,0.571474,0.716561,-0.003752,0.006015,0.009728,-0.034187,0.004707,0.004761,-0.560922
1269,0.115791,0.055999,0.39685,-0.43533,0.547891,-0.714387,-0.852878,-0.505039,0.132316,-0.287764,0.666203,0.688035,-0.019186,0.012041,0.019872,-0.035413,0.019425,-0.024572,-0.512702,-0.147009,0.078497,0.364476,0.388957,0.608157,0.691989,-0.895819,0.424791,0.130364,-0.215138,-0.671359,0.709123,0.000957,-0.007496,0.009611,-0.036498,0.008947,-0.018937,-0.641652,0.045455,0.06195,0.004946,-0.451391,-0.593682,0.666173,0.8394,-0.535794,0.091277,0.302742,0.600388,0.74019,-0.000236,0.002275,0.001092,0.00122,-0.014287,0.025076,-0.81919,0.072588,0.052533,-0.044546,-0.515995,0.50592,-0.691225,-0.757954,-0.645603,0.093278,-0.399066,0.572048,0.716593,-0.003644,0.010009,0.004662,-0.000116,0.001352,-0.004183,-0.579047
1270,0.11521,0.056429,0.397528,-0.436055,0.54794,-0.713907,-0.852933,-0.504606,0.133603,-0.2865,0.66649,0.688284,-0.019632,0.009793,0.018836,-0.035391,0.019524,-0.024522,-0.513868,-0.146938,0.078412,0.364758,0.388051,0.610316,0.690596,-0.896332,0.424125,0.129001,-0.214636,-0.669821,0.710728,0.000864,-0.006581,0.010054,0.006319,-0.064089,-0.070475,-0.642932,0.045491,0.061909,0.005083,-0.450813,-0.595853,0.664624,0.839919,-0.535217,0.089878,0.302165,0.598749,0.741751,-0.000256,0.002466,0.001183,0.059988,-0.10274,-0.072759,-0.819843,0.072297,0.052749,-0.044206,-0.516724,0.50582,-0.690754,-0.758084,-0.64526,0.094585,-0.397873,0.572524,0.716876,-0.004302,0.003364,0.00851,-0.035072,0.018117,-0.020629,-0.585579
1271,0.114815,0.056618,0.397865,-0.436708,0.547918,-0.713524,-0.85284,-0.504533,0.134468,-0.285783,0.666563,0.688512,-0.020012,0.00799,0.01803,-0.036129,0.032882,-0.05005,-0.513608,-0.146918,0.078404,0.364902,0.388163,0.61034,0.690512,-0.896375,0.423929,0.129344,-0.214253,-0.669923,0.710747,-0.000672,0.00657,0.003151,0.002772,-0.017003,0.023162,-0.642536,0.045502,0.061896,0.00516,-0.450838,-0.595949,0.664522,0.840069,-0.534926,0.090209,0.30171,0.598914,0.741803,0.00036,-0.002627,0.005344,-0.043943,0.018866,-0.013458,-0.82017,0.072092,0.052848,-0.044031,-0.517387,0.505666,-0.690371,-0.758009,-0.645215,0.095486,-0.397154,0.572711,0.717126,-0.010045,0.003875,0.008973,-0.036076,0.032873,-0.050151,-0.586395
1272,0.11394,0.056861,0.398624,-0.438085,0.547925,-0.712674,-0.852733,-0.504173,0.136483,-0.283991,0.66683,0.688995,-0.032453,-0.002509,0.027492,-0.071988,0.064499,-0.09603,-0.508531,-0.146924,0.078423,0.365228,0.386556,0.614616,0.687615,-0.89712,0.423325,0.126117,-0.214038,-0.666388,0.714127,0.000601,-0.004009,0.011284,0.060265,-0.156075,-0.135078,-0.641633,0.045498,0.061911,0.005321,-0.449996,-0.599759,0.661658,0.840721,-0.534367,0.087401,0.301149,0.5956,0.744693,-0.000458,0.004427,0.002116,0.152546,-0.260496,-0.141398,-0.819517,0.071675,0.052968,-0.043668,-0.51864,0.505426,-0.689605,-0.757999,-0.644944,0.097384,-0.395536,0.573227,0.717607,-0.01016,0.00327,0.008701,-0.036077,0.032963,-0.050079,-0.586395
1273,0.113086,0.057012,0.3993,-0.439184,0.547965,-0.711967,-0.85271,-0.503738,0.138226,-0.282362,0.667125,0.689379,-0.031412,0.016193,0.008511,-0.002187,0.030921,-0.063064,-0.497401,-0.146921,0.07844,0.365593,0.386029,0.616783,0.685967,-0.897498,0.422842,0.12504,-0.213399,-0.664691,0.715898,-0.000799,0.007807,0.003721,0.004756,-0.020348,0.020814,-0.641624,0.0455,0.061918,0.005503,-0.44954,-0.60244,0.659528,0.841261,-0.533769,0.085844,0.30032,0.593426,0.746761,0.000225,-0.001332,0.00596,-0.046859,0.008883,0.013011,-0.819027,0.071247,0.053037,-0.043323,-0.519763,0.505244,-0.688892,-0.758065,-0.644588,0.099202,-0.393931,0.573788,0.718042,-0.010526,0.001614,0.007978,-0.036069,0.033064,-0.050029,-0.579864
1274,0.112223,0.057116,0.399832,-0.439056,0.545468,-0.713961,-0.85257,-0.50364,0.139437,-0.282982,0.669242,0.687068,-0.021643,0.000532,0.014771,-0.053601,-0.0029,-0.067939,-0.494465,-0.146914,0.078422,0.366009,0.386345,0.62166,0.681372,-0.897952,0.422133,0.124178,-0.210899,-0.660589,0.720422,0.000345,-0.001513,0.012461,-0.02744,-0.028752,-0.003298,-0.642917,0.045503,0.061909,0.005706,-0.450513,-0.6071,0.654574,0.841779,-0.5331,0.084921,0.297398,0.589265,0.751212,-0.000501,0.004841,0.0023,-0.044274,-0.055962,0.067995,-0.81968,0.070805,0.053096,-0.043053,-0.519211,0.50267,-0.691189,-0.757939,-0.644516,0.100626,-0.394901,0.576126,0.715633,-0.010961,-0.00029,0.00716,-0.042763,0.018883,-0.061899,-0.576108
