frame,MLTx,MLTy,MLTz,MLTR1,MLTR2,MLTR3,MLTR4,MLTR5,MLTR6,MLTR7,MLTR8,MLTR9,MLTTVx,MLTTVy,MLTTVz,MLTRVx,MLTRVy,MLTRVz,MLGA,MRTx,MRTy,MRTz,MRTR1,MRTR2,MRTR3,MRTR4,MRTR5,MRTR6,MRTR7,MRTR8,MRTR9,MRTTVx,MRTTVy,MRTTVz,MRTRVx,MRTRVy,MRTRVz,MRGA,SLTx,SLTy,SLTz,SLTR1,SLTR2,SLTR3,SLTR4,SLTR5,SLTR6,SLTR7,SLTR8,SLTR9,SLTTVx,SLTTVy,SLTTVz,SLTRVx,SLTRVy,SLTRVz,SLGA,SRTx,SRTy,SRTz,SRTR1,SRTR2,SRTR3,SRTR4,SRTR5,SRTR6,SRTR7,SRTR8,SRTR9,SRTTVx,SRTTVy,SRTTVz,SRTRVx,SRTRVy,SRTRVz,SRGA
132,0.137186,-0.060477,0.268771,-0.685694,0.052551,-0.726022,-0.367351,-0.886049,0.28274,-0.627585,0.460508,0.627772,-0.016267,0.013165,-0.005557,0.035137,-0.014042,0.013012,0.506401,-0.188047,-0.053187,0.276209,-0.716321,0.542747,0.438521,-0.044841,-0.66283,0.747382,0.69719,0.515011,0.498552,0.04708,0.03712,-0.02274,-2.267119,-2.924983,-5.042799,-1.039909,0.033173,0.028046,-0.01715,0.721612,-0.577897,0.381195,0.109929,0.639286,0.761069,-0.683513,-0.507292,0.524845,0.03198,0.012978,-0.008092,-0.072615,-0.609377,-0.186827,-0.995544,0.072015,0.019506,-0.069359,0.691787,-0.022108,-0.721761,0.289892,0.923951,0.249552,0.661356,-0.38187,0.645587,-0.008125,0.00661,-0.002733,0.035144,-0.014037,0.013021,0.496874
133,0.137152,-0.060313,0.268661,-0.684532,0.050413,-0.727269,-0.367082,-0.885745,0.28404,-0.629009,0.461334,0.625736,4.2e-05,0.000219,0.000375,-0.158139,-0.284576,-0.161815,0.507666,-0.18688,-0.052549,0.275819,-0.752162,0.487847,0.443001,-0.000229,-0.672303,0.740232,0.659882,0.556048,0.505202,0.063257,0.037736,-0.023266,-2.173825,-4.942523,-3.391156,-1.046393,0.03375,0.028365,-0.017344,0.757257,-0.525629,0.387651,0.063858,0.650286,0.756999,-0.649986,-0.548489,0.526,0.031947,0.013181,-0.007818,-0.703963,-0.992761,-1.559242,-0.996687,0.071998,0.01959,-0.06941,0.691033,-0.021214,-0.722511,0.289718,0.923892,0.249969,0.66222,-0.382062,0.644586,0.000131,0.005644,-0.003942,-0.25675,-0.494307,-0.240657,0.498181
134,0.137059,-0.059935,0.268385,-0.683342,0.048207,-0.728536,-0.366356,-0.885754,0.284947,-0.630723,0.461555,0.623846,0.000165,0.01083,-0.008671,0.012924,-0.05479,-0.005446,0.511276,-0.18429,-0.051239,0.275137,-0.815893,0.356297,0.455371,0.106353,-0.681484,0.724019,0.569307,0.638692,0.517518,0.080091,0.029149,-0.01296,-0.235606,-0.220097,-3.241265,-1.058353,0.035014,0.029006,-0.017682,0.827467,-0.396663,0.397435,-0.041566,0.662581,0.747835,-0.559972,-0.635329,0.531777,0.040058,0.014527,-0.006735,0.330924,-1.217562,-0.297381,-0.993094,0.071952,0.019776,-0.069544,0.68896,-0.017859,-0.724578,0.288982,0.923568,0.252013,0.664697,-0.383017,0.641462,8e-05,0.005385,-0.004386,0.023633,0.063996,-0.169545,0.502589
135,0.13694,-0.059493,0.268032,-0.680571,0.037319,-0.731762,-0.359902,-0.886949,0.289419,-0.637393,0.460281,0.617979,0.000133,0.010657,-0.008971,0.010166,-0.059743,-0.00836,0.515617,-0.181545,-0.050115,0.274672,-0.859238,0.213002,0.465115,0.214247,-0.67558,0.705425,0.465549,0.705497,0.53423,0.06369,0.029806,-0.010864,-0.452263,-1.697878,-1.095413,-1.090201,0.036439,0.029596,-0.017925,0.87729,-0.248245,0.410774,-0.156015,0.661877,0.733196,-0.453895,-0.707313,0.541929,0.031874,0.015019,-0.005417,-0.483033,-1.70848,-1.087588,-0.986563,0.071893,0.02,-0.069723,0.685182,-0.007179,-0.728335,0.282402,0.924351,0.256559,0.671396,-0.381473,0.635377,7e-05,0.005317,-0.004504,0.045313,-0.01263,0.013578,0.507488
136,0.136882,-0.059225,0.267815,-0.678569,0.032724,-0.733838,-0.359128,-0.886256,0.292487,-0.639958,0.461969,0.614056,0.000366,0.021827,-0.01707,0.012917,-0.023626,-0.191057,0.517625,-0.180066,-0.049591,0.274554,-0.871914,0.134613,0.470783,0.27154,-0.666917,0.693846,0.40846,0.732628,0.544316,0.064443,0.02067,0.000163,-0.493197,-2.181675,-1.267449,-1.09827,0.037154,0.029848,-0.017987,0.891801,-0.173073,0.418014,-0.212984,0.654553,0.725394,-0.399158,-0.735938,0.546869,0.039658,0.016179,-0.003971,-2.88469,-5.702864,-4.119955,-0.991462,0.071863,0.020122,-0.069824,0.682777,-0.002988,-0.730619,0.281834,0.923674,0.259601,0.674079,-0.383164,0.631506,-0.008235,0.005959,-0.003853,-0.011788,-0.096166,-0.07144,0.509774
137,0.136786,-0.058716,0.267354,-0.674043,0.016931,-0.738529,-0.351946,-0.886346,0.300825,-0.648666,0.462666,0.604318,-6.2e-05,0.009636,-0.010725,-0.153418,-0.243312,-0.343652,0.521188,-0.177025,-0.048626,0.274567,-0.87504,-0.004765,0.484019,0.374306,-0.640383,0.670626,0.307854,0.767988,0.561501,0.080512,0.024457,0.003875,-2.392626,-4.291594,-3.786832,-1.113296,0.038669,0.030329,-0.017984,0.900163,-0.037082,0.433971,-0.314764,0.63329,0.707012,-0.301047,-0.773025,0.558392,0.040284,0.012183,0.001729,-0.023961,-0.231178,-3.123957,-0.979051,0.071816,0.020391,-0.07006,0.677348,0.011677,-0.735568,0.274507,0.923644,0.267443,0.682527,-0.383071,0.622424,-3.5e-05,0.004754,-0.005469,-0.185422,-0.287257,-0.365409,0.515816
138,0.136704,-0.058257,0.266789,-0.669597,0.004846,-0.742739,-0.349772,-0.884222,0.309488,-0.654419,0.467011,0.594696,-0.016981,0.009252,-0.012295,-0.032838,-0.010145,-0.247682,0.521799,-0.173912,-0.047766,0.27494,-0.856483,-0.141009,0.496532,0.473276,-0.598028,0.646766,0.20681,0.789105,0.578278,0.081148,0.016312,0.016015,-0.481546,-1.836447,-0.844435,-1.112772,0.040255,0.030769,-0.017795,0.886077,0.104905,0.451509,-0.420344,0.59243,0.687268,-0.19539,-0.798762,0.569035,0.040619,0.008316,0.008138,-0.48944,-1.857737,-0.833885,-0.975296,0.071781,0.020618,-0.070337,0.671324,0.023975,-0.740774,0.272567,0.921449,0.276835,0.689224,-0.387758,0.612056,-0.000244,0.003679,-0.007316,0.013903,-0.061337,-0.049753,0.518592
139,0.136668,-0.058061,0.266427,-0.665782,-0.004611,-0.746163,-0.348626,-0.882207,0.316451,-0.658906,0.47082,0.586684,-0.000761,0.006013,-0.016954,-0.358164,-0.699053,-0.412386,0.521513,-0.172384,-0.047381,0.275223,-0.837975,-0.217888,0.500314,0.525552,-0.568472,0.632905,0.147559,0.79356,0.590213,0.080999,0.016479,0.015986,-2.276879,-4.707003,-3.724835,-1.107855,0.040989,0.030959,-0.017656,0.871279,0.175139,0.458475,-0.470047,0.566477,0.676874,-0.141169,-0.805251,0.575883,0.040549,0.008334,0.008044,-0.44032,-1.281058,-1.490314,-0.970071,0.071757,0.020721,-0.070518,0.668149,0.030783,-0.74339,0.271429,0.920199,0.282061,0.69275,-0.390236,0.606475,-0.000393,0.002872,-0.008706,-0.349653,-0.687827,-0.407221,0.519082
140,0.136606,-0.057677,0.26549,-0.661221,-0.02481,-0.749812,-0.335687,-0.884041,0.325206,-0.670115,0.466761,0.577155,-0.001259,0.003458,-0.021398,-0.159163,-0.342984,-0.207047,0.522194,-0.169381,-0.046711,0.275758,-0.787428,-0.362149,0.498796,0.615297,-0.507881,0.602828,0.036,0.782034,0.622086,0.080664,0.014479,0.012462,0.042318,-1.870327,-1.462971,-1.084899,0.042467,0.031295,-0.017384,0.826139,0.320849,0.463195,-0.562811,0.509491,0.650893,-0.027156,-0.79842,0.601488,0.040408,0.007369,0.006388,0.885436,0.444336,-2.331648,-0.955701,0.071727,0.020907,-0.070968,0.661416,0.051318,-0.74826,0.258337,0.921019,0.291521,0.704123,-0.38612,0.59592,-0.000707,0.001243,-0.011538,-0.31467,-0.565923,-0.361207,0.519898
141,0.136572,-0.057358,0.264315,-0.653763,-0.043368,-0.755486,-0.324015,-0.886172,0.331187,-0.683045,0.461356,0.566239,-0.001631,0.011546,-0.034952,-0.109388,-0.31506,-0.199061,0.521729,-0.166722,-0.046225,0.27619,-0.727367,-0.481935,0.488536,0.684383,-0.458661,0.56673,-0.048144,0.747161,0.662793,0.064369,0.011798,0.00994,0.174765,-2.199474,-1.048695,-1.05655,0.043827,0.031546,-0.017162,0.767142,0.446983,0.460106,-0.638363,0.461369,0.616141,0.063126,-0.766383,0.639273,0.040028,0.005908,0.003726,-1.673392,-4.397153,-3.894601,-0.935943,0.07171,0.021069,-0.071561,0.652141,0.069398,-0.754913,0.246484,0.922286,0.297712,0.716907,-0.380225,0.584356,-0.000911,0.000196,-0.013403,-0.21892,-0.29767,-0.447843,0.520388
142,0.136608,-0.057043,0.262865,-0.642558,-0.066824,-0.763347,-0.307662,-0.889874,0.336809,-0.700995,0.451351,0.552191,-0.00213,0.009038,-0.039501,-0.248948,-0.583055,-0.333336,0.522248,-0.164371,-0.045884,0.276429,-0.667017,-0.574087,0.474873,0.737582,-0.419597,0.529004,-0.103604,0.703824,0.702681,0.04817,0.007233,0.004837,0.060519,-1.951339,-1.047011,-1.031432,0.045009,0.03172,-0.017038,0.708534,0.541851,0.452078,-0.695021,0.42493,0.579981,0.122162,-0.725141,0.677676,0.023927,0.003467,0.001875,-1.581661,-4.171504,-3.904051,-0.922226,0.071727,0.02123,-0.0723,0.639488,0.090851,-0.763413,0.229753,0.92503,0.302542,0.733667,-0.368869,0.570672,-0.00107,0.004363,-0.020023,-0.356221,-0.717383,-0.409244,0.520225
143,0.136664,-0.056881,0.262052,-0.636709,-0.080533,-0.766916,-0.296575,-0.89247,0.339871,-0.711033,0.443943,0.545319,-0.002367,0.007857,-0.041689,-0.157206,-0.631351,-0.472341,0.521945,-0.16343,-0.045799,0.276474,-0.644465,-0.604677,0.467997,0.755241,-0.408392,0.512601,-0.118026,0.684556,0.719246,0.049101,-0.006657,0.008808,0.81721,-0.411069,-0.485026,-1.029018,0.045479,0.031769,-0.017014,0.685777,0.574769,0.446484,-0.714246,0.413596,0.564614,0.139859,-0.7061,0.694162,0.024098,0.00217,0.000231,1.302108,0.551929,-1.895326,-0.923533,0.071756,0.021308,-0.07269,0.632931,0.103223,-0.767295,0.218594,0.926921,0.305012,0.742707,-0.360778,0.564113,0.007298,0.009014,-0.025307,0.441747,-0.296661,-0.310771,0.520388
144,0.136859,-0.056562,0.260334,-0.625902,-0.107658,-0.772465,-0.278613,-0.894221,0.350309,-0.727694,0.434607,0.530665,0.014072,0.005605,-0.044993,0.983079,-1.217579,-1.268431,0.521949,-0.162045,-0.045773,0.276392,-0.60349,-0.658404,0.449772,0.782781,-0.382272,0.490974,-0.15057,0.649191,0.745481,0.016039,-0.000334,-0.002532,-0.257634,-1.407016,-1.131196,-1.028646,0.046191,0.031776,-0.017056,0.645139,0.630093,0.432177,-0.743939,0.389042,0.543323,0.174209,-0.672033,0.719737,0.008025,-0.000342,-0.001553,-0.302033,-1.392463,-1.125519,-0.936596,0.071847,0.021467,-0.07355,0.620222,0.128212,-0.773877,0.20195,0.927198,0.315466,0.757984,-0.351944,0.549177,-0.001132,0.008967,-0.025851,4.284583,-1.972658,-3.236159,0.522021
145,0.137136,-0.056367,0.258832,-0.614912,-0.130614,-0.777733,-0.266725,-0.893635,0.360896,-0.741387,0.429518,0.515642,0.015043,0.000504,-0.026264,0.415182,-2.112992,1.875541,0.521561,-0.161238,-0.045838,0.276191,-0.582797,-0.68715,0.433778,0.79356,-0.366737,0.485491,-0.173794,0.628029,0.758445,0.016051,-0.002549,-0.005855,0.07315,-0.151032,0.140018,-1.02731,0.046588,0.031744,-0.017156,0.623754,0.660346,0.418178,-0.755823,0.373264,0.537964,0.199151,-0.651626,0.731929,0.008041,-0.001153,-0.002738,0.020536,-0.231987,0.355767,-0.948843,0.071983,0.021555,-0.07433,0.608329,0.153401,-0.778719,0.187606,0.925548,0.328881,0.771193,-0.346161,0.534259,-0.000919,-0.004837,-0.008662,-0.389098,-0.603261,-0.421907,0.522021
146,0.137234,-0.056522,0.25877,-0.612038,-0.138099,-0.778706,-0.266486,-0.89105,0.367404,-0.743848,0.432547,0.509529,-0.000461,-0.012414,0.005921,-0.257318,-0.365915,-0.244763,0.521789,-0.161056,-0.045904,0.276088,-0.571306,-0.698899,0.43028,0.799352,-0.355308,0.484486,-0.18501,0.621607,0.761078,7e-06,-0.003724,-0.005549,-0.706929,-0.794679,-1.290917,-1.026637,0.046685,0.03171,-0.01721,0.613899,0.671196,0.415477,-0.761021,0.363412,0.53738,0.209698,-0.646084,0.733894,0.007954,-0.001064,-0.002867,-2.39989,-2.778691,-3.984902,-0.953578,0.072036,0.021472,-0.074391,0.602813,0.15933,-0.781811,0.188418,0.923718,0.333529,0.775315,-0.348363,0.526809,0.008209,-0.006358,0.003164,-0.348079,-0.403625,-0.458846,0.521694
147,0.137351,-0.056468,0.259314,-0.608251,-0.149136,-0.779637,-0.261275,-0.889853,0.373991,-0.748786,0.431361,0.503264,0.00139,0.007153,0.012757,-0.010649,-0.034293,0.013092,0.522104,-0.160994,-0.04604,0.275915,-0.56059,-0.710414,0.425491,0.80341,-0.342431,0.487039,-0.199596,0.615759,0.762145,-0.01605,-0.004022,-0.00393,-0.06753,-0.042967,-0.167161,-1.024792,0.046723,0.031639,-0.017301,0.60257,0.683685,0.411684,-0.765546,0.349419,0.540226,0.225494,-0.640687,0.733942,1e-05,-0.001217,-0.00181,-0.221829,-0.127851,-0.55192,-0.95913,0.072096,0.0215,-0.074106,0.597621,0.170733,-0.783389,0.183236,0.922123,0.340753,0.780559,-0.347186,0.519796,0.000775,0.003995,0.007125,0.022968,0.012786,0.039153,0.522184
148,0.13739,-0.056278,0.259507,-0.605752,-0.150346,-0.781348,-0.262235,-0.889409,0.374373,-0.750476,0.431857,0.500313,-3.5e-05,-0.000181,-0.000322,0.003884,-0.10452,0.169175,0.522314,-0.161161,-0.04614,0.275824,-0.556217,-0.721382,0.412581,0.801917,-0.335964,0.493956,-0.217022,0.606502,0.764801,1e-06,-0.000838,-0.001252,-0.674189,-2.0714,1.700926,-1.001024,0.046633,0.031585,-0.017353,0.597005,0.69425,0.401995,-0.765083,0.341987,0.545611,0.241314,-0.633293,0.735327,4e-06,-0.000423,-0.000622,0.005635,0.011613,-0.00189,-0.957497,0.072119,0.021615,-0.073975,0.595374,0.171413,-0.78495,0.184125,0.921866,0.340969,0.782065,-0.347533,0.517294,-6.2e-05,-0.000309,-0.000547,0.005269,0.009837,0.006013,0.522837
149,0.137539,-0.056377,0.259192,-0.604567,-0.153665,-0.781621,-0.257065,-0.891094,0.373953,-0.753214,0.427194,0.500201,-0.000858,-0.00443,-0.007903,-0.000621,0.01505,-0.02457,0.522247,-0.161457,-0.04622,0.275893,-0.54566,-0.733378,0.405467,0.804637,-0.323646,0.497741,-0.23312,0.598766,0.766157,-0.016062,-0.000572,0.001207,-0.002049,0.015193,-0.029235,-0.976895,0.046486,0.031545,-0.017318,0.587385,0.707368,0.393202,-0.76661,0.330589,0.550471,0.259397,-0.624772,0.736459,-0.00803,-0.000222,0.000712,0.001927,0.023095,-0.030091,-0.942638,0.072193,0.021564,-0.074133,0.593902,0.174409,-0.785405,0.178937,0.923133,0.3403,0.784386,-0.342643,0.517043,-0.000458,-0.002383,-0.004252,-0.001887,0.015992,-0.023499,0.522511
150,0.137601,-0.056451,0.259065,-0.604695,-0.15376,-0.781503,-0.25697,-0.891068,0.374082,-0.753144,0.427215,0.50029,-0.00055,-0.002844,-0.005079,-0.0,-0.0,-0.0,0.522057,-0.161606,-0.046308,0.275967,-0.536159,-0.741888,0.40265,0.808623,-0.314842,0.496927,-0.24122,0.59295,0.76817,0.000993,-0.010812,0.008623,-0.029411,0.001248,-0.02633,-0.973524,0.046417,0.031506,-0.017283,0.577968,0.716247,0.391077,-0.770953,0.322123,0.549424,0.267549,-0.619052,0.73837,0.000496,-0.005302,0.00448,-0.066872,-0.00381,-0.053906,-0.940678,0.072223,0.021523,-0.074205,0.594028,0.174498,-0.785289,0.178873,0.923099,0.340427,0.784305,-0.34269,0.517134,-0.000324,-0.001694,-0.003029,-0.001806,0.015626,-0.023767,0.522348
151,0.137628,-0.056448,0.259092,-0.603627,-0.157199,-0.781645,-0.251834,-0.892599,0.373925,-0.755729,0.422746,0.500186,0.000282,0.001459,0.002605,0.0,-0.0,-0.0,0.522126,-0.161755,-0.046495,0.276212,-0.518677,-0.760013,0.391593,0.813916,-0.298981,0.498081,-0.260819,0.578016,0.773132,1e-06,0.001296,0.001934,-0.349448,-0.911925,0.092606,-0.96862,0.046337,0.031409,-0.017157,0.560616,0.734558,0.382272,-0.77682,0.306631,0.550024,0.286808,-0.60531,0.742522,0.000465,-0.00472,0.005292,-1.358839,-2.921055,0.338061,-0.948189,0.072235,0.021518,-0.074203,0.59268,0.177812,-0.785564,0.173655,0.924177,0.340203,0.786494,-0.338049,0.516864,0.0002,0.001034,0.001847,0.003421,-0.103252,0.170211,0.522348
152,0.137624,-0.056404,0.259169,-0.600355,-0.167546,-0.782015,-0.236255,-0.897028,0.373493,-0.763324,0.409186,0.499929,2.9e-05,0.000151,0.000269,8e-06,-4e-06,-5e-06,0.52231,-0.161735,-0.046789,0.276592,-0.492193,-0.784397,0.377436,0.823584,-0.279467,0.493498,-0.281,0.554727,0.783058,1e-06,0.002519,0.003756,-0.555459,-1.680866,-0.930824,-0.956091,0.046347,0.03126,-0.01697,0.535588,0.758936,0.370353,-0.786492,0.288575,0.546035,0.307531,-0.583729,0.751455,0.000344,-0.004367,0.0054,-2.456538,-5.092658,-2.875444,-0.951129,0.072234,0.021546,-0.074154,0.588548,0.187842,-0.786336,0.157747,0.927256,0.339574,0.792922,-0.323898,0.516103,1.1e-05,5.3e-05,9e-05,-0.000846,0.000956,0.000743,0.522348
153,0.137621,-0.0564,0.259134,-0.598953,-0.169717,-0.782621,-0.236393,-0.896274,0.375211,-0.764383,0.409946,0.497685,-0.000194,-0.001005,-0.001794,-0.072028,-0.123924,-0.074001,0.522171,-0.161694,-0.046945,0.276783,-0.475663,-0.79821,0.36959,0.829488,-0.267444,0.490261,-0.29189,0.540768,0.788817,0.000992,-0.009477,0.010608,0.355727,-0.463449,-0.026741,-0.94998,0.046367,0.031189,-0.016873,0.518155,0.774262,0.363364,-0.792847,0.275478,0.543602,0.320792,-0.569762,0.756612,0.000493,-0.004573,0.00557,0.49677,-0.627568,-0.15568,-0.950966,0.072234,0.02155,-0.074167,0.587156,0.189568,-0.786963,0.158018,0.926645,0.341114,0.7939,-0.324641,0.51413,-4.4e-05,-0.000231,-0.000415,-0.129132,-0.209569,-0.122941,0.522348
154,0.137698,-0.056351,0.2591,-0.594114,-0.181166,-0.783743,-0.225972,-0.897498,0.37869,-0.771279,0.402309,0.493257,0.016786,-0.000565,-6.9e-05,-0.061174,-0.121602,-0.034297,0.503838,-0.161546,-0.047287,0.277242,-0.436924,-0.827215,0.353275,0.84198,-0.238146,0.484035,-0.315722,0.509973,0.800069,0.000992,-0.0086,0.011909,-1.785159,-2.91648,-4.374463,-0.93359,0.04644,0.031017,-0.016645,0.483304,0.802774,0.349242,-0.805691,0.251814,0.536145,0.342459,-0.540502,0.76849,0.000494,-0.004086,0.006298,0.140936,-0.149367,-0.113888,-0.949169,0.072265,0.02157,-0.074192,0.581141,0.200875,-0.788621,0.147538,0.926992,0.344842,0.800316,-0.316753,0.509077,7.8e-05,0.000401,0.000713,-0.070964,-0.122443,-0.073302,0.516306
155,0.137823,-0.056127,0.259042,-0.589769,-0.188665,-0.785254,-0.220895,-0.897577,0.381488,-0.77607,0.398678,0.48867,0.000525,0.012797,-0.00525,0.002907,-0.07055,-0.016011,0.452839,-0.161464,-0.047577,0.277675,-0.39541,-0.855139,0.335229,0.854447,-0.208747,0.475687,-0.336305,0.475598,0.812753,-0.0,0.002016,0.002996,0.209142,-0.527793,-0.607717,-0.886359,0.046482,0.03087,-0.016423,0.437935,0.834345,0.334784,-0.820263,0.218425,0.528638,0.367941,-0.506121,0.780038,0.000486,-0.004325,0.005894,-0.071903,-1.153641,-1.642121,-0.93529,0.072334,0.021677,-0.07422,0.576041,0.208092,-0.790489,0.142501,0.926681,0.347786,0.804903,-0.312985,0.504153,0.000297,0.006573,-0.002318,0.019058,-0.067099,0.018199,0.460297
156,0.138039,-0.055489,0.25878,-0.583184,-0.196702,-0.788194,-0.220909,-0.895292,0.386812,-0.78103,0.399942,0.479652,0.000922,0.024968,-0.011636,-0.078782,-0.287149,-0.12004,0.434114,-0.161476,-0.047913,0.278088,-0.370945,-0.87228,0.318619,0.860254,-0.193714,0.471563,-0.349149,0.450112,0.821801,-0.0,0.000952,0.001413,0.359605,-0.369662,-0.016589,-0.853984,0.046476,0.030703,-0.016213,0.412643,0.852708,0.320335,-0.82668,0.20289,0.524818,0.382524,-0.481378,0.788638,0.000491,-0.00504,0.004869,0.505074,-0.35747,-0.25994,-0.922716,0.072441,0.021992,-0.074348,0.569347,0.214797,-0.79354,0.142659,0.924804,0.352682,0.809624,-0.314004,0.495892,0.008738,0.006595,-0.001823,-0.18537,-0.408594,-0.14417,0.411637
157,0.138212,-0.055002,0.258602,-0.578406,-0.202909,-0.790139,-0.220797,-0.893493,0.391014,-0.784609,0.400873,0.472988,0.001204,0.026475,-0.008972,-0.057636,-0.267014,-0.074755,0.436377,-0.16147,-0.048089,0.278273,-0.364145,-0.877832,0.311128,0.861533,-0.190784,0.470421,-0.353135,0.44045,0.825326,0.000992,-0.009824,0.010079,0.215104,-0.190767,-0.151034,-0.843201,0.046478,0.030618,-0.016126,0.405364,0.858879,0.313058,-0.828341,0.200241,0.523215,0.386691,-0.471412,0.792616,-5e-06,0.000731,0.001098,0.352214,-0.2653,-0.15891,-0.922553,0.072521,0.022223,-0.074437,0.56365,0.220923,-0.795921,0.142904,0.922959,0.357385,0.813558,-0.31518,0.488655,0.000566,0.013017,-0.004878,-0.10854,-0.339762,-0.152441,0.403472
158,0.138633,-0.053928,0.258157,-0.563568,-0.226703,-0.794381,-0.210015,-0.890708,0.40312,-0.798253,0.394295,0.455357,0.001362,0.037507,-0.017425,-0.103154,-0.420953,-0.142795,0.454489,-0.161462,-0.048405,0.27864,-0.35005,-0.886264,0.303304,0.865079,-0.181839,0.467447,-0.35869,0.427124,0.829922,0.000991,-0.009722,0.010228,0.299039,-0.248955,-0.198476,-0.823143,0.046483,0.030459,-0.015944,0.391631,0.867536,0.306604,-0.831834,0.19139,0.520979,0.393288,-0.459075,0.796601,0.00049,-0.004728,0.005321,0.528291,-0.367221,-0.252109,-0.927452,0.072739,0.022782,-0.074662,0.546586,0.243568,-0.801197,0.132327,0.919621,0.369844,0.826881,-0.308172,0.470421,0.000688,0.018751,-0.008721,-0.074432,-0.385268,-0.123325,0.414576
159,0.139202,-0.052781,0.257616,-0.54772,-0.247703,-0.799181,-0.210554,-0.883638,0.418117,-0.80908,0.397585,0.432831,0.017782,0.035663,-0.019868,-0.147049,-0.496658,-0.185991,0.470193,-0.161452,-0.048743,0.278991,-0.344046,-0.891191,0.295637,0.864619,-0.178091,0.469735,-0.365542,0.418342,0.831403,0.000991,-0.00981,0.010095,-0.043738,0.100326,-0.189445,-0.814756,0.046488,0.030289,-0.015769,0.384427,0.873461,0.298799,-0.832082,0.187667,0.521938,0.399818,-0.449273,0.798936,0.000489,-0.004842,0.005146,-0.059056,-0.007904,0.01658,-0.939209,0.073017,0.023344,-0.074922,0.529332,0.262733,-0.806708,0.133384,0.913246,0.384953,0.837864,-0.31137,0.448366,0.00055,0.013009,-0.004935,-0.231795,-0.566738,-0.260117,0.435477
160,0.139433,-0.052237,0.257331,-0.541359,-0.256171,-0.800844,-0.21058,-0.880809,0.424033,-0.813347,0.39851,0.423891,0.000803,0.024594,-0.012387,-0.098326,-0.207611,-0.307886,0.479286,-0.161437,-0.048903,0.279143,-0.342669,-0.892733,0.29257,0.864866,-0.178337,0.469186,-0.366252,0.41493,0.8328,0.000991,-0.010332,0.00932,-0.281577,-0.644263,0.428486,-0.814694,0.046495,0.030211,-0.015692,0.382758,0.874859,0.296845,-0.832721,0.187559,0.520957,0.400088,-0.44659,0.800303,0.000484,-0.005133,0.004719,-0.91148,-2.133549,1.488151,-0.948026,0.073139,0.023622,-0.075065,0.521818,0.270887,-0.808904,0.13369,0.910556,0.39117,0.842515,-0.312262,0.438929,0.008728,0.011896,-0.006479,-0.080593,-0.325288,-0.110394,0.446907
161,0.139796,-0.051353,0.256814,-0.526567,-0.275887,-0.804151,-0.206273,-0.876171,0.4356,-0.8241,0.395586,0.40546,0.016887,0.010847,-0.007924,-0.258557,-0.537565,-0.266816,0.504483,-0.161398,-0.049166,0.279416,-0.340071,-0.89354,0.293137,0.866175,-0.176416,0.467496,-0.365586,0.414011,0.833549,0.000991,-0.010408,0.009206,-0.029526,0.095774,-0.199832,-0.813911,0.046515,0.030079,-0.015555,0.380551,0.875884,0.296659,-0.8338,0.186245,0.519701,0.399947,-0.445127,0.801189,0.000488,-0.005154,0.004674,-0.04278,0.006807,-0.025698,-0.958803,0.073314,0.02406,-0.075319,0.507168,0.287452,-0.812497,0.129175,0.906736,0.401425,0.852111,-0.308544,0.422737,0.000186,0.006033,-0.003316,-0.006361,-0.110816,-0.04449,0.475646
162,0.140004,-0.050943,0.256522,-0.51314,-0.295413,-0.805892,-0.19165,-0.875783,0.442997,-0.83602,0.382132,0.393792,0.016416,-0.001808,-0.002361,-0.295148,-0.549707,-0.303365,0.517835,-0.161389,-0.049372,0.279648,-0.338443,-0.895651,0.288543,0.865829,-0.176498,0.468104,-0.367906,0.40938,0.834815,0.000991,-0.009832,0.010057,-0.046902,0.095941,-0.164842,-0.813142,0.046519,0.029974,-0.015442,0.378809,0.878117,0.292255,-0.833311,0.186253,0.520482,0.402611,-0.440703,0.802299,0.000491,-0.005398,0.004313,-0.04299,0.019371,-0.018958,-0.962722,0.073425,0.024279,-0.075473,0.491974,0.30588,-0.815106,0.114468,0.905393,0.40885,0.863051,-0.294448,0.410417,0.008195,-0.001014,-0.00138,-0.246111,-0.483776,-0.264104,0.506019
163,0.14008,-0.05088,0.256469,-0.506576,-0.304768,-0.806562,-0.18738,-0.87419,0.447944,-0.840981,0.378425,0.386745,-0.0,-0.0,-0.0,-0.064392,-0.11092,-0.068723,0.518894,-0.161385,-0.04953,0.279821,-0.33571,-0.89867,0.282279,0.866473,-0.177238,0.466632,-0.368896,0.402369,0.837781,-0.0,0.00118,0.001747,0.137909,-0.108198,-0.0744,-0.810789,0.046522,0.029891,-0.015351,0.376082,0.881203,0.28643,-0.833927,0.187151,0.519172,0.403891,-0.434113,0.805243,-3e-06,0.000635,0.000938,0.157718,-0.114996,-0.078285,-0.97007,0.073463,0.024307,-0.075504,0.483385,0.315976,-0.816393,0.110644,0.903055,0.41503,0.868387,-0.290948,0.401562,-0.0,-1.2e-05,-2.8e-05,-0.042345,-0.080019,-0.050182,0.516306
164,0.140081,-0.050885,0.256483,-0.503202,-0.309905,-0.806717,-0.182564,-0.874315,0.449685,-0.844062,0.373941,0.384388,2.3e-05,0.000123,0.000217,-0.032625,-0.056179,-0.034805,0.518218,-0.16139,-0.049586,0.279907,-0.335493,-0.898654,0.282588,0.866487,-0.176836,0.466758,-0.369061,0.402581,0.837607,0.000991,-0.00949,0.010562,-0.045281,0.094538,-0.165794,-0.810003,0.046519,0.029863,-0.01531,0.375577,0.881329,0.286705,-0.834096,0.186579,0.519105,0.404009,-0.434104,0.805189,0.000492,-0.004755,0.005265,-0.060647,0.103012,-0.162774,-0.97105,0.073463,0.024305,-0.075498,0.479586,0.320807,-0.816749,0.105811,0.90284,0.416753,0.871091,-0.28629,0.399044,1.5e-05,7.1e-05,0.000122,-0.014061,-0.032035,-0.020449,0.517122
165,0.140097,-0.050851,0.256501,-0.497644,-0.317731,-0.807121,-0.172686,-0.875596,0.451093,-0.849423,0.364252,0.381876,0.016713,-0.000187,0.000497,-0.082977,-0.159402,-0.060098,0.517987,-0.16146,-0.049731,0.280071,-0.33505,-0.899216,0.281323,0.865864,-0.176299,0.468115,-0.370919,0.401559,0.837277,0.00099,-0.010745,0.008703,-0.036468,0.009735,-0.01861,-0.809146,0.046483,0.029797,-0.015227,0.3752,0.881892,0.285465,-0.833323,0.18604,0.520538,0.405951,-0.433191,0.804704,-0.008052,-0.000305,0.000571,-8e-05,0.020691,-0.031382,-0.97007,0.073464,0.02432,-0.075492,0.4739,0.327615,-0.817365,0.095733,0.903544,0.417662,0.875359,-0.276179,0.396826,9.8e-05,0.000527,0.000926,-0.127152,-0.22032,-0.101684,0.517122
166,0.140192,-0.050725,0.256498,-0.497209,-0.326504,-0.80388,-0.160188,-0.87604,0.454825,-0.852119,0.355316,0.384279,0.000339,0.001844,0.003251,0.000864,-0.015604,0.024125,0.515146,-0.161554,-0.049888,0.280222,-0.332507,-0.900611,0.279875,0.866639,-0.174904,0.467203,-0.371399,0.39903,0.838272,0.000988,-0.010988,0.008344,-0.033693,0.007548,-0.020126,-0.807119,0.046436,0.029718,-0.015152,0.372584,0.883412,0.284189,-0.834272,0.184746,0.519478,0.40641,-0.43064,0.80584,-3e-06,-1.1e-05,-1.4e-05,-0.014097,0.007016,9.2e-05,-0.97203,0.073512,0.024381,-0.075497,0.472538,0.33673,-0.814445,0.083202,0.902956,0.421599,0.877374,-0.266985,0.398665,0.000239,0.006384,-0.002697,0.039587,-0.016816,0.023455,0.514346
167,0.1403,-0.050604,0.256486,-0.498688,-0.332432,-0.800528,-0.152817,-0.875367,0.45864,-0.852607,0.351461,0.386735,0.017152,0.012443,-0.005138,-0.03183,0.524496,-0.78127,0.511545,-0.161632,-0.049976,0.280287,-0.33079,-0.90207,0.277198,0.867117,-0.174793,0.466358,-0.37182,0.395763,0.839633,-0.015118,-0.01238,0.008321,0.257109,-0.119313,-0.386475,-0.805649,0.046404,0.029675,-0.015118,0.372059,0.88432,0.282044,-0.833809,0.184907,0.520164,0.40784,-0.428703,0.806151,-4e-06,-0.000301,-0.000445,0.568501,-0.380232,-0.2207,-0.97154,0.073572,0.024443,-0.075501,0.473369,0.342701,-0.811466,0.07599,0.901894,0.425219,0.87758,-0.262949,0.400887,0.008586,0.00625,-0.002522,-0.041242,0.573755,-0.848612,0.51206
168,0.140634,-0.050164,0.256376,-0.5072,-0.336391,-0.793495,-0.147516,-0.873228,0.464418,-0.848502,0.35302,0.39427,0.017242,0.013049,-0.004094,0.018113,0.210283,-0.295876,0.501252,-0.161874,-0.05014,0.280354,-0.330721,-0.902664,0.27534,0.866353,-0.174867,0.467747,-0.373655,0.39437,0.839474,0.000982,-0.01238,0.006285,-0.036406,0.009708,-0.018649,-0.80369,0.046282,0.029595,-0.015082,0.370689,0.885604,0.279811,-0.833876,0.184699,0.520131,0.408949,-0.426135,0.806949,-0.008055,-0.000875,-0.000274,-0.00451,0.019085,-0.02932,-0.968764,0.073732,0.024653,-0.075552,0.481287,0.346986,-0.804961,0.071109,0.899833,0.430397,0.873673,-0.264385,0.408405,0.008639,0.006465,-0.00214,-0.195785,1.489099,-2.205909,0.502753
169,0.14117,-0.049567,0.256155,-0.514278,-0.342636,-0.786234,-0.141904,-0.870117,0.471944,-0.845185,0.354702,0.399844,0.017353,0.024064,-0.012605,0.071622,-0.043146,0.062533,0.491364,-0.16233,-0.050286,0.280288,-0.330031,-0.903208,0.274384,0.865973,-0.174163,0.468713,-0.375143,0.393434,0.83925,-0.016121,-0.003368,-0.002967,-0.002045,0.015205,-0.029245,-0.80229,0.046049,0.029516,-0.015114,0.369977,0.88617,0.278959,-0.833442,0.183925,0.521098,0.410474,-0.425291,0.80662,-0.008061,-0.001772,-0.001608,-0.000652,0.018596,-0.030807,-0.969254,0.074001,0.024955,-0.075657,0.488197,0.354855,-0.797333,0.065519,0.896124,0.438938,0.87027,-0.266529,0.414236,0.00862,0.006585,-0.001965,0.036427,-0.048966,0.076136,0.485607
170,0.141937,-0.048907,0.255782,-0.522916,-0.350205,-0.777149,-0.134967,-0.866207,0.481084,-0.841004,0.356886,0.40666,0.016986,0.011976,-0.006048,-0.185891,1.511087,-2.201127,0.490312,-0.16297,-0.050453,0.280159,-0.331269,-0.906183,0.26284,0.862079,-0.177628,0.474555,-0.382929,0.384933,0.839676,-0.032257,-0.004813,-0.003127,-0.275781,-0.612066,0.389756,-0.800846,0.045741,0.029434,-0.015179,0.370601,0.889235,0.268169,-0.8294,0.186896,0.526465,0.418031,-0.417528,0.806795,-0.008074,-0.002272,-0.002346,-0.906511,-2.106166,1.431866,-0.968438,0.074385,0.02529,-0.075845,0.494497,0.361699,-0.790345,0.059903,0.892956,0.446138,0.867112,-0.267958,0.419898,0.016767,0.010713,-0.008269,0.072872,-0.06271,0.099604,0.477769
171,0.142329,-0.048607,0.255573,-0.524749,-0.351814,-0.775184,-0.133016,-0.865552,0.482802,-0.84017,0.356896,0.408371,0.016805,0.011038,-0.007711,0.032325,0.078108,-0.120381,0.488732,-0.16338,-0.050552,0.280101,-0.331769,-0.907351,0.258137,0.860476,-0.179076,0.476914,-0.386085,0.381486,0.839804,-0.032266,-0.004429,-0.002584,-0.004149,0.03027,-0.058393,-0.799459,0.045536,0.029383,-0.01521,0.370996,0.89072,0.262636,-0.827314,0.188565,0.529144,0.421795,-0.413593,0.806863,-0.008071,-0.00198,-0.001929,8.1e-05,0.038984,-0.060653,-0.966641,0.074587,0.025445,-0.07595,0.497742,0.365216,-0.786682,0.057017,0.891281,0.449851,0.865448,-0.268764,0.422805,0.0084,0.00547,-0.003954,0.03257,0.073918,-0.113943,0.47581
172,0.142995,-0.048111,0.255179,-0.530078,-0.356479,-0.769406,-0.128275,-0.863211,0.488246,-0.837554,0.357943,0.412804,0.016485,-0.000999,-0.001043,0.000984,-0.014715,0.029553,0.487637,-0.164301,-0.050689,0.279975,-0.332777,-0.909637,0.248618,0.857277,-0.18215,0.481488,-0.392275,0.374506,0.840076,-0.016149,-0.002815,-0.002211,-0.002046,0.015201,-0.029243,-0.797025,0.045082,0.029314,-0.015274,0.37157,0.89323,0.25313,-0.823778,0.191463,0.533601,0.428164,-0.406793,0.806965,-0.008071,-0.001146,-0.000704,0.000847,0.021924,-0.034029,-0.969417,0.074914,0.025693,-0.076147,0.502628,0.370523,-0.781074,0.052472,0.888754,0.45537,0.862908,-0.269866,0.42727,0.00833,0.005137,-0.004551,0.036478,-0.032103,0.050986,0.473524
173,0.143368,-0.04787,0.25495,-0.534065,-0.359991,-0.765001,-0.124955,-0.861297,0.49247,-0.835517,0.359045,0.415963,-1.6e-05,-9.4e-05,-0.000165,-0.0,0.0,-0.0,0.491637,-0.165256,-0.050748,0.280023,-0.349174,-0.905231,0.242127,0.851646,-0.198954,0.48482,-0.390263,0.376631,0.840063,-0.032252,-0.000862,0.002604,1.333972,2.709641,4.584239,-0.796487,0.044598,0.02928,-0.015256,0.382164,0.890747,0.246006,-0.818811,0.203,0.536971,0.428366,-0.406644,0.806934,-0.016125,-0.000225,0.001628,-0.001407,0.036615,-0.063422,-0.965008,0.075107,0.025812,-0.076264,0.506261,0.374485,-0.776827,0.049333,0.886742,0.459622,0.860967,-0.271012,0.430449,7.9e-05,0.005615,-0.004064,0.035314,-0.015821,0.019165,0.474177
174,0.143429,-0.047874,0.254925,-0.534185,-0.360088,-0.764872,-0.124849,-0.861246,0.492585,-0.835456,0.359068,0.416066,-8.2e-05,-0.000476,-0.000834,0.0,0.0,0.0,0.497082,-0.165801,-0.050762,0.280069,-0.355976,-0.902804,0.241281,0.848612,-0.204344,0.487887,-0.390714,0.379565,0.838531,-0.03225,-0.00084,0.002606,-0.309067,0.278603,0.110376,-0.795438,0.044332,0.029275,-0.015232,0.392744,0.886766,0.243714,-0.815309,0.213132,0.538373,0.425467,-0.410145,0.806695,-0.016124,-0.000169,0.001699,-0.424055,0.378916,0.171032,-0.965335,0.075137,0.025811,-0.076276,0.506365,0.374585,-0.776711,0.049242,0.886693,0.459728,0.860911,-0.271037,0.430545,-5.1e-05,-0.000314,-0.000556,-0.000227,-3.7e-05,0.000356,0.478586
175,0.143341,-0.047898,0.254941,-0.53373,-0.359676,-0.765383,-0.125257,-0.861462,0.492103,-0.835686,0.358962,0.415694,-0.0,-1e-06,-2e-06,0.0,0.0,0.0,0.502624,-0.166755,-0.050784,0.280169,-0.367014,-0.900128,0.234653,0.843764,-0.216105,0.491217,-0.390986,0.379407,0.838476,-0.032251,-0.00108,0.002196,-0.277007,-0.609363,0.392861,-0.793711,0.043854,0.029266,-0.015178,0.40447,0.882551,0.239805,-0.809852,0.22381,0.542261,0.424902,-0.413535,0.805261,-0.016126,-0.000428,0.001287,0.000475,0.031046,-0.061298,-0.966968,0.075093,0.025798,-0.07627,0.505951,0.37411,-0.777209,0.049642,0.886924,0.459237,0.861131,-0.270935,0.430169,-0.00824,0.000503,0.000533,-0.001143,0.014817,-0.029459,0.48773
176,0.14322,-0.047869,0.254966,-0.53459,-0.36041,-0.764436,-0.124767,-0.860962,0.493102,-0.835209,0.359428,0.416251,5e-06,2.8e-05,4.9e-05,-0.000162,0.00114,-0.001653,0.501462,-0.167554,-0.050813,0.28022,-0.371743,-0.898484,0.233504,0.842064,-0.220631,0.492121,-0.390176,0.380698,0.838269,-0.01613,-0.000766,0.00074,-0.002045,0.015205,-0.029245,-0.790979,0.043443,0.029252,-0.01515,0.40936,0.881406,0.235682,-0.806955,0.229237,0.544309,0.42573,-0.413004,0.805096,-0.016132,-0.000798,0.000713,-0.00367,0.03121,-0.060031,-0.96958,0.075033,0.025813,-0.076257,0.506781,0.374984,-0.776246,0.049174,0.886399,0.4603,0.86067,-0.271443,0.430771,0.0,8e-06,1.7e-05,1.5e-05,-0.000243,0.000169,0.490832
177,0.143183,-0.047867,0.254968,-0.537694,-0.359598,-0.76264,-0.123566,-0.861141,0.493092,-0.83339,0.359812,0.419551,-0.016481,0.000996,0.001045,0.220039,0.400426,0.206285,0.495658,-0.167892,-0.050843,0.280235,-0.371173,-0.898498,0.234359,0.842365,-0.219786,0.491985,-0.390071,0.381157,0.838109,-0.015229,-0.012219,0.008393,-0.038503,0.025337,-0.047667,-0.789549,0.043268,0.029237,-0.015142,0.408813,0.881414,0.2366,-0.807302,0.228369,0.544159,0.425597,-0.413468,0.804928,-0.007617,-0.006153,0.004147,-0.038574,0.025181,-0.048246,-0.97056,0.07502,0.025813,-0.076256,0.508345,0.376083,-0.774691,0.048309,0.885726,0.461686,0.859797,-0.27212,0.432086,2e-06,-7e-06,-1e-05,0.259215,0.45821,0.271109,0.489036
178,0.1432,-0.047842,0.255013,-0.544551,-0.362081,-0.756576,-0.119877,-0.859183,0.497399,-0.829463,0.362001,0.425411,0.01668,0.00016,0.000979,0.067975,0.216125,-0.0605,0.493128,-0.168423,-0.050932,0.28022,-0.374965,-0.896305,0.236704,0.841866,-0.222486,0.491624,-0.38751,0.384742,0.837659,-0.016159,-0.001861,-0.000909,-0.014549,0.115865,-0.200306,-0.785928,0.043008,0.029194,-0.015149,0.412746,0.87906,0.23852,-0.806694,0.231198,0.543866,0.422946,-0.416892,0.804559,-0.008087,-0.001222,-0.000873,-0.002172,0.014988,-0.029722,-0.972193,0.075016,0.025825,-0.076237,0.51636,0.377858,-0.768501,0.044386,0.884377,0.464656,0.85522,-0.274041,0.439885,0.000129,0.000754,0.001323,0.100113,0.157984,0.109381,0.481688
179,0.14324,-0.047735,0.255159,-0.556986,-0.365986,-0.745564,-0.1131,-0.855911,0.504576,-0.822115,0.365816,0.436271,0.000476,0.00275,0.004812,-0.020289,0.550698,-0.593342,0.487989,-0.168737,-0.051091,0.280112,-0.373134,-0.896306,0.239578,0.842838,-0.219705,0.491211,-0.387169,0.386339,0.837082,-8.4e-05,-0.0035,-0.005199,-0.014308,0.11522,-0.195863,-0.778275,0.042846,0.029118,-0.015196,0.411061,0.879038,0.241494,-0.807769,0.228439,0.543436,0.422535,-0.418457,0.803963,-0.008114,-0.002184,-0.002311,-0.003985,0.029606,-0.054326,-0.974316,0.075042,0.025875,-0.076167,0.527126,0.381397,-0.75939,0.03878,0.881896,0.469844,0.848901,-0.277116,0.450081,0.000239,0.001392,0.002433,0.061798,0.223436,-0.083174,0.47581
180,0.143393,-0.047537,0.25522,-0.565611,-0.366538,-0.738769,-0.108614,-0.854912,0.507247,-0.816808,0.367596,0.444662,0.000263,0.001523,0.00266,0.012393,0.021384,0.013311,0.483266,-0.168904,-0.051363,0.279913,-0.371637,-0.896295,0.241933,0.843568,-0.217369,0.490996,-0.387021,0.387686,0.836527,-0.000127,-0.005127,-0.007634,-0.00181,0.014576,-0.024793,-0.778249,0.042762,0.028979,-0.0153,0.409605,0.879004,0.244077,-0.808633,0.225987,0.543176,0.422296,-0.419858,0.803358,-6.3e-05,-0.002633,-0.003913,-0.001899,0.014449,-0.024989,-0.97056,0.075119,0.02598,-0.076128,0.537322,0.384384,-0.750688,0.033427,0.879692,0.474366,0.842714,-0.279981,0.459829,0.000126,0.000739,0.001288,-0.017456,-0.015794,0.001496,0.467645
181,0.143498,-0.047401,0.255169,-0.567234,-0.364457,-0.738554,-0.108089,-0.856075,0.505395,-0.81575,0.366956,0.447126,0.000282,0.011998,-0.006775,0.119451,0.129338,0.108524,0.482171,-0.168937,-0.051547,0.27981,-0.377052,-0.894601,0.239817,0.841391,-0.22278,0.492304,-0.386515,0.388528,0.83637,0.00076,-0.016536,7.9e-05,-0.038273,0.024742,-0.043183,-0.778671,0.042745,0.028892,-0.015353,0.414881,0.877231,0.241534,-0.806213,0.231371,0.544506,0.421774,-0.420633,0.803226,-6.5e-05,-0.002715,-0.004043,2.7e-05,0.018768,-0.028631,-0.970397,0.075172,0.026044,-0.076149,0.538633,0.382896,-0.750508,0.032911,0.880527,0.47285,0.841896,-0.279394,0.46168,5.4e-05,0.000311,0.000541,0.120696,0.305399,-0.042097,0.464543
182,0.143688,-0.047118,0.254964,-0.566457,-0.363748,-0.7395,-0.107997,-0.856838,0.504119,-0.816303,0.365873,0.447004,0.000161,0.011309,-0.00798,0.035433,-0.014733,0.017328,0.481578,-0.168953,-0.051873,0.27966,-0.388475,-0.8916,0.232652,0.835827,-0.234835,0.496165,-0.387257,0.388326,0.836121,0.000801,-0.014837,0.002598,-0.57549,-1.285879,2.882825,-0.7783,0.042737,0.028719,-0.015433,0.425223,0.87417,0.234543,-0.800578,0.24239,0.548016,0.422208,-0.420799,0.802911,0.000417,-0.007443,0.001296,-0.568108,-1.286533,2.896858,-0.969744,0.075267,0.026185,-0.076252,0.538137,0.381839,-0.751402,0.032865,0.88131,0.471392,0.842215,-0.278369,0.461717,7.4e-05,0.0056,-0.004084,0.03397,-0.017245,0.015792,0.462257
183,0.143737,-0.04684,0.254682,-0.565717,-0.363127,-0.74037,-0.107777,-0.857584,0.502897,-0.816845,0.364739,0.44694,7.6e-05,0.010821,-0.008835,0.035411,-0.014785,0.017294,0.482377,-0.169032,-0.052111,0.279555,-0.404387,-0.885063,0.230488,0.830569,-0.250044,0.49756,-0.382231,0.393756,0.835894,-5.9e-05,-0.002295,-0.003438,0.000929,0.002005,0.003368,-0.778568,0.042698,0.0286,-0.015486,0.44139,0.867207,0.230492,-0.794363,0.258171,0.549849,0.417326,-0.425792,0.802832,-0.008118,-0.001615,-0.001482,0.012541,-0.061948,0.125917,-0.969418,0.075291,0.026323,-0.076395,0.537431,0.381155,-0.752254,0.032577,0.88198,0.470159,0.842677,-0.277184,0.461587,-5.8e-05,-0.000354,-0.00062,0.000394,-0.000268,-0.000261,0.462583
184,0.143652,-0.04675,0.254629,-0.564972,-0.362463,-0.741264,-0.108163,-0.858088,0.501954,-0.817311,0.364214,0.446519,-0.016296,0.001892,0.002628,-0.000984,0.014715,-0.029553,0.482671,-0.169066,-0.052216,0.279514,-0.406299,-0.884574,0.229,0.828327,-0.250936,0.500837,-0.385052,0.394289,0.834347,-2.2e-05,-0.000835,-0.001251,-0.001195,0.001008,0.00068,-0.778174,0.042681,0.028547,-0.015507,0.443239,0.866672,0.228947,-0.791872,0.258872,0.553103,0.420091,-0.426454,0.801036,-1.1e-05,-0.000428,-0.000635,0.011302,-0.004144,-0.000391,-0.967784,0.075254,0.026369,-0.076431,0.536734,0.380395,-0.753137,0.032895,0.882493,0.469173,0.843109,-0.276596,0.461151,2.8e-05,0.000148,0.000258,0.000276,-0.000174,-0.00016,0.4634
185,0.143581,-0.046728,0.254664,-0.564514,-0.362041,-0.741819,-0.10854,-0.858343,0.501436,-0.817578,0.36403,0.446179,-0.016269,0.002047,0.002895,-0.000984,0.014715,-0.029553,0.483541,-0.169053,-0.052256,0.279489,-0.406085,-0.884581,0.229353,0.828442,-0.25059,0.500821,-0.385032,0.394493,0.834259,-2.7e-05,-0.001039,-0.001558,-1.7e-05,1.5e-05,1e-05,-0.778696,0.042687,0.028528,-0.015518,0.443015,0.866698,0.229282,-0.792045,0.25856,0.553001,0.420002,-0.42659,0.80101,-1.4e-05,-0.000593,-0.000889,0.001669,-0.001134,-0.00075,-0.967948,0.075219,0.026381,-0.076412,0.536302,0.379907,-0.75369,0.033256,0.882766,0.468633,0.84337,-0.276393,0.460796,0.000121,0.000702,0.00123,0.000237,-0.000139,-0.000125,0.464379
186,0.143297,-0.046589,0.254769,-0.564299,-0.361946,-0.742029,-0.10853,-0.858477,0.50121,-0.817727,0.36381,0.446084,-0.016131,0.002816,0.004224,-0.000984,0.014715,-0.029553,0.486405,-0.169001,-0.052374,0.279456,-0.405096,-0.884611,0.230978,0.82898,-0.249009,0.50072,-0.384917,0.395428,0.83387,-2.7e-05,-0.001046,-0.001569,-0.0,0.0,0.0,-0.778722,0.042714,0.02847,-0.015533,0.442093,0.866725,0.230956,-0.792646,0.256982,0.552875,0.419839,-0.427489,0.800616,-1.6e-05,-0.000612,-0.00092,-0.000134,-0.000336,-0.000459,-0.968764,0.075077,0.02645,-0.076359,0.536094,0.379791,-0.753897,0.033228,0.88289,0.468401,0.843503,-0.276157,0.460693,0.000289,0.006845,-0.001911,0.035563,-0.014919,0.017182,0.466992
