frame,MLTx,MLTy,MLTz,MLTR1,MLTR2,MLTR3,MLTR4,MLTR5,MLTR6,MLTR7,MLTR8,MLTR9,MLTTVx,MLTTVy,MLTTVz,MLTRVx,MLTRVy,MLTRVz,MLGA,MRTx,MRTy,MRTz,MRTR1,MRTR2,MRTR3,MRTR4,MRTR5,MRTR6,MRTR7,MRTR8,MRTR9,MRTTVx,MRTTVy,MRTTVz,MRTRVx,MRTRVy,MRTRVz,MRGA,SLTx,SLTy,SLTz,SLTR1,SLTR2,SLTR3,SLTR4,SLTR5,SLTR6,SLTR7,SLTR8,SLTR9,SLTTVx,SLTTVy,SLTTVz,SLTRVx,SLTRVy,SLTRVz,SLGA,SRTx,SRTy,SRTz,SRTR1,SRTR2,SRTR3,SRTR4,SRTR5,SRTR6,SRTR7,SRTR8,SRTR9,SRTTVx,SRTTVy,SRTTVz,SRTRVx,SRTRVy,SRTRVz,SRGA
194,0.047169,0.020666,0.358745,0.553786,0.338133,-0.760942,-0.707861,0.672347,-0.21646,0.437732,0.6581,0.612635,-0.001916,-0.004205,-0.003425,-2.6e-05,-0.000127,-7.2e-05,0.015353,-0.117002,0.046973,0.316357,-0.495056,0.292638,0.818092,-0.861489,-0.287896,-0.418194,0.113784,-0.912143,0.393588,-0.00054,0.002896,0.002396,0.0025,-0.01716,0.023015,-1.066908,0.03605,0.041719,-0.022934,0.522553,-0.305696,0.795919,0.842682,0.327193,-0.427587,-0.129707,0.894144,0.428581,-0.000166,0.000882,0.00073,-6.9e-05,4.8e-05,-4.5e-05,-0.796819,0.060802,0.03479,-0.061682,0.512028,0.483241,-0.710143,-0.808043,0.551411,-0.207389,0.291362,0.680016,0.672818,-0.001142,-0.002508,-0.002043,0.000827,0.018759,-0.022738,-0.170005
195,0.047173,0.020577,0.358675,0.553667,0.338416,-0.760903,-0.708008,0.672258,-0.216257,0.437645,0.658046,0.612756,-0.001502,-0.003296,-0.002687,-0.0,-2e-06,-1e-06,0.011269,-0.117001,0.047022,0.316396,-0.494852,0.292887,0.818126,-0.861622,-0.287794,-0.417991,0.113666,-0.912095,0.393732,-0.00053,0.00284,0.002349,0.0025,-0.01716,0.023015,-1.067042,0.036051,0.041743,-0.022914,0.522358,-0.305951,0.795949,0.842822,0.32709,-0.42739,-0.129586,0.894095,0.42872,-0.000159,0.000851,0.000703,-6e-05,3.1e-05,-2.9e-05,-0.796819,0.060803,0.034743,-0.061719,0.511884,0.483511,-0.710063,-0.808173,0.551285,-0.207219,0.291255,0.679927,0.672955,-0.0009,-0.001978,-0.001612,0.00023,0.000653,0.00024,-0.171637
196,0.047143,0.02044,0.358565,0.556985,0.335149,-0.759926,-0.707223,0.671055,-0.222472,0.434694,0.660941,0.611739,-0.001121,-0.002459,-0.002007,0.010722,0.052101,0.029543,-0.021831,-0.116991,0.047072,0.316435,-0.494259,0.293614,0.818224,-0.862007,-0.287497,-0.417401,0.11332,-0.911956,0.394154,-0.000145,0.00078,0.000645,0.0,0.0,0.0,-1.065448,0.036055,0.041772,-0.022892,0.521777,-0.306713,0.796036,0.843237,0.326779,-0.426807,-0.129221,0.893947,0.429138,-9.7e-05,0.00051,0.00042,0.017211,-0.118397,0.158831,-0.796983,0.060788,0.034673,-0.061775,0.515897,0.480897,-0.708934,-0.806905,0.550694,-0.213635,0.287669,0.682256,0.672139,-0.000654,-0.001438,-0.001173,0.004221,0.040222,0.019181,-0.190906
197,0.047054,0.020352,0.358465,0.559477,0.329964,-0.760365,-0.703218,0.674477,-0.224806,0.437971,0.660073,0.610338,-0.001542,-0.003381,-0.002763,-0.000285,0.014276,-0.025034,-0.074526,-0.11698,0.047122,0.316474,-0.493388,0.294686,0.818364,-0.862573,-0.287059,-0.416533,0.112809,-0.91175,0.394778,-0.00019,0.001016,0.00084,0.017254,-0.118423,0.158832,-1.047372,0.036061,0.041796,-0.022874,0.521029,-0.307695,0.796147,0.843771,0.326378,-0.426058,-0.128749,0.893756,0.429677,-0.000113,0.0006,0.000495,-1.4e-05,6e-06,-2.9e-05,-0.795839,0.060745,0.034633,-0.061823,0.519118,0.476171,-0.709772,-0.803529,0.554924,-0.215404,0.2913,0.682143,0.670689,-0.000556,-0.001221,-0.000997,-0.000926,-0.00084,-0.001593,-0.22389
198,0.046996,0.020266,0.358407,0.564112,0.325366,-0.75892,-0.698526,0.678073,-0.228585,0.439523,0.658676,0.610731,-0.00074,-0.001621,-0.001326,0.000678,0.003288,0.001865,-0.148873,-0.116905,0.047142,0.316481,-0.484925,0.301749,0.820845,-0.866873,-0.290142,-0.405318,0.116483,-0.908465,0.401231,7.9e-05,-0.000425,-0.000352,-1.573249,-1.40982,1.784349,-0.856629,0.036098,0.041808,-0.022869,0.513875,-0.313129,0.798674,0.847706,0.328198,-0.416749,-0.131627,0.891199,0.434094,6.1e-05,-0.000326,-0.00027,0.002746,-0.000206,-0.012099,-0.753711,0.060714,0.034586,-0.061854,0.524552,0.472443,-0.708266,-0.799385,0.559569,-0.218781,0.292962,0.68094,0.671187,-0.000428,-0.000934,-0.000764,-0.002826,-0.01453,-0.00819,-0.273041
199,0.04695,0.020214,0.358363,0.567998,0.323063,-0.757004,-0.694108,0.68221,-0.229732,0.441507,0.655535,0.612677,-0.00136,-0.002979,-0.002438,0.017556,0.084872,0.048127,-0.185911,-0.116838,0.047153,0.316444,-0.475938,0.30957,0.82319,-0.871166,-0.294473,-0.392797,0.121423,-0.90444,0.408789,0.000357,-0.001906,-0.001575,-0.148663,-0.045107,0.188758,-0.589462,0.036131,0.041815,-0.022885,0.503815,-0.323256,0.801046,0.852899,0.333089,-0.402013,-0.136867,0.885752,0.443521,7.1e-05,-0.000372,-0.00031,-0.535772,-0.286089,0.463063,-0.654103,0.060693,0.034564,-0.061873,0.528712,0.470718,-0.706319,-0.795733,0.564492,-0.219443,0.295416,0.678065,0.67302,-0.000802,-0.001755,-0.001436,0.018844,0.104338,0.026123,-0.301453
200,0.046816,0.020065,0.358237,0.575754,0.318276,-0.753162,-0.685152,0.690421,-0.232072,0.445416,0.649258,0.616519,-0.002122,-0.004642,-0.003806,0.003609,0.017744,0.010143,-0.237711,-0.116848,0.047282,0.316349,-0.42263,0.347007,0.837234,-0.899697,-0.272067,-0.34126,0.109912,-0.89789,0.426117,1e-06,-8e-06,-7e-06,-0.203779,-1.372712,2.841959,-0.097835,0.036126,0.041875,-0.022937,0.452588,-0.362419,0.814748,0.882944,0.309997,-0.352577,-0.124789,0.87895,0.460297,-2.5e-05,2e-06,8e-06,-0.168069,-1.30377,2.86167,-0.500447,0.060626,0.034491,-0.061935,0.537249,0.467175,-0.702218,-0.788232,0.574342,-0.220955,0.300089,0.672219,0.676807,-0.001284,-0.002809,-0.002305,-0.004381,-0.007837,-0.036555,-0.350604
201,0.046676,0.019769,0.358032,0.580452,0.32108,-0.748351,-0.680531,0.695879,-0.229351,0.446396,0.642012,0.623361,-0.003411,-0.007455,-0.00613,-0.013126,0.032471,-0.034147,-0.266058,-0.11704,0.047372,0.316332,-0.33713,0.390748,0.856534,-0.939521,-0.198031,-0.279318,0.060919,-0.899361,0.432784,-0.000371,0.001991,0.001645,4.327712,-0.770079,3.546855,0.152686,0.036031,0.041916,-0.022948,0.372343,-0.409065,0.833081,0.924669,0.24055,-0.295162,-0.079658,0.880227,0.467817,-0.000242,0.001335,0.001071,-1.157236,-0.884706,2.627696,-0.393001,0.060558,0.034345,-0.062036,0.541098,0.470389,-0.697097,-0.78478,0.580332,-0.217562,0.30221,0.664791,0.683169,-0.001691,-0.003701,-0.003043,-0.050844,0.026495,-0.080544,-0.379343
202,0.046636,0.019557,0.357926,0.583439,0.32233,-0.745486,-0.675965,0.701468,-0.225803,0.449421,0.635271,0.628075,-0.003713,-0.008114,-0.006683,0.091139,0.34672,0.392213,-0.280181,-0.117085,0.047453,0.316414,-0.291338,0.41021,0.8642,-0.956052,-0.155981,-0.24813,0.033398,-0.898997,0.436522,-0.001145,0.006144,0.005073,0.320427,0.465366,1.000058,0.244463,0.03601,0.041949,-0.022913,0.323699,-0.431055,0.842264,0.944936,0.192532,-0.264624,-0.048095,0.881545,0.469643,-0.000554,0.003039,0.002496,1.093236,0.057657,2.18091,-0.27233,0.060537,0.034239,-0.062089,0.54183,0.471281,-0.695926,-0.782063,0.586014,-0.212047,0.307888,0.659152,0.686092,-0.00187,-0.00409,-0.003367,0.112088,0.511014,0.266294,-0.391263
203,0.046574,0.019229,0.357712,0.592753,0.325175,-0.736852,-0.661814,0.717972,-0.215617,0.458184,0.61507,0.641703,-0.002946,-0.006434,-0.005315,-0.406094,0.619921,0.484506,-0.311755,-0.116986,0.047747,0.316801,-0.187472,0.442288,0.877056,-0.981938,-0.061508,-0.178742,-0.024854,-0.895253,0.444709,-0.002483,0.013285,0.010929,3.579236,-2.089463,5.538255,0.403981,0.036061,0.042089,-0.022725,0.225999,-0.463896,0.856576,0.974105,0.101764,-0.201896,0.006491,0.880024,0.474882,0.005123,0.007732,0.005552,0.052347,0.309056,1.391196,0.017348,0.060505,0.034073,-0.062198,0.54962,0.475413,-0.686949,-0.772416,0.602448,-0.201068,0.318261,0.641122,0.698334,-0.001284,-0.002688,-0.002341,-5.858195,0.20518,1.959596,-0.413797
204,0.046435,0.019023,0.35754,0.604843,0.325136,-0.726978,-0.654953,0.722325,-0.221936,0.452199,0.609976,0.650747,-0.002617,-0.00571,-0.004728,0.08231,0.41156,0.200073,-0.363149,-0.117043,0.04829,0.317466,-0.100331,0.449521,0.887612,-0.991759,0.026068,-0.125175,-0.07926,-0.893397,0.442065,-0.001987,0.009009,0.024002,0.117278,0.16252,1.775871,0.501075,0.036032,0.042362,-0.022398,0.135954,-0.477172,0.868229,0.988567,0.007678,-0.150578,0.065185,0.878775,0.472761,-0.001904,0.010217,0.00833,0.491675,-0.192433,1.439392,0.32466,0.060434,0.033965,-0.062288,0.563337,0.47698,-0.674641,-0.764705,0.610179,-0.207138,0.312852,0.63259,0.708485,-0.001281,-0.002795,-0.002313,0.092318,0.450259,0.220287,-0.445639
205,0.046383,0.018859,0.35747,0.611807,0.327913,-0.719869,-0.649391,0.727776,-0.220467,0.450845,0.601959,0.659099,-0.002874,-0.006268,-0.005196,-1.796429,1.57355,-1.46399,-0.392652,-0.117147,0.048619,0.317875,-0.078168,0.445853,0.891682,-0.992991,0.044523,-0.109182,-0.08826,-0.894503,0.438107,-0.004013,0.021489,0.017488,1.161193,1.618646,-0.609573,0.527562,0.035982,0.042523,-0.022196,0.11189,-0.475079,0.8728,0.991037,-0.011153,-0.133119,0.072977,0.879872,0.469573,-0.008367,0.009832,0.008751,-0.012816,0.200055,1.438694,0.438474,0.060411,0.033889,-0.062317,0.570511,0.47856,-0.667455,-0.759819,0.616044,-0.20776,0.311756,0.625675,0.715079,-0.001249,-0.002724,-0.002257,0.082938,0.378963,0.216917,-0.465397
206,0.046283,0.018448,0.357368,0.620451,0.336665,-0.708338,-0.647492,0.729446,-0.220531,0.441674,0.595061,0.671456,-0.003243,-0.007069,-0.005876,0.072903,0.360154,0.170652,-0.453156,-0.117604,0.049042,0.318598,-0.051316,0.440631,0.896215,-0.989838,0.096591,-0.104039,-0.132321,-0.892979,0.43005,-0.015496,0.013318,0.012266,1.205938,1.311285,-1.418147,0.533854,0.035753,0.042757,-0.021811,0.082978,-0.469625,0.878957,0.989701,-0.064395,-0.127839,0.116637,0.880513,0.459445,-0.006888,0.001205,0.00999,0.15856,-0.43034,0.50529,0.502647,0.060362,0.033689,-0.062371,0.575425,0.489321,-0.655324,-0.75881,0.618346,-0.204583,0.30511,0.614989,0.727114,-0.001532,-0.003342,-0.002775,0.139893,0.615517,0.344257,-0.511608
207,0.046236,0.018003,0.357189,0.62435,0.34087,-0.702879,-0.644661,0.732924,-0.217271,0.440316,0.588355,0.678223,-0.003511,-0.007651,-0.006381,0.007451,0.157554,-0.172508,-0.493859,-0.118199,0.048805,0.319174,-0.033024,0.440851,0.896968,-0.983119,0.147171,-0.108401,-0.179731,-0.885939,0.427401,-0.011702,-0.0087,0.011005,0.095321,0.006992,0.015342,0.533157,0.035453,0.042655,-0.021516,0.066953,-0.469915,0.880168,0.983976,-0.115006,-0.136251,0.165251,0.875187,0.454685,-0.011234,-0.011274,0.008927,0.368948,-0.031151,0.142942,0.513914,0.060336,0.03346,-0.062459,0.579298,0.494095,-0.648292,-0.756408,0.622232,-0.201675,0.303742,0.607203,0.734195,-0.002531,-0.009073,0.00121,-0.033888,0.144343,-0.204131,-0.549165
208,0.046136,0.017679,0.357,0.623443,0.345249,-0.701546,-0.644911,0.734299,-0.21182,0.441235,0.584071,0.681322,-0.002484,-0.00541,-0.004524,-0.00208,0.098219,-0.17294,-0.518523,-0.118872,0.048078,0.31956,-0.019034,0.440656,0.89747,-0.976583,0.184124,-0.110988,-0.214105,-0.879099,0.425684,-0.023204,-0.017191,0.005667,-0.028607,0.036917,-0.072005,0.532261,0.035121,0.042291,-0.021324,0.052899,-0.470196,0.880975,0.978407,-0.152108,-0.139933,0.199799,0.869355,0.451996,-0.004266,-0.013903,0.006081,-0.056495,0.143015,-0.208237,0.51767,0.060284,0.033293,-0.062558,0.577275,0.498037,-0.647078,-0.757204,0.623094,-0.195943,0.305604,0.603084,0.736813,-0.001427,-0.003111,-0.002601,-0.002139,0.111029,-0.199649,-0.574475
209,0.046081,0.017578,0.356928,0.626133,0.34577,-0.698889,-0.642112,0.737074,-0.21068,0.441504,0.580257,0.6844,-0.001901,-0.004139,-0.003465,0.098016,0.527649,0.069581,-0.528756,-0.119182,0.047639,0.319734,-0.011813,0.442895,0.896491,-0.972094,0.204915,-0.113915,-0.234117,-0.873356,0.426968,-0.023159,-0.017584,0.005353,0.418518,-0.096605,0.075471,0.532043,0.034967,0.042067,-0.021241,0.046028,-0.472723,0.880008,0.974512,-0.172376,-0.143568,0.21956,0.864187,0.45274,-0.004265,-0.014009,0.006013,1.440079,-0.240633,0.577943,0.517997,0.060256,0.033241,-0.062595,0.578144,0.4983,-0.6461,-0.75554,0.625924,-0.193333,0.308072,0.599929,0.73836,-0.001055,-0.002303,-0.001928,0.116326,0.617757,0.086593,-0.58264
210,0.04606,0.017431,0.356821,0.623394,0.354059,-0.697185,-0.645871,0.735672,-0.203982,0.439899,0.57702,0.688159,-0.00115,-0.002502,-0.002097,-0.002068,0.098279,-0.172907,-0.546125,-0.119908,0.046683,0.320071,-0.001143,0.447541,0.894258,-0.964615,0.235227,-0.118827,-0.263506,-0.863294,0.430292,-0.02103,-0.031332,0.010843,0.009091,-0.236917,-0.322597,0.533201,0.034604,0.041593,-0.021076,0.034717,-0.476535,0.878468,0.967754,-0.203403,-0.148584,0.249488,0.855301,0.454107,-0.011493,-0.009466,0.002137,0.173678,-0.45832,-0.369447,0.51816,0.060247,0.033173,-0.062651,0.575507,0.506376,-0.642164,-0.758685,0.623706,-0.188113,0.305266,0.595461,0.743127,-0.000395,-0.00086,-0.000721,-0.000382,0.092978,-0.173827,-0.597989
211,0.046221,0.017109,0.356725,0.620559,0.3737,-0.68942,-0.64895,0.738212,-0.184061,0.439379,0.561162,0.701477,0.010372,-0.009827,-0.007333,-1.893205,1.431048,-1.676841,-0.554883,-0.120951,0.045563,0.320426,0.010817,0.449487,0.893217,-0.950761,0.281272,-0.1299,-0.309612,-0.848378,0.429255,-0.033788,-0.033663,0.010459,4.904813,-0.932934,2.00552,0.53233,0.034088,0.041031,-0.0209,0.025543,-0.478717,0.877597,0.956399,-0.243795,-0.160823,0.290942,0.843441,0.451617,-0.017865,-0.010598,0.001968,0.04136,-0.430885,-0.450661,0.517997,0.060322,0.033024,-0.062688,0.569915,0.522822,-0.633919,-0.762506,0.624008,-0.17087,0.306236,0.580749,0.754287,-0.001174,-0.002555,-0.002144,0.002936,-0.019903,-0.001855,-0.609909
212,0.046393,0.016772,0.356658,0.617052,0.387579,-0.68489,-0.651567,0.739608,-0.168563,0.440447,0.549789,0.709764,0.007698,-0.022816,-0.000634,-0.208564,0.338055,-0.492545,-0.554868,-0.121636,0.045001,0.320609,0.016162,0.447963,0.893901,-0.943952,0.301579,-0.133935,-0.329573,-0.842181,0.426587,-0.034201,-0.031642,0.012089,1.21586,1.648584,-1.988616,0.531223,0.033733,0.040733,-0.020808,0.017371,-0.478853,0.877722,0.948663,-0.269384,-0.165741,0.31581,0.835542,0.449591,-0.017121,-0.015777,0.006079,1.206371,1.66845,-1.972133,0.51767,0.060413,0.032856,-0.062722,0.562934,0.537185,-0.628121,-0.76621,0.624128,-0.152922,0.309881,0.567358,0.76294,0.010312,-0.013555,-0.001668,-0.655624,0.533313,-0.646013,-0.612359
213,0.046834,0.015715,0.356401,0.607666,0.429505,-0.668067,-0.660953,0.739816,-0.125641,0.439524,0.517382,0.734277,0.017423,-0.0343,-0.009441,-0.610653,0.724385,-0.974496,-0.541543,-0.123306,0.044072,0.321124,0.022226,0.451962,0.891755,-0.935496,0.323988,-0.140759,-0.352536,-0.831656,0.428869,-0.050061,-0.014263,0.010936,-0.03508,0.003383,-0.148978,0.53052,0.032919,0.040265,-0.020562,0.012048,-0.482805,0.875644,0.940533,-0.291842,-0.173855,0.339487,0.825668,0.450578,-0.024148,-0.01307,0.009,-0.078593,0.030476,-0.154697,0.517507,0.060633,0.032337,-0.062842,0.545885,0.575013,-0.609399,-0.776914,0.619707,-0.111201,0.313707,0.534155,0.785025,0.002091,-0.01542,-0.003778,-1.931279,1.675933,-2.042571,-0.610399
214,0.047395,0.014307,0.355964,0.59365,0.479649,-0.64619,-0.673521,0.735549,-0.072863,0.439613,0.477888,0.76052,0.016316,-0.037029,-0.011871,-0.313896,0.627867,-0.892997,-0.570365,-0.125307,0.043439,0.321708,0.02327,0.456323,0.889505,-0.930357,0.335512,-0.147652,-0.365818,-0.824678,0.431214,-0.050691,-0.010274,0.014069,-0.036863,0.02039,-0.135705,0.530622,0.031918,0.039949,-0.02027,0.011147,-0.487249,0.873191,0.935566,-0.303171,-0.181115,0.352974,0.818947,0.452474,-0.030914,-0.011679,0.010817,-0.082197,0.080911,-0.156206,0.517507,0.060911,0.031629,-0.063065,0.522236,0.6205,-0.585019,-0.790448,0.609684,-0.058959,0.320092,0.493218,0.808872,0.008037,-0.018799,-0.006194,-0.992198,0.947355,-0.994955,-0.614645
215,0.047764,0.013601,0.355735,0.587035,0.503659,-0.633847,-0.679673,0.731926,-0.047966,0.439037,0.458347,0.772782,0.01691,-0.035881,-0.010952,-0.044284,0.508045,-0.871772,-0.59887,-0.126543,0.043189,0.32201,0.021422,0.461119,0.887075,-0.92861,0.337903,-0.153095,-0.370339,-0.821031,0.434304,-0.063524,-0.011422,0.01452,-0.030554,-0.034225,-0.216941,0.530521,0.031328,0.039832,-0.020123,0.012895,-0.4918,0.870612,0.93376,-0.305518,-0.186415,0.357666,0.815347,0.455283,-0.031823,-0.005401,0.007541,-0.031215,-0.050556,-0.230285,0.51767,0.061093,0.031271,-0.063183,0.511084,0.642018,-0.571493,-0.796667,0.603428,-0.034562,0.322666,0.472954,0.819877,0.008405,-0.018066,-0.00558,-0.030478,0.594779,-1.034567,-0.632933
216,0.048602,0.012366,0.355333,0.591213,0.527102,-0.610472,-0.682045,0.730688,-0.029715,0.429663,0.433288,0.792262,0.01931,-0.030846,-0.006726,0.072011,0.79482,-0.676294,-0.614567,-0.129259,0.04278,0.32252,0.017078,0.471439,0.881729,-0.927418,0.336984,-0.162084,-0.373534,-0.81554,0.441849,-0.077817,-0.001716,0.00698,-0.106999,-0.184382,-0.066946,0.530596,0.029951,0.039624,-0.019856,0.017796,-0.502047,0.864656,0.932312,-0.304093,-0.195755,0.361214,0.809614,0.462653,-0.038104,-0.006678,0.007161,-0.455671,-0.518607,0.398285,0.518813,0.061508,0.030643,-0.063392,0.509776,0.664059,-0.546948,-0.799607,0.600298,-0.016432,0.31742,0.44572,0.837005,0.010352,-0.010297,-0.00789,0.158788,0.915093,-0.620356,-0.653998
217,0.049475,0.01116,0.355046,0.602908,0.545302,-0.582402,-0.686527,0.72644,-0.030626,0.405626,0.417627,0.81307,0.019979,-0.029607,-0.005724,0.165695,0.871237,-0.410781,-0.664828,-0.132284,0.042518,0.3228,0.010167,0.489942,0.871691,-0.928142,0.328981,-0.173949,-0.371979,-0.807884,0.456965,-0.077273,-0.004706,0.004437,0.03123,-0.281603,-0.446106,0.529934,0.028409,0.039497,-0.019709,0.024785,-0.519723,0.853975,0.932606,-0.295635,-0.206988,0.360042,0.801553,0.477369,-0.038636,-0.002421,0.002212,0.034275,-0.274407,-0.451519,0.519629,0.061945,0.030042,-0.063534,0.517287,0.682269,-0.516645,-0.803313,0.595277,-0.018202,0.295129,0.424444,0.856005,0.009902,-0.015003,-0.003053,0.211414,0.879996,-0.182413,-0.680777
218,0.050466,0.009944,0.35485,0.613655,0.566121,-0.550436,-0.694545,0.718559,-0.035377,0.374726,0.403314,0.834832,0.020772,-0.028074,-0.004452,0.230798,0.874791,-0.18308,-0.74158,-0.135327,0.042572,0.322977,0.013068,0.510613,0.859706,-0.930053,0.321919,-0.176929,-0.367086,-0.797887,0.478004,-0.079089,0.010459,-0.000216,0.057066,-0.202445,-0.329242,0.530624,0.026947,0.039515,-0.019628,0.022081,-0.540041,0.841348,0.934278,-0.288401,-0.209638,0.355859,0.790683,0.49818,-0.032403,0.0001,0.003461,0.038919,-0.30286,-0.400025,0.519793,0.062428,0.029447,-0.063629,0.522435,0.702014,-0.48398,-0.809612,0.586505,-0.023215,0.267559,0.403965,0.87477,0.01066,-0.013421,-0.00171,0.272473,0.990214,-0.098236,-0.732704
219,0.050931,0.009394,0.35479,0.615655,0.57869,-0.534913,-0.698752,0.714665,-0.03117,0.363476,0.392249,0.845017,0.034687,-0.030652,-0.005741,-0.452806,1.104475,-0.631086,-0.756902,-0.136686,0.042568,0.323065,0.012747,0.518938,0.854712,-0.930296,0.319514,-0.179984,-0.366481,-0.793478,0.485744,-0.077202,-0.003586,0.005081,0.043054,-0.376438,-0.272089,0.530826,0.026237,0.039524,-0.019579,0.022502,-0.547596,0.836439,0.934398,-0.286,-0.212375,0.355517,0.786347,0.505238,-0.032289,-0.00055,0.002912,0.051285,-0.414011,-0.472912,0.519956,0.062668,0.02916,-0.063662,0.522628,0.713618,-0.466485,-0.81309,0.581758,-0.020988,0.256404,0.390264,0.884279,0.010758,-0.013329,-0.001704,-1.808068,2.240911,-1.457551,-0.753605
220,0.051809,0.008188,0.354777,0.608063,0.618958,-0.497187,-0.716722,0.697286,-0.008596,0.340601,0.360808,0.868237,0.022038,-0.025519,-0.00229,-1.860941,2.411113,-1.612123,-0.796931,-0.139628,0.042256,0.323149,0.020841,0.527131,0.849523,-0.924208,0.334221,-0.184576,-0.381223,-0.781938,0.493056,-0.076313,-0.011022,-0.00091,0.012525,-0.108994,-0.076299,0.530942,0.024765,0.039379,-0.019529,0.014801,-0.556513,0.830706,0.928572,-0.300488,-0.21785,0.370854,0.774596,0.512316,-0.038103,-0.006008,-0.000802,0.019726,-0.1849,0.077671,0.520936,0.063112,0.028554,-0.06367,0.506557,0.748077,-0.428695,-0.828395,0.560142,-0.001401,0.239082,0.355839,0.903447,0.01702,-0.019812,0.002173,0.014806,0.924798,-0.320645,-0.782671
221,0.052782,0.006894,0.354789,0.563858,0.689978,-0.453916,-0.761873,0.646678,0.036466,0.317992,0.324412,0.890879,0.035073,-0.030339,-0.005569,-0.508971,1.185592,-1.036851,-0.800227,-0.142761,0.041552,0.322942,0.038068,0.528451,0.848105,-0.916413,0.356838,-0.181075,-0.398344,-0.770972,0.496777,-0.088156,-0.022883,-0.009123,0.010746,-0.09233,0.070741,0.530278,0.023202,0.039037,-0.019624,-0.0025,-0.55788,0.829917,0.921547,-0.323509,-0.214691,0.388258,0.764271,0.514921,-0.037675,-0.010808,-0.004652,0.01671,-0.119446,0.121416,0.520936,0.063608,0.0279,-0.063662,0.448098,0.808609,-0.381257,-0.865709,0.498895,0.040626,0.223059,0.311853,0.923575,0.017541,-0.015143,-0.002797,-0.532536,1.247993,-1.048915,-0.797857
222,0.053218,0.006336,0.354799,0.549597,0.714888,-0.432348,-0.774349,0.630124,0.057443,0.312809,0.302334,0.900429,0.009561,-0.019933,0.001576,0.010975,0.600208,-0.798871,-0.810352,-0.144369,0.041037,0.322689,0.048217,0.529228,0.847103,-0.91252,0.368201,-0.177958,-0.406116,-0.765071,0.4996,-0.074977,-0.027337,-0.014011,0.419238,-0.080029,0.187669,0.530713,0.022421,0.038795,-0.019741,-0.011751,-0.558951,0.829117,0.918661,-0.333474,-0.211792,0.39487,0.759189,0.517405,-0.043876,-0.014438,-0.006803,4.699342,-1.067028,2.827238,0.521262,0.063812,0.027633,-0.063662,0.429999,0.828206,-0.359409,-0.875187,0.480133,0.059319,0.221693,0.289043,0.931292,0.011395,-0.012019,-0.000543,0.00649,0.670336,-0.789537,-0.804552
223,0.053924,0.005561,0.354909,0.511113,0.767443,-0.387092,-0.809364,0.581294,0.083652,0.288572,0.269593,0.918734,0.024372,-0.020543,0.001995,-1.649969,2.593857,-1.718396,-0.838844,-0.147381,0.039664,0.321908,0.106363,0.532707,0.839584,-0.892982,0.422544,-0.154835,-0.437348,-0.733923,0.519564,-0.074277,-0.041127,-0.025252,4.277079,-1.52038,3.649858,0.53077,0.020858,0.038091,-0.020139,-0.069861,-0.564227,0.822658,0.901265,-0.389192,-0.190395,0.427598,0.728132,0.535707,-0.037044,-0.02149,-0.013194,4.240478,-1.529576,3.704795,0.521262,0.064168,0.027237,-0.063607,0.380588,0.869469,-0.31492,-0.902357,0.423656,0.079163,0.202248,0.254041,0.94581,0.005452,-0.008447,0.002105,0.521504,1.095155,-1.245302,-0.819248
224,0.054538,0.004757,0.354908,0.470749,0.815297,-0.337241,-0.843485,0.52796,0.098808,0.258017,0.236934,0.936652,0.007418,-0.032432,0.00867,0.507602,1.30726,-0.622477,-0.89565,-0.150041,0.037721,0.320549,0.16697,0.535725,0.827714,-0.879571,0.460233,-0.120309,-0.445575,-0.70861,0.546991,-0.062131,-0.044445,-0.046408,-0.05472,-0.45462,0.560692,0.530777,0.019528,0.037123,-0.020816,-0.131795,-0.568345,0.812165,0.889087,-0.430083,-0.15669,0.438353,0.701435,0.561991,-0.030974,-0.023137,-0.023898,-0.058767,-0.441642,0.567337,0.521426,0.064488,0.026837,-0.063598,0.328652,0.90718,-0.262699,-0.927285,0.362734,0.092545,0.179245,0.213182,0.960428,0.003644,-0.016351,0.004195,0.50674,1.28006,-0.618295,-0.846517
225,0.054639,0.003775,0.354857,0.428319,0.85784,-0.284075,-0.872922,0.474044,0.115155,0.232911,0.197589,0.952228,-0.005601,-0.013141,-0.011581,-1.696159,2.638571,-1.562739,-0.952482,-0.15222,0.0355,0.318646,0.214472,0.542011,0.812537,-0.876385,0.474027,-0.084739,-0.431336,-0.694594,0.575631,-0.048038,-0.064819,-0.048465,0.044642,-0.406392,0.527953,0.513848,0.018457,0.03603,-0.021754,-0.178947,-0.575399,0.798055,0.88727,-0.444876,-0.121805,0.425122,0.686294,0.590144,-0.03107,-0.027542,-0.027984,0.095949,-0.527567,0.700994,0.51767,0.064542,0.026355,-0.063616,0.279905,0.936893,-0.209485,-0.947022,0.305255,0.099841,0.157486,0.170441,0.972701,-0.003475,-0.011784,-0.00133,0.160874,0.678623,-0.566291,-0.852396
226,0.054552,0.003325,0.354749,0.411733,0.873348,-0.260357,-0.883917,0.452235,0.118942,0.221102,0.180079,0.958495,-0.007157,-0.024084,-0.003128,0.334947,1.01516,-0.467953,-1.003336,-0.153232,0.034334,0.317516,0.24662,0.541782,0.803519,-0.873298,0.483661,-0.057935,-0.420301,-0.688096,0.591382,-0.049308,-0.058627,-0.060908,-0.069014,-0.500736,0.995984,0.49098,0.017933,0.035423,-0.022337,-0.211684,-0.576074,0.789511,0.88508,-0.455611,-0.095133,0.414514,0.678643,0.606317,-0.024578,-0.029993,-0.030977,-0.081144,-0.455402,1.02089,0.50281,0.064498,0.02613,-0.063677,0.258352,0.948097,-0.185378,-0.954007,0.280596,0.105523,0.152062,0.14959,0.976984,-0.003851,-0.012675,-0.002128,-0.193021,0.657892,-0.766283,-0.851579
227,0.05433,0.002722,0.354352,0.363056,0.903667,-0.227202,-0.906633,0.398865,0.137458,0.214381,0.154963,0.964393,-0.005345,-0.01251,-0.011117,0.312992,0.219819,-2.341254,-1.109917,-0.154586,0.031759,0.314789,0.372354,0.535575,0.75796,-0.851537,0.521867,0.049725,-0.369367,-0.664612,0.6494,-0.02287,-0.071083,-0.075703,-0.462411,-1.491389,2.50981,0.48089,0.017263,0.034168,-0.023667,-0.336738,-0.572075,0.747888,0.867575,-0.497198,0.01031,0.365951,0.652322,0.663743,-0.004759,-0.035812,-0.03866,-1.798952,-2.908139,4.213918,0.475214,0.064383,0.025819,-0.063877,0.206962,0.966549,-0.151489,-0.966981,0.225625,0.118491,0.148708,0.121964,0.98133,-0.002973,-0.0068,-0.006035,1.054629,-0.16184,-6.143698,-0.859907
228,0.054149,0.002347,0.35376,0.293693,0.934796,-0.199868,-0.931786,0.326645,0.158276,0.21287,0.138589,0.967216,-0.005556,-0.01298,-0.011599,0.061395,0.122334,-0.87485,-1.170188,-0.154621,0.028664,0.311546,0.596807,0.454633,0.661152,-0.734982,0.640171,0.223419,-0.322408,-0.619841,0.715342,0.018609,-0.092235,-0.083139,-1.497984,-3.048079,5.964255,0.38372,0.01723,0.032628,-0.025285,-0.562662,-0.496676,0.660851,0.760949,-0.623563,0.179235,0.323061,0.603723,0.7288,0.002085,-0.041214,-0.045323,-0.393043,-2.021316,6.460284,0.410551,0.06429,0.025627,-0.064178,0.12988,0.983546,-0.125564,-0.980111,0.146514,0.133847,0.150042,0.105683,0.983014,-0.002778,-0.00652,-0.005819,0.096363,0.127614,-0.877979,-0.866112
229,0.054118,0.002219,0.353389,0.250645,0.950614,-0.183182,-0.943498,0.282262,0.173523,0.216341,0.128159,0.967884,-0.004101,-0.002261,-0.02031,0.953494,-0.778286,-5.796937,-1.17828,-0.154404,0.026669,0.309788,0.704381,0.35452,0.614942,-0.62397,0.722099,0.298611,-0.339056,-0.594484,0.729036,0.02015,-0.109303,-0.082361,3.177609,1.018708,8.775587,0.303609,0.01733,0.031672,-0.026131,-0.670594,-0.407097,0.620141,0.662126,-0.705425,0.252912,0.334504,0.580213,0.742603,0.003185,-0.055652,-0.041339,2.843615,-0.280732,11.125506,0.330539,0.064276,0.025563,-0.064356,0.090035,0.989845,-0.109994,-0.983603,0.105704,0.146115,0.156259,0.095035,0.983132,-0.002189,-0.0015,-0.010474,-0.145951,0.404335,-0.800387,-0.867255
230,0.05398,0.002079,0.352607,0.164066,0.976381,-0.140738,-0.959576,0.191073,0.20658,0.228382,0.099942,0.968442,-0.004277,-0.00265,-0.020719,-1.725525,2.201033,-1.222848,-1.221696,-0.153614,0.021916,0.306354,0.84052,0.083241,0.53534,-0.356535,0.828824,0.431124,-0.40886,-0.553338,0.725612,0.022278,-0.133299,-0.0904,1.983642,2.179159,9.382132,0.201835,0.01772,0.029317,-0.027838,-0.820253,-0.140309,0.554524,0.403513,-0.829051,0.387104,0.405416,0.541281,0.736648,0.010824,-0.067457,-0.045765,2.106821,2.07686,9.105723,0.168065,0.064207,0.025495,-0.064746,-0.00686,0.997348,-0.072445,-0.985407,0.00558,0.170119,0.170072,0.072555,0.982756,-0.001984,-0.001032,-0.010074,0.071974,0.214197,-1.045683,-0.871991
231,0.053897,0.001931,0.351765,0.08634,0.991091,-0.101639,-0.966524,0.10811,0.232631,0.241433,0.076919,0.967378,0.009054,-0.006952,-0.023612,-0.081546,0.334756,-1.046081,-1.269339,-0.152707,0.017265,0.302395,0.87343,-0.107258,0.474981,-0.1809,0.833989,0.521221,-0.453122,-0.541036,0.708395,0.033916,-0.106954,-0.108162,-0.418499,1.372517,1.764235,0.133551,0.018191,0.026873,-0.029909,-0.864248,0.066229,0.498686,0.216916,-0.845347,0.488194,0.453897,0.530094,0.716224,0.01707,-0.053639,-0.054244,-0.199091,1.216476,1.711052,0.054578,0.064161,0.025423,-0.065166,-0.087276,0.995592,-0.034318,-0.978138,-0.079116,0.192313,0.18875,0.050352,0.980732,-0.002499,-0.002165,-0.011155,-0.346591,0.575205,-2.388335,-0.852069
232,0.053811,0.001596,0.351069,0.043682,0.996935,-0.065245,-0.965351,0.058984,0.254144,0.257154,0.050643,0.965057,-0.005903,-0.013729,-0.01251,-1.689039,2.272133,-1.206006,-1.323606,-0.151412,0.014398,0.298285,0.878963,-0.166575,0.446842,-0.123694,0.825135,0.551168,-0.461612,-0.539515,0.70406,0.043414,-0.04707,-0.110348,0.096788,-0.458097,1.457055,0.093177,0.018826,0.025428,-0.031951,-0.871327,0.126245,0.474184,0.160894,-0.839414,0.519129,0.463575,0.528625,0.711093,0.021765,-0.023177,-0.054782,0.375878,0.995829,0.149696,-0.036865,0.064124,0.025258,-0.065518,-0.131795,0.991274,-0.001868,-0.969434,-0.128497,0.209006,0.206943,0.029356,0.977911,-0.002839,-0.00665,-0.006045,0.03121,0.179876,-1.03285,-0.817452
233,0.053651,0.001346,0.350797,0.03259,0.998272,-0.049359,-0.962478,0.044706,0.2676,0.269298,0.037544,0.962339,-0.006472,-0.015029,-0.013737,-1.739492,2.265756,-1.10073,-1.333972,-0.150633,0.013502,0.29622,0.883143,-0.178809,0.433678,-0.10557,0.824855,0.555342,-0.458123,-0.536001,0.709006,0.029432,-0.043724,-0.10676,0.435749,1.210545,-0.41545,0.117932,0.019221,0.024983,-0.03298,-0.877411,0.1391,0.459129,0.141177,-0.839797,0.524222,0.458495,0.524777,0.71721,0.022361,-0.026577,-0.049388,0.026485,-0.844704,1.433181,-0.038008,0.064045,0.025136,-0.065652,-0.143508,0.98956,0.013263,-0.964528,-0.142853,0.221987,0.221564,0.019065,0.974959,-0.003178,-0.00742,-0.006765,-0.051693,0.173204,-0.444087,-0.833781
234,0.05303,0.000927,0.350545,0.009352,0.999707,-0.023308,-0.955,0.015891,0.296134,0.2964,0.018245,0.954904,-0.018173,-0.014076,0.004459,-2.201897,1.956119,-1.528821,-1.346672,-0.149131,0.011652,0.29231,0.893998,-0.207006,0.397377,-0.070191,0.811045,0.580701,-0.443616,-0.546772,0.710006,0.044566,-0.043597,-0.091358,-0.616762,-0.010517,1.142854,0.126953,0.01995,0.024073,-0.034909,-0.889543,0.165176,0.425945,0.108025,-0.829863,0.547409,0.443896,0.532957,0.720356,0.022328,-0.021802,-0.045667,-0.454901,-0.021699,0.864966,-0.010249,0.063734,0.024913,-0.065796,-0.165936,0.985348,0.039421,-0.95382,-0.17052,0.247285,0.250384,0.003433,0.96814,-0.008548,-0.002135,-0.002521,-0.62543,-0.370818,-0.717677,-0.843905
235,0.052151,0.000753,0.350711,-0.002007,0.999983,-0.008715,-0.946398,0.000969,0.32296,0.322959,0.007652,0.946397,-0.030112,-0.006294,0.010454,-0.5676,-0.003953,-0.493205,-1.30997,-0.147145,0.010705,0.289356,0.897708,-0.252902,0.360766,-0.034916,0.775237,0.630653,-0.440294,-0.578414,0.686616,0.057507,-0.016848,-0.06567,-1.201336,0.365377,1.377375,0.130905,0.020979,0.02355,-0.036473,-0.895567,0.213559,0.390322,0.072523,-0.795474,0.60163,0.438975,0.567108,0.696913,0.028714,-0.00728,-0.031619,-1.362521,0.441865,1.420495,-0.011718,0.0633,0.024826,-0.065713,-0.178779,0.982373,0.054597,-0.942655,-0.186919,0.276517,0.281848,-0.002031,0.959456,-0.007554,0.0002,-0.000372,-0.997013,0.506939,-0.846657,-0.835414
236,0.051692,0.000621,0.350889,0.008106,0.999978,-0.004813,-0.940261,0.009313,0.340286,0.340307,0.000523,0.940328,-0.029675,-0.005239,0.011414,-1.004617,1.616408,4.335484,-1.272368,-0.145911,0.010713,0.28815,0.895333,-0.280764,0.345747,-0.01921,0.751024,0.659945,-0.446073,-0.597152,0.666552,0.069773,0.007728,-0.060932,-1.262628,0.447399,1.340513,0.167878,0.02157,0.023549,-0.037055,-0.894302,0.241386,0.37677,0.057451,-0.773104,0.631671,0.443759,0.586551,0.677521,0.027754,0.003983,-0.029467,-1.458088,0.490132,1.596992,0.004448,0.063071,0.024761,-0.065623,-0.173381,0.983035,0.059833,-0.938497,-0.183334,0.292593,0.298599,-0.005423,0.954362,-0.014868,-0.002692,0.005664,-0.974393,0.470187,-0.713098,-0.819411
237,0.050683,0.000367,0.351426,0.002922,1.000017,-0.001809,-0.930473,0.003435,0.366306,0.36631,-0.000631,0.930507,-0.02848,-0.00242,0.013988,-0.436245,-0.195148,-0.425942,-1.234764,-0.142912,0.011899,0.285969,0.886948,-0.331159,0.321945,0.004921,0.703598,0.710535,-0.462928,-0.628196,0.625244,0.079989,0.050371,-0.056259,-1.198486,0.335379,1.403844,0.259166,0.023066,0.024132,-0.03814,-0.887843,0.292955,0.354839,0.033031,-0.728581,0.684162,0.458958,0.61915,0.637189,0.047767,0.02075,-0.023972,-0.89279,0.302699,1.057166,0.097523,0.062566,0.024634,-0.065355,-0.174534,0.982725,0.06155,-0.928801,-0.185065,0.321057,0.326901,-0.001132,0.945057,-0.014139,-0.000984,0.007229,-0.487233,-0.249971,-0.465957,-0.801939
238,0.049878,-5.2e-05,0.35205,-0.011059,0.999922,-0.008965,-0.921587,-0.00666,0.388079,0.387997,0.01131,0.921606,-0.0157,-0.008124,0.009892,-0.537976,-0.292173,-0.437298,-1.235901,-0.139554,0.01406,0.283934,0.881561,-0.312892,0.353469,-0.051879,0.679823,0.731494,-0.470276,-0.662789,0.582593,0.079152,0.056595,-0.049569,-1.128445,1.189059,-0.021966,0.365154,0.024714,0.025205,-0.039123,-0.882384,0.273892,0.382598,0.087001,-0.704131,0.704718,0.462416,0.655119,0.597485,0.03961,0.028621,-0.024508,-1.159391,0.67768,-0.219168,0.22342,0.062163,0.024433,-0.065034,-0.187826,0.980701,0.054283,-0.919338,-0.194991,0.341753,0.345742,0.014285,0.93822,-0.008613,-0.00944,0.009285,-0.737463,-0.480652,-0.324368,-0.805695
239,0.049362,-0.000582,0.352489,-0.023549,0.999693,-0.010261,-0.913522,-0.017295,0.406386,0.406108,0.0177,0.913669,-0.016386,-0.009613,0.008514,-0.464684,-0.299883,-0.234135,-1.238667,-0.136568,0.015745,0.282187,0.860016,-0.319934,0.397499,-0.098322,0.660313,0.744482,-0.50173,-0.678934,0.53589,0.082285,0.029119,-0.040252,-0.743824,0.707596,0.117754,0.424025,0.026234,0.026097,-0.039999,-0.858594,0.281447,0.428488,0.134972,-0.682231,0.718569,0.494567,0.674794,0.547773,0.03413,0.013533,-0.020343,-0.931993,0.808207,0.182319,0.336744,0.061905,0.024169,-0.064814,-0.20037,0.978305,0.052637,-0.910139,-0.205757,0.359596,0.362625,0.024145,0.931622,-0.001511,-0.007046,0.002795,-0.654381,-0.380216,-0.259519,-0.816798
240,0.049139,-0.000799,0.352609,-0.017122,0.999862,-0.005306,-0.908807,-0.013297,0.416971,0.416858,0.010717,0.908923,-0.003335,-0.01481,0.004904,-0.272191,-0.152061,-0.131753,-1.237628,-0.135033,0.01619,0.281361,0.851908,-0.327438,0.40869,-0.112552,0.647501,0.753663,-0.512466,-0.687626,0.514211,0.084168,0.014171,-0.03709,-0.783582,0.964162,-0.239562,0.439023,0.026975,0.026321,-0.040391,-0.851037,0.288272,0.438902,0.14824,-0.669944,0.727461,0.503747,0.684159,0.527413,0.034994,0.00665,-0.018065,-0.973912,0.927478,0.005517,0.372015,0.061789,0.024065,-0.064751,-0.194871,0.97915,0.05736,-0.906143,-0.202108,0.37156,0.375406,0.02043,0.926634,-0.008392,-0.005237,0.003875,-0.285483,-0.156811,-0.131952,-0.82186
241,0.048784,-0.001016,0.352691,-0.011683,0.999936,0.006132,-0.894168,-0.013138,0.447509,0.44757,-0.001499,0.894263,-0.000863,-0.001932,-0.001787,-0.63837,-0.346633,-0.460547,-1.242377,-0.13254,0.016894,0.280083,0.845598,-0.322341,0.425501,-0.142118,0.632194,0.761622,-0.515553,-0.704078,0.488204,0.069127,0.020738,-0.027842,-0.490056,0.695431,-0.190044,0.455044,0.028234,0.026658,-0.041057,-0.844287,0.282622,0.455305,0.177223,-0.654565,0.734939,0.505737,0.70119,0.502554,0.027521,0.009483,-0.013937,-0.018304,0.453335,-0.475007,0.412511,0.061608,0.023945,-0.064713,-0.18856,0.979596,0.069542,-0.893506,-0.200512,0.401796,0.407542,0.013626,0.913084,-0.007283,0.000919,0.000263,-0.941231,-0.427537,-0.43316,-0.829208
242,0.048838,-0.000988,0.352693,0.020348,0.999714,0.014283,-0.875625,0.010977,0.482837,0.482512,-0.023575,0.875588,0.000166,0.000373,0.000345,-0.61434,-0.336769,-0.302164,-1.251044,-0.130217,0.017767,0.279132,0.860203,-0.304116,0.409336,-0.145487,0.62278,0.768708,-0.489774,-0.720401,0.490924,0.070138,0.013343,-0.016055,0.078006,-0.28725,0.517075,0.478678,0.029416,0.027104,-0.041547,-0.857724,0.26564,0.440163,0.181692,-0.644289,0.742884,0.480933,0.717164,0.504358,0.034275,0.012863,-0.01123,0.376747,-1.417932,2.06188,0.437658,0.061635,0.023959,-0.064713,-0.15792,0.984331,0.078442,-0.880103,-0.176327,0.440825,0.447749,0.000578,0.894158,0.000118,0.000238,0.000247,-0.547878,-0.326816,-0.319831,-0.844558
243,0.049068,-0.000991,0.352708,0.033962,0.999266,0.018959,-0.855513,0.019313,0.517394,0.516602,-0.035035,0.855525,0.000964,0.002161,0.001997,-0.695959,-0.287616,-0.506251,-1.254329,-0.127609,0.018436,0.278686,0.873901,-0.279027,0.398036,-0.157294,0.612244,0.774822,-0.460981,-0.739361,0.490618,0.056655,0.006767,-0.001087,-0.217726,0.027323,0.213434,0.486026,0.0307,0.02743,-0.041776,-0.871316,0.23971,0.428189,0.19321,-0.63451,0.748375,0.451084,0.734802,0.506544,0.035404,0.00448,-0.000448,-0.580648,-0.257199,0.097378,0.463784,0.061743,0.023956,-0.064707,-0.144017,0.986007,0.083947,-0.863834,-0.166648,0.475413,0.48275,-0.004049,0.875748,0.000712,0.001573,0.001474,-0.841268,0.318261,0.683336,-0.845864
244,0.049224,-0.000952,0.352755,0.032378,0.999326,0.018532,-0.848691,0.017748,0.528564,0.527835,-0.034085,0.848678,0.001888,0.004241,0.003916,-0.497774,2.52986,4.298748,-1.256038,-0.126327,0.018696,0.278672,0.877901,-0.272881,0.393467,-0.160914,0.605577,0.779306,-0.452027,-0.74711,0.487199,0.056245,0.009603,0.002106,-0.353561,0.13419,0.345388,0.48824,0.031341,0.027564,-0.041787,-0.875343,0.232746,0.423795,0.197079,-0.628641,0.752309,0.441512,0.74205,0.504408,0.035234,0.005608,0.0008,-0.4416,0.200899,0.408677,0.469663,0.061825,0.023973,-0.064686,-0.152042,0.984865,0.083198,-0.856064,-0.173294,0.486951,0.493999,0.002814,0.869457,0.007685,-2.1e-05,0.000585,-0.750673,-0.403621,-0.597124,-0.841945
245,0.049398,-0.000857,0.352947,0.032587,0.999395,0.013889,-0.843958,0.020122,0.536006,0.535357,-0.030432,0.844094,0.00226,0.005084,0.004685,0.925492,-2.297358,1.254298,-1.26174,-0.123788,0.019068,0.278766,0.885553,-0.258434,0.386004,-0.169278,0.594054,0.786371,-0.433636,-0.761374,0.481801,0.070354,0.011541,0.001864,-0.0408,-0.060228,0.165385,0.487729,0.032631,0.027761,-0.04173,-0.882607,0.219933,0.415492,0.205013,-0.615278,0.761184,0.423052,0.757008,0.49796,0.035159,0.006005,0.001141,0.00286,-0.100585,0.129448,0.474725,0.061913,0.024022,-0.064587,-0.147193,0.985727,0.081704,-0.851937,-0.168315,0.495854,0.502529,0.00338,0.864553,0.001382,0.003099,0.002866,-0.264989,-0.20792,-0.057324,-0.838516
246,0.049571,-0.000714,0.353253,0.032929,0.999465,-0.005468,-0.847977,0.030886,0.529105,0.528946,-0.01403,0.848555,0.002886,0.006502,0.005975,0.00325,-0.018918,0.028586,-1.266048,-0.121061,0.019692,0.278968,0.902188,-0.224771,0.368139,-0.178312,0.58253,0.792967,-0.393814,-0.780751,0.484977,0.069301,0.017742,0.008806,0.36246,-1.680666,2.403571,0.484396,0.033995,0.028065,-0.041639,-0.897642,0.186,0.399552,0.216147,-0.60427,0.766901,0.384081,0.774765,0.502215,0.034639,0.009081,0.00458,-0.029801,-0.212824,0.084031,0.473418,0.062,0.024094,-0.064434,-0.146378,0.987433,0.059564,-0.858352,-0.156712,0.48854,0.491735,0.020384,0.870505,0.000714,-0.002046,0.007394,-0.027411,0.024698,-0.001697,-0.842598
247,0.049631,-0.000623,0.353447,0.033039,0.999462,-0.005528,-0.847869,0.031008,0.529273,0.529114,-0.014044,0.848451,0.00361,0.008138,0.007466,0.000543,-0.013689,0.025355,-1.266866,-0.119648,0.020123,0.279208,0.908665,-0.20928,0.361278,-0.182674,0.578531,0.7949,-0.376502,-0.788014,0.486974,0.068407,0.02264,0.014339,0.013748,-0.114586,0.189506,0.475188,0.034703,0.028274,-0.041526,-0.905028,0.1706,0.389639,0.218184,-0.600151,0.769554,0.365128,0.781481,0.505932,0.041248,0.0125,0.007277,0.028775,-0.236721,0.339344,0.46852,0.062031,0.02414,-0.064336,-0.146031,0.987479,0.059648,-0.858283,-0.156447,0.488746,0.491958,0.020177,0.870384,0.001846,0.004172,0.003827,0.000578,-0.006646,0.032864,-0.843251
248,0.049582,-0.000284,0.35392,0.05322,0.998589,-0.005665,-0.848085,0.048245,0.527632,0.52709,-0.024519,0.849471,-0.00924,0.013728,0.011393,-0.026225,2.921334,4.692642,-1.272646,-0.116697,0.021396,0.280147,0.922225,-0.170638,0.346952,-0.194095,0.571456,0.797307,-0.335472,-0.802407,0.493422,0.07962,0.039086,0.030488,-0.028972,-0.265187,0.167867,0.458209,0.036176,0.028896,-0.041072,-0.917826,0.132035,0.374381,0.229511,-0.593,0.771799,0.323913,0.794302,0.513968,0.032668,0.019284,0.016084,-0.168647,-0.542263,-0.010094,0.444679,0.06201,0.024305,-0.064103,-0.13153,0.989477,0.060281,-0.861024,-0.144166,0.487702,0.49126,0.012243,0.870926,0.001594,-5.6e-05,0.009198,-0.045237,0.006382,0.024789,-0.843415
