frame,MLTx,MLTy,MLTz,MLTR1,MLTR2,MLTR3,MLTR4,MLTR5,MLTR6,MLTR7,MLTR8,MLTR9,MLTTVx,MLTTVy,MLTTVz,MLTRVx,MLTRVy,MLTRVz,MLGA,MRTx,MRTy,MRTz,MRTR1,MRTR2,MRTR3,MRTR4,MRTR5,MRTR6,MRTR7,MRTR8,MRTR9,MRTTVx,MRTTVy,MRTTVz,MRTRVx,MRTRVy,MRTRVz,MRGA,SLTx,SLTy,SLTz,SLTR1,SLTR2,SLTR3,SLTR4,SLTR5,SLTR6,SLTR7,SLTR8,SLTR9,SLTTVx,SLTTVy,SLTTVz,SLTRVx,SLTRVy,SLTRVz,SLGA,SRTx,SRTy,SRTz,SRTR1,SRTR2,SRTR3,SRTR4,SRTR5,SRTR6,SRTR7,SRTR8,SRTR9,SRTTVx,SRTTVy,SRTTVz,SRTRVx,SRTRVy,SRTRVz,SRGA
899,0.098629,-0.023783,0.305644,-0.189613,-0.391232,-0.900572,0.397064,-0.869401,0.294031,-0.897758,-0.301353,0.321318,0.002818,0.009603,0.011602,-0.011694,-0.010995,0.028955,0.431374,-0.19356,-0.010383,0.278302,-0.987235,0.135702,0.083328,-0.049706,-0.759214,0.648889,0.152566,0.636286,0.756127,-0.00023,-0.002628,-0.003323,-0.001642,0.016748,-0.023393,-1.407279,0.027605,0.046581,-0.03582,0.99031,-0.085453,0.109468,-0.005304,0.76442,0.644696,-0.138771,-0.63903,0.75656,-8.4e-05,-0.000977,-0.001235,-4.9e-05,-0.000191,-0.000238,-0.957334,0.050016,0.035797,-0.070298,0.177452,0.396019,-0.900932,-0.399815,0.865518,0.301703,0.899254,0.306668,0.311922,0.001432,0.004902,0.005934,-0.037644,-0.016608,0.062601,0.396451
900,0.098966,-0.023491,0.305951,-0.196895,-0.389491,-0.899764,0.381654,-0.875771,0.295529,-0.902848,-0.284733,0.32221,0.017695,0.01515,-0.002177,0.036146,-0.047143,0.070244,0.426301,-0.193577,-0.010434,0.278222,-0.986383,0.14137,0.083997,-0.05364,-0.758978,0.648852,0.156725,0.635325,0.756084,-9e-05,-0.001022,-0.001293,0.012534,0.096819,0.11282,-1.407636,0.027596,0.046551,-0.035866,0.989772,-0.090619,0.11017,-0.001783,0.764387,0.644754,-0.14264,-0.638357,0.756408,-7.9e-05,-0.000724,-0.000908,0.136516,1.087131,1.267093,-0.958477,0.050179,0.035944,-0.070136,0.184764,0.394364,-0.900187,-0.38443,0.871976,0.3031,0.904474,0.290057,0.312715,0.00086,0.002962,0.003571,0.002487,-0.015652,0.024361,0.387796
901,0.099439,-0.023372,0.306045,-0.202471,-0.391724,-0.897554,0.371612,-0.878699,0.299607,-0.905792,-0.272401,0.324601,0.016408,0.010807,-0.00742,-0.410678,0.11685,0.20707,0.42639,-0.193601,-0.010462,0.278189,-0.986334,0.141103,0.085012,-0.052784,-0.759061,0.648825,0.157326,0.635286,0.755992,-3.8e-05,-0.000436,-0.000551,0.0,0.0,0.0,-1.407415,0.027584,0.046536,-0.035884,0.989636,-0.090872,0.111187,-0.002242,0.764424,0.644709,-0.14358,-0.638277,0.756298,-2e-05,-0.000233,-0.000292,-1.1e-05,-0.00016,-0.0002,-0.95913,0.050417,0.036007,-0.070084,0.190121,0.39672,-0.898034,-0.374865,0.874747,0.307071,0.907375,0.278261,0.315024,0.007801,-0.000111,0.000419,-1.501507,0.484597,0.575464,0.38404
902,0.099956,-0.023351,0.305946,-0.202937,-0.393783,-0.896547,0.371934,-0.877959,0.301371,-0.905555,-0.271814,0.325751,0.014736,-0.003259,-0.00278,0.000984,-0.014715,0.029553,0.432546,-0.193591,-0.010458,0.278176,-0.986306,0.140963,0.085571,-0.052322,-0.759123,0.64879,0.157659,0.635243,0.755959,-0.0,-1e-06,-1e-06,0.0,0.0,0.0,-1.407577,0.027589,0.046538,-0.03589,0.989586,-0.090723,0.111744,-0.002711,0.764462,0.644662,-0.14391,-0.638252,0.756256,2e-06,2.5e-05,3e-05,-7.3e-05,-9.1e-05,-0.000157,-0.954885,0.050676,0.036022,-0.070136,0.190766,0.398664,-0.897036,-0.374763,0.874179,0.308808,0.907281,0.277266,0.316168,0.007702,0.00369,-0.00578,0.036507,-0.017855,0.021062,0.386326
903,0.100206,-0.023314,0.305831,-0.203364,-0.395927,-0.895505,0.37229,-0.877172,0.303217,-0.905313,-0.271239,0.326903,0.015519,0.007793,-0.011057,0.033016,-0.020153,0.026932,0.441288,-0.193579,-0.010447,0.278189,-0.986279,0.140836,0.086083,-0.051896,-0.759164,0.648777,0.157967,0.635222,0.755912,7e-05,0.000803,0.001016,0.0,0.0,0.0,-1.407575,0.027595,0.046542,-0.035886,0.989554,-0.090629,0.11211,-0.00302,0.764476,0.644644,-0.144129,-0.638249,0.756217,0.00754,0.000574,0.000195,0.00364,-0.032051,0.052518,-0.954558,0.050794,0.036035,-0.070193,0.19119,0.400845,-0.895973,-0.375097,0.873368,0.310691,0.907054,0.276676,0.317335,0.007663,0.003557,-0.005944,0.003773,0.111137,-0.179276,0.392368
904,0.100696,-0.023156,0.305507,-0.203584,-0.397254,-0.894867,0.37305,-0.876516,0.304179,-0.90495,-0.271417,0.327757,0.014646,-0.00356,-0.003159,0.000984,-0.014712,0.029549,0.45232,-0.193578,-0.010456,0.278194,-0.986219,0.140538,0.087252,-0.050913,-0.759242,0.648764,0.158666,0.635196,0.755788,0.0,0.0,0.0,-0.011328,0.115585,-0.161442,-1.407399,0.027596,0.04654,-0.03588,0.989435,-0.090288,0.113418,-0.004128,0.764509,0.644598,-0.144909,-0.638257,0.75606,-1e-06,-2e-06,-4e-06,-0.011401,0.115519,-0.161543,-0.954558,0.051044,0.036114,-0.070362,0.191392,0.402184,-0.89533,-0.37589,0.872683,0.311658,0.906684,0.276897,0.318202,0.000167,0.004733,-0.005098,0.035952,-0.020566,0.020433,0.409351
905,0.101236,-0.022876,0.305041,-0.204306,-0.401571,-0.892774,0.374485,-0.874682,0.307675,-0.904194,-0.270978,0.3302,0.015227,0.006845,-0.01222,0.033034,0.071554,-0.1241,0.456126,-0.193534,-0.010467,0.278177,-0.986182,0.14038,0.087922,-0.050362,-0.759295,0.648745,0.159075,0.635168,0.755725,-1e-05,-0.000113,-0.000143,0.0,0.0,0.0,-1.407574,0.027618,0.046534,-0.035889,0.989374,-0.090125,0.114087,-0.004683,0.764534,0.644565,-0.145316,-0.638251,0.755988,-6e-06,-6.5e-05,-8.2e-05,-2.9e-05,-4.7e-05,-8.5e-05,-0.953415,0.051313,0.03625,-0.070591,0.192084,0.406393,-0.893278,-0.37725,0.870866,0.315076,0.905972,0.276469,0.320591,0.007569,0.003248,-0.006327,0.036443,-0.020798,0.026385,0.419964
906,0.101467,-0.022719,0.304811,-0.204721,-0.404111,-0.891532,0.375297,-0.873603,0.309746,-0.903763,-0.270682,0.331619,0.01541,0.007508,-0.011426,0.032807,0.072749,-0.125695,0.457212,-0.193523,-0.010467,0.278177,-0.986167,0.140316,0.088188,-0.050142,-0.759316,0.648737,0.159235,0.635157,0.755701,-0.0,-2e-06,-2e-06,0.0,0.0,0.0,-1.407524,0.027623,0.046534,-0.035889,0.989349,-0.090059,0.114352,-0.004904,0.764544,0.644552,-0.145475,-0.638248,0.755959,0.007492,1.7e-05,-0.00051,0.002004,-0.015253,0.029175,-0.952925,0.051429,0.036327,-0.070709,0.192493,0.408947,-0.892024,-0.378041,0.869765,0.317164,0.905555,0.27617,0.322023,0.000174,0.004764,-0.005057,0.035081,-0.018196,0.016943,0.42225
907,0.10183,-0.022359,0.304427,-0.207403,-0.405208,-0.890413,0.371491,-0.874629,0.311434,-0.90472,-0.265691,0.333044,0.000777,0.011107,-0.008201,0.034791,-0.017395,0.016083,0.456474,-0.193467,-0.010472,0.278166,-0.985888,0.140121,0.091561,-0.047941,-0.759994,0.648109,0.161644,0.634389,0.755834,-0.0,-2e-06,-3e-06,0.0,0.0,-0.0,-1.407842,0.027651,0.046532,-0.035895,0.988973,-0.089858,0.117718,-0.007122,0.765106,0.643864,-0.147923,-0.637603,0.756029,1e-06,7e-06,7e-06,-8e-05,-0.000224,0.000113,-0.950802,0.051615,0.036504,-0.070904,0.195193,0.410118,-0.890899,-0.374236,0.870787,0.318866,0.906557,0.271166,0.323453,0.000412,0.005609,-0.004038,0.035388,-0.01888,0.018076,0.42372
908,0.101984,-0.022033,0.304213,-0.213173,-0.408051,-0.887748,0.362441,-0.87681,0.315932,-0.907038,-0.253908,0.335915,8.5e-05,0.000301,0.000362,-0.441555,0.15714,0.16708,0.451158,-0.193377,-0.010475,0.278172,-0.985878,0.140125,0.091661,-0.047875,-0.759983,0.648127,0.161724,0.634401,0.755807,0.0,2e-06,2e-06,-0.011341,0.11558,-0.161444,-1.407644,0.027696,0.04653,-0.035891,0.988974,-0.089898,0.117672,-0.007066,0.765086,0.643888,-0.147914,-0.637621,0.756016,1e-06,-0.0,-3e-06,-2.7e-05,-2.4e-05,-5.1e-05,-0.949986,0.051693,0.036673,-0.071012,0.200909,0.413008,-0.888289,-0.365294,0.872961,0.323261,0.908953,0.259541,0.326255,5e-05,0.000161,0.000192,-0.445263,0.156618,0.172162,0.419964
909,0.101983,-0.02192,0.304154,-0.21335,-0.410268,-0.886683,0.35754,-0.877391,0.319879,-0.908939,-0.248276,0.334986,0.001023,0.011981,-0.007147,-1.443044,0.48177,0.552355,0.446883,-0.193332,-0.010481,0.278162,-0.985863,0.140083,0.091879,-0.047704,-0.759999,0.64812,0.161863,0.634391,0.755786,-4.9e-05,-0.000569,-0.00072,0.0,0.0,0.0,-1.40754,0.027719,0.046529,-0.035895,0.988939,-0.089818,0.118032,-0.007359,0.7651,0.643869,-0.148138,-0.637617,0.755976,-3.2e-05,-0.000383,-0.000487,-4.1e-05,-1.9e-05,-5.2e-05,-0.949822,0.051692,0.036724,-0.07104,0.20014,0.415657,-0.887227,-0.361632,0.872947,0.32739,0.910585,0.255326,0.325026,9.9e-05,0.000635,0.000529,-4.899943,1.84876,1.676629,0.416535
910,0.10186,-0.021764,0.304091,-0.215428,-0.409,-0.886767,0.347356,-0.880776,0.321792,-0.912389,-0.238199,0.33292,-0.014953,0.002382,0.001768,-0.048446,-0.002067,-0.033727,0.43759,-0.193254,-0.010481,0.278156,-0.985819,0.139927,0.092583,-0.047132,-0.760054,0.648098,0.162299,0.63436,0.755718,-0.0,-0.0,-0.0,0.0,0.0,0.0,-1.407283,0.027758,0.046527,-0.035899,0.988869,-0.08966,0.118734,-0.007932,0.765125,0.643832,-0.148573,-0.637608,0.755898,2e-06,4e-06,3e-06,-5.2e-05,-1.8e-05,-4.2e-05,-0.949986,0.051637,0.036808,-0.071073,0.202914,0.413946,-0.887396,-0.349936,0.877059,0.329107,0.914532,0.243752,0.322822,1.8e-05,5.5e-05,7.2e-05,-0.126578,0.038663,0.042438,0.405268
911,0.101558,-0.021681,0.304087,-0.217868,-0.410038,-0.885691,0.331703,-0.884563,0.327862,-0.917615,-0.221853,0.329835,-0.015004,0.002204,0.001547,-0.158045,-0.035921,-0.041253,0.431921,-0.19323,-0.010484,0.278167,-0.985779,0.139763,0.093252,-0.046573,-0.76009,0.648095,0.162704,0.634353,0.755637,1e-05,0.000112,0.000142,0.0,0.0,0.0,-1.407192,0.02777,0.046526,-0.035894,0.988804,-0.089494,0.119401,-0.008493,0.765132,0.643816,-0.148975,-0.637622,0.755806,6e-06,7e-05,8.9e-05,-2.9e-05,-1.4e-05,-4.3e-05,-0.948353,0.051486,0.036848,-0.071076,0.205427,0.41498,-0.886335,-0.334285,0.880934,0.334974,0.919811,0.227476,0.31969,-1.1e-05,-4.8e-05,-4.9e-05,-0.464646,0.060867,0.101506,0.396287
912,0.101122,-0.021632,0.304179,-0.222506,-0.407796,-0.885573,0.315776,-0.889506,0.330207,-0.922104,-0.20567,0.327798,-0.014666,0.003391,0.002966,-4.896674,1.833452,1.778264,0.423891,-0.193196,-0.010493,0.27817,-0.984903,0.145475,0.093775,-0.050639,-0.759828,0.648098,0.166778,0.633374,0.75557,-2e-05,-0.000226,-0.000287,0.0,0.0,0.0,-1.407527,0.027787,0.046522,-0.035891,0.9882,-0.095252,0.119941,-0.00441,0.765077,0.643923,-0.153099,-0.636855,0.755629,-9e-06,-0.000132,-0.000169,7.8e-05,-7e-05,-0.000186,-0.945577,0.051267,0.036871,-0.071032,0.207657,0.414059,-0.886246,-0.323605,0.884061,0.337215,0.923124,0.216769,0.317573,-0.007305,0.001793,0.00161,0.010933,0.014805,0.003101,0.38698
913,0.100821,-0.021594,0.304251,-0.224984,-0.406919,-0.88535,0.310517,-0.891195,0.330638,-0.923285,-0.200029,0.327965,-0.014764,0.003048,0.002546,-0.001007,0.014625,-0.029608,0.420289,-0.193163,-0.010498,0.278161,-0.98488,0.145387,0.09416,-0.050326,-0.75986,0.648085,0.167014,0.633357,0.755532,-4.9e-05,-0.000572,-0.000724,0.0,0.0,0.0,-1.407197,0.027804,0.04652,-0.035895,0.988163,-0.09516,0.120324,-0.004727,0.765093,0.643902,-0.153333,-0.636849,0.755587,-3.3e-05,-0.000384,-0.000488,-1.1e-05,-9.7e-05,-0.000107,-0.944434,0.051112,0.036893,-0.070994,0.212783,0.411865,-0.886052,-0.313165,0.887728,0.337438,0.925554,0.20568,0.317875,-0.007376,0.001544,0.001308,0.001494,0.018221,-0.028052,0.381264
914,0.100079,-0.021509,0.304476,-0.229963,-0.405251,-0.884836,0.299876,-0.894454,0.33166,-0.925566,-0.188575,0.328321,-0.014526,0.003868,0.003516,-0.000984,0.014714,-0.029553,0.415447,-0.193096,-0.010503,0.278149,-0.984842,0.145252,0.094764,-0.049836,-0.759909,0.648065,0.167387,0.633328,0.755473,-1e-06,-1.2e-05,-1.5e-05,0.0,0.0,0.0,-1.407669,0.027837,0.046516,-0.035903,0.988103,-0.09502,0.120926,-0.005221,0.765118,0.643869,-0.153704,-0.63684,0.755519,0.007492,1.9e-05,-0.000515,0.001988,-0.015255,0.029154,-0.942964,0.050746,0.036933,-0.070883,0.217819,0.41019,-0.885606,-0.302532,0.891076,0.338315,0.927916,0.194233,0.318189,-0.0151,-0.002271,0.006926,-0.033522,-0.057305,0.094019,0.372447
915,0.0993,-0.021446,0.304814,-0.233202,-0.398485,-0.887058,0.282946,-0.900529,0.330092,-0.93007,-0.173523,0.323863,-0.013832,0.006234,0.006339,-0.004232,0.000784,-0.0038,0.408554,-0.193028,-0.010498,0.278151,-0.984545,0.145069,0.09807,-0.047698,-0.760593,0.647423,0.169754,0.632549,0.755598,3e-06,3.6e-05,4.5e-05,0.0,0.0,-0.0,-1.40698,0.027871,0.046519,-0.035901,0.987711,-0.09483,0.124231,-0.007381,0.76569,0.643166,-0.156114,-0.63618,0.755581,1e-06,2e-05,2.3e-05,-0.000194,-0.000713,0.000534,-0.943454,0.050355,0.036961,-0.070719,0.221031,0.403434,-0.88791,-0.285637,0.897284,0.336588,0.9325,0.179223,0.313563,-0.014462,0.004088,0.003782,-0.011071,0.041313,-0.057087,0.364119
916,0.098914,-0.021394,0.30504,-0.234969,-0.395368,-0.887985,0.277182,-0.902868,0.32859,-0.931357,-0.16844,0.322845,-0.013539,0.007215,0.007503,8.5e-05,-0.003977,0.000621,0.403706,-0.192994,-0.010498,0.278149,-0.984547,0.145097,0.098001,-0.047763,-0.760587,0.647426,0.16972,0.632551,0.755605,0.0,1e-06,1e-06,0.0,0.0,-0.0,-1.407021,0.027888,0.046519,-0.035903,0.987718,-0.094859,0.124155,-0.007311,0.765686,0.643172,-0.156075,-0.636181,0.755588,0.0,-3e-06,-5e-06,-8e-05,-0.000123,1.7e-05,-0.943454,0.050163,0.036986,-0.070606,0.222849,0.400294,-0.888876,-0.279912,0.899685,0.334985,0.933802,0.174156,0.312541,-0.007213,-0.002039,0.007759,-0.032851,0.024265,-0.032255,0.358894
917,0.09826,-0.021269,0.305571,-0.244519,-0.390493,-0.887565,0.25523,-0.908974,0.329538,-0.935154,-0.145476,0.323035,-0.013734,-0.001781,0.018196,-0.035366,0.017306,-0.020937,0.390858,-0.192929,-0.010525,0.27811,-0.984537,0.14509,0.098113,-0.047686,-0.760595,0.647423,0.169801,0.632543,0.755593,-9.2e-05,-0.00107,-0.001355,0.0,0.0,0.0,-1.407104,0.02792,0.046508,-0.035919,0.987705,-0.094849,0.124265,-0.007389,0.765689,0.643168,-0.156153,-0.636178,0.755574,-6.4e-05,-0.000745,-0.000945,-0.00166,0.016709,-0.023433,-0.944107,0.049835,0.037052,-0.070345,0.23247,0.395508,-0.888555,-0.257987,0.905933,0.335747,0.937763,0.151185,0.312638,-0.006436,0.004732,0.005102,0.000455,-0.000165,-0.005804,0.344198
918,0.097904,-0.021085,0.306081,-0.251442,-0.386105,-0.88755,0.238547,-0.913427,0.329723,-0.93771,-0.128343,0.322886,0.002244,0.007595,0.009059,0.000341,-0.015039,0.024586,0.373186,-0.192899,-0.010563,0.278059,-0.984496,0.144931,0.098766,-0.047147,-0.760649,0.647399,0.170197,0.632514,0.755528,-9e-05,-0.001054,-0.001335,0.0,0.0,0.0,-1.407024,0.027936,0.046487,-0.035947,0.987638,-0.094688,0.124916,-0.007932,0.765716,0.643129,-0.156547,-0.63617,0.755499,-4.6e-05,-0.000552,-0.000702,-1.9e-05,-2.9e-05,-2.1e-05,-0.944107,0.049652,0.037142,-0.070084,0.239444,0.391192,-0.888613,-0.241308,0.910497,0.335804,0.940445,0.134024,0.312411,-0.006327,0.005072,0.005486,0.000562,-0.000348,-0.005663,0.321663
919,0.097805,-0.020895,0.306582,-0.255898,-0.382652,-0.887772,0.227159,-0.91642,0.329463,-0.939325,-0.116887,0.322541,-0.01247,0.010691,0.011554,-0.000613,-0.000323,-0.00497,0.354876,-0.192927,-0.010633,0.277971,-0.984441,0.144693,0.099658,-0.046393,-0.760725,0.647364,0.170723,0.632478,0.755439,-0.000196,-0.00228,-0.002891,-0.001647,0.016746,-0.023394,-1.407408,0.027921,0.046453,-0.035989,0.987548,-0.094446,0.125805,-0.008688,0.765753,0.643075,-0.157072,-0.636161,0.755398,-9.7e-05,-0.001136,-0.001441,-0.001637,0.016737,-0.023412,-0.943944,0.049608,0.037237,-0.069833,0.243914,0.387747,-0.888907,-0.229949,0.913577,0.33541,0.94214,0.122593,0.311996,0.000844,-0.001251,0.009219,-0.033182,0.002398,0.008095,0.29717
920,0.097865,-0.020768,0.30683,-0.260298,-0.379193,-0.887977,0.216043,-0.919218,0.329144,-0.940732,-0.105701,0.322302,0.002804,0.009499,0.011265,-0.039006,-0.015334,0.063598,0.344204,-0.192929,-0.010661,0.277937,-0.984434,0.144666,0.099762,-0.046306,-0.760733,0.647359,0.170786,0.632473,0.755429,-0.000135,-0.001578,-0.002002,0.0,0.0,0.0,-1.407182,0.02792,0.046438,-0.036009,0.987537,-0.094418,0.125909,-0.008776,0.765757,0.643069,-0.157133,-0.63616,0.755386,-6.9e-05,-0.000813,-0.001032,2e-06,-1.9e-05,-5e-06,-0.944271,0.049632,0.037299,-0.069711,0.248334,0.384358,-0.889155,-0.218896,0.916433,0.335013,0.943617,0.111437,0.311716,0.001268,0.004313,0.005123,-0.132177,0.034637,0.072499,0.282964
921,0.098084,-0.020498,0.307255,-0.26666,-0.373496,-0.888504,0.199276,-0.923312,0.328262,-0.942641,-0.089066,0.321748,0.002476,0.008414,0.009939,-0.003206,-0.013708,0.025884,0.325642,-0.192955,-0.010699,0.27789,-0.984414,0.144572,0.100098,-0.046019,-0.760762,0.647346,0.170981,0.63246,0.755396,-5.5e-05,-0.000645,-0.000819,0.0,0.0,0.0,-1.40744,0.027907,0.046417,-0.036034,0.987504,-0.094323,0.126243,-0.009064,0.765772,0.643048,-0.157328,-0.636157,0.755348,-2.4e-05,-0.000295,-0.000374,-1.8e-05,1e-05,-2.2e-05,-0.943944,0.049743,0.037438,-0.069494,0.254743,0.378666,-0.889784,-0.202116,0.920668,0.333944,0.94565,0.09477,0.311069,0.001261,0.004299,0.005084,-0.010261,-0.010521,0.028079,0.255531
922,0.098485,-0.020234,0.307557,-0.272744,-0.37407,-0.886413,0.188866,-0.924217,0.331851,-0.943036,-0.076444,0.32383,0.001977,0.00675,0.007946,-0.002216,0.088708,-0.145092,0.301348,-0.192957,-0.01072,0.277862,-0.98439,0.144476,0.100469,-0.045708,-0.760794,0.647331,0.171202,0.632445,0.755358,-7.2e-05,-0.000842,-0.001069,0.0,0.0,0.0,-1.407321,0.027906,0.046408,-0.036045,0.987466,-0.094226,0.126612,-0.009376,0.765787,0.643025,-0.157548,-0.636153,0.755306,-4.4e-05,-0.000525,-0.000666,-3.3e-05,8e-06,-1.1e-05,-0.944597,0.049945,0.037575,-0.069337,0.260845,0.379273,-0.887756,-0.191684,0.92163,0.337424,0.946159,0.082153,0.313103,0.00096,0.003292,0.003874,-0.000728,0.087189,-0.143603,0.225322
923,0.098706,-0.02015,0.307654,-0.273765,-0.376386,-0.885117,0.189256,-0.923345,0.334046,-0.942661,-0.075602,0.325119,0.001613,0.005524,0.006494,0.000376,-0.015033,0.024586,0.289613,-0.192957,-0.01072,0.277862,-0.984372,0.144401,0.100757,-0.045466,-0.760818,0.64732,0.171373,0.632433,0.75533,-1e-06,-1.2e-05,-1.6e-05,0.0,0.0,0.0,-1.407375,0.027906,0.046407,-0.036047,0.987437,-0.094151,0.126899,-0.009618,0.765799,0.643007,-0.157719,-0.63615,0.755273,2e-06,2.4e-05,3.1e-05,-1.1e-05,6e-06,-1.5e-05,-0.943454,0.050055,0.037616,-0.06929,0.261863,0.381615,-0.886451,-0.19207,0.920736,0.339636,0.945799,0.081323,0.314404,0.008154,0.001267,0.002038,0.002565,-0.031305,0.055642,0.209156
924,0.099203,-0.019997,0.307738,-0.278177,-0.379715,-0.882315,0.184826,-0.922548,0.338698,-0.942243,-0.068391,0.327915,0.00177,0.014366,-0.004376,0.034736,-0.017591,0.01599,0.276385,-0.192968,-0.010715,0.27787,-0.984344,0.144285,0.10119,-0.0451,-0.760854,0.647302,0.171629,0.632415,0.755286,1.3e-05,0.000155,0.000196,0.0,0.0,0.0,-1.407228,0.027901,0.04641,-0.036043,0.987392,-0.094033,0.127331,-0.009986,0.765817,0.64298,-0.157974,-0.636146,0.755223,1e-05,0.000125,0.00016,-1.5e-05,1e-05,-9e-06,-0.944271,0.050297,0.037689,-0.069244,0.2663,0.385022,-0.883652,-0.187594,0.919928,0.344295,0.945458,0.074082,0.317205,0.007878,0.000346,0.000944,0.002217,-0.017836,0.033612,0.182213
925,0.09966,-0.019913,0.307772,-0.281438,-0.380236,-0.881056,0.179865,-0.922781,0.340728,-0.942231,-0.062111,0.329197,0.015366,-0.000644,0.000323,0.000984,-0.014715,0.029553,0.265317,-0.192967,-0.01071,0.277877,-0.984308,0.144141,0.101745,-0.044635,-0.760901,0.64728,0.17196,0.632392,0.75523,0.0,1e-06,1e-06,0.0,0.0,0.0,-1.40743,0.027901,0.046413,-0.036039,0.987334,-0.093888,0.127884,-0.010452,0.76584,0.642946,-0.158304,-0.63614,0.755159,-1e-06,-4e-06,-5e-06,-4e-06,-4e-06,3e-06,-0.943944,0.050533,0.037737,-0.069228,0.269527,0.385481,-0.882472,-0.182633,0.920216,0.346188,0.945515,0.067861,0.318425,0.007652,-0.000414,4.8e-05,0.001737,-0.015646,0.030391,0.166537
926,0.100056,-0.019916,0.307795,-0.281147,-0.379339,-0.881535,0.179627,-0.923136,0.339892,-0.942364,-0.062323,0.328777,0.000386,0.001343,0.001573,0.0,0.0,0.0,0.239655,-0.192956,-0.01071,0.277876,-0.984281,0.144039,0.102154,-0.044295,-0.760935,0.647263,0.172205,0.632375,0.755189,0.0,0.0,0.0,0.0,0.0,0.0,-1.40744,0.027907,0.046413,-0.036039,0.987291,-0.093785,0.128291,-0.010793,0.765856,0.64292,-0.158549,-0.636135,0.755112,-3e-06,-2e-06,-8e-06,-3e-05,-1.1e-05,9e-06,-0.944597,0.050724,0.037733,-0.069219,0.269238,0.384621,-0.882936,-0.182437,0.920559,0.345379,0.945635,0.068091,0.318018,0.007489,-0.000981,-0.00062,0.00142,-0.0149,0.029453,0.137635
927,0.100228,-0.019914,0.307777,-0.283254,-0.377292,-0.881739,0.174107,-0.924328,0.339524,-0.942766,-0.056882,0.32861,0.01515,-0.001366,-0.000536,0.000984,-0.014714,0.029553,0.231277,-0.192956,-0.01071,0.277876,-0.984262,0.143964,0.102442,-0.044053,-0.760959,0.647251,0.172377,0.632363,0.75516,0.0,0.0,0.0,0.0,0.0,0.0,-1.407109,0.027907,0.046413,-0.036039,0.987261,-0.09371,0.128578,-0.011034,0.765868,0.642902,-0.15872,-0.636132,0.755078,-3e-06,-2e-06,-7e-06,-3e-05,-8e-06,4e-06,-0.944597,0.05081,0.037734,-0.069228,0.271353,0.382563,-0.883182,-0.176914,0.921802,0.344936,0.94608,0.062648,0.317814,0.007598,-0.000606,-0.000181,0.001544,-0.014701,0.029226,0.121632
928,0.100535,-0.019878,0.307682,-0.282923,-0.37648,-0.882192,0.174134,-0.924631,0.338686,-0.942861,-0.057336,0.328259,0.014736,-0.002803,-0.002225,0.000984,-0.014715,0.029553,0.224743,-0.192967,-0.01071,0.277877,-0.984222,0.143805,0.10304,-0.043549,-0.761009,0.647226,0.172731,0.632339,0.755099,0.0,0.0,0.0,0.0,0.0,0.0,-1.4073,0.027901,0.046413,-0.036039,0.987198,-0.09355,0.129173,-0.011539,0.765892,0.642864,-0.159074,-0.636126,0.755009,-4e-06,-2e-06,-5e-06,-2.3e-05,1e-06,-1.1e-05,-0.94623,0.050964,0.037754,-0.069274,0.271017,0.381758,-0.883634,-0.17697,0.922104,0.3441,0.946166,0.06312,0.317466,-0.000105,-0.000369,-0.000438,0.000359,-0.000144,-0.000136,0.104487
929,0.100769,-0.019853,0.307568,-0.282712,-0.375988,-0.882469,0.174248,-0.924807,0.338144,-0.942903,-0.05771,0.328072,0.014796,-0.002592,-0.001982,0.000984,-0.014715,0.029553,0.195935,-0.192956,-0.010715,0.277869,-0.984203,0.143735,0.103326,-0.043312,-0.761033,0.647215,0.172903,0.632327,0.75507,-0.0,-1e-06,-1e-06,0.0,0.0,0.0,-1.407375,0.027907,0.04641,-0.036043,0.987168,-0.093479,0.129458,-0.011777,0.765904,0.642846,-0.159246,-0.636122,0.754975,-0.0,4e-06,3e-06,-1.2e-05,7e-06,-1.7e-05,-0.948026,0.05108,0.037764,-0.069333,0.270802,0.381269,-0.883911,-0.177104,0.922279,0.34356,0.946202,0.063508,0.317279,-5.9e-05,-0.000214,-0.000256,0.000245,-9.8e-05,-6.5e-05,0.08179
930,0.100847,-0.019854,0.307541,-0.282653,-0.375834,-0.882554,0.174257,-0.924864,0.337983,-0.942919,-0.057798,0.32801,-2.2e-05,-7.6e-05,-8.9e-05,0.0,0.0,0.0,0.172342,-0.192945,-0.010715,0.277869,-0.984185,0.143669,0.10359,-0.043093,-0.761055,0.647204,0.173063,0.632315,0.755043,-0.0,-0.0,-0.0,0.0,0.0,0.0,-1.407135,0.027912,0.04641,-0.036043,0.98714,-0.093414,0.129722,-0.011997,0.765915,0.642829,-0.159406,-0.636119,0.754944,0.0,3e-06,3e-06,-0.011367,0.115581,-0.161469,-0.948843,0.051125,0.037762,-0.069349,0.270734,0.381096,-0.884006,-0.177115,0.922344,0.34338,0.946219,0.063606,0.317208,-8e-06,-3e-05,-4e-05,0.000197,-7.3e-05,-4.6e-05,0.056316
931,0.100902,-0.019871,0.30754,-0.280034,-0.376988,-0.882896,0.174051,-0.924372,0.339433,-0.943741,-0.058153,0.325574,-0.0,-0.0,-0.0,-0.024233,-0.097391,-0.05928,0.086659,-0.192923,-0.01072,0.27786,-0.984146,0.143534,0.104141,-0.042636,-0.7611,0.647181,0.173395,0.632292,0.754986,-1.6e-05,-0.000182,-0.000231,-0.01137,0.115572,-0.161448,-1.407086,0.027923,0.046408,-0.036047,0.98708,-0.093277,0.13027,-0.012454,0.765937,0.642795,-0.159737,-0.636113,0.75488,-7e-06,-9.7e-05,-0.000121,-0.01137,0.115569,-0.161458,-0.950149,0.051152,0.037754,-0.069348,0.268087,0.382228,-0.884324,-0.176752,0.921859,0.344868,0.947041,0.063851,0.314698,1e-06,7e-06,9e-06,-0.02801,-0.116866,-0.071281,-0.033494
932,0.100836,-0.019872,0.307567,-0.280087,-0.377121,-0.882823,0.174036,-0.924323,0.339574,-0.943728,-0.058071,0.325626,-0.014871,0.00233,0.001677,-0.000989,0.014694,-0.029566,0.018864,-0.192891,-0.010737,0.277837,-0.984116,0.143434,0.104567,-0.042287,-0.761135,0.647163,0.173656,0.632273,0.754942,-4.6e-05,-0.000534,-0.000678,0.0,0.0,0.0,-1.407225,0.02794,0.0464,-0.036058,0.987034,-0.093176,0.130694,-0.012804,0.765953,0.642768,-0.159997,-0.636107,0.754829,-2.9e-05,-0.000342,-0.000433,-0.011353,0.115568,-0.161458,-0.951292,0.051125,0.037753,-0.069335,0.26812,0.382361,-0.884257,-0.176893,0.921798,0.344958,0.947005,0.063929,0.31479,4e-06,1.6e-05,1.9e-05,0.000903,0.001747,0.001002,-0.14747
933,0.100757,-0.019868,0.307582,-0.280092,-0.377159,-0.882805,0.17402,-0.924309,0.339619,-0.94373,-0.058039,0.325627,-0.014879,0.002301,0.001642,-0.000984,0.014714,-0.029553,-0.009276,-0.192892,-0.010748,0.277823,-0.984103,0.143386,0.104752,-0.042132,-0.761151,0.647155,0.173766,0.632265,0.754923,-6.4e-05,-0.000744,-0.000945,0.0,0.0,0.0,-1.407064,0.027939,0.046395,-0.036064,0.987014,-0.093127,0.130879,-0.01296,0.765961,0.642756,-0.160107,-0.636106,0.754807,-4.1e-05,-0.000479,-0.000609,-0.011342,0.115556,-0.161444,-0.951945,0.051085,0.037755,-0.069328,0.26814,0.382391,-0.884238,-0.176879,0.921788,0.344992,0.947002,0.063897,0.314806,-1e-06,-4e-06,-3e-06,4.7e-05,0.000273,0.000157,-0.192212
934,0.100572,-0.019893,0.307619,-0.280057,-0.377104,-0.88284,0.173877,-0.924339,0.339612,-0.943766,-0.057932,0.32554,-0.014944,0.00208,0.001379,-0.000984,0.014715,-0.029553,-0.067319,-0.192894,-0.010766,0.277783,-0.984088,0.143324,0.104985,-0.04194,-0.761187,0.647125,0.173903,0.632236,0.754917,-8.4e-05,-0.000978,-0.001242,0.0,0.0,0.0,-1.407319,0.027938,0.046386,-0.036085,0.986989,-0.093066,0.131111,-0.013152,0.765987,0.64272,-0.160245,-0.636083,0.754797,-4.5e-05,-0.000525,-0.000665,-1.8e-05,4e-06,-1e-05,-0.953252,0.050987,0.037743,-0.069309,0.268115,0.382356,-0.88426,-0.176741,0.92181,0.345003,0.947035,0.063784,0.31473,-0.007475,0.001035,0.000688,-0.001059,0.014738,-0.029525,-0.249527
935,0.100413,-0.019911,0.307667,-0.278067,-0.372679,-0.885344,0.173032,-0.926033,0.335402,-0.944512,-0.059472,0.32309,-0.0,-0.0,-0.0,0.007608,-0.039955,0.062537,-0.136419,-0.192897,-0.010799,0.277742,-0.984059,0.143217,0.105397,-0.041594,-0.761221,0.647107,0.174149,0.632219,0.754874,-9.2e-05,-0.001074,-0.001365,0.0,0.0,0.0,-1.406973,0.027936,0.046369,-0.036106,0.986944,-0.092958,0.131522,-0.013499,0.766003,0.642693,-0.16049,-0.636079,0.754748,-4.9e-05,-0.000569,-0.000726,-1e-05,-4e-06,-7e-06,-0.953905,0.050908,0.037734,-0.069285,0.266129,0.377921,-0.886763,-0.175951,0.923529,0.340785,0.947742,0.065334,0.312273,-1e-06,5e-06,1.1e-05,0.027159,-0.143533,0.224883,-0.297861
936,0.100318,-0.019941,0.307689,-0.277158,-0.37066,-0.886476,0.17263,-0.926799,0.333487,-0.944853,-0.06015,0.321964,-0.000281,-0.000982,-0.00115,0.0,-0.0,0.0,-0.222596,-0.192912,-0.010822,0.277696,-0.98405,0.143178,0.10553,-0.041485,-0.761249,0.647081,0.174223,0.632194,0.754878,-4.6e-05,-0.000537,-0.000682,0.0,0.0,0.0,-1.407115,0.027929,0.046356,-0.03613,0.98693,-0.092918,0.131653,-0.013609,0.766026,0.642664,-0.160566,-0.636058,0.75475,-2.6e-05,-0.000308,-0.000392,6e-06,-0.0,-8e-06,-0.954068,0.050861,0.037721,-0.069272,0.265219,0.375892,-0.887898,-0.175574,0.924308,0.338862,0.948067,0.066019,0.311142,-0.000162,-0.000555,-0.000647,-0.000189,0.000908,-0.001408,-0.360565
937,0.100271,-0.019968,0.307718,-0.276155,-0.368394,-0.887732,0.172166,-0.927654,0.331344,-0.945233,-0.060883,0.32071,-4e-06,-1.4e-05,-1.7e-05,0.0,-1e-06,1e-06,-0.267934,-0.192901,-0.010833,0.277681,-0.984048,0.143177,0.105548,-0.041471,-0.76125,0.64708,0.174237,0.632193,0.754876,0.014978,-0.000211,-0.001348,0.002045,-0.015205,0.029245,-1.407055,0.027929,0.04635,-0.036138,0.986926,-0.092907,0.131695,-0.013644,0.766027,0.642662,-0.16059,-0.636057,0.754745,-1e-05,-0.000121,-0.000155,-2e-06,1e-06,-5e-06,-0.952272,0.050837,0.037706,-0.06926,0.26421,0.373601,-0.889165,-0.175134,0.925182,0.336695,0.94843,0.066765,0.309872,-3e-06,5e-06,8e-06,-0.000467,0.0025,-0.003961,-0.39306
938,0.100213,-0.020003,0.307768,-0.275171,-0.366153,-0.888964,0.171661,-0.928496,0.32924,-0.945613,-0.061555,0.319459,1e-06,4e-06,4e-06,0.0,-0.0,0.0,-0.373109,-0.192901,-0.010828,0.277688,-0.98402,0.14307,0.105959,-0.041127,-0.761284,0.647062,0.174481,0.632176,0.754833,2.5e-05,0.000296,0.000376,0.0,0.0,0.0,-1.40699,0.027934,0.046353,-0.036135,0.986884,-0.092809,0.132081,-0.013968,0.766043,0.642636,-0.160823,-0.636053,0.754699,2.1e-05,0.000246,0.000314,-1.8e-05,3e-06,3e-06,-0.954068,0.050808,0.037688,-0.069234,0.263233,0.371368,-0.890389,-0.174659,0.926033,0.334598,0.948789,0.067438,0.308625,-2e-06,3e-06,2e-06,-0.000331,0.001789,-0.002853,-0.464744
939,0.100193,-0.019977,0.307765,-0.275104,-0.366031,-0.889035,0.171677,-0.928538,0.329112,-0.945629,-0.061638,0.319394,5e-06,1.6e-05,1.9e-05,-0.0,-0.0,-0.0,-0.480958,-0.192887,-0.010801,0.277722,-0.984008,0.143032,0.10612,-0.040995,-0.761297,0.647055,0.174579,0.632169,0.754816,4.7e-05,0.000542,0.000689,0.0,0.0,0.0,-1.406858,0.027941,0.046367,-0.036117,0.986866,-0.092771,0.132241,-0.0141,0.766049,0.642626,-0.160921,-0.636051,0.75468,2.9e-05,0.000341,0.000435,-9e-06,1e-06,1e-06,-0.954068,0.050798,0.037701,-0.069236,0.263177,0.37127,-0.890446,-0.17468,0.926067,0.334494,0.948801,0.067512,0.308573,0.0,5e-06,8e-06,-2e-06,5.3e-05,-5.4e-05,-0.545083
940,0.100185,-0.019953,0.307761,-0.275082,-0.36601,-0.88905,0.17172,-0.928543,0.329077,-0.945628,-0.061696,0.319387,8e-06,2.7e-05,3.2e-05,-0.0,-0.0,-0.0,-0.533272,-0.192887,-0.010795,0.277729,-0.98399,0.142963,0.106386,-0.040771,-0.76132,0.647043,0.174738,0.632158,0.754789,2.2e-05,0.00026,0.00033,0.0,0.0,0.0,-1.407073,0.027941,0.046371,-0.036113,0.986837,-0.0927,0.132507,-0.014325,0.76606,0.642609,-0.161079,-0.636049,0.754649,1e-05,0.000124,0.000158,2e-06,-5e-06,5e-06,-0.955211,0.050794,0.037713,-0.069238,0.263156,0.37125,-0.890461,-0.174723,0.926071,0.33446,0.948799,0.067569,0.308567,1e-06,6e-06,1.1e-05,1e-06,4e-06,-1.7e-05,-0.586069
941,0.100099,-0.019917,0.307765,-0.274033,-0.363734,-0.890308,0.171405,-0.929377,0.326878,-0.945991,-0.062582,0.318138,3e-06,1e-05,1.2e-05,0.0,-0.0,0.0,-0.643392,-0.192887,-0.010801,0.277722,-0.983978,0.14292,0.106551,-0.040633,-0.761333,0.647036,0.174836,0.632152,0.754772,-1.1e-05,-0.000131,-0.000167,0.0,0.0,0.0,-1.40719,0.027941,0.046368,-0.036116,0.986819,-0.092657,0.132671,-0.014463,0.766066,0.642598,-0.161177,-0.636047,0.754629,-8e-06,-9e-05,-0.000113,2e-06,-7e-06,1.1e-05,-0.953088,0.050751,0.037731,-0.069236,0.262107,0.368963,-0.89172,-0.174436,0.926919,0.332254,0.949142,0.068463,0.307312,-2e-06,-4e-06,-3e-06,-8.8e-05,0.000537,-0.000874,-0.67147
942,0.099928,-0.019913,0.307789,-0.273086,-0.361687,-0.891432,0.171054,-0.930126,0.324925,-0.946329,-0.063307,0.316986,-6e-06,-1.9e-05,-2.3e-05,0.0,-0.0,0.0,-0.756637,-0.192888,-0.010806,0.277715,-0.983956,0.14284,0.10686,-0.040374,-0.761359,0.647022,0.17502,0.632139,0.75474,-0.0,-1e-06,-2e-06,0.0,0.0,0.0,-1.406693,0.027941,0.046365,-0.03612,0.986785,-0.092577,0.132978,-0.014722,0.766078,0.642577,-0.16136,-0.636044,0.754592,1e-06,5e-06,6e-06,5e-06,-4e-06,1e-06,-0.954068,0.050665,0.037733,-0.069224,0.261162,0.366913,-0.892842,-0.174112,0.927678,0.330299,0.949462,0.069193,0.306158,-3e-06,-7e-06,-5e-06,-9.2e-05,0.000591,-0.000946,-0.753442
943,0.099794,-0.019893,0.307804,-0.272089,-0.359531,-0.892608,0.170727,-0.930907,0.322856,-0.946676,-0.064107,0.315786,-0.0,-0.0,-0.0,0.0,-0.0,0.0,-0.916313,-0.19291,-0.010801,0.277723,-0.983925,0.142714,0.107316,-0.039986,-0.761397,0.647001,0.175287,0.632122,0.754692,4.9e-05,0.000567,0.000721,0.0,0.0,0.0,-1.406923,0.02793,0.046366,-0.036118,0.986735,-0.092451,0.133433,-0.015111,0.766097,0.642546,-0.161626,-0.63604,0.754539,3.6e-05,0.000383,0.000491,-0.011361,0.115592,-0.161457,-0.954558,0.050599,0.037743,-0.069216,0.26017,0.364762,-0.894013,-0.173815,0.928465,0.328236,0.949789,0.069996,0.30496,-1e-06,-0.0,7e-06,-5e-06,0.000136,-0.000208,-0.854355
1540,0.136341,-0.007251,0.296795,-0.226824,-0.205202,-0.952097,0.119016,-0.976063,0.181958,-0.966365,-0.071794,0.247004,0.001561,-0.000164,0.020556,1.545357,-0.318206,-0.378731,0.501329,-0.183199,0.015645,0.313023,-0.273709,0.072696,0.959057,-0.791663,-0.583287,-0.181603,0.546548,-0.809011,0.215984,-0.000182,-0.004772,-0.004386,-1.591802,0.317533,-0.381694,-1.407938,0.03278,0.059594,-0.018456,0.251789,-0.054437,0.966249,0.769077,0.617321,-0.16563,-0.587471,0.784824,0.197301,-8.1e-05,-0.002492,-0.002293,0.011509,-0.097787,0.139904,-0.976765,0.068872,0.04407,-0.07473,0.216524,0.209102,-0.95362,-0.118587,0.975193,0.186907,0.969047,0.072617,0.235949,-0.006618,0.000202,0.010467,-0.025205,-0.002904,-0.000262,0.489526
1541,0.136225,-0.007273,0.297497,-0.219568,-0.213292,-0.95202,0.15245,-0.97132,0.1824,-0.96335,-0.104828,0.246974,-0.013552,-0.001585,0.018596,-0.0354,0.014517,-0.022403,0.501095,-0.183045,0.015588,0.312657,-0.274796,0.069323,0.958996,-0.788577,-0.586888,-0.183419,0.550453,-0.806696,0.214723,-0.000285,-0.007567,-0.006972,-0.001728,0.016457,-0.023592,-1.407289,0.032862,0.059567,-0.018644,0.253047,-0.04939,0.966191,0.76222,0.625225,-0.167666,-0.595807,0.778879,0.195858,-0.000134,-0.003915,-0.003609,-0.000961,0.015097,-0.021948,-0.976602,0.06882,0.044059,-0.074371,0.207968,0.218453,-0.953428,-0.157732,0.969473,0.187724,0.965333,0.111346,0.236077,0.000535,-0.001474,0.008695,-0.036579,0.000686,0.008323,0.491159
1542,0.135849,-0.007383,0.298094,-0.214761,-0.219069,-0.951804,0.174336,-0.967464,0.183281,-0.960723,-0.126307,0.247153,-0.014155,-0.005114,0.01458,-0.031907,0.013879,-0.023291,0.504661,-0.182923,0.015442,0.312238,-0.278382,0.067808,0.95807,-0.788118,-0.586251,-0.187388,0.549312,-0.807286,0.215425,-0.000996,0.00316,-0.015278,0.034428,0.001546,-0.008222,-1.407216,0.032923,0.059491,-0.018856,0.256735,-0.04774,0.965301,0.76189,0.62452,-0.171749,-0.594651,0.779548,0.196709,-0.000493,0.001505,-0.00771,0.034822,0.014073,0.005355,-0.970397,0.068627,0.044005,-0.074065,0.20314,0.224213,-0.953132,-0.179513,0.965457,0.188853,0.962553,0.132736,0.236371,-0.007123,-0.002783,0.007051,-0.03449,0.014713,-0.022206,0.493772
1543,0.135538,-0.007455,0.298331,-0.213672,-0.220892,-0.951628,0.179629,-0.966373,0.183927,-0.959992,-0.131373,0.247352,-0.028985,-0.00489,0.014513,0.005876,0.021124,-0.062909,0.502249,-0.182871,0.015367,0.312041,-0.278395,0.067728,0.958071,-0.78823,-0.586067,-0.187492,0.549145,-0.807426,0.215327,-0.00097,0.003865,-0.014636,0.034664,0.003798,-0.006668,-1.407494,0.032944,0.059453,-0.018948,0.256605,-0.047655,0.96534,0.762032,0.624348,-0.17174,-0.594524,0.77969,0.196526,-0.000131,-0.00371,-0.003435,-0.001061,0.018417,-0.021344,-0.97105,0.068488,0.043971,-0.073958,0.202051,0.225913,-0.952962,-0.184644,0.964368,0.189469,0.961811,0.137677,0.236565,-0.007213,-0.003299,0.006464,0.440315,-0.076716,-0.146093,0.494262
1544,0.134746,-0.007525,0.298685,-0.211672,-0.225251,-0.951053,0.190651,-0.963899,0.185806,-0.958311,-0.141717,0.24816,-0.0146,-0.007628,0.011717,-0.035014,0.030547,-0.046473,0.501066,-0.182805,0.015295,0.31175,-0.279436,0.06497,0.957959,-0.788233,-0.585216,-0.190117,0.548612,-0.808267,0.213526,-0.000845,0.007229,-0.011528,0.036397,-0.01265,0.016929,-1.406679,0.032982,0.059409,-0.019102,0.257488,-0.044819,0.965241,0.762161,0.623463,-0.174366,-0.593977,0.780567,0.194694,-8.6e-05,-0.002482,-0.002305,-0.001646,0.015628,-0.022158,-0.974643,0.068075,0.04393,-0.073773,0.20003,0.230362,-0.952323,-0.195698,0.961775,0.191544,0.960046,0.148054,0.237465,-0.007317,-0.003882,0.005802,-0.036915,0.031167,-0.045651,0.492139
1545,0.133597,-0.007608,0.299046,-0.211047,-0.22881,-0.950343,0.195973,-0.962379,0.188131,-0.957376,-0.14626,0.249133,-0.029428,-0.007273,0.011752,-0.037132,0.045551,-0.075697,0.501191,-0.182806,0.01531,0.311558,-0.279482,0.064852,0.957954,-0.788416,-0.584909,-0.190302,0.548326,-0.808498,0.213386,-0.000753,0.009711,-0.009225,0.036397,-0.012657,0.016924,-1.407192,0.032981,0.059419,-0.019203,0.257519,-0.044732,0.965237,0.762395,0.623133,-0.174524,-0.593665,0.780835,0.194572,-0.000369,0.004971,-0.004507,0.036712,-0.012734,0.017049,-0.978888,0.067512,0.043891,-0.073598,0.199379,0.233844,-0.951611,-0.200951,0.960227,0.193859,0.959096,0.152576,0.23844,-0.022022,-0.002879,0.00658,-0.039637,0.060623,-0.104851,0.491649
1546,0.132946,-0.007713,0.299239,-0.211527,-0.230264,-0.949884,0.195698,-0.962147,0.189601,-0.957325,-0.145506,0.249767,-0.029622,-0.008261,0.010616,-0.037123,0.045586,-0.075682,0.501277,-0.18281,0.015309,0.311488,-0.279458,0.064926,0.957956,-0.788508,-0.584795,-0.190272,0.548205,-0.808575,0.213404,-0.000103,-0.002758,-0.002562,-0.00173,0.016497,-0.023564,-1.406695,0.03298,0.059422,-0.019233,0.257493,-0.044829,0.965239,0.7625,0.623018,-0.174474,-0.59354,0.780921,0.194605,-2.7e-05,-0.000787,-0.000733,0.000275,-3.4e-05,7e-05,-0.979378,0.067186,0.04384,-0.0735,0.19986,0.235294,-0.951152,-0.200631,0.959997,0.195324,0.959063,0.151793,0.239072,-0.014824,-0.004171,0.005285,-0.038407,0.045834,-0.075397,0.491486
1547,0.131444,-0.007951,0.299708,-0.210124,-0.235096,-0.949011,0.194917,-0.961243,0.194913,-0.957795,-0.143737,0.248988,-0.043968,-0.00508,0.013761,-0.037711,0.044208,-0.081348,0.495948,-0.18285,0.015321,0.311351,-0.280453,0.062397,0.957833,-0.788491,-0.58402,-0.192705,0.547722,-0.809331,0.211773,-6.4e-05,-0.001712,-0.001592,-0.0,-0.0,-0.0,-1.406989,0.03296,0.059427,-0.019303,0.258369,-0.042227,0.965122,0.762585,0.622223,-0.176924,-0.59305,0.7817,0.192965,-0.000374,0.004831,-0.004635,0.036363,-0.013133,0.017636,-0.980847,0.06644,0.043714,-0.073272,0.198392,0.240123,-0.950252,-0.199744,0.959083,0.200652,0.959553,0.15,0.238237,-0.022083,-0.003028,0.006356,-0.037265,0.065319,-0.101927,0.489036
1548,0.129794,-0.008261,0.300369,-0.209221,-0.233805,-0.94953,0.193412,-0.961705,0.194131,-0.958299,-0.142751,0.247613,-0.044086,-0.014449,0.023751,-0.072714,0.060477,-0.097186,0.484214,-0.18283,0.015362,0.311181,-0.281418,0.059899,0.957709,-0.788544,-0.583149,-0.195117,0.547153,-0.810145,0.210126,-0.000748,0.00986,-0.009086,0.036397,-0.012672,0.016913,-1.406417,0.03297,0.059448,-0.019388,0.259213,-0.039675,0.965004,0.762745,0.621334,-0.179338,-0.592475,0.78254,0.19132,-0.00037,0.004946,-0.004528,0.035971,-0.013808,0.018627,-0.978888,0.065598,0.043556,-0.072939,0.197544,0.238805,-0.950761,-0.19821,0.959571,0.199835,0.960046,0.148974,0.23689,-0.022042,-0.007162,0.011972,-0.073978,0.064651,-0.102811,0.475973
1549,0.128928,-0.008468,0.300808,-0.210259,-0.23211,-0.949716,0.186717,-0.963058,0.193978,-0.959398,-0.136261,0.247015,-0.058523,-0.011783,0.026272,-5.322365,1.147628,1.237991,0.476635,-0.182814,0.015385,0.311105,-0.281405,0.059927,0.957711,-0.788653,-0.582997,-0.195131,0.547002,-0.810252,0.210104,0.01366,-0.001452,-0.002422,0.002045,-0.015205,0.029245,-1.406524,0.032973,0.05946,-0.019425,0.259206,-0.039697,0.965005,0.762858,0.62119,-0.179355,-0.592332,0.782653,0.1913,-0.000375,0.004801,-0.004662,0.03642,-0.012843,0.017169,-0.979215,0.065187,0.043456,-0.07273,0.197173,0.238245,-0.950978,-0.197241,0.959827,0.199567,0.960321,0.148223,0.236243,-0.021984,-0.006791,0.01237,-0.07393,0.06492,-0.103281,0.467482
1550,0.127183,-0.008942,0.301894,-0.217682,-0.227561,-0.949145,0.155939,-0.968055,0.196275,-0.963221,-0.105008,0.247397,-0.04376,-0.021247,0.036569,-0.120576,0.08019,-0.110678,0.463317,-0.182791,0.015418,0.310982,-0.281341,0.060097,0.95772,-0.78886,-0.582744,-0.19505,0.546736,-0.810422,0.210142,-7.2e-05,-0.001929,-0.001798,-0.0,-0.0,-0.0,-1.406342,0.032989,0.059477,-0.019486,0.25914,-0.039895,0.965014,0.763084,0.620945,-0.179244,-0.592071,0.782837,0.191355,-3.4e-05,-0.000995,-0.000927,6.2e-05,-3.9e-05,2.9e-05,-0.976929,0.064309,0.043221,-0.072193,0.206053,0.232518,-0.950513,-0.160706,0.96621,0.201519,0.965253,0.111229,0.236457,-0.021589,-0.004677,0.0147,-0.115266,0.071862,-0.088776,0.447887
1551,0.125533,-0.009303,0.303303,-0.228593,-0.221666,-0.947974,0.113276,-0.973173,0.200187,-0.966636,-0.061353,0.248752,-0.041903,-0.003198,0.036038,-0.073428,0.045777,-0.073041,0.452234,-0.182754,0.015368,0.310891,-0.28229,0.057621,0.957593,-0.788744,-0.582119,-0.197367,0.546415,-0.811047,0.208559,-6.3e-05,-0.001688,-0.001574,0.0,0.0,-0.0,-1.406342,0.033008,0.059452,-0.019531,0.259975,-0.037345,0.964892,0.76306,0.620294,-0.181587,-0.591736,0.783479,0.189758,-4.3e-05,-0.001218,-0.001137,-0.000892,-0.001909,0.002898,-0.974479,0.063482,0.04303,-0.071493,0.217067,0.226692,-0.949469,-0.117911,0.971628,0.205026,0.969008,0.067449,0.237638,-0.021186,-0.007072,0.022229,-0.109655,0.063433,-0.090158,0.430252
