frame,MLTx,MLTy,MLTz,MLTR1,MLTR2,MLTR3,MLTR4,MLTR5,MLTR6,MLTR7,MLTR8,MLTR9,MLTTVx,MLTTVy,MLTTVz,MLTRVx,MLTRVy,MLTRVz,MLGA,MRTx,MRTy,MRTz,MRTR1,MRTR2,MRTR3,MRTR4,MRTR5,MRTR6,MRTR7,MRTR8,MRTR9,MRTTVx,MRTTVy,MRTTVz,MRTRVx,MRTRVy,MRTRVz,MRGA,SLTx,SLTy,SLTz,SLTR1,SLTR2,SLTR3,SLTR4,SLTR5,SLTR6,SLTR7,SLTR8,SLTR9,SLTTVx,SLTTVy,SLTTVz,SLTRVx,SLTRVy,SLTRVz,SLGA,SRTx,SRTy,SRTz,SRTR1,SRTR2,SRTR3,SRTR4,SRTR5,SRTR6,SRTR7,SRTR8,SRTR9,SRTTVx,SRTTVy,SRTTVz,SRTRVx,SRTRVy,SRTRVz,SRGA
414,0.087662,-0.008444,0.363858,-0.307266,0.339567,-0.889003,-0.904903,-0.393358,0.162453,-0.294158,0.853957,0.42925,0.00025,0.000806,0.000665,0.0,0.0,0.0,0.519641,-0.102199,0.019212,0.339267,0.753241,0.615441,-0.232058,-0.038348,0.393454,0.918508,0.655618,-0.683724,0.320234,0.000845,-0.0062,0.012079,-0.033992,-0.009549,0.003664,-1.308938,0.043646,0.02802,-0.011251,-0.757143,-0.623286,-0.195571,0.118019,-0.42497,0.89748,-0.642499,0.65644,0.395323,0.006129,0.003386,0.00192,-0.018706,0.111214,0.074044,-0.813638,0.081053,0.020157,-0.058819,-0.333027,0.357524,-0.872507,-0.850641,-0.513146,0.114411,-0.406819,0.780292,0.475016,0.000146,0.000476,0.000392,-7.5e-05,1.1e-05,3.1e-05,0.517122
415,0.087681,-0.00842,0.363878,-0.306766,0.342261,-0.888142,-0.905111,-0.393509,0.160921,-0.294042,0.852808,0.431608,7.5e-05,0.00024,0.000198,0.000354,0.001259,0.000623,0.519576,-0.10201,0.019402,0.339585,0.756805,0.611,-0.232199,-0.03568,0.393481,0.918604,0.651655,-0.687678,0.319856,0.011341,0.010902,0.007196,0.00417,-0.03007,0.05384,-1.307692,0.043738,0.028105,-0.011093,-0.760997,-0.61845,-0.195963,0.114695,-0.425556,0.897633,-0.638535,0.660621,0.39478,-0.000941,0.004258,0.003461,-0.050109,0.097907,0.072752,-0.812332,0.081063,0.02017,-0.058808,-0.332884,0.360318,-0.871411,-0.850807,-0.513226,0.1128,-0.406588,0.778953,0.477406,3.3e-05,0.000109,9.1e-05,-0.004316,-0.01117,-0.004979,0.517122
416,0.08771,-0.008433,0.363869,-0.306716,0.34226,-0.88816,-0.905125,-0.393495,0.160879,-0.29405,0.852815,0.431588,-0.000181,-0.000582,-0.000481,5e-06,1.8e-05,9e-06,0.519587,-0.101849,0.019491,0.339801,0.759767,0.607651,-0.231316,-0.035764,0.394436,0.918192,0.648197,-0.690093,0.321677,0.011499,0.01014,0.006566,0.170245,-0.101686,-0.00396,-1.306292,0.043817,0.028155,-0.010987,-0.763599,-0.615157,-0.196207,0.112529,-0.426006,0.897695,-0.635809,0.6634,0.394521,0.006737,-0.000611,0.007214,0.02943,0.107708,0.09409,-0.811678,0.081077,0.020165,-0.058812,-0.332831,0.360222,-0.871471,-0.850823,-0.513197,0.112816,-0.406598,0.779017,0.477293,0.006725,-0.001792,-0.001258,0.000329,-0.016537,0.028721,0.517122
417,0.087789,-0.008455,0.36384,-0.306555,0.34225,-0.88822,-0.905162,-0.393469,0.160731,-0.294103,0.852831,0.43152,-1.9e-05,-6.3e-05,-5.2e-05,0.0,0.0,0.0,0.519421,-0.101473,0.019334,0.34022,0.759258,0.608886,-0.229733,-0.038098,0.394141,0.918224,0.648659,-0.689173,0.322716,0.014467,-0.005667,0.010823,0.131954,-0.081866,-0.049534,-1.296298,0.044008,0.028085,-0.010765,-0.766173,-0.61208,-0.195794,0.111228,-0.426381,0.897678,-0.632934,0.666,0.394762,0.007255,-0.002954,0.005309,0.042058,0.067432,0.047713,-0.812985,0.081116,0.020152,-0.058828,-0.332669,0.360218,-0.871534,-0.85086,-0.513165,0.112679,-0.406652,0.779039,0.47721,-1e-05,-3.2e-05,-2.7e-05,1.2e-05,-3.6e-05,-2.3e-05,0.517122
418,0.087857,-0.008491,0.363838,-0.306442,0.342258,-0.888255,-0.905211,-0.39339,0.160653,-0.294073,0.852864,0.431476,0.013715,-0.00274,-0.001822,0.000984,-0.014715,0.029553,0.519264,-0.101013,0.019118,0.340633,0.767427,0.598868,-0.228921,-0.03697,0.397952,0.916624,0.639045,-0.695722,0.327803,0.014637,-0.006404,0.010225,-0.951236,4.905094,1.699096,-1.289999,0.044233,0.027979,-0.010563,-0.769042,-0.608212,-0.1966,0.109936,-0.428847,0.896662,-0.629672,0.667958,0.396666,0.006331,0.002397,0.001096,0.098685,0.055525,0.145823,-0.811515,0.08115,0.020133,-0.058829,-0.332558,0.360243,-0.871567,-0.850916,-0.513088,0.112605,-0.406626,0.779079,0.477168,0.00686,-0.00136,-0.000904,0.000994,-0.014712,0.029527,0.516959
419,0.08788,-0.008489,0.363841,-0.306375,0.342256,-0.888279,-0.905229,-0.39337,0.160595,-0.294085,0.852874,0.431448,1.1e-05,3.7e-05,3e-05,0.0,0.0,0.0,0.519435,-0.100808,0.018936,0.340809,0.76652,0.600091,-0.228754,-0.03871,0.398873,0.916152,0.640028,-0.694139,0.329237,0.002142,-0.012,0.007367,0.00746,-0.013702,-0.036112,-1.289694,0.04434,0.027889,-0.010468,-0.770559,-0.606006,-0.19747,0.109399,-0.430976,0.895706,-0.627908,0.668592,0.398389,0.001118,-0.006239,0.003481,0.029796,0.105189,0.043452,-0.812005,0.081162,0.020135,-0.058827,-0.332491,0.360251,-0.871589,-0.850937,-0.513067,0.112548,-0.406639,0.779089,0.477141,7e-06,2.2e-05,1.6e-05,1.4e-05,-2e-06,-1.2e-05,0.516959
420,0.087922,-0.008489,0.363829,-0.306267,0.342247,-0.88832,-0.905252,-0.393361,0.160493,-0.294129,0.852882,0.431402,0.0,0.0,0.0,0.0,0.0,0.0,0.519484,-0.100609,0.018621,0.341049,0.765761,0.601358,-0.227968,-0.040651,0.399176,0.915937,0.640816,-0.692869,0.330381,0.001518,-0.009206,0.009638,-0.035297,0.004775,-0.021316,-1.290167,0.044441,0.027725,-0.01036,-0.772479,-0.603644,-0.1972,0.109112,-0.432079,0.89521,-0.625594,0.670015,0.399638,-0.000242,0.001059,0.000855,-0.002472,0.042332,0.040918,-0.814781,0.081183,0.020135,-0.058833,-0.332382,0.360258,-0.871627,-0.850958,-0.513054,0.112446,-0.406683,0.779094,0.477095,-0.0,-0.0,-3e-06,5e-06,-1.3e-05,-1.7e-05,0.516959
421,0.087931,-0.008507,0.363841,-0.306273,0.342259,-0.888313,-0.905266,-0.393318,0.160517,-0.294078,0.852897,0.431407,-0.000181,-0.000585,-0.000483,0.0,0.0,0.0,0.519763,-0.100789,0.01877,0.341238,0.768632,0.597979,-0.227195,-0.040783,0.400406,0.915394,0.637363,-0.695078,0.332413,-0.014622,0.003902,0.004832,0.440221,-0.190588,-0.156949,-1.28756,0.044358,0.027791,-0.010266,-0.774494,-0.600926,-0.197597,0.10684,-0.432142,0.895453,-0.623492,0.672413,0.398895,-0.000733,0.003259,0.002639,-0.048782,0.06459,0.038204,-0.815924,0.081188,0.020127,-0.058826,-0.33239,0.360268,-0.87162,-0.850978,-0.513015,0.112473,-0.406634,0.779115,0.477102,-0.000123,-0.000397,-0.000328,1.1e-05,3e-06,-1e-06,0.516959
422,0.087907,-0.008508,0.363826,-0.306205,0.34225,-0.88834,-0.905277,-0.39332,0.16045,-0.294115,0.852899,0.431377,-0.000114,-0.000368,-0.000304,0.0,0.0,0.0,0.519517,-0.100847,0.018745,0.341584,0.767536,0.598711,-0.228964,-0.041333,0.402835,0.914302,0.638646,-0.69304,0.3342,0.001017,-0.006971,0.011441,0.208278,-0.116708,-0.030777,-1.283325,0.044321,0.027791,-0.010089,-0.773015,-0.60201,-0.200076,0.107198,-0.434806,0.89412,-0.625263,0.669721,0.400647,0.000441,-0.003207,0.005947,0.051955,0.055788,0.076534,-0.814781,0.081175,0.020125,-0.058835,-0.332322,0.36027,-0.871645,-0.850987,-0.513015,0.112405,-0.406671,0.779115,0.477071,-6e-05,-0.000194,-0.000159,1e-05,-7e-06,1.8e-05,0.516796
423,0.087907,-0.008508,0.363826,-0.306205,0.34225,-0.88834,-0.905277,-0.39332,0.16045,-0.294115,0.852899,0.431377,-2e-06,-5e-06,-4e-06,0.0,0.0,0.0,0.51931,-0.100822,0.018642,0.341768,0.767461,0.598791,-0.229006,-0.040986,0.402463,0.914482,0.638759,-0.693187,0.333679,0.0012,-0.007788,0.010783,-0.032721,0.003641,-0.022215,-1.277892,0.044334,0.027737,-0.009993,-0.773758,-0.601015,-0.200198,0.106826,-0.435296,0.893926,-0.624408,0.670296,0.401018,0.000605,-0.003938,0.005357,-0.030449,0.065696,-0.013479,-0.814781,0.081175,0.020125,-0.058835,-0.332321,0.36027,-0.871646,-0.850987,-0.513015,0.112405,-0.406671,0.779115,0.477071,3e-06,9e-06,9e-06,3e-06,7e-06,2e-06,0.516959
424,0.087909,-0.00851,0.363851,-0.306195,0.342261,-0.888339,-0.905297,-0.393272,0.160459,-0.294066,0.852917,0.431374,4e-06,1.4e-05,1.2e-05,0.0,0.0,0.0,0.519238,-0.100594,0.018526,0.342083,0.776312,0.587481,-0.22847,-0.03773,0.405265,0.913384,0.628184,-0.70118,0.337039,0.014605,-0.006261,0.010348,-0.059526,0.405814,0.145401,-1.27562,0.044448,0.027679,-0.009835,-0.776955,-0.596639,-0.200899,0.104723,-0.437152,0.893269,-0.620783,0.672992,0.40213,0.007314,-0.003205,0.005112,0.014672,0.137382,0.065098,-0.815434,0.081177,0.020124,-0.058822,-0.332312,0.360282,-0.871644,-0.851012,-0.51297,0.112417,-0.406626,0.779138,0.477071,-1e-06,-1e-06,1e-06,1e-06,-2e-06,8e-06,0.516959
425,0.087906,-0.008533,0.363859,-0.306245,0.342275,-0.888317,-0.905299,-0.393241,0.160521,-0.294008,0.852926,0.431397,-4.2e-05,-0.000136,-0.000112,0.0,0.0,0.0,0.519566,-0.100212,0.018163,0.342327,0.784252,0.577229,-0.227478,-0.036551,0.409146,0.9117,0.61832,-0.707404,0.342233,0.01563,-0.010765,0.006716,0.021698,-0.03414,-0.010932,-1.274936,0.044639,0.027501,-0.00971,-0.781111,-0.590827,-0.201959,0.102805,-0.440731,0.891732,-0.61587,0.67578,0.405,0.007857,-0.005581,0.003192,0.002644,0.197979,0.061912,-0.818047,0.081175,0.020113,-0.058818,-0.332364,0.360287,-0.871622,-0.851019,-0.512945,0.11248,-0.406569,0.779153,0.477096,-2.6e-05,-8.6e-05,-7.1e-05,1e-06,1e-05,1e-05,0.516959
426,0.087914,-0.008541,0.363852,-0.306242,0.342274,-0.888318,-0.905299,-0.393241,0.160518,-0.294008,0.852926,0.431396,-5e-05,-0.000161,-0.000133,0.0,0.0,0.0,0.51932,-0.100007,0.01794,0.342472,0.78894,0.569838,-0.22989,-0.033751,0.413912,0.909655,0.612492,-0.710611,0.346048,0.015305,-0.009283,0.007912,-0.262705,1.431634,0.529508,-1.275177,0.044736,0.027387,-0.009645,-0.783172,-0.587339,-0.204137,0.101747,-0.444922,0.88977,-0.613422,0.676073,0.408211,0.001088,-0.006076,0.003629,0.03852,0.17418,0.106561,-0.819353,0.081179,0.020109,-0.058822,-0.332361,0.360288,-0.871623,-0.85102,-0.512944,0.112478,-0.40657,0.779153,0.477095,-3.4e-05,-0.000114,-9.6e-05,2e-06,0.0,2e-05,0.516959
427,0.087947,-0.008548,0.36386,-0.308188,0.340459,-0.888343,-0.902985,-0.398549,0.160463,-0.299042,0.85119,0.431366,8e-06,2.7e-05,2.2e-05,0.0,-0.0,-0.0,0.519477,-0.09953,0.017758,0.342795,0.793111,0.564097,-0.229698,-0.034366,0.418132,0.9077,0.607051,-0.712712,0.351274,0.012672,0.004847,0.002233,0.52508,-0.206157,-0.137472,-1.271344,0.044977,0.027288,-0.009484,-0.793267,-0.573248,-0.205214,0.094625,-0.449013,0.8885,-0.601475,0.6854,0.410432,0.007214,-0.002697,0.00552,-0.025748,0.269255,0.125353,-0.822619,0.081195,0.020105,-0.058818,-0.33407,0.358241,-0.871813,-0.848044,-0.517923,0.11214,-0.411359,0.7768,0.476827,4e-06,1.5e-05,1.2e-05,-0.000189,0.00022,-2e-06,0.516959
428,0.087937,-0.008572,0.363907,-0.308245,0.340489,-0.888311,-0.90301,-0.398454,0.160558,-0.298907,0.851222,0.431395,0.000113,0.000364,0.000301,0.0,0.0,0.0,0.519445,-0.099068,0.017725,0.343019,0.808604,0.541616,-0.22979,-0.023516,0.420175,0.907102,0.586811,-0.728752,0.352755,0.013057,0.003151,0.000861,-1.253541,4.992665,1.974186,-1.252726,0.045211,0.027279,-0.009367,-0.804162,-0.557471,-0.206271,0.086085,-0.452584,0.887556,-0.588142,0.695983,0.411941,0.006341,0.001551,0.000243,-1.378327,5.10452,2.169973,-0.812005,0.08119,0.020093,-0.058795,-0.33413,0.358265,-0.871781,-0.848086,-0.517832,0.112241,-0.411225,0.776849,0.476863,5.8e-05,0.000194,0.000161,-0.000117,9e-06,4.8e-05,0.516959
429,0.087924,-0.008601,0.363936,-0.308328,0.340515,-0.888273,-0.90302,-0.398389,0.160667,-0.298793,0.851243,0.431434,1e-06,5e-06,4e-06,0.0,0.0,0.0,0.519032,-0.098851,0.017722,0.343028,0.814978,0.531991,-0.229755,-0.018511,0.420346,0.907138,0.578116,-0.735703,0.352684,0.013425,0.001549,-0.000433,0.001981,-0.014202,0.029599,-1.248759,0.045314,0.027278,-0.009362,-0.813578,-0.54372,-0.206054,0.078587,-0.453948,0.887555,-0.576119,0.705903,0.412051,0.006773,0.000536,-0.000409,-0.000421,0.155249,0.087687,-0.808739,0.081184,0.020079,-0.05878,-0.334215,0.358278,-0.871743,-0.848107,-0.517774,0.112353,-0.411113,0.776882,0.476906,-4e-06,-9e-06,-6e-06,-9.4e-05,1.5e-05,3.8e-05,0.516959
430,0.087938,-0.008691,0.364008,-0.308305,0.340577,-0.888257,-0.903117,-0.398135,0.160749,-0.298522,0.851336,0.431436,-0.000841,-0.01035,0.009134,-0.034775,0.017274,-0.016249,0.518982,-0.098589,0.017706,0.34297,0.830014,0.5088,-0.228452,-0.008869,0.421769,0.906624,0.556575,-0.751112,0.354848,0.000197,-0.000858,-0.000692,0.107125,0.073858,0.004643,-1.244555,0.045451,0.027266,-0.009394,-0.828253,-0.521333,-0.205446,0.066604,-0.455627,0.887675,-0.556381,0.721536,0.412098,0.000105,-0.000423,-0.000339,0.019999,0.147884,0.11946,-0.817067,0.081191,0.020038,-0.058747,-0.334183,0.358339,-0.87173,-0.848232,-0.517553,0.112426,-0.41088,0.777001,0.476913,-1e-06,-4e-06,-4e-06,-6e-05,2.2e-05,1.1e-05,0.516959
431,0.087961,-0.008806,0.364112,-0.31045,0.338835,-0.888176,-0.900831,-0.403178,0.161003,-0.303161,0.849659,0.431508,-0.000685,-0.009848,0.009548,-0.034777,0.017264,-0.016254,0.519266,-0.098449,0.017682,0.34296,0.849269,0.474774,-0.230919,0.008619,0.425043,0.905096,0.526774,-0.771244,0.357149,0.013279,0.002211,9.7e-05,0.025427,-0.024401,0.021585,-1.236269,0.045516,0.027253,-0.0094,-0.84778,-0.488163,-0.207278,0.048526,-0.460596,0.886282,-0.528121,0.741315,0.414173,0.001033,-0.005703,0.003944,0.011766,0.172111,0.08479,-0.827518,0.081202,0.019979,-0.058696,-0.3361,0.356334,-0.871815,-0.845325,-0.522291,0.112412,-0.415285,0.774749,0.47676,0.000101,0.000332,0.000271,-0.000233,0.000202,-1e-06,0.516796
432,0.087976,-0.008905,0.364204,-0.310577,0.338913,-0.888102,-0.900904,-0.402924,0.161233,-0.302815,0.849749,0.431575,0.000181,0.000586,0.000484,0.0,0.0,0.0,0.519093,-0.098371,0.017614,0.342897,0.855849,0.461691,-0.233146,0.014207,0.429799,0.902776,0.515909,-0.77652,0.361551,0.000394,-0.001709,-0.001381,-0.103492,0.443608,0.175567,-1.23228,0.045559,0.027222,-0.009429,-0.855063,-0.474009,-0.210193,0.040793,-0.465605,0.884051,-0.516915,0.747346,0.417458,6e-05,-0.001124,-0.001044,-1.404807,5.046139,2.163443,-0.841071,0.081209,0.019925,-0.058647,-0.336251,0.356397,-0.871731,-0.845443,-0.522042,0.11268,-0.414922,0.774888,0.476851,-0.000278,-0.004713,0.004947,-0.034926,0.017262,-0.016202,0.516959
433,0.087974,-0.008945,0.364251,-0.310647,0.338949,-0.888064,-0.900934,-0.40281,0.161348,-0.302653,0.849788,0.43161,0.000351,0.001132,0.000934,0.0,0.0,0.0,0.519372,-0.098281,0.017626,0.342883,0.863868,0.446406,-0.233335,0.021972,0.429587,0.902722,0.502108,-0.785507,0.361566,0.013242,0.002387,0.000237,0.001943,-0.014185,0.029624,-1.232487,0.0456,0.027223,-0.00944,-0.865394,-0.454975,-0.209977,0.030593,-0.466228,0.884134,-0.500156,0.758702,0.41739,3.6e-05,-0.000106,-8.2e-05,0.000302,0.107774,0.076379,-0.851031,0.081208,0.019904,-0.058624,-0.336324,0.356423,-0.871692,-0.845491,-0.521939,0.112802,-0.414765,0.774946,0.476893,0.000201,0.000658,0.000542,0.000714,-0.012936,0.025797,0.516796
434,0.087972,-0.009018,0.364349,-0.310624,0.339017,-0.888046,-0.901041,-0.402534,0.161441,-0.302359,0.849892,0.431614,0.000182,0.000589,0.000486,0.0,0.0,0.0,0.519315,-0.098108,0.017639,0.342884,0.878706,0.416702,-0.232867,0.03517,0.43019,0.902017,0.474921,-0.801307,0.363622,0.01339,0.001751,-0.000279,-1.267827,4.962393,2.032975,-1.233206,0.045686,0.027233,-0.009436,-0.875968,-0.434103,-0.210315,0.019444,-0.467428,0.883816,-0.481975,0.770107,0.417893,0.000142,-0.000587,-0.000473,-0.014384,0.145902,0.081901,-0.868014,0.081208,0.019869,-0.058574,-0.33631,0.356493,-0.871669,-0.845635,-0.521681,0.112909,-0.414482,0.775087,0.47691,0.000133,0.000439,0.000363,-7.2e-05,9e-06,5.4e-05,0.516796
435,0.087979,-0.009048,0.364444,-0.312639,0.337224,-0.888021,-0.898715,-0.407664,0.161535,-0.307159,0.848161,0.431628,0.000212,0.000684,0.000564,0.0,-0.0,-0.0,0.519445,-0.098021,0.017667,0.342869,0.886035,0.400999,-0.232664,0.042636,0.429455,0.902045,0.460501,-0.809653,0.363682,-0.000363,0.001567,0.001267,-0.00312,0.012112,0.004883,-1.234116,0.045736,0.027243,-0.009448,-0.887599,-0.41,-0.20992,0.006801,-0.467354,0.884044,-0.460565,0.783249,0.417611,-0.000206,0.000929,0.000755,-0.025587,0.119945,0.072755,-0.875035,0.081211,0.019855,-0.058526,-0.338089,0.354458,-0.87181,-0.842675,-0.526488,0.112732,-0.419039,0.772766,0.476693,0.000125,0.000408,0.000335,-0.000223,0.000122,6.3e-05,0.516796
436,0.087993,-0.00907,0.364505,-0.312624,0.337258,-0.888014,-0.89877,-0.407525,0.161578,-0.307013,0.848214,0.431628,-0.000553,-0.009426,0.009899,-0.034785,0.017237,-0.016267,0.518904,-0.097971,0.017719,0.342904,0.892986,0.385196,-0.232789,0.050357,0.428681,0.902015,0.446099,-0.817679,0.363676,0.012739,0.004555,0.001987,0.002042,-0.015196,0.029249,-1.234225,0.045756,0.027269,-0.00943,-0.894065,-0.395744,-0.209843,-0.000774,-0.467099,0.884204,-0.447936,0.790699,0.417311,-0.000275,0.001225,0.000993,-0.03459,0.122893,0.06958,-0.878138,0.081219,0.019848,-0.058499,-0.338062,0.354492,-0.871807,-0.842743,-0.526372,0.11276,-0.418923,0.77283,0.476692,0.000202,0.000658,0.000543,-0.00017,4.7e-05,8.2e-05,0.516632
437,0.088029,-0.009113,0.36459,-0.312587,0.337309,-0.888007,-0.898857,-0.407312,0.16163,-0.306796,0.848296,0.431622,0.013792,-0.00251,-0.001634,0.000984,-0.014715,0.029553,0.519543,-0.097853,0.017694,0.342933,0.900681,0.366153,-0.233875,0.058229,0.431933,0.899988,0.429396,-0.824665,0.367982,0.000562,-0.002421,-0.001958,0.018206,0.00576,-0.031705,-1.23445,0.045817,0.027267,-0.009407,-0.901132,-0.378115,-0.212105,-0.010493,-0.47007,0.882566,-0.433416,0.797535,0.419628,0.000178,-0.000742,-0.000599,-0.0157,0.139754,0.074585,-0.884996,0.081232,0.019825,-0.058451,-0.338069,0.354549,-0.871781,-0.84286,-0.526162,0.112866,-0.418682,0.772946,0.476715,2.6e-05,8.9e-05,7.4e-05,-0.000119,3.6e-05,4.1e-05,0.516959
438,0.088066,-0.009176,0.364633,-0.312458,0.337347,-0.888038,-0.898954,-0.407117,0.161584,-0.306645,0.848374,0.431575,0.0,0.0,0.0,0.0,0.0,0.0,0.519563,-0.097545,0.017472,0.343066,0.906663,0.351499,-0.233242,0.064073,0.431979,0.899568,0.41579,-0.830976,0.369405,0.001992,-0.011125,0.008108,-0.151914,0.452154,0.16246,-1.236242,0.045967,0.027155,-0.009353,-0.90832,-0.36073,-0.211725,-0.01879,-0.470484,0.882207,-0.417852,0.805306,0.420572,0.000772,-0.005552,0.003963,-1.425365,5.022115,2.130031,-0.8832,0.081255,0.019792,-0.058431,-0.337921,0.35461,-0.871814,-0.842989,-0.525967,0.112811,-0.418542,0.773052,0.476668,0.006856,-0.001386,-0.000927,0.00092,-0.014708,0.029618,0.516959
439,0.088074,-0.009218,0.364678,-0.312504,0.337383,-0.888009,-0.898992,-0.406996,0.161679,-0.306488,0.848418,0.4316,0.000181,0.000586,0.000483,0.0,0.0,0.0,0.519601,-0.097056,0.017236,0.343435,0.91624,0.330682,-0.226155,0.065375,0.433772,0.898611,0.39408,-0.838527,0.376079,0.016468,-0.016521,0.019155,-1.236812,4.921249,2.066267,-1.242049,0.046212,0.027034,-0.009171,-0.914397,-0.345501,-0.210961,-0.025794,-0.47034,0.882107,-0.403993,0.812039,0.421167,0.007385,-0.00333,0.005006,-0.02978,0.120733,0.010968,-0.885649,0.081258,0.01977,-0.058409,-0.33797,0.354638,-0.871783,-0.843045,-0.525855,0.112912,-0.41839,0.773115,0.4767,0.000104,0.000324,0.000265,-4.1e-05,2.1e-05,2.3e-05,0.517286
440,0.088064,-0.009232,0.364705,-0.312552,0.337401,-0.887985,-0.899003,-0.406943,0.161748,-0.306405,0.848436,0.431623,-0.000749,-0.010061,0.009378,-0.034789,0.017218,-0.016276,0.51935,-0.096684,0.017038,0.343681,0.919374,0.324285,-0.222672,0.063403,0.436743,0.897312,0.387057,-0.839475,0.381223,0.014961,-0.007458,0.009375,0.416595,-0.207267,-0.145568,-1.249557,0.046403,0.026933,-0.009037,-0.9186,-0.334472,-0.210477,-0.030792,-0.4704,0.881915,-0.393985,0.816609,0.421811,0.007485,-0.003746,0.004666,0.054887,0.10597,0.082621,-0.886792,0.081254,0.019767,-0.058399,-0.338004,0.354645,-0.871767,-0.843058,-0.525824,0.112961,-0.418335,0.773133,0.476718,5e-05,0.000162,0.000134,-3.7e-05,1e-05,1e-05,0.517122
441,0.088058,-0.009226,0.364737,-0.312545,0.337412,-0.887983,-0.899022,-0.406896,0.16176,-0.306356,0.848455,0.431622,0.000326,0.001055,0.000869,0.0,0.0,0.0,0.51935,-0.095827,0.016431,0.344276,0.927042,0.307687,-0.214275,0.059693,0.443338,0.894328,0.368983,-0.842241,0.392869,0.030295,-0.016284,0.017648,0.365989,-0.20973,-0.13065,-1.263954,0.046821,0.026635,-0.008746,-0.925526,-0.315774,-0.209013,-0.03689,-0.474139,0.879676,-0.376881,0.821875,0.427179,0.015153,-0.00817,0.00879,0.423285,-0.310513,0.118203,-0.885813,0.081251,0.019765,-0.058381,-0.338013,0.354661,-0.871757,-0.843091,-0.525764,0.112999,-0.418262,0.773167,0.476727,0.000179,0.000583,0.000479,-2.8e-05,-1.6e-05,5e-06,0.516796
442,0.088085,-0.009234,0.364783,-0.312477,0.337434,-0.887999,-0.899076,-0.406786,0.161739,-0.306269,0.848499,0.431598,0.013903,-0.002151,-0.001338,0.000984,-0.014715,0.029553,0.519567,-0.094784,0.015878,0.344904,0.936013,0.288497,-0.201595,0.052454,0.452318,0.890275,0.34683,-0.84423,0.408469,0.017102,-0.018844,0.017302,0.710687,-0.233813,-0.284285,-1.27731,0.047347,0.02636,-0.008432,-0.935465,-0.293777,-0.196467,-0.032821,-0.481288,0.875947,-0.35189,0.825867,0.440586,0.014175,-0.002632,0.004701,0.044415,0.656174,-0.682443,-0.888752,0.081259,0.019763,-0.058356,-0.337971,0.35469,-0.871762,-0.843151,-0.525666,0.113003,-0.418176,0.77322,0.476717,0.000107,0.000352,0.000291,-1.6e-05,1e-06,6e-06,0.516796
443,0.088126,-0.0092,0.3648,-0.31243,0.337427,-0.888018,-0.899081,-0.406795,0.16169,-0.306302,0.848497,0.431578,0.000163,0.000527,0.000434,0.0,0.0,0.0,0.519419,-0.09394,0.015439,0.345275,0.944038,0.265539,-0.195632,0.054003,0.460984,0.885727,0.324172,-0.847042,0.421065,0.015849,-0.010812,0.006659,-0.876982,4.783566,2.254572,-1.297511,0.047769,0.026141,-0.008241,-0.942174,-0.276413,-0.189479,-0.030658,-0.49194,0.870088,-0.333716,0.825585,0.455019,0.008031,-0.005828,0.002977,0.188272,-0.208907,0.109671,-0.879771,0.081285,0.01978,-0.058348,-0.337901,0.354694,-0.871788,-0.843161,-0.525665,0.112934,-0.418212,0.773219,0.476686,7.8e-05,0.000252,0.000208,-1.7e-05,8e-06,-1.2e-05,0.516959
444,0.088163,-0.009186,0.364812,-0.312299,0.337425,-0.888064,-0.899118,-0.406757,0.161577,-0.306325,0.848516,0.431523,0.000478,0.001549,0.001275,0.000845,-0.012893,0.025761,0.519378,-0.093703,0.015294,0.34531,0.94474,0.264263,-0.193965,0.051157,0.465893,0.883323,0.322589,-0.84475,0.426846,0.014031,-0.000571,-0.002202,0.301357,-0.131119,-0.063875,-1.301478,0.047888,0.026063,-0.008221,-0.944724,-0.268868,-0.187631,-0.031196,-0.495967,0.86778,-0.326377,0.825666,0.460165,0.008115,-0.006145,0.00272,0.320521,-0.195292,0.102477,-0.880098,0.081303,0.019784,-0.058344,-0.33779,0.354708,-0.871825,-0.843195,-0.52563,0.11284,-0.418233,0.773235,0.476641,3.1e-05,0.000103,8.7e-05,-8e-06,-7e-06,1.4e-05,0.516796
445,0.088261,-0.009192,0.364823,-0.312043,0.337427,-0.888154,-0.8992,-0.406659,0.161367,-0.306346,0.848562,0.431418,5.4e-05,0.000176,0.000145,0.0,0.0,0.0,0.518883,-0.093573,0.015144,0.345189,0.947794,0.254623,-0.191956,0.053572,0.466578,0.882819,0.313137,-0.847317,0.428793,0.000988,-0.004042,-0.003283,-0.014142,0.102373,-0.170341,-1.301951,0.047958,0.025986,-0.008277,-0.947884,-0.259061,-0.185478,-0.033985,-0.49661,0.867307,-0.316795,0.828411,0.461925,0.000518,-0.002091,-0.001701,-0.027332,0.062696,0.034382,-0.875689,0.081353,0.019784,-0.058336,-0.337514,0.354751,-0.871914,-0.843292,-0.525523,0.112618,-0.41826,0.773288,0.47653,2.3e-05,7.5e-05,6.1e-05,-1.1e-05,-1.6e-05,-5e-06,0.516796
446,0.088338,-0.009186,0.364817,-0.311825,0.337418,-0.888234,-0.899255,-0.406617,0.16117,-0.306409,0.848586,0.431326,1.9e-05,6.1e-05,5e-05,0.0,0.0,0.0,0.518933,-0.09366,0.014976,0.344877,0.951194,0.244582,-0.188151,0.054509,0.467282,0.882389,0.302521,-0.84987,0.431353,-0.011139,-0.011341,-0.007483,0.013396,0.141846,-0.004771,-1.302794,0.047918,0.025912,-0.008432,-0.951603,-0.248243,-0.181179,-0.035288,-0.497371,0.866819,-0.305295,0.831262,0.46454,0.000103,0.000995,-0.007788,-0.04822,0.542513,0.03162,-0.8703,0.081391,0.019787,-0.058339,-0.337295,0.354775,-0.871989,-0.843347,-0.525476,0.112423,-0.418325,0.77331,0.476439,4e-06,1.2e-05,9e-06,-6e-06,-1.5e-05,6e-06,0.516632
447,0.088369,-0.009192,0.364813,-0.311755,0.337417,-0.888259,-0.899275,-0.406597,0.16111,-0.306422,0.848596,0.431297,0.0,1e-06,1e-06,0.0,0.0,0.0,0.518713,-0.093708,0.014853,0.344658,0.952801,0.240204,-0.185643,0.053789,0.468578,0.881745,0.29757,-0.850399,0.433747,-0.012633,-0.002496,-0.017493,0.394753,-0.036984,-0.329154,-1.303195,0.047894,0.025848,-0.008537,-0.953498,-0.24264,-0.178789,-0.036025,-0.497199,0.866888,-0.299236,0.833017,0.465337,0.001365,-0.005555,-0.004526,0.624488,-0.121188,-0.195734,-0.86834,0.081406,0.019784,-0.058341,-0.337225,0.354784,-0.872013,-0.843369,-0.525454,0.112364,-0.418338,0.773321,0.47641,-4e-06,-1.6e-05,-1.6e-05,1e-06,7e-06,6e-06,0.516632
448,0.088451,-0.009208,0.364802,-0.311568,0.337414,-0.888326,-0.899328,-0.406542,0.16095,-0.306455,0.848624,0.43122,0.0,0.0,0.0,0.0,0.0,0.0,0.518577,-0.093781,0.014516,0.34412,0.959467,0.214468,-0.182805,0.062544,0.470801,0.879982,0.273568,-0.856,0.438506,-0.009845,-0.016774,-0.011979,0.033622,0.027837,-0.091777,-1.304995,0.047856,0.025685,-0.008809,-0.96031,-0.217457,-0.174689,-0.043788,-0.500982,0.864349,-0.275475,0.837692,0.471576,0.001689,-0.006871,-0.005625,0.00303,-0.000986,-0.032869,-0.870137,0.081447,0.019775,-0.058347,-0.337039,0.354808,-0.872075,-0.843426,-0.525396,0.112206,-0.418373,0.773349,0.476334,3e-06,-6e-06,-1e-05,-5e-06,7e-06,2.2e-05,0.516469
449,0.088503,-0.009218,0.364795,-0.313444,0.335562,-0.888367,-0.896939,-0.411826,0.16085,-0.311496,0.846811,0.431171,0.0,0.0,0.0,9e-06,-2e-06,-4e-06,0.51842,-0.093663,0.014003,0.343609,0.961274,0.208506,-0.180192,0.060688,0.477997,0.876225,0.267603,-0.853473,0.447031,0.003259,-0.013372,-0.011017,0.132641,-0.043833,-0.069839,-1.316739,0.047912,0.02542,-0.00907,-0.962247,-0.211099,-0.1718,-0.042158,-0.507996,0.860326,-0.268888,0.83509,0.479919,0.008377,-0.005687,-0.005575,0.124029,-0.056974,-0.070543,-0.87177,0.081473,0.01977,-0.05835,-0.33867,0.352732,-0.872285,-0.840377,-0.53034,0.111825,-0.423164,0.770921,0.476038,4e-06,-1e-06,-5e-06,-0.000243,0.000718,-0.000212,0.516143
450,0.088505,-0.009212,0.3648,-0.313424,0.335562,-0.888375,-0.896944,-0.41182,0.160833,-0.311499,0.846814,0.431163,3.6e-05,0.000116,9.5e-05,0.0,-0.0,-0.0,0.518188,-0.093497,0.013746,0.343422,0.964724,0.195688,-0.176081,0.061845,0.482054,0.873918,0.254665,-0.854209,0.45314,0.018451,-0.021127,-0.00192,0.256116,-0.098639,-0.134932,-1.33105,0.04799,0.025294,-0.009167,-0.965849,-0.197927,-0.167211,-0.043695,-0.51168,0.858063,-0.255392,0.836066,0.485558,0.001511,-0.006129,-0.00506,0.359692,-0.097121,-0.117835,-0.874546,0.081474,0.019773,-0.058347,-0.338653,0.352739,-0.872289,-0.840385,-0.53033,0.11181,-0.423162,0.770924,0.476035,2.3e-05,6.9e-05,5.2e-05,-0.000177,0.000113,2.7e-05,0.516142
451,0.088512,-0.009193,0.364829,-0.313357,0.335567,-0.888396,-0.896972,-0.411778,0.160785,-0.311486,0.846832,0.431136,0.000188,0.00061,0.000502,0.0,0.0,0.0,0.51829,-0.092985,0.013224,0.343069,0.969998,0.17426,-0.169496,0.064308,0.488862,0.86995,0.23322,-0.854952,0.463173,0.016695,-0.010991,-0.010935,0.199491,-0.073591,-0.087769,-1.347858,0.048239,0.025039,-0.009338,-0.971177,-0.176866,-0.159788,-0.046037,-0.518564,0.853797,-0.233868,0.836545,0.495476,0.008372,-0.005538,-0.005506,0.268717,-0.111706,-0.108744,-0.871443,0.081478,0.019782,-0.058334,-0.338586,0.352756,-0.872308,-0.84042,-0.530284,0.111765,-0.423146,0.770948,0.47601,0.000117,0.00038,0.000312,-0.000104,2.6e-05,6.3e-05,0.516469
452,0.088536,-0.009157,0.364873,-0.313207,0.335571,-0.888448,-0.897024,-0.411712,0.160665,-0.311488,0.846863,0.431074,0.00043,0.001397,0.001149,0.0,0.0,0.0,0.518118,-0.092365,0.012689,0.342715,0.974279,0.157172,-0.161461,0.064197,0.493684,0.86723,0.214773,-0.85547,0.47107,0.016752,-0.011024,-0.011032,0.115314,-0.143408,0.141919,-1.372893,0.048556,0.024762,-0.009516,-0.975449,-0.160427,-0.150872,-0.045495,-0.523507,0.850806,-0.215475,0.836781,0.503355,0.009498,-0.011398,-0.001729,0.027091,-0.042994,-0.073448,-0.865075,0.081489,0.019799,-0.058313,-0.338435,0.352784,-0.872355,-0.84048,-0.530214,0.111648,-0.423147,0.770984,0.475951,0.000272,0.000888,0.00073,-6.9e-05,1.5e-05,4.3e-05,0.516143
453,0.088596,-0.009105,0.364916,-0.31293,0.335567,-0.888546,-0.897103,-0.411631,0.160428,-0.311537,0.846904,0.430959,0.000615,0.002002,0.001646,0.0,0.0,0.0,0.517188,-0.091638,0.012142,0.342413,0.977207,0.147128,-0.153007,0.05986,0.501022,0.863324,0.202434,-0.852973,0.480958,0.02964,-0.006106,-0.008826,-0.081573,1.224771,-2.439978,-1.398746,0.048916,0.024483,-0.009672,-0.977927,-0.150305,-0.14514,-0.043903,-0.531317,0.846034,-0.204278,0.833732,0.512991,0.00921,-0.010126,-0.000701,0.09487,-0.08168,-0.074436,-0.858053,0.081519,0.019824,-0.058292,-0.338158,0.352823,-0.872447,-0.840567,-0.530126,0.111415,-0.423197,0.771026,0.475837,0.00036,0.001172,0.000962,0.000795,-0.012888,0.025787,0.515816
454,0.088646,-0.009088,0.364945,-0.31289,0.335573,-0.888558,-0.897123,-0.411597,0.160403,-0.31152,0.846918,0.430944,0.000609,0.001983,0.001629,0.0,0.0,0.0,0.516881,-0.091232,0.011924,0.342353,0.977308,0.145506,-0.153912,0.060058,0.506931,0.859853,0.201891,-0.849751,0.486853,0.01528,-0.00482,-0.005913,0.277451,-0.226115,0.114801,-1.400301,0.049126,0.024368,-0.009708,-0.978511,-0.148591,-0.142951,-0.041736,-0.536206,0.843054,-0.201922,0.830904,0.518483,0.008764,-0.008292,0.000827,0.263066,-0.132416,-0.117934,-0.85789,0.081544,0.019833,-0.058277,-0.338118,0.352834,-0.872458,-0.840591,-0.530092,0.111392,-0.42318,0.771044,0.475823,0.000353,0.001148,0.000943,0.000812,-0.01288,0.025795,0.515326
455,0.088728,-0.009058,0.365024,-0.312586,0.335592,-0.888657,-0.897245,-0.411419,0.160179,-0.311474,0.846997,0.430822,0.000438,0.001426,0.001171,0.0,0.0,0.0,0.516107,-0.090458,0.011574,0.342488,0.97659,0.15262,-0.151558,0.052128,0.51613,0.854884,0.207452,-0.842947,0.496253,0.016053,-0.010653,0.006658,0.047701,1.234634,-2.511458,-1.400572,0.049513,0.024196,-0.009644,-0.977282,-0.155526,-0.143979,-0.036513,-0.545629,0.83723,-0.20877,0.823468,0.527555,0.007813,-0.004471,0.004036,0.324765,-0.156852,-0.105517,-0.859686,0.081586,0.01985,-0.058236,-0.337817,0.352899,-0.872548,-0.840731,-0.529914,0.111177,-0.423142,0.771137,0.475707,0.000258,0.000848,0.000696,-2e-05,-2e-06,2.2e-05,0.514183
456,0.088769,-0.00903,0.365127,-0.312386,0.335624,-0.888716,-0.897354,-0.411226,0.160063,-0.311361,0.847078,0.430744,0.000469,0.001528,0.001253,0.0,0.0,0.0,0.516883,-0.089805,0.0114,0.342848,0.976276,0.157002,-0.149084,0.046495,0.520923,0.852298,0.21023,-0.839191,0.501422,0.014495,-0.004463,0.011872,0.048317,-0.04612,-0.019271,-1.400753,0.049835,0.024107,-0.009472,-0.977215,-0.160708,-0.138645,-0.027964,-0.550035,0.834672,-0.210398,0.819532,0.533009,0.007194,-0.002026,0.006099,0.03769,-0.063429,-0.026493,-0.860339,0.081606,0.019864,-0.058185,-0.337621,0.352959,-0.8726,-0.840863,-0.529728,0.11107,-0.423038,0.771237,0.475638,0.000333,0.001092,0.000897,-1.9e-05,1.2e-05,-2e-06,0.51402
457,0.088799,-0.009025,0.365184,-0.312277,0.335646,-0.888746,-0.89742,-0.411105,0.160006,-0.311282,0.847128,0.430703,0.000677,0.002208,0.00181,0.0,0.0,0.0,0.516927,-0.089569,0.011335,0.343064,0.976449,0.15857,-0.146268,0.042961,0.521943,0.851859,0.210179,-0.838264,0.502993,0.014497,-0.004467,0.011867,0.054916,-0.048952,-0.021399,-1.400585,0.049957,0.024078,-0.009355,-0.977326,-0.162354,-0.135918,-0.024511,-0.55085,0.834244,-0.210313,0.81866,0.534381,-0.000548,0.002132,0.001785,0.081891,-0.060355,-0.005662,-0.860829,0.081621,0.019865,-0.058157,-0.337515,0.352996,-0.872625,-0.840942,-0.529612,0.11102,-0.422964,0.771299,0.475602,-2.3e-05,-0.003892,0.005621,-0.03397,0.004269,0.009468,0.514346
458,0.088935,-0.009043,0.365253,-0.311924,0.335676,-0.888859,-0.897573,-0.410867,0.159759,-0.311195,0.847231,0.430562,0.000519,0.001693,0.001388,0.000849,-0.012878,0.025768,0.516732,-0.089251,0.011115,0.343391,0.977074,0.160348,-0.140022,0.036601,0.521863,0.852205,0.208477,-0.837978,0.504176,0.015311,-0.007626,0.009208,-0.031715,-0.012092,0.006899,-1.40069,0.050114,0.023976,-0.009184,-0.977811,-0.164487,-0.129725,-0.018099,-0.550606,0.834569,-0.208703,0.818399,0.535412,0.000986,-0.00534,0.004251,-0.050461,0.003564,-0.017023,-0.861156,0.081689,0.019857,-0.058122,-0.337187,0.353076,-0.872721,-0.841114,-0.529386,0.110802,-0.422884,0.771419,0.475479,4.5e-05,0.000151,0.000121,-1.1e-05,8e-06,-1.5e-05,0.514183
459,0.089111,-0.009086,0.365249,-0.314158,0.335909,-0.887984,-0.897227,-0.41075,0.161989,-0.309943,0.847195,0.431535,1e-06,2e-06,2e-06,-0.0,1e-06,-1e-06,0.516926,-0.089003,0.010962,0.343534,0.977127,0.163322,-0.136159,0.030945,0.524743,0.850659,0.209136,-0.835605,0.507828,0.000234,-0.000909,-0.000765,0.046649,-0.019947,-0.015228,-1.400441,0.050244,0.023897,-0.009109,-0.977814,-0.167363,-0.125969,-0.012535,-0.553533,0.832732,-0.209097,0.815837,0.539155,0.007844,-0.004544,0.003985,-0.015272,-0.038165,-0.007425,-0.858706,0.081777,0.019838,-0.058122,-0.339465,0.35297,-0.871879,-0.840823,-0.529369,0.113064,-0.421639,0.771478,0.476488,0.006842,-0.001393,-0.000937,0.002729,-0.017124,0.033358,0.514346
460,0.089226,-0.009094,0.365232,-0.314007,0.335902,-0.88804,-0.897262,-0.410728,0.16185,-0.309995,0.847209,0.431472,0.013754,-0.002562,-0.001689,0.000984,-0.014715,0.029553,0.51614,-0.088901,0.010783,0.343559,0.976328,0.169239,-0.134655,0.026615,0.524296,0.851081,0.213392,-0.834716,0.50752,0.000612,-0.00238,-0.002005,1e-05,-4e-06,-3e-06,-1.400632,0.050294,0.023808,-0.009097,-0.976926,-0.173375,-0.124719,-0.008282,-0.55277,0.833291,-0.213413,0.815098,0.53858,0.000393,-0.001529,-0.001292,-0.001964,0.002864,0.001872,-0.858706,0.08183,0.019834,-0.058131,-0.339297,0.352984,-0.871939,-0.840857,-0.529349,0.112907,-0.421706,0.771485,0.476416,2.2e-05,6.9e-05,5.6e-05,2.3e-05,-3.4e-05,7.1e-05,0.513856
461,0.089251,-0.009085,0.36524,-0.316678,0.336128,-0.887005,-0.896765,-0.410785,0.164436,-0.308711,0.847091,0.432622,0.000242,0.000792,0.000649,-0.0,0.0,-0.0,0.516448,-0.088891,0.0107,0.343504,0.975421,0.175061,-0.133791,0.022787,0.524239,0.851228,0.217913,-0.833558,0.507502,0.001094,-0.004252,-0.003586,-0.001974,0.01393,-0.025155,-1.400739,0.050298,0.02377,-0.009122,-0.97596,-0.17917,-0.124093,-0.004502,-0.552676,0.833383,-0.2179,0.813908,0.538584,0.000478,-0.001847,-0.001559,-0.000399,0.001945,0.000561,-0.859523,0.081847,0.019836,-0.058128,-0.341985,0.352808,-0.87096,-0.840404,-0.52951,0.115493,-0.420436,0.771455,0.477586,0.000156,0.00051,0.000415,0.000723,-0.001034,0.001614,0.513693
462,0.089275,-0.009048,0.365284,-0.316527,0.336132,-0.887057,-0.896818,-0.410719,0.164317,-0.308713,0.847122,0.43256,0.0003,0.000985,0.000806,0.0,0.0,0.0,0.516691,-0.088813,0.010568,0.343347,0.974647,0.180908,-0.131631,0.017865,0.52396,0.851516,0.221774,-0.832492,0.50758,0.001223,-0.004751,-0.004013,-0.015987,0.112522,-0.197294,-1.4008,0.050338,0.023702,-0.009202,-0.975103,-0.184983,-0.122286,0.000254,-0.552391,0.833584,-0.221748,0.8128,0.538686,0.000543,-0.002094,-0.00177,-0.000315,0.001974,0.001172,-0.862135,0.081859,0.019855,-0.058106,-0.341818,0.352836,-0.871014,-0.840465,-0.529442,0.11536,-0.420449,0.77149,0.477519,0.000154,0.000505,0.000412,-2e-06,-0.0,2e-05,0.51353
463,0.089245,-0.009008,0.365329,-0.316513,0.336138,-0.88706,-0.89683,-0.410692,0.164314,-0.308691,0.847132,0.432555,0.000177,0.000581,0.000475,0.0,0.0,0.0,0.516802,-0.088526,0.010442,0.343219,0.973765,0.186729,-0.130025,0.013433,0.523676,0.851773,0.225901,-0.831393,0.507562,0.014459,-0.001217,-0.00293,0.002045,-0.015205,0.029245,-1.399175,0.050471,0.023636,-0.009267,-0.974179,-0.190807,-0.120695,0.00482,-0.55203,0.833809,-0.225724,0.811698,0.538696,0.000564,-0.002169,-0.001836,-0.000214,0.001521,0.000812,-0.869647,0.081844,0.019876,-0.058083,-0.341805,0.352843,-0.871016,-0.840481,-0.529417,0.115359,-0.420428,0.771504,0.477515,0.00012,0.000396,0.000326,-1.2e-05,0.0,-8e-06,0.513693
464,0.08924,-0.009002,0.36536,-0.316506,0.336149,-0.887059,-0.896849,-0.410645,0.164326,-0.308643,0.84715,0.432553,0.000199,0.000653,0.000534,0.0,0.0,0.0,0.516514,-0.088366,0.010402,0.343152,0.971792,0.196859,-0.12984,0.008396,0.521753,0.853016,0.23443,-0.830277,0.505516,0.012333,0.010004,-0.010996,-0.015531,0.004094,0.068597,-1.397266,0.050558,0.02361,-0.009299,-0.972088,-0.20107,-0.120892,0.009873,-0.549877,0.835186,-0.234407,0.810681,0.536514,0.007253,-0.000665,-0.001521,-0.041242,0.032505,0.026424,-0.870626,0.081842,0.019879,-0.058067,-0.341799,0.352855,-0.871014,-0.840506,-0.529374,0.115373,-0.420382,0.771528,0.477516,0.000115,0.000375,0.000307,-0.0,7e-06,1.4e-05,0.513856
465,0.089241,-0.009036,0.365425,-0.316409,0.336187,-0.887079,-0.896937,-0.41046,0.164309,-0.308486,0.847225,0.432519,3.1e-05,0.000103,8.4e-05,0.0,0.0,0.0,0.516694,-0.087916,0.010554,0.343188,0.969108,0.208469,-0.131764,0.00609,0.514272,0.857567,0.245304,-0.832124,0.497251,0.012313,0.007067,0.004076,-0.398702,0.145188,0.187012,-1.39442,0.05079,0.02368,-0.009294,-0.969195,-0.213228,-0.123258,0.012699,-0.543058,0.839598,-0.245962,0.81217,0.529037,0.006093,0.003804,0.002264,-0.470477,0.146927,0.191387,-0.870137,0.081843,0.019862,-0.058035,-0.341707,0.352907,-0.871029,-0.840617,-0.5292,0.115366,-0.420236,0.771623,0.477491,1.1e-05,3.7e-05,3.1e-05,-6e-06,9e-06,1e-06,0.51402
466,0.089253,-0.009115,0.365466,-0.318509,0.334354,-0.88702,-0.894527,-0.415619,0.164481,-0.313279,0.845437,0.432574,-0.000214,-0.000702,-0.000575,0.441193,-0.081811,-0.215157,0.516641,-0.087354,0.010821,0.343433,0.970092,0.204391,-0.130913,0.009382,0.507764,0.861407,0.2413,-0.837113,0.490794,0.012003,0.008189,0.005015,-0.103526,0.017054,0.089528,-1.394994,0.051065,0.023817,-0.009168,-0.97039,-0.208353,-0.122191,0.008815,-0.536092,0.844113,-0.241379,0.818042,0.522055,0.013746,3.8e-05,0.006887,-0.12778,0.030436,0.084622,-0.868994,0.081849,0.019823,-0.058013,-0.343405,0.351004,-0.87113,-0.83785,-0.533585,0.115289,-0.424356,0.769468,0.477325,-0.000143,-0.000485,-0.000388,1.489187,-0.284105,-0.717807,0.51402
467,0.089283,-0.009137,0.365476,-0.318469,0.334365,-0.88703,-0.894556,-0.415562,0.164465,-0.313236,0.84546,0.432559,-3e-06,-1e-05,-8e-06,0.0,-0.0,-0.0,0.516368,-0.087123,0.010839,0.343599,0.970078,0.204445,-0.130926,0.009455,0.507455,0.861588,0.24135,-0.837287,0.490473,0.001084,-0.007157,0.011496,-0.037391,0.004511,-0.021242,-1.395001,0.051184,0.023833,-0.009079,-0.970438,-0.20807,-0.122289,0.008543,-0.535992,0.844179,-0.241194,0.81818,0.521925,0.000532,-0.003546,0.005766,-0.02064,0.004398,-0.021549,-0.867851,0.081863,0.019811,-0.05801,-0.343529,0.350834,-0.87115,-0.837605,-0.533979,0.115254,-0.424741,0.769273,0.477298,-1e-06,-3e-06,-4e-06,-0.000184,0.000208,1e-06,0.513856
468,0.08938,-0.00915,0.365493,-0.318228,0.334375,-0.887113,-0.894644,-0.415448,0.164278,-0.31323,0.845512,0.432461,0.013825,-0.002319,-0.001491,0.000984,-0.014715,0.029553,0.515971,-0.086748,0.010632,0.344007,0.969846,0.20753,-0.127752,0.004373,0.509706,0.8603,0.242418,-0.835162,0.493559,0.001054,-0.007039,0.011596,-0.046543,0.373591,-0.733275,-1.398597,0.051366,0.023732,-0.008885,-0.969832,-0.210982,-0.122112,0.011318,-0.539358,0.841999,-0.243509,0.815216,0.525475,0.00724,-0.002158,0.005985,-0.004753,-0.047006,-0.016142,-0.868014,0.081906,0.019805,-0.058001,-0.343313,0.350879,-0.871217,-0.837699,-0.533866,0.115092,-0.42473,0.76933,0.477214,8.5e-05,0.000281,0.000229,-0.000108,3.4e-05,5.6e-05,0.51353
469,0.089483,-0.009171,0.36548,-0.317995,0.334374,-0.887197,-0.894712,-0.41538,0.164078,-0.313272,0.845546,0.432364,0.013711,-0.002691,-0.001797,0.000984,-0.014715,0.029553,0.514987,-0.08631,0.01034,0.344614,0.969686,0.21191,-0.121632,-0.006651,0.520899,0.853553,0.243,-0.827121,0.506641,0.003147,-0.017991,0.019899,0.329235,-0.165775,-0.1743,-1.400328,0.051584,0.023593,-0.008583,-0.970067,-0.214907,-0.113059,0.024219,-0.548886,0.835545,-0.241621,0.807797,0.537662,0.001391,-0.008336,0.010498,0.56829,-0.253585,-0.198649,-0.86981,0.081958,0.019795,-0.058007,-0.343079,0.350914,-0.871294,-0.837774,-0.53379,0.114895,-0.424771,0.769367,0.477119,-1e-06,-7e-06,-9e-06,-7.5e-05,1e-05,3e-05,0.51304
470,0.089531,-0.009168,0.36551,-0.317851,0.334384,-0.887244,-0.894772,-0.415293,0.163972,-0.313249,0.845585,0.432306,0.000392,0.001288,0.001054,0.0,0.0,0.0,0.512677,-0.086107,0.009796,0.345166,0.97784,0.176016,-0.113303,0.002545,0.531676,0.846905,0.208064,-0.828632,0.519558,0.003903,-0.020834,0.017518,0.464844,-0.213247,-0.210833,-1.400488,0.051689,0.023327,-0.008302,-0.978361,-0.179186,-0.103444,0.014665,-0.558764,0.829196,-0.206381,0.809737,0.549301,0.000938,-0.005054,0.004509,0.625708,-0.201858,-0.180778,-0.870137,0.081986,0.019793,-0.057995,-0.342911,0.35095,-0.871346,-0.837851,-0.533695,0.114775,-0.424753,0.769417,0.477054,0.000258,0.000844,0.000687,-4e-05,8e-06,2.6e-05,0.511407
