frame,MLTx,MLTy,MLTz,MLTR1,MLTR2,MLTR3,MLTR4,MLTR5,MLTR6,MLTR7,MLTR8,MLTR9,MLTTVx,MLTTVy,MLTTVz,MLTRVx,MLTRVy,MLTRVz,MLGA,MRTx,MRTy,MRTz,MRTR1,MRTR2,MRTR3,MRTR4,MRTR5,MRTR6,MRTR7,MRTR8,MRTR9,MRTTVx,MRTTVy,MRTTVz,MRTRVx,MRTRVy,MRTRVz,MRGA,SLTx,SLTy,SLTz,SLTR1,SLTR2,SLTR3,SLTR4,SLTR5,SLTR6,SLTR7,SLTR8,SLTR9,SLTTVx,SLTTVy,SLTTVz,SLTRVx,SLTRVy,SLTRVz,SLGA,SRTx,SRTy,SRTz,SRTR1,SRTR2,SRTR3,SRTR4,SRTR5,SRTR6,SRTR7,SRTR8,SRTR9,SRTTVx,SRTTVy,SRTTVz,SRTRVx,SRTRVy,SRTRVz,SRGA
139,0.144484,-0.061197,0.285069,-0.40385,0.520331,-0.752467,-0.867444,-0.47906,0.134217,-0.290145,0.706279,0.645766,0.000163,0.041933,-0.036494,-0.246418,-0.615361,-0.859406,0.058144,-0.174488,-0.058408,0.27334,-0.643094,-0.178024,0.744802,0.67875,-0.582637,0.446953,0.355172,0.793177,0.494557,-0.052005,0.028406,-0.026998,0.032255,0.127882,0.268701,0.033693,0.039293,0.024721,-0.019873,0.688387,0.159193,0.707657,-0.637465,0.598248,0.485526,-0.346063,-0.785338,0.513307,-0.025579,0.008497,-0.009638,-0.016034,0.191806,0.245387,-0.175172,0.074708,0.01927,-0.062201,0.408884,-0.519379,-0.750372,0.864272,0.484378,0.135681,0.292994,-0.704004,0.646939,0.000118,0.015975,-0.013298,-0.416561,-0.141423,-0.394624,-0.188946
140,0.144485,-0.060513,0.284434,-0.403425,0.517048,-0.754953,-0.87117,-0.469358,0.144007,-0.27939,0.715145,0.640731,5e-06,0.040945,-0.038037,-0.05643,-0.470732,-0.606656,0.067166,-0.175456,-0.057991,0.272882,-0.645685,-0.176207,0.74299,0.678208,-0.579231,0.452172,0.351481,0.79607,0.492541,-0.05119,0.016595,-0.020072,0.008264,0.114114,0.202382,0.051563,0.038809,0.024935,-0.020102,0.690873,0.157161,0.705686,-0.636614,0.594866,0.49077,-0.34266,-0.78831,0.511028,-0.025568,0.008474,-0.009723,0.011352,0.121541,0.237139,-0.149699,0.074708,0.019613,-0.062517,0.408814,-0.51459,-0.753702,0.86781,0.474796,0.146539,0.282447,-0.713978,0.640669,-7e-05,0.014765,-0.015174,-0.189449,-0.676163,-0.759166,-0.16086
141,0.144535,-0.059233,0.283033,-0.401976,0.510972,-0.759848,-0.877221,-0.45278,0.15952,-0.262041,0.730041,0.631192,-0.000519,0.037692,-0.043104,0.038136,-0.251496,-0.296995,0.081335,-0.17741,-0.057246,0.271977,-0.651862,-0.176571,0.737489,0.679241,-0.568156,0.464504,0.337793,0.803933,0.489336,-0.051174,0.016284,-0.020787,-0.12576,0.416166,0.449022,0.073863,0.037831,0.025308,-0.020555,0.696668,0.159722,0.699386,-0.637718,0.584413,0.501773,-0.328586,-0.795581,0.508999,-0.025595,0.007714,-0.011051,0.089654,-0.110057,0.151462,-0.110836,0.074734,0.020256,-0.063212,0.407799,-0.507334,-0.759151,0.873607,0.458586,0.162813,0.265536,-0.729596,0.630222,-0.000302,0.013303,-0.017446,-0.006309,-0.178838,-0.514772,-0.132938
142,0.144621,-0.058081,0.281528,-0.401573,0.505351,-0.76381,-0.880011,-0.443867,0.168925,-0.253172,0.739367,0.623914,-0.000864,0.025322,-0.036941,0.054002,-0.185467,-0.059778,0.124634,-0.179236,-0.056586,0.27109,-0.660252,-0.182715,0.728474,0.679561,-0.558087,0.476098,0.320376,0.809603,0.491697,-0.034748,0.016194,-0.022784,-0.445966,-1.537773,2.414869,0.105735,0.036899,0.025644,-0.021006,0.704266,0.163279,0.690904,-0.637438,0.573868,0.514146,-0.312539,-0.802505,0.508236,-0.017358,0.008082,-0.011385,-0.430416,-1.547124,2.402671,-0.074585,0.074776,0.020835,-0.06397,0.407638,-0.501512,-0.763096,0.876246,0.449987,0.172346,0.25695,-0.738915,0.62288,-0.000384,0.017927,-0.023005,0.098388,-0.075012,-0.240303,-0.091788
143,0.144655,-0.057564,0.280787,-0.400617,0.505095,-0.76448,-0.881169,-0.441031,0.170306,-0.250648,0.741235,0.622714,-0.000879,0.025245,-0.037099,0.090834,-0.072302,0.003311,0.1526,-0.180123,-0.056289,0.270657,-0.661496,-0.190573,0.725325,0.683298,-0.551496,0.478424,0.309655,0.812314,0.494088,-0.034729,0.016375,-0.022566,0.080303,-0.091169,0.149185,0.129166,0.036469,0.025786,-0.021215,0.706093,0.171055,0.687147,-0.640741,0.567459,0.517147,-0.301468,-0.805438,0.510281,-0.025598,0.007488,-0.011575,0.089759,-0.070786,0.081763,-0.050418,0.074793,0.021092,-0.064342,0.406763,-0.501196,-0.76377,0.877349,0.447296,0.173732,0.254558,-0.740761,0.621668,0.007744,0.011914,-0.019402,0.112595,0.054007,-0.123644,-0.057171
144,0.144646,-0.056671,0.279407,-0.400194,0.504833,-0.764875,-0.880334,-0.443696,0.167686,-0.254228,0.739823,0.622942,-0.000911,0.014815,-0.027919,0.070312,-0.013056,0.010925,0.205196,-0.181815,-0.055774,0.269845,-0.665867,-0.211827,0.715362,0.693307,-0.529572,0.488686,0.276141,0.821616,0.498555,-0.05118,0.015613,-0.022374,-1.109095,-0.873783,-0.732038,0.1736,0.035629,0.026044,-0.02162,0.710837,0.191158,0.676881,-0.649751,0.54696,0.527879,-0.269319,-0.815041,0.513005,-0.017462,0.00805,-0.011435,-3.877109,-2.778255,-2.636364,0.009673,0.074788,0.02154,-0.06504,0.406298,-0.501368,-0.763904,0.876492,0.450112,0.170762,0.258228,-0.738937,0.622325,-0.000391,0.012795,-0.018312,0.106484,-0.024976,0.029933,0.014677
145,0.144508,-0.055884,0.27824,-0.399051,0.504606,-0.765622,-0.879897,-0.445626,0.16484,-0.257512,0.738819,0.622785,-0.016958,0.017865,-0.023706,0.069325,0.001604,-0.018659,0.300887,-0.183389,-0.055263,0.269148,-0.672724,-0.232556,0.70239,0.698502,-0.512345,0.499531,0.244528,0.826945,0.506193,-0.050992,0.017897,-0.01885,-0.274267,-0.34025,-0.115663,0.219771,0.034841,0.026296,-0.021975,0.717245,0.212709,0.663561,-0.655518,0.528942,0.538995,-0.236336,-0.821568,0.518815,-0.016927,0.003351,-0.00612,-1.151541,-0.937912,-0.688989,0.067641,0.074725,0.021919,-0.065618,0.40517,-0.501174,-0.76463,0.876068,0.451983,0.16797,0.261418,-0.737925,0.622194,-0.000313,0.008183,-0.012769,0.070106,-0.013031,0.011157,0.119346
146,0.1442,-0.055164,0.277381,-0.398158,0.504392,-0.766227,-0.879505,-0.44724,0.162542,-0.260214,0.73799,0.622644,-0.000205,0.019221,-0.021112,0.075822,-0.128048,0.207398,0.406003,-0.184718,-0.054655,0.268639,-0.681919,-0.266729,0.681054,0.705763,-0.484009,0.51727,0.19251,0.833718,0.517414,-0.033553,0.010434,-0.006346,-0.198102,-0.640609,0.715757,0.289045,0.034177,0.026592,-0.022232,0.724148,0.246543,0.644069,-0.664252,0.50043,0.555281,-0.185411,-0.829931,0.526152,-0.016758,0.005347,-0.002935,-1.096008,-1.047783,-0.564756,0.146674,0.074564,0.022288,-0.066063,0.404405,-0.500961,-0.765176,0.875604,0.453708,0.165724,0.264145,-0.737012,0.622125,-0.008349,0.004492,-0.00602,0.033662,0.01543,-0.03639,0.270553
147,0.143964,-0.054821,0.277047,-0.397837,0.504284,-0.766465,-0.879303,-0.447978,0.161596,-0.261382,0.737616,0.622598,-0.000206,0.008965,-0.011571,0.034801,0.000664,-0.007015,0.458135,-0.185216,-0.054307,0.268481,-0.683873,-0.296858,0.666472,0.714246,-0.458256,0.528951,0.14924,0.838117,0.524548,-0.016928,0.01306,-0.003581,-0.453536,-0.881927,0.561397,0.323212,0.033922,0.026763,-0.022316,0.726398,0.275657,0.629569,-0.672215,0.475668,0.567331,-0.143077,-0.835315,0.530826,-0.016803,0.006414,-0.001208,-3.987459,-3.361075,-2.851359,0.194518,0.074453,0.022456,-0.066225,0.404055,-0.50086,-0.765426,0.875419,0.454411,0.164773,0.26529,-0.736646,0.62207,-0.008208,0.005363,-0.00466,0.034393,0.000862,-0.011551,0.340442
148,0.143442,-0.054294,0.276684,-0.395032,0.503835,-0.768209,-0.879535,-0.448871,0.157814,-0.264831,0.737381,0.621418,-0.016139,0.012505,-0.006562,0.034503,0.000747,-0.011746,0.518737,-0.185926,-0.053593,0.268382,-0.67931,-0.373827,0.631494,0.732448,-0.396644,0.553288,0.04449,0.838844,0.542426,-0.016579,0.016787,0.002413,-1.004567,-1.267083,-0.396879,0.375245,0.03356,0.027127,-0.022373,0.723732,0.35342,0.592709,-0.689158,0.414542,0.594318,-0.035659,-0.838598,0.543581,-0.008392,0.008662,0.001585,-3.540278,-3.352993,-2.721797,0.279592,0.074192,0.022725,-0.066417,0.401082,-0.500429,-0.76727,0.875704,0.455277,0.160824,0.26884,-0.736405,0.620831,-0.008101,0.000921,0.001184,-0.002789,0.016871,-0.032126,0.47434
149,0.142822,-0.054091,0.276655,-0.395166,0.503724,-0.768213,-0.879353,-0.449276,0.157672,-0.265233,0.73721,0.62145,-0.016304,0.001281,0.001453,-0.000984,0.014715,-0.029553,0.520813,-0.186367,-0.052873,0.268604,-0.671186,-0.441766,0.595267,0.739845,-0.351058,0.573866,-0.043703,0.826116,0.561682,-0.015613,0.00847,0.015059,0.036836,-0.33558,0.48525,0.418735,0.033333,0.027496,-0.022258,0.71475,0.423185,0.556816,-0.697179,0.368028,0.61522,0.055428,-0.82793,0.558084,-0.007768,0.004406,0.007833,0.015837,-0.306724,0.485354,0.348664,0.073883,0.022834,-0.066428,0.401225,-0.50032,-0.767266,0.875514,0.455691,0.160683,0.269243,-0.736223,0.620872,-0.016317,0.001196,0.001329,-0.002068,0.029478,-0.05909,0.508141
150,0.142043,-0.05407,0.276816,-0.383598,0.515315,-0.766387,-0.889727,-0.42858,0.157089,-0.247038,0.741492,0.62385,-0.03243,0.003617,0.004508,-1.231103,0.45,1.075078,0.521479,-0.186826,-0.052329,0.269089,-0.667706,-0.474433,0.573649,0.740155,-0.341786,0.57904,-0.077816,0.811799,0.578611,-0.015571,0.008608,0.015184,0.140198,-0.506623,0.376392,0.457374,0.033116,0.027765,-0.02202,0.710824,0.455111,0.536285,-0.697587,0.358591,0.620309,0.090003,-0.815036,0.572375,-0.00778,0.004307,0.007618,0.216205,-0.607233,0.315705,0.40451,0.073505,0.022842,-0.066353,0.392891,-0.509221,-0.765721,0.883357,0.44041,0.160366,0.25557,-0.739412,0.622858,-0.016255,0.001578,0.001903,-0.012884,0.335422,0.189512,0.514183
151,0.141545,-0.054021,0.276914,-0.365868,0.528593,-0.766012,-0.904112,-0.397072,0.157756,-0.220326,0.749621,0.624141,-0.032357,0.004026,0.005115,-0.125689,0.057809,0.044001,0.521274,-0.187044,-0.052164,0.269372,-0.664519,-0.488134,0.5658,0.741474,-0.337534,0.579846,-0.091235,0.805444,0.585491,0.000724,0.008239,0.013161,0.103099,-0.370547,0.266205,0.470187,0.033001,0.027849,-0.021875,0.707433,0.469329,0.528457,-0.699074,0.35454,0.620963,0.104077,-0.808721,0.57891,-0.00777,0.004373,0.007702,0.099488,-0.443915,0.204124,0.42786,0.07325,0.022867,-0.066302,0.372011,-0.52557,-0.765102,0.900697,0.403647,0.160664,0.224392,-0.748895,0.623541,-0.01615,0.002207,0.002874,-0.427197,0.088211,0.301754,0.515326
152,0.140239,-0.05394,0.277261,-0.336261,0.549422,-0.764924,-0.92534,-0.343787,0.159778,-0.174775,0.760859,0.62496,-0.032074,0.005599,0.007485,-0.002217,0.015023,-0.033512,0.521566,-0.187463,-0.051957,0.269995,-0.656559,-0.511048,0.554753,0.746368,-0.334765,0.575153,-0.107398,0.7923,0.600491,-0.015617,0.007684,0.013586,0.254287,-0.538973,-0.117866,0.482675,0.032792,0.027957,-0.021557,0.700368,0.491367,0.517726,-0.703425,0.352036,0.617464,0.121143,-0.796635,0.592196,-0.007466,-0.001588,0.011111,0.375944,-0.683171,-0.22041,0.456109,0.072597,0.022907,-0.066131,0.342411,-0.546589,-0.764195,0.922406,0.350231,0.162798,0.178662,-0.760643,0.6241,-0.016165,-0.002893,0.007659,-0.038035,0.043727,-0.076399,0.516632
153,0.138659,-0.053912,0.277818,-0.335694,0.55156,-0.763634,-0.926622,-0.339095,0.162351,-0.168988,0.761415,0.625874,-0.048147,0.008047,0.01051,-0.002953,0.044144,-0.08866,0.521359,-0.187882,-0.051915,0.270565,-0.644142,-0.532709,0.548903,0.754996,-0.328346,0.567543,-0.121299,0.780653,0.612969,-0.015173,-0.006139,0.01744,0.13671,-0.29731,-0.222633,0.486708,0.032577,0.027983,-0.021263,0.687684,0.514435,0.512295,-0.713088,0.346069,0.609705,0.136364,-0.784597,0.604824,-0.007605,-0.003209,0.008513,0.135687,-0.298178,-0.223032,0.468683,0.071813,0.02292,-0.065853,0.341859,-0.548699,-0.762929,0.923698,0.345607,0.165337,0.172953,-0.761239,0.624981,-0.015927,-0.001546,0.009705,-0.034918,0.02871,-0.053474,0.517449
154,0.137785,-0.05382,0.278134,-0.337006,0.551615,-0.763016,-0.926242,-0.339557,0.163551,-0.168459,0.761169,0.626315,-0.047813,0.009777,0.013107,-0.002284,0.029571,-0.063805,0.521099,-0.188075,-0.051984,0.270801,-0.633974,-0.547034,0.546646,0.76168,-0.319952,0.56339,-0.1325,0.774218,0.618784,-0.015347,-0.008079,0.014355,0.157403,-0.323693,-0.274093,0.485975,0.032487,0.027953,-0.021147,0.678078,0.528561,0.510718,-0.719941,0.337761,0.6063,0.147966,-0.778806,0.609562,0.000487,-0.003824,0.006862,0.266197,-0.560957,-0.109435,0.469989,0.071357,0.022967,-0.065694,0.343262,-0.548732,-0.762275,0.923273,0.346141,0.166588,0.172442,-0.760972,0.625446,-0.023897,0.004995,0.006745,-0.000797,0.029252,-0.065058,0.517449
155,0.135911,-0.05338,0.278791,-0.336409,0.55367,-0.76179,-0.927373,-0.335408,0.165687,-0.163363,0.761514,0.627245,-0.06347,0.014016,0.018697,-0.003275,0.044288,-0.093357,0.519042,-0.188441,-0.052322,0.27117,-0.621835,-0.568482,0.538647,0.767904,-0.308105,0.561541,-0.152488,0.763516,0.627418,-0.015688,-0.011718,0.008586,0.010205,-0.082063,-0.118437,0.4819,0.032304,0.027786,-0.020959,0.665428,0.551357,0.5032,-0.727047,0.325978,0.604267,0.169135,-0.767947,0.617778,-0.00787,-0.006113,0.003907,-0.037711,-0.085465,-0.138848,0.468683,0.070444,0.023182,-0.065373,0.342628,-0.550775,-0.761085,0.924437,0.342003,0.168668,0.167395,-0.761366,0.626337,-0.023533,0.00676,0.009374,-0.000499,0.014737,-0.039908,0.516142
156,0.133878,-0.052793,0.279599,-0.338448,0.553638,-0.760909,-0.926696,-0.33648,0.167296,-0.162996,0.761064,0.627886,-0.062846,0.016584,0.022311,-0.002631,0.029719,-0.068499,0.514926,-0.188946,-0.052905,0.271433,-0.610851,-0.59315,0.52443,0.770423,-0.29308,0.566116,-0.181326,0.750577,0.63531,-0.015929,-0.014061,0.004859,-0.01512,-0.009491,-0.104848,0.467722,0.032051,0.027494,-0.020829,0.654276,0.576371,0.489609,-0.729645,0.310875,0.609076,0.198846,-0.755745,0.623945,-0.00762,-0.012415,0.006823,-0.069326,-0.093992,0.062569,0.456926,0.069404,0.023481,-0.064961,0.344761,-0.550714,-0.760166,0.923706,0.343151,0.170331,0.167048,-0.760894,0.627004,-0.031421,0.008388,0.011334,-0.001882,0.029528,-0.069143,0.51304
157,0.132803,-0.052476,0.28007,-0.338777,0.555989,-0.759046,-0.926633,-0.336951,0.166694,-0.162668,0.759138,0.630298,-0.046252,0.016627,0.023016,0.01579,0.065504,-0.009828,0.50655,-0.189228,-0.05322,0.271596,-0.605974,-0.609833,0.510774,0.768512,-0.28343,0.573577,-0.204258,0.740862,0.639738,-0.015848,-0.013056,0.006438,-1.478441,-2.776849,0.86764,0.460164,0.031904,0.027328,-0.020752,0.649305,0.592231,0.477141,-0.727643,0.301269,0.616256,0.221218,-0.747327,0.626549,-0.007959,-0.006568,0.003131,-1.478666,-2.774809,0.838481,0.446475,0.068884,0.023633,-0.064735,0.345055,-0.553262,-0.75818,0.923642,0.343715,0.169541,0.166797,-0.758789,0.629616,-0.031246,0.009085,0.012309,0.005669,0.067576,-0.043552,0.508794
158,0.130567,-0.051754,0.281165,-0.343843,0.556588,-0.756324,-0.925204,-0.338484,0.171455,-0.160154,0.758016,0.632289,-0.061689,0.021047,0.028492,-0.002654,0.029741,-0.068485,0.494002,-0.189701,-0.053715,0.272015,-0.595433,-0.642722,0.482035,0.763578,-0.266512,0.588093,-0.248764,0.719038,0.648817,0.000842,-0.009072,0.011431,-0.645994,-2.009596,2.350489,0.452701,0.031672,0.027081,-0.020561,0.636712,0.625317,0.451193,-0.723863,0.283055,0.629206,0.265741,-0.727226,0.632869,-0.007758,-0.004741,0.006068,0.042437,-0.200926,0.04507,0.431452,0.067795,0.023984,-0.064202,0.35011,-0.553637,-0.755583,0.922204,0.345125,0.174434,0.164198,-0.757874,0.631399,-0.02274,0.009933,0.013839,-0.000755,0.012087,-0.038191,0.492792
159,0.128346,-0.050887,0.28235,-0.341308,0.566327,-0.750218,-0.929076,-0.324319,0.177785,-0.142208,0.756985,0.637791,-0.06089,0.023817,0.03218,0.00786,0.05229,-0.020079,0.470137,-0.190182,-0.053993,0.272525,-0.584911,-0.669921,0.457249,0.759438,-0.254662,0.598611,-0.283842,0.698217,0.657107,-0.015944,0.003921,0.007476,0.068037,-0.304257,0.275541,0.451214,0.031432,0.026934,-0.020299,0.626642,0.653563,0.424469,-0.7178,0.271965,0.640934,0.30345,-0.706321,0.639553,-0.007662,-0.003704,0.007696,0.007362,-0.220652,0.06155,0.425574,0.066638,0.024434,-0.063587,0.347645,-0.563641,-0.7493,0.926151,0.331066,0.180661,0.14624,-0.756772,0.63711,-0.030442,0.012015,0.016289,-0.005253,0.022618,-0.028363,0.468135
160,0.125909,-0.049905,0.283783,-0.329664,0.582242,-0.74321,-0.937581,-0.294243,0.185296,-0.110394,0.757182,0.643829,-0.075871,0.029355,0.038864,0.06156,0.20067,0.060598,0.443618,-0.190717,-0.054242,0.273161,-0.567029,-0.695622,0.441112,0.761917,-0.239732,0.601619,-0.312036,0.67809,0.66535,-0.014529,-0.016858,0.026113,0.191594,-0.578282,0.046219,0.450479,0.031165,0.026818,-0.019986,0.609805,0.678333,0.409879,-0.719558,0.257068,0.645098,0.332224,-0.688316,0.644862,-0.007589,-0.002898,0.008944,0.229487,-0.536673,-0.145307,0.423778,0.065448,0.024912,-0.062888,0.336284,-0.578998,-0.742747,0.934788,0.301006,0.188587,0.11438,-0.75773,0.642464,-0.029957,0.013673,0.018482,0.099719,0.394541,-0.05418,0.427312
161,0.124576,-0.0494,0.284596,-0.32944,0.584533,-0.741508,-0.938276,-0.290347,0.187907,-0.105054,0.756918,0.645033,-0.059347,0.028953,0.038891,-0.005349,0.118324,-0.213681,0.439827,-0.191013,-0.054378,0.273512,-0.558902,-0.704698,0.437059,0.763861,-0.232667,0.601927,-0.321783,0.671146,0.667744,-0.015212,-0.006267,0.017071,0.220815,-0.574121,0.074183,0.449879,0.031017,0.026749,-0.019804,0.601701,0.687624,0.406359,-0.721639,0.24996,0.645567,0.342334,-0.681683,0.646617,-0.007619,-0.003195,0.008462,0.22573,-0.508172,-0.156939,0.423288,0.064775,0.025166,-0.06248,0.335628,-0.581845,-0.740816,0.935665,0.296924,0.190697,0.10901,-0.75716,0.644068,-0.037844,0.010192,0.024983,-0.04477,0.017065,-0.071449,0.415392
162,0.121667,-0.048402,0.286421,-0.331215,0.591756,-0.734961,-0.93783,-0.292141,0.187349,-0.103442,0.750586,0.652647,-0.0748,0.031673,0.041037,0.042498,0.151743,-0.003179,0.437121,-0.191708,-0.054769,0.274302,-0.545063,-0.722464,0.425374,0.765512,-0.222205,0.60378,-0.341002,0.655625,0.6736,-0.015222,-0.006357,0.016882,-0.129367,-0.718499,0.450355,0.444429,0.030675,0.026557,-0.019413,0.586269,0.705873,0.397529,-0.725437,0.239016,0.645453,0.360593,-0.666793,0.652195,-0.007337,-0.00899,0.01216,0.17065,-0.287198,-0.262711,0.419369,0.063356,0.025659,-0.061582,0.337607,-0.589023,-0.734215,0.935127,0.298966,0.190146,0.107505,-0.75078,0.651744,-0.037607,0.010502,0.025007,0.02134,0.19332,0.029175,0.403145
163,0.11868,-0.047597,0.288384,-0.320611,0.608823,-0.725664,-0.94245,-0.281747,0.179936,-0.094513,0.740836,0.665024,-0.074571,0.022049,0.050541,-0.979231,1.126118,1.264308,0.441266,-0.192395,-0.055192,0.27504,-0.535197,-0.734426,0.417342,0.766085,-0.214066,0.60599,-0.355041,0.644956,0.676639,-0.014733,-0.01861,0.023244,-0.024789,-0.04364,-0.116383,0.443401,0.030326,0.02635,-0.019037,0.576547,0.719487,0.38721,-0.72498,0.231915,0.648551,0.376824,-0.65464,0.655323,-0.015827,-0.003559,0.008446,-0.006049,-0.047078,-0.114179,0.414634,0.061834,0.026073,-0.060585,0.329054,-0.603614,-0.726204,0.939016,0.290474,0.184043,0.099853,-0.742478,0.662386,-0.037327,0.010959,0.025137,-3.991704,1.263723,3.693386,0.404452
164,0.117082,-0.047273,0.289532,-0.312076,0.618555,-0.721141,-0.945509,-0.276391,0.172025,-0.092529,0.734761,0.672005,-0.090619,0.013773,0.061195,0.119889,0.629179,0.08277,0.439955,-0.192751,-0.055428,0.275409,-0.526171,-0.743804,0.412179,0.7669,-0.205849,0.607804,-0.366576,0.636834,0.67818,-0.014792,-0.01909,0.022472,-0.052209,-0.003768,-0.092425,0.443286,0.030154,0.026235,-0.018858,0.567409,0.729172,0.382562,-0.725926,0.223655,0.650391,0.388685,-0.64675,0.656229,-0.007714,-0.004052,0.00707,-0.051776,-0.031036,-0.113367,0.41398,0.061042,0.026238,-0.060015,0.318853,-0.615419,-0.720826,0.942863,0.283508,0.175019,0.096651,-0.735446,0.670654,-0.037406,0.005835,0.029727,0.218234,0.59051,0.566143,0.404942
165,0.114106,-0.04688,0.291883,-0.29661,0.641196,-0.707767,-0.949409,-0.278026,0.145927,-0.102848,0.714447,0.692108,-0.07452,0.011548,0.058293,0.310823,0.777252,0.082066,0.42894,-0.193474,-0.055865,0.275988,-0.517596,-0.753696,0.405003,0.766217,-0.197856,0.611309,-0.379956,0.627669,0.679359,-0.031922,-0.009622,0.012855,-0.040266,0.04175,-0.076315,0.443388,0.029781,0.026007,-0.018553,0.558673,0.739233,0.376055,-0.725157,0.215311,0.654055,0.40253,-0.638103,0.656348,-0.015977,-0.004891,0.006323,-0.042901,0.052929,-0.077257,0.413654,0.059576,0.026433,-0.058857,0.303784,-0.63803,-0.707553,0.946779,0.285116,0.149393,0.106418,-0.71528,0.690687,-0.037529,0.000413,0.033597,1.73611,-0.362671,2.073369,0.397267
166,0.111316,-0.04672,0.294318,-0.287929,0.668193,-0.686046,-0.950918,-0.284261,0.122153,-0.113043,0.686715,0.718102,-0.058864,-0.000878,0.065107,0.278047,1.256357,-0.069549,0.410665,-0.194312,-0.056259,0.276336,-0.516285,-0.756478,0.401476,0.765251,-0.197247,0.612713,-0.383662,0.624506,0.680191,-0.016521,-0.00156,-0.001291,-0.003601,0.029433,-0.05426,0.443368,0.029369,0.025813,-0.018375,0.557337,0.741987,0.372597,-0.724094,0.214777,0.655406,0.406278,-0.635078,0.656972,-0.016109,-0.00598,0.004593,-0.043465,0.049956,-0.075743,0.413817,0.058125,0.026522,-0.057596,0.295126,-0.665369,-0.685699,0.948306,0.291629,0.12517,0.116686,-0.687193,0.717041,-0.029479,-0.000496,0.032521,0.318308,1.354882,-0.03976,0.375876
167,0.108638,-0.046711,0.296877,-0.285537,0.69582,-0.659051,-0.95007,-0.295781,0.09926,-0.125519,0.653622,0.746358,-0.074915,-0.000156,0.064103,0.451895,1.564028,-0.141968,0.403303,-0.195165,-0.056486,0.276483,-0.515982,-0.756876,0.401114,0.764683,-0.196186,0.613763,-0.385197,0.624358,0.679458,-0.016516,-0.001415,-0.001091,-0.003779,0.029716,-0.054082,0.442735,0.028936,0.025696,-0.018307,0.55712,0.742284,0.372329,-0.723472,0.213733,0.656434,0.407682,-0.635083,0.656097,-0.008264,-0.000722,-0.00055,-0.002386,0.032583,-0.053099,0.412837,0.056815,0.026529,-0.056337,0.292909,-0.691602,-0.660219,0.947442,0.302869,0.103072,0.128675,-0.65571,0.743966,-0.029559,-0.001024,0.031449,0.384575,1.086777,-0.203354,0.355465
168,0.107493,-0.046783,0.298091,-0.286709,0.706037,-0.647577,-0.948869,-0.302436,0.090282,-0.131759,0.639472,0.757458,-0.058979,-0.002006,0.062542,0.714127,0.698969,0.085316,0.406017,-0.195582,-0.05655,0.276507,-0.516414,-0.757478,0.399419,0.763638,-0.196495,0.614963,-0.386684,0.62353,0.679374,-0.032297,-0.012414,0.008364,-0.04047,0.042216,-0.076052,0.442414,0.028727,0.025663,-0.018296,0.557515,0.742853,0.370601,-0.722335,0.214056,0.65758,0.409156,-0.634309,0.655928,-0.016159,-0.006272,0.004094,-0.038783,0.045577,-0.076537,0.412837,0.056214,0.026492,-0.055707,0.293881,-0.703875,-0.646678,0.946292,0.309644,0.093008,0.134774,-0.63928,0.75707,-0.029543,-0.001053,0.031251,0.757351,0.658956,0.130134,0.353342
169,0.105342,-0.047025,0.30054,-0.289434,0.727123,-0.622548,-0.946019,-0.316368,0.070226,-0.145539,0.608363,0.780218,-0.059327,-0.003576,0.059834,0.644696,0.362659,0.101242,0.412857,-0.196405,-0.056639,0.276559,-0.516173,-0.761035,0.392915,0.761442,-0.197935,0.617221,-0.391303,0.618722,0.681123,-0.01645,-0.000738,-7.2e-05,0.003326,0.006117,-0.034914,0.442264,0.028334,0.025617,-0.018273,0.557029,0.746492,0.363961,-0.720004,0.215664,0.659608,0.413898,-0.629474,0.657608,-0.008249,-0.000555,-0.000311,-0.013988,0.019168,-0.040048,0.412511,0.055177,0.026375,-0.054526,0.297396,-0.725328,-0.620849,0.943451,0.323018,0.07455,0.146473,-0.607912,0.780376,-0.021863,-0.003062,0.028901,0.262018,1.074098,-0.196443,0.360037
170,0.103754,-0.047432,0.302726,-0.284226,0.74525,-0.60321,-0.94522,-0.323122,0.04608,-0.160224,0.582336,0.79702,-0.044383,-0.008869,0.053608,1.957503,-0.859538,1.476305,0.408647,-0.197168,-0.05665,0.276592,-0.517215,-0.76228,0.389112,0.759244,-0.199042,0.619569,-0.394182,0.61683,0.681179,-0.016358,6.4e-05,0.001159,-0.002215,0.014826,-0.028806,0.441588,0.027934,0.02561,-0.018257,0.557928,0.747629,0.360231,-0.717584,0.216558,0.661948,0.416881,-0.627816,0.65731,-0.008178,6.4e-05,0.000643,-9.1e-05,0.020603,-0.033216,0.412021,0.054362,0.026174,-0.053405,0.293171,-0.743001,-0.601664,0.942504,0.330203,0.05148,0.160422,-0.582164,0.797088,-0.014318,-0.005452,0.026136,0.387603,1.030293,0.253839,0.363139
171,0.103107,-0.047714,0.3038,-0.279282,0.754834,-0.593525,-0.9458,-0.322889,0.03431,-0.165404,0.569999,0.804842,-0.028809,-0.011772,0.050913,0.397226,0.924415,0.441982,0.403407,-0.197547,-0.056643,0.276628,-0.517689,-0.762886,0.387292,0.758181,-0.199532,0.620712,-0.3956,0.615922,0.681178,-0.016312,0.00045,0.001749,-0.002217,0.014829,-0.028805,0.440798,0.027756,0.025613,-0.018241,0.558359,0.748218,0.358335,-0.716408,0.217075,0.663051,0.418321,-0.626935,0.657235,-0.008144,0.000344,0.001076,-0.001286,0.016827,-0.029518,0.411041,0.054043,0.026037,-0.052887,0.287117,-0.750805,-0.594855,0.943159,0.330089,0.038605,0.167371,-0.572128,0.802904,-0.014569,-0.006344,0.024871,0.23917,0.643496,0.264881,0.357424
172,0.102062,-0.048219,0.305694,-0.274333,0.768932,-0.577521,-0.94714,-0.319884,0.023913,-0.166018,0.552596,0.816763,-0.028562,-0.00236,0.040228,0.184621,0.48647,0.196812,0.400995,-0.198245,-0.05663,0.276695,-0.517787,-0.763403,0.386139,0.757449,-0.199475,0.621623,-0.396869,0.615299,0.681003,-0.01628,0.000707,0.002129,-0.002045,0.015205,-0.029245,0.438152,0.027401,0.02562,-0.018207,0.55841,0.748694,0.357258,-0.715664,0.216986,0.663883,0.419526,-0.626396,0.656981,-0.00813,0.000451,0.001233,-0.00125,0.01685,-0.029867,0.409082,0.053499,0.025775,-0.051904,0.281681,-0.766743,-0.576853,0.944673,0.326916,0.026758,0.168067,-0.552475,0.816408,-0.014338,-0.001266,0.020016,0.18801,0.491622,0.198709,0.349096
173,0.101141,-0.048555,0.30747,-0.270928,0.780925,-0.562849,-0.948028,-0.317771,0.015348,-0.166542,0.536783,0.827136,-0.028581,-0.002504,0.039837,0.189036,0.49256,0.197782,0.405364,-0.198845,-0.056616,0.276755,-0.517914,-0.763919,0.384946,0.756693,-0.199457,0.622549,-0.398142,0.614664,0.680834,-0.016338,0.000249,0.001395,-0.002045,0.015205,-0.029245,0.433705,0.027101,0.025629,-0.018174,0.558503,0.749192,0.356067,-0.714854,0.216965,0.664762,0.42078,-0.625808,0.656739,-0.008169,0.000128,0.000715,-0.001584,0.016155,-0.029451,0.404836,0.053053,0.025608,-0.051046,0.278711,-0.777739,-0.563419,0.94554,0.324937,0.019198,0.168145,-0.538086,0.825947,-0.01462,-0.006571,0.024344,0.206147,0.609004,0.240231,0.350729
174,0.100419,-0.048811,0.309052,-0.266956,0.788825,-0.553656,-0.948756,-0.315881,0.007311,-0.168798,0.526254,0.833421,-0.012734,-0.004427,0.038504,0.20729,0.375305,0.228718,0.412735,-0.199309,-0.056606,0.276818,-0.51907,-0.765157,0.38091,0.754343,-0.200757,0.624978,-0.401079,0.612697,0.680882,-0.016295,0.000588,0.001911,-0.00262,0.013954,-0.027775,0.430205,0.026869,0.025633,-0.018144,0.559494,0.750414,0.351913,-0.712297,0.218239,0.667085,0.423789,-0.623898,0.656622,-0.008135,0.000407,0.001139,-0.018341,0.105437,-0.188864,0.400427,0.052681,0.025477,-0.050243,0.274672,-0.785964,-0.553909,0.946329,0.323019,0.010921,0.17034,-0.52718,0.832505,-0.006377,-0.002157,0.019338,0.453598,0.450293,0.402265,0.357587
175,0.100064,-0.048938,0.309895,-0.266105,0.792191,-0.549243,-0.949067,-0.314984,0.005409,-0.168395,0.521721,0.836348,-0.01255,-0.003817,0.039223,0.029074,0.193385,0.077376,0.418192,-0.199505,-0.056599,0.276841,-0.519776,-0.765809,0.37863,0.753043,-0.201625,0.626264,-0.402599,0.611596,0.680975,-0.016337,0.000255,0.001383,-0.003964,0.011034,-0.024344,0.428525,0.026772,0.025637,-0.018131,0.560091,0.751049,0.349603,-0.710907,0.219073,0.668294,0.425333,-0.622841,0.656627,-0.00817,0.000137,0.000712,-0.022768,-0.030112,0.024413,0.397978,0.052513,0.025413,-0.049839,0.273506,-0.790019,-0.548691,0.946686,0.322051,0.008198,0.170231,-0.521681,0.835983,-0.006731,-0.007645,0.023485,0.028529,0.272117,0.091919,0.363792
176,0.099483,-0.049217,0.31145,-0.260368,0.799387,-0.541511,-0.949795,-0.312786,-0.005159,-0.173185,0.511986,0.841371,-0.013564,-0.015816,0.046099,1.923953,-1.330251,1.308877,0.42464,-0.199772,-0.056573,0.276898,-0.521322,-0.767135,0.37379,0.750301,-0.20359,0.628915,-0.405702,0.609278,0.681211,-0.016237,0.001032,0.002589,-0.002046,0.015202,-0.029242,0.427393,0.026638,0.025649,-0.018105,0.561399,0.752341,0.344692,-0.707972,0.220965,0.670782,0.428493,-0.620609,0.656686,7.2e-05,0.000562,0.000884,0.001923,0.004058,-0.004695,0.394386,0.052214,0.02528,-0.049045,0.269475,-0.79745,-0.539867,0.947441,0.319927,0.000345,0.172443,-0.511585,0.84175,-0.014376,-0.001554,0.019323,0.163153,0.444011,0.160372,0.377182
177,0.098985,-0.049579,0.312968,-0.262981,0.801363,-0.537311,-0.946695,-0.321666,-0.016492,-0.185731,0.503335,0.843911,-0.01345,-0.006954,0.034853,0.595213,-0.29966,0.426926,0.427382,-0.199952,-0.05653,0.276958,-0.522954,-0.768469,0.368734,0.747456,-0.205746,0.631595,-0.408834,0.606865,0.681493,0.000157,0.001218,0.0019,-0.0,-0.0,0.0,0.424269,0.026542,0.025671,-0.018074,0.562767,0.753639,0.339589,-0.704944,0.223022,0.673286,0.431678,-0.618294,0.656783,8.3e-05,0.000655,0.001025,0.001446,0.003002,-0.003473,0.390303,0.05196,0.025095,-0.048266,0.270558,-0.799348,-0.536507,0.944319,0.328749,-0.013591,0.187241,-0.502957,0.843785,-0.006785,-0.003608,0.017269,0.635206,-0.379381,0.450839,0.382571
178,0.098769,-0.0498,0.313644,-0.264708,0.802608,-0.534597,-0.945182,-0.325809,-0.021236,-0.190899,0.498671,0.845524,-0.014077,-0.009097,0.032029,0.178896,0.471244,0.183835,0.429085,-0.199997,-0.056496,0.277013,-0.523832,-0.769146,0.366067,0.745957,-0.206929,0.632979,-0.410441,0.605603,0.68165,0.000207,0.001601,0.002496,-1e-06,-3e-06,4e-06,0.422283,0.026519,0.025686,-0.018049,0.563516,0.754302,0.336863,-0.70333,0.224171,0.674591,0.433331,-0.617069,0.656848,0.000145,0.001136,0.001773,0.003606,-0.010589,0.020168,0.388017,0.051858,0.02499,-0.047937,0.272667,-0.799288,-0.535528,0.942734,0.333102,-0.017164,0.192105,-0.500181,0.844341,0.000809,-0.005616,0.015323,0.191835,0.39309,0.402855,0.385347
179,0.098489,-0.050347,0.314855,-0.266126,0.801625,-0.535368,-0.942336,-0.333222,-0.030618,-0.202617,0.49535,0.844749,-0.014938,-0.012013,0.028203,1.888574,-1.6105,1.329541,0.435082,-0.199953,-0.056358,0.277246,-0.524928,-0.769875,0.362951,0.744226,-0.208453,0.634514,-0.412174,0.604151,0.681892,0.0007,0.005436,0.008457,0.001721,-0.014502,0.024842,0.417458,0.02654,0.025748,-0.017943,0.564426,0.754994,0.333774,-0.701523,0.225602,0.675994,0.435072,-0.615699,0.656981,0.008513,0.002605,0.003567,0.004148,-0.028918,0.053323,0.382629,0.051718,0.024718,-0.04733,0.275291,-0.799913,-0.533247,0.939933,0.340409,-0.025397,0.201838,-0.494225,0.845577,0.000281,-0.007425,0.01296,-0.020696,0.112016,0.038629,0.391225
180,0.098473,-0.051015,0.315748,-0.272081,0.798154,-0.537556,-0.937906,-0.344829,-0.037378,-0.214868,0.493013,0.843087,-0.000432,-0.018361,0.021358,-0.045123,-0.03763,0.142546,0.440321,-0.199768,-0.056068,0.277706,-0.526044,-0.770595,0.359794,0.74247,-0.210017,0.636054,-0.413912,0.602689,0.682134,0.017571,0.009612,0.013913,0.005487,-0.044207,0.078931,0.409787,0.026626,0.025891,-0.017715,0.565377,0.755694,0.330566,-0.699643,0.227109,0.677436,0.43686,-0.614285,0.657119,0.000617,0.004868,0.007539,0.002631,-0.012559,0.022564,0.374954,0.051705,0.024387,-0.04688,0.279708,-0.795935,-0.536888,0.93535,0.352026,-0.034578,0.216521,-0.492507,0.842943,-0.000226,-0.009166,0.010703,-0.048474,-0.072534,0.127576,0.399553
181,0.098555,-0.051683,0.316316,-0.275931,0.79564,-0.539319,-0.935711,-0.350609,-0.038604,-0.219469,0.493004,0.841907,-0.000917,-0.011575,0.007591,-0.029453,-0.074975,0.159602,0.444675,-0.19947,-0.055545,0.278499,-0.526324,-0.770655,0.359256,0.742203,-0.210454,0.636222,-0.414035,0.60246,0.682261,0.001992,0.015787,0.024271,-0.008439,0.071074,-0.121762,0.399584,0.026781,0.026148,-0.017326,0.56569,0.75576,0.329879,-0.69929,0.22765,0.677619,0.43702,-0.614004,0.657275,0.009207,0.008394,0.012412,0.007269,-0.05861,0.103775,0.363524,0.051741,0.02406,-0.046596,0.283794,-0.793187,-0.538808,0.933068,0.357943,-0.035478,0.221004,-0.492677,0.84168,-0.000395,-0.005534,0.004123,-0.028472,-0.075946,0.15635,0.405595
182,0.098631,-0.051949,0.316488,-0.278168,0.794316,-0.540121,-0.934442,-0.353898,-0.039302,-0.222027,0.49279,0.841361,-0.000802,-0.011188,0.008089,-0.029626,-0.074878,0.159964,0.446925,-0.199241,-0.05519,0.27905,-0.52662,-0.770722,0.358676,0.741906,-0.210905,0.636418,-0.414189,0.602216,0.682383,0.019262,0.008458,0.037131,-0.02915,-0.046665,0.086334,0.393237,0.026889,0.026326,-0.017058,0.565885,0.755802,0.329448,-0.699066,0.227985,0.677737,0.437126,-0.613828,0.657369,0.0094,0.010127,0.014992,-0.004638,0.041395,-0.067627,0.357155,0.051783,0.023914,-0.046509,0.285924,-0.791853,-0.539643,0.931815,0.361123,-0.036188,0.223534,-0.492501,0.841115,0.007387,-0.006958,0.002962,-0.029084,-0.089886,0.189928,0.408697
183,0.098904,-0.052299,0.316569,-0.283203,0.791514,-0.541615,-0.931529,-0.361306,-0.041025,-0.227816,0.491926,0.840319,-0.00052,-0.001782,-0.002298,0.0,0.0,0.0,0.449099,-0.198657,-0.054295,0.280531,-0.517973,-0.77701,0.357702,0.743782,-0.202784,0.636868,-0.42166,0.596901,0.682477,0.003327,0.027291,0.041171,-0.005002,0.042055,-0.072086,0.390172,0.027187,0.026766,-0.01632,0.5574,0.76234,0.32885,-0.70105,0.219973,0.678336,0.444785,-0.608645,0.657051,0.009816,0.014048,0.020693,0.01097,-0.087572,0.153716,0.348011,0.051913,0.023736,-0.046465,0.290993,-0.789004,-0.541105,0.928841,0.368537,-0.037868,0.229295,-0.491582,0.840102,0.007476,-0.002463,-0.002505,-0.000178,-0.001659,0.004527,0.414412
184,0.099372,-0.052365,0.316256,-0.289551,0.786855,-0.545036,-0.927998,-0.37022,-0.041574,-0.234144,0.492774,0.838079,0.015355,0.004884,-0.014887,0.024476,-0.052323,0.035725,0.442357,-0.198043,-0.053421,0.282461,-0.506168,-0.784028,0.359284,0.748254,-0.192281,0.634884,-0.428042,0.591171,0.683491,0.004229,0.020051,0.054448,-0.039364,0.038988,-0.065054,0.38848,0.027496,0.027219,-0.015332,0.545787,0.769706,0.33116,-0.705973,0.20952,0.676537,0.45135,-0.603036,0.657745,0.002112,0.010235,0.027539,-0.045669,0.041765,-0.063064,0.344419,0.052152,0.023701,-0.046624,0.297209,-0.784128,-0.544801,0.925286,0.377328,-0.038307,0.235607,-0.492712,0.837689,0.007653,0.002347,-0.00757,0.040288,-0.024119,0.048279,0.411963
185,0.099662,-0.052354,0.315991,-0.288034,0.786979,-0.54566,-0.928289,-0.36935,-0.042782,-0.234858,0.493228,0.837612,0.015071,0.0039,-0.016171,0.03595,-0.030805,0.046378,0.437477,-0.197727,-0.053078,0.283581,-0.49436,-0.790919,0.360619,0.752488,-0.181895,0.632938,-0.434381,0.585247,0.684589,0.021017,0.01016,0.063022,-0.049471,-0.082949,0.104282,0.388566,0.027647,0.027388,-0.014793,0.534161,0.776918,0.333271,-0.710758,0.199286,0.674616,0.457705,-0.597228,0.658652,0.002143,0.010716,0.028057,-0.037433,-0.073555,0.093917,0.343602,0.052291,0.023705,-0.046749,0.295695,-0.784403,-0.54523,0.925585,0.376459,-0.039626,0.23634,-0.49294,0.837348,0.007406,0.001482,-0.0087,0.038628,-0.01099,0.024223,0.406575
186,0.100416,-0.052358,0.315291,-0.289134,0.785557,-0.547126,-0.926753,-0.372846,-0.045673,-0.239521,0.492866,0.836504,0.014286,0.001157,-0.019764,0.035335,-0.01728,0.020932,0.433243,-0.197121,-0.052657,0.285998,-0.474796,-0.800771,0.365137,0.760245,-0.164348,0.628452,-0.442635,0.576979,0.686319,0.021292,-0.002035,0.068838,-0.082607,-0.068483,0.056501,0.389649,0.02795,0.02761,-0.013576,0.515066,0.787334,0.338839,-0.719272,0.181997,0.670465,0.466212,-0.589051,0.660048,0.002324,0.004869,0.031333,-0.094315,0.025369,-0.098549,0.342786,0.052674,0.023706,-0.047103,0.296736,-0.783016,-0.546656,0.924036,0.379921,-0.042603,0.241045,-0.492489,0.836272,0.007119,0.000458,-0.010048,0.035083,-0.017215,0.021567,0.396124
187,0.101372,-0.0525,0.314395,-0.287523,0.784606,-0.549336,-0.927528,-0.371046,-0.044586,-0.238461,0.495728,0.835115,0.013263,-0.002492,-0.024581,0.034397,-0.004317,-0.004794,0.433917,-0.196598,-0.052645,0.28851,-0.451022,-0.809572,0.375718,0.772028,-0.142846,0.619275,-0.447106,0.570381,0.68893,0.004749,-0.005309,0.06451,-0.373247,-0.705478,-1.800692,0.396129,0.028211,0.027624,-0.012336,0.498233,0.794092,0.348111,-0.729262,0.166635,0.663633,0.468978,-0.584508,0.662124,0.002049,0.00275,0.027953,0.136159,-0.407989,0.092184,0.346705,0.053148,0.023638,-0.047539,0.295124,-0.782043,-0.548915,0.924836,0.378099,-0.041442,0.239954,-0.495426,0.834849,0.014548,-0.002275,-0.012986,0.04064,-0.026287,0.054201,0.394818
188,0.102455,-0.052774,0.313353,-0.29325,0.783762,-0.547509,-0.925827,-0.375583,-0.041865,-0.23809,0.493646,0.836453,0.028527,-0.006649,-0.028825,0.035565,-0.018594,0.024974,0.436134,-0.196082,-0.052959,0.290805,-0.432229,-0.815233,0.38544,0.78196,-0.126144,0.610377,-0.448431,0.566238,0.691481,0.02015,-0.010694,0.055384,0.146405,0.621652,-3.123842,0.405037,0.02847,0.027474,-0.011177,0.479427,0.800888,0.358786,-0.740777,0.150121,0.654761,0.470529,-0.579691,0.665252,0.01005,-0.005249,0.027833,-0.095637,-0.095329,0.011467,0.355686,0.053672,0.023504,-0.04805,0.300899,-0.781202,-0.546976,0.923089,0.382634,-0.038681,0.239509,-0.493269,0.836253,0.014052,-0.008395,-0.009704,0.004684,-0.006579,0.011156,0.395144
189,0.103018,-0.053005,0.312861,-0.294361,0.784158,-0.546345,-0.925982,-0.375403,-0.040003,-0.23611,0.493155,0.837304,0.043689,-0.019769,-0.022061,0.001394,-0.017645,0.037497,0.439912,-0.195803,-0.053183,0.291833,-0.427555,-0.81692,0.387077,0.785254,-0.123681,0.606641,-0.447162,0.564345,0.693847,0.019889,-0.012851,0.052193,-0.036394,-0.209225,0.170085,0.40735,0.028603,0.027364,-0.010661,0.469486,0.804589,0.363618,-0.746653,0.141977,0.649885,0.471266,-0.576608,0.667405,0.001852,-0.006813,0.026082,-0.070298,-0.118921,-0.041031,0.360911,0.053948,0.023392,-0.0483,0.302,-0.781587,-0.545816,0.923234,0.382465,-0.036849,0.237556,-0.492789,0.837093,0.013979,-0.008724,-0.010172,0.004242,-0.018902,0.035876,0.398247
190,0.104124,-0.053714,0.312011,-0.298814,0.785305,-0.542265,-0.926364,-0.375151,-0.032919,-0.228918,0.49152,0.840257,0.02783,-0.018133,-0.02139,0.000408,-0.002928,0.007944,0.44229,-0.19522,-0.053698,0.293588,-0.407728,-0.824366,0.392645,0.794497,-0.108536,0.597435,-0.449373,0.556574,0.69868,0.019251,-0.018514,0.04408,0.82184,1.649644,-1.983837,0.409963,0.028895,0.027112,-0.009775,0.450736,0.813465,0.367575,-0.755419,0.128217,0.642574,0.475582,-0.567304,0.672299,0.009278,-0.00408,0.017416,-0.06611,-0.085288,-7e-06,0.367116,0.054507,0.023043,-0.048734,0.306387,-0.782712,-0.541744,0.923605,0.382181,-0.029826,0.23039,-0.49122,0.840013,0.013929,-0.009058,-0.010697,0.004399,-0.006373,0.010684,0.405758
191,0.105111,-0.05454,0.311419,-0.299807,0.787382,-0.538693,-0.926684,-0.374464,-0.031693,-0.22631,0.488716,0.842595,0.028001,-0.026447,-0.009656,0.213783,0.492925,0.231336,0.436372,-0.194552,-0.054223,0.295014,-0.385908,-0.836406,0.389221,0.802249,-0.096127,0.589144,-0.454859,0.540651,0.707576,0.002943,-0.021199,0.04131,0.215772,-0.584086,-0.159082,0.408868,0.029235,0.026844,-0.009062,0.43065,0.82377,0.368704,-0.764,0.115262,0.634837,0.480462,-0.555082,0.678998,0.009154,-0.005202,0.015798,0.004487,-0.180201,-0.053173,0.367606,0.05501,0.022618,-0.049044,0.307909,-0.783147,-0.540252,0.923844,0.381818,-0.026948,0.227382,-0.490811,0.841071,0.01434,-0.00771,-0.008989,0.001464,-0.016509,0.033871,0.402329
192,0.105553,-0.054912,0.311205,-0.299785,0.787429,-0.538637,-0.926778,-0.374256,-0.031411,-0.225956,0.488799,0.842642,0.028642,-0.024249,-0.006785,-0.030394,0.006229,0.019866,0.430156,-0.194197,-0.054431,0.295605,-0.376863,-0.84083,0.388549,0.805132,-0.090139,0.58615,-0.457352,0.534781,0.710423,0.018264,-0.011185,0.030477,0.030121,-0.243563,0.107539,0.408333,0.029414,0.026731,-0.008752,0.419437,0.82993,0.367814,-0.768514,0.108975,0.630483,0.483175,-0.547119,0.683521,0.009126,-0.005446,0.015436,-0.022064,-0.160042,-0.046645,0.367443,0.05523,0.022429,-0.049155,0.307301,-0.784971,-0.537945,0.924021,0.381274,-0.02851,0.227485,-0.488312,0.842496,0.006639,-0.005842,-0.007165,-0.009722,-0.003292,-0.02676,0.396777
193,0.106263,-0.055381,0.310865,-0.303975,0.785744,-0.538749,-0.924761,-0.379213,-0.031393,-0.228597,0.487693,0.842571,0.030515,-0.008886,-0.009345,0.001198,-0.01621,0.033482,0.425411,-0.193383,-0.054744,0.296723,-0.35503,-0.85229,0.384119,0.814996,-0.081064,0.57371,-0.45738,0.517804,0.722873,0.034329,-0.010245,0.030556,0.333962,-0.672585,-0.312667,0.407657,0.029814,0.026569,-0.0082,0.399859,0.840659,0.365245,-0.778092,0.100714,0.620023,0.484443,-0.532116,0.694382,0.008815,-2.1e-05,0.011108,0.053359,-0.21298,-0.079516,0.3663,0.055595,0.022183,-0.049332,0.311512,-0.783115,-0.538228,0.921972,0.386217,-0.028327,0.230056,-0.487408,0.842322,0.015336,-0.004175,-0.004329,0.000708,-0.016865,0.033419,0.386816
