frame,MLTx,MLTy,MLTz,MLTR1,MLTR2,MLTR3,MLTR4,MLTR5,MLTR6,MLTR7,MLTR8,MLTR9,MLTTVx,MLTTVy,MLTTVz,MLTRVx,MLTRVy,MLTRVz,MLGA,MRTx,MRTy,MRTz,MRTR1,MRTR2,MRTR3,MRTR4,MRTR5,MRTR6,MRTR7,MRTR8,MRTR9,MRTTVx,MRTTVy,MRTTVz,MRTRVx,MRTRVy,MRTRVz,MRGA,SLTx,SLTy,SLTz,SLTR1,SLTR2,SLTR3,SLTR4,SLTR5,SLTR6,SLTR7,SLTR8,SLTR9,SLTTVx,SLTTVy,SLTTVz,SLTRVx,SLTRVy,SLTRVz,SLGA,SRTx,SRTy,SRTz,SRTR1,SRTR2,SRTR3,SRTR4,SRTR5,SRTR6,SRTR7,SRTR8,SRTR9,SRTTVx,SRTTVy,SRTTVz,SRTRVx,SRTRVy,SRTRVz,SRGA
767,0.108509,-0.001755,0.301952,-0.068314,0.381988,-0.921664,0.05779,-0.920701,-0.38593,-0.995916,-0.08011,0.041966,-0.012109,0.002658,0.022604,0.213596,0.637662,-0.720342,0.500325,-0.201373,0.005958,0.27951,-0.502195,-0.683936,0.529172,0.84537,-0.516945,0.134357,0.182276,0.515679,0.837086,-0.013578,-0.022265,0.016706,-4.625009,-2.550114,-3.068703,-1.409583,0.025427,0.056627,-0.018254,0.492139,0.692102,0.528008,-0.852196,0.506822,0.12997,-0.177654,-0.51393,0.839234,-0.006968,-0.004988,0.005084,-0.251877,0.327672,0.238315,-0.930391,0.056923,0.049914,-0.055766,0.088085,-0.378038,-0.921589,-0.091642,0.918187,-0.385401,0.991888,0.118404,0.046234,-0.005918,0.001824,0.011839,0.81586,2.077326,-2.312232,0.491975
768,0.108029,-0.001905,0.303012,-0.097548,0.351957,-0.930944,0.105877,-0.926373,-0.36138,-0.989473,-0.134263,0.054258,-0.01292,-0.008765,0.030273,0.41506,-0.016061,-0.273475,0.499127,-0.201719,0.00524,0.280123,-0.505717,-0.678533,0.532761,0.845967,-0.510875,0.152582,0.169262,0.528713,0.831671,-0.013433,-0.020719,0.018541,-0.415325,0.524243,0.327631,-1.409056,0.025253,0.056275,-0.017955,0.49244,0.691704,0.528249,-0.855642,0.495844,0.148367,-0.159303,-0.525055,0.836025,-0.006913,-0.004395,0.005785,-0.056245,-0.03187,0.174246,-0.930228,0.056689,0.049848,-0.055249,0.11746,-0.346769,-0.930566,-0.138668,0.922145,-0.361134,0.983348,0.171458,0.060229,-0.006553,-0.004266,0.014976,4.990541,1.983855,-1.383065,0.489526
769,0.107797,-0.002069,0.30358,-0.115912,0.329094,-0.93718,0.134224,-0.929642,-0.343105,-0.984015,-0.165979,0.064749,-0.012842,-0.008469,0.03057,5.152012,1.532085,-0.699996,0.498602,-0.201833,0.004955,0.280411,-0.504177,-0.679463,0.533035,0.847804,-0.506718,0.156204,0.164582,0.531516,0.830823,0.000778,-0.008182,0.011409,-0.088577,0.07295,0.068249,-1.409309,0.025192,0.056117,-0.017797,0.491996,0.690745,0.529915,-0.856813,0.492061,0.154099,-0.154307,-0.529854,0.833932,0.000383,-0.00404,0.005772,-0.043829,0.028064,0.04409,-0.928595,0.056568,0.049762,-0.054954,0.134465,-0.323871,-0.936496,-0.16314,0.924948,-0.343301,0.977396,0.198943,0.071537,-0.006491,-0.004494,0.015043,-0.086921,-0.030126,-0.943027,0.48969
770,0.107261,-0.002518,0.304929,-0.149882,0.269474,-0.951296,0.177845,-0.939072,-0.294088,-0.9724,-0.213604,0.094008,-0.013375,-0.018744,0.039516,1.285429,0.499326,-0.546587,0.498592,-0.201992,0.004506,0.280983,-0.504537,-0.678651,0.533728,0.850135,-0.498151,0.17044,0.150827,0.540586,0.827576,0.000978,-0.006345,0.013571,-0.19465,0.221522,0.187473,-1.409466,0.025112,0.055894,-0.017517,0.491895,0.690748,0.530005,-0.859248,0.483353,0.167515,-0.140469,-0.537806,0.831283,0.000465,-0.003269,0.006674,-0.27557,0.317099,0.243685,-0.929901,0.056306,0.049548,-0.054298,0.163977,-0.264329,-0.950389,-0.208302,0.932428,-0.295273,0.96422,0.246387,0.097837,-0.006388,-0.004056,0.015491,-0.25232,0.041344,-0.665992,0.485444
771,0.106646,-0.003319,0.306344,-0.173871,0.202863,-0.963671,0.211686,-0.947951,-0.237803,-0.96154,-0.245603,0.123076,-0.014411,-0.022596,0.035266,0.260098,-0.101017,-0.879382,0.503204,-0.202071,0.004288,0.281554,-0.501016,-0.679759,0.535632,0.852974,-0.492262,0.173345,0.146453,0.544581,0.82574,0.001171,-0.004571,0.01564,-0.03728,0.000928,0.010121,-1.409437,0.025072,0.055784,-0.017232,0.488742,0.69123,0.532288,-0.861751,0.477654,0.170969,-0.136071,-0.54226,0.829118,0.000401,0.00376,0.004417,0.015853,-0.032138,0.015246,-0.93137,0.05599,0.04914,-0.053554,0.18925,-0.194259,-0.962521,-0.247209,0.939236,-0.238165,0.9503,0.283017,0.129728,-0.007262,-0.011438,0.017519,0.243902,-0.037746,-0.87906,0.488056
772,0.106189,-0.003886,0.307129,-0.185107,0.164508,-0.968875,0.242207,-0.947814,-0.207261,-0.95218,-0.273246,0.136807,-0.03001,-0.033067,0.043283,0.233812,0.219951,-1.142095,0.510066,-0.20204,0.004255,0.281814,-0.503236,-0.678356,0.535329,0.852144,-0.492189,0.177583,0.143636,0.546394,0.825036,0.001064,-0.005545,0.014487,-0.24367,0.306769,0.218175,-1.409154,0.025088,0.055772,-0.017098,0.490166,0.691263,0.530935,-0.861366,0.477357,0.173717,-0.133361,-0.54248,0.829415,0.000589,-0.002135,0.007991,-0.446307,0.618134,0.197613,-0.93186,0.055773,0.04887,-0.053178,0.198004,-0.156101,-0.967691,-0.277844,0.937807,-0.208132,0.939997,0.310079,0.142318,-0.007773,-0.017714,0.020799,1.000157,1.336556,-3.201179,0.493608
773,0.105016,-0.005197,0.30866,-0.194075,0.078486,-0.977865,0.3219,-0.936484,-0.139106,-0.926433,-0.341878,0.1577,-0.03116,-0.037,0.039001,-0.595102,1.186212,-3.560735,0.514266,-0.201993,0.004232,0.282289,-0.506722,-0.677439,0.5332,0.850956,-0.491913,0.18393,0.138309,0.547779,0.825028,0.001169,-0.004568,0.015611,-0.060591,0.138365,-0.134165,-1.409306,0.025112,0.055758,-0.016862,0.494559,0.689001,0.529799,-0.85971,0.477366,0.181712,-0.127709,-0.545341,0.828427,0.000394,0.003683,0.004306,0.009669,-0.014013,0.029145,-0.933493,0.055188,0.048218,-0.052409,0.204301,-0.072534,-0.976216,-0.357648,0.922778,-0.143412,0.911234,0.378442,0.162583,-0.01576,-0.019097,0.018904,-0.062484,0.257196,-0.956637,0.504549
774,0.103742,-0.006825,0.31004,-0.190461,0.014945,-0.981604,0.381858,-0.919993,-0.088153,-0.90415,-0.39165,0.170737,-0.018255,-0.044421,0.031766,-0.060989,0.149475,-1.244065,0.503581,-0.201899,0.004287,0.282774,-0.506456,-0.677417,0.533479,0.851191,-0.491334,0.184389,0.137829,0.548327,0.824745,0.001171,-0.004529,0.01563,-0.034667,-0.00274,0.007183,-1.409258,0.025158,0.055785,-0.016621,0.494179,0.689167,0.529938,-0.859984,0.476806,0.181884,-0.12733,-0.545622,0.828301,0.000573,-0.002315,0.007757,-0.034717,-0.003841,0.005301,-0.933657,0.054558,0.047423,-0.051727,0.197843,-0.007383,-0.980205,-0.417172,0.904258,-0.091012,0.887031,0.426921,0.175821,-0.016539,-0.021741,0.016033,0.400489,0.093773,-1.425149,0.503732
775,0.102734,-0.008394,0.311155,-0.195121,-0.034238,-0.980205,0.448297,-0.891976,-0.058137,-0.872086,-0.450733,0.190613,-0.01756,-0.033403,0.023542,0.387606,0.523934,-0.846283,0.484313,-0.201875,0.004234,0.283229,-0.506655,-0.677976,0.532579,0.851487,-0.490055,0.186412,0.135232,0.54878,0.824873,0.001039,-0.005733,0.014212,-0.045189,0.116337,-0.151758,-1.409212,0.02517,0.055765,-0.016394,0.494343,0.68976,0.529013,-0.860274,0.475511,0.183893,-0.124709,-0.546003,0.828448,0.000479,-0.003154,0.006772,-0.046946,0.133916,-0.17618,-0.93529,0.054046,0.046625,-0.05117,0.199093,0.042197,-0.979071,-0.481528,0.874357,-0.060235,0.853517,0.483443,0.194397,-0.016578,-0.021483,0.016097,5.410061,0.880788,-1.887243,0.483321
776,0.102425,-0.008984,0.311636,-0.194594,-0.058729,-0.979147,0.485738,-0.872969,-0.044228,-0.851925,-0.484151,0.199621,-0.01588,-0.01908,0.018892,0.412597,0.48195,-0.809608,0.47234,-0.201868,0.00417,0.283469,-0.506164,-0.677998,0.533018,0.851821,-0.489401,0.186603,0.134965,0.549338,0.824546,0.000981,-0.00626,0.013593,-0.03619,0.014506,-0.015855,-1.409362,0.025174,0.055732,-0.016267,0.493742,0.68979,0.529535,-0.860659,0.474749,0.18406,-0.124434,-0.546628,0.828077,-0.006701,-0.002517,0.007937,-0.037186,0.012377,-0.022948,-0.935453,0.053883,0.046305,-0.050925,0.197689,0.067669,-0.977925,-0.519413,0.853286,-0.045956,0.831341,0.517033,0.203833,-0.008526,-0.015695,0.01291,1.535837,0.465384,-0.914845,0.466666
777,0.10178,-0.009812,0.312479,-0.191867,-0.097426,-0.976597,0.52851,-0.848693,-0.019222,-0.826719,-0.519716,0.215543,-0.015641,-0.018112,0.019949,-0.07488,0.45783,-0.711636,0.448035,-0.201847,0.004,0.283914,-0.505318,-0.678026,0.533785,0.852418,-0.488181,0.187074,0.134363,0.55039,0.823942,0.000493,0.004559,0.005279,0.001528,-0.017217,0.023058,-1.40954,0.025185,0.055644,-0.01604,0.492862,0.68982,0.530314,-0.861257,0.47347,0.184554,-0.123779,-0.547697,0.827469,0.000229,0.002188,0.002533,0.001162,-0.017324,0.02249,-0.935453,0.053555,0.045886,-0.050494,0.193405,0.106969,-0.975269,-0.561721,0.827067,-0.020681,0.804402,0.55183,0.220046,-0.00783,-0.009061,0.010001,-0.081612,0.458634,-0.710097,0.432538
778,0.101149,-0.010161,0.312976,-0.206223,-0.128017,-0.970118,0.529923,-0.848029,-0.000797,-0.822329,-0.514102,0.243931,-0.015092,-0.007922,0.010771,-0.034199,0.666723,-0.378572,0.412516,-0.201855,0.003818,0.284267,-0.506509,-0.678503,0.532047,0.852177,-0.487602,0.189664,0.131362,0.550315,0.824476,0.000758,-0.008314,0.011201,-0.034663,-0.002724,0.007193,-1.408969,0.025181,0.055556,-0.015868,0.494027,0.690322,0.528574,-0.861015,0.472903,0.187125,-0.120788,-0.547555,0.828005,0.000327,-0.004575,0.005118,-0.036292,0.014581,-0.016403,-0.934963,0.053245,0.045718,-0.050246,0.206201,0.137641,-0.96878,-0.563075,0.826401,-0.002436,0.800266,0.545999,0.247907,-0.000275,-0.005029,0.004676,-0.038592,0.794051,-0.319403,0.390245
779,0.100709,-0.010221,0.313173,-0.212492,-0.16686,-0.962834,0.557595,-0.829838,0.020698,-0.802185,-0.532274,0.270574,-0.014347,0.002891,0.002267,0.041314,0.413093,-0.495826,0.377044,-0.201888,0.003687,0.284572,-0.504985,-0.680422,0.531044,0.85313,-0.486558,0.188058,0.131045,0.548869,0.82549,0.000329,0.003042,0.003513,0.002168,-0.00311,-0.00246,-1.409478,0.025164,0.055489,-0.015717,0.492402,0.692337,0.527455,-0.86198,0.471835,0.185365,-0.120537,-0.54593,0.829113,0.000148,0.001418,0.001639,-0.012959,0.011001,0.003235,-0.93529,0.053025,0.045683,-0.050145,0.212058,0.176272,-0.961227,-0.589733,0.807398,0.017961,0.779259,0.563059,0.275169,-0.007149,0.001553,0.00127,0.47115,0.372029,-0.627773,0.335706
780,0.100503,-0.010191,0.313209,-0.21729,-0.187798,-0.957895,0.559378,-0.828139,0.035414,-0.799649,-0.527905,0.28619,-0.014431,0.002595,0.001941,-0.037208,0.899754,-0.700847,0.370513,-0.201903,0.003654,0.284675,-0.504744,-0.680438,0.531253,0.85329,-0.486247,0.188134,0.130926,0.549125,0.825338,0.000247,0.002279,0.00263,3.7e-05,-5.4e-05,-4.2e-05,-1.409269,0.025157,0.055471,-0.015659,0.492192,0.692258,0.527753,-0.862128,0.471472,0.185602,-0.120336,-0.546343,0.82887,0.000116,0.001111,0.001283,-0.002334,0.002261,0.000972,-0.935453,0.052917,0.0457,-0.050126,0.214646,0.198224,-0.956364,-0.591817,0.80535,0.034096,0.776967,0.558675,0.290178,-0.007223,0.001268,0.000953,-0.028148,0.982625,-0.665829,0.316112
781,0.100012,-0.00997,0.313251,-0.215153,-0.227586,-0.949715,0.564671,-0.822401,0.069098,-0.796504,-0.521135,0.306637,-0.014062,0.003878,0.003328,-0.014697,0.448284,-0.722423,0.362031,-0.20196,0.003588,0.28479,-0.504144,-0.68049,0.531755,0.853655,-0.48562,0.188095,0.130853,0.549615,0.825024,0.000408,-0.011531,0.007485,-0.036192,0.014456,-0.015894,-1.409596,0.025129,0.055444,-0.015603,0.49161,0.692287,0.528259,-0.86247,0.470857,0.185573,-0.120265,-0.546838,0.828555,9e-06,0.000103,0.000121,-4.7e-05,5.7e-05,3e-05,-0.93529,0.052671,0.045808,-0.050107,0.211509,0.237908,-0.947978,-0.596867,0.799497,0.067474,0.773959,0.551546,0.3111,-0.007019,0.00199,0.001729,-0.015289,0.438505,-0.71625,0.292434
782,0.099404,-0.009655,0.313417,-0.212933,-0.262902,-0.941056,0.570137,-0.815572,0.098784,-0.793204,-0.515178,0.324726,-0.013172,0.006945,0.006646,-0.025831,0.461427,-0.740234,0.36814,-0.202047,0.003552,0.2848,-0.503233,-0.680583,0.532499,0.854159,-0.484886,0.187701,0.131073,0.550149,0.824633,-0.000159,-0.001463,-0.001688,-0.01208,0.13561,-0.182506,-1.409485,0.025085,0.055423,-0.015594,0.490815,0.692357,0.528905,-0.862902,0.470187,0.185264,-0.120415,-0.547324,0.828212,-2.7e-05,-0.000242,-0.000277,-2e-06,1e-05,1.8e-05,-0.935453,0.052376,0.045957,-0.050032,0.207963,0.271765,-0.939624,-0.601998,0.792701,0.096033,0.77094,0.545681,0.328454,-0.00652,0.003648,0.003531,-0.214417,0.916772,-1.422841,0.293741
783,0.099169,-0.009528,0.313555,-0.211951,-0.278139,-0.936889,0.572323,-0.812375,0.111642,-0.791892,-0.512203,0.332538,-0.01312,0.007103,0.006808,-0.007384,0.330948,-0.53551,0.37282,-0.202149,0.003527,0.284763,-0.502736,-0.680648,0.532884,0.854427,-0.484521,0.187427,0.131239,0.55039,0.824446,-0.014702,-0.001868,-0.001299,-0.002045,0.015205,-0.029245,-1.409464,0.02504,0.05541,-0.015613,0.490207,0.69242,0.529386,-0.863219,0.469732,0.184938,-0.120615,-0.547635,0.827977,-0.000143,-0.001315,-0.001516,-0.00153,0.017165,-0.023082,-0.936106,0.052254,0.046025,-0.049959,0.206286,0.287741,-0.935227,-0.604209,0.789257,0.109558,0.76966,0.542473,0.336668,-0.006416,0.004074,0.003981,-0.007119,0.312766,-0.506432,0.297496
784,0.09857,-0.009341,0.313975,-0.207207,-0.306805,-0.928968,0.575991,-0.805777,0.137587,-0.790494,-0.506194,0.344838,-0.013664,-0.002932,0.01612,-0.049086,0.296632,-0.549882,0.381422,-0.202298,0.003446,0.284693,-0.502133,-0.680731,0.533347,0.854758,-0.484046,0.187142,0.131387,0.550706,0.824211,-0.000185,-0.001689,-0.00195,0.0,-0.0,-0.0,-1.409427,0.024959,0.055366,-0.015652,0.489583,0.692498,0.529862,-0.863553,0.469234,0.184646,-0.120762,-0.547964,0.827738,-9.5e-05,-0.000875,-0.001008,-1e-05,-1.5e-05,1.7e-05,-0.937249,0.051955,0.046123,-0.049751,0.200078,0.316163,-0.927366,-0.607692,0.782498,0.135664,0.768555,0.53641,0.348691,-0.006419,0.00404,0.003933,-0.003686,0.205504,-0.373372,0.308927
785,0.097705,-0.00936,0.314626,-0.202653,-0.332964,-0.92093,0.578454,-0.799507,0.161716,-0.789882,-0.499537,0.355776,-0.014018,-0.004156,0.01477,-0.041807,0.234458,-0.388257,0.40275,-0.202501,0.003381,0.284629,-0.501456,-0.680834,0.533852,0.855127,-0.483527,0.186797,0.13157,0.551036,0.823961,-0.000162,-0.00147,-0.001699,0.0,-0.0,-0.0,-1.409406,0.024858,0.055333,-0.015684,0.488905,0.692591,0.530367,-0.863912,0.468707,0.184304,-0.120939,-0.548298,0.827491,-9.7e-05,-0.000886,-0.00102,-8e-06,2e-06,7e-06,-0.937249,0.051534,0.046123,-0.049431,0.19451,0.341891,-0.919388,-0.610046,0.776134,0.159555,0.76812,0.529834,0.359535,-0.014194,-0.000679,0.008454,-0.032733,0.269376,-0.399846,0.327542
786,0.097225,-0.009525,0.315008,-0.19918,-0.343779,-0.917708,0.578863,-0.796882,0.172822,-0.790469,-0.496385,0.358869,-0.015183,-0.016188,0.021939,-0.086628,0.209779,-0.430396,0.416049,-0.202591,0.003354,0.284603,-0.501098,-0.680884,0.534125,0.855322,-0.483253,0.186615,0.131669,0.551214,0.823826,-0.000121,-0.001099,-0.001271,0.0,-0.0,-0.0,-1.40966,0.024818,0.055319,-0.015698,0.48868,0.692624,0.53053,-0.864032,0.468532,0.184191,-0.120995,-0.548406,0.827412,-8.5e-05,-0.000772,-0.00089,-8e-06,1.1e-05,-0.0,-0.938066,0.051284,0.046041,-0.049232,0.190534,0.352849,-0.916075,-0.610405,0.773422,0.170945,0.768831,0.526606,0.362744,-0.01477,-0.006663,0.01207,-0.076102,0.120173,-0.253854,0.344198
787,0.096015,-0.010163,0.315926,-0.198091,-0.364276,-0.910004,0.579072,-0.792535,0.191142,-0.790591,-0.488649,0.369072,-0.044873,-0.013691,0.022741,-0.074401,0.184719,-0.289468,0.448293,-0.202756,0.003339,0.284596,-0.500517,-0.68097,0.53456,0.855638,-0.482807,0.186318,0.131827,0.551499,0.82361,-5.7e-05,-0.000517,-0.000598,-0.010502,0.118447,-0.159412,-1.409296,0.02473,0.055311,-0.015702,0.487963,0.692713,0.531073,-0.86441,0.467976,0.183829,-0.121189,-0.548768,0.827143,-2.8e-05,-0.000244,-0.000281,-0.010506,0.118436,-0.159424,-0.939372,0.050691,0.045723,-0.048772,0.188901,0.373417,-0.908226,-0.610626,0.768993,0.189168,0.769059,0.518853,0.373282,-0.015672,-0.013642,0.014611,-0.109117,0.290549,-0.438729,0.38649
788,0.094623,-0.011017,0.316886,-0.197432,-0.378549,-0.904304,0.578304,-0.789807,0.204303,-0.791318,-0.482164,0.375979,-0.031748,-0.028371,0.027985,-0.108061,0.187533,-0.275962,0.484008,-0.20291,0.003325,0.284589,-0.501688,-0.681518,0.532761,0.855294,-0.482719,0.188121,0.129582,0.550899,0.824368,-3.5e-05,-0.000314,-0.000364,-0.0,-0.0,0.0,-1.409325,0.024653,0.055304,-0.015705,0.489127,0.693274,0.529268,-0.864063,0.467904,0.185636,-0.11895,-0.548121,0.827896,-0.007259,-4e-05,0.000378,-0.001789,0.015581,-0.029497,-0.940515,0.049977,0.045288,-0.048285,0.187656,0.387829,-0.902426,-0.609804,0.766246,0.202497,0.770015,0.512304,0.38029,-0.015913,-0.014267,0.013926,-0.108476,0.187097,-0.274943,0.434987
789,0.093144,-0.011823,0.317832,-0.197225,-0.385535,-0.901393,0.576851,-0.789052,0.211212,-0.79243,-0.477841,0.379142,-0.0308,-0.016907,0.020141,-0.071134,0.065646,-0.090594,0.509195,-0.203031,0.00331,0.284578,-0.502532,-0.679662,0.534334,0.854814,-0.482832,0.19,0.129475,0.553089,0.822917,-4e-06,-3.4e-05,-4e-05,-0.004105,0.005985,0.004722,-1.409382,0.024598,0.055296,-0.015711,0.490083,0.691291,0.530974,-0.86355,0.46802,0.187716,-0.11874,-0.550519,0.826333,1e-06,4e-06,7e-06,0.013649,-0.010558,-0.001803,-0.939698,0.049249,0.04489,-0.047822,0.187172,0.394705,-0.89954,-0.608373,0.765549,0.209324,0.771264,0.508077,0.383417,-0.022662,-0.007191,0.010962,-0.072558,0.080448,-0.120029,0.477279
790,0.092461,-0.01221,0.318295,-0.197255,-0.387548,-0.900523,0.575911,-0.789148,0.213408,-0.793105,-0.476051,0.379981,-0.030818,-0.016835,0.020202,-0.071122,0.065673,-0.090588,0.511709,-0.203086,0.003305,0.284576,-0.502414,-0.679685,0.534416,0.854879,-0.482741,0.189939,0.129502,0.553141,0.822878,-0.014522,-9.7e-05,0.000727,-0.002115,0.015308,-0.029164,-1.409162,0.024571,0.055295,-0.015711,0.489934,0.691419,0.530945,-0.863621,0.467977,0.187495,-0.118833,-0.550396,0.826402,-2.6e-05,-0.000227,-0.000259,0.003226,-0.003305,-0.001616,-0.939862,0.048896,0.04469,-0.047584,0.187118,0.39679,-0.898633,-0.607415,0.765682,0.211607,0.772031,0.506248,0.384289,-0.015428,-0.008431,0.01011,-0.071491,0.065751,-0.090483,0.491975
791,0.091144,-0.012894,0.319137,-0.194543,-0.390618,-0.899786,0.573845,-0.789258,0.218505,-0.795273,-0.473351,0.378822,-0.030896,-0.016845,0.020156,-0.071879,0.063011,-0.092197,0.513382,-0.203154,0.003278,0.284548,-0.502096,-0.679726,0.534663,0.855052,-0.482498,0.189777,0.129594,0.553303,0.822755,-0.014554,-0.000365,0.000416,-0.002045,0.015205,-0.029245,-1.409554,0.024537,0.055281,-0.015725,0.489601,0.691483,0.531169,-0.863797,0.46773,0.187301,-0.118928,-0.550525,0.826303,-4.4e-05,-0.000393,-0.000453,-4.9e-05,-0.000101,-0.000195,-0.940515,0.048249,0.044354,-0.04717,0.184119,0.399659,-0.897982,-0.605371,0.765866,0.216736,0.774355,0.503707,0.382952,-0.015465,-0.008438,0.010083,-0.064657,0.07894,-0.083439,0.50161
792,0.089937,-0.013442,0.319859,-0.194606,-0.393336,-0.898588,0.572359,-0.789484,0.221565,-0.796327,-0.470716,0.379889,-0.030628,-0.015786,0.021266,-0.071075,0.065795,-0.090552,0.51437,-0.2032,0.003255,0.284525,-0.501722,-0.679765,0.534964,0.855255,-0.482215,0.189587,0.129709,0.553502,0.822603,-3.5e-05,-0.00031,-0.000359,-0.0,0.0,0.0,-1.40895,0.024508,0.055269,-0.015737,0.489201,0.691525,0.531483,-0.864008,0.46742,0.187102,-0.119041,-0.550737,0.826146,-1.4e-05,-0.000138,-0.000157,-8.5e-05,-3.5e-05,-0.000107,-0.942311,0.047645,0.044078,-0.046812,0.184239,0.402385,-0.896739,-0.603942,0.766148,0.219703,0.77544,0.501101,0.384172,-0.007545,-0.003552,0.005765,-0.035649,0.033329,-0.045008,0.504549
793,0.089452,-0.013603,0.320137,-0.194624,-0.394208,-0.898202,0.571829,-0.789585,0.222574,-0.796704,-0.469817,0.380213,-0.029726,-0.004903,0.012797,-0.036516,0.047628,-0.074823,0.514459,-0.203214,0.003233,0.284499,-0.501522,-0.679782,0.535129,0.855362,-0.482064,0.189486,0.129773,0.553612,0.822519,-0.000103,-0.000918,-0.001063,-0.0,0.0,0.0,-1.409197,0.024502,0.05526,-0.015748,0.488999,0.691541,0.531648,-0.864114,0.467265,0.187001,-0.119102,-0.550849,0.826063,-7.5e-05,-0.000681,-0.000788,-7e-05,-2.2e-05,-9.1e-05,-0.942148,0.047391,0.043992,-0.046663,0.184225,0.403332,-0.896316,-0.603389,0.76627,0.220795,0.775875,0.500152,0.384532,-0.014865,-0.002427,0.006444,-0.036718,0.04773,-0.074719,0.506019
794,0.088677,-0.013711,0.320586,-0.194595,-0.395618,-0.897588,0.571197,-0.789602,0.22413,-0.797164,-0.4686,0.380749,-0.01482,-0.006272,0.012362,-0.035521,0.032946,-0.045256,0.513918,-0.203254,0.003165,0.284422,-0.501036,-0.679827,0.535528,0.855623,-0.481696,0.189239,0.129927,0.553877,0.822315,-0.000283,-0.002509,-0.002907,-0.001517,0.017163,-0.023099,-1.409204,0.024482,0.055228,-0.015784,0.488527,0.691579,0.532032,-0.864362,0.466901,0.186765,-0.119244,-0.551109,0.825868,-9.3e-05,-0.000832,-0.000962,-4.8e-05,-1.8e-05,-6.3e-05,-0.943944,0.047003,0.043938,-0.046439,0.18414,0.404737,-0.8957,-0.602761,0.766313,0.222354,0.776383,0.49895,0.385069,-0.007402,-0.00309,0.006244,-0.035686,0.032988,-0.045199,0.506835
795,0.088233,-0.013645,0.320775,-0.194423,-0.398889,-0.896176,0.571062,-0.788833,0.227161,-0.797303,-0.467118,0.382276,0.000486,0.001511,0.001628,-0.0,0.0,-0.0,0.51406,-0.203297,0.003082,0.284313,-0.500723,-0.67986,0.535779,0.855789,-0.481473,0.189059,0.130045,0.554031,0.822193,-0.014804,-0.002487,-0.002049,-0.003561,0.032369,-0.052344,-1.409241,0.024466,0.055187,-0.015839,0.488232,0.691604,0.53227,-0.864513,0.466688,0.186596,-0.119354,-0.551257,0.825753,-0.00013,-0.001159,-0.001345,-3.2e-05,-8e-06,-4.9e-05,-0.945414,0.046787,0.04397,-0.046345,0.183836,0.408021,-0.894271,-0.602607,0.765542,0.225408,0.776574,0.497457,0.386611,9.3e-05,0.000306,0.000341,0.000618,-0.001946,0.002904,0.506998
796,0.088034,-0.013573,0.320808,-0.194131,-0.404797,-0.893587,0.571156,-0.787217,0.232468,-0.797307,-0.464752,0.385141,-0.014486,0.002728,0.001863,-0.002385,0.018357,-0.035016,0.513681,-0.203306,0.002993,0.284226,-0.500367,-0.679885,0.53608,0.855983,-0.481191,0.1889,0.130141,0.554246,0.822033,-0.000238,-0.002101,-0.002439,-0.0,0.0,0.0,-1.409442,0.024455,0.05514,-0.015885,0.487837,0.69163,0.532598,-0.864722,0.466371,0.18642,-0.119455,-0.551493,0.825581,-0.000135,-0.001201,-0.001392,-0.001541,0.017159,-0.023133,-0.946067,0.046688,0.044009,-0.046326,0.183301,0.413928,-0.891663,-0.602662,0.763911,0.230732,0.776658,0.495078,0.389485,-1.3e-05,-3.2e-05,-2.9e-05,-0.003395,0.008414,-0.012785,0.506508
797,0.087958,-0.013559,0.320818,-0.193997,-0.407733,-0.89228,0.571181,-0.786413,0.235113,-0.797322,-0.463542,0.386565,-0.014498,0.002693,0.001824,-0.000984,0.014715,-0.029553,0.513322,-0.20331,0.002953,0.284179,-0.500137,-0.679902,0.536273,0.856106,-0.481018,0.188784,0.130217,0.554376,0.821934,-0.000272,-0.002401,-0.002789,-0.001516,0.017163,-0.023099,-1.409663,0.024453,0.055121,-0.015907,0.487623,0.691643,0.532777,-0.864833,0.466207,0.186313,-0.119522,-0.551615,0.82549,-8e-05,-0.00072,-0.000834,-2.4e-05,-1.2e-05,-2.2e-05,-0.94623,0.046649,0.044015,-0.046322,0.183048,0.41682,-0.890367,-0.602668,0.763112,0.233345,0.776713,0.493883,0.39089,-1.2e-05,-3.1e-05,-3e-05,0.000847,-0.002483,0.003682,0.506508
798,0.087836,-0.013505,0.320866,-0.193638,-0.416215,-0.888434,0.571202,-0.784069,0.242767,-0.797395,-0.459956,0.390678,0.000385,0.001193,0.001285,-0.00042,0.001093,-0.001639,0.512581,-0.203317,0.00289,0.284106,-0.499842,-0.679923,0.536521,0.856263,-0.480796,0.188634,0.130314,0.554542,0.821806,-0.000169,-0.001494,-0.001736,-0.0,0.0,0.0,-1.409445,0.02445,0.055087,-0.015946,0.48731,0.691662,0.533039,-0.864996,0.465968,0.186157,-0.119622,-0.551793,0.825357,-0.000101,-0.000897,-0.00104,-3.3e-05,-1.8e-05,-2e-06,-0.946557,0.046582,0.04404,-0.0463,0.182331,0.425329,-0.886481,-0.602641,0.760736,0.241046,0.776903,0.49028,0.395027,-0.007004,0.002116,0.001743,-0.00081,0.013895,-0.028482,0.505529
799,0.087762,-0.013343,0.321032,-0.193363,-0.422188,-0.885671,0.571272,-0.782332,0.248146,-0.797412,-0.457459,0.393564,0.001526,0.004723,0.00508,0.000371,-0.014738,0.024745,0.511754,-0.203324,0.002833,0.284039,-0.499449,-0.679952,0.536851,0.856473,-0.480501,0.188435,0.130443,0.554763,0.821636,-0.000184,-0.001628,-0.001893,-0.0,0.0,0.0,-1.409209,0.024446,0.055059,-0.015979,0.486917,0.691686,0.533369,-0.865201,0.465667,0.185959,-0.119747,-0.552018,0.825188,-9.4e-05,-0.000836,-0.000973,-1.5e-05,3e-06,-1.1e-05,-0.94672,0.046544,0.044117,-0.046222,0.181808,0.431282,-0.883708,-0.602672,0.758986,0.246423,0.777001,0.487785,0.397912,0.000721,0.002244,0.002416,0.00127,-0.003603,0.005266,0.504549
800,0.087693,-0.013237,0.321139,-0.193224,-0.425119,-0.884298,0.571298,-0.781469,0.250794,-0.797427,-0.456217,0.394972,-0.013061,0.007103,0.006558,-0.000984,0.014715,-0.029554,0.511946,-0.203327,0.002804,0.284006,-0.499252,-0.679966,0.537015,0.856577,-0.480353,0.188335,0.130508,0.554874,0.821551,-0.000153,-0.001349,-0.00157,-0.010465,0.118446,-0.159415,-1.409107,0.024445,0.055045,-0.015996,0.486834,0.691691,0.533438,-0.865243,0.465604,0.185918,-0.119773,-0.552065,0.825153,-9.1e-05,-0.000813,-0.000946,-7e-06,4e-06,-1.3e-05,-0.94672,0.046515,0.044171,-0.046166,0.181556,0.434151,-0.882354,-0.602672,0.758137,0.249024,0.77706,0.486559,0.399295,0.000859,0.002672,0.002874,0.001406,-0.01771,0.029105,0.503896
801,0.087537,-0.013022,0.321399,-0.192995,-0.430578,-0.881704,0.571218,-0.779911,0.255775,-0.79754,-0.453753,0.397573,0.001707,0.005273,0.005654,-0.172737,0.449942,-0.674259,0.510998,-0.203324,0.002735,0.283925,-0.499074,-0.679976,0.537168,0.856672,-0.48022,0.188246,0.130569,0.554977,0.821472,-0.000202,-0.001782,-0.002075,0.0,0.0,0.0,-1.409137,0.024447,0.055011,-0.016035,0.486541,0.691705,0.533686,-0.865395,0.465381,0.185772,-0.119868,-0.552235,0.825025,-0.000124,-0.001102,-0.001281,-1.5e-05,-2.6e-05,3e-06,-0.947047,0.046432,0.04428,-0.046035,0.18116,0.4388,-0.880133,-0.602574,0.756803,0.253283,0.777228,0.484461,0.401512,-0.006157,0.004517,0.004325,-0.575264,1.500404,-2.250282,0.503569
802,0.087426,-0.012738,0.321719,-0.192789,-0.435746,-0.879205,0.571111,-0.778422,0.260505,-0.797666,-0.451366,0.400029,0.00222,0.006854,0.007329,-0.172348,0.435155,-0.649532,0.505435,-0.203331,0.002681,0.283847,-0.498676,-0.680006,0.5375,0.856881,-0.479935,0.188022,0.130721,0.555187,0.821306,-9.8e-05,-0.000861,-0.001003,0.0,0.0,0.0,-1.409184,0.024443,0.054982,-0.016077,0.486142,0.691729,0.534018,-0.865598,0.465091,0.18555,-0.120017,-0.552449,0.824861,-5.2e-05,-0.000476,-0.000555,-1.8e-05,-1e-06,0.0,-0.947536,0.046376,0.044421,-0.045876,0.180737,0.443978,-0.877619,-0.602436,0.755306,0.258034,0.777433,0.482074,0.40398,0.001137,0.003348,0.003597,-0.574215,1.485155,-2.220319,0.49867
803,0.087389,-0.012513,0.321996,-0.192821,-0.43539,-0.879375,0.570985,-0.778604,0.260237,-0.797749,-0.451396,0.39983,0.001537,0.004745,0.005061,-0.0,0.0,-0.0,0.49428,-0.203343,0.00267,0.283834,-0.498509,-0.68002,0.537637,0.85697,-0.479809,0.187937,0.130774,0.555279,0.821236,-0.0,-3e-06,-3e-06,0.0,0.0,0.0,-1.409214,0.024437,0.054976,-0.016083,0.485975,0.691741,0.534155,-0.865685,0.464963,0.185465,-0.120068,-0.552542,0.824791,5e-06,4.6e-05,5.3e-05,-9e-06,-9e-06,-7e-06,-0.947863,0.046359,0.044536,-0.045734,0.180724,0.444386,-0.877416,-0.602301,0.755267,0.258464,0.777542,0.481758,0.404149,0.000809,0.002514,0.002681,0.000377,-0.014858,0.024977,0.490669
804,0.087415,-0.012439,0.32209,-0.190057,-0.435018,-0.880161,0.570592,-0.778473,0.261489,-0.798696,-0.451981,0.397271,0.001227,0.003789,0.004037,-0.010861,-0.03668,-0.021658,0.481619,-0.203344,0.002664,0.283828,-0.498378,-0.68003,0.537746,0.85704,-0.479711,0.187871,0.130817,0.555352,0.821179,-4.9e-05,-0.000431,-0.000502,0.0,0.0,0.0,-1.409068,0.024436,0.054975,-0.016085,0.485844,0.691749,0.534264,-0.865752,0.464864,0.1854,-0.12011,-0.552616,0.824735,-2.9e-05,-0.00026,-0.000301,-3e-06,1.3e-05,-2.4e-05,-0.948189,0.046373,0.044578,-0.045682,0.177692,0.443861,-0.8783,-0.601805,0.755175,0.259885,0.778623,0.482387,0.401307,0.00059,0.001838,0.001956,0.003668,-0.009991,-0.007593,0.479239
805,0.087454,-0.012323,0.322228,-0.190086,-0.434759,-0.880282,0.570527,-0.778591,0.261277,-0.798736,-0.452026,0.39714,0.00076,0.002348,0.002499,-2e-06,-7e-06,-4e-06,0.461847,-0.203332,0.002661,0.283839,-0.498175,-0.68004,0.537921,0.85715,-0.479545,0.18779,0.130864,0.555483,0.821083,1e-06,5e-06,6e-06,0.0,0.0,0.0,-1.408639,0.024442,0.054973,-0.01608,0.485641,0.691756,0.534439,-0.86586,0.464695,0.18532,-0.120155,-0.552749,0.824639,1e-06,8e-06,1e-05,-1.1e-05,-7e-06,-1.1e-05,-0.948679,0.046392,0.044634,-0.045615,0.178004,0.44365,-0.878343,-0.601855,0.755263,0.259512,0.778514,0.482441,0.401453,0.000262,0.000826,0.000879,0.000441,0.001167,0.000672,0.452786
806,0.087427,-0.0123,0.322251,-0.19291,-0.43448,-0.879806,0.570785,-0.779001,0.259486,-0.79787,-0.451589,0.39937,-5.8e-05,-0.000178,-0.000189,7e-05,0.000238,0.00014,0.444874,-0.203311,0.002664,0.283825,-0.497869,-0.680057,0.538183,0.857309,-0.47933,0.187613,0.13099,0.555648,0.820952,-1.1e-05,-0.0001,-0.000116,0.0,0.0,0.0,-1.409093,0.024453,0.054974,-0.016087,0.485334,0.691769,0.5347,-0.866015,0.464476,0.185144,-0.120279,-0.552916,0.824509,-4e-06,-4.7e-05,-5.4e-05,-1.2e-05,-7e-06,-7e-06,-0.949169,0.046379,0.044648,-0.045601,0.180916,0.443462,-0.877843,-0.602118,0.755687,0.257661,0.777638,0.481951,0.403732,-0.007293,0.001132,0.000677,-0.003862,0.009353,-0.03237,0.427312
807,0.087421,-0.012317,0.322232,-0.192905,-0.434538,-0.879778,0.570795,-0.778977,0.259535,-0.797864,-0.451574,0.399399,-0.000241,-0.000743,-0.000791,1e-06,3e-06,2e-06,0.438208,-0.203311,0.002664,0.283825,-0.497755,-0.680065,0.538278,0.85737,-0.479244,0.187555,0.131028,0.555712,0.820902,-0.0,-1e-06,-1e-06,0.0,0.0,0.0,-1.409075,0.024453,0.054974,-0.016087,0.48522,0.691776,0.534796,-0.866074,0.464389,0.185087,-0.120315,-0.552981,0.82446,2e-06,6e-06,9e-06,-9e-06,-7e-06,-7e-06,-0.949333,0.046376,0.044639,-0.045612,0.180858,0.443516,-0.877828,-0.602113,0.755664,0.25774,0.777656,0.481938,0.403715,-0.000175,-0.000539,-0.000574,-0.000361,-0.000777,-0.000428,0.415882
808,0.08744,-0.012325,0.32221,-0.192941,-0.434114,-0.879979,0.570743,-0.779138,0.259167,-0.797893,-0.451705,0.399195,-4e-06,-1.1e-05,-1.2e-05,0.0,0.0,0.0,0.424632,-0.20331,0.002675,0.283838,-0.497445,-0.680087,0.538537,0.857534,-0.479012,0.187398,0.131129,0.555886,0.820768,2e-06,1.5e-05,1.7e-05,0.0,0.0,0.0,-1.408806,0.024453,0.05498,-0.016079,0.484911,0.691793,0.535054,-0.866234,0.464153,0.184931,-0.120413,-0.553158,0.824327,0.0,2e-06,2e-06,-1.1e-05,8e-06,-1.2e-05,-0.948516,0.046384,0.044632,-0.045626,0.180905,0.443093,-0.878032,-0.602063,0.755828,0.257378,0.777684,0.48207,0.403503,-0.0,-5e-06,-4e-06,4.5e-05,3e-06,-6.5e-05,0.39743
809,0.087498,-0.012315,0.32221,-0.192984,-0.43368,-0.880184,0.57069,-0.779303,0.258788,-0.79792,-0.451838,0.398989,4.1e-05,0.000126,0.000135,0.0,0.0,0.0,0.401925,-0.203311,0.00267,0.283832,-0.497315,-0.680096,0.538646,0.857603,-0.478914,0.187332,0.131172,0.555959,0.820712,-2e-06,-2e-05,-2.3e-05,0.0,0.0,0.0,-1.409234,0.024453,0.054977,-0.016083,0.48478,0.6918,0.535163,-0.866301,0.464053,0.184865,-0.120454,-0.553232,0.824271,-3e-06,-1e-05,-1.3e-05,-1.6e-05,-1e-06,-5e-06,-0.949496,0.046414,0.044637,-0.045626,0.180966,0.442662,-0.878237,-0.602015,0.755995,0.256999,0.777707,0.482205,0.403298,2.3e-05,7.3e-05,7.7e-05,4.8e-05,-1.8e-05,-1.9e-05,0.37261
810,0.087597,-0.012317,0.322185,-0.195815,-0.433428,-0.879683,0.570989,-0.779678,0.256993,-0.797013,-0.451434,0.401254,-7.5e-05,-0.000231,-0.000246,0.000302,0.001028,0.000607,0.370312,-0.203311,0.00267,0.283832,-0.497201,-0.680104,0.538741,0.857664,-0.478828,0.187274,0.131209,0.556023,0.820662,-0.0,-0.0,-0.0,0.0,0.0,0.0,-1.408779,0.024453,0.054977,-0.016083,0.484665,0.691806,0.535259,-0.86636,0.463966,0.184808,-0.120491,-0.553297,0.824222,-0.0,1e-06,2e-06,-6e-06,-2e-06,-1.2e-05,-0.950149,0.046464,0.044636,-0.045638,0.183919,0.442524,-0.877693,-0.602338,0.756369,0.255135,0.776763,0.481744,0.40566,0.007171,-0.00151,-0.001086,-0.004222,-0.024362,0.024505,0.33342
811,0.087626,-0.012335,0.322168,-0.198613,-0.433512,-0.879014,0.571299,-0.77994,0.255505,-0.796094,-0.450901,0.403669,-0.00014,-0.000434,-0.000462,0.005638,0.019167,0.01132,0.351514,-0.203311,0.00267,0.283832,-0.497201,-0.680104,0.538741,0.857664,-0.478828,0.187274,0.131209,0.556023,0.820662,-0.0,-0.0,-0.0,0.0,0.0,0.0,-1.408875,0.024453,0.054977,-0.016083,0.484665,0.691807,0.535259,-0.86636,0.463966,0.184808,-0.12049,-0.553298,0.824222,1e-06,1e-06,2e-06,-4e-06,-3e-06,-8e-06,-0.949986,0.046472,0.044629,-0.045645,0.186904,0.442755,-0.876945,-0.602719,0.756602,0.253538,0.775755,0.481165,0.408269,-0.000107,-0.000331,-0.000354,-0.007636,-0.002592,0.000339,0.310396
812,0.087677,-0.012357,0.322149,-0.207014,-0.433496,-0.877081,0.572156,-0.780832,0.250821,-0.793324,-0.449372,0.410766,-7e-06,-2.1e-05,-2.3e-05,0.107708,0.366074,0.216202,0.306888,-0.203311,0.00267,0.283832,-0.497086,-0.680112,0.538837,0.857724,-0.478743,0.187216,0.131246,0.556088,0.820613,-0.0,-0.0,-0.0,0.0,0.0,0.0,-1.409114,0.024453,0.054977,-0.016083,0.484551,0.691813,0.535354,-0.866419,0.463879,0.18475,-0.120527,-0.553363,0.824173,-0.0,0.0,0.0,-7e-06,3e-06,-1.2e-05,-0.950149,0.046503,0.044615,-0.045657,0.19389,0.443004,-0.875301,-0.603452,0.757321,0.249619,0.773467,0.479804,0.414169,4e-06,6e-06,6e-06,0.169794,0.489274,0.281759,0.252428
813,0.087759,-0.012385,0.322125,-0.212618,-0.433431,-0.875772,0.572696,-0.781448,0.24765,-0.791444,-0.448364,0.415467,-0.000104,-0.000321,-0.000342,0.146218,0.496968,0.293507,0.255628,-0.203311,0.00267,0.283832,-0.496972,-0.68012,0.538932,0.857784,-0.478657,0.187158,0.131283,0.556152,0.820563,-0.0,-0.0,-0.0,0.0,0.0,0.0,-1.408636,0.024453,0.054977,-0.016083,0.484437,0.691819,0.535449,-0.866478,0.463792,0.184693,-0.120563,-0.553428,0.824124,1e-06,0.0,2e-06,-1.8e-05,-2.2e-05,1e-06,-0.950312,0.046544,0.044602,-0.045668,0.198018,0.443093,-0.874332,-0.603773,0.757823,0.247306,0.772169,0.478927,0.41759,-6.5e-05,-0.0002,-0.000214,-0.00901,-0.017043,-0.008915,0.184336
814,0.087814,-0.012395,0.322118,-0.212638,-0.433319,-0.875822,0.572675,-0.781494,0.247552,-0.791454,-0.448391,0.41542,-2e-06,-5e-06,-5e-06,0.002136,0.007265,0.004291,0.230921,-0.2033,0.002669,0.283831,-0.496993,-0.680116,0.538918,0.857773,-0.478673,0.187169,0.131279,0.556143,0.82057,-0.0,-0.0,-0.0,0.0,0.0,0.0,-1.408857,0.024458,0.054977,-0.016083,0.484457,0.691815,0.535436,-0.866467,0.463808,0.184703,-0.120559,-0.553419,0.824131,1e-06,0.0,1e-06,-3e-06,-1.4e-05,-1.1e-05,-0.950312,0.046571,0.044596,-0.045672,0.200889,0.443062,-0.873692,-0.604039,0.758169,0.245592,0.771219,0.478408,0.419935,3e-06,8e-06,8e-06,-0.010289,-0.017124,-0.008591,0.148086
815,0.087957,-0.012388,0.322075,-0.215464,-0.432935,-0.875321,0.572954,-0.781895,0.245631,-0.790483,-0.448063,0.417616,-0.0,-0.0,-0.0,0.000218,0.000744,0.00044,0.165358,-0.2033,0.002664,0.283824,-0.496862,-0.680125,0.539028,0.857843,-0.478575,0.187102,0.131322,0.556217,0.820513,-8e-05,-0.000702,-0.000818,0.0,0.0,0.0,-1.408463,0.024458,0.054976,-0.016084,0.484326,0.691823,0.535545,-0.866535,0.463708,0.184638,-0.1206,-0.553494,0.824075,-6.2e-05,-0.000558,-0.00065,-1.1e-05,1.5e-05,-1.6e-05,-0.950476,0.046643,0.0446,-0.045693,0.203563,0.442776,-0.873218,-0.60428,0.758564,0.243771,0.770329,0.478047,0.421976,0.007224,-0.001341,-0.000909,-0.003326,-0.024032,0.024524,0.066603
816,0.088116,-0.012342,0.321999,-0.215496,-0.432351,-0.875602,0.573031,-0.782021,0.245052,-0.790419,-0.448409,0.417366,0.015407,0.008235,-0.010231,0.035501,-0.033011,0.045224,0.096872,-0.203302,0.002647,0.283804,-0.496812,-0.680128,0.539069,0.857869,-0.478537,0.187077,0.131338,0.556245,0.820491,-4.2e-05,-0.00037,-0.000431,0.0,0.0,0.0,-1.408642,0.024457,0.054966,-0.016097,0.484276,0.691825,0.535586,-0.866561,0.46367,0.184613,-0.120616,-0.553522,0.824053,-2.5e-05,-0.000225,-0.000262,-0.0,9e-06,-1.4e-05,-0.950476,0.046722,0.044623,-0.045731,0.203507,0.442192,-0.873527,-0.604352,0.758673,0.243254,0.770287,0.478414,0.421635,0.007704,0.004118,-0.005117,0.035906,-0.03331,0.044906,-0.033983
817,0.088183,-0.012319,0.321954,-0.215511,-0.432025,-0.87576,0.573073,-0.78209,0.244732,-0.790384,-0.448602,0.417225,-0.000232,-0.000724,-0.00077,0.0,0.0,0.0,0.062277,-0.203304,0.002629,0.283784,-0.496762,-0.680131,0.539111,0.857895,-0.4785,0.187052,0.131354,0.556273,0.82047,-0.000159,-0.001405,-0.001638,-0.001517,0.017163,-0.023099,-1.408516,0.024457,0.05496,-0.016104,0.484243,0.691827,0.535614,-0.866578,0.463645,0.184596,-0.120626,-0.553541,0.824039,-1.6e-05,-0.000145,-0.000171,-6e-06,-1.5e-05,-3e-06,-0.950476,0.046756,0.044636,-0.045752,0.20353,0.441869,-0.873685,-0.604402,0.758736,0.242934,0.770242,0.478613,0.421492,0.007068,-0.001828,-0.001428,0.001379,-0.01485,0.029336,-0.081174
818,0.08834,-0.012252,0.32184,-0.21551,-0.431552,-0.875993,0.573255,-0.782119,0.244214,-0.790253,-0.449007,0.417037,-9e-05,-0.00028,-0.000299,0.0,0.0,0.0,0.032927,-0.203306,0.002612,0.283764,-0.496713,-0.680135,0.539152,0.857921,-0.478463,0.187026,0.13137,0.5563,0.820448,-2.8e-05,-0.000244,-0.000284,0.0,0.0,0.0,-1.408755,0.024455,0.054948,-0.016117,0.484177,0.691831,0.535669,-0.866612,0.463594,0.184562,-0.120647,-0.553579,0.824011,-1.5e-05,-0.000129,-0.000152,3e-06,8e-06,-8e-06,-0.949986,0.046835,0.044668,-0.045811,0.203542,0.441399,-0.87392,-0.604592,0.75875,0.242416,0.77009,0.479023,0.421304,-4.5e-05,-0.000143,-0.000154,0.00029,-6.9e-05,-0.000152,-0.153512
819,0.088465,-0.012179,0.321731,-0.215497,-0.431146,-0.876196,0.57345,-0.782119,0.243756,-0.790115,-0.449397,0.416878,-0.000379,-0.001184,-0.00126,-0.00037,0.014771,-0.024744,0.017781,-0.203308,0.002595,0.283744,-0.496663,-0.680138,0.539194,0.857947,-0.478426,0.187001,0.131387,0.556328,0.820427,-3.1e-05,-0.000275,-0.000321,0.0,0.0,0.0,-1.408617,0.024454,0.05494,-0.016127,0.484127,0.691834,0.535711,-0.866638,0.463556,0.184538,-0.120662,-0.553607,0.823989,-2.2e-05,-0.000191,-0.000221,7e-06,-0.0,-7e-06,-0.949822,0.046898,0.044707,-0.045862,0.203543,0.440977,-0.874133,-0.604789,0.758745,0.24194,0.769934,0.479421,0.421135,5e-06,9e-06,6e-06,0.000194,-6.1e-05,-6.9e-05,-0.184374
820,0.088551,-0.012126,0.321614,-0.215483,-0.430745,-0.876397,0.573624,-0.782129,0.243314,-0.789993,-0.449764,0.416716,-0.000547,-0.001708,-0.001819,-0.000368,0.014779,-0.02474,-0.005851,-0.203309,0.002598,0.283732,-0.497778,-0.678221,0.540579,0.857322,-0.478765,0.188987,0.131247,0.558374,0.819058,-3e-06,-2.3e-05,-2.7e-05,-0.235285,0.349563,0.27548,-1.408572,0.024454,0.054941,-0.016133,0.484295,0.691552,0.535923,-0.866544,0.46362,0.184815,-0.120655,-0.553906,0.823789,-2e-06,3e-06,0.0,-0.27682,0.411184,0.324231,-0.949659,0.046941,0.044734,-0.045921,0.203542,0.440578,-0.874334,-0.604968,0.758743,0.241497,0.769794,0.47979,0.420972,-0.000102,-0.000323,-0.000347,0.000117,-2.8e-05,-3.8e-05,-0.214256
821,0.088577,-0.012136,0.32156,-0.215473,-0.43073,-0.876407,0.573684,-0.782098,0.243273,-0.789951,-0.449833,0.416718,-0.000679,-0.002122,-0.002261,-0.000368,0.014781,-0.024738,-0.018345,-0.203308,0.002604,0.283739,-0.497795,-0.67822,0.540565,0.857314,-0.478778,0.188995,0.131241,0.558364,0.819066,2e-06,1.9e-05,2.3e-05,-0.00344,0.00511,0.004027,-1.408885,0.024454,0.054944,-0.01613,0.485352,0.689807,0.537213,-0.865984,0.463908,0.186704,-0.120428,-0.555836,0.822522,1e-06,1.5e-05,1.8e-05,0.013353,-0.011234,-0.002977,-0.949659,0.046954,0.044729,-0.045947,0.203532,0.440563,-0.874344,-0.605029,0.758707,0.241456,0.769748,0.47986,0.420975,0.007039,-0.001916,-0.001524,0.001075,-0.014733,0.029536,-0.22732
822,0.088578,-0.012157,0.321419,-0.215435,-0.4307,-0.87643,0.573846,-0.782007,0.243181,-0.789844,-0.450017,0.416722,-0.000894,-0.002793,-0.002978,-0.000367,0.014786,-0.024735,-0.054207,-0.203309,0.002598,0.283732,-0.497778,-0.678221,0.540579,0.857322,-0.478765,0.188987,0.131247,0.558374,0.819058,-0.0,-2e-06,-2e-06,-1e-06,1e-06,1e-06,-1.408776,0.024454,0.054941,-0.016133,0.485295,0.689929,0.537108,-0.866007,0.463939,0.186525,-0.120497,-0.55566,0.822631,1e-06,5e-06,6e-06,-0.010191,0.118,-0.1598,-0.949659,0.046955,0.044719,-0.046018,0.203493,0.440533,-0.874368,-0.60519,0.758609,0.241363,0.769632,0.480043,0.420978,-0.000312,-0.000982,-0.001049,4.6e-05,-2.6e-05,-2.3e-05,-0.25165
