frame,MLTx,MLTy,MLTz,MLTR1,MLTR2,MLTR3,MLTR4,MLTR5,MLTR6,MLTR7,MLTR8,MLTR9,MLTTVx,MLTTVy,MLTTVz,MLTRVx,MLTRVy,MLTRVz,MLGA,MRTx,MRTy,MRTz,MRTR1,MRTR2,MRTR3,MRTR4,MRTR5,MRTR6,MRTR7,MRTR8,MRTR9,MRTTVx,MRTTVy,MRTTVz,MRTRVx,MRTRVy,MRTRVz,MRGA,SLTx,SLTy,SLTz,SLTR1,SLTR2,SLTR3,SLTR4,SLTR5,SLTR6,SLTR7,SLTR8,SLTR9,SLTTVx,SLTTVy,SLTTVz,SLTRVx,SLTRVy,SLTRVz,SLGA,SRTx,SRTy,SRTz,SRTR1,SRTR2,SRTR3,SRTR4,SRTR5,SRTR6,SRTR7,SRTR8,SRTR9,SRTTVx,SRTTVy,SRTTVz,SRTRVx,SRTRVy,SRTRVz,SRGA
4661,0.194482,0.041695,0.378725,0.058278,-0.538254,-0.840792,0.008973,-0.841905,0.539526,-0.998346,-0.038323,-0.043185,0.000999,-0.031148,-0.00206,-0.316834,0.564441,0.272337,0.505868,-0.112254,0.037685,0.363603,0.694596,0.049969,0.717656,-0.516857,0.728403,0.449692,-0.501127,-0.683335,0.530838,-0.035661,-0.012601,-0.004636,-0.008124,0.059945,-0.112658,0.539688,0.063212,0.041259,0.004624,-0.65825,0.03902,0.751786,0.443011,-0.787341,0.428757,0.608643,0.61528,0.500982,-0.011727,-0.005014,-0.002033,-0.00605,0.044605,-0.083468,0.518976,0.111668,0.045075,-0.051861,0.035369,-0.442317,-0.89616,0.053355,-0.894606,0.443656,-0.997948,-0.063507,-0.008042,0.000249,-0.010417,-0.005485,-1.239778,1.385175,0.097484,0.487403
4662,0.194438,0.041312,0.378525,0.039388,-0.527834,-0.84846,0.003576,-0.849036,0.528296,-0.999279,-0.023191,-0.030495,0.000465,-0.019715,-0.010402,0.209,0.588755,0.250577,0.51374,-0.112865,0.037504,0.363466,0.693355,0.050528,0.718816,-0.517911,0.728372,0.448527,-0.501755,-0.683327,0.530254,-0.025031,-0.000249,-0.013199,0.032026,0.025018,-0.037569,0.539765,0.062894,0.041161,0.004552,-0.656968,0.038269,0.752946,0.444062,-0.787444,0.42748,0.609263,0.615195,0.500332,-0.012464,-0.000381,-0.006739,0.031967,0.025007,-0.03759,0.518976,0.111646,0.044874,-0.05196,0.015609,-0.431577,-0.90194,0.047241,-0.900724,0.431813,-0.998761,-0.049349,0.006328,0.000241,-0.009878,-0.005194,0.263948,0.622382,0.487985,0.496058
4663,0.19452,0.040537,0.378102,0.000753,-0.503314,-0.86413,-0.006167,-0.864111,0.503236,-0.999995,0.005571,-0.002675,0.012547,-0.020292,-0.011205,0.221874,0.503051,0.467792,0.521261,-0.114002,0.03705,0.36307,0.690697,0.049164,0.721465,-0.519689,0.727356,0.448119,-0.50358,-0.684505,0.526994,-0.022025,-0.017912,-0.009135,-0.011559,0.063473,-0.105515,0.539771,0.062332,0.040947,0.004361,-0.654038,0.039506,0.755429,0.445899,-0.786565,0.427186,0.611071,0.616241,0.496828,-0.017194,-0.009846,-0.004558,0.004001,0.04814,-0.119675,0.518976,0.111687,0.044477,-0.052177,-0.024987,-0.406363,-0.913369,0.036925,-0.913406,0.405369,-0.999005,-0.023597,0.037827,0.006284,-0.010234,-0.005639,0.20054,0.459287,0.437638,0.51255
4664,0.195081,0.039796,0.377665,-0.037063,-0.478199,-0.877495,-0.028635,-0.877223,0.4792,-0.99887,0.043476,0.019915,0.01252,-0.016764,-0.009401,0.209673,0.525796,0.477068,0.520343,-0.115365,0.036266,0.362384,0.688657,0.04801,0.72349,-0.521358,0.726089,0.448233,-0.504646,-0.685928,0.524116,-0.033078,-0.027592,-0.014256,-0.153107,-0.437993,0.498447,0.539573,0.061668,0.040565,0.004029,-0.649712,0.039812,0.759136,0.44882,-0.785904,0.425341,0.613543,0.617065,0.492742,-0.017246,-0.009134,-0.011785,0.038381,0.056441,-0.124052,0.518976,0.111954,0.044111,-0.052392,-0.062408,-0.382156,-0.921987,0.013089,-0.924022,0.382113,-0.997964,0.011779,0.062669,0.006273,-0.008465,-0.004735,0.132156,0.621215,0.717707,0.518755
4665,0.195477,0.039578,0.377491,-0.058042,-0.466968,-0.882393,-0.045313,-0.881732,0.469539,-0.997226,0.067812,0.03112,0.023996,-0.001101,-0.015867,-1.248525,1.154665,0.546084,0.519692,-0.116046,0.035952,0.361928,0.688664,0.043382,0.723775,-0.520728,0.724062,0.452227,-0.505287,-0.688369,0.520285,-0.036387,-0.006973,-0.031785,-0.13989,0.231044,0.239283,0.540019,0.061316,0.04039,0.003797,-0.651455,0.043857,0.757418,0.447598,-0.783861,0.430367,0.612585,0.619384,0.49102,-0.017401,-0.008514,-0.011417,-0.331013,0.441517,0.203984,0.518976,0.112157,0.043985,-0.052483,-0.084328,-0.370379,-0.925044,-0.001966,-0.928287,0.371856,-0.996435,0.033177,0.077552,0.006116,-0.006071,-0.003723,-4.682487,3.070078,0.659589,0.518592
4666,0.196198,0.039311,0.37705,-0.106058,-0.443043,-0.89023,-0.07713,-0.888908,0.451514,-0.991246,0.117096,0.061215,0.011966,-0.002672,-0.016326,0.229507,0.573888,0.556806,0.522126,-0.117462,0.035573,0.360909,0.693073,0.030607,0.720211,-0.515768,0.718899,0.465942,-0.50435,-0.694423,0.513099,-0.037041,-0.003961,-0.029931,-0.188644,0.382656,0.110711,0.539692,0.06061,0.040191,0.003281,-0.654379,0.057557,0.753973,0.444001,-0.777866,0.444732,0.612087,0.625788,0.483463,-0.017659,-0.007429,-0.010764,-0.317277,0.418346,0.331554,0.519303,0.112522,0.043862,-0.052698,-0.133587,-0.347275,-0.928199,-0.036078,-0.934269,0.354738,-0.990379,0.080876,0.112278,0.006278,-0.007008,-0.003985,0.160045,0.915972,0.441395,0.520062
4667,0.197063,0.03903,0.376313,-0.154193,-0.422753,-0.893056,-0.108807,-0.891094,0.440551,-0.981854,0.165621,0.092517,0.024384,-0.010095,-0.020836,0.208413,0.498201,0.304083,0.521919,-0.11904,0.035177,0.359786,0.688122,0.017054,0.725389,-0.516403,0.713649,0.473253,-0.510448,-0.70026,0.498941,-0.048776,-0.010521,-0.033142,-0.153817,0.353079,0.05272,0.54026,0.059806,0.039998,0.002712,-0.647184,0.07099,0.759021,0.445737,-0.772485,0.45231,0.618442,0.631051,0.468297,-0.024324,-0.005529,-0.016719,-0.154672,0.355152,0.05379,0.520283,0.112949,0.043735,-0.053059,-0.182789,-0.32773,-0.926919,-0.068111,-0.936317,0.344485,-0.980789,0.126101,0.148826,0.012224,-0.00551,-0.010662,0.235192,0.570102,0.353739,0.521531
4668,0.198149,0.038495,0.375328,-0.189715,-0.401614,-0.895968,-0.127293,-0.894767,0.42797,-0.973331,0.195737,0.119746,0.02477,-0.017874,-0.025233,0.26203,0.719202,0.390833,0.522275,-0.120641,0.034873,0.358187,0.688777,0.007078,0.724932,-0.513133,0.710985,0.480757,-0.51286,-0.703121,0.492401,-0.036718,-0.006219,-0.047069,-0.029892,0.163202,0.161994,0.539922,0.059017,0.039856,0.001936,-0.646631,0.080913,0.758498,0.443209,-0.769438,0.459923,0.620832,0.633574,0.461681,-0.023742,-0.009484,-0.019381,-0.107885,0.309764,-0.014547,0.521099,0.113501,0.043466,-0.053558,-0.217808,-0.308076,-0.926092,-0.087303,-0.938919,0.332876,-0.972078,0.153354,0.177608,0.012419,-0.009302,-0.012818,0.316517,0.831786,0.454719,0.522347
4669,0.198699,0.038104,0.374852,-0.202776,-0.395642,-0.895765,-0.129068,-0.895978,0.424895,-0.970445,0.202259,0.131736,0.037569,-0.027194,-0.016337,0.219829,0.650627,0.367901,0.522367,-0.121395,0.03463,0.357217,0.689679,0.004398,0.724095,-0.511258,0.710953,0.482798,-0.513522,-0.703172,0.491637,-0.036001,-0.011161,-0.050451,0.078658,0.02266,0.070496,0.540153,0.058653,0.039747,0.001469,-0.647201,0.084125,0.757663,0.441399,-0.768978,0.462427,0.621528,0.633715,0.46055,-0.01791,-0.005952,-0.025435,0.106032,-9e-05,0.051966,0.521099,0.113753,0.043279,-0.053784,-0.229959,-0.30336,-0.924711,-0.089415,-0.93957,0.330471,-0.969083,0.158678,0.188937,0.012447,-0.00919,-0.012806,0.119014,0.259272,0.149317,0.522511
4670,0.199694,0.037368,0.374067,-0.228574,-0.383802,-0.894704,-0.144896,-0.895375,0.421048,-0.962415,0.226352,0.150166,0.024785,-0.012677,-0.022593,0.169876,0.392947,0.241011,0.522381,-0.122547,0.033867,0.355171,0.688191,0.002028,0.725521,-0.510054,0.712374,0.481977,-0.51671,-0.70174,0.490341,-0.021987,-0.019988,-0.057886,0.094315,0.084884,-0.120747,0.540148,0.05805,0.039355,0.000413,-0.645373,0.085892,0.759022,0.439899,-0.770555,0.46123,0.624485,0.631559,0.459512,-0.010869,-0.010582,-0.029308,0.101011,0.076786,-0.126061,0.521426,0.114265,0.04289,-0.054189,-0.2573,-0.291509,-0.921313,-0.105095,-0.939316,0.326556,-0.960599,0.180849,0.21105,0.018525,-0.006383,-0.011546,0.227296,0.519232,0.337839,0.522184
4671,0.200939,0.036741,0.373351,-0.249993,-0.366734,-0.896133,-0.168528,-0.894902,0.413185,-0.953174,0.254768,0.163034,0.037047,-0.009507,-0.021381,0.114369,0.247259,0.206395,0.522158,-0.123324,0.032874,0.352766,0.686497,-0.000353,0.727126,-0.508798,0.714015,0.480874,-0.520193,-0.700069,0.489045,-0.020902,-0.028239,-0.06412,-0.089884,0.251676,0.194038,0.540446,0.057669,0.038867,-0.000766,-0.643682,0.086717,0.760362,0.438439,-0.772557,0.459266,0.62725,0.628994,0.459261,-0.004048,-0.013659,-0.03231,-0.258872,0.509758,0.163742,0.521426,0.114883,0.042575,-0.054548,-0.279496,-0.274676,-0.920018,-0.128975,-0.938781,0.319459,-0.951444,0.207947,0.226959,0.018849,-0.010195,-0.006426,0.074938,0.328218,0.224535,0.522511
4672,0.201725,0.036441,0.373009,-0.264254,-0.354154,-0.897101,-0.188309,-0.893305,0.408065,-0.945579,0.2772,0.170489,0.037173,-0.010399,-0.021945,-1.364763,0.908158,0.481469,0.522145,-0.123623,0.032248,0.351487,0.685203,-9.7e-05,0.728347,-0.50882,0.715304,0.478932,-0.521878,-0.698753,0.489133,-0.007697,-0.030848,-0.067537,0.089786,0.102741,-0.138451,0.540073,0.057515,0.038556,-0.001404,-0.642069,0.087722,0.76161,0.438176,-0.773187,0.458455,0.629085,0.62808,0.458002,-0.010106,-0.01647,-0.033853,0.118244,-0.014921,0.016776,0.521262,0.115275,0.042429,-0.054716,-0.293695,-0.262701,-0.919092,-0.147332,-0.937565,0.315061,-0.944476,0.227943,0.236654,0.0249,-0.010468,-0.007043,-4.866028,2.505702,1.138817,0.522347
4673,0.203682,0.035609,0.372141,-0.292871,-0.324264,-0.899514,-0.216582,-0.893801,0.392662,-0.930954,0.310216,0.192662,0.051049,-0.034294,-0.021478,-0.006404,0.443626,0.258424,0.522115,-0.124298,0.030497,0.348804,0.680766,-0.009152,0.732438,-0.508981,0.713031,0.482139,-0.5275,-0.701,0.479798,-0.017268,-0.05522,-0.068622,-0.047116,0.181453,0.054702,0.540138,0.057174,0.037673,-0.002768,-0.636208,0.096168,0.7655,0.438892,-0.770901,0.46161,0.634517,0.629652,0.448247,-0.008501,-0.028219,-0.03472,-0.031971,0.166539,0.045037,0.521426,0.116248,0.042043,-0.055138,-0.323834,-0.232945,-0.916988,-0.177559,-0.937031,0.300741,-0.929302,0.26021,0.262081,0.025224,-0.012044,-0.015221,-0.270861,0.501339,0.563404,0.522348
4674,0.2062,0.033694,0.37095,-0.310271,-0.301019,-0.901757,-0.214339,-0.90198,0.374783,-0.925803,0.309936,0.216464,0.065312,-0.055969,-0.035084,0.131628,0.303187,0.383443,0.522348,-0.124922,0.028523,0.345825,0.677734,-0.022821,0.734947,-0.503436,0.713957,0.48657,-0.536657,-0.699726,0.47143,-0.006089,-0.044484,-0.079683,0.054925,0.075889,0.048185,0.539859,0.056866,0.03669,-0.004236,-0.631266,0.109652,0.767775,0.433535,-0.770952,0.46656,0.643078,0.627382,0.439138,-0.009355,-0.023529,-0.040096,0.087507,0.057747,-0.002996,0.521426,0.117501,0.041108,-0.05572,-0.342068,-0.210078,-0.915891,-0.175917,-0.943139,0.282029,-0.923061,0.257594,0.285661,0.03889,-0.028534,-0.018134,0.129827,0.409805,0.253568,0.522511
4675,0.209148,0.031408,0.369496,-0.324421,-0.282427,-0.902791,-0.212847,-0.908125,0.360524,-0.92127,0.309464,0.235628,0.078816,-0.056068,-0.036548,0.109805,0.222207,0.376741,0.520383,-0.125464,0.026631,0.342899,0.675561,-0.030158,0.736681,-0.501936,0.712919,0.489633,-0.54079,-0.700496,0.465526,-0.01879,-0.049967,-0.067515,0.057315,0.032132,-0.011073,0.540087,0.056604,0.035748,-0.00569,-0.628143,0.116566,0.769316,0.43229,-0.769803,0.469602,0.646962,0.627546,0.433156,-0.009282,-0.02541,-0.034036,0.086597,0.015215,-0.056732,0.521426,0.118971,0.03994,-0.056461,-0.356469,-0.19214,-0.914336,-0.174931,-0.947593,0.267328,-0.917784,0.25524,0.304177,0.033208,-0.028832,-0.018536,0.11341,0.370952,0.194197,0.521858
4676,0.210486,0.030295,0.36883,-0.334346,-0.27243,-0.902242,-0.217188,-0.90928,0.35498,-0.916687,0.314976,0.245972,0.066683,-0.054865,-0.035757,0.187206,0.600069,0.31911,0.520133,-0.125743,0.025733,0.341661,0.67451,-0.029893,0.737654,-0.502099,0.713786,0.4882,-0.541949,-0.699624,0.465489,-0.005407,-0.052522,-0.054909,0.036027,-0.005481,0.012803,0.539634,0.056466,0.03529,-0.006321,-0.627187,0.115836,0.770206,0.432197,-0.770902,0.467883,0.647952,0.626331,0.433436,-0.009924,-0.021634,-0.031476,0.062117,0.099615,-0.17014,0.521262,0.119645,0.039377,-0.056798,-0.365184,-0.183677,-0.912634,-0.179697,-0.947996,0.262698,-0.913427,0.259931,0.313187,0.033345,-0.027425,-0.017908,0.182453,0.615912,0.33009,0.520715
4677,0.21265,0.02815,0.367535,-0.35931,-0.243799,-0.900835,-0.253087,-0.90365,0.345448,-0.897818,0.352411,0.264113,0.041965,-0.052012,-0.033756,0.075867,0.311342,0.119767,0.521768,-0.126441,0.024291,0.339574,0.670239,-0.028899,0.741576,-0.504019,0.715579,0.483575,-0.545454,-0.697834,0.464081,-0.02233,-0.028791,-0.052717,0.058354,0.091776,-0.140766,0.539793,0.056117,0.034536,-0.007396,-0.622987,0.114258,0.773841,0.433571,-0.772968,0.463179,0.651077,0.62407,0.43201,-0.011212,-0.013825,-0.0259,0.072079,-0.014011,0.027584,0.521426,0.120736,0.038296,-0.057451,-0.392214,-0.154601,-0.906789,-0.215959,-0.942748,0.25414,-0.894164,0.295506,0.336372,0.026918,-0.02043,-0.021349,0.079574,0.314109,0.155931,0.521205
4678,0.21461,0.026151,0.366345,-0.350111,-0.223467,-0.909686,-0.258337,-0.910435,0.323019,-0.899965,0.348371,0.262159,0.055577,-0.056865,-0.022676,-0.033303,0.014077,-0.005811,0.521472,-0.1272,0.023415,0.337824,0.663937,-0.027568,0.747274,-0.507066,0.717737,0.477149,-0.550314,-0.69567,0.461585,-0.011112,-0.015254,-0.044017,0.062476,0.061364,-0.087118,0.539932,0.055733,0.034096,-0.008272,-0.616557,0.112103,0.779287,0.436061,-0.7755,0.456561,0.65552,0.621313,0.429256,-0.011393,-0.01341,-0.017457,0.023064,0.080215,-0.131576,0.521426,0.121712,0.037295,-0.058052,-0.383554,-0.133269,-0.913852,-0.222145,-0.947165,0.231364,-0.896402,0.291747,0.333683,0.02105,-0.023349,-0.015582,-0.003968,-0.135458,0.171904,0.521368
4679,0.215552,0.025072,0.365842,-0.345556,-0.215928,-0.913242,-0.266378,-0.910571,0.316031,-0.899387,0.352737,0.258275,0.043104,-0.056826,-0.022406,-1.545046,0.461709,0.54418,0.521892,-0.127648,0.022983,0.337061,0.655235,-0.025662,0.754983,-0.512401,0.719123,0.469298,-0.555771,-0.694314,0.457067,-0.022852,-0.027423,-0.035578,0.031077,0.12985,-0.194594,0.539879,0.055513,0.033893,-0.00865,-0.607803,0.109133,0.786552,0.440748,-0.777569,0.448471,0.660542,0.619254,0.424509,-0.018807,-0.008464,-0.021331,0.082409,0.251899,-0.35064,0.521262,0.122172,0.036775,-0.05829,-0.377948,-0.127737,-0.916971,-0.22496,-0.948082,0.224792,-0.898079,0.291242,0.32959,0.021541,-0.028196,-0.011091,-0.032271,-0.063115,0.102589,0.521531
4680,0.216733,0.023227,0.364633,-0.343437,-0.20052,-0.917545,-0.285369,-0.908478,0.305294,-0.894365,0.366932,0.255928,0.01724,-0.049454,-0.032644,-0.001243,-0.128791,0.257327,0.520692,-0.128859,0.0221,0.335582,0.650126,-0.026559,0.759356,-0.515065,0.719184,0.466279,-0.559297,-0.694216,0.452896,-0.03822,-0.014591,-0.041149,0.054281,0.08473,-0.115498,0.539698,0.054921,0.03346,-0.009372,-0.602462,0.109663,0.790577,0.443225,-0.777784,0.445649,0.66377,0.61889,0.41998,-0.019109,-0.007119,-0.020411,0.07108,0.066454,-0.12747,0.521426,0.122787,0.035839,-0.058899,-0.377909,-0.109858,-0.919301,-0.249802,-0.944011,0.215501,-0.891505,0.311083,0.329308,0.008236,-0.019501,-0.020741,-0.007118,-0.052444,0.101581,0.521368
4681,0.216908,0.021377,0.363434,-0.35567,-0.184421,-0.91626,-0.311452,-0.900921,0.302174,-0.880769,0.39307,0.264137,-0.007977,-0.057183,-0.0214,0.042658,0.47803,0.012415,0.517038,-0.130017,0.021441,0.334223,0.652887,-0.02913,0.75689,-0.512553,0.718601,0.469932,-0.558391,-0.694712,0.453253,-0.0373,-0.022773,-0.031032,-0.007255,0.126692,-0.110979,0.53968,0.054333,0.033126,-0.010066,-0.604984,0.112529,0.788245,0.441003,-0.776898,0.449382,0.662955,0.619488,0.420386,-0.01279,-0.004877,-0.019449,0.043244,0.097714,-0.075498,0.521589,0.122884,0.034909,-0.059508,-0.389071,-0.095476,-0.916246,-0.276324,-0.936718,0.214946,-0.878787,0.33681,0.338068,-0.003922,-0.028992,-0.010962,0.046788,1.077528,-0.443489,0.518429
4682,0.215938,0.018931,0.36268,-0.382039,-0.16704,-0.90895,-0.350645,-0.883789,0.309736,-0.854589,0.437253,0.280205,-0.047052,-0.059737,-0.021768,-5.074199,2.53066,0.946712,0.510802,-0.131664,0.020916,0.332886,0.654011,-0.036379,0.755604,-0.510305,0.715992,0.476317,-0.559136,-0.697049,0.448722,-0.052758,-0.009175,-0.035829,-0.13213,-0.247365,0.619429,0.539458,0.053535,0.032862,-0.01072,-0.60327,0.118657,0.78866,0.440656,-0.774631,0.453617,0.664745,0.621181,0.415025,-0.025687,-0.009592,-0.013434,-0.18161,0.361116,0.041788,0.521426,0.122414,0.03369,-0.059884,-0.414703,-0.080597,-0.90638,-0.310334,-0.923825,0.224138,-0.855402,0.374231,0.358101,-0.023506,-0.029436,-0.010572,-0.284123,2.020802,-2.317905,0.512877
4683,0.214882,0.017757,0.362327,-0.400372,-0.144174,-0.904965,-0.369937,-0.878071,0.303497,-0.837887,0.456466,0.29935,-0.073626,-0.057751,-0.019437,-0.135226,1.35905,0.648704,0.500296,-0.132682,0.020733,0.332247,0.655984,-0.041611,0.753621,-0.507911,0.714098,0.481689,-0.559006,-0.698691,0.446325,-0.066212,-0.009949,-0.035132,-0.035336,0.093116,0.143531,0.539585,0.053011,0.032769,-0.011052,-0.606518,0.125356,0.785125,0.437704,-0.771732,0.461349,0.66374,0.623469,0.4132,-0.026506,-0.003756,-0.017253,-0.057218,0.058613,0.180833,0.521426,0.121896,0.033097,-0.060065,-0.433314,-0.059588,-0.89927,-0.334574,-0.91587,0.221903,-0.836838,0.397026,0.376923,-0.030317,-0.028346,-0.009644,-1.292852,1.512607,0.676971,0.504712
4684,0.211755,0.015968,0.361578,-0.448678,-0.081802,-0.889967,-0.395574,-0.874768,0.279774,-0.800849,0.477674,0.361241,-0.089016,-0.036646,-0.020809,-0.867741,2.519497,1.349947,0.469121,-0.13515,0.020624,0.330832,0.668193,-0.05647,0.741836,-0.496242,0.708926,0.5011,-0.555024,-0.70288,0.444714,-0.068492,0.006919,-0.038611,-0.178557,0.359118,0.32873,0.539181,0.051804,0.032701,-0.011747,-0.617993,0.139501,0.773707,0.427716,-0.766086,0.479761,0.659654,0.627416,0.413768,-0.034231,0.003526,-0.019209,0.098376,-0.171579,0.238909,0.521262,0.120339,0.032187,-0.060445,-0.482372,-0.001303,-0.875965,-0.359895,-0.911405,0.199541,-0.798619,0.411508,0.439167,-0.051172,-0.018542,-0.010235,-4.336992,3.514837,2.639037,0.472707
4685,0.207679,0.014572,0.36108,-0.503606,0.007105,-0.86393,-0.431571,-0.868332,0.244371,-0.747822,0.495901,0.441443,-0.115762,-0.038487,-0.005154,0.650331,2.33766,0.847288,0.452804,-0.137802,0.02118,0.329494,0.685896,-0.062509,0.725003,-0.480728,0.708873,0.516075,-0.547037,-0.702415,0.455222,-0.082814,0.014983,-0.030682,0.089613,-0.173303,0.224448,0.538308,0.050458,0.032973,-0.012439,-0.634842,0.149775,0.757985,0.413114,-0.763227,0.496809,0.652925,0.628531,0.422655,-0.034791,0.00862,-0.015063,0.085838,-0.717822,0.925334,0.521426,0.118312,0.031489,-0.060701,-0.538826,0.083722,-0.838246,-0.399096,-0.901668,0.166483,-0.741882,0.424246,0.519255,-0.057871,-0.018846,-0.00226,0.433755,2.050577,0.736821,0.436293
4686,0.205376,0.013881,0.36106,-0.525417,0.05204,-0.849278,-0.455297,-0.860398,0.228892,-0.718158,0.506869,0.476822,-0.116426,-0.032131,-0.000906,-4.097212,3.264893,3.318241,0.447266,-0.139344,0.021551,0.328966,0.694407,-0.066793,0.71647,-0.472633,0.708302,0.524271,-0.543348,-0.70259,0.45935,-0.083313,0.020512,-0.026182,0.096324,-0.284793,0.423849,0.538481,0.049657,0.033162,-0.012716,-0.64331,0.155163,0.749717,0.405446,-0.761615,0.505525,0.649435,0.629179,0.427044,-0.041686,0.010697,-0.01268,0.12113,-0.315674,0.414127,0.521426,0.11716,0.031139,-0.060714,-0.561975,0.124266,-0.817765,-0.418709,-0.895362,0.151683,-0.713348,0.427648,0.555203,-0.058202,-0.015945,-0.000322,0.495974,1.754506,0.527166,0.428129
4687,0.200415,0.012952,0.360989,-0.559467,0.127016,-0.81909,-0.491182,-0.846787,0.204119,-0.666978,0.516358,0.53716,-0.130843,-0.016565,-0.005954,-4.032619,2.652094,3.379714,0.439479,-0.142527,0.022209,0.328301,0.70785,-0.07461,0.702405,-0.459099,0.706972,0.537915,-0.537586,-0.703132,0.465263,-0.08229,0.014733,-0.01396,-0.234374,0.373145,0.325852,0.537573,0.048095,0.033492,-0.013038,-0.657132,0.16198,0.736165,0.392878,-0.759886,0.517899,0.643291,0.629551,0.435707,-0.041171,0.007709,-0.006644,0.095497,-0.149655,0.185835,0.522079,0.114685,0.030678,-0.060742,-0.597218,0.195139,-0.777978,-0.456413,-0.880283,0.129567,-0.659558,0.432459,0.614785,-0.06543,-0.008113,-0.002804,0.315608,1.068379,0.178065,0.413433
4688,0.195519,0.012179,0.360878,-0.577085,0.147954,-0.803198,-0.503987,-0.838371,0.207608,-0.64195,0.524421,0.559382,-0.117573,-0.025758,0.002971,-0.024041,0.211529,-0.281401,0.433631,-0.145985,0.022556,0.328073,0.711041,-0.077422,0.698869,-0.454957,0.707013,0.541369,-0.536899,-0.702783,0.466582,-0.093192,-0.00439,0.00565,-0.100302,0.128011,0.055721,0.536629,0.046336,0.033673,-0.013156,-0.659409,0.167303,0.732931,0.389051,-0.758281,0.523113,0.643287,0.630094,0.434929,-0.046623,-0.001889,0.003129,-0.11799,0.144581,0.067214,0.522895,0.112231,0.030302,-0.060796,-0.614567,0.219054,-0.757839,-0.474961,-0.869781,0.133757,-0.629855,0.442147,0.638582,-0.058786,-0.012951,0.001506,-0.073361,0.099108,-0.332627,0.402166
4689,0.1914,0.011453,0.360904,-0.574984,0.124377,-0.808683,-0.502746,-0.833477,0.229203,-0.644802,0.538191,0.542777,-0.091655,-0.020513,0.005394,-0.359814,-0.651356,-0.66787,0.451812,-0.149847,0.02261,0.328384,0.71039,-0.078597,0.6994,-0.455672,0.705828,0.542314,-0.537154,-0.703842,0.464688,-0.106699,0.0003,0.010513,-0.062351,-0.394535,0.449319,0.536147,0.04448,0.033699,-0.013009,-0.656604,0.168268,0.735225,0.391149,-0.757496,0.522686,0.644882,0.63078,0.431557,-0.053392,0.000561,0.005656,0.00059,0.09428,-0.218034,0.521099,0.110162,0.029934,-0.060786,-0.612237,0.196691,-0.765818,-0.473061,-0.867204,0.15546,-0.633544,0.457458,0.623981,-0.052648,-0.004613,-0.001139,-0.096713,-0.13137,-0.417913,0.412126
4690,0.189505,0.011307,0.360912,-0.567675,0.106953,-0.816303,-0.500969,-0.831692,0.239351,-0.652614,0.54468,0.526731,-0.092203,-0.004437,0.000353,0.468518,-2.492155,1.334412,0.460954,-0.151737,0.022625,0.328605,0.707639,-0.077274,0.70233,-0.458517,0.705902,0.539813,-0.538361,-0.703915,0.463179,-0.106674,0.001723,0.01152,-0.028044,0.215253,-0.375453,0.535996,0.0435,0.033709,-0.012893,-0.656049,0.167045,0.735998,0.392357,-0.757567,0.521677,0.644712,0.631021,0.43146,-0.053368,0.00113,0.006042,-0.009244,0.087293,-0.189949,0.521426,0.109249,0.029851,-0.060783,-0.607395,0.180419,-0.77364,-0.470222,-0.866587,0.167083,-0.640282,0.465268,0.611197,-0.046098,-0.002477,5.9e-05,-0.39066,-0.812793,-0.697059,0.424047
4691,0.186507,0.0111,0.361137,-0.553085,0.075187,-0.829752,-0.499559,-0.826954,0.257992,-0.666087,0.557105,0.495973,-0.065477,-0.008993,0.012278,-0.398822,-0.811801,-0.588487,0.470665,-0.156009,0.022631,0.329027,0.707335,-0.07011,0.703386,-0.46162,0.707613,0.534906,-0.536098,-0.702957,0.46724,-0.119627,-3.2e-05,0.010975,0.065848,-0.16436,-0.139009,0.527553,0.041368,0.033718,-0.012677,-0.65633,0.160021,0.737308,0.395054,-0.759681,0.516542,0.642777,0.630298,0.435385,-0.059825,-3e-05,0.005543,0.068626,-0.619401,0.352075,0.521589,0.107706,0.029749,-0.060674,-0.589968,0.149861,-0.793396,-0.468348,-0.863942,0.185077,-0.657713,0.480776,0.579885,-0.032741,-0.004852,0.005947,-0.395376,-0.890707,-0.621441,0.442988
4692,0.183885,0.010785,0.361705,-0.542313,0.056381,-0.83831,-0.500695,-0.822913,0.268497,-0.67405,0.565273,0.475554,-0.065437,-0.004047,0.015646,-0.274148,-0.592656,-0.269259,0.481227,-0.160807,0.022796,0.3296,0.718089,-0.052872,0.693934,-0.462444,0.708733,0.532706,-0.520863,-0.70336,0.48358,-0.119616,0.008015,0.017048,0.207628,-1.120389,0.153077,0.523498,0.03897,0.033789,-0.012401,-0.668644,0.145877,0.729133,0.395761,-0.760328,0.515047,0.629514,0.632946,0.450656,-0.066438,0.003558,0.00882,-0.520743,-1.925052,1.610548,0.521752,0.10642,0.029591,-0.060397,-0.579449,0.132543,-0.804157,-0.468675,-0.861412,0.195732,-0.666769,0.490306,0.561265,-0.032736,-0.00226,0.007705,-0.01779,-0.019455,0.021855,0.456705
4693,0.182701,0.010683,0.36209,-0.542761,0.056001,-0.838045,-0.500981,-0.82243,0.26944,-0.673476,0.566013,0.475486,-0.065023,-0.011233,0.026774,-0.07383,-0.023189,0.008233,0.482008,-0.163079,0.023001,0.329967,0.728333,-0.041815,0.683941,-0.461296,0.707988,0.53469,-0.507478,-0.704868,0.49547,-0.119496,0.011872,0.019918,0.102702,-0.763131,0.423993,0.521731,0.037833,0.033889,-0.012219,-0.681411,0.133838,0.719559,0.394931,-0.760491,0.515443,0.616204,0.635405,0.46535,-0.059785,0.006325,0.010349,-0.052651,-1.971971,1.902701,0.521426,0.105803,0.02954,-0.060204,-0.579248,0.130235,-0.80468,-0.468667,-0.86089,0.198037,-0.66695,0.49184,0.559706,-0.026097,0.000261,0.009206,-0.009104,0.000601,0.078862,0.46144
4694,0.180543,0.01057,0.36325,-0.540674,0.062539,-0.838931,-0.503793,-0.822704,0.263291,-0.67306,0.564921,0.477369,-0.051528,0.000134,0.034088,-0.018169,0.076212,0.130534,0.484482,-0.167723,0.023647,0.330899,0.752113,0.007532,0.658984,-0.47439,0.700111,0.533604,-0.458272,-0.713946,0.529274,-0.119959,0.031548,0.018234,0.258144,-2.659098,1.718843,0.514193,0.035512,0.034203,-0.011754,-0.710296,0.089991,0.698126,0.409873,-0.753436,0.514138,0.572261,0.651333,0.498278,-0.059552,0.010249,0.013209,0.190766,-0.594302,-0.234382,0.514078,0.104719,0.029472,-0.05963,-0.577653,0.137389,-0.804636,-0.471581,-0.86076,0.191579,-0.666278,0.490117,0.562011,-0.02577,0.000769,0.017567,-0.014054,0.081679,0.160532,0.466829
4695,0.179254,0.010612,0.364833,-0.534181,0.077584,-0.841829,-0.510235,-0.823543,0.247807,-0.673399,0.561804,0.480558,-0.011777,0.00749,0.037672,0.002685,0.06212,0.266964,0.484476,-0.172619,0.024397,0.331913,0.76269,0.03999,0.64552,-0.482017,0.700433,0.526296,-0.432041,-0.712593,0.552644,-0.130602,0.00633,0.032304,0.146526,-0.417236,0.076399,0.510134,0.033068,0.034601,-0.011241,-0.728111,0.05639,0.683135,0.416097,-0.755621,0.505865,0.544717,0.652577,0.526712,-0.065751,0.009205,0.012618,0.143635,-0.424074,0.1273,0.508526,0.10406,0.029495,-0.058837,-0.57186,0.153027,-0.805951,-0.478588,-0.860165,0.17626,-0.666279,0.486515,0.565131,-0.012329,-0.001192,0.023745,-0.040712,0.088725,0.216047,0.467972
4696,0.178938,0.010612,0.365664,-0.533574,0.087079,-0.841285,-0.513559,-0.823673,0.240399,-0.671353,0.560208,0.485262,-0.0115,-0.004379,0.045558,0.026982,0.114369,0.492968,0.4842,-0.17515,0.024682,0.332354,0.767005,0.049559,0.639718,-0.480494,0.704927,0.521668,-0.426051,-0.707555,0.563658,-0.14428,0.013887,0.022282,0.20504,-0.350817,-0.134344,0.506568,0.031807,0.034747,-0.011012,-0.733873,0.04795,0.677591,0.413708,-0.759615,0.501826,0.538771,0.648602,0.537624,-0.065602,0.006928,0.010691,0.23546,-0.506276,0.037209,0.50477,0.103902,0.029508,-0.058418,-0.571452,0.162004,-0.804485,-0.482108,-0.859586,0.169357,-0.664088,0.484628,0.569316,-0.005771,-0.002084,0.022875,0.050301,0.292644,0.328196,0.467972
4697,0.17876,0.010749,0.367025,-0.531905,0.103316,-0.840505,-0.519374,-0.823728,0.227364,-0.668202,0.557341,0.492854,0.001195,0.000862,0.032545,-0.023408,0.003373,0.240447,0.496002,-0.180492,0.025104,0.332966,0.772567,0.062273,0.631865,-0.478941,0.710303,0.515769,-0.417653,-0.701162,0.577754,-0.131618,0.015826,0.005597,0.27001,-0.503224,-0.191073,0.501002,0.029132,0.034967,-0.010692,-0.740984,0.037699,0.670463,0.411238,-0.763827,0.497442,0.530872,0.644317,0.55048,-0.072011,0.002175,0.00723,0.135895,-1.049141,0.437703,0.497259,0.103808,0.029587,-0.057724,-0.570332,0.178857,-0.801705,-0.488635,-0.858409,0.156107,-0.66027,0.480774,0.576974,0.006988,0.005839,0.011716,-0.017184,-0.078354,0.265167,0.475157
4698,0.179436,0.011051,0.367768,-0.529046,0.108471,-0.841659,-0.523198,-0.822555,0.222798,-0.667492,0.558086,0.492972,0.026816,0.003078,0.017143,-0.032829,-0.031691,0.065346,0.502057,-0.185908,0.025359,0.333073,0.780797,0.065485,0.621338,-0.473373,0.710861,0.520124,-0.408591,-0.700309,0.585222,-0.131791,0.005811,-0.002617,0.027035,0.043939,-0.13445,0.506804,0.026424,0.035101,-0.010634,-0.750619,0.033968,0.65986,0.405926,-0.764278,0.5011,0.521338,0.643991,0.559894,-0.072448,0.002634,-0.000962,0.015303,0.067077,-0.139585,0.496606,0.104136,0.029744,-0.057342,-0.567274,0.183662,-0.802787,-0.492834,-0.856698,0.152256,-0.659783,0.482012,0.576497,0.013246,0.006798,0.004111,0.006734,-0.159101,0.282457,0.489853
4699,0.180948,0.011533,0.367763,-0.532574,0.107732,-0.839526,-0.523616,-0.821215,0.226723,-0.66435,0.560199,0.494817,0.038963,0.014124,-0.007807,-0.226241,0.38336,-0.543414,0.491175,-0.190868,0.025655,0.332723,0.793156,0.070405,0.604928,-0.467004,0.707665,0.530143,-0.391745,-0.703069,0.593373,-0.119588,0.011692,-0.01597,0.036101,-0.254876,0.261894,0.513422,0.023939,0.035242,-0.010807,-0.764028,0.030771,0.644447,0.400683,-0.760257,0.511332,0.50568,0.648892,0.568529,-0.059825,0.005102,-0.008479,-0.077308,-0.568508,0.585504,0.50379,0.104888,0.029985,-0.057331,-0.570078,0.182835,-0.800988,-0.49331,-0.855795,0.155752,-0.657005,0.483926,0.578064,0.026017,0.006904,-0.004253,-0.838264,1.387189,-2.029127,0.486424
4700,0.18196,0.011836,0.367524,-0.537327,0.105899,-0.836726,-0.522377,-0.820663,0.231529,-0.661489,0.561358,0.497329,0.051934,0.011686,-0.009886,0.015806,-0.030234,0.079001,0.483898,-0.193181,0.025932,0.332275,0.798037,0.070639,0.598447,-0.462491,0.708232,0.533333,-0.387155,-0.702476,0.597078,-0.107307,0.018755,-0.02817,0.097088,-0.010641,-0.049836,0.517083,0.022778,0.035379,-0.011026,-0.769435,0.03126,0.637959,0.396077,-0.760226,0.514954,0.501091,0.648905,0.572563,-0.060201,0.009119,-0.013756,0.090112,-0.021286,-0.046527,0.507219,0.105388,0.030133,-0.057453,-0.575349,0.180174,-0.797815,-0.491645,-0.855725,0.1613,-0.653649,0.485046,0.580923,0.025797,0.010843,-0.009591,-0.007359,0.055675,-0.045461,0.478422
4701,0.184118,0.012404,0.367062,-0.55905,0.096194,-0.823563,-0.515178,-0.818552,0.254039,-0.649002,0.566179,0.508197,0.051887,0.014315,-0.008165,-0.045026,0.142434,-0.207598,0.469057,-0.197482,0.026575,0.331215,0.806579,0.071082,0.586829,-0.454059,0.709933,0.538293,-0.379347,-0.700711,0.604121,-0.107309,0.019521,-0.02785,0.0883,-0.046551,-0.012255,0.511043,0.020667,0.035681,-0.011555,-0.778361,0.031942,0.627003,0.38785,-0.760871,0.520237,0.493686,0.648116,0.579844,-0.047144,0.008964,-0.014898,-0.04261,-0.608239,0.637493,0.510485,0.106448,0.030397,-0.05769,-0.595578,0.168859,-0.785348,-0.483816,-0.855845,0.182891,-0.641254,0.488891,0.59142,0.032481,0.006802,-0.004585,-0.838945,1.461263,-2.16183,0.460134
4702,0.186299,0.012839,0.367118,-0.567454,0.094989,-0.817936,-0.511854,-0.818781,0.259954,-0.644318,0.566053,0.514263,0.052222,0.013888,0.007392,0.116126,0.313148,0.152922,0.454596,-0.201246,0.027451,0.330282,0.808315,0.081838,0.583027,-0.459455,0.706681,0.537994,-0.368989,-0.702837,0.608054,-0.093412,0.028255,-0.022034,0.103616,-0.030642,-0.015215,0.503333,0.018738,0.036108,-0.012045,-0.781719,0.021495,0.623259,0.39348,-0.758361,0.519673,0.483826,0.651479,0.584368,-0.053198,0.014657,-0.010118,0.092584,0.101341,-0.212498,0.500361,0.107558,0.030605,-0.057682,-0.603753,0.16529,-0.779847,-0.479844,-0.856545,0.189946,-0.636578,0.488886,0.596455,0.026116,0.0068,0.003564,0.222648,0.537306,0.225302,0.442009
4703,0.187419,0.013087,0.367408,-0.571946,0.095721,-0.814715,-0.510684,-0.81878,0.262247,-0.641264,0.56593,0.518199,0.052548,0.010376,0.020881,0.038396,0.196499,0.099437,0.448,-0.203074,0.027952,0.330016,0.80975,0.087411,0.58022,-0.461957,0.704452,0.538774,-0.362648,-0.70441,0.610046,-0.092441,0.022553,-0.009915,0.058035,0.078174,-0.172096,0.503309,0.017823,0.036356,-0.012186,-0.784088,0.016195,0.620437,0.396146,-0.756486,0.520381,0.47778,0.653808,0.586736,-0.046195,0.011459,-0.004748,0.058659,0.101217,-0.201649,0.498728,0.108117,0.030725,-0.057545,-0.608514,0.166429,-0.775893,-0.478576,-0.856901,0.191531,-0.632988,0.487874,0.601085,0.03279,0.005005,0.010049,0.075639,0.27198,0.142089,0.431885
4704,0.18967,0.013616,0.368398,-0.578539,0.101624,-0.809327,-0.511145,-0.818392,0.262559,-0.634951,0.565454,0.526428,0.05272,0.007305,0.034523,-0.007377,0.071819,0.233295,0.447237,-0.206318,0.028649,0.330067,0.812075,0.096416,0.575526,-0.465183,0.702196,0.538943,-0.353178,-0.705499,0.614329,-0.077592,0.009368,0.012107,-0.466759,-1.755224,1.868216,0.504179,0.016167,0.036711,-0.012166,-0.787164,0.007221,0.6167,0.400128,-0.754947,0.519568,0.469328,0.655745,0.591378,-0.038751,0.005165,0.006486,-0.488188,-1.733775,1.875162,0.497748,0.109263,0.030999,-0.057038,-0.615277,0.172083,-0.769298,-0.479074,-0.85662,0.191543,-0.626036,0.486403,0.6095,0.026353,0.004085,0.01751,-0.021288,0.041561,0.22653,0.42176
4705,0.191774,0.013808,0.369889,-0.592082,0.113231,-0.797912,-0.512444,-0.817037,0.264243,-0.621272,0.565194,0.542774,0.052936,-0.001313,0.04448,0.050904,0.44207,0.320322,0.448593,-0.209197,0.028962,0.33108,0.815044,0.097773,0.571083,-0.464156,0.699891,0.542813,-0.347637,-0.707601,0.615071,-0.075152,0.002397,0.039738,-0.550361,-1.724641,1.872896,0.500468,0.014755,0.036857,-0.011681,-0.789315,0.006233,0.613956,0.400521,-0.752671,0.522559,0.465364,0.658366,0.591598,-0.037585,0.008089,0.016993,-0.042728,0.062852,-0.12468,0.496606,0.110316,0.031103,-0.056288,-0.628338,0.181186,-0.756546,-0.480218,-0.855433,0.193969,-0.61203,0.485186,0.62451,0.026453,-0.000459,0.022337,0.097664,0.521806,0.357884,0.420944
4706,0.193361,0.013723,0.371779,-0.602217,0.131304,-0.787489,-0.515324,-0.817301,0.257743,-0.60903,0.560863,0.560841,0.040266,-0.009651,0.055124,0.079052,0.636601,0.20937,0.447046,-0.211667,0.029372,0.332936,0.816875,0.111055,0.566016,-0.470039,0.696687,0.54187,-0.335174,-0.708821,0.62056,-0.046931,0.004448,0.056046,0.15234,-0.331216,-0.337541,0.47976,0.013509,0.037063,-0.010758,-0.794615,-0.004735,0.607094,0.404731,-0.749479,0.523901,0.452524,0.66201,0.597464,-0.030009,0.008994,0.025407,0.394272,-0.51277,-0.476514,0.480276,0.111094,0.031067,-0.055362,-0.63829,0.197561,-0.744012,-0.483273,-0.855148,0.18753,-0.599192,0.47926,0.641309,0.019867,0.00081,0.023313,0.219857,0.851614,0.331942,0.421271
4707,0.194021,0.013674,0.372723,-0.607694,0.14274,-0.781267,-0.51683,-0.81799,0.252488,-0.602279,0.557037,0.571837,0.026804,-0.000854,0.045494,0.218652,0.915294,0.336606,0.447218,-0.21266,0.029618,0.334069,0.817508,0.118935,0.563495,-0.472544,0.697587,0.538524,-0.330054,-0.706664,0.625742,-0.046037,0.010527,0.060477,0.17658,-0.401771,-0.324995,0.462972,0.013013,0.037185,-0.010191,-0.796409,-0.012773,0.604623,0.40689,-0.750962,0.520091,0.447406,0.660221,0.60327,-0.029589,0.011697,0.027348,0.371909,-0.586892,-0.433101,0.465417,0.111429,0.031044,-0.054883,-0.643341,0.207001,-0.737063,-0.484895,-0.855198,0.183058,-0.592443,0.475167,0.650558,0.019843,-0.000221,0.022611,0.03465,0.432186,0.134684,0.420454
4708,0.19505,0.013648,0.374369,-0.617354,0.160175,-0.770236,-0.518621,-0.819048,0.245287,-0.590809,0.550686,0.589675,0.026286,0.005572,0.033802,0.175772,0.690103,0.244315,0.452473,-0.214212,0.030287,0.33643,0.816546,0.149391,0.557608,-0.48338,0.704744,0.519243,-0.316416,-0.693702,0.646932,-0.032258,0.014297,0.062022,0.433969,-0.858044,-0.390876,0.4182,0.012221,0.037537,-0.008978,-0.799637,-0.043295,0.59892,0.4156,-0.759816,0.499955,0.433424,0.648694,0.62557,-0.01614,0.007458,0.03128,0.524783,-0.937307,-0.437035,0.421329,0.111953,0.031036,-0.05404,-0.653449,0.224099,-0.723037,-0.487197,-0.85555,0.175137,-0.579346,0.466704,0.668239,0.013126,0.002544,0.016726,0.233745,0.796196,0.284831,0.425026
4709,0.195684,0.013798,0.375504,-0.61844,0.172897,-0.766605,-0.520679,-0.820797,0.234856,-0.587858,0.544181,0.598596,0.025835,0.010033,0.020918,0.346872,-0.273222,0.554643,0.439678,-0.215288,0.030932,0.338637,0.818497,0.186009,0.543557,-0.492526,0.714019,0.497522,-0.296585,-0.675164,0.675318,-0.019891,0.020637,0.049202,0.596073,-1.046448,-0.489305,0.221776,0.011692,0.037865,-0.007882,-0.806733,-0.078393,0.585692,0.422285,-0.769803,0.478619,0.413347,0.633447,0.654131,-0.016326,0.005242,0.029352,0.672741,-1.20242,-0.634313,0.278123,0.11226,0.031111,-0.053478,-0.655623,0.237393,-0.716799,-0.489777,-0.856203,0.164415,-0.574696,0.458867,0.677617,0.006454,0.005378,0.010912,1.11255,-1.369062,1.982133,0.421107
4710,0.195923,0.014037,0.375866,-0.617224,0.178709,-0.766252,-0.521694,-0.821957,0.22846,-0.588237,0.540534,0.601521,0.012935,0.009213,0.020848,1.163465,-1.294464,1.973967,0.430081,-0.215765,0.031161,0.33969,0.818567,0.209624,0.534787,-0.500775,0.71623,0.485977,-0.282177,-0.66587,0.690549,-0.019798,0.008417,0.056177,0.558826,-1.130689,-0.294814,0.100953,0.011454,0.037984,-0.007358,-0.810187,-0.10231,0.577173,0.429853,-0.773141,0.466345,0.398525,0.625927,0.670367,-0.010096,0.009273,0.023743,0.659937,-1.159345,-0.57414,0.123323,0.112385,0.031227,-0.053299,-0.655791,0.242127,-0.71506,-0.490548,-0.856632,0.159823,-0.573846,0.455582,0.680547,0.006197,0.009607,0.005767,0.024639,0.044071,0.123295,0.410167
4711,0.196107,0.014691,0.376104,-0.619416,0.180188,-0.764135,-0.520682,-0.822727,0.227997,-0.586828,0.538867,0.604386,-0.000759,0.020248,-0.002899,0.031722,0.070802,-0.129824,0.419809,-0.216428,0.031633,0.341912,0.821022,0.240283,0.51786,-0.505982,0.726098,0.465509,-0.265185,-0.644517,0.717034,-0.006353,0.011681,0.057365,0.482197,-1.002289,-0.168749,-0.076776,0.011117,0.038212,-0.006252,-0.817249,-0.132972,0.560732,0.433202,-0.783443,0.445591,0.380051,0.60707,0.697872,-0.009631,0.006079,0.02924,0.5368,-1.186919,-0.113789,-0.134349,0.112482,0.031559,-0.053166,-0.655822,0.244182,-0.714332,-0.490337,-0.857248,0.157138,-0.573991,0.453319,0.681934,-0.000376,0.009643,-0.001755,0.028437,-0.039183,0.038293,0.391878
4712,0.195919,0.01502,0.375932,-0.615267,0.182536,-0.766924,-0.5223,-0.823056,0.223052,-0.589747,0.53757,0.602697,4.6e-05,-0.001936,-0.001206,0.006005,-0.0907,0.176961,0.361064,-0.217155,0.031931,0.344115,0.813474,0.260554,0.519964,-0.516359,0.734713,0.439889,-0.268422,-0.62665,0.73152,-0.019661,0.007714,0.054848,0.300114,-0.643657,-0.032208,-0.3119,0.010759,0.03837,-0.005144,-0.812166,-0.155136,0.562421,0.441636,-0.793398,0.418898,0.381238,0.588601,0.712885,-0.009989,0.002995,0.026827,0.50029,-0.757999,-0.08573,-0.356424,0.112387,0.031734,-0.053251,-0.65185,0.246697,-0.717098,-0.492031,-0.857136,0.152387,-0.577058,0.452168,0.680108,3.7e-05,-0.001547,-0.000966,0.004276,-0.088226,0.17196,0.350403
4713,0.195647,0.015158,0.375481,-0.612386,0.201025,-0.764603,-0.529812,-0.822169,0.208107,-0.586043,0.532284,0.610946,-0.000349,0.003257,-0.01349,0.300209,0.690293,0.338142,0.206517,-0.218083,0.031797,0.346189,0.817174,0.27226,0.508028,-0.514913,0.740651,0.431548,-0.259796,-0.614578,0.744757,-0.034066,-0.004325,0.046837,0.265657,-0.610263,-0.067513,-0.60235,0.010303,0.038323,-0.004094,-0.81801,-0.165851,0.550774,0.438882,-0.798902,0.411261,0.371807,0.578141,0.726299,-0.010644,-0.008058,0.026866,0.416897,-0.803486,-0.126094,-0.621118,0.112256,0.031795,-0.053471,-0.648584,0.262696,-0.714372,-0.499804,-0.854842,0.139425,-0.57405,0.447475,0.685734,-0.006594,0.001548,-0.006551,0.13405,0.273607,0.118574,0.208013
4714,0.195497,0.015193,0.375264,-0.608083,0.213682,-0.764605,-0.531918,-0.824606,0.19251,-0.588612,0.523499,0.616045,-0.000362,0.003812,-0.013146,1.547009,-0.63339,2.179011,0.100666,-0.218512,0.031511,0.347077,0.818515,0.279551,0.501872,-0.515219,0.7434,0.426427,-0.254903,-0.607959,0.751847,-0.009535,-0.012441,0.039639,0.245695,-0.519202,-0.006926,-0.744534,0.010079,0.038185,-0.003645,-0.820631,-0.173574,0.544459,0.438645,-0.801988,0.405469,0.366271,0.571565,0.734273,-0.011183,-0.011957,0.024122,0.363986,-0.450146,-0.232793,-0.766447,0.112176,0.031807,-0.053588,-0.646688,0.274834,-0.711519,-0.501916,-0.855742,0.125641,-0.574346,0.438374,0.691342,-0.006594,0.001761,-0.006422,0.36206,0.87985,0.420824,0.089301
4715,0.195195,0.015312,0.374721,-0.611698,0.251812,-0.749974,-0.542228,-0.823732,0.165607,-0.575321,0.507642,0.641352,-0.013175,0.001488,-0.014125,0.060999,1.218866,0.623448,-0.191487,-0.219309,0.030994,0.348578,0.81893,0.302038,0.487974,-0.520225,0.749459,0.409402,-0.243082,-0.589505,0.770232,-0.022991,-0.005124,0.029586,0.5658,-0.844331,-0.434376,-1.254658,0.009684,0.037916,-0.002897,-0.824588,-0.193852,0.531484,0.441315,-0.808215,0.389907,0.35397,0.556065,0.751995,-0.011464,-0.008058,0.018904,0.244612,-0.501233,-0.185883,-0.901162,0.11203,0.031866,-0.05386,-0.648963,0.312013,-0.693898,-0.513454,-0.852638,0.096814,-0.561437,0.419113,0.713535,-0.000137,0.000964,-0.007157,-0.776446,1.581895,1.480202,-0.199397
