frame,MLTx,MLTy,MLTz,MLTR1,MLTR2,MLTR3,MLTR4,MLTR5,MLTR6,MLTR7,MLTR8,MLTR9,MLTTVx,MLTTVy,MLTTVz,MLTRVx,MLTRVy,MLTRVz,MLGA,MRTx,MRTy,MRTz,MRTR1,MRTR2,MRTR3,MRTR4,MRTR5,MRTR6,MRTR7,MRTR8,MRTR9,MRTTVx,MRTTVy,MRTTVz,MRTRVx,MRTRVy,MRTRVz,MRGA,SLTx,SLTy,SLTz,SLTR1,SLTR2,SLTR3,SLTR4,SLTR5,SLTR6,SLTR7,SLTR8,SLTR9,SLTTVx,SLTTVy,SLTTVz,SLTRVx,SLTRVy,SLTRVz,SLGA,SRTx,SRTy,SRTz,SRTR1,SRTR2,SRTR3,SRTR4,SRTR5,SRTR6,SRTR7,SRTR8,SRTR9,SRTTVx,SRTTVy,SRTTVz,SRTRVx,SRTRVy,SRTRVz,SRGA
845,0.073598,0.020831,0.386149,-0.601979,-0.305089,-0.737962,-0.373816,-0.708988,0.597972,-0.704897,0.636205,0.313673,-0.013449,0.000585,0.00033,0.06365,0.114695,-0.013908,-1.916557,-0.1962,0.052484,0.351249,0.654429,-0.192201,0.731281,-0.246041,0.860281,0.446447,-0.715716,-0.47185,0.514753,-0.000103,0.016337,-0.004755,-0.65058,-0.453953,0.608386,0.476866,0.021198,0.048915,-0.001561,-0.587776,0.2715,0.762106,0.163809,-0.882556,0.440748,0.792266,0.383902,0.474271,-5.8e-05,0.008268,-0.00231,-0.77654,-0.386744,0.752127,-0.072136,0.051201,0.034937,-0.048308,-0.623584,-0.247854,-0.741425,-0.325085,-0.780305,0.534268,-0.710958,0.574187,0.406012,-0.000252,-0.000707,-0.000453,0.078163,0.104238,0.049656,-0.757197
846,0.073644,0.020916,0.38592,-0.602679,-0.302888,-0.738297,-0.373108,-0.710895,0.596146,-0.704673,0.635123,0.316356,0.012939,0.005105,-0.012471,0.182692,0.162591,0.138476,-1.916317,-0.196216,0.053106,0.351265,0.676611,-0.141582,0.722594,-0.309769,0.835432,0.453907,-0.668773,-0.530775,0.520465,-0.011296,0.011111,0.007547,-4.363932,-2.741698,-3.148103,0.531226,0.021194,0.049215,-0.00156,-0.614355,0.229215,0.755001,0.224926,-0.866294,0.446028,0.75629,0.443839,0.480656,0.000373,0.005804,0.003521,-1.23502,-0.795481,-0.885625,0.227666,0.051214,0.034976,-0.048419,-0.624075,-0.246282,-0.741535,-0.324529,-0.7816,0.532711,-0.710781,0.573101,0.407852,0.000134,0.003917,-0.005378,0.277181,0.286078,0.158977,-0.757851
847,0.073789,0.021033,0.385616,-0.604025,-0.299352,-0.738639,-0.37694,-0.7093,0.595635,-0.701476,0.638571,0.316522,0.000172,0.0076,-0.010909,0.033473,-0.005991,-0.010297,-1.915943,-0.196337,0.053581,0.351574,0.701115,-0.039143,0.711967,-0.42721,0.776246,0.463537,-0.571668,-0.629097,0.526589,-0.011229,0.011799,0.00793,-0.365153,-0.238557,-0.27455,0.534733,0.021134,0.049453,-0.001405,-0.652828,0.127354,0.746723,0.353231,-0.820851,0.448811,0.670106,0.556762,0.490889,-0.005528,0.006244,0.004197,-4.054393,-2.623596,-2.999749,0.466397,0.051291,0.035034,-0.048571,-0.625869,-0.242147,-0.741385,-0.328369,-0.780411,0.5321,-0.707432,0.576473,0.408922,-0.000249,-0.00071,-0.000462,-0.001902,-0.002963,-0.000754,-0.757851
848,0.073788,0.021176,0.385447,-0.603781,-0.29941,-0.738815,-0.376639,-0.709706,0.595342,-0.701847,0.638093,0.316662,-1.7e-05,-4.8e-05,-3.1e-05,0.0,0.0,0.0,-1.916468,-0.196462,0.053956,0.351854,0.710676,-0.012032,0.703411,-0.453358,0.756587,0.471145,-0.538735,-0.653705,0.531317,0.000597,0.009024,0.005415,0.001521,-0.016361,0.024386,0.535148,0.021068,0.049652,-0.001258,-0.666232,0.100375,0.738958,0.383343,-0.803864,0.454807,0.639674,0.586282,0.497081,0.000266,0.004293,0.002579,0.00609,-0.008256,0.019721,0.509669,0.05129,0.035105,-0.048661,-0.625611,-0.242215,-0.74158,-0.328045,-0.780777,0.531762,-0.70781,0.575949,0.409006,2e-05,5.2e-05,3.3e-05,0.000199,-0.000227,-0.000141,-0.758177
849,0.073765,0.02123,0.385411,-0.603549,-0.299338,-0.739034,-0.376689,-0.709888,0.595093,-0.70202,0.637924,0.316621,-0.0,-1e-06,-0.0,0.0,0.0,0.0,-1.916523,-0.19656,0.054141,0.35195,0.712962,0.000146,0.701196,-0.465213,0.748168,0.473027,-0.525421,-0.663449,0.53257,0.000119,0.019489,-0.002901,-3.838162,-2.644302,-2.903443,0.535959,0.021019,0.049741,-0.001206,-0.669508,0.092765,0.736989,0.391479,-0.799129,0.456219,0.631271,0.593958,0.498708,-0.005754,0.003773,0.002674,0.000139,0.002662,-0.009003,0.515384,0.051278,0.035133,-0.048679,-0.625389,-0.242116,-0.7418,-0.328096,-0.780937,0.531498,-0.707984,0.575774,0.408952,2.1e-05,4.6e-05,3e-05,0.000215,-0.000125,-9.7e-05,-0.75834
850,0.073793,0.021231,0.385388,-0.604445,-0.297054,-0.739223,-0.376325,-0.711401,0.593515,-0.701443,0.637303,0.31914,-4.4e-05,-0.000124,-8e-05,0.000689,0.00092,0.00044,-1.916406,-0.196778,0.054396,0.352097,0.713521,0.029706,0.699998,-0.495231,0.727969,0.474069,-0.496373,-0.684948,0.53322,0.000315,0.004701,0.00281,-1.160574,-0.785991,-0.884062,0.536676,0.02091,0.049878,-0.001133,-0.674167,0.059711,0.73616,0.427979,-0.780746,0.455266,0.601939,0.621987,0.500799,0.000146,0.002236,0.001343,-1.165419,-0.794708,-0.896804,0.51865,0.051293,0.035134,-0.04869,-0.626411,-0.239782,-0.741696,-0.327722,-0.782315,0.529697,-0.707252,0.574878,0.411469,-1.7e-05,-4.7e-05,-3e-05,-0.007478,-0.007949,-0.003597,-0.75883
851,0.073755,0.021162,0.385391,-0.604425,-0.297009,-0.739257,-0.376432,-0.711355,0.593502,-0.701404,0.637375,0.319083,-0.000247,-0.000691,-0.000446,0.0,0.0,0.0,-1.916151,-0.197048,0.054506,0.352193,0.710459,0.052933,0.701739,-0.521608,0.708829,0.474785,-0.473157,-0.703405,0.53029,0.000106,0.001566,0.000935,-1.166924,-0.781888,-0.875432,0.53737,0.020774,0.049932,-0.001085,-0.67376,0.037423,0.738001,0.455493,-0.765385,0.454654,0.58187,0.642482,0.49864,-0.005869,0.000783,0.000932,-3.869217,-2.608587,-2.962279,0.51914,0.051274,0.035101,-0.048688,-0.626346,-0.239812,-0.74174,-0.327855,-0.782223,0.529751,-0.707248,0.574992,0.411319,-0.00015,-0.000416,-0.000268,-1.3e-05,-0.000283,-0.000178,-0.75883
852,0.073718,0.021133,0.385395,-0.602323,-0.29586,-0.74143,-0.378158,-0.712235,0.591346,-0.702285,0.636925,0.318042,-0.000314,-0.00088,-0.000568,0.0,0.0,0.0,-1.916194,-0.1972,0.054566,0.352196,0.712217,0.052801,0.699964,-0.520454,0.708681,0.47627,-0.471781,-0.703564,0.531303,-0.012299,0.012535,-0.006253,0.034149,0.001667,-0.012685,0.537553,0.020703,0.049957,-0.001081,-0.675696,0.036386,0.73628,0.455746,-0.76442,0.456022,0.579421,0.64369,0.499933,2e-05,0.000362,0.000218,0.004955,-0.000284,-0.00178,0.519303,0.051255,0.035086,-0.048686,-0.624364,-0.238365,-0.743875,-0.329651,-0.78294,0.527572,-0.708165,0.574617,0.410263,-0.000193,-0.000537,-0.000347,-0.0001,0.000935,-0.001848,-0.757687
853,0.073651,0.021025,0.385409,-0.601239,-0.290732,-0.744333,-0.384763,-0.71108,0.588467,-0.699624,0.64056,0.316599,-0.000385,-0.001078,-0.000696,0.0,0.0,0.0,-1.915764,-0.197608,0.054864,0.351986,0.712219,0.057798,0.699567,-0.530302,0.697095,0.482464,-0.460657,-0.714665,0.526224,-0.012411,0.010726,-0.007328,-0.057876,0.121226,0.07023,0.537783,0.020499,0.050105,-0.001187,-0.676293,0.031488,0.735959,0.467309,-0.75397,0.461681,0.569429,0.656152,0.49519,-0.00622,0.005169,-0.003775,-0.088049,0.12664,0.068796,0.519303,0.051222,0.035031,-0.048679,-0.623576,-0.232923,-0.746256,-0.336411,-0.781726,0.525101,-0.705676,0.57849,0.409108,-0.000229,-0.000637,-0.00041,0.005817,-0.088971,0.176605,-0.758177
854,0.07366,0.020985,0.385335,-0.601888,-0.286648,-0.745392,-0.38971,-0.709287,0.587375,-0.696323,0.644375,0.316135,-0.000586,-0.00164,-0.00106,-0.000822,0.012951,-0.025732,-1.916328,-0.19823,0.055482,0.351612,0.711562,0.061981,0.699878,-0.542719,0.680941,0.491639,-0.446981,-0.729736,0.517259,-0.012695,0.023267,-0.014366,-0.209041,0.41455,0.309398,0.538629,0.020188,0.050406,-0.001373,-0.676425,0.025698,0.736062,0.482181,-0.739991,0.468949,0.556731,0.672124,0.488157,-0.012125,0.00603,-0.002845,-0.239222,0.469122,0.281926,0.520283,0.051227,0.035013,-0.048715,-0.624391,-0.228765,-0.746861,-0.341467,-0.780008,0.524391,-0.702521,0.582454,0.408914,-2e-05,-5.7e-05,-3.8e-05,0.005962,-0.089585,0.177507,-0.757197
855,0.073614,0.020995,0.385413,-0.599624,-0.29096,-0.745545,-0.390868,-0.706463,0.590003,-0.697627,0.64555,0.310819,0.000523,0.001462,0.000944,-0.241856,-0.325047,-0.155496,-1.915785,-0.198953,0.056252,0.35115,0.710357,0.051055,0.701982,-0.543214,0.673794,0.500854,-0.448295,-0.737165,0.505453,-0.02465,0.022503,-0.013983,-0.254527,0.400855,0.505291,0.539088,0.019835,0.050785,-0.001598,-0.6738,0.035774,0.738046,0.484166,-0.733159,0.477556,0.558189,0.679115,0.476682,-0.006201,0.005034,-0.003839,-0.07182,0.183248,0.119514,0.521589,0.051202,0.035014,-0.048679,-0.622711,-0.231721,-0.747352,-0.342324,-0.778198,0.526517,-0.703593,0.583705,0.40527,0.000352,0.000978,0.000631,-0.42901,-0.538471,-0.254025,-0.757851
856,0.073559,0.021,0.385511,-0.598522,-0.293091,-0.745596,-0.391538,-0.704963,0.591352,-0.698199,0.646228,0.308114,0.000843,0.002356,0.001521,-0.024359,-0.03274,-0.015653,-1.915953,-0.199243,0.056516,0.350946,0.709867,0.043447,0.702988,-0.541595,0.671586,0.505551,-0.451027,-0.739652,0.499352,-0.012883,0.019977,-0.016292,-0.292049,0.554098,0.376475,0.539048,0.019682,0.05093,-0.001702,-0.672406,0.043651,0.738894,0.482876,-0.730707,0.482593,0.560981,0.681293,0.470254,-0.012177,0.004855,-0.003539,-0.008157,0.113275,0.030218,0.521099,0.051175,0.035016,-0.04863,-0.620605,-0.235454,-0.747937,-0.343396,-0.775907,0.529194,-0.70493,0.585259,0.400678,-2.1e-05,-0.003616,0.005574,-0.021121,0.024312,-0.014072,-0.758014
857,0.073383,0.021089,0.385675,-0.593461,-0.301478,-0.746298,-0.394221,-0.69953,0.596002,-0.701007,0.648284,0.297229,0.000773,0.002157,0.001391,-0.11969,-0.161181,-0.077011,-1.916469,-0.199935,0.056862,0.350633,0.708656,0.028252,0.704982,-0.538746,0.66668,0.514999,-0.456321,-0.744788,0.48675,-0.024381,0.009357,-0.007304,-0.160511,0.310499,0.170294,0.539282,0.01933,0.051106,-0.001868,-0.668903,0.06065,0.740871,0.480884,-0.724713,0.493498,0.566849,0.686376,0.455597,-0.012188,0.004627,-0.003671,-0.156375,0.309256,0.169557,0.520446,0.051088,0.035063,-0.048547,-0.615418,-0.243349,-0.749694,-0.346038,-0.771165,0.534378,-0.708179,0.588289,0.390382,0.000471,0.001319,0.000852,-0.12506,-0.174212,-0.083884,-0.759483
858,0.073198,0.021007,0.38593,-0.585036,-0.316306,-0.746812,-0.398863,-0.689576,0.604454,-0.705454,0.651894,0.278199,-0.011864,0.005016,0.003182,-0.230645,-0.295193,-0.177339,-1.916768,-0.200806,0.057023,0.350396,0.706889,0.019945,0.707037,-0.540953,0.659084,0.522409,-0.456448,-0.751772,0.475769,-0.012675,0.006385,-0.009889,-0.206438,0.361696,0.211077,0.539291,0.0189,0.051187,-0.00198,-0.666268,0.067622,0.742639,0.48434,-0.717987,0.499908,0.567011,0.692763,0.44562,-0.012269,0.003647,-0.004258,-0.370942,0.503259,0.303231,0.519629,0.051005,0.035023,-0.048425,-0.606858,-0.257329,-0.751999,-0.350483,-0.762542,0.543774,-0.71336,0.593557,0.372565,0.000436,0.001222,0.000792,-0.358228,-0.487865,-0.200344,-0.76128
859,0.073031,0.020993,0.386063,-0.581599,-0.322741,-0.746744,-0.400764,-0.685173,0.608193,-0.707219,0.653391,0.270088,-0.011993,0.004655,0.002948,-0.11657,-0.141304,-0.103885,-1.916387,-0.201219,0.057058,0.350293,0.705577,0.023387,0.708241,-0.548401,0.65081,0.52501,-0.449521,-0.758853,0.471101,-0.01226,-0.003959,-0.001566,-1.483943,-0.382959,-0.468447,0.539416,0.018702,0.051202,-0.002035,-0.665154,0.067213,0.743674,0.488672,-0.713863,0.501595,0.564596,0.697051,0.441984,-0.006126,-0.001957,-0.000757,-0.002106,0.039743,-0.010002,0.519629,0.050917,0.035015,-0.048353,-0.602602,-0.264532,-0.752922,-0.35265,-0.758081,0.548588,-0.715896,0.596099,0.363534,-0.005954,0.00246,0.001561,-0.069293,-0.097564,-0.084451,-0.758667
860,0.07265,0.020876,0.386365,-0.57393,-0.335176,-0.7472,-0.405365,-0.676539,0.614773,-0.710858,0.65614,0.253353,-0.013644,-0.007027,0.011233,-0.200385,-0.18991,-0.151252,-1.917315,-0.201972,0.057183,0.35008,0.703729,0.025494,0.710005,-0.552929,0.647,0.524971,-0.446857,-0.762039,0.468486,-0.024483,0.007991,-0.008126,0.023909,0.042648,-0.058678,0.539978,0.018312,0.051266,-0.002144,-0.663411,0.063068,0.745592,0.497586,-0.707004,0.502544,0.558832,0.70439,0.437653,-0.012234,0.004059,-0.004013,0.047285,0.018713,-0.075395,0.519956,0.050728,0.034963,-0.048204,-0.59484,-0.276081,-0.754945,-0.35705,-0.750693,0.555854,-0.720194,0.600198,0.347968,-0.000595,-0.005194,0.004565,-0.211218,-0.32135,0.042517,-0.760953
861,0.072401,0.020387,0.386809,-0.561552,-0.367236,-0.741514,-0.385914,-0.676492,0.627217,-0.731272,0.63883,0.239092,-0.001464,-0.01116,0.00863,3.889534,-3.684119,-1.44882,-1.917598,-0.202748,0.057358,0.349801,0.700539,0.040153,0.712478,-0.569293,0.633267,0.524225,-0.431003,-0.772887,0.46556,-0.024305,-0.004874,-0.001326,-0.004759,0.030861,-0.058195,0.539943,0.017938,0.051355,-0.002278,-0.661987,0.047944,0.747979,0.515425,-0.695408,0.500743,0.544159,0.717013,0.43564,-0.006362,0.002903,-0.00511,0.036652,0.007272,-0.04374,0.520119,0.050598,0.034714,-0.047978,-0.581832,-0.307417,-0.752971,-0.338286,-0.750452,0.567787,-0.739617,0.585076,0.332642,-0.000776,-0.005805,0.00429,3.913258,-3.661335,-1.438058,-0.761443
862,0.072197,0.020132,0.387095,-0.557043,-0.379113,-0.738932,-0.37805,-0.676485,0.631995,-0.738787,0.631871,0.234433,-0.001155,-0.010301,0.009188,0.009764,-0.165242,-0.093001,-1.917609,-0.203095,0.057324,0.349662,0.698768,0.048718,0.713682,-0.577715,0.626594,0.52303,-0.422568,-0.777829,0.465061,-0.012688,-0.008496,-0.004311,-0.014989,0.142925,-0.217488,0.539992,0.017765,0.051345,-0.002344,-0.661347,0.039155,0.749057,0.524438,-0.689836,0.499088,0.536268,0.722905,0.435687,-0.006336,-0.004183,-0.002105,-0.012918,0.023071,-0.059946,0.520119,0.050501,0.034591,-0.047844,-0.576217,-0.320158,-0.751978,-0.329325,-0.751127,0.572147,-0.748009,0.577327,0.327376,-0.007415,-0.008657,0.010231,1.125814,-1.088968,-0.467943,-0.759483
863,0.071937,0.019584,0.387632,-0.544109,-0.408195,-0.733053,-0.358809,-0.676587,0.643007,-0.757775,0.613398,0.222591,-0.002642,-0.021509,0.017809,-0.383487,-0.410806,-0.240318,-1.91787,-0.203808,0.057142,0.349413,0.696276,0.057431,0.715467,-0.586577,0.619804,0.521252,-0.414371,-0.782671,0.464313,-0.012786,-0.009224,-0.004768,-0.003572,0.031454,-0.052997,0.540087,0.017399,0.051252,-0.002474,-0.659694,0.030129,0.75093,0.534089,-0.68417,0.496648,0.528727,0.7287,0.435251,-0.006396,-0.004665,-0.002404,-0.003956,0.031476,-0.052854,0.520119,0.050367,0.034321,-0.047574,-0.56312,-0.34776,-0.749638,-0.308608,-0.753011,0.581148,-0.766587,0.558601,0.316714,-0.000825,-0.005799,0.00418,-0.336319,-0.478326,-0.237918,-0.764382
864,0.071968,0.019168,0.387851,-0.533981,-0.434921,-0.725088,-0.341651,-0.673478,0.655495,-0.772761,0.598288,0.211942,0.010625,-0.015643,0.005814,-0.039131,-0.720934,-0.497304,-1.917667,-0.204617,0.056882,0.349265,0.696127,0.081137,0.713312,-0.604074,0.60289,0.521105,-0.388626,-0.793738,0.467774,-0.024462,-0.005606,-0.0018,-1.198379,-0.994778,-0.644657,0.540266,0.016998,0.051113,-0.002554,-0.662401,0.007553,0.749111,0.552392,-0.670541,0.495213,0.506051,0.741833,0.439995,-0.012218,-0.003452,-0.00119,-4.030589,-3.373047,-1.936166,0.520283,0.050381,0.034105,-0.047457,-0.551637,-0.375158,-0.74495,-0.291329,-0.750222,0.593542,-0.781551,0.544446,0.304556,0.005288,-0.007888,0.002863,-0.149091,-0.844422,-0.541757,-0.772873
865,0.072075,0.019016,0.387801,-0.514056,-0.466412,-0.719897,-0.324463,-0.671198,0.666475,-0.793411,0.576763,0.194602,-0.000516,-0.001426,-0.000921,-0.224788,-0.324446,-0.149901,-1.917765,-0.2054,0.056663,0.349195,0.692617,0.096457,0.714821,-0.616853,0.592643,0.517882,-0.374534,-0.79974,0.469045,-0.012388,-0.004265,-0.001792,0.006794,0.001119,-0.039458,0.540145,0.016598,0.051001,-0.00259,-0.660806,-0.00937,0.750498,0.567289,-0.660958,0.49124,0.491445,0.750363,0.442081,-0.006187,-0.002046,-0.000834,-0.014436,0.022226,-0.024705,0.521752,0.050434,0.034026,-0.047484,-0.529478,-0.407588,-0.743991,-0.274241,-0.747684,0.60478,-0.802772,0.524252,0.284105,-0.00025,-0.000679,-0.000446,-0.187971,-0.283809,-0.133809,-0.774016
866,0.072102,0.018986,0.387758,-0.504243,-0.479396,-0.718306,-0.324284,-0.665818,0.671936,-0.799762,0.572349,0.181173,-0.000697,-0.001927,-0.001244,0.844539,-1.579865,-0.517873,-1.917603,-0.205702,0.056599,0.349177,0.691049,0.105936,0.714996,-0.622064,0.590684,0.513872,-0.368751,-0.800003,0.473161,-0.024162,-0.001974,0.000388,0.053362,-0.06136,-0.125009,0.540408,0.016455,0.050969,-0.0026,-0.660427,-0.018971,0.750649,0.572388,-0.659759,0.486917,0.486011,0.751236,0.446582,-0.006125,-0.001375,-0.000427,0.042972,-0.071726,-0.092949,0.522569,0.050448,0.034013,-0.047504,-0.520601,-0.418803,-0.744027,-0.274978,-0.742756,0.610491,-0.808307,0.522414,0.271518,-0.000436,-0.001284,-0.000726,3.503209,-4.306543,-1.321004,-0.778425
867,0.072345,0.018881,0.387453,-0.483311,-0.504622,-0.715411,-0.3245,-0.655734,0.681678,-0.812513,0.562239,0.15407,-0.00175,0.002276,-0.014391,-0.446009,-0.651692,-0.312279,-1.917582,-0.206273,0.056571,0.349187,0.693918,0.114217,0.710931,-0.621505,0.593351,0.511467,-0.36427,-0.796894,0.481799,-0.012099,-0.001117,0.000114,0.197499,-0.304448,-0.260863,0.54009,0.016166,0.050958,-0.002593,-0.664388,-0.025181,0.746962,0.571205,-0.661638,0.485755,0.481987,0.7494,0.453968,-0.012034,-0.000415,0.00055,0.360791,-0.471443,-0.42116,0.523222,0.050573,0.033968,-0.047645,-0.498528,-0.443504,-0.744831,-0.273546,-0.734832,0.620639,-0.822582,0.513152,0.245015,0.004813,-0.005685,-0.003652,-0.503575,-0.696508,-0.322004,-0.785773
868,0.072563,0.018557,0.38709,-0.465255,-0.525643,-0.712237,-0.323371,-0.6481,0.68947,-0.823443,0.551749,0.132446,-0.002844,-0.007891,-0.005123,-0.520498,-0.686788,-0.353331,-1.917881,-0.206848,0.056457,0.349188,0.69636,0.118754,0.707793,-0.622951,0.589511,0.514142,-0.357055,-0.799084,0.483569,-0.012285,-0.00291,-0.000977,-0.002002,0.015137,-0.029295,0.540112,0.015879,0.050905,-0.002589,-0.667593,-0.030903,0.743884,0.573537,-0.65843,0.487363,0.474735,0.752006,0.457287,-0.006068,-0.007547,0.003123,-0.041579,0.05179,-0.068449,0.522405,0.05068,0.033802,-0.047836,-0.480206,-0.463485,-0.744703,-0.271934,-0.728505,0.628754,-0.833938,0.504442,0.223795,0.004916,-0.005421,-0.003489,-0.201719,-0.277517,-0.125593,-0.795408
869,0.072661,0.018254,0.386894,-0.460953,-0.531436,-0.710733,-0.3259,-0.643575,0.692511,-0.824869,0.551502,0.124353,-0.002393,-0.006648,-0.004327,-0.068481,-0.078185,-0.068401,-1.917939,-0.207202,0.056336,0.349138,0.695301,0.118918,0.708806,-0.623871,0.589291,0.513279,-0.357513,-0.799223,0.483002,-0.000364,-0.003613,-0.002197,-0.001489,0.016253,-0.02375,0.539486,0.015697,0.050845,-0.002614,-0.666487,-0.031125,0.744865,0.574414,-0.658332,0.486462,0.475228,0.752082,0.456649,-0.006098,-0.000964,-0.000185,-0.011586,0.127967,-0.192651,0.521589,0.050727,0.033649,-0.047935,-0.474115,-0.471091,-0.743832,-0.275271,-0.723159,0.633455,-0.836325,0.505086,0.213183,0.005176,-0.004712,-0.003032,-0.052116,-0.091073,-0.005998,-0.802429
870,0.072633,0.01806,0.38684,-0.461183,-0.531504,-0.710534,-0.325914,-0.64335,0.692714,-0.824734,0.5517,0.124368,-0.00258,-0.007167,-0.004672,-0.001724,0.011634,-0.026352,-1.917882,-0.20727,0.056295,0.349107,0.694974,0.118957,0.709121,-0.624141,0.589246,0.513003,-0.357679,-0.799251,0.482833,-0.000218,-0.002161,-0.001315,0.0,-0.0,-0.0,0.539426,0.015663,0.050822,-0.002631,-0.666134,-0.031192,0.745178,0.574673,-0.65833,0.486159,0.475409,0.752082,0.456461,-0.000154,-0.001524,-0.000922,0.000635,0.000438,0.000407,0.521589,0.050716,0.033559,-0.047963,-0.474438,-0.471015,-0.743675,-0.275145,-0.723135,0.633538,-0.836184,0.505193,0.213485,-0.001145,-0.003191,-0.002082,0.011235,0.015329,0.007155,-0.805858
871,0.072591,0.017714,0.386805,-0.460084,-0.533469,-0.709773,-0.326966,-0.641446,0.693983,-0.824933,0.552024,0.121582,-0.001935,-0.005373,-0.003509,-0.034013,-0.0457,-0.021356,-1.91799,-0.207327,0.056178,0.349038,0.696412,0.119103,0.707683,-0.62317,0.589188,0.514247,-0.356569,-0.799272,0.483618,-0.000314,-0.003102,-0.001889,-0.0,-0.0,0.0,0.539166,0.015635,0.050764,-0.002665,-0.667681,-0.031148,0.743794,0.573748,-0.658165,0.487473,0.474356,0.752228,0.457316,-0.000192,-0.001902,-0.001157,0.000769,0.002643,-0.002767,0.522242,0.050691,0.033375,-0.047982,-0.473288,-0.473037,-0.743123,-0.276338,-0.72128,0.63513,-0.836441,0.505953,0.210655,-0.000974,-0.002704,-0.001767,-0.015057,-0.024014,-0.011022,-0.808797
872,0.072809,0.017389,0.386559,-0.45386,-0.540936,-0.708127,-0.330597,-0.63577,0.697477,-0.826938,0.551333,0.110605,0.010484,-0.009137,-0.005901,-0.246249,-0.347128,-0.125826,-1.918048,-0.207344,0.055988,0.348944,0.695928,0.119122,0.708157,-0.623589,0.589051,0.513896,-0.356783,-0.799369,0.483299,-0.000448,-0.004418,-0.002695,0.0,-0.0,-0.0,0.539595,0.015626,0.050671,-0.00271,-0.667153,-0.031213,0.744266,0.574165,-0.658094,0.487078,0.474595,0.752287,0.456971,-0.000266,-0.002628,-0.001602,-0.001185,0.016498,-0.023634,0.522242,0.050797,0.033216,-0.048103,-0.467312,-0.479801,-0.742569,-0.279855,-0.716452,0.639043,-0.838629,0.506445,0.200532,-0.001248,-0.003485,-0.002284,-0.355024,-0.443779,-0.240581,-0.80994
873,0.072865,0.017377,0.386408,-0.449324,-0.546661,-0.706621,-0.333022,-0.631479,0.700215,-0.828444,0.550623,0.102574,2.7e-05,0.00722,-0.011218,-0.221542,-0.362775,-0.145431,-1.917806,-0.207325,0.055913,0.348886,0.695822,0.11912,0.70826,-0.623665,0.589053,0.513803,-0.356857,-0.799368,0.483246,-0.000557,0.008094,-0.009701,0.036088,-0.014677,0.015929,0.53929,0.015635,0.050629,-0.002742,-0.667043,-0.031219,0.744364,0.574231,-0.658109,0.48698,0.474671,0.752274,0.456914,-0.000277,0.004052,-0.004848,0.036334,-0.014515,0.016074,0.522079,0.050826,0.033199,-0.048179,-0.462478,-0.48555,-0.741859,-0.282374,-0.712487,0.642359,-0.840463,0.506559,0.192403,-0.000587,-0.001648,-0.00108,-0.355874,-0.461607,-0.217289,-0.810594
874,0.072916,0.017769,0.385911,-0.432823,-0.55809,-0.707986,-0.337019,-0.628256,0.701201,-0.835598,0.542794,0.084724,0.001352,0.018051,-0.020055,-0.286102,-0.515005,-0.19349,-1.91788,-0.20726,0.055769,0.348781,0.695151,0.119129,0.708918,-0.624201,0.588946,0.513273,-0.357227,-0.799446,0.482844,0.01162,-0.003986,-0.003226,0.002045,-0.015205,0.029245,0.538925,0.015664,0.050559,-0.002793,-0.666326,-0.031305,0.745002,0.574756,-0.658074,0.486407,0.475041,0.752301,0.456485,-0.000199,-0.001978,-0.00121,-0.001327,0.016342,-0.02362,0.521916,0.050853,0.033395,-0.048422,-0.446284,-0.495489,-0.745198,-0.286052,-0.71005,0.643429,-0.847941,0.500318,0.175149,5.3e-05,0.003698,-0.005548,-0.320968,-0.514246,-0.218631,-0.80945
875,0.073138,0.018152,0.385207,-0.407732,-0.577121,-0.707623,-0.340174,-0.62319,0.704193,-0.846887,0.528553,0.058659,-0.000423,0.005963,-0.012033,-0.496178,-0.734197,-0.323077,-1.917845,-0.207296,0.055655,0.348736,0.693836,0.123272,0.709498,-0.628191,0.585078,0.51283,-0.35275,-0.801661,0.482463,-0.00022,-0.002169,-0.001327,-0.363171,-0.142913,-0.403879,0.539427,0.01565,0.050501,-0.002817,-0.665641,-0.035179,0.745441,0.578706,-0.655023,0.485843,0.47119,0.754789,0.456369,-0.000126,-0.001289,-0.00078,-1.183356,-0.863084,-0.812894,0.522079,0.050965,0.033593,-0.048775,-0.420886,-0.513248,-0.74795,-0.289112,-0.70564,0.646904,-0.859807,0.488514,0.148608,0.006525,0.006121,-0.011888,-0.118872,-0.306773,-0.09411,-0.808961
876,0.073268,0.018606,0.384525,-0.396968,-0.587946,-0.704827,-0.344747,-0.616201,0.708109,-0.850157,0.524813,0.042802,-0.000168,0.006672,-0.011561,-0.235919,-0.384224,-0.158594,-1.918004,-0.207271,0.055473,0.348699,0.693252,0.125891,0.709609,-0.629158,0.585722,0.510905,-0.352171,-0.800786,0.484335,-0.000332,-0.003282,-0.002011,0.000465,-0.00076,-0.000549,0.539136,0.015662,0.050411,-0.002834,-0.665246,-0.038332,0.745639,0.579932,-0.65552,0.483705,0.47024,0.754203,0.458313,-0.000172,-0.001697,-0.00104,-0.006857,0.00665,0.004515,0.521916,0.05103,0.033819,-0.049117,-0.409011,-0.524684,-0.746603,-0.293987,-0.698781,0.652131,-0.863875,0.48622,0.131559,0.000388,0.00819,-0.010563,-0.337275,-0.545827,-0.246163,-0.810267
877,0.073343,0.018843,0.384167,-0.396115,-0.587884,-0.705358,-0.344082,-0.6172,0.707563,-0.850825,0.523706,0.043085,0.000742,0.016351,-0.021134,0.06377,-0.030309,0.002569,-1.917859,-0.207261,0.055382,0.348653,0.692002,0.132624,0.709602,-0.633449,0.582765,0.508981,-0.346882,-0.801865,0.486362,-0.000433,-0.004274,-0.002621,0.0518,-0.084664,-0.061219,0.539386,0.015668,0.050367,-0.002857,-0.664828,-0.04515,0.74563,0.584375,-0.653198,0.481494,0.465305,0.755839,0.460649,-0.000225,-0.002237,-0.001372,0.044826,-0.079042,-0.057485,0.521752,0.051068,0.033936,-0.049291,-0.407436,-0.525361,-0.746988,-0.293696,-0.699126,0.651892,-0.864718,0.484992,0.130552,0.006851,0.007036,-0.011273,0.094945,-0.02437,0.0746,-0.816635
878,0.07349,0.019288,0.38348,-0.388528,-0.593985,-0.704466,-0.340823,-0.617688,0.708712,-0.855627,0.51619,0.038427,-0.000527,0.005667,-0.012215,-0.042594,-0.109033,-0.059877,-1.918142,-0.207322,0.055119,0.348516,0.688857,0.147536,0.709719,-0.644675,0.572123,0.506955,-0.332103,-0.806929,0.4883,-0.000775,-0.007633,-0.004692,-0.272595,-0.465251,-0.187438,0.539518,0.015638,0.050242,-0.002921,-0.663435,-0.059716,0.745846,0.59639,-0.644171,0.478917,0.451854,0.762546,0.46298,-0.000377,-0.003718,-0.002275,-1.083862,-0.993724,-0.958338,0.520772,0.051142,0.034163,-0.049638,-0.399872,-0.530964,-0.747113,-0.290267,-0.699804,0.6527,-0.869394,0.477859,0.125711,0.006754,0.006777,-0.011439,-0.025949,-0.178643,-0.000816,-0.82431
879,0.073588,0.019729,0.382874,-0.379856,-0.603104,-0.701442,-0.344362,-0.611604,0.712269,-0.85811,0.512858,0.025514,0.001781,0.019252,-0.019189,-0.160202,-0.348199,-0.119326,-1.918747,-0.207284,0.054821,0.348372,0.686798,0.15945,0.709137,-0.650198,0.570613,0.501575,-0.325514,-0.805747,0.494647,-0.000635,-0.006264,-0.003859,0.040679,-0.052846,-0.073692,0.539705,0.015656,0.050087,-0.002997,-0.662952,-0.072803,0.745113,0.60211,-0.643324,0.47286,0.444923,0.762124,0.470328,-0.000284,-0.002821,-0.00174,0.011979,-0.045225,-0.034649,0.519793,0.051188,0.034372,-0.049942,-0.391063,-0.539804,-0.745439,-0.293847,-0.69432,0.656941,-0.872194,0.475951,0.112903,0.000327,0.00445,-0.005038,-0.27705,-0.429073,-0.184685,-0.819574
880,0.073571,0.020044,0.382592,-0.3747,-0.608542,-0.699515,-0.346581,-0.607869,0.714387,-0.859487,0.510875,0.017735,-0.011513,0.013337,-0.007236,-0.117727,-0.209197,-0.113645,-1.918225,-0.207205,0.054704,0.348305,0.683472,0.168521,0.710252,-0.656014,0.568303,0.496599,-0.320794,-0.805546,0.498047,0.011479,-0.005764,-0.004344,0.065646,-0.200709,0.104621,0.539469,0.015695,0.050024,-0.003033,-0.660635,-0.082302,0.746181,0.607944,-0.641782,0.467459,0.440413,0.762457,0.474019,0.005752,-0.002777,-0.002111,0.020729,-0.161149,0.13742,0.520446,0.05118,0.034537,-0.050091,-0.385007,-0.545918,-0.744138,-0.296464,-0.690406,0.659885,-0.874001,0.474671,0.103966,-0.005695,0.006809,-0.003528,-0.069326,-0.15822,-0.087025,-0.815002
881,0.07363,0.021055,0.381813,-0.360454,-0.622812,-0.694423,-0.352488,-0.598338,0.719525,-0.863186,0.504904,-0.002991,0.004018,0.032598,-0.026269,-0.190332,-0.455904,-0.14932,-1.918522,-0.206977,0.054545,0.34818,0.681212,0.18694,0.70781,-0.66427,0.563979,0.490517,-0.308333,-0.804544,0.507447,-0.000425,-0.004226,-0.00261,0.095485,-0.23704,0.038104,0.539934,0.015809,0.049947,-0.003094,-0.660679,-0.100605,0.743895,0.616355,-0.638371,0.461072,0.428495,0.763125,0.483767,0.005855,-0.001806,-0.001514,0.08716,-0.165682,-0.080389,0.521752,0.051209,0.035032,-0.050469,-0.370783,-0.55944,-0.741313,-0.302127,-0.682132,0.665893,-0.878201,0.470873,0.083901,0.002694,0.021729,-0.017514,-0.254025,-0.59535,-0.194928,-0.813043
882,0.074003,0.022602,0.380411,-0.34461,-0.630909,-0.695157,-0.358319,-0.596066,0.71853,-0.867264,0.497483,-0.019786,0.004303,0.040507,-0.036879,-0.041603,-0.320534,-0.060129,-1.918476,-0.206747,0.054366,0.348097,0.680737,0.192052,0.706898,-0.665362,0.565513,0.48726,-0.307021,-0.802266,0.51183,0.011717,-0.003562,-0.002994,0.00409,-0.004729,0.00132,0.539932,0.015924,0.049856,-0.003137,-0.660945,-0.105835,0.742933,0.617147,-0.6399,0.457883,0.426943,0.761135,0.488254,0.005874,-0.001652,-0.001422,-0.018885,0.019942,0.017976,0.522079,0.051397,0.035808,-0.051162,-0.354313,-0.567254,-0.743427,-0.308336,-0.679674,0.66556,-0.88283,0.465042,0.065913,0.002094,0.02003,-0.018593,-0.057662,-0.346457,-0.079875,-0.813859
883,0.074165,0.023414,0.379624,-0.336496,-0.631944,-0.698185,-0.361676,-0.597846,0.715362,-0.869063,0.494017,-0.026512,0.005346,0.050527,-0.046101,0.087203,-0.210842,0.018852,-1.918673,-0.206667,0.054288,0.34811,0.678851,0.201234,0.706157,-0.670009,0.562959,0.483837,-0.301011,-0.801824,0.516074,-7.8e-05,-0.000786,-0.000487,0.06574,-0.10699,-0.077338,0.539737,0.015964,0.049814,-0.003132,-0.660237,-0.115047,0.742192,0.621783,-0.638015,0.454225,0.421273,0.76138,0.492776,0.005978,-0.000596,-0.000768,0.066192,-0.127929,-0.05313,0.522242,0.051479,0.036229,-0.05157,-0.345979,-0.567956,-0.746808,-0.311811,-0.681121,0.662455,-0.884913,0.462059,0.058559,0.002668,0.025176,-0.023113,0.142989,-0.148564,0.045293,-0.807817
884,0.07441,0.024958,0.378012,-0.33199,-0.631649,-0.700605,-0.357899,-0.602863,0.713047,-0.872358,0.488254,-0.025045,0.015098,0.032488,-0.041922,0.136862,-0.078703,0.064968,-1.919694,-0.206592,0.054197,0.34817,0.677986,0.206376,0.705504,-0.671453,0.564194,0.480385,-0.299738,-0.799653,0.520169,0.000126,0.001267,0.000784,0.138689,-0.225815,-0.163138,0.53964,0.016001,0.049767,-0.003103,-0.660152,-0.118878,0.741665,0.622615,-0.638945,0.451772,0.420178,0.76001,0.495816,3e-06,6.1e-05,3.5e-05,0.299908,-0.420006,-0.296187,0.522569,0.051596,0.03698,-0.052342,-0.342171,-0.566788,-0.749445,-0.30772,-0.686015,0.659311,-0.887821,0.456216,0.060322,0.007714,0.016626,-0.020711,0.13932,-0.088188,0.092169,-0.813696
885,0.075099,0.025748,0.376527,-0.338157,-0.62481,-0.703781,-0.366307,-0.601493,0.709929,-0.866475,0.498642,-0.024592,0.024709,0.014149,-0.038049,-1.058917,1.009135,0.213834,-1.919473,-0.20657,0.054132,0.348239,0.677847,0.206352,0.705644,-0.671633,0.563946,0.480424,-0.299646,-0.799834,0.519943,0.000257,-0.01122,0.007802,-0.036069,0.014522,-0.016024,0.539715,0.016013,0.049744,-0.003068,-0.659884,-0.120105,0.741705,0.623136,-0.639044,0.450913,0.419826,0.759734,0.496537,1.9e-05,0.000212,0.00013,-0.001496,0.003359,0.002529,0.522569,0.051938,0.037396,-0.0531,-0.347664,-0.560465,-0.75167,-0.315083,-0.685222,0.656652,-0.883092,0.465133,0.061634,0.012109,0.006438,-0.01948,-3.792202,3.831294,-0.070426,-0.813043
886,0.075901,0.025868,0.375338,-0.337645,-0.620474,-0.707851,-0.36304,-0.608005,0.706048,-0.868047,0.496142,-0.019081,0.022014,-0.007729,-0.020847,0.124478,0.08977,0.114105,-1.920225,-0.206592,0.054101,0.348311,0.677241,0.206355,0.706225,-0.672175,0.563601,0.480071,-0.2998,-0.800076,0.519481,0.00027,-0.011084,0.007888,-0.036104,0.014577,-0.015985,0.53974,0.016002,0.049729,-0.003032,-0.659259,-0.120115,0.742259,0.623662,-0.638784,0.450553,0.420025,0.759951,0.496036,3.2e-05,0.000327,0.000202,0.000778,0.000571,0.000607,0.522732,0.052335,0.03746,-0.053698,-0.348514,-0.555216,-0.755163,-0.312845,-0.690569,0.652105,-0.883552,0.463517,0.066977,0.011425,0.00082,-0.015261,0.207932,0.151344,0.1396,-0.815819
887,0.076199,0.025768,0.374987,-0.33952,-0.61653,-0.710396,-0.360931,-0.612065,0.703617,-0.868194,0.49606,-0.013827,0.021524,-0.016286,-0.01067,0.118391,0.148997,0.11984,-1.920488,-0.206582,0.054099,0.34833,0.67716,0.206349,0.706304,-0.672253,0.563536,0.480038,-0.299808,-0.800124,0.519404,7.4e-05,0.00075,0.000464,0.0,-0.0,-0.0,0.539429,0.016007,0.049723,-0.003019,-0.659164,-0.120105,0.742345,0.623752,-0.63872,0.45052,0.420041,0.760007,0.495937,3.7e-05,0.000386,0.000236,0.000677,0.000428,0.000466,0.522732,0.052487,0.037407,-0.053887,-0.350647,-0.550844,-0.757375,-0.310599,-0.694545,0.648948,-0.883501,0.462792,0.072448,0.005109,-0.001334,-0.008806,0.171795,0.076052,0.293716,-0.816145
888,0.076857,0.025194,0.374609,-0.340699,-0.610433,-0.715081,-0.36614,-0.61441,0.698867,-0.865546,0.500681,-0.01328,0.021783,-0.015702,-0.010312,-0.000286,-0.01722,0.040107,-1.920971,-0.206552,0.054127,0.348346,0.676738,0.206349,0.706708,-0.672586,0.563413,0.479716,-0.300015,-0.80021,0.519151,4e-05,0.000403,0.000249,0.0,-0.0,-0.0,0.539362,0.016022,0.049738,-0.003011,-0.658728,-0.120134,0.742727,0.624061,-0.638658,0.45018,0.420267,0.760054,0.495673,2.5e-05,0.00027,0.000164,0.000469,0.000279,0.000314,0.522569,0.052809,0.037131,-0.054075,-0.352319,-0.544397,-0.761249,-0.316036,-0.696417,0.6443,-0.880903,0.467581,0.073312,0.004614,-0.00632,-0.004195,-0.029227,-0.03119,0.068198,-0.817778
889,0.077496,0.024416,0.374416,-0.344851,-0.597981,-0.723562,-0.369762,-0.621993,0.690197,-0.862353,0.506303,-0.00571,0.022104,-0.014951,-0.009838,0.157033,0.207683,0.150981,-1.921207,-0.206487,0.05414,0.34835,0.676465,0.206335,0.706974,-0.672796,0.563336,0.479511,-0.30016,-0.800268,0.518978,2e-06,1.9e-05,1.2e-05,0.0,-0.0,-0.0,0.53902,0.016055,0.049745,-0.003009,-0.658444,-0.120138,0.742979,0.624255,-0.638621,0.449964,0.420424,0.760085,0.495493,-2e-06,-2.1e-05,-1.4e-05,0.000314,0.000198,0.000191,0.522732,0.053135,0.036731,-0.054173,-0.357059,-0.531237,-0.768306,-0.319774,-0.703307,0.634904,-0.87764,0.472383,0.081246,0.004216,-0.011097,0.000556,0.160679,0.197378,0.301813,-0.817451
890,0.077787,0.024083,0.374302,-0.351747,-0.584244,-0.731422,-0.371605,-0.630018,0.681879,-0.858762,0.512373,0.005414,0.008233,-0.022809,0.000711,0.364125,0.573115,0.5109,-1.921206,-0.206461,0.054131,0.348342,0.676396,0.206328,0.707042,-0.672848,0.563317,0.47946,-0.300198,-0.800283,0.518932,-4e-05,-0.000406,-0.000251,0.0,-0.0,-0.0,0.539487,0.016068,0.049741,-0.003012,-0.658372,-0.120135,0.743043,0.624302,-0.638613,0.449911,0.420468,0.760092,0.495445,-2.7e-05,-0.000284,-0.000176,0.000257,0.000147,0.000189,0.522569,0.053286,0.036569,-0.054233,-0.363815,-0.518213,-0.77401,-0.322143,-0.709678,0.626561,-0.873991,0.477295,0.091253,0.011021,-0.007628,-0.005037,0.341975,0.660476,0.634593,-0.820064
891,0.07833,0.023299,0.374137,-0.357803,-0.565746,-0.742936,-0.368367,-0.645586,0.668952,-0.857647,0.513728,0.02352,0.008238,-0.02294,0.000598,0.212951,0.28369,0.431798,-1.921127,-0.206434,0.05413,0.34834,0.676342,0.20632,0.707096,-0.672888,0.563303,0.479421,-0.30023,-0.800295,0.518895,-0.0,-0.0,-0.0,0.0,-0.0,-0.0,0.539402,0.016081,0.049739,-0.003014,-0.658317,-0.120125,0.743093,0.624333,-0.638611,0.44987,0.420507,0.760095,0.495407,-1e-06,-2e-06,-4e-06,0.000179,0.00011,8.9e-05,0.522569,0.053558,0.036177,-0.054315,-0.371893,-0.497799,-0.783511,-0.318506,-0.724383,0.61141,-0.871922,0.476932,0.110841,0.004125,-0.011458,0.000299,0.233572,0.416322,0.486996,-0.823003
892,0.07864,0.022489,0.374289,-0.360481,-0.553038,-0.751164,-0.368185,-0.655567,0.659275,-0.8566,0.514909,0.033639,0.00997,-0.018002,0.003942,0.091401,0.08881,0.281973,-1.921847,-0.206436,0.0541,0.348321,0.676064,0.206326,0.70736,-0.673109,0.563222,0.479207,-0.300362,-0.800351,0.518732,-4.6e-05,-0.000461,-0.000285,0.0,-0.0,-0.0,0.539358,0.01608,0.049725,-0.003023,-0.658028,-0.120158,0.743343,0.624546,-0.638562,0.449644,0.420643,0.760131,0.495237,-3.4e-05,-0.000336,-0.00021,0.000117,7.1e-05,7.4e-05,0.522569,0.053711,0.035764,-0.054245,-0.37565,-0.484044,-0.790308,-0.318341,-0.733481,0.600552,-0.870371,0.477185,0.121441,0.004916,-0.009198,0.001829,0.091216,0.108683,0.25732,-0.825616
893,0.078913,0.021791,0.374612,-0.360724,-0.54474,-0.757088,-0.368944,-0.6622,0.652184,-0.856171,0.515257,0.03884,0.010064,-0.024985,0.015255,-0.017758,-0.002009,0.209471,-1.921715,-0.206454,0.054027,0.348266,0.675776,0.206336,0.707631,-0.67333,0.563158,0.478972,-0.300513,-0.800393,0.51858,-0.00027,-0.002732,-0.00169,0.0,-0.0,-0.0,0.539198,0.016072,0.049691,-0.003049,-0.657732,-0.120199,0.743599,0.624757,-0.63853,0.449397,0.420794,0.760152,0.495077,-0.000162,-0.001643,-0.001016,-0.00143,0.016276,-0.023728,0.522569,0.053851,0.035408,-0.054081,-0.376373,-0.475065,-0.795396,-0.319279,-0.739425,0.592714,-0.869714,0.477035,0.126621,0.005091,-0.012306,0.007748,-0.050873,-0.043787,0.18706,-0.825779
894,0.079034,0.021471,0.37483,-0.361447,-0.539487,-0.760497,-0.369051,-0.666264,0.647971,-0.85582,0.515538,0.042672,-0.00227,-0.021031,0.017826,0.13024,0.239251,0.296545,-1.921641,-0.206469,0.053968,0.34823,0.675633,0.206342,0.707767,-0.673444,0.563116,0.47886,-0.300579,-0.800422,0.518498,-0.000316,-0.003192,-0.001976,0.0,-0.0,-0.0,0.539248,0.016064,0.049662,-0.003067,-0.657583,-0.12022,0.743727,0.624868,-0.638503,0.449279,0.42086,0.760171,0.494991,-0.000188,-0.001913,-0.001184,-0.00145,0.01626,-0.023721,0.522569,0.053913,0.035258,-0.053978,-0.376625,-0.470615,-0.797918,-0.319809,-0.742331,0.588782,-0.86941,0.476932,0.129073,0.005812,-0.006616,0.003593,0.281905,0.3583,0.422544,-0.825616
895,0.079055,0.020929,0.375342,-0.366481,-0.523823,-0.768991,-0.373711,-0.674034,0.637173,-0.851642,0.521542,0.052224,-0.000845,-0.009673,0.009494,0.135386,0.279868,0.118402,-1.921662,-0.206472,0.053841,0.348151,0.675385,0.206344,0.708003,-0.673639,0.563043,0.478671,-0.300699,-0.800472,0.518351,-0.00034,-0.003437,-0.00213,-0.001502,0.016219,-0.023772,0.539416,0.016062,0.049597,-0.003107,-0.657341,-0.120248,0.743936,0.625046,-0.63846,0.449092,0.420972,0.760202,0.494847,-0.00011,-0.001131,-0.000701,3.2e-05,3e-05,3.7e-05,0.522569,0.053924,0.034986,-0.053717,-0.382957,-0.453554,-0.804755,-0.324405,-0.749652,0.576872,-0.86493,0.481984,0.139949,-0.000381,-0.004695,0.00484,0.180906,0.248072,0.320089,-0.824473
896,0.078994,0.020296,0.375936,-0.377365,-0.503449,-0.77729,-0.386861,-0.676911,0.626181,-0.840943,0.537626,0.06165,-0.002071,-0.020473,0.018243,-0.078702,0.196412,0.234688,-1.922295,-0.20648,0.053784,0.348093,0.675251,0.206351,0.708129,-0.673731,0.563046,0.478539,-0.300795,-0.800468,0.518301,-0.000159,-0.001609,-0.000998,0.0,0.0,0.0,0.539412,0.016058,0.049565,-0.003139,-0.657187,-0.120271,0.744069,0.625141,-0.638472,0.448943,0.421073,0.760188,0.494783,-7.6e-05,-0.00078,-0.000483,1.8e-05,2.1e-05,3.3e-05,0.522569,0.053895,0.034675,-0.053422,-0.39513,-0.4326,-0.810388,-0.337643,-0.752032,0.566076,-0.854323,0.497296,0.151086,-0.000471,-0.004952,0.004673,-0.326103,0.39602,0.261526,-0.824963
897,0.078919,0.019959,0.376238,-0.375668,-0.492049,-0.785371,-0.395711,-0.681153,0.615968,-0.837582,0.542789,0.06216,-0.014915,-0.017906,0.019874,0.047991,0.134795,0.285938,-1.922166,-0.206481,0.053786,0.348072,0.675135,0.206358,0.708238,-0.673808,0.563053,0.478421,-0.300883,-0.800461,0.51826,-4.8e-05,-0.000484,-0.0003,0.0,0.0,0.0,0.539115,0.016057,0.049565,-0.003149,-0.657179,-0.120276,0.744075,0.625126,-0.638511,0.448909,0.421107,0.760155,0.494804,-2.5e-05,-0.000274,-0.000169,1.6e-05,1.3e-05,2.7e-05,0.522569,0.053862,0.034507,-0.053271,-0.393941,-0.420576,-0.817267,-0.347064,-0.755278,0.555968,-0.851091,0.502663,0.151569,-0.001127,-0.01048,0.008961,0.040252,0.095343,0.50778,-0.82529
898,0.078638,0.019354,0.376959,-0.380783,-0.476439,-0.7925,-0.400315,-0.687653,0.605684,-0.833069,0.548475,0.072112,-0.001273,-0.01813,0.019866,0.230816,0.419271,0.384224,-1.922346,-0.206493,0.053764,0.348059,0.674961,0.206364,0.708401,-0.673946,0.563002,0.478287,-0.300963,-0.800495,0.518161,-5.2e-05,-0.000521,-0.000323,0.0,0.0,0.0,0.539177,0.016052,0.049555,-0.003155,-0.656887,-0.120317,0.744326,0.625345,-0.638457,0.44868,0.421237,0.760194,0.494634,-2.9e-05,-0.000292,-0.00018,2.1e-05,5e-06,-3e-06,0.522569,0.053715,0.0342,-0.052914,-0.398958,-0.405826,-0.822275,-0.352332,-0.760051,0.546062,-0.846577,0.50757,0.160243,-0.006857,-0.007151,0.011175,0.235558,0.458807,0.367204,-0.820881
899,0.078431,0.018954,0.377783,-0.386123,-0.460009,-0.79959,-0.410276,-0.690726,0.595436,-0.82573,0.558534,0.078975,0.000703,-0.012351,0.023796,0.236036,0.421448,0.416428,-1.922452,-0.206489,0.053704,0.348021,0.674854,0.206363,0.708504,-0.67403,0.562971,0.478205,-0.301016,-0.800517,0.518096,-0.00014,-0.00141,-0.000875,0.0,0.0,0.0,0.53905,0.016053,0.049527,-0.003173,-0.656775,-0.120328,0.744423,0.625427,-0.638438,0.448594,0.42129,0.760209,0.494567,-8.6e-05,-0.000869,-0.000538,8e-06,9e-06,0.0,0.522406,0.053609,0.033993,-0.052506,-0.404854,-0.389355,-0.827342,-0.362774,-0.762157,0.536199,-0.839337,0.51722,0.167315,0.000389,-0.006029,0.011999,-0.084409,-0.094,0.157699,-0.821044
