frame,MLTx,MLTy,MLTz,MLTR1,MLTR2,MLTR3,MLTR4,MLTR5,MLTR6,MLTR7,MLTR8,MLTR9,MLTTVx,MLTTVy,MLTTVz,MLTRVx,MLTRVy,MLTRVz,MLGA,MRTx,MRTy,MRTz,MRTR1,MRTR2,MRTR3,MRTR4,MRTR5,MRTR6,MRTR7,MRTR8,MRTR9,MRTTVx,MRTTVy,MRTTVz,MRTRVx,MRTRVy,MRTRVz,MRGA,SLTx,SLTy,SLTz,SLTR1,SLTR2,SLTR3,SLTR4,SLTR5,SLTR6,SLTR7,SLTR8,SLTR9,SLTTVx,SLTTVy,SLTTVz,SLTRVx,SLTRVy,SLTRVz,SLGA,SRTx,SRTy,SRTz,SRTR1,SRTR2,SRTR3,SRTR4,SRTR5,SRTR6,SRTR7,SRTR8,SRTR9,SRTTVx,SRTTVy,SRTTVz,SRTRVx,SRTRVy,SRTRVz,SRGA
756,0.072348,0.021294,0.389466,-0.402153,-0.721377,-0.563855,-0.24222,-0.51011,0.825281,-0.882472,0.469363,0.031118,0.011645,-0.005469,-0.003437,0.008562,-0.025791,0.029138,-1.419209,-0.188292,0.061541,0.343121,0.584133,0.317482,0.746984,-0.757919,0.542436,0.362292,-0.290886,-0.778167,0.55651,-0.000725,0.007271,-0.010071,0.249519,2.37887,-1.580421,0.536958,0.025437,0.05286,-0.005044,-0.605913,-0.203322,0.769109,0.666005,-0.658403,0.35063,0.435093,0.724682,0.534349,-0.000337,0.004194,-0.00469,-0.296072,0.396432,0.597112,0.517833,0.050816,0.034059,-0.045538,-0.452959,-0.644957,-0.615514,-0.202264,-0.598056,0.77551,-0.868283,0.475771,0.140444,-0.000561,-0.001559,-0.000983,0.083646,-0.111835,-0.030365,-0.788386
757,0.072413,0.021317,0.389328,-0.401847,-0.721343,-0.564117,-0.242044,-0.510491,0.825097,-0.88266,0.469,0.03125,0.012355,0.003587,-0.013427,0.034358,-0.020941,0.019142,-1.454899,-0.188347,0.061832,0.342866,0.581749,0.306407,0.753442,-0.757629,0.540918,0.365156,-0.296378,-0.783632,0.545843,-0.013084,0.020791,-0.015442,-0.294751,0.527494,0.414574,0.537251,0.025415,0.052995,-0.005167,-0.599111,-0.193189,0.777009,0.667201,-0.656936,0.351108,0.442616,0.728774,0.522474,-0.000607,0.010041,-0.008357,-0.049491,0.07747,0.3433,0.518323,0.050854,0.034073,-0.045612,-0.452615,-0.644913,-0.615812,-0.20207,-0.598454,0.775254,-0.868507,0.47533,0.140552,0.00618,0.001792,-0.006717,0.034276,-0.0207,0.018981,-0.784304
758,0.072527,0.021384,0.38904,-0.397137,-0.723729,-0.564397,-0.238509,-0.512483,0.824892,-0.885753,0.463108,0.031618,-0.001418,-0.003928,-0.002481,-0.000884,0.012758,-0.025825,-1.516701,-0.188548,0.062414,0.34231,0.585089,0.286274,0.758756,-0.753479,0.537662,0.378315,-0.30037,-0.793401,0.529297,-0.013177,0.018072,-0.017093,-0.157127,0.336772,0.234731,0.537722,0.025314,0.053296,-0.005444,-0.599079,-0.1706,0.782303,0.663731,-0.65229,0.36603,0.447844,0.73852,0.504006,-0.00063,0.009388,-0.008745,-0.203786,0.479481,0.172635,0.519466,0.050911,0.034108,-0.045754,-0.44796,-0.647326,-0.616684,-0.198607,-0.600478,0.774583,-0.871714,0.469461,0.140427,1.9e-05,0.003586,-0.005591,0.034874,-0.017919,0.014895,-0.794917
759,0.072623,0.021479,0.388723,-0.396506,-0.723691,-0.564889,-0.238002,-0.513282,0.824541,-0.886172,0.462279,0.031988,0.011601,-0.005603,-0.003527,0.000984,-0.014715,0.029553,-1.61022,-0.188743,0.063167,0.341575,0.588219,0.26892,0.762675,-0.749629,0.534906,0.389699,-0.303883,-0.801276,0.515243,-0.013205,0.016985,-0.017732,-0.059533,0.193575,0.125738,0.537715,0.025217,0.053667,-0.005804,-0.599092,-0.15263,0.785997,0.660724,-0.648716,0.377636,0.452251,0.745566,0.489487,-0.00067,0.008215,-0.00945,-0.08279,0.225153,0.19214,0.520283,0.050953,0.03415,-0.045911,-0.447416,-0.647253,-0.617156,-0.198139,-0.60119,0.774151,-0.8721,0.468651,0.140736,-8e-06,0.00351,-0.005638,0.033247,-0.00599,-0.010353,-0.801449
760,0.072672,0.021531,0.388567,-0.396002,-0.723593,-0.565367,-0.23785,-0.513886,0.824209,-0.886439,0.46176,0.032103,0.00021,0.007679,-0.010855,0.03426,-0.018985,0.015415,-1.640531,-0.188842,0.06351,0.341193,0.589876,0.261481,0.763979,-0.7477,0.533928,0.394714,-0.305424,-0.804375,0.50947,-0.001408,0.015315,-0.019584,-0.086236,0.220295,0.187841,0.537928,0.025163,0.053848,-0.006,-0.599415,-0.145281,0.787142,0.659143,-0.647515,0.382432,0.454127,0.748075,0.483892,-0.000689,0.007714,-0.009755,-0.124612,0.376976,0.058042,0.520119,0.050982,0.034176,-0.045994,-0.446916,-0.647097,-0.617681,-0.198016,-0.601787,0.773719,-0.872384,0.468098,0.140812,0.000112,0.003842,-0.005427,0.034147,-0.018819,0.015468,-0.799163
761,0.072773,0.021656,0.388234,-0.389533,-0.724604,-0.568558,-0.236152,-0.518131,0.822037,-0.889759,0.455377,0.031427,0.000267,0.007838,-0.010751,-0.029472,-0.071832,0.250004,-1.713044,-0.189114,0.064215,0.340249,0.590648,0.2526,0.766368,-0.747638,0.528402,0.402197,-0.30408,-0.810826,0.499959,-0.013959,0.022945,-0.02852,-0.091675,0.279702,0.221179,0.538653,0.025032,0.054191,-0.006456,-0.59854,-0.137547,0.789196,0.660427,-0.642313,0.388932,0.453414,0.753998,0.475289,-0.006693,0.005803,-0.010514,-0.301494,0.51074,0.370177,0.520283,0.051028,0.034235,-0.046152,-0.441133,-0.64832,-0.620549,-0.195949,-0.605201,0.771579,-0.875787,0.461965,0.139936,6e-06,0.00347,-0.005632,-0.673525,-0.59138,2.59655,-0.805531
762,0.072912,0.021805,0.387845,-0.387674,-0.723457,-0.571283,-0.237162,-0.520634,0.820163,-0.890305,0.45434,0.030977,-6e-05,0.006931,-0.011324,0.034207,-0.019043,0.015576,-1.795178,-0.189522,0.064742,0.339271,0.593209,0.237697,0.769152,-0.744134,0.526231,0.411437,-0.307682,-0.816704,0.488046,-0.014083,0.019855,-0.030424,-0.146128,0.373951,0.259907,0.538762,0.024828,0.054463,-0.006956,-0.598472,-0.121908,0.791813,0.65761,-0.639258,0.398617,0.457579,0.759266,0.462747,-0.006759,0.004203,-0.011507,-0.284523,0.501261,0.366924,0.520446,0.051102,0.034315,-0.046354,-0.438946,-0.646386,-0.624108,-0.197767,-0.608063,0.768861,-0.876478,0.460916,0.139073,-3.9e-05,0.003422,-0.005695,0.035269,-0.016905,0.009738,-0.803245
763,0.073102,0.021941,0.387413,-0.385801,-0.722321,-0.573981,-0.23809,-0.523149,0.818291,-0.890872,0.453254,0.030575,-0.001375,-0.003827,-0.002432,-0.0,-0.0,0.0,-1.867811,-0.190004,0.065191,0.338249,0.592708,0.229775,0.77194,-0.746975,0.51501,0.42039,-0.301689,-0.826063,0.475886,-0.014106,0.019284,-0.030772,-0.132348,0.354015,0.245957,0.539019,0.024581,0.054691,-0.007481,-0.596535,-0.114032,0.794444,0.66255,-0.628617,0.407268,0.45296,0.769309,0.450544,-0.007039,0.00961,-0.015397,-0.18006,0.406385,0.285592,0.520446,0.051198,0.034384,-0.046569,-0.437237,-0.644985,-0.626751,-0.198853,-0.610313,0.766794,-0.877086,0.459903,0.138594,0.005998,0.001274,-0.007044,0.034908,-0.019779,0.016251,-0.811736
764,0.073185,0.022,0.387203,-0.385471,-0.722327,-0.574197,-0.237706,-0.523575,0.81813,-0.891118,0.452752,0.030842,-0.000296,0.006273,-0.01174,0.03425,-0.019015,0.0154,-1.900536,-0.190244,0.065426,0.337756,0.593374,0.224825,0.772886,-0.745783,0.514575,0.42303,-0.303328,-0.827688,0.472004,-0.013569,0.008131,-0.023215,-0.132026,0.314216,0.188157,0.539021,0.024466,0.054804,-0.00772,-0.596336,-0.109253,0.795265,0.661551,-0.628028,0.409792,0.454678,0.770483,0.446792,-0.007007,0.010334,-0.014939,-0.195615,0.406874,0.323154,0.520772,0.051239,0.03441,-0.046671,-0.436948,-0.644981,-0.626956,-0.198494,-0.610691,0.766586,-0.877311,0.459406,0.138816,0.005966,0.001181,-0.007102,0.034437,-0.020648,0.018838,-0.817288
765,0.073286,0.022087,0.386928,-0.38495,-0.722298,-0.574581,-0.237235,-0.524229,0.817848,-0.891469,0.452039,0.031169,-0.00045,-0.001253,-0.000798,0.0,0.0,0.0,-1.914079,-0.190729,0.065917,0.336705,0.598512,0.225998,0.76857,-0.745984,0.506709,0.432075,-0.292529,-0.832211,0.470866,-0.013679,0.005942,-0.024615,-0.227554,0.448802,0.305272,0.539276,0.024224,0.055054,-0.008243,-0.601723,-0.111109,0.790938,0.663535,-0.620752,0.417596,0.444578,0.776093,0.447246,-0.00089,0.003063,-0.012654,0.080682,-0.009749,-0.008825,0.520609,0.051288,0.034452,-0.046815,-0.436441,-0.644917,-0.627376,-0.198038,-0.611333,0.766193,-0.877667,0.458643,0.139092,0.000338,0.004479,-0.005017,0.034214,-0.018983,0.015393,-0.818595
766,0.073295,0.022157,0.386807,-0.380819,-0.721915,-0.577807,-0.234349,-0.529162,0.8155,-0.894007,0.446862,0.03306,-0.000191,-0.000532,-0.000339,0.001475,0.001664,0.000785,-1.915204,-0.191202,0.066235,0.335697,0.599101,0.226231,0.768042,-0.748708,0.497967,0.437491,-0.284222,-0.837409,0.466719,-0.01368,0.006256,-0.024444,-0.00106,0.121882,0.037084,0.539332,0.023982,0.055212,-0.008758,-0.602425,-0.108745,0.790733,0.667621,-0.611608,0.42452,0.437454,0.783651,0.441048,-0.006824,0.003124,-0.012219,0.022536,0.097425,0.017427,0.520772,0.051293,0.034488,-0.046875,-0.432571,-0.644158,-0.630826,-0.195339,-0.616096,0.763064,-0.880184,0.453305,0.140676,-7e-05,-0.000203,-0.000129,-0.010686,-0.007128,-0.005572,-0.817452
767,0.073277,0.02213,0.386802,-0.378253,-0.722737,-0.578465,-0.229914,-0.531992,0.814921,-0.896246,0.442141,0.035786,-0.000343,-0.000955,-0.000608,0.038074,0.042961,0.020256,-1.914688,-0.191424,0.066442,0.335206,0.599447,0.223822,0.768478,-0.747917,0.498347,0.438412,-0.285579,-0.837828,0.465137,-0.014054,0.020388,-0.030051,0.063157,0.066784,0.020478,0.539173,0.023881,0.055301,-0.008986,-0.602361,-0.106356,0.791106,0.666841,-0.61178,0.425496,0.438729,0.783844,0.439435,-0.000835,0.004318,-0.011871,0.032231,0.068455,0.036218,0.520772,0.051285,0.034477,-0.046876,-0.430115,-0.644892,-0.631755,-0.190886,-0.619004,0.761836,-0.882362,0.44827,0.143142,-0.000198,-0.000559,-0.000355,0.02251,0.034787,0.014401,-0.816145
768,0.073239,0.022031,0.386786,-0.382258,-0.717292,-0.582595,-0.227738,-0.537925,0.81163,-0.895098,0.443822,0.043003,-0.001915,-0.012434,0.007813,0.059469,0.124679,0.034401,-1.915114,-0.191848,0.066799,0.334395,0.602161,0.219471,0.767611,-0.745314,0.498927,0.442169,-0.286679,-0.838627,0.463014,-0.013458,0.010942,-0.021458,0.033133,0.071583,-0.002592,0.539451,0.023664,0.055486,-0.009403,-0.604375,-0.101593,0.790195,0.664238,-0.611907,0.429367,0.439906,0.784377,0.437303,-0.000745,0.006198,-0.010666,0.053991,0.027611,0.03297,0.520609,0.051267,0.034434,-0.046886,-0.434239,-0.638923,-0.63499,-0.188992,-0.62461,0.757722,-0.880748,0.449041,0.150479,-0.000451,-0.001258,-0.000801,0.088309,0.122849,0.023325,-0.812063
769,0.073191,0.021911,0.386745,-0.382927,-0.711654,-0.589034,-0.222478,-0.547848,0.806436,-0.896132,0.440737,0.052197,-0.000962,-0.002678,-0.001709,0.117283,0.131889,0.062136,-1.915068,-0.192295,0.067082,0.33377,0.601553,0.216687,0.768877,-0.748682,0.488315,0.448283,-0.279056,-0.845567,0.454981,-0.000886,0.003733,-0.012264,-0.148609,0.256989,0.235441,0.539092,0.023436,0.055626,-0.009723,-0.60308,-0.10009,0.791376,0.669813,-0.602299,0.434264,0.43318,0.79197,0.430276,-0.006399,0.001309,-0.006076,-0.260188,0.417831,0.285395,0.520609,0.051243,0.034369,-0.046903,-0.435236,-0.632527,-0.640685,-0.184276,-0.63397,0.751081,-0.881255,0.444961,0.159367,-0.000599,-0.001666,-0.001062,0.113211,0.137943,0.061148,-0.81239
770,0.073138,0.021684,0.386647,-0.383774,-0.706048,-0.595196,-0.217053,-0.557546,0.80125,-0.897098,0.437565,0.061469,-0.001879,-0.00523,-0.003344,0.303388,0.340162,0.160174,-1.915115,-0.192591,0.067238,0.333372,0.601484,0.214231,0.769619,-0.748249,0.488318,0.449003,-0.280368,-0.846188,0.453017,-0.01214,-0.005027,-0.002431,-0.002567,0.015973,-0.028622,0.539236,0.023292,0.055706,-0.00992,-0.602695,-0.096679,0.792092,0.669163,-0.601997,0.435682,0.434716,0.792624,0.427514,-0.006287,0.003483,-0.004673,0.044259,-0.010492,-0.022403,0.520772,0.051217,0.034258,-0.046951,-0.435376,-0.627136,-0.645868,-0.180186,-0.642212,0.745047,-0.882031,0.440752,0.166602,-0.001137,-0.003174,-0.002026,0.493524,0.525775,0.217213,-0.813043
771,0.073106,0.021545,0.386546,-0.384482,-0.703502,-0.597749,-0.217252,-0.560403,0.799201,-0.896747,0.438014,0.063378,-0.002733,-0.007605,-0.004869,0.065851,0.087596,0.009416,-1.915249,-0.192724,0.067291,0.333261,0.601098,0.214246,0.769917,-0.748412,0.488513,0.448519,-0.28076,-0.846071,0.452991,-0.01203,-0.002935,-0.001079,-0.002052,0.015216,-0.029236,0.538902,0.02323,0.055734,-0.009981,-0.602311,-0.096885,0.792359,0.669269,-0.602302,0.435099,0.435085,0.792367,0.427615,-0.000319,0.004117,-0.004673,0.035553,0.001092,-0.008702,0.520773,0.051202,0.034192,-0.046999,-0.437238,-0.623309,-0.648312,-0.179824,-0.645721,0.742096,-0.881184,0.441055,0.170247,-0.001345,-0.003746,-0.002398,0.041221,0.072716,-0.001805,-0.813369
772,0.073022,0.021195,0.386322,-0.379712,-0.698736,-0.606327,-0.209977,-0.573236,0.792011,-0.900508,0.428918,0.071707,-0.003381,-0.009404,-0.006042,0.432175,-0.234148,0.007734,-1.915648,-0.193043,0.067292,0.333184,0.602549,0.214831,0.768619,-0.747583,0.488801,0.449587,-0.279857,-0.845758,0.454134,-0.011904,-0.00053,0.000476,-0.002045,0.015205,-0.029245,0.538866,0.023066,0.055734,-0.010019,-0.603867,-0.097275,0.791126,0.668469,-0.602415,0.43617,0.434158,0.792233,0.428804,-7e-06,-0.000179,-0.000109,-0.000415,0.000369,-0.00108,0.520936,0.05116,0.034017,-0.047111,-0.433048,-0.61763,-0.656507,-0.173725,-0.657497,0.733155,-0.88447,0.431543,0.17743,-0.00174,-0.004832,-0.003109,1.158192,-1.154686,-0.054667,-0.813206
773,0.072875,0.020815,0.386078,-0.380615,-0.69006,-0.615626,-0.204659,-0.586389,0.783732,-0.90135,0.42515,0.082734,-0.003525,-0.009792,-0.006316,0.440725,-0.225871,0.004201,-1.915143,-0.193263,0.067345,0.333235,0.604154,0.215386,0.767202,-0.746703,0.488939,0.450896,-0.278741,-0.845537,0.45523,0.00014,0.002528,0.001637,0.001559,-0.017476,0.022861,0.539201,0.022956,0.055759,-0.009995,-0.605567,-0.097582,0.789787,0.667649,-0.602365,0.437492,0.433049,0.792232,0.429924,4.7e-05,0.000862,0.000563,-0.000313,9e-05,-0.000487,0.521099,0.051086,0.033824,-0.047235,-0.434556,-0.607697,-0.664728,-0.169021,-0.669919,0.722938,-0.884642,0.426511,0.188403,-0.001796,-0.004984,-0.003216,1.142741,-1.165203,-0.087258,-0.810593
774,0.072791,0.020604,0.385954,-0.383401,-0.68321,-0.62151,-0.203817,-0.593777,0.77837,-0.900356,0.42595,0.089185,-0.003469,-0.009629,-0.006223,0.17546,0.209133,0.073785,-1.915288,-0.193386,0.067376,0.333263,0.603606,0.215356,0.767642,-0.747073,0.488776,0.450459,-0.278938,-0.845638,0.45492,-0.011777,0.00171,0.001925,-0.002045,0.015205,-0.029245,0.539091,0.022895,0.055778,-0.009978,-0.605021,-0.097644,0.790199,0.668021,-0.602273,0.437052,0.43324,0.792296,0.429616,-0.00587,0.001189,0.001182,-0.00077,-0.002359,-0.006585,0.520936,0.051045,0.033725,-0.047299,-0.436871,-0.600615,-0.669629,-0.168578,-0.67657,0.716822,-0.883586,0.426044,0.194323,-0.001745,-0.004854,-0.003135,0.237024,0.275806,0.173766,-0.810757
775,0.072725,0.020259,0.385707,-0.388616,-0.675897,-0.626248,-0.200267,-0.601483,0.773359,-0.89891,0.426795,0.099171,0.009229,-0.012404,-0.00798,0.112353,0.123346,0.062721,-1.914828,-0.193671,0.067452,0.333277,0.601365,0.218908,0.768396,-0.750568,0.484165,0.449628,-0.274342,-0.847382,0.45447,-0.01186,0.000178,0.000932,-0.002045,0.015205,-0.029245,0.539206,0.022748,0.055821,-0.009967,-0.603372,-0.101531,0.790969,0.672246,-0.598318,0.436004,0.428983,0.794799,0.429262,-0.005932,4.7e-05,0.000443,-0.002162,0.015156,-0.029259,0.520772,0.051005,0.033546,-0.047421,-0.442481,-0.592603,-0.673075,-0.165448,-0.68372,0.710741,-0.881383,0.425849,0.204488,-0.001645,-0.004569,-0.002964,0.108323,0.141531,0.032424,-0.812226
776,0.072698,0.019919,0.385439,-0.385975,-0.6735,-0.630449,-0.19596,-0.607973,0.769376,-0.900996,0.421339,0.103474,-0.003073,-0.008526,-0.00555,0.011748,0.026977,-0.019127,-1.913081,-0.193888,0.067485,0.333248,0.60312,0.219502,0.766849,-0.749547,0.484486,0.450983,-0.273277,-0.847046,0.455737,-1.2e-05,-0.000211,-0.000136,-0.0,-0.0,0.0,0.539073,0.02264,0.055837,-0.009983,-0.605261,-0.101844,0.789484,0.67123,-0.598438,0.437402,0.427911,0.794669,0.430572,-0.005941,-0.000105,0.000343,-0.002038,0.015829,-0.030055,0.520936,0.050996,0.033374,-0.047556,-0.440094,-0.589742,-0.677142,-0.161598,-0.689768,0.705766,-0.883291,0.420028,0.208261,-0.001484,-0.004124,-0.002685,-0.019388,0.000251,-0.03282,-0.814349
777,0.072726,0.019628,0.385179,-0.390159,-0.668578,-0.633107,-0.192401,-0.613242,0.766086,-0.899956,0.421535,0.11142,0.009903,-0.010606,-0.006847,0.197616,0.219604,0.108159,-1.912304,-0.194086,0.067526,0.333222,0.6035,0.223655,0.765348,-0.751417,0.480351,0.452293,-0.26722,-0.848319,0.456958,-0.0,-6e-06,-4e-06,-0.0,-0.0,0.0,0.538892,0.02254,0.055856,-0.009996,-0.606396,-0.105901,0.788078,0.673825,-0.594652,0.438574,0.422187,0.796977,0.431954,-0.0,1.5e-05,1.2e-05,0.000135,0.001016,-0.001081,0.520936,0.051005,0.033229,-0.047686,-0.443599,-0.585174,-0.678815,-0.158849,-0.694087,0.702145,-0.882035,0.4193,0.214942,-0.001266,-0.003527,-0.002302,0.321894,0.243628,0.336389,-0.813533
778,0.072727,0.019475,0.385043,-0.391659,-0.667004,-0.633841,-0.191138,-0.614888,0.765082,-0.899572,0.42163,0.114131,-0.002921,-0.008105,-0.005301,0.054471,0.074958,0.003502,-1.912306,-0.194194,0.067545,0.33322,0.603289,0.223672,0.765509,-0.751552,0.480328,0.452093,-0.267317,-0.848328,0.456886,-0.0,-0.0,-0.0,-0.0,0.0,0.0,0.539242,0.022487,0.055866,-0.009997,-0.606177,-0.10595,0.78824,0.673959,-0.594656,0.438362,0.422287,0.796968,0.431873,-1e-06,1e-05,8e-06,6.8e-05,0.000181,-0.000142,0.520936,0.051011,0.033153,-0.047753,-0.445807,-0.582828,-0.679387,-0.157164,-0.696227,0.700404,-0.881223,0.419021,0.218783,-0.001405,-0.003909,-0.002558,0.033904,0.059762,-0.004203,-0.815329
779,0.072687,0.019209,0.384833,-0.398168,-0.660926,-0.636148,-0.186073,-0.620901,0.761466,-0.897767,0.422381,0.12504,-0.002334,-0.006476,-0.004247,0.098903,0.124891,0.027059,-1.912274,-0.194399,0.067556,0.33323,0.602626,0.223656,0.766037,-0.751998,0.480145,0.451546,-0.267559,-0.848436,0.456543,-0.011842,0.000457,0.00111,-0.002045,0.015205,-0.029245,0.539548,0.022389,0.055871,-0.009993,-0.605521,-0.106033,0.788733,0.674397,-0.594564,0.437813,0.42253,0.797025,0.43153,1.3e-05,0.000231,0.000153,3.2e-05,2e-05,2.8e-05,0.520936,0.050989,0.033014,-0.047862,-0.452394,-0.576361,-0.680549,-0.152368,-0.701931,0.695755,-0.878705,0.41845,0.22973,-0.001129,-0.003138,-0.002056,0.058264,0.090277,0.010068,-0.815819
780,0.072543,0.018889,0.384766,-0.396337,-0.655392,-0.642981,-0.175613,-0.633304,0.753695,-0.90068,0.412446,0.136713,-0.001722,-0.004773,-0.003138,0.22967,0.246637,0.197266,-1.912534,-0.194659,0.067623,0.333203,0.601684,0.223626,0.766785,-0.752582,0.480033,0.450692,-0.268035,-0.848507,0.456131,-6e-05,-0.000997,-0.000645,-0.0,0.0,0.0,0.539413,0.022259,0.055903,-0.010001,-0.604551,-0.106151,0.789461,0.67498,-0.594544,0.436942,0.422988,0.797024,0.431082,-4.8e-05,-0.000792,-0.000508,7e-06,3.7e-05,4e-06,0.520773,0.050917,0.032854,-0.047895,-0.450294,-0.570612,-0.686758,-0.143019,-0.713123,0.686293,-0.881351,0.407253,0.239506,-0.007833,-0.00622,0.003839,0.25499,0.321153,0.348789,-0.818268
781,0.072441,0.018806,0.384771,-0.398386,-0.647778,-0.649397,-0.175209,-0.641243,0.747048,-0.899852,0.412197,0.14278,-0.013392,0.001023,0.000578,0.162956,0.093146,0.308021,-1.912555,-0.194796,0.067647,0.333173,0.599953,0.227184,0.767096,-0.755648,0.475554,0.450309,-0.26323,-0.850087,0.455987,-0.011966,-0.001624,-0.000238,-0.002045,0.015205,-0.029245,0.53918,0.02219,0.05592,-0.010019,-0.603453,-0.109956,0.78978,0.678737,-0.590674,0.436371,0.418521,0.799383,0.431075,-6.3e-05,-0.001045,-0.000673,-0.001483,0.017592,-0.02268,0.520773,0.050869,0.032808,-0.047896,-0.453161,-0.561816,-0.692104,-0.142765,-0.720637,0.678454,-0.879922,0.406257,0.246357,-0.00041,-0.00113,-0.000742,0.12409,0.111109,0.336837,-0.819085
782,0.072492,0.018685,0.384704,-0.402295,-0.632837,-0.661605,-0.173515,-0.656877,0.733742,-0.898436,0.410764,0.155281,-0.001237,-0.003428,-0.002257,0.19741,0.223999,0.105555,-1.911927,-0.195055,0.067746,0.333046,0.599466,0.227244,0.767459,-0.755863,0.475819,0.449668,-0.263724,-0.849923,0.456008,-0.012446,0.009044,-0.00801,0.032627,0.018157,-0.036307,0.539188,0.022061,0.055967,-0.010079,-0.602977,-0.110087,0.790126,0.678886,-0.590963,0.435747,0.418966,0.799151,0.431074,-5.8e-05,-0.000975,-0.000626,7.7e-05,5.2e-05,4.7e-05,0.520772,0.050893,0.032756,-0.047924,-0.457157,-0.545703,-0.702292,-0.142569,-0.734462,0.663505,-0.877884,0.403451,0.257964,0.005013,-0.008742,0.002268,0.212321,0.201707,0.289922,-0.819574
783,0.072549,0.018476,0.384687,-0.405931,-0.624324,-0.667447,-0.170727,-0.66568,0.726425,-0.897331,0.409604,0.164468,-0.000666,-0.001847,-0.001218,0.373623,0.333457,0.376838,-1.912172,-0.195264,0.067812,0.332871,0.599839,0.231426,0.765916,-0.757562,0.472005,0.450827,-0.257921,-0.850927,0.457454,-0.000239,-0.003867,-0.002507,-0.001529,0.017519,-0.022829,0.539035,0.021951,0.056003,-0.010169,-0.604106,-0.114178,0.788681,0.681243,-0.587491,0.436761,0.413475,0.801135,0.43269,-0.006214,0.004602,-0.00395,0.034345,0.001214,-0.013969,0.520773,0.050921,0.032649,-0.047934,-0.459908,-0.537677,-0.706673,-0.141212,-0.741419,0.656015,-0.876665,0.401497,0.265059,-0.000346,-0.000961,-0.000635,0.390835,0.471881,0.190125,-0.826596
784,0.072634,0.018395,0.384574,-0.408867,-0.615271,-0.674029,-0.16809,-0.67519,0.718217,-0.896492,0.407715,0.173487,0.011291,-0.006883,-0.004442,0.417349,0.388542,0.407739,-1.911905,-0.195486,0.067918,0.332645,0.599392,0.231484,0.766248,-0.757691,0.472483,0.45011,-0.258583,-0.850646,0.457602,-0.012152,-0.004505,-0.002115,-0.003569,0.032741,-0.052062,0.539302,0.021845,0.056057,-0.010282,-0.60368,-0.114298,0.78899,0.68125,-0.588002,0.436063,0.414087,0.800743,0.43283,-0.000313,0.004048,-0.004713,0.036296,-0.014534,0.01579,0.520936,0.050964,0.032612,-0.047988,-0.463007,-0.527773,-0.712095,-0.13932,-0.750077,0.646509,-0.875336,0.398547,0.273761,0.005644,-0.003454,-0.002231,0.369016,0.343144,0.386082,-0.827739
785,0.072702,0.018285,0.384526,-0.4088,-0.612335,-0.676737,-0.168036,-0.678363,0.715234,-0.896533,0.406863,0.175268,-0.001248,-0.003463,-0.002287,0.072264,-0.011041,0.214565,-1.912439,-0.195585,0.067965,0.332517,0.599177,0.231509,0.766409,-0.757741,0.472747,0.449748,-0.258934,-0.850492,0.45769,-0.000282,-0.004478,-0.002909,0.0,0.0,0.0,0.539274,0.021791,0.056079,-0.010347,-0.60343,-0.114359,0.789172,0.681266,-0.588271,0.435674,0.414424,0.800536,0.432889,-0.006289,0.00339,-0.004735,0.032704,0.018187,-0.036272,0.520936,0.050998,0.032557,-0.048012,-0.464515,-0.52332,-0.714396,-0.138534,-0.753838,0.64229,-0.874662,0.397321,0.277671,-0.000737,-0.002047,-0.001354,0.044486,-0.021188,0.177884,-0.829535
786,0.07276,0.018155,0.384453,-0.413165,-0.604128,-0.681446,-0.164857,-0.686333,0.708337,-0.895116,0.40575,0.184828,-0.000996,-0.002765,-0.001828,0.133287,0.075887,0.223781,-1.912446,-0.19572,0.068027,0.332256,0.601014,0.232139,0.764777,-0.756511,0.473609,0.450909,-0.258271,-0.849841,0.459271,-0.012497,0.008196,-0.008556,0.034147,0.000553,-0.013529,0.538967,0.021728,0.056102,-0.010477,-0.605412,-0.114684,0.787605,0.679949,-0.588876,0.436912,0.413696,0.800044,0.434492,-0.000146,-0.00236,-0.001534,7.8e-05,0.000293,-0.000234,0.520773,0.051027,0.032491,-0.04805,-0.468741,-0.514756,-0.717848,-0.136101,-0.760866,0.634475,-0.872787,0.395105,0.28659,0.006043,-0.002351,-0.001505,0.147187,0.159459,0.1119,-0.831495
787,0.072794,0.017959,0.384456,-0.410206,-0.600673,-0.686271,-0.161052,-0.692971,0.702726,-0.89717,0.399532,0.188382,-0.000748,-0.002079,-0.001375,0.051276,0.060916,0.029415,-1.912952,-0.195763,0.068088,0.332034,0.59951,0.23572,0.764863,-0.759229,0.469618,0.450515,-0.253736,-0.851074,0.459515,-0.000192,-0.003016,-0.001965,-0.0,-0.0,-0.0,0.539342,0.021702,0.056136,-0.010591,-0.604528,-0.118477,0.787724,0.683293,-0.585425,0.436333,0.409458,0.802022,0.434861,-0.000301,0.004218,-0.004604,0.036319,-0.014582,0.015815,0.520772,0.051043,0.032392,-0.048049,-0.465976,-0.510654,-0.722563,-0.13286,-0.767001,0.627739,-0.874765,0.388512,0.289558,-0.000972,-0.006274,0.003845,0.010982,-0.002326,0.156204,-0.831658
788,0.072797,0.017887,0.384528,-0.405872,-0.602366,-0.687363,-0.157698,-0.69467,0.701809,-0.899737,0.393987,0.187816,0.000251,0.000698,0.000462,0.000883,0.001051,0.000496,-1.912987,-0.195763,0.068098,0.331918,0.599463,0.235723,0.764899,-0.759188,0.46985,0.450342,-0.253968,-0.850946,0.459624,-0.000671,0.007465,-0.009842,0.034671,0.002912,-0.007079,0.539157,0.021702,0.056142,-0.010643,-0.604486,-0.118485,0.787755,0.683214,-0.58563,0.436182,0.409653,0.801871,0.434956,-0.000134,-0.002161,-0.00141,0.000114,6.8e-05,7.2e-05,0.520772,0.051044,0.032351,-0.048016,-0.461679,-0.512406,-0.724079,-0.12969,-0.768518,0.626545,-0.877514,0.383169,0.288355,0.00018,0.000501,0.000332,-0.00875,-0.008206,-0.006075,-0.834107
789,0.072833,0.017789,0.384715,-0.398572,-0.60108,-0.692739,-0.156987,-0.69948,0.697176,-0.903125,0.387371,0.1853,0.013239,-0.001513,-0.000899,0.000984,-0.014714,0.029553,-1.91307,-0.195769,0.068055,0.331735,0.599159,0.23568,0.76515,-0.759294,0.470069,0.449934,-0.254369,-0.850836,0.459605,-0.000263,-0.004122,-0.002693,0.0,0.0,0.0,0.539219,0.021699,0.056122,-0.010739,-0.604167,-0.118489,0.787999,0.683257,-0.585894,0.43576,0.410052,0.801678,0.434936,-0.00015,-0.0024,-0.001568,-0.001439,0.017646,-0.022742,0.521262,0.051057,0.032305,-0.04792,-0.454626,-0.51073,-0.729704,-0.129394,-0.772702,0.621441,-0.881233,0.376943,0.285205,-0.000166,-0.004028,0.005331,-0.028156,-0.069831,0.161749,-0.838026
790,0.0729,0.017878,0.384799,-0.395806,-0.597993,-0.696984,-0.152175,-0.705776,0.691877,-0.905165,0.380654,0.189224,0.000787,0.002189,0.001445,0.070814,0.086404,0.040725,-1.913317,-0.195768,0.068015,0.331631,0.598388,0.236692,0.765441,-0.761442,0.464923,0.451648,-0.249706,-0.853381,0.45744,-8.5e-05,-0.001333,-0.000872,-0.001079,0.001624,0.001328,0.538667,0.021699,0.056098,-0.010793,-0.603588,-0.119467,0.788294,0.68629,-0.581093,0.437419,0.405815,0.80502,0.43273,-5.3e-05,-0.00085,-0.000558,0.010088,-0.00942,-0.0074,0.521426,0.051096,0.032351,-0.047878,-0.452144,-0.507122,-0.733752,-0.124904,-0.778538,0.615042,-0.883156,0.369736,0.28867,0.000482,0.001343,0.000887,0.078575,0.003435,0.220691,-0.8377
791,0.072922,0.01795,0.384822,-0.397745,-0.593518,-0.6997,-0.150747,-0.709992,0.687865,-0.904552,0.379807,0.193801,0.000918,0.002554,0.001685,0.155317,0.094687,0.264401,-1.913467,-0.195789,0.067987,0.331603,0.598279,0.23668,0.76553,-0.761508,0.464911,0.451549,-0.249766,-0.853391,0.457388,-0.000137,-0.002145,-0.001403,-1.9e-05,2.8e-05,2.3e-05,0.539444,0.021689,0.056087,-0.010805,-0.603463,-0.119589,0.788371,0.686359,-0.581161,0.43722,0.405884,0.804953,0.432791,-7.3e-05,-0.001175,-0.000768,0.000208,0.015867,-0.024157,0.521262,0.051107,0.032386,-0.047867,-0.454058,-0.502567,-0.735702,-0.123837,-0.782116,0.610702,-0.882323,0.368401,0.292889,0.000565,0.001572,0.001038,0.197741,0.144442,0.287858,-0.838516
792,0.073082,0.018078,0.384907,-0.402075,-0.581343,-0.707404,-0.148253,-0.721087,0.676777,-0.903044,0.37771,0.204632,0.001642,0.004576,0.003015,0.194269,0.131543,0.313705,-1.912932,-0.195793,0.067905,0.33156,0.598105,0.236643,0.765678,-0.761627,0.464835,0.451427,-0.249822,-0.853443,0.457261,-0.000101,-0.001588,-0.001039,-0.0,0.0,0.0,0.53913,0.021687,0.056045,-0.010827,-0.603277,-0.119601,0.788512,0.686486,-0.581119,0.437076,0.405945,0.804981,0.432681,-5.8e-05,-0.000935,-0.000613,2.8e-05,-2.8e-05,-3.6e-05,0.521262,0.051185,0.032446,-0.047827,-0.45847,-0.489622,-0.74167,-0.122348,-0.791827,0.598364,-0.880247,0.365074,0.303125,0.00079,0.002198,0.001448,0.302924,0.260917,0.372171,-0.836883
793,0.073333,0.018114,0.385003,-0.408459,-0.571092,-0.712082,-0.144338,-0.72991,0.668109,-0.900804,0.376383,0.2166,0.013931,0.00048,0.000406,0.197588,0.12226,0.345837,-1.913154,-0.195798,0.06784,0.331507,0.59643,0.240126,0.7659,-0.764529,0.460257,0.451212,-0.244897,-0.854954,0.457102,-0.000107,-0.001671,-0.001094,-1.26983,-0.74809,-0.757856,0.538983,0.021684,0.056014,-0.010854,-0.602453,-0.122194,0.788744,0.689076,-0.578305,0.436733,0.402769,0.806617,0.432602,-4e-05,-0.001136,-0.000632,-4.23613,-2.483485,-2.525679,0.520936,0.051308,0.032468,-0.047775,-0.465102,-0.478667,-0.744686,-0.119079,-0.799736,0.588423,-0.877211,0.362354,0.314959,0.000467,0.001306,0.000855,0.237018,0.295622,0.139599,-0.83623
794,0.073791,0.018082,0.385021,-0.413106,-0.562373,-0.716328,-0.141583,-0.737367,0.660466,-0.899116,0.374958,0.225886,0.013326,-0.00119,-0.000696,0.075366,-0.016499,0.248511,-1.912274,-0.195803,0.067785,0.331448,0.595626,0.242633,0.765735,-0.765197,0.461047,0.449269,-0.244765,-0.853823,0.459281,-7.5e-05,-0.001173,-0.000769,0.001755,-0.002645,-0.002163,0.53902,0.021682,0.055985,-0.010884,-0.601833,-0.126097,0.788604,0.690599,-0.578095,0.434601,0.401086,0.806166,0.434999,-4.2e-05,-0.000667,-0.000436,-0.010821,0.010233,0.008064,0.521099,0.051538,0.032456,-0.047765,-0.470232,-0.469036,-0.747586,-0.116781,-0.806564,0.579495,-0.874781,0.359801,0.324498,0.013028,-0.002017,-0.001249,0.035002,0.023328,0.084458,-0.83672
795,0.074134,0.018058,0.384947,-0.41539,-0.557999,-0.718424,-0.140098,-0.741127,0.656563,-0.898293,0.37407,0.230582,0.012764,-0.002757,-0.001729,0.122802,0.14078,0.103024,-1.912288,-0.195815,0.067757,0.33142,0.595537,0.242621,0.765808,-0.765249,0.461041,0.449186,-0.24482,-0.85383,0.45924,-0.000107,-0.001675,-0.001098,2.2e-05,-3.3e-05,-2.7e-05,0.538934,0.021676,0.055972,-0.010897,-0.601756,-0.125963,0.788684,0.690638,-0.578026,0.43463,0.401133,0.806237,0.434825,-6.5e-05,-0.001018,-0.000666,-0.001674,0.00198,0.001589,0.521262,0.05171,0.032446,-0.0478,-0.472143,-0.464626,-0.749134,-0.115879,-0.809733,0.575242,-0.873871,0.358406,0.32847,0.006909,0.003677,-0.005524,0.180967,0.056944,0.307755,-0.83672
796,0.074829,0.017942,0.384707,-0.418749,-0.551387,-0.721572,-0.137796,-0.746819,0.650573,-0.897085,0.372539,0.237655,0.012082,-0.004687,-0.003001,0.19283,0.232107,0.146357,-1.912813,-0.195801,0.067723,0.331374,0.595373,0.242581,0.765948,-0.76534,0.461035,0.449037,-0.244934,-0.853844,0.459152,-8.7e-05,-0.001358,-0.000891,0.0,-0.0,-0.0,0.538773,0.021683,0.055955,-0.01092,-0.601586,-0.125923,0.788819,0.690718,-0.578031,0.434496,0.401249,0.80624,0.434713,-0.000244,0.005167,-0.003985,0.036285,-0.014564,0.015791,0.521752,0.052053,0.03239,-0.047919,-0.474925,-0.458377,-0.751223,-0.114418,-0.814228,0.569157,-0.872556,0.356261,0.334251,0.006432,0.002335,-0.006409,0.390528,0.402923,0.250862,-0.835414
797,0.075292,0.017956,0.384419,-0.426665,-0.542515,-0.723657,-0.132495,-0.754022,0.643325,-0.894141,0.371037,0.25074,0.012169,-0.004442,-0.002843,0.294408,0.364274,0.209298,-1.913035,-0.19582,0.067743,0.331355,0.59524,0.242566,0.766056,-0.765409,0.46106,0.448895,-0.245043,-0.853835,0.459111,9e-06,0.000141,9.2e-05,0.0,-0.0,-0.0,0.538918,0.021673,0.055964,-0.01093,-0.60145,-0.125926,0.788923,0.690773,-0.578073,0.434353,0.401358,0.80621,0.434668,8e-06,0.000121,7.9e-05,8.8e-05,5.1e-05,4e-05,0.521752,0.052288,0.032392,-0.048066,-0.482543,-0.449221,-0.751898,-0.109837,-0.820644,0.560782,-0.868957,0.353188,0.346656,0.006579,0.002753,-0.006135,0.489447,0.528774,0.310664,-0.8377
798,0.075595,0.017984,0.384272,-0.429574,-0.538734,-0.72476,-0.130477,-0.757142,0.640066,-0.893041,0.370187,0.255864,0.026304,0.003893,-0.013233,0.306689,0.301923,0.240888,-1.912271,-0.195837,0.067774,0.331366,0.595261,0.242581,0.766035,-0.765391,0.461088,0.448897,-0.245047,-0.853816,0.459144,8.1e-05,0.001271,0.000834,0.0,-0.0,-0.0,0.538861,0.021665,0.055978,-0.010926,-0.601475,-0.125936,0.788902,0.69075,-0.578098,0.434356,0.401362,0.806189,0.434702,5.5e-05,0.000862,0.000566,7e-05,5.1e-05,2.8e-05,0.521752,0.052433,0.032401,-0.048137,-0.485444,-0.445321,-0.752351,-0.10813,-0.82336,0.557121,-0.867555,0.351803,0.351542,0.006309,-0.001596,-0.001021,0.428154,0.513553,0.27917,-0.837536
799,0.076299,0.018009,0.383933,-0.431543,-0.534159,-0.726974,-0.128697,-0.761183,0.635618,-0.892348,0.368516,0.260649,0.026083,0.003303,-0.013624,0.072011,-0.001655,0.096788,-1.913229,-0.19587,0.067828,0.331393,0.595068,0.24256,0.766192,-0.765512,0.461047,0.448732,-0.245138,-0.853843,0.459044,8.2e-05,0.001279,0.000839,0.0,-0.0,-0.0,0.538842,0.021649,0.056007,-0.010911,-0.601275,-0.125945,0.789053,0.690869,-0.578084,0.434186,0.401455,0.806198,0.434599,4.2e-05,0.000682,0.000446,4.9e-05,1.9e-05,3.3e-05,0.521589,0.052796,0.032417,-0.04831,-0.488427,-0.439523,-0.753828,-0.106208,-0.827516,0.551303,-0.866116,0.349335,0.3575,0.013044,0.001649,-0.006826,0.039417,-0.03726,0.080331,-0.835414
800,0.076826,0.017977,0.383734,-0.439497,-0.525071,-0.728826,-0.123898,-0.768204,0.62808,-0.889131,0.366989,0.273481,0.01263,-0.003112,-0.001975,0.443844,0.564536,0.305749,-1.913731,-0.195885,0.067872,0.331423,0.595014,0.242558,0.766235,-0.765548,0.461029,0.448688,-0.245155,-0.853854,0.459016,9e-06,0.000141,9.2e-05,0.0,-0.0,-0.0,0.538616,0.021641,0.056032,-0.010894,-0.601221,-0.12595,0.789094,0.690905,-0.578074,0.434141,0.401475,0.806205,0.43457,2e-06,4.2e-05,2.8e-05,3.4e-05,1.4e-05,1.6e-05,0.521752,0.053054,0.0324,-0.04841,-0.494425,-0.431883,-0.754334,-0.102941,-0.832628,0.54418,-0.863103,0.346708,0.367214,0.006332,-0.001518,-0.000973,0.1065,0.12806,0.098069,-0.835903
801,0.077236,0.017846,0.383674,-0.449423,-0.514278,-0.730467,-0.118575,-0.776127,0.619305,-0.884876,0.365581,0.288743,0.012425,-0.003709,-0.00237,0.228678,0.284415,0.172193,-1.913577,-0.195885,0.067863,0.331428,0.59489,0.242531,0.76634,-0.765634,0.460968,0.448605,-0.245189,-0.853894,0.458922,-1.1e-05,-0.000177,-0.000116,0.0,-0.0,-0.0,0.538662,0.021641,0.056026,-0.010892,-0.601091,-0.125941,0.789194,0.690996,-0.578031,0.434054,0.401514,0.806237,0.434474,-9e-06,-0.000137,-8.9e-05,2.3e-05,7e-06,3e-06,0.521589,0.05326,0.032337,-0.048439,-0.505889,-0.419272,-0.753847,-0.097391,-0.840576,0.532865,-0.857082,0.342989,0.384405,0.006186,-0.001937,-0.001247,0.267661,0.3371,0.197613,-0.83574
802,0.077421,0.017739,0.38364,-0.456257,-0.507263,-0.731136,-0.114994,-0.781144,0.613647,-0.881839,0.364684,0.298986,0.012085,-0.004701,-0.003024,0.317942,0.402551,0.228501,-1.914776,-0.195885,0.067865,0.331418,0.594772,0.242508,0.766438,-0.765703,0.460954,0.448502,-0.245259,-0.853909,0.458858,-1e-05,-0.000154,-0.000101,0.0,-0.0,-0.0,0.538499,0.021641,0.056026,-0.010898,-0.600968,-0.125937,0.789288,0.691063,-0.57803,0.433949,0.401583,0.806238,0.434408,-6e-06,-0.000102,-6.7e-05,1.3e-05,1.1e-05,4e-06,0.521589,0.053353,0.032285,-0.048454,-0.512184,-0.412497,-0.753334,-0.09449,-0.84473,0.526784,-0.853661,0.340994,0.393681,0.005966,-0.002583,-0.001669,0.43473,0.448272,0.46965,-0.835577
803,0.077799,0.017454,0.383539,-0.466484,-0.496651,-0.731966,-0.109828,-0.788598,0.604998,-0.877125,0.363227,0.314239,-0.001394,-0.004064,-0.00268,0.103657,0.150935,0.040032,-1.913866,-0.195914,0.067836,0.331401,0.594536,0.242472,0.766633,-0.765857,0.460878,0.448317,-0.245351,-0.85396,0.458714,-2.9e-05,-0.000448,-0.000294,0.0,-0.0,-0.0,0.538758,0.021627,0.056012,-0.010906,-0.600722,-0.125938,0.789475,0.69122,-0.577985,0.433758,0.401679,0.80627,0.43426,-2.1e-05,-0.000324,-0.000212,7e-06,1.9e-05,-1e-05,0.521426,0.053544,0.032151,-0.048506,-0.522932,-0.40098,-0.752168,-0.089733,-0.851637,0.516392,-0.847637,0.337533,0.409367,0.005658,-0.003486,-0.002269,0.096943,0.123184,0.096635,-0.83525
804,0.078022,0.017239,0.383457,-0.469383,-0.47779,-0.742591,-0.110622,-0.802548,0.586218,-0.875474,0.357898,0.324778,-0.001968,-0.012947,0.007424,0.340498,0.518416,0.215433,-1.914412,-0.195969,0.067807,0.331386,0.594353,0.242461,0.766778,-0.765979,0.460818,0.44817,-0.245413,-0.853995,0.458615,-0.011919,-0.000405,0.000543,-0.002045,0.015205,-0.029245,0.538944,0.021599,0.055997,-0.010914,-0.600536,-0.125956,0.789614,0.691346,-0.57795,0.433606,0.401742,0.806293,0.434158,-0.00596,-0.0002,0.000274,-0.00204,0.015205,-0.029254,0.521262,0.053658,0.032036,-0.048551,-0.524405,-0.382351,-0.760793,-0.092861,-0.862495,0.497471,-0.846389,0.331524,0.416791,-0.000224,-0.000661,-0.00044,0.407176,0.418893,0.496033,-0.840312
805,0.078092,0.017168,0.383423,-0.470644,-0.471821,-0.745603,-0.110608,-0.806829,0.580313,-0.874798,0.356174,0.328476,-0.000995,-0.00291,-0.001922,0.17677,0.249263,0.086887,-1.914565,-0.19598,0.067778,0.331367,0.594269,0.242447,0.766848,-0.766034,0.460791,0.448104,-0.245446,-0.854014,0.458563,-0.000138,-0.002134,-0.0014,-0.001514,0.017602,-0.022766,0.538671,0.021594,0.055986,-0.010921,-0.600464,-0.125957,0.789668,0.691392,-0.577936,0.43355,0.401769,0.806302,0.434116,-2.5e-05,-0.000393,-0.000257,4e-06,-1e-05,9e-06,0.521426,0.053693,0.031997,-0.048565,-0.527025,-0.374959,-0.762659,-0.092678,-0.866695,0.490152,-0.844781,0.329004,0.422019,-0.00048,-0.001406,-0.000933,0.169844,0.244282,0.079407,-0.838026
806,0.078186,0.016969,0.38334,-0.474839,-0.457933,-0.751579,-0.109909,-0.816454,0.566829,-0.872613,0.352323,0.338294,-0.001196,-0.0035,-0.002315,0.210488,0.187448,0.309583,-1.914523,-0.19601,0.067727,0.331336,0.594095,0.242425,0.76699,-0.766148,0.460735,0.447967,-0.245511,-0.85405,0.45846,-5.6e-05,-0.000864,-0.000567,0.0,0.0,0.0,0.538869,0.021578,0.055956,-0.01094,-0.600268,-0.125961,0.789817,0.691519,-0.5779,0.433397,0.401844,0.806328,0.433999,-3.2e-05,-0.000502,-0.000328,1e-06,3e-06,-1.1e-05,0.521099,0.05374,0.031899,-0.048605,-0.530988,-0.360872,-0.766695,-0.093129,-0.874451,0.476089,-0.842245,0.324199,0.430716,-0.000703,-0.002061,-0.001364,0.286384,0.296046,0.328192,-0.835087
807,0.078123,0.016774,0.383367,-0.476503,-0.448347,-0.75629,-0.110625,-0.822814,0.557414,-0.871613,0.349828,0.343422,-0.000567,-0.001659,-0.001098,0.114383,0.060193,0.248899,-1.914721,-0.196049,0.067659,0.331305,0.593875,0.242395,0.76717,-0.766299,0.460642,0.447806,-0.245575,-0.854109,0.458316,-0.00014,-0.002161,-0.001419,-0.001514,0.017602,-0.022767,0.538419,0.021559,0.055925,-0.010953,-0.60004,-0.125967,0.789989,0.691678,-0.577836,0.433228,0.401912,0.806373,0.433853,-6.7e-05,-0.001048,-0.000687,-0.001514,0.017613,-0.022776,0.520936,0.053707,0.031797,-0.048595,-0.53297,-0.350393,-0.770173,-0.094514,-0.879876,0.465707,-0.840839,0.321,0.435831,-0.000264,-0.000773,-0.000513,0.109349,0.053473,0.245818,-0.844395
808,0.077973,0.016535,0.383568,-0.474987,-0.442386,-0.760741,-0.11329,-0.826549,0.55132,-0.8721,0.3486,0.343434,-0.012699,0.00301,0.001915,0.005781,-0.072919,0.148871,-1.914609,-0.19606,0.067639,0.331281,0.593801,0.242386,0.767229,-0.76634,0.460641,0.447736,-0.245623,-0.854112,0.458285,-1.4e-05,-0.000214,-0.00014,0.0,0.0,0.0,0.538572,0.021553,0.055911,-0.010967,-0.599964,-0.125969,0.790046,0.691716,-0.577843,0.433157,0.401958,0.806367,0.43382,-5e-06,-7.6e-05,-5e-05,3e-06,0.0,-4e-06,0.520936,0.053637,0.031675,-0.048496,-0.53164,-0.344068,-0.773934,-0.09763,-0.882783,0.459523,-0.841324,0.31986,0.435731,-0.000505,-0.005068,0.004643,-0.044304,0.00551,-0.021691,-0.84815
809,0.07787,0.016386,0.383733,-0.475471,-0.438865,-0.762477,-0.114113,-0.828623,0.548027,-0.871728,0.348121,0.34486,-0.001052,-0.010275,0.009196,-0.020932,-0.059607,0.167303,-1.914223,-0.196061,0.067632,0.331276,0.593785,0.242382,0.767243,-0.76635,0.460636,0.447723,-0.24563,-0.854116,0.458274,-2e-06,-2.8e-05,-1.9e-05,0.0,0.0,0.0,0.538714,0.021553,0.055908,-0.01097,-0.599947,-0.125968,0.790059,0.691727,-0.57784,0.433144,0.401965,0.80637,0.433809,2e-06,3e-05,2e-05,-4e-06,1e-06,1.1e-05,0.520936,0.053581,0.031603,-0.048412,-0.532168,-0.340217,-0.775273,-0.098698,-0.884534,0.455913,-0.840865,0.31914,0.437142,-0.000513,-0.005084,0.004637,-0.040627,-0.084385,0.155945,-0.851743
810,0.07768,0.015982,0.384137,-0.472452,-0.43665,-0.765618,-0.111719,-0.832002,0.543381,-0.87368,0.342794,0.345257,-0.001079,-0.01035,0.009153,4.215022,-3.0556,-1.737463,-1.914002,-0.19606,0.067623,0.331281,0.593773,0.242378,0.767253,-0.766364,0.46061,0.447726,-0.245615,-0.854131,0.458253,-0.0,-0.0,-0.0,0.0,0.0,0.0,0.538663,0.021553,0.055905,-0.010967,-0.599934,-0.125967,0.79007,0.691746,-0.577815,0.433146,0.401953,0.806387,0.433788,1e-06,1.6e-05,1.1e-05,4e-06,-9e-06,2.5e-05,0.520773,0.053487,0.031406,-0.048212,-0.531871,-0.334967,-0.777758,-0.101457,-0.886619,0.451233,-0.840724,0.318907,0.437583,-0.000541,-0.005164,0.004586,-0.034917,-0.075645,0.160225,-0.847497
811,0.077482,0.015643,0.384524,-0.473439,-0.427566,-0.770122,-0.107704,-0.839652,0.532312,-0.873648,0.33549,0.352438,-0.001039,-0.01023,0.009238,0.117733,-0.003501,0.467594,-1.914741,-0.196042,0.067614,0.331285,0.593801,0.242374,0.767233,-0.766351,0.460597,0.447762,-0.24559,-0.854139,0.458252,-0.0,-0.0,-0.0,0.0,0.0,0.0,0.538294,0.021562,0.0559,-0.010965,-0.599961,-0.125958,0.79005,0.691736,-0.5778,0.433182,0.401928,0.8064,0.433787,4e-06,7e-06,7e-06,4e-06,4e-06,3.1e-05,0.520773,0.053388,0.031234,-0.048015,-0.530419,-0.328132,-0.781654,-0.093348,-0.893835,0.438569,-0.84258,0.305591,0.443477,-0.000527,-0.005118,0.004621,0.099931,-0.038847,0.472869,-0.843905
