frame,MLTx,MLTy,MLTz,MLTR1,MLTR2,MLTR3,MLTR4,MLTR5,MLTR6,MLTR7,MLTR8,MLTR9,MLTTVx,MLTTVy,MLTTVz,MLTRVx,MLTRVy,MLTRVz,MLGA,MRTx,MRTy,MRTz,MRTR1,MRTR2,MRTR3,MRTR4,MRTR5,MRTR6,MRTR7,MRTR8,MRTR9,MRTTVx,MRTTVy,MRTTVz,MRTRVx,MRTRVy,MRTRVz,MRGA,SLTx,SLTy,SLTz,SLTR1,SLTR2,SLTR3,SLTR4,SLTR5,SLTR6,SLTR7,SLTR8,SLTR9,SLTTVx,SLTTVy,SLTTVz,SLTRVx,SLTRVy,SLTRVz,SLGA,SRTx,SRTy,SRTz,SRTR1,SRTR2,SRTR3,SRTR4,SRTR5,SRTR6,SRTR7,SRTR8,SRTR9,SRTTVx,SRTTVy,SRTTVz,SRTRVx,SRTRVy,SRTRVz,SRGA
2086,0.179123,0.051352,0.373782,-0.325383,0.828963,-0.454964,-0.842288,-0.472697,-0.258999,-0.429363,0.297903,0.852601,-0.035197,0.03131,0.003259,-0.723372,-0.00101,-0.481852,-0.053367,-0.170833,0.077225,0.361408,0.544908,0.753715,0.3674,-0.834443,0.445027,0.324948,0.080738,-0.484587,0.870931,-0.011063,-0.004319,-0.001354,0.329138,0.784062,-0.323779,0.500564,0.034204,0.057842,0.003988,-0.618694,-0.676794,0.398956,0.784332,-0.561291,0.264148,0.045157,0.476341,0.878099,3.6e-05,-0.001615,-0.00079,-0.183582,0.168483,0.361757,0.166269,0.10513,0.050164,-0.052813,-0.432364,0.829152,-0.354353,-0.816415,-0.526804,-0.236522,-0.382788,0.187036,0.904704,-0.017604,0.015591,0.001615,-2.406603,0.698217,-1.381145,-0.308801
2087,0.178072,0.052701,0.373638,-0.340162,0.809137,-0.4792,-0.837048,-0.492695,-0.237852,-0.428139,0.319196,0.84548,-0.023596,0.037922,-0.007794,-0.037948,-0.663921,-0.575069,0.041182,-0.171133,0.077072,0.361314,0.547162,0.744805,0.381931,-0.834027,0.44726,0.322941,0.069025,-0.496177,0.865394,-0.01104,-0.005789,-0.002078,-0.039436,0.017657,0.195031,0.533095,0.03405,0.057765,0.003941,-0.617776,-0.66709,0.416345,0.784013,-0.563343,0.260706,0.060631,0.487478,0.871027,7.1e-05,-0.003216,-0.001576,-0.000529,0.14019,0.018587,0.443863,0.1046,0.050842,-0.052878,-0.447324,0.81063,-0.37786,-0.808244,-0.547291,-0.217285,-0.382938,0.208207,0.900004,-0.011811,0.018351,-0.004197,-0.089873,-0.82404,-0.901018,-0.200703
2088,0.177707,0.053443,0.373401,-0.349548,0.795903,-0.494368,-0.832444,-0.505902,-0.225992,-0.429542,0.331546,0.839999,-0.0119,0.033634,-0.010372,-0.057412,-0.475192,-0.921895,0.061682,-0.1713,0.076972,0.361237,0.547596,0.740114,0.390335,-0.834304,0.448162,0.320969,0.06194,-0.502348,0.862364,0.000157,-0.0073,-0.00359,-0.15034,0.192892,0.326343,0.534625,0.033962,0.057718,0.003904,-0.616499,-0.663443,0.423994,0.784392,-0.564193,0.257709,0.068239,0.491455,0.868224,-0.005505,-0.003701,-0.001433,-0.258893,0.481528,0.169496,0.488114,0.104413,0.051219,-0.052993,-0.456458,0.797633,-0.39424,-0.801574,-0.560964,-0.206876,-0.386166,0.221582,0.895419,-0.011937,0.022201,-0.009214,-0.047296,-0.768058,-0.864493,-0.160207
2089,0.17712,0.054915,0.372686,-0.370676,0.762161,-0.530806,-0.818635,-0.537998,-0.200913,-0.438248,0.359112,0.824017,-0.01226,0.037413,-0.022335,-0.122458,-0.944007,-1.208743,0.086926,-0.171536,0.076684,0.361132,0.544009,0.738024,0.399206,-0.837414,0.448545,0.312216,0.050686,-0.505076,0.861506,0.000128,-0.006211,-0.003062,0.049949,-0.043003,0.103927,0.535178,0.033844,0.057571,0.00385,-0.612714,-0.6612,0.43289,0.786275,-0.565243,0.249539,0.079693,0.493268,0.866218,-0.005519,-0.003428,-0.001302,0.489414,0.547573,-0.339913,0.513098,0.10412,0.051957,-0.053344,-0.477419,0.76615,-0.430214,-0.783387,-0.592889,-0.186507,-0.397963,0.247983,0.883249,-0.006119,0.018763,-0.011128,-0.044553,-0.52512,-0.975583,-0.104525
2090,0.17669,0.056406,0.371634,-0.395153,0.72115,-0.569072,-0.800816,-0.573878,-0.171262,-0.449599,0.387147,0.804987,-0.000886,0.043322,-0.03351,-0.147273,-0.949833,-1.385473,0.086289,-0.171622,0.076607,0.36102,0.539445,0.735439,0.410024,-0.841092,0.449061,0.301399,0.036865,-0.508379,0.860264,-0.000835,0.009453,-0.008641,0.050152,-0.120883,0.181254,0.534955,0.033801,0.057522,0.003789,-0.606989,-0.659479,0.443454,0.789146,-0.566086,0.238314,0.09387,0.494604,0.864033,-0.000419,0.004867,-0.00425,0.041199,-0.131987,0.186839,0.517996,0.1039,0.052697,-0.053867,-0.501273,0.726253,-0.470405,-0.760148,-0.629334,-0.161593,-0.4134,0.276575,0.867528,-0.006165,0.01573,-0.01264,-0.229981,-1.137064,-1.57275,-0.089012
2091,0.1764,0.057716,0.370572,-0.418041,0.673011,-0.610199,-0.778911,-0.611162,-0.140536,-0.467,0.415701,0.780468,-0.012341,0.03153,-0.025144,-0.209247,-0.6894,-1.531758,0.105588,-0.171599,0.076678,0.360854,0.536321,0.733664,0.417238,-0.843459,0.449631,0.29384,0.027312,-0.510437,0.859402,5.7e-05,-0.002804,-0.001386,0.0,0.0,-0.0,0.534698,0.033812,0.057564,0.003709,-0.603146,-0.658311,0.450377,0.790895,-0.566816,0.23066,0.103435,0.495323,0.862528,3.4e-05,-0.001575,-0.000779,-0.005712,0.011474,-0.021952,0.518976,0.103759,0.05335,-0.054405,-0.523111,0.678975,-0.515118,-0.732443,-0.667186,-0.135605,-0.435752,0.306359,0.846324,-0.000323,0.015371,-0.012974,-0.304871,-1.018179,-1.681312,-0.078235
2092,0.176255,0.058307,0.370057,-0.427482,0.644644,-0.633829,-0.765867,-0.630706,-0.125017,-0.479827,0.431182,0.764118,-0.000715,0.030113,-0.02621,-0.326913,-1.05045,-1.711297,0.131912,-0.171608,0.076648,0.360819,0.542524,0.726508,0.421716,-0.839776,0.459003,0.289873,0.016354,-0.512322,0.858558,4.8e-05,-0.00237,-0.001172,0.496938,0.620076,-0.280036,0.53529,0.033808,0.057547,0.003691,-0.608039,-0.650468,0.455168,0.785642,-0.575503,0.22707,0.114249,0.495667,0.860965,2.6e-05,-0.001179,-0.000583,0.543225,0.680373,-0.320398,0.518813,0.103683,0.053646,-0.054662,-0.532026,0.652975,-0.539046,-0.716802,-0.686203,-0.123768,-0.450713,0.320541,0.833132,-0.006175,0.014633,-0.013127,-0.248799,-0.706427,-1.558877,-0.055211
2093,0.175982,0.059341,0.369025,-0.439588,0.584161,-0.682323,-0.740012,-0.666036,-0.093541,-0.508555,0.463078,0.725919,-0.000647,0.014545,-0.020242,1.257359,-2.934777,-0.298378,0.186256,-0.171606,0.076561,0.360776,0.547087,0.716786,0.432326,-0.836983,0.467871,0.283707,0.000407,-0.517961,0.855324,4.4e-05,-0.002159,-0.001068,-0.024823,0.054572,0.002034,0.535174,0.033809,0.057505,0.00367,-0.610317,-0.640234,0.466489,0.78129,-0.583704,0.221072,0.130754,0.499388,0.856454,6e-06,-0.000241,-0.000119,-0.0121,0.019129,0.028648,0.519466,0.103546,0.054173,-0.055179,-0.544982,0.596288,-0.589435,-0.685667,-0.721557,-0.09599,-0.482549,0.351844,0.802092,-0.006205,0.013022,-0.013916,-0.398569,-1.113534,-1.629553,0.011901
2094,0.175931,0.05999,0.367967,-0.430909,0.527494,-0.732198,-0.724408,-0.685994,-0.067955,-0.5376,0.500467,0.678635,-0.000856,0.00809,-0.023521,-0.281205,-1.637043,-0.749169,0.234374,-0.17156,0.076609,0.360717,0.557076,0.696902,0.451646,-0.829805,0.487262,0.271905,-0.031268,-0.527125,0.849131,3.7e-05,-0.001809,-0.000895,-0.241905,0.39542,0.24444,0.535548,0.033831,0.057531,0.003641,-0.61524,-0.621363,0.485165,0.771355,-0.601537,0.207755,0.162754,0.502054,0.849382,0.005594,0.000136,-0.000316,0.043643,0.020934,0.004494,0.520119,0.103521,0.054502,-0.055705,-0.534279,0.543487,-0.64743,-0.665571,-0.742639,-0.074162,-0.521114,0.391288,0.758506,-0.000518,0.009028,-0.016127,0.074743,-2.097209,-0.683449,0.085219
2095,0.175878,0.060172,0.367471,-0.416037,0.500473,-0.759266,-0.721507,-0.689832,-0.059428,-0.552998,0.522466,0.649037,-0.000902,0.006695,-0.024239,-0.447595,-1.726999,-0.816547,0.246184,-0.171503,0.076622,0.360689,0.570147,0.677821,0.464202,-0.819602,0.507272,0.266196,-0.055749,-0.533083,0.844143,3.2e-05,-0.001533,-0.000759,0.626318,0.943027,1.759888,0.534915,0.03386,0.057536,0.003627,-0.624556,-0.600509,0.499316,0.758227,-0.619439,0.203432,0.187133,0.50565,0.842198,4e-06,-0.000803,-0.000407,0.50568,1.087146,1.827676,0.520772,0.103495,0.054592,-0.055954,-0.519509,0.520891,-0.677334,-0.661655,-0.746822,-0.066846,-0.540668,0.413435,0.732631,-0.00624,0.003624,-0.011786,-0.321896,-1.554753,-0.449852,0.110529
2096,0.175611,0.060382,0.36661,-0.382132,0.439043,-0.81318,-0.704711,-0.707641,-0.050967,-0.597348,0.553032,0.580825,-0.012485,0.008632,-0.022864,0.943632,-1.832708,-1.465152,0.293476,-0.171371,0.076654,0.360665,0.568877,0.659976,0.490716,-0.818631,0.511038,0.261948,-0.078598,-0.551559,0.830342,-0.000881,0.011507,-0.007619,-0.251446,0.340837,0.511719,0.535196,0.033927,0.057546,0.003617,-0.619142,-0.58286,0.526246,0.756233,-0.623123,0.199568,0.211596,0.521526,0.826581,-3e-06,2.8e-05,1e-05,-0.420679,0.411099,0.764831,0.521262,0.103365,0.054688,-0.056389,-0.484657,0.467971,-0.738992,-0.643871,-0.76272,-0.060724,-0.592061,0.446385,0.670971,-0.000397,-0.001813,-0.007871,3.959316,-1.933877,-3.898715,0.161149
2097,0.175452,0.060479,0.365875,-0.364302,0.361803,-0.858154,-0.670909,-0.741005,-0.027661,-0.645458,0.565213,0.513756,-0.000652,-0.002418,-0.015131,-0.253156,-2.170017,-0.262103,0.335659,-0.17136,0.076685,0.36058,0.592501,0.617881,0.516873,-0.797108,0.542019,0.266021,-0.116518,-0.570395,0.81298,-0.011117,-0.003432,-0.000931,-0.207469,0.281002,0.604679,0.535553,0.033936,0.057572,0.003574,-0.634969,-0.537535,0.55486,0.730785,-0.650856,0.20576,0.250531,0.536135,0.806096,-0.000402,0.003949,-0.004703,-0.08637,0.502913,0.681456,0.521426,0.103281,0.05474,-0.056759,-0.465141,0.395589,-0.791929,-0.603972,-0.795854,-0.042805,-0.647194,0.458393,0.609109,-0.000294,-0.001428,-0.007684,-0.035136,-2.325957,-0.812949,0.227935
2098,0.175521,0.060491,0.36518,-0.3513,0.274256,-0.895219,-0.634566,-0.772754,0.012217,-0.688004,0.572023,0.446618,-0.000683,-0.003383,-0.015662,-0.461604,-2.183218,-0.957782,0.354861,-0.171441,0.076674,0.360269,0.611405,0.575246,0.543385,-0.776403,0.568449,0.272024,-0.153162,-0.588922,0.793458,-0.01187,0.001723,-0.011701,0.928878,2.265981,-0.857411,0.535128,0.033895,0.05757,0.003425,-0.647589,-0.493322,0.580741,0.706377,-0.674476,0.214739,0.285761,0.549285,0.785255,-0.000338,0.000967,-0.006183,-0.389414,0.402405,0.772516,0.521752,0.103315,0.054748,-0.057106,-0.448038,0.314408,-0.836904,-0.561951,-0.82711,-0.009887,-0.695321,0.46587,0.547259,0.005508,-0.002157,-0.008271,-0.518098,-1.56731,-1.105582,0.264185
2099,0.175471,0.06045,0.364827,-0.348823,0.233832,-0.907574,-0.620847,-0.783049,0.036813,-0.70164,0.576011,0.419451,-0.000759,-0.005559,-0.016821,-0.168961,-1.763494,-0.758838,0.375601,-0.17153,0.076685,0.35999,0.617061,0.555803,0.557055,-0.76863,0.577126,0.275804,-0.16896,-0.599052,0.782593,-0.000633,-0.000367,-0.013518,-0.256029,0.543195,0.610338,0.535136,0.033847,0.057576,0.003291,-0.647758,-0.474612,0.595945,0.69871,-0.681891,0.216398,0.303665,0.556567,0.773317,-0.006336,0.00473,-0.010595,0.731593,2.516323,-0.654664,0.521589,0.103291,0.054732,-0.05728,-0.442508,0.273585,-0.854012,-0.545249,-0.838156,0.014016,-0.711962,0.471852,0.520063,-0.000336,-0.002468,-0.008245,0.10264,-1.962346,-1.065663,0.284923
2100,0.175369,0.060368,0.364044,-0.341878,0.143814,-0.928699,-0.578901,-0.810671,0.087515,-0.739865,0.567362,0.361563,0.010689,0.004324,-0.025967,4.890534,-2.182204,-2.773719,0.408367,-0.171723,0.076806,0.35923,0.625316,0.527065,0.575477,-0.756531,0.590055,0.281833,-0.191791,-0.612259,0.766953,-0.001404,0.005747,-0.023826,-0.044097,-0.020123,0.631329,0.53563,0.03375,0.057637,0.002901,-0.651122,-0.442803,0.616413,0.684545,-0.693379,0.224998,0.327778,0.568463,0.754593,-0.000682,0.00262,-0.012034,0.03923,-0.122193,0.59133,0.521916,0.103239,0.054687,-0.057678,-0.428593,0.18621,-0.884099,-0.498276,-0.864982,0.05937,-0.753676,0.465971,0.46351,0.005218,0.00189,-0.013163,4.86909,-2.249492,-2.79814,0.33636
2101,0.175811,0.060344,0.363032,-0.307345,0.048911,-0.950364,-0.525845,-0.841073,0.126714,-0.792752,0.538624,0.285404,0.033962,-4.5e-05,-0.029104,-0.161137,-2.032296,-0.976861,0.402998,-0.172035,0.076947,0.358298,0.641281,0.487411,0.592605,-0.73409,0.614263,0.289356,-0.223773,-0.621192,0.750939,-0.012562,0.002428,-0.024746,-0.23558,0.144793,0.766111,0.535351,0.033598,0.057704,0.002443,-0.65966,-0.403181,0.634266,0.660019,-0.714428,0.232306,0.359476,0.571871,0.737387,-0.006267,0.001074,-0.01244,-0.3723,0.437137,0.687227,0.522079,0.103448,0.054678,-0.058172,-0.389003,0.098319,-0.915974,-0.438538,-0.894167,0.090264,-0.81016,0.436803,0.390951,0.011179,-0.000194,-0.014448,0.079008,-2.298934,-1.5362,0.353995
2102,0.176397,0.060268,0.36252,-0.283139,-0.000442,-0.959103,-0.504871,-0.850154,0.149381,-0.815105,0.526516,0.241684,0.034217,-0.011089,-0.021065,-0.353544,-2.321489,-1.166137,0.399898,-0.172437,0.077068,0.357773,0.640924,0.472307,0.60509,-0.729264,0.620458,0.28834,-0.240039,-0.626663,0.741308,-0.023805,0.002913,-0.023737,0.047482,0.848174,0.094675,0.535096,0.033411,0.057754,0.00219,-0.658147,-0.389037,0.644586,0.65373,-0.719982,0.23294,0.373469,0.574695,0.728179,-0.01189,0.001638,-0.01177,-0.330077,0.433919,0.51827,0.522079,0.10374,0.054641,-0.058432,-0.362018,0.053171,-0.930652,-0.41504,-0.903146,0.109848,-0.834675,0.426026,0.349023,0.017047,-0.000115,-0.014626,-0.227257,-2.158238,-1.292389,0.352036
2103,0.178132,0.060384,0.361357,-0.234511,-0.103007,-0.966664,-0.46225,-0.862939,0.20404,-0.854905,0.494814,0.155959,0.045668,0.014229,-0.03591,-0.248208,-1.651168,-1.86989,0.379309,-0.173519,0.077508,0.356722,0.643829,0.444003,0.623166,-0.71604,0.63653,0.286442,-0.270277,-0.631186,0.726924,-0.035088,0.005274,-0.021763,-0.115301,0.062481,0.436664,0.535092,0.032865,0.057973,0.001649,-0.654207,-0.359585,0.665365,0.638615,-0.733956,0.231251,0.405195,0.576199,0.709796,-0.012334,0.008172,-0.015132,-0.121769,0.084344,0.5016,0.522079,0.104603,0.054685,-0.05901,-0.304025,-0.044379,-0.951629,-0.367278,-0.916234,0.160066,-0.879019,0.398176,0.262258,0.028922,0.001588,-0.014127,-0.283795,-1.088976,-3.559161,0.338646
2104,0.180525,0.06095,0.360044,-0.186758,-0.212353,-0.959204,-0.411102,-0.869872,0.272563,-0.892039,0.445494,0.076353,0.069182,0.017315,-0.035017,-0.272201,-2.506562,-1.659846,0.375502,-0.175032,0.078056,0.355758,0.653588,0.407268,0.637924,-0.693994,0.65862,0.290733,-0.302549,-0.633243,0.712271,-0.046361,0.00973,-0.018691,-0.380921,0.507185,0.46428,0.534932,0.032113,0.058241,0.001163,-0.657791,-0.323793,0.68005,0.614141,-0.753277,0.235381,0.436051,0.572478,0.694354,-0.02357,0.010753,-0.013008,0.027316,0.113755,0.146773,0.522242,0.105791,0.054965,-0.059668,-0.248923,-0.147357,-0.957247,-0.309957,-0.924257,0.222879,-0.917585,0.352185,0.184394,0.040514,0.009073,-0.017498,-0.102016,-2.068962,-2.07318,0.316601
2105,0.182039,0.061398,0.359288,-0.162536,-0.269692,-0.949154,-0.386546,-0.867637,0.312667,-0.907649,0.418042,0.037958,0.080583,0.029236,-0.042935,0.205578,-2.560736,-1.590428,0.385494,-0.176053,0.078385,0.355353,0.660531,0.382799,0.645876,-0.677866,0.673744,0.294109,-0.323385,-0.632562,0.703669,-0.057575,0.012894,-0.016273,-0.147076,0.827625,0.719476,0.534853,0.031607,0.058401,0.000958,-0.660689,-0.29927,0.688423,0.596659,-0.765864,0.239686,0.455508,0.569112,0.68456,-0.029167,0.01174,-0.012092,0.95398,0.801352,1.272094,0.522242,0.106544,0.055186,-0.060042,-0.218563,-0.203895,-0.954283,-0.282897,-0.92269,0.261938,-0.933916,0.327213,0.143985,0.046305,0.009307,-0.017589,1.297329,-2.939843,-1.554034,0.321827
2106,0.185659,0.062456,0.357664,-0.117327,-0.372134,-0.920759,-0.364162,-0.846445,0.388445,-0.923785,0.38134,-0.035058,0.103871,0.030252,-0.043118,-0.071624,-2.041588,-1.384832,0.395917,-0.178595,0.078977,0.35486,0.664373,0.343158,0.663959,-0.656678,0.692072,0.299572,-0.357525,-0.635462,0.684271,-0.068674,0.020799,-0.011406,0.071084,0.700053,0.320617,0.534725,0.03034,0.05869,0.000707,-0.657884,-0.257965,0.70756,0.573253,-0.780842,0.248324,0.488434,0.56898,0.661583,-0.03434,0.010759,-0.00548,0.767522,1.043284,1.369695,0.522242,0.108384,0.055727,-0.060868,-0.159862,-0.306534,-0.938339,-0.255804,-0.905229,0.339298,-0.953419,0.294272,0.066299,0.05196,0.015175,-0.021582,-0.090361,-2.082366,-1.3873,0.338972
2107,0.18985,0.064077,0.355701,-0.076889,-0.447848,-0.890823,-0.343611,-0.826823,0.445272,-0.935878,0.340886,-0.0892,0.114394,0.05469,-0.057992,-0.050321,-1.342583,-1.088501,0.383429,-0.181523,0.079814,0.354682,0.665975,0.316752,0.675379,-0.643224,0.70222,0.305097,-0.378444,-0.638,0.670521,-0.07951,0.029327,-0.006242,-0.038804,0.200857,-0.078926,0.535152,0.02885,0.059118,0.000614,-0.654904,-0.23059,0.719672,0.5585,-0.789218,0.255364,0.509094,0.569176,0.645647,-0.039749,0.015156,-0.002826,0.022537,0.133956,-0.125845,0.522242,0.110436,0.056518,-0.061828,-0.111181,-0.379299,-0.918569,-0.23215,-0.888815,0.395112,-0.966304,0.257174,0.010765,0.057237,0.02665,-0.029445,0.06452,-0.845164,-0.770935,0.338156
2108,0.194434,0.066215,0.353363,-0.058523,-0.495735,-0.866526,-0.337906,-0.806935,0.484404,-0.9393,0.321765,-0.119206,0.113356,0.064777,-0.066153,0.052398,-0.755848,-0.981924,0.375274,-0.184642,0.080888,0.35468,0.673107,0.294798,0.678243,-0.627105,0.713497,0.312404,-0.392656,-0.635976,0.664243,-0.078375,0.022731,0.0037,-0.033725,0.149659,-0.10732,0.535254,0.027291,0.05966,0.000616,-0.658764,-0.20817,0.722975,0.541476,-0.798351,0.263511,0.522333,0.565065,0.638645,-0.039188,0.011621,0.002029,0.008312,0.113314,-0.145074,0.522405,0.112728,0.057587,-0.062991,-0.087096,-0.426442,-0.900311,-0.224916,-0.871993,0.434787,-0.970477,0.240363,-0.019967,0.062817,0.026682,-0.029533,0.04762,-0.921507,-0.89,0.321337
2109,0.196935,0.067602,0.352004,-0.059159,-0.510909,-0.857623,-0.332349,-0.800032,0.499464,-0.941239,0.31521,-0.121401,0.123974,0.078589,-0.07266,0.496069,0.137244,-1.213054,0.382769,-0.186198,0.081303,0.354691,0.681982,0.283517,0.674174,-0.616231,0.71907,0.32114,-0.39457,-0.63481,0.664224,-0.078345,0.017557,0.001063,-0.883109,-1.744223,1.680275,0.535221,0.026543,0.059874,0.000627,-0.66429,-0.196336,0.721228,0.531324,-0.8027,0.270862,0.52575,0.563137,0.637544,-0.039458,0.015074,-0.002869,-0.06497,0.232851,-0.033125,0.522569,0.113927,0.058247,-0.063645,-0.082851,-0.441139,-0.893605,-0.220227,-0.866414,0.448135,-0.971923,0.233925,-0.025368,0.062036,0.039378,-0.036365,0.123971,-0.450006,-0.687149,0.321337
2110,0.201885,0.070673,0.349152,-0.074494,-0.528216,-0.845863,-0.323013,-0.789707,0.521533,-0.94338,0.312729,-0.110736,0.123062,0.078053,-0.072469,0.260816,0.233845,-0.259499,0.403603,-0.189328,0.081895,0.354565,0.690938,0.275493,0.668355,-0.605842,0.724926,0.327674,-0.395088,-0.631663,0.666911,-0.067324,0.009156,-0.003965,0.035125,-0.036979,0.003255,0.535881,0.025003,0.060174,0.000574,-0.674506,-0.186731,0.714263,0.519875,-0.807069,0.279944,0.524186,0.560152,0.64145,-0.033662,0.004613,-0.001915,0.049139,-0.040279,-0.009967,0.522569,0.116399,0.059781,-0.065067,-0.097043,-0.462699,-0.881187,-0.208621,-0.856241,0.472575,-0.973169,0.229694,-0.013437,0.061565,0.039561,-0.036016,0.273673,0.269313,-0.18556,0.341911
2111,0.206514,0.073727,0.346298,-0.110418,-0.534514,-0.837943,-0.331518,-0.775007,0.537989,-0.936843,0.337858,-0.090579,0.122343,0.075968,-0.073182,0.219113,0.387774,-0.380307,0.405813,-0.191696,0.082422,0.354013,0.69388,0.261197,0.671043,-0.590663,0.739338,0.323155,-0.412576,-0.620915,0.666414,-0.057053,0.0113,-0.016903,0.060711,0.065173,-0.137023,0.5359,0.023803,0.060444,0.000308,-0.675199,-0.17235,0.717217,0.5026,-0.819175,0.276304,0.539905,0.547034,0.63973,-0.023239,0.010579,-0.012926,0.096596,0.051005,-0.117175,0.522569,0.118764,0.061343,-0.066519,-0.132279,-0.472497,-0.871348,-0.21692,-0.843965,0.490579,-0.967185,0.253906,0.009145,0.055121,0.042565,-0.040803,0.164172,0.351344,-0.257349,0.357587
2112,0.208552,0.07519,0.34478,-0.132823,-0.53547,-0.834072,-0.342711,-0.76481,0.545516,-0.929855,0.358965,-0.080885,0.098452,0.081315,-0.082946,0.283875,0.311433,-0.29995,0.400352,-0.192546,0.082625,0.353607,0.693273,0.255837,0.673729,-0.587202,0.742374,0.322503,-0.418505,-0.619515,0.664016,-0.035025,0.007153,-0.020564,0.339384,0.273876,0.31259,0.535964,0.023353,0.060549,9.9e-05,-0.673454,-0.167641,0.719969,0.4993,-0.821363,0.275792,0.545122,0.545214,0.636854,-0.023329,0.008429,-0.014018,1.134388,0.811105,0.913259,0.522405,0.119828,0.062109,-0.067302,-0.154566,-0.475978,-0.865767,-0.228287,-0.835378,0.500027,-0.961246,0.274931,0.020461,0.049306,0.040297,-0.041731,0.277133,0.311668,-0.294454,0.355791
2113,0.211826,0.078294,0.341441,-0.165049,-0.530897,-0.831236,-0.357138,-0.753433,0.552054,-0.919165,0.388638,-0.064212,0.063752,0.074543,-0.084931,0.267953,0.288534,-0.206377,0.389555,-0.193923,0.083366,0.352355,0.692609,0.247235,0.677613,-0.579348,0.750178,0.318627,-0.430407,-0.613564,0.66193,-0.025088,0.024311,-0.039094,0.148781,0.047323,0.008723,0.535918,0.02266,0.060912,-0.00052,-0.671335,-0.158719,0.723959,0.48983,-0.828077,0.272679,0.556214,0.537676,0.633662,-0.012557,0.011607,-0.019798,0.237311,0.078254,0.041987,0.522569,0.121441,0.06363,-0.068941,-0.186769,-0.474311,-0.860317,-0.243402,-0.826081,0.508276,-0.951773,0.304333,0.038838,0.037238,0.04344,-0.046119,0.201299,0.286123,-0.156259,0.34534
2114,0.213587,0.081094,0.337842,-0.205537,-0.518926,-0.829768,-0.388619,-0.734882,0.555784,-0.897943,0.43734,-0.049583,0.018659,0.059853,-0.09121,-4.312525,3.175999,-0.319531,0.354624,-0.194385,0.084572,0.35039,0.696356,0.223558,0.681983,-0.561452,0.761467,0.323841,-0.447768,-0.608687,0.654879,0.006983,0.039023,-0.060288,-0.126714,0.39773,0.408749,0.535912,0.022416,0.06151,-0.001494,-0.671658,-0.136735,0.728133,0.471212,-0.837249,0.277438,0.571693,0.529449,0.626777,-0.001865,0.013145,-0.026395,-0.194972,0.473857,0.403236,0.522569,0.122345,0.065065,-0.070769,-0.227155,-0.466806,-0.854688,-0.274715,-0.811273,0.516107,-0.934308,0.352032,0.056045,0.00935,0.029344,-0.046148,-4.321939,3.160009,-0.321771,0.316928
2115,0.213249,0.083317,0.33406,-0.229561,-0.50932,-0.829422,-0.403605,-0.725646,0.557237,-0.885399,0.463309,-0.037948,-0.037917,0.047918,-0.095681,0.30189,0.170193,-0.20635,0.306703,-0.193637,0.085911,0.347891,0.699091,0.20083,0.686244,-0.55166,0.761952,0.339168,-0.45563,-0.615931,0.642568,0.039945,0.032154,-0.066062,-0.343715,0.6483,0.703565,0.536216,0.022777,0.06218,-0.002741,-0.67094,-0.114591,0.732603,0.46274,-0.836702,0.292917,0.579405,0.535535,0.614403,0.014445,0.015957,-0.032709,-0.08472,0.312896,0.429626,0.522405,0.122176,0.066173,-0.072663,-0.252791,-0.459116,-0.85165,-0.291774,-0.803084,0.519541,-0.922477,0.379825,0.069054,-0.018836,0.023528,-0.048093,0.297637,0.162836,-0.218258,0.254388
2116,0.212233,0.084401,0.332046,-0.242203,-0.500569,-0.831152,-0.411083,-0.723024,0.555176,-0.878552,0.476757,-0.029619,-0.06153,0.055672,-0.103906,0.308557,0.442154,0.128085,0.293726,-0.192763,0.086643,0.346501,0.701994,0.187455,0.687064,-0.544939,0.762372,0.348946,-0.459251,-0.619598,0.636436,0.050534,0.042258,-0.074742,-0.221673,0.502812,0.660499,0.535846,0.023229,0.062555,-0.003462,-0.671687,-0.099346,0.734143,0.45647,-0.836008,0.304506,0.583498,0.539648,0.606884,0.025284,0.020829,-0.037547,-0.306218,0.590099,0.725047,0.522569,0.121691,0.066693,-0.073633,-0.265374,-0.45248,-0.851373,-0.299725,-0.800565,0.518901,-0.916373,0.392881,0.076829,-0.036351,0.026871,-0.052287,0.087996,0.938654,0.056898,0.228751
2117,0.208188,0.086067,0.328003,-0.267458,-0.481082,-0.834908,-0.451151,-0.703116,0.549602,-0.851115,0.524261,-0.027943,-0.128933,0.034314,-0.100133,-5.315184,1.797879,1.712014,0.255646,-0.190026,0.08821,0.34361,0.694714,0.16219,0.700756,-0.540724,0.760087,0.360303,-0.475053,-0.629422,0.61483,0.084336,0.032165,-0.068971,-0.102085,0.512919,0.461615,0.535552,0.024534,0.063303,-0.004857,-0.660223,-0.075597,0.747254,0.45366,-0.833061,0.316544,0.598579,0.547989,0.584302,0.036672,0.016365,-0.033988,0.192062,2.604411,-1.018759,0.522405,0.119742,0.067524,-0.075623,-0.292008,-0.43606,-0.851223,-0.336241,-0.786393,0.518195,-0.895362,0.437533,0.083012,-0.064308,0.01639,-0.050503,0.244641,0.322419,-0.472512,0.185316
2118,0.202048,0.086692,0.324501,-0.288904,-0.460112,-0.839569,-0.485483,-0.685436,0.542638,-0.824792,0.564937,-0.024303,-0.185288,0.008444,-0.086394,-0.422948,0.297571,0.2813,0.156853,-0.18642,0.089391,0.341086,0.674319,0.153605,0.722282,-0.56107,0.742368,0.366094,-0.480794,-0.652301,0.585836,0.107856,0.014664,-0.053298,-0.228709,0.435094,0.419436,0.533039,0.026323,0.063898,-0.006135,-0.637084,-0.070098,0.767599,0.476491,-0.818593,0.320718,0.60587,0.570079,0.554914,0.053672,0.012794,-0.030416,-0.572939,0.983633,-0.056626,0.522242,0.116646,0.067847,-0.077421,-0.31673,-0.415119,-0.852852,-0.377246,-0.769838,0.514813,-0.870268,0.484793,0.087229,-0.092584,0.004319,-0.043078,-2.093041,0.11595,1.604652,0.088811
2119,0.197981,0.086894,0.322859,-0.29562,-0.441564,-0.847157,-0.495226,-0.687502,0.531096,-0.816574,0.577085,-0.014376,-0.209094,0.015511,-0.081381,0.393209,0.686094,0.354521,0.114531,-0.184468,0.089738,0.340139,0.668241,0.162616,0.725948,-0.580371,0.724298,0.372148,-0.466107,-0.670202,0.57744,0.108677,0.00902,-0.043051,-0.254113,0.235248,0.293014,0.51776,0.027335,0.064076,-0.006639,-0.631936,-0.079033,0.77098,0.498351,-0.803297,0.326128,0.593551,0.590311,0.547019,0.048529,0.010975,-0.02434,-0.520784,0.24682,-0.01376,0.522079,0.114622,0.067934,-0.078251,-0.324732,-0.397783,-0.858088,-0.388292,-0.771205,0.50445,-0.862425,0.497001,0.095979,-0.104132,0.001595,-0.037467,0.273794,0.762181,0.930786,0.019086
2120,0.189008,0.087143,0.320357,-0.329775,-0.374092,-0.866804,-0.535813,-0.681792,0.498033,-0.776887,0.629146,0.025477,-0.255338,0.006006,-0.058275,-0.720379,2.561837,0.793728,0.033568,-0.180305,0.090296,0.338856,0.66741,0.179103,0.722826,-0.599767,0.704469,0.37939,-0.442079,-0.686953,0.576649,0.109647,0.015685,-0.025999,0.064416,0.089197,-0.005539,0.464413,0.029417,0.06434,-0.007293,-0.633862,-0.095531,0.767523,0.520656,-0.786532,0.332089,0.571957,0.610115,0.548292,0.055214,0.002477,-0.009347,0.065111,-0.041708,0.11069,0.482889,0.110153,0.068054,-0.079518,-0.364424,-0.334829,-0.868955,-0.430377,-0.766934,0.476011,-0.825814,0.547448,0.135387,-0.122041,0.003381,-0.029068,-4.187199,4.279147,0.959847,-0.092278
2121,0.17882,0.087198,0.318564,-0.38518,-0.264412,-0.884176,-0.588081,-0.668043,0.455907,-0.710743,0.695901,0.102926,-0.278855,-0.002776,-0.035903,0.851863,2.309495,1.387022,-0.067642,-0.17618,0.090571,0.338538,0.666151,0.212519,0.714891,-0.621432,0.68801,0.374696,-0.413041,-0.69412,0.589454,0.099929,0.009889,-0.001617,-3.617218,-2.484751,-3.457921,0.349985,0.031484,0.064476,-0.007463,-0.638364,-0.123774,0.759717,0.539406,-0.776037,0.326811,0.549118,0.618421,0.562159,0.049986,0.005522,-0.000566,0.525073,-0.709181,-0.227795,0.386711,0.105068,0.068084,-0.080425,-0.431529,-0.229929,-0.872304,-0.487799,-0.753933,0.440042,-0.758837,0.6154,0.213185,-0.139346,-0.001115,-0.017644,0.476622,2.36134,1.316131,-0.201683
2122,0.167662,0.087066,0.317726,-0.428469,-0.131129,-0.894016,-0.631152,-0.664599,0.399908,-0.646076,0.73577,0.203114,-0.290875,-0.018086,-0.004027,-0.591015,3.070557,1.545321,-0.205961,-0.172539,0.090635,0.338825,0.66605,0.233361,0.708457,-0.626373,0.690543,0.361581,-0.40566,-0.684875,0.605184,0.078329,0.004617,0.010423,0.264482,-0.350202,-0.219784,0.079041,0.033313,0.064521,-0.007319,-0.641053,-0.14967,0.752761,0.547579,-0.776433,0.311941,0.537781,0.612167,0.579691,0.039181,0.00218,0.005074,0.340818,-0.531014,-0.15152,0.113526,0.099494,0.068018,-0.08086,-0.487306,-0.098936,-0.867608,-0.534438,-0.751956,0.385923,-0.690585,0.651745,0.313557,-0.145449,-0.003047,-0.005002,-3.925563,4.946152,2.856738,-0.298351
2123,0.161842,0.086895,0.317708,-0.444066,-0.05571,-0.894286,-0.650949,-0.665783,0.364651,-0.615169,0.744131,0.260504,-0.291197,-0.019643,0.008619,0.972269,2.70344,1.701185,-0.311673,-0.171089,0.09067,0.339112,0.666894,0.244258,0.703976,-0.627039,0.694213,0.353303,-0.403233,-0.677336,0.615209,0.067085,0.00747,0.012782,0.35078,-0.435586,-0.335752,-0.007784,0.034042,0.06454,-0.007175,-0.643703,-0.159676,0.74843,0.547107,-0.77984,0.304174,0.535087,0.60527,0.589346,0.033998,-0.002175,0.009758,0.465517,-0.679024,-0.34599,-0.036375,0.096688,0.067935,-0.080875,-0.508969,-0.029147,-0.860291,-0.557576,-0.750249,0.355294,-0.655789,0.660512,0.365601,-0.145415,-0.003242,0.001667,-0.469484,3.219663,1.797082,-0.357625
2124,0.151364,0.086538,0.318309,-0.464015,0.080491,-0.882188,-0.691374,-0.655507,0.303782,-0.553259,0.75078,0.360916,-0.268002,-0.013226,0.025636,0.757335,2.281259,1.187492,-0.608735,-0.168809,0.090332,0.339818,0.668153,0.261595,0.696514,-0.628637,0.699077,0.340647,-0.398627,-0.665782,0.63063,0.045982,-0.011889,0.017053,0.357048,-0.535645,-0.309064,-0.281366,0.03519,0.064398,-0.006812,-0.647782,-0.175793,0.741265,0.547157,-0.784396,0.292131,0.530091,0.594826,0.604304,0.02854,-0.005825,0.008149,0.381194,-0.585944,-0.31273,-0.300253,0.091336,0.067751,-0.08058,-0.540508,0.108751,-0.83428,-0.604628,-0.739746,0.295295,-0.585042,0.664039,0.465592,-0.133896,-0.00586,0.01347,0.584285,2.680422,1.613503,-0.537245
2125,0.141033,0.086003,0.319731,-0.486901,0.206308,-0.84877,-0.72382,-0.639189,0.259795,-0.488328,0.740593,0.461612,-0.244943,-0.01277,0.038972,0.76481,2.279938,0.668677,-0.915922,-0.167262,0.08982,0.340291,0.679165,0.279818,0.678548,-0.62548,0.70423,0.335809,-0.384726,-0.652834,0.652423,0.033247,0.003704,-0.000348,0.327059,-0.593581,-0.027161,-0.649093,0.035959,0.064147,-0.006568,-0.662315,-0.192835,0.723984,0.543144,-0.789183,0.286678,0.516074,0.583098,0.627425,0.017105,-0.004102,0.003211,0.285593,-1.296303,0.136789,-0.592379,0.086259,0.067496,-0.079883,-0.570068,0.227153,-0.789571,-0.642499,-0.72222,0.256107,-0.512069,0.653298,0.557661,-0.122749,-0.012116,0.023065,0.325877,3.986448,-0.866836,-0.775323
2126,0.136485,0.08575,0.320465,-0.495363,0.261038,-0.828565,-0.737599,-0.630221,0.242364,-0.458304,0.730881,0.505765,-0.233948,-0.01317,0.038082,0.683815,2.065756,0.8875,-1.045461,-0.166722,0.089754,0.340316,0.687529,0.291375,0.665128,-0.622421,0.708095,0.333359,-0.374689,-0.643544,0.667325,0.022259,0.000121,-0.00153,0.386781,-0.593703,-0.13594,-0.77605,0.036242,0.064112,-0.006553,-0.673383,-0.203232,0.710809,0.539326,-0.792655,0.284296,0.505648,0.574799,0.643369,0.01114,-0.000425,-0.001062,0.477314,-0.619431,-0.368201,-0.739994,0.083886,0.067376,-0.079494,-0.582681,0.2804,-0.762796,-0.658121,-0.713484,0.240449,-0.476821,0.642118,0.600271,-0.116993,-0.006689,0.019105,0.544343,2.4209,1.31262,-0.84815
2127,0.128228,0.085245,0.321754,-0.505889,0.341932,-0.791962,-0.756643,-0.616753,0.216977,-0.413631,0.708572,0.571718,-0.188326,-0.007411,0.026088,0.543475,1.569775,0.631885,-1.44514,-0.165945,0.089522,0.340092,0.695223,0.301622,0.652442,-0.618511,0.713317,0.329479,-0.366877,-0.632978,0.681617,0.011627,-0.011486,-0.007164,0.03704,-0.145849,0.140399,-1.081499,0.036634,0.064007,-0.00666,-0.683178,-0.213156,0.698449,0.534789,-0.797328,0.279763,0.497261,0.564651,0.65871,0.011398,-0.006032,-0.004158,-0.025974,-0.083794,0.192032,-0.936922,0.079741,0.067132,-0.078837,-0.596915,0.356558,-0.718719,-0.68055,-0.699451,0.218216,-0.424903,0.619381,0.660169,-0.094167,-0.003648,0.013227,0.06821,1.457679,0.412565,-0.852886
2128,0.121418,0.084753,0.322747,-0.514275,0.384831,-0.766467,-0.765724,-0.608523,0.208178,-0.385667,0.693482,0.60858,-0.166595,-0.011758,0.022426,0.268971,0.952387,-0.174158,-1.897529,-0.165586,0.088906,0.339664,0.703098,0.292082,0.64833,-0.606348,0.722394,0.332298,-0.372159,-0.627115,0.684169,0.010948,-0.006709,-0.018027,0.048303,-0.114112,0.157269,-1.398674,0.036814,0.063693,-0.006872,-0.689878,-0.201791,0.695232,0.521654,-0.804448,0.284145,0.501941,0.558696,0.660236,0.006004,-0.009641,-0.005785,-0.001138,0.021548,-0.013557,-0.902305,0.076329,0.066889,-0.078336,-0.606317,0.397873,-0.688531,-0.691649,-0.691121,0.209693,-0.392428,0.603363,0.694227,-0.07741,-0.006245,0.011054,0.356735,1.02781,-0.038223,-0.854355
2129,0.115556,0.084242,0.323549,-0.522199,0.404973,-0.750566,-0.76449,-0.612336,0.201425,-0.377384,0.678479,0.630297,-0.145672,-0.027065,0.026208,0.333802,-0.056494,0.296741,-1.905838,-0.165162,0.088518,0.339072,0.706912,0.279063,0.649916,-0.593419,0.733849,0.330534,-0.385572,-0.619678,0.683517,0.023119,-0.016593,-0.010942,0.000148,0.005068,0.013242,-1.404817,0.037022,0.063492,-0.007177,-0.691817,-0.188283,0.697092,0.506995,-0.814068,0.28328,0.514144,0.549401,0.658645,0.00546,-0.002456,-0.00855,0.034792,0.005984,0.003488,-0.929248,0.073389,0.066637,-0.077937,-0.615343,0.415911,-0.669603,-0.690257,-0.694523,0.202934,-0.380653,0.587073,0.714456,-0.066349,-0.008036,0.009577,0.988566,-1.375423,1.390959,-0.857294
2130,0.112891,0.08383,0.323986,-0.520747,0.40904,-0.749369,-0.76395,-0.615057,0.195082,-0.380467,0.673558,0.633712,-0.134595,-0.028591,0.024987,0.915388,-1.551311,1.435702,-1.90584,-0.164871,0.088414,0.338768,0.706917,0.278899,0.649981,-0.593126,0.734233,0.330208,-0.386016,-0.619296,0.683613,0.022039,-0.003013,-0.016859,0.036705,-0.006958,0.030263,-1.404836,0.037168,0.063431,-0.007328,-0.691804,-0.188113,0.69715,0.506629,-0.814395,0.282995,0.514521,0.548975,0.658706,0.005948,-0.007531,-0.004658,0.000615,0.002467,0.007479,-0.929248,0.072053,0.066431,-0.077718,-0.615635,0.419668,-0.666987,-0.689374,-0.696868,0.197829,-0.38178,0.581594,0.718325,-0.066576,-0.007911,0.009573,0.097117,0.473717,-0.175686,-0.852069
2131,0.107913,0.082511,0.324933,-0.506301,0.419344,-0.753562,-0.767579,-0.617401,0.172077,-0.392467,0.665017,0.635412,-0.126474,-0.045902,0.027688,0.356286,0.54296,0.401303,-1.906822,-0.16411,0.08804,0.338349,0.707209,0.278431,0.649864,-0.592576,0.734641,0.330289,-0.386327,-0.619023,0.683685,0.022926,-0.010155,-0.007391,0.002101,-0.012651,0.035884,-1.404905,0.037557,0.063237,-0.007548,-0.692058,-0.187571,0.697045,0.50598,-0.814758,0.283112,0.51482,0.548621,0.658767,0.011462,-0.004863,-0.003584,0.002536,-0.012468,0.036282,-0.929248,0.069561,0.065782,-0.077243,-0.601238,0.429149,-0.674049,-0.694558,-0.697754,0.17529,-0.395095,0.573558,0.717585,-0.062609,-0.017161,0.010488,0.316641,-0.353747,0.459676,-0.851906
2132,0.103616,0.080531,0.325897,-0.488627,0.431907,-0.758119,-0.774167,-0.615331,0.148341,-0.401823,0.658856,0.635983,-0.09322,-0.053518,0.022383,0.257359,0.408388,0.634834,-1.907071,-0.163303,0.087772,0.338209,0.707517,0.277953,0.649734,-0.592234,0.734695,0.33078,-0.386288,-0.619172,0.683572,0.022572,-0.002045,-0.002803,0.004089,-0.030411,0.058491,-1.405128,0.037952,0.063098,-0.007619,-0.692274,-0.187063,0.696966,0.505685,-0.814772,0.283598,0.514818,0.548774,0.658641,0.005687,-0.001318,-0.001174,0.000353,0.002677,0.006903,-0.932514,0.0674,0.064791,-0.076761,-0.585433,0.443481,-0.678669,-0.702959,-0.694703,0.152428,-0.403875,0.566313,0.718451,-0.053239,-0.031992,0.015104,-0.07176,0.176968,0.075927,-0.853212
2133,0.101774,0.079292,0.326492,-0.484497,0.438892,-0.756757,-0.777456,-0.612582,0.142404,-0.40048,0.656792,0.638958,-0.094519,-0.062952,0.030826,0.147906,0.339311,0.534283,-1.906679,-0.162946,0.087652,0.338278,0.707843,0.277703,0.649485,-0.592061,0.734577,0.331351,-0.385953,-0.619424,0.683533,0.012247,-0.010534,0.006784,-0.034538,-0.003332,0.012154,-1.404519,0.038135,0.06304,-0.007589,-0.692609,-0.186744,0.69672,0.505525,-0.814667,0.284185,0.514525,0.549039,0.658649,0.011157,0.001634,9.4e-05,0.004348,-0.030319,0.058706,-0.930881,0.066478,0.064169,-0.07647,-0.581855,0.451113,-0.676713,-0.706955,-0.691892,0.146626,-0.402068,0.563721,0.721497,-0.041425,-0.03264,0.014705,0.15364,0.224639,0.742537,-0.852886
2134,0.098546,0.076949,0.327792,-0.471327,0.462935,-0.750724,-0.788575,-0.602372,0.123567,-0.394433,0.649665,0.649911,-0.081422,-0.057256,0.034976,0.075857,0.334804,0.346183,-1.906306,-0.162337,0.087439,0.338583,0.712406,0.281858,0.64267,-0.590416,0.735584,0.332053,-0.380026,-0.61635,0.689606,0.023169,-0.004266,0.009528,-0.022298,-0.045234,0.056285,-1.404461,0.038435,0.062934,-0.007436,-0.698191,-0.190398,0.690128,0.503825,-0.815534,0.284715,0.508615,0.546489,0.665326,0.005983,-0.002543,0.004933,-0.04951,0.012197,0.018087,-0.931044,0.064857,0.062987,-0.075827,-0.570171,0.477073,-0.668808,-0.720537,-0.681466,0.128169,-0.394625,0.55498,0.732302,-0.03483,-0.029729,0.016821,0.124945,0.403044,0.406129,-0.851743
2135,0.095932,0.0748,0.329363,-0.464713,0.479585,-0.744369,-0.794386,-0.597135,0.111143,-0.390615,0.642368,0.659402,-0.054925,-0.0502,0.040323,-0.079589,0.066537,0.244301,-1.906076,-0.161657,0.08726,0.339106,0.715733,0.281255,0.639228,-0.588771,0.735125,0.335967,-0.376304,-0.617172,0.690911,0.012752,-0.011172,0.020026,-0.06709,-0.027148,0.040196,-1.403633,0.038771,0.062846,-0.007184,-0.701561,-0.189047,0.687074,0.502545,-0.814838,0.288939,0.505232,0.547995,0.666664,0.011994,-0.005618,0.009573,-0.067208,-0.023407,0.046979,-0.930064,0.063559,0.061926,-0.075067,-0.564437,0.494005,-0.661338,-0.727813,-0.675834,0.116339,-0.389484,0.546997,0.741009,-0.027356,-0.024708,0.020482,-0.079875,0.074893,0.256803,-0.849456
2136,0.094287,0.072928,0.3312,-0.456504,0.494755,-0.739504,-0.803147,-0.586759,0.103155,-0.382314,0.640404,0.666143,-0.039129,-0.038901,0.048588,0.109851,0.415581,0.380569,-1.905896,-0.160718,0.086996,0.339838,0.717116,0.280511,0.638004,-0.588373,0.734183,0.338712,-0.374285,-0.618629,0.690704,0.023862,-0.008866,0.020512,-0.067065,-0.024872,0.046662,-1.403368,0.039235,0.062723,-0.006817,-0.702916,-0.188083,0.685954,0.502446,-0.813915,0.291701,0.503444,0.549697,0.666616,0.011876,-0.003655,0.01068,-0.064815,-0.042392,0.069524,-0.934963,0.062707,0.060956,-0.074137,-0.557522,0.507541,-0.65694,-0.737829,-0.665647,0.111902,-0.380496,0.547097,0.745591,-0.014429,-0.026506,0.02706,0.080381,0.338119,0.553304,-0.855988
2137,0.093718,0.072187,0.332175,-0.453878,0.50211,-0.736155,-0.805637,-0.584192,0.098185,-0.380199,0.637011,0.670591,-0.037554,-0.033687,0.052317,0.175037,0.630548,0.294254,-1.905824,-0.160181,0.086787,0.340293,0.713832,0.282274,0.640903,-0.590747,0.734049,0.334849,-0.376817,-0.617988,0.689901,0.02374,-0.006861,0.021643,0.118461,-0.217755,-0.108853,-1.403366,0.039513,0.062615,-0.006583,-0.699637,-0.189426,0.68893,0.504431,-0.813827,0.288503,0.50602,0.549366,0.664936,0.017472,-0.003277,0.010481,0.260075,-0.298474,-0.228495,-0.936106,0.062423,0.060585,-0.07365,-0.555248,0.514578,-0.653382,-0.740897,-0.662959,0.107498,-0.377849,0.543777,0.749356,-0.01273,-0.017549,0.025749,0.213337,0.55983,0.535588,-0.856315
2138,0.092979,0.0708,0.334414,-0.44774,0.519261,-0.727971,-0.811132,-0.57845,0.086209,-0.37578,0.628433,0.681094,-0.00093,-0.04421,0.060697,-0.022855,0.231614,0.358625,-1.905591,-0.15899,0.08631,0.341316,0.706884,0.283017,0.648234,-0.594949,0.733413,0.328748,-0.383254,-0.618405,0.68597,0.035911,-0.015132,0.029764,-0.031165,0.136303,-0.073171,-1.403414,0.040104,0.062379,-0.006074,-0.692562,-0.192325,0.695246,0.50831,-0.813977,0.281179,0.511837,0.548135,0.66149,0.012354,-0.008137,0.014953,0.131994,0.547366,-0.331027,-0.936433,0.062045,0.059912,-0.07255,-0.549886,0.532955,-0.643103,-0.747857,-0.657033,0.094956,-0.371933,0.533165,0.759868,-0.005576,-0.014772,0.02778,0.091486,0.343449,0.432781,-0.860234
2139,0.09306,0.069604,0.336622,-0.443678,0.53686,-0.717618,-0.816183,-0.57274,0.076069,-0.369626,0.618788,0.693185,0.013133,-0.039626,0.064007,-0.076087,0.235872,0.185307,-1.905936,-0.15776,0.085631,0.34249,0.703514,0.286197,0.6505,-0.59786,0.733051,0.324244,-0.38492,-0.617374,0.685966,0.024838,-0.017532,0.029281,-0.084906,-0.034383,0.011816,-1.403595,0.040723,0.062047,-0.005483,-0.689435,-0.196069,0.697306,0.510938,-0.814006,0.276288,0.51344,0.546763,0.661383,0.01796,-0.007755,0.014773,-0.108491,-0.048625,0.084638,-0.933493,0.062077,0.059302,-0.071425,-0.546378,0.550471,-0.63123,-0.754384,-0.650854,0.085394,-0.363831,0.522848,0.77088,0.001388,-0.012678,0.029265,-0.061988,0.092416,0.327133,-0.862683
2140,0.093254,0.068982,0.337881,-0.445841,0.5451,-0.710026,-0.818084,-0.570031,0.075995,-0.362765,0.614063,0.700968,0.014091,-0.036565,0.066092,-0.05622,0.276241,0.207362,-1.905806,-0.157151,0.085229,0.34314,0.702658,0.285669,0.651657,-0.59879,0.731978,0.32495,-0.385037,-0.618889,0.684533,0.025925,-0.027636,0.037258,-0.137946,-0.021129,0.033736,-1.403708,0.041018,0.061852,-0.005174,-0.688389,-0.19547,0.698507,0.512046,-0.81303,0.27711,0.513741,0.548427,0.65977,0.017969,-0.00779,0.014766,-0.108747,-0.026363,0.064311,-0.932024,0.062173,0.059,-0.070818,-0.548755,0.557174,-0.623236,-0.756372,-0.648425,0.086287,-0.356045,0.518749,0.777257,0.007045,-0.018184,0.033115,-0.005116,0.435621,0.253537,-0.866439
