frame,MLTx,MLTy,MLTz,MLTR1,MLTR2,MLTR3,MLTR4,MLTR5,MLTR6,MLTR7,MLTR8,MLTR9,MLTTVx,MLTTVy,MLTTVz,MLTRVx,MLTRVy,MLTRVz,MLGA,MRTx,MRTy,MRTz,MRTR1,MRTR2,MRTR3,MRTR4,MRTR5,MRTR6,MRTR7,MRTR8,MRTR9,MRTTVx,MRTTVy,MRTTVz,MRTRVx,MRTRVy,MRTRVz,MRGA,SLTx,SLTy,SLTz,SLTR1,SLTR2,SLTR3,SLTR4,SLTR5,SLTR6,SLTR7,SLTR8,SLTR9,SLTTVx,SLTTVy,SLTTVz,SLTRVx,SLTRVy,SLTRVz,SLGA,SRTx,SRTy,SRTz,SRTR1,SRTR2,SRTR3,SRTR4,SRTR5,SRTR6,SRTR7,SRTR8,SRTR9,SRTTVx,SRTTVy,SRTTVz,SRTRVx,SRTRVy,SRTRVz,SRGA
586,0.131671,-0.035305,0.421672,-0.658224,-0.566432,-0.495926,0.640659,-0.767366,0.026032,-0.394479,-0.299887,0.868609,1.4e-05,0.008793,-0.010661,0.035302,-0.010847,0.020133,-1.694623,-0.079688,-0.014811,0.40454,0.458329,0.729263,0.508037,-0.885832,0.420811,0.195332,-0.071901,-0.540475,0.8382,0.014315,-0.004201,0.012185,-0.079639,-0.067342,0.071493,0.057218,0.055832,0.033754,-0.009685,-0.259324,-0.803878,0.535286,0.965755,-0.211135,0.150791,-0.0082,0.556059,0.831102,0.00715,-0.002098,0.006091,-0.076087,-0.064403,0.068884,-0.108713,0.075422,0.019109,-0.060481,-0.691881,-0.512993,-0.508071,0.574547,-0.817348,0.042858,-0.437257,-0.262258,0.860247,1.1e-05,0.004411,-0.005321,0.035426,-0.010774,0.019798,-0.880972
587,0.131655,-0.035201,0.421482,-0.658286,-0.566258,-0.496041,0.640764,-0.767297,0.025459,-0.394205,-0.300388,0.86856,-0.000209,-0.001242,-0.000818,0.0,0.0,0.0,-1.6946,-0.079678,-0.014927,0.404857,0.451676,0.734904,0.505862,-0.88997,0.41039,0.198663,-0.062156,-0.540854,0.838735,0.00081,-0.006116,0.01231,-0.034852,6.7e-05,-0.023585,0.067793,0.055837,0.033699,-0.00953,-0.251664,-0.807926,0.532841,0.967653,-0.200011,0.153758,-0.017651,0.554301,0.832128,-0.000509,0.00187,0.001285,0.001616,-0.009256,0.026873,-0.103651,0.075415,0.019163,-0.060574,-0.691921,-0.512824,-0.508188,0.574679,-0.817284,0.042289,-0.437021,-0.262785,0.860206,-0.000133,-0.000799,-0.000527,0.000126,-1.9e-05,-0.000211,-0.882115
588,0.131656,-0.035127,0.421395,-0.658352,-0.56611,-0.496123,0.640777,-0.767297,0.025124,-0.394074,-0.300666,0.868523,-0.0,-0.0,-0.0,0.0,0.0,0.0,-1.692721,-0.079474,-0.015115,0.405204,0.451007,0.735234,0.505979,-0.890374,0.409278,0.199149,-0.061218,-0.541249,0.838549,0.014632,-0.005377,0.011379,-0.032797,-0.015173,0.005645,0.097771,0.055933,0.033609,-0.009353,-0.250919,-0.80809,0.532944,0.967828,-0.198821,0.154201,-0.018648,0.55449,0.83198,0.000709,-0.004209,0.005362,-0.041083,0.068706,-0.209972,-0.079157,0.075415,0.019197,-0.060619,-0.691968,-0.512677,-0.508272,0.574706,-0.817283,0.041954,-0.436911,-0.263077,0.860173,3e-06,1.8e-05,1.4e-05,7.9e-05,-1.8e-05,-0.000145,-0.883748
589,0.131674,-0.035104,0.421336,-0.658386,-0.566024,-0.496176,0.640782,-0.767299,0.02494,-0.394009,-0.300823,0.868498,-7e-05,0.008295,-0.010986,0.035899,-0.0109,0.019077,-1.692328,-0.079332,-0.015174,0.40536,0.450947,0.735333,0.505889,-0.890433,0.408992,0.199468,-0.060782,-0.541331,0.838528,-0.000651,0.002408,0.001656,0.000921,-0.009934,0.027035,0.119424,0.05601,0.033574,-0.009274,-0.250851,-0.808179,0.53284,0.967836,-0.198518,0.154539,-0.019117,0.554469,0.831984,-0.000329,0.001191,0.000815,0.001029,-0.009892,0.027182,-0.052051,0.075424,0.01921,-0.060648,-0.691992,-0.512591,-0.508326,0.574717,-0.817284,0.04177,-0.436858,-0.263239,0.86015,-3.8e-05,0.00413,-0.005502,0.035975,-0.0109,0.018969,-0.883421
590,0.131677,-0.035056,0.421195,-0.658416,-0.565921,-0.496253,0.640863,-0.767243,0.024568,-0.393828,-0.301156,0.868465,-0.00015,-0.000889,-0.000585,0.0,0.0,0.0,-1.692201,-0.079231,-0.01523,0.405669,0.450496,0.73556,0.505961,-0.890709,0.408211,0.19984,-0.060098,-0.541612,0.838396,0.000426,-0.004698,0.013287,-0.033915,-0.009925,0.003424,0.128797,0.056062,0.033543,-0.009127,-0.25036,-0.808295,0.532896,0.967949,-0.197708,0.154868,-0.019821,0.55459,0.831887,0.000223,-0.002402,0.006606,-0.033852,-0.009902,0.003529,-0.024945,0.075426,0.019231,-0.060715,-0.692005,-0.512504,-0.508396,0.574813,-0.817235,0.041431,-0.436713,-0.263563,0.860125,-0.000108,-0.00065,-0.000429,4.2e-05,-1.1e-05,-8.1e-05,-0.884238
591,0.13169,-0.034995,0.421025,-0.658463,-0.565776,-0.496356,0.640946,-0.767188,0.024105,-0.393614,-0.301568,0.868419,-0.000237,0.007302,-0.011639,0.035896,-0.010915,0.019072,-1.691504,-0.07925,-0.015155,0.405894,0.43233,0.747737,0.503957,-0.900434,0.386946,0.198559,-0.047065,-0.540559,0.839907,-0.00133,0.004915,0.003371,0.002014,-0.011851,0.026295,0.167529,0.056052,0.033581,-0.009009,-0.229976,-0.816287,0.529893,0.972663,-0.174781,0.152894,-0.03219,0.550569,0.834168,-0.000579,0.002123,0.001458,-0.008455,0.01318,0.003315,0.004448,0.075432,0.019262,-0.060799,-0.692036,-0.512359,-0.508501,0.574912,-0.817188,0.040969,-0.436532,-0.263992,0.860085,-0.000167,-0.001006,-0.000663,4.1e-05,1e-06,-4.4e-05,-0.884727
592,0.13167,-0.034993,0.420916,-0.658422,-0.565817,-0.496363,0.641076,-0.767085,0.023932,-0.393472,-0.301752,0.868419,-0.000195,0.007552,-0.011475,0.035895,-0.010921,0.01907,-1.690007,-0.079164,-0.015033,0.406113,0.43259,0.747748,0.503717,-0.900327,0.386999,0.19894,-0.046711,-0.540506,0.839962,-0.001251,0.004615,0.00316,0.0,-0.0,-0.0,0.229069,0.056094,0.033644,-0.008898,-0.230313,-0.816271,0.529769,0.972571,-0.174864,0.153386,-0.032567,0.550566,0.834155,0.006662,-0.000309,0.00732,-0.031805,-0.024752,0.033135,0.074499,0.075422,0.019263,-0.060854,-0.691997,-0.512405,-0.508507,0.575056,-0.817095,0.040798,-0.436404,-0.264188,0.86009,-0.000136,-0.00082,-0.000541,1.9e-05,1e-06,-3.4e-05,-0.885217
593,0.131688,-0.034989,0.42088,-0.658438,-0.565772,-0.496393,0.641077,-0.767087,0.023839,-0.393442,-0.301833,0.868405,-6e-05,-0.000354,-0.000233,0.0,0.0,0.0,-1.690129,-0.079145,-0.014965,0.406241,0.432581,0.747782,0.503673,-0.90034,0.386895,0.199082,-0.046529,-0.540533,0.839954,0.000272,-0.00413,0.013664,-0.03482,-4.1e-05,-0.023633,0.259931,0.056103,0.033681,-0.008837,-0.230324,-0.816297,0.529725,0.972563,-0.174794,0.153515,-0.032721,0.55055,0.83416,0.005761,0.004568,0.002409,0.003132,-0.02499,0.05664,0.115649,0.075431,0.019265,-0.060877,-0.692014,-0.512345,-0.508546,0.575062,-0.817098,0.040675,-0.436371,-0.264297,0.860073,-2.5e-05,-0.000159,-0.000107,4e-06,-1e-06,-3.5e-05,-0.885544
594,0.131711,-0.034937,0.42084,-0.658515,-0.565615,-0.496471,0.641029,-0.767134,0.023611,-0.393392,-0.302007,0.868367,0.013829,0.008227,-0.011243,0.036879,-0.025638,0.048623,-1.689407,-0.079199,-0.014742,0.406454,0.429697,0.750646,0.501879,-0.901997,0.381694,0.201609,-0.040753,-0.540265,0.840427,-0.001616,0.005964,0.004069,-0.532829,-0.467439,0.430584,0.281328,0.056077,0.033789,-0.008727,-0.226528,-0.818288,0.528288,0.973277,-0.169222,0.155221,-0.037618,0.549333,0.834755,-0.000969,0.003544,0.002414,-1.776091,-1.568209,1.460733,0.173617,0.075437,0.019288,-0.060893,-0.692062,-0.512218,-0.508607,0.575029,-0.81713,0.040488,-0.436337,-0.264444,0.860046,9.8e-05,0.000571,0.000374,1.9e-05,7e-06,-1.3e-05,-0.88587
595,0.131774,-0.034936,0.42084,-0.658585,-0.565475,-0.496538,0.64093,-0.76722,0.02353,-0.393436,-0.302053,0.868331,0.0,3e-06,2e-06,0.0,0.0,0.0,-1.690257,-0.079366,-0.014548,0.406586,0.421001,0.755616,0.501791,-0.906349,0.371184,0.201712,-0.034356,-0.540665,0.840455,-0.014388,0.001486,0.00243,-0.251629,-0.085124,-0.447277,0.284167,0.055998,0.033888,-0.00866,-0.218873,-0.820978,0.52734,0.974776,-0.159795,0.155808,-0.043649,0.548141,0.835245,-0.000613,0.002389,0.001554,-2.773796,-1.119699,-4.641918,0.187007,0.075474,0.019294,-0.060896,-0.692131,-0.512039,-0.508694,0.574913,-0.817218,0.040363,-0.436381,-0.264518,0.86,-1e-06,-5e-06,-3e-06,3e-06,-6e-06,-1.5e-05,-0.886524
596,0.131856,-0.034939,0.420825,-0.65867,-0.565298,-0.496626,0.640817,-0.767318,0.023406,-0.393479,-0.302133,0.868284,0.0,0.0,0.0,0.0,0.0,0.0,-1.690502,-0.079473,-0.014378,0.406671,0.416689,0.761504,0.496462,-0.908746,0.361194,0.208937,-0.020724,-0.539173,0.841859,-0.000914,0.003381,0.002298,-0.00039,-0.000342,0.000311,0.294253,0.05594,0.03397,-0.008613,-0.212149,-0.826317,0.521719,0.975539,-0.147621,0.16288,-0.057573,0.543513,0.837423,-0.000389,0.001428,0.000974,0.001656,0.002198,-0.000678,0.199417,0.075515,0.019292,-0.060904,-0.692199,-0.511857,-0.508785,0.574795,-0.817307,0.040237,-0.436429,-0.264595,0.859952,1e-06,-3e-06,-3e-06,9e-06,-6e-06,-5e-06,-0.88685
597,0.131876,-0.034941,0.420823,-0.658689,-0.565258,-0.496646,0.640788,-0.767343,0.023383,-0.393492,-0.302147,0.868273,0.0,0.0,0.0,0.0,0.0,0.0,-1.689669,-0.079479,-0.014319,0.406711,0.418412,0.761796,0.494561,-0.908005,0.361593,0.211451,-0.01826,-0.538491,0.842353,-0.000744,0.002752,0.00187,-0.0,-0.0,0.0,0.287012,0.055936,0.034004,-0.008597,-0.213867,-0.826999,0.519935,0.975034,-0.148169,0.165389,-0.059739,0.542326,0.83804,-0.000266,0.000973,0.000662,0.003843,0.003303,-0.002405,0.202029,0.075525,0.019291,-0.060905,-0.692214,-0.511815,-0.508805,0.574765,-0.817329,0.040213,-0.436444,-0.264607,0.859941,2e-06,-1e-06,-3e-06,1.2e-05,-1e-06,-4e-06,-0.887013
598,0.131824,-0.034943,0.420822,-0.658702,-0.565255,-0.496632,0.640783,-0.767348,0.023375,-0.39348,-0.30214,0.868281,-1.1e-05,-6.6e-05,-4.4e-05,0.0,0.0,0.0,-1.688248,-0.079517,-0.014279,0.406863,0.421854,0.762402,0.490688,-0.906497,0.36227,0.216694,-0.013071,-0.537175,0.843288,-0.001086,0.004018,0.002727,0.000907,-0.009884,0.027054,0.269071,0.055918,0.03402,-0.008523,-0.217281,-0.828405,0.516268,0.97398,-0.149091,0.170686,-0.064427,0.539922,0.839245,-0.000423,0.001551,0.001054,0.001816,0.001453,-0.000975,0.186353,0.075499,0.01929,-0.060905,-0.692228,-0.511811,-0.508792,0.574759,-0.817334,0.040206,-0.436431,-0.264601,0.859949,-5e-06,-3.5e-05,-2.4e-05,7e-06,5e-06,-6e-06,-0.887013
599,0.131813,-0.034935,0.420803,-0.658694,-0.565266,-0.496631,0.640813,-0.767324,0.023337,-0.393446,-0.302179,0.868283,-0.0,-0.0,-0.0,0.0,0.0,0.0,-1.670892,-0.079417,-0.014188,0.407133,0.421613,0.764027,0.48836,-0.906614,0.362553,0.215732,-0.012748,-0.534667,0.844886,0.011949,0.007456,0.003646,0.002158,-0.015405,0.029168,0.268286,0.055967,0.034068,-0.008386,-0.216795,-0.829999,0.513906,0.974112,-0.149378,0.16968,-0.064068,0.537388,0.840897,0.005957,0.003785,0.00186,-0.001048,-0.010381,0.030591,0.177046,0.075493,0.019294,-0.060915,-0.69222,-0.511823,-0.50879,0.574791,-0.817313,0.040168,-0.4364,-0.264643,0.859952,2e-06,8e-06,6e-06,-2e-06,6e-06,-1e-05,-0.886034
600,0.131814,-0.034915,0.420792,-0.658643,-0.565344,-0.496609,0.640892,-0.767258,0.023342,-0.393401,-0.302202,0.868295,0.000128,0.00076,0.000501,0.0,0.0,0.0,-1.663007,-0.079275,-0.014114,0.407265,0.42179,0.764052,0.488169,-0.906535,0.362601,0.215982,-0.012506,-0.534599,0.844932,0.011963,0.007386,0.003596,0.002046,-0.015208,0.029244,0.265189,0.056034,0.034101,-0.008323,-0.216948,-0.830038,0.513779,0.974063,-0.149401,0.169942,-0.064299,0.537322,0.840921,0.006793,-0.000872,0.006919,-0.033101,-0.0145,0.006046,0.17574,0.075494,0.019302,-0.060922,-0.692177,-0.511904,-0.508767,0.574876,-0.817253,0.040174,-0.436357,-0.264671,0.859966,8.6e-05,0.000516,0.000338,-7e-06,-9e-06,-9e-06,-0.886034
601,0.131832,-0.034846,0.420788,-0.658741,-0.565163,-0.496686,0.640804,-0.767337,0.023141,-0.393382,-0.302338,0.868257,0.000299,0.00178,0.001172,0.0,0.0,0.0,-1.663005,-0.079059,-0.013988,0.407545,0.421554,0.765691,0.4858,-0.906649,0.362892,0.215012,-0.012178,-0.532049,0.846546,0.011785,0.008006,0.00401,0.002347,-0.015735,0.029042,0.24503,0.056142,0.034166,-0.008181,-0.216468,-0.831665,0.511344,0.974193,-0.1497,0.168929,-0.063944,0.534716,0.842608,-0.000793,0.002901,0.001957,-0.00431,-0.002143,0.028982,0.16039,0.075502,0.019337,-0.060924,-0.692257,-0.511717,-0.508847,0.574786,-0.817326,0.039972,-0.436349,-0.264807,0.859927,0.000166,0.000978,0.000644,1.8e-05,1.6e-05,6e-06,-0.88685
602,0.131816,-0.034807,0.420801,-0.658769,-0.565119,-0.496698,0.640781,-0.767358,0.023089,-0.393371,-0.302368,0.868251,1.2e-05,7.2e-05,4.7e-05,0.0,0.0,0.0,-1.658105,-0.079042,-0.013832,0.407889,0.420456,0.768928,0.48162,-0.90716,0.363131,0.212438,-0.012057,-0.52719,0.849581,0.012566,0.001963,0.016329,-0.020787,-0.044516,0.025236,0.229298,0.056152,0.034239,-0.008019,-0.214791,-0.834803,0.50692,0.974646,-0.149908,0.166105,-0.062673,0.529746,0.845837,-0.001037,0.003799,0.00256,-0.008956,-0.000216,0.025139,0.139326,0.075495,0.01936,-0.060915,-0.692281,-0.511671,-0.50886,0.574763,-0.817344,0.03992,-0.43634,-0.264838,0.859922,-1e-06,-3e-06,-1e-06,3e-06,2e-06,-1e-06,-0.88636
603,0.131816,-0.034807,0.420801,-0.658769,-0.565119,-0.496698,0.640781,-0.767358,0.023089,-0.393371,-0.302368,0.868251,-4.3e-05,-0.000256,-0.000169,0.0,0.0,0.0,-1.656014,-0.079044,-0.013736,0.408098,0.419132,0.772148,0.477605,-0.907771,0.363266,0.209578,-0.012187,-0.522365,0.852555,-0.000915,0.000231,0.016547,0.144466,-0.321404,-0.115774,0.226313,0.056155,0.03429,-0.007913,-0.213594,-0.836981,0.503824,0.974968,-0.150034,0.164089,-0.061749,0.526261,0.848077,-0.00132,0.004827,0.003246,0.293993,-0.498479,-0.14228,0.131324,0.075495,0.019359,-0.060915,-0.692281,-0.511671,-0.50886,0.574763,-0.817344,0.03992,-0.43634,-0.264838,0.859922,-3e-05,-0.000176,-0.000116,-8e-06,-6e-06,-6e-06,-0.886034
604,0.131823,-0.034777,0.420722,-0.658795,-0.565044,-0.496749,0.640815,-0.767336,0.022867,-0.393272,-0.302563,0.868228,-5.9e-05,-0.000352,-0.000232,0.0,0.0,0.0,-1.650828,-0.078925,-0.013482,0.408641,0.419543,0.777129,0.46909,-0.907613,0.364313,0.208444,-0.009423,-0.514177,0.857552,-0.001513,0.002414,0.017986,-0.001744,-0.065891,-0.017947,0.21391,0.056215,0.034417,-0.007641,-0.212679,-0.842923,0.494213,0.975161,-0.151074,0.161978,-0.061872,0.516387,0.854117,0.004862,0.007694,0.004463,0.008872,-0.103362,0.230195,0.120057,0.075498,0.019374,-0.060955,-0.692299,-0.511595,-0.508911,0.574804,-0.817327,0.039699,-0.436257,-0.265041,0.859902,-2e-05,0.004229,-0.005437,0.035894,-0.010924,0.019074,-0.886523
605,0.131825,-0.03463,0.42056,-0.662263,-0.560831,-0.496912,0.636272,-0.771126,0.022216,-0.394814,-0.300767,0.868152,8.1e-05,0.009196,-0.010389,0.035892,-0.010938,0.019067,-1.64351,-0.078922,-0.013142,0.409212,0.418925,0.783604,0.458756,-0.907918,0.365214,0.205516,-0.007016,-0.503592,0.863834,-0.002319,0.005366,0.019918,0.028281,-0.127026,-0.009933,0.190904,0.056216,0.034586,-0.00735,-0.211203,-0.84926,0.483891,0.975496,-0.151917,0.159147,-0.061646,0.505646,0.860535,-0.001197,0.002791,0.010032,0.000283,-0.076574,-0.003034,0.092461,0.075499,0.019443,-0.061033,-0.69541,-0.507111,-0.509158,0.569962,-0.820744,0.038989,-0.437661,-0.263087,0.859788,3.3e-05,0.000192,0.000125,9.6e-05,6e-06,-0.000159,-0.88636
606,0.131785,-0.034458,0.420366,-0.662371,-0.560575,-0.497057,0.636358,-0.771075,0.021501,-0.394494,-0.301374,0.868087,0.0,0.0,0.0,0.0,0.0,0.0,-1.643093,-0.078918,-0.012726,0.409806,0.417318,0.789568,0.449911,-0.908657,0.366258,0.200326,-0.007124,-0.493405,0.869692,0.01067,0.008672,0.020702,0.0682,-0.206016,-0.005264,0.193499,0.056217,0.034798,-0.007051,-0.208817,-0.854731,0.475214,0.976172,-0.152848,0.154031,-0.05902,0.496055,0.866282,0.005325,0.004343,0.010356,0.05519,-0.187369,-0.001491,0.081031,0.075479,0.019533,-0.061134,-0.695494,-0.506839,-0.509314,0.570075,-0.820701,0.038246,-0.43738,-0.263748,0.859729,4e-06,-3e-06,-3e-06,7.9e-05,9e-06,-9.7e-05,-0.886524
607,0.131775,-0.034417,0.420319,-0.662396,-0.560514,-0.497092,0.636379,-0.771062,0.02133,-0.394417,-0.30152,0.868071,0.0,0.0,0.0,0.0,0.0,0.0,-1.643285,-0.078813,-0.012541,0.410108,0.417479,0.790976,0.447281,-0.908586,0.366898,0.199479,-0.006836,-0.490664,0.871244,-0.001965,0.004046,0.018971,-0.00774,-0.05498,-0.013688,0.193811,0.056269,0.034893,-0.006898,-0.208657,-0.856299,0.472454,0.976232,-0.153429,0.153065,-0.058581,0.493163,0.867961,-0.000993,0.00203,0.009488,-0.040774,-0.006912,-0.002791,0.081684,0.075474,0.019553,-0.061157,-0.695512,-0.506778,-0.50935,0.570103,-0.82069,0.038075,-0.437314,-0.2639,0.859716,5e-06,-1e-06,-1e-06,6.7e-05,1.9e-05,-7.9e-05,-0.887013
608,0.131713,-0.034403,0.420316,-0.662344,-0.560623,-0.497039,0.636467,-0.770989,0.021369,-0.394365,-0.301504,0.8681,-4.1e-05,-0.000243,-0.00016,0.0,0.0,0.0,-1.64221,-0.078667,-0.01222,0.410783,0.416258,0.795442,0.440446,-0.909149,0.367389,0.19598,-0.006435,-0.483007,0.875514,-0.003923,0.014322,0.009426,0.213836,-0.374834,-0.110964,0.176659,0.056344,0.035046,-0.006565,-0.20754,-0.859538,0.467033,0.976523,-0.15388,0.150741,-0.057701,0.487353,0.871295,-0.00128,0.003062,0.010145,0.333338,-0.616695,-0.168277,0.068294,0.075444,0.019561,-0.061158,-0.695468,-0.506893,-0.509295,0.570198,-0.820622,0.038116,-0.43726,-0.263891,0.859746,-2.6e-05,-0.000161,-0.000105,4.4e-05,8e-06,-5.4e-05,-0.887013
609,0.131675,-0.034357,0.420298,-0.665657,-0.556683,-0.497041,0.631926,-0.774718,0.021272,-0.396077,-0.299248,0.868101,0.000153,0.000907,0.000597,-2.74691,0.11756,4.797585,-1.64232,-0.078664,-0.011846,0.411552,0.416957,0.798677,0.433882,-0.908844,0.367861,0.196509,-0.003172,-0.477269,0.878673,-0.002884,0.007375,0.021055,0.035028,-0.136085,-0.013352,0.182272,0.056344,0.035238,-0.006178,-0.207234,-0.863791,0.459257,0.976517,-0.154395,0.150249,-0.058877,0.479609,0.875504,-0.001461,0.003711,0.010542,0.02231,-0.116045,-0.009721,0.064212,0.075424,0.019581,-0.061168,-0.697557,-0.503953,-0.509356,0.566832,-0.822958,0.037958,-0.438308,-0.262242,0.859717,0.000125,0.000436,0.000364,-2.747283,0.123287,4.798047,-0.886034
610,0.131646,-0.034327,0.420282,-0.665656,-0.556686,-0.497039,0.63196,-0.774692,0.021204,-0.396025,-0.299308,0.868104,6.9e-05,0.00041,0.00027,-0.0,0.0,0.0,-1.642729,-0.078594,-0.011619,0.411929,0.417763,0.798588,0.433269,-0.908474,0.368344,0.197307,-0.002538,-0.477044,0.878798,-0.004525,0.016489,0.01075,0.002527,-0.020829,0.053708,0.18247,0.056377,0.035342,-0.006001,-0.207943,-0.863848,0.45883,0.976329,-0.154775,0.151077,-0.059492,0.479385,0.875585,-0.001325,0.003211,0.0102,-0.043883,0.005131,0.007032,0.066498,0.07541,0.019598,-0.061176,-0.698453,-0.502684,-0.509383,0.565393,-0.823951,0.037863,-0.43874,-0.261556,0.859706,4.4e-05,0.000256,0.000171,0.000106,3.1e-05,-0.000203,-0.886197
611,0.131649,-0.034258,0.420241,-0.665326,-0.558093,-0.495901,0.632005,-0.774584,0.023689,-0.396507,-0.296963,0.86869,3.2e-05,0.000188,0.000124,-0.0,0.0,-0.0,-1.644517,-0.078549,-0.011223,0.41257,0.418267,0.801788,0.426825,-0.908244,0.368806,0.197505,0.000428,-0.471278,0.881906,-0.002508,0.005974,0.020056,-0.00793,-0.06245,0.01446,0.183111,0.056402,0.03555,-0.005674,-0.208116,-0.867266,0.452256,0.976209,-0.155408,0.151207,-0.060853,0.472966,0.878976,0.005323,0.004158,0.010135,-0.022852,-0.043327,0.019616,0.067478,0.075412,0.019633,-0.061196,-0.69826,-0.50413,-0.508217,0.565397,-0.823829,0.040382,-0.439042,-0.259148,0.860281,1.7e-05,9.4e-05,6.3e-05,0.003235,-0.001832,0.001807,-0.886687
612,0.13167,-0.034247,0.420223,-0.665028,-0.559455,-0.494766,0.631962,-0.774536,0.02626,-0.397074,-0.294521,0.869262,0.0,0.0,0.0,-0.0,0.0,-0.0,-1.645207,-0.078675,-0.010952,0.413306,0.419762,0.80529,0.418687,-0.90753,0.369067,0.20028,0.006244,-0.465053,0.885184,-0.002526,0.006055,0.020055,-0.023051,-0.036677,0.024155,0.190815,0.056338,0.035687,-0.0053,-0.209205,-0.871182,0.444156,0.975707,-0.155765,0.154051,-0.065023,0.465595,0.882605,-0.00126,0.002971,0.009994,-0.045762,0.004518,0.029623,0.072866,0.075422,0.019639,-0.061205,-0.6981,-0.505496,-0.50708,0.565306,-0.823763,0.04293,-0.439415,-0.256686,0.860829,-0.0,-1.1e-05,-8e-06,0.001348,-0.000746,0.000691,-0.88734
613,0.131679,-0.034255,0.420217,-0.668328,-0.555504,-0.49477,0.627363,-0.778265,0.026259,-0.398814,-0.292167,0.86926,-6e-06,-3.5e-05,-2.3e-05,-0.0,0.0,1e-06,-1.645444,-0.078696,-0.010814,0.413658,0.418052,0.809535,0.412162,-0.90832,0.369326,0.196181,0.00608,-0.457406,0.889161,0.01055,0.008628,0.020399,0.28558,-0.571463,-0.140355,0.198072,0.056324,0.035754,-0.005131,-0.207875,-0.873869,0.439477,0.976079,-0.156062,0.151372,-0.063693,0.46043,0.885407,-0.001899,0.006871,0.004419,0.003437,-0.080192,0.202566,0.078255,0.075426,0.019634,-0.061208,-0.701074,-0.501265,-0.507176,0.560401,-0.827113,0.042827,-0.44096,-0.254197,0.860777,-3e-06,-2e-05,-1.4e-05,0.000297,-5.8e-05,-0.00018,-0.888646
614,0.13169,-0.034256,0.420229,-0.668342,-0.55548,-0.494779,0.627334,-0.778288,0.026267,-0.398836,-0.292152,0.869254,1e-06,3e-06,2e-06,-0.0,0.0,0.0,-1.644597,-0.078704,-0.010571,0.414241,0.417153,0.812348,0.407512,-0.90873,0.369456,0.194025,0.006546,-0.452277,0.891777,-0.001706,0.003066,0.018076,0.045795,-0.153035,-0.019077,0.188281,0.056324,0.035878,-0.004838,-0.20579,-0.877476,0.433225,0.976617,-0.156017,0.147906,-0.062193,0.453533,0.889066,-0.001472,0.005323,0.003406,0.099678,-0.175343,-0.032953,0.078582,0.075432,0.019634,-0.061202,-0.70108,-0.501246,-0.507186,0.560378,-0.827128,0.042833,-0.440978,-0.254187,0.860771,-1e-06,-3e-06,-2e-06,0.000111,-5e-06,-0.000179,-0.890442
615,0.131694,-0.034234,0.420243,-0.668373,-0.555426,-0.494798,0.627295,-0.778322,0.026234,-0.398848,-0.292166,0.869245,0.000199,0.001181,0.000777,0.0,0.0,0.0,-1.644476,-0.078786,-0.010349,0.414758,0.415959,0.815172,0.403068,-0.909275,0.369363,0.191635,0.006827,-0.447237,0.894313,-0.001108,0.000891,0.016659,-0.004122,-0.060315,-0.015285,0.188866,0.056282,0.035992,-0.004571,-0.204089,-0.880211,0.428455,0.977041,-0.155812,0.145303,-0.061139,0.448273,0.891802,-0.000533,0.000331,0.008257,-0.027242,-0.027121,-0.008603,0.073193,0.075434,0.019642,-0.061196,-0.701103,-0.501195,-0.507206,0.560342,-0.827154,0.042799,-0.440988,-0.254203,0.860761,0.00013,0.00078,0.000514,7.1e-05,-3e-06,-0.000124,-0.891259
616,0.131706,-0.034168,0.420299,-0.66847,-0.55526,-0.494853,0.627161,-0.778433,0.026153,-0.398897,-0.292186,0.869216,0.000368,0.002186,0.001438,0.0,0.0,0.0,-1.644993,-0.078807,-0.010324,0.415207,0.415242,0.816663,0.400782,-0.909597,0.368972,0.190858,0.00748,-0.444829,0.895508,-0.001222,0.004455,0.002831,0.000514,-0.000869,-0.000321,0.18875,0.05627,0.036009,-0.004344,-0.203214,-0.881435,0.426351,0.977212,-0.155314,0.144679,-0.061308,0.446037,0.892911,-0.000562,0.002019,0.001282,-0.006717,0.010222,0.002631,0.075806,0.07544,0.019676,-0.061168,-0.701182,-0.501025,-0.507264,0.560205,-0.827251,0.042715,-0.441036,-0.254221,0.860731,0.000196,0.001166,0.000767,5.2e-05,-1e-05,-8.3e-05,-0.891259
617,0.131717,-0.034116,0.420358,-0.668301,-0.55643,-0.493765,0.626929,-0.77853,0.028692,-0.399542,-0.289695,0.869753,0.000573,0.003402,0.002237,-0.017318,0.009886,-0.010143,-1.645073,-0.078784,-0.010376,0.415401,0.414196,0.818177,0.398772,-0.910072,0.36847,0.189557,0.007648,-0.442453,0.896682,0.000757,-0.005904,0.012328,-0.016549,-0.03114,-0.03513,0.180833,0.056282,0.035982,-0.004247,-0.201941,-0.882797,0.424131,0.977509,-0.154798,0.143218,-0.060778,0.443514,0.894203,0.00042,-0.003131,0.006048,-0.036924,-0.001749,-0.029261,0.072866,0.075445,0.0197,-0.06114,-0.70113,-0.502227,-0.506146,0.559911,-0.827313,0.0453,-0.441492,-0.251636,0.861256,0.000345,0.002056,0.001353,-0.056185,0.024067,-0.006449,-0.891422
618,0.131803,-0.03397,0.42044,-0.671708,-0.552215,-0.493874,0.622139,-0.782369,0.028524,-0.401304,-0.287418,0.869697,0.000649,0.003859,0.002534,-0.072259,-0.004604,0.157158,-1.644993,-0.07874,-0.010474,0.415769,0.412374,0.821115,0.394599,-0.910897,0.367725,0.187026,0.007959,-0.437596,0.89906,0.00049,-0.004933,0.012943,0.116314,-0.264085,-0.090072,0.162379,0.056305,0.035928,-0.004072,-0.200204,-0.884765,0.420842,0.977897,-0.154025,0.141389,-0.060276,0.439847,0.896046,-0.000426,0.001525,0.000966,0.253204,-0.408947,-0.13094,0.051965,0.075488,0.019774,-0.061098,-0.704102,-0.497836,-0.506358,0.554957,-0.83066,0.045001,-0.443015,-0.249322,0.861148,0.000237,0.001422,0.000931,-0.247443,0.013533,0.437481,-0.891422
619,0.131922,-0.033873,0.42049,-0.671638,-0.553172,-0.492897,0.621788,-0.782558,0.030878,-0.401963,-0.285058,0.870169,0.014123,0.001437,0.000724,0.002419,-0.023575,0.056938,-1.647054,-0.078756,-0.010553,0.416034,0.412464,0.822893,0.390784,-0.910824,0.367272,0.188265,0.010891,-0.434623,0.900471,-0.01197,-0.009586,0.011247,-0.031712,-0.001955,-0.028503,0.127154,0.056302,0.035891,-0.003939,-0.199635,-0.887127,0.416113,0.977905,-0.153496,0.141917,-0.062027,0.435251,0.898169,-0.000153,0.00054,0.000342,-0.011359,0.018645,0.001276,0.024859,0.075543,0.019825,-0.061072,-0.704201,-0.498703,-0.505367,0.554429,-0.830882,0.04736,-0.443519,-0.246839,0.861603,0.000136,0.000815,0.000532,0.00049,-0.00024,6.1e-05,-0.891912
620,0.131969,-0.033841,0.420511,-0.671346,-0.554549,-0.491747,0.621735,-0.782492,0.033508,-0.402532,-0.282558,0.870722,0.000253,0.00151,0.00099,-4e-06,2e-06,-2e-06,-1.647833,-0.078808,-0.010607,0.41609,0.41141,0.824332,0.388856,-0.911303,0.366883,0.186703,0.010735,-0.432214,0.901631,-3.8e-05,0.000139,8.8e-05,0.287151,-0.486373,-0.178335,0.082082,0.056275,0.035868,-0.003909,-0.199477,-0.887038,0.416378,0.97792,-0.153199,0.142128,-0.062285,0.435536,0.898013,4e-06,-3.1e-05,-2e-05,-0.002451,0.0045,0.001367,-0.011555,0.075572,0.019843,-0.06106,-0.70406,-0.500075,-0.504205,0.554296,-0.830815,0.050005,-0.443907,-0.244273,0.862134,0.000142,0.000857,0.000562,0.004105,-0.002329,0.002325,-0.891912
621,0.132077,-0.033763,0.420572,-0.671556,-0.554144,-0.491917,0.621429,-0.782745,0.033291,-0.402655,-0.282652,0.870634,0.000366,0.002191,0.001435,-0.0,0.0,-0.0,-1.649355,-0.078955,-0.010673,0.416075,0.41031,0.825744,0.387019,-0.911803,0.366506,0.184993,0.010408,-0.429828,0.902775,0.000353,-0.00129,-0.000817,0.002648,-0.004489,-0.001646,0.000116,0.056197,0.03583,-0.003912,-0.197078,-0.889481,0.41229,0.978525,-0.152559,0.13861,-0.060393,0.430754,0.900446,0.000216,-0.000792,-0.0005,-0.014047,0.028099,-0.024316,-0.109529,0.075626,0.01988,-0.06103,-0.704232,-0.499636,-0.504399,0.55398,-0.831042,0.049739,-0.444029,-0.2444,0.862035,0.000221,0.00133,0.00087,0.000139,-5.7e-05,-5.9e-05,-0.892892
622,0.132227,-0.033668,0.420619,-0.67509,-0.549626,-0.492149,0.616406,-0.786721,0.032956,-0.404454,-0.280439,0.870516,0.00038,0.002279,0.001492,-0.0,0.0,0.0,-1.648978,-0.079092,-0.01063,0.415959,0.408551,0.828433,0.383114,-0.912604,0.366315,0.181389,0.009427,-0.42478,0.905172,-0.012884,-0.003113,-0.000721,0.002249,0.007926,-0.031917,-0.117152,0.056134,0.035849,-0.003973,-0.194971,-0.8918,0.408261,0.979081,-0.152275,0.134946,-0.058177,0.426032,0.902835,3e-06,-6e-06,0.0,-0.014395,0.01974,0.002457,-0.226772,0.0757,0.019927,-0.061007,-0.707383,-0.494833,-0.504726,0.548645,-0.8346,0.049304,-0.445642,-0.242039,0.861869,0.000228,0.00138,0.0009,0.000121,-8e-06,-0.000218,-0.893055
623,0.132286,-0.033577,0.420703,-0.675334,-0.549176,-0.492317,0.616051,-0.787009,0.032729,-0.404588,-0.280513,0.87043,0.000565,0.003391,0.002217,0.001431,-0.008859,0.027386,-1.649564,-0.079092,-0.010446,0.41589,0.408476,0.831238,0.377071,-0.912618,0.366803,0.180328,0.011083,-0.418827,0.907923,0.012134,0.00584,0.002447,0.007209,-0.023948,0.026032,-0.274113,0.056126,0.035934,-0.004011,-0.194526,-0.894632,0.402233,0.979161,-0.152724,0.133853,-0.058318,0.419889,0.905699,-0.001269,0.006212,-0.004096,0.02003,0.012527,0.053168,-0.361486,0.07573,0.01997,-0.060967,-0.707573,-0.494389,-0.504894,0.548293,-0.834844,0.049081,-0.445773,-0.242101,0.861784,0.00019,0.00114,0.000743,8.9e-05,-8e-06,-0.000142,-0.892892
624,0.132303,-0.033534,0.420731,-0.675403,-0.549047,-0.492366,0.615956,-0.787087,0.032651,-0.404618,-0.280547,0.870405,0.000319,0.001915,0.001251,0.0,0.0,0.0,-1.650846,-0.079086,-0.01034,0.415894,0.406973,0.833857,0.372889,-0.913298,0.366732,0.176997,0.01034,-0.413641,0.910306,0.01172,0.007341,0.003396,0.100824,-0.190512,-0.004536,-0.325712,0.056129,0.035985,-0.00401,-0.192872,-0.896776,0.398236,0.979602,-0.15266,0.130666,-0.056384,0.415315,0.907927,-0.000486,0.001776,0.001124,0.12299,-0.20675,-0.074478,-0.430232,0.075739,0.019995,-0.060951,-0.707637,-0.494239,-0.504951,0.548181,-0.834922,0.04899,-0.445809,-0.242138,0.861755,0.000226,0.001356,0.000885,6.9e-05,-1e-05,-0.000121,-0.892729
625,0.132367,-0.033454,0.420758,-0.675559,-0.548736,-0.492497,0.61575,-0.787257,0.032421,-0.404669,-0.280677,0.87034,0.000194,0.001163,0.00076,0.0,0.0,0.0,-1.649998,-0.078853,-0.010118,0.41608,0.406401,0.836291,0.368031,-0.913557,0.367403,0.174248,0.010007,-0.408085,0.912814,0.011435,0.008338,0.004021,0.028363,-0.059598,0.012927,-0.378714,0.056241,0.036098,-0.003921,-0.191811,-0.899291,0.393043,0.979914,-0.153229,0.12762,-0.054542,0.409628,0.91062,0.00566,0.004379,0.002141,0.01142,-0.046139,0.040939,-0.525757,0.07577,0.020036,-0.060937,-0.707762,-0.493921,-0.505087,0.547971,-0.835074,0.048757,-0.445868,-0.242265,0.861689,0.000131,0.000789,0.000516,6e-05,-7e-06,-7.2e-05,-0.892729
626,0.13234,-0.033422,0.420767,-0.675266,-0.550155,-0.491315,0.615735,-0.787156,0.03505,-0.405182,-0.278174,0.870905,1.9e-05,0.000114,7.5e-05,-0.0,0.0,-0.0,-1.649665,-0.078525,-0.009826,0.416298,0.406489,0.837449,0.36529,-0.913518,0.368062,0.173058,0.009979,-0.405099,0.914143,-0.001639,0.005951,0.003751,0.004225,-0.007107,-0.002611,-0.341868,0.056413,0.036249,-0.003804,-0.191833,-0.900413,0.390456,0.979944,-0.153873,0.126613,-0.053923,0.406914,0.911873,-0.000847,0.003068,0.001929,-0.011723,0.016245,0.002117,-0.5269,0.075757,0.020053,-0.060931,-0.707612,-0.495354,-0.503893,0.547908,-0.834958,0.051387,-0.446185,-0.239726,0.862235,-0.0,-5e-06,-4e-06,0.000294,-0.000155,9.8e-05,-0.892892
627,0.13234,-0.033435,0.420783,-0.675255,-0.550183,-0.4913,0.615732,-0.787156,0.035111,-0.405204,-0.278123,0.870911,0.0,2e-06,1e-06,-0.0,0.0,-0.0,-1.650012,-0.07837,-0.009643,0.416383,0.406982,0.837353,0.364961,-0.913298,0.36854,0.173202,0.010029,-0.404862,0.914248,-0.00186,0.006738,0.004242,0.000834,-0.009594,0.027161,-0.340455,0.056488,0.036334,-0.003765,-0.19234,-0.900352,0.390345,0.979841,-0.154314,0.126876,-0.053998,0.406879,0.911883,0.005638,0.004406,0.00215,-0.000432,-0.01104,0.030718,-0.519062,0.075757,0.020046,-0.060924,-0.707603,-0.495381,-0.503878,0.547905,-0.834956,0.051445,-0.446202,-0.239675,0.86224,-8e-06,-4.1e-05,-2.3e-05,7.6e-05,-1.3e-05,-2.4e-05,-0.892892
628,0.132355,-0.03342,0.420817,-0.675293,-0.550117,-0.491321,0.615661,-0.787211,0.035116,-0.405248,-0.278096,0.870898,0.00031,0.001862,0.001216,0.001431,-0.008858,0.027386,-1.648745,-0.078019,-0.009316,0.416572,0.407521,0.837288,0.364508,-0.913055,0.369041,0.173415,0.01018,-0.40454,0.914389,0.01095,0.009945,0.005012,0.002821,-0.024711,0.056439,-0.342936,0.056658,0.036496,-0.003671,-0.192916,-0.900393,0.389968,0.979724,-0.154855,0.127123,-0.054072,0.406585,0.912011,0.005612,0.004471,0.002186,0.002256,-0.01505,0.029831,-0.516449,0.075764,0.020048,-0.06091,-0.707626,-0.495333,-0.503894,0.547846,-0.834994,0.05146,-0.446239,-0.239642,0.86223,3.7e-05,0.000233,0.000151,1.6e-05,-6e-06,-3.7e-05,-0.892892
629,0.132339,-0.033362,0.420806,-0.678649,-0.545898,-0.491402,0.610876,-0.790939,0.034897,-0.406872,-0.27583,0.870862,5.5e-05,0.00033,0.000215,-0.0,0.0,0.0,-1.647585,-0.077601,-0.009025,0.416781,0.407931,0.837275,0.36408,-0.91287,0.369381,0.173667,0.010422,-0.404256,0.914512,0.011357,0.008419,0.004046,0.002815,-0.024708,0.05644,-0.333912,0.05687,0.036648,-0.003563,-0.193398,-0.900474,0.38954,0.97962,-0.155283,0.127402,-0.054233,0.406241,0.912154,0.005793,0.003789,0.001753,0.00222,-0.015135,0.029632,-0.511714,0.075757,0.020082,-0.060913,-0.710637,-0.490822,-0.504071,0.542749,-0.838335,0.051135,-0.447679,-0.237246,0.862146,2.7e-05,0.000172,0.000112,9.3e-05,-4e-06,-0.000167,-0.892729
630,0.132382,-0.033359,0.42082,-0.6787,-0.545794,-0.491449,0.610789,-0.791008,0.034859,-0.406918,-0.27584,0.870837,0.000127,0.000763,0.000498,0.0,0.0,0.0,-1.64755,-0.077171,-0.00879,0.416847,0.408171,0.837278,0.363803,-0.912762,0.369655,0.173647,0.010408,-0.403997,0.914626,-0.000472,0.001685,0.001055,0.0,-0.0,-0.0,-0.358339,0.057089,0.036772,-0.003526,-0.193698,-0.900534,0.389254,0.979565,-0.155627,0.127403,-0.054152,0.405977,0.912276,0.006159,0.002471,0.000925,0.002161,-0.015172,0.02951,-0.514816,0.075773,0.020082,-0.060907,-0.710667,-0.490739,-0.504108,0.542678,-0.838383,0.051108,-0.447717,-0.237248,0.862126,9.7e-05,0.000582,0.000378,6.3e-05,-1.6e-05,-0.000113,-0.892892
631,0.132404,-0.03336,0.420831,-0.67843,-0.547171,-0.490288,0.610723,-0.790937,0.037514,-0.407466,-0.273306,0.87138,0.013789,-0.000411,-0.000493,-0.000576,-0.01383,0.028638,-1.648748,-0.076958,-0.008745,0.416855,0.408206,0.837302,0.363708,-0.912746,0.369698,0.173642,0.010428,-0.403909,0.914665,0.000287,-0.001023,-0.000641,0.0,-0.0,-0.0,-0.409182,0.057195,0.036797,-0.00352,-0.193737,-0.900566,0.389161,0.979557,-0.155677,0.127399,-0.054148,0.405888,0.912317,0.006647,0.000734,-0.000163,0.002136,-0.015182,0.029465,-0.537677,0.075784,0.02008,-0.060902,-0.710533,-0.492163,-0.502909,0.542561,-0.838289,0.053821,-0.448072,-0.234617,0.862661,0.000116,0.0007,0.000457,0.000143,-9.2e-05,0.000123,-0.892892
632,0.132465,-0.033307,0.420865,-0.678486,-0.547049,-0.490347,0.610635,-0.791009,0.037444,-0.407505,-0.273344,0.871349,0.000381,0.002295,0.001497,-0.0,0.0,-0.0,-1.648767,-0.076568,-0.008774,0.41679,0.408388,0.837309,0.363489,-0.912665,0.369892,0.173655,0.01045,-0.403716,0.91475,0.013896,-0.000642,-0.001639,0.001284,-0.005697,0.002052,-0.460657,0.057385,0.036781,-0.003554,-0.193928,-0.900613,0.388955,0.979521,-0.15589,0.127418,-0.05412,0.405701,0.912401,0.006837,7.6e-05,-0.000576,0.002116,-0.015197,0.029397,-0.612137,0.075819,0.020104,-0.060887,-0.710579,-0.492003,-0.503001,0.542471,-0.838357,0.053689,-0.44811,-0.234714,0.862616,0.000127,0.000769,0.000501,0.000157,-6.5e-05,4e-06,-0.893055
633,0.132505,-0.033252,0.4209,-0.678659,-0.546718,-0.490476,0.610389,-0.791208,0.037245,-0.407584,-0.273431,0.871285,0.000321,0.001936,0.001262,0.00143,-0.00886,0.027386,-1.648944,-0.075959,-0.008683,0.416837,0.409609,0.837104,0.362586,-0.912114,0.371017,0.174151,0.010754,-0.403107,0.915015,0.025432,0.007089,0.001973,0.004089,-0.030411,0.058491,-0.352711,0.057688,0.036815,-0.003537,-0.195172,-0.900696,0.38814,0.979266,-0.157067,0.127933,-0.054265,0.405061,0.912677,0.006248,0.00216,0.000727,0.002125,-0.015184,0.029336,-0.582255,0.075839,0.020134,-0.060868,-0.71072,-0.49166,-0.503135,0.542216,-0.838534,0.053484,-0.448193,-0.234796,0.86255,3.7e-05,0.000233,0.000151,3.3e-05,-9e-06,-4.4e-05,-0.893382
634,0.132516,-0.033246,0.420904,-0.678678,-0.546679,-0.490493,0.610361,-0.791231,0.037223,-0.407595,-0.273442,0.871277,2.6e-05,0.000156,0.000102,0.0,0.0,0.0,-1.649582,-0.075581,-0.008565,0.416885,0.40929,0.83673,0.363808,-0.912284,0.371581,0.172043,0.008267,-0.403365,0.914927,0.012541,0.004152,0.001367,0.002048,-0.015202,0.029243,-0.289599,0.057876,0.036875,-0.003512,-0.194863,-0.900231,0.389372,0.979458,-0.15761,0.125779,-0.051861,0.405883,0.912451,0.012597,0.003956,0.001231,2.7e-05,-0.033666,0.060798,-0.528696,0.075846,0.020141,-0.060863,-0.710743,-0.491602,-0.50316,0.542173,-0.838564,0.05345,-0.448208,-0.234811,0.862538,4e-06,3.2e-05,2.2e-05,1.5e-05,-1.1e-05,-4.4e-05,-0.893055
635,0.132551,-0.033221,0.420907,-0.67874,-0.54655,-0.490552,0.610278,-0.7913,0.037125,-0.407616,-0.273502,0.871248,0.00011,0.000662,0.000431,0.0,0.0,0.0,-1.649415,-0.075045,-0.008386,0.416932,0.410278,0.836561,0.363084,-0.911839,0.372535,0.17234,0.008407,-0.402834,0.915159,0.012431,0.004524,0.001599,0.002045,-0.015205,0.029245,-0.162375,0.058149,0.036967,-0.003488,-0.195941,-0.900307,0.388656,0.97924,-0.158661,0.126152,-0.051911,0.405306,0.912705,0.006159,0.002458,0.000913,0.002017,-0.015261,0.029356,-0.412107,0.075862,0.020151,-0.060863,-0.710792,-0.491469,-0.50322,0.542088,-0.838625,0.05335,-0.448234,-0.234869,0.862508,6.8e-05,0.000404,0.000263,3.6e-05,4e-06,-1.5e-05,-0.893055
636,0.132489,-0.033221,0.420921,-0.678681,-0.546687,-0.490481,0.610365,-0.791228,0.037224,-0.407585,-0.273436,0.871283,0.0,0.0,0.0,0.0,0.0,0.0,-1.649725,-0.074532,-0.008132,0.417049,0.411582,0.836314,0.362174,-0.911248,0.373765,0.1728,0.008642,-0.402204,0.915434,0.011589,0.007416,0.00341,0.002045,-0.015205,0.029245,-0.083229,0.058411,0.037093,-0.00343,-0.197335,-0.900371,0.387801,0.978956,-0.160006,0.126656,-0.051987,0.404634,0.912999,0.005746,0.003876,0.001801,0.002085,-0.015197,0.029298,-0.29764,0.075832,0.020152,-0.060856,-0.710745,-0.491611,-0.503148,0.542179,-0.83856,0.053451,-0.448198,-0.234806,0.862544,-2e-06,-1.6e-05,-1.1e-05,1e-05,8e-06,-1.9e-05,-0.893218
637,0.132444,-0.033212,0.420989,-0.681883,-0.542739,-0.490424,0.605669,-0.794821,0.037379,-0.409234,-0.270878,0.871309,0.000194,0.001165,0.000759,-0.000178,1.4e-05,0.000316,-1.650358,-0.074351,-0.007894,0.417139,0.411622,0.836331,0.362089,-0.911231,0.373842,0.172724,0.008585,-0.402097,0.915482,-0.001196,0.004131,0.002586,0.000736,-0.009513,0.027192,-0.162723,0.058501,0.037213,-0.003384,-0.197355,-0.900398,0.387728,0.978956,-0.160069,0.126575,-0.051904,0.404549,0.913041,-0.000461,0.001591,0.000992,1.3e-05,2e-06,4.6e-05,-0.307111,0.075809,0.020154,-0.060823,-0.713623,-0.487397,-0.503176,0.537184,-0.841765,0.053513,-0.449638,-0.232111,0.862525,-0.006656,0.001626,0.001172,-0.002936,0.01494,-0.026254,-0.893055
638,0.132448,-0.033197,0.421011,-0.681907,-0.542698,-0.490436,0.605627,-0.794853,0.037377,-0.409257,-0.270865,0.871303,0.000196,0.001182,0.000769,-0.0,0.0,0.0,-1.651323,-0.074374,-0.007815,0.417177,0.411567,0.836342,0.362125,-0.911256,0.373802,0.17268,0.008552,-0.402111,0.915476,-0.000999,0.003453,0.002161,0.0,0.0,0.0,-0.210504,0.058489,0.037254,-0.003364,-0.197319,-0.900396,0.387752,0.978965,-0.160044,0.126537,-0.051876,0.404564,0.913036,-0.000577,0.001994,0.001246,0.000753,-0.009513,0.027228,-0.337973,0.075811,0.020162,-0.060812,-0.713641,-0.487357,-0.503187,0.537142,-0.841792,0.05351,-0.449658,-0.232097,0.862518,0.000123,0.000744,0.000482,7.4e-05,-0.0,-0.000179,-0.893218
639,0.13246,-0.03317,0.421004,-0.682013,-0.542489,-0.49052,0.605494,-0.794962,0.037206,-0.409277,-0.270963,0.871263,5e-06,3.1e-05,2e-05,0.0,0.0,0.0,-1.650572,-0.074526,-0.007778,0.417165,0.41121,0.836402,0.362392,-0.911419,0.373503,0.172466,0.008392,-0.402264,0.91541,-7e-06,2.5e-05,1.5e-05,0.0,0.0,0.0,-0.430559,0.058412,0.037278,-0.003367,-0.196945,-0.90037,0.388,0.979047,-0.159722,0.126313,-0.051757,0.404748,0.912961,-0.007191,0.002798,-0.005627,0.032514,0.016069,-0.005212,-0.485424,0.075817,0.020178,-0.060814,-0.713725,-0.487144,-0.503275,0.53701,-0.841887,0.053337,-0.449684,-0.232196,0.862477,-3e-06,-1.7e-05,-1.2e-05,6.3e-05,-3e-06,-0.000114,-0.893218
640,0.13257,-0.033204,0.420992,-0.682086,-0.542312,-0.490614,0.605357,-0.79507,0.037132,-0.409358,-0.271001,0.871213,-3e-05,-0.000182,-0.000119,0.0,0.0,0.0,-1.649919,-0.074807,-0.007677,0.417001,0.410839,0.836401,0.362817,-0.911592,0.373359,0.171861,0.007779,-0.402401,0.915355,-0.014817,0.007119,-0.010304,0.032512,0.016022,-0.005243,-0.677412,0.058278,0.037321,-0.003449,-0.196566,-0.900284,0.388394,0.979151,-0.159547,0.125722,-0.051219,0.405009,0.912876,-0.000232,0.000812,0.000511,-9e-06,-3e-06,2.6e-05,-0.719093,0.075872,0.02016,-0.06082,-0.713779,-0.486965,-0.503371,0.53687,-0.841981,0.05326,-0.449765,-0.232229,0.862426,-1.5e-05,-9.9e-05,-6.6e-05,4.3e-05,-6e-06,-7.7e-05,-0.893055
641,0.132672,-0.033208,0.420975,-0.68218,-0.542092,-0.490726,0.60521,-0.795189,0.036986,-0.409418,-0.271093,0.871156,0.013605,-0.001472,-0.001186,0.000984,-0.014715,0.029553,-1.651554,-0.074915,-0.007633,0.416918,0.410548,0.836432,0.363073,-0.911726,0.373186,0.171528,0.007474,-0.402496,0.915316,-0.012794,-0.003188,-0.000761,-0.002045,0.015205,-0.029245,-0.821322,0.058222,0.037349,-0.003492,-0.196281,-0.900243,0.388632,0.979224,-0.15938,0.125366,-0.050919,0.405165,0.912823,-0.000818,0.00449,-0.00518,0.03455,0.000814,0.02402,-0.830947,0.075918,0.020158,-0.060828,-0.713845,-0.486761,-0.503475,0.536733,-0.842077,0.053123,-0.449824,-0.23231,0.862374,0.0,4e-06,-1e-06,4e-05,-1.4e-05,-5.9e-05,-0.893055
642,0.132878,-0.033156,0.421006,-0.685233,-0.539145,-0.489718,0.600238,-0.798829,0.039468,-0.411625,-0.266239,0.871613,0.00052,0.003155,0.002053,-2.715325,0.270653,4.655097,-1.651715,-0.075308,-0.007633,0.416644,0.408761,0.837846,0.361828,-0.912538,0.37238,0.168943,0.006309,-0.400293,0.91629,-0.01359,0.002859,-0.012966,0.125889,-0.139114,-0.062498,-1.115348,0.058025,0.037349,-0.003623,-0.194471,-0.901109,0.387533,0.979666,-0.158554,0.122936,-0.049334,0.403561,0.913621,-0.006689,0.001077,-0.006697,0.170624,-0.199181,-0.108459,-0.827028,0.076025,0.020178,-0.060817,-0.713857,-0.487765,-0.502486,0.536323,-0.84218,0.05558,-0.450294,-0.229819,0.862796,0.000177,0.001075,0.000698,0.003752,-0.002116,0.002302,-0.893055
