frame,MLTx,MLTy,MLTz,MLTR1,MLTR2,MLTR3,MLTR4,MLTR5,MLTR6,MLTR7,MLTR8,MLTR9,MLTTVx,MLTTVy,MLTTVz,MLTRVx,MLTRVy,MLTRVz,MLGA,MRTx,MRTy,MRTz,MRTR1,MRTR2,MRTR3,MRTR4,MRTR5,MRTR6,MRTR7,MRTR8,MRTR9,MRTTVx,MRTTVy,MRTTVz,MRTRVx,MRTRVy,MRTRVz,MRGA,SLTx,SLTy,SLTz,SLTR1,SLTR2,SLTR3,SLTR4,SLTR5,SLTR6,SLTR7,SLTR8,SLTR9,SLTTVx,SLTTVy,SLTTVz,SLTRVx,SLTRVy,SLTRVz,SLGA,SRTx,SRTy,SRTz,SRTR1,SRTR2,SRTR3,SRTR4,SRTR5,SRTR6,SRTR7,SRTR8,SRTR9,SRTTVx,SRTTVy,SRTTVz,SRTRVx,SRTRVy,SRTRVz,SRGA
411,0.156867,-0.041869,0.298641,-0.192257,0.466081,-0.863628,-0.800228,-0.583815,-0.136991,-0.567816,0.66418,0.486289,-0.0,-0.0,-0.0,-0.005157,0.099754,-0.171991,-1.915835,-0.134702,-0.023316,0.314983,-0.197432,-0.870222,0.451359,0.978655,-0.201412,0.040011,0.056321,0.450716,0.890812,-0.000409,0.004129,0.00449,0.025523,-0.048605,0.003246,0.069624,0.05939,0.030314,-0.010887,0.277892,0.883166,0.377878,-0.959602,0.273252,0.067055,-0.044036,-0.381247,0.923423,-0.000195,0.001913,0.00208,-0.003462,-0.023476,0.009439,-0.061522,0.077214,0.021318,-0.068348,0.335373,-0.484897,-0.807712,0.770448,0.634571,-0.061055,0.542156,-0.601824,0.586406,-0.0,7e-06,6e-06,-2.3e-05,-1e-06,1.6e-05,-1.113824
412,0.156961,-0.041868,0.298643,-0.191898,0.466155,-0.863667,-0.800285,-0.583671,-0.137276,-0.567858,0.664255,0.486137,3.8e-05,0.000346,0.000444,0.0,0.0,0.0,-1.915735,-0.134744,-0.02323,0.31508,-0.19101,-0.872612,0.449505,0.98002,-0.195053,0.038048,0.054699,0.448886,0.891836,-0.000119,0.001203,0.001306,-0.222562,-0.020397,-0.44452,0.010518,0.059368,0.030361,-0.010833,0.271773,0.885714,0.376364,-0.96144,0.266995,0.065926,-0.042096,-0.379768,0.924123,-4.9e-05,0.000475,0.000518,-0.237857,-0.006647,-0.442777,-0.125205,0.077261,0.021318,-0.068348,0.335168,-0.484962,-0.807758,0.770511,0.63448,-0.061217,0.542194,-0.601869,0.586326,2.6e-05,0.000231,0.000294,-1.2e-05,-6e-06,1.6e-05,-1.114151
413,0.15702,-0.04187,0.298639,-0.191778,0.466183,-0.863679,-0.800304,-0.583622,-0.137374,-0.567872,0.664279,0.486089,1e-06,5e-06,6e-06,0.0,0.0,0.0,-1.915781,-0.134768,-0.023219,0.315081,-0.18408,-0.874915,0.447917,0.981431,-0.188254,0.035879,0.053145,0.447301,0.892726,0.000102,-0.001029,-0.001118,0.040525,-0.047121,-0.063815,-0.038803,0.059356,0.03037,-0.010829,0.264911,0.888429,0.374853,-0.963425,0.260152,0.06428,-0.040411,-0.378172,0.924852,1e-06,-3.9e-05,-3.9e-05,0.038868,-0.059318,-0.04137,-0.17011,0.07729,0.021318,-0.068348,0.335052,-0.484999,-0.807784,0.770546,0.634428,-0.061309,0.542215,-0.601893,0.586281,-1e-06,-2e-06,-5e-06,-1.5e-05,-4e-06,4e-06,-1.114151
414,0.157102,-0.041865,0.298629,-0.191739,0.466198,-0.863679,-0.800296,-0.583622,-0.137422,-0.567897,0.664268,0.486075,0.0,0.0,0.0,0.0,0.0,0.0,-1.915834,-0.134821,-0.023255,0.314972,-0.183427,-0.874866,0.44828,0.981546,-0.187726,0.035516,0.053295,0.447619,0.892558,-0.00102,0.007726,-0.011851,0.03449,0.006662,-0.005209,-0.197272,0.05933,0.030347,-0.010881,0.264249,0.888396,0.375399,-0.963605,0.259522,0.064127,-0.040455,-0.378682,0.924641,-0.007266,-0.002164,-0.001361,-0.002702,0.016726,-0.027418,-0.294374,0.077331,0.02132,-0.068354,0.335014,-0.485018,-0.807788,0.770544,0.634425,-0.061357,0.542241,-0.601882,0.586269,2e-06,-1e-06,-5e-06,-1.2e-05,-4e-06,3e-06,-1.113987
415,0.157184,-0.041868,0.298624,-0.191571,0.466237,-0.863695,-0.800322,-0.583553,-0.137558,-0.567916,0.664301,0.486007,0.015661,-0.000625,-0.000833,0.000984,-0.014715,0.029553,-1.916411,-0.134882,-0.023242,0.31466,-0.171847,-0.876853,0.448986,0.983882,-0.175263,0.03455,0.048594,0.448786,0.892241,0.000527,-0.005354,-0.00583,-0.001921,0.014426,-0.024901,-0.460691,0.059299,0.030356,-0.011034,0.252927,0.891238,0.37646,-0.96682,0.247258,0.064201,-0.035864,-0.380207,0.924205,0.000233,-0.002334,-0.002539,0.001218,-0.0001,0.000558,-0.497018,0.077367,0.021319,-0.068356,0.334876,-0.485062,-0.807819,0.770587,0.634363,-0.061468,0.542267,-0.601911,0.586216,-1e-06,1e-06,-4e-06,-1.7e-05,-1.8e-05,-8e-06,-1.111375
416,0.157197,-0.041872,0.298637,-0.191688,0.466219,-0.863679,-0.80032,-0.583581,-0.137456,-0.567881,0.664289,0.486066,5.2e-05,0.000479,0.000615,0.0,0.0,0.0,-1.91593,-0.134878,-0.0232,0.314431,-0.171406,-0.876794,0.449271,0.983935,-0.175078,0.033964,0.049076,0.448975,0.892119,-0.00074,0.004879,-0.014963,0.034481,0.006677,-0.005199,-0.646243,0.059301,0.030374,-0.011152,0.252496,0.891226,0.376777,-0.966913,0.247043,0.06362,-0.03638,-0.380375,0.924115,-0.000364,0.002427,-0.007494,0.036905,-0.007722,0.020641,-0.64153,0.077379,0.021316,-0.068351,0.334966,-0.485043,-0.807794,0.770575,0.634385,-0.061386,0.542227,-0.601904,0.586259,3.6e-05,0.000321,0.000406,-1.3e-05,-1e-05,-0.0,-1.111701
417,0.157208,-0.041872,0.298636,-0.191664,0.466225,-0.863681,-0.800323,-0.583571,-0.137476,-0.567883,0.664293,0.486056,0.0,0.0,0.0,0.0,0.0,0.0,-1.916557,-0.134852,-0.023011,0.313686,-0.172381,-0.875479,0.451456,0.983737,-0.176108,0.034362,0.049621,0.451135,0.890999,0.01299,0.014863,-0.026371,0.071912,-0.014842,0.044634,-1.175131,0.059309,0.030465,-0.01152,0.253528,0.889936,0.379127,-0.966617,0.248089,0.064045,-0.037061,-0.382708,0.923125,-0.000878,0.006387,-0.013329,0.080146,-0.011345,0.01261,-0.932677,0.077385,0.021317,-0.06835,0.334942,-0.48505,-0.807799,0.770582,0.634374,-0.061405,0.542232,-0.601909,0.58625,2e-06,-3e-06,-9e-06,-1e-05,-6e-06,4e-06,-1.112191
418,0.157208,-0.041878,0.298629,-0.191685,0.466221,-0.863679,-0.80032,-0.583579,-0.137459,-0.567881,0.664289,0.486065,-2e-06,-2.2e-05,-2.8e-05,0.0,0.0,0.0,-1.915827,-0.13484,-0.022526,0.31262,-0.175364,-0.872947,0.455196,0.983182,-0.178856,0.036023,0.050171,0.454952,0.889025,0.011746,0.024859,-0.035784,0.082533,0.014764,0.088246,-1.404822,0.059316,0.030697,-0.012041,0.256541,0.887366,0.383102,-0.965795,0.250831,0.065744,-0.037755,-0.386864,0.921363,-0.000877,0.006417,-0.013313,0.061219,0.021319,0.040642,-0.937249,0.077384,0.021314,-0.068354,0.334963,-0.485045,-0.807793,0.770576,0.634383,-0.061389,0.542227,-0.601904,0.586259,-0.0,-1.1e-05,-1.7e-05,-1e-05,-4e-06,4e-06,-1.112355
419,0.157197,-0.041872,0.298637,-0.191688,0.466219,-0.863679,-0.80032,-0.583581,-0.137456,-0.567881,0.664289,0.486066,1.2e-05,0.000111,0.000142,0.0,0.0,0.0,-1.916236,-0.134771,-0.021955,0.311455,-0.179938,-0.867178,0.464344,0.982306,-0.18294,0.039254,0.051116,0.464278,0.884136,-0.002872,0.021242,-0.037794,-0.148556,0.373375,0.246552,-1.407526,0.059354,0.030998,-0.012646,0.26057,0.882478,0.39158,-0.964622,0.254805,0.067652,-0.040075,-0.395355,0.917653,-0.00141,0.010547,-0.01898,-0.229528,0.469043,0.280718,-0.945903,0.077379,0.021317,-0.06835,0.334965,-0.485043,-0.807794,0.770576,0.634385,-0.061386,0.542227,-0.601904,0.586259,7e-06,7e-05,8.8e-05,-5e-06,-7e-06,7e-06,-1.112191
420,0.157185,-0.04188,0.298644,-0.191728,0.466212,-0.863674,-0.800328,-0.583579,-0.137412,-0.567854,0.664295,0.486087,0.0,2e-06,2e-06,0.0,0.0,0.0,-1.916359,-0.134758,-0.021641,0.310753,-0.183013,-0.864627,0.467887,0.981757,-0.185302,0.041831,0.050744,0.468091,0.882145,-0.001418,0.009153,-0.030752,-0.065172,0.207277,0.115239,-1.407592,0.059362,0.031144,-0.012971,0.263954,0.879633,0.395692,-0.963718,0.257389,0.070687,-0.039668,-0.399994,0.915658,0.006744,0.005143,-0.015756,-0.133481,0.290079,0.202935,-0.945414,0.077373,0.021313,-0.068346,0.335004,-0.485032,-0.807784,0.770579,0.634385,-0.061341,0.542199,-0.601911,0.586278,-0.007832,0.00031,0.000412,-0.000998,0.01471,-0.029557,-1.112518
421,0.157173,-0.041871,0.298638,-0.191736,0.466208,-0.863674,-0.800312,-0.5836,-0.137417,-0.567875,0.664279,0.486085,0.0,0.0,0.0,0.0,0.0,0.0,-1.916677,-0.134862,-0.020873,0.309241,-0.193159,-0.855589,0.480259,0.979981,-0.191843,0.052614,0.047343,0.481879,0.87488,-0.002692,0.019417,-0.039896,-0.195749,0.438076,0.292177,-1.408225,0.05931,0.031524,-0.013724,0.273429,0.871379,0.40735,-0.961143,0.264209,0.079977,-0.037935,-0.41339,0.909763,-0.001357,0.010061,-0.019553,-0.238242,0.43489,0.550771,-0.937902,0.077367,0.021317,-0.068349,0.335011,-0.485028,-0.807783,0.770562,0.634405,-0.06135,0.542219,-0.601894,0.586277,0.0,0.0,-5e-06,-7e-06,-1.5e-05,0.0,-1.112844
422,0.157173,-0.041871,0.298638,-0.191736,0.466208,-0.863674,-0.800312,-0.5836,-0.137417,-0.567875,0.664279,0.486085,0.0,0.0,0.0,0.0,0.0,0.0,-1.916392,-0.135053,-0.020048,0.30757,-0.203379,-0.846281,0.492379,0.978045,-0.198417,0.063186,0.044462,0.495479,0.867403,-0.002423,0.016692,-0.043012,-0.308073,0.595806,0.399405,-1.408159,0.059214,0.031947,-0.01457,0.283423,0.862438,0.41937,-0.958296,0.271387,0.089536,-0.036593,-0.427258,0.903388,-0.001844,0.013687,-0.025802,0.058871,0.144732,0.111932,-0.931534,0.077367,0.021317,-0.068349,0.335011,-0.485028,-0.807783,0.770561,0.634405,-0.06135,0.542219,-0.601894,0.586277,1e-06,1e-06,-4e-06,-1.1e-05,-9e-06,-3e-06,-1.112681
423,0.157173,-0.041879,0.298644,-0.191752,0.466206,-0.863671,-0.800324,-0.583589,-0.137392,-0.567852,0.66429,0.486097,0.0,0.0,0.0,0.0,0.0,0.0,-1.916639,-0.135147,-0.0196,0.306642,-0.208144,-0.842224,0.497319,0.977072,-0.201779,0.067449,0.043786,0.50101,0.864254,-0.002419,0.016641,-0.043118,-0.236173,0.491217,0.332129,-1.408176,0.059166,0.032169,-0.015037,0.288431,0.858151,0.424715,-0.956811,0.275146,0.093843,-0.036327,-0.433439,0.900449,-0.009244,0.012801,-0.025801,-0.198988,0.513439,0.355289,-0.928758,0.077367,0.021313,-0.068346,0.335027,-0.485025,-0.807778,0.770571,0.634396,-0.061323,0.542195,-0.601907,0.586287,1e-06,0.0,-3e-06,-8e-06,-4e-06,2e-06,-1.112518
424,0.157173,-0.041879,0.298644,-0.191752,0.466206,-0.863671,-0.800324,-0.583589,-0.137392,-0.567852,0.66429,0.486097,0.0,0.0,0.0,0.0,0.0,0.0,-1.916241,-0.135299,-0.018646,0.304701,-0.215526,-0.83458,0.506968,0.975375,-0.208344,0.071904,0.045869,0.511026,0.858261,-0.018523,0.025365,-0.051981,0.001404,0.207373,0.130507,-1.408032,0.05909,0.032651,-0.016025,0.296675,0.849745,0.435794,-0.954184,0.282365,0.099003,-0.038926,-0.4452,0.894584,-0.009222,0.012589,-0.026088,0.029023,0.176357,0.11963,-0.925819,0.077367,0.021313,-0.068346,0.335027,-0.485025,-0.807778,0.770571,0.634396,-0.061323,0.542195,-0.601907,0.586287,1e-06,0.0,-3e-06,-8e-06,-4e-06,2e-06,-1.112844
425,0.157161,-0.041879,0.298645,-0.191777,0.466201,-0.863669,-0.800321,-0.583599,-0.137373,-0.567849,0.664285,0.486107,0.0,0.0,0.0,0.0,0.0,0.0,-1.916162,-0.135499,-0.017773,0.302687,-0.210926,-0.828441,0.518833,0.976469,-0.202396,0.074021,0.043935,0.523273,0.850951,-0.002238,0.014757,-0.045494,-0.153851,0.368306,0.256257,-1.408719,0.05899,0.033086,-0.017033,0.291706,0.845361,0.447518,-0.955729,0.276474,0.100715,-0.038587,-0.457085,0.888585,-0.00108,0.0073,-0.022833,-0.226377,0.444393,0.287579,-0.929085,0.077361,0.021313,-0.068346,0.33505,-0.485018,-0.807774,0.770564,0.634406,-0.061304,0.54219,-0.601902,0.586296,2e-06,-1e-06,-3e-06,-8e-06,1e-06,3e-06,-1.113008
426,0.157162,-0.041873,0.298652,-0.191755,0.466205,-0.863672,-0.800324,-0.58359,-0.137389,-0.567852,0.66429,0.486097,0.000101,0.000917,0.001178,0.0,0.0,0.0,-1.916001,-0.13563,-0.016925,0.3006,-0.214547,-0.820403,0.53,0.975773,-0.203214,0.080654,0.041788,0.535489,0.843427,-0.003416,0.024052,-0.055832,-1.134011,0.340633,-0.83511,-1.408728,0.058925,0.033504,-0.018053,0.295887,0.838144,0.458219,-0.954431,0.27893,0.106108,-0.038877,-0.468734,0.882482,-0.00096,0.006579,-0.023812,-2.903492,-0.286766,-4.578702,-0.939698,0.077361,0.021314,-0.068345,0.33503,-0.485023,-0.807779,0.77057,0.634397,-0.06132,0.542194,-0.601907,0.586287,5.9e-05,0.000527,0.000676,-5e-06,-5e-06,8e-06,-1.113171
427,0.157163,-0.041868,0.298659,-0.191734,0.466208,-0.863675,-0.800327,-0.583582,-0.137406,-0.567854,0.664295,0.486088,0.000102,0.000928,0.001192,0.0,0.0,0.0,-1.916363,-0.13576,-0.016569,0.299594,-0.214441,-0.8174,0.534662,0.975955,-0.200493,0.085131,0.037863,0.541083,0.840034,-0.016924,0.011523,-0.04737,-0.301424,0.569448,0.349759,-1.40869,0.058867,0.033675,-0.01854,0.294429,0.835932,0.463172,-0.955051,0.274846,0.111065,-0.034458,-0.475054,0.879281,-0.000974,0.006199,-0.024218,-0.064243,0.142825,-0.034097,-0.941821,0.077361,0.021316,-0.068342,0.33503,-0.485023,-0.807779,0.770571,0.634397,-0.06132,0.542194,-0.601907,0.586287,0.0,2e-06,3e-06,-6e-06,2e-06,1e-06,-1.113171
428,0.157151,-0.041876,0.298666,-0.191775,0.466201,-0.863669,-0.800336,-0.583581,-0.137361,-0.567828,0.664301,0.486109,0.0,0.0,0.0,0.0,0.0,0.0,-1.915993,-0.136007,-0.015977,0.297629,-0.218951,-0.810052,0.543938,0.975134,-0.200382,0.094315,0.032854,0.552074,0.833066,-0.001998,0.012184,-0.048904,-0.267533,0.442005,0.52081,-1.408787,0.058736,0.033985,-0.019561,0.299295,0.828617,0.473091,-0.953671,0.275652,0.120524,-0.03054,-0.487245,0.87273,-0.000966,0.006057,-0.024487,-0.201436,0.372069,0.492192,-0.937576,0.077356,0.021315,-0.068335,0.335049,-0.485018,-0.807774,0.77058,0.634389,-0.06129,0.54217,-0.601919,0.586297,1e-06,-6e-06,-9e-06,-0.0,2e-06,3e-06,-1.113171
429,0.157162,-0.041881,0.298658,-0.191772,0.466203,-0.863669,-0.800336,-0.583579,-0.137364,-0.567828,0.664301,0.486109,-2e-05,-0.000181,-0.000232,0.0,0.0,0.0,-1.916341,-0.136307,-0.015507,0.295808,-0.220322,-0.805483,0.550134,0.974934,-0.198795,0.099592,0.029405,0.559292,0.828366,-0.002161,0.013784,-0.047218,-0.074379,0.263977,0.156693,-1.408912,0.058587,0.034213,-0.020457,0.30121,0.823857,0.480137,-0.953161,0.274642,0.126705,-0.027479,-0.495813,0.867993,-0.00851,0.006376,-0.023142,-0.151421,0.368574,0.176781,-0.937576,0.077361,0.021312,-0.068339,0.335046,-0.48502,-0.807774,0.77058,0.634388,-0.061293,0.54217,-0.601919,0.586296,-1e-05,-0.000117,-0.000154,-2e-06,2e-06,6e-06,-1.113008
430,0.157162,-0.041873,0.298652,-0.191755,0.466205,-0.863672,-0.800324,-0.58359,-0.137389,-0.567852,0.66429,0.486097,-0.0,-2e-06,-3e-06,0.0,0.0,0.0,-1.915628,-0.13649,-0.015275,0.294926,-0.216984,-0.805246,0.551805,0.975752,-0.194491,0.10008,0.026988,0.561146,0.827194,-0.002273,0.014911,-0.045976,0.08202,0.049807,0.00548,-1.409033,0.058501,0.034326,-0.020885,0.298522,0.82345,0.482507,-0.954076,0.27069,0.128314,-0.02495,-0.498653,0.866441,-0.00112,0.007575,-0.022836,0.119052,0.012895,-0.008199,-0.942801,0.077361,0.021316,-0.068342,0.33503,-0.485023,-0.807779,0.77057,0.634397,-0.06132,0.542194,-0.601907,0.586287,3e-06,2e-06,1e-06,-2e-06,-5e-06,1.1e-05,-1.113008
431,0.157162,-0.041881,0.298658,-0.191772,0.466203,-0.863669,-0.800336,-0.583579,-0.137364,-0.567828,0.664301,0.486109,-0.0,-0.0,-0.0,0.0,0.0,0.0,-1.915914,-0.136929,-0.014948,0.293362,-0.219823,-0.80052,0.557528,0.975108,-0.196229,0.10292,0.027274,0.567274,0.822995,-0.015855,0.0025,-0.037469,0.008769,0.121405,-0.008629,-1.408947,0.058275,0.034497,-0.021697,0.301153,0.819004,0.488403,-0.953221,0.272519,0.130776,-0.025993,-0.50494,0.862762,-0.007908,0.001309,-0.018656,0.043482,0.084469,-0.024874,-0.945087,0.077361,0.021312,-0.068339,0.335046,-0.48502,-0.807774,0.77058,0.634388,-0.061293,0.542171,-0.601919,0.586296,1e-06,1e-06,1e-06,-8e-06,-1e-06,-2e-06,-1.113008
432,0.157161,-0.041887,0.298651,-0.191793,0.466199,-0.863666,-0.800333,-0.583587,-0.137348,-0.567826,0.664296,0.486119,-7.3e-05,-0.000663,-0.000851,0.0,0.0,0.0,-1.91659,-0.137507,-0.014884,0.292046,-0.220859,-0.797219,0.561832,0.974861,-0.196775,0.104212,0.027736,0.571719,0.819897,-0.016108,0.004844,-0.034819,0.061603,0.03613,-0.034218,-1.40894,0.057992,0.034526,-0.022345,0.302196,0.816017,0.49274,-0.952863,0.273219,0.131915,-0.026981,-0.509379,0.860118,-0.007346,-0.003326,-0.013598,0.04773,0.020278,-0.064949,-0.950639,0.077361,0.021311,-0.06834,0.335066,-0.485015,-0.807769,0.770575,0.634396,-0.061278,0.542166,-0.601914,0.586305,-5.8e-05,-0.000527,-0.000677,2e-06,-1e-06,1.2e-05,-1.113171
433,0.157161,-0.041887,0.298651,-0.191793,0.466199,-0.863666,-0.800333,-0.583587,-0.137348,-0.567826,0.664296,0.486119,-1e-06,-1.1e-05,-1.5e-05,0.0,0.0,0.0,-1.916189,-0.137797,-0.014894,0.291465,-0.221153,-0.79553,0.564105,0.974793,-0.196736,0.104915,0.027779,0.574081,0.818244,-0.016205,0.005733,-0.033816,0.041093,0.153899,-0.193634,-1.409075,0.057848,0.03452,-0.022636,0.302581,0.814477,0.495047,-0.952734,0.273292,0.132693,-0.027217,-0.511799,0.858673,-0.007409,-0.002787,-0.012982,0.04202,0.029062,-0.057802,-0.954884,0.077361,0.021309,-0.068343,0.335066,-0.485015,-0.807768,0.770574,0.634397,-0.061278,0.542166,-0.601914,0.586305,-1e-06,-1e-06,-2e-06,-5e-06,-1.1e-05,5e-06,-1.113334
434,0.157162,-0.04189,0.298665,-0.191788,0.466202,-0.863666,-0.800349,-0.583568,-0.13734,-0.567805,0.664312,0.486121,1e-06,6e-06,8e-06,0.0,0.0,0.0,-1.916106,-0.138508,-0.014945,0.29036,-0.222975,-0.795516,0.563407,0.974459,-0.196513,0.108385,0.024759,0.574177,0.818273,-0.016391,0.007447,-0.031865,-0.389152,-0.552259,0.384254,-1.408916,0.057498,0.034495,-0.023181,0.30284,0.813612,0.496308,-0.952678,0.272811,0.134083,-0.026306,-0.513427,0.857729,-0.014921,-0.00329,-0.012576,0.023544,0.066877,-0.072006,-0.95766,0.077361,0.021308,-0.068336,0.335062,-0.485018,-0.807769,0.77059,0.634378,-0.061267,0.542147,-0.601931,0.586306,-1e-06,0.0,1e-06,-4e-06,1e-06,1e-06,-1.113171
435,0.157161,-0.041895,0.298658,-0.19181,0.466198,-0.863663,-0.800346,-0.583576,-0.137323,-0.567803,0.664308,0.486131,-1.4e-05,-0.00013,-0.000168,0.0,0.0,0.0,-1.915826,-0.139338,-0.015162,0.289393,-0.221814,-0.793612,0.566542,0.974712,-0.195438,0.108055,0.025233,0.577173,0.816148,-0.029951,-0.006559,-0.02529,0.025205,0.057384,-0.084437,-1.408935,0.057082,0.034393,-0.023672,0.303051,0.812762,0.497571,-0.952645,0.2721,0.135754,-0.025054,-0.51515,0.856733,-0.00682,-0.008183,-0.008879,0.006942,0.033964,-0.082285,-0.95962,0.077361,0.021305,-0.068339,0.335082,-0.485012,-0.807764,0.770585,0.634387,-0.061251,0.542142,-0.601926,0.586315,-1e-05,-8.2e-05,-0.000107,-4e-06,-0.0,0.0,-1.113008
436,0.157161,-0.041895,0.298658,-0.19181,0.466198,-0.863663,-0.800346,-0.583576,-0.137323,-0.567803,0.664308,0.486131,-0.0,-0.0,-0.0,0.0,0.0,0.0,-1.916258,-0.140355,-0.015549,0.288501,-0.221378,-0.792574,0.568163,0.974857,-0.193747,0.10977,0.023341,0.579168,0.814791,-0.028721,-0.017879,-0.01763,-0.009782,0.064462,-0.104752,-1.408932,0.056585,0.034207,-0.024111,0.302672,0.811902,0.499204,-0.952808,0.270599,0.137595,-0.023371,-0.517291,0.855489,-0.014343,-0.008947,-0.008803,0.003285,0.050565,-0.11143,-0.959293,0.077361,0.021305,-0.06834,0.335082,-0.485012,-0.807763,0.770584,0.634387,-0.061251,0.542142,-0.601926,0.586315,-2e-06,3e-06,5e-06,-5e-06,-1e-05,-2e-06,-1.113171
437,0.157174,-0.04189,0.298664,-0.191764,0.466207,-0.863668,-0.800353,-0.583558,-0.137359,-0.567808,0.664317,0.486112,7.3e-05,0.000663,0.000851,0.0,0.0,0.0,-1.915681,-0.140896,-0.015772,0.288063,-0.221125,-0.790824,0.570696,0.974927,-0.192896,0.11065,0.022842,0.58184,0.812898,-0.030078,-0.006525,-0.025477,0.020094,0.064611,-0.079182,-1.408788,0.056314,0.034095,-0.02433,0.302444,0.810292,0.501948,-0.952887,0.269784,0.138642,-0.023077,-0.520232,0.853712,-0.015022,-0.003291,-0.012751,0.0404,0.04394,-0.08711,-0.959946,0.077367,0.021306,-0.068339,0.335039,-0.485025,-0.807774,0.770597,0.634368,-0.061285,0.542151,-0.601936,0.586297,5.6e-05,0.00053,0.000682,2e-06,-7e-06,1.1e-05,-1.113171
438,0.157174,-0.041907,0.298677,-0.191798,0.466204,-0.863663,-0.800378,-0.583535,-0.13731,-0.567761,0.664339,0.486136,0.0,0.0,0.0,0.0,0.0,0.0,-1.915742,-0.142147,-0.016359,0.287212,-0.220145,-0.787241,0.576005,0.975177,-0.190624,0.112374,0.021596,0.587426,0.808906,-0.028782,-0.019289,-0.019621,-0.014152,0.070802,-0.100166,-1.408739,0.055688,0.033809,-0.024755,0.301511,0.807151,0.507541,-0.953198,0.2677,0.140531,-0.022439,-0.526159,0.85009,-0.022504,-0.005024,-0.013913,0.040788,0.069003,-0.144313,-0.963375,0.077367,0.0213,-0.06833,0.33507,-0.485019,-0.807764,0.770617,0.634349,-0.061231,0.542103,-0.60196,0.586316,-0.0,-3e-06,-5e-06,3e-06,-3e-06,7e-06,-1.113171
439,0.157174,-0.041915,0.298683,-0.191814,0.466203,-0.86366,-0.80039,-0.583524,-0.137285,-0.567738,0.66435,0.486148,0.0,0.0,0.0,0.0,0.0,0.0,-1.915904,-0.14338,-0.017072,0.286344,-0.219859,-0.786255,0.577457,0.975293,-0.188672,0.114636,0.019077,0.589374,0.807551,-0.028817,-0.020652,-0.021515,-0.010964,0.079344,-0.129446,-1.40882,0.055061,0.033446,-0.025196,0.301122,0.806393,0.508974,-0.953371,0.265895,0.142767,-0.020208,-0.528232,0.848859,-0.015056,-0.004276,-0.014154,0.052567,-0.065198,0.07174,-0.965662,0.077367,0.021295,-0.068327,0.335086,-0.485016,-0.807759,0.770627,0.634339,-0.061205,0.542079,-0.601973,0.586326,1.2e-05,-0.005488,0.004207,-0.035597,0.013082,-0.018255,-1.113171
440,0.157162,-0.041914,0.298683,-0.191838,0.466197,-0.863657,-0.800387,-0.583534,-0.137265,-0.567735,0.664345,0.486158,0.0,0.0,0.0,0.0,0.0,0.0,-1.916281,-0.144015,-0.017428,0.285911,-0.221421,-0.785543,0.577829,0.974988,-0.188196,0.117961,0.016344,0.590475,0.806806,-0.044016,-0.021226,-0.020222,-0.07732,0.174363,-0.065478,-1.4088,0.054749,0.033266,-0.025416,0.302472,0.805728,0.509226,-0.952996,0.265472,0.146018,-0.017534,-0.529458,0.848154,-0.014444,-0.010133,-0.010544,-0.091935,0.18911,-0.022133,-0.966151,0.077361,0.021296,-0.068327,0.335109,-0.485009,-0.807754,0.77062,0.63435,-0.061186,0.542075,-0.601968,0.586335,1e-06,-1e-06,-3e-06,-0.0,-2e-06,3e-06,-1.113334
441,0.157163,-0.041912,0.298704,-0.191812,0.466203,-0.86366,-0.800406,-0.583506,-0.137273,-0.567717,0.664366,0.486151,1.5e-05,0.000132,0.00017,0.0,0.0,0.0,-1.916355,-0.145426,-0.018163,0.284992,-0.2202,-0.78369,0.580804,0.975273,-0.186479,0.118333,0.015832,0.593476,0.804611,-0.030247,-0.009796,-0.030254,0.035259,-0.034081,0.058694,-1.408906,0.054038,0.032896,-0.025868,0.30133,0.803971,0.512669,-0.953362,0.263801,0.146659,-0.017333,-0.532952,0.845966,-0.014503,-0.010369,-0.01095,0.00606,0.049074,-0.109989,-0.966968,0.077362,0.021297,-0.068316,0.335085,-0.485017,-0.807759,0.770642,0.634323,-0.06119,0.542059,-0.60199,0.586326,7e-06,7.7e-05,9.9e-05,1e-06,3e-06,0.0,-1.113171
442,0.157176,-0.04191,0.298723,-0.191763,0.466215,-0.863665,-0.800429,-0.583468,-0.137301,-0.567702,0.664391,0.486135,8.6e-05,0.000787,0.00101,0.0,0.0,0.0,-1.916882,-0.146814,-0.018845,0.284044,-0.221893,-0.778744,0.586781,0.974922,-0.185507,0.12267,0.013586,0.600256,0.799607,-0.029204,-0.020413,-0.021771,-0.07815,0.16486,-0.032133,-1.408646,0.053344,0.032557,-0.026348,0.302958,0.799401,0.518819,-0.952874,0.263082,0.151058,-0.015736,-0.540134,0.841431,-0.022752,-0.00545,-0.014873,-0.046147,0.192415,-0.058085,-0.967621,0.077368,0.021296,-0.068309,0.335037,-0.485032,-0.80777,0.770671,0.634285,-0.061213,0.542047,-0.602017,0.586309,6e-05,0.000533,0.000687,0.000757,-0.01443,0.024934,-1.113171
443,0.157202,-0.041889,0.29875,-0.19163,0.466241,-0.86368,-0.800449,-0.583415,-0.137406,-0.567717,0.664419,0.486078,0.01577,0.000376,0.000452,0.000984,-0.014715,0.029553,-1.916593,-0.148176,-0.019387,0.28306,-0.225405,-0.772238,0.593997,0.974151,-0.185301,0.128951,0.010754,0.608671,0.793264,-0.030586,-0.008308,-0.028815,-0.176078,0.36673,0.104192,-1.408864,0.052664,0.032281,-0.026838,0.305805,0.793777,0.525738,-0.95199,0.263066,0.156558,-0.014032,-0.548374,0.836114,-0.015305,-0.003714,-0.013817,-0.276443,0.381192,0.37127,-0.972683,0.077375,0.021307,-0.068295,0.334933,-0.485061,-0.807796,0.770702,0.63424,-0.061293,0.542068,-0.602041,0.586265,7e-05,0.00065,0.000833,7e-06,-1.5e-05,9e-06,-1.113171
444,0.15724,-0.041863,0.298782,-0.191599,0.46625,-0.863682,-0.800455,-0.583401,-0.137433,-0.567721,0.664424,0.486067,0.000184,0.001682,0.002158,0.0,0.0,0.0,-1.916455,-0.148826,-0.019574,0.282541,-0.227455,-0.769001,0.597405,0.973686,-0.185537,0.132082,0.00954,0.612686,0.790183,-0.030692,-0.007338,-0.027674,-0.1412,0.302828,0.093563,-1.408849,0.052339,0.032186,-0.027099,0.307995,0.790398,0.529536,-0.951297,0.263532,0.15995,-0.013126,-0.55301,0.83307,-0.015323,-0.003823,-0.01401,-0.215772,0.396391,0.14859,-0.975949,0.0774,0.021318,-0.06828,0.334879,-0.485081,-0.807806,0.770718,0.634216,-0.061337,0.542077,-0.602051,0.586246,0.000108,0.001007,0.001291,0.000746,-0.014462,0.02492,-1.113171
445,0.157611,-0.041696,0.298978,-0.197657,0.465686,-0.862621,-0.801872,-0.582929,-0.131019,-0.563623,0.665234,0.489715,0.016362,0.017171,-0.000524,0.034076,-0.038946,0.067876,-1.917159,-0.150167,-0.019926,0.281512,-0.231321,-0.762413,0.604326,0.972794,-0.185779,0.138174,0.007201,0.620796,0.783852,-0.030858,-0.006034,-0.026187,-0.058128,0.180837,0.005338,-1.408686,0.051669,0.032008,-0.027616,0.312177,0.783581,0.537164,-0.949954,0.264301,0.166526,-0.011486,-0.562267,0.826875,-0.023017,-0.003641,-0.012847,-0.054265,0.196605,-0.016799,-0.988522,0.077573,0.021388,-0.068192,0.34086,-0.483996,-0.805953,0.771293,0.634132,-0.054611,0.537512,-0.603012,0.589453,0.00821,0.003251,0.004139,-0.032813,0.00564,0.002455,-1.113661
446,0.158633,-0.041216,0.29947,-0.211394,0.474786,-0.854363,-0.805609,-0.579556,-0.122801,-0.553201,0.661731,0.506071,0.032873,0.01423,0.017982,0.044277,0.329366,0.309778,-1.916703,-0.151447,-0.020058,0.280532,-0.237934,-0.754408,0.611759,0.971214,-0.187487,0.146721,0.004294,0.629997,0.776498,-0.031074,-0.00301,-0.022416,-0.168348,0.24084,0.330096,-1.408748,0.051017,0.031938,-0.028119,0.318112,0.776097,0.544497,-0.948002,0.266329,0.174241,-0.009788,-0.571613,0.820464,-0.015526,-0.001408,-0.01106,-0.213894,0.290558,0.353482,-0.99636,0.078095,0.021632,-0.06795,0.354006,-0.491463,-0.795703,0.774003,0.631529,-0.04571,0.524974,-0.599695,0.603959,0.016478,0.007533,0.009508,0.067994,0.376849,0.349277,-1.11513
447,0.159459,-0.040763,0.299889,-0.220707,0.484252,-0.84666,-0.808494,-0.576335,-0.118942,-0.545292,0.657664,0.519771,0.048957,0.03061,0.016195,0.087697,0.572638,0.495457,-1.917034,-0.152032,-0.02009,0.280076,-0.240406,-0.751138,0.614808,0.970608,-0.188092,0.14992,0.003317,0.633713,0.773473,-0.031125,-0.002495,-0.02181,-0.28043,0.497999,0.272556,-1.408851,0.050736,0.031924,-0.028337,0.319753,0.773851,0.546728,-0.947451,0.267032,0.176152,-0.009678,-0.574324,0.81857,-0.015536,-0.001543,-0.011266,0.042381,0.050829,-0.075775,-0.996687,0.078477,0.021835,-0.06776,0.362813,-0.498227,-0.787486,0.77623,0.629151,-0.040425,0.515589,-0.596605,0.615003,0.024549,0.010225,0.012807,-0.336589,1.232237,0.033778,-1.115457
448,0.161412,-0.039461,0.300994,-0.238852,0.507928,-0.82765,-0.813876,-0.569574,-0.114734,-0.529395,0.645566,0.550466,0.049849,0.043554,0.03191,-0.028962,0.614568,0.188944,-1.917308,-0.153152,-0.020076,0.27922,-0.240185,-0.745777,0.621386,0.970664,-0.18292,0.155839,-0.002271,0.641514,0.767019,-0.016021,0.001054,-0.019287,-0.55536,0.359171,-0.112475,-1.408894,0.050171,0.031928,-0.028767,0.320039,0.768599,0.553921,-0.94739,0.262821,0.182693,-0.005165,-0.583249,0.812276,-0.015612,-0.000175,-0.009528,-1.303543,0.21942,-1.008772,-0.989992,0.079466,0.022484,-0.06721,0.379842,-0.522097,-0.763632,0.781789,0.622461,-0.036704,0.494494,-0.583058,0.644607,0.032772,0.016411,0.020229,-0.406059,1.007796,-0.201154,-1.112028
449,0.164021,-0.037743,0.302697,-0.257832,0.540395,-0.800962,-0.817788,-0.56348,-0.116988,-0.514233,0.62418,0.58821,0.081177,0.053614,0.042911,0.163581,1.024743,0.54884,-1.917542,-0.154167,-0.019889,0.278488,-0.244506,-0.738918,0.62786,0.969579,-0.183596,0.161691,-0.003912,0.649213,0.760507,-0.016162,0.004422,-0.014916,-0.127242,0.246822,0.166368,-1.409003,0.049663,0.032019,-0.029137,0.324432,0.761319,0.56137,-0.945901,0.263448,0.189381,-0.003712,-0.592442,0.805603,-0.015682,0.001224,-0.007742,-0.205035,0.369407,0.167525,-0.990319,0.08076,0.023342,-0.066359,0.397244,-0.550294,-0.73442,0.786103,0.61698,-0.037098,0.473537,-0.562593,0.677679,0.032953,0.02215,0.026769,0.046973,0.638061,0.059326,-1.11611
450,0.165584,-0.036799,0.303776,-0.268436,0.5559,-0.786742,-0.818801,-0.561858,-0.117694,-0.507138,0.611898,0.606975,0.081125,0.046494,0.055249,0.129697,1.294541,0.246658,-1.917027,-0.154621,-0.019787,0.278203,-0.245227,-0.737122,0.629688,0.969396,-0.183667,0.162703,-0.003986,0.651232,0.758778,-0.032571,0.015823,-0.02067,0.019248,0.084128,0.032497,-1.409027,0.049442,0.032067,-0.029277,0.32562,0.759074,0.563718,-0.945493,0.263731,0.191017,-0.003673,-0.59519,0.803575,-0.008081,0.002432,-0.007156,0.003592,0.076909,0.014179,-0.993094,0.081511,0.023802,-0.06584,0.406408,-0.563833,-0.718974,0.787344,0.61537,-0.03753,0.463596,-0.550828,0.694022,0.0406,0.023612,0.028061,0.061801,0.948085,0.214705,-1.117253
451,0.168719,-0.03496,0.305976,-0.284605,0.579238,-0.763891,-0.817733,-0.562508,-0.12194,-0.49998,0.589231,0.634707,0.095691,0.048824,0.056138,0.088862,0.85332,0.035468,-1.9168,-0.15556,-0.019563,0.277798,-0.242332,-0.734976,0.633307,0.970096,-0.177933,0.164886,-0.008211,0.655238,0.755287,-0.031565,0.00787,-0.008443,-0.006944,0.029139,-0.062003,-1.408936,0.048972,0.032181,-0.029485,0.322836,0.757404,0.567552,-0.946454,0.258365,0.193574,-2.3e-05,-0.599655,0.800258,-0.008151,0.004552,-0.004372,-0.04615,-0.031365,-0.126101,-0.993258,0.083105,0.024749,-0.064707,0.420992,-0.586941,-0.691566,0.787205,0.615196,-0.042912,0.450636,-0.526339,0.721036,0.040166,0.024551,0.028361,0.125231,1.062825,0.073885,-1.116273
452,0.172066,-0.033267,0.308097,-0.294014,0.598277,-0.74543,-0.822388,-0.555727,-0.121726,-0.486724,0.576497,0.656337,0.094329,0.044055,0.048994,0.039582,0.386302,-0.038127,-1.916306,-0.156416,-0.019405,0.277671,-0.242034,-0.732962,0.635749,0.97017,-0.177133,0.165313,-0.008267,0.657707,0.753138,-0.016382,0.011825,-0.005216,-0.003187,0.048326,0.056654,-1.408779,0.048539,0.032259,-0.029549,0.322272,0.755751,0.57007,-0.946646,0.25742,0.193892,-0.000214,-0.602142,0.798388,-0.015256,-0.000775,0.000946,-0.039971,0.089176,-0.012436,-0.991462,0.084815,0.025625,-0.063611,0.429201,-0.60539,-0.670289,0.792476,0.608447,-0.042095,0.43332,-0.513121,0.740904,0.047129,0.02183,0.024217,0.014359,0.30646,-0.070943,-1.110558
453,0.175294,-0.032034,0.309891,-0.306806,0.607354,-0.732827,-0.820636,-0.558769,-0.119602,-0.481749,0.563933,0.670764,0.093202,0.023057,0.044724,0.004276,0.398411,-0.090492,-1.916642,-0.157277,-0.019383,0.277793,-0.240106,-0.732594,0.636905,0.970651,-0.175592,0.164131,-0.008119,0.65853,0.75242,-0.030562,0.000409,0.004398,-0.002164,0.014227,-0.034725,-1.408692,0.048102,0.032277,-0.029487,0.320368,0.755692,0.57122,-0.947292,0.255948,0.192682,-0.000595,-0.602842,0.797859,-0.015285,0.000263,0.002294,-0.001887,0.012719,-0.036509,-0.995217,0.086394,0.026243,-0.06272,0.440567,-0.612262,-0.656532,0.790218,0.611518,-0.040006,0.425975,-0.501178,0.753236,0.038814,0.016219,0.017416,0.063822,0.387954,0.079468,-1.106149
454,0.178181,-0.03125,0.311146,-0.3131,0.608579,-0.72914,-0.819602,-0.560971,-0.116344,-0.479449,0.560418,0.675342,0.076686,0.021263,0.021602,0.001213,-0.000975,0.026636,-1.916095,-0.158102,-0.01949,0.278031,-0.238285,-0.732261,0.63797,0.971097,-0.173847,0.163348,-0.00842,0.659363,0.751686,-0.030548,0.000202,0.004081,-0.004089,0.030411,-0.058491,-1.408731,0.047701,0.032226,-0.029365,0.318583,0.755592,0.57235,-0.947894,0.254181,0.19206,-0.000362,-0.603715,0.797199,-0.007129,-0.004847,0.005954,-0.039169,0.025656,-0.048086,-0.99734,0.087844,0.026642,-0.062076,0.446518,-0.61305,-0.651759,0.788648,0.613731,-0.03698,0.422676,-0.497496,0.757523,0.030878,0.005027,0.015072,-0.038728,-0.007577,-0.007189,-1.107456
455,0.179413,-0.031005,0.311568,-0.313534,0.608619,-0.72892,-0.819662,-0.560975,-0.115899,-0.479063,0.560371,0.675656,0.046045,0.016196,0.016721,-0.001124,0.026674,-0.033491,-1.916875,-0.158509,-0.019518,0.278182,-0.237522,-0.732134,0.6384,0.971282,-0.173094,0.163044,-0.008584,0.659702,0.751387,-0.030565,0.001228,0.005409,-0.004089,0.030411,-0.058491,-1.40851,0.047498,0.032211,-0.029291,0.317821,0.755556,0.57282,-0.948151,0.253407,0.19182,-0.000225,-0.604085,0.796919,-0.007671,0.001482,0.002911,-0.000627,-0.001139,-0.006171,-0.991625,0.088471,0.026765,-0.061865,0.446905,-0.61292,-0.651616,0.788618,0.613799,-0.036483,0.422323,-0.497572,0.75767,0.030707,0.002032,0.011606,-0.028658,-0.078697,0.14529,-1.108925
456,0.181417,-0.030795,0.312043,-0.309725,0.609647,-0.729689,-0.820982,-0.558548,-0.118258,-0.479285,0.561674,0.674415,0.045591,0.006136,0.005236,0.003794,-0.058574,0.113592,-1.916213,-0.159394,-0.019503,0.278553,-0.235609,-0.731779,0.639515,0.971746,-0.17131,0.162163,-0.008831,0.660562,0.750629,-0.029537,-0.008121,0.015777,-0.051919,0.136596,-0.216736,-1.408503,0.047061,0.032219,-0.029114,0.31604,0.755443,0.573954,-0.948745,0.251692,0.191134,-6.9e-05,-0.604942,0.796268,-0.015296,0.001479,0.003828,-0.00445,0.030304,-0.058973,-0.995707,0.08949,0.026874,-0.061624,0.443408,-0.614173,-0.652824,0.790309,0.611496,-0.038501,0.422846,-0.498862,0.756529,0.022764,0.002469,0.001907,0.005488,-0.058525,0.111683,-1.109905
457,0.182192,-0.030789,0.312129,-0.307465,0.610206,-0.730177,-0.821687,-0.557197,-0.119722,-0.479533,0.562405,0.673628,0.030324,0.002095,0.001218,0.001969,-0.029429,0.059106,-1.91612,-0.159858,-0.01951,0.278754,-0.234711,-0.731623,0.640024,0.971962,-0.170431,0.161796,-0.009014,0.660962,0.750274,-0.030573,0.003561,0.00838,-0.002176,0.014242,-0.034714,-1.408567,0.046823,0.032214,-0.029007,0.315018,0.755371,0.57461,-0.949085,0.250669,0.190791,8.1e-05,-0.605457,0.795877,-0.014772,-0.004104,0.007835,-0.038999,0.02493,-0.053048,-0.993911,0.089866,0.026875,-0.061584,0.441346,-0.614879,-0.653556,0.791246,0.610203,-0.039764,0.423253,-0.499574,0.755831,0.02271,0.00078,-9e-06,0.004383,-0.044061,0.08709,-1.109905
458,0.183487,-0.030781,0.312102,-0.310942,0.610299,-0.728625,-0.82355,-0.555639,-0.114026,-0.474064,0.563843,0.676292,0.03025,-0.000554,-0.001805,-0.005178,0.071066,-0.114206,-1.916449,-0.160865,-0.019656,0.279233,-0.232665,-0.731262,0.641182,0.972446,-0.168229,0.161185,-0.009725,0.661925,0.749415,-0.030528,0.002203,0.006538,-0.004089,0.030411,-0.058491,-1.40841,0.04632,0.032145,-0.028762,0.313016,0.755247,0.575865,-0.949747,0.248471,0.190373,0.000693,-0.606517,0.795069,-0.014763,-0.004332,0.007506,-0.038903,0.02502,-0.052891,-0.995054,0.090513,0.026871,-0.061606,0.444551,-0.61466,-0.651588,0.792457,0.608988,-0.033814,0.417594,-0.501324,0.757818,0.015113,-0.000638,-0.001332,0.004978,-0.030682,0.059197,-1.111375
459,0.184654,-0.030783,0.31199,-0.324305,0.609211,-0.723694,-0.826144,-0.55501,-0.097069,-0.460397,0.565636,0.684191,0.030253,-0.000656,-0.001964,-0.051652,0.10503,-0.158503,-1.916609,-0.161982,-0.019896,0.279702,-0.229036,-0.732568,0.640998,0.973307,-0.165646,0.158644,-0.009766,0.661133,0.750114,-0.0295,-0.009577,0.013719,-0.038837,0.038531,-0.078391,-1.408021,0.045761,0.032029,-0.028531,0.309411,0.756905,0.575638,-0.950928,0.245811,0.187917,0.000737,-0.605534,0.795818,-0.014761,-0.004477,0.007285,-0.050207,0.036351,-0.048542,-0.990808,0.091096,0.026864,-0.061669,0.457091,-0.612388,-0.645017,0.792801,0.609253,-0.016614,0.403153,-0.503776,0.763987,0.015123,-0.000518,-0.001218,-0.160152,0.089228,-0.096612,-1.109252
460,0.185766,-0.030792,0.311932,-0.340332,0.60755,-0.717706,-0.827634,-0.555784,-0.078095,-0.44592,0.566662,0.692875,0.030275,0.00037,-0.000852,-0.004339,0.070423,-0.113334,-1.916579,-0.163173,-0.020199,0.280197,-0.223736,-0.735499,0.639512,0.974546,-0.16259,0.154135,-0.009122,0.658633,0.752319,-0.029507,-0.009428,0.013851,-0.017572,-0.008108,-0.076763,-1.408169,0.045165,0.031876,-0.028285,0.304157,0.760242,0.574037,-0.952621,0.24258,0.183485,0.000243,-0.602649,0.798005,-0.022379,-0.005465,0.006853,-0.049703,0.051434,-0.119214,-1.000606,0.091641,0.026855,-0.061702,0.471953,-0.609344,-0.637149,0.791735,0.61086,0.002257,0.387834,-0.505519,0.770736,0.015138,0.000197,-0.00043,-3.5e-05,0.06774,-0.111009,-1.112191
461,0.186334,-0.030768,0.311904,-0.343491,0.607172,-0.716521,-0.827533,-0.556381,-0.074837,-0.443678,0.566482,0.69446,0.030276,0.000447,-0.000786,-1.770291,1.364789,-1.795851,-1.915978,-0.163799,-0.020356,0.280407,-0.221049,-0.736951,0.638774,0.975164,-0.161058,0.151825,-0.008745,0.657385,0.753414,-0.029504,-0.010734,0.012124,-0.025827,0.017993,-0.093306,-1.408947,0.044841,0.031796,-0.028172,0.301484,0.761817,0.57336,-0.953471,0.240835,0.181358,7.6e-05,-0.601359,0.798978,-0.014761,-0.005408,0.006032,-0.054979,0.049684,-0.079114,-1.002565,0.091936,0.026868,-0.061716,0.472963,-0.609073,-0.636659,0.791244,0.611493,0.002804,0.387604,-0.505079,0.771139,0.015139,0.000237,-0.000396,0.003363,-0.030196,0.059653,-1.117743
462,0.187662,-0.030718,0.311869,-0.343143,0.609611,-0.714614,-0.82791,-0.555596,-0.076488,-0.443245,0.564629,0.696243,0.045412,0.000894,-0.001001,0.003095,-0.043381,0.089096,-1.916716,-0.165187,-0.020705,0.280811,-0.218407,-0.739209,0.637072,0.975739,-0.158202,0.151127,-0.010669,0.655541,0.754994,-0.045723,0.000193,0.005416,-0.00434,0.028797,-0.063801,-1.40862,0.044176,0.031623,-0.027979,0.29913,0.764005,0.571679,-0.954209,0.238001,0.181217,0.002391,-0.599709,0.800214,-0.014769,-0.005445,0.005954,-0.046379,0.048841,-0.072714,-1.004688,0.092583,0.026893,-0.061732,0.474689,-0.611063,-0.633459,0.79168,0.610922,0.003931,0.384593,-0.503363,0.773765,0.015138,0.000335,-0.000312,-0.001616,-0.039481,0.055928,-1.123948
463,0.189069,-0.03069,0.311821,-0.343824,0.612283,-0.711997,-0.829708,-0.553104,-0.075052,-0.439342,0.564181,0.699075,0.045408,0.000684,-0.001316,0.003554,-0.040851,0.090544,-1.916609,-0.166503,-0.021075,0.281278,-0.219305,-0.743739,0.631466,0.975456,-0.156141,0.15505,-0.016459,0.650894,0.7589,-0.029535,-0.009979,0.012975,-0.074397,-0.026385,-0.01231,-1.408717,0.0435,0.031437,-0.027745,0.300003,0.768052,0.565768,-0.953898,0.236146,0.185234,0.008666,-0.595256,0.803488,-0.014776,-0.005343,0.006057,-0.172408,-0.132021,0.068271,-1.003382,0.093315,0.026908,-0.061757,0.475109,-0.613658,-0.63063,0.793492,0.608554,0.005631,0.380318,-0.503075,0.776062,0.022704,0.000328,-0.000697,-0.000308,-0.060364,0.086722,-1.124601
464,0.190612,-0.030637,0.311759,-0.346874,0.619094,-0.70459,-0.832155,-0.549646,-0.073351,-0.432262,0.560112,0.706719,0.03027,-1.7e-05,-0.001467,0.074043,0.598939,0.170359,-1.916395,-0.167812,-0.021532,0.281817,-0.215808,-0.747789,0.627878,0.976207,-0.153258,0.153188,-0.018069,0.646927,0.762249,-0.029549,-0.009546,0.013471,0.100296,-0.19969,-0.214056,-1.408068,0.042846,0.031208,-0.027477,0.297239,0.771437,0.562613,-0.954742,0.233466,0.184285,0.010813,-0.591927,0.805918,-0.014788,-0.005075,0.00637,0.204682,-0.314086,-0.308281,-1.002892,0.094075,0.026936,-0.061786,0.477748,-0.617925,-0.624439,0.795448,0.605955,0.008951,0.372851,-0.500986,0.781021,0.022702,4.3e-05,-0.001061,-0.055478,-0.032552,0.040289,-1.123295
465,0.191497,-0.030619,0.311719,-0.347044,0.621563,-0.702329,-0.833236,-0.548007,-0.073333,-0.430038,0.558981,0.708968,0.045408,0.000155,-0.002047,0.024669,0.081352,0.159985,-1.916291,-0.168441,-0.021773,0.282133,-0.214894,-0.747656,0.628349,0.976393,-0.151949,0.153306,-0.018888,0.647389,0.761836,-0.028636,-0.020424,0.021875,-0.073486,0.03404,-0.072069,-1.407972,0.042542,0.031095,-0.027327,0.295716,0.772104,0.5625,-0.955208,0.232015,0.1837,0.011327,-0.591628,0.80613,-0.02241,-0.004809,0.00752,-0.05312,0.05401,-0.076762,-1.000279,0.094512,0.026944,-0.061805,0.477817,-0.622265,-0.620061,0.796986,0.603943,0.008066,0.369463,-0.498034,0.784511,0.022704,-7.9e-05,-0.001226,0.026091,0.083146,0.172052,-1.122805
466,0.193562,-0.030604,0.311552,-0.346763,0.630985,-0.694016,-0.836119,-0.543206,-0.076184,-0.424641,0.553076,0.716808,0.060572,-0.001314,-0.004599,0.05547,0.241214,0.290094,-1.916336,-0.169554,-0.022338,0.282845,-0.213594,-0.749117,0.627051,0.976742,-0.153631,0.149355,-0.015297,0.645299,0.763688,-0.02866,-0.019887,0.022514,0.007426,-0.085742,-0.192732,-1.408438,0.041964,0.030802,-0.026957,0.294622,0.773329,0.561391,-0.95558,0.233474,0.179879,0.008036,-0.58945,0.807764,-0.014343,-0.009864,0.011381,0.022361,-0.103768,-0.20132,-1.000769,0.095539,0.026954,-0.061886,0.477133,-0.630778,-0.611932,0.800382,0.599458,0.006152,0.362948,-0.492715,0.790885,0.030289,-0.001018,-0.002739,0.09222,0.378325,0.321984,-1.126397
