frame,MLTx,MLTy,MLTz,MLTR1,MLTR2,MLTR3,MLTR4,MLTR5,MLTR6,MLTR7,MLTR8,MLTR9,MLTTVx,MLTTVy,MLTTVz,MLTRVx,MLTRVy,MLTRVz,MLGA,MRTx,MRTy,MRTz,MRTR1,MRTR2,MRTR3,MRTR4,MRTR5,MRTR6,MRTR7,MRTR8,MRTR9,MRTTVx,MRTTVy,MRTTVz,MRTRVx,MRTRVy,MRTRVz,MRGA,SLTx,SLTy,SLTz,SLTR1,SLTR2,SLTR3,SLTR4,SLTR5,SLTR6,SLTR7,SLTR8,SLTR9,SLTTVx,SLTTVy,SLTTVz,SLTRVx,SLTRVy,SLTRVz,SLGA,SRTx,SRTy,SRTz,SRTR1,SRTR2,SRTR3,SRTR4,SRTR5,SRTR6,SRTR7,SRTR8,SRTR9,SRTTVx,SRTTVy,SRTTVz,SRTRVx,SRTRVy,SRTRVz,SRGA
11,0.164662,0.021213,0.427073,-0.31516,0.782793,-0.536613,-0.815624,-0.512433,-0.268592,-0.484846,0.352048,0.800633,-0.00268,0.019257,-0.062349,0.15649,-0.257358,-0.072837,-1.910392,-0.193607,0.039554,0.384334,0.76247,0.451463,0.463478,-0.541679,0.837107,0.075961,-0.354632,-0.309551,0.882201,-0.016078,0.006648,-0.052697,-0.096673,0.324629,0.117466,-1.406991,-0.003585,0.038515,0.00911,-0.673084,-0.559493,0.483657,0.654303,-0.755337,0.036792,0.34474,0.341223,0.874483,-0.002302,0.008894,-0.03103,-0.178525,0.432217,0.263747,-0.854461,0.119536,0.035417,-0.028665,-0.393614,0.746389,-0.536629,-0.742313,-0.602404,-0.293393,-0.542253,0.282863,0.791169,-0.001263,0.010159,-0.030948,0.145423,-0.386363,-0.092995,-0.826922
12,0.164359,0.02175,0.424748,-0.316584,0.777131,-0.543954,-0.813337,-0.51742,-0.265954,-0.487748,0.357252,0.796555,-0.014921,0.003743,-0.054458,0.136117,-0.035078,-0.046947,-1.910955,-0.194116,0.03973,0.382064,0.760869,0.447818,0.469605,-0.540077,0.838133,0.076045,-0.36048,-0.312056,0.878942,-0.017123,0.009377,-0.065717,0.140855,0.05293,-0.017517,-1.407035,-0.003832,0.038611,0.008005,-0.671838,-0.554815,0.490726,0.652707,-0.756649,0.038134,0.35015,0.345921,0.870478,-0.002303,-0.000785,-0.028954,0.149168,-0.079082,0.155132,-0.850052,0.119388,0.035702,-0.029852,-0.393846,0.740403,-0.54469,-0.739347,-0.60726,-0.290861,-0.546124,0.28816,0.786582,-0.001577,0.005639,-0.03288,0.177372,0.00091,0.028238,-0.828719
13,0.164078,0.021806,0.423529,-0.318282,0.773053,-0.548755,-0.811738,-0.521178,-0.263488,-0.489301,0.360618,0.794082,-0.015459,0.008072,-0.066787,0.166202,-0.095859,-0.077914,-1.910535,-0.194378,0.039697,0.380933,0.76156,0.444634,0.471507,-0.538719,0.838689,0.079473,-0.361054,-0.315101,0.877618,-0.016848,-0.004642,-0.058848,-0.150514,0.4063,0.136177,-1.407388,-0.003969,0.038599,0.007415,-0.672827,-0.553342,0.491035,0.651775,-0.757377,0.039595,0.349989,0.346686,0.870238,-0.008391,-0.002386,-0.029445,-0.166759,0.424962,0.182154,-0.852338,0.119248,0.03573,-0.030456,-0.394974,0.736274,-0.54945,-0.737409,-0.610789,-0.288381,-0.547926,0.291267,0.78418,-0.007632,-0.000923,-0.028464,0.135264,-0.056203,-0.082482,-0.830841
14,0.163523,0.021744,0.421415,-0.32595,0.763412,-0.557678,-0.8101,-0.529565,-0.251538,-0.486956,0.368834,0.791747,-0.015157,0.001871,-0.055483,-2.189923,0.308805,-1.786328,-1.911201,-0.194954,0.039586,0.37848,0.763179,0.441652,0.471691,-0.53652,0.83986,0.081939,-0.360912,-0.31617,0.877292,-0.017524,0.00491,-0.068472,0.116204,0.08432,0.002154,-1.407207,-0.004258,0.038532,0.006188,-0.674862,-0.549259,0.492823,0.649699,-0.758925,0.04385,0.349931,0.34978,0.869023,-0.008531,-0.00387,-0.030397,0.093494,0.103769,-0.04679,-0.851685,0.11897,0.035686,-0.031525,-0.400096,0.727646,-0.557183,-0.734577,-0.618152,-0.279791,-0.548013,0.297351,0.781833,-0.007506,-0.004294,-0.022948,0.048981,-0.746569,-0.378811,-0.829535
15,0.16293,0.02166,0.419649,-0.330105,0.754699,-0.567015,-0.806318,-0.537707,-0.246363,-0.490415,0.374927,0.786734,-0.014643,-0.001465,-0.042888,0.038212,-0.592915,-0.507024,-1.902816,-0.195616,0.039617,0.375869,0.764586,0.435237,0.475361,-0.533395,0.841244,0.087935,-0.362569,-0.321345,0.874725,-0.018216,0.014048,-0.078274,0.038125,0.232255,0.08474,-1.406704,-0.004589,0.038544,0.004886,-0.676924,-0.543474,0.496396,0.647151,-0.760745,0.04961,0.350669,0.354826,0.866677,-0.008832,0.001481,-0.0349,-0.047541,0.313361,0.101582,-0.853808,0.118673,0.035638,-0.032416,-0.404691,0.718542,-0.565617,-0.73082,-0.625921,-0.272259,-0.549661,0.303183,0.778429,-0.007264,-0.000386,-0.02128,0.093616,-0.112993,-0.100597,-0.832638
16,0.162295,0.021641,0.41823,-0.331958,0.750671,-0.571264,-0.806213,-0.540127,-0.241363,-0.489334,0.379502,0.785212,-0.01395,-0.002627,-0.029256,0.065358,-0.019001,-0.05774,-1.752768,-0.196542,0.039971,0.372982,0.76779,0.422575,0.48158,-0.527667,0.843325,0.101507,-0.364186,-0.33259,0.869836,-0.030365,0.014594,-0.077403,-0.227499,0.503613,0.451706,-1.4066,-0.005059,0.038723,0.003412,-0.681479,-0.532204,0.502338,0.642475,-0.763759,0.062423,0.350444,0.36528,0.862414,-0.015142,0.007248,-0.038715,-0.343709,0.645465,0.513441,-0.854624,0.118355,0.035622,-0.033133,-0.405319,0.712664,-0.57256,-0.730168,-0.629231,-0.266311,-0.550063,0.310124,0.775404,-0.00693,-0.00104,-0.014495,0.06812,0.110338,-0.215932,-0.817452
17,0.162042,0.02162,0.417641,-0.335572,0.747557,-0.573232,-0.805163,-0.543425,-0.237433,-0.488594,0.380937,0.784978,-0.001813,-0.001587,-0.029242,0.056273,0.00901,-0.225299,-1.647339,-0.197084,0.040281,0.371395,0.769022,0.415128,0.486071,-0.524123,0.844725,0.108023,-0.366706,-0.338363,0.866545,-0.030857,0.026002,-0.085709,-0.18881,0.569366,0.28711,-1.406249,-0.005307,0.038861,0.002679,-0.683468,-0.525668,0.506502,0.639682,-0.765568,0.068642,0.351679,0.370915,0.859501,-0.009117,0.007343,-0.039128,0.031586,0.255426,0.10363,-0.855277,0.118229,0.035615,-0.033415,-0.408416,0.709404,-0.574405,-0.728942,-0.632234,-0.262529,-0.549398,0.311487,0.77533,-0.006872,-0.000113,-0.014089,0.066382,-0.050162,-0.067169,-0.776629
18,0.161797,0.021546,0.416608,-0.340025,0.744056,-0.575161,-0.803312,-0.547737,-0.233766,-0.488556,0.381618,0.78467,-0.001667,0.00043,-0.02837,-0.13235,0.070431,-0.141474,-1.420512,-0.198078,0.040824,0.368373,0.76886,0.402375,0.496931,-0.51802,0.847498,0.115486,-0.375632,-0.346726,0.859387,-0.018572,0.012763,-0.079665,-0.102568,0.323002,0.384604,-1.406032,-0.005808,0.039143,0.001169,-0.684655,-0.512637,0.518121,0.634168,-0.769374,0.07677,0.359273,0.381137,0.851854,-0.009004,0.001097,-0.035507,-0.208213,0.521195,0.262513,-0.8574,0.118107,0.035585,-0.033934,-0.411908,0.705741,-0.57642,-0.72647,-0.636197,-0.259796,-0.550065,0.31174,0.774755,-0.000766,0.000794,-0.013922,-2.168604,0.798144,-1.388556,-0.712782
19,0.161636,0.021485,0.41578,-0.350632,0.740373,-0.573541,-0.803575,-0.552309,-0.221796,-0.480556,0.382191,0.789318,-0.00124,0.005983,-0.025848,-0.608651,0.306852,-0.591692,-1.009121,-0.198971,0.041049,0.365279,0.767217,0.394541,0.505675,-0.514518,0.849247,0.118255,-0.383737,-0.351409,0.853885,-0.01922,0.00573,-0.084133,0.006081,0.281782,0.090959,-1.405734,-0.006266,0.039269,-0.000403,-0.683866,-0.503967,0.527583,0.630774,-0.771791,0.080381,0.366675,0.387756,0.845691,-0.01566,0.00264,-0.041756,-0.064106,0.378377,0.108549,-0.863115,0.118021,0.035545,-0.034357,-0.42219,0.700843,-0.574955,-0.726481,-0.640943,-0.247822,-0.542198,0.313066,0.779749,-0.000554,-0.001905,-0.008033,-2.203667,0.878917,-1.588177,-0.615951
20,0.161575,0.02156,0.41544,-0.35787,0.737903,-0.572253,-0.804172,-0.554971,-0.212805,-0.474176,0.383113,0.792723,-0.000685,0.002167,-0.013306,-0.024703,0.011242,-0.018291,-0.793538,-0.199425,0.041172,0.36356,0.763656,0.396452,0.509556,-0.518299,0.84698,0.118004,-0.385746,-0.354722,0.851607,-0.019375,0.004686,-0.085012,-0.778018,0.021393,-1.396492,-1.405227,-0.006485,0.039326,-0.001232,-0.682919,-0.50112,0.531507,0.629617,-0.772731,0.080426,0.370409,0.38957,0.843226,-0.009595,0.002844,-0.042177,-0.004108,0.29138,0.094675,-0.866871,0.11799,0.035578,-0.034534,-0.429712,0.697235,-0.573768,-0.7271,-0.643962,-0.237987,-0.535418,0.314921,0.783678,-0.000397,0.005689,-0.011677,-0.145972,0.141359,-0.302218,-0.555533
21,0.161605,0.021962,0.41468,-0.36617,0.731117,-0.575702,-0.80169,-0.561906,-0.203782,-0.472031,0.386003,0.792601,-0.000568,0.003663,-0.01261,0.015523,-0.032406,-0.235582,-0.53431,-0.200088,0.041664,0.360114,0.742429,0.424363,0.518369,-0.554235,0.823664,0.119725,-0.377073,-0.376726,0.846024,-0.007076,0.006966,-0.084959,-0.019524,0.298942,0.143267,-1.398454,-0.006822,0.039559,-0.002956,-0.654625,-0.530667,0.538384,0.666843,-0.740824,0.080615,0.356068,0.41179,0.838834,-0.003689,0.009017,-0.04655,-0.165202,0.474374,0.241784,-0.87128,0.118001,0.035784,-0.034902,-0.43668,0.689485,-0.577858,-0.724105,-0.650552,-0.229025,-0.533836,0.31842,0.783342,-0.000307,0.006858,-0.01113,0.051485,-0.055245,-0.221176,-0.484176
22,0.161824,0.022273,0.413796,-0.370464,0.718231,-0.589021,-0.797695,-0.570833,-0.194434,-0.475428,0.396932,0.785137,0.010947,0.006821,-0.025873,-0.009756,-0.570949,-0.399387,-0.387465,-0.200551,0.04208,0.356578,0.729093,0.422109,0.538738,-0.564117,0.816276,0.124089,-0.388281,-0.394921,0.83255,-0.01974,0.002967,-0.087118,-0.161928,0.613354,0.21961,-1.290106,-0.007053,0.039777,-0.004718,-0.64074,-0.527456,0.557891,0.676032,-0.73203,0.084331,0.363912,0.431186,0.825618,-0.003705,0.001167,-0.044144,0.187188,1.33653,-0.024116,-0.837642,0.118112,0.035955,-0.035342,-0.439595,0.677257,-0.589981,-0.719437,-0.658746,-0.220143,-0.537741,0.32768,0.776826,-0.000573,0.003345,-0.012762,-0.048414,-0.860709,-0.54902,-0.508832
23,0.162121,0.022339,0.412891,-0.378416,0.69614,-0.610111,-0.793073,-0.583673,-0.174165,-0.476886,0.417087,0.773722,0.010923,-0.004729,-0.016953,-0.110992,-0.897525,-0.776478,-0.292503,-0.200835,0.042199,0.353285,0.719903,0.397713,0.568818,-0.557738,0.819202,0.133303,-0.413849,-0.413723,0.810818,-0.0072,0.006788,-0.086154,-0.274914,0.530236,0.554559,-1.278994,-0.007203,0.03983,-0.006406,-0.633562,-0.501827,0.588869,0.670429,-0.735978,0.09412,0.386163,0.454427,0.802728,-0.00338,-0.002388,-0.039177,-0.482261,0.825172,0.498549,-0.80776,0.11826,0.035989,-0.035799,-0.444497,0.655365,-0.610669,-0.713992,-0.670893,-0.200293,-0.540959,0.346983,0.766136,-0.000593,-0.002424,-0.008296,-0.039264,-0.490238,-0.452552,-0.483359
24,0.162263,0.022305,0.412536,-0.385514,0.683642,-0.619724,-0.790247,-0.591296,-0.160775,-0.475881,0.426901,0.768973,-0.001023,-0.002397,-0.015454,-0.108998,-0.810911,-0.776486,-0.252153,-0.200979,0.042267,0.351779,0.717649,0.386239,0.579473,-0.554856,0.819892,0.140873,-0.42158,-0.423113,0.801941,-0.006311,0.00214,-0.074257,-0.20878,0.492583,0.298692,-1.276491,-0.007276,0.039857,-0.00717,-0.632713,-0.489656,0.599925,0.66776,-0.737287,0.102485,0.392135,0.465451,0.793464,-0.003116,0.000947,-0.037196,-0.279116,0.591915,0.33815,-0.815434,0.118335,0.035967,-0.035979,-0.449719,0.642028,-0.620927,-0.710554,-0.67839,-0.18681,-0.541169,0.357191,0.761281,0.005533,-0.001628,-0.008142,-0.028351,-0.306922,-0.525846,-0.447109
25,0.162373,0.022268,0.411943,-0.400204,0.65934,-0.636516,-0.781383,-0.608358,-0.138968,-0.478367,0.440924,0.759459,-0.000972,0.009355,-0.024289,-0.081404,-0.628366,-0.892438,-0.195737,-0.201269,0.042604,0.349123,0.703964,0.388315,0.594675,-0.574455,0.803592,0.155484,-0.418367,-0.451561,0.787988,-0.004822,0.004804,-0.057716,-0.423829,0.266885,-0.185513,-1.175311,-0.007422,0.040014,-0.008511,-0.618594,-0.489583,0.614532,0.685043,-0.719096,0.116684,0.384781,0.493161,0.780214,-0.002494,0.008595,-0.032437,-1.118703,0.106479,-1.067554,-0.795676,0.11839,0.035943,-0.036273,-0.46086,0.616426,-0.638456,-0.700256,-0.694537,-0.165102,-0.545205,0.370993,0.75174,-0.000422,-0.000142,-0.007242,-0.02117,-0.135126,-0.497029,-0.389957
26,0.162348,0.022291,0.411632,-0.407915,0.649768,-0.641445,-0.776726,-0.616185,-0.130319,-0.479427,0.444257,0.756843,-0.000987,0.009152,-0.024386,-0.019026,-0.313802,-0.545722,-0.168295,-0.201355,0.042822,0.348032,0.693772,0.397231,0.600733,-0.591616,0.789917,0.161106,-0.411387,-0.467677,0.782242,-0.00425,0.011697,-0.053323,-0.191228,0.408118,0.286555,-1.098552,-0.007502,0.040201,-0.009526,-0.592024,-0.511662,0.622662,0.720206,-0.682617,0.123839,0.361676,0.521761,0.772628,-0.001659,0.003313,-0.02073,-0.279067,0.458833,0.27924,-0.724971,0.118377,0.035956,-0.036428,-0.466989,0.604933,-0.644962,-0.694664,-0.702277,-0.155715,-0.54714,0.375315,0.748181,-0.000431,-0.000322,-0.007327,-0.086865,-0.366636,-0.805022,-0.368729
27,0.16218,0.022316,0.410916,-0.420483,0.633655,-0.6494,-0.768683,-0.628983,-0.116096,-0.481511,0.449575,0.752367,-0.013289,0.007271,-0.024865,0.016764,-0.167898,-0.305234,-0.133173,-0.201485,0.042977,0.346439,0.668289,0.428049,0.608404,-0.635306,0.753791,0.16769,-0.387652,-0.499128,0.774894,-0.002875,-0.002916,-0.032508,-0.29903,0.472444,0.276084,-1.018478,-0.00753,0.040208,-0.009859,-0.576773,-0.526366,0.624717,0.739497,-0.661356,0.125507,0.347098,0.534365,0.770698,-0.001346,-0.000643,-0.015718,0.050685,-0.005544,-0.04406,-0.713704,0.118298,0.035972,-0.036784,-0.477354,0.58716,-0.65374,-0.685389,-0.714366,-0.141148,-0.549886,0.380689,0.743438,-0.00056,-0.001949,-0.008102,-0.031093,-0.127887,-0.492393,-0.332642
28,0.16182,0.022276,0.410262,-0.430796,0.62284,-0.653093,-0.763424,-0.637387,-0.10437,-0.480751,0.452847,0.75089,-0.013147,-0.001661,-0.014753,0.020272,-0.053706,-0.065702,-0.109814,-0.201636,0.042499,0.345703,0.634449,0.461575,0.620012,-0.680808,0.713418,0.165733,-0.366609,-0.527839,0.766059,-0.01391,-0.017233,-0.010632,-0.1839,0.218538,0.052227,-0.998142,-0.007601,0.039976,-0.010235,-0.538385,-0.55382,0.635156,0.778742,-0.614996,0.123853,0.322026,0.561304,0.762388,-0.000768,-0.009083,-0.00604,-0.309738,0.268245,0.026613,-0.739504,0.118118,0.035952,-0.037117,-0.486286,0.574992,-0.657958,-0.679349,-0.722355,-0.129174,-0.549554,0.384167,0.741892,-0.006576,-0.000986,-0.007445,0.025145,0.065025,-0.230844,-0.311414
29,0.16148,0.022149,0.409715,-0.446894,0.610669,-0.65377,-0.760969,-0.643672,-0.081146,-0.469818,0.460472,0.753169,-0.013218,-0.00229,-0.015075,0.004089,-0.10624,-0.120747,-0.088566,-0.201851,0.041792,0.345404,0.607604,0.482465,0.630901,-0.712883,0.681385,0.165669,-0.350703,-0.551025,0.757127,-0.000873,-0.025458,-0.001617,-0.0825,0.101552,-0.024358,-0.91298,-0.007712,0.039632,-0.010383,-0.50867,-0.570355,0.644941,0.80602,-0.578781,0.123866,0.302632,0.582843,0.754126,-0.006749,-0.006031,-0.003623,-0.025212,0.160994,-0.196929,-0.743913,0.117949,0.035892,-0.037383,-0.500802,0.561316,-0.658878,-0.676867,-0.728419,-0.106084,-0.539487,0.392846,0.744731,-0.006545,-0.000439,-0.007193,-0.015202,-0.080538,-0.299364,-0.290186
30,0.161147,0.021953,0.409351,-0.474463,0.5875,-0.655571,-0.745692,-0.663962,-0.055413,-0.467246,0.461828,0.753939,-0.012939,-0.009377,-0.004088,-0.049475,-0.027867,-0.562144,-0.075875,-0.201985,0.041033,0.345191,0.584203,0.501438,0.638168,-0.740416,0.651197,0.16631,-0.332895,-0.570297,0.750869,-0.001299,-0.014937,-0.010028,-0.024424,0.155204,-0.203778,-0.771779,-0.007778,0.039262,-0.010477,-0.482866,-0.586144,0.650596,0.829027,-0.545278,0.124036,0.282053,0.599254,0.749225,-0.000475,-0.013118,-0.001094,-0.039126,0.145496,-0.2339,-0.707989,0.117782,0.035792,-0.037571,-0.525029,0.535366,-0.661609,-0.66013,-0.746827,-0.080469,-0.537188,0.3945,0.745518,-0.006446,-0.00449,-0.001944,0.066993,-0.083691,-0.904712,-0.274674
31,0.160987,0.021876,0.409201,-0.489886,0.57003,-0.659638,-0.730676,-0.681149,-0.046056,-0.474963,0.458707,0.751016,-0.012871,-0.008401,-0.003626,-0.118787,-0.528043,-0.540803,-0.067283,-0.20196,0.040644,0.345066,0.578104,0.505722,0.640338,-0.746301,0.644872,0.164646,-0.330379,-0.573701,0.749386,-0.001282,-0.014735,-0.009919,-0.01261,0.125825,-0.18935,-0.695641,-0.00777,0.039073,-0.010541,-0.476106,-0.589785,0.652285,0.833912,-0.53824,0.122009,0.279127,0.602038,0.748089,-0.000645,-0.007427,-0.005002,-0.008621,0.136096,-0.216178,-0.686598,0.117702,0.035753,-0.037652,-0.539025,0.517381,-0.664655,-0.643327,-0.762234,-0.07161,-0.543673,0.388992,0.743709,-0.000333,-0.004258,-0.002042,0.09103,0.058666,-0.339366,-0.267652
32,0.160656,0.021877,0.408866,-0.518095,0.535438,-0.66703,-0.706456,-0.707474,-0.019265,-0.481584,0.460577,0.745636,-0.000477,0.004868,-0.012078,-0.192489,-0.746629,-0.729255,-0.042439,-0.202009,0.039833,0.344879,0.572905,0.50709,0.643918,-0.74977,0.641489,0.162084,-0.331577,-0.576284,0.746871,-0.000871,-0.025287,-0.001612,-0.039361,0.045614,-0.064386,-0.453682,-0.007791,0.03866,-0.01064,-0.470378,-0.590543,0.655745,0.836881,-0.534252,0.119179,0.279953,0.60484,0.745515,-0.000554,-0.006363,-0.004304,-0.001193,0.015853,-0.023654,-0.613281,0.117531,0.035745,-0.037818,-0.562977,0.480363,-0.672537,-0.616901,-0.785762,-0.04483,-0.549989,0.389651,0.738702,-0.006329,0.002483,-0.005803,-0.091506,-0.355091,-0.417024,-0.25214
33,0.160274,0.022071,0.408442,-0.543365,0.505908,-0.669967,-0.692462,-0.721237,0.016907,-0.473982,0.47248,0.743055,-0.012596,0.005967,-0.011131,-0.179258,-0.389793,-0.699517,0.036171,-0.202057,0.039368,0.344693,0.582365,0.496103,0.64399,-0.736067,0.657926,0.15897,-0.345546,-0.567221,0.747477,-0.000575,-0.006571,-0.004461,3.5584,0.894382,4.107686,-0.244119,-0.007815,0.038412,-0.010738,-0.47783,-0.583989,0.656227,0.828689,-0.547523,0.116156,0.291466,0.599311,0.745569,-0.000238,-0.002734,-0.001858,-0.001537,0.00417,0.006111,-0.530492,0.117345,0.035843,-0.038024,-0.583921,0.447479,-0.677346,-0.602237,-0.798274,-0.008197,-0.544377,0.403137,0.735618,-0.00627,0.003244,-0.005432,-0.595805,0.457133,-0.971245,-0.209847
34,0.160086,0.022211,0.408246,-0.556271,0.492837,-0.669119,-0.686839,-0.725884,0.036276,-0.467139,0.479139,0.743124,-0.012404,0.008284,-0.010008,-0.100273,-0.236716,-0.562216,0.088114,-0.202056,0.039356,0.344603,0.598752,0.478727,0.642112,-0.715697,0.679579,0.160885,-0.360079,-0.556488,0.748683,-0.000226,-0.002577,-0.001751,3.554272,0.886514,4.151312,-0.165844,-0.007815,0.038402,-0.010786,-0.496654,-0.569062,0.655363,0.811691,-0.571938,0.118501,0.307393,0.590807,0.745958,-0.000274,0.004524,-0.004695,0.057596,-0.020716,0.059145,-0.446398,0.117251,0.035912,-0.038129,-0.595021,0.431711,-0.677919,-0.596322,-0.802651,0.01226,-0.53884,0.411553,0.735033,-0.006203,0.004041,-0.005046,-0.165956,-0.254274,-0.811369,-0.16037
35,0.159555,0.022709,0.407824,-0.576224,0.470331,-0.668431,-0.67374,-0.736289,0.062644,-0.461985,0.485858,0.741984,-0.012027,0.023187,-0.017214,-0.004598,0.023312,-0.594784,0.193405,-0.202182,0.039629,0.34447,0.647334,0.44199,0.620962,-0.66785,0.721428,0.182899,-0.367936,-0.533662,0.761374,-0.012693,0.013517,-0.005527,-0.902381,-1.883978,1.856129,-0.056179,-0.007878,0.038542,-0.01085,-0.553461,-0.535925,0.637545,0.767746,-0.625027,0.141088,0.322871,0.56756,0.757383,-0.006323,0.007031,-0.002585,-0.888577,-1.8679,1.84537,-0.301396,0.116985,0.036151,-0.038339,-0.611859,0.406706,-0.678393,-0.582707,-0.81175,0.038902,-0.534865,0.419106,0.733667,-0.012098,0.006454,-0.003666,-0.032174,-0.022539,-0.4894,-0.019614
36,0.158699,0.023436,0.407406,-0.598336,0.453762,-0.660409,-0.661111,-0.745225,0.086853,-0.452005,0.488002,0.746708,-0.024148,0.023481,-0.016639,0.051525,0.156681,-0.390713,0.270905,-0.202168,0.040027,0.344496,0.686765,0.411446,0.599214,-0.627727,0.751236,0.203805,-0.367143,-0.516627,0.773412,0.000622,0.007084,0.004802,0.018923,-0.107048,0.175864,0.059443,-0.007871,0.03874,-0.010837,-0.598183,-0.51074,0.617512,0.732757,-0.660562,0.163473,0.324413,0.550273,0.769385,0.000338,0.003889,0.002629,0.02491,-0.099332,0.166813,-0.193297,0.116562,0.036523,-0.038544,-0.632229,0.387471,-0.670932,-0.569564,-0.819494,0.063441,-0.525244,0.422249,0.738798,-0.012027,0.007028,-0.003382,0.034266,0.199452,-0.39224,0.104814
37,0.158209,0.023757,0.407179,-0.615824,0.443063,-0.651538,-0.650926,-0.751993,0.103789,-0.443208,0.487464,0.752311,-0.024296,0.021508,-0.017582,-0.464656,0.472927,-0.712868,0.296661,-0.202001,0.040194,0.344623,0.693814,0.401419,0.597893,-0.616079,0.760654,0.204416,-0.373589,-0.510682,0.774273,0.013331,0.009291,0.00547,0.125356,0.037907,0.085924,0.136174,-0.007792,0.038821,-0.010776,-0.606485,-0.501824,0.616722,0.722634,-0.671416,0.164309,0.331623,0.545316,0.76984,0.006685,0.004903,0.002903,0.424551,0.518981,-0.272898,-0.107896,0.116317,0.036688,-0.038656,-0.648235,0.375045,-0.66267,-0.559034,-0.825298,0.07977,-0.516983,0.422165,0.74465,-0.01212,0.005696,-0.004026,-1.722994,1.46394,-2.090678,0.152004
38,0.157378,0.02423,0.406778,-0.639173,0.431665,-0.636528,-0.640969,-0.756352,0.130624,-0.424264,0.490945,0.76092,-0.024255,0.011395,-0.008059,-0.13048,0.216036,-0.373835,0.341402,-0.201544,0.040519,0.34479,0.712926,0.357104,0.603493,-0.571132,0.794935,0.204501,-0.407589,-0.490919,0.769891,0.013015,0.005923,0.003178,0.233985,0.257084,0.491142,0.196767,-0.007563,0.038995,-0.010684,-0.63087,-0.461097,0.624012,0.683263,-0.711231,0.165227,0.367632,0.530602,0.763745,0.006473,0.002605,0.001342,0.983739,0.699284,1.303932,0.023389,0.115902,0.036925,-0.038861,-0.670746,0.360678,-0.648082,-0.549293,-0.828712,0.107298,-0.498373,0.427957,0.753973,-0.006062,0.005326,-0.004402,-0.55379,0.593072,-0.926805,0.229731
39,0.156817,0.024685,0.406446,-0.644795,0.427949,-0.633359,-0.6361,-0.759848,0.134086,-0.423078,0.488802,0.762958,-9.1e-05,0.009117,-0.00998,0.035712,-0.011588,0.019022,0.313227,-0.201247,0.040619,0.344919,0.714497,0.331475,0.616126,-0.555633,0.803895,0.212038,-0.425896,-0.494258,0.75775,0.012845,0.004055,0.001913,-0.307582,0.383637,0.314576,0.2457,-0.007409,0.039047,-0.010618,-0.635608,-0.435927,0.637157,0.669202,-0.722618,0.173178,0.384928,0.53646,0.751025,0.006416,0.002017,0.000939,-0.351428,0.42454,0.344233,0.102912,0.115612,0.03716,-0.039029,-0.676119,0.356186,-0.644976,-0.544047,-0.831675,0.111027,-0.496864,0.425965,0.756094,-4.9e-05,0.00446,-0.005028,0.035029,-0.011619,0.020257,0.248019
40,0.156783,0.024815,0.405937,-0.629792,0.44802,-0.634575,-0.65921,-0.740362,0.131451,-0.410146,0.500544,0.762407,0.011155,-0.000971,-0.015268,-3.471266,0.711855,4.235713,0.17792,-0.201057,0.04077,0.345114,0.71276,0.31157,0.628402,-0.552504,0.801222,0.229599,-0.432832,-0.511236,0.742399,0.012649,0.017499,-0.004498,-0.292824,0.382722,0.375496,0.293648,-0.007319,0.039113,-0.010522,-0.636069,-0.41616,0.649789,0.666546,-0.720586,0.19097,0.388755,0.554585,0.735733,0.006478,0.002806,0.00147,-0.433614,0.535893,0.418569,0.165289,0.115592,0.037235,-0.039272,-0.665729,0.373964,-0.64572,-0.564518,-0.818312,0.108091,-0.487978,0.43648,0.755884,-0.000501,-0.000466,-0.007413,0.041144,-0.080896,0.174329,0.143187
41,0.156811,0.024833,0.405642,-0.614912,0.461733,-0.63932,-0.674035,-0.728526,0.122059,-0.408644,0.505402,0.760004,-0.00077,0.00178,-0.013527,-0.124848,-0.069682,0.548639,0.109172,-0.200867,0.04096,0.345184,0.713143,0.302304,0.632479,-0.550417,0.800094,0.238379,-0.434859,-0.518507,0.736146,0.012862,0.020225,-0.002674,-0.355201,0.461714,0.432155,0.322952,-0.007225,0.039202,-0.01049,-0.637521,-0.407927,0.653576,0.66475,-0.720077,0.198986,0.389453,0.561323,0.730234,0.000383,0.004653,0.003116,-0.397388,0.510238,0.408755,0.19958,0.115609,0.037233,-0.03943,-0.650267,0.393408,-0.649909,-0.585186,-0.804922,0.098266,-0.484468,0.444217,0.753631,-0.000389,0.000719,-0.006845,-0.119843,-0.073277,0.559679,0.045539
42,0.156697,0.024974,0.405293,-0.591001,0.479086,-0.64903,-0.688284,-0.719057,0.095888,-0.420022,0.502787,0.755522,-0.012222,0.009684,-0.009278,0.662497,0.004981,0.448883,0.023952,-0.200272,0.041384,0.345418,0.71411,0.290287,0.637002,-0.547362,0.798696,0.249828,-0.43713,-0.52744,0.728414,0.013407,0.011533,0.006889,-0.191928,0.218516,0.231954,0.374462,-0.006927,0.039419,-0.010376,-0.64005,-0.395304,0.65884,0.661814,-0.719245,0.211393,0.390303,0.571332,0.721971,0.006724,0.006044,0.00362,-0.257787,0.280972,0.307578,0.277959,0.115556,0.037289,-0.039607,-0.628361,0.412535,-0.659528,-0.599851,-0.796762,0.073129,-0.495319,0.44157,0.748113,-1.2e-05,-0.0004,-0.000207,1.939189,-0.690375,1.695039,-0.112853
43,0.156435,0.025207,0.405265,-0.589024,0.483456,-0.647585,-0.690438,-0.717459,0.092299,-0.419267,0.50088,0.757207,-0.011674,0.015439,-0.006485,0.114172,0.232704,0.089338,0.052132,-0.199717,0.041715,0.345662,0.714785,0.285218,0.638532,-0.545897,0.798142,0.254754,-0.437861,-0.531026,0.725364,0.01305,0.007509,0.004179,-0.010827,0.001179,0.040978,0.383198,-0.00665,0.039596,-0.010252,-0.641433,-0.389826,0.660756,0.660343,-0.718969,0.216862,0.390525,0.575428,0.71859,0.00657,0.004333,0.002466,0.018869,-0.044435,0.046822,0.316496,0.115425,0.037403,-0.039622,-0.626801,0.417693,-0.657763,-0.602105,-0.795462,0.068629,-0.49456,0.439059,0.750091,0.000286,0.003026,0.001469,0.134626,0.350981,0.172453,-0.151553
44,0.156382,0.025344,0.405301,-0.589478,0.483202,-0.647362,-0.690108,-0.717739,0.092588,-0.419171,0.500724,0.757363,0.000436,0.014678,-0.007269,0.036866,-0.008342,0.020432,0.068426,-0.199481,0.041822,0.345764,0.715145,0.282675,0.63926,-0.545164,0.797839,0.257261,-0.438187,-0.532836,0.723838,0.013358,-0.004697,0.011412,-0.042005,0.008403,0.019875,0.379239,-0.006526,0.039651,-0.010194,-0.642124,-0.387453,0.66148,0.659685,-0.71882,0.219342,0.390501,0.577214,0.717169,0.006673,-0.002397,0.005666,-0.017039,-0.01911,0.002349,0.318945,0.115394,0.037477,-0.039601,-0.627431,0.418049,-0.656934,-0.601854,-0.795663,0.068494,-0.494065,0.438354,0.750828,0.00028,0.002978,0.001445,-0.007126,-0.01521,-0.005057,-0.131631
45,0.156447,0.025527,0.405291,-0.58773,0.486438,-0.646527,-0.691631,-0.716672,0.089436,-0.419118,0.499114,0.758454,0.000141,0.001508,0.000729,6.2e-05,0.000181,7.9e-05,0.070649,-0.198973,0.04207,0.345931,0.715755,0.279931,0.639784,-0.544161,0.797651,0.259953,-0.438439,-0.53456,0.722413,0.013044,0.007892,0.004411,0.00157,-0.028468,0.055114,0.362587,-0.006278,0.039767,-0.010116,-0.643028,-0.38499,0.66204,0.658841,-0.718803,0.221922,0.390439,0.578881,0.715858,0.006509,0.003794,0.002096,0.014642,-0.043204,0.045471,0.311107,0.115428,0.03758,-0.039606,-0.626055,0.421371,-0.656126,-0.603408,-0.794749,0.065357,-0.493916,0.436829,0.751815,7.8e-05,0.000833,0.000403,0.004538,-0.086899,0.179157,-0.111383
46,0.156432,0.025627,0.405243,-0.585781,0.487512,-0.647486,-0.692791,-0.715757,0.08777,-0.419931,0.499377,0.757831,1.3e-05,0.000143,6.9e-05,0.0,0.0,0.0,0.076434,-0.198351,0.04249,0.346099,0.71634,0.279475,0.639329,-0.543493,0.79799,0.260308,-0.438312,-0.534292,0.722688,0.01325,0.011087,0.006505,-0.007427,0.078615,-0.112275,0.294871,-0.005962,0.039976,-0.010033,-0.643704,-0.384767,0.661512,0.658251,-0.719266,0.222171,0.390319,0.578454,0.716268,0.006636,0.005707,0.003349,-0.007871,0.078082,-0.113245,0.260651,0.11542,0.037631,-0.03963,-0.624219,0.422631,-0.657063,-0.604612,-0.793968,0.063701,-0.494766,0.437032,0.751138,1e-06,0.005013,-0.004758,0.036011,-0.011831,0.018588,-0.106974
47,0.15649,0.025783,0.405133,-0.581891,0.486906,-0.651438,-0.693667,-0.715252,0.084927,-0.423874,0.50069,0.754764,0.000138,0.001479,0.000715,-0.000822,-0.002429,-0.00106,0.090412,-0.197686,0.042772,0.346495,0.705149,0.300924,0.642028,-0.568414,0.781075,0.25838,-0.424589,-0.547512,0.720984,0.013662,0.000235,0.014611,0.68217,1.832888,-1.95109,0.232722,-0.005629,0.04012,-0.009832,-0.630204,-0.404477,0.662751,0.680266,-0.699108,0.220194,0.374272,0.589615,0.715733,0.00683,0.000183,0.007335,0.67967,1.829765,-1.95565,0.178189,0.115448,0.037705,-0.039686,-0.620153,0.422424,-0.661034,-0.605458,-0.793542,0.060913,-0.498827,0.438004,0.747878,7.5e-05,0.000787,0.000381,0.00574,0.01363,0.003103,-0.091625
48,0.15652,0.025888,0.405075,-0.579779,0.487602,-0.652799,-0.693954,-0.715321,0.081947,-0.426288,0.499913,0.753918,0.000166,0.001775,0.000858,-9e-06,-3.8e-05,-1.3e-05,0.095276,-0.197459,0.042799,0.346751,0.689398,0.320698,0.649519,-0.590952,0.767439,0.248491,-0.419625,-0.555546,0.717737,0.0136,-0.000482,0.014127,-0.256018,0.124607,-0.647887,0.217891,-0.005521,0.040136,-0.009709,-0.611272,-0.421982,0.669534,0.700181,-0.682697,0.208973,0.368906,0.596535,0.712778,0.006806,-9.9e-05,0.00715,-0.778008,0.20515,-1.703,0.146184,0.115463,0.037757,-0.039716,-0.618125,0.423473,-0.662261,-0.605657,-0.793621,0.057824,-0.501098,0.436846,0.747037,0.000107,0.006146,-0.004211,0.033561,-0.006649,0.016422,-0.083787
49,0.156593,0.026047,0.405064,-0.579182,0.487913,-0.653096,-0.694237,-0.715115,0.081339,-0.426639,0.499904,0.753726,0.000317,0.003398,0.001641,-0.0,-0.0,-0.0,0.096179,-0.196934,0.043008,0.347083,0.669357,0.353626,0.653377,-0.625379,0.742837,0.238805,-0.401729,-0.568897,0.717519,0.013007,0.008858,0.004969,0.127307,-0.188518,-0.059239,0.229149,-0.005253,0.040243,-0.009536,-0.58641,-0.451948,0.672209,0.730915,-0.652919,0.198644,0.349121,0.607814,0.713214,0.00649,0.004331,0.002407,0.142684,-0.208071,-0.068367,0.120384,0.1155,0.037834,-0.039722,-0.617601,0.423856,-0.662505,-0.605941,-0.793447,0.057241,-0.501401,0.436792,0.746866,0.000192,0.002045,0.000985,0.001001,-0.011742,0.026142,-0.074316
50,0.156556,0.026129,0.405116,-0.57882,0.490401,-0.651552,-0.694967,-0.71462,0.079437,-0.425942,0.498174,0.755264,0.000134,0.001433,0.000691,8.4e-05,0.00025,0.000109,0.083417,-0.196429,0.04342,0.347239,0.664759,0.365041,0.651792,-0.63233,0.739424,0.230966,-0.398456,-0.566141,0.721512,0.012999,0.009184,0.005162,0.145947,-0.118295,-0.252945,0.296468,-0.005001,0.040446,-0.009459,-0.58039,-0.462579,0.670198,0.736975,-0.64848,0.190629,0.34643,0.604559,0.717281,0.006495,0.00458,0.002562,0.165237,-0.139485,-0.26583,0.176393,0.115482,0.037881,-0.039694,-0.617589,0.426395,-0.660885,-0.606685,-0.793016,0.055295,-0.500516,0.435099,0.748446,-0.005967,0.001195,0.000784,0.003051,-0.072797,0.149705,-0.082971
51,0.156523,0.026156,0.405151,-0.576874,0.491032,-0.652801,-0.695276,-0.714607,0.076807,-0.42807,0.497571,0.754457,0.00012,0.001284,0.000619,1e-06,4e-06,2e-06,0.08342,-0.196268,0.043618,0.347347,0.661071,0.371718,0.651769,-0.638075,0.735419,0.227932,-0.39541,-0.567023,0.722496,0.000708,0.010417,0.006792,0.065937,-0.099022,-0.035603,0.307985,-0.004921,0.040539,-0.00941,-0.575737,-0.469039,0.669722,0.742058,-0.643689,0.187116,0.343328,0.604703,0.71865,0.006534,0.005234,0.002984,0.049671,-2.9e-05,-0.170624,0.206928,0.115465,0.037894,-0.039676,-0.615676,0.427236,-0.662126,-0.606929,-0.793008,0.052664,-0.502571,0.434288,0.747538,6.7e-05,0.000727,0.000351,-0.001905,0.000387,-0.001947,-0.086726
52,0.156484,0.02623,0.405189,-0.574848,0.491703,-0.654082,-0.695603,-0.714577,0.074078,-0.430258,0.496951,0.753621,0.000184,0.001969,0.000949,0.0,0.0,0.0,0.091737,-0.195858,0.044126,0.347731,0.654033,0.397448,0.643637,-0.662109,0.712144,0.23323,-0.36647,-0.579195,0.728077,0.013532,0.017927,0.010789,-0.344333,-0.217538,-0.243298,0.330079,-0.004721,0.040781,-0.009225,-0.565835,-0.493049,0.660857,0.762616,-0.617653,0.192146,0.313443,0.612703,0.725497,0.006773,0.009131,0.005499,-1.184764,-0.619035,-0.989374,0.231748,0.115446,0.037929,-0.039659,-0.613724,0.428146,-0.66335,-0.607187,-0.792987,0.049945,-0.504645,0.43343,0.746639,0.000112,0.001212,0.000587,-0.000663,0.000538,-0.000777,-0.084114
53,0.156494,0.02628,0.405288,-0.572864,0.492359,-0.655328,-0.695976,-0.714475,0.071518,-0.432297,0.496447,0.752786,0.000223,0.002388,0.001149,0.0,0.0,0.0,0.10881,-0.195472,0.044927,0.348351,0.657336,0.448438,0.605643,-0.694775,0.671736,0.25689,-0.292444,-0.59021,0.752324,0.014502,0.015466,0.024226,-0.964463,-0.976769,-1.00285,0.412663,-0.004529,0.041167,-0.00893,-0.566092,-0.539728,0.623083,0.787525,-0.577454,0.21529,0.243604,0.612568,0.751942,0.007014,0.013386,0.008174,-0.851608,-2.549986,1.58966,0.313067,0.115451,0.037954,-0.039609,-0.611805,0.429045,-0.66454,-0.607504,-0.792901,0.047377,-0.506589,0.432697,0.745748,0.000136,0.001466,0.000708,-0.000714,0.000579,-0.00077,-0.069907
54,0.156515,0.026346,0.405416,-0.572548,0.492548,-0.655462,-0.696281,-0.714184,0.071447,-0.432224,0.496677,0.752676,0.000312,0.003333,0.001602,0.0,0.0,0.0,0.13337,-0.19517,0.045687,0.349241,0.657304,0.48451,0.577229,-0.712316,0.649324,0.266305,-0.246593,-0.586819,0.771167,0.002178,0.015618,0.024993,-2.833801,-2.067566,-4.399387,0.456528,-0.004372,0.04157,-0.00847,-0.563491,-0.574136,0.594007,0.801845,-0.553135,0.22602,0.1988,0.603662,0.772055,0.001132,0.008617,0.013005,-0.006952,-0.259858,0.362083,0.396018,0.115461,0.037986,-0.039545,-0.611518,0.429268,-0.664661,-0.607838,-0.792649,0.04731,-0.506535,0.432937,0.745645,0.000192,0.002058,0.00099,3e-05,2.6e-05,-4.5e-05,-0.040842
55,0.156531,0.026379,0.405486,-0.572196,0.49275,-0.655618,-0.696561,-0.713929,0.071273,-0.43224,0.496843,0.752557,0.000279,0.002982,0.001432,0.0,0.0,0.0,0.145234,-0.195162,0.045865,0.349796,0.655109,0.496971,0.569072,-0.717818,0.6442,0.263965,-0.236223,-0.582039,0.778006,-0.009667,0.003619,0.03317,0.306849,-0.798469,-0.157001,0.465839,-0.004363,0.041666,-0.008194,-0.556654,-0.589258,0.585585,0.809651,-0.54265,0.223595,0.186013,0.598585,0.779162,0.001253,0.001358,0.015878,-0.250267,-0.385007,-0.278271,0.421329,0.115469,0.038004,-0.03951,-0.611189,0.429511,-0.664805,-0.608141,-0.792427,0.047131,-0.506567,0.433102,0.745527,0.000168,0.001801,0.000865,4.2e-05,1.8e-05,-1.6e-05,-0.025166
56,0.156609,0.0264,0.405547,-0.571113,0.493348,-0.656112,-0.697294,-0.713286,0.070541,-0.43249,0.497173,0.752196,6.3e-05,0.000677,0.000325,0.0,0.0,0.0,0.155614,-0.195408,0.04558,0.351204,0.652575,0.511198,0.559297,-0.72405,0.638077,0.261808,-0.223845,-0.57645,0.785788,-0.008995,-0.022998,0.046315,0.044049,-0.202922,-0.182767,0.454937,-0.004489,0.041529,-0.007475,-0.552096,-0.604557,0.574195,0.815241,-0.535828,0.219703,0.174847,0.589405,0.788688,-0.004532,-0.011695,0.023036,0.044445,-0.20202,-0.181687,0.435372,0.115509,0.038018,-0.039478,-0.610175,0.430239,-0.665267,-0.608927,-0.791868,0.046387,-0.506846,0.433403,0.745162,2.9e-05,0.000315,0.00015,0.00662,-0.081397,0.181324,-0.000672
57,0.156653,0.026389,0.405529,-0.57067,0.493586,-0.656319,-0.697557,-0.713064,0.070184,-0.432652,0.497254,0.752049,-7.9e-05,-0.000845,-0.000406,0.0,0.0,0.0,0.161005,-0.195843,0.044823,0.352992,0.639479,0.543465,0.543787,-0.744167,0.614949,0.260746,-0.193485,-0.57209,0.796956,-0.008793,-0.020011,0.048185,0.136052,-0.748632,-0.431155,0.423936,-0.004707,0.041145,-0.006585,-0.536017,-0.633185,0.558355,0.831547,-0.510116,0.219798,0.145653,0.582114,0.799954,-0.004418,-0.009862,0.024184,0.087085,-0.718363,-0.404202,0.408265,0.11553,0.038012,-0.039487,-0.609758,0.43053,-0.66546,-0.609206,-0.791675,0.046025,-0.507013,0.433467,0.745012,-5e-05,-0.000514,-0.000249,8e-06,-2.8e-05,-2.9e-05,0.009125
58,0.156662,0.026396,0.405521,-0.570636,0.493602,-0.656337,-0.697566,-0.71306,0.07014,-0.432683,0.497245,0.752038,-1e-06,-1e-05,-5e-06,0.0,0.0,0.0,0.169683,-0.195967,0.044502,0.35396,0.631034,0.561149,0.53563,-0.755487,0.601065,0.260563,-0.176513,-0.569789,0.802525,0.003681,-0.016488,0.04952,0.306221,-0.667617,-0.250509,0.418826,-0.00477,0.040986,-0.006122,-0.52564,-0.649209,0.549753,0.840802,-0.494789,0.219622,0.129432,0.577676,0.805938,-0.004294,-0.008046,0.025308,-0.113324,-0.146993,-0.254388,0.394222,0.115535,0.038013,-0.039492,-0.609726,0.43055,-0.665477,-0.609214,-0.791671,0.045981,-0.507042,0.433454,0.745,-2e-06,-1.9e-05,-1e-05,1.4e-05,-4e-06,-2.1e-05,0.015494
59,0.156664,0.026404,0.405536,-0.570129,0.493882,-0.656566,-0.697892,-0.712776,0.06977,-0.432824,0.497373,0.751871,7e-06,7.7e-05,3.7e-05,0.0,0.0,0.0,0.190299,-0.195885,0.043928,0.355937,0.614388,0.591288,0.522396,-0.774572,0.577751,0.257248,-0.150466,-0.563424,0.812266,0.003781,-0.014924,0.050419,0.122981,-0.311604,-0.213832,0.419102,-0.004729,0.040703,-0.005131,-0.505046,-0.677734,0.53442,0.856662,-0.469069,0.214717,0.105159,0.56626,0.81749,0.001866,-0.007358,0.025274,0.221626,-0.414245,-0.274713,0.382955,0.115535,0.038017,-0.039484,-0.60925,0.430891,-0.665691,-0.609564,-0.791423,0.045606,-0.507193,0.433567,0.744831,4e-06,3.9e-05,1.8e-05,0.006606,-0.081408,0.181315,0.038844
60,0.156684,0.026419,0.405553,-0.569564,0.494192,-0.656824,-0.698255,-0.712461,0.069357,-0.432984,0.497516,0.751685,6.2e-05,0.00067,0.000322,0.0,0.0,0.0,0.188451,-0.19568,0.043182,0.357887,0.606658,0.607758,0.512433,-0.782044,0.571674,0.248051,-0.142939,-0.55199,0.821425,0.003523,-0.018795,0.048029,0.094356,-0.277177,-0.187841,0.405497,-0.004626,0.040338,-0.004151,-0.495436,-0.693078,0.523627,0.862894,-0.461929,0.205024,0.099781,0.553411,0.826909,0.0078,-0.009969,0.023248,0.150397,-0.340184,-0.222541,0.37871,0.115546,0.038024,-0.039476,-0.60872,0.431269,-0.665932,-0.609951,-0.791149,0.045187,-0.507364,0.433692,0.744642,4e-05,0.00042,0.000202,2.2e-05,7e-06,-2.3e-05,0.053214
61,0.156733,0.026464,0.405573,-0.569235,0.494368,-0.656976,-0.698458,-0.712288,0.069107,-0.43309,0.49759,0.751575,0.000226,0.002434,0.001168,0.000954,-0.011796,0.026278,0.180084,-0.195456,0.042456,0.359724,0.601363,0.620647,0.503141,-0.787785,0.565288,0.244494,-0.133418,-0.544176,0.828212,0.003536,-0.018558,0.048158,0.05973,-0.235753,-0.15776,0.343217,-0.004516,0.039978,-0.003253,-0.489001,-0.704586,0.514232,0.867459,-0.454721,0.201848,0.091613,0.54478,0.833559,0.001455,-0.004467,0.019551,0.243521,-0.392166,-0.256949,0.328416,0.11557,0.038043,-0.039467,-0.608411,0.431485,-0.666075,-0.610167,-0.790997,0.044933,-0.507475,0.433755,0.74453,0.000113,0.001222,0.000587,0.000966,-0.011794,0.026241,0.046519
62,0.156728,0.026496,0.4056,-0.569181,0.4944,-0.656999,-0.698503,-0.712245,0.069084,-0.433087,0.497619,0.751557,0.000233,0.002516,0.001206,0.0,0.0,0.0,0.180304,-0.195302,0.042221,0.360555,0.600117,0.624185,0.500244,-0.789012,0.564449,0.24247,-0.131757,-0.540992,0.830561,0.003637,-0.016932,0.049114,-0.043853,-0.110695,-0.072937,0.313746,-0.004437,0.039843,-0.002804,-0.48696,-0.708662,0.510555,0.868713,-0.453593,0.198969,0.090582,0.540416,0.836507,0.001792,-0.008403,0.024591,-0.092346,-0.063139,-0.050903,0.287267,0.115567,0.038059,-0.039454,-0.608361,0.431524,-0.666095,-0.610217,-0.79096,0.04491,-0.507475,0.433784,0.744512,0.000138,0.001496,0.000718,0.000955,-0.011806,0.026233,0.044723
63,0.156717,0.026569,0.405646,-0.568938,0.494536,-0.657107,-0.698666,-0.712101,0.068916,-0.433144,0.497689,0.751478,0.00015,0.001617,0.000774,0.0,0.0,0.0,0.179991,-0.195051,0.042046,0.362161,0.597936,0.633481,0.491086,-0.791492,0.563014,0.237672,-0.126666,-0.531599,0.837389,0.002715,0.005856,0.032991,0.041258,-0.138446,-0.074254,0.307069,-0.004311,0.039759,-0.001999,-0.483977,-0.71737,0.501144,0.870731,-0.451803,0.194163,0.087131,0.530333,0.843299,0.001337,0.003017,0.016544,-0.000871,-0.095121,-0.056348,0.242035,0.115562,0.038099,-0.039429,-0.608133,0.431689,-0.666196,-0.610392,-0.790834,0.044739,-0.507537,0.433848,0.744432,9.1e-05,0.00097,0.000463,2e-05,1.2e-05,-3.6e-05,0.04358
64,0.15676,0.026653,0.405664,-0.568428,0.494808,-0.657344,-0.698956,-0.711857,0.068489,-0.433345,0.497767,0.75131,0.000125,0.001353,0.000648,0.0,0.0,0.0,0.182768,-0.194971,0.042242,0.363371,0.605208,0.642668,0.46978,-0.788743,0.563549,0.245419,-0.10777,-0.519872,0.847338,-0.010158,0.013255,0.023317,-1.292157,-2.130868,1.256044,0.356185,-0.004267,0.039857,-0.001399,-0.489578,-0.726529,0.482149,0.86893,-0.452552,0.200389,0.072609,0.517061,0.852863,0.000982,0.006681,0.011271,0.076685,-0.152896,-0.036008,0.266366,0.115584,0.038142,-0.03942,-0.607653,0.432023,-0.666417,-0.6107,-0.790621,0.044307,-0.507742,0.433904,0.74426,7.4e-05,0.0008,0.000382,1.1e-05,-2e-06,-4.9e-05,0.044396
65,0.156789,0.026667,0.405669,-0.570068,0.494352,-0.656265,-0.698894,-0.711681,0.070922,-0.431288,0.498472,0.752026,4.1e-05,0.000447,0.000214,-1.769338,1.310636,-1.667286,0.185349,-0.194972,0.04253,0.363774,0.610474,0.645464,0.459008,-0.786025,0.564531,0.251799,-0.097354,-0.51532,0.85137,0.001936,0.012298,0.021863,-1.369727,-2.055826,1.339945,0.383571,-0.004272,0.040001,-0.001198,-0.494748,-0.730034,0.471457,0.866743,-0.453899,0.206715,0.063085,0.510904,0.857318,0.000721,0.011811,0.006889,0.001781,-0.034545,0.060606,0.296738,0.115598,0.03815,-0.039417,-0.608711,0.431604,-0.665723,-0.610754,-0.790484,0.04596,-0.506408,0.43457,0.744781,2.3e-05,0.000164,7.1e-05,-1.768088,1.310815,-1.66898,0.046192
