frame,MLTx,MLTy,MLTz,MLTR1,MLTR2,MLTR3,MLTR4,MLTR5,MLTR6,MLTR7,MLTR8,MLTR9,MLTTVx,MLTTVy,MLTTVz,MLTRVx,MLTRVy,MLTRVz,MLGA,MRTx,MRTy,MRTz,MRTR1,MRTR2,MRTR3,MRTR4,MRTR5,MRTR6,MRTR7,MRTR8,MRTR9,MRTTVx,MRTTVy,MRTTVz,MRTRVx,MRTRVy,MRTRVz,MRGA,SLTx,SLTy,SLTz,SLTR1,SLTR2,SLTR3,SLTR4,SLTR5,SLTR6,SLTR7,SLTR8,SLTR9,SLTTVx,SLTTVy,SLTTVz,SLTRVx,SLTRVy,SLTRVz,SLGA,SRTx,SRTy,SRTz,SRTR1,SRTR2,SRTR3,SRTR4,SRTR5,SRTR6,SRTR7,SRTR8,SRTR9,SRTTVx,SRTTVy,SRTTVz,SRTRVx,SRTRVy,SRTRVz,SRGA
2556,0.185429,-0.00132,0.294248,-0.952252,0.29298,-0.086162,-0.303361,-0.874585,0.378212,0.036635,0.385923,0.921818,-0.027755,-0.023938,0.035721,0.407049,-0.438765,0.043279,-1.847842,-0.22401,0.05057,0.316031,-0.998494,0.011434,0.053566,0.041458,-0.478476,0.877084,0.036921,0.87795,0.477183,0.076263,-0.035692,0.01706,0.496619,-0.080226,0.159268,-0.939324,0.015705,0.068587,-0.011914,0.990433,-0.131493,0.041843,0.026606,0.47952,0.877127,-0.135401,-0.867622,0.478431,0.031913,-0.016792,0.009646,0.630332,1.309057,-0.072459,-0.975786,0.091563,0.041562,-0.070935,0.965498,-0.26002,-0.014192,0.24494,0.8883,0.388493,-0.08841,-0.378566,0.921341,-0.013889,-0.011476,0.018418,1.619395,-1.966419,0.91343,-1.024341
2557,0.183977,-0.002506,0.296049,-0.948276,0.295063,-0.117283,-0.317553,-0.883039,0.345507,-0.000442,0.364507,0.931215,-0.041872,-0.030369,0.04942,0.676417,-0.014242,0.098972,-1.791154,-0.220738,0.048898,0.316921,-0.994576,0.04517,0.093647,0.058476,-0.500539,0.863699,0.087143,0.864415,0.495033,0.102208,-0.046454,0.023529,1.485815,4.367244,1.95349,-0.925284,0.017297,0.067769,-0.011482,0.983773,-0.16099,0.079201,0.012225,0.50056,0.865615,-0.179001,-0.8506,0.494405,0.044757,-0.022905,0.01229,0.847532,0.938402,0.161723,-0.991135,0.090858,0.040984,-0.070064,0.964327,-0.260832,-0.045159,0.259331,0.896645,0.358851,-0.053108,-0.357761,0.932301,-0.020954,-0.014837,0.025117,0.786011,-0.067544,0.399149,-0.982702
2558,0.182023,-0.004236,0.298559,-0.943199,0.293674,-0.15549,-0.328344,-0.895819,0.299451,-0.050179,0.333125,0.941561,-0.055371,-0.058978,0.079185,0.415889,-0.064798,-0.265604,-1.765169,-0.217005,0.046939,0.317924,-0.986212,0.080765,0.144414,0.078594,-0.538696,0.838787,0.146783,0.838452,0.524706,0.102654,-0.046255,0.023551,1.22114,1.867557,-1.399889,-0.881959,0.019198,0.066774,-0.010969,0.971259,-0.199058,0.130505,-0.001633,0.542701,0.839924,-0.238019,-0.815997,0.526778,0.051266,-0.0294,0.015098,2.212632,4.272156,2.269585,-0.990808,0.089851,0.040091,-0.068771,0.961565,-0.26131,-0.084307,0.274537,0.910028,0.310607,-0.004443,-0.321814,0.946791,-0.027712,-0.029216,0.039938,0.410575,-0.107555,-0.247038,-0.974537
2559,0.179526,-0.006888,0.301897,-0.937721,0.297645,-0.179253,-0.336508,-0.906547,0.254769,-0.085507,0.298847,0.950477,-0.069597,-0.081448,0.095485,0.671127,0.412658,-0.288348,-1.730666,-0.212696,0.044442,0.319069,-0.973582,0.112716,0.198558,0.09583,-0.587131,0.803758,0.2084,0.801394,0.560535,0.11565,-0.0748,0.032963,1.386475,1.840732,-1.194012,-0.744055,0.021348,0.065544,-0.010394,0.955697,-0.228803,0.185179,-0.01396,0.593172,0.804954,-0.294019,-0.771878,0.563699,0.05779,-0.037575,0.01639,2.480251,3.755195,2.535467,-0.937576,0.088603,0.038772,-0.067094,0.958149,-0.264582,-0.109294,0.284709,0.920524,0.267534,0.029823,-0.287455,0.957329,-0.034848,-0.040691,0.047834,0.814945,0.497839,-0.277658,-0.964086
2560,0.178177,-0.008531,0.303822,-0.932867,0.300381,-0.198937,-0.341647,-0.912865,0.223445,-0.113326,0.276031,0.954459,-0.069754,-0.080166,0.096817,2.167637,-1.845933,0.399438,-1.72801,-0.210489,0.042844,0.319637,-0.96492,0.123117,0.231869,0.109496,-0.613581,0.781961,0.239755,0.779749,0.57825,0.115415,-0.094332,0.033899,2.374342,5.487911,0.255293,-0.657304,0.022453,0.064763,-0.010102,0.947512,-0.234166,0.217684,-0.02659,0.620787,0.783527,-0.318611,-0.74819,0.581977,0.057557,-0.04144,0.013161,1.380059,0.518161,-2.360746,-0.888425,0.087955,0.037981,-0.066168,0.954961,-0.268602,-0.126099,0.291943,0.926517,0.237348,0.053081,-0.263472,0.963204,-0.034801,-0.045918,0.052229,1.799822,-1.305835,0.238596,-0.965556
2561,0.175285,-0.012186,0.308151,-0.919552,0.321239,-0.226436,-0.358945,-0.921098,0.150696,-0.159019,0.219446,0.962592,-0.069588,-0.099482,0.116138,2.393122,-1.476508,0.207155,-1.724362,-0.206104,0.038769,0.320491,-0.946534,0.136457,0.292307,0.129545,-0.668748,0.73207,0.296563,0.730613,0.614913,0.101895,-0.114545,0.018379,1.864442,0.771722,0.031006,-0.593783,0.024653,0.062749,-0.009656,0.926797,-0.249129,0.281034,-0.040306,0.678004,0.733951,-0.373391,-0.691552,0.618331,0.057239,-0.058639,0.007727,2.681559,3.850837,2.404273,-0.819027,0.086509,0.036161,-0.06401,0.94454,-0.289661,-0.154721,0.313904,0.934782,0.166268,0.09647,-0.205614,0.973866,-0.042184,-0.049649,0.058439,2.169397,-0.755894,0.084897,-0.974047
2562,0.17226,-0.016478,0.312885,-0.906041,0.350498,-0.237247,-0.378999,-0.921381,0.085956,-0.187344,0.167354,0.967947,-0.070179,-0.114222,0.120545,2.119302,-0.835808,-0.274096,-1.72181,-0.201777,0.033706,0.32107,-0.933987,0.129828,0.332873,0.146907,-0.709438,0.689238,0.326805,0.692467,0.643079,0.103142,-0.138065,0.015743,1.08738,-0.260112,-1.083715,-0.569633,0.026853,0.060167,-0.009366,0.915459,-0.241516,0.321875,-0.052551,0.721266,0.69066,-0.398963,-0.649186,0.647598,0.05145,-0.069799,0.007169,0.975936,-0.244413,-1.053449,-0.784246,0.084998,0.03403,-0.061634,0.932671,-0.319781,-0.16692,0.339065,0.935095,0.103107,0.123115,-0.152762,0.980563,-0.042409,-0.062596,0.064724,0.900476,0.780081,-0.517666,-0.968985
2563,0.170807,-0.018827,0.315261,-0.898292,0.36808,-0.240069,-0.390969,-0.918805,0.053972,-0.199596,0.141878,0.969567,-0.085432,-0.116738,0.118344,2.429069,-0.827189,0.079191,-1.705657,-0.19967,0.030991,0.321323,-0.928969,0.130198,0.346491,0.148639,-0.725824,0.67158,0.340093,0.675206,0.654444,0.104068,-0.140652,0.01336,1.026032,0.268866,-0.84308,-0.522524,0.027867,0.058857,-0.009249,0.910914,-0.241007,0.334887,-0.052458,0.737424,0.673388,-0.409246,-0.630967,0.659088,0.051929,-0.070966,0.006083,1.583681,0.967808,-0.149925,-0.759262,0.084277,0.03286,-0.060442,0.925913,-0.336936,-0.170755,0.352954,0.93276,0.07335,0.134559,-0.128185,0.982579,-0.035349,-0.06447,0.062613,0.891555,0.498241,-0.278922,-0.967516
2564,0.168114,-0.023795,0.319702,-0.875262,0.41182,-0.253704,-0.423221,-0.905948,-0.010687,-0.233158,0.097501,0.967552,-0.072137,-0.126861,0.107614,0.972256,0.06496,0.522197,-1.598101,-0.195587,0.02536,0.321589,-0.919024,0.115143,0.376998,0.167197,-0.751994,0.637562,0.35806,0.648815,0.671339,0.092192,-0.135786,0.000401,0.550981,-0.029499,-0.919345,-0.34839,0.029872,0.056092,-0.009116,0.903269,-0.225137,0.365263,-0.06772,0.765811,0.63949,-0.423695,-0.602368,0.676487,0.04598,-0.068366,-0.000247,0.786873,-0.179819,-1.042362,-0.642673,0.082926,0.030387,-0.05821,0.90531,-0.382225,-0.185247,0.390376,0.920618,0.00825,0.167388,-0.079784,0.982657,-0.036205,-0.064512,0.052718,2.352492,-1.272671,0.880275,-0.936327
2565,0.165697,-0.028555,0.323405,-0.853667,0.452759,-0.257503,-0.452268,-0.889506,-0.06485,-0.257354,0.060531,0.964434,-0.058669,-0.110448,0.084836,0.486013,0.172462,1.270613,-1.351203,-0.192108,0.019858,0.32152,-0.909095,0.092771,0.406118,0.192533,-0.770727,0.607326,0.370484,0.630184,0.682256,0.093348,-0.129983,-0.013108,0.655463,-0.205983,-0.814316,-0.196578,0.03162,0.053335,-0.009143,0.896246,-0.2021,0.394837,-0.091396,0.786918,0.61025,-0.434036,-0.583022,0.686801,0.040149,-0.070842,-0.002401,0.273688,0.06587,-0.746998,-0.476117,0.081712,0.027995,-0.056356,0.885647,-0.423641,-0.190145,0.423439,0.904866,-0.043761,0.190595,-0.041757,0.980779,-0.021984,-0.056144,0.041351,0.711199,0.319374,1.362301,-0.857621
2566,0.163735,-0.032545,0.326387,-0.827352,0.495408,-0.264773,-0.483197,-0.86799,-0.114396,-0.285468,0.032669,0.957845,-0.02958,-0.090705,0.065182,3.766389,-1.454866,-3.351001,-0.877003,-0.189259,0.014481,0.321075,-0.901676,0.067878,0.427042,0.216586,-0.783668,0.582142,0.3753,0.617303,0.69134,0.067675,-0.136234,-0.018001,0.635498,-0.29442,-0.733147,-0.063485,0.033084,0.050595,-0.009366,0.891971,-0.176295,0.4163,-0.114519,0.802693,0.585294,-0.437346,-0.56974,0.69579,0.026997,-0.068292,-0.008701,0.171263,0.094052,-0.714838,-0.333401,0.080719,0.025987,-0.054863,0.859433,-0.471732,-0.197087,0.463793,0.881595,-0.087664,0.215105,-0.016066,0.976458,-0.022316,-0.045073,0.033038,0.460266,0.087123,1.503062,-0.685186
2567,0.16303,-0.03422,0.327594,-0.820773,0.504101,-0.268811,-0.485774,-0.863406,-0.136105,-0.299687,0.018236,0.953878,-0.029835,-0.080076,0.05638,0.849508,0.11498,0.074573,-0.655213,-0.188044,0.011751,0.320725,-0.897994,0.063023,0.435461,0.222508,-0.788558,0.573237,0.380635,0.611572,0.693514,0.054641,-0.138144,-0.019494,0.111748,0.032987,-0.513142,0.002141,0.033717,0.049177,-0.00955,0.889474,-0.16902,0.424579,-0.120203,0.809838,0.574205,-0.440893,-0.561777,0.700014,0.027284,-0.06945,-0.010129,0.019237,0.073663,-0.485373,-0.261389,0.080367,0.025143,-0.054259,0.854777,-0.477396,-0.203586,0.464244,0.878687,-0.11129,0.232018,0.000614,0.97271,-0.014896,-0.045375,0.032576,1.851522,0.640422,-3.622789,-0.613338
2568,0.162299,-0.036955,0.329265,-0.814871,0.509577,-0.276336,-0.481275,-0.860385,-0.167581,-0.322142,-0.004204,0.946696,-0.000357,-0.062869,0.034001,1.695303,0.606589,-3.785095,-0.33688,-0.186147,0.006557,0.319839,-0.890337,0.045358,0.453027,0.239826,-0.798867,0.551569,0.388037,0.599668,0.699777,0.041383,-0.125212,-0.0265,0.255923,0.047152,-0.761589,0.11664,0.034649,0.046617,-0.009991,0.884058,-0.151769,0.442048,-0.136072,0.821256,0.554095,-0.447129,-0.550003,0.705387,0.013751,-0.062718,-0.012857,0.444428,-0.145063,-0.693018,-0.114428,0.07999,0.02377,-0.053414,0.847613,-0.486798,-0.211137,0.465888,0.873216,-0.142971,0.253966,0.022818,0.966943,-0.007768,-0.031541,0.017011,0.261041,-0.292073,1.606401,-0.506873
2569,0.16228,-0.038686,0.330041,-0.810408,0.515192,-0.279035,-0.485566,-0.857032,-0.172317,-0.326915,-0.004805,0.945056,-0.000504,-0.029275,0.009232,-0.220509,-0.34828,0.95728,-0.096303,-0.184982,0.001695,0.318743,-0.88401,0.030145,0.466486,0.257192,-0.801738,0.539446,0.391364,0.596809,0.700369,0.028057,-0.126002,-0.027842,-0.00954,0.127517,-0.489559,0.199013,0.035236,0.044187,-0.010539,0.879867,-0.135291,0.455553,-0.153296,0.826569,0.541556,-0.449814,-0.546332,0.706532,0.006681,-0.057664,-0.01765,0.049709,0.113696,-0.514128,0.014572,0.079979,0.022886,-0.053022,0.84623,-0.488068,-0.213735,0.465791,0.872426,-0.14802,0.258712,0.025703,0.965611,0.007276,-0.014871,0.004261,-0.736448,0.036044,0.879652,-0.412491
2570,0.16252,-0.039127,0.330129,-0.807965,0.518975,-0.279113,-0.490421,-0.854757,-0.169852,-0.325722,-0.001003,0.945479,0.014595,-0.018307,0.000501,-0.02969,-0.341832,0.688375,0.015775,-0.184672,-0.00064,0.318115,-0.880685,0.025467,0.473007,0.264874,-0.801185,0.536543,0.393728,0.597776,0.698216,0.013487,-0.115125,-0.035957,-0.063848,0.189371,-0.456773,0.246699,0.035402,0.042972,-0.010863,0.877086,-0.130036,0.462394,-0.161393,0.826907,0.53868,-0.452405,-0.547096,0.704282,0.006741,-0.057685,-0.018112,-0.089712,0.205095,-0.446114,0.075316,0.080093,0.022661,-0.052976,0.843844,-0.492015,-0.214119,0.470703,0.870323,-0.144833,0.257612,0.02143,0.96601,0.007296,-0.009013,0.000399,-0.062078,-0.410251,0.85842,-0.319089
2571,0.163367,-0.039443,0.329719,-0.805731,0.521561,-0.280743,-0.493233,-0.853179,-0.16964,-0.327004,0.001132,0.945036,0.029359,0.000293,-0.02031,0.048336,-0.211223,0.405343,0.22836,-0.184551,-0.005166,0.316631,-0.873586,0.019978,0.48625,0.279157,-0.79767,0.534536,0.399635,0.602673,0.690609,-0.015024,-0.117813,-0.038228,-0.163276,0.201479,-0.317662,0.337513,0.035468,0.040756,-0.011589,0.8709,-0.124065,0.475542,-0.175781,0.824967,0.537148,-0.458948,-0.551394,0.696656,-0.000372,-0.058654,-0.019401,-0.162283,0.189894,-0.284941,0.199253,0.08051,0.0225,-0.053168,0.841692,-0.494853,-0.216039,0.473695,0.868763,-0.14444,0.259164,0.019238,0.965641,0.014666,2e-06,-0.010317,0.04979,-0.201211,0.380672,-0.064519
2572,0.164857,-0.039543,0.328783,-0.806538,0.519593,-0.282073,-0.490483,-0.854382,-0.171553,-0.329137,-0.000664,0.944296,0.044118,-0.005614,-0.02698,0.036974,-0.029274,0.056527,0.351209,-0.185009,-0.009504,0.314886,-0.866444,0.014503,0.499056,0.29291,-0.794521,0.53186,0.405303,0.606981,0.683496,-0.03056,-0.108269,-0.048851,-0.128946,0.203558,-0.330235,0.407477,0.035233,0.038543,-0.012476,0.864483,-0.117801,0.488663,-0.190005,0.823443,0.534638,-0.465367,-0.555034,0.68947,-0.015271,-0.054314,-0.024603,-0.127919,0.205077,-0.328501,0.311271,0.08125,0.022459,-0.053626,0.842362,-0.493095,-0.217442,0.471261,0.86972,-0.146626,0.261414,0.02104,0.964996,0.022053,-0.002965,-0.013676,0.044472,-0.122821,0.233905,0.172089
2573,0.165863,-0.039716,0.328214,-0.807537,0.517498,-0.283062,-0.487709,-0.85565,-0.173133,-0.330798,-0.002409,0.943713,0.05908,-0.009437,-0.031465,0.037962,-0.043898,0.086122,0.386298,-0.185455,-0.011697,0.313902,-0.864222,0.012028,0.502959,0.298259,-0.792652,0.531676,0.406142,0.609477,0.680772,-0.031059,-0.11118,-0.052942,-0.130675,0.218261,-0.354975,0.429541,0.035021,0.037492,-0.012944,0.862762,-0.115258,0.492296,-0.195204,0.822246,0.534608,-0.466406,-0.557338,0.686904,-0.008259,-0.055347,-0.026737,-0.125126,0.192561,-0.303243,0.35046,0.081748,0.022376,-0.053907,0.843368,-0.490956,-0.218384,0.468539,0.870884,-0.14843,0.26306,0.022859,0.964508,0.029508,-0.005252,-0.016326,0.042259,-0.12325,0.237552,0.249816
2574,0.168422,-0.040381,0.326834,-0.806364,0.518241,-0.285039,-0.487422,-0.855196,-0.176157,-0.334058,-0.003763,0.942559,0.074197,-0.027602,-0.03147,0.002412,-0.033509,0.071192,0.434103,-0.186875,-0.016155,0.311662,-0.861399,0.007509,0.507865,0.306993,-0.788698,0.532582,0.405624,0.614662,0.676405,-0.047355,-0.10246,-0.065102,-0.096281,0.220591,-0.367329,0.468923,0.034335,0.0353,-0.014041,0.860654,-0.110593,0.497035,-0.204077,0.819382,0.535691,-0.466505,-0.562478,0.682635,-0.023306,-0.056864,-0.028473,-0.130379,0.239693,-0.390122,0.414634,0.083022,0.022051,-0.054595,0.842354,-0.491777,-0.220441,0.468496,0.870381,-0.151486,0.266365,0.024329,0.963564,0.036976,-0.009135,-0.020894,0.04362,-0.137418,0.267174,0.349096
2575,0.171629,-0.041207,0.325043,-0.81259,0.507802,-0.286147,-0.477423,-0.861432,-0.173129,-0.333405,-0.004708,0.942786,0.089404,-0.022104,-0.046978,-0.149476,-0.295814,0.15941,0.458584,-0.188861,-0.020388,0.309251,-0.863184,0.004844,0.504857,0.309684,-0.784477,0.537239,0.399726,0.620071,0.674978,-0.04803,-0.115289,-0.061588,-0.108724,0.024226,-0.046861,0.483871,0.033324,0.033145,-0.015271,0.862507,-0.108008,0.494382,-0.207538,0.815516,0.540241,-0.461528,-0.568565,0.680973,-0.031704,-0.052477,-0.034711,-0.085837,0.153541,-0.258434,0.450558,0.084591,0.021642,-0.055469,0.848367,-0.481357,-0.220378,0.458162,0.876131,-0.149935,0.265252,0.026231,0.963821,0.044686,-0.01133,-0.023838,-0.950196,0.008621,-0.024985,0.402819
2576,0.175207,-0.042043,0.323124,-0.818504,0.500999,-0.281242,-0.472465,-0.865408,-0.166788,-0.325936,-0.004269,0.945396,0.105206,-0.023623,-0.049986,0.021397,-0.047236,0.121232,0.479705,-0.191471,-0.024526,0.306577,-0.864333,0.00316,0.502902,0.311592,-0.78136,0.540668,0.395732,0.624007,0.673703,-0.065006,-0.104099,-0.071766,-0.089683,-0.008999,-0.031153,0.490181,0.032026,0.03107,-0.016605,0.863802,-0.106502,0.492446,-0.20976,0.812647,0.543694,-0.45809,-0.57294,0.679626,-0.039912,-0.05188,-0.035093,-0.124652,-0.14243,0.097923,0.466887,0.086401,0.021212,-0.056449,0.853635,-0.473991,-0.215957,0.452511,0.880188,-0.143185,0.257951,0.024505,0.965846,0.052593,-0.012235,-0.025515,-0.014522,-0.016784,0.116841,0.436457
2577,0.177168,-0.042448,0.322051,-0.821409,0.496331,-0.281049,-0.4692,-0.868101,-0.161942,-0.323338,-0.001777,0.946296,0.090152,-0.024977,-0.05157,-0.263002,-0.486918,-0.161572,0.489213,-0.19297,-0.026528,0.305181,-0.863134,0.002122,0.504963,0.314163,-0.780442,0.540505,0.396316,0.62516,0.672289,-0.08085,-0.103655,-0.071878,-0.07815,0.058403,-0.112074,0.490529,0.031282,0.030069,-0.017304,0.862767,-0.10535,0.494503,-0.212398,0.812044,0.543572,-0.458824,-0.574007,0.678229,-0.040352,-0.051697,-0.035714,-0.075966,0.044816,-0.088286,0.470969,0.087387,0.021011,-0.056985,0.856395,-0.470232,-0.213234,0.449465,0.882207,-0.140327,0.254103,0.024335,0.96687,0.05262,-0.007071,-0.030375,0.07875,-0.073999,0.14502,0.452786
2578,0.181309,-0.043082,0.319625,-0.834942,0.476795,-0.274925,-0.452697,-0.878982,-0.14976,-0.312024,-0.001183,0.950087,0.105564,-0.003264,-0.070411,-0.101173,0.044236,0.118627,0.494259,-0.196263,-0.030305,0.302266,-0.864452,0.000506,0.502707,0.315476,-0.777827,0.543503,0.39237,0.628417,0.671567,-0.098113,-0.088447,-0.077727,-0.058037,0.134136,-0.253427,0.485872,0.029642,0.028168,-0.018766,0.864331,-0.103985,0.492055,-0.213831,0.809569,0.546694,-0.455201,-0.577741,0.6775,-0.041144,-0.050008,-0.035445,-0.091056,0.009788,-0.062049,0.471949,0.089418,0.020687,-0.058172,0.868501,-0.449211,-0.20956,0.431049,0.893178,-0.12817,0.24475,0.020985,0.969358,0.052948,-0.007276,-0.031226,-2.117068,1.56343,-0.266399,0.47336
2579,0.185118,-0.043298,0.317284,-0.850574,0.453047,-0.267054,-0.433768,-0.891444,-0.130938,-0.296331,0.003897,0.955092,0.106242,0.003829,-0.063323,0.072695,-0.024771,-0.038103,0.487843,-0.199588,-0.033579,0.299371,-0.867871,-0.002587,0.496774,0.314572,-0.776618,0.545749,0.385473,0.629908,0.674158,-0.083857,-0.080918,-0.072785,0.365801,-0.327825,-0.307641,0.4789,0.027973,0.026523,-0.020222,0.867423,-0.103272,0.486735,-0.213023,0.806961,0.550849,-0.449664,-0.581505,0.677977,-0.041816,-0.039986,-0.035728,-0.052063,0.111724,-0.206974,0.464764,0.091396,0.020563,-0.059403,0.882849,-0.424716,-0.20048,0.410453,0.905202,-0.110166,0.228265,0.014972,0.973483,0.053151,0.002141,-0.031458,0.117574,0.004576,-0.023559,0.471401
2580,0.188413,-0.04281,0.315019,-0.867212,0.427247,-0.255829,-0.414392,-0.903983,-0.105193,-0.275134,0.014251,0.961314,0.075335,0.024035,-0.060402,0.097264,-0.077477,-0.80544,0.481814,-0.20264,-0.036309,0.296417,-0.87148,-0.000947,0.490421,0.311343,-0.773495,0.552,0.379901,0.633741,0.673728,-0.069775,-0.064904,-0.078632,-0.344751,0.292388,0.208352,0.47509,0.026416,0.025129,-0.021725,0.871611,-0.101878,0.479493,-0.210468,0.805639,0.553759,-0.442714,-0.58358,0.680762,-0.034826,-0.032285,-0.039056,-0.549371,0.418014,0.261149,0.457416,0.093015,0.020792,-0.06052,0.897439,-0.399285,-0.187544,0.389814,0.916814,-0.086572,0.20651,0.004586,0.978433,0.037719,0.01264,-0.02953,0.340478,-0.097766,-1.950842,0.467482
2581,0.189792,-0.042253,0.313944,-0.874207,0.413722,-0.254247,-0.404005,-0.9101,-0.092027,-0.26838,0.021745,0.963082,0.074954,0.040868,-0.06219,-0.031651,-0.209796,-0.311592,0.47099,-0.204051,-0.037538,0.294871,-0.873527,-0.001077,0.486766,0.309545,-0.772772,0.554022,0.376651,0.634624,0.674722,-0.07032,-0.064289,-0.079219,-0.005135,-0.006014,0.004416,0.47467,0.025737,0.024542,-0.022464,0.8732,-0.103519,0.47624,-0.208634,0.803714,0.557238,-0.440446,-0.58594,0.680206,-0.035333,-0.026635,-0.043692,0.053942,-0.023133,0.009749,0.456763,0.093704,0.02106,-0.061061,0.903981,-0.384967,-0.186057,0.377809,0.922923,-0.073973,0.200194,-0.003423,0.97975,0.030012,0.015396,-0.026028,-0.117555,-0.302034,-0.371822,0.458991
2582,0.191795,-0.040539,0.311937,-0.88568,0.384059,-0.260988,-0.381392,-0.922245,-0.063062,-0.263816,0.043201,0.963619,0.04397,0.051743,-0.048106,-0.475694,-0.735923,-0.826035,0.442983,-0.206641,-0.039766,0.291453,-0.879193,0.006951,0.476405,0.303965,-0.761576,0.572312,0.367893,0.647968,0.666825,-0.056969,-0.044334,-0.102327,-0.47023,0.38249,0.413113,0.473292,0.024438,0.023428,-0.024154,0.878167,-0.110341,0.465453,-0.204663,0.792808,0.574079,-0.432359,-0.599399,0.673636,-0.028204,-0.027582,-0.046789,-0.611235,0.441741,0.407296,0.455456,0.094718,0.02191,-0.062074,0.914739,-0.356426,-0.190294,0.353849,0.934041,-0.048543,0.195045,-0.022931,0.980525,0.014315,0.025891,-0.023674,-0.249151,-0.411113,-0.675443,0.42568
2583,0.192721,-0.038283,0.310283,-0.894868,0.352995,-0.273224,-0.358827,-0.932899,-0.030229,-0.264452,0.070544,0.96183,0.013005,0.059612,-0.037306,-0.967002,0.027279,-0.907974,0.42289,-0.209102,-0.041329,0.287222,-0.887648,0.041524,0.458638,0.280715,-0.740484,0.610587,0.366075,0.670672,0.64502,-0.058563,-0.034544,-0.115581,-0.805901,0.640992,0.797918,0.465543,0.023207,0.022643,-0.026264,0.882226,-0.145448,0.447797,-0.184129,0.768757,0.612461,-0.433328,-0.622781,0.651436,-0.029454,-0.011947,-0.062117,-0.899052,0.735007,0.938367,0.449578,0.095197,0.023061,-0.062915,0.923677,-0.323782,-0.204901,0.327648,0.944668,-0.015745,0.198662,-0.052592,0.978655,0.006541,0.030273,-0.018128,-1.038549,0.068414,-0.928403,0.394491
2584,0.192869,-0.037045,0.30957,-0.898131,0.333821,-0.286302,-0.345032,-0.938498,-0.012085,-0.271614,0.087507,0.958434,-0.002402,0.061924,-0.033796,-0.666598,-0.901619,-1.006223,0.399313,-0.210238,-0.041702,0.284801,-0.888551,0.068739,0.45359,0.267918,-0.724611,0.634896,0.373427,0.685566,0.624832,-0.05932,-0.009252,-0.129451,-1.124419,0.859446,1.219316,0.453896,0.022616,0.022438,-0.027526,0.87988,-0.172567,0.442752,-0.173036,0.751409,0.636743,-0.442569,-0.63687,0.63129,-0.029606,-0.004603,-0.06462,-1.086043,0.855637,1.214446,0.44027,0.095272,0.023683,-0.063268,0.927278,-0.305436,-0.216479,0.312928,0.949776,0.000345,0.205502,-0.068062,0.976286,-0.001163,0.031364,-0.016443,-0.626356,-0.862529,-1.000853,0.373426
2585,0.192546,-0.034427,0.308453,-0.907139,0.290315,-0.304733,-0.314169,-0.948842,0.031107,-0.278987,0.123588,0.952323,-0.017695,0.068672,-0.025152,-0.817482,-0.810517,-1.24195,0.340936,-0.212004,-0.041031,0.279356,-0.882413,0.124154,0.453789,0.249649,-0.693752,0.675514,0.399785,0.709202,0.580575,-0.044173,0.043489,-0.154174,-0.896702,0.649661,1.243827,0.442576,0.021732,0.022766,-0.030257,0.866715,-0.228332,0.443472,-0.158068,0.717524,0.67836,-0.473094,-0.658044,0.585798,-0.02199,0.021949,-0.076712,-0.923716,0.660428,1.275423,0.419042,0.095117,0.024967,-0.063817,0.935982,-0.262716,-0.234342,0.279384,0.959328,0.040404,0.214196,-0.103289,0.971313,-0.008822,0.034602,-0.012266,-0.735175,-0.509307,-0.962867,0.304681
2586,0.19149,-0.031812,0.307782,-0.909226,0.261724,-0.323812,-0.298029,-0.952184,0.067054,-0.289651,0.157141,0.944159,-0.032289,0.061956,-0.011182,-0.695852,-0.739852,-1.000119,0.305905,-0.2135,-0.039106,0.273046,-0.869832,0.185429,0.457164,0.238453,-0.652988,0.718805,0.432893,0.734006,0.523165,-0.029303,0.052482,-0.16902,-1.299642,1.090258,1.157137,0.443694,0.020995,0.02372,-0.033332,0.847562,-0.285914,0.447091,-0.151331,0.677274,0.719998,-0.508661,-0.677903,0.530765,-0.02249,0.026682,-0.083454,-1.111511,0.838742,1.229704,0.41496,0.094583,0.026305,-0.064157,0.938591,-0.232902,-0.254561,0.259546,0.962722,0.076163,0.227334,-0.137556,0.964051,-0.016127,0.031266,-0.005246,-0.600882,-0.640727,-0.981695,0.236426
2587,0.19076,-0.030575,0.307618,-0.90798,0.25624,-0.331599,-0.299269,-0.950369,0.084906,-0.292259,0.176006,0.940018,-0.032143,0.063225,-0.009836,-0.728161,-0.403221,-0.598742,0.298488,-0.214115,-0.037954,0.269574,-0.862429,0.218604,0.45653,0.234023,-0.627315,0.742726,0.449824,0.747098,0.489249,-0.029577,0.065153,-0.17658,-1.486533,1.415279,0.981004,0.445133,0.020698,0.02427,-0.035004,0.836963,-0.31652,0.446437,-0.149427,0.652596,0.742824,-0.526462,-0.688427,0.498903,-0.01459,0.026716,-0.084475,-1.685069,1.545518,1.054138,0.41447,0.094247,0.026882,-0.064233,0.937813,-0.227171,-0.262483,0.258963,0.961381,0.093189,0.231177,-0.155367,0.960425,-0.023624,0.031798,-0.004317,-2.175487,0.149232,4.40773,0.216831
2588,0.189086,-0.028472,0.30764,-0.906827,0.244495,-0.343411,-0.297643,-0.94822,0.110721,-0.297433,0.202308,0.933077,-0.04652,0.054717,0.001811,-0.310169,-0.176411,-0.717341,0.285503,-0.21491,-0.035799,0.262991,-0.849042,0.263614,0.45785,0.247042,-0.567716,0.78524,0.467985,0.779462,0.416284,-0.012934,0.04431,-0.161644,-1.614362,1.440222,0.984818,0.469596,0.020288,0.025352,-0.038304,0.818324,-0.360202,0.447883,-0.168373,0.594833,0.786017,-0.549541,-0.718629,0.426119,-0.014483,0.028234,-0.083766,-1.950014,1.295567,0.726107,0.42933,0.093416,0.027937,-0.064226,0.936812,-0.215886,-0.275272,0.256302,0.959111,0.12006,0.238097,-0.183026,0.953839,-0.023049,0.0218,0.005051,-0.564834,-0.379289,-0.80569,0.19397
2589,0.187236,-0.026631,0.308048,-0.90155,0.234968,-0.363379,-0.294089,-0.948691,0.116051,-0.316348,0.211193,0.92485,-0.060774,0.046676,0.013806,-0.382067,-0.386845,-0.620934,0.260901,-0.215256,-0.034185,0.256788,-0.828285,0.321175,0.45911,0.264866,-0.497401,0.826058,0.4947,0.805391,0.326315,-0.012734,0.033952,-0.155431,-2.427328,2.949275,-1.200021,0.50106,0.02011,0.026184,-0.04147,0.791904,-0.415886,0.447131,-0.191713,0.525879,0.828671,-0.57977,-0.741949,0.336715,0.00163,0.016287,-0.078994,-1.727452,1.599181,1.135732,0.470969,0.092479,0.028881,-0.064026,0.932943,-0.207093,-0.294498,0.252127,0.959739,0.123822,0.256999,-0.189769,0.947596,-0.022657,0.018231,0.011229,0.125914,-0.185313,-0.120866,0.163598
2590,0.185077,-0.025009,0.308876,-0.895342,0.23729,-0.376965,-0.296677,-0.948929,0.107179,-0.33117,0.207497,0.920488,-0.059882,0.039022,0.02539,1.447259,-1.812567,1.010436,0.239813,-0.215137,-0.033181,0.251135,-0.795069,0.390131,0.464387,0.28821,-0.430464,0.855318,0.534573,0.813366,0.229198,0.004892,0.017137,-0.13351,-1.951208,1.966503,0.189695,0.512118,0.020164,0.026691,-0.044367,0.748661,-0.482307,0.454846,-0.224653,0.46093,0.85853,-0.623728,-0.744931,0.236728,0.00256,0.008781,-0.066367,-1.859404,1.948704,0.076367,0.499545,0.091399,0.029694,-0.063617,0.9286,-0.207477,-0.307657,0.253794,0.959952,0.118655,0.270718,-0.188265,0.944069,-0.029953,0.019465,0.012683,-0.596455,0.319588,1.34556,0.135186
2591,0.183892,-0.024321,0.309491,-0.894694,0.239916,-0.376841,-0.29916,-0.948235,0.106429,-0.33069,0.207652,0.920626,-0.059269,0.029078,0.034612,-0.006567,0.101737,-0.189939,0.202169,-0.214917,-0.032885,0.248674,-0.776729,0.421791,0.467735,0.303712,-0.399553,0.864899,0.552652,0.813296,0.181628,0.022023,0.009465,-0.121182,-1.823941,1.833602,0.585097,0.514341,0.020265,0.026832,-0.045559,0.727494,-0.510074,0.458885,-0.242954,0.433971,0.867549,-0.641658,-0.742625,0.191787,0.003087,0.005232,-0.059459,-1.714092,1.888752,-0.195019,0.506076,0.090829,0.030033,-0.063325,0.927136,-0.211365,-0.309422,0.257378,0.959338,0.115872,0.272349,-0.187067,0.943838,-0.029846,0.019907,0.013031,0.030411,0.1181,-0.190954,0.112652
2592,0.181602,-0.023208,0.310946,-0.890442,0.253991,-0.377686,-0.314036,-0.943489,0.105749,-0.328379,0.212448,0.920359,-0.05843,0.021647,0.046267,-0.036359,0.011335,-0.038195,0.149128,-0.214215,-0.032916,0.244705,-0.74298,0.471066,0.475468,0.332177,-0.357002,0.873008,0.581903,0.805951,0.108147,0.00856,-0.015125,-0.082571,-0.980707,1.345461,-0.091522,0.499532,0.020625,0.026816,-0.047597,0.686533,-0.558031,0.466126,-0.276807,0.392212,0.877238,-0.672346,-0.73128,0.1148,0.004427,-0.007145,-0.040568,-0.908251,1.304476,-0.124276,0.5033,0.089661,0.030601,-0.06259,0.923541,-0.225595,-0.310124,0.272379,0.95513,0.116344,0.269962,-0.19192,0.943549,-0.029399,0.016713,0.019425,-0.0005,0.000327,-0.015893,0.019576
2593,0.179138,-0.022072,0.312729,-0.887421,0.260064,-0.380652,-0.320677,-0.941416,0.104277,-0.330133,0.214274,0.919307,-0.058127,0.037277,0.042187,0.013264,-0.031837,0.012613,0.143225,-0.213176,-0.033613,0.242086,-0.713411,0.503488,0.487377,0.355623,-0.338965,0.870958,0.604598,0.794017,0.062135,0.027426,-0.014783,-0.055692,-0.31976,0.762681,-0.444254,0.460972,0.021123,0.026477,-0.048878,0.65411,-0.58656,0.477583,-0.301168,0.377223,0.875785,-0.693857,-0.716693,0.070092,0.013917,-0.0132,-0.024103,-0.419675,0.858764,-0.437543,0.466397,0.088408,0.031177,-0.061683,0.920919,-0.231893,-0.31326,0.279274,0.953257,0.11535,0.271869,-0.193714,0.942634,-0.029088,0.018814,0.021322,0.009429,-0.027326,0.012793,-0.016838
2594,0.177909,-0.021467,0.313663,-0.885619,0.265517,-0.381085,-0.326661,-0.939328,0.104534,-0.32911,0.216726,0.9191,-0.057563,0.027134,0.051051,-0.035554,-0.003121,-0.013391,0.13955,-0.212516,-0.03405,0.241343,-0.702613,0.510169,0.496038,0.364976,-0.33985,0.866734,0.611623,0.789356,0.051938,0.045498,-0.03226,-0.031216,-0.205597,0.495218,-0.380576,0.440258,0.021457,0.026254,-0.049279,0.64215,-0.591896,0.487136,-0.310656,0.380017,0.871251,-0.70081,-0.710806,0.060152,0.014607,-0.009589,-0.017807,-0.161282,0.597078,-0.569141,0.44076,0.087793,0.031481,-0.061213,0.919348,-0.237453,-0.31371,0.285339,0.951368,0.116097,0.270886,-0.196248,0.942393,-0.02881,0.013689,0.0257,-0.036065,-0.002142,-0.012251,-0.019614
2595,0.175539,-0.020105,0.315622,-0.881551,0.277683,-0.381844,-0.33855,-0.935479,0.101167,-0.328021,0.218106,0.919162,-0.057118,0.042441,0.046378,0.045794,0.032886,0.032534,0.101264,-0.210686,-0.035148,0.240658,-0.690943,0.503993,0.518248,0.376909,-0.360405,0.853219,0.617643,0.784201,0.058386,0.047884,-0.033636,-0.005656,0.39321,-0.109431,-0.847879,0.388365,0.022349,0.025721,-0.049624,0.631116,-0.58565,0.508632,-0.320125,0.400622,0.858499,-0.706549,-0.704639,0.065358,0.024046,-0.01634,-0.001991,0.127432,0.108934,-0.635109,0.378546,0.08663,0.032145,-0.060252,0.915808,-0.24985,-0.314434,0.297563,0.947938,0.113436,0.269722,-0.19745,0.942476,-0.028464,0.016025,0.027739,0.002035,0.039637,0.016356,-0.062559
2596,0.173338,-0.018656,0.317661,-0.875945,0.288818,-0.386458,-0.350414,-0.931439,0.098002,-0.330571,0.220899,0.91758,-0.056458,0.044695,0.047779,-0.000707,-0.029318,0.033918,0.100736,-0.208286,-0.03644,0.240851,-0.687383,0.481738,0.543531,0.385943,-0.391501,0.83529,0.616027,0.783307,0.082481,0.066152,-0.037466,0.014968,0.543274,-0.44894,-0.771167,0.299636,0.023592,0.025053,-0.049526,0.630838,-0.561484,0.535516,-0.325657,0.434846,0.839556,-0.704265,-0.704019,0.091466,0.033159,-0.018265,0.008309,0.582761,-0.490454,-0.802479,0.297228,0.085508,0.032888,-0.059213,0.910862,-0.261274,-0.319476,0.309896,0.944228,0.111342,0.272567,-0.200422,0.941029,-0.028263,0.022405,0.023986,-0.002301,-0.028354,0.033156,-0.080848
2597,0.172339,-0.017845,0.318642,-0.874258,0.295656,-0.385104,-0.356586,-0.929311,0.095918,-0.328439,0.220807,0.918368,-0.056119,0.045933,0.048572,0.063547,0.036842,0.068862,0.097123,-0.206922,-0.037178,0.241294,-0.688775,0.462836,0.558,0.389404,-0.412855,0.823316,0.612279,0.783763,0.103409,0.06701,-0.03282,0.02319,0.760757,-0.694737,-0.923084,0.162415,0.024224,0.024712,-0.049326,0.634155,-0.544703,0.548766,-0.326766,0.454435,0.828681,-0.700764,-0.70483,0.110192,0.033588,-0.015854,0.012585,0.716087,-0.648141,-0.886994,0.194681,0.08503,0.033275,-0.058741,0.909378,-0.26811,-0.318037,0.316173,0.942344,0.10964,0.270305,-0.200259,0.941716,-0.020785,0.022626,0.023792,0.068491,0.044033,0.082529,-0.08395
2598,0.170614,-0.015976,0.320615,-0.871479,0.302016,-0.386466,-0.363479,-0.926699,0.095308,-0.328273,0.22315,0.917861,-0.040737,0.050169,0.051473,0.001755,-0.044383,0.059803,0.080418,-0.203927,-0.038021,0.242722,-0.710256,0.418469,0.566049,0.374914,-0.455521,0.807387,0.596587,0.785124,0.16591,0.085163,-0.006902,0.040079,1.281045,-1.449006,-0.0931,0.016501,0.025739,0.024257,-0.048618,0.660768,-0.502131,0.557896,-0.308138,0.496285,0.811634,-0.684423,-0.708212,0.173203,0.042597,-0.00328,0.020318,2.016725,-2.381768,1.424865,-0.062501,0.084161,0.034206,-0.057757,0.906886,-0.274629,-0.319585,0.323277,0.939929,0.109656,0.270272,-0.20276,0.941191,-0.020395,0.025246,0.025943,0.000678,-0.045791,0.058971,-0.103872
2599,0.169288,-0.01393,0.322687,-0.867698,0.309727,-0.388863,-0.371812,-0.923528,0.09393,-0.328958,0.225695,0.916993,-0.025615,0.05302,0.052861,0.003458,-0.073868,0.114093,0.080067,-0.200492,-0.038337,0.244574,-0.758806,0.34717,0.55107,0.353176,-0.491377,0.796084,0.548097,0.798241,0.249527,0.085444,-0.002733,0.046458,1.889697,-2.647498,1.59369,-0.024733,0.027426,0.024115,-0.047692,0.715724,-0.438383,0.543653,-0.284395,0.528027,0.800191,-0.637854,-0.727328,0.253248,0.042769,-0.000867,0.024065,1.106002,-1.528569,-0.819187,-0.18154,0.083502,0.035209,-0.056741,0.903609,-0.282398,-0.322088,0.331694,0.937073,0.108959,0.27105,-0.205291,0.940418,-0.012864,0.026215,0.026193,0.002949,-0.059182,0.088846,-0.113179
2600,0.168485,-0.011918,0.324698,-0.865434,0.312725,-0.3915,-0.375134,-0.922342,0.092366,-0.331139,0.226406,0.916032,-0.025295,0.053674,0.05243,0.002655,-0.059103,0.089356,0.080372,-0.197207,-0.038614,0.247048,-0.779622,0.299278,0.550104,0.349272,-0.521109,0.77871,0.520679,0.79884,0.301018,0.087028,-0.002885,0.07276,0.748779,-1.049967,-0.240663,-0.021698,0.029068,0.023965,-0.046485,0.744249,-0.391382,0.541214,-0.275563,0.558204,0.782606,-0.608406,-0.731593,0.307592,0.043487,-0.001479,0.036295,0.980691,-1.214367,-0.696987,-0.215668,0.083091,0.036238,-0.055712,0.901607,-0.285553,-0.324904,0.335219,0.935973,0.107618,0.273371,-0.205943,0.939603,-0.005468,0.026919,0.026161,0.004623,-0.088582,0.1433,-0.114322
2601,0.168196,-0.010925,0.325731,-0.864384,0.315947,-0.391234,-0.377427,-0.921697,0.089413,-0.331278,0.22455,0.916438,-0.010751,0.041456,0.058758,-0.019774,-0.047861,0.107992,0.080455,-0.195614,-0.038653,0.248598,-0.774787,0.280226,0.566718,0.363697,-0.535455,0.762198,0.517998,0.796284,0.312205,0.087525,0.003601,0.083077,0.084469,0.478626,-2.490805,0.00948,0.029896,0.02394,-0.04569,0.744104,-0.370748,0.555746,-0.286218,0.574744,0.766647,-0.603644,-0.72953,0.321555,0.044054,-0.003629,0.04591,0.603163,-0.848466,-0.381881,-0.203748,0.082941,0.036742,-0.055195,0.900699,-0.288892,-0.324472,0.337705,0.935423,0.104582,0.273306,-0.203773,0.940095,-0.005463,0.026385,0.02538,-0.005818,-0.08067,0.121648,-0.114486
2602,0.167829,-0.008966,0.327791,-0.861677,0.319572,-0.394247,-0.3815,-0.920174,0.087801,-0.333649,0.225658,0.915305,-0.010574,0.042402,0.058628,-0.032023,-0.060985,0.100561,0.080092,-0.192766,-0.038624,0.253091,-0.747618,0.28725,0.598787,0.361899,-0.5796,0.730087,0.557696,0.762149,0.328582,0.058109,0.003837,0.137279,0.0581,0.770565,-2.690238,-0.016619,0.031331,0.023938,-0.04349,0.716695,-0.375362,0.587751,-0.27952,0.617518,0.735214,-0.638918,-0.691212,0.337651,0.037149,0.002539,0.06906,0.661744,-0.766691,-0.391573,-0.181214,0.082757,0.03772,-0.054165,0.898302,-0.292551,-0.327821,0.341952,0.933998,0.103513,0.275901,-0.205085,0.939051,0.001766,0.026766,0.025056,0.004142,-0.089122,0.147975,-0.114649
2603,0.167679,-0.00708,0.329863,-0.860135,0.32453,-0.393565,-0.386013,-0.918447,0.086151,-0.332444,0.225613,0.915755,0.003696,0.04227,0.057176,-0.011386,-0.053895,0.142449,0.077652,-0.190166,-0.037725,0.259465,-0.772041,0.258806,0.580486,0.340152,-0.603079,0.721475,0.537755,0.75412,0.376809,0.075409,0.045498,0.171512,0.766967,-1.003484,-0.333672,-0.038047,0.032624,0.024364,-0.040328,0.742313,-0.350334,0.57117,-0.256986,0.638385,0.725549,-0.618812,-0.685368,0.383851,0.029994,0.018008,0.09194,0.8871,-1.44312,0.086318,-0.219914,0.082677,0.038663,-0.053128,0.896952,-0.297612,-0.326959,0.34657,0.932463,0.101984,0.274526,-0.204789,0.939518,-0.005325,0.026906,0.024839,0.004446,-0.087171,0.152717,-0.116772
2604,0.16769,-0.00536,0.331991,-0.858212,0.328177,-0.394737,-0.390516,-0.916463,0.08697,-0.332157,0.228376,0.915174,0.003512,0.039914,0.054094,-0.031036,-0.075452,0.130258,0.079565,-0.187702,-0.036025,0.267076,-0.829551,0.160292,0.534923,0.339579,-0.615428,0.711244,0.444244,0.771445,0.455393,0.05999,0.052227,0.199647,0.955166,-1.935332,-0.703394,-0.027158,0.033864,0.025227,-0.036507,0.810288,-0.260552,0.524924,-0.254486,0.650419,0.715675,-0.527892,-0.713489,0.46072,0.030237,0.021128,0.104965,0.077978,-2.561871,-1.144083,-0.217791,0.082682,0.039513,-0.05208,0.895243,-0.301181,-0.328372,0.351012,0.930645,0.103386,0.27446,-0.207818,0.938872,0.001704,0.019624,0.026769,-0.032229,-0.061884,0.105057,-0.117425
2605,0.167752,-0.004651,0.332967,-0.857121,0.331465,-0.394359,-0.393029,-0.915619,0.084503,-0.332011,0.227006,0.915567,0.003308,0.03712,0.051203,0.005443,-0.018785,0.129145,0.078404,-0.186587,-0.035115,0.271171,-0.853284,0.099479,0.51186,0.347566,-0.62301,0.700706,0.389662,0.775668,0.496353,0.04445,0.046223,0.21172,1.142114,-3.717556,1.481434,-0.031836,0.034428,0.025693,-0.034449,0.839323,-0.202975,0.504319,-0.263761,0.659134,0.704253,-0.475359,-0.724115,0.499689,0.030037,0.024042,0.106699,0.386353,-2.806262,-1.235646,-0.216158,0.082715,0.039887,-0.051568,0.894236,-0.304635,-0.327931,0.353772,0.929874,0.100887,0.274201,-0.20623,0.939299,0.001637,0.018736,0.025769,-0.005987,-0.044243,0.153788,-0.117098
2606,0.167895,-0.003389,0.334947,-0.854802,0.336395,-0.395216,-0.397649,-0.913842,0.082097,-0.332489,0.22691,0.915418,0.00303,0.033429,0.047245,-0.00906,-0.03465,0.120153,0.078411,-0.184686,-0.03323,0.279315,-0.877115,0.019039,0.479894,0.354023,-0.649307,0.673055,0.325506,0.760203,0.562139,0.02761,0.048393,0.20639,1.306901,-1.794213,-0.084468,-0.097471,0.035387,0.026655,-0.030346,0.873735,-0.125165,0.470021,-0.266308,0.685521,0.677599,-0.407021,-0.717212,0.565631,0.021157,0.029922,0.09876,1.15579,-1.544719,-0.081644,-0.24604,0.082786,0.040519,-0.050576,0.892153,-0.309704,-0.328854,0.358644,0.928231,0.098795,0.274655,-0.206082,0.939198,0.001472,0.016522,0.023458,-0.029488,-0.054073,0.116527,-0.118731
2607,0.168012,-0.002492,0.336801,-0.852941,0.34252,-0.393976,-0.402439,-0.912088,0.078164,-0.331511,0.224788,0.916295,0.002413,0.024339,0.038838,0.052035,0.051542,0.135291,0.081493,-0.183359,-0.031324,0.286967,-0.889691,-0.017579,0.456216,0.346369,-0.676697,0.649649,0.29841,0.736016,0.607531,0.025466,0.051731,0.179514,0.883827,-1.296195,0.209325,-0.190316,0.036043,0.027606,-0.026552,0.89016,-0.089282,0.446814,-0.256674,0.711968,0.65362,-0.376475,-0.696512,0.610849,0.012604,0.025545,0.089478,0.668349,-0.949754,0.136879,-0.336013,0.082844,0.040974,-0.049657,0.890494,-0.315562,-0.327781,0.36352,0.926683,0.095453,0.273628,-0.204155,0.939919,0.001265,0.007057,0.023945,0.055662,0.108634,0.140791,-0.114812
2608,0.168054,-0.002251,0.33761,-0.852143,0.345399,-0.393188,-0.40468,-0.911243,0.076426,-0.330837,0.223806,0.91678,0.002234,0.008808,0.043156,0.029763,0.095636,0.101246,0.079616,-0.182966,-0.030438,0.29015,-0.891448,-0.027473,0.452281,0.346197,-0.684981,0.641002,0.293307,0.728021,0.619531,0.023962,0.054935,0.158069,0.664162,-0.861635,-0.008959,-0.199949,0.036251,0.028076,-0.024874,0.893486,-0.079016,0.442083,-0.255333,0.720427,0.644816,-0.36944,-0.689013,0.623517,0.00451,0.021385,0.083166,0.140592,-0.674486,0.532005,-0.366548,0.082866,0.041107,-0.049235,0.889639,-0.318622,-0.327141,0.366095,0.925832,0.093848,0.272976,-0.203256,0.940303,0.001087,0.004352,0.021536,0.059664,0.022716,0.287043,-0.115139
2609,0.168167,-0.002112,0.339099,-0.850845,0.350762,-0.391248,-0.408851,-0.909622,0.073494,-0.329054,0.222052,0.917847,0.001622,-0.000539,0.034993,0.001274,0.0789,0.058646,0.081171,-0.182744,-0.028909,0.295739,-0.887012,-0.039218,0.460068,0.35542,-0.693744,0.626362,0.295712,0.719148,0.628684,-0.008738,0.04598,0.122944,0.293884,-0.24532,-0.275141,-0.124114,0.036374,0.028854,-0.022055,0.890777,-0.066606,0.449531,-0.263515,0.730204,0.630365,-0.370235,-0.679974,0.632898,0.003485,0.016965,0.064361,0.4739,-0.346656,-0.262611,-0.36018,0.082924,0.04118,-0.048474,0.888382,-0.324197,-0.325071,0.370633,0.924302,0.091082,0.270936,-0.201397,0.941292,0.000755,-0.000765,0.01707,-0.016156,0.06141,0.054495,-0.117425
2610,0.168283,-0.002505,0.340239,-0.849856,0.357468,-0.387307,-0.413322,-0.907968,0.068788,-0.326019,0.218092,0.919877,0.000743,-0.01425,0.023341,0.199486,0.221853,0.331054,0.10492,-0.18294,-0.027626,0.300331,-0.877692,-0.045845,0.477018,0.370608,-0.69571,0.615281,0.304754,0.716862,0.626975,-0.00937,0.034041,0.105662,0.212727,-0.220978,-0.208638,0.05884,0.036279,0.029479,-0.019804,0.882389,-0.059905,0.466689,-0.278284,0.73334,0.620297,-0.379401,-0.677217,0.630421,0.003112,0.010643,0.055357,0.270085,-0.252119,-0.286393,-0.223506,0.082981,0.041001,-0.047916,0.887266,-0.329706,-0.322571,0.375013,0.922804,0.088299,0.268557,-0.199313,0.942417,0.000345,-0.007243,0.011566,0.269193,0.308373,0.387706,-0.094891
