frame,MLTx,MLTy,MLTz,MLTR1,MLTR2,MLTR3,MLTR4,MLTR5,MLTR6,MLTR7,MLTR8,MLTR9,MLTTVx,MLTTVy,MLTTVz,MLTRVx,MLTRVy,MLTRVz,MLGA,MRTx,MRTy,MRTz,MRTR1,MRTR2,MRTR3,MRTR4,MRTR5,MRTR6,MRTR7,MRTR8,MRTR9,MRTTVx,MRTTVy,MRTTVz,MRTRVx,MRTRVy,MRTRVz,MRGA,SLTx,SLTy,SLTz,SLTR1,SLTR2,SLTR3,SLTR4,SLTR5,SLTR6,SLTR7,SLTR8,SLTR9,SLTTVx,SLTTVy,SLTTVz,SLTRVx,SLTRVy,SLTRVz,SLGA,SRTx,SRTy,SRTz,SRTR1,SRTR2,SRTR3,SRTR4,SRTR5,SRTR6,SRTR7,SRTR8,SRTR9,SRTTVx,SRTTVy,SRTTVz,SRTRVx,SRTRVy,SRTRVz,SRGA
86,0.070071,0.039068,0.365747,-0.158313,0.483815,-0.860759,-0.962826,-0.268826,0.025922,-0.218664,0.832264,0.509461,0.011715,-0.004762,-0.003045,0.000765,-7.1e-05,0.004731,-0.033239,-0.137364,0.006182,0.346011,-0.467407,0.462414,0.753456,-0.647745,-0.759104,0.064203,0.602224,-0.458595,0.653361,0.009794,0.030852,-0.028102,0.098122,0.060369,-0.083823,0.03082,0.026218,0.0267,-0.007612,0.571506,-0.423676,0.702764,0.595046,0.80369,0.000615,-0.565066,0.417826,0.711421,-0.001781,0.014285,-0.014278,0.107221,-0.008487,0.034349,-0.093363,0.071688,0.043137,-0.05714,0.006,0.543923,-0.839113,-0.970595,-0.198765,-0.135782,-0.240641,0.815254,0.526736,-2e-05,-5.4e-05,-4e-05,-4.4e-05,-4e-06,3.4e-05,-0.218502
87,0.070429,0.038921,0.36564,-0.157347,0.483676,-0.861014,-0.962955,-0.268437,0.02512,-0.21879,0.83247,0.50907,0.011464,-0.005438,-0.003503,0.000984,-0.014715,0.029553,-0.055546,-0.137441,0.007616,0.344554,-0.46399,0.470033,0.750849,-0.651503,-0.755329,0.070392,0.600805,-0.457086,0.65572,0.00752,0.048523,-0.048132,-1.296191,-1.377765,1.808381,-0.020269,0.02618,0.027414,-0.00833,0.569326,-0.429244,0.701153,0.599283,0.800529,0.003473,-0.562784,0.418212,0.713002,-0.002265,0.018006,-0.019826,-0.049669,0.393189,0.291095,-0.155577,0.071872,0.043061,-0.057195,0.006987,0.54373,-0.83923,-0.970576,-0.198319,-0.136569,-0.240692,0.815491,0.526346,0.005697,-0.002815,-0.001821,0.000955,-0.014719,0.02959,-0.232055
88,0.070665,0.038798,0.365549,-0.159711,0.482676,-0.86114,-0.961413,-0.273947,0.024698,-0.223795,0.831256,0.508877,0.023093,-0.010461,-0.006731,0.130242,-0.018469,-0.041647,-0.066022,-0.137513,0.008519,0.34363,-0.466358,0.472121,0.748067,-0.64507,-0.760116,0.077731,0.605899,-0.446875,0.658067,-0.005928,0.04703,-0.047894,-0.079578,0.114544,0.406213,-0.038406,0.026149,0.027863,-0.008795,0.571625,-0.433158,0.696863,0.593404,0.804791,0.013484,-0.56667,0.405813,0.717077,0.003776,0.024211,-0.024066,-0.504034,-0.12977,0.96323,-0.179091,0.071982,0.043006,-0.057237,0.004655,0.542914,-0.839774,-0.969369,-0.203772,-0.137113,-0.245563,0.81469,0.525336,0.005537,-0.00325,-0.002117,0.434829,-0.032485,-0.225777,-0.23924
89,0.071365,0.038446,0.365202,-0.169344,0.478516,-0.86162,-0.954854,-0.296124,0.023149,-0.243867,0.826048,0.508135,0.023027,-0.003729,-0.017984,1.463961,-0.073787,-0.793633,-0.103352,-0.137744,0.010693,0.341315,-0.468001,0.4861,0.73802,-0.634691,-0.765939,0.102168,0.615526,-0.421188,0.666026,-0.008118,0.064109,-0.068219,0.165949,0.020715,0.366322,-0.06624,0.026036,0.028928,-0.009919,0.572433,-0.446993,0.687399,0.584863,0.810156,0.039771,-0.574677,0.379268,0.72519,-0.004031,0.032081,-0.03408,-0.096164,0.049401,0.296008,-0.212892,0.072325,0.042836,-0.0574,-0.002334,0.540287,-0.841476,-0.965388,-0.22068,-0.139015,-0.260806,0.812027,0.522102,0.010802,-0.007263,-0.004761,0.000756,-0.012742,0.034625,-0.259978
90,0.072204,0.037985,0.364629,-0.176028,0.475158,-0.862139,-0.949562,-0.312801,0.02142,-0.259289,0.821835,0.507329,0.021582,-0.007714,-0.020722,1.464622,-0.05617,-0.817064,-0.147561,-0.138072,0.013061,0.338697,-0.470137,0.503637,0.724785,-0.619142,-0.773378,0.13595,0.629589,-0.385441,0.674475,-0.007961,0.062644,-0.069161,0.066188,0.147027,0.728506,-0.099436,0.02587,0.030128,-0.011253,0.575344,-0.464292,0.673358,0.572236,0.816725,0.074204,-0.584401,0.342627,0.735582,-0.003866,0.030604,-0.035142,-0.067392,0.348332,0.839327,-0.244407,0.072761,0.042599,-0.057697,-0.011625,0.536726,-0.843676,-0.959723,-0.242846,-0.141269,-0.280706,0.808053,0.517931,0.010735,-0.004031,-0.010486,1.48389,-0.081922,-0.82455,-0.291656
91,0.072626,0.03772,0.364288,-0.175132,0.475007,-0.862405,-0.949603,-0.312736,0.020526,-0.259745,0.821947,0.506914,0.021046,-0.009237,-0.021784,0.035246,-0.020605,0.024092,-0.163564,-0.138221,0.014331,0.337285,-0.475147,0.510983,0.716326,-0.608902,-0.778572,0.151654,0.635797,-0.364735,0.680143,-0.007861,0.061693,-0.069803,-1.081299,-0.153826,-0.48588,-0.116502,0.025795,0.030763,-0.011959,0.578823,-0.472249,0.664788,0.564753,0.820233,0.090949,-0.588232,0.322797,0.741474,-0.003859,0.030981,-0.034871,-3.920986,-0.678715,-2.874621,-0.261879,0.072964,0.042469,-0.057859,-0.010987,0.536479,-0.843841,-0.959502,-0.243213,-0.142132,-0.281484,0.808106,0.517426,0.009894,-0.009838,-0.006544,0.000808,-0.014251,0.034844,-0.306026
92,0.073435,0.037179,0.363575,-0.171103,0.472182,-0.864762,-0.947915,-0.318183,0.013759,-0.268451,0.821488,0.503109,0.019782,-0.019851,-0.013238,0.001745,-0.014731,0.034317,-0.175796,-0.138534,0.016813,0.334412,-0.479128,0.524012,0.704158,-0.599358,-0.781344,0.173795,0.641858,-0.339412,0.687518,-0.007565,0.058864,-0.071864,0.051034,0.083868,0.876114,-0.14711,0.025638,0.032007,-0.013393,0.58415,-0.483731,0.651745,0.555741,0.823613,0.11319,-0.59154,0.296082,0.749943,-0.010364,0.028313,-0.036138,0.04219,0.131736,0.861931,-0.294374,0.073374,0.042189,-0.058228,-0.006779,0.533492,-0.845777,-0.957141,-0.248361,-0.148988,-0.289542,0.808518,0.51231,0.009865,-0.010026,-0.006704,-0.000921,-0.012,0.032298,-0.324314
93,0.07404,0.036876,0.3629,-0.169123,0.474287,-0.863999,-0.947812,-0.318609,0.010569,-0.270063,0.820107,0.504497,0.010339,-0.001746,-0.016918,0.035155,-0.018783,0.020381,-0.175571,-0.138788,0.018874,0.331664,-0.473692,0.549499,0.688228,-0.610999,-0.767788,0.192652,0.634866,-0.329921,0.698541,-0.005823,0.044104,-0.066658,0.210147,-0.35419,0.603713,-0.185701,0.02551,0.033045,-0.014768,0.577207,-0.510165,0.637622,0.570357,0.81067,0.132306,-0.5844,0.287305,0.758901,-0.002873,0.022113,-0.03327,0.147789,-0.425498,0.555782,-0.328012,0.07367,0.042032,-0.058563,-0.004803,0.535545,-0.844492,-0.956587,-0.248556,-0.152184,-0.291406,0.8071,0.513489,0.005229,-0.000739,-0.008379,0.031411,-0.031969,0.01154,-0.329866
94,0.074215,0.037021,0.362371,-0.168104,0.476357,-0.863059,-0.94747,-0.3197,0.008029,-0.271894,0.81848,0.506153,-0.000286,0.006236,-0.011612,0.092368,0.149555,0.081857,-0.174273,-0.138892,0.020085,0.329244,-0.47122,0.57218,0.671232,-0.622582,-0.754774,0.206498,0.625371,-0.321292,0.711017,-0.002476,0.015868,-0.055652,0.151615,-0.080513,0.146687,-0.226425,0.025456,0.03367,-0.016,0.574926,-0.533457,0.620389,0.58459,0.798319,0.144704,-0.572462,0.279479,0.770828,-0.001167,0.007686,-0.028026,0.158175,-0.073052,0.139436,-0.368998,0.073761,0.042099,-0.058832,-0.003855,0.537101,-0.843508,-0.955991,-0.249441,-0.154462,-0.293367,0.805792,0.514426,9.6e-05,0.003748,-0.005378,0.114,0.204217,0.151594,-0.330356
95,0.074161,0.037219,0.36216,-0.167455,0.478596,-0.861945,-0.947243,-0.320414,0.006055,-0.27308,0.816892,0.508077,0.000258,0.007728,-0.01058,0.070532,0.091873,0.047784,-0.167659,-0.138894,0.020364,0.328154,-0.470215,0.581015,0.664312,-0.627065,-0.749551,0.211889,0.621634,-0.317646,0.715916,-0.000899,0.002698,-0.049476,0.115398,-0.071794,0.127046,-0.242555,0.025455,0.033807,-0.016527,0.573907,-0.542271,0.613655,0.58984,0.793542,0.149598,-0.568084,0.276103,0.775272,0.005543,0.007897,-0.028595,0.174927,-0.213127,0.36014,-0.386633,0.073734,0.042199,-0.058936,-0.003101,0.539669,-0.84187,-0.955466,-0.250023,-0.156755,-0.295083,0.803893,0.516411,-0.005781,0.006191,-0.003782,0.073309,0.095586,0.043636,-0.329539
96,0.073937,0.037526,0.361855,-0.169337,0.48144,-0.859992,-0.946886,-0.321461,0.006425,-0.273157,0.814804,0.511377,-0.013737,-0.000555,-0.000578,0.003138,0.044244,-0.047624,-0.119201,-0.138989,0.020478,0.326182,-0.473285,0.590319,0.653846,-0.633563,-0.743735,0.213047,0.612646,-0.314145,0.725149,-0.014112,-0.000166,-0.050716,0.207549,-0.202384,-0.00641,-0.26283,0.025414,0.033862,-0.017516,0.576464,-0.551488,0.602951,0.596968,0.7881,0.15009,-0.557959,0.27342,0.783532,-0.000354,0.000733,-0.025373,0.242337,-0.270676,0.016694,-0.414066,0.07363,0.042361,-0.059089,-0.005102,0.542597,-0.839976,-0.955217,-0.251166,-0.156444,-0.29586,0.801562,0.519579,0.000229,0.00412,-0.005108,0.033012,-0.033397,0.003995,-0.309618
97,0.07362,0.037394,0.361665,-0.174608,0.482842,-0.85815,-0.946719,-0.321812,0.011498,-0.270401,0.813834,0.514377,-0.015622,-0.005664,-0.004125,-0.003948,0.033398,-0.059003,-0.100244,-0.139277,0.02048,0.324034,-0.448683,0.612775,0.650524,-0.671766,-0.711257,0.206827,0.58999,-0.344952,0.729919,-0.015091,0.006777,-0.062525,1.225286,0.37411,1.154633,-0.27436,0.02527,0.033862,-0.018584,0.55471,-0.574683,0.601694,0.635227,0.759559,0.139836,-0.537384,0.304644,0.78639,-0.000752,0.00373,-0.031729,3.717171,1.193339,4.032374,-0.431701,0.073474,0.042304,-0.059178,-0.010596,0.54401,-0.839011,-0.955871,-0.251865,-0.151236,-0.293592,0.800385,0.522672,-0.002385,-0.010035,0.001022,-0.040257,0.043476,-0.050927,-0.287737
98,0.073439,0.037186,0.361568,-0.177251,0.483601,-0.85718,-0.946679,-0.321824,0.014131,-0.268814,0.813378,0.515928,-0.016152,-0.007067,-0.005112,-0.002005,0.030681,-0.055698,-0.09097,-0.139466,0.020587,0.322781,-0.426675,0.627715,0.651087,-0.697908,-0.686322,0.204503,0.57576,-0.367913,0.730071,-0.001537,0.006466,-0.064425,1.220034,0.367657,1.193242,-0.274598,0.025171,0.033915,-0.01921,0.533764,-0.591196,0.604634,0.662737,0.736558,0.13513,-0.525236,0.328586,0.784956,-0.007349,0.00195,-0.03263,3.730875,1.197085,3.97677,-0.435784,0.073386,0.042204,-0.059224,-0.01328,0.544892,-0.8384,-0.956238,-0.252018,-0.148644,-0.292287,0.799736,0.524393,-0.008228,-0.003958,-0.002845,-0.007282,0.038324,-0.065474,-0.281205
99,0.073025,0.03668,0.361308,-0.177433,0.486177,-0.855684,-0.946604,-0.322083,0.013225,-0.268959,0.811736,0.518433,-0.017742,-0.011285,-0.008092,0.111854,0.34122,0.097668,-0.075139,-0.139836,0.021059,0.320035,-0.391485,0.649723,0.651607,-0.740094,-0.64304,0.19671,0.547308,-0.406039,0.731744,-0.002975,0.018238,-0.072139,0.203429,0.041118,0.006029,-0.273045,0.024987,0.034142,-0.020584,0.499468,-0.616486,0.608667,0.708253,0.695175,0.122917,-0.498907,0.369697,0.783846,-0.008199,0.008742,-0.035639,0.257319,0.071868,0.08684,-0.438396,0.073171,0.041945,-0.059358,-0.013744,0.546519,-0.837333,-0.956139,-0.252224,-0.14893,-0.292589,0.798561,0.526014,-0.008928,-0.005816,-0.004162,0.144035,0.459744,0.178715,-0.268469
100,0.072429,0.036155,0.36091,-0.17824,0.488745,-0.854051,-0.946358,-0.322826,0.0127,-0.269289,0.809895,0.521134,-0.018776,-0.013923,-0.010012,0.183906,0.527578,0.208594,-0.054499,-0.140089,0.021681,0.317406,-0.336677,0.678354,0.653051,-0.79346,-0.57774,0.191236,0.507444,-0.454619,0.731905,-0.016622,0.018647,-0.070608,0.526582,0.137746,0.366609,-0.259088,0.024865,0.03445,-0.021902,0.447423,-0.648723,0.615606,0.765046,0.634124,0.112201,-0.463158,0.420766,0.780025,-0.001523,0.009801,-0.03561,1.370297,0.376527,1.329769,-0.435784,0.07288,0.041686,-0.059554,-0.014997,0.547616,-0.836594,-0.956006,-0.252998,-0.14847,-0.292962,0.797563,0.527318,-0.009389,-0.006981,-0.005011,-0.001125,-0.060934,0.08965,-0.256712
101,0.071552,0.035479,0.360472,-0.17931,0.491345,-0.852334,-0.946113,-0.323552,0.012458,-0.269438,0.808028,0.523948,-0.02049,-0.018283,-0.013201,0.029861,0.125227,-0.030871,-0.02316,-0.140285,0.022314,0.314606,-0.269049,0.709451,0.65137,-0.850173,-0.492644,0.185583,0.452897,-0.50472,0.73485,0.010536,0.01913,-0.073536,3.880126,1.075674,4.185043,-0.245626,0.024757,0.03477,-0.023297,0.386146,-0.682809,0.62021,0.823878,0.557689,0.101027,-0.414867,0.471966,0.777902,-0.001443,0.008966,-0.036528,0.52578,0.122432,0.400657,-0.416679,0.072435,0.041344,-0.059776,-0.015459,0.552662,-0.833261,-0.95552,-0.253636,-0.150497,-0.294519,0.793872,0.532,-0.010324,-0.00938,-0.006758,0.025635,0.108547,-0.042537,-0.237444
102,0.071012,0.03504,0.360238,-0.177475,0.490698,-0.853091,-0.946105,-0.323641,0.010605,-0.270679,0.808386,0.522754,-0.033953,-0.017504,-0.012997,-0.000614,-0.027621,0.03841,-0.003067,-0.140254,0.022616,0.313154,-0.217928,0.726448,0.651746,-0.884354,-0.429358,0.18304,0.41308,-0.537379,0.735154,0.011946,0.007521,-0.06636,4.095809,1.141157,4.450589,-0.247629,0.024773,0.034917,-0.024,0.337962,-0.703181,0.625552,0.86154,0.498697,0.095126,-0.378853,0.506789,0.77436,0.005341,0.009299,-0.037115,4.13145,1.130785,4.470939,-0.415372,0.072186,0.04114,-0.059882,-0.01355,0.551809,-0.83386,-0.95522,-0.253666,-0.152342,-0.295586,0.794455,0.530536,-0.017827,-0.014572,-0.00255,-0.038606,-0.018554,0.015615,-0.224707
103,0.069987,0.034021,0.359788,-0.167999,0.487915,-0.856598,-0.946317,-0.323194,0.001443,-0.275943,0.81025,0.517087,-0.022634,-0.023469,-0.017164,0.346896,-0.420183,0.47555,0.015984,-0.140082,0.023365,0.310476,-0.071536,0.756159,0.650459,-0.952552,-0.245077,0.180319,0.295861,-0.607631,0.736963,0.00989,0.025961,-0.067824,4.953351,1.283826,5.518284,-0.267638,0.024861,0.035272,-0.025349,0.198425,-0.743486,0.638635,0.942018,0.324571,0.085171,-0.270606,0.584707,0.764781,0.004935,0.013332,-0.033541,1.301052,-0.223447,2.254989,-0.425823,0.07167,0.040637,-0.060109,-0.006359,0.549273,-0.835617,-0.954366,-0.252834,-0.158932,-0.29857,0.796475,0.525816,-0.017593,-0.010177,-0.007594,-0.005042,-0.024544,0.032879,-0.195968
104,0.069039,0.032712,0.359294,-0.158469,0.48561,-0.859719,-0.946898,-0.321414,-0.007074,-0.279572,0.812341,0.511829,-0.025832,-0.03854,-0.012028,-0.033905,-0.022135,0.052535,0.026808,-0.14012,0.024472,0.308139,0.110829,0.754794,0.646524,-0.981513,-0.018731,0.1903,0.15562,-0.656597,0.737919,-0.004556,0.033789,-0.059145,3.973462,1.488606,4.830561,-0.269176,0.024846,0.035826,-0.026552,0.013434,-0.757724,0.652436,0.991298,0.09554,0.090546,-0.130943,0.645543,0.752414,-0.001573,0.011497,-0.025555,1.22114,0.936155,2.03731,-0.434641,0.071188,0.039976,-0.06036,0.005761,0.545643,-0.837996,-0.953169,-0.250407,-0.1696,-0.302381,0.79973,0.518648,-0.013119,-0.019827,-0.006397,-0.036686,-0.004601,0.024596,-0.178006
105,0.068588,0.031926,0.358999,-0.163233,0.481991,-0.860863,-0.941396,-0.337103,-0.0103,-0.294969,0.808132,0.509845,-0.026728,-0.040674,-0.013738,4.735253,0.034985,-2.771948,0.035487,-0.140192,0.025099,0.307118,0.175782,0.743886,0.644768,-0.978549,0.060962,0.196623,0.10675,-0.666422,0.737801,-0.003767,0.028236,-0.046203,0.348487,0.309779,0.599601,-0.274668,0.024812,0.036127,-0.027053,-0.056158,-0.750883,0.658042,0.995139,0.011304,0.097824,-0.080893,0.660337,0.746599,-0.001868,0.01431,-0.022936,3.776999,1.356952,4.949506,-0.436763,0.070963,0.039584,-0.060507,0.003859,0.543177,-0.839609,-0.949839,-0.26057,-0.172939,-0.312713,0.798161,0.514925,-0.007363,-0.022784,-0.008467,0.003469,-0.016706,0.032867,-0.169841
106,0.067813,0.030192,0.358185,-0.208613,0.46001,-0.863085,-0.898408,-0.438809,-0.016788,-0.386201,0.771328,0.505894,-0.01681,-0.050701,-0.021156,6.318709,0.088534,-3.644447,0.072812,-0.140232,0.025961,0.305833,0.238935,0.732892,0.637,-0.968402,0.132211,0.211309,0.070361,-0.668271,0.74049,-0.00167,0.012006,-0.025084,0.128589,0.069097,0.144807,-0.317725,0.02479,0.03658,-0.027716,-0.122399,-0.743767,0.657136,0.991509,-0.062359,0.114101,-0.043886,0.665523,0.745085,0.00514,0.013564,-0.015328,0.423312,-0.0838,0.632278,-0.462237,0.070573,0.038723,-0.060909,-0.041306,0.525187,-0.849983,-0.914092,-0.36333,-0.180073,-0.403397,0.769525,0.495077,-0.007926,-0.020689,-0.015269,5.277442,0.03545,-2.969366,-0.13457
107,0.067292,0.028362,0.356857,-0.280377,0.417873,-0.864185,-0.810504,-0.585363,-0.02015,-0.513941,0.694254,0.503888,-0.005437,-0.050279,-0.037577,1.575859,-0.005973,-0.841378,0.111626,-0.139821,0.026327,0.305073,0.325652,0.721738,0.610767,-0.944941,0.227957,0.234641,0.029724,-0.654447,0.755432,0.014379,-0.007056,-0.008235,3.06107,0.583309,4.815647,-0.331484,0.024989,0.036776,-0.028097,-0.206658,-0.740403,0.639604,0.978404,-0.153635,0.138278,-0.004115,0.654368,0.756164,0.006456,0.002565,-0.007504,-1.037288,-2.1108,1.744437,-0.489996,0.070308,0.037808,-0.061566,-0.117747,0.487525,-0.865132,-0.834013,-0.521441,-0.180334,-0.539033,0.700298,0.468,-0.002961,-0.025839,-0.019258,5.248435,0.191137,-3.146515,-0.080031
108,0.067099,0.027419,0.356034,-0.311819,0.392432,-0.865339,-0.762902,-0.646236,-0.018223,-0.565984,0.653996,0.501974,-0.006881,-0.054035,-0.040798,4.856469,-0.107168,-2.912576,0.134178,-0.139565,0.026235,0.304916,0.370415,0.715223,0.592654,-0.928634,0.273475,0.250566,0.016681,-0.644063,0.764701,0.014187,-0.005077,-0.006385,-1.033488,-2.274228,2.037646,-0.333104,0.025117,0.036728,-0.028177,-0.256308,-0.734876,0.627903,0.966472,-0.205196,0.154357,0.01541,0.646414,0.762831,0.007866,-0.008836,-3.3e-05,0.198329,-0.277339,0.830659,-0.495711,0.070212,0.03734,-0.061975,-0.148698,0.466167,-0.87211,-0.793546,-0.582485,-0.176052,-0.590061,0.665882,0.456539,-0.002711,-0.021626,-0.02464,0.407639,-0.200792,-0.546074,-0.051946
109,0.066705,0.025426,0.35417,-0.348619,0.360686,-0.86511,-0.697532,-0.716317,-0.017622,-0.625623,0.596847,0.502391,-0.007182,-0.047721,-0.053615,0.465242,-0.025179,-0.208454,0.157294,-0.138921,0.025729,0.305039,0.440577,0.693101,0.570521,-0.897394,0.354811,0.262156,-0.021268,-0.628346,0.777555,0.015006,-0.010683,0.006543,3.202632,1.052029,4.763815,-0.346684,0.02544,0.036474,-0.028124,-0.326756,-0.721402,0.61058,0.943764,-0.283503,0.170102,0.050389,0.631826,0.77347,0.008194,-0.010926,0.007106,0.010318,-0.357406,0.472587,-0.504692,0.070015,0.036339,-0.062904,-0.18928,0.435276,-0.880174,-0.730478,-0.661434,-0.170014,-0.656181,0.610768,0.443156,-0.004161,-0.028966,-0.022325,1.443083,0.088939,-0.96197,-0.001489
110,0.066222,0.023363,0.352227,-0.350895,0.356719,-0.865835,-0.68831,-0.725126,-0.019858,-0.634493,0.588547,0.501056,-0.021178,-0.047033,-0.054614,0.032323,0.082612,-0.15878,0.162036,-0.13803,0.025104,0.305665,0.495149,0.67189,0.550802,-0.866606,0.42627,0.259271,-0.061198,-0.606545,0.792604,0.029468,-0.015835,0.018308,1.04518,-0.041193,1.519632,-0.389782,0.02588,0.036166,-0.027813,-0.38747,-0.702775,0.596635,0.916887,-0.361057,0.17016,0.095835,0.612979,0.784264,0.007974,-0.008773,0.009116,3.190887,0.980897,4.535754,-0.54078,0.069777,0.035304,-0.063878,-0.1916,0.431565,-0.881498,-0.721434,-0.670873,-0.171639,-0.665447,0.603058,0.439886,-0.004778,-0.030561,-0.024076,-0.006437,-0.026112,0.052202,0.011411
111,0.065699,0.02147,0.350197,-0.351841,0.361458,-0.863482,-0.687491,-0.725785,-0.023748,-0.634856,0.584828,0.504937,-0.006333,-0.045493,-0.053744,0.052511,0.103264,-0.074709,0.204343,-0.137027,0.024251,0.306492,0.547783,0.647341,0.529976,-0.829776,0.500816,0.246149,-0.106753,-0.575408,0.810785,0.029576,-0.016364,0.017809,0.580627,-0.59163,0.407982,-0.418954,0.026381,0.035746,-0.027393,-0.444754,-0.681079,0.581655,0.883726,-0.439325,0.161307,0.145673,0.585767,0.79728,0.008786,-0.01523,0.012188,1.256416,-0.267515,1.032517,-0.566253,0.069503,0.034329,-0.064922,-0.1927,0.436548,-0.878801,-0.720203,-0.671198,-0.175497,-0.666463,0.599097,0.443744,-0.00309,-0.022637,-0.026772,0.043886,0.073524,-0.094201,0.044396
112,0.065437,0.020695,0.349164,-0.352355,0.363721,-0.862321,-0.686873,-0.726302,-0.025746,-0.635239,0.582777,0.506822,-0.018294,-0.039255,-0.049716,0.039266,-0.019713,0.045305,0.226579,-0.136461,0.023849,0.306872,0.574117,0.63556,0.516183,-0.809052,0.53686,0.23906,-0.12589,-0.555664,0.821738,0.029667,-0.016935,0.017269,3.377046,0.399709,4.519687,-0.450253,0.026664,0.035547,-0.027201,-0.469795,-0.673388,0.570824,0.867442,-0.472134,0.15695,0.163817,0.568891,0.805931,0.021559,-0.00739,0.008809,0.656127,-0.976413,0.178745,-0.58944,0.069378,0.033953,-0.065422,-0.193275,0.438817,-0.877543,-0.719349,-0.671611,-0.177407,-0.667218,0.596972,0.445469,-0.002454,-0.021001,-0.025635,0.030459,0.018507,-0.094464,0.073462
113,0.064853,0.019332,0.347211,-0.353627,0.370766,-0.858793,-0.685644,-0.727227,-0.031698,-0.635857,0.577153,0.512452,-0.016737,-0.035026,-0.046957,0.104455,0.136665,0.172326,0.268394,-0.135047,0.023291,0.307676,0.630258,0.600884,0.491634,-0.758231,0.61227,0.223932,-0.167235,-0.514663,0.840844,0.042706,-0.010504,0.021651,3.16654,0.407803,4.63208,-0.50935,0.027383,0.035256,-0.026798,-0.532966,-0.641772,0.551429,0.819106,-0.554733,0.146062,0.212158,0.529525,0.821334,0.021339,-0.005072,0.010952,3.206624,0.361777,4.601289,-0.645449,0.069085,0.03327,-0.0664,-0.19444,0.445169,-0.87408,-0.717465,-0.672194,-0.182748,-0.668906,0.591589,0.450095,-0.008382,-0.017631,-0.023561,0.122931,0.207805,0.22084,0.134369
114,0.064092,0.017954,0.345587,-0.355253,0.377824,-0.855038,-0.684825,-0.727743,-0.037105,-0.635832,0.571897,0.518342,-0.014606,-0.02936,-0.042792,0.066637,0.127158,-0.031349,0.294936,-0.133749,0.022935,0.308625,0.66307,0.585459,0.466442,-0.726078,0.654368,0.211064,-0.182476,-0.479361,0.858358,0.028678,-0.008082,0.025532,1.066866,-0.297929,1.481599,-0.582931,0.028021,0.03508,-0.026333,-0.568674,-0.629237,0.529783,0.789293,-0.598743,0.136092,0.231571,0.495547,0.837142,0.013524,0.00229,0.009534,2.990473,0.397372,4.772082,-0.710765,0.068703,0.032576,-0.067216,-0.196171,0.452808,-0.869759,-0.715851,-0.672311,-0.188557,-0.67013,0.585628,0.456031,-0.014719,-0.018711,-0.016371,0.030539,0.050633,0.051022,0.176661
115,0.063624,0.017214,0.344956,-0.356788,0.382504,-0.852314,-0.684556,-0.727835,-0.040139,-0.63526,0.568657,0.522591,-0.028176,-0.033864,-0.029995,0.062713,0.258406,-0.051619,0.314996,-0.133119,0.022864,0.309124,0.669488,0.588474,0.453294,-0.720593,0.662462,0.204506,-0.180773,-0.464296,0.866956,0.042096,-0.005477,0.026275,0.318933,-0.681713,0.072964,-0.630681,0.028321,0.035044,-0.026089,-0.577102,-0.631296,0.51809,0.782822,-0.608366,0.130689,0.232685,0.480993,0.845282,0.014236,-0.003381,0.013346,0.543532,-0.911474,-0.13288,-0.747505,0.068474,0.032207,-0.067537,-0.197651,0.457134,-0.867157,-0.715188,-0.672224,-0.19136,-0.670401,0.582358,0.459803,-0.007123,-0.01784,-0.01536,0.075891,0.155628,0.190801,0.199849
116,0.062655,0.015965,0.34414,-0.356606,0.389166,-0.849369,-0.688766,-0.723718,-0.04248,-0.630799,0.569381,0.527186,-0.026044,-0.035401,-0.013861,-0.029764,0.093986,-0.109767,0.344096,-0.131949,0.022774,0.310058,0.692417,0.579927,0.429227,-0.697341,0.690377,0.192432,-0.18559,-0.433293,0.88186,0.042038,-0.005259,0.026405,0.278703,-0.620515,0.122508,-0.699103,0.028915,0.035005,-0.025611,-0.602858,-0.625085,0.495812,0.760574,-0.637976,0.120465,0.241016,0.449726,0.860033,0.013424,0.002696,0.009896,0.388527,-0.709348,0.07694,-0.789144,0.067978,0.031567,-0.06796,-0.19771,0.463732,-0.863632,-0.718618,-0.667779,-0.194056,-0.666706,0.582256,0.465274,-0.012842,-0.017295,-0.006562,-0.037806,0.05722,-0.135828,0.248509
117,0.061514,0.014642,0.343757,-0.359104,0.396343,-0.844986,-0.702331,-0.710967,-0.035065,-0.614216,0.580371,0.534729,-0.039707,-0.039581,-0.000717,-0.083017,0.128878,-0.17482,0.352809,-0.130759,0.023061,0.310744,0.724982,0.553879,0.409404,-0.659808,0.728863,0.182612,-0.198154,-0.40322,0.893315,0.027024,0.003791,0.018275,0.129072,-0.279498,0.157549,-0.718409,0.029516,0.035148,-0.025263,-0.638831,-0.602107,0.478917,0.725296,-0.678952,0.11388,0.256594,0.420107,0.870442,0.019449,0.008814,0.00564,0.175096,-0.272299,0.331378,-0.768733,0.06741,0.030911,-0.068146,-0.200396,0.470563,-0.859308,-0.732395,-0.654519,-0.18762,-0.650721,0.591756,0.475801,-0.019746,-0.019552,-0.000132,-0.081158,0.111079,-0.176256,0.27186
118,0.060326,0.013005,0.343695,-0.362085,0.399893,-0.842036,-0.712666,-0.700982,-0.026513,-0.600412,0.58999,0.539855,-0.026798,-0.050956,0.007966,-0.111113,0.017655,0.033206,0.352681,-0.129756,0.023579,0.311105,0.755548,0.517001,0.402304,-0.619549,0.763307,0.182905,-0.213459,-0.388097,0.896482,0.025812,0.012273,0.007982,2.230931,0.962575,5.035456,-0.734303,0.030017,0.035406,-0.025076,-0.669261,-0.571405,0.474957,0.691998,-0.712131,0.118351,0.270605,0.407877,0.872013,0.012921,0.005998,0.00385,-0.005315,-0.036405,0.088225,-0.774448,0.066836,0.030127,-0.068179,-0.203475,0.474022,-0.856679,-0.743195,-0.644396,-0.180039,-0.637384,0.600046,0.483409,-0.012704,-0.020155,-0.000308,-0.189399,0.136366,-0.118754,0.281821
119,0.059807,0.012233,0.343787,-0.362333,0.400184,-0.841791,-0.713579,-0.700082,-0.025733,-0.599177,0.59086,0.540276,-0.023818,-0.036261,0.002897,-0.06867,0.085603,-0.108098,0.351925,-0.129329,0.023768,0.311223,0.765298,0.50295,0.401688,-0.60515,0.774697,0.183229,-0.219983,-0.383944,0.896693,0.026123,0.009804,0.005686,0.672336,0.256787,1.56865,-0.747402,0.03024,0.035507,-0.025012,-0.683178,-0.554075,0.475676,0.674627,-0.728228,0.120666,0.279543,0.403341,0.871304,0.013086,0.004681,0.002618,0.668443,0.270351,1.590185,-0.7671,0.066564,0.029717,-0.068135,-0.203584,0.474364,-0.856464,-0.744235,-0.643364,-0.179429,-0.636133,0.600883,0.484017,-0.012567,-0.023381,0.005845,-0.100455,0.003787,0.049525,0.28231
120,0.058767,0.010908,0.344241,-0.362889,0.404722,-0.839379,-0.718906,-0.694665,-0.024204,-0.592439,0.594145,0.544091,-0.033497,-0.023387,0.013411,-0.060952,0.107629,-0.100005,0.346377,-0.128558,0.024076,0.311258,0.782645,0.473699,0.403816,-0.576849,0.795576,0.185032,-0.23459,-0.378357,0.895364,0.026866,0.00421,0.000508,0.12369,0.147936,0.573671,-0.798292,0.030615,0.035663,-0.024993,-0.702223,-0.526176,0.479604,0.64828,-0.75103,0.125236,0.294301,0.398862,0.868502,0.006725,0.000957,2.1e-05,0.564636,0.413483,1.624413,-0.771672,0.066046,0.029045,-0.067916,-0.204203,0.479093,-0.85368,-0.749406,-0.63758,-0.178556,-0.629834,0.603292,0.489231,-0.009862,-0.013063,0.005984,-0.06419,0.068185,-0.088811,0.278881
121,0.057825,0.009939,0.344928,-0.363514,0.412515,-0.835305,-0.720059,-0.693283,-0.029081,-0.590655,0.590381,0.550095,-0.031293,-0.01788,0.018356,0.021582,0.305377,0.04795,0.347539,-0.127815,0.024436,0.311099,0.794101,0.454455,0.403566,-0.557046,0.809656,0.184639,-0.243827,-0.372004,0.895558,0.01185,0.013488,-0.0073,0.038581,-0.023767,0.048271,-0.920718,0.030993,0.035833,-0.025075,-0.715375,-0.50725,0.480557,0.629046,-0.766943,0.126877,0.304201,0.393058,0.867736,0.013479,0.001772,-7.2e-05,0.006597,-0.032725,0.056228,-0.773795,0.065564,0.028556,-0.067563,-0.204919,0.486272,-0.849439,-0.74981,-0.635814,-0.183095,-0.62912,0.599399,0.494902,-0.015531,-0.008639,0.009466,0.027699,0.335987,0.065912,0.275452
122,0.057474,0.009541,0.345261,-0.364221,0.417707,-0.832412,-0.720882,-0.692297,-0.03204,-0.589214,0.587878,0.554305,-0.017021,-0.019476,0.01793,0.032877,0.317669,0.092667,0.354945,-0.127436,0.024602,0.31108,0.795847,0.453866,0.400781,-0.555767,0.810111,0.186483,-0.241029,-0.37173,0.896429,0.013209,0.00362,0.001639,0.002017,-0.015247,0.029266,-0.940721,0.031187,0.035917,-0.025091,-0.717471,-0.506811,0.477889,0.627967,-0.7675,0.128839,0.301483,0.392537,0.86892,0.006603,0.001852,0.000846,0.004863,-0.011172,0.026104,-0.774122,0.065396,0.028366,-0.067403,-0.205663,0.491293,-0.846364,-0.750114,-0.634586,-0.186087,-0.628514,0.596599,0.499037,-0.008463,-0.009599,0.009103,0.062337,0.302739,0.317422,0.279208
123,0.057181,0.008932,0.34582,-0.361889,0.428752,-0.827801,-0.722496,-0.6901,-0.041642,-0.588677,0.582475,0.560544,-0.001186,-0.010125,0.00913,0.066505,0.176756,0.304713,0.363098,-0.126691,0.02479,0.31117,0.802955,0.452413,0.388042,-0.551414,0.810852,0.195946,-0.226996,-0.371883,0.900021,0.02645,0.006913,0.002957,0.005358,-0.048583,0.082708,-0.951542,0.03156,0.036009,-0.025047,-0.725925,-0.50596,0.465872,0.624652,-0.76848,0.138729,0.287822,0.391715,0.873908,0.013224,0.003468,0.001475,0.011835,-0.038225,0.076938,-0.78196,0.065245,0.028062,-0.067116,-0.203582,0.501854,-0.840652,-0.75005,-0.631813,-0.195541,-0.629268,0.590723,0.505041,-0.000499,-0.004815,0.004795,0.089782,0.353948,0.18025,0.293741
124,0.057321,0.008463,0.346151,-0.363579,0.437393,-0.822522,-0.720004,-0.692156,-0.04987,-0.590682,0.573541,0.567604,0.012442,-0.013391,0.007204,0.154406,0.495813,0.29517,0.344798,-0.126106,0.025077,0.311396,0.808946,0.450901,0.377208,-0.547294,0.811734,0.203693,-0.215354,-0.371794,0.902915,0.014041,-0.002608,0.013904,-0.032234,-0.023356,0.033613,-0.971238,0.031843,0.036147,-0.024945,-0.732977,-0.504985,0.455778,0.621461,-0.769574,0.146766,0.27664,0.390824,0.877909,0.006211,0.004424,0.003204,0.005744,-0.009221,0.025866,-0.771019,0.065312,0.027835,-0.06695,-0.20503,0.508481,-0.836306,-0.746641,-0.63373,-0.202266,-0.632841,0.58295,0.509587,0.007073,-0.000996,-0.000389,0.044957,-0.048961,0.224965,0.288026
125,0.057683,0.008208,0.346331,-0.373755,0.439056,-0.817057,-0.704462,-0.707355,-0.057922,-0.602923,0.553387,0.574695,0.014512,-0.001148,-2.6e-05,0.150246,0.337815,0.25638,0.328903,-0.125901,0.025286,0.311774,0.809394,0.450531,0.376688,-0.546846,0.811891,0.20427,-0.214808,-0.371899,0.903002,-0.001261,0.008571,0.007861,0.002271,-0.016588,0.023453,-0.979792,0.031955,0.036257,-0.024746,-0.733513,-0.504626,0.455313,0.621063,-0.769777,0.147389,0.276113,0.39089,0.878046,-0.00065,0.004386,0.004018,0.002223,-0.01652,0.023159,-0.771509,0.065491,0.027699,-0.066854,-0.216127,0.511796,-0.831475,-0.730886,-0.649459,-0.209779,-0.647374,0.562376,0.514431,-0.000406,-0.004621,0.004961,0.186584,0.555788,0.277421,0.264349
126,0.057879,0.008133,0.34636,-0.381976,0.435622,-0.815091,-0.687667,-0.723154,-0.06429,-0.616975,0.535409,0.576806,0.013875,-0.002666,-0.001397,0.31382,0.361345,0.225903,0.321213,-0.125905,0.025377,0.311978,0.810417,0.450558,0.374452,-0.546402,0.811706,0.206187,-0.212055,-0.372272,0.903498,-0.001266,0.0086,0.007875,0.002271,-0.016583,0.023457,-0.980535,0.031953,0.0363,-0.024646,-0.734746,-0.50475,0.453183,0.620812,-0.7696,0.149352,0.273385,0.391078,0.878816,-0.000647,0.004358,0.003988,0.003708,-0.014211,0.022053,-0.772326,0.065596,0.027665,-0.066836,-0.224683,0.508854,-0.831014,-0.714308,-0.666074,-0.214727,-0.662782,0.545355,0.513134,0.006933,-0.001343,-0.000714,0.334545,0.461529,0.296037,0.254061
127,0.05818,0.007924,0.346428,-0.396773,0.425605,-0.813312,-0.65789,-0.7497,-0.071432,-0.639655,0.506194,0.578477,-0.00023,-0.00055,-0.000496,0.414455,-0.043116,-0.103667,0.304104,-0.125945,0.025857,0.312386,0.815124,0.450046,0.364723,-0.5435,0.811832,0.213238,-0.201143,-0.372615,0.90585,-0.001954,0.013263,0.01209,-0.008759,-0.034081,0.032025,-0.978618,0.031934,0.036534,-0.024448,-0.740462,-0.504633,0.443915,0.618636,-0.769891,0.156706,0.262687,0.390657,0.882259,-0.001074,0.007248,0.006607,-0.029413,-0.087131,0.073096,-0.772815,0.065747,0.027563,-0.066801,-0.240556,0.500819,-0.831451,-0.685347,-0.694227,-0.219878,-0.687336,0.51694,0.510236,-0.000147,-0.000353,-0.000323,0.405052,-0.086561,-0.140006,0.231364
128,0.058342,0.007432,0.346591,-0.400026,0.422874,-0.813143,-0.631314,-0.770262,-0.090064,-0.663929,0.476791,0.576105,-0.004069,-0.024417,0.014533,1.41883,-1.45487,1.97886,0.289884,-0.126079,0.026559,0.312867,0.821198,0.445272,0.356873,-0.537975,0.812465,0.224537,-0.190991,-0.376944,0.906255,-0.002268,0.015412,0.013966,-0.09362,0.067852,0.12817,-0.973446,0.031867,0.036887,-0.024205,-0.747513,-0.500492,0.436727,0.61447,-0.770743,0.168465,0.252289,0.394285,0.883678,-0.001948,0.013405,0.003221,-0.082089,0.09596,0.164069,-0.775428,0.065831,0.027327,-0.066723,-0.246418,0.497358,-0.831812,-0.658094,-0.715938,-0.233119,-0.71147,0.489966,0.503729,0.005593,-0.008228,0.002215,0.023047,0.078945,0.278089,0.211279
129,0.058356,0.007051,0.346747,-0.401855,0.420578,-0.813432,-0.618372,-0.779765,-0.097745,-0.674903,0.463197,0.57444,0.010292,-0.018642,0.002467,4.490582,0.518848,-2.973057,0.287557,-0.12612,0.026832,0.313113,0.822138,0.442974,0.357569,-0.536481,0.812801,0.226883,-0.191154,-0.378921,0.905396,-0.002024,0.013754,0.01243,-0.04776,0.02067,0.09013,-0.972547,0.031845,0.037033,-0.024073,-0.74861,-0.497933,0.437771,0.613114,-0.771205,0.171265,0.252333,0.396615,0.882623,-0.001011,0.006817,0.006161,-0.017004,-0.001924,0.079522,-0.772652,0.065836,0.027129,-0.066639,-0.245124,0.496782,-0.832539,-0.645432,-0.724394,-0.242218,-0.723416,0.477974,0.498205,0.00506,-0.009459,0.001091,4.476511,0.487246,-3.00346,0.202461
130,0.058108,0.005994,0.347285,-0.398216,0.424732,-0.813064,-0.602086,-0.78969,-0.117702,-0.691572,0.44213,0.571206,-0.020121,-0.03421,0.022999,-0.035536,0.058034,0.337514,0.300508,-0.126076,0.027296,0.313518,0.823738,0.438565,0.359316,-0.533818,0.813258,0.231481,-0.191724,-0.383047,0.903538,-0.001475,0.010001,0.008999,-0.156928,0.146852,0.154701,-0.970731,0.031863,0.037261,-0.023874,-0.750216,-0.494453,0.438965,0.611165,-0.771905,0.175038,0.252292,0.399597,0.881289,-0.000769,0.005158,0.004638,-0.316044,0.288648,0.242769,-0.768896,0.065722,0.026622,-0.066385,-0.242191,0.499334,-0.83187,-0.625606,-0.735721,-0.259481,-0.741592,0.45758,0.490571,-0.00344,-0.019243,0.010075,0.016243,0.247343,0.224551,0.201808
131,0.057784,0.004687,0.347898,-0.404509,0.419386,-0.812732,-0.572921,-0.808846,-0.132294,-0.712361,0.41159,0.568474,-0.00707,-0.038954,0.019737,0.039127,0.239322,0.470029,0.324021,-0.125723,0.027739,0.313864,0.825408,0.437919,0.356257,-0.532321,0.813671,0.233468,-0.188666,-0.382907,0.90424,0.0253,0.012881,0.008232,0.006332,-0.046966,0.08197,-0.966007,0.032029,0.037481,-0.023701,-0.752314,-0.493282,0.436686,0.609709,-0.772407,0.177881,0.249554,0.400074,0.881852,0.00599,0.005446,0.004049,0.006902,-0.033805,0.050794,-0.768407,0.065554,0.025969,-0.066078,-0.24813,0.492791,-0.834019,-0.595928,-0.756414,-0.269642,-0.763741,0.43011,0.481356,-0.003776,-0.020042,0.009361,0.189221,0.386537,0.457833,0.228424
132,0.057481,0.003461,0.348583,-0.411566,0.412391,-0.812768,-0.55749,-0.819362,-0.133502,-0.720501,0.397647,0.568138,-0.005602,-0.035439,0.022951,-0.090425,0.062861,-0.051764,0.340647,-0.125179,0.028053,0.314179,0.825662,0.436055,0.357952,-0.531672,0.81343,0.235777,-0.189387,-0.385539,0.90297,0.012414,0.007869,0.005378,-0.30273,0.297232,0.280179,-0.958091,0.03231,0.037647,-0.023537,-0.752201,-0.49302,0.437178,0.609802,-0.772225,0.178352,0.249669,0.400749,0.881513,0.006976,-0.001491,0.006685,-0.406737,0.458463,0.166293,-0.764977,0.065395,0.025324,-0.065729,-0.256159,0.488203,-0.834289,-0.581115,-0.767485,-0.270686,-0.772455,0.41548,0.4803,-0.002769,-0.01762,0.011571,-0.094123,0.061809,-0.050301,0.253571
133,0.057232,0.002941,0.348995,-0.415066,0.409757,-0.81232,-0.553539,-0.822278,-0.132006,-0.721534,0.394345,0.569129,-0.016865,-0.018877,0.018588,-0.068579,0.055325,-0.059034,0.35242,-0.124865,0.02813,0.314301,0.82548,0.436147,0.35826,-0.531917,0.813236,0.235892,-0.189496,-0.385843,0.902817,0.026095,0.007279,0.003183,0.000304,-0.026527,0.061609,-0.951551,0.032456,0.03769,-0.023478,-0.752327,-0.491411,0.43877,0.609502,-0.771966,0.180486,0.250023,0.403216,0.880287,0.006445,0.002312,0.001226,0.000609,0.088993,-0.135689,-0.764814,0.065283,0.025076,-0.065539,-0.259708,0.485842,-0.83457,-0.57761,-0.770738,-0.268938,-0.773897,0.412211,0.480794,-0.009165,-0.014842,0.013585,-0.105459,0.075679,-0.071417,0.265491
134,0.056694,0.002173,0.349824,-0.419323,0.410648,-0.80968,-0.554479,-0.821995,-0.129801,-0.718341,0.394007,0.573386,-0.014335,-0.005438,0.012414,0.055244,0.294124,0.098005,0.375561,-0.124213,0.028269,0.314328,0.825845,0.434147,0.359843,-0.531065,0.813166,0.238044,-0.190296,-0.38824,0.901621,0.013295,0.001999,0.000119,-0.023799,0.109515,-0.124371,-0.925496,0.032792,0.037757,-0.02346,-0.752802,-0.489323,0.440284,0.608747,-0.772005,0.18285,0.250429,0.405672,0.879041,0.005837,0.006614,-0.003787,0.051402,-0.030813,0.049176,-0.763508,0.065007,0.024681,-0.065115,-0.263808,0.486162,-0.833097,-0.579185,-0.770498,-0.266228,-0.77133,0.412284,0.484841,-0.007723,-0.007688,0.010898,0.052002,0.475384,0.193327,0.297986
135,0.05617,0.001721,0.350578,-0.422337,0.412105,-0.80737,-0.555386,-0.821529,-0.128874,-0.715869,0.393457,0.576846,-0.014874,-0.014033,0.023006,-0.066041,0.062577,-0.055083,0.380432,-0.123648,0.028385,0.314213,0.827744,0.427754,0.363123,-0.527544,0.813532,0.244532,-0.191845,-0.394516,0.898563,0.013722,-0.000734,-0.002332,-0.313091,0.307403,0.288632,-0.909543,0.033075,0.037815,-0.023518,-0.754367,-0.484679,0.442736,0.606559,-0.772546,0.187766,0.251028,0.410191,0.87677,0.006074,0.005059,-0.00518,-0.305135,0.349515,0.31932,-0.762528,0.064746,0.02446,-0.06474,-0.267546,0.48869,-0.830422,-0.580045,-0.769868,-0.266176,-0.769393,0.410468,0.489438,-0.006581,-0.001289,0.007513,-0.03601,0.003936,-0.032177,0.313825
136,0.055907,0.001617,0.350919,-0.425221,0.415977,-0.803862,-0.555612,-0.821035,-0.131026,-0.713981,0.390399,0.581246,-0.012935,-0.002085,0.015452,0.062382,0.296908,0.131203,0.38103,-0.123367,0.028347,0.314145,0.828401,0.425582,0.364174,-0.526347,0.813623,0.2468,-0.1923,-0.396672,0.897516,0.014019,-0.002595,-0.004003,-0.192246,0.197745,0.163711,-0.908957,0.033215,0.037797,-0.023551,-0.755248,-0.481731,0.444449,0.605341,-0.772668,0.191169,0.251319,0.413423,0.875168,0.006983,-0.001125,-0.001858,-0.305113,0.280754,0.246652,-0.763345,0.064613,0.024403,-0.064567,-0.27026,0.491864,-0.827664,-0.580133,-0.769264,-0.267725,-0.768377,0.4078,0.493249,-0.006545,-0.001201,0.007587,0.091199,0.444236,0.193968,0.317255
137,0.055426,0.001663,0.351594,-0.428361,0.419755,-0.800224,-0.556054,-0.820455,-0.132776,-0.711755,0.387564,0.585855,-0.011171,0.002062,0.019188,0.141382,0.520548,0.25216,0.387512,-0.122881,0.028182,0.313967,0.828617,0.42531,0.364,-0.526042,0.813767,0.246976,-0.192203,-0.396668,0.897538,0.000888,-0.005613,-0.005037,-0.002345,0.016625,-0.02342,-0.911521,0.033464,0.037713,-0.023642,-0.755725,-0.480801,0.444646,0.604722,-0.772949,0.191991,0.251379,0.41398,0.874888,0.007074,-0.001636,-0.002324,0.004743,-0.017867,0.027178,-0.766937,0.064371,0.024422,-0.064233,-0.272971,0.494207,-0.825375,-0.580365,-0.768847,-0.268419,-0.767242,0.405749,0.496694,-0.005477,0.001316,0.009861,-0.03705,0.005163,-0.030248,0.32248
138,0.055035,0.001938,0.352162,-0.429321,0.419291,-0.799952,-0.556166,-0.820557,-0.131673,-0.711088,0.38785,0.586475,-0.010911,0.002638,0.019675,-0.034244,0.021274,-0.018978,0.399171,-0.122532,0.028045,0.313789,0.827475,0.425343,0.36655,-0.526815,0.813783,0.245271,-0.195,-0.3966,0.896965,0.000686,-0.004307,-0.003873,8.5e-05,0.000142,-7.4e-05,-0.911776,0.033639,0.037638,-0.023737,-0.754276,-0.480792,0.447109,0.605373,-0.772895,0.190146,0.254148,0.414091,0.874035,0.000348,-0.002168,-0.001957,-0.003151,-0.00485,0.001791,-0.767917,0.064177,0.024563,-0.063947,-0.275052,0.495727,-0.823772,-0.58036,-0.768713,-0.268815,-0.766503,0.404146,0.499136,-0.004713,0.006752,0.005574,-0.001751,-0.017785,0.0184,0.335543
139,0.054714,0.00238,0.352606,-0.430549,0.418506,-0.799704,-0.555744,-0.821026,-0.130526,-0.710674,0.387708,0.587071,0.003932,0.009221,0.008282,0.000488,-0.01387,0.025258,0.399308,-0.122303,0.027891,0.313678,0.827367,0.425394,0.366737,-0.52696,0.81367,0.245335,-0.19507,-0.396778,0.896871,0.013813,-0.001051,-0.002651,0.002045,-0.015205,0.029245,-0.912857,0.033749,0.03756,-0.023792,-0.754142,-0.480865,0.447254,0.60554,-0.772745,0.190221,0.254144,0.414285,0.873944,0.000278,-0.001721,-0.001554,-0.002607,0.016388,-0.023858,-0.768733,0.064015,0.024779,-0.063722,-0.27622,0.495051,-0.823787,-0.580227,-0.769203,-0.267697,-0.766184,0.40404,0.499711,-0.00472,0.0067,0.005508,-0.001338,0.000508,-0.003854,0.34583
140,0.054617,0.00261,0.352786,-0.430991,0.418197,-0.799627,-0.555526,-0.821234,-0.130141,-0.710576,0.387599,0.587261,-0.009783,0.012536,0.010211,-0.000497,0.000844,-0.004295,0.397245,-0.122274,0.02784,0.313642,0.827223,0.425508,0.36693,-0.527148,0.813559,0.2453,-0.195174,-0.396884,0.896802,0.0003,-0.001872,-0.001686,-0.0,0.0,0.0,-0.912999,0.033768,0.037533,-0.023812,-0.753985,-0.480962,0.447417,0.605705,-0.772628,0.190176,0.25422,0.414393,0.87387,0.000137,-0.000854,-0.000774,-0.00021,-7.8e-05,-0.000367,-0.76906,0.063969,0.024899,-0.063627,-0.27679,0.494715,-0.823798,-0.580068,-0.769494,-0.267206,-0.766099,0.403899,0.499957,-0.004881,0.006306,0.005145,-0.001186,0.000609,-0.003898,0.345014
