frame,MLTx,MLTy,MLTz,MLTR1,MLTR2,MLTR3,MLTR4,MLTR5,MLTR6,MLTR7,MLTR8,MLTR9,MLTTVx,MLTTVy,MLTTVz,MLTRVx,MLTRVy,MLTRVz,MLGA,MRTx,MRTy,MRTz,MRTR1,MRTR2,MRTR3,MRTR4,MRTR5,MRTR6,MRTR7,MRTR8,MRTR9,MRTTVx,MRTTVy,MRTTVz,MRTRVx,MRTRVy,MRTRVz,MRGA,SLTx,SLTy,SLTz,SLTR1,SLTR2,SLTR3,SLTR4,SLTR5,SLTR6,SLTR7,SLTR8,SLTR9,SLTTVx,SLTTVy,SLTTVz,SLTRVx,SLTRVy,SLTRVz,SLGA,SRTx,SRTy,SRTz,SRTR1,SRTR2,SRTR3,SRTR4,SRTR5,SRTR6,SRTR7,SRTR8,SRTR9,SRTTVx,SRTTVy,SRTTVz,SRTRVx,SRTRVy,SRTRVz,SRGA
250,0.075164,-0.004111,0.373538,-0.51295,0.402687,-0.758137,-0.519011,-0.848904,-0.099808,-0.683145,0.341779,0.64539,-6.6e-05,-0.00019,-0.000149,0.0,-0.0,0.0,-0.162318,-0.095384,0.032456,0.335742,0.394412,0.895875,0.204544,-0.813901,0.237389,0.530232,0.425967,-0.376735,0.822488,-0.001051,0.004228,0.003371,0.012281,-0.009233,-0.007116,-1.405847,0.045864,0.037984,-0.012524,-0.248739,-0.945845,0.208576,0.898983,-0.145302,0.413178,-0.360496,0.29028,0.886441,0.000452,-0.00323,0.005814,-0.054207,-0.004828,-0.002288,-0.817231,0.07477,0.020785,-0.052818,-0.413064,0.502084,-0.759795,-0.665955,-0.735605,-0.124051,-0.621193,0.454748,0.638218,-4.1e-05,-0.000123,-9.7e-05,-5e-05,3.8e-05,-4.6e-05,-0.324477
251,0.07519,-0.004123,0.373516,-0.512911,0.402711,-0.758151,-0.519013,-0.848897,-0.099855,-0.683173,0.341767,0.645366,-0.000122,-0.000349,-0.000274,0.0,0.0,0.0,-0.160028,-0.095428,0.032394,0.335888,0.39422,0.895914,0.204744,-0.813834,0.236993,0.530511,0.426271,-0.376892,0.822258,-0.013689,0.000603,0.002146,-0.001865,0.01507,-0.029349,-1.40582,0.045843,0.037955,-0.01245,-0.248579,-0.945826,0.208854,0.898798,-0.144859,0.413734,-0.361066,0.290564,0.886116,-0.006831,0.000223,0.001012,-0.007528,0.018607,-0.027364,-0.816414,0.074783,0.020778,-0.052829,-0.413021,0.502101,-0.759807,-0.665955,-0.735597,-0.124098,-0.621222,0.454742,0.638194,-7.5e-05,-0.000215,-0.000171,-1.4e-05,0.0,-1e-05,-0.323498
252,0.075263,-0.004154,0.373468,-0.512794,0.402789,-0.758188,-0.519039,-0.848866,-0.099984,-0.683241,0.341752,0.645302,-3.1e-05,-8.9e-05,-7e-05,0.0,0.0,0.0,-0.15795,-0.095517,0.032345,0.336098,0.394009,0.895967,0.20492,-0.813727,0.236554,0.530872,0.426671,-0.377044,0.821981,0.0015,-0.008805,0.009759,-0.036126,0.005138,-0.020967,-1.405958,0.045798,0.037931,-0.01235,-0.248426,-0.945832,0.209012,0.89866,-0.144516,0.414155,-0.361516,0.290718,0.885883,-0.000386,0.001536,0.001224,0.002499,-0.014861,0.025429,-0.81821,0.074819,0.020762,-0.052853,-0.412891,0.502156,-0.759841,-0.665971,-0.73556,-0.124227,-0.621291,0.454741,0.638128,-1e-05,-3.4e-05,-2.8e-05,3e-06,2e-06,1.3e-05,-0.321702
253,0.075367,-0.004155,0.373445,-0.51267,0.402872,-0.758228,-0.519068,-0.848832,-0.100119,-0.683312,0.341738,0.645235,9.2e-05,0.000263,0.000206,0.0,0.0,0.0,-0.156988,-0.095476,0.032317,0.336247,0.392118,0.896894,0.20449,-0.81508,0.23584,0.529111,0.425834,-0.375278,0.823223,-0.000322,0.001298,0.001032,0.00105,-0.000792,-0.000608,-1.405899,0.045818,0.037914,-0.012272,-0.246473,-0.946505,0.208275,0.899708,-0.143584,0.412198,-0.360243,0.288983,0.886968,-0.000176,0.000703,0.000561,-0.010562,0.004966,0.000845,-0.819027,0.074872,0.020762,-0.052865,-0.412753,0.502216,-0.759877,-0.665991,-0.735519,-0.124362,-0.621361,0.454741,0.638059,5.3e-05,0.000154,0.000121,4e-06,-9e-06,0.0,-0.320885
254,0.075412,-0.004142,0.37343,-0.512546,0.402957,-0.758266,-0.519098,-0.848798,-0.100255,-0.683382,0.341723,0.645168,6.8e-05,0.000194,0.000152,0.0,0.0,0.0,-0.155806,-0.095477,0.032305,0.336326,0.391972,0.89691,0.204701,-0.815085,0.235555,0.529229,0.425957,-0.37542,0.823094,0.001345,-0.008179,0.010257,-0.049768,0.096415,-0.163798,-1.406145,0.045818,0.037908,-0.012239,-0.246424,-0.946493,0.208387,0.899638,-0.143426,0.412407,-0.360452,0.2891,0.886845,-0.00024,0.000959,0.000762,-0.001509,0.001236,0.001057,-0.819353,0.074894,0.020769,-0.052872,-0.412615,0.502276,-0.759912,-0.666011,-0.735478,-0.124497,-0.621431,0.454741,0.637991,4.2e-05,0.000123,9.6e-05,-0.0,-7e-06,-9e-06,-0.320558
255,0.075453,-0.00412,0.373384,-0.512409,0.403031,-0.758319,-0.519074,-0.848791,-0.100438,-0.683503,0.341652,0.645077,-0.000149,-0.000428,-0.000336,0.0,0.0,0.0,-0.155615,-0.095499,0.032372,0.336492,0.390172,0.897827,0.20412,-0.816434,0.23503,0.52738,0.425029,-0.373549,0.824424,-0.001104,0.004446,0.003529,0.002366,-0.001786,-0.00137,-1.406326,0.045809,0.037933,-0.012156,-0.244486,-0.947164,0.207619,0.900736,-0.142563,0.410303,-0.359025,0.287324,0.888,-0.000605,0.002423,0.001923,-0.03022,0.112625,-0.167441,-0.82066,0.074915,0.020781,-0.052894,-0.412465,0.502324,-0.759961,-0.665983,-0.735473,-0.124679,-0.621561,0.454695,0.637897,0.000386,0.004816,-0.004867,0.03456,-0.018062,0.01586,-0.319905
256,0.07549,-0.004111,0.373327,-0.512305,0.403079,-0.758364,-0.519031,-0.8488,-0.10059,-0.683614,0.341575,0.645001,-9.5e-05,-0.000272,-0.000214,0.0,0.0,0.0,-0.155272,-0.095535,0.032378,0.336839,0.389984,0.897891,0.204198,-0.816214,0.234577,0.527923,0.425624,-0.37368,0.824058,0.000296,-0.003952,0.013601,-0.033809,-0.010341,0.003228,-1.406114,0.045791,0.03794,-0.011987,-0.244356,-0.947175,0.207724,0.900474,-0.142168,0.411015,-0.359772,0.287484,0.887646,-0.007302,0.002154,0.002532,-0.015842,0.106888,-0.171428,-0.821639,0.074933,0.020784,-0.052923,-0.412354,0.502352,-0.760003,-0.665938,-0.735487,-0.124831,-0.621683,0.454641,0.637817,-5.5e-05,-0.000159,-0.000128,0.0,-9e-06,-2e-06,-0.319252
257,0.075494,-0.004093,0.373251,-0.512261,0.403066,-0.758401,-0.518913,-0.848857,-0.100712,-0.683737,0.341447,0.644939,-0.000432,-0.001239,-0.000973,0.0,0.0,0.0,-0.152245,-0.095564,0.032283,0.337306,0.388018,0.898885,0.203568,-0.817235,0.233604,0.526773,0.425464,-0.371891,0.824949,0.000326,-0.004072,0.013496,-0.032102,-0.011626,0.002245,-1.405999,0.045775,0.037895,-0.01175,-0.242341,-0.947904,0.206757,0.901259,-0.141056,0.409677,-0.35917,0.285623,0.88849,0.000175,-0.002113,0.006689,-0.048624,0.01056,-0.020918,-0.822782,0.074936,0.020795,-0.05296,-0.412312,0.502332,-0.76004,-0.665831,-0.735564,-0.124951,-0.621826,0.454539,0.63775,-0.000278,-0.000799,-0.000628,-1e-05,-1.5e-05,-1.4e-05,-0.318599
258,0.075492,-0.004084,0.373219,-0.512248,0.403056,-0.758415,-0.518859,-0.848884,-0.100759,-0.683787,0.341391,0.644915,-0.000135,-0.000388,-0.000305,0.0,0.0,0.0,-0.151358,-0.095576,0.032236,0.337571,0.387895,0.898941,0.203557,-0.817011,0.233275,0.527266,0.426006,-0.371962,0.824637,0.000106,-0.003183,0.014192,-0.033787,-0.010349,0.003221,-1.405819,0.04577,0.03787,-0.011613,-0.242248,-0.947926,0.206765,0.901005,-0.140753,0.410338,-0.359867,0.2857,0.888183,3.5e-05,-0.001544,0.007134,-0.035668,-0.009089,0.004017,-0.823109,0.074934,0.020797,-0.052977,-0.4123,0.50232,-0.760054,-0.665782,-0.735601,-0.124998,-0.621886,0.454494,0.637724,-7.3e-05,-0.000213,-0.000168,3e-06,1.3e-05,8e-06,-0.317619
259,0.075508,-0.004078,0.373173,-0.510273,0.404227,-0.759123,-0.518547,-0.84875,-0.103462,-0.6855,0.340339,0.643651,-2e-05,-5.6e-05,-4.4e-05,0.151565,-0.114371,0.16042,-0.148726,-0.09558,0.032103,0.338131,0.384268,0.900836,0.20205,-0.819266,0.231999,0.524323,0.424968,-0.368146,0.826882,0.000221,-0.003642,0.01382,0.395354,-0.335645,-0.243944,-1.405864,0.045767,0.037807,-0.011337,-0.240313,-0.948656,0.205671,0.901641,-0.139663,0.409313,-0.359573,0.283805,0.88891,0.000148,-0.00201,0.006762,-0.038919,-0.007598,0.004123,-0.822782,0.074942,0.0208,-0.053001,-0.410129,0.503109,-0.760706,-0.665392,-0.735491,-0.127692,-0.623737,0.453798,0.636411,3e-06,5e-06,5e-06,0.163935,-0.123566,0.173372,-0.315986
260,0.075505,-0.004084,0.373168,-0.510175,0.404305,-0.759147,-0.518603,-0.848705,-0.103552,-0.685531,0.340358,0.643608,-0.000149,-0.000428,-0.000336,0.0,-0.0,0.0,-0.147616,-0.095543,0.031856,0.338736,0.382273,0.901862,0.201257,-0.820031,0.230864,0.523627,0.425293,-0.36634,0.827517,0.000198,-0.003551,0.013884,-0.02171,-0.019506,-0.00371,-1.40602,0.045786,0.037681,-0.011029,-0.236559,-0.950057,0.203545,0.903306,-0.137885,0.406232,-0.357878,0.279961,0.89081,9.1e-05,-0.001782,0.006937,-0.051712,-0.005353,-0.001986,-0.822946,0.074941,0.020798,-0.053002,-0.410016,0.503169,-0.760727,-0.665437,-0.735434,-0.127784,-0.623762,0.453823,0.636368,-9.6e-05,-0.000271,-0.00021,-0.000114,9.4e-05,-0.000109,-0.31419
261,0.075502,-0.004099,0.373169,-0.50587,0.408448,-0.75981,-0.523354,-0.845465,-0.106122,-0.685114,0.343453,0.642406,-0.000151,-0.000434,-0.000341,-0.000275,-3.9e-05,0.000234,-0.147565,-0.095498,0.03168,0.339059,0.380438,0.902821,0.200436,-0.821033,0.230127,0.52238,0.425009,-0.364433,0.828504,0.002405,-0.015211,0.021414,-0.050168,-0.020312,-0.029134,-1.405904,0.045807,0.0376,-0.010876,-0.234748,-0.950743,0.202436,0.90407,-0.137028,0.404819,-0.357139,0.278047,0.891706,0.000215,-0.00228,0.006547,-0.045016,-0.011813,-0.008391,-0.823272,0.074939,0.020791,-0.053002,-0.40496,0.506468,-0.761246,-0.669456,-0.731312,-0.130422,-0.622764,0.456805,0.63521,-9.5e-05,-0.000273,-0.000214,-0.003831,0.001877,-0.002609,-0.313864
262,0.075486,-0.004125,0.373174,-0.501852,0.410877,-0.761164,-0.522923,-0.845045,-0.111451,-0.688393,0.341582,0.639894,-3.5e-05,-0.000102,-8e-05,0.004093,-0.003087,0.004332,-0.148008,-0.095419,0.031282,0.339694,0.374975,0.905597,0.198194,-0.824426,0.22815,0.517884,0.423302,-0.358729,0.831861,0.000654,-0.005391,0.012441,0.029563,-0.045014,-0.058619,-1.405858,0.045847,0.037399,-0.010559,-0.229399,-0.952691,0.199384,0.906584,-0.134584,0.39999,-0.354233,0.272516,0.894568,0.001285,-0.007985,0.010413,-0.013299,-0.058962,-0.069394,-0.823599,0.074931,0.020777,-0.053,-0.400513,0.508124,-0.762495,-0.668832,-0.730911,-0.135762,-0.626301,0.455607,0.632589,-1.6e-05,-4.4e-05,-3.5e-05,0.009666,-0.007185,0.010104,-0.313864
263,0.075487,-0.004117,0.373168,-0.501606,0.411064,-0.761225,-0.523039,-0.844943,-0.111686,-0.688484,0.341612,0.63978,-0.0,-0.0,-0.0,0.0,-0.0,0.0,-0.149806,-0.0954,0.031086,0.340253,0.371478,0.90744,0.196338,-0.826505,0.227033,0.515053,0.422335,-0.354747,0.834057,-7.7e-05,-0.002438,0.014738,0.02788,-0.057298,-0.031917,-1.405752,0.045858,0.037294,-0.010279,-0.22591,-0.954005,0.197071,0.90809,-0.133009,0.39709,-0.352614,0.268665,0.896371,-6.6e-05,-0.001149,0.007422,0.013503,-0.053764,-0.037304,-0.824578,0.074931,0.020781,-0.053003,-0.400293,0.508241,-0.762532,-0.668928,-0.730792,-0.135931,-0.626339,0.455668,0.632507,-1e-06,8e-06,1.1e-05,-2.5e-05,9.8e-05,-0.000148,-0.31468
264,0.07546,-0.004096,0.37317,-0.501746,0.410946,-0.761196,-0.522941,-0.845019,-0.11157,-0.688456,0.341564,0.639835,-0.000273,-0.000781,-0.000614,0.0,0.0,0.0,-0.148548,-0.095437,0.031102,0.340802,0.371321,0.907536,0.196193,-0.826065,0.226571,0.515961,0.423332,-0.354797,0.83353,-0.002438,0.009852,0.007648,0.002262,-0.015212,0.024369,-1.405947,0.04584,0.037298,-0.010001,-0.225694,-0.954066,0.197026,0.907625,-0.132446,0.398338,-0.353946,0.268729,0.895827,-0.000233,-0.000461,0.00795,-0.035277,-0.008695,0.004972,-0.824579,0.074919,0.020794,-0.053,-0.400456,0.50815,-0.762507,-0.668846,-0.730889,-0.135813,-0.626322,0.455613,0.632563,-0.000189,-0.00054,-0.000421,3.8e-05,2e-05,-4.3e-05,-0.314517
265,0.075436,-0.004106,0.373175,-0.501817,0.410898,-0.761175,-0.522922,-0.84504,-0.111495,-0.688419,0.341569,0.639872,-8.1e-05,-0.000233,-0.000183,0.0,0.0,0.0,-0.148645,-0.09546,0.031106,0.341093,0.371198,0.907588,0.196185,-0.825852,0.226261,0.516439,0.423855,-0.354863,0.833236,-0.000264,-0.001677,0.0153,-0.033821,-0.01029,0.003262,-1.405959,0.045827,0.037308,-0.009862,-0.225616,-0.954089,0.197005,0.907443,-0.132235,0.398822,-0.35446,0.268752,0.895616,-0.000159,-0.000761,0.007712,-0.033747,-0.009551,0.004653,-0.824905,0.074906,0.020787,-0.052999,-0.400535,0.508115,-0.762489,-0.668833,-0.730915,-0.135737,-0.626286,0.45561,0.632601,-6.3e-05,-0.000176,-0.000137,4.2e-05,4e-06,-2.4e-05,-0.314517
266,0.075417,-0.00413,0.373156,-0.501903,0.41083,-0.761155,-0.522874,-0.84508,-0.111416,-0.688392,0.341552,0.63991,-0.00011,-0.000314,-0.000246,0.0,0.0,0.0,-0.148644,-0.095482,0.031007,0.341642,0.369163,0.908554,0.195553,-0.826788,0.225127,0.515435,0.42381,-0.353104,0.834006,0.000233,-0.003683,0.013735,0.037972,-0.065145,-0.037477,-1.405977,0.045815,0.037263,-0.009584,-0.223833,-0.954708,0.196036,0.908077,-0.131236,0.39771,-0.35397,0.267037,0.896323,-4e-06,-0.0014,0.007208,0.067027,-0.087712,-0.054591,-0.824252,0.074897,0.020775,-0.053009,-0.400633,0.508064,-0.762471,-0.668794,-0.730965,-0.135659,-0.626264,0.455587,0.632639,-6.3e-05,-0.000178,-0.000139,2.3e-05,7e-06,-2e-05,-0.314517
267,0.075447,-0.004145,0.373158,-0.500038,0.41193,-0.761788,-0.522567,-0.844933,-0.113946,-0.689982,0.340591,0.638709,6e-06,1.8e-05,1.4e-05,1.684152,-1.270453,1.782592,-0.148846,-0.095402,0.03085,0.34222,0.36735,0.90952,0.194471,-0.827508,0.224314,0.514634,0.423983,-0.351121,0.834755,0.000118,-0.003219,0.014083,-0.026425,-0.015938,-0.000919,-1.405742,0.045856,0.03718,-0.009292,-0.221786,-0.955474,0.194628,0.90867,-0.13011,0.396723,-0.353736,0.26484,0.897067,0.001116,-0.007302,0.010937,-0.087078,0.000572,-0.021348,-0.824905,0.074911,0.020767,-0.053008,-0.400715,0.508027,-0.762453,-0.668779,-0.730993,-0.135581,-0.626227,0.455584,0.632678,8e-06,2.2e-05,1.7e-05,-0.006284,0.087352,-0.17859,-0.314353
268,0.075457,-0.004139,0.373149,-0.499888,0.412041,-0.761827,-0.52263,-0.844874,-0.114094,-0.690044,0.340602,0.638637,-0.000228,-0.000652,-0.000513,0.0,-0.0,0.0,-0.148604,-0.095303,0.030759,0.342487,0.363933,0.911258,0.192754,-0.82988,0.22343,0.511188,0.422297,-0.347147,0.837267,0.000729,-0.005692,0.012178,0.281548,-0.238116,-0.20062,-1.405336,0.045905,0.037138,-0.00915,-0.219371,-0.956379,0.192908,0.909916,-0.129209,0.394154,-0.352035,0.261996,0.89857,0.000374,-0.002926,0.006024,0.410692,-0.302293,-0.208894,-0.823599,0.074917,0.020772,-0.053011,-0.398406,0.508889,-0.763088,-0.668456,-0.730772,-0.13834,-0.628044,0.454976,0.631313,-0.000131,-0.000374,-0.000296,-0.000905,0.000687,-0.000971,-0.314353
269,0.075457,-0.004139,0.373149,-0.499888,0.412041,-0.761827,-0.52263,-0.844874,-0.114094,-0.690044,0.340602,0.638637,-0.0,-0.0,-0.0,0.0,0.0,0.0,-0.148119,-0.095093,0.030492,0.342919,0.362124,0.912195,0.191725,-0.830642,0.222619,0.510302,0.422357,-0.345196,0.838045,0.001602,-0.009211,0.009476,0.023459,-0.13305,0.122715,-1.40589,0.046009,0.037009,-0.008936,-0.216639,-0.957341,0.191219,0.911004,-0.127839,0.39208,-0.350909,0.259141,0.899837,0.000816,-0.004696,0.004665,-0.007917,-0.03766,-0.025391,-0.824415,0.074917,0.02077,-0.053012,-0.398415,0.508885,-0.763085,-0.668458,-0.730772,-0.138328,-0.628035,0.454979,0.631319,2e-06,3e-06,2e-06,0.0,1.4e-05,-3.7e-05,-0.314027
270,0.075505,-0.004182,0.37317,-0.499854,0.412094,-0.76182,-0.52273,-0.844814,-0.114078,-0.689992,0.340686,0.638648,-0.000864,-0.009899,0.009521,-0.034554,0.018054,-0.015868,-0.148232,-0.094796,0.030044,0.343195,0.356754,0.914779,0.189469,-0.834183,0.22079,0.505297,0.419952,-0.33947,0.841585,0.015387,-0.010355,0.007017,0.04541,-0.071339,-0.036637,-1.405933,0.046152,0.036785,-0.008798,-0.211402,-0.959141,0.188033,0.913636,-0.125572,0.386652,-0.347242,0.253533,0.902852,0.00779,-0.005588,0.003189,0.021695,-0.064292,-0.044381,-0.825068,0.074941,0.020752,-0.053006,-0.398356,0.508934,-0.763084,-0.668534,-0.730701,-0.138338,-0.627992,0.45504,0.631318,7.3e-05,0.000207,0.000161,1.7e-05,-0.0,-1.3e-05,-0.314027
271,0.075567,-0.004197,0.373173,-0.499738,0.412192,-0.761844,-0.522815,-0.844749,-0.114172,-0.690012,0.340729,0.638603,6.8e-05,0.000194,0.000152,0.0,0.0,0.0,-0.148868,-0.09459,0.029817,0.3433,0.353271,0.916457,0.187879,-0.8366,0.219754,0.501739,0.418089,-0.335583,0.844066,0.013706,-0.000802,-0.002207,0.42689,-0.327783,-0.235226,-1.40557,0.046256,0.036668,-0.008742,-0.209347,-0.959824,0.186847,0.914549,-0.12456,0.384817,-0.346083,0.251441,0.903882,0.00779,-0.005562,0.003205,0.438145,-0.381332,-0.273437,-0.825885,0.074972,0.020742,-0.053,-0.39824,0.509005,-0.763097,-0.668615,-0.730614,-0.138407,-0.62798,0.455099,0.631288,4.1e-05,0.000119,9.1e-05,1.6e-05,-1.2e-05,-1.7e-05,-0.314027
272,0.075717,-0.004194,0.373154,-0.499502,0.412361,-0.761906,-0.522903,-0.844663,-0.114407,-0.690116,0.340739,0.638486,0.000292,0.000837,0.000658,0.0,0.0,0.0,-0.149745,-0.094179,0.029374,0.343492,0.349786,0.918153,0.186109,-0.838743,0.218578,0.498667,0.416732,-0.33168,0.846278,0.015723,-0.01158,0.006073,0.106104,-0.118073,-0.070564,-1.40574,0.046461,0.036446,-0.008652,-0.204773,-0.96138,0.183886,0.916803,-0.122584,0.380057,-0.342838,0.246413,0.906499,0.007938,-0.006112,0.002783,0.148793,-0.132649,-0.110649,-0.826701,0.075046,0.020742,-0.053011,-0.397976,0.509128,-0.763153,-0.66868,-0.73051,-0.138642,-0.628077,0.455129,0.631169,0.00019,0.000546,0.000427,1.4e-05,-5e-06,-1.8e-05,-0.314517
273,0.075888,-0.004241,0.373135,-0.500221,0.414645,-0.760194,-0.523345,-0.844153,-0.11614,-0.68926,0.339227,0.640213,0.0,0.0,0.0,8.5e-05,0.000347,0.000167,-0.150533,-0.093691,0.029,0.343652,0.349736,0.918208,0.185928,-0.838296,0.218269,0.499551,0.417669,-0.33173,0.845796,0.015426,-0.01031,0.00705,-0.033935,-0.01061,0.007937,-1.405596,0.046701,0.036259,-0.008578,-0.204397,-0.961501,0.183672,0.916518,-0.122071,0.380909,-0.343824,0.246196,0.906184,0.006786,-7.6e-05,-0.000868,-0.000287,-0.013001,0.03134,-0.828008,0.075132,0.02072,-0.053019,-0.398311,0.511532,-0.761368,-0.668984,-0.729894,-0.140406,-0.627541,0.453418,0.632932,-3e-06,-1e-05,-1.2e-05,-0.001464,-0.006457,-0.00321,-0.315007
274,0.076133,-0.004282,0.373097,-0.499842,0.414932,-0.760286,-0.523532,-0.843988,-0.116492,-0.689393,0.339285,0.640039,0.013468,-0.003056,-0.001959,0.000984,-0.014714,0.029553,-0.150916,-0.093219,0.028696,0.343853,0.347455,0.918644,0.188043,-0.840207,0.216124,0.497269,0.415734,-0.33193,0.846671,0.015239,-0.009496,0.007678,-0.025265,-0.017321,0.003067,-1.405852,0.046943,0.036103,-0.008475,-0.201841,-0.961713,0.185383,0.917895,-0.119715,0.378333,-0.341655,0.246526,0.906915,0.00764,-0.004838,0.003762,-0.049567,-0.00767,0.004892,-0.833233,0.07525,0.0207,-0.053037,-0.397887,0.511683,-0.761488,-0.669118,-0.729713,-0.140709,-0.627666,0.45354,0.63272,4e-06,1.4e-05,7e-06,-0.006333,0.087209,-0.17865,-0.315496
275,0.076259,-0.004297,0.37309,-0.499578,0.415138,-0.760347,-0.523677,-0.843865,-0.11673,-0.689474,0.339339,0.639923,9.9e-05,0.000286,0.000225,0.0,0.0,0.0,-0.150957,-0.092979,0.028547,0.343974,0.345839,0.919474,0.186961,-0.841227,0.215738,0.495709,0.415021,-0.32987,0.847824,0.015075,-0.008817,0.008202,0.038033,-0.066022,-0.032273,-1.40574,0.047068,0.036025,-0.008412,-0.20044,-0.962262,0.184053,0.918609,-0.119289,0.37673,-0.340558,0.244585,0.907853,0.007516,-0.004343,0.004143,0.020426,-0.057859,-0.03218,-0.83307,0.075317,0.020692,-0.053042,-0.397566,0.511847,-0.761546,-0.669241,-0.72955,-0.140964,-0.627739,0.453616,0.632594,0.006787,-0.001375,-0.000864,0.000986,-0.01473,0.029542,-0.315823
276,0.076525,-0.004307,0.373076,-0.498982,0.415596,-0.760489,-0.523985,-0.843598,-0.11728,-0.689674,0.339442,0.639654,0.013736,-0.00227,-0.001345,0.000984,-0.014715,0.029553,-0.152093,-0.092594,0.028264,0.344239,0.341915,0.920266,0.190255,-0.845089,0.212721,0.490416,0.410411,-0.329622,0.850162,0.014917,-0.00815,0.00872,0.162977,-0.162098,-0.101733,-1.406023,0.047255,0.035887,-0.008282,-0.196527,-0.962477,0.187118,0.921109,-0.115822,0.371674,-0.336056,0.2454,0.909309,0.001022,-0.005449,0.004099,0.256886,-0.210726,-0.152913,-0.83258,0.075451,0.020686,-0.053048,-0.396892,0.512188,-0.761669,-0.669482,-0.729223,-0.141515,-0.627909,0.453757,0.632323,0.006871,-0.001127,-0.000671,0.000999,-0.014702,0.029562,-0.316476
277,0.076737,-0.004319,0.373061,-0.49863,0.415862,-0.760574,-0.524157,-0.843445,-0.117608,-0.689797,0.339495,0.639492,3.4e-05,9.9e-05,7.8e-05,0.0,0.0,0.0,-0.151387,-0.092374,0.027993,0.344495,0.338553,0.921919,0.188256,-0.847201,0.211757,0.487179,0.408848,-0.325588,0.852467,-0.000155,0.000606,0.000468,0.148032,-0.113829,-0.08222,-1.40597,0.047371,0.035749,-0.00815,-0.192947,-0.963735,0.184352,0.92284,-0.114404,0.3678,-0.333371,0.241093,0.911447,-9.2e-05,0.000346,0.000264,0.145357,-0.113506,-0.083856,-0.827518,0.075557,0.020682,-0.053055,-0.396495,0.512385,-0.761743,-0.669616,-0.729036,-0.141844,-0.628017,0.453835,0.63216,7e-06,1.9e-05,1e-05,9e-06,6e-06,-0.0,-0.316476
278,0.076929,-0.004363,0.373032,-0.498264,0.416146,-0.760658,-0.524357,-0.843275,-0.117937,-0.689909,0.33957,0.639331,0.0,0.0,0.0,0.0,0.0,0.0,-0.151642,-0.092225,0.027832,0.344681,0.336684,0.922754,0.187511,-0.848271,0.21094,0.48567,0.408176,-0.323739,0.853492,0.01276,0.0032,0.000855,0.012299,-0.023097,0.023555,-1.405943,0.047439,0.035673,-0.00806,-0.190761,-0.964373,0.183285,0.923689,-0.113142,0.366055,-0.332276,0.239128,0.912364,-6.5e-05,0.000249,0.00019,-0.015485,0.004616,-0.005983,-0.826538,0.075653,0.020659,-0.05307,-0.396081,0.512597,-0.761815,-0.669773,-0.728827,-0.142173,-0.62811,0.453932,0.631999,-4e-06,-1.5e-05,-1.6e-05,8e-06,-0.0,-3e-06,-0.31615
279,0.077008,-0.004388,0.373015,-0.498127,0.416252,-0.76069,-0.524432,-0.843211,-0.118061,-0.689952,0.339598,0.639271,0.013412,-0.003205,-0.002083,0.000984,-0.014715,0.029553,-0.151595,-0.09217,0.027797,0.344747,0.336612,0.922769,0.187566,-0.848214,0.210787,0.485836,0.408354,-0.323796,0.853385,0.012649,0.003634,0.001189,0.002221,-0.015341,0.029147,-1.406091,0.047468,0.035651,-0.008024,-0.190712,-0.964352,0.183445,0.92355,-0.11293,0.366471,-0.332691,0.239311,0.912165,0.00091,-0.004997,0.004457,-0.041201,0.007858,-0.019677,-0.826538,0.075692,0.020646,-0.053079,-0.395926,0.512676,-0.761843,-0.669832,-0.728749,-0.142297,-0.628145,0.453968,0.631938,0.006703,-0.001612,-0.001053,0.000993,-0.014717,0.029559,-0.316476
280,0.077104,-0.004371,0.372979,-0.499017,0.418364,-0.758946,-0.524681,-0.842827,-0.119688,-0.689119,0.337952,0.641039,5.6e-05,0.000162,0.000127,0.000813,0.003383,0.001625,-0.151718,-0.09188,0.027696,0.344898,0.336523,0.922798,0.187585,-0.848017,0.210524,0.486293,0.408835,-0.323886,0.853121,0.002074,-0.010955,0.008179,-0.035957,0.004397,-0.02142,-1.405943,0.047616,0.035607,-0.00795,-0.190719,-0.964351,0.183447,0.92336,-0.1128,0.36699,-0.333215,0.23938,0.911956,0.007467,-0.004078,0.004356,-0.033765,-0.010277,0.009061,-0.826701,0.07574,0.020654,-0.053097,-0.396497,0.515036,-0.759951,-0.669979,-0.728276,-0.144015,-0.627628,0.452051,0.633823,3.5e-05,0.000101,7.6e-05,-0.003318,-0.015099,-0.007533,-0.316313
281,0.077146,-0.004357,0.372952,-0.498894,0.41844,-0.758985,-0.524687,-0.842802,-0.119834,-0.689204,0.337919,0.640965,-9e-05,-0.000261,-0.000205,0.0,1e-06,0.0,-0.151539,-0.091342,0.027413,0.345145,0.334847,0.923637,0.186453,-0.848806,0.209899,0.485185,0.408576,-0.321888,0.854001,0.015458,-0.010101,0.007219,-0.032793,0.001423,-0.018641,-1.405718,0.047874,0.035471,-0.007828,-0.189082,-0.964946,0.182006,0.923985,-0.112092,0.36563,-0.332412,0.237306,0.91279,0.007591,-0.004534,0.004,-0.048809,-0.00417,0.006433,-0.827681,0.075761,0.020662,-0.05311,-0.396308,0.514946,-0.760111,-0.669968,-0.728275,-0.144069,-0.627759,0.452155,0.633619,-7.2e-05,-0.00021,-0.000166,-9.7e-05,-0.000403,-0.000196,-0.316476
282,0.077156,-0.00436,0.372951,-0.498875,0.418455,-0.75899,-0.524698,-0.842793,-0.119851,-0.68921,0.337923,0.640957,-2e-06,-4e-06,-4e-06,0.0,0.0,0.0,-0.150928,-0.091049,0.027252,0.345288,0.344274,0.92043,0.185137,-0.84717,0.219704,0.483702,0.404105,-0.324528,0.855128,0.015296,-0.009438,0.007731,1.02125,2.637667,4.716009,-1.405663,0.048027,0.035384,-0.007755,-0.193353,-0.964249,0.181212,0.924076,-0.116912,0.363888,-0.329693,0.237813,0.913645,0.007693,-0.004914,0.003709,-0.025534,-0.025995,-0.012405,-0.827681,0.075766,0.02066,-0.053111,-0.396285,0.514955,-0.760117,-0.669977,-0.728264,-0.144085,-0.627764,0.452163,0.633608,-0.0,-2e-06,-1e-06,-1.3e-05,-4.5e-05,-2.5e-05,-0.316313
283,0.077189,-0.00436,0.372951,-0.4988,0.418513,-0.759007,-0.524738,-0.842758,-0.119918,-0.689232,0.337939,0.640924,7.7e-05,0.000224,0.000176,0.0,0.0,0.0,-0.15005,-0.090375,0.026898,0.345615,0.372161,0.910212,0.181663,-0.841894,0.248793,0.4788,0.390144,-0.332278,0.858628,0.015168,-0.008864,0.008175,0.227657,0.095524,0.340776,-1.406122,0.048364,0.035206,-0.007593,-0.228133,-0.956345,0.182641,0.921156,-0.151254,0.358598,-0.315318,0.250049,0.91545,0.007602,-0.004511,0.004011,0.503936,0.635532,1.325218,-0.833886,0.075782,0.02066,-0.053111,-0.396201,0.514998,-0.760132,-0.670009,-0.728221,-0.144152,-0.627783,0.452183,0.633575,4.9e-05,0.000143,0.000112,3e-06,5e-06,-3e-06,-0.315823
284,0.077322,-0.004346,0.372953,-0.49847,0.418763,-0.759085,-0.524899,-0.842614,-0.120227,-0.689349,0.337987,0.640773,0.000342,0.000996,0.000781,0.0,0.0,0.0,-0.147794,-0.089748,0.026525,0.345958,0.396203,0.900592,0.178742,-0.835829,0.273362,0.476022,0.379341,-0.339133,0.860786,0.015021,-0.008229,0.008668,0.020858,-0.052342,-0.021098,-1.405703,0.048678,0.035018,-0.007422,-0.253457,-0.94988,0.182993,0.91807,-0.176596,0.354909,-0.304805,0.257955,0.916816,0.007498,-0.004103,0.004345,-0.006455,-0.042094,-0.023818,-0.829314,0.075849,0.020666,-0.053111,-0.395828,0.515184,-0.7602,-0.670134,-0.728046,-0.144461,-0.627885,0.452255,0.633423,0.000218,0.000634,0.000496,8e-06,1.1e-05,2e-06,-0.31468
285,0.077449,-0.004308,0.372947,-0.499366,0.42087,-0.757329,-0.525166,-0.842217,-0.121832,-0.688496,0.336356,0.642546,0.015323,0.009835,-0.009145,0.101657,0.226991,0.202243,-0.14805,-0.089508,0.026378,0.346093,0.411219,0.89468,0.174468,-0.830712,0.289197,0.475622,0.374556,-0.341644,0.861888,0.002152,-0.011133,0.008063,0.105394,-0.096313,-0.085816,-1.405944,0.048803,0.034946,-0.007355,-0.269879,-0.945714,0.181077,0.914745,-0.193087,0.354906,-0.300677,0.261421,0.917198,0.007501,-0.004099,0.004349,0.1694,-0.128821,-0.048149,-0.828661,0.075905,0.020678,-0.053113,-0.396008,0.516327,-0.75933,-0.670236,-0.727779,-0.14533,-0.627662,0.451379,0.634268,0.007072,-0.000528,-0.000206,0.129748,0.533495,0.295511,-0.314517
286,0.077808,-0.004189,0.37292,-0.498214,0.421703,-0.757625,-0.525594,-0.841782,-0.122986,-0.689005,0.3364,0.641977,0.014467,-7.9e-05,0.000359,0.001001,-0.014646,0.029586,-0.149666,-0.089283,0.026125,0.346226,0.45293,0.876193,0.16472,-0.813809,0.331033,0.477562,0.363338,-0.351457,0.862744,0.000678,-0.002567,-0.001989,0.02634,0.069958,0.127885,-1.405909,0.048914,0.03482,-0.007281,-0.313999,-0.932716,0.177324,0.903814,-0.236463,0.356656,-0.290729,0.272258,0.917251,0.000407,-0.001569,-0.001204,0.069759,0.269948,0.403997,-0.823272,0.076086,0.020744,-0.053127,-0.395092,0.518016,-0.758657,-0.670596,-0.727068,-0.147216,-0.627856,0.450588,0.634638,0.00736,0.000331,0.000465,0.000249,-0.018108,0.027904,-0.31468
287,0.078485,-0.003928,0.37278,-0.497442,0.424939,-0.756322,-0.526266,-0.84086,-0.126375,-0.689051,0.334629,0.642853,0.029788,0.009925,-0.008676,0.039272,-0.052363,0.1046,-0.153026,-0.089455,0.025998,0.346165,0.499663,0.853245,0.149334,-0.790544,0.378885,0.481063,0.353254,-0.3595,0.863617,-0.012483,-0.004434,-0.00179,0.183324,0.606101,1.528392,-1.406153,0.048839,0.034756,-0.007314,-0.359551,-0.917715,0.168883,0.889205,-0.282097,0.360186,-0.282907,0.279677,0.917465,5.1e-05,-0.000216,-0.000154,-0.890278,-2.233176,1.663556,-0.818374,0.076412,0.020863,-0.053194,-0.393937,0.521162,-0.757101,-0.671017,-0.725986,-0.150598,-0.62813,0.448702,0.635702,0.007999,0.005962,-0.00377,0.032329,-0.04836,0.037531,-0.315496
288,0.07947,-0.003384,0.372478,-0.496703,0.425486,-0.7565,-0.526857,-0.840421,-0.126833,-0.689133,0.335034,0.642553,0.030867,0.013347,-0.006033,0.031317,0.02783,-0.077428,-0.182138,-0.08981,0.025867,0.346111,0.53977,0.830633,0.136705,-0.768169,0.419765,0.483371,0.343439,-0.366969,0.864434,-0.012503,-0.004373,-0.001745,0.099733,-0.144589,0.106898,-1.406192,0.048657,0.034689,-0.007341,-0.409183,-0.897842,0.162627,0.870696,-0.330906,0.363852,-0.272868,0.290481,0.917149,0.000234,-0.000914,-0.000681,0.112913,-0.051831,-0.02142,-0.821476,0.076902,0.021127,-0.053344,-0.392956,0.521417,-0.757435,-0.67156,-0.725407,-0.150965,-0.628165,0.449341,0.635216,0.015514,0.006894,-0.002857,0.040849,-0.063194,0.104193,-0.327743
289,0.080003,-0.002982,0.372339,-0.497033,0.425347,-0.756362,-0.527313,-0.840249,-0.126075,-0.688546,0.335642,0.642865,0.032784,0.026689,-0.012885,0.072061,-0.07781,0.116859,-0.191058,-0.089997,0.025793,0.346104,0.564968,0.81468,0.130764,-0.752843,0.444288,0.48556,0.336766,-0.373799,0.864133,-0.012811,-0.003204,-0.00084,0.215988,0.819266,1.402831,-1.406292,0.048564,0.03465,-0.007347,-0.435081,-0.886015,0.16025,0.859627,-0.355806,0.366662,-0.267851,0.297283,0.916448,-0.006439,-0.001376,-0.00047,0.723999,2.595194,4.923209,-0.82066,0.077174,0.021331,-0.053418,-0.393389,0.521289,-0.757299,-0.671947,-0.725217,-0.150154,-0.62748,0.449796,0.635571,0.016101,0.008723,-0.001448,0.042512,-0.075859,0.130968,-0.336724
290,0.081269,-0.002004,0.37208,-0.509077,0.421082,-0.750717,-0.530765,-0.840149,-0.111393,-0.676993,0.341218,0.652133,0.033632,0.029706,-0.010614,-0.449844,0.385194,-0.591238,-0.192721,-0.09044,0.025535,0.346165,0.606975,0.786849,0.11154,-0.723031,0.488687,0.488206,0.32887,-0.377969,0.865359,-0.010502,-0.015024,0.006696,0.00169,-0.022287,0.246772,-1.406338,0.048337,0.034523,-0.007314,-0.483873,-0.862556,0.147863,0.835669,-0.405239,0.370725,-0.259851,0.302949,0.916896,-0.005236,-0.007582,0.003323,-0.020716,0.00189,0.239912,-0.823435,0.077808,0.021822,-0.053546,-0.405445,0.519581,-0.752096,-0.675586,-0.724561,-0.136359,-0.615789,0.45282,0.644792,0.016607,0.010457,-0.000155,-1.670623,1.163116,-1.632509,-0.344236
291,0.082526,-0.001095,0.371983,-0.53192,0.407107,-0.742543,-0.532406,-0.842621,-0.080658,-0.657864,0.351919,0.665879,0.032975,0.020717,-0.000504,0.026113,0.104696,-0.229592,-0.170802,-0.090938,0.025238,0.346254,0.645391,0.75774,0.0964,-0.691909,0.526651,0.493797,0.322585,-0.386349,0.864024,-0.010738,-0.014163,0.007364,0.009337,0.263609,0.380297,-1.406542,0.048092,0.034379,-0.007274,-0.526954,-0.838439,0.139062,0.810667,-0.446723,0.378492,-0.255221,0.312181,0.915098,-0.012847,-0.003103,-0.000763,0.169075,0.777425,1.551729,-0.822782,0.078438,0.022283,-0.053596,-0.43122,0.509775,-0.744431,-0.678452,-0.727114,-0.104916,-0.59477,0.459819,0.659404,0.01648,0.010315,-0.000302,0.042615,0.104573,-0.237703,-0.340643
292,0.083113,-0.000708,0.371984,-0.53919,0.401997,-0.74008,-0.530233,-0.844721,-0.072603,-0.653683,0.352763,0.66954,0.032611,0.019814,-0.00124,-1.689261,1.363792,-1.989443,-0.151136,-0.091186,0.025055,0.346335,0.66368,0.742507,0.090572,-0.676434,0.544256,0.496142,0.318256,-0.391483,0.863318,-0.010843,-0.013782,0.00766,0.006431,0.264792,0.379954,-1.406558,0.047968,0.034286,-0.007234,-0.547636,-0.82554,0.136296,0.79796,-0.466292,0.381878,-0.251702,0.317889,0.914107,-0.005433,-0.00687,0.003851,0.125225,0.768603,1.558709,-0.823109,0.078732,0.022479,-0.053593,-0.43716,0.506881,-0.74294,-0.6766,-0.729577,-0.09964,-0.592539,0.459115,0.661898,0.016235,0.009677,-0.000815,0.03166,0.112929,-0.248707,-0.329213
293,0.084262,-0.000225,0.37213,-0.546414,0.395835,-0.7381,-0.524123,-0.848958,-0.067352,-0.652603,0.349556,0.67227,0.030535,0.006255,0.005379,-0.003043,0.04654,-0.092974,-0.143532,-0.091615,0.02475,0.346509,0.697039,0.712045,0.084378,-0.648779,0.576399,0.496773,0.304208,-0.401912,0.86359,-0.011328,-0.011929,0.009098,0.116219,0.819394,1.399553,-1.406575,0.04775,0.034126,-0.007146,-0.585044,-0.799558,0.135754,0.774983,-0.501843,0.384126,-0.239004,0.329938,0.913245,-0.005675,-0.005947,0.004568,0.086561,0.856113,1.405045,-0.826375,0.079309,0.02273,-0.053519,-0.44753,0.501368,-0.740504,-0.67169,-0.735124,-0.091784,-0.59038,0.456314,0.665753,0.015319,0.003286,0.002791,-0.011406,0.137154,-0.273158,-0.314353
294,0.085229,-8.8e-05,0.372355,-0.54642,0.39474,-0.738682,-0.520268,-0.85111,-0.070037,-0.655672,0.345547,0.671356,0.015857,0.005096,0.004158,-0.004036,0.061223,-0.122541,-0.139864,-0.091928,0.024566,0.346683,0.729503,0.678931,0.082882,-0.620248,0.605795,0.498235,0.287136,-0.415729,0.862894,0.001389,-0.008313,0.010269,0.103644,0.815875,1.434188,-1.406137,0.047593,0.034038,-0.007062,-0.620408,-0.771708,0.139855,0.751426,-0.533819,0.387809,-0.224618,0.345691,0.911067,-0.006749,-0.0005,0.000243,0.437997,2.856947,4.577604,-0.825395,0.079799,0.022801,-0.053405,-0.447687,0.500318,-0.741119,-0.668254,-0.737908,-0.094479,-0.594147,0.452959,0.664692,0.014516,0.000882,0.000943,-0.008477,0.062752,-0.123179,-0.309781
295,0.085593,-0.000106,0.372475,-0.542366,0.396879,-0.740521,-0.518924,-0.851391,-0.076304,-0.660088,0.342391,0.66864,0.015029,0.002522,0.002198,0.047103,-0.04957,0.07666,-0.136701,-0.092062,0.024511,0.346759,0.740219,0.667609,0.079789,-0.609852,0.6169,0.497443,0.28194,-0.417719,0.863646,-0.011474,-0.011371,0.009529,-0.004792,0.001607,-0.05646,-1.406278,0.047531,0.034013,-0.007023,-0.634166,-0.760654,0.138699,0.741562,-0.54757,0.387622,-0.218899,0.348671,0.911323,-0.00035,0.001378,0.00109,0.020732,-0.010515,0.038101,-0.826211,0.079982,0.022795,-0.053342,-0.443382,0.501627,-0.74282,-0.666805,-0.738405,-0.100636,-0.598984,0.450696,0.661883,0.007137,-0.003665,0.005846,0.123078,-0.043497,0.026734,-0.308148
296,0.086073,-0.00028,0.372671,-0.5377,0.396777,-0.743971,-0.517317,-0.851977,-0.080563,-0.665149,0.341052,0.664295,0.013798,-0.001352,-0.000743,0.00084,-0.015277,0.029278,-0.135534,-0.092292,0.024419,0.346905,0.770353,0.632429,0.081129,-0.580937,0.64396,0.497758,0.261579,-0.431378,0.863338,-0.013402,-0.000926,0.000907,0.010071,0.08949,0.099603,-1.406306,0.047416,0.033964,-0.006945,-0.667895,-0.729875,0.145594,0.716645,-0.577901,0.390448,-0.200839,0.365118,0.909039,-0.000264,0.00105,0.000834,0.027449,0.337488,0.284476,-0.828497,0.080222,0.022708,-0.053245,-0.438729,0.500634,-0.746245,-0.665245,-0.73923,-0.10482,-0.604123,0.450448,0.657366,-0.000242,-0.0045,0.005075,-0.041969,0.117368,-0.193692,-0.305699
297,0.0863,-0.000562,0.372819,-0.537796,0.396874,-0.74385,-0.517816,-0.851715,-0.080119,-0.664682,0.341591,0.664484,-0.000954,-0.010539,0.009007,-0.034717,0.017487,-0.016145,-0.137914,-0.092493,0.024356,0.346932,0.788377,0.61,0.079709,-0.56125,0.660376,0.498836,0.250656,-0.438778,0.86285,-0.000111,0.000439,0.000339,-0.002336,-0.005354,0.003314,-1.406717,0.04731,0.033933,-0.006931,-0.688715,-0.709879,0.147451,0.699393,-0.596874,0.393179,-0.1911,0.373915,0.907561,-5.4e-05,0.000226,0.00019,-0.004609,-0.015672,0.006418,-0.824578,0.08034,0.022566,-0.053178,-0.438831,0.500814,-0.746064,-0.665706,-0.738871,-0.104422,-0.603541,0.450836,0.657634,-8.3e-05,-0.000252,-0.000193,-8.1e-05,0.000219,5.6e-05,-0.305536
298,0.08627,-0.000775,0.373002,-0.537783,0.397051,-0.743764,-0.518362,-0.851415,-0.079786,-0.664268,0.342133,0.664621,-0.0,-0.0,-0.0,-0.0,-0.0,-0.0,-0.147246,-0.092605,0.024446,0.34695,0.799136,0.596139,0.077406,-0.548389,0.670432,0.499724,0.245,-0.442549,0.862548,-0.002608,0.013161,-0.006523,0.048459,0.184753,0.487316,-1.4061,0.047256,0.033969,-0.006922,-0.699999,-0.698802,0.147226,0.689333,-0.607299,0.394976,-0.1866,0.377971,0.906816,-0.000322,0.000983,0.000598,0.105917,2.013855,5.221231,-0.829477,0.080329,0.022456,-0.053089,-0.438765,0.500999,-0.745979,-0.666203,-0.738466,-0.10411,-0.60304,0.451294,0.657781,-0.000446,-0.005165,0.004583,-0.034764,0.017486,-0.016123,-0.309455
299,0.086211,-0.000873,0.373105,-0.537748,0.397167,-0.743728,-0.518662,-0.851245,-0.07964,-0.664063,0.342418,0.664678,-0.013354,0.002795,0.001837,-0.000984,0.014715,-0.029553,-0.148266,-0.092664,0.024476,0.346979,0.803535,0.590032,0.078635,-0.543248,0.673159,0.501669,0.242052,-0.446572,0.861305,-0.000452,0.00179,0.001382,-0.016121,0.037621,0.049222,-1.406607,0.047225,0.033992,-0.006908,-0.70622,-0.69205,0.149396,0.683688,-0.611807,0.39782,-0.18391,0.383089,0.905217,-0.000227,0.000908,0.000712,0.013513,0.024011,0.048541,-0.83307,0.080294,0.022404,-0.053034,-0.438746,0.501091,-0.745928,-0.666472,-0.73825,-0.103923,-0.602757,0.451544,0.657868,-0.006683,0.001388,0.00091,-0.001025,0.014705,-0.029531,-0.311251
300,0.086065,-0.001063,0.373341,-0.537503,0.39755,-0.7437,-0.519407,-0.850806,-0.079478,-0.663679,0.343064,0.664729,-0.000862,-0.010239,0.009241,-0.034723,0.017464,-0.016156,-0.155629,-0.09284,0.024539,0.346972,0.812583,0.577602,0.077946,-0.531215,0.679185,0.506411,0.238537,-0.453637,0.85859,-3.4e-05,0.000134,0.000104,0.105513,3.050015,4.921823,-1.406313,0.047136,0.034026,-0.006909,-0.712021,-0.68615,0.149076,0.677618,-0.615833,0.401972,-0.184007,0.387229,0.903434,-0.006453,-0.00142,-0.000285,-0.554146,0.396821,0.179437,-0.837479,0.080221,0.022313,-0.052919,-0.438418,0.501426,-0.745896,-0.667116,-0.737687,-0.103794,-0.602283,0.452094,0.657925,-0.000438,-0.005131,0.004613,-0.034743,0.017475,-0.016137,-0.31419
301,0.085952,-0.001363,0.373673,-0.537604,0.397743,-0.743524,-0.520221,-0.85037,-0.078826,-0.66296,0.34392,0.665004,-0.000796,-0.010027,0.009405,-0.034728,0.017447,-0.016164,-0.1658,-0.09312,0.024673,0.346894,0.815867,0.572984,0.077737,-0.525474,0.678844,0.512818,0.240033,-0.459962,0.854799,-0.013265,-0.001398,0.000532,-0.388746,0.313931,0.181129,-1.406098,0.047002,0.03409,-0.006951,-0.719751,-0.677828,0.150021,0.669329,-0.620177,0.409118,-0.184272,0.394877,0.900063,-0.001234,0.006328,-0.003451,-0.375056,0.326388,0.268147,-0.830294,0.080165,0.022166,-0.052757,-0.438468,0.501636,-0.745725,-0.667838,-0.73712,-0.103175,-0.601446,0.452785,0.658215,-0.000389,-0.004971,0.004738,-0.03475,0.017435,-0.016167,-0.320558
302,0.085875,-0.00179,0.374152,-0.538801,0.399992,-0.741448,-0.521627,-0.849466,-0.079276,-0.660881,0.343543,0.667265,-0.000182,-0.008081,0.010883,-0.018665,0.080244,0.014132,-0.167633,-0.093445,0.024941,0.346709,0.825599,0.558496,0.080374,-0.513231,0.684365,0.517855,0.233171,-0.469495,0.85151,-0.015091,0.008736,-0.008326,-0.417414,0.359999,0.239221,-1.406058,0.04684,0.034223,-0.007039,-0.730693,-0.66501,0.154427,0.658783,-0.627461,0.415086,-0.17914,0.405035,0.896579,-0.006534,-0.001058,-1e-06,0.020284,0.013163,-0.013335,-0.832743,0.080125,0.021945,-0.052517,-0.439354,0.504223,-0.743454,-0.669058,-0.735934,-0.103735,-0.59944,0.451838,0.660691,-2.8e-05,-0.003815,0.005614,-0.020407,0.058789,0.036179,-0.324477
303,0.085856,-0.002024,0.374446,-0.539146,0.399944,-0.741223,-0.52215,-0.849218,-0.078489,-0.660187,0.34421,0.667608,2.3e-05,-0.007428,0.011379,-0.034506,0.018317,-0.015746,-0.167675,-0.093686,0.025052,0.346571,0.829778,0.552093,0.081572,-0.508069,0.687087,0.519337,0.229626,-0.473075,0.850491,-0.014864,0.00785,-0.009008,-0.04469,0.071515,0.035102,-1.406029,0.046719,0.034279,-0.007107,-0.736427,-0.657941,0.157439,0.65309,-0.630696,0.41916,-0.176486,0.411503,0.894157,-0.007402,0.003833,-0.004563,-0.018916,0.062801,0.043166,-0.836989,0.080115,0.021828,-0.05237,-0.439663,0.504136,-0.743331,-0.669542,-0.735613,-0.102883,-0.598672,0.452458,0.660963,9.8e-05,-0.003415,0.005916,-0.036654,-0.005506,0.004927,-0.325294
304,0.085793,-0.002437,0.375089,-0.537908,0.401009,-0.741547,-0.523038,-0.848572,-0.079552,-0.660495,0.344561,0.667122,0.000446,-0.006088,0.012394,-0.034751,0.017363,-0.016205,-0.166943,-0.094211,0.02523,0.346318,0.848014,0.524193,0.078006,-0.482,0.701957,0.524278,0.218993,-0.482855,0.847795,-0.015096,0.008836,-0.008248,0.185929,2.259496,5.112209,-1.405976,0.046457,0.034364,-0.007237,-0.754614,-0.636948,0.157649,0.633924,-0.645652,0.425761,-0.169401,0.421223,0.890996,-0.006556,-0.000926,0.000101,-0.880268,-2.179067,1.406275,-0.84499,0.080084,0.021621,-0.052049,-0.438203,0.504876,-0.743691,-0.670266,-0.73481,-0.103909,-0.598933,0.452938,0.660397,0.00035,-0.002612,0.006522,-0.034833,0.005213,0.008615,-0.32562
305,0.085701,-0.00275,0.375666,-0.537634,0.404041,-0.740098,-0.523995,-0.847727,-0.082221,-0.659959,0.343096,0.668406,-0.013098,-0.003823,0.013828,-0.02581,0.070709,-0.027348,-0.160202,-0.094657,0.025289,0.346241,0.86366,0.49768,0.079982,-0.460592,0.715018,0.525869,0.203433,-0.491638,0.846623,-0.012996,-0.002387,-0.000243,-0.001731,0.022857,-0.017458,-1.406045,0.046233,0.0344,-0.007277,-0.776933,-0.608241,0.162535,0.610621,-0.665108,0.429851,-0.153349,0.433213,0.888149,-0.006495,-0.001176,-9.3e-05,0.013974,0.030943,0.006122,-0.853971,0.080044,0.021467,-0.051759,-0.437455,0.508033,-0.74198,-0.671009,-0.733721,-0.106767,-0.598648,0.45117,0.661865,0.000219,-0.003028,0.006211,-0.032022,0.02288,0.015933,-0.323824
