frame,MLTx,MLTy,MLTz,MLTR1,MLTR2,MLTR3,MLTR4,MLTR5,MLTR6,MLTR7,MLTR8,MLTR9,MLTTVx,MLTTVy,MLTTVz,MLTRVx,MLTRVy,MLTRVz,MLGA,MRTx,MRTy,MRTz,MRTR1,MRTR2,MRTR3,MRTR4,MRTR5,MRTR6,MRTR7,MRTR8,MRTR9,MRTTVx,MRTTVy,MRTTVz,MRTRVx,MRTRVy,MRTRVz,MRGA,SLTx,SLTy,SLTz,SLTR1,SLTR2,SLTR3,SLTR4,SLTR5,SLTR6,SLTR7,SLTR8,SLTR9,SLTTVx,SLTTVy,SLTTVz,SLTRVx,SLTRVy,SLTRVz,SLGA,SRTx,SRTy,SRTz,SRTR1,SRTR2,SRTR3,SRTR4,SRTR5,SRTR6,SRTR7,SRTR8,SRTR9,SRTTVx,SRTTVy,SRTTVz,SRTRVx,SRTRVy,SRTRVz,SRGA
104,0.080835,0.038586,0.440745,-0.360104,0.469485,-0.806197,-0.724666,-0.684957,-0.075261,-0.587104,0.556535,0.587881,-0.004552,-0.013599,-0.00523,-0.00452,0.020211,-0.053116,0.483388,-0.09183,-0.032907,0.398262,-0.657247,0.638659,0.400166,-0.733643,-0.663767,-0.145311,0.173653,-0.389869,0.904273,-0.00014,0.003122,-0.014888,-0.16452,0.080196,-0.454138,-1.407322,0.033786,0.027422,-0.009574,0.592761,-0.686366,0.421348,0.789235,0.599262,-0.134129,-0.160437,0.41205,0.896924,-0.000127,0.001815,-0.007237,-0.637836,0.264428,-1.516907,-0.660145,0.086429,0.049794,-0.042007,-0.403548,0.467778,-0.78634,-0.715564,-0.696938,-0.047369,-0.570189,0.543562,0.615973,-0.00224,-0.006711,-0.002578,-0.003897,0.022022,-0.053018,0.467319
105,0.080766,0.038447,0.44017,-0.352682,0.474971,-0.806264,-0.735585,-0.673256,-0.074916,-0.577974,0.566061,0.587833,-0.002966,-0.00189,-0.014552,-0.367938,-0.044326,0.281596,0.480445,-0.091875,-0.032798,0.39765,-0.664739,0.630674,0.400453,-0.725945,-0.6719,-0.146583,0.177468,-0.388921,0.903941,0.000146,0.001844,-0.01588,0.034178,0.008703,-0.004072,-1.407248,0.033764,0.027477,-0.00988,0.601213,-0.678666,0.421845,0.781945,0.608419,-0.1356,-0.164632,0.411384,0.896469,5.7e-05,0.00104,-0.00785,0.033997,0.008871,-0.003472,-0.660308,0.086394,0.049722,-0.04229,-0.396458,0.473232,-0.786684,-0.726332,-0.68577,-0.046484,-0.561482,0.552965,0.615602,-0.001474,-0.000934,-0.00727,-1.320333,-0.137166,0.969603,0.466829
106,0.080696,0.038519,0.439523,-0.350745,0.476172,-0.806401,-0.738221,-0.670375,-0.074826,-0.575793,0.568462,0.587657,-0.001775,0.001669,-0.013179,0.022789,0.053331,-0.169432,0.467554,-0.091853,-0.032733,0.396934,-0.670925,0.62232,0.403197,-0.718677,-0.679676,-0.14655,0.183699,-0.388856,0.902723,0.00055,4.4e-05,-0.017286,0.030338,0.017537,-0.000737,-1.407325,0.033774,0.02751,-0.010238,0.607894,-0.670767,0.424894,0.775373,0.616758,-0.135665,-0.171057,0.411922,0.895019,0.000305,-6e-05,-0.008708,0.04123,-0.006952,-0.008994,-0.661288,0.086357,0.049754,-0.042616,-0.394192,0.474719,-0.786926,-0.729413,-0.682501,-0.046343,-0.559078,0.555726,0.615303,-0.000669,0.004936,-0.011907,0.068621,-0.024112,0.004879,0.455725
107,0.080656,0.038802,0.43894,-0.347953,0.47876,-0.806078,-0.745046,-0.663064,-0.072276,-0.568659,0.574818,0.588419,0.00011,0.007289,-0.010987,-0.085456,-0.028109,0.103891,0.452377,-0.091837,-0.032739,0.396176,-0.681698,0.613305,0.398918,-0.704352,-0.697655,-0.130767,0.198977,-0.370875,0.907041,0.000751,-0.000853,-0.018005,-2.258396,-1.299056,0.817953,-1.407431,0.033782,0.027507,-0.010611,0.619904,-0.661672,0.421791,0.76211,0.635683,-0.122862,-0.186831,0.397614,0.898329,0.000447,-0.000686,-0.009204,0.057639,-0.066509,0.173743,-0.657859,0.086336,0.04989,-0.042909,-0.391638,0.47723,-0.786683,-0.73609,-0.675495,-0.043328,-0.552078,0.562101,0.615834,-0.005514,0.005235,-0.004523,-0.370745,-0.040104,0.281663,0.437273
108,0.080663,0.038986,0.438742,-0.347236,0.479924,-0.805695,-0.74879,-0.659084,-0.069948,-0.564167,0.578409,0.589225,0.001286,0.010792,-0.009619,-4.416153,-0.414205,3.299311,0.449401,-0.091801,-0.032754,0.395824,-0.688912,0.6068,0.396467,-0.694033,-0.709989,-0.11903,0.210138,-0.357906,0.90973,0.000831,-0.001205,-0.018293,-0.033407,-0.014436,0.021806,-1.40702,0.033795,0.027499,-0.010787,0.627345,-0.656697,0.418551,0.752563,0.649428,-0.109042,-0.200211,0.383393,0.901622,0.000481,-0.000845,-0.009338,-0.703755,-0.491335,0.411585,-0.660308,0.086338,0.049975,-0.043006,-0.393708,0.476331,-0.786194,-0.735909,-0.67584,-0.040944,-0.550845,0.562448,0.61662,0.000473,0.004862,-0.005016,0.037783,-0.018727,0.018545,0.431068
109,0.080681,0.039294,0.438522,-0.346136,0.481221,-0.805395,-0.752519,-0.655025,-0.068029,-0.559868,0.581927,0.58986,0.000802,0.00239,0.00093,-0.0,-0.0,0.0,0.450263,-0.091714,-0.03293,0.395253,-0.693643,0.606233,0.389015,-0.683897,-0.723815,-0.091166,0.22719,-0.330027,0.91615,0.002557,-0.01139,-0.008878,-0.748143,-0.383367,0.60894,-1.406933,0.033843,0.027416,-0.011082,0.632576,-0.656336,0.41118,0.742869,0.664342,-0.082422,-0.219068,0.357592,0.907819,0.001328,-0.005897,-0.004659,-2.397126,-1.175109,0.892879,-0.654756,0.08635,0.050142,-0.043121,-0.389742,0.479782,-0.786072,-0.743598,-0.667503,-0.038729,-0.543288,0.569427,0.61692,0.000909,0.006164,-0.004507,0.038099,-0.027971,0.043521,0.425353
110,0.080676,0.039376,0.438524,-0.345563,0.482497,-0.804877,-0.75652,-0.650677,-0.065324,-0.554812,0.58573,0.590873,-0.000653,-0.0089,0.010351,-0.034811,0.017364,-0.016074,0.457242,-0.091619,-0.033453,0.394886,-0.693053,0.607239,0.388496,-0.680059,-0.729505,-0.072636,0.240184,-0.315286,0.918025,0.002952,-0.013148,-0.010298,-0.163852,0.222527,0.437409,-1.407411,0.033891,0.027155,-0.011265,0.632214,-0.657663,0.409612,0.738994,0.670687,-0.063757,-0.232791,0.34301,0.910028,0.001581,-0.007005,-0.005485,-0.28631,0.428729,0.371724,-0.655083,0.08635,0.050194,-0.043121,-0.38915,0.481065,-0.785581,-0.747534,-0.663255,-0.035853,-0.538288,0.573296,0.617718,7.4e-05,0.000214,8.4e-05,0.00128,1.4e-05,0.000387,0.429272
111,0.080664,0.03933,0.438579,-0.345836,0.482429,-0.804801,-0.756542,-0.650683,-0.065012,-0.554612,0.58578,0.591011,2e-06,5e-06,2e-06,-0.0,-0.0,0.0,0.461394,-0.091536,-0.03385,0.394758,-0.698748,0.601033,0.387945,-0.671608,-0.737902,-0.06616,0.24739,-0.307514,0.918747,0.004979,-0.024679,-0.001944,-2.233987,0.392941,-4.726997,-1.407382,0.033929,0.026973,-0.011329,0.634228,-0.655504,0.409961,0.735104,0.675546,-0.057081,-0.239531,0.337567,0.910314,0.001661,-0.007367,-0.005787,-0.082876,0.087904,0.42198,-0.65198,0.086344,0.050171,-0.043093,-0.389419,0.480991,-0.785493,-0.747533,-0.663272,-0.03555,-0.538095,0.573338,0.617847,-1.3e-05,-3.6e-05,-1.4e-05,0.000577,1e-06,-0.000294,0.434007
112,0.080612,0.039176,0.438739,-0.346445,0.482316,-0.804607,-0.756674,-0.650605,-0.06426,-0.554052,0.58596,0.591358,-0.000136,-0.000406,-0.000158,-0.0,-0.0,-0.0,0.464523,-0.09141,-0.034835,0.394592,-0.700275,0.598749,0.388722,-0.665044,-0.745076,-0.050126,0.260505,-0.294354,0.919432,0.005561,-0.027282,-0.004076,-0.904716,-0.411019,-0.076349,-1.407278,0.033994,0.026472,-0.011412,0.639008,-0.649806,0.411607,0.725462,0.686998,-0.041691,-0.255682,0.325246,0.910406,-0.00337,-0.019728,0.002647,-2.923892,-1.360504,-0.622619,-0.658675,0.086318,0.050091,-0.04301,-0.390042,0.480858,-0.785265,-0.747628,-0.663205,-0.034768,-0.537511,0.573526,0.618181,-9.2e-05,-0.000268,-0.000104,0.000331,2.1e-05,-0.000277,0.440866
113,0.080614,0.03907,0.438863,-0.343937,0.484314,-0.804482,-0.760647,-0.646003,-0.063776,-0.550166,0.589387,0.59158,0.000339,0.001011,0.000393,-0.0,-0.0,0.0,0.465466,-0.091271,-0.036143,0.39462,-0.698053,0.601986,0.387719,-0.664105,-0.746729,-0.035968,0.268756,-0.283333,0.920519,0.00744,-0.038186,0.004689,-0.073589,-0.028823,0.093159,-1.407312,0.034063,0.025822,-0.011401,0.636863,-0.652934,0.409977,0.724002,0.689271,-0.02693,-0.265002,0.313975,0.911697,-0.00321,-0.02071,0.001927,-0.052928,-0.034624,0.026122,-0.658349,0.086318,0.050034,-0.042949,-0.387561,0.482902,-0.785239,-0.751656,-0.658674,-0.034082,-0.533675,0.577021,0.618253,-0.000166,-0.003971,0.005365,-0.03446,0.017418,-0.016366,0.443968
114,0.080614,0.039057,0.438889,-0.3447,0.486584,-0.802785,-0.760734,-0.645793,-0.06485,-0.549567,0.587745,0.593767,5.1e-05,0.000152,5.9e-05,0.002188,0.011046,0.004087,0.465608,-0.091159,-0.036879,0.394669,-0.695572,0.605508,0.386692,-0.665135,-0.746163,-0.02774,0.272623,-0.277242,0.921237,0.007586,-0.038837,0.004111,-0.090912,0.006425,0.106462,-1.407475,0.034119,0.025453,-0.011378,0.634133,-0.656267,0.408885,0.724792,0.688713,-0.018674,-0.26935,0.308199,0.912394,0.003877,-0.019802,0.001749,-0.071812,-0.010347,0.09938,-0.663737,0.086319,0.05003,-0.042935,-0.388365,0.485367,-0.783319,-0.751793,-0.658454,-0.035263,-0.532896,0.5752,0.620617,2.6e-05,8.2e-05,3.2e-05,-0.003687,-0.01579,-0.005369,0.444458
115,0.080607,0.039066,0.438883,-0.344842,0.486517,-0.802764,-0.760674,-0.645876,-0.06474,-0.549561,0.587709,0.593807,-0.000103,-0.000308,-0.00012,0.0,2e-06,1e-06,0.467172,-0.090764,-0.038307,0.394618,-0.705368,0.592806,0.388625,-0.649493,-0.760084,-0.01913,0.284943,-0.266631,0.920641,0.008094,-0.041039,0.002203,-0.091889,0.00727,0.105494,-1.407497,0.034316,0.024739,-0.011402,0.644889,-0.64435,0.411011,0.710142,0.703978,-0.010595,-0.282516,0.298709,0.911568,0.003423,-0.01648,-0.004467,-0.043863,-0.009915,0.093866,-0.670596,0.086315,0.050036,-0.042938,-0.388436,0.485078,-0.783464,-0.751716,-0.658554,-0.035045,-0.532953,0.57533,0.620447,-0.005674,0.001302,0.000858,-0.000925,0.014016,-0.029976,0.446091
116,0.080592,0.039079,0.438889,-0.345273,0.486335,-0.802689,-0.760536,-0.646074,-0.064369,-0.54948,0.587642,0.593949,0.000233,0.000695,0.00027,0.0,0.0,0.0,0.468845,-0.090381,-0.039627,0.394279,-0.713192,0.578469,0.39588,-0.632934,-0.774112,-0.008812,0.302263,-0.257561,0.917694,0.005495,-0.024374,-0.019824,-0.124388,0.27388,0.009939,-1.407362,0.034509,0.024073,-0.011564,0.653949,-0.630735,0.417759,0.694543,0.719449,-0.000991,-0.299932,0.2908,0.908556,0.010485,-0.015156,-0.00438,-0.191242,0.279759,0.230827,-0.66586,0.086307,0.050039,-0.042936,-0.388863,0.484879,-0.783375,-0.751553,-0.658759,-0.03468,-0.532872,0.575262,0.62058,-0.005447,0.001977,0.001121,-0.012755,0.085713,-0.215083,0.447397
117,0.080584,0.039081,0.43889,-0.342681,0.488247,-0.802638,-0.764256,-0.641695,-0.064117,-0.545936,0.59084,0.594044,3e-06,1e-05,4e-06,-0.011927,0.071009,-0.185394,0.469449,-0.090212,-0.040148,0.393993,-0.710236,0.579078,0.40028,-0.633787,-0.773447,-0.005339,0.307404,-0.258195,0.915806,0.01964,-0.021789,-0.019619,-0.132317,0.278468,0.04651,-1.407128,0.034595,0.023802,-0.011715,0.650727,-0.630991,0.422379,0.695253,0.718759,0.002629,-0.305248,0.291949,0.906414,0.009834,-0.010934,-0.009848,-0.136295,0.288122,0.050272,-0.668309,0.086304,0.050042,-0.042934,-0.38616,0.486902,-0.783458,-0.755392,-0.654372,-0.034351,-0.529398,0.578553,0.620494,0.0,-1e-06,0.0,0.000335,0.0003,-0.000154,0.44805
118,0.080528,0.039105,0.438903,-0.340333,0.490053,-0.802538,-0.767871,-0.637411,-0.063656,-0.542326,0.59397,0.59423,6e-06,1.7e-05,6e-06,-2.6e-05,-2e-06,1.9e-05,0.470844,-0.089846,-0.041084,0.393219,-0.712558,0.570426,0.408493,-0.622266,-0.782725,0.007837,0.325111,-0.249307,0.912147,0.005455,-0.024089,-0.019864,-0.186012,0.39126,0.05365,-1.406979,0.034777,0.023341,-0.012096,0.653864,-0.622574,0.429957,0.684233,0.729104,0.015176,-0.322932,0.284268,0.902721,0.009754,-0.01043,-0.009529,-0.254042,0.45469,0.341469,-0.670596,0.086276,0.050054,-0.042928,-0.383966,0.48869,-0.783422,-0.759012,-0.650209,-0.03359,-0.525804,0.58173,0.62058,0.0,1e-06,2e-06,0.00036,0.000532,-6.2e-05,0.450173
119,0.080478,0.039105,0.438938,-0.340907,0.489844,-0.802421,-0.767737,-0.637624,-0.063137,-0.542154,0.593913,0.594443,0.000122,0.000363,0.000141,-0.011938,0.070997,-0.185398,0.472866,-0.089341,-0.041924,0.392416,-0.715878,0.56647,0.408194,-0.612007,-0.790449,0.023907,0.337106,-0.233398,0.912002,0.005327,-0.023406,-0.01948,-0.031096,-0.009522,0.077047,-1.407136,0.03503,0.02292,-0.012499,0.656864,-0.618891,0.430699,0.674377,0.737712,0.031553,-0.33726,0.269728,0.901943,0.009688,-0.009982,-0.009251,-0.035491,-0.087581,0.021992,-0.68023,0.086251,0.050054,-0.042911,-0.38454,0.488469,-0.783279,-0.758842,-0.650434,-0.033081,-0.52563,0.581664,0.620789,6.5e-05,0.000196,7.7e-05,-0.011693,0.071034,-0.185572,0.453439
120,0.080441,0.039125,0.438959,-0.341704,0.492087,-0.800708,-0.767772,-0.637478,-0.064189,-0.541603,0.592213,0.596638,5.6e-05,0.000165,6.4e-05,2.8e-05,0.000137,5.1e-05,0.475386,-0.088888,-0.042786,0.391662,-0.724577,0.552945,0.411378,-0.596281,-0.802235,0.028332,0.346605,-0.225447,0.91044,0.00529,-0.02314,-0.019432,0.000171,-0.033579,0.103754,-1.406966,0.035254,0.022498,-0.012868,0.666744,-0.606082,0.433723,0.659576,0.75081,0.035238,-0.347001,0.262579,0.900356,0.010527,-0.014813,-0.004424,-0.035114,-0.07565,0.066616,-0.683659,0.086232,0.050065,-0.0429,-0.385314,0.490725,-0.781486,-0.758922,-0.650285,-0.03415,-0.524947,0.579929,0.622986,3.5e-05,0.000108,4.3e-05,-0.00101,-0.005133,-0.001918,0.456541
121,0.08042,0.039141,0.438977,-0.34175,0.492081,-0.800692,-0.767773,-0.637481,-0.064143,-0.541573,0.592214,0.596664,0.000252,0.000749,0.000291,0.0,2e-06,1e-06,0.475948,-0.088693,-0.043198,0.391303,-0.729338,0.545156,0.413355,-0.587497,-0.808624,0.030137,0.351601,-0.221533,0.909485,0.019432,-0.019911,-0.018709,-2.41856,0.108495,-4.980908,-1.407061,0.035348,0.022282,-0.013055,0.669167,-0.602735,0.434655,0.655722,0.754131,0.036243,-0.349632,0.26076,0.899867,0.00254,-0.011037,-0.009315,-0.220738,0.380849,0.279002,-0.683659,0.086221,0.050071,-0.042892,-0.38535,0.490682,-0.781495,-0.758917,-0.650293,-0.034086,-0.524927,0.579956,0.622978,-0.005441,0.00199,0.001127,-0.000989,0.014007,-0.029911,0.457521
122,0.080382,0.039154,0.439005,-0.341994,0.492002,-0.800637,-0.767727,-0.637559,-0.063919,-0.541484,0.592196,0.596763,2.1e-05,6.3e-05,2.4e-05,0.0,0.0,0.0,0.476909,-0.088465,-0.043989,0.3906,-0.748225,0.52231,0.409076,-0.558204,-0.828815,0.037526,0.359594,-0.20091,0.911148,0.004579,-0.019965,-0.016971,-2.133253,-1.504987,1.105896,-1.406679,0.035468,0.021884,-0.01341,0.693168,-0.576262,0.432943,0.623614,0.780673,0.040657,-0.361416,0.241807,0.900503,0.002341,-0.01014,-0.008626,-0.059444,0.013432,-0.192729,-0.684475,0.086203,0.050079,-0.042877,-0.385591,0.490591,-0.781433,-0.758856,-0.650377,-0.033862,-0.524839,0.579939,0.623068,2e-06,4e-06,3e-06,0.000104,1e-06,-8.1e-05,0.458664
123,0.080327,0.039139,0.439034,-0.342472,0.491834,-0.800535,-0.767622,-0.637729,-0.063484,-0.54133,0.592153,0.596945,-0.000527,-0.001565,-0.000608,-0.001733,0.010283,-0.026866,0.478148,-0.088286,-0.044681,0.389764,-0.77226,0.488382,0.406312,-0.513879,-0.856202,0.052718,0.374607,-0.168681,0.911636,0.004866,-0.021189,-0.018157,-0.156004,-0.009593,0.056371,-1.406133,0.035557,0.021542,-0.013824,0.719742,-0.545711,0.429149,0.581275,0.811688,0.057273,-0.37959,0.208232,0.901415,0.00177,-0.006342,-0.014492,-0.409304,-0.052483,-0.385092,-0.686108,0.086177,0.050075,-0.042861,-0.386044,0.490421,-0.781316,-0.758733,-0.650541,-0.03345,-0.524683,0.579898,0.623236,-1e-06,-1.2e-05,-5e-06,7.5e-05,1.1e-05,-4.3e-05,0.459481
124,0.080274,0.039117,0.43908,-0.34353,0.49399,-0.798753,-0.767634,-0.637636,-0.064267,-0.540641,0.590455,0.599247,-0.0,-0.0,-0.0,0.005909,0.029276,0.010813,0.478338,-0.088132,-0.045108,0.388779,-0.775409,0.479935,0.410359,-0.497764,-0.864391,0.07066,0.389602,-0.150059,0.908601,0.016745,-0.00507,-0.024524,-0.816893,-0.0634,0.656795,-1.405919,0.035637,0.021315,-0.014328,0.724068,-0.537262,0.43252,0.565346,0.821523,0.074041,-0.395105,0.190913,0.898578,0.008343,-0.002363,-0.012122,-0.941307,-0.005331,0.716535,-0.684965,0.086148,0.05006,-0.042839,-0.387165,0.492797,-0.779264,-0.758775,-0.650445,-0.034349,-0.523796,0.577988,0.625752,1e-06,2e-06,1e-06,-0.000511,0.002221,0.0016,0.460297
125,0.08025,0.039111,0.439111,-0.343493,0.494033,-0.798742,-0.767691,-0.637567,-0.06427,-0.540584,0.590494,0.59926,0.000104,0.000308,0.00012,8.6e-05,0.000428,0.000158,0.479139,-0.088071,-0.045164,0.388304,-0.779952,0.469475,0.413835,-0.485247,-0.871197,0.074066,0.396287,-0.143619,0.906749,5.5e-05,0.005038,-0.032001,-0.76427,0.116506,-1.184766,-1.405947,0.035668,0.021281,-0.014557,0.728255,-0.528485,0.436287,0.554728,0.828412,0.077517,-0.402393,0.185569,0.896461,0.000788,-0.002257,-0.01096,-2.459325,-0.055069,-4.709205,-0.686271,0.086136,0.050057,-0.042824,-0.387061,0.492644,-0.779412,-0.758834,-0.650382,-0.034246,-0.523788,0.57819,0.625573,6.7e-05,0.0002,7.9e-05,-0.001751,-0.007785,-0.002719,0.460787
126,0.080198,0.039091,0.439168,-0.343845,0.493938,-0.798649,-0.767671,-0.637627,-0.06391,-0.540388,0.590508,0.599423,1.1e-05,3.2e-05,1.2e-05,-0.011987,0.070903,-0.18543,0.478787,-0.087962,-0.045074,0.387224,-0.788708,0.447973,0.421013,-0.459658,-0.884427,0.08023,0.409289,-0.130791,0.902906,-5.7e-05,0.00554,-0.031618,0.007932,0.13259,0.035578,-1.405948,0.035721,0.021334,-0.015104,0.738888,-0.50666,0.444229,0.528911,0.844558,0.083509,-0.417488,0.173254,0.892012,-4.4e-05,0.002923,-0.015683,0.046292,0.071891,0.023905,-0.690354,0.086111,0.050047,-0.042795,-0.387254,0.492541,-0.779381,-0.758843,-0.650385,-0.033971,-0.523631,0.578273,0.625626,0.0,8e-06,5e-06,3e-06,-0.000155,-0.000105,0.46144
127,0.080133,0.03909,0.439224,-0.344071,0.493894,-0.79858,-0.767676,-0.637646,-0.063672,-0.540238,0.590526,0.599541,1.3e-05,3.8e-05,1.5e-05,0.0,0.0,0.0,0.479856,-0.087731,-0.044809,0.386122,-0.782719,0.449284,0.430681,-0.459415,-0.883875,0.087379,0.420912,-0.130018,0.897659,0.000662,-0.000201,-0.018428,-0.04236,0.098784,0.243219,-1.405894,0.035832,0.02146,-0.01564,0.732816,-0.507215,0.453556,0.528327,0.844208,0.090459,-0.428778,0.173336,0.886624,0.00676,0.005967,-0.014057,-0.030893,0.19103,0.128908,-0.693619,0.086083,0.050046,-0.042768,-0.387588,0.492439,-0.77928,-0.758795,-0.650459,-0.033637,-0.523455,0.578277,0.625771,1e-06,1e-05,5e-06,2e-05,-5e-06,-4.4e-05,0.461767
128,0.080098,0.039078,0.439253,-0.344212,0.493863,-0.798538,-0.767676,-0.637659,-0.063524,-0.540147,0.590536,0.599613,-0.00079,-0.009295,0.010209,-0.034812,0.017372,-0.016065,0.480258,-0.087552,-0.044608,0.385626,-0.779284,0.451465,0.434612,-0.461308,-0.88263,0.089968,0.4252,-0.130931,0.895503,0.01329,0.012796,-0.027365,-0.024767,0.173189,0.117721,-1.405838,0.035922,0.021561,-0.015894,0.729088,-0.509212,0.45731,0.530201,0.842745,0.093092,-0.4328,0.174595,0.88442,0.006625,0.006559,-0.013546,-0.032894,0.192333,0.128279,-0.696232,0.086061,0.050045,-0.042757,-0.387733,0.492398,-0.779234,-0.758772,-0.650494,-0.033496,-0.523381,0.578274,0.625836,-4e-06,-1.2e-05,-1e-06,3.2e-05,2.1e-05,-1.9e-05,0.462257
129,0.080021,0.03911,0.439291,-0.341757,0.49573,-0.798436,-0.77132,-0.633289,-0.06311,-0.536508,0.593662,0.599793,0.000182,0.000539,0.000209,-0.0,-0.0,0.0,0.481141,-0.087234,-0.044059,0.3846,-0.778177,0.449631,0.438479,-0.459146,-0.883601,0.091479,0.429552,-0.130688,0.893459,-0.001667,0.012532,-0.025572,0.063677,0.018398,0.023162,-1.405966,0.036086,0.021836,-0.016407,0.727909,-0.507394,0.461193,0.528239,0.843808,0.094607,-0.437161,0.174755,0.882241,0.006276,0.008068,-0.012232,0.089492,-0.042709,0.071168,-0.697212,0.086022,0.050057,-0.042734,-0.385312,0.494313,-0.779222,-0.762488,-0.646166,-0.03287,-0.519755,0.581483,0.625884,9.4e-05,0.000283,0.000111,0.000195,0.000192,-0.000102,0.463563
130,0.079944,0.03915,0.439322,-0.34208,0.495623,-0.798364,-0.771234,-0.633421,-0.062837,-0.536426,0.593611,0.599918,5e-05,0.000148,5.7e-05,0.0,0.0,0.0,0.481884,-0.086895,-0.043543,0.383789,-0.778889,0.446386,0.440526,-0.455825,-0.885324,0.091424,0.431799,-0.13014,0.892455,-0.000673,0.005586,-0.013388,0.027551,0.068401,-0.163149,-1.40602,0.036255,0.022096,-0.016817,0.72894,-0.504309,0.462945,0.525207,0.84573,0.094319,-0.439093,0.17439,0.881354,0.006126,0.008701,-0.011683,0.077059,-0.016602,0.045936,-0.696886,0.085984,0.050077,-0.042718,-0.385634,0.494199,-0.779135,-0.762383,-0.646303,-0.032603,-0.51967,0.581427,0.626006,2e-05,6.2e-05,2.7e-05,0.000117,-2e-06,-9.9e-05,0.464869
131,0.079897,0.039131,0.439401,-0.34229,0.495604,-0.798286,-0.771289,-0.63338,-0.062577,-0.536213,0.59367,0.600048,-0.000743,-0.009148,0.010267,-0.034808,0.017386,-0.016057,0.48231,-0.086658,-0.043115,0.383204,-0.781339,0.441908,0.440702,-0.451478,-0.8877,0.089946,0.431943,-0.129229,0.892518,0.000522,-0.002216,-0.001951,-0.0,0.0,0.0,-1.405999,0.036373,0.022314,-0.017114,0.731855,-0.49991,0.463116,0.52101,0.848514,0.092583,-0.439244,0.17353,0.881448,0.00026,-0.00105,-0.00093,-6.4e-05,-0.00016,-0.000154,-0.701458,0.08596,0.050072,-0.042682,-0.385826,0.494174,-0.779056,-0.762415,-0.646278,-0.032365,-0.519482,0.581477,0.626117,2e-05,5.9e-05,2.4e-05,7.8e-05,2.2e-05,-5.9e-05,0.465686
132,0.079884,0.039085,0.439456,-0.342291,0.495654,-0.798254,-0.771393,-0.63326,-0.062498,-0.536062,0.593756,0.600098,1e-06,2e-06,1e-06,0.0,0.0,0.0,0.483428,-0.086548,-0.043018,0.383025,-0.7814,0.441611,0.44089,-0.451435,-0.887777,0.089401,0.431877,-0.129714,0.89248,-0.000762,0.005968,-0.013054,0.034128,0.008951,-0.00395,-1.405849,0.036428,0.022364,-0.017195,0.73194,-0.499619,0.463295,0.520974,0.848593,0.092061,-0.439145,0.173982,0.881408,0.007456,0.000298,-0.000773,0.001973,-0.015235,0.029121,-0.700968,0.085954,0.050045,-0.042651,-0.385844,0.494223,-0.779016,-0.762525,-0.646153,-0.032256,-0.519306,0.581575,0.626172,-7e-06,-2e-05,-9e-06,4.8e-05,-1.3e-05,-7.3e-05,0.466176
133,0.079866,0.038923,0.439611,-0.339732,0.49766,-0.798099,-0.775323,-0.628498,-0.061933,-0.532011,0.597122,0.600363,-0.000829,-0.009405,0.010171,-0.035102,0.017349,-0.015845,0.484192,-0.086395,-0.043046,0.382679,-0.786774,0.431526,0.44132,-0.440461,-0.893357,0.088547,0.433457,-0.125244,0.892352,0.001703,-0.007205,-0.006359,-0.001075,0.010048,-0.026996,-1.405986,0.036502,0.022363,-0.017364,0.738118,-0.490016,0.46375,0.510531,0.855041,0.090893,-0.441064,0.169669,0.88129,4.8e-05,0.001199,-0.008111,0.033744,0.009121,-0.003674,-0.697538,0.085945,0.049966,-0.042578,-0.383285,0.496277,-0.778974,-0.766511,-0.641457,-0.031514,-0.515319,0.585013,0.626263,-2.5e-05,-6.8e-05,-2.6e-05,-0.000656,0.000542,0.000712,0.467319
134,0.07986,0.038753,0.439794,-0.3401,0.497672,-0.797935,-0.775565,-0.628258,-0.061344,-0.531423,0.597366,0.600642,-0.000786,-0.009279,0.010224,-0.034818,0.017357,-0.016068,0.485634,-0.086349,-0.043254,0.382263,-0.785531,0.432941,0.442149,-0.440505,-0.892983,0.092035,0.435665,-0.123001,0.891588,0.000508,0.0006,-0.017822,0.030264,0.016171,-0.001098,-1.405746,0.036527,0.02225,-0.017572,0.736624,-0.491324,0.464741,0.510415,0.85471,0.094578,-0.443688,0.167543,0.88038,0.001059,-0.00445,-0.00394,0.012555,-0.002324,-0.030965,-0.689537,0.085942,0.049882,-0.042487,-0.383651,0.496283,-0.77879,-0.766725,-0.64123,-0.030915,-0.514726,0.585258,0.626522,-0.0,4e-06,1e-06,0.000145,8e-06,-0.000129,0.468951
135,0.079854,0.038684,0.43987,-0.340263,0.497674,-0.797864,-0.775663,-0.628162,-0.061091,-0.531176,0.597465,0.600762,-0.0,-0.0,-0.0,0.0,0.0,0.0,0.485406,-0.086329,-0.043434,0.382107,-0.786086,0.438457,0.435677,-0.440963,-0.891673,0.102003,0.434195,-0.11247,0.893694,0.002043,-0.008642,-0.007665,-0.181028,-0.127058,0.076562,-1.40574,0.036536,0.022166,-0.017653,0.736973,-0.496491,0.458657,0.510515,0.853591,0.103703,-0.442994,0.157726,0.88254,0.001023,-0.004372,-0.003935,-1.989052,-1.510292,1.117705,-0.691007,0.085939,0.049843,-0.042444,-0.383828,0.496281,-0.778704,-0.76682,-0.64113,-0.030632,-0.514453,0.585369,0.626642,-2e-06,3e-06,0.0,0.000121,2e-06,-0.000108,0.469931
136,0.079847,0.038573,0.440004,-0.340521,0.497685,-0.797748,-0.775835,-0.627989,-0.060678,-0.530759,0.597637,0.600959,2e-06,5e-06,2e-06,0.0,0.0,0.0,0.485394,-0.086229,-0.043808,0.381787,-0.786692,0.449076,0.423601,-0.442793,-0.888533,0.119904,0.43122,-0.09379,0.897283,0.002275,-0.009617,-0.008561,-0.047581,-0.100633,0.190245,-1.405874,0.036586,0.021975,-0.017816,0.737025,-0.50763,0.44621,0.511659,0.85043,0.12236,-0.441585,0.138125,0.886522,0.001179,-0.004958,-0.00441,-0.18746,-0.132941,0.080332,-0.694599,0.085935,0.049788,-0.042377,-0.384083,0.496285,-0.778575,-0.766973,-0.640967,-0.03021,-0.514035,0.585544,0.626821,-6e-06,-3e-06,-3e-06,7.5e-05,3e-06,-7.3e-05,0.470258
137,0.079829,0.038491,0.440087,-0.340742,0.497672,-0.797661,-0.775929,-0.627903,-0.060364,-0.53048,0.597738,0.601106,-0.0,-1e-06,-0.0,0.0,0.0,0.0,0.485452,-0.086242,-0.044047,0.381336,-0.784584,0.4533,0.423011,-0.445279,-0.886653,0.124527,0.432499,-0.091211,0.896933,0.00049,0.00068,-0.017818,0.033358,0.010375,-0.003386,-1.405608,0.036581,0.02185,-0.018039,0.734477,-0.511759,0.445696,0.513951,0.848346,0.127133,-0.443166,0.135689,0.88611,0.00102,-0.004286,-0.003827,0.007074,-0.000485,-0.029401,-0.698192,0.085926,0.049747,-0.042336,-0.384302,0.496266,-0.778479,-0.767052,-0.640887,-0.029893,-0.513752,0.585647,0.626956,-2e-06,4e-06,1e-06,4.6e-05,-9e-06,-5.9e-05,0.470421
138,0.079829,0.038464,0.440128,-0.340804,0.497681,-0.797629,-0.775984,-0.627846,-0.060255,-0.53036,0.597791,0.601159,1.7e-05,5.2e-05,2e-05,0.0,0.0,0.0,0.485763,-0.086296,-0.044135,0.38113,-0.784434,0.455425,0.421002,-0.446214,-0.885817,0.127108,0.431806,-0.088707,0.897518,0.001562,-0.006612,-0.005914,0.00743,-0.06954,0.186175,-1.405828,0.036554,0.021806,-0.018149,0.734302,-0.513769,0.443667,0.514673,0.847531,0.129622,-0.442618,0.133163,0.886767,0.000139,0.000812,-0.008488,0.038634,0.009631,-0.006549,-0.698681,0.085926,0.049734,-0.042315,-0.384362,0.496274,-0.778445,-0.767103,-0.640831,-0.02978,-0.513632,0.585701,0.627005,7e-06,2.7e-05,1.1e-05,4.1e-05,-1.8e-05,-5e-05,0.470748
139,0.079835,0.038414,0.440191,-0.340892,0.497697,-0.797581,-0.776075,-0.627749,-0.060087,-0.53017,0.597878,0.60124,2e-06,6e-06,2e-06,0.0,0.0,0.0,0.486272,-0.086354,-0.044353,0.380854,-0.783396,0.459741,0.418234,-0.446599,-0.884325,0.135837,0.433291,-0.080932,0.897537,0.001367,-0.005794,-0.005195,-0.001997,0.011738,-0.026308,-1.405605,0.036525,0.0217,-0.018285,0.732846,-0.518193,0.440921,0.514852,0.846008,0.138548,-0.444818,0.125475,0.886787,0.000725,-0.003048,-0.002729,0.013458,0.00259,-0.032806,-0.700968,0.085929,0.049709,-0.042284,-0.384448,0.496289,-0.778393,-0.767188,-0.640738,-0.029608,-0.513441,0.585791,0.627077,-0.000393,-0.00464,0.005116,-0.034787,0.017324,-0.016113,0.471074
140,0.079822,0.038388,0.440212,-0.33803,0.499693,-0.797551,-0.779794,-0.623134,-0.059976,-0.526538,0.601028,0.60129,-0.0,-1e-06,-0.0,-0.000964,-7.2e-05,0.000727,0.486122,-0.086448,-0.044501,0.380546,-0.784099,0.464215,0.411928,-0.44662,-0.882849,0.145057,0.431995,-0.070806,0.899016,0.001301,-0.00552,-0.004959,-1.985346,-1.52672,1.131795,-1.405341,0.036478,0.021625,-0.018439,0.7333,-0.521523,0.436215,0.514595,0.845042,0.145242,-0.444367,0.117968,0.888043,-0.000207,0.002275,-0.00719,0.03871,0.012069,-0.007052,-0.693456,0.085922,0.049695,-0.042273,-0.381609,0.498337,-0.778481,-0.770988,-0.636174,-0.029304,-0.509853,0.589018,0.626982,1e-06,4e-06,1e-06,-0.002944,0.000389,0.002443,0.471401
141,0.079822,0.038388,0.440212,-0.33803,0.499693,-0.797551,-0.779794,-0.623134,-0.059976,-0.526538,0.601028,0.60129,0.000199,0.00059,0.000229,-0.0,-0.0,0.0,0.485963,-0.086594,-0.044267,0.380149,-0.787137,0.465064,0.405121,-0.442757,-0.883281,0.153994,0.430443,-0.058727,0.900629,-0.001838,0.010544,-0.009,-0.01723,-0.052881,0.081196,-1.405492,0.036408,0.021728,-0.018644,0.736537,-0.523877,0.42786,0.510476,0.845527,0.156515,-0.443762,0.103133,0.890189,-0.000806,0.004823,-0.004899,-0.152453,-0.147038,0.13269,-0.687414,0.085922,0.049694,-0.042274,-0.381615,0.498339,-0.778477,-0.770984,-0.636179,-0.029306,-0.509855,0.589011,0.626987,0.000159,0.000471,0.000183,0.000129,1e-06,-0.000121,0.471074
142,0.079819,0.03838,0.440209,-0.338186,0.49963,-0.797524,-0.779746,-0.623207,-0.059843,-0.526509,0.601005,0.601339,-0.000379,-0.00112,-0.000435,0.0,0.0,0.0,0.486036,-0.086707,-0.043948,0.379918,-0.788551,0.465472,0.401889,-0.439047,-0.883649,0.162279,0.431658,-0.049055,0.900627,-0.004178,0.023234,-0.016072,-2.595425,-0.557885,-4.603858,-1.405547,0.036351,0.021889,-0.018764,0.738378,-0.525312,0.422899,0.508058,0.845679,0.163411,-0.443479,0.094198,0.89132,-0.002175,0.011827,-0.007753,-2.603208,-0.568977,-4.599405,-0.686761,0.085922,0.049695,-0.042274,-0.38177,0.498272,-0.778444,-0.770927,-0.636254,-0.029175,-0.509826,0.588985,0.627034,-0.000257,-0.000762,-0.000295,0.000112,-6e-06,-8.9e-05,0.471074
143,0.079819,0.038373,0.440217,-0.338203,0.49963,-0.797517,-0.779756,-0.623197,-0.059818,-0.526484,0.601014,0.601351,-0.0,-0.0,-0.0,0.0,0.0,0.0,0.485701,-0.087015,-0.043066,0.379428,-0.78855,0.472882,0.393143,-0.437923,-0.880551,0.181072,0.432801,-0.029964,0.900915,-0.004709,0.025514,-0.014036,-0.310877,0.219817,0.327249,-1.405165,0.036197,0.022326,-0.018999,0.738482,-0.531419,0.415015,0.504628,0.843816,0.182549,-0.447207,0.074619,0.891312,-0.002362,0.012818,-0.006959,-0.931869,0.09365,0.630487,-0.692803,0.085921,0.049688,-0.042271,-0.381788,0.49827,-0.778436,-0.770932,-0.636249,-0.02915,-0.509804,0.588993,0.627045,-0.0,5e-06,1e-06,5.5e-05,1e-06,-7.1e-05,0.471074
144,0.079818,0.038366,0.440225,-0.338743,0.501947,-0.795831,-0.77985,-0.622961,-0.06104,-0.525997,0.599325,0.60346,-0.0,-0.0,-0.0,0.000727,0.003542,0.001293,0.485589,-0.087328,-0.041951,0.3787,-0.791802,0.472929,0.386495,-0.429134,-0.880978,0.199138,0.435669,-0.008763,0.899989,-0.01895,0.022049,-0.015047,-0.15792,-0.045108,0.188161,-1.404921,0.036045,0.02289,-0.019358,0.740724,-0.532255,0.409917,0.495534,0.844872,0.201586,-0.453623,0.053808,0.889567,-0.003027,0.017027,-0.012416,-0.552917,-0.522249,0.684362,-0.696232,0.085921,0.049685,-0.042267,-0.382339,0.500719,-0.776592,-0.771086,-0.636001,-0.030443,-0.509158,0.58718,0.629266,-0.0,1e-06,1e-06,-0.0038,-0.015892,-0.005349,0.471074
145,0.079818,0.038359,0.440232,-0.335781,0.503945,-0.795824,-0.783535,-0.618322,-0.061015,-0.522414,0.602439,0.603472,-0.0,-0.0,-0.0,-7.6e-05,4.5e-05,8.5e-05,0.485354,-0.087451,-0.04133,0.378276,-0.793851,0.472008,0.383405,-0.423273,-0.881501,0.209114,0.437675,0.003138,0.899052,-0.006028,0.033883,-0.024994,-1.864333,-1.611128,1.427561,-1.405139,0.035978,0.023197,-0.019566,0.742682,-0.530447,0.408714,0.489447,0.846543,0.209296,-0.457015,0.044603,0.888339,-0.003122,0.017468,-0.012026,0.069454,-0.040149,-0.027533,-0.690517,0.08592,0.049681,-0.042263,-0.379361,0.502645,-0.776809,-0.774855,-0.631417,-0.03016,-0.505651,0.590474,0.629012,-1e-06,2e-06,2e-06,-0.000667,-0.002526,-0.000831,0.470911
146,0.079809,0.038355,0.440242,-0.33582,0.503938,-0.795812,-0.783537,-0.618324,-0.060972,-0.522385,0.602443,0.603492,-0.0,-0.0,-0.0,0.0,0.0,0.0,0.485374,-0.087714,-0.040279,0.377457,-0.792299,0.47853,0.378501,-0.421866,-0.877755,0.226957,0.441834,0.01955,0.896808,-0.018036,0.018289,-0.018411,-0.585934,-0.322781,0.439261,-1.405149,0.035852,0.023725,-0.019966,0.741031,-0.536706,0.403507,0.487247,0.843287,0.226841,-0.46202,0.028511,0.88641,-0.001895,0.010878,-0.008697,-0.026288,0.115297,0.338223,-0.686761,0.085916,0.049679,-0.042259,-0.379399,0.502615,-0.77681,-0.77485,-0.631427,-0.030107,-0.505631,0.590489,0.629014,-2e-06,1e-06,3e-06,0.000143,-3.8e-05,-0.000146,0.470748
147,0.079758,0.038368,0.44025,-0.335959,0.503896,-0.79578,-0.783495,-0.618388,-0.060863,-0.522359,0.602413,0.603545,-0.011206,0.003052,0.001893,-0.000984,0.014715,-0.029553,0.484982,-0.087839,-0.039577,0.376664,-0.790304,0.477973,0.383344,-0.418056,-0.877962,0.233121,0.448981,0.023388,0.893158,-0.002589,0.016486,-0.022097,-0.234485,0.517523,0.263625,-1.405252,0.035781,0.024087,-0.020366,0.740243,-0.536605,0.405084,0.483423,0.843529,0.234005,-0.46727,0.022606,0.883825,-0.001184,0.007827,-0.011416,-0.249664,0.508275,0.456459,-0.694436,0.085895,0.049685,-0.042255,-0.379515,0.502575,-0.776779,-0.774806,-0.631485,-0.030018,-0.505611,0.590461,0.629056,-1e-06,1e-06,3e-06,0.000111,1.1e-05,-8.5e-05,0.470421
148,0.079694,0.038375,0.440298,-0.336306,0.503802,-0.795693,-0.783447,-0.618481,-0.060534,-0.522207,0.602396,0.603694,8.9e-05,0.000262,0.000102,0.0,0.0,0.0,0.484153,-0.087966,-0.039036,0.375897,-0.786269,0.47931,0.389915,-0.416607,-0.877201,0.238517,0.457346,0.024505,0.888874,-0.001092,0.007376,-0.011821,-0.060441,0.160628,0.091261,-1.405126,0.03572,0.024349,-0.020751,0.734686,-0.538135,0.413092,0.481805,0.842566,0.240718,-0.477597,0.022178,0.878298,-0.001222,0.007988,-0.011276,-0.044821,0.210568,0.112481,-0.697375,0.085858,0.049689,-0.04223,-0.379882,0.502465,-0.77667,-0.774731,-0.631594,-0.029675,-0.505451,0.590438,0.629207,-0.00555,0.001688,0.001012,-0.000917,0.014722,-0.029611,0.469441
149,0.079639,0.03836,0.440327,-0.336514,0.503753,-0.795636,-0.783427,-0.618526,-0.060333,-0.522103,0.602391,0.603788,-0.000121,-0.000359,-0.000139,0.0,0.0,0.0,0.484332,-0.088003,-0.038797,0.375572,-0.785838,0.477036,0.393556,-0.412602,-0.87838,0.241126,0.461706,0.026515,0.886559,-0.001018,0.007061,-0.012102,-0.071243,0.187174,0.07145,-1.405231,0.0357,0.024475,-0.020921,0.734367,-0.535858,0.416605,0.477969,0.844056,0.243131,-0.481923,0.020577,0.875971,-0.001419,0.008831,-0.010521,-0.042037,0.193095,0.133906,-0.696722,0.085831,0.049682,-0.042216,-0.380087,0.502412,-0.776605,-0.774701,-0.63164,-0.029475,-0.505344,0.590434,0.629297,-8.4e-05,-0.000243,-9.3e-05,5.2e-05,-2e-06,-4.8e-05,0.469278
150,0.079494,0.038378,0.440374,-0.333968,0.50562,-0.795524,-0.786985,-0.61403,-0.05995,-0.518379,0.605413,0.603974,-0.0,-0.0,-0.0,-1.318945,-0.099394,1.001363,0.484284,-0.088077,-0.038195,0.374836,-0.787609,0.468074,0.400712,-0.399666,-0.882962,0.246127,0.470009,0.033123,0.881962,-0.001262,0.008105,-0.011169,-0.283133,0.076627,-0.330298,-1.405019,0.035665,0.024767,-0.021283,0.736042,-0.528175,0.423404,0.466817,0.848994,0.247566,-0.490227,0.015433,0.871457,0.005768,0.009952,-0.010453,-2.336847,-1.064104,-4.700203,-0.689537,0.085759,0.04969,-0.042192,-0.378452,0.503714,-0.77656,-0.7772,-0.628586,-0.028968,-0.502726,0.59258,0.629376,-7.7e-05,-0.000136,-5.9e-05,-4.391667,-0.338666,3.342309,0.469278
151,0.079344,0.038426,0.440393,-0.334232,0.505549,-0.795459,-0.786891,-0.614168,-0.059766,-0.518352,0.605332,0.604078,-0.0,-0.0,-0.0,0.0,0.0,0.0,0.484039,-0.088147,-0.037632,0.374232,-0.782498,0.472217,0.405831,-0.402135,-0.880806,0.249802,0.476402,0.031688,0.878578,-0.003263,0.019364,-0.019515,0.033907,0.058285,0.072054,-1.404529,0.03563,0.025049,-0.021592,0.730947,-0.530802,0.428912,0.46763,0.847333,0.25169,-0.497029,0.016601,0.867574,-0.000844,0.005011,-0.004728,0.027018,0.027775,0.047433,-0.688068,0.085683,0.049715,-0.042183,-0.377822,0.504252,-0.776518,-0.778217,-0.627337,-0.028729,-0.501626,0.593445,0.629439,-0.005209,0.006163,-0.004169,0.033979,-0.002639,-0.013619,0.469115
152,0.079282,0.038434,0.4404,-0.334414,0.505493,-0.795418,-0.786835,-0.614253,-0.059622,-0.518318,0.605294,0.604146,-2.1e-05,-6.1e-05,-2.4e-05,0.0,0.0,0.0,0.484097,-0.088182,-0.037368,0.374024,-0.779473,0.475817,0.407445,-0.403364,-0.878789,0.254872,0.48031,0.033729,0.876372,-0.001952,0.011053,-0.008532,-0.121832,0.261525,0.136048,-1.405042,0.035612,0.025183,-0.021701,0.72828,-0.533805,0.42972,0.468579,0.845477,0.256126,-0.50004,0.014826,0.865874,-0.001026,0.005785,-0.004035,-0.205009,0.381103,0.165256,-0.688394,0.085653,0.049719,-0.04218,-0.378003,0.504191,-0.776469,-0.778151,-0.627425,-0.028589,-0.501591,0.593404,0.629505,-1.1e-05,-3e-05,-9e-06,0.000119,1.2e-05,-9.3e-05,0.469115
153,0.079174,0.038451,0.440444,-0.334744,0.505412,-0.795331,-0.786778,-0.614354,-0.059328,-0.518191,0.605258,0.60429,-0.011077,0.003432,0.002042,-0.000984,0.014715,-0.029553,0.483952,-0.0883,-0.036991,0.37361,-0.782556,0.472551,0.405331,-0.394829,-0.879991,0.263931,0.482391,0.04592,0.874673,-0.015583,0.005263,-0.011618,-1.992434,-1.69761,0.909252,-1.404855,0.035551,0.025382,-0.021906,0.730862,-0.530948,0.428875,0.460136,0.847395,0.264941,-0.504097,0.003705,0.863638,-0.007759,0.002525,-0.00596,-1.959616,-1.729759,0.897253,-0.689374,0.085602,0.049725,-0.042158,-0.378307,0.504109,-0.776374,-0.778084,-0.627521,-0.028316,-0.501465,0.593373,0.629635,-0.000312,-0.00439,0.005217,-0.034736,0.017376,-0.016103,0.469115
154,0.079093,0.038409,0.440526,-0.3321,0.507329,-0.795218,-0.790425,-0.609694,-0.058937,-0.514335,0.608354,0.604477,-0.011201,0.003072,0.001903,-0.000984,0.014715,-0.029553,0.482563,-0.088372,-0.036801,0.373303,-0.787719,0.471072,0.396967,-0.386894,-0.879673,0.276447,0.480416,0.063595,0.874654,4.4e-05,-0.00019,-0.00017,-0.000328,0.00052,0.000237,-1.404776,0.035516,0.025472,-0.022063,0.73662,-0.530261,0.419776,0.45194,0.847703,0.277756,-0.50313,-0.014887,0.864082,-0.000781,0.004721,-0.004985,0.049414,-0.003999,0.014755,-0.69019,0.085558,0.049706,-0.042116,-0.375705,0.50607,-0.776362,-0.781791,-0.622923,-0.027719,-0.497642,0.596539,0.629676,-0.005603,0.001535,0.000953,-0.000738,0.014987,-0.029647,0.468462
155,0.079023,0.038328,0.440633,-0.332494,0.507281,-0.795084,-0.790492,-0.609652,-0.058464,-0.513976,0.608436,0.604699,-4e-06,-1.2e-05,-5e-06,-0.0,-0.0,0.0,0.483806,-0.088411,-0.036657,0.37324,-0.786256,0.47405,0.396319,-0.388133,-0.87789,0.280347,0.481811,0.066013,0.873707,-0.000331,0.001417,0.001266,-0.107912,0.179387,0.077852,-1.404521,0.035497,0.025544,-0.022095,0.735278,-0.532792,0.418925,0.45276,0.84607,0.281375,-0.504355,-0.017216,0.863324,-0.000182,0.000788,0.000704,-0.139336,0.21778,0.083029,-0.695906,0.085523,0.049665,-0.042063,-0.376096,0.506013,-0.776209,-0.781833,-0.622892,-0.027243,-0.49728,0.59662,0.629885,-0.0,1e-06,0.0,0.000133,1e-05,-0.000113,0.468298
156,0.078995,0.0383,0.440676,-0.332645,0.507264,-0.795032,-0.790518,-0.609635,-0.058283,-0.513839,0.608467,0.604785,-0.0,-0.0,-0.0,0.0,0.0,0.0,0.483919,-0.088511,-0.036646,0.373181,-0.786335,0.473587,0.396717,-0.387761,-0.878159,0.280021,0.481982,0.065773,0.873631,0.000151,-0.000649,-0.00058,-0.001576,0.002623,0.001139,-1.404461,0.035446,0.025553,-0.022121,0.735031,-0.532579,0.419628,0.452529,0.846211,0.281323,-0.504921,-0.016888,0.863,-0.000696,0.004337,-0.005324,0.037047,0.061017,-0.162636,-0.697702,0.085509,0.049651,-0.042042,-0.376246,0.505992,-0.776151,-0.781849,-0.622879,-0.027061,-0.497141,0.596651,0.629965,-0.000393,-0.004621,0.005128,-0.034715,0.017374,-0.016162,0.468462
157,0.078965,0.038304,0.440711,-0.332746,0.507254,-0.794996,-0.790531,-0.60963,-0.058169,-0.513754,0.60848,0.604844,5.6e-05,0.000163,6.3e-05,0.0,0.0,0.0,0.4841,-0.088799,-0.036566,0.372947,-0.783292,0.475034,0.400982,-0.387648,-0.877416,0.282495,0.487007,0.065248,0.870879,-0.00149,0.009094,-0.010279,-0.097002,0.218962,0.118771,-1.404688,0.035303,0.025587,-0.022237,0.732283,-0.533348,0.423439,0.452088,0.845741,0.283437,-0.509291,-0.016125,0.860442,-0.007083,-0.001728,-0.000501,-0.204601,0.331734,0.092446,-0.697375,0.085494,0.049654,-0.042024,-0.376349,0.505978,-0.77611,-0.781853,-0.622879,-0.026946,-0.497057,0.596664,0.63002,2.5e-05,7.8e-05,3e-05,7.7e-05,7e-06,-4.8e-05,0.468625
158,0.078936,0.038309,0.440694,-0.332823,0.507217,-0.794987,-0.790479,-0.609701,-0.058131,-0.513784,0.60844,0.604859,-0.000238,-0.000698,-0.000271,0.0,0.0,0.0,0.483853,-0.089069,-0.036349,0.372719,-0.777168,0.480623,0.406206,-0.388848,-0.874204,0.290686,0.495792,0.067364,0.865745,-0.001906,0.010896,-0.008668,-0.123923,0.263668,0.138521,-1.405026,0.035169,0.025694,-0.022353,0.725451,-0.538393,0.428779,0.452734,0.842508,0.291908,-0.518412,-0.017642,0.854948,-0.008149,0.004224,-0.004384,-0.177567,0.358002,0.13511,-0.691823,0.08548,0.049658,-0.042032,-0.376425,0.505939,-0.776098,-0.781797,-0.622951,-0.026912,-0.497087,0.596622,0.630036,-0.000158,-0.000465,-0.000181,5e-05,5e-06,-4.9e-05,0.468788
159,0.078928,0.038318,0.440688,-0.33283,0.50721,-0.794989,-0.790462,-0.609722,-0.058139,-0.513804,0.608426,0.604856,-3e-06,-1e-05,-4e-06,0.0,0.0,0.0,0.484334,-0.089225,-0.036094,0.372507,-0.772213,0.484229,0.411341,-0.389913,-0.872249,0.2951,0.502656,0.066893,0.861815,-0.003587,0.020832,-0.018194,-0.187934,0.426833,0.233711,-1.404849,0.035091,0.025818,-0.022455,0.720627,-0.541235,0.433312,0.453525,0.840705,0.295851,-0.524414,-0.01668,0.851299,-0.001039,0.005841,-0.003977,-0.366063,0.620736,0.261945,-0.687741,0.085475,0.04966,-0.042036,-0.376433,0.505931,-0.7761,-0.78178,-0.622972,-0.02692,-0.497108,0.596607,0.630034,2e-06,2e-06,1e-06,4.2e-05,-7e-06,-4.2e-05,0.468788
