frame,MLTx,MLTy,MLTz,MLTR1,MLTR2,MLTR3,MLTR4,MLTR5,MLTR6,MLTR7,MLTR8,MLTR9,MLTTVx,MLTTVy,MLTTVz,MLTRVx,MLTRVy,MLTRVz,MLGA,MRTx,MRTy,MRTz,MRTR1,MRTR2,MRTR3,MRTR4,MRTR5,MRTR6,MRTR7,MRTR8,MRTR9,MRTTVx,MRTTVy,MRTTVz,MRTRVx,MRTRVy,MRTRVz,MRGA,SLTx,SLTy,SLTz,SLTR1,SLTR2,SLTR3,SLTR4,SLTR5,SLTR6,SLTR7,SLTR8,SLTR9,SLTTVx,SLTTVy,SLTTVz,SLTRVx,SLTRVy,SLTRVz,SLGA,SRTx,SRTy,SRTz,SRTR1,SRTR2,SRTR3,SRTR4,SRTR5,SRTR6,SRTR7,SRTR8,SRTR9,SRTTVx,SRTTVy,SRTTVz,SRTRVx,SRTRVy,SRTRVz,SRGA
3498,0.229032,-0.080031,0.293844,-0.922174,-0.238827,-0.304307,0.016858,-0.810792,0.585068,-0.385313,0.534698,0.752103,0.066876,0.008948,0.031187,-1.610912,-1.241545,0.083837,-1.911088,-0.096103,-0.023464,0.258283,-0.324514,0.67367,0.663967,-0.389246,-0.73478,0.555446,0.862447,-0.079034,0.499803,0.021936,-0.042178,0.083454,0.083037,-0.323663,-0.219849,0.533768,0.073708,0.045465,-0.032228,0.234563,-0.637209,0.734127,0.386365,0.754096,0.531093,-0.892021,0.159066,0.423079,0.009886,-0.015082,0.038436,0.134186,-0.350356,-0.215586,0.523222,0.116171,0.013718,-0.060834,0.906401,0.258988,-0.333709,-0.051702,0.852076,0.520857,0.419242,-0.454852,0.785713,0.033749,0.000225,0.021589,-2.028567,-1.466573,-0.056106,-1.061571
3499,0.230771,-0.078961,0.29475,-0.910437,-0.250084,-0.329557,-0.007621,-0.786399,0.617649,-0.412496,0.56515,0.714478,0.029596,0.044834,0.015691,-1.803933,0.637574,-1.393973,-1.911265,-0.094967,-0.024723,0.261372,-0.344056,0.664793,0.663074,-0.393056,-0.743213,0.541364,0.853116,-0.075192,0.516142,0.033723,-0.016448,0.068138,0.338075,-0.515722,-0.309921,0.523717,0.074256,0.044846,-0.030689,0.252586,-0.630053,0.734325,0.390494,0.760761,0.518417,-0.885276,0.155804,0.438189,0.01671,-0.007772,0.03479,0.022571,-0.229196,-0.048435,0.523222,0.117043,0.014225,-0.060367,0.893122,0.268464,-0.360912,-0.02626,0.832112,0.553983,0.449045,-0.485298,0.750228,0.006326,0.022116,0.008477,-1.041924,-0.978821,0.401966,-1.03871
3500,0.230778,-0.076622,0.295132,-0.906636,-0.254729,-0.336407,-0.017663,-0.773695,0.63329,-0.420468,0.580419,0.697387,-0.023279,0.067916,0.007336,-0.076063,-0.324482,0.29331,-1.91087,-0.09356,-0.025352,0.263973,-0.353761,0.651419,0.671191,-0.392627,-0.754639,0.52564,0.849347,-0.078386,0.52185,0.032195,-0.007084,0.056823,0.185288,-0.3364,-0.14388,0.523613,0.074972,0.044525,-0.029345,0.263661,-0.616093,0.742233,0.392503,0.771403,0.500877,-0.881148,0.159268,0.445207,0.017,-0.009091,0.032426,0.218664,-0.309212,-0.382523,0.522732,0.117067,0.015438,-0.06016,0.888155,0.275311,-0.367945,-0.015931,0.81864,0.574085,0.459267,-0.504014,0.731465,-0.011689,0.034351,0.00428,0.069673,-0.269959,0.314729,-1.029892
3501,0.230231,-0.075403,0.295424,-0.90426,-0.256995,-0.341047,-0.021004,-0.770972,0.636501,-0.425392,0.583042,0.692193,-0.022346,0.057746,0.016306,-0.17395,-0.26054,0.047994,-1.910491,-0.092788,-0.025539,0.265005,-0.357009,0.640526,0.679898,-0.391301,-0.763381,0.513875,0.848604,-0.083381,0.522285,0.033171,-0.011339,0.049979,0.325827,-0.327721,-0.477483,0.526343,0.075368,0.044434,-0.028799,0.265911,-0.605106,0.750425,0.391942,0.779068,0.489318,-0.880722,0.164008,0.444329,0.016623,-0.005988,0.02447,0.251709,-0.26801,-0.417101,0.523059,0.116816,0.016011,-0.060016,0.886037,0.276541,-0.372105,-0.013038,0.817166,0.576254,0.46343,-0.505731,0.727645,-0.019567,0.02837,0.008481,-0.336621,-0.450329,0.153146,-1.030056
3502,0.228626,-0.073338,0.29593,-0.901685,-0.264816,-0.341881,-0.019691,-0.76468,0.644088,-0.430874,0.587822,0.684718,-0.055169,0.052962,0.012413,-0.286719,-0.219163,-0.224403,-1.910602,-0.091196,-0.026127,0.26637,-0.362499,0.619549,0.696237,-0.386874,-0.779585,0.492453,0.848313,-0.09161,0.521379,0.036232,-0.024055,0.030012,0.087062,-0.020212,-0.50441,0.534168,0.076148,0.044159,-0.028113,0.272422,-0.583169,0.765309,0.390906,0.793873,0.465786,-0.879191,0.172274,0.444233,0.018148,-0.012265,0.014612,0.145254,-0.09648,-0.517284,0.523548,0.11599,0.017094,-0.059739,0.882979,0.284151,-0.373637,-0.01402,0.811579,0.584073,0.469201,-0.510487,0.720591,-0.027596,0.026498,0.006251,-0.352819,-0.261867,-0.232082,-1.02924
3503,0.226903,-0.071247,0.296721,-0.89925,-0.271355,-0.343163,-0.018481,-0.760202,0.649402,-0.435975,0.590652,0.679031,-0.055435,0.059784,0.021817,0.069027,0.022693,-0.084918,-1.910444,-0.089678,-0.027306,0.267262,-0.36981,0.60896,0.701713,-0.394277,-0.786647,0.475043,0.841731,-0.101747,0.530095,0.040114,-0.042664,0.026259,-0.088391,-1.969037,1.404215,0.535942,0.076907,0.043572,-0.027672,0.278422,-0.570811,0.772434,0.399381,0.800214,0.447383,-0.873484,0.183934,0.450769,0.019086,-0.015875,0.008949,0.496487,-0.25608,-0.69375,0.523222,0.11515,0.018108,-0.059366,0.879738,0.291248,-0.37581,-0.014827,0.80684,0.590583,0.475225,-0.513987,0.714126,-0.019481,0.030874,0.011423,0.146957,0.03211,-0.021937,-1.032669
3504,0.224872,-0.068456,0.297755,-0.898655,-0.272544,-0.343781,-0.016977,-0.761495,0.647926,-0.437259,0.588435,0.680129,-0.056528,0.079166,0.024662,0.138734,0.025488,-0.027671,-1.910881,-0.088404,-0.028637,0.268121,-0.381381,0.610012,0.694567,-0.405151,-0.785562,0.46763,0.83135,-0.103814,0.545841,0.021981,-0.032046,0.021702,0.143082,-0.17765,-0.409709,0.535921,0.077554,0.042889,-0.027262,0.291922,-0.57479,0.764458,0.411387,0.797019,0.442177,-0.863447,0.185407,0.469129,0.018857,-0.014665,0.010779,0.226911,-0.359794,-0.275469,0.523222,0.114157,0.019463,-0.058865,0.879268,0.292236,-0.376144,-0.016801,0.808214,0.588649,0.47603,-0.51126,0.715547,-0.020077,0.040452,0.012729,0.146555,0.014822,0.003315,-1.033975
3505,0.223884,-0.066911,0.298236,-0.897177,-0.275261,-0.345472,-0.016981,-0.760098,0.649566,-0.440278,0.588981,0.677705,-0.056394,0.081179,0.02679,-0.082124,-0.146332,-0.074725,-1.910842,-0.087752,-0.029164,0.268593,-0.388816,0.609001,0.691325,-0.40667,-0.78667,0.464439,0.827162,-0.101314,0.552631,0.021394,-0.029558,0.025555,0.250959,-0.385407,-0.31559,0.535786,0.077881,0.04262,-0.027035,0.298477,-0.574587,0.762076,0.412546,0.797698,0.439866,-0.860649,0.183102,0.475138,0.018463,-0.013,0.013354,0.244354,-0.395458,-0.288478,0.523222,0.113641,0.020268,-0.058611,0.877801,0.294262,-0.377987,-0.016596,0.807285,0.589927,0.478737,-0.511566,0.713519,-0.028223,0.040596,0.013454,-0.185942,-0.195133,-0.122722,-1.034955
3506,0.221718,-0.063852,0.299241,-0.888479,-0.290828,-0.355063,-0.021381,-0.746614,0.664893,-0.457361,0.598694,0.657582,-0.071799,0.077363,0.021436,-0.773523,-0.710327,-0.186664,-1.910689,-0.086878,-0.030007,0.269457,-0.386446,0.612502,0.68956,-0.415482,-0.783007,0.462827,0.823883,-0.108401,0.556174,0.003691,-0.021239,0.017537,-0.035405,-0.028905,-0.070518,0.535909,0.078324,0.042199,-0.026595,0.29746,-0.577588,0.760203,0.4219,0.793805,0.438033,-0.856456,0.190432,0.47981,0.00964,-0.008902,0.009241,-0.055741,-0.022105,-0.026794,0.523385,0.112563,0.02181,-0.058091,0.868878,0.307323,-0.388074,-0.011421,0.796186,0.604943,0.494892,-0.52119,0.695299,-0.027376,0.034016,0.015222,-0.416326,-0.440982,-0.052504,-1.026627
3507,0.21915,-0.06114,0.300561,-0.880396,-0.298961,-0.368201,-0.029037,-0.740957,0.670904,-0.472301,0.601721,0.64412,-0.053584,0.061818,0.043773,-0.06703,-0.153539,0.058505,-1.909183,-0.086811,-0.030573,0.270099,-0.372102,0.620473,0.690322,-0.431663,-0.773998,0.463172,0.822146,-0.126407,0.554941,0.000938,-0.00704,0.014338,-0.033845,-0.009819,0.003542,0.536373,0.078359,0.041909,-0.026285,0.282307,-0.584851,0.760428,0.437313,0.783977,0.44061,-0.853849,0.208158,0.477085,-0.006468,-0.010411,0.011272,-0.071482,0.011998,-0.046699,0.523385,0.111299,0.023144,-0.057463,0.859123,0.316136,-0.402448,-0.003147,0.789635,0.613567,0.511758,-0.525864,0.679389,-0.027221,0.036351,0.017739,0.007458,-0.150954,0.072574,-1.020422
3508,0.21814,-0.060056,0.301433,-0.881417,-0.29256,-0.370888,-0.035255,-0.742271,0.66915,-0.469972,0.603238,0.644406,-0.036315,0.051524,0.050709,0.031692,-0.051369,0.122746,-1.90729,-0.086937,-0.030733,0.270422,-0.374434,0.619624,0.689824,-0.431992,-0.774756,0.461595,0.820916,-0.125928,0.556868,-0.015226,-0.008327,0.016686,-0.005043,-0.028305,-0.049984,0.5367,0.078303,0.041826,-0.026121,0.284952,-0.584089,0.760026,0.437923,0.784641,0.438818,-0.852657,0.207791,0.479372,0.001177,-0.008032,0.012789,-0.053507,-0.024889,-0.032592,0.523222,0.110761,0.023717,-0.057006,0.860576,0.309465,-0.404523,0.00258,0.791581,0.611058,0.509314,-0.526906,0.680417,-0.02628,0.025367,0.025649,0.055146,0.004988,0.121081,-1.020585
3509,0.216926,-0.058621,0.303654,-0.894921,-0.249722,-0.369865,-0.062475,-0.750585,0.657793,-0.440769,0.612088,0.656581,-0.034214,0.026171,0.061521,0.415663,0.301549,0.203727,-1.904205,-0.087337,-0.030953,0.271213,-0.387751,0.614124,0.68738,-0.436088,-0.779121,0.450258,0.812539,-0.12593,0.569021,-0.015907,-0.005563,0.020903,0.351283,-0.417025,-0.32874,0.536238,0.078103,0.041715,-0.025726,0.297162,-0.579935,0.758531,0.442386,0.78763,0.428873,-0.846161,0.208119,0.490609,-0.000212,-0.000866,0.011263,0.375615,-0.475198,-0.29581,0.523385,0.110153,0.024449,-0.055891,0.876209,0.267948,-0.400575,0.029051,0.80031,0.59888,0.481054,-0.536382,0.693455,-0.009108,0.013836,0.031052,0.611658,0.39451,0.310389,-1.025647
3510,0.216246,-0.058127,0.305932,-0.90275,-0.214953,-0.372671,-0.080677,-0.766353,0.637312,-0.421468,0.605664,0.674955,-0.016386,0.003925,0.052556,0.705597,0.269501,0.612581,-1.434454,-0.087965,-0.031128,0.271979,-0.39236,0.612,0.68666,-0.43667,-0.780881,0.446629,0.810015,-0.125362,0.572733,-0.031423,-0.009245,0.019425,-0.034453,0.01672,-0.057755,0.53633,0.077794,0.041633,-0.025336,0.303557,-0.577614,0.757769,0.444057,0.789409,0.423846,-0.84301,0.207832,0.496125,-0.008905,0.002654,0.006232,-0.020596,0.007057,0.035036,0.523059,0.109806,0.024718,-0.05473,0.885745,0.234025,-0.400858,0.046117,0.814958,0.577681,0.461874,-0.530165,0.711053,-0.008217,0.001813,0.026092,0.338848,-0.440583,0.792107,-0.943675
3511,0.21596,-0.058203,0.306888,-0.901231,-0.207882,-0.380281,-0.086933,-0.772972,0.628434,-0.423468,0.599678,0.679034,-0.015932,-0.002261,0.044182,0.326523,0.1857,0.32273,-0.962073,-0.088408,-0.031085,0.272176,-0.392413,0.611776,0.686829,-0.436536,-0.781053,0.446461,0.810062,-0.125385,0.572661,-0.017272,0.003346,0.009388,0.000238,-0.000166,-0.004978,0.536055,0.077566,0.041653,-0.025229,0.303363,-0.577423,0.757992,0.443773,0.789559,0.423864,-0.843229,0.207792,0.495768,-0.016469,5.1e-05,0.004342,-0.005752,0.019188,-0.031265,0.523385,0.109662,0.024684,-0.054247,0.884825,0.225322,-0.407816,0.052057,0.821997,0.567106,0.463005,-0.52302,0.715594,0.000428,-0.00658,0.025604,0.40583,0.365252,0.16434,-0.844231
3512,0.215995,-0.058724,0.308426,-0.887482,-0.198986,-0.415724,-0.112174,-0.781677,0.61349,-0.445936,0.591339,0.671928,0.017548,-0.020984,0.039305,-0.160043,-0.145346,0.15301,-0.458246,-0.089448,-0.030819,0.272091,-0.39015,0.611793,0.688101,-0.436068,-0.780887,0.447208,0.811404,-0.126337,0.570548,-0.033644,0.006474,-0.006692,0.013173,0.045505,-0.022919,0.536455,0.077051,0.041789,-0.025259,0.300715,-0.577346,0.759105,0.443065,0.789412,0.424877,-0.844548,0.208566,0.49319,-0.008963,0.004663,-0.003249,0.036461,-0.003182,0.018009,0.523058,0.109667,0.024428,-0.053479,0.871307,0.212529,-0.442327,0.077033,0.830945,0.550995,0.484652,-0.51416,0.707637,0.008407,-0.00558,0.014721,-0.140421,-0.252851,0.337456,-0.69531
3513,0.216596,-0.059056,0.309149,-0.866739,-0.193011,-0.459952,-0.145194,-0.784603,0.602734,-0.476138,0.589432,0.652602,0.015806,0.004085,0.003912,-0.226356,-0.648129,0.720714,-0.143761,-0.090364,-0.030564,0.271659,-0.386338,0.61504,0.687357,-0.435735,-0.778431,0.451789,0.8134,-0.125723,0.567836,-0.034756,0.014339,-0.019732,0.036114,0.054245,0.008205,0.536214,0.076593,0.041913,-0.025472,0.296687,-0.5805,0.758285,0.442166,0.787299,0.429709,-0.846443,0.207799,0.490258,-0.008478,0.002727,-0.006231,0.028731,0.022772,-0.00402,0.523222,0.109968,0.024246,-0.053114,0.850949,0.202502,-0.484641,0.108984,0.83454,0.54006,0.513815,-0.512382,0.688082,0.007926,0.001478,0.001207,-0.200371,-1.185828,1.075446,-0.589988
3514,0.216761,-0.058646,0.308867,-0.829772,-0.184423,-0.526793,-0.1944,-0.789282,0.582421,-0.522171,0.585912,0.619735,-0.001413,0.020195,-0.018997,-0.174199,-1.366433,1.381117,0.02298,-0.090964,-0.030352,0.271192,-0.379611,0.616879,0.689454,-0.433738,-0.776843,0.45642,0.817616,-0.126543,0.561563,-0.001207,0.008141,-0.012569,-0.104247,0.16123,0.105634,0.536124,0.076281,0.042018,-0.025712,0.290224,-0.581643,0.759908,0.439993,0.786279,0.433785,-0.849809,0.20846,0.484116,-0.00848,0.002753,-0.006207,-0.153298,0.212949,0.137542,0.523222,0.110056,0.024449,-0.053258,0.813218,0.186671,-0.551207,0.158597,0.84022,0.518532,0.55993,-0.5091,0.653677,-0.000685,0.009809,-0.009879,-0.168634,-1.41478,1.418195,-0.501484
3515,0.21672,-0.058225,0.308484,-0.806269,-0.177695,-0.56427,-0.222907,-0.792309,0.567918,-0.546993,0.583892,0.599913,-0.001437,0.020537,-0.018553,-0.400559,-1.125902,1.079556,0.084447,-0.091118,-0.030218,0.271001,-0.377336,0.617585,0.690071,-0.43325,-0.776218,0.457945,0.818925,-0.126938,0.559564,0.000272,-0.001139,-0.001748,-0.020607,0.022602,0.016309,0.535982,0.076205,0.042081,-0.025814,0.28728,-0.582352,0.760484,0.43908,0.785685,0.435783,-0.85128,0.208721,0.48141,-0.008605,0.003284,-0.0054,0.044543,0.00242,-0.013135,0.523385,0.110036,0.024655,-0.053456,0.789674,0.175719,-0.587823,0.186769,0.843783,0.503137,0.584406,-0.507102,0.633495,-0.000706,0.010126,-0.009463,-0.443765,-1.138745,1.043701,-0.373791
3516,0.216612,-0.057362,0.307794,-0.753858,-0.148624,-0.640042,-0.288045,-0.800774,0.525131,-0.589643,0.580417,0.561662,-0.001544,0.022066,-0.016554,0.013673,-0.955702,1.581637,0.159365,-0.091369,-0.029896,0.270775,-0.375694,0.620507,0.688343,-0.433749,-0.774025,0.461174,0.819414,-0.126075,0.559043,-0.017857,0.009275,-0.00667,-0.380487,-1.827178,2.01433,0.536178,0.076087,0.042239,-0.025933,0.285194,-0.583128,0.760673,0.439154,0.784927,0.437071,-0.851942,0.209403,0.47994,-0.001161,0.006431,-0.00266,0.048858,-0.031578,0.037526,0.523385,0.109984,0.025065,-0.053795,0.739114,0.140597,-0.658742,0.249236,0.851476,0.461377,0.625772,-0.505193,0.594296,-0.000775,0.011272,-0.00796,0.062746,-0.955326,1.639569,-0.115792
3517,0.216502,-0.05647,0.307381,-0.711355,-0.099516,-0.695785,-0.36459,-0.794107,0.486251,-0.600037,0.599694,0.529481,-0.001882,0.026866,-0.010282,-0.007463,-1.094169,1.762844,0.284638,-0.091728,-0.029726,0.270688,-0.376301,0.622236,0.686448,-0.434598,-0.772796,0.462434,0.818685,-0.125085,0.560332,-0.002108,0.011953,-0.006726,0.036236,-0.005877,0.020579,0.535894,0.0759,0.042327,-0.025971,0.286706,-0.587085,0.757053,0.440136,0.782614,0.44022,-0.850927,0.206993,0.482778,-0.007939,-0.001035,0.000493,-0.001753,0.015903,-0.030653,0.523385,0.109928,0.025512,-0.054017,0.698577,0.08414,-0.71057,0.326171,0.846439,0.420895,0.636869,-0.525795,0.563858,-0.00056,0.008192,-0.000647,-0.074675,-0.988988,1.577773,0.074278
3518,0.216491,-0.055958,0.307249,-0.688111,-0.079831,-0.721231,-0.395935,-0.791643,0.465305,-0.607253,0.605839,0.514033,-0.001241,0.017672,0.000388,-0.132639,-1.13311,1.492924,0.347672,-0.091907,-0.029679,0.270671,-0.376981,0.624257,0.684236,-0.435261,-0.771399,0.46414,0.818021,-0.123622,0.561625,-0.000205,0.000867,0.001329,-0.0,0.0,0.0,0.536306,0.07581,0.042354,-0.025983,0.287443,-0.589315,0.755039,0.440614,0.781301,0.442071,-0.850432,0.20561,0.48424,-0.007954,-0.000966,0.000596,0.013676,-0.090053,0.135893,0.523548,0.109922,0.025772,-0.054086,0.676522,0.060421,-0.733938,0.357319,0.844516,0.39889,0.643924,-0.532109,0.549745,-0.000992,0.014283,-0.004046,-0.213633,-1.282202,1.447716,0.165068
3519,0.216744,-0.054955,0.307183,-0.655837,-0.019535,-0.75468,-0.481647,-0.758962,0.438139,-0.580522,0.650858,0.48929,0.014464,0.021667,0.004109,-0.403721,-1.08935,1.066308,0.445867,-0.092601,-0.029617,0.270659,-0.378956,0.629227,0.678569,-0.436565,-0.768004,0.468523,0.816413,-0.119469,0.564853,-0.016079,-0.00118,0.002309,-0.126307,-0.536647,0.576868,0.53613,0.075469,0.042385,-0.02599,0.289364,-0.594208,0.750456,0.44132,0.778517,0.44626,-0.849414,0.20206,0.48751,-0.015944,-0.001941,0.001168,-0.414188,-1.820871,1.981746,0.523385,0.110043,0.026272,-0.05412,0.647527,-0.005129,-0.762024,0.444413,0.81486,0.372154,0.619035,-0.579633,0.529924,-0.000742,0.010676,0.002551,-0.368837,-0.338257,1.337617,0.329991
3520,0.216939,-0.054164,0.307441,-0.619879,0.025858,-0.7843,-0.554666,-0.721443,0.414533,-0.554344,0.691951,0.462531,-0.001542,0.021548,0.005316,-0.166099,-0.528054,0.743976,0.505012,-0.094089,-0.029791,0.270609,-0.381052,0.633776,0.67314,-0.437562,-0.764903,0.472648,0.814905,-0.115223,0.567905,-0.047011,-0.008718,-0.00113,0.0093,-0.061279,0.079314,0.535944,0.074737,0.042304,-0.02601,0.291823,-0.599815,0.745024,0.441867,0.77537,0.451168,-0.848287,0.19754,0.49131,-0.024444,0.0012,-0.004548,0.031049,0.044816,-0.073507,0.523385,0.110146,0.026678,-0.053986,0.611833,-0.05277,-0.789223,0.520145,0.778538,0.351179,0.595909,-0.625374,0.503784,-0.000773,0.010906,0.002806,-0.120626,-0.461293,0.763813,0.442498
3521,0.217311,-0.053676,0.307882,-0.582369,0.039983,-0.811968,-0.604441,-0.689206,0.399522,-0.542922,0.723405,0.426555,-0.000525,0.007117,0.009167,-0.303902,-1.072206,0.604725,0.521504,-0.096097,-0.030017,0.270404,-0.382749,0.631057,0.674731,-0.431881,-0.767758,0.473244,0.817141,-0.111051,0.565519,-0.064308,-0.001457,-0.011212,-1.170596,-0.731555,-0.790803,0.535769,0.073739,0.042189,-0.026108,0.292519,-0.597598,0.74653,0.437629,0.777787,0.451139,-0.850242,0.194737,0.489044,-0.023294,-0.005108,-0.001801,-3.8709,-2.425083,-3.104347,0.523385,0.110331,0.026928,-0.053758,0.576009,-0.07233,-0.814236,0.57095,0.748441,0.337418,0.585002,-0.659245,0.472405,0.007693,0.003947,0.00435,-0.299738,-1.004375,0.450072,0.501283
3522,0.217494,-0.053563,0.307926,-0.565289,0.038691,-0.824013,-0.621126,-0.677312,0.394237,-0.542164,0.734624,0.407939,-0.000917,0.012785,-0.006039,-0.400391,-1.231753,0.293641,0.521657,-0.097246,-0.03009,0.270188,-0.380502,0.630302,0.676705,-0.430578,-0.768251,0.473632,0.818873,-0.111937,0.562831,-0.064028,-0.002659,-0.013185,-0.225477,0.335927,0.107522,0.535903,0.073164,0.042154,-0.026214,0.292576,-0.595683,0.748037,0.435664,0.779399,0.450259,-0.851231,0.194158,0.487551,-0.031943,-0.001648,-0.007038,-0.438875,0.65312,0.054762,0.523385,0.110423,0.026987,-0.053724,0.558942,-0.074041,-0.825893,0.588236,0.737399,0.331995,0.584432,-0.671386,0.455717,0.007869,0.001504,0.001197,-0.202069,-0.928102,0.713943,0.510427
3523,0.217751,-0.053647,0.307862,-0.534089,0.032546,-0.844828,-0.644452,-0.662465,0.38183,-0.546584,0.74834,0.375846,0.001008,-0.013934,0.004555,-0.250348,-0.830354,0.413451,0.521902,-0.100052,-0.030223,0.269683,-0.377318,0.63205,0.676857,-0.428896,-0.766948,0.477256,0.821223,-0.111007,0.559583,-0.079999,-0.003899,-0.011521,-0.042915,0.14688,-0.069731,0.535917,0.071798,0.042085,-0.02647,0.287842,-0.597878,0.748122,0.432949,0.778037,0.455206,-0.854225,0.192871,0.482803,-0.039939,-0.002227,-0.00613,-0.065847,0.179191,-0.055277,0.523385,0.110551,0.026949,-0.05376,0.526136,-0.069014,-0.847594,0.612442,0.722247,0.321359,0.589995,-0.688182,0.422268,0.000525,-0.007211,0.001955,-0.25862,-0.849279,0.403613,0.517122
3524,0.217553,-0.054038,0.307683,-0.504151,0.015215,-0.863508,-0.647023,-0.668912,0.36591,-0.571423,0.743162,0.348156,-0.015357,-0.008279,-0.009254,-0.18882,-0.806611,0.412913,0.522011,-0.103143,-0.030489,0.269409,-0.377229,0.635715,0.673465,-0.428665,-0.764367,0.481584,0.821384,-0.107811,0.559971,-0.080421,-0.001474,-0.008279,0.010384,0.087121,-0.113162,0.536115,0.070253,0.041952,-0.026616,0.287605,-0.601737,0.745114,0.432166,0.775815,0.459719,-0.854701,0.189795,0.483179,-0.040245,-0.000563,-0.003811,0.032019,0.059811,-0.105939,0.523385,0.110458,0.026757,-0.053845,0.496536,-0.055939,-0.866211,0.613814,0.728225,0.304827,0.613745,-0.68305,0.395926,-0.007279,-0.009655,-0.000486,-0.277014,-0.826357,0.150045,0.519082
3525,0.217425,-0.054254,0.3075,-0.491907,0.010181,-0.870614,-0.645071,-0.675838,0.356508,-0.58416,0.736963,0.340104,0.000663,-0.008968,-0.011609,-0.031007,-0.590404,0.782366,0.521001,-0.104723,-0.030669,0.269344,-0.377988,0.636173,0.672608,-0.428596,-0.764119,0.482038,0.821072,-0.106861,0.560611,-0.094338,-0.015297,-0.000842,-0.012537,0.091538,-0.175249,0.535953,0.069438,0.041864,-0.026649,0.288609,-0.60227,0.744294,0.432224,0.77561,0.46001,-0.854333,0.188939,0.484165,-0.039335,-0.006233,-7.3e-05,-0.003985,0.074033,-0.154308,0.523385,0.110388,0.026642,-0.053945,0.482491,-0.050509,-0.874442,0.611856,0.73381,0.295218,0.626763,-0.677473,0.384961,0.000355,-0.004706,-0.006098,-0.013256,-0.556404,0.7968,0.519245
3526,0.217401,-0.054559,0.306939,-0.467645,0.01191,-0.883862,-0.65226,-0.67949,0.33589,-0.596,0.733568,0.326633,-7.4e-05,0.001412,-0.020801,0.058487,-0.366913,0.698022,0.510979,-0.108438,-0.031188,0.26924,-0.374269,0.634814,0.675962,-0.424911,-0.765224,0.483546,0.824679,-0.107034,0.555257,-0.094234,-0.015747,-0.002171,-0.056452,0.05184,0.040559,0.532092,0.06758,0.041608,-0.026696,0.284525,-0.600395,0.747375,0.428299,0.777078,0.461204,-0.857674,0.188876,0.478246,-0.055815,-0.003626,-0.005222,-0.027536,0.162405,-0.140749,0.523222,0.110376,0.026484,-0.054224,0.458811,-0.054507,-0.88686,0.618334,0.736369,0.274633,0.638087,-0.67438,0.371557,0.000369,-0.004866,-0.006328,0.032182,-0.338878,0.687098,0.517775
3527,0.217896,-0.054753,0.306456,-0.447278,0.012901,-0.894327,-0.653231,-0.687713,0.31672,-0.610405,0.725847,0.317143,0.016479,-0.006166,-0.00952,0.012498,-0.186045,0.356123,0.508617,-0.112693,-0.031647,0.269076,-0.371135,0.636308,0.676285,-0.415981,-0.764973,0.49164,0.830626,-0.099646,0.547718,-0.111963,-0.004758,-0.007677,-0.179859,-0.332782,0.512812,0.527697,0.06546,0.041371,-0.026781,0.280947,-0.601272,0.748024,0.418604,0.778141,0.468258,-0.863619,0.18157,0.470312,-0.063074,-0.009126,0.000231,-0.456497,-1.579586,1.897576,0.523059,0.110618,0.026387,-0.054474,0.438238,-0.057635,-0.897008,0.618736,0.743221,0.254532,0.652006,-0.666558,0.361369,0.008246,-0.003047,-0.004723,0.018346,-0.277014,0.53259,0.50112
3528,0.218142,-0.054814,0.306167,-0.439183,0.010326,-0.898364,-0.648433,-0.695745,0.308943,-0.621303,0.718196,0.313377,0.015863,0.002685,-0.020685,0.048308,-0.194433,0.376738,0.506358,-0.114954,-0.031782,0.269028,-0.368125,0.639984,0.674459,-0.414663,-0.762178,0.497064,0.832618,-0.097486,0.545075,-0.110701,-0.013224,0.003951,-0.149802,0.251221,-0.061993,0.526184,0.064329,0.041304,-0.026814,0.278516,-0.60547,0.745543,0.417048,0.775498,0.473998,-0.865158,0.178911,0.468498,-0.056143,-0.001141,-0.002106,-0.13448,0.195501,0.121397,0.522895,0.110741,0.026357,-0.05461,0.429988,-0.055777,-0.901109,0.613426,0.750373,0.246266,0.662433,-0.658655,0.356866,0.008337,-0.004148,-0.006179,0.017571,-0.263166,0.506608,0.502263
3529,0.218791,-0.054947,0.305403,-0.423114,-0.001795,-0.906099,-0.625354,-0.723068,0.293391,-0.655179,0.69077,0.305948,0.01686,-0.0105,-0.015316,0.05311,-0.19954,0.342235,0.432817,-0.119384,-0.03183,0.269048,-0.366258,0.646508,0.669233,-0.41502,-0.757117,0.504447,0.833261,-0.09379,0.54474,-0.096951,0.004411,0.001483,-0.000213,0.008297,0.069704,0.52328,0.062109,0.041272,-0.026805,0.27634,-0.612182,0.740857,0.416374,0.771033,0.481809,-0.86618,0.175331,0.467964,-0.056375,0.001235,0.001013,0.017148,0.011235,0.025122,0.522895,0.111065,0.026297,-0.054991,0.413202,-0.045089,-0.909522,0.588706,0.775224,0.229022,0.694757,-0.630074,0.346868,0.016079,0.000111,-0.012775,0.190184,-0.328984,0.511071,0.457848
3530,0.219757,-0.055085,0.304495,-0.407853,-0.01302,-0.91298,-0.60027,-0.749616,0.278789,-0.687514,0.661753,0.299057,0.016967,-0.011147,-0.016296,0.015353,-0.174407,0.329081,0.340161,-0.123521,-0.031749,0.269294,-0.367673,0.64869,0.66634,-0.416598,-0.75541,0.505703,0.831851,-0.092467,0.547117,-0.097025,0.007096,0.004719,0.02629,0.067494,-0.131974,0.523885,0.06004,0.041314,-0.026679,0.278144,-0.614656,0.738127,0.417998,0.769328,0.483126,-0.864819,0.174157,0.470909,-0.055671,-0.002871,0.006776,0.003652,-0.016364,-0.018947,0.522569,0.111548,0.026226,-0.055448,0.397298,-0.035187,-0.917014,0.562006,0.799284,0.212821,0.725466,-0.599922,0.337329,0.016081,0.000515,-0.012321,0.058828,-0.196731,0.377149,0.321827
3531,0.220594,-0.054963,0.303766,-0.39962,-0.008786,-0.916664,-0.598583,-0.754836,0.268129,-0.693796,0.655857,0.297532,0.015636,0.006437,-0.015952,0.040465,-0.007202,0.025339,0.315012,-0.127311,-0.031752,0.269747,-0.368822,0.649055,0.665349,-0.416685,-0.755219,0.505916,0.8313,-0.091454,0.548124,-0.079712,-0.000863,0.013772,0.006225,-0.047956,0.044036,0.526157,0.058139,0.041317,-0.026453,0.27935,-0.615025,0.737364,0.418028,0.769239,0.483242,-0.864416,0.173245,0.471985,-0.047765,-0.001185,0.007352,-0.007977,0.0623,-0.130836,0.522895,0.111968,0.02627,-0.055826,0.389134,-0.040427,-0.920293,0.560072,0.80356,0.201519,0.731364,-0.593848,0.335334,0.015787,0.004223,-0.007441,0.048757,-0.146529,0.244948,0.249815
3532,0.22096,-0.054849,0.303606,-0.397039,-0.006938,-0.9178,-0.595176,-0.759268,0.263154,-0.698195,0.650741,0.298475,0.032019,0.001615,-0.001006,0.043413,-0.00471,0.295821,0.238714,-0.129042,-0.031793,0.270013,-0.369617,0.649477,0.664495,-0.416446,-0.754989,0.506455,0.831067,-0.090338,0.548661,-0.093834,-0.014718,0.02049,-0.046679,0.083967,-0.170601,0.525938,0.057278,0.041305,-0.026319,0.28021,-0.615699,0.736475,0.417812,0.768953,0.483884,-0.864242,0.172118,0.472715,-0.039805,-0.000587,0.006587,0.006395,-0.044503,0.039337,0.522895,0.112145,0.026325,-0.055916,0.386731,-0.042237,-0.921224,0.556289,0.807419,0.196511,0.735514,-0.588464,0.33575,0.007615,0.00578,-0.004589,0.086353,0.034037,0.303595,0.212259
3533,0.222186,-0.054712,0.304265,-0.422628,0.007873,-0.906294,-0.612233,-0.739793,0.279015,-0.667754,0.67277,0.318609,0.032054,-0.001947,0.040016,-5.105827,2.356677,1.268405,-0.087247,-0.131974,-0.031862,0.270488,-0.369745,0.646511,0.66731,-0.414834,-0.757425,0.504137,0.831817,-0.091223,0.547378,-0.079314,-0.002339,0.010823,-0.008168,0.060333,-0.122146,0.521073,0.055807,0.041267,-0.026076,0.280281,-0.612471,0.739136,0.416471,0.771342,0.481231,-0.864866,0.172949,0.471268,-0.031804,-0.000301,0.005326,-0.006308,0.045096,-0.093083,0.522242,0.112742,0.026374,-0.055637,0.410173,-0.052198,-0.910512,0.570648,0.793469,0.211581,0.711419,-0.606367,0.355246,0.015973,-0.000253,0.020947,-0.114825,1.257389,-0.424397,-0.076439
3534,0.223303,-0.054322,0.306712,-0.497378,0.056816,-0.865698,-0.654412,-0.679667,0.331317,-0.56895,0.731239,0.376314,0.030643,0.010409,0.078443,-0.487625,2.826023,-2.344471,-0.086613,-0.134012,-0.031887,0.270742,-0.365247,0.645871,0.6704,-0.411924,-0.757855,0.505873,0.835238,-0.092186,0.541979,-0.047447,-0.002328,0.004942,-0.044109,0.078184,-0.028751,0.5125,0.054775,0.041257,-0.025941,0.275392,-0.6114,0.741854,0.413279,0.77204,0.48286,-0.867962,0.173617,0.465293,-0.015823,-0.000783,0.001682,-0.03268,0.070374,-0.029152,0.51571,0.11332,0.026562,-0.054424,0.487609,-0.095153,-0.86786,0.621219,0.736273,0.268307,0.613452,-0.66996,0.418124,0.006878,0.010676,0.035803,-0.521204,1.558989,-0.654757,-0.278103
3535,0.22386,-0.053448,0.310155,-0.596407,0.115602,-0.794343,-0.660324,-0.633319,0.403548,-0.455686,0.765057,0.455043,0.012973,0.026533,0.099362,0.166069,1.673685,-0.938829,-0.033768,-0.134966,-0.031795,0.270694,-0.356958,0.650899,0.670001,-0.409173,-0.753641,0.51433,0.840151,-0.091359,0.534474,-0.015724,-0.001693,0.000272,-0.357088,0.352427,0.45941,0.505938,0.054286,0.041302,-0.025964,0.268923,-0.615228,0.741062,0.410508,0.769237,0.489649,-0.871299,0.172534,0.459422,-0.000675,0.005555,-0.004043,0.035482,0.006353,0.02933,0.505097,0.113606,0.026995,-0.052706,0.592904,-0.14473,-0.792159,0.630091,0.695944,0.34445,0.501447,-0.703359,0.503821,-0.001542,0.013526,0.050791,0.295731,1.819969,-0.623361,-0.269448
3536,0.223973,-0.052746,0.312278,-0.632737,0.134847,-0.762565,-0.645859,-0.6352,0.423507,-0.426492,0.760309,0.489962,0.011302,0.045302,0.099689,0.251436,1.907042,-1.235085,0.004151,-0.134958,-0.031668,0.270565,-0.354752,0.652378,0.669735,-0.408976,-0.752342,0.516385,0.841178,-0.091526,0.532827,0.015813,0.000702,-0.00173,-0.037314,0.03221,0.063602,0.503757,0.054278,0.041365,-0.026028,0.2643,-0.617456,0.740872,0.40904,0.767442,0.493678,-0.873402,0.172567,0.4554,-0.000611,0.004901,-0.005015,0.03921,0.002055,0.027634,0.500198,0.113664,0.027343,-0.05164,0.629997,-0.159326,-0.760077,0.616058,0.698437,0.36422,0.472837,-0.69771,0.538168,-0.001949,0.017566,0.055328,0.194471,2.015172,-1.26545,-0.258181
3537,0.224387,-0.051198,0.316262,-0.667032,0.165241,-0.726505,-0.627777,-0.6498,0.428518,-0.40045,0.741711,0.538081,0.011245,0.04395,0.095679,0.384668,1.101605,-0.729779,0.086633,-0.134293,-0.031353,0.270225,-0.35023,0.6555,0.669066,-0.408707,-0.749574,0.520605,0.843196,-0.091934,0.529558,0.015984,-0.001104,-0.004409,-0.016378,0.111892,-0.158809,0.509071,0.054611,0.041522,-0.026197,0.259999,-0.620421,0.739917,0.408593,0.764976,0.497858,-0.8749,0.172883,0.452392,0.015141,0.006238,-0.005851,0.05736,-0.054606,0.066602,0.499218,0.113869,0.028144,-0.049613,0.666741,-0.186546,-0.721565,0.597358,0.712704,0.367716,0.445666,-0.676204,0.586624,0.005944,0.017218,0.052949,0.833431,0.169372,0.938186,-0.141265
3538,0.224656,-0.049902,0.319682,-0.637452,0.244854,-0.73058,-0.674479,-0.635728,0.375365,-0.371754,0.731732,0.571309,0.028026,0.031494,0.077496,0.29204,0.388754,3.169625,-0.105917,-0.133353,-0.031347,0.269994,-0.350121,0.656029,0.668605,-0.409061,-0.749116,0.520989,0.84307,-0.091905,0.529764,0.016122,-0.00237,-0.006313,-8e-06,0.00054,0.005198,0.513878,0.055075,0.041526,-0.02631,0.260105,-0.62089,0.739486,0.408993,0.764596,0.498114,-0.874682,0.172883,0.452815,0.00878,-0.007078,0.000397,-0.036542,0.008607,-0.014361,0.506403,0.114005,0.028831,-0.04784,0.642202,-0.265816,-0.71897,0.643036,0.697351,0.316553,0.41723,-0.665615,0.618769,0.014054,0.015232,0.038125,0.329307,0.524937,3.175426,-0.227156
3539,0.225056,-0.049518,0.321138,-0.602795,0.284877,-0.745338,-0.702131,-0.633121,0.325793,-0.378335,0.719355,0.582595,0.028668,0.023771,0.067815,1.858308,-0.199658,3.043919,-0.27134,-0.133017,-0.031472,0.269898,-0.350021,0.655729,0.668951,-0.408723,-0.749377,0.520878,0.843275,-0.091911,0.529436,0.016227,-0.003339,-0.007763,-0.01418,0.109161,-0.160786,0.513972,0.055249,0.041463,-0.02636,0.260007,-0.620577,0.739784,0.408682,0.764855,0.497971,-0.874857,0.172861,0.452486,0.008811,-0.007295,7e-05,-0.036817,0.008976,-0.014134,0.508036,0.114194,0.029019,-0.047131,0.610915,-0.306165,-0.730099,0.669733,0.691633,0.270369,0.422184,-0.654145,0.627578,0.00655,0.010855,0.033392,1.098001,0.725243,1.485984,-0.317782
3540,0.22578,-0.048382,0.323105,-0.549584,0.350489,-0.758394,-0.725075,-0.65103,0.224497,-0.414376,0.672833,0.612874,-0.003394,0.033825,0.039256,2.371568,1.112045,0.823596,-0.513256,-0.132651,-0.031656,0.269675,-0.349863,0.655154,0.669597,-0.408286,-0.749858,0.520527,0.843552,-0.092087,0.528964,0.000405,-0.004076,-0.006036,-0.002055,0.015736,-0.024053,0.513982,0.055438,0.041368,-0.026477,0.259822,-0.619852,0.740456,0.408254,0.765402,0.497481,-0.875111,0.173038,0.451925,0.000185,-0.001826,-0.002713,-0.00026,-0.00016,-0.000158,0.509179,0.114568,0.029577,-0.046145,0.559164,-0.376418,-0.738677,0.692262,0.702253,0.166172,0.456188,-0.604276,0.653255,0.006007,0.016445,0.01849,5.355368,0.048745,-1.456881,-0.538388
3541,0.225286,-0.046867,0.323937,-0.604516,0.402132,-0.687674,-0.695047,-0.688021,0.208585,-0.38851,0.603556,0.696281,-0.035064,0.043529,0.010706,3.061587,2.651866,-4.716539,-0.398249,-0.132834,-0.031751,0.26944,-0.349744,0.654357,0.670438,-0.408028,-0.750495,0.519811,0.843726,-0.092569,0.528603,-0.015439,-0.004825,-0.00431,-0.002045,0.015205,-0.029245,0.513164,0.055347,0.041318,-0.026599,0.259687,-0.61897,0.74124,0.408074,0.766011,0.49669,-0.875235,0.173497,0.451509,-0.007717,-0.002406,-0.002143,-0.002223,0.015092,-0.029334,0.509179,0.114319,0.030344,-0.045718,0.617179,-0.422953,-0.663475,0.660672,0.736527,0.145049,0.427319,-0.527861,0.734002,-0.017619,0.021171,0.004784,3.105745,2.738165,-4.68987,-0.590968
3542,0.224737,-0.045958,0.32417,-0.626836,0.429151,-0.650347,-0.685403,-0.700651,0.198198,-0.369836,0.569451,0.734148,-0.035934,0.055499,0.003224,0.52837,3.010927,-2.014442,-0.200161,-0.133123,-0.031844,0.269355,-0.349678,0.653642,0.671169,-0.40766,-0.751083,0.51925,0.843931,-0.09285,0.528226,-0.01543,-0.004987,-0.004561,-0.004097,0.030946,-0.053295,0.512308,0.055208,0.041274,-0.026638,0.259612,-0.618234,0.741881,0.407793,0.76655,0.496089,-0.875388,0.173743,0.451117,-0.007742,-0.002178,-0.001804,-0.016336,0.123739,-0.195299,0.508689,0.114066,0.030752,-0.045618,0.63798,-0.447009,-0.627026,0.65352,0.744982,0.133836,0.407298,-0.495159,0.767413,-0.017508,0.02217,0.005704,0.537847,2.395463,0.481505,-0.514711
3543,0.224108,-0.043688,0.324309,-0.651218,0.473975,-0.592712,-0.676902,-0.715876,0.171163,-0.342378,0.51208,0.787768,-0.0051,0.058518,0.003555,0.793447,1.787274,-0.019972,0.021838,-0.133838,-0.031876,0.269288,-0.351033,0.656653,0.667514,-0.408526,-0.748762,0.521916,0.842951,-0.090303,0.530228,-0.032927,0.008397,-0.006519,0.03241,0.021629,-0.039466,0.509395,0.054857,0.041249,-0.026677,0.261086,-0.621597,0.738546,0.408295,0.764386,0.499007,-0.874716,0.171261,0.453366,-0.00792,-0.000389,0.000844,-0.001769,0.018251,-0.033279,0.506893,0.113731,0.031922,-0.045546,0.669325,-0.483727,-0.563924,0.639671,0.761273,0.106219,0.377919,-0.431821,0.818966,-0.002536,0.029119,0.001621,0.821103,1.831577,-0.006374,-0.293779
3544,0.224031,-0.041994,0.324306,-0.659816,0.507218,-0.554453,-0.668125,-0.733651,0.123843,-0.343145,0.451523,0.823654,0.013219,0.02463,0.005505,2.565281,0.176849,1.523148,-0.013339,-0.134751,-0.031835,0.269288,-0.361494,0.658637,0.659933,-0.401469,-0.748684,0.527474,0.841933,-0.075082,0.534205,-0.031527,-0.003038,0.001082,-0.036006,-0.007518,-0.065362,0.492867,0.0544,0.041277,-0.026675,0.271984,-0.624711,0.731955,0.400892,0.76504,0.503982,-0.874819,0.15636,0.458521,-0.0079,-0.000571,0.000572,-0.109652,-0.109078,-0.055639,0.496442,0.11369,0.032786,-0.045529,0.68035,-0.512213,-0.524176,0.629196,0.774975,0.059371,0.375813,-0.370203,0.849537,0.006681,0.01177,0.002122,2.518524,0.144549,1.489215,-0.232545
3545,0.224457,-0.04173,0.324407,-0.65302,0.54071,-0.530324,-0.667936,-0.74121,0.066644,-0.35624,0.397066,0.845848,0.031374,-0.007617,0.009505,0.56846,0.979119,0.553038,-0.119997,-0.135888,-0.031943,0.269238,-0.382241,0.649881,0.656916,-0.379663,-0.758481,0.529619,0.842911,-0.047772,0.5358,-0.031406,-0.004397,-0.000997,-3.634621,-2.8966,-3.019659,0.459013,0.053843,0.041228,-0.026696,0.289449,-0.619285,0.729865,0.383835,0.773609,0.50418,-0.876863,0.134214,0.461624,-0.007816,-0.001526,-0.00086,-0.005614,0.034055,-0.055265,0.46607,0.113886,0.032921,-0.045481,0.675068,-0.544081,-0.498254,0.628078,0.778148,0.001244,0.387039,-0.313782,0.867029,0.007679,0.000233,-0.00041,0.602299,0.709029,0.36061,-0.28839
3546,0.224933,-0.041627,0.324463,-0.65236,0.545288,-0.526435,-0.665786,-0.744158,0.054134,-0.361427,0.385125,0.849162,0.030119,0.007025,0.00515,0.183129,0.166192,0.409638,-0.144031,-0.136547,-0.032037,0.269252,-0.401216,0.642242,0.653102,-0.363085,-0.766014,0.530401,0.841419,-0.025124,0.539672,-0.031488,-0.003499,0.000299,-0.277723,-0.580096,-0.029013,0.433634,0.05352,0.041183,-0.026696,0.31152,-0.610867,0.72787,0.364567,0.784202,0.502113,-0.877522,0.10894,0.466997,-0.015661,-0.001691,-7.6e-05,-3.825445,-4.775465,-1.010855,0.439127,0.114143,0.032954,-0.045467,0.674939,-0.550298,-0.491557,0.626033,0.779683,-0.013272,0.390562,-0.298773,0.870744,0.01507,0.003355,0.002393,0.080833,0.019737,0.343256,-0.319089
3547,0.226002,-0.041016,0.325089,-0.660195,0.539999,-0.522099,-0.660843,-0.747944,0.061949,-0.356234,0.385248,0.851298,0.013392,0.019466,0.020246,-1.826305,1.600715,-1.1352,-0.146281,-0.138298,-0.032188,0.269351,-0.448392,0.623481,0.640474,-0.327596,-0.781222,0.531326,0.832171,0.027649,0.553705,-0.047449,-0.002513,0.004351,-3.264131,-3.368637,-3.374975,0.397677,0.052633,0.041097,-0.02665,0.356831,-0.598631,0.717155,0.332777,0.798789,0.501194,-0.872886,0.059812,0.484243,-0.031585,-0.00236,0.001928,0.203457,-0.707414,-0.143819,0.382629,0.114663,0.033225,-0.045191,0.68117,-0.543604,-0.490409,0.620857,0.783896,-0.006567,0.388,-0.300001,0.871467,0.006681,0.009832,0.010225,0.008985,-0.057352,0.078439,-0.345052
3548,0.226411,-0.040283,0.325718,-0.669218,0.538814,-0.511734,-0.660499,-0.746816,0.077325,-0.339681,0.389072,0.85631,-0.001329,0.012784,0.014094,-0.019253,0.078401,-0.135388,-0.067727,-0.141186,-0.032303,0.269483,-0.492745,0.607919,0.622598,-0.292541,-0.789475,0.539521,0.820113,0.082953,0.566036,-0.094688,-0.006946,0.005365,-3.783209,-4.806794,-1.038451,0.341299,0.051236,0.041046,-0.026583,0.40407,-0.584213,0.703862,0.29761,0.811575,0.502766,-0.864959,0.006324,0.501801,-0.040109,0.002818,-0.001544,-0.025021,0.073813,-0.147778,0.3276,0.114878,0.033612,-0.044847,0.691523,-0.540717,-0.478978,0.620699,0.78397,0.01111,0.369497,-0.304984,0.877755,0.006937,0.007085,0.007133,-0.166542,0.112241,-0.037597,-0.317619
3549,0.226715,-0.040102,0.325857,-0.670456,0.538679,-0.510255,-0.660451,-0.746632,0.079481,-0.33733,0.389612,0.856994,0.029844,0.008269,0.006397,0.002469,-0.042334,0.084403,-0.049447,-0.142911,-0.032356,0.269503,-0.508208,0.597379,0.620366,-0.274654,-0.795033,0.54076,0.816872,0.103687,0.567302,-0.095912,0.004255,-0.00295,-0.053251,-0.124234,-0.052214,0.295482,0.050345,0.041014,-0.026567,0.424681,-0.573906,0.700198,0.275976,0.81866,0.503618,-0.862254,-0.020639,0.506053,-0.05518,-0.004769,0.001964,-0.315289,-0.264339,-0.330283,0.280409,0.115033,0.033726,-0.044759,0.692822,-0.540339,-0.477525,0.620598,0.784016,0.013253,0.367227,-0.305533,0.878517,0.014962,0.003676,0.002685,0.010073,-0.047915,0.085584,-0.291656
3550,0.227917,-0.040284,0.325889,-0.664176,0.546415,-0.510242,-0.667795,-0.740409,0.076257,-0.3353,0.390701,0.857294,0.031945,-0.0135,0.002894,-0.188776,0.208063,0.527871,-0.106039,-0.147285,-0.032517,0.269482,-0.540142,0.564274,0.624366,-0.224406,-0.811516,0.53946,0.811748,0.150569,0.564142,-0.12727,0.00028,-0.004693,-0.006298,0.139662,-0.196053,0.162712,0.048216,0.040942,-0.026575,0.457947,-0.542536,0.704229,0.226819,0.837266,0.497531,-0.859556,-0.068111,0.506481,-0.055759,0.000744,-0.002573,-0.018098,0.100769,-0.189558,0.127242,0.11561,0.033644,-0.044739,0.687903,-0.546591,-0.47752,0.626614,0.779255,0.010713,0.366254,-0.306591,0.878554,0.015943,-0.006928,0.001265,-2.651635,0.639184,5.106509,-0.291329
3551,0.228924,-0.040681,0.325809,-0.66101,0.553167,-0.507068,-0.670592,-0.73866,0.06826,-0.335976,0.384464,0.859846,0.031209,-0.003857,-0.007065,0.091698,0.044968,0.285925,-0.210341,-0.152205,-0.032684,0.269441,-0.563868,0.531051,0.632479,-0.180312,-0.826428,0.533327,0.806614,0.186019,0.560922,-0.143051,0.001347,-0.001935,-0.295302,-0.154894,-0.500491,0.030303,0.045716,0.04085,-0.026602,0.482604,-0.510099,0.711963,0.184746,0.853892,0.486556,-0.856131,-0.103282,0.50633,-0.063063,-0.004906,0.002038,-1.065202,-0.779747,-1.183199,-0.035069,0.116126,0.03343,-0.044789,0.684421,-0.554953,-0.472856,0.630756,0.775977,0.002268,0.365667,-0.299809,0.881135,0.008445,-0.007992,0.00073,0.048528,0.171048,0.063525,-0.352237
3552,0.230051,-0.040877,0.325782,-0.6512,0.568003,-0.503345,-0.674862,-0.736752,0.041601,-0.346407,0.366068,0.863726,0.046858,-0.008219,0.00721,0.699918,-0.227785,0.569845,-0.304639,-0.157542,-0.032685,0.269624,-0.583792,0.501429,0.63855,-0.141112,-0.837085,0.528498,0.800242,0.217799,0.558605,-0.141942,-0.004574,0.012503,-0.368921,-0.303819,-0.331491,-0.125564,0.042993,0.040846,-0.026518,0.503789,-0.480827,0.717635,0.14634,0.866262,0.477677,-0.85134,-0.135629,0.506778,-0.070985,-0.002126,0.006581,-0.372097,-0.317431,-0.318327,-0.230691,0.116685,0.033324,-0.044819,0.675843,-0.569838,-0.467461,0.63479,0.77232,-0.023699,0.374535,-0.280723,0.883695,0.015379,0.00028,-0.001141,2.07324,-1.309918,1.404043,-0.42735
