frame,MLTx,MLTy,MLTz,MLTR1,MLTR2,MLTR3,MLTR4,MLTR5,MLTR6,MLTR7,MLTR8,MLTR9,MLTTVx,MLTTVy,MLTTVz,MLTRVx,MLTRVy,MLTRVz,MLGA,MRTx,MRTy,MRTz,MRTR1,MRTR2,MRTR3,MRTR4,MRTR5,MRTR6,MRTR7,MRTR8,MRTR9,MRTTVx,MRTTVy,MRTTVz,MRTRVx,MRTRVy,MRTRVz,MRGA,SLTx,SLTy,SLTz,SLTR1,SLTR2,SLTR3,SLTR4,SLTR5,SLTR6,SLTR7,SLTR8,SLTR9,SLTTVx,SLTTVy,SLTTVz,SLTRVx,SLTRVy,SLTRVz,SLGA,SRTx,SRTy,SRTz,SRTR1,SRTR2,SRTR3,SRTR4,SRTR5,SRTR6,SRTR7,SRTR8,SRTR9,SRTTVx,SRTTVy,SRTTVz,SRTRVx,SRTRVy,SRTRVz,SRGA
103,0.153097,-0.038202,0.271032,-0.549826,-0.04078,-0.83431,-0.536155,-0.748674,0.389867,-0.639847,0.661727,0.390819,-9.5e-05,-0.000733,-0.001098,0.0,0.0,0.0,0.518569,-0.261216,-0.026777,0.338915,-0.374146,-0.908945,0.183912,0.914158,-0.32835,0.237563,-0.155082,0.258157,0.953503,-0.012656,-0.001251,0.018277,-0.012013,-0.01444,-0.038128,0.3545,-0.004498,0.040256,0.011461,0.357366,0.916647,0.179015,-0.920137,0.312688,0.235739,0.160114,-0.248964,0.955185,-0.006364,-0.000702,0.009066,-0.03771,0.010984,-0.038241,0.290859,0.079213,0.031694,-0.071214,0.552516,0.06322,-0.8311,0.50449,0.768364,0.393833,0.663486,-0.636881,0.39264,-6.9e-05,-0.000536,-0.000801,9e-06,8e-06,3e-06,0.515653
104,0.153103,-0.038234,0.270946,-0.549714,-0.040743,-0.834386,-0.536184,-0.748716,0.389747,-0.63992,0.661682,0.390777,-0.000142,-0.001091,-0.001636,0.0,0.0,0.0,0.517949,-0.261294,-0.02709,0.339626,-0.370936,-0.910831,0.181069,0.915446,-0.32608,0.235724,-0.155203,0.254348,0.954506,0.00147,-0.004744,0.01475,0.16413,-0.261531,-0.144201,0.355368,-0.004538,0.040101,0.01181,0.354959,0.917928,0.177229,-0.920984,0.310776,0.234958,0.160596,-0.246626,0.955711,0.000521,-0.007976,0.011511,0.277798,-0.407099,-0.188321,0.292329,0.079216,0.031677,-0.071257,0.552406,0.063179,-0.831176,0.504518,0.768407,0.393713,0.663557,-0.636833,0.392598,-8.5e-05,-0.000669,-0.001003,7e-06,7e-06,4e-06,0.515816
105,0.153099,-0.03826,0.270889,-0.549821,-0.040781,-0.834314,-0.536107,-0.748727,0.389833,-0.639893,0.661668,0.390845,-0.000258,-0.001981,-0.002972,-0.000644,0.015646,-0.024194,0.518248,-0.261292,-0.027261,0.339966,-0.370859,-0.910805,0.181354,0.91535,-0.325729,0.236579,-0.155946,0.254891,0.95424,0.001353,-0.005147,0.014341,-0.031134,-0.001508,0.007617,0.356524,-0.004537,0.040015,0.01198,0.35399,0.918433,0.176547,-0.921291,0.309948,0.234846,0.16097,-0.245785,0.955864,0.00059,-0.002827,0.00692,-0.048251,0.02764,-0.017096,0.292982,0.079214,0.031667,-0.071282,0.552494,0.063214,-0.831115,0.504449,0.768416,0.393783,0.663536,-0.636819,0.392657,-9.3e-05,-0.000723,-0.001083,-2e-06,1e-06,-6e-06,0.515816
106,0.153079,-0.038309,0.270797,-0.549795,-0.040777,-0.834331,-0.536103,-0.748745,0.389803,-0.639919,0.661647,0.390838,-0.000167,-0.001279,-0.00192,0.0,0.0,0.0,0.518555,-0.261236,-0.027576,0.340587,-0.36923,-0.911709,0.180129,0.915892,-0.324348,0.236377,-0.156627,0.253409,0.954524,0.001371,-0.005079,0.014401,-0.043626,0.091825,-0.167543,0.358965,-0.00451,0.039856,0.012289,0.352474,0.919268,0.175233,-0.921755,0.308693,0.23468,0.161641,-0.244241,0.956147,0.000592,-0.002827,0.006914,-0.045633,0.013439,0.008593,0.295595,0.079204,0.031639,-0.071333,0.552485,0.063215,-0.831122,0.504435,0.768433,0.393769,0.663554,-0.636799,0.39266,-8.2e-05,-0.000639,-0.000958,-2e-06,3e-06,-1.3e-05,0.515653
107,0.153071,-0.038355,0.27069,-0.549872,-0.040806,-0.834279,-0.536024,-0.748775,0.389853,-0.639918,0.661611,0.3909,-0.000242,-0.001856,-0.002789,-0.000644,0.015648,-0.024193,0.518102,-0.261173,-0.027854,0.341141,-0.369003,-0.911692,0.180684,0.915778,-0.323663,0.237755,-0.157823,0.254352,0.954076,0.001168,-0.005777,0.013697,-0.034026,0.002364,0.009873,0.361657,-0.004478,0.039716,0.012572,0.352211,0.919219,0.176015,-0.92163,0.307906,0.236203,0.162926,-0.245414,0.955628,0.000563,-0.002929,0.006808,-0.034083,0.002973,0.011139,0.298534,0.0792,0.031618,-0.071384,0.552544,0.063242,-0.83108,0.504365,0.768462,0.393803,0.663559,-0.636762,0.392712,-6.2e-05,-0.000499,-0.000749,-2e-06,6e-06,-1.4e-05,0.515653
108,0.153066,-0.038374,0.270606,-0.549866,-0.04081,-0.834282,-0.535974,-0.748827,0.389822,-0.639964,0.661552,0.390924,-2.7e-05,0.010682,-0.008908,0.035499,-0.01423,0.017575,0.518223,-0.261154,-0.028067,0.341643,-0.368429,-0.911762,0.181498,0.915841,-0.32265,0.238887,-0.158792,0.255388,0.953638,0.000934,-0.006585,0.012886,-0.035787,0.015741,-0.01559,0.363681,-0.004468,0.03961,0.012824,0.351677,0.919267,0.176831,-0.92166,0.306937,0.237342,0.163905,-0.246446,0.955195,0.000459,-0.003289,0.006446,-0.03564,0.015968,-0.01473,0.301147,0.079197,0.031602,-0.071426,0.552569,0.063255,-0.831062,0.504314,0.768493,0.393808,0.663576,-0.636723,0.392745,-4.8e-05,-0.000381,-0.000571,1.2e-05,1.4e-05,9e-06,0.515816
109,0.153075,-0.038394,0.270576,-0.549797,-0.040784,-0.834329,-0.536014,-0.748832,0.389758,-0.63999,0.661548,0.390888,-9.8e-05,-0.000749,-0.001126,0.0,0.0,0.0,0.518324,-0.261142,-0.028132,0.34187,-0.368033,-0.911827,0.181974,0.915936,-0.322055,0.239326,-0.159163,0.255908,0.953436,0.001018,-0.006292,0.013174,-0.047969,0.107902,-0.191397,0.363028,-0.004462,0.039579,0.012932,0.351414,0.919298,0.177195,-0.921694,0.306499,0.237776,0.164277,-0.246877,0.95502,0.00071,0.002489,0.002476,0.001887,-0.013181,0.026184,0.301963,0.079202,0.031597,-0.071443,0.552487,0.063223,-0.831119,0.504343,0.768516,0.393724,0.663622,-0.636697,0.39271,-5.5e-05,-0.000432,-0.00065,5e-06,9e-06,-0.0,0.515816
110,0.15306,-0.038417,0.270541,-0.549784,-0.040782,-0.834338,-0.536021,-0.748833,0.389748,-0.639997,0.661548,0.390879,-4.8e-05,-0.000364,-0.000548,0.0,0.0,0.0,0.518649,-0.261101,-0.028198,0.342301,-0.36758,-0.911887,0.182586,0.916001,-0.321288,0.240102,-0.159829,0.256659,0.953123,0.001407,-0.004939,0.014511,-0.034023,0.002381,0.009882,0.361392,-0.004443,0.039544,0.013145,0.350857,0.919371,0.177919,-0.92179,0.305617,0.23854,0.164932,-0.247697,0.954695,0.000727,0.00255,0.002532,0.001846,-0.01322,0.025964,0.300983,0.079195,0.031585,-0.071462,0.552474,0.063221,-0.831128,0.50435,0.768517,0.393713,0.663628,-0.636697,0.3927,-2.5e-05,-0.000197,-0.000293,1.3e-05,2.5e-05,-8e-06,0.516143
111,0.153058,-0.038432,0.270519,-0.549716,-0.04076,-0.834384,-0.536059,-0.748837,0.389688,-0.640023,0.661545,0.390841,-5.8e-05,-0.00044,-0.000663,0.0,0.0,0.0,0.518569,-0.261047,-0.028217,0.342689,-0.366868,-0.912012,0.183391,0.9162,-0.320279,0.240694,-0.160326,0.257479,0.952819,0.001117,-0.005941,0.013507,-0.048038,0.107586,-0.191558,0.360602,-0.004415,0.039535,0.013347,0.350166,0.919478,0.178722,-0.921957,0.304623,0.239163,0.165462,-0.248521,0.954389,0.000556,-0.002958,0.006766,-0.047963,0.107675,-0.191252,0.29984,0.079194,0.031578,-0.071471,0.552408,0.063195,-0.831174,0.504388,0.768523,0.393654,0.663654,-0.636692,0.392663,-3.5e-05,-0.000267,-0.0004,4e-06,1e-05,-1.6e-05,0.516143
112,0.153058,-0.038437,0.270511,-0.549615,-0.040725,-0.834452,-0.536116,-0.748843,0.389598,-0.640063,0.66154,0.390785,-9.3e-05,-0.000708,-0.001066,0.0,0.0,0.0,0.517902,-0.260999,-0.028217,0.342863,-0.366504,-0.912079,0.183789,0.91631,-0.319779,0.240939,-0.16053,0.257865,0.95268,0.015697,-0.007802,0.011625,-0.044231,0.079011,-0.136846,0.360262,-0.004391,0.039535,0.013433,0.349806,0.919538,0.17912,-0.922056,0.304128,0.23941,0.165671,-0.248906,0.954252,0.007827,-0.00396,0.005755,-0.044192,0.079087,-0.13659,0.299187,0.079193,0.031577,-0.071474,0.552308,0.063157,-0.831244,0.504446,0.768532,0.393564,0.663694,-0.636686,0.392607,-5e-05,-0.000386,-0.00058,1.2e-05,1e-05,1e-06,0.516143
113,0.153058,-0.038437,0.270511,-0.549496,-0.040685,-0.834533,-0.536183,-0.74885,0.389492,-0.640109,0.661534,0.390718,-0.0,-0.0,-0.0,0.0,0.0,0.0,0.518432,-0.260928,-0.028248,0.343152,-0.365537,-0.912266,0.184782,0.916638,-0.318529,0.241344,-0.16086,0.258752,0.952384,0.00085,-0.006866,0.012583,-0.034022,0.002385,0.009884,0.357838,-0.004355,0.039522,0.013574,0.348837,0.919712,0.180112,-0.922365,0.302882,0.239798,0.165992,-0.24978,0.953968,0.00039,0.001375,0.001357,8e-06,5.5e-05,0.000173,0.297554,0.079193,0.031575,-0.071476,0.552191,0.063112,-0.831325,0.504513,0.768541,0.393458,0.66374,-0.636679,0.39254,1e-06,9e-06,1.6e-05,2.4e-05,2.6e-05,-1.1e-05,0.516143
114,0.153058,-0.038437,0.270511,-0.549377,-0.040645,-0.834613,-0.536249,-0.748858,0.389386,-0.640156,0.661528,0.390652,-0.0,-0.0,-0.0,0.0,0.0,0.0,0.518209,-0.260916,-0.02832,0.343386,-0.364471,-0.912475,0.185855,0.917011,-0.317176,0.241711,-0.161156,0.259681,0.952081,0.000727,0.002532,0.002499,0.001782,-0.013278,0.025513,0.356189,-0.004349,0.039482,0.013694,0.347765,0.919905,0.181198,-0.922711,0.301513,0.240195,0.166323,-0.250725,0.953663,0.000194,0.000691,0.000684,-6e-06,3.5e-05,0.000114,0.295595,0.079193,0.031576,-0.071475,0.552074,0.063067,-0.831406,0.504581,0.768551,0.393353,0.663786,-0.636672,0.392474,1e-06,1e-06,6e-06,4.1e-05,3.4e-05,-1.4e-05,0.515979
115,0.153058,-0.038437,0.270511,-0.549377,-0.040645,-0.834613,-0.536249,-0.748858,0.389386,-0.640156,0.661528,0.390652,-0.0,-0.0,-0.0,0.0,0.0,0.0,0.51739,-0.260928,-0.028351,0.343486,-0.36401,-0.912564,0.186319,0.917172,-0.316592,0.241867,-0.161282,0.260081,0.95195,0.000673,0.002342,0.002311,0.001783,-0.013272,0.025516,0.354185,-0.004356,0.039466,0.013744,0.347305,0.919988,0.181661,-0.92286,0.300928,0.240354,0.166456,-0.251124,0.953534,6.7e-05,-0.004665,0.005075,-0.048076,0.107293,-0.191638,0.294615,0.079193,0.031576,-0.071475,0.552074,0.063067,-0.831406,0.504581,0.76855,0.393353,0.663785,-0.636672,0.392474,-0.0,-0.0,6e-06,4.4e-05,2.8e-05,-7e-06,0.515816
116,0.153058,-0.038437,0.270511,-0.549257,-0.040605,-0.834693,-0.536316,-0.748865,0.38928,-0.640202,0.661522,0.390586,-0.0,-0.0,-0.0,0.0,0.0,0.0,0.517928,-0.26101,-0.028396,0.343675,-0.363439,-0.912668,0.186923,0.917352,-0.31583,0.242179,-0.161544,0.260645,0.951752,0.000508,0.001766,0.001741,0.0,-0.0,-0.0,0.350514,-0.004396,0.039445,0.013839,0.346751,0.92008,0.182251,-0.923019,0.300186,0.240673,0.166729,-0.251675,0.953341,0.000252,0.000889,0.000878,-3e-06,4e-06,6.2e-05,0.290533,0.079193,0.031576,-0.071475,0.551957,0.063022,-0.831487,0.504648,0.76856,0.393247,0.663832,-0.636664,0.392408,-0.0,-1e-06,6e-06,4.7e-05,2.6e-05,-4e-06,0.515816
117,0.153058,-0.038437,0.270511,-0.549138,-0.040564,-0.834774,-0.536382,-0.748872,0.389174,-0.640249,0.661516,0.39052,-0.0,-0.0,-0.0,0.0,0.0,0.0,0.518247,-0.261111,-0.028436,0.343795,-0.362578,-0.912841,0.187753,0.917674,-0.314782,0.242325,-0.161655,0.261311,0.95155,0.000128,0.000445,0.000438,0.0,-0.0,-0.0,0.342656,-0.004447,0.039426,0.0139,0.345889,0.92024,0.18308,-0.92332,0.299135,0.240825,0.166851,-0.25234,0.953144,-0.007193,0.001266,0.001269,-0.002042,0.015208,-0.02921,0.284328,0.079193,0.031576,-0.071475,0.55184,0.062977,-0.831568,0.504715,0.76857,0.393142,0.663878,-0.636657,0.392342,-1e-06,-2e-06,6e-06,4.9e-05,2.4e-05,1e-06,0.515653
118,0.153058,-0.038437,0.270511,-0.549019,-0.040524,-0.834854,-0.536449,-0.748879,0.389069,-0.640295,0.661511,0.390453,-0.0,-0.0,-0.0,0.0,0.0,0.0,0.518445,-0.261254,-0.028455,0.343849,-0.361634,-0.913037,0.188617,0.918052,-0.313689,0.242311,-0.161625,0.261942,0.951382,0.0,0.0,0.0,-0.012337,0.091447,-0.176169,0.330836,-0.004518,0.039416,0.013927,0.345053,0.920401,0.183846,-0.923633,0.29816,0.240832,0.166847,-0.252906,0.952994,-8e-06,-2.5e-05,-2.3e-05,-8e-06,5e-06,3.3e-05,0.272408,0.079193,0.031576,-0.071475,0.551723,0.062933,-0.831649,0.504782,0.768581,0.393037,0.663925,-0.636649,0.392276,-0.0,-2e-06,4e-06,4.7e-05,2.4e-05,-2e-06,0.515979
119,0.153058,-0.038437,0.270511,-0.549019,-0.040524,-0.834854,-0.536449,-0.748879,0.389069,-0.640295,0.661511,0.390453,-0.0,-0.0,-0.0,0.0,0.0,0.0,0.518421,-0.261344,-0.028462,0.343857,-0.366627,-0.910967,0.188983,0.916348,-0.318658,0.242276,-0.160031,0.26315,0.951318,-0.000385,-0.001335,-0.001316,-0.001559,0.013543,-0.024377,0.323988,-0.004563,0.039415,0.013933,0.350003,0.918438,0.184305,-0.922054,0.303067,0.240757,0.165264,-0.254205,0.952925,-0.007278,0.00097,0.000977,-0.001104,0.016179,-0.025553,0.264243,0.079193,0.031576,-0.071475,0.551723,0.062933,-0.831649,0.504782,0.768581,0.393037,0.663925,-0.636649,0.392276,-0.0,-2e-06,4e-06,4.7e-05,2.4e-05,-2e-06,0.515979
120,0.153046,-0.038436,0.270512,-0.548919,-0.040493,-0.834921,-0.536504,-0.748885,0.388982,-0.640335,0.661506,0.390396,-0.0,-0.0,-0.0,0.0,0.0,0.0,0.518572,-0.261517,-0.02847,0.34385,-0.364236,-0.912127,0.188009,0.917439,-0.31693,0.240407,-0.159246,0.261204,0.951985,-0.000275,-0.000952,-0.000939,0.027544,-0.038037,-0.021705,0.307309,-0.00465,0.039409,0.013927,0.347616,0.919576,0.183143,-0.923129,0.301418,0.238703,0.164303,-0.252042,0.953665,-0.000177,-0.000611,-0.000599,0.013275,-0.026082,-0.027634,0.244485,0.079187,0.031576,-0.071475,0.551624,0.062898,-0.831717,0.504837,0.768589,0.39295,0.663965,-0.636643,0.392219,-1e-06,-1e-06,4e-06,4.1e-05,1.4e-05,-9e-06,0.515979
121,0.153045,-0.038441,0.270505,-0.548817,-0.040459,-0.83499,-0.536561,-0.748891,0.388891,-0.640374,0.661501,0.390339,-2.5e-05,-0.000191,-0.000288,0.0,0.0,0.0,0.518515,-0.261665,-0.028474,0.343847,-0.362338,-0.913173,0.186594,0.918315,-0.315746,0.238614,-0.158532,0.258965,0.952716,-0.014602,0.001786,0.001794,0.012327,-0.004666,-0.040583,0.290746,-0.004719,0.039404,0.013923,0.34562,0.920618,0.181686,-0.924009,0.300141,0.236899,0.163562,-0.249756,0.954394,-5.1e-05,-0.000175,-0.00017,-0.005784,-0.000555,-0.014598,0.221951,0.079187,0.031574,-0.071478,0.551525,0.06286,-0.831786,0.504894,0.768597,0.39286,0.664005,-0.636636,0.392163,-1.6e-05,-0.000124,-0.00018,0.004483,-0.107997,0.166949,0.515653
122,0.153045,-0.038441,0.270505,-0.548817,-0.040459,-0.83499,-0.536561,-0.748891,0.388891,-0.640374,0.661501,0.390339,-0.0,-3e-06,-4e-06,0.0,0.0,0.0,0.518656,-0.261721,-0.028472,0.343849,-0.366151,-0.911995,0.184907,0.917178,-0.320333,0.236867,-0.156337,0.257474,0.953483,-0.014527,0.002047,0.00205,0.060173,-0.070851,-0.078345,0.282169,-0.004747,0.039405,0.013924,0.349648,0.919402,0.180126,-0.922879,0.304882,0.235244,0.161366,-0.248487,0.955099,-2e-06,-7e-06,-6e-06,0.068925,-0.097895,-0.060173,0.210684,0.079187,0.031574,-0.071479,0.551525,0.06286,-0.831786,0.504894,0.768598,0.39286,0.664005,-0.636635,0.392163,0.0,3e-06,7e-06,2.3e-05,3e-06,-1.5e-05,0.515653
123,0.153055,-0.038461,0.270475,-0.548748,-0.040433,-0.835036,-0.5366,-0.748896,0.388828,-0.6404,0.661497,0.390303,-7.9e-05,-0.000601,-0.000904,0.0,0.0,0.0,0.518074,-0.261819,-0.028458,0.343863,-0.368543,-0.91174,0.181379,0.916694,-0.32424,0.233398,-0.153532,0.253439,0.955018,-0.0,-0.0,-0.0,0.206659,-0.360263,0.022799,0.264447,-0.004801,0.039413,0.013932,0.352527,0.918792,0.177606,-0.92222,0.308881,0.232595,0.158847,-0.245788,0.956219,-0.007252,0.001067,0.001068,0.333837,-0.413645,-0.211587,0.188803,0.079192,0.031565,-0.071492,0.551457,0.062832,-0.831833,0.504933,0.768604,0.392796,0.664031,-0.636631,0.392127,-5.1e-05,-0.000386,-0.000579,8e-06,-1.7e-05,-5e-06,0.515816
124,0.15305,-0.038491,0.27041,-0.548753,-0.040436,-0.835033,-0.53658,-0.748913,0.388823,-0.640413,0.661478,0.390315,-0.000168,-0.001287,-0.001939,0.0,0.0,0.0,0.51786,-0.261917,-0.028443,0.343878,-0.370947,-0.911462,0.177836,0.916184,-0.328132,0.229933,-0.150764,0.249376,0.956527,-0.0,-0.0,-0.0,0.082411,-0.092717,-0.015952,0.241356,-0.00485,0.039421,0.01394,0.354349,0.918961,0.173051,-0.922066,0.312564,0.228246,0.15566,-0.240444,0.9581,1e-06,2e-06,5e-06,0.121914,-0.17332,0.248975,0.16137,0.07919,0.03155,-0.071523,0.551462,0.062835,-0.83183,0.504911,0.768621,0.392792,0.664043,-0.63661,0.392139,-0.000108,-0.000823,-0.001241,2e-06,-3e-06,-2.2e-05,0.515653
125,0.153041,-0.038546,0.270309,-0.548725,-0.040429,-0.835052,-0.536578,-0.748932,0.388789,-0.640439,0.661457,0.390308,-0.000278,-0.002125,-0.003204,0.003797,-0.092362,0.142759,0.518517,-0.262069,-0.028413,0.343893,-0.378557,-0.908987,0.174438,0.913756,-0.337217,0.226424,-0.146525,0.246258,0.957993,-0.014507,0.002118,0.002115,1.035558,1.164684,5.207013,0.215448,-0.004921,0.039435,0.013947,0.35661,0.918715,0.16968,-0.921668,0.316246,0.224753,0.152823,-0.236538,0.959528,0.0,1e-06,4e-06,0.085502,-0.119498,-0.07002,0.127242,0.079186,0.031523,-0.071573,0.551434,0.062827,-0.831848,0.504908,0.76864,0.392758,0.664068,-0.636588,0.392132,-0.000137,-0.001065,-0.001605,0.003814,-0.092356,0.142759,0.515489
126,0.153038,-0.038566,0.27026,-0.548815,-0.040461,-0.834991,-0.53651,-0.748943,0.38886,-0.640418,0.661441,0.390367,-0.000167,-0.001279,-0.001929,0.0,0.0,0.0,0.518301,-0.262146,-0.028402,0.343904,-0.376974,-0.909969,0.17274,0.914512,-0.33633,0.224684,-0.145892,0.243824,0.958712,-0.0,-0.0,-0.0,0.045829,-0.063481,-0.036216,0.205083,-0.004964,0.039441,0.013953,0.36028,0.91762,0.167837,-0.920599,0.320693,0.222827,0.150647,-0.234791,0.9603,-1e-06,-0.0,3e-06,0.032156,-0.052366,-0.044119,0.111566,0.079183,0.031511,-0.071601,0.551522,0.062863,-0.831787,0.504839,0.768649,0.392828,0.664047,-0.636573,0.392191,-0.0001,-0.000769,-0.001161,7e-06,-4e-06,6e-06,0.515653
127,0.15303,-0.03863,0.270164,-0.548801,-0.040456,-0.835001,-0.536518,-0.748945,0.388848,-0.640424,0.661441,0.39036,-0.000137,-0.001048,-0.001582,0.0,0.0,0.0,0.518632,-0.262331,-0.028375,0.343932,-0.379146,-0.909698,0.16938,0.914043,-0.339897,0.221202,-0.143187,0.239839,0.960124,-0.0,-0.0,-0.0,0.227735,-0.315755,-0.180124,0.190241,-0.005057,0.039455,0.013967,0.36318,0.916891,0.165558,-0.919841,0.324562,0.220343,0.148297,-0.232312,0.961269,-1e-06,-0.0,1e-06,0.336622,-0.431712,-0.180706,0.085766,0.079179,0.031479,-0.07165,0.551508,0.062858,-0.831797,0.504847,0.76865,0.392816,0.664053,-0.636572,0.392184,-7.8e-05,-0.000608,-0.000917,1e-06,0.0,-9e-06,0.516143
128,0.153022,-0.038671,0.270065,-0.548861,-0.04048,-0.83496,-0.536449,-0.748975,0.388883,-0.64043,0.661404,0.390411,-0.000229,-0.001748,-0.002641,-0.000643,0.015653,-0.02419,0.518732,-0.262538,-0.028353,0.343969,-0.389534,-0.905239,0.169694,0.910112,-0.350296,0.221183,-0.140299,0.241744,0.960072,-0.0,-0.0,-0.0,4.9e-05,-6.7e-05,-3.8e-05,0.179544,-0.00516,0.039466,0.013985,0.37283,0.913104,0.165038,-0.916472,0.334539,0.219459,0.145177,-0.233074,0.96156,-0.0,0.0,4e-06,-0.00225,0.002924,0.001225,0.068294,0.079176,0.03146,-0.071696,0.55155,0.062878,-0.831767,0.504787,0.76868,0.392836,0.664064,-0.636534,0.392226,-5.4e-05,-0.000434,-0.000658,5e-06,2e-06,3e-06,0.515979
129,0.15302,-0.038681,0.27003,-0.548797,-0.040461,-0.835003,-0.536467,-0.748996,0.388817,-0.64047,0.661381,0.390385,-0.000114,-0.000872,-0.001318,0.0,0.0,0.0,0.517869,-0.262655,-0.028329,0.343993,-0.394592,-0.902998,0.169949,0.908159,-0.355353,0.221147,-0.138815,0.242746,0.960035,-0.014476,0.002226,0.002214,-0.002043,0.015205,-0.029243,0.176523,-0.005214,0.039477,0.013997,0.377985,0.910933,0.165309,-0.914587,0.339684,0.219416,0.14372,-0.234126,0.961524,1.4e-05,5.3e-05,5.4e-05,-6.1e-05,0.000642,0.000986,0.062416,0.079174,0.031453,-0.071717,0.551504,0.062862,-0.831799,0.504795,0.7687,0.392785,0.664096,-0.636511,0.39221,-6.4e-05,-0.000504,-0.000763,0.00444,-0.108039,0.16693,0.516306
130,0.153015,-0.038712,0.269965,-0.548802,-0.040464,-0.834999,-0.536447,-0.749013,0.388813,-0.640482,0.661362,0.390397,-0.000156,-0.001193,-0.001804,0.0,0.0,0.0,0.518217,-0.262859,-0.028286,0.344035,-0.399285,-0.900827,0.170507,0.906341,-0.360013,0.221067,-0.137265,0.243946,0.959954,4.5e-05,0.000152,0.00015,0.0,-0.0,-0.0,0.168999,-0.005315,0.039499,0.014018,0.382761,0.908832,0.165882,-0.91284,0.344419,0.219311,0.142184,-0.235367,0.961449,2.9e-05,0.000103,0.000105,9.9e-05,0.00014,0.000563,0.052618,0.079172,0.03144,-0.071746,0.551492,0.06286,-0.831807,0.504783,0.768718,0.392765,0.664115,-0.63649,0.392212,-2.8e-05,-0.000226,-0.000344,4e-06,4e-06,7e-06,0.515979
131,0.152999,-0.03874,0.269922,-0.548806,-0.040468,-0.834997,-0.536444,-0.749013,0.388818,-0.640482,0.661362,0.390397,-0.000155,-0.001182,-0.001788,-0.000643,0.015654,-0.024189,0.517825,-0.263087,-0.028214,0.344107,-0.409399,-0.89619,0.170962,0.902267,-0.370143,0.221002,-0.134272,0.245865,0.959888,0.00022,0.000747,0.000736,0.02551,0.032977,0.143231,0.163466,-0.005435,0.039535,0.014054,0.392839,0.904431,0.166375,-0.909001,0.354503,0.219189,0.139261,-0.237341,0.961392,-0.007115,0.001533,0.001521,0.084424,0.126479,0.453314,0.043311,0.079164,0.031425,-0.071768,0.551495,0.062863,-0.831805,0.50478,0.768717,0.39277,0.664114,-0.63649,0.392212,-1.1e-05,-9e-05,-0.000137,1.1e-05,1.3e-05,6e-06,0.515816
132,0.152997,-0.038759,0.269893,-0.548756,-0.040451,-0.835031,-0.536472,-0.749016,0.388773,-0.640501,0.66136,0.39037,-6.3e-05,-0.000481,-0.000728,0.0,0.0,0.0,0.518293,-0.263366,-0.028121,0.344199,-0.413894,-0.893989,0.171659,0.900452,-0.374598,0.220901,-0.132668,0.247131,0.959786,-0.0141,0.003491,0.003449,-0.001982,0.015285,-0.028897,0.157411,-0.00557,0.03958,0.014098,0.397554,0.90224,0.167067,-0.907196,0.359174,0.219063,0.137641,-0.238652,0.9613,0.000246,0.000836,0.000831,0.000371,0.000281,0.001016,0.035473,0.079163,0.031414,-0.071785,0.551463,0.062851,-0.831827,0.504798,0.76872,0.392741,0.664127,-0.636488,0.392194,-3e-05,-0.000236,-0.000357,-5e-06,2e-06,-7e-06,0.515653
133,0.152996,-0.038764,0.269885,-0.548773,-0.040457,-0.835019,-0.536462,-0.749015,0.388789,-0.640495,0.661361,0.390379,-1e-05,-7.9e-05,-0.000119,0.0,0.0,0.0,0.517907,-0.263511,-0.028074,0.344246,-0.41877,-0.891647,0.172015,0.89842,-0.379474,0.220849,-0.131126,0.248155,0.959734,-0.014182,0.00321,0.00317,-0.002044,0.015205,-0.029244,0.1564,-0.005642,0.039604,0.014123,0.402484,0.899984,0.167435,-0.90525,0.364099,0.218982,0.136118,-0.239708,0.961254,0.000186,0.000633,0.000632,-0.012225,0.091406,-0.176464,0.032044,0.079162,0.031411,-0.071789,0.55148,0.062858,-0.831815,0.504789,0.768719,0.392757,0.66412,-0.636489,0.392204,-2e-06,-2e-05,-2.9e-05,7e-06,1e-05,1e-05,0.515979
134,0.152995,-0.038769,0.269878,-0.548671,-0.040423,-0.835088,-0.536519,-0.749021,0.388698,-0.640534,0.661356,0.390322,-0.0,-1e-06,-1e-06,0.0,0.0,0.0,0.518253,-0.263818,-0.027958,0.344361,-0.418069,-0.891858,0.172622,0.898766,-0.378707,0.22076,-0.130996,0.248568,0.959644,0.000643,0.002171,0.002137,0.001788,-0.01325,0.025527,0.156119,-0.005801,0.039661,0.014179,0.401738,0.900199,0.168071,-0.905601,0.36328,0.218893,0.13599,-0.240143,0.961164,-0.007084,0.001629,0.001612,-0.014389,0.106596,-0.205614,0.029431,0.079162,0.031409,-0.071792,0.55138,0.06282,-0.831884,0.504846,0.768727,0.392666,0.66416,-0.636482,0.392147,3e-06,1.4e-05,2.1e-05,4e-06,-1e-06,2.1e-05,0.515816
135,0.152996,-0.038773,0.269891,-0.548549,-0.04038,-0.83517,-0.536605,-0.749011,0.388598,-0.640567,0.661369,0.390245,6e-06,4.4e-05,6.7e-05,0.0,0.0,0.0,0.518661,-0.264127,-0.027854,0.344463,-0.417446,-0.892045,0.173162,0.899072,-0.378024,0.220681,-0.130881,0.248936,0.959564,0.000447,0.001505,0.001481,0.0,-0.0,-0.0,0.155586,-0.005955,0.039715,0.014232,0.401122,0.900375,0.168596,-0.905889,0.362604,0.218819,0.135886,-0.240503,0.961089,-0.006967,0.002013,0.001987,-0.014391,0.106614,-0.205558,0.028125,0.079163,0.031408,-0.071785,0.55126,0.062771,-0.831967,0.504933,0.768721,0.392567,0.664193,-0.636495,0.39207,5e-06,2.7e-05,4.2e-05,1.5e-05,1e-05,-1e-06,0.515979
136,0.152996,-0.038773,0.269891,-0.548549,-0.04038,-0.83517,-0.536605,-0.749011,0.388598,-0.640567,0.661369,0.390245,0.0,1e-06,1e-06,0.0,0.0,0.0,0.517731,-0.264305,-0.027802,0.344515,-0.41709,-0.892152,0.17347,0.899247,-0.377635,0.220636,-0.130816,0.249146,0.959519,0.000289,0.000971,0.000956,0.0,-0.0,-0.0,0.15604,-0.006038,0.039741,0.014258,0.400781,0.900473,0.168888,-0.906049,0.36223,0.218778,0.135827,-0.240703,0.961047,-0.007039,0.001772,0.001751,-0.014383,0.106611,-0.205534,0.027635,0.079163,0.031408,-0.071785,0.55126,0.062771,-0.831968,0.504933,0.768721,0.392567,0.664193,-0.636495,0.39207,0.0,-2e-06,-0.0,1.4e-05,8e-06,-3e-06,0.515979
137,0.152996,-0.038764,0.269885,-0.548535,-0.040377,-0.83518,-0.536595,-0.749029,0.388577,-0.640587,0.661349,0.390247,0.0,0.0,0.0,0.0,0.0,0.0,0.518342,-0.26461,-0.027724,0.344593,-0.423458,-0.890268,0.16762,0.895287,-0.383236,0.226992,-0.137322,0.247316,0.959083,-0.01431,0.002748,0.002698,-0.054391,-0.033752,-0.008448,0.15659,-0.006191,0.039781,0.014297,0.407202,0.89867,0.163027,-0.90218,0.367953,0.225123,0.142325,-0.238751,0.960594,-0.007147,0.001405,0.001386,-0.188576,-0.159415,0.044546,0.027308,0.079163,0.031412,-0.071788,0.551246,0.062768,-0.831977,0.504923,0.768739,0.392545,0.664213,-0.636474,0.392071,1e-06,-1e-06,0.0,6e-06,1.4e-05,-1.6e-05,0.515979
138,0.152983,-0.038769,0.269879,-0.548571,-0.040392,-0.835155,-0.536574,-0.749027,0.388611,-0.640574,0.661351,0.390265,-0.0,-0.0,-1e-06,0.0,0.0,0.0,0.518531,-0.264905,-0.027639,0.344662,-0.423724,-0.890494,0.16574,0.894753,-0.383244,0.229073,-0.139944,0.246487,0.958918,-0.014326,0.002691,0.002638,-0.002045,0.015205,-0.029245,0.154425,-0.006339,0.039823,0.014332,0.407456,0.898893,0.161153,-0.901652,0.367975,0.227194,0.144923,-0.237876,0.960422,8.1e-05,0.000275,0.000275,0.001185,0.0011,-0.000627,0.027145,0.079156,0.03141,-0.071792,0.551282,0.062785,-0.831952,0.504901,0.768735,0.39258,0.6642,-0.636476,0.39209,1e-06,3e-06,6e-06,9e-06,8e-06,-3e-06,0.515979
139,0.152983,-0.038777,0.269885,-0.548466,-0.040354,-0.835226,-0.53665,-0.749016,0.388527,-0.6406,0.661365,0.390197,-0.0,-0.0,-0.0,0.0,0.0,0.0,0.518057,-0.265164,-0.027562,0.344751,-0.428532,-0.888113,0.166152,0.892699,-0.388023,0.229043,-0.138414,0.247599,0.958853,-0.014136,0.003318,0.003249,-0.002045,0.015205,-0.029245,0.14845,-0.006468,0.03986,0.014375,0.412312,0.896597,0.161588,-0.899686,0.372798,0.227125,0.1434,-0.239025,0.960365,0.000204,0.000686,0.000679,0.0,-4.1e-05,-0.00026,0.021103,0.079156,0.031406,-0.071789,0.551178,0.062743,-0.832024,0.504979,0.768727,0.392495,0.664226,-0.63649,0.392022,-0.0,1e-06,4e-06,1.9e-05,1.8e-05,-6e-06,0.515979
140,0.152983,-0.038777,0.269885,-0.548466,-0.040354,-0.835226,-0.53665,-0.749016,0.388527,-0.6406,0.661365,0.390197,-0.0,-0.0,-0.0,0.0,0.0,0.0,0.518149,-0.265285,-0.027512,0.344801,-0.433538,-0.885639,0.16637,0.890513,-0.393032,0.229013,-0.136897,0.248561,0.958822,-0.013872,0.00419,0.004104,-0.000255,0.001957,-0.003709,0.143942,-0.006535,0.039885,0.0144,0.417354,0.894217,0.161834,-0.897597,0.377837,0.227066,0.141899,-0.240029,0.960338,-0.006944,0.002076,0.002038,-0.000182,0.001899,-0.004103,0.017674,0.079156,0.031406,-0.071788,0.551178,0.062743,-0.832024,0.504979,0.768727,0.392496,0.664226,-0.63649,0.392022,-2e-06,0.0,3e-06,1.9e-05,7e-06,1e-06,0.516143
141,0.152982,-0.038778,0.269864,-0.548367,-0.040323,-0.835292,-0.536688,-0.74904,0.38843,-0.640653,0.661341,0.390152,-9.2e-05,-0.000701,-0.001062,0.0,0.0,0.0,0.518339,-0.265473,-0.027449,0.344848,-0.438307,-0.883212,0.166779,0.888418,-0.397791,0.228931,-0.135308,0.24963,0.95877,8.2e-05,0.000271,0.000266,0.0,0.0,0.0,0.131192,-0.006628,0.039919,0.014426,0.422167,0.891878,0.162256,-0.895589,0.382635,0.226955,0.140332,-0.241128,0.960293,3.7e-05,0.000124,0.000126,-3.5e-05,-7.8e-05,-0.000389,0.005427,0.079156,0.031407,-0.071796,0.551082,0.062708,-0.83209,0.505016,0.768752,0.392399,0.664279,-0.636463,0.391977,-6.2e-05,-0.00047,-0.000709,2e-06,-8e-06,-5e-06,0.515979
142,0.152992,-0.038798,0.269834,-0.548298,-0.040297,-0.835339,-0.536728,-0.749044,0.388367,-0.64068,0.661337,0.390115,-0.00011,-0.000838,-0.001269,0.0,0.0,0.0,0.517831,-0.265632,-0.027412,0.344885,-0.437853,-0.883361,0.167183,0.888656,-0.397291,0.228876,-0.135217,0.2499,0.958713,-0.014453,0.002254,0.002197,-0.002045,0.015205,-0.029245,0.114374,-0.006702,0.039936,0.014443,0.421718,0.89202,0.162643,-0.895814,0.382139,0.226905,0.140251,-0.241388,0.960239,-5e-06,-1.3e-05,-1e-05,-0.012368,0.09138,-0.176436,-0.014821,0.079161,0.031396,-0.071812,0.551014,0.062679,-0.832138,0.505055,0.768759,0.392336,0.664305,-0.636459,0.39194,-7.1e-05,-0.000544,-0.000823,2e-06,-1.5e-05,1e-05,0.516142
143,0.15299,-0.038813,0.269812,-0.54835,-0.040314,-0.835304,-0.536699,-0.749041,0.388413,-0.640659,0.66134,0.390144,-8.1e-05,-0.000616,-0.000934,0.0,0.0,0.0,0.518363,-0.265684,-0.027398,0.344899,-0.443002,-0.880777,0.167249,0.886328,-0.402465,0.228867,-0.13372,0.25074,0.958703,7e-06,2.2e-05,2.1e-05,5e-06,7e-06,3.1e-05,0.102924,-0.006733,0.039944,0.014451,0.426905,0.889532,0.162738,-0.893585,0.387346,0.226865,0.138768,-0.24227,0.960233,-5e-06,-1.3e-05,-9e-06,0.000102,-4.1e-05,-0.000296,-0.026577,0.079159,0.031388,-0.071825,0.551065,0.062699,-0.832103,0.505026,0.768754,0.392382,0.664285,-0.636462,0.391969,-4.2e-05,-0.000318,-0.000482,2e-06,-9e-06,2e-06,0.516306
144,0.152984,-0.038839,0.269735,-0.548358,-0.040321,-0.835298,-0.536659,-0.749075,0.388402,-0.640686,0.661301,0.390167,-6.3e-05,0.010408,-0.00933,0.035499,-0.014236,0.017572,0.518582,-0.265776,-0.027403,0.344894,-0.453104,-0.875572,0.167514,0.881661,-0.412606,0.22883,-0.130678,0.252483,0.958665,-4.1e-05,-0.000136,-0.000133,0.000675,0.000922,0.003862,0.068597,-0.00678,0.039941,0.014448,0.437112,0.884507,0.163029,-0.889101,0.397584,0.22677,0.135762,-0.244074,0.960205,-2.3e-05,-8.1e-05,-7.7e-05,0.002417,0.003015,0.012413,-0.063644,0.079157,0.031371,-0.07186,0.551086,0.062709,-0.832087,0.504996,0.768769,0.392392,0.66429,-0.636443,0.391991,-7.8e-05,-0.000591,-0.000896,2e-06,3e-06,-8e-06,0.516306
145,0.152978,-0.038871,0.269649,-0.548384,-0.040333,-0.835281,-0.536609,-0.749108,0.388407,-0.640705,0.661263,0.390199,-0.000119,-0.000907,-0.001375,0.0,0.0,0.0,0.518139,-0.265847,-0.027403,0.344879,-0.463082,-0.870276,0.167829,0.876918,-0.422632,0.228761,-0.12758,0.254209,0.958626,-2.1e-05,-7e-05,-6.9e-05,0.0,1e-06,3e-06,0.029467,-0.006815,0.03994,0.01444,0.447197,0.879388,0.163372,-0.884536,0.40771,0.226642,0.132698,-0.245862,0.960178,-7e-06,-2.4e-05,-2.4e-05,3e-05,-0.000127,-0.00068,-0.114265,0.079154,0.031359,-0.071906,0.551098,0.062719,-0.832079,0.504935,0.768818,0.392376,0.664328,-0.636383,0.392025,-6.9e-05,-0.00054,-0.000817,5e-06,1.2e-05,-1.3e-05,0.516142
146,0.152972,-0.038905,0.269578,-0.548406,-0.040343,-0.835266,-0.536579,-0.749124,0.388418,-0.640711,0.661244,0.390221,-0.000181,-0.001377,-0.002089,-0.000643,0.015657,-0.024187,0.518499,-0.265896,-0.027415,0.344867,-0.478245,-0.861997,0.168031,0.869403,-0.437898,0.228733,-0.122993,0.256568,0.958597,-6.9e-05,-0.000227,-0.000223,0.007522,0.010239,0.042911,-0.019072,-0.00684,0.039935,0.014434,0.462484,0.871399,0.163615,-0.877313,0.42309,0.226528,0.128172,-0.248308,0.960163,-0.007268,0.000989,0.000965,0.023539,0.049584,0.114363,-0.166518,0.079151,0.031343,-0.07194,0.551103,0.062723,-0.832076,0.504914,0.768834,0.392371,0.664339,-0.636364,0.392037,-2.6e-05,-0.000209,-0.000317,1e-05,-1.4e-05,2.6e-05,0.516142
147,0.152971,-0.038915,0.269563,-0.548441,-0.040354,-0.835243,-0.53656,-0.749122,0.388448,-0.640698,0.661246,0.39024,-3.9e-05,-0.000296,-0.000449,0.0,0.0,0.0,0.518596,-0.265934,-0.027428,0.344854,-0.483135,-0.85923,0.168216,0.866916,-0.442815,0.228707,-0.121423,0.257414,0.958571,-0.000241,-0.000795,-0.000781,1.8e-05,2.5e-05,0.000104,-0.045384,-0.006859,0.039929,0.014429,0.467465,0.8687,0.163815,-0.874897,0.428093,0.226472,0.126608,-0.24919,0.960142,-0.000126,-0.00042,-0.000409,6e-05,-0.000159,-0.000821,-0.19444,0.07915,0.031335,-0.071951,0.551154,0.062742,-0.832041,0.504884,0.76883,0.392417,0.664319,-0.636367,0.392066,-1.8e-05,-0.000139,-0.000212,3e-06,-2e-06,0.0,0.516143
