frame,MLTx,MLTy,MLTz,MLTR1,MLTR2,MLTR3,MLTR4,MLTR5,MLTR6,MLTR7,MLTR8,MLTR9,MLTTVx,MLTTVy,MLTTVz,MLTRVx,MLTRVy,MLTRVz,MLGA,MRTx,MRTy,MRTz,MRTR1,MRTR2,MRTR3,MRTR4,MRTR5,MRTR6,MRTR7,MRTR8,MRTR9,MRTTVx,MRTTVy,MRTTVz,MRTRVx,MRTRVy,MRTRVz,MRGA,SLTx,SLTy,SLTz,SLTR1,SLTR2,SLTR3,SLTR4,SLTR5,SLTR6,SLTR7,SLTR8,SLTR9,SLTTVx,SLTTVy,SLTTVz,SLTRVx,SLTRVy,SLTRVz,SLGA,SRTx,SRTy,SRTz,SRTR1,SRTR2,SRTR3,SRTR4,SRTR5,SRTR6,SRTR7,SRTR8,SRTR9,SRTTVx,SRTTVy,SRTTVz,SRTRVx,SRTRVy,SRTRVz,SRGA
3781,0.208641,0.020912,0.365087,-0.95817,-0.199141,-0.205666,-0.018401,-0.674212,0.738289,-0.284495,0.711437,0.642609,-0.012945,0.001023,0.00122,0.00636,-0.095434,0.169609,-1.908389,-0.128983,0.058333,0.366151,0.937901,-0.083096,0.33679,-0.055186,0.922618,0.381661,-0.343619,-0.376446,0.860278,-0.000305,0.002008,0.00109,0.0,0.0,0.0,0.048379,0.03006,0.0474,0.001964,-0.931288,0.044329,0.361574,0.090484,-0.933311,0.347479,0.352865,0.35632,0.865171,-0.000191,0.001247,0.000676,7e-06,-2e-06,-1e-06,-0.112958,0.141542,0.034911,-0.058513,-0.89955,-0.348647,-0.263161,0.075428,-0.717381,0.692585,-0.430255,0.603165,0.671618,-0.012837,-0.000722,9.6e-05,-0.00191,0.029307,-0.059201,-0.836393
3782,0.207785,0.020851,0.365062,-0.957021,-0.201448,-0.208747,-0.019271,-0.673967,0.738491,-0.288266,0.711023,0.641386,-0.012758,-0.001988,-0.000744,-0.009059,0.001917,-0.036325,-1.908867,-0.128858,0.058391,0.366163,0.937933,-0.083222,0.336671,-0.05502,0.922617,0.381686,-0.343559,-0.376419,0.860314,0.011624,0.001772,0.000109,0.002045,-0.015205,0.029245,0.049644,0.030117,0.047432,0.001972,-0.931321,0.044441,0.361477,0.09034,-0.933317,0.3475,0.352817,0.356291,0.865203,7e-06,-4.8e-05,-2.8e-05,3e-06,-0.0,-1e-06,-0.112305,0.141109,0.034884,-0.058524,-0.897826,-0.350518,-0.266539,0.074325,-0.717235,0.692855,-0.43403,0.602253,0.670005,-0.006372,-0.001115,-0.000437,0.012323,0.012187,-0.038334,-0.837863
3783,0.206833,0.020783,0.365095,-0.956242,-0.201487,-0.212249,-0.021288,-0.67557,0.736969,-0.29069,0.709488,0.641991,-0.025691,-0.001074,0.000393,-0.00197,0.029426,-0.059108,-1.909114,-0.128745,0.058408,0.366164,0.937966,-0.083342,0.33655,-0.054869,0.922608,0.381731,-0.343493,-0.376416,0.860341,2e-06,-1e-05,-6e-06,0.0,0.0,0.0,0.050484,0.030178,0.047439,0.001971,-0.931366,0.04458,0.361344,0.090169,-0.933313,0.347556,0.352741,0.356284,0.865236,4e-06,-2.6e-05,-1.5e-05,-6e-06,1e-06,0.0,-0.111489,0.140643,0.034846,-0.05851,-0.896947,-0.350135,-0.269982,0.072758,-0.719192,0.69099,-0.436109,0.600138,0.670553,-0.01285,-0.000473,0.000254,-0.00214,0.031336,-0.060476,-0.838679
3784,0.205833,0.020714,0.365117,-0.954801,-0.20395,-0.216344,-0.022583,-0.675918,0.736612,-0.295276,0.708455,0.641039,-0.025676,-0.001317,0.000226,-0.002237,0.029008,-0.059329,-1.909689,-0.128659,0.058429,0.366168,0.937989,-0.083426,0.336466,-0.054763,0.922601,0.381763,-0.343449,-0.376414,0.86036,0.01154,0.002317,0.000405,0.002045,-0.015205,0.029245,0.051702,0.030217,0.047447,0.001973,-0.931386,0.044651,0.361281,0.090084,-0.933311,0.347584,0.352708,0.356281,0.865251,-5.9e-05,0.000378,0.000201,-3e-06,3e-06,-4e-06,-0.110346,0.140143,0.034813,-0.058498,-0.894914,-0.352066,-0.274184,0.071559,-0.719707,0.690579,-0.440462,0.598389,0.66927,-0.01284,-0.000647,0.000133,0.009204,-0.061301,0.11196,-0.839333
3785,0.205313,0.020692,0.365114,-0.953166,-0.206065,-0.221491,-0.024814,-0.676542,0.735967,-0.30032,0.707249,0.640027,-0.026338,0.009332,-0.008493,0.704115,-1.733433,1.996679,-1.909939,-0.128634,0.058441,0.366173,0.937975,-0.083398,0.33651,-0.054804,0.922603,0.381752,-0.343478,-0.376415,0.860347,-7.7e-05,0.0005,0.000271,0.0,0.0,0.0,0.051666,0.030234,0.047454,0.001975,-0.931377,0.044638,0.361306,0.090105,-0.93331,0.347579,0.352726,0.356283,0.865243,-4.9e-05,0.000318,0.000172,-8e-06,-4e-06,4e-06,-0.110019,0.139883,0.034798,-0.058497,-0.89362,-0.353508,-0.276538,0.070868,-0.719548,0.690816,-0.443192,0.59773,0.668055,-0.019253,-0.001109,0.000101,-0.140397,-0.242444,-0.009798,-0.839006
3786,0.204212,0.020685,0.365121,-0.951768,-0.208639,-0.225062,-0.02564,-0.676851,0.735654,-0.304637,0.7062,0.639144,-0.025693,-0.000903,0.000481,-0.00571,0.02158,-0.061096,-1.91025,-0.128568,0.058474,0.366186,0.93803,-0.083564,0.336314,-0.054582,0.92259,0.381815,-0.343362,-0.37641,0.860396,-0.000178,0.001161,0.00063,0.0,0.0,0.0,0.051336,0.030268,0.047469,0.00198,-0.931442,0.044809,0.361118,0.089884,-0.933306,0.347647,0.352612,0.356272,0.865294,0.005694,0.001653,0.000469,0.004093,-0.030162,0.053789,-0.110019,0.139342,0.034798,-0.058497,-0.890717,-0.355581,-0.283166,0.068652,-0.721039,0.689484,-0.449341,0.594696,0.666653,-0.012853,-0.000342,0.000329,0.018134,0.022789,-0.052413,-0.839169
3787,0.203159,0.020714,0.365115,-0.949618,-0.21352,-0.22952,-0.026056,-0.675985,0.736435,-0.311216,0.705577,0.636658,-0.025692,-0.000797,0.00054,-0.059746,-0.060555,-0.10607,-1.894476,-0.128474,0.058504,0.366195,0.938029,-0.083589,0.336311,-0.05456,0.922587,0.381824,-0.343369,-0.376411,0.860393,-9e-05,0.000587,0.000318,0.0,0.0,0.0,0.053197,0.030314,0.047486,0.001986,-0.931442,0.044834,0.361116,0.089862,-0.933305,0.347657,0.352618,0.356273,0.865291,-5.6e-05,0.000368,0.000199,-1.4e-05,-1e-06,7e-06,-0.109529,0.138806,0.034813,-0.0585,-0.88771,-0.359422,-0.287725,0.067949,-0.720378,0.690245,-0.45536,0.593186,0.663909,-0.013166,0.005043,-0.003993,-0.031729,-0.081602,-0.100796,-0.839169
3788,0.202723,0.020739,0.365102,-0.949729,-0.213738,-0.228857,-0.025423,-0.675908,0.736528,-0.31093,0.705585,0.636789,-0.013524,0.011486,-0.007644,0.033776,0.003683,-0.010303,-1.864496,-0.128422,0.058512,0.366195,0.937993,-0.083508,0.336432,-0.054679,0.922593,0.381793,-0.343449,-0.376414,0.860359,-1e-06,7e-06,4e-06,-0.014116,0.10322,-0.1694,0.054767,0.03034,0.047491,0.001987,-0.931439,0.044841,0.361122,0.089858,-0.933304,0.34766,0.352626,0.356274,0.865287,0.005815,0.000858,3.8e-05,0.002047,-0.015203,0.029243,-0.108223,0.138583,0.034819,-0.058504,-0.887695,-0.360045,-0.28699,0.068858,-0.72011,0.690433,-0.455252,0.593133,0.664031,-0.012867,9.6e-05,0.000605,0.009149,0.02146,-0.034885,-0.837373
3789,0.201833,0.020776,0.365046,-0.949242,-0.213688,-0.230914,-0.026581,-0.676972,0.73551,-0.312312,0.704579,0.637226,-0.025665,-0.001259,0.000228,-0.001969,0.029429,-0.059107,-1.780414,-0.128354,0.058537,0.366204,0.937977,-0.083485,0.336484,-0.05472,0.922594,0.381784,-0.343487,-0.376416,0.860343,-6.5e-05,0.000421,0.000228,0.0,0.0,0.0,0.055043,0.030374,0.047503,0.001991,-0.931382,0.044726,0.361283,0.090021,-0.933306,0.347613,0.352735,0.356284,0.865238,-4.8e-05,0.000313,0.000167,-4e-06,5e-06,2e-06,-0.10659,0.138153,0.03484,-0.058531,-0.887187,-0.359654,-0.289044,0.067898,-0.721381,0.689201,-0.456385,0.591825,0.66442,-0.006416,-0.000335,6e-05,-0.001499,0.016581,-0.029494,-0.823493
3790,0.200928,0.020904,0.364909,-0.946669,-0.221497,-0.234099,-0.023447,-0.677239,0.735371,-0.320247,0.701915,0.636226,-0.026224,0.008536,-0.009046,0.031545,0.016315,-0.040958,-1.699867,-0.128272,0.058581,0.366221,0.938014,-0.083608,0.33635,-0.054561,0.922585,0.381831,-0.343412,-0.376413,0.860375,-0.000153,0.000987,0.000536,0.0,0.0,0.0,0.054696,0.030415,0.047524,0.001999,-0.931426,0.044852,0.361155,0.089863,-0.933302,0.347664,0.35266,0.356278,0.865272,-9.7e-05,0.000627,0.000338,-0.0,2.2e-05,-1e-05,-0.106427,0.13769,0.034906,-0.058598,-0.88312,-0.36672,-0.292599,0.071008,-0.720982,0.689305,-0.463741,0.587963,0.662754,-0.006384,-0.001028,-0.000391,0.01146,0.020368,-0.032663,-0.808307
3791,0.199844,0.021162,0.364687,-0.940962,-0.236313,-0.242473,-0.020345,-0.675494,0.737067,-0.336798,0.698776,0.631115,-0.039088,0.00966,-0.007808,-0.215029,-0.345179,-0.270512,-1.63982,-0.128145,0.058687,0.366257,0.938046,-0.083738,0.336228,-0.05439,0.922584,0.381857,-0.34335,-0.376386,0.860411,0.011321,0.003681,0.001144,0.002045,-0.015205,0.029245,0.054888,0.030474,0.047576,0.002017,-0.931459,0.044969,0.361055,0.089714,-0.933308,0.347688,0.352611,0.356249,0.865304,-0.000187,0.001205,0.000652,6e-06,-0.0,-1e-06,-0.106427,0.137153,0.035031,-0.058711,-0.875332,-0.37815,-0.301322,0.073154,-0.719582,0.690543,-0.477955,0.582412,0.657537,-0.013128,0.005206,-0.003902,-0.386055,-0.494553,-0.287635,-0.800306
3792,0.19919,0.021303,0.364572,-0.93848,-0.240845,-0.247577,-0.021391,-0.674984,0.737503,-0.343568,0.697725,0.628623,-0.026241,0.010127,-0.008022,0.087592,-0.693423,0.480034,-1.62782,-0.12806,0.058771,0.366295,0.938112,-0.08394,0.335993,-0.054121,0.922568,0.381934,-0.343212,-0.376379,0.860469,-0.00061,0.003927,0.002127,0.002048,-0.014957,0.024546,0.055097,0.030522,0.047615,0.002034,-0.931537,0.04518,0.360828,0.089443,-0.933302,0.347772,0.352474,0.356237,0.865365,0.005578,0.002357,0.00085,0.002058,-0.015211,0.029245,-0.106263,0.136822,0.035102,-0.058769,-0.871648,-0.382874,-0.306,0.072629,-0.718328,0.691902,-0.48472,0.580871,0.653937,-0.019235,-0.000579,0.000406,0.484617,-1.84321,1.902996,-0.800469
3793,0.197747,0.021671,0.364423,-0.935647,-0.248454,-0.250759,-0.019587,-0.672832,0.739517,-0.351292,0.697145,0.624987,-0.051387,0.002147,0.003406,-0.042999,-0.00013,-0.149678,-1.619884,-0.127789,0.058977,0.366375,0.938251,-0.084398,0.33549,-0.053515,0.922541,0.382084,-0.342927,-0.376342,0.860599,-0.000676,0.004328,0.002341,0.002049,-0.014957,0.024545,0.054698,0.030653,0.047717,0.002074,-0.931695,0.045633,0.360363,0.088862,-0.933299,0.347931,0.352204,0.356188,0.865495,0.00549,0.002894,0.001138,0.002049,-0.015195,0.029245,-0.106427,0.13611,0.035285,-0.05885,-0.866759,-0.390234,-0.310554,0.073751,-0.716142,0.694046,-0.493242,0.578668,0.649503,-0.019579,0.007243,-0.00233,0.02921,-0.024965,-0.083049,-0.807654
3794,0.195864,0.022103,0.364427,-0.932944,-0.253437,-0.255795,-0.020063,-0.672784,0.739547,-0.358364,0.695401,0.622912,-0.051382,0.005185,0.005327,-0.100884,-0.085972,-0.195583,-1.607906,-0.127416,0.059152,0.36644,0.938418,-0.084954,0.334882,-0.05279,0.922496,0.382294,-0.342581,-0.376327,0.860743,0.011169,0.004531,0.001601,0.002045,-0.015205,0.029245,0.054861,0.030839,0.047809,0.002109,-0.931898,0.046219,0.359762,0.088123,-0.933281,0.348165,0.351852,0.356157,0.86565,0.005557,0.002435,0.000887,0.004108,-0.030172,0.053796,-0.106753,0.135168,0.0355,-0.058849,-0.863318,-0.393791,-0.315609,0.073258,-0.716556,0.69367,-0.499313,0.575738,0.647465,-0.025978,0.008811,-0.00108,-0.115659,-0.048237,-0.345088,-0.811573
3795,0.194763,0.0223,0.364516,-0.93121,-0.255723,-0.259804,-0.021424,-0.673158,0.739169,-0.362755,0.694204,0.621704,-0.051376,0.007484,0.006782,-0.243634,-0.381628,-0.239624,-1.607639,-0.127205,0.059232,0.366456,0.938472,-0.085164,0.334679,-0.052518,0.922488,0.382351,-0.342476,-0.376299,0.860798,0.01129,0.003745,0.001176,-0.012124,0.08802,-0.140147,0.05493,0.030948,0.047852,0.002118,-0.931968,0.046451,0.35955,0.087832,-0.933283,0.348234,0.351739,0.356123,0.865711,0.005649,0.001846,0.000567,-0.012109,0.088013,-0.140144,-0.10659,0.134642,0.035594,-0.058809,-0.862047,-0.393851,-0.318989,0.072036,-0.718209,0.692088,-0.501681,0.573634,0.647502,-0.025693,0.003746,0.003426,0.225315,-0.476787,0.620766,-0.81239
3796,0.192338,0.022643,0.364796,-0.928729,-0.258245,-0.266117,-0.023813,-0.674721,0.73767,-0.3689,0.691751,0.620823,-0.07685,0.009691,0.009085,-0.008207,0.052367,-0.129006,-1.614174,-0.126745,0.059366,0.366484,0.937795,-0.085415,0.336507,-0.052608,0.92295,0.381221,-0.344317,-0.375107,0.860584,0.011429,0.002841,0.000688,0.002045,-0.015205,0.029245,0.054683,0.031174,0.047918,0.002132,-0.931241,0.046637,0.361405,0.087934,-0.933706,0.347071,0.353633,0.354987,0.865405,0.005705,0.001486,0.000371,-0.012882,0.086346,-0.139159,-0.106917,0.133415,0.035767,-0.058667,-0.857653,-0.397557,-0.326157,0.070128,-0.718765,0.691706,-0.509423,0.570371,0.644332,-0.032037,0.004409,0.00406,0.012195,0.069044,-0.128405,-0.815002
3797,0.189335,0.023031,0.365159,-0.924408,-0.265771,-0.273645,-0.024926,-0.673829,0.738447,-0.379499,0.689776,0.616617,-0.089406,0.009834,0.009523,-0.278307,-0.199272,-0.558918,-1.610793,-0.12624,0.059548,0.366532,0.937302,-0.086178,0.337684,-0.051988,0.92337,0.380289,-0.345755,-0.373896,0.860534,0.01113,0.004657,0.001668,0.002045,-0.015205,0.029245,0.054667,0.031431,0.048007,0.002155,-0.93075,0.04739,0.362571,0.08728,-0.93411,0.34615,0.355086,0.353824,0.865287,0.005552,0.002408,0.000868,0.001659,-0.01615,0.029789,-0.10708,0.131918,0.035965,-0.058483,-0.852809,-0.401776,-0.333605,0.06851,-0.719371,0.691238,-0.517709,0.566639,0.641012,-0.038335,0.005282,0.004806,-0.29738,-0.359732,-0.395988,-0.816962
3798,0.185814,0.023388,0.365528,-0.920419,-0.270936,-0.281901,-0.027261,-0.674855,0.737428,-0.388894,0.686763,0.614122,-0.089178,0.009085,0.008907,-0.108426,-0.055793,-0.258381,-1.591811,-0.125689,0.059776,0.366602,0.935929,-0.086559,0.341375,-0.052275,0.924286,0.378016,-0.349422,-0.371537,0.860074,0.011082,0.004886,0.00179,0.002045,-0.015205,0.029245,0.054989,0.031702,0.04812,0.00219,-0.92928,0.04766,0.366287,0.087569,-0.934944,0.343817,0.358844,0.351578,0.864652,0.011275,0.003706,0.001145,0.002389,-0.034279,0.060748,-0.10708,0.130124,0.03615,-0.058294,-0.846895,-0.407059,-0.342156,0.066609,-0.71958,0.691206,-0.527571,0.562589,0.636523,-0.044601,0.004492,0.004467,-0.116622,-0.051377,-0.270268,-0.817615
3799,0.183761,0.023545,0.365713,-0.917889,-0.273397,-0.287715,-0.029448,-0.676092,0.736209,-0.394658,0.684569,0.612893,-0.101816,0.008439,0.00886,-0.025145,0.013667,-0.17748,-1.582233,-0.125415,0.059898,0.366647,0.936112,-0.087127,0.340726,-0.051525,0.924239,0.378235,-0.34904,-0.371521,0.860236,0.010915,0.005869,0.002319,0.004108,-0.030163,0.053789,0.055648,0.031836,0.048178,0.00221,-0.929497,0.048222,0.365663,0.08685,-0.934921,0.344061,0.358458,0.351562,0.864819,0.005495,0.002704,0.001025,-0.0124,0.087503,-0.139843,-0.106916,0.129173,0.036224,-0.058207,-0.843564,-0.408853,-0.348191,0.064623,-0.720939,0.689977,-0.533125,0.559539,0.63458,-0.050927,0.003961,0.004318,0.165543,-0.369511,0.296999,-0.817125
3800,0.179486,0.023832,0.366033,-0.912917,-0.27848,-0.298457,-0.033124,-0.678288,0.73403,-0.405719,0.680339,0.610376,-0.114385,0.006828,0.0081,-0.047817,0.178918,-0.459083,-1.560608,-0.12495,0.060106,0.366723,0.935511,-0.087612,0.342249,-0.051286,0.924664,0.377226,-0.350687,-0.370346,0.860073,0.011043,0.005027,0.001863,0.002045,-0.015205,0.029245,0.05578,0.032072,0.048286,0.00225,-0.928874,0.048694,0.36718,0.086571,-0.935322,0.343041,0.360136,0.350429,0.864581,0.005463,0.002861,0.001109,0.000661,-0.01836,0.031086,-0.105937,0.127003,0.036373,-0.058043,-0.837284,-0.412164,-0.359269,0.061318,-0.723716,0.687367,-0.543317,0.553493,0.63123,-0.057196,0.003892,0.004406,-0.013727,0.080946,-0.265432,-0.817615
3801,0.174787,0.024072,0.366308,-0.904958,-0.28765,-0.313615,-0.038268,-0.679045,0.73308,-0.422704,0.675763,0.603897,-0.114343,0.004229,0.006277,-0.256282,-0.291826,-0.442878,-1.535168,-0.124523,0.060324,0.366806,0.935768,-0.088425,0.341336,-0.050222,0.924595,0.377539,-0.350155,-0.370324,0.860299,-0.000508,0.003031,0.00163,0.0,0.0,-0.0,0.05528,0.032281,0.048394,0.002292,-0.929181,0.049519,0.36629,0.085522,-0.93529,0.343391,0.359592,0.350399,0.864819,-0.000345,0.002064,0.001104,0.002061,-0.01503,0.024583,-0.106427,0.124611,0.036498,-0.057901,-0.828051,-0.417727,-0.373945,0.05654,-0.7258,0.685577,-0.557793,0.54655,0.624618,-0.057187,0.001929,0.003084,-0.358059,-0.349764,-0.45577,-0.819085
3802,0.172212,0.024178,0.366389,-0.902844,-0.287097,-0.320145,-0.044079,-0.67886,0.732924,-0.426632,0.676183,0.600657,-0.127113,0.00267,0.00559,0.261498,-1.747796,1.745538,-1.524952,-0.124317,0.06042,0.366842,0.935834,-0.088663,0.341094,-0.049921,0.924574,0.37763,-0.350022,-0.370319,0.860355,0.011172,0.004169,0.001399,0.002045,-0.015205,0.029245,0.055979,0.032384,0.048444,0.002311,-0.92926,0.049764,0.366058,0.085223,-0.935281,0.34349,0.359461,0.350388,0.864878,0.005509,0.002543,0.00094,0.002045,-0.015213,0.029254,-0.106427,0.123418,0.036546,-0.057861,-0.82666,-0.416674,-0.378173,0.05199,-0.72575,0.68599,-0.560294,0.547419,0.621612,-0.063575,0.001099,0.002713,-0.494103,-0.255103,-0.709114,-0.819248
3803,0.167186,0.024526,0.36643,-0.897739,-0.29174,-0.330148,-0.049653,-0.67766,0.733678,-0.436656,0.675405,0.594295,-0.1272,0.013296,-0.003327,-0.169403,-0.198161,-0.404091,-1.509207,-0.12394,0.06056,0.366888,0.93504,-0.088613,0.343278,-0.050405,0.925041,0.37642,-0.352074,-0.369163,0.860015,-0.000131,0.000774,0.000416,0.0,0.0,-0.0,0.057053,0.032581,0.048518,0.002335,-0.928417,0.049692,0.3682,0.085654,-0.935693,0.342257,0.36153,0.349296,0.864458,-4.8e-05,0.000284,0.000147,-0.000684,-0.001542,0.000898,-0.105284,0.12081,0.036723,-0.057842,-0.819304,-0.419818,-0.390502,0.045043,-0.726102,0.686109,-0.571586,0.544543,0.613809,-0.063617,0.00646,-0.001715,-0.200076,-0.217974,-0.410184,-0.817778
3804,0.162112,0.024958,0.366378,-0.897801,-0.283042,-0.337467,-0.065041,-0.672668,0.737061,-0.434508,0.684034,0.585941,-0.127114,0.01366,-0.003298,-0.201515,-0.033338,-0.590032,-1.508669,-0.123606,0.060638,0.366905,0.933859,-0.090607,0.345962,-0.050063,0.924574,0.377613,-0.355252,-0.369847,0.858413,0.011549,0.001904,0.000182,-0.002528,-0.011745,0.031746,0.057809,0.032743,0.048555,0.002343,-0.927178,0.051704,0.371035,0.085369,-0.935208,0.343651,0.364763,0.350301,0.862691,0.005788,0.000879,4.7e-05,0.016795,-0.025835,0.029169,-0.104467,0.118321,0.036932,-0.057867,-0.820571,-0.410589,-0.39759,0.028597,-0.724267,0.688925,-0.570827,0.553942,0.606055,-0.063591,0.006418,-0.00184,-0.27247,-0.190603,-0.460321,-0.82235
3805,0.159671,0.02515,0.36636,-0.897246,-0.27957,-0.341812,-0.073211,-0.669249,0.739404,-0.434359,0.688798,0.580446,-0.1144,0.013278,-0.003976,-0.157887,-0.151328,-0.309583,-1.500955,-0.123448,0.060656,0.366903,0.933946,-0.090883,0.345653,-0.049702,0.924549,0.37772,-0.355072,-0.36984,0.85849,0.000189,-0.001107,-0.000595,-5.7e-05,4.3e-05,3.1e-05,0.057863,0.032822,0.048566,0.002343,-0.927321,0.051929,0.370646,0.08497,-0.935256,0.343621,0.364493,0.350141,0.86287,0.005914,0.000136,-0.000353,0.003192,-0.002606,0.004016,-0.104141,0.117095,0.037027,-0.057877,-0.820368,-0.407128,-0.401549,0.019946,-0.722156,0.691441,-0.571486,0.559227,0.600555,-0.063596,0.001081,0.002451,-0.193688,-0.166881,-0.405928,-0.825453
3806,0.154775,0.025344,0.366443,-0.897535,-0.267981,-0.350232,-0.090933,-0.664734,0.741506,-0.430406,0.697707,0.572698,-0.114674,0.001094,0.003571,0.076821,-0.353354,0.366294,-1.482018,-0.12316,0.060687,0.366909,0.934074,-0.091299,0.345197,-0.049173,0.924502,0.377905,-0.354808,-0.369855,0.858592,0.011554,0.001879,0.000169,0.002045,-0.015205,0.029245,0.058722,0.032967,0.048577,0.002344,-0.927479,0.052338,0.370191,0.084444,-0.935241,0.343791,0.364211,0.35012,0.862997,0.005779,0.000937,7.8e-05,0.002052,-0.015296,0.029095,-0.103324,0.114695,0.037129,-0.057839,-0.822877,-0.396452,-0.407061,0.003316,-0.719718,0.694258,-0.568209,0.569939,0.593554,-0.063698,0.000729,0.002126,0.016231,0.163669,-0.344597,-0.826596
3807,0.150047,0.025338,0.366607,-0.892904,-0.263406,-0.36522,-0.106718,-0.664249,0.739836,-0.436365,0.699903,0.565462,-0.127693,0.000831,0.003526,0.16071,-1.608008,1.846096,-1.456848,-0.122978,0.060716,0.366912,0.934081,-0.09137,0.345161,-0.049099,0.924495,0.377933,-0.354802,-0.369856,0.858595,0.0,-0.0,-0.0,-0.014336,0.103208,-0.169389,0.058997,0.033062,0.048593,0.002345,-0.927534,0.052513,0.370029,0.084232,-0.935233,0.343865,0.364121,0.350115,0.863037,1e-06,0.0,-3e-06,-3.8e-05,-3.7e-05,-9.3e-05,-0.102018,0.112332,0.037128,-0.057756,-0.819423,-0.388886,-0.421083,-0.011887,-0.722947,0.6908,-0.573064,0.571063,0.587778,-0.057495,7.6e-05,0.001468,-0.396004,-0.33991,-0.216687,-0.830515
3808,0.145563,0.025208,0.366677,-0.885457,-0.263466,-0.382881,-0.120893,-0.664961,0.73701,-0.447678,0.699203,0.557428,-0.115776,-0.003656,0.000194,-0.120644,-0.143861,-0.165854,-1.403981,-0.122883,0.060788,0.366932,0.934073,-0.091386,0.345178,-0.049083,0.924502,0.377916,-0.354824,-0.369833,0.858596,-0.000212,0.001224,0.000658,-0.0,0.0,0.0,0.059485,0.03311,0.048627,0.002354,-0.927487,0.052434,0.370157,0.084341,-0.935243,0.34381,0.364215,0.3501,0.863004,-0.000136,0.000781,0.000415,-3.1e-05,-3.1e-05,-6e-05,-0.101854,0.110042,0.037067,-0.057716,-0.810151,-0.386413,-0.440837,-0.027387,-0.726231,0.686903,-0.585579,0.56857,0.577775,-0.057949,-0.002309,-0.000144,-0.066407,-0.521038,0.325136,-0.818758
3809,0.143353,0.025073,0.366653,-0.880692,-0.261344,-0.395127,-0.132371,-0.665161,0.734854,-0.45378,0.699807,0.551707,-0.116412,-0.006795,-0.00191,-0.039957,-0.447445,0.312328,-1.378767,-0.122841,0.06085,0.366962,0.934037,-0.091306,0.345297,-0.0492,0.924509,0.377885,-0.354903,-0.369836,0.858561,0.010968,0.00524,0.001973,0.004123,-0.030161,0.053789,0.059813,0.033127,0.048653,0.002367,-0.927435,0.05232,0.370306,0.084498,-0.935246,0.343764,0.364313,0.350109,0.862959,-0.000195,0.001129,0.000605,-3.7e-05,-4e-06,-5.5e-05,-0.101528,0.108938,0.037004,-0.057726,-0.805535,-0.382952,-0.452171,-0.038264,-0.727887,0.684627,-0.591309,0.568794,0.571686,-0.058193,-0.003395,-0.000887,0.190878,-1.449367,1.747149,-0.810757
3810,0.138971,0.024707,0.3665,-0.873864,-0.258478,-0.411821,-0.149758,-0.662796,0.733652,-0.461502,0.703106,0.541004,-0.104629,-0.010641,-0.00486,-0.031587,0.061628,-0.277379,-1.346682,-0.122783,0.061034,0.367043,0.933143,-0.090931,0.347804,-0.05008,0.925014,0.376531,-0.357132,-0.368665,0.858141,-0.000884,0.005095,0.00273,0.00968,0.003019,0.013574,0.061005,0.033156,0.048743,0.002406,-0.926468,0.051884,0.372778,0.085359,-0.935679,0.342371,0.366565,0.349016,0.862448,-0.000438,0.002519,0.001348,0.093351,0.200911,-0.106794,-0.100875,0.106781,0.036824,-0.057801,-0.798389,-0.377912,-0.468781,-0.056056,-0.728496,0.682752,-0.599526,0.57138,0.560439,-0.058709,-0.00518,-0.002151,0.288762,-1.273723,1.764988,-0.807981
3811,0.134879,0.02428,0.366314,-0.86783,-0.256844,-0.425379,-0.161819,-0.663381,0.730557,-0.468751,0.703151,0.534676,-0.105252,-0.011134,-0.005417,-0.014935,0.242476,-0.467794,-1.331653,-0.122729,0.061232,0.367143,0.93321,-0.091134,0.347569,-0.049811,0.924996,0.37661,-0.356992,-0.368659,0.858202,-0.000843,0.004852,0.002596,0.002079,-0.014956,0.024544,0.061525,0.033187,0.048849,0.00246,-0.926559,0.05212,0.372519,0.085056,-0.93567,0.342471,0.366405,0.349005,0.86252,-0.000419,0.002399,0.001281,0.00202,-0.015104,0.02459,-0.099568,0.104657,0.036599,-0.057899,-0.792303,-0.374153,-0.481938,-0.067439,-0.731352,0.678656,-0.606388,0.570203,0.55422,-0.052631,-0.005622,-0.002683,0.00523,0.271929,-0.482719,-0.813369
3812,0.132869,0.024096,0.366231,-0.865329,-0.25095,-0.433907,-0.171419,-0.665367,0.72655,-0.469961,0.703395,0.533291,-0.105104,-0.008653,-0.003928,0.074001,-0.310073,0.402932,-1.33057,-0.1227,0.061324,0.367189,0.933256,-0.091268,0.347411,-0.049633,0.924984,0.376663,-0.356896,-0.368655,0.858243,-0.000719,0.004135,0.00221,-0.0,0.0,0.0,0.062138,0.033201,0.048893,0.002482,-0.926607,0.052244,0.372381,0.084897,-0.935665,0.342523,0.36632,0.348998,0.862559,-0.000345,0.001978,0.001058,-2.4e-05,-4.6e-05,-0.0,-0.098915,0.10369,0.036505,-0.057943,-0.790947,-0.367368,-0.489328,-0.075957,-0.734573,0.674264,-0.607151,0.570475,0.553104,-0.052544,-0.004376,-0.001935,0.264187,-1.259614,1.820545,-0.820554
3813,0.129168,0.023875,0.366125,-0.86363,-0.245006,-0.440637,-0.182864,-0.662313,0.72655,-0.468777,0.70835,0.527747,-0.091683,-0.003804,-0.001162,-0.354086,-0.205918,-0.401961,-1.314243,-0.122682,0.061476,0.367267,0.933206,-0.091148,0.347578,-0.049803,0.924994,0.376616,-0.357005,-0.36866,0.858196,-0.000525,0.003019,0.001612,-0.0,0.0,0.0,0.062023,0.033209,0.048975,0.002524,-0.926555,0.052133,0.372526,0.085049,-0.935668,0.342477,0.366416,0.349007,0.862515,-0.000259,0.001478,0.000787,-7e-06,-5e-06,-1.6e-05,-0.098752,0.101834,0.036386,-0.058001,-0.790705,-0.358922,-0.495942,-0.087889,-0.735158,0.672173,-0.605854,0.575078,0.549748,-0.045633,0.003303,-0.004958,-0.378064,-0.254242,-0.448247,-0.830678
3814,0.126008,0.02384,0.366138,-0.859726,-0.243413,-0.449073,-0.192196,-0.660463,0.725825,-0.472205,0.710622,0.5216,-0.0779,0.001569,0.00205,-0.244303,-0.26991,-0.121326,-1.302573,-0.122717,0.061573,0.36732,0.932633,-0.092713,0.348699,-0.049654,0.924096,0.378834,-0.358523,-0.370515,0.856763,-0.00044,0.002532,0.00135,-0.025274,0.00569,0.039476,0.064163,0.033192,0.049021,0.002549,-0.925941,0.053756,0.373822,0.085015,-0.934746,0.344996,0.367974,0.351226,0.860949,-8.5e-05,0.000484,0.000258,-0.003705,0.008595,0.011815,-0.097446,0.100248,0.036364,-0.057997,-0.786553,-0.356849,-0.503977,-0.097499,-0.734126,0.671975,-0.609777,0.577682,0.542637,-0.032512,0.000371,0.000721,-0.358136,-0.77833,0.425835,-0.827902
3815,0.12347,0.023924,0.366228,-0.85692,-0.241917,-0.455202,-0.200155,-0.657679,0.726201,-0.473994,0.713706,0.515732,-0.052055,0.000875,0.001198,-0.032895,-0.463934,0.503132,-1.298767,-0.122776,0.061603,0.36734,0.932627,-0.092681,0.348725,-0.049691,0.924099,0.378822,-0.358534,-0.370516,0.856758,-5.4e-05,0.000313,0.000167,-6e-06,4e-06,3e-06,0.067915,0.033163,0.049039,0.00256,-0.925989,0.053664,0.373716,0.084948,-0.934852,0.344724,0.367869,0.350958,0.861104,-1.3e-05,7.1e-05,4.1e-05,0.000947,-0.000651,-0.000403,-0.093037,0.098951,0.036411,-0.057948,-0.783416,-0.355402,-0.50985,-0.105949,-0.731979,0.673038,-0.612399,0.581287,0.53579,-0.02599,0.000635,0.000771,-0.006178,-0.502174,0.575894,-0.834924
3816,0.122476,0.023944,0.366266,-0.857713,-0.236839,-0.456377,-0.204809,-0.656834,0.725668,-0.470567,0.716178,0.515444,-0.051985,0.001408,0.001526,-0.00172,-0.025738,0.029334,-1.294942,-0.12282,0.061604,0.367333,0.93257,-0.092524,0.34892,-0.049894,0.924123,0.378737,-0.358656,-0.370496,0.856716,-1e-06,5e-06,2e-06,-0.0,0.0,0.0,0.068038,0.033141,0.049039,0.002557,-0.925924,0.053496,0.373901,0.085152,-0.934869,0.344626,0.367985,0.350936,0.861063,1.1e-05,-6.1e-05,-3e-05,7.7e-05,-0.000169,-0.000177,-0.091894,0.098474,0.036423,-0.057928,-0.784965,-0.350452,-0.510893,-0.110651,-0.732071,0.672181,-0.609578,0.584169,0.535872,-0.019541,0.000308,0.000466,0.011125,0.056777,-0.090818,-0.839496
3817,0.121016,0.023836,0.366248,-0.854382,-0.23024,-0.465904,-0.215905,-0.658282,0.721125,-0.471669,0.716991,0.513302,-0.027237,-0.005143,-0.003108,0.066926,-0.404801,0.60949,-1.259343,-0.122921,0.061572,0.367323,0.932497,-0.092306,0.34917,-0.050182,0.924142,0.378651,-0.358803,-0.370501,0.856652,2.9e-05,-0.000165,-8.8e-05,-0.0,0.0,0.0,0.06885,0.03309,0.049021,0.002551,-0.92584,0.053266,0.37414,0.085442,-0.934878,0.344532,0.368128,0.350949,0.860996,1.9e-05,-0.000112,-5.7e-05,-4.4e-05,-4e-05,-0.000113,-0.090914,0.097736,0.036378,-0.05793,-0.782927,-0.342839,-0.519119,-0.12063,-0.734947,0.667308,-0.610305,0.585075,0.534053,-0.013607,-0.002585,-0.001532,0.234132,-1.545161,2.395305,-0.838516
3818,0.12015,0.023468,0.365979,-0.850307,-0.228814,-0.473991,-0.222038,-0.660619,0.717115,-0.476159,0.715294,0.511521,-0.015783,-0.012771,-0.008323,-0.001591,0.0288,-0.054627,-1.004227,-0.123026,0.061562,0.367326,0.932406,-0.092038,0.349485,-0.050539,0.924167,0.378545,-0.358991,-0.370508,0.85657,-5e-06,3.1e-05,1.7e-05,-0.0,0.0,0.0,0.074924,0.033038,0.049016,0.002552,-0.925734,0.052986,0.374443,0.085801,-0.934887,0.344416,0.368312,0.350966,0.860911,-3e-06,1.1e-05,5e-06,-4.5e-05,-2.6e-05,-7.1e-05,-0.087811,0.097299,0.036201,-0.05806,-0.778501,-0.339879,-0.527652,-0.126643,-0.738334,0.662437,-0.614732,0.582532,0.531751,-0.008034,-0.007079,-0.004601,0.000982,-0.048767,0.085875,-0.783814
3819,0.119808,0.023213,0.365777,-0.845097,-0.226935,-0.484104,-0.229708,-0.663572,0.711954,-0.481757,0.713153,0.509264,-0.016279,-0.014995,-0.009831,0.071551,-0.504002,0.788914,-0.758574,-0.123061,0.061556,0.367336,0.932354,-0.091885,0.349665,-0.050752,0.92417,0.378507,-0.359097,-0.370537,0.856513,-2.3e-05,0.000135,7.2e-05,-0.0,0.0,0.0,0.079581,0.033021,0.049013,0.002557,-0.925673,0.052828,0.374617,0.086014,-0.934883,0.344374,0.368416,0.351,0.860853,-1.1e-05,6e-05,3.4e-05,-3.8e-05,-2.2e-05,-6.1e-05,-0.083403,0.097128,0.036075,-0.058159,-0.773778,-0.33671,-0.536556,-0.13289,-0.741896,0.657213,-0.619359,0.57984,0.529318,-0.008119,-0.007477,-0.004883,0.229252,-1.447971,2.225353,-0.689758
3820,0.119234,0.022655,0.365292,-0.828642,-0.221113,-0.514302,-0.252409,-0.672501,0.695704,-0.498671,0.706577,0.502099,-0.016823,-0.017287,-0.01144,0.230071,-1.46517,2.250684,-0.251212,-0.123088,0.061559,0.367349,0.932277,-0.091673,0.349925,-0.051048,0.924179,0.378446,-0.359254,-0.370568,0.856434,-4.5e-05,0.000261,0.000139,-0.0,0.0,0.0,0.094732,0.033007,0.049014,0.002564,-0.925584,0.052607,0.374867,0.086311,-0.934881,0.344305,0.368569,0.351039,0.860771,-2.6e-05,0.000153,8.1e-05,-2.5e-05,-2.3e-05,-3.6e-05,-0.069849,0.096835,0.035788,-0.058407,-0.757464,-0.325912,-0.565711,-0.15319,-0.753577,0.639259,-0.634649,0.570878,0.520881,-0.008432,-0.008827,-0.005829,0.228285,-1.448885,2.225615,-0.535122
3821,0.11856,0.021865,0.364838,-0.814104,-0.215925,-0.539125,-0.271204,-0.679578,0.681611,-0.512545,0.701382,0.495365,-0.018066,-0.030584,-0.004613,-0.026817,-0.07862,0.139455,0.056261,-0.123033,0.061599,0.367377,0.932164,-0.091393,0.350297,-0.051447,0.924193,0.378357,-0.35949,-0.370603,0.85632,-0.000159,0.000917,0.000488,-0.0,0.0,0.0,0.119511,0.033035,0.049033,0.002577,-0.925455,0.052317,0.375227,0.08671,-0.93488,0.344207,0.3688,0.351085,0.860653,0.005659,0.001521,0.000395,0.002024,-0.015216,0.029218,-0.04356,0.096504,0.035403,-0.058633,-0.742847,-0.31628,-0.590037,-0.170314,-0.763079,0.62346,-0.647433,0.563627,0.512985,-0.002399,-0.011228,-0.007552,0.019421,-0.105017,0.156316,-0.361871
3822,0.118233,0.020811,0.364102,-0.795384,-0.208502,-0.569155,-0.294421,-0.687921,0.663365,-0.528861,0.695458,0.486489,-0.00609,-0.020444,-0.029882,0.042118,-0.172528,0.293605,0.174176,-0.122966,0.061672,0.367431,0.93119,-0.090817,0.353029,-0.052617,0.924686,0.376989,-0.361845,-0.369513,0.855799,-0.000269,0.001554,0.000827,0.0,0.0,-0.0,0.133776,0.033068,0.049069,0.002604,-0.924383,0.051667,0.37795,0.087873,-0.935298,0.342775,0.371206,0.350067,0.860033,-0.000198,0.001137,0.000603,-0.015955,0.099521,-0.16725,-0.01825,0.096338,0.034882,-0.058985,-0.724778,-0.303653,-0.618457,-0.190923,-0.773971,0.603752,-0.662,0.555664,0.502984,-0.003483,-0.016229,-0.01104,0.005813,-0.138597,0.248064,-0.077909
3823,0.118136,0.02015,0.363602,-0.786506,-0.20468,-0.582718,-0.30514,-0.691564,0.654676,-0.536011,0.692969,0.482195,-0.006836,-0.023853,-0.032358,0.045128,-0.252291,0.436228,0.219697,-0.122955,0.061713,0.367452,0.93119,-0.090825,0.353025,-0.052608,0.924686,0.376992,-0.361844,-0.369513,0.855799,-0.000228,0.001318,0.000701,-0.014342,0.103198,-0.169394,0.13785,0.033073,0.049091,0.002615,-0.924436,0.051772,0.377804,0.087732,-0.935289,0.342835,0.371106,0.350075,0.860074,-0.000164,0.000934,0.000498,-0.000221,-0.000505,0.000271,-0.010902,0.096292,0.034565,-0.059226,-0.716539,-0.297618,-0.630867,-0.200154,-0.778654,0.594672,-0.668213,0.552376,0.498367,-0.003847,-0.017902,-0.012258,0.004627,-0.130334,0.234745,0.009452
3824,0.117868,0.018959,0.36248,-0.772241,-0.2083,-0.600249,-0.310939,-0.70001,0.642864,-0.553132,0.683344,0.476562,-0.007161,-0.025206,-0.033614,0.045068,-0.252545,0.436024,0.320369,-0.122962,0.061751,0.367472,0.929781,-0.092204,0.356366,-0.053079,0.924268,0.377949,-0.365391,-0.370214,0.853987,-7.8e-05,0.000451,0.00024,-0.012114,0.009184,0.006635,0.151541,0.03307,0.049112,0.002626,-0.922891,0.053098,0.38138,0.088377,-0.934798,0.344007,0.37478,0.351186,0.858025,-3.8e-05,0.000225,0.00012,0.013004,-0.005679,0.002236,0.003795,0.096154,0.033948,-0.059801,-0.701112,-0.297354,-0.64809,-0.204074,-0.787202,0.581951,-0.683224,0.540271,0.491234,-0.003569,-0.012639,-0.016822,0.045922,-0.265491,0.460514,0.15527
3825,0.117466,0.018059,0.361112,-0.755963,-0.220925,-0.616245,-0.306462,-0.71243,0.631266,-0.577557,0.666342,0.471639,-0.006617,-0.014616,-0.042695,0.079925,-0.269666,0.452262,0.421227,-0.122973,0.061767,0.36746,0.928368,-0.093613,0.359668,-0.053501,0.923864,0.378875,-0.368914,-0.370865,0.852188,-0.0,0.0,0.0,-0.052319,0.039636,0.028645,0.170207,0.033064,0.049119,0.00262,-0.921448,0.054371,0.384675,0.08885,-0.934422,0.344905,0.378203,0.35199,0.856191,4e-06,-2.7e-05,-1.4e-05,-0.042091,0.035438,0.030151,0.026492,0.095952,0.033492,-0.060483,-0.682287,-0.305836,-0.664038,-0.197007,-0.79778,0.569854,-0.704039,0.519624,0.484064,-0.010067,-0.011673,-0.016286,0.044264,-0.237153,0.406686,0.301579
3826,0.117298,0.017668,0.360337,-0.747191,-0.229256,-0.623854,-0.303716,-0.717162,0.627222,-0.590273,0.658411,0.467011,-0.007572,-0.026774,-0.035231,3.458436,-3.754233,-2.164094,0.463145,-0.122973,0.061767,0.36745,0.92833,-0.093524,0.359789,-0.053617,0.923882,0.378816,-0.368993,-0.370843,0.852164,5e-06,-3.1e-05,-1.7e-05,-0.000765,0.00058,0.000419,0.176292,0.033064,0.049118,0.002614,-0.921428,0.054304,0.384735,0.088861,-0.93449,0.34472,0.378251,0.351823,0.856239,5e-06,-2.6e-05,-1.5e-05,0.00964,-0.005555,-0.002224,0.037432,0.095869,0.033302,-0.060873,-0.673894,-0.308001,-0.671566,-0.197913,-0.800488,0.565727,-0.711825,0.514152,0.478487,-0.003458,-0.00806,-0.021954,0.057813,-0.193108,0.267085,0.367058
3827,0.116987,0.016858,0.358573,-0.735952,-0.228788,-0.637241,-0.313335,-0.719275,0.620029,-0.599296,0.656264,0.458464,-0.008385,-0.022384,-0.048829,0.01842,-0.21709,0.22156,0.519814,-0.122966,0.061776,0.367454,0.926879,-0.094859,0.363165,-0.054162,0.923463,0.379759,-0.372554,-0.371545,0.850307,-6.2e-05,0.000356,0.000189,-0.000399,0.000303,0.000219,0.185986,0.033068,0.049122,0.002616,-0.919935,0.055565,0.388113,0.089403,-0.934097,0.345641,0.381741,0.352665,0.854341,-3.8e-05,0.00023,0.000123,0.007414,-0.004705,-0.001905,0.053272,0.095712,0.032894,-0.061763,-0.660087,-0.30865,-0.684849,-0.202486,-0.804834,0.557889,-0.723383,0.506928,0.468764,-0.004226,-0.011476,-0.024611,0.049111,-0.190261,0.235617,0.47532
3828,0.116967,0.015576,0.356458,-0.723072,-0.237653,-0.64864,-0.322165,-0.714625,0.620881,-0.610193,0.658203,0.440976,0.001899,-0.037012,-0.060155,-0.193318,-0.426969,0.069894,0.523861,-0.122973,0.061766,0.36747,0.926802,-0.094654,0.363414,-0.054457,0.923462,0.379719,-0.372702,-0.3716,0.850218,-6e-06,3.7e-05,1.9e-05,-0.014343,0.103202,-0.169392,0.197058,0.033064,0.049118,0.002624,-0.919903,0.0554,0.38821,0.089578,-0.934109,0.345565,0.381775,0.352661,0.854328,-1e-06,1e-05,7e-06,9e-06,-0.000208,-0.000355,0.067641,0.095703,0.032277,-0.06279,-0.645871,-0.313958,-0.695902,-0.21186,-0.802019,0.558462,-0.73346,0.508129,0.451486,0.001026,-0.018317,-0.029924,-0.278819,-0.521264,0.040021,0.510427
3829,0.117532,0.013927,0.353953,-0.718635,-0.258029,-0.645778,-0.315967,-0.706115,0.63367,-0.61861,0.659741,0.426721,0.028054,-0.042448,-0.065112,-0.112207,-0.292677,0.031814,0.523642,-0.122955,0.061761,0.367466,0.926808,-0.094673,0.363395,-0.054433,0.92346,0.379727,-0.372691,-0.371599,0.850222,1e-06,-4e-06,-2e-06,-0.0,0.0,0.0,0.197595,0.033074,0.049115,0.002622,-0.91987,0.055317,0.388301,0.089685,-0.93411,0.345532,0.38183,0.35267,0.8543,-0.0,-0.0,1e-06,-9.2e-05,-9.2e-05,-0.000216,0.075479,0.095967,0.031457,-0.064026,-0.637716,-0.334071,-0.694056,-0.207877,-0.792978,0.572688,-0.74169,0.509491,0.436249,0.007265,-0.021189,-0.032527,-0.148169,-0.316474,-0.039966,0.516469
3830,0.117853,0.013229,0.352751,-0.715543,-0.266882,-0.645614,-0.315903,-0.700696,0.639689,-0.622215,0.662006,0.41788,0.016542,-0.025363,-0.069392,-0.32177,-0.57681,-0.106005,0.522949,-0.122929,0.061765,0.367467,0.926788,-0.094633,0.363455,-0.054492,0.923464,0.37971,-0.372731,-0.371601,0.850204,0.0,-0.0,-0.0,-0.0,0.0,0.0,0.196347,0.033087,0.049117,0.002622,-0.919848,0.05527,0.388359,0.089748,-0.934111,0.345514,0.381868,0.352675,0.854281,1e-06,1e-06,1e-06,-8e-05,-6.7e-05,-0.000177,0.075642,0.096135,0.031075,-0.064658,-0.63384,-0.340744,-0.694362,-0.208607,-0.789153,0.577685,-0.744801,0.511009,0.429115,0.007832,-0.018866,-0.03101,-0.362827,-0.466422,-0.327356,0.516959
3831,0.118296,0.012533,0.350506,-0.714981,-0.2697,-0.645065,-0.313314,-0.701232,0.640375,-0.624164,0.660297,0.417676,0.007402,-0.004972,-0.054376,0.103097,-0.006908,-0.020736,0.485538,-0.122821,0.061807,0.367481,0.926803,-0.094702,0.363399,-0.054411,0.923457,0.379739,-0.372706,-0.371601,0.850215,-0.000119,0.000685,0.000364,-0.0,0.0,0.0,0.192868,0.033141,0.049137,0.002629,-0.919867,0.055336,0.388306,0.089674,-0.934107,0.345544,0.381841,0.352676,0.854292,-7.7e-05,0.000438,0.00023,-5.6e-05,-5.1e-05,-0.000122,0.073846,0.096355,0.030697,-0.065802,-0.631956,-0.344519,-0.694217,-0.206306,-0.788654,0.57919,-0.74704,0.509244,0.427319,0.004219,0.003731,-0.030829,0.153482,-0.023,0.029169,0.506672
3832,0.118362,0.013123,0.348646,-0.715222,-0.270668,-0.644393,-0.309505,-0.704028,0.639158,-0.625785,0.656917,0.420572,-0.000604,0.029285,-0.0449,0.138914,-0.037009,0.016457,0.347622,-0.122699,0.061875,0.367507,0.926845,-0.094843,0.363258,-0.054235,0.923443,0.379797,-0.372629,-0.371598,0.85025,-6.7e-05,0.000384,0.000204,-0.0,0.0,0.0,0.189013,0.033201,0.049173,0.002643,-0.919915,0.055475,0.388171,0.089503,-0.9341,0.345607,0.381763,0.352672,0.854329,0.005719,0.001154,0.000197,0.002003,-0.015245,0.029168,0.070744,0.096389,0.03097,-0.066744,-0.63217,-0.345413,-0.693577,-0.202,-0.79071,0.577902,-0.748035,0.505435,0.43009,2.9e-05,0.016017,-0.021384,0.138806,-0.050646,0.042066,0.385837
3833,0.118155,0.013829,0.347977,-0.720071,-0.268329,-0.639954,-0.308531,-0.702287,0.641539,-0.620684,0.659732,0.423712,-0.011323,0.042896,-0.034342,-0.210553,0.702378,-0.460102,0.242919,-0.122657,0.061889,0.367512,0.926331,-0.096637,0.364094,-0.053823,0.922515,0.382105,-0.373968,-0.373434,0.848857,-1.1e-05,6.5e-05,3.5e-05,-0.008756,0.006632,0.004793,0.185689,0.033222,0.04918,0.002646,-0.919383,0.057366,0.389156,0.089154,-0.933175,0.348188,0.383126,0.354813,0.852831,1e-06,-3e-06,-4e-06,0.015463,-0.006818,-0.000357,0.068294,0.096289,0.031314,-0.067086,-0.636875,-0.344279,-0.689826,-0.201475,-0.78934,0.579955,-0.744175,0.508342,0.433348,-0.005785,0.016783,-0.012361,-1.067823,2.594199,-1.797941,0.277902
3834,0.117492,0.015792,0.347256,-0.752007,-0.212904,-0.623862,-0.349873,-0.673226,0.651404,-0.557755,0.708395,0.432564,-0.033909,0.055897,-0.007451,-0.963549,1.176417,0.576461,-0.006046,-0.122582,0.061918,0.367521,0.926426,-0.096895,0.363784,-0.053478,0.92249,0.382213,-0.373782,-0.373428,0.848942,-8.7e-05,0.000497,0.000264,-2e-06,1e-06,1e-06,0.182085,0.03326,0.049193,0.00265,-0.91954,0.057536,0.388761,0.088765,-0.933253,0.348077,0.38284,0.35458,0.853057,-5.4e-05,0.000306,0.00016,0.000557,-0.000446,-0.000359,0.063232,0.095967,0.032291,-0.067455,-0.678813,-0.29763,-0.671288,-0.246489,-0.768776,0.590106,-0.691705,0.566037,0.448493,-0.010113,0.027895,-0.003593,-3.451797,3.634188,2.498701,-0.023533
3835,0.116351,0.018254,0.347472,-0.774859,-0.138527,-0.616806,-0.404279,-0.641555,0.651873,-0.485057,0.754642,0.441885,-0.030123,0.063367,0.014898,-0.102081,0.542585,0.189589,-0.07841,-0.122541,0.061933,0.367526,0.926422,-0.096899,0.363791,-0.053478,0.922489,0.382214,-0.37379,-0.373428,0.848938,-2e-06,1e-05,5e-06,-0.0,0.0,0.0,0.181215,0.033281,0.049201,0.002652,-0.919538,0.057531,0.388766,0.088771,-0.933254,0.348074,0.382843,0.354578,0.853056,2e-06,-1.4e-05,-9e-06,-5.4e-05,-6.1e-05,-0.000147,0.060946,0.095407,0.033499,-0.067359,-0.71463,-0.229313,-0.660846,-0.305965,-0.747098,0.590108,-0.629037,0.623905,0.463737,-0.021431,0.033285,0.008829,-3.186934,3.923393,2.66454,-0.220298
3836,0.114913,0.020721,0.348467,-0.787222,-0.056512,-0.614112,-0.460851,-0.607854,0.646609,-0.408857,0.792107,0.453243,-0.040859,0.065696,0.032763,-0.104302,0.573553,0.218053,-0.068399,-0.122512,0.061922,0.367518,0.926428,-0.096921,0.36377,-0.05345,0.922487,0.382224,-0.373779,-0.373428,0.848943,0.000107,-0.00061,-0.000324,-0.0,0.0,0.0,0.1805,0.033295,0.049196,0.002649,-0.919545,0.057549,0.388746,0.088749,-0.933252,0.348083,0.38283,0.35458,0.853061,5.9e-05,-0.00034,-0.000182,-3.8e-05,-3.4e-05,-0.0001,0.060456,0.094684,0.034764,-0.066855,-0.742093,-0.149638,-0.653379,-0.368219,-0.723505,0.583912,-0.560099,0.673904,0.48181,-0.020454,0.032812,0.016376,-0.802796,1.310922,0.92895,-0.25165
