frame,MLTx,MLTy,MLTz,MLTR1,MLTR2,MLTR3,MLTR4,MLTR5,MLTR6,MLTR7,MLTR8,MLTR9,MLTTVx,MLTTVy,MLTTVz,MLTRVx,MLTRVy,MLTRVz,MLGA,MRTx,MRTy,MRTz,MRTR1,MRTR2,MRTR3,MRTR4,MRTR5,MRTR6,MRTR7,MRTR8,MRTR9,MRTTVx,MRTTVy,MRTTVz,MRTRVx,MRTRVy,MRTRVz,MRGA,SLTx,SLTy,SLTz,SLTR1,SLTR2,SLTR3,SLTR4,SLTR5,SLTR6,SLTR7,SLTR8,SLTR9,SLTTVx,SLTTVy,SLTTVz,SLTRVx,SLTRVy,SLTRVz,SLGA,SRTx,SRTy,SRTz,SRTR1,SRTR2,SRTR3,SRTR4,SRTR5,SRTR6,SRTR7,SRTR8,SRTR9,SRTTVx,SRTTVy,SRTTVz,SRTRVx,SRTRVy,SRTRVz,SRGA
92,0.17212,-0.017133,0.374971,-0.618507,0.629941,-0.469754,-0.708095,-0.705949,-0.01447,-0.339974,0.322893,0.883281,-0.0,-1e-06,-0.0,0.0,0.0,0.0,0.520659,-0.200228,-0.028612,0.311177,-0.992985,0.004461,0.118117,0.081157,-0.699799,0.709668,0.087077,0.71426,0.694344,-0.016665,0.015806,-0.022764,0.123476,2.08435,-1.88389,-0.580218,0.027708,0.029205,-0.014354,0.992351,-0.046898,0.11419,-0.048955,0.699666,0.71279,-0.113323,-0.712929,0.692018,-0.008335,0.007739,-0.01156,0.148087,2.072611,-1.867484,-0.557435,0.084531,0.033975,-0.030666,0.654362,-0.600328,-0.459799,0.674858,0.737941,-0.003055,0.341138,-0.3083,0.888017,-1e-06,5e-06,4e-06,-5e-06,-3e-06,2e-06,0.517775
93,0.17212,-0.017126,0.374964,-0.618494,0.629949,-0.46976,-0.708095,-0.705948,-0.0145,-0.339998,0.322879,0.883277,-0.0,-0.0,-0.0,0.0,0.0,0.0,0.520335,-0.200581,-0.028422,0.31068,-0.990691,0.007616,0.135882,0.092551,-0.693452,0.714487,0.100919,0.720392,0.686086,-0.017164,0.011131,-0.028036,-0.512335,0.916019,-0.139488,-0.918843,0.027545,0.029297,-0.014576,0.99038,-0.047974,0.129784,-0.060161,0.695377,0.716122,-0.124604,-0.717041,0.685802,-0.008594,0.005308,-0.014298,-0.340377,0.18998,0.3198,-0.699171,0.084531,0.033979,-0.03067,0.65435,-0.600336,-0.459806,0.674858,0.73794,-0.003086,0.341162,-0.308285,0.888013,-1e-06,4e-06,4e-06,-4e-06,-5e-06,1e-06,0.517775
94,0.172089,-0.017103,0.374956,-0.61851,0.62994,-0.469753,-0.708067,-0.705976,-0.014538,-0.340029,0.322836,0.88328,-0.000224,0.010131,-0.009413,0.035751,-0.010374,0.019638,0.521054,-0.201212,-0.028073,0.309362,-0.984673,-0.004495,0.174327,0.130582,-0.6808,0.72069,0.116683,0.732403,0.670697,-0.017711,0.006298,-0.033582,-1.448412,-3.189169,-3.732205,-1.392246,0.027223,0.029475,-0.015247,0.984415,-0.042428,0.170664,-0.095823,0.68433,0.722848,-0.147459,-0.727936,0.669599,-0.001594,0.008221,-0.021885,-0.302779,2.203894,-1.520133,-0.871443,0.084515,0.033986,-0.03067,0.654377,-0.600318,-0.459791,0.674829,0.737967,-0.003093,0.341168,-0.308256,0.88802,-1e-06,-3e-06,-2e-06,-2e-06,-4e-06,3e-06,0.517775
95,0.172026,-0.017094,0.374939,-0.618617,0.629872,-0.469702,-0.707974,-0.706069,-0.014523,-0.340027,0.322765,0.883307,-0.0,-1e-06,-1e-06,0.0,0.0,0.0,0.520883,-0.201485,-0.027377,0.307756,-0.983551,-0.004853,0.180543,0.137164,-0.669636,0.729868,0.118596,0.742621,0.659024,-0.003525,0.029182,-0.050263,-0.165723,0.030999,0.451302,-1.403704,0.02708,0.029808,-0.016051,0.983357,-0.037604,0.177747,-0.106829,0.671666,0.73311,-0.146955,-0.739898,0.656471,-0.001504,0.009011,-0.021045,-0.198454,0.094583,0.489116,-0.81821,0.084484,0.033995,-0.030682,0.654468,-0.600254,-0.459745,0.674732,0.738055,-0.00311,0.341185,-0.30817,0.888044,-0.0,4e-06,5e-06,6e-06,2e-06,3e-06,0.517775
96,0.171974,-0.017085,0.374922,-0.618705,0.629816,-0.46966,-0.707895,-0.706149,-0.014519,-0.340031,0.322699,0.88333,-3.2e-05,-0.000626,-0.000465,0.0,0.0,0.0,0.520895,-0.20155,-0.026931,0.306838,-0.984868,0.003652,0.173244,0.126915,-0.66474,0.736171,0.119091,0.747002,0.653964,-0.003637,0.028199,-0.051429,-0.147723,-0.036476,0.495381,-1.404281,0.027046,0.030042,-0.016527,0.984337,-0.046482,0.170052,-0.096277,0.66632,0.739423,-0.147679,-0.744214,0.651409,-0.0018,0.014003,-0.025822,-0.088716,-0.047674,0.493422,-0.85887,0.084463,0.034001,-0.030689,0.654533,-0.600208,-0.459712,0.674664,0.738118,-0.003118,0.341194,-0.308111,0.888061,-2.6e-05,-0.000492,-0.000364,-4e-06,2e-06,-5e-06,0.517612
97,0.171838,-0.017036,0.374886,-0.618762,0.629782,-0.469631,-0.707802,-0.70624,-0.014627,-0.34012,0.322568,0.883343,-0.013805,0.000266,0.000592,-0.000984,0.014715,-0.029553,0.521147,-0.201686,-0.025912,0.304895,-0.986867,0.017599,0.160549,0.10962,-0.656278,0.746469,0.119745,0.75423,0.645493,-0.003546,0.02909,-0.0505,-0.165945,0.063635,0.32573,-1.404591,0.026979,0.030538,-0.017483,0.985705,-0.060233,0.15734,-0.079417,0.657519,0.74924,-0.148584,-0.751026,0.643336,-0.001742,0.014538,-0.025253,-0.241864,0.105293,0.347591,-0.862462,0.084395,0.034023,-0.030709,0.654589,-0.60017,-0.459682,0.674568,0.738204,-0.003227,0.341276,-0.307975,0.888077,0.0,6e-06,7e-06,-4e-06,6e-06,0.0,0.517939
98,0.171638,-0.016992,0.374798,-0.618968,0.629652,-0.469533,-0.707569,-0.706471,-0.014741,-0.34023,0.322315,0.883393,-0.0001,-0.001896,-0.001409,-0.000891,0.012029,-0.026174,0.520979,-0.201666,-0.024631,0.302848,-0.991069,0.042387,0.126399,0.069026,-0.647188,0.759156,0.115232,0.761035,0.638288,-0.003465,0.029886,-0.049655,-0.404882,-1.650342,2.516222,-1.404031,0.026989,0.031178,-0.018507,0.988432,-0.084702,0.125804,-0.041416,0.647234,0.761165,-0.145897,-0.75757,0.636239,-0.001916,0.020598,-0.028811,-0.41492,0.246068,0.306113,-0.861809,0.08429,0.034049,-0.03075,0.65479,-0.600029,-0.459579,0.674325,0.738427,-0.003344,0.341372,-0.307716,0.888129,-0.006917,-0.000159,8.3e-05,-0.000979,0.01471,-0.029542,0.517939
99,0.171286,-0.016885,0.374532,-0.619515,0.629298,-0.469287,-0.706933,-0.7071,-0.015076,-0.340556,0.321628,0.883518,-0.014021,-0.003732,-0.002385,-0.000984,0.014715,-0.029553,0.521269,-0.201793,-0.023103,0.300903,-0.990393,0.094027,0.101347,0.018665,-0.634756,0.772444,0.138211,0.766783,0.626741,-0.002776,0.036108,-0.042458,-0.44474,0.098312,0.639097,-1.404125,0.026924,0.031931,-0.019492,0.98587,-0.135848,0.097998,0.010206,0.632669,0.774354,-0.167195,-0.762413,0.625116,-0.009058,0.023929,-0.02452,-0.654596,0.290817,0.51025,-0.860829,0.084119,0.034104,-0.030882,0.655314,-0.599651,-0.459326,0.673667,0.739025,-0.003689,0.341667,-0.307015,0.888259,-0.000237,0.002595,-0.006538,0.034839,0.001584,-0.006567,0.518429
100,0.171037,-0.016794,0.37425,-0.6199,0.629043,-0.469121,-0.706407,-0.707616,-0.015502,-0.340944,0.320994,0.883599,-0.014415,0.003128,-0.014231,0.033872,0.016289,-0.036129,0.520586,-0.201935,-0.022222,0.30005,-0.989867,0.104706,0.095872,0.009344,-0.625141,0.780414,0.142896,0.773256,0.617672,-0.00241,0.039359,-0.038661,-0.86823,0.427639,0.642321,-1.403828,0.026853,0.03237,-0.019921,0.985082,-0.145189,0.092369,0.018747,0.624128,0.781096,-0.171057,-0.767713,0.61754,-0.008828,0.025961,-0.022142,-0.487867,0.221242,0.470133,-0.8574,0.08399,0.034152,-0.031021,0.655703,-0.599365,-0.459144,0.67311,0.73953,-0.004112,0.342016,-0.306358,0.888351,-0.007213,0.00136,-0.007264,0.033869,0.016296,-0.036111,0.518429
101,0.17039,-0.016481,0.373319,-0.620903,0.625178,-0.472946,-0.704314,-0.709738,-0.013648,-0.343435,0.323846,0.881591,-0.014887,0.008716,-0.027043,0.046116,-0.037493,-0.035824,0.516769,-0.202087,-0.020339,0.298572,-0.987888,0.123782,0.093528,-0.001139,-0.608009,0.793888,0.156381,0.783995,0.600633,-0.001844,0.044362,-0.032785,-0.433936,1.822415,-1.727171,-1.403824,0.026777,0.033327,-0.020673,0.982064,-0.166253,0.08893,0.030114,0.603922,0.796473,-0.186123,-0.77951,0.598097,-0.000867,0.02242,-0.016114,-0.401809,1.821553,-1.726858,-0.860992,0.083671,0.034306,-0.031476,0.656526,-0.595267,-0.46328,0.670923,0.741524,-0.001999,0.344724,-0.309513,0.886208,-0.014361,0.004088,-0.013523,0.061713,0.017157,-0.083612,0.516632
102,0.169666,-0.015975,0.371973,-0.625811,0.617405,-0.476672,-0.697394,-0.716557,-0.012633,-0.34859,0.32375,0.879601,-0.015274,0.015828,-0.038727,0.071329,-0.067313,-0.025128,0.498089,-0.20211,-0.018625,0.297463,-0.985642,0.145386,0.085817,-0.015728,-0.584616,0.811117,0.169338,0.797922,0.578367,-0.001463,0.047755,-0.028786,-0.789851,0.427835,0.477252,-1.403448,0.026766,0.034168,-0.021215,0.979033,-0.186402,0.082147,0.042616,0.581781,0.812227,-0.199192,-0.791697,0.577527,-0.000529,0.017875,-0.010835,-0.344326,0.233353,0.260498,-0.866544,0.083309,0.034554,-0.032146,0.661149,-0.587221,-0.466961,0.663664,0.748029,-0.001023,0.349902,-0.309229,0.884276,-0.014566,0.007358,-0.019583,0.081035,0.0718,-0.252996,0.501773
103,0.169253,-0.015622,0.371139,-0.633673,0.607871,-0.478536,-0.687298,-0.726247,-0.012528,-0.354369,0.320198,0.878591,-0.029387,0.024673,-0.048719,0.083736,-0.101632,-0.096198,0.485901,-0.202077,-0.017798,0.296983,-0.98557,0.147704,0.08263,-0.017888,-0.575828,0.817336,0.169547,0.803861,0.570023,-0.000932,0.037314,-0.01983,-0.479905,0.152244,0.48794,-1.40297,0.026783,0.034573,-0.021449,0.978704,-0.189419,0.079109,0.044559,0.572229,0.818882,-0.20038,-0.797918,0.568483,-0.000661,0.024336,-0.013853,-0.561467,0.373145,0.39527,-0.866544,0.083108,0.034727,-0.032559,0.668605,-0.577522,-0.468438,0.653164,0.757215,-0.001278,0.355446,-0.305112,0.883495,-0.007666,0.007074,-0.019988,0.053191,-0.124145,-0.122935,0.487893
104,0.168438,-0.01466,0.369167,-0.645033,0.59092,-0.484553,-0.670712,-0.741607,-0.011664,-0.365445,0.316732,0.875305,-0.015594,0.023978,-0.049635,0.088103,-0.098461,-0.047338,0.45604,-0.202101,-0.016304,0.296192,-0.996183,0.037237,0.078899,0.044414,-0.560645,0.826825,0.076281,0.827109,0.556718,-0.000991,0.036765,-0.020444,-0.850563,-5.917682,-3.884599,-1.40286,0.02677,0.035325,-0.021837,0.992887,-0.092229,0.075291,-0.010909,0.559248,0.828928,-0.118557,-0.823853,0.554264,-0.007841,0.019015,-0.009074,-0.615508,-1.275599,-0.755548,-0.865728,0.082701,0.035196,-0.033529,0.67928,-0.559821,-0.47453,0.635845,0.771816,-0.000342,0.366442,-0.301495,0.880239,-0.014753,0.017399,-0.029041,0.124483,-0.108771,-0.03611,0.450663
105,0.167674,-0.013564,0.367077,-0.658433,0.568726,-0.493012,-0.649434,-0.760335,-0.009871,-0.379656,0.312967,0.870597,-0.015793,0.033724,-0.059288,0.129928,-0.137922,-0.081172,0.440212,-0.202361,-0.014973,0.295447,-0.991515,-0.110904,0.067738,0.117054,-0.53748,0.835073,-0.05495,0.836041,0.545783,-0.015938,0.036055,-0.020383,-1.013288,-4.739446,-3.007933,-1.403118,0.02665,0.035993,-0.022208,0.995973,0.062018,0.064722,-0.088043,0.541142,0.836309,0.016842,-0.83864,0.544424,-0.000738,0.018203,-0.010381,-0.594629,-5.06037,-3.226114,-0.865728,0.082323,0.03574,-0.034571,0.691688,-0.537043,-0.482857,0.613805,0.789456,0.001222,0.380539,-0.297226,0.875697,-0.007782,0.011699,-0.02503,0.319923,-0.126896,-0.505466,0.418331
106,0.167005,-0.012552,0.365086,-0.663595,0.549406,-0.50778,-0.636501,-0.771253,-0.002768,-0.392328,0.320677,0.862132,-0.015618,0.0237,-0.049879,2.583798,-0.641157,-5.0776,0.437047,-0.202874,-0.013473,0.294978,-0.964116,-0.260152,0.052831,0.183554,-0.510038,0.840299,-0.190436,0.820156,0.539389,-0.014752,0.045982,-0.008869,-0.139377,-1.483135,-0.868673,-1.40273,0.02638,0.036756,-0.022475,0.97464,0.218049,0.050314,-0.158453,0.513689,0.843217,0.158017,-0.829805,0.535213,-0.007263,0.02342,-0.003951,-0.054973,-1.494546,-0.892812,-0.852175,0.081972,0.036266,-0.035608,0.695512,-0.519752,-0.496104,0.601678,0.79871,0.00674,0.39274,-0.303183,0.868236,-0.007781,0.011844,-0.024952,2.634289,-0.560745,-5.048008,0.405105
107,0.16666,-0.012072,0.364103,-0.666079,0.540477,-0.514072,-0.630133,-0.776469,3e-06,-0.398337,0.323259,0.858405,-0.015542,0.024866,-0.048992,-0.0128,-0.279751,-0.135646,0.43843,-0.203136,-0.012543,0.294968,-0.956317,-0.285473,0.062874,0.204284,-0.4993,0.841963,-0.207751,0.818372,0.535695,-0.013562,0.041037,0.00633,-0.126084,0.348984,-0.675036,-1.403062,0.026255,0.037201,-0.022488,0.967893,0.244122,0.059886,-0.179427,0.504158,0.844766,0.176034,-0.828388,0.531773,-0.006836,0.026978,0.000157,-0.227229,1.187814,-2.608169,-0.846296,0.081816,0.036489,-0.036068,0.69843,-0.508505,-0.503603,0.593543,0.804732,0.010599,0.399876,-0.306313,0.863869,-0.007775,0.011844,-0.024939,-0.070159,-0.382951,-0.186067,0.403635
108,0.165996,-0.011311,0.362367,-0.667539,0.524593,-0.528431,-0.621887,-0.783047,0.008137,-0.408694,0.333398,0.849613,-0.01543,0.014233,-0.040102,-0.058845,-0.286232,-0.164991,0.444028,-0.203484,-0.010663,0.295429,-0.951898,-0.294525,0.08448,0.224222,-0.482159,0.846866,-0.207483,0.825427,0.524866,0.002695,0.038514,0.023208,-0.251366,-0.051253,0.129042,-1.403439,0.026077,0.038157,-0.022254,0.963797,0.253575,0.08242,-0.201004,0.487883,0.849451,0.175188,-0.835265,0.521191,0.00142,0.019722,0.012143,-0.248983,-0.057999,0.145606,-0.846459,0.081479,0.036875,-0.036938,0.699406,-0.492684,-0.517776,0.584882,0.810908,0.018442,0.410783,-0.315736,0.855316,-0.007734,0.012556,-0.024399,-0.098952,-0.430363,-0.207392,0.406575
109,0.165287,-0.010754,0.360924,-0.66603,0.5141,-0.54051,-0.618823,-0.785361,0.015443,-0.415734,0.344121,0.841887,-0.015227,0.005171,-0.03002,-0.079228,-0.347114,0.000355,0.453145,-0.203378,-0.009099,0.296616,-0.951258,-0.294048,0.092924,0.22882,-0.471506,0.85162,-0.205396,0.831728,0.515659,0.003554,0.046393,0.031678,-0.030126,-0.056348,0.163913,-1.403175,0.026131,0.038941,-0.021659,0.963322,0.252541,0.090737,-0.205559,0.477103,0.854469,0.172497,-0.841781,0.511516,0.001818,0.02361,0.016306,0.047391,-0.066487,0.163349,-0.858053,0.081119,0.037162,-0.037679,0.697703,-0.482089,-0.529905,0.581445,0.813177,0.025764,0.418486,-0.326086,0.847665,-0.014538,0.008323,-0.018952,-0.07948,-0.305078,-0.211705,0.414902
110,0.164918,-0.010543,0.360259,-0.665167,0.50884,-0.546516,-0.61745,-0.786356,0.019258,-0.419135,0.349619,0.837926,-0.015244,0.005119,-0.030088,-0.177791,-0.422438,-0.258558,0.458511,-0.20328,-0.008434,0.297392,-0.952106,-0.291065,0.093633,0.226811,-0.467475,0.854376,-0.2037,0.835043,0.510952,0.00395,0.035181,0.039371,-0.163155,0.004369,0.188268,-1.403302,0.02618,0.039266,-0.021278,0.963955,0.249821,0.091531,-0.204052,0.473398,0.856888,0.170738,-0.844679,0.507311,0.001952,0.017514,0.019609,-0.203802,0.144961,0.017246,-0.860666,0.080929,0.03727,-0.038022,0.696705,-0.477404,-0.535431,0.580079,0.814044,0.028979,0.42203,-0.330782,0.844081,-0.007595,0.00258,-0.015017,-0.230121,-0.504431,-0.289536,0.421434
111,0.164181,-0.010313,0.358905,-0.662435,0.498859,-0.558896,-0.615566,-0.787622,0.026494,-0.426164,0.360963,0.829528,-0.01568,-0.000236,-0.034378,-0.292317,-0.613344,-0.386858,0.472065,-0.202822,-0.007564,0.299015,-0.952797,-0.284882,0.104936,0.232806,-0.464272,0.854509,-0.193506,0.838946,0.508515,0.018067,0.016292,0.0375,-0.041929,0.076336,-0.097238,-1.403499,0.026405,0.039726,-0.020446,0.96451,0.243263,0.102683,-0.209947,0.47069,0.856956,0.160134,-0.8481,0.505057,0.009033,0.008295,0.018913,-0.039777,0.090445,-0.111588,-0.874546,0.080567,0.037393,-0.03868,0.69385,-0.468578,-0.546813,0.578236,0.815107,0.035237,0.4292,-0.340636,0.836512,-0.007845,0.005444,-0.021422,0.031755,-0.232042,0.074921,0.43809
112,0.163494,-0.010395,0.357363,-0.656567,0.490122,-0.573364,-0.614928,-0.787976,0.030494,-0.43604,0.371984,0.819466,-0.01626,-0.006999,-0.039902,-0.09544,-0.365021,-0.043597,0.485012,-0.20172,-0.007969,0.300369,-0.982856,-0.14638,0.112064,0.170208,-0.488464,0.855784,-0.069286,0.860353,0.504831,0.031417,-0.025231,0.031446,0.101116,1.553502,0.95261,-1.4037,0.026952,0.039557,-0.019746,0.988423,0.1053,0.109223,-0.14723,0.491977,0.858068,0.03662,-0.864216,0.501785,0.022654,-0.013346,0.014523,0.555493,5.275774,2.971273,-0.867034,0.080218,0.037355,-0.039461,0.687496,-0.458438,-0.563189,0.577274,0.815527,0.040848,0.44057,-0.353197,0.825316,-0.008132,-0.003854,-0.020217,-0.078312,-0.333651,-0.033171,0.457195
113,0.16314,-0.010579,0.356495,-0.649744,0.485228,-0.585177,-0.615335,-0.787677,0.029999,-0.445572,0.378963,0.811097,-0.016726,-0.012372,-0.044329,-0.202513,-0.546454,-0.167215,0.486323,-0.200944,-0.008741,0.300891,-0.991452,-0.065719,0.112679,0.130326,-0.500835,0.855636,0.001455,0.863071,0.504944,0.045429,-0.046917,0.027071,0.119587,1.889626,1.130589,-1.403566,0.027334,0.039184,-0.019478,0.993676,0.024721,0.109523,-0.107045,0.50293,0.857672,-0.03388,-0.863973,0.502396,0.021993,-0.018735,0.008701,0.689438,6.270987,3.766044,-0.870137,0.080047,0.037272,-0.039875,0.680862,-0.454709,-0.574164,0.577797,0.815221,0.039556,0.450084,-0.358683,0.817783,-0.015329,-0.000831,-0.026399,-0.293902,-0.745994,-0.272654,0.463236
114,0.162429,-0.011263,0.354585,-0.627624,0.482765,-0.610795,-0.619308,-0.784971,0.015854,-0.471028,0.387616,0.79241,-0.031472,-0.02049,-0.050999,1.736067,-2.013751,1.67064,0.480474,-0.199025,-0.011261,0.301494,-0.986147,0.122077,0.112258,0.030852,-0.529412,0.847765,0.164167,0.839313,0.518138,0.058594,-0.065221,0.005925,0.802739,1.448702,1.042037,-1.40244,0.028309,0.037904,-0.019167,0.980198,-0.165781,0.108294,-0.004822,0.526747,0.850008,-0.197959,-0.833699,0.515517,0.02927,-0.033572,0.001837,0.924292,1.450701,1.014462,-0.890058,0.079698,0.036934,-0.040827,0.660658,-0.451381,-0.599819,0.581747,0.812849,0.029061,0.474446,-0.368143,0.799606,-0.008758,-0.0108,-0.026077,0.006965,-0.259195,0.182254,0.466502
115,0.161553,-0.012339,0.35251,-0.597761,0.485387,-0.638064,-0.632275,-0.77472,0.00291,-0.492171,0.404563,0.770793,-0.03224,-0.026874,-0.056871,1.668605,-2.17667,1.820427,0.454291,-0.196535,-0.014299,0.301551,-0.953153,0.285068,0.101135,-0.079401,-0.558103,0.825924,0.293087,0.778826,0.554431,0.07347,-0.087334,0.000457,1.814292,4.277742,3.201214,-1.401768,0.029554,0.036376,-0.019145,0.940138,-0.326764,0.096767,0.106269,0.550887,0.827786,-0.323799,-0.767951,0.552635,0.036605,-0.044535,-0.0005,1.956867,4.246834,3.163907,-0.897733,0.07926,0.036396,-0.041865,0.631676,-0.455685,-0.627164,0.595407,0.803263,0.016056,0.496461,-0.38356,0.77872,-0.009049,-0.018973,-0.024308,-0.114679,-0.612806,0.39876,0.441845
116,0.160159,-0.01358,0.350506,-0.563067,0.49673,-0.6605,-0.656412,-0.754343,-0.007804,-0.501426,0.428544,0.751631,-0.04651,-0.024926,-0.055711,-0.106877,-0.671378,0.295001,0.432318,-0.194014,-0.017286,0.301164,-0.902398,0.424199,0.075656,-0.206376,-0.579376,0.788458,0.379431,0.695341,0.610243,0.058361,-0.064841,-0.015214,2.142752,3.549675,3.701568,-1.402179,0.030792,0.03489,-0.019352,0.88496,-0.460123,0.071643,0.231058,0.567453,0.790322,-0.4043,-0.682849,0.608488,0.036893,-0.038211,-0.004459,2.10517,0.012362,1.026813,-0.90655,0.078567,0.035764,-0.042876,0.596334,-0.470079,-0.6507,0.620793,0.78397,0.002569,0.508921,-0.405482,0.75933,-0.023151,-0.017323,-0.023018,-0.237419,-0.951239,0.386513,0.409514
117,0.159146,-0.014169,0.349506,-0.544556,0.505189,-0.669544,-0.670172,-0.742037,-0.0149,-0.503683,0.439964,0.74348,-0.06067,-0.022488,-0.053771,-0.008416,-0.472876,0.390913,0.42729,-0.192845,-0.018588,0.300944,-0.876067,0.476959,0.070765,-0.26161,-0.59323,0.761297,0.406189,0.64782,0.644363,0.058369,-0.050244,-0.019717,2.449433,3.330629,3.824122,-1.402309,0.031355,0.03425,-0.019465,0.856606,-0.511601,0.067007,0.285433,0.578044,0.764455,-0.42983,-0.635711,0.641183,0.02954,-0.031232,-0.006193,2.598846,4.915081,1.751543,-0.914062,0.078088,0.035478,-0.043362,0.578558,-0.478605,-0.660459,0.635019,0.772488,-0.003515,0.511879,-0.41737,0.750853,-0.023267,-0.011821,-0.027458,-0.065359,-0.478837,0.169631,0.396614
118,0.156836,-0.015071,0.347618,-0.522301,0.50671,-0.685924,-0.677542,-0.734965,-0.027097,-0.517218,0.449956,0.728047,-0.0608,-0.01852,-0.051063,0.010191,-0.589935,0.392393,0.436374,-0.190913,-0.020821,0.300391,-0.804215,0.585113,0.104272,-0.356328,-0.614922,0.703446,0.476724,0.527819,0.702854,0.044527,-0.061124,-0.010743,1.984432,2.181116,-0.528467,-1.402454,0.032338,0.033132,-0.019743,0.781209,-0.616501,0.098168,0.382314,0.596789,0.705462,-0.493505,-0.513583,0.701915,0.022288,-0.030526,-0.005472,2.036192,2.609076,-0.994888,-0.917981,0.07691,0.035009,-0.044328,0.556446,-0.481613,-0.677064,0.643091,0.76562,-0.016081,0.526119,-0.426466,0.735747,-0.03741,-0.014014,-0.020479,0.035524,-0.704515,0.246119,0.391878
119,0.154271,-0.015659,0.345601,-0.50466,0.510088,-0.696544,-0.686817,-0.726009,-0.034128,-0.522485,0.460537,0.717595,-0.061001,-0.015749,-0.0493,0.06407,-0.2329,0.322776,0.452227,-0.189732,-0.023093,0.299831,-0.724926,0.668513,0.166023,-0.429524,-0.62699,0.649867,0.539448,0.398947,0.741418,0.014094,-0.051713,-0.019161,1.463188,1.66994,-1.864801,-1.402975,0.032941,0.031997,-0.020016,0.69571,-0.700416,0.159387,0.458766,0.603988,0.651713,-0.552738,-0.380282,0.741528,0.007329,-0.032005,-0.006307,1.524511,3.041121,-0.37344,-0.926309,0.075628,0.034713,-0.045338,0.538865,-0.485044,-0.688735,0.652883,0.757127,-0.022394,0.532322,-0.437596,0.724666,-0.030494,-0.008189,-0.024881,0.083889,-0.068032,0.149238,0.41082
120,0.152976,-0.015851,0.344577,-0.498175,0.508547,-0.702316,-0.688492,-0.724322,-0.036188,-0.526493,0.464874,0.711846,-0.061127,-0.014808,-0.048776,0.051389,-0.250155,0.280817,0.456054,-0.189374,-0.024165,0.299486,-0.678152,0.709042,0.193286,-0.467773,-0.619158,0.630686,0.567707,0.33639,0.751275,0.014698,-0.064066,-0.012666,1.927685,3.803591,4.007613,-1.40277,0.033131,0.031447,-0.020199,0.652015,-0.734271,0.189,0.492622,0.599746,0.630577,-0.576366,-0.318041,0.752762,0.014545,-0.026397,-0.010961,1.376683,1.547201,0.379635,-0.927288,0.07498,0.034618,-0.045849,0.532401,-0.483833,-0.694589,0.654677,0.755512,-0.024462,0.536606,-0.441708,0.71899,-0.037548,-0.001151,-0.027845,0.102714,-0.122425,0.140928,0.418821
121,0.150425,-0.016053,0.342495,-0.471206,0.512174,-0.718114,-0.702913,-0.709824,-0.045104,-0.532257,0.482878,0.695383,-0.061273,-0.012405,-0.047215,-0.047665,-0.404169,0.009749,0.463725,-0.188788,-0.026282,0.29884,-0.564298,0.788953,0.24313,-0.552345,-0.579554,0.599137,0.614303,0.202805,0.762473,0.014521,-0.048285,-0.01576,2.359628,4.624974,4.354867,-1.402729,0.033429,0.030357,-0.020537,0.531968,-0.812333,0.239007,0.577438,0.554465,0.599277,-0.619334,-0.180785,0.764029,0.007451,-0.024086,-0.007855,2.439549,4.592483,4.376877,-0.925492,0.073705,0.034517,-0.04689,0.505849,-0.489505,-0.710282,0.670037,0.741554,-0.033869,0.543292,-0.458782,0.703101,-0.030563,-0.000937,-0.028015,-0.064152,-0.603188,0.122746,0.430415
122,0.148015,-0.016116,0.340336,-0.44004,0.513535,-0.736676,-0.716934,-0.694853,-0.056205,-0.540204,0.502773,0.674853,-0.06138,-0.00034,-0.055277,-4.207338,-1.071023,3.568408,0.468155,-0.188584,-0.027639,0.298475,-0.463422,0.836315,0.292932,-0.606487,-0.540243,0.583305,0.646657,0.091604,0.75717,-0.015434,-0.023753,-0.005819,0.395273,1.661674,0.206026,-1.403087,0.033536,0.029674,-0.020734,0.429433,-0.855953,0.287976,0.630778,0.512487,0.582645,-0.646302,-0.068558,0.759995,-2.1e-05,-0.011677,-0.003356,1.490588,3.993844,3.251708,-0.922553,0.0725,0.034483,-0.047965,0.478292,-0.490858,-0.728212,0.680672,0.731156,-0.045775,0.554907,-0.47378,0.68382,-0.030658,-0.000244,-0.027662,0.068426,-0.306704,0.264432,0.440865
123,0.14594,-0.016139,0.338301,-0.412033,0.512101,-0.753676,-0.723493,-0.686641,-0.071091,-0.553405,0.515347,0.65436,-0.047,0.001515,-0.054127,0.027289,-0.473783,0.254179,0.474136,-0.188778,-0.028219,0.298408,-0.356813,0.871521,0.336345,-0.650601,-0.490093,0.580052,0.67081,-0.012951,0.741424,0.000416,-0.014169,0.004518,0.337966,1.779125,0.384157,-1.402919,0.033433,0.029378,-0.020768,0.320278,-0.887022,0.332584,0.672439,0.460162,0.57972,-0.667267,0.037971,0.743849,0.000218,-0.00656,0.002895,0.38123,1.775373,0.388217,-0.917164,0.071439,0.034469,-0.049005,0.447042,-0.491484,-0.747392,0.692079,0.719396,-0.059118,0.566727,-0.490826,0.661746,-0.023449,0.000861,-0.026932,0.040141,-0.428845,0.271093,0.448214
124,0.144923,-0.016156,0.337258,-0.397107,0.507247,-0.764888,-0.725045,-0.684311,-0.077459,-0.562225,0.523185,0.640475,-0.047,0.002475,-0.053468,-0.121083,-0.908591,0.018293,0.479916,-0.188945,-0.028287,0.298468,-0.287764,0.888269,0.357997,-0.674126,-0.453274,0.583121,0.680594,-0.074648,0.728754,0.000112,0.001529,0.001839,-0.022862,1.898301,0.755466,-1.403065,0.033354,0.029347,-0.020743,0.257085,-0.899777,0.352572,0.693725,0.425825,0.580877,-0.672794,0.095253,0.733671,-0.007567,0.000721,0.001454,0.349162,1.739594,0.572538,-0.914225,0.070966,0.034462,-0.04949,0.433283,-0.489162,-0.756958,0.693684,0.71721,-0.066412,0.575385,-0.496314,0.650079,-0.023524,0.000752,-0.02714,0.053892,-0.440247,0.282996,0.453439
125,0.14327,-0.016293,0.33537,-0.366739,0.501972,-0.783308,-0.728392,-0.678667,-0.093954,-0.578319,0.535471,0.615503,-0.047399,-0.008192,-0.045136,-0.140325,-0.896989,-0.004345,0.497116,-0.189433,-0.028156,0.298728,-0.186384,0.895599,0.403925,-0.696997,-0.410174,0.588121,0.692627,-0.173039,0.700135,-0.014726,0.006066,0.008408,-0.575745,1.272019,-0.152374,-1.402829,0.033111,0.029414,-0.020604,0.150096,-0.904192,0.399884,0.716579,0.378157,0.586097,-0.681163,0.198578,0.704686,-0.007371,0.003234,0.004464,-0.123293,2.069433,0.791232,-0.907367,0.070122,0.034397,-0.050451,0.402555,-0.485415,-0.776092,0.697653,0.711587,-0.083201,0.592645,-0.507951,0.625105,-0.016365,0.000915,-0.027214,0.069591,-0.491664,0.500483,0.473034
126,0.142107,-0.016631,0.333628,-0.332549,0.497407,-0.801276,-0.732394,-0.671433,-0.112909,-0.593759,0.54868,0.588581,-0.032849,-0.00675,-0.04416,0.004512,-0.490765,0.253844,0.511069,-0.189853,-0.028311,0.29927,-0.091296,0.887291,0.452075,-0.703924,-0.378495,0.600972,0.704451,-0.264468,0.658536,0.00092,-0.007203,0.012875,-0.430846,2.203326,0.756104,-1.403385,0.032896,0.02935,-0.020316,0.055514,-0.891763,0.449084,0.721635,0.34668,0.599211,-0.690043,0.29081,0.662773,0.000437,-0.003646,0.006401,-0.580078,2.280984,0.816628,-0.914552,0.069535,0.034225,-0.051325,0.368065,-0.480152,-0.796229,0.702215,0.704844,-0.100438,0.609443,-0.522157,0.596598,-0.009247,-0.008997,-0.017946,-0.024463,-0.596209,0.464611,0.496548
127,0.141451,-0.017085,0.332146,-0.309927,0.483813,-0.818484,-0.733202,-0.669629,-0.118255,-0.604916,0.562859,0.563289,-0.003686,-0.01552,-0.033851,-0.025096,-0.968979,-0.024977,0.50975,-0.190059,-0.028682,0.299924,0.050727,0.87133,0.488059,-0.708348,-0.312984,0.632627,0.703908,-0.378892,0.60068,-0.014075,-0.004814,0.016835,1.497977,5.422462,3.549738,-1.403841,0.032798,0.029163,-0.02,-0.079479,-0.871018,0.484777,0.722615,0.284654,0.62992,-0.686666,0.400373,0.606787,0.000527,-0.002378,0.007915,-0.193966,2.72267,1.080064,-0.911122,0.069196,0.033999,-0.052072,0.34568,-0.469859,-0.812242,0.703312,0.702752,-0.107201,0.621174,-0.534202,0.573384,-0.009019,-0.007131,-0.016329,0.232434,-1.023216,-0.315903,0.505529
128,0.141191,-0.017312,0.331513,-0.30269,0.477604,-0.824815,-0.73098,-0.671618,-0.120706,-0.611241,0.565789,0.553438,-0.017773,-0.011797,-0.030429,-0.023417,-0.658454,0.176138,0.506339,-0.190233,-0.02871,0.300228,0.133317,0.847163,0.514327,-0.71917,-0.274253,0.638367,0.68168,-0.456048,0.572011,0.000576,0.007476,0.008915,2.004287,5.200177,3.146249,-1.403188,0.032705,0.029145,-0.019846,-0.16222,-0.843756,0.511625,0.731425,0.245213,0.636308,-0.662346,0.477437,0.577365,-0.007017,-0.001812,0.009197,0.243536,2.461343,0.171852,-0.915205,0.069071,0.033882,-0.052391,0.337946,-0.462448,-0.819715,0.700912,0.704913,-0.108715,0.628104,-0.537809,0.562357,-0.001591,-0.00616,-0.015433,0.0284,-0.701206,-0.070849,0.504059
129,0.140809,-0.017851,0.330463,-0.295925,0.455744,-0.839506,-0.717564,-0.686126,-0.119601,-0.630154,0.566437,0.531114,-0.00288,-0.009787,-0.028619,-0.122233,-0.984091,0.091264,0.503945,-0.190476,-0.028631,0.300873,0.233268,0.792513,0.563472,-0.741158,-0.230072,0.630623,0.629114,-0.565707,0.532967,0.00064,0.00825,0.009797,-0.166389,1.264778,-0.48037,-1.403367,0.032584,0.029188,-0.019519,-0.265442,-0.783928,0.561244,0.752677,0.195292,0.628758,-0.602508,0.589335,0.538207,-0.006976,-0.001436,0.009613,0.344826,2.300143,0.05704,-0.917001,0.068875,0.033613,-0.052916,0.33088,-0.442157,-0.833675,0.686768,0.718716,-0.108613,0.647199,-0.536604,0.541468,-0.008798,-0.009912,-0.009656,-0.029516,-0.28169,0.161321,0.49916
130,0.140537,-0.018651,0.329711,-0.282528,0.435328,-0.854817,-0.702845,-0.700356,-0.12443,-0.6525,0.565104,0.504904,-0.003344,-0.031463,-0.011634,-0.175483,-0.797498,-0.115371,0.500813,-0.190555,-0.028661,0.30139,0.30223,0.739067,0.60202,-0.760277,-0.193914,0.619927,0.574521,-0.645975,0.5025,0.001042,-0.005581,0.014751,-0.400419,0.968091,-0.549451,-1.403797,0.032544,0.029181,-0.019257,-0.33203,-0.727593,0.600302,0.7702,0.158284,0.617849,-0.544562,0.667497,0.507837,0.000245,0.003181,0.003853,-0.312835,1.374661,-0.422225,-0.926635,0.06874,0.033226,-0.053293,0.316494,-0.422091,-0.849511,0.671446,0.73228,-0.113689,0.670068,-0.534419,0.515173,-0.008729,-0.009259,-0.009103,-0.149694,-0.835616,-0.121857,0.494588
131,0.140443,-0.019156,0.329417,-0.270809,0.425716,-0.863409,-0.690634,-0.710688,-0.133858,-0.670271,0.559517,0.48755,-0.003291,-0.031063,-0.01132,4.681779,-0.022094,-2.455354,0.499099,-0.190692,-0.02854,0.301561,0.35131,0.708293,0.612286,-0.760181,-0.165797,0.628148,0.545979,-0.686995,0.479383,0.000493,0.006322,0.007475,-0.706211,1.689806,0.027517,-1.403925,0.032481,0.029233,-0.019175,-0.376559,-0.697145,0.610074,0.770039,0.130564,0.624492,-0.515016,0.70494,0.487665,0.000126,0.00313,0.003368,2.474619,4.832201,2.500691,-0.937902,0.068693,0.032974,-0.05344,0.301839,-0.413568,-0.858984,0.663216,0.738344,-0.122436,0.684862,-0.532737,0.497146,-0.001557,-0.010351,-0.01018,-0.001122,-0.880468,0.117461,0.492629
132,0.140291,-0.020475,0.328909,-0.226593,0.40969,-0.88366,-0.669441,-0.724454,-0.164276,-0.7072,0.553821,0.43952,-0.003849,-0.034633,-0.015037,5.971465,-1.643836,-0.261044,0.497916,-0.190926,-0.02826,0.301829,0.445913,0.647456,0.618024,-0.743751,-0.115942,0.658275,0.497292,-0.753983,0.429038,0.000483,0.006145,0.007246,-0.641562,1.495072,0.353571,-1.404021,0.032358,0.029374,-0.019037,-0.471083,-0.630157,0.617237,0.750127,0.081972,0.656193,-0.464101,0.772128,0.434083,-9.2e-05,0.008458,-0.000666,-0.145642,2.463003,1.065977,-0.955211,0.068618,0.032322,-0.053687,0.260417,-0.399934,-0.878768,0.642321,0.751298,-0.151574,0.720836,-0.52498,0.452537,-0.002029,-0.022765,-0.003254,-0.119448,-0.620245,0.413576,0.489526
133,0.140081,-0.022017,0.328316,-0.188748,0.400022,-0.896885,-0.656062,-0.730902,-0.187984,-0.730505,0.552429,0.401512,-0.018883,-0.035916,-0.016664,-0.081352,-0.715915,0.3479,0.485779,-0.191006,-0.027829,0.302009,0.504423,0.599832,0.621087,-0.728632,-0.090042,0.678912,0.462517,-0.795736,0.390827,0.000585,0.007446,0.008754,-0.01379,0.830972,0.085679,-1.403738,0.032318,0.029587,-0.018951,-0.528944,-0.578681,0.620762,0.733005,0.057107,0.677821,-0.427692,0.813551,0.393969,-6e-06,0.009346,0.000367,0.837014,1.575285,0.523753,-0.966968,0.06852,0.031565,-0.053976,0.222493,-0.389663,-0.893677,0.624059,0.761176,-0.176522,0.74903,-0.518432,0.412529,-0.00217,-0.018926,-0.009248,-0.104027,-0.912411,0.228936,0.481035
134,0.139826,-0.022667,0.327968,-0.17782,0.395557,-0.901088,-0.649812,-0.7348,-0.194386,-0.738797,0.550476,0.388821,-0.018922,-0.035832,-0.016715,-0.062927,-0.631901,0.394954,0.480204,-0.190989,-0.027516,0.302105,0.523981,0.580002,0.623726,-0.726459,-0.077732,0.682751,0.443816,-0.811567,0.379803,9.4e-05,0.020044,0.00228,-0.192446,0.492933,0.143876,-1.403841,0.032326,0.029737,-0.018902,-0.54672,-0.558554,0.623789,0.73141,0.044076,0.680511,-0.407596,0.828295,0.384436,0.000377,0.004664,0.005509,-0.086836,0.806542,0.302479,-0.97105,0.068391,0.031224,-0.054159,0.210698,-0.385554,-0.898305,0.617892,0.76461,-0.183245,0.757505,-0.516447,0.399333,-0.009371,-0.012729,-0.012875,-0.03405,-0.688984,0.387788,0.471891
135,0.138736,-0.023725,0.327183,-0.162636,0.384348,-0.908775,-0.64439,-0.738812,-0.197203,-0.747014,0.553052,0.368959,-0.03328,-0.022125,-0.022792,-0.038719,-0.483854,0.010663,0.483602,-0.19097,-0.027082,0.302406,0.531384,0.567194,0.629218,-0.730899,-0.068306,0.67901,0.427436,-0.8214,0.377443,0.00063,0.008069,0.009434,-0.010219,0.088672,-0.144749,-1.403826,0.032336,0.029958,-0.018754,-0.553648,-0.545453,0.629248,0.735452,0.034172,0.676713,-0.390618,0.837444,0.382236,0.000327,0.004136,0.00485,-0.01011,0.076149,-0.152623,-0.974806,0.067851,0.030686,-0.054553,0.195052,-0.375622,-0.906014,0.612435,0.768175,-0.186627,0.766079,-0.518473,0.379878,-0.023972,-0.010437,-0.010811,-0.051035,-0.575384,-0.078955,0.464706
136,0.137228,-0.024509,0.326266,-0.154446,0.367119,-0.917287,-0.636184,-0.747245,-0.192006,-0.755742,0.553449,0.350106,-0.048058,-0.019823,-0.020885,-0.06102,-0.534501,-0.283389,0.492334,-0.190992,-0.026884,0.302927,0.532758,0.561652,0.633016,-0.733196,-0.066961,0.676665,0.421762,-0.825306,0.375301,-0.014306,0.009948,0.012669,-0.010487,0.088747,-0.149534,-1.403593,0.032331,0.030057,-0.018494,-0.554481,-0.540041,0.63317,0.737768,0.033023,0.674245,-0.385029,0.84099,0.380114,0.000653,-0.001012,0.009398,-0.051382,0.095208,-0.165291,-0.971703,0.067102,0.030293,-0.055013,0.186328,-0.359455,-0.91437,0.603799,0.77607,-0.182045,0.775052,-0.518176,0.361642,-0.016616,-0.010396,-0.010836,-0.077921,-0.76623,-0.379417,0.47385
137,0.135505,-0.025156,0.325432,-0.150246,0.345079,-0.926495,-0.627134,-0.757676,-0.180559,-0.764111,0.553475,0.331401,-0.048155,-0.01891,-0.020237,-0.057771,-0.506156,-0.267711,0.501284,-0.190936,-0.026779,0.303587,0.530012,0.561917,0.635081,-0.735338,-0.068206,0.674211,0.421495,-0.825023,0.376221,0.000755,0.009726,0.011278,0.039601,-0.054407,-0.002204,-1.403111,0.032354,0.030112,-0.01816,-0.551421,-0.540604,0.635359,0.740165,0.034283,0.671551,-0.384825,0.840578,0.381232,0.008223,-0.000454,0.009476,-0.024156,0.048714,-0.156963,-0.971867,0.066241,0.02997,-0.055429,0.180978,-0.336977,-0.923954,0.594065,0.786169,-0.170364,0.783793,-0.518057,0.342466,-0.023889,-0.003848,-0.014188,-0.036489,-0.658549,-0.328552,0.484464
138,0.134575,-0.025527,0.32502,-0.144081,0.332602,-0.93202,-0.62223,-0.76276,-0.176066,-0.769296,0.554146,0.318014,-0.048422,-0.019684,-0.0212,0.948735,-1.812595,1.948657,0.503716,-0.190877,-0.026753,0.303946,0.528039,0.563128,0.635652,-0.736797,-0.068157,0.672622,0.421427,-0.824202,0.378092,0.001411,-0.000698,0.020251,-0.014344,-0.024147,-0.007224,-1.403189,0.032383,0.030128,-0.017985,-0.549354,-0.542053,0.635914,0.741689,0.034186,0.669872,-0.384845,0.839648,0.383255,0.000716,-8.3e-05,0.010432,-0.047135,-0.021902,0.030099,-0.970887,0.065776,0.029787,-0.055633,0.17657,-0.323069,-0.929757,0.589271,0.79131,-0.163054,0.788404,-0.519089,0.330097,-0.024189,-0.009825,-0.010552,-0.059846,-0.527039,-0.280198,0.489036
139,0.132606,-0.026254,0.324185,-0.132753,0.304161,-0.943349,-0.61371,-0.77255,-0.162782,-0.778139,0.556952,0.290399,-0.048663,-0.019448,-0.021285,-0.073802,-0.838758,-0.227654,0.505055,-0.190774,-0.026721,0.304799,0.520493,0.568472,0.637118,-0.742546,-0.066802,0.666406,0.420734,-0.820641,0.386515,0.001594,0.001745,0.023003,0.163744,-0.223636,-0.107311,-1.403368,0.032435,0.03014,-0.017562,-0.542398,-0.547373,0.637326,0.74703,0.032853,0.663977,-0.384381,0.836243,0.391085,0.000778,0.000784,0.011399,0.234339,-0.276937,-0.17821,-0.967458,0.064792,0.029422,-0.056051,0.162408,-0.297647,-0.94076,0.57968,0.800324,-0.153141,0.798495,-0.520468,0.302519,-0.031561,-0.003581,-0.014276,-0.042831,-0.853757,-0.248189,0.494751
140,0.130441,-0.026791,0.323339,-0.120992,0.284653,-0.950988,-0.609536,-0.777399,-0.1552,-0.783333,0.560526,0.268749,-0.063355,-0.0156,-0.017848,-0.047222,-0.426497,-0.26134,0.508625,-0.190721,-0.026655,0.30574,0.515718,0.573593,0.63641,-0.745687,-0.065033,0.663065,0.421063,-0.817217,0.393352,0.001649,0.002544,0.023835,0.07081,-0.126854,-0.041662,-1.403017,0.032461,0.030175,-0.01709,-0.537483,-0.553038,0.6366,0.750287,0.030983,0.660386,-0.384942,0.832579,0.398285,0.000799,0.001132,0.011757,0.081338,-0.143363,-0.053258,-0.965008,0.063714,0.02915,-0.056478,0.149294,-0.277936,-0.948926,0.575246,0.804976,-0.145271,0.80424,-0.524179,0.28006,-0.031441,-0.002114,-0.012894,-0.016795,-0.669518,-0.111779,0.497854
141,0.129326,-0.026947,0.32291,-0.11563,0.277628,-0.953729,-0.609512,-0.777931,-0.152612,-0.784168,0.563313,0.260357,-0.063082,-0.013379,-0.015645,-0.042043,-0.407033,-0.21765,0.512063,-0.190677,-0.026637,0.306215,0.513618,0.57468,0.637127,-0.747133,-0.06533,0.661406,0.42107,-0.816429,0.394977,0.001634,0.002384,0.023609,-0.004191,-0.048099,0.011412,-1.403074,0.032484,0.030186,-0.016843,-0.535187,-0.55446,0.637297,0.751873,0.03122,0.658567,-0.385046,0.831624,0.400175,0.000803,0.001198,0.011811,-0.047322,-0.019336,0.031207,-0.964355,0.063132,0.029064,-0.056702,0.143636,-0.271122,-0.951767,0.575193,0.805484,-0.142646,0.805308,-0.52696,0.271644,-0.031507,-0.006588,-0.007682,-0.043201,-0.434506,-0.233765,0.501446
142,0.127185,-0.02698,0.322041,-0.11364,0.268927,-0.956457,-0.609082,-0.77938,-0.146827,-0.784795,0.565537,0.253557,-0.047103,0.000834,-0.020498,0.0245,-0.145786,-0.008398,0.514043,-0.190617,-0.02662,0.307095,0.510843,0.578589,0.635819,-0.74857,-0.064057,0.659904,0.421896,-0.813768,0.399562,0.000824,0.010898,0.012372,0.009429,-0.022979,0.019188,-1.40265,0.032513,0.030194,-0.016411,-0.532587,-0.558443,0.635996,0.753209,0.030013,0.657095,-0.386039,0.828999,0.40464,0.000689,-0.000264,0.010115,-0.068948,0.111312,-0.15553,-0.962069,0.062096,0.029039,-0.057122,0.141306,-0.262184,-0.954615,0.574713,0.806883,-0.136539,0.806062,-0.529337,0.264698,-0.030892,0.001605,-0.00913,0.016539,-0.065076,-0.194375,0.507161
143,0.125464,-0.026755,0.321314,-0.114876,0.264883,-0.957437,-0.607651,-0.781158,-0.143262,-0.785722,0.564998,0.251884,-0.045708,0.017121,-0.023349,0.066133,0.020434,-0.08352,0.515765,-0.190598,-0.026627,0.307712,0.50886,0.579813,0.636294,-0.749763,-0.064448,0.65851,0.422176,-0.812867,0.401097,0.000471,0.006249,0.007069,0.002199,-0.015315,0.024322,-1.402954,0.032523,0.030199,-0.016093,-0.530797,-0.559656,0.636426,0.754253,0.030484,0.655875,-0.386465,0.828163,0.405941,0.000241,0.003328,0.003764,-0.007152,-0.008511,0.028943,-0.961253,0.061218,0.029148,-0.057497,0.142172,-0.258252,-0.955558,0.573162,0.808536,-0.13324,0.807013,-0.528747,0.262971,-0.015581,0.002459,-0.007879,0.033065,0.046969,-0.055736,0.509611
144,0.12411,-0.026428,0.320777,-0.117275,0.260375,-0.958382,-0.606217,-0.783105,-0.13863,-0.786472,0.564403,0.250876,-0.030447,0.008686,-0.011814,0.024529,-0.044568,-0.108308,0.517292,-0.190583,-0.026613,0.30793,0.506995,0.5812,0.636518,-0.751127,-0.064097,0.656989,0.421998,-0.811904,0.403227,0.000104,0.001376,0.001555,0.005348,-0.005662,-0.003783,-1.402698,0.032531,0.030207,-0.015975,-0.528924,-0.561187,0.636638,0.755656,0.030035,0.65428,-0.386295,0.827143,0.408178,3.9e-05,0.000577,0.000652,-0.01514,0.008448,0.005816,-0.95864,0.060535,0.029316,-0.057768,0.14442,-0.253685,-0.956444,0.571513,0.810443,-0.128664,0.807784,-0.528039,0.262028,-0.015125,0.004773,-0.005418,0.019951,0.041338,-0.254688,0.51353
145,0.123615,-0.026201,0.320552,-0.117254,0.257123,-0.959263,-0.605545,-0.784051,-0.136197,-0.786992,0.564584,0.248826,-0.02999,0.0109,-0.009434,-0.009225,-0.342979,-0.277774,0.517236,-0.190572,-0.026585,0.30793,0.507037,0.581247,0.636441,-0.751108,-0.063999,0.657019,0.42198,-0.811878,0.403299,9e-06,0.000117,0.000132,7.8e-05,-8.3e-05,-5.5e-05,-1.402868,0.032537,0.03022,-0.015976,-0.529074,-0.561138,0.636557,0.755525,0.030036,0.654431,-0.386345,0.827177,0.408062,-1.3e-05,-0.000143,-0.000162,-0.00338,0.002758,0.001888,-0.958803,0.060287,0.029429,-0.057881,0.145118,-0.252195,-0.956732,0.570758,0.811196,-0.127259,0.808192,-0.527595,0.261662,-0.007406,0.005303,-0.004623,-0.022715,-0.641146,-0.381528,0.513856
146,0.122879,-0.025688,0.320217,-0.116711,0.250867,-0.960984,-0.604317,-0.785751,-0.131783,-0.788017,0.565043,0.244505,-0.029293,0.014162,-0.00592,-0.003494,-0.305089,-0.223745,0.518059,-0.190528,-0.026588,0.307908,0.507135,0.581347,0.636271,-0.751028,-0.063856,0.657125,0.422005,-0.811818,0.403394,-0.0,-6e-06,-7e-06,0.0,-0.0,-0.0,-1.402891,0.032558,0.030213,-0.015993,-0.529206,-0.561207,0.636386,0.755417,0.029904,0.654561,-0.386374,0.827134,0.40812,-6e-06,-6.2e-05,-7.1e-05,0.000134,0.000243,0.000157,-0.955374,0.05992,0.029686,-0.058048,0.144085,-0.245436,-0.958644,0.569364,0.812899,-0.122546,0.809359,-0.528161,0.256869,-0.007169,0.006428,-0.003413,-0.014871,-0.518281,-0.310965,0.51402
