frame,MLTx,MLTy,MLTz,MLTR1,MLTR2,MLTR3,MLTR4,MLTR5,MLTR6,MLTR7,MLTR8,MLTR9,MLTTVx,MLTTVy,MLTTVz,MLTRVx,MLTRVy,MLTRVz,MLGA,MRTx,MRTy,MRTz,MRTR1,MRTR2,MRTR3,MRTR4,MRTR5,MRTR6,MRTR7,MRTR8,MRTR9,MRTTVx,MRTTVy,MRTTVz,MRTRVx,MRTRVy,MRTRVz,MRGA,SLTx,SLTy,SLTz,SLTR1,SLTR2,SLTR3,SLTR4,SLTR5,SLTR6,SLTR7,SLTR8,SLTR9,SLTTVx,SLTTVy,SLTTVz,SLTRVx,SLTRVy,SLTRVz,SLGA,SRTx,SRTy,SRTz,SRTR1,SRTR2,SRTR3,SRTR4,SRTR5,SRTR6,SRTR7,SRTR8,SRTR9,SRTTVx,SRTTVy,SRTTVz,SRTRVx,SRTRVy,SRTRVz,SRGA
486,0.08865,-0.02962,0.308946,-0.526431,0.192628,-0.828137,-0.735426,-0.591936,0.329746,-0.426037,0.782381,0.454312,0.01517,-0.002591,-0.001744,-0.066457,-0.171618,-0.060456,0.180923,-0.198152,-0.003867,0.268224,-0.740355,0.642212,0.198567,-0.398339,-0.65694,0.64007,0.542435,0.393968,0.741901,0.015154,-0.014244,0.002961,0.446406,1.873767,-1.683511,-0.839388,0.022545,0.055197,-0.027051,0.674361,-0.686746,0.271322,0.412843,0.655311,0.632556,-0.612206,-0.314558,0.725434,-0.000143,-0.001338,-0.001777,-0.025896,-0.003152,0.015832,-0.838458,0.045713,0.039091,-0.053126,0.519064,-0.248399,-0.817844,0.738432,0.612195,0.282724,0.430452,-0.750675,0.501195,0.007587,-0.001301,-0.00089,-0.094997,-0.127466,-0.257302,-0.003448
487,0.089177,-0.029521,0.308737,-0.526155,0.189912,-0.828939,-0.735006,-0.591824,0.33088,-0.4271,0.783132,0.452013,0.016024,0.008264,-0.010275,0.032627,-0.039504,0.041463,0.191725,-0.197831,-0.004234,0.268333,-0.720375,0.662566,0.20508,-0.418617,-0.65096,0.633202,0.553939,0.369454,0.746002,-4e-06,-4.2e-05,-5.5e-05,0.545507,0.739575,1.23673,-0.766758,0.022711,0.055005,-0.026999,0.651797,-0.704739,0.280182,0.431867,0.648598,0.626745,-0.623418,-0.28751,0.727108,7e-06,7.2e-05,9.3e-05,0.565673,0.730666,1.249787,-0.797636,0.045982,0.039139,-0.053231,0.518743,-0.245325,-0.818975,0.737948,0.612167,0.284046,0.431666,-0.751708,0.498595,0.008013,0.004127,-0.005153,0.047194,-0.016341,0.053225,0.024801
488,0.089548,-0.029264,0.308495,-0.527368,0.187111,-0.828805,-0.733943,-0.59176,0.333347,-0.427431,0.783858,0.45044,0.016094,0.008518,-0.00997,0.034093,-0.036107,0.043408,0.234168,-0.197604,-0.004378,0.268675,-0.711843,0.669405,0.212527,-0.426925,-0.652556,0.625971,0.558605,0.354012,0.75,0.000581,0.005678,0.007467,0.03534,-0.05021,-0.004331,-0.768163,0.022824,0.054926,-0.026838,0.642602,-0.710284,0.287328,0.440856,0.649469,0.619544,-0.626663,-0.271451,0.730484,0.00052,-0.00303,0.007344,-0.032228,-0.152633,0.144566,-0.822619,0.046162,0.039264,-0.053349,0.520011,-0.242566,-0.818993,0.736892,0.612278,0.286539,0.431947,-0.752513,0.497137,0.000484,0.00559,-0.004064,0.044568,-0.004856,0.024103,0.069379
489,0.089651,-0.029113,0.308344,-0.527885,0.183969,-0.829179,-0.730471,-0.596429,0.332651,-0.432699,0.781062,0.450266,0.000795,0.010674,-0.008743,0.034679,-0.017799,0.015915,0.248175,-0.197442,-0.00447,0.2689,-0.711032,0.668638,0.217595,-0.424861,-0.654973,0.624849,0.561207,0.350994,0.749475,0.015867,-0.007455,0.011875,0.115424,0.58631,-0.511365,-0.770529,0.022899,0.054893,-0.026724,0.642071,-0.709879,0.289511,0.439758,0.65036,0.61939,-0.627979,-0.270378,0.729752,0.007719,0.002442,0.002705,-0.007853,-0.030369,0.056405,-0.841724,0.046219,0.039339,-0.053424,0.520503,-0.239601,-0.819553,0.733418,0.61695,0.28543,0.437234,-0.749642,0.496852,0.000384,0.005284,-0.004442,0.03622,-0.014084,0.017651,0.0942
490,0.089838,-0.028828,0.308005,-0.532552,0.168893,-0.829402,-0.71809,-0.608876,0.337029,-0.447426,0.77486,0.446575,0.000518,0.009821,-0.009796,-0.075297,-0.275752,-0.133241,0.261043,-0.197082,-0.004616,0.269212,-0.702189,0.675786,0.22413,-0.429538,-0.653008,0.623708,0.568731,0.340834,0.748492,0.015273,0.003185,0.003183,0.005162,-0.006389,0.038898,-0.766512,0.02308,0.054817,-0.026556,0.631727,-0.71534,0.298678,0.443325,0.649455,0.617794,-0.635911,-0.257866,0.727407,0.000183,0.001897,0.002479,0.001026,0.126368,-0.096876,-0.862625,0.046313,0.039482,-0.053593,0.525182,-0.225387,-0.820599,0.721199,0.629746,0.2886,0.451723,-0.743384,0.49328,-0.000198,-0.000633,-0.00079,-0.18736,-0.379982,-0.246997,0.126531
491,0.090048,-0.028385,0.307631,-0.532467,0.157447,-0.831706,-0.713309,-0.612463,0.340661,-0.455097,0.774457,0.439465,0.01612,0.008674,-0.009786,-0.102438,-0.357076,-0.142897,0.282378,-0.196723,-0.004679,0.269497,-0.693259,0.682974,0.230067,-0.434707,-0.650769,0.622466,0.575716,0.330655,0.747718,0.000303,0.003059,0.004004,0.000278,0.000752,0.000904,-0.747912,0.023265,0.054786,-0.026413,0.621879,-0.721573,0.304298,0.448443,0.646686,0.617005,-0.642,-0.247242,0.725745,0.007642,0.001732,0.001756,-0.005182,0.088388,-0.102335,-0.871606,0.046411,0.039702,-0.053782,0.525103,-0.214182,-0.823645,0.716467,0.63356,0.292021,0.459283,-0.743455,0.486139,0.000527,0.005717,-0.003907,-0.191434,-0.501023,-0.257867,0.153801
492,0.090208,-0.028132,0.307413,-0.536108,0.145382,-0.831563,-0.704207,-0.620236,0.345502,-0.464875,0.770637,0.435932,0.000899,0.011015,-0.008321,-0.103605,-0.343308,-0.173427,0.290102,-0.196614,-0.004715,0.269612,-0.693223,0.682999,0.230099,-0.434563,-0.650674,0.622665,0.575866,0.33079,0.747542,0.000205,0.002074,0.002714,0.0,-0.0,-0.0,-0.745996,0.02332,0.05477,-0.026353,0.621841,-0.721598,0.304318,0.448294,0.646608,0.617194,-0.642141,-0.247373,0.725576,0.007822,-0.004788,0.004526,-0.034027,-0.001143,0.01343,-0.876342,0.046497,0.039833,-0.053894,0.528727,-0.201707,-0.824476,0.707348,0.641607,0.296645,0.469154,-0.740036,0.481912,0.000458,0.005508,-0.004167,-0.140419,-0.403561,-0.202174,0.167354
493,0.090618,-0.027731,0.30699,-0.544855,0.114848,-0.830655,-0.680874,-0.638795,0.358223,-0.488806,0.760607,0.427286,0.000866,0.010927,-0.008427,-0.136011,-0.417609,-0.217465,0.29472,-0.196594,-0.00484,0.269736,-0.693204,0.682254,0.232353,-0.432927,-0.651766,0.622663,0.577122,0.330178,0.746844,1e-05,0.000103,0.000135,0.0,-0.0,-0.0,-0.747601,0.02333,0.054709,-0.02629,0.621747,-0.720743,0.306527,0.446758,0.647818,0.617039,-0.643301,-0.246699,0.724777,-8e-06,-4.1e-05,-5.7e-05,4e-06,7.2e-05,7.9e-05,-0.888425,0.046702,0.040029,-0.054103,0.537561,-0.17152,-0.825595,0.68414,0.661071,0.308118,0.492929,-0.730455,0.47271,0.008004,0.004169,-0.005116,-0.233561,-0.505141,-0.451281,0.184499
494,0.091048,-0.027336,0.306657,-0.55056,0.093222,-0.829601,-0.665252,-0.649345,0.36846,-0.503671,0.754635,0.420556,0.016342,0.009495,-0.008793,-0.090217,-0.21629,-0.29261,0.294194,-0.196537,-0.004821,0.269741,-0.685066,0.689479,0.235147,-0.438933,-0.648165,0.622217,0.582277,0.322174,0.746338,-0.000558,0.011049,-0.00814,0.025302,0.105449,-0.142504,-0.732917,0.023358,0.054715,-0.026283,0.612889,-0.727243,0.309004,0.452557,0.643638,0.617188,-0.647733,-0.238425,0.723598,-2e-06,-6e-06,-1e-05,-0.010433,0.119449,-0.158942,-0.889895,0.046905,0.040222,-0.054267,0.543068,-0.149604,-0.826253,0.668679,0.67222,0.317786,0.507882,-0.725078,0.465099,0.000717,0.006342,-0.003142,-0.181162,-0.482442,-0.250747,0.187602
495,0.091484,-0.026844,0.30633,-0.555593,0.068211,-0.828679,-0.645665,-0.663352,0.378224,-0.523222,0.745101,0.413631,0.016491,0.010027,-0.008146,0.193876,-0.696636,-0.670697,0.211274,-0.196581,-0.004778,0.269596,-0.680995,0.692446,0.238233,-0.441054,-0.647417,0.621495,0.58544,0.317286,0.745957,-0.000306,-0.003106,-0.004065,-0.001587,0.017334,-0.022966,-0.704583,0.023336,0.054742,-0.026357,0.608414,-0.729668,0.312113,0.454592,0.642788,0.616578,-0.65052,-0.233251,0.722783,-0.000162,-0.001652,-0.002165,-0.001651,0.017166,-0.023178,-0.886139,0.047129,0.040473,-0.054433,0.548443,-0.126554,-0.826554,0.649538,0.686988,0.325802,0.526602,-0.715563,0.458975,0.008288,0.005123,-0.003937,1.394858,-0.772676,-0.667409,0.143024
496,0.091746,-0.026659,0.306185,-0.555988,0.062034,-0.8289,-0.640923,-0.666969,0.379923,-0.528597,0.742415,0.411622,0.001473,0.012888,-0.006009,0.004836,-0.442786,-0.228849,0.180346,-0.196602,-0.004785,0.269469,-0.680606,0.691444,0.242222,-0.439421,-0.649668,0.620303,0.58712,0.31487,0.745661,-0.000396,-0.004005,-0.005246,-0.001587,0.017338,-0.022963,-0.701808,0.023326,0.054739,-0.026419,0.607876,-0.728435,0.316019,0.453218,0.645094,0.61518,-0.651981,-0.230728,0.722277,-0.000182,-0.001867,-0.002447,-0.011455,0.117922,-0.157111,-0.889732,0.047266,0.040568,-0.054509,0.548776,-0.118813,-0.827482,0.644299,0.690817,0.3281,0.532657,-0.7132,0.455655,0.000735,0.00642,-0.003045,-0.067952,-0.552259,-0.286173,0.082116
497,0.09229,-0.02626,0.306013,-0.558493,0.043346,-0.828404,-0.62635,-0.676792,0.386795,-0.543202,0.734837,0.406168,0.017272,0.012618,-0.004977,-0.169538,-0.394646,-0.399204,0.169688,-0.196549,-0.004827,0.269257,-0.679783,0.690031,0.248482,-0.437147,-0.65313,0.61827,0.589766,0.310795,0.745282,-0.000229,-0.002315,-0.003037,0.001208,0.004881,-0.004451,-0.696465,0.023352,0.054712,-0.026534,0.6068,-0.726611,0.322226,0.451314,0.648662,0.612823,-0.6543,-0.226436,0.721537,-0.000363,0.00465,-0.005219,0.037199,0.013895,-0.016635,-0.889568,0.047531,0.040761,-0.054596,0.551371,-0.10109,-0.828111,0.629893,0.7013,0.333784,0.547013,-0.705661,0.450353,0.008797,0.006801,-0.001896,-0.183746,-0.561962,-0.23561,0.027087
498,0.092933,-0.025829,0.305952,-0.555973,0.020019,-0.830986,-0.613084,-0.684955,0.39362,-0.560623,0.728279,0.394129,0.032802,0.011638,-0.004862,-0.218583,-0.649479,-0.247821,0.179122,-0.196405,-0.004932,0.269227,-0.679327,0.689517,0.251142,-0.43615,-0.65447,0.617557,0.59103,0.309116,0.744979,0.014931,-0.000288,-0.001389,0.002045,-0.015205,0.029245,-0.694155,0.023423,0.054656,-0.026552,0.606249,-0.725947,0.32475,0.45049,0.649995,0.612017,-0.655378,-0.224738,0.72109,0.007477,-5.3e-05,-0.000577,0.001858,-0.015828,0.02966,-0.886466,0.04784,0.040976,-0.054628,0.54906,-0.078006,-0.832134,0.616663,0.709853,0.340344,0.564144,-0.700016,0.437856,0.008776,0.006811,-0.001899,0.008057,-0.140138,0.011389,0.022678
499,0.093338,-0.025657,0.305949,-0.553579,0.012132,-0.832735,-0.612804,-0.683043,0.397361,-0.563291,0.730256,0.386594,0.017899,0.014806,-0.002337,-0.201608,-0.595329,-0.254361,0.173916,-0.196336,-0.005015,0.26925,-0.679299,0.689431,0.251454,-0.435855,-0.654563,0.617667,0.59128,0.309112,0.744782,-4.8e-05,-0.000494,-0.000649,0.0,0.0,-0.0,-0.694075,0.023458,0.054617,-0.026538,0.606213,-0.725843,0.325049,0.450197,0.650113,0.612106,-0.655612,-0.22473,0.72088,-2.1e-05,-0.000211,-0.000279,-6.8e-05,-0.000129,-2.7e-05,-0.885323,0.048055,0.041062,-0.054628,0.546522,-0.069856,-0.834525,0.616437,0.708078,0.344427,0.566849,-0.702669,0.430042,0.008949,0.007389,-0.0012,-0.203697,-0.630412,-0.278459,0.026271
500,0.094288,-0.025212,0.305994,-0.550667,-0.011146,-0.834679,-0.599324,-0.690737,0.404556,-0.580374,0.723029,0.374729,0.018513,0.016978,0.000268,-0.007139,-0.251345,-0.056946,0.075253,-0.196187,-0.005151,0.269452,-0.67924,0.689349,0.251839,-0.435305,-0.654553,0.618065,0.591753,0.309317,0.744322,0.000677,-0.009886,0.009669,-0.036266,0.014095,-0.016048,-0.696144,0.023533,0.05455,-0.026444,0.606142,-0.72574,0.325409,0.44965,0.650164,0.612455,-0.656053,-0.224915,0.720421,0.007861,-0.004494,0.004914,-0.043644,0.101064,-0.122445,-0.884833,0.048523,0.041281,-0.054611,0.543171,-0.045006,-0.838414,0.603026,0.715735,0.352252,0.58423,-0.696919,0.415907,0.009355,0.008796,0.000493,0.350558,-0.40699,-0.407105,-0.051782
501,0.094744,-0.02461,0.306232,-0.535348,-0.041362,-0.843645,-0.578394,-0.709936,0.401773,-0.614893,0.703097,0.357194,0.003443,0.01124,0.013664,0.182869,-1.618783,2.096587,0.059103,-0.19614,-0.005257,0.269634,-0.679205,0.688979,0.252942,-0.434355,-0.655004,0.618256,0.592493,0.309185,0.743788,7.1e-05,0.000734,0.000962,0.0,0.0,0.0,-0.699987,0.023556,0.054498,-0.026343,0.606073,-0.725306,0.326505,0.448702,0.6507,0.612581,-0.656766,-0.224765,0.719818,3.7e-05,0.000405,0.00053,-2.9e-05,-2.6e-05,-4.7e-05,-0.885649,0.048763,0.041585,-0.054495,0.52999,-0.014568,-0.847878,0.580839,0.734719,0.350446,0.617847,-0.678214,0.397856,0.002099,0.01099,0.002489,-0.045915,-0.159713,-0.196184,-0.130651
502,0.094847,-0.023817,0.306603,-0.500473,-0.041183,-0.864798,-0.592052,-0.712526,0.376501,-0.631081,0.700483,0.333298,0.004602,0.0233,0.006536,0.07728,-0.362533,0.403561,0.086571,-0.19604,-0.005211,0.269619,-0.678745,0.687879,0.257136,-0.432572,-0.65732,0.617046,0.594322,0.306719,0.74335,-0.000482,0.011901,-0.007027,0.036268,-0.014079,0.016058,-0.701618,0.023607,0.054517,-0.026348,0.605457,-0.72395,0.330631,0.447154,0.653089,0.611169,-0.658387,-0.222193,0.719134,-3e-06,-3.9e-05,-5.3e-05,-0.011253,0.118664,-0.157895,-0.888915,0.048813,0.041971,-0.054307,0.49462,-0.01619,-0.868957,0.594529,0.735594,0.324707,0.633944,-0.677227,0.373465,0.001947,0.006381,0.007711,0.001431,-0.004447,-0.103714,-0.120201
503,0.094873,-0.023427,0.306777,-0.501495,-0.044545,-0.864039,-0.590674,-0.712088,0.379482,-0.631559,0.700727,0.331877,-0.010359,0.025896,0.008374,0.017875,0.038017,-0.151263,0.086541,-0.19595,-0.005179,0.269604,-0.678295,0.6872,0.260124,-0.43151,-0.658945,0.616056,0.595609,0.304754,0.743128,3e-06,3.5e-05,4.6e-05,3e-06,1.2e-05,-1.1e-05,-0.7003,0.023651,0.054537,-0.026359,0.604885,-0.723079,0.333572,0.446296,0.654756,0.61001,-0.659494,-0.220114,0.71876,-1e-06,-8e-06,-1.3e-05,-0.00101,-0.003864,0.003657,-0.889078,0.048834,0.042174,-0.054217,0.493545,-0.013452,-0.869615,0.594064,0.735496,0.32578,0.635216,-0.677395,0.370992,0.002247,0.011489,0.003052,0.034955,0.167969,-0.279612,-0.11122
504,0.094932,-0.022915,0.307064,-0.48217,-0.077661,-0.872655,-0.561308,-0.737395,0.375704,-0.672076,0.671076,0.313048,0.001987,0.006512,0.007819,4.730803,-2.890628,-1.221204,0.09492,-0.195656,-0.005162,0.269623,-0.672851,0.689621,0.267743,-0.432918,-0.660411,0.613493,0.600739,0.296008,0.742534,0.01504,0.000853,9.1e-05,0.002407,-0.013743,0.027907,-0.69882,0.023798,0.054544,-0.026351,0.598813,-0.724673,0.340984,0.44796,0.65599,0.60746,-0.663892,-0.211008,0.71744,0.007523,0.00046,8.4e-05,0.000871,-0.020792,0.034299,-0.888588,0.048861,0.042446,-0.054063,0.475688,0.015752,-0.879472,0.568654,0.7573,0.321136,0.671083,-0.652876,0.351281,0.00092,0.003031,0.00363,0.008389,-1.957274,2.024167,-0.096687
505,0.095091,-0.022619,0.307408,-0.470917,-0.108851,-0.875462,-0.554199,-0.735608,0.389509,-0.685816,0.668739,0.287178,0.00271,0.008901,0.010649,-0.30698,-0.682945,-0.374203,0.113331,-0.195159,-0.005214,0.269639,-0.672291,0.68948,0.269507,-0.432543,-0.661178,0.612931,0.601636,0.294624,0.742357,0.014958,-2e-06,-0.001041,0.002045,-0.015205,0.029245,-0.685113,0.024047,0.054519,-0.026341,0.598183,-0.72442,0.342624,0.447703,0.656712,0.606869,-0.664634,-0.209625,0.717159,0.007477,-2.3e-05,-0.000558,0.001855,-0.015833,0.029631,-0.884833,0.048938,0.042584,-0.053902,0.463567,0.048494,-0.884733,0.55761,0.76002,0.333825,0.688604,-0.648086,0.32528,0.001392,0.004584,0.00548,-0.308813,-0.830703,-0.199216,-0.084114
506,0.095165,-0.022389,0.30762,-0.466448,-0.118979,-0.876536,-0.554976,-0.732265,0.394666,-0.68824,0.670693,0.276628,0.003238,0.010648,0.01271,-0.20453,-0.477728,-0.218192,0.133821,-0.194924,-0.005248,0.269611,-0.67223,0.689629,0.269278,-0.432701,-0.660985,0.613028,0.60159,0.294708,0.742361,0.014915,-0.000475,-0.001666,0.002045,-0.015205,0.029245,-0.661993,0.024159,0.054503,-0.026354,0.598129,-0.724564,0.342414,0.447825,0.656527,0.60698,-0.6646,-0.209711,0.717165,0.00745,-0.000315,-0.000942,-0.009091,0.104073,-0.129418,-0.871606,0.048975,0.042701,-0.053795,0.458602,0.059986,-0.886614,0.558498,0.756591,0.340073,0.691204,-0.65113,0.313472,0.001632,0.005387,0.006428,-0.202003,-0.471632,-0.214783,-0.066641
507,0.095175,-0.021914,0.307936,-0.458537,-0.139935,-0.877615,-0.542695,-0.737926,0.401148,-0.703186,0.660389,0.26352,-0.012841,0.009355,0.009916,-0.062426,-0.135719,-0.085917,0.207218,-0.194637,-0.005287,0.269522,-0.672152,0.689699,0.269293,-0.432767,-0.660946,0.613024,0.601629,0.294634,0.742359,0.014898,-0.000682,-0.001945,-0.009061,0.104241,-0.129378,-0.647879,0.024302,0.054482,-0.0264,0.598055,-0.724684,0.34229,0.447962,0.656399,0.607017,-0.664575,-0.209697,0.717193,-3.7e-05,-0.00041,-0.000543,-4.5e-05,-5.2e-05,-7.6e-05,-0.844663,0.048987,0.042942,-0.053631,0.450561,0.081173,-0.889047,0.546209,0.762646,0.346446,0.70615,-0.641701,0.299281,0.000985,0.003265,0.003877,-0.041655,-0.117132,-0.037697,0.010595
508,0.095108,-0.021633,0.308068,-0.454641,-0.147504,-0.878402,-0.538869,-0.739688,0.403056,-0.708637,0.65677,0.257904,-0.01429,0.004554,0.004202,-0.003545,0.009083,-0.032923,0.236915,-0.194581,-0.005235,0.269518,-0.672132,0.689536,0.269759,-0.432555,-0.661234,0.612862,0.601804,0.294368,0.742323,-0.000389,0.013171,-0.00536,0.026785,0.088175,-0.119518,-0.650879,0.024336,0.0545,-0.026404,0.598018,-0.724492,0.342759,0.44776,0.656695,0.606846,-0.664744,-0.209431,0.717114,1.3e-05,0.000147,0.000191,-3.9e-05,-4.4e-05,-5.2e-05,-0.841234,0.04895,0.04309,-0.053558,0.446799,0.0883,-0.890265,0.542342,0.764682,0.34803,0.711501,-0.638328,0.29377,-0.007213,0.002065,0.001849,0.011653,0.040081,-0.014573,0.077871
509,0.095093,-0.021352,0.307933,-0.454027,-0.147455,-0.878727,-0.538559,-0.740256,0.402426,-0.709265,0.65614,0.257781,0.000874,0.011091,-0.008219,0.034678,-0.01778,0.015906,0.256744,-0.194616,-0.005214,0.269498,-0.672108,0.688777,0.271751,-0.43138,-0.662402,0.612429,0.602675,0.293521,0.741952,-3.5e-05,-0.000378,-0.000496,0.0,0.0,0.0,-0.648354,0.024319,0.05452,-0.026412,0.597937,-0.723586,0.34481,0.446666,0.657996,0.606242,-0.665552,-0.208479,0.716642,-2.4e-05,-0.000252,-0.000331,-5.4e-05,-2.4e-05,-3e-05,-0.840908,0.048941,0.043224,-0.053625,0.446316,0.087895,-0.890547,0.54206,0.765262,0.347194,0.712019,-0.637689,0.293905,-4.1e-05,-0.000134,-0.000158,-0.001244,0.001258,0.000917,0.114937
510,0.095129,-0.021214,0.307747,-0.453496,-0.147383,-0.879014,-0.538356,-0.740701,0.401878,-0.709759,0.655653,0.257659,0.000117,0.008605,-0.011169,0.034677,-0.017788,0.015901,0.259542,-0.194687,-0.005199,0.269454,-0.67211,0.688384,0.272739,-0.430825,-0.663012,0.61216,0.60307,0.293067,0.74181,-0.000114,-0.001235,-0.00162,0.0,0.0,0.0,-0.647543,0.024283,0.054528,-0.026432,0.597914,-0.723143,0.345777,0.446177,0.658633,0.605911,-0.665901,-0.208005,0.716456,-7.5e-05,-0.000811,-0.001062,-3.8e-05,-2.1e-05,-2.8e-05,-0.839601,0.04896,0.043296,-0.053715,0.445787,0.087784,-0.890823,0.541876,0.765655,0.346615,0.712491,-0.637232,0.293751,-6e-05,0.003901,-0.006061,0.03302,-0.002226,-0.008206,0.127511
511,0.095232,-0.021112,0.307284,-0.444396,-0.147283,-0.883666,-0.536923,-0.745815,0.394266,-0.716574,0.649851,0.253461,-0.001465,-0.004822,-0.005735,0.009548,-0.415952,0.683471,0.264506,-0.194838,-0.00514,0.269389,-0.672144,0.688095,0.273385,-0.430538,-0.663484,0.611851,0.603237,0.29268,0.741827,4.7e-05,0.000506,0.000664,0.0,0.0,0.0,-0.65181,0.024207,0.054553,-0.026471,0.597934,-0.722823,0.34641,0.445946,0.659109,0.605563,-0.666038,-0.207607,0.716444,3.7e-05,0.000383,0.000504,-9e-06,-8e-06,-3e-05,-0.840091,0.049011,0.043349,-0.053952,0.437327,0.087646,-0.89502,0.540078,0.770181,0.339315,0.719068,-0.631773,0.289485,0.007201,0.001982,-0.007742,0.06932,-1.46606,2.402545,0.138288
512,0.095245,-0.021054,0.306908,-0.437914,-0.153858,-0.885779,-0.524692,-0.756317,0.390709,-0.729505,0.636047,0.25158,-0.000182,0.007628,-0.012342,0.037214,-0.121394,0.185661,0.296896,-0.194837,-0.005092,0.269401,-0.672138,0.68793,0.273816,-0.430321,-0.663754,0.61171,0.6034,0.292456,0.741783,3.7e-05,0.000398,0.000523,0.0,0.0,0.0,-0.649738,0.024208,0.054579,-0.026462,0.597917,-0.722636,0.346831,0.445759,0.659388,0.605397,-0.666178,-0.207374,0.716381,2.4e-05,0.000255,0.000337,-2.1e-05,-4e-06,-1.3e-05,-0.841071,0.049015,0.043371,-0.054148,0.430124,0.093802,-0.897883,0.528114,0.780503,0.334528,0.73218,-0.618073,0.286175,-8.7e-05,0.003809,-0.006182,0.03631,-0.119278,0.184911,0.164578
513,0.095225,-0.020999,0.306763,-0.436915,-0.153553,-0.886325,-0.524861,-0.756688,0.389765,-0.729984,0.635679,0.251122,-0.000858,-0.002819,-0.003362,0.002137,-0.088613,0.145152,0.324098,-0.194812,-0.005103,0.269436,-0.672119,0.68775,0.274315,-0.429976,-0.664009,0.611676,0.603667,0.292302,0.741626,0.015088,0.001412,0.000804,0.003651,-0.032525,0.052221,-0.648153,0.024215,0.054571,-0.026447,0.597885,-0.722408,0.34736,0.445412,0.659694,0.605318,-0.666438,-0.207193,0.716191,2e-05,0.000209,0.000274,-0.0,-6e-06,-1.1e-05,-0.839928,0.049006,0.043399,-0.05422,0.429244,0.093495,-0.898335,0.52824,0.780787,0.333665,0.732606,-0.617761,0.28576,0.000158,0.004613,-0.005221,0.033738,-0.017219,0.016039,0.194134
514,0.095166,-0.020973,0.306614,-0.431015,-0.15434,-0.889073,-0.52693,-0.756788,0.386767,-0.732004,0.63537,0.245971,-0.00052,-0.001709,-0.002039,-0.00817,-0.018384,-0.011037,0.333068,-0.194726,-0.005103,0.269532,-0.672081,0.687558,0.274886,-0.429552,-0.66427,0.611691,0.604011,0.29216,0.741402,6.3e-05,0.000683,0.000895,0.0,0.0,0.0,-0.649822,0.024263,0.054574,-0.026395,0.597829,-0.722206,0.347877,0.445035,0.65996,0.605307,-0.666741,-0.207052,0.71595,0.000294,-0.005479,0.004132,-0.036284,0.013978,-0.016101,-0.839275,0.048976,0.043413,-0.054294,0.423179,0.094362,-0.901118,0.530365,0.780563,0.330806,0.734596,-0.617912,0.280271,-0.000337,-0.001122,-0.001337,0.002334,0.020251,-0.028563,0.234793
515,0.095038,-0.020949,0.306584,-0.426736,-0.158606,-0.890385,-0.523544,-0.759452,0.386142,-0.736925,0.631131,0.24216,-0.014596,0.003551,0.003018,-0.079537,-0.179102,-0.11295,0.332083,-0.194601,-0.005134,0.269551,-0.672037,0.687458,0.275243,-0.429298,-0.664416,0.61171,0.60424,0.292062,0.741253,0.014956,8e-06,-0.001041,0.002045,-0.015205,0.029245,-0.652874,0.02432,0.05456,-0.026384,0.597774,-0.722073,0.348247,0.444779,0.660141,0.605297,-0.666961,-0.206938,0.715779,-3e-06,-2.9e-05,-4.2e-05,-1.5e-05,6e-06,-1.6e-05,-0.841071,0.048916,0.043418,-0.054316,0.419103,0.097743,-0.902661,0.526968,0.783412,0.3295,0.739362,-0.613768,0.276823,2.2e-05,6.7e-05,8e-05,-0.122917,-0.373572,0.006699,0.241488
516,0.094835,-0.020922,0.306601,-0.421476,-0.159478,-0.892732,-0.520875,-0.763268,0.382207,-0.74183,0.626288,0.239746,-0.000308,-0.001007,-0.001203,-1.7e-05,-3.8e-05,-2.3e-05,0.320228,-0.194523,-0.005125,0.26954,-0.672002,0.687225,0.27591,-0.428922,-0.664789,0.611568,0.604546,0.291763,0.741122,0.0,0.0,0.0,0.0,0.0,0.0,-0.655468,0.024365,0.054564,-0.026391,0.597717,-0.721816,0.348877,0.444458,0.660519,0.605121,-0.667226,-0.206629,0.71562,-0.0,-9e-06,-1.3e-05,-3.1e-05,2e-06,-1.3e-05,-0.843031,0.048811,0.04344,-0.054298,0.413609,0.098945,-0.905061,0.524273,0.786838,0.325611,0.744355,-0.609176,0.273569,-0.007637,0.000665,0.000182,0.001613,-0.068839,0.113685,0.235283
517,0.094743,-0.020909,0.306592,-0.4185,-0.164054,-0.893302,-0.51222,-0.769583,0.381242,-0.7495,0.617318,0.239154,-0.0151,0.001903,0.001045,0.443333,-0.174911,-0.148506,0.315838,-0.194455,-0.00511,0.269537,-0.671976,0.687094,0.2763,-0.428714,-0.665007,0.611478,0.604724,0.291577,0.74105,7.1e-05,0.00077,0.001009,0.0,0.0,0.0,-0.658869,0.024399,0.054569,-0.026395,0.597678,-0.721663,0.349259,0.444272,0.660747,0.605008,-0.667384,-0.206434,0.715529,0.007525,0.000522,0.000154,0.002029,-0.01522,0.029241,-0.8445,0.04877,0.043444,-0.054305,0.410723,0.103252,-0.905894,0.516,0.79282,0.324313,0.751698,-0.600645,0.272351,-0.000114,-0.000366,-0.00043,1.497247,-0.751493,-0.225914,0.228425
518,0.094548,-0.020867,0.306563,-0.412375,-0.173342,-0.894396,-0.504187,-0.774267,0.382463,-0.758292,0.608874,0.233009,-0.000239,-0.000781,-0.000933,-0.041514,-0.095746,-0.057862,0.321433,-0.194279,-0.005048,0.269641,-0.671924,0.68705,0.276535,-0.428574,-0.665092,0.611483,0.60488,0.291487,0.740958,0.000221,0.002429,0.00318,0.0,0.0,0.0,-0.671677,0.024487,0.0546,-0.026344,0.597617,-0.721603,0.349488,0.44414,0.660842,0.605001,-0.667527,-0.206337,0.715423,0.000118,0.001306,0.001705,-7e-06,-1.6e-05,-6e-06,-0.853481,0.048668,0.043466,-0.054318,0.404445,0.11289,-0.907567,0.507604,0.797763,0.325438,0.760763,-0.592307,0.265348,-0.007612,0.000751,0.00028,-0.043158,-0.083675,-0.089812,0.223852
519,0.094384,-0.020873,0.306463,-0.400066,-0.174261,-0.899792,-0.508711,-0.774423,0.376105,-0.761868,0.608415,0.222296,-0.000603,-0.001963,-0.002346,-0.01957,-0.572772,0.854813,0.33388,-0.194195,-0.005027,0.269714,-0.671885,0.686812,0.27722,-0.428126,-0.665442,0.611416,0.605241,0.291249,0.740757,-7.2e-05,-0.000793,-0.001037,-0.012748,0.136787,-0.18158,-0.671966,0.024529,0.054617,-0.026298,0.597565,-0.721397,0.350001,0.443813,0.661126,0.604931,-0.66779,-0.206151,0.715232,7e-06,9.2e-05,0.000118,-3e-06,-8e-06,-8e-06,-0.859196,0.048586,0.043464,-0.054367,0.392813,0.114136,-0.912507,0.511771,0.797289,0.32003,0.764059,-0.592707,0.254774,-0.00037,-0.00124,-0.001477,-0.008715,-1.424208,2.364757,0.240671
520,0.094339,-0.020848,0.306345,-0.395635,-0.178508,-0.900918,-0.50982,-0.773239,0.377036,-0.763444,0.608694,0.216039,-0.000883,-0.002872,-0.003436,-0.10276,-0.350891,0.020158,0.332687,-0.194164,-0.005039,0.269678,-0.671864,0.686609,0.277777,-0.427808,-0.665761,0.611291,0.60549,0.291002,0.740651,0.014838,-0.001235,-0.002677,0.002045,-0.015205,0.029245,-0.669898,0.024545,0.054609,-0.026318,0.59752,-0.721095,0.350701,0.443442,0.661558,0.604731,-0.668077,-0.205823,0.715058,0.007407,-0.000735,-0.001493,0.002025,-0.015204,0.029239,-0.85887,0.048564,0.043478,-0.054424,0.387977,0.117156,-0.914192,0.513146,0.796479,0.319846,0.765607,-0.593207,0.248898,-9e-05,0.00381,-0.006183,-0.111794,-0.444884,-0.045703,0.24655
521,0.094339,-0.020675,0.305989,-0.384476,-0.182844,-0.904872,-0.508019,-0.776518,0.372705,-0.770324,0.603212,0.206794,-2.1e-05,0.008149,-0.011736,0.031007,-0.120397,0.152569,0.312592,-0.194119,-0.005124,0.269512,-0.671821,0.686146,0.279019,-0.427107,-0.666482,0.610995,0.606033,0.290442,0.740427,0.014703,-0.002774,-0.004698,0.002045,-0.015205,0.029245,-0.6653,0.024562,0.054568,-0.0264,0.597446,-0.720563,0.351917,0.442815,0.662318,0.604358,-0.668559,-0.205237,0.714776,-0.000124,-0.001392,-0.001825,-7e-06,-2e-06,-1e-05,-0.85593,0.048563,0.04356,-0.0546,0.376588,0.122045,-0.918305,0.51131,0.799228,0.315903,0.772491,-0.588504,0.238577,4.6e-05,0.00425,-0.005657,0.04933,0.010803,0.031571,0.23463
522,0.094258,-0.020391,0.305694,-0.376614,-0.188891,-0.906933,-0.509513,-0.775389,0.373016,-0.773223,0.602809,0.196912,-0.01423,0.012959,-0.00722,-0.012147,-0.114739,-0.081542,0.297602,-0.194102,-0.00516,0.26943,-0.67181,0.686049,0.279286,-0.42698,-0.666646,0.610906,0.606135,0.290297,0.7404,-1.2e-05,-0.000136,-0.000179,0.0,0.0,0.0,-0.668091,0.024575,0.054538,-0.026448,0.597422,-0.720449,0.35219,0.442684,0.662486,0.60427,-0.668667,-0.205095,0.714715,1e-06,-5e-06,-6e-06,-4e-06,-3e-06,-3e-06,-0.855604,0.048527,0.043696,-0.054754,0.368791,0.127426,-0.920736,0.512831,0.798261,0.315885,0.775239,-0.588678,0.229043,0.000331,0.00517,-0.004555,-0.033305,-0.18105,-0.083383,0.20736
523,0.094033,-0.019975,0.305461,-0.37018,-0.194907,-0.908308,-0.500657,-0.781747,0.371733,-0.782067,0.592598,0.192939,0.000314,0.001016,0.001218,-0.000353,-0.000868,-0.000529,0.317175,-0.194114,-0.005104,0.269418,-0.671809,0.685919,0.279608,-0.426857,-0.666873,0.610744,0.606223,0.290084,0.740412,1e-06,1.4e-05,1.8e-05,0.0,0.0,0.0,-0.668292,0.024569,0.054573,-0.026454,0.597415,-0.720308,0.352492,0.442614,0.662711,0.604075,-0.66872,-0.204866,0.714732,4e-06,3.2e-05,4.2e-05,-5e-06,-1.1e-05,1.8e-05,-0.856747,0.048414,0.043902,-0.054873,0.362293,0.133474,-0.922457,0.503925,0.804523,0.314325,0.784093,-0.578727,0.224212,0.000688,0.006325,-0.003169,0.040282,-0.020191,0.047889,0.212259
524,0.093987,-0.019759,0.30536,-0.371698,-0.195736,-0.90751,-0.499508,-0.781806,0.373153,-0.78208,0.592249,0.193957,0.001291,0.01239,-0.00665,0.03462,-0.018002,0.015779,0.326779,-0.194103,-0.00509,0.269419,-0.671797,0.685783,0.279969,-0.426655,-0.667084,0.610655,0.606378,0.28992,0.740348,9.7e-05,0.001066,0.001397,0.001614,-0.017319,0.022975,-0.666984,0.024575,0.054578,-0.026456,0.597393,-0.720144,0.352863,0.442423,0.662944,0.603958,-0.668866,-0.204686,0.714647,1e-06,1.2e-05,1.5e-05,-6e-06,5e-06,8e-06,-0.85642,0.048385,0.044012,-0.054922,0.363803,0.134203,-0.921757,0.502807,0.804718,0.315613,0.784111,-0.578287,0.225281,0.000738,0.006481,-0.002981,0.035276,-0.033346,0.045441,0.225159
525,0.093969,-0.019568,0.305327,-0.369586,-0.197979,-0.907885,-0.499726,-0.781375,0.373764,-0.782943,0.592075,0.190983,0.000211,0.000683,0.000818,-0.000341,-0.000844,-0.000516,0.325852,-0.194068,-0.005108,0.269427,-0.671773,0.685593,0.280489,-0.426313,-0.667358,0.610595,0.606645,0.289739,0.7402,0.0,0.0,0.0,0.0,0.0,0.0,-0.665812,0.024592,0.054572,-0.026448,0.597355,-0.719936,0.353352,0.442119,0.663227,0.60387,-0.669101,-0.204501,0.71448,0.0,0.0,-1e-06,-3e-06,-0.0,1e-05,-0.854951,0.048378,0.044115,-0.054937,0.361603,0.136475,-0.922288,0.503054,0.804313,0.316251,0.78497,-0.578319,0.222188,0.000124,0.000398,0.000478,0.004006,0.009267,0.005774,0.239528
526,0.093773,-0.019572,0.305354,-0.366552,-0.204778,-0.907607,-0.485631,-0.789957,0.374305,-0.79317,0.578215,0.191247,-0.00027,-0.000873,-0.001045,9e-06,-4e-06,-2e-06,0.318681,-0.194047,-0.005081,0.26941,-0.671764,0.685524,0.280678,-0.426248,-0.667485,0.6105,0.6067,0.289608,0.740206,-1e-05,-0.000107,-0.000141,0.0,0.0,0.0,-0.667543,0.024603,0.054585,-0.026456,0.597341,-0.719857,0.353537,0.442071,0.663354,0.603765,-0.669146,-0.204366,0.714477,-5e-06,-7.2e-05,-9.5e-05,-1.4e-05,1.6e-05,-2e-06,-0.85544,0.048281,0.044115,-0.05492,0.358605,0.143208,-0.922438,0.488921,0.81297,0.316285,0.795209,-0.564421,0.221517,-0.007636,0.000653,0.000153,-0.001304,0.016699,-0.0294,0.233813
527,0.093604,-0.01953,0.305343,-0.364502,-0.209342,-0.907392,-0.476022,-0.795592,0.37471,-0.79991,0.568778,0.191476,-0.014082,0.013358,-0.006752,0.033631,-0.00331,-0.013784,0.320232,-0.194028,-0.005061,0.269366,-0.671759,0.685491,0.280774,-0.426256,-0.667568,0.610404,0.606701,0.289498,0.740249,-5.7e-05,-0.000629,-0.000824,0.0,0.0,0.0,-0.666655,0.024613,0.054596,-0.026477,0.597333,-0.719818,0.35363,0.44209,0.663431,0.603667,-0.66914,-0.204254,0.714514,-3.5e-05,-0.000405,-0.000532,-6e-06,7e-06,6e-06,-0.85544,0.048201,0.044129,-0.054927,0.356557,0.147778,-0.922511,0.47932,0.818623,0.316397,0.801946,-0.554992,0.221053,-4.9e-05,-0.000164,-0.000196,-0.000731,0.00157,0.000162,0.231364
528,0.09334,-0.019465,0.305382,-0.356014,-0.220108,-0.908213,-0.468246,-0.799049,0.377144,-0.808284,0.559806,0.182542,-0.014623,0.003408,0.002817,-0.085169,-0.227916,-0.177227,0.333233,-0.194007,-0.005068,0.269339,-0.671732,0.685175,0.281609,-0.425765,-0.668047,0.610222,0.607076,0.289141,0.740081,-3e-06,-3.8e-05,-5e-05,0.0,0.0,0.0,-0.663807,0.024623,0.054591,-0.026493,0.597282,-0.719459,0.354446,0.441651,0.663937,0.603433,-0.669475,-0.203878,0.714308,0.0,0.0,-0.0,-1e-05,-1.6e-05,1.5e-05,-0.853971,0.048063,0.044165,-0.054912,0.348109,0.158345,-0.923983,0.471587,0.822259,0.318582,0.8102,-0.54664,0.211562,-0.007291,0.001766,0.001484,-0.099473,-0.254691,-0.197729,0.241651
529,0.093116,-0.019428,0.305408,-0.352481,-0.224299,-0.908567,-0.46411,-0.801161,0.377778,-0.812211,0.555109,0.179428,-0.015166,0.001665,0.000723,-0.018614,-0.13886,0.109665,0.342579,-0.194021,-0.00504,0.269292,-0.671735,0.685112,0.281754,-0.425751,-0.668173,0.610094,0.607083,0.288999,0.740131,-0.000539,0.011637,-0.00737,0.03629,-0.013951,0.01612,-0.664159,0.024616,0.054606,-0.026516,0.597281,-0.719389,0.354588,0.441655,0.664056,0.603298,-0.669473,-0.203733,0.71435,-0.000268,0.005825,-0.003677,0.036281,-0.013949,0.016113,-0.853318,0.047952,0.044187,-0.054894,0.344384,0.16294,-0.92458,0.46748,0.824289,0.31939,0.814163,-0.542216,0.207701,-0.007604,0.000762,0.000282,-0.006007,-0.110089,0.126316,0.256511
530,0.092827,-0.019445,0.305348,-0.339914,-0.226612,-0.912771,-0.458286,-0.807603,0.371109,-0.820838,0.544734,0.171802,-0.000574,-0.001834,-0.0022,-0.00389,-0.009677,-0.005917,0.340814,-0.194046,-0.005047,0.269267,-0.671728,0.684911,0.28226,-0.425453,-0.668473,0.609973,0.6073,0.288783,0.740037,-1.5e-05,-0.000168,-0.000221,-0.011143,0.119575,-0.158523,-0.66197,0.024604,0.054602,-0.026529,0.597268,-0.719223,0.354947,0.441466,0.664288,0.603182,-0.66961,-0.203564,0.71427,-9e-06,-0.000106,-0.000138,-1.1e-05,3e-06,-1.7e-05,-0.852828,0.047807,0.044178,-0.054924,0.331768,0.164916,-0.928833,0.46159,0.830304,0.312296,0.822717,-0.53235,0.199344,-0.007813,0.000107,-0.00051,0.007867,-0.071597,0.144355,0.260919
531,0.092686,-0.01948,0.305296,-0.332112,-0.225813,-0.915836,-0.46109,-0.808153,0.366411,-0.822469,0.544249,0.165421,-0.01576,-0.000201,-0.001527,-0.060046,-0.243212,0.046064,0.338321,-0.194046,-0.005061,0.269266,-0.671726,0.684898,0.282295,-0.425416,-0.668485,0.609986,0.607328,0.288786,0.740013,-5e-06,-5.1e-05,-6.8e-05,0.0,0.0,0.0,-0.659869,0.024603,0.054595,-0.02653,0.597257,-0.719148,0.355117,0.441353,0.664387,0.603155,-0.669694,-0.203507,0.714208,-0.0,-1e-05,-1.4e-05,-1.6e-05,5e-06,-2.3e-05,-0.851685,0.047743,0.044162,-0.054948,0.324467,0.163333,-0.931688,0.464237,0.830692,0.307301,0.824139,-0.532233,0.193707,-0.000408,-0.001318,-0.001579,-0.111646,-0.265718,-0.171229,0.25994
532,0.092487,-0.01957,0.305222,-0.327707,-0.223684,-0.917943,-0.462603,-0.809156,0.362267,-0.823391,0.543635,0.162835,-0.015669,0.000111,-0.001159,-0.000999,0.014676,-0.029577,0.330647,-0.194045,-0.005056,0.269273,-0.671719,0.684798,0.282553,-0.425258,-0.668632,0.609935,0.607446,0.288683,0.739956,5e-06,5.7e-05,7.5e-05,0.0,0.0,0.0,-0.65964,0.024604,0.054598,-0.026526,0.597244,-0.719035,0.355369,0.44121,0.664542,0.603088,-0.6698,-0.203398,0.71414,4e-06,4.6e-05,5.9e-05,-1e-05,7e-06,-2.2e-05,-0.849562,0.047643,0.044114,-0.054989,0.319668,0.16141,-0.933679,0.465818,0.831314,0.303198,0.825121,-0.531848,0.190557,-0.000444,-0.001417,-0.001697,0.002464,-0.08646,0.146278,0.250959
533,0.092201,-0.019644,0.30508,-0.319977,-0.230795,-0.918909,-0.449175,-0.817003,0.361552,-0.833804,0.528723,0.158902,-0.001298,-0.004119,-0.004957,0.344491,-0.563542,-0.114356,0.337738,-0.194022,-0.005082,0.269287,-0.67171,0.684806,0.282555,-0.425215,-0.668604,0.609996,0.607485,0.288729,0.739906,0.0,0.0,0.0,0.0,0.0,0.0,-0.660093,0.024616,0.054584,-0.026518,0.597235,-0.719041,0.355371,0.441162,0.664521,0.603147,-0.66984,-0.203444,0.714089,0.000256,-0.005951,0.003509,-0.036292,0.01394,-0.01613,-0.849725,0.047501,0.044081,-0.055055,0.313325,0.166297,-0.934971,0.453583,0.838776,0.301191,0.834319,-0.518458,0.187381,-0.000742,-0.00226,-0.002643,4.826991,-2.603482,-1.281015,0.251938
534,0.092061,-0.019702,0.304968,-0.31706,-0.229278,-0.920299,-0.45023,-0.817653,0.35876,-0.834353,0.528376,0.157166,-0.016729,-0.003197,-0.005162,-0.001086,-0.079672,0.112089,0.332819,-0.19401,-0.0051,0.269297,-0.671702,0.684754,0.282702,-0.425097,-0.668669,0.610007,0.607578,0.288703,0.73984,0.0,0.0,0.0,0.0,0.0,0.0,-0.66019,0.024622,0.054576,-0.026513,0.597222,-0.718981,0.355515,0.441048,0.664596,0.603148,-0.669926,-0.203414,0.714017,-1e-06,-1e-06,-2e-06,6e-06,-2.1e-05,0.0,-0.849725,0.047425,0.044052,-0.055111,0.30889,0.167012,-0.936319,0.453432,0.839523,0.299332,0.836053,-0.517018,0.183591,-0.008398,-0.001714,-0.002716,0.006825,-0.05676,0.119519,0.253081
535,0.091995,-0.019951,0.304668,-0.306679,-0.233299,-0.922802,-0.453531,-0.816553,0.357104,-0.836454,0.528323,0.145763,-0.00213,-0.006738,-0.008142,-0.190067,-0.477346,-0.325068,0.304749,-0.193974,-0.005079,0.269322,-0.671689,0.684712,0.282834,-0.425023,-0.668738,0.609983,0.607643,0.288644,0.739809,3e-05,0.000332,0.000435,0.0,0.0,0.0,-0.660377,0.024639,0.054586,-0.026501,0.597205,-0.718931,0.355643,0.440982,0.664669,0.603116,-0.669985,-0.203352,0.713979,0.007497,0.000214,-0.000254,0.002049,-0.015215,0.029249,-0.850052,0.047392,0.043928,-0.05526,0.299695,0.168536,-0.93903,0.456444,0.838982,0.296255,0.83776,-0.517401,0.174512,-0.001066,-0.003383,-0.004086,0.011685,-0.06296,0.15326,0.230221
536,0.091821,-0.020177,0.304322,-0.294662,-0.23516,-0.926239,-0.446821,-0.822871,0.351006,-0.844358,0.51758,0.13855,-0.002634,-0.008314,-0.01008,0.139186,-0.128055,0.09861,0.304219,-0.193974,-0.005065,0.269324,-0.672144,0.685313,0.280287,-0.425888,-0.667377,0.610869,0.606533,0.290355,0.740051,0.0,1e-06,1e-06,-0.045189,-0.179974,0.165626,-0.660978,0.024639,0.054594,-0.026499,0.597588,-0.719436,0.353976,0.441438,0.663751,0.603793,-0.669343,-0.204561,0.714236,-1.5e-05,-3.9e-05,-4.8e-05,-0.501329,-1.998146,1.8421,-0.849889,0.047306,0.043817,-0.055431,0.286574,0.17249,-0.942401,0.450055,0.844131,0.29136,0.845768,-0.507629,0.164276,-0.008155,0.003194,-0.007617,0.504695,-0.147894,-0.100604,0.207687
537,0.091608,-0.020269,0.304131,-0.288849,-0.240273,-0.926758,-0.437762,-0.827736,0.350983,-0.85109,0.507375,0.135065,-0.017465,-0.005376,-0.007873,-0.126727,-0.423263,-0.097928,0.309908,-0.193975,-0.00507,0.269317,-0.672143,0.685305,0.280308,-0.425876,-0.667389,0.610865,0.606542,0.290347,0.740046,-1e-05,-0.000109,-0.000144,-0.0,-0.0,0.0,-0.661524,0.024639,0.054591,-0.026503,0.597758,-0.719692,0.353168,0.441677,0.663298,0.604116,-0.669033,-0.205129,0.714363,-7e-06,-6.3e-05,-8.3e-05,0.000256,0.000992,-0.000981,-0.850378,0.047204,0.043768,-0.05553,0.281746,0.175878,-0.943231,0.440579,0.849576,0.290017,0.852355,-0.497279,0.161876,-0.008761,-0.002812,-0.004082,-0.223546,-0.684928,-0.259701,0.210952
538,0.091197,-0.020482,0.303746,-0.281869,-0.239758,-0.929038,-0.439768,-0.828298,0.347128,-0.852403,0.5067,0.129193,-0.017321,-0.004836,-0.007259,-0.024726,-0.143152,0.073189,0.310639,-0.193906,-0.005088,0.269323,-0.672123,0.68531,0.280346,-0.425836,-0.667381,0.610901,0.606593,0.290354,0.740002,0.000543,-0.011612,0.007403,-0.036291,0.01394,-0.016126,-0.660043,0.024673,0.054585,-0.026504,0.597734,-0.719695,0.353202,0.441656,0.663299,0.60413,-0.669068,-0.205116,0.714334,2e-05,0.000231,0.000302,1e-06,1.2e-05,-2.9e-05,-0.850052,0.046992,0.043657,-0.055729,0.273628,0.176989,-0.945411,0.442874,0.849344,0.287185,0.853808,-0.49728,0.15402,-0.008647,-0.002392,-0.003596,-0.016692,-0.121069,0.085542,0.216668
539,0.090841,-0.020561,0.303427,-0.280336,-0.239079,-0.929676,-0.439909,-0.828807,0.345733,-0.852838,0.506188,0.128331,-0.00156,-0.004865,-0.005949,-0.000312,0.015136,-0.024524,0.322453,-0.193859,-0.005113,0.269355,-0.672102,0.685243,0.280557,-0.425655,-0.66746,0.610942,0.606744,0.29033,0.739888,0.000518,-0.011892,0.007036,-0.036292,0.013935,-0.016129,-0.660994,0.024697,0.054574,-0.026486,0.597707,-0.719616,0.353408,0.441478,0.663394,0.604156,-0.669209,-0.205086,0.714211,-2e-06,-7e-06,-1e-05,-5e-06,-5e-06,1e-06,-0.850378,0.046813,0.043617,-0.055889,0.272217,0.176023,-0.945998,0.442977,0.849826,0.285597,0.854206,-0.4968,0.153363,-0.007692,0.004724,-0.005792,0.033759,-0.00169,-0.012801,0.221893
540,0.090388,-0.020633,0.30327,-0.281262,-0.239678,-0.929242,-0.439595,-0.828566,0.34671,-0.852694,0.5063,0.128843,-0.001278,-0.003966,-0.004859,-0.000304,0.015151,-0.024514,0.340837,-0.193758,-0.005173,0.269353,-0.672065,0.68519,0.280774,-0.425465,-0.667523,0.611004,0.606917,0.29031,0.739753,-1.2e-05,-0.000136,-0.000179,0.0,0.0,0.0,-0.659772,0.024748,0.054539,-0.026485,0.59766,-0.719543,0.353635,0.441266,0.663477,0.604219,-0.669391,-0.20507,0.714045,0.007474,-6.1e-05,-0.000619,0.002043,-0.015206,0.029242,-0.850052,0.046586,0.043581,-0.055968,0.273177,0.176639,-0.945607,0.442677,0.849645,0.286599,0.854055,-0.496891,0.153909,-0.000605,-0.001891,-0.00231,-0.000618,0.015286,-0.024447,0.248509
541,0.090248,-0.020661,0.303225,-0.281633,-0.239904,-0.929072,-0.439488,-0.828463,0.347091,-0.852626,0.506363,0.129047,-0.015585,0.000693,-0.00055,-0.000984,0.014715,-0.029553,0.335917,-0.193665,-0.005235,0.269383,-0.672027,0.685086,0.281123,-0.425163,-0.667647,0.611081,0.607172,0.290274,0.739559,0.000521,-0.0119,0.007025,-0.047469,0.133396,-0.174733,-0.657844,0.024794,0.054512,-0.026473,0.597619,-0.719484,0.353825,0.441073,0.66354,0.604291,-0.669555,-0.205074,0.71389,0.007482,2.5e-05,-0.000505,0.00205,-0.015213,0.029246,-0.849072,0.046522,0.043565,-0.055992,0.273531,0.176861,-0.945463,0.442584,0.849569,0.286966,0.85399,-0.496941,0.154108,-0.00038,-0.001186,-0.001448,-0.000574,0.015247,-0.024464,0.253081
