frame,MLTx,MLTy,MLTz,MLTR1,MLTR2,MLTR3,MLTR4,MLTR5,MLTR6,MLTR7,MLTR8,MLTR9,MLTTVx,MLTTVy,MLTTVz,MLTRVx,MLTRVy,MLTRVz,MLGA,MRTx,MRTy,MRTz,MRTR1,MRTR2,MRTR3,MRTR4,MRTR5,MRTR6,MRTR7,MRTR8,MRTR9,MRTTVx,MRTTVy,MRTTVz,MRTRVx,MRTRVy,MRTRVz,MRGA,SLTx,SLTy,SLTz,SLTR1,SLTR2,SLTR3,SLTR4,SLTR5,SLTR6,SLTR7,SLTR8,SLTR9,SLTTVx,SLTTVy,SLTTVz,SLTRVx,SLTRVy,SLTRVz,SLGA,SRTx,SRTy,SRTz,SRTR1,SRTR2,SRTR3,SRTR4,SRTR5,SRTR6,SRTR7,SRTR8,SRTR9,SRTTVx,SRTTVy,SRTTVz,SRTRVx,SRTRVy,SRTRVz,SRGA
1,0.066394,0.007893,0.378722,-0.34445,0.2638,-0.901005,-0.015049,-0.961111,-0.275703,-0.938271,-0.081742,0.336145,0.00012,0.000315,0.00023,-0.040333,-0.012342,0.015047,0.454626,-0.108121,0.033938,0.35638,-0.323894,0.561373,0.761541,-0.926275,-0.351999,-0.134329,0.193074,-0.749586,0.633014,0.000331,-0.001597,-0.001084,-4.208678,0.742379,-3.498366,-0.269783,0.035843,0.034745,-0.006629,0.45566,-0.641616,0.61701,0.886079,0.393176,-0.245511,-0.08507,0.65859,0.747678,0.005381,0.006391,-0.004147,0.04215,-0.020351,0.049501,-0.449174,0.070716,0.026574,-0.053892,-0.374923,0.281073,-0.883419,0.040966,-0.946976,-0.318681,-0.926149,-0.155671,0.343529,9.2e-05,0.00024,0.000178,-0.45368,-0.136878,0.168254,0.429435
2,0.066406,0.007897,0.378725,-0.344944,0.262771,-0.901116,-0.014728,-0.961384,-0.274766,-0.938094,-0.081842,0.336615,3e-06,8e-06,6e-06,-0.0,-0.0,0.0,0.453897,-0.107846,0.03398,0.356323,-0.336619,0.553967,0.761446,-0.917912,-0.373388,-0.133991,0.210524,-0.744715,0.6332,0.000381,-0.00183,-0.001243,-0.002974,0.014739,-0.025538,-0.259744,0.035985,0.034766,-0.006659,0.471297,-0.631834,0.615356,0.87552,0.419407,-0.239917,-0.106497,0.651829,0.750849,0.005368,0.006447,-0.00411,0.025609,0.082314,-0.124152,-0.43758,0.070723,0.026578,-0.05389,-0.375369,0.279938,-0.88359,0.041218,-0.947315,-0.317637,-0.925958,-0.155651,0.344055,-2e-06,-8e-06,-4e-06,0.000139,6e-05,-5.5e-05,0.428292
3,0.066423,0.007885,0.378717,-0.34551,0.261592,-0.901243,-0.014359,-0.961696,-0.273693,-0.937891,-0.081956,0.337153,-2.4e-05,-6.2e-05,-4.5e-05,0.0,0.0,0.0,0.453329,-0.107528,0.034162,0.356211,-0.352065,0.544488,0.761298,-0.906928,-0.399474,-0.133552,0.231856,-0.73812,0.63347,0.012666,0.001534,-0.00021,-0.001023,-0.014667,0.026693,-0.251991,0.03614,0.034855,-0.006715,0.486371,-0.621849,0.613796,0.864417,0.444859,-0.234267,-0.127374,0.644517,0.753904,0.005435,0.006129,-0.004323,0.033031,-0.016816,0.040503,-0.429252,0.070731,0.026571,-0.053894,-0.375864,0.27873,-0.883762,0.041628,-0.94765,-0.316583,-0.925739,-0.155782,0.344584,-1.2e-05,-3.6e-05,-2.6e-05,8.6e-05,4.3e-05,-4.1e-05,0.427639
4,0.066426,0.007892,0.378722,-0.346142,0.260273,-0.901382,-0.013945,-0.962043,-0.272492,-0.937663,-0.082083,0.337754,0.000229,0.000603,0.000441,0.0,0.0,0.0,0.452894,-0.107235,0.034446,0.355959,-0.367203,0.534528,0.761205,-0.895328,-0.424885,-0.133392,0.252596,-0.731156,0.633616,-0.001413,0.008822,-0.009708,0.033031,-0.004696,0.018438,-0.239927,0.036292,0.034996,-0.006837,0.501112,-0.61144,0.612394,0.852686,0.46964,-0.228831,-0.147688,0.636851,0.756709,0.005601,0.00532,-0.004873,0.033033,-0.016979,0.040466,-0.419291,0.070732,0.026573,-0.053893,-0.376415,0.277379,-0.883952,0.042085,-0.948023,-0.315405,-0.925494,-0.155925,0.345176,0.000155,0.000404,0.000296,-0.005897,0.088523,-0.178044,0.426986
5,0.066416,0.007894,0.378724,-0.346409,0.259715,-0.90144,-0.01377,-0.962189,-0.271984,-0.937567,-0.082136,0.338009,3e-06,7e-06,5e-06,0.0,0.0,0.0,0.452319,-0.107107,0.034622,0.355769,-0.376161,0.528325,0.761162,-0.888047,-0.439906,-0.133375,0.264858,-0.726756,0.633671,-0.001117,0.007411,-0.010664,0.023808,0.011183,-0.012265,-0.229268,0.036355,0.035086,-0.00693,0.509817,-0.604991,0.611613,0.845332,0.484262,-0.225617,-0.159686,0.63204,0.758304,0.005592,0.005373,-0.004835,0.009339,-0.012666,0.020178,-0.411943,0.070727,0.026576,-0.053891,-0.376648,0.276808,-0.884032,0.042279,-0.94818,-0.314907,-0.92539,-0.155985,0.345427,-0.0,-1e-06,-1e-06,3.4e-05,2.2e-05,-3.6e-05,0.426986
6,0.066419,0.007901,0.378729,-0.345375,0.260712,-0.901549,-0.019138,-0.962367,-0.271027,-0.937855,-0.076684,0.338488,3e-06,9e-06,6e-06,-0.0,-0.0,0.0,0.448982,-0.106938,0.035034,0.355261,-0.386533,0.521936,0.760372,-0.878506,-0.459301,-0.13116,0.281279,-0.719319,0.635079,0.011907,0.007223,-0.012046,0.035152,-0.005629,0.024739,-0.223193,0.036434,0.035294,-0.007183,0.519816,-0.598179,0.609894,0.836054,0.502895,-0.219339,-0.175509,0.623921,0.761523,-0.001252,0.008097,-0.010196,0.072828,0.006691,0.013037,-0.399207,0.070729,0.02658,-0.053888,-0.375676,0.277882,-0.884108,0.036934,-0.94874,-0.31389,-0.926014,-0.150574,0.346156,-1e-06,-4e-06,-1e-06,0.000173,4.3e-05,-8.2e-05,0.423883
7,0.066419,0.007901,0.378729,-0.345958,0.25951,-0.901673,-0.018761,-0.962683,-0.26993,-0.937647,-0.076799,0.339038,0.0,0.0,0.0,0.0,0.0,0.0,0.448196,-0.106889,0.035498,0.354541,-0.393439,0.516521,0.760528,-0.869421,-0.477919,-0.125037,0.299391,-0.711036,0.636125,-0.000332,0.003699,-0.013188,0.021377,0.038055,0.04494,-0.222228,0.036464,0.035525,-0.007544,0.526377,-0.59251,0.609801,0.827992,0.520242,-0.209229,-0.193274,0.615045,0.764437,0.005318,0.007728,-0.011071,0.063677,0.018062,0.052917,-0.396104,0.070729,0.026579,-0.053889,-0.376186,0.276649,-0.884278,0.037354,-0.949079,-0.312813,-0.92579,-0.150707,0.346696,-1e-06,-4e-06,-2e-06,-0.005843,0.088557,-0.178061,0.421434
8,0.066416,0.007894,0.378724,-0.346226,0.258956,-0.901729,-0.018586,-0.962828,-0.269425,-0.937551,-0.076852,0.339291,-1.7e-05,-4.5e-05,-3.3e-05,0.0,0.0,0.0,0.448285,-0.106898,0.035769,0.354075,-0.393765,0.513717,0.762257,-0.867754,-0.481269,-0.123764,0.303776,-0.710804,0.634304,0.010724,0.014923,-0.022493,0.002047,0.245148,0.20579,-0.222071,0.036455,0.035654,-0.007763,0.527987,-0.590316,0.610537,0.826116,0.523666,-0.208097,-0.196875,0.614247,0.764159,-0.000836,0.006142,-0.01152,-0.073197,0.514569,0.321377,-0.395451,0.070727,0.026576,-0.053891,-0.376421,0.276081,-0.884356,0.037547,-0.949235,-0.312317,-0.925687,-0.150768,0.346946,-1e-05,-2.8e-05,-2.1e-05,8.7e-05,3.6e-05,-4.1e-05,0.421271
9,0.066427,0.007883,0.378741,-0.346945,0.257503,-0.901869,-0.018177,-0.96321,-0.268083,-0.937293,-0.076945,0.339983,-0.0011,-0.010111,0.009322,-0.040197,0.107563,-0.193395,0.448056,-0.106952,0.036197,0.353142,-0.386911,0.508849,0.769001,-0.868134,-0.482123,-0.117617,0.3114,-0.713717,0.627297,-0.001116,0.00953,-0.024922,-0.00181,0.221536,0.35337,-0.220914,0.036432,0.035871,-0.008228,0.522046,-0.586317,0.619434,0.827644,0.523716,-0.201805,-0.206086,0.618023,0.758666,-0.0006,0.005041,-0.012271,-0.077697,0.527358,0.337628,-0.394634,0.070733,0.026574,-0.053886,-0.376981,0.274741,-0.884534,0.037978,-0.949605,-0.311138,-0.925441,-0.150886,0.347549,2.8e-05,7.3e-05,5.3e-05,4.9e-05,2.5e-05,-3.5e-05,0.421107
10,0.066416,0.007878,0.37875,-0.347616,0.256131,-0.902001,-0.017768,-0.963567,-0.266824,-0.937052,-0.077052,0.340624,0.0,0.0,0.0,-0.005974,0.08847,-0.178032,0.448382,-0.106987,0.036581,0.352154,-0.380275,0.503573,0.775756,-0.868271,-0.483266,-0.111771,0.319099,-0.716676,0.620012,-0.000824,0.00816,-0.025877,0.048782,0.087874,0.036026,-0.217344,0.036415,0.036066,-0.008732,0.515531,-0.581933,0.628951,0.829248,0.523697,-0.19516,-0.21581,0.622168,0.75255,0.005773,0.005618,-0.012516,0.073635,0.000972,0.060395,-0.392022,0.070727,0.026568,-0.053878,-0.37758,0.273323,-0.884718,0.038411,-0.949998,-0.309883,-0.925179,-0.150989,0.348201,-2e-06,-3e-06,-0.0,1.5e-05,3.5e-05,-1.8e-05,0.421271
11,0.066405,0.007865,0.378765,-0.34817,0.255014,-0.902104,-0.017463,-0.963858,-0.26579,-0.936851,-0.077111,0.341162,0.0,0.0,0.0,0.0,0.0,0.0,0.448217,-0.106978,0.0369,0.35113,-0.373196,0.500873,0.780924,-0.870546,-0.480021,-0.107999,0.321244,-0.720737,0.614168,-0.000595,0.007084,-0.026644,0.0356,0.13455,0.065906,-0.217428,0.036419,0.036228,-0.009255,0.50969,-0.58028,0.635208,0.832117,0.520091,-0.192574,-0.21862,0.626721,0.747947,-0.00027,0.00349,-0.013356,0.043245,0.113079,0.054591,-0.390389,0.070722,0.026561,-0.05387,-0.378121,0.272041,-0.884882,0.038797,-0.950352,-0.308747,-0.924942,-0.151075,0.348793,-1e-06,-1e-06,-0.0,6e-06,6e-06,-2.9e-05,0.420781
12,0.066404,0.007858,0.378772,-0.348506,0.254333,-0.902166,-0.017272,-0.964035,-0.265161,-0.936729,-0.077152,0.341487,0.0,0.0,0.0,0.0,0.0,0.0,0.448284,-0.106959,0.037025,0.350656,-0.370746,0.499999,0.782649,-0.871431,-0.478668,-0.106856,0.321677,-0.722243,0.61217,0.011623,0.010775,-0.025384,0.061586,0.026588,0.070415,-0.217213,0.036425,0.036283,-0.009484,0.507457,-0.579652,0.637565,0.833232,0.518641,-0.191663,-0.21957,0.628501,0.746173,0.000607,-0.001705,-0.009083,0.034813,0.023697,-0.024677,-0.390389,0.070721,0.026558,-0.053867,-0.378415,0.271343,-0.884971,0.03901,-0.950544,-0.308129,-0.924813,-0.151123,0.349115,-1e-06,-0.0,2e-06,-0.005961,0.088491,-0.178065,0.420944
13,0.066387,0.007869,0.37878,-0.347593,0.255166,-0.902283,-0.022593,-0.964233,-0.26404,-0.936956,-0.071719,0.342048,0.000229,0.000603,0.000441,-0.0,-0.0,0.0,0.448681,-0.106898,0.037203,0.349754,-0.366098,0.497926,0.786151,-0.872977,-0.476323,-0.104696,0.3228,-0.725219,0.608046,0.000918,-0.002154,-0.017329,0.023743,0.045943,0.01961,-0.215961,0.03646,0.036372,-0.009929,0.503487,-0.578269,0.641954,0.835164,0.516093,-0.190128,-0.221363,0.631864,0.742795,0.000447,-0.000951,-0.008576,0.031772,0.024847,0.009198,-0.390062,0.070712,0.026562,-0.053864,-0.377554,0.272247,-0.885061,0.033713,-0.951128,-0.30695,-0.925373,-0.145728,0.349924,0.000154,0.000402,0.000297,-0.005783,0.088489,-0.178128,0.420944
14,0.066373,0.007888,0.378793,-0.348183,0.253958,-0.902397,-0.02221,-0.964543,-0.262937,-0.936746,-0.071831,0.3426,0.000448,0.001178,0.000862,0.0,0.0,0.0,0.44833,-0.106784,0.037339,0.348994,-0.365698,0.497992,0.786295,-0.87372,-0.474779,-0.105515,0.321239,-0.726187,0.607718,0.000458,2e-05,-0.015832,0.034,0.009538,-0.003666,-0.216589,0.036517,0.03644,-0.010327,0.503353,-0.578476,0.641872,0.835721,0.51467,-0.19153,-0.219557,0.632834,0.742506,0.000221,0.000114,-0.007844,0.034343,0.008198,-0.004567,-0.389409,0.070705,0.026571,-0.053858,-0.378069,0.271008,-0.885221,0.034138,-0.951461,-0.305867,-0.925146,-0.145859,0.350467,0.000251,0.000665,0.000487,9.4e-05,5e-05,-7.9e-05,0.420944
15,0.066375,0.007895,0.378798,-0.348434,0.253444,-0.902445,-0.022048,-0.964675,-0.262467,-0.936656,-0.071879,0.342836,0.000146,0.000385,0.000281,0.0,0.0,0.0,0.448239,-0.106712,0.037421,0.348664,-0.363217,0.497214,0.787936,-0.874493,-0.473673,-0.104068,0.321945,-0.727442,0.605841,0.00014,0.001512,-0.014791,0.026645,0.03553,0.013054,-0.216857,0.036554,0.036479,-0.010488,0.500995,-0.577898,0.644233,0.836798,0.513413,-0.190197,-0.220843,0.634381,0.740802,0.006309,0.002098,-0.007112,0.037437,-0.004354,0.028888,-0.389736,0.070707,0.026576,-0.053854,-0.378289,0.27048,-0.885289,0.034318,-0.951603,-0.305405,-0.92505,-0.145913,0.350698,0.000107,0.000283,0.000208,9e-05,3.3e-05,-2.7e-05,0.420618
16,0.066378,0.007902,0.378803,-0.348945,0.252394,-0.902541,-0.021715,-0.964943,-0.261508,-0.936473,-0.071975,0.343315,4e-06,1e-05,8e-06,0.0,0.0,0.0,0.448497,-0.106588,0.037626,0.348103,-0.360574,0.496464,0.789621,-0.875538,-0.471994,-0.102902,0.322071,-0.729044,0.603844,-0.000467,0.004356,-0.012793,0.031986,0.016636,0.000914,-0.216725,0.036616,0.036579,-0.010764,0.498714,-0.577466,0.646387,0.838034,0.511662,-0.189471,-0.221318,0.636186,0.73911,-0.000185,0.001997,-0.006527,0.040026,-0.006558,-0.011958,-0.390062,0.070708,0.02658,-0.053851,-0.378736,0.269404,-0.885426,0.034686,-0.951891,-0.304464,-0.924854,-0.146023,0.351171,-4e-06,-9e-06,-6e-06,-0.00591,0.088497,-0.178068,0.420781
17,0.066387,0.007891,0.378808,-0.349403,0.251468,-0.902622,-0.021445,-0.96518,-0.260654,-0.936308,-0.072037,0.343752,0.0,0.0,0.0,0.0,0.0,0.0,0.447608,-0.10653,0.037803,0.347613,-0.35598,0.494462,0.792955,-0.87675,-0.470328,-0.100171,0.323874,-0.731477,0.599925,-0.000664,0.005277,-0.012146,0.021875,0.044701,0.053329,-0.21651,0.036645,0.036669,-0.011008,0.4947,-0.576019,0.650748,0.83973,0.509721,-0.187179,-0.223882,0.639051,0.73586,-0.000283,0.002456,-0.006202,0.024347,0.049889,0.025038,-0.389899,0.070712,0.026575,-0.053849,-0.379137,0.268455,-0.885542,0.034986,-0.952148,-0.303625,-0.924678,-0.146097,0.351602,-1e-06,-6e-06,-4e-06,2.4e-05,2.4e-05,-2.2e-05,0.420454
18,0.066392,0.007889,0.378844,-0.349871,0.250555,-0.902695,-0.021226,-0.965416,-0.259795,-0.936138,-0.072054,0.344212,0.000401,0.001055,0.000772,0.0,0.0,0.0,0.446649,-0.106574,0.038112,0.347118,-0.34918,0.491408,0.797862,-0.878358,-0.468215,-0.095888,0.326898,-0.734881,0.594096,-0.000998,0.006831,-0.011042,-0.010957,0.15982,0.128265,-0.215365,0.036622,0.036827,-0.011265,0.488896,-0.573866,0.657006,0.842069,0.507144,-0.183638,-0.227813,0.643026,0.731176,-0.000501,0.003464,-0.005487,-0.007305,0.150154,0.123097,-0.389246,0.070714,0.026571,-0.053832,-0.379548,0.267517,-0.88565,0.035234,-0.952408,-0.302781,-0.9245,-0.146125,0.352059,0.000264,0.000697,0.000511,1.9e-05,9e-06,-4e-06,0.419964
19,0.066393,0.007864,0.378889,-0.35018,0.249998,-0.90273,-0.021168,-0.965565,-0.259246,-0.936023,-0.071992,0.344536,-0.000824,-0.009383,0.009855,-0.034226,0.019085,-0.015366,0.445117,-0.10664,0.038347,0.346823,-0.344554,0.489471,0.801056,-0.879446,-0.466769,-0.092917,0.32887,-0.737089,0.59026,-0.002958,0.018146,-0.018892,-0.076294,0.509499,0.380724,-0.214592,0.03659,0.036939,-0.011405,0.486545,-0.573172,0.659353,0.843126,0.505813,-0.182453,-0.228932,0.64469,0.729358,-0.000448,0.003224,-0.005654,0.038259,0.004991,-0.002578,-0.388919,0.070715,0.026564,-0.053813,-0.379809,0.266956,-0.885707,0.035329,-0.95257,-0.302259,-0.924389,-0.146092,0.352363,0.000204,0.000538,0.000394,-0.005969,0.088445,-0.17808,0.418495
20,0.066395,0.007779,0.379102,-0.350767,0.249137,-0.90274,-0.021419,-0.965818,-0.258282,-0.935797,-0.071579,0.345237,0.000137,-0.006856,0.011703,-0.033357,0.006277,0.010436,0.436193,-0.10682,0.038837,0.346122,-0.333285,0.484148,0.80902,-0.881839,-0.463628,-0.085689,0.334026,-0.742566,0.580419,-0.000512,0.004563,-0.012646,-0.066624,0.361338,0.226727,-0.213584,0.036498,0.037195,-0.011759,0.475206,-0.56863,0.671445,0.847283,0.501504,-0.174941,-0.237256,0.652037,0.720108,-0.000239,0.002251,-0.006342,-0.072653,0.380812,0.238599,-0.387286,0.070715,0.026515,-0.053705,-0.380355,0.266049,-0.885746,0.035091,-0.952887,-0.301285,-0.924174,-0.145677,0.353099,8.6e-05,-0.003373,0.005893,-0.033351,0.006276,0.010436,0.412616
21,0.066424,0.007627,0.37953,-0.351434,0.248449,-0.90267,-0.022225,-0.966061,-0.257302,-0.935527,-0.070679,0.346151,0.00116,-0.004162,0.013667,-0.033355,0.006282,0.010439,0.433708,-0.107123,0.039417,0.345353,-0.308295,0.481552,0.820398,-0.890611,-0.449129,-0.070913,0.334712,-0.753096,0.566284,-0.002614,0.016559,-0.01998,-0.027946,0.470654,0.352032,-0.214839,0.036348,0.037477,-0.012138,0.4528,-0.568391,0.686952,0.858584,0.485718,-0.164042,-0.240425,0.664084,0.707945,-0.007609,0.007373,-0.009966,0.01306,0.609817,0.500449,-0.38745,0.070729,0.026438,-0.053497,-0.380971,0.265311,-0.885703,0.034343,-0.953223,-0.300309,-0.923948,-0.144827,0.354038,0.000507,-0.002257,0.006706,-0.03336,0.006283,0.010416,0.404452
22,0.066451,0.007557,0.379804,-0.351804,0.248099,-0.902622,-0.022734,-0.966191,-0.25677,-0.935375,-0.070129,0.346673,0.001545,-0.003147,0.014404,-0.033354,0.006286,0.01044,0.434295,-0.107307,0.039731,0.344948,-0.280261,0.488879,0.826101,-0.905409,-0.420453,-0.058208,0.31924,-0.76486,0.559409,-0.015117,0.014185,-0.020322,-0.112955,0.77058,0.546634,-0.215212,0.036261,0.037629,-0.012332,0.42767,-0.577986,0.695003,0.875354,0.456621,-0.158909,-0.225506,0.676334,0.701226,-0.007482,0.006805,-0.010364,0.392796,0.364764,0.523369,-0.38745,0.070742,0.026404,-0.05336,-0.381317,0.264937,-0.885666,0.033853,-0.953408,-0.299776,-0.923823,-0.144292,0.354582,0.000735,-0.001653,0.007144,-0.039484,0.094308,-0.167844,0.403472
23,0.066526,0.007496,0.380361,-0.354747,0.248932,-0.90124,-0.024277,-0.966006,-0.257324,-0.934221,-0.069723,0.349852,0.002155,-0.001536,0.015562,-0.039557,0.094238,-0.16784,0.438798,-0.107668,0.040264,0.344166,-0.23703,0.489903,0.838929,-0.926865,-0.372707,-0.044091,0.291382,-0.788614,0.541338,-0.014914,0.013271,-0.020958,-0.107523,0.632575,0.396416,-0.218,0.03608,0.037902,-0.01273,0.386173,-0.581684,0.7159,0.899983,0.407754,-0.154162,-0.202238,0.703831,0.68097,-0.007499,0.006905,-0.010283,-0.182969,0.852693,0.545322,-0.388593,0.07078,0.026373,-0.053081,-0.384273,0.265671,-0.884167,0.032239,-0.953254,-0.300442,-0.922655,-0.143957,0.357745,0.001097,-0.000698,0.007832,-0.032858,0.001458,0.007788,0.405268
24,0.066636,0.007549,0.380887,-0.355103,0.248818,-0.901131,-0.025169,-0.966097,-0.256897,-0.934062,-0.068861,0.350447,0.002834,0.000265,0.016847,-0.032442,-0.0064,0.036302,0.444957,-0.108081,0.040848,0.343485,-0.167344,0.500861,0.849191,-0.955206,-0.295506,-0.013807,0.244247,-0.814067,0.526785,-0.015573,0.016445,-0.018665,4.474056,0.427243,3.492868,-0.22182,0.035874,0.03819,-0.013074,0.322242,-0.595002,0.736296,0.932423,0.333862,-0.138283,-0.163544,0.7311,0.662378,-0.007902,0.008843,-0.008884,-0.579562,0.30005,1.188349,-0.392675,0.070835,0.026399,-0.052819,-0.384641,0.265358,-0.884101,0.031427,-0.953467,-0.299851,-0.92253,-0.14312,0.358403,0.001732,0.004595,0.003324,0.000854,-0.012801,0.025794,0.410657
25,0.066704,0.007624,0.381116,-0.355353,0.248524,-0.901114,-0.025408,-0.966193,-0.256512,-0.93396,-0.068574,0.350775,0.003452,0.009115,0.006582,0.000911,-0.012686,0.025861,0.447883,-0.108289,0.041175,0.343152,-0.145385,0.50191,0.852608,-0.959551,-0.281408,0.002172,0.241215,-0.818409,0.521425,-0.015804,0.017584,-0.017836,-0.052032,0.32823,0.493361,-0.221639,0.035772,0.038345,-0.013234,0.298008,-0.59816,0.743904,0.941525,0.312553,-0.125858,-0.157227,0.737912,0.656326,-0.007807,0.008417,-0.009183,-0.227934,0.516522,0.610436,-0.393491,0.070869,0.026437,-0.052704,-0.384814,0.265186,-0.884077,0.031153,-0.953559,-0.299588,-0.922467,-0.142827,0.358682,0.001728,0.004584,0.00331,0.000862,-0.012712,0.025849,0.414086
26,0.066825,0.00781,0.3815,-0.355857,0.247801,-0.901114,-0.025651,-0.966406,-0.255684,-0.933761,-0.068189,0.351379,0.003005,0.007944,0.005717,0.000915,-0.012673,0.025867,0.457155,-0.108564,0.041902,0.342522,-0.114521,0.496941,0.860189,-0.965899,-0.257972,0.020572,0.232282,-0.829098,0.508433,-0.016216,0.019617,-0.016351,-0.022977,0.26188,0.425578,-0.225936,0.035633,0.038714,-0.013557,0.268779,-0.595195,0.757297,0.951324,0.287128,-0.111976,-0.150794,0.750532,0.643398,-0.001876,0.011073,-0.007936,-0.062391,0.429577,0.33855,-0.394798,0.070933,0.026536,-0.052501,-0.385324,0.264323,-0.884114,0.03095,-0.953856,-0.298662,-0.922261,-0.142446,0.359363,0.001466,0.003891,0.002796,0.000875,-0.012672,0.025868,0.422577
27,0.066961,0.008026,0.381792,-0.356263,0.247134,-0.901137,-0.025697,-0.96659,-0.254983,-0.933605,-0.068,0.351832,0.001741,-0.002599,0.014732,-0.03335,0.006298,0.010446,0.460121,-0.108754,0.042684,0.341923,-0.095733,0.483178,0.870267,-0.970353,-0.240076,0.026681,0.221953,-0.842493,0.490719,-0.003811,0.022313,-0.015728,-0.036423,0.343091,0.282422,-0.22884,0.035534,0.039105,-0.013856,0.251906,-0.583509,0.772049,0.957003,0.268768,-0.109121,-0.143829,0.766342,0.626124,-0.001904,0.011208,-0.007824,-0.053545,0.310546,0.508016,-0.39937,0.071,0.026644,-0.052361,-0.385683,0.263626,-0.884165,0.030952,-0.954072,-0.297972,-0.922111,-0.142289,0.35981,0.001346,0.003576,0.002563,0.000897,-0.01268,0.025881,0.430578
28,0.067023,0.008226,0.381985,-0.356741,0.246208,-0.901201,-0.025493,-0.966827,-0.254104,-0.933427,-0.067989,0.352305,0.002176,0.005763,0.004125,-0.00542,0.07473,-0.152678,0.458616,-0.10898,0.043332,0.341448,-0.068233,0.473286,0.878258,-0.974936,-0.218328,0.042042,0.211743,-0.853944,0.475193,-0.003771,0.022133,-0.015832,0.349856,0.521498,0.627674,-0.227912,0.03542,0.039432,-0.014092,0.226902,-0.576046,0.785293,0.964267,0.246104,-0.098087,-0.136761,0.779488,0.611304,-0.007128,0.004214,-0.004245,1.293348,0.814354,1.251695,-0.40035,0.071031,0.026743,-0.052259,-0.386108,0.262683,-0.88426,0.031157,-0.954336,-0.297105,-0.921926,-0.142266,0.360292,0.00105,0.002792,0.001998,-0.005438,0.074734,-0.15268,0.432048
29,0.067015,0.008302,0.382076,-0.356962,0.245799,-0.901225,-0.025432,-0.966933,-0.253706,-0.933344,-0.067957,0.352531,0.001587,0.004202,0.003005,-0.0,0.0,0.0,0.455177,-0.109015,0.04355,0.341248,-0.054136,0.467322,0.882424,-0.977408,-0.205452,0.048972,0.204261,-0.860397,0.466753,-0.001377,0.008642,-0.009651,-0.152767,0.612564,0.409708,-0.227477,0.035401,0.03955,-0.014191,0.213816,-0.57155,0.79222,0.968158,0.232071,-0.093872,-0.130199,0.787066,0.602971,-0.000792,0.004861,-0.004438,-0.156199,0.619489,0.459182,-0.400023,0.071027,0.026784,-0.052219,-0.386298,0.262256,-0.884304,0.031257,-0.954454,-0.296714,-0.921843,-0.142261,0.360507,0.00077,0.00205,0.001466,-2.3e-05,-6e-06,-1e-06,0.430905
30,0.066876,0.00844,0.382307,-0.357676,0.244501,-0.901295,-0.025272,-0.967271,-0.252429,-0.933074,-0.067822,0.35327,0.000463,-0.005977,0.012296,-0.034264,0.018973,-0.01542,0.445262,-0.108989,0.043809,0.340963,-0.021016,0.454778,0.890353,-0.983621,-0.168661,0.063061,0.178885,-0.874989,0.44973,-0.001736,0.010351,-0.008419,-0.106401,0.490004,0.366337,-0.228392,0.035415,0.039673,-0.014338,0.182164,-0.560996,0.807526,0.977248,0.194033,-0.085655,-0.108635,0.804757,0.583578,-0.000828,0.005017,-0.004327,-0.094485,0.817538,0.647386,-0.40035,0.070958,0.026853,-0.052103,-0.386922,0.26094,-0.884421,0.031451,-0.954832,-0.295473,-0.921575,-0.142141,0.361239,-0.00556,0.004109,0.002787,-9e-05,0.002064,-0.003683,0.42225
31,0.066465,0.008607,0.382714,-0.35769,0.244008,-0.901423,-0.030722,-0.967785,-0.24984,-0.932905,-0.061983,0.354785,-0.010186,0.010627,0.007274,-0.012163,-0.001279,0.001095,0.443387,-0.108895,0.043986,0.34091,0.014594,0.442605,0.896593,-0.986842,-0.137791,0.084211,0.160808,-0.886554,0.43362,0.012116,0.003884,0.001451,-0.100295,0.750921,0.611574,-0.229002,0.035457,0.039763,-0.014369,0.148723,-0.55164,0.820715,0.984445,0.161088,-0.070118,-0.093527,0.818378,0.567017,-0.00021,0.001026,0.000734,0.370847,0.322511,0.401799,-0.401329,0.070754,0.026924,-0.051902,-0.386919,0.260451,-0.884566,0.026057,-0.95581,-0.292825,-0.921744,-0.136349,0.363035,-0.005695,0.000138,0.008234,-0.074976,0.009612,-0.0034,0.416209
32,0.066144,0.008731,0.383017,-0.358582,0.242478,-0.901481,-0.03065,-0.968187,-0.248288,-0.932564,-0.06171,0.355728,-0.022489,0.015626,0.010523,-0.001037,0.016802,-0.033217,0.445541,-0.108768,0.044079,0.340938,0.028056,0.438868,0.898108,-0.987765,-0.12545,0.092287,0.153147,-0.890234,0.428827,0.011833,0.00521,0.002401,1.411116,0.383959,0.944183,-0.228802,0.035521,0.039808,-0.014356,0.134634,-0.546964,0.826258,0.986859,0.149195,-0.06204,-0.08934,0.823754,0.559863,-0.000245,0.000919,0.000692,4.8838,0.774758,2.54476,-0.401166,0.070602,0.026983,-0.051759,-0.387686,0.258913,-0.884682,0.026179,-0.956262,-0.291334,-0.921419,-0.136107,0.363951,-0.011784,0.002818,0.00999,-0.03515,0.035819,-0.048726,0.415392
33,0.065405,0.009035,0.383722,-0.358927,0.241663,-0.901563,-0.036395,-0.968763,-0.245245,-0.932225,-0.055521,0.357632,-0.022495,0.008317,0.021826,-0.034321,0.023289,-0.02268,0.45122,-0.108373,0.044226,0.341011,0.055019,0.427005,0.902569,-0.988958,-0.100961,0.108178,0.13726,-0.899065,0.415578,-0.000534,0.002516,0.001805,-0.067385,0.213786,0.185476,-0.229953,0.035723,0.039886,-0.014317,0.107921,-0.536692,0.836847,0.991361,0.121201,-0.050118,-0.074529,0.835027,0.545135,-0.000258,0.001236,0.000878,-0.048211,0.157706,0.147176,-0.401493,0.070228,0.027137,-0.051404,-0.387986,0.258068,-0.884797,0.020526,-0.957341,-0.288228,-0.921436,-0.12999,0.366138,-0.004987,0.001972,0.009523,-0.034031,0.021191,-0.019196,0.420944
34,0.064483,0.009371,0.384606,-0.358387,0.237615,-0.902853,-0.036273,-0.969855,-0.240908,-0.932438,-0.053892,0.357326,-0.022129,0.009147,0.022365,-0.036385,-0.053196,-0.091726,0.449543,-0.107981,0.044391,0.341073,0.101503,0.415994,0.90368,-0.988766,-0.057584,0.137695,0.109204,-0.908001,0.404316,0.011877,0.004936,0.002199,-0.066096,0.529449,0.572316,-0.23025,0.035914,0.039967,-0.014287,0.063329,-0.528563,0.846527,0.996806,0.07484,-0.027842,-0.048638,0.845588,0.531615,0.006074,0.001847,0.000642,0.139496,0.607576,1.148061,-0.401983,0.069768,0.027308,-0.050961,-0.387086,0.254068,-0.886348,0.02087,-0.958626,-0.2839,-0.921807,-0.128392,0.365768,-0.010943,0.004922,0.011443,-0.036643,-0.074461,-0.069483,0.421924
35,0.063398,0.009691,0.38567,-0.357996,0.233533,-0.904073,-0.036532,-0.970954,-0.236402,-0.932579,-0.051901,0.357254,-0.034305,0.014241,0.025603,-0.039908,-0.240147,-0.186299,0.449511,-0.10767,0.044526,0.341122,0.154353,0.402639,0.902246,-0.984102,-0.017975,0.176505,0.087105,-0.915627,0.392305,0.012042,0.004142,0.001627,0.06456,0.138873,1.491368,-0.229106,0.036069,0.040036,-0.014261,0.011662,-0.516328,0.85631,0.9995,0.03117,0.005182,-0.029367,0.855823,0.516433,-0.000212,0.000922,0.000687,0.635552,-0.560965,3.569347,-0.401656,0.06923,0.027466,-0.05043,-0.387496,0.250464,-0.887194,0.020542,-0.959799,-0.279933,-0.921642,-0.126698,0.366773,-0.010861,0.005069,0.011522,-0.03073,-0.419259,-0.274945,0.420617
36,0.06282,0.009832,0.386237,-0.356544,0.231079,-0.905276,-0.036601,-0.971616,-0.233656,-0.933134,-0.05047,0.356008,-0.021552,0.01042,0.023174,-0.037468,-0.151486,-0.106697,0.450623,-0.107476,0.044569,0.341144,0.177038,0.390025,0.903621,-0.981413,0.001565,0.191731,0.073157,-0.921232,0.381893,0.012325,0.002825,0.000683,-0.173019,0.570481,0.684893,-0.229899,0.03617,0.040061,-0.014248,-0.01204,-0.504703,0.863208,0.999775,0.008981,0.019195,-0.01744,0.863246,0.504482,0.006179,0.001351,0.000288,-0.188342,0.599955,0.709216,-0.402309,0.068937,0.02754,-0.050145,-0.38511,0.247832,-0.88897,0.020748,-0.960698,-0.276817,-0.922636,-0.12505,0.364833,-0.017953,0.001502,0.017096,-0.072714,-0.161976,-0.206055,0.421597
37,0.061655,0.010121,0.38736,-0.350998,0.225425,-0.908862,-0.036468,-0.973119,-0.227337,-0.935245,-0.046939,0.350914,-0.034668,0.013057,0.02468,-0.040283,-0.139694,-0.169137,0.451942,-0.107132,0.044635,0.341165,0.223729,0.358166,0.906451,-0.973822,0.045211,0.22262,0.038487,-0.932954,0.357742,0.012107,0.003828,0.0014,1.241118,0.957455,1.556244,-0.232882,0.036343,0.04009,-0.01424,-0.057423,-0.475532,0.877821,0.998277,-0.037901,0.044771,0.01198,0.878881,0.47689,0.006052,0.001897,0.000676,1.22482,1.074326,1.609351,-0.402962,0.068361,0.027686,-0.049582,-0.37901,0.242649,-0.893012,0.021124,-0.962489,-0.270493,-0.92515,-0.121384,0.359668,-0.011431,-4.8e-05,0.016125,-0.067111,-0.265911,0.035279,0.424863
38,0.060635,0.010501,0.388241,-0.329864,0.214097,-0.919455,-0.033934,-0.975979,-0.215142,-0.943023,-0.040041,0.330349,-0.022541,0.007657,0.021152,-0.053733,-0.756675,-0.426285,0.449681,-0.107038,0.044591,0.341219,0.263498,0.326222,0.907821,-0.964479,0.074413,0.25333,0.014771,-0.942711,0.333078,-3e-06,1.3e-05,9e-06,-0.270275,0.663832,0.700562,-0.237969,0.03639,0.040071,-0.014211,-0.09713,-0.44511,0.890191,0.994779,-0.071537,0.072772,0.03129,0.892613,0.449735,6e-06,-1.7e-05,-1.6e-05,-0.296401,0.71858,0.741561,-0.407534,0.067847,0.02788,-0.049139,-0.358717,0.233574,-0.90375,0.023947,-0.965565,-0.259055,-0.933138,-0.114569,0.340771,-0.010675,0.008916,0.005923,-0.010145,-1.115346,-0.581936,0.423067
39,0.060268,0.010724,0.388522,-0.314698,0.20798,-0.92615,-0.032291,-0.977456,-0.208587,-0.948266,-0.036002,0.315472,-0.009088,0.01282,0.008598,-0.016514,-0.728837,-0.35178,0.452353,-0.10704,0.044548,0.341237,0.2898,0.308127,0.906126,-0.957014,0.097182,0.273155,-0.004243,-0.946698,0.321882,8.3e-05,-0.000384,-0.000275,0.132612,0.850849,0.986648,-0.238992,0.036389,0.04005,-0.014202,-0.122624,-0.428873,0.895003,0.991303,-0.096305,0.08967,0.047737,0.898216,0.436952,4.7e-05,-0.000249,-0.000187,1.151062,1.168781,1.565399,-0.409167,0.067659,0.02799,-0.048993,-0.342263,0.228292,-0.911448,0.025984,-0.967363,-0.252054,-0.939244,-0.109952,0.325161,-0.010996,0.008084,0.005336,-0.010275,-1.002607,-0.300988,0.422577
40,0.059746,0.011331,0.388817,-0.278078,0.185962,-0.94241,0.006344,-0.980681,-0.195442,-0.960206,-0.060565,0.272699,-0.007896,0.022811,-0.000891,5.238483,-0.020845,-1.793559,0.481696,-0.107109,0.044399,0.341294,0.338331,0.274018,0.900243,-0.940236,0.135893,0.312126,-0.037219,-0.952362,0.302463,-0.012659,-0.0013,0.000413,1.144958,1.294047,1.366486,-0.244315,0.03636,0.039971,-0.014177,-0.171381,-0.396944,0.9017,0.9823,-0.139067,0.12548,0.075588,0.907246,0.413752,-5.3e-05,-0.000155,-4.9e-05,4.777356,1.944932,2.402401,-0.414229,0.067395,0.028287,-0.048844,-0.303979,0.211011,-0.929015,0.05922,-0.96909,-0.239491,-0.950835,-0.127817,0.282087,-0.004558,0.00634,0.004256,0.016878,-1.47208,-0.276307,0.444131
41,0.059595,0.012069,0.388828,-0.241374,0.161628,-0.956901,0.04296,-0.983263,-0.176972,-0.969193,-0.084034,0.231581,0.004884,0.019234,-0.003112,-0.258168,-0.22454,-2.70576,0.509489,-0.107348,0.044263,0.341415,0.377839,0.242326,0.893593,-0.923403,0.16802,0.345008,-0.066997,-0.955783,0.286102,-0.010919,-0.011556,0.008897,-0.191674,0.370717,0.434558,-0.252522,0.036244,0.039908,-0.01412,-0.213039,-0.363714,0.906822,0.971557,-0.177072,0.157227,0.103387,0.914526,0.391092,-0.000149,0.000706,0.000504,-0.094184,0.480439,0.822165,-0.419128,0.067316,0.028663,-0.048839,-0.2674,0.189077,-0.944852,0.101766,-0.969533,-0.222816,-0.958196,-0.155735,0.240012,0.002497,0.009632,-0.001528,-0.258984,-0.152459,-2.65633,0.483158
42,0.059666,0.012792,0.388674,-0.218274,0.149979,-0.964318,0.047796,-0.985269,-0.164111,-0.974457,-0.082106,0.20909,0.003519,0.015837,-0.005452,-0.652036,0.524524,-2.029886,0.511459,-0.107659,0.044086,0.341632,0.409778,0.21475,0.886542,-0.908022,0.187938,0.374311,-0.086731,-0.958629,0.270872,-0.011198,-0.010268,0.00982,-0.234767,0.349211,0.660628,-0.261624,0.036084,0.039818,-0.014011,-0.245823,-0.337334,0.908722,0.961825,-0.201201,0.185498,0.12026,0.919632,0.373916,-0.006656,0.000872,0.001294,-0.280756,0.51012,0.834463,-0.429089,0.067353,0.029024,-0.04891,-0.241385,0.180092,-0.953571,0.107274,-0.971654,-0.210662,-0.964481,-0.153144,0.215223,0.002517,0.013342,-0.007153,0.086029,-0.56531,0.246466,0.501936
43,0.059729,0.013109,0.388524,-0.212755,0.147581,-0.965919,0.047385,-0.985784,-0.161109,-0.975704,-0.080238,0.203939,0.002786,0.014016,-0.006698,-0.01115,-0.196068,0.104255,0.514258,-0.107888,0.044,0.341762,0.425378,0.197518,0.883194,-0.8985,0.208379,0.386277,-0.108262,-0.958087,0.264976,-0.011333,-0.009639,0.010269,0.215831,0.502074,0.765346,-0.262983,0.03597,0.039776,-0.013946,-0.261809,-0.320655,0.910293,0.954915,-0.222852,0.196142,0.139967,0.920606,0.364544,-0.006751,0.001257,0.001569,1.207002,1.145388,1.237357,-0.432355,0.067385,0.029184,-0.048984,-0.236426,0.175794,-0.955614,0.106744,-0.972845,-0.205373,-0.965768,-0.150562,0.211241,0.00146,0.00716,-0.003243,-0.19312,0.21981,-0.586499,0.505202
44,0.059827,0.013542,0.388198,-0.214306,0.134898,-0.96743,0.047251,-0.987804,-0.14826,-0.975369,-0.07766,0.206523,0.001247,0.010189,-0.009309,0.033586,-0.019074,0.013202,0.515823,-0.1086,0.043887,0.342054,0.456317,0.174513,0.872532,-0.879901,0.233902,0.41352,-0.13248,-0.956632,0.259167,-0.013905,0.004648,0.004641,-0.137225,0.192839,0.611915,-0.262749,0.03561,0.039714,-0.013798,-0.295089,-0.296934,0.908158,0.941438,-0.252649,0.223295,0.163142,0.920868,0.354099,-0.006975,0.002432,0.002405,-0.149036,0.214773,0.623263,-0.434314,0.067435,0.029406,-0.049149,-0.238009,0.163495,-0.957402,0.106707,-0.975361,-0.193089,-0.965382,-0.148118,0.214698,0.000546,0.004898,-0.004788,0.036978,-0.014868,0.031099,0.510427
45,0.060186,0.013629,0.387934,-0.215579,0.13678,-0.966883,0.030502,-0.988693,-0.146721,-0.975754,-0.0613,0.210172,0.012613,-0.003815,-0.002366,-0.005822,0.130188,0.100193,0.51282,-0.109611,0.043889,0.342255,0.482255,0.148251,0.863391,-0.860641,0.263624,0.435585,-0.163624,-0.953294,0.253616,-0.026371,0.002697,0.00455,-0.070355,0.191403,0.327972,-0.263457,0.035114,0.039715,-0.013698,-0.322443,-0.270414,0.907141,0.926737,-0.285413,0.244328,0.192841,0.919464,0.342632,-0.019362,3.3e-05,0.002006,0.013587,0.184362,0.522201,-0.434967,0.067608,0.029446,-0.049284,-0.239296,0.165398,-0.956755,0.090018,-0.97736,-0.191475,-0.966764,-0.131944,0.21899,-7.4e-05,-0.000199,-0.000135,-0.019148,0.285998,-0.082994,0.510754
46,0.06039,0.013618,0.387845,-0.214565,0.144217,-0.966027,0.012933,-0.988511,-0.150501,-0.97637,-0.044972,0.211437,0.001195,0.010077,-0.009383,-0.116787,0.130823,0.130582,0.505111,-0.110173,0.043939,0.342336,0.496717,0.129124,0.858249,-0.847998,0.282384,0.448433,-0.18506,-0.950676,0.248659,-0.026435,0.003131,0.004843,-0.225245,0.368644,0.694861,-0.263829,0.034833,0.03974,-0.013658,-0.33708,-0.252903,0.906871,0.916995,-0.306424,0.255388,0.213299,0.917683,0.335201,-0.013194,0.001462,0.002358,-0.212654,0.416247,0.728756,-0.435294,0.067714,0.029438,-0.04933,-0.238872,0.172927,-0.955529,0.072383,-0.978106,-0.195108,-0.968349,-0.11577,0.221125,0.0006,0.005024,-0.004699,-0.11885,0.145429,0.134911,0.506508
47,0.060772,0.013518,0.387832,-0.220776,0.160203,-0.962101,-0.030201,-0.987046,-0.157482,-0.974596,-0.005919,0.223951,0.011969,-0.01252,0.007951,-0.187319,0.248373,0.177421,0.49783,-0.111658,0.043969,0.342532,0.5231,0.092878,0.84719,-0.824296,0.307345,0.475405,-0.216865,-0.947112,0.236242,-0.051448,-0.000177,0.005058,-0.196064,0.280974,0.555527,-0.264095,0.0341,0.039756,-0.01356,-0.366087,-0.214896,0.905427,0.89848,-0.334967,0.283777,0.242306,0.917396,0.315707,-0.019525,0.00109,0.00273,-0.240595,0.356705,0.648483,-0.435457,0.0679,0.029392,-0.049341,-0.246295,0.188419,-0.950702,0.029108,-0.979039,-0.201576,-0.968757,-0.077321,0.235648,0.000302,0.000734,0.00051,-0.493797,0.230292,0.259758,0.493608
48,0.061006,0.013381,0.387938,-0.228863,0.177724,-0.957121,-0.073871,-0.983506,-0.165014,-0.970381,0.032709,0.239408,-0.000721,-0.008908,0.010183,-0.085295,0.218965,0.095846,0.497975,-0.113384,0.043953,0.34279,0.548017,0.04983,0.834976,-0.798526,0.328045,0.504655,-0.249435,-0.943349,0.218492,-0.051254,-0.000634,0.004671,-0.247834,0.396404,0.63509,-0.274631,0.033217,0.039752,-0.013427,-0.393473,-0.171521,0.903193,0.878399,-0.360042,0.314298,0.27128,0.917033,0.292331,-0.025616,-0.000358,0.002328,-0.252434,0.400303,0.640309,-0.440356,0.068022,0.029319,-0.049285,-0.25593,0.205508,-0.944598,-0.015132,-0.977873,-0.208648,-0.966576,-0.039106,0.253376,-0.000345,-0.004436,0.005117,-0.075957,0.138054,0.054725,0.48871
49,0.061018,0.013275,0.388121,-0.2373,0.19421,-0.951849,-0.111629,-0.978751,-0.171924,-0.964722,0.065208,0.255121,0.000774,0.001945,0.001328,-0.008552,0.129555,0.096088,0.502903,-0.115122,0.043756,0.343065,0.573581,-0.00654,0.819117,-0.763099,0.358967,0.537361,-0.298254,-0.933256,0.199853,-0.036637,-0.011314,0.011553,-0.328592,0.741472,0.868027,-0.286732,0.032361,0.039659,-0.013292,-0.421423,-0.116569,0.89934,0.849951,-0.396556,0.346879,0.316204,0.910579,0.266196,-0.024474,-0.007049,0.005444,-0.099928,0.99265,1.140535,-0.451949,0.068027,0.029264,-0.049194,-0.265307,0.221228,-0.938439,-0.053238,-0.975196,-0.214842,-0.962692,-0.007038,0.270504,-0.000472,-0.004748,0.004904,-0.043428,0.097488,0.025053,0.490833
50,0.06095,0.013184,0.388241,-0.241225,0.202695,-0.949089,-0.130553,-0.975811,-0.175275,-0.961363,0.081367,0.263034,7.8e-05,0.000195,0.000133,-0.020069,0.182634,0.093007,0.506791,-0.116015,0.043567,0.343248,0.58662,-0.039467,0.808895,-0.741931,0.373952,0.556445,-0.325168,-0.926494,0.189045,-0.049009,-0.013625,0.011174,-0.117384,1.047552,1.058701,-0.293167,0.031933,0.039569,-0.013205,-0.435865,-0.084901,0.895998,0.833528,-0.4136,0.366285,0.339487,0.90649,0.251042,-0.025593,-0.001086,0.001968,4.204926,3.205259,2.624742,-0.457991,0.067995,0.029223,-0.049131,-0.269485,0.229257,-0.935316,-0.072323,-0.973323,-0.217735,-0.960284,0.008968,0.278876,-0.006925,-0.003204,0.005843,-0.078709,0.18391,0.041262,0.495078
51,0.060744,0.012976,0.388487,-0.245782,0.223534,-0.943223,-0.173625,-0.967439,-0.184087,-0.95336,0.118237,0.277764,-0.000274,-0.000687,-0.000469,-0.012368,0.222096,0.108675,0.509658,-0.117601,0.043096,0.34366,0.601936,-0.107021,0.791335,-0.705189,0.393469,0.589766,-0.37522,-0.912885,0.160355,-0.036574,-0.011555,0.011342,3.858497,3.915145,1.961402,-0.30197,0.031122,0.039327,-0.012996,-0.456041,-0.017392,0.889788,0.8047,-0.435085,0.403927,0.380108,0.900221,0.212412,-0.018217,-0.006181,0.005401,-0.56535,0.767297,1.157622,-0.469422,0.067892,0.029119,-0.049009,-0.275212,0.249554,-0.928429,-0.116001,-0.967286,-0.225613,-0.954359,0.045607,0.295157,-0.000156,-0.000401,-0.000257,-0.004443,0.161773,0.076595,0.501773
52,0.060406,0.012932,0.388561,-0.246336,0.244046,-0.937979,-0.209287,-0.958315,-0.194429,-0.946029,0.148102,0.288311,-0.012387,0.011499,-0.00866,0.019441,0.259568,0.114658,0.511773,-0.119024,0.042443,0.344153,0.615381,-0.186197,0.765918,-0.660719,0.4078,0.630146,-0.430426,-0.893578,0.126944,-0.03461,-0.024057,0.018284,-0.589805,0.853111,0.959001,-0.306617,0.030409,0.039005,-0.012752,-0.474401,0.067526,0.877714,0.765787,-0.460104,0.449302,0.43418,0.885293,0.166563,-0.018104,-0.006845,0.004918,-0.50774,0.905185,1.261315,-0.475627,0.067723,0.029097,-0.048971,-0.276441,0.269494,-0.92247,-0.152205,-0.960039,-0.234857,-0.948901,0.075481,0.306412,-0.006227,0.005651,-0.004384,0.020926,0.263528,0.111379,0.505529
53,0.060215,0.012948,0.388533,-0.240888,0.254359,-0.936654,-0.225875,-0.953217,-0.200823,-0.943621,0.162868,0.288237,-0.013968,0.000459,7.3e-05,0.283421,-0.286608,0.688776,0.512137,-0.119638,0.042074,0.344444,0.620044,-0.225954,0.75132,-0.637694,0.4125,0.65048,-0.457657,-0.882132,0.110711,-0.036474,-0.012224,0.010854,-0.567724,0.851503,0.980547,-0.30877,0.03009,0.03881,-0.012601,-0.482326,0.109464,0.869125,0.746552,-0.467689,0.473208,0.45828,0.877088,0.143858,-0.018236,-0.006123,0.005417,-0.617973,0.925606,1.029819,-0.478402,0.067633,0.029105,-0.048985,-0.272467,0.279631,-0.920634,-0.169326,-0.955838,-0.240211,-0.947148,0.090437,0.307783,-0.006474,0.004946,-0.004875,0.992077,-1.117257,2.288169,0.506835
54,0.059875,0.012852,0.388438,-0.234187,0.264639,-0.935504,-0.253816,-0.945485,-0.203981,-0.9382,0.189341,0.289754,-0.015133,-0.00241,-0.001898,-0.002325,0.027487,-0.055229,0.514961,-0.120679,0.041398,0.345142,0.625851,-0.294314,0.722275,-0.595159,0.418098,0.686231,-0.504715,-0.858954,0.085574,-0.035251,-0.020633,0.020672,-0.528367,0.63802,0.789064,-0.311068,0.02957,0.038469,-0.012253,-0.49392,0.180797,0.850502,0.710951,-0.47916,0.514735,0.50059,0.858904,0.108129,-0.017646,-0.010205,0.010404,-0.562849,0.683932,0.819743,-0.481995,0.067464,0.02906,-0.04903,-0.265474,0.290661,-0.91926,-0.197532,-0.949643,-0.243223,-0.943665,0.117014,0.309521,-0.001154,-0.00289,-0.001966,0.001829,-0.008212,-0.005907,0.509121
55,0.059465,0.012584,0.388225,-0.223584,0.270879,-0.936312,-0.274541,-0.939189,-0.20621,-0.93496,0.210608,0.28552,-0.016996,-0.006971,-0.005051,-0.139416,-0.050937,-0.033657,0.518213,-0.12143,0.040879,0.345943,0.628811,-0.348798,0.69493,-0.556999,0.421345,0.715649,-0.543191,-0.836623,0.069771,-0.025146,-0.003622,0.015571,-0.245138,0.359754,0.841641,-0.311926,0.029209,0.038213,-0.01187,-0.501765,0.236722,0.831981,0.679086,-0.487961,0.548393,0.535791,0.840153,0.084087,-0.005475,-0.006737,0.011628,0.679228,1.603878,1.044191,-0.483791,0.067263,0.028935,-0.049131,-0.255084,0.297328,-0.920069,-0.218028,-0.944728,-0.244849,-0.942016,0.138144,0.305811,-0.008343,-0.003102,-0.002262,-1.573111,-0.273801,0.234496,0.513203
56,0.059027,0.012226,0.387937,-0.210873,0.274752,-0.938131,-0.294707,-0.932877,-0.207025,-0.931785,0.23247,0.278857,-0.005233,-0.012933,-0.008933,-5.179104,-1.37071,1.367986,0.51894,-0.121983,0.040365,0.346879,0.626902,-0.399705,0.668745,-0.517012,0.42851,0.740953,-0.583493,-0.809731,0.06112,-0.023669,-0.013455,0.02441,-0.337652,0.17627,0.781027,-0.310674,0.028928,0.037957,-0.011394,-0.505254,0.291376,0.812292,0.643786,-0.499559,0.579637,0.574681,0.815806,0.06482,-0.005545,-0.006188,0.011959,-0.435586,0.361656,0.900201,-0.483465,0.067037,0.028752,-0.049278,-0.244693,0.30119,-0.921634,-0.233505,-0.940859,-0.245477,-0.941063,0.15514,0.300551,-0.008848,-0.004331,-0.003115,0.012506,-0.333625,-0.235746,0.515326
