frame,MLTx,MLTy,MLTz,MLTR1,MLTR2,MLTR3,MLTR4,MLTR5,MLTR6,MLTR7,MLTR8,MLTR9,MLTTVx,MLTTVy,MLTTVz,MLTRVx,MLTRVy,MLTRVz,MLGA,MRTx,MRTy,MRTz,MRTR1,MRTR2,MRTR3,MRTR4,MRTR5,MRTR6,MRTR7,MRTR8,MRTR9,MRTTVx,MRTTVy,MRTTVz,MRTRVx,MRTRVy,MRTRVz,MRGA,SLTx,SLTy,SLTz,SLTR1,SLTR2,SLTR3,SLTR4,SLTR5,SLTR6,SLTR7,SLTR8,SLTR9,SLTTVx,SLTTVy,SLTTVz,SLTRVx,SLTRVy,SLTRVz,SLGA,SRTx,SRTy,SRTz,SRTR1,SRTR2,SRTR3,SRTR4,SRTR5,SRTR6,SRTR7,SRTR8,SRTR9,SRTTVx,SRTTVy,SRTTVz,SRTRVx,SRTRVy,SRTRVz,SRGA
57,0.170735,-0.022233,0.36704,-0.794935,0.18111,-0.57907,-0.391818,-0.881949,0.261948,-0.462285,0.434892,0.77278,1.3e-05,0.000228,0.000181,-0.0,0.0,-0.0,0.518883,-0.200238,-0.055657,0.315408,-0.73803,-0.51464,0.436404,0.658209,-0.691144,0.298354,0.148991,0.508087,0.84824,-8.1e-05,-0.000713,-0.000883,-0.0,0.0,0.0,0.536964,0.026905,0.026368,0.000567,0.773057,0.486518,0.40704,-0.617703,0.723346,0.308565,-0.144309,-0.489968,0.859712,-5.1e-05,-0.000437,-0.00054,-0.000415,-0.000306,-0.00086,0.304739,0.087809,0.03936,-0.021712,0.81748,-0.091116,-0.568702,0.281916,0.924337,0.257144,0.502243,-0.370537,0.781315,-0.0,1.9e-05,1.6e-05,0.000272,-0.000456,0.000864,0.447234
58,0.170723,-0.022268,0.367026,-0.794841,0.181216,-0.579166,-0.391951,-0.881911,0.261875,-0.462333,0.434923,0.772734,-0.000105,-0.001866,-0.001487,-0.0,0.0,-0.0,0.520057,-0.200285,-0.055683,0.315412,-0.737723,-0.514818,0.436714,0.658529,-0.690887,0.298241,0.149098,0.508256,0.84812,-0.015778,-0.000101,0.000793,-0.002045,0.015205,-0.029245,0.536736,0.026887,0.026354,0.000567,0.772774,0.486717,0.40734,-0.618033,0.723103,0.308473,-0.14441,-0.49013,0.859603,-2.4e-05,-0.000194,-0.00024,-0.000344,-0.000255,-0.00071,0.460518,0.087803,0.039344,-0.021718,0.817397,-0.091241,-0.568802,0.282061,0.924314,0.257067,0.502297,-0.370563,0.781268,-6.4e-05,-0.001119,-0.000891,-0.000134,1.1e-05,0.000325,0.521041
59,0.170725,-0.022419,0.366905,-0.794843,0.181214,-0.579164,-0.391948,-0.881912,0.261877,-0.462332,0.434923,0.772734,-0.000251,-0.004441,-0.003543,0.0,0.0,0.0,0.520154,-0.200289,-0.055702,0.315371,-0.737273,-0.515083,0.437161,0.658984,-0.690563,0.297987,0.149316,0.508429,0.847979,-7.2e-05,-0.000629,-0.000779,-0.0,0.0,0.0,0.535905,0.02688,0.026345,0.000549,0.772322,0.487037,0.407813,-0.618545,0.722769,0.30823,-0.144635,-0.490304,0.859465,-5.3e-05,-0.000459,-0.00057,-0.000236,-0.000176,-0.000477,0.520119,0.087804,0.039271,-0.021776,0.817387,-0.091262,-0.568813,0.282083,0.92431,0.257056,0.502301,-0.370567,0.781263,-0.000137,-0.00246,-0.001961,-0.000134,6.5e-05,0.000182,0.521858
60,0.170647,-0.02265,0.366696,-0.794842,0.181216,-0.579164,-0.391925,-0.881934,0.261835,-0.462352,0.434877,0.772748,-0.014474,-0.00645,-0.004777,-0.001869,0.026944,-0.055634,0.521335,-0.200412,-0.05575,0.315319,-0.736497,-0.515536,0.437935,0.659772,-0.689982,0.297589,0.149666,0.508759,0.847719,-0.000294,-0.002562,-0.003176,-0.0,0.0,0.0,0.502404,0.026818,0.026325,0.000527,0.771582,0.487547,0.408604,-0.619383,0.722207,0.307864,-0.144999,-0.490625,0.859221,-0.008053,-0.001459,-0.00135,-0.004015,0.028197,-0.055169,0.519956,0.087771,0.039154,-0.021882,0.817374,-0.091287,-0.568828,0.282083,0.924326,0.257,0.502322,-0.370522,0.781271,-0.000186,-0.003311,-0.002647,-0.000101,3.1e-05,0.000118,0.521694
61,0.170458,-0.023011,0.366425,-0.794952,0.181104,-0.579048,-0.391804,-0.881952,0.261959,-0.462266,0.434888,0.772793,-0.000593,-0.010339,-0.008296,-0.000885,0.012229,-0.026081,0.520433,-0.200931,-0.055913,0.315113,-0.734867,-0.516481,0.439555,0.661413,-0.68879,0.296706,0.150432,0.509417,0.847188,-0.01646,-0.00583,-0.006338,-0.003838,0.028316,-0.054844,0.473584,0.026565,0.026247,0.000428,0.770069,0.488574,0.410228,-0.621077,0.721093,0.307062,-0.14579,-0.491243,0.858734,-0.008231,-0.002946,-0.0032,-0.003969,0.028251,-0.055072,0.519956,0.087671,0.038977,-0.022015,0.81748,-0.091149,-0.568698,0.281945,0.92433,0.257136,0.502227,-0.370546,0.781321,-0.007364,-0.005323,-0.00408,-0.001936,0.026964,-0.055546,0.521858
62,0.17037,-0.023271,0.366231,-0.794841,0.181233,-0.57916,-0.391961,-0.881909,0.261866,-0.462324,0.43492,0.77274,-0.000775,-0.013441,-0.01081,0.005222,-0.072162,0.153916,0.521064,-0.201278,-0.056016,0.314955,-0.734103,-0.516924,0.440311,0.662172,-0.688259,0.296245,0.150825,0.509687,0.846956,-0.016602,-0.006923,-0.007716,-0.003838,0.028318,-0.054843,0.469916,0.026392,0.026196,0.000349,0.769347,0.489063,0.411001,-0.621877,0.720587,0.306632,-0.1462,-0.491498,0.858518,-0.008315,-0.003606,-0.004026,-0.003952,0.028265,-0.055031,0.519956,0.087627,0.03885,-0.022109,0.817456,-0.091191,-0.568725,0.282002,0.924316,0.257126,0.502235,-0.370571,0.781304,-0.007477,-0.007194,-0.005593,-0.002803,0.039193,-0.081646,0.521858
63,0.170296,-0.023978,0.365609,-0.794734,0.18135,-0.579271,-0.392048,-0.881926,0.261679,-0.462435,0.434837,0.772721,-0.001229,-0.021197,-0.017167,-0.00177,0.024462,-0.052161,0.520548,-0.20221,-0.056203,0.314508,-0.732291,-0.517976,0.442088,0.663931,-0.687119,0.294952,0.1519,0.510159,0.84648,-0.017285,0.0026,-0.017974,0.032562,0.017038,-0.036978,0.465768,0.025938,0.026099,0.000129,0.767669,0.490198,0.412781,-0.623693,0.719518,0.305449,-0.147273,-0.491933,0.858086,-0.008408,-0.004243,-0.004843,-0.003937,0.028272,-0.054948,0.509016,0.087591,0.038512,-0.022408,0.817324,-0.091383,-0.568885,0.282153,0.924334,0.256893,0.502365,-0.370478,0.781264,-0.000614,-0.010739,-0.008691,-0.001804,0.024471,-0.05211,0.521368
64,0.170336,-0.024895,0.36478,-0.793665,0.18602,-0.579255,-0.397159,-0.879665,0.261582,-0.459908,0.437429,0.772765,-0.001572,-0.027087,-0.022138,0.00345,-0.047733,0.10174,0.520187,-0.203393,-0.056287,0.314036,-0.72998,-0.519314,0.444334,0.666138,-0.685741,0.293176,0.153356,0.510655,0.845918,-0.033101,0.002892,-0.016816,0.030513,0.032173,-0.06626,0.461332,0.02534,0.026053,-0.000112,0.765459,0.491687,0.415109,-0.626048,0.718193,0.303745,-0.148781,-0.492383,0.857567,-0.024448,0.001466,-0.007937,0.028389,0.047332,-0.095586,0.495626,0.08761,0.038046,-0.022828,0.816831,-0.096134,-0.568809,0.287483,0.922691,0.256894,0.500139,-0.373362,0.781319,-0.000793,-0.013866,-0.011329,-0.002533,0.036678,-0.078311,0.520878
65,0.170364,-0.025471,0.364253,-0.793784,0.185882,-0.579137,-0.396956,-0.879745,0.261622,-0.45988,0.437327,0.772841,-0.00179,-0.030832,-0.025343,-0.003537,0.048951,-0.104308,0.519752,-0.204118,-0.05628,0.313767,-0.728696,-0.520058,0.445572,0.667342,-0.685037,0.292085,0.154238,0.510844,0.845643,-0.048901,0.003289,-0.015529,0.028465,0.047335,-0.095527,0.460854,0.024983,0.026056,-0.000248,0.76426,0.492494,0.416358,-0.627299,0.717539,0.30271,-0.14967,-0.49253,0.857328,-0.016571,0.001317,-0.008568,0.030426,0.032079,-0.066323,0.490727,0.087625,0.037772,-0.023079,0.81682,-0.096139,-0.568824,0.287439,0.922729,0.256803,0.500182,-0.373264,0.781338,-0.000882,-0.015468,-0.012708,0.002639,-0.035532,0.075584,0.520715
66,0.170306,-0.026522,0.363185,-0.7922,0.19453,-0.578465,-0.406314,-0.875355,0.261981,-0.454419,0.442333,0.773221,-0.001744,-0.029842,-0.024801,-0.003351,0.037061,-0.077282,0.496974,-0.205708,-0.056155,0.313108,-0.714881,-0.534401,0.450945,0.684027,-0.667938,0.293086,0.145467,0.518652,0.842438,-0.033308,0.001893,-0.018232,-0.295906,0.060486,-0.388191,0.454664,0.02417,0.026121,-0.000582,0.751117,0.507783,0.421875,-0.644877,0.7011,0.304286,-0.141266,-0.500613,0.854066,-0.016654,0.00085,-0.00921,-0.323559,0.088635,-0.385644,0.478807,0.087595,0.037225,-0.023631,0.816294,-0.104877,-0.568034,0.297215,0.919474,0.25735,0.495303,-0.378901,0.781733,-0.000975,-0.0101,-0.017295,0.030428,0.039421,-0.08179,0.520878
67,0.170122,-0.027377,0.362086,-0.798428,0.194747,-0.569764,-0.406657,-0.872249,0.27163,-0.443088,0.448329,0.776338,-0.001523,-0.025749,-0.02162,-0.134825,0.185531,-0.227212,0.470905,-0.20732,-0.055907,0.31218,-0.678275,-0.574857,0.457684,0.725707,-0.621356,0.295297,0.115473,0.533159,0.838015,-0.034108,0.010459,-0.029801,-0.284302,0.468198,0.066133,0.444205,0.023377,0.026242,-0.001033,0.716111,0.551394,0.427957,-0.689019,0.656405,0.307219,-0.111515,-0.514874,0.849981,-0.017015,0.005365,-0.014695,-0.147413,-0.143556,-0.473129,0.46509,0.087501,0.03678,-0.024196,0.822453,-0.104231,-0.559201,0.297757,0.916514,0.267098,0.484676,-0.386182,0.784826,-0.000735,-0.012712,-0.010671,-0.142749,0.194533,-0.236601,0.520715
68,0.169983,-0.027885,0.360892,-0.801921,0.202291,-0.56218,-0.416213,-0.864207,0.282641,-0.427671,0.460386,0.777926,-0.001572,-0.012711,-0.028741,-0.057486,-0.006443,-0.135681,0.46579,-0.208825,-0.055503,0.310919,-0.648198,-0.602889,0.465139,0.755955,-0.582332,0.298924,0.091452,0.546143,0.832603,-0.034958,0.018597,-0.041961,-0.125612,0.248748,-0.027873,0.428114,0.022624,0.026442,-0.001657,0.68784,0.579526,0.437064,-0.720427,0.618604,0.313549,-0.08866,-0.530545,0.843007,-0.017245,0.003889,-0.016653,-0.392275,0.248787,-0.300828,0.443046,0.087433,0.03653,-0.024782,0.826639,-0.111308,-0.551613,0.308253,0.909659,0.278386,0.470794,-0.400162,0.786271,-0.000738,-0.005878,-0.013964,-0.163659,0.088512,-0.221146,0.520878
69,0.169964,-0.02798,0.360259,-0.799891,0.211302,-0.561759,-0.425409,-0.859857,0.282217,-0.422409,0.464452,0.778385,-0.001682,-0.00089,-0.036763,0.068813,0.001899,-0.013646,0.458676,-0.209444,-0.055277,0.310176,-0.628437,-0.619788,0.470022,0.77425,-0.555868,0.302458,0.07459,0.554768,0.828572,-0.034652,0.00725,-0.034139,-0.958193,-0.13307,-1.039548,0.421995,0.022314,0.026559,-0.002033,0.669626,0.596867,0.441982,-0.73909,0.59411,0.317455,-0.073108,-0.539241,0.838971,-0.009679,0.008497,-0.02238,-2.912526,-1.058912,-4.330526,0.431289,0.087423,0.036478,-0.025096,0.825694,-0.120418,-0.551114,0.317817,0.906449,0.278103,0.466069,-0.404782,0.786721,-0.000829,-0.000583,-0.018497,0.079512,0.024143,-0.03592,0.521205
70,0.16992,-0.027931,0.358744,-0.789473,0.237681,-0.565938,-0.45815,-0.841761,0.285497,-0.40755,0.484377,0.774151,-0.001619,0.000229,-0.035935,-0.431711,-0.206341,0.211736,0.451164,-0.210175,-0.054818,0.308483,-0.561619,-0.677342,0.475167,0.827209,-0.468423,0.310225,0.013146,0.568139,0.822745,-0.019755,0.014408,-0.04833,-2.836777,-1.342062,-4.504656,0.419856,0.021944,0.026787,-0.002871,0.608535,0.654791,0.448257,-0.793385,0.512732,0.328093,-0.015003,-0.555297,0.831517,-0.001914,0.007069,-0.02466,-0.52302,0.399285,-0.159638,0.416267,0.087402,0.0365,-0.025835,0.819252,-0.148037,-0.553995,0.351156,0.893283,0.280593,0.453337,-0.424416,0.783808,-0.000881,0.005615,-0.022246,-3.301122,1.11142,4.06839,0.517775
71,0.169846,-0.027479,0.357085,-0.782737,0.25211,-0.569043,-0.475831,-0.831746,0.28593,-0.400244,0.494258,0.771713,-0.00186,0.023448,-0.052225,0.103134,-0.077731,-0.000812,0.465179,-0.210243,-0.054574,0.306507,-0.486301,-0.728274,0.482824,0.872138,-0.371587,0.318168,-0.0517,0.576726,0.815216,0.011048,0.007716,-0.058677,-0.175073,0.294094,0.044695,0.422022,0.021898,0.026916,-0.00385,0.532077,0.712091,0.458059,-0.845068,0.413104,0.339417,0.05247,-0.567688,0.821569,-0.002121,-0.001069,-0.024042,-0.443913,0.185835,-0.068872,0.412674,0.087364,0.036721,-0.026676,0.813445,-0.162927,-0.558356,0.371299,0.884375,0.282872,0.447709,-0.437418,0.779885,-0.000797,0.006689,-0.021401,0.091916,-0.040825,-0.014946,0.511081
72,0.169846,-0.027108,0.356168,-0.780166,0.25274,-0.572285,-0.479493,-0.829131,0.287404,-0.400895,0.49831,0.768763,0.012622,0.024878,-0.05138,-0.023628,-0.311691,-0.042102,0.473742,-0.210086,-0.054565,0.305416,-0.45715,-0.743522,0.488037,0.885812,-0.332148,0.323958,-0.078204,0.581335,0.809812,0.010695,0.005276,-0.062072,-0.461073,0.340005,-0.162997,0.422398,0.021977,0.026922,-0.004393,0.503675,0.729023,0.463504,-0.860334,0.374642,0.34564,0.078332,-0.572859,0.815901,0.00558,-0.002862,-0.026832,-1.276506,0.125608,-1.114121,0.412511,0.087358,0.036904,-0.027136,0.81127,-0.164615,-0.561018,0.375283,0.882404,0.283768,0.448332,-0.440754,0.777645,-0.000785,0.006869,-0.021261,-0.147658,-0.391428,-0.160491,0.516796
73,0.16991,-0.026216,0.354229,-0.77216,0.265283,-0.577442,-0.496783,-0.818637,0.288119,-0.395327,0.509003,0.76463,0.012579,0.024156,-0.052049,-0.062008,-0.178611,0.080772,0.477809,-0.209388,-0.054733,0.302994,-0.395703,-0.771199,0.498661,0.908004,-0.247554,0.337906,-0.136658,0.587459,0.797546,0.010462,-0.010209,-0.060207,-0.612443,0.497859,0.132158,0.430131,0.022326,0.026843,-0.005605,0.443174,0.760091,0.475244,-0.886071,0.291042,0.360792,0.135919,-0.580994,0.802477,0.013228,-0.005278,-0.03068,-0.932071,-0.291382,-1.197576,0.412674,0.08739,0.037356,-0.028101,0.804749,-0.17756,-0.566436,0.393505,0.873999,0.285091,0.444444,-0.452322,0.773222,-0.000863,0.012303,-0.025648,-0.301512,-0.114349,0.298426,0.521204
74,0.170025,-0.025256,0.352195,-0.767531,0.268214,-0.582239,-0.503735,-0.814087,0.288936,-0.395547,0.514724,0.760676,-0.001825,0.024091,-0.051785,0.060429,0.005231,-0.155342,0.475158,-0.20814,-0.054958,0.300339,-0.32299,-0.798568,0.507896,0.92312,-0.147808,0.354874,-0.207921,0.584465,0.78424,0.042185,-0.012928,-0.066058,-3.127488,-1.571503,-3.96692,0.441163,0.022937,0.026729,-0.006934,0.377235,0.787677,0.487091,-0.903441,0.197316,0.380604,0.203682,-0.583635,0.786055,0.012938,-0.000892,-0.036721,-0.564728,0.406514,0.14375,0.422472,0.087453,0.037836,-0.029117,0.800306,-0.180737,-0.571701,0.401056,0.870152,0.286337,0.445716,-0.458442,0.768874,-0.000879,0.012018,-0.025917,0.036136,-0.021527,0.108244,0.517775
75,0.170088,-0.024237,0.350187,-0.76303,0.268562,-0.587967,-0.509827,-0.809219,0.291913,-0.396453,0.522162,0.755115,-0.00173,0.025708,-0.0504,0.00441,-0.236046,-0.079618,0.473012,-0.206635,-0.055259,0.297641,-0.249872,-0.816373,0.520663,0.927494,-0.047597,0.370707,-0.277545,0.576558,0.768384,0.042567,-0.011672,-0.065217,-2.833491,-1.146917,-4.368799,0.452439,0.023689,0.026572,-0.008291,0.305996,0.809406,0.501226,-0.911881,0.097898,0.398608,0.273567,-0.579031,0.768038,0.013027,-0.000743,-0.036929,0.664057,2.151632,-1.580318,0.435372,0.087485,0.038343,-0.030123,0.796138,-0.182057,-0.577078,0.407647,0.866154,0.289135,0.4472,-0.465435,0.763793,-0.00082,0.013037,-0.025039,-0.036803,-0.200459,-0.282152,0.509611
76,0.170079,-0.023665,0.349212,-0.759195,0.273186,-0.590794,-0.517592,-0.803739,0.293384,-0.393756,0.528182,0.752334,-0.001549,0.028743,-0.047724,-0.002511,-0.256201,-0.055727,0.474452,-0.2059,-0.055392,0.296324,-0.214848,-0.822463,0.526676,0.924924,0.001624,0.380061,-0.313176,0.569814,0.759668,0.042322,1.6e-05,-0.073034,-3.323363,-1.554682,-3.708447,0.456146,0.024056,0.0265,-0.008949,0.270432,0.817543,0.508419,-0.912035,0.048431,0.407241,0.308314,-0.573827,0.758725,0.013469,-0.004928,-0.031152,-0.644676,0.37718,0.417727,0.441413,0.08748,0.038624,-0.030616,0.792907,-0.187091,-0.579908,0.415981,0.861626,0.290791,0.44526,-0.471802,0.761016,-0.000754,0.014129,-0.024078,-0.047249,-0.202482,-0.275785,0.506182
77,0.169964,-0.022302,0.347416,-0.750208,0.290356,-0.594077,-0.540972,-0.786145,0.298827,-0.379337,0.545196,0.747591,-0.001319,0.046139,-0.050566,-0.899257,0.307964,1.239176,0.484718,-0.204457,-0.055513,0.293834,-0.140665,-0.827482,0.54358,0.914922,0.100992,0.390709,-0.378028,0.55332,0.742156,0.043148,0.004965,-0.066867,-0.523221,0.137939,0.318023,0.449341,0.024793,0.026435,-0.010228,0.19344,0.826835,0.528131,-0.905845,-0.056253,0.419855,0.37686,-0.559622,0.738104,0.02164,0.00265,-0.03319,-0.542749,0.143674,0.334945,0.440597,0.087422,0.039294,-0.031518,0.786316,-0.203466,-0.583358,0.439673,0.847631,0.297,0.434043,-0.490023,0.755964,-0.0005,0.018215,-0.020394,-3.22182,1.563524,3.960785,0.505202
78,0.169887,-0.020534,0.345817,-0.735252,0.311903,-0.601802,-0.57281,-0.760596,0.305539,-0.36152,0.568975,0.738646,-0.000899,0.053006,-0.044387,-1.140884,0.062301,0.911054,0.500608,-0.203092,-0.055402,0.291597,-0.063193,-0.821355,0.566899,0.897472,0.201542,0.392249,-0.436351,0.534583,0.723659,0.044454,-0.000594,-0.051386,-1.124729,-0.546036,-0.763217,0.438143,0.025475,0.026488,-0.011349,0.117688,0.823962,0.554288,-0.892547,-0.156919,0.422771,0.435326,-0.544483,0.716957,0.022293,-7e-05,-0.025401,-1.070535,-0.626057,-0.778607,0.427534,0.087384,0.040175,-0.032319,0.774299,-0.228242,-0.590224,0.474602,0.826384,0.303051,0.418584,-0.514775,0.748193,-0.000341,0.021446,-0.017493,-3.69134,0.94472,3.857923,0.519898
79,0.169884,-0.019504,0.345003,-0.727303,0.322519,-0.605853,-0.588453,-0.747351,0.308484,-0.352393,0.580473,0.734097,0.013527,0.054487,-0.043387,-0.186248,-0.355669,-0.155139,0.50247,-0.20241,-0.055288,0.29051,-0.029078,-0.812308,0.582497,0.887252,0.247277,0.389323,-0.460253,0.529149,0.712764,0.044655,0.000554,-0.049987,-3.13716,-1.600491,-3.814858,0.430838,0.025789,0.026542,-0.01185,0.088074,0.817703,0.568861,-0.885266,-0.197558,0.421038,0.456668,-0.540676,0.706486,0.014328,0.000526,-0.024197,-1.174309,-0.162169,-0.672547,0.419206,0.087377,0.040671,-0.032709,0.767493,-0.240782,-0.594119,0.492696,0.81448,0.306384,0.410127,-0.527868,0.743741,-0.000386,0.027113,-0.02163,-1.148383,0.046202,0.877845,0.521368
80,0.169911,-0.017664,0.343525,-0.719113,0.32381,-0.614872,-0.601287,-0.733506,0.316852,-0.347524,0.597161,0.722947,-0.000692,0.04283,-0.035027,-0.102296,-0.429334,-0.12091,0.511157,-0.201281,-0.055103,0.288567,0.019545,-0.790865,0.611672,0.867439,0.3175,0.382984,-0.497119,0.524082,0.691429,0.012682,0.002563,-0.045667,-2.792911,-0.032497,-4.972381,0.411355,0.026377,0.02664,-0.012842,0.038354,0.799715,0.599152,-0.869557,-0.26871,0.414323,0.492339,-0.536888,0.685092,0.014459,0.001316,-0.023239,-0.50577,0.235872,0.429804,0.398468,0.087396,0.041624,-0.03346,0.759301,-0.242548,-0.603847,0.507248,0.801875,0.315744,0.407627,-0.546045,0.731897,0.006826,0.021288,-0.017806,-0.176104,-0.451563,-0.315699,0.521694
81,0.169924,-0.015994,0.342049,-0.711999,0.322055,-0.624006,-0.612755,-0.718965,0.328013,-0.34212,0.615505,0.710025,-0.000782,0.041323,-0.0363,-0.272387,-0.673488,-0.243876,0.511956,-0.200267,-0.055062,0.286846,0.05935,-0.769935,0.63535,0.846585,0.375949,0.376684,-0.528955,0.516474,0.673295,0.029112,0.004257,-0.044455,0.444574,2.171,-1.219569,0.392355,0.026878,0.02666,-0.013703,-0.00686,0.781263,0.624164,-0.850203,-0.333139,0.407642,0.526409,-0.527869,0.666518,0.014552,0.001871,-0.0226,-0.309514,-0.294728,0.277046,0.372341,0.087403,0.042461,-0.034196,0.75234,-0.242962,-0.612334,0.520306,0.789261,0.326108,0.40406,-0.563946,0.720208,-0.000374,0.020443,-0.018348,-0.333615,-0.643122,-0.443002,0.521858
82,0.169937,-0.014439,0.340624,-0.705354,0.322207,-0.63143,-0.624227,-0.704433,0.337765,-0.335098,0.631996,0.698796,-0.000842,0.040305,-0.037142,-0.042336,-0.315994,-0.098385,0.511639,-0.199424,-0.055139,0.285428,0.108626,-0.750515,0.651858,0.81842,0.439616,0.369945,-0.56435,0.494235,0.661137,0.013771,-0.004491,-0.032099,-0.393291,-0.019048,-0.289668,0.367734,0.027305,0.026625,-0.014416,-0.054433,0.762217,0.645027,-0.824951,-0.398284,0.401028,0.562576,-0.510287,0.650472,0.015067,-0.001782,-0.015876,-1.128392,-0.563252,-0.868218,0.344255,0.087409,0.043224,-0.034894,0.745577,-0.242506,-0.620729,0.533186,0.775839,0.337321,0.399784,-0.582463,0.707749,-0.000292,0.015088,-0.013956,-0.163551,-0.434164,-0.14717,0.521858
83,0.169945,-0.013766,0.340018,-0.702135,0.321053,-0.635591,-0.62979,-0.696509,0.343819,-0.331443,0.641294,0.692036,-0.000791,0.041158,-0.036355,-0.270867,-0.577338,-0.43117,0.511561,-0.19904,-0.055291,0.284866,0.129855,-0.739923,0.660033,0.805797,0.466538,0.364648,-0.577902,0.485414,0.655946,0.030167,-0.003128,-0.031174,0.042679,0.188027,-0.139427,0.353027,0.027486,0.026553,-0.014691,-0.075869,0.753367,0.653207,-0.813475,-0.425604,0.396381,0.576629,-0.501296,0.645136,0.007246,-0.007013,-0.010785,0.48951,1.704448,-2.187597,0.325804,0.087414,0.043574,-0.035212,0.742461,-0.243399,-0.624105,0.539735,0.769185,0.342111,0.396783,-0.590856,0.702461,-0.000303,0.014944,-0.014072,0.033329,-0.177051,-0.028949,0.522021
84,0.169901,-0.012585,0.338936,-0.695556,0.325582,-0.640503,-0.642122,-0.68164,0.350739,-0.321539,0.654832,0.683985,-0.000593,0.030837,-0.027257,0.00272,-0.195447,-0.029171,0.512724,-0.198355,-0.055705,0.284096,0.167504,-0.725529,0.667489,0.782368,0.509687,0.357846,-0.600045,0.463176,0.652132,0.015018,-0.010099,-0.01601,-3.70137,-1.880321,-3.772787,0.327012,0.027839,0.026341,-0.015094,-0.110044,0.741144,0.662264,-0.795224,-0.465365,0.388655,0.596245,-0.48388,0.640586,0.007512,-0.005157,-0.00816,-0.001721,0.007553,-0.020591,0.288247,0.087391,0.044168,-0.035758,0.736395,-0.246532,-0.630033,0.553222,0.755477,0.350998,0.389443,-0.607021,0.692717,-0.000205,0.00984,-0.009478,-0.008013,-0.166332,-0.047046,0.522021
85,0.169872,-0.011812,0.338161,-0.691563,0.324584,-0.645315,-0.64805,-0.673411,0.355696,-0.318254,0.663777,0.676861,-0.000511,0.018616,-0.019885,0.035111,-0.064233,-0.016874,0.515526,-0.197691,-0.056063,0.283685,0.197568,-0.715159,0.670452,0.76312,0.541401,0.352799,-0.615535,0.442815,0.65184,0.015504,-0.006261,-0.010365,-3.641443,-2.033521,-3.650099,0.312761,0.028172,0.026161,-0.0153,-0.140539,0.73229,0.666332,-0.77779,-0.498086,0.383342,0.612609,-0.464392,0.639569,-4.9e-05,-0.008309,-1.2e-05,0.026683,0.024721,-0.275884,0.260651,0.087377,0.044562,-0.036145,0.732382,-0.245946,-0.634921,0.559919,0.748135,0.356065,0.387435,-0.616281,0.685632,-0.000131,0.004362,-0.005234,0.045818,-0.02033,0.005532,0.521694
86,0.169867,-0.0116,0.33794,-0.691312,0.320048,-0.647844,-0.647365,-0.67262,0.358431,-0.320183,0.666779,0.67299,-0.000247,0.00944,-0.009823,-0.127276,-0.261043,-0.116142,0.515673,-0.19738,-0.056264,0.283606,0.209516,-0.709143,0.673208,0.756752,0.553501,0.3477,-0.61945,0.437478,0.651734,0.016248,-0.015734,0.000241,0.123732,-0.215076,-0.160561,0.306319,0.028327,0.026065,-0.015343,-0.156132,0.725759,0.669997,-0.768865,-0.515116,0.378815,0.620055,-0.455992,0.638437,0.007891,-0.002037,-0.00356,0.243154,-0.268081,-0.400193,0.25069,0.087374,0.044671,-0.036267,0.731696,-0.242348,-0.637093,0.559394,0.747562,0.358088,0.389485,-0.618398,0.682557,-0.000109,0.004755,-0.00488,-0.164435,-0.301195,-0.131951,0.521858
87,0.169812,-0.011506,0.337847,-0.69063,0.320274,-0.648459,-0.647809,-0.672605,0.357656,-0.320755,0.666685,0.67281,7.8e-05,0.001301,0.001161,0.000767,-0.014207,0.025063,0.515582,-0.196874,-0.056756,0.283693,0.232809,-0.697072,0.678147,0.743277,0.577124,0.338231,-0.627434,0.426166,0.651592,0.00036,-0.012721,0.00577,-0.023193,0.077292,-0.211172,0.291578,0.028586,0.025818,-0.015301,-0.180896,0.715021,0.675293,-0.757156,-0.539459,0.368371,0.627687,-0.444665,0.638968,0.008301,-0.006448,0.002232,-0.041425,-0.010627,0.010551,0.229789,0.087347,0.044714,-0.036316,0.731089,-0.242249,-0.637826,0.559657,0.747629,0.357538,0.390244,-0.618357,0.682161,8e-06,6.1e-05,5.6e-05,0.002091,0.003916,0.002398,0.521858
88,0.169818,-0.011666,0.33806,-0.689526,0.320692,-0.649427,-0.648942,-0.671747,0.357215,-0.320842,0.667348,0.672111,0.000302,-0.008529,0.010636,-0.034874,-0.001988,0.006365,0.515531,-0.196466,-0.05739,0.284114,0.260427,-0.685555,0.679841,0.729473,0.600902,0.326681,-0.632798,0.411693,0.655698,0.001262,-0.020816,0.018451,-0.023368,-0.059939,-0.054958,0.275395,0.028783,0.025507,-0.015099,-0.208977,0.704804,0.677922,-0.744844,-0.563911,0.356666,0.633667,-0.430412,0.642814,0.000582,-0.010788,0.008663,-0.084447,0.051466,-0.273733,0.209214,0.08735,0.044639,-0.036212,0.730034,-0.242877,-0.638796,0.560928,0.746904,0.357062,0.390397,-0.618986,0.681502,3.9e-05,0.00066,0.000589,-0.000675,0.000481,0.000812,0.521694
89,0.169835,-0.011765,0.338259,-0.688078,0.321227,-0.650697,-0.650309,-0.670852,0.356409,-0.321183,0.667989,0.671311,0.00011,0.001825,0.001626,-0.0,-0.0,-0.0,0.516867,-0.196159,-0.058061,0.284673,0.290181,-0.672524,0.680807,0.71501,0.625119,0.312922,-0.636393,0.396808,0.66137,0.001222,-0.021213,0.017848,0.222234,-0.384661,-0.288773,0.259506,0.028937,0.02518,-0.014816,-0.237025,0.693004,0.680855,-0.731228,-0.588677,0.34462,0.639627,-0.416177,0.646275,0.000328,-0.005011,0.004901,-0.08654,0.085273,-0.226248,0.18668,0.087359,0.044592,-0.036111,0.728766,-0.243567,-0.639979,0.562335,0.746179,0.356364,0.39074,-0.619589,0.680757,2.6e-05,0.000472,0.000421,-0.000495,0.000268,0.000534,0.522021
90,0.169836,-0.011776,0.33829,-0.687434,0.321458,-0.651263,-0.650859,-0.670567,0.35594,-0.321446,0.668164,0.671011,2.4e-05,0.000406,0.000362,0.005543,-0.097455,0.173292,0.516925,-0.195979,-0.058388,0.284973,0.303474,-0.667069,0.680378,0.707256,0.636106,0.308369,-0.638872,0.388441,0.663942,0.000715,-0.0097,0.010277,0.149678,-0.260922,-0.191612,0.25495,0.029034,0.025001,-0.014653,-0.25227,0.688122,0.680329,-0.724519,-0.600361,0.338582,0.641429,-0.407497,0.65001,0.000352,-0.004797,0.005221,0.169807,-0.283087,-0.201218,0.176719,0.087359,0.044587,-0.036088,0.728053,-0.243943,-0.640648,0.563038,0.745902,0.355833,0.391058,-0.619775,0.680405,7e-06,0.000151,0.000135,0.005157,-0.097223,0.173728,0.522184
91,0.169858,-0.01177,0.338295,-0.686301,0.321861,-0.652259,-0.651781,-0.670158,0.355023,-0.322001,0.66838,0.67053,-1e-05,-0.000175,-0.000155,-0.0,-0.0,-0.0,0.517129,-0.195567,-0.059092,0.285623,0.326014,-0.653615,0.683003,0.695111,0.655315,0.295493,-0.641126,0.379232,0.667085,0.017641,-0.02021,0.018245,0.076993,-0.253728,-0.187818,0.250532,0.029234,0.024657,-0.014334,-0.274994,0.67568,0.683983,-0.713582,-0.62021,0.325788,0.644342,-0.398489,0.652708,0.008537,-0.004484,0.005139,0.105825,-0.298375,-0.461175,0.165452,0.08737,0.044589,-0.036086,0.726981,-0.244501,-0.641652,0.564028,0.745585,0.354929,0.391626,-0.619936,0.679932,-9e-06,-0.00013,-0.000117,-0.000249,0.000161,0.000292,0.522348
92,0.169868,-0.011769,0.338282,-0.685528,0.322134,-0.652937,-0.652399,-0.669897,0.35438,-0.322396,0.66851,0.670211,-0.0,-1e-06,-1e-06,-0.0,-0.0,-0.0,0.515447,-0.195028,-0.059706,0.286307,0.349476,-0.641796,0.68261,0.677942,0.676014,0.288676,-0.647158,0.362674,0.67046,0.017782,-0.019057,0.019937,0.040387,-0.069976,-0.28572,0.247719,0.029497,0.024352,-0.013998,-0.298989,0.665142,0.684244,-0.697618,-0.641604,0.318859,0.651101,-0.382007,0.655848,0.008877,-0.009549,0.00994,0.135873,-0.275308,-0.174802,0.158757,0.087375,0.044589,-0.036094,0.72625,-0.244879,-0.642335,0.564689,0.745386,0.354295,0.392028,-0.620027,0.679617,-0.0,-5e-06,-4e-06,0.005383,-0.097356,0.173497,0.522837
93,0.169868,-0.011762,0.338288,-0.685186,0.322254,-0.653236,-0.652675,-0.669774,0.354105,-0.322562,0.668575,0.670066,1.1e-05,0.000187,0.000166,-0.0,-0.0,-0.0,0.515144,-0.19477,-0.059966,0.286664,0.359854,-0.63587,0.682763,0.668986,0.685861,0.286331,-0.650797,0.354502,0.671308,0.01738,-0.006469,0.013969,-1.09191,-0.595538,-1.138812,0.244085,0.029626,0.024219,-0.013825,-0.306145,0.661508,0.684603,-0.693085,-0.647866,0.316071,0.652615,-0.377725,0.656823,0.008643,-0.003548,0.006515,0.068202,-0.147082,-0.074424,0.155655,0.087375,0.044592,-0.036091,0.72603,-0.244993,-0.64254,0.564892,0.74532,0.35411,0.392144,-0.62006,0.67952,9e-06,0.000138,0.000123,-0.000137,8.7e-05,0.000162,0.522021
94,0.169881,-0.011752,0.338324,-0.68437,0.322544,-0.653948,-0.653352,-0.669444,0.353479,-0.322924,0.668765,0.669702,6.3e-05,0.001057,0.000941,0.005545,-0.097451,0.173294,0.514831,-0.194136,-0.060428,0.287472,0.378754,-0.626103,0.681566,0.655507,0.701275,0.280104,-0.65381,0.34145,0.675135,0.017486,-0.005441,0.015457,-3.759569,-1.611274,-3.755517,0.241726,0.029943,0.023988,-0.013419,-0.325895,0.652701,0.683938,-0.680711,-0.66403,0.309345,0.656066,-0.364751,0.660706,0.009094,-0.007558,0.01287,-0.047475,-0.048255,-0.009481,0.14945,0.087381,0.044595,-0.036075,0.72526,-0.245389,-0.643258,0.565616,0.745063,0.353495,0.392524,-0.620213,0.679161,4.2e-05,0.000689,0.000612,-7.9e-05,6e-05,0.000117,0.520225
95,0.169871,-0.011749,0.338355,-0.683605,0.322813,-0.654615,-0.653986,-0.669133,0.352895,-0.323261,0.668946,0.669358,1.2e-05,0.000205,0.000182,-0.0,-0.0,-0.0,0.514807,-0.193477,-0.060858,0.288288,0.399536,-0.613961,0.680746,0.642276,0.717259,0.270102,-0.654599,0.330065,0.680014,0.017556,-0.004707,0.016499,0.113278,-0.245161,-0.106611,0.238643,0.030279,0.023768,-0.013001,-0.350409,0.639332,0.684446,-0.664336,-0.684788,0.299538,0.660205,-0.349741,0.664688,0.00907,-0.007761,0.012545,0.098072,-0.219288,-0.357189,0.145857,0.087377,0.044599,-0.036057,0.724436,-0.245808,-0.644026,0.566386,0.744791,0.352834,0.392936,-0.620373,0.678776,4e-06,8.2e-05,7.5e-05,-5.2e-05,4.2e-05,6.9e-05,0.518918
96,0.169874,-0.011765,0.338422,-0.682947,0.323049,-0.655186,-0.654569,-0.668789,0.352467,-0.323473,0.669176,0.669026,9.7e-05,0.001621,0.001442,0.000804,-0.014115,0.025113,0.514896,-0.192822,-0.061302,0.289211,0.416392,-0.606017,0.677755,0.632941,0.72829,0.262514,-0.653208,0.320414,0.685942,0.002056,-0.013692,0.028889,0.084849,-0.246269,-0.136069,0.228168,0.030605,0.023552,-0.012557,-0.367432,0.632275,0.682071,-0.655846,-0.696131,0.292004,0.659438,-0.340042,0.670456,0.008809,-0.001853,0.008959,0.137811,-0.439677,-0.287713,0.135244,0.087378,0.044588,-0.036026,0.723933,-0.246069,-0.644492,0.566906,0.744547,0.352514,0.393112,-0.620563,0.678501,1.1e-05,0.000204,0.000181,-4.6e-05,2.2e-05,3.8e-05,0.518265
97,0.169875,-0.011776,0.338453,-0.682734,0.323126,-0.655369,-0.654766,-0.668659,0.352346,-0.323523,0.669268,0.668909,4.9e-05,0.000824,0.000733,-0.0,-0.0,-0.0,0.514993,-0.19252,-0.061469,0.289664,0.424618,-0.602408,0.675866,0.628507,0.733378,0.258976,-0.652203,0.31556,0.689141,0.001499,-0.002207,0.021268,0.13309,-0.314082,-0.168326,0.224239,0.030763,0.023459,-0.012318,-0.375853,0.628902,0.680599,-0.651635,-0.701561,0.288413,0.658866,-0.335102,0.673499,0.009164,-0.006804,0.013903,0.110978,-0.4415,-0.312789,0.128712,0.087379,0.044584,-0.036009,0.723616,-0.246232,-0.644786,0.567226,0.744406,0.352298,0.393236,-0.620668,0.678333,3.5e-05,0.000611,0.000543,-1.7e-05,3.6e-05,3.5e-05,0.517612
98,0.169879,-0.011787,0.338539,-0.682165,0.323331,-0.655861,-0.655285,-0.668329,0.352007,-0.323674,0.669498,0.668606,0.000104,0.001732,0.00154,0.0,0.0,0.0,0.514996,-0.191937,-0.061742,0.290638,0.437383,-0.597697,0.671898,0.623945,0.739679,0.251996,-0.64815,0.309743,0.695575,0.017808,-0.001856,0.020542,0.13855,-0.268478,-0.111703,0.21403,0.031048,0.023329,-0.011839,-0.388889,0.624704,0.677133,-0.647561,-0.708146,0.281411,0.655308,-0.329047,0.679925,0.008879,-0.00104,0.010103,0.250309,-0.336859,-0.374976,0.116465,0.08738,0.04458,-0.035971,0.723083,-0.246506,-0.645278,0.567771,0.744153,0.351952,0.393428,-0.620862,0.678044,2.5e-05,0.000428,0.00038,-9e-06,1.2e-05,3e-05,0.516959
99,0.169892,-0.011772,0.338593,-0.681762,0.323475,-0.656209,-0.655635,-0.668131,0.351732,-0.323814,0.669626,0.66841,6.3e-05,0.001054,0.000937,0.0,0.0,0.0,0.515807,-0.191472,-0.061881,0.291503,0.448998,-0.591279,0.669911,0.614604,0.7485,0.248885,-0.649147,0.300707,0.698602,0.017778,-0.001943,0.02034,-3.742226,-1.306123,-4.003141,0.202238,0.031281,0.023256,-0.011393,-0.397996,0.621285,0.674983,-0.643066,-0.713676,0.277724,0.654266,-0.323527,0.683568,0.000757,-0.000761,0.011063,-0.056229,0.022154,0.019255,0.100299,0.087387,0.044587,-0.035938,0.7227,-0.246703,-0.645632,0.56816,0.743977,0.351698,0.393571,-0.620994,0.67784,3.1e-05,0.000538,0.00048,-8e-06,4e-06,2.3e-05,0.516959
100,0.169893,-0.011775,0.338617,-0.681537,0.323555,-0.656403,-0.655833,-0.668014,0.351585,-0.323887,0.669704,0.668297,1.6e-05,0.00027,0.00024,0.0,0.0,0.0,0.516882,-0.191247,-0.061918,0.291927,0.451196,-0.590972,0.668704,0.614538,0.74902,0.247475,-0.647686,0.30001,0.700256,0.017738,-0.002237,0.019875,-0.010283,-0.050725,0.017219,0.198223,0.031388,0.023239,-0.011188,-0.403846,0.61845,0.674112,-0.638779,-0.718124,0.276149,0.65488,-0.319087,0.685065,0.000747,-0.000836,0.010939,-0.024157,-0.034818,0.019517,0.093604,0.087388,0.044586,-0.035925,0.722488,-0.246812,-0.645827,0.568372,0.743883,0.351554,0.393653,-0.621064,0.677728,8e-06,0.000152,0.000135,-1.4e-05,4e-06,8e-06,0.517449
101,0.169894,-0.011802,0.338649,-0.681243,0.323661,-0.656656,-0.656103,-0.667837,0.351416,-0.323958,0.669829,0.668137,0.0,1e-06,1e-06,0.0,0.0,0.0,0.51676,-0.190873,-0.061912,0.292566,0.458191,-0.585376,0.668871,0.604897,0.756654,0.248006,-0.651851,0.291683,0.69991,0.001299,-0.003909,0.018592,-0.034664,-0.002778,0.007225,0.196084,0.031588,0.023243,-0.01085,-0.41079,0.61323,0.674685,-0.62936,-0.726142,0.276807,0.659664,-0.31091,0.684234,0.000629,-0.002037,0.009172,-0.034366,-0.001488,0.009098,0.086093,0.087388,0.044573,-0.03591,0.722212,-0.246954,-0.646082,0.568663,0.743738,0.351389,0.393739,-0.621181,0.67757,-2e-06,-2.6e-05,-2.4e-05,-1e-05,-0.0,1.6e-05,0.517775
102,0.169893,-0.011816,0.33865,-0.681053,0.323728,-0.65682,-0.656264,-0.667751,0.35128,-0.324032,0.669883,0.668048,-0.0,-0.0,-0.0,0.0,0.0,0.0,0.516289,-0.190526,-0.061766,0.292991,0.461724,-0.582317,0.669111,0.6,0.760538,0.248022,-0.653887,0.287663,0.699675,0.016794,0.005781,0.007152,-0.008417,0.065253,-0.120208,0.195635,0.031755,0.023311,-0.010644,-0.414388,0.610418,0.675034,-0.624699,-0.730165,0.276783,0.66184,-0.306998,0.683899,0.008367,0.002666,0.003246,0.002994,-0.015041,0.030277,0.08348,0.087388,0.044565,-0.03591,0.722033,-0.247044,-0.646247,0.568835,0.74367,0.351255,0.39382,-0.621226,0.677482,2e-06,-4e-06,-5e-06,-9e-06,-4e-06,2.2e-05,0.517449
103,0.169894,-0.011824,0.338656,-0.680737,0.323839,-0.657092,-0.656525,-0.66762,0.351042,-0.324166,0.66996,0.667905,-0.0,-0.0,-0.0,0.0,0.0,0.0,0.516952,-0.190267,-0.061599,0.293213,0.465314,-0.578985,0.669516,0.595159,0.76446,0.247626,-0.655769,0.283955,0.699428,0.016542,0.003232,0.003449,0.002045,-0.015205,0.029245,0.195402,0.031885,0.023394,-0.010525,-0.418118,0.607157,0.675675,-0.619998,-0.734368,0.276234,0.663912,-0.303418,0.683489,0.000135,0.001494,0.002153,-0.011502,0.0943,-0.174038,0.082664,0.087388,0.044561,-0.035907,0.721736,-0.247193,-0.646522,0.569112,0.743568,0.351022,0.393963,-0.621289,0.677341,2e-06,-3e-06,-3e-06,7e-06,1.3e-05,2.5e-05,0.517122
104,0.169904,-0.011825,0.338656,-0.680501,0.323922,-0.657296,-0.656714,-0.667534,0.350851,-0.324279,0.670005,0.667805,-0.0,-0.0,-0.0,0.0,0.0,0.0,0.516326,-0.190176,-0.061539,0.293294,0.468797,-0.575967,0.669689,0.590482,0.768135,0.247456,-0.657521,0.280139,0.699322,0.000258,0.002773,0.003998,-0.000809,-0.000299,-0.000845,0.194818,0.03193,0.023427,-0.010489,-0.421712,0.604315,0.675989,-0.615521,-0.738226,0.275963,0.665801,-0.299709,0.683287,0.000113,0.001253,0.001807,-0.020599,0.090578,-0.183431,0.082337,0.087393,0.044561,-0.035907,0.721514,-0.247306,-0.646727,0.569312,0.743504,0.350833,0.394082,-0.621321,0.677243,2e-06,-1e-06,-3e-06,-3e-06,1.5e-05,1.2e-05,0.517122
105,0.169915,-0.011825,0.338655,-0.680156,0.324043,-0.657594,-0.65699,-0.66741,0.350571,-0.324444,0.67007,0.667659,-0.0,-0.0,-0.0,0.0,0.0,0.0,0.516347,-0.189962,-0.061458,0.293395,0.47222,-0.573078,0.669762,0.585866,0.771683,0.247388,-0.659204,0.276273,0.699276,8.5e-05,0.000922,0.001329,-0.0,-0.0,-0.0,0.195827,0.032043,0.023471,-0.010434,-0.425235,0.601628,0.676179,-0.6111,-0.741939,0.27583,0.667631,-0.29592,0.683153,0.008158,0.000486,8.6e-05,0.002619,-0.015144,0.029866,0.082174,0.087399,0.04456,-0.035907,0.721188,-0.24747,-0.647028,0.569604,0.743411,0.350558,0.394255,-0.621368,0.677099,3e-06,-1e-06,-4e-06,6e-06,1e-05,1.9e-05,0.516306
106,0.169915,-0.011825,0.338655,-0.679828,0.324156,-0.657877,-0.657251,-0.667292,0.350306,-0.324602,0.670133,0.66752,-0.0,-0.0,-0.0,0.0,0.0,0.0,0.516478,-0.189863,-0.061455,0.29341,0.472262,-0.572899,0.669886,0.585748,0.771804,0.247286,-0.659279,0.276303,0.699193,1.8e-05,0.000198,0.000285,0.0,-0.0,-0.0,0.18909,0.032093,0.02347,-0.01043,-0.425265,0.601465,0.676305,-0.611011,-0.742051,0.275727,0.667693,-0.295973,0.68307,0.008128,0.000135,-0.000419,0.002422,-0.015054,0.029631,0.080541,0.087399,0.04456,-0.035907,0.72088,-0.247624,-0.647312,0.569881,0.743322,0.350296,0.39442,-0.621413,0.676962,2e-06,-0.0,-4e-06,1e-06,3e-06,1.3e-05,0.515653
107,0.169915,-0.011825,0.338655,-0.679719,0.324194,-0.657971,-0.657338,-0.667252,0.350218,-0.324654,0.670153,0.667474,-0.0,-0.0,-0.0,0.0,0.0,0.0,0.515729,-0.189811,-0.061451,0.293448,0.474405,-0.572755,0.668493,0.586224,0.771989,0.245577,-0.657315,0.276086,0.701125,9.6e-05,0.001052,0.001514,0.011584,-0.017094,-0.010026,0.182906,0.032118,0.02347,-0.010414,-0.427678,0.601391,0.674848,-0.611647,-0.742233,0.273816,0.665566,-0.295664,0.685276,5.9e-05,0.000651,0.000932,-0.007502,0.004383,-0.000166,0.073846,0.087399,0.04456,-0.035907,0.720777,-0.247675,-0.647408,0.569973,0.743292,0.350209,0.394475,-0.621428,0.676916,2e-06,-1e-06,-4e-06,6e-06,9e-06,1.3e-05,0.515816
108,0.169915,-0.011825,0.338655,-0.679391,0.324308,-0.658253,-0.657599,-0.667134,0.349953,-0.324812,0.670216,0.667334,-0.0,-0.0,-0.0,0.0,0.0,0.0,0.516724,-0.189741,-0.061402,0.293586,0.47438,-0.572842,0.668436,0.586205,0.77196,0.245712,-0.657351,0.275983,0.701132,0.000169,0.001852,0.002664,2e-06,-4e-06,-2e-06,0.178911,0.032153,0.023493,-0.010347,-0.427428,0.601489,0.674918,-0.611534,-0.742199,0.274162,0.66583,-0.295551,0.685068,0.000116,0.001294,0.001859,0.001359,-0.012692,0.025999,0.064375,0.087399,0.04456,-0.035907,0.720468,-0.247829,-0.647692,0.570249,0.743203,0.349948,0.39464,-0.621473,0.676779,1e-06,-1e-06,-3e-06,0.005566,-0.097305,0.173384,0.515489
109,0.169904,-0.011833,0.338662,-0.679203,0.324373,-0.658415,-0.657758,-0.667049,0.349818,-0.324885,0.67027,0.667245,-0.0,-0.0,-0.0,0.0,0.0,0.0,0.515878,-0.189703,-0.061387,0.293787,0.474372,-0.572846,0.668438,0.586035,0.772029,0.245901,-0.657507,0.275783,0.701064,0.000288,0.003152,0.004529,0.001774,-0.013623,0.025331,0.176193,0.032172,0.023499,-0.010249,-0.42741,0.601482,0.674937,-0.611361,-0.742276,0.274342,0.666001,-0.295373,0.684979,0.000448,-0.00403,0.006264,-0.036235,0.010892,-0.017901,0.059967,0.087393,0.044556,-0.035904,0.72029,-0.247917,-0.647856,0.570418,0.743136,0.349816,0.39472,-0.621518,0.67669,1e-06,-0.0,-3e-06,4e-06,3e-06,1.1e-05,0.515163
110,0.169904,-0.011841,0.338668,-0.680906,0.320419,-0.658593,-0.65397,-0.670841,0.349668,-0.328929,0.66839,0.667149,-0.0,-0.0,-0.0,0.0,-0.0,-0.0,0.516037,-0.189695,-0.061388,0.293912,0.477756,-0.570009,0.668453,0.581323,0.775546,0.24602,-0.659244,0.271749,0.701009,0.000971,-0.007299,0.013616,-0.03465,-0.002826,0.007219,0.174018,0.032176,0.023503,-0.01019,-0.430913,0.598808,0.675086,-0.606822,-0.745985,0.274356,0.667891,-0.291434,0.684825,0.00013,0.001461,0.002099,0.000272,-9.3e-05,0.000326,0.057517,0.087393,0.044552,-0.035901,0.721524,-0.243776,-0.648055,0.566196,0.746463,0.34959,0.398528,-0.619164,0.676616,8.3e-05,-0.005429,0.004279,-0.035834,0.012199,-0.018647,0.514836
111,0.169915,-0.011857,0.338681,-0.682471,0.316499,-0.658868,-0.650262,-0.674553,0.349442,-0.333,0.666525,0.666995,-0.0,-0.0,-0.0,0.008848,-0.004693,-0.008957,0.515834,-0.189676,-0.061417,0.294196,0.48327,-0.566927,0.667109,0.576873,0.779321,0.24456,-0.659141,0.267344,0.702796,0.000268,0.002948,0.004225,0.003176,-0.015674,0.02413,0.170878,0.032186,0.023485,-0.010043,-0.436734,0.595934,0.673887,-0.602607,-0.749998,0.272702,0.667927,-0.286991,0.686665,0.000449,-0.003976,0.006335,-0.0467,0.022354,-0.012807,0.052782,0.087399,0.044544,-0.035894,0.722612,-0.239724,-0.648354,0.562103,0.74969,0.34929,0.402332,-0.616843,0.676485,0.0,1e-06,-3e-06,0.099224,-0.052526,-0.100313,0.514346
112,0.169915,-0.01188,0.338688,-0.682075,0.316642,-0.659209,-0.650597,-0.674378,0.349155,-0.333156,0.666633,0.666809,-8e-06,-0.000135,-0.00012,0.005552,-0.097291,0.173384,0.516428,-0.189631,-0.061482,0.294497,0.488792,-0.56365,0.665862,0.57224,0.783192,0.243075,-0.659115,0.262911,0.704492,0.000928,-0.007766,0.012931,-0.024833,-0.006338,-0.028125,0.162796,0.032208,0.023456,-0.009896,-0.44253,0.592899,0.672782,-0.598268,-0.75407,0.271018,0.668013,-0.282571,0.688412,0.000128,0.001459,0.00209,-0.005505,0.001285,-0.002031,0.045434,0.087399,0.044533,-0.035891,0.722352,-0.239837,-0.648602,0.56234,0.749603,0.349095,0.402469,-0.616905,0.676348,-3e-06,-8.2e-05,-7.4e-05,-0.000156,9.4e-05,0.000158,0.514183
