frame,MLTx,MLTy,MLTz,MLTR1,MLTR2,MLTR3,MLTR4,MLTR5,MLTR6,MLTR7,MLTR8,MLTR9,MLTTVx,MLTTVy,MLTTVz,MLTRVx,MLTRVy,MLTRVz,MLGA,MRTx,MRTy,MRTz,MRTR1,MRTR2,MRTR3,MRTR4,MRTR5,MRTR6,MRTR7,MRTR8,MRTR9,MRTTVx,MRTTVy,MRTTVz,MRTRVx,MRTRVy,MRTRVz,MRGA,SLTx,SLTy,SLTz,SLTR1,SLTR2,SLTR3,SLTR4,SLTR5,SLTR6,SLTR7,SLTR8,SLTR9,SLTTVx,SLTTVy,SLTTVz,SLTRVx,SLTRVy,SLTRVz,SLGA,SRTx,SRTy,SRTz,SRTR1,SRTR2,SRTR3,SRTR4,SRTR5,SRTR6,SRTR7,SRTR8,SRTR9,SRTTVx,SRTTVy,SRTTVz,SRTRVx,SRTRVy,SRTRVz,SRGA
2459,0.229079,-0.050149,0.327137,-0.722975,-0.215166,-0.656548,-0.005915,-0.948319,0.317219,-0.689975,0.233487,0.68516,-0.057945,-0.047226,-0.006286,1.417329,-0.582123,1.250178,-1.909897,-0.09391,-0.01954,0.29275,-0.845298,-0.034183,0.533192,0.306494,-0.848293,0.431732,0.438596,0.528405,0.726832,0.028668,0.011794,0.008568,0.015826,-0.166977,0.265183,-0.405701,0.07525,0.048069,-0.013732,0.791432,0.038512,0.610041,-0.298139,0.895571,0.330249,-0.533617,-0.443247,0.720266,0.02169,0.008035,0.005377,-0.040341,-0.356494,0.439972,-0.650348,0.116214,0.029016,-0.043335,0.715278,0.236895,-0.657463,-0.086308,0.963534,0.25328,0.693489,-0.124421,0.709641,-0.029071,-0.022739,-0.002127,0.312715,0.989648,-0.429248,-1.033159
2460,0.225976,-0.050554,0.327124,-0.736396,-0.223262,-0.638687,0.012632,-0.948371,0.316868,-0.675542,0.225544,0.701996,-0.079266,0.012815,0.000755,0.040487,0.669992,-1.126235,-1.550849,-0.092381,-0.019186,0.29293,-0.865396,-0.020144,0.500674,0.280491,-0.847286,0.450958,0.416208,0.530716,0.738223,0.045558,0.006635,-0.001375,-0.035157,-0.314893,0.396371,0.143879,0.076031,0.048272,-0.013613,0.813958,0.020558,0.580558,-0.273823,0.894966,0.352216,-0.512339,-0.44566,0.734094,0.022841,0.003066,-0.001034,-0.033368,-0.315283,0.395159,-0.504039,0.114643,0.028769,-0.04336,0.727028,0.245668,-0.641152,-0.103931,0.962414,0.250912,0.678695,-0.115784,0.725235,-0.047564,0.00737,0.002223,-0.003266,0.550598,-0.966178,-0.989233
2461,0.222276,-0.049317,0.327504,-0.761008,-0.229457,-0.606845,-0.011,-0.930687,0.365612,-0.647731,0.285189,0.706498,-0.081383,0.042448,0.013036,-0.908698,0.06776,-1.567455,-0.621191,-0.090769,-0.01929,0.292659,-0.875939,0.033658,0.481238,0.220367,-0.859325,0.461447,0.430162,0.510205,0.744657,0.047734,-0.002098,-0.012707,0.040666,-0.114468,0.265078,0.440457,0.076818,0.048225,-0.013737,0.823053,-0.035059,0.566881,-0.214523,0.904971,0.367433,-0.525893,-0.424025,0.737318,0.016563,-0.003358,-0.007676,0.091325,-0.035041,0.285516,-0.408188,0.112792,0.02939,-0.043159,0.751158,0.25639,-0.608296,-0.082068,0.950613,0.29933,0.654999,-0.174923,0.735102,-0.048455,0.021366,0.007415,-1.845696,1.67712,-2.45498,-0.795734
2462,0.219428,-0.047506,0.327949,-0.774378,-0.217599,-0.594167,-0.055044,-0.912305,0.405759,-0.629394,0.347182,0.695237,-0.04989,0.043873,0.01145,-0.83482,-0.499584,-0.612126,-0.224924,-0.089623,-0.019677,0.291635,-0.882234,0.045792,0.468569,0.205003,-0.858425,0.470121,0.42486,0.510756,0.747319,0.021082,-0.021582,-0.031372,-0.027515,0.055817,-0.052877,0.532894,0.077406,0.048039,-0.014244,0.829903,-0.048809,0.555766,-0.199961,0.903961,0.377981,-0.52084,-0.424819,0.74044,0.010714,-0.011435,-0.016537,0.00285,0.047319,-0.072756,-0.339932,0.111353,0.030325,-0.042902,0.764947,0.247097,-0.594809,-0.036775,0.938733,0.342677,0.643042,-0.240255,0.727168,-0.025001,0.022428,0.006339,-1.299248,0.361106,0.433593,-0.657753
2463,0.218628,-0.046768,0.328151,-0.772282,-0.21114,-0.599204,-0.077473,-0.904844,0.4186,-0.629612,0.369958,0.683189,-0.03395,0.039838,0.005524,-0.814338,-0.572185,-0.411725,-0.098757,-0.089428,-0.02014,0.290748,-0.887244,0.047407,0.458848,0.199829,-0.856861,0.475175,0.416802,0.513227,0.750158,0.008288,-0.033721,-0.044027,-0.070097,-0.110347,0.032234,0.534242,0.077499,0.047826,-0.014664,0.835716,-0.051353,0.546754,-0.195346,0.902699,0.383371,-0.513242,-0.427196,0.744369,-0.00419,-0.013517,-0.02718,-0.185964,-0.597332,0.423796,-0.257144,0.110946,0.030708,-0.042784,0.763224,0.240304,-0.599784,-0.013727,0.934089,0.356776,0.645987,-0.264067,0.716218,-0.016635,0.015095,0.00777,-1.613647,-0.24159,0.366414,-0.604521
2464,0.217909,-0.046005,0.328526,-0.750214,-0.204737,-0.628735,-0.11697,-0.894791,0.430858,-0.649869,0.397029,0.648125,-0.000787,0.010211,0.01132,0.317876,-2.272081,1.382475,0.064645,-0.089575,-0.021532,0.288414,-0.889734,0.049669,0.453759,0.196922,-0.854868,0.479955,0.412853,0.516324,0.750217,-0.006464,-0.035408,-0.066408,0.034141,-0.002328,0.014744,0.530153,0.077433,0.047123,-0.015833,0.838524,-0.054158,0.542165,-0.193105,0.90092,0.388655,-0.509496,-0.430592,0.744985,-0.003022,-0.01844,-0.034154,0.047227,0.005501,-0.018029,0.043964,0.110573,0.031114,-0.042583,0.741963,0.230971,-0.629398,0.026817,0.927807,0.372093,0.669904,-0.292958,0.682205,-0.00035,0.00467,0.005205,0.29148,-2.276009,1.359358,-0.524672
2465,0.217786,-0.045598,0.328597,-0.724344,-0.204478,-0.658453,-0.15706,-0.880987,0.44628,-0.670446,0.426926,0.606847,0.014374,0.014223,-0.006058,-4.178005,1.87802,2.481117,0.215679,-0.090473,-0.023159,0.285609,-0.889588,0.048477,0.454174,0.197852,-0.855154,0.479061,0.412722,0.515964,0.750536,-0.036066,-0.045955,-0.074875,0.014523,0.14678,-0.237378,0.534713,0.076997,0.046306,-0.017243,0.838552,-0.052945,0.542242,-0.193752,0.901225,0.387623,-0.509206,-0.430103,0.745466,-0.02649,-0.019309,-0.042155,0.065473,0.055468,-0.081918,0.35291,0.110512,0.031316,-0.042548,0.71566,0.227436,-0.66038,0.066716,0.918913,0.388776,0.695254,-0.32229,0.642456,0.007068,0.006656,-0.003593,-4.14947,1.924734,2.473719,-0.266019
2466,0.217876,-0.045401,0.328422,-0.716627,-0.195784,-0.669447,-0.189556,-0.869024,0.456987,-0.670348,0.454627,0.586493,-0.000612,0.008599,-0.011076,-4.217647,1.847547,2.583501,0.281144,-0.091404,-0.024037,0.284063,-0.891501,0.047502,0.450511,0.197323,-0.854297,0.480807,0.408822,0.517475,0.75163,-0.051591,-0.049104,-0.076393,-0.184269,-0.457802,0.247641,0.535378,0.076538,0.045863,-0.018022,0.840434,-0.052179,0.539395,-0.193774,0.900609,0.389041,-0.506085,-0.431484,0.746792,-0.026648,-0.01928,-0.042538,-0.604108,-1.902866,1.463998,0.457742,0.110557,0.031413,-0.04263,0.708331,0.219577,-0.670859,0.096391,0.911396,0.400081,0.699267,-0.348055,0.624405,0.007044,0.009486,-0.010685,-0.568934,-1.041557,-0.376519,-0.120854
2467,0.218096,-0.044896,0.327399,-0.712795,-0.192272,-0.674538,-0.232799,-0.84235,0.486029,-0.660764,0.503705,0.556508,-0.001463,0.020939,-0.038636,-0.614611,-0.749017,-0.599687,0.367385,-0.093668,-0.025691,0.281074,-0.891688,0.059939,0.448655,0.18278,-0.858939,0.478277,0.415148,0.508402,0.754349,-0.05381,-0.042364,-0.06856,0.033185,0.038599,-0.076375,0.535605,0.075437,0.045033,-0.019509,0.840439,-0.064685,0.53803,-0.17866,0.904265,0.387794,-0.511606,-0.422042,0.748424,-0.026809,-0.021342,-0.034436,0.016578,0.050095,-0.071615,0.508362,0.110667,0.031656,-0.04312,0.707456,0.209602,-0.674961,0.146123,0.890998,0.429848,0.691486,-0.402725,0.599715,-0.000661,0.010317,-0.019478,-1.35624,1.148566,-2.166631,0.177641
2468,0.21791,-0.044026,0.325869,-0.711754,-0.187501,-0.676975,-0.259805,-0.825142,0.501612,-0.651772,0.533135,0.539432,-0.016851,0.020623,-0.037816,-0.463177,0.016261,-0.060816,0.418845,-0.096348,-0.026945,0.278184,-0.890648,0.06324,0.450265,0.17933,-0.860982,0.475904,0.418877,0.504528,0.754889,-0.087685,-0.034759,-0.075598,0.041563,0.154652,-0.266282,0.536086,0.074082,0.044393,-0.020977,0.839156,-0.068022,0.53962,-0.174712,0.905854,0.385881,-0.515066,-0.418092,0.748268,-0.036081,-0.01586,-0.037403,0.030408,0.100491,-0.205165,0.516037,0.110574,0.032091,-0.043924,0.705701,0.207275,-0.677512,0.174053,0.876228,0.449365,0.686797,-0.435041,0.582277,-0.008383,0.010194,-0.019033,-0.402098,0.08557,-0.031089,0.314479
2469,0.21781,-0.043412,0.325008,-0.714291,-0.185772,-0.674775,-0.270565,-0.815899,0.510956,-0.644585,0.547769,0.533372,-0.00241,0.033863,-0.044958,-1.187053,0.688586,0.572111,0.453194,-0.098195,-0.027536,0.27666,-0.888405,0.060432,0.455056,0.183346,-0.861922,0.472662,0.421894,0.503271,0.754047,-0.103788,-0.036522,-0.075269,0.045007,0.186556,-0.30935,0.536266,0.073165,0.044099,-0.021739,0.836618,-0.064714,0.543949,-0.17835,0.906712,0.382183,-0.517938,-0.416755,0.74703,-0.052789,-0.012554,-0.041349,0.081231,0.181181,-0.289866,0.51718,0.110525,0.032381,-0.044342,0.707998,0.206834,-0.675246,0.184152,0.868999,0.459267,0.681781,-0.449509,0.577161,-0.001321,0.016811,-0.022595,-3.828731,2.665857,2.647472,0.36167
2470,0.21775,-0.042045,0.323131,-0.72372,-0.160322,-0.671246,-0.315062,-0.78864,0.527973,-0.613121,0.593785,0.521085,-0.002973,0.041807,-0.05681,-0.490137,-0.10844,-0.083751,0.516381,-0.102173,-0.028828,0.273792,-0.88237,0.060645,0.466624,0.190755,-0.860258,0.47276,0.431187,0.506083,0.746874,-0.103712,-0.04333,-0.062627,-0.088812,0.169639,-0.064368,0.536353,0.071176,0.043452,-0.023182,0.829412,-0.063569,0.555009,-0.186043,0.90536,0.381722,-0.526749,-0.41986,0.739089,-0.052682,-0.016154,-0.035315,-0.0884,0.302553,-0.222127,0.51816,0.110494,0.033067,-0.04527,0.720654,0.180597,-0.669359,0.231553,0.847337,0.477914,0.653483,-0.499403,0.568819,-0.001094,0.015902,-0.023642,-1.470236,0.270139,0.652181,0.462093
2471,0.218051,-0.041188,0.321122,-0.727385,-0.1243,-0.674911,-0.367957,-0.759529,0.536372,-0.578386,0.638639,0.507579,0.015459,0.000804,-0.041968,-1.383443,0.422164,0.597117,0.521846,-0.106835,-0.030538,0.271411,-0.877603,0.05955,0.475667,0.197563,-0.858983,0.472283,0.437808,0.508375,0.741446,-0.135014,-0.055655,-0.050888,-0.059421,0.241046,-0.364276,0.536301,0.068903,0.042618,-0.024355,0.823956,-0.061946,0.563255,-0.192509,0.904284,0.381064,-0.532949,-0.422412,0.733165,-0.059629,-0.026447,-0.025077,-0.018948,0.104479,-0.175457,0.520283,0.110632,0.033518,-0.046248,0.726996,0.147871,-0.670529,0.282381,0.825748,0.488263,0.625888,-0.54431,0.55856,0.015051,0.006199,-0.025465,-0.322454,-0.629517,-0.262509,0.510101
2472,0.218966,-0.041399,0.319337,-0.729513,-0.120881,-0.673233,-0.374172,-0.753432,0.540654,-0.571688,0.646467,0.505252,0.032248,-0.015879,-0.041637,0.030736,0.012366,-0.024087,0.52001,-0.111888,-0.032589,0.269539,-0.871952,0.059944,0.4859,0.205426,-0.855928,0.474469,0.445423,0.513454,0.733367,-0.121203,-0.048491,-0.045471,-0.080431,0.139892,-0.116791,0.536266,0.066377,0.041592,-0.0253,0.817291,-0.061073,0.572978,-0.20083,0.901827,0.382588,-0.540093,-0.427757,0.724791,-0.060557,-0.024222,-0.022583,-0.081146,0.145803,-0.109818,0.520609,0.111077,0.033428,-0.047146,0.729676,0.142368,-0.668807,0.293549,0.818152,0.494424,0.617576,-0.557098,0.555193,0.016152,-0.007918,-0.020797,0.066722,-0.052133,0.170975,0.515489
2473,0.219641,-0.041829,0.318585,-0.736898,-0.105299,-0.667786,-0.388119,-0.742916,0.545353,-0.552623,0.661179,0.507422,0.048641,-0.026911,-0.034828,-0.34087,0.228868,0.354173,0.520159,-0.114339,-0.033544,0.268709,-0.86963,0.059487,0.490099,0.208958,-0.854903,0.474775,0.448313,0.515212,0.730367,-0.137939,-0.048008,-0.04208,-0.048986,0.219068,-0.345034,0.535901,0.065153,0.041112,-0.02572,0.81464,-0.060346,0.576817,-0.204285,0.900974,0.38277,-0.542796,-0.429655,0.721642,-0.061012,-0.022913,-0.020995,0.001239,0.074055,-0.161894,0.520772,0.111408,0.033218,-0.04753,0.738107,0.128914,-0.662252,0.306858,0.810031,0.499687,0.600862,-0.57204,0.558331,0.016147,-0.009171,-0.022272,-3.830562,3.427228,2.216867,0.516142
2474,0.221075,-0.042823,0.317302,-0.747552,-0.077005,-0.659759,-0.412987,-0.724082,0.552375,-0.51933,0.685494,0.510314,0.033224,-0.024903,-0.031683,-3.648307,3.07853,2.776042,0.520086,-0.119401,-0.035223,0.267167,-0.864346,0.058066,0.499525,0.216859,-0.853016,0.474626,0.454738,0.518493,0.724045,-0.139442,-0.044028,-0.037689,-0.021176,0.086427,-0.161357,0.536121,0.062524,0.040239,-0.026519,0.808421,-0.057544,0.585784,-0.212522,0.899538,0.381659,-0.548898,-0.433034,0.714976,-0.069711,-0.02191,-0.018594,0.008054,0.064435,-0.175085,0.521752,0.112144,0.032697,-0.048199,0.750614,0.105221,-0.652308,0.330125,0.795462,0.508189,0.572358,-0.596797,0.562349,0.016208,-0.006828,-0.019911,0.036898,0.000154,0.008138,0.515979
2475,0.22208,-0.043614,0.316246,-0.751796,-0.066022,-0.656117,-0.41597,-0.724593,0.54946,-0.510764,0.686087,0.518105,0.017315,-0.01933,-0.024118,0.201298,0.379803,0.050815,0.501012,-0.124843,-0.036848,0.265789,-0.857656,0.057986,0.510936,0.225849,-0.850022,0.475803,0.462964,0.523394,0.715252,-0.156796,-0.041881,-0.03289,-0.084504,0.253988,-0.32437,0.532763,0.059862,0.039442,-0.027196,0.80081,-0.056395,0.596257,-0.22157,0.897027,0.382425,-0.556426,-0.438362,0.705853,-0.070391,-0.019968,-0.016445,-0.045617,0.13064,-0.161313,0.522405,0.112653,0.032293,-0.048739,0.756255,0.091385,-0.647863,0.337502,0.793799,0.505939,0.560509,-0.601274,0.569472,0.008641,-0.00925,-0.011588,0.302056,0.523581,0.157736,0.506672
2476,0.222547,-0.044007,0.31592,-0.754896,-0.059177,-0.653204,-0.415581,-0.727356,0.546092,-0.506494,0.683773,0.525305,0.033247,-0.024215,-0.010027,0.232458,0.399078,0.179045,0.48617,-0.12763,-0.03762,0.265195,-0.854915,0.057311,0.515584,0.229825,-0.849023,0.475682,0.466068,0.525088,0.711987,-0.141475,-0.037948,-0.03088,-0.039382,0.104232,-0.148348,0.524387,0.058462,0.039055,-0.027493,0.797598,-0.055138,0.600663,-0.225658,0.896225,0.381913,-0.559388,-0.440158,0.702385,-0.078699,-0.019923,-0.015224,-0.025192,0.218504,-0.382747,0.522405,0.112894,0.032086,-0.048915,0.760147,0.0847,-0.644206,0.33676,0.796548,0.502098,0.555669,-0.598611,0.57697,0.016608,-0.011755,-0.004618,0.279119,0.440037,0.204434,0.489689
2477,0.223604,-0.045024,0.315925,-0.765114,-0.034289,-0.643016,-0.415161,-0.737084,0.533216,-0.491293,0.674967,0.550525,0.0344,-0.03864,0.015558,0.532512,0.934651,0.437354,0.423622,-0.133751,-0.039157,0.264084,-0.853794,0.059368,0.517207,0.233566,-0.844044,0.482671,0.466263,0.532826,0.706087,-0.158466,-0.03843,-0.030539,-0.049869,0.214247,-0.362744,0.450657,0.055408,0.038292,-0.028041,0.796359,-0.057192,0.602113,-0.230112,0.892002,0.389076,-0.559338,-0.448398,0.697194,-0.087256,-0.019714,-0.014417,-0.005125,0.042847,-0.18964,0.484195,0.11341,0.031591,-0.048918,0.771663,0.063408,-0.632861,0.335509,0.804738,0.489723,0.54034,-0.590232,0.599713,0.009023,-0.014523,0.003452,0.315742,0.580755,0.251007,0.43466
2478,0.22454,-0.046457,0.316671,-0.769826,0.001572,-0.638288,-0.421603,-0.752082,0.506552,-0.478295,0.659057,0.580435,0.019331,-0.045411,0.030338,1.254156,-0.55647,2.56828,0.257789,-0.140551,-0.040802,0.263163,-0.859392,0.064565,0.507216,0.22716,-0.840349,0.492082,0.459079,0.538027,0.70685,-0.191993,-0.036238,-0.023682,-0.075481,-0.05414,-0.089963,0.27074,0.052021,0.037464,-0.028512,0.802538,-0.06316,0.593247,-0.224904,0.888989,0.398892,-0.552584,-0.45355,0.699243,-0.087296,-0.022755,-0.00758,-0.25056,-0.54758,0.370791,0.312087,0.113884,0.030879,-0.048549,0.781419,0.02863,-0.623349,0.33968,0.818456,0.463407,0.523451,-0.573855,0.629832,0.009609,-0.022131,0.015836,0.61326,1.242047,0.333415,0.285413
2479,0.224952,-0.047358,0.317433,-0.773184,0.024657,-0.633738,-0.425171,-0.761625,0.489008,-0.469656,0.647507,0.600155,0.019706,-0.050815,0.045361,1.415929,-0.302015,2.448432,0.111417,-0.144124,-0.041527,0.262829,-0.867192,0.076583,0.492041,0.21019,-0.839309,0.501313,0.452446,0.538058,0.71109,-0.192641,-0.032768,-0.019531,-0.041824,-0.144204,0.11179,0.160764,0.050235,0.037099,-0.028683,0.811059,-0.076642,0.579921,-0.209052,0.887932,0.409722,-0.546333,-0.453543,0.704143,-0.09632,-0.015888,-0.008829,-0.142383,-0.575349,0.64296,0.182761,0.114098,0.030408,-0.048161,0.785866,0.005039,-0.618376,0.343682,0.827753,0.443515,0.514098,-0.561068,0.648771,0.009837,-0.024997,0.023158,1.519807,-0.18267,2.481849,0.13094
2480,0.22574,-0.049662,0.319927,-0.777564,0.092546,-0.621992,-0.444514,-0.78054,0.439473,-0.443856,0.618085,0.648838,0.020604,-0.063221,0.073473,1.043003,1.124272,0.846415,-0.064048,-0.151635,-0.042598,0.262369,-0.886556,0.085997,0.454549,0.185357,-0.834042,0.519568,0.4249,0.544769,0.722877,-0.193712,-0.022525,-0.005968,-0.631036,-2.109235,1.94038,-0.083329,0.046546,0.036561,-0.028926,0.831877,-0.089097,0.54776,-0.187712,0.883676,0.428812,-0.522249,-0.459541,0.718385,-0.09684,-0.011193,-0.002691,0.016209,-0.130199,0.11051,-0.110019,0.114484,0.029303,-0.04697,0.796409,-0.05939,-0.601834,0.361528,0.84452,0.395073,0.484797,-0.53222,0.694055,0.010208,-0.030912,0.037555,0.848515,1.677117,0.319377,-0.165269
2481,0.226025,-0.052072,0.323129,-0.784849,0.168029,-0.596509,-0.462986,-0.79882,0.384061,-0.410999,0.577392,0.705496,0.004122,-0.055527,0.083947,1.173761,2.046124,0.66746,-0.134413,-0.158852,-0.043109,0.262612,-0.896177,0.086812,0.43511,0.173159,-0.834288,0.523367,0.409561,0.544261,0.732054,-0.177927,-0.007429,0.01325,0.381473,-0.62683,0.118056,-0.257556,0.042866,0.036286,-0.028824,0.843957,-0.094385,0.528041,-0.174703,0.88236,0.436941,-0.507164,-0.46101,0.728185,-0.097064,-0.003957,0.007551,0.416791,-0.655434,0.049646,-0.352179,0.114635,0.02807,-0.045347,0.808553,-0.132479,-0.573315,0.380477,0.860947,0.337648,0.448863,-0.49114,0.746526,0.002034,-0.027842,0.041874,0.94933,1.712956,0.705969,-0.294105
2482,0.225943,-0.05381,0.326392,-0.791735,0.236838,-0.563123,-0.484035,-0.805586,0.341632,-0.371753,0.542756,0.753156,0.001652,-0.026707,0.074968,0.665287,1.141074,0.498332,-0.170293,-0.166282,-0.043304,0.263405,-0.899681,0.084561,0.42827,0.169085,-0.836793,0.520693,0.403527,0.540763,0.737973,-0.193842,-0.001497,0.022116,0.028215,-0.072516,-0.010758,-0.333673,0.039157,0.036194,-0.028419,0.848978,-0.091104,0.520514,-0.17026,0.885335,0.432657,-0.500247,-0.455939,0.736119,-0.088856,0.000152,0.011647,-0.010034,-0.081109,0.056741,-0.477096,0.114595,0.027191,-0.043711,0.821784,-0.201048,-0.53315,0.402215,0.867443,0.292855,0.4036,-0.455105,0.793716,-0.007084,-0.013459,0.038078,0.827036,1.361398,0.596762,-0.348971
2483,0.225913,-0.054175,0.327832,-0.795566,0.260618,-0.546989,-0.490323,-0.807278,0.328416,-0.354996,0.52915,0.770717,0.000493,-0.013009,0.069545,0.492,0.943301,0.209544,-0.17759,-0.170035,-0.043304,0.263908,-0.898284,0.078513,0.432334,0.173667,-0.840182,0.513681,0.404691,0.536413,0.740506,-0.193586,0.001807,0.025882,0.251829,-0.211221,-0.319579,-0.354385,0.03728,0.036194,-0.028166,0.847197,-0.085844,0.524296,-0.173753,0.88782,0.426127,-0.502061,-0.452112,0.737243,-0.096821,0.000974,0.013232,0.406376,-0.326015,-0.412421,-0.507795,0.11458,0.027006,-0.042987,0.827247,-0.223616,-0.515419,0.409034,0.868612,0.279648,0.385166,-0.442162,0.810023,0.000108,-0.005611,0.035812,0.608214,0.985677,0.486066,-0.358932
2484,0.226033,-0.054093,0.330253,-0.796918,0.290258,-0.529827,-0.501749,-0.806469,0.312773,-0.335517,0.51473,0.788992,-0.001426,0.01027,0.053798,-2.856544,1.974656,4.331072,-0.254414,-0.177702,-0.043001,0.265231,-0.896478,0.064856,0.438306,0.183862,-0.845406,0.501416,0.404185,0.530012,0.745375,-0.193377,0.02306,0.03052,0.13144,0.010244,-0.342562,-0.468991,0.033513,0.03633,-0.027525,0.846151,-0.070812,0.528218,-0.182204,0.892973,0.411582,-0.500829,-0.444504,0.742688,-0.09634,0.00591,0.019481,0.102756,0.000894,-0.380505,-0.594502,0.11464,0.02704,-0.041783,0.832105,-0.247667,-0.496247,0.416244,0.870183,0.263667,0.366525,-0.425958,0.827174,-0.000777,0.005318,0.027119,0.035425,0.216037,-0.028006,-0.390447
2485,0.226181,-0.05319,0.331919,-0.795888,0.299689,-0.526112,-0.509201,-0.801427,0.313689,-0.326646,0.517182,0.791109,-0.003171,0.031626,0.035808,-0.002169,0.036163,-0.075358,-0.345077,-0.184598,-0.042357,0.266915,-0.897057,0.036888,0.440363,0.201354,-0.852757,0.481868,0.394417,0.520884,0.756954,-0.175098,0.020835,0.048143,0.219816,-0.135535,-0.396736,-0.653653,0.029926,0.036665,-0.026657,0.848048,-0.042324,0.528225,-0.197612,0.899645,0.389342,-0.491694,-0.434565,0.754579,-0.087569,0.010734,0.024708,0.152782,-0.089621,-0.375313,-0.740321,0.114712,0.027504,-0.040904,0.830312,-0.261007,-0.492398,0.429243,0.863021,0.266352,0.35543,-0.432514,0.828613,-0.001625,0.01589,0.017988,-0.006562,0.022769,-0.085284,-0.462621
2486,0.226256,-0.052536,0.332536,-0.795055,0.296089,-0.529401,-0.509097,-0.800229,0.316901,-0.328827,0.521097,0.787628,-0.002922,0.029044,0.032675,-0.181111,-0.297328,-0.007856,-0.404015,-0.187836,-0.041925,0.267908,-0.897739,0.023663,0.439881,0.207713,-0.857668,0.470314,0.389522,0.513558,0.764457,-0.158326,0.024049,0.050354,0.339848,-0.275127,-0.455764,-0.713561,0.028307,0.036884,-0.026156,0.849394,-0.029608,0.526928,-0.202534,0.903691,0.377257,-0.48735,-0.427161,0.761592,-0.07919,0.012288,0.025724,0.329632,-0.270269,-0.454996,-0.826701,0.114749,0.027837,-0.04059,0.829266,-0.257953,-0.495759,0.429222,0.862082,0.269412,0.357889,-0.436205,0.825614,-0.001471,0.014389,0.016187,-0.227727,-0.355134,-0.030174,-0.496096
2487,0.226379,-0.051686,0.333562,-0.784707,0.299051,-0.543,-0.517083,-0.798902,0.30717,-0.340973,0.521439,0.782219,-0.001967,0.01945,0.021675,0.036505,-0.074939,0.094952,-0.603476,-0.193873,-0.041011,0.27005,-0.898494,0.002097,0.43897,0.218598,-0.864872,0.451824,0.381722,0.501916,0.776036,-0.140496,0.016265,0.059989,0.191595,-0.164596,-0.362157,-0.735565,0.025342,0.03734,-0.025099,0.851536,-0.008112,0.524233,-0.211249,0.909817,0.35722,-0.479854,-0.414929,0.773028,-0.078569,0.014022,0.027099,0.243762,-0.203325,-0.373335,-0.893651,0.114809,0.028271,-0.040067,0.819477,-0.261961,-0.509737,0.43711,0.860924,0.260278,0.370663,-0.436103,0.820013,-0.000969,0.009385,0.010459,0.051732,-0.054423,0.092001,-0.622319
2488,0.226541,-0.051419,0.33463,-0.775211,0.302436,-0.554641,-0.523666,-0.798722,0.296294,-0.352434,0.519757,0.778249,-0.000527,0.003087,0.02401,-0.034679,-0.005624,0.004723,-0.678835,-0.199591,-0.040006,0.272199,-0.902369,-0.020983,0.430443,0.230024,-0.867911,0.440174,0.365477,0.496238,0.787424,-0.139977,0.029575,0.052816,-0.100388,-0.748656,0.207434,-0.754297,0.022483,0.03784,-0.024018,0.857089,0.014321,0.514968,-0.221813,0.912469,0.3438,-0.464969,-0.408894,0.785244,-0.070095,0.014375,0.025924,-0.750472,-2.15338,1.313956,-0.895447,0.11489,0.028403,-0.039541,0.810659,-0.266928,-0.521134,0.443737,0.86076,0.249377,0.382006,-0.433406,0.816229,0.007414,0.002364,0.012231,-0.036928,-0.02556,0.051552,-0.718661
2489,0.227019,-0.051823,0.335716,-0.774263,0.309523,-0.552049,-0.527033,-0.798268,0.291509,-0.349496,0.516263,0.78189,0.016425,-0.012756,0.025675,0.067177,0.175115,0.097105,-0.685472,-0.205063,-0.039168,0.27426,-0.903999,-0.042632,0.425393,0.242903,-0.869853,0.429287,0.352858,0.491458,0.79613,-0.139648,0.026399,0.046116,0.119974,-0.068386,-0.267002,-0.755072,0.019747,0.038267,-0.022973,0.860836,0.035329,0.507653,-0.233269,0.913998,0.331951,-0.452267,-0.404175,0.795044,-0.061782,0.006939,0.025856,0.054899,-0.036428,-0.27833,-0.898549,0.115123,0.028207,-0.038999,0.810421,-0.273614,-0.518027,0.446953,0.860418,0.244771,0.378747,-0.429902,0.819593,0.01595,-0.00616,0.012389,0.110165,0.226798,0.120984,-0.74887
2490,0.227527,-0.052223,0.336281,-0.777247,0.317288,-0.543379,-0.528053,-0.798521,0.288957,-0.341255,0.511126,0.788874,0.032169,-0.014454,0.02242,0.372187,0.507138,0.465149,-0.6845,-0.207596,-0.038798,0.275154,-0.903687,-0.051129,0.425119,0.24788,-0.871848,0.422338,0.350175,0.487105,0.799981,-0.123434,0.012394,0.048519,0.360076,-0.358094,-0.491392,-0.75494,0.018475,0.03846,-0.022524,0.860484,0.041918,0.507748,-0.237188,0.914979,0.326427,-0.450896,-0.401317,0.797268,-0.061982,0.011669,0.02013,-0.016839,0.061699,-0.18362,-0.901815,0.115371,0.028007,-0.038716,0.813802,-0.279028,-0.509772,0.447622,0.86039,0.243643,0.37062,-0.426463,0.825087,0.016495,-0.012437,0.015729,-0.019071,0.104159,0.08827,-0.751972
2491,0.228739,-0.053094,0.337252,-0.789788,0.323473,-0.521197,-0.521107,-0.802056,0.291765,-0.322673,0.501625,0.802672,0.032528,-0.017374,0.019157,3.029807,-1.315953,-4.2875,-0.683252,-0.212321,-0.038066,0.276652,-0.904565,-0.063912,0.421509,0.257408,-0.869836,0.420785,0.34088,0.489207,0.802708,-0.107711,0.008782,0.041316,-0.042144,-0.200109,-0.104693,-0.754671,0.016106,0.038827,-0.021773,0.862723,0.055798,0.502588,-0.247,0.913758,0.322545,-0.441247,-0.402407,0.802103,-0.061954,0.010323,0.01749,-0.2272,-0.724165,0.273006,-0.900345,0.115989,0.027561,-0.038227,0.826237,-0.285805,-0.485434,0.442123,0.863012,0.24441,0.349083,-0.416562,0.839414,0.016241,-0.008976,0.009318,3.002293,-1.368695,-4.289503,-0.753115
2492,0.229931,-0.053693,0.337873,-0.806961,0.31795,-0.497761,-0.501831,-0.813519,0.293809,-0.310522,0.486485,0.816661,0.031723,-0.007212,0.009769,0.224495,0.332375,0.193479,-0.689267,-0.216865,-0.037448,0.278003,-0.903213,-0.082903,0.421099,0.274045,-0.866323,0.417513,0.331323,0.492608,0.804627,-0.108052,0.018102,0.029435,0.038697,0.018815,-0.195676,-0.75508,0.013874,0.039129,-0.021109,0.86267,0.07474,0.500213,-0.263252,0.910841,0.31791,-0.431854,-0.405933,0.80543,-0.054089,0.008853,0.014534,0.04105,0.01413,-0.204128,-0.90655,0.116562,0.027265,-0.037934,0.842519,-0.274959,-0.463204,0.42032,0.873368,0.246085,0.336885,-0.402026,0.8514,0.015856,-0.003663,0.004799,0.408362,0.641609,0.100286,-0.756054
2493,0.230504,-0.053849,0.338112,-0.810254,0.321944,-0.48978,-0.50047,-0.814958,0.292138,-0.304095,0.481422,0.822062,0.031549,-0.005563,0.011567,0.197516,0.371125,0.024543,-0.730959,-0.218859,-0.037335,0.278626,-0.901403,-0.087759,0.423984,0.279098,-0.866231,0.414345,0.332031,0.491936,0.804747,-0.092459,0.00329,0.031495,0.010974,0.117707,-0.389787,-0.754654,0.012832,0.039196,-0.02078,0.860864,0.079819,0.502535,-0.267932,0.910719,0.314329,-0.432579,-0.40524,0.805391,-0.054128,0.002037,0.016615,0.023436,0.006156,-0.232327,-0.90949,0.116861,0.027176,-0.037812,0.84606,-0.27854,-0.454528,0.418951,0.874655,0.243839,0.329637,-0.396728,0.856706,0.015827,-0.00334,0.005144,0.270338,0.383029,0.212724,-0.766832
2494,0.231671,-0.054,0.33847,-0.812221,0.33227,-0.47952,-0.501471,-0.817662,0.282715,-0.297141,0.469675,0.831349,0.030752,0.004063,0.001592,0.218326,0.266374,0.188311,-0.805891,-0.222902,-0.037683,0.280154,-0.896929,-0.095713,0.431683,0.289875,-0.864323,0.410916,0.334903,0.493818,0.802401,-0.092116,-0.019528,0.04639,-0.060791,0.036393,-0.221615,-0.751629,0.010849,0.039032,-0.020048,0.856146,0.088432,0.50911,-0.278262,0.909093,0.310032,-0.435412,-0.407099,0.802923,-0.046238,-0.004435,0.018842,-0.004391,0.012278,-0.246688,-0.910796,0.117438,0.027098,-0.037627,0.848741,-0.287642,-0.443734,0.419801,0.876768,0.234616,0.321566,-0.385408,0.864901,0.015778,-0.002795,0.005729,0.323094,0.449499,0.230755,-0.820391
2495,0.232283,-0.053941,0.338553,-0.817782,0.326178,-0.474221,-0.489437,-0.827645,0.274639,-0.301893,0.456287,0.837073,-0.000101,0.000854,0.000941,0.889106,-0.404403,-1.148668,-0.826761,-0.226321,-0.038263,0.282084,-0.892537,-0.11125,0.437026,0.30288,-0.865695,0.398459,0.335117,0.488147,0.805775,-0.075064,-0.01356,0.053918,0.519676,0.210417,-0.667416,-0.753358,0.009091,0.038721,-0.019083,0.852241,0.103655,0.512776,-0.289615,0.909752,0.297443,-0.435668,-0.402001,0.805349,-0.037707,-0.001386,0.022681,1.470303,1.552999,-2.0263,-0.928105,0.117762,0.02713,-0.037585,0.853283,-0.282713,-0.438155,0.408709,0.884424,0.225277,0.323827,-0.371303,0.870212,0.007627,0.00123,0.000683,2.711757,-1.402197,-4.535572,-0.85109
2496,0.23303,-0.053945,0.338663,-0.827128,0.314863,-0.465581,-0.471753,-0.839217,0.270434,-0.30455,0.442927,0.843263,0.030715,0.004346,0.001856,-1.213397,2.212553,-1.132846,-0.831262,-0.22862,-0.038606,0.284145,-0.888301,-0.126889,0.441374,0.31395,-0.869044,0.382271,0.336176,0.478303,0.811218,-0.043031,-0.012895,0.053921,0.153011,-0.17091,-0.320654,-0.749172,0.00793,0.038553,-0.018046,0.84825,0.120523,0.515699,-0.299221,0.912509,0.278914,-0.436964,-0.390897,0.810099,-0.021448,-0.005938,0.02773,0.305359,-0.131321,-0.448853,-0.941168,0.118124,0.027125,-0.037532,0.860276,-0.267706,-0.433885,0.389118,0.894649,0.21952,0.329409,-0.35768,0.873815,0.008155,-0.004278,0.004805,-0.039644,-0.096341,0.197541,-0.863826
2497,0.233583,-0.054009,0.338832,-0.82946,0.318272,-0.459069,-0.471924,-0.838966,0.270916,-0.297891,0.440959,0.846666,0.031483,-0.00479,0.012306,0.020382,0.394273,0.053802,-0.828167,-0.229377,-0.03875,0.285131,-0.88764,-0.131485,0.441359,0.316731,-0.869852,0.378117,0.335308,0.475591,0.81317,-0.043098,-0.001563,0.045813,0.260041,-0.361769,-0.34522,-0.74712,0.007553,0.038479,-0.017547,0.847528,0.124134,0.516029,-0.301526,0.912737,0.275664,-0.43678,-0.38923,0.811,-0.013585,-0.00647,0.026794,0.247644,-0.518216,-0.165356,-0.937902,0.118394,0.027098,-0.037457,0.863855,-0.270792,-0.424764,0.388837,0.894525,0.220519,0.320248,-0.355661,0.878034,0.015342,0.002298,0.001038,-1.22928,2.189089,-1.176928,-0.865459
2498,0.234503,-0.054171,0.339351,-0.835614,0.321522,-0.445442,-0.467434,-0.84212,0.268904,-0.287622,0.43251,0.854538,0.015719,-0.003659,0.015006,0.084784,0.143902,0.105414,-0.80799,-0.230388,-0.038978,0.286922,-0.888099,-0.138055,0.438421,0.320073,-0.870139,0.374627,0.330877,0.473208,0.816369,-0.011561,-0.003156,0.04296,0.11393,-0.224294,-0.137413,-0.74917,0.007035,0.038366,-0.016649,0.848839,0.131303,0.512084,-0.304727,0.913071,0.271001,-0.431987,-0.386083,0.815062,-0.013688,-0.001189,0.022133,0.205898,-0.290167,-0.240673,-0.937902,0.118867,0.027012,-0.037197,0.870502,-0.273136,-0.409417,0.384032,0.897224,0.21796,0.307806,-0.346964,0.885928,0.008314,-0.006972,0.012089,0.034634,0.145851,0.064901,-0.860397
2499,0.235023,-0.0545,0.340294,-0.844137,0.314452,-0.434278,-0.450984,-0.854481,0.257775,-0.288979,0.413055,0.863657,0.000797,-0.012249,0.027536,0.217966,0.401301,0.155998,-0.783875,-0.230331,-0.038855,0.288625,-0.886623,-0.144779,0.439238,0.324219,-0.871687,0.367392,0.330794,0.468332,0.819209,0.020757,-0.000609,0.045794,-0.018881,-0.087833,0.032869,-0.74789,0.007051,0.038423,-0.015803,0.847817,0.139021,0.51174,-0.308299,0.914394,0.262363,-0.431459,-0.380205,0.818099,0.002557,0.006214,0.0202,-0.025831,-0.060184,0.034284,-0.938882,0.119132,0.026851,-0.03673,0.877982,-0.26389,-0.399384,0.366572,0.9072,0.206424,0.307849,-0.32764,0.89324,0.008083,-0.005164,0.014062,0.328994,0.527257,0.23167,-0.844231
2500,0.235234,-0.054726,0.340903,-0.844889,0.321485,-0.427616,-0.452896,-0.855277,0.25171,-0.283762,0.405928,0.868751,0.000589,-0.010608,0.029317,0.331661,0.547217,0.249572,-0.768151,-0.229945,-0.038767,0.289512,-0.885114,-0.149179,0.440807,0.326975,-0.873205,0.361295,0.332121,0.46411,0.821073,0.021084,0.001174,0.048017,0.088895,-0.119967,-0.233555,-0.746994,0.007244,0.038466,-0.015361,0.846325,0.142857,0.513151,-0.310109,0.915413,0.256611,-0.433087,-0.37631,0.819039,0.010626,0.001101,0.024711,0.169593,-0.303338,-0.08084,-0.938555,0.119238,0.026737,-0.036427,0.879104,-0.269814,-0.392906,0.368428,0.907659,0.201032,0.302384,-0.321485,0.897334,0.008051,-0.004946,0.014295,0.345616,0.579309,0.284799,-0.834434
2501,0.235344,-0.055172,0.341864,-0.846019,0.32984,-0.418932,-0.455094,-0.85609,0.244891,-0.27682,0.39742,0.874903,-0.014165,-0.017485,0.023264,0.092653,0.255846,0.024837,-0.733805,-0.228964,-0.038697,0.291665,-0.886266,-0.155971,0.436116,0.328742,-0.874956,0.355408,0.327255,0.458554,0.826133,0.037707,-0.00609,0.060674,0.062583,-0.240889,-0.019971,-0.745095,0.007719,0.0385,-0.014311,0.848326,0.149291,0.50799,-0.3112,0.916801,0.25026,-0.428364,-0.370389,0.824206,0.010991,-0.002688,0.030941,0.14648,-0.324289,-0.108635,-0.936433,0.119297,0.02653,-0.035937,0.880872,-0.278365,-0.382853,0.371043,0.90827,0.193315,0.293922,-0.312341,0.903355,0.000613,-0.007937,0.011761,0.187862,0.365025,0.099207,-0.809777
2502,0.23484,-0.055707,0.342405,-0.850609,0.317082,-0.419486,-0.441605,-0.863834,0.242378,-0.284459,0.391017,0.875338,-0.014522,-0.011787,0.009042,-0.030762,-0.059701,0.130445,-0.741461,-0.22816,-0.039071,0.294039,-0.88717,-0.172111,0.428134,0.335181,-0.877887,0.34191,0.318114,0.447054,0.835948,0.021638,-0.018551,0.066851,0.220219,-0.448159,-0.219608,-0.74448,0.008138,0.038328,-0.013095,0.850879,0.164309,0.499005,-0.315954,0.918908,0.236178,-0.419734,-0.358622,0.833794,0.002969,-0.008876,0.034084,0.338284,-0.5535,-0.348385,-0.934963,0.11904,0.026254,-0.035652,0.884298,-0.265616,-0.384009,0.357181,0.914514,0.189957,0.300726,-0.305139,0.903577,-0.007245,-0.006107,0.004291,-0.044057,-0.069857,0.124496,-0.800143
2503,0.234152,-0.056248,0.342835,-0.851267,0.312491,-0.421592,-0.437646,-0.866059,0.24162,-0.288565,0.389797,0.874538,-0.014666,-0.010738,0.010175,-0.036449,0.020554,-0.051447,-0.753561,-0.227664,-0.039772,0.29674,-0.888671,-0.192828,0.416021,0.342368,-0.882404,0.322616,0.305999,0.429378,0.849625,0.005969,-0.017703,0.067777,0.478462,-0.818602,-0.293898,-0.736245,0.008395,0.037984,-0.011771,0.854347,0.182564,0.486581,-0.320774,0.921884,0.217331,-0.408895,-0.341759,0.84617,0.003012,-0.00851,0.034338,0.236137,-0.546054,-0.085021,-0.932514,0.118702,0.025981,-0.035448,0.884576,-0.261028,-0.386506,0.35301,0.916314,0.189081,0.304806,-0.303697,0.902696,0.000366,-0.004473,0.00534,-0.035435,0.005619,-0.023328,-0.807818
2504,0.233925,-0.056473,0.343057,-0.8509,0.312893,-0.422032,-0.438385,-0.865576,0.24201,-0.288523,0.390545,0.874217,-0.014733,-0.010224,0.010732,-0.031415,-0.060114,0.130284,-0.738649,-0.227726,-0.039948,0.29796,-0.891808,-0.19872,0.406423,0.342303,-0.883617,0.319349,0.296775,0.424172,0.855492,0.005696,-0.007168,0.05858,0.20222,-0.454818,-0.031479,-0.730345,0.008364,0.037889,-0.011153,0.858976,0.189284,0.475743,-0.320939,0.923014,0.21223,-0.398946,-0.334985,0.853595,-0.004934,-0.002908,0.030319,0.33308,-0.512675,-0.308625,-0.926798,0.118594,0.025871,-0.035343,0.884322,-0.261378,-0.386853,0.353649,0.915972,0.189542,0.304804,-0.304427,0.90245,0.000402,-0.004767,0.005019,-0.030042,-0.075028,0.1588,-0.807001
2505,0.23357,-0.056863,0.343556,-0.849886,0.316047,-0.421727,-0.440975,-0.864664,0.24056,-0.287571,0.390022,0.874765,-0.015051,-0.007639,0.013543,-0.03063,-0.071378,0.156805,-0.693314,-0.228236,-0.039874,0.299945,-0.892704,-0.226849,0.389372,0.358651,-0.880629,0.309509,0.273795,0.416238,0.866975,-0.010804,0.012532,0.038792,0.250263,-0.437009,-0.007082,-0.715007,0.008117,0.037919,-0.010143,0.862911,0.215615,0.457048,-0.336628,0.919796,0.201636,-0.376916,-0.327849,0.866284,-0.013189,0.006822,0.020263,0.418364,-0.514681,-0.313672,-0.915042,0.118411,0.02567,-0.035099,0.883612,-0.264571,-0.386302,0.356303,0.915226,0.188172,0.303769,-0.303912,0.902973,-0.007104,-0.008777,0.01158,-0.069325,-0.069914,0.133367,-0.786753
2506,0.233338,-0.057123,0.344276,-0.852891,0.310751,-0.41959,-0.433601,-0.869231,0.237486,-0.289865,0.384093,0.876628,-7.7e-05,-0.002147,0.018052,0.00353,-0.03873,0.206252,-0.640029,-0.228972,-0.039458,0.301316,-0.89305,-0.236217,0.382955,0.363665,-0.879939,0.305596,0.265906,0.412481,0.871216,-0.011974,0.006542,0.030911,-0.020319,-0.016854,-0.006944,-0.692437,0.007756,0.038128,-0.00944,0.864609,0.225153,0.449172,-0.341488,0.919089,0.196623,-0.368559,-0.323389,0.87154,-0.013726,0.003935,0.016455,-0.062601,0.036741,-0.020995,-0.89463,0.11829,0.025534,-0.034738,0.886181,-0.258878,-0.38427,0.348477,0.918971,0.184537,0.305361,-0.297443,0.904588,-7.1e-05,-0.000888,0.009231,-0.01673,0.026035,0.023677,-0.747563
2507,0.233428,-0.057147,0.344638,-0.85441,0.308055,-0.418488,-0.429813,-0.871559,0.235836,-0.291027,0.380984,0.8776,0.015338,-0.000394,0.018496,-0.00933,0.01418,0.04856,-0.628251,-0.229406,-0.039263,0.301773,-0.891146,-0.24211,0.38371,0.369813,-0.877383,0.305565,0.263794,0.414513,0.870893,-0.028385,0.014556,0.01896,-0.013427,0.115796,-0.205263,-0.691843,0.007535,0.038232,-0.009195,0.862983,0.230805,0.449431,-0.347609,0.916785,0.196652,-0.366644,-0.325934,0.871399,-0.014126,0.001876,0.013807,-0.044069,0.025244,-0.018352,-0.887445,0.118329,0.025524,-0.034553,0.887389,-0.256122,-0.383328,0.344634,0.920812,0.18257,0.306213,-0.294119,0.905387,-7.4e-05,-0.000875,0.009235,-0.034895,0.001968,0.015902,-0.732377
2508,0.233838,-0.057001,0.345046,-0.854421,0.310938,-0.416327,-0.431709,-0.870691,0.235578,-0.288183,0.380623,0.878694,-0.000531,0.004363,0.004725,0.008365,-0.000647,0.030959,-0.604511,-0.230382,-0.039004,0.302503,-0.888537,-0.245289,0.387719,0.374492,-0.87578,0.304463,0.265986,0.416037,0.869498,-0.01354,-0.001313,0.020833,-0.047719,0.115013,-0.19221,-0.694866,0.007051,0.038358,-0.008843,0.860213,0.234236,0.452952,-0.352088,0.915364,0.195296,-0.368871,-0.327475,0.869881,-0.006791,-0.000685,0.010397,-0.04486,0.101322,-0.164487,-0.886302,0.118534,0.025601,-0.034337,0.887658,-0.25871,-0.380961,0.34652,0.920104,0.182568,0.303292,-0.294069,0.906386,-0.000266,0.00212,0.002292,-0.010843,-0.011133,0.002054,-0.711803
2509,0.233919,-0.05688,0.345062,-0.853002,0.312727,-0.417893,-0.433803,-0.869995,0.234297,-0.289237,0.380745,0.878295,-0.000901,0.010215,-0.00928,0.040408,-0.085655,0.204002,-0.588466,-0.231043,-0.038925,0.303099,-0.88677,-0.251476,0.387802,0.379278,-0.875262,0.299997,0.265094,0.413433,0.871012,-0.014218,-0.00461,0.016648,0.061718,-0.004389,-0.302473,-0.690084,0.00671,0.038402,-0.008539,0.858846,0.240181,0.452432,-0.356187,0.914785,0.190517,-0.36812,-0.324776,0.87121,0.000596,0.002895,0.003643,0.153565,-0.191966,-0.082555,-0.884669,0.118585,0.025664,-0.03432,0.886354,-0.260648,-0.382673,0.348771,0.919451,0.18157,0.304523,-0.294401,0.905865,-3e-06,1.1e-05,1.1e-05,0.00461,-0.080677,0.181522,-0.697106
2510,0.23376,-0.056932,0.345082,-0.856915,0.299483,-0.419585,-0.420644,-0.876732,0.233175,-0.29697,0.37593,0.877788,-0.014543,-0.011654,0.009167,-0.031485,-0.059416,0.130587,-0.579917,-0.231219,-0.038845,0.303369,-0.886185,-0.254201,0.387361,0.381115,-0.875195,0.297855,0.264409,0.411909,0.871942,0.000642,0.003055,0.003825,0.078518,-0.0949,-0.060486,-0.683831,0.006615,0.038437,-0.008402,0.858381,0.243069,0.451772,-0.357978,0.914589,0.188089,-0.367467,-0.323176,0.87208,-0.007377,0.002204,0.00289,0.100294,-0.118765,-0.078139,-0.878954,0.1185,0.025637,-0.034319,0.889049,-0.247279,-0.385283,0.335129,0.92487,0.179726,0.311895,-0.288905,0.905126,-0.007264,-0.005891,0.004515,-0.032157,-0.058458,0.130357,-0.68437
2511,0.233755,-0.05701,0.345167,-0.857792,0.29553,-0.420596,-0.416885,-0.878646,0.232721,-0.299716,0.374594,0.877426,0.000776,-0.009207,0.01037,-0.03051,-0.074081,0.16017,-0.584667,-0.231285,-0.03885,0.30353,-0.88616,-0.254211,0.387411,0.381215,-0.875077,0.298074,0.264348,0.412153,0.871845,0.000701,0.003333,0.00417,0.001148,-0.001388,-0.000884,-0.684847,0.006582,0.038432,-0.008325,0.858342,0.24327,0.451738,-0.358225,0.914469,0.188199,-0.367318,-0.323363,0.872073,0.000448,-0.003604,0.006567,-0.04422,0.009635,0.012824,-0.878138,0.118497,0.025599,-0.034283,0.889652,-0.243227,-0.386469,0.331094,0.926441,0.179118,0.314475,-0.28731,0.904741,0.000375,-0.004506,0.00529,-0.03589,0.00634,-0.021824,-0.683553
2512,0.233711,-0.057344,0.345604,-0.856881,0.300774,-0.41873,-0.420229,-0.877989,0.229161,-0.297653,0.371947,0.879252,0.000583,-0.007616,0.012091,0.003533,0.050176,0.027831,-0.5885,-0.231277,-0.038947,0.304107,-0.886362,-0.259937,0.383127,0.383422,-0.87577,0.293167,0.260434,0.407083,0.875397,0.002048,-0.013285,0.027635,-0.014163,-0.054147,-0.051095,-0.686946,0.006585,0.038375,-0.008046,0.859361,0.24871,0.446811,-0.359811,0.914955,0.182737,-0.363364,-0.317804,0.875766,0.00106,-0.006431,0.014084,-0.054624,-0.015696,-0.037646,-0.878138,0.118476,0.025426,-0.034062,0.889192,-0.248593,-0.384106,0.334628,0.925878,0.175424,0.312026,-0.284518,0.906469,0.000285,-0.003795,0.006058,-0.016585,0.026523,0.024565,-0.686329
2513,0.233465,-0.057921,0.346349,-0.860775,0.29621,-0.413972,-0.412253,-0.882716,0.22546,-0.297569,0.364358,0.882453,-0.014112,-0.018123,0.022486,0.016834,-0.054319,-0.009306,-0.557274,-0.231061,-0.039046,0.30519,-0.886929,-0.265062,0.378273,0.385123,-0.876332,0.289235,0.255935,0.402551,0.878813,0.003302,-0.007245,0.03506,0.082637,-0.18345,-0.098794,-0.688505,0.00669,0.038329,-0.007534,0.860502,0.252553,0.442439,-0.360917,0.915147,0.179564,-0.359548,-0.314199,0.878636,0.001634,0.002129,0.013652,0.260642,-0.348546,-0.155787,-0.879934,0.118358,0.025151,-0.033707,0.892517,-0.243936,-0.379351,0.326753,0.929499,0.171067,0.310877,-0.276634,0.9093,-0.007498,-0.004094,0.006458,0.652882,-0.368871,-1.515661,-0.677348
