frame,MLTx,MLTy,MLTz,MLTR1,MLTR2,MLTR3,MLTR4,MLTR5,MLTR6,MLTR7,MLTR8,MLTR9,MLTTVx,MLTTVy,MLTTVz,MLTRVx,MLTRVy,MLTRVz,MLGA,MRTx,MRTy,MRTz,MRTR1,MRTR2,MRTR3,MRTR4,MRTR5,MRTR6,MRTR7,MRTR8,MRTR9,MRTTVx,MRTTVy,MRTTVz,MRTRVx,MRTRVy,MRTRVz,MRGA,SLTx,SLTy,SLTz,SLTR1,SLTR2,SLTR3,SLTR4,SLTR5,SLTR6,SLTR7,SLTR8,SLTR9,SLTTVx,SLTTVy,SLTTVz,SLTRVx,SLTRVy,SLTRVz,SLGA,SRTx,SRTy,SRTz,SRTR1,SRTR2,SRTR3,SRTR4,SRTR5,SRTR6,SRTR7,SRTR8,SRTR9,SRTTVx,SRTTVy,SRTTVz,SRTRVx,SRTRVy,SRTRVz,SRGA
2430,0.06531,0.035754,0.410072,-0.655949,-0.299128,-0.693036,-0.152965,-0.846426,0.510037,-0.738358,0.440936,0.510324,0.040287,0.009692,-0.010674,0.134596,0.156523,0.011239,0.340523,-0.092381,0.027027,0.404178,0.412298,0.702542,0.580032,-0.865891,0.500067,0.010003,-0.283525,-0.507251,0.81374,0.008952,0.022936,-0.03306,0.527934,-1.086784,0.23279,-1.403313,0.033313,0.057345,-0.006906,-0.452937,-0.678932,0.577838,0.843683,-0.535906,0.031654,0.288177,0.50185,0.815536,-0.001397,0.00969,-0.017041,0.623019,-1.261811,0.116909,-0.773795,0.078575,0.048125,-0.057021,-0.659587,-0.336859,-0.671915,-0.075473,-0.859746,0.505114,-0.747829,0.383878,0.541653,0.020762,0.00983,-0.010134,0.213424,0.183206,0.052113,0.265655
2431,0.066954,0.036244,0.409401,-0.675492,-0.277335,-0.683257,-0.170464,-0.842775,0.510533,-0.716585,0.461673,0.522869,0.038979,0.006646,-0.012247,0.248611,0.561434,-0.098807,0.340214,-0.091991,0.027687,0.402799,0.443372,0.72662,0.52482,-0.856012,0.516832,0.007826,-0.266095,-0.453637,0.850453,0.010829,0.01555,-0.036949,0.765423,-1.584157,0.195986,-1.403049,0.033512,0.05768,-0.007609,-0.484509,-0.70118,0.523064,0.832812,-0.552714,0.030499,0.26772,0.450391,0.851746,0.005523,0.0074,-0.018686,0.740737,-1.513515,0.210034,-0.776408,0.0794,0.048376,-0.057354,-0.679474,-0.317084,-0.661643,-0.093396,-0.857074,0.506655,-0.72773,0.406054,0.552745,0.026154,0.007125,-0.011694,0.2792,1.073781,-0.482123,0.271207
2432,0.068554,0.036526,0.408843,-0.690739,-0.256504,-0.676114,-0.179374,-0.845003,0.503752,-0.699677,0.469554,0.538514,0.037133,-0.004838,-0.003502,0.151175,0.258449,0.003178,0.323468,-0.091416,0.028373,0.4012,0.484633,0.737647,0.470105,-0.838803,0.544263,0.010961,-0.248366,-0.400568,0.881886,0.022024,0.024226,-0.047981,0.044829,-1.749287,1.143203,-1.403187,0.033787,0.058007,-0.008377,-0.522028,-0.711874,0.46981,0.815505,-0.577948,0.030418,0.249872,0.399012,0.882242,0.011133,0.011742,-0.024195,0.401889,-0.841888,0.964005,-0.769876,0.080186,0.048518,-0.057632,-0.69674,-0.296361,-0.65324,-0.102065,-0.86044,0.499224,-0.710025,0.414502,0.569255,0.019188,0.002633,-0.006507,0.226113,0.303657,0.050213,0.257327
2433,0.070065,0.0366,0.408531,-0.710123,-0.220257,-0.668773,-0.203902,-0.84481,0.494663,-0.67306,0.487906,0.555846,0.037837,-0.002756,-0.002447,-3.443671,3.218107,2.989435,0.310475,-0.090846,0.028984,0.399508,0.509993,0.748909,0.423123,-0.830213,0.557192,0.014726,-0.225356,-0.35974,0.905354,0.012462,0.009398,-0.040278,-0.053647,-1.256284,-0.76395,-1.403808,0.034086,0.058322,-0.009259,-0.550111,-0.721809,0.419963,0.805039,-0.592072,0.036901,0.222013,0.358386,0.90679,0.006273,0.004595,-0.020214,0.026427,-1.363878,-0.814974,-0.770203,0.080954,0.048552,-0.057795,-0.716282,-0.266183,-0.645047,-0.121977,-0.862395,0.49132,-0.687066,0.430605,0.58525,0.018863,-0.001554,-0.001341,0.35325,0.534267,0.123175,0.236589
2434,0.070833,0.036557,0.408476,-0.719719,-0.20061,-0.664685,-0.216472,-0.844811,0.48929,-0.658798,0.496282,0.565433,0.049687,-0.005605,-0.004257,-3.220654,3.349376,3.363352,0.304093,-0.09054,0.029019,0.398927,0.515509,0.756605,0.402232,-0.829772,0.557857,0.014403,-0.214122,-0.342143,0.914851,0.013861,0.001252,-0.029894,0.634269,-1.230934,0.698783,-1.404162,0.03424,0.058335,-0.009551,-0.555163,-0.729599,0.399348,0.80488,-0.592293,0.036818,0.209669,0.341867,0.916059,0.006944,0.000672,-0.01493,0.565441,-1.13301,0.730057,-0.775918,0.081334,0.048531,-0.057822,-0.726451,-0.248455,-0.640732,-0.134844,-0.862698,0.487409,-0.673859,0.440477,0.593205,0.018939,-0.001291,-0.001209,0.089827,0.191767,-0.018327,0.228261
2435,0.072371,0.036274,0.408582,-0.742077,-0.150818,-0.653162,-0.250916,-0.84106,0.479198,-0.620701,0.519675,0.587108,0.0368,-0.012227,0.007308,0.407642,0.881446,0.305715,0.290066,-0.09006,0.029239,0.398032,0.480965,0.796309,0.366818,-0.859447,0.510833,0.018259,-0.173432,-0.32505,0.929584,0.010724,0.013397,-0.023313,-1.821141,-0.646875,-4.609854,-1.404294,0.034484,0.058429,-0.010008,-0.522582,-0.771252,0.363424,0.835757,-0.547675,0.039502,0.168573,0.324377,0.930785,0.005304,0.007196,-0.011455,-1.873348,-0.571972,-4.585895,-0.783266,0.082108,0.048394,-0.057772,-0.753234,-0.196372,-0.627754,-0.17471,-0.860378,0.478774,-0.634125,0.470304,0.613758,0.019213,-0.000428,-0.000782,-0.128699,0.569095,0.365342,0.20834
2436,0.073768,0.036143,0.408606,-0.765435,-0.100179,-0.635703,-0.277241,-0.840136,0.466133,-0.579826,0.533158,0.616094,0.026183,0.001154,-0.000136,0.450424,0.769078,-0.028914,0.277557,-0.0895,0.030128,0.396973,0.411313,0.844468,0.343056,-0.900758,0.434087,0.011766,-0.13948,-0.314917,0.938742,0.008035,0.02648,-0.030985,-0.28356,-0.429386,-1.265186,-1.404281,0.03476,0.05887,-0.010522,-0.454343,-0.82251,0.342122,0.880671,-0.472543,0.033484,0.134126,0.31651,0.939058,0.011112,0.009333,-0.010735,-1.667323,-0.586795,-4.872552,-0.780164,0.082811,0.048324,-0.057758,-0.780047,-0.146301,-0.608375,-0.201522,-0.861736,0.465616,-0.59238,0.485804,0.642713,0.019215,-0.00031,-0.000726,0.596905,0.913658,0.094065,0.192174
2437,0.074404,0.036135,0.408594,-0.777294,-0.070833,-0.625173,-0.291925,-0.839633,0.458005,-0.556395,0.538592,0.632748,0.037743,-0.002444,-0.002328,0.356001,1.264797,0.437157,0.265312,-0.089158,0.030424,0.39656,0.360902,0.87547,0.321392,-0.924896,0.380115,0.003522,-0.11952,-0.299631,0.946467,0.02435,0.007129,-0.012783,0.696557,-1.17563,-0.569453,-1.404196,0.034923,0.059033,-0.010731,-0.40497,-0.85484,0.324418,0.907427,-0.419276,0.027948,0.11213,0.305705,0.9455,0.012126,0.003767,-0.006295,0.117664,-0.937533,-1.568356,-0.781796,0.083125,0.048322,-0.057763,-0.792773,-0.119518,-0.597682,-0.216189,-0.861694,0.459069,-0.569886,0.49315,0.65729,0.013228,0.000992,0.00012,-0.696651,1.407834,1.003231,0.180254
2438,0.075744,0.035994,0.408602,-0.795663,-0.016052,-0.605563,-0.325466,-0.831807,0.4496,-0.509943,0.554837,0.657374,0.037514,-0.002918,-0.002579,-3.058118,2.988503,3.556658,0.248433,-0.088217,0.030341,0.396247,0.323617,0.913206,0.247628,-0.940429,0.339214,-0.021477,-0.104001,-0.227081,0.968236,0.026716,-0.004485,-0.004322,-0.819463,-3.521147,0.197875,-1.40424,0.035393,0.058997,-0.010891,-0.366879,-0.895436,0.252175,0.925276,-0.379293,-0.000671,0.096249,0.233086,0.967681,0.013361,-0.00227,-0.002211,1.245398,-1.846384,-0.725867,-0.778857,0.083795,0.048252,-0.057759,-0.814697,-0.068631,-0.57581,-0.245927,-0.85836,0.450263,-0.525155,0.508436,0.682425,0.018633,-0.001795,-0.001487,0.316498,0.560473,-0.078141,0.152494
2439,0.0771,0.035877,0.408446,-0.809502,0.028056,-0.586485,-0.34901,-0.826259,0.442108,-0.471182,0.562538,0.679386,0.024798,-0.002448,-0.001978,0.029694,0.781917,0.218535,0.235396,-0.086939,0.030306,0.396245,0.30972,0.938369,0.153391,-0.944742,0.321949,-0.061199,-0.107183,-0.12715,0.986006,0.036862,0.005448,0.000212,1.396653,-1.999973,0.422242,-1.404246,0.03603,0.058966,-0.010899,-0.35216,-0.922787,0.156352,0.931379,-0.36199,-0.038672,0.092284,0.132004,0.986943,0.013379,-0.003701,0.00444,1.565304,-2.180753,0.216355,-0.782123,0.084478,0.048195,-0.057836,-0.830882,-0.021959,-0.556013,-0.274847,-0.852627,0.444393,-0.483831,0.522057,0.702398,0.018347,-0.00259,-0.001883,-0.556117,1.392702,1.111808,0.136329
2440,0.078195,0.035662,0.40828,-0.816496,0.054571,-0.574806,-0.361778,-0.824247,0.435552,-0.449002,0.563507,0.693458,0.022508,-0.016017,0.005728,0.190296,0.46674,-0.177273,0.199244,-0.085886,0.030264,0.396545,0.298967,0.951104,0.077528,-0.945261,0.306382,-0.112008,-0.130642,-0.041006,0.990512,0.025893,-0.00412,0.010757,1.147053,-1.750402,0.772277,-1.404206,0.036561,0.058952,-0.010751,-0.339684,-0.937085,0.080532,0.933806,-0.34624,-0.090124,0.112337,0.044587,0.992669,0.011938,0.003089,0.000757,1.230125,-1.787094,0.36956,-0.784082,0.085027,0.048095,-0.057921,-0.839218,0.004392,-0.543777,-0.288446,-0.851295,0.438286,-0.46099,0.524668,0.715689,0.011717,-0.003182,-0.002,0.293875,0.463152,0.067007,0.098772
2441,0.07865,0.035521,0.408216,-0.818633,0.066671,-0.570473,-0.369267,-0.821868,0.433758,-0.43892,0.565659,0.698144,0.022176,-0.017009,0.005227,0.064333,0.201675,-0.0814,0.186269,-0.085491,0.030267,0.396651,0.289987,0.95577,0.049024,-0.946837,0.294076,-0.130204,-0.139207,-0.009876,0.990145,0.011988,0.002939,0.00069,0.775874,-1.262811,0.637057,-1.404218,0.036767,0.058954,-0.010693,-0.330591,-0.942421,0.050495,0.936069,-0.334245,-0.109783,0.12034,0.010974,0.992671,0.005961,0.001551,0.000396,0.673559,-1.167915,0.65583,-0.780653,0.085263,0.048017,-0.057951,-0.842366,0.016778,-0.538642,-0.295968,-0.849686,0.436389,-0.450355,0.527021,0.720713,0.011031,-0.008666,0.002512,0.011091,0.148156,-0.098473,0.077544
2442,0.079265,0.035368,0.408086,-0.816427,0.09659,-0.569353,-0.393597,-0.814539,0.426122,-0.42159,0.571869,0.703743,0.011723,-0.003168,-0.00197,0.031759,0.038039,0.059144,0.176959,-0.085399,0.030071,0.396885,0.260937,0.964999,0.026068,-0.954974,0.262095,-0.138802,-0.141085,0.010097,0.989877,-0.00992,-0.013466,0.0084,0.001307,-0.328812,0.343558,-1.404274,0.03682,0.058871,-0.01058,-0.301241,-0.953087,0.029625,0.945853,-0.302605,-0.117435,0.12089,-0.007355,0.992638,0.001234,-0.00548,0.004337,-0.179979,0.482243,-4.905331,-0.78196,0.085564,0.047938,-0.058018,-0.842009,0.046636,-0.537442,-0.321096,-0.843884,0.429834,-0.433493,0.534495,0.725533,0.005844,-0.00163,-0.001022,-0.068473,0.077338,0.149174,0.052234
2443,0.079562,0.035313,0.407983,-0.813921,0.118281,-0.568847,-0.413362,-0.805925,0.423779,-0.407314,0.579912,0.705566,0.011613,-0.003493,-0.002134,-0.001019,-0.012654,0.032547,0.171466,-0.085078,0.02944,0.39716,0.243618,0.969596,0.022939,-0.959782,0.244529,-0.137688,-0.139398,0.010294,0.990114,0.016048,-0.014685,0.005853,-0.013832,-0.17835,0.363545,-1.404229,0.036965,0.058557,-0.010434,-0.283761,-0.958513,0.027046,0.951506,-0.284957,-0.115909,0.118807,-0.007156,0.992891,0.008278,-0.008323,0.002386,-0.012177,-0.173855,0.33967,-0.786205,0.085713,0.04791,-0.05807,-0.840932,0.068119,-0.536835,-0.341427,-0.836448,0.428696,-0.419833,0.543795,0.726654,0.005787,-0.001802,-0.001103,-0.010128,-0.018331,0.033758,0.044559
2444,0.079689,0.035264,0.407954,-0.810845,0.133437,-0.569886,-0.428706,-0.798304,0.422958,-0.397501,0.587098,0.705221,0.011478,-0.003895,-0.002337,0.00788,-0.097826,0.210703,0.164141,-0.084866,0.029076,0.397351,0.234103,0.971989,0.020583,-0.960822,0.23465,-0.147286,-0.148265,0.013468,0.988787,0.003189,-0.014541,0.006874,0.280475,-0.311483,0.020844,-1.404748,0.03708,0.05836,-0.010342,-0.275068,-0.9611,0.02496,0.952937,-0.27599,-0.125453,0.127462,-0.010722,0.991784,0.001575,-0.007254,0.003446,0.319104,-0.356062,0.021321,-0.786532,0.085777,0.047886,-0.058084,-0.838987,0.083302,-0.537735,-0.357141,-0.829879,0.42866,-0.410547,0.551689,0.726009,-0.000191,-0.000557,-0.000289,0.001007,-0.001413,-0.00071,0.037701
2445,0.079777,0.035199,0.407885,-0.804376,0.163092,-0.571336,-0.458265,-0.782356,0.421764,-0.377205,0.600874,0.704765,-0.000773,-0.002287,-0.001154,-0.001305,0.012273,-0.025868,0.157742,-0.084374,0.028631,0.398036,0.228975,0.973386,0.009071,-0.956149,0.226764,-0.185176,-0.182572,0.03249,0.982586,0.0117,0.001029,0.014575,1.063284,-0.859383,-0.406365,-1.404789,0.037325,0.058121,-0.010013,-0.270907,-0.962484,0.015274,0.949282,-0.269755,-0.161541,0.159601,-0.029264,0.986747,0.006704,-0.004124,0.012181,0.755043,-0.739055,-0.123429,-0.785552,0.085826,0.047855,-0.058118,-0.834508,0.113384,-0.539202,-0.387829,-0.815997,0.428644,-0.391386,0.566825,0.724931,-0.000155,-0.000455,-0.000235,0.003108,-0.0013,-0.002088,0.022515
2446,0.0797,0.0352,0.407822,-0.801067,0.17986,-0.570953,-0.472904,-0.774939,0.419288,-0.366048,0.605657,0.706552,-0.000755,-0.002232,-0.001127,-0.947261,0.707844,1.14555,0.163007,-0.084164,0.028557,0.398528,0.228583,0.973426,-0.013521,-0.948758,0.219757,-0.226933,-0.218197,0.063462,0.973769,0.000772,-0.005837,0.011713,0.738122,-0.654282,-0.143207,-1.405512,0.037429,0.058105,-0.009756,-0.269487,-0.962958,-0.009344,0.942883,-0.261871,-0.205899,0.195825,-0.064297,0.978528,-0.000671,0.00237,0.001299,0.958008,-0.89356,0.024777,-0.780817,0.085787,0.047854,-0.05815,-0.832584,0.128867,-0.538699,-0.401495,-0.810406,0.426665,-0.381582,0.571519,0.726471,0.000419,0.004578,-0.004922,-3.129979,2.291551,3.913436,0.021046
2447,0.079709,0.035255,0.407674,-0.794137,0.204282,-0.572417,-0.496926,-0.760524,0.4179,-0.348984,0.616061,0.706191,-0.000813,-0.002403,-0.001215,-0.001239,-0.065995,0.163612,0.160948,-0.084314,0.028446,0.398781,0.236988,0.971235,-0.02302,-0.939914,0.223346,-0.258093,-0.245803,0.081565,0.965811,-0.000566,0.002028,0.00112,0.604719,-0.583423,0.140119,-1.405821,0.037354,0.05805,-0.009624,-0.277279,-0.96062,-0.018027,0.934798,-0.265396,-0.236044,0.221964,-0.082301,0.971574,0.000631,-0.003814,0.005365,0.003724,-0.158375,0.314024,-0.783103,0.085792,0.047882,-0.058224,-0.827234,0.155015,-0.540049,-0.427791,-0.796907,0.426536,-0.36425,0.583873,0.725543,0.006225,0.002973,-0.005962,0.012846,-0.015499,0.075205,0.024964
2448,0.079743,0.035266,0.407569,-0.791924,0.220209,-0.569569,-0.509606,-0.752237,0.417626,-0.335506,0.620708,0.70865,-0.001253,-0.003703,-0.001873,0.041269,0.079982,0.010184,0.16206,-0.084381,0.02843,0.398845,0.242857,0.969781,-0.023182,-0.936413,0.228252,-0.266392,-0.253333,0.085168,0.963552,-0.000437,0.001569,0.000866,0.164585,-0.192688,0.12252,-1.405688,0.03732,0.058042,-0.009592,-0.282873,-0.958955,-0.019655,0.93104,-0.269598,-0.245926,0.230533,-0.087865,0.969088,-0.000243,0.000859,0.000478,0.135929,-0.25721,0.30638,-0.77951,0.08581,0.04789,-0.058275,-0.825988,0.171143,-0.537077,-0.441014,-0.789613,0.426634,-0.351068,0.589254,0.727688,4.7e-05,0.003629,-0.005446,0.060114,0.060017,0.077968,0.023332
2449,0.07977,0.03521,0.407342,-0.786798,0.247471,-0.565466,-0.533485,-0.733444,0.42122,-0.309524,0.632772,0.709804,0.010939,0.001463,-0.014189,-0.320555,0.506875,-0.513916,0.170274,-0.084358,0.028013,0.399057,0.252997,0.966386,-0.045639,-0.931211,0.230582,-0.282155,-0.262442,0.112653,0.958278,0.004036,-0.017555,0.005245,0.363907,-0.579087,-0.275672,-1.405923,0.037325,0.057858,-0.009483,-0.292921,-0.955273,-0.040602,0.926017,-0.272863,-0.260839,0.238094,-0.114004,0.964527,0.001994,-0.008684,0.002621,-0.841825,-2.923564,-0.385803,-0.78147,0.085818,0.04786,-0.058384,-0.822084,0.198727,-0.533558,-0.466408,-0.772525,0.43089,-0.326558,0.603084,0.727769,-0.000842,-0.002489,-0.001267,-1.180974,1.755929,-1.778339,0.032476
2450,0.079788,0.035144,0.407022,-0.779463,0.274561,-0.563116,-0.555025,-0.719548,0.417337,-0.289639,0.637498,0.713956,0.010807,0.001056,-0.0144,0.129671,0.098917,0.07156,0.142842,-0.084059,0.027132,0.399145,0.255759,0.961539,-0.100111,-0.933002,0.218531,-0.285806,-0.253235,0.165275,0.95311,0.006454,-0.026208,0.000422,0.363883,-1.32802,-0.475888,-1.405907,0.037475,0.057415,-0.009435,-0.294794,-0.950827,-0.094996,0.928442,-0.261493,-0.26385,0.226035,-0.16598,0.959874,0.009296,-0.01178,0.000436,-1.27847,-2.557551,-0.639751,-0.78245,0.085827,0.047825,-0.058545,-0.816992,0.225943,-0.530539,-0.488513,-0.760041,0.428593,-0.306395,0.609333,0.731324,-0.000385,0.002348,-0.006096,0.164518,0.139205,0.082007,0.018923
2451,0.079817,0.035185,0.406834,-0.777805,0.281185,-0.562139,-0.559448,-0.717387,0.415146,-0.285575,0.637038,0.716001,-0.000154,0.006525,-0.011258,0.191596,0.177027,0.100248,0.133601,-0.083902,0.026664,0.399096,0.256262,0.957418,-0.132934,-0.936712,0.212192,-0.27835,-0.23859,0.19463,0.951345,0.006784,-0.027373,-0.000256,0.268065,-0.653017,0.039442,-1.40582,0.037555,0.057177,-0.009462,-0.293793,-0.94698,-0.130048,0.932256,-0.253818,-0.257826,0.211147,-0.196986,0.957398,0.002451,-0.008798,-0.004906,-0.077157,-1.18088,-0.166713,-0.781307,0.085844,0.047836,-0.058638,-0.81571,0.232072,-0.529866,-0.493077,-0.75792,0.42712,-0.302473,0.609671,0.732673,-0.000271,0.002676,-0.00593,0.344041,0.3473,0.126773,0.001287
2452,0.079857,0.035322,0.406508,-0.77428,0.298711,-0.557949,-0.571229,-0.7094,0.412821,-0.271536,0.637981,0.720607,0.000165,0.007468,-0.010776,0.092678,0.058442,0.051219,0.130049,-0.083699,0.026048,0.398894,0.26725,0.944641,-0.190324,-0.938486,0.210503,-0.273619,-0.218723,0.250533,0.943004,0.002914,-0.010426,-0.005843,0.532227,-0.725775,0.484989,-1.405477,0.037663,0.056845,-0.009571,-0.302791,-0.934554,-0.186882,0.93428,-0.252332,-0.251888,0.188246,-0.25087,0.94954,0.001417,-0.005069,-0.00284,0.616322,-0.981735,0.393571,-0.786369,0.085864,0.047908,-0.058805,-0.813328,0.250603,-0.525066,-0.50551,-0.751157,0.424525,-0.28802,0.610705,0.73762,1.6e-05,0.003526,-0.005496,0.078513,0.053857,0.059534,-0.015368
2453,0.079867,0.035516,0.406202,-0.771994,0.320188,-0.549136,-0.584331,-0.69757,0.414639,-0.249343,0.640575,0.726305,0.00066,0.008931,-0.010026,0.093917,0.055654,0.047758,0.122782,-0.083495,0.025907,0.398802,0.291902,0.930999,-0.219146,-0.933126,0.227107,-0.278627,-0.209978,0.28463,0.935285,0.012971,-0.000176,-0.001068,0.127852,-0.326215,0.53742,-1.405459,0.037766,0.056768,-0.00962,-0.326346,-0.919968,-0.217154,0.928106,-0.268302,-0.258133,0.179212,-0.285783,0.941387,0.006419,0.00016,-0.000397,0.061277,-0.259494,0.547645,-0.789471,0.085869,0.048003,-0.058959,-0.812193,0.272075,-0.516058,-0.519307,-0.740241,0.427039,-0.265821,0.614831,0.74251,0.000327,0.004445,-0.005024,0.092139,0.047307,0.054132,-0.02288
2454,0.07986,0.035656,0.406055,-0.76986,0.330988,-0.545717,-0.591325,-0.691685,0.414582,-0.23929,0.641452,0.728908,0.000973,0.009855,-0.009552,0.094111,0.055689,0.047944,0.118309,-0.083288,0.025862,0.398763,0.302776,0.924389,-0.231999,-0.931454,0.235668,-0.277106,-0.201839,0.298813,0.932649,0.013499,-0.002037,-0.002116,0.010894,-0.316784,0.512387,-1.405427,0.037863,0.056754,-0.009635,-0.336217,-0.913269,-0.229995,0.926242,-0.276473,-0.256198,0.17039,-0.29917,0.938863,0.000568,-0.002011,-0.001133,-0.136854,-0.414478,0.448252,-0.797146,0.085865,0.048072,-0.059033,-0.810663,0.282973,-0.512592,-0.526695,-0.734853,0.427295,-0.255768,0.616372,0.744759,0.00052,0.005021,-0.004731,0.09137,0.047536,0.053548,-0.028921
2455,0.079886,0.035904,0.405821,-0.766844,0.348248,-0.539183,-0.601539,-0.682993,0.414298,-0.223031,0.641605,0.733912,5e-06,1.5e-05,8e-06,-3.948147,4.24513,2.333912,0.116346,-0.082698,0.025655,0.398796,0.290908,0.918504,-0.267794,-0.940305,0.223026,-0.25694,-0.176621,0.325376,0.928869,0.015519,-0.012237,0.007194,-0.044865,-0.30012,-1.689883,-1.405278,0.038157,0.056655,-0.009621,-0.325541,-0.907691,-0.264798,0.934534,-0.266301,-0.236069,0.143762,-0.324313,0.934961,0.008186,-0.005701,0.003374,-0.062215,-0.899737,-5.784022,-0.80874,0.085879,0.048203,-0.059152,-0.808766,0.295064,-0.508756,-0.534367,-0.729989,0.426107,-0.245657,0.616484,0.748063,0.000538,0.005066,-0.004706,0.34876,0.335155,0.153023,-0.036923
2456,0.079897,0.036062,0.405639,-0.763508,0.361533,-0.535159,-0.61116,-0.672336,0.417635,-0.207873,0.645483,0.734961,-0.000546,-0.001614,-0.000823,3.3e-05,4.2e-05,1.7e-05,0.127347,-0.081815,0.02544,0.399163,0.272376,0.913195,-0.303114,-0.950025,0.205547,-0.234812,-0.152448,0.350752,0.923902,0.025495,-0.001669,0.012176,-0.098763,-0.357681,0.194835,-1.405306,0.038598,0.056534,-0.009445,-0.304403,-0.904004,-0.300189,0.94512,-0.247375,-0.213428,0.118681,-0.348683,0.929695,0.013806,-0.006202,0.010603,-0.384107,-0.669255,-0.593545,-0.817557,0.085886,0.048283,-0.059237,-0.805947,0.313698,-0.502037,-0.547761,-0.716797,0.43146,-0.224511,0.622731,0.749532,-8.1e-05,-0.000239,-0.000122,0.002169,-0.007644,0.001712,-0.033657
2457,0.079882,0.036155,0.405458,-0.761437,0.376726,-0.527576,-0.619607,-0.662273,0.421253,-0.18976,0.647176,0.738364,0.00018,0.007506,-0.01074,-0.019835,0.047839,1.9e-05,0.137895,-0.080733,0.02556,0.399798,0.26309,0.909401,-0.322125,-0.954274,0.196432,-0.225189,-0.141823,0.365473,0.91988,0.03533,0.009164,0.017298,-0.018658,-0.137536,0.27202,-1.40553,0.039149,0.056592,-0.009124,-0.294829,-0.900669,-0.31917,0.949491,-0.23858,-0.203827,0.107433,-0.363143,0.925518,0.01753,0.004963,0.008861,-0.012449,-0.126129,0.280752,-0.821639,0.085878,0.048332,-0.059332,-0.804657,0.328921,-0.494303,-0.556686,-0.707444,0.435457,-0.206461,0.625565,0.752356,5.4e-05,0.003645,-0.005424,-0.025763,0.037862,-0.001303,-0.017165
2458,0.07989,0.036158,0.405382,-0.759079,0.381241,-0.527731,-0.623593,-0.658656,0.421042,-0.186136,0.648217,0.738374,-0.000658,-0.001945,-0.000993,-0.078737,0.062838,0.110182,0.135736,-0.080119,0.025788,0.400189,0.259962,0.906489,-0.332701,-0.956162,0.193823,-0.219364,-0.134674,0.373979,0.917532,0.033941,0.013818,0.019901,-0.055699,-0.193655,0.240884,-1.405645,0.039444,0.056699,-0.008937,-0.291216,-0.898069,-0.329644,0.951414,-0.235858,-0.197942,0.100016,-0.371272,0.923121,0.016707,0.007737,0.010407,-0.146585,-0.342278,0.19438,-0.823762,0.085882,0.048331,-0.059371,-0.802602,0.333497,-0.494579,-0.560905,-0.704106,0.435453,-0.203014,0.626907,0.752178,-0.000338,-0.001002,-0.000512,-0.078474,0.060489,0.110408,-0.014062
2459,0.079877,0.036124,0.405233,-0.758342,0.385596,-0.525621,-0.626185,-0.655091,0.422753,-0.180379,0.649246,0.738898,-0.001113,-0.00329,-0.001682,-0.871458,0.700907,1.225061,0.127436,-0.078686,0.026501,0.40107,0.256095,0.900496,-0.351446,-0.960304,0.19572,-0.198604,-0.110361,0.3872,0.915292,0.032587,0.017988,0.022182,-0.523757,0.169391,0.245734,-1.405013,0.040171,0.057067,-0.008485,-0.286439,-0.892213,-0.349152,0.955061,-0.236904,-0.178139,0.076223,-0.384488,0.919977,0.016216,0.009212,0.011192,-0.664302,0.292518,0.232275,-0.828498,0.085876,0.048317,-0.059444,-0.802684,0.336451,-0.49244,-0.56241,-0.701788,0.43725,-0.198476,0.627928,0.752537,-0.000589,-0.001916,-0.000957,-2.908396,2.348605,4.054125,-0.019287
2460,0.079829,0.036067,0.405084,-0.755737,0.390162,-0.526005,-0.63031,-0.651404,0.42232,-0.176934,0.650221,0.738873,-0.001237,-0.003653,-0.001871,0.0,0.0,0.0,0.129121,-0.07718,0.027406,0.401899,0.251494,0.895728,-0.366625,-0.963366,0.195575,-0.183333,-0.092812,0.39815,0.912538,0.031733,0.020301,0.023397,-0.064738,-0.046914,0.124338,-1.405037,0.040924,0.057521,-0.008069,-0.28215,-0.887945,-0.363241,0.957692,-0.238303,-0.161359,0.056716,-0.393401,0.917615,0.015794,0.010326,0.011779,-0.012476,-0.070073,0.139451,-0.826375,0.085851,0.048286,-0.05952,-0.799823,0.34256,-0.492884,-0.568017,-0.697379,0.437057,-0.194009,0.629535,0.75236,-0.000638,-0.001888,-0.000968,0.000839,-0.000654,-0.001076,-0.02288
2461,0.079821,0.036018,0.404993,-0.754754,0.394642,-0.52407,-0.63309,-0.647613,0.423987,-0.171138,0.651296,0.739291,0.010209,-0.0077,-0.004295,-4.7e-05,-0.002395,0.00352,0.129487,-0.076436,0.027869,0.402369,0.248175,0.895492,-0.369452,-0.964851,0.194848,-0.176159,-0.086056,0.399034,0.912814,0.031314,0.021391,0.023957,-0.140773,0.006883,0.112159,-1.405362,0.041272,0.057737,-0.007852,-0.27863,-0.887898,-0.36606,0.959087,-0.237335,-0.154347,0.050165,-0.39409,0.917701,0.015502,0.011145,0.012213,-0.001476,0.101269,-0.256864,-0.828824,0.085843,0.048266,-0.059563,-0.799088,0.347072,-0.490915,-0.570972,-0.693809,0.438884,-0.188278,0.631006,0.752583,-0.000646,-0.001912,-0.000981,0.00176,-0.001741,0.000249,-0.022063
2462,0.079857,0.035818,0.40481,-0.751833,0.401252,-0.523248,-0.637639,-0.644562,0.421815,-0.167082,0.650277,0.741114,0.009752,-0.009077,-0.005009,0.002171,-0.013237,0.030205,0.12689,-0.075433,0.028522,0.403332,0.247812,0.891177,-0.379979,-0.965769,0.196621,-0.169009,-0.076199,0.407709,0.909851,0.022222,0.005112,0.030831,-0.477626,-0.707567,-0.230361,-1.405196,0.041794,0.058089,-0.007347,-0.278329,-0.883569,-0.376614,0.959642,-0.239395,-0.147565,0.040225,-0.402487,0.914541,0.011146,0.002392,0.015307,-0.516668,-0.775514,-0.260684,-0.822293,0.085865,0.048163,-0.059656,-0.796594,0.353927,-0.490074,-0.575799,-0.691121,0.436814,-0.184101,0.630148,0.754333,0.004836,-0.004664,-0.00257,-0.008419,-0.023546,0.027437,-0.02239
2463,0.079905,0.035528,0.404613,-0.751684,0.401291,-0.523433,-0.637771,-0.644552,0.421632,-0.167253,0.650262,0.741088,-0.002219,-0.006564,-0.003383,0.007099,-0.085067,0.179641,0.113458,-0.074734,0.028756,0.404284,0.244926,0.888578,-0.387856,-0.966643,0.193325,-0.167813,-0.074424,0.414878,0.906753,0.011114,-0.000918,0.028425,0.023595,-0.083277,0.010593,-1.404779,0.042139,0.058206,-0.006882,-0.275233,-0.881028,-0.384753,0.960614,-0.236087,-0.146569,0.038296,-0.40994,0.911307,0.010676,0.00551,0.009532,0.050549,0.002972,-0.157007,-0.830294,0.085889,0.048016,-0.059756,-0.796462,0.353877,-0.490324,-0.575914,-0.691084,0.436721,-0.18431,0.630217,0.754225,-0.001132,-0.003349,-0.001726,0.007357,-0.085683,0.178881,-0.033494
2464,0.079854,0.035351,0.404456,-0.75146,0.403283,-0.522222,-0.638141,-0.645419,0.419742,-0.166848,0.648166,0.743014,-0.001196,-0.003536,-0.001827,0.001009,0.001256,0.000554,0.086278,-0.073736,0.029189,0.405506,0.243898,0.886394,-0.39346,-0.967384,0.194206,-0.162442,-0.067864,0.419107,0.905322,0.01789,0.02189,0.024907,-0.160697,-0.170583,-0.183837,-1.404902,0.042641,0.058399,-0.006278,-0.273851,-0.879117,-0.390073,0.96125,-0.236831,-0.141092,0.031655,-0.413597,0.909909,0.015606,0.008541,0.018135,-0.518541,-0.800698,-0.207983,-0.834213,0.085862,0.047924,-0.059836,-0.79634,0.355929,-0.489037,-0.576283,-0.692019,0.434748,-0.183683,0.628031,0.756198,-0.000677,-0.002009,-0.001037,-0.009837,-0.008659,-0.001851,-0.058314
2465,0.079832,0.035339,0.404395,-0.751428,0.403268,-0.522279,-0.638145,-0.645488,0.419628,-0.166973,0.648107,0.743037,-0.000589,-0.00174,-0.000899,1.5e-05,1.8e-05,8e-06,0.078902,-0.073229,0.029551,0.406168,0.237917,0.885681,-0.398693,-0.96906,0.189164,-0.158346,-0.065108,0.422892,0.903762,0.031225,0.01686,0.036123,-0.06114,-0.06909,0.092742,-1.404989,0.042888,0.058585,-0.005949,-0.267749,-0.878644,-0.39534,0.963069,-0.231953,-0.136732,0.028439,-0.41735,0.9083,0.008399,0.012494,0.013243,-0.024037,0.020207,-0.066517,-0.835356,0.08585,0.047916,-0.059868,-0.796308,0.355846,-0.489147,-0.576283,-0.692043,0.434711,-0.183821,0.628051,0.756148,-0.000293,-0.000873,-0.00045,-0.00128,-0.001738,-0.000837,-0.075623
2466,0.079822,0.035419,0.404327,-0.751168,0.40333,-0.522605,-0.638358,-0.645523,0.419251,-0.167327,0.648033,0.743022,0.000403,0.00119,0.000615,0.0,0.0,0.0,0.083439,-0.072285,0.030276,0.407449,0.224633,0.883396,-0.411269,-0.972678,0.17841,-0.148332,-0.057927,0.432217,0.899831,0.019378,0.013117,0.034879,-0.061657,-0.064922,0.090083,-1.405035,0.043355,0.058951,-0.005318,-0.25456,-0.876963,-0.407596,0.966833,-0.22174,-0.126742,0.020768,-0.426341,0.904323,0.009628,0.006667,0.017493,-0.053151,0.017317,-0.094383,-0.836662,0.085845,0.047955,-0.059902,-0.796073,0.3559,-0.489489,-0.57649,-0.692095,0.434354,-0.184187,0.627964,0.756131,0.000309,0.000908,0.000468,0.000225,-0.000264,-0.000391,-0.086889
2467,0.079786,0.03549,0.404288,-0.75242,0.403386,-0.520758,-0.637379,-0.645456,0.42084,-0.165434,0.648065,0.743419,2e-06,7e-06,4e-06,-0.0,0.0,-0.0,0.089246,-0.071855,0.030744,0.408662,0.210981,0.880249,-0.425019,-0.976,0.166275,-0.140393,-0.053159,0.443307,0.894716,-0.003915,0.005309,0.032354,2.252623,0.689764,-4.968295,-1.404838,0.043586,0.059195,-0.004696,-0.246115,-0.872847,-0.421383,0.969153,-0.215808,-0.119027,0.012954,-0.43768,0.899037,0.0028,0.009505,0.011964,-0.156238,-0.247246,-0.025879,-0.839601,0.085829,0.047997,-0.059918,-0.797275,0.355837,-0.487577,-0.575436,-0.691984,0.435924,-0.182278,0.628121,0.756463,9e-06,2e-05,1.1e-05,0.001462,-0.002088,0.001685,-0.079705
2468,0.079762,0.035527,0.404264,-0.752236,0.40345,-0.520975,-0.637549,-0.645428,0.420627,-0.165619,0.648053,0.743387,0.0,0.0,0.0,0.0,0.0,0.0,0.084003,-0.071883,0.030923,0.40925,0.201183,0.875513,-0.439311,-0.978257,0.157118,-0.135132,-0.049522,0.455819,0.888617,-0.003955,0.005435,0.032365,0.375436,-0.28083,-0.093796,-1.404935,0.043572,0.059284,-0.004403,-0.231694,-0.870393,-0.434434,0.972744,-0.203044,-0.111986,0.009263,-0.44854,0.893714,-0.001848,0.002209,0.015923,0.444702,-0.403802,0.00993,-0.840418,0.085817,0.048015,-0.05993,-0.797094,0.355912,-0.487818,-0.575621,-0.69197,0.435703,-0.182484,0.628095,0.756436,3e-06,1e-05,7e-06,0.007384,-0.085611,0.179635,-0.080521
2469,0.079775,0.035611,0.404209,-0.751829,0.403587,-0.521454,-0.637919,-0.645368,0.420155,-0.166031,0.648027,0.743318,0.00136,0.010993,-0.008942,0.041439,-0.103812,0.195172,0.087916,-0.071966,0.031225,0.410352,0.177764,0.867788,-0.464043,-0.982978,0.135003,-0.124341,-0.045461,0.477131,0.877577,-0.005317,0.013147,0.021537,0.523611,-0.302359,-0.113248,-1.404402,0.043531,0.059433,-0.003847,-0.208553,-0.863833,-0.458582,0.978003,-0.182426,-0.101138,0.003709,-0.469588,0.882877,-0.00179,0.002008,0.015778,-0.01394,-0.018986,-0.034127,-0.84646,0.085822,0.048051,-0.059956,-0.796817,0.356021,-0.488191,-0.575897,-0.69197,0.435338,-0.182824,0.628033,0.756405,0.000248,0.000731,0.000377,0.000113,-8.5e-05,-0.000142,-0.082644
2470,0.079827,0.035658,0.4041,-0.751285,0.403768,-0.522099,-0.638416,-0.645287,0.419525,-0.166583,0.647995,0.743222,-0.000262,-0.000773,-0.0004,0.0,0.0,0.0,0.08913,-0.071899,0.031609,0.411559,0.178851,0.864863,-0.469059,-0.982569,0.13305,-0.129575,-0.049863,0.482944,0.874152,0.007172,0.010586,0.034002,0.015306,-0.089067,0.040931,-1.404542,0.043564,0.059625,-0.003238,-0.208034,-0.860569,-0.46491,0.97806,-0.177715,-0.108694,0.010917,-0.477322,0.87866,0.003536,0.005366,0.017042,-0.014264,-0.05581,0.00779,-0.846623,0.08585,0.048082,-0.060012,-0.796214,0.356293,-0.488975,-0.576527,-0.691888,0.434633,-0.183459,0.627969,0.756304,-0.000167,-0.000499,-0.000259,8.1e-05,-5.5e-05,-9.1e-05,-0.080031
2471,0.079876,0.035737,0.403975,-0.750906,0.403853,-0.522578,-0.638723,-0.645345,0.418969,-0.167112,0.647885,0.7432,-0.000438,-0.001296,-0.00067,0.0,0.0,0.0,0.097894,-0.071745,0.032021,0.412748,0.177311,0.863533,-0.472084,-0.982731,0.130152,-0.131277,-0.052125,0.486097,0.872271,0.008219,0.007196,0.032169,-0.039275,0.021433,-0.157421,-1.404576,0.043637,0.05983,-0.00266,-0.205767,-0.85953,-0.467832,0.978508,-0.174163,-0.110395,0.013408,-0.480494,0.876895,-0.001613,0.00149,0.015405,-0.051053,0.054078,-0.21194,-0.837479,0.085875,0.04812,-0.06007,-0.795859,0.356413,-0.489466,-0.576858,-0.691946,0.434103,-0.183964,0.627837,0.756291,6e-06,9e-06,4e-06,5.2e-05,-3.5e-05,-5.8e-05,-0.075949
2472,0.079862,0.03578,0.403943,-0.752432,0.40379,-0.520426,-0.63747,-0.645388,0.420806,-0.165029,0.64788,0.743669,-6e-06,-1.9e-05,-1e-05,-0.0,0.0,-0.0,0.106728,-0.071775,0.032135,0.413209,0.175224,0.863344,-0.473208,-0.983031,0.127498,-0.131637,-0.053518,0.487133,0.871608,-0.00417,0.009513,0.019442,0.080386,-0.006805,-0.18451,-1.404688,0.043623,0.059896,-0.002414,-0.203621,-0.859518,-0.468792,0.978941,-0.17164,-0.110507,0.014519,-0.481422,0.876368,-0.001002,-0.000399,0.014432,0.082271,-0.094653,-0.040147,-0.841071,0.085867,0.048141,-0.060091,-0.797311,0.356213,-0.487243,-0.575514,-0.691939,0.435892,-0.181872,0.627957,0.756697,0.00053,0.005049,-0.004699,0.035522,-0.020269,0.017229,-0.067621
2473,0.07984,0.035832,0.403905,-0.752229,0.403851,-0.520674,-0.637648,-0.645384,0.420543,-0.165267,0.647847,0.743645,-0.0,-0.0,-0.0,0.0,0.0,0.0,0.106114,-0.07188,0.032166,0.414093,0.169351,0.861414,-0.478829,-0.983885,0.120036,-0.132273,-0.05666,0.492405,0.868442,-0.00072,-0.004664,0.026879,0.289703,-0.204124,-0.084322,-1.404579,0.043569,0.059916,-0.001976,-0.197456,-0.858179,-0.473855,0.980166,-0.164537,-0.110451,0.01682,-0.486267,0.873648,-0.006936,2.1e-05,0.007694,0.479543,-0.277884,-0.10795,-0.839601,0.085856,0.048167,-0.06011,-0.79711,0.356291,-0.487515,-0.575712,-0.691946,0.435621,-0.182127,0.627907,0.756678,1e-06,9e-06,6e-06,5.2e-05,-4.8e-05,-1.1e-05,-0.057497
2474,0.079856,0.035844,0.403922,-0.751891,0.404015,-0.521034,-0.638005,-0.645188,0.420302,-0.165427,0.647939,0.74353,0.000106,0.000314,0.000162,0.0,0.0,0.0,0.103192,-0.071967,0.032093,0.41499,0.166018,0.859152,-0.484032,-0.984021,0.112808,-0.137515,-0.063734,0.498022,0.86474,0.010625,-0.00039,0.028247,0.128353,-0.136812,-0.013882,-1.404441,0.043525,0.05987,-0.001532,-0.193501,-0.855915,-0.479547,0.980785,-0.156384,-0.116634,0.024836,-0.492902,0.86973,-0.001373,0.0025,0.008547,0.184403,-0.115637,-0.066035,-0.836172,0.085864,0.048174,-0.060101,-0.796798,0.35648,-0.487886,-0.576089,-0.691774,0.435395,-0.182297,0.627988,0.756569,7.6e-05,0.000228,0.00012,0.007019,-0.085431,0.179457,-0.059293
2475,0.079858,0.035844,0.403933,-0.751694,0.404114,-0.521242,-0.638216,-0.645067,0.420168,-0.16551,0.647998,0.74346,2.5e-05,7.4e-05,3.8e-05,0.006984,-0.085418,0.179479,0.101802,-0.072016,0.032179,0.415437,0.165227,0.857746,-0.486788,-0.983911,0.109825,-0.14068,-0.067396,0.501097,0.862684,-0.004156,0.00951,0.019312,0.22669,-0.15442,-0.035216,-1.404655,0.043506,0.059907,-0.001301,-0.192509,-0.854645,-0.482204,0.980888,-0.153459,-0.119612,0.028227,-0.496016,0.867853,-0.002152,0.004936,0.009746,0.23739,-0.159822,-0.037931,-0.827191,0.085865,0.048175,-0.060095,-0.796616,0.356593,-0.4881,-0.576312,-0.691667,0.435271,-0.182388,0.628042,0.756503,5e-06,1.8e-05,1.1e-05,0.007013,-0.085416,0.179456,-0.0606
2476,0.079831,0.035851,0.403937,-0.751355,0.404273,-0.521606,-0.638567,-0.644888,0.419908,-0.16569,0.648076,0.743351,0.0,0.0,0.0,0.0,0.0,0.0,0.104847,-0.072125,0.032449,0.416355,0.164051,0.856313,-0.4897,-0.983915,0.106931,-0.142865,-0.070161,0.504158,0.860677,-0.004293,0.009946,0.019458,-0.021648,0.043472,-0.15924,-1.404574,0.04345,0.060046,-0.000839,-0.190673,-0.85333,-0.485253,0.981149,-0.149825,-0.122057,0.031451,-0.499379,0.865812,-0.002176,0.005017,0.009752,-0.052199,0.068537,-0.17085,-0.827681,0.085852,0.048178,-0.060094,-0.796304,0.356779,-0.488474,-0.576684,-0.69151,0.435026,-0.182577,0.628109,0.756402,-0.005907,0.001497,0.000942,-0.000942,0.014723,-0.029564,-0.059783
2477,0.079812,0.035856,0.403929,-0.751005,0.404432,-0.521988,-0.638925,-0.644721,0.419621,-0.165899,0.648144,0.743246,-0.0,-1e-06,-1e-06,0.0,0.0,0.0,0.10572,-0.072181,0.032656,0.417173,0.162433,0.855602,-0.491479,-0.983655,0.101618,-0.148427,-0.077238,0.506454,0.858721,-0.000934,-0.003977,0.027105,0.259006,-0.108373,-0.287996,-1.404373,0.04342,0.060159,-0.000437,-0.189534,-0.852933,-0.486396,0.981165,-0.145709,-0.126817,0.037294,-0.501272,0.864485,-0.001526,0.003009,0.008737,0.453893,-0.29971,-0.036707,-0.836825,0.085842,0.04818,-0.060098,-0.79598,0.356965,-0.488866,-0.577062,-0.691366,0.434754,-0.182793,0.628163,0.756305,4e-06,1e-06,1e-06,2.4e-05,1e-06,-1.1e-05,-0.058967
2478,0.079829,0.035844,0.403933,-0.750499,0.404674,-0.522528,-0.639454,-0.644436,0.419251,-0.166147,0.648275,0.743076,-0.0,-0.0,-0.0,0.0,0.0,0.0,0.104095,-0.072354,0.032506,0.41812,0.163361,0.856516,-0.489575,-0.98208,0.094286,-0.162981,-0.093622,0.506324,0.857166,-0.01187,-0.009305,0.025194,0.290184,0.069681,-0.003207,-1.404417,0.043338,0.060087,2.7e-05,-0.190208,-0.853189,-0.485684,0.980247,-0.137754,-0.141903,0.054165,-0.503082,0.862539,-0.00604,-0.004272,0.012751,1.60665,1.926332,1.05945,-0.83209,0.085851,0.048174,-0.060096,-0.795512,0.357247,-0.489421,-0.577624,-0.691115,0.434407,-0.183056,0.628278,0.756145,0.0,2e-06,1e-06,1.1e-05,-1.7e-05,-1.3e-05,-0.05864
2479,0.079856,0.035844,0.403922,-0.750344,0.404739,-0.522699,-0.639609,-0.644372,0.419115,-0.166252,0.648299,0.743032,0.011815,-0.003014,-0.001894,0.000984,-0.014715,0.029553,0.101763,-0.072521,0.032443,0.418566,0.165281,0.856761,-0.488502,-0.980381,0.089128,-0.175621,-0.107114,0.506842,0.855278,-0.012373,-0.007697,0.025966,1.813062,1.818034,1.024413,-1.404512,0.043261,0.060048,0.000251,-0.191632,-0.853079,-0.485316,0.979314,-0.133469,-0.152083,0.064964,-0.504421,0.861009,-0.000391,-0.002247,0.013415,0.601338,-0.410647,-0.040576,-0.83307,0.08586,0.048175,-0.060101,-0.795384,0.357316,-0.489579,-0.577769,-0.691067,0.434289,-0.183154,0.628291,0.75611,1e-06,0.0,1e-06,2.6e-05,-0.0,-1.5e-05,-0.059947
2480,0.079985,0.035811,0.403878,-0.749725,0.40501,-0.523378,-0.640236,-0.644079,0.418607,-0.166629,0.64842,0.742842,-8.5e-05,-0.000251,-0.00013,0.0,0.0,0.0,0.09936,-0.073106,0.03271,0.419059,0.173802,0.860418,-0.479025,-0.976402,0.087547,-0.197252,-0.127981,0.500896,0.855913,-0.016675,0.012805,0.006858,1.493705,1.924091,1.408142,-1.404281,0.042966,0.060173,0.00051,-0.199577,-0.856039,-0.476827,0.975937,-0.130034,-0.175032,0.08783,-0.500286,0.861393,-0.008248,0.006075,0.003285,0.117955,-0.05559,-0.058023,-0.826538,0.085929,0.048157,-0.060123,-0.794795,0.357644,-0.490295,-0.578451,-0.690806,0.433796,-0.183554,0.628392,0.755929,0.005856,-0.001658,-0.001027,0.001002,-0.014719,0.029543,-0.064519
2481,0.080241,0.035713,0.40382,-0.748814,0.405423,-0.524361,-0.641173,-0.643597,0.417913,-0.167119,0.648639,0.74254,-0.000188,-0.000559,-0.000289,0.0,0.0,0.0,0.103086,-0.074028,0.033184,0.418919,0.197389,0.872751,-0.446469,-0.967251,0.099514,-0.23336,-0.159463,0.476788,0.864354,-0.038432,0.005586,-0.009734,0.53446,0.624485,0.518533,-1.40483,0.042494,0.06043,0.00045,-0.225409,-0.867994,-0.442466,0.966592,-0.14236,-0.213147,0.122021,-0.47573,0.871086,-0.019113,0.002439,-0.00502,0.519946,0.693778,0.532697,-0.826865,0.086057,0.048108,-0.060152,-0.793953,0.358128,-0.491305,-0.579444,-0.690384,0.433143,-0.184069,0.62858,0.755648,0.005797,-0.00184,-0.001122,0.007993,-0.100141,0.209027,-0.063539
2482,0.080476,0.035605,0.403768,-0.748347,0.405635,-0.524863,-0.641657,-0.643333,0.417577,-0.167351,0.648768,0.742375,0.011679,-0.003428,-0.002109,0.000984,-0.014715,0.029553,0.102993,-0.075682,0.033608,0.418128,0.245219,0.891577,-0.380723,-0.942207,0.126916,-0.309954,-0.228314,0.433582,0.871632,-0.039494,0.012658,-0.020763,1.157906,0.430929,0.936089,-1.40447,0.041684,0.060629,5.7e-05,-0.275234,-0.884273,-0.377235,0.942298,-0.170351,-0.28819,0.190576,-0.434789,0.880135,-0.025555,0.004926,-0.010726,2.692458,2.345462,2.196315,-0.826538,0.08617,0.048055,-0.060178,-0.793536,0.358369,-0.491803,-0.57994,-0.690158,0.43284,-0.184306,0.628691,0.755498,-7.8e-05,-0.000236,-0.000126,3.6e-05,9e-06,-5e-06,-0.062233
2483,0.080586,0.035553,0.403749,-0.748176,0.405716,-0.525044,-0.641837,-0.643225,0.417466,-0.167423,0.648824,0.742309,0.011697,-0.003375,-0.002082,0.000984,-0.014715,0.029553,0.099935,-0.076576,0.033894,0.417749,0.272719,0.9018,-0.335221,-0.923359,0.147658,-0.354315,-0.270343,0.405,0.873357,-0.040904,0.017441,-0.018464,2.101609,2.449074,2.715827,-1.404773,0.041225,0.060766,-0.000145,-0.304212,-0.892516,-0.332968,0.923105,-0.189888,-0.334391,0.235223,-0.409091,0.881653,-0.020399,0.008828,-0.009226,2.064941,2.499179,2.724682,-0.828008,0.086229,0.048028,-0.060188,-0.793363,0.358471,-0.492008,-0.580149,-0.690055,0.432725,-0.184394,0.628746,0.755431,0.005859,-0.001664,-0.001033,0.000993,-0.014733,0.029553,-0.063049
2484,0.080781,0.035521,0.403748,-0.747705,0.405939,-0.525544,-0.642332,-0.642941,0.417143,-0.167634,0.648966,0.742138,0.000325,0.000969,0.000502,0.0,0.0,0.0,0.095565,-0.078645,0.035039,0.416734,0.344977,0.909431,-0.232203,-0.870036,0.217177,-0.442499,-0.352403,0.353511,0.866432,-0.056449,0.031539,-0.025444,1.749142,2.227731,3.284317,-1.405122,0.040192,0.061334,-0.000655,-0.378577,-0.896202,-0.231301,0.868686,-0.25778,-0.423005,0.319473,-0.361068,0.876108,-0.028231,0.01614,-0.012603,1.700613,2.258407,3.292818,-0.813801,0.086326,0.048011,-0.060189,-0.792927,0.35873,-0.492522,-0.580673,-0.689803,0.432423,-0.18462,0.628874,0.755269,0.00613,-0.00085,-0.000612,0.000986,-0.014724,0.029548,-0.068764
