frame,MLTx,MLTy,MLTz,MLTR1,MLTR2,MLTR3,MLTR4,MLTR5,MLTR6,MLTR7,MLTR8,MLTR9,MLTTVx,MLTTVy,MLTTVz,MLTRVx,MLTRVy,MLTRVz,MLGA,MRTx,MRTy,MRTz,MRTR1,MRTR2,MRTR3,MRTR4,MRTR5,MRTR6,MRTR7,MRTR8,MRTR9,MRTTVx,MRTTVy,MRTTVz,MRTRVx,MRTRVy,MRTRVz,MRGA,SLTx,SLTy,SLTz,SLTR1,SLTR2,SLTR3,SLTR4,SLTR5,SLTR6,SLTR7,SLTR8,SLTR9,SLTTVx,SLTTVy,SLTTVz,SLTRVx,SLTRVy,SLTRVz,SLGA,SRTx,SRTy,SRTz,SRTR1,SRTR2,SRTR3,SRTR4,SRTR5,SRTR6,SRTR7,SRTR8,SRTR9,SRTTVx,SRTTVy,SRTTVz,SRTRVx,SRTRVy,SRTRVz,SRGA
798,0.091049,-0.021428,0.311788,0.044858,-0.363665,-0.930473,-0.157559,-0.922314,0.352823,-0.986559,0.131224,-0.097512,2.2e-05,-0.008064,0.011762,-0.033107,0.002728,0.009011,-0.082172,-0.190942,-0.003514,0.271205,-0.700568,0.663796,0.26186,-0.273443,-0.588537,0.760781,0.659988,0.46053,0.593456,-0.0,-1e-06,-1e-06,0.0,0.0,0.0,-0.405403,0.026398,0.05571,-0.025646,0.640943,-0.671688,0.371517,0.237175,0.633623,0.736389,-0.730026,-0.383869,0.565424,1e-06,2.5e-05,3.2e-05,4e-06,-1.2e-05,4e-06,-0.649368,0.047002,0.043229,-0.051439,-0.066894,0.28927,-0.954906,0.107602,0.95356,0.281324,0.99194,-0.08393,-0.094914,0.000333,0.001052,0.001236,0.004441,0.002311,-0.001613,-0.275653
799,0.091121,-0.021398,0.31186,0.050504,-0.358752,-0.93209,-0.153373,-0.92498,0.347649,-0.986953,0.12584,-0.100576,0.001102,0.003491,0.004074,0.000241,-0.015038,0.025263,-0.122055,-0.19093,-0.003509,0.271211,-0.704411,0.659562,0.262247,-0.269714,-0.590345,0.760711,0.657428,0.464282,0.593374,2e-06,2.6e-05,3.3e-05,-0.001057,-0.003065,-0.002391,-0.319688,0.026403,0.055714,-0.025642,0.644965,-0.667599,0.371927,0.23356,0.635591,0.735848,-0.727646,-0.38773,0.565858,1e-06,2.3e-05,2.7e-05,-0.002378,-0.002402,-0.002158,-0.590746,0.047038,0.043239,-0.0514,-0.072285,0.283894,-0.956126,0.103286,0.955611,0.275932,0.992021,-0.078808,-0.098398,0.000551,0.00175,0.002046,0.001827,-0.009894,0.01755,-0.294432
800,0.091445,-0.021103,0.312095,0.054909,-0.353102,-0.933997,-0.154289,-0.927157,0.341389,-0.98658,0.125793,-0.104224,0.017826,0.006883,0.009232,0.001776,-0.044277,0.079029,-0.175623,-0.190946,-0.00354,0.271139,-0.705532,0.655672,0.268907,-0.261747,-0.593574,0.760982,0.659448,0.465676,0.590032,-0.000209,-0.002639,-0.003399,-0.36156,0.289678,0.200219,-0.11085,0.026396,0.055704,-0.02567,0.647152,-0.661769,0.37849,0.226411,0.640908,0.733468,-0.727964,-0.388971,0.564596,-9.4e-05,-0.001194,-0.001539,-0.002594,0.046126,-0.057494,-0.4108,0.04719,0.043374,-0.051298,-0.076278,0.278003,-0.957546,0.10408,0.957318,0.269645,0.991638,-0.079093,-0.101957,0.009309,0.008772,0.000252,0.036163,-0.046167,0.067882,-0.33852
801,0.091971,-0.020631,0.312406,0.058534,-0.351026,-0.934559,-0.1482,-0.92883,0.339535,-0.987309,0.119058,-0.105225,0.018151,0.008056,0.010529,0.141225,-0.094963,0.094717,-0.222963,-0.190978,-0.003503,0.270835,-0.702998,0.656193,0.274219,-0.258422,-0.594773,0.761182,0.663454,0.46341,0.587319,-0.000384,-0.004846,-0.006253,-0.000458,-0.094689,0.14192,0.027936,0.02638,0.055721,-0.025825,0.642567,-0.663356,0.38349,0.222337,0.640378,0.735174,-0.733261,-0.387135,0.558975,-0.000196,-0.002523,-0.003255,0.030243,-0.108485,0.138391,-0.23363,0.047462,0.043621,-0.051129,-0.079825,0.275655,-0.957936,0.097939,0.958522,0.267662,0.991985,-0.072453,-0.103511,0.009093,0.004093,0.005336,0.142437,-0.094778,0.095195,-0.372485
802,0.092315,-0.020506,0.312573,0.063037,-0.347441,-0.935605,-0.143191,-0.930902,0.335991,-0.987777,0.113216,-0.107265,0.017462,0.005913,0.008021,-0.020497,-0.152808,0.273791,-0.281424,-0.190967,-0.003487,0.270652,-0.701053,0.657249,0.276658,-0.256653,-0.594374,0.762091,0.666193,0.462425,0.58499,-0.000407,-0.005135,-0.006633,-0.018206,0.029667,-0.012444,0.070499,0.026385,0.05573,-0.025915,0.640354,-0.664163,0.385787,0.220471,0.640079,0.735995,-0.735756,-0.386243,0.556307,-0.000469,0.003521,-0.006647,0.06234,-0.116614,0.158373,-0.164721,0.047629,0.043686,-0.051043,-0.084003,0.271961,-0.958634,0.092769,0.959991,0.264217,0.992137,-0.066736,-0.105872,0.008753,0.003018,0.004081,-0.089753,-0.479474,0.863477,-0.399101
803,0.092979,-0.02027,0.312935,0.069479,-0.338779,-0.938321,-0.144804,-0.93404,0.326455,-0.987118,0.113607,-0.112783,0.017774,0.00705,0.009277,0.001384,-0.029505,0.054285,-0.396406,-0.190928,-0.003489,0.270224,-0.694512,0.659803,0.286887,-0.249305,-0.594593,0.764356,0.675768,0.458492,0.577049,-0.000547,-0.006896,-0.008932,-0.10214,0.461131,-0.471052,0.139349,0.026405,0.05573,-0.026127,0.633089,-0.665792,0.394864,0.213302,0.640408,0.73782,-0.744109,-0.382881,0.54745,-0.000567,0.002399,-0.008095,-0.141251,1.750408,-2.134608,-0.055807,0.04796,0.043801,-0.050865,-0.090091,0.26257,-0.960697,0.094197,0.962542,0.25424,0.991468,-0.06759,-0.11145,0.008962,0.003785,0.004928,0.002331,-0.026811,0.0492,-0.484829
804,0.093577,-0.019889,0.313329,0.078822,-0.333022,-0.939643,-0.128368,-0.938101,0.321651,-0.9887,0.095675,-0.115521,0.017898,0.007595,0.009837,0.468761,-0.189497,0.111743,-0.454763,-0.190927,-0.003594,0.269545,-0.68718,0.664362,0.293935,-0.243239,-0.591513,0.768687,0.685406,0.455885,0.567671,0.013448,0.000718,-0.0227,-0.159711,0.133927,0.146905,0.260433,0.0264,0.055677,-0.026458,0.624932,-0.669032,0.402313,0.206283,0.638536,0.74143,-0.752932,-0.380353,0.537051,-0.000768,-0.000281,-0.011616,-0.190737,0.070398,0.286367,0.072213,0.048259,0.043992,-0.050667,-0.098939,0.256335,-0.96151,0.078021,0.965275,0.249311,0.992029,-0.050352,-0.115503,0.009003,0.004,0.005125,1.573092,-0.594256,0.272486,-0.548512
805,0.094167,-0.019719,0.313671,0.087331,-0.327757,-0.940741,-0.112207,-0.941558,0.317568,-0.989961,0.078226,-0.117831,0.017099,0.005093,0.006928,-0.001404,0.072569,-0.116397,-0.518925,-0.190962,-0.003526,0.268685,-0.679625,0.668644,0.301691,-0.236936,-0.58918,0.772439,0.69508,0.452636,0.558433,0.013618,0.002757,-0.020108,-0.171794,0.029787,0.319424,0.338761,0.026382,0.055697,-0.026889,0.616645,-0.672078,0.40995,0.199593,0.637198,0.744406,-0.761519,-0.377211,0.527067,-0.000668,0.000952,-0.01004,-0.332291,0.263415,0.191462,0.213296,0.048562,0.044083,-0.05049,-0.10734,0.250454,-0.962159,0.061147,0.967581,0.245044,0.992339,-0.03253,-0.119175,0.008519,0.002466,0.003369,-0.001859,0.074163,-0.117203,-0.591947
806,0.094424,-0.019631,0.313865,0.087621,-0.32729,-0.940877,-0.112275,-0.941718,0.31707,-0.989928,0.078255,-0.118088,0.002611,0.008598,0.009793,0.000406,-0.014788,0.024734,-0.54508,-0.190965,-0.003457,0.2683,-0.677847,0.669786,0.303151,-0.235867,-0.588522,0.773267,0.697175,0.451802,0.556493,-0.001352,0.002062,-0.019909,-0.086816,0.108806,0.045954,0.34654,0.026385,0.05574,-0.027097,0.614367,-0.673548,0.410956,0.19858,0.636073,0.745638,-0.763622,-0.376488,0.524535,-0.00066,0.00108,-0.00989,-0.06791,0.099934,0.043392,0.251833,0.048689,0.044124,-0.050395,-0.107589,0.24997,-0.962257,0.061217,0.967704,0.24454,0.992308,-0.032596,-0.119417,0.001305,0.004311,0.004904,-0.000262,-0.014412,0.024564,-0.6184
807,0.094899,-0.019248,0.31431,0.089628,-0.326591,-0.940931,-0.10664,-0.942431,0.316898,-0.990374,0.072338,-0.118122,0.018486,0.009854,0.012251,-0.000674,0.057653,-0.091628,-0.550399,-0.190873,-0.003557,0.267461,-0.676388,0.671259,0.303155,-0.235946,-0.587234,0.774222,0.698564,0.451292,0.555163,-0.001639,-0.001489,-0.024664,0.030245,0.023115,-0.027828,0.376842,0.026432,0.055695,-0.027501,0.612763,-0.675053,0.410882,0.198686,0.634826,0.746672,-0.764882,-0.375896,0.523121,-0.000529,-0.006776,-0.008937,0.014066,0.028487,-0.051871,0.28939,0.048925,0.044312,-0.050178,-0.109561,0.249168,-0.962242,0.05556,0.968092,0.244357,0.992425,-0.02669,-0.119909,0.00927,0.005029,0.006238,-0.001064,0.059043,-0.091424,-0.639955
808,0.095247,-0.019008,0.31497,0.097459,-0.321634,-0.941859,-0.090877,-0.945269,0.313339,-0.991216,0.055449,-0.12018,0.003065,0.002058,0.023054,-0.033867,-0.011842,0.033526,-0.628185,-0.190663,-0.004022,0.266655,-0.675204,0.670372,0.30772,-0.233372,-0.589752,0.773087,0.700572,0.449326,0.554228,-0.001126,-0.014097,-0.018721,-0.003294,0.034915,-0.045736,0.415106,0.026532,0.05547,-0.027902,0.611353,-0.673647,0.415266,0.19643,0.637507,0.744983,-0.766591,-0.373877,0.522067,-0.000556,-0.007114,-0.009448,-0.003315,0.030848,-0.043145,0.342949,0.049099,0.044432,-0.049855,-0.11712,0.243733,-0.962743,0.039615,0.96979,0.240698,0.992326,-0.009949,-0.123237,0.001477,0.000876,0.011354,-0.033633,-0.009008,0.02995,-0.669021
809,0.09532,-0.018971,0.315447,0.099008,-0.319006,-0.942591,-0.092059,-0.946101,0.310468,-0.990955,0.056426,-0.121864,0.003482,0.003469,0.024596,-0.0396,-0.021588,0.05285,-0.657715,-0.190516,-0.004275,0.266288,-0.6743,0.669681,0.31119,-0.231286,-0.59159,0.77231,0.702133,0.447943,0.55337,0.013861,-0.013934,-0.019722,-0.001252,0.019712,-0.016491,0.423286,0.02661,0.055332,-0.028102,0.610189,-0.672612,0.418642,0.194463,0.639408,0.743868,-0.768018,-0.37249,0.520959,0.006939,-0.007003,-0.009911,-0.001544,0.015676,-0.01318,0.364177,0.049135,0.044449,-0.049618,-0.118525,0.240956,-0.963271,0.040759,0.970472,0.237743,0.992113,-0.011083,-0.124847,0.001741,0.001772,0.012341,-0.053524,-0.043823,0.097118,-0.699882
810,0.09545,-0.018819,0.316347,0.101133,-0.31545,-0.943562,-0.093604,-0.947216,0.306582,-0.990599,0.057702,-0.124146,0.003767,0.012588,0.014059,0.000847,-0.029453,0.049545,-0.672682,-0.190286,-0.00484,0.26558,-0.673084,0.668788,0.315707,-0.228488,-0.593912,0.77136,0.704213,0.446205,0.552131,0.013904,-0.013777,-0.019646,-0.00139,0.020912,-0.018101,0.432047,0.02672,0.055054,-0.028449,0.608671,-0.671285,0.422959,0.191846,0.641782,0.742502,-0.769879,-0.370796,0.519418,-0.000541,-0.006974,-0.009355,-0.003806,0.034049,-0.045945,0.385894,0.049202,0.044528,-0.049158,-0.120428,0.23725,-0.963954,0.042279,0.971366,0.233792,0.991821,-0.0126,-0.127011,0.001358,0.000514,0.010887,-0.033546,0.005418,0.003981,-0.725682
811,0.095602,-0.018808,0.316936,0.121685,-0.293621,-0.948169,-0.069379,-0.955428,0.286909,-0.990306,0.03123,-0.13545,0.015764,-0.007062,0.013748,0.441127,-0.256206,0.27728,-0.773109,-0.1901,-0.00546,0.264866,-0.671155,0.667259,0.322967,-0.223917,-0.597655,0.769807,0.707516,0.443494,0.55009,-0.001106,-0.013969,-0.018868,-0.00332,0.03501,-0.04589,0.430327,0.026819,0.054744,-0.028807,0.606231,-0.669101,0.429868,0.187613,0.645584,0.740284,-0.772841,-0.368135,0.516905,0.007263,-0.012888,-0.006459,-0.037513,0.028522,-0.027017,0.390467,0.049275,0.044547,-0.048857,-0.139638,0.214147,-0.966768,0.018053,0.976722,0.213745,0.990037,0.012394,-0.140254,0.000393,-0.002696,0.007274,1.554905,-0.481604,0.220897,-0.772057
812,0.095749,-0.01895,0.317417,0.129958,-0.280107,-0.951156,-0.071547,-0.959418,0.272709,-0.98911,0.032954,-0.143539,0.001044,-0.004623,0.015423,-0.031264,-0.098345,0.179938,-0.876902,-0.190073,-0.006195,0.264107,-0.668453,0.664991,0.33309,-0.217443,-0.602881,0.767585,0.712079,0.439821,0.547142,-0.001295,-0.016261,-0.022135,-0.00331,0.034885,-0.045758,0.431509,0.026832,0.054374,-0.02919,0.602804,-0.665918,0.439522,0.181607,0.650907,0.737114,-0.776946,-0.364515,0.513305,-0.000645,-0.008239,-0.011216,-0.003316,0.031883,-0.042457,0.391446,0.049352,0.044466,-0.048618,-0.147308,0.199902,-0.968678,0.01946,0.979759,0.199229,0.988898,0.010497,-0.148217,0.000497,-0.002365,0.007653,-0.031037,-0.096499,0.176507,-0.86007
813,0.095855,-0.018888,0.317645,0.12986,-0.28046,-0.951065,-0.07106,-0.959332,0.27314,-0.989157,0.032455,-0.143324,0.002475,0.008322,0.009222,0.000453,-0.014646,0.024756,-0.880574,-0.190165,-0.006587,0.263682,-0.668196,0.664754,0.334079,-0.216721,-0.603347,0.767423,0.71254,0.439542,0.546766,-0.016422,-0.016769,-0.021742,0.006065,-0.070267,0.082907,0.434107,0.026792,0.05419,-0.029386,0.602484,-0.665597,0.440446,0.180932,0.651381,0.736862,-0.777351,-0.364257,0.512874,-0.000657,-0.00832,-0.011368,-0.003484,0.034193,-0.04547,0.393406,0.049403,0.044491,-0.048511,-0.147177,0.200362,-0.968604,0.018985,0.979659,0.199764,0.988927,0.011012,-0.147987,0.008621,0.003075,0.003912,0.00271,-0.132944,0.230184,-0.881135
814,0.096499,-0.01859,0.318025,0.127596,-0.280647,-0.951316,-0.081422,-0.958861,0.271896,-0.988651,0.043108,-0.144012,0.017702,0.007779,0.009567,0.001426,-0.029384,0.054357,-0.913053,-0.190474,-0.007294,0.262855,-0.667621,0.664164,0.336392,-0.215146,-0.604536,0.76693,0.713555,0.438801,0.546037,-0.016477,-0.01671,-0.021852,-0.005348,0.050074,-0.075016,0.436998,0.026637,0.053828,-0.029811,0.601784,-0.664821,0.442569,0.179505,0.652553,0.736173,-0.778224,-0.363574,0.512035,-0.000687,-0.008537,-0.01176,-0.005117,0.052103,-0.068812,0.397815,0.049708,0.044637,-0.048325,-0.144878,0.200714,-0.968877,0.029423,0.979649,0.198546,0.989011,0.000258,-0.147835,0.00881,0.003758,0.004636,0.00113,-0.030015,0.054892,-0.892892
815,0.097653,-0.018437,0.318368,0.119401,-0.282261,-0.951902,-0.115169,-0.956205,0.269035,-0.986305,0.077851,-0.145494,0.031558,-0.005389,0.016418,-1.614783,0.520978,-0.34475,-0.994317,-0.191127,-0.008245,0.262151,-0.666517,0.662997,0.340853,-0.211751,-0.606626,0.766225,0.7156,0.437684,0.544254,-0.031199,-0.029243,-0.014756,-0.043703,0.079036,-0.120473,0.448692,0.026316,0.053358,-0.030165,0.600381,-0.663272,0.446779,0.176329,0.654717,0.735018,-0.780031,-0.362511,0.510034,-0.008037,-0.014893,-0.008325,-0.043456,0.081143,-0.114249,0.406632,0.050304,0.04472,-0.048145,-0.136974,0.202511,-0.969653,0.062811,0.978685,0.195525,0.988581,-0.034123,-0.146774,0.015795,-0.002622,0.008261,-1.628941,0.535468,-0.347788,-0.910854
816,0.098401,-0.018378,0.318614,0.112469,-0.277249,-0.954217,-0.130957,-0.956047,0.26229,-0.985141,0.0958,-0.142644,0.032217,-0.002966,0.019015,-0.389781,0.535434,0.283132,-1.017092,-0.19159,-0.008815,0.261834,-0.664447,0.66381,0.343304,-0.209029,-0.605978,0.767483,0.718321,0.437348,0.54093,-0.015601,-0.041722,-0.00983,-0.091312,0.103965,-0.122696,0.457973,0.026079,0.053078,-0.030325,0.59798,-0.663903,0.449056,0.173354,0.65413,0.736248,-0.782539,-0.362417,0.506247,-0.015643,-0.014779,-0.007644,-0.029312,0.07912,-0.121718,0.41545,0.050664,0.044748,-0.048033,-0.13147,0.198902,-0.97116,0.079246,0.978637,0.189706,0.988147,-0.05202,-0.144424,0.023817,0.002728,0.004366,-1.457646,0.887235,0.160864,-0.918202
817,0.099995,-0.018247,0.319287,0.095633,-0.263737,-0.959866,-0.155115,-0.956432,0.247284,-0.983388,0.125563,-0.13118,0.033242,0.001023,0.023207,0.072961,0.369745,0.333071,-1.053264,-0.192798,-0.009967,0.261306,-0.663139,0.662262,0.348779,-0.204488,-0.608411,0.766783,0.720832,0.436321,0.538413,-0.031411,-0.028574,-0.014182,-0.045292,0.096377,-0.143461,0.468596,0.025481,0.052496,-0.03059,0.596376,-0.661792,0.454275,0.169162,0.656839,0.73481,-0.784677,-0.361377,0.503673,-0.015662,-0.013926,-0.006558,-0.043131,0.07851,-0.120997,0.436514,0.051461,0.044811,-0.047699,-0.11205,0.184888,-0.97635,0.103415,0.979372,0.173592,0.988305,-0.081518,-0.12886,0.024426,0.005118,0.006892,0.136507,0.452197,0.441381,-0.93649
818,0.101764,-0.017795,0.319897,0.067459,-0.240988,-0.968204,-0.180342,-0.957352,0.225667,-0.981385,0.159678,-0.106836,0.049127,0.011986,0.015449,0.087076,0.453347,0.435765,-1.119852,-0.194337,-0.010943,0.260752,-0.66946,0.658764,0.343284,-0.209006,-0.610355,0.764013,0.713659,0.438891,0.545828,-0.047271,-0.015466,-0.018647,0.376341,-0.246956,-0.351031,0.467826,0.024718,0.052001,-0.030867,0.602202,-0.660153,0.448943,0.173563,0.657152,0.733502,-0.779248,-0.363797,0.510316,-0.015686,-0.013157,-0.005585,0.383337,-0.416986,-0.19592,0.442393,0.05234,0.045034,-0.047389,-0.08214,0.162791,-0.983234,0.12841,0.980074,0.151541,0.988312,-0.11381,-0.101408,0.017355,0.00752,0.008944,0.01306,0.457571,0.638653,-0.973884
819,0.103578,-0.017485,0.320442,0.035038,-0.209403,-0.977225,-0.251228,-0.948246,0.194132,-0.96735,0.238959,-0.084615,0.047487,0.006707,0.00956,-5.737512,1.688135,0.228268,-1.231158,-0.195902,-0.011462,0.26025,-0.676311,0.658389,0.330332,-0.217888,-0.607049,0.764167,0.704484,0.444002,0.553559,-0.046859,-0.009799,-0.010806,0.047321,-0.132888,0.080749,0.47121,0.023934,0.051734,-0.031129,0.611444,-0.659684,0.43698,0.182808,0.655066,0.733122,-0.76988,-0.36838,0.521132,-0.015786,-0.004965,-0.005998,0.013806,-0.230236,0.24905,0.443699,0.05325,0.045202,-0.047103,-0.050151,0.132794,-0.989873,0.19375,0.973585,0.120793,0.979767,-0.18573,-0.074556,0.023259,-0.002521,0.008543,-1.515981,1.000285,0.900753,-1.014217
820,0.10459,-0.017534,0.320741,0.021197,-0.187162,-0.982124,-0.315465,-0.933386,0.171011,-0.94874,0.306427,-0.077605,0.046612,-0.004504,0.017598,-5.849995,1.430417,0.375802,-1.300723,-0.196748,-0.011538,0.260019,-0.67812,0.659546,0.324259,-0.221665,-0.604058,0.765449,0.701561,0.446351,0.55538,-0.047251,0.003462,-0.01598,0.039756,-0.067427,0.05827,0.472636,0.023511,0.051693,-0.031241,0.613631,-0.661501,0.431127,0.186042,0.651768,0.735245,-0.767361,-0.370961,0.523013,-0.023308,-0.00358,-0.003532,-0.01605,0.026343,-0.050922,0.447292,0.053733,0.045181,-0.046966,-0.034913,0.111619,-0.993137,0.257503,0.961195,0.098976,0.965646,-0.25228,-0.0623,0.023204,-0.002268,0.00861,-5.786788,1.79836,0.603967,-1.044425
821,0.106309,-0.017595,0.321641,0.005564,-0.11511,-0.99336,-0.428695,-0.897706,0.101571,-0.903451,0.425422,-0.053105,0.034391,0.015506,0.017887,-0.224374,1.353225,1.595364,-1.569664,-0.198506,-0.011533,0.259638,-0.678288,0.658828,0.325367,-0.221222,-0.605216,0.764663,0.701539,0.445845,0.555814,-0.046453,-0.004846,-0.003978,-0.006133,0.045616,-0.087736,0.472689,0.022632,0.051698,-0.031437,0.613681,-0.660777,0.432166,0.185712,0.652801,0.734412,-0.767401,-0.370436,0.523326,-0.023483,0.003218,-0.005908,0.028636,0.049613,-0.094346,0.450231,0.054617,0.045128,-0.046523,-0.015971,0.042076,-0.998986,0.380068,0.924374,0.032857,0.924819,-0.379158,-0.030755,0.024126,0.001076,0.012248,-1.56801,1.287735,1.587451,-1.084595
822,0.107355,-0.017026,0.322506,-0.005445,-0.027598,-0.999627,-0.513283,-0.857795,0.026425,-0.858205,0.513266,-0.008251,0.020558,0.021082,0.022842,-1.52344,1.378582,2.281741,-1.832455,-0.200044,-0.011416,0.259415,-0.678332,0.658096,0.326751,-0.22062,-0.60648,0.763834,0.701685,0.445209,0.556139,-0.031234,0.010329,-0.007385,0.03214,0.01606,-0.042583,0.47103,0.021857,0.05175,-0.031547,0.613616,-0.659948,0.433525,0.185224,0.654026,0.733445,-0.767572,-0.369754,0.523559,-0.015402,-0.000805,-0.000178,-0.014663,0.151164,-0.216924,0.450231,0.055145,0.045411,-0.046092,0.000778,-0.045129,-0.99898,0.465259,0.884289,-0.039585,0.885174,-0.464754,0.021685,0.010208,0.010593,0.011462,-5.776255,1.477642,1.990628,-1.10419
823,0.107653,-0.01656,0.323091,-0.003445,0.026648,-0.999662,-0.568971,-0.822098,-0.020007,-0.822356,0.568672,0.019238,0.020987,0.014691,0.035877,-1.628021,1.193073,2.477611,-1.903864,-0.200656,-0.011349,0.259405,-0.678082,0.657575,0.328317,-0.219708,-0.607488,0.763296,0.702213,0.444607,0.555954,-0.030606,0.000121,0.002039,-0.004089,0.030411,-0.058491,0.470146,0.021551,0.051788,-0.031555,0.613258,-0.659303,0.43501,0.184445,0.65503,0.732744,-0.768045,-0.369126,0.523308,-0.015492,0.00619,-0.002209,0.032287,0.016416,-0.042398,0.448925,0.05529,0.045631,-0.04582,0.002629,-0.097911,-0.995191,0.518905,0.850856,-0.08234,0.854827,-0.516193,0.053043,0.010965,0.013188,0.014129,-1.576396,1.311082,2.582242,-1.081656
824,0.108092,-0.015315,0.324255,0.019002,0.144874,-0.989291,-0.655958,-0.744897,-0.121737,-0.754587,0.651063,0.082108,0.00864,0.042154,0.023776,-0.73557,2.755963,0.523129,-1.914626,-0.201505,-0.011285,0.259458,-0.676169,0.658326,0.330749,-0.217582,-0.607209,0.764127,0.704715,0.443877,0.553365,-0.015243,0.00056,0.001713,-0.297574,0.251788,0.170345,0.467178,0.021122,0.051823,-0.031523,0.612128,-0.658747,0.437436,0.182682,0.656028,0.732294,-0.769367,-0.368346,0.521914,-0.007609,0.000399,0.001048,-0.557787,0.375249,0.281938,0.446965,0.055519,0.046259,-0.045217,-0.015811,-0.219286,-0.975532,0.614311,0.767664,-0.182517,0.788905,-0.602165,0.122572,0.004377,0.021211,0.012024,-1.564492,1.096182,2.894166,-1.09031
1214,0.133829,-0.029495,0.311992,-0.147539,-0.225596,-0.963008,0.150278,-0.967447,0.203558,-0.9774,-0.114413,0.177839,0.047628,0.018408,0.001154,-0.596763,-0.619744,-0.350403,-1.409869,-0.169075,-0.020765,0.273939,-0.6325,-0.580319,0.512996,0.719365,-0.19491,0.666677,-0.2861,0.791417,0.540063,-0.097662,0.055188,-0.054202,3.055812,3.897725,2.993016,0.53621,0.037367,0.04707,-0.024254,0.612522,0.593192,0.522436,-0.763619,0.273312,0.584966,0.204209,-0.757247,0.620382,-0.048339,0.022034,-0.022946,0.42393,0.310613,0.353805,0.520936,0.068372,0.039179,-0.051341,0.132479,0.160087,-0.978172,-0.202562,0.970416,0.131383,0.970266,0.180735,0.160988,0.016247,0.009729,0.000984,-1.762101,-0.616836,-0.121647,-0.980416
1215,0.13503,-0.028478,0.312155,-0.116218,-0.241539,-0.96343,0.083444,-0.968925,0.232796,-0.98958,-0.053045,0.133963,0.033724,0.036703,0.000594,-0.666258,-1.140637,-0.663751,-1.43445,-0.17306,-0.018742,0.271909,-0.665127,-0.540628,0.515091,0.707335,-0.235453,0.666464,-0.238192,0.808288,0.53833,-0.096439,0.043851,-0.046972,0.932151,1.356149,0.659001,0.537041,0.035416,0.048063,-0.025254,0.643097,0.552691,0.530053,-0.749747,0.313512,0.582742,0.155898,-0.772166,0.615997,-0.048185,0.021868,-0.023457,0.078419,0.112004,0.00163,0.520773,0.068971,0.039667,-0.051267,0.103202,0.173183,-0.979467,-0.137386,0.977768,0.158407,0.985126,0.118217,0.124701,0.01677,0.018243,-8.8e-05,-5.525651,0.025415,0.008697,-0.987764
1216,0.136239,-0.027072,0.312359,-0.092126,-0.266879,-0.95934,0.011949,-0.963643,0.266873,-0.995574,0.013448,0.093162,0.034191,0.040632,0.004822,-0.593071,-0.913641,-0.335193,-1.441345,-0.177006,-0.01682,0.270063,-0.688483,-0.512632,0.513023,0.696314,-0.269873,0.665018,-0.201592,0.815706,0.542077,-0.111368,0.045127,-0.044325,0.166579,-0.067023,0.036113,0.536891,0.033406,0.049042,-0.026201,0.667875,0.519415,0.533056,-0.735563,0.351397,0.579194,0.113527,-0.778927,0.616752,-0.047989,0.023166,-0.021989,0.176415,-0.399015,0.449767,0.522079,0.069595,0.040396,-0.051157,0.073943,0.199036,-0.977198,-0.063504,0.978831,0.194563,0.995238,0.047669,0.085018,0.017139,0.020525,0.002661,-0.576605,-0.851268,-0.28743,-0.985478
1217,0.136921,-0.026215,0.312447,-0.076351,-0.281277,-0.956608,-0.01843,-0.958826,0.283344,-0.996829,0.039607,0.069217,0.034309,0.04208,0.006313,-0.24669,-1.345719,-0.793007,-1.444644,-0.179039,-0.015901,0.269185,-0.698319,-0.499004,0.513164,0.691085,-0.283829,0.664663,-0.185141,0.819398,0.542378,-0.0959,0.046236,-0.044629,0.180732,0.100821,-0.106148,0.536481,0.03242,0.049488,-0.026626,0.67706,0.505523,0.534823,-0.729462,0.36488,0.578573,0.097336,-0.781862,0.615805,-0.055549,0.023028,-0.021602,0.438928,0.394764,0.118828,0.522405,0.069924,0.04081,-0.051115,0.060507,0.211041,-0.975602,-0.0332,0.977278,0.209344,0.997615,0.019723,0.066138,0.017182,0.021141,0.003287,-0.273366,-0.958797,-0.569035,-0.985804
1218,0.138206,-0.024181,0.312519,-0.062226,-0.298832,-0.952299,-0.11795,-0.945241,0.304269,-0.991004,0.131623,0.024759,0.034675,0.055335,0.000162,-5.454545,0.413267,-0.594002,-1.481112,-0.182665,-0.014529,0.267716,-0.714715,-0.469104,0.518764,0.683826,-0.313608,0.658761,-0.145441,0.826144,0.54424,-0.079694,0.035123,-0.038441,0.156891,0.071075,-0.078066,0.53638,0.030565,0.050191,-0.027376,0.691172,0.475533,0.544195,-0.720436,0.393964,0.570757,0.05702,-0.786549,0.614888,-0.047108,0.011163,-0.01554,0.171365,0.179771,-0.091409,0.522895,0.070566,0.041825,-0.051073,0.043659,0.228001,-0.97268,0.061398,0.971156,0.2304,0.997157,-0.06978,0.028401,0.017393,0.02791,0.000373,-0.215091,-0.8636,-0.511709,-1.000664
1219,0.139796,-0.021691,0.312256,-0.042141,-0.315439,-0.948034,-0.18141,-0.930671,0.31767,-0.982466,0.185756,-0.016823,0.04934,0.064534,-0.010282,-0.156389,-0.77681,-0.406465,-1.554357,-0.185924,-0.013546,0.266557,-0.734409,-0.429713,0.52534,0.671637,-0.349682,0.653116,-0.09603,0.833016,0.544726,-0.0787,0.026702,-0.027048,0.358695,0.378724,0.151504,0.536433,0.028935,0.050681,-0.027966,0.707972,0.436331,0.555327,-0.706195,0.428593,0.563556,0.007887,-0.791152,0.611567,-0.039328,0.013405,-0.01338,0.972021,1.15828,0.783408,0.523059,0.071338,0.043046,-0.051192,0.023053,0.244388,-0.969403,0.131097,0.960549,0.245274,0.991101,-0.13274,-0.009895,0.017261,0.032817,-0.004637,-1.722137,-0.787212,-0.556017,-1.030709
1220,0.141479,-0.019233,0.311782,-0.023289,-0.326012,-0.945103,-0.25623,-0.911819,0.320789,-0.96632,0.250035,-0.061121,0.033885,0.073702,-0.021045,-0.457584,-0.742444,-0.499004,-1.590933,-0.1886,-0.012793,0.265811,-0.750094,-0.394256,0.530954,0.658686,-0.375287,0.652094,-0.056892,0.839343,0.54049,-0.07724,0.005088,-0.010299,-0.333857,0.460954,0.154576,0.536224,0.027597,0.051068,-0.028343,0.720576,0.402395,0.564666,-0.69267,0.454468,0.560059,-0.031258,-0.794693,0.606205,-0.03127,0.008725,-0.008899,0.068068,0.161732,-0.267122,0.522895,0.072186,0.044278,-0.051419,0.004156,0.253293,-0.96738,0.205543,0.946516,0.248713,0.978638,-0.199872,-0.048129,0.024174,0.030524,-0.007344,-5.306932,0.451311,-0.820534,-1.032669
1221,0.142351,-0.017979,0.3114,-0.019922,-0.33492,-0.94206,-0.299783,-0.896876,0.32514,-0.953788,0.289303,-0.081361,0.033159,0.06046,-0.015217,-0.540861,-0.927036,-0.69022,-1.620464,-0.189871,-0.012592,0.265538,-0.754701,-0.377791,0.536369,0.65477,-0.38467,0.650569,-0.038508,0.842642,0.536969,-0.061988,0.005593,-0.010967,-0.168245,0.327021,0.08874,0.536071,0.026973,0.051167,-0.028474,0.724151,0.385627,0.571748,-0.687879,0.463106,0.558885,-0.049259,-0.798012,0.600624,-0.031011,0.002421,-0.005951,-0.172175,0.814088,0.478072,0.522895,0.072622,0.044907,-0.051607,0.000932,0.261522,-0.965196,0.24972,0.934557,0.253461,0.968317,-0.241266,-0.064437,0.023978,0.034722,-0.012964,-5.32754,0.840609,-0.736266,-1.040833
1222,0.144088,-0.015403,0.310466,-0.024717,-0.353194,-0.935248,-0.386796,-0.859277,0.33467,-0.921816,0.370457,-0.11421,0.047407,0.068223,-0.027041,-5.294082,0.814905,-1.003986,-1.689838,-0.192187,-0.01264,0.265228,-0.771073,-0.323861,0.548227,0.636381,-0.416319,0.649332,0.018909,0.849953,0.526388,-0.061538,-0.006796,-0.004856,0.067555,0.616824,0.295811,0.534271,0.025798,0.051152,-0.028632,0.736828,0.331676,0.589131,-0.667781,0.493158,0.557551,-0.105609,-0.804229,0.58486,-0.030767,-0.003369,-0.002349,0.619832,1.354782,1.143291,0.522895,0.073522,0.046244,-0.052089,0.003311,0.281432,-0.959575,0.338798,0.902513,0.265865,0.940853,-0.325982,-0.09236,0.023651,0.033865,-0.013921,-5.269187,0.905953,-0.937015,-1.071042
1223,0.145605,-0.012902,0.309174,-0.021361,-0.363963,-0.931193,-0.457099,-0.824788,0.332802,-0.889145,0.433205,-0.147588,0.031148,0.060184,-0.035786,-1.585621,-0.308414,-0.276482,-1.770029,-0.194515,-0.012848,0.26511,-0.79269,-0.23856,0.561002,0.599298,-0.472753,0.645973,0.112102,0.848547,0.516976,-0.061453,-0.00479,-0.002322,3.081458,3.850522,2.879586,0.530585,0.024633,0.051045,-0.028695,0.75203,0.250578,0.60964,-0.630233,0.544215,0.553746,-0.193019,-0.800649,0.567189,-0.030677,-0.002119,-0.000729,0.172233,0.409524,0.391884,0.523222,0.074269,0.04748,-0.052712,-0.00074,0.292711,-0.9562,0.411066,0.871766,0.266546,0.911604,-0.392864,-0.120969,0.015557,0.035051,-0.02274,-5.481977,0.470254,-0.453983,-1.110721
1224,0.146184,-0.011649,0.30829,-0.02353,-0.372051,-0.927939,-0.489899,-0.804807,0.335047,-0.871444,0.462939,-0.162173,0.01594,0.06745,-0.04811,-0.385742,-0.774013,-0.479392,-1.800123,-0.195736,-0.012916,0.265084,-0.800527,-0.205674,0.56289,0.580889,-0.496648,0.644858,0.147926,0.843446,0.516313,-0.061453,-0.004357,-0.001849,0.947474,1.177693,0.74043,0.525403,0.024,0.05101,-0.028708,0.759116,0.212969,0.615131,-0.607757,0.570378,0.55254,-0.233183,-0.793292,0.562416,-0.030712,-0.002133,-0.000818,0.964601,1.184891,0.735461,0.523222,0.07457,0.048131,-0.053166,0.001732,0.300219,-0.953868,0.44616,0.853436,0.269419,0.89495,-0.426045,-0.132468,0.007942,0.033243,-0.02457,-0.368853,-0.693812,-0.435035,-1.108435
1225,0.146962,-0.00919,0.306112,-0.040332,-0.382418,-0.923134,-0.55967,-0.756697,0.337865,-0.827695,0.530749,-0.182358,0.029102,0.056768,-0.059404,-1.376297,0.107883,-0.425465,-1.890816,-0.198404,-0.013018,0.264945,-0.815711,-0.107942,0.568291,0.523825,-0.55423,0.646815,0.246161,0.82542,0.507887,-0.061765,-0.006348,-0.004906,0.700974,1.470093,0.957994,0.510372,0.02269,0.050966,-0.028769,0.768601,0.117833,0.628781,-0.549293,0.625373,0.554242,-0.327915,-0.771377,0.545388,-0.038855,0.002676,-0.005501,2.791979,4.191266,3.094133,0.514731,0.074949,0.049342,-0.054231,0.016607,0.313199,-0.949541,0.517501,0.809885,0.276186,0.855521,-0.495976,-0.148631,0.007247,0.028795,-0.029347,-4.962994,1.328313,-1.187695,-1.101087
1226,0.147336,-0.007143,0.303583,-0.040155,-0.393403,-0.918513,-0.61195,-0.716991,0.333786,-0.789836,0.575974,-0.210807,-0.001466,0.048398,-0.068498,-5.027862,1.265522,-1.215569,-1.908391,-0.201299,-0.012972,0.264248,-0.818827,-0.007098,0.573989,0.462781,-0.599498,0.65297,0.340488,0.800295,0.493416,-0.078879,0.010195,-0.028598,-0.338058,0.728666,0.353982,0.483486,0.021219,0.050993,-0.029109,0.766214,0.016583,0.642369,-0.485872,0.669164,0.562269,-0.420527,-0.742928,0.520781,-0.039454,0.004754,-0.014744,-0.285663,0.686034,0.327757,0.489421,0.075147,0.05037,-0.055489,0.014358,0.32425,-0.945862,0.568682,0.77542,0.274453,0.822432,-0.541835,-0.173262,-0.00071,0.023982,-0.034475,-0.227265,-1.007214,0.397994,-1.107945
1227,0.146917,-0.005628,0.300731,-0.050896,-0.405819,-0.91256,-0.658722,-0.673155,0.336035,-0.750608,0.618729,-0.231924,-0.017766,0.026693,-0.072164,-0.31078,-0.190206,-0.157483,-1.894792,-0.20408,-0.012977,0.263024,-0.813592,0.120335,0.568839,0.372692,-0.642782,0.669227,0.447181,0.756315,0.477368,-0.064189,-0.007791,-0.031525,0.457416,1.988207,1.239559,0.437324,0.019877,0.050997,-0.029696,0.756347,-0.104574,0.645757,-0.399569,0.707749,0.58261,-0.51796,-0.698681,0.493519,-0.03231,0.00157,-0.019918,0.675585,1.550335,1.167088,0.438964,0.07495,0.051128,-0.056885,0.025837,0.338181,-0.940725,0.621128,0.731915,0.280175,0.783282,-0.591551,-0.191143,-0.008891,0.013269,-0.036158,-4.902803,1.308802,-1.205111,-1.10223
1228,0.146551,-0.005297,0.299357,-0.054156,-0.41463,-0.908402,-0.672982,-0.656912,0.339903,-0.737615,0.63026,-0.242331,-0.033399,0.010317,-0.070164,0.026261,-0.605168,-0.332736,-1.894886,-0.205203,-0.013179,0.262313,-0.80144,0.201841,0.56298,0.31171,-0.662208,0.68136,0.511329,0.721288,0.467064,-0.049679,-0.012848,-0.039811,2.817676,4.801263,3.476033,0.425136,0.019286,0.050898,-0.030056,0.740995,-0.186352,0.645133,-0.339072,0.725417,0.598998,-0.579616,-0.662602,0.474345,-0.032522,-0.006575,-0.019675,0.336331,1.939274,1.721859,0.412184,0.074767,0.05131,-0.057599,0.029687,0.345782,-0.937844,0.637212,0.71634,0.284284,0.770116,-0.606045,-0.199071,-0.009424,0.00417,-0.0361,-0.100954,-0.833757,-0.495562,-1.100597
1229,0.145898,-0.005195,0.297877,-0.054351,-0.422619,-0.904701,-0.674386,-0.652632,0.345324,-0.736318,0.62941,-0.248409,-0.034126,0.005828,-0.075519,0.185888,-0.479701,-0.298683,-1.906241,-0.206228,-0.013575,0.261455,-0.772741,0.294864,0.562066,0.246305,-0.676673,0.693817,0.585872,0.674197,0.449528,-0.050436,-0.017076,-0.046222,0.633233,2.129936,1.731028,0.41751,0.018389,0.050457,-0.030951,0.671099,-0.356011,0.650293,-0.223188,0.739443,0.635145,-0.706974,-0.571383,0.416782,-0.017892,-0.010627,-0.026683,0.224952,1.95227,1.857079,0.379526,0.07444,0.05136,-0.05834,0.029271,0.354338,-0.934658,0.638924,0.712467,0.290112,0.768711,-0.605669,-0.20554,-0.02432,0.003199,-0.037455,0.421077,-0.231771,-1.117389,-1.096678
1230,0.142561,-0.006,0.293894,-0.121648,-0.457924,-0.880655,-0.676474,-0.611022,0.411104,-0.72621,0.646319,-0.234345,-0.065768,-0.023129,-0.068921,-1.088868,0.830194,-1.56897,-1.91151,-0.207673,-0.015014,0.258348,-0.657074,0.501164,0.563098,0.120992,-0.667053,0.735075,0.744816,0.550489,0.376928,-0.00557,-0.024363,-0.06043,-0.709055,1.405848,1.507146,0.368534,0.018032,0.049969,-0.032061,0.580687,-0.483379,0.655092,-0.149159,0.727868,0.669297,-0.800345,-0.486365,0.350563,-0.002819,-0.012387,-0.030514,-0.689113,1.390965,1.50541,0.332009,0.072783,0.050961,-0.060342,0.092858,0.395832,-0.913615,0.642382,0.677249,0.358715,0.760737,-0.6202,-0.191388,-0.04037,-0.017151,-0.03046,-3.71172,3.348691,-4.241281,-1.087534
1231,0.141007,-0.006623,0.292687,-0.160331,-0.474332,-0.865649,-0.68275,-0.580064,0.44424,-0.712657,0.662836,-0.229769,-0.081109,-0.033047,-0.060431,-0.140712,0.191808,-1.659627,-1.911334,-0.207598,-0.015427,0.257099,-0.594897,0.571291,0.565433,0.071589,-0.66287,0.74526,0.801296,0.483104,0.352701,0.009737,-0.025505,-0.063401,0.455959,2.107182,1.959546,0.366662,0.018066,0.04977,-0.032664,0.515542,-0.549583,0.657399,-0.102731,0.722038,0.684183,-0.850683,-0.42026,0.315781,0.005056,-0.012864,-0.031712,3.196035,6.388085,3.317906,0.318945,0.072011,0.050647,-0.060956,0.131256,0.414397,-0.900581,0.651294,0.648836,0.393481,0.747387,-0.63819,-0.184731,-0.040565,-0.01717,-0.030885,-0.360055,1.367679,-3.599846,-1.083942
1232,0.137046,-0.007795,0.290522,-0.212153,-0.503655,-0.837478,-0.689091,-0.530569,0.493581,-0.692678,0.682438,-0.233457,-0.110975,-0.026333,-0.054783,-0.139378,-0.464352,-1.262083,-1.902595,-0.206797,-0.016522,0.254278,-0.373646,0.721339,0.583138,-0.076844,-0.650472,0.75559,0.924796,0.236603,0.297716,0.024408,-0.032257,-0.075739,3.824724,6.817657,2.360319,0.37993,0.018455,0.049243,-0.034035,0.296309,-0.685877,0.66466,0.037895,0.703807,0.709379,-0.95434,-0.185008,0.234536,0.01237,-0.016176,-0.038078,3.56648,6.452529,2.939284,0.316823,0.07004,0.050051,-0.062051,0.182201,0.447705,-0.875421,0.660531,0.60378,0.446259,0.728354,-0.659552,-0.185714,-0.055436,-0.01319,-0.02735,-0.043947,0.024466,-0.943956,-1.087698
1233,0.132515,-0.008815,0.288343,-0.257606,-0.519873,-0.814504,-0.699404,-0.48131,0.528343,-0.666387,0.706419,-0.238596,-0.112023,-0.025173,-0.055209,-0.126674,-0.060744,-1.012162,-1.882639,-0.205791,-0.018075,0.251056,-0.152778,0.771552,0.617542,-0.192235,-0.636037,0.747286,0.969515,-0.005509,0.244688,0.023696,-0.038595,-0.087578,2.504007,6.694402,-0.639082,0.414656,0.018952,0.048477,-0.03564,0.067469,-0.727606,0.682668,0.157919,0.68339,0.712768,-0.985143,0.059717,0.161011,0.011879,-0.019514,-0.044325,3.428489,5.295147,1.338457,0.350134,0.067823,0.049546,-0.063116,0.225741,0.468998,-0.853862,0.673683,0.55797,0.48458,0.703697,-0.684623,-0.189999,-0.055995,-0.012907,-0.027893,-0.579636,-0.099001,-1.359944,-1.064184
1234,0.128195,-0.009703,0.286212,-0.303444,-0.521499,-0.7975,-0.714858,-0.428806,0.552336,-0.629645,0.738351,-0.241683,-0.113023,-0.024118,-0.055713,-0.128201,-0.270822,-0.924585,-1.869823,-0.204067,-0.019582,0.247705,-0.046661,0.754879,0.654196,-0.236766,-0.644499,0.726978,0.970441,-0.12191,0.207954,0.055794,-0.036426,-0.088163,-0.061858,0.566444,-0.517477,0.435021,0.019813,0.047693,-0.037361,-0.049492,-0.703194,0.709272,0.206669,0.687563,0.696092,-0.977158,0.181035,0.1113,0.027914,-0.018129,-0.043838,0.002425,0.766603,-0.829344,0.387854,0.065616,0.049098,-0.064203,0.272289,0.473294,-0.837765,0.691991,0.50865,0.512271,0.668584,-0.719212,-0.189015,-0.056358,-0.011581,-0.02719,0.016239,0.349351,-0.701674,-1.057652
1235,0.125881,-0.01024,0.285163,-0.3135,-0.519741,-0.794753,-0.72133,-0.413999,0.555211,-0.617211,0.747985,-0.244124,-0.113915,-0.034217,-0.047303,-0.14646,-0.169551,-0.84054,-1.868307,-0.20276,-0.020272,0.245973,-0.030222,0.744443,0.666996,-0.235237,-0.65375,0.719172,0.971442,-0.136094,0.194014,0.072306,-0.033236,-0.085141,-0.09666,0.498436,-0.385052,0.436656,0.020459,0.047342,-0.038235,-0.065734,-0.690895,0.719959,0.206638,0.696454,0.687205,-0.976206,0.193944,0.096985,0.036163,-0.01669,-0.04264,-0.115651,0.609041,-0.534904,0.398468,0.064459,0.048832,-0.064732,0.282333,0.47199,-0.835172,0.699261,0.494755,0.515994,0.65675,-0.729686,-0.190358,-0.056641,-0.011379,-0.027418,0.032016,0.344706,-0.485786,-1.062877
1236,0.121644,-0.011505,0.283469,-0.333497,-0.51521,-0.789546,-0.723255,-0.397406,0.564751,-0.604328,0.760028,-0.239109,-0.114791,-0.041199,-0.035715,-0.078846,0.244002,-0.375672,-1.886217,-0.199587,-0.021242,0.242922,0.002765,0.72566,0.688042,-0.248254,-0.665903,0.703475,0.968623,-0.173655,0.177417,0.089549,-0.011913,-0.079774,0.119421,0.58774,-0.52172,0.447085,0.022038,0.04684,-0.039776,-0.099015,-0.66921,0.736446,0.221196,0.706765,0.671978,-0.970189,0.229435,0.078045,0.045095,-0.011473,-0.03565,0.339269,0.823617,-0.491687,0.408265,0.06234,0.048198,-0.065588,0.302415,0.471151,-0.82859,0.701956,0.477996,0.527993,0.644827,-0.741307,-0.186174,-0.049493,-0.015386,-0.021882,-0.124222,0.262129,-0.327758,-1.077574
1237,0.11789,-0.012754,0.281945,-0.373437,-0.497329,-0.783105,-0.730597,-0.362555,0.578579,-0.571206,0.788817,-0.226978,-0.084079,-0.028272,-0.041269,-0.001547,0.180352,-0.253754,-1.882349,-0.195718,-0.021661,0.240679,0.018224,0.715339,0.698534,-0.252632,-0.672582,0.695517,0.967302,-0.190035,0.167558,0.092577,-0.006555,-0.045252,0.00568,0.314035,-0.346059,0.475159,0.02397,0.046616,-0.040931,-0.114652,-0.657304,0.744852,0.226591,0.712728,0.663833,-0.967218,0.244887,0.067223,0.054347,-0.002622,-0.022142,0.017036,0.279659,-0.337911,0.436351,0.060451,0.047567,-0.066349,0.343527,0.455636,-0.821208,0.71124,0.444805,0.54432,0.61329,-0.771066,-0.171264,-0.042007,-0.014148,-0.020605,-0.020793,0.049312,-0.10385,-1.097495
1238,0.116293,-0.013338,0.281181,-0.386227,-0.489913,-0.781574,-0.731833,-0.353049,0.58288,-0.561021,0.797717,-0.221202,-0.069719,-0.040103,-0.033717,-0.005136,0.267997,-0.176917,-1.865199,-0.193562,-0.021682,0.239986,0.019341,0.717739,0.696037,-0.255787,-0.669344,0.697486,0.96645,-0.192417,0.169743,0.1096,0.002756,-0.031204,0.751785,-1.028422,2.022164,0.485582,0.025007,0.046597,-0.041277,-0.116059,-0.657911,0.744099,0.22896,0.711264,0.66459,-0.966492,0.247501,0.068087,0.054915,0.002008,-0.014582,0.021214,0.136221,-0.130263,0.45268,0.059648,0.04728,-0.066734,0.356633,0.449316,-0.819101,0.713015,0.435621,0.549402,0.603673,-0.779967,-0.165012,-0.03446,-0.014159,-0.020447,0.037346,0.160957,0.024542,-1.095209
1239,0.114045,-0.014454,0.27994,-0.381229,-0.489562,-0.784244,-0.738428,-0.349178,0.576863,-0.555784,0.799635,-0.22741,-0.036543,-0.021147,-0.030239,-0.01384,0.070334,-0.112681,-1.86375,-0.189353,-0.021665,0.23952,0.018469,0.72097,0.692714,-0.260745,-0.66528,0.699534,0.965143,-0.194436,0.174807,0.096156,-0.008869,0.003941,0.004977,0.098408,-0.209709,0.4936,0.027153,0.046616,-0.041526,-0.114245,-0.66319,0.739679,0.234099,0.705617,0.668806,-0.965476,0.249566,0.074639,0.055834,0.002468,-0.000669,0.054036,-0.072741,0.000988,0.473255,0.058495,0.046696,-0.067381,0.351746,0.448462,-0.821678,0.719882,0.431495,0.543673,0.598367,-0.782747,-0.171064,-0.018136,-0.010117,-0.014477,-0.008917,0.073514,-0.123979,-1.101904
1240,0.113043,-0.01506,0.279262,-0.373253,-0.489467,-0.78813,-0.745825,-0.346957,0.568627,-0.551315,0.800659,-0.23457,-0.017549,-0.007432,-0.011065,-1.387418,-0.995887,2.107147,-1.801628,-0.185335,-0.021637,0.240061,0.005976,0.724681,0.689052,-0.270108,-0.662177,0.698925,0.962739,-0.191195,0.190894,0.097027,0.002845,0.023021,0.123489,-0.187698,-0.113678,0.492023,0.029199,0.046629,-0.04125,-0.101466,-0.667529,0.737637,0.243439,0.702262,0.669003,-0.964593,0.247451,0.091247,0.048583,0.002071,0.012543,0.098336,-0.16625,-0.105496,0.476521,0.057998,0.046387,-0.067728,0.346093,0.44779,-0.82444,0.725675,0.429205,0.537752,0.594654,-0.784389,-0.176406,-0.001055,-0.004153,-0.005547,0.004361,0.020269,-0.031556,-1.10468
1241,0.113145,-0.015223,0.279327,-0.348268,-0.492872,-0.797391,-0.762873,-0.345328,0.546575,-0.544327,0.799277,-0.254736,0.001173,0.004583,0.006143,-1.403072,-1.162179,2.361921,-1.680573,-0.181618,-0.021475,0.241375,-0.015639,0.735906,0.676896,-0.283587,-0.65234,0.702826,0.958775,-0.181881,0.218018,0.097253,0.010824,0.035493,0.373717,-0.66317,0.097856,0.494356,0.031022,0.046711,-0.040597,-0.0809,-0.680728,0.728054,0.254924,0.692022,0.675365,-0.96357,0.240235,0.117549,0.041103,-0.000152,0.022675,0.482116,-0.977397,0.631371,0.47897,0.058043,0.046301,-0.0677,0.321008,0.449145,-0.833799,0.74282,0.426742,0.515856,0.587512,-0.784957,-0.196647,0.008297,0.001845,0.003026,-0.024148,-0.044821,0.097108,-1.061081
